[name]
unknown

[dist]
# distance from previous block
# <min> <max>
0	21

[block]
# block no. 0 follows, 45 sequences, length 23
# corresponding to MSA columns:
# 401-423
name=unknown_A
#
# <colnr> <probs for GDERKNQSTAVLIFYWHMCP>
#	G	D	E	R	K	N	Q	S	T	A	V	L	I	F	Y	W	H	M	C	P
0	0.05552	0.00899	0.01137	0.01197	0.10462	0.00924	0.00839	0.01850	0.22165	0.11334	0.19923	0.02919	0.02462	0.00872	0.00578	0.00180	0.00423	0.12124	0.00510	0.03651
1	0.12471	0.01035	0.01159	0.01367	0.18811	0.10311	0.00843	0.01385	0.01342	0.03489	0.31813	0.02655	0.09585	0.00822	0.00549	0.00164	0.00457	0.00695	0.00435	0.00614
2	0.43247	0.01053	0.01239	0.18164	0.13878	0.01179	0.00968	0.03809	0.01091	0.05188	0.02686	0.01196	0.00804	0.00525	0.00431	0.00165	0.00518	0.00393	0.00327	0.03138
3	0.75889	0.01054	0.00857	0.00747	0.01089	0.01203	0.00616	0.05411	0.01032	0.06898	0.00855	0.00949	0.00642	0.00515	0.00355	0.00166	0.00427	0.00315	0.00362	0.00618
4	0.07266	0.01159	0.01841	0.15283	0.41198	0.01205	0.04867	0.06498	0.01283	0.08058	0.01197	0.03833	0.00986	0.00575	0.00534	0.00169	0.00616	0.02331	0.00329	0.00771
5	0.00760	0.00495	0.00656	0.00750	0.00800	0.00461	0.00504	0.00854	0.01042	0.05659	0.02837	0.71826	0.03332	0.06281	0.00797	0.00233	0.00332	0.01427	0.00497	0.00456
6	0.01270	0.01226	0.01920	0.05376	0.30175	0.05112	0.15953	0.05840	0.08960	0.01881	0.11074	0.05864	0.01594	0.00656	0.00572	0.00170	0.00620	0.00633	0.00364	0.00741
7	0.05735	0.10364	0.00893	0.00715	0.00818	0.00721	0.00511	0.00927	0.00971	0.01330	0.02293	0.35374	0.06401	0.26052	0.01257	0.00295	0.00420	0.04077	0.00402	0.00444
8	0.05650	0.01178	0.01946	0.02863	0.64426	0.01198	0.01473	0.01560	0.01162	0.01726	0.01048	0.01399	0.00896	0.00910	0.10052	0.00245	0.00723	0.00480	0.00272	0.00791
9	0.71480	0.06398	0.00995	0.00779	0.01120	0.05646	0.00647	0.04609	0.01024	0.02311	0.00774	0.00893	0.00608	0.00505	0.00350	0.00161	0.00464	0.00301	0.00331	0.00604
10	0.35979	0.15337	0.09060	0.04257	0.07191	0.01349	0.00933	0.06891	0.02407	0.02059	0.04069	0.01148	0.00878	0.00525	0.00410	0.00152	0.00514	0.00371	0.00323	0.06146
11	0.01172	0.07181	0.08007	0.01218	0.10841	0.00958	0.00904	0.09937	0.03593	0.07295	0.10192	0.22586	0.06330	0.02356	0.00614	0.00182	0.00464	0.03000	0.00445	0.02726
12	0.06110	0.03351	0.01372	0.03647	0.16465	0.01991	0.00918	0.11423	0.06346	0.12231	0.10883	0.03663	0.01595	0.05366	0.00644	0.00174	0.00490	0.00559	0.00432	0.12341
13	0.06671	0.05178	0.01456	0.04928	0.27823	0.01022	0.01027	0.05866	0.02966	0.06318	0.03522	0.25072	0.01775	0.00879	0.00554	0.00175	0.00491	0.00783	0.00392	0.03101
14	0.03504	0.01168	0.01777	0.05462	0.44372	0.01196	0.01306	0.10007	0.03360	0.11465	0.07904	0.01628	0.01291	0.00595	0.00568	0.00165	0.02512	0.00528	0.00381	0.00812
15	0.05883	0.01271	0.04831	0.04251	0.31739	0.03071	0.01202	0.12937	0.05620	0.08459	0.01262	0.04590	0.01019	0.00578	0.00511	0.00155	0.00565	0.00498	0.00373	0.11186
16	0.01383	0.01242	0.01936	0.11912	0.47061	0.02671	0.04471	0.11756	0.01405	0.03857	0.03148	0.01568	0.04045	0.00564	0.00543	0.00164	0.00629	0.00523	0.00328	0.00796
17	0.01292	0.01209	0.01953	0.17892	0.52454	0.01286	0.01515	0.04494	0.07888	0.01776	0.01108	0.01404	0.00893	0.00526	0.00555	0.00167	0.02007	0.00489	0.00295	0.00799
18	0.06436	0.01333	0.08481	0.06085	0.35832	0.01248	0.01333	0.12202	0.05076	0.08374	0.01247	0.04551	0.01004	0.00595	0.00554	0.00167	0.02522	0.00511	0.00360	0.02089
19	0.01317	0.01308	0.06557	0.08276	0.42248	0.01283	0.06286	0.06101	0.03865	0.04129	0.02392	0.01509	0.03202	0.00589	0.00664	0.00172	0.08495	0.00516	0.00309	0.00782
20	0.05766	0.01281	0.05721	0.13315	0.43525	0.01264	0.01430	0.07586	0.05188	0.05703	0.01119	0.01360	0.00875	0.00529	0.00537	0.00164	0.01693	0.00472	0.00320	0.02151
21	0.01360	0.01210	0.01914	0.05636	0.42329	0.01305	0.04427	0.05397	0.03171	0.06212	0.01159	0.01433	0.02602	0.00614	0.00777	0.00175	0.16225	0.00500	0.00310	0.03245
22	0.01342	0.08729	0.03825	0.11399	0.40673	0.02327	0.01369	0.05924	0.02988	0.04882	0.04996	0.01511	0.02312	0.00578	0.00586	0.00163	0.04814	0.00497	0.00315	0.00770

[dist]
# distance from previous block
# <min> <max>
0	44

[block]
# block no. 1 follows, 45 sequences, length 31
# corresponding to MSA columns:
# 469-499
name=unknown_B
#
# <colnr> <probs for GDERKNQSTAVLIFYWHMCP>
#	G	D	E	R	K	N	Q	S	T	A	V	L	I	F	Y	W	H	M	C	P
0	0.11664	0.07833	0.08433	0.06347	0.02781	0.03502	0.03666	0.15056	0.08015	0.07314	0.04763	0.06200	0.01265	0.00866	0.05335	0.00205	0.00604	0.00532	0.00400	0.05218
1	0.07539	0.05947	0.06298	0.07615	0.05308	0.01180	0.03795	0.15336	0.10607	0.11552	0.05642	0.01905	0.08711	0.00682	0.00520	0.00162	0.00518	0.00558	0.00439	0.05684
2	0.09094	0.06199	0.04880	0.05618	0.06911	0.01203	0.08213	0.13839	0.07455	0.14605	0.04682	0.01486	0.01129	0.00575	0.00501	0.00154	0.00547	0.00482	0.00420	0.12007
3	0.02877	0.08959	0.09761	0.02487	0.09057	0.05814	0.01024	0.08169	0.07795	0.21562	0.07273	0.01603	0.01316	0.00608	0.00503	0.00152	0.00543	0.00489	0.00439	0.09572
4	0.02612	0.13003	0.18651	0.03203	0.04293	0.03208	0.05165	0.14611	0.04798	0.07144	0.02825	0.01355	0.02184	0.00560	0.00506	0.00148	0.01790	0.00444	0.00357	0.13142
5	0.06986	0.10772	0.17543	0.01361	0.08586	0.01295	0.04051	0.07241	0.08974	0.11373	0.04927	0.01442	0.01112	0.00602	0.00583	0.00162	0.06237	0.00467	0.00373	0.05912
6	0.04686	0.06135	0.13458	0.03250	0.03446	0.02389	0.02882	0.14383	0.05932	0.21270	0.01512	0.07495	0.01176	0.00666	0.00532	0.00161	0.01599	0.00539	0.00444	0.08043
7	0.01531	0.08124	0.15392	0.02560	0.07330	0.03998	0.08625	0.08777	0.09290	0.16355	0.03430	0.01539	0.02476	0.00586	0.00518	0.00157	0.00602	0.00496	0.00403	0.07810
8	0.02861	0.08209	0.11711	0.02477	0.01584	0.02618	0.03507	0.12642	0.10913	0.17153	0.03447	0.03850	0.01189	0.00614	0.00501	0.00151	0.00536	0.00497	0.00436	0.15105
9	0.04128	0.08861	0.10967	0.03536	0.01241	0.00923	0.00788	0.04480	0.03210	0.07962	0.08160	0.07541	0.01735	0.23785	0.02569	0.00272	0.00526	0.00639	0.00378	0.08297
10	0.03481	0.09107	0.20297	0.04437	0.03763	0.01254	0.12885	0.08307	0.07187	0.04429	0.04609	0.04323	0.01138	0.00593	0.00536	0.00159	0.01953	0.00514	0.00343	0.10687
11	0.00885	0.00699	0.00877	0.03908	0.01120	0.00639	0.00654	0.01142	0.05752	0.01559	0.02237	0.30274	0.04197	0.05589	0.00713	0.00197	0.00403	0.14620	0.00430	0.24105
12	0.01272	0.01270	0.06429	0.04457	0.12117	0.07285	0.09562	0.13154	0.08053	0.02112	0.24866	0.02244	0.03354	0.00738	0.00573	0.00167	0.00557	0.00654	0.00434	0.00702
13	0.01228	0.01073	0.03870	0.01901	0.31721	0.00990	0.06666	0.06045	0.01353	0.07621	0.09768	0.02498	0.16780	0.00759	0.00570	0.00166	0.00521	0.02173	0.00398	0.03899
14	0.01069	0.01079	0.07937	0.08566	0.06406	0.03072	0.09508	0.02602	0.10759	0.03787	0.17345	0.12473	0.05188	0.03254	0.00668	0.00188	0.01811	0.00775	0.02880	0.00634
15	0.01350	0.03368	0.04851	0.12987	0.20733	0.03121	0.12373	0.06874	0.13216	0.06674	0.05218	0.04287	0.01274	0.00620	0.00554	0.00171	0.00623	0.00575	0.00373	0.00760
16	0.84927	0.01038	0.00789	0.00706	0.01038	0.01204	0.00581	0.01578	0.00914	0.02408	0.00747	0.00872	0.00581	0.00498	0.00332	0.00166	0.00415	0.00291	0.00332	0.00581
17	0.01604	0.01255	0.01420	0.04419	0.01607	0.01400	0.03172	0.32593	0.34412	0.04866	0.04354	0.01809	0.03213	0.00703	0.00550	0.00172	0.00511	0.00575	0.00525	0.00842
18	0.84927	0.01038	0.00789	0.00706	0.01038	0.01204	0.00581	0.01578	0.00914	0.02408	0.00747	0.00872	0.00581	0.00498	0.00332	0.00166	0.00415	0.00291	0.00332	0.00581
19	0.01141	0.01052	0.01674	0.52317	0.09814	0.01261	0.04051	0.06835	0.04316	0.01593	0.01078	0.03795	0.00868	0.00612	0.00647	0.00182	0.07308	0.00519	0.00284	0.00652
20	0.00651	0.00533	0.00575	0.00589	0.00742	0.00457	0.00433	0.00794	0.01227	0.01517	0.13144	0.16429	0.58289	0.01379	0.00642	0.00185	0.00276	0.01174	0.00509	0.00457
21	0.01056	0.00832	0.00957	0.00927	0.01105	0.00905	0.00690	0.09568	0.28167	0.01920	0.05328	0.36398	0.02511	0.01353	0.05442	0.00237	0.00449	0.01007	0.00510	0.00640
22	0.01788	0.01319	0.01469	0.01187	0.01537	0.01491	0.00966	0.41347	0.23398	0.09514	0.01560	0.01529	0.01136	0.00699	0.00660	0.00175	0.08320	0.00522	0.00521	0.00863
23	0.01997	0.01482	0.01586	0.01226	0.01648	0.01644	0.01010	0.71492	0.07100	0.03313	0.01344	0.01333	0.00958	0.00650	0.00538	0.00162	0.00580	0.00491	0.00538	0.00909
24	0.75286	0.01080	0.00870	0.00762	0.01101	0.01246	0.00626	0.07592	0.03761	0.02481	0.00842	0.00946	0.00646	0.00518	0.00356	0.00166	0.00430	0.00317	0.00356	0.00618
25	0.01444	0.01251	0.01407	0.01194	0.01526	0.04558	0.06553	0.11502	0.55071	0.03716	0.04458	0.01895	0.01558	0.00701	0.00552	0.00177	0.00499	0.00594	0.00517	0.00828
26	0.01173	0.00863	0.00986	0.00887	0.01126	0.00915	0.00686	0.02002	0.36488	0.09263	0.30833	0.02947	0.07771	0.00902	0.00584	0.00176	0.00353	0.00772	0.00571	0.00701
27	0.00732	0.00533	0.00689	0.00681	0.00793	0.00490	0.00499	0.00947	0.01407	0.01960	0.58793	0.18658	0.09363	0.01225	0.00643	0.00179	0.00265	0.01086	0.00567	0.00490
28	0.01173	0.00931	0.01216	0.03188	0.01395	0.01041	0.04012	0.07693	0.21219	0.04144	0.02115	0.03468	0.01993	0.01231	0.05573	0.00253	0.07956	0.30282	0.00464	0.00654
29	0.84927	0.01038	0.00789	0.00706	0.01038	0.01204	0.00581	0.01578	0.00914	0.02408	0.00747	0.00872	0.00581	0.00498	0.00332	0.00166	0.00415	0.00291	0.00332	0.00581
30	0.01051	0.01009	0.01695	0.07618	0.08784	0.01122	0.17738	0.01339	0.04011	0.01487	0.01559	0.11810	0.04327	0.05055	0.07579	0.00272	0.18869	0.03750	0.00321	0.00603

[dist]
# distance from previous block
# <min> <max>
0	1

[block]
# block no. 2 follows, 45 sequences, length 17
# corresponding to MSA columns:
# 501-517
name=unknown_C
#
# <colnr> <probs for GDERKNQSTAVLIFYWHMCP>
#	G	D	E	R	K	N	Q	S	T	A	V	L	I	F	Y	W	H	M	C	P
0	0.59090	0.09011	0.12394	0.00864	0.01262	0.03635	0.00824	0.01587	0.00976	0.02113	0.00815	0.01007	0.00659	0.03387	0.00450	0.00174	0.00507	0.00325	0.00305	0.00615
1	0.01478	0.01146	0.01232	0.01078	0.01397	0.01296	0.00847	0.09250	0.61928	0.08684	0.02088	0.01925	0.01542	0.00713	0.00540	0.00177	0.00437	0.00587	0.02801	0.00851
2	0.01333	0.01310	0.09232	0.21472	0.42236	0.01207	0.04259	0.01685	0.01211	0.09273	0.01105	0.01389	0.00848	0.00513	0.00535	0.00167	0.00663	0.00482	0.00295	0.00785
3	0.00775	0.00518	0.00587	0.00592	0.00594	0.00517	0.00332	0.00779	0.00791	0.01055	0.01744	0.06734	0.02018	0.77823	0.02647	0.00508	0.00512	0.00812	0.00332	0.00330
4	0.03314	0.00919	0.06417	0.01083	0.04147	0.00828	0.04340	0.06795	0.09708	0.05368	0.04540	0.32933	0.02444	0.02697	0.01975	0.00217	0.00473	0.10727	0.00467	0.00606
5	0.01437	0.06213	0.02149	0.08506	0.19890	0.01379	0.20332	0.14247	0.04314	0.06031	0.01209	0.04196	0.00972	0.00597	0.00637	0.00173	0.06051	0.00552	0.00347	0.00768
6	0.01116	0.02511	0.63908	0.01622	0.02358	0.01267	0.13055	0.01750	0.04222	0.01725	0.01031	0.01216	0.00739	0.00510	0.00530	0.00172	0.00795	0.00441	0.00246	0.00785
7	0.00652	0.00475	0.00614	0.00725	0.00773	0.00438	0.00489	0.00750	0.01049	0.01379	0.03226	0.72619	0.11543	0.01647	0.00680	0.00214	0.00307	0.01484	0.00498	0.00438
8	0.03959	0.01309	0.01632	0.12846	0.06186	0.04301	0.03193	0.31395	0.01651	0.05613	0.02698	0.01347	0.00917	0.00688	0.00826	0.00181	0.19631	0.00485	0.00390	0.00752
9	0.01097	0.00854	0.01036	0.00876	0.01122	0.05288	0.05657	0.04361	0.04350	0.08746	0.37122	0.03225	0.15311	0.00936	0.00590	0.00162	0.00392	0.00811	0.00516	0.07548
10	0.80007	0.01128	0.00832	0.00746	0.01075	0.05819	0.00608	0.01611	0.00950	0.02343	0.00752	0.00878	0.00588	0.00502	0.00341	0.00164	0.00448	0.00294	0.00329	0.00584
11	0.01435	0.81458	0.02813	0.00918	0.01378	0.02124	0.00918	0.01607	0.01091	0.01263	0.00746	0.00861	0.00689	0.00459	0.00344	0.00115	0.00574	0.00287	0.00230	0.00689
12	0.02324	0.00892	0.01216	0.00945	0.01342	0.00772	0.00775	0.02526	0.01512	0.74451	0.02158	0.05639	0.01436	0.00713	0.00547	0.00169	0.00450	0.00587	0.00656	0.00890
13	0.00682	0.00528	0.00619	0.00663	0.00782	0.00472	0.00487	0.00824	0.01184	0.01507	0.12623	0.27636	0.37315	0.04319	0.00735	0.00209	0.00312	0.08146	0.00502	0.00453
14	0.00767	0.00650	0.03030	0.00707	0.00873	0.00557	0.00557	0.04511	0.01325	0.01728	0.23083	0.18536	0.34388	0.01299	0.00642	0.00188	0.00320	0.05827	0.00516	0.00499
15	0.00793	0.00563	0.00647	0.00628	0.00796	0.00489	0.00469	0.00961	0.01304	0.06957	0.24100	0.12141	0.45662	0.01274	0.00633	0.00181	0.00284	0.01088	0.00535	0.00498
16	0.01236	0.01191	0.01774	0.04294	0.03214	0.05740	0.23771	0.05280	0.21454	0.01927	0.10912	0.03868	0.01853	0.00770	0.00622	0.00185	0.01822	0.08964	0.00424	0.00698

[dist]
# distance from previous block
# <min> <max>
0	9

[block]
# block no. 3 follows, 45 sequences, length 26
# corresponding to MSA columns:
# 527-552
name=unknown_D
#
# <colnr> <probs for GDERKNQSTAVLIFYWHMCP>
#	G	D	E	R	K	N	Q	S	T	A	V	L	I	F	Y	W	H	M	C	P
0	0.03386	0.16229	0.40383	0.01498	0.02128	0.01375	0.18120	0.01634	0.01153	0.01636	0.01139	0.01321	0.04018	0.00521	0.00505	0.00160	0.00735	0.00456	0.00255	0.03349
1	0.01086	0.02709	0.74534	0.01567	0.02348	0.01252	0.05736	0.01701	0.01140	0.01701	0.00970	0.01149	0.00687	0.00507	0.00516	0.00171	0.00799	0.00409	0.00229	0.00790
2	0.01083	0.00905	0.01007	0.01017	0.01211	0.04263	0.00818	0.01837	0.32842	0.01830	0.02496	0.13928	0.02440	0.01153	0.00641	0.00211	0.00462	0.30707	0.00507	0.00641
3	0.01027	0.00967	0.01633	0.76733	0.06709	0.01196	0.01497	0.01383	0.01079	0.01387	0.00956	0.01427	0.00721	0.00534	0.00536	0.00178	0.00712	0.00477	0.00240	0.00607
4	0.00699	0.00546	0.00634	0.00612	0.00765	0.00481	0.00459	0.00896	0.01376	0.01813	0.42652	0.04569	0.40128	0.01224	0.00634	0.00175	0.00262	0.01049	0.00546	0.00481
5	0.00745	0.00548	0.00697	0.00660	0.00793	0.00500	0.00495	0.00985	0.01485	0.02071	0.69151	0.04144	0.13468	0.01128	0.00633	0.00170	0.00255	0.00990	0.00580	0.00500
6	0.02887	0.01103	0.01642	0.34420	0.23861	0.01256	0.01335	0.01872	0.22528	0.01747	0.01314	0.01553	0.01012	0.00574	0.00534	0.00174	0.00605	0.00510	0.00335	0.00739
7	0.00831	0.00594	0.00812	0.00920	0.01029	0.00587	0.00775	0.01045	0.01194	0.01556	0.04509	0.12509	0.05670	0.06477	0.00855	0.00258	0.00467	0.58949	0.00486	0.00477
8	0.00809	0.00650	0.00875	0.16555	0.01384	0.00657	0.00692	0.02663	0.01381	0.01854	0.43155	0.03710	0.21520	0.01038	0.00612	0.00174	0.00358	0.00900	0.00497	0.00521
9	0.00786	0.00540	0.00699	0.00768	0.00846	0.00517	0.00534	0.00995	0.05863	0.04831	0.12909	0.62120	0.03539	0.01500	0.00663	0.00207	0.00317	0.01351	0.00521	0.00492
10	0.02041	0.01504	0.01611	0.01235	0.01665	0.01665	0.01020	0.75997	0.02524	0.03383	0.01289	0.01289	0.00913	0.00644	0.00537	0.00161	0.00591	0.00483	0.00537	0.00913
11	0.01542	0.60965	0.02511	0.01040	0.01468	0.15601	0.02768	0.04020	0.01216	0.01362	0.00792	0.00914	0.00702	0.00480	0.00384	0.00121	0.00647	0.00313	0.00251	0.02903
12	0.01065	0.00838	0.01095	0.01024	0.04607	0.00851	0.05392	0.01689	0.23681	0.06186	0.31526	0.03225	0.12497	0.00941	0.00601	0.00177	0.00383	0.03039	0.00532	0.00652
13	0.05825	0.01500	0.01518	0.01188	0.01597	0.08449	0.00972	0.56419	0.02232	0.12947	0.01332	0.01312	0.00933	0.00632	0.00523	0.00160	0.00599	0.00470	0.00521	0.00872
14	0.01114	0.00606	0.00762	0.00740	0.00915	0.00541	0.00555	0.01269	0.01236	0.20174	0.06822	0.31978	0.20085	0.01252	0.00617	0.00189	0.00338	0.04052	0.06188	0.00566
15	0.17599	0.01533	0.01405	0.01132	0.01517	0.14352	0.00918	0.42421	0.01956	0.10345	0.01194	0.01211	0.00856	0.00604	0.00490	0.00159	0.00607	0.00430	0.00468	0.00802
16	0.00655	0.00507	0.00597	0.00654	0.00758	0.00449	0.00460	0.00780	0.01154	0.01472	0.10455	0.41750	0.35404	0.01493	0.00659	0.00198	0.00289	0.01310	0.00506	0.00449
17	0.02041	0.01504	0.01611	0.01235	0.01665	0.01665	0.01020	0.75997	0.02524	0.03383	0.01289	0.01289	0.00913	0.00644	0.00537	0.00161	0.00591	0.00483	0.00537	0.00913
18	0.02066	0.01463	0.01586	0.01216	0.01645	0.01605	0.01004	0.70983	0.02456	0.08492	0.01345	0.01326	0.00941	0.00646	0.00537	0.00161	0.00582	0.00487	0.00546	0.00913
19	0.10395	0.00950	0.01159	0.00888	0.01301	0.00840	0.00725	0.05375	0.01400	0.43284	0.04502	0.01594	0.01231	0.00590	0.00483	0.00142	0.00435	0.00468	0.00527	0.23714
20	0.00772	0.00522	0.00612	0.00619	0.00630	0.00529	0.00366	0.00795	0.00802	0.01077	0.01739	0.07663	0.01985	0.69837	0.09446	0.00534	0.00591	0.00803	0.00331	0.00345
21	0.06137	0.01417	0.01506	0.01168	0.01586	0.01552	0.00959	0.61762	0.07783	0.03139	0.01304	0.01308	0.00941	0.00626	0.00518	0.00157	0.00556	0.00471	0.00512	0.06597
22	0.01514	0.01363	0.06297	0.01224	0.01557	0.04301	0.07610	0.32326	0.12495	0.02346	0.04010	0.01807	0.01272	0.12909	0.00964	0.00226	0.06036	0.00565	0.00434	0.00743
23	0.07271	0.50810	0.02261	0.00983	0.01420	0.05422	0.00904	0.16940	0.01395	0.01811	0.00875	0.00971	0.00734	0.00501	0.00393	0.00127	0.00574	0.00332	0.00308	0.05969
24	0.08247	0.00534	0.00626	0.00694	0.00769	0.00524	0.00476	0.00890	0.01041	0.01544	0.07350	0.51742	0.05338	0.08882	0.00812	0.00229	0.00330	0.01202	0.08321	0.00450
25	0.08654	0.00887	0.01150	0.05759	0.13964	0.00884	0.00838	0.09020	0.01414	0.07233	0.22123	0.02769	0.13734	0.00841	0.00557	0.00166	0.00427	0.03227	0.00458	0.05893

[dist]
# distance from previous block
# <min> <max>
0	1

[block]
# block no. 4 follows, 45 sequences, length 21
# corresponding to MSA columns:
# 554-574
name=unknown_E
#
# <colnr> <probs for GDERKNQSTAVLIFYWHMCP>
#	G	D	E	R	K	N	Q	S	T	A	V	L	I	F	Y	W	H	M	C	P
0	0.06302	0.01520	0.09039	0.01228	0.01621	0.05273	0.03141	0.34859	0.20660	0.02574	0.01446	0.03814	0.01109	0.00679	0.00585	0.00172	0.04175	0.00523	0.00462	0.00818
1	0.01424	0.01289	0.06820	0.01048	0.01488	0.01180	0.00895	0.22211	0.21811	0.02326	0.01377	0.01401	0.01045	0.00562	0.00484	0.00136	0.00486	0.00446	0.00433	0.33137
2	0.01315	0.01102	0.01212	0.01064	0.01362	0.01240	0.03004	0.09556	0.56393	0.02245	0.02304	0.04525	0.07041	0.00782	0.00551	0.00179	0.00433	0.00657	0.04242	0.00796
3	0.01468	0.07356	0.05482	0.14346	0.01873	0.05926	0.03418	0.18279	0.08657	0.06204	0.01247	0.01377	0.00939	0.00560	0.00487	0.00146	0.00574	0.00448	0.06393	0.14820
4	0.00778	0.00529	0.00630	0.00630	0.00645	0.00544	0.00381	0.00809	0.00794	0.01074	0.01651	0.03288	0.01854	0.68802	0.14932	0.00575	0.00667	0.00748	0.00319	0.00350
5	0.01157	0.01284	0.10694	0.25250	0.07810	0.03688	0.11967	0.06509	0.01162	0.01571	0.01038	0.01447	0.00841	0.01082	0.10534	0.06179	0.06380	0.00497	0.00271	0.00638
6	0.00764	0.00555	0.00752	0.00748	0.00823	0.00600	0.00542	0.00903	0.00923	0.01288	0.09352	0.02856	0.05643	0.25891	0.45225	0.00660	0.00996	0.00702	0.00339	0.00436
7	0.00686	0.00538	0.00579	0.00586	0.00744	0.00467	0.00439	0.00846	0.01244	0.01585	0.14753	0.10039	0.54892	0.01297	0.00622	0.00180	0.00277	0.03250	0.06513	0.00464
8	0.01368	0.01250	0.01796	0.21912	0.32711	0.06130	0.02582	0.10803	0.01367	0.03817	0.04492	0.01450	0.01009	0.00568	0.00586	0.00165	0.04083	0.00492	0.00318	0.03099
9	0.01800	0.01021	0.01537	0.04159	0.28777	0.00949	0.01085	0.02049	0.01370	0.39832	0.01865	0.01837	0.06390	0.00630	0.00537	0.00161	0.00514	0.00547	0.00482	0.04457
10	0.01117	0.00990	0.01295	0.06370	0.01550	0.00795	0.06093	0.01379	0.01121	0.01721	0.00964	0.01159	0.00791	0.00411	0.00424	0.00094	0.00456	0.00352	0.00309	0.72610
11	0.01226	0.01238	0.10378	0.24454	0.18271	0.01069	0.01275	0.01621	0.04881	0.06945	0.01108	0.01347	0.00849	0.00503	0.00496	0.00147	0.00592	0.00437	0.00309	0.22854
12	0.01584	0.24922	0.18606	0.01204	0.04602	0.13335	0.01133	0.01861	0.01279	0.17767	0.03305	0.03767	0.03211	0.00608	0.00477	0.00150	0.00636	0.00460	0.00355	0.00737
13	0.02544	0.14187	0.29243	0.02267	0.03738	0.01160	0.01197	0.05183	0.03528	0.05269	0.17922	0.06072	0.04041	0.00735	0.00525	0.00163	0.00553	0.00603	0.00376	0.00694
14	0.02332	0.07266	0.22749	0.01276	0.07580	0.01034	0.03954	0.03813	0.01282	0.14883	0.09438	0.07527	0.06328	0.00728	0.00549	0.00163	0.01572	0.00612	0.00398	0.06516
15	0.01635	0.11332	0.10772	0.07286	0.11428	0.01409	0.05640	0.21259	0.08283	0.13717	0.01317	0.01388	0.00957	0.00576	0.00516	0.00161	0.00611	0.00476	0.00411	0.00823
16	0.11950	0.01522	0.24016	0.02722	0.10762	0.01061	0.06104	0.01729	0.02834	0.14556	0.03484	0.07459	0.01179	0.00636	0.00530	0.00167	0.01638	0.00536	0.00366	0.06751
17	0.06327	0.06685	0.27849	0.07606	0.04420	0.01259	0.08512	0.09041	0.04224	0.17077	0.01257	0.01347	0.00884	0.00554	0.00514	0.00167	0.00657	0.00460	0.00368	0.00792
18	0.01240	0.05601	0.22751	0.19675	0.10225	0.01146	0.06124	0.01662	0.03477	0.10424	0.05274	0.04276	0.01247	0.00643	0.00545	0.00174	0.00648	0.03812	0.00336	0.00720
19	0.03067	0.04082	0.12780	0.03972	0.22505	0.04028	0.08024	0.06657	0.01290	0.05338	0.02686	0.13668	0.03741	0.00780	0.00566	0.00176	0.00606	0.04964	0.00358	0.00711
20	0.01509	0.05250	0.32128	0.01768	0.16734	0.01214	0.08380	0.05257	0.01317	0.19392	0.01255	0.01356	0.00886	0.00538	0.00527	0.00165	0.00677	0.00467	0.00353	0.00827

[dist]
# distance from previous block
# <min> <max>
1	5

[block]
# block no. 5 follows, 45 sequences, length 18
# corresponding to MSA columns:
# 580-597
name=unknown_F
#
# <colnr> <probs for GDERKNQSTAVLIFYWHMCP>
#	G	D	E	R	K	N	Q	S	T	A	V	L	I	F	Y	W	H	M	C	P
0	0.01491	0.06078	0.09490	0.06989	0.18450	0.04262	0.15391	0.07795	0.02466	0.13739	0.01329	0.03853	0.01055	0.00608	0.00568	0.00170	0.01782	0.03350	0.00363	0.00771
1	0.01428	0.04372	0.04022	0.11806	0.22865	0.06624	0.04181	0.09737	0.08247	0.09042	0.03654	0.08985	0.01311	0.00680	0.00545	0.00169	0.00600	0.00597	0.00384	0.00752
2	0.01455	0.01429	0.12020	0.07164	0.21609	0.04200	0.12385	0.08162	0.03581	0.12967	0.01428	0.05896	0.02794	0.00628	0.00573	0.00171	0.01821	0.00571	0.00367	0.00777
3	0.01325	0.01732	0.26792	0.05463	0.24397	0.01251	0.07891	0.12375	0.01385	0.04857	0.01310	0.03734	0.03870	0.00589	0.00543	0.00169	0.00677	0.00524	0.00323	0.00794
4	0.01205	0.01042	0.01517	0.19984	0.22507	0.04366	0.03322	0.07225	0.01218	0.04646	0.01403	0.12239	0.01334	0.09827	0.03836	0.00241	0.02445	0.00657	0.00335	0.00651
5	0.01548	0.01675	0.12231	0.02830	0.19132	0.20606	0.02286	0.04494	0.02979	0.11426	0.09650	0.01581	0.01326	0.00632	0.00602	0.00163	0.05238	0.00501	0.00364	0.00737
6	0.03526	0.12409	0.24238	0.01381	0.05933	0.01195	0.10355	0.04540	0.01277	0.13760	0.05604	0.07733	0.01377	0.00686	0.00535	0.00169	0.00619	0.03557	0.00370	0.00736
7	0.01310	0.15046	0.19612	0.08348	0.05922	0.01210	0.03334	0.01770	0.09648	0.12925	0.03727	0.06992	0.06511	0.00700	0.00521	0.00166	0.00570	0.00583	0.00379	0.00728
8	0.01192	0.08575	0.55552	0.01413	0.02082	0.01279	0.04653	0.06926	0.01253	0.03913	0.01264	0.01516	0.03950	0.00591	0.00519	0.00169	0.00724	0.03379	0.00285	0.00768
9	0.04397	0.22530	0.12172	0.03531	0.09603	0.03798	0.10958	0.03048	0.10078	0.08997	0.01340	0.03019	0.03105	0.00578	0.00493	0.00157	0.00621	0.00487	0.00340	0.00748
10	0.05833	0.01175	0.03641	0.05828	0.15024	0.02933	0.01003	0.19781	0.11525	0.09397	0.02781	0.07432	0.03162	0.07232	0.00717	0.00199	0.00538	0.00610	0.00440	0.00749
11	0.02281	0.00883	0.01194	0.00926	0.01309	0.00768	0.00753	0.02472	0.01477	0.72110	0.02084	0.01959	0.01378	0.06976	0.00712	0.00194	0.00462	0.00559	0.00638	0.00867
12	0.01153	0.00716	0.00850	0.00766	0.00899	0.00725	0.00543	0.11564	0.01211	0.10702	0.08592	0.03112	0.02044	0.44386	0.06027	0.00400	0.00547	0.04825	0.00427	0.00512
13	0.77053	0.08622	0.00980	0.00726	0.01070	0.01291	0.00613	0.01581	0.00930	0.02300	0.00747	0.00871	0.00591	0.00495	0.00333	0.00161	0.00430	0.00290	0.00323	0.00591
14	0.01355	0.08439	0.07329	0.01027	0.01380	0.01229	0.00883	0.02363	0.46260	0.10424	0.02357	0.02207	0.10920	0.00759	0.00535	0.00173	0.00452	0.00620	0.00500	0.00788
15	0.04187	0.00652	0.00869	0.00852	0.00970	0.00750	0.00650	0.01175	0.09336	0.01382	0.01521	0.02199	0.01411	0.11845	0.58874	0.00722	0.01185	0.00590	0.00322	0.00508
16	0.27349	0.01121	0.01244	0.04143	0.01460	0.04260	0.03087	0.12750	0.01461	0.35826	0.01451	0.01397	0.00975	0.00595	0.00477	0.00165	0.00508	0.00448	0.00500	0.00782
17	0.47457	0.05570	0.01235	0.01094	0.08346	0.04347	0.00808	0.13392	0.01295	0.10551	0.01007	0.01086	0.00749	0.00537	0.00412	0.00161	0.00498	0.00367	0.00386	0.00702

[dist]
# distance from previous block
# <min> <max>
1	9

[block]
# block no. 6 follows, 45 sequences, length 8
# corresponding to MSA columns:
# 607-614
name=unknown_G
#
# <colnr> <probs for GDERKNQSTAVLIFYWHMCP>
#	G	D	E	R	K	N	Q	S	T	A	V	L	I	F	Y	W	H	M	C	P
0	0.01230	0.01657	0.24567	0.05567	0.13745	0.01230	0.16235	0.01913	0.17174	0.04367	0.05836	0.01617	0.01219	0.00581	0.00555	0.00173	0.00667	0.00543	0.00346	0.00778
1	0.00722	0.00516	0.00659	0.00703	0.00760	0.00504	0.00481	0.00834	0.01033	0.01396	0.13673	0.32409	0.07613	0.22702	0.11028	0.00369	0.00502	0.03228	0.00440	0.00426
2	0.01119	0.01136	0.11532	0.00979	0.01291	0.00983	0.00865	0.01973	0.34886	0.05314	0.24911	0.02721	0.08317	0.00855	0.00574	0.00176	0.00413	0.00725	0.00517	0.00711
3	0.00761	0.00560	0.00792	0.00792	0.00887	0.00618	0.00601	0.00905	0.00896	0.01240	0.01964	0.02577	0.11743	0.08095	0.58579	0.06412	0.01159	0.00656	0.00315	0.00450
4	0.01054	0.00999	0.01663	0.67052	0.10114	0.01234	0.01481	0.01390	0.01067	0.01399	0.00940	0.01402	0.00727	0.00562	0.00630	0.00181	0.06768	0.00477	0.00241	0.00618
5	0.00968	0.01479	0.29099	0.01166	0.04241	0.00919	0.03327	0.01500	0.09891	0.01929	0.31802	0.02635	0.07182	0.00817	0.00575	0.00172	0.00503	0.00703	0.00427	0.00665
6	0.01235	0.01180	0.02009	0.26101	0.55713	0.01251	0.01601	0.01565	0.01178	0.01640	0.00993	0.01359	0.00810	0.00496	0.00533	0.00165	0.00661	0.00478	0.00258	0.00775
7	0.01324	0.01291	0.01551	0.01943	0.31500	0.11761	0.01136	0.01968	0.24855	0.01840	0.06711	0.08740	0.01601	0.00716	0.00550	0.00169	0.00561	0.00627	0.00397	0.00759

[dist]
# distance from previous block
# <min> <max>
2	8

[block]
# block no. 7 follows, 45 sequences, length 10
# corresponding to MSA columns:
# 623-632
name=unknown_H
#
# <colnr> <probs for GDERKNQSTAVLIFYWHMCP>
#	G	D	E	R	K	N	Q	S	T	A	V	L	I	F	Y	W	H	M	C	P
0	0.49543	0.01330	0.01110	0.00934	0.01289	0.10442	0.00759	0.20788	0.01431	0.06548	0.00969	0.01041	0.00719	0.00551	0.00414	0.00162	0.00527	0.00360	0.00396	0.00689
1	0.00788	0.00561	0.00842	0.00842	0.00926	0.00645	0.00645	0.00926	0.00842	0.01207	0.01374	0.02049	0.01290	0.03754	0.69325	0.11378	0.01315	0.00561	0.00281	0.00448
2	0.01491	0.01228	0.04308	0.31459	0.13558	0.07279	0.03320	0.03560	0.04455	0.17913	0.01251	0.01461	0.00909	0.00585	0.00600	0.00173	0.04875	0.00487	0.00357	0.00731
3	0.00736	0.00727	0.05439	0.00681	0.00892	0.00580	0.00560	0.01027	0.07415	0.01615	0.13954	0.09780	0.52168	0.01244	0.00623	0.00182	0.00317	0.01051	0.00497	0.00512
4	0.00867	0.00741	0.01069	0.07351	0.13245	0.00720	0.03371	0.01141	0.03346	0.01773	0.29366	0.05791	0.24565	0.01028	0.00613	0.00177	0.00393	0.03407	0.00467	0.00567
5	0.01306	0.01326	0.06712	0.13875	0.34665	0.01305	0.08348	0.06463	0.16833	0.01892	0.01265	0.01479	0.00982	0.00548	0.00544	0.00170	0.00637	0.00514	0.00334	0.00801
6	0.01108	0.02059	0.45141	0.01671	0.08329	0.01186	0.14422	0.01689	0.05938	0.01796	0.10166	0.01600	0.01298	0.00581	0.00550	0.00172	0.00713	0.00525	0.00301	0.00755
7	0.09413	0.13974	0.03538	0.06444	0.17581	0.01400	0.06125	0.03376	0.17395	0.04825	0.04275	0.01480	0.01131	0.00601	0.00583	0.00167	0.06104	0.00487	0.00356	0.00745
8	0.01361	0.00770	0.00955	0.00841	0.01091	0.00731	0.00650	0.01783	0.14415	0.25663	0.20574	0.15185	0.08424	0.00984	0.00588	0.00175	0.00363	0.00848	0.00573	0.04026
9	0.10306	0.24354	0.07798	0.04485	0.09999	0.05073	0.03413	0.10791	0.04358	0.09947	0.01082	0.01192	0.00833	0.00550	0.00506	0.00153	0.03655	0.00408	0.00344	0.00751

[dist]
# distance from previous block
# <min> <max>
0	2

[block]
# block no. 8 follows, 45 sequences, length 14
# corresponding to MSA columns:
# 635-648
name=unknown_I
#
# <colnr> <probs for GDERKNQSTAVLIFYWHMCP>
#	G	D	E	R	K	N	Q	S	T	A	V	L	I	F	Y	W	H	M	C	P
0	0.06880	0.04191	0.10527	0.05340	0.03604	0.04939	0.00949	0.10091	0.03075	0.10124	0.23046	0.02054	0.02064	0.00723	0.00576	0.00160	0.03608	0.00581	0.00439	0.07031
1	0.08287	0.14421	0.14467	0.01459	0.03802	0.06839	0.18605	0.12663	0.01393	0.05288	0.03030	0.01265	0.00891	0.00541	0.00537	0.00159	0.02888	0.00459	0.00328	0.02678
2	0.00896	0.00727	0.01008	0.16998	0.05401	0.00756	0.00853	0.05167	0.01287	0.01679	0.13029	0.11674	0.19204	0.01134	0.00634	0.00196	0.00451	0.17914	0.00447	0.00543
3	0.01549	0.01207	0.01279	0.01055	0.01397	0.01324	0.00847	0.39053	0.24566	0.02656	0.02384	0.02276	0.16403	0.00812	0.00559	0.00171	0.00477	0.00650	0.00532	0.00802
4	0.01078	0.00994	0.01531	0.64155	0.03239	0.01221	0.01363	0.01667	0.16163	0.01546	0.01199	0.01545	0.00899	0.00575	0.00539	0.00180	0.00658	0.00503	0.00300	0.00647
5	0.06532	0.01835	0.34577	0.01244	0.01800	0.01205	0.01329	0.10540	0.14441	0.18982	0.01454	0.01439	0.01010	0.00597	0.00515	0.00170	0.00609	0.00468	0.00420	0.00831
6	0.01270	0.31709	0.31718	0.01133	0.01723	0.01450	0.01270	0.01632	0.01129	0.04571	0.00926	0.01055	0.00732	0.00475	0.00427	0.00131	0.00619	0.00346	0.00263	0.17419
7	0.00730	0.00514	0.00674	0.00773	0.00820	0.00496	0.00552	0.00842	0.01028	0.01361	0.02678	0.47457	0.03121	0.17463	0.01106	0.00285	0.00397	0.18811	0.00463	0.00428
8	0.00662	0.00491	0.00620	0.00714	0.00782	0.00449	0.00495	0.00776	0.01093	0.01424	0.06147	0.60022	0.18334	0.01589	0.00675	0.00210	0.00309	0.04264	0.00502	0.00444
9	0.04812	0.27496	0.12325	0.04004	0.01565	0.07248	0.04502	0.05843	0.02428	0.03777	0.01339	0.16960	0.01308	0.00759	0.00535	0.00162	0.03342	0.00607	0.00329	0.00660
10	0.00908	0.00686	0.00908	0.04570	0.03349	0.00633	0.00721	0.01110	0.01151	0.03690	0.04579	0.18038	0.09389	0.04412	0.03053	0.00221	0.00456	0.24469	0.00436	0.17219
11	0.00942	0.00857	0.01413	0.64087	0.03116	0.01042	0.01293	0.01247	0.01064	0.01371	0.01353	0.17241	0.01280	0.00765	0.00566	0.00187	0.00635	0.00686	0.00290	0.00564
12	0.02003	0.01151	0.05010	0.01087	0.01493	0.01057	0.03648	0.22747	0.03692	0.41342	0.05897	0.05426	0.01476	0.00716	0.00553	0.00168	0.00508	0.00592	0.00579	0.00855
13	0.01250	0.01170	0.01894	0.02310	0.41382	0.01163	0.11648	0.08599	0.04686	0.01865	0.01981	0.02136	0.16170	0.00677	0.00567	0.00168	0.00588	0.00636	0.00351	0.00759

[dist]
# distance from previous block
# <min> <max>
0	1

[block]
# block no. 9 follows, 45 sequences, length 6
# corresponding to MSA columns:
# 650-655
name=unknown_J
#
# <colnr> <probs for GDERKNQSTAVLIFYWHMCP>
#	G	D	E	R	K	N	Q	S	T	A	V	L	I	F	Y	W	H	M	C	P
0	0.01144	0.01026	0.01597	0.02200	0.44327	0.01032	0.01188	0.01574	0.09671	0.01938	0.26000	0.02274	0.02307	0.00707	0.00566	0.00165	0.00489	0.00653	0.00402	0.00738
1	0.17828	0.01027	0.01113	0.00969	0.01224	0.01131	0.00762	0.29004	0.01574	0.06056	0.01731	0.27063	0.01713	0.00971	0.00616	0.00185	0.05097	0.00786	0.00473	0.00674
2	0.01181	0.55136	0.02101	0.00863	0.01183	0.01575	0.00782	0.01328	0.01070	0.01298	0.01465	0.26836	0.01619	0.00857	0.00455	0.00148	0.00489	0.00690	0.00317	0.00607
3	0.01179	0.01200	0.02267	0.34382	0.23005	0.01268	0.25695	0.01558	0.01176	0.01586	0.01012	0.01409	0.00783	0.00494	0.00567	0.00174	0.00757	0.00528	0.00256	0.00705
4	0.01020	0.01510	0.26320	0.01265	0.01545	0.01210	0.01262	0.01312	0.00930	0.01397	0.01028	0.01536	0.00930	0.06786	0.19786	0.00382	0.30428	0.00491	0.00251	0.00611
5	0.01440	0.00856	0.00915	0.00772	0.01017	0.00899	0.00615	0.25641	0.01610	0.07916	0.01627	0.01757	0.01222	0.00634	0.00440	0.00140	0.00376	0.00498	0.50963	0.00664

[dist]
# distance from previous block
# <min> <max>
0	159

# created by:
# /home/berkeley/.conda/envs/busco_data_prod/bin/msa2prfl.pl pipeline/OGs_align_augustus/33634/10308.fs
