[name]
unknown

[dist]
# distance from previous block
# <min> <max>
0	49

[block]
# block no. 0 follows, 37 sequences, length 39
# corresponding to MSA columns:
# 49-87
name=unknown_A
#
# <colnr> <probs for GDERKNQSTAVLIFYWHMCP>
#	G	D	E	R	K	N	Q	S	T	A	V	L	I	F	Y	W	H	M	C	P
0	0.00841	0.00603	0.00797	0.00872	0.00961	0.00577	0.00645	0.01026	0.01338	0.01807	0.20780	0.34477	0.06290	0.07919	0.03405	0.00292	0.00442	0.15835	0.00570	0.00523
1	0.01476	0.05789	0.44963	0.01872	0.10666	0.01553	0.03457	0.12929	0.07425	0.02271	0.01268	0.01421	0.00931	0.00617	0.00588	0.00190	0.00807	0.00498	0.00349	0.00931
2	0.00787	0.00609	0.00718	0.00721	0.00874	0.00539	0.00529	0.00991	0.01502	0.01978	0.34560	0.16868	0.34155	0.01483	0.00732	0.00207	0.00308	0.01285	0.00613	0.00539
3	0.01614	0.23497	0.19444	0.01363	0.01983	0.01506	0.09421	0.01990	0.01363	0.13280	0.01249	0.01365	0.00940	0.00558	0.00523	0.00155	0.00692	0.00455	0.00366	0.18236
4	0.06213	0.01521	0.01649	0.01281	0.01753	0.05002	0.01053	0.42769	0.02363	0.27510	0.01732	0.01636	0.01170	0.00730	0.00600	0.00185	0.00633	0.00555	0.00636	0.01008
5	0.08354	0.03204	0.14437	0.07220	0.02070	0.02559	0.02610	0.24287	0.10138	0.16645	0.01601	0.01614	0.01123	0.00691	0.00587	0.00190	0.00670	0.00541	0.00519	0.00938
6	0.01569	0.56733	0.10025	0.01255	0.01802	0.02155	0.06608	0.02016	0.09550	0.01657	0.01093	0.01212	0.00920	0.00564	0.00463	0.00152	0.00688	0.00411	0.00307	0.00821
7	0.01112	0.00687	0.00861	0.00809	0.01003	0.00621	0.00609	0.01367	0.03175	0.13021	0.35821	0.16146	0.19726	0.01339	0.00714	0.00204	0.00343	0.01165	0.00645	0.00630
8	0.00855	0.00681	0.00777	0.00783	0.00950	0.00642	0.00574	0.01212	0.09694	0.01932	0.21778	0.22018	0.32887	0.01481	0.00725	0.00213	0.00335	0.01283	0.00600	0.00579
9	0.01295	0.01287	0.02063	0.54518	0.14300	0.05272	0.07091	0.01684	0.01284	0.01652	0.01093	0.01581	0.00845	0.00609	0.00656	0.00200	0.03003	0.00550	0.00282	0.00735
10	0.00760	0.00543	0.00723	0.00843	0.00891	0.00506	0.00569	0.00887	0.01236	0.01665	0.11506	0.69665	0.04246	0.01841	0.00775	0.00242	0.00348	0.01668	0.00580	0.00506
11	0.00790	0.00632	0.00712	0.00720	0.00904	0.00555	0.00558	0.00991	0.01472	0.01854	0.20912	0.05732	0.49918	0.01502	0.00739	0.00213	0.00339	0.10328	0.00591	0.00536
12	0.01311	0.00984	0.01704	0.01425	0.01690	0.00959	0.19912	0.01560	0.01333	0.13425	0.02446	0.35548	0.02532	0.01280	0.00837	0.00231	0.06455	0.05170	0.00506	0.00689
13	0.05182	0.01421	0.02673	0.01995	0.02479	0.01400	0.43693	0.02109	0.09678	0.10370	0.01640	0.07564	0.01323	0.00718	0.00755	0.00210	0.04790	0.00757	0.00417	0.00826
14	0.01009	0.00801	0.01027	0.00955	0.00966	0.00957	0.00674	0.01069	0.00913	0.01289	0.01595	0.03115	0.01768	0.49683	0.10682	0.00548	0.21371	0.00769	0.00339	0.00470
15	0.00767	0.00540	0.00715	0.00853	0.00895	0.00507	0.00578	0.00885	0.01184	0.01595	0.03325	0.73215	0.03950	0.01871	0.00772	0.00246	0.00360	0.04038	0.03203	0.00502
16	0.01226	0.01069	0.01605	0.26250	0.19789	0.01192	0.01305	0.01720	0.10380	0.01878	0.01890	0.10336	0.05239	0.00842	0.00663	0.00199	0.03214	0.00735	0.09722	0.00745
17	0.01386	0.02817	0.58204	0.01800	0.02621	0.01494	0.10170	0.10500	0.01502	0.02173	0.01159	0.01355	0.00825	0.00593	0.00601	0.00194	0.00891	0.00495	0.00307	0.00912
18	0.02022	0.02066	0.01842	0.01549	0.01854	0.34829	0.06521	0.12784	0.01705	0.07788	0.01183	0.01379	0.00933	0.00741	0.00868	0.00189	0.16398	0.00497	0.04071	0.00780
19	0.43236	0.01413	0.01470	0.15937	0.11468	0.09885	0.02747	0.01832	0.01208	0.02226	0.00955	0.01222	0.00757	0.00594	0.00527	0.00190	0.02859	0.00422	0.00337	0.00715
20	0.00769	0.00544	0.00713	0.00839	0.00873	0.00514	0.00557	0.00868	0.01146	0.01527	0.03205	0.67680	0.03826	0.10685	0.01050	0.00289	0.00388	0.03499	0.00545	0.00485
21	0.03936	0.01377	0.03837	0.01282	0.05157	0.11176	0.00940	0.10343	0.11668	0.01941	0.03293	0.04554	0.01636	0.24362	0.02997	0.00335	0.09369	0.00689	0.00422	0.00686
22	0.11342	0.10404	0.14984	0.10367	0.08182	0.04286	0.03382	0.04615	0.01304	0.01927	0.04102	0.10221	0.01371	0.00819	0.00747	0.00200	0.10016	0.00634	0.00350	0.00749
23	0.02171	0.01386	0.01563	0.01262	0.01697	0.01484	0.01022	0.28980	0.26768	0.23752	0.02090	0.01924	0.01460	0.00774	0.00617	0.00194	0.00565	0.00618	0.00657	0.01017
24	0.01628	0.00912	0.01149	0.01057	0.01316	0.00893	0.00839	0.13980	0.01677	0.22112	0.02706	0.27360	0.02643	0.01308	0.00707	0.00224	0.00494	0.14679	0.03563	0.00756
25	0.01483	0.01272	0.03967	0.33949	0.09432	0.01394	0.09675	0.03973	0.01343	0.11456	0.01333	0.04153	0.01046	0.00728	0.00834	0.00210	0.11999	0.00610	0.00363	0.00780
26	0.01790	0.01095	0.04698	0.01105	0.01459	0.01002	0.00929	0.05331	0.16718	0.29416	0.15252	0.05935	0.02618	0.01002	0.00667	0.00207	0.00495	0.08764	0.00656	0.00862
27	0.00746	0.00533	0.00710	0.00852	0.00888	0.00497	0.00568	0.00852	0.01172	0.01563	0.03374	0.78088	0.04049	0.01918	0.00781	0.00249	0.00355	0.01740	0.00568	0.00497
28	0.01371	0.01571	0.06490	0.05633	0.02911	0.01425	0.55414	0.04150	0.01444	0.01959	0.01477	0.10386	0.01278	0.00691	0.00714	0.00210	0.00927	0.00813	0.00345	0.00792
29	0.01546	0.05588	0.25068	0.11625	0.12026	0.10064	0.09708	0.06157	0.01451	0.04507	0.01142	0.01411	0.00869	0.00622	0.00685	0.00192	0.05663	0.00511	0.00318	0.00846
30	0.01228	0.03166	0.75316	0.01745	0.02649	0.01422	0.02262	0.01939	0.01292	0.01939	0.01099	0.01292	0.00775	0.00582	0.00582	0.00194	0.00905	0.00452	0.00258	0.00905
31	0.02223	0.01622	0.01748	0.01369	0.01836	0.01794	0.01121	0.58723	0.13679	0.06986	0.01671	0.01623	0.01190	0.00751	0.00614	0.00188	0.00637	0.00576	0.00621	0.01030
32	0.28060	0.07441	0.02228	0.01653	0.04014	0.04410	0.26422	0.07014	0.01374	0.02255	0.01175	0.05293	0.00990	0.00655	0.00633	0.00196	0.04487	0.00578	0.00362	0.00760
33	0.00959	0.00740	0.00890	0.00832	0.01017	0.00728	0.00630	0.01473	0.13647	0.02382	0.54713	0.04340	0.12858	0.01215	0.00706	0.00197	0.00324	0.01059	0.00653	0.00636
34	0.34463	0.01248	0.01322	0.05827	0.01638	0.01376	0.02932	0.15547	0.09661	0.13098	0.01473	0.01524	0.01065	0.00667	0.00512	0.00189	0.00545	0.00494	0.05599	0.00823
35	0.00910	0.00615	0.00854	0.00913	0.00998	0.00579	0.03181	0.01049	0.01205	0.04921	0.03047	0.56814	0.03499	0.08449	0.00962	0.00271	0.00418	0.06021	0.04764	0.00531
36	0.02080	0.06250	0.01839	0.05367	0.01971	0.37014	0.04660	0.10395	0.04962	0.10291	0.01268	0.01375	0.00966	0.00648	0.00591	0.00167	0.02244	0.00471	0.00411	0.07030
37	0.21760	0.01276	0.01547	0.01230	0.01662	0.04554	0.09057	0.06024	0.09624	0.31068	0.03703	0.01787	0.01339	0.00698	0.00568	0.00191	0.00588	0.00567	0.01876	0.00882
38	0.04684	0.00764	0.00920	0.00865	0.01048	0.00770	0.00664	0.08959	0.01625	0.02316	0.36105	0.11161	0.09966	0.01630	0.09324	0.00290	0.00512	0.03521	0.04260	0.00615

[dist]
# distance from previous block
# <min> <max>
0	15

[block]
# block no. 1 follows, 37 sequences, length 22
# corresponding to MSA columns:
# 103-124
name=unknown_B
#
# <colnr> <probs for GDERKNQSTAVLIFYWHMCP>
#	G	D	E	R	K	N	Q	S	T	A	V	L	I	F	Y	W	H	M	C	P
0	0.01248	0.01004	0.01372	0.05924	0.10212	0.01072	0.01003	0.01621	0.07807	0.06920	0.14937	0.09446	0.09395	0.01049	0.00887	0.00205	0.13584	0.03025	0.00483	0.08806
1	0.01610	0.26176	0.19859	0.01458	0.02041	0.01717	0.11023	0.09803	0.05893	0.07347	0.06289	0.01605	0.01291	0.00645	0.00559	0.00175	0.00723	0.00532	0.00392	0.00863
2	0.06650	0.01640	0.01487	0.01248	0.01631	0.20965	0.00984	0.11976	0.08469	0.25119	0.01767	0.06220	0.01348	0.00778	0.00620	0.00182	0.02489	0.00592	0.00543	0.05290
3	0.00812	0.00545	0.00721	0.00816	0.00848	0.00519	0.00538	0.00866	0.01115	0.01494	0.06510	0.54613	0.03509	0.12190	0.01298	0.10798	0.00406	0.01439	0.00508	0.00455
4	0.01469	0.00941	0.01284	0.01202	0.05442	0.00897	0.04120	0.07822	0.04060	0.17344	0.12525	0.17132	0.07951	0.01318	0.04770	0.00244	0.00548	0.04537	0.00575	0.05819
5	0.01967	0.03257	0.05128	0.04707	0.10687	0.04906	0.01167	0.23058	0.01892	0.20083	0.06599	0.01989	0.01511	0.06492	0.00847	0.00218	0.03460	0.00611	0.00530	0.00894
6	0.01559	0.43787	0.02301	0.01061	0.01418	0.01776	0.00945	0.05918	0.01299	0.07053	0.01355	0.11308	0.01314	0.00954	0.00813	0.09211	0.06265	0.00585	0.00361	0.00716
7	0.01109	0.00704	0.00788	0.00737	0.00955	0.00649	0.00562	0.01430	0.06423	0.10076	0.16685	0.05850	0.33429	0.01204	0.00648	0.00191	0.00338	0.01012	0.16586	0.00627
8	0.01605	0.01581	0.07010	0.15189	0.06521	0.13947	0.01254	0.09176	0.11759	0.07461	0.03598	0.10904	0.01640	0.00880	0.00661	0.00200	0.02290	0.03074	0.00455	0.00795
9	0.01648	0.01638	0.06238	0.05818	0.05336	0.13041	0.07104	0.12323	0.03261	0.06425	0.06333	0.04278	0.01436	0.04520	0.01048	0.00225	0.17508	0.00631	0.00411	0.00776
10	0.82811	0.01184	0.00900	0.00805	0.01184	0.01373	0.00663	0.01799	0.01042	0.02746	0.00852	0.00994	0.00663	0.00568	0.00379	0.00189	0.00474	0.00331	0.00379	0.00663
11	0.01418	0.05538	0.06301	0.40222	0.13085	0.11475	0.09893	0.01806	0.01346	0.01675	0.01084	0.01495	0.00842	0.00588	0.00603	0.00191	0.00865	0.00529	0.00285	0.00758
12	0.01049	0.00541	0.00811	0.00811	0.00819	0.00549	0.00549	0.00819	0.00811	0.01090	0.01106	0.01901	0.01098	0.02309	0.07840	0.76186	0.00614	0.00541	0.00270	0.00287
13	0.36244	0.32305	0.11904	0.01040	0.01551	0.01777	0.01042	0.01880	0.01185	0.05084	0.00949	0.01074	0.00762	0.00560	0.00421	0.00167	0.00606	0.00358	0.00332	0.00760
14	0.01768	0.06663	0.01716	0.09160	0.05311	0.07528	0.04493	0.12306	0.13995	0.15124	0.08354	0.07395	0.01835	0.00830	0.00621	0.00191	0.00626	0.00700	0.00529	0.00853
15	0.00939	0.00639	0.00829	0.00782	0.00938	0.00584	0.00586	0.01206	0.01680	0.05755	0.62748	0.09103	0.09312	0.01286	0.00721	0.00197	0.00305	0.01134	0.00665	0.00591
16	0.00770	0.00550	0.00739	0.00881	0.00927	0.00518	0.00611	0.00895	0.01196	0.01590	0.03360	0.70779	0.03995	0.01894	0.00788	0.00252	0.00377	0.08805	0.00568	0.00504
17	0.01436	0.01692	0.16048	0.07853	0.06890	0.01334	0.17313	0.06955	0.09874	0.03856	0.01390	0.02915	0.01075	0.00607	0.00601	0.00176	0.00734	0.00568	0.00381	0.18300
18	0.06614	0.01514	0.02703	0.09633	0.02757	0.01538	0.41047	0.14375	0.06009	0.02359	0.04312	0.01734	0.01176	0.00617	0.00665	0.00201	0.00849	0.00664	0.00397	0.00837
19	0.01161	0.00900	0.01038	0.01022	0.01219	0.00966	0.00754	0.01999	0.32804	0.04412	0.10800	0.34532	0.03209	0.01334	0.00700	0.00223	0.00409	0.01178	0.00610	0.00729
20	0.05202	0.01652	0.06500	0.07787	0.11520	0.10028	0.09221	0.16547	0.05713	0.13453	0.05186	0.01732	0.01299	0.00683	0.00612	0.00188	0.00735	0.00582	0.00471	0.00889
21	0.14686	0.02124	0.01230	0.06257	0.01485	0.01135	0.00879	0.06225	0.08392	0.12939	0.02178	0.17491	0.06159	0.01126	0.00870	0.04664	0.09070	0.01878	0.00499	0.00711

[dist]
# distance from previous block
# <min> <max>
2	28

[block]
# block no. 2 follows, 37 sequences, length 20
# corresponding to MSA columns:
# 155-174
name=unknown_C
#
# <colnr> <probs for GDERKNQSTAVLIFYWHMCP>
#	G	D	E	R	K	N	Q	S	T	A	V	L	I	F	Y	W	H	M	C	P
0	0.03616	0.06256	0.00913	0.00797	0.00953	0.05556	0.00590	0.01225	0.01291	0.01826	0.06361	0.30199	0.12714	0.02726	0.00666	0.00202	0.00405	0.01091	0.22054	0.00560
1	0.07458	0.06275	0.01547	0.03515	0.01641	0.03157	0.00928	0.24931	0.06447	0.06078	0.01452	0.04253	0.01185	0.04394	0.00661	0.00178	0.00575	0.00533	0.00478	0.24313
2	0.09318	0.01423	0.08759	0.07068	0.04153	0.04576	0.03260	0.09092	0.11175	0.14671	0.04551	0.05983	0.06178	0.00807	0.00598	0.00189	0.00601	0.00664	0.00503	0.06430
3	0.08360	0.10126	0.05395	0.01345	0.01824	0.02925	0.08132	0.17164	0.10081	0.19704	0.01602	0.01606	0.01148	0.00683	0.00622	0.00183	0.03350	0.00540	0.00514	0.04693
4	0.01439	0.00866	0.01155	0.01213	0.09185	0.00820	0.00809	0.03416	0.05873	0.20092	0.15518	0.18469	0.10967	0.06299	0.00845	0.00231	0.00451	0.01020	0.00596	0.00733
5	0.00970	0.00728	0.00945	0.05803	0.01282	0.00736	0.00802	0.04804	0.03200	0.01825	0.06509	0.24879	0.12095	0.06989	0.00935	0.00270	0.00486	0.25632	0.00542	0.00569
6	0.07399	0.00985	0.01107	0.01012	0.01299	0.05656	0.00824	0.01960	0.03956	0.25886	0.09360	0.06011	0.08581	0.01114	0.00666	0.00212	0.00508	0.17937	0.04780	0.00745
7	0.01802	0.34149	0.19601	0.06586	0.02017	0.01716	0.01345	0.03813	0.01421	0.20150	0.01334	0.01390	0.00975	0.00607	0.00514	0.00167	0.00692	0.00450	0.00395	0.00877
8	0.00786	0.00571	0.00742	0.00807	0.00893	0.00527	0.00564	0.00960	0.01383	0.01880	0.28326	0.47358	0.09612	0.01659	0.00757	0.00226	0.00329	0.01488	0.00605	0.00527
9	0.01155	0.00953	0.01384	0.01460	0.10317	0.01128	0.01021	0.06287	0.01148	0.01651	0.01383	0.02031	0.01278	0.04615	0.41836	0.04846	0.15927	0.00610	0.00331	0.00639
10	0.01242	0.03070	0.70740	0.01798	0.02684	0.01430	0.06741	0.01940	0.01302	0.01940	0.01107	0.01315	0.00785	0.00577	0.00591	0.00195	0.00913	0.00470	0.00262	0.00900
11	0.01124	0.01064	0.01920	0.01609	0.01864	0.01092	0.25123	0.01416	0.01292	0.01753	0.02268	0.23900	0.02420	0.01271	0.00944	0.00245	0.11087	0.18520	0.00439	0.00649
12	0.01241	0.00737	0.00895	0.00820	0.01049	0.00676	0.00631	0.01557	0.05823	0.16120	0.27368	0.08972	0.22550	0.01229	0.00684	0.00199	0.00361	0.02539	0.05883	0.00668
13	0.01304	0.00770	0.00931	0.00826	0.01061	0.00708	0.00632	0.05971	0.01635	0.16745	0.28505	0.06582	0.21914	0.06180	0.00841	0.00221	0.00387	0.01012	0.03106	0.00668
14	0.00787	0.00585	0.00799	0.06437	0.01130	0.00574	0.00648	0.00923	0.01190	0.01582	0.05605	0.63416	0.06236	0.04017	0.02763	0.00271	0.00425	0.01563	0.00538	0.00512
15	0.01276	0.12009	0.66892	0.01663	0.02523	0.01538	0.02120	0.01926	0.01287	0.01880	0.01070	0.01256	0.00777	0.00575	0.00560	0.00187	0.00875	0.00438	0.00259	0.00891
16	0.00813	0.00581	0.00786	0.00920	0.00987	0.00554	0.00677	0.00973	0.01258	0.01672	0.06540	0.56402	0.03991	0.01829	0.00795	0.00255	0.00406	0.19470	0.00572	0.00518
17	0.01620	0.00859	0.01092	0.01001	0.01268	0.00818	0.00800	0.06067	0.05464	0.26255	0.06596	0.17537	0.07110	0.01227	0.00691	0.00217	0.00465	0.14273	0.05881	0.00758
18	0.01422	0.12617	0.56236	0.01638	0.02443	0.01511	0.05349	0.02017	0.01333	0.08210	0.01187	0.01338	0.00848	0.00586	0.00567	0.00186	0.00845	0.00463	0.00305	0.00897
19	0.03296	0.01321	0.10278	0.03727	0.01840	0.01089	0.07942	0.10337	0.01665	0.25577	0.04727	0.07625	0.01988	0.00979	0.00677	0.00214	0.00632	0.14683	0.00563	0.00840

[dist]
# distance from previous block
# <min> <max>
1	3

[block]
# block no. 3 follows, 37 sequences, length 15
# corresponding to MSA columns:
# 178-192
name=unknown_D
#
# <colnr> <probs for GDERKNQSTAVLIFYWHMCP>
#	G	D	E	R	K	N	Q	S	T	A	V	L	I	F	Y	W	H	M	C	P
0	0.07238	0.01017	0.01140	0.07960	0.01492	0.05428	0.00838	0.02986	0.07775	0.03071	0.03023	0.11164	0.01917	0.13300	0.08438	0.00333	0.02209	0.07378	0.00431	0.12861
1	0.01818	0.30397	0.13668	0.01507	0.05782	0.12111	0.05504	0.09017	0.03967	0.09035	0.01209	0.01313	0.00935	0.00602	0.00525	0.00165	0.00764	0.00453	0.00368	0.00861
2	0.00946	0.00643	0.00830	0.00836	0.00967	0.00605	0.00606	0.01224	0.04726	0.05949	0.38658	0.32421	0.06308	0.01468	0.00735	0.00215	0.00336	0.01308	0.00633	0.00588
3	0.02586	0.01099	0.01435	0.01112	0.01569	0.01004	0.00914	0.09676	0.04305	0.62705	0.05302	0.02134	0.01658	0.00778	0.00620	0.00190	0.00525	0.00632	0.00735	0.01020
4	0.01071	0.00902	0.01367	0.22770	0.11333	0.00993	0.01138	0.01438	0.05539	0.01771	0.10181	0.12353	0.02352	0.06345	0.09313	0.00327	0.00717	0.09013	0.00426	0.00651
5	0.03661	0.01900	0.22353	0.01776	0.02379	0.01416	0.22915	0.12880	0.01646	0.13790	0.01527	0.01901	0.01151	0.00696	0.00683	0.00203	0.02802	0.05002	0.00429	0.00890
6	0.00932	0.00665	0.00819	0.00877	0.00998	0.00643	0.00634	0.01226	0.08155	0.04609	0.07340	0.42499	0.14099	0.05790	0.00880	0.00255	0.00397	0.08036	0.00575	0.00570
7	0.00777	0.00563	0.00760	0.00872	0.00932	0.00546	0.00611	0.00915	0.01183	0.01588	0.05545	0.59773	0.06092	0.02238	0.11040	0.00347	0.00536	0.04635	0.00539	0.00510
8	0.01372	0.09010	0.09009	0.39293	0.10690	0.05550	0.03932	0.01775	0.02747	0.03177	0.01103	0.01496	0.00862	0.00635	0.00699	0.00196	0.06883	0.00516	0.00293	0.00761
9	0.07891	0.01427	0.04783	0.08764	0.04951	0.07449	0.06819	0.17209	0.07342	0.04464	0.08988	0.09181	0.01930	0.00898	0.00639	0.00201	0.00654	0.05129	0.00488	0.00791
10	0.01665	0.01012	0.01220	0.01084	0.01371	0.01058	0.00854	0.05842	0.22818	0.21892	0.07615	0.14034	0.02374	0.01054	0.00709	0.00209	0.03628	0.04960	0.05770	0.00832
11	0.01444	0.07839	0.06210	0.09945	0.01879	0.05164	0.03811	0.05450	0.01441	0.08645	0.05016	0.02044	0.08324	0.00927	0.05014	0.00204	0.00665	0.00576	0.00414	0.24988
12	0.01644	0.14576	0.10312	0.01091	0.01627	0.01243	0.01015	0.07482	0.01516	0.15126	0.06841	0.01633	0.01357	0.00617	0.00520	0.00142	0.00558	0.00483	0.00447	0.31770
13	0.01061	0.10896	0.05533	0.00973	0.01182	0.00913	0.00806	0.01329	0.05147	0.04667	0.02866	0.34850	0.07427	0.07813	0.00903	0.00256	0.00489	0.11778	0.00504	0.00607
14	0.01386	0.04834	0.05103	0.07640	0.01766	0.01036	0.09150	0.05513	0.05743	0.13583	0.03829	0.31614	0.02426	0.01181	0.00687	0.00216	0.00567	0.02471	0.00522	0.00732

[dist]
# distance from previous block
# <min> <max>
5	41

[block]
# block no. 4 follows, 37 sequences, length 13
# corresponding to MSA columns:
# 234-246
name=unknown_E
#
# <colnr> <probs for GDERKNQSTAVLIFYWHMCP>
#	G	D	E	R	K	N	Q	S	T	A	V	L	I	F	Y	W	H	M	C	P
0	0.07388	0.21577	0.04678	0.01531	0.02019	0.06382	0.19340	0.04026	0.12270	0.05186	0.01309	0.01460	0.01024	0.00612	0.00607	0.00176	0.03647	0.00521	0.00378	0.05868
1	0.01321	0.01072	0.04651	0.00967	0.01358	0.00883	0.00796	0.06812	0.07071	0.08776	0.06960	0.12786	0.12809	0.00950	0.00601	0.00166	0.00454	0.00802	0.00510	0.30253
2	0.05865	0.08863	0.18809	0.01722	0.12884	0.01605	0.01429	0.15587	0.19064	0.05873	0.01539	0.01592	0.01148	0.00667	0.00575	0.00187	0.00670	0.00533	0.00450	0.00939
3	0.01356	0.01120	0.01775	0.59372	0.06188	0.01330	0.01552	0.07154	0.01394	0.07140	0.01326	0.05282	0.01044	0.00692	0.00620	0.00203	0.00758	0.00607	0.00349	0.00736
4	0.01160	0.00752	0.01041	0.06387	0.04424	0.00772	0.00767	0.01343	0.01181	0.11840	0.02521	0.07002	0.12704	0.17185	0.27574	0.00552	0.00917	0.00834	0.00440	0.00603
5	0.07338	0.20274	0.01865	0.12145	0.01903	0.14212	0.02450	0.06217	0.04177	0.05948	0.01553	0.13258	0.01466	0.02668	0.00624	0.00193	0.00687	0.01892	0.00400	0.00729
6	0.01411	0.04497	0.01831	0.38366	0.08359	0.01380	0.02998	0.07542	0.01390	0.07823	0.01448	0.09933	0.01256	0.00810	0.00760	0.00207	0.08191	0.00675	0.00375	0.00748
7	0.00807	0.00577	0.00778	0.00908	0.00974	0.00548	0.00661	0.00963	0.01259	0.01678	0.07737	0.57760	0.04039	0.01826	0.00792	0.00252	0.00397	0.16952	0.00574	0.00517
8	0.03758	0.08134	0.44341	0.13040	0.06336	0.01416	0.03490	0.01813	0.01296	0.03325	0.01465	0.01673	0.06029	0.00650	0.00581	0.00191	0.00803	0.00527	0.00300	0.00831
9	0.01516	0.07471	0.02304	0.21589	0.12660	0.07025	0.14713	0.06871	0.04264	0.03294	0.01235	0.03587	0.01011	0.00684	0.00767	0.00199	0.09086	0.00589	0.00341	0.00795
10	0.01275	0.00904	0.01228	0.04569	0.09356	0.00913	0.01916	0.12008	0.01501	0.07174	0.05181	0.32383	0.05015	0.06111	0.00939	0.04337	0.00512	0.03488	0.00519	0.00669
11	0.01221	0.00789	0.00954	0.00931	0.01103	0.00796	0.00685	0.02744	0.14631	0.10800	0.09012	0.26796	0.04414	0.12973	0.01066	0.00277	0.00445	0.06035	0.03673	0.00655
12	0.03633	0.03991	0.05068	0.05890	0.11841	0.10180	0.17169	0.05910	0.07144	0.17115	0.01490	0.01633	0.01089	0.00654	0.00684	0.00192	0.04421	0.00578	0.00436	0.00881

[dist]
# distance from previous block
# <min> <max>
9	44

[block]
# block no. 5 follows, 37 sequences, length 16
# corresponding to MSA columns:
# 292-307
name=unknown_F
#
# <colnr> <probs for GDERKNQSTAVLIFYWHMCP>
#	G	D	E	R	K	N	Q	S	T	A	V	L	I	F	Y	W	H	M	C	P
0	0.04715	0.07071	0.07852	0.05735	0.01714	0.03293	0.01055	0.21116	0.11462	0.04848	0.06563	0.06485	0.06911	0.04719	0.03563	0.00240	0.00638	0.00709	0.00501	0.00808
1	0.01833	0.01536	0.01538	0.01281	0.01686	0.07080	0.01019	0.27571	0.35357	0.02888	0.01888	0.01827	0.01410	0.00748	0.00595	0.00184	0.00589	0.00590	0.02871	0.07509
2	0.01418	0.01350	0.02274	0.20980	0.54532	0.01402	0.01782	0.01788	0.01348	0.01896	0.01133	0.01531	0.00930	0.00557	0.00600	0.00183	0.00735	0.00536	0.00298	0.04724
3	0.01446	0.15800	0.23579	0.02036	0.02714	0.01679	0.37793	0.04205	0.01412	0.01923	0.01138	0.01426	0.00864	0.00543	0.00621	0.00189	0.00918	0.00571	0.00297	0.00848
4	0.01518	0.01442	0.08342	0.06670	0.25507	0.01277	0.16750	0.03513	0.03845	0.10842	0.06883	0.07494	0.01611	0.00738	0.00653	0.00197	0.00719	0.00718	0.00418	0.00863
5	0.01226	0.01153	0.01931	0.57205	0.17710	0.01371	0.01695	0.01611	0.01254	0.01656	0.01174	0.01803	0.00950	0.00657	0.00669	0.00205	0.03455	0.03256	0.00289	0.00731
6	0.01156	0.01088	0.01836	0.77016	0.04216	0.01360	0.01700	0.01564	0.01224	0.01564	0.01088	0.01632	0.00816	0.00612	0.00612	0.00204	0.00816	0.00544	0.00272	0.00680
7	0.03990	0.20159	0.22236	0.06953	0.02187	0.03794	0.08229	0.02094	0.01396	0.18213	0.01422	0.04327	0.01082	0.00655	0.00561	0.00181	0.00738	0.00535	0.00394	0.00855
8	0.01495	0.17740	0.25689	0.12031	0.07647	0.03605	0.04606	0.01907	0.01318	0.09563	0.01252	0.01556	0.00980	0.04404	0.03513	0.00229	0.00811	0.00502	0.00329	0.00821
9	0.00782	0.00588	0.00728	0.00784	0.00897	0.00533	0.00564	0.00957	0.01386	0.01829	0.22353	0.36965	0.22812	0.01640	0.00754	0.00225	0.00336	0.04747	0.00595	0.00526
10	0.16156	0.01097	0.01337	0.01051	0.01495	0.01039	0.00865	0.07798	0.01714	0.54539	0.05178	0.01962	0.01520	0.00745	0.00580	0.00189	0.00514	0.00584	0.00679	0.00958
11	0.01562	0.10738	0.20799	0.02152	0.14939	0.04678	0.20185	0.02039	0.03370	0.07786	0.01239	0.01475	0.00942	0.00601	0.00679	0.00190	0.04872	0.00547	0.00333	0.00874
12	0.01363	0.01304	0.10032	0.14610	0.11434	0.01147	0.05344	0.05825	0.06734	0.08651	0.04699	0.13208	0.05363	0.00972	0.00668	0.00210	0.00639	0.06558	0.00460	0.00779
13	0.00792	0.00577	0.00703	0.00757	0.00835	0.00534	0.00510	0.00916	0.01248	0.01651	0.15548	0.37016	0.16768	0.17797	0.01250	0.00304	0.00386	0.01374	0.00545	0.00488
14	0.06309	0.07043	0.10701	0.16243	0.08026	0.01310	0.05315	0.01965	0.09818	0.10858	0.01831	0.08772	0.04413	0.00802	0.00634	0.00198	0.02353	0.00681	0.01930	0.00798
15	0.01765	0.08020	0.09420	0.01826	0.15249	0.16695	0.04298	0.10582	0.03403	0.07282	0.03693	0.01651	0.03264	0.00683	0.00639	0.00176	0.04051	0.00536	0.02514	0.04252

[dist]
# distance from previous block
# <min> <max>
0	1

[block]
# block no. 6 follows, 37 sequences, length 28
# corresponding to MSA columns:
# 309-318,324-341
name=unknown_G
#
# <colnr> <probs for GDERKNQSTAVLIFYWHMCP>
#	G	D	E	R	K	N	Q	S	T	A	V	L	I	F	Y	W	H	M	C	P
0	0.03282	0.00701	0.00958	0.00871	0.01055	0.00647	0.04903	0.01181	0.01588	0.03482	0.48987	0.11842	0.15592	0.01291	0.00716	0.00201	0.00353	0.01145	0.00618	0.00586
1	0.09309	0.01308	0.01556	0.05989	0.09677	0.01348	0.01061	0.16749	0.16602	0.09638	0.01571	0.01623	0.01171	0.00649	0.00556	0.00170	0.00565	0.00522	0.00496	0.19439
2	0.01389	0.04947	0.17551	0.01267	0.01701	0.01373	0.01203	0.10623	0.26058	0.02394	0.12825	0.02565	0.06765	0.00892	0.00686	0.00201	0.03722	0.02477	0.00514	0.00846
3	0.01308	0.00793	0.01138	0.00959	0.01218	0.00714	0.05995	0.01588	0.01680	0.18299	0.45882	0.03947	0.11733	0.01120	0.00699	0.00194	0.00397	0.00990	0.00654	0.00692
4	0.01631	0.01428	0.11389	0.01357	0.04799	0.01021	0.08805	0.01983	0.01407	0.18716	0.01412	0.01510	0.01034	0.00550	0.00543	0.00143	0.00602	0.00479	0.00431	0.40760
5	0.01437	0.09612	0.01595	0.01165	0.05810	0.01176	0.00885	0.10693	0.04439	0.02170	0.01310	0.05954	0.01143	0.00606	0.00503	0.00127	0.00515	0.00490	0.00403	0.49968
6	0.04909	0.12894	0.05686	0.01467	0.04840	0.13497	0.01210	0.40784	0.02232	0.04883	0.01273	0.01336	0.00949	0.00668	0.00562	0.00173	0.00741	0.00484	0.00482	0.00930
7	0.01155	0.01074	0.01798	0.61724	0.11548	0.01287	0.01610	0.01530	0.01237	0.01611	0.01315	0.08983	0.01144	0.00731	0.00628	0.00206	0.00762	0.00659	0.00304	0.00694
8	0.00760	0.00539	0.00706	0.00835	0.00867	0.00506	0.00549	0.00856	0.01145	0.01526	0.03235	0.70953	0.03873	0.09292	0.01006	0.00282	0.00378	0.01658	0.00549	0.00485
9	0.01109	0.00840	0.03365	0.01209	0.08194	0.00746	0.00815	0.01395	0.06086	0.08597	0.05183	0.49084	0.03137	0.01453	0.00710	0.00221	0.00436	0.01306	0.00545	0.05571
10	0.01818	0.01384	0.01521	0.01270	0.01633	0.08485	0.04834	0.18307	0.19750	0.13331	0.12777	0.02514	0.02139	0.00868	0.00640	0.00195	0.00592	0.04474	0.02595	0.00873
11	0.00756	0.00540	0.00721	0.00864	0.00903	0.00506	0.00585	0.00869	0.01182	0.01574	0.03368	0.75196	0.04027	0.01909	0.00784	0.00250	0.00364	0.04536	0.00568	0.00500
12	0.00760	0.00552	0.00718	0.00824	0.00887	0.00509	0.00562	0.00895	0.01264	0.01689	0.13074	0.62721	0.09683	0.01800	0.00769	0.00238	0.00343	0.01621	0.00582	0.00509
13	0.52262	0.01347	0.01620	0.09496	0.01977	0.04204	0.15858	0.03252	0.01209	0.02429	0.00975	0.01215	0.00748	0.00568	0.00487	0.00193	0.00655	0.00443	0.00355	0.00708
14	0.01497	0.05094	0.10391	0.02359	0.02994	0.01541	0.59019	0.02004	0.01437	0.05606	0.01267	0.01609	0.00937	0.00535	0.00689	0.00201	0.00978	0.00674	0.00325	0.00842
15	0.02701	0.01115	0.01466	0.01124	0.01599	0.01008	0.00928	0.10548	0.01874	0.67356	0.02312	0.02017	0.01464	0.00755	0.00615	0.00189	0.00537	0.00609	0.00742	0.01042
16	0.00762	0.00557	0.00719	0.00837	0.00904	0.00515	0.00581	0.00891	0.01234	0.01621	0.06159	0.62176	0.12940	0.01835	0.00776	0.00243	0.00360	0.05813	0.00572	0.00506
17	0.01335	0.01258	0.02172	0.11246	0.45619	0.01276	0.07674	0.01680	0.01357	0.01884	0.01594	0.10376	0.01529	0.00810	0.00659	0.00203	0.00707	0.07432	0.00354	0.00835
18	0.01035	0.00545	0.00795	0.00795	0.00801	0.00551	0.00529	0.00824	0.00817	0.01096	0.01183	0.02107	0.01206	0.09913	0.06697	0.69356	0.00601	0.00575	0.00280	0.00292
19	0.01425	0.01580	0.03338	0.09636	0.10178	0.01521	0.59051	0.01916	0.01419	0.01928	0.01216	0.01636	0.00922	0.00528	0.00701	0.00204	0.00982	0.00689	0.00305	0.00826
20	0.01578	0.01425	0.05982	0.04444	0.02430	0.01291	0.36724	0.06211	0.01592	0.13787	0.11813	0.02235	0.04158	0.00725	0.00720	0.00201	0.02662	0.00744	0.00454	0.00823
21	0.01038	0.00872	0.01190	0.01136	0.01205	0.01046	0.00891	0.03128	0.01227	0.01740	0.13498	0.24385	0.02850	0.02979	0.08739	0.00326	0.25752	0.06949	0.00460	0.00590
22	0.01601	0.01482	0.02250	0.01745	0.02208	0.01568	0.26989	0.13210	0.35065	0.02536	0.03476	0.01982	0.01489	0.00711	0.00660	0.00203	0.00708	0.00691	0.00508	0.00919
23	0.71862	0.01420	0.01013	0.00910	0.01280	0.11525	0.00734	0.01887	0.01136	0.02577	0.00865	0.01009	0.00680	0.00577	0.00402	0.00185	0.00559	0.00340	0.00370	0.00669
24	0.12478	0.01203	0.09090	0.07574	0.01700	0.02398	0.06518	0.01626	0.10257	0.02038	0.11227	0.23510	0.03553	0.01106	0.00671	0.00214	0.01607	0.02073	0.00475	0.00681
25	0.00879	0.00619	0.00789	0.00860	0.00951	0.00587	0.00599	0.04536	0.01353	0.03270	0.12284	0.58898	0.08606	0.01728	0.00758	0.00234	0.00363	0.01550	0.00587	0.00547
26	0.04952	0.01420	0.12131	0.01080	0.01636	0.01021	0.00993	0.04726	0.06260	0.08390	0.03433	0.01503	0.01141	0.00563	0.00508	0.00133	0.00532	0.00448	0.00419	0.48711
27	0.03157	0.02685	0.08861	0.06412	0.13602	0.01197	0.06367	0.09136	0.01509	0.14034	0.01435	0.04178	0.01124	0.00728	0.00688	0.05117	0.00644	0.00555	0.00424	0.18147

[dist]
# distance from previous block
# <min> <max>
0	43

[block]
# block no. 7 follows, 37 sequences, length 9
# corresponding to MSA columns:
# 387-392,394-396
name=unknown_H
#
# <colnr> <probs for GDERKNQSTAVLIFYWHMCP>
#	G	D	E	R	K	N	Q	S	T	A	V	L	I	F	Y	W	H	M	C	P
0	0.01354	0.12498	0.09539	0.12074	0.09712	0.04340	0.03507	0.01753	0.06158	0.06508	0.05605	0.18148	0.01903	0.00921	0.00616	0.00193	0.00632	0.00799	0.00418	0.03322
1	0.00934	0.00767	0.01216	0.01075	0.01232	0.00757	0.11709	0.01123	0.01169	0.01589	0.09792	0.15816	0.07918	0.23025	0.18605	0.00495	0.00808	0.01005	0.00430	0.00535
2	0.01701	0.57184	0.02738	0.01145	0.01615	0.11624	0.01052	0.02131	0.12530	0.01621	0.01118	0.01199	0.00954	0.00585	0.00449	0.00146	0.00685	0.00392	0.00325	0.00804
3	0.00781	0.00577	0.00718	0.00775	0.00870	0.00528	0.00539	0.00938	0.01343	0.01788	0.22188	0.40748	0.17907	0.06278	0.00895	0.00247	0.00344	0.01439	0.00584	0.00514
4	0.01247	0.12799	0.01191	0.00805	0.00971	0.00910	0.00588	0.01344	0.01197	0.10820	0.14435	0.03278	0.02471	0.38982	0.01919	0.04719	0.00537	0.00787	0.00450	0.00551
5	0.01420	0.01095	0.01778	0.31389	0.02740	0.01186	0.11658	0.01932	0.10509	0.13160	0.01894	0.15152	0.01640	0.00876	0.00660	0.00210	0.00679	0.00809	0.00449	0.00762
6	0.52467	0.01466	0.01139	0.01012	0.01382	0.13018	0.00807	0.02202	0.12451	0.07185	0.01222	0.01282	0.00925	0.00631	0.00459	0.00187	0.00577	0.00416	0.00431	0.00742
7	0.08183	0.01845	0.23486	0.07175	0.02044	0.05751	0.01357	0.09168	0.05978	0.19100	0.03721	0.01705	0.01233	0.00685	0.00574	0.00188	0.00681	0.00535	0.05718	0.00874
8	0.01729	0.01421	0.04481	0.07581	0.01785	0.12676	0.02652	0.09460	0.01714	0.16690	0.19190	0.02272	0.02193	0.00800	0.00645	0.00176	0.02439	0.00650	0.00521	0.10924

[dist]
# distance from previous block
# <min> <max>
3	22

[block]
# block no. 8 follows, 37 sequences, length 27
# corresponding to MSA columns:
# 419-445
name=unknown_I
#
# <colnr> <probs for GDERKNQSTAVLIFYWHMCP>
#	G	D	E	R	K	N	Q	S	T	A	V	L	I	F	Y	W	H	M	C	P
0	0.01349	0.01325	0.04825	0.10665	0.18474	0.09877	0.01202	0.01690	0.03673	0.05089	0.18265	0.08099	0.05454	0.00899	0.00675	0.00190	0.02656	0.00772	0.00446	0.04374
1	0.05128	0.40388	0.09827	0.01311	0.07036	0.01838	0.01152	0.04962	0.07406	0.01874	0.04352	0.04818	0.01263	0.00658	0.00491	0.00158	0.00622	0.00496	0.00353	0.05867
2	0.01344	0.01569	0.11554	0.20742	0.05602	0.12704	0.04423	0.01686	0.01401	0.04061	0.09848	0.10380	0.01878	0.00875	0.00675	0.00198	0.02810	0.03646	0.00389	0.04216
3	0.01511	0.05621	0.11060	0.01297	0.01669	0.09088	0.05498	0.07784	0.12244	0.08481	0.10361	0.16487	0.02239	0.00989	0.00681	0.00201	0.02665	0.00837	0.00502	0.00784
4	0.01514	0.27317	0.42934	0.01472	0.02194	0.04992	0.01723	0.04587	0.01375	0.05092	0.01085	0.01226	0.00822	0.00579	0.00522	0.00171	0.00807	0.00421	0.00297	0.00869
5	0.08048	0.01545	0.12883	0.08597	0.26571	0.01304	0.01466	0.05094	0.06755	0.07100	0.01424	0.05563	0.01166	0.00665	0.00580	0.00183	0.00658	0.00574	0.00389	0.09433
6	0.01225	0.01006	0.01064	0.01022	0.04989	0.06069	0.00728	0.05336	0.05943	0.02107	0.09997	0.10582	0.12601	0.00956	0.00584	0.00167	0.00445	0.00803	0.16722	0.17655
7	0.01080	0.00851	0.00991	0.00826	0.01153	0.00724	0.00641	0.01429	0.06425	0.04326	0.24664	0.03462	0.19905	0.00991	0.00616	0.00160	0.00374	0.00839	0.00536	0.30007
8	0.01442	0.01430	0.06652	0.27050	0.18477	0.01435	0.10352	0.11989	0.05351	0.02130	0.01379	0.05198	0.01118	0.00677	0.00627	0.00197	0.00757	0.00626	0.02284	0.00831
9	0.01433	0.12001	0.08241	0.15876	0.32211	0.01518	0.06012	0.01825	0.02880	0.04058	0.01276	0.05528	0.01093	0.00655	0.00631	0.00188	0.02816	0.00587	0.00323	0.00848
10	0.02799	0.01215	0.01663	0.01342	0.03941	0.01139	0.10862	0.16035	0.03252	0.08967	0.01878	0.09408	0.04706	0.00803	0.00606	0.00170	0.00583	0.03610	0.00483	0.26537
11	0.07579	0.01007	0.01390	0.01297	0.07305	0.01004	0.02463	0.05875	0.01455	0.33200	0.01868	0.05332	0.01434	0.01637	0.15610	0.06434	0.03127	0.00638	0.00533	0.00814
12	0.63415	0.01223	0.01062	0.00909	0.01307	0.01377	0.00747	0.08465	0.04405	0.10558	0.01146	0.01209	0.00840	0.00615	0.00436	0.00190	0.00497	0.00397	0.00451	0.00751
13	0.01448	0.01135	0.01776	0.02104	0.28549	0.01112	0.06849	0.01910	0.09086	0.11522	0.16512	0.06185	0.07378	0.00876	0.00658	0.00194	0.00565	0.00804	0.00501	0.00835
14	0.00770	0.00616	0.00689	0.00683	0.00859	0.00535	0.00508	0.00965	0.01488	0.01902	0.27693	0.10254	0.47921	0.01480	0.00727	0.00205	0.00306	0.01263	0.00602	0.00535
15	0.01505	0.01415	0.02356	0.14335	0.60532	0.01464	0.01815	0.05570	0.01447	0.02034	0.01159	0.01530	0.00951	0.00565	0.00607	0.00185	0.00737	0.00546	0.00315	0.00931
16	0.00998	0.00736	0.00978	0.00904	0.00993	0.00733	0.05819	0.05985	0.01136	0.01519	0.02181	0.20852	0.02470	0.49481	0.02221	0.00456	0.00576	0.01051	0.00429	0.00481
17	0.43754	0.01375	0.01359	0.01251	0.06898	0.01541	0.00938	0.24116	0.06741	0.04952	0.01224	0.01301	0.00911	0.00642	0.00492	0.00188	0.00557	0.00449	0.00473	0.00836
18	0.01667	0.01520	0.05540	0.08155	0.46253	0.01485	0.03839	0.12418	0.04650	0.06524	0.01324	0.01576	0.01029	0.00603	0.00611	0.00186	0.00721	0.00558	0.00385	0.00957
19	0.05457	0.06784	0.04048	0.01615	0.12751	0.01492	0.01170	0.15245	0.16750	0.14503	0.01682	0.01755	0.01264	0.01034	0.06756	0.00256	0.05453	0.00569	0.00501	0.00913
20	0.02010	0.01616	0.07237	0.01408	0.01890	0.01585	0.06139	0.44039	0.07199	0.09586	0.09349	0.01909	0.01616	0.00772	0.00630	0.00189	0.00649	0.00630	0.00585	0.00962
21	0.01381	0.01221	0.01547	0.10119	0.06951	0.07198	0.06618	0.01993	0.17696	0.05530	0.08922	0.05063	0.07354	0.00936	0.00736	0.00206	0.05397	0.05640	0.04737	0.00755
22	0.01385	0.01000	0.01179	0.00905	0.01344	0.00827	0.00718	0.01764	0.06739	0.09798	0.09978	0.01907	0.01670	0.00630	0.00512	0.00126	0.00429	0.00519	0.07728	0.50842
23	0.05007	0.07045	0.14418	0.01631	0.02111	0.01435	0.21602	0.07193	0.13098	0.02108	0.01722	0.13598	0.01543	0.01773	0.00709	0.00210	0.02806	0.00771	0.00414	0.00807
24	0.01889	0.01279	0.01382	0.01121	0.01487	0.01386	0.00905	0.38897	0.09845	0.07662	0.04839	0.01942	0.01498	0.00762	0.00569	0.00176	0.00524	0.00599	0.22350	0.00888
25	0.01957	0.00919	0.01317	0.01068	0.01411	0.00819	0.06060	0.02183	0.01552	0.42891	0.07898	0.11321	0.05680	0.07212	0.00848	0.00229	0.00507	0.00842	0.04459	0.00827
26	0.01317	0.02723	0.01781	0.07452	0.01900	0.01017	0.20531	0.01681	0.04564	0.10770	0.14762	0.14789	0.02514	0.06717	0.00863	0.00233	0.00614	0.00923	0.04147	0.00703

[dist]
# distance from previous block
# <min> <max>
4	16

[block]
# block no. 9 follows, 37 sequences, length 16
# corresponding to MSA columns:
# 467-482
name=unknown_J
#
# <colnr> <probs for GDERKNQSTAVLIFYWHMCP>
#	G	D	E	R	K	N	Q	S	T	A	V	L	I	F	Y	W	H	M	C	P
0	0.08902	0.00966	0.01175	0.01037	0.01337	0.00961	0.02722	0.08766	0.01473	0.06247	0.03763	0.03236	0.03257	0.01131	0.03941	0.00228	0.03278	0.19909	0.11726	0.15945
1	0.00781	0.00560	0.00742	0.00828	0.00896	0.00521	0.00571	0.00941	0.01335	0.01823	0.24052	0.56669	0.04552	0.01724	0.00764	0.00232	0.00336	0.01556	0.00599	0.00521
2	0.01416	0.00773	0.00984	0.00858	0.01116	0.00699	0.00669	0.01726	0.04542	0.23438	0.39794	0.03967	0.15256	0.01139	0.00687	0.00194	0.00367	0.00977	0.00679	0.00718
3	0.01596	0.01277	0.01381	0.01216	0.01543	0.01433	0.00947	0.21677	0.40783	0.02727	0.02379	0.16252	0.02052	0.01008	0.00650	0.00209	0.00512	0.00850	0.00610	0.00900
4	0.67746	0.01283	0.01075	0.00918	0.01318	0.01471	0.00757	0.15058	0.01385	0.02954	0.00968	0.01083	0.00734	0.00599	0.00423	0.00188	0.00511	0.00373	0.00423	0.00734
5	0.10703	0.01450	0.01534	0.01255	0.01679	0.01613	0.01015	0.33436	0.28117	0.09951	0.01861	0.01770	0.01344	0.00754	0.00591	0.00193	0.00569	0.00585	0.00605	0.00974
6	0.01913	0.06761	0.02030	0.02099	0.26100	0.01583	0.01331	0.29051	0.01984	0.10547	0.04622	0.03679	0.01328	0.00725	0.00654	0.00185	0.03370	0.00596	0.00490	0.00952
7	0.01608	0.73606	0.08209	0.01096	0.01646	0.02353	0.01132	0.01840	0.01247	0.01475	0.00868	0.01003	0.00785	0.00528	0.00406	0.00135	0.00672	0.00336	0.00262	0.00794
8	0.77018	0.01222	0.00967	0.00848	0.01235	0.01411	0.00699	0.06898	0.01174	0.02826	0.00897	0.01029	0.00690	0.00580	0.00396	0.00189	0.00488	0.00347	0.00396	0.00690
9	0.00864	0.00588	0.00700	0.00743	0.00761	0.00579	0.00460	0.00909	0.00992	0.01319	0.02354	0.21159	0.02736	0.55446	0.02418	0.00492	0.00537	0.06099	0.00430	0.00414
10	0.00803	0.00607	0.00742	0.00743	0.00885	0.00545	0.00544	0.01020	0.01532	0.02059	0.41643	0.18709	0.25013	0.01461	0.00734	0.00207	0.00307	0.01278	0.00624	0.00545
11	0.01138	0.02673	0.61351	0.01578	0.02320	0.01249	0.01945	0.01735	0.01270	0.01868	0.01524	0.15667	0.01388	0.00832	0.00619	0.00204	0.00802	0.00693	0.00316	0.00828
12	0.06688	0.00693	0.00808	0.00771	0.00971	0.00636	0.00581	0.01261	0.01493	0.09886	0.28776	0.15727	0.26746	0.01349	0.00696	0.00205	0.00344	0.01157	0.00612	0.00602
13	0.01102	0.00691	0.01012	0.00961	0.00969	0.00799	0.00698	0.00944	0.00836	0.01164	0.01053	0.01799	0.01046	0.02093	0.07216	0.61459	0.14988	0.00541	0.00270	0.00360
14	0.01766	0.64416	0.02951	0.01115	0.01632	0.02324	0.01069	0.15085	0.01550	0.01893	0.00967	0.01073	0.00833	0.00563	0.00434	0.00141	0.00658	0.00369	0.00327	0.00833
15	0.01294	0.00782	0.00968	0.00861	0.01080	0.00707	0.00620	0.01496	0.04085	0.15138	0.07248	0.16965	0.03890	0.22726	0.03165	0.02127	0.00503	0.00908	0.00509	0.14928

[dist]
# distance from previous block
# <min> <max>
0	2

[block]
# block no. 10 follows, 37 sequences, length 7
# corresponding to MSA columns:
# 512-518
name=unknown_K
#
# <colnr> <probs for GDERKNQSTAVLIFYWHMCP>
#	G	D	E	R	K	N	Q	S	T	A	V	L	I	F	Y	W	H	M	C	P
0	0.01656	0.28455	0.24142	0.01761	0.14065	0.04547	0.01552	0.08772	0.01490	0.06564	0.01136	0.01283	0.00884	0.00583	0.00525	0.00168	0.00751	0.00443	0.00335	0.00889
1	0.01372	0.01176	0.01680	0.02087	0.28259	0.01263	0.01241	0.08637	0.16040	0.02106	0.01726	0.06742	0.01505	0.01807	0.21120	0.00409	0.00897	0.00681	0.00421	0.00832
2	0.06245	0.00937	0.00977	0.01044	0.08043	0.04564	0.00701	0.07595	0.04463	0.02337	0.01768	0.02086	0.01418	0.04356	0.00599	0.00177	0.00435	0.00564	0.51024	0.00668
3	0.01664	0.08840	0.04105	0.13333	0.28782	0.01492	0.06360	0.08823	0.05283	0.10708	0.03735	0.01686	0.01195	0.00633	0.00600	0.00185	0.00703	0.00569	0.00406	0.00901
4	0.00795	0.00591	0.00796	0.00913	0.00952	0.00592	0.00638	0.00913	0.01171	0.01572	0.03211	0.69576	0.03824	0.01854	0.00859	0.00252	0.05029	0.05403	0.00550	0.00511
5	0.01318	0.05943	0.01898	0.46342	0.14490	0.08537	0.01518	0.01647	0.01280	0.01597	0.01212	0.04826	0.01048	0.05009	0.00739	0.00215	0.00789	0.00586	0.00298	0.00710
6	0.01422	0.01362	0.02127	0.04795	0.30011	0.03609	0.13208	0.02100	0.18063	0.02054	0.01800	0.06181	0.01586	0.00802	0.00662	0.00206	0.00700	0.08033	0.00418	0.00862

[dist]
# distance from previous block
# <min> <max>
0	3

[block]
# block no. 11 follows, 37 sequences, length 6
# corresponding to MSA columns:
# 522-527
name=unknown_L
#
# <colnr> <probs for GDERKNQSTAVLIFYWHMCP>
#	G	D	E	R	K	N	Q	S	T	A	V	L	I	F	Y	W	H	M	C	P
0	0.00974	0.00861	0.00951	0.01004	0.01066	0.07981	0.00715	0.01091	0.01176	0.01521	0.02683	0.54065	0.03136	0.05322	0.05938	0.00306	0.08818	0.01371	0.00487	0.00534
1	0.01643	0.13511	0.20165	0.01358	0.05684	0.01332	0.01277	0.02168	0.09179	0.16871	0.03960	0.01631	0.01251	0.00631	0.00545	0.00164	0.00623	0.00502	0.00437	0.17070
2	0.00918	0.00719	0.01067	0.01042	0.01141	0.00868	0.00819	0.01128	0.00979	0.01426	0.01562	0.02306	0.01463	0.04263	0.69171	0.00917	0.08686	0.00645	0.00322	0.00558
3	0.01445	0.01651	0.03612	0.02580	0.03199	0.01548	0.72446	0.01961	0.01445	0.01961	0.01238	0.01651	0.00929	0.00516	0.00722	0.00206	0.01032	0.00722	0.00310	0.00826
4	0.02281	0.01270	0.01928	0.05853	0.09864	0.01217	0.11265	0.12393	0.01798	0.42754	0.01905	0.01850	0.01268	0.00689	0.00629	0.00191	0.00654	0.00610	0.00598	0.00983
5	0.01539	0.15007	0.10324	0.10905	0.31205	0.01618	0.03850	0.05071	0.08404	0.04451	0.01275	0.01508	0.01006	0.00595	0.00573	0.00180	0.00721	0.00520	0.00347	0.00899

[dist]
# distance from previous block
# <min> <max>
0	20

[block]
# block no. 12 follows, 37 sequences, length 8
# corresponding to MSA columns:
# 548-555
name=unknown_M
#
# <colnr> <probs for GDERKNQSTAVLIFYWHMCP>
#	G	D	E	R	K	N	Q	S	T	A	V	L	I	F	Y	W	H	M	C	P
0	0.14089	0.34850	0.22676	0.01282	0.01815	0.01904	0.01366	0.01806	0.01183	0.01786	0.00913	0.01120	0.00766	0.00624	0.00671	0.00177	0.11516	0.00392	0.00280	0.00783
1	0.01211	0.04583	0.44835	0.08889	0.02337	0.01281	0.01727	0.06075	0.01435	0.02048	0.11628	0.07999	0.01766	0.00795	0.00617	0.00197	0.00743	0.00660	0.00365	0.00808
2	0.00917	0.00605	0.00729	0.00786	0.00855	0.00594	0.00556	0.01050	0.01141	0.01590	0.02693	0.17893	0.06125	0.31888	0.01659	0.00374	0.00483	0.16470	0.13119	0.00474
3	0.12454	0.00736	0.00880	0.00966	0.01136	0.00742	0.00803	0.01226	0.01323	0.01897	0.03382	0.15554	0.14202	0.01541	0.00752	0.00253	0.00483	0.40570	0.00539	0.00561
4	0.12747	0.13083	0.01491	0.01110	0.01356	0.01328	0.00956	0.08461	0.01418	0.02101	0.06362	0.05235	0.02130	0.01103	0.00822	0.00221	0.11374	0.23757	0.04272	0.00673
5	0.01361	0.01230	0.01743	0.01494	0.01632	0.01524	0.06909	0.11432	0.01335	0.01898	0.01569	0.13845	0.01616	0.01171	0.01404	0.00249	0.40941	0.07555	0.00395	0.00698
6	0.14277	0.48960	0.09447	0.01105	0.01630	0.02035	0.01099	0.05431	0.04870	0.04769	0.01047	0.01145	0.00860	0.00571	0.00439	0.00155	0.00637	0.00380	0.00334	0.00809
