[name]
unknown

[dist]
# distance from previous block
# <min> <max>
0	31

[block]
# block no. 0 follows, 42 sequences, length 9
# corresponding to MSA columns:
# 31-39
name=unknown_A
#
# <colnr> <probs for GDERKNQSTAVLIFYWHMCP>
#	G	D	E	R	K	N	Q	S	T	A	V	L	I	F	Y	W	H	M	C	P
0	0.01322	0.01707	0.22788	0.03227	0.03708	0.01265	0.19303	0.06568	0.12679	0.04604	0.02947	0.03288	0.01169	0.00627	0.00604	0.00177	0.02357	0.02063	0.00368	0.09231
1	0.00760	0.00561	0.00732	0.00796	0.00893	0.00507	0.00562	0.00901	0.01155	0.01580	0.10698	0.59225	0.03568	0.01548	0.00685	0.00210	0.00341	0.05834	0.00513	0.08931
2	0.04694	0.00571	0.00662	0.00712	0.00839	0.00526	0.00523	0.00897	0.01226	0.01633	0.12244	0.33228	0.31418	0.01489	0.00679	0.00208	0.00325	0.07116	0.00525	0.00485
3	0.04548	0.01397	0.01444	0.01144	0.01519	0.06162	0.00920	0.47855	0.02141	0.12514	0.01481	0.01661	0.01121	0.08757	0.00779	0.00205	0.00596	0.00532	0.04380	0.00845
4	0.01328	0.01518	0.03321	0.02372	0.02941	0.01423	0.74668	0.01803	0.01328	0.01803	0.01139	0.01518	0.00854	0.00474	0.00664	0.00190	0.00949	0.00664	0.00285	0.00759
5	0.84197	0.01088	0.00827	0.00740	0.01088	0.01262	0.00609	0.01654	0.00958	0.02525	0.00784	0.00914	0.00609	0.00522	0.00348	0.00174	0.00435	0.00305	0.00348	0.00609
6	0.02338	0.00963	0.01355	0.10956	0.01748	0.00881	0.00921	0.02576	0.01549	0.67429	0.02064	0.01862	0.01311	0.00679	0.00566	0.00176	0.00514	0.00558	0.00639	0.00915
7	0.01120	0.02667	0.67640	0.11481	0.02620	0.01300	0.02013	0.01738	0.01180	0.01738	0.01009	0.01228	0.00718	0.00538	0.00538	0.00179	0.00821	0.00427	0.00239	0.00805
8	0.24366	0.01056	0.01217	0.00961	0.01375	0.01037	0.00793	0.09783	0.01541	0.49641	0.01747	0.01590	0.01139	0.00648	0.00507	0.00174	0.00481	0.00490	0.00590	0.00864

[dist]
# distance from previous block
# <min> <max>
5	54

[block]
# block no. 1 follows, 42 sequences, length 39
# corresponding to MSA columns:
# 106-144
name=unknown_B
#
# <colnr> <probs for GDERKNQSTAVLIFYWHMCP>
#	G	D	E	R	K	N	Q	S	T	A	V	L	I	F	Y	W	H	M	C	P
0	0.04360	0.01027	0.01611	0.44493	0.11113	0.01167	0.04051	0.04076	0.04068	0.01702	0.03813	0.07140	0.01256	0.00692	0.00572	0.00184	0.00651	0.03058	0.00326	0.04641
1	0.03975	0.06695	0.01305	0.00980	0.04096	0.00947	0.00752	0.05732	0.03960	0.13635	0.06784	0.05394	0.01453	0.03720	0.00580	0.00146	0.00452	0.00522	0.00433	0.38440
2	0.01440	0.00715	0.00903	0.00852	0.03871	0.00665	0.00625	0.03127	0.01409	0.24750	0.14784	0.09251	0.05512	0.00876	0.00541	0.00165	0.00358	0.00741	0.28744	0.00671
3	0.00750	0.00568	0.00692	0.00673	0.00815	0.00509	0.00500	0.00968	0.01465	0.01982	0.50469	0.09994	0.26008	0.01275	0.00668	0.00185	0.00276	0.01109	0.00584	0.00509
4	0.04905	0.00696	0.00857	0.00767	0.00997	0.00636	0.00601	0.01527	0.01440	0.22706	0.26910	0.07128	0.14964	0.01039	0.00603	0.00180	0.00348	0.03990	0.09067	0.00638
5	0.01393	0.01337	0.02284	0.03454	0.76712	0.01337	0.01727	0.01727	0.01281	0.01839	0.01059	0.01393	0.00891	0.00501	0.00557	0.00167	0.00669	0.00501	0.00279	0.00891
6	0.01147	0.02605	0.63551	0.01581	0.02261	0.01383	0.01925	0.01704	0.01129	0.01704	0.00961	0.01196	0.00718	0.00617	0.00773	0.00191	0.15093	0.00430	0.00239	0.00792
7	0.01063	0.01000	0.01688	0.78870	0.03876	0.01250	0.01563	0.01438	0.01125	0.01438	0.01000	0.01500	0.00750	0.00563	0.00563	0.00188	0.00750	0.00500	0.00250	0.00625
8	0.00797	0.00583	0.00687	0.00676	0.00745	0.00573	0.00453	0.00897	0.01100	0.01468	0.19176	0.07389	0.16754	0.39793	0.01788	0.00366	0.03488	0.02394	0.00445	0.00428
9	0.01538	0.01179	0.01621	0.12659	0.21045	0.01198	0.01163	0.18563	0.02867	0.09783	0.07177	0.01711	0.02529	0.00626	0.00548	0.00159	0.00568	0.00536	0.00426	0.14104
10	0.01393	0.01337	0.02284	0.03454	0.76712	0.01337	0.01727	0.01727	0.01281	0.01839	0.01059	0.01393	0.00891	0.00501	0.00557	0.00167	0.00669	0.00501	0.00279	0.00891
11	0.01935	0.01277	0.04355	0.06168	0.09954	0.01258	0.01087	0.20943	0.14565	0.27994	0.01735	0.01676	0.01205	0.00661	0.00561	0.00174	0.00558	0.00541	0.00542	0.02811
12	0.00804	0.00603	0.00904	0.00904	0.01005	0.00703	0.00703	0.01005	0.00904	0.01306	0.01507	0.02211	0.01407	0.04221	0.77992	0.00904	0.01507	0.00603	0.00301	0.00502
13	0.01063	0.01000	0.01688	0.78870	0.03876	0.01250	0.01563	0.01438	0.01125	0.01438	0.01000	0.01500	0.00750	0.00563	0.00563	0.00188	0.00750	0.00500	0.00250	0.00625
14	0.01001	0.00846	0.01158	0.01094	0.01140	0.01040	0.00855	0.01128	0.01037	0.04025	0.05307	0.33928	0.05210	0.01336	0.01210	0.00232	0.35256	0.03236	0.00410	0.00550
15	0.01312	0.01099	0.04589	0.07742	0.04881	0.00876	0.00875	0.03970	0.01273	0.08852	0.03663	0.01384	0.01030	0.00497	0.00468	0.00114	0.00482	0.00409	0.00371	0.56115
16	0.01320	0.04368	0.13134	0.01288	0.04782	0.01057	0.10002	0.07026	0.07905	0.11283	0.23067	0.02606	0.06932	0.00820	0.00602	0.00178	0.00539	0.01868	0.00484	0.00738
17	0.00684	0.00496	0.00647	0.00767	0.00812	0.00459	0.00515	0.00785	0.01093	0.01443	0.03305	0.74043	0.09403	0.01737	0.00714	0.00226	0.00323	0.01568	0.00522	0.00459
18	0.01486	0.76760	0.06588	0.00994	0.01493	0.02182	0.01018	0.01690	0.01146	0.01346	0.00794	0.00917	0.00722	0.00484	0.00370	0.00123	0.00613	0.00307	0.00241	0.00728
19	0.04763	0.04175	0.15364	0.04941	0.23250	0.04863	0.01331	0.04128	0.05596	0.15905	0.03572	0.06999	0.01293	0.00677	0.00553	0.00175	0.00622	0.00576	0.00402	0.00816
20	0.01370	0.01300	0.02046	0.19656	0.43662	0.03975	0.05131	0.06479	0.03979	0.01856	0.01187	0.01642	0.00986	0.00582	0.00572	0.00177	0.00695	0.03587	0.00312	0.00806
21	0.00681	0.00506	0.00636	0.00739	0.00805	0.00461	0.00503	0.00789	0.01120	0.01454	0.03639	0.64469	0.18761	0.01693	0.00707	0.00221	0.00318	0.01515	0.00522	0.00461
22	0.01596	0.01333	0.01494	0.17206	0.02054	0.04785	0.01089	0.23609	0.34521	0.03755	0.01688	0.01707	0.01248	0.00687	0.00565	0.00181	0.00584	0.00557	0.00493	0.00846
23	0.01321	0.01293	0.01926	0.13408	0.34781	0.04102	0.01465	0.01683	0.06718	0.01654	0.01037	0.01398	0.00880	0.00682	0.00956	0.00196	0.24949	0.00504	0.00287	0.00760
24	0.01455	0.04514	0.09113	0.27140	0.09291	0.01451	0.08411	0.18740	0.04759	0.04130	0.01170	0.01429	0.00875	0.00602	0.00623	0.00181	0.04471	0.00509	0.00353	0.00783
25	0.01063	0.01000	0.01688	0.78870	0.03876	0.01250	0.01563	0.01438	0.01125	0.01438	0.01000	0.01500	0.00750	0.00563	0.00563	0.00188	0.00750	0.00500	0.00250	0.00625
26	0.00977	0.00735	0.00837	0.00848	0.00997	0.00777	0.00620	0.01577	0.24563	0.01846	0.05905	0.32167	0.05910	0.05089	0.00730	0.00216	0.00367	0.03270	0.11967	0.00603
27	0.00961	0.00835	0.01093	0.09797	0.11749	0.04114	0.00840	0.01264	0.04998	0.01847	0.29848	0.17109	0.11152	0.01092	0.00637	0.00187	0.00430	0.00965	0.00487	0.00595
28	0.05685	0.01340	0.02477	0.01804	0.02314	0.01271	0.43374	0.08408	0.01507	0.23794	0.01453	0.01590	0.01007	0.00558	0.00612	0.00183	0.00760	0.00605	0.00431	0.00827
29	0.01129	0.02911	0.77306	0.01604	0.02436	0.01307	0.02079	0.01782	0.01188	0.01782	0.01010	0.01188	0.00713	0.00535	0.00535	0.00178	0.00832	0.00416	0.00238	0.00832
30	0.05176	0.00880	0.01151	0.00926	0.01279	0.00796	0.00749	0.02301	0.04804	0.52698	0.20311	0.02445	0.02335	0.00804	0.00582	0.00176	0.00424	0.00669	0.00659	0.00837
31	0.01138	0.01077	0.01823	0.61784	0.20377	0.01270	0.01600	0.01503	0.01161	0.01529	0.01013	0.01476	0.00782	0.00549	0.00561	0.00183	0.00732	0.00500	0.00257	0.00685
32	0.01315	0.00752	0.00775	0.00707	0.00903	0.03408	0.00543	0.08789	0.01385	0.10305	0.02035	0.07731	0.04397	0.00769	0.00467	0.00149	0.00354	0.00625	0.53979	0.00613
33	0.00943	0.00776	0.00784	0.00815	0.00962	0.07813	0.00612	0.01090	0.01250	0.05190	0.03702	0.26757	0.29207	0.04779	0.00773	0.00223	0.00425	0.12888	0.00501	0.00511
34	0.04542	0.00945	0.06439	0.00940	0.01179	0.03465	0.00783	0.01534	0.01319	0.20692	0.14193	0.21673	0.05529	0.04594	0.00780	0.00213	0.03794	0.06220	0.00526	0.00642
35	0.01274	0.01216	0.02069	0.30629	0.50466	0.01306	0.01668	0.01623	0.01225	0.01694	0.01038	0.01432	0.00841	0.00523	0.00559	0.00174	0.00698	0.00501	0.00268	0.00795
36	0.01248	0.00615	0.00670	0.00627	0.00803	0.00606	0.00488	0.03974	0.01284	0.10679	0.01912	0.02232	0.01497	0.00699	0.00435	0.00143	0.00310	0.03605	0.67585	0.00588
37	0.04811	0.01036	0.01696	0.47974	0.07964	0.01171	0.06989	0.03073	0.01230	0.10824	0.01313	0.07148	0.01058	0.00655	0.00573	0.00187	0.00680	0.00592	0.00339	0.00688
38	0.01366	0.04783	0.08061	0.26820	0.29287	0.04278	0.07997	0.04548	0.01301	0.04663	0.01081	0.01405	0.00838	0.00538	0.00557	0.00174	0.00733	0.00497	0.00293	0.00779

[dist]
# distance from previous block
# <min> <max>
0	5

[block]
# block no. 2 follows, 42 sequences, length 12
# corresponding to MSA columns:
# 150-161
name=unknown_C
#
# <colnr> <probs for GDERKNQSTAVLIFYWHMCP>
#	G	D	E	R	K	N	Q	S	T	A	V	L	I	F	Y	W	H	M	C	P
0	0.13214	0.00955	0.01123	0.03296	0.01333	0.02654	0.00763	0.08045	0.01493	0.37079	0.06760	0.14246	0.04860	0.00890	0.00568	0.00183	0.00460	0.00734	0.00575	0.00768
1	0.62481	0.01293	0.05026	0.00864	0.01225	0.08193	0.00740	0.01742	0.01104	0.06644	0.05493	0.01196	0.00957	0.00577	0.00405	0.00172	0.00502	0.00374	0.00374	0.00641
2	0.00748	0.00568	0.00689	0.00670	0.00814	0.00509	0.00498	0.00965	0.01463	0.01974	0.49636	0.09509	0.27352	0.01276	0.00668	0.00184	0.00276	0.01109	0.00583	0.00509
3	0.01349	0.18574	0.01702	0.20974	0.06142	0.01248	0.01036	0.03654	0.01232	0.11851	0.01563	0.14237	0.02672	0.02359	0.00616	0.00177	0.02744	0.00650	0.00376	0.06844
4	0.01361	0.00906	0.01038	0.00922	0.01183	0.00957	0.00717	0.02198	0.33990	0.13897	0.23114	0.02664	0.02645	0.00849	0.00575	0.00177	0.00377	0.00719	0.10958	0.00754
5	0.01167	0.01000	0.01167	0.00834	0.01334	0.00750	0.00667	0.01417	0.01167	0.01834	0.01000	0.01167	0.00834	0.00417	0.00417	0.00083	0.00417	0.00333	0.00333	0.83663
6	0.01427	0.05289	0.01376	0.05690	0.09351	0.06944	0.05337	0.04352	0.02568	0.14115	0.09786	0.06284	0.06016	0.00772	0.00543	0.00165	0.00508	0.00660	0.18129	0.00690
7	0.00738	0.00561	0.00679	0.00675	0.00811	0.00502	0.00496	0.00939	0.01417	0.01899	0.42888	0.15683	0.28007	0.01329	0.00672	0.00189	0.00281	0.01158	0.00574	0.00502
8	0.00786	0.00570	0.00798	0.05156	0.01017	0.00603	0.00612	0.00914	0.00996	0.01366	0.06357	0.29839	0.02490	0.14657	0.27032	0.04164	0.00784	0.01001	0.00398	0.00459
9	0.10283	0.00765	0.01088	0.15218	0.01595	0.00813	0.04465	0.01259	0.01135	0.07085	0.05207	0.26612	0.02247	0.05653	0.07715	0.00287	0.00590	0.06993	0.00428	0.00562
10	0.00905	0.00646	0.00782	0.00730	0.00902	0.00604	0.00552	0.03663	0.04529	0.05295	0.47684	0.07958	0.21229	0.01193	0.00655	0.00183	0.00302	0.01034	0.00592	0.00562
11	0.04591	0.60754	0.07368	0.01149	0.01654	0.01986	0.09052	0.01749	0.01180	0.04771	0.00898	0.01032	0.00761	0.00495	0.00413	0.00136	0.00642	0.00359	0.00269	0.00739

[dist]
# distance from previous block
# <min> <max>
0	21

[block]
# block no. 3 follows, 42 sequences, length 14
# corresponding to MSA columns:
# 183-196
name=unknown_D
#
# <colnr> <probs for GDERKNQSTAVLIFYWHMCP>
#	G	D	E	R	K	N	Q	S	T	A	V	L	I	F	Y	W	H	M	C	P
0	0.01535	0.01433	0.01761	0.17432	0.16644	0.14759	0.06516	0.07753	0.03354	0.07480	0.01332	0.01592	0.03400	0.00607	0.00574	0.00165	0.02095	0.01614	0.00355	0.09598
1	0.24401	0.05826	0.01227	0.00953	0.01282	0.05895	0.00776	0.07930	0.05331	0.09386	0.01237	0.01415	0.00982	0.01212	0.13939	0.00285	0.03282	0.00436	0.02222	0.11984
2	0.01037	0.00810	0.01161	0.28462	0.06101	0.00886	0.00974	0.03108	0.02775	0.04177	0.05682	0.05643	0.16022	0.01073	0.05163	0.00224	0.00566	0.03165	0.12372	0.00599
3	0.00688	0.00529	0.00630	0.00694	0.00797	0.00471	0.00486	0.00819	0.01205	0.01545	0.10871	0.43941	0.32156	0.01575	0.00693	0.00209	0.00305	0.01386	0.00531	0.00471
4	0.00824	0.00621	0.00830	0.00817	0.00929	0.00674	0.00612	0.01075	0.05117	0.01478	0.11734	0.02994	0.09575	0.14117	0.45290	0.00648	0.01029	0.00748	0.00385	0.00502
5	0.00905	0.00660	0.00864	0.00955	0.01072	0.00667	0.00767	0.03639	0.05955	0.01688	0.02877	0.29590	0.03179	0.04352	0.00813	0.00252	0.00456	0.40261	0.00518	0.00531
6	0.01207	0.06379	0.67632	0.01580	0.02367	0.01377	0.04057	0.05760	0.01270	0.01858	0.01022	0.01193	0.00731	0.00538	0.00532	0.00175	0.00813	0.00423	0.00257	0.00831
7	0.01191	0.06841	0.01726	0.23209	0.24179	0.05752	0.01280	0.01460	0.01128	0.01494	0.01135	0.01663	0.00999	0.05980	0.16707	0.00345	0.03446	0.00518	0.00276	0.00670
8	0.00726	0.00553	0.00669	0.00682	0.00808	0.00495	0.00495	0.00911	0.01365	0.01815	0.35371	0.23208	0.28078	0.01391	0.00678	0.00194	0.00287	0.01216	0.00564	0.00495
9	0.10900	0.09742	0.13418	0.01154	0.01571	0.01184	0.07727	0.07787	0.01316	0.09384	0.03045	0.12770	0.04087	0.00780	0.00583	0.00172	0.03596	0.00643	0.01936	0.08207
10	0.68672	0.05536	0.00997	0.00783	0.01148	0.01288	0.00650	0.01718	0.05411	0.02398	0.00888	0.01002	0.00698	0.00527	0.00367	0.00166	0.00444	0.00326	0.00354	0.06627
11	0.16693	0.01004	0.07199	0.11099	0.02725	0.00906	0.00861	0.03932	0.01206	0.01929	0.09494	0.12573	0.05885	0.01030	0.04753	0.00212	0.00525	0.01773	0.05744	0.10459
12	0.01564	0.01276	0.01395	0.01178	0.01508	0.01455	0.00940	0.23827	0.42227	0.02610	0.06008	0.01904	0.01596	0.00764	0.00662	0.00184	0.06170	0.00599	0.00541	0.03593
13	0.03882	0.00675	0.00841	0.00774	0.00974	0.00606	0.00576	0.01328	0.01328	0.16852	0.22102	0.22688	0.11533	0.06357	0.00774	0.00208	0.00361	0.01008	0.00551	0.06582

[dist]
# distance from previous block
# <min> <max>
0	2

[block]
# block no. 4 follows, 42 sequences, length 7
# corresponding to MSA columns:
# 199-205
name=unknown_E
#
# <colnr> <probs for GDERKNQSTAVLIFYWHMCP>
#	G	D	E	R	K	N	Q	S	T	A	V	L	I	F	Y	W	H	M	C	P
0	0.01363	0.01241	0.01987	0.31380	0.40119	0.01356	0.01584	0.10748	0.01393	0.01902	0.01073	0.01428	0.00847	0.00546	0.00560	0.00175	0.00693	0.00502	0.00303	0.00800
1	0.01636	0.13854	0.16855	0.01575	0.05253	0.01529	0.15822	0.17808	0.05056	0.10915	0.01270	0.01383	0.00930	0.00587	0.00585	0.00171	0.03040	0.00501	0.00389	0.00841
2	0.01075	0.00731	0.00943	0.03692	0.01086	0.00786	0.00659	0.10256	0.01187	0.05354	0.06013	0.02649	0.04768	0.22354	0.29771	0.06199	0.00882	0.00680	0.00385	0.00528
3	0.00882	0.00647	0.00778	0.00803	0.00915	0.00632	0.00569	0.10061	0.01332	0.01765	0.09746	0.49039	0.13031	0.06036	0.00810	0.00230	0.00365	0.01312	0.00526	0.00522
4	0.01344	0.15122	0.07939	0.10902	0.01929	0.07966	0.12025	0.10649	0.01354	0.01727	0.01417	0.04308	0.04804	0.07134	0.03495	0.03651	0.00718	0.00572	0.02279	0.00665
5	0.04287	0.14514	0.07564	0.11372	0.06126	0.08364	0.04299	0.10983	0.03721	0.13344	0.06565	0.01677	0.03510	0.00647	0.00530	0.00165	0.00636	0.00520	0.00408	0.00769
6	0.06713	0.01212	0.06336	0.01229	0.05235	0.03670	0.03337	0.14773	0.02984	0.16597	0.04991	0.07230	0.01587	0.03218	0.00739	0.00196	0.06898	0.05519	0.06788	0.00745

[dist]
# distance from previous block
# <min> <max>
2	48

[block]
# block no. 5 follows, 42 sequences, length 23
# corresponding to MSA columns:
# 257-279
name=unknown_F
#
# <colnr> <probs for GDERKNQSTAVLIFYWHMCP>
#	G	D	E	R	K	N	Q	S	T	A	V	L	I	F	Y	W	H	M	C	P
0	0.13286	0.07330	0.11043	0.09285	0.01838	0.01345	0.01086	0.20760	0.04174	0.12238	0.01252	0.01328	0.00906	0.00583	0.00496	0.00160	0.00582	0.00441	0.00423	0.11441
1	0.06030	0.03465	0.06872	0.05220	0.01647	0.04586	0.03227	0.07634	0.02482	0.23126	0.01571	0.01589	0.04207	0.00597	0.00506	0.00146	0.00543	0.00477	0.00448	0.25624
2	0.01405	0.06017	0.17885	0.11582	0.01922	0.01069	0.02311	0.04296	0.02456	0.16029	0.03115	0.02794	0.02720	0.02029	0.02787	0.00192	0.00624	0.05707	0.00400	0.14660
3	0.01784	0.00843	0.01129	0.04256	0.01349	0.00783	0.00777	0.04319	0.04173	0.42125	0.15488	0.13181	0.02455	0.00955	0.00613	0.00187	0.00436	0.03744	0.00624	0.00779
4	0.03800	0.01163	0.08156	0.01144	0.05692	0.09539	0.00887	0.01430	0.03281	0.08686	0.05909	0.28141	0.11244	0.01148	0.00707	0.00197	0.05881	0.01923	0.00453	0.00621
5	0.04019	0.04545	0.18386	0.10220	0.17242	0.01236	0.06136	0.01965	0.10237	0.13440	0.02431	0.05177	0.01185	0.00642	0.00558	0.00179	0.00644	0.00563	0.00383	0.00811
6	0.01001	0.00663	0.00921	0.01030	0.07660	0.00629	0.00689	0.01193	0.01289	0.09788	0.21609	0.26921	0.07922	0.04730	0.06347	0.00265	0.00462	0.05788	0.00521	0.00572
7	0.04249	0.00853	0.01110	0.00920	0.01251	0.00772	0.00739	0.04228	0.01487	0.51394	0.02270	0.13590	0.01768	0.00872	0.00571	0.00180	0.00437	0.02965	0.09530	0.00814
8	0.03932	0.03835	0.01544	0.16933	0.13600	0.06945	0.05539	0.01477	0.02717	0.03892	0.01274	0.01814	0.01112	0.07460	0.25045	0.00429	0.00962	0.00547	0.00306	0.00637
9	0.01515	0.01494	0.12274	0.10106	0.09919	0.04590	0.15163	0.10003	0.04094	0.12821	0.01480	0.08880	0.01209	0.00702	0.00630	0.00184	0.03121	0.00632	0.00396	0.00786
10	0.00743	0.00578	0.00677	0.00718	0.00849	0.00529	0.00533	0.00942	0.03583	0.01609	0.12281	0.25138	0.35114	0.04482	0.00774	0.00221	0.00337	0.09875	0.00527	0.00490
11	0.77685	0.01098	0.00862	0.00772	0.01118	0.01273	0.00632	0.01759	0.06836	0.02511	0.00902	0.01007	0.00697	0.00541	0.00366	0.00175	0.00436	0.00331	0.00366	0.00632
12	0.03961	0.04105	0.17380	0.03611	0.06974	0.01129	0.15455	0.06412	0.01432	0.10998	0.16462	0.06173	0.01933	0.00737	0.00592	0.00179	0.00624	0.00673	0.00422	0.00748
13	0.01728	0.00869	0.01110	0.00952	0.01255	0.00818	0.00769	0.07724	0.05956	0.36608	0.12213	0.09463	0.07340	0.01000	0.00624	0.00191	0.00439	0.09550	0.00621	0.00771
14	0.00714	0.00561	0.00646	0.00647	0.00796	0.00493	0.00477	0.00895	0.01366	0.01770	0.30443	0.14798	0.41644	0.01372	0.00672	0.00190	0.00284	0.01182	0.00557	0.00493
15	0.18284	0.00953	0.01155	0.00916	0.01316	0.00884	0.00753	0.02378	0.01458	0.56633	0.02214	0.01996	0.07146	0.00720	0.00531	0.00175	0.00455	0.00564	0.00615	0.00852
16	0.01282	0.01186	0.02031	0.29963	0.42831	0.01265	0.04644	0.01631	0.01249	0.03808	0.03944	0.01558	0.01022	0.00552	0.00568	0.00176	0.00689	0.00529	0.00293	0.00780
17	0.00788	0.00576	0.00762	0.00869	0.00971	0.00550	0.00687	0.00972	0.01223	0.01589	0.05852	0.33414	0.13373	0.01601	0.00736	0.00236	0.00407	0.34380	0.00524	0.00490
18	0.01278	0.01309	0.01717	0.01476	0.01492	0.05806	0.01224	0.01402	0.00901	0.01356	0.00746	0.01220	0.00738	0.00963	0.01775	0.00241	0.75006	0.00486	0.00249	0.00618
19	0.01824	0.34744	0.04489	0.01169	0.01586	0.24125	0.01023	0.07814	0.06603	0.10047	0.01124	0.01175	0.00885	0.00571	0.00463	0.00144	0.00707	0.00391	0.00354	0.00762
20	0.02079	0.00948	0.01249	0.01009	0.01355	0.00902	0.00818	0.05697	0.04572	0.53214	0.04415	0.08848	0.04855	0.00856	0.00679	0.00185	0.06145	0.00690	0.00628	0.00854
21	0.31608	0.21987	0.06466	0.01075	0.01498	0.13756	0.03367	0.07576	0.01297	0.05503	0.00934	0.01045	0.00735	0.00540	0.00426	0.00156	0.00629	0.00360	0.00335	0.00708
22	0.00822	0.00684	0.00705	0.00707	0.00857	0.04130	0.00518	0.01039	0.04333	0.01669	0.17903	0.14418	0.36165	0.07260	0.00821	0.00218	0.00354	0.03600	0.03295	0.00502

[dist]
# distance from previous block
# <min> <max>
0	54

[block]
# block no. 6 follows, 42 sequences, length 9
# corresponding to MSA columns:
# 337-345
name=unknown_G
#
# <colnr> <probs for GDERKNQSTAVLIFYWHMCP>
#	G	D	E	R	K	N	Q	S	T	A	V	L	I	F	Y	W	H	M	C	P
0	0.01245	0.00896	0.01046	0.00939	0.01183	0.00945	0.00732	0.04828	0.30177	0.09237	0.35233	0.03154	0.03315	0.00957	0.00620	0.00185	0.00378	0.03601	0.00602	0.00725
1	0.00877	0.00572	0.00752	0.00799	0.00902	0.00534	0.00588	0.01041	0.01258	0.06819	0.19655	0.38285	0.07255	0.06139	0.00829	0.00235	0.00363	0.12043	0.00545	0.00511
2	0.00667	0.00564	0.00576	0.00586	0.00764	0.00474	0.00435	0.00806	0.01267	0.01514	0.05504	0.11070	0.70957	0.01451	0.00669	0.00193	0.00288	0.01219	0.00523	0.00474
3	0.01505	0.80561	0.02949	0.00963	0.01444	0.02227	0.00963	0.01685	0.01143	0.01324	0.00782	0.00903	0.00722	0.00481	0.00361	0.00120	0.00602	0.00301	0.00241	0.00722
4	0.00818	0.00546	0.00614	0.00614	0.00614	0.00546	0.00341	0.00818	0.00818	0.01091	0.01773	0.03683	0.02046	0.80222	0.02864	0.00546	0.00546	0.00818	0.00341	0.00341
5	0.84197	0.01088	0.00827	0.00740	0.01088	0.01262	0.00609	0.01654	0.00958	0.02525	0.00784	0.00914	0.00609	0.00522	0.00348	0.00174	0.00435	0.00305	0.00348	0.00609
6	0.00686	0.00490	0.00653	0.00784	0.00816	0.00457	0.00522	0.00784	0.01077	0.01437	0.03102	0.79855	0.03722	0.01763	0.00718	0.00229	0.00326	0.01600	0.00522	0.00457
7	0.14519	0.01123	0.01311	0.01033	0.01450	0.01122	0.00849	0.17492	0.06981	0.45508	0.01832	0.01663	0.01209	0.00671	0.00533	0.00174	0.00499	0.00520	0.00608	0.00901
8	0.06400	0.01728	0.01680	0.01723	0.16560	0.25236	0.03888	0.20960	0.03763	0.02180	0.04266	0.01615	0.01158	0.03271	0.00624	0.00179	0.00729	0.02880	0.00393	0.00768

[dist]
# distance from previous block
# <min> <max>
0	19

[block]
# block no. 7 follows, 42 sequences, length 32
# corresponding to MSA columns:
# 365-396
name=unknown_H
#
# <colnr> <probs for GDERKNQSTAVLIFYWHMCP>
#	G	D	E	R	K	N	Q	S	T	A	V	L	I	F	Y	W	H	M	C	P
0	0.01691	0.01325	0.01431	0.01253	0.04748	0.09041	0.02851	0.34310	0.03302	0.07838	0.13661	0.10663	0.02030	0.00873	0.00598	0.00178	0.00566	0.02331	0.00529	0.00783
1	0.01638	0.06684	0.02340	0.04138	0.06535	0.12604	0.28006	0.18393	0.10054	0.02156	0.01246	0.01426	0.00947	0.00572	0.00580	0.00173	0.00783	0.00544	0.00376	0.00804
2	0.01436	0.04311	0.01474	0.01174	0.04757	0.06985	0.03859	0.12027	0.07986	0.04217	0.01316	0.06324	0.01118	0.00614	0.00533	0.00135	0.02587	0.00498	0.00396	0.38252
3	0.01364	0.01190	0.01397	0.07145	0.01633	0.09159	0.07734	0.22480	0.03903	0.02101	0.01994	0.33263	0.02054	0.01083	0.00630	0.00195	0.00577	0.00954	0.00468	0.00676
4	0.05024	0.00950	0.01135	0.00883	0.01276	0.00823	0.00707	0.04442	0.01310	0.17648	0.03936	0.06709	0.07053	0.00698	0.00558	0.00137	0.03844	0.00560	0.00450	0.41857
5	0.01129	0.02911	0.77306	0.01604	0.02436	0.01307	0.02079	0.01782	0.01188	0.01782	0.01010	0.01188	0.00713	0.00535	0.00535	0.00178	0.00832	0.00416	0.00238	0.00832
6	0.01456	0.48308	0.27865	0.01182	0.01778	0.01810	0.01328	0.01799	0.01194	0.07287	0.00969	0.01076	0.00770	0.00516	0.00435	0.00144	0.00670	0.00360	0.00275	0.00777
7	0.01243	0.01159	0.01960	0.15899	0.48208	0.01198	0.04331	0.01556	0.01222	0.01696	0.01293	0.02072	0.01182	0.06724	0.00760	0.00209	0.00669	0.07553	0.00302	0.00762
8	0.10867	0.00971	0.01257	0.00975	0.01401	0.00872	0.00805	0.02631	0.01544	0.69484	0.02073	0.01813	0.01313	0.00679	0.00544	0.00174	0.00474	0.00539	0.00661	0.00922
9	0.00796	0.00575	0.00752	0.00708	0.00841	0.00531	0.00531	0.01062	0.01593	0.02257	0.76415	0.04204	0.05310	0.01150	0.00664	0.00177	0.00265	0.01018	0.00619	0.00531
10	0.01505	0.80561	0.02949	0.00963	0.01444	0.02227	0.00963	0.01685	0.01143	0.01324	0.00782	0.00903	0.00722	0.00481	0.00361	0.00120	0.00602	0.00301	0.00241	0.00722
11	0.00700	0.00500	0.00669	0.00800	0.00839	0.00469	0.00547	0.00808	0.01091	0.01452	0.03094	0.75163	0.03691	0.01750	0.00722	0.00230	0.00339	0.06152	0.00522	0.00461
12	0.00804	0.00603	0.00904	0.00904	0.01005	0.00703	0.00703	0.01005	0.00904	0.01306	0.01507	0.02211	0.01407	0.04221	0.77992	0.00904	0.01507	0.00603	0.00301	0.00502
13	0.00796	0.00575	0.00752	0.00708	0.00841	0.00531	0.00531	0.01062	0.01593	0.02257	0.76415	0.04204	0.05310	0.01150	0.00664	0.00177	0.00265	0.01018	0.00619	0.00531
14	0.00764	0.00546	0.00743	0.00873	0.00940	0.00525	0.00659	0.00919	0.01155	0.01524	0.03058	0.53793	0.03551	0.01689	0.00739	0.00239	0.00394	0.26888	0.00521	0.00479
15	0.01141	0.02822	0.72584	0.01653	0.02468	0.01314	0.06713	0.01784	0.01197	0.01784	0.01018	0.01209	0.00722	0.00531	0.00543	0.00179	0.00839	0.00432	0.00241	0.00827
16	0.01063	0.01000	0.01688	0.78870	0.03876	0.01250	0.01563	0.01438	0.01125	0.01438	0.01000	0.01500	0.00750	0.00563	0.00563	0.00188	0.00750	0.00500	0.00250	0.00625
17	0.02525	0.00958	0.01306	0.01001	0.01437	0.00827	0.00827	0.02743	0.01611	0.77102	0.02220	0.01915	0.01393	0.00697	0.00566	0.00174	0.00479	0.00566	0.00697	0.00958
18	0.00778	0.00531	0.00640	0.00689	0.00705	0.00521	0.00426	0.00822	0.00925	0.01232	0.02268	0.29157	0.02656	0.50680	0.02059	0.00428	0.00471	0.04215	0.00409	0.00387
19	0.01246	0.03473	0.01235	0.01007	0.01267	0.04209	0.07493	0.01658	0.11490	0.13225	0.22644	0.09348	0.15411	0.01014	0.00654	0.00185	0.02369	0.00877	0.00534	0.00663
20	0.02107	0.01560	0.01671	0.01288	0.01733	0.01730	0.01062	0.71711	0.05823	0.03495	0.01392	0.01384	0.00990	0.00679	0.00563	0.00170	0.00612	0.00512	0.00563	0.00954
21	0.01486	0.01190	0.01275	0.01134	0.01461	0.01356	0.00886	0.02971	0.70016	0.08084	0.02285	0.02086	0.01693	0.00758	0.00572	0.00190	0.00448	0.00631	0.00582	0.00896
22	0.01231	0.01231	0.01724	0.01477	0.01477	0.01724	0.01231	0.01354	0.00862	0.01354	0.00739	0.01231	0.00739	0.00985	0.01847	0.00246	0.79192	0.00492	0.00246	0.00616
23	0.01070	0.03615	0.03932	0.05607	0.01434	0.00828	0.06401	0.01407	0.04591	0.04992	0.27826	0.05006	0.07799	0.00830	0.00572	0.00155	0.00438	0.00730	0.00462	0.22306
24	0.12744	0.16858	0.06431	0.04041	0.07243	0.17961	0.08423	0.01821	0.04263	0.04029	0.01059	0.01370	0.00897	0.06665	0.00719	0.00191	0.03833	0.00449	0.00309	0.00692
25	0.08179	0.01206	0.01323	0.01079	0.01434	0.01292	0.00868	0.38743	0.06714	0.14541	0.01767	0.11899	0.01445	0.00815	0.00557	0.00177	0.00510	0.00655	0.05963	0.00832
26	0.01233	0.16870	0.43688	0.01542	0.06693	0.01410	0.06303	0.01712	0.01192	0.01709	0.00978	0.01166	0.00751	0.00503	0.00496	0.00154	0.00729	0.00404	0.00257	0.12210
27	0.06963	0.15248	0.17760	0.01177	0.03538	0.01237	0.03366	0.04814	0.01266	0.09787	0.03717	0.10613	0.02698	0.00724	0.00560	0.00163	0.03378	0.00581	0.00375	0.12036
28	0.04110	0.00644	0.00845	0.00879	0.00994	0.00631	0.02624	0.03358	0.03851	0.04737	0.07461	0.50997	0.03265	0.04162	0.00762	0.00231	0.00391	0.09008	0.00519	0.00530
29	0.00856	0.00600	0.00753	0.00732	0.00830	0.00580	0.00524	0.03600	0.01347	0.01866	0.42123	0.08878	0.03922	0.22009	0.01297	0.02846	0.00380	0.05857	0.00520	0.00482
30	0.02864	0.19056	0.12840	0.01281	0.04877	0.04024	0.06472	0.06851	0.01357	0.15639	0.01539	0.06455	0.01342	0.06620	0.00712	0.00199	0.00628	0.06099	0.00400	0.00744
31	0.01330	0.02017	0.42710	0.05051	0.02016	0.02541	0.01532	0.01782	0.01270	0.14482	0.07205	0.04497	0.03857	0.00718	0.00658	0.00184	0.06442	0.00564	0.00366	0.00776

[dist]
# distance from previous block
# <min> <max>
0	2

[block]
# block no. 8 follows, 42 sequences, length 7
# corresponding to MSA columns:
# 399-405
name=unknown_I
#
# <colnr> <probs for GDERKNQSTAVLIFYWHMCP>
#	G	D	E	R	K	N	Q	S	T	A	V	L	I	F	Y	W	H	M	C	P
0	0.00964	0.00701	0.00940	0.14493	0.01430	0.00704	0.00730	0.01274	0.04846	0.07301	0.36965	0.07535	0.17776	0.01081	0.00638	0.00184	0.00381	0.00939	0.00534	0.00580
1	0.00886	0.00697	0.01030	0.04095	0.14353	0.00684	0.00837	0.01061	0.01182	0.01586	0.07288	0.36100	0.07444	0.01410	0.00767	0.04627	0.00440	0.14509	0.00460	0.00546
2	0.01396	0.11623	0.18654	0.20641	0.04205	0.06017	0.01275	0.01753	0.01248	0.11483	0.01274	0.01480	0.00946	0.00579	0.00498	0.00162	0.00643	0.00460	0.14944	0.00719
3	0.12950	0.01094	0.07583	0.00968	0.01355	0.00921	0.00851	0.07239	0.01556	0.37686	0.19482	0.02222	0.02129	0.00766	0.00557	0.00175	0.00462	0.00621	0.00583	0.00799
4	0.00896	0.00764	0.01330	0.01163	0.01346	0.00830	0.13731	0.01145	0.00979	0.01394	0.01442	0.02089	0.01309	0.03561	0.64372	0.00779	0.01409	0.00614	0.00299	0.00548
5	0.01387	0.01212	0.05962	0.19843	0.24273	0.01203	0.01317	0.04590	0.14413	0.09304	0.01529	0.05594	0.01218	0.00661	0.00560	0.00179	0.00598	0.00583	0.04779	0.00794
6	0.20036	0.01347	0.15027	0.06052	0.03304	0.01081	0.01046	0.07827	0.01384	0.23993	0.06078	0.04848	0.01366	0.03491	0.00604	0.00191	0.00549	0.00549	0.00463	0.00766

[dist]
# distance from previous block
# <min> <max>
5	22

[block]
# block no. 9 follows, 42 sequences, length 9
# corresponding to MSA columns:
# 428-436
name=unknown_J
#
# <colnr> <probs for GDERKNQSTAVLIFYWHMCP>
#	G	D	E	R	K	N	Q	S	T	A	V	L	I	F	Y	W	H	M	C	P
0	0.01518	0.31705	0.09462	0.01752	0.20183	0.05163	0.04814	0.01959	0.09812	0.06842	0.01165	0.01293	0.00930	0.00543	0.00486	0.00154	0.00649	0.00438	0.00324	0.00808
1	0.15167	0.01389	0.11402	0.04238	0.10262	0.01193	0.03865	0.10599	0.05835	0.23916	0.01448	0.01472	0.01014	0.00598	0.00521	0.00170	0.00578	0.00482	0.00458	0.05391
2	0.01168	0.00947	0.00979	0.00899	0.01113	0.06840	0.00682	0.01771	0.24654	0.05616	0.26321	0.03131	0.13680	0.01078	0.00762	0.07971	0.00414	0.00801	0.00534	0.00639
3	0.00913	0.00604	0.00740	0.00772	0.00866	0.00578	0.00535	0.04766	0.01166	0.06190	0.02944	0.41606	0.11349	0.19575	0.01189	0.00292	0.00405	0.04523	0.00494	0.00492
4	0.01530	0.11648	0.02167	0.04648	0.13447	0.01464	0.16622	0.13607	0.03964	0.08392	0.06191	0.01609	0.01226	0.00723	0.02423	0.00193	0.08417	0.00556	0.00385	0.00788
5	0.01395	0.01143	0.01875	0.33709	0.32037	0.01262	0.01508	0.01716	0.01232	0.11484	0.01165	0.01494	0.00889	0.00585	0.00649	0.00182	0.06074	0.00509	0.00319	0.00773
6	0.00739	0.00500	0.00653	0.00746	0.00769	0.00477	0.00484	0.00786	0.00995	0.01327	0.02647	0.57866	0.03143	0.16917	0.01271	0.08075	0.00384	0.01345	0.00461	0.00415
7	0.01527	0.12522	0.16761	0.01524	0.08803	0.11423	0.06300	0.11506	0.05293	0.05096	0.01179	0.01355	0.00922	0.00873	0.07168	0.00221	0.00786	0.00459	0.00343	0.05938
8	0.01508	0.03525	0.07721	0.07539	0.23695	0.01297	0.24638	0.05629	0.01385	0.12572	0.01323	0.04288	0.01029	0.00581	0.00592	0.00179	0.00731	0.00590	0.00358	0.00820

[dist]
# distance from previous block
# <min> <max>
0	2

[block]
# block no. 10 follows, 42 sequences, length 12
# corresponding to MSA columns:
# 439-450
name=unknown_K
#
# <colnr> <probs for GDERKNQSTAVLIFYWHMCP>
#	G	D	E	R	K	N	Q	S	T	A	V	L	I	F	Y	W	H	M	C	P
0	0.00772	0.00574	0.00718	0.00682	0.00826	0.00521	0.00512	0.01014	0.01535	0.02119	0.63150	0.04431	0.18661	0.01202	0.00664	0.00179	0.00269	0.01050	0.00601	0.00521
1	0.01096	0.01064	0.01890	0.69410	0.03760	0.01272	0.10603	0.01483	0.01150	0.01483	0.01017	0.01503	0.00763	0.00552	0.00575	0.00188	0.00775	0.00520	0.00254	0.00642
2	0.01274	0.00960	0.01362	0.04182	0.01530	0.00962	0.11750	0.06780	0.15349	0.11391	0.02882	0.14277	0.17625	0.01041	0.00640	0.00197	0.00503	0.06090	0.00510	0.00696
3	0.01077	0.01403	0.17633	0.62577	0.03572	0.01262	0.01672	0.01510	0.01139	0.01510	0.01002	0.01435	0.00742	0.00557	0.00557	0.00186	0.00767	0.00482	0.00247	0.00669
4	0.51290	0.01369	0.01043	0.00893	0.01262	0.15542	0.00711	0.01715	0.01121	0.02164	0.00845	0.00986	0.00678	0.00511	0.00393	0.00150	0.00540	0.00322	0.00334	0.18130
5	0.01294	0.01713	0.15853	0.48051	0.03155	0.17437	0.01559	0.01673	0.01236	0.01490	0.00975	0.01339	0.00738	0.00561	0.00546	0.00177	0.00821	0.00455	0.00256	0.00670
6	0.01233	0.01123	0.01761	0.02386	0.46585	0.01062	0.01279	0.01537	0.01316	0.01916	0.15182	0.01872	0.01708	0.00605	0.00548	0.00151	0.00540	0.00563	0.00354	0.18277
7	0.01237	0.01149	0.01786	0.39008	0.26037	0.01309	0.01472	0.01855	0.16898	0.01756	0.01290	0.01593	0.00998	0.00586	0.00563	0.00182	0.00661	0.00529	0.00327	0.00764
8	0.01243	0.21208	0.27639	0.10842	0.02048	0.01487	0.01377	0.01910	0.17154	0.01732	0.01446	0.03552	0.02967	0.00653	0.00518	0.00171	0.00648	0.02306	0.00333	0.00766
9	0.01203	0.00902	0.01342	0.17808	0.15884	0.00914	0.01097	0.01497	0.01250	0.07387	0.01752	0.02872	0.01605	0.00826	0.00581	0.00182	0.00547	0.20279	0.11147	0.10926
10	0.00981	0.00765	0.00883	0.00800	0.00988	0.00759	0.00582	0.01479	0.18411	0.01908	0.28606	0.04926	0.04681	0.20267	0.01150	0.00260	0.00396	0.00813	0.00501	0.10845
11	0.40855	0.01139	0.01518	0.17532	0.02054	0.01227	0.14710	0.01607	0.01088	0.02075	0.00923	0.01182	0.00713	0.00509	0.00461	0.00169	0.00596	0.00417	0.00314	0.10911

[dist]
# distance from previous block
# <min> <max>
0	41

# created by:
# /home/berkeley/.conda/envs/busco_data_prod/bin/msa2prfl.pl pipeline/OGs_align_augustus/33634/10686.fs
