[name]
unknown

[dist]
# distance from previous block
# <min> <max>
2	656

[block]
# block no. 0 follows, 39 sequences, length 15
# corresponding to MSA columns:
# 682-696
name=unknown_A
#
# <colnr> <probs for GDERKNQSTAVLIFYWHMCP>
#	G	D	E	R	K	N	Q	S	T	A	V	L	I	F	Y	W	H	M	C	P
0	0.04830	0.01179	0.01659	0.01625	0.16125	0.01109	0.04765	0.05436	0.08448	0.34336	0.01765	0.01726	0.01230	0.00637	0.00568	0.00170	0.00560	0.00546	0.00537	0.12748
1	0.04513	0.26211	0.15758	0.01480	0.11098	0.01558	0.01263	0.02122	0.08918	0.16337	0.02783	0.03076	0.01176	0.00636	0.00518	0.00168	0.00625	0.00498	0.00405	0.00856
2	0.01491	0.04678	0.02178	0.06197	0.54262	0.01353	0.01567	0.01885	0.04842	0.05717	0.01216	0.01486	0.00985	0.00543	0.00563	0.00167	0.00654	0.00510	0.00333	0.09371
3	0.01714	0.01570	0.15373	0.05942	0.32970	0.01258	0.01548	0.02206	0.07558	0.21634	0.01534	0.01639	0.01109	0.00614	0.00585	0.00183	0.00665	0.00540	0.00426	0.00930
4	0.01633	0.05239	0.10526	0.01026	0.01398	0.00892	0.00919	0.01888	0.01381	0.31001	0.05379	0.13701	0.05418	0.04189	0.08566	0.00279	0.00624	0.00777	0.00533	0.04631
5	0.01895	0.07953	0.11095	0.01288	0.01766	0.01215	0.08521	0.05483	0.11836	0.32553	0.04783	0.05825	0.01570	0.00753	0.00596	0.00186	0.00596	0.00644	0.00549	0.00893
6	0.01262	0.01159	0.01901	0.02789	0.52852	0.01157	0.01443	0.01590	0.03698	0.01835	0.01737	0.22457	0.01772	0.00895	0.00632	0.00194	0.00597	0.00844	0.00372	0.00813
7	0.01944	0.03566	0.05101	0.01876	0.17346	0.09057	0.10660	0.08023	0.05058	0.25802	0.04454	0.01740	0.01297	0.00653	0.00597	0.00180	0.00688	0.00575	0.00485	0.00898
8	0.01812	0.01402	0.05483	0.03333	0.05987	0.01315	0.27143	0.09493	0.01578	0.24116	0.02983	0.01803	0.02905	0.00677	0.00744	0.00195	0.07068	0.00632	0.00464	0.00865
9	0.01273	0.01136	0.01828	0.53572	0.16711	0.01330	0.01572	0.01785	0.08793	0.04434	0.01249	0.01637	0.00945	0.00607	0.00591	0.00193	0.00729	0.00543	0.00321	0.00750
10	0.01234	0.01267	0.02429	0.10137	0.19817	0.01235	0.32973	0.01609	0.01340	0.01807	0.03452	0.08790	0.09638	0.00760	0.00665	0.00197	0.00755	0.00795	0.00351	0.00750
11	0.01438	0.08076	0.59651	0.01542	0.02327	0.01364	0.01902	0.02020	0.01313	0.13142	0.01239	0.01344	0.00859	0.00584	0.00554	0.00182	0.00801	0.00453	0.00324	0.00886
12	0.04866	0.04966	0.12905	0.01120	0.01555	0.01015	0.02448	0.06087	0.01558	0.35036	0.10414	0.11644	0.02031	0.00877	0.00605	0.00189	0.00537	0.00736	0.00573	0.00839
13	0.01416	0.01556	0.09976	0.07559	0.64019	0.01397	0.01844	0.01804	0.01327	0.01902	0.01104	0.01448	0.00909	0.00534	0.00583	0.00178	0.00725	0.00518	0.00287	0.00915
14	0.01642	0.01302	0.02289	0.06873	0.38778	0.01267	0.15431	0.01996	0.01433	0.16974	0.05015	0.01752	0.01256	0.00600	0.00615	0.00183	0.00703	0.00600	0.00399	0.00890

[dist]
# distance from previous block
# <min> <max>
6	35

[block]
# block no. 1 follows, 39 sequences, length 21
# corresponding to MSA columns:
# 742-762
name=unknown_B
#
# <colnr> <probs for GDERKNQSTAVLIFYWHMCP>
#	G	D	E	R	K	N	Q	S	T	A	V	L	I	F	Y	W	H	M	C	P
0	0.05481	0.06752	0.37934	0.01461	0.02078	0.01408	0.06172	0.13898	0.04645	0.02233	0.06122	0.06469	0.01358	0.00714	0.00578	0.00186	0.00719	0.00587	0.00377	0.00830
1	0.02919	0.36741	0.33012	0.01402	0.02060	0.01838	0.06146	0.06404	0.01331	0.01793	0.00983	0.01144	0.00777	0.00542	0.00488	0.00160	0.00753	0.00404	0.00278	0.00822
2	0.01677	0.52922	0.02743	0.01193	0.01696	0.05344	0.08008	0.06474	0.01376	0.06392	0.01014	0.01135	0.00842	0.00532	0.00449	0.00139	0.00666	0.00390	0.00319	0.06688
3	0.00737	0.00588	0.00666	0.00707	0.00859	0.00516	0.00528	0.00897	0.01321	0.01645	0.09592	0.22341	0.47553	0.01573	0.00723	0.00215	0.00332	0.08149	0.00555	0.00503
4	0.01411	0.46702	0.34483	0.01301	0.01965	0.01925	0.01516	0.01815	0.01222	0.01598	0.00925	0.01077	0.00755	0.00530	0.00458	0.00153	0.00736	0.00368	0.00252	0.00808
5	0.01699	0.10788	0.01788	0.01419	0.08507	0.01246	0.07972	0.12301	0.05301	0.19778	0.10607	0.10805	0.02031	0.00865	0.00612	0.00186	0.00561	0.02183	0.00529	0.00823
6	0.00731	0.00565	0.00667	0.00716	0.00837	0.00501	0.00509	0.00883	0.01314	0.01692	0.16550	0.35581	0.34143	0.01595	0.00722	0.00214	0.00314	0.01396	0.00566	0.00501
7	0.00717	0.00529	0.00671	0.00786	0.00848	0.00484	0.00532	0.00828	0.01169	0.01524	0.03720	0.66487	0.15958	0.01793	0.00745	0.00233	0.00336	0.01608	0.00549	0.00484
8	0.01580	0.01723	0.13272	0.03204	0.02491	0.03978	0.35865	0.07649	0.01475	0.10533	0.02615	0.01579	0.01015	0.00630	0.00791	0.00199	0.09606	0.00608	0.00367	0.00822
9	0.01463	0.04861	0.33040	0.01773	0.02429	0.01378	0.24444	0.07076	0.01474	0.09206	0.06012	0.01638	0.01195	0.00608	0.00613	0.00188	0.00814	0.00578	0.00363	0.00848
10	0.00836	0.00603	0.00775	0.00775	0.00842	0.00639	0.00536	0.00945	0.00951	0.01294	0.02175	0.03380	0.09552	0.38077	0.35321	0.00700	0.00990	0.00801	0.00360	0.00448
11	0.01335	0.01028	0.01687	0.25032	0.18514	0.01078	0.05971	0.01647	0.01317	0.11329	0.01866	0.11721	0.03238	0.00877	0.00638	0.00202	0.00639	0.08178	0.02970	0.00733
12	0.01742	0.01548	0.02287	0.07987	0.30542	0.08736	0.15039	0.12836	0.01630	0.09937	0.01280	0.01510	0.00968	0.00584	0.00604	0.00180	0.00771	0.00553	0.00385	0.00884
13	0.01384	0.01407	0.02112	0.10326	0.32304	0.08664	0.10395	0.01685	0.01291	0.01726	0.01324	0.07846	0.01238	0.00768	0.00804	0.00200	0.11255	0.04183	0.00320	0.00771
14	0.01597	0.70373	0.07411	0.01073	0.01599	0.02252	0.01089	0.06016	0.01298	0.01558	0.00872	0.00994	0.00773	0.00521	0.00403	0.00133	0.00648	0.00336	0.00273	0.00780
15	0.02053	0.01180	0.05194	0.01168	0.01594	0.01040	0.05544	0.14334	0.03006	0.40116	0.07071	0.06780	0.06478	0.00852	0.00622	0.00188	0.00541	0.00721	0.00626	0.00892
16	0.01668	0.04385	0.26230	0.02052	0.21809	0.01328	0.05786	0.07746	0.01495	0.17659	0.01426	0.03392	0.01057	0.00626	0.00584	0.00183	0.00718	0.00544	0.00401	0.00911
17	0.11934	0.01247	0.01572	0.19200	0.15620	0.07233	0.03745	0.05332	0.08459	0.02010	0.06399	0.06528	0.06751	0.00778	0.00585	0.00189	0.00627	0.00663	0.00398	0.00730
18	0.01556	0.11405	0.01628	0.01266	0.05349	0.01509	0.00971	0.18956	0.32125	0.02559	0.12470	0.04001	0.02036	0.00812	0.00587	0.00183	0.00514	0.00666	0.00544	0.00864
19	0.07587	0.01414	0.09015	0.01741	0.13708	0.01277	0.10774	0.05792	0.11607	0.19606	0.06381	0.01838	0.01434	0.00692	0.00659	0.00190	0.04338	0.00597	0.00478	0.00872
20	0.01046	0.00892	0.05759	0.00826	0.01119	0.00703	0.00694	0.01391	0.06131	0.07883	0.27467	0.03915	0.27614	0.01105	0.00643	0.00179	0.00374	0.00937	0.00557	0.10766

[dist]
# distance from previous block
# <min> <max>
7	22

[block]
# block no. 2 follows, 39 sequences, length 13
# corresponding to MSA columns:
# 785-797
name=unknown_C
#
# <colnr> <probs for GDERKNQSTAVLIFYWHMCP>
#	G	D	E	R	K	N	Q	S	T	A	V	L	I	F	Y	W	H	M	C	P
0	0.01198	0.01020	0.01206	0.00881	0.01376	0.00785	0.00704	0.01457	0.01206	0.01886	0.01090	0.01307	0.00920	0.00732	0.06052	0.00151	0.00522	0.00371	0.00348	0.76787
1	0.01858	0.01318	0.01503	0.01262	0.04312	0.01369	0.00975	0.34631	0.12747	0.11490	0.01772	0.08609	0.01419	0.00782	0.00585	0.00173	0.00548	0.00636	0.00558	0.13455
2	0.01351	0.01047	0.01239	0.00891	0.01411	0.00795	0.00715	0.01610	0.01267	0.08377	0.01163	0.01295	0.00927	0.00464	0.00452	0.00096	0.00444	0.00372	0.00384	0.75701
3	0.01117	0.01051	0.01774	0.77795	0.04073	0.01314	0.01642	0.01511	0.01182	0.01511	0.01051	0.01577	0.00788	0.00591	0.00591	0.00197	0.00788	0.00526	0.00263	0.00657
4	0.12815	0.01063	0.01327	0.01037	0.01480	0.00993	0.00855	0.06113	0.04042	0.60814	0.02101	0.01858	0.01349	0.00710	0.00566	0.00183	0.00503	0.00559	0.00675	0.00958
5	0.02109	0.02655	0.01646	0.01497	0.01781	0.70307	0.01129	0.02263	0.01611	0.01443	0.00941	0.01135	0.00797	0.00809	0.04235	0.00195	0.04070	0.00398	0.00304	0.00677
6	0.01264	0.00668	0.00817	0.00754	0.00868	0.00638	0.00500	0.01339	0.01083	0.18093	0.02058	0.08384	0.02070	0.51154	0.04353	0.00457	0.00560	0.00837	0.03578	0.00525
7	0.01897	0.01482	0.01577	0.01290	0.01700	0.01670	0.01039	0.41733	0.35175	0.03161	0.01866	0.01775	0.01367	0.00752	0.00596	0.00188	0.00568	0.00594	0.00596	0.00974
8	0.00790	0.00545	0.00741	0.00861	0.00912	0.00519	0.00614	0.00895	0.01156	0.01537	0.05249	0.57776	0.03626	0.01814	0.00899	0.07439	0.00390	0.13237	0.00526	0.00474
9	0.01698	0.01542	0.08258	0.01281	0.01705	0.01557	0.01097	0.26953	0.41140	0.02838	0.01934	0.01851	0.01428	0.00746	0.00589	0.00190	0.00561	0.00598	0.03092	0.00942
10	0.01540	0.01007	0.01200	0.01050	0.01329	0.01037	0.00823	0.20570	0.07909	0.13425	0.05698	0.18379	0.02218	0.05070	0.06958	0.00278	0.00586	0.05687	0.00559	0.04677
11	0.08323	0.00625	0.00779	0.00842	0.00952	0.00635	0.00629	0.01074	0.01210	0.01800	0.12560	0.35775	0.03270	0.01879	0.10955	0.00320	0.00534	0.10778	0.06533	0.00526
12	0.09859	0.01491	0.17278	0.01101	0.01629	0.01048	0.02545	0.01716	0.07882	0.02040	0.04791	0.01601	0.03638	0.00595	0.00529	0.00144	0.02154	0.00469	0.00371	0.39119

[dist]
# distance from previous block
# <min> <max>
1	7

[block]
# block no. 3 follows, 39 sequences, length 28
# corresponding to MSA columns:
# 810-837
name=unknown_D
#
# <colnr> <probs for GDERKNQSTAVLIFYWHMCP>
#	G	D	E	R	K	N	Q	S	T	A	V	L	I	F	Y	W	H	M	C	P
0	0.40590	0.15681	0.06866	0.01101	0.01538	0.12424	0.04629	0.01941	0.01229	0.07873	0.00990	0.01109	0.00764	0.00563	0.00441	0.00169	0.00638	0.00377	0.00354	0.00721
1	0.01287	0.26211	0.30929	0.01356	0.01927	0.01555	0.07438	0.01708	0.01278	0.01785	0.09088	0.01597	0.01343	0.00637	0.00575	0.00169	0.03755	0.00501	0.06094	0.00766
2	0.00909	0.00606	0.00795	0.00862	0.00954	0.00580	0.00642	0.01069	0.01242	0.04861	0.11555	0.31065	0.05236	0.15496	0.01161	0.00299	0.00440	0.21187	0.00534	0.00509
3	0.00788	0.00578	0.00782	0.00832	0.00925	0.00573	0.00609	0.00970	0.01242	0.01700	0.20322	0.34207	0.08390	0.02299	0.19422	0.00400	0.00638	0.04292	0.00516	0.00515
4	0.00802	0.00586	0.00778	0.00871	0.00967	0.00563	0.00661	0.00982	0.01263	0.01672	0.11184	0.38133	0.11523	0.01868	0.06122	0.00289	0.00473	0.20211	0.00542	0.00511
5	0.00858	0.00580	0.00678	0.00678	0.00690	0.00591	0.00400	0.00881	0.00870	0.01171	0.01833	0.03702	0.02077	0.71109	0.11019	0.00614	0.00683	0.00835	0.00354	0.00377
6	0.83394	0.01144	0.00869	0.00778	0.01144	0.01327	0.00640	0.01738	0.01006	0.02653	0.00823	0.00961	0.00640	0.00549	0.00366	0.00183	0.00457	0.00320	0.00366	0.00640
7	0.83394	0.01144	0.00869	0.00778	0.01144	0.01327	0.00640	0.01738	0.01006	0.02653	0.00823	0.00961	0.00640	0.00549	0.00366	0.00183	0.00457	0.00320	0.00366	0.00640
8	0.01186	0.03059	0.76153	0.01686	0.02560	0.01373	0.02185	0.01873	0.01249	0.01873	0.01061	0.01249	0.00749	0.00562	0.00562	0.00187	0.00874	0.00437	0.00250	0.00874
9	0.00849	0.00626	0.00901	0.00898	0.01012	0.00704	0.00695	0.01065	0.01037	0.01496	0.07025	0.02646	0.05732	0.03869	0.63715	0.00817	0.01360	0.00693	0.04331	0.00530
10	0.00856	0.00590	0.00728	0.00728	0.00757	0.00618	0.00462	0.00913	0.00885	0.01208	0.01787	0.03450	0.01967	0.58893	0.23084	0.00676	0.00848	0.00798	0.00347	0.00404
11	0.01630	0.73620	0.02989	0.01052	0.01542	0.08118	0.01022	0.01817	0.01238	0.01396	0.00829	0.00958	0.00759	0.00514	0.00391	0.00128	0.00666	0.00321	0.00257	0.00753
12	0.83394	0.01144	0.00869	0.00778	0.01144	0.01327	0.00640	0.01738	0.01006	0.02653	0.00823	0.00961	0.00640	0.00549	0.00366	0.00183	0.00457	0.00320	0.00366	0.00640
13	0.01538	0.24466	0.15311	0.01168	0.01638	0.05422	0.04592	0.01854	0.01436	0.15050	0.16682	0.02132	0.04828	0.00746	0.00553	0.00168	0.00608	0.00602	0.00437	0.00770
14	0.01148	0.10099	0.24899	0.01125	0.01561	0.01133	0.01174	0.01724	0.10756	0.02068	0.21718	0.02611	0.02442	0.00836	0.00580	0.00181	0.00544	0.04458	0.10216	0.00727
15	0.02078	0.02478	0.01620	0.01457	0.01776	0.59262	0.01104	0.06324	0.14823	0.01754	0.01210	0.01290	0.00962	0.00649	0.00549	0.00162	0.00937	0.00441	0.00374	0.00748
16	0.00996	0.01211	0.16464	0.01112	0.04903	0.00840	0.00983	0.01446	0.07965	0.03347	0.26964	0.09558	0.17663	0.01117	0.00662	0.00196	0.00460	0.02929	0.00516	0.00665
17	0.01029	0.00566	0.00618	0.00605	0.00743	0.00553	0.00454	0.01305	0.01361	0.02251	0.22328	0.02821	0.02647	0.00834	0.00492	0.00151	0.00277	0.00695	0.59718	0.00553
18	0.01074	0.00990	0.00957	0.00948	0.01055	0.14264	0.00680	0.01210	0.01122	0.01402	0.05552	0.14058	0.02090	0.21555	0.29773	0.00569	0.00990	0.00823	0.00377	0.00509
19	0.02023	0.21462	0.02071	0.01482	0.05320	0.46773	0.01141	0.09909	0.01663	0.01704	0.00956	0.01095	0.00796	0.00591	0.00504	0.00150	0.00897	0.00389	0.00323	0.00750
20	0.04115	0.43394	0.25284	0.01281	0.01830	0.01942	0.01396	0.01756	0.01171	0.01585	0.00890	0.01086	0.00754	0.00593	0.00637	0.00164	0.10712	0.00379	0.00256	0.00776
21	0.00769	0.00552	0.00729	0.00791	0.00868	0.00512	0.00553	0.00945	0.01356	0.01866	0.33043	0.48030	0.04602	0.01586	0.00731	0.00218	0.00317	0.01428	0.00591	0.00512
22	0.00827	0.00580	0.00749	0.00777	0.00817	0.00607	0.00516	0.00914	0.00943	0.01291	0.02058	0.18521	0.02295	0.40124	0.25738	0.00624	0.00844	0.00955	0.00384	0.00436
23	0.01229	0.01127	0.01777	0.38445	0.24792	0.01267	0.01479	0.01726	0.09191	0.01778	0.01603	0.01929	0.06224	0.00663	0.00590	0.00189	0.00671	0.00594	0.03972	0.00755
24	0.00946	0.00544	0.00771	0.00779	0.00806	0.00555	0.00529	0.00833	0.00855	0.01148	0.01557	0.06448	0.04626	0.12135	0.14113	0.51368	0.00673	0.00671	0.00308	0.00335
25	0.01818	0.22194	0.02007	0.01394	0.04107	0.36399	0.01098	0.05242	0.06344	0.01612	0.01057	0.01245	0.00899	0.00895	0.05974	0.00214	0.06028	0.00422	0.00321	0.00730
26	0.00918	0.00725	0.00885	0.00849	0.01055	0.00653	0.00626	0.01202	0.06497	0.01764	0.09118	0.35112	0.09912	0.01471	0.04554	0.00229	0.00434	0.03098	0.00502	0.20394
27	0.01527	0.31331	0.20306	0.01358	0.01921	0.01707	0.08963	0.05873	0.08316	0.07096	0.05242	0.01498	0.01195	0.00612	0.00522	0.00166	0.00687	0.00492	0.00364	0.00828

[dist]
# distance from previous block
# <min> <max>
1	36

[block]
# block no. 4 follows, 39 sequences, length 9
# corresponding to MSA columns:
# 874-882
name=unknown_E
#
# <colnr> <probs for GDERKNQSTAVLIFYWHMCP>
#	G	D	E	R	K	N	Q	S	T	A	V	L	I	F	Y	W	H	M	C	P
0	0.15745	0.01580	0.01642	0.01628	0.13487	0.17197	0.04237	0.08186	0.05268	0.11552	0.01294	0.02962	0.01013	0.00654	0.00617	0.00175	0.05229	0.00495	0.00413	0.06625
1	0.01388	0.06083	0.28277	0.01273	0.01785	0.01081	0.04049	0.01827	0.03133	0.15824	0.08148	0.02943	0.08854	0.00904	0.00628	0.00198	0.00631	0.11736	0.00458	0.00778
2	0.01027	0.00514	0.00770	0.00770	0.00770	0.00514	0.00514	0.00770	0.00770	0.01027	0.01027	0.01798	0.01027	0.02054	0.02311	0.82794	0.00514	0.00514	0.00257	0.00257
3	0.01473	0.01470	0.02241	0.15042	0.58065	0.07834	0.01731	0.01814	0.01349	0.01825	0.01086	0.01447	0.00899	0.00544	0.00582	0.00177	0.00747	0.00514	0.00289	0.00872
4	0.01267	0.01393	0.11789	0.07950	0.02131	0.01222	0.19605	0.09316	0.01425	0.03503	0.05636	0.14818	0.01796	0.01064	0.03668	0.00239	0.07353	0.04706	0.00402	0.00720
5	0.00937	0.00725	0.00823	0.00763	0.00957	0.00704	0.00596	0.01090	0.01317	0.07617	0.05000	0.04807	0.59376	0.01374	0.00856	0.00206	0.10669	0.01098	0.00525	0.00560
6	0.07276	0.01216	0.06763	0.01082	0.01403	0.01162	0.00924	0.27371	0.04311	0.02649	0.12813	0.14379	0.02359	0.01020	0.00621	0.00196	0.00509	0.06839	0.06358	0.00748
7	0.01790	0.01341	0.01507	0.01228	0.01601	0.01477	0.01001	0.46546	0.07570	0.02967	0.01580	0.01875	0.01257	0.01540	0.16942	0.00345	0.00823	0.03430	0.00520	0.04658
8	0.01491	0.01066	0.01262	0.00968	0.01421	0.00908	0.00777	0.11187	0.01491	0.11559	0.01534	0.07949	0.01325	0.00679	0.00521	0.00132	0.00471	0.03567	0.00456	0.51238

[dist]
# distance from previous block
# <min> <max>
0	3

[block]
# block no. 5 follows, 39 sequences, length 53
# corresponding to MSA columns:
# 886-900,905-915,918-944
name=unknown_F
#
# <colnr> <probs for GDERKNQSTAVLIFYWHMCP>
#	G	D	E	R	K	N	Q	S	T	A	V	L	I	F	Y	W	H	M	C	P
0	0.01698	0.01968	0.01448	0.05248	0.01701	0.42863	0.00990	0.01891	0.01490	0.01616	0.05807	0.04525	0.04817	0.00716	0.00597	0.00153	0.03775	0.00521	0.00353	0.17824
1	0.01725	0.01278	0.01525	0.11544	0.05767	0.01424	0.01091	0.18858	0.33221	0.11145	0.01906	0.01881	0.01391	0.00726	0.00589	0.00189	0.00562	0.00598	0.03672	0.00908
2	0.01226	0.01051	0.01226	0.00876	0.01401	0.00788	0.00701	0.01489	0.01226	0.01927	0.01051	0.01226	0.00876	0.00438	0.00438	0.00088	0.00438	0.00350	0.00350	0.82832
3	0.01269	0.06494	0.01352	0.00904	0.01400	0.00926	0.00733	0.04637	0.01288	0.01947	0.01167	0.05263	0.01032	0.00528	0.00457	0.00102	0.00456	0.00425	0.00365	0.69255
4	0.01433	0.01045	0.01247	0.00901	0.01417	0.00800	0.00725	0.01690	0.01294	0.12628	0.01236	0.01340	0.00961	0.00480	0.00461	0.00101	0.00447	0.00386	0.00406	0.71001
5	0.01117	0.01051	0.01774	0.77795	0.04073	0.01314	0.01642	0.01511	0.01182	0.01511	0.01051	0.01577	0.00788	0.00591	0.00591	0.00197	0.00788	0.00526	0.00263	0.00657
6	0.01179	0.00708	0.00629	0.00619	0.00768	0.05841	0.00464	0.01446	0.01270	0.02152	0.01859	0.02126	0.01463	0.00683	0.00422	0.00139	0.00330	0.00539	0.76801	0.00561
7	0.02378	0.01448	0.01646	0.01262	0.01730	0.01525	0.01042	0.50901	0.02432	0.26874	0.01713	0.01610	0.01153	0.00717	0.00593	0.00179	0.00603	0.00552	0.00637	0.01006
8	0.01294	0.01294	0.01811	0.01553	0.01553	0.01811	0.01294	0.01423	0.00906	0.01423	0.00776	0.01294	0.00776	0.01035	0.01941	0.00259	0.78134	0.00518	0.00259	0.00647
9	0.01602	0.01594	0.02978	0.02161	0.02717	0.01575	0.52712	0.18967	0.05269	0.02358	0.01308	0.01583	0.00967	0.00563	0.00668	0.00194	0.00889	0.00657	0.00383	0.00854
10	0.02095	0.01211	0.01388	0.01112	0.01509	0.01259	0.00903	0.27561	0.13687	0.27997	0.01965	0.01863	0.01365	0.00729	0.00568	0.00177	0.00516	0.00578	0.12588	0.00928
11	0.01471	0.00745	0.00994	0.00852	0.01102	0.00667	0.00667	0.01732	0.01680	0.28043	0.49783	0.03578	0.04144	0.01043	0.00662	0.00185	0.00357	0.00904	0.00679	0.00714
12	0.00904	0.00651	0.00845	0.00804	0.00939	0.00653	0.00603	0.04258	0.01464	0.02069	0.43877	0.05771	0.05985	0.07209	0.18286	0.00387	0.00616	0.00937	0.03191	0.00553
13	0.00937	0.00633	0.00876	0.00857	0.00953	0.00687	0.00628	0.01096	0.01012	0.05027	0.06803	0.02879	0.01947	0.24602	0.47542	0.00756	0.01163	0.00724	0.00372	0.00507
14	0.01502	0.01593	0.01800	0.46798	0.09415	0.21859	0.01494	0.05525	0.01414	0.01645	0.01038	0.01420	0.00805	0.00597	0.00575	0.00182	0.00849	0.00487	0.00294	0.00707
15	0.15194	0.40335	0.05737	0.01131	0.01552	0.09218	0.01048	0.04986	0.01275	0.04793	0.00926	0.01078	0.00781	0.00602	0.00590	0.00160	0.09165	0.00372	0.00312	0.00746
16	0.15163	0.01374	0.01595	0.01351	0.01523	0.06832	0.01114	0.07826	0.01221	0.09979	0.01019	0.01312	0.00848	0.00864	0.01321	0.00224	0.44870	0.00485	0.00360	0.00718
17	0.00862	0.00561	0.00730	0.00813	0.00892	0.00515	0.00557	0.00981	0.01199	0.06697	0.06123	0.62481	0.09131	0.04446	0.00817	0.00243	0.00357	0.01521	0.00559	0.00517
18	0.00845	0.00634	0.00950	0.00950	0.01056	0.00739	0.00739	0.01056	0.00950	0.01373	0.01584	0.02323	0.01478	0.04435	0.76873	0.00950	0.01584	0.00634	0.00317	0.00528
19	0.00810	0.00600	0.00756	0.00723	0.00869	0.00546	0.00540	0.01062	0.01602	0.02215	0.61430	0.07243	0.16853	0.01279	0.00700	0.00190	0.00285	0.01120	0.00631	0.00546
20	0.00856	0.00574	0.00644	0.00644	0.00649	0.00571	0.00361	0.00860	0.00873	0.01159	0.01976	0.03920	0.04153	0.77088	0.02947	0.00563	0.00566	0.00871	0.00364	0.00362
21	0.83394	0.01144	0.00869	0.00778	0.01144	0.01327	0.00640	0.01738	0.01006	0.02653	0.00823	0.00961	0.00640	0.00549	0.00366	0.00183	0.00457	0.00320	0.00366	0.00640
22	0.83394	0.01144	0.00869	0.00778	0.01144	0.01327	0.00640	0.01738	0.01006	0.02653	0.00823	0.00961	0.00640	0.00549	0.00366	0.00183	0.00457	0.00320	0.00366	0.00640
23	0.01186	0.03059	0.76153	0.01686	0.02560	0.01373	0.02185	0.01873	0.01249	0.01873	0.01061	0.01249	0.00749	0.00562	0.00562	0.00187	0.00874	0.00437	0.00250	0.00874
24	0.00827	0.00582	0.00728	0.05407	0.00928	0.00586	0.00503	0.00887	0.00974	0.01295	0.02299	0.29795	0.02679	0.47526	0.02078	0.00435	0.00506	0.01125	0.00419	0.00419
25	0.05118	0.01062	0.01355	0.01050	0.01487	0.00982	0.00865	0.11339	0.01775	0.60305	0.02149	0.01919	0.01385	0.00721	0.00576	0.00180	0.00506	0.00576	0.05685	0.00967
26	0.07378	0.01268	0.01404	0.01327	0.06638	0.01417	0.00975	0.12149	0.46474	0.06440	0.06507	0.02087	0.01769	0.00774	0.00588	0.00193	0.00498	0.00637	0.00572	0.00905
27	0.07875	0.01072	0.01349	0.05046	0.01603	0.01029	0.00894	0.09623	0.05785	0.47295	0.07164	0.02005	0.01610	0.00735	0.00579	0.00180	0.00509	0.00593	0.00639	0.04415
28	0.01451	0.56685	0.15984	0.01199	0.01748	0.02016	0.04713	0.01745	0.01202	0.01500	0.00936	0.01129	0.00814	0.00788	0.05731	0.00198	0.00759	0.00378	0.00259	0.00765
29	0.01423	0.01664	0.07477	0.02174	0.02710	0.05108	0.53557	0.05578	0.01471	0.01980	0.06392	0.01726	0.01213	0.00592	0.00729	0.00197	0.04212	0.00677	0.00335	0.00784
30	0.00855	0.00594	0.00751	0.00751	0.00788	0.00631	0.00491	0.00928	0.00891	0.01225	0.01766	0.03332	0.01916	0.53214	0.28693	0.00704	0.00925	0.00781	0.00344	0.00417
31	0.01181	0.01128	0.01603	0.03544	0.01504	0.01539	0.01170	0.01337	0.00924	0.01414	0.00978	0.01549	0.00946	0.01841	0.19934	0.00423	0.57547	0.00546	0.00273	0.00619
32	0.01294	0.01294	0.01811	0.01553	0.01553	0.01811	0.01294	0.01423	0.00906	0.01423	0.00776	0.01294	0.00776	0.01035	0.01941	0.00259	0.78134	0.00518	0.00259	0.00647
33	0.00874	0.00677	0.01006	0.00990	0.01088	0.00809	0.00775	0.01080	0.00948	0.01376	0.01531	0.02256	0.01433	0.04214	0.71993	0.00905	0.06570	0.00626	0.00313	0.00536
34	0.01210	0.01154	0.01908	0.53110	0.18531	0.01394	0.01635	0.01563	0.01182	0.01587	0.01030	0.01519	0.00818	0.00632	0.00756	0.00200	0.10263	0.00525	0.00268	0.00714
35	0.01581	0.79572	0.03099	0.01012	0.01518	0.02340	0.01012	0.01771	0.01202	0.01391	0.00822	0.00949	0.00759	0.00506	0.00379	0.00126	0.00632	0.00316	0.00253	0.00759
36	0.00821	0.00584	0.00711	0.00789	0.00852	0.00571	0.00527	0.01026	0.06183	0.01556	0.02993	0.51409	0.06756	0.16029	0.01139	0.00291	0.00388	0.01369	0.05510	0.00495
37	0.01027	0.00514	0.00770	0.00770	0.00770	0.00514	0.00514	0.00770	0.00770	0.01027	0.01027	0.01798	0.01027	0.02054	0.02311	0.82794	0.00514	0.00514	0.00257	0.00257
38	0.01225	0.01162	0.01970	0.54610	0.26411	0.01342	0.01696	0.01606	0.01234	0.01643	0.01070	0.01541	0.00835	0.00571	0.00589	0.00190	0.00762	0.00526	0.00272	0.00744
39	0.00763	0.00541	0.00698	0.00788	0.00825	0.00526	0.00520	0.00854	0.01059	0.01416	0.02862	0.52569	0.05285	0.19839	0.08239	0.00381	0.00508	0.01385	0.00484	0.00457
40	0.01689	0.62153	0.05402	0.01125	0.01614	0.12878	0.01077	0.05369	0.01348	0.01530	0.00873	0.00999	0.00771	0.00533	0.00418	0.00135	0.00704	0.00340	0.00277	0.00765
41	0.00731	0.00538	0.00682	0.00777	0.00847	0.00493	0.00531	0.00857	0.01214	0.01601	0.10662	0.58643	0.15344	0.03149	0.00782	0.00235	0.00334	0.01538	0.00555	0.00489
42	0.01414	0.01344	0.02235	0.14279	0.59976	0.01396	0.01729	0.01863	0.06392	0.01908	0.01193	0.01532	0.00975	0.00555	0.00587	0.00180	0.00699	0.00537	0.00310	0.00896
43	0.01570	0.05120	0.01605	0.01413	0.06741	0.01485	0.04091	0.05189	0.55944	0.06875	0.02152	0.02030	0.01609	0.00749	0.00593	0.00193	0.00523	0.00634	0.00558	0.00928
44	0.01843	0.02148	0.01688	0.01474	0.01767	0.48414	0.08510	0.06552	0.01573	0.01617	0.01228	0.07875	0.01123	0.01055	0.06053	0.04533	0.00979	0.00559	0.00342	0.00667
45	0.02075	0.01174	0.01660	0.04268	0.13161	0.01148	0.04620	0.13457	0.04929	0.37112	0.01982	0.05726	0.01473	0.00775	0.00615	0.00189	0.00584	0.03544	0.00582	0.00925
46	0.01027	0.00514	0.00770	0.00770	0.00770	0.00514	0.00514	0.00770	0.00770	0.01027	0.01027	0.01798	0.01027	0.02054	0.02311	0.82794	0.00514	0.00514	0.00257	0.00257
47	0.01418	0.02347	0.45099	0.01556	0.02236	0.01414	0.05453	0.07704	0.18935	0.05782	0.01480	0.01547	0.01064	0.00636	0.00582	0.00190	0.00748	0.00521	0.00386	0.00901
48	0.01376	0.02271	0.44238	0.01728	0.07440	0.03253	0.10730	0.01912	0.01323	0.08332	0.01293	0.01484	0.00936	0.00583	0.00565	0.00181	0.00778	0.00502	0.10240	0.00836
49	0.00783	0.00623	0.00884	0.00893	0.01016	0.00570	0.05680	0.00947	0.01262	0.01656	0.11503	0.47780	0.18988	0.01606	0.00734	0.00224	0.00379	0.03412	0.00542	0.00517
50	0.01476	0.08867	0.33144	0.02152	0.23881	0.09755	0.03265	0.01927	0.01340	0.04625	0.01091	0.01302	0.00841	0.00553	0.00550	0.00172	0.00798	0.00456	0.00291	0.03513
51	0.07136	0.05564	0.05434	0.00924	0.01287	0.00932	0.00781	0.05112	0.03457	0.08382	0.16307	0.11925	0.02283	0.00851	0.00553	0.00159	0.00442	0.00713	0.03979	0.23779
52	0.01494	0.01418	0.02066	0.17066	0.39617	0.06714	0.03871	0.09670	0.04059	0.02010	0.01286	0.05707	0.01095	0.00646	0.00597	0.00183	0.00721	0.00590	0.00346	0.00844

[dist]
# distance from previous block
# <min> <max>
1	5

[block]
# block no. 6 follows, 39 sequences, length 30
# corresponding to MSA columns:
# 950-976,979-981
name=unknown_G
#
# <colnr> <probs for GDERKNQSTAVLIFYWHMCP>
#	G	D	E	R	K	N	Q	S	T	A	V	L	I	F	Y	W	H	M	C	P
0	0.40895	0.01106	0.01076	0.00901	0.01265	0.01170	0.00726	0.06277	0.04016	0.02379	0.04062	0.06050	0.01173	0.00673	0.00532	0.00166	0.04728	0.00479	0.00402	0.21923
1	0.01226	0.01051	0.01226	0.00876	0.01401	0.00788	0.00701	0.01489	0.01226	0.01927	0.01051	0.01226	0.00876	0.00438	0.00438	0.00088	0.00438	0.00350	0.00350	0.82832
2	0.02157	0.01611	0.01724	0.01342	0.01799	0.01792	0.01102	0.65349	0.11135	0.03581	0.01535	0.01512	0.01099	0.00721	0.00593	0.00180	0.00629	0.00548	0.00593	0.00998
3	0.01805	0.01047	0.01293	0.00993	0.01456	0.00890	0.00810	0.05141	0.05054	0.30072	0.01754	0.01933	0.01313	0.00656	0.00536	0.00145	0.00480	0.05074	0.00530	0.39018
4	0.01117	0.01051	0.01774	0.77795	0.04073	0.01314	0.01642	0.01511	0.01182	0.01511	0.01051	0.01577	0.00788	0.00591	0.00591	0.00197	0.00788	0.00526	0.00263	0.00657
5	0.02248	0.01656	0.01775	0.01361	0.01834	0.01834	0.01124	0.73556	0.02780	0.03727	0.01420	0.01420	0.01006	0.00710	0.00592	0.00177	0.00651	0.00532	0.00592	0.01006
6	0.83394	0.01144	0.00869	0.00778	0.01144	0.01327	0.00640	0.01738	0.01006	0.02653	0.00823	0.00961	0.00640	0.00549	0.00366	0.00183	0.00457	0.00320	0.00366	0.00640
7	0.01257	0.01228	0.01720	0.01503	0.01518	0.01691	0.01257	0.01402	0.00954	0.01460	0.01028	0.01868	0.01057	0.01099	0.01821	0.00260	0.69850	0.08102	0.00289	0.00636
8	0.10072	0.01086	0.01731	0.57680	0.03447	0.01280	0.05407	0.01695	0.01227	0.09166	0.01164	0.01556	0.00847	0.00596	0.00573	0.00194	0.00736	0.00520	0.00323	0.00698
9	0.01334	0.00775	0.01036	0.01043	0.01258	0.00757	0.00886	0.01689	0.06174	0.17063	0.07298	0.05087	0.02951	0.01326	0.00732	0.00238	0.00503	0.44879	0.04305	0.00666
10	0.00945	0.00679	0.00805	0.00770	0.00934	0.00653	0.00568	0.01315	0.09559	0.04609	0.36610	0.10740	0.17956	0.07073	0.00851	0.00222	0.00339	0.01061	0.03728	0.00582
11	0.00890	0.00645	0.00809	0.00764	0.00923	0.00606	0.00574	0.01225	0.05627	0.03773	0.59764	0.07225	0.12469	0.01231	0.00692	0.00190	0.00299	0.01080	0.00635	0.00579
12	0.01012	0.00524	0.00785	0.00785	0.00794	0.00532	0.00532	0.00794	0.00785	0.01056	0.01074	0.01842	0.01065	0.02253	0.08536	0.75961	0.00603	0.00524	0.00262	0.00279
13	0.01226	0.01162	0.01971	0.54467	0.26548	0.01343	0.01697	0.01607	0.01234	0.01643	0.01070	0.01541	0.00835	0.00571	0.00589	0.00190	0.00761	0.00526	0.00272	0.00745
14	0.11401	0.02079	0.01630	0.01446	0.01650	0.41254	0.01138	0.01954	0.01323	0.01580	0.00854	0.01135	0.00753	0.00754	0.01015	0.00194	0.28456	0.00422	0.00296	0.00667
15	0.00884	0.00681	0.01039	0.00974	0.01085	0.00747	0.05346	0.01062	0.00957	0.01350	0.01628	0.02661	0.01608	0.22787	0.53565	0.00808	0.01295	0.00694	0.00326	0.00503
16	0.00790	0.00577	0.00758	0.00878	0.00965	0.00545	0.00662	0.00952	0.01231	0.01602	0.03565	0.47090	0.12786	0.01740	0.00767	0.00245	0.00400	0.23396	0.00548	0.00503
17	0.00798	0.00603	0.00736	0.00703	0.00859	0.00541	0.00527	0.01040	0.01581	0.02152	0.55565	0.04779	0.25367	0.01291	0.00698	0.00190	0.00285	0.01120	0.00622	0.00541
18	0.00797	0.00563	0.00722	0.00759	0.00857	0.00522	0.00540	0.00996	0.01403	0.01960	0.36995	0.35713	0.08031	0.01462	0.00704	0.00207	0.00307	0.01304	0.05636	0.00522
19	0.00859	0.00575	0.00654	0.00651	0.00660	0.00572	0.00371	0.00876	0.00910	0.01222	0.06373	0.03904	0.02361	0.74421	0.02868	0.00550	0.00555	0.00873	0.00376	0.00371
20	0.83394	0.01144	0.00869	0.00778	0.01144	0.01327	0.00640	0.01738	0.01006	0.02653	0.00823	0.00961	0.00640	0.00549	0.00366	0.00183	0.00457	0.00320	0.00366	0.00640
21	0.83394	0.01144	0.00869	0.00778	0.01144	0.01327	0.00640	0.01738	0.01006	0.02653	0.00823	0.00961	0.00640	0.00549	0.00366	0.00183	0.00457	0.00320	0.00366	0.00640
22	0.00860	0.00573	0.00645	0.00645	0.00645	0.00573	0.00358	0.00860	0.00860	0.01147	0.01863	0.03870	0.02150	0.79217	0.03010	0.00573	0.00573	0.00860	0.00358	0.00358
23	0.00879	0.00656	0.00904	0.00887	0.00951	0.00753	0.00648	0.01014	0.00917	0.01300	0.01625	0.02774	0.01658	0.29217	0.47329	0.00780	0.06200	0.00702	0.00327	0.00479
24	0.01186	0.03059	0.76153	0.01686	0.02560	0.01373	0.02185	0.01873	0.01249	0.01873	0.01061	0.01249	0.00749	0.00562	0.00562	0.00187	0.00874	0.00437	0.00250	0.00874
25	0.02445	0.01089	0.01619	0.01229	0.01696	0.00974	0.09373	0.02780	0.05426	0.63453	0.02204	0.01974	0.01415	0.00708	0.00607	0.00186	0.00559	0.00611	0.00674	0.00978
26	0.02053	0.00953	0.01238	0.01039	0.01380	0.00888	0.00836	0.10538	0.01663	0.45134	0.02439	0.14917	0.02029	0.04003	0.00735	0.00216	0.00501	0.07934	0.00653	0.00850
27	0.01173	0.01115	0.01841	0.61372	0.10989	0.01381	0.01619	0.01531	0.01167	0.01543	0.01025	0.01532	0.00802	0.00637	0.00749	0.00202	0.09847	0.00525	0.00265	0.00684
28	0.05523	0.22737	0.48342	0.01402	0.02106	0.01570	0.01694	0.01790	0.01251	0.01820	0.05786	0.01361	0.01059	0.00588	0.00513	0.00171	0.00751	0.00440	0.00283	0.00811
29	0.01476	0.01102	0.01203	0.01072	0.01385	0.01214	0.00836	0.02695	0.51560	0.10492	0.08257	0.02616	0.07538	0.00872	0.00606	0.00194	0.00435	0.00729	0.04857	0.00862

[dist]
# distance from previous block
# <min> <max>
0	1

[block]
# block no. 7 follows, 39 sequences, length 14
# corresponding to MSA columns:
# 983-996
name=unknown_H
#
# <colnr> <probs for GDERKNQSTAVLIFYWHMCP>
#	G	D	E	R	K	N	Q	S	T	A	V	L	I	F	Y	W	H	M	C	P
0	0.01407	0.01315	0.02178	0.25460	0.50005	0.01403	0.01723	0.05970	0.01383	0.01914	0.01112	0.01495	0.00897	0.00557	0.00588	0.00182	0.00725	0.00527	0.00302	0.00858
1	0.00958	0.00553	0.00804	0.00804	0.00832	0.00581	0.00556	0.00858	0.00829	0.01134	0.01275	0.02183	0.01281	0.11777	0.22449	0.51103	0.00809	0.00587	0.00285	0.00342
2	0.00852	0.00594	0.00749	0.00741	0.00793	0.00612	0.00492	0.00958	0.01036	0.01434	0.15592	0.03583	0.02626	0.45710	0.21176	0.00595	0.00772	0.00842	0.00403	0.00439
3	0.04075	0.08551	0.01636	0.01377	0.01672	0.52720	0.01083	0.03762	0.01587	0.01589	0.01333	0.02117	0.01261	0.00794	0.00571	0.00174	0.00907	0.13765	0.00354	0.00671
4	0.01514	0.64801	0.02747	0.00986	0.01496	0.02048	0.00953	0.01718	0.01206	0.01492	0.00865	0.01001	0.00781	0.00493	0.00390	0.00119	0.00596	0.00323	0.00271	0.16198
5	0.00902	0.15406	0.01155	0.00835	0.00984	0.00845	0.00634	0.01055	0.01251	0.01645	0.15809	0.47821	0.06568	0.01469	0.00672	0.00207	0.00384	0.01297	0.00512	0.00547
6	0.00962	0.00664	0.00879	0.00858	0.00950	0.00753	0.00641	0.01176	0.04199	0.01519	0.01642	0.02442	0.01532	0.14960	0.37763	0.06812	0.05310	0.00640	0.15788	0.00510
7	0.00862	0.00587	0.00703	0.00735	0.00839	0.00564	0.00518	0.01102	0.04404	0.01867	0.20360	0.30814	0.09899	0.07659	0.00848	0.00230	0.00335	0.01174	0.15977	0.00524
8	0.01120	0.00793	0.00936	0.00875	0.00995	0.00843	0.00623	0.14597	0.01290	0.01737	0.01899	0.06670	0.02003	0.42151	0.14617	0.00522	0.00744	0.06635	0.00419	0.00529
9	0.06776	0.17923	0.10706	0.01354	0.01813	0.29334	0.01204	0.20314	0.01772	0.02139	0.01037	0.01148	0.00815	0.00605	0.00511	0.00159	0.00814	0.00410	0.00365	0.00802
10	0.01155	0.00643	0.00821	0.00821	0.00930	0.00605	0.00570	0.01257	0.01154	0.15395	0.02550	0.30350	0.02747	0.30723	0.01578	0.00357	0.00476	0.06818	0.00511	0.00539
11	0.02031	0.01183	0.01890	0.07661	0.04417	0.01130	0.16731	0.08236	0.03330	0.38723	0.06906	0.01991	0.01524	0.00696	0.00624	0.00188	0.00636	0.00639	0.00566	0.00898
12	0.01412	0.21868	0.19597	0.01203	0.01692	0.01547	0.01207	0.11190	0.15108	0.02193	0.15245	0.01967	0.01890	0.00733	0.00551	0.00173	0.00595	0.00580	0.00436	0.00813
13	0.01426	0.01393	0.12972	0.01201	0.01521	0.11119	0.04338	0.01687	0.01360	0.15596	0.02253	0.25590	0.02250	0.04378	0.00763	0.00225	0.00621	0.10137	0.00483	0.00687

[dist]
# distance from previous block
# <min> <max>
0	3

[block]
# block no. 8 follows, 39 sequences, length 26
# corresponding to MSA columns:
# 1036-1044,1047-1063
name=unknown_I
#
# <colnr> <probs for GDERKNQSTAVLIFYWHMCP>
#	G	D	E	R	K	N	Q	S	T	A	V	L	I	F	Y	W	H	M	C	P
0	0.01641	0.01520	0.02274	0.07260	0.36147	0.07298	0.12919	0.10077	0.07046	0.06028	0.01303	0.01541	0.01009	0.00585	0.00602	0.00181	0.00749	0.00557	0.00373	0.00889
1	0.01015	0.00518	0.00761	0.00761	0.00761	0.00518	0.00502	0.00777	0.00777	0.01036	0.01090	0.01954	0.01112	0.07893	0.02364	0.76573	0.00518	0.00540	0.00264	0.00264
2	0.01367	0.01163	0.01857	0.09295	0.16824	0.01245	0.11608	0.01879	0.11666	0.07502	0.05652	0.02723	0.01756	0.00874	0.00797	0.00212	0.08887	0.13489	0.00429	0.00773
3	0.01326	0.15545	0.06964	0.08009	0.31305	0.01463	0.07007	0.01627	0.01229	0.01678	0.01257	0.07284	0.01182	0.06608	0.00824	0.00210	0.04798	0.00606	0.00303	0.00776
4	0.01079	0.00748	0.00902	0.00817	0.01013	0.00740	0.00635	0.06677	0.01537	0.07558	0.29221	0.03924	0.24923	0.01430	0.06647	0.00249	0.04558	0.00951	0.05781	0.00610
5	0.01305	0.01488	0.16712	0.01314	0.06288	0.02730	0.01133	0.07649	0.15796	0.04063	0.12713	0.10892	0.02111	0.00852	0.00599	0.00179	0.00548	0.00724	0.00471	0.12431
6	0.00988	0.00843	0.01348	0.01154	0.01339	0.00891	0.11653	0.01204	0.01057	0.01506	0.05000	0.04109	0.01663	0.16445	0.35830	0.00604	0.06680	0.00698	0.00341	0.06649
7	0.01670	0.01266	0.01423	0.01083	0.01547	0.01211	0.00874	0.32045	0.01894	0.05161	0.01418	0.07207	0.01181	0.00670	0.00532	0.00140	0.00523	0.00537	0.00481	0.39136
8	0.01311	0.01061	0.01575	0.11626	0.25471	0.01049	0.01172	0.01719	0.06926	0.07696	0.16320	0.04818	0.03602	0.00761	0.00598	0.00173	0.00537	0.00680	0.00440	0.12464
9	0.01104	0.00994	0.01281	0.06973	0.01473	0.02566	0.00962	0.01516	0.14063	0.01650	0.02063	0.31884	0.02189	0.01273	0.01110	0.00235	0.26596	0.00999	0.00435	0.00634
10	0.04621	0.01078	0.01583	0.11839	0.19410	0.01076	0.01155	0.02196	0.06714	0.32012	0.04613	0.01881	0.01375	0.00782	0.00719	0.06436	0.00576	0.00578	0.00504	0.00851
11	0.01475	0.01231	0.01993	0.01539	0.01948	0.03690	0.27519	0.04494	0.10252	0.12793	0.08608	0.05437	0.09856	0.00841	0.00661	0.00195	0.00657	0.03301	0.00486	0.03023
12	0.01139	0.00920	0.01329	0.09497	0.12571	0.00927	0.04354	0.03109	0.08581	0.05678	0.24926	0.07302	0.15218	0.01017	0.00656	0.00193	0.00475	0.00902	0.00515	0.00691
13	0.01226	0.01051	0.01226	0.00876	0.01401	0.00788	0.00701	0.01489	0.01226	0.01927	0.01051	0.01226	0.00876	0.00438	0.00438	0.00088	0.00438	0.00350	0.00350	0.82832
14	0.08164	0.01492	0.15139	0.01333	0.01847	0.01142	0.10151	0.07505	0.04643	0.28883	0.01763	0.05824	0.01313	0.00719	0.00587	0.00185	0.00626	0.02083	0.00508	0.06092
15	0.01420	0.01613	0.22449	0.01130	0.01745	0.00965	0.01145	0.01797	0.01299	0.12528	0.01238	0.01345	0.00924	0.00515	0.00496	0.00129	0.00571	0.00410	0.00377	0.47903
16	0.01117	0.01051	0.01774	0.77795	0.04073	0.01314	0.01642	0.01511	0.01182	0.01511	0.01051	0.01577	0.00788	0.00591	0.00591	0.00197	0.00788	0.00526	0.00263	0.00657
17	0.08264	0.01618	0.01708	0.01317	0.01783	0.01796	0.01088	0.68232	0.02649	0.03647	0.01376	0.01386	0.00979	0.00698	0.00575	0.00178	0.00636	0.00517	0.00575	0.00979
18	0.53059	0.01092	0.01058	0.00881	0.01281	0.01155	0.00726	0.02168	0.01264	0.30186	0.01391	0.01356	0.00950	0.00618	0.00452	0.00183	0.00475	0.00423	0.00503	0.00778
19	0.01048	0.00614	0.00673	0.00654	0.00742	0.00653	0.00464	0.01234	0.01107	0.01844	0.01823	0.02610	0.01641	0.23090	0.01269	0.00271	0.06250	0.00637	0.52874	0.00503
20	0.01704	0.01965	0.02816	0.02116	0.02617	0.23978	0.46239	0.07600	0.01587	0.01903	0.01130	0.01424	0.00865	0.00548	0.00641	0.00184	0.00991	0.00591	0.00323	0.00780
21	0.00853	0.00577	0.00735	0.00804	0.00881	0.00544	0.00564	0.00977	0.01185	0.04281	0.08569	0.41464	0.09343	0.16739	0.01185	0.00299	0.00409	0.09575	0.00526	0.00491
22	0.07654	0.00985	0.01297	0.01012	0.01440	0.00875	0.00832	0.02678	0.01648	0.65823	0.07640	0.02124	0.01717	0.00756	0.00588	0.00183	0.00484	0.00612	0.00703	0.00950
23	0.00847	0.00586	0.00711	0.00697	0.00831	0.00542	0.00512	0.01080	0.01481	0.02109	0.44676	0.11140	0.14898	0.04007	0.00742	0.00199	0.00298	0.01066	0.13041	0.00534
24	0.10867	0.01067	0.01350	0.01211	0.01335	0.01344	0.00990	0.04353	0.05790	0.01825	0.06642	0.05510	0.04318	0.01411	0.09101	0.00307	0.35474	0.06079	0.00385	0.00640
25	0.20132	0.01347	0.04809	0.01024	0.01495	0.05924	0.00866	0.10064	0.03462	0.13558	0.01266	0.01326	0.00939	0.00565	0.00480	0.00146	0.00538	0.00416	0.00439	0.31204

[dist]
# distance from previous block
# <min> <max>
0	2

[block]
# block no. 9 follows, 39 sequences, length 14
# corresponding to MSA columns:
# 1067-1080
name=unknown_J
#
# <colnr> <probs for GDERKNQSTAVLIFYWHMCP>
#	G	D	E	R	K	N	Q	S	T	A	V	L	I	F	Y	W	H	M	C	P
0	0.01708	0.56592	0.07202	0.01167	0.01655	0.16623	0.01113	0.05147	0.01368	0.01537	0.00882	0.01011	0.00770	0.00539	0.00430	0.00137	0.00732	0.00346	0.00278	0.00763
1	0.01357	0.06540	0.05074	0.01498	0.08908	0.01239	0.10360	0.04439	0.23385	0.06622	0.02352	0.16217	0.07551	0.00944	0.00631	0.00198	0.00562	0.00846	0.00486	0.00792
2	0.01048	0.00662	0.00829	0.00790	0.00985	0.00595	0.00618	0.01275	0.01519	0.11813	0.33247	0.07852	0.24908	0.01310	0.00702	0.00203	0.00351	0.10082	0.00614	0.00596
3	0.00840	0.00588	0.00703	0.00693	0.00751	0.00580	0.00447	0.00935	0.01092	0.01481	0.18670	0.03995	0.08878	0.48128	0.09362	0.00492	0.00581	0.00917	0.00436	0.00431
4	0.00832	0.00603	0.00800	0.00866	0.00978	0.00571	0.00673	0.01050	0.01402	0.01890	0.27849	0.26345	0.08770	0.01543	0.00751	0.00229	0.00382	0.23358	0.00582	0.00528
5	0.01121	0.00954	0.01408	0.01239	0.01387	0.01152	0.05852	0.07942	0.01140	0.01639	0.01347	0.01941	0.01225	0.02999	0.46481	0.00660	0.19966	0.00601	0.00327	0.00620
6	0.83394	0.01144	0.00869	0.00778	0.01144	0.01327	0.00640	0.01738	0.01006	0.02653	0.00823	0.00961	0.00640	0.00549	0.00366	0.00183	0.00457	0.00320	0.00366	0.00640
7	0.83394	0.01144	0.00869	0.00778	0.01144	0.01327	0.00640	0.01738	0.01006	0.02653	0.00823	0.00961	0.00640	0.00549	0.00366	0.00183	0.00457	0.00320	0.00366	0.00640
8	0.01042	0.03294	0.01013	0.00930	0.01040	0.10232	0.00681	0.01180	0.01021	0.01313	0.01563	0.02600	0.01573	0.26810	0.42328	0.00710	0.01180	0.00662	0.00326	0.00503
9	0.02249	0.01289	0.01586	0.10759	0.01963	0.01344	0.01073	0.31643	0.04982	0.34166	0.01802	0.01723	0.01206	0.00708	0.00593	0.00183	0.00598	0.00564	0.00611	0.00960
10	0.01385	0.01305	0.02200	0.03270	0.66215	0.01299	0.01658	0.01728	0.01387	0.01987	0.10358	0.01832	0.01516	0.00612	0.00599	0.00177	0.00650	0.00595	0.00337	0.00889
11	0.00984	0.00862	0.05436	0.00875	0.01084	0.00739	0.00708	0.10087	0.01604	0.02180	0.33220	0.22157	0.15160	0.01309	0.00690	0.00200	0.00380	0.01141	0.00579	0.00605
12	0.01398	0.01250	0.01947	0.07265	0.46140	0.01288	0.01477	0.07669	0.06471	0.02136	0.10593	0.02211	0.01726	0.00719	0.00616	0.00186	0.00625	0.05033	0.00397	0.00854
13	0.01939	0.02192	0.10909	0.01737	0.12503	0.34742	0.01307	0.11118	0.03967	0.08899	0.01405	0.01498	0.03858	0.00657	0.00566	0.00169	0.00836	0.00491	0.00391	0.00816

[dist]
# distance from previous block
# <min> <max>
0	13

[block]
# block no. 10 follows, 39 sequences, length 21
# corresponding to MSA columns:
# 1098-1118
name=unknown_K
#
# <colnr> <probs for GDERKNQSTAVLIFYWHMCP>
#	G	D	E	R	K	N	Q	S	T	A	V	L	I	F	Y	W	H	M	C	P
0	0.60195	0.03070	0.03634	0.00935	0.01335	0.06937	0.00792	0.08794	0.01263	0.04101	0.00936	0.01054	0.00717	0.00568	0.00415	0.00176	0.00539	0.00356	0.00384	0.03800
1	0.01652	0.01998	0.30403	0.01496	0.02099	0.01381	0.07991	0.16022	0.12275	0.13156	0.04488	0.01690	0.01263	0.00670	0.00596	0.00188	0.00705	0.00561	0.00458	0.00908
2	0.07644	0.01375	0.02090	0.05670	0.52142	0.01425	0.01557	0.09141	0.06703	0.04717	0.01254	0.01498	0.00996	0.00576	0.00572	0.00179	0.00659	0.00525	0.00364	0.00914
3	0.02028	0.01592	0.09273	0.01577	0.08368	0.05115	0.07026	0.25672	0.04695	0.22952	0.04523	0.01715	0.01291	0.00686	0.00599	0.00182	0.00664	0.00572	0.00534	0.00934
4	0.01188	0.02799	0.65771	0.09368	0.02733	0.01372	0.04976	0.01837	0.01248	0.01837	0.01066	0.01295	0.00759	0.00562	0.00570	0.00189	0.00870	0.00456	0.00253	0.00849
