[name]
unknown

[dist]
# distance from previous block
# <min> <max>
0	238

[block]
# block no. 0 follows, 44 sequences, length 36
# corresponding to MSA columns:
# 243-278
name=unknown_A
#
# <colnr> <probs for GDERKNQSTAVLIFYWHMCP>
#	G	D	E	R	K	N	Q	S	T	A	V	L	I	F	Y	W	H	M	C	P
0	0.01234	0.01599	0.19413	0.01952	0.09164	0.01198	0.37691	0.01675	0.01270	0.05354	0.04818	0.03495	0.01270	0.00627	0.00611	0.00184	0.00771	0.06615	0.00322	0.00737
1	0.01335	0.01375	0.06433	0.03139	0.69611	0.01297	0.01654	0.01734	0.04801	0.01802	0.01079	0.01371	0.00892	0.00500	0.00539	0.00164	0.00646	0.00487	0.00281	0.00860
2	0.06128	0.01317	0.05316	0.06387	0.45415	0.01244	0.13755	0.01782	0.01256	0.10439	0.01147	0.01398	0.00884	0.00508	0.00546	0.00168	0.00669	0.00505	0.00318	0.00819
3	0.01299	0.04986	0.02107	0.02995	0.67139	0.01265	0.01533	0.01606	0.01251	0.01769	0.05222	0.01606	0.03717	0.00549	0.00540	0.00161	0.00611	0.00526	0.00294	0.00823
4	0.01444	0.09402	0.34995	0.01817	0.17385	0.04345	0.07034	0.01873	0.01255	0.13655	0.01156	0.01293	0.00841	0.00529	0.00520	0.00164	0.00714	0.00448	0.00314	0.00815
5	0.08462	0.01372	0.02295	0.04448	0.47410	0.04945	0.19688	0.01703	0.01237	0.01800	0.01012	0.01325	0.00821	0.00486	0.00546	0.00167	0.00713	0.00502	0.00277	0.00792
6	0.01029	0.00759	0.01075	0.04352	0.07388	0.00740	0.04505	0.02444	0.05297	0.07917	0.14668	0.12030	0.15984	0.05370	0.00756	0.00213	0.00441	0.13957	0.00486	0.00587
7	0.00776	0.00550	0.00669	0.00683	0.00815	0.00491	0.00500	0.00943	0.01288	0.05169	0.25775	0.26986	0.28902	0.01369	0.00657	0.00192	0.00296	0.02905	0.00542	0.00494
8	0.01166	0.05473	0.60922	0.01407	0.02099	0.01228	0.01730	0.05234	0.01271	0.04366	0.08894	0.01473	0.01184	0.00589	0.00527	0.00170	0.00719	0.00468	0.00298	0.00781
9	0.01484	0.77536	0.02796	0.00955	0.01412	0.05694	0.00938	0.01658	0.01128	0.01285	0.00762	0.00880	0.00700	0.00471	0.00356	0.00118	0.00602	0.00294	0.00235	0.00697
10	0.01394	0.01215	0.02041	0.06877	0.64365	0.01215	0.01546	0.01701	0.01251	0.07926	0.01196	0.04686	0.01010	0.00555	0.00547	0.00166	0.00623	0.00535	0.00311	0.00838
11	0.01356	0.01171	0.01233	0.01109	0.01418	0.01356	0.00863	0.02897	0.76455	0.02281	0.02219	0.02034	0.01664	0.00740	0.00555	0.00185	0.00431	0.00616	0.00555	0.00863
12	0.00793	0.00529	0.00595	0.00595	0.00595	0.00529	0.00330	0.00793	0.00793	0.01057	0.01718	0.03568	0.01982	0.80840	0.02775	0.00529	0.00529	0.00793	0.00330	0.00330
13	0.84691	0.01054	0.00801	0.00717	0.01054	0.01223	0.00590	0.01603	0.00928	0.02446	0.00759	0.00886	0.00590	0.00506	0.00337	0.00169	0.00422	0.00295	0.00337	0.00590
14	0.00664	0.00474	0.00633	0.00759	0.00791	0.00443	0.00506	0.00759	0.01044	0.01392	0.03005	0.80485	0.03606	0.01708	0.00696	0.00221	0.00316	0.01550	0.00506	0.00443
15	0.01349	0.01295	0.02213	0.03346	0.77440	0.01295	0.01673	0.01673	0.01241	0.01781	0.01025	0.01349	0.00864	0.00486	0.00540	0.00162	0.00648	0.00486	0.00270	0.00864
16	0.02037	0.02598	0.01545	0.01404	0.01685	0.78652	0.01053	0.02177	0.01545	0.01334	0.00843	0.00983	0.00702	0.00562	0.00492	0.00140	0.00983	0.00351	0.00281	0.00632
17	0.01349	0.01295	0.02213	0.03346	0.77440	0.01295	0.01673	0.01673	0.01241	0.01781	0.01025	0.01349	0.00864	0.00486	0.00540	0.00162	0.00648	0.00486	0.00270	0.00864
18	0.05785	0.02181	0.01651	0.01774	0.17836	0.54469	0.01159	0.04583	0.01486	0.02891	0.00917	0.01083	0.00751	0.00548	0.00497	0.00148	0.00863	0.00386	0.00297	0.00695
19	0.01398	0.01387	0.02166	0.03209	0.72097	0.06751	0.01629	0.01709	0.01263	0.01750	0.01013	0.01323	0.00852	0.00491	0.00536	0.00160	0.00671	0.00476	0.00271	0.00847
20	0.02072	0.01527	0.01636	0.01254	0.01691	0.01691	0.01036	0.75622	0.02563	0.03436	0.01309	0.01309	0.00927	0.00654	0.00545	0.00164	0.00600	0.00491	0.00545	0.00927
21	0.01553	0.01306	0.02038	0.02857	0.60792	0.03705	0.01505	0.06603	0.01376	0.11217	0.01176	0.01397	0.00922	0.00522	0.00540	0.00162	0.00633	0.00490	0.00338	0.00868
22	0.01566	0.01597	0.01866	0.02324	0.39527	0.22177	0.04013	0.05361	0.04712	0.04409	0.06218	0.01484	0.01162	0.00573	0.00539	0.00159	0.00704	0.00497	0.00335	0.00778
23	0.00772	0.00557	0.00729	0.00686	0.00814	0.00514	0.00514	0.01029	0.01543	0.02186	0.77152	0.04072	0.05144	0.01115	0.00643	0.00171	0.00257	0.00986	0.00600	0.00514
24	0.01282	0.01446	0.03118	0.04800	0.06464	0.01369	0.69565	0.01732	0.01278	0.01737	0.01095	0.01464	0.00826	0.00464	0.00635	0.00183	0.00900	0.00631	0.00274	0.00737
25	0.01403	0.04053	0.06364	0.07830	0.31784	0.09173	0.21861	0.01814	0.04811	0.03992	0.01103	0.01375	0.00865	0.00509	0.00558	0.00168	0.00753	0.00513	0.00293	0.00780
26	0.00837	0.00660	0.00981	0.00920	0.01007	0.00753	0.04231	0.00991	0.00877	0.01246	0.01477	0.04049	0.01479	0.21702	0.49190	0.00696	0.07485	0.00648	0.00301	0.00470
27	0.00740	0.00553	0.00653	0.00628	0.00777	0.00495	0.00471	0.00955	0.01414	0.01923	0.47363	0.04376	0.30639	0.01182	0.00629	0.00173	0.00264	0.01018	0.05253	0.00495
28	0.01504	0.01457	0.02624	0.02260	0.17606	0.05380	0.43797	0.08801	0.01433	0.07875	0.01176	0.01436	0.00879	0.00506	0.00598	0.00174	0.00802	0.00574	0.00332	0.00789
29	0.04112	0.01738	0.19675	0.01521	0.02040	0.07392	0.20263	0.10380	0.09971	0.15363	0.01377	0.01453	0.00976	0.00574	0.00555	0.00173	0.00712	0.00517	0.00400	0.00809
30	0.00833	0.00650	0.00906	0.00811	0.00978	0.00616	0.05162	0.01170	0.05761	0.02117	0.62998	0.03902	0.08097	0.01075	0.00641	0.00175	0.00315	0.02679	0.00571	0.00545
31	0.01339	0.01604	0.17668	0.01749	0.08493	0.01327	0.23491	0.03327	0.25733	0.05426	0.01476	0.01587	0.01098	0.00590	0.00601	0.00180	0.02561	0.00561	0.00378	0.00811
32	0.01378	0.01462	0.06320	0.04920	0.45869	0.06904	0.03858	0.05118	0.01243	0.01726	0.00968	0.01289	0.00813	0.00587	0.00766	0.00176	0.15066	0.00475	0.00275	0.00786
33	0.01592	0.01507	0.02242	0.01685	0.02121	0.07703	0.33184	0.27311	0.05978	0.02336	0.05253	0.01537	0.01125	0.00601	0.00629	0.00174	0.03257	0.00578	0.00401	0.00784
34	0.00838	0.00653	0.00887	0.00793	0.00965	0.00616	0.04749	0.04526	0.01478	0.02032	0.51426	0.05865	0.16467	0.01274	0.04795	0.00213	0.00379	0.00964	0.00545	0.00534
35	0.01348	0.01328	0.01569	0.01997	0.31707	0.16631	0.01183	0.01657	0.05309	0.03502	0.06839	0.08594	0.01717	0.00818	0.00622	0.00179	0.03255	0.10674	0.00370	0.00701

[dist]
# distance from previous block
# <min> <max>
7	9

[block]
# block no. 1 follows, 44 sequences, length 7
# corresponding to MSA columns:
# 288-294
name=unknown_B
#
# <colnr> <probs for GDERKNQSTAVLIFYWHMCP>
#	G	D	E	R	K	N	Q	S	T	A	V	L	I	F	Y	W	H	M	C	P
0	0.01215	0.01099	0.07543	0.04155	0.20016	0.00947	0.12404	0.01506	0.01234	0.10989	0.01956	0.19712	0.03626	0.00933	0.00620	0.00193	0.00580	0.10176	0.00405	0.00690
1	0.01420	0.01335	0.07027	0.06238	0.35798	0.04700	0.09217	0.05302	0.01330	0.10084	0.01396	0.07895	0.01209	0.00663	0.00570	0.00175	0.00651	0.03853	0.00354	0.00783
2	0.01264	0.05635	0.32791	0.09079	0.17615	0.01216	0.07912	0.01694	0.01202	0.08515	0.01243	0.07177	0.01017	0.00609	0.00544	0.00173	0.00698	0.00541	0.00304	0.00772
3	0.01307	0.08353	0.34837	0.05636	0.05940	0.01343	0.17036	0.08348	0.01323	0.05301	0.01162	0.03208	0.00905	0.00571	0.00546	0.00172	0.00747	0.02182	0.00304	0.00776
4	0.01260	0.05274	0.26507	0.04464	0.20413	0.01226	0.16161	0.01682	0.01237	0.06710	0.04905	0.05326	0.01164	0.00595	0.00558	0.00172	0.00704	0.00562	0.00310	0.00771
5	0.01479	0.01076	0.01594	0.19146	0.24378	0.04809	0.02951	0.01749	0.01286	0.20366	0.01674	0.08561	0.03523	0.00729	0.00570	0.00178	0.00597	0.04190	0.00403	0.00743
6	0.01468	0.01178	0.01951	0.04823	0.51459	0.01165	0.04727	0.03780	0.01317	0.13035	0.01382	0.04390	0.01163	0.00622	0.00564	0.00172	0.00613	0.05008	0.00359	0.00826

[dist]
# distance from previous block
# <min> <max>
2	9

[block]
# block no. 2 follows, 44 sequences, length 21
# corresponding to MSA columns:
# 304-324
name=unknown_C
#
# <colnr> <probs for GDERKNQSTAVLIFYWHMCP>
#	G	D	E	R	K	N	Q	S	T	A	V	L	I	F	Y	W	H	M	C	P
0	0.01619	0.04154	0.01940	0.07300	0.41664	0.01161	0.05582	0.01908	0.01314	0.23282	0.01397	0.03950	0.01070	0.00579	0.00546	0.00167	0.00603	0.00538	0.00389	0.00839
1	0.01300	0.01216	0.05548	0.02540	0.49984	0.01115	0.05649	0.01606	0.01255	0.07609	0.01724	0.05678	0.08943	0.00679	0.00569	0.00172	0.00599	0.02685	0.00342	0.00787
2	0.02016	0.01310	0.12029	0.01183	0.01667	0.03849	0.08014	0.02334	0.02920	0.50157	0.01755	0.01639	0.01151	0.00610	0.00540	0.00163	0.00568	0.00514	0.00533	0.07046
3	0.01318	0.01366	0.16131	0.01590	0.08539	0.01034	0.18591	0.04436	0.01343	0.13113	0.05400	0.05107	0.03118	0.00814	0.00617	0.00191	0.00646	0.15513	0.00410	0.00723
4	0.01224	0.08893	0.40181	0.01909	0.16574	0.01323	0.13379	0.01705	0.01212	0.03580	0.04212	0.01355	0.00949	0.00527	0.00534	0.00167	0.00743	0.00475	0.00272	0.00787
5	0.01415	0.20030	0.23423	0.01632	0.16228	0.01356	0.04112	0.03203	0.01254	0.12282	0.01307	0.03488	0.01085	0.00627	0.00515	0.00165	0.00642	0.06124	0.00336	0.00777
6	0.01309	0.02246	0.41687	0.01523	0.02135	0.12322	0.12595	0.03299	0.03407	0.03603	0.03908	0.01328	0.00937	0.00542	0.00531	0.00163	0.00775	0.00459	0.00291	0.06941
7	0.00902	0.00762	0.03254	0.08570	0.01473	0.00713	0.09525	0.01128	0.01159	0.03985	0.02513	0.36679	0.03956	0.01322	0.00681	0.00218	0.00496	0.21678	0.00451	0.00535
8	0.01480	0.12416	0.08979	0.10870	0.35119	0.11087	0.01434	0.05419	0.01317	0.05390	0.01024	0.01255	0.00817	0.00520	0.00507	0.00157	0.00693	0.00438	0.00293	0.00785
9	0.02108	0.10130	0.07778	0.01107	0.01566	0.02932	0.00989	0.24172	0.01775	0.39438	0.01624	0.01509	0.01085	0.00631	0.00522	0.00161	0.00556	0.00487	0.00543	0.00886
10	0.00663	0.00480	0.00627	0.00744	0.00787	0.00444	0.00499	0.00761	0.01059	0.01398	0.03191	0.74912	0.09058	0.01684	0.00692	0.00219	0.00313	0.01520	0.00506	0.00444
11	0.00793	0.00529	0.00595	0.00595	0.00595	0.00529	0.00330	0.00793	0.00793	0.01057	0.01718	0.03568	0.01982	0.80840	0.02775	0.00529	0.00529	0.00793	0.00330	0.00330
12	0.19343	0.05041	0.01285	0.01082	0.05093	0.07711	0.00840	0.10408	0.01459	0.28608	0.01777	0.01999	0.05422	0.00718	0.00512	0.00171	0.00523	0.06765	0.00489	0.00754
13	0.01911	0.06577	0.27251	0.01178	0.01732	0.01083	0.01229	0.05646	0.01441	0.43985	0.01630	0.01532	0.01068	0.00608	0.00526	0.00167	0.00593	0.00481	0.00492	0.00872
14	0.08664	0.01014	0.01262	0.00981	0.01384	0.00961	0.00808	0.14059	0.01670	0.56449	0.05629	0.01804	0.01412	0.00680	0.00536	0.00168	0.00472	0.00541	0.00624	0.00881
15	0.00653	0.00517	0.00589	0.00647	0.00761	0.00452	0.00456	0.00772	0.01151	0.01436	0.04367	0.39791	0.43420	0.01531	0.00668	0.00201	0.00295	0.01334	0.00506	0.00452
16	0.06311	0.00922	0.01095	0.03885	0.03251	0.00991	0.02872	0.10112	0.22955	0.02056	0.08843	0.18334	0.09858	0.01030	0.00598	0.00191	0.00431	0.05099	0.00500	0.00664
17	0.01615	0.01156	0.02101	0.01559	0.01997	0.01080	0.35520	0.01996	0.05021	0.28025	0.02015	0.02056	0.09786	0.00666	0.00636	0.00180	0.02702	0.00663	0.00453	0.00773
18	0.07096	0.00934	0.01004	0.00810	0.01163	0.03636	0.00632	0.01412	0.07020	0.01868	0.13026	0.06793	0.06149	0.00689	0.00482	0.00126	0.00394	0.00570	0.00405	0.45791
19	0.04004	0.01187	0.01788	0.05697	0.40681	0.01219	0.03264	0.15132	0.01529	0.04927	0.13523	0.01798	0.01575	0.00629	0.00555	0.00166	0.00572	0.00569	0.00390	0.00797
20	0.01036	0.00886	0.01353	0.01769	0.30283	0.00890	0.01004	0.03610	0.01349	0.01905	0.30321	0.15051	0.02928	0.00947	0.00659	0.00178	0.03891	0.00846	0.00441	0.00654

[dist]
# distance from previous block
# <min> <max>
13	135

[block]
# block no. 3 follows, 44 sequences, length 12
# corresponding to MSA columns:
# 487-498
name=unknown_D
#
# <colnr> <probs for GDERKNQSTAVLIFYWHMCP>
#	G	D	E	R	K	N	Q	S	T	A	V	L	I	F	Y	W	H	M	C	P
0	0.01646	0.14211	0.01299	0.00844	0.01120	0.00937	0.00673	0.01787	0.01198	0.35607	0.01730	0.02225	0.01430	0.24772	0.07886	0.00328	0.00589	0.00581	0.00466	0.00674
1	0.01259	0.05396	0.07376	0.02183	0.24643	0.01264	0.29059	0.05340	0.01361	0.01888	0.13200	0.01790	0.01516	0.00586	0.00584	0.00170	0.00692	0.00610	0.00334	0.00751
2	0.01551	0.07084	0.31193	0.01381	0.01942	0.06555	0.05141	0.21878	0.10114	0.06046	0.01251	0.01317	0.00906	0.00585	0.00525	0.00166	0.00694	0.00460	0.00380	0.00829
3	0.01107	0.00908	0.01356	0.07991	0.24392	0.00955	0.01076	0.01503	0.13133	0.01631	0.01745	0.07663	0.01683	0.01075	0.00867	0.14248	0.00536	0.17124	0.00375	0.00629
4	0.01768	0.06044	0.08646	0.06870	0.28518	0.03177	0.01284	0.03974	0.01380	0.30773	0.01434	0.01493	0.01013	0.00570	0.00529	0.00164	0.00600	0.00487	0.00424	0.00852
5	0.01365	0.31474	0.39969	0.01298	0.01932	0.01554	0.04408	0.01782	0.01180	0.08871	0.01015	0.01129	0.00763	0.00512	0.00464	0.00152	0.00695	0.00385	0.00276	0.00776
6	0.01395	0.01123	0.01806	0.35947	0.31021	0.01224	0.01454	0.06572	0.01303	0.11171	0.01160	0.01455	0.00869	0.00546	0.00543	0.00171	0.00656	0.00493	0.00326	0.00764
7	0.01118	0.08592	0.37447	0.01432	0.01960	0.06121	0.13242	0.01532	0.01170	0.01592	0.01429	0.19086	0.01372	0.00776	0.00562	0.00179	0.00706	0.00688	0.00303	0.00693
8	0.01324	0.00969	0.03089	0.10785	0.12437	0.06226	0.00939	0.01546	0.01288	0.18644	0.10537	0.25701	0.02258	0.00983	0.00597	0.00184	0.00499	0.00867	0.00466	0.00662
9	0.01439	0.08820	0.42200	0.01506	0.02156	0.01315	0.13382	0.07028	0.01333	0.13917	0.01189	0.01302	0.00835	0.00539	0.00531	0.00168	0.00736	0.00461	0.00330	0.00813
10	0.01386	0.24660	0.14433	0.04207	0.37741	0.01514	0.01466	0.01712	0.01200	0.05398	0.00995	0.01208	0.00809	0.00496	0.00482	0.00151	0.00647	0.00419	0.00272	0.00803
11	0.08823	0.01165	0.02733	0.01144	0.06705	0.03431	0.00864	0.09860	0.13408	0.20274	0.01469	0.01457	0.01066	0.00570	0.00486	0.00144	0.00487	0.00453	0.00462	0.24998

[dist]
# distance from previous block
# <min> <max>
4	12

[block]
# block no. 4 follows, 44 sequences, length 11
# corresponding to MSA columns:
# 511-521
name=unknown_E
#
# <colnr> <probs for GDERKNQSTAVLIFYWHMCP>
#	G	D	E	R	K	N	Q	S	T	A	V	L	I	F	Y	W	H	M	C	P
0	0.01390	0.01095	0.01212	0.01079	0.01363	0.01216	0.00863	0.22059	0.34766	0.02427	0.07224	0.08211	0.02059	0.00925	0.00598	0.00191	0.00467	0.11538	0.00544	0.00773
1	0.00736	0.00592	0.00780	0.12401	0.01240	0.00582	0.00654	0.00908	0.01168	0.01492	0.08590	0.32277	0.28193	0.01368	0.00657	0.00202	0.00374	0.06830	0.00473	0.00482
2	0.01030	0.02472	0.66524	0.01436	0.02127	0.01144	0.01790	0.01583	0.01135	0.01677	0.01279	0.12933	0.01124	0.00695	0.00544	0.00180	0.00733	0.00573	0.00271	0.00752
3	0.01283	0.40027	0.33215	0.01283	0.01857	0.01725	0.04840	0.01653	0.01114	0.01486	0.00860	0.01037	0.00703	0.00522	0.00535	0.00151	0.06370	0.00366	0.00234	0.00737
4	0.01091	0.03435	0.12880	0.15785	0.07747	0.12458	0.01095	0.01365	0.01229	0.01508	0.04889	0.04447	0.20731	0.04355	0.00668	0.00191	0.00606	0.04569	0.00351	0.00601
5	0.00657	0.00553	0.00570	0.00565	0.00744	0.00466	0.00424	0.00806	0.01272	0.01543	0.12528	0.05132	0.70169	0.01355	0.00644	0.00183	0.00274	0.01134	0.00515	0.00466
6	0.01093	0.02820	0.78016	0.01554	0.02360	0.01266	0.02014	0.01727	0.01151	0.01727	0.00978	0.01151	0.00691	0.00518	0.00518	0.00173	0.00806	0.00403	0.00230	0.00806
7	0.01555	0.01329	0.09459	0.01665	0.10518	0.04450	0.20887	0.03930	0.01343	0.22376	0.01556	0.04806	0.01229	0.00955	0.07414	0.00239	0.00750	0.04364	0.00409	0.00765
8	0.01255	0.01372	0.09431	0.04569	0.11680	0.01174	0.40896	0.01639	0.01245	0.06858	0.01431	0.13186	0.01264	0.00671	0.00617	0.00185	0.00748	0.00725	0.00331	0.00723
9	0.01030	0.00969	0.01635	0.79530	0.03755	0.01211	0.01514	0.01393	0.01090	0.01393	0.00969	0.01453	0.00727	0.00545	0.00545	0.00182	0.00727	0.00484	0.00242	0.00606
10	0.01817	0.01335	0.07540	0.01549	0.02043	0.01162	0.29314	0.08636	0.05497	0.32904	0.01598	0.01620	0.01083	0.00583	0.00582	0.00175	0.00672	0.00573	0.00473	0.00842

[dist]
# distance from previous block
# <min> <max>
0	4

[block]
# block no. 5 follows, 44 sequences, length 6
# corresponding to MSA columns:
# 526-531
name=unknown_F
#
# <colnr> <probs for GDERKNQSTAVLIFYWHMCP>
#	G	D	E	R	K	N	Q	S	T	A	V	L	I	F	Y	W	H	M	C	P
0	0.01455	0.01635	0.22021	0.04913	0.31220	0.01210	0.09551	0.01899	0.03881	0.15003	0.01257	0.01426	0.00922	0.00535	0.00547	0.00170	0.00682	0.00496	0.00339	0.00837
1	0.00692	0.00492	0.00653	0.00771	0.00810	0.00465	0.00529	0.00796	0.01047	0.01392	0.02911	0.68619	0.03457	0.06801	0.00835	0.00244	0.00347	0.08202	0.00494	0.00441
2	0.32153	0.01066	0.01324	0.11060	0.18768	0.01145	0.00991	0.01539	0.01078	0.04554	0.01159	0.01365	0.04595	0.00569	0.00527	0.00162	0.05240	0.00428	0.00323	0.11953
3	0.01511	0.04943	0.03614	0.06055	0.11653	0.01171	0.01050	0.05434	0.01251	0.19335	0.01369	0.03312	0.02964	0.00680	0.00784	0.00166	0.17684	0.00499	0.00388	0.16137
4	0.12341	0.01789	0.15800	0.01523	0.11605	0.14405	0.01226	0.15971	0.13419	0.02158	0.01184	0.01286	0.00903	0.00596	0.00549	0.00168	0.03483	0.00444	0.00369	0.00781
5	0.68985	0.01231	0.00917	0.00823	0.01152	0.09601	0.00663	0.01770	0.07134	0.02312	0.00887	0.00990	0.00690	0.00531	0.00372	0.00167	0.00483	0.00327	0.00349	0.00617

[dist]
# distance from previous block
# <min> <max>
0	2

[block]
# block no. 6 follows, 44 sequences, length 29
# corresponding to MSA columns:
# 534-562
name=unknown_G
#
# <colnr> <probs for GDERKNQSTAVLIFYWHMCP>
#	G	D	E	R	K	N	Q	S	T	A	V	L	I	F	Y	W	H	M	C	P
0	0.75296	0.01029	0.00821	0.00741	0.01059	0.01183	0.00601	0.04369	0.00999	0.02406	0.00947	0.06811	0.00827	0.00601	0.00372	0.00172	0.00421	0.00396	0.00358	0.00592
1	0.01356	0.01171	0.01233	0.01109	0.01418	0.01356	0.00863	0.02897	0.76455	0.02281	0.02219	0.02034	0.01664	0.00740	0.00555	0.00185	0.00431	0.00616	0.00555	0.00863
2	0.01141	0.00985	0.01184	0.00934	0.05074	0.00755	0.00697	0.01388	0.01136	0.01777	0.00972	0.01141	0.00810	0.00408	0.00411	0.00085	0.00416	0.00331	0.00320	0.80035
3	0.00757	0.00557	0.00709	0.00671	0.00806	0.00508	0.00503	0.01001	0.01510	0.02107	0.69185	0.04203	0.13160	0.01144	0.00643	0.00173	0.00259	0.01004	0.00590	0.00508
4	0.01402	0.01268	0.01254	0.01130	0.01436	0.06627	0.00876	0.02848	0.71347	0.02216	0.02125	0.01962	0.01599	0.00728	0.00550	0.00182	0.00469	0.00598	0.00536	0.00847
5	0.01341	0.01778	0.33968	0.01263	0.01857	0.01028	0.06359	0.03975	0.01257	0.13841	0.01274	0.04950	0.00978	0.00567	0.00509	0.00150	0.00621	0.00476	0.00351	0.23455
6	0.01291	0.02543	0.66780	0.01468	0.02218	0.01198	0.01837	0.01863	0.01211	0.12866	0.01150	0.01254	0.00787	0.00541	0.00522	0.00172	0.00756	0.00424	0.00295	0.00824
7	0.01676	0.01330	0.01413	0.01174	0.01540	0.01506	0.00940	0.35397	0.43434	0.02797	0.01812	0.01710	0.01335	0.00702	0.00551	0.00175	0.00507	0.00560	0.00551	0.00892
8	0.00742	0.00507	0.00610	0.00660	0.00672	0.00495	0.00400	0.00779	0.00892	0.01190	0.02229	0.34091	0.02626	0.49438	0.01950	0.00407	0.00444	0.01093	0.00400	0.00375
9	0.02132	0.01032	0.01522	0.01511	0.17225	0.00948	0.03333	0.02435	0.04947	0.56150	0.01887	0.01747	0.01247	0.00632	0.00550	0.00169	0.00515	0.00541	0.00573	0.00905
10	0.01424	0.01280	0.11729	0.03575	0.34155	0.01038	0.02943	0.01744	0.01319	0.18068	0.07638	0.02056	0.09266	0.00674	0.00560	0.00169	0.00567	0.00600	0.00401	0.00792
11	0.00939	0.00479	0.00718	0.00718	0.00723	0.00484	0.00484	0.00723	0.00718	0.00962	0.00972	0.01681	0.00967	0.02001	0.05848	0.80095	0.00521	0.00479	0.00239	0.00249
12	0.01374	0.01335	0.02484	0.02927	0.51368	0.01301	0.24393	0.01735	0.01268	0.04839	0.01095	0.01407	0.00872	0.00485	0.00572	0.00169	0.00724	0.00537	0.00288	0.00827
13	0.01599	0.07672	0.25765	0.01422	0.07732	0.01117	0.07082	0.01989	0.02607	0.28157	0.05278	0.04541	0.01292	0.00639	0.00541	0.00169	0.00614	0.00546	0.00426	0.00812
14	0.07404	0.21472	0.22025	0.18282	0.10805	0.04577	0.01401	0.01677	0.01156	0.05104	0.00960	0.01176	0.00744	0.00515	0.00472	0.00158	0.00679	0.00399	0.00268	0.00726
15	0.01294	0.01239	0.02113	0.16506	0.64711	0.01281	0.01646	0.01625	0.01215	0.01714	0.01016	0.01367	0.00840	0.00496	0.00541	0.00165	0.00661	0.00486	0.00265	0.00819
16	0.01220	0.00913	0.01498	0.25292	0.13131	0.00950	0.07273	0.01497	0.01230	0.13303	0.05538	0.15698	0.03760	0.00862	0.00600	0.00188	0.00570	0.05415	0.00403	0.00660
17	0.01658	0.01493	0.15419	0.04632	0.31624	0.03946	0.03610	0.02022	0.02675	0.25431	0.01383	0.01478	0.00987	0.00559	0.00540	0.00167	0.00638	0.00492	0.00394	0.00853
18	0.01259	0.00999	0.01639	0.52240	0.15824	0.01137	0.01397	0.01590	0.01201	0.11635	0.04919	0.01619	0.01052	0.00580	0.00549	0.00176	0.00655	0.00518	0.00322	0.00688
19	0.01263	0.01200	0.02036	0.13314	0.62789	0.01230	0.01578	0.01578	0.01209	0.01705	0.01143	0.06372	0.01019	0.00571	0.00550	0.00168	0.00637	0.00553	0.00281	0.00803
20	0.01487	0.01065	0.04721	0.11330	0.17940	0.02481	0.04519	0.04055	0.01329	0.23310	0.03913	0.17032	0.01663	0.00825	0.00582	0.00181	0.00552	0.01826	0.00448	0.00742
21	0.01755	0.14659	0.08769	0.03515	0.07119	0.01099	0.00985	0.02058	0.03767	0.36673	0.11118	0.03105	0.01645	0.00680	0.00526	0.00162	0.00508	0.00558	0.00499	0.00802
22	0.01327	0.08969	0.52630	0.01331	0.01992	0.01202	0.01597	0.01811	0.01221	0.14910	0.01437	0.03306	0.04675	0.00612	0.00519	0.00169	0.00690	0.00483	0.00328	0.00792
23	0.01573	0.08385	0.32899	0.01643	0.15754	0.01190	0.01469	0.01975	0.01290	0.24637	0.01368	0.01497	0.00980	0.00579	0.00523	0.00167	0.00648	0.02208	0.00378	0.00837
24	0.01272	0.01639	0.26678	0.19244	0.22850	0.01174	0.01588	0.01711	0.02509	0.09298	0.03396	0.01609	0.01039	0.00585	0.00545	0.00174	0.00679	0.02924	0.00313	0.00772
25	0.01419	0.01336	0.07679	0.10458	0.56280	0.01231	0.01587	0.01757	0.01255	0.10065	0.01140	0.01400	0.00890	0.00515	0.00540	0.00165	0.00647	0.00486	0.00309	0.00841
26	0.01070	0.00854	0.01325	0.24853	0.16655	0.00912	0.01105	0.01361	0.03401	0.06591	0.02013	0.22159	0.04741	0.00989	0.00611	0.00196	0.00537	0.09606	0.00393	0.00626
27	0.00837	0.00821	0.06703	0.16602	0.01578	0.00722	0.03317	0.01112	0.01302	0.01788	0.35662	0.18482	0.06810	0.01065	0.00625	0.00185	0.00427	0.00950	0.00467	0.00545
28	0.01257	0.03705	0.29270	0.02581	0.43871	0.01311	0.06809	0.01696	0.01209	0.01748	0.01008	0.01276	0.00796	0.00495	0.00535	0.00166	0.00721	0.00462	0.00255	0.00830

[dist]
# distance from previous block
# <min> <max>
0	1

[block]
# block no. 7 follows, 44 sequences, length 8
# corresponding to MSA columns:
# 564-571
name=unknown_H
#
# <colnr> <probs for GDERKNQSTAVLIFYWHMCP>
#	G	D	E	R	K	N	Q	S	T	A	V	L	I	F	Y	W	H	M	C	P
0	0.01171	0.09302	0.58576	0.01408	0.02088	0.01310	0.01712	0.07850	0.01257	0.01804	0.01157	0.07811	0.00956	0.00625	0.00521	0.00171	0.00728	0.00497	0.00280	0.00776
1	0.01064	0.05412	0.33553	0.01406	0.01896	0.01103	0.13315	0.01544	0.04878	0.01661	0.01628	0.08582	0.01543	0.04407	0.00695	0.00208	0.00683	0.15405	0.00335	0.00681
2	0.01742	0.01008	0.01553	0.06915	0.28420	0.00964	0.01134	0.01995	0.01359	0.35942	0.01781	0.08646	0.01411	0.00725	0.00567	0.00175	0.00535	0.03823	0.00481	0.00823
3	0.01349	0.01295	0.02213	0.03346	0.77440	0.01295	0.01673	0.01673	0.01241	0.01781	0.01025	0.01349	0.00864	0.00486	0.00540	0.00162	0.00648	0.00486	0.00270	0.00864
4	0.01316	0.01261	0.02153	0.11295	0.69751	0.01287	0.01657	0.01644	0.01226	0.01741	0.01020	0.01360	0.00849	0.00492	0.00540	0.00164	0.00656	0.00486	0.00267	0.00837
5	0.06848	0.01226	0.01465	0.01656	0.22072	0.06251	0.01041	0.12233	0.19966	0.05589	0.14180	0.01938	0.01782	0.00692	0.00546	0.00169	0.00521	0.00584	0.00457	0.00784
6	0.61487	0.01161	0.01099	0.01101	0.09695	0.01310	0.00786	0.14057	0.01238	0.02538	0.00881	0.01009	0.00678	0.00529	0.00395	0.00167	0.00477	0.00349	0.00365	0.00678
7	0.54061	0.01320	0.01156	0.01132	0.08546	0.09509	0.00818	0.14117	0.01298	0.02431	0.00886	0.01012	0.00685	0.00535	0.00408	0.00164	0.00533	0.00352	0.00360	0.00678

[dist]
# distance from previous block
# <min> <max>
2	27

[block]
# block no. 8 follows, 44 sequences, length 22
# corresponding to MSA columns:
# 599-620
name=unknown_I
#
# <colnr> <probs for GDERKNQSTAVLIFYWHMCP>
#	G	D	E	R	K	N	Q	S	T	A	V	L	I	F	Y	W	H	M	C	P
0	0.00698	0.00499	0.00671	0.00793	0.00841	0.00472	0.00561	0.00820	0.01087	0.01447	0.04841	0.67708	0.03576	0.01664	0.00703	0.00224	0.00342	0.12092	0.00508	0.00453
1	0.02014	0.01498	0.01603	0.01243	0.01669	0.01664	0.01022	0.69723	0.08557	0.03342	0.01383	0.01368	0.00987	0.00661	0.00546	0.00165	0.00586	0.00501	0.00546	0.00922
2	0.84691	0.01054	0.00801	0.00717	0.01054	0.01223	0.00590	0.01603	0.00928	0.02446	0.00759	0.00886	0.00590	0.00506	0.00337	0.00169	0.00422	0.00295	0.00337	0.00590
3	0.01050	0.00989	0.01671	0.74755	0.08373	0.01217	0.01524	0.01410	0.01100	0.01417	0.00973	0.01447	0.00735	0.00541	0.00545	0.00180	0.00722	0.00485	0.00244	0.00622
4	0.02107	0.20677	0.07169	0.01003	0.01463	0.01166	0.00921	0.02340	0.01420	0.53642	0.01726	0.01565	0.01143	0.00613	0.00498	0.00156	0.00518	0.00475	0.00535	0.00863
5	0.00664	0.00474	0.00633	0.00759	0.00791	0.00443	0.00506	0.00759	0.01044	0.01392	0.03005	0.80485	0.03606	0.01708	0.00696	0.00221	0.00316	0.01550	0.00506	0.00443
6	0.00785	0.00560	0.00752	0.00752	0.00806	0.00614	0.00526	0.00894	0.00839	0.01174	0.01574	0.02771	0.01636	0.37968	0.45175	0.00723	0.01049	0.00676	0.00309	0.00418
7	0.01351	0.11388	0.23809	0.01177	0.01627	0.06828	0.01170	0.07262	0.18057	0.06611	0.01743	0.10525	0.04631	0.00756	0.00533	0.00171	0.00593	0.00611	0.00400	0.00753
8	0.00777	0.00567	0.00801	0.00809	0.00889	0.00625	0.00603	0.00939	0.00939	0.01324	0.07787	0.07581	0.01973	0.16728	0.51986	0.00698	0.01101	0.03069	0.00344	0.00460
9	0.01471	0.34763	0.02514	0.01986	0.28096	0.11059	0.09650	0.01726	0.01228	0.01515	0.00901	0.01121	0.00772	0.00484	0.00466	0.00143	0.00692	0.00406	0.00257	0.00753
10	0.01343	0.01084	0.01666	0.17150	0.24234	0.01030	0.04801	0.01640	0.01215	0.10964	0.01136	0.01363	0.00875	0.00491	0.00501	0.00140	0.00572	0.00446	0.00332	0.29016
11	0.01532	0.31906	0.04808	0.01201	0.05224	0.03671	0.01008	0.15437	0.25960	0.02039	0.01357	0.01367	0.01063	0.00595	0.00471	0.00152	0.00558	0.00449	0.00397	0.00804
12	0.00673	0.00481	0.00640	0.00753	0.00793	0.00449	0.00507	0.00781	0.01084	0.01456	0.09019	0.74287	0.03731	0.01660	0.00692	0.00217	0.00312	0.01504	0.00514	0.00449
13	0.00793	0.00529	0.00595	0.00595	0.00595	0.00529	0.00330	0.00793	0.00793	0.01057	0.01718	0.03568	0.01982	0.80840	0.02775	0.00529	0.00529	0.00793	0.00330	0.00330
14	0.01099	0.05095	0.04372	0.20239	0.13685	0.05876	0.05160	0.01457	0.04537	0.01779	0.26530	0.04085	0.02332	0.00753	0.00572	0.00170	0.00558	0.00670	0.00389	0.00643
15	0.01444	0.68692	0.02612	0.01032	0.05167	0.01950	0.00932	0.01625	0.01142	0.04600	0.01129	0.01213	0.05516	0.00533	0.00386	0.00125	0.00562	0.00366	0.00271	0.00703
16	0.04926	0.56672	0.07264	0.03935	0.01601	0.01827	0.06329	0.01595	0.01138	0.01464	0.04640	0.01128	0.00932	0.00504	0.00405	0.00131	0.00595	0.00367	0.00263	0.04285
17	0.01781	0.33651	0.13015	0.01063	0.01554	0.01495	0.01047	0.06677	0.04605	0.28023	0.01369	0.01331	0.00979	0.00570	0.00464	0.00149	0.00568	0.00423	0.00419	0.00815
18	0.10941	0.44492	0.16380	0.01036	0.01542	0.03914	0.01075	0.01744	0.01150	0.08425	0.00936	0.01030	0.00749	0.00499	0.00404	0.00137	0.00599	0.00339	0.00290	0.04319
19	0.05315	0.08236	0.10580	0.01054	0.01514	0.05854	0.00965	0.02386	0.01447	0.54412	0.01755	0.01595	0.01145	0.00624	0.00516	0.00163	0.00546	0.00487	0.00546	0.00862
20	0.07609	0.26728	0.09831	0.01090	0.01535	0.03640	0.05627	0.02021	0.09097	0.20817	0.04178	0.01456	0.01144	0.00586	0.00472	0.00154	0.00562	0.00456	0.02230	0.00766
21	0.10538	0.27270	0.22225	0.01176	0.01670	0.08618	0.04886	0.06246	0.01246	0.01707	0.01258	0.04220	0.05609	0.00608	0.00464	0.00154	0.00650	0.00457	0.00297	0.00701

[dist]
# distance from previous block
# <min> <max>
4	42

[block]
# block no. 9 follows, 44 sequences, length 16
# corresponding to MSA columns:
# 687-702
name=unknown_J
#
# <colnr> <probs for GDERKNQSTAVLIFYWHMCP>
#	G	D	E	R	K	N	Q	S	T	A	V	L	I	F	Y	W	H	M	C	P
0	0.07560	0.27101	0.19709	0.01276	0.07385	0.05620	0.01181	0.05032	0.01278	0.11701	0.04153	0.03591	0.01060	0.00586	0.00467	0.00152	0.00614	0.00443	0.00340	0.00750
1	0.08468	0.03921	0.15311	0.01087	0.01507	0.02657	0.03872	0.02879	0.04999	0.27057	0.13862	0.01971	0.01731	0.00701	0.00571	0.00169	0.02847	0.01825	0.00478	0.04088
2	0.03566	0.04588	0.09541	0.01122	0.07113	0.00864	0.00907	0.01844	0.01385	0.32539	0.17128	0.09279	0.02147	0.00801	0.00556	0.00167	0.00461	0.00680	0.00521	0.04792
3	0.11366	0.04137	0.04219	0.01065	0.04587	0.06590	0.00846	0.03646	0.02565	0.41312	0.06801	0.05583	0.01521	0.02617	0.00578	0.00176	0.00505	0.00571	0.00531	0.00785
4	0.07019	0.09848	0.11004	0.01013	0.02710	0.01040	0.00910	0.03705	0.07623	0.18359	0.13374	0.04975	0.01834	0.00730	0.00520	0.00160	0.00478	0.03392	0.00460	0.10848
5	0.04454	0.07144	0.06920	0.02036	0.30165	0.05380	0.10230	0.03962	0.01341	0.04705	0.15487	0.01812	0.01647	0.00626	0.00564	0.00164	0.01695	0.00568	0.00355	0.00744
6	0.04883	0.00908	0.11434	0.00862	0.01099	0.00669	0.00793	0.01137	0.01344	0.01898	0.34998	0.05638	0.13682	0.01138	0.00637	0.00192	0.00400	0.17242	0.00500	0.00547
7	0.01336	0.45416	0.21394	0.01424	0.05951	0.01773	0.12600	0.01675	0.01153	0.01490	0.00879	0.01059	0.00726	0.00479	0.00446	0.00143	0.00693	0.00383	0.00241	0.00740
8	0.01472	0.01527	0.19718	0.01633	0.15608	0.01167	0.05589	0.11666	0.08644	0.13914	0.11878	0.01825	0.01573	0.00655	0.00558	0.00171	0.00591	0.00567	0.00433	0.00812
9	0.01850	0.18514	0.01893	0.01420	0.12044	0.01575	0.01054	0.33171	0.06870	0.14304	0.01344	0.01355	0.00985	0.00600	0.00504	0.00155	0.00570	0.00465	0.00461	0.00865
10	0.00802	0.00523	0.00674	0.00743	0.00830	0.00476	0.00516	0.00919	0.01132	0.07267	0.06461	0.60806	0.13685	0.01558	0.00675	0.00210	0.00319	0.01394	0.00523	0.00485
11	0.01002	0.00731	0.00888	0.00827	0.00945	0.00803	0.00596	0.11356	0.06148	0.01547	0.01597	0.02613	0.01581	0.35353	0.31013	0.00586	0.00884	0.00660	0.00361	0.00508
12	0.04420	0.00677	0.06046	0.00835	0.00943	0.00552	0.00649	0.00898	0.01066	0.01484	0.02754	0.64535	0.03226	0.01553	0.00673	0.00218	0.00372	0.08138	0.00479	0.00480
13	0.07105	0.24107	0.20432	0.01533	0.07009	0.01551	0.16529	0.01854	0.11577	0.01736	0.01102	0.01256	0.00861	0.00519	0.00490	0.00160	0.00677	0.00449	0.00295	0.00758
14	0.32203	0.30703	0.08090	0.00873	0.01271	0.01458	0.00834	0.01584	0.01122	0.04752	0.11400	0.01381	0.01298	0.00583	0.00407	0.00150	0.00493	0.00408	0.00339	0.00651
15	0.05363	0.34220	0.09773	0.00930	0.01295	0.05539	0.00876	0.01546	0.01190	0.07997	0.13041	0.01868	0.01625	0.11719	0.00773	0.00196	0.00551	0.00507	0.00349	0.00641

[dist]
# distance from previous block
# <min> <max>
8	227

# created by:
# /home/berkeley/.conda/envs/busco_data_prod/bin/msa2prfl.pl pipeline/OGs_align_augustus/33634/10835.fs
