[name]
unknown

[dist]
# distance from previous block
# <min> <max>
0	269

[block]
# block no. 0 follows, 42 sequences, length 39
# corresponding to MSA columns:
# 323-361
name=unknown_A
#
# <colnr> <probs for GDERKNQSTAVLIFYWHMCP>
#	G	D	E	R	K	N	Q	S	T	A	V	L	I	F	Y	W	H	M	C	P
0	0.07046	0.06073	0.17565	0.06125	0.06785	0.03946	0.03287	0.05204	0.09584	0.07668	0.03587	0.10949	0.01504	0.00780	0.00558	0.00180	0.00599	0.04103	0.00401	0.04056
1	0.01320	0.12361	0.46324	0.03289	0.05045	0.04011	0.04752	0.03129	0.01254	0.06519	0.01140	0.04017	0.00886	0.00579	0.00524	0.00169	0.00749	0.00466	0.00292	0.03173
2	0.01480	0.28173	0.24446	0.01225	0.01771	0.01454	0.05227	0.01843	0.02256	0.14560	0.01289	0.04315	0.01032	0.00729	0.03216	0.00183	0.00678	0.01475	0.00346	0.04301
3	0.01528	0.00696	0.00974	0.00861	0.01037	0.00666	0.00645	0.01565	0.04242	0.28030	0.01520	0.01844	0.01194	0.01659	0.08246	0.43216	0.00573	0.00532	0.00424	0.00547
4	0.01481	0.01322	0.15189	0.03243	0.13528	0.04177	0.01128	0.01782	0.01377	0.23113	0.10170	0.11366	0.07969	0.00862	0.00593	0.00181	0.00546	0.00740	0.00475	0.00759
5	0.01414	0.04012	0.07700	0.02338	0.07245	0.00885	0.02248	0.01781	0.06598	0.22664	0.23933	0.06509	0.08491	0.00900	0.00601	0.00178	0.00454	0.00775	0.00540	0.00732
6	0.01354	0.03672	0.10695	0.04004	0.02546	0.01386	0.47612	0.04541	0.05679	0.04677	0.01295	0.04743	0.01022	0.00587	0.00671	0.00189	0.03586	0.00645	0.00329	0.00767
7	0.02221	0.00995	0.01398	0.16278	0.01929	0.00952	0.00983	0.05806	0.01563	0.58884	0.01941	0.01808	0.01247	0.00669	0.00565	0.00177	0.00539	0.00550	0.00603	0.00893
8	0.01342	0.17493	0.36913	0.01256	0.01822	0.04504	0.01402	0.01828	0.05598	0.08684	0.04780	0.06348	0.01264	0.00664	0.00517	0.00167	0.00660	0.00524	0.03465	0.00769
9	0.07619	0.11183	0.12908	0.01427	0.06165	0.04067	0.09603	0.10438	0.01488	0.23476	0.02740	0.01461	0.01041	0.00609	0.00574	0.00170	0.03278	0.00493	0.00431	0.00829
10	0.01090	0.00730	0.03468	0.00806	0.00915	0.00695	0.00588	0.01191	0.00998	0.12026	0.01876	0.12046	0.01938	0.41638	0.09257	0.00443	0.05873	0.00809	0.03115	0.00499
11	0.01429	0.01423	0.02195	0.07701	0.66568	0.07352	0.01667	0.01751	0.01297	0.01779	0.01040	0.01369	0.00870	0.00511	0.00554	0.00167	0.00701	0.00490	0.00278	0.00857
12	0.02985	0.04708	0.07930	0.01347	0.07384	0.10758	0.03497	0.10393	0.06893	0.23511	0.04657	0.10342	0.01542	0.00773	0.00568	0.00175	0.00599	0.00642	0.00490	0.00805
13	0.01378	0.07276	0.27160	0.07283	0.05056	0.01318	0.18256	0.04265	0.03128	0.10149	0.01284	0.04057	0.00989	0.00725	0.03275	0.00205	0.02530	0.00547	0.00333	0.00786
14	0.75699	0.01075	0.00877	0.00767	0.01125	0.01217	0.00632	0.01768	0.01026	0.10285	0.00933	0.01018	0.00691	0.00541	0.00371	0.00174	0.00440	0.00332	0.00385	0.00646
15	0.01911	0.27569	0.02028	0.01294	0.01645	0.53761	0.01048	0.02068	0.01451	0.01360	0.00842	0.00979	0.00724	0.00548	0.00461	0.00137	0.00883	0.00343	0.00274	0.00675
16	0.01623	0.05329	0.17673	0.08729	0.08390	0.06670	0.06122	0.02092	0.07873	0.21176	0.01490	0.01570	0.01063	0.00602	0.00538	0.00170	0.00651	0.00505	0.06926	0.00808
17	0.01834	0.00884	0.01249	0.06831	0.04120	0.00861	0.00875	0.02035	0.01371	0.44676	0.02138	0.18141	0.01767	0.01050	0.03443	0.00218	0.06389	0.00771	0.00565	0.00784
18	0.00763	0.00523	0.00633	0.00687	0.00703	0.00508	0.00420	0.00808	0.00941	0.01257	0.03727	0.35520	0.02807	0.45958	0.01926	0.00406	0.00449	0.01149	0.00422	0.00393
19	0.09443	0.01201	0.01924	0.19389	0.33857	0.01250	0.07037	0.03910	0.01309	0.13503	0.01213	0.01460	0.00910	0.00550	0.00548	0.00175	0.00655	0.00505	0.00352	0.00807
20	0.01865	0.08936	0.18581	0.03180	0.03462	0.01262	0.02593	0.14931	0.03744	0.30327	0.01621	0.04445	0.01161	0.00666	0.00547	0.00172	0.00607	0.00537	0.00490	0.00873
21	0.22380	0.01278	0.03279	0.10272	0.38467	0.01316	0.05589	0.05084	0.01258	0.04509	0.01038	0.01301	0.00819	0.00527	0.00511	0.00173	0.00629	0.00462	0.00320	0.00789
22	0.04278	0.22044	0.15777	0.03938	0.10731	0.16598	0.14204	0.03169	0.01309	0.01644	0.00951	0.01166	0.00765	0.00519	0.00506	0.00158	0.00791	0.00430	0.00272	0.00752
23	0.00813	0.00580	0.00805	0.00808	0.00882	0.00630	0.00585	0.00939	0.00920	0.01294	0.04753	0.08190	0.01858	0.22005	0.46163	0.04957	0.01072	0.00734	0.00338	0.01675
24	0.01589	0.04047	0.14780	0.04305	0.16267	0.01178	0.07289	0.07374	0.04360	0.19303	0.04214	0.04374	0.01259	0.00637	0.00559	0.00169	0.00619	0.00560	0.00424	0.06694
25	0.12649	0.11254	0.36193	0.01550	0.07883	0.01432	0.06827	0.05223	0.06319	0.04030	0.01102	0.01247	0.00822	0.00546	0.00505	0.00171	0.00701	0.00435	0.00310	0.00801
26	0.02525	0.00958	0.01306	0.01001	0.01437	0.00827	0.00827	0.02743	0.01611	0.77102	0.02220	0.01915	0.01393	0.00697	0.00566	0.00174	0.00479	0.00566	0.00697	0.00958
27	0.00761	0.00583	0.00650	0.00627	0.00805	0.00503	0.00472	0.00945	0.01392	0.03920	0.28362	0.04926	0.51427	0.01316	0.00662	0.00185	0.00284	0.01115	0.00559	0.00507
28	0.01425	0.08925	0.22132	0.15221	0.05994	0.03879	0.05335	0.04982	0.11123	0.09291	0.01302	0.01458	0.00962	0.00601	0.00583	0.00176	0.03405	0.00489	0.01928	0.00790
29	0.03711	0.00986	0.03727	0.01072	0.01312	0.04399	0.05692	0.06215	0.01308	0.13360	0.02022	0.12089	0.01965	0.09367	0.04142	0.02129	0.03308	0.16954	0.03403	0.02840
30	0.00805	0.00599	0.00882	0.00882	0.00975	0.00691	0.00676	0.00991	0.00898	0.01290	0.01528	0.02324	0.01456	0.10038	0.72241	0.00877	0.01434	0.00619	0.00305	0.00490
31	0.01702	0.01417	0.01415	0.01205	0.01562	0.07490	0.00954	0.22870	0.46847	0.05378	0.01915	0.01800	0.01417	0.00722	0.00565	0.00181	0.00540	0.00576	0.00552	0.00893
32	0.01423	0.09760	0.07221	0.25547	0.06481	0.08444	0.04263	0.06097	0.01318	0.08832	0.01222	0.01500	0.00938	0.00861	0.06607	0.00224	0.00754	0.00484	0.07318	0.00707
33	0.07285	0.00982	0.01288	0.00994	0.01424	0.00877	0.00821	0.04574	0.01600	0.70812	0.02113	0.01842	0.01336	0.00686	0.00553	0.00174	0.00480	0.00549	0.00673	0.00937
34	0.00672	0.00543	0.00598	0.00642	0.00779	0.00469	0.00459	0.00800	0.01214	0.01492	0.04826	0.30466	0.51998	0.01539	0.00683	0.00203	0.00299	0.01326	0.00523	0.00469
35	0.02737	0.18762	0.23641	0.04131	0.01959	0.01486	0.08001	0.13176	0.03980	0.10273	0.05602	0.01476	0.01142	0.00602	0.00524	0.00166	0.00667	0.00488	0.00379	0.00809
36	0.00868	0.00608	0.00833	0.00990	0.06824	0.00573	0.00641	0.01008	0.01154	0.05914	0.05443	0.50079	0.10972	0.04282	0.04321	0.00258	0.00424	0.03785	0.00500	0.00525
37	0.01449	0.63911	0.05367	0.00944	0.01384	0.04649	0.00931	0.01658	0.01166	0.01449	0.00938	0.01081	0.00821	0.00511	0.00377	0.00125	0.00579	0.00338	0.11625	0.00697
38	0.01285	0.07354	0.05777	0.00923	0.01429	0.04455	0.00798	0.01547	0.01203	0.04602	0.01024	0.01169	0.00834	0.00447	0.00429	0.00098	0.00485	0.00346	0.00332	0.65463

[dist]
# distance from previous block
# <min> <max>
0	10

[block]
# block no. 1 follows, 42 sequences, length 16
# corresponding to MSA columns:
# 372-387
name=unknown_B
#
# <colnr> <probs for GDERKNQSTAVLIFYWHMCP>
#	G	D	E	R	K	N	Q	S	T	A	V	L	I	F	Y	W	H	M	C	P
0	0.01483	0.21970	0.20060	0.01433	0.08937	0.01576	0.01284	0.11535	0.16668	0.05194	0.01378	0.03762	0.01090	0.00627	0.00511	0.00165	0.00620	0.00494	0.00382	0.00832
1	0.01698	0.07489	0.08804	0.01308	0.01614	0.47707	0.01080	0.01931	0.03649	0.01432	0.01158	0.04784	0.01070	0.06295	0.03062	0.00208	0.03062	0.02698	0.00310	0.00642
2	0.01812	0.01098	0.01485	0.03116	0.04256	0.01243	0.01018	0.08971	0.01400	0.32004	0.04926	0.01697	0.01263	0.00808	0.01026	0.00198	0.28881	0.00549	0.03460	0.00789
3	0.00862	0.00678	0.00879	0.00974	0.08146	0.00636	0.00642	0.04222	0.01452	0.01963	0.37003	0.15640	0.22313	0.01230	0.00658	0.00187	0.00334	0.01077	0.00545	0.00559
4	0.00826	0.00577	0.00787	0.00809	0.00899	0.00605	0.00589	0.00970	0.00995	0.04051	0.02338	0.21863	0.08774	0.13538	0.39033	0.00599	0.00939	0.00929	0.00395	0.00483
5	0.00762	0.00561	0.00778	0.00815	0.00897	0.00596	0.00597	0.00905	0.00981	0.01343	0.02372	0.24858	0.09315	0.07994	0.41962	0.02482	0.00968	0.00956	0.00387	0.00471
6	0.02176	0.01517	0.01652	0.01267	0.01716	0.01657	0.01046	0.67909	0.02546	0.10614	0.01435	0.01405	0.00999	0.00678	0.00563	0.00169	0.00606	0.00512	0.00576	0.00957
7	0.02102	0.02682	0.01595	0.01450	0.01740	0.77963	0.01087	0.02247	0.01595	0.01377	0.00870	0.01015	0.00725	0.00580	0.00507	0.00145	0.01015	0.00362	0.00290	0.00652
8	0.01082	0.01020	0.01723	0.74410	0.08183	0.01255	0.01573	0.01455	0.01135	0.01462	0.01004	0.01494	0.00759	0.00559	0.00562	0.00186	0.00745	0.00500	0.00252	0.00641
9	0.02105	0.01464	0.01589	0.01226	0.01656	0.01599	0.01010	0.64717	0.02476	0.09322	0.01449	0.01441	0.01021	0.00676	0.00553	0.00167	0.00587	0.00512	0.05498	0.00931
10	0.11737	0.00972	0.01252	0.00972	0.01397	0.00876	0.00803	0.02620	0.01537	0.68690	0.02058	0.01803	0.01305	0.00677	0.00541	0.00174	0.00474	0.00536	0.00657	0.00918
11	0.02320	0.00897	0.01197	0.00935	0.01328	0.00785	0.00767	0.02543	0.01551	0.66663	0.02167	0.01941	0.01400	0.00691	0.00542	0.00168	0.00449	0.00560	0.12199	0.00897
12	0.00902	0.00746	0.01072	0.01019	0.01085	0.00929	0.00799	0.01066	0.00899	0.01312	0.01431	0.06683	0.01421	0.08101	0.49983	0.00680	0.20402	0.00649	0.00304	0.00517
13	0.00698	0.00499	0.00667	0.00798	0.00836	0.00468	0.00544	0.00805	0.01090	0.01450	0.03095	0.75749	0.03695	0.01751	0.00722	0.00230	0.00337	0.05584	0.00522	0.00461
14	0.13439	0.01187	0.01622	0.05085	0.25576	0.01199	0.01150	0.12469	0.01541	0.28994	0.01474	0.01511	0.01034	0.00601	0.00532	0.00172	0.00565	0.00498	0.00477	0.00874
15	0.01581	0.05707	0.01260	0.01082	0.01328	0.20169	0.00851	0.07091	0.01464	0.16028	0.02096	0.22733	0.02075	0.01077	0.00615	0.00192	0.00597	0.12906	0.00484	0.00663

[dist]
# distance from previous block
# <min> <max>
2	4

[block]
# block no. 2 follows, 42 sequences, length 15
# corresponding to MSA columns:
# 392-406
name=unknown_C
#
# <colnr> <probs for GDERKNQSTAVLIFYWHMCP>
#	G	D	E	R	K	N	Q	S	T	A	V	L	I	F	Y	W	H	M	C	P
0	0.01294	0.01259	0.01831	0.29702	0.34198	0.07734	0.01467	0.03895	0.01321	0.01738	0.07349	0.01718	0.02862	0.00609	0.00566	0.00174	0.00684	0.00547	0.00312	0.00740
1	0.22314	0.01525	0.07841	0.01166	0.01608	0.01548	0.01020	0.42040	0.10696	0.03003	0.01292	0.01317	0.00940	0.00636	0.00508	0.00174	0.00571	0.00464	0.00483	0.00852
2	0.01400	0.08085	0.02244	0.11244	0.58999	0.04990	0.01615	0.01717	0.01268	0.01730	0.01020	0.01345	0.00854	0.00510	0.00539	0.00164	0.00688	0.00478	0.00273	0.00837
3	0.02505	0.00990	0.01326	0.01017	0.01453	0.00875	0.00840	0.06500	0.01665	0.73268	0.02175	0.01886	0.01370	0.00695	0.00566	0.00174	0.00486	0.00563	0.00690	0.00958
4	0.00697	0.00494	0.00650	0.00770	0.00800	0.00464	0.00507	0.00786	0.01056	0.01408	0.02992	0.73572	0.03584	0.08234	0.00895	0.00255	0.00345	0.01535	0.00507	0.00448
5	0.01383	0.01252	0.02216	0.20582	0.31200	0.01327	0.16248	0.01725	0.01242	0.08076	0.01129	0.01472	0.00879	0.00573	0.00703	0.00185	0.08182	0.00538	0.00305	0.00782
6	0.01505	0.80561	0.02949	0.00963	0.01444	0.02227	0.00963	0.01685	0.01143	0.01324	0.00782	0.00903	0.00722	0.00481	0.00361	0.00120	0.00602	0.00301	0.00241	0.00722
7	0.11601	0.00972	0.01253	0.00972	0.01398	0.00876	0.00803	0.02622	0.01538	0.68814	0.02061	0.01804	0.01306	0.00677	0.00542	0.00174	0.00474	0.00537	0.00658	0.00919
8	0.01222	0.10972	0.48699	0.05986	0.13611	0.01416	0.04713	0.01780	0.03301	0.01739	0.01033	0.01243	0.00777	0.00529	0.00527	0.00172	0.00771	0.00437	0.00256	0.00816
9	0.01674	0.01326	0.08189	0.11354	0.32691	0.01175	0.07612	0.02015	0.01360	0.24861	0.01411	0.01559	0.01011	0.00569	0.00568	0.00175	0.00657	0.00528	0.00400	0.00864
10	0.01201	0.00576	0.00625	0.00588	0.00754	0.00559	0.00450	0.01458	0.01251	0.10528	0.05976	0.02193	0.01649	0.00687	0.00428	0.00138	0.00287	0.00556	0.69522	0.00574
11	0.00758	0.00593	0.00692	0.00692	0.00842	0.00542	0.00514	0.01013	0.04933	0.01827	0.31476	0.15675	0.33884	0.01344	0.00671	0.00193	0.00297	0.02979	0.00561	0.00514
12	0.01334	0.08356	0.41270	0.14483	0.04651	0.01346	0.04673	0.03837	0.04208	0.08893	0.01171	0.01347	0.00842	0.00560	0.00537	0.00175	0.00745	0.00459	0.00309	0.00805
13	0.01106	0.00831	0.01020	0.07566	0.01330	0.05505	0.02098	0.02649	0.04784	0.09560	0.02528	0.45075	0.03911	0.01336	0.00712	0.00212	0.03599	0.05105	0.00491	0.00582
14	0.05274	0.15933	0.02056	0.12131	0.30153	0.05133	0.01313	0.08734	0.01405	0.11001	0.01148	0.01337	0.00888	0.00551	0.00512	0.00161	0.00645	0.00457	0.00349	0.00816

[dist]
# distance from previous block
# <min> <max>
0	1

[block]
# block no. 3 follows, 42 sequences, length 31
# corresponding to MSA columns:
# 408-438
name=unknown_D
#
# <colnr> <probs for GDERKNQSTAVLIFYWHMCP>
#	G	D	E	R	K	N	Q	S	T	A	V	L	I	F	Y	W	H	M	C	P
0	0.01302	0.01040	0.01235	0.00942	0.03459	0.00827	0.00728	0.05653	0.01278	0.05995	0.01088	0.01224	0.00872	0.00449	0.00437	0.00095	0.00439	0.00360	0.00364	0.72213
1	0.01421	0.24182	0.19286	0.01442	0.06660	0.06705	0.05596	0.06441	0.13675	0.01827	0.01320	0.01655	0.01097	0.00636	0.00518	0.00167	0.00676	0.05572	0.00343	0.00784
2	0.05657	0.00536	0.00726	0.00721	0.00744	0.00549	0.00480	0.00809	0.00766	0.01095	0.01111	0.01995	0.01141	0.14310	0.04947	0.62790	0.00532	0.00535	0.00268	0.00290
3	0.09613	0.00840	0.01018	0.00876	0.01111	0.00844	0.00671	0.09382	0.04095	0.14227	0.05460	0.01847	0.01341	0.04294	0.09022	0.25081	0.00581	0.00528	0.00415	0.08752
4	0.01393	0.01337	0.02284	0.03454	0.76712	0.01337	0.01727	0.01727	0.01281	0.01839	0.01059	0.01393	0.00891	0.00501	0.00557	0.00167	0.00669	0.00501	0.00279	0.00891
5	0.69164	0.01092	0.00932	0.00801	0.01166	0.01223	0.00660	0.05075	0.01124	0.12950	0.01009	0.01073	0.00734	0.00553	0.00388	0.00174	0.00450	0.00350	0.00406	0.00673
6	0.00853	0.00680	0.00960	0.00932	0.01009	0.00808	0.00717	0.01012	0.00921	0.01311	0.01754	0.06962	0.05761	0.11252	0.50271	0.00692	0.12583	0.00701	0.00323	0.00498
7	0.21121	0.01300	0.01342	0.01089	0.01476	0.01429	0.00899	0.42129	0.04929	0.07358	0.01629	0.01845	0.04777	0.00740	0.00533	0.00178	0.00538	0.05350	0.00516	0.00820
8	0.01063	0.01000	0.01688	0.78870	0.03876	0.01250	0.01563	0.01438	0.01125	0.01438	0.01000	0.01500	0.00750	0.00563	0.00563	0.00188	0.00750	0.00500	0.00250	0.00625
9	0.01047	0.00928	0.01500	0.10669	0.35032	0.00941	0.01176	0.01288	0.01192	0.01645	0.04579	0.33403	0.02185	0.01044	0.00627	0.00195	0.00524	0.00966	0.00387	0.00672
10	0.46457	0.01028	0.01048	0.00861	0.01249	0.01061	0.00710	0.02157	0.01259	0.36987	0.01447	0.01377	0.00972	0.00603	0.00449	0.00174	0.00455	0.00425	0.00509	0.00770
11	0.02410	0.01050	0.01352	0.01047	0.01477	0.00976	0.00861	0.11805	0.06093	0.63480	0.02115	0.01855	0.01357	0.00698	0.00566	0.00174	0.00495	0.00563	0.00672	0.00954
12	0.02327	0.00952	0.01270	0.00987	0.01393	0.00847	0.00810	0.06508	0.01665	0.65430	0.09760	0.02119	0.01770	0.00742	0.00576	0.00174	0.00465	0.00609	0.00681	0.00914
13	0.01041	0.01685	0.30573	0.01511	0.01992	0.01055	0.18835	0.01466	0.01182	0.01666	0.01662	0.16322	0.01609	0.01219	0.08544	0.00272	0.00806	0.07545	0.00334	0.00682
14	0.01087	0.01107	0.04628	0.01396	0.01540	0.01248	0.12837	0.01287	0.01021	0.01464	0.01487	0.14149	0.01570	0.07639	0.02750	0.00269	0.36151	0.07454	0.00329	0.00589
15	0.05422	0.01206	0.01433	0.09048	0.01762	0.05166	0.00966	0.19799	0.01783	0.44885	0.01761	0.01652	0.01157	0.00665	0.00553	0.00173	0.00567	0.00524	0.00584	0.00894
16	0.00686	0.00490	0.00653	0.00784	0.00816	0.00457	0.00522	0.00784	0.01077	0.01437	0.03102	0.79855	0.03722	0.01763	0.00718	0.00229	0.00326	0.01600	0.00522	0.00457
17	0.43992	0.01239	0.01447	0.01538	0.16987	0.04552	0.07881	0.01779	0.07216	0.02185	0.01086	0.04112	0.00905	0.00592	0.00494	0.00178	0.02306	0.00461	0.00348	0.00701
18	0.01097	0.01035	0.01749	0.71157	0.11325	0.01259	0.01580	0.01467	0.01141	0.01479	0.01006	0.01489	0.00765	0.00556	0.00562	0.00185	0.00742	0.00500	0.00253	0.00652
19	0.00835	0.00558	0.00735	0.00732	0.00773	0.00589	0.00492	0.00881	0.00876	0.01208	0.05501	0.02944	0.01855	0.39788	0.27658	0.12300	0.00843	0.00711	0.00329	0.00391
20	0.08386	0.33833	0.05218	0.01444	0.09344	0.08837	0.11217	0.01789	0.01256	0.07380	0.01276	0.01403	0.05250	0.00569	0.00476	0.00152	0.00663	0.00455	0.00316	0.00736
21	0.05397	0.14679	0.10107	0.01104	0.01562	0.01213	0.04800	0.06152	0.05773	0.26109	0.01791	0.04703	0.04877	0.00692	0.00525	0.00164	0.00548	0.01666	0.00468	0.07672
22	0.05521	0.00941	0.01221	0.00953	0.01354	0.00846	0.00783	0.05134	0.01578	0.63913	0.02094	0.01875	0.01352	0.00685	0.00540	0.00170	0.00460	0.00549	0.09131	0.00900
23	0.01243	0.01080	0.04572	0.20964	0.13919	0.01043	0.10358	0.04418	0.01325	0.09677	0.05380	0.10700	0.11240	0.00829	0.00609	0.00186	0.00603	0.00757	0.00400	0.00698
24	0.03526	0.09393	0.19853	0.02814	0.04908	0.01306	0.11266	0.12134	0.01506	0.21306	0.01470	0.05562	0.01105	0.00646	0.00554	0.00174	0.00662	0.00554	0.00427	0.00835
25	0.01577	0.01311	0.05622	0.01160	0.01530	0.01355	0.00963	0.14989	0.48447	0.09162	0.06101	0.02020	0.01699	0.00751	0.00573	0.00184	0.00490	0.00616	0.00566	0.00885
26	0.00857	0.00570	0.00800	0.00800	0.00874	0.00631	0.00589	0.00969	0.00895	0.01308	0.01497	0.02326	0.01433	0.13973	0.48226	0.13317	0.01093	0.00607	0.08791	0.00443
27	0.01388	0.01632	0.13393	0.10458	0.23300	0.12981	0.05961	0.04585	0.02236	0.03535	0.01189	0.02714	0.01019	0.08872	0.02715	0.01694	0.00764	0.00531	0.00306	0.00729
28	0.01266	0.01476	0.17542	0.11804	0.26308	0.01192	0.03098	0.01618	0.01228	0.07765	0.01739	0.02997	0.10734	0.00714	0.00692	0.00184	0.07952	0.00596	0.00332	0.00762
29	0.48372	0.00932	0.00881	0.00773	0.01082	0.00993	0.00622	0.01676	0.01204	0.15711	0.14299	0.04195	0.05787	0.00746	0.00469	0.00177	0.00403	0.00559	0.00471	0.00646
30	0.00694	0.00504	0.00657	0.00776	0.00827	0.00468	0.00532	0.00804	0.01106	0.01456	0.03333	0.69636	0.10344	0.01723	0.00716	0.00226	0.00332	0.04882	0.00522	0.00462

[dist]
# distance from previous block
# <min> <max>
0	1

[block]
# block no. 4 follows, 42 sequences, length 8
# corresponding to MSA columns:
# 440-447
name=unknown_E
#
# <colnr> <probs for GDERKNQSTAVLIFYWHMCP>
#	G	D	E	R	K	N	Q	S	T	A	V	L	I	F	Y	W	H	M	C	P
0	0.01361	0.01647	0.21253	0.23729	0.09248	0.04846	0.05199	0.09580	0.01418	0.06678	0.06679	0.01610	0.01171	0.00612	0.00561	0.00176	0.00708	0.00524	0.02240	0.00758
1	0.00890	0.00687	0.00931	0.01108	0.10459	0.00665	0.00688	0.05193	0.01298	0.01763	0.18468	0.38663	0.08356	0.07147	0.00831	0.00227	0.00387	0.01189	0.00501	0.00549
2	0.01437	0.56269	0.22335	0.01156	0.01719	0.05852	0.01261	0.01739	0.01178	0.01447	0.00846	0.00983	0.00720	0.00500	0.00414	0.00137	0.00683	0.00334	0.00242	0.00747
3	0.06822	0.01027	0.01196	0.00987	0.04852	0.00874	0.00735	0.07869	0.01281	0.01996	0.01208	0.08255	0.01092	0.00572	0.00459	0.00114	0.00440	0.00469	0.00369	0.59384
4	0.12956	0.22710	0.14885	0.01196	0.03085	0.11294	0.01113	0.03392	0.05462	0.04070	0.01188	0.08214	0.01063	0.00689	0.00576	0.00168	0.06405	0.00496	0.00328	0.00711
5	0.04845	0.02292	0.01646	0.04647	0.08546	0.55223	0.01145	0.11822	0.01666	0.01750	0.00953	0.01109	0.00768	0.00583	0.00516	0.00153	0.00900	0.00398	0.00326	0.00712
6	0.03619	0.01224	0.09486	0.01310	0.09938	0.01025	0.01013	0.09267	0.08947	0.21033	0.11456	0.07194	0.01842	0.00759	0.00564	0.00169	0.00503	0.00641	0.00506	0.09503
7	0.06223	0.01090	0.01269	0.01013	0.01383	0.01100	0.00822	0.23827	0.06848	0.28378	0.13949	0.02058	0.01864	0.00747	0.00558	0.00169	0.00471	0.00603	0.03529	0.04098

[dist]
# distance from previous block
# <min> <max>
3	4

[block]
# block no. 5 follows, 42 sequences, length 8
# corresponding to MSA columns:
# 453-460
name=unknown_F
#
# <colnr> <probs for GDERKNQSTAVLIFYWHMCP>
#	G	D	E	R	K	N	Q	S	T	A	V	L	I	F	Y	W	H	M	C	P
0	0.41867	0.01023	0.01030	0.00856	0.01219	0.01069	0.00701	0.07335	0.01352	0.27064	0.06051	0.01711	0.05216	0.00676	0.00471	0.00175	0.00445	0.00495	0.00504	0.00738
1	0.00991	0.00656	0.00815	0.00810	0.00964	0.00626	0.00603	0.06612	0.01342	0.08666	0.11508	0.34114	0.18285	0.01611	0.06187	0.00255	0.00440	0.04421	0.00536	0.00559
2	0.05886	0.11539	0.36666	0.01530	0.06361	0.01393	0.07127	0.06276	0.04450	0.11771	0.01216	0.01319	0.00875	0.00560	0.00522	0.00171	0.00707	0.00454	0.00343	0.00831
3	0.04026	0.31152	0.08867	0.01134	0.01581	0.01586	0.03847	0.09518	0.07386	0.16560	0.01395	0.05350	0.01113	0.00656	0.00538	0.00161	0.03423	0.00499	0.00409	0.00797
4	0.01719	0.00830	0.01029	0.00859	0.01151	0.00777	0.00683	0.09563	0.01579	0.34583	0.13251	0.07773	0.05950	0.00864	0.00562	0.00170	0.00399	0.00721	0.16785	0.00751
5	0.01187	0.10026	0.05215	0.15796	0.16774	0.01169	0.08050	0.01481	0.01169	0.05416	0.01466	0.11115	0.01365	0.01316	0.13256	0.00300	0.00791	0.03096	0.00330	0.00684
6	0.01604	0.04274	0.22338	0.03417	0.18523	0.01207	0.01388	0.08206	0.04782	0.20111	0.05143	0.01731	0.03461	0.00643	0.00556	0.00173	0.00622	0.00538	0.00427	0.00855
7	0.09849	0.01160	0.05367	0.06525	0.10888	0.01050	0.04202	0.07174	0.01501	0.38358	0.04245	0.01836	0.03969	0.00669	0.00553	0.00175	0.00550	0.00558	0.00523	0.00848

[dist]
# distance from previous block
# <min> <max>
14	60

[block]
# block no. 6 follows, 42 sequences, length 29
# corresponding to MSA columns:
# 521-549
name=unknown_G
#
# <colnr> <probs for GDERKNQSTAVLIFYWHMCP>
#	G	D	E	R	K	N	Q	S	T	A	V	L	I	F	Y	W	H	M	C	P
0	0.05555	0.05835	0.25225	0.05312	0.08811	0.03459	0.05947	0.08036	0.04277	0.11003	0.04899	0.01492	0.01109	0.00590	0.00533	0.00167	0.00664	0.00489	0.00372	0.06225
1	0.01536	0.04382	0.20989	0.01386	0.08901	0.07601	0.02199	0.01903	0.03201	0.20718	0.08864	0.05853	0.05261	0.00739	0.00562	0.00171	0.00604	0.00614	0.00439	0.04077
2	0.05810	0.03889	0.24916	0.01675	0.15669	0.05789	0.01400	0.13514	0.03333	0.10174	0.03171	0.01570	0.04204	0.00625	0.00539	0.00170	0.00662	0.00502	0.00386	0.02001
3	0.01560	0.05921	0.11163	0.13693	0.10976	0.02138	0.07169	0.04964	0.01373	0.20822	0.01568	0.05849	0.01260	0.00701	0.00572	0.00179	0.00638	0.05335	0.00416	0.03703
4	0.08206	0.08790	0.09002	0.09739	0.15015	0.03440	0.02494	0.05476	0.01307	0.11792	0.01361	0.09156	0.01160	0.00664	0.00522	0.00164	0.00593	0.00556	0.00375	0.10188
5	0.01578	0.04446	0.26528	0.01792	0.20211	0.03851	0.01449	0.01968	0.01350	0.20814	0.05195	0.01560	0.01172	0.00593	0.00542	0.00166	0.00650	0.00496	0.00390	0.05249
6	0.07924	0.13447	0.11152	0.01799	0.22532	0.05271	0.04839	0.01842	0.02614	0.10041	0.01125	0.01281	0.00874	0.00521	0.00492	0.00151	0.00631	0.00432	0.00333	0.12697
7	0.01670	0.11485	0.12132	0.01507	0.12540	0.09789	0.03094	0.03998	0.05530	0.20214	0.01814	0.01828	0.08531	0.00683	0.00574	0.00168	0.02675	0.00545	0.00420	0.00801
8	0.07957	0.19432	0.15434	0.13266	0.01914	0.01330	0.01151	0.01831	0.04990	0.14270	0.08489	0.01607	0.01325	0.00619	0.00499	0.00162	0.00585	0.00485	0.00383	0.04269
9	0.04166	0.10448	0.48888	0.01421	0.02076	0.09526	0.01647	0.07888	0.01362	0.01890	0.04874	0.01300	0.00969	0.00577	0.00517	0.00168	0.00767	0.00433	0.00294	0.00789
10	0.08612	0.37374	0.21853	0.01286	0.01836	0.05910	0.08573	0.01817	0.05019	0.01651	0.00959	0.01107	0.00775	0.00518	0.00454	0.00152	0.00696	0.00388	0.00273	0.00749
11	0.01739	0.42654	0.06601	0.01265	0.09002	0.01663	0.01061	0.03344	0.03272	0.21369	0.02333	0.01321	0.01011	0.00563	0.00458	0.00146	0.00581	0.00420	0.00384	0.00813
12	0.01005	0.07559	0.01252	0.01172	0.08646	0.00801	0.04947	0.01178	0.01154	0.05234	0.02315	0.48398	0.02590	0.01255	0.00628	0.00192	0.00437	0.01137	0.00448	0.09650
13	0.00710	0.00507	0.00680	0.00811	0.00854	0.00478	0.00564	0.00825	0.01101	0.01463	0.03089	0.71899	0.03670	0.01741	0.00725	0.00232	0.00347	0.09320	0.00522	0.00464
14	0.11405	0.12665	0.09183	0.01238	0.05857	0.08677	0.01046	0.09147	0.01507	0.31764	0.01453	0.01415	0.01006	0.00606	0.00503	0.00163	0.00602	0.00455	0.00471	0.00839
15	0.03512	0.28738	0.19536	0.01360	0.01920	0.01717	0.10384	0.19279	0.01553	0.05416	0.01079	0.01197	0.00820	0.00550	0.00495	0.00157	0.00692	0.00433	0.00345	0.00816
16	0.00818	0.00546	0.00614	0.00614	0.00614	0.00546	0.00341	0.00818	0.00818	0.01091	0.01773	0.03683	0.02046	0.80222	0.02864	0.00546	0.00546	0.00818	0.00341	0.00341
17	0.00829	0.00572	0.00718	0.00781	0.00829	0.00567	0.00558	0.00931	0.01017	0.01341	0.02371	0.15532	0.02690	0.42389	0.01851	0.00403	0.00505	0.25270	0.00427	0.00418
18	0.12134	0.07260	0.01596	0.01191	0.01595	0.15514	0.00973	0.36252	0.04250	0.11987	0.01290	0.01298	0.00933	0.00631	0.00513	0.00163	0.00645	0.00452	0.00481	0.00840
19	0.01300	0.19176	0.40501	0.01392	0.02019	0.01455	0.06556	0.01889	0.08662	0.05455	0.05464	0.01448	0.01121	0.00585	0.00519	0.00168	0.00702	0.00472	0.00319	0.00798
20	0.00743	0.00568	0.00681	0.00662	0.00810	0.00507	0.00493	0.00954	0.01451	0.01943	0.46587	0.08965	0.31026	0.01285	0.00667	0.00185	0.00276	0.01113	0.00579	0.00507
21	0.07931	0.10806	0.35255	0.01618	0.02257	0.01411	0.21422	0.01873	0.04189	0.06395	0.01126	0.01305	0.00825	0.00530	0.00539	0.00175	0.00770	0.00480	0.00301	0.00792
22	0.05758	0.20354	0.37354	0.01304	0.01924	0.01475	0.03544	0.07849	0.01332	0.05586	0.04837	0.01318	0.01003	0.00567	0.00495	0.00161	0.00683	0.00433	0.00318	0.03707
23	0.05306	0.09471	0.07510	0.00946	0.01220	0.04814	0.00803	0.01577	0.09059	0.10822	0.10011	0.27260	0.06811	0.01087	0.00594	0.00188	0.00460	0.00927	0.00485	0.00648
24	0.01327	0.01875	0.36782	0.01522	0.08028	0.01110	0.05347	0.03889	0.04291	0.12669	0.08114	0.09478	0.01585	0.00742	0.00580	0.00182	0.00652	0.00640	0.00394	0.00793
25	0.01428	0.10416	0.24024	0.05480	0.15992	0.04561	0.02738	0.03751	0.06320	0.09762	0.07015	0.01583	0.01254	0.00605	0.00536	0.00167	0.00660	0.00503	0.00360	0.02846
26	0.05015	0.03573	0.07944	0.05440	0.08643	0.09301	0.17949	0.13934	0.01537	0.04005	0.05666	0.01641	0.01182	0.00606	0.00561	0.00166	0.00707	0.02724	0.00370	0.09036
27	0.01453	0.01039	0.04108	0.09701	0.14802	0.00984	0.03941	0.01904	0.10177	0.20363	0.20854	0.04341	0.02294	0.00785	0.00597	0.00179	0.00509	0.00697	0.00505	0.00768
28	0.01605	0.01591	0.01737	0.04914	0.11691	0.25150	0.12110	0.01895	0.03447	0.10202	0.04627	0.01871	0.08616	0.00665	0.00563	0.00162	0.00720	0.00569	0.00380	0.07486

[dist]
# distance from previous block
# <min> <max>
3	20

[block]
# block no. 7 follows, 42 sequences, length 9
# corresponding to MSA columns:
# 570-578
name=unknown_H
#
# <colnr> <probs for GDERKNQSTAVLIFYWHMCP>
#	G	D	E	R	K	N	Q	S	T	A	V	L	I	F	Y	W	H	M	C	P
0	0.01231	0.01393	0.13271	0.09560	0.30853	0.01163	0.04791	0.06968	0.01389	0.01953	0.12399	0.05552	0.03056	0.00694	0.00581	0.00174	0.00620	0.00632	0.00359	0.03361
1	0.01250	0.08368	0.03269	0.03324	0.23297	0.08680	0.01091	0.03442	0.06815	0.01730	0.10055	0.02091	0.05042	0.03800	0.15004	0.00314	0.00772	0.00597	0.00360	0.00698
2	0.01447	0.06540	0.01931	0.04082	0.12114	0.01394	0.12994	0.05500	0.21400	0.06817	0.01430	0.01564	0.01105	0.00636	0.00701	0.00176	0.09702	0.00536	0.00398	0.09534
3	0.01381	0.13618	0.05506	0.06478	0.09815	0.09487	0.01022	0.08222	0.03989	0.03873	0.06464	0.07759	0.05260	0.00717	0.00524	0.00154	0.00578	0.00585	0.00380	0.14186
4	0.01248	0.10316	0.07026	0.01729	0.15977	0.01224	0.17010	0.04989	0.04926	0.03412	0.21806	0.02268	0.04172	0.00722	0.00590	0.00172	0.00596	0.00675	0.00407	0.00734
5	0.01497	0.48903	0.12535	0.01184	0.05560	0.01779	0.01113	0.01851	0.06192	0.08540	0.05160	0.01320	0.01107	0.00565	0.00444	0.00143	0.00596	0.00413	0.00327	0.00769
6	0.00808	0.00587	0.00702	0.00753	0.00814	0.00585	0.00502	0.01015	0.07747	0.01410	0.02693	0.37017	0.07288	0.30365	0.01490	0.00340	0.00424	0.04544	0.00460	0.00458
7	0.57640	0.01049	0.00900	0.00789	0.01084	0.01190	0.00619	0.11078	0.01152	0.02387	0.01046	0.01496	0.00927	0.15658	0.00854	0.00244	0.00480	0.00429	0.00375	0.00604
8	0.08989	0.10106	0.07620	0.01210	0.03927	0.06606	0.01010	0.12649	0.31642	0.02251	0.01676	0.01656	0.03602	0.00667	0.00517	0.00169	0.00556	0.00516	0.00448	0.04182

[dist]
# distance from previous block
# <min> <max>
0	2

[block]
# block no. 8 follows, 42 sequences, length 28
# corresponding to MSA columns:
# 581-608
name=unknown_I
#
# <colnr> <probs for GDERKNQSTAVLIFYWHMCP>
#	G	D	E	R	K	N	Q	S	T	A	V	L	I	F	Y	W	H	M	C	P
0	0.10165	0.01265	0.01337	0.01059	0.01466	0.05816	0.00857	0.24102	0.06829	0.21608	0.04267	0.01563	0.01213	0.00660	0.00544	0.01388	0.00529	0.00492	0.00520	0.14321
1	0.01653	0.14996	0.15122	0.04702	0.11613	0.01423	0.05622	0.11802	0.06832	0.16686	0.01410	0.03357	0.01059	0.00616	0.00534	0.00168	0.00637	0.00512	0.00411	0.00845
2	0.16204	0.06235	0.13200	0.01303	0.03091	0.05831	0.10908	0.10236	0.04026	0.13495	0.02508	0.01574	0.01068	0.07098	0.00710	0.00202	0.00648	0.00505	0.00401	0.00757
3	0.01307	0.01510	0.05183	0.02084	0.02544	0.04433	0.54618	0.01711	0.01284	0.01749	0.05612	0.01609	0.01097	0.00594	0.00821	0.00195	0.11986	0.00642	0.00298	0.00723
4	0.00706	0.00563	0.00625	0.00649	0.00796	0.00494	0.00480	0.00853	0.01256	0.01564	0.11471	0.16184	0.49974	0.05844	0.00803	0.00219	0.00320	0.06206	0.00521	0.00473
5	0.01415	0.27726	0.28435	0.01372	0.07308	0.03311	0.01359	0.02942	0.03897	0.08609	0.05075	0.01500	0.03566	0.00602	0.00494	0.00158	0.00653	0.00462	0.00331	0.00785
6	0.01128	0.01035	0.01688	0.74186	0.03747	0.01280	0.01533	0.05869	0.01217	0.01565	0.01021	0.01491	0.00763	0.00569	0.00563	0.00186	0.00742	0.00501	0.00269	0.00645
7	0.00688	0.00501	0.00648	0.00760	0.00812	0.00461	0.00513	0.00796	0.01116	0.01474	0.05934	0.69967	0.10840	0.01709	0.00711	0.00223	0.00320	0.01539	0.00526	0.00461
8	0.00820	0.00624	0.00770	0.00846	0.00935	0.00632	0.00590	0.01197	0.14691	0.01638	0.06025	0.62523	0.03424	0.01555	0.00689	0.00220	0.00346	0.01400	0.00536	0.00539
9	0.10508	0.06096	0.04939	0.04610	0.04351	0.01373	0.45090	0.01759	0.01250	0.05117	0.01141	0.01442	0.00866	0.00525	0.00623	0.00181	0.03591	0.00566	0.05239	0.00731
10	0.01187	0.01187	0.05872	0.04701	0.16716	0.01019	0.05497	0.01486	0.01214	0.01814	0.07957	0.01534	0.01242	0.00563	0.00610	0.00138	0.06849	0.00475	0.00330	0.39609
11	0.01670	0.01964	0.01657	0.04016	0.01691	0.40637	0.01169	0.01813	0.01245	0.01369	0.00814	0.01130	0.00732	0.00764	0.01121	0.00193	0.36686	0.00426	0.00269	0.00635
12	0.01107	0.00704	0.00963	0.00893	0.01006	0.00785	0.00676	0.01255	0.00990	0.12023	0.01604	0.02423	0.01492	0.22022	0.37079	0.00610	0.09465	0.00636	0.03729	0.00540
13	0.01300	0.01902	0.29696	0.02180	0.24334	0.03440	0.14451	0.01745	0.01261	0.04746	0.03776	0.01553	0.01042	0.04246	0.00695	0.00194	0.01813	0.00530	0.00296	0.00800
14	0.00962	0.00494	0.00722	0.00722	0.00722	0.00494	0.00475	0.00741	0.00741	0.00988	0.01053	0.01898	0.01079	0.09408	0.02263	0.75716	0.00494	0.00520	0.00254	0.00254
15	0.01074	0.00987	0.01509	0.14509	0.33381	0.01003	0.01178	0.01387	0.04004	0.01679	0.04833	0.02861	0.24737	0.03643	0.00677	0.00192	0.00537	0.00748	0.00374	0.00688
16	0.02104	0.02641	0.01598	0.01444	0.01740	0.75142	0.01087	0.04934	0.01634	0.01458	0.00888	0.01027	0.00733	0.00583	0.00509	0.00146	0.01000	0.00368	0.00300	0.00664
17	0.00728	0.00532	0.00690	0.00805	0.00855	0.00513	0.00544	0.00915	0.05512	0.01491	0.03054	0.75234	0.03603	0.01704	0.00710	0.00226	0.00334	0.01543	0.00525	0.00483
18	0.02067	0.07311	0.01675	0.01421	0.01722	0.73461	0.01080	0.02214	0.01568	0.01374	0.00865	0.01008	0.00725	0.00574	0.00499	0.00144	0.00990	0.00359	0.00287	0.00657
19	0.01261	0.00997	0.01177	0.00845	0.01341	0.00756	0.00678	0.01509	0.01198	0.07073	0.01085	0.01219	0.00872	0.00436	0.00427	0.00090	0.00421	0.00350	0.00359	0.77905
20	0.00816	0.00555	0.00660	0.00660	0.00677	0.00571	0.00399	0.00848	0.00832	0.01126	0.01730	0.03446	0.01943	0.68014	0.14932	0.00603	0.00700	0.00784	0.00335	0.00367
21	0.01212	0.01207	0.08584	0.34786	0.05502	0.05427	0.05619	0.01511	0.01143	0.07172	0.01233	0.01801	0.01026	0.10325	0.07902	0.03275	0.00796	0.00546	0.00303	0.00631
22	0.00833	0.00619	0.00781	0.00732	0.00881	0.00589	0.00552	0.01185	0.06738	0.02231	0.68180	0.04110	0.08155	0.01136	0.00657	0.00179	0.00279	0.00999	0.00612	0.00554
23	0.00702	0.00499	0.00661	0.00783	0.00818	0.00470	0.00527	0.00801	0.01070	0.01426	0.03017	0.72352	0.03602	0.06492	0.00850	0.00249	0.00347	0.04371	0.00511	0.00453
24	0.08626	0.10790	0.01701	0.08731	0.01789	0.01105	0.15668	0.01422	0.01254	0.01750	0.06315	0.03622	0.02096	0.00993	0.00637	0.00209	0.00614	0.31666	0.00402	0.00611
25	0.00687	0.00505	0.00645	0.00749	0.00809	0.00463	0.00509	0.00799	0.01130	0.01484	0.06666	0.65790	0.14324	0.01688	0.00708	0.00221	0.00318	0.01515	0.00527	0.00463
26	0.15604	0.38441	0.07272	0.01062	0.01549	0.01686	0.05325	0.07449	0.01259	0.03822	0.00930	0.01057	0.00761	0.00504	0.00417	0.00138	0.00584	0.00358	0.00311	0.11470
27	0.01242	0.01192	0.04842	0.01156	0.01426	0.05684	0.06009	0.01905	0.25475	0.04364	0.11318	0.03371	0.10783	0.00925	0.00832	0.03573	0.11225	0.00698	0.00458	0.03523

[dist]
# distance from previous block
# <min> <max>
0	1

[block]
# block no. 9 follows, 42 sequences, length 13
# corresponding to MSA columns:
# 610-622
name=unknown_J
#
# <colnr> <probs for GDERKNQSTAVLIFYWHMCP>
#	G	D	E	R	K	N	Q	S	T	A	V	L	I	F	Y	W	H	M	C	P
0	0.01352	0.40002	0.11847	0.01161	0.01629	0.04122	0.07032	0.01841	0.13378	0.01613	0.01632	0.01686	0.09251	0.00641	0.00481	0.00153	0.00612	0.00500	0.00331	0.00737
1	0.02393	0.09769	0.01507	0.01012	0.01453	0.01028	0.00854	0.06279	0.01612	0.65016	0.02018	0.01775	0.01297	0.00672	0.00543	0.00168	0.00500	0.00534	0.00639	0.00932
2	0.01576	0.10172	0.01544	0.01156	0.01522	0.10766	0.00928	0.12302	0.42362	0.02239	0.01717	0.01657	0.01311	0.00669	0.00527	0.00166	0.00553	0.00523	0.00480	0.07833
3	0.01315	0.26755	0.24955	0.01122	0.01642	0.01384	0.01192	0.01710	0.04681	0.07774	0.04093	0.08066	0.03531	0.00682	0.00496	0.00155	0.00592	0.00538	0.00347	0.08970
4	0.01271	0.14231	0.51564	0.01393	0.02063	0.01431	0.01659	0.09747	0.01312	0.01852	0.01075	0.01366	0.00850	0.07023	0.00701	0.00198	0.00750	0.00441	0.00282	0.00789
5	0.01316	0.56496	0.10643	0.00990	0.01433	0.01790	0.01000	0.01551	0.01192	0.01486	0.09345	0.07956	0.01480	0.00669	0.00444	0.00142	0.00567	0.00502	0.00306	0.00691
6	0.00715	0.00573	0.00644	0.00662	0.00823	0.00502	0.00505	0.00887	0.01318	0.01653	0.16838	0.11596	0.50565	0.01423	0.00682	0.00199	0.00311	0.09080	0.00538	0.00488
7	0.01628	0.01396	0.02036	0.08014	0.45632	0.01472	0.01488	0.27017	0.01743	0.02402	0.01156	0.01386	0.00904	0.00566	0.00560	0.00169	0.00657	0.00503	0.00375	0.00895
8	0.03042	0.01256	0.02201	0.20121	0.08675	0.03277	0.30191	0.01779	0.11154	0.01766	0.01445	0.07708	0.01232	0.00672	0.00616	0.00191	0.00742	0.02872	0.00341	0.00719
9	0.01104	0.01056	0.01697	0.60151	0.03296	0.01365	0.01483	0.01418	0.01062	0.01418	0.00937	0.01435	0.00747	0.00665	0.00873	0.00202	0.19723	0.00498	0.00249	0.00623
10	0.00805	0.00600	0.00891	0.00891	0.00987	0.00696	0.00687	0.00996	0.00900	0.01296	0.01520	0.02280	0.01437	0.07768	0.74486	0.00888	0.01462	0.00613	0.00303	0.00495
11	0.01159	0.01095	0.01816	0.42083	0.27608	0.01262	0.01517	0.01481	0.01152	0.01564	0.01146	0.06957	0.01005	0.00661	0.00676	0.00188	0.07072	0.00577	0.00278	0.00701
12	0.05232	0.01196	0.01898	0.06103	0.47247	0.01175	0.01399	0.02019	0.01360	0.24715	0.01397	0.01536	0.01025	0.00564	0.00551	0.00171	0.00605	0.00513	0.00407	0.00887

[dist]
# distance from previous block
# <min> <max>
0	7

[block]
# block no. 10 follows, 42 sequences, length 12
# corresponding to MSA columns:
# 630-641
name=unknown_K
#
# <colnr> <probs for GDERKNQSTAVLIFYWHMCP>
#	G	D	E	R	K	N	Q	S	T	A	V	L	I	F	Y	W	H	M	C	P
0	0.00712	0.00530	0.00671	0.00772	0.00853	0.00488	0.00556	0.00843	0.01153	0.01490	0.03653	0.53225	0.19568	0.01660	0.00715	0.00224	0.00344	0.11551	0.00522	0.00470
1	0.02119	0.01519	0.01642	0.01269	0.01711	0.01672	0.01045	0.66469	0.06832	0.07753	0.01456	0.01427	0.01027	0.00682	0.00564	0.00170	0.00601	0.00518	0.00571	0.00953
2	0.08161	0.01148	0.01115	0.01026	0.01280	0.09964	0.00781	0.05990	0.26563	0.09738	0.06164	0.21612	0.02140	0.00985	0.00587	0.00190	0.00484	0.00828	0.00524	0.00721
3	0.00853	0.00660	0.00952	0.01216	0.11119	0.00639	0.00807	0.01038	0.01187	0.01577	0.02908	0.41501	0.06559	0.01509	0.00714	0.00229	0.00434	0.25075	0.00488	0.00536
4	0.00814	0.00588	0.00722	0.00709	0.00842	0.00554	0.00524	0.01102	0.04974	0.02038	0.47452	0.15572	0.12857	0.01217	0.00646	0.00183	0.00285	0.01068	0.07322	0.00530
5	0.01231	0.01231	0.01724	0.01477	0.01477	0.01724	0.01231	0.01354	0.00862	0.01354	0.00739	0.01231	0.00739	0.00985	0.01847	0.00246	0.79192	0.00492	0.00246	0.00616
6	0.01167	0.01000	0.01167	0.00834	0.01334	0.00750	0.00667	0.01417	0.01167	0.01834	0.01000	0.01167	0.00834	0.00417	0.00417	0.00083	0.00417	0.00333	0.00333	0.83663
7	0.01505	0.80561	0.02949	0.00963	0.01444	0.02227	0.00963	0.01685	0.01143	0.01324	0.00782	0.00903	0.00722	0.00481	0.00361	0.00120	0.00602	0.00301	0.00241	0.00722
8	0.01364	0.01308	0.02233	0.09987	0.70402	0.01330	0.01713	0.01702	0.01268	0.01804	0.01054	0.01402	0.00879	0.00507	0.00558	0.00169	0.00676	0.00501	0.00276	0.00868
9	0.01369	0.01297	0.01006	0.04713	0.01233	0.25926	0.00720	0.03314	0.03280	0.01747	0.05046	0.08648	0.01591	0.06605	0.00670	0.00182	0.00572	0.00611	0.30897	0.00572
10	0.05736	0.01008	0.01387	0.29026	0.02250	0.01086	0.03646	0.10024	0.05614	0.05473	0.01585	0.12662	0.02997	0.02569	0.00611	0.00183	0.00572	0.00661	0.00391	0.12516
11	0.12687	0.25684	0.01901	0.01177	0.01482	0.19190	0.01000	0.06849	0.03621	0.01703	0.00959	0.01257	0.00848	0.00669	0.00721	0.00168	0.16135	0.02955	0.00310	0.00685

[dist]
# distance from previous block
# <min> <max>
0	9

[block]
# block no. 11 follows, 42 sequences, length 16
# corresponding to MSA columns:
# 651-666
name=unknown_L
#
# <colnr> <probs for GDERKNQSTAVLIFYWHMCP>
#	G	D	E	R	K	N	Q	S	T	A	V	L	I	F	Y	W	H	M	C	P
0	0.01382	0.14395	0.11623	0.01097	0.01621	0.04151	0.06053	0.01679	0.01238	0.08764	0.01185	0.01305	0.02459	0.00501	0.00463	0.00122	0.00565	0.00403	0.00339	0.40656
1	0.08277	0.01236	0.01813	0.36787	0.22576	0.07366	0.06115	0.01585	0.01200	0.01655	0.01113	0.05754	0.00946	0.00606	0.00554	0.00180	0.00712	0.00545	0.00287	0.00696
2	0.02525	0.00958	0.01306	0.01001	0.01437	0.00827	0.00827	0.02743	0.01611	0.77102	0.02220	0.01915	0.01393	0.00697	0.00566	0.00174	0.00479	0.00566	0.00697	0.00958
3	0.01154	0.01501	0.17669	0.43527	0.15032	0.01292	0.08687	0.01590	0.01183	0.01608	0.01025	0.01420	0.00775	0.00539	0.00566	0.00183	0.00773	0.00498	0.00255	0.00723
4	0.01178	0.20397	0.41585	0.01386	0.02003	0.01402	0.07453	0.01623	0.01175	0.01637	0.01227	0.10923	0.01105	0.00665	0.00523	0.00168	0.00709	0.00553	0.00281	0.04006
5	0.02525	0.00958	0.01306	0.01001	0.01437	0.00827	0.00827	0.02743	0.01611	0.77102	0.02220	0.01915	0.01393	0.00697	0.00566	0.00174	0.00479	0.00566	0.00697	0.00958
6	0.00816	0.00556	0.00666	0.00666	0.00684	0.00574	0.00406	0.00852	0.00834	0.01130	0.01725	0.03417	0.01931	0.66504	0.16425	0.00610	0.00719	0.00780	0.00334	0.00370
7	0.01301	0.24585	0.52808	0.01395	0.02110	0.01542	0.01706	0.01801	0.01196	0.05275	0.01004	0.01143	0.00748	0.00528	0.00488	0.00162	0.00750	0.00391	0.00261	0.00807
8	0.01362	0.02178	0.48865	0.01462	0.02112	0.01153	0.07418	0.01861	0.01240	0.15403	0.01309	0.01531	0.00956	0.04442	0.06021	0.00245	0.00811	0.00494	0.00334	0.00804
9	0.00765	0.00570	0.00711	0.00685	0.00824	0.00516	0.00510	0.00997	0.01504	0.02068	0.58599	0.08516	0.19182	0.01237	0.00667	0.00182	0.00273	0.01082	0.00595	0.00516
10	0.01313	0.01246	0.02024	0.16829	0.34593	0.03580	0.11182	0.01780	0.08934	0.03349	0.01389	0.05452	0.01193	0.00651	0.00590	0.00183	0.00682	0.03914	0.00336	0.00780
11	0.01375	0.05823	0.02137	0.16585	0.48123	0.01375	0.03346	0.01746	0.04161	0.04655	0.01113	0.01428	0.00900	0.00551	0.00610	0.00174	0.04278	0.00501	0.00298	0.00820
12	0.02432	0.00981	0.01297	0.01000	0.01423	0.00877	0.00824	0.07671	0.01663	0.68619	0.02143	0.01885	0.01365	0.00693	0.00558	0.00172	0.00479	0.00560	0.04421	0.00938
13	0.01084	0.00941	0.01315	0.01486	0.14805	0.03982	0.01004	0.04634	0.01113	0.01552	0.01449	0.02274	0.01370	0.02588	0.40541	0.00564	0.10557	0.07802	0.00324	0.00615
14	0.01739	0.15104	0.16415	0.01393	0.01869	0.25173	0.08187	0.02164	0.08363	0.12516	0.01236	0.01309	0.00924	0.00579	0.00518	0.00160	0.00774	0.00446	0.00357	0.00775
15	0.01045	0.00905	0.01432	0.05055	0.05882	0.00902	0.14267	0.06391	0.05381	0.01832	0.07939	0.23053	0.08972	0.01158	0.00674	0.00208	0.00531	0.13288	0.00464	0.00621

[dist]
# distance from previous block
# <min> <max>
6	7

[block]
# block no. 12 follows, 42 sequences, length 18
# corresponding to MSA columns:
# 674-691
name=unknown_M
#
# <colnr> <probs for GDERKNQSTAVLIFYWHMCP>
#	G	D	E	R	K	N	Q	S	T	A	V	L	I	F	Y	W	H	M	C	P
0	0.01311	0.01046	0.01741	0.50844	0.14585	0.01183	0.03980	0.01647	0.01210	0.11768	0.01211	0.01630	0.00916	0.03820	0.00660	0.00197	0.00699	0.00528	0.00320	0.00704
