[name]
unknown

[dist]
# distance from previous block
# <min> <max>
0	63

[block]
# block no. 0 follows, 48 sequences, length 24
# corresponding to MSA columns:
# 63-86
name=unknown_A
#
# <colnr> <probs for GDERKNQSTAVLIFYWHMCP>
#	G	D	E	R	K	N	Q	S	T	A	V	L	I	F	Y	W	H	M	C	P
0	0.01490	0.07030	0.01351	0.06022	0.04739	0.08561	0.00925	0.18924	0.01506	0.13458	0.01654	0.02577	0.01482	0.00804	0.00544	0.00170	0.00550	0.22242	0.00434	0.05536
1	0.07250	0.01263	0.01545	0.11745	0.09223	0.05528	0.05729	0.29279	0.08847	0.12552	0.01280	0.01352	0.00922	0.00572	0.00504	0.00159	0.00580	0.00469	0.00426	0.00775
2	0.14705	0.01091	0.01070	0.00941	0.01185	0.08522	0.00739	0.08189	0.21987	0.02012	0.15793	0.05587	0.01826	0.00744	0.00599	0.00163	0.07590	0.00575	0.00429	0.06254
3	0.01081	0.01250	0.11551	0.01050	0.01386	0.07936	0.08267	0.05154	0.18633	0.01747	0.07734	0.04441	0.22424	0.00820	0.00546	0.00163	0.00497	0.00698	0.00413	0.04209
4	0.00651	0.00468	0.00612	0.00717	0.00761	0.00440	0.00496	0.00752	0.00997	0.01316	0.02870	0.65229	0.07305	0.06557	0.00779	0.00227	0.00325	0.08617	0.00466	0.00417
5	0.00746	0.00497	0.00560	0.00560	0.00560	0.00497	0.00311	0.00746	0.00746	0.00995	0.01617	0.03358	0.01865	0.81967	0.02612	0.00497	0.00497	0.00746	0.00311	0.00311
6	0.01117	0.12962	0.61905	0.01368	0.02030	0.01338	0.01683	0.04666	0.01116	0.01615	0.00893	0.01057	0.00661	0.00508	0.00532	0.00159	0.05048	0.00373	0.00230	0.00739
7	0.01349	0.76986	0.07780	0.00917	0.01377	0.01975	0.00946	0.01542	0.01045	0.01235	0.00727	0.00840	0.00658	0.00442	0.00340	0.00113	0.00563	0.00281	0.00219	0.00665
8	0.00800	0.04096	0.05083	0.00765	0.01008	0.00713	0.04189	0.01172	0.12688	0.01522	0.03949	0.06122	0.50631	0.01103	0.00582	0.00174	0.00359	0.04065	0.00448	0.00530
9	0.00746	0.00497	0.00560	0.00560	0.00560	0.00497	0.00311	0.00746	0.00746	0.00995	0.01617	0.03358	0.01865	0.81967	0.02612	0.00497	0.00497	0.00746	0.00311	0.00311
10	0.01056	0.05482	0.50242	0.04553	0.01952	0.04847	0.03631	0.02607	0.01146	0.01614	0.07944	0.03775	0.01231	0.00632	0.00548	0.00166	0.03115	0.04500	0.00277	0.00684
11	0.00706	0.00539	0.00650	0.00620	0.00761	0.00491	0.00466	0.00949	0.03469	0.01864	0.54992	0.04103	0.26278	0.01112	0.00603	0.00165	0.00252	0.00964	0.00538	0.00478
12	0.03640	0.04581	0.05690	0.14724	0.16656	0.07191	0.01127	0.07756	0.26027	0.01837	0.01386	0.04826	0.01115	0.00612	0.00503	0.00162	0.00563	0.00513	0.00365	0.00727
13	0.08879	0.06193	0.04715	0.04894	0.08168	0.01206	0.24824	0.10980	0.01336	0.11347	0.04874	0.01689	0.01142	0.00591	0.00552	0.00166	0.02230	0.05147	0.00363	0.00703
14	0.00659	0.00478	0.00624	0.00695	0.00762	0.00443	0.00489	0.00797	0.01123	0.01515	0.22174	0.53346	0.08607	0.01437	0.00642	0.00196	0.00289	0.04788	0.00499	0.00438
15	0.01917	0.02445	0.01454	0.01322	0.01586	0.79907	0.00991	0.02049	0.01454	0.01256	0.00793	0.00925	0.00661	0.00529	0.00463	0.00132	0.00925	0.00330	0.00264	0.00595
16	0.01062	0.01020	0.05917	0.00804	0.01278	0.00715	0.00688	0.01313	0.01065	0.01669	0.00913	0.01065	0.00753	0.00387	0.00387	0.00081	0.00403	0.00309	0.00299	0.79873
17	0.01178	0.34052	0.29997	0.01271	0.06391	0.01530	0.01293	0.01539	0.03177	0.01414	0.00880	0.01075	0.00730	0.00717	0.05460	0.00188	0.07822	0.00365	0.00233	0.00687
18	0.78103	0.01012	0.00872	0.00895	0.07899	0.01157	0.00646	0.01514	0.00899	0.02247	0.00737	0.00872	0.00579	0.00475	0.00334	0.00158	0.00416	0.00294	0.00312	0.00579
19	0.01211	0.01145	0.01940	0.02889	0.70283	0.01150	0.01467	0.01505	0.01156	0.01658	0.04066	0.01423	0.01005	0.00716	0.06014	0.00199	0.00648	0.00482	0.00268	0.00775
20	0.01354	0.01182	0.01942	0.09770	0.62185	0.01204	0.01470	0.06262	0.01252	0.06886	0.01047	0.01308	0.00835	0.00484	0.00509	0.00155	0.00602	0.00461	0.00293	0.00799
21	0.00826	0.00553	0.00624	0.00602	0.00627	0.00563	0.00357	0.05443	0.00846	0.01129	0.01564	0.03156	0.01766	0.73779	0.02458	0.03828	0.00500	0.00717	0.00320	0.00342
22	0.01327	0.33742	0.32840	0.01137	0.01685	0.01503	0.01269	0.04053	0.07955	0.08438	0.01050	0.01118	0.00796	0.00504	0.00431	0.00142	0.00610	0.00370	0.00291	0.00737
23	0.01204	0.01139	0.01813	0.33775	0.32554	0.03345	0.06052	0.07351	0.03033	0.01642	0.01028	0.02925	0.00829	0.00521	0.00518	0.00162	0.00649	0.00486	0.00275	0.00699

[dist]
# distance from previous block
# <min> <max>
0	3

[block]
# block no. 1 follows, 48 sequences, length 40
# corresponding to MSA columns:
# 90-129
name=unknown_B
#
# <colnr> <probs for GDERKNQSTAVLIFYWHMCP>
#	G	D	E	R	K	N	Q	S	T	A	V	L	I	F	Y	W	H	M	C	P
0	0.00724	0.00523	0.00684	0.00647	0.00766	0.00483	0.00484	0.00963	0.01443	0.02042	0.76908	0.05465	0.04811	0.01061	0.00606	0.00162	0.00243	0.00939	0.00563	0.00483
1	0.01646	0.11254	0.01509	0.01168	0.01473	0.38858	0.00918	0.08193	0.26452	0.01699	0.01242	0.01261	0.00973	0.00580	0.00471	0.00145	0.00683	0.00416	0.00363	0.00695
2	0.00969	0.00912	0.01539	0.80734	0.03534	0.01140	0.01425	0.01311	0.01026	0.01311	0.00912	0.01368	0.00684	0.00513	0.00513	0.00171	0.00684	0.00456	0.00228	0.00570
3	0.00652	0.00474	0.00603	0.00668	0.00730	0.00438	0.00457	0.00771	0.01083	0.01450	0.18599	0.51645	0.11904	0.07072	0.00776	0.00215	0.00296	0.01258	0.00483	0.00425
4	0.01176	0.00922	0.04148	0.01055	0.01328	0.00856	0.13140	0.10548	0.01450	0.11858	0.32512	0.06350	0.06159	0.00858	0.00630	0.00169	0.04033	0.01706	0.00480	0.00623
5	0.13531	0.00698	0.00781	0.00667	0.00917	0.00676	0.00533	0.01723	0.01192	0.30516	0.01667	0.01697	0.01190	0.00594	0.00411	0.00140	0.00335	0.00464	0.41633	0.00635
6	0.01189	0.01166	0.05250	0.10507	0.42412	0.01157	0.01299	0.03440	0.16566	0.01793	0.07687	0.01668	0.02444	0.00578	0.00520	0.00160	0.00547	0.00527	0.00338	0.00753
7	0.67188	0.01045	0.00899	0.00765	0.01102	0.01181	0.00631	0.12209	0.01137	0.08561	0.00892	0.00962	0.00657	0.00509	0.00361	0.00158	0.00424	0.00323	0.00370	0.00626
8	0.01116	0.00811	0.00938	0.00852	0.01071	0.00854	0.00660	0.03816	0.32083	0.09081	0.29240	0.06741	0.06314	0.00909	0.00567	0.00171	0.00345	0.03234	0.00541	0.00656
9	0.01410	0.01113	0.01203	0.01032	0.01325	0.01244	0.00813	0.28988	0.37560	0.02433	0.06229	0.11043	0.01717	0.00793	0.00539	0.00170	0.00441	0.00660	0.00516	0.00769
10	0.00734	0.00526	0.00715	0.00720	0.00775	0.00578	0.00510	0.00844	0.00802	0.01122	0.01526	0.05816	0.01590	0.33241	0.47469	0.00676	0.00999	0.00661	0.00297	0.00401
11	0.13036	0.13979	0.50962	0.01256	0.01866	0.07543	0.01488	0.01629	0.01077	0.01630	0.00852	0.00998	0.00639	0.00482	0.00439	0.00152	0.00690	0.00346	0.00235	0.00702
12	0.00779	0.00507	0.00630	0.00681	0.00780	0.00487	0.00523	0.00974	0.01150	0.01666	0.16284	0.23830	0.07278	0.01171	0.00575	0.00180	0.00311	0.18375	0.23359	0.00460
13	0.01286	0.37663	0.33845	0.01260	0.05285	0.05452	0.01337	0.05729	0.01160	0.01513	0.00842	0.00977	0.00674	0.00474	0.00419	0.00137	0.00657	0.00339	0.00238	0.00715
14	0.00652	0.00468	0.00616	0.00724	0.00769	0.00441	0.00504	0.00756	0.01003	0.01325	0.02878	0.65941	0.06970	0.05152	0.00746	0.00223	0.00324	0.09623	0.00469	0.00419
15	0.00746	0.00572	0.00699	0.00756	0.00858	0.00567	0.00550	0.01066	0.12279	0.01523	0.08967	0.46831	0.12451	0.01374	0.00631	0.00198	0.00322	0.08634	0.00490	0.00487
16	0.00640	0.00469	0.00601	0.00678	0.00741	0.00430	0.00467	0.00759	0.01084	0.01443	0.15666	0.59007	0.13174	0.01476	0.00641	0.00196	0.00284	0.01323	0.00491	0.00430
17	0.01372	0.82276	0.02689	0.00878	0.01317	0.02030	0.00878	0.01536	0.01043	0.01207	0.00713	0.00823	0.00658	0.00439	0.00329	0.00110	0.00549	0.00274	0.00219	0.00658
18	0.00659	0.00542	0.00580	0.00571	0.00730	0.00483	0.00425	0.00848	0.03982	0.01475	0.14290	0.04483	0.59228	0.05075	0.04164	0.00215	0.00323	0.01005	0.00473	0.00449
19	0.01842	0.02233	0.01507	0.01336	0.01592	0.67384	0.03596	0.01986	0.01390	0.04489	0.00842	0.00992	0.00691	0.00561	0.00572	0.00142	0.07603	0.00357	0.00276	0.00607
20	0.01664	0.01183	0.01258	0.01002	0.01334	0.01301	0.00815	0.53600	0.07360	0.02840	0.01398	0.01444	0.01028	0.00617	0.00477	0.00147	0.00475	0.00474	0.20810	0.00773
21	0.01141	0.18969	0.56166	0.01377	0.02043	0.01384	0.06427	0.04010	0.01125	0.01591	0.00895	0.01053	0.00667	0.00478	0.00463	0.00152	0.00716	0.00375	0.00229	0.00737
22	0.00650	0.00508	0.00589	0.00596	0.00727	0.00447	0.00437	0.00810	0.01231	0.01598	0.29344	0.18172	0.40519	0.01270	0.00615	0.00176	0.00261	0.01098	0.00506	0.00447
23	0.00743	0.00533	0.00744	0.00744	0.00810	0.00596	0.00543	0.00870	0.00804	0.01143	0.01437	0.02373	0.01436	0.25133	0.56258	0.02181	0.01102	0.00601	0.01536	0.00414
24	0.01233	0.04940	0.09538	0.19517	0.05840	0.07018	0.06460	0.08679	0.05947	0.01707	0.01009	0.01216	0.00783	0.00485	0.00469	0.00136	0.00602	0.00408	0.00298	0.23715
25	0.00771	0.00516	0.00667	0.00705	0.00807	0.00479	0.00524	0.00941	0.01190	0.05062	0.25039	0.34216	0.10444	0.01298	0.00622	0.00189	0.00305	0.11104	0.04653	0.00469
26	0.04677	0.03237	0.01815	0.25793	0.37079	0.01169	0.05663	0.01489	0.01106	0.04217	0.01003	0.02961	0.00822	0.00509	0.00527	0.00158	0.02446	0.00469	0.00268	0.04593
27	0.04079	0.02571	0.16831	0.01520	0.10660	0.01013	0.18774	0.01669	0.03057	0.15617	0.14507	0.01933	0.01625	0.00629	0.00543	0.00165	0.00587	0.03129	0.00385	0.00706
28	0.17277	0.15465	0.06853	0.01123	0.01437	0.32827	0.00960	0.03750	0.02416	0.02937	0.00814	0.00963	0.00673	0.00551	0.00560	0.00148	0.10010	0.00339	0.00276	0.00621
29	0.01226	0.38379	0.41291	0.01187	0.01786	0.01587	0.01396	0.05063	0.01126	0.01511	0.00842	0.00973	0.00664	0.00472	0.00418	0.00138	0.00655	0.00336	0.00232	0.00719
30	0.05332	0.01267	0.07469	0.17833	0.47348	0.01206	0.09058	0.01531	0.01125	0.01629	0.00947	0.01266	0.00760	0.00469	0.00508	0.00159	0.00650	0.00457	0.00250	0.00737
31	0.00702	0.00501	0.00605	0.02212	0.00724	0.00483	0.00424	0.00779	0.00945	0.01244	0.08475	0.24468	0.12670	0.38463	0.01544	0.00334	0.00396	0.04249	0.00402	0.00381
32	0.09038	0.01131	0.01210	0.01041	0.01343	0.01295	0.00829	0.14357	0.49095	0.07727	0.01743	0.01651	0.01293	0.00671	0.00568	0.00171	0.05034	0.00522	0.00493	0.00789
33	0.00657	0.00477	0.00586	0.00646	0.00703	0.00442	0.00431	0.00752	0.01018	0.01343	0.11290	0.45601	0.15350	0.17043	0.01020	0.00253	0.00324	0.01202	0.00454	0.00406
34	0.01303	0.00676	0.00905	0.04083	0.01099	0.00633	0.00648	0.01564	0.03739	0.28065	0.33180	0.06626	0.02954	0.00911	0.00568	0.00168	0.00354	0.07199	0.04701	0.00625
35	0.00633	0.00462	0.00590	0.00681	0.00732	0.00426	0.00460	0.00733	0.01024	0.01350	0.07395	0.64844	0.12702	0.04491	0.00718	0.00212	0.00297	0.01356	0.00475	0.00419
36	0.01856	0.00804	0.01068	0.00854	0.01177	0.00720	0.00692	0.03806	0.03918	0.55140	0.21664	0.02276	0.02188	0.00743	0.00539	0.00160	0.00389	0.00623	0.00611	0.00771
37	0.01777	0.01401	0.01553	0.04921	0.06055	0.04413	0.01034	0.57875	0.05486	0.02795	0.01185	0.01252	0.00870	0.00623	0.00594	0.00160	0.06271	0.00461	0.00456	0.00821
38	0.01374	0.01197	0.01212	0.01071	0.01372	0.04883	0.00837	0.10250	0.66701	0.02216	0.01942	0.01800	0.01455	0.00680	0.00519	0.00170	0.00446	0.00557	0.00509	0.00808
39	0.00656	0.00479	0.00629	0.00718	0.00778	0.00436	0.00486	0.00755	0.00988	0.01335	0.02693	0.75933	0.03207	0.01521	0.00635	0.00199	0.00304	0.01377	0.00464	0.06407

[dist]
# distance from previous block
# <min> <max>
0	2

[block]
# block no. 2 follows, 48 sequences, length 11
# corresponding to MSA columns:
# 132-142
name=unknown_C
#
# <colnr> <probs for GDERKNQSTAVLIFYWHMCP>
#	G	D	E	R	K	N	Q	S	T	A	V	L	I	F	Y	W	H	M	C	P
0	0.01426	0.48617	0.20114	0.01061	0.01556	0.07891	0.01116	0.04309	0.01165	0.07259	0.00885	0.00975	0.00710	0.00478	0.00397	0.00129	0.00619	0.00328	0.00264	0.00700
1	0.77716	0.01129	0.00820	0.00736	0.01048	0.08564	0.00597	0.01559	0.00928	0.02204	0.00722	0.00842	0.00566	0.00481	0.00331	0.00156	0.00447	0.00283	0.00313	0.00559
2	0.04752	0.07402	0.04948	0.11877	0.22590	0.01362	0.08577	0.21092	0.06772	0.04040	0.01109	0.01282	0.00844	0.00525	0.00499	0.00156	0.00607	0.00459	0.00345	0.00763
3	0.01104	0.01082	0.08949	0.04095	0.03958	0.00813	0.00818	0.01484	0.08549	0.04760	0.01204	0.06671	0.01025	0.00523	0.00438	0.00113	0.00437	0.00436	0.00337	0.53206
4	0.01526	0.45291	0.09646	0.00995	0.01441	0.01649	0.00967	0.11508	0.08983	0.11838	0.01110	0.01132	0.00857	0.00518	0.00412	0.00133	0.00542	0.00371	0.00342	0.00739
5	0.01392	0.46866	0.02006	0.00880	0.01280	0.01515	0.00806	0.07229	0.01169	0.09015	0.00979	0.01102	0.00813	0.00804	0.08356	0.00184	0.00595	0.00344	0.00301	0.14364
6	0.39369	0.11790	0.09143	0.01071	0.06522	0.01312	0.00904	0.01464	0.00936	0.01816	0.00760	0.00954	0.00632	0.00537	0.00591	0.00157	0.14447	0.00331	0.00273	0.06990
7	0.01262	0.01046	0.06517	0.01038	0.01343	0.00974	0.08400	0.08892	0.22998	0.11976	0.09017	0.04656	0.08666	0.08860	0.00756	0.00202	0.00474	0.01779	0.00466	0.00680
8	0.01111	0.00715	0.00912	0.00818	0.00975	0.00761	0.00621	0.14229	0.01200	0.09157	0.09154	0.02235	0.01639	0.16217	0.30791	0.07157	0.00802	0.00595	0.00383	0.00529
9	0.01254	0.17876	0.01653	0.03315	0.10201	0.09921	0.06046	0.09583	0.05222	0.01675	0.12160	0.01736	0.01488	0.04697	0.10762	0.00248	0.00676	0.00515	0.00339	0.00634
10	0.17889	0.08880	0.04898	0.01304	0.01690	0.04547	0.24635	0.03688	0.02765	0.01749	0.03946	0.01320	0.02796	0.00538	0.00575	0.00155	0.07573	0.00460	0.00298	0.10295

[dist]
# distance from previous block
# <min> <max>
0	14

[block]
# block no. 3 follows, 48 sequences, length 22
# corresponding to MSA columns:
# 157-178
name=unknown_D
#
# <colnr> <probs for GDERKNQSTAVLIFYWHMCP>
#	G	D	E	R	K	N	Q	S	T	A	V	L	I	F	Y	W	H	M	C	P
0	0.03908	0.01727	0.31352	0.05127	0.27163	0.01184	0.01493	0.09789	0.01272	0.05356	0.02781	0.01256	0.00854	0.00507	0.00492	0.00155	0.00632	0.00429	0.00295	0.04226
1	0.06686	0.01128	0.06383	0.00989	0.04039	0.03189	0.00804	0.07099	0.10971	0.03558	0.05436	0.03016	0.01138	0.00547	0.00492	0.00125	0.03740	0.00429	0.00361	0.39867
2	0.01634	0.01311	0.01335	0.01111	0.01454	0.06182	0.00887	0.33063	0.39118	0.05785	0.01656	0.01568	0.01215	0.00651	0.00515	0.00163	0.00504	0.00514	0.00508	0.00826
3	0.00625	0.00447	0.00595	0.00714	0.00744	0.00417	0.00476	0.00714	0.00982	0.01310	0.02828	0.81633	0.03394	0.01608	0.00655	0.00208	0.00298	0.01459	0.00476	0.00417
4	0.01405	0.00658	0.00894	0.00835	0.01042	0.00592	0.00649	0.01563	0.01228	0.36229	0.02452	0.35400	0.02381	0.01145	0.00600	0.00190	0.00384	0.11177	0.00547	0.00629
5	0.01441	0.72443	0.02543	0.00924	0.01350	0.06756	0.00891	0.06202	0.01152	0.01335	0.00750	0.00854	0.00672	0.00455	0.00349	0.00114	0.00573	0.00289	0.00240	0.00668
6	0.01414	0.06695	0.01933	0.23006	0.10093	0.23537	0.16297	0.04752	0.01261	0.03149	0.00928	0.01199	0.00728	0.00506	0.00530	0.00155	0.02460	0.00440	0.00267	0.00650
7	0.00734	0.00547	0.00813	0.00813	0.00900	0.00635	0.00626	0.00909	0.00821	0.01182	0.01385	0.02077	0.01309	0.07396	0.76423	0.00810	0.01335	0.00559	0.00277	0.00451
8	0.01209	0.44336	0.39199	0.01156	0.01748	0.01631	0.01363	0.01579	0.01062	0.01406	0.00812	0.00947	0.00654	0.00462	0.00405	0.00135	0.00649	0.00324	0.00218	0.00706
9	0.00733	0.00550	0.00825	0.00825	0.00916	0.00641	0.00641	0.00916	0.00825	0.01191	0.01374	0.02016	0.01283	0.03848	0.79934	0.00825	0.01374	0.00550	0.00275	0.00458
10	0.28809	0.00705	0.00738	0.00667	0.00876	0.00726	0.00523	0.01291	0.01239	0.08692	0.41473	0.02545	0.02901	0.00796	0.00487	0.00158	0.00309	0.00650	0.05873	0.00540
11	0.00890	0.00662	0.00873	0.00959	0.01101	0.00686	0.00825	0.01296	0.11903	0.01621	0.02629	0.05246	0.02759	0.01317	0.00683	0.00228	0.00463	0.64861	0.00479	0.00520
12	0.00944	0.00844	0.01197	0.01081	0.01126	0.01116	0.00879	0.01093	0.00815	0.01243	0.01024	0.01549	0.00969	0.02188	0.36156	0.00485	0.42582	0.00495	0.03703	0.00512
13	0.85592	0.00992	0.00754	0.00675	0.00992	0.01151	0.00556	0.01508	0.00873	0.02302	0.00714	0.00834	0.00556	0.00476	0.00318	0.00159	0.00397	0.00278	0.00318	0.00556
14	0.01098	0.01024	0.01679	0.35351	0.35841	0.01127	0.01372	0.01483	0.05812	0.01584	0.07614	0.01569	0.01148	0.00546	0.00519	0.00162	0.00597	0.00504	0.00286	0.00683
15	0.00788	0.00539	0.00700	0.00651	0.00786	0.00493	0.00491	0.01023	0.01440	0.05333	0.71742	0.03796	0.08180	0.01043	0.00601	0.00162	0.00251	0.00918	0.00564	0.00498
16	0.00742	0.00513	0.00636	0.00636	0.00663	0.00539	0.00407	0.00795	0.00769	0.01052	0.01547	0.02969	0.01697	0.59365	0.24984	0.00592	0.00751	0.00689	0.00300	0.00354
17	0.01255	0.12159	0.10253	0.06332	0.21178	0.04535	0.22744	0.06691	0.01231	0.01644	0.01080	0.06552	0.00928	0.00544	0.00518	0.00158	0.00683	0.00529	0.00279	0.00708
18	0.00732	0.00567	0.00771	0.00769	0.00872	0.00616	0.00598	0.00899	0.00957	0.01303	0.06783	0.03086	0.17586	0.07165	0.44520	0.00557	0.04317	0.07102	0.00350	0.00452
19	0.01314	0.27373	0.20199	0.01517	0.11826	0.06284	0.11106	0.08060	0.01221	0.01590	0.00924	0.01163	0.00762	0.03917	0.00546	0.00157	0.00669	0.00405	0.00260	0.00706
20	0.01059	0.00978	0.01423	0.01210	0.01312	0.01234	0.07133	0.06718	0.00964	0.01402	0.01137	0.01610	0.04073	0.04460	0.21002	0.00372	0.42559	0.00524	0.00274	0.00555
21	0.01177	0.01365	0.20466	0.01769	0.24737	0.00976	0.08377	0.01520	0.01206	0.10623	0.10982	0.08441	0.04717	0.00686	0.00541	0.00164	0.00564	0.00626	0.00355	0.00706

[dist]
# distance from previous block
# <min> <max>
0	11

[block]
# block no. 4 follows, 48 sequences, length 27
# corresponding to MSA columns:
# 190-216
name=unknown_E
#
# <colnr> <probs for GDERKNQSTAVLIFYWHMCP>
#	G	D	E	R	K	N	Q	S	T	A	V	L	I	F	Y	W	H	M	C	P
0	0.38572	0.19141	0.10860	0.04918	0.01473	0.08058	0.04588	0.01556	0.01020	0.01784	0.00840	0.01093	0.00698	0.00506	0.00390	0.00150	0.00558	0.02906	0.00277	0.00610
1	0.20688	0.04554	0.01398	0.04042	0.01523	0.26321	0.04643	0.13302	0.12198	0.01938	0.01034	0.01134	0.00804	0.00560	0.00498	0.00154	0.03807	0.00395	0.00346	0.00664
2	0.01177	0.01099	0.04136	0.04485	0.12866	0.08910	0.05544	0.01658	0.15288	0.05455	0.09829	0.02666	0.05944	0.00800	0.00555	0.00172	0.00520	0.13659	0.04593	0.00644
3	0.00797	0.00542	0.00695	0.00647	0.00788	0.00493	0.00489	0.01025	0.01424	0.06054	0.66922	0.03836	0.12236	0.01053	0.00601	0.00162	0.00254	0.00922	0.00559	0.00499
4	0.01484	0.01293	0.19663	0.01137	0.01561	0.00899	0.09113	0.04871	0.03598	0.30119	0.12112	0.08638	0.01732	0.00719	0.00543	0.00166	0.00524	0.00630	0.00465	0.00733
5	0.00637	0.00515	0.00566	0.00566	0.00715	0.00444	0.00420	0.00790	0.01222	0.01542	0.22665	0.10954	0.54640	0.01264	0.00610	0.00173	0.00259	0.01076	0.00498	0.00444
6	0.01158	0.03848	0.01420	0.01176	0.03624	0.00933	0.13632	0.04586	0.01081	0.11996	0.01428	0.02094	0.01266	0.08608	0.28589	0.00431	0.07138	0.06063	0.00343	0.00587
7	0.01399	0.00675	0.00862	0.00738	0.00991	0.00587	0.00580	0.01578	0.01344	0.36726	0.17653	0.09589	0.23193	0.00976	0.00569	0.00167	0.00340	0.00827	0.00565	0.00641
8	0.01951	0.01437	0.01540	0.01181	0.01591	0.01591	0.00975	0.77056	0.02412	0.03234	0.01232	0.01232	0.00873	0.00616	0.00513	0.00154	0.00565	0.00462	0.00513	0.00873
9	0.00773	0.00555	0.00685	0.00668	0.00684	0.00607	0.00433	0.00814	0.00763	0.01048	0.01500	0.02946	0.01669	0.61804	0.16245	0.00534	0.06927	0.00688	0.00298	0.00357
10	0.85592	0.00992	0.00754	0.00675	0.00992	0.01151	0.00556	0.01508	0.00873	0.02302	0.00714	0.00834	0.00556	0.00476	0.00318	0.00159	0.00397	0.00278	0.00318	0.00556
11	0.85592	0.00992	0.00754	0.00675	0.00992	0.01151	0.00556	0.01508	0.00873	0.02302	0.00714	0.00834	0.00556	0.00476	0.00318	0.00159	0.00397	0.00278	0.00318	0.00556
12	0.00625	0.00447	0.00595	0.00714	0.00744	0.00417	0.00476	0.00714	0.00982	0.01310	0.02828	0.81633	0.03394	0.01608	0.00655	0.00208	0.00298	0.01459	0.00476	0.00417
13	0.00625	0.00447	0.00595	0.00714	0.00744	0.00417	0.00476	0.00714	0.00982	0.01310	0.02828	0.81633	0.03394	0.01608	0.00655	0.00208	0.00298	0.01459	0.00476	0.00417
14	0.00944	0.00596	0.00815	0.00892	0.01028	0.00586	0.00765	0.01171	0.01186	0.07602	0.02578	0.08577	0.02701	0.01295	0.00661	0.00219	0.00442	0.59725	0.07716	0.00502
15	0.01159	0.00957	0.01493	0.31492	0.10927	0.01055	0.09642	0.11495	0.01262	0.01804	0.01174	0.01483	0.00899	0.00533	0.00483	0.00153	0.00564	0.00480	0.22318	0.00628
16	0.00625	0.00447	0.00595	0.00714	0.00744	0.00417	0.00476	0.00714	0.00982	0.01310	0.02828	0.81633	0.03394	0.01608	0.00655	0.00208	0.00298	0.01459	0.00476	0.00417
17	0.01106	0.01256	0.14114	0.30059	0.10497	0.01139	0.01265	0.06455	0.16125	0.01769	0.09780	0.01682	0.01337	0.00605	0.00520	0.00166	0.00577	0.00520	0.00342	0.00683
18	0.85592	0.00992	0.00754	0.00675	0.00992	0.01151	0.00556	0.01508	0.00873	0.02302	0.00714	0.00834	0.00556	0.00476	0.00318	0.00159	0.00397	0.00278	0.00318	0.00556
19	0.01238	0.51200	0.32594	0.01106	0.01670	0.01703	0.01275	0.01571	0.01058	0.01370	0.00794	0.00925	0.00655	0.00458	0.00391	0.00130	0.00631	0.00315	0.00218	0.00697
20	0.01165	0.01333	0.05421	0.09977	0.06335	0.01256	0.57157	0.01568	0.01169	0.01592	0.01071	0.01533	0.00849	0.00500	0.00631	0.00176	0.03769	0.03561	0.00262	0.00674
21	0.01219	0.01137	0.07122	0.41029	0.14889	0.01157	0.03544	0.07928	0.04947	0.07344	0.01157	0.01538	0.00890	0.00560	0.00521	0.00168	0.00633	0.03225	0.00310	0.00682
22	0.01142	0.01144	0.01675	0.01461	0.04490	0.01524	0.06507	0.01350	0.04576	0.01326	0.00780	0.01185	0.00730	0.00838	0.01505	0.00216	0.68250	0.00467	0.00243	0.00593
23	0.00642	0.00466	0.00608	0.00704	0.00757	0.00432	0.00487	0.00754	0.01045	0.01387	0.09011	0.65174	0.09902	0.01528	0.00650	0.00203	0.00299	0.05044	0.00483	0.00426
24	0.01469	0.04989	0.13931	0.09845	0.04550	0.04255	0.01115	0.07002	0.04968	0.21215	0.03163	0.05308	0.01114	0.00681	0.00703	0.00171	0.13912	0.00511	0.00385	0.00713
25	0.11704	0.01422	0.01368	0.04849	0.07859	0.23390	0.04382	0.11602	0.04396	0.06724	0.01322	0.05085	0.01168	0.00700	0.00538	0.00165	0.02548	0.09758	0.00368	0.00651
26	0.00638	0.00516	0.00559	0.00557	0.00705	0.00445	0.00410	0.00783	0.01200	0.01503	0.19855	0.08446	0.56594	0.04661	0.00693	0.00186	0.00268	0.01056	0.00487	0.00438

[dist]
# distance from previous block
# <min> <max>
0	6

[block]
# block no. 5 follows, 48 sequences, length 11
# corresponding to MSA columns:
# 223-233
name=unknown_F
#
# <colnr> <probs for GDERKNQSTAVLIFYWHMCP>
#	G	D	E	R	K	N	Q	S	T	A	V	L	I	F	Y	W	H	M	C	P
0	0.01110	0.03359	0.18995	0.01430	0.10441	0.01175	0.04444	0.09833	0.01186	0.01689	0.06858	0.14798	0.01468	0.00821	0.00816	0.00182	0.19779	0.00642	0.00327	0.00648
1	0.05496	0.01108	0.00940	0.00852	0.01082	0.20658	0.00640	0.01266	0.01183	0.01520	0.10955	0.16962	0.10506	0.01014	0.04584	0.00179	0.00525	0.00701	0.00376	0.19454
2	0.15729	0.68420	0.02359	0.00843	0.01262	0.01880	0.00823	0.01532	0.01014	0.01394	0.00714	0.00825	0.00641	0.00445	0.00327	0.00118	0.00523	0.00275	0.00236	0.00641
3	0.01408	0.08288	0.01445	0.01111	0.01424	0.01218	0.06255	0.21680	0.21057	0.07086	0.01824	0.02587	0.01585	0.00815	0.00556	0.00178	0.00512	0.19780	0.00469	0.00722
4	0.01074	0.05310	0.04535	0.51471	0.07092	0.03372	0.03777	0.01482	0.06640	0.01440	0.00991	0.01324	0.00762	0.00504	0.00492	0.00157	0.00641	0.00440	0.00259	0.08235
5	0.00669	0.00504	0.00607	0.00617	0.00725	0.00455	0.00442	0.00826	0.01212	0.01613	0.34125	0.21557	0.26258	0.07129	0.00762	0.00200	0.00278	0.01080	0.00500	0.00441
6	0.00735	0.00542	0.00784	0.00784	0.00862	0.00620	0.00591	0.00890	0.00813	0.01161	0.01411	0.02219	0.01371	0.15680	0.68223	0.00775	0.01242	0.00580	0.00280	0.00436
7	0.00952	0.00545	0.00610	0.00611	0.00743	0.00534	0.00450	0.01230	0.06517	0.06694	0.04604	0.21255	0.07838	0.00916	0.00478	0.00153	0.00279	0.00782	0.44300	0.00509
8	0.00636	0.00451	0.00592	0.00701	0.00728	0.00424	0.00461	0.00717	0.00961	0.01281	0.02719	0.74579	0.03256	0.08849	0.00831	0.00234	0.00316	0.01394	0.00461	0.00407
9	0.00651	0.00498	0.00592	0.00656	0.00753	0.00451	0.00476	0.00770	0.01068	0.01349	0.03690	0.36029	0.33484	0.06606	0.00768	0.00216	0.00318	0.10736	0.00465	0.00424
10	0.01067	0.01013	0.01717	0.55344	0.28154	0.01166	0.01474	0.01397	0.01073	0.01431	0.00929	0.01336	0.00726	0.00495	0.00511	0.00165	0.00660	0.00456	0.00237	0.00649

[dist]
# distance from previous block
# <min> <max>
0	11

# created by:
# /home/berkeley/.conda/envs/busco_data_prod/bin/msa2prfl.pl pipeline/OGs_align_augustus/33634/112270.fs
