[name]
unknown

[dist]
# distance from previous block
# <min> <max>
0	293

[block]
# block no. 0 follows, 43 sequences, length 47
# corresponding to MSA columns:
# 293-303,327-362
name=unknown_A
#
# <colnr> <probs for GDERKNQSTAVLIFYWHMCP>
#	G	D	E	R	K	N	Q	S	T	A	V	L	I	F	Y	W	H	M	C	P
0	0.00929	0.00681	0.00901	0.00990	0.01140	0.00685	0.00853	0.03807	0.03807	0.01729	0.03104	0.05848	0.09957	0.01461	0.00740	0.00243	0.00490	0.61587	0.00514	0.00534
1	0.01961	0.01475	0.01603	0.04011	0.01750	0.01629	0.01038	0.62892	0.09374	0.03239	0.01390	0.01397	0.01000	0.00659	0.00549	0.00166	0.00590	0.00504	0.00535	0.04238
2	0.01050	0.01105	0.06522	0.74241	0.03724	0.01234	0.01571	0.01437	0.01111	0.01437	0.00985	0.01457	0.00736	0.00552	0.00552	0.00184	0.00743	0.00487	0.00245	0.00628
3	0.01234	0.00982	0.01157	0.00831	0.01319	0.00743	0.00666	0.01478	0.01176	0.06643	0.01061	0.01196	0.00856	0.00428	0.00420	0.00088	0.00414	0.00343	0.00351	0.78615
4	0.01111	0.02865	0.77667	0.01579	0.02397	0.01286	0.02046	0.01754	0.01169	0.01754	0.00994	0.01169	0.00702	0.00526	0.00526	0.00175	0.00818	0.00409	0.00234	0.00818
5	0.04084	0.00987	0.03522	0.03862	0.04297	0.01138	0.00956	0.02681	0.05834	0.04580	0.01752	0.29391	0.01864	0.01149	0.01085	0.00219	0.30731	0.00876	0.00388	0.00604
6	0.01203	0.01027	0.04179	0.01018	0.01326	0.00992	0.06268	0.07410	0.25955	0.06903	0.13062	0.03126	0.23309	0.00947	0.00606	0.00182	0.00437	0.00810	0.00529	0.00710
7	0.35499	0.01210	0.01170	0.03788	0.01422	0.05470	0.00832	0.18721	0.04517	0.12777	0.01371	0.01716	0.01085	0.00683	0.00486	0.00178	0.00526	0.07361	0.00456	0.00731
8	0.01314	0.01007	0.01232	0.00949	0.01332	0.00915	0.00763	0.03376	0.03730	0.10291	0.01243	0.05428	0.01051	0.00609	0.00652	0.00128	0.11741	0.00456	0.00379	0.53404
9	0.01529	0.00972	0.01187	0.00867	0.01341	0.00760	0.00701	0.01766	0.01273	0.23367	0.01327	0.01358	0.00977	0.00489	0.00452	0.00107	0.00428	0.00393	0.00430	0.60274
10	0.06809	0.05305	0.43765	0.01400	0.02049	0.01360	0.04058	0.16745	0.01493	0.10168	0.01170	0.01260	0.00820	0.00566	0.00521	0.00171	0.00709	0.00440	0.00355	0.00836
11	0.01005	0.05148	0.00953	0.00899	0.01023	0.15891	0.00653	0.01129	0.01195	0.01427	0.04797	0.46837	0.08655	0.02874	0.02108	0.00218	0.00496	0.03737	0.00450	0.00506
12	0.00803	0.00548	0.00659	0.00659	0.00677	0.00567	0.00404	0.00840	0.00822	0.01114	0.01695	0.03348	0.01894	0.65964	0.17227	0.00604	0.00718	0.00765	0.00328	0.00366
13	0.00791	0.00593	0.00890	0.00890	0.00989	0.00692	0.00692	0.00989	0.00890	0.01286	0.01483	0.02176	0.01385	0.04154	0.78341	0.00890	0.01483	0.00593	0.00297	0.00494
14	0.01846	0.32263	0.02074	0.01245	0.01602	0.49488	0.01024	0.02002	0.01401	0.01336	0.00823	0.00957	0.00712	0.00534	0.00445	0.00134	0.00845	0.00334	0.00267	0.00668
15	0.01439	0.16629	0.40430	0.01334	0.01956	0.01380	0.03935	0.06616	0.02705	0.12873	0.03461	0.02649	0.01023	0.00589	0.00513	0.00165	0.00685	0.00465	0.00345	0.00809
16	0.01340	0.01260	0.02029	0.06453	0.60220	0.01298	0.01535	0.01853	0.12421	0.01879	0.03431	0.01560	0.01119	0.00553	0.00554	0.00169	0.00617	0.00528	0.00326	0.00855
17	0.01102	0.02775	0.74568	0.01556	0.02347	0.01260	0.02000	0.01729	0.01174	0.01750	0.01072	0.01374	0.00802	0.00567	0.00536	0.00179	0.00806	0.03353	0.00245	0.00806
18	0.02450	0.00999	0.01320	0.01012	0.01442	0.00898	0.00836	0.09438	0.01680	0.70593	0.02105	0.01833	0.01331	0.00684	0.00557	0.00171	0.00484	0.00552	0.00673	0.00942
19	0.01804	0.01099	0.01625	0.24389	0.16695	0.01140	0.01225	0.10782	0.01504	0.31834	0.01512	0.01600	0.01040	0.00608	0.00554	0.00173	0.00602	0.00519	0.00462	0.00834
20	0.01409	0.01328	0.02217	0.03288	0.73122	0.01337	0.01666	0.05563	0.01332	0.01898	0.01057	0.01369	0.00881	0.00502	0.00549	0.00165	0.00655	0.00494	0.00289	0.00881
21	0.00791	0.00593	0.00890	0.00890	0.00989	0.00692	0.00692	0.00989	0.00890	0.01286	0.01483	0.02176	0.01385	0.04154	0.78341	0.00890	0.01483	0.00593	0.00297	0.00494
22	0.01935	0.14818	0.01691	0.01220	0.01559	0.37382	0.00977	0.02289	0.11488	0.16824	0.01294	0.01310	0.00977	0.00616	0.00540	0.00154	0.03360	0.00428	0.00394	0.00744
23	0.01961	0.01599	0.01653	0.04960	0.05752	0.09564	0.01098	0.55147	0.07744	0.03000	0.01318	0.01358	0.00960	0.00647	0.00549	0.00166	0.00646	0.00493	0.00498	0.00888
24	0.02055	0.01746	0.01596	0.01277	0.01674	0.18290	0.01030	0.56451	0.02322	0.02970	0.01246	0.01287	0.00911	0.00644	0.00536	0.00160	0.00680	0.00469	0.03797	0.00860
25	0.02072	0.01535	0.01643	0.01268	0.01705	0.01702	0.01045	0.71924	0.05969	0.03437	0.01372	0.01363	0.00976	0.00669	0.00554	0.00167	0.00602	0.00504	0.00554	0.00939
26	0.01046	0.00984	0.01661	0.79205	0.03814	0.01230	0.01538	0.01415	0.01107	0.01415	0.00984	0.01477	0.00738	0.00554	0.00554	0.00185	0.00738	0.00492	0.00246	0.00615
27	0.00748	0.00591	0.00691	0.00740	0.00904	0.00534	0.00605	0.00933	0.01267	0.01559	0.04563	0.05689	0.48052	0.01452	0.00698	0.00214	0.00370	0.29394	0.00513	0.00484
28	0.00769	0.00658	0.00873	0.08832	0.01214	0.00616	0.04503	0.00983	0.01318	0.01673	0.20837	0.04503	0.45459	0.01211	0.00649	0.00187	0.00368	0.04340	0.00496	0.00512
29	0.21053	0.03990	0.01663	0.04982	0.27007	0.07840	0.04523	0.06399	0.01248	0.01940	0.01164	0.09353	0.01069	0.00670	0.00577	0.00175	0.04752	0.00548	0.00331	0.00715
30	0.00711	0.00563	0.00640	0.00621	0.00783	0.00492	0.00465	0.00905	0.01396	0.01814	0.36866	0.04806	0.45402	0.01284	0.00654	0.00181	0.00272	0.01095	0.00556	0.00492
31	0.01307	0.01494	0.03268	0.02334	0.02894	0.01401	0.75070	0.01774	0.01307	0.01774	0.01120	0.01494	0.00840	0.00467	0.00654	0.00187	0.00934	0.00654	0.00280	0.00747
32	0.01791	0.05691	0.12738	0.15268	0.02183	0.08539	0.08408	0.07926	0.01468	0.28373	0.01425	0.01489	0.00978	0.00594	0.00545	0.00170	0.00682	0.00496	0.00430	0.00806
33	0.01190	0.12380	0.55832	0.01627	0.02359	0.01419	0.14173	0.01745	0.01187	0.01701	0.00987	0.01189	0.00726	0.00510	0.00526	0.00170	0.00810	0.00436	0.00242	0.00793
34	0.00662	0.00534	0.00589	0.00634	0.00767	0.00461	0.00453	0.00787	0.01193	0.01468	0.04727	0.31185	0.51572	0.01517	0.00673	0.00200	0.00295	0.01309	0.00514	0.00461
35	0.02002	0.01199	0.01381	0.01115	0.01509	0.01261	0.00903	0.23373	0.27114	0.31004	0.01966	0.01789	0.01357	0.00702	0.00558	0.00175	0.00499	0.00564	0.00607	0.00920
36	0.01545	0.18578	0.20477	0.04303	0.03781	0.19362	0.05400	0.07842	0.02628	0.04707	0.01079	0.02784	0.00868	0.00707	0.03475	0.00184	0.00791	0.00439	0.00308	0.00741
37	0.01046	0.00984	0.01661	0.79205	0.03814	0.01230	0.01538	0.01415	0.01107	0.01415	0.00984	0.01477	0.00738	0.00554	0.00554	0.00185	0.00738	0.00492	0.00246	0.00615
38	0.02231	0.00868	0.01151	0.00903	0.01280	0.00762	0.00739	0.02453	0.01511	0.64291	0.02119	0.01916	0.01379	0.00678	0.00527	0.00164	0.00434	0.00550	0.15175	0.00868
39	0.00676	0.00554	0.00597	0.00615	0.00775	0.00475	0.00457	0.00824	0.01262	0.01551	0.11114	0.14868	0.59056	0.01427	0.00665	0.00193	0.00292	0.03606	0.00522	0.00471
40	0.01149	0.10925	0.69942	0.01513	0.02296	0.01380	0.01933	0.01744	0.01165	0.01707	0.00971	0.01140	0.00703	0.00521	0.00509	0.00170	0.00795	0.00398	0.00234	0.00807
41	0.00683	0.00488	0.00652	0.00780	0.00816	0.00457	0.00528	0.00785	0.01068	0.01423	0.03048	0.77521	0.03646	0.01728	0.00709	0.00226	0.00328	0.04151	0.00514	0.00452
42	0.00680	0.00486	0.00649	0.00777	0.00812	0.00454	0.00523	0.00780	0.01066	0.01420	0.03050	0.78378	0.03651	0.01730	0.00708	0.00226	0.00326	0.03319	0.00514	0.00451
43	0.04840	0.01965	0.01721	0.09572	0.03433	0.44183	0.10380	0.02081	0.01452	0.11913	0.01130	0.02823	0.00880	0.00591	0.00532	0.00160	0.00851	0.00461	0.00342	0.00693
44	0.00678	0.00490	0.00635	0.00749	0.00791	0.00455	0.00500	0.00774	0.01065	0.01406	0.03194	0.71438	0.09152	0.04857	0.00787	0.00235	0.00327	0.01513	0.00507	0.00447
45	0.01184	0.10580	0.08460	0.00906	0.01426	0.00961	0.00820	0.01459	0.01148	0.01741	0.00960	0.01120	0.00796	0.00428	0.00414	0.00095	0.00470	0.00332	0.00309	0.66392
46	0.01552	0.12734	0.17082	0.01174	0.01684	0.04294	0.03877	0.07301	0.08209	0.14912	0.01300	0.01349	0.00959	0.00559	0.00514	0.00147	0.02036	0.00435	0.00391	0.19491

[dist]
# distance from previous block
# <min> <max>
5	11

[block]
# block no. 1 follows, 43 sequences, length 12
# corresponding to MSA columns:
# 378-389
name=unknown_B
#
# <colnr> <probs for GDERKNQSTAVLIFYWHMCP>
#	G	D	E	R	K	N	Q	S	T	A	V	L	I	F	Y	W	H	M	C	P
0	0.00684	0.00489	0.00650	0.00765	0.00805	0.00456	0.00515	0.00793	0.01101	0.01479	0.08985	0.74057	0.03789	0.01687	0.00703	0.00221	0.00316	0.01528	0.00522	0.00456
1	0.01481	0.80869	0.02902	0.00948	0.01421	0.02191	0.00948	0.01658	0.01125	0.01303	0.00770	0.00888	0.00711	0.00474	0.00355	0.00118	0.00592	0.00296	0.00237	0.00711
2	0.00750	0.00568	0.00694	0.00672	0.00819	0.00512	0.00510	0.00975	0.01462	0.01977	0.51979	0.04595	0.26538	0.01232	0.00659	0.00182	0.00279	0.04515	0.00576	0.00506
3	0.84448	0.01071	0.00814	0.00728	0.01071	0.01242	0.00600	0.01628	0.00943	0.02485	0.00771	0.00900	0.00600	0.00514	0.00343	0.00171	0.00428	0.00300	0.00343	0.00600
4	0.01032	0.00516	0.00516	0.00516	0.00645	0.00516	0.00387	0.01290	0.01161	0.02065	0.01807	0.02065	0.01420	0.00645	0.00387	0.00129	0.00258	0.00516	0.83611	0.00516
5	0.84448	0.01071	0.00814	0.00728	0.01071	0.01242	0.00600	0.01628	0.00943	0.02485	0.00771	0.00900	0.00600	0.00514	0.00343	0.00171	0.00428	0.00300	0.00343	0.00600
6	0.02012	0.01505	0.01609	0.01255	0.01682	0.01674	0.01030	0.65951	0.12040	0.03340	0.01448	0.01424	0.01038	0.00676	0.00555	0.00169	0.00587	0.00515	0.00555	0.00933
7	0.84448	0.01071	0.00814	0.00728	0.01071	0.01242	0.00600	0.01628	0.00943	0.02485	0.00771	0.00900	0.00600	0.00514	0.00343	0.00171	0.00428	0.00300	0.00343	0.00600
8	0.00703	0.00502	0.00675	0.00803	0.00847	0.00474	0.00563	0.00819	0.01088	0.01445	0.03037	0.70681	0.03602	0.01709	0.00714	0.00229	0.00346	0.10792	0.00514	0.00458
9	0.02105	0.01551	0.01662	0.01274	0.01717	0.01717	0.01053	0.75235	0.02604	0.03490	0.01330	0.01330	0.00942	0.00665	0.00554	0.00166	0.00609	0.00499	0.00554	0.00942
10	0.84448	0.01071	0.00814	0.00728	0.01071	0.01242	0.00600	0.01628	0.00943	0.02485	0.00771	0.00900	0.00600	0.00514	0.00343	0.00171	0.00428	0.00300	0.00343	0.00600
11	0.01344	0.01140	0.09448	0.01382	0.08321	0.00934	0.12455	0.06576	0.01452	0.15743	0.19599	0.12619	0.02369	0.00861	0.00606	0.00180	0.00529	0.00787	0.02940	0.00715

[dist]
# distance from previous block
# <min> <max>
0	3

[block]
# block no. 2 follows, 43 sequences, length 25
# corresponding to MSA columns:
# 393-417
name=unknown_C
#
# <colnr> <probs for GDERKNQSTAVLIFYWHMCP>
#	G	D	E	R	K	N	Q	S	T	A	V	L	I	F	Y	W	H	M	C	P
0	0.01670	0.00751	0.00984	0.00817	0.01101	0.00668	0.00651	0.01902	0.01518	0.40374	0.27412	0.02807	0.05819	0.00861	0.00574	0.00168	0.00368	0.00728	0.10092	0.00733
1	0.00671	0.00495	0.00629	0.00735	0.00794	0.00453	0.00498	0.00775	0.01095	0.01428	0.03489	0.67395	0.16161	0.01678	0.00698	0.00218	0.00314	0.01505	0.00514	0.00453
2	0.01253	0.02516	0.58176	0.01654	0.02392	0.01352	0.12571	0.10121	0.01353	0.01955	0.01051	0.01235	0.00749	0.00533	0.00548	0.00176	0.00811	0.00455	0.00277	0.00822
3	0.01255	0.04122	0.54791	0.11220	0.02462	0.10057	0.03222	0.01784	0.01219	0.03435	0.01003	0.01205	0.00726	0.00536	0.00526	0.00172	0.00818	0.00419	0.00253	0.00772
4	0.01717	0.01384	0.07770	0.12385	0.04075	0.07970	0.03293	0.06235	0.01334	0.25635	0.01313	0.01460	0.00949	0.00704	0.00877	0.00189	0.21041	0.00497	0.00406	0.00766
5	0.84448	0.01071	0.00814	0.00728	0.01071	0.01242	0.00600	0.01628	0.00943	0.02485	0.00771	0.00900	0.00600	0.00514	0.00343	0.00171	0.00428	0.00300	0.00343	0.00600
6	0.01184	0.01171	0.01643	0.01417	0.01423	0.01630	0.01178	0.01310	0.00851	0.01330	0.00777	0.01275	0.00770	0.01178	0.06842	0.00285	0.74399	0.00492	0.00246	0.00599
7	0.01636	0.00913	0.04423	0.00965	0.01235	0.00841	0.00802	0.01849	0.01351	0.36722	0.17116	0.02407	0.02110	0.07608	0.08288	0.00278	0.09543	0.00657	0.00535	0.00721
8	0.00962	0.00481	0.00722	0.00722	0.00722	0.00481	0.00481	0.00722	0.00722	0.00962	0.00962	0.01684	0.00962	0.01924	0.02165	0.83886	0.00481	0.00481	0.00241	0.00241
9	0.00744	0.00552	0.00680	0.00683	0.00810	0.00501	0.00506	0.00949	0.01389	0.01888	0.42818	0.17111	0.22147	0.01299	0.00660	0.00187	0.00284	0.03605	0.02690	0.00497
10	0.84448	0.01071	0.00814	0.00728	0.01071	0.01242	0.00600	0.01628	0.00943	0.02485	0.00771	0.00900	0.00600	0.00514	0.00343	0.00171	0.00428	0.00300	0.00343	0.00600
11	0.00963	0.00546	0.00626	0.00616	0.00749	0.00525	0.00463	0.01209	0.01299	0.04190	0.25410	0.07678	0.04218	0.00903	0.00510	0.00155	0.00276	0.02656	0.46484	0.00525
12	0.01481	0.80869	0.02902	0.00948	0.01421	0.02191	0.00948	0.01658	0.01125	0.01303	0.00770	0.00888	0.00711	0.00474	0.00355	0.00118	0.00592	0.00296	0.00237	0.00711
13	0.00708	0.00563	0.00635	0.00617	0.00781	0.00490	0.00463	0.00898	0.01388	0.01794	0.34906	0.04839	0.47375	0.01291	0.00654	0.00182	0.00273	0.01100	0.00554	0.00490
14	0.02105	0.01551	0.01662	0.01274	0.01717	0.01717	0.01053	0.75235	0.02604	0.03490	0.01330	0.01330	0.00942	0.00665	0.00554	0.00166	0.00609	0.00499	0.00554	0.00942
15	0.04041	0.01121	0.01827	0.38091	0.30078	0.01210	0.03293	0.01533	0.01167	0.01649	0.01001	0.01381	0.00796	0.00512	0.00531	0.00165	0.00666	0.00471	0.00270	0.10196
16	0.08339	0.57900	0.02475	0.00998	0.01455	0.02016	0.00941	0.16959	0.01418	0.01854	0.00886	0.00981	0.00750	0.00517	0.00396	0.00133	0.00583	0.00339	0.00311	0.00750
17	0.00892	0.00637	0.00892	0.01020	0.01147	0.00637	0.00892	0.01147	0.01275	0.01657	0.02932	0.06247	0.03187	0.01530	0.00765	0.00255	0.00510	0.73354	0.00510	0.00510
18	0.00675	0.00482	0.00643	0.00771	0.00803	0.00450	0.00514	0.00771	0.01060	0.01414	0.03053	0.80175	0.03663	0.01735	0.00707	0.00225	0.00321	0.01574	0.00514	0.00450
19	0.01589	0.38727	0.04452	0.06429	0.03227	0.22094	0.03155	0.01894	0.06472	0.03454	0.03137	0.01193	0.00934	0.00550	0.00452	0.00142	0.00704	0.00393	0.00297	0.00706
20	0.00742	0.00753	0.06884	0.00706	0.00924	0.00558	0.00605	0.00965	0.01349	0.01747	0.26935	0.04668	0.45395	0.01254	0.00649	0.00185	0.00329	0.04316	0.00521	0.00515
21	0.02337	0.00928	0.01251	0.00969	0.01374	0.00814	0.00796	0.04430	0.01610	0.69461	0.08214	0.02053	0.01673	0.00721	0.00565	0.00171	0.00458	0.00592	0.00676	0.00908
22	0.01820	0.07850	0.01546	0.01237	0.05696	0.13174	0.00948	0.25870	0.01819	0.16107	0.10166	0.01888	0.05723	0.00732	0.00583	0.00164	0.02832	0.00565	0.00490	0.00789
23	0.01288	0.02467	0.56698	0.03439	0.02346	0.04469	0.09342	0.01877	0.03360	0.07888	0.01133	0.01286	0.00800	0.00542	0.00542	0.00175	0.00797	0.00452	0.00287	0.00811
24	0.07990	0.01264	0.01621	0.52263	0.05194	0.12221	0.03228	0.01624	0.04285	0.01549	0.01000	0.01376	0.00769	0.00569	0.00567	0.00179	0.02921	0.00467	0.00274	0.00639

[dist]
# distance from previous block
# <min> <max>
1	50

[block]
# block no. 3 follows, 43 sequences, length 119
# corresponding to MSA columns:
# 468-586
name=unknown_D
#
# <colnr> <probs for GDERKNQSTAVLIFYWHMCP>
#	G	D	E	R	K	N	Q	S	T	A	V	L	I	F	Y	W	H	M	C	P
0	0.04867	0.06569	0.07133	0.01160	0.01594	0.01468	0.01016	0.44116	0.05185	0.11693	0.06610	0.01654	0.03054	0.00692	0.00541	0.00167	0.00562	0.00534	0.00521	0.00863
1	0.07519	0.07073	0.06701	0.01234	0.05001	0.01467	0.01011	0.36570	0.11803	0.02635	0.01490	0.04562	0.02680	0.03252	0.00598	0.00177	0.00560	0.00538	0.00463	0.04664
2	0.72126	0.03657	0.00952	0.00777	0.01135	0.01259	0.00646	0.04685	0.01065	0.08265	0.00903	0.00993	0.00677	0.00532	0.00368	0.00169	0.00444	0.00328	0.00374	0.00644
3	0.01437	0.71707	0.11684	0.01022	0.01536	0.02085	0.01077	0.01670	0.01130	0.01356	0.00796	0.00921	0.00710	0.00480	0.00375	0.00125	0.00619	0.00309	0.00237	0.00723
4	0.00732	0.00526	0.00693	0.00732	0.00816	0.00488	0.00519	0.00914	0.01325	0.01834	0.41452	0.40577	0.04477	0.01421	0.00679	0.00199	0.00290	0.01276	0.00564	0.00488
5	0.00878	0.00571	0.00715	0.00747	0.00826	0.00552	0.00536	0.01002	0.01099	0.04929	0.10310	0.17560	0.05873	0.31635	0.01502	0.00338	0.00442	0.16894	0.03139	0.00452
6	0.00990	0.01191	0.12680	0.01378	0.04444	0.01059	0.10890	0.01232	0.01062	0.01506	0.01807	0.34385	0.01976	0.01140	0.00957	0.00215	0.21172	0.00954	0.00361	0.00601
7	0.01259	0.01296	0.02240	0.07460	0.02145	0.01533	0.27870	0.04353	0.01105	0.01583	0.00955	0.02807	0.00832	0.00760	0.01235	0.00215	0.40844	0.00567	0.00273	0.00668
8	0.01481	0.80869	0.02902	0.00948	0.01421	0.02191	0.00948	0.01658	0.01125	0.01303	0.00770	0.00888	0.00711	0.00474	0.00355	0.00118	0.00592	0.00296	0.00237	0.00711
9	0.00886	0.00635	0.00883	0.01007	0.01136	0.00633	0.00879	0.01138	0.01275	0.01653	0.03007	0.06222	0.05229	0.01526	0.00762	0.00253	0.00504	0.71353	0.00510	0.00509
10	0.84448	0.01071	0.00814	0.00728	0.01071	0.01242	0.00600	0.01628	0.00943	0.02485	0.00771	0.00900	0.00600	0.00514	0.00343	0.00171	0.00428	0.00300	0.00343	0.00600
11	0.17734	0.00988	0.01241	0.01059	0.01346	0.01056	0.11159	0.03373	0.22777	0.04190	0.01899	0.13498	0.03132	0.00805	0.00528	0.00180	0.00462	0.00697	0.13198	0.00679
12	0.84448	0.01071	0.00814	0.00728	0.01071	0.01242	0.00600	0.01628	0.00943	0.02485	0.00771	0.00900	0.00600	0.00514	0.00343	0.00171	0.00428	0.00300	0.00343	0.00600
13	0.00675	0.00482	0.00643	0.00771	0.00803	0.00450	0.00514	0.00771	0.01060	0.01414	0.03053	0.80175	0.03663	0.01735	0.00707	0.00225	0.00321	0.01574	0.00514	0.00450
14	0.04388	0.00988	0.01135	0.00817	0.01303	0.00758	0.00654	0.01404	0.01140	0.01831	0.00976	0.01139	0.00812	0.00414	0.00408	0.00086	0.00411	0.00327	0.00329	0.80681
15	0.00805	0.00537	0.00604	0.00604	0.00604	0.00537	0.00336	0.00805	0.00805	0.01074	0.01745	0.03624	0.02013	0.80536	0.02819	0.00537	0.00537	0.00805	0.00336	0.00336
16	0.01055	0.01003	0.01719	0.76419	0.03781	0.01237	0.04203	0.01428	0.01115	0.01428	0.00989	0.01477	0.00742	0.00551	0.00557	0.00185	0.00745	0.00498	0.00247	0.00620
17	0.04584	0.10363	0.03983	0.00910	0.01387	0.03396	0.00777	0.03362	0.03987	0.07445	0.01092	0.01198	0.00868	0.00470	0.00428	0.00107	0.00474	0.00359	0.00354	0.54456
18	0.54437	0.01044	0.01058	0.00871	0.01250	0.01107	0.03369	0.01986	0.01167	0.27157	0.01250	0.01246	0.00863	0.00569	0.00425	0.00172	0.00461	0.00397	0.00453	0.00718
19	0.01222	0.00897	0.01024	0.00911	0.01154	0.00939	0.00719	0.13999	0.19145	0.05578	0.28802	0.03276	0.10094	0.00983	0.00610	0.00181	0.00390	0.05947	0.03442	0.00688
20	0.00805	0.00537	0.00604	0.00604	0.00604	0.00537	0.00336	0.00805	0.00805	0.01074	0.01745	0.03624	0.02013	0.80536	0.02819	0.00537	0.00537	0.00805	0.00336	0.00336
21	0.01481	0.80869	0.02902	0.00948	0.01421	0.02191	0.00948	0.01658	0.01125	0.01303	0.00770	0.00888	0.00711	0.00474	0.00355	0.00118	0.00592	0.00296	0.00237	0.00711
22	0.68591	0.01068	0.00919	0.00788	0.01148	0.01192	0.00650	0.04464	0.01104	0.14298	0.01013	0.01070	0.00733	0.00546	0.00384	0.00171	0.00442	0.00347	0.00404	0.00666
23	0.01439	0.00652	0.00777	0.00691	0.00909	0.00610	0.00546	0.01684	0.01321	0.24403	0.07196	0.02347	0.01751	0.00732	0.00473	0.00151	0.00333	0.03898	0.49444	0.00643
24	0.00673	0.00562	0.00587	0.00581	0.00760	0.00476	0.00436	0.00831	0.01307	0.01602	0.15993	0.05156	0.66408	0.01363	0.00654	0.00185	0.00278	0.01144	0.00528	0.00476
25	0.02105	0.01551	0.01662	0.01274	0.01717	0.01717	0.01053	0.75235	0.02604	0.03490	0.01330	0.01330	0.00942	0.00665	0.00554	0.00166	0.00609	0.00499	0.00554	0.00942
26	0.00683	0.00562	0.00601	0.00591	0.00766	0.00480	0.00443	0.00850	0.01330	0.01656	0.21322	0.05067	0.61046	0.01343	0.00654	0.00184	0.00276	0.01132	0.00535	0.00480
27	0.02105	0.01551	0.01662	0.01274	0.01717	0.01717	0.01053	0.75235	0.02604	0.03490	0.01330	0.01330	0.00942	0.00665	0.00554	0.00166	0.00609	0.00499	0.00554	0.00942
28	0.02485	0.00943	0.01285	0.00985	0.01414	0.00814	0.00814	0.02699	0.01585	0.77465	0.02185	0.01885	0.01371	0.00685	0.00557	0.00171	0.00471	0.00557	0.00685	0.00943
29	0.00719	0.00526	0.00676	0.00719	0.00808	0.00483	0.00508	0.00890	0.01296	0.01766	0.34695	0.40372	0.11599	0.01445	0.00679	0.00200	0.00292	0.01290	0.00555	0.00483
30	0.01307	0.01494	0.03268	0.02334	0.02894	0.01401	0.75070	0.01774	0.01307	0.01774	0.01120	0.01494	0.00840	0.00467	0.00654	0.00187	0.00934	0.00654	0.00280	0.00747
31	0.00962	0.00481	0.00722	0.00722	0.00722	0.00481	0.00481	0.00722	0.00722	0.00962	0.00962	0.01684	0.00962	0.01924	0.02165	0.83886	0.00481	0.00481	0.00241	0.00241
32	0.00675	0.00482	0.00643	0.00771	0.00803	0.00450	0.00514	0.00771	0.01060	0.01414	0.03053	0.80175	0.03663	0.01735	0.00707	0.00225	0.00321	0.01574	0.00514	0.00450
33	0.01032	0.00516	0.00516	0.00516	0.00645	0.00516	0.00387	0.01290	0.01161	0.02065	0.01807	0.02065	0.01420	0.00645	0.00387	0.00129	0.00258	0.00516	0.83611	0.00516
34	0.00791	0.00593	0.00890	0.00890	0.00989	0.00692	0.00692	0.00989	0.00890	0.01286	0.01483	0.02176	0.01385	0.04154	0.78341	0.00890	0.01483	0.00593	0.00297	0.00494
35	0.02013	0.10295	0.04406	0.01246	0.01699	0.04820	0.01069	0.59366	0.02318	0.05487	0.01265	0.01280	0.00913	0.00636	0.00529	0.00161	0.00626	0.00470	0.00502	0.00900
36	0.01752	0.37923	0.02218	0.01221	0.01608	0.35283	0.03389	0.04816	0.04410	0.01467	0.00900	0.01021	0.00765	0.00534	0.00444	0.00136	0.00775	0.00355	0.00285	0.00698
37	0.01682	0.07358	0.01912	0.04141	0.28217	0.01536	0.01268	0.29786	0.08636	0.05004	0.01267	0.01397	0.00971	0.00608	0.00587	0.00168	0.03677	0.00495	0.00416	0.00874
38	0.01744	0.01273	0.01934	0.02500	0.47405	0.01272	0.01392	0.14430	0.01562	0.18950	0.01345	0.01478	0.00998	0.00565	0.00551	0.00166	0.00608	0.00508	0.00413	0.00903
39	0.04632	0.14303	0.33915	0.03898	0.05397	0.04466	0.01441	0.07786	0.01365	0.15968	0.01197	0.01275	0.00853	0.00560	0.00502	0.00163	0.00685	0.00427	0.00353	0.00816
40	0.01293	0.03672	0.07586	0.01833	0.02171	0.01551	0.34192	0.04745	0.01158	0.01650	0.00948	0.01331	0.00785	0.00688	0.01116	0.00206	0.33552	0.00550	0.00272	0.00701
41	0.01515	0.01441	0.01268	0.01117	0.01410	0.18498	0.00866	0.14096	0.31622	0.02217	0.12203	0.02237	0.07524	0.00798	0.00567	0.00172	0.00556	0.00637	0.00502	0.00755
42	0.01908	0.00961	0.01226	0.00914	0.01370	0.00781	0.00746	0.02136	0.01397	0.44798	0.01667	0.01567	0.01133	0.00567	0.00494	0.00133	0.00445	0.00458	0.00531	0.36769
43	0.01159	0.01079	0.01733	0.34622	0.24254	0.01183	0.04353	0.01620	0.08751	0.01688	0.03725	0.01902	0.03928	0.00634	0.00566	0.00177	0.00638	0.03371	0.00322	0.04293
44	0.01305	0.01137	0.01905	0.30713	0.36667	0.01219	0.04162	0.01676	0.03632	0.07211	0.01225	0.04539	0.00996	0.00585	0.00561	0.00176	0.00663	0.00550	0.00313	0.00765
45	0.01046	0.00984	0.01661	0.79205	0.03814	0.01230	0.01538	0.01415	0.01107	0.01415	0.00984	0.01477	0.00738	0.00554	0.00554	0.00185	0.00738	0.00492	0.00246	0.00615
46	0.00675	0.00482	0.00643	0.00771	0.00803	0.00450	0.00514	0.00771	0.01060	0.01414	0.03053	0.80175	0.03663	0.01735	0.00707	0.00225	0.00321	0.01574	0.00514	0.00450
47	0.07317	0.01116	0.01120	0.01119	0.04208	0.10167	0.00840	0.01969	0.27772	0.04530	0.09201	0.11047	0.02268	0.00982	0.00599	0.00195	0.00498	0.13870	0.00497	0.00686
48	0.01144	0.00982	0.01636	0.73896	0.03652	0.01202	0.01489	0.01502	0.01140	0.06577	0.01066	0.01504	0.00781	0.00563	0.00554	0.00184	0.00720	0.00497	0.00276	0.00637
49	0.00805	0.00537	0.00604	0.00604	0.00604	0.00537	0.00336	0.00805	0.00805	0.01074	0.01745	0.03624	0.02013	0.80536	0.02819	0.00537	0.00537	0.00805	0.00336	0.00336
50	0.00805	0.00537	0.00604	0.00604	0.00604	0.00537	0.00336	0.00805	0.00805	0.01074	0.01745	0.03624	0.02013	0.80536	0.02819	0.00537	0.00537	0.00805	0.00336	0.00336
51	0.09131	0.01297	0.01482	0.03352	0.01643	0.01416	0.03836	0.37857	0.15369	0.11066	0.01632	0.01829	0.01236	0.00717	0.00556	0.00178	0.00557	0.05461	0.00529	0.00854
52	0.02035	0.01550	0.04573	0.01263	0.01711	0.01636	0.01068	0.64149	0.07489	0.06731	0.01419	0.01399	0.01003	0.00666	0.00554	0.00168	0.00600	0.00506	0.00548	0.00933
53	0.00675	0.00482	0.00643	0.00771	0.00803	0.00450	0.00514	0.00771	0.01060	0.01414	0.03053	0.80175	0.03663	0.01735	0.00707	0.00225	0.00321	0.01574	0.00514	0.00450
54	0.00793	0.00585	0.00850	0.00850	0.00935	0.00670	0.00642	0.00963	0.00878	0.01256	0.01520	0.02379	0.01473	0.14884	0.67732	0.00840	0.01350	0.00623	0.00302	0.00472
55	0.08459	0.01174	0.01323	0.12843	0.03489	0.06427	0.02694	0.04380	0.32377	0.08843	0.01913	0.04879	0.03533	0.00763	0.00558	0.00185	0.00540	0.04394	0.00470	0.00757
56	0.01123	0.00677	0.00756	0.00687	0.00868	0.00679	0.00529	0.08858	0.03864	0.05181	0.24563	0.02706	0.04758	0.00822	0.00505	0.00152	0.00310	0.00686	0.41690	0.00588
57	0.00675	0.00482	0.00643	0.00771	0.00803	0.00450	0.00514	0.00771	0.01060	0.01414	0.03053	0.80175	0.03663	0.01735	0.00707	0.00225	0.00321	0.01574	0.00514	0.00450
58	0.01290	0.01233	0.02101	0.22342	0.58773	0.01295	0.01659	0.01629	0.01223	0.01711	0.01027	0.01397	0.00843	0.00509	0.00550	0.00170	0.00678	0.00493	0.00267	0.00812
59	0.01403	0.01079	0.01649	0.48887	0.10654	0.01237	0.01372	0.09093	0.05001	0.12342	0.01255	0.01537	0.00908	0.00587	0.00554	0.00179	0.00665	0.00509	0.00357	0.00733
60	0.75787	0.04184	0.00936	0.00767	0.01117	0.01298	0.00637	0.03852	0.03722	0.02463	0.00841	0.00954	0.00654	0.00526	0.00357	0.00170	0.00440	0.00317	0.00353	0.00624
61	0.26818	0.01203	0.01282	0.01014	0.01422	0.01271	0.00837	0.28822	0.01765	0.28112	0.01451	0.01388	0.00984	0.00627	0.00492	0.00169	0.00509	0.00459	0.00535	0.00840
62	0.01058	0.00997	0.01683	0.76404	0.06522	0.01234	0.01544	0.01426	0.01113	0.01430	0.00986	0.01473	0.00743	0.00551	0.00554	0.00184	0.00735	0.00492	0.00247	0.00625
63	0.02485	0.00943	0.01285	0.00985	0.01414	0.00814	0.00814	0.02699	0.01585	0.77465	0.02185	0.01885	0.01371	0.00685	0.00557	0.00171	0.00471	0.00557	0.00685	0.00943
64	0.01150	0.00648	0.00855	0.00757	0.00953	0.00585	0.00584	0.01398	0.01566	0.18496	0.59249	0.03673	0.05790	0.01041	0.00632	0.00174	0.00307	0.00909	0.00624	0.00612
65	0.00671	0.00497	0.00627	0.00732	0.00793	0.00453	0.00497	0.00776	0.01098	0.01429	0.03533	0.66126	0.17402	0.01673	0.00697	0.00218	0.00314	0.01498	0.00514	0.00453
66	0.01307	0.01494	0.03268	0.02334	0.02894	0.01401	0.75070	0.01774	0.01307	0.01774	0.01120	0.01494	0.00840	0.00467	0.00654	0.00187	0.00934	0.00654	0.00280	0.00747
67	0.00742	0.00510	0.00623	0.00685	0.00701	0.00495	0.00422	0.00789	0.00929	0.01239	0.02381	0.40846	0.02816	0.42220	0.01792	0.00385	0.00432	0.01179	0.00422	0.00391
68	0.00791	0.00593	0.00890	0.00890	0.00989	0.00692	0.00692	0.00989	0.00890	0.01286	0.01483	0.02176	0.01385	0.04154	0.78341	0.00890	0.01483	0.00593	0.00297	0.00494
69	0.01148	0.00984	0.01148	0.00820	0.01312	0.00738	0.00656	0.01395	0.01148	0.01805	0.00984	0.01148	0.00820	0.00410	0.00410	0.00082	0.00410	0.00328	0.00328	0.83922
70	0.01137	0.05275	0.69720	0.01614	0.02403	0.01324	0.07448	0.01752	0.01178	0.01741	0.00996	0.01184	0.00712	0.00520	0.00530	0.00174	0.00820	0.00424	0.00237	0.00810
71	0.01558	0.04122	0.01400	0.01176	0.01508	0.10523	0.00925	0.12302	0.55096	0.02323	0.01917	0.01804	0.01444	0.00709	0.00548	0.00177	0.00532	0.00566	0.00518	0.00852
72	0.04486	0.07228	0.07060	0.00978	0.01468	0.01080	0.00863	0.12513	0.03816	0.10442	0.01186	0.01259	0.00902	0.00506	0.00455	0.00121	0.00492	0.00391	0.00395	0.44359
73	0.01280	0.04198	0.63663	0.01542	0.02297	0.01260	0.05912	0.01856	0.01221	0.10025	0.01126	0.01260	0.00783	0.00539	0.00533	0.00174	0.00782	0.00437	0.00286	0.00826
74	0.01303	0.01481	0.03195	0.02294	0.02828	0.01414	0.71660	0.01754	0.01286	0.01754	0.01102	0.01481	0.00835	0.00490	0.00707	0.00189	0.04562	0.00646	0.00278	0.00740
75	0.01652	0.00781	0.01075	0.00992	0.01264	0.00718	0.00842	0.01887	0.01434	0.38006	0.05124	0.04084	0.02387	0.01112	0.00661	0.00212	0.00483	0.35969	0.00598	0.00718
76	0.01067	0.01763	0.38208	0.01178	0.01675	0.00992	0.01307	0.01638	0.09291	0.05165	0.21555	0.05080	0.07127	0.00816	0.00580	0.00179	0.00563	0.00685	0.00416	0.00716
77	0.00844	0.01389	0.29875	0.01075	0.01409	0.00770	0.01096	0.01155	0.01121	0.01574	0.05130	0.47246	0.02600	0.01253	0.00636	0.00204	0.00508	0.01110	0.00411	0.00593
78	0.00660	0.00561	0.00568	0.00566	0.00751	0.00470	0.00425	0.00805	0.01274	0.01524	0.08370	0.05284	0.74079	0.01392	0.00655	0.00187	0.00280	0.01162	0.00518	0.00470
79	0.02123	0.01410	0.01561	0.01209	0.01640	0.01522	0.00995	0.56252	0.07806	0.17351	0.01559	0.01488	0.01078	0.00675	0.00555	0.00169	0.00571	0.00519	0.00580	0.00937
80	0.16656	0.01675	0.21158	0.01385	0.06864	0.01341	0.03779	0.18452	0.10899	0.10540	0.01323	0.01371	0.00950	0.00596	0.00513	0.00173	0.00609	0.00467	0.00420	0.00829
81	0.01592	0.00920	0.00994	0.00859	0.01134	0.03556	0.00677	0.06262	0.19237	0.21932	0.01953	0.01940	0.01420	0.00680	0.00487	0.00157	0.00402	0.00547	0.34511	0.00742
82	0.02485	0.00943	0.01285	0.00985	0.01414	0.00814	0.00814	0.02699	0.01585	0.77465	0.02185	0.01885	0.01371	0.00685	0.00557	0.00171	0.00471	0.00557	0.00685	0.00943
83	0.04798	0.00950	0.01216	0.01108	0.01386	0.00981	0.04075	0.11267	0.13227	0.15368	0.02323	0.03772	0.02139	0.01061	0.00648	0.00212	0.00520	0.33700	0.00538	0.00713
84	0.01287	0.01127	0.01893	0.40531	0.35854	0.01240	0.01560	0.01628	0.01208	0.06794	0.01092	0.01458	0.00843	0.00536	0.00552	0.00175	0.00685	0.00497	0.00288	0.00753
85	0.01288	0.00693	0.00828	0.00727	0.00936	0.00666	0.00567	0.07191	0.01501	0.15953	0.29634	0.02743	0.02785	0.00835	0.00530	0.00156	0.00325	0.00702	0.31313	0.00629
86	0.84448	0.01071	0.00814	0.00728	0.01071	0.01242	0.00600	0.01628	0.00943	0.02485	0.00771	0.00900	0.00600	0.00514	0.00343	0.00171	0.00428	0.00300	0.00343	0.00600
87	0.00805	0.00537	0.00604	0.00604	0.00604	0.00537	0.00336	0.00805	0.00805	0.01074	0.01745	0.03624	0.02013	0.80536	0.02819	0.00537	0.00537	0.00805	0.00336	0.00336
88	0.04524	0.01213	0.01459	0.01141	0.01552	0.01248	0.03459	0.30130	0.11077	0.32569	0.04547	0.01737	0.01349	0.00690	0.00557	0.00172	0.00527	0.00555	0.00594	0.00902
89	0.84448	0.01071	0.00814	0.00728	0.01071	0.01242	0.00600	0.01628	0.00943	0.02485	0.00771	0.00900	0.00600	0.00514	0.00343	0.00171	0.00428	0.00300	0.00343	0.00600
90	0.84448	0.01071	0.00814	0.00728	0.01071	0.01242	0.00600	0.01628	0.00943	0.02485	0.00771	0.00900	0.00600	0.00514	0.00343	0.00171	0.00428	0.00300	0.00343	0.00600
91	0.00700	0.00523	0.00651	0.00703	0.00797	0.00474	0.00495	0.00852	0.01246	0.01655	0.23948	0.42093	0.20853	0.01493	0.00680	0.00202	0.00295	0.01324	0.00540	0.00474
92	0.00784	0.00566	0.00740	0.00697	0.00827	0.00523	0.00523	0.01045	0.01568	0.02221	0.76789	0.04137	0.05226	0.01132	0.00653	0.00174	0.00261	0.01002	0.00610	0.00523
93	0.00739	0.00564	0.00678	0.00649	0.00800	0.00503	0.00487	0.00958	0.01461	0.01968	0.51939	0.04553	0.30234	0.01227	0.00654	0.00179	0.00268	0.01060	0.00576	0.00503
94	0.01481	0.80869	0.02902	0.00948	0.01421	0.02191	0.00948	0.01658	0.01125	0.01303	0.00770	0.00888	0.00711	0.00474	0.00355	0.00118	0.00592	0.00296	0.00237	0.00711
95	0.00797	0.00569	0.00768	0.00768	0.00825	0.00626	0.00540	0.00911	0.00854	0.01195	0.01595	0.02794	0.01653	0.36761	0.46101	0.00739	0.01079	0.00684	0.00313	0.00427
96	0.01148	0.00984	0.01148	0.00820	0.01312	0.00738	0.00656	0.01395	0.01148	0.01805	0.00984	0.01148	0.00820	0.00410	0.00410	0.00082	0.00410	0.00328	0.00328	0.83922
97	0.02025	0.02568	0.01573	0.04772	0.01803	0.74998	0.01090	0.02177	0.01550	0.01358	0.00862	0.01019	0.00714	0.00570	0.00502	0.00144	0.00988	0.00363	0.00284	0.00641
98	0.02105	0.01551	0.01662	0.01274	0.01717	0.01717	0.01053	0.75235	0.02604	0.03490	0.01330	0.01330	0.00942	0.00665	0.00554	0.00166	0.00609	0.00499	0.00554	0.00942
99	0.02038	0.01107	0.01320	0.01072	0.01461	0.01130	0.00866	0.11781	0.28625	0.41144	0.02104	0.01882	0.01433	0.00707	0.00559	0.00177	0.00476	0.00575	0.00625	0.00919
100	0.01358	0.01303	0.02224	0.06462	0.74121	0.01312	0.01693	0.01688	0.01255	0.01793	0.01039	0.01375	0.00872	0.00496	0.00549	0.00165	0.00661	0.00493	0.00273	0.00867
101	0.02485	0.00943	0.01285	0.00985	0.01414	0.00814	0.00814	0.02699	0.01585	0.77465	0.02185	0.01885	0.01371	0.00685	0.00557	0.00171	0.00471	0.00557	0.00685	0.00943
102	0.01346	0.01291	0.02204	0.09107	0.71565	0.01309	0.01688	0.01678	0.01249	0.01780	0.01037	0.01379	0.00867	0.00498	0.00549	0.00166	0.00664	0.00493	0.00272	0.00858
103	0.01371	0.01316	0.02248	0.03399	0.77081	0.01316	0.01700	0.01700	0.01261	0.01809	0.01042	0.01371	0.00877	0.00493	0.00548	0.00164	0.00658	0.00493	0.00274	0.00877
104	0.00957	0.00809	0.01109	0.01029	0.01067	0.01016	0.00800	0.01077	0.00878	0.01271	0.01374	0.02490	0.01435	0.23490	0.24473	0.00513	0.29868	0.05549	0.00302	0.00493
105	0.00793	0.00585	0.00848	0.00848	0.00933	0.00669	0.00640	0.00962	0.00878	0.01255	0.01522	0.02388	0.01477	0.15356	0.67265	0.00838	0.01345	0.00624	0.00302	0.00471
106	0.00675	0.00482	0.00643	0.00771	0.00803	0.00450	0.00514	0.00771	0.01060	0.01414	0.03053	0.80175	0.03663	0.01735	0.00707	0.00225	0.00321	0.01574	0.00514	0.00450
107	0.00942	0.00534	0.00598	0.00582	0.00712	0.00519	0.00437	0.01201	0.01310	0.02122	0.29195	0.02822	0.02810	0.00823	0.00484	0.00146	0.00259	0.00693	0.53293	0.00519
108	0.00675	0.00482	0.00643	0.00771	0.00803	0.00450	0.00514	0.00771	0.01060	0.01414	0.03053	0.80175	0.03663	0.01735	0.00707	0.00225	0.00321	0.01574	0.00514	0.00450
109	0.04538	0.01134	0.01267	0.01142	0.06395	0.01221	0.00813	0.39331	0.01795	0.02446	0.01657	0.02280	0.05380	0.26677	0.01288	0.00288	0.00565	0.00627	0.00454	0.00702
110	0.01663	0.00772	0.00991	0.00854	0.01093	0.00718	0.00652	0.01869	0.04483	0.38364	0.02109	0.02945	0.01795	0.27483	0.01331	0.00302	0.00490	0.08413	0.02995	0.00678
111	0.41736	0.23731	0.19462	0.00989	0.01480	0.01517	0.01037	0.01666	0.01047	0.01984	0.00823	0.00960	0.00655	0.00506	0.00389	0.00158	0.00566	0.00325	0.00288	0.00682
112	0.01130	0.01087	0.01544	0.32960	0.02398	0.06433	0.05358	0.02797	0.04109	0.01457	0.01122	0.01615	0.00950	0.02829	0.18212	0.00355	0.14228	0.00524	0.00281	0.00608
113	0.14335	0.22393	0.04424	0.04387	0.01513	0.02966	0.00942	0.14300	0.04884	0.07583	0.03008	0.02952	0.01183	0.00682	0.00524	0.00164	0.03099	0.06299	0.00395	0.03964
114	0.02832	0.02359	0.04951	0.01071	0.01397	0.02507	0.07043	0.03128	0.05345	0.12805	0.01470	0.03325	0.01203	0.01787	0.26552	0.00397	0.02153	0.00535	0.02841	0.16298
115	0.01527	0.01339	0.01906	0.15786	0.09605	0.07994	0.16603	0.06761	0.14613	0.10853	0.01392	0.01551	0.01031	0.00589	0.00586	0.00173	0.02007	0.00538	0.00391	0.04754
116	0.01394	0.01103	0.01763	0.04081	0.10794	0.01079	0.18643	0.04324	0.12790	0.12732	0.08330	0.05030	0.01632	0.06093	0.00736	0.00197	0.00587	0.00656	0.00435	0.07601
117	0.01367	0.01189	0.03252	0.03219	0.13607	0.01032	0.17707	0.03054	0.02585	0.09471	0.02435	0.01412	0.00976	0.00492	0.00516	0.00136	0.00589	0.00475	0.00354	0.36132
118	0.01222	0.04387	0.03252	0.07446	0.09320	0.00930	0.09324	0.01553	0.04251	0.11899	0.21126	0.07032	0.07453	0.00841	0.00592	0.00172	0.00497	0.02090	0.00460	0.06151

[dist]
# distance from previous block
# <min> <max>
12	42

[block]
# block no. 4 follows, 43 sequences, length 20
# corresponding to MSA columns:
# 687-706
name=unknown_E
#
# <colnr> <probs for GDERKNQSTAVLIFYWHMCP>
#	G	D	E	R	K	N	Q	S	T	A	V	L	I	F	Y	W	H	M	C	P
0	0.10101	0.03636	0.01715	0.32308	0.28427	0.01243	0.01348	0.03848	0.01163	0.01697	0.01056	0.01554	0.00895	0.07947	0.00733	0.00206	0.00650	0.00495	0.00284	0.00692
1	0.15501	0.09327	0.14854	0.01684	0.21383	0.01241	0.03046	0.04422	0.01268	0.08946	0.06796	0.06624	0.01333	0.00653	0.00512	0.00169	0.00577	0.00545	0.00364	0.00754
2	0.13858	0.01116	0.01362	0.08550	0.07197	0.03520	0.03743	0.10095	0.02756	0.10381	0.05278	0.01745	0.01245	0.00623	0.00505	0.00154	0.00529	0.04773	0.00410	0.22160
3	0.06026	0.00844	0.01022	0.05196	0.08323	0.03220	0.00735	0.01355	0.03252	0.08038	0.23712	0.06310	0.18755	0.00944	0.00580	0.00167	0.00403	0.00804	0.00481	0.09831
4	0.01352	0.01297	0.02215	0.07722	0.72904	0.01311	0.01690	0.01683	0.01252	0.01787	0.01038	0.01377	0.00869	0.00497	0.00549	0.00166	0.00663	0.00493	0.00273	0.00862
5	0.07614	0.15585	0.01616	0.02527	0.01503	0.08121	0.00912	0.17944	0.22224	0.09962	0.05406	0.01600	0.01326	0.00660	0.00507	0.00163	0.00550	0.00503	0.00472	0.00804
6	0.01332	0.01177	0.01982	0.29423	0.46818	0.01254	0.01586	0.01667	0.01229	0.06630	0.01097	0.01441	0.00862	0.00527	0.00551	0.00172	0.00673	0.00497	0.00291	0.00791
7	0.01378	0.38438	0.37249	0.01257	0.01881	0.04393	0.01452	0.01770	0.01183	0.05049	0.00942	0.01068	0.00737	0.00511	0.00449	0.00148	0.00705	0.00363	0.00258	0.00769
8	0.00962	0.00481	0.00722	0.00722	0.00722	0.00481	0.00481	0.00722	0.00722	0.00962	0.00962	0.01684	0.00962	0.01924	0.02165	0.83886	0.00481	0.00481	0.00241	0.00241
9	0.00729	0.00564	0.00664	0.00639	0.00794	0.00499	0.00479	0.00939	0.01438	0.01914	0.46626	0.04643	0.35581	0.01247	0.00654	0.00180	0.00269	0.01072	0.00569	0.00499
10	0.00843	0.00729	0.04104	0.01063	0.06012	0.00641	0.02366	0.02844	0.01214	0.01625	0.07641	0.42361	0.07292	0.01446	0.00691	0.00218	0.00421	0.17472	0.00488	0.00531
11	0.01792	0.10037	0.01912	0.05121	0.08754	0.06224	0.10277	0.02030	0.01309	0.29971	0.01377	0.01477	0.00994	0.00657	0.00778	0.00179	0.15399	0.00505	0.00418	0.00789
12	0.01371	0.01316	0.02248	0.03399	0.77081	0.01316	0.01700	0.01700	0.01261	0.01809	0.01042	0.01371	0.00877	0.00493	0.00548	0.00164	0.00658	0.00493	0.00274	0.00877
13	0.01371	0.01316	0.02248	0.03399	0.77081	0.01316	0.01700	0.01700	0.01261	0.01809	0.01042	0.01371	0.00877	0.00493	0.00548	0.00164	0.00658	0.00493	0.00274	0.00877
14	0.01397	0.27485	0.43399	0.01312	0.01968	0.01558	0.01540	0.05731	0.01267	0.08032	0.01040	0.01148	0.00773	0.00530	0.00476	0.00156	0.00706	0.00390	0.00290	0.00801
15	0.01162	0.01064	0.01693	0.32266	0.07683	0.01246	0.08689	0.01633	0.10715	0.03378	0.06037	0.01845	0.01272	0.00860	0.04375	0.00226	0.12351	0.02499	0.00334	0.00672
16	0.01201	0.01162	0.02310	0.01750	0.02121	0.01166	0.42845	0.01547	0.01161	0.05638	0.01266	0.01711	0.01033	0.01672	0.25183	0.00411	0.06231	0.00618	0.00305	0.00669
17	0.01070	0.01032	0.01810	0.72077	0.03729	0.01246	0.08357	0.01448	0.01126	0.01448	0.00997	0.01478	0.00748	0.00546	0.00563	0.00185	0.00756	0.00507	0.00249	0.00627
18	0.05225	0.01309	0.05377	0.13297	0.51371	0.01280	0.03380	0.01766	0.04572	0.05470	0.01131	0.01413	0.00897	0.00524	0.00542	0.00170	0.00653	0.00494	0.00305	0.00826
19	0.01404	0.01482	0.06209	0.04386	0.24684	0.05403	0.36262	0.01788	0.01305	0.06698	0.01215	0.04377	0.00975	0.00547	0.00601	0.00178	0.00792	0.00602	0.00311	0.00782

[dist]
# distance from previous block
# <min> <max>
0	2

[block]
# block no. 5 follows, 43 sequences, length 19
# corresponding to MSA columns:
# 709-727
name=unknown_F
#
# <colnr> <probs for GDERKNQSTAVLIFYWHMCP>
#	G	D	E	R	K	N	Q	S	T	A	V	L	I	F	Y	W	H	M	C	P
0	0.72348	0.04528	0.04475	0.00770	0.01122	0.01245	0.00667	0.01589	0.00953	0.02321	0.00836	0.01064	0.00688	0.04986	0.00490	0.00190	0.00460	0.00333	0.00333	0.00600
1	0.07139	0.01359	0.06169	0.11837	0.50944	0.04839	0.01524	0.01634	0.01218	0.01763	0.01122	0.05912	0.00986	0.00580	0.00540	0.00170	0.00657	0.00532	0.00288	0.00788
2	0.01468	0.21645	0.20685	0.03970	0.20673	0.17186	0.01443	0.01833	0.03297	0.01581	0.00956	0.01148	0.00778	0.00521	0.00486	0.00153	0.00747	0.00400	0.00264	0.00767
3	0.00859	0.00650	0.00803	0.00750	0.00907	0.00636	0.00567	0.01292	0.11556	0.02210	0.64487	0.03898	0.07067	0.01090	0.00641	0.00176	0.00286	0.00957	0.00600	0.00568
4	0.01338	0.01133	0.01895	0.36549	0.37347	0.01229	0.01541	0.01673	0.01225	0.09099	0.01129	0.01468	0.00865	0.00539	0.00552	0.00174	0.00675	0.00499	0.00302	0.00768
5	0.01629	0.06675	0.06057	0.09111	0.11026	0.10081	0.01120	0.12325	0.09960	0.12024	0.01315	0.01402	0.00982	0.00575	0.00512	0.00153	0.00615	0.00459	0.00403	0.13575
6	0.01481	0.80869	0.02902	0.00948	0.01421	0.02191	0.00948	0.01658	0.01125	0.01303	0.00770	0.00888	0.00711	0.00474	0.00355	0.00118	0.00592	0.00296	0.00237	0.00711
7	0.01871	0.01475	0.01528	0.01233	0.01629	0.04396	0.00997	0.49434	0.26088	0.03037	0.01608	0.01553	0.01173	0.00689	0.00555	0.00172	0.00569	0.00534	0.00547	0.00910
8	0.01332	0.01277	0.02178	0.12393	0.68389	0.01306	0.01681	0.01666	0.01243	0.01763	0.01035	0.01383	0.00861	0.00501	0.00549	0.00167	0.00667	0.00493	0.00271	0.00846
9	0.00800	0.00559	0.00716	0.00716	0.00754	0.00598	0.00475	0.00877	0.00838	0.01156	0.01643	0.03059	0.01768	0.50740	0.32280	0.00675	0.00906	0.00723	0.00320	0.00398
10	0.01429	0.01215	0.01281	0.01137	0.01460	0.01401	0.00889	0.08009	0.70932	0.02399	0.02189	0.02015	0.01638	0.00745	0.00563	0.00186	0.00450	0.00617	0.00563	0.00881
11	0.52839	0.01021	0.00996	0.00827	0.01203	0.01077	0.00682	0.02041	0.01190	0.31401	0.01316	0.01280	0.00897	0.00580	0.00425	0.00171	0.00445	0.00399	0.00475	0.00732
12	0.01046	0.00984	0.01661	0.79205	0.03814	0.01230	0.01538	0.01415	0.01107	0.01415	0.00984	0.01477	0.00738	0.00554	0.00554	0.00185	0.00738	0.00492	0.00246	0.00615
