[name]
unknown

[dist]
# distance from previous block
# <min> <max>
0	139

[block]
# block no. 0 follows, 49 sequences, length 35
# corresponding to MSA columns:
# 141-175
name=unknown_A
#
# <colnr> <probs for GDERKNQSTAVLIFYWHMCP>
#	G	D	E	R	K	N	Q	S	T	A	V	L	I	F	Y	W	H	M	C	P
0	0.00838	0.00608	0.00820	0.05182	0.01075	0.00651	0.00705	0.01158	0.07102	0.01569	0.10861	0.03556	0.02290	0.01746	0.20344	0.00346	0.00638	0.29220	0.10796	0.00496
1	0.00660	0.00503	0.00606	0.00606	0.00727	0.00449	0.00445	0.00836	0.01261	0.01684	0.41506	0.17028	0.29438	0.01208	0.00605	0.00171	0.00254	0.01052	0.00513	0.00449
2	0.01290	0.01159	0.01780	0.02396	0.52266	0.05672	0.04919	0.03429	0.01229	0.07195	0.06158	0.05913	0.03150	0.00589	0.00520	0.00155	0.00569	0.00553	0.00321	0.00737
3	0.00776	0.00606	0.00857	0.00828	0.00888	0.00725	0.00629	0.00911	0.00792	0.01141	0.01311	0.02137	0.01301	0.19236	0.54152	0.00669	0.11767	0.00568	0.00271	0.00436
4	0.01892	0.02317	0.01441	0.01290	0.01564	0.72824	0.00976	0.09088	0.01522	0.01420	0.00822	0.00940	0.00671	0.00529	0.00461	0.00132	0.00879	0.00338	0.00284	0.00612
5	0.01110	0.00923	0.01291	0.40271	0.02301	0.05272	0.01064	0.01400	0.03045	0.08814	0.01105	0.01458	0.00871	0.01162	0.15930	0.00283	0.04430	0.00455	0.00288	0.08526
6	0.01230	0.53755	0.30362	0.01073	0.01619	0.01703	0.01226	0.01546	0.01042	0.01338	0.00777	0.00904	0.00646	0.00450	0.00381	0.00127	0.00615	0.00308	0.00215	0.00684
7	0.85801	0.00978	0.00743	0.00665	0.00978	0.01134	0.00548	0.01486	0.00861	0.02269	0.00704	0.00821	0.00548	0.00469	0.00313	0.00156	0.00391	0.00274	0.00313	0.00548
8	0.01352	0.82533	0.02650	0.00865	0.01298	0.02001	0.00865	0.01514	0.01027	0.01190	0.00703	0.00811	0.00649	0.00433	0.00324	0.00108	0.00541	0.00270	0.00216	0.00649
9	0.00625	0.00447	0.00595	0.00698	0.00736	0.00417	0.00470	0.00728	0.01012	0.01360	0.09917	0.74572	0.03478	0.01533	0.00641	0.00201	0.00288	0.01388	0.00478	0.00417
10	0.00631	0.00456	0.00581	0.00667	0.00713	0.00423	0.00446	0.00722	0.00989	0.01308	0.06877	0.62872	0.10704	0.09089	0.00819	0.00226	0.00305	0.01308	0.00459	0.00406
11	0.00731	0.00496	0.00581	0.00571	0.00599	0.00487	0.00346	0.00787	0.00898	0.01226	0.19689	0.03419	0.02526	0.63201	0.02110	0.00413	0.00431	0.00777	0.00365	0.00346
12	0.01571	0.01242	0.01320	0.01092	0.01434	0.01404	0.00876	0.37877	0.42461	0.02620	0.01661	0.01570	0.01222	0.00649	0.00510	0.00162	0.00474	0.00517	0.00510	0.00828
13	0.03613	0.00721	0.00911	0.00747	0.01028	0.00656	0.00601	0.01922	0.02710	0.46095	0.09869	0.01965	0.01620	0.00655	0.00469	0.00146	0.00353	0.00536	0.24680	0.00701
14	0.02146	0.01058	0.01296	0.00993	0.01389	0.01036	0.00821	0.29044	0.01777	0.52379	0.01718	0.01541	0.01113	0.00619	0.00508	0.00155	0.00475	0.00490	0.00583	0.00860
15	0.01267	0.01192	0.01985	0.08541	0.69474	0.01216	0.01509	0.05665	0.01208	0.01710	0.00962	0.01256	0.00795	0.00463	0.00501	0.00152	0.00604	0.00451	0.00262	0.00787
16	0.01328	0.76847	0.08125	0.00906	0.01361	0.01942	0.00937	0.01520	0.01030	0.01219	0.00718	0.00829	0.00648	0.00436	0.00336	0.00112	0.00555	0.00278	0.00216	0.00656
17	0.04288	0.01222	0.01491	0.01323	0.05612	0.11002	0.06502	0.06743	0.01066	0.03153	0.00965	0.05538	0.00907	0.04741	0.01115	0.00196	0.36739	0.00493	0.00285	0.06619
18	0.01021	0.00845	0.01014	0.05905	0.01246	0.00916	0.02693	0.05655	0.33445	0.02003	0.28810	0.04659	0.07980	0.00848	0.00553	0.00167	0.00368	0.00734	0.00500	0.00637
19	0.01016	0.00871	0.01010	0.00732	0.01162	0.00656	0.00584	0.01234	0.01056	0.01628	0.01199	0.01320	0.06307	0.00439	0.00390	0.00082	0.00366	0.00354	0.00312	0.79280
20	0.01524	0.01359	0.01229	0.01052	0.01344	0.16726	0.00826	0.25442	0.28028	0.02250	0.06974	0.01622	0.01367	0.00646	0.00493	0.00152	0.00524	0.00504	0.07211	0.00728
21	0.00682	0.00489	0.00638	0.00697	0.00777	0.00458	0.00512	0.00842	0.01149	0.01565	0.25787	0.40595	0.08428	0.01346	0.00627	0.00191	0.00297	0.11707	0.02771	0.00441
22	0.00878	0.00439	0.00659	0.00659	0.00659	0.00439	0.00439	0.00659	0.00659	0.00878	0.00878	0.01537	0.00878	0.01757	0.01976	0.85288	0.00439	0.00439	0.00220	0.00220
23	0.00990	0.05265	0.01234	0.24943	0.01794	0.02928	0.02538	0.09326	0.01080	0.01433	0.01239	0.06121	0.01134	0.06682	0.30603	0.00426	0.00888	0.00547	0.00292	0.00537
24	0.01937	0.01153	0.01328	0.01036	0.01413	0.01202	0.00849	0.41470	0.08035	0.30031	0.05069	0.01563	0.01230	0.00639	0.00512	0.00155	0.00485	0.00504	0.00551	0.00838
25	0.01373	0.24664	0.24487	0.01212	0.03755	0.02974	0.02510	0.10876	0.08073	0.07802	0.01057	0.01147	0.00806	0.00541	0.00534	0.00149	0.06606	0.00393	0.00312	0.00729
26	0.01494	0.10632	0.01428	0.01086	0.01400	0.17453	0.00867	0.13295	0.42771	0.01988	0.01522	0.01468	0.01161	0.00612	0.00480	0.00153	0.00543	0.00471	0.00428	0.00748
27	0.85801	0.00978	0.00743	0.00665	0.00978	0.01134	0.00548	0.01486	0.00861	0.02269	0.00704	0.00821	0.00548	0.00469	0.00313	0.00156	0.00391	0.00274	0.00313	0.00548
28	0.01043	0.06052	0.71230	0.01421	0.02131	0.01217	0.03919	0.01637	0.03834	0.01602	0.00943	0.01094	0.00677	0.00484	0.00478	0.00159	0.00729	0.00383	0.00226	0.00743
29	0.00955	0.00899	0.01517	0.81013	0.03483	0.01123	0.01404	0.01292	0.01011	0.01292	0.00899	0.01348	0.00674	0.00506	0.00506	0.00169	0.00674	0.00449	0.00225	0.00562
30	0.00611	0.00485	0.00549	0.00592	0.00706	0.00423	0.00421	0.00729	0.01097	0.01372	0.08065	0.34090	0.46311	0.01383	0.00616	0.00183	0.00269	0.01200	0.00474	0.00423
31	0.85801	0.00978	0.00743	0.00665	0.00978	0.01134	0.00548	0.01486	0.00861	0.02269	0.00704	0.00821	0.00548	0.00469	0.00313	0.00156	0.00391	0.00274	0.00313	0.00548
32	0.01207	0.01033	0.01100	0.00992	0.01262	0.01185	0.00770	0.02525	0.70964	0.02107	0.09256	0.02064	0.01846	0.00719	0.00522	0.00170	0.00385	0.00604	0.00518	0.00770
33	0.00728	0.00520	0.00701	0.00701	0.00752	0.00571	0.00492	0.00831	0.00780	0.01091	0.01457	0.02554	0.01510	0.37439	0.46915	0.00674	0.00984	0.00625	0.00286	0.00389
34	0.03551	0.04424	0.15018	0.01206	0.02695	0.22620	0.03140	0.01549	0.03180	0.03446	0.12705	0.01584	0.03263	0.00739	0.02074	0.00174	0.17234	0.00486	0.00310	0.00605

[dist]
# distance from previous block
# <min> <max>
0	2

[block]
# block no. 1 follows, 49 sequences, length 43
# corresponding to MSA columns:
# 178-220
name=unknown_B
#
# <colnr> <probs for GDERKNQSTAVLIFYWHMCP>
#	G	D	E	R	K	N	Q	S	T	A	V	L	I	F	Y	W	H	M	C	P
0	0.74139	0.00971	0.00847	0.00727	0.01048	0.01087	0.03556	0.01459	0.00906	0.02196	0.03645	0.00967	0.00726	0.00483	0.00338	0.00152	0.00403	0.00312	0.00319	0.05718
1	0.01106	0.01106	0.01549	0.01328	0.01328	0.01549	0.01106	0.01217	0.00774	0.01217	0.00664	0.01106	0.00664	0.00885	0.01659	0.00221	0.81303	0.00443	0.00221	0.00553
2	0.06648	0.07168	0.01755	0.04619	0.12923	0.07373	0.12170	0.24333	0.07458	0.04626	0.05127	0.01371	0.01047	0.00555	0.00495	0.00152	0.00594	0.00475	0.00377	0.00734
3	0.85801	0.00978	0.00743	0.00665	0.00978	0.01134	0.00548	0.01486	0.00861	0.02269	0.00704	0.00821	0.00548	0.00469	0.00313	0.00156	0.00391	0.00274	0.00313	0.00548
4	0.02070	0.00945	0.01197	0.00943	0.01318	0.00898	0.00771	0.08714	0.14415	0.60113	0.01941	0.01707	0.01268	0.00634	0.00509	0.00159	0.00436	0.00515	0.00597	0.00850
5	0.00692	0.00514	0.00644	0.00615	0.00742	0.00466	0.00460	0.00907	0.01370	0.01891	0.63681	0.05785	0.18178	0.01091	0.00598	0.00162	0.00243	0.00954	0.00539	0.00466
6	0.00901	0.00542	0.00812	0.02435	0.00846	0.00552	0.04425	0.00852	0.05333	0.01012	0.01047	0.01768	0.01029	0.11731	0.01862	0.63344	0.00470	0.00493	0.00250	0.00296
7	0.01564	0.31515	0.04076	0.01128	0.01493	0.01426	0.10511	0.01772	0.01136	0.25287	0.01139	0.01216	0.00851	0.00568	0.00643	0.00151	0.14055	0.00416	0.00348	0.00705
8	0.00746	0.00480	0.00596	0.00668	0.00748	0.00462	0.00495	0.00909	0.01059	0.01535	0.06466	0.39310	0.05767	0.01235	0.00569	0.00182	0.00303	0.14118	0.23909	0.00441
9	0.01417	0.73336	0.02521	0.00899	0.01329	0.01952	0.00876	0.10117	0.01181	0.01416	0.00761	0.00857	0.00673	0.00452	0.00345	0.00113	0.00543	0.00291	0.00249	0.00673
10	0.00832	0.00606	0.00699	0.00650	0.00819	0.00580	0.00491	0.01196	0.10930	0.01853	0.34289	0.07141	0.13451	0.00915	0.00525	0.00150	0.00274	0.00786	0.16501	0.07312
11	0.01714	0.10341	0.01537	0.03194	0.01515	0.08910	0.00916	0.43064	0.14543	0.05520	0.01288	0.01290	0.00949	0.00590	0.00479	0.00148	0.00554	0.00444	0.02219	0.00785
12	0.01008	0.00755	0.01077	0.14405	0.05887	0.00835	0.00811	0.10604	0.01059	0.01459	0.04103	0.01627	0.01087	0.01782	0.23456	0.21701	0.02705	0.00484	0.00290	0.04864
13	0.01234	0.34334	0.01781	0.00977	0.01192	0.10437	0.00830	0.02922	0.00983	0.01207	0.00919	0.03022	0.00931	0.15643	0.01102	0.00213	0.21035	0.00434	0.00250	0.00554
14	0.01812	0.01362	0.01456	0.01141	0.01526	0.01517	0.00935	0.65046	0.14898	0.03010	0.01354	0.01325	0.00973	0.00620	0.00507	0.00155	0.00531	0.00475	0.00507	0.00850
15	0.01248	0.02724	0.22812	0.03597	0.32591	0.07462	0.01419	0.03406	0.16403	0.01716	0.01146	0.01296	0.00889	0.00515	0.00492	0.00155	0.00625	0.00442	0.00298	0.00764
16	0.00849	0.00738	0.01168	0.28193	0.04094	0.00878	0.02919	0.01066	0.00915	0.01251	0.01326	0.12746	0.01296	0.05308	0.27366	0.00407	0.08068	0.00632	0.00279	0.00502
17	0.00644	0.00461	0.00616	0.00714	0.00761	0.00432	0.00498	0.00762	0.01041	0.01400	0.12181	0.66220	0.03487	0.01501	0.00644	0.00202	0.00300	0.07234	0.00480	0.00423
18	0.00646	0.00469	0.00601	0.00660	0.00725	0.00434	0.00455	0.00772	0.01092	0.01471	0.22499	0.50303	0.10760	0.05752	0.00732	0.00206	0.00286	0.01230	0.00483	0.00424
19	0.01462	0.01188	0.01259	0.01070	0.01393	0.01353	0.00850	0.25673	0.54842	0.02445	0.01798	0.01680	0.01333	0.00662	0.00512	0.00165	0.00448	0.00536	0.00512	0.00819
20	0.11927	0.00874	0.01124	0.00873	0.01255	0.00788	0.00721	0.02351	0.01379	0.70504	0.01846	0.01617	0.01170	0.00608	0.00486	0.00156	0.00426	0.00481	0.00590	0.00824
21	0.05234	0.01189	0.01329	0.01029	0.01409	0.01258	0.00848	0.49189	0.01982	0.24021	0.01435	0.01379	0.00982	0.00606	0.00490	0.00151	0.00496	0.00464	0.05684	0.00824
22	0.11384	0.00839	0.01080	0.00878	0.01225	0.00766	0.00730	0.02177	0.01346	0.61026	0.01937	0.02123	0.01382	0.00706	0.00511	0.00166	0.00430	0.09947	0.00571	0.00776
23	0.01328	0.76768	0.08201	0.00907	0.01362	0.01941	0.00938	0.01520	0.01030	0.01219	0.00718	0.00830	0.00648	0.00436	0.00336	0.00112	0.00556	0.00278	0.00216	0.00656
24	0.01942	0.00932	0.01169	0.00938	0.01284	0.00897	0.00778	0.19395	0.01605	0.48313	0.01874	0.02075	0.01356	0.00709	0.00521	0.00162	0.00452	0.09184	0.05622	0.00792
25	0.01390	0.01159	0.01408	0.01284	0.07050	0.01294	0.05476	0.22425	0.38450	0.02257	0.01688	0.01912	0.01339	0.00698	0.00574	0.00171	0.03510	0.06678	0.00463	0.00773
26	0.01222	0.00658	0.00824	0.00711	0.00917	0.00620	0.00556	0.06876	0.01440	0.21074	0.41224	0.02766	0.03034	0.00827	0.00527	0.00151	0.00308	0.00706	0.14960	0.00598
27	0.01158	0.01120	0.01806	0.16570	0.54133	0.02910	0.01405	0.01439	0.01113	0.01535	0.01224	0.01514	0.06399	0.00545	0.00570	0.00158	0.04937	0.00492	0.00260	0.00714
28	0.00646	0.00473	0.00612	0.00696	0.00763	0.00439	0.00496	0.00772	0.01066	0.01409	0.11859	0.55088	0.12974	0.01462	0.00639	0.00199	0.00301	0.09201	0.00479	0.00426
29	0.00870	0.00442	0.00652	0.00652	0.00652	0.00442	0.00431	0.00663	0.00663	0.00885	0.00922	0.01645	0.00937	0.06662	0.02013	0.80118	0.00442	0.00457	0.00225	0.00225
30	0.01376	0.40001	0.19570	0.01186	0.06165	0.09917	0.01128	0.06134	0.01182	0.04509	0.02120	0.01030	0.00764	0.00511	0.00444	0.02055	0.00619	0.00345	0.00261	0.00682
31	0.00809	0.00559	0.00690	0.00666	0.00796	0.00541	0.00501	0.01126	0.07604	0.03396	0.49411	0.11107	0.05726	0.01014	0.00566	0.00162	0.00269	0.03406	0.11149	0.00502
32	0.01146	0.01801	0.30944	0.03381	0.06938	0.06862	0.25057	0.01662	0.07573	0.01605	0.01134	0.05582	0.00915	0.00539	0.00526	0.00162	0.00719	0.00518	0.00274	0.02661
33	0.01339	0.01126	0.01189	0.01045	0.01346	0.01296	0.00820	0.11773	0.68943	0.02246	0.01955	0.01805	0.01460	0.00676	0.00513	0.00169	0.00419	0.00558	0.00513	0.00808
34	0.85801	0.00978	0.00743	0.00665	0.00978	0.01134	0.00548	0.01486	0.00861	0.02269	0.00704	0.00821	0.00548	0.00469	0.00313	0.00156	0.00391	0.00274	0.00313	0.00548
35	0.01171	0.07540	0.31382	0.04074	0.29575	0.01179	0.01472	0.04368	0.01188	0.04267	0.08029	0.01396	0.01103	0.00527	0.00490	0.00153	0.00614	0.00453	0.00283	0.00738
36	0.00948	0.01627	0.40631	0.01147	0.04556	0.00897	0.02034	0.03324	0.01118	0.01665	0.07092	0.05414	0.07170	0.00852	0.05348	0.00195	0.00596	0.00547	0.14210	0.00629
37	0.00682	0.00533	0.00733	0.00836	0.04835	0.00494	0.02526	0.00819	0.01072	0.01413	0.09968	0.49321	0.17567	0.01377	0.00626	0.00193	0.00322	0.05773	0.00460	0.00450
38	0.01153	0.00865	0.01125	0.01162	0.11391	0.05083	0.03534	0.01333	0.03908	0.12313	0.07368	0.07033	0.01681	0.28960	0.01371	0.00281	0.09873	0.00654	0.00366	0.00545
39	0.01412	0.04274	0.01272	0.05877	0.01446	0.01249	0.00840	0.25604	0.33600	0.05350	0.08057	0.01903	0.05481	0.00697	0.00515	0.00161	0.00452	0.00567	0.00488	0.00755
40	0.00714	0.00507	0.00596	0.00603	0.00652	0.00504	0.00395	0.00775	0.00846	0.01107	0.02254	0.03555	0.15500	0.52437	0.12499	0.00461	0.00563	0.05336	0.00340	0.00357
41	0.01214	0.01319	0.10585	0.01249	0.08397	0.07262	0.05794	0.07163	0.16644	0.01846	0.07955	0.01496	0.01252	0.00545	0.00476	0.00134	0.00518	0.00462	0.00359	0.25330
42	0.01021	0.00993	0.01408	0.01234	0.01250	0.01341	0.02596	0.01134	0.00818	0.01239	0.01048	0.15452	0.01142	0.00999	0.01457	0.00217	0.65231	0.00622	0.00266	0.00531

[dist]
# distance from previous block
# <min> <max>
0	1

[block]
# block no. 2 follows, 49 sequences, length 25
# corresponding to MSA columns:
# 222-246
name=unknown_C
#
# <colnr> <probs for GDERKNQSTAVLIFYWHMCP>
#	G	D	E	R	K	N	Q	S	T	A	V	L	I	F	Y	W	H	M	C	P
0	0.01315	0.07393	0.01418	0.14389	0.04187	0.11340	0.00964	0.07322	0.32430	0.01779	0.01380	0.01494	0.01077	0.00603	0.00535	0.00156	0.04117	0.01608	0.00375	0.06120
1	0.67741	0.01012	0.00859	0.00745	0.01068	0.01151	0.00610	0.07381	0.06835	0.07265	0.00927	0.00989	0.00691	0.00506	0.00355	0.00157	0.00407	0.00325	0.00363	0.00610
2	0.01182	0.00968	0.01110	0.00814	0.01239	0.00818	0.00655	0.14350	0.01297	0.01932	0.05016	0.01219	0.00978	0.00449	0.00409	0.00093	0.00399	0.00358	0.00348	0.66366
3	0.01190	0.00625	0.00809	0.00701	0.00914	0.00554	0.00547	0.01399	0.01394	0.26468	0.43328	0.03290	0.14841	0.00942	0.00569	0.00160	0.00302	0.00809	0.00565	0.00591
4	0.00955	0.00899	0.01517	0.81013	0.03483	0.01123	0.01404	0.01292	0.01011	0.01292	0.00899	0.01348	0.00674	0.00506	0.00506	0.00169	0.00674	0.00449	0.00225	0.00562
5	0.22752	0.01176	0.01127	0.00931	0.01244	0.06231	0.00754	0.31534	0.07399	0.06499	0.01211	0.01265	0.00897	0.00578	0.00462	0.00150	0.02458	0.00415	0.12219	0.00698
6	0.00823	0.00526	0.00675	0.00638	0.00766	0.00487	0.00478	0.01048	0.01356	0.06412	0.59987	0.09330	0.04071	0.01002	0.00568	0.00158	0.00253	0.00881	0.10050	0.00494
7	0.01794	0.01367	0.03403	0.01271	0.05574	0.19663	0.10093	0.05777	0.06291	0.32121	0.03910	0.01503	0.01126	0.00579	0.00504	0.00151	0.00604	0.00483	0.03047	0.00740
8	0.00787	0.00475	0.00611	0.00605	0.00623	0.00469	0.00383	0.00739	0.00811	0.01100	0.12979	0.02707	0.01917	0.39440	0.02049	0.32613	0.00433	0.00650	0.00311	0.00299
9	0.08993	0.10341	0.01483	0.01014	0.01410	0.01347	0.00854	0.41327	0.01836	0.24421	0.01334	0.01279	0.00921	0.00581	0.00470	0.00149	0.00505	0.00434	0.00491	0.00810
10	0.01103	0.13842	0.39733	0.01201	0.01712	0.01282	0.01332	0.01696	0.14810	0.01592	0.01132	0.04177	0.00912	0.00578	0.00561	0.00156	0.07336	0.00434	0.00283	0.06127
11	0.67753	0.09351	0.01025	0.00741	0.01077	0.01272	0.00627	0.10021	0.01048	0.02262	0.00761	0.00865	0.00593	0.00481	0.00336	0.00151	0.00425	0.00294	0.00325	0.00593
12	0.19870	0.37791	0.01777	0.00888	0.01254	0.04554	0.00799	0.15573	0.01274	0.03250	0.00975	0.01250	0.00839	0.00546	0.00389	0.00137	0.00510	0.05143	0.02530	0.00651
13	0.01189	0.02921	0.05067	0.15532	0.30583	0.06227	0.18349	0.01583	0.06069	0.01557	0.01107	0.05502	0.00933	0.00534	0.00524	0.00160	0.00665	0.00528	0.00274	0.00695
14	0.00979	0.00896	0.02828	0.21267	0.06327	0.04994	0.06509	0.03872	0.01074	0.01425	0.01462	0.05011	0.01405	0.08911	0.13611	0.00309	0.00716	0.13709	0.04163	0.00532
15	0.00708	0.00485	0.00560	0.00576	0.00597	0.00474	0.00344	0.00741	0.00831	0.01103	0.05776	0.15295	0.07099	0.60943	0.02060	0.00411	0.00433	0.00871	0.00354	0.00338
16	0.01259	0.00612	0.00784	0.00694	0.00894	0.00555	0.00536	0.01463	0.01301	0.27428	0.27074	0.11528	0.04933	0.00878	0.00524	0.00155	0.00308	0.00754	0.17727	0.00593
17	0.01333	0.01036	0.01136	0.00979	0.01248	0.01143	0.00768	0.29314	0.29185	0.02369	0.11646	0.13962	0.01979	0.00837	0.00542	0.00168	0.00420	0.00704	0.00510	0.00722
18	0.07412	0.00648	0.00774	0.00704	0.00883	0.00642	0.00555	0.01236	0.02573	0.13192	0.30231	0.03231	0.18913	0.00952	0.00615	0.00166	0.05441	0.04427	0.06866	0.00538
19	0.01748	0.01007	0.01132	0.00918	0.01239	0.03061	0.00741	0.22228	0.13205	0.30009	0.02853	0.01651	0.01236	0.00627	0.00480	0.00150	0.00433	0.00498	0.16016	0.00767
20	0.01266	0.67664	0.02383	0.00914	0.01301	0.01764	0.03207	0.01447	0.01053	0.01252	0.01011	0.01567	0.00994	0.00578	0.00389	0.00129	0.00539	0.11663	0.00255	0.00622
21	0.06799	0.01093	0.01531	0.01441	0.16263	0.01040	0.09184	0.13000	0.01309	0.10647	0.01073	0.01209	0.00819	0.00480	0.00495	0.00130	0.03080	0.00411	0.00352	0.29645
22	0.00735	0.00490	0.00552	0.00552	0.00552	0.00490	0.00306	0.00735	0.00735	0.00980	0.01593	0.03309	0.01838	0.82229	0.02574	0.00490	0.00490	0.00735	0.00306	0.00306
23	0.20201	0.00867	0.00969	0.02800	0.01161	0.00907	0.00691	0.10074	0.09349	0.18631	0.16842	0.03418	0.03289	0.00771	0.00504	0.00167	0.00399	0.07822	0.00487	0.00650
24	0.21490	0.25295	0.17696	0.07069	0.01637	0.01415	0.03468	0.08522	0.01150	0.06743	0.00900	0.01020	0.00687	0.00485	0.00404	0.00144	0.00562	0.00348	0.00293	0.00672

[dist]
# distance from previous block
# <min> <max>
2	3

[block]
# block no. 3 follows, 49 sequences, length 14
# corresponding to MSA columns:
# 250-263
name=unknown_D
#
# <colnr> <probs for GDERKNQSTAVLIFYWHMCP>
#	G	D	E	R	K	N	Q	S	T	A	V	L	I	F	Y	W	H	M	C	P
0	0.14887	0.01025	0.01132	0.00892	0.01268	0.06655	0.00728	0.06107	0.01366	0.50164	0.01559	0.01431	0.01030	0.00568	0.00461	0.00146	0.00461	0.00436	0.00513	0.09172
1	0.01261	0.00906	0.01332	0.15134	0.16068	0.00945	0.04556	0.02959	0.13193	0.15018	0.01739	0.06885	0.04751	0.03058	0.00579	0.00174	0.00493	0.03417	0.06860	0.00672
2	0.00703	0.00559	0.00642	0.00596	0.00771	0.00478	0.00444	0.00872	0.01203	0.01601	0.28710	0.07993	0.36728	0.04699	0.00659	0.00170	0.00278	0.00921	0.00469	0.11504
3	0.01222	0.00963	0.01087	0.00907	0.01144	0.04330	0.03693	0.24078	0.03841	0.01882	0.01420	0.05405	0.01341	0.23088	0.06546	0.00284	0.00566	0.03210	0.03370	0.11624
4	0.00666	0.00505	0.00613	0.00606	0.00730	0.00453	0.00447	0.00850	0.01284	0.01724	0.45818	0.14303	0.27794	0.01183	0.00603	0.00169	0.00251	0.01031	0.00518	0.00453
5	0.00725	0.00527	0.00735	0.00729	0.00803	0.00579	0.00537	0.00871	0.00876	0.01241	0.11507	0.02525	0.01854	0.21520	0.51938	0.00653	0.01010	0.00635	0.00316	0.00421
6	0.01273	0.32926	0.20681	0.09210	0.05056	0.01493	0.04098	0.07082	0.01149	0.05219	0.00918	0.01095	0.00730	0.00622	0.03640	0.00168	0.03316	0.00374	0.00263	0.00686
7	0.00885	0.00580	0.00686	0.00681	0.00808	0.00557	0.00489	0.04051	0.05836	0.07865	0.09535	0.31093	0.16909	0.09995	0.00794	0.00211	0.00326	0.01002	0.07204	0.00491
8	0.01467	0.05517	0.01203	0.04004	0.01311	0.00866	0.00727	0.08987	0.01272	0.25226	0.02784	0.01440	0.01046	0.00940	0.10844	0.00210	0.00555	0.00425	0.00412	0.30764
9	0.04741	0.13403	0.28820	0.01289	0.04089	0.06535	0.10850	0.03724	0.01166	0.04763	0.05289	0.06205	0.03792	0.00598	0.00484	0.00152	0.00624	0.00504	0.00297	0.02673
10	0.15946	0.27036	0.02857	0.01047	0.04261	0.25899	0.00845	0.01646	0.01145	0.04729	0.00939	0.06192	0.00843	0.00548	0.00403	0.00133	0.00608	0.00384	0.00285	0.04252
11	0.09984	0.16893	0.13466	0.00906	0.01256	0.01068	0.00869	0.07188	0.01245	0.12095	0.12923	0.08179	0.04844	0.00765	0.00489	0.00158	0.00463	0.06176	0.00401	0.00632
12	0.07430	0.14472	0.17445	0.01100	0.02818	0.11484	0.03170	0.04748	0.05249	0.09863	0.01034	0.01115	0.00785	0.00486	0.00430	0.00131	0.00580	0.00365	0.00317	0.16978
13	0.01190	0.05936	0.04722	0.01227	0.07875	0.11882	0.07337	0.06136	0.03073	0.03337	0.04510	0.05715	0.04517	0.02456	0.03369	0.00185	0.00586	0.13477	0.00355	0.12115

[dist]
# distance from previous block
# <min> <max>
13	29

[block]
# block no. 4 follows, 49 sequences, length 15
# corresponding to MSA columns:
# 293-307
name=unknown_E
#
# <colnr> <probs for GDERKNQSTAVLIFYWHMCP>
#	G	D	E	R	K	N	Q	S	T	A	V	L	I	F	Y	W	H	M	C	P
0	0.07959	0.10157	0.01567	0.06908	0.11786	0.11738	0.03864	0.05255	0.01090	0.01499	0.01024	0.08991	0.00979	0.02751	0.00781	0.00172	0.18375	0.00501	0.00283	0.04321
1	0.07334	0.02742	0.18899	0.17364	0.10411	0.03114	0.04938	0.04499	0.02944	0.05439	0.02687	0.01769	0.04752	0.00633	0.00565	0.00168	0.04706	0.06077	0.00307	0.00653
2	0.19784	0.07096	0.11593	0.00946	0.05872	0.00917	0.00802	0.01319	0.05083	0.01888	0.29528	0.02420	0.06063	0.00763	0.00492	0.00159	0.00405	0.03893	0.00402	0.00575
3	0.01286	0.01312	0.01874	0.21880	0.42489	0.12191	0.06026	0.04067	0.01199	0.01555	0.00928	0.01234	0.00749	0.00478	0.00502	0.00153	0.00676	0.00442	0.00254	0.00707
4	0.01261	0.00671	0.00827	0.00708	0.00966	0.00580	0.00563	0.01452	0.01246	0.26804	0.10398	0.05876	0.19981	0.00868	0.00520	0.00152	0.00338	0.05263	0.10207	0.11320
5	0.01280	0.01093	0.01283	0.01092	0.01388	0.01225	0.06853	0.10911	0.56464	0.02136	0.04904	0.01916	0.01548	0.04815	0.00628	0.00185	0.00452	0.00582	0.00484	0.00760
6	0.22261	0.01439	0.03924	0.01147	0.07485	0.24224	0.00848	0.08544	0.04657	0.07598	0.01376	0.07714	0.05458	0.00652	0.00459	0.00153	0.00576	0.00492	0.00360	0.00631
7	0.01113	0.00603	0.00763	0.00688	0.00886	0.00531	0.00528	0.01290	0.01302	0.23709	0.27947	0.14009	0.22509	0.01055	0.00578	0.00168	0.00305	0.00909	0.00542	0.00564
8	0.07275	0.00710	0.00981	0.07203	0.01210	0.00753	0.04638	0.03276	0.04024	0.07232	0.17885	0.05192	0.08945	0.01664	0.21908	0.03192	0.02324	0.00665	0.00393	0.00529
9	0.00859	0.00446	0.00645	0.00645	0.00645	0.00446	0.00422	0.00669	0.00669	0.00892	0.00973	0.01772	0.01006	0.12439	0.02056	0.74032	0.00446	0.00478	0.00231	0.00231
10	0.04739	0.00802	0.00918	0.00904	0.01085	0.00869	0.00706	0.09717	0.25140	0.01844	0.02275	0.27769	0.02297	0.01109	0.00587	0.00193	0.00398	0.17571	0.00480	0.00599
11	0.05438	0.01062	0.01143	0.00887	0.01266	0.10030	0.03882	0.03033	0.01186	0.15172	0.01409	0.01472	0.06665	0.00629	0.03109	0.00137	0.00496	0.00419	0.00366	0.42199
12	0.00813	0.00545	0.00758	0.00763	0.00866	0.00500	0.03943	0.00929	0.01000	0.07148	0.02387	0.57403	0.02708	0.08944	0.00789	0.00216	0.00350	0.01165	0.03435	0.05338
13	0.08442	0.08161	0.01420	0.01185	0.01449	0.63488	0.00905	0.01863	0.01330	0.01319	0.00885	0.05561	0.00798	0.00572	0.00446	0.00135	0.00807	0.00381	0.00273	0.00578
14	0.01173	0.06299	0.36041	0.03839	0.26330	0.01258	0.08876	0.05270	0.03125	0.01679	0.00965	0.01174	0.00738	0.00475	0.00492	0.00155	0.00680	0.00424	0.00251	0.00755

[dist]
# distance from previous block
# <min> <max>
0	8

[block]
# block no. 5 follows, 49 sequences, length 24
# corresponding to MSA columns:
# 316-339
name=unknown_F
#
# <colnr> <probs for GDERKNQSTAVLIFYWHMCP>
#	G	D	E	R	K	N	Q	S	T	A	V	L	I	F	Y	W	H	M	C	P
0	0.08383	0.05108	0.01560	0.02661	0.05583	0.05866	0.09040	0.11292	0.04887	0.28351	0.01320	0.01356	0.00937	0.00598	0.00634	0.00162	0.10638	0.00461	0.00423	0.00741
1	0.00606	0.00478	0.00548	0.00604	0.00707	0.00419	0.00425	0.00715	0.01065	0.01330	0.04007	0.41648	0.42808	0.01426	0.00620	0.00187	0.00274	0.01244	0.00469	0.00419
2	0.00652	0.00483	0.00593	0.00656	0.00732	0.00445	0.00464	0.00765	0.01041	0.01352	0.09065	0.40846	0.21802	0.10548	0.00853	0.00228	0.00319	0.08285	0.00457	0.00413
3	0.01165	0.00757	0.00888	0.00790	0.01005	0.00775	0.00612	0.06157	0.21116	0.13263	0.29399	0.07038	0.04821	0.00853	0.00536	0.00160	0.00330	0.00730	0.08971	0.00633
4	0.14949	0.01008	0.01095	0.00920	0.01244	0.01082	0.00738	0.10579	0.31408	0.24544	0.01712	0.01597	0.01214	0.00621	0.00471	0.00160	0.00416	0.00488	0.04989	0.00767
5	0.24390	0.09863	0.00909	0.04512	0.00932	0.00882	0.00524	0.01099	0.00842	0.01446	0.01193	0.02032	0.01203	0.33991	0.09311	0.00351	0.00550	0.00507	0.05014	0.00448
6	0.15497	0.25135	0.30630	0.01075	0.01592	0.01414	0.01180	0.06559	0.05423	0.05805	0.00955	0.01042	0.00724	0.00492	0.00412	0.00144	0.00580	0.00350	0.00288	0.00702
7	0.05518	0.53294	0.02130	0.00938	0.01306	0.15962	0.00844	0.07144	0.01175	0.01385	0.00808	0.01008	0.00731	0.05318	0.00495	0.00140	0.00599	0.00322	0.00256	0.00628
8	0.85801	0.00978	0.00743	0.00665	0.00978	0.01134	0.00548	0.01486	0.00861	0.02269	0.00704	0.00821	0.00548	0.00469	0.00313	0.00156	0.00391	0.00274	0.00313	0.00548
9	0.02901	0.00841	0.01068	0.02883	0.01211	0.00908	0.03107	0.09034	0.17514	0.10272	0.08688	0.08571	0.04026	0.01999	0.05763	0.04355	0.04995	0.10797	0.00451	0.00615
10	0.00672	0.00517	0.00622	0.00644	0.00773	0.00466	0.00496	0.00847	0.01216	0.01581	0.26642	0.14031	0.34483	0.01263	0.00620	0.00182	0.00291	0.13712	0.00495	0.00447
11	0.01069	0.01004	0.01643	0.41304	0.29608	0.01145	0.01361	0.01428	0.04783	0.01494	0.05164	0.01458	0.00981	0.00544	0.00570	0.00165	0.04881	0.00480	0.00265	0.00652
12	0.00729	0.00573	0.00773	0.00935	0.08792	0.00549	0.00590	0.00939	0.05130	0.01501	0.15341	0.48133	0.11495	0.01297	0.00610	0.00187	0.00317	0.01164	0.00464	0.00484
13	0.00752	0.00558	0.00742	0.00739	0.00801	0.00613	0.00544	0.00871	0.00871	0.01201	0.06045	0.03016	0.05897	0.30323	0.32019	0.00537	0.05591	0.08144	0.00326	0.00409
14	0.01370	0.64861	0.07003	0.00950	0.01362	0.10082	0.00931	0.01555	0.01065	0.01237	0.00745	0.00872	0.00665	0.00463	0.00390	0.00117	0.03100	0.00293	0.02299	0.00641
15	0.01311	0.00874	0.01056	0.00789	0.01185	0.00713	0.00634	0.05576	0.01248	0.18001	0.10303	0.01519	0.01333	0.00517	0.00436	0.00106	0.00380	0.00424	0.00409	0.53186
16	0.01172	0.01438	0.24650	0.01512	0.16858	0.02741	0.02929	0.01618	0.08195	0.10203	0.07000	0.05542	0.03055	0.00845	0.04719	0.00200	0.01691	0.04586	0.00354	0.00695
17	0.01456	0.05513	0.01327	0.01069	0.01388	0.06186	0.00852	0.20035	0.51732	0.02264	0.01712	0.01614	0.01283	0.00644	0.00499	0.00161	0.00475	0.00514	0.00481	0.00793
18	0.72738	0.00902	0.00709	0.00643	0.00914	0.01034	0.00513	0.01395	0.00859	0.02120	0.00844	0.01127	0.00717	0.08630	0.00541	0.00188	0.00393	0.00331	0.04884	0.00519
19	0.01389	0.06677	0.26505	0.06341	0.18175	0.02898	0.01355	0.10773	0.07462	0.11821	0.01170	0.01271	0.00854	0.00524	0.00485	0.00154	0.00611	0.00430	0.00335	0.00770
20	0.00814	0.01135	0.22565	0.01014	0.04937	0.00722	0.00922	0.01157	0.05263	0.01602	0.19101	0.29142	0.06437	0.02112	0.00598	0.00180	0.00428	0.00905	0.00408	0.00558
21	0.00768	0.00775	0.06309	0.04654	0.01034	0.04990	0.00644	0.00981	0.03507	0.01472	0.15085	0.36698	0.17426	0.01217	0.00596	0.00182	0.00369	0.02371	0.00443	0.00479
22	0.01383	0.13552	0.16734	0.09901	0.15950	0.05913	0.01233	0.13500	0.05951	0.06865	0.01087	0.01268	0.00841	0.03047	0.00535	0.00159	0.00612	0.00422	0.00318	0.00728
23	0.05302	0.01708	0.35237	0.05492	0.01778	0.01150	0.01286	0.14088	0.11684	0.03846	0.04807	0.01586	0.01127	0.00770	0.04677	0.00198	0.00637	0.03564	0.00347	0.00716

[dist]
# distance from previous block
# <min> <max>
1	5

[block]
# block no. 6 follows, 49 sequences, length 35
# corresponding to MSA columns:
# 351-364,366-386
name=unknown_G
#
# <colnr> <probs for GDERKNQSTAVLIFYWHMCP>
#	G	D	E	R	K	N	Q	S	T	A	V	L	I	F	Y	W	H	M	C	P
0	0.01143	0.06223	0.11497	0.05604	0.25570	0.01216	0.14086	0.02408	0.08664	0.01583	0.02725	0.01454	0.00975	0.04081	0.04730	0.00208	0.06369	0.00492	0.00280	0.00692
1	0.01263	0.00788	0.05082	0.00769	0.01057	0.00616	0.00642	0.01476	0.01285	0.27252	0.21580	0.09212	0.13507	0.00860	0.00535	0.00152	0.00355	0.00733	0.00506	0.12330
2	0.01106	0.01106	0.01549	0.01328	0.01328	0.01549	0.01106	0.01217	0.00774	0.01217	0.00664	0.01106	0.00664	0.00885	0.01659	0.00221	0.81303	0.00443	0.00221	0.00553
3	0.01319	0.14286	0.25804	0.01238	0.02665	0.09131	0.04429	0.10886	0.19091	0.01819	0.02818	0.01345	0.00998	0.00559	0.00475	0.00152	0.00617	0.01301	0.00335	0.00731
4	0.33579	0.09412	0.08001	0.01582	0.24512	0.06896	0.03187	0.04490	0.01090	0.01866	0.00829	0.01006	0.00667	0.00469	0.00410	0.00148	0.00554	0.00354	0.00279	0.00668
5	0.01165	0.08190	0.15863	0.10019	0.32419	0.01175	0.01324	0.07169	0.01233	0.01728	0.10255	0.01482	0.01224	0.00539	0.00489	0.00148	0.00574	0.00471	0.00296	0.04239
6	0.00609	0.00513	0.00529	0.00525	0.00690	0.00432	0.00393	0.00748	0.01180	0.01432	0.12442	0.04758	0.71508	0.01256	0.00598	0.00170	0.00254	0.01052	0.00478	0.00432
7	0.03350	0.01642	0.01405	0.01217	0.01516	0.32427	0.06324	0.08814	0.32164	0.01815	0.01394	0.01480	0.01090	0.00609	0.00497	0.00155	0.00650	0.02364	0.00390	0.00699
8	0.01550	0.01361	0.01323	0.25414	0.01998	0.24069	0.01000	0.13138	0.01405	0.12287	0.01150	0.01315	0.00847	0.00552	0.00474	0.00147	0.00641	0.00425	0.10261	0.00644
9	0.00658	0.00493	0.00615	0.00663	0.00760	0.00450	0.00487	0.00809	0.01152	0.01517	0.22150	0.34253	0.23221	0.01349	0.00627	0.00188	0.00289	0.09391	0.00491	0.00437
10	0.01564	0.01088	0.01336	0.08412	0.01584	0.01171	0.04421	0.31834	0.13393	0.14371	0.05163	0.01735	0.04448	0.00784	0.03834	0.00186	0.00535	0.00538	0.02852	0.00752
11	0.00883	0.00516	0.00650	0.00636	0.00686	0.00508	0.00415	0.00889	0.00826	0.07869	0.01688	0.08147	0.03864	0.46044	0.07595	0.15288	0.00517	0.02277	0.00335	0.00364
12	0.01849	0.08923	0.01545	0.01249	0.01542	0.63577	0.00966	0.11697	0.01521	0.01485	0.00831	0.00943	0.00678	0.00525	0.00451	0.00131	0.00835	0.00338	0.00289	0.00627
13	0.01078	0.01001	0.01650	0.19496	0.40910	0.01052	0.03220	0.01405	0.04279	0.01519	0.01177	0.08196	0.01057	0.00857	0.07474	0.00215	0.00646	0.00545	0.00278	0.03945
14	0.01361	0.36523	0.13191	0.01152	0.01581	0.03069	0.07362	0.14276	0.06854	0.01689	0.00971	0.02242	0.00798	0.00537	0.00515	0.00142	0.06344	0.00395	0.00294	0.00700
15	0.01184	0.01156	0.02043	0.19194	0.54965	0.01194	0.09834	0.01505	0.01127	0.01574	0.00948	0.01284	0.00771	0.00459	0.00512	0.00156	0.00644	0.00466	0.00246	0.00738
16	0.01224	0.01034	0.01101	0.00985	0.01259	0.01178	0.00769	0.07966	0.62024	0.02082	0.02212	0.02089	0.07887	0.00896	0.04785	0.00204	0.00451	0.00603	0.00497	0.00755
17	0.00679	0.00465	0.00603	0.00700	0.00745	0.00445	0.00489	0.00790	0.00980	0.01340	0.02572	0.58581	0.02984	0.08735	0.00801	0.00227	0.00328	0.10661	0.07463	0.00413
18	0.03526	0.00583	0.00722	0.00697	0.00808	0.00559	0.00494	0.01156	0.00983	0.17257	0.01979	0.15831	0.02045	0.38213	0.01490	0.00326	0.00435	0.10158	0.02270	0.00468
19	0.00765	0.00534	0.00608	0.00609	0.00768	0.00462	0.00459	0.00903	0.01160	0.08211	0.08047	0.18411	0.50700	0.01272	0.00604	0.00178	0.00288	0.05068	0.00487	0.00466
20	0.01337	0.01126	0.01188	0.01045	0.01345	0.01295	0.00820	0.11630	0.69089	0.02244	0.01957	0.01806	0.01462	0.00677	0.00513	0.00169	0.00419	0.00558	0.00513	0.00808
21	0.06449	0.01170	0.01312	0.01022	0.01401	0.01233	0.00840	0.44211	0.04881	0.26507	0.01478	0.01403	0.01008	0.00608	0.00490	0.00153	0.00489	0.00467	0.04052	0.00825
22	0.01922	0.01416	0.01518	0.01163	0.01568	0.01568	0.00961	0.77388	0.02378	0.03187	0.01214	0.01214	0.00860	0.00607	0.00506	0.00152	0.00556	0.00455	0.00506	0.00860
23	0.01598	0.01162	0.01613	0.02034	0.40174	0.07584	0.01161	0.01930	0.06762	0.25628	0.04291	0.01509	0.01131	0.00549	0.00504	0.00152	0.00546	0.00484	0.00397	0.00789
24	0.01352	0.82533	0.02650	0.00865	0.01298	0.02001	0.00865	0.01514	0.01027	0.01190	0.00703	0.00811	0.00649	0.00433	0.00324	0.00108	0.00541	0.00270	0.00216	0.00649
25	0.01318	0.01230	0.01161	0.01099	0.05130	0.24163	0.03705	0.01519	0.04027	0.08147	0.01256	0.01727	0.01106	0.14557	0.13067	0.00305	0.06487	0.00492	0.08953	0.00552
26	0.01348	0.01181	0.01274	0.07781	0.05097	0.05495	0.00911	0.12968	0.52051	0.02115	0.01737	0.03127	0.01326	0.00657	0.00511	0.00166	0.00480	0.00542	0.00463	0.00770
27	0.02017	0.00941	0.01176	0.00916	0.01276	0.00897	0.00751	0.19278	0.01630	0.52686	0.05700	0.01722	0.01345	0.00640	0.00501	0.00153	0.00435	0.00514	0.06608	0.00813
28	0.01182	0.01106	0.01873	0.04347	0.63073	0.01102	0.05056	0.01475	0.01143	0.01647	0.01235	0.01505	0.05014	0.00506	0.00498	0.00150	0.00566	0.00492	0.07289	0.00743
29	0.00634	0.00457	0.00604	0.00709	0.00755	0.00427	0.00491	0.00741	0.01011	0.01344	0.06361	0.69695	0.06512	0.01533	0.00645	0.00204	0.00302	0.06686	0.00473	0.00418
30	0.00713	0.00482	0.00642	0.00668	0.00727	0.00476	0.00467	0.00765	0.00923	0.01240	0.10688	0.23340	0.11871	0.10149	0.16126	0.18562	0.00534	0.00879	0.00372	0.00376
31	0.01352	0.82533	0.02650	0.00865	0.01298	0.02001	0.00865	0.01514	0.01027	0.01190	0.00703	0.00811	0.00649	0.00433	0.00324	0.00108	0.00541	0.00270	0.00216	0.00649
32	0.01200	0.00685	0.00881	0.00791	0.01009	0.00638	0.00622	0.01519	0.08630	0.22396	0.27913	0.13165	0.02873	0.00957	0.00567	0.00168	0.00345	0.08692	0.00532	0.06415
33	0.01196	0.06284	0.27786	0.05296	0.08018	0.07030	0.01168	0.01523	0.01177	0.11499	0.13413	0.05082	0.01576	0.06018	0.00639	0.00177	0.00576	0.00545	0.00344	0.00653
34	0.01358	0.08405	0.08592	0.02539	0.04421	0.10027	0.00970	0.06141	0.46558	0.03216	0.01589	0.01541	0.01202	0.00610	0.00487	0.00158	0.00521	0.00487	0.00420	0.00759

[dist]
# distance from previous block
# <min> <max>
0	1

[block]
# block no. 7 follows, 49 sequences, length 41
# corresponding to MSA columns:
# 388-428
name=unknown_H
#
# <colnr> <probs for GDERKNQSTAVLIFYWHMCP>
#	G	D	E	R	K	N	Q	S	T	A	V	L	I	F	Y	W	H	M	C	P
0	0.00736	0.00557	0.00863	0.00871	0.00961	0.00542	0.07291	0.00861	0.00978	0.01307	0.02299	0.45431	0.02617	0.04244	0.07863	0.06862	0.00485	0.14395	0.00408	0.00430
1	0.01258	0.05743	0.31403	0.03237	0.29840	0.02356	0.05106	0.01647	0.01130	0.08872	0.01009	0.01200	0.00764	0.00495	0.00534	0.00156	0.03799	0.00423	0.00269	0.00757
2	0.00885	0.01159	0.20249	0.00979	0.01262	0.00838	0.02640	0.01192	0.01191	0.01738	0.35289	0.02547	0.03767	0.00830	0.00708	0.00166	0.12348	0.03711	0.03494	0.05007
3	0.00642	0.00466	0.00620	0.00707	0.00749	0.00445	0.00484	0.00753	0.01036	0.01403	0.14501	0.68143	0.03510	0.01485	0.00659	0.00199	0.01963	0.01336	0.00478	0.00424
4	0.01251	0.01076	0.01788	0.12815	0.57427	0.01098	0.01376	0.01544	0.01144	0.06585	0.01072	0.01350	0.00857	0.00481	0.00489	0.00150	0.00567	0.00456	0.07730	0.00745
5	0.01029	0.00848	0.02680	0.00912	0.04218	0.00882	0.00683	0.01829	0.36845	0.02022	0.26683	0.02452	0.02497	0.00769	0.00515	0.00158	0.00339	0.00658	0.13335	0.00645
6	0.00725	0.00532	0.00765	0.00765	0.00839	0.00606	0.00573	0.00873	0.00799	0.01139	0.01398	0.02227	0.01369	0.18047	0.66113	0.00754	0.01197	0.00577	0.00277	0.00425
7	0.01310	0.01669	0.26869	0.07015	0.20234	0.08492	0.04079	0.01718	0.04450	0.11508	0.01174	0.04544	0.00917	0.00546	0.00497	0.00155	0.00641	0.00467	0.00308	0.03406
8	0.01258	0.01058	0.01129	0.01003	0.01282	0.01209	0.00783	0.08312	0.65095	0.02190	0.09189	0.02012	0.01793	0.00713	0.00522	0.00169	0.00397	0.00595	0.00518	0.00775
9	0.01323	0.75570	0.09355	0.00915	0.01375	0.01929	0.00953	0.01522	0.01031	0.01226	0.00721	0.00834	0.00648	0.00437	0.00338	0.00113	0.00559	0.00279	0.00216	0.00658
10	0.00983	0.00916	0.01482	0.73514	0.03279	0.01136	0.01348	0.01423	0.08245	0.01369	0.01007	0.01399	0.00756	0.00522	0.00506	0.00169	0.00648	0.00461	0.00252	0.00584
11	0.01027	0.00869	0.01027	0.00766	0.01184	0.00665	0.00619	0.01252	0.01059	0.01635	0.01066	0.01485	0.00952	0.00470	0.00405	0.00090	0.00383	0.07367	0.00315	0.77364
12	0.00702	0.00505	0.00669	0.00679	0.00778	0.00472	0.00507	0.00906	0.01300	0.01811	0.54245	0.21864	0.04270	0.01194	0.00617	0.00177	0.00272	0.08044	0.00528	0.00461
13	0.01889	0.02410	0.01433	0.01303	0.01563	0.80199	0.00977	0.02019	0.01433	0.01238	0.00782	0.00912	0.00651	0.00521	0.00456	0.00130	0.00912	0.00326	0.00261	0.00586
14	0.27984	0.15983	0.01420	0.00906	0.01285	0.01362	0.00775	0.26253	0.01489	0.16444	0.01105	0.01111	0.00796	0.00536	0.00413	0.00146	0.00479	0.00375	0.00415	0.00724
15	0.05334	0.00798	0.01024	0.00816	0.01140	0.00724	0.00664	0.04619	0.01403	0.55590	0.09820	0.01902	0.01580	0.00656	0.00489	0.00152	0.00388	0.00534	0.11610	0.00757
16	0.05001	0.00812	0.01024	0.00830	0.01125	0.00766	0.00669	0.10980	0.01531	0.40023	0.28738	0.02344	0.02408	0.00760	0.00531	0.00157	0.00377	0.00635	0.00575	0.00714
17	0.00613	0.00503	0.00535	0.00557	0.00698	0.00432	0.00409	0.00734	0.01110	0.01345	0.04557	0.16526	0.62033	0.04297	0.00681	0.00190	0.00277	0.03619	0.00463	0.00421
18	0.01869	0.01396	0.01520	0.01174	0.01552	0.01567	0.00971	0.72421	0.02273	0.03058	0.01178	0.01207	0.00847	0.00625	0.00581	0.00156	0.05822	0.00454	0.00487	0.00840
19	0.01053	0.03094	0.08921	0.00821	0.01300	0.00757	0.00732	0.01312	0.01050	0.01632	0.00895	0.01045	0.00736	0.00386	0.00384	0.00084	0.00416	0.00306	0.00289	0.74788
20	0.00863	0.00769	0.00786	0.00743	0.00936	0.03087	0.00568	0.01388	0.24793	0.01581	0.03719	0.07737	0.45120	0.01073	0.00621	0.00174	0.04141	0.00883	0.00466	0.00551
21	0.01122	0.01050	0.01748	0.12115	0.55682	0.01088	0.01346	0.01384	0.01080	0.01521	0.01139	0.08485	0.01071	0.05784	0.00681	0.00181	0.03000	0.00555	0.00269	0.00699
22	0.01180	0.22773	0.42179	0.01185	0.01761	0.08265	0.01355	0.01561	0.01081	0.01459	0.00843	0.00993	0.00661	0.00477	0.00447	0.01387	0.00658	0.00335	0.00229	0.11171
23	0.01114	0.01129	0.01675	0.01398	0.01443	0.01525	0.07804	0.01252	0.00811	0.01252	0.00695	0.01129	0.00673	0.00845	0.01566	0.00217	0.74226	0.00456	0.00224	0.00564
24	0.00687	0.00513	0.00641	0.00634	0.00756	0.00467	0.00478	0.00888	0.01312	0.01785	0.51103	0.11012	0.20781	0.01160	0.00607	0.00170	0.00262	0.05760	0.00524	0.00460
25	0.00666	0.00486	0.00620	0.00646	0.00731	0.00447	0.00458	0.00827	0.01198	0.01637	0.39140	0.33572	0.11854	0.04494	0.00694	0.00191	0.00271	0.01122	0.00504	0.00440
26	0.00658	0.00471	0.00629	0.00710	0.00768	0.00442	0.00504	0.00794	0.01094	0.01483	0.20435	0.56608	0.03635	0.01439	0.00639	0.00197	0.00297	0.08277	0.00489	0.00431
27	0.61740	0.00892	0.00790	0.00692	0.00986	0.00982	0.00563	0.01536	0.01026	0.12532	0.12727	0.01390	0.01282	0.00576	0.00382	0.00157	0.00373	0.00402	0.00392	0.00579
28	0.85801	0.00978	0.00743	0.00665	0.00978	0.01134	0.00548	0.01486	0.00861	0.02269	0.00704	0.00821	0.00548	0.00469	0.00313	0.00156	0.00391	0.00274	0.00313	0.00548
29	0.85801	0.00978	0.00743	0.00665	0.00978	0.01134	0.00548	0.01486	0.00861	0.02269	0.00704	0.00821	0.00548	0.00469	0.00313	0.00156	0.00391	0.00274	0.00313	0.00548
30	0.01121	0.01235	0.02634	0.01904	0.02356	0.01157	0.65591	0.01519	0.01230	0.01682	0.12825	0.01730	0.01375	0.00518	0.00597	0.00169	0.00759	0.00645	0.00301	0.00651
31	0.01096	0.21952	0.60988	0.01302	0.01973	0.01374	0.01626	0.01580	0.01058	0.01502	0.00858	0.01006	0.00643	0.00469	0.00443	0.00148	0.00697	0.00349	0.00214	0.00724
32	0.02269	0.00861	0.01174	0.00900	0.01291	0.00743	0.00743	0.02464	0.01447	0.79425	0.01995	0.01721	0.01252	0.00626	0.00509	0.00156	0.00430	0.00509	0.00626	0.00861
33	0.00868	0.00709	0.01122	0.20659	0.01741	0.00757	0.05969	0.01137	0.01128	0.01462	0.02196	0.04328	0.04197	0.01111	0.00642	0.00211	0.00537	0.50330	0.00393	0.00502
34	0.01773	0.13788	0.01648	0.01119	0.01504	0.08979	0.00934	0.52131	0.08858	0.02605	0.01171	0.01185	0.00869	0.00580	0.00474	0.00145	0.00573	0.00425	0.00440	0.00797
35	0.00716	0.00517	0.00676	0.00636	0.00755	0.00477	0.00477	0.00954	0.01431	0.02028	0.78808	0.03777	0.04771	0.01034	0.00596	0.00159	0.00239	0.00914	0.00557	0.00477
36	0.01258	0.01086	0.01143	0.01029	0.01315	0.01258	0.00800	0.02687	0.78161	0.02115	0.02058	0.01887	0.01544	0.00686	0.00515	0.00172	0.00400	0.00572	0.00515	0.00800
37	0.01190	0.01017	0.01083	0.00979	0.01246	0.01162	0.00759	0.02472	0.68853	0.02091	0.09866	0.02138	0.03440	0.00733	0.00524	0.00170	0.00381	0.00616	0.00518	0.00760
38	0.01258	0.01086	0.01143	0.01029	0.01315	0.01258	0.00800	0.02687	0.78161	0.02115	0.02058	0.01887	0.01544	0.00686	0.00515	0.00172	0.00400	0.00572	0.00515	0.00800
39	0.04524	0.01132	0.01377	0.09009	0.01623	0.01224	0.00930	0.34907	0.01732	0.29066	0.01387	0.01380	0.00949	0.00624	0.00602	0.00161	0.07623	0.00466	0.00488	0.00794
40	0.53887	0.01055	0.00971	0.00813	0.01152	0.01178	0.00668	0.16327	0.06155	0.11989	0.01049	0.01076	0.00759	0.00529	0.00387	0.00157	0.00428	0.00357	0.00402	0.00663

[dist]
# distance from previous block
# <min> <max>
0	2

[block]
# block no. 8 follows, 49 sequences, length 60
# corresponding to MSA columns:
# 431-490
name=unknown_I
#
