[name]
unknown

[dist]
# distance from previous block
# <min> <max>
0	351

[block]
# block no. 0 follows, 45 sequences, length 125
# corresponding to MSA columns:
# 351-397,399-476
name=unknown_A
#
# <colnr> <probs for GDERKNQSTAVLIFYWHMCP>
#	G	D	E	R	K	N	Q	S	T	A	V	L	I	F	Y	W	H	M	C	P
0	0.05284	0.01071	0.06656	0.01407	0.01742	0.00924	0.29102	0.01435	0.01187	0.09443	0.01919	0.28025	0.01924	0.00965	0.00626	0.00195	0.00600	0.06462	0.00404	0.00628
1	0.01519	0.01294	0.01253	0.02398	0.01448	0.11462	0.00870	0.05999	0.51338	0.09314	0.01977	0.05712	0.01531	0.00739	0.00544	0.00176	0.00506	0.00604	0.00514	0.00804
2	0.01373	0.01492	0.01724	0.38126	0.16866	0.23317	0.03617	0.01705	0.03894	0.01468	0.00976	0.01301	0.00769	0.00535	0.00524	0.00164	0.00768	0.00449	0.00266	0.00664
3	0.01726	0.01333	0.01423	0.01165	0.01537	0.01499	0.00938	0.41355	0.36362	0.04199	0.01712	0.01624	0.01251	0.00683	0.00541	0.00171	0.00513	0.00541	0.00543	0.00884
4	0.06533	0.10295	0.63286	0.01397	0.02115	0.01314	0.01747	0.01715	0.01129	0.04388	0.00969	0.01114	0.00697	0.00510	0.00483	0.00164	0.00736	0.00384	0.00249	0.00774
5	0.00767	0.00575	0.00863	0.00863	0.00959	0.00671	0.00671	0.00959	0.00863	0.01246	0.01438	0.02109	0.01342	0.04026	0.79008	0.00863	0.01438	0.00575	0.00288	0.00479
6	0.01435	0.81458	0.02813	0.00918	0.01378	0.02124	0.00918	0.01607	0.01091	0.01263	0.00746	0.00861	0.00689	0.00459	0.00344	0.00115	0.00574	0.00287	0.00230	0.00689
7	0.01029	0.00975	0.01613	0.72321	0.03478	0.01236	0.01460	0.01364	0.01049	0.01364	0.00930	0.01407	0.00715	0.00575	0.00654	0.00184	0.08335	0.00476	0.00238	0.00595
8	0.84927	0.01038	0.00789	0.00706	0.01038	0.01204	0.00581	0.01578	0.00914	0.02408	0.00747	0.00872	0.00581	0.00498	0.00332	0.00166	0.00415	0.00291	0.00332	0.00581
9	0.00842	0.00567	0.00744	0.00689	0.00830	0.00521	0.00521	0.01093	0.01520	0.05952	0.73735	0.03901	0.04878	0.01076	0.00628	0.00169	0.00263	0.00949	0.00595	0.00527
10	0.02012	0.02366	0.01538	0.01356	0.01660	0.64895	0.01034	0.15598	0.01704	0.01691	0.00913	0.01026	0.00732	0.00570	0.00494	0.00142	0.00899	0.00371	0.00324	0.00675
11	0.01335	0.01153	0.01214	0.01092	0.01396	0.01335	0.00850	0.02852	0.76817	0.02245	0.02185	0.02003	0.01639	0.00728	0.00546	0.00182	0.00425	0.00607	0.00546	0.00850
12	0.00779	0.00526	0.00612	0.00612	0.00621	0.00535	0.00358	0.00798	0.00788	0.01061	0.01667	0.03378	0.01893	0.73739	0.10049	0.00553	0.00608	0.00761	0.00322	0.00340
13	0.02039	0.01556	0.01606	0.01242	0.01664	0.05529	0.01021	0.72305	0.02474	0.03280	0.01266	0.01273	0.00902	0.00640	0.00534	0.00160	0.00610	0.00476	0.00524	0.00898
14	0.01113	0.00954	0.01113	0.00795	0.01272	0.00716	0.00636	0.01352	0.01113	0.01749	0.00954	0.01113	0.00795	0.00398	0.00398	0.00080	0.00398	0.00318	0.00318	0.84417
15	0.01101	0.08187	0.73160	0.01488	0.02258	0.01307	0.01910	0.01694	0.01130	0.01670	0.00948	0.01115	0.00681	0.00506	0.00499	0.00166	0.00778	0.00389	0.00227	0.00786
16	0.84927	0.01038	0.00789	0.00706	0.01038	0.01204	0.00581	0.01578	0.00914	0.02408	0.00747	0.00872	0.00581	0.00498	0.00332	0.00166	0.00415	0.00291	0.00332	0.00581
17	0.01014	0.00954	0.01610	0.79845	0.03697	0.01193	0.01491	0.01371	0.01073	0.01371	0.00954	0.01431	0.00716	0.00537	0.00537	0.00179	0.00716	0.00477	0.00239	0.00596
18	0.00652	0.00476	0.00614	0.00725	0.00773	0.00438	0.00488	0.00750	0.01050	0.01379	0.03236	0.72334	0.11822	0.01646	0.00679	0.00214	0.00307	0.01482	0.00498	0.00438
19	0.00800	0.00555	0.00647	0.00635	0.00638	0.00581	0.00378	0.00812	0.00785	0.01060	0.01634	0.03353	0.01871	0.74795	0.04991	0.00516	0.04529	0.00759	0.00320	0.00343
20	0.01267	0.01448	0.03167	0.02262	0.02805	0.01357	0.75837	0.01719	0.01267	0.01719	0.01086	0.01448	0.00814	0.00452	0.00633	0.00181	0.00905	0.00633	0.00271	0.00724
21	0.00751	0.00548	0.00706	0.00666	0.00797	0.00503	0.00500	0.00996	0.01499	0.02104	0.72548	0.04089	0.10050	0.01115	0.00633	0.00170	0.00255	0.00982	0.00585	0.00503
22	0.01077	0.02777	0.78354	0.01530	0.02323	0.01247	0.01983	0.01700	0.01133	0.01700	0.00963	0.01133	0.00680	0.00510	0.00510	0.00170	0.00793	0.00397	0.00227	0.00793
23	0.00767	0.00575	0.00863	0.00863	0.00959	0.00671	0.00671	0.00959	0.00863	0.01246	0.01438	0.02109	0.01342	0.04026	0.79008	0.00863	0.01438	0.00575	0.00288	0.00479
24	0.02383	0.00954	0.01271	0.00974	0.01391	0.00849	0.00805	0.07661	0.01604	0.73017	0.02061	0.01790	0.01300	0.00663	0.00540	0.00166	0.00466	0.00536	0.00656	0.00913
25	0.00651	0.00543	0.00570	0.00586	0.00754	0.00463	0.00443	0.00791	0.01211	0.01455	0.05101	0.10422	0.67706	0.01390	0.00645	0.00188	0.00289	0.05841	0.00498	0.00455
26	0.01124	0.02463	0.61175	0.01763	0.07239	0.01267	0.14041	0.01700	0.01161	0.01707	0.00986	0.01197	0.00713	0.00499	0.00532	0.00171	0.00802	0.00441	0.00236	0.00786
27	0.02373	0.00970	0.01281	0.00982	0.01399	0.00873	0.00811	0.09655	0.01631	0.70986	0.02038	0.01775	0.01289	0.00662	0.00540	0.00166	0.00470	0.00534	0.00652	0.00913
28	0.00659	0.00545	0.00578	0.00570	0.00740	0.00464	0.00427	0.00819	0.01282	0.01590	0.19755	0.04936	0.63164	0.01307	0.00634	0.00179	0.00268	0.01101	0.00517	0.00464
29	0.01351	0.01451	0.07001	0.05083	0.65748	0.06614	0.01623	0.01678	0.01233	0.01710	0.00993	0.01294	0.00825	0.00487	0.00527	0.00159	0.00672	0.00464	0.00263	0.00824
30	0.00734	0.00524	0.00714	0.00838	0.00905	0.00505	0.00637	0.00885	0.01106	0.01459	0.02915	0.52564	0.03376	0.01607	0.00706	0.00229	0.00380	0.28960	0.00497	0.00458
31	0.84927	0.01038	0.00789	0.00706	0.01038	0.01204	0.00581	0.01578	0.00914	0.02408	0.00747	0.00872	0.00581	0.00498	0.00332	0.00166	0.00415	0.00291	0.00332	0.00581
32	0.01787	0.01378	0.01468	0.01184	0.01568	0.01546	0.00959	0.49748	0.29185	0.02975	0.01610	0.01545	0.01173	0.00674	0.00540	0.00169	0.00531	0.00528	0.00540	0.00890
33	0.01314	0.01111	0.01168	0.01054	0.01346	0.01282	0.00819	0.02750	0.71966	0.02230	0.02157	0.02003	0.01622	0.00722	0.00535	0.00178	0.00414	0.00600	0.05902	0.00827
34	0.02267	0.00947	0.01247	0.00964	0.01362	0.00856	0.00793	0.09620	0.01631	0.66045	0.06869	0.01915	0.01528	0.00690	0.00546	0.00166	0.00457	0.00562	0.00647	0.00887
35	0.00698	0.00541	0.00636	0.00623	0.00767	0.00479	0.00463	0.00890	0.01358	0.01795	0.41210	0.09789	0.36318	0.01251	0.00637	0.00178	0.00265	0.01079	0.00545	0.00479
36	0.84927	0.01038	0.00789	0.00706	0.01038	0.01204	0.00581	0.01578	0.00914	0.02408	0.00747	0.00872	0.00581	0.00498	0.00332	0.00166	0.00415	0.00291	0.00332	0.00581
37	0.00660	0.00539	0.00583	0.00584	0.00744	0.00462	0.00433	0.00816	0.01267	0.01581	0.19284	0.10226	0.58291	0.01331	0.00638	0.00181	0.00271	0.01129	0.00516	0.00462
38	0.01156	0.01100	0.03172	0.37399	0.09804	0.01185	0.16178	0.04125	0.07716	0.01697	0.01193	0.01528	0.00908	0.00544	0.00538	0.00171	0.00666	0.00521	0.09728	0.00671
39	0.01334	0.01134	0.01194	0.01072	0.01371	0.01309	0.00835	0.04027	0.72709	0.02255	0.02153	0.01991	0.01616	0.00723	0.00540	0.00180	0.00421	0.00601	0.03697	0.00838
40	0.01413	0.03357	0.01999	0.07722	0.56916	0.01268	0.01470	0.05193	0.04904	0.07029	0.01143	0.01382	0.00909	0.00512	0.00525	0.00159	0.00611	0.00480	0.00317	0.02689
41	0.01156	0.09063	0.56156	0.01422	0.02061	0.01348	0.02981	0.04713	0.03726	0.01696	0.01007	0.01239	0.00772	0.03383	0.00677	0.00183	0.06984	0.00421	0.00255	0.00757
42	0.83104	0.01035	0.00799	0.00711	0.01045	0.01195	0.00586	0.01601	0.00927	0.04082	0.00778	0.00893	0.00598	0.00502	0.00337	0.00166	0.00416	0.00296	0.00340	0.00589
43	0.00826	0.00599	0.00718	0.00672	0.00825	0.00567	0.00508	0.03749	0.04114	0.02065	0.52924	0.03864	0.17023	0.01072	0.00604	0.00167	0.00274	0.00927	0.07979	0.00523
44	0.00744	0.00548	0.00696	0.00659	0.00793	0.00500	0.00494	0.00983	0.01483	0.02066	0.68671	0.04151	0.13951	0.01130	0.00633	0.00170	0.00256	0.00991	0.00580	0.00500
45	0.00654	0.00467	0.00623	0.00747	0.00779	0.00436	0.00498	0.00747	0.01028	0.01370	0.02959	0.80785	0.03550	0.01682	0.00685	0.00218	0.00311	0.01526	0.00498	0.00436
46	0.07697	0.00922	0.01216	0.00939	0.01349	0.00816	0.00776	0.02549	0.01496	0.73303	0.02030	0.01766	0.01281	0.00654	0.00527	0.00166	0.00454	0.00524	0.00643	0.00892
47	0.00760	0.00549	0.00718	0.00675	0.00802	0.00506	0.00506	0.01013	0.01519	0.02153	0.77503	0.04010	0.05065	0.01097	0.00633	0.00169	0.00253	0.00971	0.00591	0.00506
48	0.01077	0.02777	0.78354	0.01530	0.02323	0.01247	0.01983	0.01700	0.01133	0.01700	0.00963	0.01133	0.00680	0.00510	0.00510	0.00170	0.00793	0.00397	0.00227	0.00793
49	0.01329	0.01275	0.02179	0.03295	0.77787	0.01275	0.01647	0.01647	0.01222	0.01754	0.01010	0.01329	0.00850	0.00478	0.00531	0.00159	0.00638	0.00478	0.00266	0.00850
50	0.01035	0.00976	0.01649	0.74582	0.08791	0.01198	0.01502	0.01390	0.01084	0.01398	0.00958	0.01424	0.00725	0.00533	0.00536	0.00178	0.00710	0.00477	0.00240	0.00614
51	0.00653	0.00486	0.00608	0.00701	0.00768	0.00442	0.00479	0.00760	0.01084	0.01410	0.05590	0.62254	0.19621	0.01596	0.00673	0.00209	0.00301	0.01425	0.00501	0.00442
52	0.01516	0.01243	0.01315	0.01129	0.01465	0.01419	0.00893	0.21567	0.57808	0.02537	0.01956	0.01820	0.01453	0.00707	0.00544	0.00177	0.00467	0.00575	0.00544	0.00866
53	0.02041	0.01504	0.01611	0.01235	0.01665	0.01665	0.01020	0.75997	0.02524	0.03383	0.01289	0.01289	0.00913	0.00644	0.00537	0.00161	0.00591	0.00483	0.00537	0.00913
54	0.01254	0.01070	0.01298	0.01173	0.10360	0.00956	0.00821	0.08368	0.12078	0.01969	0.01167	0.01282	0.00933	0.00477	0.00447	0.00111	0.00447	0.00393	0.00364	0.55030
55	0.00654	0.00467	0.00623	0.00747	0.00779	0.00436	0.00498	0.00747	0.01028	0.01370	0.02959	0.80785	0.03550	0.01682	0.00685	0.00218	0.00311	0.01526	0.00498	0.00436
56	0.00690	0.00497	0.00659	0.00766	0.00824	0.00467	0.00545	0.00817	0.01100	0.01461	0.08191	0.61405	0.07259	0.01598	0.00687	0.00217	0.00331	0.11534	0.00504	0.00450
57	0.01091	0.09487	0.60862	0.01372	0.02046	0.02882	0.01694	0.01620	0.01183	0.01706	0.09979	0.01445	0.01199	0.00576	0.00509	0.00164	0.00714	0.00454	0.00271	0.00747
58	0.05028	0.01004	0.01209	0.00993	0.06198	0.00833	0.00736	0.05598	0.01234	0.10189	0.01094	0.01204	0.00854	0.00450	0.00426	0.00102	0.00431	0.00360	0.00365	0.61693
59	0.15150	0.16515	0.07192	0.01095	0.01531	0.01606	0.00982	0.37641	0.07725	0.03926	0.01161	0.01196	0.00865	0.00583	0.00467	0.00156	0.00559	0.00420	0.00427	0.00804
60	0.02041	0.01504	0.01611	0.01235	0.01665	0.01665	0.01020	0.75997	0.02524	0.03383	0.01289	0.01289	0.00913	0.00644	0.00537	0.00161	0.00591	0.00483	0.00537	0.00913
61	0.00711	0.00547	0.00650	0.00624	0.00772	0.00486	0.00468	0.00919	0.01405	0.01881	0.49618	0.04457	0.33120	0.01199	0.00634	0.00174	0.00260	0.01034	0.00555	0.00486
62	0.01027	0.02515	0.69239	0.01417	0.02138	0.01155	0.01801	0.01596	0.01150	0.01686	0.03021	0.01581	0.08148	0.00604	0.00525	0.00171	0.00732	0.00479	0.00260	0.00755
63	0.01329	0.01275	0.02179	0.03295	0.77787	0.01275	0.01647	0.01647	0.01222	0.01754	0.01010	0.01329	0.00850	0.00478	0.00531	0.00159	0.00638	0.00478	0.00266	0.00850
64	0.00652	0.00544	0.00568	0.00562	0.00736	0.00460	0.00421	0.00804	0.01264	0.01547	0.15353	0.05007	0.67593	0.01323	0.00634	0.00180	0.00269	0.01111	0.00511	0.00460
65	0.01045	0.00646	0.00897	0.00958	0.01116	0.00627	0.00823	0.01283	0.01286	0.11173	0.07540	0.07382	0.03009	0.01361	0.00708	0.00231	0.00469	0.58378	0.00522	0.00546
66	0.01077	0.02777	0.78354	0.01530	0.02323	0.01247	0.01983	0.01700	0.01133	0.01700	0.00963	0.01133	0.00680	0.00510	0.00510	0.00170	0.00793	0.00397	0.00227	0.00793
67	0.00693	0.00546	0.00625	0.00605	0.00761	0.00478	0.00454	0.00883	0.01361	0.01778	0.39034	0.04627	0.43768	0.01237	0.00634	0.00175	0.00263	0.01057	0.00542	0.00478
68	0.01426	0.79364	0.04824	0.00935	0.01403	0.02101	0.00947	0.01610	0.01092	0.01275	0.00752	0.00868	0.00689	0.00461	0.00349	0.00116	0.00580	0.00290	0.00230	0.00692
69	0.02983	0.01271	0.01676	0.18475	0.06235	0.01451	0.06279	0.32505	0.10234	0.02374	0.02657	0.01446	0.00994	0.00643	0.00660	0.00176	0.08245	0.00510	0.00409	0.00776
70	0.01174	0.01174	0.01644	0.01409	0.01409	0.01644	0.01174	0.01292	0.00822	0.01292	0.00705	0.01174	0.00705	0.00940	0.01762	0.00235	0.80153	0.00470	0.00235	0.00587
71	0.00709	0.00550	0.00631	0.00624	0.00778	0.00486	0.00476	0.00900	0.01335	0.01746	0.32803	0.04695	0.42491	0.01247	0.00634	0.00179	0.00279	0.06075	0.02883	0.00478
72	0.77883	0.01027	0.00828	0.00727	0.01066	0.01169	0.00599	0.01667	0.00967	0.08875	0.00864	0.00954	0.00645	0.00512	0.00350	0.00166	0.00419	0.00312	0.00361	0.00610
73	0.02199	0.00867	0.01178	0.00919	0.01298	0.00753	0.00753	0.02412	0.01534	0.68485	0.11712	0.02105	0.01804	0.00719	0.00552	0.00166	0.00431	0.00595	0.00655	0.00862
74	0.02408	0.00914	0.01246	0.00955	0.01370	0.00789	0.00789	0.02616	0.01536	0.78158	0.02118	0.01827	0.01329	0.00664	0.00540	0.00166	0.00457	0.00540	0.00664	0.00914
75	0.00957	0.00688	0.00921	0.00998	0.01146	0.00699	0.00865	0.07219	0.01351	0.01771	0.05338	0.05594	0.02981	0.01401	0.00721	0.00237	0.00494	0.65589	0.00501	0.00529
76	0.02041	0.01504	0.01611	0.01235	0.01665	0.01665	0.01020	0.75997	0.02524	0.03383	0.01289	0.01289	0.00913	0.00644	0.00537	0.00161	0.00591	0.00483	0.00537	0.00913
77	0.84927	0.01038	0.00789	0.00706	0.01038	0.01204	0.00581	0.01578	0.00914	0.02408	0.00747	0.00872	0.00581	0.00498	0.00332	0.00166	0.00415	0.00291	0.00332	0.00581
78	0.00649	0.00486	0.00603	0.00696	0.00765	0.00440	0.00476	0.00753	0.01077	0.01390	0.03579	0.61861	0.22073	0.01601	0.00672	0.00209	0.00302	0.01428	0.00498	0.00440
79	0.00987	0.00807	0.00905	0.00844	0.01054	0.00853	0.00651	0.01755	0.33305	0.02052	0.30435	0.03442	0.15542	0.01002	0.00601	0.00180	0.00339	0.04053	0.00552	0.00642
80	0.05220	0.00967	0.01253	0.00962	0.01378	0.00871	0.00794	0.08411	0.01575	0.66149	0.01952	0.01719	0.01246	0.00645	0.00526	0.00162	0.00463	0.00517	0.00627	0.04562
81	0.01435	0.81458	0.02813	0.00918	0.01378	0.02124	0.00918	0.01607	0.01091	0.01263	0.00746	0.00861	0.00689	0.00459	0.00344	0.00115	0.00574	0.00287	0.00230	0.00689
82	0.02408	0.00914	0.01246	0.00955	0.01370	0.00789	0.00789	0.02616	0.01536	0.78158	0.02118	0.01827	0.01329	0.00664	0.00540	0.00166	0.00457	0.00540	0.00664	0.00914
83	0.01047	0.01045	0.01909	0.51324	0.04640	0.01165	0.19995	0.01406	0.01139	0.01474	0.01418	0.01792	0.08115	0.00593	0.00570	0.00179	0.00719	0.00579	0.00272	0.00619
84	0.01314	0.01135	0.01194	0.01076	0.01376	0.01308	0.00836	0.02789	0.74531	0.02221	0.02283	0.02098	0.03935	0.00747	0.00549	0.00182	0.00420	0.00623	0.00545	0.00838
85	0.00654	0.00467	0.00623	0.00747	0.00779	0.00436	0.00498	0.00747	0.01028	0.01370	0.02959	0.80785	0.03550	0.01682	0.00685	0.00218	0.00311	0.01526	0.00498	0.00436
86	0.00697	0.00546	0.00630	0.00609	0.00763	0.00480	0.00457	0.00891	0.01370	0.01799	0.41204	0.04592	0.41585	0.01229	0.00634	0.00175	0.00263	0.01052	0.00544	0.00480
87	0.01381	0.69633	0.14166	0.01010	0.01520	0.01992	0.01079	0.01621	0.01097	0.01329	0.00779	0.00902	0.00688	0.00467	0.00369	0.00123	0.00607	0.00304	0.00229	0.00705
88	0.01265	0.01314	0.01669	0.01536	0.06685	0.09037	0.01194	0.01398	0.00917	0.01326	0.00738	0.01165	0.00713	0.00871	0.01554	0.00220	0.67090	0.00458	0.00241	0.00609
89	0.02408	0.00914	0.01246	0.00955	0.01370	0.00789	0.00789	0.02616	0.01536	0.78158	0.02118	0.01827	0.01329	0.00664	0.00540	0.00166	0.00457	0.00540	0.00664	0.00914
90	0.01014	0.00954	0.01610	0.79845	0.03697	0.01193	0.01491	0.01371	0.01073	0.01371	0.00954	0.01431	0.00716	0.00537	0.00537	0.00179	0.00716	0.00477	0.00239	0.00596
91	0.00763	0.00553	0.00722	0.00692	0.00821	0.00512	0.00528	0.01011	0.01490	0.02090	0.69839	0.04191	0.07475	0.01133	0.00641	0.00175	0.00270	0.06010	0.00581	0.00504
92	0.01166	0.02756	0.70984	0.01516	0.02260	0.08703	0.01893	0.01742	0.01171	0.01663	0.00950	0.01117	0.00681	0.00514	0.00507	0.00167	0.00810	0.00392	0.00231	0.00777
93	0.02318	0.00887	0.01198	0.00926	0.01323	0.00770	0.00762	0.02529	0.01510	0.73277	0.02094	0.01838	0.01332	0.00662	0.00529	0.00163	0.00444	0.00537	0.06013	0.00887
94	0.01401	0.01291	0.02282	0.01717	0.02162	0.01295	0.41729	0.02212	0.28405	0.09240	0.01579	0.01683	0.01160	0.00572	0.00593	0.00180	0.00690	0.00615	0.00408	0.00787
95	0.01976	0.02510	0.01525	0.01384	0.01651	0.76264	0.01042	0.02114	0.01497	0.01313	0.00825	0.00975	0.00692	0.00567	0.00529	0.00142	0.03749	0.00350	0.00275	0.00621
96	0.01155	0.01142	0.01592	0.01368	0.01368	0.01588	0.01132	0.01267	0.00820	0.01279	0.00754	0.01290	0.00766	0.04914	0.01810	0.00249	0.76206	0.00485	0.00239	0.00574
97	0.00980	0.00733	0.01097	0.29767	0.01902	0.00841	0.00901	0.02634	0.07796	0.01326	0.01319	0.10721	0.01238	0.01337	0.05004	0.30434	0.00587	0.00611	0.00303	0.00471
98	0.00781	0.00520	0.00585	0.00585	0.00585	0.00520	0.00325	0.00781	0.00781	0.01041	0.01691	0.03513	0.01952	0.81135	0.02732	0.00520	0.00520	0.00781	0.00325	0.00325
99	0.01698	0.01460	0.01410	0.01184	0.01535	0.10631	0.00940	0.32224	0.38014	0.02594	0.01664	0.01593	0.01235	0.00674	0.00535	0.00168	0.00556	0.00526	0.00511	0.00848
100	0.00768	0.00572	0.00845	0.00845	0.00935	0.00661	0.00649	0.00947	0.00857	0.01233	0.01454	0.02199	0.01381	0.08968	0.74119	0.00841	0.01379	0.00588	0.00290	0.00469
101	0.09733	0.33654	0.01962	0.01134	0.01488	0.41088	0.00946	0.01877	0.01292	0.01399	0.00789	0.00916	0.00680	0.00511	0.00414	0.00132	0.00759	0.00317	0.00263	0.00645
102	0.01094	0.05046	0.70795	0.01503	0.02232	0.01301	0.01895	0.01669	0.01111	0.01659	0.00939	0.01128	0.00682	0.00538	0.00591	0.00173	0.06243	0.00398	0.00227	0.00776
103	0.01175	0.00975	0.01227	0.06144	0.06869	0.00789	0.00770	0.01426	0.01136	0.04857	0.01006	0.01178	0.00816	0.00423	0.00422	0.00095	0.00438	0.00349	0.00323	0.69583
104	0.00717	0.00555	0.00666	0.00708	0.00847	0.00503	0.00557	0.00895	0.01247	0.01585	0.14971	0.14326	0.37941	0.01393	0.00669	0.00202	0.00334	0.20901	0.00511	0.00470
105	0.21103	0.01052	0.01453	0.46045	0.02704	0.01238	0.04173	0.08631	0.03195	0.01859	0.00975	0.01291	0.00733	0.00536	0.00488	0.00172	0.00623	0.00439	0.00301	0.02990
106	0.00870	0.00662	0.00794	0.00740	0.00904	0.00661	0.00561	0.01356	0.15847	0.02120	0.55944	0.03633	0.08933	0.01028	0.00608	0.00171	0.00287	0.00896	0.03417	0.00568
107	0.03476	0.02147	0.37506	0.03381	0.02366	0.09734	0.26654	0.01770	0.03334	0.01685	0.01014	0.01246	0.00752	0.00509	0.00567	0.00172	0.02210	0.00477	0.00259	0.00740
108	0.02276	0.01050	0.01324	0.01013	0.01434	0.00987	0.00836	0.19356	0.01747	0.58204	0.01885	0.01677	0.01214	0.00650	0.00534	0.00162	0.00485	0.00519	0.00622	0.04026
109	0.00711	0.00522	0.00673	0.00764	0.00823	0.00505	0.00523	0.00918	0.06286	0.01506	0.10056	0.68004	0.03564	0.01560	0.00671	0.00211	0.00314	0.01410	0.00510	0.00471
110	0.01586	0.01065	0.01204	0.01052	0.01375	0.01160	0.00835	0.02705	0.53818	0.21596	0.02201	0.02160	0.01632	0.00750	0.00554	0.00181	0.00436	0.04267	0.00574	0.00848
111	0.01267	0.01448	0.03167	0.02262	0.02805	0.01357	0.75837	0.01719	0.01267	0.01719	0.01086	0.01448	0.00814	0.00452	0.00633	0.00181	0.00905	0.00633	0.00271	0.00724
112	0.12497	0.01160	0.01332	0.01034	0.01444	0.01183	0.00854	0.31173	0.01845	0.39534	0.01624	0.01498	0.01074	0.00636	0.00513	0.00164	0.00504	0.00487	0.00573	0.00872
113	0.00703	0.00543	0.00642	0.00625	0.00769	0.00481	0.00466	0.00901	0.01375	0.01827	0.44403	0.08045	0.34819	0.01232	0.00636	0.00176	0.00264	0.01063	0.00549	0.00481
114	0.01224	0.00716	0.00739	0.00658	0.00848	0.00750	0.00514	0.17296	0.01426	0.02298	0.01652	0.01848	0.01276	0.00629	0.00410	0.00133	0.00323	0.00497	0.66174	0.00589
115	0.01401	0.73911	0.10059	0.00977	0.01468	0.02040	0.01021	0.01616	0.01095	0.01305	0.00767	0.00887	0.00688	0.00464	0.00360	0.00120	0.00595	0.00298	0.00229	0.00699
116	0.00662	0.00482	0.00624	0.00721	0.00776	0.00444	0.00490	0.00774	0.01091	0.01448	0.09908	0.66620	0.10786	0.01598	0.00676	0.00210	0.00302	0.01438	0.00507	0.00444
117	0.02161	0.00866	0.01185	0.00960	0.01329	0.00762	0.00801	0.02375	0.01488	0.65909	0.02234	0.02504	0.01610	0.00795	0.00572	0.00179	0.00463	0.12322	0.00637	0.00846
118	0.00673	0.00487	0.00640	0.00756	0.00806	0.00454	0.00527	0.00783	0.01061	0.01398	0.03118	0.68536	0.08596	0.01641	0.00687	0.00218	0.00326	0.08352	0.00498	0.00443
119	0.10649	0.01501	0.01522	0.01187	0.01599	0.05006	0.00975	0.65029	0.02313	0.03191	0.01212	0.01231	0.00869	0.00625	0.00513	0.00161	0.00589	0.00457	0.00504	0.00866
120	0.00781	0.00520	0.00585	0.00585	0.00585	0.00520	0.00325	0.00781	0.00781	0.01041	0.01691	0.03513	0.01952	0.81135	0.02732	0.00520	0.00520	0.00781	0.00325	0.00325
121	0.81309	0.01033	0.00809	0.00717	0.01053	0.01186	0.00590	0.01623	0.00941	0.05729	0.00807	0.00914	0.00614	0.00506	0.00341	0.00166	0.00417	0.00302	0.00347	0.00596
122	0.01094	0.02673	0.73116	0.01651	0.07512	0.01249	0.01960	0.01696	0.01139	0.01704	0.00966	0.01147	0.00692	0.00508	0.00511	0.00169	0.00783	0.00402	0.00229	0.00797
123	0.63568	0.21611	0.01307	0.00760	0.01125	0.01439	0.00668	0.01585	0.00959	0.02115	0.00747	0.00869	0.00609	0.00488	0.00335	0.00153	0.00456	0.00290	0.00306	0.00609
124	0.19211	0.19072	0.01881	0.03978	0.03346	0.05193	0.09373	0.26576	0.01583	0.03597	0.01007	0.01125	0.00771	0.00540	0.00460	0.00154	0.00606	0.00411	0.00370	0.00746

[dist]
# distance from previous block
# <min> <max>
0	7

[block]
# block no. 1 follows, 45 sequences, length 18
# corresponding to MSA columns:
# 484-501
name=unknown_B
#
# <colnr> <probs for GDERKNQSTAVLIFYWHMCP>
#	G	D	E	R	K	N	Q	S	T	A	V	L	I	F	Y	W	H	M	C	P
0	0.01419	0.07226	0.05631	0.02105	0.22693	0.03916	0.25543	0.11333	0.11061	0.01962	0.01194	0.01395	0.00923	0.00525	0.00551	0.00166	0.00704	0.00524	0.00334	0.00796
1	0.01221	0.01150	0.01911	0.19195	0.53227	0.01205	0.01497	0.01596	0.04527	0.01723	0.06558	0.01573	0.01160	0.00546	0.00541	0.00165	0.00617	0.00519	0.00296	0.00772
2	0.00883	0.00642	0.00883	0.00975	0.01124	0.00625	0.00849	0.01129	0.01227	0.01617	0.02706	0.05699	0.02924	0.01405	0.00717	0.00235	0.00487	0.68855	0.00482	0.06538
3	0.02041	0.01504	0.01611	0.01235	0.01665	0.01665	0.01020	0.75997	0.02524	0.03383	0.01289	0.01289	0.00913	0.00644	0.00537	0.00161	0.00591	0.00483	0.00537	0.00913
4	0.01014	0.00954	0.01610	0.79845	0.03697	0.01193	0.01491	0.01371	0.01073	0.01371	0.00954	0.01431	0.00716	0.00537	0.00537	0.00179	0.00716	0.00477	0.00239	0.00596
5	0.01113	0.00954	0.01113	0.00795	0.01272	0.00716	0.00636	0.01352	0.01113	0.01749	0.00954	0.01113	0.00795	0.00398	0.00398	0.00080	0.00398	0.00318	0.00318	0.84417
6	0.00781	0.00520	0.00585	0.00585	0.00585	0.00520	0.00325	0.00781	0.00781	0.01041	0.01691	0.03513	0.01952	0.81135	0.02732	0.00520	0.00520	0.00781	0.00325	0.00325
7	0.84927	0.01038	0.00789	0.00706	0.01038	0.01204	0.00581	0.01578	0.00914	0.02408	0.00747	0.00872	0.00581	0.00498	0.00332	0.00166	0.00415	0.00291	0.00332	0.00581
8	0.00760	0.00549	0.00718	0.00675	0.00802	0.00506	0.00506	0.01013	0.01519	0.02153	0.77503	0.04010	0.05065	0.01097	0.00633	0.00169	0.00253	0.00971	0.00591	0.00506
9	0.02379	0.00961	0.01275	0.00977	0.01394	0.00859	0.00807	0.08485	0.01615	0.72178	0.02051	0.01784	0.01296	0.00663	0.00540	0.00166	0.00467	0.00535	0.00654	0.00913
10	0.00662	0.00474	0.00630	0.00742	0.00780	0.00442	0.00499	0.00769	0.01067	0.01433	0.08921	0.74644	0.03671	0.01635	0.00681	0.00214	0.00307	0.01482	0.00506	0.00442
11	0.00654	0.00467	0.00623	0.00747	0.00779	0.00436	0.00498	0.00747	0.01028	0.01370	0.02959	0.80785	0.03550	0.01682	0.00685	0.00218	0.00311	0.01526	0.00498	0.00436
12	0.00671	0.00502	0.00625	0.00700	0.00783	0.00456	0.00493	0.00800	0.01142	0.01491	0.12239	0.50025	0.21860	0.01526	0.00669	0.00205	0.00303	0.04550	0.00509	0.00451
13	0.11369	0.00927	0.01196	0.00928	0.01334	0.00834	0.00766	0.02503	0.01469	0.69933	0.01969	0.01723	0.01248	0.00646	0.00517	0.00166	0.00452	0.00513	0.00628	0.00877
14	0.84927	0.01038	0.00789	0.00706	0.01038	0.01204	0.00581	0.01578	0.00914	0.02408	0.00747	0.00872	0.00581	0.00498	0.00332	0.00166	0.00415	0.00291	0.00332	0.00581
15	0.00822	0.00564	0.00766	0.00743	0.00821	0.00601	0.00547	0.00951	0.01048	0.01510	0.24619	0.02766	0.02481	0.12731	0.25765	0.11745	0.03970	0.00699	0.06413	0.00440
16	0.01409	0.71809	0.02590	0.00914	0.01347	0.01993	0.00890	0.01687	0.06882	0.01370	0.00900	0.00998	0.00791	0.00487	0.00361	0.00120	0.00549	0.00321	0.03889	0.00693
17	0.01306	0.36632	0.25606	0.03354	0.07561	0.01639	0.01322	0.03312	0.01148	0.03487	0.03031	0.01142	0.00844	0.00544	0.00545	0.00150	0.07003	0.00385	0.00260	0.00728

[dist]
# distance from previous block
# <min> <max>
2	4

[block]
# block no. 2 follows, 45 sequences, length 38
# corresponding to MSA columns:
# 506-543
name=unknown_C
#
# <colnr> <probs for GDERKNQSTAVLIFYWHMCP>
#	G	D	E	R	K	N	Q	S	T	A	V	L	I	F	Y	W	H	M	C	P
0	0.01248	0.00903	0.01094	0.00838	0.01220	0.00773	0.00673	0.04032	0.01172	0.10385	0.01199	0.01376	0.00958	0.00867	0.08966	0.00186	0.03712	0.00396	0.06591	0.53410
1	0.01304	0.01315	0.02617	0.01982	0.04602	0.01331	0.51475	0.01658	0.01191	0.06838	0.01161	0.04727	0.00944	0.00610	0.00836	0.00191	0.15584	0.00629	0.00301	0.00703
2	0.00654	0.00467	0.00623	0.00747	0.00779	0.00436	0.00498	0.00747	0.01028	0.01370	0.02959	0.80785	0.03550	0.01682	0.00685	0.00218	0.00311	0.01526	0.00498	0.00436
3	0.00777	0.00534	0.00654	0.00654	0.00677	0.00557	0.00410	0.00824	0.00801	0.01091	0.01629	0.03167	0.01802	0.62167	0.21495	0.00605	0.00746	0.00730	0.00316	0.00363
4	0.00805	0.00552	0.00692	0.00697	0.00749	0.00582	0.00470	0.02524	0.00895	0.01257	0.01745	0.11275	0.01873	0.41363	0.25965	0.00559	0.00766	0.00772	0.06049	0.00410
5	0.01899	0.01314	0.01431	0.01131	0.01518	0.01435	0.00923	0.51076	0.14131	0.11459	0.01555	0.01511	0.01106	0.00659	0.00528	0.00163	0.00526	0.00510	0.06251	0.00875
6	0.01373	0.67818	0.15909	0.01024	0.01542	0.01972	0.01103	0.01623	0.01098	0.01339	0.00784	0.00908	0.00687	0.00468	0.00373	0.00124	0.00612	0.00306	0.00229	0.00707
7	0.01174	0.00994	0.01145	0.00835	0.01300	0.00800	0.00668	0.05381	0.05365	0.01863	0.01040	0.01171	0.00848	0.00429	0.00413	0.00089	0.00409	0.00343	0.00342	0.75390
8	0.02041	0.01504	0.01611	0.01235	0.01665	0.01665	0.01020	0.75997	0.02524	0.03383	0.01289	0.01289	0.00913	0.00644	0.00537	0.00161	0.00591	0.00483	0.00537	0.00913
9	0.84927	0.01038	0.00789	0.00706	0.01038	0.01204	0.00581	0.01578	0.00914	0.02408	0.00747	0.00872	0.00581	0.00498	0.00332	0.00166	0.00415	0.00291	0.00332	0.00581
10	0.01326	0.01122	0.01198	0.01083	0.01375	0.01288	0.00847	0.06425	0.66874	0.02244	0.02197	0.04777	0.01735	0.00792	0.00560	0.00185	0.00433	0.04176	0.00542	0.00822
11	0.00769	0.00550	0.00743	0.00746	0.00801	0.00603	0.00525	0.00880	0.00834	0.01166	0.01585	0.04957	0.01655	0.35433	0.45609	0.00704	0.01031	0.00686	0.00309	0.00415
12	0.01121	0.00708	0.00881	0.00812	0.00975	0.00715	0.00603	0.05203	0.12581	0.10961	0.24941	0.12577	0.02765	0.07240	0.03594	0.12030	0.00417	0.00812	0.00498	0.00566
13	0.10317	0.01291	0.12184	0.21801	0.09459	0.01089	0.10246	0.01485	0.01110	0.01703	0.01012	0.03537	0.00822	0.00512	0.00492	0.00151	0.00618	0.00455	0.00281	0.21436
14	0.00771	0.00558	0.00791	0.00777	0.00877	0.00596	0.00589	0.00954	0.01079	0.01532	0.27068	0.02826	0.04043	0.05305	0.44851	0.04860	0.00939	0.00720	0.00392	0.00471
15	0.01320	0.01349	0.05999	0.04571	0.58449	0.01331	0.04047	0.04708	0.01227	0.01760	0.00988	0.01307	0.00824	0.00537	0.00666	0.00169	0.09188	0.00479	0.00271	0.00812
16	0.02366	0.00901	0.01223	0.00941	0.01348	0.00780	0.00777	0.02575	0.01524	0.75884	0.02107	0.01832	0.01330	0.00663	0.00535	0.00165	0.00451	0.00539	0.03157	0.00901
17	0.01218	0.01165	0.01852	0.02416	0.45326	0.01309	0.01375	0.01466	0.01128	0.01651	0.09179	0.01570	0.01260	0.00691	0.00931	0.00184	0.25729	0.00529	0.00291	0.00730
18	0.02369	0.00977	0.01285	0.00985	0.01402	0.00884	0.00814	0.10545	0.01643	0.70078	0.02028	0.01769	0.01284	0.00662	0.00540	0.00166	0.00471	0.00534	0.00651	0.00913
19	0.00647	0.00548	0.00561	0.00567	0.00746	0.00462	0.00432	0.00788	0.01224	0.01458	0.05301	0.05213	0.73628	0.01366	0.00640	0.00185	0.00284	0.04997	0.00498	0.00455
20	0.84927	0.01038	0.00789	0.00706	0.01038	0.01204	0.00581	0.01578	0.00914	0.02408	0.00747	0.00872	0.00581	0.00498	0.00332	0.00166	0.00415	0.00291	0.00332	0.00581
21	0.02141	0.01411	0.01503	0.01167	0.01582	0.06691	0.00957	0.50476	0.02180	0.24116	0.01489	0.01417	0.01014	0.00644	0.00534	0.00161	0.00579	0.00490	0.00555	0.00893
22	0.84927	0.01038	0.00789	0.00706	0.01038	0.01204	0.00581	0.01578	0.00914	0.02408	0.00747	0.00872	0.00581	0.00498	0.00332	0.00166	0.00415	0.00291	0.00332	0.00581
23	0.11165	0.01259	0.03228	0.01138	0.01540	0.01291	0.07190	0.38132	0.01873	0.16708	0.01406	0.01428	0.00989	0.00610	0.00505	0.00161	0.00541	0.00485	0.09539	0.00813
24	0.01133	0.07927	0.61282	0.01628	0.04059	0.01322	0.11893	0.01695	0.01151	0.01674	0.00966	0.01162	0.00703	0.00498	0.00516	0.00167	0.00790	0.00423	0.00234	0.00778
25	0.79228	0.01046	0.00818	0.00732	0.01062	0.01213	0.00600	0.01665	0.06088	0.02397	0.00845	0.00949	0.00653	0.00514	0.00347	0.00167	0.00416	0.00312	0.00347	0.00600
26	0.02408	0.00914	0.01246	0.00955	0.01370	0.00789	0.00789	0.02616	0.01536	0.78158	0.02118	0.01827	0.01329	0.00664	0.00540	0.00166	0.00457	0.00540	0.00664	0.00914
27	0.01159	0.01160	0.02151	0.07001	0.02163	0.01158	0.40180	0.04134	0.13249	0.01749	0.01620	0.16113	0.01479	0.03293	0.00686	0.00198	0.00684	0.00782	0.00365	0.00676
28	0.01886	0.10426	0.01638	0.01213	0.01574	0.28120	0.00978	0.31532	0.08120	0.05435	0.03200	0.01286	0.01000	0.00613	0.00501	0.00150	0.00690	0.00440	0.00422	0.00773
29	0.01779	0.01979	0.01381	0.01261	0.01537	0.50254	0.00971	0.03954	0.15504	0.05483	0.01376	0.01761	0.01164	0.00694	0.00527	0.00160	0.00781	0.08385	0.00376	0.00672
30	0.00653	0.00471	0.00619	0.00737	0.00776	0.00437	0.00494	0.00749	0.01038	0.01374	0.03084	0.76970	0.07284	0.01665	0.00683	0.00216	0.00309	0.01506	0.00498	0.00437
31	0.03533	0.01513	0.12178	0.02499	0.37310	0.01306	0.22663	0.07114	0.01311	0.01870	0.01083	0.01435	0.00869	0.00512	0.00558	0.00169	0.00721	0.02270	0.00289	0.00796
32	0.01180	0.25440	0.56595	0.01354	0.02051	0.01499	0.01677	0.01673	0.01121	0.01574	0.00901	0.01055	0.00683	0.00495	0.00462	0.00154	0.00730	0.00365	0.00228	0.00763
33	0.14932	0.01281	0.05214	0.04353	0.01527	0.01319	0.00925	0.42512	0.01857	0.04945	0.01475	0.14499	0.01292	0.00783	0.00528	0.00173	0.00528	0.00624	0.00473	0.00761
34	0.00784	0.00560	0.00824	0.00824	0.00903	0.00639	0.00622	0.00919	0.00840	0.01199	0.01411	0.02182	0.01355	0.10326	0.65293	0.08739	0.01268	0.00582	0.00286	0.00443
35	0.01759	0.01534	0.01571	0.04725	0.09915	0.12943	0.01072	0.37743	0.18635	0.02566	0.01375	0.01410	0.01026	0.00627	0.00531	0.00163	0.00620	0.00490	0.00459	0.00836
36	0.01257	0.21533	0.45133	0.01272	0.01919	0.01421	0.01493	0.06602	0.01221	0.03154	0.00953	0.01089	0.00722	0.00497	0.00460	0.00146	0.00678	0.00370	0.00266	0.09814
37	0.05770	0.25694	0.08641	0.01102	0.01511	0.09415	0.02243	0.12729	0.17265	0.04221	0.05437	0.01411	0.01177	0.00600	0.00470	0.00151	0.00581	0.00450	0.00384	0.00749

[dist]
# distance from previous block
# <min> <max>
0	2

[block]
# block no. 3 follows, 45 sequences, length 33
# corresponding to MSA columns:
# 546-560,591-608
name=unknown_D
#
# <colnr> <probs for GDERKNQSTAVLIFYWHMCP>
#	G	D	E	R	K	N	Q	S	T	A	V	L	I	F	Y	W	H	M	C	P
0	0.00747	0.00531	0.00716	0.00831	0.00896	0.00514	0.00631	0.00894	0.01092	0.01439	0.02819	0.45455	0.03249	0.07490	0.00859	0.00252	0.00399	0.30250	0.00484	0.00451
1	0.01510	0.01240	0.01312	0.01128	0.01462	0.01417	0.00892	0.20974	0.58411	0.02527	0.01963	0.01826	0.01459	0.00707	0.00544	0.00177	0.00466	0.00576	0.00544	0.00865
2	0.00689	0.00504	0.00682	0.04183	0.00921	0.00485	0.00558	0.00810	0.01064	0.01415	0.06379	0.66016	0.04986	0.03376	0.00725	0.00222	0.00341	0.05712	0.00487	0.00448
3	0.01558	0.07474	0.16561	0.01622	0.09822	0.02569	0.18849	0.03016	0.01298	0.22583	0.01364	0.04209	0.01017	0.00581	0.00566	0.00166	0.02316	0.00531	0.00380	0.03521
4	0.01178	0.25049	0.56970	0.01357	0.02056	0.01495	0.01682	0.01674	0.01121	0.01576	0.00902	0.01056	0.00682	0.00496	0.00463	0.00154	0.00731	0.00366	0.00227	0.00764
5	0.13858	0.00931	0.01182	0.00920	0.01324	0.00847	0.00760	0.02472	0.01450	0.67648	0.01928	0.01695	0.01225	0.00641	0.00511	0.00166	0.00451	0.00505	0.00618	0.00867
6	0.01038	0.02162	0.52691	0.01522	0.04418	0.01123	0.10724	0.01545	0.01161	0.01662	0.01573	0.05283	0.08212	0.00676	0.00555	0.00178	0.00719	0.03749	0.00283	0.00726
7	0.03076	0.11833	0.12183	0.01808	0.26446	0.03472	0.01241	0.01926	0.18775	0.04929	0.07825	0.01628	0.01359	0.00601	0.00511	0.00161	0.00565	0.00509	0.00366	0.00783
8	0.00705	0.00702	0.08150	0.00808	0.00928	0.00522	0.00639	0.00867	0.01096	0.01484	0.10401	0.62261	0.06418	0.01496	0.00661	0.00207	0.00351	0.01345	0.00481	0.00478
9	0.02167	0.00892	0.01182	0.00923	0.01298	0.00796	0.00756	0.06382	0.01570	0.63391	0.09350	0.02017	0.01670	0.00703	0.00541	0.00164	0.00435	0.00577	0.04328	0.00856
10	0.00837	0.00546	0.00672	0.00706	0.00826	0.00490	0.00507	0.00963	0.01153	0.08850	0.06579	0.40446	0.25547	0.05175	0.00752	0.00215	0.00329	0.04408	0.00510	0.00488
11	0.16476	0.01311	0.05045	0.01286	0.07197	0.01341	0.05044	0.32322	0.09538	0.05280	0.08640	0.01575	0.01324	0.00642	0.00514	0.00166	0.00535	0.00515	0.00462	0.00787
12	0.01318	0.00972	0.01054	0.00933	0.01220	0.01045	0.00730	0.05664	0.43589	0.11257	0.04070	0.02702	0.18932	0.00863	0.00561	0.00177	0.00394	0.00716	0.03049	0.00754
13	0.00654	0.00467	0.00623	0.00747	0.00779	0.00436	0.00498	0.00747	0.01028	0.01370	0.02959	0.80785	0.03550	0.01682	0.00685	0.00218	0.00311	0.01526	0.00498	0.00436
14	0.01298	0.01244	0.02124	0.10701	0.70618	0.01267	0.01632	0.01621	0.01208	0.01717	0.01004	0.01338	0.00837	0.00484	0.00532	0.00161	0.00645	0.00478	0.00263	0.00826
15	0.01305	0.01409	0.05190	0.09668	0.02791	0.01304	0.61895	0.01739	0.01260	0.06270	0.01131	0.01459	0.00832	0.00475	0.00615	0.00180	0.00856	0.00606	0.00291	0.00725
16	0.01000	0.00840	0.01086	0.00962	0.01082	0.00983	0.00764	0.04786	0.08642	0.01961	0.43567	0.02836	0.03229	0.00993	0.00959	0.00190	0.24298	0.00762	0.00477	0.00583
17	0.00865	0.00618	0.00865	0.00989	0.01112	0.00618	0.00865	0.01112	0.01236	0.01606	0.02842	0.06055	0.03089	0.01483	0.00741	0.00247	0.00494	0.74174	0.00494	0.00494
18	0.03839	0.02578	0.68609	0.01670	0.09426	0.01248	0.01906	0.01691	0.01135	0.01728	0.00961	0.01143	0.00693	0.00507	0.00506	0.00169	0.00766	0.00401	0.00234	0.00792
19	0.01149	0.18612	0.63151	0.01407	0.02133	0.01423	0.01769	0.01681	0.01125	0.01612	0.00920	0.01079	0.00682	0.00500	0.00477	0.00159	0.00749	0.00375	0.00227	0.00772
20	0.01376	0.01270	0.02049	0.05249	0.64054	0.01280	0.01527	0.08816	0.01338	0.01900	0.01032	0.01316	0.00849	0.00492	0.00525	0.00156	0.00622	0.00470	0.00294	0.05383
21	0.00655	0.00513	0.00593	0.00639	0.00754	0.00451	0.00454	0.00785	0.01172	0.01486	0.11401	0.35839	0.40420	0.01465	0.00655	0.00195	0.00286	0.01277	0.00507	0.00451
22	0.01703	0.01558	0.04818	0.01209	0.01582	0.11984	0.00995	0.32620	0.32898	0.02560	0.01581	0.01532	0.01171	0.00661	0.00532	0.00167	0.00582	0.00512	0.00492	0.00842
23	0.05302	0.07945	0.01413	0.01111	0.04643	0.04826	0.00863	0.22867	0.17342	0.13681	0.02771	0.01625	0.02550	0.00645	0.00497	0.00157	0.00500	0.00504	0.08409	0.02349
24	0.01214	0.24884	0.16448	0.01152	0.04838	0.08678	0.03316	0.03116	0.06254	0.01578	0.05519	0.02112	0.17363	0.00722	0.00499	0.00154	0.00577	0.00570	0.00338	0.00667
25	0.01941	0.02455	0.01487	0.01356	0.01623	0.74897	0.01018	0.02082	0.01487	0.01310	0.00861	0.01028	0.00725	0.00734	0.04579	0.00176	0.00993	0.00358	0.00277	0.00615
26	0.00732	0.00548	0.00679	0.00646	0.00785	0.00495	0.00484	0.00959	0.01453	0.01995	0.61338	0.04269	0.21329	0.01156	0.00633	0.00172	0.00257	0.01007	0.00570	0.00495
27	0.01149	0.18612	0.63151	0.01407	0.02133	0.01423	0.01769	0.01681	0.01125	0.01612	0.00920	0.01079	0.00682	0.00500	0.00477	0.00159	0.00749	0.00375	0.00227	0.00772
28	0.00705	0.00514	0.00666	0.00717	0.00803	0.00475	0.00516	0.00871	0.01242	0.01683	0.30775	0.40262	0.11242	0.01422	0.00665	0.00198	0.00298	0.05946	0.00532	0.00467
29	0.02144	0.00861	0.01138	0.00894	0.01269	0.00751	0.00732	0.02371	0.02858	0.65381	0.02421	0.02162	0.08713	0.00731	0.00540	0.00166	0.00428	0.00596	0.04998	0.00846
30	0.01121	0.00963	0.03495	0.19036	0.03007	0.00996	0.00904	0.14682	0.10745	0.02028	0.14700	0.02703	0.17840	0.00847	0.00566	0.00172	0.00467	0.00712	0.04370	0.00645
31	0.00847	0.00571	0.00730	0.00677	0.00828	0.00518	0.00512	0.01084	0.01485	0.06787	0.64288	0.04011	0.13421	0.01102	0.00627	0.00170	0.00268	0.00963	0.00585	0.00525
32	0.03945	0.01170	0.01228	0.01086	0.01398	0.01346	0.00851	0.09379	0.66425	0.02351	0.03428	0.01940	0.01603	0.00720	0.00540	0.00179	0.00436	0.00593	0.00540	0.00841

[dist]
# distance from previous block
# <min> <max>
1	2

[block]
# block no. 4 follows, 45 sequences, length 18
# corresponding to MSA columns:
# 611-628
name=unknown_E
#
# <colnr> <probs for GDERKNQSTAVLIFYWHMCP>
#	G	D	E	R	K	N	Q	S	T	A	V	L	I	F	Y	W	H	M	C	P
0	0.07639	0.05781	0.22072	0.07894	0.17952	0.01306	0.04396	0.03737	0.05528	0.09150	0.01115	0.01302	0.00844	0.00572	0.00627	0.00172	0.08383	0.00451	0.00315	0.00764
1	0.84927	0.01038	0.00789	0.00706	0.01038	0.01204	0.00581	0.01578	0.00914	0.02408	0.00747	0.00872	0.00581	0.00498	0.00332	0.00166	0.00415	0.00291	0.00332	0.00581
2	0.00776	0.00540	0.00683	0.00683	0.00717	0.00573	0.00447	0.00843	0.00810	0.01113	0.01602	0.03018	0.01737	0.53965	0.29609	0.00641	0.00844	0.00708	0.00312	0.00380
3	0.01318	0.01241	0.04107	0.03572	0.31044	0.01399	0.01334	0.03761	0.05062	0.05639	0.02455	0.01372	0.00930	0.00709	0.01040	0.00193	0.33296	0.00492	0.00301	0.00734
4	0.02503	0.00708	0.00897	0.00808	0.00994	0.00678	0.03418	0.09778	0.01458	0.02019	0.36282	0.19618	0.12129	0.01125	0.00615	0.00175	0.00343	0.00989	0.00523	0.04940
5	0.01174	0.00797	0.06598	0.00858	0.03047	0.00678	0.00695	0.01405	0.01146	0.16474	0.08110	0.02331	0.04543	0.08488	0.21351	0.00371	0.00678	0.00607	0.20060	0.00590
6	0.12992	0.08524	0.01496	0.01302	0.09662	0.04609	0.00947	0.17092	0.33411	0.02317	0.01496	0.01486	0.01138	0.00621	0.00493	0.00165	0.00515	0.00485	0.00445	0.00802
7	0.02556	0.04961	0.15893	0.03059	0.14054	0.03296	0.01161	0.01878	0.07510	0.19276	0.06573	0.01665	0.02932	0.00628	0.00578	0.00160	0.04582	0.00506	0.00402	0.08328
8	0.07588	0.09269	0.42103	0.01333	0.03065	0.01236	0.05003	0.01869	0.04243	0.14474	0.01175	0.01257	0.00834	0.00532	0.00490	0.00161	0.00662	0.00421	0.00327	0.03959
9	0.01142	0.04855	0.59202	0.01601	0.04538	0.01241	0.10021	0.01692	0.01166	0.03811	0.01102	0.01442	0.00844	0.00556	0.00532	0.00173	0.00769	0.04281	0.00259	0.00772
10	0.06945	0.00543	0.00652	0.00697	0.00798	0.00516	0.00495	0.00889	0.01187	0.01683	0.24576	0.42750	0.13554	0.01383	0.00637	0.00195	0.00297	0.01222	0.00513	0.00469
11	0.16337	0.14869	0.17483	0.04091	0.07722	0.04303	0.05056	0.04696	0.07252	0.11656	0.01151	0.01242	0.00855	0.00539	0.00467	0.00159	0.00607	0.00418	0.00347	0.00750
12	0.01560	0.04125	0.16082	0.01147	0.01573	0.01010	0.07472	0.05168	0.06244	0.28450	0.13919	0.02093	0.05057	0.00720	0.00589	0.00170	0.02760	0.00607	0.00487	0.00768
13	0.01071	0.00647	0.00807	0.00730	0.00923	0.00591	0.00559	0.04561	0.01465	0.15304	0.40145	0.10670	0.18207	0.01105	0.00617	0.00175	0.00313	0.00955	0.00575	0.00579
14	0.00727	0.00705	0.06406	0.00733	0.00899	0.00544	0.00589	0.02950	0.01201	0.01557	0.10883	0.35852	0.32214	0.01384	0.00643	0.00194	0.00334	0.01207	0.00488	0.00489
15	0.12128	0.05828	0.25558	0.01187	0.01694	0.03666	0.03362	0.05246	0.01312	0.29314	0.01342	0.01348	0.00917	0.00586	0.00550	0.00167	0.04147	0.00441	0.00414	0.00793
16	0.01071	0.00992	0.01626	0.58684	0.08757	0.01193	0.03476	0.04606	0.01137	0.01493	0.01109	0.07184	0.00943	0.00639	0.00614	0.00183	0.04843	0.00558	0.00273	0.00620
17	0.00802	0.00511	0.00655	0.00719	0.00799	0.00472	0.00498	0.00927	0.01112	0.06439	0.08419	0.57130	0.08584	0.03216	0.00690	0.00208	0.00314	0.01301	0.06726	0.00476

[dist]
# distance from previous block
# <min> <max>
0	170

# created by:
# /home/berkeley/.conda/envs/busco_data_prod/bin/msa2prfl.pl pipeline/OGs_align_augustus/33634/113050.fs
