[name]
unknown

[dist]
# distance from previous block
# <min> <max>
0	1002

[block]
# block no. 0 follows, 46 sequences, length 44
# corresponding to MSA columns:
# 1002-1045
name=unknown_A
#
# <colnr> <probs for GDERKNQSTAVLIFYWHMCP>
#	G	D	E	R	K	N	Q	S	T	A	V	L	I	F	Y	W	H	M	C	P
0	0.00700	0.00526	0.00642	0.00711	0.00810	0.00486	0.00532	0.00834	0.01102	0.01400	0.03575	0.30152	0.27923	0.09271	0.00868	0.00239	0.00357	0.18960	0.00473	0.00438
1	0.05277	0.03288	0.01236	0.00989	0.01316	0.07254	0.00797	0.14263	0.17837	0.26687	0.01694	0.01626	0.01202	0.00645	0.00523	0.00159	0.02438	0.00498	0.11489	0.00783
2	0.01244	0.03179	0.01122	0.00965	0.01221	0.01142	0.00742	0.06328	0.50737	0.04061	0.08036	0.04320	0.03757	0.09818	0.00786	0.00213	0.00423	0.00664	0.00509	0.00733
3	0.00809	0.00581	0.00692	0.00668	0.00671	0.00632	0.00416	0.00826	0.00775	0.01056	0.01558	0.03183	0.01778	0.70976	0.04649	0.00492	0.08844	0.00732	0.00310	0.00351
4	0.01975	0.02520	0.01498	0.01362	0.01634	0.79299	0.01021	0.02111	0.01498	0.01294	0.00817	0.00953	0.00681	0.00545	0.00477	0.00136	0.00953	0.00340	0.00272	0.00613
5	0.00894	0.00621	0.00772	0.08911	0.01128	0.00577	0.00602	0.01081	0.01261	0.10169	0.15168	0.07398	0.42345	0.01160	0.00613	0.00180	0.00347	0.05757	0.00496	0.00522
6	0.01224	0.18669	0.05680	0.03187	0.02049	0.01407	0.36797	0.01534	0.01134	0.03555	0.01181	0.10103	0.01069	0.00643	0.00679	0.00173	0.09351	0.00615	0.00287	0.00665
7	0.01163	0.05085	0.01590	0.01300	0.01330	0.03879	0.01075	0.01273	0.00840	0.01252	0.00776	0.01316	0.00789	0.07197	0.01704	0.00245	0.67909	0.00474	0.00239	0.00564
8	0.82628	0.01019	0.00791	0.00703	0.01032	0.01173	0.00579	0.01585	0.00918	0.04696	0.00777	0.00888	0.00595	0.00496	0.00333	0.00164	0.00410	0.00294	0.00337	0.00583
9	0.00777	0.00546	0.00690	0.00691	0.00723	0.00583	0.00461	0.00845	0.00814	0.01115	0.01628	0.03135	0.01778	0.53791	0.24440	0.00590	0.02479	0.04221	0.00316	0.00377
10	0.01183	0.00876	0.00982	0.00838	0.01108	0.04579	0.00656	0.03903	0.12333	0.10571	0.31868	0.02715	0.04793	0.00821	0.00547	0.00151	0.00379	0.03392	0.00506	0.17798
11	0.01060	0.02735	0.78682	0.01507	0.02288	0.01228	0.01953	0.01674	0.01116	0.01674	0.00949	0.01116	0.00670	0.00502	0.00502	0.00167	0.00781	0.00391	0.00223	0.00781
12	0.24270	0.00975	0.01134	0.00896	0.01284	0.00949	0.00740	0.07768	0.01423	0.52766	0.01668	0.01511	0.01083	0.00610	0.00477	0.00163	0.00449	0.00463	0.00558	0.00813
13	0.00648	0.00465	0.00616	0.00730	0.00767	0.00433	0.00490	0.00747	0.01036	0.01383	0.06088	0.76525	0.04859	0.01627	0.00672	0.00212	0.00304	0.01473	0.00495	0.00433
14	0.00741	0.00531	0.00667	0.00645	0.00769	0.00487	0.00479	0.00965	0.01405	0.01975	0.59437	0.09428	0.13257	0.01124	0.00612	0.00169	0.00255	0.00986	0.05581	0.00487
15	0.00998	0.00940	0.01586	0.80150	0.03641	0.01175	0.01468	0.01351	0.01057	0.01351	0.00940	0.01409	0.00705	0.00529	0.00529	0.00176	0.00705	0.00470	0.00235	0.00587
16	0.85155	0.01022	0.00777	0.00695	0.01022	0.01186	0.00573	0.01554	0.00900	0.02372	0.00736	0.00859	0.00573	0.00491	0.00327	0.00164	0.00409	0.00286	0.00327	0.00573
17	0.00777	0.00543	0.00700	0.00736	0.00786	0.00561	0.00526	0.00879	0.00905	0.01217	0.01956	0.08661	0.02156	0.41591	0.18140	0.00502	0.00683	0.17921	0.00362	0.00398
18	0.01029	0.00983	0.01695	0.71647	0.08146	0.01187	0.05130	0.01384	0.01075	0.01390	0.00949	0.01404	0.00718	0.00521	0.00533	0.00175	0.00709	0.00477	0.00238	0.00609
19	0.01789	0.01403	0.01431	0.01155	0.01517	0.06342	0.00931	0.53650	0.13892	0.02873	0.01491	0.06249	0.01167	0.00704	0.00532	0.00163	0.00554	0.00550	0.02778	0.00832
20	0.55341	0.01134	0.01007	0.00860	0.01203	0.01299	0.00702	0.17185	0.12735	0.02546	0.01060	0.01112	0.00797	0.00555	0.00401	0.00165	0.00446	0.00372	0.00401	0.00680
21	0.00764	0.00510	0.00578	0.00583	0.00585	0.00509	0.00327	0.00767	0.00779	0.01039	0.01718	0.06703	0.01988	0.78088	0.02607	0.00500	0.00504	0.00799	0.00327	0.00325
22	0.00658	0.00471	0.00626	0.00727	0.00770	0.00439	0.00492	0.00771	0.01077	0.01453	0.12938	0.70758	0.03696	0.01579	0.00668	0.00208	0.00299	0.01430	0.00503	0.00439
23	0.02976	0.24030	0.01782	0.05801	0.05316	0.01555	0.00957	0.16610	0.27304	0.06329	0.01422	0.01422	0.01083	0.00595	0.00475	0.00154	0.00521	0.00462	0.00419	0.00788
24	0.01348	0.62870	0.10033	0.09854	0.01711	0.01893	0.01073	0.03506	0.01113	0.01352	0.00793	0.00948	0.00686	0.00470	0.00381	0.00127	0.00603	0.00319	0.00235	0.00684
25	0.01463	0.10046	0.03508	0.00953	0.01268	0.03457	0.02099	0.14140	0.03485	0.18211	0.23158	0.02369	0.02247	0.00911	0.03834	0.00188	0.00500	0.04404	0.00496	0.03262
26	0.01356	0.62831	0.18720	0.01040	0.01561	0.01897	0.01128	0.03720	0.01123	0.01394	0.00795	0.00916	0.00683	0.00468	0.00379	0.00126	0.00611	0.00311	0.00234	0.00706
27	0.00741	0.00563	0.00814	0.00814	0.00918	0.00637	0.00632	0.00923	0.00889	0.01250	0.01858	0.02414	0.09906	0.03671	0.70504	0.00774	0.01287	0.00628	0.00306	0.00469
28	0.01239	0.01267	0.01556	0.10549	0.01675	0.09405	0.01143	0.01539	0.09467	0.01389	0.00899	0.01257	0.00797	0.00817	0.01332	0.00209	0.54112	0.00466	0.00270	0.00612
29	0.01360	0.01320	0.01604	0.01358	0.01448	0.07934	0.01121	0.13427	0.01135	0.01606	0.00797	0.01158	0.00726	0.00848	0.01439	0.00212	0.61138	0.00455	0.00283	0.00633
30	0.00665	0.00485	0.00632	0.00741	0.00798	0.00451	0.00522	0.00779	0.01056	0.01384	0.03162	0.64521	0.11412	0.01600	0.00676	0.00214	0.00323	0.09651	0.00490	0.00438
31	0.01243	0.00999	0.01132	0.09847	0.01510	0.01134	0.00833	0.04386	0.49945	0.04850	0.02155	0.05908	0.05461	0.00761	0.00534	0.00175	0.00429	0.00640	0.07313	0.00745
32	0.01227	0.01573	0.11589	0.02147	0.02710	0.01325	0.67881	0.01691	0.01233	0.01691	0.01056	0.01391	0.00787	0.00452	0.00610	0.00177	0.00879	0.00598	0.00262	0.00721
33	0.01033	0.00507	0.00518	0.00508	0.00641	0.00502	0.00384	0.01278	0.01123	0.04595	0.01737	0.01965	0.01353	0.00617	0.00375	0.00125	0.00253	0.00494	0.81485	0.00507
34	0.02411	0.08567	0.62940	0.01367	0.02081	0.01235	0.01702	0.01627	0.01107	0.01658	0.00928	0.01089	0.00682	0.00486	0.00475	0.00153	0.00715	0.00372	0.00235	0.10171
35	0.01655	0.01489	0.01375	0.01171	0.01506	0.15039	0.00923	0.26511	0.39763	0.02414	0.01633	0.01567	0.01219	0.00660	0.00524	0.00165	0.00565	0.00513	0.00489	0.00818
36	0.00643	0.00463	0.00611	0.00729	0.00765	0.00430	0.00487	0.00737	0.01019	0.01352	0.03004	0.78282	0.06233	0.01645	0.00673	0.00213	0.00305	0.01489	0.00491	0.00430
37	0.01367	0.23806	0.45684	0.01253	0.01885	0.01389	0.01480	0.01795	0.01169	0.13922	0.01074	0.01154	0.00775	0.00513	0.00463	0.00152	0.00670	0.00384	0.00293	0.00773
38	0.01494	0.69458	0.02515	0.00899	0.01334	0.01881	0.00874	0.01671	0.01140	0.09937	0.03944	0.01078	0.00920	0.00500	0.00372	0.00121	0.00540	0.00337	0.00288	0.00696
39	0.00874	0.00660	0.03832	0.00760	0.00932	0.00562	0.00634	0.01122	0.01373	0.06221	0.43114	0.04175	0.11336	0.01120	0.00625	0.00182	0.00336	0.17022	0.04595	0.00524
40	0.01304	0.01313	0.01918	0.15909	0.53916	0.09957	0.01484	0.01596	0.01204	0.01600	0.01041	0.04449	0.00903	0.00536	0.00525	0.00160	0.00665	0.00497	0.00267	0.00754
41	0.00945	0.00568	0.00781	0.03954	0.01020	0.00539	0.00631	0.01089	0.01121	0.12680	0.02695	0.53989	0.02991	0.01433	0.00657	0.00210	0.00373	0.13306	0.00504	0.00514
42	0.01789	0.02220	0.01384	0.01264	0.01512	0.67348	0.00949	0.01940	0.01472	0.01384	0.09475	0.01334	0.01189	0.00740	0.03620	0.00168	0.00893	0.00418	0.00308	0.00595
43	0.00644	0.00460	0.00613	0.00736	0.00767	0.00429	0.00491	0.00736	0.01012	0.01350	0.02914	0.81076	0.03497	0.01656	0.00675	0.00215	0.00307	0.01503	0.00491	0.00429

[dist]
# distance from previous block
# <min> <max>
0	10

[block]
# block no. 1 follows, 46 sequences, length 12
# corresponding to MSA columns:
# 1056-1067
name=unknown_B
#
# <colnr> <probs for GDERKNQSTAVLIFYWHMCP>
#	G	D	E	R	K	N	Q	S	T	A	V	L	I	F	Y	W	H	M	C	P
0	0.05842	0.01256	0.02188	0.13568	0.02384	0.01297	0.36986	0.08398	0.14702	0.06005	0.01294	0.01496	0.00954	0.00536	0.00565	0.00175	0.00703	0.00560	0.00357	0.00734
1	0.01204	0.02545	0.67025	0.01463	0.02190	0.01290	0.01810	0.12967	0.01323	0.01925	0.00997	0.01139	0.00704	0.00522	0.00506	0.00166	0.00751	0.00404	0.00269	0.00799
2	0.01501	0.01388	0.01290	0.01136	0.01447	0.13146	0.00885	0.11800	0.56491	0.02211	0.01841	0.01731	0.01384	0.00681	0.00528	0.00170	0.00519	0.00544	0.00497	0.00811
3	0.01413	0.81739	0.02770	0.00905	0.01357	0.02092	0.00905	0.01583	0.01074	0.01244	0.00735	0.00848	0.00678	0.00452	0.00339	0.00113	0.00565	0.00283	0.00226	0.00678
4	0.13518	0.00629	0.00808	0.00795	0.00914	0.00723	0.00609	0.01016	0.00848	0.01377	0.01342	0.02050	0.01276	0.12227	0.58687	0.00708	0.01161	0.00547	0.00294	0.00470
5	0.28619	0.38034	0.04271	0.00879	0.01294	0.01576	0.00820	0.06096	0.01158	0.11681	0.00947	0.01007	0.00738	0.00503	0.00376	0.00140	0.00508	0.00331	0.00332	0.00689
6	0.01315	0.17813	0.11012	0.01359	0.01817	0.07111	0.24201	0.01620	0.01226	0.08560	0.01702	0.01807	0.12456	0.00612	0.00520	0.00154	0.00655	0.00555	0.00326	0.05178
7	0.01200	0.00693	0.00880	0.00861	0.04354	0.00669	0.00584	0.06227	0.01163	0.18339	0.04510	0.14695	0.06554	0.30716	0.04515	0.00329	0.00490	0.02222	0.00451	0.00548
8	0.00685	0.00495	0.00654	0.00752	0.00815	0.00464	0.00540	0.00819	0.01107	0.01473	0.11251	0.57159	0.07904	0.01546	0.00674	0.00212	0.00325	0.12181	0.00500	0.00446
9	0.05069	0.01105	0.03848	0.01163	0.01545	0.02992	0.12820	0.12405	0.01470	0.31978	0.01743	0.13529	0.01404	0.00740	0.00549	0.00167	0.00535	0.00653	0.00494	0.05791
10	0.01440	0.40549	0.07738	0.05876	0.01647	0.10319	0.03123	0.04968	0.01164	0.04233	0.00848	0.01033	0.00719	0.00563	0.00629	0.00148	0.13700	0.00365	0.00263	0.00676
11	0.01186	0.04635	0.37237	0.01258	0.01752	0.04222	0.04088	0.11109	0.01328	0.03331	0.06057	0.05574	0.01447	0.05402	0.00671	0.00194	0.00650	0.08820	0.00344	0.00693

[dist]
# distance from previous block
# <min> <max>
1	32

[block]
# block no. 2 follows, 46 sequences, length 14
# corresponding to MSA columns:
# 1100-1113
name=unknown_C
#
# <colnr> <probs for GDERKNQSTAVLIFYWHMCP>
#	G	D	E	R	K	N	Q	S	T	A	V	L	I	F	Y	W	H	M	C	P
0	0.02920	0.01027	0.01284	0.01151	0.05938	0.01060	0.02949	0.14061	0.18264	0.17821	0.09515	0.06239	0.01744	0.00760	0.00588	0.00168	0.03395	0.03182	0.00504	0.07430
1	0.00697	0.00526	0.00628	0.00652	0.00763	0.00479	0.00476	0.00848	0.01196	0.01563	0.23240	0.19523	0.29089	0.10279	0.00874	0.00225	0.00317	0.07681	0.00495	0.00446
2	0.01498	0.10210	0.01433	0.01055	0.01384	0.04053	0.00853	0.27048	0.31261	0.02331	0.01832	0.05606	0.05099	0.03232	0.00588	0.00176	0.00498	0.00588	0.00480	0.00777
3	0.01103	0.00964	0.01155	0.00851	0.01268	0.00807	0.00686	0.01325	0.01064	0.01672	0.00912	0.01103	0.00773	0.00451	0.00541	0.00095	0.09324	0.00330	0.00304	0.75272
4	0.12156	0.01213	0.01330	0.01065	0.01447	0.04157	0.03098	0.23978	0.17509	0.21812	0.01554	0.01483	0.01095	0.00617	0.00500	0.00160	0.00506	0.00483	0.00509	0.05329
5	0.05275	0.04634	0.04016	0.01095	0.09667	0.00884	0.00784	0.09297	0.05031	0.08347	0.13975	0.16351	0.15141	0.00983	0.00569	0.00174	0.00412	0.02266	0.00469	0.00631
6	0.00661	0.00506	0.00592	0.00631	0.00732	0.00453	0.00441	0.00785	0.01137	0.01462	0.14297	0.32873	0.33718	0.08239	0.00819	0.00219	0.00300	0.01207	0.00489	0.00437
7	0.01130	0.01304	0.06619	0.19575	0.02764	0.01217	0.48935	0.01533	0.01178	0.01586	0.01192	0.08226	0.01004	0.00571	0.00600	0.00180	0.00793	0.00652	0.00277	0.00664
8	0.07000	0.01509	0.17860	0.14320	0.18782	0.05362	0.05162	0.03285	0.04597	0.11926	0.03137	0.01401	0.00956	0.00552	0.00533	0.00166	0.01906	0.00468	0.00332	0.00746
9	0.16811	0.00961	0.01350	0.08338	0.19612	0.00971	0.03774	0.01776	0.01206	0.24123	0.01444	0.05516	0.01108	0.00609	0.00484	0.00162	0.00493	0.00516	0.10027	0.00720
10	0.01808	0.00875	0.01101	0.00928	0.01244	0.00844	0.00741	0.02306	0.19189	0.45407	0.02200	0.10839	0.01687	0.00807	0.00548	0.00174	0.00417	0.03228	0.04860	0.00797
11	0.00985	0.00854	0.01121	0.00993	0.01221	0.00888	0.09061	0.01691	0.30743	0.01850	0.13995	0.18336	0.14012	0.01022	0.00601	0.00184	0.00401	0.00912	0.00498	0.00632
12	0.04221	0.06527	0.24985	0.07000	0.17390	0.21277	0.05756	0.01721	0.01223	0.01558	0.00963	0.03243	0.00788	0.00533	0.00498	0.00157	0.00758	0.00433	0.00258	0.00710
13	0.01308	0.01256	0.02146	0.03245	0.78123	0.01256	0.01622	0.01622	0.01204	0.01727	0.00994	0.01308	0.00837	0.00471	0.00523	0.00157	0.00628	0.00471	0.00262	0.00837

[dist]
# distance from previous block
# <min> <max>
0	5

[block]
# block no. 3 follows, 46 sequences, length 24
# corresponding to MSA columns:
# 1119-1142
name=unknown_D
#
# <colnr> <probs for GDERKNQSTAVLIFYWHMCP>
#	G	D	E	R	K	N	Q	S	T	A	V	L	I	F	Y	W	H	M	C	P
0	0.00757	0.00502	0.00663	0.00754	0.00808	0.00474	0.00525	0.00861	0.01030	0.04708	0.02723	0.60263	0.03170	0.10658	0.00904	0.00250	0.00357	0.09672	0.00478	0.00444
1	0.01101	0.00639	0.00831	0.00733	0.00923	0.00587	0.00566	0.03633	0.01523	0.17014	0.58969	0.03475	0.05906	0.00990	0.00603	0.00166	0.00299	0.00862	0.00592	0.00588
2	0.01417	0.12917	0.17993	0.01351	0.05968	0.14517	0.06588	0.01976	0.16455	0.07194	0.05903	0.01492	0.01201	0.00588	0.00499	0.00156	0.00641	0.00476	0.01932	0.00734
3	0.01060	0.02735	0.78682	0.01507	0.02288	0.01228	0.01953	0.01674	0.01116	0.01674	0.00949	0.01116	0.00670	0.00502	0.00502	0.00167	0.00781	0.00391	0.00223	0.00781
4	0.00781	0.00512	0.00600	0.00604	0.00621	0.00506	0.00364	0.00776	0.00817	0.01081	0.03677	0.03431	0.06024	0.63022	0.02387	0.10307	0.00486	0.03350	0.00331	0.00327
5	0.01392	0.04347	0.01754	0.05075	0.13486	0.25181	0.14256	0.01775	0.09392	0.01629	0.10787	0.04125	0.01480	0.02309	0.00584	0.00166	0.00693	0.00564	0.00341	0.00664
6	0.00763	0.00527	0.00656	0.00668	0.00697	0.00548	0.00434	0.00823	0.00821	0.01115	0.01721	0.07321	0.01910	0.55142	0.20892	0.00566	0.00717	0.03981	0.00328	0.00370
7	0.00670	0.00484	0.00639	0.00751	0.00803	0.00453	0.00528	0.00786	0.01058	0.01399	0.04800	0.66216	0.07657	0.01602	0.00677	0.00215	0.00324	0.10008	0.00492	0.00439
8	0.01045	0.00989	0.01663	0.67253	0.13734	0.01199	0.01480	0.01385	0.01070	0.01400	0.00940	0.01388	0.00722	0.00533	0.00565	0.00175	0.03130	0.00470	0.00238	0.00621
9	0.02122	0.01043	0.01284	0.01013	0.01405	0.01023	0.00827	0.15562	0.14990	0.51887	0.01954	0.01737	0.01290	0.00662	0.00532	0.00165	0.00467	0.00533	0.00612	0.00889
10	0.01259	0.01421	0.02802	0.02054	0.02512	0.05425	0.62562	0.01652	0.01225	0.01634	0.01113	0.01607	0.00899	0.00539	0.00709	0.00183	0.07146	0.04296	0.00276	0.00686
11	0.02268	0.01009	0.01287	0.00993	0.01400	0.00947	0.00819	0.15281	0.04669	0.62544	0.01948	0.01715	0.01250	0.00653	0.00531	0.00163	0.00471	0.00525	0.00628	0.00897
12	0.01123	0.00866	0.01139	0.01007	0.01231	0.04888	0.08175	0.05168	0.06505	0.08464	0.30438	0.03617	0.05211	0.01007	0.00624	0.00185	0.00454	0.18790	0.00509	0.00598
13	0.01252	0.04503	0.51354	0.01590	0.02267	0.01229	0.18384	0.01772	0.01187	0.09877	0.01091	0.01251	0.00768	0.00504	0.00528	0.00168	0.00764	0.00455	0.00279	0.00776
14	0.01096	0.00940	0.01096	0.00783	0.01253	0.00705	0.00626	0.01331	0.01096	0.01723	0.00940	0.01096	0.00783	0.00392	0.00392	0.00078	0.00392	0.00313	0.00313	0.84653
15	0.00644	0.00460	0.00613	0.00736	0.00767	0.00429	0.00491	0.00736	0.01012	0.01350	0.02914	0.81076	0.03497	0.01656	0.00675	0.00215	0.00307	0.01503	0.00491	0.00429
16	0.27726	0.01108	0.01177	0.00940	0.01312	0.01171	0.00773	0.26397	0.01642	0.26019	0.05655	0.01456	0.01153	0.00621	0.00473	0.00162	0.00469	0.00461	0.00508	0.00776
17	0.03337	0.01456	0.12434	0.02972	0.07294	0.01281	0.30075	0.02082	0.26434	0.04910	0.01437	0.01558	0.01069	0.00556	0.00560	0.00175	0.00669	0.00559	0.00367	0.00774
18	0.00774	0.00519	0.00595	0.00603	0.00611	0.00519	0.00356	0.00791	0.00799	0.01062	0.01741	0.03627	0.01997	0.76076	0.02560	0.00495	0.00511	0.05702	0.00331	0.00331
19	0.00686	0.00490	0.00662	0.00785	0.00834	0.00466	0.00564	0.00809	0.01054	0.01397	0.02890	0.65759	0.03404	0.01616	0.00686	0.00221	0.00343	0.16402	0.00490	0.00441
20	0.01351	0.67854	0.16112	0.01010	0.01521	0.01940	0.01089	0.01599	0.01082	0.01319	0.00773	0.00895	0.00677	0.00461	0.00368	0.00123	0.00603	0.00302	0.00226	0.00697
21	0.00766	0.00525	0.00642	0.00642	0.00665	0.00548	0.00402	0.00811	0.00788	0.01074	0.01606	0.03127	0.01778	0.62783	0.21131	0.00594	0.00730	0.00720	0.00311	0.00357
22	0.00710	0.00606	0.00619	0.00604	0.00794	0.00550	0.00456	0.01007	0.10094	0.01546	0.07695	0.04681	0.66261	0.01257	0.00615	0.00178	0.00285	0.01049	0.00500	0.00494
23	0.01365	0.01177	0.01364	0.05315	0.01599	0.01342	0.05119	0.10172	0.61283	0.02251	0.01937	0.01840	0.01447	0.00684	0.00541	0.00177	0.00477	0.00580	0.00506	0.00823

[dist]
# distance from previous block
# <min> <max>
0	9

[block]
# block no. 4 follows, 46 sequences, length 19
# corresponding to MSA columns:
# 1152-1170
name=unknown_E
#
# <colnr> <probs for GDERKNQSTAVLIFYWHMCP>
#	G	D	E	R	K	N	Q	S	T	A	V	L	I	F	Y	W	H	M	C	P
0	0.00856	0.00709	0.01023	0.00966	0.01031	0.00889	0.00762	0.01014	0.00835	0.01226	0.01253	0.01935	0.01204	0.08051	0.55301	0.00675	0.20955	0.00553	0.00273	0.00489
1	0.01083	0.07828	0.73788	0.01468	0.02228	0.01283	0.01886	0.01668	0.01113	0.01646	0.00935	0.01099	0.00670	0.00499	0.00492	0.00164	0.00767	0.00384	0.00223	0.00775
2	0.00757	0.00557	0.00804	0.00804	0.00883	0.00636	0.00604	0.00915	0.00836	0.01193	0.01458	0.02308	0.01422	0.16894	0.66534	0.00793	0.01265	0.00600	0.00289	0.00447
3	0.00852	0.00608	0.00852	0.00974	0.01095	0.00608	0.00852	0.01095	0.01217	0.01582	0.02799	0.05963	0.03042	0.01460	0.00730	0.00243	0.00487	0.74565	0.00487	0.00487
4	0.00625	0.00536	0.00536	0.00536	0.00714	0.00446	0.00402	0.00759	0.01205	0.01428	0.05355	0.05088	0.77909	0.01339	0.00625	0.00179	0.00268	0.01116	0.00491	0.00446
5	0.01314	0.59511	0.24128	0.01074	0.01619	0.01849	0.01200	0.01609	0.01086	0.01365	0.00795	0.00923	0.00676	0.00466	0.00385	0.00128	0.00626	0.00313	0.00225	0.00707
6	0.01756	0.02147	0.01372	0.01286	0.01529	0.63938	0.00988	0.01913	0.01443	0.01350	0.01204	0.01931	0.01142	0.00724	0.00526	0.00157	0.00862	0.14829	0.00314	0.00588
7	0.00678	0.00530	0.00615	0.00609	0.00751	0.00467	0.00451	0.00856	0.01307	0.01709	0.35342	0.12130	0.40140	0.01263	0.00629	0.00177	0.00264	0.01087	0.00529	0.00467
8	0.00759	0.00563	0.00727	0.00786	0.00912	0.00531	0.00640	0.00965	0.01257	0.01647	0.20177	0.12575	0.19825	0.01368	0.00678	0.00209	0.00369	0.35027	0.00509	0.00475
9	0.00925	0.00670	0.00820	0.00846	0.00960	0.00678	0.00616	0.15523	0.01314	0.01753	0.02585	0.60291	0.02958	0.01443	0.00650	0.00206	0.00373	0.06367	0.00498	0.00525
10	0.00660	0.00492	0.00615	0.00680	0.00760	0.00447	0.00473	0.00792	0.01148	0.01517	0.18060	0.49861	0.19612	0.01476	0.00654	0.00198	0.00287	0.01314	0.00509	0.00447
11	0.00685	0.00489	0.00660	0.00782	0.00831	0.00464	0.00561	0.00806	0.01052	0.01395	0.02891	0.66414	0.03408	0.01618	0.00686	0.00220	0.00342	0.15765	0.00490	0.00441
12	0.01270	0.01228	0.02027	0.05054	0.61041	0.01325	0.01527	0.01546	0.01123	0.01628	0.00934	0.01282	0.00806	0.00561	0.00760	0.00172	0.16212	0.00469	0.00255	0.00780
13	0.50852	0.00883	0.00862	0.08380	0.01238	0.00985	0.00654	0.01449	0.01077	0.07078	0.16007	0.05717	0.01646	0.00680	0.00436	0.00168	0.00404	0.00513	0.00398	0.00573
14	0.01401	0.01024	0.01142	0.00993	0.01283	0.01121	0.00780	0.09530	0.45912	0.11651	0.16834	0.02269	0.02166	0.00773	0.00553	0.00173	0.00405	0.00648	0.00560	0.00785
15	0.00785	0.00677	0.01122	0.01030	0.01190	0.00631	0.15302	0.00970	0.01109	0.01456	0.02866	0.46138	0.12860	0.01353	0.00665	0.00206	0.00438	0.10262	0.00447	0.00494
16	0.01746	0.01680	0.01506	0.16652	0.01993	0.28279	0.01077	0.26467	0.09045	0.04715	0.01162	0.01274	0.00869	0.00592	0.00512	0.00156	0.00714	0.00442	0.00388	0.00733
17	0.50993	0.01146	0.00925	0.00817	0.01108	0.10164	0.00652	0.08734	0.01239	0.02290	0.15849	0.01513	0.01479	0.00626	0.00422	0.00160	0.00458	0.00442	0.00390	0.00594
18	0.01119	0.01342	0.16578	0.47962	0.02906	0.01175	0.01420	0.08655	0.01211	0.01648	0.00973	0.01302	0.00726	0.00518	0.00508	0.00161	0.00671	0.00437	0.00270	0.10414

[dist]
# distance from previous block
# <min> <max>
0	2

[block]
# block no. 5 follows, 46 sequences, length 8
# corresponding to MSA columns:
# 1173-1180
name=unknown_F
#
# <colnr> <probs for GDERKNQSTAVLIFYWHMCP>
#	G	D	E	R	K	N	Q	S	T	A	V	L	I	F	Y	W	H	M	C	P
0	0.12252	0.45330	0.02094	0.00985	0.01388	0.09720	0.00885	0.13397	0.06500	0.01785	0.00923	0.01003	0.00763	0.00513	0.00395	0.00134	0.00577	0.00341	0.00312	0.00703
1	0.00878	0.00569	0.00718	0.00673	0.00829	0.00511	0.00507	0.01087	0.01402	0.09549	0.50016	0.10312	0.18669	0.01136	0.00619	0.00172	0.00278	0.00990	0.00564	0.00523
2	0.04301	0.02050	0.04735	0.01438	0.07887	0.49503	0.01060	0.02132	0.11084	0.06868	0.01090	0.01182	0.00853	0.00576	0.00526	0.00150	0.03148	0.00401	0.00330	0.00685
3	0.01156	0.09318	0.66906	0.01436	0.02164	0.01329	0.01799	0.06865	0.01208	0.01753	0.00953	0.01104	0.00686	0.00507	0.00490	0.00162	0.00749	0.00387	0.00245	0.00781
4	0.00710	0.00549	0.00742	0.00819	0.00846	0.00581	0.00576	0.00805	0.00986	0.01340	0.02630	0.70869	0.03139	0.01563	0.00810	0.00217	0.10542	0.01370	0.00458	0.00448
5	0.00702	0.00866	0.12318	0.00711	0.00971	0.00570	0.00660	0.00911	0.01183	0.01468	0.04461	0.08145	0.59365	0.01234	0.00613	0.00181	0.00357	0.04336	0.00450	0.00498
6	0.08260	0.05014	0.28465	0.01357	0.09396	0.01126	0.02537	0.07961	0.01320	0.11979	0.10996	0.01641	0.02666	0.00618	0.00527	0.00161	0.01947	0.00499	0.00372	0.03158
7	0.01188	0.01718	0.23876	0.01922	0.04787	0.01252	0.44547	0.03945	0.01245	0.01730	0.01186	0.01714	0.00959	0.00554	0.00593	0.00179	0.00809	0.06793	0.00282	0.00723

[dist]
# distance from previous block
# <min> <max>
0	12

[block]
# block no. 6 follows, 46 sequences, length 39
# corresponding to MSA columns:
# 1206-1244
name=unknown_G
#
# <colnr> <probs for GDERKNQSTAVLIFYWHMCP>
#	G	D	E	R	K	N	Q	S	T	A	V	L	I	F	Y	W	H	M	C	P
0	0.01127	0.00579	0.00705	0.00689	0.00830	0.00557	0.00506	0.01336	0.04580	0.14895	0.02115	0.26749	0.01996	0.01052	0.00638	0.06983	0.00325	0.00819	0.32982	0.00537
1	0.01287	0.01373	0.01600	0.01384	0.01427	0.13957	0.01135	0.01405	0.00919	0.01276	0.00714	0.01124	0.00692	0.00865	0.01535	0.00216	0.67826	0.00443	0.00238	0.00584
2	0.01096	0.00940	0.01096	0.00783	0.01253	0.00705	0.00626	0.01331	0.01096	0.01723	0.00940	0.01096	0.00783	0.00392	0.00392	0.00078	0.00392	0.00313	0.00313	0.84653
3	0.00653	0.00466	0.00624	0.00746	0.00781	0.00437	0.00506	0.00752	0.01021	0.01360	0.02909	0.77829	0.03477	0.01648	0.00677	0.00216	0.00314	0.04662	0.00491	0.00432
4	0.85155	0.01022	0.00777	0.00695	0.01022	0.01186	0.00573	0.01554	0.00900	0.02372	0.00736	0.00859	0.00573	0.00491	0.00327	0.00164	0.00409	0.00286	0.00327	0.00573
5	0.01115	0.00885	0.01433	0.11976	0.22051	0.00898	0.05782	0.01399	0.02499	0.07780	0.01916	0.15316	0.01916	0.00964	0.00614	0.00195	0.00546	0.21682	0.00395	0.00638
6	0.00735	0.00498	0.00587	0.00620	0.00628	0.00490	0.00367	0.00760	0.00835	0.01114	0.02006	0.24619	0.02351	0.59676	0.02141	0.00431	0.00456	0.00969	0.00367	0.00350
7	0.01314	0.32745	0.09825	0.06414	0.22350	0.01479	0.01194	0.01589	0.01131	0.04292	0.00917	0.01103	0.00760	0.00466	0.00431	0.00131	0.00584	0.00369	0.00264	0.12643
8	0.01180	0.27763	0.41385	0.01193	0.01817	0.01417	0.01395	0.01588	0.01099	0.01544	0.00879	0.01027	0.00691	0.00468	0.00431	0.00135	0.00647	0.00343	0.00239	0.14759
9	0.01811	0.01369	0.01527	0.01212	0.01559	0.01563	0.00996	0.53417	0.11982	0.05617	0.01333	0.01364	0.00978	0.00687	0.00701	0.00172	0.11882	0.00492	0.00492	0.00845
10	0.00975	0.00835	0.00872	0.00811	0.01047	0.00882	0.00623	0.01792	0.39098	0.01850	0.07061	0.03482	0.36542	0.01017	0.00581	0.00178	0.00342	0.00850	0.00519	0.00643
11	0.00853	0.00874	0.10990	0.00986	0.01191	0.00669	0.00929	0.01123	0.01179	0.01552	0.02714	0.06460	0.08733	0.04972	0.00780	0.00240	0.00506	0.54290	0.00445	0.00513
12	0.01121	0.01074	0.01596	0.57221	0.11966	0.04762	0.01383	0.01608	0.11050	0.01505	0.01099	0.01450	0.00838	0.00547	0.00527	0.00173	0.00670	0.00481	0.00279	0.00650
13	0.01970	0.01315	0.01438	0.01129	0.01514	0.03354	0.00921	0.54303	0.02157	0.17544	0.01545	0.07706	0.01179	0.00717	0.00540	0.00163	0.00544	0.00565	0.00543	0.00855
14	0.00637	0.00532	0.00556	0.00569	0.00733	0.00452	0.00426	0.00774	0.01197	0.01445	0.06985	0.11220	0.67582	0.01362	0.00632	0.00183	0.00277	0.03496	0.00493	0.00448
15	0.01256	0.00722	0.00855	0.00702	0.00991	0.00615	0.00549	0.01478	0.01184	0.16523	0.03626	0.08078	0.01419	0.00643	0.00439	0.00124	0.00340	0.00533	0.30617	0.29308
16	0.12553	0.01118	0.01333	0.01098	0.01448	0.01204	0.06884	0.12109	0.33474	0.17435	0.01778	0.04523	0.01326	0.00676	0.00520	0.00173	0.00479	0.00563	0.00509	0.00798
17	0.00769	0.00513	0.00577	0.00577	0.00577	0.00513	0.00320	0.00769	0.00769	0.01025	0.01666	0.03460	0.01922	0.81421	0.02691	0.00513	0.00513	0.00769	0.00320	0.00320
18	0.01185	0.02571	0.68597	0.01469	0.02203	0.01282	0.01829	0.11444	0.01295	0.01891	0.00991	0.01136	0.00700	0.00520	0.00506	0.00166	0.00755	0.00402	0.00263	0.00797
19	0.01911	0.01551	0.01335	0.01092	0.01459	0.28753	0.00860	0.11964	0.01560	0.25198	0.03061	0.01349	0.01019	0.00574	0.00488	0.00138	0.00631	0.00426	0.00438	0.16195
20	0.01888	0.01746	0.01497	0.01239	0.01596	0.25572	0.00983	0.41671	0.14120	0.02523	0.01271	0.01284	0.00946	0.00620	0.00514	0.00155	0.00670	0.00454	0.00451	0.00801
21	0.03700	0.01021	0.01227	0.00920	0.01354	0.00910	0.00752	0.15105	0.01503	0.32428	0.01447	0.01400	0.01007	0.00541	0.00470	0.00128	0.00449	0.00428	0.00487	0.34724
22	0.01373	0.01258	0.02023	0.09735	0.61576	0.01299	0.01528	0.11375	0.01359	0.01904	0.01026	0.01312	0.00834	0.00497	0.00525	0.00159	0.00629	0.00472	0.00294	0.00823
23	0.74201	0.11581	0.01038	0.00723	0.01066	0.01304	0.00616	0.01558	0.00923	0.02224	0.00736	0.00857	0.00586	0.00486	0.00329	0.00157	0.00429	0.00286	0.00314	0.00586
24	0.00742	0.00548	0.00797	0.00813	0.00892	0.00619	0.00612	0.00903	0.00865	0.01227	0.01631	0.12519	0.01653	0.09716	0.63049	0.00740	0.01200	0.00705	0.00313	0.00455
25	0.01821	0.01086	0.01453	0.01137	0.01483	0.02328	0.07977	0.19585	0.02933	0.33490	0.11586	0.01923	0.01618	0.00720	0.00651	0.00171	0.06964	0.01750	0.00534	0.00791
26	0.01367	0.71303	0.12797	0.00984	0.01480	0.01978	0.01043	0.01595	0.01080	0.01301	0.00763	0.00883	0.00677	0.00459	0.00361	0.00120	0.00594	0.00297	0.00226	0.00692
27	0.00644	0.00460	0.00613	0.00736	0.00767	0.00429	0.00491	0.00736	0.01012	0.01350	0.02914	0.81076	0.03497	0.01656	0.00675	0.00215	0.00307	0.01503	0.00491	0.00429
28	0.00756	0.00555	0.00792	0.00787	0.00872	0.00619	0.00591	0.00926	0.00923	0.01315	0.11449	0.02518	0.01886	0.14572	0.58163	0.00712	0.01135	0.00646	0.00328	0.00454
29	0.01153	0.01801	0.28530	0.12154	0.02690	0.01278	0.39785	0.01663	0.02629	0.01652	0.01032	0.01329	0.00760	0.00481	0.00568	0.00174	0.00821	0.00524	0.00253	0.00722
30	0.01270	0.01001	0.01053	0.00929	0.01202	0.01106	0.00727	0.15202	0.40170	0.02235	0.02463	0.03868	0.13627	0.00806	0.00530	0.00169	0.00398	0.00662	0.11850	0.00731
31	0.00735	0.00530	0.00694	0.00674	0.00787	0.00490	0.00498	0.00963	0.01433	0.02019	0.68043	0.14038	0.04793	0.01156	0.00630	0.00173	0.00257	0.01028	0.00570	0.00490
32	0.00644	0.00460	0.00613	0.00736	0.00767	0.00429	0.00491	0.00736	0.01012	0.01350	0.02914	0.81076	0.03497	0.01656	0.00675	0.00215	0.00307	0.01503	0.00491	0.00429
33	0.00688	0.00538	0.00623	0.00602	0.00753	0.00473	0.00452	0.00881	0.01355	0.01783	0.42560	0.04503	0.40483	0.01206	0.00624	0.00172	0.00258	0.01034	0.00538	0.00473
34	0.01317	0.60201	0.23465	0.01069	0.01611	0.01856	0.01190	0.01608	0.01086	0.01361	0.00793	0.00921	0.00676	0.00466	0.00384	0.00128	0.00624	0.00312	0.00225	0.00706
35	0.01227	0.01051	0.01116	0.01010	0.01287	0.01196	0.00783	0.02538	0.66419	0.02156	0.08458	0.02322	0.06546	0.00785	0.00550	0.00178	0.00396	0.00658	0.00539	0.00786
36	0.01096	0.00940	0.01096	0.00783	0.01253	0.00705	0.00626	0.01331	0.01096	0.01723	0.00940	0.01096	0.00783	0.00392	0.00392	0.00078	0.00392	0.00313	0.00313	0.84653
37	0.00694	0.00538	0.00632	0.00608	0.00757	0.00476	0.00456	0.00893	0.01368	0.01816	0.46021	0.04449	0.37001	0.01194	0.00624	0.00172	0.00257	0.01026	0.00542	0.00476
38	0.85155	0.01022	0.00777	0.00695	0.01022	0.01186	0.00573	0.01554	0.00900	0.02372	0.00736	0.00859	0.00573	0.00491	0.00327	0.00164	0.00409	0.00286	0.00327	0.00573

[dist]
# distance from previous block
# <min> <max>
0	18

[block]
# block no. 7 follows, 46 sequences, length 11
# corresponding to MSA columns:
# 1263-1273
name=unknown_H
#
# <colnr> <probs for GDERKNQSTAVLIFYWHMCP>
#	G	D	E	R	K	N	Q	S	T	A	V	L	I	F	Y	W	H	M	C	P
0	0.01223	0.04561	0.04734	0.01816	0.29958	0.01067	0.04015	0.03568	0.07571	0.03527	0.10145	0.01607	0.01374	0.00551	0.00498	0.00139	0.00514	0.00494	0.00348	0.22290
1	0.00754	0.00563	0.00833	0.00828	0.00926	0.00642	0.00642	0.00950	0.00924	0.01330	0.10257	0.02293	0.01746	0.03631	0.70222	0.00771	0.01281	0.00611	0.00318	0.00475
2	0.00831	0.00599	0.00758	0.00885	0.09547	0.00599	0.00471	0.00868	0.00819	0.01106	0.01588	0.03211	0.01797	0.72057	0.02440	0.00471	0.00526	0.00734	0.00314	0.00380
3	0.01724	0.01449	0.08819	0.01558	0.10627	0.01362	0.11993	0.38205	0.01858	0.11153	0.01293	0.01376	0.00925	0.00578	0.00532	0.00161	0.00619	0.00496	0.04437	0.00835
4	0.01154	0.01349	0.09361	0.14026	0.15990	0.01203	0.36783	0.01550	0.01189	0.01626	0.01215	0.04484	0.01038	0.00584	0.00590	0.00179	0.00757	0.05946	0.00281	0.00696
5	0.00766	0.00522	0.00624	0.00624	0.00640	0.00538	0.00379	0.00799	0.00783	0.01060	0.01623	0.03220	0.01818	0.68025	0.15945	0.00571	0.00669	0.00734	0.00314	0.00347
6	0.00644	0.00460	0.00613	0.00736	0.00767	0.00429	0.00491	0.00736	0.01012	0.01350	0.02914	0.81076	0.03497	0.01656	0.00675	0.00215	0.00307	0.01503	0.00491	0.00429
7	0.01222	0.09837	0.31706	0.01553	0.05228	0.05546	0.18424	0.03175	0.01202	0.04683	0.01252	0.09901	0.01093	0.00639	0.00538	0.00169	0.00713	0.02111	0.00296	0.00712
8	0.01130	0.09209	0.58444	0.01679	0.09175	0.01314	0.08503	0.01663	0.01132	0.01644	0.00946	0.01139	0.00698	0.00490	0.00501	0.00163	0.00759	0.00410	0.00231	0.00772
9	0.01649	0.01424	0.03347	0.01253	0.01605	0.09511	0.08257	0.39394	0.06433	0.04145	0.08323	0.05951	0.01421	0.00719	0.00601	0.00167	0.03987	0.00583	0.00463	0.00768
10	0.04042	0.01069	0.01376	0.01158	0.04690	0.01068	0.04586	0.20213	0.09444	0.36352	0.01839	0.08863	0.01376	0.00725	0.00544	0.00169	0.00494	0.00609	0.00553	0.00830

[dist]
# distance from previous block
# <min> <max>
2	12

[block]
# block no. 8 follows, 46 sequences, length 13
# corresponding to MSA columns:
# 1286-1298
name=unknown_I
#
# <colnr> <probs for GDERKNQSTAVLIFYWHMCP>
#	G	D	E	R	K	N	Q	S	T	A	V	L	I	F	Y	W	H	M	C	P
0	0.19952	0.12373	0.01637	0.01430	0.16360	0.01454	0.00993	0.26159	0.05893	0.07271	0.01128	0.01203	0.00852	0.00552	0.00458	0.00155	0.00533	0.00417	0.00399	0.00782
1	0.12733	0.17576	0.22280	0.01130	0.01560	0.01267	0.06443	0.03435	0.06917	0.01692	0.01293	0.10773	0.01181	0.00946	0.06935	0.00220	0.00652	0.01994	0.00315	0.00661
2	0.00919	0.00644	0.00806	0.00730	0.00894	0.00618	0.00561	0.08290	0.01576	0.04627	0.63914	0.03708	0.06839	0.01042	0.00614	0.00168	0.00294	0.02635	0.00574	0.00548
3	0.01301	0.01053	0.01771	0.45294	0.17726	0.01164	0.07506	0.03995	0.01210	0.12177	0.01130	0.01441	0.00828	0.00531	0.00536	0.00170	0.00666	0.00491	0.00310	0.00700
4	0.03141	0.04426	0.01492	0.01232	0.01513	0.40458	0.04427	0.10693	0.01534	0.07598	0.11614	0.01500	0.01355	0.00655	0.00592	0.00153	0.06114	0.00475	0.00371	0.00657
5	0.00927	0.00567	0.00729	0.00705	0.00850	0.00511	0.00522	0.01110	0.01324	0.12366	0.36590	0.25177	0.14150	0.01217	0.00625	0.00181	0.00296	0.01071	0.00554	0.00528
6	0.00643	0.00464	0.00610	0.00727	0.00764	0.00430	0.00487	0.00737	0.01021	0.01353	0.03027	0.77561	0.06938	0.01642	0.00672	0.00213	0.00305	0.01485	0.00491	0.00430
7	0.01200	0.02500	0.64508	0.01500	0.02221	0.01290	0.05280	0.11998	0.01312	0.01904	0.00999	0.01152	0.00708	0.00518	0.00512	0.00167	0.00759	0.00413	0.00268	0.00794
8	0.01102	0.12101	0.69682	0.01435	0.02178	0.01330	0.01829	0.01663	0.01111	0.01623	0.00923	0.01084	0.00671	0.00496	0.00483	0.00161	0.00756	0.00378	0.00224	0.00769
9	0.01071	0.00941	0.01214	0.01024	0.01251	0.06810	0.11080	0.10151	0.04025	0.02057	0.40640	0.09368	0.04525	0.00947	0.00605	0.00171	0.00448	0.02585	0.00496	0.00589
10	0.01297	0.01791	0.29009	0.01458	0.02044	0.01218	0.18721	0.16180	0.01410	0.02013	0.01037	0.01214	0.00770	0.00491	0.00511	0.00149	0.00682	0.00444	0.00313	0.19247
11	0.00736	0.00583	0.00677	0.00723	0.00864	0.00549	0.00557	0.00995	0.07382	0.01508	0.03967	0.22572	0.37998	0.01388	0.00652	0.00201	0.00337	0.17333	0.00494	0.00483
12	0.01214	0.01964	0.46461	0.01281	0.01846	0.01110	0.01458	0.01860	0.13179	0.10805	0.01339	0.01466	0.00985	0.01033	0.11406	0.00263	0.00772	0.00464	0.00333	0.00761

[dist]
# distance from previous block
# <min> <max>
0	66

[block]
# block no. 9 follows, 46 sequences, length 19
# corresponding to MSA columns:
# 1365-1383
name=unknown_J
#
# <colnr> <probs for GDERKNQSTAVLIFYWHMCP>
#	G	D	E	R	K	N	Q	S	T	A	V	L	I	F	Y	W	H	M	C	P
0	0.00671	0.00538	0.00654	0.00757	0.04466	0.00480	0.00503	0.00801	0.01136	0.01440	0.07380	0.37204	0.39227	0.01421	0.00641	0.00192	0.00301	0.01242	0.00484	0.00460
1	0.00646	0.00527	0.00575	0.00604	0.00750	0.00455	0.00449	0.00783	0.01179	0.01444	0.06845	0.18885	0.57552	0.01397	0.00641	0.00189	0.00288	0.05852	0.00493	0.00447
2	0.01234	0.01580	0.19629	0.04785	0.54141	0.01269	0.01666	0.01606	0.01156	0.01678	0.00964	0.01258	0.00787	0.00507	0.00592	0.00164	0.05479	0.00452	0.00250	0.00802
3	0.01774	0.01810	0.01637	0.01366	0.01639	0.33906	0.05816	0.20441	0.01576	0.05536	0.00980	0.01148	0.00776	0.00651	0.00782	0.00167	0.18525	0.00429	0.00345	0.00697
4	0.12353	0.01356	0.01444	0.01119	0.01529	0.01482	0.00925	0.58436	0.02175	0.12030	0.01299	0.01281	0.00907	0.00619	0.00504	0.00160	0.00545	0.00459	0.00519	0.00859
5	0.00792	0.00589	0.00758	0.00831	0.00930	0.00590	0.00630	0.01109	0.10062	0.01609	0.12077	0.41909	0.03338	0.01422	0.00667	0.00212	0.00361	0.21105	0.00507	0.00501
6	0.00854	0.00728	0.01075	0.05079	0.15028	0.00729	0.02817	0.01046	0.01127	0.01483	0.02850	0.26374	0.19299	0.01216	0.00686	0.00199	0.04043	0.14410	0.00419	0.00539
7	0.01253	0.01200	0.02046	0.16905	0.64894	0.01242	0.01595	0.01574	0.01178	0.01660	0.00985	0.01326	0.00814	0.00481	0.00524	0.00160	0.00642	0.00471	0.00257	0.00793
8	0.00677	0.00499	0.00661	0.00731	0.00793	0.00494	0.00512	0.00793	0.00979	0.01308	0.02747	0.47523	0.11584	0.07295	0.20386	0.00388	0.00592	0.01177	0.00428	0.00435
9	0.00859	0.00498	0.00747	0.00747	0.00781	0.00532	0.00532	0.00781	0.00747	0.01030	0.01098	0.01777	0.01064	0.02607	0.30035	0.54293	0.00806	0.00498	0.00249	0.00317
10	0.00642	0.00469	0.00604	0.00711	0.00760	0.00431	0.00480	0.00739	0.01036	0.01359	0.03217	0.71644	0.12733	0.01617	0.00669	0.00210	0.00302	0.01455	0.00491	0.00431
11	0.01073	0.05468	0.76056	0.01486	0.02256	0.01258	0.01917	0.01671	0.01115	0.01659	0.00941	0.01107	0.00670	0.00501	0.00497	0.00166	0.00774	0.00387	0.00223	0.00778
12	0.01365	0.72260	0.02631	0.10201	0.01625	0.01984	0.00971	0.01556	0.01072	0.01256	0.00759	0.00914	0.00682	0.00461	0.00361	0.00120	0.00582	0.00305	0.00227	0.00668
13	0.00768	0.00516	0.00592	0.00592	0.00597	0.00521	0.00339	0.00778	0.00773	0.01036	0.01652	0.03383	0.01889	0.77137	0.06930	0.00531	0.00563	0.00758	0.00318	0.00329
14	0.00986	0.00732	0.01041	0.00970	0.01071	0.00883	0.00768	0.01193	0.03278	0.07568	0.01414	0.05680	0.01310	0.04243	0.48534	0.00603	0.18278	0.00591	0.00321	0.00536
15	0.11243	0.01459	0.06915	0.10967	0.04143	0.19209	0.09140	0.01746	0.05521	0.08349	0.02162	0.01405	0.00944	0.01034	0.11554	0.00259	0.02514	0.00462	0.00323	0.00650
16	0.00803	0.00505	0.00631	0.00629	0.00642	0.00511	0.00389	0.00774	0.00789	0.01065	0.04906	0.02925	0.01771	0.52470	0.08508	0.20811	0.00559	0.00687	0.00307	0.00318
17	0.01090	0.00668	0.00712	0.00663	0.00837	0.00701	0.00508	0.04570	0.15520	0.03773	0.11142	0.02182	0.01830	0.00694	0.00442	0.00141	0.00297	0.00570	0.53076	0.00584
18	0.01316	0.05545	0.08832	0.01704	0.04211	0.01169	0.40067	0.03294	0.01270	0.10704	0.02880	0.03582	0.01211	0.00677	0.02006	0.00188	0.00729	0.07193	0.02715	0.00705

[dist]
# distance from previous block
# <min> <max>
0	1

[block]
# block no. 10 follows, 46 sequences, length 32
# corresponding to MSA columns:
# 1407-1438
name=unknown_K
#
# <colnr> <probs for GDERKNQSTAVLIFYWHMCP>
#	G	D	E	R	K	N	Q	S	T	A	V	L	I	F	Y	W	H	M	C	P
0	0.04966	0.04410	0.18405	0.03615	0.16821	0.04334	0.01296	0.25509	0.03149	0.10663	0.01188	0.01277	0.00863	0.00559	0.00506	0.00159	0.00626	0.00445	0.00388	0.00821
1	0.00792	0.00697	0.01124	0.00972	0.01168	0.00637	0.15935	0.01003	0.01210	0.01602	0.17271	0.26547	0.23587	0.01191	0.00636	0.00187	0.00407	0.02499	0.02028	0.00507
2	0.82664	0.01020	0.00786	0.00698	0.01029	0.01172	0.00574	0.01547	0.00906	0.02353	0.00742	0.00866	0.00579	0.00488	0.00329	0.00161	0.00408	0.00287	0.00327	0.03065
3	0.79103	0.02781	0.00859	0.00729	0.01061	0.02738	0.00602	0.03955	0.00966	0.02358	0.00755	0.00874	0.00587	0.00496	0.00337	0.00162	0.00428	0.00293	0.00330	0.00586
4	0.01183	0.36018	0.39663	0.01194	0.01775	0.01544	0.01395	0.01571	0.01075	0.01452	0.00899	0.01087	0.00731	0.00786	0.07375	0.00204	0.00746	0.00360	0.00230	0.00710
5	0.01315	0.01136	0.01195	0.01076	0.01375	0.01315	0.00837	0.02809	0.77168	0.02211	0.02152	0.01972	0.01614	0.00717	0.00538	0.00179	0.00418	0.00598	0.00538	0.00837
6	0.09493	0.00989	0.03165	0.00949	0.01361	0.00872	0.00802	0.06600	0.01504	0.65739	0.01894	0.01671	0.01206	0.00635	0.00513	0.00163	0.00462	0.00504	0.00608	0.00868
7	0.01087	0.02828	0.31798	0.01197	0.03172	0.05722	0.02448	0.01681	0.14308	0.02824	0.16447	0.02230	0.07445	0.00800	0.02016	0.00182	0.00585	0.02155	0.00384	0.00689
8	0.00773	0.00639	0.00797	0.12928	0.01252	0.00638	0.00654	0.01036	0.05615	0.01527	0.11406	0.05789	0.38678	0.05986	0.00743	0.00206	0.00385	0.10002	0.00453	0.00493
9	0.00852	0.00608	0.00852	0.00974	0.01095	0.00608	0.00852	0.01095	0.01217	0.01582	0.02799	0.05963	0.03042	0.01460	0.00730	0.00243	0.00487	0.74565	0.00487	0.00487
10	0.56664	0.00876	0.00722	0.00658	0.00928	0.00989	0.00530	0.01532	0.04017	0.03648	0.01095	0.01233	0.00847	0.00538	0.00351	0.00153	0.00364	0.00361	0.23927	0.00567
11	0.01312	0.13574	0.41396	0.01222	0.01777	0.01221	0.01394	0.01718	0.01191	0.15097	0.06781	0.01526	0.03470	0.00615	0.00570	0.00163	0.05427	0.00467	0.00334	0.00744
12	0.00658	0.00515	0.00569	0.00596	0.00709	0.00455	0.00415	0.00768	0.01108	0.01385	0.08164	0.22536	0.44816	0.13758	0.00955	0.00238	0.00314	0.01144	0.00470	0.00426
13	0.00642	0.00468	0.00606	0.00716	0.00762	0.00431	0.00482	0.00738	0.01031	0.01357	0.03158	0.73472	0.10943	0.01624	0.00670	0.00211	0.00303	0.01464	0.00491	0.00431
14	0.02978	0.01497	0.18520	0.19135	0.30126	0.04140	0.02729	0.03136	0.01191	0.02678	0.01144	0.01691	0.00965	0.00588	0.00534	0.00171	0.00674	0.07098	0.00280	0.00725
15	0.01703	0.01137	0.13068	0.00995	0.01385	0.00857	0.00910	0.02137	0.11199	0.41516	0.12504	0.06781	0.01893	0.00759	0.00549	0.00170	0.00460	0.00636	0.00553	0.00789
16	0.01026	0.00967	0.01635	0.73378	0.10200	0.01182	0.01482	0.01375	0.01070	0.01384	0.00944	0.01401	0.00716	0.00523	0.00528	0.00174	0.00698	0.00470	0.00237	0.00609
17	0.04677	0.00903	0.01214	0.00934	0.01340	0.00788	0.00771	0.02548	0.01496	0.76370	0.02048	0.01773	0.01288	0.00650	0.00526	0.00164	0.00449	0.00525	0.00645	0.00891
18	0.01561	0.69263	0.02532	0.00910	0.01356	0.01889	0.00885	0.01736	0.01142	0.13165	0.00943	0.00995	0.00776	0.00483	0.00369	0.00121	0.00548	0.00321	0.00292	0.00713
19	0.01104	0.00956	0.01440	0.37230	0.02427	0.01094	0.07144	0.01724	0.21507	0.04691	0.01626	0.13873	0.01411	0.00752	0.00561	0.00183	0.00571	0.00678	0.00375	0.00652
20	0.04297	0.00926	0.00939	0.07257	0.01246	0.11625	0.02299	0.01236	0.05749	0.01520	0.04079	0.18347	0.22745	0.01119	0.00620	0.00187	0.02148	0.10593	0.02546	0.00522
21	0.02372	0.00900	0.01227	0.00941	0.01350	0.00777	0.00777	0.02576	0.01513	0.78489	0.02086	0.01799	0.01309	0.00654	0.00532	0.00164	0.00450	0.00532	0.00654	0.00900
22	0.00644	0.00536	0.00562	0.00556	0.00726	0.00454	0.00417	0.00796	0.01250	0.01535	0.16543	0.04912	0.66655	0.01299	0.00625	0.00177	0.00265	0.01091	0.00505	0.00454
23	0.01980	0.02359	0.01512	0.01339	0.01635	0.67313	0.01019	0.13570	0.01651	0.01608	0.00887	0.01002	0.00715	0.00559	0.00485	0.00140	0.00896	0.00361	0.00312	0.00657
24	0.00637	0.00518	0.00565	0.00592	0.00731	0.00445	0.00429	0.00767	0.01176	0.01450	0.09084	0.23439	0.55525	0.01400	0.00637	0.00187	0.00276	0.01200	0.00496	0.00445
