[name]
unknown

[dist]
# distance from previous block
# <min> <max>
18	134

[block]
# block no. 0 follows, 43 sequences, length 26
# corresponding to MSA columns:
# 191-216
name=unknown_A
#
# <colnr> <probs for GDERKNQSTAVLIFYWHMCP>
#	G	D	E	R	K	N	Q	S	T	A	V	L	I	F	Y	W	H	M	C	P
0	0.01753	0.13288	0.10109	0.02633	0.04398	0.10199	0.05335	0.18202	0.01623	0.16263	0.03140	0.03535	0.01129	0.00638	0.00525	0.00159	0.00645	0.01676	0.00425	0.04326
1	0.10243	0.07857	0.10380	0.04399	0.01726	0.06864	0.06744	0.09939	0.05613	0.16848	0.02732	0.02512	0.01067	0.00678	0.02126	0.00177	0.01638	0.00483	0.00415	0.07558
2	0.08158	0.05322	0.11341	0.02662	0.01500	0.03893	0.04596	0.07088	0.03930	0.13628	0.02028	0.10413	0.10316	0.02096	0.00579	0.00174	0.00533	0.01637	0.00432	0.09673
3	0.15921	0.17414	0.07055	0.01080	0.01489	0.01268	0.08821	0.03802	0.05587	0.10905	0.07259	0.06110	0.01407	0.02134	0.00533	0.00166	0.00536	0.00541	0.00396	0.07576
4	0.01507	0.11991	0.07406	0.01041	0.01421	0.07961	0.02729	0.04620	0.04013	0.17733	0.05465	0.09401	0.06266	0.00778	0.00558	0.00159	0.02159	0.01757	0.00441	0.12595
5	0.10752	0.14468	0.20117	0.02454	0.03703	0.06021	0.04513	0.01680	0.03722	0.04363	0.03773	0.02523	0.01043	0.00739	0.03862	0.00188	0.03400	0.01449	0.00316	0.10913
6	0.11118	0.01395	0.12110	0.04450	0.02732	0.05859	0.01993	0.08827	0.03394	0.28025	0.03890	0.02798	0.02463	0.00654	0.00549	0.00167	0.02190	0.00511	0.00472	0.06401
7	0.01733	0.03369	0.12077	0.01247	0.01717	0.07310	0.08352	0.09780	0.01472	0.24632	0.01431	0.03712	0.01052	0.00616	0.00579	0.00157	0.03680	0.00502	0.00438	0.16143
8	0.12788	0.09529	0.10051	0.03634	0.05567	0.04044	0.05638	0.06083	0.01301	0.06788	0.07535	0.01533	0.02890	0.00586	0.00500	0.00148	0.01535	0.00468	0.00364	0.19018
9	0.08192	0.01505	0.17252	0.02400	0.04954	0.02892	0.07213	0.09093	0.11521	0.09978	0.07120	0.04307	0.01396	0.00656	0.00537	0.00167	0.00583	0.00554	0.00420	0.09258
10	0.01329	0.03153	0.07614	0.29663	0.06713	0.05884	0.05885	0.06289	0.01336	0.09604	0.04154	0.04285	0.07278	0.00683	0.00561	0.00173	0.00650	0.00590	0.00362	0.03793
11	0.04175	0.01366	0.04370	0.04391	0.14573	0.01364	0.06335	0.31773	0.04924	0.14337	0.03359	0.01520	0.01104	0.00620	0.00552	0.00168	0.00603	0.00522	0.00475	0.03467
12	0.03983	0.01277	0.04029	0.01208	0.04585	0.09113	0.05406	0.10748	0.12487	0.16444	0.14403	0.01983	0.01815	0.00702	0.00550	0.00163	0.00539	0.00586	0.02370	0.07608
13	0.01065	0.01012	0.08104	0.19947	0.07152	0.00917	0.01040	0.03936	0.05406	0.05221	0.32683	0.02808	0.05558	0.00854	0.00600	0.00178	0.00490	0.01925	0.00458	0.00646
14	0.01879	0.01381	0.01492	0.01171	0.01583	0.01499	0.00955	0.51890	0.14101	0.05788	0.01500	0.01484	0.01087	0.00658	0.00537	0.00161	0.00546	0.00508	0.04103	0.07676
15	0.07503	0.00530	0.00657	0.00768	0.00825	0.00514	0.00521	0.00841	0.01051	0.01501	0.02867	0.73714	0.03413	0.01636	0.00677	0.00221	0.00330	0.01471	0.00500	0.00462
16	0.00697	0.00514	0.00656	0.00750	0.00824	0.00473	0.00530	0.00825	0.01148	0.01505	0.08710	0.56010	0.16198	0.01619	0.00699	0.00217	0.00325	0.07315	0.00521	0.00463
17	0.01345	0.49209	0.22012	0.01124	0.01654	0.01807	0.01209	0.01790	0.09203	0.01533	0.01069	0.03924	0.00919	0.00562	0.00435	0.00144	0.00625	0.00407	0.00281	0.00747
18	0.01340	0.01351	0.07119	0.04808	0.02333	0.01207	0.43107	0.05533	0.03927	0.08471	0.07143	0.08131	0.01471	0.00667	0.00629	0.00186	0.00744	0.00716	0.00379	0.00737
19	0.02195	0.00979	0.01265	0.01010	0.01393	0.00913	0.00829	0.10706	0.04705	0.56554	0.02133	0.02260	0.01511	0.04178	0.00671	0.00194	0.00492	0.06497	0.00636	0.00878
20	0.01403	0.07592	0.10534	0.06619	0.05743	0.01008	0.00993	0.01725	0.05028	0.20968	0.01556	0.01939	0.01257	0.10532	0.20257	0.00390	0.00811	0.00551	0.00397	0.00698
21	0.01358	0.04966	0.43226	0.04284	0.04843	0.01245	0.07626	0.07149	0.01349	0.10952	0.04501	0.03692	0.01099	0.00609	0.00549	0.00174	0.00716	0.00514	0.00341	0.00804
22	0.00771	0.00568	0.00770	0.00879	0.00946	0.00567	0.00670	0.00923	0.01129	0.01495	0.02979	0.49796	0.05276	0.01624	0.00773	0.00235	0.03780	0.25839	0.00501	0.00477
23	0.01248	0.01152	0.01975	0.38918	0.30577	0.01281	0.06583	0.01590	0.01183	0.04535	0.01048	0.01441	0.00821	0.00552	0.00624	0.00180	0.04777	0.00506	0.00276	0.00733
24	0.01570	0.08191	0.07170	0.07385	0.38482	0.03021	0.06814	0.03422	0.01330	0.15466	0.01226	0.01416	0.00927	0.00536	0.00539	0.00165	0.00661	0.00491	0.00348	0.00841
25	0.01520	0.03144	0.04643	0.14562	0.24759	0.05898	0.08250	0.04476	0.04087	0.12810	0.01210	0.01442	0.00920	0.00601	0.00690	0.00178	0.09173	0.00506	0.00346	0.00786

[dist]
# distance from previous block
# <min> <max>
8	14

[block]
# block no. 1 follows, 43 sequences, length 10
# corresponding to MSA columns:
# 231-240
name=unknown_B
#
# <colnr> <probs for GDERKNQSTAVLIFYWHMCP>
#	G	D	E	R	K	N	Q	S	T	A	V	L	I	F	Y	W	H	M	C	P
0	0.01535	0.12010	0.11870	0.06084	0.22993	0.01357	0.08679	0.06164	0.05898	0.14104	0.01328	0.03313	0.01021	0.00582	0.00537	0.00167	0.00647	0.00517	0.00369	0.00825
1	0.01663	0.10161	0.14971	0.01292	0.01772	0.01255	0.10499	0.02314	0.19797	0.25401	0.01728	0.01784	0.01251	0.00650	0.00550	0.00175	0.00597	0.02829	0.00471	0.00841
2	0.01352	0.06288	0.36229	0.01554	0.02145	0.03450	0.15419	0.11012	0.03307	0.04844	0.01254	0.06549	0.01008	0.00633	0.00587	0.00177	0.02528	0.00550	0.00329	0.00787
3	0.01145	0.02660	0.67709	0.01819	0.12257	0.01290	0.02000	0.01747	0.01181	0.01761	0.01000	0.01196	0.00725	0.00522	0.00529	0.00174	0.00797	0.00420	0.00239	0.00826
4	0.01457	0.03348	0.04902	0.01029	0.01346	0.00878	0.06919	0.05594	0.02940	0.24756	0.22270	0.05849	0.09856	0.00920	0.00641	0.00180	0.02693	0.03165	0.00546	0.00710
5	0.01334	0.06595	0.01955	0.34156	0.12610	0.08778	0.10097	0.03196	0.04767	0.04082	0.01088	0.01422	0.00849	0.00650	0.02403	0.00192	0.04337	0.00496	0.00294	0.00701
6	0.00746	0.00554	0.00681	0.00747	0.00847	0.00516	0.00558	0.00890	0.01164	0.01495	0.07479	0.26531	0.24240	0.11962	0.00982	0.00260	0.00381	0.19013	0.00495	0.00458
7	0.00691	0.00493	0.00661	0.00789	0.00829	0.00464	0.00542	0.00799	0.01076	0.01432	0.03044	0.74743	0.03628	0.01720	0.00711	0.00227	0.00335	0.06849	0.00514	0.00454
8	0.05357	0.01166	0.01837	0.15679	0.37949	0.01250	0.01399	0.01789	0.01231	0.15707	0.01193	0.01443	0.00914	0.00597	0.00692	0.00179	0.09980	0.00495	0.00345	0.00799
9	0.01250	0.02744	0.62660	0.01609	0.02340	0.11463	0.06785	0.01816	0.01231	0.01703	0.00984	0.01168	0.00712	0.00528	0.00531	0.00172	0.00850	0.00419	0.00244	0.00790

[dist]
# distance from previous block
# <min> <max>
2	44

[block]
# block no. 2 follows, 43 sequences, length 31
# corresponding to MSA columns:
# 285-315
name=unknown_C
#
# <colnr> <probs for GDERKNQSTAVLIFYWHMCP>
#	G	D	E	R	K	N	Q	S	T	A	V	L	I	F	Y	W	H	M	C	P
0	0.00870	0.00588	0.00774	0.00726	0.00871	0.00542	0.00555	0.01129	0.01554	0.05772	0.69596	0.04134	0.04942	0.01131	0.00654	0.00178	0.00284	0.04550	0.00608	0.00542
1	0.07535	0.01473	0.02798	0.02025	0.02548	0.01446	0.56218	0.15066	0.01515	0.02137	0.01133	0.01421	0.00841	0.00506	0.00613	0.00182	0.00838	0.00600	0.00334	0.00771
2	0.01456	0.01296	0.01831	0.02029	0.27159	0.01385	0.08370	0.12381	0.31284	0.02237	0.01626	0.01791	0.01272	0.00647	0.00571	0.00179	0.00586	0.02603	0.00436	0.00863
3	0.03433	0.01744	0.01340	0.01256	0.05166	0.39536	0.00917	0.02040	0.04320	0.16146	0.10779	0.01955	0.07558	0.00730	0.00543	0.00159	0.00701	0.00555	0.00431	0.00691
4	0.02467	0.00970	0.01303	0.00999	0.01428	0.00855	0.00825	0.06025	0.01632	0.74073	0.02146	0.01860	0.01351	0.00685	0.00557	0.00171	0.00478	0.00554	0.00679	0.00942
5	0.00675	0.00482	0.00643	0.00771	0.00803	0.00450	0.00514	0.00771	0.01060	0.01414	0.03053	0.80175	0.03663	0.01735	0.00707	0.00225	0.00321	0.01574	0.00514	0.00450
6	0.01172	0.00973	0.01580	0.01402	0.07061	0.00954	0.17982	0.06100	0.07218	0.05672	0.29201	0.03186	0.02881	0.00909	0.00644	0.00188	0.00527	0.11189	0.00491	0.00672
7	0.02163	0.01562	0.01591	0.01243	0.01667	0.09310	0.01016	0.56036	0.02333	0.15329	0.01421	0.01387	0.00989	0.00659	0.00549	0.00165	0.00626	0.00494	0.00548	0.00912
8	0.02338	0.00940	0.01259	0.00976	0.01382	0.00830	0.00802	0.05651	0.01627	0.68559	0.07866	0.02034	0.01648	0.00719	0.00564	0.00171	0.00461	0.00589	0.00674	0.00910
9	0.01629	0.01292	0.05017	0.12161	0.12254	0.01337	0.07977	0.17845	0.01541	0.15946	0.04058	0.01550	0.01089	0.00671	0.00762	0.00184	0.12942	0.00535	0.00413	0.00798
10	0.01148	0.10747	0.70112	0.01515	0.02298	0.01378	0.01935	0.01744	0.01165	0.01708	0.00971	0.01141	0.00702	0.00521	0.00509	0.00170	0.00796	0.00398	0.00234	0.00808
11	0.00993	0.01033	0.08956	0.32643	0.02260	0.00991	0.01145	0.01282	0.01164	0.04376	0.07917	0.11090	0.14572	0.00918	0.00713	0.00193	0.08030	0.00763	0.00365	0.00596
12	0.02485	0.00943	0.01285	0.00985	0.01414	0.00814	0.00814	0.02699	0.01585	0.77465	0.02185	0.01885	0.01371	0.00685	0.00557	0.00171	0.00471	0.00557	0.00685	0.00943
13	0.03833	0.09118	0.27804	0.01481	0.05833	0.01490	0.05587	0.20438	0.10641	0.04672	0.01247	0.01339	0.00920	0.00594	0.00558	0.00171	0.02590	0.00470	0.00377	0.00839
14	0.75765	0.09422	0.01033	0.00751	0.01108	0.01342	0.00636	0.01631	0.00962	0.02361	0.00771	0.00899	0.00611	0.00510	0.00344	0.00166	0.00446	0.00300	0.00332	0.00611
15	0.00961	0.00810	0.00951	0.04003	0.05472	0.00833	0.00704	0.01568	0.23558	0.01894	0.18114	0.03735	0.29623	0.02652	0.00663	0.00192	0.00374	0.02744	0.00520	0.00628
16	0.01174	0.01093	0.03320	0.26387	0.11032	0.01174	0.13222	0.01516	0.02279	0.05435	0.15636	0.01967	0.01676	0.00706	0.00751	0.00187	0.10806	0.00619	0.00350	0.00672
17	0.00803	0.00606	0.00902	0.04193	0.01081	0.00704	0.00702	0.00994	0.00893	0.01276	0.01481	0.02252	0.01403	0.09590	0.69513	0.00834	0.01383	0.00605	0.00297	0.00488
18	0.07588	0.01319	0.03356	0.03056	0.09961	0.04942	0.03141	0.07541	0.43669	0.06756	0.01787	0.01741	0.01335	0.00669	0.00543	0.00179	0.00532	0.00555	0.00486	0.00843
19	0.01208	0.09811	0.41884	0.07292	0.08942	0.03277	0.04339	0.01800	0.08738	0.01704	0.01142	0.01402	0.00891	0.04497	0.00635	0.00188	0.00733	0.00461	0.00280	0.00773
20	0.01757	0.01275	0.01435	0.04817	0.01629	0.01332	0.00929	0.43013	0.06193	0.08385	0.04997	0.01676	0.04211	0.00672	0.00538	0.00155	0.00532	0.00530	0.00511	0.15413
21	0.00761	0.00550	0.00738	0.00858	0.00939	0.00527	0.00661	0.00924	0.01160	0.01517	0.03165	0.45651	0.08063	0.01631	0.00727	0.00235	0.00395	0.30511	0.00512	0.00475
22	0.01185	0.01163	0.05225	0.07536	0.28974	0.01054	0.02632	0.01574	0.06274	0.01815	0.07626	0.05477	0.01401	0.00620	0.00558	0.00151	0.02311	0.00552	0.00344	0.23526
23	0.01484	0.01242	0.01328	0.03156	0.01545	0.01428	0.00921	0.14353	0.62518	0.02479	0.02075	0.01934	0.01548	0.00733	0.00562	0.00184	0.00473	0.00603	0.00554	0.00880
24	0.10297	0.11046	0.03883	0.01098	0.01474	0.01502	0.00921	0.14600	0.42547	0.04274	0.01721	0.01644	0.01292	0.00669	0.00512	0.00173	0.00497	0.00522	0.00491	0.00838
25	0.00962	0.00481	0.00722	0.00722	0.00722	0.00481	0.00481	0.00722	0.00722	0.00962	0.00962	0.01684	0.00962	0.01924	0.02165	0.83886	0.00481	0.00481	0.00241	0.00241
26	0.01267	0.01171	0.01626	0.31448	0.15173	0.03227	0.02932	0.03581	0.28200	0.01858	0.01547	0.01730	0.02558	0.00632	0.00559	0.00181	0.00616	0.00554	0.00379	0.00761
27	0.01345	0.00896	0.01066	0.00799	0.01216	0.00712	0.00639	0.01588	0.01234	0.14531	0.03268	0.01487	0.01117	0.00510	0.00438	0.00106	0.00394	0.00412	0.12942	0.55299
28	0.01136	0.00968	0.01121	0.00846	0.01288	0.00779	0.00667	0.01499	0.08404	0.01826	0.01259	0.07020	0.01113	0.00540	0.00447	0.00103	0.00406	0.00448	0.00365	0.69766
29	0.01332	0.06979	0.01885	0.45723	0.15130	0.02714	0.04193	0.07984	0.01306	0.05967	0.01079	0.01419	0.00816	0.00552	0.00541	0.00173	0.00700	0.00486	0.00304	0.00717
30	0.01376	0.01065	0.01475	0.07028	0.10524	0.01259	0.01064	0.13103	0.01263	0.08022	0.01184	0.01580	0.00997	0.03420	0.11505	0.05703	0.24746	0.00519	0.03496	0.00671

[dist]
# distance from previous block
# <min> <max>
3	5

[block]
# block no. 3 follows, 43 sequences, length 41
# corresponding to MSA columns:
# 321-361
name=unknown_D
#
# <colnr> <probs for GDERKNQSTAVLIFYWHMCP>
#	G	D	E	R	K	N	Q	S	T	A	V	L	I	F	Y	W	H	M	C	P
0	0.01271	0.05508	0.43709	0.04478	0.09906	0.01262	0.07809	0.04058	0.01252	0.06266	0.01136	0.03405	0.00868	0.00556	0.00533	0.00168	0.00731	0.00474	0.00293	0.06317
1	0.03609	0.14724	0.42947	0.01329	0.01967	0.01417	0.01522	0.08182	0.06691	0.10739	0.01211	0.01279	0.00870	0.00564	0.00503	0.00166	0.00687	0.00429	0.00341	0.00825
2	0.03709	0.11061	0.37767	0.01602	0.06844	0.01337	0.12512	0.01864	0.03836	0.10369	0.01183	0.01367	0.00876	0.02600	0.00586	0.00179	0.00729	0.00470	0.00312	0.00797
3	0.01269	0.03580	0.01015	0.11830	0.01314	0.00798	0.00716	0.01404	0.01090	0.13211	0.01432	0.01760	0.01131	0.00963	0.00965	0.20308	0.06044	0.00500	0.30127	0.00543
4	0.01660	0.33818	0.14297	0.05997	0.01831	0.10132	0.04493	0.04158	0.01320	0.15764	0.01127	0.01209	0.00848	0.00543	0.00468	0.00149	0.00676	0.00404	0.00338	0.00767
5	0.01769	0.01182	0.06245	0.06344	0.15974	0.03468	0.04526	0.04975	0.01472	0.34019	0.09302	0.05154	0.01621	0.00706	0.00572	0.00173	0.00561	0.00615	0.00501	0.00820
6	0.00819	0.00646	0.00807	0.00891	0.05547	0.00619	0.00602	0.01110	0.07589	0.01741	0.23157	0.21627	0.22060	0.06089	0.00788	0.00215	0.00347	0.04297	0.00518	0.00532
7	0.01046	0.00984	0.01661	0.79205	0.03814	0.01230	0.01538	0.01415	0.01107	0.01415	0.00984	0.01477	0.00738	0.00554	0.00554	0.00185	0.00738	0.00492	0.00246	0.00615
8	0.01527	0.08763	0.08643	0.02424	0.42458	0.05067	0.03701	0.06002	0.05965	0.08379	0.01195	0.01380	0.00934	0.00539	0.00532	0.00163	0.00658	0.00480	0.00337	0.00851
9	0.01342	0.01633	0.14903	0.02926	0.54740	0.03691	0.09225	0.01732	0.01260	0.01783	0.01036	0.01338	0.00839	0.00499	0.00554	0.00168	0.00723	0.00492	0.00268	0.00847
10	0.01048	0.00666	0.00843	0.00817	0.00835	0.05358	0.00570	0.00857	0.00783	0.01013	0.00939	0.01608	0.00930	0.01772	0.02037	0.72744	0.06172	0.00474	0.00243	0.00291
11	0.01318	0.01204	0.01635	0.01494	0.06835	0.01575	0.01160	0.10398	0.01118	0.01691	0.00912	0.01307	0.00821	0.00871	0.01455	0.00218	0.57720	0.00490	0.07120	0.00659
12	0.00696	0.00572	0.00619	0.00633	0.00808	0.00495	0.00492	0.00861	0.01286	0.01570	0.10344	0.05369	0.61738	0.01401	0.00669	0.00195	0.00310	0.10945	0.00521	0.00477
13	0.00755	0.03255	0.10912	0.00857	0.01026	0.00616	0.00718	0.00931	0.01103	0.01466	0.03038	0.57702	0.12554	0.01494	0.00666	0.00210	0.00390	0.01329	0.00469	0.00509
14	0.00827	0.00557	0.00702	0.00666	0.00796	0.00521	0.00499	0.01088	0.01497	0.02194	0.63812	0.03778	0.04567	0.01048	0.00607	0.00166	0.00261	0.00918	0.14975	0.00521
15	0.01247	0.28932	0.48043	0.01413	0.02100	0.01597	0.06153	0.01723	0.01163	0.01604	0.00927	0.01095	0.00713	0.00505	0.00477	0.00157	0.00750	0.00386	0.00238	0.00778
16	0.84448	0.01071	0.00814	0.00728	0.01071	0.01242	0.00600	0.01628	0.00943	0.02485	0.00771	0.00900	0.00600	0.00514	0.00343	0.00171	0.00428	0.00300	0.00343	0.00600
17	0.01257	0.17606	0.36663	0.01510	0.08805	0.08078	0.02634	0.01671	0.01245	0.01680	0.10143	0.01485	0.01273	0.00603	0.00550	0.00163	0.03133	0.00468	0.00289	0.00744
18	0.01541	0.62204	0.02686	0.01161	0.04644	0.06022	0.04154	0.06998	0.03383	0.01532	0.00883	0.01005	0.00767	0.00501	0.00404	0.00130	0.00628	0.00346	0.00275	0.00737
19	0.00780	0.00570	0.00637	0.00622	0.00792	0.00496	0.00466	0.00957	0.01334	0.04691	0.23002	0.09254	0.47550	0.01287	0.00640	0.00182	0.00284	0.01093	0.04859	0.00502
20	0.01144	0.00977	0.01138	0.00827	0.01300	0.00754	0.00660	0.01438	0.03860	0.01838	0.03675	0.01286	0.01005	0.00448	0.00424	0.00089	0.00406	0.00362	0.00346	0.78024
21	0.01252	0.00950	0.01133	0.00828	0.01288	0.00730	0.00662	0.01496	0.01221	0.09197	0.06529	0.01434	0.01189	0.00489	0.00442	0.00097	0.00405	0.00399	0.00383	0.69876
22	0.01148	0.00984	0.01148	0.00820	0.01312	0.00738	0.00656	0.01395	0.01148	0.01805	0.00984	0.01148	0.00820	0.00410	0.00410	0.00082	0.00410	0.00328	0.00328	0.83922
23	0.00731	0.00561	0.00612	0.00636	0.00796	0.00495	0.00489	0.00900	0.01253	0.01601	0.07844	0.10367	0.51392	0.01353	0.00645	0.00192	0.00310	0.10338	0.09007	0.00479
24	0.01318	0.06144	0.02131	0.13171	0.57231	0.01317	0.01557	0.01637	0.01224	0.01725	0.01013	0.01339	0.00844	0.00494	0.00527	0.00158	0.00647	0.00469	0.00272	0.06778
25	0.01792	0.01437	0.01643	0.23742	0.02312	0.06190	0.01187	0.47101	0.03298	0.04017	0.01231	0.01374	0.00889	0.00629	0.00551	0.00171	0.00665	0.00491	0.00451	0.00828
26	0.00805	0.00537	0.00604	0.00604	0.00604	0.00537	0.00336	0.00805	0.00805	0.01074	0.01745	0.03624	0.02013	0.80536	0.02819	0.00537	0.00537	0.00805	0.00336	0.00336
27	0.03080	0.01487	0.23245	0.09298	0.06844	0.01028	0.05551	0.01827	0.03993	0.19904	0.11306	0.01853	0.01530	0.00735	0.00660	0.05327	0.00608	0.00561	0.00412	0.00750
28	0.07275	0.42555	0.13102	0.01025	0.01460	0.01649	0.01031	0.02808	0.01130	0.06189	0.01018	0.01238	0.00864	0.03015	0.07882	0.00224	0.03905	0.00387	0.02547	0.00696
29	0.00876	0.00629	0.00872	0.00997	0.01121	0.00625	0.00863	0.01121	0.01265	0.01642	0.03010	0.09489	0.05207	0.01536	0.00759	0.00252	0.00495	0.68224	0.00510	0.00506
30	0.04841	0.01099	0.01796	0.42910	0.28881	0.01225	0.01492	0.01632	0.01194	0.08090	0.01098	0.01450	0.00835	0.00542	0.00543	0.00176	0.00674	0.00490	0.00297	0.00733
31	0.00757	0.00525	0.00625	0.00669	0.00696	0.00510	0.00417	0.00806	0.00927	0.01225	0.02421	0.27859	0.07159	0.47664	0.03126	0.00415	0.00467	0.02939	0.00407	0.00387
32	0.01230	0.00982	0.01157	0.00830	0.01319	0.00743	0.00666	0.01474	0.01175	0.06418	0.01058	0.01193	0.00854	0.00427	0.00419	0.00087	0.00414	0.00342	0.00350	0.78863
33	0.01373	0.06505	0.01607	0.19828	0.11956	0.01068	0.02687	0.02595	0.01233	0.11924	0.01147	0.01347	0.00877	0.00501	0.00486	0.00135	0.00555	0.00427	0.00345	0.33403
34	0.04888	0.04350	0.01218	0.00864	0.01303	0.00828	0.00707	0.01846	0.01310	0.29206	0.02702	0.01692	0.05745	0.00587	0.00477	0.00127	0.00431	0.00469	0.00469	0.40779
35	0.00690	0.00560	0.00603	0.00608	0.00768	0.00485	0.00451	0.00840	0.01264	0.01562	0.13878	0.08311	0.57306	0.06259	0.00794	0.00211	0.00305	0.04123	0.00515	0.00467
36	0.00727	0.00528	0.00694	0.00795	0.00870	0.00496	0.00583	0.00874	0.01168	0.01543	0.09885	0.51449	0.10506	0.01609	0.00709	0.00223	0.00350	0.15998	0.00522	0.00470
37	0.01513	0.29585	0.17841	0.04555	0.10806	0.02700	0.03879	0.06996	0.02394	0.09684	0.01079	0.01217	0.00835	0.00553	0.00537	0.00156	0.04144	0.00419	0.00318	0.00788
38	0.02070	0.00896	0.01197	0.00969	0.01321	0.00820	0.00792	0.06602	0.01548	0.55198	0.06672	0.02376	0.01731	0.03483	0.06280	0.00241	0.00545	0.05803	0.00622	0.00835
39	0.00688	0.00491	0.00658	0.00786	0.00824	0.00461	0.00537	0.00794	0.01073	0.01429	0.03045	0.75702	0.03634	0.01723	0.00710	0.00227	0.00333	0.05917	0.00514	0.00453
40	0.01540	0.07190	0.05218	0.10447	0.38949	0.01284	0.06955	0.01896	0.03249	0.15998	0.01267	0.01462	0.00955	0.00541	0.00544	0.00167	0.00648	0.00503	0.00352	0.00838

[dist]
# distance from previous block
# <min> <max>
0	1

[block]
# block no. 4 follows, 43 sequences, length 52
# corresponding to MSA columns:
# 363-414
name=unknown_E
#
# <colnr> <probs for GDERKNQSTAVLIFYWHMCP>
#	G	D	E	R	K	N	Q	S	T	A	V	L	I	F	Y	W	H	M	C	P
0	0.05081	0.01200	0.08720	0.12355	0.08699	0.01029	0.01115	0.06694	0.01486	0.43623	0.03292	0.01689	0.01200	0.00636	0.00547	0.00173	0.00562	0.00524	0.00520	0.00856
1	0.01351	0.01296	0.02212	0.08007	0.72628	0.01311	0.01690	0.01682	0.01252	0.01785	0.01038	0.01377	0.00869	0.00497	0.00549	0.00166	0.00663	0.00493	0.00272	0.00861
2	0.33545	0.01981	0.01311	0.01247	0.04799	0.45432	0.00918	0.01966	0.01316	0.01807	0.00832	0.00977	0.00677	0.00546	0.00442	0.00155	0.00766	0.00341	0.00307	0.00636
3	0.00663	0.00561	0.00573	0.00570	0.00753	0.00471	0.00427	0.00811	0.01282	0.01543	0.10241	0.05252	0.72196	0.01385	0.00654	0.00186	0.00279	0.01158	0.00520	0.00471
4	0.01119	0.01035	0.03010	0.05253	0.23523	0.02803	0.04980	0.03553	0.10018	0.01827	0.10400	0.19349	0.03699	0.00966	0.00618	0.00190	0.00524	0.06021	0.00426	0.00686
5	0.01136	0.01056	0.01747	0.64969	0.14450	0.01263	0.01542	0.04435	0.01190	0.01556	0.01007	0.01455	0.00767	0.00549	0.00553	0.00181	0.00721	0.00493	0.00263	0.00667
6	0.01148	0.00984	0.01148	0.00820	0.01312	0.00738	0.00656	0.01395	0.01148	0.01805	0.00984	0.01148	0.00820	0.00410	0.00410	0.00082	0.00410	0.00328	0.00328	0.83922
7	0.01378	0.01190	0.01252	0.01127	0.01440	0.01378	0.00877	0.02943	0.76081	0.02317	0.02254	0.02066	0.01691	0.00751	0.00564	0.00188	0.00438	0.00626	0.00564	0.00877
8	0.01148	0.00984	0.01148	0.00820	0.01312	0.00738	0.00656	0.01395	0.01148	0.01805	0.00984	0.01148	0.00820	0.00410	0.00410	0.00082	0.00410	0.00328	0.00328	0.83922
9	0.00673	0.00577	0.00578	0.00575	0.00765	0.00490	0.00432	0.00848	0.03119	0.01517	0.05527	0.05249	0.74991	0.01386	0.00652	0.00187	0.00284	0.01155	0.00516	0.00478
10	0.01307	0.01494	0.03268	0.02334	0.02894	0.01401	0.75070	0.01774	0.01307	0.01774	0.01120	0.01494	0.00840	0.00467	0.00654	0.00187	0.00934	0.00654	0.00280	0.00747
11	0.00821	0.00590	0.00792	0.00807	0.00937	0.00562	0.00649	0.01080	0.01468	0.02029	0.51579	0.04857	0.04530	0.01268	0.00691	0.00202	0.00346	0.25699	0.00576	0.00518
12	0.01307	0.01494	0.03268	0.02334	0.02894	0.01401	0.75070	0.01774	0.01307	0.01774	0.01120	0.01494	0.00840	0.00467	0.00654	0.00187	0.00934	0.00654	0.00280	0.00747
13	0.51622	0.01020	0.01003	0.00831	0.01208	0.01071	0.00686	0.02057	0.01200	0.32514	0.01337	0.01294	0.00909	0.00583	0.00429	0.00171	0.00446	0.00403	0.00480	0.00737
14	0.00685	0.00522	0.00633	0.00709	0.00805	0.00470	0.00504	0.00813	0.01165	0.01490	0.07024	0.46560	0.29286	0.01582	0.00690	0.00211	0.00315	0.05557	0.00518	0.00463
15	0.01194	0.01018	0.01171	0.00859	0.01335	0.00820	0.00686	0.03558	0.07592	0.01895	0.01102	0.01232	0.00898	0.00446	0.00427	0.00093	0.00418	0.00358	0.00354	0.74542
16	0.01004	0.00571	0.00687	0.00647	0.00796	0.00539	0.00489	0.01256	0.01392	0.07586	0.39312	0.05251	0.03379	0.00922	0.00541	0.00157	0.00277	0.00791	0.33854	0.00548
17	0.01606	0.00753	0.00944	0.00798	0.01098	0.00646	0.00632	0.01782	0.01414	0.40930	0.03627	0.09554	0.31787	0.01057	0.00608	0.00182	0.00383	0.00884	0.00603	0.00713
18	0.00683	0.00486	0.00640	0.00760	0.00790	0.00456	0.00502	0.00773	0.01044	0.01391	0.02967	0.75141	0.03555	0.06916	0.00846	0.00245	0.00335	0.01524	0.00502	0.00442
19	0.05386	0.01261	0.03071	0.01118	0.01558	0.01245	0.00939	0.35121	0.02008	0.39881	0.01723	0.01584	0.01135	0.00666	0.00547	0.00169	0.00539	0.00518	0.00604	0.00927
20	0.81692	0.01087	0.00842	0.00747	0.01093	0.01258	0.00615	0.04092	0.00998	0.02519	0.00790	0.00914	0.00611	0.00519	0.00350	0.00171	0.00434	0.00307	0.00350	0.00611
21	0.01046	0.00984	0.01661	0.79205	0.03814	0.01230	0.01538	0.01415	0.01107	0.01415	0.00984	0.01477	0.00738	0.00554	0.00554	0.00185	0.00738	0.00492	0.00246	0.00615
22	0.01481	0.80869	0.02902	0.00948	0.01421	0.02191	0.00948	0.01658	0.01125	0.01303	0.00770	0.00888	0.00711	0.00474	0.00355	0.00118	0.00592	0.00296	0.00237	0.00711
23	0.00805	0.00595	0.00780	0.00880	0.01004	0.00570	0.00728	0.01009	0.01237	0.01582	0.03532	0.18235	0.19204	0.01536	0.00732	0.00235	0.00429	0.45904	0.00512	0.00491
24	0.00694	0.00563	0.00616	0.00602	0.00772	0.00484	0.00452	0.00871	0.01355	0.01717	0.27261	0.04967	0.55068	0.01320	0.00654	0.00183	0.00275	0.01118	0.00543	0.00484
25	0.84448	0.01071	0.00814	0.00728	0.01071	0.01242	0.00600	0.01628	0.00943	0.02485	0.00771	0.00900	0.00600	0.00514	0.00343	0.00171	0.00428	0.00300	0.00343	0.00600
26	0.00660	0.00561	0.00569	0.00567	0.00752	0.00470	0.00425	0.00806	0.01276	0.01528	0.08719	0.05278	0.73728	0.01391	0.00654	0.00186	0.00280	0.01162	0.00518	0.00470
27	0.02485	0.00943	0.01285	0.00985	0.01414	0.00814	0.00814	0.02699	0.01585	0.77465	0.02185	0.01885	0.01371	0.00685	0.00557	0.00171	0.00471	0.00557	0.00685	0.00943
28	0.00805	0.00537	0.00604	0.00604	0.00604	0.00537	0.00336	0.00805	0.00805	0.01074	0.01745	0.03624	0.02013	0.80536	0.02819	0.00537	0.00537	0.00805	0.00336	0.00336
29	0.01378	0.01190	0.01252	0.01127	0.01440	0.01378	0.00877	0.02943	0.76081	0.02317	0.02254	0.02066	0.01691	0.00751	0.00564	0.00188	0.00438	0.00626	0.00564	0.00877
30	0.84448	0.01071	0.00814	0.00728	0.01071	0.01242	0.00600	0.01628	0.00943	0.02485	0.00771	0.00900	0.00600	0.00514	0.00343	0.00171	0.00428	0.00300	0.00343	0.00600
31	0.02105	0.01551	0.01662	0.01274	0.01717	0.01717	0.01053	0.75235	0.02604	0.03490	0.01330	0.01330	0.00942	0.00665	0.00554	0.00166	0.00609	0.00499	0.00554	0.00942
32	0.84448	0.01071	0.00814	0.00728	0.01071	0.01242	0.00600	0.01628	0.00943	0.02485	0.00771	0.00900	0.00600	0.00514	0.00343	0.00171	0.00428	0.00300	0.00343	0.00600
33	0.01371	0.01316	0.02248	0.03399	0.77081	0.01316	0.01700	0.01700	0.01261	0.01809	0.01042	0.01371	0.00877	0.00493	0.00548	0.00164	0.00658	0.00493	0.00274	0.00877
34	0.01378	0.01190	0.01252	0.01127	0.01440	0.01378	0.00877	0.02943	0.76081	0.02317	0.02254	0.02066	0.01691	0.00751	0.00564	0.00188	0.00438	0.00626	0.00564	0.00877
35	0.00760	0.00555	0.00723	0.00767	0.00875	0.00518	0.00582	0.00959	0.01330	0.01798	0.33231	0.26850	0.11979	0.01415	0.00691	0.00206	0.00330	0.15388	0.00552	0.00493
36	0.01489	0.01186	0.01274	0.01115	0.01440	0.01344	0.00876	0.10277	0.61096	0.06648	0.05411	0.02071	0.01750	0.00755	0.00566	0.00184	0.00450	0.00626	0.00571	0.00872
37	0.00805	0.00537	0.00604	0.00604	0.00604	0.00537	0.00336	0.00805	0.00805	0.01074	0.01745	0.03624	0.02013	0.80536	0.02819	0.00537	0.00537	0.00805	0.00336	0.00336
38	0.10285	0.01263	0.01316	0.01105	0.01462	0.01423	0.00885	0.27250	0.37640	0.05322	0.01765	0.01689	0.01301	0.00691	0.00530	0.00176	0.00489	0.00542	0.04010	0.00857
39	0.00672	0.00491	0.00633	0.00747	0.00797	0.00452	0.00504	0.00774	0.01083	0.01423	0.03341	0.71736	0.11915	0.01698	0.00701	0.00221	0.00317	0.01529	0.00514	0.00452
40	0.01148	0.00984	0.01148	0.00820	0.01312	0.00738	0.00656	0.01395	0.01148	0.01805	0.00984	0.01148	0.00820	0.00410	0.00410	0.00082	0.00410	0.00328	0.00328	0.83922
41	0.00691	0.00493	0.00661	0.00789	0.00828	0.00463	0.00541	0.00798	0.01076	0.01431	0.03044	0.74828	0.03629	0.01720	0.00711	0.00227	0.00335	0.06766	0.00514	0.00454
42	0.00758	0.00568	0.00705	0.00679	0.00823	0.00515	0.00515	0.00991	0.01483	0.02026	0.56872	0.04509	0.21934	0.01213	0.00658	0.00181	0.00277	0.04201	0.00583	0.00509
43	0.00882	0.00649	0.00864	0.00960	0.01095	0.00649	0.00812	0.01193	0.05626	0.01689	0.06223	0.11588	0.08546	0.01474	0.00736	0.00240	0.00464	0.55266	0.00518	0.00524
44	0.01074	0.00653	0.00905	0.11037	0.01314	0.00639	0.00709	0.01244	0.01201	0.15123	0.06988	0.38022	0.07166	0.05905	0.00780	0.00225	0.00421	0.05527	0.00505	0.00562
45	0.04697	0.00971	0.01280	0.00987	0.01408	0.00868	0.00814	0.06548	0.01622	0.69715	0.03765	0.01878	0.01412	0.00690	0.00553	0.00171	0.00473	0.00557	0.00667	0.00924
46	0.00678	0.00488	0.00643	0.00760	0.00802	0.00453	0.00511	0.00782	0.01087	0.01447	0.05939	0.74474	0.06483	0.01700	0.00703	0.00222	0.00318	0.01537	0.00518	0.00453
47	0.04545	0.02645	0.67823	0.01550	0.02320	0.01268	0.05121	0.01793	0.01185	0.05247	0.01045	0.01205	0.00734	0.00530	0.00526	0.00176	0.00792	0.00422	0.00261	0.00812
48	0.01127	0.02438	0.58144	0.07173	0.02521	0.01273	0.12794	0.01708	0.01190	0.01729	0.01090	0.01444	0.00825	0.00560	0.00557	0.00181	0.00817	0.03394	0.00253	0.00781
49	0.01169	0.02783	0.74432	0.01553	0.02355	0.01266	0.01994	0.01794	0.01187	0.04960	0.01044	0.01200	0.00730	0.00533	0.00527	0.00175	0.00804	0.00416	0.00253	0.00824
50	0.01124	0.00897	0.01392	0.13031	0.25125	0.00920	0.01107	0.01430	0.04304	0.06614	0.08120	0.21936	0.02220	0.00997	0.00621	0.00194	0.00516	0.08362	0.00421	0.00669
51	0.04799	0.01236	0.01959	0.29653	0.45706	0.03947	0.01575	0.01615	0.01205	0.01685	0.01004	0.01375	0.00811	0.00518	0.00540	0.00171	0.00688	0.00480	0.00268	0.00766

[dist]
# distance from previous block
# <min> <max>
0	2

[block]
# block no. 5 follows, 43 sequences, length 37
# corresponding to MSA columns:
# 417-453
name=unknown_F
#
# <colnr> <probs for GDERKNQSTAVLIFYWHMCP>
#	G	D	E	R	K	N	Q	S	T	A	V	L	I	F	Y	W	H	M	C	P
0	0.01059	0.00701	0.01035	0.03986	0.01310	0.00689	0.04039	0.01304	0.01278	0.09652	0.02717	0.14121	0.02858	0.01382	0.00723	0.00237	0.00510	0.51325	0.00509	0.00563
1	0.01207	0.01015	0.01227	0.00988	0.05887	0.00794	0.00730	0.02878	0.01192	0.03342	0.01018	0.01180	0.00837	0.00426	0.00424	0.00090	0.00430	0.00346	0.00336	0.75652
2	0.00676	0.00519	0.00615	0.00679	0.00777	0.00463	0.00473	0.00796	0.01161	0.01481	0.07982	0.44401	0.32708	0.03671	0.00740	0.00215	0.00308	0.01363	0.00515	0.00458
3	0.05993	0.00820	0.06535	0.03706	0.01107	0.00660	0.00675	0.01229	0.01362	0.10001	0.28390	0.06314	0.28932	0.01094	0.00613	0.00180	0.00362	0.00925	0.00524	0.00577
4	0.47835	0.01086	0.01035	0.00840	0.01235	0.01133	0.00688	0.09470	0.01247	0.12811	0.01068	0.01131	0.00786	0.00533	0.00408	0.00153	0.00450	0.00362	0.00409	0.17321
5	0.46778	0.01177	0.01273	0.14181	0.07674	0.03661	0.02247	0.06739	0.01128	0.02173	0.00872	0.01105	0.00688	0.00571	0.00552	0.00178	0.07640	0.00386	0.00324	0.00653
6	0.01133	0.07564	0.73162	0.01541	0.02338	0.01341	0.01980	0.01748	0.01167	0.01727	0.00980	0.01152	0.00702	0.00523	0.00516	0.00172	0.00805	0.00402	0.00234	0.00812
7	0.84448	0.01071	0.00814	0.00728	0.01071	0.01242	0.00600	0.01628	0.00943	0.02485	0.00771	0.00900	0.00600	0.00514	0.00343	0.00171	0.00428	0.00300	0.00343	0.00600
8	0.01148	0.00984	0.01148	0.00820	0.01312	0.00738	0.00656	0.01395	0.01148	0.01805	0.00984	0.01148	0.00820	0.00410	0.00410	0.00082	0.00410	0.00328	0.00328	0.83922
9	0.00807	0.00574	0.00671	0.00656	0.00726	0.00560	0.00429	0.00969	0.04307	0.01525	0.25181	0.06073	0.09353	0.43772	0.01813	0.00372	0.00420	0.00911	0.00450	0.00431
10	0.84448	0.01071	0.00814	0.00728	0.01071	0.01242	0.00600	0.01628	0.00943	0.02485	0.00771	0.00900	0.00600	0.00514	0.00343	0.00171	0.00428	0.00300	0.00343	0.00600
11	0.00721	0.00542	0.00647	0.00681	0.00800	0.00489	0.00497	0.00885	0.01265	0.01665	0.21762	0.26178	0.30126	0.03411	0.00722	0.00206	0.00307	0.05563	0.03054	0.00477
12	0.00693	0.00553	0.00594	0.00598	0.00761	0.00477	0.00443	0.00853	0.01289	0.01627	0.16398	0.11228	0.56306	0.01355	0.00647	0.00186	0.00280	0.01148	0.04086	0.00477
13	0.00703	0.00508	0.00667	0.00759	0.00821	0.00472	0.00528	0.00839	0.01171	0.01574	0.16382	0.59421	0.07598	0.01601	0.00697	0.00215	0.00317	0.04728	0.00531	0.00467
14	0.34937	0.00897	0.00923	0.00776	0.01103	0.00918	0.00632	0.01952	0.01232	0.30407	0.01534	0.01532	0.01074	0.00608	0.00433	0.00162	0.00406	0.00445	0.19321	0.00709
15	0.01148	0.00984	0.01148	0.00820	0.01312	0.00738	0.00656	0.01395	0.01148	0.01805	0.00984	0.01148	0.00820	0.00410	0.00410	0.00082	0.00410	0.00328	0.00328	0.83922
16	0.02137	0.01501	0.01631	0.01250	0.01692	0.01642	0.01033	0.69202	0.02519	0.09643	0.01401	0.01376	0.00978	0.00667	0.00554	0.00167	0.00598	0.00503	0.00565	0.00942
17	0.01046	0.00984	0.01661	0.79205	0.03814	0.01230	0.01538	0.01415	0.01107	0.01415	0.00984	0.01477	0.00738	0.00554	0.00554	0.00185	0.00738	0.00492	0.00246	0.00615
18	0.01142	0.09352	0.71449	0.01526	0.02316	0.01361	0.01955	0.01746	0.01166	0.01716	0.00975	0.01146	0.00702	0.00522	0.00512	0.00171	0.00800	0.00400	0.00234	0.00810
19	0.00675	0.00482	0.00643	0.00771	0.00803	0.00450	0.00514	0.00771	0.01060	0.01414	0.03053	0.80175	0.03663	0.01735	0.00707	0.00225	0.00321	0.01574	0.00514	0.00450
20	0.01726	0.00828	0.01191	0.01035	0.01338	0.00754	0.04207	0.01970	0.01461	0.40916	0.08584	0.03599	0.02310	0.01012	0.00643	0.00202	0.00489	0.26390	0.00599	0.00746
21	0.05036	0.01034	0.01605	0.65544	0.03404	0.01253	0.01422	0.07623	0.01246	0.05108	0.01058	0.01456	0.00778	0.00567	0.00544	0.00182	0.00701	0.00487	0.00296	0.00657
22	0.01307	0.01494	0.03268	0.02334	0.02894	0.01401	0.75070	0.01774	0.01307	0.01774	0.01120	0.01494	0.00840	0.00467	0.00654	0.00187	0.00934	0.00654	0.00280	0.00747
23	0.01378	0.01190	0.01252	0.01127	0.01440	0.01378	0.00877	0.02943	0.76081	0.02317	0.02254	0.02066	0.01691	0.00751	0.00564	0.00188	0.00438	0.00626	0.00564	0.00877
24	0.00872	0.00668	0.00867	0.00825	0.00850	0.00777	0.00579	0.00944	0.00835	0.01173	0.01502	0.02833	0.01629	0.47061	0.22161	0.00577	0.14420	0.00695	0.00309	0.00423
25	0.01310	0.27405	0.47720	0.01354	0.02032	0.01608	0.01616	0.07835	0.01275	0.01756	0.00951	0.01094	0.00724	0.00521	0.00475	0.00157	0.00730	0.00381	0.00261	0.00795
26	0.00808	0.00641	0.00739	0.00708	0.00856	0.02786	0.00529	0.01076	0.03949	0.02007	0.53534	0.08116	0.19806	0.01190	0.00649	0.00179	0.00296	0.01035	0.00574	0.00523
27	0.00771	0.00554	0.00680	0.00663	0.00796	0.00506	0.00492	0.00995	0.01433	0.02004	0.50972	0.10935	0.17887	0.01195	0.00636	0.00177	0.00270	0.01043	0.07487	0.00506
28	0.01339	0.08140	0.19150	0.03117	0.15414	0.03779	0.17446	0.06965	0.05573	0.03326	0.07286	0.01692	0.01276	0.00604	0.00564	0.00172	0.00706	0.02331	0.00340	0.00779
29	0.10703	0.02814	0.17185	0.01320	0.01594	0.03312	0.03961	0.01525	0.01007	0.05712	0.00982	0.01369	0.00845	0.04014	0.07136	0.00271	0.34835	0.00472	0.00286	0.00656
30	0.00822	0.00582	0.00676	0.00683	0.00732	0.00590	0.00440	0.00953	0.05002	0.01244	0.02214	0.07652	0.08331	0.55367	0.07661	0.00481	0.00565	0.05221	0.00380	0.00404
31	0.01381	0.00841	0.00950	0.00862	0.01097	0.00881	0.00668	0.05971	0.23241	0.14471	0.02146	0.10466	0.01785	0.02962	0.00589	0.00181	0.00389	0.03416	0.27000	0.00703
32	0.08555	0.15631	0.05786	0.03005	0.13753	0.12810	0.07288	0.10967	0.07534	0.07829	0.01170	0.01285	0.00899	0.00561	0.00500	0.00159	0.00671	0.00448	0.00363	0.00785
33	0.01775	0.01103	0.05732	0.04041	0.01500	0.01085	0.00970	0.06623	0.03533	0.35816	0.01839	0.01862	0.05276	0.00936	0.04533	0.00221	0.17755	0.00562	0.04056	0.00782
34	0.00739	0.00554	0.00738	0.00829	0.00885	0.00553	0.00600	0.00867	0.01109	0.01480	0.06201	0.58317	0.07719	0.01618	0.00776	0.00225	0.05112	0.10707	0.00501	0.00471
35	0.05228	0.05570	0.01359	0.11751	0.01601	0.05735	0.04116	0.11089	0.02801	0.11358	0.04524	0.02119	0.01401	0.21420	0.04576	0.00297	0.03434	0.00589	0.00396	0.00635
36	0.01410	0.09111	0.06985	0.22603	0.23826	0.02575	0.05495	0.11467	0.01389	0.04617	0.01108	0.01447	0.00877	0.00572	0.00573	0.00171	0.02742	0.01940	0.00317	0.00773

[dist]
# distance from previous block
# <min> <max>
1	11

[block]
# block no. 6 follows, 43 sequences, length 9
# corresponding to MSA columns:
# 467-475
name=unknown_G
#
# <colnr> <probs for GDERKNQSTAVLIFYWHMCP>
#	G	D	E	R	K	N	Q	S	T	A	V	L	I	F	Y	W	H	M	C	P
0	0.03265	0.05944	0.32584	0.10253	0.02274	0.01303	0.08338	0.04978	0.02994	0.03798	0.01394	0.01998	0.01172	0.00731	0.00629	0.00200	0.02441	0.08712	0.00356	0.06634
1	0.00702	0.00541	0.00652	0.00704	0.00818	0.00476	0.00494	0.00830	0.01155	0.01504	0.07487	0.48133	0.26500	0.01521	0.00670	0.00202	0.00311	0.01344	0.00508	0.05448
2	0.01017	0.00940	0.01574	0.70368	0.03496	0.01170	0.01443	0.01367	0.01083	0.01400	0.01041	0.01555	0.00811	0.00960	0.09331	0.00264	0.00822	0.00504	0.00252	0.00602
3	0.06827	0.01202	0.01319	0.01065	0.01438	0.01291	0.00864	0.32199	0.17089	0.19077	0.01723	0.01656	0.01220	0.00676	0.00526	0.00168	0.00495	0.00527	0.09776	0.00861
4	0.01046	0.00901	0.01448	0.01227	0.01481	0.00886	0.19281	0.01528	0.14836	0.04660	0.06666	0.28851	0.08730	0.01126	0.00657	0.00202	0.00505	0.04863	0.00476	0.00629
5	0.00733	0.00488	0.00622	0.00730	0.00778	0.00461	0.00493	0.00856	0.01077	0.01520	0.02850	0.67455	0.03298	0.01558	0.00655	0.00209	0.00311	0.01402	0.14046	0.00461
6	0.01280	0.00657	0.00783	0.00726	0.00914	0.00626	0.00551	0.05343	0.01338	0.17651	0.08071	0.19538	0.04674	0.00959	0.00531	0.00166	0.00336	0.00817	0.34426	0.00611
7	0.00677	0.00568	0.00593	0.00605	0.00786	0.00484	0.00466	0.00828	0.01264	0.01511	0.05356	0.05417	0.69852	0.01415	0.00665	0.00193	0.00302	0.08032	0.00514	0.00472
8	0.84448	0.01071	0.00814	0.00728	0.01071	0.01242	0.00600	0.01628	0.00943	0.02485	0.00771	0.00900	0.00600	0.00514	0.00343	0.00171	0.00428	0.00300	0.00343	0.00600

[dist]
# distance from previous block
# <min> <max>
0	8

[block]
# block no. 7 follows, 43 sequences, length 53
# corresponding to MSA columns:
# 484-536
name=unknown_H
#
# <colnr> <probs for GDERKNQSTAVLIFYWHMCP>
#	G	D	E	R	K	N	Q	S	T	A	V	L	I	F	Y	W	H	M	C	P
0	0.84448	0.01071	0.00814	0.00728	0.01071	0.01242	0.00600	0.01628	0.00943	0.02485	0.00771	0.00900	0.00600	0.00514	0.00343	0.00171	0.00428	0.00300	0.00343	0.00600
1	0.01134	0.02437	0.57524	0.01689	0.02408	0.01263	0.16443	0.01715	0.01204	0.01751	0.01155	0.01590	0.00904	0.00585	0.00568	0.00183	0.00820	0.05581	0.00262	0.00783
2	0.01576	0.50712	0.03975	0.04740	0.01618	0.03540	0.01003	0.17629	0.01458	0.01831	0.00924	0.01039	0.00770	0.00518	0.00419	0.00131	0.00603	0.00355	0.00314	0.06846
3	0.03029	0.01213	0.01858	0.04886	0.52353	0.04723	0.01398	0.01663	0.01310	0.06812	0.09104	0.04943	0.01505	0.00650	0.00564	0.00170	0.00601	0.02071	0.00352	0.00796
4	0.05081	0.01114	0.01712	0.61184	0.08170	0.04841	0.04038	0.01490	0.01127	0.01498	0.00966	0.01410	0.00743	0.00562	0.00595	0.00183	0.03911	0.00482	0.00255	0.00637
5	0.03407	0.31686	0.16697	0.01331	0.01854	0.03179	0.13359	0.05370	0.04984	0.09179	0.01173	0.01374	0.00923	0.00559	0.00491	0.00157	0.00675	0.02502	0.00330	0.00770
6	0.01278	0.01447	0.03146	0.02262	0.02797	0.01356	0.71608	0.01727	0.01296	0.01757	0.01210	0.05148	0.00971	0.00526	0.00656	0.00189	0.00905	0.00696	0.00291	0.00733
7	0.00946	0.00689	0.00819	0.00822	0.00956	0.00685	0.00598	0.13666	0.01395	0.01865	0.09235	0.45793	0.11853	0.03270	0.00712	0.00212	0.00369	0.02896	0.02679	0.00543
8	0.06571	0.36635	0.16805	0.01436	0.08204	0.01682	0.09283	0.05545	0.01241	0.01694	0.01032	0.01391	0.00889	0.00560	0.00471	0.00155	0.00664	0.04717	0.00284	0.00743
9	0.01237	0.05850	0.01201	0.00952	0.01232	0.00878	0.03379	0.06815	0.06881	0.10618	0.07669	0.21689	0.02261	0.02662	0.00634	0.00182	0.00444	0.08458	0.00483	0.16476
10	0.00832	0.00617	0.00746	0.00722	0.00851	0.00604	0.00534	0.00979	0.01204	0.05073	0.17018	0.13238	0.32870	0.10366	0.05844	0.00276	0.06216	0.01032	0.00486	0.00495
11	0.01414	0.03362	0.01899	0.19021	0.05299	0.01170	0.19842	0.07838	0.01335	0.13850	0.01452	0.05460	0.01203	0.05862	0.04119	0.00237	0.02797	0.02753	0.00380	0.00708
12	0.01325	0.06132	0.10237	0.33038	0.07546	0.01380	0.13295	0.09700	0.04199	0.04519	0.01122	0.01420	0.00839	0.00561	0.00581	0.00178	0.02371	0.00506	0.00313	0.00738
13	0.01205	0.01107	0.01892	0.41339	0.06436	0.01259	0.15112	0.03821	0.06460	0.04307	0.01179	0.01565	0.00906	0.00838	0.06296	0.00237	0.04512	0.00541	0.00304	0.00683
14	0.84448	0.01071	0.00814	0.00728	0.01071	0.01242	0.00600	0.01628	0.00943	0.02485	0.00771	0.00900	0.00600	0.00514	0.00343	0.00171	0.00428	0.00300	0.00343	0.00600
15	0.00860	0.00586	0.00733	0.00688	0.00846	0.00527	0.00519	0.01087	0.01489	0.06750	0.54806	0.06483	0.20185	0.01180	0.00649	0.00178	0.00280	0.01026	0.00591	0.00535
16	0.01212	0.01212	0.01696	0.01454	0.01454	0.01696	0.01212	0.01333	0.00848	0.01333	0.00727	0.01212	0.00727	0.00969	0.01818	0.00242	0.79523	0.00485	0.00242	0.00606
17	0.03474	0.00631	0.00701	0.00650	0.00860	0.00573	0.00506	0.01319	0.01297	0.14761	0.07880	0.03606	0.32475	0.01018	0.00553	0.00168	0.00318	0.03411	0.25227	0.00572
18	0.00797	0.00570	0.00716	0.00682	0.00826	0.00516	0.00511	0.01027	0.01488	0.03892	0.58357	0.07904	0.18252	0.01200	0.00654	0.00179	0.00273	0.01049	0.00589	0.00519
19	0.00780	0.00562	0.00714	0.00680	0.00813	0.00516	0.00508	0.01027	0.01513	0.02134	0.65961	0.06123	0.10966	0.01151	0.00644	0.00175	0.00264	0.01011	0.03943	0.00516
20	0.07612	0.00951	0.01256	0.00969	0.01392	0.00841	0.00801	0.02632	0.01545	0.72774	0.02097	0.01823	0.01323	0.00675	0.00544	0.00171	0.00469	0.00541	0.00664	0.00921
21	0.01378	0.01190	0.01252	0.01127	0.01440	0.01378	0.00877	0.02943	0.76081	0.02317	0.02254	0.02066	0.01691	0.00751	0.00564	0.00188	0.00438	0.00626	0.00564	0.00877
22	0.01148	0.00984	0.01148	0.00820	0.01312	0.00738	0.00656	0.01395	0.01148	0.01805	0.00984	0.01148	0.00820	0.00410	0.00410	0.00082	0.00410	0.00328	0.00328	0.83922
23	0.84448	0.01071	0.00814	0.00728	0.01071	0.01242	0.00600	0.01628	0.00943	0.02485	0.00771	0.00900	0.00600	0.00514	0.00343	0.00171	0.00428	0.00300	0.00343	0.00600
24	0.01046	0.00984	0.01661	0.79205	0.03814	0.01230	0.01538	0.01415	0.01107	0.01415	0.00984	0.01477	0.00738	0.00554	0.00554	0.00185	0.00738	0.00492	0.00246	0.00615
25	0.00680	0.00494	0.00631	0.00738	0.00785	0.00457	0.00493	0.00776	0.01067	0.01403	0.03257	0.67370	0.11638	0.06381	0.00827	0.00239	0.00330	0.01484	0.00504	0.00445
26	0.01413	0.01488	0.01590	0.27099	0.15893	0.22845	0.01248	0.06853	0.01387	0.01626	0.01554	0.04090	0.09227	0.00684	0.00553	0.00169	0.00725	0.00562	0.00322	0.00672
