[name]
unknown

[dist]
# distance from previous block
# <min> <max>
0	112

[block]
# block no. 0 follows, 37 sequences, length 30
# corresponding to MSA columns:
# 112-127,134-147
name=unknown_A
#
# <colnr> <probs for GDERKNQSTAVLIFYWHMCP>
#	G	D	E	R	K	N	Q	S	T	A	V	L	I	F	Y	W	H	M	C	P
0	0.06753	0.23165	0.01863	0.10823	0.04684	0.02598	0.01094	0.04186	0.04446	0.07844	0.01860	0.05715	0.01772	0.00950	0.00604	0.00202	0.00620	0.19652	0.00435	0.00737
1	0.01413	0.06674	0.16863	0.32546	0.02940	0.01375	0.06134	0.01943	0.08066	0.09266	0.01351	0.01642	0.00998	0.00717	0.00703	0.04931	0.00760	0.00543	0.00353	0.00782
2	0.01515	0.08655	0.02206	0.23845	0.27831	0.06385	0.06118	0.03993	0.01422	0.05721	0.01466	0.01762	0.05167	0.00641	0.00599	0.00185	0.00754	0.00573	0.00341	0.00823
3	0.01662	0.01719	0.06214	0.01607	0.04757	0.16605	0.16945	0.02087	0.06251	0.08593	0.03929	0.01590	0.01175	0.00596	0.00582	0.00160	0.00755	0.00533	0.00397	0.23841
4	0.06513	0.00880	0.01286	0.05466	0.01527	0.00836	0.10114	0.01490	0.01428	0.12449	0.10099	0.12342	0.22862	0.01212	0.00699	0.00215	0.00507	0.08873	0.00542	0.00661
5	0.01349	0.01236	0.01548	0.01882	0.24875	0.07885	0.01117	0.06353	0.06271	0.02194	0.22349	0.07591	0.06627	0.00923	0.00645	0.00185	0.00557	0.00809	0.00485	0.05117
6	0.01289	0.01292	0.01877	0.58712	0.03688	0.08323	0.05648	0.01667	0.01289	0.01620	0.01083	0.01551	0.00828	0.00594	0.00598	0.00189	0.00822	0.00524	0.00286	0.08119
7	0.01521	0.01304	0.02188	0.25787	0.46388	0.01374	0.01733	0.01887	0.01376	0.08721	0.01251	0.01604	0.00974	0.00586	0.00609	0.00189	0.00735	0.00552	0.00336	0.00888
8	0.09177	0.01015	0.01132	0.00964	0.01272	0.01048	0.00767	0.15467	0.06343	0.19758	0.01997	0.02424	0.01581	0.08078	0.00795	0.00221	0.00492	0.05125	0.21557	0.00787
9	0.01027	0.00675	0.00794	0.00761	0.00934	0.00636	0.00582	0.03768	0.01531	0.05034	0.29185	0.04390	0.19067	0.06323	0.00828	0.00220	0.00361	0.07317	0.15984	0.00583
10	0.01637	0.78856	0.03208	0.01047	0.01571	0.02422	0.01047	0.01833	0.01244	0.01440	0.00851	0.00982	0.00786	0.00524	0.00393	0.00131	0.00655	0.00327	0.00262	0.00786
11	0.08734	0.00890	0.01018	0.00846	0.01137	0.00817	0.00634	0.01301	0.01153	0.01805	0.06344	0.02490	0.05500	0.20476	0.07753	0.00323	0.03470	0.00622	0.00391	0.34297
12	0.07305	0.01929	0.01688	0.01443	0.01719	0.29618	0.01150	0.11404	0.01616	0.12508	0.01180	0.01353	0.00923	0.00784	0.00971	0.00199	0.22531	0.00483	0.00409	0.00787
13	0.06360	0.01676	0.06488	0.01499	0.08569	0.12499	0.01152	0.18662	0.06765	0.18281	0.03676	0.01643	0.01244	0.00683	0.00578	0.00175	0.00670	0.00532	0.00514	0.08332
14	0.09258	0.01274	0.01269	0.01080	0.01447	0.06819	0.00847	0.09033	0.23528	0.09035	0.01879	0.06810	0.01508	0.00769	0.00555	0.00174	0.00518	0.00615	0.08303	0.15279
15	0.01358	0.00727	0.00884	0.00795	0.01002	0.00651	0.00579	0.01502	0.01370	0.22397	0.09944	0.08835	0.22548	0.23069	0.01373	0.00313	0.00451	0.00999	0.00576	0.00629
16	0.00894	0.00718	0.00812	0.00795	0.00988	0.00685	0.00604	0.01313	0.11609	0.02024	0.25711	0.09720	0.35382	0.01391	0.00719	0.00209	0.00345	0.04874	0.00607	0.00600
17	0.01660	0.01572	0.01438	0.07685	0.01736	0.23707	0.01047	0.08295	0.01555	0.08459	0.02071	0.11574	0.08363	0.01163	0.03791	0.00235	0.09816	0.04686	0.00443	0.00704
18	0.01334	0.23325	0.11507	0.01191	0.01529	0.01557	0.01113	0.07959	0.01254	0.01698	0.01247	0.01800	0.01152	0.10153	0.19766	0.00425	0.11428	0.00536	0.00322	0.00704
19	0.00787	0.00592	0.00729	0.00759	0.00882	0.00534	0.00545	0.00978	0.01452	0.01938	0.32044	0.30114	0.23296	0.01559	0.00743	0.00215	0.00317	0.01373	0.00610	0.00534
20	0.01725	0.08361	0.06471	0.08247	0.01795	0.02484	0.01057	0.12639	0.14100	0.16848	0.06432	0.02334	0.06594	0.00818	0.00599	0.00188	0.00569	0.02056	0.05830	0.00854
21	0.01742	0.01585	0.02886	0.08477	0.02215	0.11814	0.15969	0.18732	0.06425	0.07017	0.01537	0.03975	0.01239	0.01103	0.07758	0.00271	0.03334	0.02654	0.00443	0.00823
22	0.01216	0.01161	0.01961	0.63135	0.03882	0.01392	0.08267	0.01755	0.07833	0.01692	0.01230	0.01693	0.00922	0.00623	0.00623	0.00205	0.00806	0.00574	0.00307	0.00720
23	0.01350	0.01020	0.01462	0.11315	0.12881	0.01116	0.01106	0.06200	0.01378	0.10473	0.02360	0.23350	0.08858	0.01154	0.00891	0.00220	0.12717	0.00957	0.00467	0.00723
24	0.00892	0.00656	0.00896	0.00987	0.05144	0.00674	0.00641	0.01042	0.01131	0.01572	0.13635	0.16655	0.02842	0.26497	0.23426	0.00558	0.00815	0.00988	0.00438	0.00512
25	0.01278	0.01115	0.08058	0.11907	0.08219	0.00973	0.01116	0.01553	0.01350	0.09668	0.14290	0.07696	0.02276	0.03889	0.00929	0.05540	0.04808	0.06551	0.00451	0.08333
26	0.12032	0.01243	0.01599	0.17833	0.12284	0.04225	0.02763	0.03940	0.07285	0.02038	0.02195	0.05518	0.01196	0.00706	0.00652	0.00182	0.05592	0.01296	0.01891	0.15529
27	0.01958	0.08457	0.01739	0.12953	0.06817	0.07689	0.01134	0.11112	0.07482	0.24657	0.07182	0.03062	0.01571	0.00747	0.00599	0.00185	0.00638	0.00607	0.00532	0.00881
28	0.07580	0.06103	0.01536	0.19383	0.09207	0.01232	0.01098	0.10146	0.01433	0.07867	0.02618	0.02315	0.01413	0.12317	0.03858	0.00280	0.00673	0.04629	0.05593	0.00721
29	0.08931	0.01394	0.08349	0.24797	0.09315	0.01317	0.01351	0.12037	0.02865	0.08017	0.01343	0.03139	0.01043	0.00655	0.00574	0.00182	0.00671	0.01696	0.00401	0.11923

[dist]
# distance from previous block
# <min> <max>
0	14

[block]
# block no. 1 follows, 37 sequences, length 19
# corresponding to MSA columns:
# 162-180
name=unknown_B
#
# <colnr> <probs for GDERKNQSTAVLIFYWHMCP>
#	G	D	E	R	K	N	Q	S	T	A	V	L	I	F	Y	W	H	M	C	P
0	0.05283	0.01306	0.07759	0.01195	0.01554	0.01237	0.01036	0.12551	0.08315	0.18916	0.09086	0.02112	0.01718	0.04069	0.07077	0.00277	0.10421	0.00627	0.00523	0.04939
1	0.01182	0.00726	0.00934	0.00905	0.01081	0.00696	0.00687	0.05118	0.01478	0.12418	0.18220	0.23923	0.09999	0.05553	0.07351	0.00305	0.00520	0.07686	0.00589	0.00627
2	0.01365	0.01352	0.01775	0.01417	0.01798	0.11371	0.17441	0.05398	0.01404	0.01865	0.01577	0.14080	0.01506	0.01340	0.11430	0.00286	0.00843	0.00728	0.00386	0.22637
3	0.05521	0.01154	0.01311	0.00956	0.01485	0.00954	0.00770	0.08693	0.01430	0.03933	0.01145	0.01295	0.00922	0.00494	0.00469	0.00107	0.00478	0.00386	0.00398	0.68098
4	0.01428	0.01399	0.01766	0.01505	0.01626	0.08036	0.04994	0.08115	0.01296	0.01807	0.06821	0.08521	0.01508	0.01063	0.01474	0.00240	0.46656	0.00688	0.00365	0.00693
5	0.01989	0.01859	0.08659	0.10951	0.02233	0.09193	0.01350	0.43995	0.02242	0.02950	0.01278	0.01426	0.00942	0.00724	0.00724	0.00192	0.07376	0.00524	0.00477	0.00918
6	0.01558	0.01263	0.07133	0.12385	0.05274	0.01204	0.01125	0.21098	0.01712	0.09705	0.04537	0.08904	0.01765	0.11621	0.04679	0.00293	0.00689	0.03795	0.00485	0.00774
7	0.01150	0.00742	0.01023	0.00966	0.01115	0.00812	0.00736	0.05077	0.01150	0.09212	0.01759	0.02584	0.01617	0.16108	0.52182	0.00794	0.01299	0.00684	0.00395	0.00596
8	0.01196	0.00994	0.01548	0.02081	0.31229	0.01005	0.01169	0.01519	0.04469	0.04389	0.06903	0.19616	0.04275	0.01710	0.14713	0.00349	0.00753	0.00908	0.00431	0.00746
9	0.07667	0.08000	0.02100	0.37963	0.18294	0.04318	0.05835	0.01814	0.04927	0.01808	0.01137	0.01516	0.00893	0.00593	0.00579	0.00190	0.00764	0.00522	0.00308	0.00773
10	0.09017	0.01281	0.01793	0.12061	0.03977	0.07667	0.15010	0.05000	0.01370	0.07562	0.01576	0.11594	0.01410	0.01186	0.07824	0.00277	0.05984	0.00719	0.03972	0.00720
11	0.00964	0.00924	0.07459	0.01151	0.01367	0.00752	0.04772	0.01257	0.01386	0.01847	0.09714	0.19205	0.06614	0.01528	0.00787	0.00252	0.00542	0.38348	0.00535	0.00594
12	0.11521	0.00937	0.01139	0.01053	0.01297	0.00955	0.04557	0.07004	0.11068	0.02133	0.04931	0.34237	0.02663	0.01261	0.00664	0.00214	0.00467	0.05130	0.00525	0.08244
13	0.01123	0.00917	0.01081	0.00977	0.01275	0.00848	0.00743	0.01648	0.16549	0.01955	0.02329	0.28079	0.02381	0.01127	0.00631	0.00184	0.00435	0.06295	0.00503	0.30919
14	0.01276	0.01111	0.01326	0.00972	0.01465	0.00914	0.00782	0.01535	0.01238	0.01946	0.01062	0.01276	0.00897	0.00511	0.00598	0.00107	0.07601	0.00379	0.00354	0.74650
15	0.08911	0.00935	0.01249	0.19435	0.07521	0.01015	0.00995	0.01590	0.08265	0.06521	0.02404	0.12681	0.10992	0.09300	0.03751	0.00279	0.00602	0.02442	0.00446	0.00667
16	0.08335	0.15154	0.01734	0.01106	0.01537	0.01485	0.00938	0.25023	0.01947	0.22303	0.08998	0.01865	0.01600	0.00742	0.00558	0.00175	0.00556	0.00569	0.04478	0.00896
17	0.01327	0.00980	0.01145	0.01059	0.01283	0.01064	0.00834	0.18135	0.11209	0.02257	0.02308	0.07218	0.04583	0.11421	0.14520	0.00401	0.00739	0.13267	0.05553	0.00698
18	0.03638	0.01179	0.01457	0.09820	0.09134	0.03361	0.01029	0.10712	0.08406	0.12232	0.07488	0.07223	0.05377	0.00816	0.00602	0.00178	0.00555	0.00688	0.00503	0.15603

[dist]
# distance from previous block
# <min> <max>
1	18

[block]
# block no. 2 follows, 37 sequences, length 12
# corresponding to MSA columns:
# 201-212
name=unknown_C
#
# <colnr> <probs for GDERKNQSTAVLIFYWHMCP>
#	G	D	E	R	K	N	Q	S	T	A	V	L	I	F	Y	W	H	M	C	P
0	0.01601	0.20293	0.01685	0.01104	0.01412	0.24621	0.00887	0.01777	0.01487	0.07169	0.08099	0.13214	0.12341	0.00983	0.00590	0.00177	0.00662	0.00776	0.00438	0.00684
1	0.01435	0.01138	0.01182	0.00991	0.01356	0.08585	0.00761	0.01762	0.06859	0.11305	0.04079	0.16361	0.07059	0.00916	0.00586	0.00160	0.00499	0.00770	0.00490	0.33705
2	0.02185	0.01341	0.01636	0.11508	0.02056	0.01423	0.01136	0.34459	0.04339	0.25532	0.01862	0.02073	0.01350	0.00793	0.00629	0.00196	0.00632	0.05285	0.00609	0.00958
3	0.01708	0.01471	0.05053	0.04266	0.01925	0.01512	0.08160	0.31251	0.19214	0.02873	0.06497	0.06620	0.01797	0.00870	0.00652	0.00202	0.00632	0.03845	0.00555	0.00900
4	0.05658	0.01110	0.01134	0.00986	0.01270	0.07375	0.00769	0.15369	0.01736	0.16293	0.09354	0.12407	0.02109	0.00929	0.00585	0.00182	0.00493	0.00761	0.20723	0.00757
5	0.00829	0.00614	0.00757	0.00756	0.00867	0.00592	0.00536	0.00993	0.01284	0.01723	0.23160	0.11133	0.20091	0.19298	0.14241	0.00427	0.00601	0.01082	0.00512	0.00504
6	0.01305	0.00872	0.00881	0.00843	0.01002	0.06438	0.00635	0.04938	0.01376	0.06199	0.02131	0.18178	0.01959	0.00989	0.00633	0.00179	0.05309	0.00805	0.44707	0.00621
7	0.01709	0.01425	0.01418	0.01259	0.01615	0.07837	0.00980	0.03157	0.60311	0.09647	0.02352	0.02163	0.01741	0.00806	0.00616	0.00202	0.00541	0.00659	0.00610	0.00954
8	0.01286	0.01199	0.01874	0.12114	0.19596	0.01374	0.07330	0.01687	0.08311	0.01715	0.01356	0.02018	0.01226	0.12909	0.06126	0.00323	0.17855	0.00632	0.00335	0.00733
9	0.00928	0.00722	0.01102	0.01012	0.01135	0.00687	0.10183	0.01036	0.01118	0.01472	0.02673	0.25218	0.09690	0.26782	0.01684	0.07875	0.00548	0.05209	0.00441	0.00485
10	0.01617	0.00874	0.01040	0.00906	0.01186	0.00866	0.00710	0.02193	0.16717	0.23161	0.18574	0.02743	0.02568	0.00872	0.00589	0.00181	0.00395	0.00730	0.23287	0.00790
11	0.01414	0.01128	0.01693	0.19873	0.08838	0.01379	0.01307	0.01654	0.01182	0.11450	0.01404	0.08175	0.01250	0.01209	0.06860	0.00287	0.29142	0.00662	0.00368	0.00726

[dist]
# distance from previous block
# <min> <max>
0	15

[block]
# block no. 3 follows, 37 sequences, length 19
# corresponding to MSA columns:
# 228-246
name=unknown_D
#
# <colnr> <probs for GDERKNQSTAVLIFYWHMCP>
#	G	D	E	R	K	N	Q	S	T	A	V	L	I	F	Y	W	H	M	C	P
0	0.01445	0.01204	0.01349	0.13328	0.01826	0.10721	0.04893	0.07188	0.08345	0.04609	0.10418	0.02475	0.01919	0.00813	0.00589	0.00183	0.00591	0.04854	0.22540	0.00710
1	0.01546	0.01195	0.01282	0.01095	0.01424	0.01277	0.00863	0.31536	0.14978	0.02734	0.03174	0.12716	0.21343	0.01125	0.00666	0.00203	0.00500	0.00930	0.00597	0.00816
2	0.01367	0.01504	0.13432	0.20296	0.06766	0.01364	0.01380	0.09728	0.21948	0.02211	0.04209	0.09829	0.01645	0.00836	0.00631	0.00204	0.00650	0.00716	0.00452	0.00832
3	0.02097	0.01958	0.01684	0.21775	0.02436	0.37220	0.01252	0.02341	0.01601	0.19832	0.01350	0.01490	0.00977	0.00657	0.00584	0.00178	0.00881	0.00490	0.00414	0.00784
4	0.01541	0.01554	0.02299	0.15322	0.55441	0.09513	0.01775	0.01889	0.01403	0.01875	0.01119	0.01489	0.00925	0.00565	0.00601	0.00183	0.00782	0.00529	0.00299	0.00895
5	0.01606	0.10156	0.02671	0.02188	0.14001	0.18342	0.29745	0.01959	0.01510	0.01858	0.08760	0.01739	0.01395	0.00624	0.00629	0.00182	0.00881	0.00617	0.00343	0.00792
6	0.01627	0.01132	0.01732	0.41390	0.03027	0.01259	0.04606	0.10333	0.01544	0.18141	0.01625	0.08097	0.01273	0.00764	0.00632	0.00202	0.00705	0.00669	0.00447	0.00795
7	0.01388	0.13718	0.07656	0.01053	0.01390	0.04640	0.05175	0.06824	0.07247	0.02095	0.01624	0.01941	0.01323	0.05165	0.04355	0.00224	0.00607	0.00553	0.32312	0.00709
8	0.14642	0.01167	0.01284	0.00960	0.01465	0.01030	0.00777	0.09399	0.01447	0.08421	0.01202	0.01315	0.00933	0.00528	0.00472	0.00125	0.00486	0.00399	0.00425	0.53522
9	0.01153	0.00700	0.00893	0.00829	0.01039	0.00631	0.00651	0.01405	0.01632	0.13924	0.41120	0.04694	0.18889	0.01281	0.00719	0.00205	0.00360	0.08584	0.00654	0.00638
10	0.01919	0.02241	0.01524	0.01406	0.01692	0.49490	0.01066	0.02383	0.15298	0.01750	0.04293	0.02062	0.01472	0.04281	0.00711	0.00198	0.00888	0.06189	0.00410	0.00727
11	0.01607	0.00854	0.00970	0.00843	0.01109	0.00857	0.00663	0.07941	0.09382	0.18220	0.08061	0.02360	0.01892	0.00782	0.00529	0.00167	0.00391	0.00636	0.41980	0.00756
12	0.00835	0.00563	0.00719	0.00790	0.00870	0.00529	0.00551	0.01016	0.01339	0.01906	0.22292	0.47379	0.04157	0.01565	0.00714	0.00218	0.00327	0.01401	0.12298	0.00529
13	0.01631	0.01149	0.01274	0.01088	0.01405	0.01236	0.00874	0.26178	0.16041	0.06135	0.13751	0.02775	0.03492	0.00920	0.00622	0.00191	0.00490	0.05992	0.13926	0.00830
14	0.01063	0.00532	0.00797	0.00797	0.00797	0.00532	0.00532	0.00797	0.00797	0.01063	0.01063	0.01861	0.01063	0.02127	0.02392	0.82190	0.00532	0.00532	0.00266	0.00266
15	0.01709	0.01191	0.01354	0.01208	0.01553	0.01300	0.00971	0.07074	0.44543	0.15782	0.02536	0.02942	0.02020	0.00950	0.00657	0.00215	0.00515	0.11922	0.00637	0.00921
16	0.01257	0.01088	0.01329	0.08864	0.01740	0.00873	0.00827	0.01544	0.01265	0.01950	0.01088	0.01307	0.00897	0.00470	0.00470	0.00103	0.00491	0.00382	0.00353	0.73703
17	0.26681	0.30758	0.22015	0.01164	0.01744	0.01757	0.01252	0.01903	0.01217	0.05293	0.00989	0.01120	0.00778	0.00564	0.00450	0.00169	0.00661	0.00376	0.00319	0.00792
18	0.69840	0.01463	0.01034	0.00929	0.01298	0.13399	0.00747	0.01903	0.01153	0.02545	0.00867	0.01012	0.00683	0.00578	0.00407	0.00184	0.00575	0.00342	0.00369	0.00670

[dist]
# distance from previous block
# <min> <max>
0	1

[block]
# block no. 4 follows, 37 sequences, length 66
# corresponding to MSA columns:
# 248-256,276-293,308-340,350-355
name=unknown_E
#
# <colnr> <probs for GDERKNQSTAVLIFYWHMCP>
#	G	D	E	R	K	N	Q	S	T	A	V	L	I	F	Y	W	H	M	C	P
0	0.01214	0.13963	0.01883	0.48341	0.03132	0.01440	0.01386	0.01659	0.07259	0.01626	0.01458	0.11338	0.01311	0.00782	0.00598	0.00198	0.00703	0.00673	0.00337	0.00698
1	0.01254	0.01250	0.01681	0.54748	0.03400	0.10793	0.01479	0.01598	0.01249	0.01532	0.01162	0.01693	0.00931	0.01276	0.13146	0.00328	0.00990	0.00543	0.00287	0.00662
2	0.01018	0.00612	0.00789	0.00813	0.00935	0.00568	0.00583	0.01214	0.01405	0.08721	0.23962	0.39512	0.03997	0.01457	0.00702	0.00213	0.00342	0.01297	0.11281	0.00581
3	0.00769	0.00612	0.00697	0.00744	0.00901	0.00539	0.00560	0.00936	0.01364	0.01697	0.08643	0.22092	0.46163	0.01635	0.00752	0.00225	0.00351	0.10224	0.00573	0.00521
4	0.01523	0.01315	0.01384	0.01246	0.01592	0.01523	0.00969	0.03253	0.73563	0.02561	0.02491	0.02284	0.01869	0.00830	0.00623	0.00208	0.00484	0.00692	0.00623	0.00969
5	0.62097	0.01147	0.01034	0.00878	0.01282	0.01251	0.00724	0.02106	0.01226	0.21464	0.01257	0.01276	0.00883	0.00617	0.00440	0.00189	0.00486	0.00405	0.00477	0.00761
6	0.02088	0.02367	0.01592	0.01426	0.01711	0.54017	0.01072	0.11130	0.01725	0.01727	0.01032	0.01276	0.00866	0.00893	0.00866	0.13797	0.00954	0.00437	0.00345	0.00678
7	0.02141	0.01462	0.01987	0.01500	0.01972	0.01503	0.14544	0.37844	0.02195	0.19383	0.01676	0.01843	0.01220	0.06835	0.00831	0.00222	0.00701	0.00625	0.00569	0.00947
8	0.01700	0.09466	0.08950	0.01384	0.01794	0.20719	0.06746	0.16787	0.01857	0.02305	0.18796	0.02154	0.02094	0.00794	0.00611	0.00178	0.00739	0.01690	0.00457	0.00781
9	0.82811	0.01184	0.00900	0.00805	0.01184	0.01373	0.00663	0.01799	0.01042	0.02746	0.00852	0.00994	0.00663	0.00568	0.00379	0.00189	0.00474	0.00331	0.00379	0.00663
10	0.01631	0.02556	0.50235	0.01633	0.02399	0.01402	0.05241	0.11137	0.01578	0.14344	0.01371	0.01464	0.00940	0.00627	0.00598	0.00192	0.00817	0.00505	0.00389	0.00941
11	0.00903	0.00618	0.00749	0.00765	0.00814	0.00610	0.00513	0.01001	0.01121	0.01511	0.14196	0.04608	0.03043	0.52185	0.02320	0.00472	0.00538	0.13139	0.00455	0.00439
12	0.01517	0.01085	0.01296	0.01123	0.01438	0.01164	0.04232	0.02571	0.39655	0.11737	0.14302	0.02608	0.02389	0.00861	0.00618	0.00194	0.00457	0.00737	0.11160	0.00855
13	0.00871	0.00697	0.00994	0.01306	0.13144	0.00659	0.00773	0.01026	0.01237	0.01647	0.03365	0.56144	0.12520	0.01643	0.00745	0.00232	0.00411	0.01484	0.00524	0.00578
14	0.01063	0.00532	0.00797	0.00797	0.00797	0.00532	0.00532	0.00797	0.00797	0.01063	0.01063	0.01861	0.01063	0.02127	0.02392	0.82190	0.00532	0.00532	0.00266	0.00266
15	0.02030	0.19851	0.05652	0.01626	0.07931	0.40115	0.01259	0.11194	0.01720	0.01849	0.01016	0.01166	0.00835	0.00610	0.00530	0.00159	0.00906	0.00414	0.00337	0.00800
16	0.76035	0.07667	0.01092	0.00825	0.01216	0.01461	0.00695	0.01802	0.01059	0.02637	0.00852	0.00993	0.00673	0.00565	0.00380	0.00185	0.00489	0.00331	0.00369	0.00673
17	0.08225	0.01242	0.01129	0.01044	0.01284	0.14214	0.00789	0.10641	0.04656	0.05877	0.15486	0.22601	0.08035	0.01174	0.00655	0.00201	0.00537	0.00984	0.00544	0.00681
18	0.02028	0.01233	0.01384	0.01154	0.01536	0.04744	0.00920	0.09139	0.26416	0.31033	0.11468	0.02367	0.02102	0.00837	0.00628	0.00194	0.00520	0.00688	0.00667	0.00942
19	0.00886	0.00609	0.00745	0.00745	0.00772	0.00636	0.00468	0.00940	0.00913	0.01244	0.01858	0.03613	0.02055	0.60372	0.20998	0.00689	0.00850	0.00833	0.00360	0.00414
20	0.07834	0.02070	0.01821	0.01541	0.01922	0.33728	0.10312	0.07598	0.22837	0.02130	0.01469	0.01540	0.01133	0.00677	0.00587	0.00183	0.00836	0.00531	0.00431	0.00821
21	0.00888	0.00604	0.00720	0.00720	0.00738	0.00622	0.00436	0.00924	0.00906	0.01226	0.01881	0.03740	0.02110	0.66204	0.15241	0.00658	0.00767	0.00851	0.00364	0.00400
22	0.01424	0.02630	0.50956	0.01756	0.02525	0.01483	0.10971	0.13660	0.01593	0.02281	0.04120	0.01499	0.01040	0.00626	0.00610	0.00194	0.00858	0.00530	0.00341	0.00904
23	0.08847	0.01045	0.01163	0.04355	0.01436	0.01152	0.00844	0.13612	0.22887	0.02349	0.02464	0.32459	0.02450	0.01218	0.00662	0.00218	0.00477	0.01050	0.00561	0.00751
24	0.00848	0.00772	0.01137	0.00997	0.01235	0.00684	0.12453	0.01053	0.01354	0.01685	0.04754	0.21081	0.46712	0.01459	0.00736	0.00216	0.00440	0.01296	0.00525	0.00564
25	0.00995	0.00815	0.01222	0.11117	0.13683	0.00829	0.01044	0.01238	0.01306	0.01723	0.02935	0.28029	0.09479	0.01422	0.00744	0.00238	0.00533	0.21543	0.00485	0.00620
26	0.01920	0.01735	0.02374	0.11449	0.02596	0.13917	0.25404	0.19791	0.01859	0.10823	0.01365	0.01563	0.00987	0.00630	0.00640	0.00190	0.00867	0.00590	0.00434	0.00867
27	0.02159	0.00940	0.01250	0.01021	0.01385	0.00842	0.00816	0.05727	0.01728	0.50237	0.14449	0.12170	0.02524	0.00987	0.00654	0.00197	0.00468	0.00838	0.00713	0.00895
28	0.01478	0.01303	0.01702	0.01442	0.01541	0.01712	0.01194	0.13295	0.01304	0.01973	0.01067	0.01481	0.00941	0.00970	0.01575	0.00238	0.54779	0.00543	0.10744	0.00719
29	0.01954	0.42419	0.02522	0.01272	0.01725	0.25104	0.01109	0.13903	0.01670	0.01864	0.00984	0.01102	0.00829	0.00592	0.00479	0.00148	0.00797	0.00386	0.00337	0.00805
30	0.01580	0.27171	0.01994	0.10763	0.01798	0.01656	0.01008	0.13140	0.11671	0.05491	0.03195	0.01966	0.01374	0.13599	0.00959	0.00241	0.00629	0.00568	0.00421	0.00777
31	0.02499	0.01255	0.01538	0.01174	0.01658	0.01203	0.00968	0.24517	0.02064	0.47182	0.02016	0.01828	0.01320	0.00727	0.00602	0.00180	0.00563	0.00576	0.00681	0.07449
32	0.00834	0.00604	0.00730	0.00728	0.00829	0.00562	0.00501	0.00998	0.01374	0.01860	0.34106	0.14021	0.15992	0.22560	0.01386	0.00312	0.00384	0.01159	0.00560	0.00501
33	0.01344	0.01392	0.01819	0.64477	0.03830	0.13772	0.01614	0.01710	0.01309	0.01553	0.01064	0.01544	0.00811	0.00615	0.00602	0.00196	0.00864	0.00519	0.00279	0.00685
34	0.01996	0.01045	0.01188	0.00977	0.01314	0.04490	0.00782	0.11938	0.01779	0.32931	0.11284	0.02323	0.01973	0.00800	0.00575	0.00175	0.00477	0.00647	0.22466	0.00840
35	0.00957	0.00715	0.01059	0.01140	0.01282	0.00702	0.04511	0.01212	0.01359	0.01779	0.03169	0.22310	0.03507	0.01681	0.00825	0.00271	0.00541	0.51866	0.00552	0.00562
36	0.01516	0.01067	0.03370	0.11140	0.13852	0.01043	0.01089	0.02035	0.11735	0.17005	0.19543	0.02608	0.03317	0.00836	0.00626	0.00190	0.00520	0.00726	0.06968	0.00813
37	0.01010	0.00532	0.00783	0.00807	0.00812	0.00526	0.00538	0.00807	0.00860	0.01146	0.01447	0.14531	0.01559	0.02092	0.02125	0.68570	0.00502	0.00733	0.00316	0.00304
38	0.02348	0.01681	0.01816	0.01392	0.01881	0.01848	0.01150	0.69103	0.02821	0.07463	0.01517	0.01501	0.01065	0.00736	0.00613	0.00184	0.00666	0.00554	0.00620	0.01041
39	0.01366	0.01315	0.01822	0.08627	0.01855	0.01744	0.01316	0.05089	0.01089	0.01644	0.00886	0.01368	0.00825	0.00962	0.01684	0.00244	0.60223	0.00524	0.00293	0.07126
40	0.02064	0.02259	0.01581	0.01388	0.01690	0.46694	0.01043	0.18089	0.01853	0.01981	0.01228	0.01669	0.01085	0.13596	0.00992	0.00236	0.00922	0.00512	0.00392	0.00728
41	0.47760	0.19163	0.01744	0.04652	0.03527	0.05450	0.05417	0.02871	0.01194	0.02274	0.00909	0.01089	0.00735	0.00562	0.00433	0.00176	0.00608	0.00377	0.00341	0.00718
42	0.02114	0.02816	0.11114	0.01574	0.01974	0.59522	0.01309	0.05460	0.05366	0.01710	0.01067	0.01204	0.00852	0.00639	0.00562	0.00166	0.01028	0.00424	0.00337	0.00762
43	0.01096	0.00787	0.00965	0.00939	0.01036	0.04017	0.00679	0.01303	0.10564	0.01414	0.01532	0.02292	0.01437	0.10756	0.26838	0.31960	0.00928	0.00626	0.00347	0.00483
44	0.00776	0.00556	0.00726	0.00850	0.00900	0.00523	0.00584	0.00892	0.01182	0.01562	0.03396	0.62721	0.07429	0.07718	0.00962	0.00276	0.00389	0.07512	0.00553	0.00494
45	0.00766	0.00590	0.00701	0.00741	0.00870	0.00524	0.00530	0.00936	0.01395	0.01813	0.21580	0.31908	0.32221	0.01612	0.00744	0.00219	0.00321	0.01411	0.00594	0.00524
46	0.01935	0.01374	0.01508	0.01262	0.01667	0.01517	0.01008	0.21268	0.43226	0.14955	0.02213	0.02039	0.01594	0.00793	0.00619	0.00198	0.00540	0.00643	0.00643	0.01000
47	0.13118	0.01163	0.01374	0.01096	0.01533	0.01153	0.00896	0.11054	0.11081	0.45757	0.02095	0.01898	0.01393	0.00738	0.00580	0.00190	0.00522	0.00579	0.02812	0.00970
48	0.01726	0.68863	0.03030	0.01094	0.01613	0.02354	0.01062	0.11004	0.01455	0.01753	0.00931	0.01045	0.00819	0.00551	0.00421	0.00138	0.00657	0.00356	0.00307	0.00819
49	0.01866	0.24254	0.02151	0.01315	0.01645	0.08820	0.01130	0.09295	0.04480	0.14397	0.01246	0.01393	0.00988	0.00771	0.00957	0.00193	0.23389	0.00483	0.00405	0.00822
50	0.32141	0.01363	0.01747	0.11359	0.08816	0.04421	0.12920	0.02106	0.13608	0.04044	0.01296	0.01485	0.00987	0.00615	0.00541	0.00195	0.00663	0.00515	0.00395	0.00784
51	0.82811	0.01184	0.00900	0.00805	0.01184	0.01373	0.00663	0.01799	0.01042	0.02746	0.00852	0.00994	0.00663	0.00568	0.00379	0.00189	0.00474	0.00331	0.00379	0.00663
52	0.01640	0.02084	0.10787	0.01298	0.01632	0.36990	0.01097	0.01992	0.05297	0.01927	0.23057	0.02275	0.02367	0.00824	0.00605	0.00175	0.00769	0.00637	0.03845	0.00702
53	0.00769	0.00609	0.00691	0.00698	0.00861	0.00532	0.00513	0.00956	0.01462	0.01876	0.25818	0.15953	0.44063	0.01516	0.00731	0.00209	0.00310	0.01302	0.00599	0.00532
54	0.01310	0.01204	0.02009	0.02925	0.53021	0.01218	0.01526	0.01617	0.01297	0.01848	0.01516	0.11438	0.01456	0.01393	0.13171	0.00324	0.00831	0.00716	0.00341	0.00839
55	0.00919	0.00642	0.00915	0.00915	0.01030	0.00733	0.00709	0.01148	0.01034	0.01564	0.01699	0.02384	0.01537	0.03946	0.63490	0.00844	0.01414	0.00642	0.13885	0.00551
56	0.01010	0.00532	0.00783	0.00807	0.00812	0.00526	0.00538	0.00807	0.00860	0.01146	0.01447	0.14531	0.01559	0.02092	0.02125	0.68570	0.00502	0.00733	0.00316	0.00304
57	0.01697	0.02039	0.21677	0.01828	0.02451	0.01632	0.22546	0.26256	0.08983	0.02663	0.01404	0.01557	0.01019	0.00639	0.00638	0.00195	0.00822	0.00590	0.00430	0.00934
58	0.01892	0.01509	0.01838	0.01631	0.11122	0.01549	0.04227	0.40062	0.05820	0.03028	0.01380	0.01477	0.01037	0.00639	0.00579	0.00163	0.00634	0.00520	0.00501	0.20393
59	0.12331	0.01536	0.01749	0.01694	0.13851	0.01694	0.01186	0.40140	0.14303	0.03189	0.01510	0.01554	0.01120	0.00698	0.00583	0.00188	0.00625	0.00546	0.00533	0.00969
60	0.01040	0.00935	0.00936	0.01000	0.01164	0.10234	0.00799	0.01242	0.01407	0.01696	0.03782	0.17719	0.22697	0.01555	0.00764	0.00240	0.00528	0.31170	0.00534	0.00558
61	0.01980	0.14180	0.01755	0.01191	0.01619	0.01549	0.00988	0.11799	0.32832	0.22424	0.02067	0.01909	0.01486	0.00747	0.00581	0.00187	0.00547	0.00592	0.00598	0.00968
62	0.01612	0.01979	0.13795	0.10970	0.02140	0.23502	0.01249	0.01938	0.01426	0.04718	0.01101	0.01303	0.00862	0.00560	0.00531	0.00146	0.00772	0.00420	0.00335	0.30640
63	0.01025	0.00927	0.01624	0.01290	0.01579	0.00858	0.21689	0.01370	0.01621	0.02246	0.47483	0.03818	0.09769	0.01059	0.00722	0.00198	0.00509	0.01009	0.00558	0.00646
64	0.01525	0.01506	0.02825	0.02287	0.10947	0.01470	0.43132	0.13593	0.01714	0.02345	0.10737	0.01984	0.01580	0.00651	0.00691	0.00198	0.00841	0.00723	0.00406	0.00846
65	0.11916	0.01403	0.09831	0.01194	0.01558	0.01312	0.01038	0.19640	0.13654	0.05693	0.03051	0.20091	0.01906	0.01019	0.00679	0.00209	0.03635	0.00832	0.00526	0.00812

[dist]
# distance from previous block
# <min> <max>
5	7

[block]
# block no. 5 follows, 37 sequences, length 34
# corresponding to MSA columns:
# 363-366,370-399
name=unknown_F
#
# <colnr> <probs for GDERKNQSTAVLIFYWHMCP>
#	G	D	E	R	K	N	Q	S	T	A	V	L	I	F	Y	W	H	M	C	P
0	0.01525	0.23404	0.21733	0.01521	0.02084	0.11709	0.13416	0.01991	0.04880	0.01812	0.01197	0.01396	0.00944	0.00587	0.00535	0.00169	0.00797	0.00480	0.09019	0.00799
1	0.02283	0.01513	0.01491	0.01197	0.01626	0.16616	0.00957	0.13410	0.01866	0.35174	0.06736	0.01860	0.01511	0.00726	0.00590	0.00171	0.00642	0.00564	0.00591	0.10478
2	0.00782	0.00622	0.00701	0.00681	0.00863	0.00542	0.00511	0.00992	0.01533	0.01981	0.34080	0.05352	0.46337	0.01428	0.00723	0.00201	0.00301	0.01216	0.00612	0.00542
3	0.01306	0.01348	0.01588	0.38033	0.02778	0.15362	0.01325	0.01572	0.01276	0.01541	0.01502	0.17366	0.01480	0.00941	0.00801	0.00212	0.09820	0.00763	0.00341	0.00646
4	0.14383	0.20312	0.11878	0.01219	0.01754	0.01708	0.01162	0.23168	0.01795	0.15140	0.01339	0.01361	0.00968	0.00642	0.00520	0.00174	0.00643	0.00461	0.00469	0.00903
5	0.00845	0.00561	0.00692	0.00765	0.00852	0.00526	0.00533	0.01020	0.01298	0.01857	0.14321	0.45973	0.08625	0.01539	0.00695	0.00215	0.00327	0.01368	0.17462	0.00526
6	0.02354	0.01556	0.01799	0.01517	0.07248	0.01658	0.01162	0.52905	0.02534	0.18504	0.01642	0.01600	0.01134	0.00725	0.00613	0.00185	0.00646	0.00564	0.00619	0.01036
7	0.00856	0.00599	0.00658	0.00658	0.00701	0.00578	0.00390	0.00888	0.00995	0.01284	0.02815	0.04397	0.17209	0.62519	0.02619	0.00513	0.00535	0.00974	0.00412	0.00401
8	0.08688	0.01584	0.01709	0.01319	0.01798	0.01726	0.01090	0.57908	0.02586	0.13151	0.01546	0.01513	0.01074	0.00725	0.00594	0.00185	0.00638	0.00542	0.00613	0.01011
9	0.01576	0.01078	0.01301	0.00945	0.01474	0.00833	0.00762	0.01841	0.01370	0.17166	0.01363	0.01438	0.01033	0.00516	0.00487	0.00111	0.00467	0.00415	0.00445	0.65379
10	0.04755	0.01772	0.01616	0.04492	0.01855	0.17105	0.01101	0.27049	0.28615	0.02756	0.01701	0.01685	0.01272	0.00738	0.00596	0.00188	0.00692	0.00563	0.00532	0.00918
11	0.01710	0.70610	0.03061	0.01086	0.01606	0.02366	0.01060	0.09400	0.01418	0.01699	0.00917	0.01034	0.00813	0.00546	0.00416	0.00137	0.00657	0.00351	0.00299	0.00813
12	0.01728	0.01690	0.01399	0.06426	0.01681	0.28301	0.00973	0.04780	0.15398	0.07213	0.01618	0.02088	0.01384	0.15133	0.07266	0.00321	0.00857	0.00596	0.00427	0.00720
13	0.01470	0.01247	0.02035	0.02933	0.54301	0.01238	0.01499	0.01749	0.01314	0.06840	0.01399	0.02071	0.01268	0.16737	0.01128	0.00268	0.00685	0.00622	0.00348	0.00850
14	0.00885	0.00600	0.00699	0.00689	0.00719	0.00590	0.00414	0.00945	0.01065	0.01450	0.16959	0.04123	0.02962	0.62457	0.02619	0.00510	0.00530	0.00935	0.00434	0.00414
15	0.01055	0.00664	0.00822	0.00758	0.00950	0.00598	0.00577	0.01311	0.01631	0.09937	0.47228	0.04413	0.19260	0.01221	0.00689	0.00191	0.00317	0.01054	0.06709	0.00613
16	0.01980	0.01542	0.01642	0.01338	0.01766	0.01736	0.01079	0.42685	0.33387	0.03298	0.01911	0.01821	0.01398	0.00776	0.00617	0.00194	0.00592	0.00612	0.00617	0.01010
17	0.22683	0.00787	0.00763	0.00699	0.00942	0.00819	0.00549	0.01695	0.01290	0.10850	0.04174	0.01999	0.01467	0.00698	0.00447	0.00162	0.00362	0.00531	0.48433	0.00650
18	0.43821	0.01345	0.01295	0.01052	0.01482	0.01485	0.00868	0.26206	0.01772	0.13472	0.01287	0.01313	0.00914	0.00652	0.00493	0.00187	0.00549	0.00447	0.00513	0.00846
19	0.01613	0.62762	0.02829	0.01089	0.01575	0.02235	0.01031	0.02128	0.16253	0.01673	0.01191	0.01252	0.01010	0.00587	0.00441	0.00147	0.00619	0.00403	0.00337	0.00824
20	0.18484	0.62735	0.02729	0.00997	0.01491	0.02204	0.00968	0.01826	0.01202	0.01711	0.00851	0.00985	0.00760	0.00533	0.00390	0.00143	0.00617	0.00328	0.00286	0.00760
21	0.13634	0.01248	0.01689	0.13456	0.17140	0.01292	0.01230	0.11973	0.01649	0.28312	0.01592	0.01655	0.01106	0.00661	0.00579	0.00189	0.00624	0.00540	0.00514	0.00916
22	0.10200	0.01218	0.01308	0.01219	0.03771	0.01372	0.00919	0.02815	0.52316	0.06081	0.10005	0.02358	0.02115	0.00835	0.00607	0.00202	0.00472	0.00690	0.00599	0.00898
23	0.00836	0.00603	0.00791	0.00791	0.00908	0.00558	0.00575	0.01080	0.01593	0.02233	0.56678	0.22873	0.05346	0.01417	0.00737	0.00206	0.00305	0.01265	0.00648	0.00558
24	0.01526	0.01570	0.02170	0.25727	0.41894	0.13026	0.01716	0.01871	0.01395	0.01789	0.01100	0.01487	0.00895	0.00579	0.00599	0.00185	0.00813	0.00521	0.00295	0.00841
25	0.00787	0.00623	0.00708	0.00687	0.00866	0.00544	0.00515	0.01002	0.01546	0.02011	0.36572	0.05303	0.43827	0.01417	0.00723	0.00200	0.00301	0.01209	0.00615	0.00544
26	0.01030	0.00543	0.00773	0.00773	0.00773	0.00543	0.00501	0.00815	0.00815	0.01087	0.01228	0.02269	0.01284	0.16644	0.02530	0.66678	0.00543	0.00600	0.00286	0.00286
27	0.01780	0.62845	0.02923	0.01122	0.01639	0.02313	0.01071	0.16526	0.01583	0.01942	0.00979	0.01083	0.00839	0.00568	0.00438	0.00142	0.00659	0.00374	0.00335	0.00839
28	0.00902	0.00582	0.00693	0.00693	0.00736	0.00561	0.00434	0.00863	0.00970	0.01250	0.02581	0.03816	0.16894	0.41828	0.02423	0.22623	0.00518	0.00876	0.00383	0.00373
29	0.01604	0.02597	0.43702	0.01531	0.02170	0.16756	0.01695	0.02054	0.01391	0.10406	0.01248	0.01477	0.00934	0.03333	0.00789	0.05818	0.00865	0.00480	0.00334	0.00819
30	0.01472	0.01662	0.18770	0.01311	0.01750	0.01346	0.01230	0.20617	0.19446	0.02496	0.02055	0.18360	0.01855	0.01123	0.03433	0.00236	0.00648	0.00826	0.00511	0.00854
31	0.14219	0.01164	0.01393	0.03306	0.01517	0.01328	0.04375	0.16375	0.09244	0.02390	0.07614	0.02201	0.04111	0.07038	0.09393	0.00320	0.10196	0.00647	0.02434	0.00734
32	0.01590	0.17615	0.02407	0.19870	0.27501	0.09638	0.04463	0.06529	0.01460	0.01849	0.01077	0.01390	0.00879	0.00577	0.00563	0.00175	0.00782	0.00491	0.00309	0.00835
33	0.01175	0.02229	0.43242	0.01466	0.02037	0.06241	0.01660	0.01665	0.01328	0.01828	0.01887	0.14390	0.01856	0.01023	0.00665	0.00218	0.00762	0.15197	0.00374	0.00757

[dist]
# distance from previous block
# <min> <max>
0	2

[block]
# block no. 6 follows, 37 sequences, length 42
# corresponding to MSA columns:
# 402-415,419-446
name=unknown_G
#
# <colnr> <probs for GDERKNQSTAVLIFYWHMCP>
#	G	D	E	R	K	N	Q	S	T	A	V	L	I	F	Y	W	H	M	C	P
0	0.01461	0.02738	0.55253	0.01640	0.02419	0.01520	0.01946	0.15464	0.07573	0.02354	0.01284	0.01408	0.00916	0.00631	0.00591	0.00193	0.00826	0.00491	0.00356	0.00936
1	0.01284	0.01287	0.01835	0.56462	0.03529	0.07635	0.01589	0.01620	0.01212	0.01541	0.01022	0.01533	0.00811	0.00701	0.00872	0.00212	0.15369	0.00530	0.00275	0.00680
2	0.01234	0.00968	0.01010	0.00963	0.03133	0.07640	0.00709	0.01610	0.08646	0.09729	0.31582	0.04063	0.23981	0.01168	0.00683	0.00194	0.00425	0.00987	0.00604	0.00670
3	0.00745	0.00538	0.00705	0.00839	0.00884	0.00498	0.00562	0.00854	0.01184	0.01568	0.03532	0.74055	0.07979	0.01897	0.00778	0.00246	0.00353	0.01715	0.00568	0.00498
4	0.17040	0.01503	0.09077	0.01707	0.16144	0.01441	0.01226	0.05375	0.30040	0.07700	0.01725	0.01738	0.01291	0.00690	0.00568	0.00195	0.00584	0.00559	0.00485	0.00913
5	0.67327	0.01560	0.15024	0.00983	0.01462	0.01382	0.00966	0.01826	0.01089	0.02593	0.00899	0.01051	0.00684	0.00571	0.00417	0.00190	0.00555	0.00354	0.00356	0.00709
6	0.01339	0.01339	0.01875	0.01607	0.01607	0.01875	0.01339	0.01473	0.00937	0.01473	0.00804	0.01339	0.00804	0.01071	0.02009	0.00268	0.77367	0.00536	0.00268	0.00670
7	0.60787	0.01526	0.01139	0.01018	0.01353	0.15585	0.00818	0.01895	0.01165	0.02404	0.00866	0.01044	0.00698	0.00622	0.00547	0.00190	0.06955	0.00360	0.00358	0.00672
8	0.01240	0.00842	0.01418	0.01186	0.01344	0.00838	0.14233	0.06961	0.01092	0.01465	0.01130	0.01789	0.01036	0.01706	0.01928	0.59845	0.00638	0.00569	0.00303	0.00436
9	0.01615	0.64139	0.02862	0.01085	0.01575	0.02251	0.01032	0.02102	0.14970	0.01653	0.01162	0.01229	0.00991	0.00582	0.00436	0.00145	0.00622	0.00397	0.00330	0.00820
10	0.00866	0.00626	0.00818	0.00770	0.00914	0.00578	0.00578	0.01155	0.01733	0.02455	0.74346	0.04572	0.05776	0.01251	0.00722	0.00193	0.00289	0.01107	0.00674	0.00578
11	0.01502	0.01418	0.02225	0.03103	0.54754	0.01502	0.01661	0.02106	0.15054	0.02063	0.01377	0.01646	0.01126	0.00643	0.00725	0.00194	0.07022	0.00572	0.00361	0.00945
12	0.01490	0.07413	0.01209	0.00934	0.01222	0.01166	0.00746	0.06844	0.26880	0.06781	0.02067	0.02110	0.01572	0.00743	0.00517	0.00170	0.00425	0.00595	0.36329	0.00788
13	0.00998	0.00662	0.00806	0.00752	0.00934	0.00610	0.00570	0.01297	0.03538	0.06645	0.47553	0.04371	0.18001	0.01211	0.00682	0.00190	0.00312	0.01045	0.09220	0.00604
14	0.01881	0.18272	0.06739	0.01276	0.01750	0.01314	0.13045	0.02195	0.01470	0.28053	0.01709	0.01756	0.01219	0.00646	0.00547	0.00171	0.00617	0.00551	0.15939	0.00851
15	0.01240	0.00798	0.01057	0.00975	0.01105	0.00869	0.00729	0.14529	0.01254	0.01713	0.01332	0.01968	0.01215	0.02683	0.26585	0.39585	0.00928	0.00577	0.00352	0.00506
16	0.01527	0.01410	0.01868	0.01569	0.01662	0.01879	0.01306	0.14978	0.01306	0.01926	0.00930	0.01364	0.00849	0.01008	0.01744	0.00252	0.62811	0.00539	0.00333	0.00740
17	0.01462	0.01435	0.01358	0.01034	0.01534	0.15092	0.00812	0.01713	0.01358	0.01900	0.01061	0.01238	0.00884	0.00487	0.00472	0.00103	0.00577	0.00369	0.00354	0.66757
18	0.06239	0.01198	0.01839	0.16456	0.02298	0.01277	0.16549	0.10022	0.10441	0.04636	0.15315	0.02335	0.02020	0.03477	0.03024	0.00236	0.00693	0.00713	0.00466	0.00766
19	0.17202	0.01363	0.01809	0.02162	0.30542	0.01439	0.01296	0.18927	0.01684	0.09255	0.01327	0.01529	0.01024	0.00942	0.06671	0.00249	0.00721	0.00522	0.00436	0.00901
20	0.02144	0.01427	0.01702	0.01315	0.01755	0.02780	0.06767	0.41693	0.02284	0.16418	0.01698	0.01719	0.01198	0.00716	0.00592	0.00180	0.00621	0.00577	0.13473	0.00943
21	0.00759	0.00543	0.00722	0.00843	0.00891	0.00506	0.00569	0.00886	0.01234	0.01661	0.11214	0.69967	0.04239	0.01844	0.00775	0.00242	0.00348	0.01670	0.00580	0.00506
22	0.00774	0.00593	0.00710	0.00743	0.00874	0.00529	0.00534	0.00954	0.01424	0.01867	0.26002	0.29530	0.30093	0.01582	0.00742	0.00216	0.00319	0.01385	0.00600	0.00529
23	0.02099	0.00871	0.01156	0.00966	0.01303	0.00770	0.00765	0.02319	0.01580	0.49371	0.04731	0.16611	0.02133	0.00987	0.00626	0.00195	0.00451	0.00838	0.11366	0.00862
24	0.02282	0.01692	0.01812	0.01399	0.01881	0.01877	0.01153	0.68753	0.06826	0.03785	0.01527	0.01515	0.01087	0.00740	0.00613	0.00185	0.00663	0.00559	0.00613	0.01037
25	0.80824	0.01180	0.00913	0.00812	0.01193	0.01361	0.00669	0.01829	0.01059	0.04542	0.00891	0.01021	0.00684	0.00573	0.00385	0.00189	0.00475	0.00339	0.00388	0.00672
26	0.09742	0.01628	0.01728	0.01335	0.01814	0.01794	0.01103	0.62233	0.02647	0.07735	0.01466	0.01460	0.01033	0.00721	0.00591	0.00185	0.00647	0.00535	0.00599	0.01006
27	0.01460	0.01779	0.16308	0.03375	0.61000	0.01448	0.01951	0.01890	0.01375	0.01988	0.01141	0.01473	0.00933	0.00552	0.00601	0.00184	0.00761	0.00528	0.00295	0.00957
28	0.01637	0.78856	0.03208	0.01047	0.01571	0.02422	0.01047	0.01833	0.01244	0.01440	0.00851	0.00982	0.00786	0.00524	0.00393	0.00131	0.00655	0.00327	0.00262	0.00786
29	0.02145	0.02514	0.01677	0.01500	0.01836	0.55755	0.01141	0.08404	0.15462	0.01895	0.01283	0.01358	0.01014	0.00677	0.00570	0.00169	0.00951	0.00464	0.00398	0.00786
30	0.00891	0.00711	0.01053	0.01050	0.01172	0.00718	0.06455	0.01186	0.07147	0.01651	0.02799	0.51267	0.03138	0.02222	0.15052	0.00381	0.00664	0.01365	0.00506	0.00572
31	0.00910	0.00687	0.00848	0.00797	0.00966	0.00656	0.00601	0.01313	0.08107	0.02380	0.60790	0.04506	0.12623	0.01245	0.00713	0.00195	0.00308	0.01089	0.00658	0.00606
32	0.01515	0.01454	0.02485	0.03757	0.74669	0.01454	0.01879	0.01879	0.01394	0.02000	0.01151	0.01515	0.00970	0.00545	0.00606	0.00182	0.00727	0.00545	0.00303	0.00970
33	0.00771	0.00586	0.00712	0.00770	0.00888	0.00527	0.00552	0.00935	0.01362	0.01773	0.17780	0.37233	0.27788	0.01660	0.00753	0.00225	0.00336	0.04237	0.00588	0.00522
34	0.01063	0.00532	0.00797	0.00797	0.00797	0.00532	0.00532	0.00797	0.00797	0.01063	0.01063	0.01861	0.01063	0.02127	0.02392	0.82190	0.00532	0.00532	0.00266	0.00266
35	0.01637	0.78856	0.03208	0.01047	0.01571	0.02422	0.01047	0.01833	0.01244	0.01440	0.00851	0.00982	0.00786	0.00524	0.00393	0.00131	0.00655	0.00327	0.00262	0.00786
36	0.01170	0.00983	0.01163	0.00896	0.01344	0.00755	0.00696	0.01411	0.01251	0.01913	0.01522	0.15849	0.01503	0.00731	0.00516	0.00121	0.00435	0.00624	0.00402	0.66717
37	0.01276	0.01210	0.02052	0.52622	0.27676	0.01391	0.01759	0.01669	0.01281	0.01709	0.01109	0.01593	0.00867	0.00590	0.00610	0.00197	0.00786	0.00544	0.00282	0.00776
38	0.01882	0.03795	0.21928	0.01679	0.07968	0.01601	0.03788	0.33509	0.04251	0.08782	0.01488	0.01676	0.01100	0.00702	0.00610	0.00190	0.00730	0.02870	0.00483	0.00967
39	0.60689	0.01135	0.01107	0.18335	0.01869	0.01334	0.00898	0.01707	0.01089	0.02426	0.01009	0.04280	0.00836	0.00633	0.00449	0.00195	0.00547	0.00438	0.00362	0.00660
40	0.08992	0.01704	0.01662	0.15723	0.02207	0.22973	0.05174	0.10033	0.07687	0.09281	0.07385	0.01748	0.01393	0.00707	0.00591	0.00185	0.00765	0.00559	0.00444	0.00787
41	0.01760	0.01271	0.01289	0.01071	0.01373	0.05483	0.00831	0.33293	0.05636	0.05178	0.01729	0.02174	0.01427	0.15487	0.01043	0.00252	0.00581	0.00620	0.18714	0.00786

[dist]
# distance from previous block
# <min> <max>
0	2

[block]
# block no. 7 follows, 37 sequences, length 18
# corresponding to MSA columns:
# 449-466
name=unknown_H
#
# <colnr> <probs for GDERKNQSTAVLIFYWHMCP>
#	G	D	E	R	K	N	Q	S	T	A	V	L	I	F	Y	W	H	M	C	P
0	0.00935	0.00636	0.00825	0.00855	0.00966	0.00601	0.00610	0.04050	0.01469	0.04892	0.28914	0.45296	0.04447	0.01581	0.00746	0.00223	0.00351	0.01417	0.00616	0.00571
1	0.01992	0.01762	0.01906	0.11053	0.19685	0.20510	0.01375	0.14756	0.01756	0.13254	0.01322	0.01493	0.00992	0.00669	0.00669	0.00184	0.04803	0.00518	0.00425	0.00876
2	0.01434	0.01260	0.01493	0.19546	0.02226	0.01483	0.01145	0.02845	0.56091	0.02320	0.02152	0.02126	0.01614	0.00778	0.00620	0.00207	0.00565	0.00656	0.00538	0.00899
3	0.00740	0.00554	0.00688	0.00796	0.00873	0.00502	0.00543	0.00859	0.01226	0.01585	0.04057	0.60651	0.21045	0.01829	0.00767	0.00238	0.00344	0.01632	0.00568	0.00502
4	0.01503	0.01011	0.01466	0.10324	0.01739	0.01211	0.01087	0.01723	0.01184	0.19248	0.01503	0.01906	0.01217	0.02104	0.25994	0.00478	0.24578	0.00596	0.00407	0.00720
5	0.53632	0.10632	0.01403	0.00980	0.01403	0.01626	0.00830	0.18910	0.01509	0.02858	0.01001	0.01108	0.00769	0.00603	0.00437	0.00181	0.00544	0.00384	0.00421	0.00769
6	0.01339	0.01339	0.01875	0.01607	0.01607	0.01875	0.01339	0.01473	0.00937	0.01473	0.00804	0.01339	0.00804	0.01071	0.02009	0.00268	0.77367	0.00536	0.00268	0.00670
7	0.01614	0.01452	0.02141	0.02869	0.48287	0.01524	0.01573	0.10700	0.19003	0.02358	0.01513	0.01695	0.01195	0.00637	0.00611	0.00188	0.00662	0.00582	0.00417	0.00978
8	0.01855	0.02636	0.19748	0.01732	0.02209	0.39287	0.10006	0.05733	0.01586	0.01777	0.01033	0.01253	0.00816	0.00646	0.00701	0.00183	0.07235	0.00467	0.00312	0.00784
9	0.01518	0.01335	0.01652	0.01817	0.19235	0.01434	0.01166	0.05104	0.45024	0.02402	0.01964	0.01948	0.01508	0.00713	0.00598	0.00187	0.00546	0.00612	0.00514	0.10722
