[name]
unknown

[dist]
# distance from previous block
# <min> <max>
1	1928

[block]
# block no. 0 follows, 40 sequences, length 15
# corresponding to MSA columns:
# 1955-1969
name=unknown_A
#
# <colnr> <probs for GDERKNQSTAVLIFYWHMCP>
#	G	D	E	R	K	N	Q	S	T	A	V	L	I	F	Y	W	H	M	C	P
0	0.06808	0.17451	0.01645	0.08055	0.01634	0.04126	0.00920	0.11307	0.07365	0.14788	0.04248	0.07655	0.05662	0.00774	0.00537	0.00169	0.00546	0.00615	0.00467	0.05227
1	0.03192	0.01554	0.01663	0.13659	0.09516	0.18313	0.04580	0.07500	0.15133	0.09053	0.01533	0.01642	0.03014	0.00647	0.00563	0.00172	0.00700	0.00529	0.00417	0.06621
2	0.01589	0.01730	0.12914	0.10875	0.16516	0.09349	0.03104	0.20110	0.05656	0.02258	0.01317	0.01694	0.01057	0.00657	0.00579	0.00178	0.00724	0.04587	0.00387	0.04720
3	0.01343	0.01414	0.12517	0.01524	0.13288	0.06380	0.01138	0.09701	0.09782	0.05451	0.09755	0.21045	0.02219	0.00983	0.00625	0.00193	0.00568	0.00852	0.00469	0.00755
4	0.01689	0.01622	0.01660	0.01372	0.01631	0.16188	0.01112	0.21129	0.01580	0.02088	0.01000	0.01253	0.00836	0.00764	0.01065	0.00188	0.31003	0.00463	0.00365	0.12995
5	0.00882	0.00756	0.00888	0.00825	0.01008	0.00754	0.00633	0.01130	0.05557	0.01684	0.09915	0.15165	0.36562	0.01286	0.00827	0.00197	0.10917	0.01050	0.00492	0.09472
6	0.00709	0.00506	0.00675	0.00810	0.00843	0.00472	0.00540	0.00810	0.01113	0.01484	0.03205	0.79184	0.03846	0.01822	0.00742	0.00236	0.00337	0.01653	0.00540	0.00472
7	0.01447	0.68131	0.02733	0.00986	0.01425	0.02067	0.00955	0.01637	0.01145	0.01365	0.00920	0.01134	0.00851	0.01072	0.11798	0.00245	0.00761	0.00357	0.00258	0.00713
8	0.01056	0.00960	0.01579	0.58108	0.07580	0.01142	0.01408	0.01409	0.01241	0.01636	0.12239	0.06157	0.01650	0.00735	0.00605	0.00193	0.00672	0.00658	0.00332	0.00638
9	0.13522	0.01129	0.01386	0.01118	0.04999	0.00997	0.05926	0.03495	0.05545	0.02076	0.01101	0.01265	0.00888	0.00483	0.00458	0.00121	0.00492	0.00395	0.00361	0.54243
10	0.00709	0.00542	0.00652	0.00726	0.00825	0.00484	0.00506	0.00839	0.01227	0.01576	0.09318	0.47740	0.29460	0.01653	0.00719	0.00218	0.00318	0.01459	0.00547	0.00484
11	0.33420	0.01362	0.01193	0.01014	0.01361	0.12498	0.00809	0.12158	0.01472	0.10130	0.06466	0.04696	0.01284	0.00697	0.00532	0.00173	0.02958	0.00498	0.00443	0.06836
12	0.07466	0.01150	0.01629	0.33980	0.13234	0.01298	0.01301	0.12465	0.05673	0.07323	0.04799	0.01747	0.01193	0.03530	0.00657	0.00199	0.00650	0.00553	0.00391	0.00760
13	0.35404	0.01025	0.01189	0.16043	0.05979	0.01121	0.00903	0.03447	0.01120	0.07287	0.01039	0.01321	0.00818	0.00774	0.00728	0.12492	0.00542	0.00421	0.00350	0.07997
14	0.23964	0.01110	0.01515	0.05115	0.29707	0.01138	0.01113	0.01642	0.01154	0.06965	0.01077	0.01373	0.00878	0.00756	0.00757	0.12488	0.00565	0.00450	0.00335	0.07899

[dist]
# distance from previous block
# <min> <max>
1	31

[block]
# block no. 1 follows, 40 sequences, length 31
# corresponding to MSA columns:
# 2001-2031
name=unknown_B
#
# <colnr> <probs for GDERKNQSTAVLIFYWHMCP>
#	G	D	E	R	K	N	Q	S	T	A	V	L	I	F	Y	W	H	M	C	P
0	0.01233	0.02495	0.55169	0.01638	0.03904	0.01320	0.07104	0.06717	0.03909	0.02003	0.05234	0.04214	0.01171	0.00644	0.00580	0.00186	0.00786	0.00541	0.00317	0.00836
1	0.00820	0.00592	0.00775	0.00734	0.00868	0.00547	0.00548	0.01090	0.01632	0.02309	0.73671	0.06367	0.05443	0.01206	0.00687	0.00184	0.00276	0.01068	0.00637	0.00547
2	0.02209	0.01666	0.01742	0.01343	0.01803	0.04255	0.01106	0.71667	0.02699	0.03592	0.01380	0.01385	0.00981	0.00695	0.00580	0.00174	0.00653	0.00519	0.00573	0.00979
3	0.00840	0.00852	0.10385	0.00934	0.01096	0.00610	0.00776	0.01036	0.01184	0.03752	0.06658	0.59249	0.03439	0.01584	0.00714	0.00227	0.00416	0.05193	0.00512	0.00544
4	0.02211	0.01629	0.01745	0.01338	0.01803	0.01803	0.01105	0.73997	0.02734	0.03665	0.01396	0.01396	0.00989	0.00698	0.00582	0.00175	0.00640	0.00524	0.00582	0.00989
5	0.02445	0.00956	0.01305	0.01027	0.01447	0.00833	0.00850	0.02674	0.01643	0.69201	0.04748	0.02346	0.01693	0.00791	0.00602	0.00186	0.00490	0.05112	0.00706	0.00947
6	0.00845	0.00567	0.00650	0.00650	0.00656	0.00572	0.00372	0.00856	0.00850	0.01139	0.01818	0.03724	0.02079	0.75547	0.06928	0.00584	0.00617	0.00834	0.00350	0.00361
7	0.06477	0.01274	0.01439	0.01135	0.01544	0.01337	0.00928	0.37117	0.06393	0.24208	0.08018	0.01860	0.01544	0.00742	0.00575	0.00177	0.00535	0.00583	0.03199	0.00914
8	0.00814	0.00567	0.00718	0.00746	0.00779	0.00586	0.00485	0.00887	0.00923	0.01256	0.02042	0.18752	0.02300	0.44774	0.21259	0.00591	0.00769	0.00954	0.00380	0.00419
9	0.00714	0.00514	0.00677	0.00798	0.00843	0.00477	0.00537	0.00827	0.01150	0.01535	0.07331	0.72427	0.06467	0.01774	0.00737	0.00232	0.00332	0.01605	0.00545	0.00477
10	0.00834	0.00579	0.00730	0.00738	0.00772	0.00610	0.00480	0.00904	0.00888	0.01217	0.01821	0.07446	0.02002	0.51828	0.26047	0.00662	0.00862	0.00820	0.00350	0.00411
11	0.09064	0.01448	0.01534	0.01197	0.01622	0.01590	0.00985	0.57104	0.02384	0.07363	0.01442	0.01462	0.01030	0.00684	0.00546	0.00172	0.00581	0.00511	0.08364	0.00916
12	0.01166	0.03008	0.76550	0.01657	0.02517	0.01351	0.02149	0.01842	0.01228	0.01842	0.01044	0.01228	0.00737	0.00552	0.00552	0.00184	0.00859	0.00430	0.00246	0.00859
13	0.00827	0.00592	0.00799	0.00922	0.01009	0.00575	0.00723	0.01007	0.01218	0.01596	0.03167	0.37031	0.05998	0.05597	0.00881	0.00267	0.00445	0.36317	0.00528	0.00498
14	0.00819	0.00594	0.00772	0.00728	0.00867	0.00547	0.00546	0.01090	0.01637	0.02311	0.73744	0.04378	0.07385	0.01197	0.00686	0.00183	0.00275	0.01056	0.00637	0.00547
15	0.01416	0.01634	0.03335	0.02399	0.02972	0.05568	0.69892	0.01888	0.01387	0.01839	0.01161	0.01541	0.00875	0.00496	0.00678	0.00194	0.00984	0.00669	0.00294	0.00778
16	0.00837	0.00642	0.00944	0.00949	0.01037	0.00748	0.00730	0.01025	0.00958	0.01372	0.01750	0.13255	0.01759	0.03815	0.62173	0.00797	0.05584	0.00765	0.00341	0.00519
17	0.01025	0.00874	0.01164	0.01052	0.01071	0.01100	0.00796	0.01116	0.00918	0.01333	0.05376	0.02592	0.01652	0.33798	0.10224	0.00450	0.33945	0.00690	0.00322	0.00502
18	0.01367	0.01553	0.03346	0.02403	0.02961	0.01487	0.70055	0.01839	0.01348	0.01839	0.01155	0.01553	0.00876	0.00518	0.00750	0.00199	0.05007	0.00677	0.00292	0.00777
19	0.31558	0.03908	0.01362	0.07367	0.04058	0.12049	0.00945	0.09338	0.15866	0.06386	0.01296	0.01367	0.00977	0.00624	0.00488	0.00178	0.00597	0.00449	0.00425	0.00763
20	0.01193	0.01087	0.01708	0.67137	0.03665	0.01335	0.01526	0.05843	0.07534	0.01693	0.01168	0.01594	0.00873	0.00606	0.00582	0.00193	0.00740	0.00529	0.00306	0.00689
21	0.01251	0.00751	0.00959	0.00836	0.01055	0.00709	0.00649	0.07608	0.01742	0.15291	0.56577	0.03682	0.04401	0.01066	0.00659	0.00182	0.00344	0.00926	0.00649	0.00663
22	0.01505	0.07996	0.10208	0.01562	0.02027	0.01390	0.23030	0.16040	0.07916	0.06776	0.01676	0.14128	0.01469	0.00795	0.00620	0.00190	0.00691	0.00744	0.00434	0.00803
23	0.02194	0.02119	0.01703	0.01407	0.01801	0.34179	0.01113	0.43231	0.02268	0.02703	0.01183	0.01247	0.00886	0.00656	0.00557	0.00164	0.00815	0.00460	0.00461	0.00854
24	0.00707	0.00590	0.00616	0.00610	0.00797	0.00499	0.00457	0.00872	0.01371	0.01680	0.15890	0.05417	0.65632	0.01432	0.00687	0.00194	0.00292	0.01202	0.00554	0.00499
25	0.06511	0.05871	0.01667	0.01232	0.01677	0.09029	0.01013	0.44862	0.03773	0.09760	0.01356	0.01366	0.00980	0.00650	0.00540	0.00163	0.00634	0.00479	0.00517	0.07920
26	0.01532	0.51550	0.23741	0.01186	0.01782	0.01911	0.01310	0.01861	0.01235	0.07737	0.00999	0.01103	0.00801	0.00532	0.00442	0.00146	0.00679	0.00367	0.00287	0.00799
27	0.00728	0.00514	0.00669	0.00785	0.00813	0.00485	0.00513	0.00815	0.01075	0.01433	0.03008	0.68376	0.03598	0.12969	0.01060	0.00283	0.00370	0.01537	0.00513	0.00455
28	0.01187	0.07002	0.72732	0.01623	0.02464	0.01400	0.02089	0.01836	0.01225	0.01817	0.01031	0.01212	0.00737	0.00550	0.00543	0.00181	0.00847	0.00424	0.00246	0.00854
29	0.01546	0.01507	0.05678	0.33477	0.08944	0.14037	0.01390	0.07186	0.08000	0.08156	0.01334	0.01678	0.01023	0.00648	0.00578	0.00184	0.00749	0.02755	0.00368	0.00761
30	0.01321	0.01208	0.05717	0.43707	0.12183	0.03594	0.01445	0.05200	0.01317	0.08038	0.01393	0.09780	0.01184	0.00722	0.00595	0.00192	0.00701	0.00635	0.00348	0.00721

[dist]
# distance from previous block
# <min> <max>
0	11

[block]
# block no. 2 follows, 40 sequences, length 19
# corresponding to MSA columns:
# 2043-2061
name=unknown_C
#
# <colnr> <probs for GDERKNQSTAVLIFYWHMCP>
#	G	D	E	R	K	N	Q	S	T	A	V	L	I	F	Y	W	H	M	C	P
0	0.00709	0.00506	0.00675	0.00810	0.00843	0.00472	0.00540	0.00810	0.01113	0.01484	0.03205	0.79184	0.03846	0.01822	0.00742	0.00236	0.00337	0.01653	0.00540	0.00472
1	0.01578	0.21654	0.34949	0.01426	0.02063	0.07126	0.03614	0.14569	0.01532	0.04762	0.01087	0.01209	0.00814	0.00572	0.00516	0.00165	0.00766	0.00426	0.00328	0.00843
2	0.13182	0.14553	0.10797	0.01598	0.14706	0.07610	0.01224	0.16567	0.02865	0.06359	0.04446	0.01393	0.01076	0.00611	0.00512	0.00167	0.00651	0.00464	0.00392	0.00826
3	0.02401	0.01203	0.01463	0.01130	0.01573	0.01187	0.00930	0.27051	0.04103	0.47559	0.01980	0.01791	0.01297	0.00713	0.00579	0.00177	0.00538	0.00565	0.02784	0.00976
4	0.83671	0.01125	0.00855	0.00765	0.01125	0.01305	0.00630	0.01709	0.00990	0.02609	0.00810	0.00945	0.00630	0.00540	0.00360	0.00180	0.00450	0.00315	0.00360	0.00630
5	0.00866	0.00585	0.00817	0.00815	0.00875	0.00636	0.00581	0.00942	0.00917	0.01283	0.05337	0.02696	0.01755	0.23403	0.40767	0.15236	0.01047	0.00682	0.00329	0.00430
6	0.54818	0.07897	0.14400	0.00995	0.01453	0.06093	0.00964	0.01810	0.01110	0.04739	0.00905	0.01034	0.00692	0.00548	0.00412	0.00174	0.00574	0.00347	0.00339	0.00694
7	0.00830	0.00596	0.00777	0.00743	0.00871	0.00556	0.00556	0.01087	0.01581	0.02227	0.67345	0.04423	0.05168	0.06077	0.00833	0.00211	0.00306	0.04660	0.00617	0.00536
8	0.83671	0.01125	0.00855	0.00765	0.01125	0.01305	0.00630	0.01709	0.00990	0.02609	0.00810	0.00945	0.00630	0.00540	0.00360	0.00180	0.00450	0.00315	0.00360	0.00630
9	0.01045	0.00775	0.00940	0.00877	0.01036	0.00789	0.00657	0.13818	0.01619	0.02218	0.33804	0.24253	0.07562	0.04174	0.00810	0.00213	0.03133	0.01106	0.00573	0.00598
10	0.01147	0.01084	0.01833	0.67450	0.14338	0.01305	0.01639	0.01529	0.01186	0.01545	0.01042	0.01534	0.00796	0.00572	0.00581	0.00191	0.00763	0.00517	0.00263	0.00686
11	0.00912	0.00707	0.00833	0.00782	0.00954	0.00698	0.00585	0.01390	0.14416	0.02154	0.47057	0.04128	0.15815	0.06031	0.00811	0.00211	0.00328	0.00998	0.00598	0.00593
12	0.02434	0.00588	0.00820	0.00862	0.00953	0.00579	0.02544	0.00956	0.01190	0.01650	0.15627	0.45757	0.04999	0.02084	0.14171	0.00347	0.00564	0.02863	0.00507	0.00507
13	0.01086	0.02568	0.63216	0.01508	0.02223	0.01196	0.01866	0.01660	0.01208	0.01779	0.01423	0.14928	0.01283	0.00776	0.00586	0.00193	0.00768	0.00645	0.00297	0.00791
14	0.00766	0.00545	0.00717	0.00839	0.00907	0.00515	0.00609	0.00909	0.01176	0.01565	0.03311	0.57210	0.08353	0.01717	0.00740	0.00237	0.00372	0.15711	0.03313	0.00489
15	0.01039	0.00920	0.01103	0.01035	0.01207	0.07662	0.06807	0.07294	0.01362	0.01745	0.07095	0.40064	0.11125	0.01630	0.06819	0.00268	0.00571	0.01194	0.00489	0.00571
16	0.03945	0.01126	0.01308	0.01055	0.01415	0.01169	0.03228	0.25454	0.09823	0.19669	0.02073	0.02036	0.05913	0.00746	0.00550	0.00172	0.00492	0.00600	0.18389	0.00838
17	0.01136	0.01089	0.01452	0.01259	0.01387	0.08008	0.09008	0.01309	0.01019	0.01385	0.01291	0.02106	0.01264	0.16964	0.27122	0.00525	0.22193	0.00619	0.00301	0.00563
18	0.01050	0.00956	0.01574	0.64557	0.03454	0.01161	0.01428	0.01418	0.01248	0.01634	0.14143	0.02041	0.01603	0.00688	0.00600	0.00192	0.00687	0.00611	0.00325	0.00629

[dist]
# distance from previous block
# <min> <max>
0	10

[block]
# block no. 3 follows, 40 sequences, length 59
# corresponding to MSA columns:
# 2072-2130
name=unknown_D
#
# <colnr> <probs for GDERKNQSTAVLIFYWHMCP>
#	G	D	E	R	K	N	Q	S	T	A	V	L	I	F	Y	W	H	M	C	P
0	0.23068	0.01021	0.01192	0.01244	0.09351	0.05150	0.04633	0.01457	0.03082	0.02919	0.01583	0.13119	0.01578	0.10809	0.12093	0.00343	0.00700	0.02824	0.00379	0.03456
1	0.01246	0.01192	0.01797	0.38444	0.25282	0.05498	0.01506	0.01633	0.03665	0.01704	0.05213	0.02055	0.01305	0.00684	0.00600	0.00190	0.00709	0.06228	0.00323	0.00726
2	0.01125	0.01061	0.01793	0.72233	0.09725	0.01299	0.01628	0.01510	0.01176	0.01519	0.01038	0.01542	0.00787	0.00576	0.00581	0.00192	0.00768	0.00517	0.00261	0.00668
3	0.01174	0.02835	0.69478	0.05772	0.05691	0.01349	0.02105	0.01820	0.01228	0.01825	0.01045	0.01254	0.00746	0.00553	0.00555	0.00184	0.00848	0.00438	0.00248	0.00851
4	0.01167	0.00990	0.01056	0.00970	0.01238	0.01078	0.00747	0.02239	0.45914	0.02205	0.14019	0.03337	0.20605	0.01017	0.00629	0.00195	0.00392	0.00856	0.00586	0.00760
5	0.01152	0.01071	0.01776	0.71834	0.07641	0.01313	0.01607	0.03848	0.01222	0.01578	0.01048	0.01540	0.00790	0.00582	0.00581	0.00192	0.00766	0.00517	0.00270	0.00671
6	0.00737	0.00532	0.00692	0.00775	0.00840	0.00493	0.00531	0.00876	0.01237	0.01669	0.19486	0.56407	0.08105	0.03756	0.00786	0.00231	0.00327	0.01474	0.00557	0.00487
7	0.00759	0.00569	0.00716	0.00813	0.00917	0.00526	0.00611	0.00914	0.01228	0.01572	0.03915	0.40917	0.23546	0.01672	0.00742	0.00233	0.00375	0.18943	0.00539	0.00493
8	0.28767	0.01726	0.01426	0.01196	0.01572	0.25657	0.03977	0.12101	0.01538	0.09718	0.01096	0.01191	0.00825	0.00599	0.00510	0.00167	0.02031	0.00411	0.00402	0.05087
9	0.01065	0.00676	0.00882	0.00898	0.01084	0.00630	0.00745	0.01304	0.01437	0.10901	0.18177	0.05355	0.18666	0.01387	0.00729	0.00225	0.00428	0.34247	0.00580	0.00584
10	0.00709	0.00506	0.00675	0.00810	0.00843	0.00472	0.00540	0.00810	0.01113	0.01484	0.03205	0.79184	0.03846	0.01822	0.00742	0.00236	0.00337	0.01653	0.00540	0.00472
11	0.01368	0.01526	0.03190	0.02453	0.08693	0.01493	0.61241	0.01813	0.01323	0.01822	0.01131	0.01530	0.00874	0.00542	0.00793	0.00200	0.08280	0.00656	0.00290	0.00781
12	0.00861	0.00558	0.00646	0.00646	0.00646	0.00558	0.00367	0.00837	0.00837	0.01116	0.01754	0.03612	0.02009	0.72205	0.02895	0.08394	0.00558	0.00813	0.00343	0.00343
13	0.00772	0.00577	0.00716	0.00714	0.00846	0.00522	0.00523	0.00986	0.01476	0.02006	0.46691	0.18441	0.20856	0.01369	0.00697	0.00196	0.00290	0.01202	0.00599	0.00522
14	0.01725	0.01160	0.01329	0.01071	0.01409	0.01215	0.00864	0.37968	0.02196	0.11441	0.29924	0.02591	0.02763	0.00888	0.00622	0.00178	0.00483	0.00733	0.00620	0.00820
15	0.02045	0.01662	0.07621	0.01331	0.01809	0.01681	0.01154	0.56055	0.11934	0.06424	0.01532	0.01508	0.01090	0.00699	0.00581	0.00178	0.00628	0.00536	0.00562	0.00970
16	0.01547	0.04748	0.01631	0.01305	0.01659	0.10523	0.08465	0.11528	0.37127	0.02338	0.09798	0.02115	0.03087	0.00766	0.00595	0.00184	0.00591	0.00647	0.00514	0.00831
17	0.00983	0.00583	0.00690	0.00685	0.00827	0.00556	0.00521	0.01233	0.01382	0.04503	0.26798	0.09538	0.07310	0.01055	0.00578	0.00174	0.00306	0.06319	0.35407	0.00550
18	0.01010	0.00505	0.00758	0.00758	0.00758	0.00505	0.00505	0.00758	0.00758	0.01010	0.01010	0.01768	0.01010	0.02020	0.02273	0.83081	0.00505	0.00505	0.00253	0.00253
19	0.01399	0.01322	0.02200	0.06448	0.64755	0.01344	0.01684	0.01815	0.05447	0.01904	0.01268	0.01757	0.01092	0.00594	0.00589	0.00180	0.00673	0.04325	0.00317	0.00889
20	0.08762	0.01238	0.01429	0.01130	0.01560	0.01273	0.00925	0.25047	0.12536	0.37048	0.01906	0.01742	0.01283	0.00709	0.00567	0.00181	0.00532	0.00555	0.00629	0.00951
21	0.00713	0.00509	0.00679	0.00807	0.00844	0.00475	0.00540	0.00821	0.01133	0.01516	0.05938	0.76359	0.03908	0.01798	0.00740	0.00234	0.00335	0.01630	0.00544	0.00475
22	0.00846	0.00564	0.00634	0.00634	0.00634	0.00564	0.00352	0.00846	0.00846	0.01128	0.01832	0.03805	0.02114	0.79563	0.02960	0.00564	0.00564	0.00846	0.00352	0.00352
23	0.67227	0.01395	0.01020	0.00914	0.01249	0.13532	0.00735	0.01795	0.01091	0.02369	0.00822	0.00975	0.00654	0.00569	0.00449	0.00178	0.03709	0.00332	0.00346	0.00637
24	0.01421	0.01363	0.02327	0.07659	0.71992	0.01377	0.01775	0.01768	0.01315	0.01877	0.01091	0.01445	0.00913	0.00522	0.00576	0.00174	0.00695	0.00518	0.00286	0.00906
25	0.01930	0.01127	0.01416	0.01295	0.09586	0.03598	0.00926	0.04453	0.08501	0.35536	0.05585	0.01833	0.01453	0.00657	0.00552	0.00158	0.00510	0.00544	0.00552	0.19787
26	0.02609	0.00990	0.01350	0.01035	0.01484	0.00855	0.00855	0.02834	0.01664	0.76338	0.02294	0.01979	0.01439	0.00720	0.00585	0.00180	0.00495	0.00585	0.00720	0.00990
27	0.01555	0.79913	0.03047	0.00995	0.01493	0.02301	0.00995	0.01741	0.01182	0.01368	0.00808	0.00933	0.00746	0.00498	0.00373	0.00124	0.00622	0.00311	0.00249	0.00746
28	0.07027	0.01392	0.01565	0.01206	0.01661	0.01466	0.00996	0.46682	0.02286	0.27251	0.01655	0.01560	0.01115	0.00696	0.00570	0.00177	0.00582	0.00531	0.00614	0.00969
29	0.00709	0.00506	0.00675	0.00810	0.00843	0.00472	0.00540	0.00810	0.01113	0.01484	0.03205	0.79184	0.03846	0.01822	0.00742	0.00236	0.00337	0.01653	0.00540	0.00472
30	0.01166	0.03008	0.76550	0.01657	0.02517	0.01351	0.02149	0.01842	0.01228	0.01842	0.01044	0.01228	0.00737	0.00552	0.00552	0.00184	0.00859	0.00430	0.00246	0.00859
31	0.01193	0.01130	0.01916	0.57419	0.24010	0.01317	0.01662	0.01569	0.01208	0.01601	0.01050	0.01519	0.00816	0.00564	0.00580	0.00188	0.00752	0.00517	0.00267	0.00723
32	0.08688	0.01589	0.01674	0.01292	0.01749	0.01764	0.01067	0.68248	0.02595	0.03581	0.01350	0.01360	0.00960	0.00685	0.00564	0.00175	0.00625	0.00507	0.00564	0.00960
33	0.01112	0.00930	0.01011	0.00949	0.01189	0.01003	0.00722	0.02066	0.40289	0.02133	0.14315	0.11633	0.18062	0.01106	0.00642	0.00199	0.00384	0.00946	0.00583	0.00725
34	0.02958	0.20817	0.43432	0.01448	0.02117	0.09849	0.03102	0.01939	0.03262	0.04499	0.01053	0.01194	0.00795	0.00556	0.00509	0.00167	0.00795	0.00411	0.00282	0.00813
35	0.11317	0.02203	0.01602	0.01442	0.03121	0.47320	0.01101	0.09932	0.01569	0.01809	0.00926	0.01117	0.00767	0.00666	0.00724	0.00172	0.12772	0.00407	0.00330	0.00702
36	0.01508	0.08450	0.42580	0.01444	0.02106	0.01383	0.03775	0.08050	0.08245	0.12473	0.03543	0.01512	0.01097	0.00622	0.00557	0.00180	0.00721	0.00497	0.00385	0.00874
37	0.01763	0.43421	0.02531	0.01280	0.01723	0.21982	0.06828	0.09788	0.01486	0.01673	0.00938	0.01087	0.00796	0.00609	0.01717	0.00156	0.00781	0.00386	0.00303	0.00753
38	0.01166	0.03008	0.76550	0.01657	0.02517	0.01351	0.02149	0.01842	0.01228	0.01842	0.01044	0.01228	0.00737	0.00552	0.00552	0.00184	0.00859	0.00430	0.00246	0.00859
39	0.00833	0.00616	0.00899	0.00899	0.00990	0.00707	0.00682	0.01015	0.00924	0.01323	0.01590	0.02467	0.01533	0.13359	0.68368	0.00890	0.01439	0.00650	0.00316	0.00499
40	0.00937	0.00669	0.00937	0.01071	0.01205	0.00669	0.00937	0.01205	0.01339	0.01740	0.03079	0.06560	0.03347	0.01606	0.00803	0.00268	0.00535	0.72021	0.00535	0.00535
41	0.00687	0.00589	0.00589	0.00589	0.00785	0.00491	0.00442	0.00835	0.01325	0.01571	0.05891	0.05596	0.75700	0.01473	0.00687	0.00196	0.00295	0.01227	0.00540	0.00491
42	0.01154	0.01103	0.01513	0.01315	0.01346	0.01473	0.01076	0.01294	0.01013	0.01515	0.10738	0.02083	0.06277	0.05376	0.01731	0.00259	0.59165	0.00643	0.00328	0.00600
43	0.01305	0.30435	0.50336	0.01421	0.02152	0.01689	0.01737	0.01806	0.01211	0.01673	0.00960	0.01123	0.00740	0.00533	0.00489	0.00163	0.00775	0.00387	0.00247	0.00819
44	0.01261	0.00999	0.01174	0.09141	0.04059	0.08155	0.00884	0.09276	0.01362	0.07663	0.03099	0.26161	0.02059	0.01939	0.19596	0.00382	0.00810	0.00901	0.00443	0.00636
45	0.01637	0.10898	0.32507	0.01439	0.02029	0.13847	0.04529	0.02212	0.10207	0.13191	0.01350	0.01408	0.00978	0.00605	0.00543	0.00173	0.00766	0.00469	0.00371	0.00841
46	0.01206	0.01034	0.01206	0.00861	0.01378	0.00775	0.00689	0.01464	0.01206	0.01895	0.01034	0.01206	0.00861	0.00431	0.00431	0.00086	0.00431	0.00345	0.00345	0.83118
47	0.00722	0.00552	0.00666	0.00737	0.00843	0.00496	0.00526	0.00862	0.01245	0.01597	0.09938	0.42560	0.30161	0.01633	0.00721	0.00219	0.00327	0.05161	0.00548	0.00489
48	0.01420	0.01226	0.01303	0.01148	0.01498	0.01373	0.00895	0.02912	0.66835	0.02374	0.02221	0.02064	0.01675	0.00750	0.00574	0.00185	0.00457	0.00623	0.00565	0.09901
49	0.02102	0.02323	0.01636	0.01424	0.01768	0.50290	0.01097	0.20136	0.09919	0.02088	0.01182	0.01257	0.00921	0.00644	0.00546	0.00161	0.00883	0.00442	0.00401	0.00779
50	0.01369	0.01272	0.01664	0.02042	0.29903	0.05434	0.01213	0.05719	0.18114	0.02053	0.08869	0.02294	0.09695	0.00800	0.00705	0.00187	0.06761	0.00669	0.00431	0.00806
51	0.00844	0.00572	0.00675	0.00675	0.00689	0.00586	0.00403	0.00872	0.00858	0.01158	0.01795	0.03599	0.02024	0.69338	0.13062	0.00614	0.00699	0.00815	0.00347	0.00375
52	0.00823	0.00585	0.00690	0.00664	0.00817	0.00531	0.00498	0.01061	0.01493	0.02094	0.45148	0.04377	0.24675	0.01194	0.00645	0.00180	0.00280	0.01026	0.12688	0.00531
53	0.02051	0.01755	0.09918	0.04486	0.01971	0.01733	0.01240	0.63174	0.02506	0.03377	0.01343	0.01384	0.00953	0.00677	0.00579	0.00176	0.00669	0.00513	0.00532	0.00961
54	0.00911	0.00615	0.00802	0.00743	0.00898	0.00563	0.00562	0.01180	0.01638	0.06125	0.69971	0.04256	0.07170	0.01172	0.00681	0.00183	0.00286	0.01032	0.00642	0.00570
55	0.04601	0.01133	0.01216	0.00892	0.01391	0.04988	0.00710	0.01521	0.01221	0.01898	0.01017	0.01187	0.00846	0.00444	0.00433	0.00093	0.00465	0.00345	0.00343	0.75255
56	0.01683	0.01193	0.01572	0.04098	0.11173	0.01170	0.04198	0.12115	0.14930	0.17100	0.05261	0.01774	0.01393	0.00647	0.00559	0.00162	0.00539	0.00552	0.00499	0.19380
57	0.01621	0.60759	0.02688	0.01069	0.01513	0.02107	0.01012	0.05901	0.05188	0.05667	0.01002	0.01109	0.00854	0.00578	0.00530	0.00144	0.06800	0.00372	0.00312	0.00774
58	0.00777	0.00557	0.00730	0.00835	0.00901	0.00529	0.00605	0.00917	0.01177	0.01558	0.07156	0.48152	0.07364	0.09130	0.00961	0.00269	0.00397	0.16979	0.00527	0.00480

[dist]
# distance from previous block
# <min> <max>
0	4

[block]
# block no. 4 follows, 40 sequences, length 29
# corresponding to MSA columns:
# 2136-2164
name=unknown_E
#
# <colnr> <probs for GDERKNQSTAVLIFYWHMCP>
#	G	D	E	R	K	N	Q	S	T	A	V	L	I	F	Y	W	H	M	C	P
0	0.01245	0.00671	0.00747	0.00667	0.00878	0.00634	0.00515	0.03727	0.01360	0.09328	0.10830	0.02302	0.01899	0.00722	0.00465	0.00142	0.00319	0.00589	0.54691	0.08271
1	0.02359	0.18213	0.01739	0.01041	0.01502	0.01218	0.00898	0.06197	0.01613	0.56331	0.01925	0.01722	0.01266	0.00670	0.00539	0.00168	0.00530	0.00522	0.00610	0.00937
2	0.05854	0.01070	0.01376	0.01059	0.01507	0.00984	0.00875	0.11111	0.01762	0.64846	0.02129	0.01869	0.01354	0.00710	0.00575	0.00179	0.00510	0.00567	0.00689	0.00975
3	0.00826	0.00610	0.00885	0.00892	0.00980	0.00694	0.00673	0.01004	0.00933	0.01330	0.01675	0.06432	0.01656	0.13169	0.64480	0.00854	0.01377	0.00703	0.00328	0.00497
4	0.00828	0.00675	0.00745	0.00731	0.00920	0.00635	0.00554	0.01202	0.11024	0.01854	0.20621	0.09266	0.43250	0.01346	0.00682	0.00199	0.00324	0.04013	0.00569	0.00561
5	0.02505	0.01156	0.01452	0.01114	0.01567	0.01101	0.00920	0.21345	0.01943	0.57434	0.02061	0.01828	0.01322	0.00714	0.00584	0.00179	0.00533	0.00569	0.00684	0.00989
6	0.83671	0.01125	0.00855	0.00765	0.01125	0.01305	0.00630	0.01709	0.00990	0.02609	0.00810	0.00945	0.00630	0.00540	0.00360	0.00180	0.00450	0.00315	0.00360	0.00630
7	0.00788	0.00605	0.00682	0.00677	0.00857	0.00527	0.00519	0.00976	0.01406	0.03658	0.22109	0.07159	0.49658	0.01405	0.00695	0.00199	0.00315	0.06675	0.00568	0.00520
8	0.00729	0.00588	0.00649	0.00639	0.00813	0.00508	0.00478	0.00914	0.01417	0.01801	0.27135	0.07461	0.52034	0.01397	0.00689	0.00193	0.00290	0.01187	0.00571	0.00508
9	0.06820	0.01087	0.01614	0.37561	0.11340	0.01197	0.01304	0.06426	0.01395	0.20181	0.01394	0.01620	0.00989	0.00617	0.00560	0.00183	0.00647	0.00522	0.03763	0.00779
10	0.83671	0.01125	0.00855	0.00765	0.01125	0.01305	0.00630	0.01709	0.00990	0.02609	0.00810	0.00945	0.00630	0.00540	0.00360	0.00180	0.00450	0.00315	0.00360	0.00630
11	0.01000	0.00647	0.00770	0.00716	0.00922	0.00566	0.00552	0.01208	0.01488	0.11793	0.30812	0.04689	0.37815	0.01273	0.00677	0.00192	0.00322	0.03377	0.00600	0.00580
12	0.00709	0.00506	0.00675	0.00810	0.00843	0.00472	0.00540	0.00810	0.01113	0.01484	0.03205	0.79184	0.03846	0.01822	0.00742	0.00236	0.00337	0.01653	0.00540	0.00472
13	0.01461	0.35909	0.13646	0.01100	0.01545	0.06430	0.01085	0.01920	0.10642	0.03559	0.01257	0.01377	0.01012	0.00601	0.00501	0.00152	0.03230	0.00428	0.13393	0.00751
14	0.36964	0.01378	0.01325	0.01079	0.01486	0.01557	0.00885	0.36507	0.08691	0.03099	0.01236	0.01275	0.00908	0.00639	0.00488	0.00179	0.00542	0.00447	0.00488	0.00829
15	0.18864	0.01170	0.01345	0.01053	0.01488	0.01173	0.00869	0.19663	0.01785	0.44049	0.01780	0.01631	0.01168	0.00678	0.00539	0.00179	0.00521	0.00516	0.00614	0.00917
16	0.68503	0.01210	0.00969	0.00844	0.01205	0.03690	0.00691	0.09994	0.01219	0.02676	0.00923	0.01049	0.00709	0.00565	0.00392	0.00177	0.00483	0.00350	0.03682	0.00669
17	0.00844	0.00569	0.00659	0.00659	0.00668	0.00577	0.00383	0.00862	0.00853	0.01146	0.01810	0.03680	0.02060	0.73370	0.09079	0.00594	0.00646	0.00827	0.00349	0.00366
18	0.10110	0.00928	0.01061	0.00898	0.01208	0.00894	0.00693	0.06495	0.06727	0.05368	0.03135	0.10092	0.01559	0.08400	0.12443	0.00306	0.00623	0.00630	0.00421	0.28009
19	0.02150	0.00919	0.01157	0.00923	0.01286	0.00847	0.00751	0.08411	0.01630	0.49523	0.02108	0.01983	0.01416	0.00706	0.00535	0.00167	0.00445	0.00568	0.23611	0.00865
20	0.06492	0.08766	0.23495	0.24246	0.05743	0.04359	0.10682	0.01809	0.04185	0.03313	0.01097	0.01377	0.00825	0.00561	0.00552	0.00182	0.00780	0.00484	0.00291	0.00763
21	0.00823	0.00594	0.00777	0.00732	0.00869	0.00549	0.00549	0.01097	0.01646	0.02332	0.75629	0.04344	0.05487	0.01189	0.00686	0.00183	0.00274	0.01052	0.00640	0.00549
22	0.01556	0.06199	0.09242	0.01248	0.01665	0.01549	0.01083	0.15133	0.50425	0.02521	0.01970	0.01865	0.01471	0.00731	0.00573	0.00188	0.00542	0.00590	0.00534	0.00916
23	0.02609	0.00990	0.01350	0.01035	0.01484	0.00855	0.00855	0.02834	0.01664	0.76338	0.02294	0.01979	0.01439	0.00720	0.00585	0.00180	0.00495	0.00585	0.00720	0.00990
24	0.01272	0.01272	0.01781	0.01527	0.01527	0.01781	0.01272	0.01399	0.00891	0.01399	0.00763	0.01272	0.00763	0.01018	0.01908	0.00254	0.78499	0.00509	0.00254	0.00636
25	0.01751	0.01419	0.01515	0.08397	0.01821	0.07556	0.01053	0.22849	0.28928	0.08320	0.01726	0.01782	0.01297	0.03185	0.00738	0.00200	0.05507	0.00574	0.00516	0.00865
26	0.00813	0.00591	0.00766	0.00729	0.00864	0.00543	0.00544	0.01075	0.01612	0.02267	0.69889	0.07442	0.08230	0.01226	0.00688	0.00186	0.00278	0.01083	0.00632	0.00543
27	0.01486	0.15506	0.45459	0.01504	0.04126	0.01439	0.03743	0.02025	0.03779	0.13757	0.01255	0.01346	0.00895	0.00575	0.00533	0.00174	0.00746	0.00452	0.00336	0.00863
28	0.00966	0.00979	0.12013	0.00941	0.01190	0.00698	0.00844	0.01275	0.03285	0.06304	0.24329	0.22253	0.11805	0.01291	0.00685	0.00208	0.00427	0.09364	0.00537	0.00604

[dist]
# distance from previous block
# <min> <max>
0	77

[block]
# block no. 5 follows, 40 sequences, length 19
# corresponding to MSA columns:
# 2242-2260
name=unknown_F
#
# <colnr> <probs for GDERKNQSTAVLIFYWHMCP>
#	G	D	E	R	K	N	Q	S	T	A	V	L	I	F	Y	W	H	M	C	P
0	0.01396	0.01338	0.02283	0.12992	0.66850	0.01370	0.01763	0.01747	0.01304	0.01848	0.01086	0.01453	0.00903	0.00526	0.00576	0.00175	0.00702	0.00518	0.00284	0.00886
1	0.01656	0.01202	0.01321	0.01157	0.01507	0.01340	0.00909	0.03044	0.61660	0.15781	0.02354	0.02135	0.01715	0.00776	0.00590	0.00194	0.00466	0.00644	0.00615	0.00933
2	0.00823	0.00594	0.00777	0.00732	0.00869	0.00549	0.00549	0.01097	0.01646	0.02332	0.75629	0.04344	0.05487	0.01189	0.00686	0.00183	0.00274	0.01052	0.00640	0.00549
3	0.00846	0.00564	0.00634	0.00634	0.00634	0.00564	0.00352	0.00846	0.00846	0.01128	0.01832	0.03805	0.02114	0.79563	0.02960	0.00564	0.00564	0.00846	0.00352	0.00352
4	0.00709	0.00506	0.00675	0.00810	0.00843	0.00472	0.00540	0.00810	0.01113	0.01484	0.03205	0.79184	0.03846	0.01822	0.00742	0.00236	0.00337	0.01653	0.00540	0.00472
5	0.00794	0.00590	0.00739	0.00709	0.00853	0.00535	0.00529	0.01038	0.01567	0.02160	0.60115	0.07642	0.18045	0.01266	0.00688	0.00188	0.00281	0.01108	0.00618	0.00535
6	0.01493	0.01494	0.02275	0.06011	0.66739	0.08195	0.01719	0.01822	0.01348	0.01842	0.01074	0.01408	0.00901	0.00528	0.00571	0.00171	0.00726	0.00505	0.00288	0.00889
7	0.00846	0.00564	0.00634	0.00634	0.00634	0.00564	0.00352	0.00846	0.00846	0.01128	0.01832	0.03805	0.02114	0.79563	0.02960	0.00564	0.00564	0.00846	0.00352	0.00352
8	0.01704	0.36369	0.06343	0.04978	0.04201	0.05962	0.01084	0.16688	0.01569	0.06922	0.01164	0.01279	0.00916	0.00583	0.00468	0.00149	0.00632	0.00421	0.07771	0.00797
9	0.01345	0.10106	0.36551	0.08399	0.04792	0.01369	0.05150	0.06455	0.01337	0.04555	0.01093	0.01285	0.00816	0.00541	0.00528	0.00163	0.00732	0.00439	0.00306	0.14041
10	0.01485	0.08943	0.23936	0.16961	0.04932	0.04579	0.01482	0.20525	0.01626	0.02180	0.04045	0.01526	0.01053	0.03496	0.00642	0.00190	0.00732	0.00501	0.00359	0.00804
11	0.00860	0.00633	0.00809	0.00758	0.00907	0.00602	0.00571	0.01216	0.05999	0.02338	0.71274	0.04215	0.05266	0.01165	0.00680	0.00184	0.00285	0.01028	0.00637	0.00571
12	0.00794	0.00595	0.00755	0.00851	0.00971	0.00556	0.00670	0.00974	0.01263	0.01611	0.03917	0.29389	0.24028	0.01637	0.00751	0.00237	0.00404	0.29556	0.00538	0.00503
13	0.01405	0.01578	0.17782	0.24837	0.20433	0.01307	0.05427	0.01897	0.05577	0.10226	0.01272	0.01534	0.00941	0.00594	0.00614	0.00187	0.02709	0.00523	0.00336	0.00819
14	0.01098	0.01034	0.01744	0.78165	0.04005	0.01292	0.01615	0.01486	0.01163	0.01486	0.01034	0.01550	0.00775	0.00581	0.00581	0.00194	0.00775	0.00517	0.00258	0.00646
15	0.01264	0.22389	0.58026	0.01491	0.02259	0.01590	0.01858	0.01816	0.01216	0.01722	0.00984	0.01153	0.00739	0.00539	0.00507	0.00169	0.00800	0.00400	0.00246	0.00831
16	0.01762	0.01263	0.08454	0.22755	0.16401	0.01128	0.03535	0.02100	0.01401	0.31023	0.01597	0.03503	0.01136	0.00648	0.00586	0.00185	0.00652	0.00568	0.00452	0.00852
17	0.01504	0.00893	0.01192	0.04312	0.03964	0.00880	0.02286	0.04036	0.08402	0.24491	0.14810	0.09982	0.11599	0.01043	0.00691	0.00198	0.03241	0.05153	0.00581	0.00741
18	0.00758	0.00534	0.00696	0.00808	0.00847	0.00510	0.00551	0.00859	0.01091	0.01450	0.02951	0.58038	0.03489	0.15392	0.01137	0.00297	0.00399	0.09229	0.00507	0.00458

[dist]
# distance from previous block
# <min> <max>
0	5

# created by:
# /home/berkeley/.conda/envs/busco_data_prod/bin/msa2prfl.pl pipeline/OGs_align_augustus/33634/115628.fs
