[name]
unknown

[dist]
# distance from previous block
# <min> <max>
0	483

[block]
# block no. 0 follows, 37 sequences, length 10
# corresponding to MSA columns:
# 553-562
name=unknown_A
#
# <colnr> <probs for GDERKNQSTAVLIFYWHMCP>
#	G	D	E	R	K	N	Q	S	T	A	V	L	I	F	Y	W	H	M	C	P
0	0.01639	0.17061	0.09013	0.01136	0.01586	0.03763	0.01039	0.15926	0.01757	0.09874	0.17163	0.02238	0.02097	0.00788	0.00577	0.00168	0.00578	0.02972	0.00495	0.10130
1	0.04617	0.00700	0.00868	0.05745	0.01156	0.00664	0.00644	0.01233	0.01560	0.06370	0.41679	0.07395	0.22582	0.01254	0.00696	0.00199	0.00353	0.01080	0.00608	0.00596
2	0.06405	0.10589	0.04273	0.07956	0.03340	0.04947	0.04618	0.13626	0.11036	0.08314	0.06096	0.01968	0.05604	0.00747	0.00612	0.00181	0.02459	0.00596	0.00470	0.06162
3	0.01662	0.64123	0.10113	0.01150	0.01707	0.02275	0.01177	0.08586	0.01404	0.01719	0.00934	0.01059	0.00809	0.00549	0.00432	0.00142	0.00681	0.00361	0.00295	0.00821
4	0.01631	0.13212	0.17952	0.01835	0.12006	0.01496	0.13216	0.08250	0.01512	0.09986	0.01267	0.01435	0.00951	0.00572	0.00569	0.00169	0.00739	0.00505	0.00374	0.12324
5	0.01156	0.01088	0.01836	0.77016	0.04216	0.01360	0.01700	0.01564	0.01224	0.01564	0.01088	0.01632	0.00816	0.00612	0.00612	0.00204	0.00816	0.00544	0.00272	0.00680
6	0.00890	0.00593	0.00668	0.00668	0.00668	0.00593	0.00371	0.00890	0.00890	0.01187	0.01929	0.04006	0.02225	0.78487	0.03116	0.00593	0.00593	0.00890	0.00371	0.00371
7	0.03902	0.08827	0.04379	0.07491	0.05491	0.04820	0.11247	0.14943	0.01714	0.21241	0.01660	0.04140	0.02673	0.00727	0.00664	0.00190	0.03915	0.00607	0.00486	0.00882
8	0.01889	0.06044	0.05437	0.02218	0.30192	0.01418	0.01400	0.11759	0.08538	0.19490	0.01678	0.01878	0.01270	0.00692	0.00606	0.00188	0.00646	0.03205	0.00488	0.00967
9	0.01516	0.00846	0.01083	0.00948	0.01202	0.00803	0.00750	0.08440	0.01756	0.21606	0.35831	0.03841	0.03719	0.06176	0.00854	0.00227	0.00437	0.08578	0.00658	0.00729

[dist]
# distance from previous block
# <min> <max>
0	2

[block]
# block no. 1 follows, 37 sequences, length 6
# corresponding to MSA columns:
# 565-570
name=unknown_B
#
# <colnr> <probs for GDERKNQSTAVLIFYWHMCP>
#	G	D	E	R	K	N	Q	S	T	A	V	L	I	F	Y	W	H	M	C	P
0	0.06864	0.23751	0.02150	0.12545	0.07052	0.10533	0.01204	0.10254	0.01538	0.12002	0.01202	0.01360	0.00927	0.00645	0.00615	0.00175	0.05509	0.00461	0.00389	0.00824
1	0.01441	0.01083	0.01287	0.00928	0.01464	0.00826	0.00746	0.01709	0.01326	0.10515	0.01243	0.01364	0.00978	0.00489	0.00472	0.00102	0.00461	0.00392	0.00409	0.72766
2	0.01461	0.01358	0.02413	0.23973	0.19939	0.01451	0.20821	0.01954	0.06610	0.06598	0.01312	0.01666	0.01004	0.00627	0.00738	0.00203	0.06087	0.00608	0.00346	0.00831
3	0.00890	0.00593	0.00668	0.00668	0.00668	0.00593	0.00371	0.00890	0.00890	0.01187	0.01929	0.04006	0.02225	0.78487	0.03116	0.00593	0.00593	0.00890	0.00371	0.00371
4	0.01985	0.01327	0.02269	0.09553	0.16072	0.01283	0.20164	0.06582	0.01619	0.30277	0.01675	0.01779	0.01158	0.00638	0.00642	0.00194	0.00734	0.00620	0.00496	0.00935
5	0.01592	0.01312	0.01887	0.40206	0.07632	0.04973	0.05704	0.13852	0.01631	0.09293	0.04938	0.01764	0.01185	0.00670	0.00621	0.00195	0.00758	0.00584	0.00404	0.00800

[dist]
# distance from previous block
# <min> <max>
3	44

[block]
# block no. 2 follows, 37 sequences, length 23
# corresponding to MSA columns:
# 615-637
name=unknown_C
#
# <colnr> <probs for GDERKNQSTAVLIFYWHMCP>
#	G	D	E	R	K	N	Q	S	T	A	V	L	I	F	Y	W	H	M	C	P
0	0.06395	0.20582	0.07434	0.18872	0.14494	0.05628	0.01361	0.04882	0.01359	0.03403	0.01301	0.09251	0.01179	0.00718	0.00555	0.00181	0.00702	0.00588	0.00339	0.00777
1	0.01743	0.14404	0.12907	0.09376	0.24551	0.01601	0.01543	0.13280	0.01620	0.11336	0.01298	0.01470	0.00976	0.00610	0.00570	0.00179	0.00715	0.00506	0.00393	0.00922
2	0.06952	0.01845	0.01698	0.07895	0.04220	0.23870	0.01183	0.19627	0.07059	0.09844	0.01337	0.01456	0.01006	0.00721	0.00723	0.00189	0.08575	0.00505	0.00451	0.00843
3	0.01699	0.01336	0.02207	0.03129	0.57367	0.01311	0.01652	0.02036	0.01458	0.14841	0.01500	0.01942	0.01220	0.00652	0.00622	0.00189	0.00681	0.04800	0.00399	0.00958
4	0.00828	0.00752	0.05257	0.00817	0.00984	0.00595	0.00646	0.01053	0.01450	0.01966	0.33840	0.24498	0.18725	0.04760	0.00832	0.00228	0.00361	0.01267	0.00586	0.00555
5	0.01298	0.01567	0.11260	0.06916	0.14901	0.01319	0.34144	0.01756	0.01446	0.02002	0.12335	0.02192	0.04594	0.00686	0.00679	0.00199	0.00812	0.00730	0.00365	0.00801
6	0.00919	0.00700	0.00810	0.00813	0.00974	0.00661	0.00594	0.08313	0.01514	0.01968	0.15017	0.32951	0.29367	0.01562	0.00734	0.00218	0.00362	0.01359	0.00589	0.00573
7	0.01637	0.78856	0.03208	0.01047	0.01571	0.02422	0.01047	0.01833	0.01244	0.01440	0.00851	0.00982	0.00786	0.00524	0.00393	0.00131	0.00655	0.00327	0.00262	0.00786
8	0.03063	0.11572	0.13033	0.05641	0.16724	0.02963	0.09312	0.16399	0.03874	0.02296	0.01204	0.01410	0.00933	0.00589	0.00571	0.00173	0.00740	0.00505	0.00371	0.08626
9	0.01156	0.01088	0.01836	0.77016	0.04216	0.01360	0.01700	0.01564	0.01224	0.01564	0.01088	0.01632	0.00816	0.00612	0.00612	0.00204	0.00816	0.00544	0.00272	0.00680
10	0.00890	0.00593	0.00668	0.00668	0.00668	0.00593	0.00371	0.00890	0.00890	0.01187	0.01929	0.04006	0.02225	0.78487	0.03116	0.00593	0.00593	0.00890	0.00371	0.00371
11	0.02165	0.01558	0.07455	0.01916	0.18359	0.03778	0.05042	0.20181	0.01904	0.28852	0.01682	0.01686	0.01162	0.00674	0.00614	0.00186	0.00681	0.00570	0.00543	0.00993
12	0.19174	0.01459	0.09179	0.06765	0.01952	0.01316	0.05505	0.15683	0.01712	0.28940	0.01602	0.01597	0.01082	0.00670	0.00568	0.00191	0.00632	0.00528	0.00536	0.00908
13	0.01377	0.00735	0.00955	0.00851	0.01087	0.00654	0.00655	0.01614	0.01636	0.23177	0.37347	0.11649	0.13361	0.01217	0.00698	0.00199	0.00365	0.01055	0.00673	0.00695
14	0.00904	0.00575	0.00758	0.00853	0.00917	0.00535	0.00575	0.01010	0.01189	0.06871	0.03176	0.66003	0.03703	0.08618	0.00976	0.00275	0.00388	0.01583	0.00564	0.00526
15	0.01559	0.01494	0.06234	0.01728	0.12875	0.01535	0.04288	0.08030	0.49791	0.02507	0.02072	0.02018	0.01563	0.00751	0.00621	0.00201	0.00585	0.00646	0.00537	0.00964
16	0.01751	0.65539	0.02949	0.01140	0.01627	0.15330	0.01071	0.01940	0.01330	0.01450	0.00868	0.01003	0.00786	0.00542	0.00421	0.00136	0.00733	0.00339	0.00271	0.00772
17	0.01526	0.12002	0.20846	0.01896	0.15379	0.01503	0.08823	0.09292	0.03003	0.04087	0.01192	0.01386	0.00922	0.00564	0.00558	0.00166	0.00729	0.00485	0.00349	0.15293
18	0.01289	0.06225	0.11727	0.49864	0.12860	0.01467	0.01736	0.04531	0.01323	0.01755	0.01098	0.01525	0.00838	0.00599	0.00594	0.00194	0.00801	0.00519	0.00287	0.00768
19	0.00955	0.00682	0.00855	0.00986	0.08303	0.00682	0.00526	0.00992	0.00942	0.01271	0.01849	0.03749	0.02096	0.70446	0.02857	0.00551	0.00607	0.00855	0.00364	0.00433
20	0.01545	0.01503	0.02606	0.05280	0.06484	0.06772	0.39216	0.06780	0.01532	0.06427	0.05867	0.02040	0.01392	0.08650	0.00932	0.00238	0.00864	0.00704	0.00385	0.00785
21	0.10121	0.06896	0.01502	0.01150	0.01506	0.01442	0.00938	0.33996	0.05118	0.05230	0.07268	0.14072	0.02011	0.00990	0.00622	0.00198	0.00553	0.04991	0.00563	0.00831
22	0.21608	0.00899	0.01108	0.00961	0.01219	0.00919	0.06952	0.04448	0.01483	0.04421	0.30202	0.09987	0.03151	0.00988	0.00604	0.00193	0.00429	0.00847	0.08936	0.00645

[dist]
# distance from previous block
# <min> <max>
36	139

[block]
# block no. 3 follows, 37 sequences, length 38
# corresponding to MSA columns:
# 788-825
name=unknown_D
#
# <colnr> <probs for GDERKNQSTAVLIFYWHMCP>
#	G	D	E	R	K	N	Q	S	T	A	V	L	I	F	Y	W	H	M	C	P
0	0.08843	0.21462	0.11156	0.01338	0.06270	0.01652	0.01167	0.17718	0.05780	0.05808	0.07037	0.01734	0.03717	0.00699	0.00539	0.00172	0.00617	0.00534	0.00441	0.03317
1	0.08564	0.06543	0.17310	0.01559	0.09937	0.01344	0.03256	0.08341	0.06865	0.21045	0.03317	0.01652	0.01215	0.00656	0.00569	0.00181	0.00644	0.00531	0.00477	0.05994
2	0.09404	0.11985	0.13432	0.01277	0.01773	0.03683	0.04272	0.10250	0.13801	0.13836	0.01749	0.05593	0.02730	0.00743	0.00568	0.00185	0.00632	0.00593	0.00480	0.03014
3	0.14612	0.12553	0.06967	0.01528	0.14633	0.01366	0.01112	0.03788	0.04471	0.08145	0.11214	0.01983	0.04657	0.00736	0.00610	0.00178	0.03926	0.00578	0.00429	0.06514
4	0.11530	0.06327	0.10983	0.01649	0.16813	0.01244	0.01200	0.04635	0.06731	0.13421	0.09491	0.07318	0.04484	0.00819	0.00593	0.00191	0.00575	0.00685	0.00477	0.00835
5	0.01488	0.07444	0.20396	0.03650	0.15921	0.01289	0.01434	0.05006	0.04096	0.08834	0.01586	0.01923	0.03765	0.00678	0.00575	0.00173	0.00663	0.04545	0.00391	0.16141
6	0.01597	0.06026	0.03698	0.01383	0.08433	0.09559	0.01019	0.12997	0.04990	0.08427	0.03911	0.04294	0.04096	0.10963	0.04252	0.00277	0.00692	0.08850	0.00471	0.04066
7	0.03507	0.13343	0.10747	0.04892	0.07305	0.09961	0.06980	0.04283	0.19097	0.02012	0.01491	0.04643	0.01221	0.00693	0.00599	0.00181	0.02219	0.00567	0.00395	0.05864
8	0.06748	0.18678	0.14794	0.01257	0.01786	0.03399	0.03347	0.05210	0.11955	0.20377	0.03818	0.01661	0.01286	0.00671	0.00549	0.00177	0.00637	0.00522	0.00477	0.02648
9	0.01711	0.01315	0.05857	0.03329	0.18011	0.02983	0.01174	0.07077	0.01558	0.18779	0.04811	0.04792	0.01488	0.00716	0.00588	0.00168	0.00590	0.03215	0.00477	0.21361
10	0.01228	0.07927	0.38162	0.03608	0.02029	0.01197	0.03644	0.01678	0.01299	0.06464	0.04116	0.18269	0.01810	0.03295	0.00706	0.00216	0.00706	0.02492	0.00384	0.00772
11	0.01947	0.04625	0.14451	0.08524	0.09259	0.01704	0.01454	0.41916	0.02210	0.05948	0.01357	0.01466	0.00979	0.00673	0.00599	0.00185	0.00724	0.00528	0.00485	0.00969
12	0.01156	0.01088	0.01836	0.77016	0.04216	0.01360	0.01700	0.01564	0.01224	0.01564	0.01088	0.01632	0.00816	0.00612	0.00612	0.00204	0.00816	0.00544	0.00272	0.00680
13	0.00775	0.00642	0.00831	0.00833	0.00990	0.00568	0.04658	0.00930	0.01302	0.01632	0.04701	0.36640	0.39975	0.01648	0.00748	0.00225	0.00371	0.01452	0.00553	0.00526
14	0.02139	0.11731	0.17875	0.04491	0.01941	0.01325	0.01273	0.07963	0.03387	0.39039	0.01794	0.01704	0.01200	0.00682	0.00579	0.00183	0.00646	0.00536	0.00548	0.00961
15	0.00882	0.00667	0.00987	0.00986	0.01086	0.00779	0.00761	0.01088	0.00987	0.01421	0.01692	0.05287	0.01627	0.06630	0.69065	0.00925	0.03550	0.00701	0.00337	0.00543
16	0.00750	0.00536	0.00714	0.00849	0.00889	0.00500	0.00569	0.00864	0.01193	0.01596	0.06049	0.75317	0.04114	0.01893	0.00779	0.00246	0.00353	0.01716	0.00572	0.00500
17	0.02052	0.02435	0.01700	0.01641	0.06630	0.53188	0.01177	0.02601	0.18981	0.01787	0.01331	0.01415	0.01060	0.00673	0.00573	0.00171	0.00930	0.00476	0.00388	0.00789
18	0.01747	0.04470	0.01908	0.28548	0.21792	0.01266	0.01450	0.02078	0.01437	0.23973	0.01578	0.01910	0.01170	0.00676	0.00611	0.00194	0.00687	0.03204	0.00438	0.00866
19	0.00904	0.00673	0.00953	0.04936	0.04151	0.00669	0.00842	0.01111	0.01291	0.01710	0.05691	0.37145	0.03553	0.04167	0.00865	0.00266	0.00483	0.29500	0.00538	0.00551
20	0.02619	0.01246	0.01547	0.01186	0.01665	0.01203	0.00980	0.24128	0.02094	0.53465	0.02128	0.01897	0.01371	0.00751	0.00615	0.00188	0.00567	0.00596	0.00714	0.01042
21	0.01156	0.01088	0.01836	0.77016	0.04216	0.01360	0.01700	0.01564	0.01224	0.01564	0.01088	0.01632	0.00816	0.00612	0.00612	0.00204	0.00816	0.00544	0.00272	0.00680
22	0.82811	0.01184	0.00900	0.00805	0.01184	0.01373	0.00663	0.01799	0.01042	0.02746	0.00852	0.00994	0.00663	0.00568	0.00379	0.00189	0.00474	0.00331	0.00379	0.00663
23	0.01289	0.03049	0.67358	0.01829	0.04828	0.04607	0.04755	0.01959	0.01320	0.01922	0.01099	0.01304	0.00787	0.00580	0.00586	0.00192	0.00912	0.00463	0.00264	0.00895
24	0.00742	0.00567	0.00683	0.00768	0.00867	0.00507	0.00533	0.00872	0.01270	0.01626	0.06912	0.50233	0.28686	0.01765	0.00759	0.00232	0.00337	0.01561	0.00572	0.00507
25	0.10420	0.14836	0.14784	0.01301	0.01848	0.01733	0.01248	0.33413	0.02012	0.08778	0.03161	0.01436	0.01071	0.00670	0.00549	0.00178	0.00668	0.00492	0.00480	0.00923
26	0.22287	0.15284	0.01542	0.01008	0.01379	0.03341	0.00844	0.19063	0.01694	0.04683	0.11262	0.06089	0.07526	0.00848	0.00544	0.00182	0.00529	0.00648	0.00488	0.00759
27	0.21129	0.15427	0.08403	0.01257	0.01768	0.01703	0.04718	0.26072	0.01821	0.10388	0.01268	0.01328	0.00927	0.00635	0.00521	0.00178	0.00645	0.00466	0.00463	0.00883
28	0.07324	0.08976	0.05763	0.03236	0.01887	0.01807	0.01170	0.51523	0.02401	0.06522	0.01417	0.02748	0.01046	0.00715	0.00578	0.00182	0.00662	0.00534	0.00543	0.00967
29	0.04493	0.17270	0.10575	0.01335	0.01870	0.01871	0.01232	0.41952	0.05362	0.06223	0.01371	0.01400	0.01005	0.00675	0.00558	0.00176	0.00675	0.00497	0.00501	0.00959
30	0.05644	0.17111	0.08665	0.01336	0.01861	0.01926	0.01212	0.47268	0.04179	0.03122	0.01313	0.01357	0.00971	0.00674	0.00556	0.00175	0.00677	0.00492	0.00501	0.00959
31	0.02121	0.12060	0.06533	0.01372	0.01883	0.01917	0.01205	0.54829	0.06636	0.03342	0.01423	0.01441	0.01038	0.00703	0.00582	0.00179	0.00674	0.00523	0.00544	0.00994
32	0.05365	0.32992	0.11020	0.01264	0.01811	0.01991	0.01214	0.29833	0.01907	0.05499	0.01188	0.01256	0.00910	0.00625	0.00510	0.00164	0.00679	0.00442	0.00425	0.00906
33	0.05576	0.33146	0.02355	0.01235	0.01734	0.02089	0.01094	0.40654	0.02131	0.02823	0.01190	0.01250	0.00920	0.00641	0.00513	0.00162	0.00657	0.00450	0.00459	0.00920
34	0.01768	0.50989	0.11784	0.01207	0.01769	0.02132	0.01215	0.15974	0.01595	0.04973	0.01068	0.01162	0.00865	0.00582	0.00469	0.00152	0.00684	0.00399	0.00351	0.00861
35	0.04137	0.23244	0.05353	0.01340	0.04489	0.01886	0.01138	0.37264	0.04237	0.02778	0.01283	0.01424	0.01008	0.03521	0.00629	0.00181	0.00657	0.00486	0.00461	0.04485
36	0.03451	0.32071	0.15536	0.01297	0.01864	0.01957	0.01287	0.24898	0.05949	0.04439	0.01233	0.01301	0.00946	0.00628	0.00517	0.00167	0.00689	0.00451	0.00412	0.00905
37	0.04866	0.34544	0.04375	0.01289	0.01798	0.01982	0.05509	0.27939	0.01884	0.06642	0.01257	0.01419	0.00992	0.00646	0.00522	0.00166	0.00675	0.02172	0.00434	0.00890

[dist]
# distance from previous block
# <min> <max>
15	51

[block]
# block no. 4 follows, 37 sequences, length 33
# corresponding to MSA columns:
# 884-916
name=unknown_E
#
# <colnr> <probs for GDERKNQSTAVLIFYWHMCP>
#	G	D	E	R	K	N	Q	S	T	A	V	L	I	F	Y	W	H	M	C	P
0	0.01105	0.05516	0.01134	0.00844	0.01193	0.00832	0.00667	0.05246	0.01454	0.02015	0.14061	0.09451	0.20564	0.01000	0.00597	0.00157	0.00407	0.00840	0.00489	0.32429
1	0.06177	0.01498	0.16880	0.01266	0.01663	0.01203	0.01209	0.11479	0.16229	0.02331	0.04728	0.09421	0.02219	0.01088	0.00675	0.00224	0.00603	0.19811	0.00511	0.00784
2	0.33199	0.05541	0.11231	0.01114	0.01487	0.17073	0.00988	0.01775	0.01224	0.02015	0.01199	0.05988	0.01099	0.06957	0.06533	0.00276	0.00767	0.00513	0.00350	0.00670
3	0.02908	0.23359	0.28185	0.01249	0.01767	0.01461	0.01339	0.01724	0.06460	0.01812	0.05967	0.17719	0.01845	0.00906	0.00578	0.00189	0.00643	0.00744	0.00378	0.00765
4	0.01470	0.11766	0.34776	0.01432	0.02076	0.01477	0.04052	0.11631	0.05760	0.05101	0.05615	0.01800	0.05012	0.00696	0.00580	0.00181	0.00719	0.00556	0.00395	0.04904
5	0.01768	0.01418	0.01508	0.01287	0.01674	0.01611	0.01020	0.22108	0.52783	0.04492	0.02212	0.02058	0.01636	0.00803	0.00620	0.00201	0.00537	0.00652	0.00623	0.00990
6	0.01504	0.01386	0.01921	0.16715	0.31901	0.05527	0.01452	0.07195	0.08952	0.02097	0.01322	0.01597	0.01049	0.00603	0.00580	0.00175	0.00683	0.00532	0.04171	0.10638
7	0.01224	0.00991	0.01531	0.43536	0.02881	0.01189	0.01298	0.04614	0.01233	0.05704	0.01359	0.02034	0.01148	0.09673	0.15096	0.00393	0.04499	0.00606	0.00335	0.00658
8	0.00801	0.00576	0.00707	0.00781	0.00842	0.00542	0.00524	0.00905	0.01169	0.01535	0.07044	0.40213	0.13401	0.22542	0.01406	0.00335	0.00422	0.05261	0.00520	0.00474
9	0.02521	0.00986	0.01332	0.01039	0.01470	0.00858	0.00851	0.02765	0.01727	0.65867	0.07959	0.02286	0.01848	0.00794	0.00615	0.00187	0.00491	0.00651	0.04769	0.00982
10	0.00922	0.00640	0.00793	0.00776	0.00924	0.00587	0.00579	0.01135	0.01502	0.05036	0.38084	0.08699	0.19383	0.10701	0.01021	0.00255	0.00368	0.07439	0.00603	0.00554
11	0.01085	0.00917	0.01396	0.01263	0.01489	0.00925	0.13223	0.01629	0.15498	0.01951	0.06424	0.30467	0.02972	0.01336	0.00734	0.00232	0.00529	0.13361	0.03905	0.00666
12	0.02253	0.02808	0.01744	0.01571	0.01882	0.70138	0.01188	0.05376	0.01753	0.01597	0.00963	0.01128	0.00800	0.00652	0.00609	0.00163	0.03921	0.00406	0.00326	0.00722
13	0.00998	0.00588	0.00675	0.00720	0.00813	0.00582	0.00520	0.01192	0.01199	0.01862	0.02398	0.16305	0.02414	0.17521	0.01117	0.00276	0.00403	0.10918	0.38984	0.00515
14	0.01610	0.73941	0.07890	0.01093	0.01641	0.02357	0.01126	0.01840	0.01247	0.01473	0.00867	0.01002	0.00785	0.00527	0.00405	0.00135	0.00671	0.00335	0.00262	0.00793
15	0.01063	0.00532	0.00797	0.00797	0.00797	0.00532	0.00532	0.00797	0.00797	0.01063	0.01063	0.01861	0.01063	0.02127	0.02392	0.82190	0.00532	0.00532	0.00266	0.00266
16	0.01709	0.27081	0.17945	0.01337	0.01893	0.04518	0.01324	0.18493	0.15689	0.02325	0.01369	0.01418	0.01053	0.00648	0.00534	0.00172	0.00695	0.00479	0.00414	0.00903
17	0.01596	0.01599	0.01926	0.28316	0.13987	0.14882	0.01499	0.10722	0.01496	0.01892	0.01067	0.01444	0.00861	0.00707	0.00865	0.00202	0.15320	0.00517	0.00327	0.00774
18	0.00864	0.00664	0.00805	0.00834	0.00993	0.00623	0.00647	0.01158	0.05200	0.01949	0.23964	0.15224	0.27010	0.01509	0.00752	0.00224	0.00373	0.16042	0.00600	0.00564
19	0.01273	0.01173	0.01921	0.62950	0.13276	0.01404	0.01691	0.05836	0.01345	0.01757	0.01119	0.01607	0.00849	0.00611	0.00611	0.00200	0.00796	0.00545	0.00296	0.00739
20	0.02746	0.01042	0.01421	0.01089	0.01563	0.00900	0.00900	0.02983	0.01752	0.75093	0.02415	0.02083	0.01515	0.00758	0.00616	0.00189	0.00521	0.00616	0.00758	0.01042
21	0.00991	0.01022	0.09320	0.03277	0.03489	0.00812	0.03360	0.01422	0.06269	0.02276	0.48546	0.08732	0.04352	0.01138	0.00700	0.00200	0.00434	0.02424	0.00580	0.00657
22	0.01637	0.78856	0.03208	0.01047	0.01571	0.02422	0.01047	0.01833	0.01244	0.01440	0.00851	0.00982	0.00786	0.00524	0.00393	0.00131	0.00655	0.00327	0.00262	0.00786
23	0.00755	0.00574	0.00696	0.00765	0.00872	0.00515	0.00536	0.00903	0.01323	0.01717	0.14251	0.44362	0.27108	0.01705	0.00754	0.00227	0.00331	0.01506	0.00583	0.00515
24	0.00881	0.00611	0.00769	0.00803	0.00844	0.00627	0.00540	0.00968	0.01002	0.01351	0.02203	0.12945	0.02468	0.46530	0.16116	0.00588	0.00756	0.09148	0.00409	0.00441
25	0.05174	0.00989	0.01233	0.01013	0.01366	0.00948	0.00812	0.07755	0.08326	0.36513	0.25664	0.02820	0.02861	0.00915	0.00641	0.00192	0.00452	0.00766	0.00692	0.00869
26	0.00942	0.00609	0.00788	0.00867	0.00978	0.00558	0.00627	0.01086	0.01282	0.07963	0.03712	0.52623	0.14621	0.01736	0.00765	0.00241	0.00385	0.09079	0.00584	0.00555
27	0.00896	0.00602	0.00700	0.00743	0.00840	0.00580	0.00512	0.01115	0.04228	0.01799	0.09599	0.31487	0.11791	0.13125	0.01038	0.00266	0.00370	0.01197	0.18590	0.00523
28	0.06442	0.01658	0.05880	0.01837	0.02342	0.02808	0.29862	0.24743	0.06549	0.02643	0.04245	0.01671	0.01187	0.00672	0.00715	0.00199	0.04595	0.00631	0.00442	0.00879
29	0.02327	0.01715	0.01837	0.01408	0.01898	0.01898	0.01163	0.72628	0.02878	0.03858	0.01470	0.01470	0.01041	0.00735	0.00612	0.00184	0.00674	0.00551	0.00612	0.01041
30	0.00890	0.00593	0.00668	0.00668	0.00668	0.00593	0.00371	0.00890	0.00890	0.01187	0.01929	0.04006	0.02225	0.78487	0.03116	0.00593	0.00593	0.00890	0.00371	0.00371
31	0.01701	0.00914	0.01146	0.01048	0.04142	0.00887	0.00780	0.08444	0.06354	0.25300	0.16850	0.09752	0.02585	0.00953	0.00616	0.00187	0.00433	0.00809	0.16301	0.00798
32	0.05892	0.01323	0.08010	0.01010	0.01574	0.00972	0.00890	0.06207	0.01363	0.02153	0.01101	0.01269	0.00890	0.00490	0.00471	0.00112	0.00510	0.00381	0.00370	0.65013

[dist]
# distance from previous block
# <min> <max>
0	3

[block]
# block no. 5 follows, 37 sequences, length 17
# corresponding to MSA columns:
# 920-936
name=unknown_F
#
# <colnr> <probs for GDERKNQSTAVLIFYWHMCP>
#	G	D	E	R	K	N	Q	S	T	A	V	L	I	F	Y	W	H	M	C	P
0	0.10447	0.01084	0.01296	0.08648	0.01672	0.01126	0.00912	0.11725	0.10735	0.23333	0.14835	0.02570	0.07272	0.00872	0.00617	0.00194	0.00506	0.00713	0.00604	0.00837
1	0.00813	0.00601	0.00759	0.00767	0.00894	0.00547	0.00557	0.01034	0.01536	0.02100	0.45388	0.23425	0.16380	0.01468	0.00737	0.00209	0.00309	0.01297	0.00630	0.00547
2	0.01354	0.04741	0.12543	0.18068	0.16611	0.05516	0.11584	0.01732	0.01296	0.01758	0.03024	0.05538	0.01145	0.00728	0.00819	0.00204	0.11636	0.00615	0.00308	0.00780
3	0.01797	0.14977	0.02232	0.09221	0.19113	0.15594	0.04882	0.17047	0.01730	0.02177	0.01168	0.01392	0.00931	0.00611	0.00559	0.00170	0.00776	0.00491	0.04281	0.00851
4	0.00866	0.00626	0.00818	0.00770	0.00914	0.00578	0.00578	0.01155	0.01733	0.02455	0.74346	0.04572	0.05776	0.01251	0.00722	0.00193	0.00289	0.01107	0.00674	0.00578
5	0.01440	0.01578	0.12515	0.08326	0.03929	0.01439	0.09603	0.07781	0.34568	0.02385	0.08251	0.02128	0.01764	0.00760	0.00635	0.00201	0.00643	0.00670	0.00497	0.00888
6	0.00782	0.00622	0.00701	0.00682	0.00863	0.00542	0.00511	0.00992	0.01533	0.01982	0.34112	0.05351	0.46305	0.01428	0.00723	0.00201	0.00301	0.01216	0.00612	0.00542
7	0.00878	0.00641	0.00910	0.00910	0.00994	0.00725	0.00673	0.01046	0.00962	0.01366	0.01707	0.02778	0.01692	0.21818	0.59056	0.00893	0.01396	0.00710	0.00338	0.00506
8	0.01313	0.01071	0.01453	0.01082	0.01564	0.00865	0.08046	0.01597	0.01323	0.06445	0.04981	0.05739	0.01385	0.00771	0.03694	0.00160	0.00553	0.00539	0.00407	0.57013
9	0.02327	0.01715	0.01837	0.01408	0.01898	0.01898	0.01163	0.72628	0.02878	0.03858	0.01470	0.01470	0.01041	0.00735	0.00612	0.00184	0.00674	0.00551	0.00612	0.01041
10	0.01614	0.68040	0.10996	0.01141	0.01699	0.04821	0.01184	0.01865	0.01266	0.01496	0.00881	0.01020	0.00785	0.00534	0.00419	0.00139	0.00697	0.00343	0.00263	0.00796
11	0.00877	0.00608	0.00761	0.00770	0.00803	0.00637	0.00496	0.00946	0.00934	0.01277	0.01934	0.08085	0.02138	0.52598	0.23898	0.00684	0.00879	0.00875	0.00371	0.00429
12	0.82811	0.01184	0.00900	0.00805	0.01184	0.01373	0.00663	0.01799	0.01042	0.02746	0.00852	0.00994	0.00663	0.00568	0.00379	0.00189	0.00474	0.00331	0.00379	0.00663
13	0.00961	0.00983	0.07717	0.03634	0.05468	0.00808	0.08878	0.01219	0.01267	0.01710	0.02725	0.44120	0.03061	0.01492	0.00754	0.00240	0.00548	0.13312	0.00488	0.00612
14	0.01421	0.05254	0.33912	0.12062	0.08676	0.01449	0.17389	0.01990	0.03096	0.07105	0.01250	0.01502	0.00910	0.00585	0.00614	0.00194	0.00859	0.00544	0.00320	0.00869
15	0.01336	0.01251	0.02178	0.22506	0.35770	0.01311	0.09948	0.01716	0.01350	0.01881	0.01406	0.02150	0.01217	0.00685	0.00634	0.00198	0.00743	0.07589	0.05320	0.00811
16	0.00949	0.00692	0.00932	0.01055	0.01191	0.00686	0.00888	0.01240	0.03559	0.01802	0.03445	0.17218	0.08515	0.01689	0.00821	0.00269	0.00513	0.53410	0.00566	0.00563

[dist]
# distance from previous block
# <min> <max>
0	4

[block]
# block no. 6 follows, 37 sequences, length 11
# corresponding to MSA columns:
# 941-945,953-958
name=unknown_G
#
# <colnr> <probs for GDERKNQSTAVLIFYWHMCP>
#	G	D	E	R	K	N	Q	S	T	A	V	L	I	F	Y	W	H	M	C	P
0	0.01855	0.04376	0.12005	0.08799	0.24267	0.01301	0.08782	0.02236	0.01485	0.26458	0.01561	0.01680	0.01102	0.00624	0.00611	0.00189	0.00718	0.00566	0.00446	0.00938
1	0.01332	0.12163	0.33726	0.05245	0.19690	0.01495	0.07170	0.01830	0.01356	0.01918	0.07306	0.01625	0.01261	0.00619	0.00587	0.00184	0.00783	0.00538	0.00309	0.00862
2	0.01301	0.22690	0.51470	0.01502	0.02249	0.01619	0.01830	0.01837	0.01272	0.01783	0.01189	0.06435	0.01001	0.00657	0.00546	0.00181	0.00802	0.00507	0.00280	0.00846
3	0.05629	0.01957	0.31815	0.04429	0.08365	0.01229	0.03596	0.05012	0.01467	0.19802	0.01663	0.06082	0.01302	0.00756	0.00613	0.00199	0.00718	0.04041	0.00439	0.00887
4	0.01404	0.01259	0.03697	0.16504	0.15404	0.01250	0.17996	0.01915	0.08197	0.08185	0.09242	0.05119	0.01809	0.00782	0.00668	0.00204	0.00711	0.04421	0.00429	0.00805
5	0.01214	0.00978	0.03972	0.03579	0.01387	0.01062	0.00970	0.03735	0.01191	0.07839	0.01954	0.14308	0.01994	0.10396	0.14847	0.00417	0.19575	0.09529	0.00426	0.00628
6	0.82811	0.01184	0.00900	0.00805	0.01184	0.01373	0.00663	0.01799	0.01042	0.02746	0.00852	0.00994	0.00663	0.00568	0.00379	0.00189	0.00474	0.00331	0.00379	0.00663
7	0.01269	0.01088	0.01269	0.00907	0.01451	0.00816	0.00725	0.01541	0.01269	0.01995	0.01088	0.01269	0.00907	0.00453	0.00453	0.00091	0.00453	0.00363	0.00363	0.82229
8	0.04885	0.01344	0.02201	0.20388	0.06286	0.01457	0.21266	0.09263	0.07638	0.02087	0.01387	0.05867	0.01146	0.00716	0.00754	0.00203	0.07268	0.00656	0.00375	0.04811
9	0.50293	0.01261	0.02832	0.00978	0.01368	0.02974	0.02402	0.09355	0.01390	0.12389	0.05087	0.01532	0.01166	0.03966	0.00586	0.00206	0.00533	0.00470	0.00464	0.00747
10	0.01020	0.00858	0.04766	0.00897	0.01076	0.04277	0.00694	0.01195	0.01343	0.07902	0.08516	0.42583	0.19430	0.01558	0.00728	0.00223	0.00420	0.01367	0.00563	0.00585

[dist]
# distance from previous block
# <min> <max>
2	5

[block]
# block no. 7 follows, 37 sequences, length 8
# corresponding to MSA columns:
# 964-971
name=unknown_H
#
# <colnr> <probs for GDERKNQSTAVLIFYWHMCP>
#	G	D	E	R	K	N	Q	S	T	A	V	L	I	F	Y	W	H	M	C	P
0	0.09131	0.31208	0.12216	0.01518	0.10479	0.05049	0.01283	0.05726	0.01409	0.11372	0.01158	0.01279	0.00904	0.00610	0.00566	0.00169	0.04279	0.00433	0.00362	0.00850
1	0.05846	0.07292	0.19923	0.10526	0.18107	0.04810	0.04384	0.09310	0.01479	0.04036	0.01139	0.01388	0.00879	0.00607	0.00628	0.00184	0.03965	0.00490	0.00337	0.04670
2	0.03417	0.06704	0.12544	0.10669	0.18591	0.01230	0.03716	0.01766	0.04525	0.06454	0.06889	0.06781	0.06040	0.00787	0.00600	0.00187	0.00627	0.00685	0.05330	0.02457
3	0.01464	0.01784	0.16589	0.06701	0.25377	0.07249	0.01535	0.06643	0.07290	0.02082	0.03761	0.05599	0.01297	0.00685	0.00596	0.00180	0.00712	0.00589	0.00372	0.09497
4	0.07262	0.03639	0.06469	0.03451	0.14174	0.10286	0.03488	0.05212	0.06729	0.14366	0.03875	0.02013	0.01395	0.05404	0.00738	0.00206	0.00674	0.03476	0.00450	0.06694
5	0.10366	0.06263	0.08057	0.04149	0.13674	0.06895	0.06505	0.08647	0.04053	0.15096	0.01580	0.01708	0.03905	0.00756	0.00687	0.05147	0.00686	0.00550	0.00434	0.00840
6	0.13257	0.10558	0.08976	0.08399	0.05398	0.04461	0.05516	0.08211	0.05082	0.06324	0.06744	0.07752	0.03082	0.00796	0.00617	0.00192	0.02785	0.00646	0.00425	0.00778
7	0.05423	0.12329	0.14911	0.08396	0.05984	0.16171	0.04467	0.05646	0.01531	0.10764	0.05221	0.01684	0.03545	0.00677	0.00569	0.00178	0.00769	0.00530	0.00392	0.00812

[dist]
# distance from previous block
# <min> <max>
15	139

[block]
# block no. 8 follows, 37 sequences, length 60
# corresponding to MSA columns:
# 1165-1209,1214-1228
name=unknown_I
#
# <colnr> <probs for GDERKNQSTAVLIFYWHMCP>
#	G	D	E	R	K	N	Q	S	T	A	V	L	I	F	Y	W	H	M	C	P
0	0.13477	0.11771	0.28117	0.01484	0.05337	0.01642	0.01483	0.19419	0.04552	0.05415	0.01234	0.01335	0.00908	0.00625	0.00540	0.00183	0.00714	0.00464	0.00400	0.00899
1	0.01723	0.19044	0.23176	0.01623	0.08779	0.04624	0.01491	0.18343	0.08536	0.05062	0.01310	0.01402	0.00989	0.00633	0.00553	0.00176	0.00734	0.00483	0.00400	0.00920
2	0.38639	0.30286	0.10185	0.01027	0.01517	0.01777	0.01004	0.01913	0.05421	0.02159	0.00976	0.01099	0.00792	0.00569	0.00421	0.00169	0.00590	0.00365	0.00336	0.00754
3	0.00882	0.00595	0.00665	0.00665	0.00676	0.00590	0.00376	0.00890	0.00916	0.01211	0.02145	0.04101	0.05889	0.74584	0.02994	0.00574	0.00579	0.00911	0.00381	0.00378
4	0.01666	0.75370	0.03140	0.01072	0.01586	0.05801	0.01054	0.01861	0.01266	0.01443	0.00855	0.00988	0.00786	0.00529	0.00400	0.00132	0.00675	0.00330	0.00264	0.00782
5	0.01521	0.01360	0.06090	0.10729	0.13956	0.01262	0.09847	0.09114	0.01498	0.08775	0.01485	0.06476	0.01258	0.00731	0.00691	0.00184	0.05032	0.03233	0.00407	0.16350
6	0.01207	0.03022	0.71077	0.01689	0.02551	0.01374	0.02166	0.01894	0.01317	0.01968	0.05266	0.01479	0.01060	0.00620	0.00590	0.00194	0.00870	0.00490	0.00282	0.00886
7	0.01546	0.01384	0.02301	0.11523	0.59328	0.01416	0.01760	0.01972	0.04806	0.06137	0.01280	0.01597	0.01026	0.00578	0.00608	0.00186	0.00714	0.00556	0.00341	0.00942
8	0.00746	0.00533	0.00710	0.00852	0.00888	0.00497	0.00568	0.00852	0.01172	0.01563	0.03374	0.78088	0.04049	0.01918	0.00781	0.00249	0.00355	0.01740	0.00568	0.00497
9	0.01156	0.01088	0.01836	0.77016	0.04216	0.01360	0.01700	0.01564	0.01224	0.01564	0.01088	0.01632	0.00816	0.00612	0.00612	0.00204	0.00816	0.00544	0.00272	0.00680
10	0.01811	0.01363	0.01939	0.19256	0.16859	0.08010	0.08112	0.04541	0.02818	0.21544	0.06324	0.01883	0.01395	0.00680	0.00624	0.00190	0.00721	0.00607	0.00460	0.00862
11	0.00895	0.00678	0.00989	0.00978	0.01071	0.00794	0.00749	0.01088	0.00972	0.01400	0.01634	0.02522	0.01570	0.11886	0.65667	0.00915	0.04653	0.00674	0.00330	0.00534
12	0.01228	0.03166	0.75316	0.01745	0.02649	0.01422	0.02262	0.01939	0.01292	0.01939	0.01099	0.01292	0.00775	0.00582	0.00582	0.00194	0.00905	0.00452	0.00258	0.00905
13	0.01314	0.00685	0.00920	0.00907	0.01078	0.00619	0.00661	0.01479	0.01403	0.21992	0.12077	0.47798	0.03567	0.01513	0.00728	0.00225	0.00393	0.01349	0.00634	0.00658
14	0.04885	0.06265	0.06713	0.09670	0.02595	0.01638	0.27469	0.24126	0.01853	0.06824	0.01319	0.01532	0.00959	0.00615	0.00629	0.00192	0.00816	0.00590	0.00424	0.00887
15	0.01494	0.01433	0.02446	0.08077	0.70515	0.01449	0.01868	0.01860	0.01384	0.01974	0.01148	0.01522	0.00961	0.00549	0.00606	0.00183	0.00732	0.00545	0.00301	0.00953
16	0.00757	0.00541	0.00723	0.00865	0.00905	0.00507	0.00587	0.00871	0.01183	0.01575	0.03368	0.74824	0.04024	0.01907	0.00784	0.00250	0.00365	0.04895	0.00568	0.00500
17	0.01355	0.01291	0.02195	0.36413	0.43264	0.01412	0.01799	0.01738	0.01318	0.01806	0.01123	0.01567	0.00901	0.00575	0.00609	0.00192	0.00767	0.00545	0.00289	0.00841
18	0.00874	0.00656	0.00984	0.00984	0.01093	0.00765	0.00765	0.01093	0.00984	0.01421	0.01640	0.02405	0.01530	0.04591	0.76062	0.00984	0.01640	0.00656	0.00328	0.00547
19	0.00876	0.00649	0.00949	0.00949	0.01046	0.00746	0.00722	0.01071	0.00974	0.01395	0.01671	0.02580	0.01607	0.12697	0.68059	0.00941	0.01525	0.00682	0.00333	0.00527
20	0.00884	0.00618	0.00793	0.00793	0.00836	0.00662	0.00527	0.00971	0.00927	0.01280	0.01814	0.03371	0.01950	0.49172	0.32054	0.00748	0.01008	0.00797	0.00354	0.00441
21	0.07934	0.01051	0.01387	0.01071	0.01538	0.00930	0.00884	0.02906	0.01706	0.70405	0.02314	0.02013	0.01460	0.00745	0.00600	0.00189	0.00518	0.00597	0.00733	0.01017
22	0.00842	0.00774	0.05147	0.00780	0.00989	0.00608	0.00641	0.01113	0.01599	0.02168	0.48231	0.04801	0.27437	0.01308	0.00714	0.00197	0.00332	0.01128	0.00616	0.00577
23	0.05642	0.00910	0.01160	0.00967	0.01305	0.00839	0.00770	0.02252	0.06457	0.40335	0.22135	0.06490	0.06121	0.00979	0.00647	0.00195	0.00436	0.00825	0.00691	0.00843
24	0.01437	0.10121	0.20829	0.01328	0.01821	0.03031	0.01294	0.05269	0.35107	0.02249	0.06077	0.01969	0.01627	0.00922	0.04054	0.00229	0.00674	0.00601	0.00472	0.00888
25	0.00988	0.00585	0.00630	0.00630	0.00685	0.00585	0.00393	0.01099	0.01043	0.01613	0.01955	0.03335	0.01970	0.48202	0.02069	0.00418	0.00473	0.00766	0.32113	0.00449
26	0.01969	0.32847	0.02332	0.01377	0.05062	0.18942	0.01123	0.15279	0.07163	0.06685	0.01224	0.01293	0.00970	0.00626	0.00511	0.00159	0.00743	0.00440	0.00400	0.00854
27	0.02173	0.01695	0.01842	0.01441	0.01896	0.04302	0.03478	0.57829	0.10618	0.03492	0.01536	0.01550	0.01113	0.00746	0.00663	0.00189	0.03284	0.00567	0.00582	0.01002
28	0.01448	0.00963	0.01163	0.00993	0.01239	0.03465	0.00784	0.08129	0.01743	0.15684	0.41014	0.03320	0.05212	0.01052	0.00794	0.00193	0.07473	0.00865	0.00620	0.03845
29	0.01846	0.06481	0.12626	0.06261	0.21535	0.01365	0.01450	0.06437	0.01520	0.23353	0.01484	0.01595	0.01071	0.00654	0.00672	0.00185	0.05430	0.00529	0.00444	0.05062
30	0.02079	0.01291	0.01438	0.01209	0.01591	0.05882	0.00965	0.04987	0.32108	0.32853	0.02248	0.02075	0.01582	0.00916	0.03128	0.00224	0.03193	0.00631	0.00638	0.00961
31	0.02746	0.01042	0.01421	0.01089	0.01563	0.00900	0.00900	0.02983	0.01752	0.75093	0.02415	0.02083	0.01515	0.00758	0.00616	0.00189	0.00521	0.00616	0.00758	0.01042
32	0.02051	0.19855	0.10550	0.01385	0.01894	0.17312	0.01256	0.30710	0.02035	0.05598	0.01216	0.01287	0.00919	0.00648	0.00546	0.00168	0.00779	0.00458	0.00436	0.00898
33	0.04891	0.01028	0.01366	0.01391	0.11174	0.01015	0.00952	0.02221	0.11643	0.29734	0.08632	0.11471	0.06957	0.00977	0.00694	0.00202	0.03371	0.00824	0.00603	0.00854
34	0.01093	0.00678	0.00828	0.00774	0.00980	0.00597	0.00586	0.01306	0.01553	0.13342	0.30899	0.12576	0.29754	0.01355	0.00712	0.00203	0.00340	0.01166	0.00637	0.00619
35	0.00880	0.00634	0.00871	0.00871	0.00941	0.00704	0.00625	0.01021	0.00950	0.01337	0.01743	0.02976	0.01778	0.30954	0.50038	0.00845	0.01266	0.00739	0.00343	0.00484
36	0.01575	0.26393	0.16647	0.12659	0.17488	0.01757	0.01554	0.08182	0.01451	0.05268	0.01123	0.01341	0.00883	0.00582	0.00535	0.00172	0.00737	0.00461	0.00325	0.00867
37	0.01568	0.02532	0.43666	0.01820	0.02556	0.07234	0.16830	0.03616	0.01450	0.11019	0.01287	0.01455	0.00906	0.00597	0.00614	0.00193	0.00895	0.00527	0.00343	0.00893
38	0.00978	0.00580	0.00675	0.00688	0.00810	0.00558	0.00502	0.01230	0.01402	0.02196	0.24857	0.17746	0.03365	0.01116	0.00588	0.00179	0.00300	0.00966	0.40706	0.00558
39	0.01637	0.78856	0.03208	0.01047	0.01571	0.02422	0.01047	0.01833	0.01244	0.01440	0.00851	0.00982	0.00786	0.00524	0.00393	0.00131	0.00655	0.00327	0.00262	0.00786
40	0.63729	0.01293	0.01536	0.01221	0.01656	0.01414	0.17497	0.01837	0.01136	0.02562	0.00943	0.01148	0.00725	0.00556	0.00459	0.00193	0.00604	0.00423	0.00363	0.00701
41	0.00841	0.00631	0.00847	0.05375	0.01178	0.00613	0.00731	0.01035	0.01321	0.01730	0.10294	0.38085	0.13571	0.01668	0.00775	0.00244	0.00424	0.19543	0.00560	0.00536
42	0.01228	0.03166	0.75316	0.01745	0.02649	0.01422	0.02262	0.01939	0.01292	0.01939	0.01099	0.01292	0.00775	0.00582	0.00582	0.00194	0.00905	0.00452	0.00258	0.00905
43	0.00859	0.00617	0.00818	0.00840	0.00911	0.00648	0.00594	0.00994	0.01057	0.01450	0.06379	0.13798	0.05762	0.27767	0.31400	0.00648	0.00944	0.03614	0.00415	0.00484
44	0.09778	0.02959	0.67516	0.01646	0.02496	0.01417	0.02094	0.01924	0.01266	0.02023	0.01073	0.01261	0.00764	0.00580	0.00560	0.00193	0.00859	0.00440	0.00271	0.00879
45	0.01568	0.01444	0.01667	0.04268	0.01747	0.05481	0.01178	0.10476	0.30025	0.02186	0.01568	0.01728	0.01253	0.00897	0.01171	0.00226	0.31240	0.00593	0.00451	0.00834
46	0.02327	0.01715	0.01837	0.01408	0.01898	0.01898	0.01163	0.72628	0.02878	0.03858	0.01470	0.01470	0.01041	0.00735	0.00612	0.00184	0.00674	0.00551	0.00612	0.01041
47	0.07132	0.01588	0.01723	0.01327	0.01808	0.01725	0.01096	0.58543	0.02610	0.13928	0.01568	0.01529	0.01086	0.00728	0.00599	0.00185	0.00640	0.00547	0.00619	0.01019
48	0.01929	0.01860	0.01401	0.01251	0.01555	0.35187	0.00967	0.09005	0.06541	0.09464	0.05190	0.02153	0.04220	0.00803	0.00583	0.00175	0.00750	0.04535	0.11679	0.00752
49	0.01559	0.01084	0.06249	0.01104	0.01448	0.00936	0.04494	0.02110	0.14518	0.23062	0.23331	0.09136	0.06280	0.01020	0.00669	0.00200	0.00476	0.00889	0.00629	0.00806
50	0.00754	0.00571	0.00689	0.00765	0.00862	0.00514	0.00529	0.00888	0.01280	0.01653	0.10246	0.46126	0.26486	0.04617	0.00845	0.00243	0.00344	0.01512	0.00570	0.00505
51	0.01637	0.78856	0.03208	0.01047	0.01571	0.02422	0.01047	0.01833	0.01244	0.01440	0.00851	0.00982	0.00786	0.00524	0.00393	0.00131	0.00655	0.00327	0.00262	0.00786
52	0.00781	0.00560	0.00744	0.00843	0.00907	0.00523	0.00585	0.00935	0.01307	0.01774	0.19460	0.58986	0.04422	0.01759	0.00770	0.00237	0.00347	0.03950	0.00592	0.00518
53	0.01223	0.01124	0.01836	0.72714	0.04084	0.01391	0.01669	0.05607	0.01318	0.01695	0.01110	0.01623	0.00829	0.00619	0.00612	0.00203	0.00808	0.00544	0.00291	0.00701
54	0.06384	0.00841	0.00995	0.00906	0.01083	0.00880	0.00656	0.07184	0.06061	0.12238	0.01958	0.07130	0.01877	0.32390	0.16281	0.00508	0.00765	0.00779	0.00466	0.00620
55	0.00806	0.00614	0.00741	0.00729	0.00882	0.00549	0.00539	0.01031	0.01561	0.02093	0.44124	0.12731	0.28533	0.01421	0.00729	0.00203	0.00303	0.01235	0.00628	0.00549
56	0.01294	0.01103	0.01283	0.00919	0.01461	0.00842	0.00736	0.03224	0.01307	0.02039	0.01097	0.01274	0.00910	0.00460	0.00457	0.00093	0.00459	0.00367	0.00369	0.80308
57	0.01652	0.41852	0.16257	0.01462	0.08871	0.03546	0.01330	0.02044	0.04997	0.08675	0.01168	0.01274	0.00930	0.00575	0.00487	0.00156	0.00691	0.00420	0.00335	0.03278
58	0.06998	0.46989	0.18923	0.01202	0.01783	0.03349	0.01279	0.04246	0.01342	0.05126	0.03149	0.01226	0.00963	0.00581	0.00464	0.00156	0.00691	0.00400	0.00316	0.00817
59	0.01305	0.17881	0.04134	0.01060	0.01385	0.01239	0.03603	0.01846	0.14658	0.06667	0.27586	0.05909	0.04448	0.00990	0.00630	0.00190	0.00486	0.04704	0.00540	0.00739

[dist]
# distance from previous block
# <min> <max>
4	8

[block]
# block no. 9 follows, 37 sequences, length 7
# corresponding to MSA columns:
# 1237-1243
name=unknown_J
#
# <colnr> <probs for GDERKNQSTAVLIFYWHMCP>
#	G	D	E	R	K	N	Q	S	T	A	V	L	I	F	Y	W	H	M	C	P
0	0.01560	0.04116	0.08062	0.01627	0.10551	0.01304	0.08735	0.05096	0.20378	0.09179	0.01690	0.04199	0.01320	0.00672	0.00586	0.00173	0.00613	0.00593	0.00460	0.19087
1	0.01140	0.00955	0.01259	0.08104	0.01610	0.00872	0.03933	0.03587	0.05643	0.02030	0.13321	0.14218	0.04398	0.00942	0.00613	0.00169	0.00481	0.04007	0.00471	0.32247
2	0.01339	0.01462	0.09026	0.34064	0.38607	0.01412	0.01840	0.01753	0.01314	0.01813	0.01120	0.01543	0.00888	0.00577	0.00606	0.00192	0.00781	0.00536	0.00286	0.00843
3	0.01489	0.51562	0.29210	0.01299	0.01960	0.02061	0.01485	0.01871	0.01261	0.01620	0.00940	0.01094	0.00782	0.00545	0.00461	0.00154	0.00745	0.00372	0.00261	0.00828
4	0.01696	0.01640	0.12479	0.05976	0.09936	0.01484	0.03633	0.28671	0.09834	0.04520	0.04327	0.03822	0.01428	0.06819	0.00816	0.00224	0.00680	0.00636	0.00485	0.00894
5	0.01704	0.00844	0.01009	0.00860	0.01118	0.00844	0.00685	0.07136	0.01547	0.24094	0.06171	0.02239	0.01711	0.00780	0.00607	0.00170	0.04921	0.00611	0.42197	0.00752
6	0.01682	0.19497	0.03917	0.03500	0.03702	0.06342	0.03241	0.16733	0.22868	0.02294	0.01601	0.01817	0.01301	0.07959	0.00797	0.00217	0.00655	0.00565	0.00456	0.00855

[dist]
# distance from previous block
# <min> <max>
4	9

[block]
# block no. 10 follows, 37 sequences, length 35
# corresponding to MSA columns:
# 1254-1258,1260-1289
name=unknown_K
#
# <colnr> <probs for GDERKNQSTAVLIFYWHMCP>
#	G	D	E	R	K	N	Q	S	T	A	V	L	I	F	Y	W	H	M	C	P
0	0.01747	0.07973	0.01963	0.18886	0.10700	0.13440	0.02651	0.15425	0.12360	0.04232	0.01363	0.01550	0.01046	0.00674	0.00635	0.00187	0.03376	0.00531	0.00412	0.00850
1	0.00874	0.00656	0.00984	0.00984	0.01093	0.00765	0.00765	0.01093	0.00984	0.01421	0.01640	0.02405	0.01530	0.04591	0.76062	0.00984	0.01640	0.00656	0.00328	0.00547
2	0.01486	0.04936	0.13638	0.06150	0.20406	0.01523	0.11879	0.06845	0.20141	0.02200	0.01569	0.01837	0.01229	0.00669	0.00622	0.00196	0.00730	0.02632	0.00404	0.00908
3	0.01577	0.01078	0.01301	0.00945	0.01474	0.00833	0.00762	0.01842	0.01370	0.17218	0.01364	0.01439	0.01033	0.00517	0.00487	0.00111	0.00467	0.00415	0.00445	0.65321
4	0.01768	0.01122	0.01351	0.01006	0.01516	0.00939	0.00813	0.06017	0.05386	0.23220	0.01568	0.01570	0.01141	0.00577	0.00518	0.00131	0.00487	0.00464	0.00505	0.49904
5	0.01349	0.26603	0.09032	0.00981	0.01388	0.01352	0.00925	0.06161	0.01444	0.07918	0.03085	0.09080	0.26357	0.01028	0.00589	0.00181	0.00527	0.00824	0.00456	0.00720
6	0.00926	0.00634	0.00708	0.00700	0.00720	0.00646	0.00405	0.01023	0.04982	0.01264	0.01960	0.03909	0.02205	0.74115	0.02975	0.00572	0.00587	0.00879	0.00385	0.00405
7	0.01638	0.00866	0.01054	0.00887	0.01204	0.00781	0.00705	0.07356	0.01709	0.29622	0.17180	0.03863	0.28347	0.01132	0.00674	0.00196	0.00414	0.00944	0.00663	0.00767
8	0.01455	0.01184	0.01224	0.01097	0.01386	0.05504	0.00849	0.05363	0.40073	0.05549	0.21050	0.02770	0.02756	0.00914	0.00631	0.00195	0.00465	0.00766	0.05936	0.00832
9	0.01444	0.05374	0.01660	0.07889	0.20531	0.01234	0.01165	0.11927	0.07618	0.06641	0.02067	0.25724	0.02037	0.01047	0.00653	0.00205	0.00572	0.00927	0.00482	0.00802
10	0.02746	0.01042	0.01421	0.01089	0.01563	0.00900	0.00900	0.02983	0.01752	0.75093	0.02415	0.02083	0.01515	0.00758	0.00616	0.00189	0.00521	0.00616	0.00758	0.01042
11	0.00746	0.00533	0.00710	0.00852	0.00888	0.00497	0.00568	0.00852	0.01172	0.01563	0.03374	0.78088	0.04049	0.01918	0.00781	0.00249	0.00355	0.01740	0.00568	0.00497
12	0.01412	0.01587	0.03411	0.11001	0.03314	0.01527	0.64443	0.01916	0.01420	0.01916	0.01221	0.01649	0.00916	0.00527	0.00710	0.00206	0.01008	0.00702	0.00305	0.00809
13	0.01703	0.01859	0.02920	0.02238	0.05097	0.14724	0.44468	0.11118	0.01651	0.02098	0.01190	0.01510	0.00913	0.00596	0.00745	0.00197	0.05170	0.00626	0.00347	0.00829
14	0.01634	0.01371	0.01447	0.01268	0.01634	0.01575	0.00996	0.12903	0.63731	0.02741	0.02349	0.02171	0.01753	0.00817	0.00621	0.00204	0.00511	0.00672	0.00621	0.00979
