[name]
unknown

[dist]
# distance from previous block
# <min> <max>
0	36

[block]
# block no. 0 follows, 42 sequences, length 9
# corresponding to MSA columns:
# 36-44
name=unknown_A
#
# <colnr> <probs for GDERKNQSTAVLIFYWHMCP>
#	G	D	E	R	K	N	Q	S	T	A	V	L	I	F	Y	W	H	M	C	P
0	0.00907	0.00648	0.00907	0.01036	0.01166	0.00648	0.00907	0.01166	0.01296	0.01684	0.02980	0.06348	0.03239	0.01555	0.00777	0.00259	0.00518	0.72924	0.00518	0.00518
1	0.01231	0.01231	0.01724	0.01477	0.01477	0.01724	0.01231	0.01354	0.00862	0.01354	0.00739	0.01231	0.00739	0.00985	0.01847	0.00246	0.79192	0.00492	0.00246	0.00616
2	0.77947	0.01210	0.00886	0.00794	0.01138	0.07102	0.00646	0.01699	0.01006	0.02438	0.00790	0.00922	0.00618	0.00527	0.00360	0.00172	0.00479	0.00309	0.00344	0.00613
3	0.01019	0.00955	0.01579	0.52577	0.07793	0.01097	0.05276	0.01354	0.01203	0.01553	0.07001	0.02278	0.12571	0.00726	0.00590	0.00186	0.00651	0.00650	0.00321	0.00620
4	0.01278	0.01269	0.01725	0.21266	0.32979	0.11137	0.01352	0.01584	0.01349	0.01767	0.16856	0.01961	0.01763	0.00663	0.00574	0.00171	0.00649	0.00591	0.00345	0.00719
5	0.01292	0.01250	0.02177	0.25372	0.50762	0.01317	0.06341	0.01648	0.01239	0.01719	0.01047	0.01432	0.00848	0.00518	0.00566	0.00175	0.00710	0.00511	0.00271	0.00805
6	0.07594	0.03348	0.04342	0.01270	0.06320	0.01355	0.00993	0.35912	0.06092	0.13461	0.01762	0.09834	0.03637	0.00789	0.00562	0.00177	0.00546	0.00636	0.00523	0.00847
7	0.04158	0.28579	0.27345	0.01127	0.01669	0.01456	0.01232	0.04177	0.01274	0.03699	0.09421	0.01643	0.05004	0.00628	0.00483	0.00152	0.00606	0.00478	0.00328	0.06540
8	0.00962	0.01213	0.17130	0.14717	0.04016	0.00932	0.01136	0.01289	0.01134	0.01609	0.10895	0.06247	0.03621	0.04100	0.20131	0.00371	0.03089	0.00647	0.00338	0.06422

[dist]
# distance from previous block
# <min> <max>
1	7

[block]
# block no. 1 follows, 42 sequences, length 28
# corresponding to MSA columns:
# 52-79
name=unknown_B
#
# <colnr> <probs for GDERKNQSTAVLIFYWHMCP>
#	G	D	E	R	K	N	Q	S	T	A	V	L	I	F	Y	W	H	M	C	P
0	0.01590	0.20111	0.01897	0.01293	0.05034	0.04107	0.03509	0.17906	0.29206	0.02244	0.01498	0.01511	0.01159	0.00647	0.00558	0.00165	0.03187	0.00501	0.00441	0.03435
1	0.04043	0.11391	0.11206	0.03797	0.04076	0.01107	0.05545	0.01676	0.01222	0.10010	0.01178	0.01311	0.01939	0.00500	0.00467	0.00127	0.00551	0.00408	0.00345	0.39101
2	0.01469	0.10062	0.40235	0.01583	0.09168	0.03273	0.03608	0.01967	0.03702	0.15158	0.03654	0.01439	0.01035	0.00581	0.00533	0.00170	0.00708	0.00471	0.00349	0.00834
3	0.01269	0.07075	0.26562	0.01491	0.07826	0.03803	0.08890	0.01785	0.08769	0.06366	0.11362	0.01979	0.01621	0.07862	0.00771	0.00208	0.00659	0.00587	0.00370	0.00744
4	0.01374	0.01231	0.11896	0.21020	0.10940	0.01053	0.01236	0.04091	0.05693	0.16159	0.08977	0.07296	0.05070	0.00770	0.00584	0.00183	0.00581	0.00665	0.00432	0.00747
5	0.04538	0.03809	0.09127	0.06792	0.09116	0.01104	0.11804	0.04527	0.01435	0.34023	0.01794	0.03727	0.04276	0.00664	0.00570	0.00177	0.00614	0.00588	0.00479	0.00836
6	0.06414	0.01507	0.20673	0.01491	0.11305	0.01044	0.04617	0.02145	0.01401	0.35754	0.04347	0.01784	0.03656	0.00650	0.00556	0.00176	0.00598	0.00546	0.00480	0.00858
7	0.00983	0.04828	0.14680	0.07382	0.06041	0.00865	0.01020	0.01284	0.02681	0.04408	0.07312	0.27013	0.10605	0.01156	0.00634	0.00200	0.00501	0.07358	0.00435	0.00615
8	0.01571	0.01215	0.09822	0.08294	0.07499	0.04488	0.02510	0.01925	0.05706	0.26483	0.08312	0.14106	0.01884	0.00859	0.00626	0.00186	0.02524	0.00734	0.00493	0.00763
9	0.01674	0.01473	0.07848	0.03787	0.29562	0.06057	0.08225	0.09641	0.04923	0.16328	0.01426	0.04108	0.01095	0.00617	0.00571	0.00174	0.00668	0.00557	0.00407	0.00859
10	0.01321	0.01261	0.02112	0.06629	0.62905	0.01307	0.01607	0.01627	0.01230	0.01758	0.01159	0.06283	0.01050	0.00620	0.00665	0.00178	0.06598	0.00569	0.00290	0.00831
11	0.04670	0.00702	0.00907	0.00801	0.01024	0.00647	0.00622	0.01536	0.01492	0.23607	0.40419	0.07960	0.07252	0.01196	0.04417	0.00215	0.00399	0.00883	0.00604	0.00648
12	0.01492	0.04967	0.09126	0.15757	0.11391	0.01237	0.13480	0.08543	0.02868	0.14398	0.01529	0.03829	0.03484	0.03567	0.00658	0.00191	0.00671	0.00588	0.01450	0.00774
13	0.01398	0.01497	0.01930	0.01923	0.17188	0.18693	0.18908	0.01783	0.06717	0.01707	0.01777	0.04137	0.05946	0.00795	0.00620	0.00188	0.00743	0.12980	0.00365	0.00706
14	0.00837	0.00572	0.00854	0.00860	0.00935	0.00644	0.00647	0.00934	0.00875	0.01240	0.01468	0.05906	0.01425	0.03596	0.57339	0.19278	0.01223	0.00626	0.00300	0.00443
15	0.01461	0.01343	0.01774	0.05809	0.26144	0.08851	0.01300	0.06637	0.03645	0.06061	0.01118	0.01445	0.00935	0.01030	0.08271	0.00259	0.22338	0.00503	0.00324	0.00751
16	0.01551	0.05634	0.22863	0.01598	0.13176	0.01240	0.04036	0.05673	0.12742	0.17883	0.01795	0.01803	0.06161	0.00661	0.00557	0.00175	0.00619	0.00554	0.00429	0.00850
17	0.00833	0.00551	0.00721	0.00759	0.00859	0.00505	0.00538	0.00996	0.01292	0.06297	0.27445	0.45746	0.08377	0.01476	0.00688	0.00206	0.00313	0.01321	0.00565	0.00513
18	0.01520	0.01036	0.01212	0.01117	0.04754	0.03176	0.00846	0.21075	0.06585	0.14026	0.16715	0.09108	0.06949	0.00991	0.00623	0.00187	0.00476	0.08296	0.00564	0.00743
19	0.16683	0.06921	0.05507	0.06226	0.11573	0.03399	0.08387	0.10068	0.04494	0.09328	0.01370	0.01517	0.04355	0.00640	0.00627	0.00178	0.07084	0.00503	0.00379	0.00761
20	0.01464	0.04021	0.10690	0.01816	0.20306	0.01149	0.10108	0.01888	0.07341	0.16528	0.06224	0.04822	0.04503	0.03336	0.00697	0.00192	0.03066	0.00638	0.00419	0.00794
21	0.01156	0.00642	0.00821	0.00775	0.00951	0.00592	0.00580	0.01395	0.03399	0.17358	0.28013	0.24193	0.07369	0.01180	0.00629	0.00187	0.00332	0.01034	0.08791	0.00605
22	0.00983	0.00795	0.01004	0.03515	0.03594	0.05236	0.03311	0.03045	0.01209	0.03679	0.05097	0.38780	0.06196	0.04616	0.00862	0.02988	0.03015	0.11076	0.00467	0.00531
23	0.05515	0.09541	0.11332	0.05983	0.03148	0.03836	0.08185	0.10350	0.03928	0.21054	0.02566	0.02346	0.01071	0.00655	0.00660	0.00178	0.07909	0.00513	0.00426	0.00806
24	0.01121	0.00887	0.01397	0.22922	0.06809	0.00968	0.06214	0.03421	0.01222	0.06480	0.01920	0.21717	0.01926	0.01029	0.00707	0.00206	0.05330	0.10635	0.04469	0.00620
25	0.01170	0.01071	0.01785	0.39990	0.31500	0.01192	0.01496	0.01508	0.01191	0.01638	0.01208	0.04802	0.01030	0.00618	0.00562	0.00180	0.00666	0.02366	0.05314	0.00712
26	0.07074	0.01346	0.06357	0.16745	0.15661	0.04256	0.09648	0.07366	0.04027	0.19929	0.01371	0.01516	0.00978	0.00585	0.00557	0.00177	0.00668	0.00517	0.00408	0.00814
27	0.04302	0.02595	0.11933	0.06686	0.08752	0.03359	0.11055	0.05556	0.15774	0.18936	0.01581	0.01633	0.01132	0.00617	0.00557	0.00177	0.00632	0.00540	0.03347	0.00835

[dist]
# distance from previous block
# <min> <max>
5	53

[block]
# block no. 2 follows, 42 sequences, length 29
# corresponding to MSA columns:
# 133-161
name=unknown_C
#
# <colnr> <probs for GDERKNQSTAVLIFYWHMCP>
#	G	D	E	R	K	N	Q	S	T	A	V	L	I	F	Y	W	H	M	C	P
0	0.03178	0.03647	0.01219	0.01012	0.01319	0.01093	0.00801	0.04904	0.33303	0.21135	0.08963	0.08371	0.03148	0.01011	0.04095	0.00217	0.00485	0.00714	0.00575	0.00808
1	0.00759	0.00544	0.00757	0.00917	0.04279	0.00523	0.00600	0.00856	0.01061	0.01423	0.02751	0.61285	0.03232	0.03897	0.04260	0.05971	0.00422	0.05520	0.00478	0.00465
2	0.08926	0.04662	0.06865	0.03137	0.12118	0.03185	0.09188	0.04387	0.07340	0.10410	0.03757	0.01475	0.01094	0.00555	0.00511	0.00152	0.00583	0.00479	0.00386	0.20790
3	0.00712	0.00508	0.00671	0.00763	0.00814	0.00474	0.00518	0.00839	0.01168	0.01583	0.17208	0.62616	0.03971	0.04359	0.00782	0.00230	0.00322	0.01460	0.00535	0.00467
4	0.01326	0.01099	0.01112	0.01000	0.01253	0.06322	0.00769	0.16632	0.24303	0.02275	0.10445	0.15096	0.09267	0.00994	0.00598	0.00184	0.00455	0.00835	0.05313	0.00718
5	0.21051	0.07423	0.13724	0.03516	0.01698	0.01458	0.01096	0.26841	0.04553	0.11631	0.01252	0.01291	0.00895	0.00605	0.00494	0.00170	0.00590	0.00442	0.00443	0.00826
6	0.01240	0.01278	0.06220	0.02325	0.36846	0.01305	0.03845	0.01593	0.05194	0.01706	0.02847	0.06551	0.01250	0.00936	0.04831	0.00232	0.18229	0.02500	0.00315	0.00757
7	0.00838	0.00556	0.00746	0.00814	0.00905	0.00521	0.00596	0.01004	0.01256	0.05536	0.19967	0.47686	0.03899	0.01537	0.00706	0.00218	0.00348	0.11805	0.00553	0.00509
8	0.00708	0.00514	0.00669	0.00753	0.00818	0.00474	0.00518	0.00845	0.01203	0.01619	0.19091	0.58447	0.09043	0.01608	0.00703	0.00215	0.00311	0.01446	0.00543	0.00474
9	0.03239	0.00864	0.02992	0.14529	0.01603	0.00858	0.00857	0.04360	0.08824	0.10845	0.09462	0.22036	0.03823	0.01033	0.00606	0.00191	0.00460	0.04635	0.05266	0.03516
10	0.00860	0.00632	0.00748	0.00779	0.00906	0.02254	0.00571	0.01078	0.04161	0.05000	0.19417	0.34912	0.18783	0.01435	0.00683	0.00206	0.00344	0.06159	0.00548	0.00524
11	0.02064	0.02568	0.01605	0.01444	0.01728	0.71161	0.01093	0.05389	0.01608	0.01471	0.00885	0.01039	0.00736	0.00603	0.00571	0.00151	0.04547	0.00375	0.00300	0.00664
12	0.01186	0.01029	0.01239	0.00900	0.01391	0.00811	0.02938	0.01528	0.05849	0.01865	0.01085	0.01236	0.00890	0.00440	0.00434	0.00093	0.00435	0.00363	0.00347	0.75940
13	0.01406	0.48163	0.29541	0.01212	0.01817	0.01869	0.01369	0.05935	0.01246	0.01616	0.00897	0.01031	0.00732	0.00512	0.00435	0.00144	0.00685	0.00354	0.00258	0.00775
14	0.00925	0.06206	0.03897	0.00778	0.00972	0.00753	0.00601	0.01076	0.01020	0.01422	0.07471	0.02798	0.06104	0.31693	0.17111	0.00445	0.00696	0.00676	0.00353	0.15004
15	0.01203	0.00951	0.01166	0.01051	0.01191	0.05418	0.00823	0.06451	0.03036	0.05602	0.01451	0.05860	0.03227	0.02097	0.25152	0.12874	0.17299	0.00597	0.00346	0.04205
16	0.01244	0.01198	0.06340	0.01051	0.01338	0.05027	0.00886	0.12594	0.20871	0.02090	0.08238	0.02939	0.18252	0.01190	0.05967	0.00239	0.04902	0.04444	0.00487	0.00705
17	0.00732	0.00533	0.00688	0.00761	0.00840	0.00495	0.00542	0.00884	0.01228	0.01643	0.19951	0.45980	0.11853	0.03881	0.00769	0.00225	0.00331	0.07648	0.00539	0.00478
18	0.00978	0.00489	0.00733	0.00733	0.00733	0.00489	0.00489	0.00733	0.00733	0.00978	0.00978	0.01711	0.00978	0.01955	0.02199	0.83627	0.00489	0.00489	0.00244	0.00244
19	0.09508	0.02211	0.01496	0.01313	0.01642	0.54031	0.01008	0.08732	0.01634	0.11758	0.01085	0.01156	0.00824	0.00599	0.00506	0.00154	0.00856	0.00397	0.00374	0.00716
20	0.00910	0.00759	0.01068	0.00982	0.01060	0.00902	0.02672	0.01059	0.00957	0.01359	0.06010	0.02618	0.07364	0.18115	0.32751	0.00563	0.19326	0.00691	0.00331	0.00503
21	0.01063	0.01000	0.01688	0.78870	0.03876	0.01250	0.01563	0.01438	0.01125	0.01438	0.01000	0.01500	0.00750	0.00563	0.00563	0.00188	0.00750	0.00500	0.00250	0.00625
22	0.01103	0.01041	0.01760	0.69753	0.12681	0.01261	0.01583	0.01473	0.01144	0.01486	0.01007	0.01487	0.00767	0.00555	0.00562	0.00185	0.00740	0.00500	0.00254	0.00657
23	0.01375	0.13379	0.43250	0.01508	0.03943	0.01379	0.08345	0.04166	0.01283	0.08999	0.01117	0.01256	0.00813	0.00533	0.00518	0.00164	0.00737	0.00436	0.00304	0.06494
24	0.06070	0.00858	0.01046	0.00967	0.01195	0.00807	0.03063	0.01544	0.07376	0.12696	0.15337	0.08827	0.20503	0.01299	0.00812	0.05933	0.00457	0.09953	0.00579	0.00678
25	0.00773	0.00557	0.00673	0.00709	0.00835	0.00503	0.00510	0.00916	0.01216	0.04727	0.10515	0.34736	0.32726	0.01697	0.05973	0.00252	0.00392	0.01271	0.00523	0.00495
26	0.00927	0.07582	0.05911	0.04170	0.03118	0.01944	0.03338	0.01218	0.06268	0.01609	0.09065	0.40526	0.07872	0.01274	0.00668	0.00201	0.02152	0.01125	0.00458	0.00575
27	0.01800	0.05617	0.03556	0.03168	0.01588	0.01236	0.04423	0.09588	0.01430	0.31030	0.03345	0.04109	0.01244	0.00847	0.02661	0.00203	0.18818	0.00562	0.00478	0.04297
28	0.03445	0.02974	0.06704	0.12012	0.01741	0.00948	0.10221	0.03790	0.07380	0.01713	0.03615	0.28400	0.10365	0.01104	0.00635	0.00201	0.00530	0.03178	0.00429	0.00614

[dist]
# distance from previous block
# <min> <max>
2	55

[block]
# block no. 3 follows, 42 sequences, length 13
# corresponding to MSA columns:
# 217-229
name=unknown_D
#
# <colnr> <probs for GDERKNQSTAVLIFYWHMCP>
#	G	D	E	R	K	N	Q	S	T	A	V	L	I	F	Y	W	H	M	C	P
0	0.00918	0.06182	0.03189	0.00851	0.01011	0.00778	0.00663	0.03304	0.08942	0.01629	0.07632	0.30287	0.11628	0.07533	0.04242	0.03367	0.00460	0.06368	0.00473	0.00543
1	0.12597	0.00722	0.00850	0.00784	0.00989	0.00705	0.00592	0.01448	0.03366	0.16117	0.06969	0.17364	0.05733	0.01233	0.03467	0.11950	0.00428	0.00772	0.09726	0.04188
2	0.01353	0.06676	0.26592	0.05308	0.17641	0.02675	0.11988	0.04528	0.04265	0.05511	0.04657	0.01490	0.01070	0.00583	0.00600	0.00176	0.03246	0.00515	0.00320	0.00807
3	0.03843	0.02550	0.08369	0.06125	0.01892	0.01174	0.14680	0.05489	0.18549	0.14619	0.04232	0.06555	0.02598	0.00712	0.00578	0.00179	0.00590	0.00641	0.00460	0.06167
4	0.01129	0.02911	0.77306	0.01604	0.02436	0.01307	0.02079	0.01782	0.01188	0.01782	0.01010	0.01188	0.00713	0.00535	0.00535	0.00178	0.00832	0.00416	0.00238	0.00832
5	0.00994	0.03320	0.00980	0.05062	0.01165	0.00724	0.02988	0.07412	0.01269	0.05163	0.04052	0.52464	0.02878	0.01372	0.00649	0.00205	0.00404	0.01229	0.07114	0.00557
6	0.05721	0.11029	0.13405	0.01770	0.23496	0.01241	0.01260	0.03374	0.03487	0.18948	0.03958	0.04951	0.03619	0.00664	0.00536	0.00169	0.00584	0.00557	0.00409	0.00821
7	0.00700	0.00508	0.00663	0.00774	0.00830	0.00471	0.00533	0.00817	0.01129	0.01494	0.06680	0.66360	0.10053	0.01696	0.00714	0.00224	0.00330	0.05032	0.00527	0.00465
8	0.01546	0.01256	0.01304	0.01142	0.01472	0.04251	0.00895	0.09921	0.57497	0.07356	0.05476	0.02068	0.01746	0.00761	0.00573	0.00185	0.00478	0.00626	0.00571	0.00876
9	0.01441	0.01122	0.03909	0.04193	0.01664	0.07518	0.15747	0.01700	0.01359	0.19704	0.07167	0.13912	0.05375	0.04676	0.00742	0.00210	0.00603	0.07804	0.00474	0.00679
10	0.01477	0.20277	0.15852	0.01625	0.15267	0.03735	0.03599	0.01897	0.07348	0.11075	0.01465	0.01662	0.04287	0.00649	0.00599	0.00169	0.05312	0.02557	0.00354	0.00792
11	0.08588	0.00842	0.01040	0.00841	0.01181	0.00773	0.00683	0.02238	0.01433	0.49259	0.01994	0.01889	0.01345	0.00671	0.00498	0.00162	0.00412	0.00533	0.24816	0.00803
12	0.00692	0.00505	0.00639	0.00743	0.00795	0.00465	0.00497	0.00789	0.01089	0.01425	0.03374	0.64544	0.13671	0.06887	0.00852	0.00244	0.00335	0.01491	0.00510	0.00452

[dist]
# distance from previous block
# <min> <max>
0	1

[block]
# block no. 4 follows, 42 sequences, length 21
# corresponding to MSA columns:
# 231-251
name=unknown_E
#
# <colnr> <probs for GDERKNQSTAVLIFYWHMCP>
#	G	D	E	R	K	N	Q	S	T	A	V	L	I	F	Y	W	H	M	C	P
0	0.01326	0.01325	0.05903	0.08462	0.21869	0.01242	0.26327	0.04395	0.03522	0.04907	0.01484	0.02278	0.01286	0.00692	0.00630	0.00193	0.00738	0.12304	0.00351	0.00766
1	0.09841	0.01264	0.01785	0.39623	0.27041	0.07925	0.01477	0.01624	0.01199	0.01675	0.00986	0.01363	0.00779	0.00540	0.00534	0.00176	0.00714	0.00468	0.00273	0.00712
2	0.01973	0.02484	0.01830	0.01574	0.01894	0.65481	0.10975	0.02162	0.01538	0.01434	0.00902	0.01089	0.00743	0.00577	0.00567	0.00154	0.03264	0.00407	0.00288	0.00666
3	0.01135	0.00975	0.01203	0.00877	0.01341	0.00752	0.03346	0.01394	0.01217	0.01876	0.08789	0.01493	0.01296	0.00495	0.00451	0.00097	0.00421	0.00416	0.00361	0.72065
4	0.01393	0.01337	0.02284	0.03454	0.76712	0.01337	0.01727	0.01727	0.01281	0.01839	0.01059	0.01393	0.00891	0.00501	0.00557	0.00167	0.00669	0.00501	0.00279	0.00891
5	0.02126	0.01397	0.01541	0.01191	0.01616	0.01504	0.00981	0.57488	0.02368	0.15775	0.01532	0.01499	0.01065	0.00678	0.00551	0.00167	0.00570	0.00518	0.06508	0.00926
6	0.00848	0.00668	0.00989	0.00964	0.01054	0.00809	0.00758	0.01041	0.00900	0.01311	0.01428	0.02110	0.01338	0.03887	0.70133	0.00836	0.09526	0.00592	0.00296	0.00514
7	0.24270	0.01324	0.09041	0.01022	0.01454	0.01197	0.00909	0.21140	0.01557	0.12341	0.01354	0.06502	0.01072	0.00658	0.00488	0.00163	0.00517	0.00499	0.02308	0.12183
8	0.10831	0.01092	0.01322	0.01033	0.01456	0.01061	0.00850	0.15224	0.05407	0.52851	0.01924	0.01723	0.01252	0.00678	0.00543	0.00174	0.00497	0.00532	0.00631	0.00918
9	0.00978	0.00489	0.00733	0.00733	0.00733	0.00489	0.00489	0.00733	0.00733	0.00978	0.00978	0.01711	0.00978	0.01955	0.02199	0.83627	0.00489	0.00489	0.00244	0.00244
10	0.01077	0.00772	0.00938	0.00856	0.00927	0.00861	0.00601	0.08624	0.01067	0.04512	0.01667	0.07993	0.01789	0.47832	0.05938	0.00443	0.12475	0.00768	0.00374	0.00487
11	0.01261	0.01318	0.02208	0.01749	0.01921	0.01633	0.23489	0.01490	0.01003	0.01490	0.00860	0.01318	0.00774	0.00830	0.01488	0.00229	0.55478	0.00545	0.00258	0.00659
12	0.01070	0.01011	0.01690	0.75420	0.03769	0.01271	0.01548	0.01434	0.01114	0.01434	0.00989	0.01488	0.00750	0.00581	0.00620	0.00190	0.04247	0.00500	0.00250	0.00625
13	0.01381	0.01404	0.10372	0.11822	0.33524	0.01226	0.14705	0.01752	0.01281	0.09518	0.01319	0.06780	0.01092	0.00613	0.00586	0.00180	0.00704	0.00602	0.00331	0.00806
14	0.00983	0.00523	0.00797	0.05930	0.00942	0.00539	0.00560	0.00780	0.00759	0.01008	0.00979	0.01697	0.00962	0.01862	0.02091	0.78077	0.00506	0.00490	0.00245	0.00270
15	0.01022	0.00743	0.00832	0.00770	0.00981	0.00716	0.00593	0.10653	0.05180	0.05343	0.16934	0.11202	0.35078	0.01222	0.00641	0.00188	0.00352	0.03371	0.03586	0.00591
16	0.00728	0.00551	0.00663	0.00686	0.00804	0.00497	0.00494	0.00895	0.01308	0.01724	0.28152	0.24495	0.28086	0.05545	0.00796	0.00216	0.00309	0.03023	0.00545	0.00483
17	0.01354	0.22689	0.15050	0.06831	0.10142	0.03157	0.11670	0.01720	0.03067	0.06618	0.01306	0.07495	0.01143	0.00750	0.02667	0.00189	0.00706	0.02382	0.00321	0.00745
18	0.01129	0.01098	0.01820	0.28253	0.09732	0.03262	0.14937	0.01475	0.03106	0.01630	0.08999	0.07045	0.01532	0.03038	0.03308	0.00225	0.07763	0.00669	0.00329	0.00650
19	0.32402	0.00910	0.00960	0.04282	0.01216	0.02212	0.02342	0.01572	0.05012	0.11554	0.03699	0.13848	0.05929	0.08018	0.03555	0.00244	0.00496	0.00697	0.00439	0.00613
20	0.11740	0.02992	0.01023	0.02943	0.03607	0.00842	0.01720	0.04773	0.03944	0.06616	0.07274	0.23189	0.02349	0.07969	0.00789	0.00223	0.00445	0.08791	0.03500	0.05270

[dist]
# distance from previous block
# <min> <max>
1	84

[block]
# block no. 5 follows, 42 sequences, length 32
# corresponding to MSA columns:
# 336-367
name=unknown_F
#
# <colnr> <probs for GDERKNQSTAVLIFYWHMCP>
#	G	D	E	R	K	N	Q	S	T	A	V	L	I	F	Y	W	H	M	C	P
0	0.01400	0.30383	0.01737	0.00962	0.01275	0.07745	0.00816	0.03518	0.04177	0.09465	0.08964	0.17541	0.02011	0.00900	0.00531	0.00165	0.00520	0.04149	0.00423	0.03319
1	0.00777	0.00531	0.00689	0.00754	0.00825	0.00502	0.00520	0.00909	0.01151	0.03527	0.13755	0.49979	0.07439	0.07553	0.05623	0.00280	0.00407	0.01314	0.02987	0.00478
2	0.01473	0.07137	0.18009	0.08944	0.16356	0.03244	0.12479	0.10367	0.02986	0.06921	0.01155	0.01369	0.00871	0.00567	0.00604	0.00173	0.03846	0.00494	0.00333	0.02673
3	0.07127	0.03474	0.05767	0.09413	0.28684	0.04603	0.06919	0.09618	0.03117	0.13970	0.01266	0.01436	0.00941	0.00566	0.00546	0.00171	0.00663	0.00499	0.00381	0.00837
4	0.01154	0.08060	0.72375	0.01561	0.02370	0.01368	0.02005	0.01776	0.01185	0.01752	0.00995	0.01169	0.00714	0.00531	0.00523	0.00174	0.00816	0.00408	0.00238	0.00824
5	0.00682	0.00524	0.00625	0.00698	0.00796	0.00467	0.00486	0.00804	0.01178	0.01503	0.07161	0.47895	0.31948	0.01607	0.00695	0.00211	0.00308	0.01416	0.00527	0.00467
6	0.15292	0.03072	0.06259	0.10264	0.04682	0.04938	0.04390	0.02035	0.03690	0.28392	0.01648	0.01863	0.02978	0.02739	0.00620	0.00189	0.02108	0.03615	0.00458	0.00766
7	0.00695	0.00497	0.00664	0.00794	0.00831	0.00465	0.00539	0.00800	0.01087	0.01447	0.03096	0.76701	0.03701	0.01754	0.00721	0.00230	0.00335	0.04660	0.00522	0.00460
8	0.01108	0.00674	0.00696	0.00675	0.00842	0.00715	0.00510	0.01656	0.17662	0.02122	0.02000	0.05997	0.01618	0.00735	0.00449	0.00149	0.00306	0.00603	0.60880	0.00602
9	0.01787	0.29616	0.06950	0.05980	0.03707	0.06426	0.01083	0.10617	0.05772	0.19256	0.01310	0.01342	0.00969	0.00596	0.00514	0.00156	0.02260	0.00439	0.00408	0.00813
10	0.01450	0.01542	0.11264	0.05326	0.19869	0.08701	0.10695	0.01987	0.13082	0.08900	0.01509	0.08112	0.01254	0.00693	0.00619	0.00182	0.03024	0.00618	0.00380	0.00793
11	0.00747	0.00517	0.00639	0.00707	0.00729	0.00498	0.00444	0.00807	0.00979	0.01309	0.04612	0.44496	0.03037	0.35947	0.01652	0.00365	0.00420	0.01243	0.00446	0.00409
12	0.00686	0.00490	0.00653	0.00784	0.00816	0.00457	0.00522	0.00784	0.01077	0.01437	0.03102	0.79855	0.03722	0.01763	0.00718	0.00229	0.00326	0.01600	0.00522	0.00457
13	0.01481	0.13212	0.15921	0.06666	0.08318	0.14716	0.11751	0.03725	0.01334	0.07117	0.01292	0.09561	0.01127	0.00670	0.00549	0.00170	0.00743	0.00576	0.00330	0.00739
14	0.01111	0.03120	0.01170	0.05253	0.10012	0.00753	0.03632	0.01293	0.01212	0.12250	0.05648	0.43386	0.02726	0.03156	0.00707	0.00213	0.00449	0.02812	0.00487	0.00609
15	0.01505	0.80561	0.02949	0.00963	0.01444	0.02227	0.00963	0.01685	0.01143	0.01324	0.00782	0.00903	0.00722	0.00481	0.00361	0.00120	0.00602	0.00301	0.00241	0.00722
16	0.06720	0.02615	0.62582	0.01571	0.02328	0.01341	0.06208	0.06869	0.01283	0.01956	0.01026	0.01201	0.00731	0.00540	0.00532	0.00178	0.00798	0.00430	0.00270	0.00821
17	0.01063	0.01000	0.01688	0.78870	0.03876	0.01250	0.01563	0.01438	0.01125	0.01438	0.01000	0.01500	0.00750	0.00563	0.00563	0.00188	0.00750	0.00500	0.00250	0.00625
18	0.02102	0.02682	0.01595	0.01450	0.01740	0.77963	0.01087	0.02247	0.01595	0.01377	0.00870	0.01015	0.00725	0.00580	0.00507	0.00145	0.01015	0.00362	0.00290	0.00652
19	0.00818	0.00546	0.00614	0.00614	0.00614	0.00546	0.00341	0.00818	0.00818	0.01091	0.01773	0.03683	0.02046	0.80222	0.02864	0.00546	0.00546	0.00818	0.00341	0.00341
20	0.01231	0.01231	0.01724	0.01477	0.01477	0.01724	0.01231	0.01354	0.00862	0.01354	0.00739	0.01231	0.00739	0.00985	0.01847	0.00246	0.79192	0.00492	0.00246	0.00616
21	0.05218	0.00553	0.00540	0.00535	0.00677	0.00562	0.00404	0.01328	0.01169	0.02119	0.01783	0.02039	0.01401	0.00649	0.00391	0.00133	0.00271	0.00514	0.79185	0.00529
22	0.00980	0.00517	0.00763	0.00754	0.00754	0.00535	0.00509	0.00759	0.00741	0.00996	0.01003	0.01778	0.01015	0.05275	0.02215	0.77124	0.03268	0.00503	0.00249	0.00262
23	0.02087	0.02367	0.01629	0.01427	0.01749	0.61694	0.04206	0.04192	0.04494	0.09376	0.01090	0.01181	0.00845	0.00597	0.00524	0.00152	0.00924	0.00411	0.00350	0.00706
24	0.00833	0.00641	0.00939	0.00923	0.01010	0.00761	0.00714	0.01016	0.00896	0.01295	0.01474	0.02244	0.01405	0.09055	0.67952	0.00837	0.06595	0.00610	0.00300	0.00499
25	0.01063	0.01000	0.01688	0.78870	0.03876	0.01250	0.01563	0.01438	0.01125	0.01438	0.01000	0.01500	0.00750	0.00563	0.00563	0.00188	0.00750	0.00500	0.00250	0.00625
26	0.04201	0.00986	0.01604	0.68944	0.03535	0.01222	0.01476	0.01426	0.01124	0.01493	0.01117	0.01793	0.00910	0.00637	0.00599	0.00193	0.02556	0.05296	0.00271	0.00617
27	0.00924	0.03047	0.00941	0.00845	0.00892	0.00796	0.00614	0.00968	0.00912	0.01262	0.06423	0.04410	0.03415	0.30207	0.13574	0.14233	0.13192	0.02587	0.00332	0.00427
28	0.00753	0.00551	0.00707	0.00715	0.00826	0.00505	0.00518	0.00959	0.01419	0.01956	0.49021	0.25342	0.11939	0.01348	0.00679	0.00193	0.00284	0.01196	0.00583	0.00505
29	0.01409	0.00799	0.00954	0.00824	0.01074	0.00777	0.00646	0.09672	0.06126	0.19469	0.24650	0.05624	0.08842	0.00925	0.00578	0.00171	0.00367	0.00780	0.15623	0.00689
30	0.09515	0.01519	0.14548	0.11070	0.21930	0.01320	0.02675	0.14912	0.03250	0.08548	0.01218	0.01416	0.00913	0.00730	0.03860	0.00206	0.00694	0.00485	0.00370	0.00821
31	0.00907	0.00733	0.01134	0.10174	0.04848	0.00736	0.07823	0.01168	0.02826	0.01693	0.10517	0.31875	0.05944	0.01208	0.00649	0.00202	0.00456	0.07681	0.08870	0.00556

[dist]
# distance from previous block
# <min> <max>
2	85

[block]
# block no. 6 follows, 42 sequences, length 21
# corresponding to MSA columns:
# 453-473
name=unknown_G
#
# <colnr> <probs for GDERKNQSTAVLIFYWHMCP>
#	G	D	E	R	K	N	Q	S	T	A	V	L	I	F	Y	W	H	M	C	P
0	0.04970	0.02890	0.01181	0.00946	0.01289	0.01043	0.00753	0.17218	0.12368	0.10572	0.05131	0.10112	0.12491	0.00870	0.00559	0.00166	0.00442	0.00716	0.00513	0.15770
1	0.01126	0.02805	0.03191	0.05959	0.05255	0.02987	0.03429	0.01358	0.01250	0.06929	0.10099	0.15812	0.09830	0.00934	0.00638	0.00168	0.04213	0.02507	0.00427	0.21087
2	0.01379	0.18215	0.25805	0.05123	0.04531	0.01431	0.14966	0.01867	0.05928	0.09000	0.03053	0.03959	0.01085	0.00597	0.00539	0.00170	0.00708	0.00526	0.00333	0.00784
3	0.01574	0.41999	0.11598	0.03705	0.01843	0.04541	0.08414	0.12379	0.03220	0.04410	0.01024	0.01150	0.00816	0.00536	0.00465	0.00148	0.00678	0.00406	0.00317	0.00780
4	0.01269	0.13016	0.36562	0.01401	0.01976	0.03033	0.08697	0.01837	0.08720	0.05588	0.05369	0.07410	0.01337	0.00679	0.00549	0.00175	0.00690	0.00575	0.00343	0.00773
5	0.00989	0.00583	0.00779	0.04523	0.00974	0.00565	0.00558	0.01046	0.01033	0.10110	0.02292	0.37812	0.02536	0.21481	0.01424	0.10851	0.00441	0.01088	0.00448	0.00467
6	0.01918	0.12573	0.18904	0.04549	0.01859	0.07675	0.04367	0.02241	0.01416	0.36686	0.01534	0.01500	0.01039	0.00605	0.00530	0.00166	0.00653	0.00480	0.00458	0.00848
7	0.00811	0.00547	0.00636	0.00642	0.00651	0.00552	0.00375	0.00830	0.00837	0.01123	0.01818	0.07206	0.02081	0.71151	0.08037	0.00556	0.00603	0.00840	0.00347	0.00358
8	0.01677	0.01150	0.01260	0.01070	0.01409	0.01260	0.00850	0.16254	0.40356	0.14701	0.02044	0.01929	0.01487	0.00722	0.00547	0.00176	0.00460	0.00586	0.11194	0.00867
9	0.01343	0.05123	0.10804	0.06722	0.01770	0.03886	0.06034	0.02194	0.32039	0.07525	0.01967	0.10952	0.01673	0.00834	0.00588	0.00191	0.00568	0.04548	0.00464	0.00775
10	0.07706	0.08416	0.10609	0.08339	0.03977	0.04032	0.07972	0.14331	0.07419	0.10990	0.02888	0.03883	0.02888	0.00673	0.00588	0.00176	0.03368	0.00547	0.00414	0.00784
11	0.01225	0.01141	0.01910	0.08761	0.55799	0.01153	0.01472	0.01515	0.01228	0.01727	0.01465	0.17187	0.01450	0.00760	0.00590	0.00181	0.00606	0.00722	0.00325	0.00783
12	0.00676	0.00564	0.00590	0.00598	0.00771	0.00478	0.00443	0.00824	0.01287	0.01565	0.10472	0.11603	0.65329	0.01434	0.00669	0.00192	0.00287	0.01210	0.00529	0.00478
13	0.01430	0.03587	0.27218	0.04282	0.07540	0.04870	0.10410	0.05246	0.06910	0.11471	0.03828	0.05284	0.01296	0.00685	0.00578	0.00182	0.00699	0.03305	0.00383	0.00797
14	0.01363	0.04332	0.11689	0.11398	0.04774	0.01373	0.36087	0.07449	0.05484	0.04642	0.04838	0.01613	0.01110	0.00566	0.00606	0.00182	0.00787	0.00596	0.00341	0.00773
15	0.02105	0.02593	0.01602	0.01437	0.01740	0.71828	0.01086	0.08090	0.01679	0.01552	0.00909	0.01042	0.00744	0.00588	0.00512	0.00147	0.00983	0.00374	0.00312	0.00677
16	0.00846	0.00582	0.00658	0.00631	0.00672	0.00562	0.00367	0.00867	0.00846	0.01151	0.01711	0.03480	0.01948	0.73799	0.02667	0.00508	0.00535	0.00779	0.00340	0.07047
17	0.02139	0.01576	0.01689	0.01295	0.01745	0.01745	0.01070	0.74835	0.02646	0.03547	0.01351	0.01351	0.00957	0.00676	0.00563	0.00169	0.00619	0.00507	0.00563	0.00957
18	0.02102	0.02682	0.01595	0.01450	0.01740	0.77963	0.01087	0.02247	0.01595	0.01377	0.00870	0.01015	0.00725	0.00580	0.00507	0.00145	0.01015	0.00362	0.00290	0.00652
19	0.05834	0.00624	0.00857	0.00852	0.00952	0.00714	0.00644	0.01017	0.00895	0.01348	0.01503	0.02350	0.01453	0.15206	0.62232	0.00807	0.01301	0.00617	0.00310	0.00485
20	0.02159	0.01544	0.01669	0.01280	0.01729	0.01697	0.01057	0.71072	0.02592	0.07387	0.01396	0.01381	0.00980	0.00677	0.00563	0.00169	0.00612	0.00510	0.00570	0.00957

[dist]
# distance from previous block
# <min> <max>
0	9

[block]
# block no. 7 follows, 42 sequences, length 13
# corresponding to MSA columns:
# 483-495
name=unknown_H
#
# <colnr> <probs for GDERKNQSTAVLIFYWHMCP>
#	G	D	E	R	K	N	Q	S	T	A	V	L	I	F	Y	W	H	M	C	P
0	0.02525	0.00958	0.01306	0.01001	0.01437	0.00827	0.00827	0.02743	0.01611	0.77102	0.02220	0.01915	0.01393	0.00697	0.00566	0.00174	0.00479	0.00566	0.00697	0.00958
1	0.00830	0.00580	0.00735	0.00750	0.00764	0.00615	0.00489	0.00853	0.00884	0.01200	0.01940	0.22448	0.02232	0.42483	0.06790	0.08333	0.06368	0.00947	0.00368	0.00391
2	0.01240	0.01257	0.01869	0.01559	0.01611	0.01696	0.07908	0.01395	0.00904	0.01395	0.00775	0.01257	0.00749	0.00939	0.01739	0.00241	0.72078	0.00508	0.00250	0.00629
3	0.01161	0.01123	0.06935	0.01371	0.01598	0.01147	0.14505	0.01411	0.01051	0.07058	0.01354	0.06593	0.01236	0.04395	0.24494	0.00434	0.22544	0.00637	0.00323	0.00629
4	0.01008	0.00927	0.01539	0.67612	0.03435	0.01136	0.01413	0.01344	0.01118	0.01438	0.01303	0.12797	0.01179	0.00736	0.00585	0.00193	0.00689	0.00659	0.00289	0.00601
5	0.01906	0.01312	0.01456	0.01162	0.01552	0.01422	0.00947	0.45571	0.12204	0.13046	0.01877	0.01842	0.05844	0.00985	0.06000	0.00225	0.00618	0.00581	0.00561	0.00886
6	0.01237	0.01036	0.01604	0.01867	0.26481	0.01029	0.08006	0.05940	0.03040	0.07074	0.02476	0.15316	0.16991	0.00951	0.00676	0.00189	0.04099	0.00848	0.00422	0.00717
7	0.01298	0.02496	0.01045	0.00931	0.01148	0.02237	0.00713	0.07082	0.12996	0.15169	0.11193	0.25303	0.04566	0.01486	0.09369	0.00274	0.00537	0.00944	0.00540	0.00674
8	0.00707	0.00497	0.00650	0.00760	0.00797	0.00465	0.00505	0.00784	0.01055	0.01397	0.03050	0.67470	0.07257	0.06551	0.00920	0.04374	0.00346	0.01476	0.00498	0.00440
9	0.01216	0.06080	0.07209	0.01083	0.05304	0.00984	0.00880	0.04946	0.01199	0.01789	0.01075	0.04294	0.00944	0.00622	0.00628	0.05222	0.04383	0.00422	0.00326	0.51393
10	0.01443	0.12068	0.12903	0.06270	0.05755	0.01293	0.02235	0.13752	0.06531	0.09174	0.01596	0.11221	0.02585	0.00836	0.00671	0.04307	0.03059	0.00628	0.02928	0.00745
11	0.01143	0.00975	0.01329	0.05977	0.05249	0.00923	0.06288	0.06998	0.06514	0.01871	0.03369	0.08291	0.06880	0.01094	0.07731	0.00224	0.00594	0.04997	0.00399	0.29155
12	0.05227	0.00646	0.00804	0.00829	0.00961	0.00628	0.00610	0.02837	0.01177	0.05666	0.05054	0.46853	0.06161	0.01506	0.03126	0.00230	0.02454	0.06525	0.03017	0.05690

[dist]
# distance from previous block
# <min> <max>
0	19

[block]
# block no. 8 follows, 42 sequences, length 10
# corresponding to MSA columns:
# 516-525
name=unknown_I
#
# <colnr> <probs for GDERKNQSTAVLIFYWHMCP>
#	G	D	E	R	K	N	Q	S	T	A	V	L	I	F	Y	W	H	M	C	P
0	0.03639	0.09830	0.01513	0.07997	0.12982	0.01193	0.00982	0.05243	0.16876	0.01952	0.08348	0.04869	0.06257	0.00764	0.00546	0.00166	0.00501	0.04030	0.00421	0.11890
1	0.01281	0.04673	0.04476	0.06057	0.04039	0.00867	0.07979	0.01549	0.03239	0.15705	0.06227	0.24423	0.02096	0.01004	0.00644	0.02806	0.00491	0.00862	0.07566	0.04014
2	0.01741	0.17640	0.18450	0.04505	0.01915	0.01426	0.07006	0.10855	0.06227	0.22660	0.01429	0.01447	0.01008	0.00596	0.00525	0.00166	0.00644	0.00482	0.00429	0.00849
3	0.00948	0.02839	0.01006	0.00906	0.01087	0.00746	0.04435	0.01341	0.11211	0.03721	0.23577	0.16343	0.12310	0.04497	0.02651	0.00232	0.00427	0.10620	0.00528	0.00577
4	0.01195	0.00670	0.00863	0.00839	0.01015	0.00622	0.00629	0.01431	0.05123	0.19695	0.11792	0.33097	0.09966	0.03958	0.00739	0.00217	0.00380	0.06585	0.00572	0.00610
5	0.01215	0.01377	0.16849	0.16687	0.07357	0.01109	0.06695	0.04977	0.03292	0.06464	0.01510	0.08849	0.01373	0.08723	0.00869	0.00225	0.03886	0.04742	0.00355	0.03445
6	0.01400	0.16617	0.29115	0.04595	0.05478	0.03154	0.07307	0.05789	0.03893	0.08251	0.03834	0.01649	0.03219	0.00625	0.00535	0.00170	0.00693	0.02548	0.00343	0.00786
7	0.01146	0.02792	0.70969	0.01670	0.02479	0.01317	0.08297	0.01784	0.01200	0.01784	0.01021	0.01216	0.00725	0.00530	0.00546	0.00179	0.00842	0.00437	0.00242	0.00825
8	0.00728	0.00531	0.00647	0.00707	0.00789	0.00487	0.00490	0.00827	0.01132	0.01463	0.08736	0.37452	0.23869	0.10677	0.01032	0.04882	0.00353	0.04261	0.00493	0.00445
9	0.11334	0.15654	0.28816	0.01493	0.05814	0.04104	0.09100	0.09423	0.01363	0.06372	0.01061	0.01205	0.00792	0.00542	0.00501	0.00166	0.00712	0.00430	0.00321	0.00796

[dist]
# distance from previous block
# <min> <max>
0	1

[block]
# block no. 9 follows, 42 sequences, length 27
# corresponding to MSA columns:
# 527-553
name=unknown_J
#
# <colnr> <probs for GDERKNQSTAVLIFYWHMCP>
#	G	D	E	R	K	N	Q	S	T	A	V	L	I	F	Y	W	H	M	C	P
0	0.00743	0.00558	0.00735	0.00808	0.00904	0.00518	0.01797	0.00896	0.01193	0.01557	0.08722	0.44310	0.17389	0.02891	0.00750	0.00228	0.00364	0.14636	0.00522	0.00480
1	0.01022	0.00637	0.00811	0.00755	0.00929	0.00590	0.00578	0.01303	0.03871	0.11171	0.48466	0.08203	0.10748	0.01138	0.00645	0.00183	0.00312	0.03919	0.04134	0.00584
2	0.01263	0.01553	0.16720	0.13569	0.10852	0.01272	0.26936	0.01689	0.01243	0.04759	0.01245	0.01748	0.00997	0.00611	0.00668	0.00189	0.05131	0.04800	0.04011	0.00743
3	0.04290	0.08977	0.05279	0.01827	0.02292	0.20002	0.36942	0.07129	0.01435	0.01787	0.01024	0.01286	0.00801	0.00539	0.00624	0.00173	0.04037	0.00519	0.00301	0.00736
4	0.07770	0.00950	0.01245	0.00967	0.01386	0.00841	0.00797	0.02593	0.01555	0.69151	0.02269	0.01993	0.04414	0.00715	0.00556	0.00175	0.00468	0.00574	0.00667	0.00915
5	0.00802	0.00591	0.00740	0.00736	0.00866	0.00551	0.00551	0.02942	0.01447	0.01970	0.44038	0.16995	0.15902	0.03179	0.00731	0.00202	0.00313	0.06356	0.00573	0.00516
6	0.00835	0.00544	0.00607	0.00607	0.00617	0.00544	0.00345	0.00854	0.00844	0.01164	0.01778	0.03569	0.02003	0.74502	0.02687	0.00516	0.00525	0.00797	0.06308	0.00354
7	0.01371	0.01154	0.01212	0.01095	0.01398	0.01329	0.00851	0.02855	0.69680	0.02333	0.02254	0.02100	0.01696	0.00755	0.00558	0.00186	0.00431	0.00627	0.07254	0.00861
8	0.01129	0.02911	0.77306	0.01604	0.02436	0.01307	0.02079	0.01782	0.01188	0.01782	0.01010	0.01188	0.00713	0.00535	0.00535	0.00178	0.00832	0.00416	0.00238	0.00832
9	0.01167	0.01000	0.01167	0.00834	0.01334	0.00750	0.00667	0.01417	0.01167	0.01834	0.01000	0.01167	0.00834	0.00417	0.00417	0.00083	0.00417	0.00333	0.00333	0.83663
10	0.01594	0.60091	0.02514	0.00982	0.01423	0.01911	0.00932	0.06093	0.01264	0.09835	0.01038	0.01155	0.00870	0.00843	0.07162	0.00198	0.00668	0.00369	0.00316	0.00743
11	0.01505	0.80561	0.02949	0.00963	0.01444	0.02227	0.00963	0.01685	0.01143	0.01324	0.00782	0.00903	0.00722	0.00481	0.00361	0.00120	0.00602	0.00301	0.00241	0.00722
12	0.01391	0.01523	0.03194	0.02289	0.02849	0.01448	0.68970	0.07457	0.01430	0.01938	0.01155	0.01505	0.00862	0.00490	0.00656	0.00188	0.00923	0.00652	0.00306	0.00774
13	0.01952	0.01483	0.01584	0.01257	0.01674	0.01658	0.01024	0.56670	0.21116	0.03245	0.01589	0.01540	0.01149	0.00698	0.00565	0.00174	0.00575	0.00539	0.00565	0.00940
14	0.05601	0.01216	0.01218	0.01005	0.01357	0.11982	0.00800	0.09153	0.07576	0.31235	0.05650	0.01934	0.04487	0.00707	0.00531	0.00162	0.00521	0.00555	0.08587	0.05723
15	0.00978	0.00489	0.00733	0.00733	0.00733	0.00489	0.00489	0.00733	0.00733	0.00978	0.00978	0.01711	0.00978	0.01955	0.02199	0.83627	0.00489	0.00489	0.00244	0.00244
16	0.00904	0.00520	0.00691	0.00697	0.00711	0.00516	0.00451	0.00786	0.00812	0.01073	0.01556	0.02788	0.04682	0.30185	0.02311	0.46336	0.00502	0.03876	0.00303	0.00301
17	0.00805	0.00598	0.00881	0.00881	0.00973	0.00691	0.00674	0.00990	0.00897	0.01289	0.01529	0.02330	0.01458	0.10355	0.71928	0.00875	0.01430	0.00620	0.00305	0.00489
18	0.01123	0.01005	0.01491	0.01279	0.01406	0.01236	0.07838	0.07159	0.01071	0.01548	0.01232	0.04613	0.01172	0.05475	0.28880	0.00482	0.31482	0.00604	0.00309	0.00599
19	0.01249	0.01082	0.01705	0.52024	0.03109	0.03314	0.07278	0.04483	0.01214	0.06958	0.01160	0.01676	0.00917	0.07019	0.00814	0.00216	0.04285	0.00540	0.00306	0.00651
20	0.01018	0.07038	0.00945	0.00760	0.00833	0.00733	0.00538	0.00966	0.00881	0.04175	0.01606	0.02527	0.06738	0.26171	0.04801	0.34191	0.04745	0.00634	0.00315	0.00388
21	0.00705	0.00508	0.00668	0.00762	0.00819	0.00471	0.00520	0.00835	0.01178	0.01587	0.16374	0.63521	0.06682	0.01641	0.00707	0.00218	0.00314	0.01480	0.00540	0.00471
22	0.00721	0.00523	0.00663	0.00727	0.00797	0.00484	0.00497	0.00853	0.01193	0.01600	0.19913	0.47280	0.12009	0.08929	0.00901	0.00242	0.00329	0.01349	0.00527	0.00465
23	0.07169	0.19105	0.06623	0.10094	0.05545	0.06544	0.06611	0.05792	0.18823	0.06368	0.01336	0.01430	0.01021	0.00593	0.00508	0.00167	0.00634	0.00477	0.00379	0.00782
24	0.01451	0.01118	0.01545	0.10737	0.07153	0.02576	0.08509	0.24040	0.01538	0.04289	0.01304	0.03632	0.01123	0.09301	0.03458	0.15938	0.00663	0.00579	0.00383	0.00662
25	0.01357	0.00778	0.00983	0.00914	0.01134	0.00748	0.00718	0.09544	0.02772	0.20298	0.10429	0.23617	0.08371	0.02754	0.00703	0.00211	0.00425	0.13009	0.00576	0.00659
26	0.01331	0.05700	0.01366	0.04289	0.04637	0.12492	0.04142	0.06416	0.08413	0.06082	0.12436	0.15321	0.05535	0.01015	0.02650	0.00195	0.00572	0.01717	0.00454	0.05238

[dist]
# distance from previous block
# <min> <max>
0	73

[block]
# block no. 10 follows, 42 sequences, length 15
# corresponding to MSA columns:
# 627-641
name=unknown_K
#
# <colnr> <probs for GDERKNQSTAVLIFYWHMCP>
#	G	D	E	R	K	N	Q	S	T	A	V	L	I	F	Y	W	H	M	C	P
0	0.03086	0.02979	0.09960	0.03771	0.05269	0.01102	0.03570	0.07513	0.04709	0.16884	0.17339	0.04314	0.02008	0.00893	0.02728	0.00201	0.09525	0.00646	0.00469	0.03037
1	0.16408	0.07097	0.21806	0.10622	0.04888	0.03322	0.01290	0.12052	0.02749	0.09311	0.01137	0.01268	0.00830	0.00566	0.00495	0.00168	0.00644	0.00427	0.00362	0.04556
2	0.00912	0.00647	0.00788	0.02517	0.00950	0.00652	0.00572	0.01199	0.10567	0.03776	0.09409	0.23466	0.09224	0.22251	0.01322	0.04093	0.00426	0.06249	0.00476	0.00503
3	0.00767	0.00520	0.00674	0.00752	0.00817	0.00481	0.00512	0.00862	0.01122	0.03646	0.08683	0.56684	0.10953	0.05091	0.00880	0.04853	0.00341	0.01389	0.00511	0.00462
4	0.01396	0.06142	0.04459	0.10159	0.08853	0.02432	0.16151	0.04722	0.04790	0.12327	0.04868	0.08069	0.02850	0.07238	0.00811	0.00212	0.02720	0.00680	0.00400	0.00720
5	0.04201	0.07867	0.21459	0.05026	0.07517	0.05656	0.04965	0.18006	0.04849	0.09243	0.01232	0.01337	0.00901	0.00579	0.00528	0.00165	0.00684	0.00463	0.00385	0.04936
6	0.01216	0.01834	0.25949	0.09537	0.02654	0.01357	0.34341	0.01732	0.03198	0.01737	0.01166	0.01617	0.00917	0.00593	0.00702	0.00193	0.06536	0.03687	0.00282	0.00751
7	0.01055	0.00709	0.00882	0.04184	0.01109	0.00699	0.00642	0.01443	0.12376	0.10278	0.24963	0.18465	0.15338	0.01213	0.00705	0.03413	0.00361	0.01010	0.00556	0.00601
8	0.05162	0.03881	0.21354	0.01463	0.04483	0.04210	0.11868	0.10835	0.02812	0.15895	0.04856	0.01742	0.05074	0.00664	0.00604	0.00177	0.03145	0.00557	0.00415	0.00805
9	0.01244	0.00991	0.08515	0.00944	0.01189	0.00837	0.00787	0.06718	0.11757	0.07462	0.04076	0.07641	0.01444	0.01252	0.01199	0.32764	0.00493	0.00600	0.02685	0.07402
10	0.00782	0.00625	0.00909	0.00884	0.01023	0.00574	0.07840	0.00954	0.01197	0.01589	0.07737	0.42216	0.20541	0.01449	0.00682	0.00209	0.00381	0.04880	0.05024	0.00502
11	0.04450	0.07364	0.24496	0.19360	0.04388	0.01321	0.12816	0.01852	0.06205	0.09179	0.01245	0.02752	0.00930	0.00579	0.00551	0.00179	0.00726	0.00513	0.00326	0.00768
12	0.01237	0.10303	0.56786	0.01518	0.02241	0.01402	0.05770	0.07215	0.01319	0.01892	0.04450	0.01327	0.00949	0.00565	0.00533	0.00172	0.00774	0.00452	0.00282	0.00813
13	0.00686	0.00490	0.00653	0.00784	0.00816	0.00457	0.00522	0.00784	0.01077	0.01437	0.03102	0.79855	0.03722	0.01763	0.00718	0.00229	0.00326	0.01600	0.00522	0.00457
14	0.04588	0.00706	0.00840	0.08291	0.01174	0.03145	0.00640	0.01118	0.01238	0.05796	0.17973	0.22338	0.16086	0.09127	0.02974	0.00249	0.00440	0.02267	0.00486	0.00523

[dist]
# distance from previous block
# <min> <max>
4	21

[block]
# block no. 11 follows, 42 sequences, length 20
# corresponding to MSA columns:
# 663-682
name=unknown_L
#
# <colnr> <probs for GDERKNQSTAVLIFYWHMCP>
#	G	D	E	R	K	N	Q	S	T	A	V	L	I	F	Y	W	H	M	C	P
0	0.16465	0.07375	0.21560	0.08199	0.11045	0.04759	0.02952	0.07325	0.01296	0.06468	0.01045	0.01225	0.00789	0.00555	0.00530	0.00168	0.02816	0.00422	0.00324	0.04682
1	0.05963	0.01118	0.01258	0.01005	0.01375	0.04123	0.00818	0.21827	0.01766	0.36139	0.01779	0.01719	0.01220	0.00782	0.02959	0.00188	0.00533	0.00524	0.14059	0.00844
2	0.01354	0.01297	0.02214	0.12366	0.68105	0.01327	0.01708	0.01693	0.01263	0.01791	0.01052	0.01406	0.00875	0.00509	0.00558	0.00170	0.00678	0.00501	0.00275	0.00860
3	0.00948	0.00503	0.00732	0.00746	0.00756	0.00501	0.00506	0.00768	0.00791	0.01052	0.01262	0.06056	0.01328	0.07317	0.02083	0.68584	0.00486	0.05021	0.00282	0.00279
4	0.04530	0.00885	0.01129	0.00897	0.01254	0.00784	0.00723	0.04920	0.01561	0.39697	0.22891	0.02397	0.02374	0.00778	0.00565	0.00162	0.00414	0.00649	0.00605	0.12786
5	0.00906	0.00712	0.02869	0.00890	0.01030	0.00658	0.04613	0.04505	0.04535	0.01645	0.10289	0.34406	0.09229	0.01529	0.02974	0.13769	0.00438	0.01081	0.03420	0.00505
6	0.03578	0.00748	0.00790	0.00815	0.00932	0.07336	0.00594	0.01071	0.01341	0.01803	0.31459	0.33314	0.07508	0.01353	0.00667	0.00199	0.00375	0.05070	0.00534	0.00512
7	0.21843	0.01050	0.01091	0.00959	0.01283	0.01147	0.00768	0.04453	0.30654	0.16078	0.01971	0.02048	0.03386	0.00738	0.00516	0.00182	0.00440	0.04081	0.06532	0.00780
8	0.00751	0.00636	0.04304	0.00840	0.00925	0.00539	0.00620	0.00925	0.03749	0.01492	0.04127	0.67141	0.03429	0.01659	0.00754	0.02987	0.00365	0.03768	0.00503	0.00486
