[name]
unknown

[dist]
# distance from previous block
# <min> <max>
0	695

[block]
# block no. 0 follows, 44 sequences, length 41
# corresponding to MSA columns:
# 785-806,811-829
name=unknown_A
#
# <colnr> <probs for GDERKNQSTAVLIFYWHMCP>
#	G	D	E	R	K	N	Q	S	T	A	V	L	I	F	Y	W	H	M	C	P
0	0.01104	0.00727	0.00903	0.00905	0.01072	0.00727	0.00718	0.12688	0.01402	0.07555	0.02700	0.30230	0.06540	0.01325	0.00659	0.00211	0.00425	0.24282	0.05250	0.00578
1	0.01495	0.01234	0.07601	0.27381	0.02578	0.01165	0.17780	0.03690	0.01285	0.21254	0.01300	0.01509	0.00914	0.00576	0.00625	0.00177	0.04771	0.00524	0.00371	0.03769
2	0.01221	0.05535	0.01659	0.10117	0.08662	0.01081	0.13946	0.08594	0.04405	0.06816	0.05945	0.24002	0.01915	0.00918	0.00629	0.00186	0.02443	0.00841	0.00415	0.00668
3	0.01110	0.01117	0.01932	0.25735	0.02433	0.01329	0.19512	0.01386	0.01047	0.01452	0.01128	0.09594	0.01047	0.00784	0.01008	0.00206	0.27654	0.00632	0.00277	0.00617
4	0.03162	0.01293	0.05531	0.15067	0.02038	0.07606	0.11689	0.06147	0.16928	0.11851	0.01602	0.08755	0.01296	0.00712	0.00589	0.00180	0.02320	0.00621	0.01880	0.00734
5	0.01123	0.05239	0.09465	0.01069	0.01259	0.00949	0.05923	0.01215	0.00961	0.07015	0.02875	0.08384	0.01279	0.05463	0.05131	0.27097	0.14133	0.00599	0.00310	0.00510
6	0.00744	0.00544	0.00701	0.00719	0.00820	0.00510	0.00517	0.00974	0.03525	0.01867	0.44679	0.32166	0.07520	0.01333	0.00660	0.00191	0.00285	0.01190	0.00560	0.00496
7	0.00913	0.00797	0.05204	0.06696	0.01143	0.00736	0.00668	0.04974	0.08008	0.01629	0.15337	0.18006	0.04408	0.27534	0.01333	0.00301	0.00459	0.00905	0.00435	0.00515
8	0.11068	0.18358	0.04605	0.09643	0.03764	0.09764	0.06231	0.18989	0.03294	0.07756	0.01095	0.01215	0.00828	0.00557	0.00481	0.00156	0.00647	0.00426	0.00368	0.00754
9	0.01264	0.01171	0.11172	0.03157	0.05898	0.00977	0.11471	0.01624	0.05162	0.15118	0.13593	0.08182	0.10085	0.00860	0.00703	0.00184	0.07504	0.00742	0.00442	0.00691
10	0.05555	0.00538	0.00689	0.00748	0.00796	0.00536	0.00522	0.00851	0.00934	0.01307	0.02090	0.31196	0.02381	0.16010	0.01436	0.22218	0.00427	0.10988	0.00394	0.00385
11	0.01262	0.01092	0.01958	0.31816	0.02674	0.01187	0.23049	0.04219	0.01195	0.08490	0.01194	0.04822	0.00958	0.00716	0.00791	0.06482	0.06552	0.00581	0.00313	0.00650
12	0.03286	0.12813	0.01923	0.14184	0.05556	0.01419	0.09939	0.21210	0.01596	0.17277	0.01339	0.01447	0.02052	0.00599	0.00563	0.00166	0.02927	0.00496	0.00418	0.00793
13	0.01165	0.00860	0.00973	0.00883	0.01127	0.00901	0.00686	0.01955	0.34015	0.09235	0.23380	0.03234	0.15315	0.00966	0.00599	0.00181	0.00363	0.02896	0.00569	0.00695
14	0.01680	0.00820	0.01039	0.00853	0.01144	0.00766	0.00683	0.09710	0.01616	0.35874	0.27625	0.02573	0.02605	0.00818	0.00562	0.00165	0.00385	0.00687	0.09653	0.00741
15	0.09151	0.01514	0.15079	0.04897	0.15505	0.02676	0.10523	0.14121	0.05311	0.07027	0.01437	0.05278	0.03778	0.00638	0.00543	0.00173	0.00637	0.00557	0.00376	0.00777
16	0.01192	0.04249	0.01481	0.38981	0.02488	0.01149	0.03458	0.10377	0.06791	0.04658	0.05758	0.12633	0.01508	0.00767	0.00565	0.00181	0.00588	0.00672	0.01851	0.00653
17	0.00941	0.00696	0.00998	0.00944	0.01034	0.00832	0.00737	0.01106	0.00900	0.05593	0.01405	0.02109	0.01317	0.10690	0.54732	0.00701	0.13856	0.00585	0.00309	0.00514
18	0.73645	0.01062	0.00879	0.00763	0.01112	0.01203	0.00628	0.04774	0.01054	0.09465	0.00911	0.00993	0.00675	0.00528	0.00366	0.00168	0.00433	0.00327	0.00377	0.00636
19	0.00792	0.00531	0.00608	0.00608	0.00613	0.00536	0.00348	0.00802	0.00797	0.01067	0.01705	0.03498	0.01952	0.77073	0.06501	0.00546	0.00574	0.00783	0.00328	0.00338
20	0.03595	0.01546	0.21797	0.18199	0.02237	0.01191	0.05141	0.14073	0.03130	0.16278	0.02516	0.05462	0.01102	0.00647	0.00548	0.00176	0.00645	0.00544	0.00401	0.00775
21	0.01254	0.01969	0.38077	0.01459	0.05869	0.01198	0.05754	0.11458	0.01342	0.01958	0.01069	0.01316	0.00825	0.00538	0.00537	0.00153	0.02429	0.02161	0.00305	0.20328
22	0.00734	0.00559	0.00707	0.00701	0.00832	0.00550	0.00531	0.00881	0.01109	0.01454	0.13379	0.03677	0.33845	0.02379	0.29456	0.06733	0.00724	0.00869	0.00420	0.00461
23	0.01335	0.30754	0.02995	0.06174	0.02367	0.01656	0.43857	0.01684	0.01210	0.01556	0.00968	0.01250	0.00775	0.00467	0.00530	0.00159	0.00785	0.00505	0.00258	0.00715
24	0.01687	0.01139	0.01273	0.01086	0.01433	0.01244	0.00861	0.08699	0.51705	0.21328	0.02128	0.01931	0.01526	0.00716	0.00552	0.00179	0.00453	0.00589	0.00584	0.00884
25	0.01130	0.00969	0.01130	0.00807	0.01292	0.00727	0.00646	0.01373	0.01130	0.01776	0.00969	0.01130	0.00807	0.00404	0.00404	0.00081	0.00404	0.00323	0.00323	0.84173
26	0.00794	0.00602	0.00742	0.00746	0.00881	0.00579	0.00561	0.01118	0.08195	0.01883	0.38501	0.19191	0.15239	0.01271	0.00655	0.00191	0.00309	0.07463	0.00555	0.00523
27	0.00681	0.00494	0.00634	0.00732	0.00785	0.00458	0.00498	0.00788	0.01082	0.01429	0.07011	0.62277	0.11191	0.06124	0.00807	0.00233	0.00326	0.03505	0.00501	0.00444
28	0.01093	0.02820	0.78016	0.01554	0.02360	0.01266	0.02014	0.01727	0.01151	0.01727	0.00978	0.01151	0.00691	0.00518	0.00518	0.00173	0.00806	0.00403	0.00230	0.00806
29	0.01554	0.01188	0.01336	0.01092	0.01399	0.02867	0.00878	0.41951	0.01827	0.02484	0.01318	0.01636	0.01083	0.06109	0.21614	0.00371	0.03469	0.00517	0.00433	0.06871
30	0.01329	0.01708	0.25016	0.01258	0.01730	0.01353	0.01232	0.07989	0.47618	0.02196	0.01767	0.01706	0.01308	0.00665	0.00543	0.00180	0.00560	0.00541	0.00454	0.00850
31	0.07950	0.45043	0.04055	0.01020	0.01465	0.05764	0.00944	0.15612	0.01442	0.10626	0.01032	0.01082	0.00809	0.00535	0.00420	0.00138	0.00586	0.00364	0.00353	0.00759
32	0.00672	0.00481	0.00640	0.00754	0.00793	0.00448	0.00507	0.00779	0.01081	0.01451	0.08565	0.74754	0.03721	0.01663	0.00692	0.00218	0.00312	0.01508	0.00513	0.00448
33	0.00786	0.00555	0.00730	0.00730	0.00776	0.00602	0.00499	0.00879	0.00833	0.01157	0.01594	0.02884	0.01685	0.44046	0.39163	0.00695	0.00975	0.00693	0.00312	0.00405
34	0.01417	0.01084	0.01238	0.01085	0.01353	0.01224	0.00865	0.12673	0.38118	0.08360	0.10301	0.04591	0.01977	0.00857	0.00691	0.00189	0.07670	0.04992	0.00535	0.00781
35	0.07304	0.00975	0.01573	0.73620	0.03552	0.01212	0.01445	0.01409	0.01078	0.01472	0.00953	0.01411	0.00717	0.00542	0.00529	0.00181	0.00704	0.00470	0.00249	0.00604
36	0.01783	0.01430	0.01835	0.02019	0.29541	0.01534	0.01265	0.45992	0.04548	0.02789	0.01235	0.01348	0.00928	0.00595	0.00544	0.00164	0.00612	0.00493	0.00444	0.00902
37	0.04287	0.00668	0.00862	0.00838	0.01011	0.00623	0.00616	0.04113	0.01248	0.24022	0.02609	0.51510	0.02733	0.01321	0.00634	0.00202	0.00374	0.01170	0.00551	0.00609
38	0.84691	0.01054	0.00801	0.00717	0.01054	0.01223	0.00590	0.01603	0.00928	0.02446	0.00759	0.00886	0.00590	0.00506	0.00337	0.00169	0.00422	0.00295	0.00337	0.00590
39	0.03502	0.25191	0.29951	0.01193	0.01752	0.03291	0.01294	0.02004	0.09379	0.15607	0.01255	0.01285	0.00917	0.00556	0.00473	0.00156	0.00632	0.00416	0.00351	0.00794
40	0.31618	0.11870	0.29535	0.01113	0.01639	0.01387	0.01202	0.04267	0.09274	0.02049	0.01016	0.01120	0.00769	0.00536	0.00436	0.00165	0.00590	0.00376	0.00315	0.00724

[dist]
# distance from previous block
# <min> <max>
0	3

[block]
# block no. 1 follows, 44 sequences, length 35
# corresponding to MSA columns:
# 833-835,838-859,878-887
name=unknown_B
#
# <colnr> <probs for GDERKNQSTAVLIFYWHMCP>
#	G	D	E	R	K	N	Q	S	T	A	V	L	I	F	Y	W	H	M	C	P
0	0.00766	0.00553	0.00724	0.00689	0.00813	0.00511	0.00514	0.01016	0.01519	0.02147	0.73521	0.07814	0.05069	0.01144	0.00646	0.00174	0.00260	0.01014	0.00596	0.00511
1	0.01464	0.01089	0.01201	0.01095	0.01379	0.04077	0.00893	0.12756	0.32422	0.10564	0.02226	0.03090	0.01924	0.00941	0.00609	0.00198	0.00501	0.22268	0.00541	0.00763
2	0.05384	0.01515	0.12144	0.02713	0.46570	0.01307	0.17064	0.01721	0.03027	0.01811	0.01051	0.01343	0.00839	0.00492	0.00549	0.00169	0.00709	0.00502	0.00276	0.00816
3	0.01173	0.02265	0.47246	0.01860	0.02561	0.01312	0.32227	0.01735	0.01207	0.01735	0.01030	0.01282	0.00747	0.00494	0.00570	0.00177	0.00852	0.00502	0.00249	0.00777
4	0.00790	0.00565	0.00777	0.00903	0.00990	0.00552	0.00725	0.00977	0.01168	0.01533	0.02935	0.36729	0.03330	0.01589	0.00729	0.00239	0.00426	0.44061	0.00504	0.00478
5	0.00780	0.00578	0.00845	0.00845	0.00932	0.00665	0.00643	0.00954	0.00867	0.01243	0.01489	0.02299	0.01431	0.12570	0.70293	0.00838	0.01357	0.00607	0.00296	0.00469
6	0.01530	0.01557	0.01336	0.09829	0.01713	0.25304	0.00966	0.04631	0.37315	0.01907	0.01594	0.01621	0.01220	0.00653	0.00522	0.00166	0.00628	0.00508	0.06261	0.00740
7	0.00793	0.00529	0.00595	0.00595	0.00595	0.00529	0.00330	0.00793	0.00793	0.01057	0.01718	0.03568	0.01982	0.80840	0.02775	0.00529	0.00529	0.00793	0.00330	0.00330
8	0.01208	0.01479	0.17982	0.06520	0.08477	0.02789	0.12057	0.09746	0.05852	0.01967	0.11852	0.08031	0.01673	0.00706	0.00567	0.00169	0.00615	0.00638	0.00377	0.07294
9	0.01446	0.72329	0.02677	0.00952	0.01401	0.02069	0.00925	0.01772	0.09433	0.01393	0.00919	0.01003	0.00806	0.00497	0.00372	0.00124	0.00566	0.00327	0.00269	0.00718
10	0.01466	0.01596	0.01741	0.04707	0.36886	0.26562	0.01289	0.01695	0.01289	0.01548	0.01186	0.09996	0.01120	0.00776	0.03024	0.00187	0.03360	0.00562	0.00298	0.00712
11	0.45188	0.01280	0.01200	0.00974	0.01359	0.01447	0.00804	0.36994	0.01710	0.02919	0.01022	0.01088	0.00751	0.00577	0.00437	0.00166	0.00507	0.00389	0.00437	0.00751
12	0.49099	0.17469	0.04501	0.01008	0.01404	0.08507	0.07947	0.01680	0.01064	0.02015	0.00808	0.00959	0.00649	0.00499	0.00390	0.00157	0.00568	0.00337	0.00301	0.00638
13	0.01329	0.04648	0.10202	0.37567	0.15840	0.18248	0.01474	0.01659	0.01223	0.01480	0.00944	0.01277	0.00740	0.00532	0.00522	0.00166	0.00772	0.00439	0.00254	0.00682
14	0.01758	0.10266	0.05458	0.16284	0.02050	0.05365	0.01133	0.37078	0.01865	0.09184	0.01208	0.01308	0.00874	0.00595	0.00516	0.00159	0.00634	0.00456	0.00429	0.03381
15	0.00737	0.00540	0.00692	0.00687	0.00802	0.00495	0.00503	0.00950	0.01414	0.01956	0.55200	0.19369	0.12106	0.01259	0.00654	0.00183	0.00271	0.01115	0.00572	0.00495
16	0.01692	0.01092	0.01221	0.01031	0.01366	0.01177	0.00821	0.13528	0.38814	0.20858	0.02018	0.01882	0.01448	0.00700	0.00533	0.00171	0.00445	0.00569	0.09788	0.00849
17	0.00688	0.00491	0.00660	0.00786	0.00828	0.00463	0.00547	0.00800	0.01067	0.01418	0.02992	0.72271	0.03554	0.01686	0.00702	0.00225	0.00337	0.09530	0.00506	0.00449
18	0.01030	0.00969	0.01635	0.79530	0.03755	0.01211	0.01514	0.01393	0.01090	0.01393	0.00969	0.01453	0.00727	0.00545	0.00545	0.00182	0.00727	0.00484	0.00242	0.00606
19	0.01130	0.00969	0.01130	0.00807	0.01292	0.00727	0.00646	0.01373	0.01130	0.01776	0.00969	0.01130	0.00807	0.00404	0.00404	0.00081	0.00404	0.00323	0.00323	0.84173
20	0.01093	0.02820	0.78016	0.01554	0.02360	0.01266	0.02014	0.01727	0.01151	0.01727	0.00978	0.01151	0.00691	0.00518	0.00518	0.00173	0.00806	0.00403	0.00230	0.00806
21	0.47455	0.00861	0.00823	0.00828	0.01071	0.00954	0.00702	0.01397	0.01070	0.02097	0.01668	0.03089	0.01665	0.00922	0.00510	0.00201	0.00449	0.30527	0.03159	0.00551
22	0.01356	0.01171	0.01233	0.01109	0.01418	0.01356	0.00863	0.02897	0.76455	0.02281	0.02219	0.02034	0.01664	0.00740	0.00555	0.00185	0.00431	0.00616	0.00555	0.00863
23	0.01905	0.00945	0.01210	0.00903	0.01351	0.00771	0.00737	0.02129	0.01384	0.46536	0.01665	0.01557	0.01127	0.00563	0.00489	0.00133	0.00439	0.00456	0.00530	0.35172
24	0.41617	0.01235	0.01196	0.00966	0.01353	0.01369	0.00797	0.32168	0.01670	0.11181	0.01139	0.01167	0.00813	0.00586	0.00446	0.00167	0.00500	0.00404	0.00460	0.00766
25	0.00697	0.00522	0.00646	0.00684	0.00786	0.00472	0.00487	0.00858	0.01265	0.01687	0.29306	0.35790	0.21963	0.01423	0.00665	0.00195	0.00286	0.01258	0.00539	0.00472
26	0.01465	0.00723	0.00940	0.00854	0.01111	0.00648	0.00702	0.01670	0.01380	0.32965	0.06165	0.06291	0.18786	0.01099	0.00627	0.00194	0.00413	0.20071	0.03230	0.00667
27	0.01030	0.00969	0.01635	0.79530	0.03755	0.01211	0.01514	0.01393	0.01090	0.01393	0.00969	0.01453	0.00727	0.00545	0.00545	0.00182	0.00727	0.00484	0.00242	0.00606
28	0.01641	0.00899	0.01133	0.01004	0.01288	0.00885	0.00833	0.15625	0.03065	0.28630	0.02361	0.07192	0.04066	0.03525	0.00696	0.00210	0.00491	0.25160	0.00567	0.00729
29	0.00985	0.00597	0.00785	0.00783	0.00930	0.00548	0.00599	0.01179	0.01338	0.12584	0.28513	0.25336	0.10198	0.01298	0.00661	0.00198	0.00341	0.12019	0.00562	0.00547
30	0.00784	0.00579	0.00780	0.03814	0.01028	0.00561	0.00673	0.00996	0.01281	0.01711	0.24060	0.22024	0.10532	0.01393	0.00691	0.00213	0.00379	0.27486	0.00521	0.00492
31	0.10848	0.04308	0.01484	0.09758	0.01754	0.02903	0.00971	0.34143	0.03474	0.22836	0.01427	0.01418	0.00985	0.00625	0.00516	0.00166	0.00562	0.00477	0.00507	0.00840
32	0.04867	0.01615	0.01601	0.09647	0.16159	0.26934	0.02920	0.07565	0.06679	0.10163	0.01291	0.03890	0.01045	0.00634	0.00532	0.00164	0.00712	0.02476	0.00372	0.00736
33	0.28144	0.01560	0.01516	0.09178	0.24357	0.23410	0.01135	0.01768	0.01214	0.01829	0.00883	0.01106	0.00717	0.00520	0.00462	0.00160	0.00679	0.00386	0.00292	0.00686
34	0.14109	0.03432	0.00953	0.00915	0.02752	0.07646	0.00681	0.01207	0.01119	0.01647	0.02036	0.34573	0.02253	0.01135	0.00573	0.00185	0.00447	0.11391	0.00419	0.12527

[dist]
# distance from previous block
# <min> <max>
3	6

[block]
# block no. 2 follows, 44 sequences, length 27
# corresponding to MSA columns:
# 894-920
name=unknown_C
#
# <colnr> <probs for GDERKNQSTAVLIFYWHMCP>
#	G	D	E	R	K	N	Q	S	T	A	V	L	I	F	Y	W	H	M	C	P
0	0.00966	0.00924	0.01604	0.05254	0.01634	0.00971	0.21912	0.01212	0.01175	0.01615	0.14305	0.22637	0.07627	0.01046	0.00849	0.00201	0.14165	0.00934	0.00397	0.00573
1	0.01327	0.01273	0.02173	0.08545	0.72412	0.01290	0.01662	0.01654	0.01231	0.01755	0.01022	0.01356	0.00854	0.00490	0.00540	0.00163	0.00653	0.00486	0.00268	0.00846
2	0.00929	0.00537	0.00741	0.00731	0.00814	0.00511	0.00521	0.00958	0.01096	0.06664	0.23609	0.16733	0.05465	0.01630	0.04665	0.32275	0.00418	0.00850	0.00432	0.00420
3	0.01168	0.00762	0.00883	0.00795	0.00929	0.00794	0.00554	0.13286	0.05031	0.08262	0.01754	0.06584	0.01762	0.45955	0.08774	0.00436	0.00602	0.00731	0.00412	0.00527
4	0.01330	0.00986	0.01200	0.01037	0.01279	0.01111	0.00833	0.32780	0.01595	0.02190	0.01396	0.01787	0.01177	0.02625	0.45388	0.00573	0.01094	0.00544	0.00400	0.00674
5	0.01157	0.00858	0.01024	0.00890	0.01108	0.00887	0.03289	0.16887	0.03292	0.05825	0.04869	0.12707	0.27096	0.05507	0.00807	0.00203	0.06193	0.00884	0.05910	0.00607
6	0.49088	0.01018	0.00942	0.00756	0.01156	0.01012	0.00614	0.01505	0.01014	0.02161	0.00849	0.00990	0.00683	0.00462	0.00366	0.00131	0.00414	0.00307	0.00331	0.36203
7	0.01610	0.01483	0.02238	0.01647	0.02131	0.05308	0.32695	0.30549	0.01777	0.02389	0.01152	0.01338	0.00857	0.00533	0.00566	0.00160	0.00729	0.00526	0.00388	0.11924
8	0.00937	0.00577	0.00721	0.00793	0.00919	0.00577	0.00667	0.01190	0.01207	0.01802	0.02414	0.04395	0.02396	0.01135	0.00595	0.00198	0.00396	0.42555	0.36022	0.00505
9	0.00855	0.00509	0.00656	0.00656	0.00661	0.00514	0.00406	0.00768	0.00763	0.01023	0.01392	0.02720	0.01530	0.44905	0.06338	0.34508	0.00553	0.00653	0.00290	0.00300
10	0.01030	0.00969	0.01635	0.79530	0.03755	0.01211	0.01514	0.01393	0.01090	0.01393	0.00969	0.01453	0.00727	0.00545	0.00545	0.00182	0.00727	0.00484	0.00242	0.00606
11	0.00780	0.00581	0.00858	0.00858	0.00949	0.00672	0.00659	0.00962	0.00871	0.01252	0.01477	0.02233	0.01403	0.09022	0.73801	0.00854	0.01400	0.00598	0.00295	0.00477
12	0.01093	0.02820	0.78016	0.01554	0.02360	0.01266	0.02014	0.01727	0.01151	0.01727	0.00978	0.01151	0.00691	0.00518	0.00518	0.00173	0.00806	0.00403	0.00230	0.00806
13	0.01050	0.00990	0.01672	0.74633	0.08491	0.01217	0.01524	0.01411	0.01100	0.01418	0.00973	0.01447	0.00736	0.00541	0.00545	0.00180	0.00722	0.00485	0.00244	0.00622
14	0.01095	0.00895	0.01077	0.00890	0.01262	0.00754	0.00734	0.03460	0.04618	0.01804	0.01588	0.02624	0.01522	0.00744	0.00515	0.00137	0.00439	0.21523	0.00391	0.53929
15	0.01362	0.01366	0.02397	0.01801	0.02257	0.01391	0.43687	0.06911	0.28565	0.02048	0.01520	0.01664	0.01136	0.00573	0.00605	0.00183	0.00722	0.00624	0.00394	0.00794
16	0.01050	0.00993	0.01655	0.72140	0.05840	0.01244	0.01498	0.01396	0.01078	0.01399	0.00954	0.01433	0.00730	0.00570	0.00626	0.00185	0.05869	0.00484	0.00243	0.00613
17	0.84691	0.01054	0.00801	0.00717	0.01054	0.01223	0.00590	0.01603	0.00928	0.02446	0.00759	0.00886	0.00590	0.00506	0.00337	0.00169	0.00422	0.00295	0.00337	0.00590
18	0.01030	0.00969	0.01635	0.79530	0.03755	0.01211	0.01514	0.01393	0.01090	0.01393	0.00969	0.01453	0.00727	0.00545	0.00545	0.00182	0.00727	0.00484	0.00242	0.00606
19	0.00919	0.00803	0.01338	0.34467	0.02261	0.00945	0.05881	0.01193	0.00990	0.01341	0.01241	0.01877	0.01088	0.06211	0.36489	0.00518	0.01066	0.00556	0.00272	0.00546
20	0.01030	0.00969	0.01635	0.79530	0.03755	0.01211	0.01514	0.01393	0.01090	0.01393	0.00969	0.01453	0.00727	0.00545	0.00545	0.00182	0.00727	0.00484	0.00242	0.00606
21	0.01119	0.02640	0.68048	0.01653	0.02425	0.01281	0.11802	0.01729	0.01169	0.01729	0.00995	0.01194	0.00709	0.00510	0.00535	0.00174	0.00821	0.00435	0.00236	0.00796
22	0.00963	0.00812	0.01053	0.00951	0.00951	0.01015	0.00698	0.01014	0.00811	0.01166	0.01291	0.02556	0.01442	0.46803	0.02355	0.00405	0.34323	0.00658	0.00291	0.00444
23	0.01079	0.01039	0.01883	0.01478	0.01779	0.01067	0.31801	0.01538	0.11108	0.01577	0.01426	0.01998	0.01240	0.11393	0.24674	0.00438	0.02899	0.00636	0.00324	0.00624
24	0.01287	0.01471	0.03217	0.02298	0.02849	0.01379	0.75460	0.01746	0.01287	0.01746	0.01103	0.01471	0.00827	0.00460	0.00643	0.00184	0.00919	0.00643	0.00276	0.00735
25	0.00865	0.00500	0.00640	0.00649	0.00659	0.00498	0.00406	0.00788	0.00798	0.01098	0.01477	0.07651	0.01607	0.36584	0.02202	0.36106	0.00473	0.00687	0.06002	0.00310
26	0.46846	0.01768	0.03545	0.01036	0.01364	0.34215	0.00832	0.01851	0.01198	0.01950	0.00802	0.00936	0.00641	0.00530	0.00409	0.00157	0.00673	0.00322	0.00310	0.00615

[dist]
# distance from previous block
# <min> <max>
0	23

[block]
# block no. 3 follows, 44 sequences, length 12
# corresponding to MSA columns:
# 944-955
name=unknown_D
#
# <colnr> <probs for GDERKNQSTAVLIFYWHMCP>
#	G	D	E	R	K	N	Q	S	T	A	V	L	I	F	Y	W	H	M	C	P
0	0.00765	0.00601	0.00761	0.00745	0.00845	0.00629	0.00552	0.00908	0.01066	0.01426	0.12773	0.07964	0.24368	0.14806	0.23058	0.00439	0.06535	0.00885	0.00410	0.00463
1	0.00793	0.00512	0.00661	0.00668	0.00749	0.00474	0.00470	0.00802	0.01069	0.01401	0.18101	0.13071	0.23002	0.01570	0.01238	0.33364	0.00355	0.00900	0.00419	0.00381
2	0.84691	0.01054	0.00801	0.00717	0.01054	0.01223	0.00590	0.01603	0.00928	0.02446	0.00759	0.00886	0.00590	0.00506	0.00337	0.00169	0.00422	0.00295	0.00337	0.00590
3	0.01485	0.05654	0.01280	0.00964	0.01272	0.01175	0.00784	0.36702	0.01969	0.05077	0.26296	0.02503	0.07641	0.00844	0.00567	0.00164	0.00447	0.00689	0.03753	0.00731
4	0.01810	0.06365	0.07465	0.01274	0.03836	0.15120	0.03583	0.21589	0.07716	0.15579	0.01388	0.03237	0.01038	0.00621	0.00519	0.00156	0.00636	0.00485	0.00444	0.07138
5	0.70123	0.04828	0.00968	0.00772	0.01118	0.01288	0.00642	0.08688	0.01100	0.02473	0.00845	0.00963	0.00654	0.00523	0.00359	0.00164	0.00441	0.00321	0.03105	0.00625
6	0.01079	0.01035	0.08763	0.00847	0.01262	0.00720	0.00747	0.01355	0.01252	0.05508	0.18221	0.02090	0.06794	0.00650	0.00491	0.00121	0.00406	0.00543	0.00404	0.47711
7	0.01547	0.01747	0.23328	0.05026	0.01925	0.01455	0.03279	0.26837	0.07809	0.06890	0.01224	0.01349	0.00900	0.00662	0.00741	0.00182	0.13408	0.00481	0.00394	0.00814
8	0.01662	0.00814	0.01046	0.00866	0.01164	0.00752	0.00691	0.04448	0.07110	0.38824	0.28614	0.02823	0.07055	0.00874	0.00587	0.00172	0.00383	0.00739	0.00626	0.00751
9	0.01326	0.52875	0.29998	0.01157	0.01746	0.01835	0.01323	0.01666	0.01123	0.01443	0.00838	0.00974	0.00696	0.00485	0.00411	0.00137	0.00663	0.00332	0.00232	0.00738
10	0.01613	0.00795	0.01017	0.00856	0.01144	0.00732	0.00678	0.01967	0.09415	0.38040	0.24112	0.05657	0.09786	0.00913	0.00591	0.00175	0.00378	0.00775	0.00618	0.00740
11	0.01159	0.14153	0.62317	0.01511	0.02251	0.01403	0.06515	0.01714	0.01153	0.01663	0.00954	0.01131	0.00701	0.00507	0.00501	0.00165	0.00780	0.00402	0.00234	0.00786

[dist]
# distance from previous block
# <min> <max>
1	33

[block]
# block no. 4 follows, 44 sequences, length 13
# corresponding to MSA columns:
# 989-1001
name=unknown_E
#
# <colnr> <probs for GDERKNQSTAVLIFYWHMCP>
#	G	D	E	R	K	N	Q	S	T	A	V	L	I	F	Y	W	H	M	C	P
0	0.00662	0.00518	0.00602	0.00666	0.00776	0.00458	0.00474	0.00784	0.01149	0.01440	0.04237	0.40876	0.39733	0.01540	0.00673	0.00204	0.00303	0.03945	0.00506	0.00453
1	0.05152	0.01204	0.04695	0.03471	0.01567	0.03092	0.00943	0.22121	0.01758	0.43034	0.01794	0.01851	0.01245	0.00697	0.00549	0.00172	0.00538	0.04676	0.00575	0.00868
2	0.04943	0.00729	0.00970	0.00912	0.01144	0.00678	0.00741	0.01673	0.01335	0.31795	0.06629	0.19123	0.02529	0.01155	0.00637	0.00205	0.00433	0.23138	0.00570	0.00663
3	0.05365	0.00800	0.01055	0.00924	0.01223	0.00730	0.00771	0.01950	0.01424	0.43020	0.07321	0.03400	0.06878	0.00978	0.00610	0.00193	0.00448	0.21578	0.00595	0.00735
4	0.01363	0.05487	0.01203	0.10973	0.01481	0.05688	0.00809	0.06612	0.05384	0.16901	0.30068	0.07288	0.02746	0.00870	0.00578	0.00170	0.00457	0.00739	0.00517	0.00667
5	0.04469	0.41229	0.02078	0.09793	0.01636	0.01698	0.00964	0.05143	0.15065	0.03143	0.01242	0.04783	0.01075	0.00632	0.00498	0.00153	0.03450	0.01900	0.00338	0.00711
6	0.01184	0.00659	0.00784	0.00708	0.00842	0.00640	0.00492	0.05776	0.01180	0.15076	0.10827	0.06202	0.02178	0.38983	0.01606	0.00337	0.00446	0.00750	0.10808	0.00521
7	0.00739	0.00515	0.00651	0.00718	0.00756	0.00497	0.00480	0.00829	0.01017	0.01362	0.08686	0.39767	0.03113	0.29653	0.01433	0.00329	0.00404	0.08184	0.00451	0.00415
8	0.03896	0.09311	0.25099	0.21111	0.10163	0.03611	0.08683	0.01738	0.05067	0.04714	0.01072	0.01312	0.00805	0.00530	0.00520	0.00169	0.00720	0.00456	0.00282	0.00741
9	0.01759	0.01556	0.11310	0.19073	0.03769	0.12440	0.01222	0.16594	0.04004	0.20866	0.01354	0.01434	0.00946	0.00603	0.00535	0.00167	0.00672	0.00476	0.00424	0.00792
10	0.00812	0.00544	0.00698	0.00717	0.00829	0.00495	0.00515	0.00982	0.01294	0.06363	0.31970	0.36297	0.13688	0.01373	0.00660	0.00194	0.00297	0.01218	0.00553	0.00502
11	0.79100	0.06436	0.00939	0.00731	0.01077	0.01286	0.00613	0.01605	0.00940	0.02368	0.00759	0.00885	0.00598	0.00503	0.00338	0.00165	0.00433	0.00295	0.00330	0.00598
12	0.00678	0.00507	0.00633	0.00720	0.00799	0.00462	0.00506	0.00802	0.01133	0.01473	0.08108	0.53804	0.21088	0.01583	0.00684	0.00211	0.00314	0.05530	0.00512	0.00455

[dist]
# distance from previous block
# <min> <max>
0	7

[block]
# block no. 5 follows, 44 sequences, length 12
# corresponding to MSA columns:
# 1009-1020
name=unknown_F
#
# <colnr> <probs for GDERKNQSTAVLIFYWHMCP>
#	G	D	E	R	K	N	Q	S	T	A	V	L	I	F	Y	W	H	M	C	P
0	0.01333	0.42173	0.10025	0.13009	0.20418	0.01720	0.01306	0.01617	0.01142	0.01465	0.00876	0.01102	0.00743	0.00488	0.00441	0.00143	0.00642	0.00378	0.00243	0.00737
1	0.00927	0.00653	0.00814	0.00780	0.00931	0.00642	0.00581	0.01343	0.12734	0.06077	0.46987	0.18971	0.04109	0.01154	0.00635	0.00183	0.00306	0.01020	0.00578	0.00575
2	0.32986	0.01227	0.05967	0.04637	0.01438	0.01282	0.00874	0.16865	0.12855	0.02451	0.09600	0.01558	0.01347	0.00662	0.00531	0.00174	0.03932	0.00484	0.00427	0.00707
3	0.00670	0.00508	0.00620	0.00706	0.00792	0.00459	0.00497	0.00787	0.01120	0.01431	0.03813	0.52017	0.27386	0.01591	0.00682	0.00211	0.00314	0.05438	0.00506	0.00452
4	0.01202	0.01662	0.22603	0.05050	0.27964	0.01320	0.11397	0.01582	0.01138	0.01649	0.01060	0.04974	0.00909	0.00631	0.00770	0.00184	0.14352	0.00532	0.00265	0.00756
5	0.00705	0.00533	0.00651	0.00667	0.00785	0.00479	0.00483	0.00884	0.01320	0.01762	0.36097	0.25272	0.25668	0.01354	0.00658	0.00189	0.00279	0.01188	0.00547	0.00479
6	0.01998	0.02479	0.01555	0.01398	0.01674	0.71218	0.01059	0.05723	0.01561	0.01436	0.00859	0.01009	0.00714	0.00585	0.00556	0.00146	0.04729	0.00364	0.00292	0.00645
7	0.01890	0.01436	0.01533	0.01217	0.01621	0.01605	0.00992	0.57104	0.21378	0.03142	0.01541	0.01494	0.01115	0.00676	0.00548	0.00169	0.00557	0.00523	0.00548	0.00911
8	0.00802	0.00666	0.01008	0.30605	0.01911	0.00735	0.00883	0.01001	0.01072	0.01396	0.02363	0.46646	0.06313	0.01250	0.00636	0.00204	0.00470	0.01125	0.00406	0.00505
9	0.65153	0.01054	0.03840	0.00783	0.01116	0.01109	0.00666	0.01621	0.01011	0.09023	0.01128	0.07456	0.00971	0.00644	0.00403	0.00175	0.00434	0.02416	0.00381	0.00615
10	0.01186	0.30951	0.01550	0.00787	0.01055	0.01196	0.00687	0.01399	0.01258	0.05959	0.23156	0.02252	0.04919	0.00752	0.00525	0.00145	0.03850	0.00588	0.17179	0.00607
11	0.01175	0.03539	0.01050	0.00919	0.01101	0.05655	0.00715	0.03904	0.06845	0.11255	0.07284	0.21625	0.17210	0.01209	0.02408	0.00208	0.10246	0.02575	0.00478	0.00601

[dist]
# distance from previous block
# <min> <max>
10	45

[block]
# block no. 6 follows, 44 sequences, length 13
# corresponding to MSA columns:
# 1079-1091
name=unknown_G
#
# <colnr> <probs for GDERKNQSTAVLIFYWHMCP>
#	G	D	E	R	K	N	Q	S	T	A	V	L	I	F	Y	W	H	M	C	P
0	0.01213	0.06512	0.13490	0.00995	0.01329	0.04251	0.03743	0.03855	0.01413	0.12871	0.27746	0.07496	0.09178	0.00916	0.00586	0.00173	0.00476	0.02622	0.00483	0.00651
1	0.06779	0.00782	0.00926	0.00779	0.01017	0.00735	0.00580	0.01141	0.00957	0.01496	0.01256	0.02019	0.01237	0.24510	0.16215	0.00377	0.04019	0.00514	0.00317	0.34344
2	0.00841	0.00592	0.00717	0.00704	0.00827	0.00529	0.00478	0.00944	0.01038	0.04196	0.05307	0.33173	0.09219	0.24865	0.01255	0.00284	0.00392	0.01046	0.00436	0.13156
3	0.03515	0.23712	0.23354	0.01185	0.01708	0.01541	0.01222	0.19734	0.04682	0.09307	0.01237	0.04332	0.00967	0.00608	0.00485	0.00157	0.00618	0.00459	0.00377	0.00801
4	0.01733	0.01265	0.07147	0.04310	0.20964	0.01093	0.12061	0.05588	0.01409	0.29839	0.01455	0.01523	0.01019	0.00557	0.00546	0.00162	0.00611	0.00513	0.00434	0.07771
5	0.00780	0.00608	0.00793	0.05789	0.01026	0.00641	0.00611	0.00941	0.01089	0.01479	0.09931	0.21531	0.20310	0.06511	0.14368	0.00332	0.06198	0.00979	0.05603	0.00480
6	0.01306	0.01202	0.04707	0.12456	0.31788	0.01175	0.14601	0.01630	0.01202	0.08862	0.01256	0.05306	0.01046	0.00876	0.06932	0.00233	0.03779	0.00576	0.00316	0.00750
7	0.23326	0.15146	0.06531	0.06111	0.03218	0.08884	0.02538	0.08215	0.01282	0.11646	0.01118	0.04201	0.00894	0.00607	0.00514	0.00163	0.04104	0.00436	0.00362	0.00704
8	0.01295	0.45388	0.21136	0.01185	0.04887	0.01677	0.01187	0.04697	0.01179	0.01519	0.01112	0.10364	0.01057	0.00634	0.00449	0.00147	0.00610	0.00484	0.00279	0.00712
9	0.00688	0.00487	0.00637	0.00749	0.00780	0.00460	0.00499	0.00777	0.01022	0.01361	0.02847	0.68474	0.03394	0.11130	0.00946	0.00259	0.00349	0.04223	0.00485	0.00432
10	0.05022	0.01492	0.11231	0.01277	0.04340	0.01368	0.02451	0.40682	0.04144	0.14653	0.06665	0.01576	0.01261	0.00659	0.00543	0.00167	0.00577	0.00522	0.00507	0.00863
11	0.01729	0.04174	0.14242	0.04187	0.01729	0.01081	0.06772	0.10774	0.04496	0.31005	0.07743	0.01812	0.02828	0.00657	0.00546	0.00166	0.00562	0.00553	0.00493	0.04450
12	0.04446	0.36188	0.10699	0.00930	0.01277	0.01338	0.00883	0.01373	0.01108	0.04798	0.01730	0.27458	0.03945	0.00922	0.00501	0.00164	0.00500	0.00758	0.00355	0.00626

[dist]
# distance from previous block
# <min> <max>
0	1

[block]
# block no. 7 follows, 44 sequences, length 15
# corresponding to MSA columns:
# 1093-1107
name=unknown_H
#
# <colnr> <probs for GDERKNQSTAVLIFYWHMCP>
#	G	D	E	R	K	N	Q	S	T	A	V	L	I	F	Y	W	H	M	C	P
0	0.51196	0.07309	0.01232	0.00910	0.01290	0.01448	0.00763	0.25936	0.01479	0.02683	0.00940	0.01024	0.00709	0.00552	0.00407	0.00163	0.00493	0.00359	0.00398	0.00709
1	0.00801	0.00784	0.05685	0.00966	0.01164	0.00641	0.10199	0.01026	0.01233	0.01650	0.18462	0.32028	0.16494	0.01283	0.00661	0.00198	0.00414	0.05307	0.00479	0.00524
2	0.04573	0.12325	0.15506	0.06061	0.02866	0.09372	0.06022	0.14366	0.09728	0.08516	0.01284	0.03648	0.00993	0.00615	0.00531	0.00165	0.01791	0.00486	0.00379	0.00773
3	0.01250	0.07952	0.15640	0.38086	0.04952	0.01275	0.02911	0.05843	0.03009	0.06143	0.01077	0.01353	0.00801	0.00538	0.00516	0.00165	0.00677	0.00452	0.00297	0.07065
4	0.01434	0.11939	0.09167	0.01046	0.01380	0.04842	0.00914	0.22772	0.04848	0.06570	0.06235	0.16812	0.01770	0.06949	0.00719	0.00198	0.00540	0.00714	0.00447	0.00705
5	0.01385	0.13474	0.14785	0.01219	0.01647	0.04281	0.09910	0.09483	0.09023	0.08790	0.18408	0.01968	0.01895	0.00690	0.00544	0.00164	0.00579	0.00588	0.00427	0.00738
6	0.00916	0.00821	0.05665	0.21857	0.01710	0.00751	0.00871	0.01204	0.01353	0.05224	0.37844	0.03273	0.14494	0.00947	0.00605	0.00176	0.00428	0.00822	0.00471	0.00567
7	0.27457	0.16871	0.17955	0.06219	0.06088	0.01436	0.01127	0.01828	0.12874	0.01936	0.01064	0.01184	0.00826	0.00539	0.00438	0.00163	0.00569	0.00391	0.00318	0.00717
8	0.01780	0.01329	0.04454	0.16001	0.15352	0.03579	0.03061	0.26265	0.01727	0.18977	0.01351	0.01452	0.00954	0.00597	0.00545	0.00168	0.00628	0.00498	0.00444	0.00839
9	0.00701	0.00505	0.00657	0.00729	0.00798	0.00475	0.00508	0.00842	0.01153	0.01569	0.18095	0.52389	0.09330	0.01678	0.05412	0.00246	0.00369	0.01318	0.02764	0.00463
10	0.00904	0.00633	0.00787	0.00823	0.00938	0.00632	0.00587	0.01279	0.14252	0.06165	0.12703	0.52014	0.03340	0.01400	0.00656	0.00205	0.00337	0.01253	0.00537	0.00554
11	0.02946	0.19850	0.12222	0.27019	0.03849	0.01450	0.05779	0.03876	0.03916	0.08921	0.01084	0.01311	0.00821	0.00557	0.00554	0.00166	0.04212	0.00446	0.00305	0.00716
12	0.00911	0.00662	0.00857	0.00895	0.06692	0.00618	0.00613	0.01204	0.04958	0.06329	0.47865	0.03900	0.20233	0.01082	0.00626	0.00174	0.00311	0.00942	0.00557	0.00569
13	0.00688	0.00492	0.00659	0.00774	0.00820	0.00462	0.00537	0.00806	0.01093	0.01462	0.07761	0.69556	0.03667	0.01654	0.00697	0.00221	0.00328	0.07359	0.00512	0.00452
14	0.10696	0.32141	0.08158	0.05715	0.01643	0.01588	0.05768	0.05124	0.14629	0.01827	0.06788	0.01435	0.01210	0.00585	0.00460	0.00154	0.00562	0.00454	0.00347	0.00718

[dist]
# distance from previous block
# <min> <max>
12	40

[block]
# block no. 8 follows, 44 sequences, length 17
# corresponding to MSA columns:
# 1161-1177
name=unknown_I
#
# <colnr> <probs for GDERKNQSTAVLIFYWHMCP>
#	G	D	E	R	K	N	Q	S	T	A	V	L	I	F	Y	W	H	M	C	P
0	0.02351	0.01079	0.01359	0.01042	0.01467	0.01026	0.00861	0.21124	0.01814	0.58992	0.01938	0.01717	0.01243	0.00670	0.00548	0.00167	0.00498	0.00534	0.00642	0.00928
1	0.05078	0.00838	0.01153	0.19167	0.09787	0.02466	0.00913	0.04477	0.01320	0.04684	0.24243	0.17029	0.04767	0.00957	0.00594	0.00181	0.00464	0.00842	0.00443	0.00598
2	0.01477	0.02775	0.06650	0.13266	0.15985	0.01235	0.16731	0.08710	0.06835	0.13209	0.01413	0.01746	0.01083	0.00607	0.00568	0.00176	0.00663	0.04256	0.01832	0.00783
3	0.01238	0.09803	0.13230	0.38040	0.02923	0.09835	0.14264	0.01614	0.01185	0.01485	0.00958	0.01301	0.00733	0.00520	0.00532	0.00169	0.00785	0.00465	0.00250	0.00670
4	0.00747	0.00541	0.00665	0.00706	0.00737	0.00542	0.00460	0.00813	0.00963	0.01286	0.05588	0.36117	0.07893	0.34772	0.01614	0.00346	0.04250	0.01130	0.00423	0.00407
5	0.01477	0.22104	0.08113	0.22954	0.04296	0.05416	0.01191	0.11010	0.06142	0.08235	0.01155	0.01321	0.00876	0.00561	0.00486	0.00157	0.00636	0.00436	0.02696	0.00736
6	0.01571	0.05884	0.09696	0.07001	0.09982	0.11330	0.11970	0.10334	0.01487	0.13319	0.08474	0.01630	0.01305	0.00610	0.00544	0.00163	0.00668	0.00530	0.02747	0.00755
7	0.00756	0.00549	0.00697	0.00730	0.00811	0.00527	0.00508	0.00979	0.05050	0.01717	0.32357	0.37605	0.03941	0.10121	0.00896	0.00233	0.00322	0.01195	0.00527	0.00480
8	0.00821	0.00738	0.04688	0.01009	0.03705	0.00642	0.07143	0.00990	0.01069	0.01449	0.06871	0.36272	0.02761	0.18432	0.03485	0.00299	0.00498	0.08215	0.00426	0.00488
9	0.02859	0.13927	0.15711	0.03994	0.03033	0.10510	0.01147	0.20372	0.03334	0.09745	0.02789	0.01489	0.01046	0.00619	0.00501	0.00158	0.00638	0.02715	0.04640	0.00773
10	0.25797	0.03046	0.00855	0.00808	0.00983	0.02040	0.00615	0.04905	0.01103	0.01812	0.02170	0.35653	0.06827	0.01310	0.04344	0.00229	0.02592	0.03950	0.00429	0.00531
11	0.01165	0.00587	0.00743	0.00740	0.00886	0.00542	0.00540	0.01329	0.01188	0.18972	0.02480	0.41436	0.02497	0.01184	0.00577	0.00184	0.00333	0.01041	0.23007	0.00571
12	0.04874	0.23326	0.22223	0.05115	0.07659	0.01452	0.03117	0.04209	0.06972	0.14277	0.01214	0.01291	0.00898	0.00548	0.00480	0.00157	0.00625	0.00427	0.00348	0.00790
13	0.05390	0.04427	0.06845	0.04856	0.01598	0.01010	0.03508	0.05444	0.06144	0.49274	0.01813	0.01742	0.01221	0.03482	0.00612	0.00182	0.00526	0.00528	0.00551	0.00848
14	0.03587	0.00582	0.00794	0.00830	0.00916	0.00616	0.00609	0.00980	0.01014	0.04944	0.04836	0.40951	0.02557	0.02418	0.28384	0.00448	0.03552	0.01062	0.00426	0.00494
15	0.54961	0.04673	0.03334	0.03416	0.03375	0.16408	0.00809	0.04401	0.01135	0.02147	0.00815	0.00957	0.00643	0.00522	0.00393	0.00161	0.00571	0.00327	0.00322	0.00629
16	0.00690	0.00549	0.00612	0.00609	0.00755	0.00487	0.00446	0.00842	0.01239	0.01569	0.19400	0.08195	0.49195	0.07926	0.04843	0.00247	0.00356	0.01077	0.00500	0.00461

[dist]
# distance from previous block
# <min> <max>
4	6

[block]
# block no. 9 follows, 44 sequences, length 22
# corresponding to MSA columns:
# 1184-1196,1200-1208
name=unknown_J
#
# <colnr> <probs for GDERKNQSTAVLIFYWHMCP>
#	G	D	E	R	K	N	Q	S	T	A	V	L	I	F	Y	W	H	M	C	P
0	0.01678	0.45850	0.02256	0.01117	0.01512	0.27191	0.00974	0.06286	0.05852	0.01487	0.00906	0.01005	0.00772	0.00525	0.00420	0.00131	0.00706	0.00342	0.00287	0.00701
1	0.01815	0.06987	0.01432	0.01019	0.01394	0.01110	0.00848	0.10294	0.03654	0.33227	0.01499	0.01484	0.01062	0.00636	0.00662	0.00154	0.10936	0.00465	0.02244	0.19077
2	0.11603	0.01211	0.01486	0.26220	0.05093	0.01382	0.01123	0.33907	0.03484	0.02450	0.01248	0.06135	0.01000	0.00661	0.00529	0.00174	0.00599	0.00532	0.00411	0.00750
3	0.00726	0.00532	0.00685	0.00740	0.00821	0.00503	0.00519	0.00933	0.04098	0.01698	0.28245	0.48685	0.06854	0.01457	0.00671	0.00202	0.00299	0.01308	0.00540	0.00484
4	0.00758	0.00557	0.00710	0.00672	0.00806	0.00509	0.00504	0.01003	0.01511	0.02111	0.69564	0.04197	0.12779	0.01143	0.00643	0.00173	0.00259	0.01003	0.00590	0.00509
5	0.01030	0.00969	0.01635	0.79530	0.03755	0.01211	0.01514	0.01393	0.01090	0.01393	0.00969	0.01453	0.00727	0.00545	0.00545	0.00182	0.00727	0.00484	0.00242	0.00606
6	0.84691	0.01054	0.00801	0.00717	0.01054	0.01223	0.00590	0.01603	0.00928	0.02446	0.00759	0.00886	0.00590	0.00506	0.00337	0.00169	0.00422	0.00295	0.00337	0.00590
7	0.00664	0.00474	0.00633	0.00759	0.00791	0.00443	0.00506	0.00759	0.01044	0.01392	0.03005	0.80485	0.03606	0.01708	0.00696	0.00221	0.00316	0.01550	0.00506	0.00443
8	0.01820	0.47888	0.02243	0.00985	0.01435	0.01708	0.00908	0.11460	0.01425	0.23515	0.01228	0.01212	0.00915	0.00550	0.00432	0.00138	0.00551	0.00391	0.00400	0.00794
9	0.00779	0.00584	0.00876	0.00876	0.00974	0.00681	0.00681	0.00974	0.00876	0.01266	0.01460	0.02142	0.01363	0.04089	0.78680	0.00876	0.01460	0.00584	0.00292	0.00487
10	0.00779	0.00584	0.00876	0.00876	0.00974	0.00681	0.00681	0.00974	0.00876	0.01266	0.01460	0.02142	0.01363	0.04089	0.78680	0.00876	0.01460	0.00584	0.00292	0.00487
11	0.01647	0.01304	0.01435	0.01282	0.06058	0.01462	0.00967	0.33677	0.37639	0.02732	0.01744	0.01685	0.01293	0.00684	0.00543	0.00172	0.00509	0.00551	0.03740	0.00877
12	0.36034	0.04485	0.05913	0.01114	0.01366	0.10505	0.00961	0.03767	0.01037	0.01873	0.00784	0.01029	0.00666	0.00668	0.00865	0.00187	0.27454	0.00376	0.00293	0.00624
13	0.01118	0.00899	0.00966	0.00891	0.01138	0.00971	0.00691	0.02045	0.42300	0.03827	0.10524	0.03133	0.20039	0.00947	0.00581	0.00182	0.00369	0.03138	0.05540	0.00701
14	0.00764	0.00557	0.00718	0.00678	0.00810	0.00511	0.00508	0.01014	0.01525	0.02143	0.72798	0.04144	0.09525	0.01131	0.00643	0.00172	0.00258	0.00996	0.00594	0.00511
15	0.00793	0.00529	0.00595	0.00595	0.00595	0.00529	0.00330	0.00793	0.00793	0.01057	0.01718	0.03568	0.01982	0.80840	0.02775	0.00529	0.00529	0.00793	0.00330	0.00330
16	0.01093	0.02820	0.78016	0.01554	0.02360	0.01266	0.02014	0.01727	0.01151	0.01727	0.00978	0.01151	0.00691	0.00518	0.00518	0.00173	0.00806	0.00403	0.00230	0.00806
17	0.06350	0.00745	0.00899	0.00768	0.00964	0.00712	0.00550	0.03978	0.01154	0.30778	0.01816	0.02679	0.01623	0.42701	0.01703	0.00357	0.00500	0.00660	0.00470	0.00595
18	0.00770	0.00541	0.00661	0.00645	0.00718	0.00515	0.00433	0.00907	0.01195	0.01649	0.39193	0.07263	0.07136	0.34297	0.01532	0.00323	0.00373	0.00938	0.00479	0.00432
19	0.01246	0.44013	0.26914	0.01144	0.01676	0.01646	0.03176	0.01577	0.01149	0.01500	0.05616	0.05943	0.01144	0.00597	0.00450	0.00146	0.00628	0.00454	0.00272	0.00708
20	0.01243	0.01102	0.01578	0.46121	0.08405	0.05331	0.02884	0.07072	0.03149	0.04987	0.02772	0.05692	0.01054	0.00624	0.00546	0.00172	0.00659	0.00545	0.00323	0.05742
21	0.01431	0.04290	0.03686	0.08869	0.26747	0.01221	0.02621	0.14479	0.04860	0.06657	0.04165	0.04320	0.01172	0.00599	0.00527	0.00155	0.00571	0.00524	0.00379	0.12728

[dist]
# distance from previous block
# <min> <max>
0	33

[block]
# block no. 10 follows, 44 sequences, length 20
# corresponding to MSA columns:
# 1242-1261
name=unknown_K
#
# <colnr> <probs for GDERKNQSTAVLIFYWHMCP>
#	G	D	E	R	K	N	Q	S	T	A	V	L	I	F	Y	W	H	M	C	P
0	0.17391	0.06848	0.09636	0.11569	0.10753	0.04154	0.01087	0.10208	0.02758	0.04974	0.13943	0.01695	0.01524	0.00641	0.00503	0.00166	0.00557	0.00512	0.00382	0.00701
1	0.34628	0.00820	0.00888	0.00995	0.08468	0.00860	0.00663	0.01238	0.01053	0.01925	0.06515	0.31631	0.02073	0.00998	0.00517	0.00184	0.00392	0.00840	0.00411	0.04900
2	0.06270	0.00818	0.01107	0.30934	0.02028	0.00912	0.00948	0.05073	0.04129	0.01631	0.02493	0.10570	0.19099	0.03689	0.00666	0.00203	0.00516	0.07959	0.00392	0.00562
3	0.02334	0.00953	0.01262	0.00984	0.01394	0.00858	0.00808	0.02682	0.09242	0.70070	0.02158	0.01874	0.01382	0.00681	0.00549	0.00170	0.00461	0.00555	0.00662	0.00921
4	0.00730	0.00542	0.00621	0.00618	0.00761	0.00483	0.00457	0.00919	0.01324	0.01783	0.31334	0.11904	0.35976	0.01242	0.00623	0.00178	0.00271	0.01066	0.08686	0.00483
5	0.01235	0.00617	0.00805	0.00784	0.00936	0.00563	0.00565	0.01369	0.01181	0.24052	0.02519	0.42817	0.02586	0.09096	0.00829	0.00228	0.00376	0.01088	0.07772	0.00581
6	0.33944	0.00976	0.01088	0.00873	0.01262	0.00963	0.00721	0.02253	0.01318	0.48952	0.01618	0.01484	0.01059	0.00610	0.00467	0.00169	0.00448	0.00451	0.00546	0.00799
7	0.84691	0.01054	0.00801	0.00717	0.01054	0.01223	0.00590	0.01603	0.00928	0.02446	0.00759	0.00886	0.00590	0.00506	0.00337	0.00169	0.00422	0.00295	0.00337	0.00590
8	0.84691	0.01054	0.00801	0.00717	0.01054	0.01223	0.00590	0.01603	0.00928	0.02446	0.00759	0.00886	0.00590	0.00506	0.00337	0.00169	0.00422	0.00295	0.00337	0.00590
9	0.01023	0.00738	0.01070	0.39906	0.02191	0.00859	0.00946	0.01331	0.01117	0.01714	0.01375	0.01744	0.01063	0.00590	0.00463	0.00154	0.00490	0.00496	0.42175	0.00557
10	0.00779	0.00584	0.00876	0.00876	0.00974	0.00681	0.00681	0.00974	0.00876	0.01266	0.01460	0.02142	0.01363	0.04089	0.78680	0.00876	0.01460	0.00584	0.00292	0.00487
11	0.01422	0.73458	0.10253	0.00994	0.01494	0.02069	0.01039	0.01642	0.01112	0.01326	0.00780	0.00902	0.00699	0.00471	0.00366	0.00122	0.00605	0.00302	0.00233	0.00710
12	0.33040	0.07576	0.03248	0.03163	0.18931	0.05357	0.02666	0.08933	0.01227	0.03527	0.00918	0.01111	0.00735	0.00555	0.00548	0.00167	0.06866	0.00394	0.00324	0.00712
13	0.00663	0.00480	0.00627	0.00745	0.00787	0.00444	0.00500	0.00761	0.01058	0.01397	0.03180	0.75263	0.08715	0.01685	0.00692	0.00219	0.00314	0.01522	0.00506	0.00444
14	0.01186	0.00748	0.00938	0.00897	0.01086	0.00745	0.00698	0.07778	0.09250	0.13534	0.17318	0.25918	0.03056	0.01208	0.00645	0.00200	0.00395	0.13217	0.00558	0.00626
15	0.04558	0.02031	0.42741	0.01541	0.07262	0.01191	0.07549	0.07544	0.01348	0.09212	0.08618	0.01548	0.01230	0.00595	0.00540	0.00171	0.00686	0.00502	0.00344	0.00788
16	0.01575	0.01211	0.01353	0.06114	0.01605	0.01355	0.00937	0.32792	0.28905	0.04538	0.01861	0.10196	0.01537	0.00814	0.00570	0.00181	0.00511	0.02598	0.00527	0.00820
17	0.00736	0.00515	0.00652	0.00699	0.00736	0.00505	0.00457	0.00823	0.00993	0.01348	0.11157	0.35271	0.02971	0.31700	0.08598	0.00391	0.00494	0.01109	0.00431	0.00413
18	0.84691	0.01054	0.00801	0.00717	0.01054	0.01223	0.00590	0.01603	0.00928	0.02446	0.00759	0.00886	0.00590	0.00506	0.00337	0.00169	0.00422	0.00295	0.00337	0.00590
19	0.69391	0.01010	0.00852	0.00744	0.01075	0.01131	0.00605	0.01701	0.01005	0.12399	0.00994	0.01154	0.00764	0.04704	0.00492	0.00187	0.00433	0.00355	0.00382	0.00622

[dist]
# distance from previous block
# <min> <max>
1	7

[block]
# block no. 11 follows, 44 sequences, length 28
# corresponding to MSA columns:
# 1269-1296
name=unknown_L
#
