[name]
unknown

[dist]
# distance from previous block
# <min> <max>
0	76

[block]
# block no. 0 follows, 44 sequences, length 27
# corresponding to MSA columns:
# 80-106
name=unknown_A
#
# <colnr> <probs for GDERKNQSTAVLIFYWHMCP>
#	G	D	E	R	K	N	Q	S	T	A	V	L	I	F	Y	W	H	M	C	P
0	0.00788	0.00605	0.00846	0.06193	0.04699	0.00590	0.00716	0.00959	0.01130	0.01501	0.04396	0.45619	0.07168	0.01451	0.00678	0.00215	0.00402	0.18256	0.00472	0.03317
1	0.01267	0.01219	0.01770	0.31724	0.19312	0.04954	0.01405	0.06816	0.01180	0.01602	0.00930	0.01326	0.00768	0.00653	0.00885	0.00190	0.22566	0.00477	0.00271	0.00685
2	0.00755	0.00554	0.00694	0.00660	0.00788	0.00508	0.00487	0.00977	0.01446	0.02003	0.61519	0.04203	0.15179	0.06895	0.00797	0.00199	0.00279	0.00995	0.00567	0.00493
3	0.22191	0.00895	0.00986	0.00855	0.01139	0.00923	0.00676	0.06696	0.09349	0.21354	0.18870	0.09947	0.02253	0.00841	0.00533	0.00176	0.00397	0.00688	0.00536	0.00695
4	0.00785	0.00530	0.00617	0.00623	0.00632	0.00535	0.00365	0.00804	0.00812	0.01089	0.01765	0.07403	0.02021	0.71261	0.08136	0.00538	0.00585	0.00817	0.00337	0.00347
5	0.00740	0.00520	0.00662	0.00715	0.00806	0.00473	0.00502	0.00884	0.01210	0.03864	0.21127	0.48044	0.15464	0.01484	0.00671	0.00202	0.00300	0.01322	0.00534	0.00477
6	0.01193	0.01193	0.01670	0.01431	0.01431	0.01670	0.01193	0.01312	0.00835	0.01312	0.00716	0.01193	0.00716	0.00954	0.01789	0.00239	0.79843	0.00477	0.00239	0.00596
7	0.00955	0.00801	0.01047	0.00869	0.01178	0.00650	0.04615	0.01151	0.01105	0.01623	0.01778	0.32414	0.01911	0.00921	0.00532	0.00142	0.00397	0.00824	0.00393	0.46695
8	0.01458	0.81168	0.02857	0.00933	0.01399	0.02157	0.00933	0.01632	0.01108	0.01283	0.00758	0.00875	0.00700	0.00466	0.00350	0.00117	0.00583	0.00292	0.00233	0.00700
9	0.00697	0.00488	0.00623	0.00717	0.00741	0.00465	0.00461	0.00768	0.00980	0.01307	0.02678	0.60946	0.03193	0.21810	0.01224	0.00299	0.00370	0.01358	0.00461	0.00414
10	0.84691	0.01054	0.00801	0.00717	0.01054	0.01223	0.00590	0.01603	0.00928	0.02446	0.00759	0.00886	0.00590	0.00506	0.00337	0.00169	0.00422	0.00295	0.00337	0.00590
11	0.00646	0.00548	0.00557	0.00564	0.00740	0.00459	0.00420	0.00781	0.01231	0.01468	0.05374	0.09690	0.72871	0.01400	0.00647	0.00186	0.00279	0.01174	0.00506	0.00459
12	0.84691	0.01054	0.00801	0.00717	0.01054	0.01223	0.00590	0.01603	0.00928	0.02446	0.00759	0.00886	0.00590	0.00506	0.00337	0.00169	0.00422	0.00295	0.00337	0.00590
13	0.84691	0.01054	0.00801	0.00717	0.01054	0.01223	0.00590	0.01603	0.00928	0.02446	0.00759	0.00886	0.00590	0.00506	0.00337	0.00169	0.00422	0.00295	0.00337	0.00590
14	0.02446	0.00928	0.01265	0.00970	0.01392	0.00801	0.00801	0.02657	0.01560	0.77817	0.02151	0.01856	0.01350	0.00675	0.00548	0.00169	0.00464	0.00548	0.00675	0.00928
15	0.01093	0.02820	0.78016	0.01554	0.02360	0.01266	0.02014	0.01727	0.01151	0.01727	0.00978	0.01151	0.00691	0.00518	0.00518	0.00173	0.00806	0.00403	0.00230	0.00806
16	0.01677	0.01834	0.01870	0.14660	0.02235	0.36562	0.16770	0.06504	0.01464	0.05691	0.01119	0.01486	0.00901	0.00596	0.00552	0.00165	0.00851	0.04064	0.00322	0.00677
17	0.00664	0.00474	0.00633	0.00759	0.00791	0.00443	0.00506	0.00759	0.01044	0.01392	0.03005	0.80485	0.03606	0.01708	0.00696	0.00221	0.00316	0.01550	0.00506	0.00443
18	0.00721	0.00559	0.00658	0.00643	0.00796	0.00496	0.00489	0.00925	0.01395	0.01841	0.41553	0.04700	0.37036	0.01253	0.00649	0.00181	0.00278	0.04785	0.00553	0.00490
19	0.00741	0.00537	0.00699	0.00699	0.00806	0.00495	0.00509	0.00955	0.01412	0.01969	0.56655	0.22584	0.07364	0.01268	0.00656	0.00184	0.00272	0.01128	0.00574	0.00495
20	0.01846	0.15572	0.01986	0.01429	0.01787	0.50376	0.10579	0.07293	0.01511	0.01529	0.00895	0.01051	0.00734	0.00539	0.00491	0.00144	0.00880	0.00389	0.00291	0.00678
21	0.01695	0.00738	0.00989	0.00871	0.01132	0.00657	0.00681	0.01875	0.01351	0.44054	0.02430	0.26776	0.02157	0.01041	0.00593	0.00187	0.00404	0.04799	0.06848	0.00721
22	0.02372	0.00914	0.01247	0.00972	0.01379	0.00793	0.00805	0.02585	0.01546	0.74242	0.02185	0.02057	0.01433	0.00714	0.00558	0.00173	0.00466	0.03985	0.00667	0.00908
23	0.00947	0.00774	0.01132	0.03380	0.08660	0.00762	0.06119	0.05183	0.04121	0.01938	0.31890	0.15574	0.08822	0.01098	0.00640	0.00187	0.00413	0.07277	0.00499	0.00586
24	0.08143	0.01026	0.01277	0.00991	0.01398	0.00973	0.00816	0.15031	0.01687	0.56997	0.04621	0.01773	0.01361	0.00675	0.00536	0.00168	0.00477	0.00536	0.00626	0.00889
25	0.01060	0.00768	0.00941	0.00923	0.01057	0.00818	0.00681	0.11833	0.08697	0.05524	0.02477	0.51834	0.02712	0.01357	0.00732	0.00208	0.06104	0.01180	0.00506	0.00589
26	0.01168	0.06968	0.02475	0.06374	0.06076	0.01223	0.45856	0.01528	0.01233	0.01657	0.01682	0.06767	0.09035	0.00649	0.00602	0.00177	0.00732	0.00704	0.04419	0.00673

[dist]
# distance from previous block
# <min> <max>
1	38

[block]
# block no. 1 follows, 44 sequences, length 14
# corresponding to MSA columns:
# 145-158
name=unknown_B
#
# <colnr> <probs for GDERKNQSTAVLIFYWHMCP>
#	G	D	E	R	K	N	Q	S	T	A	V	L	I	F	Y	W	H	M	C	P
0	0.01233	0.01254	0.06389	0.15217	0.21992	0.07358	0.06429	0.01576	0.04451	0.04814	0.01462	0.15938	0.01369	0.00740	0.00561	0.00171	0.00620	0.00672	0.00341	0.07414
1	0.52708	0.03577	0.04806	0.00934	0.01304	0.08830	0.00796	0.12318	0.06540	0.02401	0.00959	0.01049	0.00733	0.00549	0.00406	0.00165	0.00525	0.00356	0.00369	0.00675
2	0.06312	0.00935	0.01196	0.01051	0.01202	0.01125	0.00853	0.04511	0.06411	0.09842	0.07799	0.02063	0.05740	0.01404	0.13531	0.00308	0.28318	0.01896	0.04879	0.00625
3	0.03161	0.16409	0.12267	0.10853	0.03013	0.01490	0.01174	0.10335	0.09073	0.01792	0.03941	0.04894	0.01135	0.00769	0.02064	0.00190	0.15888	0.00513	0.00335	0.00705
4	0.00798	0.00600	0.00744	0.00700	0.00848	0.00567	0.00527	0.01132	0.06769	0.02111	0.63705	0.04063	0.13136	0.01119	0.00637	0.00174	0.00272	0.00979	0.00586	0.00533
5	0.01419	0.08644	0.04156	0.01138	0.01447	0.01450	0.00953	0.16804	0.35270	0.02249	0.07536	0.01812	0.01545	0.00825	0.02541	0.00196	0.10192	0.00565	0.00471	0.00790
6	0.00698	0.00552	0.00634	0.00658	0.00805	0.00488	0.00500	0.00866	0.01272	0.01610	0.17800	0.15174	0.45480	0.01391	0.00664	0.00195	0.00305	0.09913	0.00523	0.00473
7	0.00797	0.00542	0.00692	0.00693	0.00736	0.00567	0.00462	0.00872	0.00883	0.01231	0.06576	0.05739	0.01992	0.43502	0.25171	0.04621	0.00771	0.00745	0.03013	0.00394
8	0.01356	0.01171	0.01233	0.01109	0.01418	0.01356	0.00863	0.02897	0.76455	0.02281	0.02219	0.02034	0.01664	0.00740	0.00555	0.00185	0.00431	0.00616	0.00555	0.00863
9	0.01909	0.01190	0.01355	0.01104	0.01485	0.01267	0.00891	0.22886	0.31627	0.27247	0.01946	0.01776	0.01358	0.00695	0.00550	0.00174	0.00489	0.00560	0.00591	0.00902
10	0.01160	0.01148	0.01663	0.17106	0.01898	0.01578	0.01257	0.01328	0.00886	0.01328	0.00766	0.01245	0.00718	0.00872	0.01539	0.00227	0.63963	0.00479	0.00239	0.00598
11	0.01106	0.00912	0.01197	0.01057	0.01101	0.01193	0.00855	0.01265	0.00940	0.01548	0.01149	0.01634	0.01033	0.05817	0.01358	0.00218	0.47088	0.00508	0.29472	0.00549
12	0.05068	0.58047	0.10517	0.01035	0.01528	0.01956	0.01047	0.12265	0.01314	0.01688	0.00860	0.00967	0.00727	0.00501	0.00395	0.00131	0.00602	0.00332	0.00282	0.00739
13	0.01211	0.01064	0.04818	0.03828	0.05962	0.00896	0.18095	0.01526	0.01323	0.09900	0.19960	0.02153	0.04177	0.00663	0.00557	0.00151	0.00531	0.00626	0.00413	0.22146

[dist]
# distance from previous block
# <min> <max>
0	1

[block]
# block no. 2 follows, 44 sequences, length 7
# corresponding to MSA columns:
# 160-166
name=unknown_C
#
# <colnr> <probs for GDERKNQSTAVLIFYWHMCP>
#	G	D	E	R	K	N	Q	S	T	A	V	L	I	F	Y	W	H	M	C	P
0	0.01176	0.01160	0.01714	0.16520	0.09005	0.01547	0.01299	0.01361	0.00922	0.01371	0.00793	0.01257	0.00732	0.00832	0.01434	0.00221	0.57311	0.00479	0.00242	0.00623
1	0.01398	0.00620	0.00710	0.00632	0.00837	0.00586	0.00493	0.01641	0.01255	0.22290	0.01878	0.01985	0.01385	0.00646	0.00426	0.00138	0.00310	0.00519	0.61630	0.00620
2	0.00791	0.00534	0.00622	0.00622	0.00632	0.00544	0.00365	0.00811	0.00801	0.01078	0.01693	0.03428	0.01921	0.73314	0.10218	0.00563	0.00620	0.00772	0.00327	0.00346
3	0.05027	0.21062	0.21575	0.07891	0.08287	0.01392	0.01271	0.06115	0.01272	0.12316	0.01100	0.01220	0.00822	0.00524	0.00469	0.00149	0.00620	0.00403	0.00329	0.08155
4	0.01289	0.02363	0.57852	0.01478	0.02177	0.01205	0.06088	0.05164	0.01288	0.10519	0.04600	0.01390	0.00987	0.00566	0.00536	0.00172	0.00739	0.00464	0.00315	0.00808
5	0.01237	0.00928	0.01053	0.00944	0.01197	0.01004	0.00731	0.02200	0.42953	0.08672	0.29352	0.02757	0.02898	0.00870	0.00586	0.00179	0.00371	0.00744	0.00581	0.00742
6	0.01190	0.01106	0.01773	0.27491	0.30378	0.01207	0.04751	0.01715	0.12930	0.01745	0.05260	0.01879	0.01280	0.00628	0.00565	0.00178	0.00624	0.04229	0.00334	0.00737

[dist]
# distance from previous block
# <min> <max>
2	13

[block]
# block no. 3 follows, 44 sequences, length 13
# corresponding to MSA columns:
# 180-192
name=unknown_D
#
# <colnr> <probs for GDERKNQSTAVLIFYWHMCP>
#	G	D	E	R	K	N	Q	S	T	A	V	L	I	F	Y	W	H	M	C	P
0	0.09370	0.09096	0.01518	0.09674	0.11395	0.04056	0.02481	0.12665	0.01373	0.10114	0.01451	0.13431	0.01319	0.03807	0.00605	0.00179	0.00549	0.00618	0.00397	0.05904
1	0.01337	0.04188	0.01358	0.09207	0.08028	0.09075	0.00941	0.09055	0.01228	0.04640	0.01204	0.01651	0.01036	0.08494	0.02344	0.04795	0.15603	0.00500	0.14704	0.00613
2	0.00747	0.00552	0.00697	0.00671	0.00802	0.00502	0.00499	0.00977	0.01469	0.02035	0.62287	0.08878	0.15482	0.01189	0.00646	0.00176	0.00264	0.01044	0.00581	0.00502
3	0.01065	0.00974	0.01450	0.21129	0.15363	0.03634	0.04754	0.01342	0.01227	0.01692	0.17345	0.02367	0.07285	0.00785	0.00706	0.00179	0.09335	0.02416	0.06333	0.00619
4	0.00811	0.00613	0.00797	0.00841	0.05498	0.00576	0.00577	0.01086	0.03658	0.02020	0.53832	0.08268	0.13897	0.01115	0.00627	0.00174	0.00292	0.00979	0.03805	0.00535
5	0.01014	0.00783	0.01164	0.18400	0.01642	0.00940	0.00913	0.01206	0.01008	0.05936	0.08513	0.02061	0.01491	0.07027	0.27406	0.04588	0.14459	0.00588	0.00324	0.00539
6	0.84691	0.01054	0.00801	0.00717	0.01054	0.01223	0.00590	0.01603	0.00928	0.02446	0.00759	0.00886	0.00590	0.00506	0.00337	0.00169	0.00422	0.00295	0.00337	0.00590
7	0.01494	0.49607	0.02435	0.09926	0.01796	0.05130	0.05254	0.10810	0.05919	0.01649	0.00962	0.01102	0.00797	0.00519	0.00431	0.00139	0.00628	0.00380	0.00297	0.00726
8	0.06325	0.00529	0.00691	0.00686	0.00711	0.00543	0.00450	0.00798	0.00751	0.01083	0.01153	0.02122	0.01208	0.22494	0.04653	0.54176	0.00516	0.00549	0.00269	0.00292
9	0.00659	0.00496	0.00610	0.00702	0.00776	0.00448	0.00481	0.00766	0.01099	0.01414	0.03705	0.59555	0.24083	0.01617	0.00682	0.00211	0.00305	0.01439	0.00506	0.00448
10	0.01130	0.00969	0.01130	0.00807	0.01292	0.00727	0.00646	0.01373	0.01130	0.01776	0.00969	0.01130	0.00807	0.00404	0.00404	0.00081	0.00404	0.00323	0.00323	0.84173
11	0.01203	0.01036	0.01629	0.47115	0.10724	0.01190	0.02866	0.06002	0.01236	0.05400	0.05377	0.01567	0.01042	0.00598	0.00619	0.00174	0.05454	0.00509	0.00311	0.05947
12	0.01439	0.01414	0.03182	0.05905	0.06368	0.14407	0.03886	0.06637	0.28962	0.03156	0.01495	0.01612	0.01167	0.00881	0.05402	0.00219	0.08677	0.00522	0.03926	0.00743

[dist]
# distance from previous block
# <min> <max>
2	6

[block]
# block no. 4 follows, 44 sequences, length 20
# corresponding to MSA columns:
# 199-218
name=unknown_E
#
# <colnr> <probs for GDERKNQSTAVLIFYWHMCP>
#	G	D	E	R	K	N	Q	S	T	A	V	L	I	F	Y	W	H	M	C	P
0	0.64535	0.02633	0.00909	0.00798	0.01082	0.05871	0.00640	0.01530	0.00969	0.02171	0.00970	0.07263	0.00889	0.03251	0.00528	0.00185	0.04437	0.00423	0.00340	0.00575
1	0.10301	0.01001	0.01542	0.39834	0.21769	0.01127	0.01297	0.01414	0.01153	0.01667	0.06348	0.01845	0.07249	0.00631	0.00535	0.00175	0.00605	0.00551	0.00305	0.00652
2	0.21822	0.00682	0.00727	0.00732	0.00878	0.00706	0.00537	0.01192	0.01026	0.07204	0.01992	0.24535	0.02113	0.18505	0.01030	0.00267	0.00413	0.08055	0.07082	0.00501
3	0.01056	0.00895	0.01142	0.04974	0.01334	0.01078	0.00852	0.01753	0.29084	0.01656	0.01629	0.01953	0.01366	0.02286	0.36390	0.00507	0.10437	0.00578	0.00381	0.00646
4	0.01982	0.00827	0.01103	0.00880	0.01228	0.00718	0.00714	0.02193	0.01525	0.57370	0.15038	0.02573	0.09735	0.00820	0.00574	0.00171	0.00410	0.00683	0.00645	0.00811
5	0.00976	0.00568	0.00718	0.00734	0.00822	0.00532	0.00499	0.01063	0.01050	0.12488	0.02543	0.36748	0.05839	0.28551	0.01384	0.00318	0.00416	0.03801	0.00471	0.00478
6	0.00960	0.00519	0.00561	0.00570	0.00666	0.00519	0.00411	0.01143	0.01065	0.01767	0.01812	0.02615	0.01619	0.16403	0.00950	0.03793	0.00335	0.05880	0.57952	0.00461
7	0.02320	0.01129	0.01390	0.01066	0.01492	0.01100	0.00880	0.27200	0.01898	0.52798	0.01868	0.01672	0.01207	0.00668	0.00547	0.00167	0.00510	0.00529	0.00631	0.00928
8	0.04633	0.00903	0.00991	0.00896	0.01084	0.03918	0.00691	0.08675	0.12634	0.04628	0.15370	0.03996	0.13118	0.09685	0.03919	0.03334	0.06688	0.03776	0.00466	0.00596
9	0.00759	0.00555	0.00679	0.00715	0.00836	0.00509	0.00525	0.00952	0.03120	0.03534	0.19596	0.32538	0.25378	0.01420	0.00666	0.00200	0.00312	0.06683	0.00531	0.00490
10	0.01030	0.00969	0.01635	0.79530	0.03755	0.01211	0.01514	0.01393	0.01090	0.01393	0.00969	0.01453	0.00727	0.00545	0.00545	0.00182	0.00727	0.00484	0.00242	0.00606
11	0.01054	0.00804	0.00905	0.00908	0.01078	0.06719	0.00739	0.04344	0.01414	0.06417	0.22093	0.08392	0.10004	0.01244	0.00670	0.00206	0.00448	0.31485	0.00523	0.00552
12	0.00853	0.00542	0.00712	0.00767	0.00864	0.00503	0.00555	0.01007	0.01200	0.07541	0.15575	0.48559	0.06690	0.01454	0.00666	0.00206	0.00330	0.07796	0.03678	0.00501
13	0.00843	0.00578	0.00843	0.00835	0.00922	0.00650	0.00630	0.00979	0.00872	0.03401	0.01459	0.02236	0.01388	0.11675	0.61647	0.08439	0.01246	0.00594	0.00302	0.00460
14	0.00809	0.00579	0.00715	0.00745	0.00860	0.00548	0.00533	0.01068	0.07123	0.04552	0.21627	0.40919	0.15067	0.01396	0.00658	0.00198	0.00310	0.01238	0.00540	0.00514
15	0.05047	0.01106	0.01261	0.01055	0.01416	0.01173	0.00844	0.08687	0.39837	0.30284	0.02063	0.01864	0.01446	0.00700	0.00543	0.00177	0.00457	0.00569	0.00590	0.00882
16	0.02326	0.00601	0.00784	0.00816	0.00907	0.00608	0.00597	0.03659	0.01164	0.04368	0.13059	0.41655	0.03137	0.06520	0.08659	0.00297	0.03067	0.06796	0.00483	0.00498
17	0.01052	0.00706	0.00995	0.18868	0.06835	0.00751	0.00799	0.01331	0.01235	0.05924	0.18318	0.02302	0.02036	0.00898	0.04685	0.00194	0.00466	0.00614	0.31411	0.00578
18	0.00930	0.00576	0.00731	0.00715	0.00860	0.00517	0.00525	0.01093	0.01311	0.11230	0.29023	0.25533	0.19265	0.01311	0.00699	0.03186	0.00311	0.01107	0.00550	0.00525
19	0.04717	0.00838	0.01057	0.00923	0.03259	0.00785	0.00706	0.07173	0.02654	0.35761	0.11559	0.02767	0.12096	0.06568	0.00788	0.03307	0.00433	0.03331	0.00561	0.00716

[dist]
# distance from previous block
# <min> <max>
2	50

[block]
# block no. 5 follows, 44 sequences, length 19
# corresponding to MSA columns:
# 269-287
name=unknown_F
#
# <colnr> <probs for GDERKNQSTAVLIFYWHMCP>
#	G	D	E	R	K	N	Q	S	T	A	V	L	I	F	Y	W	H	M	C	P
0	0.07583	0.20708	0.12492	0.06359	0.06249	0.06006	0.05480	0.05571	0.04355	0.06582	0.01037	0.01195	0.00813	0.00546	0.00544	0.00153	0.05373	0.00409	0.00315	0.08229
1	0.01287	0.00780	0.00961	0.00815	0.01089	0.00706	0.00626	0.01590	0.07859	0.20130	0.11162	0.07743	0.09480	0.08919	0.06829	0.00247	0.00479	0.00713	0.00490	0.18095
2	0.01402	0.59463	0.02394	0.00950	0.01356	0.01877	0.00896	0.07341	0.04582	0.01507	0.01216	0.01326	0.05770	0.00776	0.05002	0.00175	0.02581	0.00399	0.00293	0.00694
3	0.00932	0.00622	0.00791	0.00734	0.00895	0.00585	0.00555	0.01254	0.06367	0.08206	0.58497	0.08278	0.07959	0.01102	0.00633	0.00176	0.00290	0.00967	0.00593	0.00564
4	0.00750	0.00541	0.00627	0.00617	0.00699	0.00507	0.00410	0.00862	0.01130	0.01504	0.25649	0.05936	0.20039	0.36594	0.01591	0.00334	0.00383	0.00951	0.00457	0.00419
5	0.00742	0.00546	0.00649	0.00632	0.00740	0.00502	0.00444	0.00901	0.01267	0.01705	0.38436	0.06533	0.22157	0.21019	0.01175	0.00265	0.00331	0.00996	0.00507	0.00453
6	0.00788	0.00536	0.00662	0.00655	0.00774	0.00498	0.00482	0.01011	0.01375	0.01984	0.47312	0.15259	0.10002	0.01142	0.00606	0.00172	0.00267	0.01001	0.14976	0.00498
7	0.01458	0.81168	0.02857	0.00933	0.01399	0.02157	0.00933	0.01632	0.01108	0.01283	0.00758	0.00875	0.00700	0.00466	0.00350	0.00117	0.00583	0.00292	0.00233	0.00700
8	0.08495	0.01102	0.02099	0.01572	0.01951	0.01051	0.41594	0.01473	0.01348	0.01968	0.28701	0.02364	0.02374	0.00702	0.00616	0.00178	0.00635	0.00737	0.00399	0.00642
9	0.00799	0.00648	0.00730	0.00746	0.00852	0.05127	0.00536	0.00982	0.01341	0.01797	0.40623	0.31732	0.09411	0.01316	0.00653	0.00189	0.00323	0.01165	0.00540	0.00492
10	0.01783	0.01239	0.01400	0.01052	0.01503	0.01214	0.00861	0.38301	0.01901	0.13380	0.01305	0.01322	0.00944	0.00566	0.00494	0.00134	0.00509	0.00438	0.00483	0.31170
11	0.01230	0.00847	0.00970	0.00883	0.01126	0.00870	0.00682	0.04468	0.27129	0.13211	0.12838	0.12859	0.16975	0.01040	0.00605	0.00186	0.00376	0.02453	0.00562	0.00690
12	0.08014	0.01085	0.01221	0.00957	0.01353	0.01056	0.00780	0.23703	0.02788	0.10202	0.01342	0.01571	0.01055	0.00797	0.05123	0.00180	0.00532	0.03647	0.03743	0.30854
13	0.00729	0.00539	0.00644	0.00657	0.00784	0.00486	0.00484	0.00916	0.01314	0.01774	0.32355	0.19353	0.27549	0.01298	0.00640	0.00185	0.00283	0.03569	0.05957	0.00482
14	0.01066	0.00882	0.01056	0.00803	0.01204	0.00690	0.00629	0.01267	0.01084	0.01669	0.01135	0.06485	0.01037	0.00817	0.05608	0.05049	0.00471	0.00430	0.00328	0.68289
15	0.00718	0.00524	0.00651	0.00690	0.00761	0.00502	0.00472	0.00833	0.01072	0.01427	0.13321	0.30702	0.15859	0.19656	0.09970	0.00351	0.00478	0.01123	0.00455	0.00435
16	0.00743	0.00494	0.00661	0.00768	0.00817	0.00459	0.00519	0.00843	0.01067	0.04767	0.02967	0.77012	0.03506	0.01662	0.00689	0.00219	0.00323	0.01506	0.00514	0.00464
17	0.01106	0.00974	0.01642	0.53910	0.12386	0.01123	0.04445	0.01440	0.01167	0.04890	0.06388	0.05727	0.01229	0.00639	0.00563	0.00180	0.00660	0.00584	0.00304	0.00642
18	0.03598	0.00921	0.03623	0.00939	0.01159	0.04246	0.00753	0.03528	0.01250	0.25675	0.08606	0.13685	0.01919	0.07285	0.07435	0.03747	0.07985	0.00725	0.02280	0.00642

[dist]
# distance from previous block
# <min> <max>
1	6

[block]
# block no. 6 follows, 44 sequences, length 16
# corresponding to MSA columns:
# 294-309
name=unknown_G
#
# <colnr> <probs for GDERKNQSTAVLIFYWHMCP>
#	G	D	E	R	K	N	Q	S	T	A	V	L	I	F	Y	W	H	M	C	P
0	0.03984	0.01109	0.01530	0.10665	0.23764	0.01162	0.01134	0.16881	0.05351	0.10924	0.01777	0.04506	0.06786	0.03181	0.00630	0.00186	0.00558	0.04677	0.00427	0.00767
1	0.10064	0.01068	0.01311	0.13638	0.06874	0.01012	0.00896	0.10423	0.01284	0.01987	0.00992	0.01193	0.00790	0.00473	0.00446	0.00122	0.00498	0.00377	0.00335	0.46217
2	0.00761	0.00569	0.00708	0.00684	0.00819	0.00527	0.00508	0.01026	0.03865	0.02005	0.56754	0.10572	0.16778	0.01196	0.00645	0.00178	0.00271	0.01048	0.00575	0.00511
3	0.00707	0.00505	0.00657	0.00732	0.00801	0.00483	0.00512	0.00845	0.01104	0.01510	0.11395	0.52108	0.09686	0.01823	0.09525	0.00282	0.00433	0.01284	0.05146	0.00461
4	0.00791	0.00534	0.00621	0.00621	0.00630	0.00543	0.00363	0.00810	0.00801	0.01077	0.01694	0.03434	0.01924	0.73620	0.09916	0.00561	0.00616	0.00773	0.00327	0.00345
5	0.00779	0.00584	0.00876	0.00876	0.00974	0.00681	0.00681	0.00974	0.00876	0.01266	0.01460	0.02142	0.01363	0.04089	0.78680	0.00876	0.01460	0.00584	0.00292	0.00487
6	0.30724	0.00704	0.00623	0.00591	0.00793	0.00762	0.00462	0.01377	0.01086	0.02187	0.04998	0.01722	0.01289	0.00612	0.00378	0.00144	0.00314	0.00455	0.50243	0.00538
7	0.01193	0.01193	0.01670	0.01431	0.01431	0.01670	0.01193	0.01312	0.00835	0.01312	0.00716	0.01193	0.00716	0.00954	0.01789	0.00239	0.79843	0.00477	0.00239	0.00596
8	0.00839	0.00628	0.00809	0.00779	0.00807	0.00715	0.00538	0.00909	0.00822	0.01148	0.01519	0.02867	0.01648	0.49190	0.23998	0.00590	0.10784	0.00694	0.00308	0.00408
9	0.01130	0.00969	0.01130	0.00807	0.01292	0.00727	0.00646	0.01373	0.01130	0.01776	0.00969	0.01130	0.00807	0.00404	0.00404	0.00081	0.00404	0.00323	0.00323	0.84173
10	0.01458	0.81168	0.02857	0.00933	0.01399	0.02157	0.00933	0.01632	0.01108	0.01283	0.00758	0.00875	0.00700	0.00466	0.00350	0.00117	0.00583	0.00292	0.00233	0.00700
11	0.01316	0.01177	0.02014	0.02785	0.57438	0.01178	0.05688	0.01624	0.01215	0.05598	0.01196	0.01622	0.01016	0.00978	0.10397	0.00256	0.00752	0.02646	0.00300	0.00802
12	0.00684	0.00491	0.00658	0.00756	0.00804	0.00465	0.00517	0.00805	0.01097	0.01485	0.12261	0.66484	0.03674	0.01766	0.05042	0.00252	0.00373	0.01425	0.00506	0.00454
13	0.00742	0.00604	0.00954	0.00941	0.01047	0.00562	0.09944	0.00885	0.01086	0.01441	0.02907	0.66299	0.07395	0.01532	0.00686	0.00215	0.00390	0.01413	0.00477	0.00481
14	0.01246	0.00825	0.00947	0.00925	0.04922	0.00864	0.00668	0.06931	0.20334	0.07915	0.10892	0.05496	0.04378	0.00783	0.00509	0.00160	0.00363	0.00656	0.30513	0.00674
15	0.01200	0.01096	0.05677	0.16758	0.04237	0.02316	0.06717	0.07177	0.07974	0.06527	0.10936	0.02327	0.12799	0.00743	0.00560	0.00165	0.00532	0.00644	0.00415	0.11199

[dist]
# distance from previous block
# <min> <max>
3	31

[block]
# block no. 7 follows, 44 sequences, length 41
# corresponding to MSA columns:
# 341-381
name=unknown_H
#
# <colnr> <probs for GDERKNQSTAVLIFYWHMCP>
#	G	D	E	R	K	N	Q	S	T	A	V	L	I	F	Y	W	H	M	C	P
0	0.01321	0.01285	0.02069	0.15936	0.60580	0.04061	0.01605	0.01674	0.03049	0.01712	0.01038	0.01370	0.00854	0.00505	0.00539	0.00165	0.00668	0.00484	0.00273	0.00812
1	0.01351	0.01283	0.04487	0.40109	0.08135	0.06209	0.07188	0.14086	0.01413	0.04326	0.01236	0.01531	0.03627	0.00595	0.00574	0.00175	0.02134	0.00513	0.00324	0.00702
2	0.00827	0.00539	0.00692	0.00735	0.00824	0.00500	0.00521	0.00939	0.01138	0.06040	0.12824	0.38620	0.12673	0.09352	0.00964	0.04959	0.00356	0.06537	0.00496	0.00465
3	0.00779	0.00584	0.00876	0.00876	0.00974	0.00681	0.00681	0.00974	0.00876	0.01266	0.01460	0.02142	0.01363	0.04089	0.78680	0.00876	0.01460	0.00584	0.00292	0.00487
4	0.01030	0.00969	0.01635	0.79530	0.03755	0.01211	0.01514	0.01393	0.01090	0.01393	0.00969	0.01453	0.00727	0.00545	0.00545	0.00182	0.00727	0.00484	0.00242	0.00606
5	0.01066	0.00714	0.00989	0.04509	0.08257	0.00717	0.00734	0.04650	0.04172	0.07798	0.08556	0.20314	0.06678	0.04083	0.04407	0.16256	0.00485	0.04649	0.00431	0.00538
6	0.01051	0.00847	0.00999	0.00775	0.01151	0.00665	0.00609	0.01270	0.01177	0.03714	0.08567	0.04476	0.08056	0.04183	0.00577	0.00131	0.00387	0.03304	0.00386	0.57677
7	0.00716	0.00505	0.00663	0.00770	0.00810	0.00483	0.00534	0.00819	0.01036	0.01375	0.02787	0.57530	0.03283	0.14025	0.01029	0.00274	0.00377	0.12074	0.00478	0.00434
8	0.01440	0.75563	0.02721	0.00928	0.01368	0.03877	0.00908	0.01606	0.01103	0.01273	0.00805	0.01003	0.00759	0.04217	0.00466	0.00136	0.00590	0.00316	0.00239	0.00681
9	0.01309	0.00745	0.00989	0.00986	0.05616	0.00734	0.00680	0.02884	0.07665	0.21192	0.02072	0.16676	0.03938	0.14425	0.10408	0.07246	0.00573	0.00788	0.00464	0.00609
10	0.02799	0.00556	0.00679	0.00730	0.00815	0.00532	0.00509	0.00952	0.03821	0.03071	0.12696	0.42334	0.11492	0.12370	0.00954	0.00250	0.00350	0.04124	0.00495	0.00469
11	0.01093	0.02820	0.78016	0.01554	0.02360	0.01266	0.02014	0.01727	0.01151	0.01727	0.00978	0.01151	0.00691	0.00518	0.00518	0.00173	0.00806	0.00403	0.00230	0.00806
12	0.03045	0.06165	0.69439	0.01542	0.02310	0.01310	0.05359	0.01720	0.01150	0.01724	0.00969	0.01148	0.00695	0.00513	0.00512	0.00171	0.00792	0.00407	0.00235	0.00793
13	0.01220	0.00840	0.01017	0.00964	0.03992	0.00855	0.00712	0.14223	0.09037	0.09505	0.13803	0.12174	0.15225	0.01315	0.06442	0.04678	0.00485	0.02364	0.00509	0.00640
14	0.01424	0.01029	0.01110	0.00986	0.01275	0.01146	0.00771	0.03891	0.53151	0.10397	0.02114	0.02001	0.01568	0.00712	0.00522	0.00172	0.00405	0.00587	0.15934	0.00806
15	0.01180	0.00975	0.01097	0.01049	0.01293	0.01092	0.00842	0.02269	0.50071	0.02094	0.07926	0.03326	0.02329	0.00980	0.00616	0.00202	0.00438	0.20939	0.00543	0.00737
16	0.21325	0.01017	0.02289	0.07180	0.01452	0.01023	0.00799	0.12680	0.01405	0.22876	0.02882	0.03764	0.02736	0.00797	0.03941	0.00193	0.00516	0.00502	0.04894	0.07732
17	0.01467	0.00808	0.00982	0.00867	0.01095	0.00807	0.00676	0.14708	0.01442	0.21300	0.02024	0.13950	0.01813	0.09208	0.06321	0.00261	0.00510	0.06103	0.14998	0.00660
18	0.02327	0.01118	0.01383	0.01060	0.01487	0.01084	0.00876	0.25817	0.01879	0.54208	0.01884	0.01682	0.01215	0.00668	0.00547	0.00167	0.00507	0.00530	0.00634	0.00928
19	0.01467	0.72551	0.02711	0.00968	0.01412	0.02093	0.00943	0.04360	0.04014	0.01400	0.00832	0.00945	0.00745	0.00500	0.00413	0.00125	0.03237	0.00317	0.00257	0.00711
20	0.01107	0.00843	0.01012	0.09364	0.01367	0.00897	0.00751	0.10751	0.16930	0.04805	0.12297	0.20120	0.13786	0.01065	0.00605	0.00186	0.00410	0.00919	0.02147	0.00639
21	0.00728	0.00577	0.00662	0.00668	0.00821	0.00524	0.00504	0.00963	0.04611	0.01700	0.23950	0.13674	0.40878	0.01329	0.00654	0.00190	0.00299	0.06243	0.00533	0.00493
22	0.03309	0.00599	0.00771	0.00732	0.00883	0.00555	0.00547	0.01205	0.01406	0.11729	0.46566	0.20078	0.04057	0.01151	0.00624	0.00180	0.00301	0.01014	0.03739	0.00554
23	0.00907	0.00595	0.00773	0.00712	0.00860	0.00552	0.00535	0.01176	0.02961	0.07730	0.67308	0.03850	0.04677	0.04098	0.00715	0.00185	0.00286	0.00939	0.00595	0.00545
24	0.02037	0.02598	0.01545	0.01404	0.01685	0.78652	0.01053	0.02177	0.01545	0.01334	0.00843	0.00983	0.00702	0.00562	0.00492	0.00140	0.00983	0.00351	0.00281	0.00632
25	0.02072	0.01527	0.01636	0.01254	0.01691	0.01691	0.01036	0.75622	0.02563	0.03436	0.01309	0.01309	0.00927	0.00654	0.00545	0.00164	0.00600	0.00491	0.00545	0.00927
26	0.05171	0.02745	0.01742	0.08379	0.39676	0.07925	0.03518	0.01557	0.03676	0.01665	0.01372	0.14433	0.01320	0.00841	0.03445	0.00199	0.00648	0.00650	0.00321	0.00720
27	0.00791	0.00538	0.00640	0.00640	0.00656	0.00553	0.00388	0.00822	0.00806	0.01091	0.01676	0.03335	0.01881	0.68340	0.15137	0.00585	0.00680	0.00759	0.00324	0.00356
28	0.01449	0.01218	0.01285	0.01128	0.01453	0.01400	0.00886	0.12385	0.66814	0.02431	0.02100	0.01939	0.01568	0.00729	0.00554	0.00182	0.00453	0.00600	0.00554	0.00871
29	0.03839	0.01042	0.01730	0.25826	0.09772	0.01072	0.13054	0.03205	0.01300	0.23879	0.01525	0.06158	0.01187	0.00664	0.00571	0.00180	0.00631	0.03216	0.00409	0.00739
30	0.26811	0.01295	0.04297	0.04383	0.07633	0.01366	0.02441	0.28560	0.01618	0.08404	0.01183	0.03837	0.00913	0.00633	0.00546	0.00172	0.04245	0.00469	0.00426	0.00768
31	0.00904	0.00827	0.06401	0.00873	0.01105	0.00679	0.05600	0.01263	0.05965	0.04581	0.51030	0.03638	0.12926	0.01024	0.00626	0.00175	0.00360	0.00905	0.00541	0.00578
32	0.00786	0.00541	0.00653	0.00643	0.00683	0.00539	0.00408	0.00868	0.00988	0.01358	0.20522	0.03566	0.02716	0.54061	0.09047	0.00471	0.00544	0.00822	0.00394	0.00390
33	0.01293	0.01368	0.15850	0.19487	0.08097	0.01112	0.14315	0.04071	0.01251	0.12315	0.01466	0.12889	0.01259	0.00718	0.00600	0.00183	0.01992	0.00661	0.00357	0.00717
34	0.06752	0.05739	0.30585	0.12188	0.10529	0.06152	0.08474	0.05421	0.01268	0.06373	0.01048	0.01253	0.00773	0.00528	0.00518	0.00168	0.00733	0.00443	0.00293	0.00762
35	0.01737	0.01073	0.04287	0.01031	0.01369	0.01040	0.00860	0.10136	0.18691	0.31930	0.15180	0.02163	0.01984	0.00774	0.00635	0.00176	0.04912	0.00625	0.00578	0.00816
36	0.00793	0.00529	0.00595	0.00595	0.00595	0.00529	0.00330	0.00793	0.00793	0.01057	0.01718	0.03568	0.01982	0.80840	0.02775	0.00529	0.00529	0.00793	0.00330	0.00330
37	0.01283	0.04820	0.01361	0.10368	0.04426	0.04355	0.00845	0.05328	0.01238	0.04807	0.01020	0.01197	0.00818	0.00457	0.00440	0.00108	0.00498	0.00366	0.00331	0.55934
38	0.01280	0.01067	0.01492	0.27949	0.07836	0.01213	0.02846	0.20720	0.02613	0.02040	0.08456	0.06970	0.03085	0.03448	0.00718	0.00193	0.05194	0.01803	0.00392	0.00682
39	0.00746	0.00532	0.00699	0.00772	0.00834	0.00515	0.00539	0.00864	0.01111	0.03597	0.10126	0.61985	0.08987	0.01565	0.00731	0.00213	0.03812	0.01392	0.00508	0.00471
40	0.07251	0.02401	0.01665	0.13042	0.07418	0.01143	0.14248	0.09730	0.03085	0.11346	0.01421	0.04790	0.01190	0.06289	0.03114	0.00223	0.03456	0.03258	0.02708	0.02219

[dist]
# distance from previous block
# <min> <max>
1	51

[block]
# block no. 8 follows, 44 sequences, length 18
# corresponding to MSA columns:
# 433-450
name=unknown_I
#
# <colnr> <probs for GDERKNQSTAVLIFYWHMCP>
#	G	D	E	R	K	N	Q	S	T	A	V	L	I	F	Y	W	H	M	C	P
0	0.01379	0.10503	0.10566	0.03770	0.12038	0.01230	0.08252	0.04860	0.01269	0.12724	0.04957	0.06405	0.04463	0.00711	0.00680	0.00171	0.09605	0.00584	0.00371	0.05462
1	0.00917	0.00724	0.00876	0.00803	0.01034	0.00632	0.00603	0.03948	0.03478	0.01704	0.07702	0.33824	0.06748	0.01122	0.00583	0.00166	0.00365	0.05411	0.00453	0.28905
2	0.20693	0.07409	0.13552	0.07317	0.04524	0.05780	0.05272	0.11755	0.01373	0.12918	0.01124	0.01230	0.00816	0.00548	0.00477	0.00162	0.00616	0.00420	0.00372	0.03645
3	0.00732	0.00556	0.00673	0.00644	0.00790	0.00497	0.00483	0.00951	0.01449	0.01962	0.54633	0.04442	0.27803	0.01198	0.00643	0.00175	0.00263	0.01038	0.00571	0.00497
4	0.00662	0.00481	0.00625	0.00740	0.00786	0.00444	0.00498	0.00761	0.01062	0.01399	0.03233	0.73679	0.10264	0.01678	0.00691	0.00218	0.00313	0.01514	0.00506	0.00444
5	0.00816	0.00639	0.00948	0.00926	0.01015	0.00771	0.00728	0.01004	0.00872	0.01270	0.01393	0.02056	0.01304	0.03805	0.71725	0.00818	0.08550	0.00574	0.00287	0.00497
6	0.01130	0.00969	0.01130	0.00807	0.01292	0.00727	0.00646	0.01373	0.01130	0.01776	0.00969	0.01130	0.00807	0.00404	0.00404	0.00081	0.00404	0.00323	0.00323	0.84173
7	0.01726	0.00947	0.01169	0.00877	0.01308	0.00791	0.00712	0.05604	0.01385	0.34033	0.01543	0.01509	0.01084	0.00547	0.00470	0.00125	0.00428	0.00440	0.06358	0.38943
8	0.00749	0.00571	0.00692	0.00684	0.00819	0.00528	0.00504	0.01009	0.04845	0.01882	0.43641	0.16918	0.22617	0.01262	0.00648	0.00183	0.00280	0.01103	0.00559	0.00505
9	0.01613	0.46304	0.09143	0.04067	0.01650	0.17985	0.01076	0.05829	0.01304	0.05264	0.00903	0.01016	0.00745	0.00515	0.00423	0.00134	0.00687	0.00345	0.00282	0.00715
10	0.00928	0.00669	0.00815	0.00805	0.00943	0.00669	0.00588	0.06682	0.08960	0.04129	0.22704	0.34736	0.07704	0.03602	0.03254	0.00226	0.00379	0.01119	0.00532	0.00555
11	0.11429	0.11110	0.07954	0.03107	0.11547	0.03274	0.03106	0.18790	0.08953	0.07253	0.01208	0.01292	0.00911	0.00561	0.00485	0.00155	0.00579	0.00439	0.00392	0.07455
12	0.03396	0.13612	0.01527	0.10432	0.04252	0.03443	0.00922	0.08714	0.12208	0.20941	0.07689	0.04702	0.04419	0.00720	0.00527	0.00166	0.00513	0.00585	0.00474	0.00758
13	0.00980	0.00918	0.06631	0.00907	0.01073	0.03475	0.02379	0.06642	0.03935	0.01491	0.01957	0.08100	0.06350	0.29997	0.14819	0.00431	0.02164	0.06867	0.00373	0.00511
14	0.01254	0.05329	0.15988	0.06199	0.15219	0.03739	0.01167	0.03848	0.05199	0.08606	0.14568	0.05029	0.06255	0.00735	0.00550	0.00165	0.00549	0.00626	0.00400	0.04576
15	0.01482	0.08065	0.18039	0.06884	0.03134	0.01150	0.08984	0.04367	0.05336	0.18727	0.02697	0.01552	0.01070	0.00642	0.02048	0.00171	0.00627	0.01764	0.00390	0.12873
16	0.01244	0.01005	0.03194	0.09946	0.06583	0.00947	0.04588	0.03699	0.10760	0.09255	0.05430	0.06574	0.01472	0.07756	0.01995	0.00197	0.01838	0.00591	0.00400	0.22527
17	0.09577	0.03470	0.01508	0.05332	0.13892	0.05498	0.04675	0.06898	0.08459	0.19611	0.06910	0.04043	0.01395	0.00649	0.00525	0.00164	0.00541	0.00548	0.00448	0.05855

[dist]
# distance from previous block
# <min> <max>
0	25

[block]
# block no. 9 follows, 44 sequences, length 29
# corresponding to MSA columns:
# 483-511
name=unknown_J
#
# <colnr> <probs for GDERKNQSTAVLIFYWHMCP>
#	G	D	E	R	K	N	Q	S	T	A	V	L	I	F	Y	W	H	M	C	P
0	0.01453	0.06126	0.08832	0.17999	0.11631	0.05613	0.04511	0.09706	0.08904	0.09775	0.01404	0.01550	0.03243	0.00593	0.00526	0.00164	0.00629	0.00499	0.02354	0.04489
1	0.14105	0.14115	0.01655	0.01333	0.10961	0.13747	0.02712	0.03645	0.01256	0.14675	0.01122	0.01307	0.00891	0.04204	0.00645	0.00169	0.05587	0.00420	0.00357	0.07094
2	0.05134	0.01084	0.06733	0.08212	0.06217	0.00992	0.03210	0.09132	0.01330	0.10854	0.04855	0.07498	0.01426	0.00730	0.00598	0.00164	0.05335	0.03883	0.09905	0.12708
3	0.20123	0.00895	0.01008	0.07744	0.05567	0.02134	0.00746	0.05205	0.04228	0.05976	0.09865	0.04613	0.08589	0.03404	0.02801	0.00197	0.00467	0.02825	0.07398	0.06213
4	0.00870	0.00745	0.03212	0.06539	0.01205	0.00672	0.00687	0.01134	0.04490	0.01627	0.15146	0.24757	0.02536	0.05120	0.11588	0.00283	0.00543	0.00877	0.00422	0.17547
5	0.00808	0.00546	0.00625	0.00629	0.00708	0.00509	0.00409	0.00880	0.01017	0.04771	0.06058	0.15640	0.22418	0.40660	0.01701	0.00359	0.00415	0.01000	0.00431	0.00417
6	0.00745	0.00542	0.00701	0.00692	0.00806	0.00498	0.00507	0.00965	0.01434	0.02000	0.59444	0.18231	0.08918	0.01239	0.00653	0.00181	0.00269	0.01099	0.00578	0.00498
7	0.02072	0.01527	0.01636	0.01254	0.01691	0.01691	0.01036	0.75622	0.02563	0.03436	0.01309	0.01309	0.00927	0.00654	0.00545	0.00164	0.00600	0.00491	0.00545	0.00927
8	0.00694	0.00506	0.00658	0.00751	0.00819	0.00470	0.00532	0.00826	0.01141	0.01513	0.11702	0.56864	0.11635	0.01587	0.00690	0.00214	0.00322	0.08102	0.00516	0.00458
9	0.02037	0.02598	0.01545	0.01404	0.01685	0.78652	0.01053	0.02177	0.01545	0.01334	0.00843	0.00983	0.00702	0.00562	0.00492	0.00140	0.00983	0.00351	0.00281	0.00632
10	0.01030	0.00969	0.01635	0.79530	0.03755	0.01211	0.01514	0.01393	0.01090	0.01393	0.00969	0.01453	0.00727	0.00545	0.00545	0.00182	0.00727	0.00484	0.00242	0.00606
11	0.00788	0.00546	0.00683	0.00683	0.00714	0.00577	0.00441	0.00850	0.00819	0.01123	0.01637	0.03120	0.01788	0.56746	0.26603	0.00638	0.00821	0.00727	0.00318	0.00379
12	0.01093	0.02820	0.78016	0.01554	0.02360	0.01266	0.02014	0.01727	0.01151	0.01727	0.00978	0.01151	0.00691	0.00518	0.00518	0.00173	0.00806	0.00403	0.00230	0.00806
13	0.01027	0.00962	0.01594	0.71263	0.03480	0.01204	0.01448	0.01371	0.01097	0.01426	0.04604	0.01564	0.00938	0.00596	0.00621	0.00184	0.05253	0.00508	0.00259	0.00601
14	0.01349	0.01295	0.02213	0.03346	0.77440	0.01295	0.01673	0.01673	0.01241	0.01781	0.01025	0.01349	0.00864	0.00486	0.00540	0.00162	0.00648	0.00486	0.00270	0.00864
15	0.01349	0.01295	0.02213	0.03346	0.77440	0.01295	0.01673	0.01673	0.01241	0.01781	0.01025	0.01349	0.00864	0.00486	0.00540	0.00162	0.00648	0.00486	0.00270	0.00864
16	0.09927	0.05882	0.05928	0.03401	0.05053	0.55221	0.01076	0.01999	0.01404	0.01507	0.00880	0.01040	0.00720	0.00548	0.00472	0.00146	0.00855	0.00360	0.02934	0.00647
17	0.00707	0.00544	0.00647	0.00644	0.00781	0.00483	0.00474	0.00896	0.01357	0.01799	0.39065	0.15083	0.32951	0.01300	0.00651	0.00183	0.00273	0.01128	0.00551	0.00483
18	0.18944	0.06971	0.15816	0.04280	0.01618	0.01128	0.02350	0.05479	0.01314	0.26818	0.03610	0.01419	0.01043	0.00580	0.00479	0.00160	0.00543	0.00444	0.00432	0.06570
19	0.00742	0.00568	0.00812	0.01054	0.09513	0.00540	0.00639	0.00863	0.01066	0.01436	0.02780	0.71479	0.03294	0.01569	0.00678	0.00215	0.00354	0.01429	0.00479	0.00491
20	0.02085	0.00840	0.01134	0.00918	0.01268	0.00730	0.00737	0.02274	0.01465	0.62363	0.02436	0.14399	0.05094	0.00869	0.00576	0.00178	0.00432	0.00733	0.00641	0.00830
21	0.00667	0.00534	0.00597	0.00622	0.00761	0.00464	0.00451	0.00812	0.01238	0.01556	0.15227	0.23368	0.48943	0.01422	0.00657	0.00191	0.00283	0.01224	0.00520	0.00464
22	0.01069	0.06294	0.29559	0.09001	0.07533	0.01247	0.01420	0.01423	0.01049	0.01510	0.01191	0.10306	0.01106	0.01068	0.08020	0.00253	0.16433	0.00572	0.00273	0.00672
23	0.11719	0.00956	0.01212	0.00956	0.01355	0.00882	0.00791	0.05801	0.01521	0.62468	0.01987	0.01910	0.01323	0.00691	0.00533	0.00172	0.00467	0.03761	0.00623	0.00871
24	0.00720	0.00515	0.00684	0.00756	0.00807	0.00510	0.00524	0.00835	0.01020	0.01378	0.07057	0.45295	0.04755	0.14336	0.14568	0.00380	0.00552	0.04421	0.00447	0.00440
25	0.11396	0.02878	0.01236	0.01028	0.04924	0.00923	0.00792	0.07425	0.01531	0.46164	0.14037	0.02019	0.01811	0.00712	0.00534	0.00167	0.00447	0.00577	0.00585	0.00814
26	0.01061	0.02951	0.13576	0.02382	0.05736	0.00887	0.02072	0.04289	0.01150	0.05088	0.06886	0.17108	0.04158	0.01282	0.04866	0.11650	0.06530	0.04860	0.02890	0.00578
27	0.00771	0.00520	0.00684	0.00764	0.00840	0.00481	0.00540	0.00903	0.01151	0.04969	0.11727	0.58598	0.07984	0.01559	0.00684	0.00213	0.00326	0.06283	0.00524	0.00478
28	0.01062	0.01146	0.08298	0.39051	0.12134	0.01123	0.05562	0.01437	0.03111	0.01570	0.04848	0.08896	0.01255	0.00676	0.00597	0.00178	0.03052	0.00604	0.00301	0.05099

[dist]
# distance from previous block
# <min> <max>
0	16

[block]
# block no. 10 follows, 44 sequences, length 32
# corresponding to MSA columns:
# 529-560
name=unknown_K
#
# <colnr> <probs for GDERKNQSTAVLIFYWHMCP>
#	G	D	E	R	K	N	Q	S	T	A	V	L	I	F	Y	W	H	M	C	P
0	0.07673	0.04691	0.02769	0.12978	0.07604	0.01252	0.02184	0.20165	0.09174	0.05580	0.01592	0.16268	0.01442	0.00818	0.00593	0.00181	0.03203	0.00681	0.00429	0.00725
1	0.00878	0.00634	0.00785	0.00727	0.00913	0.00560	0.00542	0.01116	0.03324	0.05249	0.36231	0.19548	0.12670	0.01134	0.00612	0.00170	0.00308	0.00995	0.00530	0.13075
2	0.01162	0.04094	0.07735	0.21299	0.22670	0.01262	0.03671	0.01468	0.01122	0.01589	0.04383	0.03230	0.01032	0.00631	0.00747	0.00174	0.14304	0.00507	0.00279	0.08643
3	0.00669	0.00483	0.00633	0.00744	0.00789	0.00447	0.00501	0.00774	0.01081	0.01438	0.07003	0.72377	0.07727	0.01659	0.00690	0.00217	0.00311	0.01499	0.00511	0.00447
4	0.00796	0.00571	0.00706	0.00669	0.00822	0.00519	0.00506	0.01015	0.01423	0.04639	0.50172	0.04217	0.25070	0.01337	0.04924	0.00214	0.00336	0.00995	0.00559	0.00512
5	0.00698	0.00550	0.00631	0.00634	0.00784	0.00484	0.00476	0.00876	0.01324	0.01706	0.28557	0.11464	0.43979	0.01328	0.00653	0.00186	0.00284	0.04371	0.00537	0.00478
6	0.02264	0.00901	0.01205	0.00937	0.01327	0.00795	0.00769	0.04585	0.01565	0.67339	0.06255	0.01972	0.01550	0.00696	0.00544	0.00166	0.00445	0.00569	0.05234	0.00882
7	0.84691	0.01054	0.00801	0.00717	0.01054	0.01223	0.00590	0.01603	0.00928	0.02446	0.00759	0.00886	0.00590	0.00506	0.00337	0.00169	0.00422	0.00295	0.00337	0.00590
8	0.84691	0.01054	0.00801	0.00717	0.01054	0.01223	0.00590	0.01603	0.00928	0.02446	0.00759	0.00886	0.00590	0.00506	0.00337	0.00169	0.00422	0.00295	0.00337	0.00590
9	0.00779	0.00584	0.00876	0.00876	0.00974	0.00681	0.00681	0.00974	0.00876	0.01266	0.01460	0.02142	0.01363	0.04089	0.78680	0.00876	0.01460	0.00584	0.00292	0.00487
10	0.01458	0.81168	0.02857	0.00933	0.01399	0.02157	0.00933	0.01632	0.01108	0.01283	0.00758	0.00875	0.00700	0.00466	0.00350	0.00117	0.00583	0.00292	0.00233	0.00700
11	0.01214	0.01159	0.07558	0.02692	0.04455	0.00936	0.00878	0.01669	0.11708	0.05130	0.03689	0.01406	0.01080	0.00529	0.00526	0.00123	0.04447	0.00420	0.00364	0.50017
12	0.01119	0.04372	0.01399	0.22621	0.06104	0.08494	0.06291	0.01341	0.01167	0.05967	0.01847	0.33100	0.01930	0.01008	0.00599	0.00189	0.00575	0.00906	0.00381	0.00589
13	0.01573	0.01840	0.01222	0.01143	0.01355	0.50150	0.00848	0.01733	0.01451	0.01523	0.13986	0.12864	0.01897	0.00821	0.00540	0.00156	0.00727	0.00637	0.04955	0.00579
14	0.01464	0.00968	0.01277	0.05763	0.05218	0.00964	0.03738	0.10832	0.11908	0.18703	0.19944	0.05087	0.03373	0.00787	0.00570	0.00167	0.00456	0.00680	0.00526	0.07576
15	0.01093	0.02820	0.78016	0.01554	0.02360	0.01266	0.02014	0.01727	0.01151	0.01727	0.00978	0.01151	0.00691	0.00518	0.00518	0.00173	0.00806	0.00403	0.00230	0.00806
16	0.02037	0.02598	0.01545	0.01404	0.01685	0.78652	0.01053	0.02177	0.01545	0.01334	0.00843	0.00983	0.00702	0.00562	0.00492	0.00140	0.00983	0.00351	0.00281	0.00632
17	0.00978	0.00730	0.01064	0.08554	0.08934	0.00703	0.03348	0.01233	0.01395	0.07663	0.38854	0.05171	0.15799	0.01005	0.00620	0.00176	0.00389	0.02289	0.00507	0.00587
18	0.03965	0.07586	0.61361	0.03180	0.02231	0.01291	0.03913	0.01776	0.01173	0.07122	0.01044	0.01190	0.00739	0.00524	0.00508	0.00169	0.00756	0.00411	0.00267	0.00794
19	0.01061	0.00999	0.01418	0.01255	0.01286	0.01356	0.01030	0.01204	0.00848	0.01297	0.00952	0.01494	0.00921	0.01950	0.26226	0.00441	0.54931	0.00511	0.00256	0.00562
20	0.00867	0.00637	0.00891	0.10665	0.01245	0.00686	0.00712	0.01008	0.01045	0.04606	0.03725	0.41627	0.02648	0.11696	0.02804	0.00272	0.06832	0.07113	0.00433	0.00489
21	0.08782	0.09368	0.09913	0.12022	0.05748	0.01188	0.03025	0.09416	0.03546	0.18314	0.03234	0.01888	0.09920	0.00679	0.00521	0.00167	0.00555	0.00549	0.00422	0.00744
22	0.01115	0.07472	0.73553	0.01517	0.02303	0.01319	0.01950	0.01721	0.01148	0.01700	0.00965	0.01135	0.00691	0.00515	0.00508	0.00169	0.00792	0.00396	0.00230	0.00799
23	0.00664	0.00474	0.00633	0.00759	0.00791	0.00443	0.00506	0.00759	0.01044	0.01392	0.03005	0.80485	0.03606	0.01708	0.00696	0.00221	0.00316	0.01550	0.00506	0.00443
