[name]
unknown

[dist]
# distance from previous block
# <min> <max>
0	84

[block]
# block no. 0 follows, 29 sequences, length 7
# corresponding to MSA columns:
# 349-355
name=unknown_A
#
# <colnr> <probs for GDERKNQSTAVLIFYWHMCP>
#	G	D	E	R	K	N	Q	S	T	A	V	L	I	F	Y	W	H	M	C	P
0	0.01878	0.01589	0.01791	0.29892	0.02995	0.15222	0.01441	0.04482	0.01784	0.13058	0.09544	0.05346	0.02070	0.00967	0.00737	0.00229	0.00847	0.04763	0.00517	0.00850
1	0.01715	0.01400	0.01665	0.12867	0.06019	0.05397	0.01258	0.11943	0.13050	0.05760	0.09328	0.03446	0.04678	0.03951	0.00869	0.00251	0.00702	0.09951	0.00591	0.05159
2	0.17537	0.01708	0.01478	0.01280	0.01661	0.16350	0.00996	0.13693	0.01962	0.13585	0.05853	0.08135	0.06935	0.04767	0.00824	0.00242	0.00726	0.00792	0.00594	0.00879
3	0.02363	0.01137	0.01458	0.01129	0.01639	0.00948	0.00915	0.02642	0.01855	0.41846	0.07922	0.02880	0.09244	0.00936	0.00693	0.00195	0.00541	0.00771	0.00739	0.20149
4	0.01000	0.00732	0.00936	0.01050	0.01178	0.00698	0.00818	0.01208	0.01495	0.01922	0.04319	0.25176	0.17119	0.10184	0.01231	0.00341	0.00537	0.28825	0.00633	0.00599
5	0.01090	0.00753	0.00968	0.00966	0.01149	0.00693	0.00749	0.01375	0.01824	0.05549	0.39100	0.13032	0.15765	0.01652	0.00866	0.00251	0.00415	0.12396	0.00734	0.00673
6	0.04848	0.00720	0.00878	0.00982	0.01114	0.00681	0.00727	0.01157	0.01496	0.02021	0.08141	0.41017	0.18433	0.01973	0.00881	0.00279	0.00447	0.12939	0.00656	0.00612

[dist]
# distance from previous block
# <min> <max>
0	3

[block]
# block no. 1 follows, 29 sequences, length 13
# corresponding to MSA columns:
# 359-371
name=unknown_B
#
# <colnr> <probs for GDERKNQSTAVLIFYWHMCP>
#	G	D	E	R	K	N	Q	S	T	A	V	L	I	F	Y	W	H	M	C	P
0	0.00911	0.00675	0.00860	0.00979	0.01085	0.00623	0.00709	0.01088	0.01493	0.01945	0.08429	0.47518	0.17596	0.02063	0.00902	0.00281	0.00434	0.11141	0.00667	0.00600
1	0.01038	0.00759	0.00917	0.00974	0.01058	0.00763	0.00650	0.01371	0.09441	0.01924	0.09427	0.38941	0.03967	0.23448	0.01681	0.00396	0.00506	0.01519	0.00612	0.00609
2	0.04909	0.00829	0.01003	0.01012	0.01154	0.00818	0.00714	0.06165	0.01552	0.06943	0.09620	0.37089	0.03795	0.17091	0.01423	0.00355	0.00519	0.03716	0.00634	0.00659
3	0.28911	0.01200	0.01229	0.01128	0.01485	0.01287	0.00900	0.05987	0.11374	0.12116	0.02681	0.13465	0.06624	0.01186	0.00685	0.00245	0.00551	0.07463	0.00626	0.00857
4	0.04153	0.00905	0.01082	0.01088	0.01283	0.00914	0.00831	0.07918	0.06224	0.02491	0.18340	0.28889	0.09818	0.01708	0.00851	0.00264	0.00480	0.11354	0.00688	0.00718
5	0.01019	0.00749	0.00917	0.00964	0.01094	0.00711	0.00689	0.04703	0.01620	0.02147	0.16114	0.36486	0.15837	0.08265	0.01116	0.00302	0.00449	0.05528	0.00666	0.00625
6	0.01177	0.00752	0.00945	0.00951	0.01100	0.00706	0.00676	0.01392	0.04671	0.07720	0.15976	0.28352	0.15007	0.06947	0.01262	0.09213	0.00456	0.01411	0.00649	0.00637
7	0.06606	0.01240	0.01459	0.01215	0.01620	0.01243	0.00963	0.13080	0.11038	0.27679	0.11438	0.07089	0.06197	0.04780	0.00880	0.00251	0.00571	0.00903	0.00749	0.00999
8	0.00931	0.00658	0.00806	0.00890	0.00974	0.00613	0.00599	0.01077	0.01421	0.01917	0.10442	0.42856	0.13927	0.13210	0.01285	0.00330	0.00436	0.01642	0.05411	0.00573
9	0.01028	0.00679	0.00897	0.00973	0.01070	0.00630	0.00674	0.01206	0.01544	0.05596	0.19976	0.51062	0.04963	0.04950	0.00993	0.00286	0.00415	0.01737	0.00693	0.00628
10	0.01119	0.00731	0.00902	0.00906	0.01033	0.00683	0.00634	0.01287	0.01519	0.06527	0.20036	0.19164	0.12697	0.23738	0.01691	0.00385	0.00498	0.05205	0.00636	0.00606
11	0.01023	0.00715	0.00927	0.01039	0.01112	0.00702	0.00764	0.01182	0.01358	0.01791	0.03329	0.27910	0.03806	0.25483	0.01808	0.00432	0.00590	0.24883	0.00585	0.00559
12	0.06986	0.01017	0.01331	0.01152	0.01520	0.00918	0.00897	0.02532	0.01756	0.43070	0.03086	0.27240	0.02721	0.01334	0.00766	0.00244	0.00536	0.01148	0.00779	0.00967

[dist]
# distance from previous block
# <min> <max>
0	1

[block]
# block no. 2 follows, 29 sequences, length 27
# corresponding to MSA columns:
# 373-399
name=unknown_C
#
# <colnr> <probs for GDERKNQSTAVLIFYWHMCP>
#	G	D	E	R	K	N	Q	S	T	A	V	L	I	F	Y	W	H	M	C	P
0	0.00980	0.00667	0.00793	0.00848	0.00862	0.00653	0.00508	0.01021	0.01145	0.01526	0.02804	0.27926	0.03295	0.50745	0.02720	0.00557	0.00598	0.01365	0.00508	0.00480
1	0.01030	0.00688	0.00778	0.00784	0.00785	0.00687	0.00439	0.01034	0.01047	0.01395	0.02300	0.07021	0.02660	0.72516	0.03532	0.00677	0.00681	0.01069	0.00439	0.00436
2	0.02785	0.01309	0.01634	0.01286	0.01799	0.01237	0.01052	0.12967	0.07624	0.49054	0.03066	0.02752	0.08152	0.00971	0.00728	0.00223	0.00606	0.00786	0.00823	0.01147
3	0.01091	0.00863	0.01273	0.16667	0.01985	0.00965	0.01057	0.01387	0.01408	0.01917	0.13035	0.03903	0.06536	0.09150	0.28588	0.00633	0.01138	0.07267	0.00478	0.00658
4	0.03132	0.01312	0.01715	0.01315	0.01868	0.01195	0.01086	0.11760	0.02206	0.62500	0.02668	0.02332	0.01692	0.00878	0.00716	0.00219	0.00629	0.00706	0.00860	0.01212
5	0.01477	0.01266	0.01477	0.01055	0.01687	0.00949	0.00844	0.01793	0.01477	0.02320	0.01266	0.01477	0.01055	0.00527	0.00527	0.00105	0.00527	0.00422	0.00422	0.79328
6	0.00902	0.00694	0.00810	0.00840	0.00994	0.00618	0.00598	0.01094	0.01613	0.02090	0.21595	0.24280	0.32674	0.06651	0.01042	0.00279	0.00390	0.01557	0.00676	0.00601
7	0.01000	0.00704	0.00838	0.00908	0.00975	0.00690	0.00591	0.01203	0.05101	0.01784	0.03406	0.38056	0.07840	0.27242	0.01812	0.00416	0.00510	0.01506	0.04853	0.00565
8	0.01655	0.00905	0.00954	0.00852	0.01105	0.00929	0.00665	0.12209	0.01817	0.06996	0.02255	0.02493	0.01725	0.00837	0.00544	0.00177	0.00419	0.00663	0.62019	0.00782
9	0.06031	0.01375	0.01649	0.01324	0.01803	0.01370	0.01071	0.20449	0.06560	0.36824	0.05089	0.09079	0.02062	0.01019	0.00726	0.00227	0.00620	0.00832	0.00782	0.01107
10	0.01754	0.01187	0.01280	0.01118	0.01412	0.01274	0.00862	0.24921	0.07035	0.03108	0.02381	0.13057	0.02114	0.06161	0.00865	0.00242	0.00543	0.00892	0.28931	0.00860
11	0.01182	0.00763	0.00925	0.00929	0.01060	0.00755	0.00662	0.03818	0.06070	0.02002	0.06186	0.19027	0.14418	0.01857	0.01400	0.24914	0.00477	0.01130	0.11848	0.00576
12	0.01285	0.00834	0.01006	0.00981	0.01186	0.00796	0.00725	0.04495	0.05737	0.08827	0.18758	0.27940	0.15233	0.01613	0.00812	0.00244	0.00424	0.01409	0.06965	0.00730
13	0.39322	0.01426	0.01451	0.01176	0.01678	0.01509	0.00970	0.14107	0.01877	0.27438	0.01760	0.01702	0.01199	0.00773	0.00586	0.00219	0.00611	0.00547	0.00644	0.01004
14	0.00869	0.00662	0.00784	0.00878	0.00990	0.00594	0.00602	0.01006	0.01437	0.01828	0.05025	0.45024	0.28693	0.06846	0.01062	0.00298	0.00412	0.01767	0.00646	0.00577
15	0.06410	0.00756	0.00927	0.01031	0.01174	0.00733	0.00791	0.01238	0.01505	0.02070	0.07767	0.33220	0.14685	0.03707	0.00951	0.00295	0.00490	0.20985	0.00645	0.00620
16	0.08464	0.00849	0.01172	0.01150	0.01303	0.01002	0.00902	0.01364	0.01149	0.01800	0.01787	0.02599	0.01656	0.04756	0.62952	0.01028	0.04306	0.00723	0.00385	0.00654
17	0.01426	0.01099	0.01278	0.01162	0.01435	0.01159	0.00900	0.10802	0.19497	0.02995	0.35935	0.09368	0.04553	0.01329	0.00805	0.00236	0.00474	0.03950	0.00744	0.00853
18	0.00874	0.00673	0.00800	0.00874	0.01009	0.00599	0.00615	0.01046	0.01545	0.01986	0.13298	0.39467	0.30722	0.01968	0.00874	0.00262	0.00383	0.01729	0.00676	0.00599
19	0.37207	0.01033	0.01043	0.00990	0.01266	0.01180	0.00786	0.01688	0.01258	0.02522	0.05443	0.02178	0.01606	0.02551	0.28493	0.00577	0.01048	0.00611	0.07817	0.00702
20	0.01085	0.00679	0.00900	0.01008	0.01104	0.00623	0.00693	0.01226	0.01436	0.08329	0.03938	0.65304	0.06784	0.02089	0.00888	0.00281	0.00429	0.01883	0.00682	0.00639
21	0.01026	0.00728	0.00966	0.00966	0.01032	0.00793	0.00668	0.01157	0.01092	0.01521	0.02070	0.03700	0.02172	0.39100	0.38929	0.00924	0.01317	0.00895	0.00406	0.00537
22	0.00904	0.00670	0.00847	0.00943	0.01052	0.00614	0.00670	0.01087	0.01541	0.02032	0.15640	0.45538	0.17760	0.02001	0.00889	0.00271	0.00405	0.05849	0.00681	0.00603
23	0.07255	0.01543	0.01799	0.01404	0.01944	0.01576	0.01154	0.27967	0.07794	0.36554	0.02296	0.02099	0.01529	0.00865	0.00700	0.00219	0.00667	0.00676	0.00780	0.01180
24	0.01906	0.01994	0.01623	0.01491	0.01811	0.25912	0.01132	0.02864	0.30219	0.02229	0.02066	0.02320	0.01694	0.05847	0.13323	0.00404	0.01055	0.00691	0.00524	0.00897
25	0.01428	0.03683	0.71286	0.02030	0.03082	0.01654	0.02631	0.02255	0.01503	0.02255	0.01278	0.01503	0.00902	0.00677	0.00677	0.00226	0.01052	0.00526	0.00301	0.01052
26	0.02341	0.02038	0.10055	0.02324	0.17144	0.01900	0.05879	0.36309	0.02541	0.09889	0.01668	0.01779	0.01202	0.00774	0.00715	0.00217	0.00837	0.00647	0.00582	0.01160

[dist]
# distance from previous block
# <min> <max>
0	2

[block]
# block no. 3 follows, 29 sequences, length 22
# corresponding to MSA columns:
# 402-423
name=unknown_D
#
# <colnr> <probs for GDERKNQSTAVLIFYWHMCP>
#	G	D	E	R	K	N	Q	S	T	A	V	L	I	F	Y	W	H	M	C	P
0	0.01856	0.01230	0.01488	0.01411	0.05380	0.05203	0.01000	0.14681	0.01664	0.09894	0.01634	0.05930	0.01438	0.01688	0.01774	0.36946	0.04895	0.00702	0.00478	0.00706
1	0.25033	0.01397	0.06459	0.17608	0.02360	0.01370	0.01238	0.05710	0.01509	0.15474	0.01499	0.01783	0.01108	0.01017	0.00962	0.12888	0.00711	0.00566	0.00480	0.00829
2	0.01100	0.00662	0.00903	0.00897	0.00978	0.00629	0.00627	0.01063	0.01352	0.01822	0.21948	0.08177	0.11402	0.02084	0.01871	0.42008	0.00493	0.01006	0.00510	0.00466
3	0.01558	0.01558	0.02181	0.01869	0.01869	0.02181	0.01558	0.01714	0.01091	0.01714	0.00935	0.01558	0.00935	0.01246	0.02337	0.00312	0.73672	0.00623	0.00312	0.00779
4	0.01934	0.30645	0.02805	0.01634	0.02013	0.19342	0.05514	0.02159	0.01495	0.01738	0.01089	0.01430	0.00985	0.01090	0.05478	0.00266	0.18696	0.00511	0.00330	0.00845
5	0.03195	0.01212	0.01652	0.01267	0.01818	0.01047	0.01047	0.03470	0.02038	0.71026	0.02809	0.02424	0.01763	0.00881	0.00716	0.00220	0.00606	0.00716	0.00881	0.01212
6	0.01681	0.01921	0.04202	0.03001	0.03721	0.01801	0.67947	0.02281	0.01681	0.02281	0.01441	0.01921	0.01080	0.00600	0.00840	0.00240	0.01200	0.00840	0.00360	0.00960
7	0.01428	0.03683	0.71286	0.02030	0.03082	0.01654	0.02631	0.02255	0.01503	0.02255	0.01278	0.01503	0.00902	0.00677	0.00677	0.00226	0.01052	0.00526	0.00301	0.01052
8	0.01033	0.00699	0.00821	0.00821	0.00836	0.00714	0.00487	0.01064	0.01049	0.01413	0.02203	0.04435	0.02491	0.66588	0.11878	0.00745	0.00837	0.01003	0.00425	0.00456
9	0.01428	0.03683	0.71286	0.02030	0.03082	0.01654	0.02631	0.02255	0.01503	0.02255	0.01278	0.01503	0.00902	0.00677	0.00677	0.00226	0.01052	0.00526	0.00301	0.01052
10	0.02660	0.03394	0.02018	0.01834	0.02201	0.72116	0.01376	0.02843	0.02018	0.01743	0.01101	0.01284	0.00917	0.00734	0.00642	0.00183	0.01284	0.00459	0.00367	0.00825
11	0.01345	0.01266	0.02136	0.73264	0.04904	0.01582	0.01978	0.01819	0.01424	0.01819	0.01266	0.01898	0.00949	0.00712	0.00712	0.00237	0.00949	0.00633	0.00316	0.00791
12	0.01036	0.00690	0.00777	0.00777	0.00777	0.00690	0.00431	0.01036	0.01036	0.01381	0.02244	0.04660	0.02589	0.74975	0.03624	0.00690	0.00690	0.01036	0.00431	0.00431
13	0.01237	0.00618	0.00928	0.00928	0.00928	0.00618	0.00618	0.00928	0.00928	0.01237	0.01237	0.02165	0.01237	0.02474	0.02783	0.79283	0.00618	0.00618	0.00309	0.00309
14	0.01771	0.01530	0.01610	0.01449	0.01852	0.01771	0.01127	0.03784	0.69247	0.02979	0.02898	0.02657	0.02174	0.00966	0.00725	0.00242	0.00564	0.00805	0.00725	0.01127
15	0.21899	0.00929	0.00966	0.00929	0.01167	0.00959	0.00705	0.01578	0.04988	0.02634	0.28679	0.11078	0.12066	0.05431	0.00894	0.00261	0.00444	0.03064	0.00640	0.00689
16	0.01347	0.01047	0.01188	0.01164	0.01359	0.01140	0.00870	0.02206	0.27658	0.02178	0.02858	0.04677	0.02784	0.29026	0.01876	0.00431	0.00633	0.16206	0.00598	0.00754
17	0.18295	0.01280	0.01555	0.01219	0.01749	0.01208	0.01006	0.06150	0.01935	0.54636	0.02401	0.02142	0.01542	0.00837	0.00662	0.00220	0.00603	0.00648	0.00787	0.01125
18	0.01000	0.00687	0.00833	0.00873	0.00914	0.00670	0.00558	0.01092	0.01277	0.01722	0.11820	0.21006	0.03717	0.44190	0.02475	0.00515	0.00577	0.05022	0.00544	0.00510
19	0.00954	0.00683	0.00907	0.01042	0.01126	0.00650	0.00763	0.01137	0.01467	0.01947	0.08626	0.47509	0.06718	0.06054	0.01067	0.00314	0.00480	0.17304	0.00656	0.00596
20	0.01002	0.00676	0.00786	0.00819	0.00827	0.00668	0.00477	0.01027	0.01100	0.01467	0.02575	0.18412	0.03006	0.60653	0.03090	0.00611	0.00636	0.01230	0.00477	0.00460
21	0.02718	0.01832	0.02059	0.05159	0.02280	0.01989	0.01335	0.54397	0.03040	0.15098	0.01865	0.01834	0.01287	0.00852	0.00713	0.00216	0.00763	0.00653	0.00720	0.01190

[dist]
# distance from previous block
# <min> <max>
0	22

[block]
# block no. 4 follows, 29 sequences, length 31
# corresponding to MSA columns:
# 464-494
name=unknown_E
#
# <colnr> <probs for GDERKNQSTAVLIFYWHMCP>
#	G	D	E	R	K	N	Q	S	T	A	V	L	I	F	Y	W	H	M	C	P
0	0.07104	0.00731	0.00857	0.00904	0.00995	0.00739	0.00633	0.01252	0.01257	0.01898	0.02579	0.18880	0.02787	0.22832	0.01844	0.10790	0.00548	0.09404	0.13427	0.00539
1	0.00992	0.00738	0.00892	0.00906	0.01040	0.00701	0.00637	0.01291	0.05422	0.02217	0.28584	0.23327	0.15592	0.12895	0.01276	0.00316	0.00427	0.01449	0.00675	0.00625
2	0.19738	0.00835	0.00894	0.00951	0.01133	0.00846	0.00699	0.01316	0.01436	0.02270	0.09531	0.37894	0.12900	0.01715	0.00786	0.00263	0.00446	0.05089	0.00619	0.00640
3	0.00984	0.00717	0.00926	0.00895	0.01055	0.00659	0.00663	0.01291	0.01929	0.02700	0.60026	0.12089	0.10297	0.01551	0.00847	0.00231	0.00345	0.01372	0.00765	0.00659
4	0.01007	0.00740	0.00853	0.00869	0.00994	0.00709	0.00594	0.01271	0.05672	0.02004	0.15586	0.20222	0.19273	0.22176	0.01612	0.00371	0.00471	0.01373	0.03608	0.00596
5	0.10373	0.01068	0.01229	0.01067	0.01392	0.01049	0.00817	0.08029	0.04449	0.22942	0.06878	0.11599	0.10330	0.12397	0.01166	0.00301	0.00555	0.01000	0.02504	0.00855
6	0.01315	0.00901	0.01005	0.00920	0.01036	0.00930	0.00606	0.11830	0.01524	0.02087	0.08718	0.04146	0.02727	0.52104	0.02724	0.00541	0.00652	0.00977	0.04665	0.00592
7	0.33093	0.01489	0.01408	0.01252	0.01678	0.01721	0.00995	0.05948	0.39136	0.03132	0.02083	0.02015	0.01570	0.00839	0.00611	0.00232	0.00568	0.00630	0.00611	0.00988
8	0.01238	0.00851	0.01160	0.01172	0.01337	0.00905	0.00910	0.06579	0.01497	0.05481	0.02776	0.23287	0.02894	0.03396	0.32525	0.00665	0.01152	0.10926	0.00551	0.00697
9	0.28023	0.01282	0.01353	0.01117	0.01545	0.01325	0.00896	0.12318	0.01844	0.24482	0.05802	0.02512	0.05552	0.07895	0.00913	0.00265	0.00594	0.00700	0.00650	0.00929
10	0.00996	0.00741	0.00936	0.00927	0.01109	0.00681	0.00721	0.01299	0.01875	0.02549	0.46699	0.06066	0.19263	0.01608	0.00863	0.00244	0.00392	0.11636	0.00738	0.00655
11	0.01587	0.01645	0.02668	0.02142	0.02316	0.02089	0.17553	0.01850	0.01233	0.01850	0.01057	0.01645	0.00970	0.01091	0.01976	0.00294	0.56211	0.00675	0.00323	0.00823
12	0.01382	0.00852	0.01032	0.00954	0.01109	0.00850	0.00659	0.01701	0.07970	0.10986	0.17067	0.04202	0.03285	0.37915	0.06591	0.00513	0.00665	0.01009	0.00592	0.00665
13	0.01028	0.00659	0.00899	0.00956	0.00993	0.00667	0.00642	0.01033	0.01139	0.01541	0.02496	0.27856	0.02818	0.18093	0.14450	0.21769	0.00788	0.01218	0.00469	0.00485
14	0.01904	0.75404	0.03731	0.01218	0.01828	0.02818	0.01218	0.02132	0.01447	0.01675	0.00990	0.01142	0.00914	0.00609	0.00457	0.00152	0.00761	0.00381	0.00305	0.00914
15	0.01345	0.01266	0.02136	0.73264	0.04904	0.01582	0.01978	0.01819	0.01424	0.01819	0.01266	0.01898	0.00949	0.00712	0.00712	0.00237	0.00949	0.00633	0.00316	0.00791
16	0.01189	0.00940	0.01266	0.01201	0.01245	0.01129	0.00904	0.01299	0.01126	0.01591	0.01921	0.03631	0.02051	0.29418	0.18027	0.05111	0.19874	0.07091	0.00404	0.00581
17	0.01034	0.00829	0.01051	0.05108	0.01378	0.00843	0.00832	0.01366	0.05599	0.02134	0.16878	0.25270	0.21173	0.01733	0.00944	0.00264	0.04577	0.07672	0.00648	0.00665
18	0.01558	0.01558	0.02181	0.01869	0.01869	0.02181	0.01558	0.01714	0.01091	0.01714	0.00935	0.01558	0.00935	0.01246	0.02337	0.00312	0.73672	0.00623	0.00312	0.00779
19	0.01345	0.01266	0.02136	0.73264	0.04904	0.01582	0.01978	0.01819	0.01424	0.01819	0.01266	0.01898	0.00949	0.00712	0.00712	0.00237	0.00949	0.00633	0.00316	0.00791
20	0.01668	0.01723	0.06718	0.02798	0.26612	0.05421	0.18145	0.02101	0.01701	0.05896	0.06801	0.02916	0.08823	0.00899	0.00773	0.00229	0.00863	0.04498	0.00458	0.00957
21	0.02191	0.02883	0.36042	0.02178	0.02997	0.05459	0.14205	0.06573	0.01925	0.14721	0.01860	0.02113	0.01366	0.00891	0.00826	0.00273	0.01066	0.00707	0.00537	0.01186
22	0.00888	0.00702	0.00805	0.00865	0.01037	0.00620	0.00641	0.01075	0.01573	0.01966	0.09511	0.26166	0.41578	0.01921	0.00874	0.00262	0.00403	0.07840	0.00668	0.00604
23	0.08749	0.06008	0.02081	0.01513	0.02072	0.02048	0.01261	0.51065	0.02908	0.12663	0.01752	0.01725	0.01230	0.00829	0.00677	0.00212	0.00742	0.00616	0.00689	0.01160
24	0.01650	0.01760	0.05543	0.38159	0.06532	0.07987	0.21185	0.02140	0.01586	0.04613	0.01364	0.01849	0.01020	0.00683	0.00742	0.00231	0.01040	0.00677	0.00356	0.00883
25	0.01464	0.01465	0.02750	0.21362	0.10472	0.01471	0.26970	0.01937	0.01622	0.02222	0.10465	0.05255	0.01934	0.00806	0.00772	0.00226	0.00902	0.00839	0.00420	0.06647
26	0.11569	0.01362	0.01451	0.01151	0.01670	0.01302	0.00919	0.09721	0.14891	0.02769	0.02174	0.02212	0.07934	0.00790	0.00606	0.00172	0.00551	0.00621	0.00540	0.37597
27	0.01631	0.01647	0.02194	0.40309	0.13420	0.12152	0.04395	0.04333	0.01677	0.02093	0.07924	0.02111	0.01541	0.00776	0.00718	0.00223	0.00930	0.00679	0.00390	0.00855
28	0.08501	0.00734	0.00812	0.00882	0.01040	0.00688	0.00627	0.01120	0.01466	0.02023	0.06953	0.39970	0.28884	0.01895	0.00836	0.00262	0.00404	0.01648	0.00644	0.00608
29	0.01800	0.01688	0.02003	0.26847	0.13282	0.13082	0.01578	0.09195	0.05817	0.04870	0.01928	0.09013	0.04008	0.00927	0.00724	0.00227	0.00861	0.00785	0.00464	0.00901
30	0.09054	0.01666	0.12449	0.35574	0.03492	0.01517	0.05584	0.02116	0.06629	0.04683	0.05595	0.02031	0.01408	0.00757	0.00688	0.00227	0.00842	0.00650	0.00413	0.04624

[dist]
# distance from previous block
# <min> <max>
6	28

[block]
# block no. 5 follows, 29 sequences, length 74
# corresponding to MSA columns:
# 749-785,833-869
name=unknown_F
#
# <colnr> <probs for GDERKNQSTAVLIFYWHMCP>
#	G	D	E	R	K	N	Q	S	T	A	V	L	I	F	Y	W	H	M	C	P
0	0.15291	0.01482	0.06465	0.13670	0.24402	0.01426	0.01532	0.04300	0.01634	0.02520	0.12344	0.02632	0.07685	0.00887	0.00690	0.00223	0.00703	0.00757	0.00464	0.00895
1	0.02183	0.01577	0.05755	0.01321	0.01739	0.11587	0.01107	0.06257	0.04115	0.27402	0.10637	0.08644	0.08008	0.01161	0.00759	0.00230	0.00681	0.05196	0.00694	0.00947
2	0.01565	0.01337	0.01511	0.04162	0.01844	0.01364	0.01030	0.02744	0.36232	0.02593	0.02385	0.07936	0.02000	0.00936	0.00679	0.00202	0.00558	0.02765	0.00599	0.27557
3	0.02417	0.01042	0.01418	0.01154	0.01565	0.00930	0.00930	0.02708	0.01963	0.46665	0.21517	0.03260	0.03146	0.01386	0.06265	0.00293	0.00631	0.00879	0.00816	0.01017
4	0.01486	0.03185	0.53509	0.02223	0.04724	0.01721	0.12566	0.02212	0.01499	0.02215	0.01276	0.01578	0.00938	0.00712	0.00842	0.00235	0.07166	0.00585	0.00312	0.01017
5	0.04723	0.10394	0.31767	0.01755	0.02485	0.05757	0.05646	0.07545	0.07412	0.08564	0.01702	0.02079	0.01323	0.00807	0.00682	0.00223	0.00898	0.04769	0.00456	0.01016
6	0.01761	0.01591	0.02867	0.03448	0.42453	0.01556	0.16511	0.02185	0.01624	0.07551	0.01656	0.06067	0.01409	0.01009	0.04868	0.00277	0.00942	0.00773	0.00414	0.01037
7	0.01541	0.01034	0.01233	0.01183	0.01438	0.01072	0.00882	0.02364	0.25157	0.12620	0.09313	0.32583	0.03567	0.01520	0.00810	0.00257	0.00487	0.01339	0.00727	0.00872
8	0.02075	0.11896	0.06859	0.01909	0.09256	0.20307	0.06058	0.07851	0.01852	0.08870	0.01819	0.07848	0.01639	0.02741	0.00773	0.00227	0.00908	0.05714	0.00478	0.00921
9	0.01223	0.01274	0.05389	0.09223	0.11036	0.06090	0.01178	0.01485	0.01516	0.01929	0.03674	0.26585	0.20402	0.01503	0.00873	0.00250	0.03817	0.01293	0.00526	0.00735
10	0.00887	0.00714	0.00790	0.00791	0.00995	0.00617	0.00586	0.01102	0.01700	0.02153	0.23092	0.12661	0.47907	0.01753	0.00847	0.00241	0.00359	0.01495	0.00693	0.00617
11	0.02153	0.02029	0.01690	0.01521	0.01885	0.25966	0.01193	0.11107	0.15741	0.08291	0.06766	0.05263	0.02232	0.01076	0.00743	0.00228	0.00838	0.09746	0.00604	0.00927
12	0.04782	0.07927	0.30742	0.02036	0.07388	0.06321	0.07472	0.04995	0.01572	0.02221	0.01614	0.01874	0.05538	0.00831	0.00920	0.00231	0.11600	0.00624	0.00363	0.00951
13	0.01690	0.00941	0.00993	0.00879	0.01141	0.00972	0.00688	0.14077	0.01868	0.06903	0.02237	0.02466	0.01708	0.00837	0.00550	0.00178	0.00431	0.00662	0.59983	0.00796
14	0.00944	0.00689	0.00892	0.00947	0.01069	0.00637	0.00687	0.01179	0.01687	0.02297	0.32865	0.34134	0.11388	0.01840	0.00878	0.00259	0.00391	0.05876	0.00714	0.00626
15	0.10934	0.04145	0.08021	0.08483	0.02327	0.04056	0.04227	0.10506	0.01959	0.35226	0.02015	0.01964	0.01347	0.00793	0.00676	0.00219	0.00750	0.00632	0.00647	0.01074
16	0.07314	0.08779	0.04937	0.18976	0.04302	0.06267	0.01387	0.13955	0.01859	0.02553	0.06091	0.04012	0.01792	0.01090	0.03315	0.00256	0.00819	0.06465	0.04964	0.00864
17	0.00856	0.00722	0.00741	0.00736	0.00970	0.00607	0.00552	0.01049	0.01656	0.02002	0.12497	0.06724	0.64912	0.01774	0.00841	0.00239	0.00359	0.01485	0.00672	0.00607
18	0.01904	0.75404	0.03731	0.01218	0.01828	0.02818	0.01218	0.02132	0.01447	0.01675	0.00990	0.01142	0.00914	0.00609	0.00457	0.00152	0.00761	0.00381	0.00305	0.00914
19	0.01495	0.01537	0.02935	0.38137	0.04145	0.01619	0.29172	0.02008	0.01535	0.02052	0.01338	0.01872	0.01012	0.00650	0.00750	0.00227	0.01018	0.00701	0.00343	0.07454
20	0.01103	0.00929	0.01175	0.01127	0.01301	0.00983	0.00903	0.01331	0.01543	0.02061	0.13151	0.11193	0.25864	0.01640	0.01152	0.00265	0.14921	0.13570	0.00594	0.05195
21	0.00959	0.00718	0.00987	0.01028	0.01140	0.00763	0.00759	0.01155	0.01253	0.01710	0.03108	0.21063	0.11365	0.08730	0.40934	0.00788	0.01261	0.01186	0.00489	0.00604
22	0.00868	0.00662	0.00798	0.00891	0.01010	0.00592	0.00620	0.01025	0.01497	0.01923	0.09451	0.46421	0.27615	0.02031	0.00881	0.00268	0.00390	0.01794	0.00669	0.00592
23	0.01477	0.01266	0.01477	0.01055	0.01687	0.00949	0.00844	0.01793	0.01477	0.02320	0.01266	0.01477	0.01055	0.00527	0.00527	0.00105	0.00527	0.00422	0.00422	0.79328
24	0.02707	0.01995	0.02137	0.01638	0.02208	0.02208	0.01353	0.68159	0.03348	0.04488	0.01710	0.01710	0.01211	0.00855	0.00712	0.00214	0.00784	0.00641	0.00712	0.01211
25	0.01771	0.01530	0.01610	0.01449	0.01852	0.01771	0.01127	0.03784	0.69247	0.02979	0.02898	0.02657	0.02174	0.00966	0.00725	0.00242	0.00564	0.00805	0.00725	0.01127
26	0.00854	0.00719	0.00725	0.00725	0.00950	0.00607	0.00534	0.01023	0.01584	0.01888	0.06885	0.06708	0.65766	0.06646	0.01026	0.00270	0.00382	0.01472	0.00646	0.00590
27	0.02660	0.03394	0.02018	0.01834	0.02201	0.72116	0.01376	0.02843	0.02018	0.01743	0.01101	0.01284	0.00917	0.00734	0.00642	0.00183	0.01284	0.00459	0.00367	0.00825
28	0.02394	0.02982	0.01841	0.01709	0.02028	0.61504	0.01270	0.02569	0.01921	0.01754	0.01520	0.12147	0.01480	0.00956	0.00682	0.00199	0.01155	0.00691	0.00411	0.00789
29	0.01041	0.00754	0.00973	0.01053	0.01183	0.00740	0.00827	0.01259	0.01475	0.01926	0.07626	0.11353	0.13611	0.17362	0.06991	0.00445	0.00680	0.29509	0.00596	0.00595
30	0.00860	0.00705	0.00758	0.00781	0.00982	0.00603	0.00572	0.01044	0.01612	0.01984	0.11945	0.18087	0.53906	0.01846	0.00853	0.00247	0.00367	0.01572	0.00671	0.00603
31	0.02591	0.03262	0.02085	0.02030	0.07476	0.66681	0.01438	0.02793	0.01987	0.01788	0.01119	0.01321	0.00933	0.00726	0.00647	0.00186	0.01250	0.00472	0.00366	0.00849
32	0.07888	0.01038	0.01555	0.05661	0.07028	0.01042	0.08322	0.01595	0.01505	0.06051	0.07298	0.24989	0.07857	0.06266	0.01032	0.00288	0.02285	0.07000	0.00563	0.00737
33	0.11355	0.07625	0.13153	0.14348	0.07114	0.07080	0.01579	0.06483	0.01702	0.15927	0.01526	0.01700	0.01106	0.00746	0.00704	0.00215	0.03510	0.00564	0.00473	0.03089
34	0.01419	0.01762	0.17571	0.01776	0.02230	0.01345	0.16684	0.01825	0.01398	0.04942	0.01825	0.02971	0.01694	0.16856	0.10700	0.00459	0.07553	0.05785	0.00406	0.00801
35	0.00975	0.00727	0.00907	0.00862	0.01044	0.00658	0.00646	0.01281	0.01939	0.02674	0.57890	0.05618	0.19099	0.01523	0.00840	0.00227	0.00341	0.01330	0.00760	0.00658
36	0.01425	0.01263	0.02050	0.08377	0.36776	0.01277	0.01634	0.01785	0.01603	0.02218	0.07485	0.13570	0.02632	0.01190	0.00799	0.00248	0.00716	0.13570	0.00486	0.00897
37	0.12579	0.01887	0.17708	0.24729	0.12377	0.01543	0.06938	0.02043	0.01476	0.04711	0.01492	0.06720	0.01237	0.00789	0.00688	0.00232	0.00872	0.00689	0.00383	0.00906
38	0.01684	0.01961	0.08421	0.15310	0.21741	0.06395	0.25951	0.02182	0.01599	0.02147	0.01322	0.01781	0.01039	0.00676	0.00832	0.00231	0.04731	0.00688	0.00344	0.00965
39	0.01428	0.03683	0.71286	0.02030	0.03082	0.01654	0.02631	0.02255	0.01503	0.02255	0.01278	0.01503	0.00902	0.00677	0.00677	0.00226	0.01052	0.00526	0.00301	0.01052
40	0.01412	0.01409	0.02625	0.27639	0.07368	0.01531	0.23110	0.01846	0.01465	0.01976	0.01644	0.09654	0.01474	0.01281	0.07259	0.00328	0.05917	0.00859	0.00375	0.00828
41	0.01608	0.06625	0.28943	0.08974	0.32866	0.01735	0.02245	0.02236	0.03988	0.02243	0.01346	0.01672	0.01052	0.00668	0.00681	0.00217	0.00918	0.00585	0.00340	0.01059
42	0.00949	0.00794	0.00835	0.00812	0.01056	0.00716	0.00613	0.01316	0.07717	0.02156	0.16166	0.06251	0.54745	0.01677	0.00831	0.00238	0.00375	0.01409	0.00685	0.00659
43	0.00928	0.00701	0.00838	0.00872	0.00991	0.00674	0.00606	0.01067	0.01333	0.01717	0.04296	0.19436	0.26987	0.20470	0.15330	0.00535	0.00751	0.01353	0.00551	0.00562
44	0.07841	0.16830	0.02211	0.23784	0.02784	0.08390	0.01401	0.07476	0.15125	0.02355	0.01571	0.01793	0.01221	0.00755	0.00627	0.00210	0.00798	0.00582	0.03334	0.00912
45	0.00910	0.00724	0.00816	0.00793	0.01004	0.00630	0.00595	0.01154	0.01784	0.02305	0.32968	0.06225	0.44251	0.01661	0.00841	0.00234	0.00351	0.01415	0.00711	0.00630
46	0.00902	0.00634	0.00816	0.00947	0.00980	0.00602	0.00613	0.01001	0.01295	0.01727	0.03575	0.59997	0.04269	0.17345	0.01473	0.00373	0.00471	0.01819	0.00613	0.00548
47	0.01937	0.01862	0.18573	0.01697	0.02285	0.01331	0.11351	0.07807	0.03609	0.20377	0.06674	0.09544	0.02214	0.01046	0.00774	0.00240	0.00783	0.06304	0.00601	0.00993
48	0.21245	0.08484	0.29218	0.08380	0.12687	0.01756	0.01876	0.04581	0.01504	0.02496	0.01206	0.01468	0.00919	0.00671	0.00608	0.00217	0.00853	0.00509	0.00360	0.00964
49	0.02913	0.01162	0.01530	0.01195	0.01692	0.01034	0.00980	0.05546	0.02008	0.58946	0.02701	0.02431	0.01752	0.00873	0.00685	0.00212	0.00574	0.00706	0.11926	0.01134
50	0.13658	0.18593	0.29234	0.01675	0.02424	0.01991	0.06130	0.11424	0.04209	0.02609	0.01302	0.01471	0.00986	0.00690	0.00610	0.00209	0.00867	0.00520	0.00400	0.00998
51	0.01896	0.07206	0.02461	0.07039	0.38275	0.01536	0.01676	0.02265	0.01627	0.11973	0.01502	0.01760	0.01177	0.00651	0.00653	0.00189	0.00749	0.00585	0.00435	0.16344
52	0.01895	0.36036	0.02951	0.07982	0.15908	0.04847	0.01479	0.07100	0.11238	0.02206	0.01409	0.01590	0.01160	0.00696	0.00591	0.00189	0.00787	0.00534	0.00406	0.00995
53	0.02077	0.02679	0.42478	0.01725	0.02561	0.01444	0.01980	0.02776	0.05601	0.26779	0.01916	0.01897	0.01282	0.00766	0.00693	0.00225	0.00865	0.00610	0.00532	0.01113
54	0.00868	0.00620	0.00826	0.00991	0.01033	0.00578	0.00661	0.00991	0.01363	0.01818	0.03925	0.74510	0.04710	0.02231	0.00909	0.00289	0.00413	0.02024	0.00661	0.00578
55	0.02660	0.03394	0.02018	0.01834	0.02201	0.72116	0.01376	0.02843	0.02018	0.01743	0.01101	0.01284	0.00917	0.00734	0.00642	0.00183	0.01284	0.00459	0.00367	0.00825
56	0.01037	0.00733	0.01026	0.01026	0.01108	0.00815	0.00742	0.01182	0.01099	0.01548	0.01958	0.03284	0.01973	0.24895	0.48131	0.06187	0.01477	0.00831	0.00391	0.00556
57	0.00872	0.00682	0.00792	0.00861	0.01012	0.00602	0.00616	0.01043	0.01542	0.01948	0.09970	0.34770	0.37105	0.01961	0.00873	0.00262	0.00389	0.03434	0.00669	0.00598
58	0.00926	0.00678	0.00870	0.00921	0.01039	0.00622	0.00653	0.01149	0.01676	0.02282	0.33203	0.37176	0.12474	0.01847	0.00872	0.00256	0.00374	0.01648	0.00715	0.00622
59	0.24775	0.02085	0.01576	0.01399	0.01804	0.24487	0.01091	0.09188	0.17394	0.02770	0.01614	0.01685	0.01246	0.00784	0.00601	0.00209	0.00802	0.00547	0.05036	0.00908
60	0.01678	0.01771	0.02147	0.17426	0.02581	0.12613	0.01622	0.01907	0.01303	0.01741	0.01032	0.01591	0.00935	0.01052	0.01727	0.00276	0.46888	0.00600	0.00321	0.00789
61	0.01087	0.00756	0.00886	0.00845	0.01070	0.00661	0.00636	0.01330	0.01788	0.07602	0.30381	0.09836	0.37263	0.01626	0.00835	0.00235	0.00373	0.01391	0.00724	0.00674
62	0.01608	0.01554	0.02660	0.20001	0.35625	0.01564	0.10399	0.02050	0.01560	0.02199	0.01323	0.01770	0.01068	0.00632	0.00696	0.00205	0.00866	0.00627	0.00356	0.13237
63	0.00868	0.00620	0.00826	0.00991	0.01033	0.00578	0.00661	0.00991	0.01363	0.01818	0.03925	0.74510	0.04710	0.02231	0.00909	0.00289	0.00413	0.02024	0.00661	0.00578
64	0.10944	0.01228	0.01591	0.01234	0.01773	0.01102	0.01019	0.03331	0.01955	0.64183	0.02626	0.02296	0.01663	0.00859	0.00688	0.00220	0.00600	0.00683	0.00837	0.01167
65	0.00904	0.00670	0.00927	0.06570	0.01332	0.00656	0.00763	0.01055	0.01368	0.01818	0.03719	0.68906	0.04419	0.02114	0.00894	0.00285	0.00454	0.01917	0.00634	0.00595
66	0.00880	0.00639	0.00831	0.00961	0.01030	0.00590	0.00653	0.01030	0.01450	0.01932	0.10950	0.62214	0.09973	0.02119	0.00897	0.00279	0.00401	0.01909	0.00674	0.00590
67	0.01024	0.00688	0.00790	0.00796	0.00808	0.00683	0.00458	0.01051	0.01111	0.01491	0.06257	0.08691	0.02948	0.66576	0.03308	0.00641	0.00654	0.01107	0.00465	0.00454
68	0.01017	0.00763	0.01144	0.01144	0.01272	0.00890	0.00890	0.01272	0.01144	0.01653	0.01907	0.02797	0.01780	0.05340	0.72153	0.01144	0.01907	0.00763	0.00381	0.00636
69	0.01762	0.01692	0.02890	0.04371	0.70533	0.01692	0.02185	0.02185	0.01621	0.02326	0.01339	0.01762	0.01128	0.00634	0.00705	0.00211	0.00846	0.00634	0.00352	0.01128
70	0.00972	0.00733	0.00903	0.00879	0.01067	0.00664	0.00672	0.01265	0.01878	0.02541	0.47565	0.05954	0.24147	0.01592	0.00851	0.00237	0.00367	0.06322	0.00740	0.00651
71	0.01762	0.01692	0.02890	0.04371	0.70533	0.01692	0.02185	0.02185	0.01621	0.02326	0.01339	0.01762	0.01128	0.00634	0.00705	0.00211	0.00846	0.00634	0.00352	0.01128
72	0.01904	0.75404	0.03731	0.01218	0.01828	0.02818	0.01218	0.02132	0.01447	0.01675	0.00990	0.01142	0.00914	0.00609	0.00457	0.00152	0.00761	0.00381	0.00305	0.00914
73	0.01755	0.01491	0.02039	0.01715	0.01847	0.01928	0.01422	0.02001	0.03524	0.10132	0.01254	0.01692	0.01086	0.01133	0.01936	0.00281	0.56303	0.00624	0.00403	0.07436

[dist]
# distance from previous block
# <min> <max>
0	8

[block]
# block no. 6 follows, 29 sequences, length 110
# corresponding to MSA columns:
# 891-929,934-1004
name=unknown_G
#
# <colnr> <probs for GDERKNQSTAVLIFYWHMCP>
#	G	D	E	R	K	N	Q	S	T	A	V	L	I	F	Y	W	H	M	C	P
0	0.02169	0.02098	0.02001	0.03702	0.02060	0.20732	0.01375	0.21744	0.02050	0.02624	0.01331	0.01628	0.01084	0.00944	0.01207	0.00234	0.24723	0.00588	0.06794	0.00911
1	0.01345	0.01266	0.02136	0.73264	0.04904	0.01582	0.01978	0.01819	0.01424	0.01819	0.01266	0.01898	0.00949	0.00712	0.00712	0.00237	0.00949	0.00633	0.00316	0.00791
2	0.01771	0.01530	0.01610	0.01449	0.01852	0.01771	0.01127	0.03784	0.69247	0.02979	0.02898	0.02657	0.02174	0.00966	0.00725	0.00242	0.00564	0.00805	0.00725	0.01127
3	0.01161	0.01809	0.25344	0.07488	0.02133	0.01166	0.01524	0.01566	0.01416	0.01993	0.04668	0.35132	0.02840	0.01463	0.00925	0.00263	0.06592	0.01254	0.00484	0.00779
4	0.00862	0.00676	0.00782	0.00865	0.01009	0.00596	0.00613	0.01019	0.01500	0.01879	0.05563	0.39033	0.37417	0.02011	0.00877	0.00266	0.00393	0.03388	0.00661	0.00592
5	0.00950	0.00667	0.00762	0.00831	0.00970	0.00605	0.00588	0.01140	0.01499	0.02046	0.06790	0.34886	0.27354	0.01790	0.00805	0.00247	0.00377	0.01560	0.15527	0.00605
6	0.01846	0.37786	0.09929	0.01954	0.02622	0.08027	0.24221	0.02253	0.01579	0.01941	0.01180	0.01454	0.00970	0.00622	0.00623	0.00192	0.00981	0.00558	0.00328	0.00935
7	0.00866	0.00627	0.00818	0.00971	0.01027	0.00580	0.00652	0.00994	0.01383	0.01826	0.04176	0.69340	0.09718	0.02198	0.00904	0.00285	0.00409	0.01984	0.00661	0.00580
8	0.00868	0.00620	0.00826	0.00991	0.01033	0.00578	0.00661	0.00991	0.01363	0.01818	0.03925	0.74510	0.04710	0.02231	0.00909	0.00289	0.00413	0.02024	0.00661	0.00578
9	0.02069	0.00881	0.01056	0.00903	0.01222	0.00816	0.00716	0.02378	0.01710	0.29796	0.02516	0.02563	0.01800	0.00850	0.00584	0.00188	0.00441	0.00684	0.47946	0.00881
10	0.01417	0.04086	0.16254	0.01316	0.01776	0.01310	0.01252	0.07365	0.16784	0.02775	0.28227	0.03612	0.08632	0.01133	0.00757	0.00226	0.00590	0.00954	0.00637	0.00899
11	0.03997	0.05681	0.14393	0.01818	0.06093	0.10333	0.03641	0.07245	0.27948	0.04965	0.01936	0.01974	0.01464	0.00835	0.00768	0.00226	0.04462	0.00651	0.00529	0.01043
12	0.01345	0.01266	0.02136	0.73264	0.04904	0.01582	0.01978	0.01819	0.01424	0.01819	0.01266	0.01898	0.00949	0.00712	0.00712	0.00237	0.00949	0.00633	0.00316	0.00791
13	0.00886	0.00654	0.00828	0.00930	0.01026	0.00597	0.00642	0.01053	0.01512	0.02002	0.15098	0.51845	0.16249	0.02034	0.00886	0.00270	0.00392	0.01817	0.00681	0.00597
14	0.02530	0.01330	0.01636	0.01324	0.01807	0.01290	0.01091	0.17173	0.06619	0.36356	0.04962	0.03108	0.04305	0.01035	0.00745	0.00227	0.00627	0.08064	0.00775	0.04994
15	0.01792	0.36073	0.20728	0.01371	0.02030	0.01961	0.01472	0.02183	0.01581	0.10682	0.05210	0.02179	0.08362	0.00823	0.00605	0.00192	0.00757	0.00619	0.00436	0.00944
16	0.00868	0.00620	0.00826	0.00991	0.01033	0.00578	0.00661	0.00991	0.01363	0.01818	0.03925	0.74510	0.04710	0.02231	0.00909	0.00289	0.00413	0.02024	0.00661	0.00578
17	0.02210	0.01991	0.01841	0.01573	0.02021	0.13946	0.01239	0.23325	0.37570	0.03229	0.02227	0.02132	0.01664	0.00892	0.00707	0.00223	0.00754	0.00696	0.00660	0.01101
18	0.00949	0.00726	0.00870	0.00834	0.01028	0.00647	0.00626	0.01230	0.01877	0.02526	0.47905	0.05861	0.29177	0.01579	0.00840	0.00230	0.00345	0.01364	0.00741	0.00647
19	0.01479	0.01350	0.01608	0.01449	0.01743	0.09209	0.07714	0.04176	0.13055	0.02476	0.20696	0.04427	0.03547	0.01608	0.06279	0.00319	0.00780	0.16659	0.00620	0.00805
20	0.02707	0.01995	0.02137	0.01638	0.02208	0.02208	0.01353	0.68159	0.03348	0.04488	0.01710	0.01710	0.01211	0.00855	0.00712	0.00214	0.00784	0.00641	0.00712	0.01211
21	0.01345	0.01266	0.02136	0.73264	0.04904	0.01582	0.01978	0.01819	0.01424	0.01819	0.01266	0.01898	0.00949	0.00712	0.00712	0.00237	0.00949	0.00633	0.00316	0.00791
22	0.02701	0.01103	0.01494	0.01183	0.01647	0.00962	0.00962	0.02990	0.02033	0.55634	0.18016	0.03077	0.02882	0.01011	0.00744	0.00221	0.00545	0.00845	0.00859	0.01090
23	0.01015	0.00841	0.00907	0.00907	0.01133	0.00801	0.00671	0.01507	0.13172	0.02138	0.09474	0.18795	0.42591	0.01721	0.00834	0.00249	0.00404	0.01469	0.00679	0.00691
24	0.00943	0.00684	0.00890	0.00926	0.01046	0.00631	0.00661	0.01185	0.01732	0.02389	0.40233	0.33384	0.09068	0.01787	0.00868	0.00251	0.00368	0.01596	0.00728	0.00631
25	0.00868	0.00620	0.00826	0.00991	0.01033	0.00578	0.00661	0.00991	0.01363	0.01818	0.03925	0.74510	0.04710	0.02231	0.00909	0.00289	0.00413	0.02024	0.00661	0.00578
26	0.01816	0.58716	0.03379	0.04751	0.01981	0.02645	0.01315	0.02043	0.01382	0.01689	0.00993	0.01252	0.00919	0.00728	0.00804	0.00185	0.13775	0.00436	0.00306	0.00884
27	0.03145	0.01292	0.01702	0.01305	0.01858	0.01165	0.01078	0.10065	0.02172	0.64243	0.02697	0.02351	0.01706	0.00879	0.00716	0.00220	0.00624	0.00708	0.00864	0.01212
28	0.00880	0.00628	0.00840	0.01006	0.01052	0.00589	0.00682	0.01013	0.01375	0.01832	0.03918	0.71585	0.04683	0.02219	0.00912	0.00291	0.00424	0.04828	0.00661	0.00582
29	0.01359	0.01257	0.02360	0.01982	0.02367	0.01209	0.27665	0.01795	0.01656	0.02190	0.02845	0.05606	0.02900	0.01424	0.00927	0.00293	0.00872	0.39977	0.00538	0.00777
30	0.00995	0.00736	0.00941	0.00998	0.01133	0.00702	0.00738	0.01318	0.05050	0.02292	0.27756	0.32984	0.10234	0.01826	0.00879	0.00264	0.00418	0.09375	0.00707	0.00650
31	0.01098	0.00784	0.01090	0.01254	0.01396	0.00777	0.01061	0.01389	0.01590	0.02075	0.03798	0.19890	0.04207	0.02014	0.00970	0.00321	0.00612	0.54375	0.00657	0.00642
32	0.01680	0.01608	0.02741	0.17957	0.57591	0.01670	0.02144	0.02113	0.01582	0.02226	0.01325	0.01789	0.01093	0.00650	0.00706	0.00217	0.00866	0.00634	0.00345	0.01061
33	0.00892	0.00683	0.00825	0.00927	0.01059	0.00616	0.00674	0.01062	0.01496	0.01896	0.05164	0.40589	0.29696	0.02035	0.00892	0.00275	0.00422	0.09540	0.00660	0.00596
34	0.02230	0.01754	0.02033	0.10752	0.06013	0.01950	0.01404	0.39593	0.16853	0.03616	0.01864	0.01925	0.01370	0.00833	0.00706	0.00217	0.00749	0.00664	0.00632	0.04841
35	0.03195	0.01212	0.01652	0.01267	0.01818	0.01047	0.01047	0.03470	0.02038	0.71026	0.02809	0.02424	0.01763	0.00881	0.00716	0.00220	0.00606	0.00716	0.00881	0.01212
36	0.01995	0.02287	0.02116	0.01856	0.02001	0.29943	0.01486	0.02162	0.01459	0.01725	0.01001	0.01449	0.00928	0.01043	0.01664	0.00261	0.44936	0.00558	0.00334	0.00797
37	0.01772	0.04104	0.10885	0.01277	0.01950	0.01264	0.01171	0.10036	0.01751	0.08101	0.01437	0.01574	0.01106	0.00618	0.00582	0.00145	0.00642	0.00485	0.00474	0.50626
38	0.01414	0.01289	0.02175	0.30789	0.21656	0.01407	0.05542	0.01835	0.01542	0.02059	0.01990	0.05680	0.01891	0.01039	0.00790	0.00254	0.00847	0.16528	0.00422	0.00852
39	0.13489	0.01128	0.01279	0.01052	0.01459	0.01113	0.00852	0.09189	0.01867	0.31391	0.02273	0.02249	0.01586	0.00830	0.00602	0.00201	0.00523	0.00643	0.27312	0.00963
40	0.01436	0.03631	0.69315	0.02058	0.03101	0.01658	0.04550	0.02256	0.01509	0.02256	0.01283	0.01516	0.00907	0.00674	0.00681	0.00226	0.01057	0.00535	0.00302	0.01050
41	0.01511	0.01314	0.02142	0.14324	0.26732	0.01420	0.05026	0.01828	0.01427	0.04991	0.01725	0.08125	0.01630	0.10658	0.06720	0.00366	0.07976	0.00820	0.00403	0.00863
42	0.01217	0.00626	0.00913	0.00913	0.00913	0.00626	0.00600	0.00938	0.00938	0.01251	0.01338	0.02414	0.01372	0.09729	0.02867	0.71418	0.00626	0.00660	0.00321	0.00321
43	0.01184	0.00767	0.01008	0.00926	0.01125	0.00702	0.00702	0.01515	0.02017	0.08361	0.64719	0.05085	0.06318	0.01409	0.00830	0.00224	0.00358	0.01242	0.00792	0.00715
44	0.01431	0.01346	0.02269	0.51101	0.22223	0.01559	0.01964	0.01874	0.01473	0.01955	0.01424	0.05651	0.01193	0.00770	0.00720	0.00233	0.00894	0.00706	0.00344	0.00870
45	0.02560	0.03215	0.02016	0.01824	0.02169	0.65323	0.01380	0.02800	0.04097	0.01780	0.01147	0.01346	0.00958	0.00775	0.00755	0.00194	0.05975	0.00480	0.00375	0.00832
46	0.00851	0.00704	0.00746	0.00773	0.00977	0.00599	0.00566	0.01026	0.01590	0.01934	0.08560	0.18388	0.57099	0.01866	0.00853	0.00248	0.00369	0.01586	0.00665	0.00599
47	0.00848	0.00697	0.00746	0.00785	0.00979	0.00596	0.00569	0.01015	0.01561	0.01898	0.06433	0.22907	0.54694	0.01905	0.00858	0.00252	0.00373	0.01627	0.00661	0.00596
48	0.01062	0.00815	0.01087	0.01117	0.01261	0.00806	0.04214	0.01477	0.10278	0.02063	0.03702	0.52402	0.07249	0.01851	0.00846	0.00268	0.00465	0.01672	0.06686	0.00678
49	0.01855	0.01823	0.02498	0.22660	0.37096	0.10768	0.01943	0.08603	0.01787	0.02323	0.01325	0.01733	0.01060	0.00690	0.00699	0.00215	0.00925	0.00612	0.00380	0.01005
50	0.01843	0.01565	0.01650	0.01464	0.01879	0.01805	0.01144	0.08703	0.64211	0.03094	0.02807	0.02584	0.02100	0.00958	0.00724	0.00239	0.00580	0.00793	0.00724	0.01133
51	0.04439	0.01744	0.02171	0.05514	0.07530	0.10722	0.11205	0.08012	0.14695	0.08106	0.01889	0.05148	0.01561	0.05782	0.01074	0.00265	0.07922	0.00758	0.00516	0.00947
52	0.52256	0.01534	0.02013	0.01678	0.05491	0.01638	0.19020	0.02196	0.01388	0.05241	0.01193	0.01437	0.00907	0.00651	0.00571	0.00225	0.00743	0.00532	0.00430	0.00855
53	0.01904	0.75404	0.03731	0.01218	0.01828	0.02818	0.01218	0.02132	0.01447	0.01675	0.00990	0.01142	0.00914	0.00609	0.00457	0.00152	0.00761	0.00381	0.00305	0.00914
54	0.01883	0.57239	0.15388	0.01392	0.02076	0.02568	0.01475	0.07243	0.01603	0.01993	0.01096	0.01249	0.00935	0.00640	0.00515	0.00170	0.00814	0.00426	0.00335	0.00961
55	0.00868	0.00620	0.00826	0.00991	0.01033	0.00578	0.00661	0.00991	0.01363	0.01818	0.03925	0.74510	0.04710	0.02231	0.00909	0.00289	0.00413	0.02024	0.00661	0.00578
56	0.02707	0.01995	0.02137	0.01638	0.02208	0.02208	0.01353	0.68159	0.03348	0.04488	0.01710	0.01710	0.01211	0.00855	0.00712	0.00214	0.00784	0.00641	0.00712	0.01211
57	0.01747	0.11504	0.19742	0.01666	0.04323	0.18553	0.04966	0.03534	0.01710	0.04113	0.02606	0.04937	0.15744	0.00975	0.00695	0.00211	0.00887	0.00774	0.00436	0.00876
58	0.00866	0.00627	0.00818	0.00971	0.01027	0.00580	0.00652	0.00994	0.01383	0.01826	0.04176	0.69340	0.09718	0.02198	0.00904	0.00285	0.00409	0.01984	0.00661	0.00580
59	0.01762	0.01692	0.02890	0.04371	0.70533	0.01692	0.02185	0.02185	0.01621	0.02326	0.01339	0.01762	0.01128	0.00634	0.00705	0.00211	0.00846	0.00634	0.00352	0.01128
