[name]
unknown

[dist]
# distance from previous block
# <min> <max>
0	68

[block]
# block no. 0 follows, 49 sequences, length 70
# corresponding to MSA columns:
# 76-145
name=unknown_A
#
# <colnr> <probs for GDERKNQSTAVLIFYWHMCP>
#	G	D	E	R	K	N	Q	S	T	A	V	L	I	F	Y	W	H	M	C	P
0	0.00654	0.00520	0.02615	0.00744	0.00803	0.00462	0.00533	0.00798	0.03003	0.01333	0.02714	0.73460	0.03204	0.01522	0.00641	0.00205	0.00317	0.05574	0.00464	0.00433
1	0.01455	0.01254	0.01488	0.03586	0.01470	0.06532	0.01029	0.22446	0.05292	0.06487	0.00982	0.01208	0.00798	0.00748	0.01102	0.00188	0.42473	0.00449	0.00342	0.00671
2	0.01286	0.01213	0.02025	0.03004	0.75083	0.01220	0.01521	0.05458	0.01215	0.01731	0.00965	0.01250	0.00804	0.00459	0.00501	0.00150	0.00598	0.00451	0.00263	0.00804
3	0.01150	0.00886	0.01425	0.58213	0.04815	0.01039	0.01234	0.01444	0.01066	0.12910	0.01116	0.03442	0.00849	0.00649	0.02748	0.00184	0.03228	0.00482	0.00294	0.02824
4	0.00777	0.00574	0.00677	0.00710	0.00821	0.00570	0.00507	0.01121	0.13728	0.01565	0.08011	0.44986	0.09338	0.01222	0.00574	0.00180	0.00299	0.01082	0.10549	0.02711
5	0.01053	0.01018	0.01412	0.03202	0.01300	0.01389	0.01016	0.01217	0.03682	0.01240	0.00866	0.03423	0.00864	0.05280	0.06250	0.00267	0.65241	0.00495	0.00246	0.00540
6	0.35691	0.01046	0.01380	0.10262	0.34193	0.01137	0.01064	0.01499	0.02918	0.01871	0.00928	0.03152	0.00774	0.00501	0.00427	0.00156	0.00505	0.00407	0.01431	0.00658
7	0.01080	0.00725	0.00893	0.05090	0.01097	0.00732	0.02217	0.07641	0.10281	0.10242	0.22083	0.04584	0.13599	0.04764	0.00633	0.00175	0.00361	0.02264	0.10959	0.00579
8	0.01363	0.01037	0.01350	0.01112	0.01428	0.01105	0.10722	0.06936	0.42574	0.13046	0.11852	0.01999	0.01779	0.00684	0.00535	0.00166	0.00452	0.00603	0.00502	0.00755
9	0.00753	0.00519	0.00599	0.00588	0.00588	0.00540	0.00344	0.00758	0.00737	0.00992	0.01549	0.03205	0.01783	0.78386	0.02531	0.00478	0.04308	0.00722	0.00302	0.00318
10	0.01252	0.01201	0.02053	0.03104	0.79074	0.01201	0.01552	0.01552	0.01151	0.01652	0.00951	0.01252	0.00801	0.00451	0.00501	0.00150	0.00601	0.00451	0.00250	0.00801
11	0.01233	0.01201	0.05308	0.19050	0.51631	0.02819	0.01449	0.03381	0.01161	0.04109	0.00994	0.01288	0.00794	0.00478	0.00496	0.00153	0.00612	0.00447	0.02656	0.00738
12	0.01150	0.01098	0.01869	0.29858	0.53116	0.01175	0.01501	0.01463	0.01103	0.01528	0.00933	0.01285	0.00757	0.00469	0.00502	0.00156	0.00626	0.00450	0.00242	0.00719
13	0.02212	0.00873	0.01172	0.00907	0.01292	0.00772	0.00746	0.02477	0.05787	0.75051	0.01999	0.01730	0.01268	0.00629	0.00509	0.00157	0.00429	0.00512	0.00620	0.00857
14	0.01270	0.00921	0.01092	0.00793	0.01232	0.00732	0.00639	0.05553	0.01177	0.12846	0.01072	0.01154	0.00827	0.00423	0.00401	0.00091	0.00392	0.00338	0.00357	0.68689
15	0.01012	0.00957	0.01620	0.66058	0.17993	0.01138	0.01433	0.01342	0.01038	0.01361	0.00909	0.01330	0.00698	0.00495	0.00505	0.00165	0.00660	0.00450	0.00230	0.00608
16	0.09648	0.00846	0.01090	0.00851	0.01218	0.00761	0.00701	0.02294	0.01370	0.67547	0.01857	0.01651	0.01192	0.00610	0.00481	0.00154	0.00414	0.00485	0.06022	0.00808
17	0.00688	0.00525	0.00638	0.00635	0.00772	0.00475	0.00493	0.00886	0.01293	0.01717	0.41412	0.04447	0.30939	0.01175	0.00612	0.00174	0.00278	0.11873	0.00512	0.00458
18	0.01151	0.10747	0.01826	0.41778	0.27744	0.01277	0.01364	0.05512	0.01133	0.01499	0.00910	0.01245	0.00722	0.00484	0.00482	0.00154	0.00628	0.00429	0.00247	0.00666
19	0.01253	0.01947	0.51018	0.01284	0.04298	0.01000	0.01453	0.01706	0.01194	0.18222	0.10417	0.01535	0.01268	0.00576	0.00501	0.00159	0.00615	0.00469	0.00343	0.00741
20	0.00617	0.00505	0.00544	0.00550	0.00699	0.00432	0.00407	0.00756	0.01173	0.01453	0.15442	0.12848	0.60265	0.01277	0.00603	0.00173	0.00258	0.01084	0.00482	0.00432
21	0.01134	0.01078	0.01831	0.31292	0.49928	0.01159	0.01482	0.01446	0.01101	0.01518	0.00971	0.01386	0.00802	0.00492	0.00507	0.00159	0.00624	0.02137	0.00246	0.00707
22	0.01417	0.01177	0.04384	0.02497	0.55047	0.01105	0.05435	0.02762	0.01222	0.15816	0.01265	0.01439	0.03081	0.00508	0.00509	0.00153	0.00578	0.00484	0.00328	0.00794
23	0.00735	0.00490	0.00552	0.00552	0.00552	0.00490	0.00306	0.00735	0.00735	0.00980	0.01593	0.03309	0.01838	0.82229	0.02574	0.00490	0.00490	0.00735	0.00306	0.00306
24	0.02269	0.00861	0.01174	0.00900	0.01291	0.00743	0.00743	0.02464	0.01447	0.79425	0.01995	0.01721	0.01252	0.00626	0.00509	0.00156	0.00430	0.00509	0.00626	0.00861
25	0.01243	0.01277	0.06131	0.01705	0.02154	0.01165	0.49176	0.03451	0.11255	0.07514	0.03277	0.01754	0.04534	0.00556	0.00574	0.00170	0.00700	0.02325	0.00342	0.00697
26	0.03107	0.01110	0.01829	0.02358	0.49612	0.01105	0.08339	0.05615	0.02848	0.06255	0.11439	0.01628	0.01366	0.00550	0.00519	0.00154	0.00555	0.00528	0.00334	0.00748
27	0.01817	0.00911	0.01127	0.00938	0.01266	0.01858	0.00763	0.04182	0.20323	0.47647	0.03508	0.03267	0.01558	0.00732	0.00531	0.00168	0.00430	0.07609	0.00572	0.00792
28	0.00806	0.00576	0.00805	0.00921	0.01034	0.00574	0.00799	0.01032	0.01155	0.01503	0.02682	0.09109	0.02930	0.01405	0.00696	0.00232	0.00458	0.72353	0.00466	0.00463
29	0.42601	0.01089	0.01307	0.01663	0.31772	0.03789	0.02400	0.01513	0.01014	0.01954	0.00871	0.01073	0.00703	0.00471	0.00400	0.00151	0.00490	0.00364	0.05730	0.00646
30	0.01258	0.01086	0.01143	0.01029	0.01315	0.01258	0.00800	0.02687	0.78161	0.02115	0.02058	0.01887	0.01544	0.00686	0.00515	0.00172	0.00400	0.00572	0.00515	0.00800
31	0.01358	0.01406	0.13051	0.02016	0.28298	0.01206	0.17064	0.10814	0.07606	0.07973	0.01183	0.01351	0.00888	0.00505	0.00516	0.00157	0.00628	0.00486	0.02722	0.00771
32	0.01292	0.69076	0.06658	0.01016	0.05587	0.01834	0.00944	0.01486	0.01024	0.01236	0.00765	0.00916	0.00692	0.00628	0.04915	0.00154	0.00602	0.00301	0.00221	0.00651
33	0.00883	0.00640	0.00793	0.00748	0.00882	0.00577	0.00549	0.01070	0.01517	0.02147	0.74946	0.03963	0.06873	0.01135	0.00663	0.00189	0.00300	0.00959	0.00603	0.00562
34	0.00931	0.00866	0.01441	0.74236	0.03251	0.01068	0.01323	0.01257	0.01038	0.01335	0.05295	0.01585	0.03201	0.00557	0.00513	0.00168	0.00638	0.00493	0.00250	0.00553
35	0.00629	0.00510	0.00559	0.00560	0.00710	0.00440	0.00419	0.00781	0.01202	0.01509	0.21048	0.09436	0.56363	0.01248	0.00602	0.00172	0.00259	0.02626	0.00489	0.00438
36	0.01489	0.66932	0.02405	0.00901	0.01328	0.01852	0.00866	0.10097	0.01212	0.07645	0.00863	0.00929	0.00721	0.00468	0.00359	0.00117	0.00534	0.00310	0.00281	0.00689
37	0.06615	0.01091	0.01242	0.00971	0.01356	0.01105	0.00792	0.27435	0.12374	0.27383	0.01509	0.01425	0.01048	0.00583	0.00478	0.00145	0.00458	0.00456	0.00505	0.13028
38	0.03494	0.10611	0.09750	0.05863	0.34142	0.02860	0.01267	0.07166	0.12562	0.05744	0.01141	0.01284	0.00888	0.00511	0.00476	0.00151	0.00572	0.00436	0.00320	0.00763
39	0.00634	0.00454	0.00602	0.00692	0.00737	0.00422	0.00471	0.00748	0.01050	0.01420	0.16140	0.68176	0.03595	0.01488	0.00637	0.00197	0.00284	0.01346	0.00485	0.00422
40	0.01889	0.02410	0.01433	0.01303	0.01563	0.80199	0.00977	0.02019	0.01433	0.01238	0.00782	0.00912	0.00651	0.00521	0.00456	0.00130	0.00912	0.00326	0.00261	0.00586
41	0.01221	0.01194	0.02082	0.07374	0.63324	0.01223	0.08611	0.01525	0.01127	0.01605	0.00939	0.01260	0.00783	0.00475	0.00573	0.00157	0.05053	0.00464	0.00248	0.00763
42	0.00873	0.00623	0.02387	0.00819	0.05003	0.00620	0.00541	0.00967	0.00834	0.06233	0.01486	0.02634	0.01535	0.47224	0.23979	0.00528	0.02339	0.00638	0.00311	0.00424
43	0.00653	0.00504	0.00596	0.00595	0.00723	0.00447	0.00438	0.00825	0.01251	0.01652	0.37770	0.15329	0.34969	0.01213	0.00604	0.00170	0.00254	0.01052	0.00509	0.00447
44	0.00870	0.00442	0.00653	0.00653	0.00653	0.00442	0.00432	0.00663	0.00663	0.00884	0.00919	0.01639	0.00934	0.06384	0.02011	0.80412	0.00442	0.00456	0.00225	0.00225
45	0.01815	0.01354	0.01518	0.01356	0.10139	0.05731	0.01002	0.51306	0.01977	0.10534	0.01218	0.01260	0.00879	0.00602	0.00566	0.00154	0.05183	0.00453	0.02140	0.00813
46	0.01211	0.01221	0.02208	0.07277	0.37718	0.01239	0.26576	0.01682	0.10196	0.01661	0.01094	0.01365	0.00865	0.00486	0.00567	0.00163	0.02938	0.00513	0.00281	0.00740
47	0.85801	0.00978	0.00743	0.00665	0.00978	0.01134	0.00548	0.01486	0.00861	0.02269	0.00704	0.00821	0.00548	0.00469	0.00313	0.00156	0.00391	0.00274	0.00313	0.00548
48	0.00673	0.00515	0.00616	0.00591	0.00729	0.00459	0.00443	0.00871	0.01330	0.01787	0.51989	0.04174	0.31740	0.01124	0.00597	0.00163	0.00245	0.00970	0.00525	0.00459
49	0.01036	0.00984	0.01647	0.57261	0.21421	0.01169	0.01420	0.01349	0.01029	0.01373	0.00896	0.01310	0.00704	0.00517	0.00579	0.00168	0.05838	0.00449	0.00231	0.00618
50	0.01873	0.02347	0.01428	0.01292	0.01557	0.75880	0.00972	0.04165	0.03499	0.01316	0.00828	0.00946	0.00681	0.00528	0.00459	0.00132	0.00888	0.00336	0.00274	0.00600
51	0.00741	0.00571	0.00698	0.00629	0.00806	0.00496	0.00477	0.00957	0.01323	0.01846	0.53396	0.03592	0.18412	0.00986	0.00565	0.00149	0.00262	0.00855	0.00503	0.12739
52	0.01049	0.00899	0.01049	0.00749	0.01198	0.00674	0.00599	0.01273	0.01049	0.01648	0.00899	0.01049	0.00749	0.00374	0.00374	0.00075	0.00374	0.00300	0.00300	0.85320
53	0.02575	0.00829	0.01059	0.07708	0.07831	0.03082	0.00795	0.01471	0.19915	0.01555	0.09663	0.02061	0.01614	0.07817	0.27200	0.00405	0.02911	0.00574	0.00357	0.00576
54	0.00955	0.00899	0.01517	0.81013	0.03483	0.01123	0.01404	0.01292	0.01011	0.01292	0.00899	0.01348	0.00674	0.00506	0.00506	0.00169	0.00674	0.00449	0.00225	0.00562
55	0.00688	0.00515	0.00634	0.00604	0.00732	0.00466	0.00450	0.00894	0.01345	0.01841	0.59108	0.04023	0.22312	0.03379	0.00652	0.00171	0.00250	0.00946	0.00529	0.00460
56	0.00955	0.00899	0.01517	0.81013	0.03483	0.01123	0.01404	0.01292	0.01011	0.01292	0.00899	0.01348	0.00674	0.00506	0.00506	0.00169	0.00674	0.00449	0.00225	0.00562
57	0.00701	0.00516	0.00656	0.00621	0.00747	0.00471	0.00466	0.00927	0.01398	0.01948	0.69917	0.03909	0.13712	0.01064	0.00597	0.00160	0.00241	0.00933	0.00546	0.00471
58	0.00984	0.00942	0.01635	0.72463	0.06807	0.01137	0.06284	0.01325	0.01029	0.01329	0.00909	0.01345	0.00686	0.00498	0.00511	0.00168	0.00682	0.00459	0.00228	0.00580
59	0.00633	0.00452	0.00606	0.00723	0.00760	0.00425	0.00498	0.00733	0.00985	0.01309	0.02778	0.75513	0.03308	0.01569	0.00650	0.00208	0.00308	0.07659	0.00469	0.00415
60	0.01868	0.06642	0.06025	0.01134	0.01559	0.01491	0.00985	0.60720	0.02123	0.10555	0.01241	0.01230	0.00873	0.00590	0.00493	0.00150	0.00554	0.00444	0.00482	0.00840
61	0.00955	0.00899	0.01517	0.81013	0.03483	0.01123	0.01404	0.01292	0.01011	0.01292	0.00899	0.01348	0.00674	0.00506	0.00506	0.00169	0.00674	0.00449	0.00225	0.00562
62	0.01226	0.01189	0.02073	0.08817	0.68559	0.01201	0.06404	0.01537	0.01144	0.01623	0.00952	0.01266	0.00789	0.00453	0.00507	0.00153	0.00622	0.00460	0.00249	0.00776
63	0.00919	0.00845	0.01395	0.69690	0.03097	0.01031	0.01272	0.01239	0.01064	0.01381	0.10268	0.01714	0.02863	0.00585	0.00518	0.00167	0.00613	0.00518	0.00270	0.00549
64	0.01770	0.06660	0.01440	0.01227	0.01492	0.69333	0.00932	0.01935	0.03352	0.01265	0.01058	0.01158	0.05150	0.00564	0.00458	0.00132	0.00841	0.00371	0.00277	0.00586
65	0.05852	0.30716	0.38527	0.01162	0.01717	0.06548	0.01322	0.01653	0.05477	0.01498	0.00882	0.01000	0.00691	0.00477	0.00416	0.00140	0.00645	0.00340	0.00240	0.00694
66	0.01292	0.68443	0.16219	0.00967	0.01455	0.01855	0.01042	0.01530	0.01035	0.01262	0.00739	0.00856	0.00647	0.00441	0.00352	0.00117	0.00577	0.00289	0.00216	0.00666
67	0.05711	0.10721	0.62877	0.01434	0.06430	0.01259	0.01674	0.01583	0.01057	0.01598	0.00878	0.01038	0.00646	0.00473	0.00456	0.00154	0.00698	0.00362	0.00221	0.00729
68	0.01250	0.44926	0.30512	0.01224	0.06085	0.05482	0.01274	0.01573	0.01069	0.01368	0.00795	0.00934	0.00655	0.00455	0.00398	0.00131	0.00637	0.00321	0.00219	0.00690
69	0.02070	0.05486	0.06354	0.01066	0.05808	0.00889	0.00875	0.04377	0.01409	0.63575	0.01773	0.01588	0.01143	0.00595	0.00496	0.00154	0.00470	0.00482	0.00552	0.00838

[dist]
# distance from previous block
# <min> <max>
0	3

[block]
# block no. 1 follows, 49 sequences, length 12
# corresponding to MSA columns:
# 149-160
name=unknown_B
#
# <colnr> <probs for GDERKNQSTAVLIFYWHMCP>
#	G	D	E	R	K	N	Q	S	T	A	V	L	I	F	Y	W	H	M	C	P
0	0.01270	0.21288	0.15431	0.01699	0.26338	0.01319	0.01227	0.04035	0.05806	0.06726	0.01069	0.01255	0.00860	0.00822	0.08556	0.00211	0.00663	0.00414	0.00287	0.00725
1	0.09660	0.02268	0.61683	0.01575	0.11892	0.01174	0.01694	0.01583	0.01057	0.01676	0.00892	0.01066	0.00652	0.00475	0.00466	0.00158	0.00692	0.00373	0.00228	0.00734
2	0.01281	0.01364	0.09857	0.02657	0.59640	0.03387	0.03603	0.01671	0.05586	0.04529	0.01046	0.01280	0.00839	0.00475	0.00501	0.00153	0.00614	0.00452	0.00276	0.00788
3	0.00661	0.00467	0.00616	0.00718	0.00757	0.00446	0.00500	0.00759	0.00967	0.01284	0.02618	0.60582	0.03088	0.11863	0.00900	0.00246	0.00344	0.12330	0.00448	0.00406
4	0.00724	0.00536	0.00784	0.00784	0.00864	0.00616	0.00596	0.00884	0.00804	0.01152	0.01381	0.02134	0.01328	0.12512	0.71593	0.00777	0.01258	0.00563	0.00275	0.00435
5	0.01258	0.01086	0.01143	0.01029	0.01315	0.01258	0.00800	0.02687	0.78161	0.02115	0.02058	0.01887	0.01544	0.00686	0.00515	0.00172	0.00400	0.00572	0.00515	0.00800
6	0.00643	0.00479	0.00616	0.00703	0.00753	0.00459	0.00488	0.00740	0.00986	0.01296	0.02971	0.62811	0.12948	0.04684	0.00749	0.00214	0.02818	0.04770	0.00455	0.00416
7	0.00926	0.00564	0.00738	0.00668	0.00827	0.00512	0.00510	0.01154	0.01423	0.12692	0.65375	0.03535	0.07125	0.00987	0.00584	0.00159	0.00266	0.00864	0.00563	0.00528
8	0.01292	0.09277	0.10206	0.01844	0.07659	0.01369	0.44436	0.11440	0.04152	0.01800	0.01039	0.01274	0.00786	0.00467	0.00538	0.00160	0.00739	0.00514	0.00289	0.00721
9	0.00849	0.00712	0.00942	0.00881	0.00966	0.00813	0.00679	0.03768	0.01066	0.01507	0.17673	0.27952	0.06311	0.01279	0.05132	0.00222	0.23104	0.00890	0.00400	0.04856
10	0.00696	0.00505	0.00656	0.00641	0.00749	0.00465	0.00472	0.00907	0.01350	0.01889	0.64241	0.15653	0.07627	0.01127	0.00604	0.00167	0.00248	0.01000	0.00540	0.00465
11	0.01156	0.12325	0.38612	0.01477	0.03610	0.05449	0.18441	0.03806	0.01154	0.01571	0.01120	0.01290	0.04580	0.00505	0.00490	0.00152	0.00711	0.00445	0.00250	0.02856

[dist]
# distance from previous block
# <min> <max>
1	2

[block]
# block no. 2 follows, 49 sequences, length 11
# corresponding to MSA columns:
# 163-173
name=unknown_C
#
# <colnr> <probs for GDERKNQSTAVLIFYWHMCP>
#	G	D	E	R	K	N	Q	S	T	A	V	L	I	F	Y	W	H	M	C	P
0	0.05634	0.13094	0.10851	0.01076	0.04418	0.01181	0.00949	0.14274	0.06970	0.29377	0.01387	0.01339	0.00967	0.00552	0.00461	0.00145	0.00504	0.00428	0.00440	0.05954
1	0.06852	0.05623	0.01471	0.01194	0.05063	0.06049	0.00931	0.41334	0.18261	0.02521	0.01274	0.01292	0.00952	0.00607	0.00536	0.00156	0.04209	0.00451	0.00441	0.00784
2	0.00714	0.00499	0.00608	0.00615	0.00651	0.00506	0.00395	0.00776	0.00830	0.01121	0.06014	0.09431	0.06484	0.51872	0.16902	0.00492	0.00611	0.00784	0.00336	0.00358
3	0.01347	0.01174	0.01901	0.02637	0.60461	0.01221	0.01409	0.05133	0.01190	0.07866	0.01014	0.01271	0.00824	0.00521	0.00633	0.00159	0.09716	0.00454	0.00289	0.00780
4	0.79070	0.01100	0.03754	0.00721	0.01048	0.04457	0.00616	0.01513	0.00892	0.02200	0.00715	0.00835	0.00556	0.00472	0.00325	0.00156	0.00427	0.00280	0.00307	0.00557
5	0.00688	0.00513	0.00649	0.00741	0.00799	0.00506	0.00507	0.00926	0.09622	0.01383	0.02705	0.72929	0.03143	0.01484	0.00631	0.00202	0.00305	0.01340	0.00474	0.00454
6	0.10779	0.01272	0.02247	0.01790	0.08221	0.04305	0.45439	0.05209	0.04291	0.01789	0.04534	0.01405	0.00967	0.00500	0.00567	0.00164	0.02895	0.00537	0.02422	0.00668
7	0.01437	0.01462	0.01226	0.01107	0.01385	0.23645	0.00850	0.02498	0.56401	0.01866	0.01696	0.01610	0.01291	0.00639	0.00498	0.00160	0.00545	0.00502	0.00443	0.00740
8	0.01098	0.10785	0.55920	0.01453	0.07728	0.01274	0.01606	0.01723	0.10644	0.01625	0.01032	0.01156	0.00766	0.00499	0.00470	0.00155	0.00671	0.00393	0.00254	0.00748
9	0.01381	0.01518	0.04642	0.01253	0.07954	0.28458	0.00915	0.05284	0.23281	0.01722	0.10371	0.08018	0.01618	0.00708	0.00511	0.00155	0.00589	0.00571	0.00392	0.00658
10	0.00730	0.00548	0.00733	0.00747	0.04157	0.00516	0.00528	0.00958	0.01350	0.01895	0.63746	0.03618	0.10172	0.01237	0.06637	0.00209	0.00340	0.00878	0.00515	0.00485

[dist]
# distance from previous block
# <min> <max>
0	9

# created by:
# /home/berkeley/.conda/envs/busco_data_prod/bin/msa2prfl.pl pipeline/OGs_align_augustus/33634/1183.fs
