[name]
unknown

[dist]
# distance from previous block
# <min> <max>
0	74

[block]
# block no. 0 follows, 42 sequences, length 9
# corresponding to MSA columns:
# 117-125
name=unknown_A
#
# <colnr> <probs for GDERKNQSTAVLIFYWHMCP>
#	G	D	E	R	K	N	Q	S	T	A	V	L	I	F	Y	W	H	M	C	P
0	0.05785	0.16697	0.03415	0.11820	0.04328	0.01289	0.05892	0.08737	0.01439	0.19201	0.06875	0.01817	0.01372	0.00658	0.00522	0.00166	0.00568	0.02847	0.05814	0.00757
1	0.01464	0.01534	0.11539	0.30309	0.12960	0.07527	0.01443	0.14976	0.01492	0.05133	0.01114	0.01377	0.00832	0.00570	0.00546	0.00170	0.00717	0.00473	0.00336	0.05489
2	0.01411	0.17158	0.30224	0.01274	0.01817	0.03111	0.05497	0.04744	0.04247	0.09874	0.03039	0.01644	0.01128	0.00623	0.00513	0.00165	0.00654	0.03520	0.08584	0.00772
3	0.01062	0.05484	0.01277	0.01053	0.01241	0.07184	0.06109	0.01349	0.06552	0.01434	0.01503	0.05967	0.01436	0.12221	0.35853	0.00548	0.04123	0.00632	0.00331	0.04638
4	0.17345	0.07634	0.01562	0.01101	0.01528	0.01293	0.06208	0.21707	0.01676	0.22295	0.05151	0.01524	0.01190	0.00627	0.00509	0.00163	0.00538	0.00492	0.00498	0.06962
5	0.09812	0.06579	0.11578	0.01437	0.07480	0.01258	0.11866	0.14183	0.01480	0.08455	0.05587	0.05396	0.01295	0.02877	0.00604	0.00177	0.00612	0.00565	0.00401	0.08357
6	0.08150	0.11971	0.16244	0.05877	0.05724	0.03845	0.10271	0.14361	0.05592	0.06184	0.01200	0.01369	0.00909	0.00777	0.04949	0.00211	0.00739	0.00477	0.00360	0.00789
7	0.08307	0.05238	0.23102	0.01332	0.01800	0.06692	0.08632	0.06591	0.04690	0.04254	0.03944	0.05477	0.04355	0.00716	0.00640	0.00178	0.06477	0.01768	0.00356	0.05450
8	0.11077	0.07858	0.01318	0.03399	0.01363	0.03266	0.00815	0.07486	0.05615	0.18979	0.05770	0.09415	0.05290	0.00928	0.03052	0.00197	0.06235	0.00639	0.00473	0.06824

[dist]
# distance from previous block
# <min> <max>
0	21

[block]
# block no. 1 follows, 42 sequences, length 19
# corresponding to MSA columns:
# 155-160,167-179
name=unknown_B
#
# <colnr> <probs for GDERKNQSTAVLIFYWHMCP>
#	G	D	E	R	K	N	Q	S	T	A	V	L	I	F	Y	W	H	M	C	P
0	0.04247	0.12588	0.09560	0.12864	0.03109	0.04898	0.08725	0.13149	0.09144	0.09641	0.01268	0.01410	0.00946	0.00615	0.00611	0.00174	0.05388	0.00489	0.00383	0.00789
1	0.13869	0.07335	0.13126	0.03314	0.02885	0.01243	0.04265	0.10636	0.05699	0.23039	0.01510	0.01510	0.02517	0.00611	0.00510	0.00166	0.00573	0.00481	0.00454	0.06256
2	0.06444	0.27374	0.01906	0.05132	0.01601	0.01506	0.00947	0.15987	0.01585	0.28212	0.01455	0.01501	0.01055	0.00625	0.00491	0.00158	0.00559	0.02154	0.00474	0.00833
3	0.00863	0.00571	0.00721	0.00775	0.00860	0.00538	0.00534	0.03846	0.01155	0.05466	0.03081	0.54166	0.11783	0.07234	0.00932	0.04780	0.00366	0.01337	0.00505	0.00486
4	0.03342	0.17283	0.12261	0.10822	0.09625	0.01390	0.09463	0.04154	0.03591	0.19544	0.02429	0.01469	0.01017	0.00576	0.00527	0.00167	0.00655	0.00491	0.00385	0.00809
5	0.05977	0.01471	0.11967	0.08120	0.05428	0.01323	0.11266	0.12203	0.17395	0.15151	0.01541	0.01599	0.01104	0.00632	0.00590	0.00182	0.02217	0.00542	0.00449	0.00842
6	0.00736	0.00520	0.00652	0.00739	0.00776	0.00495	0.00489	0.00818	0.01028	0.01358	0.02860	0.49618	0.07256	0.24074	0.01330	0.00319	0.00398	0.05636	0.00470	0.00429
7	0.07341	0.08810	0.11626	0.01511	0.10570	0.07638	0.09580	0.06316	0.01388	0.12197	0.04663	0.04851	0.05123	0.02902	0.00618	0.00184	0.00642	0.02899	0.00396	0.00746
8	0.01482	0.06003	0.03589	0.13532	0.02563	0.07606	0.34890	0.07312	0.04909	0.05997	0.01180	0.01455	0.00890	0.00569	0.00671	0.00183	0.05525	0.00562	0.00332	0.00753
9	0.00956	0.00748	0.01037	0.01105	0.05204	0.00782	0.03126	0.05024	0.04761	0.01733	0.06691	0.36394	0.02866	0.01472	0.03628	0.00244	0.05629	0.14242	0.03791	0.00567
10	0.01140	0.01079	0.01827	0.61219	0.20923	0.01271	0.01601	0.01506	0.01162	0.01532	0.01014	0.01475	0.00783	0.00548	0.00561	0.00183	0.00731	0.00500	0.00257	0.00687
11	0.01642	0.01394	0.05110	0.05572	0.11186	0.06982	0.01129	0.20928	0.14281	0.09758	0.07421	0.02010	0.01539	0.00749	0.00628	0.00181	0.03611	0.04579	0.00480	0.00821
12	0.06063	0.24140	0.03436	0.06697	0.04512	0.03191	0.05380	0.06085	0.05556	0.11155	0.01593	0.13733	0.01463	0.00794	0.00531	0.00172	0.00571	0.03803	0.00404	0.00721
13	0.01442	0.00713	0.00939	0.00819	0.01062	0.00632	0.00636	0.01658	0.01508	0.31145	0.32311	0.12920	0.09724	0.01075	0.00633	0.00183	0.00358	0.00930	0.00629	0.00683
14	0.01534	0.19905	0.09753	0.03615	0.01564	0.05542	0.01029	0.06286	0.10032	0.14323	0.06612	0.09162	0.01566	0.00778	0.00617	0.00173	0.05718	0.00605	0.00430	0.00754
15	0.01419	0.06104	0.04603	0.01241	0.01587	0.11392	0.10578	0.09350	0.10802	0.06076	0.01773	0.20744	0.01677	0.00873	0.00580	0.00175	0.00600	0.00763	0.00433	0.09229
16	0.01232	0.00777	0.01023	0.09844	0.01377	0.00773	0.00746	0.04274	0.07081	0.16035	0.39218	0.05711	0.07634	0.00987	0.00625	0.00181	0.00391	0.00855	0.00577	0.00658
17	0.01173	0.01093	0.08506	0.27928	0.02211	0.01009	0.01112	0.01670	0.11948	0.08935	0.06119	0.08916	0.09992	0.00825	0.00583	0.00182	0.00551	0.00707	0.00418	0.06122
18	0.05423	0.08275	0.08476	0.05561	0.01665	0.06377	0.01020	0.10144	0.28863	0.07210	0.01884	0.01851	0.06390	0.00702	0.00534	0.00172	0.00558	0.00553	0.00460	0.03880

[dist]
# distance from previous block
# <min> <max>
1	34

[block]
# block no. 2 follows, 42 sequences, length 16
# corresponding to MSA columns:
# 214-229
name=unknown_C
#
# <colnr> <probs for GDERKNQSTAVLIFYWHMCP>
#	G	D	E	R	K	N	Q	S	T	A	V	L	I	F	Y	W	H	M	C	P
0	0.10346	0.01327	0.01323	0.01096	0.01447	0.07449	0.00877	0.31099	0.13232	0.10727	0.06043	0.05116	0.01472	0.00743	0.00542	0.00172	0.00537	0.00580	0.05056	0.00816
1	0.01643	0.15330	0.15497	0.01134	0.01629	0.01371	0.01093	0.16016	0.10165	0.15599	0.01713	0.01685	0.06060	0.00657	0.00518	0.00159	0.00570	0.00510	0.00449	0.08201
2	0.06089	0.01269	0.05971	0.07034	0.01632	0.08603	0.04295	0.13162	0.02474	0.15704	0.02442	0.02598	0.17984	0.00985	0.03616	0.00209	0.00614	0.04130	0.00471	0.00718
3	0.09760	0.01174	0.01377	0.01140	0.01475	0.03526	0.05405	0.26272	0.06115	0.12542	0.01670	0.05487	0.01369	0.01203	0.10230	0.00271	0.00679	0.05397	0.04138	0.00770
4	0.01000	0.00970	0.05481	0.29114	0.07187	0.00956	0.03986	0.04483	0.01297	0.01741	0.15134	0.17799	0.06663	0.00953	0.00620	0.00191	0.00553	0.00854	0.00403	0.00615
5	0.05880	0.10980	0.10139	0.22722	0.07590	0.01485	0.08472	0.10021	0.01300	0.01821	0.01068	0.03236	0.00884	0.00642	0.00697	0.00184	0.10290	0.01562	0.00304	0.00721
6	0.01562	0.07134	0.01334	0.01014	0.01307	0.01119	0.00831	0.12575	0.12424	0.19225	0.22641	0.02637	0.02483	0.00883	0.00676	0.00182	0.05693	0.04957	0.00562	0.00762
7	0.00720	0.00512	0.00679	0.00793	0.00838	0.00484	0.00548	0.00835	0.01106	0.01476	0.06394	0.64756	0.03647	0.06549	0.00854	0.00249	0.00355	0.08232	0.00515	0.00459
8	0.00977	0.01035	0.07502	0.10711	0.08511	0.01014	0.04993	0.01210	0.01086	0.01503	0.02006	0.27757	0.06839	0.01313	0.05641	0.00254	0.15766	0.00918	0.00365	0.00598
9	0.01261	0.06699	0.14518	0.30010	0.03866	0.01293	0.13352	0.05192	0.03755	0.05734	0.01315	0.08129	0.01091	0.00659	0.00575	0.00184	0.00718	0.00602	0.00326	0.00720
10	0.00804	0.00603	0.00904	0.00904	0.01005	0.00703	0.00703	0.01005	0.00904	0.01306	0.01507	0.02211	0.01407	0.04221	0.77992	0.00904	0.01507	0.00603	0.00301	0.00502
11	0.05658	0.00760	0.01008	0.00940	0.01063	0.00877	0.00738	0.01280	0.01036	0.09076	0.03772	0.07009	0.02655	0.08303	0.29266	0.00486	0.14951	0.03102	0.07459	0.00562
12	0.03046	0.01048	0.01484	0.11777	0.05912	0.01066	0.03888	0.06374	0.07171	0.39292	0.01856	0.06937	0.01363	0.00749	0.00652	0.00185	0.05205	0.00620	0.00537	0.00838
13	0.01335	0.04450	0.15615	0.01770	0.02284	0.01274	0.36879	0.06222	0.01360	0.05969	0.01393	0.01964	0.01137	0.00839	0.05204	0.00230	0.00839	0.07379	0.03108	0.00748
14	0.00701	0.00508	0.00663	0.00758	0.00816	0.00470	0.00517	0.00828	0.01171	0.01569	0.14618	0.63195	0.08812	0.01646	0.00706	0.00218	0.00314	0.01482	0.00537	0.00470
15	0.05204	0.16201	0.10111	0.06853	0.05010	0.04559	0.03697	0.06286	0.01263	0.01727	0.01707	0.23110	0.01748	0.00934	0.00557	0.00181	0.00567	0.04732	0.04903	0.00649

[dist]
# distance from previous block
# <min> <max>
0	1

[block]
# block no. 3 follows, 42 sequences, length 10
# corresponding to MSA columns:
# 231-240
name=unknown_D
#
# <colnr> <probs for GDERKNQSTAVLIFYWHMCP>
#	G	D	E	R	K	N	Q	S	T	A	V	L	I	F	Y	W	H	M	C	P
0	0.01351	0.03331	0.01440	0.13616	0.12077	0.01030	0.04855	0.10810	0.01411	0.09894	0.01782	0.15595	0.01621	0.00847	0.00570	0.00180	0.00533	0.04000	0.14358	0.00698
1	0.00908	0.01020	0.15337	0.00931	0.01170	0.00686	0.00854	0.01152	0.01199	0.04621	0.11991	0.22891	0.09891	0.12930	0.00991	0.00258	0.00478	0.11679	0.00460	0.00552
2	0.07727	0.05046	0.18361	0.05621	0.03916	0.04452	0.16465	0.11841	0.01497	0.11235	0.07262	0.01592	0.01227	0.00610	0.00559	0.00175	0.00698	0.00538	0.00391	0.00787
3	0.06163	0.01242	0.05730	0.17000	0.02185	0.01245	0.13310	0.07606	0.07356	0.06129	0.01338	0.07134	0.01114	0.00693	0.00700	0.00181	0.09185	0.00586	0.00367	0.10737
4	0.16950	0.01064	0.01436	0.44531	0.08701	0.04651	0.01236	0.01469	0.01153	0.01711	0.04191	0.03992	0.05416	0.00659	0.00533	0.00182	0.00637	0.00549	0.00311	0.00627
5	0.00817	0.00551	0.00635	0.00647	0.00680	0.00541	0.00402	0.00873	0.00950	0.01287	0.07056	0.07930	0.06282	0.58775	0.02264	0.00451	0.00488	0.04959	0.04026	0.00385
6	0.01253	0.00952	0.01117	0.00847	0.01273	0.00776	0.00671	0.03578	0.04602	0.07249	0.05555	0.04885	0.01326	0.00571	0.00464	0.00111	0.00408	0.00472	0.04739	0.59151
7	0.05495	0.06106	0.00997	0.00797	0.01012	0.04232	0.00625	0.11506	0.01518	0.02177	0.25254	0.09495	0.09793	0.00959	0.00556	0.00167	0.00385	0.00798	0.17530	0.00600
8	0.11168	0.17990	0.09721	0.01153	0.03647	0.02749	0.01015	0.12683	0.06810	0.11337	0.03075	0.05588	0.01224	0.04125	0.00677	0.00186	0.05154	0.00526	0.00411	0.00760
9	0.10295	0.33052	0.17380	0.01154	0.01679	0.01671	0.03369	0.09163	0.06358	0.06293	0.01091	0.01175	0.00847	0.00545	0.00453	0.00151	0.00618	0.00396	0.00338	0.03972

[dist]
# distance from previous block
# <min> <max>
3	19

[block]
# block no. 4 follows, 42 sequences, length 17
# corresponding to MSA columns:
# 272-288
name=unknown_E
#
# <colnr> <probs for GDERKNQSTAVLIFYWHMCP>
#	G	D	E	R	K	N	Q	S	T	A	V	L	I	F	Y	W	H	M	C	P
0	0.14626	0.01245	0.01633	0.10061	0.22211	0.05058	0.05414	0.07482	0.06268	0.04993	0.01202	0.01528	0.00980	0.06394	0.00686	0.00193	0.00615	0.00492	0.00356	0.08565
1	0.00722	0.00525	0.00664	0.00729	0.00795	0.00494	0.00497	0.00840	0.01129	0.01503	0.12895	0.45689	0.13120	0.12255	0.05175	0.00296	0.00406	0.01310	0.00499	0.00456
2	0.04648	0.01412	0.12782	0.09755	0.01960	0.03922	0.09653	0.08112	0.09601	0.12751	0.05295	0.06179	0.03719	0.00710	0.00567	0.00175	0.00612	0.00615	0.00432	0.07101
3	0.00873	0.00573	0.00666	0.00691	0.00745	0.00570	0.00447	0.04494	0.01053	0.01487	0.02218	0.29465	0.02474	0.36947	0.01628	0.00353	0.00430	0.01025	0.13418	0.00440
4	0.05735	0.01594	0.15762	0.01665	0.16772	0.03931	0.01268	0.09892	0.22675	0.06264	0.03849	0.01620	0.01244	0.00632	0.00543	0.00172	0.00595	0.00521	0.00425	0.04842
5	0.00955	0.00503	0.00755	0.00755	0.00768	0.00516	0.00516	0.00768	0.00755	0.01020	0.01046	0.01775	0.01033	0.02246	0.11941	0.72995	0.00620	0.00503	0.00252	0.00278
6	0.07614	0.09965	0.07070	0.01228	0.05122	0.08476	0.00996	0.19709	0.08528	0.02140	0.01379	0.05776	0.01193	0.05551	0.07017	0.00251	0.03470	0.00547	0.03237	0.00733
7	0.08047	0.46409	0.02183	0.00970	0.01378	0.04749	0.00885	0.14186	0.01433	0.01921	0.05352	0.01277	0.01080	0.00575	0.00421	0.00138	0.00560	0.00399	0.07313	0.00723
8	0.12956	0.01248	0.01413	0.01097	0.01528	0.01290	0.00906	0.34485	0.01984	0.34890	0.01649	0.01536	0.01099	0.00665	0.00536	0.00172	0.00535	0.00506	0.00592	0.00912
9	0.00836	0.00544	0.00681	0.00682	0.00706	0.00553	0.00430	0.00846	0.00881	0.01197	0.07133	0.05625	0.02089	0.49916	0.12187	0.13571	0.00633	0.00778	0.00347	0.00364
10	0.04500	0.01252	0.07527	0.06212	0.01494	0.09937	0.00902	0.07632	0.05303	0.13994	0.13946	0.02161	0.01856	0.00738	0.00536	0.00164	0.00525	0.02823	0.13969	0.04529
11	0.05605	0.01168	0.05700	0.01185	0.07535	0.01015	0.00913	0.01788	0.10867	0.09584	0.01437	0.01531	0.03733	0.00591	0.00588	0.00140	0.06650	0.00457	0.00392	0.39120
12	0.08748	0.06010	0.07477	0.22230	0.06031	0.10743	0.01196	0.04286	0.09981	0.01808	0.01264	0.01709	0.01049	0.00636	0.00524	0.00170	0.00656	0.05760	0.00341	0.09382
13	0.11511	0.05976	0.07864	0.02793	0.23298	0.01328	0.11125	0.09545	0.04021	0.05554	0.03554	0.01608	0.01106	0.00593	0.00538	0.00170	0.00634	0.03128	0.00364	0.05289
14	0.05161	0.01359	0.05474	0.03553	0.41383	0.04911	0.01353	0.01833	0.11400	0.01888	0.01299	0.05444	0.01110	0.00599	0.00537	0.00163	0.00605	0.00536	0.00339	0.11052
15	0.01466	0.01181	0.01481	0.01271	0.04073	0.05569	0.10307	0.21225	0.08547	0.07190	0.05901	0.14369	0.07112	0.06732	0.00779	0.00211	0.00568	0.00803	0.00489	0.00726
16	0.17947	0.01458	0.07315	0.01295	0.07046	0.05693	0.01020	0.15368	0.26042	0.05092	0.01488	0.01494	0.01112	0.00633	0.00511	0.00173	0.00553	0.00488	0.00456	0.04816

[dist]
# distance from previous block
# <min> <max>
0	47

[block]
# block no. 5 follows, 42 sequences, length 27
# corresponding to MSA columns:
# 348-372,376,377
name=unknown_F
#
# <colnr> <probs for GDERKNQSTAVLIFYWHMCP>
#	G	D	E	R	K	N	Q	S	T	A	V	L	I	F	Y	W	H	M	C	P
0	0.09698	0.01333	0.07170	0.15139	0.02439	0.01272	0.30227	0.05025	0.03353	0.05596	0.01264	0.01655	0.00976	0.00593	0.00618	0.00185	0.03361	0.02979	0.06400	0.00718
1	0.11033	0.01368	0.01350	0.01145	0.01473	0.09192	0.00924	0.26075	0.16566	0.07880	0.01592	0.01838	0.01251	0.00808	0.02055	0.00194	0.04587	0.05350	0.04520	0.00797
2	0.19919	0.06899	0.01580	0.04995	0.01694	0.17046	0.03437	0.25704	0.04814	0.07094	0.01160	0.01236	0.00863	0.00602	0.00495	0.00165	0.00660	0.00434	0.00423	0.00778
3	0.00753	0.00532	0.00658	0.00696	0.00761	0.00498	0.00466	0.00852	0.01135	0.01517	0.18732	0.31784	0.12858	0.20653	0.01293	0.04341	0.00369	0.01178	0.00486	0.00437
4	0.05404	0.05159	0.07487	0.12317	0.08273	0.06356	0.03515	0.07870	0.06501	0.05709	0.01566	0.10774	0.03395	0.05512	0.00790	0.00205	0.06359	0.00647	0.00378	0.01784
5	0.00798	0.00533	0.00643	0.00671	0.00682	0.00531	0.00405	0.00815	0.00873	0.01169	0.02001	0.19890	0.02315	0.55304	0.05863	0.05270	0.00540	0.00958	0.00373	0.00368
6	0.01156	0.08586	0.71872	0.01557	0.02363	0.01374	0.01998	0.01775	0.01185	0.01749	0.00993	0.01167	0.00714	0.00531	0.00522	0.00174	0.00815	0.00407	0.00238	0.00824
7	0.01137	0.01073	0.01841	0.34383	0.12595	0.01200	0.12760	0.04460	0.01208	0.01624	0.01347	0.12474	0.01241	0.00916	0.04438	0.00228	0.05411	0.00685	0.00313	0.00665
8	0.06409	0.05059	0.01194	0.00894	0.01240	0.00880	0.00732	0.05694	0.01526	0.44119	0.10573	0.04619	0.03902	0.00776	0.00543	0.00169	0.00431	0.00632	0.09809	0.00800
9	0.07577	0.01226	0.01454	0.01144	0.01533	0.08916	0.08272	0.12212	0.01620	0.36493	0.01705	0.01663	0.01164	0.00642	0.00531	0.00166	0.00568	0.00524	0.11765	0.00824
10	0.00937	0.00641	0.00758	0.00714	0.00892	0.00599	0.00540	0.01259	0.07169	0.07077	0.37210	0.07742	0.23987	0.01159	0.00633	0.00181	0.00302	0.00997	0.06636	0.00568
11	0.00811	0.00549	0.00731	0.00825	0.00907	0.00514	0.00603	0.00958	0.01187	0.04685	0.08518	0.53962	0.06934	0.01620	0.00717	0.00227	0.00362	0.14859	0.00536	0.00496
12	0.00847	0.00552	0.00733	0.00733	0.00766	0.00585	0.00489	0.00861	0.00828	0.01137	0.01521	0.02793	0.01615	0.39197	0.27093	0.18044	0.00846	0.00680	0.00308	0.00373
13	0.01822	0.06112	0.01720	0.01438	0.01734	0.57056	0.08444	0.01996	0.01483	0.01425	0.01165	0.10689	0.01104	0.00709	0.00542	0.00159	0.00904	0.00541	0.00315	0.00643
14	0.00864	0.00604	0.00758	0.00791	0.00918	0.00574	0.00584	0.01114	0.05693	0.05630	0.17411	0.35190	0.16126	0.01540	0.03329	0.00233	0.00379	0.07186	0.00545	0.00533
15	0.40189	0.00996	0.01053	0.00864	0.01241	0.01011	0.00709	0.02143	0.01308	0.38317	0.05821	0.01584	0.01256	0.00642	0.00471	0.00174	0.00446	0.00471	0.00531	0.00772
16	0.02338	0.01023	0.01303	0.01010	0.01422	0.00953	0.00831	0.14458	0.01745	0.58750	0.02045	0.01838	0.01326	0.00690	0.00551	0.00170	0.00484	0.00553	0.07591	0.00921
17	0.00856	0.00592	0.00754	0.00787	0.00872	0.00588	0.00556	0.01060	0.04281	0.04284	0.18145	0.43042	0.05021	0.07185	0.00879	0.00232	0.03611	0.01226	0.05520	0.00510
18	0.01101	0.10015	0.54691	0.06605	0.02218	0.01278	0.01727	0.01615	0.01165	0.01668	0.01269	0.11767	0.01121	0.00697	0.00544	0.00180	0.00736	0.00570	0.00277	0.00757
19	0.02203	0.01474	0.01626	0.01246	0.01694	0.01594	0.01030	0.62950	0.02475	0.15673	0.01494	0.01444	0.01029	0.00679	0.00563	0.00170	0.00596	0.00516	0.00585	0.00957
20	0.01382	0.01283	0.02157	0.08387	0.02197	0.06383	0.30661	0.01685	0.01225	0.10060	0.01339	0.07266	0.01136	0.01028	0.07724	0.00261	0.14140	0.00653	0.00341	0.00693
21	0.01258	0.00864	0.01246	0.04852	0.01436	0.00850	0.08683	0.11341	0.01458	0.12634	0.06656	0.30236	0.07479	0.01191	0.00661	0.00204	0.00486	0.07299	0.00519	0.00648
22	0.39900	0.01054	0.01110	0.00899	0.01295	0.01081	0.00742	0.06535	0.01373	0.38575	0.01511	0.01423	0.01008	0.00616	0.00466	0.00174	0.00467	0.00443	0.00529	0.00798
23	0.01635	0.00935	0.01136	0.00947	0.01245	0.00929	0.00759	0.17344	0.06194	0.24287	0.27133	0.03980	0.02745	0.00893	0.00600	0.00177	0.00423	0.03153	0.04721	0.00765
24	0.09662	0.01445	0.06806	0.07159	0.06537	0.06907	0.13287	0.14205	0.09172	0.10023	0.04038	0.01783	0.03557	0.00662	0.00565	0.00179	0.00655	0.02144	0.00428	0.00785
25	0.01201	0.01110	0.07127	0.01314	0.01639	0.00988	0.20432	0.01683	0.11258	0.07864	0.06972	0.18004	0.03383	0.00902	0.00652	0.00190	0.03188	0.00837	0.10572	0.00682
26	0.01485	0.59329	0.11512	0.01042	0.01556	0.01927	0.01068	0.01792	0.04537	0.05136	0.00960	0.01055	0.00805	0.00507	0.00404	0.00131	0.00605	0.00344	0.00283	0.05522

[dist]
# distance from previous block
# <min> <max>
1	2

[block]
# block no. 6 follows, 42 sequences, length 26
# corresponding to MSA columns:
# 384-387,393-414
name=unknown_G
#
# <colnr> <probs for GDERKNQSTAVLIFYWHMCP>
#	G	D	E	R	K	N	Q	S	T	A	V	L	I	F	Y	W	H	M	C	P
0	0.01884	0.05548	0.04621	0.01276	0.03750	0.04181	0.01042	0.33876	0.23018	0.12394	0.01662	0.01596	0.01197	0.00679	0.00552	0.00173	0.00575	0.00532	0.00536	0.00909
1	0.01700	0.05723	0.01523	0.01209	0.01576	0.08014	0.00968	0.25757	0.42146	0.02596	0.01790	0.01705	0.01338	0.00705	0.00553	0.00176	0.00557	0.00554	0.00528	0.00883
2	0.01585	0.03743	0.22845	0.06314	0.11548	0.01134	0.01338	0.04570	0.05382	0.22387	0.03798	0.01743	0.01221	0.00636	0.00549	0.00171	0.00616	0.02935	0.00427	0.07058
3	0.04241	0.13237	0.19942	0.07060	0.08272	0.03488	0.07087	0.07595	0.01364	0.11198	0.01483	0.07534	0.03735	0.00680	0.00541	0.00172	0.00660	0.00571	0.00367	0.00772
4	0.75271	0.01093	0.00876	0.00769	0.01119	0.01254	0.00633	0.05445	0.01069	0.04596	0.00883	0.00999	0.00673	0.00539	0.00367	0.00173	0.00441	0.00329	0.02837	0.00634
5	0.00752	0.00511	0.00657	0.00721	0.00786	0.00472	0.00494	0.00791	0.01070	0.01391	0.06622	0.42331	0.19322	0.01703	0.01035	0.18877	0.00351	0.01233	0.00465	0.00417
6	0.01340	0.01135	0.01861	0.10025	0.48901	0.01144	0.01455	0.01648	0.01294	0.07582	0.01663	0.02376	0.05156	0.00724	0.00596	0.00184	0.00620	0.11144	0.00356	0.00795
7	0.04137	0.01148	0.05517	0.05457	0.14694	0.01030	0.09841	0.02005	0.06992	0.27007	0.02182	0.05752	0.10189	0.00757	0.00587	0.00181	0.00566	0.00675	0.00480	0.00803
8	0.02386	0.00955	0.01282	0.00992	0.01406	0.00842	0.00816	0.05493	0.01651	0.68802	0.07510	0.02057	0.01657	0.00728	0.00573	0.00174	0.00469	0.00596	0.00686	0.00927
9	0.04742	0.00895	0.00851	0.00758	0.00980	0.07259	0.00590	0.09603	0.01410	0.10713	0.01696	0.01859	0.01289	0.00727	0.02099	0.00160	0.00423	0.00506	0.52805	0.00635
10	0.01321	0.01423	0.07566	0.15712	0.18027	0.09394	0.01372	0.01592	0.01173	0.04109	0.05660	0.01530	0.01099	0.00843	0.03653	0.00219	0.23795	0.00515	0.00298	0.00699
11	0.01299	0.01273	0.05270	0.04596	0.03803	0.01504	0.07066	0.07106	0.01100	0.04087	0.00996	0.01478	0.00894	0.04958	0.06029	0.00279	0.46771	0.00529	0.00297	0.00663
12	0.00788	0.00538	0.00646	0.00675	0.00690	0.00538	0.00411	0.00826	0.00883	0.01186	0.02049	0.20608	0.02370	0.56594	0.08388	0.00503	0.00573	0.00976	0.00378	0.00380
13	0.01308	0.01403	0.07122	0.01867	0.02332	0.01274	0.43205	0.09349	0.04059	0.01977	0.01609	0.02592	0.01425	0.00753	0.00668	0.00203	0.00792	0.16956	0.00374	0.00734
14	0.01323	0.01247	0.01688	0.16111	0.09320	0.13431	0.14031	0.01592	0.01315	0.07666	0.07086	0.19181	0.01828	0.00866	0.00614	0.00186	0.00668	0.00796	0.00389	0.00661
15	0.07512	0.01093	0.01355	0.01045	0.01478	0.01042	0.00863	0.17440	0.01782	0.57412	0.01953	0.01738	0.01255	0.00681	0.00552	0.00173	0.00505	0.00538	0.00648	0.00936
16	0.02365	0.00948	0.01263	0.00980	0.01380	0.00840	0.00796	0.05471	0.01585	0.67740	0.02148	0.02042	0.01431	0.07405	0.00760	0.00205	0.00490	0.00585	0.00661	0.00906
17	0.70844	0.01123	0.00966	0.06830	0.01359	0.01302	0.00722	0.07812	0.01113	0.02527	0.00848	0.00996	0.00650	0.00538	0.00383	0.00175	0.00475	0.00337	0.00359	0.00640
18	0.01301	0.00673	0.00853	0.00782	0.00986	0.00607	0.00595	0.01436	0.01272	0.24228	0.06060	0.12685	0.21115	0.07994	0.03420	0.06697	0.00436	0.04824	0.03440	0.00596
19	0.00778	0.00541	0.00636	0.00658	0.00692	0.00527	0.00407	0.00832	0.00958	0.01272	0.06961	0.18354	0.08827	0.51196	0.04619	0.00444	0.00496	0.01004	0.00407	0.00392
20	0.01553	0.01331	0.09509	0.06290	0.09063	0.01234	0.06515	0.11474	0.11923	0.15629	0.08630	0.01905	0.01522	0.03384	0.00764	0.00196	0.07222	0.00594	0.00458	0.00803
21	0.01315	0.03307	0.10767	0.01254	0.01454	0.03477	0.01118	0.01574	0.03327	0.09813	0.02270	0.03135	0.01107	0.03718	0.08711	0.00288	0.37014	0.00539	0.05149	0.00663
22	0.00844	0.00567	0.00699	0.00723	0.00853	0.00506	0.00520	0.00998	0.01282	0.07478	0.18518	0.36913	0.25090	0.01459	0.00680	0.00203	0.00314	0.01283	0.00555	0.00516
23	0.01201	0.01156	0.01960	0.29344	0.22809	0.02335	0.13142	0.04415	0.01262	0.01689	0.01428	0.10234	0.03568	0.00705	0.00623	0.00187	0.02250	0.00668	0.00315	0.00709
24	0.01530	0.30925	0.15195	0.07057	0.02012	0.01661	0.10579	0.08656	0.06811	0.08732	0.01178	0.01296	0.00896	0.00554	0.00497	0.00159	0.00675	0.00449	0.00343	0.00794
25	0.01238	0.07021	0.06545	0.03948	0.11902	0.03700	0.08009	0.09511	0.05493	0.02976	0.02268	0.13423	0.12989	0.02111	0.00630	0.00189	0.00567	0.03905	0.02880	0.00693

[dist]
# distance from previous block
# <min> <max>
3	21

[block]
# block no. 7 follows, 42 sequences, length 33
# corresponding to MSA columns:
# 436-468
name=unknown_H
#
# <colnr> <probs for GDERKNQSTAVLIFYWHMCP>
#	G	D	E	R	K	N	Q	S	T	A	V	L	I	F	Y	W	H	M	C	P
0	0.41199	0.03455	0.06513	0.00939	0.02884	0.06160	0.00785	0.01692	0.03342	0.06018	0.01140	0.04579	0.00953	0.02984	0.00497	0.00171	0.00502	0.00429	0.04460	0.11298
1	0.04088	0.01128	0.03694	0.01162	0.01480	0.03201	0.08283	0.02878	0.12435	0.19739	0.07942	0.02066	0.02374	0.08176	0.01827	0.00221	0.09922	0.00606	0.00466	0.08311
2	0.02255	0.05685	0.01470	0.15307	0.01836	0.04397	0.05813	0.01659	0.12076	0.07038	0.01844	0.19654	0.01778	0.00967	0.00729	0.00198	0.08489	0.05425	0.00415	0.02967
3	0.01353	0.01137	0.01256	0.01088	0.01391	0.01257	0.00849	0.09649	0.44054	0.02213	0.01945	0.07576	0.01610	0.04181	0.00741	0.00195	0.05631	0.00648	0.00502	0.12724
4	0.01322	0.00969	0.01192	0.04968	0.01423	0.00939	0.03548	0.10394	0.12280	0.10050	0.10019	0.05364	0.13544	0.00830	0.00565	0.00162	0.00444	0.00702	0.03069	0.18218
5	0.01467	0.73314	0.06517	0.00976	0.01460	0.02109	0.00994	0.01674	0.01147	0.01380	0.00839	0.00968	0.00752	0.00492	0.00371	0.00124	0.00599	0.00316	0.03785	0.00719
6	0.00782	0.00548	0.00728	0.00841	0.00905	0.00530	0.00626	0.00928	0.01126	0.01503	0.02890	0.45805	0.03326	0.09575	0.00944	0.00268	0.00409	0.24804	0.02993	0.00467
7	0.01875	0.01425	0.01700	0.01318	0.01740	0.01545	0.08411	0.50287	0.11898	0.05288	0.01662	0.01665	0.03938	0.00695	0.00572	0.00173	0.00599	0.00568	0.03748	0.00893
8	0.01545	0.01115	0.01305	0.01023	0.01407	0.05114	0.04405	0.12596	0.05549	0.15713	0.11974	0.02065	0.04876	0.03080	0.00609	0.00158	0.00496	0.00581	0.00489	0.25900
9	0.04384	0.12704	0.30165	0.01281	0.01816	0.01396	0.01360	0.04565	0.09166	0.14823	0.01300	0.01371	0.00950	0.00625	0.00643	0.00174	0.08565	0.00453	0.00372	0.03890
10	0.46977	0.00952	0.00861	0.00763	0.01038	0.01046	0.00593	0.05300	0.03719	0.04513	0.08740	0.01832	0.01431	0.13274	0.00809	0.00229	0.00440	0.00497	0.03480	0.03508
11	0.00729	0.00507	0.00646	0.00738	0.00800	0.00472	0.00505	0.00862	0.01153	0.01586	0.10549	0.60086	0.08453	0.01576	0.00679	0.00212	0.00312	0.01414	0.08250	0.00472
12	0.20715	0.12397	0.06643	0.13575	0.05106	0.09841	0.03134	0.13651	0.01400	0.02059	0.01083	0.05074	0.00913	0.01551	0.00515	0.00172	0.00648	0.00470	0.00343	0.00709
13	0.01008	0.00682	0.00858	0.00887	0.01001	0.00685	0.00678	0.07908	0.01255	0.04498	0.02504	0.22015	0.02748	0.22577	0.01295	0.00317	0.00489	0.27596	0.00483	0.00514
14	0.01048	0.00692	0.00778	0.00779	0.00871	0.05925	0.00547	0.01104	0.01123	0.06449	0.11801	0.24709	0.02476	0.06501	0.01170	0.21886	0.00425	0.00901	0.10356	0.00459
15	0.01220	0.01577	0.24944	0.04665	0.05014	0.01102	0.06093	0.04506	0.10271	0.07305	0.08917	0.02520	0.11479	0.00819	0.00635	0.00188	0.02964	0.04622	0.00417	0.00743
16	0.01606	0.07316	0.01647	0.04136	0.01649	0.20314	0.08150	0.08612	0.04252	0.10351	0.01723	0.02718	0.08643	0.04424	0.05063	0.00230	0.07497	0.00580	0.00392	0.00694
17	0.00869	0.00546	0.00709	0.00781	0.00872	0.00496	0.00542	0.00984	0.01155	0.09077	0.03309	0.63524	0.11766	0.01617	0.00697	0.00219	0.00337	0.01449	0.00540	0.00510
18	0.00864	0.00613	0.00819	0.00928	0.01030	0.00610	0.00751	0.01106	0.03511	0.01618	0.02870	0.24982	0.03174	0.06618	0.00876	0.00263	0.00458	0.44826	0.03580	0.00503
19	0.00817	0.00660	0.00980	0.00977	0.01091	0.00642	0.08035	0.01092	0.08055	0.01559	0.02828	0.64709	0.03246	0.01540	0.00699	0.00221	0.00400	0.01416	0.00503	0.00528
20	0.04179	0.01004	0.01323	0.01016	0.01451	0.00900	0.00840	0.07754	0.01670	0.70430	0.02130	0.01855	0.01346	0.00691	0.00561	0.00174	0.00488	0.00556	0.00680	0.00951
21	0.01300	0.01619	0.10053	0.02210	0.02746	0.01443	0.60498	0.01756	0.01268	0.01756	0.01086	0.01458	0.00829	0.00531	0.00771	0.00194	0.08829	0.00624	0.00276	0.00751
22	0.02525	0.00958	0.01306	0.01001	0.01437	0.00827	0.00827	0.02743	0.01611	0.77102	0.02220	0.01915	0.01393	0.00697	0.00566	0.00174	0.00479	0.00566	0.00697	0.00958
23	0.01328	0.01518	0.03321	0.02372	0.02941	0.01423	0.74668	0.01803	0.01328	0.01803	0.01139	0.01518	0.00854	0.00474	0.00664	0.00190	0.00949	0.00664	0.00285	0.00759
24	0.01828	0.00946	0.01273	0.08286	0.01586	0.00955	0.00911	0.04209	0.08890	0.39905	0.06885	0.05753	0.01848	0.00870	0.00685	0.00193	0.05663	0.07931	0.00579	0.00804
25	0.01324	0.00714	0.00764	0.00688	0.00892	0.00730	0.00535	0.08424	0.06564	0.09815	0.01861	0.02010	0.01411	0.00669	0.00439	0.00143	0.00330	0.00535	0.61517	0.00634
26	0.09331	0.00705	0.00780	0.00734	0.00852	0.00735	0.00509	0.07847	0.01152	0.01678	0.11523	0.06295	0.07119	0.38875	0.09178	0.00424	0.00573	0.00798	0.00414	0.00479
27	0.00805	0.00599	0.00886	0.00886	0.00980	0.00693	0.00680	0.00993	0.00899	0.01293	0.01525	0.02306	0.01448	0.09116	0.73153	0.00881	0.01445	0.00617	0.00304	0.00492
28	0.01133	0.02843	0.74260	0.01599	0.02397	0.01324	0.02045	0.01765	0.01175	0.01765	0.00999	0.01190	0.00714	0.00553	0.00588	0.00181	0.03991	0.00419	0.00238	0.00823
29	0.01516	0.01273	0.02065	0.02928	0.59903	0.01272	0.01547	0.06592	0.01403	0.08954	0.01310	0.01758	0.01094	0.00599	0.00573	0.00174	0.00638	0.05173	0.00352	0.00878
30	0.02186	0.00938	0.01225	0.00968	0.01339	0.00855	0.00778	0.06439	0.04579	0.58029	0.07011	0.02207	0.01700	0.08138	0.00787	0.00209	0.00477	0.00619	0.00646	0.00869
31	0.00963	0.05934	0.01216	0.08463	0.14127	0.00882	0.00850	0.01288	0.06224	0.01796	0.22061	0.05852	0.26142	0.01023	0.00613	0.00179	0.00421	0.00882	0.00466	0.00617
32	0.11874	0.01074	0.01625	0.06123	0.28193	0.01070	0.05854	0.01845	0.01291	0.19873	0.01519	0.07017	0.01215	0.00655	0.00536	0.00173	0.00555	0.00582	0.08143	0.00785

[dist]
# distance from previous block
# <min> <max>
2	16

[block]
# block no. 8 follows, 42 sequences, length 11
# corresponding to MSA columns:
# 485-495
name=unknown_I
#
# <colnr> <probs for GDERKNQSTAVLIFYWHMCP>
#	G	D	E	R	K	N	Q	S	T	A	V	L	I	F	Y	W	H	M	C	P
0	0.00894	0.00686	0.00878	0.00876	0.01064	0.00643	0.00706	0.01171	0.04243	0.01743	0.13583	0.13040	0.10125	0.01515	0.07020	0.00260	0.00499	0.27003	0.00489	0.13563
1	0.07201	0.01320	0.01968	0.07289	0.52465	0.04641	0.01469	0.03535	0.01302	0.05220	0.01082	0.01353	0.00875	0.00516	0.00530	0.00161	0.00642	0.00471	0.00312	0.07648
2	0.01485	0.25326	0.01846	0.01022	0.01427	0.01426	0.00889	0.06399	0.01254	0.09587	0.01043	0.01187	0.00851	0.00572	0.00649	0.00135	0.12848	0.00384	0.00344	0.31325
3	0.21935	0.07592	0.01292	0.00945	0.01305	0.01195	0.00779	0.15308	0.04761	0.19952	0.06692	0.01891	0.01436	0.05420	0.00641	0.00191	0.00491	0.03248	0.00495	0.04433
4	0.00733	0.00600	0.00718	0.07077	0.01059	0.00554	0.00577	0.00913	0.01286	0.01614	0.14626	0.15044	0.46179	0.01370	0.00670	0.00197	0.00340	0.05433	0.00513	0.00495
5	0.01072	0.00816	0.01208	0.01569	0.24004	0.00779	0.00910	0.01302	0.01315	0.07014	0.16283	0.19465	0.13061	0.01086	0.00629	0.00188	0.00430	0.04097	0.04126	0.00646
6	0.02426	0.01117	0.01405	0.01077	0.01516	0.01063	0.00890	0.21291	0.01877	0.58177	0.01997	0.01770	0.01281	0.00691	0.00565	0.00173	0.00515	0.00551	0.00662	0.00958
7	0.01318	0.01250	0.02122	0.14423	0.61899	0.01287	0.01659	0.01654	0.01259	0.01771	0.01154	0.01677	0.00998	0.00567	0.00570	0.00175	0.00672	0.04425	0.00287	0.00832
8	0.00681	0.00507	0.00635	0.00737	0.00804	0.00461	0.00502	0.00789	0.01123	0.01455	0.03674	0.63457	0.19750	0.01689	0.00707	0.00220	0.00317	0.01509	0.00522	0.00461
9	0.02178	0.00970	0.01259	0.00988	0.01373	0.00892	0.00807	0.11584	0.01739	0.54894	0.14890	0.02238	0.02013	0.00772	0.00582	0.00174	0.00460	0.00636	0.00666	0.00884
10	0.01525	0.01101	0.01634	0.01369	0.03558	0.01161	0.13719	0.04333	0.18228	0.18971	0.07047	0.08483	0.01789	0.00854	0.00777	0.00197	0.10762	0.03218	0.00498	0.00776

[dist]
# distance from previous block
# <min> <max>
0	20

[block]
# block no. 9 follows, 42 sequences, length 15
# corresponding to MSA columns:
# 516-530
name=unknown_J
#
# <colnr> <probs for GDERKNQSTAVLIFYWHMCP>
#	G	D	E	R	K	N	Q	S	T	A	V	L	I	F	Y	W	H	M	C	P
0	0.01715	0.01293	0.02283	0.04871	0.07694	0.01300	0.30678	0.07520	0.01440	0.23472	0.01405	0.01574	0.01001	0.00621	0.00762	0.00189	0.10361	0.00585	0.00417	0.00818
1	0.02162	0.01038	0.01300	0.01035	0.01429	0.01001	0.00842	0.10420	0.14284	0.50846	0.07749	0.02059	0.01697	0.00740	0.00574	0.00177	0.00472	0.00606	0.00655	0.00914
2	0.05602	0.00939	0.01191	0.00970	0.01306	0.00894	0.02078	0.12601	0.01644	0.39584	0.11896	0.10761	0.03262	0.00869	0.00582	0.00179	0.00450	0.00729	0.03661	0.00803
3	0.07750	0.15709	0.24748	0.01196	0.01736	0.01293	0.04210	0.01842	0.01240	0.16692	0.01404	0.01471	0.04396	0.00602	0.00552	0.00160	0.04061	0.00457	0.00364	0.10118
4	0.00843	0.00686	0.04639	0.00782	0.00875	0.00618	0.00575	0.01021	0.04341	0.01396	0.02088	0.25767	0.02276	0.28133	0.13503	0.03495	0.00616	0.00954	0.06934	0.00462
5	0.00837	0.00625	0.00916	0.00903	0.00985	0.00733	0.00691	0.00994	0.00886	0.01274	0.01458	0.02246	0.01397	0.09800	0.64006	0.05395	0.05466	0.00608	0.00298	0.00482
6	0.08443	0.06423	0.05405	0.05097	0.01560	0.09490	0.02494	0.18364	0.08852	0.05535	0.08843	0.02903	0.02311	0.00862	0.00742	0.10410	0.00587	0.00548	0.00428	0.00703
7	0.07071	0.13434	0.01823	0.10820	0.05826	0.01428	0.06436	0.17312	0.08501	0.16698	0.01426	0.01493	0.01035	0.00609	0.00520	0.00167	0.00591	0.00497	0.03497	0.00818
8	0.02187	0.00937	0.01219	0.00971	0.01354	0.00858	0.00790	0.02575	0.10481	0.58700	0.07270	0.02104	0.01702	0.00733	0.00563	0.00174	0.00448	0.00603	0.05434	0.00896
9	0.01002	0.01066	0.10544	0.07370	0.01421	0.04749	0.00897	0.08587	0.01307	0.01730	0.05363	0.46865	0.02720	0.01309	0.00655	0.00207	0.00491	0.02673	0.00460	0.00583
10	0.05805	0.13456	0.22782	0.01444	0.08983	0.01280	0.05489	0.04683	0.03302	0.13675	0.07004	0.06909	0.01427	0.00686	0.00538	0.00172	0.00617	0.00574	0.00392	0.00783
11	0.01354	0.00814	0.01013	0.00930	0.03042	0.00836	0.00676	0.09399	0.01321	0.17171	0.05379	0.09730	0.06958	0.20672	0.04742	0.00306	0.06459	0.00769	0.07808	0.00621
12	0.05153	0.00768	0.00891	0.00809	0.01024	0.00764	0.00627	0.10247	0.01399	0.17279	0.02097	0.15171	0.01886	0.06339	0.00697	0.00200	0.00405	0.06036	0.27564	0.00644
13	0.06261	0.01609	0.10424	0.08602	0.13205	0.11386	0.12585	0.07738	0.05222	0.06060	0.01246	0.04446	0.00997	0.00599	0.00550	0.00169	0.00711	0.00528	0.00353	0.07310
14	0.07934	0.03521	0.01539	0.01289	0.06645	0.01398	0.00987	0.36485	0.01921	0.14385	0.04864	0.01552	0.01192	0.00832	0.04009	0.00201	0.05122	0.00513	0.00501	0.05111

[dist]
# distance from previous block
# <min> <max>
1	48

[block]
# block no. 10 follows, 42 sequences, length 34
# corresponding to MSA columns:
# 580-613
name=unknown_K
#
# <colnr> <probs for GDERKNQSTAVLIFYWHMCP>
#	G	D	E	R	K	N	Q	S	T	A	V	L	I	F	Y	W	H	M	C	P
0	0.23096	0.02076	0.04575	0.09192	0.07161	0.01228	0.00976	0.13943	0.07630	0.12774	0.01622	0.01671	0.06418	0.00655	0.00505	0.00172	0.00529	0.00507	0.00442	0.04828
1	0.23687	0.05982	0.07033	0.07107	0.08871	0.05438	0.06222	0.04260	0.07783	0.10732	0.02875	0.01612	0.01099	0.01702	0.00538	0.00181	0.00600	0.03149	0.00391	0.00740
2	0.00802	0.00770	0.06415	0.06442	0.01157	0.00639	0.00691	0.01052	0.04592	0.01582	0.08739	0.33516	0.20596	0.06900	0.00811	0.00226	0.00399	0.01158	0.02992	0.00521
3	0.01679	0.46722	0.08632	0.01031	0.01492	0.04329	0.00998	0.01901	0.01269	0.19394	0.01310	0.06728	0.01092	0.00631	0.00455	0.00147	0.00587	0.00467	0.00370	0.00766
4	0.07249	0.06519	0.01578	0.19831	0.05454	0.04197	0.05334	0.02696	0.07449	0.12719	0.01476	0.01658	0.03788	0.00863	0.06134	0.00216	0.00665	0.00510	0.00381	0.11281
5	0.01654	0.06461	0.01572	0.05713	0.01664	0.01489	0.00993	0.39225	0.09035	0.02630	0.01607	0.07477	0.03692	0.00786	0.00653	0.00175	0.06380	0.01491	0.00480	0.06825
6	0.00946	0.00500	0.00737	0.00742	0.00751	0.00506	0.00499	0.00759	0.00763	0.01024	0.01134	0.04848	0.01163	0.05710	0.07665	0.70600	0.00559	0.00555	0.00264	0.00276
7	0.10225	0.02970	0.04566	0.01278	0.06438	0.06804	0.06116	0.12447	0.01513	0.21113	0.01463	0.01679	0.01107	0.03563	0.00607	0.00175	0.00585	0.02861	0.03648	0.10843
8	0.04968	0.00858	0.03512	0.02452	0.06599	0.00803	0.00770	0.03899	0.06691	0.10392	0.35018	0.03127	0.08200	0.01137	0.05132	0.00220	0.00455	0.01709	0.03405	0.00653
9	0.01179	0.01156	0.01566	0.10637	0.01720	0.06131	0.05865	0.01427	0.04511	0.01445	0.03858	0.01758	0.01158	0.08894	0.09385	0.00321	0.37527	0.00566	0.00296	0.00600
10	0.01138	0.00696	0.00843	0.00813	0.00994	0.00659	0.00603	0.06714	0.04117	0.14092	0.07509	0.35906	0.17512	0.01321	0.00649	0.00199	0.00363	0.01152	0.04118	0.00603
11	0.07178	0.07232	0.19989	0.10981	0.10212	0.01355	0.24644	0.01782	0.01244	0.07227	0.01141	0.02504	0.00867	0.00540	0.00561	0.00178	0.00765	0.00525	0.00304	0.00771
12	0.01107	0.00671	0.00797	0.00730	0.00844	0.00661	0.00494	0.05720	0.01132	0.11173	0.07599	0.03374	0.07486	0.48296	0.07184	0.00445	0.00567	0.00793	0.00432	0.00494
13	0.01221	0.01350	0.05863	0.01952	0.02382	0.01246	0.51713	0.01559	0.01197	0.01639	0.01232	0.07312	0.01069	0.00797	0.00938	0.10950	0.05937	0.00689	0.00293	0.00664
14	0.07288	0.00990	0.01252	0.02993	0.07018	0.01031	0.02576	0.17586	0.01657	0.11912	0.21578	0.02558	0.02327	0.00839	0.00618	0.00178	0.03080	0.05360	0.08439	0.00720
15	0.01215	0.04651	0.01364	0.10228	0.06807	0.01069	0.02017	0.08121	0.01313	0.07223	0.11295	0.12392	0.02101	0.07034	0.04511	0.00257	0.11358	0.05984	0.00424	0.00636
16	0.01180	0.00797	0.01103	0.04291	0.01265	0.00824	0.07908	0.06745	0.06566	0.05354	0.01822	0.07712	0.01606	0.04873	0.06498	0.06116	0.00542	0.05356	0.28847	0.00594
17	0.00844	0.00592	0.00778	0.00850	0.00922	0.00598	0.00650	0.00991	0.01069	0.01415	0.02428	0.12168	0.02694	0.29641	0.08685	0.00417	0.00601	0.33770	0.00436	0.00448
18	0.01474	0.07194	0.10649	0.21892	0.14132	0.03894	0.04627	0.13443	0.01452	0.07608	0.01226	0.04760	0.00979	0.00636	0.00601	0.00177	0.03597	0.00532	0.00351	0.00776
19	0.05211	0.00993	0.01222	0.00972	0.01355	0.00951	0.00793	0.10125	0.08209	0.50024	0.02031	0.01860	0.01354	0.00688	0.00535	0.00169	0.00460	0.00551	0.11616	0.00881
20	0.02073	0.01015	0.01452	0.07095	0.11288	0.00974	0.01003	0.04726	0.01531	0.50446	0.07259	0.01933	0.01520	0.00707	0.00630	0.00178	0.04131	0.00580	0.00579	0.00878
21	0.02176	0.01040	0.01302	0.01051	0.01449	0.01009	0.00854	0.05272	0.21492	0.52937	0.02225	0.02039	0.01504	0.00732	0.00572	0.00180	0.00476	0.02106	0.00655	0.00931
22	0.01327	0.01932	0.25421	0.05179	0.02523	0.06134	0.33958	0.07174	0.01361	0.01848	0.01119	0.01423	0.00846	0.00790	0.06206	0.00234	0.00925	0.00546	0.00291	0.00765
23	0.00830	0.00614	0.00876	0.00879	0.00942	0.00702	0.00653	0.00953	0.00905	0.01280	0.01691	0.14233	0.01761	0.12573	0.46105	0.06838	0.06601	0.00766	0.00332	0.00465
24	0.01051	0.00733	0.01100	0.01001	0.01024	0.00870	0.03169	0.00953	0.00796	0.01124	0.00942	0.01596	0.00928	0.01745	0.05610	0.54005	0.22228	0.00501	0.00249	0.00376
25	0.01341	0.06783	0.15769	0.01897	0.06657	0.01411	0.34037	0.04538	0.01280	0.04394	0.01134	0.01438	0.00877	0.00689	0.03291	0.00208	0.09087	0.00552	0.03862	0.00758
26	0.21822	0.01157	0.01297	0.01019	0.01438	0.01181	0.00842	0.22139	0.01738	0.39332	0.01642	0.01524	0.01088	0.00649	0.00513	0.00173	0.00507	0.00488	0.00577	0.00875
27	0.01203	0.01176	0.05379	0.10919	0.28121	0.01118	0.11673	0.01623	0.05673	0.02741	0.07000	0.03898	0.03775	0.00724	0.00594	0.00182	0.00621	0.06645	0.06199	0.00736
28	0.08680	0.01287	0.09242	0.02732	0.01549	0.05825	0.03794	0.04616	0.06977	0.29247	0.14797	0.02043	0.01851	0.00743	0.00617	0.00178	0.03915	0.00598	0.00522	0.00787
29	0.01367	0.05837	0.04991	0.01327	0.07230	0.01329	0.01032	0.18951	0.02890	0.03966	0.12947	0.09903	0.04323	0.00931	0.00903	0.00194	0.20026	0.00702	0.00435	0.00715
30	0.03764	0.01030	0.01618	0.11916	0.28853	0.01082	0.03586	0.01543	0.01170	0.10354	0.01489	0.10501	0.01394	0.12388	0.01006	0.00240	0.06326	0.00676	0.00360	0.00703
31	0.01530	0.18151	0.23565	0.01354	0.04389	0.05822	0.06079	0.02908	0.04254	0.15998	0.01467	0.09481	0.01215	0.00690	0.00533	0.00169	0.00659	0.00569	0.00380	0.00785
32	0.01278	0.06894	0.04707	0.07081	0.16714	0.04629	0.01026	0.03972	0.03699	0.08880	0.26538	0.06138	0.04447	0.00841	0.00587	0.00173	0.00507	0.00728	0.00461	0.00703
33	0.02296	0.01070	0.01331	0.06516	0.01615	0.06559	0.00903	0.02522	0.01557	0.61755	0.02079	0.02079	0.01406	0.00729	0.00574	0.00178	0.00540	0.04780	0.00625	0.00886

[dist]
# distance from previous block
# <min> <max>
0	5

[block]
# block no. 11 follows, 42 sequences, length 25
# corresponding to MSA columns:
# 634-658
name=unknown_L
#
# <colnr> <probs for GDERKNQSTAVLIFYWHMCP>
#	G	D	E	R	K	N	Q	S	T	A	V	L	I	F	Y	W	H	M	C	P
0	0.70530	0.01162	0.01161	0.00958	0.01337	0.01304	0.09328	0.05183	0.01082	0.02489	0.00853	0.01006	0.00655	0.00524	0.00396	0.00176	0.00504	0.00357	0.00351	0.00644
1	0.00840	0.00640	0.00918	0.00915	0.01028	0.00740	0.00708	0.01133	0.06126	0.01386	0.01638	0.05908	0.01539	0.03862	0.68908	0.00822	0.01377	0.00653	0.00331	0.00527
2	0.84197	0.01088	0.00827	0.00740	0.01088	0.01262	0.00609	0.01654	0.00958	0.02525	0.00784	0.00914	0.00609	0.00522	0.00348	0.00174	0.00435	0.00305	0.00348	0.00609
3	0.01160	0.01905	0.40363	0.03711	0.03940	0.01126	0.01495	0.01585	0.01201	0.07543	0.07777	0.13178	0.01610	0.00834	0.00731	0.00193	0.09897	0.00668	0.00350	0.00730
4	0.01137	0.02629	0.64605	0.01655	0.02422	0.01284	0.10894	0.01750	0.01225	0.01807	0.04613	0.01372	0.00949	0.00557	0.00557	0.00180	0.00819	0.00475	0.00262	0.00808
5	0.00697	0.00552	0.00627	0.00648	0.00790	0.00482	0.00471	0.00855	0.01299	0.01653	0.19703	0.22471	0.44867	0.01447	0.00677	0.00196	0.00291	0.01248	0.00543	0.00482
6	0.06914	0.00958	0.01198	0.00962	0.01332	0.00906	0.00781	0.06353	0.08409	0.49562	0.12277	0.02162	0.01893	0.00753	0.00562	0.00175	0.00446	0.00615	0.02881	0.00861
7	0.01045	0.00966	0.01573	0.61905	0.03269	0.01213	0.01401	0.01364	0.01068	0.01401	0.01058	0.01654	0.00871	0.05529	0.06240	0.00264	0.07795	0.00525	0.00259	0.00599
8	0.00691	0.00495	0.00665	0.00789	0.00825	0.00469	0.00531	0.00794	0.01069	0.01430	0.03027	0.76219	0.03614	0.01878	0.04337	0.00260	0.00382	0.01553	0.00512	0.00459
