[name]
unknown

[dist]
# distance from previous block
# <min> <max>
0	363

[block]
# block no. 0 follows, 32 sequences, length 11
# corresponding to MSA columns:
# 417-427
name=unknown_A
#
# <colnr> <probs for GDERKNQSTAVLIFYWHMCP>
#	G	D	E	R	K	N	Q	S	T	A	V	L	I	F	Y	W	H	M	C	P
0	0.00931	0.00684	0.00885	0.00956	0.01077	0.00644	0.00710	0.01121	0.01403	0.01878	0.11540	0.33880	0.10747	0.07737	0.05094	0.00334	0.00526	0.15079	0.00594	0.04180
1	0.00863	0.00611	0.00804	0.00941	0.00987	0.00581	0.00644	0.00986	0.01275	0.01694	0.03494	0.60416	0.04140	0.10933	0.01169	0.00321	0.00444	0.08562	0.00597	0.00536
2	0.01656	0.01667	0.02596	0.02827	0.29959	0.07192	0.15637	0.05744	0.01530	0.02094	0.01276	0.01723	0.01076	0.01160	0.08453	0.00309	0.13204	0.00636	0.00350	0.00911
3	0.00960	0.00713	0.01049	0.01049	0.01158	0.00823	0.00802	0.01179	0.01070	0.01536	0.01824	0.02787	0.01743	0.11159	0.67722	0.01042	0.01699	0.00741	0.00363	0.00583
4	0.04294	0.01781	0.18895	0.01378	0.01869	0.01394	0.01337	0.14041	0.08987	0.11304	0.14507	0.02390	0.02178	0.00901	0.00777	0.00213	0.06135	0.00706	0.05987	0.00926
5	0.01267	0.01193	0.02013	0.74806	0.04621	0.01491	0.01863	0.01714	0.01342	0.01714	0.01193	0.01789	0.00894	0.00671	0.00671	0.00224	0.00894	0.00596	0.00298	0.00745
6	0.00895	0.00667	0.00851	0.00910	0.01031	0.00639	0.00674	0.01087	0.01412	0.01865	0.13854	0.26675	0.18940	0.07340	0.11013	0.00394	0.00608	0.09986	0.00588	0.00570
7	0.20972	0.01118	0.01433	0.01333	0.06692	0.01085	0.06153	0.01841	0.01415	0.11721	0.06655	0.09987	0.02021	0.08505	0.00906	0.00248	0.00581	0.03784	0.00508	0.13043
8	0.30509	0.07280	0.08762	0.01161	0.01600	0.01467	0.01035	0.14063	0.01635	0.07899	0.01777	0.16674	0.01655	0.00972	0.00595	0.00215	0.00599	0.00760	0.00511	0.00832
9	0.01755	0.09659	0.02156	0.01523	0.01911	0.01683	0.08207	0.08903	0.06306	0.08907	0.01396	0.01643	0.01121	0.00935	0.03263	0.00232	0.22153	0.00570	0.00437	0.17239
10	0.10661	0.00909	0.04143	0.00957	0.01144	0.00827	0.00724	0.01464	0.04924	0.06842	0.13090	0.29770	0.03405	0.16607	0.01280	0.00322	0.00493	0.01224	0.00574	0.00639

[dist]
# distance from previous block
# <min> <max>
8	124

[block]
# block no. 1 follows, 32 sequences, length 13
# corresponding to MSA columns:
# 554-566
name=unknown_B
#
# <colnr> <probs for GDERKNQSTAVLIFYWHMCP>
#	G	D	E	R	K	N	Q	S	T	A	V	L	I	F	Y	W	H	M	C	P
0	0.06099	0.01174	0.01656	0.13650	0.02205	0.01160	0.04944	0.02756	0.07413	0.41480	0.02214	0.02154	0.01488	0.00781	0.00651	0.00208	0.00628	0.00656	0.07692	0.00990
1	0.07161	0.01368	0.06330	0.01803	0.06207	0.01211	0.22410	0.01684	0.01469	0.02132	0.06634	0.13443	0.07123	0.01060	0.00793	0.00226	0.03472	0.06835	0.00456	0.08183
2	0.01387	0.01319	0.01809	0.01490	0.01705	0.01560	0.05237	0.01691	0.05296	0.01847	0.01680	0.02114	0.07540	0.04254	0.01578	0.00252	0.39953	0.00660	0.00377	0.18252
3	0.07578	0.04889	0.04728	0.01126	0.01368	0.01184	0.00957	0.01490	0.01387	0.02098	0.12488	0.08271	0.11546	0.01191	0.01011	0.00225	0.17196	0.05775	0.07757	0.07737
4	0.08063	0.05606	0.01844	0.13404	0.04347	0.25981	0.05252	0.01994	0.01518	0.01852	0.01450	0.06139	0.01331	0.01276	0.08714	0.00295	0.01007	0.04051	0.00374	0.05501
5	0.01131	0.00702	0.00871	0.00846	0.00982	0.00676	0.00599	0.01308	0.01395	0.08034	0.17203	0.12340	0.10825	0.22234	0.10503	0.00441	0.00623	0.01090	0.07603	0.00594
6	0.00909	0.00682	0.00849	0.00898	0.01025	0.00643	0.00645	0.01199	0.05318	0.02106	0.25773	0.37115	0.15134	0.01738	0.00819	0.00245	0.00372	0.03260	0.00663	0.00606
7	0.02173	0.00913	0.01140	0.00941	0.01302	0.00818	0.00756	0.02444	0.01699	0.40853	0.02847	0.02732	0.07897	0.00890	0.00610	0.00191	0.00456	0.00722	0.29714	0.00903
8	0.01373	0.00867	0.01074	0.01009	0.01226	0.00851	0.00769	0.07852	0.05790	0.10731	0.27643	0.22141	0.04138	0.01402	0.00763	0.00228	0.00432	0.04936	0.06035	0.00740
9	0.74023	0.01283	0.01038	0.00911	0.01336	0.01458	0.00750	0.02091	0.01213	0.09374	0.01091	0.01199	0.00812	0.00642	0.00439	0.00208	0.00524	0.00392	0.00453	0.00765
10	0.01481	0.01219	0.01385	0.01249	0.01480	0.01422	0.00948	0.05858	0.37567	0.02276	0.02200	0.02709	0.01881	0.16685	0.05726	0.04497	0.09282	0.00764	0.00542	0.00828
11	0.01741	0.15891	0.12686	0.01403	0.01878	0.04994	0.04972	0.11364	0.01629	0.10273	0.01574	0.01953	0.01287	0.05673	0.19290	0.00438	0.01061	0.00600	0.00433	0.00861
12	0.08328	0.22740	0.06032	0.07234	0.02101	0.10056	0.01268	0.16632	0.13248	0.04087	0.01456	0.01541	0.01125	0.00712	0.00577	0.00189	0.00756	0.00518	0.00462	0.00937

[dist]
# distance from previous block
# <min> <max>
0	8

[block]
# block no. 2 follows, 32 sequences, length 11
# corresponding to MSA columns:
# 575-585
name=unknown_C
#
# <colnr> <probs for GDERKNQSTAVLIFYWHMCP>
#	G	D	E	R	K	N	Q	S	T	A	V	L	I	F	Y	W	H	M	C	P
0	0.81159	0.01298	0.00986	0.00882	0.01298	0.01505	0.00727	0.01972	0.01142	0.03010	0.00934	0.01090	0.00727	0.00623	0.00415	0.00208	0.00519	0.00363	0.00415	0.00727
1	0.01800	0.01751	0.01995	0.09589	0.18830	0.13585	0.01465	0.10268	0.16612	0.02333	0.01663	0.05754	0.01395	0.00857	0.00840	0.00218	0.08985	0.00675	0.00457	0.00928
2	0.00886	0.00664	0.00822	0.00823	0.00974	0.00600	0.00602	0.01129	0.01690	0.02289	0.42982	0.19494	0.21394	0.01594	0.00805	0.00227	0.00337	0.01399	0.00688	0.00600
3	0.01311	0.04681	0.01420	0.07699	0.01643	0.01239	0.00989	0.08515	0.10470	0.02034	0.02444	0.24099	0.05696	0.01712	0.06224	0.07991	0.09581	0.01042	0.00501	0.00709
4	0.00864	0.00620	0.00792	0.00885	0.00954	0.00580	0.00602	0.01005	0.01362	0.01823	0.14003	0.49093	0.09188	0.11610	0.01177	0.00310	0.00415	0.03560	0.00612	0.00544
5	0.01025	0.00811	0.01014	0.01032	0.01138	0.00867	0.00746	0.01402	0.10405	0.01974	0.13976	0.39030	0.07556	0.06925	0.01136	0.00283	0.08018	0.01424	0.00600	0.00637
6	0.01577	0.34644	0.17769	0.10920	0.02306	0.07013	0.01500	0.01948	0.01448	0.01833	0.08244	0.01671	0.01420	0.00719	0.00642	0.00185	0.04460	0.00522	0.00338	0.00839
7	0.14850	0.00922	0.01082	0.01015	0.01264	0.00928	0.00770	0.06459	0.01578	0.15636	0.11621	0.30220	0.03123	0.01621	0.05537	0.00290	0.00553	0.01156	0.00628	0.00745
8	0.01797	0.13444	0.02655	0.05509	0.07307	0.14386	0.19509	0.09039	0.05154	0.02181	0.04694	0.05521	0.01444	0.00777	0.00727	0.00204	0.03678	0.00687	0.00412	0.00874
9	0.23791	0.06723	0.05324	0.10847	0.02132	0.11776	0.01203	0.09326	0.14549	0.06035	0.01484	0.01588	0.01117	0.00719	0.00576	0.00204	0.00729	0.00523	0.00471	0.00884
10	0.30078	0.01573	0.06458	0.17138	0.11920	0.01630	0.01380	0.14267	0.05058	0.02776	0.01262	0.01500	0.00956	0.00678	0.00577	0.00210	0.00708	0.00516	0.00430	0.00885

[dist]
# distance from previous block
# <min> <max>
4	84

[block]
# block no. 3 follows, 32 sequences, length 8
# corresponding to MSA columns:
# 670-677
name=unknown_D
#
# <colnr> <probs for GDERKNQSTAVLIFYWHMCP>
#	G	D	E	R	K	N	Q	S	T	A	V	L	I	F	Y	W	H	M	C	P
0	0.01620	0.01417	0.07611	0.05127	0.01870	0.06916	0.06692	0.06603	0.01620	0.13214	0.02482	0.19793	0.05257	0.05767	0.00892	0.00248	0.00682	0.04963	0.00538	0.06688
1	0.08139	0.01330	0.01924	0.08573	0.12307	0.01502	0.05401	0.06784	0.01583	0.12063	0.12361	0.02191	0.01881	0.00920	0.01067	0.00231	0.19704	0.00695	0.00483	0.00863
2	0.01889	0.08064	0.02340	0.01935	0.09945	0.07568	0.10159	0.11784	0.01708	0.08986	0.04706	0.01744	0.01296	0.00824	0.01032	0.00215	0.19088	0.00612	0.00440	0.05665
3	0.14867	0.07008	0.02238	0.01838	0.06828	0.01816	0.11760	0.01781	0.01196	0.01964	0.01071	0.01541	0.00955	0.01233	0.07548	0.00318	0.34352	0.00576	0.00329	0.00780
4	0.16178	0.06883	0.01677	0.06369	0.01800	0.01541	0.01074	0.12605	0.01589	0.05853	0.05588	0.01762	0.01351	0.01165	0.07235	0.00277	0.13029	0.00558	0.00450	0.13014
5	0.06532	0.06889	0.11409	0.11899	0.15422	0.01501	0.07341	0.02268	0.10206	0.10950	0.01767	0.07855	0.01448	0.00801	0.00660	0.00214	0.00747	0.00707	0.00454	0.00930
6	0.01933	0.07458	0.02169	0.14327	0.13734	0.01471	0.07292	0.10682	0.01724	0.17859	0.01647	0.01985	0.01264	0.06888	0.00874	0.00233	0.00746	0.00630	0.00487	0.06598
7	0.00878	0.00683	0.00797	0.00769	0.00958	0.00603	0.00577	0.01127	0.01730	0.02289	0.42088	0.05674	0.36373	0.01522	0.00792	0.00218	0.00327	0.01306	0.00686	0.00603

[dist]
# distance from previous block
# <min> <max>
2	24

[block]
# block no. 4 follows, 32 sequences, length 17
# corresponding to MSA columns:
# 702-718
name=unknown_E
#
# <colnr> <probs for GDERKNQSTAVLIFYWHMCP>
#	G	D	E	R	K	N	Q	S	T	A	V	L	I	F	Y	W	H	M	C	P
0	0.01297	0.00879	0.01165	0.01083	0.01227	0.00972	0.00817	0.01592	0.06026	0.09980	0.11219	0.09197	0.02592	0.17270	0.22045	0.00559	0.09986	0.00915	0.00509	0.00671
1	0.00832	0.00629	0.00769	0.00845	0.00958	0.00566	0.00591	0.00997	0.01457	0.01902	0.15738	0.44074	0.24480	0.01865	0.00827	0.00249	0.00363	0.01651	0.00642	0.00566
2	0.20875	0.01179	0.01385	0.01108	0.01565	0.01143	0.00908	0.07312	0.01822	0.44330	0.09630	0.02255	0.01911	0.00839	0.00627	0.00208	0.00543	0.00656	0.00713	0.00991
3	0.02741	0.01472	0.01749	0.01352	0.01871	0.01490	0.01113	0.31677	0.06261	0.39706	0.02211	0.02010	0.01461	0.00824	0.00674	0.00206	0.00640	0.00649	0.00755	0.01137
4	0.01217	0.00716	0.00834	0.00831	0.01009	0.00682	0.00629	0.03534	0.01554	0.07062	0.11259	0.18362	0.12103	0.01316	0.00680	0.00211	0.00385	0.05937	0.31026	0.00653
5	0.14207	0.25825	0.02273	0.01319	0.01812	0.12593	0.01130	0.21491	0.05704	0.05881	0.01316	0.01382	0.01021	0.00694	0.00547	0.00181	0.00749	0.00476	0.00470	0.00931
6	0.01949	0.32879	0.15600	0.07624	0.06587	0.01919	0.01482	0.05940	0.01592	0.16407	0.01412	0.01510	0.01053	0.00660	0.00566	0.00183	0.00759	0.00496	0.00422	0.00961
7	0.28333	0.37310	0.02276	0.01078	0.01553	0.06535	0.00972	0.02063	0.01393	0.06319	0.05888	0.01429	0.01237	0.00667	0.00475	0.00175	0.00646	0.00442	0.00396	0.00812
8	0.68812	0.01448	0.01137	0.06331	0.01604	0.07504	0.00857	0.02012	0.01220	0.02803	0.00962	0.01151	0.00750	0.00632	0.00450	0.00206	0.00604	0.00386	0.00401	0.00732
9	0.01397	0.05878	0.01480	0.01258	0.01471	0.01347	0.01027	0.02074	0.20168	0.04144	0.06414	0.03641	0.02401	0.06519	0.05119	0.00321	0.13891	0.15741	0.04933	0.00775
10	0.01298	0.00826	0.01001	0.00923	0.01129	0.00808	0.00699	0.09336	0.01863	0.07115	0.36457	0.15063	0.04327	0.01282	0.00723	0.00210	0.00392	0.01113	0.14726	0.00709
11	0.12482	0.01342	0.09613	0.01183	0.01669	0.01063	0.01069	0.02566	0.01702	0.41516	0.11310	0.02413	0.02062	0.01138	0.05618	0.00268	0.00663	0.00688	0.00670	0.00967
12	0.00964	0.01006	0.09178	0.00934	0.01203	0.00726	0.00821	0.01304	0.01768	0.02447	0.50473	0.04891	0.19048	0.01354	0.00774	0.00214	0.00399	0.01172	0.00663	0.00661
13	0.01427	0.01017	0.01451	0.01245	0.01450	0.01088	0.07459	0.09402	0.05462	0.05797	0.01728	0.02587	0.01585	0.17220	0.18094	0.16819	0.04355	0.00730	0.00431	0.00653
14	0.17081	0.01934	0.19906	0.09882	0.02303	0.01566	0.01459	0.16847	0.08463	0.06538	0.01843	0.01932	0.05885	0.00784	0.00623	0.00213	0.00723	0.00603	0.00485	0.00930
15	0.10227	0.00808	0.00998	0.10457	0.01488	0.00824	0.00771	0.01238	0.01308	0.01925	0.08558	0.32674	0.07832	0.11589	0.01094	0.00290	0.00502	0.01246	0.00523	0.05646
16	0.10612	0.01243	0.01837	0.16397	0.16256	0.01337	0.07316	0.06392	0.05546	0.02184	0.01807	0.13551	0.01735	0.09725	0.01000	0.00273	0.00714	0.00845	0.00433	0.00795

[dist]
# distance from previous block
# <min> <max>
22	143

[block]
# block no. 5 follows, 32 sequences, length 17
# corresponding to MSA columns:
# 938-954
name=unknown_F
#
# <colnr> <probs for GDERKNQSTAVLIFYWHMCP>
#	G	D	E	R	K	N	Q	S	T	A	V	L	I	F	Y	W	H	M	C	P
0	0.01428	0.01335	0.02245	0.56573	0.10562	0.01563	0.07644	0.06973	0.01517	0.01987	0.01245	0.01765	0.00939	0.00665	0.00681	0.00220	0.00894	0.00614	0.00333	0.00818
1	0.01436	0.14692	0.56290	0.01872	0.02773	0.01740	0.08027	0.02109	0.01423	0.02042	0.01175	0.01398	0.00866	0.00622	0.00619	0.00203	0.00961	0.00500	0.00289	0.00964
2	0.01420	0.01339	0.02262	0.37740	0.35428	0.01479	0.01876	0.01824	0.01424	0.01934	0.01381	0.06370	0.01193	0.00727	0.00679	0.00216	0.00818	0.00679	0.00334	0.00879
3	0.05152	0.01257	0.01431	0.01171	0.01567	0.01293	0.00942	0.23795	0.08309	0.19017	0.16668	0.02969	0.08577	0.01005	0.00691	0.00208	0.00537	0.00820	0.03645	0.00946
4	0.00941	0.00660	0.00791	0.00814	0.00870	0.00651	0.00530	0.01029	0.01165	0.01548	0.07184	0.13215	0.09881	0.45317	0.08565	0.00554	0.00664	0.04662	0.00482	0.00481
5	0.01620	0.00824	0.01076	0.00962	0.01231	0.00730	0.00738	0.01860	0.01741	0.26711	0.26364	0.17931	0.12733	0.01366	0.00764	0.00224	0.00422	0.01186	0.00733	0.00784
6	0.01444	0.00832	0.00958	0.00874	0.01110	0.00832	0.00673	0.01993	0.12247	0.11333	0.22970	0.03218	0.03128	0.00982	0.00623	0.00190	0.00379	0.00826	0.34628	0.00759
7	0.81159	0.01298	0.00986	0.00882	0.01298	0.01505	0.00727	0.01972	0.01142	0.03010	0.00934	0.01090	0.00727	0.00623	0.00415	0.00208	0.00519	0.00363	0.00415	0.00727
8	0.48299	0.01069	0.00945	0.00856	0.01140	0.01179	0.00639	0.01738	0.01146	0.07782	0.01461	0.02288	0.01372	0.26035	0.01440	0.00356	0.00567	0.00592	0.00444	0.00651
9	0.01443	0.05101	0.04264	0.05812	0.01742	0.05527	0.06174	0.06941	0.04466	0.08005	0.15795	0.12839	0.16746	0.01210	0.00734	0.00218	0.00591	0.01045	0.00578	0.00768
10	0.14174	0.13827	0.07432	0.01491	0.04788	0.10065	0.01258	0.23148	0.05414	0.10132	0.01453	0.01503	0.01076	0.00715	0.00585	0.00193	0.00750	0.00516	0.00508	0.00974
11	0.81159	0.01298	0.00986	0.00882	0.01298	0.01505	0.00727	0.01972	0.01142	0.03010	0.00934	0.01090	0.00727	0.00623	0.00415	0.00208	0.00519	0.00363	0.00415	0.00727
12	0.01576	0.10213	0.06587	0.23707	0.03292	0.01607	0.28048	0.02024	0.01488	0.07957	0.01505	0.06269	0.01218	0.00718	0.00700	0.00216	0.00913	0.00726	0.00377	0.00855
13	0.00846	0.00603	0.00795	0.00910	0.00966	0.00564	0.00614	0.00988	0.01365	0.01844	0.14164	0.61507	0.04633	0.05622	0.00971	0.00281	0.00391	0.01755	0.00630	0.00552
14	0.01142	0.00885	0.01089	0.01103	0.05470	0.00860	0.00776	0.09835	0.01847	0.02482	0.32255	0.09104	0.23656	0.01586	0.04641	0.00263	0.00489	0.01174	0.00645	0.00697
15	0.00927	0.00740	0.01044	0.15724	0.01724	0.00768	0.00884	0.01140	0.01355	0.01766	0.06025	0.40324	0.14502	0.01894	0.05262	0.00304	0.00574	0.03900	0.00546	0.00598
16	0.08050	0.02167	0.01905	0.01640	0.01993	0.29714	0.06460	0.06147	0.21400	0.02245	0.01545	0.01667	0.01218	0.00804	0.00828	0.00212	0.10097	0.00575	0.00456	0.00878

[dist]
# distance from previous block
# <min> <max>
5	34

[block]
# block no. 6 follows, 32 sequences, length 10
# corresponding to MSA columns:
# 989-998
name=unknown_G
#
# <colnr> <probs for GDERKNQSTAVLIFYWHMCP>
#	G	D	E	R	K	N	Q	S	T	A	V	L	I	F	Y	W	H	M	C	P
0	0.11023	0.01352	0.01560	0.17288	0.09722	0.06161	0.01201	0.11794	0.06267	0.02380	0.02728	0.06422	0.17433	0.01000	0.00673	0.00216	0.00661	0.00822	0.00490	0.00808
1	0.01640	0.22339	0.02332	0.21522	0.05998	0.01871	0.01388	0.14444	0.01635	0.02139	0.01270	0.01654	0.01054	0.01340	0.11447	0.00326	0.05833	0.00549	0.00375	0.00845
2	0.01706	0.01666	0.02376	0.09311	0.39494	0.07985	0.05804	0.05097	0.12136	0.02297	0.04402	0.01905	0.01398	0.00698	0.00676	0.00206	0.00800	0.00645	0.00415	0.00986
3	0.01614	0.41045	0.28776	0.01782	0.10579	0.02128	0.01743	0.02057	0.01402	0.01851	0.01071	0.01270	0.00881	0.00600	0.00534	0.00175	0.00827	0.00437	0.00291	0.00933
4	0.01955	0.01712	0.07770	0.01391	0.01827	0.08457	0.01191	0.20551	0.17695	0.10638	0.10758	0.04870	0.02256	0.00979	0.00701	0.00216	0.00671	0.04770	0.00630	0.00963
5	0.01435	0.05511	0.01385	0.01118	0.01434	0.01294	0.00883	0.10328	0.27221	0.02756	0.26992	0.03620	0.11021	0.01125	0.00717	0.00214	0.00471	0.00947	0.00671	0.00856
6	0.00841	0.00632	0.00780	0.00847	0.00962	0.00571	0.00596	0.01018	0.01490	0.01964	0.20193	0.41462	0.22543	0.01829	0.00825	0.00246	0.00360	0.01619	0.00650	0.00571
7	0.01386	0.20214	0.02108	0.01387	0.01570	0.01814	0.01184	0.01580	0.01129	0.01587	0.01190	0.01746	0.01133	0.02268	0.24848	0.00509	0.32740	0.00572	0.00313	0.00722
8	0.01506	0.16591	0.37755	0.02066	0.02879	0.01807	0.23955	0.02111	0.01461	0.02031	0.01203	0.01480	0.00906	0.00602	0.00649	0.00204	0.00986	0.00566	0.00302	0.00939
9	0.53325	0.01544	0.01240	0.01072	0.01498	0.12012	0.00864	0.02347	0.01416	0.17321	0.01306	0.01356	0.00941	0.00676	0.00497	0.00203	0.00631	0.00438	0.00491	0.00821

[dist]
# distance from previous block
# <min> <max>
0	22

[block]
# block no. 7 follows, 32 sequences, length 43
# corresponding to MSA columns:
# 1021-1051,1070-1081
name=unknown_H
#
# <colnr> <probs for GDERKNQSTAVLIFYWHMCP>
#	G	D	E	R	K	N	Q	S	T	A	V	L	I	F	Y	W	H	M	C	P
0	0.01357	0.10400	0.42077	0.01877	0.08114	0.01562	0.04630	0.01916	0.01379	0.01971	0.01556	0.01842	0.04962	0.01213	0.09148	0.00309	0.03883	0.00582	0.00318	0.00901
1	0.54845	0.01306	0.01229	0.09002	0.01754	0.01498	0.00921	0.07609	0.05290	0.06101	0.01306	0.04306	0.01043	0.00727	0.00508	0.00213	0.00576	0.00506	0.00466	0.00793
2	0.21438	0.01216	0.01300	0.00978	0.01525	0.01053	0.00790	0.01859	0.01362	0.06793	0.01219	0.01372	0.00969	0.00549	0.00488	0.00133	0.00507	0.00406	0.00429	0.55614
3	0.00873	0.00683	0.00790	0.00763	0.00955	0.00600	0.00572	0.01117	0.01717	0.02258	0.39843	0.05724	0.38637	0.01533	0.00792	0.00219	0.00328	0.01313	0.00682	0.00600
4	0.06374	0.01932	0.16103	0.01896	0.02385	0.01731	0.17473	0.07878	0.06388	0.08030	0.01393	0.01667	0.01065	0.00818	0.01105	0.00238	0.21573	0.00625	0.00412	0.00914
5	0.02075	0.01218	0.03205	0.01372	0.05999	0.01169	0.02162	0.05025	0.19046	0.29632	0.03866	0.07385	0.01963	0.00917	0.00663	0.00210	0.00547	0.00774	0.11786	0.00986
6	0.00814	0.00658	0.00723	0.00754	0.00931	0.00568	0.00548	0.00986	0.01509	0.01875	0.12423	0.22219	0.50128	0.01760	0.00807	0.00236	0.00349	0.01509	0.00634	0.00568
7	0.01922	0.01320	0.04571	0.29222	0.04593	0.01335	0.03435	0.06372	0.07843	0.24222	0.06747	0.02204	0.01636	0.00792	0.00684	0.00216	0.00720	0.00681	0.00552	0.00934
8	0.01120	0.00608	0.00891	0.00891	0.00909	0.00625	0.00605	0.00929	0.00912	0.01233	0.01336	0.02323	0.01346	0.08946	0.12902	0.62370	0.00763	0.00635	0.00311	0.00345
9	0.17713	0.01325	0.01906	0.29862	0.15998	0.01552	0.01539	0.01948	0.01340	0.08019	0.01231	0.01619	0.00955	0.00733	0.00838	0.00225	0.11439	0.00555	0.00372	0.00833
10	0.39907	0.17470	0.06855	0.01104	0.01562	0.01691	0.01011	0.02089	0.05345	0.06768	0.01236	0.01408	0.00984	0.01030	0.06684	0.00271	0.02914	0.00451	0.00411	0.00809
11	0.19367	0.01915	0.01720	0.01419	0.01838	0.20521	0.03421	0.15090	0.01820	0.08313	0.01269	0.01414	0.00974	0.00729	0.00729	0.00193	0.07961	0.00493	0.00463	0.10348
12	0.00907	0.00594	0.00799	0.00901	0.00934	0.00565	0.00597	0.00940	0.01202	0.01609	0.05954	0.51953	0.03687	0.08364	0.01427	0.16562	0.00447	0.01531	0.00542	0.00486
13	0.00999	0.00693	0.00889	0.00871	0.01035	0.00634	0.00655	0.01266	0.01748	0.05116	0.47594	0.15118	0.14092	0.01521	0.00804	0.00227	0.00356	0.05046	0.00705	0.00631
14	0.02985	0.01183	0.01583	0.01213	0.01734	0.01048	0.01002	0.07014	0.01990	0.68856	0.02589	0.02246	0.01632	0.00829	0.00675	0.00207	0.00580	0.00671	0.00822	0.01142
15	0.01166	0.00583	0.00874	0.00874	0.00874	0.00583	0.00583	0.00874	0.00874	0.01166	0.01166	0.02040	0.01166	0.02331	0.02622	0.80478	0.00583	0.00583	0.00291	0.00291
16	0.02746	0.01122	0.01477	0.01151	0.01625	0.01005	0.00944	0.06951	0.01949	0.59728	0.05570	0.02382	0.01839	0.00849	0.00662	0.00203	0.00548	0.00690	0.07483	0.01076
17	0.02339	0.24574	0.02346	0.01515	0.01942	0.46986	0.01228	0.02531	0.01746	0.07428	0.01138	0.01259	0.00928	0.00668	0.00560	0.00167	0.01014	0.00431	0.00368	0.00832
18	0.02019	0.39190	0.17558	0.01359	0.01998	0.05072	0.01405	0.05021	0.01587	0.16949	0.01386	0.01432	0.01040	0.00656	0.00543	0.00175	0.00766	0.00468	0.00420	0.00956
19	0.01726	0.07485	0.06621	0.01397	0.05957	0.01353	0.01094	0.19203	0.04109	0.06404	0.01465	0.01864	0.01209	0.01657	0.07477	0.28420	0.00775	0.00588	0.00442	0.00757
20	0.81159	0.01298	0.00986	0.00882	0.01298	0.01505	0.00727	0.01972	0.01142	0.03010	0.00934	0.01090	0.00727	0.00623	0.00415	0.00208	0.00519	0.00363	0.00415	0.00727
21	0.00977	0.00748	0.00903	0.00853	0.01045	0.00706	0.00643	0.01396	0.07631	0.02516	0.52369	0.05105	0.19784	0.01402	0.00783	0.00216	0.00339	0.01218	0.00710	0.00655
22	0.01595	0.01527	0.02605	0.15904	0.60960	0.01577	0.02027	0.02002	0.01497	0.02112	0.01251	0.01682	0.01035	0.00610	0.00665	0.00203	0.00813	0.00598	0.00326	0.01010
23	0.00946	0.00721	0.00878	0.00880	0.01038	0.00683	0.00643	0.01315	0.07323	0.02292	0.37087	0.23032	0.17490	0.01579	0.00799	0.00231	0.00357	0.01389	0.00684	0.00634
24	0.00968	0.00700	0.00980	0.01047	0.01145	0.00745	0.00805	0.01171	0.01220	0.01666	0.02622	0.16966	0.02822	0.13302	0.32908	0.00683	0.01095	0.18109	0.00478	0.00569
25	0.01921	0.51535	0.02970	0.01316	0.01775	0.12110	0.01203	0.02123	0.01424	0.06031	0.01047	0.01225	0.00914	0.00690	0.00718	0.00173	0.11225	0.00421	0.00330	0.00849
26	0.06418	0.01146	0.01314	0.01144	0.01493	0.01180	0.00923	0.13559	0.14067	0.15560	0.15690	0.03743	0.10978	0.01148	0.00725	0.00225	0.00520	0.08598	0.00688	0.00882
27	0.03081	0.27833	0.34403	0.01632	0.02387	0.03400	0.05601	0.08901	0.01597	0.03680	0.01185	0.01352	0.00908	0.00634	0.00576	0.00188	0.00869	0.00477	0.00342	0.00952
28	0.07418	0.01681	0.02163	0.03703	0.09414	0.05435	0.12730	0.16218	0.26099	0.02805	0.01811	0.01903	0.01371	0.00772	0.00727	0.00217	0.03346	0.00662	0.00528	0.00995
29	0.07918	0.23281	0.17359	0.01266	0.01735	0.01563	0.01266	0.05676	0.01441	0.02022	0.01892	0.18083	0.01940	0.01134	0.00721	0.03631	0.00676	0.07194	0.00424	0.00779
30	0.02020	0.02045	0.11620	0.01781	0.02347	0.05865	0.13062	0.31502	0.14434	0.03126	0.03011	0.01816	0.01320	0.00772	0.00715	0.00212	0.02129	0.00651	0.00542	0.01030
31	0.01404	0.01250	0.01868	0.51503	0.03704	0.01402	0.01566	0.07448	0.01506	0.02035	0.01228	0.01682	0.00938	0.00642	0.00630	0.00193	0.00789	0.00551	0.00353	0.19309
32	0.01062	0.00716	0.00876	0.00824	0.01028	0.00637	0.00622	0.01317	0.01754	0.08083	0.42204	0.08507	0.26932	0.01466	0.00785	0.00219	0.00348	0.01266	0.00704	0.00649
33	0.02246	0.01403	0.01523	0.01282	0.01706	0.05590	0.01019	0.07409	0.31998	0.28967	0.02492	0.02290	0.01754	0.00852	0.00660	0.00210	0.00583	0.00689	0.06277	0.01050
34	0.01154	0.00982	0.01354	0.01245	0.01289	0.01245	0.00963	0.01297	0.01033	0.01513	0.01536	0.02652	0.01576	0.22042	0.28791	0.00674	0.28973	0.00736	0.00347	0.00600
35	0.00848	0.00675	0.00761	0.00754	0.00944	0.00588	0.00560	0.01065	0.01639	0.02106	0.28861	0.10827	0.44769	0.01615	0.00797	0.00224	0.00335	0.01381	0.00663	0.00588
36	0.01621	0.24151	0.27261	0.06237	0.08058	0.01743	0.01672	0.02078	0.01437	0.06891	0.01228	0.01417	0.00951	0.00611	0.00564	0.00175	0.00789	0.00469	0.00344	0.12301
37	0.01310	0.01226	0.02022	0.62835	0.10056	0.01451	0.01793	0.01741	0.01361	0.01793	0.01198	0.01746	0.00917	0.00650	0.00656	0.00211	0.00854	0.00580	0.00309	0.07289
38	0.01391	0.01193	0.01391	0.00994	0.01590	0.00894	0.00795	0.01690	0.01391	0.02186	0.01193	0.01391	0.00994	0.00497	0.00497	0.00099	0.00497	0.00398	0.00398	0.80521
39	0.01846	0.02047	0.22951	0.01671	0.02358	0.01428	0.11859	0.10086	0.07669	0.14771	0.01654	0.01738	0.01179	0.00677	0.00650	0.00193	0.00782	0.00589	0.00486	0.15366
40	0.34722	0.08145	0.01560	0.01226	0.01617	0.21622	0.02610	0.03483	0.07160	0.02373	0.01624	0.03854	0.05993	0.00782	0.00545	0.00198	0.00731	0.00549	0.00431	0.00775
41	0.01939	0.01322	0.12030	0.01096	0.01530	0.00985	0.01020	0.06494	0.01739	0.27224	0.08022	0.02416	0.01919	0.00828	0.00607	0.00190	0.00533	0.00671	0.28540	0.00895
42	0.06922	0.01160	0.01522	0.21092	0.05537	0.01130	0.01112	0.04009	0.01388	0.02086	0.01424	0.06398	0.01290	0.06871	0.00813	0.00205	0.00634	0.00607	0.00393	0.35409

[dist]
# distance from previous block
# <min> <max>
2	8

[block]
# block no. 8 follows, 32 sequences, length 10
# corresponding to MSA columns:
# 1165-1174
name=unknown_I
#
# <colnr> <probs for GDERKNQSTAVLIFYWHMCP>
#	G	D	E	R	K	N	Q	S	T	A	V	L	I	F	Y	W	H	M	C	P
0	0.05178	0.17719	0.06726	0.01189	0.01552	0.05903	0.01022	0.08980	0.01611	0.09762	0.02298	0.30584	0.02370	0.01238	0.00674	0.00217	0.00617	0.01039	0.00527	0.00796
1	0.01140	0.00881	0.04657	0.05021	0.01266	0.00780	0.00757	0.05400	0.01516	0.02244	0.06629	0.22979	0.11882	0.01280	0.00666	0.00209	0.00431	0.01099	0.30510	0.00653
2	0.09236	0.01437	0.05706	0.28036	0.18834	0.01498	0.05588	0.01895	0.01397	0.05983	0.01596	0.01964	0.05406	0.00762	0.00802	0.00222	0.07788	0.00635	0.00369	0.00847
3	0.01576	0.00969	0.01124	0.00883	0.01301	0.00806	0.00699	0.01874	0.01475	0.12676	0.01785	0.01945	0.01368	0.00654	0.00512	0.00137	0.00438	0.00525	0.30798	0.38454
4	0.01707	0.01458	0.01960	0.01738	0.06772	0.01700	0.06596	0.19530	0.08905	0.02650	0.09144	0.02125	0.01750	0.01106	0.03770	0.00264	0.23188	0.00700	0.04049	0.00889
5	0.00814	0.00596	0.00766	0.00901	0.00964	0.00548	0.00608	0.00938	0.01317	0.01726	0.04102	0.66921	0.13238	0.02050	0.00848	0.00267	0.00383	0.01843	0.00623	0.00548
6	0.01167	0.01362	0.16618	0.04396	0.01611	0.00971	0.01134	0.01515	0.01461	0.04234	0.17081	0.10138	0.07065	0.09383	0.01105	0.00273	0.05243	0.05782	0.08760	0.00699
7	0.01111	0.00602	0.00833	0.00833	0.00833	0.00602	0.00532	0.00903	0.00903	0.01205	0.01439	0.02718	0.01533	0.23695	0.02851	0.57458	0.00602	0.00696	0.00325	0.00325
8	0.01349	0.02505	0.40465	0.01943	0.02613	0.01546	0.14527	0.01919	0.01359	0.01990	0.01375	0.06011	0.01157	0.01098	0.06034	0.00291	0.11950	0.00663	0.00321	0.00884
9	0.18632	0.07742	0.01702	0.09818	0.02021	0.03527	0.01114	0.14586	0.24281	0.02826	0.04223	0.01873	0.01471	0.00776	0.00599	0.00206	0.00632	0.00594	0.00533	0.02845

[dist]
# distance from previous block
# <min> <max>
1	6

[block]
# block no. 9 follows, 32 sequences, length 8
# corresponding to MSA columns:
# 1181-1188
name=unknown_J
#
# <colnr> <probs for GDERKNQSTAVLIFYWHMCP>
#	G	D	E	R	K	N	Q	S	T	A	V	L	I	F	Y	W	H	M	C	P
0	0.01648	0.01145	0.01444	0.06785	0.01722	0.01222	0.03738	0.16595	0.07137	0.08845	0.16724	0.02867	0.05512	0.01083	0.02806	0.00230	0.03582	0.00798	0.15279	0.00838
1	0.00818	0.00584	0.00779	0.00934	0.00973	0.00545	0.00623	0.00934	0.01285	0.01713	0.03698	0.75981	0.04438	0.02102	0.00856	0.00273	0.00389	0.01908	0.00623	0.00545
2	0.00847	0.00600	0.00780	0.00898	0.00952	0.00559	0.00601	0.00954	0.01299	0.01725	0.07399	0.60000	0.08859	0.06478	0.01077	0.03708	0.00406	0.01725	0.00602	0.00532
3	0.01151	0.00858	0.00980	0.00896	0.01126	0.00829	0.00685	0.11756	0.01912	0.02573	0.32594	0.09596	0.26205	0.01412	0.00764	0.00216	0.00394	0.01205	0.04164	0.00684
4	0.49267	0.01218	0.01243	0.12330	0.01870	0.01357	0.00942	0.02176	0.01343	0.16878	0.01380	0.01506	0.00988	0.00680	0.00510	0.00208	0.00578	0.00475	0.04245	0.00809
5	0.01242	0.00739	0.01159	0.01374	0.11876	0.00739	0.00810	0.01057	0.00975	0.01324	0.01180	0.01981	0.01150	0.02064	0.02320	0.68101	0.00616	0.00585	0.00298	0.00410
6	0.43177	0.01187	0.01203	0.01000	0.01428	0.01230	0.00811	0.02436	0.01451	0.31614	0.01725	0.01820	0.01235	0.06160	0.00738	0.00239	0.00550	0.00536	0.00586	0.00875
7	0.01648	0.27632	0.08940	0.01440	0.01839	0.02056	0.01334	0.02159	0.12021	0.04280	0.01291	0.01511	0.01084	0.00827	0.01065	0.00210	0.24427	0.00519	0.00374	0.05342

[dist]
# distance from previous block
# <min> <max>
0	74

[block]
# block no. 10 follows, 32 sequences, length 26
# corresponding to MSA columns:
# 1270-1286,1289-1297
name=unknown_K
#
# <colnr> <probs for GDERKNQSTAVLIFYWHMCP>
#	G	D	E	R	K	N	Q	S	T	A	V	L	I	F	Y	W	H	M	C	P
0	0.08271	0.01301	0.01470	0.09609	0.06139	0.08440	0.01052	0.05442	0.01624	0.08462	0.18946	0.02700	0.02479	0.08343	0.01042	0.00247	0.06105	0.00742	0.00509	0.07078
1	0.27239	0.01265	0.01537	0.10806	0.12918	0.01375	0.01147	0.07305	0.01549	0.05458	0.11105	0.02133	0.04372	0.00807	0.00661	0.00206	0.03637	0.00629	0.00471	0.05379
2	0.10467	0.01323	0.01829	0.21728	0.07169	0.01442	0.06315	0.08129	0.12898	0.12362	0.02159	0.02282	0.07390	0.00815	0.00664	0.00217	0.00698	0.00695	0.00514	0.00902
3	0.01344	0.00972	0.01331	0.19662	0.04813	0.01042	0.01052	0.06051	0.05402	0.06529	0.05665	0.11579	0.10657	0.05538	0.01031	0.07223	0.00597	0.02454	0.06349	0.00706
4	0.01637	0.01247	0.01508	0.05593	0.05668	0.01380	0.01064	0.08577	0.27988	0.08800	0.11934	0.02919	0.05207	0.07538	0.01033	0.00260	0.05319	0.00816	0.00610	0.00901
5	0.25695	0.01063	0.01206	0.01005	0.01394	0.01044	0.00812	0.02333	0.01683	0.32711	0.21177	0.02679	0.02667	0.00918	0.00630	0.00209	0.00486	0.00730	0.00682	0.00878
6	0.01627	0.05800	0.52052	0.02053	0.11112	0.01528	0.02174	0.02267	0.01496	0.11651	0.01396	0.01550	0.00986	0.00656	0.00638	0.00208	0.00900	0.00527	0.00363	0.01015
7	0.01076	0.00772	0.01072	0.00962	0.01174	0.00724	0.06615	0.01392	0.01660	0.02422	0.32752	0.04425	0.13416	0.01219	0.00713	0.00206	0.00411	0.05826	0.22517	0.00644
8	0.08397	0.01109	0.01287	0.01243	0.05350	0.01171	0.00903	0.04926	0.23757	0.07889	0.29285	0.03415	0.06383	0.01069	0.00704	0.00215	0.00465	0.00906	0.00669	0.00856
9	0.01895	0.01108	0.01546	0.05993	0.01855	0.01095	0.04992	0.10862	0.03112	0.24392	0.07655	0.09201	0.02660	0.01217	0.00772	0.00242	0.00626	0.19236	0.00665	0.00877
10	0.01832	0.01059	0.01341	0.06403	0.01635	0.01065	0.00920	0.15114	0.01880	0.21821	0.12973	0.15122	0.02772	0.10065	0.02644	0.00290	0.00594	0.00980	0.00652	0.00838
11	0.01146	0.00656	0.00858	0.00852	0.00942	0.00617	0.00583	0.01111	0.01193	0.06710	0.06667	0.14597	0.13739	0.13190	0.01928	0.32730	0.00508	0.01022	0.00478	0.00474
12	0.01673	0.01890	0.16067	0.13775	0.12201	0.01628	0.08357	0.09462	0.20357	0.05155	0.01733	0.01893	0.01286	0.00728	0.00679	0.00217	0.00797	0.00643	0.00466	0.00993
13	0.01262	0.00755	0.00949	0.00946	0.01080	0.00728	0.00665	0.01495	0.05342	0.12069	0.08922	0.28595	0.03413	0.24550	0.01603	0.00373	0.00512	0.05510	0.00600	0.00631
14	0.08722	0.62661	0.05832	0.01192	0.01753	0.07153	0.01172	0.02054	0.01381	0.01728	0.00950	0.01099	0.00849	0.00588	0.00448	0.00154	0.00743	0.00369	0.00302	0.00849
15	0.01101	0.00646	0.00717	0.00713	0.00805	0.00650	0.00481	0.01287	0.01252	0.01981	0.07249	0.03438	0.02339	0.30862	0.06436	0.00415	0.00543	0.00813	0.37735	0.00538
16	0.00994	0.00841	0.05411	0.00864	0.01006	0.00690	0.00655	0.01162	0.01415	0.01955	0.31566	0.04376	0.07841	0.29330	0.01916	0.07353	0.00508	0.01036	0.00541	0.00538
17	0.05839	0.00810	0.00965	0.00875	0.01140	0.00731	0.00674	0.01619	0.01693	0.17670	0.26048	0.09885	0.26730	0.01374	0.00750	0.00220	0.00397	0.01166	0.00694	0.00721
18	0.02124	0.01222	0.01343	0.05776	0.01647	0.07329	0.00923	0.09865	0.01864	0.28651	0.06307	0.02469	0.04633	0.00859	0.00624	0.00192	0.00572	0.00689	0.22019	0.00894
19	0.68723	0.10223	0.01325	0.00940	0.01378	0.01663	0.00798	0.04642	0.01247	0.02889	0.00961	0.01109	0.00759	0.00624	0.00427	0.00200	0.00551	0.00372	0.00410	0.00759
20	0.00890	0.00660	0.00834	0.00873	0.01007	0.00604	0.00643	0.01115	0.01609	0.02164	0.32718	0.27667	0.17932	0.01701	0.00823	0.00241	0.00368	0.06888	0.00671	0.00592
21	0.02251	0.01276	0.01635	0.01288	0.01711	0.01271	0.04827	0.23764	0.02181	0.27642	0.11812	0.02423	0.02083	0.00988	0.00824	0.05978	0.00604	0.00725	0.05754	0.00963
22	0.01429	0.01128	0.01323	0.00978	0.01522	0.00862	0.00778	0.01709	0.01435	0.06744	0.01844	0.03941	0.07301	0.00667	0.00544	0.00122	0.00485	0.00546	0.00452	0.66189
23	0.01026	0.00624	0.00821	0.00844	0.00871	0.00614	0.00551	0.00977	0.01092	0.01469	0.08688	0.13655	0.02672	0.28354	0.02413	0.30223	0.00556	0.03702	0.00434	0.00413
24	0.19695	0.48992	0.02713	0.01170	0.01679	0.11259	0.01075	0.03630	0.01422	0.01968	0.00962	0.01108	0.00838	0.00605	0.00454	0.00163	0.00735	0.00375	0.00332	0.00827
25	0.08887	0.13468	0.11962	0.06913	0.08200	0.01501	0.01346	0.06716	0.01640	0.18662	0.06676	0.02067	0.01582	0.01013	0.04802	0.00251	0.00757	0.02134	0.00499	0.00924

[dist]
# distance from previous block
# <min> <max>
0	1

[block]
# block no. 11 follows, 32 sequences, length 13
# corresponding to MSA columns:
# 1299-1311
name=unknown_L
#
# <colnr> <probs for GDERKNQSTAVLIFYWHMCP>
#	G	D	E	R	K	N	Q	S	T	A	V	L	I	F	Y	W	H	M	C	P
0	0.01913	0.29186	0.14368	0.05477	0.05037	0.04006	0.01481	0.17436	0.04445	0.05615	0.01305	0.01445	0.01015	0.00695	0.00641	0.00188	0.03869	0.00500	0.00417	0.00961
1	0.01890	0.01384	0.01753	0.06655	0.01883	0.04614	0.01229	0.09693	0.01598	0.17947	0.06067	0.02199	0.04041	0.04119	0.01421	0.00261	0.31206	0.00688	0.00504	0.00849
2	0.01102	0.00709	0.00934	0.00886	0.01057	0.00650	0.00661	0.01384	0.01811	0.08364	0.56150	0.15171	0.05666	0.01434	0.00791	0.00220	0.00348	0.01270	0.00729	0.00662
3	0.02219	0.01108	0.01344	0.01110	0.01494	0.01081	0.00895	0.13926	0.05327	0.33401	0.05224	0.06363	0.02010	0.00942	0.00652	0.00203	0.00522	0.02988	0.18237	0.00955
4	0.00899	0.00661	0.00843	0.00845	0.00984	0.00604	0.00616	0.01151	0.01709	0.02353	0.47892	0.21919	0.13865	0.01584	0.00807	0.00227	0.00337	0.01402	0.00697	0.00604
5	0.00818	0.00584	0.00779	0.00934	0.00973	0.00545	0.00623	0.00934	0.01285	0.01713	0.03698	0.75981	0.04438	0.02102	0.00856	0.00273	0.00389	0.01908	0.00623	0.00545
6	0.46132	0.01228	0.01242	0.01022	0.01484	0.01273	0.00843	0.02554	0.01491	0.34245	0.01702	0.01625	0.01145	0.00716	0.00532	0.00208	0.00542	0.00503	0.00601	0.00913
7	0.00926	0.00669	0.00892	0.00921	0.00998	0.00702	0.00648	0.01075	0.01157	0.01590	0.06176	0.18415	0.06111	0.23906	0.31977	0.00708	0.01043	0.01093	0.00459	0.00535
8	0.01358	0.01163	0.01525	0.31894	0.02696	0.06262	0.01242	0.01790	0.04942	0.05812	0.26614	0.02939	0.02937	0.00933	0.00701	0.00208	0.00655	0.00807	0.00510	0.05011
9	0.01670	0.01323	0.01590	0.01332	0.06689	0.01153	0.00990	0.13874	0.01742	0.05466	0.01431	0.01745	0.01173	0.00629	0.00565	0.00138	0.00569	0.03281	0.00469	0.54172
10	0.01673	0.08276	0.01607	0.01078	0.01601	0.01147	0.00879	0.08266	0.01607	0.10648	0.01633	0.09011	0.01422	0.00735	0.00564	0.00143	0.00538	0.00599	0.00487	0.48086
11	0.29605	0.08708	0.10322	0.04218	0.01808	0.01475	0.03828	0.02134	0.09399	0.06211	0.10717	0.01946	0.01730	0.00757	0.00568	0.00201	0.00612	0.00582	0.00473	0.04705
12	0.07468	0.08964	0.19131	0.01419	0.02001	0.04715	0.01392	0.23181	0.05165	0.04309	0.07674	0.02028	0.04875	0.00809	0.00629	0.00197	0.00725	0.00622	0.00506	0.04191

[dist]
# distance from previous block
# <min> <max>
0	44

[block]
# block no. 12 follows, 32 sequences, length 10
# corresponding to MSA columns:
# 1364-1373
name=unknown_M
#
# <colnr> <probs for GDERKNQSTAVLIFYWHMCP>
#	G	D	E	R	K	N	Q	S	T	A	V	L	I	F	Y	W	H	M	C	P
0	0.05231	0.04551	0.01383	0.06707	0.05418	0.03532	0.00992	0.06457	0.06392	0.05983	0.11767	0.07272	0.12678	0.04785	0.03624	0.00280	0.00625	0.11014	0.00561	0.00749
1	0.01707	0.01868	0.10989	0.01295	0.01768	0.16975	0.01137	0.02014	0.01495	0.06693	0.01380	0.01688	0.01130	0.04770	0.00825	0.00187	0.05904	0.00503	0.07954	0.29720
2	0.01229	0.08539	0.09973	0.15936	0.02016	0.01149	0.01118	0.01551	0.01302	0.01872	0.01886	0.05232	0.04728	0.11404	0.07570	0.00328	0.00750	0.00700	0.15237	0.07478
3	0.01414	0.01053	0.01251	0.00983	0.01439	0.00855	0.00771	0.01758	0.04663	0.08885	0.09658	0.08527	0.07707	0.00872	0.00608	0.00152	0.00464	0.00736	0.00525	0.47681
4	0.01448	0.03335	0.66906	0.01881	0.02834	0.01603	0.02377	0.07901	0.01565	0.02304	0.01239	0.01433	0.00875	0.00652	0.00640	0.00212	0.00970	0.00505	0.00316	0.01004
5	0.00912	0.00668	0.00856	0.00920	0.01042	0.00624	0.00689	0.01127	0.01536	0.02050	0.23845	0.28168	0.14787	0.05363	0.00965	0.00273	0.00418	0.14533	0.00645	0.00581
6	0.01528	0.01646	0.03044	0.02315	0.02668	0.01869	0.36946	0.01892	0.01316	0.01892	0.01128	0.01646	0.00952	0.00858	0.01470	0.00259	0.36737	0.00693	0.00317	0.00823
7	0.00865	0.00661	0.00794	0.00807	0.00962	0.00590	0.00588	0.01086	0.01632	0.02164	0.33803	0.21507	0.28810	0.01651	0.00807	0.00230	0.00341	0.01441	0.00672	0.00590
8	0.00899	0.00715	0.00901	0.07810	0.01305	0.00675	0.00702	0.01140	0.01606	0.02106	0.29431	0.16955	0.30211	0.01549	0.00791	0.00228	0.00392	0.01346	0.00634	0.00604
9	0.09380	0.07875	0.02167	0.13977	0.02505	0.06256	0.06776	0.33570	0.02249	0.06796	0.01423	0.01577	0.01040	0.00722	0.00634	0.00202	0.00794	0.00569	0.00515	0.00972

[dist]
# distance from previous block
# <min> <max>
5	7

[block]
# block no. 13 follows, 32 sequences, length 15
# corresponding to MSA columns:
# 1402-1416
name=unknown_N
#
# <colnr> <probs for GDERKNQSTAVLIFYWHMCP>
#	G	D	E	R	K	N	Q	S	T	A	V	L	I	F	Y	W	H	M	C	P
0	0.06588	0.01044	0.05247	0.01106	0.03683	0.00892	0.00867	0.01837	0.05717	0.17103	0.16083	0.12956	0.15723	0.05594	0.00885	0.00249	0.00491	0.02527	0.00637	0.00771
1	0.02132	0.01353	0.01680	0.01488	0.06215	0.01449	0.01122	0.27553	0.02086	0.19637	0.01866	0.02131	0.01428	0.06023	0.13694	0.00387	0.05616	0.00662	0.02519	0.00960
2	0.06826	0.01640	0.05661	0.01280	0.01747	0.10900	0.01080	0.16720	0.02038	0.24765	0.09029	0.02116	0.01785	0.00815	0.00636	0.00192	0.00666	0.00634	0.05392	0.06078
3	0.01733	0.58251	0.13797	0.01285	0.01892	0.06601	0.01337	0.02036	0.01425	0.01711	0.03914	0.01298	0.01086	0.00624	0.00487	0.00158	0.00771	0.00419	0.00309	0.00866
4	0.01400	0.00929	0.01156	0.09458	0.01613	0.00926	0.00871	0.09946	0.01734	0.11173	0.08771	0.17107	0.22238	0.01363	0.00747	0.00227	0.00499	0.03878	0.05225	0.00737
5	0.00825	0.00598	0.00779	0.00909	0.00970	0.00553	0.00615	0.00959	0.01344	0.01787	0.08554	0.66041	0.09542	0.02023	0.00847	0.00265	0.00381	0.01824	0.00631	0.00553
6	0.01584	0.01484	0.01696	0.01263	0.01822	0.09432	0.06954	0.01887	0.01474	0.04052	0.01222	0.01434	0.00997	0.00550	0.00578	0.00126	0.02280	0.00448	0.00396	0.60322
7	0.00849	0.00621	0.00801	0.00906	0.00992	0.00573	0.00636	0.01013	0.01421	0.01888	0.14339	0.53203	0.12812	0.01930	0.00843	0.00260	0.00385	0.05323	0.00640	0.00565
8	0.01382	0.01135	0.01724	0.21224	0.17612	0.01233	0.01378	0.01811	0.05688	0.06622	0.13769	0.07302	0.06831	0.01031	0.00809	0.00227	0.04932	0.03991	0.00491	0.00810
9	0.40904	0.05965	0.06869	0.05107	0.15156	0.05874	0.01218	0.03179	0.01362	0.02514	0.01395	0.01590	0.05065	0.00690	0.00530	0.00202	0.00671	0.00499	0.00389	0.00820
10	0.06442	0.10210	0.05765	0.01508	0.09967	0.01380	0.01107	0.05732	0.06042	0.01966	0.01607	0.02332	0.01483	0.14389	0.23603	0.00544	0.04120	0.00658	0.00392	0.00755
11	0.01590	0.08778	0.23576	0.07031	0.02411	0.10164	0.08282	0.09465	0.01715	0.02238	0.08704	0.02183	0.06302	0.00913	0.02458	0.00226	0.02021	0.00666	0.00411	0.00866
12	0.01709	0.01420	0.01892	0.21871	0.10318	0.06704	0.05459	0.11190	0.05792	0.09197	0.06494	0.07317	0.05904	0.00909	0.00701	0.00216	0.00743	0.00791	0.00502	0.00871
13	0.01453	0.05376	0.01302	0.01178	0.04583	0.00935	0.00848	0.01655	0.01457	0.15535	0.06694	0.35231	0.03006	0.01401	0.00820	0.00227	0.05228	0.01208	0.05709	0.06153
14	0.09536	0.07097	0.04050	0.29667	0.02953	0.09161	0.05760	0.06112	0.01592	0.10942	0.01686	0.01929	0.05248	0.00743	0.00636	0.00207	0.00813	0.00608	0.00425	0.00835

[dist]
# distance from previous block
# <min> <max>
1	21

[block]
# block no. 14 follows, 32 sequences, length 10
# corresponding to MSA columns:
# 1438-1447
name=unknown_O
#
# <colnr> <probs for GDERKNQSTAVLIFYWHMCP>
#	G	D	E	R	K	N	Q	S	T	A	V	L	I	F	Y	W	H	M	C	P
0	0.05465	0.01675	0.06577	0.04757	0.01989	0.05346	0.01213	0.31198	0.06125	0.15220	0.02030	0.11806	0.01665	0.00960	0.00681	0.00214	0.00691	0.00775	0.00621	0.00991
1	0.12421	0.50945	0.02825	0.01196	0.01723	0.09951	0.01103	0.06747	0.01516	0.01981	0.01001	0.01141	0.00868	0.00606	0.00466	0.00157	0.00737	0.00386	0.00341	0.03889
2	0.00962	0.00705	0.01008	0.01008	0.01104	0.00801	0.00751	0.01153	0.01058	0.01506	0.01861	0.02991	0.01832	0.19485	0.59518	0.00992	0.01565	0.00771	0.00369	0.00560
3	0.01580	0.01466	0.05696	0.19251	0.07078	0.05045	0.08830	0.07995	0.01599	0.06401	0.01784	0.08191	0.01587	0.00951	0.00848	0.00230	0.07884	0.06689	0.06076	0.00820
4	0.01024	0.00669	0.00881	0.00958	0.01052	0.00634	0.00689	0.01189	0.01396	0.05790	0.12030	0.40959	0.04134	0.12783	0.01225	0.00323	0.00467	0.12599	0.00617	0.00581
5	0.04812	0.06593	0.09323	0.01362	0.01827	0.01222	0.07097	0.03471	0.01524	0.16909	0.02058	0.13893	0.01866	0.01000	0.00751	0.00209	0.04568	0.05961	0.00518	0.15039
6	0.02219	0.01677	0.01685	0.01368	0.01788	0.07964	0.01097	0.41456	0.09670	0.06119	0.01760	0.01835	0.01305	0.00906	0.00772	0.05563	0.00688	0.00609	0.10537	0.00980
7	0.01476	0.06167	0.01402	0.01159	0.01434	0.01273	0.00893	0.19527	0.13033	0.02577	0.05225	0.33157	0.07095	0.01421	0.00746	0.00233	0.00520	0.01225	0.00627	0.00810
8	0.01377	0.05555	0.01464	0.07733	0.01631	0.01136	0.04732	0.01780	0.10161	0.08511	0.02238	0.06234	0.04960	0.24975	0.09661	0.00449	0.03725	0.00846	0.02133	0.00698
9	0.07962	0.04276	0.05714	0.04352	0.01615	0.01109	0.03666	0.02023	0.06056	0.17382	0.04992	0.02542	0.01785	0.11529	0.15015	0.00429	0.00845	0.00700	0.07219	0.00790

[dist]
