[name]
unknown

[dist]
# distance from previous block
# <min> <max>
0	745

[block]
# block no. 0 follows, 40 sequences, length 36
# corresponding to MSA columns:
# 937-948,955-958,960-979
name=unknown_A
#
# <colnr> <probs for GDERKNQSTAVLIFYWHMCP>
#	G	D	E	R	K	N	Q	S	T	A	V	L	I	F	Y	W	H	M	C	P
0	0.01382	0.12557	0.06011	0.01186	0.03731	0.10611	0.03349	0.01688	0.04396	0.06161	0.07134	0.08295	0.03077	0.00843	0.01694	0.00173	0.03897	0.04579	0.00397	0.18838
1	0.01597	0.01347	0.09900	0.04687	0.08979	0.01161	0.07075	0.08286	0.14126	0.17915	0.06618	0.03913	0.05108	0.00742	0.00595	0.00181	0.00581	0.00645	0.00496	0.06051
2	0.05392	0.00578	0.00712	0.00801	0.00884	0.00555	0.00553	0.00969	0.02941	0.02938	0.07416	0.62312	0.08509	0.01646	0.00708	0.00225	0.00343	0.01472	0.00540	0.00507
3	0.01220	0.01184	0.03256	0.19643	0.29632	0.02994	0.06924	0.01610	0.04390	0.01815	0.06463	0.02214	0.10189	0.00710	0.00595	0.00181	0.00637	0.00651	0.04948	0.00744
4	0.01893	0.01140	0.01442	0.05515	0.04299	0.01218	0.00983	0.14023	0.12489	0.29771	0.01982	0.02051	0.04429	0.05761	0.00898	0.00216	0.09874	0.00614	0.00550	0.00854
5	0.01607	0.01152	0.01544	0.02545	0.01496	0.01414	0.01067	0.09994	0.01277	0.17977	0.01304	0.01680	0.01075	0.05857	0.07788	0.00303	0.40233	0.00557	0.00404	0.00727
6	0.02544	0.01004	0.01348	0.01043	0.01486	0.00888	0.00858	0.02848	0.05748	0.72216	0.02298	0.01990	0.01458	0.00724	0.00585	0.00181	0.00493	0.00589	0.00713	0.00986
7	0.00756	0.04935	0.00807	0.00820	0.00880	0.00574	0.00565	0.00862	0.01117	0.01478	0.03071	0.74819	0.03673	0.01748	0.00722	0.00230	0.00353	0.01578	0.00524	0.00488
8	0.01445	0.01431	0.06729	0.06710	0.18536	0.01347	0.25554	0.07776	0.06268	0.06199	0.06837	0.03257	0.01368	0.00649	0.00667	0.00189	0.03192	0.00643	0.00384	0.00820
9	0.01356	0.01359	0.04847	0.11337	0.59962	0.01324	0.02981	0.01716	0.01323	0.01878	0.05409	0.01614	0.01163	0.00565	0.00584	0.00176	0.00687	0.00549	0.00304	0.00865
10	0.00706	0.00518	0.00663	0.00779	0.00835	0.00475	0.00526	0.00813	0.01143	0.01497	0.03581	0.68886	0.13901	0.01773	0.00735	0.00231	0.00331	0.01594	0.00540	0.00475
11	0.01302	0.05943	0.01396	0.01191	0.01316	0.15966	0.00929	0.02573	0.01169	0.03337	0.01634	0.23380	0.01755	0.04237	0.07377	0.00285	0.24426	0.00817	0.00369	0.00599
12	0.07041	0.04764	0.10380	0.06395	0.03065	0.04124	0.17717	0.13546	0.01545	0.14523	0.01414	0.05795	0.01101	0.00687	0.00663	0.00188	0.05227	0.00594	0.00418	0.00811
13	0.00920	0.00638	0.00779	0.00740	0.00889	0.00609	0.00554	0.05315	0.01575	0.02253	0.49342	0.11740	0.08672	0.01172	0.00647	0.00182	0.00303	0.01023	0.12087	0.00562
14	0.00814	0.00591	0.00767	0.00731	0.00865	0.00544	0.00545	0.01078	0.01614	0.02274	0.70515	0.07487	0.07542	0.01224	0.00688	0.00186	0.00278	0.01082	0.00633	0.00544
15	0.01608	0.73498	0.02941	0.01023	0.01518	0.02260	0.01004	0.07662	0.01309	0.01556	0.00857	0.00971	0.00766	0.00514	0.00390	0.00128	0.00623	0.00328	0.00276	0.00766
16	0.01356	0.01534	0.13589	0.07802	0.04493	0.02676	0.04899	0.04682	0.17983	0.04066	0.03962	0.01663	0.01210	0.00857	0.02495	0.00223	0.24801	0.00562	0.00375	0.00773
17	0.01002	0.00800	0.01115	0.01040	0.01137	0.00927	0.03394	0.05416	0.01099	0.01571	0.01830	0.20672	0.01924	0.10631	0.24873	0.00480	0.15511	0.00865	0.05159	0.00551
18	0.01010	0.00505	0.00758	0.00758	0.00758	0.00505	0.00505	0.00758	0.00758	0.01010	0.01010	0.01768	0.01010	0.02020	0.02273	0.83081	0.00505	0.00505	0.00253	0.00253
19	0.02036	0.01090	0.01467	0.01186	0.01466	0.01188	0.00975	0.06477	0.01448	0.42887	0.03949	0.01858	0.01344	0.03810	0.01102	0.00218	0.25532	0.00581	0.00546	0.00839
20	0.01175	0.02950	0.73619	0.01689	0.02538	0.01355	0.05022	0.01842	0.01234	0.01842	0.01049	0.01241	0.00742	0.00550	0.00558	0.00185	0.00864	0.00440	0.00247	0.00856
21	0.00972	0.00632	0.00764	0.00719	0.00907	0.00556	0.00543	0.01178	0.01482	0.10664	0.34514	0.10676	0.31625	0.01294	0.00679	0.00192	0.00313	0.01113	0.00603	0.00572
22	0.02536	0.01107	0.01422	0.01090	0.01543	0.01028	0.00901	0.15853	0.01860	0.63042	0.02130	0.01873	0.01357	0.00716	0.00584	0.00179	0.00521	0.00574	0.00694	0.00990
23	0.01648	0.37215	0.12742	0.01211	0.01738	0.06164	0.03776	0.10750	0.04531	0.06870	0.01115	0.01205	0.00879	0.00557	0.00472	0.00147	0.00664	0.00407	0.00348	0.07563
24	0.02145	0.01147	0.01464	0.01259	0.05917	0.01165	0.00965	0.18085	0.04827	0.39963	0.04398	0.01862	0.01411	0.00744	0.00685	0.00183	0.06908	0.00578	0.05382	0.00912
25	0.00837	0.00584	0.00704	0.00724	0.00865	0.00518	0.00524	0.00999	0.01335	0.06142	0.19108	0.31623	0.30913	0.01495	0.00701	0.00207	0.00318	0.01306	0.00571	0.00526
26	0.01444	0.04389	0.01367	0.00944	0.01449	0.00989	0.00770	0.11811	0.01448	0.06440	0.01149	0.01266	0.00908	0.00488	0.00459	0.00106	0.00472	0.00382	0.00396	0.63324
27	0.00932	0.11772	0.01219	0.01019	0.03721	0.00857	0.03455	0.01150	0.04241	0.01594	0.06848	0.49187	0.03141	0.02964	0.00720	0.00220	0.00432	0.05480	0.00485	0.00563
28	0.00693	0.00566	0.00613	0.00650	0.00802	0.00486	0.00469	0.00828	0.01267	0.01547	0.05148	0.25964	0.55812	0.01569	0.00702	0.00207	0.00306	0.01345	0.00540	0.00486
29	0.01166	0.03008	0.76550	0.01657	0.02517	0.01351	0.02149	0.01842	0.01228	0.01842	0.01044	0.01228	0.00737	0.00552	0.00552	0.00184	0.00859	0.00430	0.00246	0.00859
30	0.04188	0.02094	0.36580	0.01585	0.08117	0.01335	0.01576	0.15593	0.03345	0.17881	0.01401	0.01448	0.00968	0.00617	0.00562	0.00181	0.00706	0.00489	0.00423	0.00911
31	0.00720	0.00529	0.00679	0.00794	0.00859	0.00488	0.00551	0.00839	0.01159	0.01514	0.03593	0.63601	0.14399	0.01756	0.00738	0.00232	0.00344	0.06185	0.00540	0.00479
32	0.02304	0.01478	0.01652	0.01267	0.01728	0.01580	0.01046	0.57249	0.02482	0.20768	0.01608	0.01533	0.01095	0.00703	0.00582	0.00176	0.00606	0.00538	0.00614	0.00989
33	0.01211	0.11934	0.68019	0.01581	0.02398	0.01461	0.02015	0.01830	0.01222	0.01787	0.01016	0.01194	0.00738	0.00546	0.00532	0.00177	0.00832	0.00416	0.00246	0.00846
34	0.06596	0.44981	0.25208	0.01172	0.01773	0.01823	0.01299	0.01747	0.01186	0.01634	0.00899	0.01046	0.00745	0.00511	0.00432	0.00143	0.00668	0.00350	0.00263	0.07524
35	0.01366	0.20605	0.12895	0.01675	0.19418	0.01404	0.01234	0.01771	0.08397	0.04481	0.04969	0.01633	0.01237	0.03979	0.00759	0.06971	0.00612	0.00500	0.00339	0.05755

[dist]
# distance from previous block
# <min> <max>
0	7

[block]
# block no. 1 follows, 40 sequences, length 31
# corresponding to MSA columns:
# 1003-1033
name=unknown_B
#
# <colnr> <probs for GDERKNQSTAVLIFYWHMCP>
#	G	D	E	R	K	N	Q	S	T	A	V	L	I	F	Y	W	H	M	C	P
0	0.05288	0.14142	0.03827	0.01236	0.04380	0.03502	0.06110	0.12327	0.01537	0.17484	0.01309	0.01368	0.00968	0.00560	0.00501	0.00144	0.00584	0.00447	0.00432	0.23855
1	0.01008	0.00799	0.01260	0.01178	0.06049	0.00773	0.13077	0.01145	0.01047	0.03770	0.02007	0.12177	0.04991	0.43826	0.04061	0.00420	0.00631	0.00894	0.00379	0.00508
2	0.01552	0.01830	0.18068	0.01330	0.04171	0.14105	0.03617	0.06365	0.01428	0.07938	0.01144	0.01278	0.00872	0.00531	0.00509	0.00138	0.00676	0.00416	0.00357	0.33675
3	0.04468	0.16248	0.01702	0.01159	0.01438	0.02668	0.03484	0.01966	0.17538	0.09237	0.12674	0.02232	0.01906	0.00854	0.00823	0.00193	0.15558	0.04657	0.00454	0.00742
4	0.01155	0.01117	0.01908	0.60550	0.07708	0.01360	0.06942	0.01522	0.01160	0.01528	0.01020	0.01517	0.00790	0.00616	0.00724	0.00199	0.08723	0.00529	0.00262	0.00671
5	0.01492	0.11673	0.36717	0.03881	0.07124	0.08668	0.11155	0.01961	0.01328	0.08999	0.01144	0.01316	0.00840	0.00557	0.00551	0.00174	0.00816	0.00467	0.00307	0.00829
6	0.00784	0.00605	0.00770	0.05187	0.01057	0.00590	0.00609	0.01021	0.05756	0.01640	0.10545	0.50127	0.16005	0.01566	0.00709	0.00219	0.00356	0.01396	0.00537	0.00520
7	0.02609	0.00990	0.01350	0.01035	0.01484	0.00855	0.00855	0.02834	0.01664	0.76338	0.02294	0.01979	0.01439	0.00720	0.00585	0.00180	0.00495	0.00585	0.00720	0.00990
8	0.02319	0.00948	0.01242	0.00973	0.01381	0.00836	0.00797	0.05163	0.01644	0.62038	0.02580	0.02314	0.08507	0.00788	0.00584	0.00179	0.00467	0.00641	0.05683	0.00915
9	0.01877	0.01011	0.01292	0.06063	0.01531	0.01030	0.00871	0.15731	0.04599	0.32997	0.01867	0.02127	0.01411	0.11203	0.13354	0.00351	0.00721	0.00611	0.00546	0.00808
10	0.00803	0.00594	0.00749	0.00710	0.00856	0.00540	0.00533	0.01058	0.01598	0.02219	0.65247	0.04530	0.15939	0.01231	0.00686	0.00185	0.00277	0.01078	0.00625	0.00540
11	0.02593	0.01016	0.01366	0.01047	0.01497	0.00893	0.00865	0.05718	0.01708	0.73393	0.02258	0.01956	0.01421	0.00719	0.00585	0.00180	0.00501	0.00582	0.00714	0.00990
12	0.02211	0.01629	0.01745	0.01338	0.01803	0.01803	0.01105	0.73997	0.02734	0.03665	0.01396	0.01396	0.00989	0.00698	0.00582	0.00175	0.00640	0.00524	0.00582	0.00989
13	0.01288	0.01228	0.02088	0.36596	0.44089	0.01342	0.01710	0.01652	0.01253	0.01717	0.01067	0.01488	0.00857	0.00546	0.00578	0.00182	0.00728	0.00518	0.00275	0.00799
14	0.00914	0.00573	0.00664	0.00641	0.00784	0.00540	0.00481	0.01174	0.01443	0.02189	0.39025	0.03602	0.11059	0.01013	0.00574	0.00165	0.00275	0.00866	0.33479	0.00540
15	0.00834	0.00565	0.00666	0.00676	0.00689	0.00572	0.00402	0.00861	0.00874	0.01176	0.01910	0.09378	0.02183	0.66495	0.09876	0.00574	0.00641	0.00886	0.00363	0.00377
16	0.00843	0.00576	0.00695	0.00695	0.00716	0.00597	0.00428	0.00884	0.00864	0.01172	0.01777	0.03500	0.01981	0.64439	0.17902	0.00638	0.00764	0.00801	0.00344	0.00386
17	0.01214	0.01178	0.01637	0.01417	0.01422	0.01622	0.01162	0.01332	0.00888	0.01372	0.00898	0.01555	0.00920	0.08644	0.05081	0.00312	0.67930	0.00546	0.00266	0.00604
18	0.00709	0.00506	0.00675	0.00810	0.00843	0.00472	0.00540	0.00810	0.01113	0.01484	0.03205	0.79184	0.03846	0.01822	0.00742	0.00236	0.00337	0.01653	0.00540	0.00472
19	0.01166	0.03008	0.76550	0.01657	0.02517	0.01351	0.02149	0.01842	0.01228	0.01842	0.01044	0.01228	0.00737	0.00552	0.00552	0.00184	0.00859	0.00430	0.00246	0.00859
20	0.01298	0.10209	0.64636	0.01554	0.02352	0.01409	0.01954	0.01897	0.01252	0.06656	0.01103	0.01249	0.00783	0.00558	0.00537	0.00178	0.00813	0.00429	0.00277	0.00857
21	0.00944	0.00759	0.01076	0.08281	0.01401	0.00792	0.00803	0.01181	0.01020	0.01491	0.01384	0.01961	0.01250	0.03076	0.51877	0.00664	0.01218	0.00547	0.00314	0.19959
22	0.04206	0.10827	0.19482	0.09088	0.09192	0.11202	0.04605	0.07803	0.06189	0.01905	0.01103	0.01304	0.00861	0.00587	0.00586	0.00170	0.03946	0.00454	0.00321	0.06168
23	0.01529	0.46256	0.17494	0.01361	0.01941	0.01871	0.12817	0.01863	0.01258	0.07227	0.01026	0.01172	0.00819	0.00524	0.00475	0.00152	0.00716	0.00415	0.00291	0.00793
24	0.02530	0.01116	0.01428	0.01095	0.01548	0.01042	0.00904	0.16907	0.01876	0.61967	0.02117	0.01864	0.01350	0.00715	0.00584	0.00179	0.00524	0.00573	0.00692	0.00990
25	0.00709	0.00506	0.00675	0.00810	0.00843	0.00472	0.00540	0.00810	0.01113	0.01484	0.03205	0.79184	0.03846	0.01822	0.00742	0.00236	0.00337	0.01653	0.00540	0.00472
26	0.01191	0.01181	0.01739	0.67350	0.03676	0.07084	0.01555	0.01544	0.01182	0.01475	0.01006	0.01494	0.00772	0.00611	0.00664	0.00194	0.05866	0.00505	0.00261	0.00647
27	0.00726	0.00518	0.00695	0.00830	0.00871	0.00487	0.00570	0.00840	0.01130	0.01504	0.03196	0.73675	0.03808	0.01806	0.00747	0.00239	0.00352	0.06991	0.00539	0.00477
28	0.07044	0.00997	0.01322	0.01020	0.01465	0.00879	0.00842	0.02772	0.01628	0.72305	0.02213	0.01923	0.01395	0.00710	0.00572	0.00180	0.00492	0.00570	0.00700	0.00970
29	0.00709	0.00506	0.00675	0.00810	0.00843	0.00472	0.00540	0.00810	0.01113	0.01484	0.03205	0.79184	0.03846	0.01822	0.00742	0.00236	0.00337	0.01653	0.00540	0.00472
30	0.44838	0.04100	0.15880	0.01171	0.01667	0.01444	0.06569	0.14236	0.01372	0.02548	0.00984	0.01124	0.00735	0.00565	0.00461	0.00179	0.00607	0.00401	0.00368	0.00752

[dist]
# distance from previous block
# <min> <max>
2	4

[block]
# block no. 2 follows, 40 sequences, length 6
# corresponding to MSA columns:
# 1038-1043
name=unknown_C
#
# <colnr> <probs for GDERKNQSTAVLIFYWHMCP>
#	G	D	E	R	K	N	Q	S	T	A	V	L	I	F	Y	W	H	M	C	P
0	0.09986	0.05989	0.11695	0.02014	0.24363	0.04727	0.07162	0.07268	0.06599	0.08787	0.01257	0.01411	0.00956	0.00571	0.00541	0.00171	0.00673	0.00489	0.00373	0.04968
1	0.00903	0.00730	0.01044	0.01005	0.01080	0.00881	0.00781	0.01081	0.00992	0.01436	0.07254	0.09069	0.01876	0.06932	0.46897	0.00670	0.15754	0.00736	0.00348	0.00531
2	0.00828	0.00556	0.00639	0.00657	0.00661	0.00552	0.00377	0.00841	0.00880	0.01174	0.02010	0.13540	0.02338	0.69524	0.02673	0.00521	0.00535	0.00950	0.00377	0.00368
3	0.01635	0.69912	0.02866	0.01060	0.01532	0.12014	0.01012	0.01817	0.01242	0.01375	0.00820	0.00948	0.00747	0.00511	0.00393	0.00128	0.00677	0.00319	0.00255	0.00737
4	0.00839	0.00778	0.06576	0.00821	0.01007	0.00596	0.00666	0.01056	0.01363	0.01894	0.34850	0.24660	0.10636	0.01337	0.00757	0.04432	0.00360	0.01115	0.00534	0.05725
5	0.06277	0.04334	0.01628	0.04300	0.05517	0.28797	0.05547	0.12111	0.05346	0.02060	0.11937	0.02035	0.01690	0.00752	0.00577	0.00174	0.00738	0.05040	0.00417	0.00723

[dist]
# distance from previous block
# <min> <max>
1	9

[block]
# block no. 3 follows, 40 sequences, length 21
# corresponding to MSA columns:
# 1056-1076
name=unknown_D
#
# <colnr> <probs for GDERKNQSTAVLIFYWHMCP>
#	G	D	E	R	K	N	Q	S	T	A	V	L	I	F	Y	W	H	M	C	P
0	0.01522	0.01275	0.02038	0.24612	0.32382	0.01380	0.04942	0.09921	0.01446	0.08787	0.01207	0.01513	0.00924	0.00601	0.00656	0.00185	0.04893	0.00532	0.00351	0.00833
1	0.06158	0.01563	0.01632	0.01418	0.06230	0.05807	0.01081	0.45570	0.19166	0.03095	0.01545	0.01535	0.01135	0.00695	0.00569	0.00179	0.00614	0.00535	0.00539	0.00933
2	0.01352	0.08044	0.22103	0.01509	0.02130	0.01237	0.20113	0.01775	0.01281	0.06378	0.01132	0.01331	0.00859	0.00502	0.00534	0.00150	0.00708	0.00468	0.00320	0.28074
3	0.00831	0.00623	0.00935	0.00935	0.01038	0.00727	0.00727	0.01038	0.00935	0.01350	0.01558	0.02285	0.01454	0.04361	0.77259	0.00935	0.01558	0.00623	0.00312	0.00519
4	0.01085	0.00962	0.04855	0.00935	0.01185	0.00914	0.00762	0.05176	0.23517	0.02358	0.42594	0.03464	0.07774	0.01029	0.00646	0.00188	0.00378	0.00887	0.00597	0.00693
5	0.01355	0.16436	0.46877	0.01497	0.02186	0.04734	0.05112	0.07633	0.01387	0.01913	0.04851	0.01357	0.01009	0.00586	0.00535	0.00172	0.00783	0.00458	0.00298	0.00822
6	0.08043	0.01200	0.01356	0.10199	0.05270	0.01380	0.00999	0.06823	0.48090	0.02368	0.01940	0.01918	0.01462	0.00720	0.00559	0.00189	0.00506	0.00592	0.05541	0.00846
7	0.00725	0.00552	0.00672	0.00759	0.00860	0.00499	0.00546	0.00859	0.01211	0.01541	0.04131	0.46006	0.28921	0.01678	0.00729	0.00225	0.00343	0.08719	0.00539	0.00485
8	0.00772	0.00592	0.00706	0.00678	0.00837	0.00527	0.00508	0.00998	0.01525	0.02043	0.49191	0.04819	0.32105	0.01296	0.00686	0.00188	0.00282	0.01118	0.00602	0.00527
9	0.15165	0.01010	0.01178	0.00955	0.01316	0.01003	0.00773	0.11424	0.03998	0.38093	0.01795	0.01751	0.01235	0.00790	0.00664	0.06844	0.00480	0.00525	0.10183	0.00818
10	0.01687	0.01375	0.07798	0.06785	0.22173	0.01280	0.04748	0.03882	0.21848	0.19677	0.01734	0.01765	0.01257	0.00650	0.00586	0.00185	0.00612	0.00574	0.00476	0.00910
11	0.01823	0.00759	0.00933	0.00781	0.01068	0.00693	0.00624	0.02071	0.01435	0.38094	0.02089	0.02077	0.01466	0.00698	0.00493	0.00157	0.00379	0.00563	0.43038	0.00759
12	0.00712	0.00574	0.00625	0.00644	0.00796	0.00497	0.00465	0.00857	0.01296	0.01609	0.12106	0.18311	0.52427	0.05443	0.00811	0.00221	0.00314	0.01266	0.00540	0.00486
13	0.08095	0.60658	0.15216	0.01088	0.01635	0.02061	0.01159	0.01756	0.01174	0.01548	0.00848	0.00983	0.00735	0.00510	0.00402	0.00139	0.00648	0.00331	0.00257	0.00756
14	0.01621	0.01945	0.26149	0.01429	0.01975	0.09723	0.09045	0.09331	0.06031	0.15074	0.01944	0.01961	0.09717	0.00717	0.00590	0.00182	0.00717	0.00595	0.00430	0.00827
15	0.00831	0.00623	0.00935	0.00935	0.01038	0.00727	0.00727	0.01038	0.00935	0.01350	0.01558	0.02285	0.01454	0.04361	0.77259	0.00935	0.01558	0.00623	0.00312	0.00519
16	0.00970	0.00757	0.00851	0.02996	0.01074	0.00751	0.00619	0.01494	0.17541	0.04011	0.23639	0.04152	0.33268	0.01168	0.00649	0.00190	0.00344	0.00989	0.03916	0.00621
17	0.02055	0.01120	0.01627	0.11048	0.13015	0.03090	0.04525	0.02377	0.04277	0.44537	0.01907	0.04944	0.01345	0.00706	0.00593	0.00183	0.00589	0.00612	0.00554	0.00895
18	0.05684	0.01124	0.08734	0.01325	0.10817	0.03729	0.04935	0.01456	0.01394	0.08528	0.20504	0.12723	0.14647	0.01029	0.00633	0.00190	0.00495	0.00899	0.00486	0.00669
19	0.01247	0.01141	0.01804	0.55755	0.14723	0.01350	0.01554	0.06147	0.07215	0.01760	0.01173	0.01574	0.00891	0.00596	0.00581	0.00190	0.00729	0.00529	0.00310	0.00732
20	0.06234	0.09278	0.05665	0.09177	0.07965	0.07057	0.09012	0.09349	0.11244	0.15015	0.01464	0.01552	0.01072	0.00621	0.00551	0.00176	0.00665	0.00520	0.02549	0.00833

[dist]
# distance from previous block
# <min> <max>
0	38

[block]
# block no. 4 follows, 40 sequences, length 49
# corresponding to MSA columns:
# 1115-1163
name=unknown_E
#
# <colnr> <probs for GDERKNQSTAVLIFYWHMCP>
#	G	D	E	R	K	N	Q	S	T	A	V	L	I	F	Y	W	H	M	C	P
0	0.02857	0.14417	0.19486	0.01203	0.01695	0.01411	0.01186	0.08882	0.15119	0.06478	0.04426	0.05170	0.01346	0.00698	0.00580	0.00169	0.03383	0.00544	0.00414	0.10534
1	0.19637	0.08976	0.09792	0.01632	0.18797	0.05034	0.01161	0.01923	0.01293	0.17075	0.01423	0.08343	0.01180	0.00687	0.00521	0.00177	0.00596	0.00553	0.00406	0.00795
2	0.12209	0.01063	0.06152	0.02141	0.01330	0.02926	0.02253	0.01774	0.12118	0.14584	0.02519	0.24654	0.09148	0.01070	0.00605	0.00197	0.00470	0.00911	0.00513	0.03364
3	0.01156	0.04548	0.01109	0.00944	0.01183	0.00918	0.00736	0.14761	0.05187	0.02094	0.09520	0.28296	0.08093	0.01227	0.00647	0.00195	0.00435	0.07961	0.00522	0.10469
4	0.03217	0.41695	0.02139	0.01142	0.05603	0.04675	0.00949	0.01780	0.11524	0.01633	0.01826	0.05762	0.08206	0.00793	0.00505	0.00164	0.00565	0.06731	0.00369	0.00720
5	0.01349	0.16255	0.15086	0.01197	0.05323	0.04755	0.01083	0.01664	0.01242	0.03801	0.01070	0.02804	0.00893	0.00514	0.00464	0.00124	0.00585	0.00397	0.00318	0.41076
6	0.03128	0.01328	0.02286	0.39151	0.15907	0.05133	0.21316	0.01687	0.01268	0.01682	0.01071	0.01498	0.00825	0.00546	0.00601	0.00188	0.00823	0.00552	0.00278	0.00732
7	0.00761	0.00549	0.00729	0.00839	0.00910	0.00517	0.00609	0.00911	0.01217	0.01618	0.10290	0.54941	0.07486	0.01704	0.00745	0.00235	0.00366	0.14533	0.00549	0.00492
8	0.05292	0.01581	0.19449	0.05340	0.03756	0.01220	0.18784	0.01876	0.15881	0.01961	0.05837	0.13115	0.01702	0.00806	0.00620	0.00197	0.00672	0.00752	0.00399	0.00759
9	0.17295	0.01123	0.01507	0.03632	0.01662	0.01117	0.10699	0.06579	0.06306	0.25412	0.01805	0.05583	0.04089	0.00718	0.00585	0.00180	0.02391	0.00601	0.00502	0.08213
10	0.00788	0.00606	0.00732	0.00754	0.00911	0.00550	0.00594	0.01001	0.01420	0.01843	0.26765	0.08373	0.34177	0.01430	0.00716	0.00210	0.00346	0.17693	0.00570	0.00518
11	0.00811	0.00594	0.00760	0.00719	0.00861	0.00543	0.00539	0.01074	0.01617	0.02264	0.69355	0.04457	0.11803	0.01214	0.00686	0.00184	0.00276	0.01067	0.00631	0.00543
12	0.01153	0.02325	0.50169	0.01578	0.02175	0.01347	0.04921	0.01664	0.01150	0.01713	0.01122	0.01544	0.00911	0.01037	0.08211	0.00273	0.14627	0.03041	0.00266	0.00772
13	0.03836	0.01168	0.01973	0.43210	0.13635	0.01312	0.12543	0.01709	0.07851	0.01727	0.01387	0.01749	0.04146	0.00614	0.00595	0.00191	0.00735	0.00580	0.00313	0.00724
14	0.00875	0.00625	0.00865	0.01000	0.01106	0.00616	0.00829	0.01097	0.01277	0.01670	0.03113	0.26392	0.03483	0.01665	0.00787	0.00259	0.00481	0.52805	0.00537	0.00518
15	0.00808	0.00548	0.00645	0.00682	0.00691	0.00539	0.00404	0.00836	0.00919	0.01225	0.02207	0.24390	0.02587	0.58334	0.02354	0.00474	0.00502	0.01066	0.00404	0.00385
16	0.04285	0.24266	0.46721	0.01512	0.02228	0.01625	0.08219	0.01811	0.01219	0.01739	0.00981	0.01166	0.00749	0.00531	0.00508	0.00168	0.00789	0.00415	0.00255	0.00813
17	0.08798	0.01070	0.01627	0.54711	0.05592	0.01254	0.01403	0.04606	0.01287	0.12403	0.01210	0.01548	0.00870	0.00600	0.00562	0.00189	0.00698	0.00509	0.00347	0.00716
18	0.01238	0.00690	0.00706	0.00651	0.00831	0.00714	0.00502	0.11277	0.01426	0.02372	0.01829	0.02063	0.01422	0.00680	0.00430	0.00141	0.00321	0.00539	0.71563	0.00603
19	0.00902	0.00592	0.00784	0.00784	0.00882	0.00653	0.00586	0.01097	0.01000	0.01541	0.01690	0.02471	0.01559	0.14159	0.45598	0.00663	0.01064	0.00633	0.22841	0.00501
20	0.02107	0.01285	0.07754	0.01201	0.01654	0.01115	0.04576	0.15495	0.07443	0.41157	0.04920	0.05447	0.01568	0.00765	0.00598	0.00184	0.00557	0.00639	0.00613	0.00922
21	0.03585	0.18930	0.16543	0.01194	0.01715	0.01458	0.01170	0.13958	0.05774	0.25128	0.01576	0.03957	0.01153	0.00670	0.00532	0.00170	0.00610	0.00516	0.00479	0.00882
22	0.68099	0.01160	0.01096	0.08320	0.01519	0.01335	0.03922	0.05290	0.01110	0.02521	0.00876	0.01053	0.00673	0.00550	0.00406	0.00182	0.00514	0.00361	0.00358	0.00656
23	0.01460	0.01756	0.23626	0.09093	0.11757	0.03702	0.04334	0.05641	0.13136	0.10085	0.01462	0.01630	0.01091	0.00956	0.07474	0.00252	0.00788	0.00533	0.00386	0.00838
24	0.00940	0.00651	0.00938	0.00850	0.00930	0.00656	0.07043	0.00999	0.00927	0.01306	0.01611	0.02912	0.01676	0.42144	0.12588	0.13712	0.00700	0.00717	0.08283	0.00416
25	0.01525	0.16038	0.14724	0.13638	0.17097	0.05037	0.01447	0.08639	0.08984	0.05627	0.01233	0.01408	0.00947	0.00588	0.00536	0.00171	0.00698	0.00477	0.00349	0.00834
26	0.01323	0.01421	0.02608	0.01990	0.02285	0.01625	0.37640	0.01632	0.01132	0.01632	0.00970	0.01421	0.00823	0.00753	0.01296	0.00225	0.39641	0.00598	0.00274	0.00710
27	0.02609	0.00990	0.01350	0.01035	0.01484	0.00855	0.00855	0.02834	0.01664	0.76338	0.02294	0.01979	0.01439	0.00720	0.00585	0.00180	0.00495	0.00585	0.00720	0.00990
28	0.00776	0.00557	0.00747	0.00858	0.00931	0.00528	0.00633	0.00937	0.01234	0.01647	0.11781	0.51759	0.05349	0.01689	0.00749	0.00237	0.00376	0.18167	0.00551	0.00497
29	0.83671	0.01125	0.00855	0.00765	0.01125	0.01305	0.00630	0.01709	0.00990	0.02609	0.00810	0.00945	0.00630	0.00540	0.00360	0.00180	0.00450	0.00315	0.00360	0.00630
30	0.00724	0.00597	0.00640	0.00647	0.00832	0.00513	0.00497	0.00895	0.01360	0.01665	0.12840	0.05554	0.61939	0.01455	0.00698	0.00201	0.00314	0.07578	0.00550	0.00501
31	0.02609	0.00990	0.01350	0.01035	0.01484	0.00855	0.00855	0.02834	0.01664	0.76338	0.02294	0.01979	0.01439	0.00720	0.00585	0.00180	0.00495	0.00585	0.00720	0.00990
32	0.00722	0.00523	0.00674	0.00784	0.00836	0.00485	0.00530	0.00832	0.01143	0.01510	0.05974	0.64663	0.10273	0.05587	0.00846	0.00247	0.00347	0.03016	0.00534	0.00472
33	0.01166	0.03008	0.76550	0.01657	0.02517	0.01351	0.02149	0.01842	0.01228	0.01842	0.01044	0.01228	0.00737	0.00552	0.00552	0.00184	0.00859	0.00430	0.00246	0.00859
34	0.09787	0.01058	0.01324	0.01039	0.01472	0.00994	0.00853	0.06661	0.07478	0.59845	0.02117	0.01869	0.01369	0.00708	0.00565	0.00181	0.00496	0.00563	0.00670	0.00952
35	0.01282	0.01277	0.02155	0.44531	0.07489	0.03824	0.17640	0.05213	0.01290	0.01693	0.01060	0.01502	0.00816	0.00600	0.00711	0.00196	0.07176	0.00550	0.00285	0.00710
36	0.01223	0.01826	0.25406	0.46572	0.03322	0.08623	0.01737	0.01679	0.01230	0.01592	0.01024	0.01400	0.00760	0.00574	0.00567	0.00187	0.00828	0.00476	0.00258	0.00716
37	0.00970	0.00847	0.04156	0.00932	0.01108	0.00799	0.00713	0.04978	0.17754	0.01859	0.05719	0.44935	0.10086	0.01424	0.00685	0.00216	0.00396	0.01259	0.00544	0.00619
38	0.01580	0.52504	0.15949	0.01153	0.01702	0.01986	0.01201	0.07859	0.04829	0.04944	0.01037	0.01128	0.00843	0.00547	0.00442	0.00145	0.00653	0.00378	0.00312	0.00805
39	0.01377	0.01394	0.02610	0.02978	0.45093	0.01371	0.25848	0.01762	0.01343	0.01887	0.03842	0.01724	0.01135	0.00574	0.00653	0.00185	0.02514	0.02557	0.00309	0.00845
40	0.00801	0.00585	0.00752	0.00727	0.00859	0.00537	0.00539	0.01048	0.01568	0.02188	0.62904	0.11671	0.11102	0.01273	0.00691	0.00189	0.00282	0.01124	0.00622	0.00537
41	0.04238	0.04317	0.25727	0.13433	0.21347	0.01331	0.05015	0.01806	0.06943	0.01878	0.04186	0.01753	0.01174	0.00632	0.00575	0.00186	0.00719	0.03616	0.00320	0.00806
42	0.01288	0.17276	0.45797	0.01491	0.02163	0.01439	0.07755	0.01780	0.01242	0.05394	0.01266	0.08250	0.01065	0.00659	0.00548	0.00178	0.00759	0.00546	0.00300	0.00803
43	0.01238	0.00781	0.00886	0.00806	0.01040	0.00763	0.00638	0.08942	0.06183	0.10588	0.12443	0.03706	0.23109	0.01064	0.00607	0.00184	0.00377	0.07240	0.18755	0.00649
44	0.00730	0.00539	0.00670	0.00746	0.00819	0.00500	0.00508	0.00846	0.01156	0.01514	0.08140	0.48540	0.18492	0.09743	0.03980	0.00286	0.00396	0.01404	0.00518	0.00471
45	0.01585	0.01461	0.10759	0.15204	0.05398	0.04708	0.15542	0.04640	0.07855	0.17238	0.04857	0.01986	0.01359	0.00685	0.00612	0.00190	0.00711	0.03969	0.00433	0.00808
46	0.01636	0.01237	0.01911	0.30439	0.21987	0.04005	0.05652	0.05353	0.01422	0.18614	0.01354	0.01594	0.00979	0.00597	0.00585	0.00183	0.00705	0.00538	0.00389	0.00821
47	0.05800	0.01143	0.01271	0.01015	0.01380	0.01191	0.00827	0.32475	0.01963	0.21723	0.01736	0.01736	0.01225	0.00691	0.00524	0.00165	0.00492	0.00535	0.23259	0.00849
48	0.27056	0.06426	0.01313	0.01047	0.04312	0.01275	0.00812	0.11780	0.11162	0.04554	0.07986	0.01630	0.02313	0.00647	0.00483	0.00161	0.00479	0.00488	0.00446	0.15632

[dist]
# distance from previous block
# <min> <max>
2	8

[block]
# block no. 5 follows, 40 sequences, length 12
# corresponding to MSA columns:
# 1175-1186
name=unknown_F
#
# <colnr> <probs for GDERKNQSTAVLIFYWHMCP>
#	G	D	E	R	K	N	Q	S	T	A	V	L	I	F	Y	W	H	M	C	P
0	0.10559	0.03435	0.03634	0.01248	0.06866	0.04448	0.00953	0.20016	0.05395	0.11453	0.05581	0.05364	0.01382	0.00692	0.00534	0.00161	0.00544	0.00550	0.00478	0.16708
1	0.07794	0.03300	0.04793	0.01108	0.01519	0.02513	0.02217	0.18636	0.04562	0.29628	0.05215	0.09144	0.01607	0.00798	0.00575	0.00179	0.00534	0.00650	0.00571	0.04658
2	0.01109	0.00702	0.00882	0.00901	0.01059	0.00678	0.00674	0.04442	0.06651	0.11759	0.03193	0.43511	0.10267	0.01489	0.00705	0.00223	0.00401	0.10176	0.00569	0.00606
3	0.00705	0.00518	0.00663	0.00778	0.00835	0.00475	0.00526	0.00813	0.01143	0.01497	0.03586	0.68757	0.14027	0.01772	0.00734	0.00231	0.00331	0.01593	0.00540	0.00475
4	0.02059	0.01475	0.01951	0.01907	0.19014	0.09587	0.10092	0.16779	0.01764	0.27122	0.01546	0.01585	0.01085	0.00627	0.00588	0.00176	0.00690	0.00546	0.00494	0.00914
5	0.00945	0.06445	0.01206	0.01022	0.01140	0.00989	0.00823	0.01140	0.00946	0.01358	0.01392	0.02044	0.01305	0.03611	0.61095	0.00780	0.12320	0.00584	0.00299	0.00552
6	0.08087	0.00907	0.01011	0.00853	0.01152	0.00910	0.00681	0.12295	0.05631	0.21594	0.06735	0.02372	0.08688	0.00794	0.00528	0.00168	0.00409	0.00635	0.25803	0.00746
7	0.00911	0.00584	0.00722	0.00745	0.00805	0.00570	0.00492	0.00986	0.01021	0.05866	0.02474	0.24240	0.06271	0.40777	0.07371	0.00446	0.00555	0.04269	0.00440	0.00451
8	0.01508	0.30582	0.16324	0.01755	0.12491	0.01794	0.11844	0.10467	0.01412	0.01880	0.01014	0.01221	0.00819	0.00556	0.00570	0.00164	0.04028	0.00450	0.00301	0.00822
9	0.01574	0.00792	0.01007	0.00857	0.01140	0.00709	0.00675	0.04790	0.01602	0.32295	0.24216	0.08266	0.17498	0.01074	0.00644	0.00187	0.00387	0.00913	0.00644	0.00730
10	0.01550	0.00877	0.00978	0.00835	0.01106	0.00885	0.00658	0.14903	0.06045	0.14664	0.01924	0.05680	0.01493	0.00739	0.00496	0.00156	0.00397	0.00598	0.41535	0.04479
11	0.01365	0.01102	0.01769	0.13393	0.10571	0.01129	0.14830	0.05299	0.10291	0.10215	0.05138	0.11380	0.05912	0.00872	0.00642	0.00198	0.00618	0.04069	0.00454	0.00753

[dist]
# distance from previous block
# <min> <max>
0	4

[block]
# block no. 6 follows, 40 sequences, length 21
# corresponding to MSA columns:
# 1193-1213
name=unknown_G
#
# <colnr> <probs for GDERKNQSTAVLIFYWHMCP>
#	G	D	E	R	K	N	Q	S	T	A	V	L	I	F	Y	W	H	M	C	P
0	0.01606	0.01164	0.01371	0.01160	0.01487	0.01246	0.03906	0.23746	0.23582	0.10239	0.04433	0.16577	0.04939	0.00975	0.00627	0.00195	0.00504	0.00832	0.00579	0.00830
1	0.01968	0.01949	0.01845	0.01504	0.01883	0.27477	0.08791	0.29683	0.10147	0.02437	0.01274	0.01375	0.00970	0.00671	0.00653	0.00176	0.05425	0.00504	0.00437	0.00831
2	0.01188	0.01125	0.01906	0.58565	0.22905	0.01316	0.01660	0.01564	0.01205	0.01595	0.01049	0.01521	0.00814	0.00565	0.00580	0.00188	0.00753	0.00517	0.00266	0.00718
3	0.05032	0.14522	0.06421	0.09498	0.05172	0.01538	0.04622	0.13590	0.05244	0.10901	0.04828	0.02634	0.01204	0.00710	0.00733	0.00184	0.11429	0.00533	0.00409	0.00796
4	0.00937	0.00672	0.00757	0.00737	0.00793	0.00709	0.00462	0.01201	0.12203	0.01341	0.01898	0.03463	0.02022	0.62949	0.07079	0.00530	0.00608	0.00803	0.00387	0.00450
5	0.01127	0.01090	0.01923	0.70158	0.03903	0.01311	0.09251	0.01526	0.01185	0.01526	0.01049	0.01552	0.00787	0.00572	0.00592	0.00194	0.00797	0.00535	0.00262	0.00661
6	0.01132	0.01006	0.01342	0.05932	0.01544	0.07194	0.11181	0.01498	0.09688	0.04479	0.05275	0.35353	0.02564	0.04960	0.00810	0.00229	0.02005	0.02722	0.00470	0.00617
7	0.01508	0.01809	0.19922	0.02326	0.19727	0.01383	0.28962	0.06284	0.01437	0.09057	0.01246	0.01488	0.00917	0.00546	0.00613	0.00185	0.00818	0.00568	0.00339	0.00866
8	0.01266	0.00706	0.00925	0.00830	0.01040	0.00649	0.00636	0.01563	0.04444	0.20086	0.47441	0.11604	0.04193	0.01127	0.00664	0.00188	0.00341	0.00987	0.00647	0.00661
9	0.00798	0.00577	0.00737	0.00797	0.00862	0.00572	0.00549	0.00973	0.03882	0.01528	0.09947	0.39600	0.05559	0.18167	0.09396	0.00373	0.00521	0.04197	0.00488	0.00480
10	0.02590	0.05190	0.18758	0.05562	0.09119	0.04739	0.12339	0.04427	0.09137	0.11640	0.09248	0.01822	0.01489	0.00659	0.00588	0.00181	0.00692	0.00585	0.00412	0.00821
11	0.00889	0.00612	0.00746	0.00720	0.00872	0.00570	0.00537	0.01170	0.03944	0.04206	0.44979	0.11506	0.15980	0.01216	0.00656	0.00186	0.00296	0.01059	0.09303	0.00556
12	0.00769	0.00587	0.00718	0.00784	0.00915	0.00536	0.00604	0.00946	0.01300	0.01660	0.10828	0.25797	0.31347	0.01576	0.00732	0.00224	0.00365	0.19261	0.00548	0.00502
13	0.05747	0.00752	0.00973	0.05512	0.01236	0.00732	0.00703	0.01580	0.05211	0.18572	0.31539	0.19350	0.03499	0.01128	0.00647	0.00195	0.00386	0.00984	0.00596	0.00660
14	0.04776	0.11259	0.21162	0.07450	0.05848	0.01384	0.07556	0.06931	0.08407	0.08740	0.01369	0.01690	0.01086	0.08944	0.00801	0.00218	0.00691	0.00531	0.00369	0.00790
15	0.01040	0.00795	0.00964	0.00911	0.01051	0.04845	0.03843	0.01264	0.02967	0.04770	0.16706	0.19302	0.06414	0.09641	0.04861	0.00274	0.04218	0.04346	0.11235	0.00554
16	0.09643	0.00769	0.00999	0.00970	0.01065	0.00914	0.00747	0.01109	0.00984	0.01520	0.01894	0.18998	0.05063	0.06726	0.30649	0.00520	0.15699	0.00833	0.00368	0.00533
17	0.01367	0.01343	0.08114	0.27202	0.05849	0.03650	0.12394	0.07454	0.07875	0.04760	0.01376	0.01656	0.01030	0.00610	0.00568	0.00181	0.00695	0.00550	0.12581	0.00747
18	0.06226	0.01519	0.12419	0.04370	0.04892	0.03060	0.06618	0.23724	0.06182	0.06907	0.04506	0.05515	0.01420	0.09059	0.00835	0.00224	0.00647	0.00628	0.00453	0.00797
19	0.01022	0.00918	0.01635	0.11085	0.01874	0.00948	0.19793	0.01245	0.01181	0.01598	0.07012	0.26716	0.02255	0.01227	0.00952	0.08981	0.06219	0.04372	0.00396	0.00572
20	0.01362	0.04058	0.03577	0.03673	0.01606	0.00982	0.08525	0.07274	0.01371	0.08928	0.03212	0.05006	0.03031	0.07145	0.00739	0.00180	0.00548	0.03974	0.00412	0.34397

[dist]
# distance from previous block
# <min> <max>
2	12

[block]
# block no. 7 follows, 40 sequences, length 28
# corresponding to MSA columns:
# 1226-1253
name=unknown_H
#
# <colnr> <probs for GDERKNQSTAVLIFYWHMCP>
#	G	D	E	R	K	N	Q	S	T	A	V	L	I	F	Y	W	H	M	C	P
0	0.01546	0.36107	0.18759	0.01304	0.06695	0.01666	0.01242	0.06699	0.01378	0.09130	0.04712	0.01402	0.01111	0.00590	0.00478	0.00153	0.00631	0.00441	0.05153	0.00802
1	0.01246	0.00876	0.01203	0.01074	0.01207	0.01034	0.00852	0.04848	0.01146	0.11490	0.06475	0.02231	0.01591	0.09840	0.32102	0.00540	0.20602	0.00635	0.00390	0.00620
2	0.01545	0.06292	0.01284	0.00995	0.01291	0.01077	0.00804	0.15158	0.09153	0.16843	0.12947	0.02796	0.07098	0.05919	0.10137	0.00298	0.00617	0.04452	0.00544	0.00749
3	0.08664	0.11273	0.06773	0.01233	0.01654	0.10373	0.01068	0.30011	0.06815	0.08282	0.01324	0.01443	0.01011	0.03911	0.00677	0.00188	0.03520	0.00483	0.00457	0.00841
4	0.00766	0.00575	0.00756	0.04821	0.01017	0.00545	0.00594	0.00944	0.01312	0.01761	0.25634	0.40908	0.13781	0.01512	0.00710	0.00213	0.00339	0.02748	0.00556	0.00509
5	0.01216	0.00662	0.00768	0.00725	0.00914	0.00634	0.00566	0.04240	0.01405	0.11457	0.11917	0.06820	0.09593	0.00967	0.00551	0.00172	0.00344	0.07241	0.39201	0.00608
6	0.01240	0.01268	0.02123	0.14994	0.07787	0.05646	0.26986	0.01672	0.06281	0.01759	0.04883	0.10132	0.03997	0.00816	0.00707	0.00201	0.03946	0.04495	0.00368	0.00702
7	0.04340	0.00655	0.00730	0.00678	0.00865	0.00641	0.00520	0.01498	0.04559	0.09591	0.20806	0.02835	0.06399	0.00853	0.00516	0.00160	0.00310	0.00708	0.42730	0.00605
8	0.00902	0.04973	0.05379	0.01020	0.01130	0.00889	0.00822	0.01063	0.01072	0.01478	0.02335	0.45790	0.02677	0.01796	0.09033	0.00306	0.14655	0.03702	0.00432	0.00546
9	0.01344	0.01592	0.06985	0.02245	0.02744	0.01519	0.57188	0.01779	0.01279	0.01779	0.01096	0.01498	0.00854	0.00587	0.00896	0.00206	0.14720	0.00641	0.00285	0.00762
10	0.05207	0.00666	0.00839	0.00888	0.00993	0.00693	0.00674	0.01111	0.04219	0.01686	0.09903	0.30651	0.07466	0.07161	0.06104	0.00302	0.04223	0.16191	0.00499	0.00524
11	0.00709	0.00506	0.00675	0.00810	0.00843	0.00472	0.00540	0.00810	0.01113	0.01484	0.03205	0.79184	0.03846	0.01822	0.00742	0.00236	0.00337	0.01653	0.00540	0.00472
12	0.36633	0.26847	0.01767	0.05496	0.01541	0.16287	0.00900	0.01825	0.01189	0.01914	0.00840	0.00996	0.00699	0.00540	0.00409	0.00157	0.00640	0.00337	0.00306	0.00677
13	0.01595	0.11227	0.11961	0.05316	0.14882	0.22746	0.15905	0.02016	0.05679	0.01702	0.01087	0.01316	0.00864	0.00556	0.00558	0.00169	0.00853	0.00484	0.00299	0.00784
14	0.01737	0.02784	0.01494	0.01185	0.01477	0.01295	0.00974	0.14041	0.05388	0.21612	0.06485	0.01769	0.01395	0.00975	0.04654	0.00226	0.22040	0.00560	0.00487	0.09422
15	0.06531	0.08576	0.05501	0.01367	0.09738	0.06890	0.01029	0.11640	0.04686	0.21925	0.06527	0.09845	0.01653	0.00795	0.00568	0.00178	0.00573	0.00650	0.00504	0.00822
16	0.04805	0.17708	0.21894	0.01398	0.06804	0.01436	0.03776	0.08277	0.05235	0.04553	0.01290	0.06772	0.01090	0.00640	0.00517	0.00161	0.00638	0.00516	0.00355	0.12135
17	0.00931	0.00669	0.00854	0.00796	0.00957	0.00653	0.00604	0.01328	0.08471	0.04293	0.61746	0.03936	0.04756	0.01353	0.05851	0.00235	0.00385	0.00973	0.00616	0.00594
18	0.07432	0.01123	0.01365	0.01076	0.01491	0.01103	0.00878	0.17167	0.07452	0.47255	0.01957	0.01799	0.01300	0.00778	0.00659	0.04531	0.00519	0.00557	0.00635	0.00923
19	0.04362	0.01582	0.13510	0.11193	0.22748	0.05705	0.03699	0.06790	0.06814	0.08323	0.02829	0.04897	0.01179	0.00652	0.00573	0.00180	0.00680	0.00565	0.00380	0.03339
20	0.00772	0.00596	0.00714	0.00753	0.00892	0.00545	0.00567	0.00986	0.03083	0.01748	0.18967	0.23785	0.31767	0.01504	0.00714	0.00213	0.00338	0.10977	0.00561	0.00514
21	0.00722	0.00531	0.00670	0.00775	0.00841	0.00489	0.00533	0.00835	0.01150	0.01497	0.03619	0.59312	0.16567	0.05116	0.00831	0.00245	0.00349	0.04912	0.00532	0.00473
22	0.04220	0.09363	0.13694	0.01405	0.06257	0.01312	0.05351	0.09491	0.03785	0.13581	0.09686	0.04017	0.01702	0.00805	0.00708	0.00190	0.07777	0.05421	0.00446	0.00790
23	0.08832	0.14048	0.02333	0.07025	0.19060	0.01559	0.17113	0.08416	0.07109	0.05940	0.01220	0.01428	0.00946	0.00571	0.00572	0.00176	0.01952	0.00518	0.00359	0.00824
24	0.00709	0.00506	0.00675	0.00810	0.00843	0.00472	0.00540	0.00810	0.01113	0.01484	0.03205	0.79184	0.03846	0.01822	0.00742	0.00236	0.00337	0.01653	0.00540	0.00472
25	0.00739	0.00551	0.00688	0.00749	0.00848	0.00501	0.00532	0.00897	0.01298	0.01718	0.21419	0.42171	0.20444	0.01583	0.00718	0.00215	0.00318	0.03551	0.00564	0.00497
26	0.01449	0.01446	0.07170	0.24279	0.20859	0.05729	0.14346	0.04570	0.01372	0.07908	0.01274	0.04706	0.01015	0.00616	0.00600	0.00186	0.00766	0.00586	0.00335	0.00788
27	0.37654	0.01366	0.05365	0.01156	0.01602	0.01369	0.08345	0.17078	0.05703	0.08285	0.01199	0.01284	0.00879	0.00590	0.00485	0.00176	0.00568	0.00445	0.00434	0.06018

[dist]
# distance from previous block
# <min> <max>
1	23

[block]
# block no. 8 follows, 40 sequences, length 33
# corresponding to MSA columns:
# 1277-1309
name=unknown_I
#
# <colnr> <probs for GDERKNQSTAVLIFYWHMCP>
#	G	D	E	R	K	N	Q	S	T	A	V	L	I	F	Y	W	H	M	C	P
0	0.08908	0.27247	0.24889	0.01209	0.01731	0.02912	0.03413	0.01727	0.04392	0.03287	0.01336	0.12190	0.01237	0.00723	0.00506	0.00170	0.00643	0.00571	0.00328	0.02579
1	0.01430	0.37675	0.21825	0.07648	0.02117	0.07254	0.08290	0.01787	0.01240	0.01568	0.00950	0.01159	0.00774	0.00537	0.00503	0.00157	0.02031	0.00407	0.01890	0.00760
2	0.01611	0.41479	0.15308	0.01482	0.10088	0.07450	0.01306	0.11747	0.01453	0.01829	0.00968	0.01113	0.00798	0.00544	0.00466	0.00149	0.00704	0.00388	0.00302	0.00813
3	0.01721	0.01070	0.04558	0.01094	0.01427	0.01016	0.04906	0.08843	0.09081	0.26660	0.01899	0.02101	0.01424	0.04284	0.08186	0.00269	0.03749	0.02220	0.14701	0.00792
4	0.00709	0.00506	0.00675	0.00810	0.00843	0.00472	0.00540	0.00810	0.01113	0.01484	0.03205	0.79184	0.03846	0.01822	0.00742	0.00236	0.00337	0.01653	0.00540	0.00472
5	0.00798	0.00606	0.00745	0.00805	0.00915	0.00579	0.00582	0.01070	0.07060	0.01735	0.15820	0.42413	0.16657	0.01557	0.00715	0.00219	0.00343	0.06292	0.00561	0.00528
6	0.07386	0.00982	0.01292	0.01001	0.01435	0.00871	0.00826	0.02716	0.01609	0.69372	0.02192	0.01924	0.01393	0.00708	0.00565	0.00178	0.00484	0.00567	0.03545	0.00953
7	0.00805	0.00581	0.00801	0.00833	0.00896	0.00627	0.00593	0.00938	0.00956	0.01329	0.02017	0.21065	0.02184	0.21608	0.41291	0.00679	0.01029	0.00923	0.00376	0.00468
8	0.01373	0.01569	0.03431	0.02451	0.03039	0.01471	0.73824	0.01863	0.01373	0.01863	0.01176	0.01569	0.00882	0.00490	0.00686	0.00196	0.00980	0.00686	0.00294	0.00784
9	0.00866	0.00583	0.00748	0.00761	0.00884	0.00530	0.00550	0.01056	0.01405	0.06187	0.35216	0.32688	0.13464	0.01437	0.00702	0.00205	0.00313	0.01274	0.00594	0.00538
10	0.02081	0.00891	0.01136	0.00912	0.01263	0.00814	0.00739	0.06696	0.01622	0.48376	0.07828	0.02172	0.01738	0.00745	0.00550	0.00169	0.00433	0.00607	0.20382	0.00848
11	0.00846	0.00564	0.00634	0.00634	0.00634	0.00564	0.00352	0.00846	0.00846	0.01128	0.01832	0.03805	0.02114	0.79563	0.02960	0.00564	0.00564	0.00846	0.00352	0.00352
12	0.01489	0.71732	0.06515	0.01017	0.01507	0.02153	0.01026	0.01694	0.01180	0.01398	0.00953	0.05297	0.00918	0.00574	0.00402	0.00134	0.00618	0.00391	0.00265	0.00737
13	0.00712	0.00514	0.00674	0.00794	0.00841	0.00476	0.00535	0.00823	0.01146	0.01523	0.06233	0.72118	0.07906	0.01777	0.00737	0.00232	0.00332	0.01606	0.00544	0.00476
14	0.01344	0.01042	0.01052	0.00970	0.01184	0.12273	0.00762	0.05863	0.01635	0.10807	0.35976	0.03706	0.03511	0.02833	0.00708	0.00199	0.00489	0.12716	0.02290	0.00639
15	0.01381	0.26769	0.48834	0.01411	0.02132	0.01614	0.01706	0.01875	0.01242	0.06529	0.01052	0.01185	0.00785	0.00546	0.00499	0.00165	0.00762	0.00403	0.00277	0.00833
16	0.02008	0.01925	0.01564	0.01334	0.01688	0.30981	0.01041	0.28126	0.13268	0.05396	0.01492	0.05893	0.01199	0.00739	0.00570	0.00172	0.00748	0.00554	0.00477	0.00826
17	0.27927	0.08571	0.37627	0.01326	0.01955	0.01394	0.05627	0.01847	0.01180	0.06193	0.01026	0.01173	0.00750	0.00550	0.00485	0.00178	0.00694	0.00406	0.00312	0.00779
18	0.01862	0.35143	0.02244	0.01288	0.01654	0.41496	0.01078	0.02026	0.01409	0.01399	0.00853	0.01012	0.00749	0.00580	0.00538	0.00145	0.05190	0.00355	0.00276	0.00702
19	0.01373	0.01569	0.03431	0.02451	0.03039	0.01471	0.73824	0.01863	0.01373	0.01863	0.01176	0.01569	0.00882	0.00490	0.00686	0.00196	0.00980	0.00686	0.00294	0.00784
20	0.01577	0.01246	0.01926	0.09825	0.34849	0.01369	0.01435	0.01952	0.06528	0.14875	0.01320	0.01562	0.01026	0.00684	0.00859	0.00195	0.17012	0.00538	0.00376	0.00846
21	0.00846	0.00564	0.00634	0.00634	0.00634	0.00564	0.00352	0.00846	0.00846	0.01128	0.01832	0.03805	0.02114	0.79563	0.02960	0.00564	0.00564	0.00846	0.00352	0.00352
22	0.00837	0.00572	0.00747	0.00790	0.00894	0.00527	0.00571	0.01017	0.01352	0.04841	0.28882	0.40252	0.09558	0.01517	0.00715	0.00214	0.00329	0.05279	0.00582	0.00525
23	0.06253	0.04513	0.01377	0.01227	0.04363	0.06682	0.03865	0.05199	0.09268	0.14999	0.04328	0.13587	0.02104	0.01042	0.00687	0.00206	0.03756	0.15312	0.00509	0.00723
24	0.05119	0.05754	0.14341	0.05512	0.01903	0.22023	0.03322	0.11707	0.01597	0.14385	0.01422	0.07806	0.01152	0.00715	0.00559	0.00175	0.00748	0.00557	0.00416	0.00787
25	0.00805	0.00589	0.00756	0.00724	0.00860	0.00539	0.00539	0.01059	0.01588	0.02219	0.65585	0.08768	0.11296	0.01249	0.00689	0.00187	0.00280	0.01101	0.00626	0.00539
26	0.01605	0.01114	0.01220	0.01084	0.01331	0.08962	0.00842	0.08101	0.10203	0.20096	0.01976	0.13981	0.01735	0.04447	0.16058	0.00355	0.04912	0.00746	0.00501	0.00732
