[name]
unknown

[dist]
# distance from previous block
# <min> <max>
0	11

[block]
# block no. 0 follows, 47 sequences, length 39
# corresponding to MSA columns:
# 11-49
name=unknown_A
#
# <colnr> <probs for GDERKNQSTAVLIFYWHMCP>
#	G	D	E	R	K	N	Q	S	T	A	V	L	I	F	Y	W	H	M	C	P
0	0.05353	0.05764	0.01460	0.01152	0.01464	0.00959	0.13222	0.04465	0.06630	0.21727	0.01980	0.03099	0.01765	0.00884	0.00589	0.00190	0.00535	0.27616	0.00469	0.00676
1	0.01502	0.13225	0.01310	0.00999	0.06455	0.00900	0.00744	0.02867	0.01258	0.31259	0.04144	0.21836	0.04562	0.00871	0.00527	0.00161	0.00424	0.00743	0.00483	0.05731
2	0.01397	0.16092	0.15079	0.01593	0.02079	0.17786	0.29855	0.03456	0.04825	0.01564	0.00978	0.01178	0.00762	0.00486	0.00509	0.00153	0.00787	0.00454	0.00268	0.00697
3	0.02729	0.02986	0.01665	0.04234	0.03369	0.06638	0.15823	0.11451	0.06807	0.24838	0.01541	0.07710	0.01193	0.00665	0.00587	0.00167	0.03878	0.00581	0.00444	0.02693
4	0.04466	0.09890	0.02066	0.17018	0.32313	0.01265	0.12859	0.01664	0.01177	0.10773	0.01072	0.01318	0.00824	0.00491	0.00506	0.00158	0.00637	0.00467	0.00298	0.00740
5	0.00672	0.00496	0.00636	0.00731	0.00806	0.00460	0.00534	0.00801	0.01081	0.01405	0.05234	0.51775	0.16741	0.01525	0.00665	0.00209	0.00327	0.14978	0.00485	0.00438
6	0.01326	0.01947	0.21941	0.01844	0.02380	0.17001	0.42535	0.01746	0.01246	0.01584	0.00974	0.01234	0.00733	0.00473	0.00555	0.00165	0.00863	0.00500	0.00253	0.00700
7	0.15048	0.15347	0.06862	0.09395	0.06028	0.02629	0.09864	0.06512	0.10449	0.07901	0.01119	0.01252	0.00852	0.00543	0.00517	0.00159	0.04047	0.00432	0.00337	0.00706
8	0.06598	0.01276	0.13694	0.01036	0.01480	0.02847	0.00962	0.09501	0.04244	0.48073	0.03820	0.01608	0.01206	0.00621	0.00509	0.00161	0.00511	0.00492	0.00531	0.00830
9	0.01080	0.00632	0.00818	0.00733	0.00908	0.00588	0.00560	0.04419	0.01450	0.16061	0.51612	0.07034	0.03804	0.05466	0.00711	0.00186	0.00318	0.02490	0.00564	0.00567
10	0.08551	0.16223	0.07926	0.08868	0.07190	0.10285	0.08462	0.07485	0.12316	0.04330	0.01105	0.01239	0.00855	0.00540	0.00500	0.00155	0.02508	0.00429	0.00325	0.00710
11	0.07965	0.12083	0.10098	0.06489	0.18265	0.01290	0.04296	0.08241	0.11376	0.07010	0.04848	0.01519	0.03158	0.00578	0.00488	0.00157	0.00556	0.00483	0.00358	0.00740
12	0.00887	0.00718	0.04342	0.00910	0.01065	0.00659	0.00772	0.01246	0.09578	0.03419	0.06341	0.21752	0.02836	0.01293	0.00654	0.00213	0.00425	0.39030	0.03332	0.00528
13	0.05447	0.00565	0.00720	0.00774	0.00890	0.00547	0.00608	0.00985	0.01196	0.03080	0.21020	0.26282	0.08623	0.01327	0.00646	0.00203	0.00353	0.25761	0.00498	0.00476
14	0.01336	0.53959	0.18236	0.01061	0.01560	0.01729	0.03829	0.01652	0.03804	0.04889	0.03082	0.01078	0.00852	0.00491	0.00401	0.00131	0.00593	0.00353	0.00263	0.00701
15	0.06654	0.03227	0.17909	0.17839	0.14659	0.05625	0.03106	0.14540	0.06340	0.03620	0.01074	0.01262	0.00805	0.00534	0.00498	0.00161	0.00650	0.00439	0.00320	0.00740
16	0.00645	0.00486	0.00591	0.00654	0.00736	0.00439	0.00453	0.00763	0.01098	0.01428	0.12240	0.47409	0.25206	0.04435	0.00718	0.00206	0.00292	0.01281	0.00488	0.00432
17	0.01328	0.53639	0.24966	0.01084	0.01623	0.01783	0.01200	0.06409	0.01159	0.01481	0.00819	0.00939	0.00680	0.00471	0.00393	0.00130	0.00620	0.00322	0.00241	0.00712
18	0.01137	0.01120	0.01685	0.45836	0.21793	0.06917	0.03898	0.01498	0.03911	0.01500	0.04944	0.01480	0.00977	0.00540	0.00524	0.00166	0.00666	0.00488	0.00270	0.00650
19	0.05261	0.03395	0.01576	0.08389	0.19402	0.06899	0.07502	0.09151	0.08296	0.07389	0.02927	0.09324	0.01289	0.05145	0.00643	0.00183	0.00576	0.00593	0.00370	0.01691
20	0.00929	0.00767	0.01032	0.06044	0.07347	0.00860	0.00770	0.01289	0.13326	0.01511	0.10438	0.06825	0.09219	0.08022	0.13233	0.06026	0.09378	0.02067	0.00376	0.00541
21	0.00761	0.00519	0.00641	0.00691	0.00788	0.00475	0.00496	0.00878	0.01080	0.05644	0.05027	0.39058	0.22481	0.10123	0.00864	0.00233	0.00339	0.08978	0.00476	0.00449
22	0.00991	0.00927	0.01560	0.74402	0.06636	0.01141	0.01431	0.01333	0.01053	0.01354	0.00993	0.01543	0.00781	0.00551	0.00527	0.00175	0.00683	0.03094	0.00241	0.00585
23	0.07047	0.08549	0.03122	0.01224	0.14347	0.00975	0.00854	0.02465	0.01142	0.09608	0.01022	0.01150	0.00809	0.00443	0.00417	0.00111	0.00459	0.00356	0.00328	0.45573
24	0.00720	0.00523	0.00684	0.00752	0.00842	0.00495	0.00574	0.00889	0.01168	0.01554	0.19306	0.31414	0.10918	0.04983	0.00753	0.00219	0.00347	0.22912	0.00494	0.00451
25	0.09099	0.01211	0.02289	0.10614	0.02363	0.01189	0.44936	0.04255	0.01252	0.12366	0.01225	0.01584	0.00923	0.00529	0.00566	0.00174	0.00727	0.03665	0.00335	0.00698
26	0.01167	0.01108	0.01882	0.37532	0.41294	0.01212	0.03594	0.03155	0.01151	0.01570	0.00964	0.01336	0.00767	0.00492	0.00521	0.00164	0.00658	0.00468	0.00252	0.00713
27	0.03318	0.14135	0.05213	0.06966	0.23294	0.07878	0.08777	0.07931	0.07801	0.08080	0.01129	0.01281	0.00871	0.00519	0.00491	0.00153	0.00632	0.00448	0.00328	0.00755
28	0.28305	0.01040	0.01101	0.00903	0.01248	0.01101	0.00743	0.20964	0.04066	0.24184	0.04268	0.01627	0.01182	0.00642	0.00467	0.00163	0.00451	0.03932	0.02874	0.00737
29	0.00807	0.00612	0.00853	0.00825	0.00904	0.00709	0.00624	0.02955	0.00891	0.01269	0.04854	0.02303	0.01523	0.18283	0.53776	0.00682	0.06770	0.00604	0.00302	0.00456
30	0.00910	0.00806	0.09142	0.03030	0.01083	0.00623	0.00708	0.03652	0.02188	0.08328	0.17676	0.40795	0.06566	0.01219	0.00611	0.00188	0.00373	0.01080	0.00482	0.00540
31	0.01108	0.02188	0.00648	0.00623	0.03293	0.00567	0.00451	0.01348	0.01129	0.08585	0.01686	0.01883	0.01300	0.00602	0.00382	0.00126	0.00279	0.00484	0.72783	0.00535
32	0.01590	0.00891	0.01103	0.00950	0.01240	0.00882	0.00786	0.17560	0.05036	0.28417	0.10512	0.03063	0.05634	0.00916	0.00586	0.00181	0.00448	0.18926	0.00557	0.00719
33	0.01772	0.00795	0.01051	0.00853	0.01158	0.00717	0.00685	0.06106	0.01516	0.48679	0.24325	0.05956	0.02425	0.00811	0.00556	0.00164	0.00386	0.00686	0.00610	0.00750
34	0.01442	0.11490	0.07878	0.02322	0.44720	0.04831	0.03153	0.12013	0.01362	0.04449	0.01012	0.01216	0.00809	0.00495	0.00493	0.00150	0.00630	0.00435	0.00301	0.00799
35	0.00967	0.00501	0.00531	0.00519	0.00647	0.00492	0.00391	0.01209	0.01155	0.03619	0.12561	0.02214	0.01842	0.00673	0.00403	0.00128	0.00247	0.00551	0.70856	0.00495
36	0.00850	0.00643	0.00709	0.00699	0.00754	0.04944	0.00476	0.00943	0.00893	0.01239	0.04412	0.07042	0.01789	0.40911	0.18909	0.00476	0.03392	0.00696	0.09817	0.00404
37	0.01426	0.56304	0.15005	0.01048	0.01530	0.08114	0.01077	0.07544	0.01208	0.01461	0.00806	0.00920	0.00684	0.00475	0.00386	0.00126	0.00624	0.00315	0.00249	0.00697
38	0.03580	0.09471	0.01710	0.01656	0.19516	0.27844	0.01100	0.14945	0.02514	0.03909	0.01033	0.03952	0.00870	0.00590	0.00551	0.00151	0.05130	0.00438	0.00326	0.00713

[dist]
# distance from previous block
# <min> <max>
1	6

[block]
# block no. 1 follows, 47 sequences, length 23
# corresponding to MSA columns:
# 56-78
name=unknown_B
#
# <colnr> <probs for GDERKNQSTAVLIFYWHMCP>
#	G	D	E	R	K	N	Q	S	T	A	V	L	I	F	Y	W	H	M	C	P
0	0.05206	0.01291	0.01385	0.03896	0.01553	0.02866	0.00901	0.44264	0.14479	0.05157	0.01332	0.01339	0.00974	0.00594	0.00494	0.00149	0.00520	0.00457	0.00473	0.12667
1	0.01818	0.01217	0.01420	0.07546	0.04363	0.04512	0.00964	0.32578	0.05709	0.22436	0.01461	0.01556	0.01055	0.00642	0.00566	0.00161	0.03669	0.02848	0.00487	0.04993
2	0.01267	0.14350	0.48068	0.01422	0.02058	0.05099	0.09318	0.06637	0.01228	0.04468	0.00970	0.01118	0.00713	0.00498	0.00485	0.00156	0.00732	0.00401	0.00262	0.00751
3	0.05452	0.04968	0.01924	0.04483	0.01872	0.01165	0.28749	0.08402	0.09811	0.15596	0.08787	0.01750	0.01380	0.02562	0.00599	0.00174	0.00607	0.00580	0.00414	0.00722
4	0.00698	0.00522	0.00644	0.00703	0.00779	0.00502	0.00486	0.00894	0.05888	0.01441	0.10633	0.48577	0.13834	0.07991	0.03660	0.00246	0.00354	0.01224	0.00475	0.00451
5	0.01437	0.07975	0.14934	0.01567	0.02045	0.07280	0.30773	0.05383	0.03073	0.12530	0.04155	0.01418	0.01000	0.00541	0.00581	0.00164	0.03566	0.00515	0.00336	0.00728
6	0.01670	0.05040	0.05527	0.01379	0.01760	0.14316	0.20190	0.05551	0.01369	0.24111	0.05835	0.01511	0.01144	0.00605	0.00635	0.00164	0.07553	0.00514	0.00399	0.00726
7	0.01155	0.00540	0.00583	0.00545	0.00704	0.00523	0.00418	0.01392	0.01146	0.12322	0.01747	0.01919	0.01329	0.00612	0.00386	0.00127	0.00270	0.00491	0.73253	0.00540
8	0.00915	0.00697	0.00957	0.00836	0.01028	0.00672	0.06216	0.05545	0.05745	0.04108	0.51205	0.03591	0.10424	0.01004	0.00607	0.00170	0.00341	0.04852	0.00534	0.00554
9	0.05164	0.05186	0.24078	0.13318	0.06616	0.03391	0.31572	0.01610	0.01146	0.01617	0.00961	0.01246	0.00722	0.00473	0.00532	0.00167	0.00772	0.00482	0.00247	0.00699
10	0.01291	0.01346	0.04969	0.41513	0.08658	0.13901	0.09637	0.03439	0.03638	0.05152	0.01024	0.01330	0.00771	0.00523	0.00522	0.00165	0.00728	0.00463	0.00279	0.00653
11	0.01195	0.00551	0.00604	0.00558	0.00725	0.00531	0.00430	0.01431	0.01158	0.14569	0.01757	0.01914	0.01327	0.00613	0.00390	0.00128	0.00276	0.00492	0.70800	0.00551
12	0.14378	0.01417	0.06653	0.01827	0.02325	0.01316	0.53535	0.08787	0.01285	0.01925	0.01015	0.01287	0.00757	0.00467	0.00554	0.00171	0.00769	0.00537	0.00295	0.00702
13	0.10978	0.00802	0.02122	0.06075	0.01281	0.00808	0.04565	0.01419	0.08442	0.09704	0.11104	0.09621	0.10992	0.02122	0.00635	0.00193	0.02339	0.15766	0.00455	0.00578
14	0.05084	0.00932	0.01111	0.00946	0.07055	0.00764	0.00683	0.03700	0.01143	0.01775	0.04018	0.01432	0.05624	0.00485	0.00419	0.00099	0.00398	0.00395	0.00332	0.63603
15	0.01096	0.01152	0.10170	0.01062	0.01323	0.05544	0.02746	0.08564	0.14672	0.01749	0.04525	0.10447	0.04727	0.01375	0.12458	0.00283	0.04840	0.11078	0.00403	0.01786
16	0.02801	0.01513	0.08832	0.02001	0.06281	0.05978	0.54371	0.01761	0.01248	0.08321	0.01106	0.01368	0.00813	0.00469	0.00578	0.00170	0.00814	0.00558	0.00294	0.00722
17	0.02375	0.01401	0.10092	0.11277	0.05127	0.03880	0.40933	0.01655	0.07533	0.01661	0.03615	0.05712	0.01096	0.00564	0.00574	0.00174	0.00742	0.00608	0.00300	0.00682
18	0.01337	0.00730	0.00893	0.00777	0.01022	0.00682	0.00607	0.05800	0.06822	0.26907	0.17302	0.11497	0.18877	0.00980	0.00571	0.00170	0.00350	0.00832	0.03197	0.00647
19	0.12224	0.01786	0.04959	0.01396	0.01762	0.31749	0.16643	0.11141	0.01429	0.07334	0.00992	0.01137	0.00753	0.00542	0.00543	0.00156	0.04022	0.00424	0.00329	0.00680
20	0.04443	0.01552	0.03643	0.01660	0.06112	0.18077	0.30110	0.10120	0.01447	0.15900	0.01188	0.01324	0.00858	0.00522	0.00539	0.00160	0.00746	0.00498	0.00363	0.00738
21	0.00776	0.00531	0.00683	0.00691	0.00791	0.00509	0.00499	0.00927	0.01129	0.04975	0.23981	0.21562	0.12882	0.12709	0.12265	0.00322	0.00478	0.03366	0.00463	0.00458
22	0.00813	0.00583	0.00731	0.00737	0.00874	0.00557	0.00567	0.01100	0.06776	0.04391	0.33381	0.17629	0.15050	0.01224	0.00632	0.00187	0.00316	0.13417	0.00528	0.00507

[dist]
# distance from previous block
# <min> <max>
0	40

[block]
# block no. 2 follows, 47 sequences, length 28
# corresponding to MSA columns:
# 119-146
name=unknown_C
#
# <colnr> <probs for GDERKNQSTAVLIFYWHMCP>
#	G	D	E	R	K	N	Q	S	T	A	V	L	I	F	Y	W	H	M	C	P
0	0.01403	0.01536	0.06390	0.01923	0.02426	0.05564	0.54320	0.16147	0.01471	0.01957	0.01072	0.01335	0.00796	0.00483	0.00583	0.00169	0.00817	0.00560	0.00311	0.00736
1	0.04007	0.01517	0.06245	0.01692	0.02099	0.15286	0.40808	0.01680	0.01238	0.05754	0.04178	0.04008	0.01045	0.00678	0.03335	0.00192	0.04704	0.00568	0.00303	0.00662
2	0.01045	0.02694	0.79000	0.01484	0.02254	0.01209	0.01924	0.01649	0.01099	0.01649	0.00935	0.01099	0.00660	0.00495	0.00495	0.00165	0.00770	0.00385	0.00220	0.00770
3	0.00734	0.00547	0.00699	0.00763	0.00874	0.00519	0.00597	0.00944	0.03000	0.01577	0.16686	0.25555	0.17689	0.01384	0.00662	0.00205	0.00348	0.26252	0.00499	0.00467
4	0.19278	0.01356	0.03773	0.01488	0.01903	0.08059	0.32144	0.06472	0.01270	0.13695	0.01108	0.01273	0.00806	0.00524	0.00571	0.00168	0.04580	0.00484	0.00348	0.00699
5	0.08136	0.01613	0.11144	0.01625	0.04504	0.10891	0.29057	0.15382	0.04177	0.02975	0.01073	0.01276	0.00810	0.00623	0.03018	0.00185	0.01972	0.00489	0.00325	0.00722
6	0.00747	0.00506	0.00600	0.00623	0.00638	0.00506	0.00383	0.00780	0.00818	0.01092	0.01855	0.13254	0.02133	0.63547	0.05355	0.00465	0.00513	0.05495	0.00345	0.00345
7	0.01229	0.01405	0.03073	0.02195	0.02722	0.01317	0.76558	0.01668	0.01229	0.01668	0.01054	0.01405	0.00790	0.00439	0.00615	0.00176	0.00878	0.00615	0.00263	0.00702
8	0.01754	0.08544	0.05507	0.01383	0.01722	0.53254	0.08772	0.06507	0.03914	0.01480	0.00898	0.01041	0.00725	0.00534	0.00498	0.00142	0.02012	0.00380	0.00285	0.00651
9	0.00983	0.00926	0.01562	0.80447	0.03587	0.01157	0.01446	0.01331	0.01041	0.01331	0.00926	0.01388	0.00694	0.00521	0.00521	0.00174	0.00694	0.00463	0.00231	0.00579
10	0.00662	0.00494	0.00619	0.00694	0.00778	0.00452	0.00499	0.00794	0.01114	0.01453	0.11569	0.47077	0.21494	0.01476	0.00653	0.00201	0.00305	0.08733	0.00493	0.00440
11	0.01375	0.01550	0.02644	0.04666	0.02477	0.13354	0.55740	0.06408	0.01326	0.01687	0.01014	0.01316	0.00772	0.00480	0.00611	0.00169	0.02887	0.00553	0.00278	0.00691
12	0.01050	0.00961	0.01562	0.75188	0.03456	0.01187	0.01416	0.06333	0.01135	0.01460	0.00947	0.01379	0.00707	0.00528	0.00521	0.00172	0.00686	0.00463	0.00251	0.00599
13	0.09455	0.00986	0.05812	0.00812	0.01114	0.04372	0.00695	0.09816	0.01354	0.24735	0.01576	0.01616	0.01128	0.00598	0.00437	0.00144	0.00417	0.00463	0.33793	0.00677
14	0.01571	0.00785	0.01091	0.00956	0.01231	0.00729	0.03133	0.05132	0.01423	0.36852	0.11741	0.03414	0.02296	0.00963	0.00605	0.00189	0.00450	0.26187	0.00561	0.00691
15	0.06651	0.00961	0.04080	0.05787	0.01733	0.00902	0.23220	0.01386	0.01208	0.05718	0.06652	0.03473	0.02009	0.00933	0.00627	0.00201	0.00597	0.32877	0.00397	0.00588
16	0.07504	0.29525	0.16516	0.04338	0.01752	0.05043	0.08163	0.11332	0.03398	0.06425	0.00993	0.01106	0.00763	0.00506	0.00444	0.00145	0.00629	0.00388	0.00308	0.00722
17	0.00971	0.00485	0.00485	0.00485	0.00607	0.00485	0.00364	0.01213	0.01092	0.01942	0.01699	0.01942	0.01335	0.00607	0.00364	0.00121	0.00243	0.00485	0.84589	0.00485
18	0.01385	0.01546	0.09750	0.05435	0.04912	0.06247	0.47000	0.09696	0.01366	0.05819	0.01092	0.01345	0.00803	0.00485	0.00572	0.00168	0.00800	0.00543	0.00305	0.00730
19	0.01442	0.70685	0.06044	0.00949	0.01396	0.07129	0.00942	0.01628	0.01101	0.03607	0.00779	0.00883	0.00687	0.00460	0.00356	0.00117	0.00588	0.00294	0.00238	0.00675
20	0.01214	0.13270	0.20388	0.18870	0.27260	0.01320	0.04642	0.01583	0.01128	0.04186	0.00960	0.01221	0.00749	0.00486	0.00490	0.00156	0.00667	0.00426	0.00252	0.00733
21	0.01732	0.00786	0.01036	0.00846	0.01148	0.00713	0.00679	0.02039	0.06945	0.47876	0.27289	0.02487	0.02512	0.00788	0.00554	0.00163	0.00375	0.00667	0.00613	0.00751
22	0.04565	0.01214	0.02127	0.29845	0.20059	0.03405	0.24997	0.04522	0.01195	0.01637	0.00980	0.01331	0.00756	0.00485	0.00540	0.00168	0.00725	0.00500	0.00264	0.00686
23	0.06989	0.73434	0.02552	0.00890	0.01326	0.01984	0.00873	0.04545	0.01102	0.01381	0.00745	0.00853	0.00670	0.00455	0.00341	0.00116	0.00547	0.00286	0.00241	0.00670
24	0.02844	0.04078	0.01363	0.05127	0.09398	0.02430	0.04771	0.14513	0.04932	0.12494	0.01849	0.13123	0.01734	0.00964	0.02212	0.00197	0.00538	0.16312	0.00446	0.00677
25	0.12986	0.00643	0.00834	0.00809	0.00965	0.00633	0.05936	0.00987	0.01099	0.01619	0.11530	0.30569	0.15953	0.01342	0.04135	0.00221	0.00411	0.08400	0.00445	0.00482
26	0.07201	0.00912	0.01098	0.02760	0.04786	0.00861	0.02086	0.05337	0.11387	0.04259	0.08431	0.04920	0.03840	0.02961	0.03977	0.00172	0.00456	0.00528	0.00391	0.33636
27	0.05569	0.01081	0.01290	0.05677	0.10604	0.04504	0.00878	0.06106	0.14776	0.17392	0.02588	0.01500	0.02096	0.00559	0.00477	0.00140	0.00479	0.00457	0.00422	0.23406

[dist]
# distance from previous block
# <min> <max>
0	14

[block]
# block no. 3 follows, 47 sequences, length 35
# corresponding to MSA columns:
# 161-175,185-204
name=unknown_D
#
# <colnr> <probs for GDERKNQSTAVLIFYWHMCP>
#	G	D	E	R	K	N	Q	S	T	A	V	L	I	F	Y	W	H	M	C	P
0	0.05928	0.14328	0.03506	0.01738	0.15224	0.01258	0.27922	0.01592	0.03849	0.05755	0.05236	0.08841	0.01277	0.00611	0.00530	0.00162	0.00626	0.00603	0.00324	0.00689
1	0.00937	0.01008	0.06811	0.01117	0.01398	0.05148	0.15878	0.01234	0.03270	0.01574	0.07570	0.07726	0.22044	0.01024	0.00616	0.00186	0.00520	0.18363	0.00409	0.03167
2	0.09134	0.09976	0.07849	0.01188	0.05331	0.03664	0.06264	0.11276	0.02456	0.31078	0.01379	0.01358	0.00955	0.00554	0.00480	0.00151	0.00546	0.00444	0.00443	0.05475
3	0.02750	0.04269	0.06168	0.20486	0.29840	0.01264	0.06246	0.09751	0.02105	0.08227	0.01079	0.01324	0.00822	0.00525	0.00547	0.00163	0.02905	0.00466	0.00313	0.00751
4	0.01535	0.00737	0.01031	0.00870	0.01139	0.00655	0.03714	0.01739	0.01375	0.39988	0.18245	0.13015	0.07592	0.00943	0.00582	0.00174	0.00391	0.05019	0.00573	0.00683
5	0.01163	0.01718	0.25428	0.01842	0.02401	0.01230	0.45224	0.03938	0.01226	0.01703	0.01177	0.01709	0.00952	0.00551	0.00585	0.00178	0.00801	0.07191	0.00278	0.00708
6	0.06077	0.09562	0.06468	0.02081	0.35034	0.04129	0.08707	0.03105	0.05050	0.13102	0.01158	0.01309	0.00884	0.00507	0.00495	0.00155	0.00610	0.00456	0.00332	0.00781
7	0.06006	0.16475	0.07753	0.01081	0.01448	0.02609	0.07019	0.08099	0.05013	0.18404	0.01609	0.02077	0.03757	0.03974	0.00630	0.00179	0.02968	0.09791	0.00408	0.00697
8	0.00882	0.00666	0.00800	0.00854	0.00967	0.04671	0.00682	0.01060	0.01132	0.03915	0.07197	0.14386	0.06903	0.09626	0.08943	0.00307	0.00549	0.35546	0.00443	0.00472
9	0.01093	0.22401	0.29169	0.01091	0.01554	0.01219	0.03742	0.01484	0.05357	0.04308	0.01775	0.13004	0.10221	0.00756	0.00499	0.00160	0.00561	0.00621	0.00323	0.00660
10	0.05014	0.01296	0.04205	0.04309	0.26311	0.05572	0.04405	0.15414	0.08713	0.16397	0.01375	0.01449	0.02019	0.00568	0.00514	0.00159	0.00581	0.00486	0.00408	0.00804
11	0.00971	0.00485	0.00485	0.00485	0.00607	0.00485	0.00364	0.01213	0.01092	0.01942	0.01699	0.01942	0.01335	0.00607	0.00364	0.00121	0.00243	0.00485	0.84589	0.00485
12	0.09904	0.00636	0.00749	0.00727	0.00888	0.00627	0.00563	0.01186	0.05223	0.06527	0.33326	0.10414	0.10724	0.05060	0.00693	0.00197	0.00335	0.11197	0.00506	0.00519
13	0.21398	0.06998	0.03249	0.02108	0.05719	0.11066	0.03670	0.24904	0.04427	0.07278	0.03694	0.01243	0.00943	0.00568	0.00461	0.00154	0.00571	0.00422	0.00398	0.00728
14	0.26361	0.04131	0.04495	0.11007	0.22125	0.02700	0.08027	0.04293	0.02061	0.02719	0.05217	0.01303	0.00955	0.00528	0.00487	0.00161	0.02008	0.00440	0.00306	0.00674
15	0.01073	0.00638	0.00778	0.00696	0.00882	0.00627	0.03674	0.01436	0.09012	0.09300	0.16280	0.03609	0.07370	0.00763	0.00475	0.00146	0.00309	0.00647	0.41721	0.00565
16	0.00890	0.00563	0.00724	0.00680	0.00825	0.00512	0.00510	0.01096	0.01370	0.10159	0.51394	0.10869	0.11518	0.04362	0.00693	0.00184	0.00289	0.02297	0.00552	0.00515
17	0.02461	0.47496	0.02308	0.01377	0.14263	0.10504	0.03356	0.01747	0.06221	0.04536	0.00932	0.01052	0.00783	0.00484	0.00409	0.00130	0.00604	0.00357	0.00274	0.00706
18	0.08905	0.03981	0.09533	0.04385	0.22576	0.07095	0.02128	0.12712	0.14322	0.05424	0.01255	0.01437	0.00977	0.00572	0.00497	0.00161	0.00590	0.02316	0.00365	0.00768
19	0.03849	0.01170	0.01656	0.01378	0.01468	0.03964	0.09036	0.04051	0.00920	0.01382	0.00764	0.01187	0.00713	0.00888	0.01489	0.06089	0.58713	0.00463	0.00246	0.00572
20	0.00771	0.00584	0.00698	0.06254	0.00983	0.00542	0.00538	0.02941	0.01223	0.04653	0.13174	0.18468	0.43158	0.01246	0.00614	0.00181	0.00319	0.02686	0.00484	0.00484
21	0.13410	0.08625	0.01788	0.03780	0.34725	0.01273	0.03800	0.10615	0.01314	0.11513	0.01085	0.01239	0.00832	0.00505	0.00472	0.00151	0.00558	0.00429	0.00344	0.03538
22	0.03871	0.00606	0.00832	0.03522	0.03819	0.00599	0.03022	0.03333	0.01096	0.01511	0.02594	0.50644	0.06015	0.01363	0.00631	0.00203	0.00380	0.12075	0.03401	0.00483
23	0.00647	0.00466	0.00614	0.00709	0.00757	0.00433	0.00481	0.00760	0.01067	0.01433	0.12991	0.68360	0.06260	0.01545	0.00656	0.00204	0.00293	0.01395	0.00495	0.00433
24	0.04112	0.01204	0.01364	0.03768	0.17568	0.10750	0.00906	0.03655	0.01184	0.01701	0.00924	0.01112	0.00764	0.00435	0.00429	0.00109	0.00519	0.00353	0.00297	0.48844
25	0.01515	0.04410	0.04264	0.01246	0.07131	0.14247	0.03483	0.07139	0.21422	0.10536	0.01370	0.01391	0.01033	0.00555	0.00482	0.00141	0.00559	0.00445	0.00401	0.18232
26	0.00705	0.00530	0.00666	0.00726	0.00838	0.00490	0.00563	0.00876	0.01186	0.01540	0.15563	0.25195	0.24880	0.01395	0.00659	0.00202	0.00334	0.22700	0.00497	0.00455
27	0.09830	0.04534	0.14586	0.10599	0.25865	0.04234	0.10434	0.09534	0.01265	0.01840	0.00958	0.01202	0.00746	0.00499	0.00513	0.00160	0.01743	0.00439	0.00282	0.00737
28	0.01463	0.09340	0.08719	0.02013	0.32577	0.04437	0.07687	0.04673	0.01260	0.14819	0.01201	0.02799	0.00941	0.00716	0.04911	0.00192	0.00667	0.00480	0.00333	0.00770
29	0.01072	0.01048	0.01620	0.67257	0.11991	0.05533	0.01439	0.01403	0.01082	0.01370	0.00925	0.01352	0.00708	0.00515	0.00517	0.00169	0.00699	0.00456	0.00236	0.00608
30	0.00671	0.00537	0.00591	0.00594	0.00742	0.00473	0.00437	0.02481	0.01226	0.01542	0.16806	0.16351	0.51620	0.02748	0.00657	0.00185	0.00278	0.01111	0.00496	0.00453
31	0.01148	0.02076	0.48029	0.04374	0.05937	0.06275	0.01522	0.03673	0.05645	0.04206	0.03558	0.08859	0.01143	0.00642	0.00519	0.00167	0.00673	0.00528	0.00301	0.00723
32	0.10022	0.07862	0.07875	0.01501	0.05774	0.01314	0.24113	0.16440	0.03215	0.15009	0.01213	0.01318	0.00871	0.00527	0.00513	0.00161	0.00640	0.00485	0.00383	0.00767
33	0.07365	0.01171	0.06370	0.06774	0.05965	0.03780	0.10973	0.06606	0.08660	0.25061	0.08704	0.03496	0.01437	0.00641	0.00530	0.00165	0.00547	0.00560	0.00453	0.00744
34	0.00897	0.02386	0.00750	0.00696	0.00844	0.00555	0.00527	0.01095	0.02562	0.09433	0.27860	0.17663	0.17777	0.05267	0.00710	0.00195	0.00320	0.06677	0.03277	0.00509

[dist]
# distance from previous block
# <min> <max>
0	36

# created by:
# /home/berkeley/.conda/envs/busco_data_prod/bin/msa2prfl.pl pipeline/OGs_align_augustus/33634/120052.fs
