[name]
unknown

[dist]
# distance from previous block
# <min> <max>
0	184

[block]
# block no. 0 follows, 44 sequences, length 20
# corresponding to MSA columns:
# 192-211
name=unknown_A
#
# <colnr> <probs for GDERKNQSTAVLIFYWHMCP>
#	G	D	E	R	K	N	Q	S	T	A	V	L	I	F	Y	W	H	M	C	P
0	0.05786	0.42518	0.14089	0.05779	0.01724	0.12077	0.01149	0.05209	0.01220	0.01529	0.00841	0.01001	0.00706	0.00523	0.00474	0.00142	0.03925	0.00346	0.00260	0.00702
1	0.00872	0.00544	0.00635	0.00619	0.00756	0.00507	0.00461	0.01098	0.01329	0.03947	0.33983	0.08844	0.14175	0.01021	0.00556	0.00162	0.00268	0.00876	0.28837	0.00510
2	0.00910	0.00570	0.00745	0.00733	0.00865	0.00519	0.00537	0.01103	0.01364	0.10078	0.40569	0.28865	0.08490	0.01277	0.00650	0.00188	0.00300	0.01132	0.00572	0.00533
3	0.00763	0.00557	0.00717	0.00677	0.00809	0.00511	0.00508	0.01012	0.01523	0.02138	0.72269	0.04152	0.10058	0.01133	0.00643	0.00172	0.00258	0.00997	0.00594	0.00511
4	0.00710	0.00525	0.00664	0.00693	0.00793	0.00478	0.00496	0.00887	0.01304	0.01769	0.37459	0.33707	0.15734	0.01385	0.00664	0.00193	0.00283	0.01229	0.00549	0.00478
5	0.84691	0.01054	0.00801	0.00717	0.01054	0.01223	0.00590	0.01603	0.00928	0.02446	0.00759	0.00886	0.00590	0.00506	0.00337	0.00169	0.00422	0.00295	0.00337	0.00590
6	0.61710	0.01186	0.01034	0.00866	0.01231	0.01353	0.00714	0.22192	0.01383	0.02721	0.00912	0.01003	0.00684	0.00547	0.00395	0.00167	0.00471	0.00350	0.00395	0.00684
7	0.84691	0.01054	0.00801	0.00717	0.01054	0.01223	0.00590	0.01603	0.00928	0.02446	0.00759	0.00886	0.00590	0.00506	0.00337	0.00169	0.00422	0.00295	0.00337	0.00590
8	0.00662	0.00547	0.00581	0.00586	0.00751	0.00466	0.00434	0.00812	0.01265	0.01557	0.14427	0.11190	0.62093	0.01373	0.00648	0.00186	0.00277	0.01162	0.00518	0.00466
9	0.02039	0.01469	0.01586	0.01228	0.01654	0.01618	0.01011	0.66328	0.08007	0.07309	0.01421	0.01392	0.01004	0.00662	0.00546	0.00165	0.00580	0.00503	0.00553	0.00922
10	0.84691	0.01054	0.00801	0.00717	0.01054	0.01223	0.00590	0.01603	0.00928	0.02446	0.00759	0.00886	0.00590	0.00506	0.00337	0.00169	0.00422	0.00295	0.00337	0.00590
11	0.01309	0.00945	0.01073	0.00967	0.01184	0.01002	0.00736	0.34123	0.01725	0.02333	0.02190	0.41401	0.02305	0.01187	0.00613	0.00191	0.00440	0.01027	0.04587	0.00662
12	0.01572	0.01225	0.01297	0.01095	0.01429	0.01382	0.00872	0.28391	0.42203	0.02661	0.01850	0.01778	0.01375	0.00698	0.00533	0.00171	0.00472	0.00560	0.09589	0.00847
13	0.01032	0.00594	0.00776	0.00799	0.00917	0.00555	0.00565	0.01211	0.04337	0.15424	0.06265	0.54591	0.03088	0.06143	0.00784	0.00226	0.00358	0.01255	0.00533	0.00546
14	0.08777	0.00872	0.01133	0.00899	0.01262	0.00784	0.00733	0.02284	0.01506	0.58353	0.15318	0.02170	0.01960	0.00739	0.00548	0.00169	0.00424	0.00605	0.00634	0.00827
15	0.00982	0.00842	0.01157	0.01048	0.01070	0.01083	0.00813	0.01066	0.00826	0.01214	0.01155	0.02048	0.01202	0.22422	0.19196	0.05432	0.37106	0.00583	0.00274	0.00482
16	0.01391	0.01234	0.01294	0.02911	0.01385	0.19267	0.06930	0.01632	0.05167	0.11270	0.01421	0.01985	0.01253	0.16766	0.19887	0.00407	0.04282	0.00564	0.00356	0.00596
17	0.05079	0.00522	0.00659	0.00757	0.00822	0.00496	0.00517	0.00867	0.01062	0.03984	0.02950	0.71063	0.06004	0.01600	0.00671	0.00216	0.00325	0.01437	0.00503	0.00467
18	0.01375	0.13703	0.01911	0.30186	0.06512	0.07039	0.05644	0.07153	0.01237	0.05509	0.00988	0.01302	0.00784	0.00627	0.00726	0.01914	0.11964	0.00457	0.00292	0.00676
19	0.01355	0.01217	0.02018	0.17156	0.32848	0.03030	0.12837	0.04886	0.01291	0.06972	0.03207	0.01505	0.00995	0.00667	0.03368	0.00194	0.02140	0.00523	0.00317	0.03473

[dist]
# distance from previous block
# <min> <max>
1	31

[block]
# block no. 1 follows, 44 sequences, length 19
# corresponding to MSA columns:
# 243-261
name=unknown_B
#
# <colnr> <probs for GDERKNQSTAVLIFYWHMCP>
#	G	D	E	R	K	N	Q	S	T	A	V	L	I	F	Y	W	H	M	C	P
0	0.01108	0.00788	0.00966	0.00898	0.03223	0.00777	0.00661	0.01649	0.19049	0.09113	0.38696	0.05945	0.03323	0.03434	0.00659	0.00179	0.00352	0.00803	0.00551	0.07827
1	0.01437	0.17121	0.01996	0.30633	0.05270	0.13663	0.07077	0.06909	0.01295	0.04250	0.00974	0.01254	0.00766	0.00556	0.00568	0.00163	0.04661	0.00440	0.00287	0.00682
2	0.00754	0.00574	0.00626	0.00619	0.00784	0.00519	0.00469	0.00991	0.04271	0.01734	0.20632	0.06133	0.44932	0.01219	0.00614	0.00178	0.00285	0.03654	0.10518	0.00495
3	0.00943	0.00902	0.04123	0.20544	0.01834	0.00969	0.05147	0.01226	0.03773	0.01548	0.09435	0.22700	0.05347	0.01038	0.00812	0.00201	0.13772	0.02607	0.02514	0.00565
4	0.00696	0.00505	0.00657	0.00723	0.00795	0.00466	0.00503	0.00844	0.01211	0.01643	0.26160	0.52066	0.08699	0.01503	0.00676	0.00204	0.00295	0.01350	0.00535	0.00466
5	0.01072	0.00679	0.00829	0.00795	0.00965	0.00661	0.00588	0.01452	0.12910	0.12953	0.20886	0.26382	0.09641	0.04336	0.00708	0.00202	0.00345	0.01027	0.02974	0.00595
6	0.01142	0.13346	0.67918	0.01470	0.02231	0.01386	0.01869	0.01714	0.01145	0.01667	0.00949	0.01114	0.00692	0.00511	0.00495	0.00165	0.00776	0.00388	0.00231	0.00791
7	0.02313	0.01011	0.01408	0.01189	0.06671	0.00916	0.02828	0.07924	0.01605	0.65150	0.01984	0.01771	0.01272	0.00655	0.00550	0.00168	0.00498	0.00542	0.00627	0.00918
8	0.04421	0.05964	0.01647	0.26150	0.06761	0.15373	0.01177	0.18190	0.01565	0.11888	0.01161	0.01331	0.00850	0.00580	0.00518	0.00163	0.00688	0.00453	0.00377	0.00744
9	0.03510	0.21112	0.03702	0.01075	0.01513	0.07329	0.00932	0.25080	0.05487	0.10762	0.01207	0.01235	0.00908	0.00563	0.00467	0.00140	0.00572	0.00412	0.00417	0.13576
10	0.00940	0.00862	0.04669	0.21478	0.05324	0.00864	0.03313	0.01218	0.01182	0.03279	0.19568	0.02663	0.07964	0.03528	0.16408	0.00330	0.02924	0.02537	0.00378	0.00571
11	0.01158	0.00762	0.00926	0.00854	0.01054	0.00753	0.00644	0.08810	0.10556	0.11616	0.22968	0.27700	0.04957	0.01141	0.00620	0.00185	0.00363	0.00999	0.00557	0.03374
12	0.84691	0.01054	0.00801	0.00717	0.01054	0.01223	0.00590	0.01603	0.00928	0.02446	0.00759	0.00886	0.00590	0.00506	0.00337	0.00169	0.00422	0.00295	0.00337	0.00590
13	0.84691	0.01054	0.00801	0.00717	0.01054	0.01223	0.00590	0.01603	0.00928	0.02446	0.00759	0.00886	0.00590	0.00506	0.00337	0.00169	0.00422	0.00295	0.00337	0.00590
14	0.01393	0.01387	0.01063	0.01013	0.01136	0.34086	0.00725	0.01345	0.01095	0.01149	0.01064	0.07571	0.01051	0.01307	0.01313	0.41417	0.00680	0.00506	0.00277	0.00423
15	0.00741	0.00548	0.00683	0.00665	0.00789	0.00499	0.00488	0.00951	0.01412	0.01939	0.54629	0.10961	0.17457	0.04909	0.00747	0.00195	0.00278	0.01055	0.00563	0.00490
16	0.07626	0.00981	0.01467	0.10778	0.20442	0.01058	0.06583	0.01309	0.01126	0.01626	0.02186	0.02433	0.20660	0.03640	0.00805	0.00194	0.11589	0.00665	0.04207	0.00625
17	0.01745	0.01364	0.01452	0.01188	0.01566	0.01538	0.00957	0.42398	0.36320	0.02908	0.01725	0.01640	0.01264	0.00693	0.00550	0.00173	0.00523	0.00548	0.00550	0.00898
18	0.01631	0.03114	0.08745	0.05935	0.21849	0.03827	0.01256	0.03988	0.05158	0.23386	0.02992	0.01527	0.01083	0.00648	0.00721	0.00177	0.12249	0.00503	0.00404	0.00806

[dist]
# distance from previous block
# <min> <max>
1	6

[block]
# block no. 2 follows, 44 sequences, length 15
# corresponding to MSA columns:
# 268-282
name=unknown_C
#
# <colnr> <probs for GDERKNQSTAVLIFYWHMCP>
#	G	D	E	R	K	N	Q	S	T	A	V	L	I	F	Y	W	H	M	C	P
0	0.08979	0.35715	0.12054	0.01113	0.02888	0.05895	0.01059	0.12254	0.01352	0.05958	0.00963	0.01064	0.00767	0.00526	0.00452	0.00140	0.02167	0.00361	0.00320	0.05972
1	0.50955	0.15500	0.04927	0.02745	0.07503	0.01384	0.00839	0.01654	0.03820	0.02095	0.00858	0.00998	0.00688	0.00503	0.00380	0.00157	0.00493	0.00332	0.00314	0.03854
2	0.00843	0.00595	0.00691	0.00679	0.00721	0.00625	0.00426	0.01010	0.07763	0.01197	0.01730	0.03237	0.01870	0.63253	0.12678	0.00543	0.00644	0.00749	0.00346	0.00400
3	0.00716	0.00540	0.00667	0.00730	0.00820	0.00508	0.00511	0.00926	0.05364	0.01583	0.15254	0.50461	0.16896	0.01501	0.00670	0.00205	0.00306	0.01336	0.00524	0.00481
4	0.00840	0.00506	0.00662	0.00674	0.00684	0.00510	0.00426	0.00770	0.00790	0.01059	0.01519	0.09801	0.01686	0.37598	0.07554	0.33022	0.00552	0.00724	0.00307	0.00315
5	0.01113	0.07082	0.73927	0.01520	0.02307	0.01315	0.01955	0.01721	0.01149	0.01702	0.00966	0.01136	0.00691	0.00515	0.00509	0.00170	0.00794	0.00397	0.00230	0.00800
6	0.02895	0.03607	0.42492	0.08862	0.14808	0.01176	0.01622	0.01660	0.01189	0.06286	0.04064	0.01524	0.02832	0.02309	0.00573	0.00177	0.00688	0.00479	0.01997	0.00762
7	0.84691	0.01054	0.00801	0.00717	0.01054	0.01223	0.00590	0.01603	0.00928	0.02446	0.00759	0.00886	0.00590	0.00506	0.00337	0.00169	0.00422	0.00295	0.00337	0.00590
8	0.01119	0.00923	0.01069	0.00778	0.01227	0.00705	0.00620	0.01363	0.01132	0.01802	0.01049	0.01220	0.00866	0.00427	0.00402	0.00085	0.00389	0.00341	0.08593	0.75891
9	0.01505	0.01735	0.01597	0.36608	0.02594	0.36679	0.01274	0.01744	0.01275	0.01359	0.00888	0.01214	0.00715	0.00590	0.00635	0.00168	0.08121	0.00423	0.00260	0.00617
10	0.39273	0.01302	0.01246	0.01007	0.01395	0.01469	0.00829	0.39789	0.04348	0.02950	0.01092	0.01143	0.00801	0.00591	0.00452	0.00167	0.00514	0.00407	0.00452	0.00773
11	0.00780	0.00525	0.00609	0.00621	0.00628	0.00526	0.00360	0.00796	0.00821	0.01098	0.01836	0.11131	0.02120	0.70235	0.05310	0.00511	0.00541	0.00860	0.00346	0.00347
12	0.01419	0.01071	0.01901	0.43888	0.02999	0.01153	0.17847	0.01768	0.01244	0.19380	0.01276	0.01552	0.00895	0.00556	0.00568	0.00179	0.00708	0.00535	0.00351	0.00710
13	0.09455	0.01025	0.01122	0.00869	0.01298	0.00923	0.00691	0.01753	0.18761	0.01961	0.01241	0.01318	0.00987	0.00493	0.00433	0.00114	0.00412	0.00389	0.00379	0.56377
14	0.09822	0.01353	0.01767	0.01373	0.01771	0.04043	0.18354	0.28975	0.14807	0.02554	0.08324	0.01674	0.01379	0.00648	0.00557	0.00172	0.00609	0.00570	0.00459	0.00790

[dist]
# distance from previous block
# <min> <max>
0	6

[block]
# block no. 3 follows, 44 sequences, length 19
# corresponding to MSA columns:
# 289-307
name=unknown_D
#
# <colnr> <probs for GDERKNQSTAVLIFYWHMCP>
#	G	D	E	R	K	N	Q	S	T	A	V	L	I	F	Y	W	H	M	C	P
0	0.01776	0.00935	0.01240	0.01043	0.05757	0.00794	0.00787	0.02003	0.01332	0.40031	0.01609	0.01594	0.01131	0.00858	0.07134	0.00197	0.00538	0.00468	0.00494	0.30278
1	0.01424	0.01694	0.30385	0.01198	0.01715	0.01103	0.01254	0.12756	0.05908	0.14359	0.07476	0.01659	0.01316	0.00917	0.07141	0.00223	0.00674	0.00508	0.00411	0.07879
2	0.00758	0.00566	0.00682	0.00722	0.00863	0.00520	0.00572	0.00953	0.01276	0.01670	0.16917	0.11507	0.32375	0.01355	0.00665	0.00201	0.00340	0.22190	0.05384	0.00483
3	0.00829	0.00579	0.00753	0.00801	0.00913	0.00550	0.00611	0.03099	0.01288	0.03866	0.21147	0.34110	0.09669	0.01431	0.00684	0.00210	0.00354	0.18069	0.00534	0.00503
4	0.01216	0.01132	0.01876	0.52784	0.03204	0.01328	0.12600	0.11279	0.01300	0.01712	0.01019	0.01421	0.00768	0.00571	0.00635	0.00183	0.05508	0.00509	0.00287	0.00667
5	0.00997	0.00706	0.00826	0.00826	0.00982	0.00715	0.00598	0.01473	0.20397	0.08104	0.03028	0.38004	0.13737	0.06026	0.00763	0.00220	0.00365	0.01122	0.00522	0.00587
6	0.01270	0.00752	0.00927	0.00832	0.01058	0.00730	0.00655	0.04598	0.10759	0.18568	0.30197	0.06649	0.08051	0.01001	0.00604	0.00179	0.00361	0.06704	0.05448	0.00656
7	0.01068	0.04691	0.30930	0.01405	0.06165	0.01236	0.01374	0.01427	0.01096	0.01616	0.11702	0.01687	0.01412	0.01117	0.09710	0.00267	0.21603	0.00526	0.00294	0.00673
8	0.01218	0.19242	0.43936	0.01600	0.02272	0.01484	0.19471	0.01711	0.01174	0.01636	0.00961	0.01169	0.00725	0.00493	0.00512	0.00163	0.00785	0.00437	0.00242	0.00766
9	0.00718	0.00519	0.00688	0.00806	0.00860	0.00499	0.00571	0.00882	0.03525	0.01455	0.02962	0.67203	0.03475	0.01647	0.00700	0.00224	0.00347	0.11946	0.00507	0.00465
10	0.57667	0.04870	0.05360	0.01033	0.02661	0.02709	0.07885	0.07562	0.01128	0.02318	0.00853	0.01004	0.00659	0.00520	0.00423	0.00168	0.01835	0.00357	0.00334	0.00653
11	0.00684	0.00508	0.00641	0.00731	0.00808	0.00466	0.00517	0.00810	0.01132	0.01475	0.07927	0.54218	0.19050	0.01588	0.00687	0.00213	0.00319	0.07259	0.00511	0.00455
12	0.06284	0.09046	0.11358	0.01642	0.07578	0.01345	0.23055	0.05759	0.03414	0.10722	0.01271	0.06052	0.01032	0.00638	0.00669	0.00178	0.08294	0.00566	0.00349	0.00747
13	0.04029	0.43089	0.14534	0.03383	0.09093	0.04673	0.01179	0.06618	0.01237	0.01618	0.00878	0.01029	0.00733	0.00493	0.00422	0.00135	0.00630	0.00351	0.00268	0.05609
14	0.01213	0.18694	0.44182	0.03425	0.05634	0.01470	0.14659	0.01700	0.01169	0.01633	0.00956	0.01166	0.00725	0.00496	0.00507	0.00163	0.00771	0.00428	0.00241	0.00769
15	0.00955	0.00621	0.00784	0.00833	0.00950	0.00613	0.00635	0.07040	0.01254	0.04998	0.02635	0.41908	0.02876	0.01383	0.00648	0.00209	0.00382	0.18831	0.11921	0.00526
16	0.00866	0.00880	0.07319	0.03697	0.01318	0.00713	0.11448	0.01164	0.01388	0.01927	0.42810	0.06367	0.13713	0.00998	0.00625	0.00176	0.00418	0.00903	0.02707	0.00563
17	0.01201	0.00816	0.04923	0.00880	0.01092	0.00703	0.02433	0.01457	0.06711	0.17942	0.02111	0.24972	0.02095	0.19505	0.05652	0.00304	0.00517	0.00884	0.00463	0.05341
18	0.08575	0.00940	0.01147	0.00925	0.01266	0.00911	0.00749	0.12169	0.04872	0.39922	0.20154	0.02249	0.02166	0.00768	0.00554	0.00169	0.00427	0.00629	0.00607	0.00797

[dist]
# distance from previous block
# <min> <max>
1	8

[block]
# block no. 4 follows, 44 sequences, length 11
# corresponding to MSA columns:
# 316-326
name=unknown_E
#
# <colnr> <probs for GDERKNQSTAVLIFYWHMCP>
#	G	D	E	R	K	N	Q	S	T	A	V	L	I	F	Y	W	H	M	C	P
0	0.16615	0.01163	0.01316	0.04809	0.01543	0.01225	0.00878	0.25460	0.08411	0.30695	0.01590	0.01509	0.01081	0.00638	0.00511	0.00169	0.00509	0.00489	0.00543	0.00847
1	0.01038	0.00931	0.01325	0.06553	0.07452	0.03238	0.07906	0.04822	0.08410	0.01627	0.02040	0.38378	0.02190	0.01149	0.00772	0.00204	0.09942	0.01006	0.00416	0.00602
2	0.01672	0.01291	0.01435	0.01090	0.01533	0.10515	0.05816	0.14544	0.01523	0.16908	0.01253	0.01308	0.00923	0.00523	0.00483	0.00127	0.00555	0.00421	0.00422	0.37659
3	0.01056	0.00969	0.01501	0.58634	0.03101	0.01083	0.01284	0.01388	0.01101	0.01495	0.00969	0.01368	0.00748	0.00508	0.00508	0.00155	0.00641	0.00442	0.00264	0.22787
4	0.00829	0.00535	0.00730	0.00730	0.00766	0.00571	0.00499	0.00838	0.00802	0.01105	0.01417	0.02530	0.01477	0.31353	0.30822	0.22851	0.00860	0.00630	0.00291	0.00364
5	0.00717	0.00555	0.00654	0.00629	0.00781	0.00491	0.00472	0.00924	0.01415	0.01882	0.46643	0.04573	0.35843	0.01228	0.00644	0.00177	0.00265	0.01056	0.00560	0.00491
6	0.01017	0.00934	0.00957	0.01038	0.06084	0.13557	0.00682	0.01116	0.01028	0.01282	0.01762	0.23246	0.01935	0.20812	0.15770	0.04302	0.02808	0.00840	0.00351	0.00478
7	0.01089	0.00914	0.01289	0.22143	0.01835	0.01134	0.01000	0.01440	0.14162	0.01407	0.01172	0.01660	0.01019	0.04964	0.03789	0.19307	0.20304	0.00521	0.00301	0.00548
8	0.15618	0.07201	0.14092	0.01453	0.08171	0.30700	0.01197	0.01809	0.01224	0.01618	0.00844	0.01047	0.00697	0.00586	0.00643	0.00164	0.11615	0.00375	0.00272	0.00673
9	0.74898	0.01191	0.05936	0.00854	0.01233	0.01234	0.04606	0.01618	0.00961	0.02363	0.00791	0.00933	0.00609	0.00504	0.00365	0.00170	0.00473	0.00320	0.00327	0.00612
10	0.06699	0.01315	0.01950	0.12504	0.46024	0.05923	0.04893	0.06638	0.03257	0.01859	0.01096	0.03425	0.00915	0.00548	0.00534	0.00167	0.00659	0.00505	0.00304	0.00786

[dist]
# distance from previous block
# <min> <max>
0	8

[block]
# block no. 5 follows, 44 sequences, length 9
# corresponding to MSA columns:
# 335-343
name=unknown_F
#
# <colnr> <probs for GDERKNQSTAVLIFYWHMCP>
#	G	D	E	R	K	N	Q	S	T	A	V	L	I	F	Y	W	H	M	C	P
0	0.00696	0.00515	0.00650	0.00698	0.00789	0.00469	0.00492	0.00851	0.01243	0.01666	0.27697	0.42081	0.17239	0.01456	0.00669	0.00198	0.00290	0.01294	0.00537	0.00469
1	0.01109	0.01654	0.26691	0.07868	0.02027	0.01298	0.11516	0.01520	0.04187	0.01533	0.01061	0.01505	0.00897	0.06405	0.06680	0.00269	0.22336	0.00511	0.00265	0.00670
2	0.01459	0.01114	0.01745	0.02019	0.33883	0.01021	0.06982	0.01748	0.01266	0.15048	0.01256	0.01428	0.00961	0.00504	0.00505	0.00141	0.00550	0.00467	0.05110	0.22793
3	0.01004	0.00610	0.00801	0.00823	0.00949	0.00576	0.00608	0.04387	0.01277	0.11895	0.14003	0.47292	0.03369	0.01413	0.00667	0.00207	0.00359	0.08669	0.00544	0.00546
4	0.01130	0.00969	0.01130	0.00807	0.01292	0.00727	0.00646	0.01373	0.01130	0.01776	0.00969	0.01130	0.00807	0.00404	0.00404	0.00081	0.00404	0.00323	0.00323	0.84173
5	0.16370	0.01307	0.01477	0.01543	0.17435	0.04507	0.01028	0.24498	0.15692	0.05068	0.04774	0.01509	0.01188	0.00626	0.00511	0.00168	0.00542	0.00497	0.00448	0.00811
6	0.18833	0.01489	0.01388	0.01137	0.01514	0.10037	0.00918	0.40239	0.14459	0.02809	0.01297	0.01308	0.00957	0.00628	0.00498	0.00166	0.00578	0.00456	0.00475	0.00815
7	0.00869	0.00729	0.01067	0.02893	0.04775	0.00660	0.07674	0.01066	0.01178	0.01620	0.13591	0.27867	0.11035	0.06058	0.00748	0.00199	0.00418	0.02721	0.00439	0.14394
8	0.18181	0.00858	0.01067	0.02990	0.03208	0.03114	0.06091	0.01348	0.01129	0.09500	0.01973	0.33888	0.02065	0.01050	0.00567	0.00187	0.00451	0.04152	0.00437	0.07742

[dist]
# distance from previous block
# <min> <max>
0	24

[block]
# block no. 6 follows, 44 sequences, length 7
# corresponding to MSA columns:
# 368-374
name=unknown_G
#
# <colnr> <probs for GDERKNQSTAVLIFYWHMCP>
#	G	D	E	R	K	N	Q	S	T	A	V	L	I	F	Y	W	H	M	C	P
0	0.15926	0.12002	0.40792	0.01268	0.01837	0.07211	0.03598	0.01649	0.01108	0.01710	0.00928	0.01170	0.00734	0.03213	0.00618	0.04193	0.00702	0.00389	0.00258	0.00696
1	0.00912	0.00558	0.00719	0.00760	0.00848	0.00523	0.00535	0.01023	0.01095	0.09751	0.05405	0.41483	0.06325	0.18566	0.01129	0.00281	0.00393	0.08722	0.00490	0.00481
2	0.00849	0.00521	0.00698	0.00781	0.00853	0.00480	0.00537	0.00956	0.01097	0.09310	0.02916	0.72338	0.03372	0.01601	0.00681	0.00216	0.00332	0.01446	0.00524	0.00493
3	0.01522	0.01291	0.01808	0.24564	0.07002	0.01439	0.10336	0.29800	0.12430	0.02361	0.01296	0.01477	0.00957	0.00600	0.00558	0.00174	0.00655	0.00525	0.00407	0.00796
4	0.00921	0.00601	0.04565	0.00738	0.00800	0.00514	0.00548	0.00783	0.00817	0.01090	0.05060	0.02044	0.07391	0.01745	0.01855	0.68942	0.00463	0.00551	0.00276	0.00297
5	0.01255	0.01042	0.01197	0.00866	0.01344	0.00854	0.00697	0.11151	0.01319	0.01995	0.01014	0.01154	0.00823	0.00437	0.00422	0.00092	0.00430	0.00345	0.00352	0.73210
6	0.32711	0.00725	0.00727	0.00746	0.00921	0.00757	0.00547	0.01117	0.01005	0.01816	0.02028	0.45423	0.02290	0.01172	0.00542	0.00193	0.00362	0.00999	0.00431	0.05490

[dist]
# distance from previous block
# <min> <max>
0	3

[block]
# block no. 7 follows, 44 sequences, length 10
# corresponding to MSA columns:
# 378-387
name=unknown_H
#
# <colnr> <probs for GDERKNQSTAVLIFYWHMCP>
#	G	D	E	R	K	N	Q	S	T	A	V	L	I	F	Y	W	H	M	C	P
0	0.00925	0.00769	0.01071	0.07436	0.13487	0.00745	0.00793	0.01223	0.04925	0.01823	0.29626	0.10992	0.11012	0.03807	0.00672	0.00182	0.00398	0.00851	0.00459	0.08802
1	0.01017	0.00649	0.00767	0.00694	0.00922	0.00550	0.00529	0.01190	0.01303	0.14383	0.14677	0.13629	0.36755	0.01165	0.00610	0.00174	0.00323	0.00991	0.00529	0.09142
2	0.01180	0.01080	0.01763	0.41112	0.18086	0.01213	0.07491	0.07013	0.03712	0.01649	0.01135	0.01659	0.00938	0.08787	0.00781	0.00212	0.00687	0.00534	0.00293	0.00673
3	0.02109	0.00852	0.01162	0.00952	0.01304	0.00747	0.00779	0.02312	0.01477	0.62476	0.02311	0.10353	0.01757	0.00863	0.00584	0.00182	0.00452	0.07851	0.00640	0.00836
4	0.38126	0.00860	0.00883	0.00774	0.01058	0.00891	0.00617	0.01656	0.01239	0.20562	0.19802	0.07841	0.02105	0.00784	0.00489	0.00173	0.00384	0.00618	0.00495	0.00643
5	0.00691	0.00504	0.00619	0.00689	0.00749	0.00466	0.00460	0.00790	0.01073	0.01408	0.08856	0.48133	0.16393	0.15299	0.01043	0.00264	0.00341	0.01306	0.00483	0.00432
6	0.25481	0.01214	0.01395	0.25634	0.02092	0.06818	0.01094	0.08790	0.01162	0.01876	0.00875	0.01182	0.00703	0.00639	0.00766	0.00186	0.18740	0.00419	0.00301	0.00633
7	0.01485	0.02272	0.55778	0.01385	0.02079	0.01131	0.01663	0.01996	0.01270	0.23773	0.01318	0.01355	0.00882	0.00563	0.00527	0.00172	0.00707	0.00445	0.00359	0.00841
8	0.01013	0.00679	0.00830	0.00779	0.00961	0.00624	0.00571	0.01265	0.06786	0.09422	0.11186	0.24263	0.07532	0.14029	0.00956	0.00235	0.00388	0.04898	0.00482	0.13101
9	0.11545	0.00636	0.00701	0.00710	0.00801	0.00658	0.00483	0.01076	0.06297	0.01548	0.10570	0.20837	0.02556	0.34778	0.01513	0.00337	0.00428	0.03649	0.00424	0.00454

[dist]
# distance from previous block
# <min> <max>
7	12

[block]
# block no. 8 follows, 44 sequences, length 52
# corresponding to MSA columns:
# 400-451
name=unknown_I
#
# <colnr> <probs for GDERKNQSTAVLIFYWHMCP>
#	G	D	E	R	K	N	Q	S	T	A	V	L	I	F	Y	W	H	M	C	P
0	0.01315	0.50499	0.32277	0.01176	0.01775	0.01808	0.01356	0.01669	0.01125	0.01456	0.00844	0.00983	0.00696	0.00487	0.00416	0.00139	0.00670	0.00335	0.00232	0.00741
1	0.01093	0.02820	0.78016	0.01554	0.02360	0.01266	0.02014	0.01727	0.01151	0.01727	0.00978	0.01151	0.00691	0.00518	0.00518	0.00173	0.00806	0.00403	0.00230	0.00806
2	0.01858	0.01472	0.01512	0.01219	0.01609	0.05239	0.00986	0.50575	0.24426	0.02994	0.01557	0.01508	0.01135	0.00675	0.00546	0.00169	0.00568	0.00521	0.00536	0.00894
3	0.00703	0.00555	0.00634	0.00614	0.00772	0.00485	0.00461	0.00896	0.01382	0.01802	0.38623	0.04704	0.43913	0.01258	0.00644	0.00178	0.00267	0.01075	0.00550	0.00485
4	0.01031	0.00895	0.03141	0.24492	0.09043	0.00985	0.04461	0.01308	0.01029	0.05013	0.01251	0.01761	0.01063	0.02175	0.36271	0.00498	0.04156	0.00538	0.00289	0.00601
5	0.01365	0.38015	0.28653	0.02879	0.04974	0.05996	0.04148	0.01751	0.02997	0.03290	0.00935	0.01081	0.00747	0.00503	0.00448	0.00146	0.00694	0.00372	0.00256	0.00748
6	0.00828	0.00516	0.00621	0.00621	0.00621	0.00516	0.00363	0.00774	0.00774	0.01032	0.01541	0.03128	0.01744	0.62692	0.02627	0.19748	0.00516	0.00719	0.00309	0.00309
7	0.00794	0.00582	0.00710	0.00697	0.00843	0.00536	0.00535	0.01024	0.02765	0.03337	0.39446	0.04569	0.25187	0.06050	0.00783	0.00207	0.00319	0.10570	0.00545	0.00501
8	0.01739	0.01174	0.02981	0.03062	0.01509	0.01222	0.00902	0.17657	0.33406	0.22261	0.06604	0.01930	0.01601	0.00719	0.00556	0.00175	0.00480	0.00588	0.00572	0.00864
9	0.01030	0.00969	0.01635	0.79530	0.03755	0.01211	0.01514	0.01393	0.01090	0.01393	0.00969	0.01453	0.00727	0.00545	0.00545	0.00182	0.00727	0.00484	0.00242	0.00606
10	0.01025	0.00966	0.01452	0.45126	0.02627	0.01207	0.01234	0.01363	0.05250	0.01436	0.01690	0.02017	0.12683	0.00779	0.00844	0.00195	0.18617	0.00594	0.00300	0.00595
11	0.00728	0.00501	0.00614	0.00678	0.00693	0.00485	0.00419	0.00776	0.00919	0.01226	0.02367	0.42350	0.02801	0.40941	0.01727	0.00374	0.00422	0.01175	0.00419	0.00387
12	0.43728	0.01331	0.01212	0.00989	0.01370	0.04474	0.00812	0.35420	0.01699	0.02854	0.01013	0.01083	0.00749	0.00576	0.00438	0.00165	0.00525	0.00387	0.00430	0.00746
13	0.01227	0.03494	0.22027	0.04599	0.03511	0.00949	0.01098	0.01578	0.01168	0.07360	0.01055	0.01203	0.00811	0.00465	0.00454	0.00119	0.00542	0.00372	0.00317	0.47652
14	0.01028	0.01761	0.39796	0.06096	0.01828	0.00991	0.01366	0.04324	0.01235	0.03603	0.13070	0.12657	0.01869	0.02435	0.05334	0.00228	0.00667	0.00680	0.00355	0.00678
15	0.01113	0.00695	0.00859	0.00769	0.00977	0.00659	0.00593	0.01503	0.10595	0.15083	0.45977	0.03596	0.13344	0.01028	0.00616	0.00174	0.00316	0.00887	0.00595	0.00621
16	0.01721	0.00753	0.00971	0.00805	0.01042	0.00682	0.00595	0.01839	0.01224	0.44155	0.01961	0.02606	0.01627	0.35830	0.01525	0.00326	0.00492	0.00655	0.00524	0.00666
17	0.01082	0.12156	0.47141	0.01345	0.01925	0.02735	0.05029	0.01530	0.01129	0.01587	0.01312	0.14346	0.01213	0.00869	0.04069	0.00205	0.00735	0.00598	0.00282	0.00711
18	0.01219	0.01101	0.01608	0.61264	0.06702	0.06284	0.01407	0.01627	0.05716	0.06233	0.01113	0.01478	0.00827	0.00563	0.00542	0.00177	0.00706	0.00488	0.00292	0.00655
19	0.00729	0.00500	0.00597	0.00666	0.00743	0.00464	0.00457	0.00857	0.01095	0.01512	0.04965	0.46677	0.17178	0.06241	0.00758	0.00216	0.00310	0.01242	0.14340	0.00452
20	0.00774	0.00549	0.00639	0.00660	0.00798	0.00481	0.00475	0.00909	0.01210	0.06115	0.10499	0.30238	0.39929	0.03280	0.00705	0.00203	0.00305	0.01226	0.00520	0.00484
21	0.01440	0.77455	0.06419	0.00962	0.01445	0.02115	0.00984	0.01637	0.01110	0.01304	0.00768	0.00888	0.00699	0.00469	0.00358	0.00119	0.00594	0.00297	0.00233	0.00705
22	0.01296	0.00964	0.01147	0.00828	0.01305	0.00736	0.00666	0.01535	0.01185	0.11371	0.01118	0.01222	0.00876	0.00438	0.00422	0.00092	0.00411	0.00351	0.00367	0.73670
23	0.00813	0.00565	0.00718	0.00764	0.00830	0.00557	0.00564	0.00945	0.01081	0.01444	0.12963	0.09218	0.02945	0.36253	0.01621	0.00360	0.00468	0.27027	0.00441	0.00425
24	0.01452	0.00725	0.00956	0.00820	0.01067	0.00659	0.00642	0.01735	0.04663	0.32048	0.39865	0.07733	0.03405	0.00961	0.00605	0.00174	0.00350	0.00831	0.00622	0.00688
25	0.02049	0.01484	0.01707	0.01299	0.01741	0.01613	0.05523	0.66361	0.02420	0.08219	0.01352	0.01355	0.00949	0.00644	0.00551	0.00165	0.00610	0.00504	0.00538	0.00916
26	0.84691	0.01054	0.00801	0.00717	0.01054	0.01223	0.00590	0.01603	0.00928	0.02446	0.00759	0.00886	0.00590	0.00506	0.00337	0.00169	0.00422	0.00295	0.00337	0.00590
27	0.00709	0.00555	0.00641	0.00620	0.00776	0.00488	0.00465	0.00907	0.01394	0.01832	0.41639	0.04655	0.40878	0.01247	0.00644	0.00178	0.00267	0.01068	0.00554	0.00488
28	0.00796	0.00552	0.00737	0.00737	0.00784	0.00598	0.00508	0.00874	0.00827	0.01150	0.01543	0.02757	0.01617	0.38777	0.39205	0.06187	0.00973	0.00672	0.00306	0.00399
29	0.31116	0.00972	0.01103	0.00882	0.01274	0.00948	0.00728	0.02289	0.01340	0.51543	0.01666	0.01517	0.01085	0.00616	0.00475	0.00169	0.00449	0.00460	0.00557	0.00810
30	0.84691	0.01054	0.00801	0.00717	0.01054	0.01223	0.00590	0.01603	0.00928	0.02446	0.00759	0.00886	0.00590	0.00506	0.00337	0.00169	0.00422	0.00295	0.00337	0.00590
31	0.01581	0.55485	0.02440	0.06211	0.01628	0.18699	0.01002	0.04840	0.01263	0.01391	0.00813	0.00954	0.00712	0.00500	0.00402	0.00128	0.00680	0.00326	0.00257	0.00688
32	0.00858	0.00735	0.00806	0.00664	0.00980	0.00577	0.00516	0.01041	0.01193	0.01606	0.03526	0.03442	0.43709	0.00952	0.00539	0.00139	0.00332	0.00788	0.00426	0.37171
33	0.03002	0.10070	0.12914	0.28799	0.08699	0.02949	0.02884	0.11886	0.05046	0.05434	0.01108	0.01341	0.00832	0.00564	0.00542	0.00169	0.02238	0.00459	0.00323	0.00741
34	0.01245	0.01326	0.08631	0.06890	0.33419	0.01293	0.04366	0.01830	0.17049	0.01768	0.01276	0.01534	0.01032	0.00877	0.06846	0.00234	0.08759	0.00519	0.00324	0.00781
35	0.00664	0.00474	0.00633	0.00759	0.00791	0.00443	0.00506	0.00759	0.01044	0.01392	0.03005	0.80485	0.03606	0.01708	0.00696	0.00221	0.00316	0.01550	0.00506	0.00443
36	0.02108	0.01470	0.01601	0.01227	0.01662	0.01606	0.01014	0.68643	0.02467	0.10550	0.01389	0.01361	0.00968	0.00656	0.00546	0.00164	0.00587	0.00496	0.00558	0.00927
37	0.00924	0.00622	0.00823	0.00870	0.01025	0.00591	0.00731	0.01154	0.01325	0.06709	0.16686	0.05344	0.15600	0.01360	0.00702	0.00220	0.00418	0.43839	0.00532	0.00525
38	0.01300	0.01148	0.01915	0.35333	0.26488	0.01270	0.07516	0.04509	0.02876	0.06658	0.01103	0.01442	0.00847	0.00557	0.00615	0.00177	0.04704	0.00505	0.00301	0.00736
39	0.02251	0.01134	0.01373	0.01057	0.01473	0.01120	0.00872	0.29698	0.01916	0.47223	0.01824	0.01660	0.01195	0.00666	0.00541	0.00165	0.00506	0.00525	0.03890	0.00911
40	0.01627	0.00695	0.00855	0.00722	0.00979	0.00637	0.00574	0.01863	0.01352	0.35277	0.06892	0.02089	0.01622	0.00684	0.00472	0.00148	0.00346	0.00557	0.41916	0.00693
41	0.00729	0.00502	0.00614	0.00677	0.00692	0.00486	0.00418	0.00776	0.00918	0.01224	0.02360	0.41952	0.02792	0.41351	0.01737	0.00375	0.00423	0.01171	0.00418	0.00386
42	0.18115	0.01093	0.01386	0.06372	0.16903	0.01042	0.02299	0.05807	0.01204	0.03484	0.00984	0.01177	0.00788	0.00471	0.00442	0.00130	0.00499	0.00381	0.00329	0.37096
43	0.01066	0.06179	0.01540	0.03855	0.34579	0.00984	0.01139	0.01305	0.01184	0.01605	0.02016	0.21288	0.04939	0.01010	0.00610	0.00192	0.00523	0.14946	0.00377	0.00660
44	0.00673	0.00510	0.00617	0.00680	0.00771	0.00459	0.00473	0.00798	0.01159	0.01501	0.12284	0.45515	0.27591	0.03428	0.00723	0.00211	0.00302	0.01338	0.00513	0.00454
45	0.03113	0.00872	0.01087	0.01037	0.05380	0.03843	0.00756	0.04808	0.03735	0.14167	0.15166	0.02371	0.03689	0.03161	0.09418	0.12009	0.05579	0.03717	0.00435	0.05656
46	0.06325	0.24700	0.12838	0.33857	0.04117	0.01471	0.01316	0.01612	0.01128	0.06499	0.00975	0.01231	0.00749	0.00523	0.00472	0.00159	0.00659	0.00409	0.00273	0.00687
47	0.00728	0.00560	0.00744	0.00906	0.05606	0.00522	0.00604	0.00865	0.01123	0.01462	0.03399	0.50795	0.18934	0.01538	0.00682	0.00213	0.00351	0.09996	0.00491	0.00480
48	0.01103	0.02756	0.74470	0.01589	0.02383	0.01271	0.05495	0.01727	0.01157	0.01727	0.00984	0.01166	0.00697	0.00515	0.00524	0.00173	0.00811	0.00414	0.00232	0.00802
49	0.04924	0.06293	0.06072	0.15032	0.08197	0.04503	0.25812	0.06224	0.04356	0.06798	0.03929	0.01488	0.01013	0.00558	0.00584	0.00173	0.02442	0.00536	0.00332	0.00732
50	0.01078	0.01248	0.16465	0.01357	0.06345	0.00924	0.12814	0.04602	0.01222	0.06080	0.02147	0.16371	0.10798	0.01371	0.11315	0.00283	0.00709	0.03842	0.00383	0.00647
51	0.19981	0.01131	0.01321	0.01119	0.01333	0.01377	0.00921	0.19249	0.01308	0.05205	0.01050	0.01336	0.00871	0.01287	0.13787	0.00307	0.26925	0.00460	0.00361	0.00670

[dist]
# distance from previous block
# <min> <max>
0	7

[block]
# block no. 9 follows, 44 sequences, length 9
# corresponding to MSA columns:
# 459-467
name=unknown_J
#
# <colnr> <probs for GDERKNQSTAVLIFYWHMCP>
#	G	D	E	R	K	N	Q	S	T	A	V	L	I	F	Y	W	H	M	C	P
0	0.15173	0.00825	0.00823	0.00776	0.00940	0.05863	0.00574	0.01325	0.08462	0.01928	0.33589	0.06913	0.03012	0.12078	0.03014	0.02505	0.00429	0.00769	0.00470	0.00531
1	0.30692	0.01042	0.01344	0.30586	0.12045	0.01158	0.01085	0.01501	0.01058	0.01870	0.00902	0.01193	0.00708	0.00504	0.00451	0.00160	0.00563	0.00395	0.00291	0.12454
2	0.50726	0.01060	0.01029	0.00849	0.01222	0.01135	0.00700	0.09097	0.01286	0.26342	0.01252	0.01233	0.00863	0.00574	0.00424	0.00168	0.00452	0.00394	0.00464	0.00730
3	0.00775	0.00565	0.00733	0.00827	0.00925	0.00542	0.00652	0.00942	0.01152	0.01487	0.03225	0.25743	0.14926	0.09159	0.00915	0.00259	0.00419	0.35805	0.00487	0.00463
4	0.00871	0.00544	0.00692	0.00724	0.00810	0.00503	0.00495	0.00981	0.01118	0.08766	0.11599	0.43788	0.08510	0.16709	0.01071	0.00267	0.00361	0.01213	0.00500	0.00477
5	0.01008	0.10205	0.01202	0.04143	0.08388	0.00908	0.00719	0.04959	0.01042	0.01412	0.01537	0.11980	0.01615	0.26344	0.14377	0.02425	0.00678	0.00697	0.00334	0.06026
6	0.55987	0.01061	0.01069	0.11525	0.01492	0.01269	0.00815	0.01517	0.00945	0.02090	0.00791	0.01024	0.00639	0.00578	0.00601	0.00177	0.13182	0.00351	0.00308	0.04579
7	0.30830	0.01076	0.01236	0.04796	0.08143	0.01105	0.00853	0.10145	0.01370	0.27518	0.01332	0.01341	0.00927	0.00571	0.00463	0.00162	0.00489	0.00429	0.00461	0.06753
8	0.01050	0.00777	0.00874	0.00835	0.01005	0.02685	0.00613	0.09590	0.08906	0.05746	0.05620	0.30704	0.14049	0.08323	0.04474	0.00253	0.00450	0.01030	0.00493	0.02523

[dist]
# distance from previous block
# <min> <max>
15	43

[block]
# block no. 10 follows, 44 sequences, length 28
# corresponding to MSA columns:
# 511-538
name=unknown_K
#
# <colnr> <probs for GDERKNQSTAVLIFYWHMCP>
#	G	D	E	R	K	N	Q	S	T	A	V	L	I	F	Y	W	H	M	C	P
0	0.01198	0.01222	0.07569	0.08054	0.15391	0.01038	0.11018	0.06891	0.01315	0.01891	0.08979	0.03844	0.01343	0.00576	0.00524	0.00144	0.00571	0.00531	0.00344	0.27557
1	0.01387	0.08453	0.13784	0.06206	0.12660	0.01267	0.04569	0.04170	0.20667	0.09484	0.04791	0.01618	0.01254	0.00603	0.00524	0.00163	0.00574	0.00513	0.00399	0.06914
2	0.04528	0.00848	0.01071	0.01090	0.05763	0.03797	0.00771	0.01168	0.03414	0.01447	0.07564	0.12753	0.01857	0.15679	0.18294	0.00408	0.17940	0.00734	0.00349	0.00525
3	0.07293	0.03203	0.32647	0.01589	0.09974	0.01214	0.10271	0.08956	0.01371	0.05530	0.11335	0.01628	0.01372	0.00607	0.00540	0.00170	0.00661	0.00525	0.00349	0.00764
4	0.26079	0.01142	0.01438	0.04674	0.28421	0.04681	0.01083	0.05340	0.01177	0.03941	0.01110	0.01494	0.00940	0.01097	0.12449	0.00276	0.00711	0.02924	0.00325	0.00697
5	0.37310	0.01143	0.01168	0.00939	0.01329	0.01220	0.00775	0.21854	0.01561	0.25748	0.01332	0.01296	0.00913	0.00598	0.00458	0.00167	0.00483	0.00425	0.00496	0.00784
6	0.01284	0.01288	0.06122	0.01151	0.01447	0.12848	0.07498	0.08683	0.11629	0.03904	0.18860	0.02980	0.07307	0.00905	0.00605	0.00182	0.00561	0.11617	0.00469	0.00662
7	0.06631	0.01126	0.01234	0.01018	0.01346	0.01175	0.00805	0.39332	0.01830	0.02565	0.01684	0.22793	0.01617	0.00894	0.00552	0.00167	0.00482	0.00741	0.00488	0.13520
8	0.34594	0.00754	0.00747	0.00708	0.00916	0.00798	0.00553	0.01244	0.01232	0.02188	0.34275	0.07621	0.05717	0.00922	0.00522	0.00176	0.00338	0.03837	0.02319	0.00538
9	0.02039	0.01511	0.01617	0.01248	0.01678	0.01675	0.01028	0.72257	0.05982	0.03382	0.01351	0.01342	0.00961	0.00658	0.00546	0.00165	0.00592	0.00497	0.00546	0.00924
10	0.00828	0.00576	0.00657	0.00653	0.00682	0.00593	0.00394	0.00954	0.06350	0.01172	0.01799	0.06809	0.02001	0.67755	0.06176	0.00506	0.00557	0.00804	0.00353	0.00382
11	0.01248	0.01110	0.01681	0.32508	0.20813	0.01227	0.03462	0.01873	0.19174	0.04361	0.01326	0.01561	0.01013	0.00570	0.00540	0.00171	0.00614	0.00513	0.00344	0.05889
12	0.08012	0.18967	0.10976	0.06179	0.12038	0.16970	0.01221	0.01668	0.01183	0.01542	0.01002	0.01452	0.00895	0.00634	0.00629	0.00166	0.09751	0.05759	0.00277	0.00681
13	0.84691	0.01054	0.00801	0.00717	0.01054	0.01223	0.00590	0.01603	0.00928	0.02446	0.00759	0.00886	0.00590	0.00506	0.00337	0.00169	0.00422	0.00295	0.00337	0.00590
14	0.00809	0.00593	0.00785	0.00893	0.00986	0.00591	0.00696	0.01079	0.06661	0.01562	0.02895	0.42027	0.03258	0.01548	0.00711	0.00232	0.00406	0.33262	0.00508	0.00500
15	0.01594	0.01469	0.07716	0.01611	0.02082	0.01380	0.28823	0.30722	0.01783	0.06524	0.03249	0.01704	0.01117	0.00750	0.03488	0.00203	0.00746	0.03821	0.00419	0.00801
16	0.11223	0.01167	0.01245	0.05906	0.01542	0.01342	0.00895	0.12532	0.49138	0.02372	0.01878	0.01964	0.01451	0.00726	0.00537	0.00183	0.00475	0.04112	0.00506	0.00806
17	0.00700	0.00495	0.00650	0.00760	0.00796	0.00470	0.00517	0.00796	0.01030	0.01370	0.02829	0.63995	0.03355	0.11864	0.00968	0.00264	0.00360	0.07866	0.00483	0.00434
18	0.01009	0.00843	0.00965	0.00815	0.01137	0.00749	0.00647	0.01454	0.14032	0.01828	0.10062	0.02922	0.16945	0.00842	0.00538	0.00146	0.00378	0.08113	0.00446	0.36127
19	0.01380	0.22221	0.06386	0.14210	0.06081	0.17544	0.04319	0.01703	0.05650	0.02682	0.04563	0.08497	0.01246	0.00664	0.00504	0.00158	0.00672	0.00536	0.00315	0.00668
20	0.02136	0.01079	0.06085	0.10507	0.05124	0.00921	0.01005	0.04089	0.01488	0.58899	0.01868	0.01729	0.01203	0.00641	0.00546	0.00170	0.00528	0.00528	0.00575	0.00879
21	0.00812	0.00541	0.00682	0.00727	0.00838	0.00489	0.00521	0.00952	0.01197	0.07172	0.12941	0.45579	0.20098	0.01476	0.00669	0.00204	0.00317	0.03763	0.00530	0.00494
22	0.01673	0.01486	0.20515	0.07168	0.09437	0.01085	0.04011	0.08467	0.03235	0.29266	0.03183	0.05415	0.01233	0.00659	0.00552	0.00173	0.00603	0.00559	0.00453	0.00826
23	0.01662	0.11071	0.12341	0.01667	0.18617	0.04970	0.03357	0.06634	0.10586	0.20378	0.02513	0.01495	0.01093	0.00587	0.00520	0.00162	0.00606	0.00488	0.00416	0.00836
24	0.04092	0.06198	0.18421	0.10931	0.04018	0.03700	0.08003	0.07160	0.01282	0.14110	0.01238	0.04995	0.00973	0.00665	0.00709	0.00180	0.11714	0.00519	0.00351	0.00741
25	0.00680	0.00519	0.00627	0.00690	0.00791	0.00466	0.00493	0.00816	0.01181	0.01522	0.12302	0.41784	0.29596	0.01516	0.00675	0.00204	0.00305	0.04859	0.00517	0.00460
26	0.33578	0.01423	0.16736	0.04107	0.03650	0.02528	0.05311	0.03485	0.03578	0.09987	0.01164	0.03420	0.00929	0.05523	0.00632	0.00196	0.02254	0.00460	0.00355	0.00684
27	0.06784	0.09111	0.06842	0.07209	0.12186	0.08691	0.06400	0.05165	0.03787	0.20351	0.03492	0.01455	0.01060	0.00573	0.00510	0.00158	0.00619	0.00474	0.00399	0.04733

[dist]
# distance from previous block
# <min> <max>
0	18

[block]
# block no. 11 follows, 44 sequences, length 7
# corresponding to MSA columns:
# 557-563
name=unknown_L
#
# <colnr> <probs for GDERKNQSTAVLIFYWHMCP>
#	G	D	E	R	K	N	Q	S	T	A	V	L	I	F	Y	W	H	M	C	P
0	0.06272	0.11690	0.14152	0.14550	0.18611	0.01414	0.04253	0.08051	0.08439	0.01872	0.03080	0.01380	0.00965	0.00564	0.00538	0.00167	0.02457	0.00468	0.00317	0.00760
1	0.00901	0.00641	0.00805	0.00791	0.00925	0.00636	0.00599	0.01158	0.05761	0.06586	0.25287	0.21472	0.16634	0.03536	0.00782	0.00207	0.05063	0.07157	0.00527	0.00534
2	0.01227	0.01110	0.01775	0.18998	0.22226	0.02971	0.09960	0.05853	0.01233	0.03638	0.03912	0.10692	0.01301	0.00785	0.00762	0.04126	0.07787	0.00643	0.00326	0.00677
3	0.00945	0.04664	0.00929	0.00845	0.00987	0.00793	0.00618	0.05945	0.15412	0.01772	0.12792	0.41728	0.03045	0.05979	0.00758	0.00217	0.00373	0.01123	0.00507	0.00568
4	0.18588	0.07980	0.12844	0.01320	0.01741	0.32584	0.07842	0.07920	0.01389	0.01823	0.00901	0.01051	0.00707	0.00535	0.00472	0.00155	0.00776	0.00381	0.00303	0.00688
5	0.01395	0.01000	0.01175	0.01029	0.01248	0.01129	0.00797	0.14049	0.30050	0.06732	0.01570	0.01739	0.01241	0.01180	0.03877	0.23684	0.06459	0.00540	0.00439	0.00669
6	0.01449	0.01403	0.11408	0.07986	0.28873	0.01243	0.01341	0.14931	0.06860	0.07550	0.06590	0.01592	0.01233	0.00597	0.00541	0.00164	0.00598	0.00517	0.00387	0.04740

[dist]
# distance from previous block
# <min> <max>
18	42

[block]
# block no. 12 follows, 44 sequences, length 19
# corresponding to MSA columns:
# 608-626
name=unknown_M
#
# <colnr> <probs for GDERKNQSTAVLIFYWHMCP>
#	G	D	E	R	K	N	Q	S	T	A	V	L	I	F	Y	W	H	M	C	P
0	0.01235	0.03323	0.26359	0.11920	0.22057	0.01302	0.09645	0.04614	0.08598	0.01824	0.03148	0.01440	0.00978	0.00548	0.00545	0.00172	0.00703	0.00499	0.00301	0.00788
1	0.01209	0.01177	0.09872	0.17855	0.07574	0.01049	0.01087	0.02985	0.17841	0.06855	0.04484	0.02004	0.08468	0.00677	0.00532	0.00164	0.00525	0.00571	0.04108	0.10962
2	0.06212	0.00583	0.00667	0.00658	0.00808	0.00547	0.00492	0.00943	0.01282	0.01771	0.30907	0.10329	0.31732	0.03744	0.05218	0.00233	0.00363	0.02513	0.00512	0.00486
3	0.01376	0.04674	0.10861	0.08076	0.18909	0.05811	0.07793	0.03220	0.06601	0.09533	0.05467	0.04665	0.02761	0.00673	0.00653	0.00175	0.07074	0.00570	0.00359	0.00747
4	0.02103	0.06187	0.01295	0.00932	0.01312	0.00952	0.00774	0.09768	0.03652	0.52064	0.01922	0.01767	0.01280	0.00655	0.00511	0.00159	0.00454	0.00522	0.12841	0.00849
5	0.06904	0.13728	0.02050	0.09118	0.30852	0.04198	0.05778	0.10914	0.07834	0.01942	0.01097	0.01303	0.00877	0.00533	0.00504	0.00160	0.00634	0.00460	0.00325	0.00789
6	0.01603	0.03619	0.01467	0.01174	0.01405	0.01348	0.00966	0.16953	0.08293	0.17688	0.06453	0.04016	0.01371	0.00896	0.02534	0.00208	0.28237	0.00570	0.00453	0.00748
7	0.00808	0.00559	0.00710	0.00691	0.00824	0.00507	0.00511	0.01018	0.01414	0.05254	0.50632	0.17224	0.15331	0.01236	0.00648	0.00182	0.00279	0.01088	0.00573	0.00512
8	0.00916	0.00575	0.00690	0.00649	0.00767	0.00535	0.00454	0.01066	0.01225	0.08044	0.30574	0.03758	0.13892	0.27792	0.01333	0.00290	0.00368	0.00878	0.05714	0.00479
9	0.01648	0.01200	0.01296	0.01059	0.01386	0.01305	0.00849	0.49716	0.05407	0.02834	0.01892	0.12796	0.06013	0.00849	0.00556	0.00170	0.00498	0.00687	0.09055	0.00785
10	0.01572	0.01157	0.01264	0.01097	0.01431	0.01292	0.00865	0.07621	0.59987	0.14086	0.02149	0.01959	0.01567	0.00724	0.00553	0.00181	0.00448	0.00598	0.00573	0.00877
11	0.01367	0.00771	0.00997	0.00874	0.01120	0.00715	0.02892	0.08707	0.01448	0.24634	0.10053	0.22365	0.17725	0.01130	0.00621	0.00187	0.00397	0.02778	0.00562	0.00656
12	0.01130	0.00969	0.01130	0.00807	0.01292	0.00727	0.00646	0.01373	0.01130	0.01776	0.00969	0.01130	0.00807	0.00404	0.00404	0.00081	0.00404	0.00323	0.00323	0.84173
13	0.05658	0.00982	0.01219	0.00962	0.01345	0.00927	0.00777	0.08092	0.09693	0.51147	0.01936	0.01861	0.01328	0.05906	0.00677	0.00189	0.00470	0.00543	0.00594	0.05694
14	0.01075	0.00966	0.01356	0.13730	0.03960	0.01224	0.01020	0.01259	0.00962	0.01441	0.01274	0.01748	0.05345	0.05438	0.04619	0.00247	0.39032	0.00537	0.10527	0.04237
15	0.01489	0.03471	0.02888	0.09534	0.03450	0.01019	0.03614	0.05943	0.01363	0.23334	0.14945	0.02001	0.01764	0.00903	0.04572	0.00207	0.10427	0.00586	0.02937	0.05553
16	0.00779	0.00595	0.00729	0.00792	0.00891	0.00588	0.00564	0.01104	0.11731	0.01608	0.09948	0.51603	0.10815	0.01476	0.00669	0.00209	0.00331	0.04535	0.00521	0.00513
17	0.11546	0.01062	0.01303	0.02818	0.06839	0.01107	0.00888	0.17513	0.03258	0.28633	0.08251	0.01839	0.01467	0.00708	0.00604	0.00172	0.05295	0.02074	0.03829	0.00793
18	0.08007	0.05355	0.06764	0.05030	0.18634	0.02883	0.03736	0.16591	0.01460	0.03864	0.02562	0.01283	0.00907	0.00523	0.00487	0.00144	0.00578	0.00432	0.00354	0.20407

[dist]
# distance from previous block
# <min> <max>
11	23

[block]
