[name]
unknown

[dist]
# distance from previous block
# <min> <max>
0	446

[block]
# block no. 0 follows, 39 sequences, length 10
# corresponding to MSA columns:
# 693-702
name=unknown_A
#
# <colnr> <probs for GDERKNQSTAVLIFYWHMCP>
#	G	D	E	R	K	N	Q	S	T	A	V	L	I	F	Y	W	H	M	C	P
0	0.01410	0.00928	0.01123	0.01065	0.01314	0.00978	0.00866	0.04667	0.23489	0.13312	0.04081	0.03842	0.02353	0.05664	0.03790	0.00269	0.00543	0.25245	0.04322	0.00739
1	0.01145	0.00910	0.01340	0.07410	0.19244	0.00907	0.01004	0.01407	0.03664	0.05916	0.03854	0.32077	0.02299	0.04083	0.00783	0.00213	0.03327	0.00997	0.00442	0.08978
2	0.00905	0.00590	0.00772	0.00797	0.00912	0.00540	0.00570	0.01088	0.01396	0.07235	0.31497	0.40182	0.08266	0.01500	0.00718	0.00213	0.00327	0.01340	0.00602	0.00550
3	0.00790	0.00560	0.00745	0.00867	0.00922	0.00538	0.00624	0.00922	0.01158	0.01533	0.03081	0.53791	0.03604	0.10012	0.01009	0.00283	0.00415	0.18135	0.00528	0.00483
4	0.68155	0.01068	0.00894	0.00806	0.01146	0.01202	0.00651	0.01743	0.01078	0.08783	0.01198	0.08923	0.01041	0.00696	0.00425	0.00189	0.00450	0.00481	0.00416	0.00655
5	0.00922	0.00840	0.08353	0.00809	0.01020	0.00655	0.00702	0.01215	0.01383	0.02051	0.31701	0.05656	0.09778	0.01494	0.10802	0.00280	0.00517	0.00856	0.20387	0.00577
6	0.00805	0.00603	0.00746	0.00711	0.00864	0.00544	0.00533	0.01054	0.01599	0.02193	0.59218	0.04712	0.21689	0.01276	0.00698	0.00189	0.00284	0.01111	0.00627	0.00544
7	0.01142	0.01071	0.01675	0.50216	0.15031	0.03227	0.01446	0.01467	0.01206	0.01556	0.01498	0.05477	0.05284	0.06378	0.00777	0.00222	0.00718	0.00640	0.00305	0.00665
8	0.04122	0.01634	0.11312	0.06390	0.07910	0.01411	0.36900	0.05928	0.04970	0.02024	0.01202	0.01499	0.00914	0.00546	0.00645	0.00184	0.02382	0.00583	0.00329	0.09113
9	0.00906	0.00720	0.00926	0.08561	0.01252	0.00732	0.00701	0.01135	0.01438	0.04005	0.33774	0.04253	0.30059	0.01223	0.00794	0.00198	0.07195	0.01018	0.00542	0.00567

[dist]
# distance from previous block
# <min> <max>
20	107

[block]
# block no. 1 follows, 39 sequences, length 22
# corresponding to MSA columns:
# 823-844
name=unknown_B
#
# <colnr> <probs for GDERKNQSTAVLIFYWHMCP>
#	G	D	E	R	K	N	Q	S	T	A	V	L	I	F	Y	W	H	M	C	P
0	0.05241	0.01022	0.01355	0.09310	0.08839	0.00938	0.01857	0.03989	0.01325	0.09912	0.03834	0.08090	0.03696	0.00852	0.03740	0.00182	0.00554	0.00594	0.00415	0.34252
1	0.01552	0.06850	0.04005	0.01108	0.03510	0.03534	0.03510	0.04939	0.02603	0.14466	0.01575	0.02589	0.04856	0.00597	0.00508	0.00132	0.00527	0.00487	0.00427	0.42224
2	0.00893	0.00605	0.00789	0.00838	0.00955	0.00540	0.00584	0.01030	0.01205	0.05937	0.06930	0.62061	0.03540	0.01603	0.00709	0.00218	0.00359	0.01444	0.00544	0.09218
3	0.10333	0.07337	0.08442	0.04698	0.01786	0.01438	0.03461	0.22275	0.10444	0.08076	0.02522	0.01589	0.02275	0.00772	0.02945	0.00195	0.00630	0.00513	0.00463	0.09806
4	0.10417	0.07886	0.07369	0.03773	0.04388	0.04685	0.04076	0.19716	0.10735	0.10591	0.04359	0.01593	0.01221	0.00698	0.00646	0.00184	0.05820	0.00529	0.00466	0.00851
5	0.01125	0.01066	0.08983	0.03603	0.01404	0.00911	0.02672	0.04465	0.13918	0.05730	0.09717	0.17984	0.11236	0.05621	0.04498	0.00265	0.00546	0.05075	0.00510	0.00671
6	0.00785	0.00547	0.00672	0.00736	0.00768	0.00524	0.00466	0.00857	0.01057	0.01411	0.06964	0.40513	0.05794	0.34206	0.01694	0.00375	0.00434	0.01286	0.00475	0.00434
7	0.10098	0.01227	0.01631	0.14561	0.02946	0.01342	0.07853	0.15696	0.09203	0.02242	0.01300	0.01584	0.01031	0.02303	0.07472	0.00253	0.05577	0.00526	0.00396	0.12758
8	0.00976	0.00864	0.04141	0.00885	0.01120	0.00758	0.00720	0.01216	0.01390	0.03356	0.31448	0.10535	0.14370	0.01113	0.00778	0.00182	0.08575	0.00924	0.00512	0.16136
9	0.69373	0.01289	0.01048	0.01003	0.04609	0.07035	0.00765	0.01773	0.01067	0.02467	0.00841	0.01009	0.00670	0.00577	0.00469	0.00184	0.04466	0.00344	0.00353	0.00658
10	0.01324	0.01400	0.02784	0.02062	0.02552	0.01351	0.52204	0.01946	0.11254	0.02016	0.09281	0.02237	0.01643	0.00673	0.00691	0.00202	0.00827	0.04385	0.00390	0.00778
11	0.00873	0.00641	0.00844	0.04547	0.01043	0.00670	0.00622	0.01093	0.04215	0.01605	0.17370	0.14920	0.02957	0.24763	0.17925	0.00478	0.00701	0.03781	0.00452	0.00502
12	0.09570	0.00704	0.00899	0.00860	0.01022	0.00691	0.03756	0.01198	0.04325	0.02093	0.36662	0.26276	0.07125	0.01298	0.00676	0.00204	0.00357	0.01150	0.00569	0.00566
13	0.01658	0.01147	0.01596	0.24138	0.02360	0.01136	0.04253	0.11552	0.01535	0.18577	0.01394	0.01549	0.00999	0.00589	0.00551	0.00159	0.00611	0.00497	0.00440	0.25259
14	0.01194	0.00941	0.08739	0.00822	0.01071	0.00759	0.00707	0.01604	0.08624	0.08560	0.11933	0.02809	0.06385	0.11373	0.00868	0.00222	0.00420	0.00706	0.31627	0.00636
15	0.01305	0.00876	0.01157	0.01084	0.04772	0.00908	0.00808	0.08269	0.01610	0.12838	0.36171	0.03273	0.07344	0.01291	0.06154	0.00248	0.08691	0.01947	0.00567	0.00687
16	0.00836	0.00646	0.00855	0.08864	0.01204	0.00623	0.00653	0.01095	0.01536	0.02098	0.51284	0.08132	0.17509	0.01228	0.00689	0.00192	0.00340	0.01075	0.00586	0.00554
17	0.01023	0.09055	0.01100	0.00887	0.01068	0.00893	0.00673	0.06991	0.08247	0.01931	0.16289	0.36904	0.09944	0.01370	0.00672	0.00206	0.00394	0.01199	0.00545	0.00610
18	0.03305	0.04947	0.02058	0.10194	0.26586	0.01510	0.05093	0.20162	0.03651	0.10896	0.01329	0.01513	0.00999	0.00634	0.00647	0.00183	0.04437	0.00535	0.00423	0.00898
19	0.01483	0.00950	0.01213	0.01096	0.04307	0.00942	0.04068	0.06942	0.14569	0.17856	0.13550	0.06181	0.12279	0.04755	0.00740	0.00207	0.00456	0.00821	0.06827	0.00757
20	0.06271	0.08772	0.01620	0.01155	0.01567	0.05593	0.00953	0.31189	0.05078	0.20309	0.08480	0.01834	0.01543	0.02232	0.00614	0.00182	0.00583	0.00570	0.00567	0.00889
21	0.10165	0.01274	0.01978	0.10157	0.38868	0.01302	0.05611	0.04130	0.03963	0.07954	0.04340	0.01611	0.01155	0.00591	0.00569	0.00178	0.00647	0.00540	0.00371	0.04596

[dist]
# distance from previous block
# <min> <max>
1	16

[block]
# block no. 2 follows, 39 sequences, length 18
# corresponding to MSA columns:
# 861-878
name=unknown_C
#
# <colnr> <probs for GDERKNQSTAVLIFYWHMCP>
#	G	D	E	R	K	N	Q	S	T	A	V	L	I	F	Y	W	H	M	C	P
0	0.22941	0.05152	0.11928	0.10801	0.10197	0.01449	0.03469	0.08862	0.03832	0.02210	0.05453	0.01476	0.01102	0.00660	0.00656	0.00190	0.08012	0.00492	0.00359	0.00760
1	0.01358	0.01525	0.10477	0.18300	0.44828	0.01392	0.07030	0.01816	0.04078	0.01858	0.01150	0.01501	0.00916	0.00552	0.00593	0.00184	0.00752	0.00535	0.00294	0.00863
2	0.01267	0.01478	0.10259	0.37942	0.12862	0.04794	0.10988	0.01735	0.04691	0.01699	0.01265	0.01639	0.02940	0.00618	0.00647	0.00194	0.03382	0.00558	0.00296	0.00746
3	0.00814	0.09334	0.00906	0.00684	0.00894	0.00708	0.00534	0.00978	0.01345	0.01651	0.12766	0.12759	0.51802	0.01394	0.00669	0.00194	0.00339	0.01171	0.00528	0.00532
4	0.01273	0.01692	0.19374	0.10299	0.05958	0.01334	0.25121	0.03561	0.01312	0.03030	0.02594	0.04424	0.04428	0.00753	0.02082	0.00210	0.07696	0.00640	0.00322	0.03897
5	0.00950	0.00581	0.00776	0.00838	0.00933	0.00534	0.00586	0.01091	0.01267	0.09866	0.12862	0.60290	0.03865	0.01642	0.00729	0.00227	0.00352	0.01478	0.00583	0.00549
6	0.02097	0.01621	0.01933	0.01474	0.01951	0.01770	0.09109	0.60464	0.07878	0.03432	0.01467	0.01497	0.01052	0.00693	0.00604	0.00182	0.00676	0.00561	0.00560	0.00978
7	0.00960	0.00671	0.00848	0.00842	0.01022	0.00587	0.00620	0.01137	0.01243	0.05258	0.07058	0.42447	0.05598	0.01385	0.00666	0.00200	0.00379	0.07293	0.04554	0.17230
8	0.01198	0.01222	0.08798	0.44691	0.02977	0.01221	0.01403	0.10584	0.01441	0.01923	0.09524	0.09328	0.01645	0.00794	0.00616	0.00197	0.00680	0.00690	0.00374	0.00694
9	0.01512	0.01054	0.01236	0.00987	0.01407	0.00960	0.00781	0.02139	0.20931	0.15697	0.05523	0.05327	0.01610	0.00693	0.00538	0.00147	0.00446	0.00578	0.00512	0.37923
10	0.02077	0.04301	0.05315	0.01392	0.01847	0.04293	0.04591	0.45654	0.06483	0.11178	0.01475	0.01496	0.01055	0.00710	0.00667	0.00183	0.05265	0.00537	0.00536	0.00945
11	0.01145	0.00844	0.01359	0.05586	0.01518	0.00851	0.11541	0.01359	0.01279	0.10863	0.09841	0.39064	0.02879	0.01303	0.00814	0.00221	0.07234	0.01171	0.00503	0.00625
12	0.00779	0.00585	0.00722	0.00724	0.00857	0.00528	0.00529	0.00990	0.01483	0.02004	0.43411	0.19768	0.22632	0.01411	0.00709	0.00200	0.00297	0.01238	0.00605	0.00528
13	0.02031	0.02405	0.01728	0.01529	0.01787	0.56795	0.02750	0.02190	0.01518	0.04943	0.00960	0.01167	0.00801	0.00697	0.00818	0.00176	0.16270	0.00425	0.00316	0.00695
14	0.05929	0.05933	0.01670	0.13982	0.07265	0.03948	0.01107	0.18111	0.02868	0.20339	0.01444	0.01517	0.01031	0.00624	0.00546	0.00167	0.00613	0.00495	0.00477	0.11935
15	0.35781	0.01755	0.18832	0.07731	0.01847	0.08382	0.01188	0.05384	0.05592	0.02233	0.01122	0.04147	0.00904	0.00643	0.00519	0.00187	0.02212	0.00458	0.00354	0.00731
16	0.04964	0.00746	0.01059	0.01027	0.01160	0.00755	0.07029	0.05315	0.01237	0.01725	0.02762	0.54944	0.05270	0.01677	0.04228	0.00262	0.03431	0.01354	0.00499	0.00556
17	0.09916	0.01609	0.12364	0.09955	0.07432	0.04151	0.03288	0.20378	0.09899	0.05230	0.02674	0.05214	0.01206	0.00722	0.00622	0.00190	0.03303	0.00576	0.00437	0.00836

[dist]
# distance from previous block
# <min> <max>
4	23

[block]
# block no. 3 follows, 39 sequences, length 23
# corresponding to MSA columns:
# 902-924
name=unknown_D
#
# <colnr> <probs for GDERKNQSTAVLIFYWHMCP>
#	G	D	E	R	K	N	Q	S	T	A	V	L	I	F	Y	W	H	M	C	P
0	0.62842	0.01146	0.01039	0.01002	0.05282	0.01303	0.00762	0.05230	0.01140	0.02543	0.01014	0.01332	0.00841	0.00624	0.00472	0.00185	0.03355	0.03614	0.02935	0.03339
1	0.05783	0.03918	0.01362	0.01115	0.01400	0.03050	0.06606	0.09892	0.04555	0.15658	0.09735	0.10302	0.02336	0.09320	0.00899	0.00243	0.00551	0.12032	0.00532	0.00711
2	0.05790	0.01156	0.01376	0.01117	0.01485	0.01180	0.03976	0.21910	0.11786	0.10546	0.15348	0.06227	0.02166	0.00842	0.00599	0.00178	0.00501	0.02000	0.00561	0.11256
3	0.00753	0.00557	0.00700	0.00774	0.00862	0.00510	0.00545	0.00900	0.01271	0.01678	0.16315	0.45826	0.17792	0.04163	0.00810	0.00235	0.00341	0.04910	0.00560	0.00497
4	0.01180	0.01008	0.01489	0.28243	0.06048	0.01212	0.01209	0.08678	0.01248	0.01702	0.01350	0.02123	0.01215	0.06983	0.19666	0.00416	0.10973	0.04279	0.00332	0.00648
5	0.51136	0.01024	0.00964	0.00827	0.01180	0.01097	0.00674	0.01933	0.01250	0.20253	0.08449	0.01621	0.01368	0.00665	0.00456	0.00181	0.00441	0.00472	0.05293	0.00715
6	0.01704	0.01382	0.01798	0.09572	0.10836	0.01518	0.06731	0.22169	0.28904	0.06443	0.01742	0.01778	0.01287	0.00695	0.00603	0.00190	0.00622	0.00598	0.00510	0.00919
7	0.00794	0.00603	0.00730	0.00698	0.00857	0.00539	0.00524	0.01032	0.01571	0.02128	0.53408	0.04819	0.27540	0.01300	0.00698	0.00190	0.00285	0.01126	0.00619	0.00539
8	0.01680	0.01263	0.06555	0.08575	0.05773	0.01145	0.13139	0.12753	0.01645	0.21305	0.08748	0.11186	0.01848	0.00835	0.00637	0.00193	0.00628	0.00758	0.00512	0.00821
9	0.07455	0.01564	0.01669	0.01296	0.01754	0.01725	0.01068	0.60917	0.06545	0.07819	0.01489	0.01468	0.01053	0.00706	0.00578	0.00179	0.00620	0.00530	0.00586	0.00978
10	0.01154	0.00895	0.04851	0.00948	0.01190	0.00780	0.02665	0.09069	0.01665	0.08340	0.39200	0.12878	0.08153	0.01180	0.00684	0.00197	0.00409	0.04491	0.00598	0.00652
11	0.01186	0.03059	0.76153	0.01686	0.02560	0.01373	0.02185	0.01873	0.01249	0.01873	0.01061	0.01249	0.00749	0.00562	0.00562	0.00187	0.00874	0.00437	0.00250	0.00874
12	0.01581	0.79572	0.03099	0.01012	0.01518	0.02340	0.01012	0.01771	0.01202	0.01391	0.00822	0.00949	0.00759	0.00506	0.00379	0.00126	0.00632	0.00316	0.00253	0.00759
13	0.01276	0.01271	0.01833	0.01552	0.01581	0.01731	0.04800	0.01417	0.00927	0.01432	0.00854	0.01443	0.00854	0.05074	0.01935	0.00272	0.70297	0.00544	0.00266	0.00639
14	0.83394	0.01144	0.00869	0.00778	0.01144	0.01327	0.00640	0.01738	0.01006	0.02653	0.00823	0.00961	0.00640	0.00549	0.00366	0.00183	0.00457	0.00320	0.00366	0.00640
15	0.01335	0.00723	0.00962	0.00872	0.01061	0.00727	0.00678	0.01529	0.01300	0.19327	0.13191	0.06136	0.06207	0.01848	0.18420	0.05681	0.04631	0.00745	0.13993	0.00635
16	0.00889	0.00799	0.05187	0.00802	0.01001	0.00659	0.00645	0.05685	0.01494	0.01995	0.29927	0.15985	0.25887	0.05384	0.00812	0.00218	0.00369	0.01137	0.00561	0.00565
17	0.00830	0.00602	0.00745	0.00738	0.00884	0.00552	0.00563	0.01071	0.01518	0.02095	0.45346	0.09027	0.19414	0.01312	0.00694	0.00197	0.00311	0.07676	0.05886	0.00540
18	0.01943	0.25557	0.05506	0.01335	0.01755	0.35249	0.01138	0.13576	0.05400	0.01867	0.01050	0.01154	0.00852	0.00602	0.00501	0.00153	0.00831	0.00403	0.00348	0.00780
19	0.00972	0.00706	0.00854	0.00879	0.01008	0.00716	0.00638	0.06283	0.09904	0.01989	0.15409	0.43303	0.03550	0.01441	0.00691	0.00215	0.00369	0.03549	0.06931	0.00591
20	0.68674	0.01213	0.01092	0.01097	0.08218	0.01378	0.00793	0.07935	0.01191	0.02678	0.00902	0.01048	0.00700	0.00561	0.00406	0.00182	0.00497	0.00358	0.00379	0.00700
21	0.00819	0.00700	0.00754	0.00760	0.00897	0.03406	0.00555	0.00968	0.01308	0.01648	0.14185	0.21928	0.39030	0.05035	0.00879	0.00226	0.04629	0.01234	0.00529	0.00512
22	0.20618	0.05421	0.09907	0.27993	0.02543	0.04624	0.04972	0.04287	0.01289	0.10159	0.01139	0.01382	0.00835	0.00597	0.00550	0.00186	0.01938	0.00468	0.00352	0.00741

[dist]
# distance from previous block
# <min> <max>
0	6

[block]
# block no. 4 follows, 39 sequences, length 11
# corresponding to MSA columns:
# 931-941
name=unknown_E
#
# <colnr> <probs for GDERKNQSTAVLIFYWHMCP>
#	G	D	E	R	K	N	Q	S	T	A	V	L	I	F	Y	W	H	M	C	P
0	0.01234	0.04257	0.01248	0.09801	0.06071	0.04955	0.00900	0.01594	0.07670	0.08795	0.19411	0.12635	0.02810	0.05582	0.04091	0.00252	0.00561	0.06973	0.00500	0.00659
1	0.01528	0.01446	0.01847	0.09704	0.17164	0.07649	0.05227	0.09749	0.21842	0.02105	0.01489	0.03425	0.01200	0.00740	0.00796	0.00198	0.12055	0.00590	0.00410	0.00834
2	0.28276	0.01003	0.01087	0.00893	0.01259	0.01010	0.00724	0.05968	0.01433	0.35161	0.01724	0.01744	0.01209	0.03743	0.00590	0.00192	0.00467	0.00507	0.12211	0.00799
3	0.00860	0.00573	0.00645	0.00645	0.00645	0.00573	0.00358	0.00860	0.00860	0.01147	0.01863	0.03870	0.02150	0.79217	0.03010	0.00573	0.00573	0.00860	0.00358	0.00358
4	0.00907	0.00583	0.00744	0.00785	0.00897	0.00539	0.00567	0.01089	0.01337	0.06101	0.21232	0.39562	0.09415	0.01478	0.00697	0.00212	0.00335	0.04447	0.08532	0.00541
5	0.01561	0.01197	0.01450	0.04381	0.09571	0.04237	0.00929	0.06221	0.01421	0.12802	0.01262	0.01386	0.00968	0.00521	0.00497	0.00124	0.00531	0.00425	0.00409	0.50109
6	0.01185	0.00979	0.01372	0.13408	0.09310	0.01086	0.03410	0.08024	0.08644	0.01761	0.01702	0.06667	0.01649	0.22677	0.08637	0.00377	0.04316	0.03768	0.00390	0.00642
7	0.01553	0.06420	0.10291	0.05313	0.47148	0.03303	0.01649	0.05056	0.05406	0.06391	0.01239	0.01474	0.00978	0.00569	0.00571	0.00176	0.00702	0.00512	0.00341	0.00910
8	0.01549	0.24418	0.17929	0.01353	0.01825	0.12740	0.07876	0.01848	0.01296	0.07790	0.01249	0.05061	0.01096	0.07409	0.00797	0.00204	0.03959	0.00529	0.00327	0.00745
9	0.03624	0.00734	0.00805	0.00835	0.00967	0.04639	0.00617	0.01149	0.03750	0.01836	0.20351	0.29828	0.13407	0.01560	0.04228	0.00245	0.00437	0.06236	0.04209	0.00543
10	0.06594	0.07286	0.12816	0.01382	0.04759	0.01400	0.04623	0.12025	0.07390	0.08671	0.05613	0.05723	0.01399	0.00767	0.00746	0.00187	0.10860	0.00590	0.00428	0.06742

[dist]
# distance from previous block
# <min> <max>
1	36

[block]
# block no. 5 follows, 39 sequences, length 14
# corresponding to MSA columns:
# 985-998
name=unknown_F
#
# <colnr> <probs for GDERKNQSTAVLIFYWHMCP>
#	G	D	E	R	K	N	Q	S	T	A	V	L	I	F	Y	W	H	M	C	P
0	0.05193	0.06289	0.11717	0.01426	0.11483	0.03470	0.01111	0.02976	0.11215	0.09218	0.03929	0.05000	0.07214	0.00900	0.03897	0.00203	0.00610	0.00610	0.00428	0.13111
1	0.00930	0.00616	0.00782	0.00801	0.00932	0.00556	0.00571	0.01093	0.01276	0.06369	0.15270	0.41838	0.07748	0.05471	0.00810	0.00227	0.00361	0.03204	0.04324	0.06821
2	0.01445	0.05985	0.08990	0.04307	0.03840	0.07538	0.08704	0.07353	0.01449	0.08078	0.11696	0.09130	0.01860	0.02466	0.00836	0.00199	0.10951	0.00700	0.00420	0.04054
3	0.01138	0.01214	0.09022	0.03621	0.16259	0.00945	0.03455	0.01480	0.02611	0.01901	0.09219	0.02569	0.14395	0.00777	0.00578	0.00159	0.00527	0.02819	0.00399	0.26912
4	0.76967	0.01276	0.00933	0.00837	0.01198	0.07304	0.00680	0.01788	0.01059	0.02558	0.00831	0.00969	0.00650	0.00554	0.00379	0.00181	0.00506	0.00325	0.00361	0.00644
5	0.12732	0.01367	0.02380	0.16539	0.02705	0.01413	0.34304	0.10544	0.01479	0.04879	0.01286	0.01760	0.01004	0.00616	0.00621	0.00197	0.00799	0.04239	0.00366	0.00769
6	0.01173	0.07221	0.01421	0.01102	0.01341	0.03107	0.04389	0.05568	0.04050	0.01860	0.11905	0.14303	0.09531	0.01074	0.00862	0.00195	0.14390	0.04475	0.00446	0.11588
7	0.00847	0.04245	0.00891	0.00834	0.00935	0.00671	0.00616	0.01012	0.01177	0.01600	0.15872	0.24800	0.05692	0.13226	0.19348	0.00444	0.00689	0.06124	0.00471	0.00507
8	0.01260	0.23155	0.11549	0.02816	0.01420	0.07227	0.00964	0.01468	0.01188	0.04057	0.01721	0.16408	0.01809	0.17146	0.01068	0.00262	0.00627	0.04862	0.00367	0.00628
9	0.01056	0.00614	0.00718	0.00680	0.00789	0.00587	0.00463	0.01204	0.01216	0.08158	0.18202	0.03552	0.06117	0.34622	0.01622	0.00343	0.00425	0.00834	0.18292	0.00507
10	0.01560	0.01068	0.01314	0.01340	0.10992	0.03016	0.00920	0.13533	0.08092	0.16223	0.13739	0.09504	0.11837	0.01004	0.00643	0.00192	0.00492	0.03173	0.00571	0.00787
11	0.00833	0.00618	0.00758	0.00717	0.00881	0.00553	0.00536	0.01077	0.01546	0.02151	0.51728	0.07694	0.19158	0.01239	0.00677	0.00185	0.00293	0.01078	0.03924	0.04353
12	0.01267	0.01179	0.04690	0.01574	0.15217	0.06219	0.04683	0.09489	0.03051	0.03692	0.15740	0.24592	0.03941	0.01093	0.00660	0.00198	0.00545	0.00976	0.00487	0.00708
13	0.03710	0.11713	0.01803	0.01372	0.06427	0.06985	0.01059	0.27183	0.09756	0.07142	0.01418	0.03753	0.01120	0.00698	0.00624	0.00170	0.05126	0.00523	0.00468	0.08951

[dist]
# distance from previous block
# <min> <max>
6	15

[block]
# block no. 6 follows, 39 sequences, length 6
# corresponding to MSA columns:
# 1014-1019
name=unknown_G
#
# <colnr> <probs for GDERKNQSTAVLIFYWHMCP>
#	G	D	E	R	K	N	Q	S	T	A	V	L	I	F	Y	W	H	M	C	P
0	0.01436	0.23057	0.17473	0.05204	0.08644	0.01561	0.01321	0.04181	0.05432	0.06436	0.01314	0.07342	0.01140	0.00708	0.00648	0.00175	0.07347	0.00541	0.00347	0.05694
1	0.01021	0.00864	0.01173	0.18958	0.06195	0.00856	0.00901	0.01292	0.01311	0.01823	0.13393	0.02959	0.19637	0.00888	0.00627	0.00169	0.02763	0.00747	0.06801	0.17620
2	0.01653	0.01312	0.06724	0.01309	0.07366	0.05925	0.00997	0.19059	0.03785	0.15282	0.06751	0.15202	0.05556	0.05401	0.00763	0.00213	0.00569	0.00813	0.00531	0.00789
3	0.01457	0.01318	0.01926	0.01675	0.08649	0.06634	0.19670	0.08189	0.07978	0.06271	0.10212	0.10399	0.01887	0.00811	0.00673	0.00186	0.02970	0.00752	0.00448	0.07895
4	0.01191	0.01088	0.06500	0.01197	0.07003	0.05383	0.00888	0.01675	0.13188	0.07129	0.25166	0.21622	0.03280	0.01134	0.00661	0.00199	0.00463	0.00995	0.00546	0.00690
5	0.01276	0.00981	0.01193	0.01153	0.07083	0.00998	0.00819	0.15876	0.09112	0.02439	0.25381	0.06631	0.05270	0.01133	0.04928	0.00219	0.00499	0.00790	0.05722	0.08496

[dist]
# distance from previous block
# <min> <max>
5	37

[block]
# block no. 7 follows, 39 sequences, length 29
# corresponding to MSA columns:
# 1057-1085
name=unknown_H
#
# <colnr> <probs for GDERKNQSTAVLIFYWHMCP>
#	G	D	E	R	K	N	Q	S	T	A	V	L	I	F	Y	W	H	M	C	P
0	0.38187	0.03912	0.01211	0.00962	0.01346	0.01326	0.00790	0.12846	0.10964	0.15624	0.01456	0.01457	0.01052	0.00646	0.00474	0.00180	0.00490	0.00460	0.05819	0.00796
1	0.01863	0.28718	0.02083	0.01246	0.04738	0.05856	0.01031	0.19472	0.04847	0.13801	0.03624	0.01736	0.01276	0.00804	0.02813	0.00188	0.00650	0.03950	0.00458	0.00846
2	0.03953	0.01251	0.01483	0.01219	0.03685	0.01276	0.00967	0.26807	0.04422	0.18108	0.04755	0.01900	0.01391	0.00743	0.00662	0.00172	0.05696	0.03998	0.00538	0.16974
3	0.00961	0.00774	0.00978	0.00899	0.01010	0.00824	0.00653	0.01072	0.01007	0.01426	0.01976	0.14869	0.06154	0.28293	0.09838	0.00408	0.14268	0.00849	0.00376	0.13367
4	0.07386	0.13595	0.01622	0.01156	0.01525	0.06471	0.00941	0.10232	0.40645	0.03618	0.05398	0.01868	0.01585	0.00734	0.00549	0.00181	0.00543	0.00574	0.00515	0.00861
5	0.00823	0.00618	0.00758	0.00831	0.00934	0.00596	0.00604	0.01070	0.06378	0.01640	0.06679	0.39160	0.16606	0.08419	0.00938	0.00262	0.00392	0.12233	0.00540	0.00519
6	0.03191	0.01550	0.02013	0.07618	0.25963	0.09826	0.07461	0.16990	0.06836	0.06126	0.01304	0.01488	0.00998	0.00602	0.00580	0.00174	0.00717	0.00526	0.00404	0.05634
7	0.11425	0.01442	0.01828	0.01429	0.01862	0.01569	0.12899	0.30279	0.17783	0.08202	0.01571	0.01605	0.01144	0.00690	0.00634	0.00190	0.03463	0.00568	0.00517	0.00901
8	0.00738	0.00541	0.00697	0.00804	0.00872	0.00499	0.00559	0.00868	0.01209	0.01592	0.08278	0.60346	0.13339	0.01752	0.00747	0.00233	0.00345	0.05533	0.00555	0.00491
9	0.02915	0.01235	0.01722	0.11902	0.09001	0.05625	0.11697	0.11150	0.07732	0.07265	0.08615	0.12719	0.04070	0.00874	0.00636	0.00194	0.00633	0.00789	0.00464	0.00761
10	0.01265	0.00980	0.01163	0.00899	0.01336	0.00786	0.00703	0.01580	0.05304	0.07115	0.01545	0.12866	0.01420	0.00689	0.00505	0.00123	0.00430	0.00583	0.00421	0.60287
11	0.78894	0.01236	0.00914	0.00819	0.01182	0.05512	0.00668	0.01773	0.01044	0.02586	0.00828	0.00967	0.00647	0.00552	0.00375	0.00181	0.00491	0.00324	0.00363	0.00643
12	0.03538	0.06328	0.01242	0.01121	0.01316	0.00888	0.04619	0.04368	0.01362	0.01815	0.04039	0.07886	0.02812	0.01450	0.00848	0.05567	0.00561	0.49173	0.00492	0.00575
13	0.00832	0.00645	0.00938	0.06527	0.07972	0.00637	0.00769	0.00989	0.01170	0.01565	0.02898	0.61590	0.03385	0.01628	0.00732	0.00233	0.00421	0.06026	0.00505	0.00539
14	0.00819	0.00599	0.00773	0.00800	0.00905	0.00570	0.00573	0.01092	0.05000	0.02014	0.41434	0.35569	0.04695	0.01460	0.00717	0.00209	0.00315	0.01307	0.00606	0.00544
15	0.07568	0.07754	0.05692	0.06784	0.11451	0.38210	0.10682	0.02066	0.01464	0.01673	0.00979	0.01212	0.00794	0.00569	0.00544	0.00166	0.00910	0.00444	0.00298	0.00741
16	0.01112	0.00646	0.00811	0.00742	0.00911	0.00597	0.00555	0.01355	0.01527	0.11763	0.46062	0.03749	0.05877	0.08245	0.00853	0.00214	0.00335	0.00914	0.13135	0.00595
17	0.01396	0.08472	0.01813	0.21937	0.15332	0.01308	0.04158	0.12143	0.01528	0.05853	0.06137	0.06091	0.09765	0.00796	0.00602	0.00185	0.00624	0.00690	0.00411	0.00759
18	0.00807	0.00603	0.00748	0.00712	0.00865	0.00545	0.00534	0.01057	0.01602	0.02202	0.60015	0.04697	0.20886	0.01272	0.00698	0.00189	0.00284	0.01109	0.00629	0.00545
19	0.01344	0.23729	0.43085	0.01587	0.07313	0.01651	0.01706	0.01974	0.08915	0.01808	0.01140	0.01282	0.00876	0.00569	0.00518	0.00171	0.00753	0.00435	0.00291	0.00853
20	0.11668	0.16931	0.10516	0.06754	0.06160	0.01515	0.03824	0.11694	0.01519	0.19728	0.01336	0.01409	0.00963	0.00621	0.00562	0.00175	0.02870	0.00473	0.00431	0.00851
21	0.00844	0.00645	0.00892	0.00830	0.00961	0.00608	0.04734	0.01042	0.01361	0.01864	0.36418	0.13626	0.12000	0.16413	0.04868	0.00307	0.00451	0.01084	0.00534	0.00516
22	0.01469	0.00804	0.01025	0.00948	0.01170	0.00768	0.00713	0.08238	0.04643	0.23591	0.09578	0.38949	0.02996	0.01314	0.00681	0.00211	0.00417	0.01157	0.00618	0.00709
23	0.01598	0.05980	0.08256	0.24064	0.11783	0.03614	0.05386	0.11605	0.03375	0.11022	0.01291	0.01507	0.00951	0.00599	0.00570	0.00176	0.00709	0.00512	0.00385	0.06617
24	0.02170	0.02761	0.01648	0.01500	0.01802	0.74880	0.01125	0.02323	0.01667	0.01451	0.01045	0.01185	0.02677	0.00632	0.00537	0.00154	0.01047	0.00403	0.00311	0.00681
25	0.80917	0.01126	0.00860	0.00771	0.01130	0.01303	0.00634	0.01728	0.01013	0.02640	0.00857	0.00998	0.00667	0.00553	0.00367	0.00182	0.00452	0.00327	0.02838	0.00638
26	0.00732	0.00536	0.00688	0.00785	0.00853	0.00492	0.00537	0.00863	0.01226	0.01627	0.12441	0.60453	0.13133	0.01729	0.00741	0.00228	0.00330	0.01551	0.00562	0.00492
27	0.01310	0.00928	0.01235	0.04651	0.01431	0.00959	0.06830	0.14605	0.05760	0.06012	0.02245	0.24591	0.02193	0.03947	0.00719	0.00213	0.00499	0.05514	0.15682	0.00678
28	0.00816	0.00594	0.00768	0.00746	0.00876	0.00546	0.00551	0.01068	0.01594	0.02231	0.63249	0.13186	0.08960	0.01299	0.00704	0.00193	0.00288	0.01150	0.00634	0.00546

[dist]
# distance from previous block
# <min> <max>
4	10

[block]
# block no. 8 follows, 39 sequences, length 12
# corresponding to MSA columns:
# 1096-1107
name=unknown_I
#
# <colnr> <probs for GDERKNQSTAVLIFYWHMCP>
#	G	D	E	R	K	N	Q	S	T	A	V	L	I	F	Y	W	H	M	C	P
0	0.00823	0.00569	0.00672	0.00697	0.00725	0.00564	0.00427	0.00867	0.00950	0.01260	0.02382	0.17231	0.07563	0.54345	0.07999	0.00516	0.00589	0.01017	0.00403	0.00403
1	0.01632	0.01304	0.01669	0.17374	0.08104	0.04502	0.01229	0.14849	0.09999	0.10553	0.01411	0.01712	0.01108	0.05130	0.01000	0.00222	0.16418	0.00563	0.00424	0.00798
2	0.65625	0.01113	0.00980	0.00838	0.01224	0.01226	0.00691	0.01990	0.01157	0.18782	0.01156	0.01192	0.00822	0.00589	0.00416	0.00183	0.00468	0.00381	0.00447	0.00721
3	0.01939	0.01146	0.01329	0.01099	0.01472	0.01194	0.00881	0.14652	0.26868	0.28033	0.07515	0.02169	0.01809	0.00784	0.00592	0.00185	0.00484	0.00641	0.06291	0.00918
4	0.00791	0.00606	0.00727	0.00707	0.00869	0.00542	0.00537	0.01022	0.01537	0.02053	0.45769	0.05006	0.31460	0.01338	0.00704	0.00195	0.00300	0.04691	0.00608	0.00535
5	0.01464	0.23455	0.29754	0.01505	0.02077	0.01772	0.07393	0.11034	0.01395	0.01916	0.01011	0.01223	0.00801	0.00630	0.00729	0.00181	0.12090	0.00449	0.00300	0.00820
6	0.01074	0.01278	0.14627	0.01311	0.01599	0.01041	0.10164	0.04266	0.01249	0.01774	0.06085	0.22904	0.02165	0.02717	0.07539	0.00288	0.11023	0.04473	0.03778	0.00646
7	0.11893	0.08733	0.07090	0.01319	0.01705	0.42330	0.01096	0.05820	0.01523	0.03622	0.01006	0.01166	0.00815	0.00764	0.03998	0.00192	0.00895	0.00395	0.00333	0.05305
8	0.01426	0.10907	0.08007	0.01488	0.01662	0.07009	0.01315	0.04870	0.01108	0.01563	0.00844	0.01239	0.00782	0.00889	0.01483	0.00226	0.53730	0.00478	0.00276	0.00698
9	0.00808	0.00582	0.00781	0.00895	0.00980	0.00555	0.00680	0.00985	0.01267	0.01679	0.09941	0.44988	0.06830	0.01706	0.00768	0.00244	0.00402	0.24843	0.00557	0.00510
10	0.18770	0.10858	0.01617	0.05396	0.01663	0.01527	0.00985	0.26917	0.01750	0.07797	0.01353	0.01726	0.01096	0.00717	0.00585	0.00179	0.03905	0.06235	0.00460	0.06464
11	0.13612	0.05556	0.01375	0.13477	0.07739	0.10573	0.00974	0.01630	0.01274	0.07507	0.01760	0.14701	0.04654	0.02204	0.00601	0.00189	0.00591	0.02246	0.02886	0.06453

[dist]
# distance from previous block
# <min> <max>
0	22

[block]
# block no. 9 follows, 39 sequences, length 9
# corresponding to MSA columns:
# 1130-1138
name=unknown_J
#
# <colnr> <probs for GDERKNQSTAVLIFYWHMCP>
#	G	D	E	R	K	N	Q	S	T	A	V	L	I	F	Y	W	H	M	C	P
0	0.23980	0.19957	0.10267	0.07706	0.01725	0.05606	0.01080	0.05664	0.03908	0.01951	0.01011	0.01288	0.00846	0.03645	0.00723	0.03834	0.05365	0.00419	0.00323	0.00703
1	0.01046	0.00586	0.00805	0.00793	0.00822	0.00603	0.00532	0.00985	0.07133	0.01166	0.01243	0.02072	0.01224	0.10848	0.02244	0.66189	0.00517	0.00567	0.00298	0.00327
2	0.01570	0.01491	0.08558	0.20936	0.26670	0.04107	0.10699	0.04646	0.01419	0.12251	0.01279	0.01550	0.00949	0.00581	0.00599	0.00185	0.00759	0.00545	0.00356	0.00848
3	0.01571	0.05963	0.14299	0.06879	0.07389	0.01282	0.01222	0.09380	0.14885	0.12971	0.03076	0.06130	0.01382	0.00715	0.00570	0.00176	0.00597	0.00593	0.00461	0.10461
4	0.01298	0.00908	0.01191	0.13417	0.04902	0.02382	0.00893	0.08153	0.01475	0.12259	0.13402	0.18564	0.09914	0.05383	0.00822	0.00221	0.02689	0.00946	0.00513	0.00667
5	0.01130	0.00658	0.00865	0.00823	0.00933	0.00670	0.00579	0.01243	0.01039	0.13061	0.01929	0.07630	0.01923	0.36946	0.27332	0.00618	0.00888	0.00792	0.00415	0.00525
6	0.01490	0.06851	0.01995	0.21836	0.17665	0.01402	0.08094	0.13163	0.01535	0.05432	0.04517	0.01676	0.01166	0.00637	0.00614	0.00180	0.02946	0.00557	0.07452	0.00793
7	0.21625	0.09183	0.06369	0.03472	0.27173	0.01418	0.02590	0.04453	0.05532	0.05413	0.01227	0.04196	0.01015	0.00611	0.00515	0.00175	0.00607	0.00501	0.00363	0.03563
8	0.47068	0.01167	0.01147	0.01212	0.09800	0.05222	0.00839	0.01690	0.01158	0.06301	0.04580	0.10309	0.01337	0.00769	0.00564	0.00192	0.05001	0.00566	0.00402	0.00675

[dist]
# distance from previous block
# <min> <max>
0	4

[block]
# block no. 10 follows, 39 sequences, length 30
# corresponding to MSA columns:
# 1143-1172
name=unknown_K
#
# <colnr> <probs for GDERKNQSTAVLIFYWHMCP>
#	G	D	E	R	K	N	Q	S	T	A	V	L	I	F	Y	W	H	M	C	P
0	0.01182	0.12386	0.09088	0.06906	0.07221	0.01123	0.07506	0.01488	0.01323	0.05142	0.08036	0.14177	0.04801	0.01058	0.00652	0.00206	0.00598	0.15998	0.00431	0.00679
1	0.05341	0.05195	0.12405	0.07754	0.30151	0.06429	0.01479	0.04070	0.01340	0.01882	0.02999	0.01704	0.06190	0.00660	0.00650	0.00178	0.05703	0.00538	0.00323	0.05009
2	0.19828	0.00786	0.00854	0.00806	0.01000	0.00796	0.00592	0.03842	0.01271	0.11180	0.12857	0.21195	0.06134	0.15085	0.01033	0.00268	0.00429	0.00941	0.00512	0.00591
3	0.01262	0.01233	0.07614	0.31213	0.02600	0.01225	0.06340	0.06152	0.14119	0.04136	0.07126	0.05017	0.04921	0.00769	0.00611	0.00194	0.00642	0.00676	0.03411	0.00739
4	0.19775	0.01010	0.01217	0.00964	0.01382	0.00942	0.00790	0.02448	0.01523	0.51641	0.07082	0.01920	0.01550	0.00713	0.00546	0.00179	0.00475	0.00558	0.00630	0.04656
5	0.01077	0.00988	0.01635	0.66907	0.03622	0.01207	0.01489	0.01455	0.01252	0.01633	0.11531	0.01978	0.01465	0.00679	0.00606	0.00196	0.00716	0.00602	0.00318	0.00643
6	0.00748	0.00597	0.00670	0.00659	0.00831	0.00519	0.00492	0.00941	0.01453	0.01864	0.30084	0.08390	0.47839	0.01412	0.00701	0.00197	0.00294	0.01204	0.00585	0.00519
7	0.00960	0.00744	0.00861	0.00849	0.01027	0.00734	0.00642	0.07056	0.09448	0.02005	0.17587	0.23518	0.24138	0.01404	0.00703	0.00211	0.00372	0.06568	0.00577	0.00598
8	0.06916	0.00954	0.01168	0.01018	0.01324	0.00952	0.00811	0.10072	0.07798	0.30083	0.02297	0.16203	0.01974	0.01260	0.06198	0.00255	0.00558	0.05771	0.03590	0.00798
9	0.00929	0.00632	0.00776	0.00724	0.00904	0.00563	0.00548	0.01166	0.01579	0.07523	0.49332	0.04620	0.25975	0.01260	0.00690	0.00190	0.00301	0.01088	0.00627	0.00573
10	0.01630	0.73873	0.03002	0.01037	0.01541	0.02303	0.01020	0.07022	0.01317	0.01562	0.00866	0.00983	0.00777	0.00521	0.00395	0.00130	0.00634	0.00332	0.00278	0.00777
11	0.12098	0.01064	0.02420	0.03725	0.01482	0.01045	0.02411	0.08960	0.07577	0.14619	0.08795	0.01942	0.01594	0.01303	0.13120	0.00294	0.00680	0.00565	0.00480	0.15827
12	0.03406	0.01082	0.01479	0.09934	0.14931	0.01102	0.01074	0.04765	0.14263	0.21972	0.11115	0.03560	0.04839	0.00788	0.00604	0.00185	0.00528	0.00676	0.00535	0.03162
13	0.09676	0.01843	0.09540	0.01312	0.01753	0.15898	0.01133	0.23891	0.18786	0.08026	0.01525	0.01517	0.01116	0.00683	0.00558	0.00180	0.00683	0.00509	0.00491	0.00880
14	0.08077	0.01382	0.02318	0.06146	0.62421	0.01401	0.06035	0.01802	0.01316	0.01972	0.01092	0.01435	0.00905	0.00529	0.00575	0.00178	0.00704	0.00520	0.00298	0.00894
15	0.01401	0.01104	0.01538	0.06978	0.07129	0.01142	0.09180	0.08791	0.18904	0.09109	0.09616	0.05011	0.13360	0.00921	0.00645	0.00196	0.00544	0.03123	0.00524	0.00783
16	0.00766	0.00602	0.00692	0.00670	0.00840	0.00528	0.00502	0.00979	0.01507	0.01974	0.39681	0.05071	0.41362	0.01357	0.00698	0.00193	0.00290	0.01161	0.00599	0.00528
17	0.01315	0.01039	0.01516	0.40707	0.02778	0.01217	0.01282	0.04207	0.14022	0.08392	0.03831	0.02224	0.01415	0.01016	0.06004	0.00255	0.01898	0.05744	0.00410	0.00728
18	0.00749	0.00539	0.00691	0.00779	0.00837	0.00501	0.00525	0.00870	0.01199	0.01604	0.13496	0.55906	0.09202	0.09021	0.00955	0.00261	0.00353	0.01486	0.00545	0.00481
19	0.02086	0.01576	0.01683	0.01328	0.01772	0.01758	0.01085	0.58847	0.17754	0.03465	0.01626	0.01584	0.01173	0.00729	0.00594	0.00182	0.00613	0.00561	0.00594	0.00991
20	0.00867	0.00736	0.04467	0.00973	0.01118	0.00645	0.00819	0.01093	0.01258	0.01663	0.05515	0.24681	0.09216	0.03969	0.06990	0.00314	0.00564	0.34066	0.00512	0.00534
21	0.01701	0.00916	0.01408	0.15798	0.01929	0.00888	0.06375	0.01945	0.01409	0.34400	0.02272	0.24307	0.02006	0.01014	0.00649	0.00204	0.00548	0.00906	0.00556	0.00770
22	0.01355	0.01180	0.04949	0.07210	0.01705	0.00963	0.00911	0.04085	0.01291	0.07133	0.01138	0.01322	0.00903	0.00522	0.00563	0.00121	0.05191	0.00402	0.00368	0.58687
23	0.01407	0.01483	0.01795	0.01549	0.01587	0.11109	0.01275	0.01539	0.01001	0.01426	0.00793	0.01266	0.00774	0.00982	0.01766	0.00246	0.68584	0.00501	0.00264	0.00652
24	0.00747	0.00568	0.00687	0.00727	0.00846	0.00509	0.00519	0.00916	0.01359	0.01786	0.24782	0.33347	0.27966	0.01551	0.00720	0.00211	0.00310	0.01363	0.00578	0.00509
25	0.00838	0.00619	0.00847	0.00939	0.04504	0.00583	0.00649	0.01061	0.01450	0.02011	0.41437	0.29426	0.04613	0.01428	0.00721	0.00211	0.00343	0.07181	0.00591	0.00549
26	0.07203	0.04416	0.25042	0.01464	0.01896	0.01533	0.04064	0.09220	0.05508	0.05386	0.01157	0.01405	0.00911	0.00921	0.04682	0.00243	0.23317	0.00498	0.00343	0.00791
27	0.07526	0.00742	0.03673	0.00926	0.01077	0.00659	0.00737	0.01090	0.01191	0.01707	0.02784	0.43367	0.03169	0.02989	0.00756	0.00239	0.00439	0.20925	0.00506	0.05497
28	0.04439	0.03972	0.05223	0.27795	0.02758	0.01336	0.18723	0.04373	0.10546	0.05013	0.01519	0.08972	0.01268	0.00720	0.00617	0.00198	0.00725	0.00680	0.00376	0.00749
29	0.09231	0.01072	0.03556	0.01405	0.12766	0.01000	0.02991	0.01870	0.06265	0.18516	0.14741	0.03933	0.05149	0.00849	0.00695	0.03195	0.03168	0.00668	0.00500	0.08431

[dist]
# distance from previous block
# <min> <max>
1	9

[block]
# block no. 11 follows, 39 sequences, length 11
# corresponding to MSA columns:
# 1182-1192
name=unknown_L
#
# <colnr> <probs for GDERKNQSTAVLIFYWHMCP>
#	G	D	E	R	K	N	Q	S	T	A	V	L	I	F	Y	W	H	M	C	P
0	0.11561	0.05382	0.07279	0.01287	0.05799	0.06692	0.03440	0.15742	0.01507	0.08163	0.01327	0.01788	0.01132	0.15083	0.01034	0.00244	0.03639	0.00532	0.00407	0.07963
1	0.01230	0.05649	0.05867	0.03690	0.08703	0.01056	0.04607	0.06836	0.07313	0.03548	0.01932	0.25484	0.01951	0.03906	0.00697	0.00197	0.00535	0.00869	0.00437	0.15494
2	0.01163	0.01145	0.10287	0.01038	0.01383	0.00881	0.02587	0.01418	0.01198	0.06101	0.07032	0.08492	0.01790	0.12722	0.04436	0.00259	0.06658	0.03061	0.00397	0.27949
3	0.01687	0.01403	0.07563	0.05804	0.08589	0.07001	0.01106	0.13011	0.04381	0.16404	0.07399	0.04211	0.03846	0.00762	0.00587	0.00173	0.00598	0.02941	0.00489	0.12043
4	0.00904	0.00739	0.00961	0.05289	0.01205	0.00713	0.03717	0.01259	0.08309	0.01920	0.27340	0.13089	0.21936	0.05831	0.00816	0.00218	0.00393	0.01064	0.00542	0.03754
5	0.83394	0.01144	0.00869	0.00778	0.01144	0.01327	0.00640	0.01738	0.01006	0.02653	0.00823	0.00961	0.00640	0.00549	0.00366	0.00183	0.00457	0.00320	0.00366	0.00640
6	0.01793	0.38565	0.02439	0.01308	0.04822	0.01877	0.05686	0.14735	0.10732	0.10662	0.01338	0.01376	0.01032	0.00606	0.00499	0.00158	0.00626	0.00464	0.00417	0.00863
7	0.00854	0.00685	0.00874	0.00971	0.07364	0.00632	0.00649	0.01117	0.03418	0.01981	0.34999	0.10425	0.29401	0.01302	0.00693	0.00197	0.00340	0.02952	0.00572	0.00574
8	0.00752	0.00584	0.00685	0.00696	0.00841	0.00516	0.00508	0.00939	0.01420	0.01855	0.30027	0.19940	0.36185	0.01467	0.00710	0.00203	0.00301	0.01272	0.00585	0.00516
9	0.05497	0.13819	0.37197	0.06335	0.04397	0.01582	0.10105	0.06405	0.01323	0.01915	0.01036	0.01270	0.00788	0.00584	0.00627	0.00183	0.05368	0.00462	0.00286	0.00820
10	0.29514	0.13802	0.12355	0.03728	0.03752	0.09391	0.01106	0.06934	0.06717	0.06071	0.01119	0.01224	0.00854	0.00591	0.00472	0.00173	0.00642	0.00410	0.00372	0.00772

[dist]
# distance from previous block
# <min> <max>
0	3

[block]
# block no. 12 follows, 39 sequences, length 17
# corresponding to MSA columns:
# 1196-1212
name=unknown_M
#
# <colnr> <probs for GDERKNQSTAVLIFYWHMCP>
#	G	D	E	R	K	N	Q	S	T	A	V	L	I	F	Y	W	H	M	C	P
0	0.01506	0.01339	0.06217	0.05058	0.29687	0.01296	0.01333	0.03566	0.24273	0.09310	0.08651	0.02019	0.01683	0.00705	0.00601	0.00187	0.00583	0.00624	0.00467	0.00894
1	0.00800	0.00603	0.00739	0.00705	0.00861	0.00542	0.00529	0.01043	0.01586	0.02162	0.56437	0.04763	0.24490	0.01287	0.00698	0.00190	0.00285	0.01118	0.00623	0.00542
2	0.01105	0.01304	0.15203	0.01167	0.01457	0.01073	0.02632	0.06238	0.06643	0.02051	0.23875	0.12891	0.06951	0.01084	0.00870	0.00207	0.13212	0.00880	0.00477	0.00680
3	0.01112	0.01033	0.01728	0.63324	0.10549	0.01242	0.01553	0.01473	0.01193	0.01551	0.01270	0.09020	0.01104	0.00707	0.00606	0.00199	0.00737	0.00637	0.00293	0.00666
4	0.00774	0.00595	0.00718	0.00710	0.00860	0.00539	0.00527	0.00984	0.01455	0.01937	0.37842	0.12185	0.31153	0.01573	0.05252	0.00242	0.00371	0.01171	0.00583	0.00527
5	0.01638	0.60120	0.10339	0.01149	0.01671	0.09403	0.01150	0.05748	0.01338	0.01573	0.00888	0.01016	0.00772	0.00533	0.00424	0.00138	0.00700	0.00347	0.00276	0.00777
6	0.04625	0.06851	0.03658	0.01428	0.12687	0.03475	0.01019	0.03862	0.08784	0.20192	0.01493	0.01525	0.01103	0.00584	0.00519	0.00149	0.00548	0.00473	0.00456	0.26570
7	0.43843	0.01139	0.01260	0.05567	0.16026	0.01245	0.00944	0.01828	0.06569	0.06742	0.01599	0.01705	0.08045	0.00668	0.00485	0.00185	0.00512	0.00504	0.00403	0.00730
8	0.00863	0.00713	0.00857	0.00942	0.06402	0.00670	0.00634	0.01197	0.08446	0.01865	0.20130	0.14386	0.38019	0.01342	0.00688	0.00200	0.00347	0.01157	0.00558	0.00584
9	0.83394	0.01144	0.00869	0.00778	0.01144	0.01327	0.00640	0.01738	0.01006	0.02653	0.00823	0.00961	0.00640	0.00549	0.00366	0.00183	0.00457	0.00320	0.00366	0.00640
10	0.01322	0.00716	0.00972	0.00943	0.01145	0.00662	0.00758	0.01555	0.01487	0.21072	0.21599	0.17652	0.03555	0.01329	0.00717	0.00221	0.00429	0.22586	0.00621	0.00656
11	0.00918	0.00659	0.00831	0.00877	0.00976	0.00655	0.00623	0.06206	0.05689	0.01826	0.13361	0.50823	0.03614	0.01622	0.00831	0.05723	0.00380	0.03292	0.00550	0.00543
12	0.00930	0.00583	0.00759	0.00822	0.00917	0.00537	0.00575	0.01058	0.01225	0.08736	0.07677	0.54090	0.08740	0.06823	0.00884	0.00252	0.00374	0.03926	0.00560	0.00531
13	0.07904	0.01385	0.05532	0.03375	0.01681	0.01413	0.01048	0.29911	0.11147	0.15409	0.01767	0.09045	0.01406	0.00832	0.00671	0.00194	0.05200	0.00649	0.00549	0.00881
14	0.13863	0.00729	0.00911	0.01042	0.07096	0.00729	0.00673	0.01202	0.01154	0.06669	0.06706	0.39659	0.02756	0.07141	0.00943	0.06139	0.00427	0.01120	0.00483	0.00558
15	0.04553	0.06100	0.12861	0.02634	0.10971	0.01159	0.02729	0.06596	0.02505	0.12564	0.01432	0.07104	0.01178	0.00649	0.00536	0.00156	0.00584	0.00543	0.00409	0.24738
16	0.19677	0.10351	0.01601	0.01254	0.07969	0.02612	0.00942	0.17512	0.02766	0.13876	0.02899	0.01445	0.01071	0.01857	0.00537	0.00168	0.00554	0.00462	0.00459	0.11989

[dist]
# distance from previous block
# <min> <max>
28	96

[block]
# block no. 13 follows, 39 sequences, length 17
# corresponding to MSA columns:
# 1349-1365
name=unknown_N
#
# <colnr> <probs for GDERKNQSTAVLIFYWHMCP>
#	G	D	E	R	K	N	Q	S	T	A	V	L	I	F	Y	W	H	M	C	P
0	0.02018	0.01390	0.01534	0.05608	0.01715	0.07862	0.01031	0.29708	0.01916	0.19587	0.01517	0.01601	0.01094	0.00793	0.00802	0.03773	0.09475	0.00532	0.07194	0.00848
1	0.01156	0.01089	0.09954	0.04466	0.01453	0.00841	0.00908	0.02781	0.01212	0.07196	0.01912	0.28583	0.01972	0.01121	0.00791	0.05478	0.04933	0.00877	0.00426	0.22851
2	0.00936	0.00609	0.00765	0.00761	0.00857	0.00589	0.00532	0.01078	0.01210	0.05872	0.19856	0.14567	0.07622	0.28001	0.08773	0.00401	0.00539	0.04184	0.02350	0.00498
3	0.13681	0.38655	0.22225	0.01157	0.01716	0.01760	0.01249	0.01811	0.01196	0.05606	0.01009	0.01166	0.00817	0.00764	0.04816	0.00201	0.00719	0.00382	0.00298	0.00772
4	0.36858	0.07610	0.01589	0.01182	0.01593	0.14718	0.08500	0.05639	0.01381	0.14203	0.01153	0.01239	0.00850	0.00589	0.00480	0.00175	0.00653	0.00426	0.00410	0.00752
5	0.01026	0.00689	0.00919	0.00882	0.01003	0.00702	0.00677	0.01167	0.01323	0.07077	0.27024	0.12435	0.11917	0.01437	0.01088	0.12911	0.08588	0.08078	0.00520	0.00536
6	0.01384	0.00824	0.01012	0.00877	0.01137	0.03191	0.00682	0.01633	0.01588	0.21069	0.39722	0.08265	0.03705	0.01038	0.00645	0.00179	0.00390	0.02679	0.00619	0.09359
7	0.01833	0.10019	0.01992	0.05620	0.08445	0.20738	0.06060	0.16103	0.10800	0.05165	0.01282	0.01418	0.00995	0.00662	0.00659	0.00177	0.06304	0.00500	0.00403	0.00826
8	0.32315	0.00883	0.00895	0.00791	0.01080	0.00895	0.00622	0.01546	0.01303	0.09228	0.21338	0.07955	0.03696	0.00854	0.00522	0.00175	0.00389	0.00682	0.05517	0.09311
9	0.04863	0.01347	0.01472	0.01196	0.01590	0.01471	0.00966	0.35956	0.22040	0.11518	0.09565	0.02003	0.01747	0.00785	0.00598	0.00186	0.00538	0.00626	0.00609	0.00926
10	0.01286	0.00927	0.00963	0.00900	0.01126	0.05912	0.00688	0.05388	0.10021	0.06324	0.02211	0.19804	0.02084	0.01008	0.00573	0.00179	0.00436	0.05871	0.24970	0.09327
