[name]
unknown

[dist]
# distance from previous block
# <min> <max>
0	282

[block]
# block no. 0 follows, 47 sequences, length 6
# corresponding to MSA columns:
# 435-440
name=unknown_A
#
# <colnr> <probs for GDERKNQSTAVLIFYWHMCP>
#	G	D	E	R	K	N	Q	S	T	A	V	L	I	F	Y	W	H	M	C	P
0	0.00809	0.00613	0.00756	0.00714	0.00873	0.00561	0.00535	0.01055	0.04706	0.01728	0.33730	0.12741	0.07061	0.10594	0.00833	0.00206	0.00337	0.08436	0.00476	0.13237
1	0.01326	0.10603	0.01573	0.10592	0.06660	0.01223	0.07619	0.06838	0.25140	0.08398	0.05443	0.01790	0.03753	0.00634	0.00507	0.00160	0.00506	0.00545	0.05964	0.00724
2	0.01236	0.00866	0.01039	0.00803	0.01176	0.00734	0.00643	0.06654	0.01221	0.13234	0.01687	0.01774	0.10076	0.00968	0.09817	0.00197	0.00512	0.00475	0.00391	0.46497
3	0.00829	0.00566	0.00725	0.00727	0.00867	0.00501	0.00531	0.00986	0.01160	0.06649	0.18191	0.41734	0.08467	0.01272	0.00611	0.00181	0.00316	0.04734	0.00492	0.10461
4	0.01216	0.03996	0.01131	0.09041	0.01394	0.19648	0.00782	0.06172	0.01278	0.03511	0.09776	0.11274	0.06070	0.01159	0.09867	0.00232	0.00650	0.00635	0.04217	0.07949
5	0.06662	0.01038	0.01610	0.21215	0.39039	0.01101	0.01268	0.01520	0.04370	0.01702	0.01081	0.01379	0.00866	0.00502	0.00481	0.00153	0.00558	0.00452	0.10238	0.04767

[dist]
# distance from previous block
# <min> <max>
1	2

[block]
# block no. 1 follows, 47 sequences, length 12
# corresponding to MSA columns:
# 443-454
name=unknown_B
#
# <colnr> <probs for GDERKNQSTAVLIFYWHMCP>
#	G	D	E	R	K	N	Q	S	T	A	V	L	I	F	Y	W	H	M	C	P
0	0.01218	0.01033	0.01352	0.01558	0.24031	0.03611	0.00951	0.06448	0.13639	0.04553	0.20982	0.02030	0.02002	0.00664	0.00522	0.00148	0.00456	0.00580	0.00421	0.13802
1	0.00698	0.00567	0.00696	0.00814	0.07231	0.00509	0.00528	0.00849	0.01165	0.01495	0.11673	0.24068	0.43080	0.01283	0.00613	0.00181	0.00301	0.01112	0.02664	0.00474
2	0.00848	0.00712	0.01017	0.01274	0.20661	0.00670	0.00751	0.01081	0.01328	0.01818	0.40137	0.03504	0.22230	0.00974	0.00589	0.00164	0.00346	0.00859	0.00470	0.00564
3	0.01410	0.01235	0.01840	0.02461	0.52253	0.01267	0.01342	0.20774	0.01509	0.02082	0.01409	0.01591	0.07322	0.00577	0.00525	0.00157	0.00577	0.00518	0.00344	0.00808
4	0.01274	0.01280	0.02360	0.02940	0.59046	0.01258	0.20806	0.01616	0.01197	0.01693	0.00999	0.01319	0.00816	0.00458	0.00541	0.00160	0.00685	0.00503	0.00259	0.00793
5	0.01197	0.01178	0.01840	0.36134	0.41870	0.05847	0.01498	0.01512	0.01141	0.01517	0.00946	0.01311	0.00760	0.00493	0.00515	0.00162	0.00670	0.00456	0.00247	0.00706
6	0.00927	0.00757	0.00936	0.01023	0.07468	0.00790	0.00700	0.01511	0.25194	0.01787	0.16547	0.25130	0.08545	0.01103	0.00600	0.00186	0.00360	0.05340	0.00496	0.00600
7	0.01238	0.01116	0.01524	0.01834	0.31914	0.01118	0.01078	0.01930	0.27641	0.01866	0.01361	0.01462	0.01077	0.00528	0.00487	0.00142	0.00487	0.00467	0.00365	0.22363
8	0.01414	0.01298	0.02239	0.02599	0.46644	0.03521	0.20689	0.05331	0.01292	0.08213	0.01096	0.01347	0.00853	0.00483	0.00541	0.00160	0.00678	0.00504	0.00305	0.00795
9	0.00731	0.00509	0.00560	0.00560	0.00593	0.00493	0.00331	0.00755	0.00838	0.01084	0.02325	0.03710	0.16257	0.66575	0.02268	0.00443	0.00460	0.00822	0.00347	0.00339
10	0.04462	0.01283	0.06435	0.02071	0.33341	0.04630	0.12004	0.01823	0.01257	0.20024	0.01308	0.01441	0.02422	0.00522	0.00517	0.00156	0.00612	0.00488	0.00358	0.04846
11	0.01088	0.21703	0.01861	0.60062	0.03010	0.01389	0.01304	0.01389	0.01046	0.01304	0.00874	0.01247	0.00688	0.00501	0.00473	0.00158	0.00659	0.00416	0.00229	0.00602

[dist]
# distance from previous block
# <min> <max>
0	5

[block]
# block no. 2 follows, 47 sequences, length 10
# corresponding to MSA columns:
# 460-469
name=unknown_C
#
# <colnr> <probs for GDERKNQSTAVLIFYWHMCP>
#	G	D	E	R	K	N	Q	S	T	A	V	L	I	F	Y	W	H	M	C	P
0	0.01051	0.00992	0.01437	0.19563	0.01765	0.01327	0.01091	0.01194	0.00845	0.01231	0.00857	0.01472	0.00832	0.10067	0.01553	0.03347	0.50116	0.00492	0.00239	0.00530
1	0.01090	0.01133	0.02249	0.01706	0.02046	0.01142	0.46383	0.01413	0.01098	0.01510	0.01258	0.02023	0.01130	0.06714	0.10340	0.00290	0.09819	0.07760	0.00286	0.00610
2	0.01815	0.01220	0.01372	0.01095	0.01459	0.01326	0.00893	0.45111	0.13846	0.15902	0.01538	0.01525	0.01105	0.00957	0.08143	0.00226	0.00605	0.00506	0.00520	0.00836
3	0.01497	0.38133	0.01961	0.00991	0.01399	0.18611	0.00862	0.08854	0.01288	0.01543	0.00839	0.00955	0.00714	0.00469	0.00394	0.00113	0.00602	0.00316	0.00281	0.20176
4	0.01101	0.01079	0.01752	0.39507	0.24983	0.04588	0.07871	0.01409	0.01114	0.01465	0.01145	0.09495	0.01020	0.00611	0.00540	0.00170	0.00659	0.00574	0.00269	0.00646
5	0.00904	0.19379	0.01068	0.00643	0.00746	0.00865	0.00449	0.00943	0.00827	0.01060	0.01429	0.02812	0.01610	0.62883	0.02114	0.00414	0.00517	0.00646	0.00294	0.00397
6	0.01003	0.00919	0.03290	0.20054	0.26802	0.00928	0.01192	0.01273	0.01140	0.01529	0.03577	0.04691	0.07135	0.00885	0.00633	0.02923	0.00556	0.20522	0.00338	0.00610
7	0.01091	0.01088	0.02004	0.49455	0.15859	0.01207	0.18865	0.01453	0.01109	0.01471	0.00964	0.01376	0.00738	0.00492	0.00542	0.00171	0.00724	0.00498	0.00243	0.00648
8	0.00759	0.01026	0.18766	0.00827	0.01108	0.00638	0.00809	0.01028	0.01212	0.01621	0.20720	0.12631	0.30209	0.01112	0.00599	0.00178	0.00394	0.05391	0.00443	0.00529
9	0.04115	0.12341	0.20651	0.11884	0.06632	0.07880	0.04611	0.06030	0.01243	0.10531	0.01042	0.01191	0.00775	0.00505	0.00470	0.00147	0.00645	0.00402	0.00308	0.08597

[dist]
# distance from previous block
# <min> <max>
0	3

[block]
# block no. 3 follows, 47 sequences, length 102
# corresponding to MSA columns:
# 473-574
name=unknown_D
#
# <colnr> <probs for GDERKNQSTAVLIFYWHMCP>
#	G	D	E	R	K	N	Q	S	T	A	V	L	I	F	Y	W	H	M	C	P
0	0.06959	0.01858	0.31563	0.01337	0.01888	0.01344	0.08009	0.28052	0.06777	0.02307	0.01123	0.01220	0.00812	0.00545	0.00501	0.00160	0.00647	0.00439	0.00361	0.04099
1	0.04295	0.01417	0.01543	0.01198	0.01576	0.01600	0.00991	0.67856	0.02257	0.03075	0.01185	0.01229	0.00858	0.00647	0.00621	0.00163	0.07689	0.00462	0.00489	0.00848
2	0.00905	0.00452	0.00678	0.00678	0.00678	0.00452	0.00452	0.00678	0.00678	0.00905	0.00905	0.01583	0.00905	0.01809	0.02035	0.84848	0.00452	0.00452	0.00226	0.00226
3	0.00983	0.00926	0.01562	0.80447	0.03587	0.01157	0.01446	0.01331	0.01041	0.01331	0.00926	0.01388	0.00694	0.00521	0.00521	0.00174	0.00694	0.00463	0.00231	0.00579
4	0.01363	0.01119	0.01866	0.20288	0.51031	0.01155	0.01450	0.01667	0.01195	0.12171	0.01115	0.01377	0.00859	0.00501	0.00518	0.00160	0.00612	0.00472	0.00305	0.00778
5	0.01081	0.00919	0.01061	0.00770	0.01213	0.00710	0.00616	0.03858	0.01134	0.01733	0.01213	0.01335	0.05695	0.00453	0.00405	0.00086	0.00384	0.00364	0.00327	0.76642
6	0.01238	0.01188	0.02005	0.13653	0.63309	0.01249	0.01548	0.01540	0.01141	0.01622	0.00953	0.01293	0.00798	0.00500	0.00592	0.00162	0.05717	0.00463	0.00252	0.00775
7	0.85377	0.01007	0.00765	0.00685	0.01007	0.01168	0.00564	0.01531	0.00886	0.02336	0.00725	0.00846	0.00564	0.00483	0.00322	0.00161	0.00403	0.00282	0.00322	0.00564
8	0.00615	0.00528	0.00528	0.00528	0.00703	0.00440	0.00396	0.00747	0.01187	0.01407	0.05276	0.05012	0.78238	0.01319	0.00615	0.00176	0.00264	0.01099	0.00484	0.00440
9	0.01392	0.82012	0.02729	0.00891	0.01337	0.02061	0.00891	0.01559	0.01058	0.01225	0.00724	0.00835	0.00668	0.00446	0.00334	0.00111	0.00557	0.00278	0.00223	0.00668
10	0.73948	0.01069	0.00875	0.00755	0.01090	0.01229	0.00622	0.11834	0.01100	0.02466	0.00797	0.00901	0.00608	0.00503	0.00350	0.00160	0.00426	0.00308	0.00350	0.00608
11	0.00979	0.00918	0.01545	0.78896	0.03532	0.01144	0.01428	0.01324	0.01050	0.01345	0.02426	0.01437	0.00776	0.00531	0.00522	0.00173	0.00685	0.00472	0.00238	0.00577
12	0.00841	0.00542	0.00685	0.00642	0.00762	0.00506	0.00470	0.01050	0.01343	0.05767	0.57099	0.03545	0.04001	0.12039	0.00866	0.00207	0.00291	0.00855	0.08004	0.00487
13	0.00989	0.00937	0.01599	0.78552	0.03566	0.01161	0.03265	0.01339	0.01046	0.01339	0.00929	0.01389	0.00697	0.00519	0.00523	0.00174	0.00699	0.00466	0.00232	0.00582
14	0.00983	0.00926	0.01562	0.80447	0.03587	0.01157	0.01446	0.01331	0.01041	0.01331	0.00926	0.01388	0.00694	0.00521	0.00521	0.00174	0.00694	0.00463	0.00231	0.00579
15	0.01045	0.00988	0.01673	0.64874	0.18678	0.01173	0.01477	0.01385	0.01070	0.01405	0.00936	0.01368	0.00721	0.00509	0.00520	0.00170	0.00679	0.00463	0.00237	0.00628
16	0.00757	0.00505	0.00568	0.00568	0.00568	0.00505	0.00316	0.00757	0.00757	0.01010	0.01641	0.03408	0.01893	0.81698	0.02651	0.00505	0.00505	0.00757	0.00316	0.00316
17	0.01256	0.01204	0.02054	0.11558	0.70346	0.01229	0.01582	0.01569	0.01170	0.01661	0.00974	0.01300	0.00811	0.00470	0.00516	0.00157	0.00627	0.00464	0.00255	0.00798
18	0.85377	0.01007	0.00765	0.00685	0.01007	0.01168	0.00564	0.01531	0.00886	0.02336	0.00725	0.00846	0.00564	0.00483	0.00322	0.00161	0.00403	0.00282	0.00322	0.00564
19	0.01973	0.00990	0.01284	0.01018	0.01393	0.00964	0.04123	0.07680	0.19368	0.49631	0.01958	0.01765	0.01311	0.00647	0.00524	0.00164	0.00457	0.00538	0.03361	0.00850
20	0.04093	0.00657	0.00699	0.00666	0.00868	0.00612	0.00500	0.01120	0.11746	0.01595	0.06821	0.15265	0.42982	0.01146	0.00577	0.00171	0.00307	0.00969	0.00470	0.08737
21	0.01054	0.00924	0.01252	0.13987	0.12856	0.00869	0.00896	0.01417	0.08535	0.01634	0.01320	0.12392	0.01218	0.00623	0.00479	0.00132	0.00460	0.00546	0.00335	0.39068
22	0.00915	0.00773	0.03690	0.01065	0.01249	0.00733	0.05643	0.01300	0.08643	0.01629	0.02525	0.05046	0.02641	0.01272	0.00687	0.00227	0.00508	0.60455	0.00462	0.00537
23	0.01046	0.00887	0.01042	0.00760	0.01190	0.00674	0.00605	0.01279	0.01118	0.01735	0.08463	0.01354	0.01176	0.00452	0.00408	0.00086	0.00372	0.00370	0.00334	0.76647
24	0.05092	0.01905	0.01538	0.01550	0.13930	0.42152	0.01058	0.20171	0.01630	0.01898	0.00969	0.01102	0.00767	0.00547	0.00480	0.00143	0.00753	0.00392	0.03219	0.00703
25	0.00651	0.00529	0.00577	0.00565	0.00725	0.00455	0.00423	0.00816	0.01270	0.01605	0.26450	0.04686	0.56941	0.01245	0.00615	0.00172	0.00259	0.01053	0.00510	0.00455
26	0.85377	0.01007	0.00765	0.00685	0.01007	0.01168	0.00564	0.01531	0.00886	0.02336	0.00725	0.00846	0.00564	0.00483	0.00322	0.00161	0.00403	0.00282	0.00322	0.00564
27	0.00745	0.00553	0.00811	0.00811	0.00895	0.00637	0.00618	0.00913	0.00829	0.01189	0.01419	0.02179	0.01360	0.11496	0.72123	0.00805	0.01308	0.00577	0.00283	0.00450
28	0.85377	0.01007	0.00765	0.00685	0.01007	0.01168	0.00564	0.01531	0.00886	0.02336	0.00725	0.00846	0.00564	0.00483	0.00322	0.00161	0.00403	0.00282	0.00322	0.00564
29	0.01913	0.01425	0.01525	0.01185	0.01590	0.01584	0.00974	0.69498	0.09773	0.03174	0.01335	0.01318	0.00954	0.00633	0.00522	0.00158	0.00557	0.00481	0.00522	0.00880
30	0.01629	0.48023	0.02193	0.01084	0.01453	0.35202	0.00940	0.01782	0.01237	0.01246	0.00759	0.00880	0.00669	0.00484	0.00392	0.00121	0.00720	0.00303	0.00242	0.00641
31	0.01493	0.01188	0.01888	0.02608	0.57710	0.01187	0.01390	0.05987	0.05522	0.14021	0.01228	0.01399	0.00944	0.00515	0.00518	0.00157	0.00577	0.00481	0.00349	0.00838
32	0.01377	0.01215	0.01936	0.10430	0.56765	0.03874	0.02929	0.01723	0.04276	0.08759	0.01114	0.01360	0.00879	0.00498	0.00518	0.00158	0.00618	0.00473	0.00302	0.00796
33	0.01295	0.01119	0.01178	0.01060	0.01354	0.01295	0.00824	0.02767	0.77509	0.02178	0.02120	0.01943	0.01590	0.00707	0.00530	0.00177	0.00412	0.00589	0.00530	0.00824
34	0.01056	0.00999	0.01692	0.62207	0.21263	0.01176	0.01482	0.01394	0.01075	0.01418	0.00938	0.01365	0.00725	0.00507	0.00519	0.00169	0.00676	0.00463	0.00238	0.00637
35	0.04835	0.01781	0.01469	0.01304	0.01455	0.40615	0.01028	0.01664	0.01143	0.01305	0.00777	0.01068	0.00700	0.00839	0.04475	0.00205	0.34107	0.00393	0.00254	0.00582
36	0.00690	0.00520	0.00685	0.02362	0.02682	0.00488	0.00554	0.00836	0.01123	0.01482	0.13746	0.46175	0.15838	0.01429	0.00649	0.00200	0.00322	0.09277	0.00485	0.00454
37	0.00730	0.00532	0.00715	0.00795	0.00836	0.00546	0.00564	0.00835	0.01001	0.02849	0.02629	0.67198	0.03090	0.01518	0.00754	0.00212	0.07590	0.05126	0.02031	0.00449
38	0.01080	0.00926	0.01080	0.00771	0.01234	0.00694	0.00617	0.01311	0.01080	0.01697	0.00926	0.01080	0.00771	0.00386	0.00386	0.00077	0.00386	0.00309	0.00309	0.84882
39	0.01869	0.02297	0.01445	0.01303	0.01558	0.69570	0.00986	0.04977	0.01466	0.01380	0.00853	0.01001	0.00707	0.00561	0.00527	0.00139	0.04753	0.00353	0.03646	0.00609
40	0.85377	0.01007	0.00765	0.00685	0.01007	0.01168	0.00564	0.01531	0.00886	0.02336	0.00725	0.00846	0.00564	0.00483	0.00322	0.00161	0.00403	0.00282	0.00322	0.00564
41	0.00746	0.00500	0.00571	0.00582	0.00585	0.00498	0.00330	0.00754	0.00779	0.01038	0.01750	0.10331	0.02031	0.74587	0.02474	0.00479	0.00487	0.00822	0.00330	0.00325
42	0.00859	0.00718	0.01149	0.05000	0.17259	0.00762	0.03238	0.01061	0.00968	0.01357	0.01626	0.20490	0.01670	0.03519	0.37302	0.00491	0.00915	0.00755	0.00320	0.00541
43	0.01345	0.01245	0.01987	0.02848	0.65482	0.01273	0.01481	0.07710	0.08040	0.01870	0.01102	0.01344	0.00897	0.00498	0.00517	0.00157	0.00597	0.00475	0.00303	0.00830
44	0.00828	0.00532	0.00645	0.00624	0.00679	0.00527	0.00404	0.00910	0.00946	0.04696	0.16384	0.03249	0.02373	0.52437	0.09604	0.00444	0.00531	0.00755	0.03038	0.00395
45	0.00854	0.00678	0.00857	0.08531	0.01164	0.00709	0.00648	0.01332	0.17081	0.01873	0.38758	0.16539	0.06837	0.01046	0.00596	0.00176	0.00334	0.00921	0.00512	0.00555
46	0.00726	0.00532	0.00681	0.00644	0.00771	0.00487	0.00483	0.00962	0.01448	0.02028	0.71671	0.03990	0.11455	0.01087	0.00614	0.00165	0.00247	0.00956	0.00565	0.00487
47	0.01652	0.01650	0.01432	0.06870	0.06112	0.32644	0.00993	0.18000	0.01497	0.05347	0.01064	0.01382	0.00892	0.08587	0.02682	0.00205	0.07550	0.00446	0.00339	0.00655
48	0.01909	0.02386	0.01482	0.04444	0.01688	0.73854	0.01023	0.04606	0.01492	0.01345	0.00825	0.00967	0.00679	0.00539	0.00473	0.00136	0.00917	0.00345	0.00276	0.00612
49	0.00943	0.00605	0.00783	0.00693	0.00877	0.00538	0.00531	0.01180	0.01438	0.10624	0.61830	0.03437	0.05487	0.00965	0.00585	0.00156	0.00280	0.00844	0.00557	0.07648
50	0.07875	0.04691	0.09227	0.01681	0.22127	0.01162	0.06068	0.11241	0.02416	0.24620	0.02966	0.01428	0.01022	0.00555	0.00503	0.00158	0.00564	0.00475	0.00415	0.00804
51	0.01129	0.22001	0.60435	0.01340	0.02031	0.01417	0.01673	0.01627	0.01089	0.01546	0.00883	0.01035	0.00662	0.00483	0.00456	0.00152	0.00718	0.00359	0.00221	0.00745
52	0.00650	0.00465	0.00618	0.00715	0.00759	0.00433	0.00485	0.00763	0.01067	0.01441	0.13987	0.69923	0.03661	0.01548	0.00657	0.00204	0.00294	0.01401	0.00497	0.00433
53	0.01121	0.20238	0.62130	0.01353	0.02051	0.01398	0.01696	0.01629	0.01090	0.01555	0.00888	0.01041	0.00662	0.00484	0.00459	0.00153	0.00723	0.00361	0.00221	0.00747
54	0.00759	0.00543	0.00744	0.00846	0.00936	0.00528	0.00680	0.00949	0.01161	0.01539	0.11097	0.31217	0.03359	0.01463	0.00689	0.00222	0.00394	0.41922	0.00491	0.00462
55	0.00634	0.00453	0.00604	0.00725	0.00755	0.00423	0.00483	0.00725	0.00997	0.01329	0.02870	0.81358	0.03444	0.01632	0.00665	0.00211	0.00302	0.01480	0.00483	0.00423
56	0.00731	0.00522	0.00715	0.00835	0.00908	0.00506	0.00651	0.00892	0.01092	0.01437	0.02817	0.45854	0.03234	0.01541	0.00690	0.00225	0.00386	0.36035	0.00482	0.00450
57	0.00829	0.00592	0.00827	0.00947	0.01063	0.00591	0.00821	0.01061	0.01189	0.01547	0.02763	0.09652	0.03019	0.01448	0.00717	0.00238	0.00471	0.71268	0.00480	0.00477
58	0.01218	0.01270	0.01583	0.01365	0.01391	0.09207	0.01126	0.01334	0.00864	0.01255	0.00695	0.01120	0.00682	0.00875	0.01588	0.00219	0.72958	0.00444	0.00232	0.00573
59	0.01945	0.02482	0.01476	0.01342	0.01610	0.79608	0.01006	0.02079	0.01476	0.01275	0.00805	0.00939	0.00671	0.00537	0.00470	0.00134	0.00939	0.00335	0.00268	0.00604
60	0.01040	0.01003	0.01541	0.73408	0.03400	0.04628	0.01399	0.01428	0.04475	0.01366	0.00974	0.01393	0.00733	0.00530	0.00519	0.00172	0.00692	0.00463	0.00246	0.00591
61	0.01292	0.01188	0.01722	0.02303	0.46195	0.01262	0.01274	0.02087	0.33117	0.01901	0.01457	0.01563	0.01145	0.00565	0.00522	0.00164	0.00532	0.00516	0.00372	0.00825
62	0.00783	0.00615	0.00911	0.00889	0.00973	0.00743	0.00699	0.00961	0.00833	0.01213	0.01325	0.01957	0.01242	0.03614	0.72031	0.00778	0.09138	0.00548	0.00274	0.00475
63	0.01407	0.00647	0.00744	0.00646	0.00861	0.00621	0.00509	0.05366	0.01273	0.23738	0.01777	0.01859	0.01299	0.00618	0.00417	0.00134	0.00316	0.00495	0.56652	0.00619
64	0.06356	0.00858	0.01136	0.00888	0.01259	0.00759	0.00729	0.02336	0.01459	0.67479	0.09415	0.01933	0.01606	0.00677	0.00522	0.00161	0.00422	0.00552	0.00621	0.00832
65	0.01095	0.02371	0.62499	0.01445	0.02123	0.01229	0.05072	0.01838	0.13978	0.01739	0.01140	0.01255	0.00822	0.00528	0.00506	0.00167	0.00714	0.00429	0.00274	0.00776
66	0.00647	0.00529	0.00571	0.00560	0.00723	0.00453	0.00420	0.00808	0.01261	0.01582	0.23989	0.04724	0.59416	0.01254	0.00615	0.00173	0.00259	0.01059	0.00507	0.00453
67	0.04133	0.00901	0.01206	0.00927	0.01328	0.00792	0.00766	0.04055	0.01497	0.75582	0.02009	0.01742	0.01265	0.00641	0.00519	0.00161	0.00445	0.00517	0.00635	0.00879
68	0.03335	0.01120	0.01589	0.09169	0.06344	0.01510	0.01173	0.01337	0.03270	0.01346	0.00772	0.01191	0.00719	0.00828	0.01446	0.00215	0.63344	0.00457	0.00242	0.00594
69	0.05557	0.06207	0.01491	0.01218	0.01536	0.45503	0.00952	0.17826	0.09052	0.04278	0.01059	0.01119	0.00820	0.00568	0.00474	0.00144	0.00751	0.00389	0.00359	0.00695
70	0.00744	0.00531	0.00689	0.00650	0.00773	0.00491	0.00487	0.00990	0.01462	0.02084	0.75760	0.03828	0.04801	0.01050	0.00606	0.00162	0.00246	0.00927	0.03227	0.00491
71	0.02014	0.01403	0.01528	0.01172	0.01587	0.01532	0.00968	0.69475	0.02355	0.10652	0.01329	0.01301	0.00925	0.00627	0.00521	0.00157	0.00560	0.00474	0.00533	0.00886
72	0.29101	0.01127	0.01179	0.06577	0.01448	0.01249	0.00815	0.33138	0.01616	0.08971	0.01281	0.08988	0.01050	0.00671	0.00470	0.00165	0.00489	0.00511	0.00442	0.00714
73	0.01049	0.01003	0.01750	0.48232	0.19103	0.01126	0.09106	0.01388	0.01133	0.01518	0.08488	0.01613	0.01144	0.00553	0.00538	0.00169	0.00653	0.00525	0.00274	0.00635
74	0.01284	0.01283	0.01752	0.02437	0.52137	0.11081	0.01303	0.01631	0.06273	0.01695	0.08085	0.01739	0.05836	0.00593	0.00525	0.00156	0.00592	0.00536	0.00318	0.00744
75	0.00983	0.00926	0.01562	0.80447	0.03587	0.01157	0.01446	0.01331	0.01041	0.01331	0.00926	0.01388	0.00694	0.00521	0.00521	0.00174	0.00694	0.00463	0.00231	0.00579
76	0.01221	0.01051	0.01742	0.34110	0.37472	0.01137	0.01410	0.01556	0.02545	0.07456	0.04469	0.01493	0.01002	0.00532	0.00523	0.00164	0.00616	0.00491	0.00295	0.00715
77	0.01322	0.10514	0.41860	0.01200	0.01761	0.01105	0.02725	0.01728	0.01197	0.18722	0.04678	0.05871	0.03792	0.00636	0.00505	0.00161	0.00611	0.00516	0.00354	0.00741
78	0.00621	0.00529	0.00536	0.00539	0.00713	0.00444	0.00407	0.00756	0.01187	0.01411	0.05210	0.05034	0.76277	0.01322	0.00618	0.00178	0.00269	0.03024	0.00483	0.00441
79	0.00671	0.00504	0.00623	0.00648	0.00752	0.00455	0.00465	0.00835	0.01237	0.01656	0.34018	0.31224	0.22359	0.01325	0.00632	0.00183	0.00270	0.01168	0.00520	0.00455
80	0.01163	0.08250	0.41176	0.01659	0.08906	0.01310	0.15269	0.01803	0.12158	0.01701	0.01115	0.01273	0.00833	0.00509	0.00511	0.00163	0.00708	0.00455	0.00276	0.00762
81	0.00999	0.00941	0.01590	0.76581	0.07333	0.01161	0.01454	0.01344	0.01049	0.01349	0.00928	0.01383	0.00701	0.00518	0.00520	0.00173	0.00690	0.00463	0.00233	0.00591
82	0.02203	0.00847	0.01138	0.00883	0.01259	0.00738	0.00726	0.02409	0.01452	0.71310	0.02020	0.01789	0.01294	0.00641	0.00508	0.00157	0.00424	0.00520	0.08836	0.00847
83	0.03890	0.05849	0.57914	0.01336	0.01964	0.04691	0.01603	0.05473	0.01168	0.01690	0.01118	0.08912	0.00941	0.00612	0.00499	0.00165	0.00700	0.00486	0.00267	0.00723
84	0.01195	0.01645	0.17225	0.02062	0.02634	0.01297	0.62647	0.01665	0.01205	0.01665	0.01031	0.01348	0.00766	0.00449	0.00592	0.00174	0.00858	0.00572	0.00255	0.00715
85	0.00634	0.00453	0.00604	0.00725	0.00755	0.00423	0.00483	0.00725	0.00997	0.01329	0.02870	0.81358	0.03444	0.01632	0.00665	0.00211	0.00302	0.01480	0.00483	0.00423
86	0.11846	0.01795	0.01344	0.01156	0.01463	0.40996	0.00900	0.12780	0.01513	0.15586	0.01094	0.01173	0.00822	0.02014	0.00549	0.00155	0.03359	0.00393	0.00378	0.00684
87	0.00662	0.00529	0.00593	0.00577	0.00732	0.00460	0.00433	0.00838	0.01298	0.01670	0.33382	0.04579	0.49968	0.01221	0.00615	0.00171	0.00257	0.01038	0.00518	0.00460
88	0.01034	0.00977	0.01653	0.67659	0.15979	0.01170	0.01471	0.01375	0.01065	0.01392	0.00935	0.01372	0.00716	0.00511	0.00520	0.00170	0.00682	0.00463	0.00236	0.00619
89	0.00746	0.00522	0.00660	0.00636	0.00755	0.00483	0.00473	0.00974	0.01388	0.01983	0.61419	0.09054	0.08639	0.01073	0.00593	0.00164	0.00250	0.00943	0.08760	0.00483
90	0.01134	0.00960	0.01035	0.00964	0.01204	0.01082	0.00736	0.02270	0.58459	0.02004	0.05776	0.14915	0.05421	0.00898	0.00559	0.00182	0.00380	0.00770	0.00522	0.00728
91	0.01945	0.02482	0.01476	0.01342	0.01610	0.79608	0.01006	0.02079	0.01476	0.01275	0.00805	0.00939	0.00671	0.00537	0.00470	0.00134	0.00939	0.00335	0.00268	0.00604
92	0.20352	0.00925	0.01071	0.00825	0.01229	0.00833	0.00675	0.01938	0.01230	0.38154	0.01413	0.01354	0.00969	0.00529	0.00437	0.00135	0.00417	0.00404	0.00470	0.26640
93	0.21140	0.02848	0.01281	0.01164	0.04410	0.40383	0.00868	0.01989	0.03929	0.13438	0.03246	0.01176	0.00900	0.00558	0.00450	0.00147	0.00684	0.00382	0.00355	0.00652
94	0.02180	0.00852	0.01159	0.00900	0.01276	0.00739	0.00739	0.02386	0.01489	0.71324	0.09482	0.01979	0.01643	0.00686	0.00533	0.00161	0.00424	0.00564	0.00638	0.00848
95	0.01251	0.01060	0.01704	0.36041	0.31850	0.01166	0.01383	0.01681	0.08598	0.08437	0.01163	0.01439	0.00884	0.00528	0.00520	0.00166	0.00615	0.00481	0.00307	0.00724
96	0.00719	0.00538	0.00745	0.08484	0.01054	0.00530	0.00595	0.00905	0.01207	0.01654	0.33955	0.38412	0.03769	0.01280	0.00632	0.00189	0.00324	0.04044	0.00496	0.00469
97	0.01080	0.00923	0.01469	0.55212	0.08087	0.01096	0.01276	0.03902	0.04526	0.04892	0.03529	0.01562	0.00968	0.00881	0.08244	0.00236	0.00716	0.00496	0.00290	0.00616
98	0.01965	0.12089	0.01494	0.01143	0.08179	0.03523	0.00864	0.04065	0.06753	0.49068	0.04330	0.01647	0.01279	0.00616	0.00499	0.00154	0.00484	0.00496	0.00527	0.00824
99	0.01023	0.02468	0.70381	0.01402	0.02104	0.01147	0.01773	0.01614	0.02767	0.01700	0.07820	0.01365	0.01057	0.00550	0.00506	0.00165	0.00715	0.00439	0.00258	0.00746
100	0.01054	0.04967	0.76814	0.01467	0.02228	0.01234	0.01894	0.01647	0.01098	0.01637	0.00929	0.01092	0.00660	0.00493	0.00490	0.00163	0.00764	0.00382	0.00220	0.00767
101	0.01778	0.31326	0.09421	0.01054	0.01484	0.16353	0.00977	0.04028	0.01316	0.25788	0.01194	0.01188	0.00870	0.00535	0.00441	0.00138	0.00615	0.00382	0.00372	0.00741

[dist]
# distance from previous block
# <min> <max>
0	4

# created by:
# /home/berkeley/.conda/envs/busco_data_prod/bin/msa2prfl.pl pipeline/OGs_align_augustus/33634/121776.fs
