[name]
unknown

[dist]
# distance from previous block
# <min> <max>
0	179

[block]
# block no. 0 follows, 37 sequences, length 26
# corresponding to MSA columns:
# 195-217,219-221
name=unknown_A
#
# <colnr> <probs for GDERKNQSTAVLIFYWHMCP>
#	G	D	E	R	K	N	Q	S	T	A	V	L	I	F	Y	W	H	M	C	P
0	0.00986	0.00705	0.00986	0.01127	0.01268	0.00705	0.00986	0.01268	0.01409	0.01832	0.03241	0.06905	0.03523	0.01691	0.00845	0.00282	0.00564	0.70549	0.00564	0.00564
1	0.00866	0.00626	0.00818	0.00770	0.00914	0.00578	0.00578	0.01155	0.01733	0.02455	0.74346	0.04572	0.05776	0.01251	0.00722	0.00193	0.00289	0.01107	0.00674	0.00578
2	0.00885	0.00605	0.00727	0.00720	0.00753	0.00612	0.00447	0.00951	0.01019	0.01391	0.11968	0.03892	0.02636	0.58857	0.11555	0.00585	0.00677	0.00892	0.00408	0.00421
3	0.00890	0.00593	0.00668	0.00668	0.00668	0.00593	0.00371	0.00890	0.00890	0.01187	0.01929	0.04006	0.02225	0.78487	0.03116	0.00593	0.00593	0.00890	0.00371	0.00371
4	0.01212	0.00959	0.01038	0.00924	0.01142	0.05469	0.00711	0.12613	0.04187	0.02589	0.51010	0.03749	0.06645	0.01107	0.00680	0.00188	0.00407	0.00947	0.03756	0.00669
5	0.01141	0.00571	0.00571	0.00571	0.00713	0.00571	0.00428	0.01426	0.01284	0.02282	0.01997	0.02282	0.01569	0.00713	0.00428	0.00143	0.00285	0.00571	0.81886	0.00571
6	0.01334	0.22914	0.56502	0.01563	0.02368	0.01683	0.01945	0.01911	0.01280	0.01809	0.01034	0.01211	0.00778	0.00566	0.00532	0.00177	0.00839	0.00420	0.00259	0.00874
7	0.66076	0.01240	0.01089	0.01027	0.05033	0.01410	0.00781	0.10165	0.01303	0.02829	0.03659	0.01210	0.00913	0.00612	0.00431	0.00188	0.00503	0.00397	0.00413	0.00720
8	0.01141	0.00571	0.00571	0.00571	0.00713	0.00571	0.00428	0.01426	0.01284	0.02282	0.01997	0.02282	0.01569	0.00713	0.00428	0.00143	0.00285	0.00571	0.81886	0.00571
9	0.16407	0.02453	0.01562	0.01400	0.01740	0.56511	0.01067	0.02378	0.01615	0.08049	0.01056	0.01169	0.00829	0.00631	0.00527	0.00166	0.00943	0.00402	0.00365	0.00730
10	0.01228	0.03166	0.75316	0.01745	0.02649	0.01422	0.02262	0.01939	0.01292	0.01939	0.01099	0.01292	0.00775	0.00582	0.00582	0.00194	0.00905	0.00452	0.00258	0.00905
11	0.01596	0.01295	0.01403	0.01235	0.01578	0.01462	0.00982	0.17310	0.47519	0.02759	0.07548	0.02677	0.02122	0.00915	0.00647	0.00208	0.00516	0.06688	0.00619	0.00921
12	0.00753	0.00542	0.00713	0.00837	0.00887	0.00503	0.00564	0.00873	0.01217	0.01624	0.08040	0.70294	0.07167	0.01859	0.00775	0.00243	0.00349	0.01680	0.00575	0.00503
13	0.01515	0.01454	0.02485	0.03757	0.74669	0.01454	0.01879	0.01879	0.01394	0.02000	0.01151	0.01515	0.00970	0.00545	0.00606	0.00182	0.00727	0.00545	0.00303	0.00970
14	0.01515	0.01454	0.02485	0.03757	0.74669	0.01454	0.01879	0.01879	0.01394	0.02000	0.01151	0.01515	0.00970	0.00545	0.00606	0.00182	0.00727	0.00545	0.00303	0.00970
15	0.02299	0.02267	0.01746	0.01473	0.01865	0.44833	0.03799	0.13711	0.01890	0.14954	0.01307	0.01364	0.00968	0.00658	0.00575	0.00166	0.00901	0.00470	0.00443	0.04310
16	0.01470	0.01529	0.02967	0.05908	0.40024	0.01493	0.33536	0.01904	0.01410	0.01966	0.01188	0.01580	0.00946	0.00535	0.00658	0.00194	0.00867	0.00625	0.00305	0.00894
17	0.00866	0.00626	0.00818	0.00770	0.00914	0.00578	0.00578	0.01155	0.01733	0.02455	0.74346	0.04572	0.05776	0.01251	0.00722	0.00193	0.00289	0.01107	0.00674	0.00578
18	0.01642	0.66196	0.10227	0.01146	0.01699	0.04710	0.01176	0.04350	0.01322	0.01576	0.00900	0.01034	0.00794	0.00540	0.00424	0.00140	0.00695	0.00350	0.00276	0.00804
19	0.10499	0.01290	0.01800	0.07883	0.09589	0.03128	0.09729	0.12549	0.01713	0.26522	0.05755	0.01978	0.01447	0.00721	0.00613	0.00193	0.00649	0.02520	0.00533	0.00891
20	0.01339	0.01339	0.01875	0.01607	0.01607	0.01875	0.01339	0.01473	0.00937	0.01473	0.00804	0.01339	0.00804	0.01071	0.02009	0.00268	0.77367	0.00536	0.00268	0.00670
21	0.02402	0.00960	0.01305	0.01039	0.01445	0.00836	0.00842	0.02633	0.01702	0.62116	0.09282	0.08647	0.02128	0.00901	0.00639	0.00195	0.00485	0.00756	0.00734	0.00953
22	0.14829	0.01307	0.01347	0.01116	0.01484	0.08766	0.00892	0.15999	0.01703	0.27821	0.01701	0.01854	0.01260	0.06021	0.10883	0.00317	0.00758	0.00558	0.00543	0.00840
23	0.01290	0.01168	0.01833	0.63233	0.06567	0.01418	0.01617	0.07597	0.05830	0.01833	0.01209	0.01654	0.00906	0.00633	0.00612	0.00202	0.00780	0.00554	0.00323	0.00739
24	0.01141	0.00571	0.00571	0.00571	0.00713	0.00571	0.00428	0.01426	0.01284	0.02282	0.01997	0.02282	0.01569	0.00713	0.00428	0.00143	0.00285	0.00571	0.81886	0.00571
25	0.05513	0.01200	0.01842	0.51466	0.13330	0.01389	0.01562	0.08108	0.01392	0.01920	0.01119	0.01546	0.00855	0.00602	0.00589	0.00191	0.00751	0.00523	0.00318	0.05782

[dist]
# distance from previous block
# <min> <max>
0	3

[block]
# block no. 1 follows, 37 sequences, length 39
# corresponding to MSA columns:
# 225-263
name=unknown_B
#
# <colnr> <probs for GDERKNQSTAVLIFYWHMCP>
#	G	D	E	R	K	N	Q	S	T	A	V	L	I	F	Y	W	H	M	C	P
0	0.01123	0.00572	0.00578	0.00578	0.00710	0.00572	0.00424	0.01388	0.01255	0.02203	0.01992	0.02407	0.01616	0.06327	0.00622	0.00175	0.00308	0.00594	0.76002	0.00556
1	0.01405	0.14412	0.01465	0.01005	0.01167	0.01129	0.00796	0.03566	0.01067	0.08996	0.01174	0.01676	0.01050	0.01642	0.05308	0.42144	0.10626	0.00512	0.00330	0.00528
2	0.08170	0.01305	0.01541	0.01190	0.01663	0.01309	0.00982	0.29120	0.02126	0.43231	0.01950	0.01776	0.01277	0.00736	0.00598	0.00187	0.00575	0.00572	0.00677	0.01015
3	0.00866	0.00626	0.00818	0.00770	0.00914	0.00578	0.00578	0.01155	0.01733	0.02455	0.74346	0.04572	0.05776	0.01251	0.00722	0.00193	0.00289	0.01107	0.00674	0.00578
4	0.02045	0.01574	0.01678	0.01351	0.01791	0.01767	0.01095	0.48299	0.27667	0.03403	0.01828	0.01755	0.01331	0.00768	0.00616	0.00192	0.00607	0.00601	0.00616	0.01016
5	0.01141	0.00571	0.00571	0.00571	0.00713	0.00571	0.00428	0.01426	0.01284	0.02282	0.01997	0.02282	0.01569	0.00713	0.00428	0.00143	0.00285	0.00571	0.81886	0.00571
6	0.01077	0.00673	0.00881	0.00802	0.00986	0.00613	0.00611	0.01356	0.01726	0.10715	0.64251	0.04325	0.07197	0.01203	0.00710	0.00193	0.00316	0.01056	0.00680	0.00629
7	0.01637	0.78856	0.03208	0.01047	0.01571	0.02422	0.01047	0.01833	0.01244	0.01440	0.00851	0.00982	0.00786	0.00524	0.00393	0.00131	0.00655	0.00327	0.00262	0.00786
8	0.01141	0.00571	0.00571	0.00571	0.00713	0.00571	0.00428	0.01426	0.01284	0.02282	0.01997	0.02282	0.01569	0.00713	0.00428	0.00143	0.00285	0.00571	0.81886	0.00571
9	0.02135	0.01893	0.01870	0.01502	0.01925	0.20135	0.07533	0.40731	0.02293	0.05684	0.01499	0.07191	0.01213	0.00779	0.00620	0.00184	0.00783	0.00620	0.00514	0.00898
10	0.00861	0.00729	0.03813	0.00787	0.00964	0.00606	0.00625	0.01122	0.01584	0.02179	0.51573	0.04716	0.17750	0.06677	0.00887	0.00226	0.00348	0.03375	0.00613	0.00565
11	0.01329	0.01001	0.01138	0.01003	0.01249	0.01078	0.00783	0.15713	0.16756	0.02629	0.28637	0.06151	0.05942	0.01034	0.00699	0.00194	0.03390	0.00862	0.09663	0.00747
12	0.00890	0.00593	0.00668	0.00668	0.00668	0.00593	0.00371	0.00890	0.00890	0.01187	0.01929	0.04006	0.02225	0.78487	0.03116	0.00593	0.00593	0.00890	0.00371	0.00371
13	0.01226	0.01726	0.25949	0.01805	0.17193	0.01150	0.01472	0.01570	0.01181	0.01738	0.01182	0.01641	0.01012	0.04239	0.09365	0.10847	0.04368	0.00514	0.00295	0.11527
14	0.76696	0.07035	0.01074	0.00823	0.01213	0.01452	0.00692	0.01802	0.01057	0.02648	0.00852	0.00993	0.00672	0.00565	0.00380	0.00185	0.00487	0.00331	0.00370	0.00672
15	0.01913	0.46527	0.02581	0.01273	0.01708	0.33758	0.01105	0.02093	0.01453	0.01465	0.00892	0.01034	0.00787	0.00569	0.00461	0.00142	0.00846	0.00356	0.00285	0.00753
16	0.01651	0.57165	0.13242	0.01193	0.01761	0.02194	0.01230	0.09712	0.03687	0.01813	0.01006	0.01121	0.00846	0.00565	0.00451	0.00148	0.00687	0.00381	0.00311	0.00836
17	0.00876	0.00649	0.00951	0.00951	0.01050	0.00748	0.00725	0.01072	0.00974	0.01397	0.01669	0.02569	0.01601	0.12156	0.68594	0.00944	0.01533	0.00680	0.00332	0.00529
18	0.01904	0.01097	0.01629	0.33913	0.04764	0.01168	0.01287	0.04752	0.04469	0.33482	0.01804	0.02017	0.01262	0.00722	0.00621	0.00199	0.00659	0.02867	0.00519	0.00865
19	0.04422	0.01182	0.01576	0.01356	0.06584	0.01137	0.03730	0.12649	0.06587	0.45986	0.02125	0.04125	0.01484	0.03311	0.00700	0.00205	0.00570	0.00644	0.00652	0.00976
20	0.01339	0.01339	0.01875	0.01607	0.01607	0.01875	0.01339	0.01473	0.00937	0.01473	0.00804	0.01339	0.00804	0.01071	0.02009	0.00268	0.77367	0.00536	0.00268	0.00670
21	0.01508	0.01298	0.01373	0.01243	0.01583	0.01500	0.00969	0.03199	0.71617	0.02541	0.02512	0.02408	0.01913	0.00854	0.00629	0.00210	0.00487	0.02576	0.00621	0.00958
22	0.02174	0.01639	0.01751	0.01377	0.01840	0.01827	0.01126	0.59425	0.16331	0.03611	0.01664	0.01625	0.01199	0.00753	0.00614	0.00188	0.00638	0.00578	0.00614	0.01027
23	0.01141	0.00571	0.00571	0.00571	0.00713	0.00571	0.00428	0.01426	0.01284	0.02282	0.01997	0.02282	0.01569	0.00713	0.00428	0.00143	0.00285	0.00571	0.81886	0.00571
24	0.00976	0.00756	0.00859	0.00821	0.01034	0.00714	0.00649	0.08988	0.01644	0.02120	0.21784	0.05232	0.38867	0.01408	0.00729	0.00212	0.00384	0.11627	0.00598	0.00597
25	0.01988	0.01508	0.01636	0.01339	0.01756	0.01677	0.01098	0.48315	0.19397	0.03326	0.01908	0.02267	0.01512	0.00864	0.00641	0.00200	0.00617	0.08372	0.00609	0.00971
26	0.01261	0.02960	0.67090	0.01689	0.02532	0.01433	0.02118	0.02085	0.09333	0.02008	0.01253	0.01403	0.00897	0.00609	0.00586	0.00195	0.00858	0.00479	0.00299	0.00912
27	0.02358	0.06671	0.09722	0.01135	0.01635	0.01040	0.01037	0.02649	0.01664	0.56347	0.07578	0.02106	0.01703	0.00759	0.00604	0.00186	0.00555	0.00614	0.00661	0.00974
28	0.01246	0.02477	0.47801	0.01860	0.02604	0.01362	0.20893	0.01857	0.01382	0.02002	0.09286	0.01754	0.01373	0.00639	0.00635	0.00197	0.00870	0.00598	0.00318	0.00847
29	0.01404	0.09939	0.02341	0.28813	0.42150	0.01529	0.01724	0.01765	0.01318	0.01787	0.01096	0.01496	0.00896	0.00566	0.00584	0.00184	0.00750	0.00521	0.00288	0.00849
30	0.01032	0.00907	0.01067	0.01050	0.01182	0.09139	0.00812	0.01243	0.01067	0.01430	0.01562	0.02260	0.01448	0.04150	0.67660	0.00892	0.01580	0.00627	0.00327	0.00565
31	0.01197	0.02712	0.59377	0.01734	0.02512	0.01332	0.09549	0.01820	0.01295	0.01899	0.01367	0.09875	0.01156	0.00723	0.00619	0.00201	0.00857	0.00624	0.00298	0.00851
32	0.29790	0.01229	0.01613	0.07881	0.29851	0.01326	0.01227	0.01850	0.06732	0.02319	0.09287	0.01740	0.01453	0.00659	0.00541	0.00189	0.00578	0.00544	0.00392	0.00796
33	0.02221	0.01351	0.01622	0.01429	0.07183	0.01408	0.01073	0.24816	0.19755	0.29384	0.02042	0.01897	0.01412	0.00752	0.00616	0.00192	0.00575	0.00609	0.00645	0.01018
34	0.07153	0.00763	0.00889	0.00893	0.01048	0.00770	0.00651	0.09052	0.03845	0.02130	0.17823	0.41807	0.07870	0.01489	0.00711	0.00221	0.00387	0.01310	0.00583	0.00603
35	0.00946	0.00710	0.01025	0.15053	0.01520	0.00808	0.00797	0.01115	0.01000	0.01384	0.01618	0.02746	0.01602	0.27103	0.34202	0.03557	0.01078	0.00703	0.02527	0.00506
36	0.10387	0.01294	0.02196	0.22107	0.18040	0.01375	0.18729	0.01777	0.03819	0.01995	0.06670	0.01766	0.01271	0.00635	0.00660	0.00196	0.03157	0.00607	0.00344	0.02974
37	0.56276	0.04565	0.03869	0.00976	0.01393	0.07016	0.00833	0.06130	0.01303	0.11226	0.01090	0.01170	0.00805	0.00604	0.00442	0.00184	0.00561	0.00387	0.00424	0.00747
38	0.01546	0.11826	0.05881	0.01654	0.15041	0.14127	0.03069	0.01885	0.03825	0.04493	0.11101	0.01771	0.01590	0.00650	0.00552	0.00154	0.00663	0.00532	0.00388	0.19252

[dist]
# distance from previous block
# <min> <max>
2	22

[block]
# block no. 2 follows, 37 sequences, length 17
# corresponding to MSA columns:
# 286-302
name=unknown_C
#
# <colnr> <probs for GDERKNQSTAVLIFYWHMCP>
#	G	D	E	R	K	N	Q	S	T	A	V	L	I	F	Y	W	H	M	C	P
0	0.01610	0.01648	0.02434	0.03433	0.62577	0.10950	0.04583	0.01954	0.01439	0.01934	0.01129	0.01468	0.00945	0.00555	0.00604	0.00180	0.00787	0.00533	0.00305	0.00931
1	0.01193	0.01169	0.05014	0.19442	0.10696	0.01121	0.16970	0.01548	0.01339	0.03787	0.02133	0.14621	0.05924	0.01005	0.00702	0.00220	0.00711	0.11293	0.00403	0.00709
2	0.12256	0.01868	0.01516	0.01322	0.01690	0.24550	0.01032	0.15858	0.28897	0.02500	0.01614	0.01603	0.01227	0.00718	0.00568	0.00185	0.00710	0.00528	0.00495	0.00864
3	0.01280	0.01027	0.01218	0.00897	0.01387	0.00789	0.00714	0.01553	0.01349	0.05133	0.10468	0.01724	0.01552	0.00568	0.00494	0.00108	0.00435	0.00468	0.00419	0.68416
4	0.01529	0.01773	0.03269	0.02389	0.02950	0.10997	0.60551	0.01988	0.01464	0.01881	0.01217	0.01611	0.00935	0.00691	0.03669	0.00231	0.01065	0.00678	0.00311	0.00800
5	0.01304	0.13108	0.58418	0.01736	0.02561	0.01568	0.09226	0.01927	0.01301	0.01874	0.01080	0.01287	0.00792	0.00567	0.00571	0.00187	0.00884	0.00463	0.00264	0.00881
6	0.01404	0.01249	0.07378	0.34317	0.06202	0.01204	0.05361	0.06699	0.01477	0.11228	0.04646	0.02396	0.12250	0.00793	0.00637	0.00199	0.00688	0.00690	0.00419	0.00762
7	0.01063	0.00532	0.00797	0.00797	0.00797	0.00532	0.00532	0.00797	0.00797	0.01063	0.01063	0.01861	0.01063	0.02127	0.02392	0.82190	0.00532	0.00532	0.00266	0.00266
8	0.01394	0.01068	0.01221	0.01219	0.01441	0.10711	0.03296	0.01661	0.01506	0.11133	0.04678	0.05292	0.02883	0.01382	0.00770	0.00249	0.00637	0.48255	0.00550	0.00653
9	0.04847	0.37524	0.16672	0.06894	0.02092	0.09041	0.05304	0.04826	0.01390	0.04805	0.01037	0.01205	0.00830	0.00571	0.00497	0.00162	0.00767	0.00417	0.00309	0.00812
10	0.01170	0.00822	0.00968	0.00920	0.01121	0.00816	0.00687	0.10414	0.08319	0.07001	0.16583	0.29987	0.15967	0.01401	0.00713	0.00215	0.00399	0.01221	0.00611	0.00665
11	0.00807	0.00615	0.00741	0.00726	0.00882	0.00550	0.00538	0.01033	0.01567	0.02101	0.44687	0.11643	0.29059	0.01413	0.00728	0.00202	0.00302	0.01227	0.00628	0.00550
12	0.01435	0.01396	0.05323	0.04753	0.02289	0.03773	0.31358	0.07241	0.05063	0.06573	0.05159	0.14549	0.01899	0.00911	0.00704	0.00213	0.00761	0.05379	0.00447	0.00775
13	0.01745	0.08859	0.12856	0.03783	0.01887	0.03063	0.01263	0.34711	0.03987	0.02703	0.01595	0.11267	0.01403	0.00880	0.00704	0.00197	0.05716	0.02024	0.00481	0.00874
14	0.02318	0.01073	0.01362	0.01084	0.01496	0.01012	0.00885	0.11810	0.05792	0.49354	0.09764	0.02388	0.01962	0.00828	0.00623	0.00190	0.00505	0.02201	0.04396	0.00958
15	0.01843	0.01261	0.04090	0.04565	0.08075	0.01249	0.01085	0.12210	0.21501	0.22277	0.10916	0.02405	0.02025	0.00832	0.00635	0.00197	0.00549	0.02755	0.00607	0.00924
16	0.05214	0.01460	0.13382	0.01176	0.01619	0.01216	0.01095	0.16742	0.04037	0.23797	0.01766	0.01790	0.01245	0.00727	0.00639	0.00184	0.04881	0.00553	0.17597	0.00882

[dist]
# distance from previous block
# <min> <max>
2	15

[block]
# block no. 3 follows, 37 sequences, length 34
# corresponding to MSA columns:
# 318-351
name=unknown_D
#
# <colnr> <probs for GDERKNQSTAVLIFYWHMCP>
#	G	D	E	R	K	N	Q	S	T	A	V	L	I	F	Y	W	H	M	C	P
0	0.01608	0.01312	0.06703	0.12631	0.08113	0.01143	0.03776	0.09135	0.03318	0.13999	0.01495	0.04443	0.01160	0.00644	0.00567	0.00162	0.00609	0.00549	0.02274	0.26359
1	0.07355	0.04602	0.02044	0.04510	0.29435	0.04163	0.03987	0.10560	0.03778	0.10363	0.01300	0.01503	0.01008	0.00644	0.00695	0.00185	0.07115	0.00524	0.00405	0.05824
2	0.00848	0.00668	0.00920	0.00969	0.04261	0.00613	0.03254	0.01060	0.01451	0.01957	0.31007	0.29597	0.18132	0.01478	0.00737	0.00214	0.00362	0.01319	0.00587	0.00565
3	0.01555	0.01550	0.02419	0.15944	0.11444	0.10945	0.27112	0.04385	0.01458	0.05147	0.01272	0.01631	0.00982	0.00748	0.03448	0.00222	0.03084	0.00599	0.05267	0.00788
4	0.04304	0.15945	0.02357	0.01558	0.02004	0.10670	0.18448	0.14303	0.04457	0.08930	0.04371	0.01589	0.01189	0.00706	0.00701	0.02474	0.04182	0.00559	0.00422	0.00829
5	0.01311	0.00860	0.01194	0.01071	0.01228	0.00962	0.00849	0.01524	0.01339	0.15347	0.21923	0.08870	0.02750	0.01957	0.18656	0.00399	0.17744	0.00835	0.00510	0.00670
6	0.00781	0.00557	0.00743	0.00880	0.00927	0.00527	0.00613	0.00906	0.01191	0.01582	0.03303	0.66347	0.03914	0.04762	0.00877	0.00266	0.00390	0.10371	0.00560	0.00501
7	0.01524	0.12142	0.02355	0.01628	0.02074	0.04882	0.25179	0.06807	0.22220	0.02219	0.08228	0.01993	0.01644	0.00701	0.00623	0.00189	0.00708	0.00663	0.03381	0.00838
8	0.01272	0.01283	0.04999	0.41223	0.06407	0.01402	0.08766	0.01965	0.16790	0.01851	0.01493	0.04875	0.01191	0.00713	0.00674	0.00207	0.03115	0.00639	0.00364	0.00772
9	0.00807	0.00609	0.00756	0.00825	0.00951	0.00558	0.00624	0.00993	0.01376	0.01785	0.15276	0.29964	0.25757	0.01655	0.00767	0.00234	0.00374	0.15577	0.00584	0.00529
10	0.07209	0.01116	0.01494	0.01166	0.01602	0.01055	0.05621	0.08353	0.06004	0.48149	0.07110	0.02129	0.01702	0.00765	0.00609	0.00190	0.00538	0.00637	0.03599	0.00951
11	0.35477	0.17567	0.05241	0.01163	0.01638	0.01690	0.05961	0.15600	0.03143	0.05819	0.01116	0.01221	0.00851	0.00602	0.00476	0.00178	0.00611	0.00427	0.00412	0.00808
12	0.00905	0.00619	0.00865	0.00899	0.00995	0.00667	0.00667	0.01091	0.01081	0.03190	0.02201	0.24282	0.02283	0.05738	0.43108	0.00661	0.01081	0.00967	0.08161	0.00540
13	0.12196	0.49858	0.11039	0.01134	0.01678	0.02071	0.01145	0.09039	0.01404	0.04189	0.00991	0.01103	0.00817	0.00565	0.00442	0.00153	0.00658	0.00374	0.00327	0.00817
14	0.02287	0.02917	0.01735	0.01577	0.01892	0.76030	0.01183	0.02444	0.01735	0.01498	0.00946	0.01104	0.00788	0.00631	0.00552	0.00158	0.01104	0.00394	0.00315	0.00710
15	0.00854	0.00625	0.00801	0.00757	0.00907	0.00572	0.00568	0.01131	0.01703	0.02384	0.68312	0.04689	0.11854	0.01278	0.00722	0.00194	0.00291	0.01123	0.00665	0.00572
16	0.01269	0.01088	0.01269	0.00907	0.01451	0.00816	0.00725	0.01541	0.01269	0.01995	0.01088	0.01269	0.00907	0.00453	0.00453	0.00091	0.00453	0.00363	0.00363	0.82229
17	0.01156	0.01088	0.01836	0.77016	0.04216	0.01360	0.01700	0.01564	0.01224	0.01564	0.01088	0.01632	0.00816	0.00612	0.00612	0.00204	0.00816	0.00544	0.00272	0.00680
18	0.01544	0.01541	0.02554	0.03547	0.64671	0.04926	0.08381	0.01912	0.01414	0.01973	0.01150	0.01509	0.00957	0.00547	0.00614	0.00183	0.00773	0.00555	0.00304	0.00944
19	0.01363	0.02288	0.38369	0.04902	0.37111	0.01435	0.02062	0.01899	0.01339	0.01957	0.01123	0.01409	0.00869	0.00565	0.00594	0.00188	0.00817	0.00499	0.00280	0.00929
20	0.05138	0.01555	0.01959	0.02465	0.37615	0.13277	0.01409	0.02051	0.01445	0.12200	0.01281	0.01503	0.01010	0.00718	0.02885	0.00197	0.03117	0.00506	0.00378	0.09290
21	0.01529	0.01481	0.02717	0.03224	0.49249	0.01437	0.21584	0.01927	0.01416	0.04551	0.01218	0.01564	0.00975	0.00541	0.00633	0.00185	0.00795	0.00590	0.00323	0.04062
22	0.00890	0.00593	0.00668	0.00668	0.00668	0.00593	0.00371	0.00890	0.00890	0.01187	0.01929	0.04006	0.02225	0.78487	0.03116	0.00593	0.00593	0.00890	0.00371	0.00371
23	0.01026	0.00887	0.01329	0.21584	0.12047	0.00952	0.01093	0.01303	0.01363	0.01821	0.16928	0.11616	0.13794	0.02902	0.00799	0.00221	0.03681	0.05558	0.00456	0.00639
24	0.02287	0.02917	0.01735	0.01577	0.01892	0.76030	0.01183	0.02444	0.01735	0.01498	0.00946	0.01104	0.00788	0.00631	0.00552	0.00158	0.01104	0.00394	0.00315	0.00710
25	0.00890	0.00593	0.00668	0.00668	0.00668	0.00593	0.00371	0.00890	0.00890	0.01187	0.01929	0.04006	0.02225	0.78487	0.03116	0.00593	0.00593	0.00890	0.00371	0.00371
26	0.01414	0.00803	0.01031	0.00960	0.01186	0.00766	0.00741	0.04204	0.07118	0.20354	0.21686	0.23387	0.04909	0.01300	0.00711	0.00216	0.00418	0.07430	0.00649	0.00716
27	0.01609	0.01331	0.04073	0.09904	0.21014	0.01327	0.06273	0.13487	0.08880	0.09718	0.04937	0.02408	0.06596	0.00799	0.00645	0.00198	0.00652	0.04799	0.00477	0.00874
28	0.02287	0.02917	0.01735	0.01577	0.01892	0.76030	0.01183	0.02444	0.01735	0.01498	0.00946	0.01104	0.00788	0.00631	0.00552	0.00158	0.01104	0.00394	0.00315	0.00710
29	0.02327	0.01715	0.01837	0.01408	0.01898	0.01898	0.01163	0.72628	0.02878	0.03858	0.01470	0.01470	0.01041	0.00735	0.00612	0.00184	0.00674	0.00551	0.00612	0.01041
30	0.00746	0.00557	0.00694	0.00795	0.00875	0.00505	0.00545	0.00871	0.01248	0.01622	0.07070	0.58111	0.20528	0.01804	0.00765	0.00236	0.00342	0.01609	0.00573	0.00505
31	0.20634	0.03681	0.01624	0.16419	0.10192	0.08787	0.01182	0.02090	0.01358	0.19916	0.01321	0.01485	0.00965	0.00668	0.00663	0.00193	0.07106	0.00490	0.00423	0.00802
32	0.07784	0.00649	0.00793	0.00859	0.00969	0.00633	0.00610	0.01133	0.03060	0.04853	0.11711	0.51974	0.05378	0.03147	0.00777	0.00240	0.00378	0.03927	0.00570	0.00556
33	0.03202	0.01216	0.01793	0.31016	0.05494	0.04112	0.08913	0.04955	0.08795	0.04742	0.04447	0.01956	0.01299	0.05562	0.03171	0.02883	0.04723	0.00618	0.00376	0.00727

[dist]
# distance from previous block
# <min> <max>
0	10

[block]
# block no. 4 follows, 37 sequences, length 31
# corresponding to MSA columns:
# 363-393
name=unknown_E
#
# <colnr> <probs for GDERKNQSTAVLIFYWHMCP>
#	G	D	E	R	K	N	Q	S	T	A	V	L	I	F	Y	W	H	M	C	P
0	0.14325	0.04065	0.01677	0.04518	0.22590	0.04100	0.01173	0.02240	0.16439	0.11886	0.07247	0.01871	0.01536	0.00694	0.00570	0.00186	0.00582	0.00577	0.00470	0.03256
1	0.01171	0.00885	0.03602	0.00979	0.01194	0.00818	0.00775	0.07473	0.08903	0.07813	0.13490	0.30017	0.11110	0.01410	0.00722	0.00223	0.00433	0.07717	0.00596	0.00669
2	0.01028	0.01020	0.10170	0.01152	0.07440	0.00756	0.00898	0.01337	0.01547	0.05740	0.39293	0.12092	0.12738	0.01194	0.00696	0.00200	0.00424	0.01047	0.00570	0.00658
3	0.09117	0.15609	0.40045	0.01437	0.02125	0.01616	0.01639	0.08546	0.07062	0.05538	0.01237	0.01341	0.00910	0.00612	0.00538	0.00183	0.00750	0.00455	0.00354	0.00885
4	0.05229	0.01619	0.12784	0.11851	0.33130	0.04257	0.04791	0.04369	0.01411	0.04370	0.01343	0.03905	0.01123	0.00663	0.00602	0.00191	0.00737	0.03039	0.03732	0.00854
5	0.01096	0.00678	0.00839	0.00813	0.01009	0.00603	0.00621	0.01299	0.01496	0.13144	0.21980	0.18031	0.27541	0.01431	0.00727	0.00214	0.00366	0.06877	0.00624	0.00613
6	0.01047	0.00540	0.00798	0.00798	0.00803	0.00544	0.00533	0.00814	0.00809	0.01083	0.01128	0.01988	0.01139	0.05992	0.05303	0.74994	0.00578	0.00554	0.00273	0.00282
7	0.04191	0.06504	0.07447	0.03896	0.07221	0.08362	0.01180	0.06977	0.19010	0.16706	0.01926	0.02121	0.03197	0.00792	0.00657	0.00196	0.03635	0.04592	0.00507	0.00883
8	0.00901	0.00708	0.00910	0.03843	0.01079	0.00759	0.00678	0.01044	0.01169	0.01562	0.09476	0.14850	0.16296	0.21498	0.08642	0.00397	0.09004	0.06214	0.00460	0.00512
9	0.00800	0.00578	0.00794	0.00874	0.00935	0.00586	0.00614	0.00942	0.01130	0.01547	0.06745	0.46961	0.03288	0.07666	0.22984	0.00483	0.00743	0.01332	0.00491	0.00508
10	0.01482	0.12540	0.38836	0.01523	0.04940	0.06806	0.01631	0.06471	0.01482	0.06702	0.04953	0.01820	0.06825	0.00704	0.00577	0.00182	0.00764	0.00548	0.00363	0.00850
11	0.09341	0.05611	0.05021	0.04061	0.15508	0.01469	0.10316	0.04907	0.23542	0.08922	0.01719	0.01908	0.01323	0.00697	0.00601	0.00196	0.00648	0.02848	0.00465	0.00897
12	0.01560	0.03655	0.16228	0.01261	0.01698	0.00999	0.07575	0.03520	0.01520	0.22761	0.11967	0.14774	0.05695	0.01012	0.00665	0.00204	0.00585	0.02980	0.00543	0.00798
13	0.01089	0.03203	0.01486	0.25528	0.11871	0.01041	0.03876	0.01309	0.01124	0.01494	0.01617	0.09236	0.01656	0.29025	0.03654	0.00366	0.00710	0.00779	0.00341	0.00596
14	0.04992	0.02286	0.18287	0.01928	0.15224	0.28883	0.04118	0.02148	0.01525	0.08272	0.04071	0.03124	0.01148	0.00661	0.00585	0.00179	0.00864	0.00521	0.00361	0.00823
15	0.01925	0.05813	0.12186	0.04871	0.20331	0.01245	0.04152	0.02319	0.03835	0.31151	0.01769	0.04900	0.01300	0.00702	0.00607	0.00189	0.00657	0.00609	0.00497	0.00942
16	0.01586	0.05260	0.07592	0.07731	0.14294	0.01395	0.09312	0.19961	0.01745	0.06298	0.03838	0.14871	0.01653	0.00868	0.00643	0.00198	0.00676	0.00776	0.00457	0.00845
17	0.01685	0.04540	0.05872	0.12578	0.20584	0.10530	0.04016	0.02114	0.06850	0.14285	0.04061	0.02070	0.04198	0.00726	0.00615	0.00190	0.00715	0.03096	0.00429	0.00848
18	0.01666	0.09296	0.19512	0.01747	0.11597	0.01332	0.10140	0.04336	0.01482	0.16896	0.04678	0.01647	0.01222	0.00618	0.00581	0.00173	0.00701	0.00540	0.00416	0.11419
19	0.04948	0.01682	0.21928	0.01632	0.10692	0.01164	0.06853	0.02052	0.06898	0.16093	0.08031	0.02225	0.07697	0.00756	0.00614	0.00189	0.00646	0.00651	0.00462	0.04785
20	0.04324	0.08363	0.11449	0.10390	0.17527	0.01413	0.09058	0.03512	0.07034	0.17173	0.01577	0.01709	0.02452	0.00642	0.00596	0.00188	0.00707	0.00566	0.00423	0.00895
21	0.01774	0.14049	0.22393	0.01616	0.08270	0.10670	0.04204	0.05879	0.04208	0.14719	0.01518	0.01587	0.03371	0.00650	0.00567	0.00176	0.00756	0.00512	0.00404	0.02678
22	0.05584	0.08173	0.19263	0.01682	0.13260	0.01269	0.04328	0.02206	0.01468	0.26292	0.04394	0.01693	0.01258	0.00644	0.00575	0.00179	0.00661	0.00536	0.00462	0.06073
23	0.03881	0.05063	0.13999	0.01391	0.04652	0.01187	0.06950	0.05210	0.07388	0.29982	0.02219	0.05251	0.07074	0.00795	0.00615	0.00192	0.00619	0.00673	0.00541	0.02319
24	0.03735	0.01738	0.06359	0.02051	0.20330	0.13392	0.07070	0.10716	0.10269	0.15888	0.01549	0.01628	0.01136	0.00655	0.00605	0.00186	0.00743	0.00556	0.00464	0.00927
25	0.01786	0.08125	0.10642	0.08161	0.17148	0.03303	0.01369	0.02267	0.08929	0.21962	0.03772	0.01756	0.01291	0.00689	0.00658	0.00188	0.04442	0.00559	0.00460	0.02495
26	0.01660	0.03639	0.03968	0.03198	0.20792	0.05451	0.04013	0.09592	0.10360	0.10526	0.06410	0.02042	0.05498	0.00720	0.00602	0.00177	0.00626	0.00619	0.00469	0.09639
27	0.08374	0.07117	0.18784	0.03181	0.09540	0.01354	0.01327	0.11196	0.03430	0.13899	0.01448	0.04446	0.01115	0.00663	0.00556	0.00175	0.00647	0.00529	0.00435	0.11786
28	0.03512	0.06608	0.10270	0.04215	0.15239	0.05162	0.05687	0.04526	0.05626	0.12629	0.05048	0.04149	0.01368	0.00697	0.00640	0.00180	0.03653	0.00583	0.00424	0.09784
29	0.01541	0.12908	0.15364	0.07110	0.08136	0.04141	0.02681	0.03387	0.10016	0.11496	0.07031	0.07766	0.01664	0.00779	0.00592	0.00185	0.00648	0.00650	0.00441	0.03466
30	0.01827	0.10923	0.11124	0.01550	0.11453	0.05039	0.01222	0.09215	0.07684	0.20264	0.05575	0.04872	0.03724	0.00766	0.00593	0.00183	0.00628	0.00625	0.00502	0.02232

[dist]
# distance from previous block
# <min> <max>
19	135

[block]
# block no. 5 follows, 37 sequences, length 16
# corresponding to MSA columns:
# 565-580
name=unknown_F
#
# <colnr> <probs for GDERKNQSTAVLIFYWHMCP>
#	G	D	E	R	K	N	Q	S	T	A	V	L	I	F	Y	W	H	M	C	P
0	0.01680	0.14579	0.06265	0.05106	0.25814	0.01603	0.01396	0.14798	0.08154	0.06755	0.01618	0.01866	0.03974	0.00697	0.00585	0.00182	0.00662	0.02932	0.00424	0.00909
1	0.01510	0.10269	0.08532	0.06153	0.08854	0.01368	0.01164	0.14069	0.07477	0.04328	0.01514	0.08452	0.01308	0.00855	0.03131	0.00194	0.00641	0.00598	0.00424	0.19158
2	0.01265	0.01227	0.05291	0.02146	0.32580	0.01128	0.01267	0.04082	0.08018	0.02057	0.09075	0.02989	0.16267	0.02714	0.00702	0.00200	0.00567	0.03571	0.00442	0.04411
3	0.01692	0.06543	0.02198	0.02557	0.39319	0.03960	0.05439	0.08423	0.03564	0.09209	0.03832	0.01671	0.01218	0.00618	0.00589	0.00176	0.00678	0.00560	0.03692	0.04065
4	0.01098	0.00656	0.00878	0.00864	0.00951	0.00655	0.00609	0.03980	0.05238	0.04105	0.13473	0.18472	0.02513	0.01766	0.01551	0.40930	0.00458	0.00893	0.00446	0.00462
5	0.04057	0.01227	0.01537	0.04029	0.09936	0.01311	0.01065	0.20079	0.10375	0.15957	0.09634	0.06718	0.04618	0.00897	0.00722	0.00199	0.05465	0.00729	0.00567	0.00877
6	0.01501	0.04559	0.02527	0.06848	0.65925	0.01493	0.04487	0.01866	0.01382	0.01957	0.01140	0.01504	0.00954	0.00546	0.00602	0.00182	0.00740	0.00543	0.00300	0.00944
7	0.01318	0.00932	0.07680	0.00944	0.01215	0.00700	0.00792	0.01549	0.01453	0.20647	0.14027	0.28572	0.15030	0.01337	0.00702	0.00213	0.00430	0.01165	0.00605	0.00690
8	0.01049	0.00704	0.00836	0.00820	0.01014	0.00650	0.00624	0.01330	0.05974	0.09656	0.14516	0.15650	0.31237	0.04939	0.00835	0.00234	0.00386	0.08344	0.00598	0.00605
9	0.01382	0.01294	0.02137	0.08995	0.55566	0.01312	0.01633	0.01775	0.03616	0.02025	0.10078	0.02062	0.04084	0.00678	0.00625	0.00186	0.00660	0.00642	0.00364	0.00884
10	0.13370	0.01383	0.01839	0.08312	0.28615	0.01482	0.01342	0.21495	0.03767	0.05806	0.01373	0.03683	0.01088	0.00668	0.00576	0.00187	0.00643	0.00558	0.02915	0.00899
11	0.01607	0.00844	0.01125	0.01002	0.01272	0.00781	0.02765	0.01939	0.08055	0.29835	0.07846	0.28657	0.09152	0.01258	0.00693	0.00214	0.00441	0.01104	0.00645	0.00765
12	0.00952	0.00598	0.00797	0.00857	0.00955	0.00550	0.00600	0.01108	0.01339	0.08433	0.17812	0.56129	0.04172	0.01676	0.00754	0.00232	0.00357	0.01508	0.00607	0.00563
13	0.01524	0.01456	0.02268	0.03345	0.63847	0.05570	0.01708	0.01869	0.01403	0.01997	0.01217	0.01562	0.01014	0.00565	0.00587	0.00177	0.00708	0.00539	0.07724	0.00919
14	0.03379	0.07516	0.06127	0.04964	0.20391	0.02715	0.01348	0.23040	0.11200	0.09122	0.03211	0.01659	0.01229	0.00679	0.00591	0.00184	0.00660	0.00557	0.00480	0.00949
15	0.02297	0.01394	0.06988	0.01225	0.01700	0.01269	0.01058	0.21415	0.10781	0.38813	0.02055	0.01963	0.01406	0.03874	0.00714	0.00207	0.00589	0.00607	0.00650	0.00995

[dist]
# distance from previous block
# <min> <max>
5	7

[block]
# block no. 6 follows, 37 sequences, length 11
# corresponding to MSA columns:
# 588-598
name=unknown_G
#
# <colnr> <probs for GDERKNQSTAVLIFYWHMCP>
#	G	D	E	R	K	N	Q	S	T	A	V	L	I	F	Y	W	H	M	C	P
0	0.06151	0.04041	0.08033	0.05230	0.38272	0.09596	0.01591	0.08612	0.06408	0.02145	0.01207	0.01454	0.00969	0.00614	0.00624	0.00184	0.03102	0.00513	0.00352	0.00901
1	0.10606	0.05342	0.08805	0.01386	0.06434	0.01290	0.04114	0.10415	0.10190	0.21341	0.06673	0.04589	0.01691	0.00800	0.00602	0.00195	0.00589	0.03515	0.00541	0.00883
2	0.00829	0.00632	0.00902	0.01166	0.08866	0.00601	0.00710	0.00963	0.01196	0.01610	0.03134	0.69808	0.03716	0.01769	0.00762	0.00241	0.00395	0.01611	0.00540	0.00548
3	0.03807	0.01143	0.01893	0.53575	0.10022	0.01333	0.06289	0.04313	0.01341	0.01809	0.05560	0.03771	0.01223	0.00675	0.00622	0.00201	0.00762	0.00615	0.00326	0.00718
4	0.01584	0.15195	0.07877	0.02359	0.32317	0.06416	0.06290	0.04551	0.01496	0.05714	0.09078	0.01745	0.01458	0.00642	0.00584	0.00175	0.00713	0.00567	0.00369	0.00869
5	0.05927	0.01469	0.07105	0.04078	0.06687	0.01365	0.21028	0.09784	0.05459	0.18909	0.01833	0.01934	0.05506	0.00719	0.00720	0.00200	0.05279	0.00646	0.00473	0.00880
6	0.01227	0.00782	0.00969	0.00909	0.01109	0.00758	0.00682	0.05791	0.07914	0.12211	0.29535	0.25025	0.07983	0.01324	0.00709	0.00210	0.00381	0.01162	0.00641	0.00677
7	0.03677	0.00872	0.03161	0.07197	0.03532	0.00827	0.02570	0.01409	0.06049	0.07461	0.11954	0.23070	0.18385	0.03999	0.00814	0.00228	0.02513	0.01110	0.00531	0.00638
8	0.05135	0.06862	0.08226	0.04731	0.16616	0.01339	0.08561	0.03668	0.11071	0.17869	0.05511	0.02006	0.04265	0.00710	0.00606	0.00190	0.00645	0.00624	0.00475	0.00892
9	0.01477	0.01369	0.04617	0.05550	0.26094	0.01301	0.19767	0.05594	0.01509	0.07672	0.08092	0.02162	0.05994	0.00855	0.03506	0.00224	0.02277	0.00694	0.00403	0.00843
10	0.00936	0.00902	0.08819	0.00878	0.01118	0.00652	0.00755	0.01175	0.01413	0.05931	0.17530	0.22871	0.28585	0.01442	0.00722	0.00216	0.00405	0.04488	0.00565	0.00597

[dist]
# distance from previous block
# <min> <max>
0	318

# created by:
# /home/berkeley/.conda/envs/busco_data_prod/bin/msa2prfl.pl pipeline/OGs_align_augustus/33634/12179.fs
