[name]
unknown

[dist]
# distance from previous block
# <min> <max>
0	132

[block]
# block no. 0 follows, 48 sequences, length 13
# corresponding to MSA columns:
# 133-145
name=unknown_A
#
# <colnr> <probs for GDERKNQSTAVLIFYWHMCP>
#	G	D	E	R	K	N	Q	S	T	A	V	L	I	F	Y	W	H	M	C	P
0	0.00677	0.00489	0.00651	0.00758	0.00821	0.00463	0.00558	0.00809	0.01056	0.01392	0.05151	0.56002	0.07857	0.01526	0.00664	0.00212	0.00337	0.19667	0.00478	0.00433
1	0.01364	0.01292	0.01897	0.07815	0.56258	0.06119	0.01420	0.09828	0.05692	0.01822	0.01044	0.01288	0.00844	0.00496	0.00507	0.00154	0.00617	0.00457	0.00296	0.00790
2	0.01346	0.05617	0.03980	0.01120	0.02848	0.02556	0.07372	0.16194	0.05192	0.05411	0.03254	0.01270	0.00944	0.00539	0.00578	0.00132	0.08479	0.00420	0.00357	0.32391
3	0.00802	0.00599	0.00884	0.00843	0.00951	0.00614	0.05404	0.00964	0.01023	0.03862	0.13187	0.22561	0.05008	0.11406	0.21644	0.00394	0.03496	0.05490	0.00399	0.00466
4	0.00622	0.00461	0.00581	0.00677	0.00734	0.00420	0.00459	0.00719	0.01019	0.01325	0.03289	0.66714	0.18015	0.01548	0.00645	0.00202	0.00290	0.01386	0.00476	0.00420
5	0.01384	0.09837	0.40032	0.01325	0.04425	0.07407	0.01402	0.08379	0.09031	0.10236	0.01158	0.01222	0.00837	0.00533	0.00480	0.00155	0.00658	0.00410	0.00324	0.00766
6	0.01263	0.01145	0.01803	0.02433	0.51834	0.01196	0.03022	0.01713	0.12672	0.04802	0.01387	0.01578	0.05205	0.00581	0.00612	0.00163	0.06984	0.00515	0.00320	0.00771
7	0.00624	0.00452	0.00589	0.00699	0.00740	0.00418	0.00469	0.00716	0.00997	0.01316	0.03017	0.75505	0.09399	0.01583	0.00651	0.00206	0.00295	0.01429	0.00476	0.00418
8	0.01044	0.00693	0.00812	0.00776	0.03567	0.00650	0.00572	0.01407	0.12763	0.15184	0.15448	0.03630	0.39393	0.01025	0.00574	0.00168	0.00322	0.00863	0.00517	0.00588
9	0.08015	0.07644	0.14406	0.21035	0.02058	0.01103	0.07422	0.03390	0.03213	0.15100	0.03903	0.05560	0.01158	0.00626	0.00504	0.00165	0.00583	0.03092	0.00353	0.00670
10	0.41401	0.00982	0.01200	0.33121	0.06842	0.01175	0.01002	0.01417	0.00948	0.01802	0.00807	0.01093	0.00630	0.00514	0.00487	0.00167	0.05193	0.00371	0.00272	0.00578
11	0.03332	0.06833	0.39905	0.01539	0.06655	0.06105	0.12714	0.03259	0.03840	0.07834	0.01046	0.01194	0.00764	0.00507	0.00520	0.00160	0.02348	0.00427	0.00281	0.00740
12	0.03371	0.47070	0.05634	0.11286	0.01676	0.03818	0.01012	0.10561	0.01196	0.01522	0.00814	0.00983	0.00688	0.00506	0.00480	0.00134	0.06145	0.00339	0.00261	0.02503

[dist]
# distance from previous block
# <min> <max>
0	1

[block]
# block no. 1 follows, 48 sequences, length 17
# corresponding to MSA columns:
# 147-163
name=unknown_B
#
# <colnr> <probs for GDERKNQSTAVLIFYWHMCP>
#	G	D	E	R	K	N	Q	S	T	A	V	L	I	F	Y	W	H	M	C	P
0	0.00625	0.00447	0.00595	0.00714	0.00744	0.00417	0.00476	0.00714	0.00982	0.01310	0.02828	0.81633	0.03394	0.01608	0.00655	0.00208	0.00298	0.01459	0.00476	0.00417
1	0.01605	0.01291	0.04271	0.01102	0.01457	0.03300	0.00908	0.31498	0.35961	0.08279	0.01693	0.03652	0.01264	0.00672	0.00519	0.00165	0.00494	0.00538	0.00508	0.00822
2	0.04248	0.16738	0.10332	0.01156	0.07557	0.01222	0.00969	0.11531	0.05454	0.22116	0.02707	0.01443	0.01051	0.03176	0.03143	0.00180	0.01686	0.00447	0.01903	0.02941
3	0.01651	0.20205	0.22603	0.01073	0.01581	0.01248	0.01106	0.09554	0.01343	0.28928	0.01292	0.01270	0.00898	0.00536	0.00459	0.00144	0.00559	0.00408	0.00399	0.04743
4	0.01115	0.20367	0.58188	0.01369	0.02043	0.01384	0.05613	0.01606	0.01081	0.01533	0.00881	0.01041	0.00659	0.00474	0.00458	0.00151	0.00717	0.00368	0.00220	0.00733
5	0.01695	0.00923	0.01134	0.00965	0.01278	0.00927	0.00790	0.09432	0.20703	0.36144	0.05537	0.02502	0.01746	0.00797	0.00553	0.00175	0.00438	0.12923	0.00565	0.00774
6	0.01136	0.06589	0.22883	0.11759	0.06704	0.01191	0.05626	0.01728	0.17223	0.04375	0.03165	0.03111	0.01118	0.04785	0.02050	0.00195	0.04843	0.00508	0.00322	0.00691
7	0.03791	0.11299	0.12871	0.04319	0.03771	0.03660	0.00922	0.12409	0.01266	0.13323	0.03245	0.01810	0.02858	0.15707	0.06356	0.00260	0.00614	0.00508	0.00364	0.00646
8	0.01656	0.00726	0.00955	0.00802	0.01086	0.00634	0.00639	0.01837	0.01348	0.48418	0.08679	0.12228	0.13136	0.00904	0.00555	0.00168	0.00375	0.02788	0.02361	0.00703
9	0.00743	0.00513	0.00611	0.00623	0.00695	0.00490	0.00434	0.00843	0.01018	0.01370	0.15892	0.06498	0.15198	0.33591	0.01473	0.04014	0.00387	0.10365	0.04849	0.00391
10	0.09891	0.16624	0.12467	0.03254	0.01766	0.01399	0.16420	0.18021	0.04318	0.04472	0.05714	0.01328	0.01025	0.00541	0.00480	0.00153	0.00605	0.00460	0.00347	0.00715
11	0.01428	0.01241	0.04847	0.04965	0.01826	0.05283	0.23093	0.10935	0.12351	0.13367	0.02950	0.03094	0.01162	0.05190	0.03151	0.00206	0.03245	0.00564	0.00393	0.00708
12	0.00634	0.00513	0.00543	0.00558	0.00695	0.00446	0.00405	0.00748	0.01102	0.01337	0.04456	0.11608	0.59630	0.11163	0.00859	0.00218	0.00300	0.03910	0.00456	0.00418
13	0.01396	0.00732	0.00931	0.00849	0.01063	0.00702	0.00649	0.05206	0.09260	0.30294	0.02297	0.30573	0.02178	0.06004	0.00706	0.00203	0.00396	0.05385	0.00531	0.00645
14	0.01579	0.15474	0.07333	0.01287	0.06869	0.01429	0.06046	0.29481	0.10546	0.09056	0.01332	0.05016	0.01042	0.00610	0.00493	0.00153	0.00557	0.00497	0.00416	0.00783
15	0.52636	0.09618	0.18688	0.00880	0.01306	0.01216	0.00895	0.01553	0.00975	0.04506	0.03208	0.01011	0.00743	0.00498	0.00372	0.00155	0.00490	0.00328	0.00303	0.00620
16	0.04113	0.08552	0.09592	0.01462	0.15344	0.06361	0.03510	0.10238	0.10814	0.18424	0.01415	0.05582	0.01097	0.00609	0.00496	0.00156	0.00558	0.00505	0.00405	0.00766

[dist]
# distance from previous block
# <min> <max>
0	3

[block]
# block no. 2 follows, 48 sequences, length 38
# corresponding to MSA columns:
# 167-204
name=unknown_C
#
# <colnr> <probs for GDERKNQSTAVLIFYWHMCP>
#	G	D	E	R	K	N	Q	S	T	A	V	L	I	F	Y	W	H	M	C	P
0	0.01580	0.32561	0.09084	0.02812	0.03645	0.24451	0.01010	0.03823	0.01251	0.09224	0.00925	0.01019	0.00737	0.00493	0.00418	0.00128	0.00662	0.00340	0.00288	0.05547
1	0.01270	0.05230	0.07590	0.00945	0.01402	0.00955	0.03409	0.11448	0.04256	0.06381	0.01101	0.02876	0.00879	0.00478	0.00431	0.00110	0.00463	0.00387	0.00350	0.50039
2	0.00939	0.01021	0.16430	0.00833	0.01129	0.00696	0.00796	0.01309	0.06882	0.08192	0.27918	0.03238	0.21527	0.00934	0.00563	0.00166	0.00385	0.03092	0.03368	0.00582
3	0.07286	0.01320	0.04876	0.01742	0.02212	0.01238	0.49052	0.08432	0.01316	0.13227	0.01164	0.01368	0.00837	0.00497	0.00592	0.00169	0.03065	0.00545	0.00339	0.00724
4	0.00900	0.00620	0.00748	0.00687	0.00863	0.00588	0.00524	0.01253	0.10185	0.08626	0.46774	0.03676	0.20517	0.01028	0.00588	0.00165	0.00282	0.00886	0.00546	0.00544
5	0.51296	0.00975	0.00953	0.00788	0.01139	0.01034	0.00650	0.06082	0.01171	0.29676	0.01209	0.01180	0.00827	0.00541	0.00399	0.00159	0.00420	0.00373	0.00441	0.00686
6	0.01621	0.00838	0.01056	0.00856	0.01148	0.00799	0.00688	0.15326	0.01632	0.35245	0.31860	0.02472	0.02599	0.00794	0.00550	0.00159	0.00383	0.00668	0.00586	0.00721
7	0.00667	0.00474	0.00596	0.00664	0.00706	0.00447	0.00440	0.00757	0.00990	0.01321	0.10410	0.48827	0.07810	0.20534	0.01111	0.00270	0.00341	0.02786	0.00446	0.00401
8	0.00625	0.00447	0.00595	0.00714	0.00744	0.00417	0.00476	0.00714	0.00982	0.01310	0.02828	0.81633	0.03394	0.01608	0.00655	0.00208	0.00298	0.01459	0.00476	0.00417
9	0.01716	0.00848	0.01037	0.00862	0.01163	0.00828	0.00694	0.07674	0.14004	0.39626	0.04020	0.04718	0.01520	0.00706	0.00501	0.00158	0.00396	0.02883	0.15895	0.00753
10	0.00653	0.00454	0.00597	0.00709	0.00748	0.00427	0.00483	0.00757	0.00996	0.01354	0.02755	0.73954	0.03253	0.01540	0.00639	0.00204	0.00301	0.04276	0.05475	0.00423
11	0.00625	0.00447	0.00595	0.00714	0.00744	0.00417	0.00476	0.00714	0.00982	0.01310	0.02828	0.81633	0.03394	0.01608	0.00655	0.00208	0.00298	0.01459	0.00476	0.00417
12	0.01417	0.00951	0.01446	0.51971	0.02758	0.01080	0.01204	0.08771	0.01275	0.22218	0.01238	0.01456	0.00858	0.00555	0.00514	0.00166	0.00607	0.00473	0.00363	0.00679
13	0.01934	0.01039	0.01567	0.06608	0.01729	0.00993	0.13693	0.13420	0.01529	0.47227	0.01682	0.01693	0.01134	0.00611	0.00536	0.00163	0.00546	0.02565	0.00521	0.00811
14	0.01212	0.01160	0.01977	0.18167	0.64204	0.01204	0.01546	0.01524	0.01141	0.01606	0.00955	0.01289	0.00788	0.00468	0.00509	0.00156	0.00624	0.00457	0.00249	0.00766
15	0.76539	0.01055	0.02320	0.05779	0.01192	0.03105	0.00647	0.01511	0.00901	0.02200	0.00733	0.00874	0.00568	0.00480	0.00337	0.00159	0.00435	0.00292	0.00309	0.00561
16	0.01089	0.02570	0.75629	0.01437	0.02178	0.01171	0.01842	0.01666	0.01101	0.05275	0.00973	0.01115	0.00679	0.00494	0.00489	0.00162	0.00743	0.00386	0.00236	0.00764
17	0.01523	0.01244	0.01270	0.01086	0.01409	0.05476	0.00859	0.20834	0.51791	0.05991	0.01808	0.01688	0.01335	0.00665	0.00517	0.00166	0.00474	0.00535	0.00512	0.00818
18	0.01437	0.00936	0.01134	0.00907	0.03630	0.00821	0.00699	0.12402	0.01371	0.19258	0.07202	0.01552	0.01253	0.03151	0.00522	0.00129	0.00416	0.00445	0.02264	0.40471
19	0.02372	0.07747	0.07460	0.01056	0.01395	0.03512	0.08125	0.08684	0.16828	0.11246	0.12102	0.07308	0.03062	0.00720	0.00517	0.00159	0.00484	0.00617	0.03834	0.02773
20	0.01029	0.02654	0.79309	0.01462	0.02221	0.01192	0.01896	0.01625	0.01083	0.01625	0.00921	0.01083	0.00650	0.00487	0.00487	0.00162	0.00758	0.00379	0.00217	0.00758
21	0.00706	0.00559	0.00640	0.00624	0.00774	0.00515	0.00466	0.00975	0.06885	0.01711	0.34782	0.10011	0.37129	0.01176	0.00603	0.00171	0.00266	0.01011	0.00516	0.00481
22	0.02015	0.02647	0.01434	0.01072	0.01461	0.00910	0.09727	0.04333	0.06142	0.57556	0.01822	0.01672	0.01195	0.00615	0.00545	0.00161	0.02342	0.00521	0.03005	0.00825
23	0.43881	0.00963	0.00977	0.00810	0.01159	0.01012	0.00664	0.03604	0.07278	0.32945	0.01357	0.01292	0.00928	0.00560	0.00417	0.00160	0.00417	0.00401	0.00465	0.00709
24	0.00947	0.00561	0.00720	0.00745	0.00840	0.00541	0.00555	0.01072	0.01027	0.10678	0.02228	0.18149	0.02379	0.28649	0.01304	0.00305	0.00433	0.23704	0.04710	0.00456
25	0.01453	0.00686	0.00915	0.00766	0.01016	0.00608	0.00607	0.01672	0.01453	0.37703	0.41302	0.02895	0.05005	0.00864	0.00564	0.00160	0.00333	0.00741	0.00595	0.00663
26	0.03054	0.01397	0.09967	0.29406	0.18388	0.09485	0.03461	0.06998	0.09695	0.01674	0.01063	0.01310	0.00815	0.00525	0.00503	0.00161	0.00662	0.00449	0.00291	0.00695
27	0.05848	0.00833	0.01086	0.00901	0.01138	0.00868	0.00730	0.03784	0.01280	0.36373	0.15628	0.02006	0.01784	0.02447	0.03256	0.00196	0.14883	0.00569	0.05707	0.00682
28	0.00814	0.00582	0.00813	0.00931	0.01043	0.00580	0.00805	0.01042	0.01169	0.01522	0.02724	0.10469	0.02980	0.01429	0.00705	0.00235	0.00462	0.70755	0.00473	0.00469
29	0.01142	0.01194	0.01357	0.36356	0.08243	0.19136	0.01124	0.01373	0.01123	0.01328	0.01305	0.17632	0.01282	0.00763	0.00568	0.00171	0.02982	0.02065	0.00293	0.00561
30	0.01495	0.08438	0.10241	0.15301	0.10990	0.05739	0.07136	0.21278	0.02771	0.08616	0.01100	0.01257	0.00813	0.00539	0.00519	0.00156	0.02071	0.00445	0.00348	0.00746
31	0.07012	0.01300	0.12621	0.05120	0.06474	0.02843	0.10762	0.03498	0.01180	0.22678	0.03315	0.01415	0.00979	0.00693	0.02562	0.00188	0.15804	0.00480	0.00366	0.00710
32	0.06728	0.00729	0.00865	0.03821	0.01061	0.00714	0.00598	0.06115	0.01279	0.30245	0.01682	0.01726	0.01201	0.00657	0.01789	0.00152	0.00377	0.00479	0.39128	0.00654
33	0.01020	0.00956	0.01014	0.07982	0.03896	0.13031	0.00749	0.01288	0.04897	0.02914	0.35931	0.04684	0.08628	0.01008	0.03736	0.00190	0.06373	0.00729	0.00432	0.00541
34	0.01322	0.01043	0.01245	0.18565	0.01762	0.06833	0.00892	0.09353	0.01255	0.11684	0.01296	0.06768	0.02610	0.00619	0.00559	0.00142	0.06024	0.00491	0.01861	0.25675
35	0.00711	0.00524	0.00665	0.00629	0.00757	0.00478	0.00472	0.00938	0.01416	0.01971	0.69079	0.03975	0.14313	0.01081	0.00605	0.00163	0.00244	0.00948	0.00553	0.00478
36	0.01473	0.16299	0.03473	0.01219	0.05169	0.12756	0.02257	0.12744	0.05518	0.06725	0.03736	0.01254	0.00956	0.00666	0.01892	0.00164	0.16533	0.00423	0.00335	0.06409
37	0.00728	0.00526	0.00636	0.00645	0.00764	0.00480	0.00466	0.00916	0.03283	0.04086	0.27971	0.26656	0.25573	0.04042	0.00684	0.00190	0.00283	0.01099	0.00506	0.00465

[dist]
# distance from previous block
# <min> <max>
2	14

[block]
# block no. 3 follows, 48 sequences, length 52
# corresponding to MSA columns:
# 220-271
name=unknown_D
#
# <colnr> <probs for GDERKNQSTAVLIFYWHMCP>
#	G	D	E	R	K	N	Q	S	T	A	V	L	I	F	Y	W	H	M	C	P
0	0.03566	0.03173	0.01616	0.06803	0.37571	0.01052	0.01137	0.01605	0.06083	0.06485	0.01071	0.01263	0.00855	0.00465	0.00462	0.00132	0.00516	0.00414	0.00309	0.25421
1	0.00956	0.00726	0.00843	0.00834	0.00994	0.00763	0.00617	0.04327	0.26168	0.04444	0.07937	0.37600	0.07663	0.01175	0.00596	0.00188	0.00346	0.02731	0.00504	0.00586
2	0.00639	0.00457	0.00608	0.00705	0.00747	0.00426	0.00477	0.00749	0.01046	0.01411	0.13090	0.71081	0.03590	0.01532	0.00648	0.00202	0.00290	0.01387	0.00488	0.00426
3	0.01372	0.82276	0.02689	0.00878	0.01317	0.02030	0.00878	0.01536	0.01043	0.01207	0.00713	0.00823	0.00658	0.00439	0.00329	0.00110	0.00549	0.00274	0.00219	0.00658
4	0.00615	0.00520	0.00531	0.00529	0.00698	0.00437	0.00396	0.00753	0.01189	0.01433	0.10318	0.04861	0.73410	0.01282	0.00606	0.00172	0.00259	0.01072	0.00483	0.00437
5	0.00726	0.00524	0.00686	0.00646	0.00767	0.00484	0.00484	0.00968	0.01452	0.02058	0.78496	0.03833	0.04841	0.01049	0.00605	0.00161	0.00242	0.00928	0.00565	0.00484
6	0.85592	0.00992	0.00754	0.00675	0.00992	0.01151	0.00556	0.01508	0.00873	0.02302	0.00714	0.00834	0.00556	0.00476	0.00318	0.00159	0.00397	0.00278	0.00318	0.00556
7	0.01276	0.01102	0.01160	0.01044	0.01334	0.01276	0.00812	0.02727	0.77840	0.02146	0.02088	0.01914	0.01566	0.00696	0.00522	0.00174	0.00406	0.00580	0.00522	0.00812
8	0.85592	0.00992	0.00754	0.00675	0.00992	0.01151	0.00556	0.01508	0.00873	0.02302	0.00714	0.00834	0.00556	0.00476	0.00318	0.00159	0.00397	0.00278	0.00318	0.00556
9	0.85592	0.00992	0.00754	0.00675	0.00992	0.01151	0.00556	0.01508	0.00873	0.02302	0.00714	0.00834	0.00556	0.00476	0.00318	0.00159	0.00397	0.00278	0.00318	0.00556
10	0.01372	0.82276	0.02689	0.00878	0.01317	0.02030	0.00878	0.01536	0.01043	0.01207	0.00713	0.00823	0.00658	0.00439	0.00329	0.00110	0.00549	0.00274	0.00219	0.00658
11	0.85592	0.00992	0.00754	0.00675	0.00992	0.01151	0.00556	0.01508	0.00873	0.02302	0.00714	0.00834	0.00556	0.00476	0.00318	0.00159	0.00397	0.00278	0.00318	0.00556
12	0.02142	0.00907	0.01242	0.00972	0.01315	0.00865	0.00804	0.02329	0.01376	0.68559	0.01841	0.01662	0.01189	0.00671	0.00674	0.00168	0.11366	0.00507	0.00579	0.00831
13	0.01591	0.33598	0.01938	0.01119	0.01440	0.34577	0.02375	0.05598	0.01272	0.01374	0.00820	0.00968	0.00704	0.00525	0.00497	0.00131	0.06408	0.00336	0.04098	0.00628
14	0.01276	0.01102	0.01160	0.01044	0.01334	0.01276	0.00812	0.02727	0.77840	0.02146	0.02088	0.01914	0.01566	0.00696	0.00522	0.00174	0.00406	0.00580	0.00522	0.00812
15	0.00662	0.00516	0.00595	0.00586	0.00723	0.00455	0.00433	0.00832	0.01264	0.01651	0.35569	0.09477	0.40712	0.03426	0.00664	0.00179	0.00261	0.01034	0.00509	0.00450
16	0.01917	0.02445	0.01454	0.01322	0.01586	0.79907	0.00991	0.02049	0.01454	0.01256	0.00793	0.00925	0.00661	0.00529	0.00463	0.00132	0.00925	0.00330	0.00264	0.00595
17	0.00624	0.00488	0.00566	0.00616	0.00721	0.00430	0.00435	0.00745	0.01109	0.01404	0.09820	0.38798	0.39586	0.01416	0.00628	0.00188	0.00275	0.01237	0.00483	0.00430
18	0.01951	0.01437	0.01540	0.01181	0.01591	0.01591	0.00975	0.77056	0.02412	0.03234	0.01232	0.01232	0.00873	0.00616	0.00513	0.00154	0.00565	0.00462	0.00513	0.00873
19	0.01276	0.01102	0.01160	0.01044	0.01334	0.01276	0.00812	0.02727	0.77840	0.02146	0.02088	0.01914	0.01566	0.00696	0.00522	0.00174	0.00406	0.00580	0.00522	0.00812
20	0.02084	0.00944	0.01189	0.00930	0.01302	0.00894	0.00762	0.13589	0.06605	0.57067	0.01884	0.01693	0.01233	0.00634	0.00505	0.00156	0.00439	0.00509	0.06742	0.00840
21	0.02169	0.01086	0.01323	0.01014	0.01416	0.01070	0.00838	0.30644	0.01825	0.50476	0.01725	0.01552	0.01120	0.00628	0.00515	0.00157	0.00485	0.00496	0.00589	0.00873
22	0.01870	0.00796	0.01058	0.00847	0.01174	0.00706	0.00686	0.02123	0.04401	0.57204	0.17494	0.02315	0.05480	0.00750	0.00538	0.00161	0.00388	0.00627	0.00609	0.00773
23	0.00669	0.00522	0.00607	0.00586	0.00732	0.00460	0.00439	0.00858	0.01318	0.01739	0.43754	0.04357	0.39782	0.01168	0.00606	0.00167	0.00251	0.01001	0.00523	0.00460
24	0.00637	0.00456	0.00606	0.00706	0.00747	0.00425	0.00477	0.00744	0.01038	0.01398	0.11718	0.72492	0.03564	0.01542	0.00649	0.00203	0.00291	0.01396	0.00487	0.00425
25	0.02219	0.00887	0.01177	0.00908	0.01292	0.00789	0.00748	0.06693	0.01504	0.71169	0.01963	0.01725	0.01250	0.00632	0.00508	0.00157	0.00435	0.00511	0.04579	0.00855
26	0.02302	0.00873	0.01191	0.00913	0.01310	0.00754	0.00754	0.02501	0.01469	0.79122	0.02024	0.01746	0.01270	0.00635	0.00516	0.00159	0.00437	0.00516	0.00635	0.00873
27	0.02205	0.00999	0.01265	0.00973	0.01371	0.00944	0.00803	0.18479	0.03273	0.61248	0.01856	0.01640	0.01191	0.00632	0.00516	0.00158	0.00463	0.00506	0.00607	0.00872
28	0.01240	0.00640	0.00692	0.00615	0.00803	0.00644	0.00480	0.10301	0.01282	0.11618	0.01665	0.01812	0.01257	0.00605	0.00396	0.00128	0.00302	0.00481	0.64465	0.00574
29	0.85592	0.00992	0.00754	0.00675	0.00992	0.01151	0.00556	0.01508	0.00873	0.02302	0.00714	0.00834	0.00556	0.00476	0.00318	0.00159	0.00397	0.00278	0.00318	0.00556
30	0.01835	0.00736	0.00943	0.00762	0.01063	0.00658	0.00617	0.02048	0.01332	0.52321	0.01903	0.01804	0.01286	0.00622	0.00461	0.00145	0.00368	0.00503	0.29856	0.00736
31	0.01014	0.00980	0.01257	0.18141	0.17564	0.09217	0.02257	0.01297	0.05250	0.01475	0.05514	0.20316	0.11856	0.00891	0.00558	0.00172	0.00518	0.00786	0.00359	0.00581
32	0.00794	0.00540	0.00705	0.00655	0.00789	0.00495	0.00494	0.01032	0.01447	0.05514	0.73330	0.03765	0.06410	0.01036	0.00601	0.00162	0.00251	0.00913	0.00566	0.00500
33	0.02054	0.00869	0.01126	0.00893	0.01252	0.00799	0.00728	0.02419	0.11372	0.62521	0.02003	0.01782	0.01313	0.00640	0.00503	0.00157	0.00416	0.00521	0.07801	0.00832
34	0.01270	0.01219	0.02083	0.03149	0.78767	0.01219	0.01575	0.01575	0.01168	0.01676	0.00965	0.01270	0.00813	0.00457	0.00508	0.00152	0.00610	0.00457	0.00254	0.00813
35	0.01313	0.00919	0.01269	0.01080	0.01199	0.01118	0.02428	0.01457	0.00999	0.19010	0.01390	0.06553	0.03237	0.04904	0.01221	0.00210	0.41991	0.00565	0.08536	0.00602
36	0.85592	0.00992	0.00754	0.00675	0.00992	0.01151	0.00556	0.01508	0.00873	0.02302	0.00714	0.00834	0.00556	0.00476	0.00318	0.00159	0.00397	0.00278	0.00318	0.00556
37	0.01921	0.02309	0.01466	0.01303	0.01587	0.69286	0.00989	0.12221	0.01584	0.01524	0.00853	0.00967	0.00690	0.00541	0.00470	0.00135	0.00876	0.00348	0.00298	0.00633
38	0.00974	0.00908	0.01521	0.70047	0.08607	0.01102	0.01374	0.01307	0.01064	0.01386	0.06019	0.01523	0.00966	0.00544	0.00519	0.00169	0.00650	0.00487	0.00252	0.00581
39	0.01951	0.01437	0.01540	0.01181	0.01591	0.01591	0.00975	0.77056	0.02412	0.03234	0.01232	0.01232	0.00873	0.00616	0.00513	0.00154	0.00565	0.00462	0.00513	0.00873
40	0.00948	0.00616	0.00787	0.00705	0.00869	0.00581	0.00541	0.06110	0.01517	0.09034	0.66568	0.03475	0.04261	0.00983	0.00591	0.00161	0.00281	0.00860	0.00568	0.00545
41	0.01903	0.01414	0.01513	0.01171	0.01573	0.01569	0.00964	0.71864	0.07681	0.03158	0.01292	0.01280	0.00921	0.00622	0.00514	0.00155	0.00554	0.00470	0.00514	0.00868
42	0.01951	0.01437	0.01540	0.01181	0.01591	0.01591	0.00975	0.77056	0.02412	0.03234	0.01232	0.01232	0.00873	0.00616	0.00513	0.00154	0.00565	0.00462	0.00513	0.00873
43	0.01316	0.00963	0.01551	0.26461	0.26629	0.01008	0.02769	0.02883	0.01188	0.16922	0.01391	0.08882	0.01161	0.00643	0.00529	0.00166	0.00564	0.02366	0.01911	0.00697
44	0.01507	0.01009	0.01066	0.00867	0.01148	0.01094	0.00700	0.43179	0.01816	0.02644	0.01429	0.01536	0.01070	0.00608	0.00444	0.00139	0.00419	0.00469	0.38160	0.00696
45	0.85592	0.00992	0.00754	0.00675	0.00992	0.01151	0.00556	0.01508	0.00873	0.02302	0.00714	0.00834	0.00556	0.00476	0.00318	0.00159	0.00397	0.00278	0.00318	0.00556
46	0.01985	0.01383	0.01506	0.01155	0.01564	0.01510	0.00954	0.69837	0.02321	0.10582	0.01309	0.01282	0.00911	0.00618	0.00514	0.00154	0.00552	0.00467	0.00525	0.00873
47	0.02278	0.00913	0.01215	0.00932	0.01329	0.00813	0.00770	0.07708	0.01535	0.73821	0.01969	0.01711	0.01242	0.00634	0.00516	0.00158	0.00446	0.00512	0.00627	0.00873
48	0.01372	0.82276	0.02689	0.00878	0.01317	0.02030	0.00878	0.01536	0.01043	0.01207	0.00713	0.00823	0.00658	0.00439	0.00329	0.00110	0.00549	0.00274	0.00219	0.00658
49	0.00726	0.00524	0.00686	0.00646	0.00767	0.00484	0.00484	0.00968	0.01452	0.02058	0.78496	0.03833	0.04841	0.01049	0.00605	0.00161	0.00242	0.00928	0.00565	0.00484
50	0.00625	0.00447	0.00595	0.00714	0.00744	0.00417	0.00476	0.00714	0.00982	0.01310	0.02828	0.81633	0.03394	0.01608	0.00655	0.00208	0.00298	0.01459	0.00476	0.00417
51	0.01041	0.02571	0.74292	0.01509	0.02251	0.01199	0.06829	0.01626	0.01092	0.01626	0.00929	0.01103	0.00658	0.00484	0.00495	0.00163	0.00765	0.00394	0.00219	0.00754

[dist]
# distance from previous block
# <min> <max>
0	15

[block]
# block no. 4 follows, 48 sequences, length 7
# corresponding to MSA columns:
# 287-293
name=unknown_E
#
# <colnr> <probs for GDERKNQSTAVLIFYWHMCP>
#	G	D	E	R	K	N	Q	S	T	A	V	L	I	F	Y	W	H	M	C	P
0	0.01600	0.01251	0.14815	0.04104	0.07124	0.00962	0.08500	0.05030	0.05793	0.33495	0.10437	0.01780	0.01476	0.00623	0.00530	0.00162	0.00536	0.00544	0.00465	0.00772
1	0.00654	0.00467	0.00628	0.00747	0.00789	0.00441	0.00526	0.00764	0.01010	0.01342	0.02812	0.70935	0.03332	0.01581	0.00663	0.00212	0.00322	0.11876	0.00476	0.00425
2	0.85592	0.00992	0.00754	0.00675	0.00992	0.01151	0.00556	0.01508	0.00873	0.02302	0.00714	0.00834	0.00556	0.00476	0.00318	0.00159	0.00397	0.00278	0.00318	0.00556
3	0.00678	0.00512	0.00626	0.00619	0.00743	0.00460	0.00456	0.00867	0.01307	0.01764	0.47238	0.14859	0.25600	0.01197	0.00612	0.00171	0.00255	0.01045	0.00528	0.00460
4	0.01351	0.15497	0.01674	0.07106	0.13977	0.07125	0.03241	0.05647	0.01211	0.07222	0.00978	0.01134	0.00781	0.00457	0.00431	0.00119	0.00539	0.00370	0.00306	0.30833
5	0.00748	0.00542	0.00724	0.00782	0.00892	0.00518	0.00631	0.00956	0.01238	0.01660	0.27587	0.16914	0.08803	0.01319	0.00660	0.00203	0.00356	0.34501	0.00503	0.00465
6	0.00954	0.23791	0.18208	0.00925	0.01259	0.01055	0.00905	0.01184	0.01027	0.01377	0.01681	0.35582	0.01838	0.00947	0.00507	0.00161	0.00473	0.00808	0.00336	0.06984

[dist]
# distance from previous block
# <min> <max>
0	1

[block]
# block no. 5 follows, 48 sequences, length 78
# corresponding to MSA columns:
# 295-372
name=unknown_F
#
# <colnr> <probs for GDERKNQSTAVLIFYWHMCP>
#	G	D	E	R	K	N	Q	S	T	A	V	L	I	F	Y	W	H	M	C	P
0	0.03901	0.09228	0.07947	0.02857	0.11884	0.02984	0.17269	0.08766	0.13093	0.07942	0.01333	0.06171	0.01076	0.00588	0.00512	0.00159	0.00598	0.00537	0.00361	0.02794
1	0.01175	0.00868	0.01040	0.00773	0.01186	0.00670	0.00614	0.01391	0.01116	0.10851	0.02997	0.06405	0.01087	0.00505	0.00419	0.00096	0.00378	0.00418	0.00361	0.67650
2	0.02804	0.09623	0.29777	0.03316	0.01869	0.06730	0.08752	0.07538	0.04903	0.11689	0.01102	0.01220	0.00806	0.00552	0.00583	0.00161	0.07096	0.00427	0.00318	0.00733
3	0.04542	0.09650	0.02197	0.01588	0.04614	0.01332	0.32682	0.03463	0.01152	0.11377	0.02570	0.01345	0.00890	0.00581	0.00776	0.00173	0.17967	0.00509	0.01913	0.00679
4	0.00683	0.00525	0.00626	0.00607	0.00748	0.00468	0.00459	0.00881	0.01333	0.01779	0.47446	0.04329	0.33407	0.01159	0.00609	0.00169	0.00257	0.03524	0.00527	0.00464
5	0.11693	0.01215	0.14806	0.01002	0.01416	0.00934	0.03627	0.08258	0.02958	0.33530	0.09784	0.01851	0.05355	0.00660	0.00504	0.00161	0.00484	0.00536	0.00482	0.00744
6	0.01253	0.08004	0.16950	0.06981	0.13790	0.01141	0.07039	0.07832	0.02727	0.05745	0.01059	0.02719	0.00836	0.00494	0.00470	0.00137	0.00580	0.00425	0.00306	0.21512
7	0.00994	0.00514	0.00518	0.00505	0.00635	0.00520	0.00382	0.04063	0.01127	0.01963	0.01657	0.01887	0.01298	0.00598	0.00365	0.00121	0.00251	0.00478	0.81630	0.00493
8	0.00669	0.00504	0.00590	0.00601	0.00724	0.00450	0.00439	0.00835	0.01223	0.01628	0.29692	0.20334	0.33669	0.01241	0.00603	0.00174	0.00261	0.01077	0.04838	0.00450
9	0.01313	0.11401	0.31110	0.01644	0.11968	0.10103	0.11566	0.01714	0.02613	0.06345	0.00982	0.01159	0.00748	0.00509	0.00547	0.00156	0.04717	0.00418	0.00265	0.00725
10	0.01294	0.13414	0.31542	0.03293	0.09100	0.01331	0.12260	0.05728	0.04944	0.07994	0.01067	0.01217	0.00794	0.00513	0.00529	0.00158	0.03351	0.00433	0.00292	0.00747
11	0.01763	0.00806	0.01027	0.00840	0.01148	0.00753	0.00675	0.02145	0.11970	0.47745	0.13877	0.02113	0.01871	0.00704	0.00513	0.00157	0.00380	0.00585	0.10169	0.00759
12	0.43191	0.01376	0.01295	0.06653	0.03894	0.19289	0.08227	0.01613	0.01053	0.01828	0.00782	0.00981	0.00627	0.00518	0.00503	0.00160	0.06786	0.00353	0.00284	0.00587
13	0.00632	0.00516	0.00560	0.00566	0.00717	0.00443	0.00422	0.00780	0.01201	0.01495	0.17226	0.11523	0.58111	0.01287	0.00612	0.00176	0.00264	0.02537	0.00491	0.00441
14	0.15429	0.00900	0.01101	0.00872	0.01241	0.00849	0.00716	0.03531	0.05370	0.59017	0.01795	0.01607	0.01167	0.00611	0.00479	0.00158	0.00424	0.00479	0.03446	0.00806
15	0.00746	0.00497	0.00560	0.00560	0.00560	0.00497	0.00311	0.00746	0.00746	0.00995	0.01617	0.03358	0.01865	0.81967	0.02612	0.00497	0.00497	0.00746	0.00311	0.00311
16	0.00794	0.00572	0.00787	0.00899	0.01010	0.00564	0.00767	0.01009	0.01159	0.01504	0.02855	0.13821	0.06856	0.01432	0.00698	0.00230	0.00443	0.63662	0.00473	0.00465
17	0.00741	0.00526	0.00703	0.00705	0.00755	0.00574	0.00493	0.00841	0.00795	0.01107	0.01511	0.02704	0.01582	0.39762	0.42857	0.00663	0.00954	0.02041	0.00295	0.00391
18	0.02294	0.00887	0.01199	0.00919	0.01316	0.00774	0.00759	0.04266	0.01491	0.77325	0.02006	0.01734	0.01261	0.00635	0.00516	0.00159	0.00440	0.00515	0.00632	0.00873
19	0.01064	0.00912	0.01064	0.00760	0.01216	0.00684	0.00608	0.01292	0.01064	0.01672	0.00912	0.01064	0.00760	0.00380	0.00380	0.00076	0.00380	0.00304	0.00304	0.85104
20	0.01066	0.01048	0.01277	0.01225	0.06138	0.09310	0.02763	0.01275	0.03316	0.01455	0.12093	0.02377	0.09074	0.01097	0.05693	0.00230	0.31988	0.07683	0.00338	0.00554
21	0.01167	0.01200	0.00951	0.00886	0.00979	0.26971	0.00616	0.01232	0.01019	0.01154	0.05016	0.02378	0.01507	0.43898	0.01719	0.00336	0.07643	0.00591	0.00300	0.00436
22	0.01103	0.01093	0.01533	0.01320	0.01325	0.01524	0.01098	0.01218	0.00788	0.01233	0.00710	0.01168	0.00705	0.01050	0.05702	0.00255	0.76938	0.00454	0.00227	0.00556
23	0.01064	0.00912	0.01064	0.00760	0.01216	0.00684	0.00608	0.01292	0.01064	0.01672	0.00912	0.01064	0.00760	0.00380	0.00380	0.00076	0.00380	0.00304	0.00304	0.85104
24	0.02185	0.00992	0.01256	0.00970	0.01365	0.00939	0.00799	0.16698	0.05378	0.60922	0.01877	0.01657	0.01209	0.00634	0.00516	0.00159	0.00459	0.00509	0.00606	0.00870
25	0.00827	0.00591	0.00827	0.00945	0.01063	0.00591	0.00827	0.01063	0.01181	0.01536	0.02717	0.05788	0.02953	0.01417	0.00709	0.00236	0.00472	0.75313	0.00472	0.00472
26	0.01156	0.01053	0.01778	0.42029	0.38217	0.01163	0.01470	0.01475	0.01108	0.04263	0.00976	0.01336	0.00764	0.00492	0.00511	0.00162	0.00641	0.00459	0.00255	0.00693
27	0.01121	0.00996	0.01195	0.01114	0.04893	0.08944	0.03494	0.03785	0.00962	0.04527	0.01185	0.02006	0.01186	0.28766	0.09999	0.00361	0.24105	0.00558	0.00293	0.00509
28	0.00719	0.00524	0.00676	0.00638	0.00762	0.00481	0.00479	0.00955	0.01436	0.02018	0.74216	0.03897	0.09146	0.01064	0.00605	0.00162	0.00243	0.00937	0.00560	0.00481
29	0.04975	0.00922	0.01180	0.00931	0.01302	0.00860	0.00768	0.10220	0.04355	0.59798	0.04235	0.01913	0.01399	0.00678	0.00521	0.00162	0.00443	0.03911	0.00598	0.00830
30	0.01095	0.00911	0.01067	0.00764	0.01218	0.00686	0.00612	0.01322	0.01074	0.03615	0.00940	0.01081	0.00773	0.00386	0.00383	0.00078	0.00381	0.00309	0.00312	0.82992
31	0.00694	0.00523	0.00641	0.00612	0.00747	0.00471	0.00459	0.00906	0.01377	0.01878	0.58880	0.04129	0.24569	0.01116	0.00606	0.00165	0.00247	0.00969	0.00541	0.00471
32	0.00969	0.00912	0.01539	0.80734	0.03534	0.01140	0.01425	0.01311	0.01026	0.01311	0.00912	0.01368	0.00684	0.00513	0.00513	0.00171	0.00684	0.00456	0.00228	0.00570
33	0.01280	0.01178	0.01971	0.13163	0.64357	0.01210	0.01514	0.04144	0.01200	0.03622	0.00994	0.01293	0.00809	0.00474	0.00509	0.00155	0.00613	0.00459	0.00269	0.00785
34	0.02048	0.01000	0.01362	0.04026	0.08263	0.00951	0.02284	0.14705	0.01578	0.53671	0.03552	0.01648	0.01218	0.00618	0.00518	0.00158	0.00485	0.00511	0.00558	0.00844
35	0.00676	0.00498	0.00644	0.00742	0.00821	0.00466	0.00555	0.00812	0.01069	0.01384	0.03216	0.47737	0.16532	0.01502	0.00661	0.00210	0.00338	0.21227	0.00475	0.00435
36	0.73206	0.01019	0.00914	0.04110	0.07522	0.01167	0.00685	0.03340	0.00941	0.02233	0.00756	0.00901	0.00590	0.00480	0.00346	0.00159	0.00430	0.00304	0.00313	0.00585
37	0.00662	0.00520	0.00597	0.00582	0.00728	0.00456	0.00435	0.00842	0.01295	0.01692	0.38683	0.06089	0.43208	0.01192	0.00607	0.00169	0.00253	0.01020	0.00517	0.00456
38	0.00969	0.00912	0.01539	0.80734	0.03534	0.01140	0.01425	0.01311	0.01026	0.01311	0.00912	0.01368	0.00684	0.00513	0.00513	0.00171	0.00684	0.00456	0.00228	0.00570
39	0.01526	0.01206	0.01279	0.01073	0.01403	0.01365	0.00857	0.31675	0.45131	0.02561	0.01736	0.01648	0.01285	0.00661	0.00512	0.00164	0.00461	0.00530	0.04105	0.00822
40	0.01128	0.00599	0.00738	0.00661	0.00857	0.00539	0.00513	0.01333	0.01316	0.20664	0.28134	0.04938	0.18014	0.00933	0.00541	0.00158	0.00297	0.01963	0.16107	0.00566
41	0.00746	0.00497	0.00560	0.00560	0.00560	0.00497	0.00311	0.00746	0.00746	0.00995	0.01617	0.03358	0.01865	0.81967	0.02612	0.00497	0.00497	0.00746	0.00311	0.00311
42	0.01917	0.02445	0.01454	0.01322	0.01586	0.79907	0.00991	0.02049	0.01454	0.01256	0.00793	0.00925	0.00661	0.00529	0.00463	0.00132	0.00925	0.00330	0.00264	0.00595
43	0.00648	0.00511	0.00585	0.00589	0.00725	0.00448	0.00433	0.00809	0.01235	0.01595	0.28880	0.15655	0.43538	0.01262	0.00613	0.00174	0.00260	0.01086	0.00505	0.00448
44	0.00629	0.00453	0.00597	0.00704	0.00743	0.00421	0.00474	0.00728	0.01012	0.01349	0.06609	0.75089	0.06153	0.01569	0.00651	0.00205	0.00294	0.01419	0.00481	0.00421
45	0.85592	0.00992	0.00754	0.00675	0.00992	0.01151	0.00556	0.01508	0.00873	0.02302	0.00714	0.00834	0.00556	0.00476	0.00318	0.00159	0.00397	0.00278	0.00318	0.00556
46	0.01064	0.00912	0.01064	0.00760	0.01216	0.00684	0.00608	0.01292	0.01064	0.01672	0.00912	0.01064	0.00760	0.00380	0.00380	0.00076	0.00380	0.00304	0.00304	0.85104
47	0.00684	0.00492	0.00662	0.00776	0.00837	0.00469	0.00578	0.00819	0.01048	0.01380	0.02876	0.56478	0.05825	0.01541	0.00669	0.00215	0.00348	0.23394	0.00475	0.00434
48	0.00894	0.00737	0.00816	0.00812	0.00981	0.00781	0.00599	0.01563	0.33250	0.01677	0.03014	0.32158	0.18353	0.01161	0.00589	0.00187	0.00335	0.01012	0.00496	0.00586
49	0.01918	0.02416	0.01457	0.01318	0.01586	0.77613	0.00991	0.04246	0.01482	0.01314	0.00806	0.00934	0.00667	0.00531	0.00464	0.00133	0.00915	0.00334	0.00272	0.00603
50	0.01536	0.00897	0.01112	0.00818	0.01252	0.00711	0.00664	0.01753	0.01218	0.31184	0.01336	0.01324	0.00954	0.00477	0.00432	0.00108	0.00402	0.00385	0.00430	0.53008
51	0.02267	0.00865	0.01179	0.00907	0.01298	0.00748	0.00748	0.02466	0.01468	0.77402	0.03731	0.01793	0.01350	0.00644	0.00518	0.00159	0.00432	0.00525	0.00634	0.00865
52	0.55667	0.01101	0.01123	0.08142	0.06703	0.04153	0.04350	0.06946	0.01080	0.05389	0.00859	0.01007	0.00652	0.00495	0.00389	0.00159	0.00493	0.00347	0.00328	0.00618
53	0.01697	0.00708	0.00880	0.00725	0.00998	0.00647	0.00582	0.03333	0.01312	0.43331	0.01853	0.01811	0.01283	0.00618	0.00446	0.00141	0.00351	0.00498	0.38088	0.00697
54	0.01283	0.01307	0.02411	0.06753	0.24729	0.03181	0.39370	0.04222	0.06608	0.03310	0.01104	0.01378	0.00849	0.00475	0.00558	0.00165	0.00731	0.00539	0.00291	0.00736
55	0.00991	0.00929	0.01471	0.57092	0.02842	0.01184	0.01280	0.01312	0.03668	0.01312	0.00950	0.01424	0.00773	0.02803	0.04804	0.00222	0.15664	0.00471	0.00242	0.00565
56	0.01305	0.00701	0.00903	0.00782	0.01010	0.00656	0.00615	0.04229	0.05917	0.26830	0.39798	0.05984	0.05040	0.00918	0.00573	0.00165	0.00335	0.03025	0.00575	0.00638
57	0.00723	0.00526	0.00681	0.00648	0.00772	0.00485	0.00489	0.00959	0.01429	0.02006	0.72319	0.03950	0.08700	0.01073	0.00608	0.00164	0.00250	0.03178	0.00557	0.00481
58	0.00616	0.00515	0.00536	0.00541	0.00701	0.00435	0.00402	0.00750	0.01175	0.01425	0.09831	0.10076	0.68630	0.01304	0.00610	0.00175	0.00261	0.01098	0.00482	0.00435
59	0.85592	0.00992	0.00754	0.00675	0.00992	0.01151	0.00556	0.01508	0.00873	0.02302	0.00714	0.00834	0.00556	0.00476	0.00318	0.00159	0.00397	0.00278	0.00318	0.00556
60	0.00726	0.00524	0.00686	0.00646	0.00767	0.00484	0.00484	0.00968	0.01452	0.02058	0.78496	0.03833	0.04841	0.01049	0.00605	0.00161	0.00242	0.00928	0.00565	0.00484
61	0.00745	0.00521	0.00695	0.00695	0.00740	0.00567	0.00479	0.00827	0.00782	0.01088	0.01470	0.02627	0.01541	0.40343	0.40789	0.03856	0.00929	0.00638	0.00290	0.00380
62	0.03345	0.15286	0.04341	0.01198	0.02756	0.01456	0.06874	0.08813	0.30728	0.04959	0.01372	0.01425	0.01063	0.00637	0.00672	0.00167	0.13305	0.00479	0.00386	0.00736
63	0.02978	0.10703	0.14750	0.00984	0.04047	0.00977	0.00901	0.03083	0.01094	0.01659	0.00895	0.01045	0.00729	0.00415	0.00399	0.00101	0.00477	0.00322	0.00282	0.54159
64	0.08725	0.08644	0.19390	0.08692	0.20270	0.02368	0.01289	0.05311	0.03681	0.13308	0.01104	0.01240	0.00818	0.00522	0.00500	0.00156	0.02493	0.00418	0.00323	0.00745
65	0.00625	0.00447	0.00595	0.00714	0.00744	0.00417	0.00476	0.00714	0.00982	0.01310	0.02828	0.81633	0.03394	0.01608	0.00655	0.00208	0.00298	0.01459	0.00476	0.00417
66	0.00761	0.00527	0.00691	0.00756	0.00835	0.00504	0.00548	0.03892	0.01150	0.03482	0.14680	0.54798	0.03414	0.01432	0.00645	0.00201	0.00325	0.10401	0.00495	0.00464
67	0.05864	0.34972	0.20909	0.01092	0.01608	0.01492	0.05792	0.06958	0.01156	0.01614	0.00852	0.00989	0.00689	0.00456	0.00405	0.00127	0.00586	0.00339	0.00261	0.13840
68	0.00711	0.00528	0.00673	0.00710	0.00803	0.00499	0.00502	0.00934	0.05623	0.01610	0.26624	0.47948	0.05063	0.01326	0.00620	0.00186	0.00289	0.01189	0.00500	0.03662
69	0.00744	0.00520	0.00656	0.00701	0.00753	0.00518	0.00500	0.00844	0.00937	0.01244	0.04926	0.14689	0.05040	0.38958	0.06959	0.00389	0.00506	0.20341	0.00388	0.00388
70	0.45399	0.00935	0.00965	0.00790	0.01146	0.00960	0.00651	0.01987	0.01161	0.39373	0.01347	0.01274	0.00900	0.00553	0.00413	0.00159	0.00416	0.00393	0.00471	0.00709
71	0.24359	0.12856	0.19966	0.07106	0.03214	0.07430	0.08045	0.01627	0.01069	0.05970	0.00889	0.01057	0.00679	0.00499	0.00472	0.00155	0.03303	0.00371	0.00277	0.00657
72	0.01351	0.00750	0.00937	0.00803	0.01046	0.00727	0.00631	0.03427	0.14304	0.26441	0.37236	0.02730	0.02958	0.00834	0.00553	0.00161	0.00338	0.00714	0.03388	0.00671
73	0.00639	0.00458	0.00598	0.00697	0.00733	0.00431	0.00465	0.00730	0.00981	0.01308	0.05061	0.68878	0.05777	0.07712	0.02724	0.00243	0.00336	0.01354	0.00462	0.00412
74	0.05102	0.01055	0.10421	0.03680	0.09998	0.00943	0.09302	0.01238	0.01055	0.03416	0.06393	0.21514	0.01816	0.01076	0.04645	0.00220	0.11593	0.05603	0.00347	0.00583
75	0.09479	0.01555	0.28299	0.04601	0.12022	0.01054	0.02530	0.06384	0.01233	0.18201	0.01338	0.07380	0.01060	0.00623	0.00501	0.00165	0.00582	0.01892	0.00364	0.00738
76	0.00667	0.00496	0.00625	0.00678	0.00769	0.00454	0.00493	0.00818	0.01163	0.01542	0.23088	0.38341	0.19272	0.01380	0.00637	0.00191	0.00292	0.08152	0.00499	0.00443
77	0.82569	0.03909	0.00824	0.00682	0.01004	0.01183	0.00567	0.01509	0.00879	0.02263	0.00714	0.00833	0.00559	0.00475	0.00318	0.00157	0.00402	0.00278	0.00314	0.00559

[dist]
# distance from previous block
# <min> <max>
0	1

[block]
# block no. 6 follows, 48 sequences, length 19
# corresponding to MSA columns:
# 374-392
name=unknown_G
#
# <colnr> <probs for GDERKNQSTAVLIFYWHMCP>
#	G	D	E	R	K	N	Q	S	T	A	V	L	I	F	Y	W	H	M	C	P
0	0.00805	0.00545	0.00694	0.00645	0.00789	0.00494	0.00488	0.01029	0.01416	0.06601	0.64078	0.03855	0.14503	0.01058	0.00600	0.00163	0.00256	0.00924	0.00557	0.00501
1	0.01161	0.31350	0.48104	0.01284	0.01916	0.01499	0.05003	0.01594	0.01075	0.01475	0.00851	0.01003	0.00659	0.00467	0.00436	0.00144	0.00688	0.00352	0.00220	0.00719
2	0.01108	0.01103	0.01569	0.08784	0.01552	0.01531	0.01151	0.01242	0.00808	0.01242	0.00696	0.01146	0.00675	0.00862	0.01574	0.00220	0.73502	0.00450	0.00225	0.00562
3	0.34726	0.00920	0.01021	0.00820	0.01186	0.00909	0.00677	0.02114	0.01237	0.49217	0.01514	0.01391	0.00992	0.00573	0.00439	0.00159	0.00421	0.00423	0.00511	0.00750
4	0.00662	0.00478	0.00626	0.00682	0.00751	0.00442	0.00476	0.00809	0.01162	0.01589	0.30889	0.50309	0.06431	0.01391	0.00635	0.00190	0.00276	0.01250	0.00509	0.00442
5	0.00693	0.00523	0.00639	0.00610	0.00746	0.00470	0.00458	0.00903	0.01373	0.01869	0.57940	0.04143	0.25515	0.01119	0.00606	0.00165	0.00247	0.00971	0.00540	0.00470
6	0.00689	0.00523	0.00634	0.00606	0.00744	0.00468	0.00455	0.00896	0.01364	0.01849	0.55695	0.04177	0.27773	0.01127	0.00606	0.00165	0.00248	0.00976	0.00537	0.00468
7	0.01123	0.01123	0.01572	0.01347	0.01347	0.01572	0.01123	0.01235	0.00786	0.01235	0.00674	0.01123	0.00674	0.00898	0.01684	0.00225	0.81028	0.00449	0.00225	0.00561
8	0.39675	0.00713	0.00604	0.00568	0.00778	0.00786	0.00449	0.01339	0.00983	0.02091	0.01235	0.01419	0.00968	0.00542	0.00340	0.00137	0.00311	0.00387	0.46160	0.00514
9	0.01532	0.00678	0.00869	0.00730	0.00982	0.00609	0.00579	0.01745	0.01346	0.38899	0.18567	0.04488	0.04347	0.00761	0.00502	0.00151	0.00337	0.00637	0.21575	0.00666
10	0.85592	0.00992	0.00754	0.00675	0.00992	0.01151	0.00556	0.01508	0.00873	0.02302	0.00714	0.00834	0.00556	0.00476	0.00318	0.00159	0.00397	0.00278	0.00318	0.00556
11	0.00625	0.00447	0.00595	0.00714	0.00744	0.00417	0.00476	0.00714	0.00982	0.01310	0.02828	0.81633	0.03394	0.01608	0.00655	0.00208	0.00298	0.01459	0.00476	0.00417
12	0.01372	0.82276	0.02689	0.00878	0.01317	0.02030	0.00878	0.01536	0.01043	0.01207	0.00713	0.00823	0.00658	0.00439	0.00329	0.00110	0.00549	0.00274	0.00219	0.00658
13	0.01029	0.02654	0.79309	0.01462	0.02221	0.01192	0.01896	0.01625	0.01083	0.01625	0.00921	0.01083	0.00650	0.00487	0.00487	0.00162	0.00758	0.00379	0.00217	0.00758
14	0.00628	0.00480	0.00568	0.00630	0.00717	0.00430	0.00435	0.00734	0.01061	0.01353	0.06654	0.45360	0.32257	0.05315	0.00728	0.00207	0.00291	0.01259	0.00472	0.00421
15	0.01964	0.01853	0.01471	0.01223	0.01565	0.37473	0.00964	0.36400	0.01894	0.08660	0.01097	0.01134	0.00809	0.00578	0.00490	0.00144	0.00720	0.00406	0.00409	0.00745
16	0.01472	0.01070	0.01225	0.00907	0.01342	0.00972	0.00737	0.24828	0.01525	0.10576	0.01132	0.01190	0.00850	0.00481	0.00436	0.00109	0.00443	0.00376	0.00405	0.49924
17	0.00645	0.00495	0.00595	0.00658	0.00759	0.00446	0.00480	0.00775	0.01106	0.01409	0.08303	0.38597	0.33149	0.01432	0.00638	0.00195	0.00298	0.09106	0.00481	0.00433
18	0.82119	0.04344	0.00834	0.00683	0.01006	0.01187	0.00569	0.01509	0.00880	0.02257	0.00714	0.00833	0.00560	0.00475	0.00318	0.00157	0.00403	0.00278	0.00313	0.00560

[dist]
# distance from previous block
# <min> <max>
0	1

[block]
# block no. 7 follows, 48 sequences, length 9
# corresponding to MSA columns:
# 394-402
name=unknown_H
#
# <colnr> <probs for GDERKNQSTAVLIFYWHMCP>
#	G	D	E	R	K	N	Q	S	T	A	V	L	I	F	Y	W	H	M	C	P
0	0.01224	0.06512	0.04447	0.00850	0.01211	0.05780	0.00715	0.03383	0.03756	0.10344	0.17946	0.01866	0.01768	0.00613	0.00466	0.00122	0.00426	0.02337	0.00402	0.35831
1	0.02059	0.00963	0.01191	0.00926	0.01294	0.00924	0.00761	0.20369	0.01651	0.51697	0.01792	0.01642	0.01179	0.00626	0.00497	0.00153	0.00444	0.00498	0.10507	0.00827
2	0.01337	0.30916	0.12708	0.01208	0.04957	0.09855	0.03249	0.01935	0.22915	0.01572	0.01160	0.01227	0.00926	0.00545	0.00484	0.00145	0.03430	0.00406	0.00313	0.00714
3	0.00822	0.00554	0.00648	0.00612	0.00784	0.00483	0.00463	0.00995	0.01286	0.09628	0.29351	0.08009	0.42151	0.01162	0.00599	0.00170	0.00274	0.00991	0.00522	0.00495
4	0.00737	0.00572	0.00764	0.06738	0.04076	0.00548	0.00575	0.00946	0.01286	0.01757	0.46789	0.11547	0.16066	0.04503	0.00684	0.00183	0.00309	0.00945	0.00493	0.00481
5	0.01054	0.08333	0.73844	0.01421	0.02156	0.01251	0.01823	0.01619	0.01080	0.01595	0.00906	0.01065	0.00651	0.00484	0.00476	0.00159	0.00743	0.00372	0.00217	0.00751
6	0.00669	0.00509	0.00616	0.00617	0.00739	0.00455	0.00452	0.00847	0.01275	0.01703	0.40929	0.18393	0.28467	0.01232	0.00615	0.00174	0.00258	0.01075	0.00520	0.00455
7	0.01271	0.01098	0.01703	0.26482	0.36117	0.01193	0.01341	0.05298	0.12370	0.06272	0.01188	0.01420	0.00913	0.00527	0.00512	0.00162	0.00590	0.00478	0.00320	0.00744
8	0.01470	0.06233	0.01683	0.13985	0.13012	0.22161	0.07572	0.11173	0.01374	0.05021	0.01168	0.05456	0.02568	0.00584	0.00500	0.00150	0.00676	0.00487	0.00319	0.04406

[dist]
