[name]
unknown

[dist]
# distance from previous block
# <min> <max>
0	149

[block]
# block no. 0 follows, 43 sequences, length 35
# corresponding to MSA columns:
# 178-212
name=unknown_A
#
# <colnr> <probs for GDERKNQSTAVLIFYWHMCP>
#	G	D	E	R	K	N	Q	S	T	A	V	L	I	F	Y	W	H	M	C	P
0	0.00670	0.00536	0.00601	0.00650	0.00781	0.00467	0.00469	0.00798	0.01192	0.01473	0.04622	0.31664	0.48659	0.01524	0.00677	0.00203	0.00303	0.03736	0.00514	0.00463
1	0.01166	0.01000	0.01157	0.00844	0.01322	0.00788	0.00673	0.01516	0.07010	0.01845	0.01084	0.01220	0.00888	0.00437	0.00422	0.00090	0.00412	0.00351	0.00347	0.77426
2	0.00765	0.00587	0.00795	0.00889	0.03004	0.00574	0.00604	0.00888	0.01050	0.01442	0.02608	0.62265	0.03055	0.01741	0.06506	0.00262	0.04176	0.01322	0.00464	0.07002
3	0.00889	0.00700	0.00709	0.00730	0.00768	0.06614	0.00468	0.00937	0.00946	0.01200	0.01992	0.16592	0.02286	0.54582	0.02115	0.00431	0.00534	0.06737	0.00376	0.00393
4	0.00737	0.00543	0.00699	0.00807	0.00865	0.00529	0.00555	0.00954	0.06936	0.01493	0.02986	0.71582	0.03493	0.01651	0.00698	0.00223	0.00337	0.03911	0.00518	0.00485
5	0.07895	0.01461	0.01565	0.03066	0.01704	0.07520	0.05889	0.33727	0.25104	0.04041	0.01532	0.01525	0.01128	0.00658	0.00544	0.00173	0.00595	0.00524	0.00497	0.00852
6	0.12187	0.02070	0.01586	0.03447	0.01697	0.48178	0.04758	0.01928	0.01328	0.01516	0.00838	0.01064	0.00709	0.00634	0.00739	0.00169	0.15842	0.00392	0.00283	0.00634
7	0.01277	0.01208	0.02005	0.08129	0.60879	0.01238	0.01532	0.01583	0.01231	0.01745	0.01403	0.01700	0.06820	0.00593	0.00606	0.00170	0.03928	0.00546	0.02602	0.00806
8	0.01481	0.80869	0.02902	0.00948	0.01421	0.02191	0.00948	0.01658	0.01125	0.01303	0.00770	0.00888	0.00711	0.00474	0.00355	0.00118	0.00592	0.00296	0.00237	0.00711
9	0.00778	0.00566	0.00732	0.00690	0.00824	0.00520	0.00518	0.01033	0.01553	0.02186	0.73364	0.04194	0.08672	0.01145	0.00653	0.00175	0.00262	0.01010	0.00605	0.00520
10	0.01491	0.00866	0.00909	0.00789	0.01020	0.06469	0.00612	0.07420	0.01458	0.20151	0.14065	0.02290	0.01966	0.04078	0.00595	0.00168	0.00404	0.00604	0.33991	0.00654
11	0.03866	0.00650	0.00840	0.00749	0.00940	0.00599	0.00577	0.01360	0.01550	0.15673	0.60936	0.03627	0.04383	0.01032	0.00626	0.00174	0.00304	0.00899	0.00614	0.00600
12	0.01371	0.22508	0.24854	0.04781	0.02147	0.05255	0.16308	0.07173	0.01284	0.01704	0.00959	0.01182	0.00754	0.00549	0.00611	0.00166	0.06929	0.00443	0.00271	0.00752
13	0.02485	0.00943	0.01285	0.00985	0.01414	0.00814	0.00814	0.02699	0.01585	0.77465	0.02185	0.01885	0.01371	0.00685	0.00557	0.00171	0.00471	0.00557	0.00685	0.00943
14	0.00935	0.00581	0.00678	0.00658	0.00790	0.00566	0.00490	0.04561	0.01383	0.02113	0.32902	0.12742	0.03252	0.00985	0.00545	0.00162	0.00284	0.00849	0.34993	0.00530
15	0.01378	0.01190	0.01252	0.01127	0.01440	0.01378	0.00877	0.02943	0.76081	0.02317	0.02254	0.02066	0.01691	0.00751	0.00564	0.00188	0.00438	0.00626	0.00564	0.00877
16	0.84448	0.01071	0.00814	0.00728	0.01071	0.01242	0.00600	0.01628	0.00943	0.02485	0.00771	0.00900	0.00600	0.00514	0.00343	0.00171	0.00428	0.00300	0.00343	0.00600
17	0.02105	0.01551	0.01662	0.01274	0.01717	0.01717	0.01053	0.75235	0.02604	0.03490	0.01330	0.01330	0.00942	0.00665	0.00554	0.00166	0.00609	0.00499	0.00554	0.00942
18	0.84448	0.01071	0.00814	0.00728	0.01071	0.01242	0.00600	0.01628	0.00943	0.02485	0.00771	0.00900	0.00600	0.00514	0.00343	0.00171	0.00428	0.00300	0.00343	0.00600
19	0.01371	0.01316	0.02248	0.03399	0.77081	0.01316	0.01700	0.01700	0.01261	0.01809	0.01042	0.01371	0.00877	0.00493	0.00548	0.00164	0.00658	0.00493	0.00274	0.00877
20	0.01378	0.01190	0.01252	0.01127	0.01440	0.01378	0.00877	0.02943	0.76081	0.02317	0.02254	0.02066	0.01691	0.00751	0.00564	0.00188	0.00438	0.00626	0.00564	0.00877
21	0.00673	0.00488	0.00636	0.00755	0.00799	0.00451	0.00507	0.00773	0.01076	0.01420	0.03248	0.74452	0.09260	0.01710	0.00703	0.00222	0.00318	0.01543	0.00514	0.00451
22	0.02441	0.01012	0.01328	0.01018	0.01449	0.00918	0.00841	0.11014	0.01702	0.68985	0.02087	0.01821	0.01322	0.00683	0.00557	0.00171	0.00487	0.00550	0.00670	0.00942
23	0.00804	0.00544	0.00640	0.00640	0.00653	0.00557	0.00381	0.00829	0.00816	0.01101	0.01712	0.03442	0.01934	0.70898	0.12349	0.00581	0.00656	0.00779	0.00331	0.00356
24	0.07471	0.00597	0.00732	0.00732	0.00864	0.00567	0.00536	0.01071	0.01335	0.05707	0.38972	0.29264	0.07536	0.01275	0.00642	0.00191	0.00306	0.01123	0.00556	0.00523
25	0.00771	0.00554	0.00656	0.00675	0.00812	0.00489	0.00489	0.00925	0.01273	0.05124	0.18793	0.29042	0.35537	0.01423	0.00667	0.00196	0.00299	0.01238	0.00541	0.00495
26	0.01305	0.01007	0.01184	0.00855	0.01340	0.00790	0.00688	0.04917	0.01253	0.08263	0.01102	0.01219	0.00872	0.00445	0.00429	0.00093	0.00425	0.00355	0.00369	0.73089
27	0.01343	0.00756	0.00920	0.00813	0.01070	0.00699	0.00641	0.03515	0.07731	0.24735	0.16986	0.07284	0.25478	0.01085	0.00623	0.00185	0.00370	0.04513	0.00589	0.00669
28	0.00845	0.00575	0.00716	0.00681	0.00809	0.00528	0.00493	0.01040	0.01387	0.05474	0.48680	0.07509	0.14379	0.13292	0.00982	0.00233	0.00319	0.00999	0.00554	0.00503
29	0.01182	0.02370	0.50804	0.01851	0.02577	0.01327	0.28412	0.01761	0.01219	0.01761	0.01040	0.01286	0.00752	0.00505	0.00572	0.00179	0.00860	0.00497	0.00251	0.00793
30	0.00885	0.00624	0.00831	0.06053	0.01148	0.00620	0.00705	0.01120	0.04716	0.05333	0.03011	0.37746	0.10099	0.03554	0.00749	0.00231	0.00416	0.21138	0.00501	0.00521
31	0.00729	0.00562	0.00672	0.00733	0.00836	0.00528	0.00515	0.00957	0.06593	0.01567	0.09628	0.47878	0.23713	0.01524	0.00678	0.00208	0.00314	0.01348	0.00525	0.00491
32	0.07528	0.00868	0.01272	0.09893	0.14898	0.00869	0.02243	0.01577	0.01222	0.20138	0.01977	0.25795	0.01893	0.01126	0.04277	0.00224	0.00541	0.02517	0.00457	0.00684
33	0.01339	0.01105	0.01670	0.43979	0.07865	0.02497	0.05303	0.04081	0.12643	0.09842	0.01326	0.01583	0.00974	0.00589	0.00556	0.00178	0.00661	0.00522	0.00358	0.02929
34	0.01298	0.01085	0.01736	0.35132	0.26979	0.01190	0.01405	0.05114	0.01260	0.07769	0.01259	0.07088	0.01055	0.00640	0.00588	0.00178	0.02408	0.00571	0.00327	0.02918

[dist]
# distance from previous block
# <min> <max>
1	27

[block]
# block no. 1 follows, 43 sequences, length 29
# corresponding to MSA columns:
# 240-268
name=unknown_B
#
# <colnr> <probs for GDERKNQSTAVLIFYWHMCP>
#	G	D	E	R	K	N	Q	S	T	A	V	L	I	F	Y	W	H	M	C	P
0	0.07665	0.01106	0.01349	0.08312	0.15888	0.06148	0.00973	0.08644	0.01391	0.07345	0.10455	0.05473	0.08053	0.02328	0.00623	0.00172	0.02716	0.00626	0.00411	0.10320
1	0.11378	0.01352	0.01396	0.06673	0.01645	0.10740	0.02488	0.10074	0.23068	0.06685	0.01397	0.01469	0.01065	0.00659	0.00654	0.00173	0.09331	0.00483	0.00423	0.08849
2	0.07397	0.01525	0.12475	0.03727	0.19728	0.01277	0.33208	0.01744	0.01253	0.05151	0.01153	0.01526	0.00904	0.00526	0.00578	0.00176	0.00761	0.02727	0.00303	0.03862
3	0.00773	0.00593	0.00714	0.00713	0.00858	0.00536	0.00517	0.00989	0.04420	0.01709	0.23604	0.28315	0.22806	0.01349	0.00694	0.02707	0.00311	0.01146	0.00520	0.06725
4	0.32690	0.00965	0.01057	0.12924	0.01544	0.01076	0.00813	0.09504	0.03438	0.06414	0.12698	0.07191	0.01784	0.00787	0.00512	0.00182	0.00471	0.04874	0.00437	0.00639
5	0.11122	0.00988	0.01156	0.00928	0.01287	0.00977	0.00756	0.14457	0.04421	0.39549	0.04599	0.01802	0.01377	0.00676	0.00510	0.00165	0.00448	0.00532	0.13430	0.00821
6	0.00748	0.00558	0.00708	0.00782	0.00893	0.00518	0.00602	0.00923	0.01241	0.01614	0.13694	0.30248	0.21499	0.01513	0.00704	0.00218	0.00358	0.22173	0.00526	0.00481
7	0.00831	0.00575	0.00663	0.00632	0.00799	0.00511	0.00477	0.01038	0.01394	0.05204	0.34951	0.04318	0.35127	0.01174	0.00620	0.00175	0.00278	0.01000	0.09715	0.00517
8	0.00700	0.00538	0.00641	0.00667	0.00789	0.00479	0.00481	0.00863	0.01292	0.01690	0.26407	0.28172	0.32438	0.01424	0.00670	0.00195	0.00287	0.01244	0.00543	0.00479
9	0.01910	0.01480	0.05112	0.01223	0.01645	0.01538	0.01034	0.57004	0.08625	0.06311	0.04332	0.04469	0.01275	0.00724	0.00563	0.00171	0.00575	0.00567	0.00546	0.00896
10	0.01148	0.00984	0.01148	0.00820	0.01312	0.00738	0.00656	0.01395	0.01148	0.01805	0.00984	0.01148	0.00820	0.00410	0.00410	0.00082	0.00410	0.00328	0.00328	0.83922
11	0.01378	0.01190	0.01252	0.01127	0.01440	0.01378	0.00877	0.02943	0.76081	0.02317	0.02254	0.02066	0.01691	0.00751	0.00564	0.00188	0.00438	0.00626	0.00564	0.00877
12	0.01046	0.00984	0.01661	0.79205	0.03814	0.01230	0.01538	0.01415	0.01107	0.01415	0.00984	0.01477	0.00738	0.00554	0.00554	0.00185	0.00738	0.00492	0.00246	0.00615
13	0.01111	0.02865	0.77667	0.01579	0.02397	0.01286	0.02046	0.01754	0.01169	0.01754	0.00994	0.01169	0.00702	0.00526	0.00526	0.00175	0.00818	0.00409	0.00234	0.00818
14	0.00675	0.00482	0.00643	0.00771	0.00803	0.00450	0.00514	0.00771	0.01060	0.01414	0.03053	0.80175	0.03663	0.01735	0.00707	0.00225	0.00321	0.01574	0.00514	0.00450
15	0.02485	0.00943	0.01285	0.00985	0.01414	0.00814	0.00814	0.02699	0.01585	0.77465	0.02185	0.01885	0.01371	0.00685	0.00557	0.00171	0.00471	0.00557	0.00685	0.00943
16	0.01363	0.01061	0.01554	0.31852	0.07919	0.03200	0.04886	0.06917	0.06444	0.12194	0.04829	0.08573	0.01437	0.00749	0.00611	0.00186	0.02466	0.02653	0.00401	0.00706
17	0.01307	0.01494	0.03268	0.02334	0.02894	0.01401	0.75070	0.01774	0.01307	0.01774	0.01120	0.01494	0.00840	0.00467	0.00654	0.00187	0.00934	0.00654	0.00280	0.00747
18	0.00998	0.00848	0.00895	0.00833	0.01072	0.00888	0.00639	0.01800	0.35359	0.01948	0.11804	0.03715	0.34864	0.01077	0.00613	0.00186	0.00350	0.00904	0.00547	0.00660
19	0.01073	0.00861	0.04394	0.00965	0.01074	0.00915	0.00762	0.03900	0.00982	0.06840	0.01471	0.05742	0.01468	0.25676	0.20689	0.03902	0.17767	0.00658	0.00339	0.00522
20	0.07518	0.07746	0.18570	0.15947	0.07738	0.06739	0.01333	0.13103	0.06239	0.06473	0.01173	0.01332	0.00871	0.00575	0.00510	0.00168	0.00670	0.00449	0.02074	0.00772
21	0.00859	0.00607	0.00826	0.00747	0.00903	0.00567	0.04883	0.01119	0.01429	0.02092	0.49154	0.05797	0.08454	0.01019	0.00596	0.00167	0.00303	0.00900	0.19048	0.00529
22	0.01729	0.00797	0.01018	0.00857	0.01128	0.00738	0.00662	0.04082	0.04710	0.40327	0.08474	0.09977	0.02022	0.12570	0.00898	0.00227	0.00432	0.00728	0.07894	0.00729
23	0.01398	0.01439	0.16356	0.09872	0.12647	0.01159	0.08766	0.08593	0.06992	0.11330	0.09654	0.01913	0.01503	0.00663	0.00569	0.00176	0.00621	0.02354	0.03215	0.00779
24	0.02777	0.06863	0.16214	0.05658	0.14002	0.02552	0.05129	0.03189	0.08514	0.05514	0.03950	0.01839	0.04022	0.02236	0.00672	0.00179	0.06045	0.03383	0.00351	0.06910
25	0.00760	0.00519	0.00622	0.00664	0.00680	0.00507	0.00403	0.00801	0.00918	0.01228	0.04610	0.29937	0.02684	0.50910	0.02024	0.00418	0.00454	0.01076	0.00406	0.00381
26	0.01095	0.00765	0.04659	0.00726	0.00898	0.00697	0.00566	0.03390	0.08904	0.06200	0.06325	0.05983	0.01876	0.21595	0.01092	0.00254	0.00403	0.00675	0.33339	0.00555
27	0.03850	0.06970	0.08615	0.03827	0.14483	0.01220	0.09606	0.08078	0.05504	0.24978	0.04293	0.01613	0.01196	0.00603	0.00544	0.00167	0.00602	0.00527	0.00447	0.02878
28	0.11834	0.01160	0.03357	0.15351	0.04599	0.04068	0.01043	0.08090	0.01303	0.20625	0.01290	0.01516	0.00970	0.03821	0.03298	0.00216	0.12324	0.00485	0.00404	0.04244

[dist]
# distance from previous block
# <min> <max>
3	13

[block]
# block no. 2 follows, 43 sequences, length 9
# corresponding to MSA columns:
# 282-290
name=unknown_C
#
# <colnr> <probs for GDERKNQSTAVLIFYWHMCP>
#	G	D	E	R	K	N	Q	S	T	A	V	L	I	F	Y	W	H	M	C	P
0	0.01365	0.01431	0.12298	0.07281	0.05491	0.06574	0.11372	0.01772	0.06662	0.10258	0.06050	0.01699	0.01255	0.04839	0.00775	0.00187	0.07397	0.00536	0.00365	0.12393
1	0.01163	0.00866	0.01034	0.00845	0.01172	0.00756	0.00656	0.06615	0.05311	0.06799	0.17791	0.13937	0.02292	0.00821	0.00535	0.00141	0.00384	0.00705	0.00468	0.37709
2	0.05470	0.00832	0.06272	0.00878	0.01076	0.00708	0.00709	0.04549	0.01237	0.12505	0.05067	0.42384	0.10755	0.01305	0.00678	0.00203	0.03150	0.01131	0.00505	0.00586
3	0.00760	0.00549	0.00712	0.03859	0.00951	0.00544	0.00568	0.00972	0.05826	0.01518	0.02830	0.66474	0.03261	0.01547	0.00669	0.00214	0.00341	0.01395	0.06522	0.00488
4	0.00922	0.00555	0.00676	0.00692	0.00778	0.00523	0.00467	0.01032	0.01090	0.08274	0.07702	0.30718	0.07997	0.25528	0.01296	0.00299	0.00387	0.01065	0.09528	0.00473
5	0.00918	0.00734	0.00918	0.00844	0.01031	0.00736	0.03041	0.01457	0.18125	0.02100	0.44815	0.06925	0.11970	0.01091	0.00639	0.00183	0.00334	0.02969	0.00571	0.00600
6	0.84448	0.01071	0.00814	0.00728	0.01071	0.01242	0.00600	0.01628	0.00943	0.02485	0.00771	0.00900	0.00600	0.00514	0.00343	0.00171	0.00428	0.00300	0.00343	0.00600
7	0.78956	0.01099	0.00976	0.00834	0.01192	0.01253	0.05519	0.01638	0.00967	0.02438	0.00794	0.00939	0.00616	0.00511	0.00363	0.00172	0.00462	0.00323	0.00339	0.00610
8	0.08834	0.01657	0.14522	0.04459	0.01752	0.09389	0.01143	0.18152	0.20128	0.08675	0.01483	0.01570	0.01105	0.00662	0.00561	0.00176	0.02404	0.02069	0.00445	0.00813

[dist]
# distance from previous block
# <min> <max>
2	20

[block]
# block no. 3 follows, 43 sequences, length 18
# corresponding to MSA columns:
# 314-331
name=unknown_D
#
# <colnr> <probs for GDERKNQSTAVLIFYWHMCP>
#	G	D	E	R	K	N	Q	S	T	A	V	L	I	F	Y	W	H	M	C	P
0	0.11503	0.01174	0.03935	0.09249	0.01924	0.01158	0.15373	0.08874	0.03751	0.25379	0.03728	0.04902	0.01239	0.00676	0.00621	0.00182	0.04514	0.00583	0.00460	0.00775
1	0.01407	0.06417	0.01740	0.11322	0.18747	0.01183	0.07359	0.10047	0.04666	0.10416	0.09300	0.04024	0.05646	0.00721	0.00570	0.00172	0.00572	0.02628	0.00420	0.02641
2	0.26557	0.14970	0.09721	0.00969	0.02713	0.01216	0.00870	0.03680	0.01141	0.04802	0.03495	0.09884	0.03446	0.02947	0.00568	0.00178	0.02457	0.03820	0.00365	0.06203
3	0.26965	0.01221	0.01592	0.07708	0.30484	0.03530	0.02610	0.05863	0.03341	0.05367	0.01113	0.03975	0.00917	0.00586	0.00523	0.00173	0.02466	0.00477	0.00343	0.00748
4	0.07148	0.03296	0.01131	0.00914	0.01205	0.06346	0.00731	0.22203	0.04486	0.11491	0.05986	0.04096	0.01457	0.00702	0.00490	0.00156	0.00462	0.00549	0.26435	0.00718
5	0.01570	0.40700	0.02079	0.01014	0.01394	0.06107	0.00893	0.19807	0.01515	0.03853	0.01274	0.10379	0.01184	0.02599	0.00519	0.00156	0.00573	0.00525	0.03134	0.00724
6	0.00730	0.00563	0.00663	0.00653	0.00799	0.00502	0.00488	0.00925	0.01381	0.01822	0.38318	0.07592	0.35187	0.03987	0.00734	0.00197	0.00291	0.04124	0.00552	0.00490
7	0.00743	0.00557	0.00688	0.00700	0.00825	0.00507	0.00523	0.00939	0.01360	0.01822	0.37946	0.17020	0.23049	0.03532	0.00732	0.00203	0.00306	0.07505	0.00553	0.00490
8	0.00725	0.00564	0.00658	0.00635	0.00791	0.00497	0.00476	0.00931	0.01428	0.01890	0.44264	0.04682	0.37958	0.01256	0.00654	0.00180	0.00270	0.01078	0.00566	0.00497
9	0.65143	0.01024	0.00895	0.00771	0.01122	0.01130	0.00634	0.01825	0.01077	0.17195	0.01089	0.01138	0.00783	0.00553	0.00387	0.00170	0.00430	0.00359	0.03612	0.00664
10	0.01378	0.01190	0.01252	0.01127	0.01440	0.01378	0.00877	0.02943	0.76081	0.02317	0.02254	0.02066	0.01691	0.00751	0.00564	0.00188	0.00438	0.00626	0.00564	0.00877
11	0.01143	0.00963	0.01120	0.00807	0.01282	0.00728	0.00644	0.01390	0.01149	0.01816	0.01021	0.01190	0.00847	0.00421	0.00409	0.00084	0.00403	0.00337	0.04080	0.80165
12	0.84448	0.01071	0.00814	0.00728	0.01071	0.01242	0.00600	0.01628	0.00943	0.02485	0.00771	0.00900	0.00600	0.00514	0.00343	0.00171	0.00428	0.00300	0.00343	0.00600
13	0.01046	0.00984	0.01661	0.79205	0.03814	0.01230	0.01538	0.01415	0.01107	0.01415	0.00984	0.01477	0.00738	0.00554	0.00554	0.00185	0.00738	0.00492	0.00246	0.00615
14	0.00804	0.00619	0.00748	0.00781	0.00904	0.00606	0.00569	0.01154	0.11548	0.01745	0.19918	0.36425	0.15697	0.01400	0.00669	0.00204	0.00327	0.04809	0.00542	0.00531
15	0.01295	0.14891	0.37878	0.01483	0.07290	0.01405	0.01521	0.01696	0.01157	0.08089	0.01223	0.03788	0.03094	0.00656	0.00699	0.00177	0.12121	0.00479	0.00294	0.00763
16	0.01456	0.75661	0.07895	0.00990	0.01487	0.02131	0.01021	0.01665	0.01128	0.01333	0.00785	0.00907	0.00710	0.00477	0.00367	0.00122	0.00607	0.00304	0.00237	0.00718
17	0.00825	0.00604	0.00730	0.00739	0.00869	0.00572	0.00545	0.05872	0.01377	0.01858	0.26337	0.29300	0.18938	0.01353	0.00658	0.00195	0.00319	0.04361	0.04035	0.00514

[dist]
# distance from previous block
# <min> <max>
0	18

[block]
# block no. 4 follows, 43 sequences, length 21
# corresponding to MSA columns:
# 350-370
name=unknown_E
#
# <colnr> <probs for GDERKNQSTAVLIFYWHMCP>
#	G	D	E	R	K	N	Q	S	T	A	V	L	I	F	Y	W	H	M	C	P
0	0.03042	0.03841	0.01273	0.01141	0.05665	0.05375	0.02177	0.13334	0.14620	0.08269	0.13943	0.12565	0.05563	0.00921	0.00586	0.00178	0.00477	0.03193	0.00508	0.03328
1	0.00765	0.00573	0.00717	0.00739	0.00867	0.00520	0.00552	0.00948	0.01282	0.01724	0.26582	0.24856	0.17536	0.04543	0.00758	0.00211	0.00334	0.11196	0.00527	0.04771
2	0.04336	0.40488	0.23201	0.01134	0.01649	0.04092	0.01215	0.03476	0.01213	0.04030	0.04925	0.01305	0.02917	0.00579	0.00492	0.00149	0.03375	0.00408	0.00290	0.00728
3	0.04890	0.00816	0.00927	0.00863	0.01065	0.00870	0.00662	0.01777	0.27772	0.04549	0.24949	0.03023	0.05160	0.03829	0.00787	0.06553	0.00380	0.05121	0.05372	0.00634
4	0.01364	0.01262	0.04032	0.45332	0.06828	0.04034	0.01374	0.17648	0.09005	0.01986	0.01186	0.01472	0.00884	0.00594	0.00552	0.00178	0.00687	0.00500	0.00347	0.00733
5	0.03737	0.13424	0.49523	0.04910	0.02112	0.03838	0.01626	0.01788	0.03695	0.05569	0.01083	0.01292	0.00820	0.03607	0.00588	0.00181	0.00736	0.00422	0.00278	0.00772
6	0.00736	0.00517	0.00647	0.00710	0.00751	0.00493	0.00466	0.00826	0.01049	0.01406	0.11087	0.41831	0.05697	0.27218	0.01386	0.00320	0.00389	0.03581	0.00467	0.00424
7	0.01213	0.11653	0.62636	0.01438	0.02173	0.01339	0.01800	0.01768	0.01183	0.05160	0.01054	0.01204	0.00761	0.00532	0.00503	0.00167	0.00755	0.00407	0.03454	0.00800
8	0.00895	0.00607	0.00773	0.00776	0.00920	0.00573	0.00607	0.02912	0.01410	0.04955	0.34567	0.13768	0.12090	0.01264	0.00662	0.00196	0.00341	0.16700	0.05453	0.00532
9	0.00675	0.00482	0.00643	0.00771	0.00803	0.00450	0.00514	0.00771	0.01060	0.01414	0.03053	0.80175	0.03663	0.01735	0.00707	0.00225	0.00321	0.01574	0.00514	0.00450
10	0.00698	0.00563	0.00622	0.00607	0.00775	0.00486	0.00455	0.00880	0.01366	0.01742	0.29732	0.04926	0.52582	0.01311	0.00654	0.00183	0.00274	0.01112	0.00547	0.00486
11	0.00675	0.00482	0.00643	0.00771	0.00803	0.00450	0.00514	0.00771	0.01060	0.01414	0.03053	0.80175	0.03663	0.01735	0.00707	0.00225	0.00321	0.01574	0.00514	0.00450
12	0.01481	0.80869	0.02902	0.00948	0.01421	0.02191	0.00948	0.01658	0.01125	0.01303	0.00770	0.00888	0.00711	0.00474	0.00355	0.00118	0.00592	0.00296	0.00237	0.00711
13	0.01111	0.02865	0.77667	0.01579	0.02397	0.01286	0.02046	0.01754	0.01169	0.01754	0.00994	0.01169	0.00702	0.00526	0.00526	0.00175	0.00818	0.00409	0.00234	0.00818
14	0.02413	0.00962	0.01279	0.00985	0.01404	0.00854	0.00812	0.06713	0.01627	0.70678	0.02124	0.01860	0.01349	0.00683	0.00551	0.00170	0.00472	0.00552	0.03584	0.00928
15	0.01481	0.80869	0.02902	0.00948	0.01421	0.02191	0.00948	0.01658	0.01125	0.01303	0.00770	0.00888	0.00711	0.00474	0.00355	0.00118	0.00592	0.00296	0.00237	0.00711
16	0.01194	0.00978	0.01116	0.04995	0.01359	0.01084	0.00794	0.06989	0.40413	0.02314	0.29060	0.02735	0.02869	0.00873	0.00595	0.00181	0.00401	0.00746	0.00563	0.00740
17	0.00674	0.00485	0.00640	0.00764	0.00801	0.00450	0.00511	0.00772	0.01068	0.01417	0.03145	0.77477	0.06301	0.01723	0.00705	0.00224	0.00320	0.01560	0.00514	0.00450
18	0.00675	0.00482	0.00643	0.00771	0.00803	0.00450	0.00514	0.00771	0.01060	0.01414	0.03053	0.80175	0.03663	0.01735	0.00707	0.00225	0.00321	0.01574	0.00514	0.00450
19	0.08574	0.48405	0.07966	0.02910	0.01522	0.09128	0.00996	0.05640	0.01227	0.03235	0.00915	0.01131	0.00800	0.04886	0.00536	0.00158	0.00633	0.00360	0.00283	0.00698
20	0.05405	0.00620	0.00823	0.00939	0.01053	0.00621	0.00777	0.01075	0.01200	0.01639	0.02846	0.25355	0.03171	0.01528	0.00727	0.00243	0.00456	0.50521	0.00502	0.00499

[dist]
# distance from previous block
# <min> <max>
0	2

[block]
# block no. 5 follows, 43 sequences, length 27
# corresponding to MSA columns:
# 373-399
name=unknown_F
#
# <colnr> <probs for GDERKNQSTAVLIFYWHMCP>
#	G	D	E	R	K	N	Q	S	T	A	V	L	I	F	Y	W	H	M	C	P
0	0.75470	0.01017	0.00806	0.00725	0.01045	0.01165	0.00592	0.01565	0.01010	0.02457	0.08929	0.01247	0.01096	0.00580	0.00376	0.00172	0.00410	0.00375	0.00371	0.00592
1	0.00826	0.00582	0.00681	0.00675	0.00691	0.00605	0.00422	0.00855	0.00858	0.01143	0.01941	0.03727	0.05532	0.67573	0.02537	0.00487	0.04969	0.05178	0.00349	0.00368
2	0.01620	0.16335	0.29790	0.01429	0.08462	0.01351	0.01383	0.04884	0.05566	0.21906	0.01358	0.01383	0.00962	0.00574	0.00508	0.00163	0.00641	0.00451	0.00389	0.00845
3	0.03556	0.04186	0.05567	0.02695	0.01461	0.00897	0.12871	0.01388	0.01351	0.06159	0.32358	0.05553	0.03978	0.00835	0.00633	0.00167	0.03520	0.00744	0.00453	0.11628
4	0.01632	0.01503	0.09730	0.01435	0.01894	0.01420	0.15285	0.22723	0.27185	0.08782	0.01642	0.01642	0.01189	0.00644	0.00574	0.00179	0.00624	0.00567	0.00482	0.00869
5	0.00679	0.00522	0.00622	0.00682	0.00785	0.00465	0.00479	0.00811	0.01196	0.01537	0.12359	0.42692	0.32106	0.01539	0.00681	0.00205	0.00299	0.01353	0.00525	0.00465
6	0.07763	0.11828	0.04194	0.04324	0.01661	0.21715	0.03177	0.09907	0.16173	0.10057	0.01346	0.01381	0.01012	0.00608	0.00499	0.00160	0.00662	0.00454	0.02316	0.00763
7	0.09298	0.03388	0.03269	0.10405	0.18284	0.09364	0.03433	0.16657	0.07824	0.08521	0.01262	0.01444	0.00965	0.02803	0.00589	0.00178	0.00644	0.00486	0.00394	0.00792
8	0.00663	0.00558	0.00575	0.00577	0.00755	0.00470	0.00430	0.00809	0.01273	0.01537	0.09808	0.08001	0.69856	0.01399	0.00656	0.00188	0.00281	0.01174	0.00520	0.00470
9	0.00767	0.00513	0.00685	0.00793	0.00847	0.00481	0.00548	0.00877	0.01089	0.04472	0.02970	0.69451	0.03488	0.04016	0.00768	0.00234	0.00347	0.06669	0.00515	0.00471
10	0.06982	0.04569	0.09966	0.06122	0.08878	0.09703	0.09032	0.24218	0.01675	0.08639	0.01166	0.01305	0.00860	0.00594	0.00585	0.00170	0.03862	0.00474	0.00392	0.00807
11	0.01262	0.01039	0.01593	0.30828	0.12715	0.01235	0.01271	0.04197	0.01171	0.08619	0.04082	0.03944	0.01135	0.02240	0.04756	0.00235	0.18118	0.00559	0.00327	0.00673
12	0.00685	0.00491	0.00648	0.00765	0.00806	0.00458	0.00516	0.00789	0.01081	0.01439	0.05352	0.72457	0.05830	0.03336	0.00749	0.00229	0.00327	0.03077	0.00513	0.00452
13	0.01148	0.00984	0.01148	0.00820	0.01312	0.00738	0.00656	0.01395	0.01148	0.01805	0.00984	0.01148	0.00820	0.00410	0.00410	0.00082	0.00410	0.00328	0.00328	0.83922
14	0.01312	0.01269	0.02203	0.16278	0.60592	0.01306	0.05615	0.01655	0.01237	0.01740	0.01036	0.01395	0.00852	0.00502	0.00555	0.00169	0.00686	0.00502	0.00270	0.00826
15	0.01156	0.01183	0.02404	0.01856	0.02259	0.01123	0.48101	0.01546	0.01295	0.01732	0.01779	0.03222	0.01694	0.00853	0.00694	0.00212	0.00780	0.27085	0.00364	0.00661
16	0.01046	0.00984	0.01661	0.79205	0.03814	0.01230	0.01538	0.01415	0.01107	0.01415	0.00984	0.01477	0.00738	0.00554	0.00554	0.00185	0.00738	0.00492	0.00246	0.00615
17	0.01046	0.00984	0.01661	0.79205	0.03814	0.01230	0.01538	0.01415	0.01107	0.01415	0.00984	0.01477	0.00738	0.00554	0.00554	0.00185	0.00738	0.00492	0.00246	0.00615
18	0.01378	0.01190	0.01252	0.01127	0.01440	0.01378	0.00877	0.02943	0.76081	0.02317	0.02254	0.02066	0.01691	0.00751	0.00564	0.00188	0.00438	0.00626	0.00564	0.00877
19	0.73182	0.01037	0.00849	0.00746	0.01089	0.01172	0.00613	0.01721	0.01014	0.09860	0.00950	0.01041	0.00707	0.00536	0.00366	0.00170	0.00426	0.00333	0.03557	0.00630
20	0.00673	0.00490	0.00634	0.00749	0.00797	0.00452	0.00504	0.00774	0.01082	0.01423	0.03327	0.72143	0.11518	0.01699	0.00701	0.00221	0.00317	0.01531	0.00514	0.00452
21	0.00805	0.00537	0.00604	0.00604	0.00604	0.00537	0.00336	0.00805	0.00805	0.01074	0.01745	0.03624	0.02013	0.80536	0.02819	0.00537	0.00537	0.00805	0.00336	0.00336
22	0.02105	0.01551	0.01662	0.01274	0.01717	0.01717	0.01053	0.75235	0.02604	0.03490	0.01330	0.01330	0.00942	0.00665	0.00554	0.00166	0.00609	0.00499	0.00554	0.00942
23	0.02485	0.00943	0.01285	0.00985	0.01414	0.00814	0.00814	0.02699	0.01585	0.77465	0.02185	0.01885	0.01371	0.00685	0.00557	0.00171	0.00471	0.00557	0.00685	0.00943
24	0.01378	0.01190	0.01252	0.01127	0.01440	0.01378	0.00877	0.02943	0.76081	0.02317	0.02254	0.02066	0.01691	0.00751	0.00564	0.00188	0.00438	0.00626	0.00564	0.00877
25	0.03308	0.01448	0.06701	0.03659	0.02366	0.04091	0.44001	0.01932	0.13250	0.03957	0.01470	0.01984	0.01187	0.00627	0.00624	0.00190	0.00782	0.07321	0.00356	0.00745
26	0.01507	0.01273	0.01322	0.01226	0.04235	0.06071	0.00925	0.06610	0.58589	0.06512	0.02090	0.02043	0.01585	0.00744	0.00564	0.00184	0.00494	0.02626	0.00541	0.00859

[dist]
# distance from previous block
# <min> <max>
1	11

[block]
# block no. 6 follows, 43 sequences, length 22
# corresponding to MSA columns:
# 411-432
name=unknown_G
#
# <colnr> <probs for GDERKNQSTAVLIFYWHMCP>
#	G	D	E	R	K	N	Q	S	T	A	V	L	I	F	Y	W	H	M	C	P
0	0.16010	0.01640	0.32562	0.01114	0.01590	0.00993	0.01206	0.01591	0.01219	0.10282	0.11039	0.10758	0.03743	0.00811	0.00545	0.00183	0.00560	0.03063	0.00399	0.00695
1	0.00971	0.00812	0.01244	0.01469	0.20514	0.00784	0.03908	0.01290	0.03315	0.02099	0.52375	0.03266	0.03841	0.00931	0.00624	0.00173	0.00395	0.00847	0.00509	0.00632
2	0.01324	0.07087	0.15473	0.13766	0.32787	0.01315	0.04804	0.01772	0.05526	0.05323	0.01130	0.01376	0.00880	0.00526	0.00531	0.00165	0.00673	0.00474	0.00299	0.04769
3	0.01539	0.06172	0.10544	0.06953	0.01565	0.00900	0.03877	0.01753	0.01263	0.29613	0.04137	0.16248	0.01676	0.00982	0.00756	0.09616	0.00526	0.00715	0.00468	0.00697
4	0.00736	0.00508	0.00668	0.00779	0.00835	0.00482	0.00552	0.00872	0.01118	0.01533	0.06212	0.61228	0.03492	0.01595	0.00686	0.00219	0.00337	0.10467	0.07217	0.00466
5	0.08124	0.00990	0.01406	0.01154	0.03969	0.00940	0.09384	0.05561	0.04823	0.38597	0.12530	0.02063	0.01783	0.00704	0.00556	0.00171	0.00491	0.00608	0.05344	0.00804
6	0.01119	0.01059	0.01794	0.62038	0.20407	0.01250	0.01575	0.01480	0.01142	0.01504	0.00997	0.01453	0.00770	0.00540	0.00552	0.00180	0.00720	0.00492	0.00252	0.00675
7	0.02325	0.00963	0.01274	0.00987	0.01394	0.00865	0.00811	0.08421	0.01666	0.65804	0.07765	0.02011	0.01628	0.00718	0.00564	0.00171	0.00467	0.00586	0.00669	0.00911
8	0.84448	0.01071	0.00814	0.00728	0.01071	0.01242	0.00600	0.01628	0.00943	0.02485	0.00771	0.00900	0.00600	0.00514	0.00343	0.00171	0.00428	0.00300	0.00343	0.00600
9	0.00744	0.00531	0.00722	0.00850	0.00913	0.00509	0.00634	0.00891	0.01128	0.01491	0.03014	0.56703	0.03512	0.01670	0.00725	0.00234	0.00381	0.24365	0.00513	0.00469
10	0.01046	0.00984	0.01661	0.79205	0.03814	0.01230	0.01538	0.01415	0.01107	0.01415	0.00984	0.01477	0.00738	0.00554	0.00554	0.00185	0.00738	0.00492	0.00246	0.00615
11	0.02069	0.02640	0.01569	0.01427	0.01712	0.78313	0.01070	0.02212	0.01569	0.01355	0.00856	0.00999	0.00713	0.00571	0.00499	0.00143	0.00999	0.00357	0.00285	0.00642
12	0.01178	0.00977	0.01225	0.00888	0.01355	0.00761	0.04917	0.01437	0.01168	0.03480	0.01081	0.01254	0.00879	0.00437	0.00426	0.00094	0.00430	0.00366	0.06640	0.71007
13	0.01426	0.00712	0.00924	0.00788	0.01043	0.00627	0.00620	0.01650	0.01526	0.31426	0.36391	0.03449	0.15123	0.01001	0.00616	0.00175	0.00346	0.00855	0.00624	0.00677
14	0.01123	0.00895	0.01110	0.01171	0.08765	0.00964	0.00799	0.05062	0.27881	0.01922	0.12460	0.08815	0.05372	0.03143	0.06717	0.09683	0.00515	0.02475	0.00471	0.00656
15	0.00716	0.00561	0.00648	0.00632	0.00787	0.00493	0.00472	0.00912	0.01400	0.01836	0.39135	0.07059	0.40798	0.01285	0.00656	0.00182	0.00273	0.01102	0.00559	0.00493
16	0.01759	0.13439	0.01906	0.09794	0.15172	0.16433	0.01191	0.24552	0.03778	0.05146	0.01127	0.01265	0.00868	0.00579	0.00513	0.00157	0.00694	0.00445	0.00379	0.00802
17	0.00771	0.00566	0.00722	0.00683	0.00819	0.00517	0.00512	0.01020	0.01537	0.02148	0.69619	0.04257	0.12442	0.01159	0.00653	0.00175	0.00263	0.01018	0.00600	0.00517
18	0.01665	0.01564	0.09750	0.07933	0.09399	0.10638	0.24155	0.02071	0.04459	0.20725	0.01371	0.01509	0.00975	0.00562	0.00576	0.00174	0.00752	0.00539	0.00386	0.00798
19	0.00792	0.00606	0.00731	0.00703	0.00854	0.00570	0.00525	0.01113	0.07105	0.02007	0.49769	0.09492	0.21249	0.01207	0.00650	0.00182	0.00283	0.01051	0.00578	0.00532
20	0.12465	0.01292	0.03679	0.04690	0.09286	0.08097	0.08325	0.05054	0.04724	0.27740	0.04447	0.01595	0.01186	0.00635	0.00594	0.00174	0.04250	0.00517	0.00459	0.00793
21	0.10181	0.01634	0.01378	0.04341	0.01600	0.27976	0.00940	0.13382	0.06751	0.19658	0.01416	0.03809	0.01067	0.00747	0.02539	0.00183	0.00702	0.00487	0.00451	0.00759

[dist]
# distance from previous block
# <min> <max>
1	40

[block]
# block no. 7 follows, 43 sequences, length 13
# corresponding to MSA columns:
# 473-485
name=unknown_H
#
# <colnr> <probs for GDERKNQSTAVLIFYWHMCP>
#	G	D	E	R	K	N	Q	S	T	A	V	L	I	F	Y	W	H	M	C	P
0	0.01200	0.01022	0.01090	0.01001	0.01269	0.01144	0.00770	0.02401	0.56601	0.02153	0.08323	0.06771	0.12054	0.00918	0.00590	0.00189	0.00398	0.00776	0.00558	0.00773
1	0.01148	0.00984	0.01148	0.00820	0.01312	0.00738	0.00656	0.01395	0.01148	0.01805	0.00984	0.01148	0.00820	0.00410	0.00410	0.00082	0.00410	0.00328	0.00328	0.83922
2	0.01936	0.01405	0.01651	0.04877	0.01826	0.04574	0.06457	0.28459	0.16274	0.15756	0.04828	0.01869	0.01434	0.00758	0.00617	0.00194	0.00618	0.00594	0.00566	0.05307
3	0.01435	0.01562	0.17065	0.04950	0.01772	0.01367	0.01166	0.20422	0.33211	0.02382	0.01764	0.07518	0.01403	0.00748	0.00564	0.00183	0.00565	0.00614	0.00474	0.00836
4	0.00675	0.00482	0.00643	0.00771	0.00803	0.00450	0.00514	0.00771	0.01060	0.01414	0.03053	0.80175	0.03663	0.01735	0.00707	0.00225	0.00321	0.01574	0.00514	0.00450
5	0.01213	0.04918	0.11650	0.06086	0.09524	0.02974	0.09985	0.03335	0.23288	0.01906	0.07648	0.11710	0.01767	0.00786	0.00582	0.00183	0.00582	0.00705	0.00414	0.00745
6	0.02072	0.02553	0.01577	0.01415	0.01713	0.72239	0.01069	0.08002	0.01651	0.01525	0.00894	0.01025	0.00732	0.00578	0.00504	0.00145	0.00968	0.00368	0.00307	0.00666
7	0.00956	0.01054	0.10792	0.01070	0.01295	0.04033	0.06717	0.01256	0.04552	0.01395	0.01454	0.02222	0.01364	0.17926	0.40738	0.00611	0.01102	0.00608	0.00307	0.00549
8	0.00856	0.00682	0.00983	0.00944	0.01021	0.00825	0.00735	0.01029	0.00908	0.01318	0.04827	0.02235	0.01510	0.09685	0.57038	0.00730	0.13253	0.00613	0.00306	0.00500
9	0.01095	0.00631	0.00787	0.00750	0.00912	0.00592	0.00561	0.02714	0.03265	0.13404	0.21489	0.19556	0.10432	0.02948	0.00741	0.04619	0.00344	0.03004	0.11592	0.00563
10	0.00892	0.00685	0.00801	0.00769	0.00949	0.00664	0.00579	0.01325	0.14361	0.03549	0.29688	0.15238	0.21339	0.01196	0.00638	0.00186	0.00322	0.02856	0.00554	0.03410
11	0.01018	0.00667	0.00779	0.00736	0.00896	0.00670	0.00554	0.05719	0.08468	0.03977	0.32205	0.12815	0.03235	0.00993	0.00566	0.00168	0.00311	0.00857	0.24785	0.00580
12	0.15293	0.01319	0.10489	0.15163	0.04880	0.02747	0.01086	0.06383	0.02725	0.07472	0.01074	0.01260	0.00816	0.00540	0.00527	0.00152	0.03829	0.00410	0.00343	0.23491

[dist]
# distance from previous block
# <min> <max>
0	1

[block]
# block no. 8 follows, 43 sequences, length 15
# corresponding to MSA columns:
# 487-501
name=unknown_I
#
# <colnr> <probs for GDERKNQSTAVLIFYWHMCP>
#	G	D	E	R	K	N	Q	S	T	A	V	L	I	F	Y	W	H	M	C	P
0	0.01240	0.05305	0.05200	0.01155	0.01427	0.01139	0.05699	0.06152	0.09406	0.06811	0.03399	0.11358	0.03716	0.01112	0.05575	0.00232	0.15020	0.06161	0.00409	0.09484
1	0.01410	0.38065	0.25637	0.01231	0.01764	0.05569	0.03650	0.01766	0.02832	0.05959	0.01046	0.03781	0.00873	0.00575	0.00510	0.00152	0.03730	0.00419	0.00283	0.00746
2	0.01391	0.15280	0.27031	0.04135	0.05967	0.01473	0.17171	0.04485	0.01256	0.08267	0.01078	0.01283	0.00812	0.00561	0.00640	0.00173	0.07450	0.00472	0.00298	0.00779
3	0.01303	0.01260	0.02187	0.18259	0.58694	0.01304	0.05595	0.01648	0.01233	0.01730	0.01035	0.01398	0.00848	0.00504	0.00555	0.00170	0.00689	0.00502	0.00269	0.00819
4	0.00719	0.00524	0.00683	0.00773	0.00839	0.00486	0.00533	0.00831	0.01065	0.01427	0.02922	0.63259	0.06012	0.06068	0.02929	0.00253	0.00378	0.05229	0.00489	0.04583
5	0.11737	0.01283	0.01400	0.10271	0.01754	0.05205	0.00966	0.33596	0.03070	0.17094	0.01475	0.05320	0.01106	0.00687	0.00531	0.00171	0.00571	0.00534	0.02417	0.00813
6	0.01371	0.00891	0.01318	0.22054	0.01954	0.00945	0.06278	0.01786	0.09784	0.18749	0.03956	0.05950	0.01477	0.05851	0.04625	0.00234	0.00587	0.00631	0.10878	0.00681
7	0.00801	0.00515	0.00684	0.00779	0.00836	0.00478	0.00527	0.00901	0.01086	0.06479	0.02944	0.71983	0.03446	0.04716	0.00779	0.00233	0.00340	0.01477	0.00519	0.00478
8	0.00980	0.00742	0.00889	0.00857	0.00973	0.03700	0.00636	0.02576	0.03185	0.06256	0.26432	0.27297	0.07089	0.05499	0.02041	0.00226	0.08521	0.01049	0.00508	0.00542
9	0.03513	0.15503	0.05778	0.05815	0.04026	0.05267	0.09790	0.03306	0.01277	0.20379	0.03399	0.03594	0.01108	0.00680	0.00743	0.00177	0.13995	0.00520	0.00385	0.00746
10	0.00787	0.00537	0.00616	0.00621	0.00644	0.00526	0.00368	0.00823	0.00911	0.01216	0.08420	0.08870	0.06359	0.64332	0.02379	0.00467	0.00486	0.00893	0.00380	0.00366
11	0.00803	0.00528	0.00700	0.00776	0.00853	0.00488	0.00544	0.00935	0.01172	0.05997	0.12802	0.60464	0.06024	0.01576	0.00692	0.00215	0.00328	0.04074	0.00537	0.00491
12	0.01286	0.01250	0.05847	0.15084	0.14566	0.02300	0.21548	0.06324	0.02785	0.06204	0.01447	0.11958	0.01277	0.00876	0.04530	0.00220	0.00739	0.00686	0.00350	0.00722
13	0.01552	0.20035	0.06474	0.10382	0.02112	0.01557	0.16769	0.16202	0.08313	0.08038	0.01319	0.01446	0.02186	0.00579	0.00530	0.00165	0.00669	0.00506	0.00379	0.00788
14	0.01412	0.01217	0.05543	0.10531	0.18346	0.01344	0.01295	0.01654	0.01114	0.13334	0.01119	0.01421	0.00894	0.00735	0.01064	0.00199	0.33108	0.00496	0.04447	0.00725

[dist]
# distance from previous block
# <min> <max>
0	19

[block]
# block no. 9 follows, 43 sequences, length 25
# corresponding to MSA columns:
# 522-546
name=unknown_J
#
# <colnr> <probs for GDERKNQSTAVLIFYWHMCP>
#	G	D	E	R	K	N	Q	S	T	A	V	L	I	F	Y	W	H	M	C	P
0	0.01292	0.04699	0.28675	0.13980	0.08381	0.01267	0.09577	0.05604	0.06217	0.06741	0.04271	0.01626	0.01107	0.02286	0.00603	0.00184	0.00705	0.01680	0.00334	0.00770
1	0.01357	0.01302	0.02224	0.06498	0.74087	0.01312	0.01693	0.01688	0.01255	0.01793	0.01039	0.01375	0.00872	0.00496	0.00549	0.00165	0.00661	0.00493	0.00273	0.00867
2	0.01088	0.00755	0.00898	0.00833	0.01025	0.00764	0.00645	0.05610	0.10805	0.08925	0.20952	0.13077	0.18681	0.01136	0.00681	0.00189	0.04035	0.04519	0.04769	0.00612
3	0.00679	0.00553	0.00604	0.00627	0.00783	0.00478	0.00467	0.00828	0.01255	0.01545	0.10323	0.16732	0.56633	0.01440	0.00668	0.00195	0.00297	0.04902	0.00521	0.00471
4	0.00888	0.00591	0.00765	0.00707	0.00861	0.00538	0.00535	0.01138	0.01550	0.07123	0.67437	0.04063	0.09448	0.01120	0.00647	0.00175	0.00276	0.00983	0.00609	0.00547
5	0.00805	0.00537	0.00604	0.00604	0.00604	0.00537	0.00336	0.00805	0.00805	0.01074	0.01745	0.03624	0.02013	0.80536	0.02819	0.00537	0.00537	0.00805	0.00336	0.00336
6	0.00822	0.00567	0.00650	0.00655	0.00677	0.00577	0.00392	0.00915	0.04544	0.01173	0.01874	0.10135	0.02116	0.66812	0.05441	0.00506	0.00550	0.00855	0.00361	0.00378
7	0.01363	0.08471	0.01262	0.00983	0.01237	0.01096	0.00782	0.27408	0.01666	0.05964	0.02305	0.31922	0.06007	0.01153	0.00613	0.00192	0.00467	0.05918	0.00510	0.00679
8	0.01453	0.01227	0.01295	0.01142	0.01469	0.01413	0.00895	0.10438	0.68463	0.02438	0.02158	0.01990	0.01613	0.00742	0.00563	0.00186	0.00456	0.00613	0.00563	0.00883
9	0.01032	0.00516	0.00516	0.00516	0.00645	0.00516	0.00387	0.01290	0.01161	0.02065	0.01807	0.02065	0.01420	0.00645	0.00387	0.00129	0.00258	0.00516	0.83611	0.00516
10	0.10302	0.01003	0.01247	0.00976	0.01384	0.00945	0.00803	0.08666	0.04498	0.58822	0.01968	0.01755	0.01274	0.00669	0.00531	0.00170	0.00471	0.00529	0.03093	0.00894
11	0.08360	0.01188	0.06245	0.01007	0.01404	0.01102	0.00873	0.24682	0.01744	0.29935	0.01663	0.01623	0.01144	0.00648	0.00506	0.00162	0.00494	0.00502	0.15888	0.00829
12	0.00943	0.00601	0.00791	0.00724	0.00882	0.00550	0.00550	0.01200	0.01569	0.09262	0.69808	0.03926	0.04865	0.01090	0.00644	0.00174	0.00281	0.00960	0.00617	0.00562
13	0.01456	0.61096	0.17943	0.01077	0.01618	0.01939	0.01163	0.01730	0.01157	0.05202	0.00886	0.00995	0.00742	0.00495	0.00400	0.00133	0.00632	0.00332	0.00259	0.00744
14	0.00801	0.00554	0.00693	0.00693	0.00724	0.00585	0.00446	0.00862	0.00832	0.01140	0.01664	0.03174	0.01818	0.56814	0.26274	0.00647	0.00831	0.00740	0.00324	0.00385
15	0.00792	0.00546	0.00671	0.00678	0.00713	0.00560	0.00435	0.00840	0.00863	0.01161	0.01974	0.07112	0.06833	0.51307	0.19281	0.03983	0.00717	0.00807	0.00344	0.00381
16	0.50139	0.04189	0.04937	0.00902	0.01302	0.01263	0.00787	0.11109	0.02628	0.16436	0.01141	0.01170	0.00815	0.00568	0.00423	0.00169	0.00485	0.00384	0.00427	0.00726
17	0.05467	0.01119	0.01421	0.33212	0.04503	0.05883	0.01156	0.08674	0.11311	0.08550	0.01547	0.07280	0.01299	0.00746	0.00566	0.00186	0.00617	0.05364	0.00400	0.00700
18	0.01363	0.00720	0.00909	0.00804	0.01031	0.00663	0.00620	0.03636	0.03539	0.25772	0.23241	0.10743	0.11977	0.06273	0.00759	0.00204	0.00376	0.03024	0.03698	0.00650
19	0.00680	0.00493	0.00638	0.00746	0.00795	0.00456	0.00502	0.00784	0.01092	0.01444	0.06027	0.68883	0.10194	0.03506	0.00749	0.00227	0.00320	0.01499	0.00514	0.00452
20	0.05460	0.01698	0.20693	0.02062	0.23150	0.01308	0.14776	0.08186	0.06335	0.03254	0.01151	0.01355	0.00878	0.00527	0.00543	0.00167	0.00696	0.00490	0.00323	0.06947
21	0.05453	0.02776	0.15825	0.09511	0.07102	0.01277	0.09172	0.06925	0.04151	0.08973	0.01318	0.07044	0.01106	0.00721	0.00752	0.00188	0.12823	0.01825	0.00355	0.02703
22	0.00858	0.00592	0.00761	0.00804	0.00897	0.00580	0.00577	0.01027	0.03370	0.06575	0.08705	0.50461	0.12023	0.03039	0.00782	0.00220	0.04377	0.03325	0.00517	0.00510
23	0.01032	0.00799	0.01008	0.04998	0.02791	0.05072	0.03422	0.01200	0.01157	0.07282	0.07028	0.35066	0.02480	0.08082	0.05688	0.00259	0.00521	0.00999	0.00441	0.10674
24	0.08835	0.04211	0.07725	0.06898	0.17970	0.04039	0.03868	0.04746	0.03633	0.14753	0.03552	0.03233	0.01173	0.00614	0.00518	0.00162	0.00578	0.01899	0.03607	0.07985

[dist]
# distance from previous block
# <min> <max>
0	83

[block]
# block no. 10 follows, 43 sequences, length 25
# corresponding to MSA columns:
# 630-654
name=unknown_K
#
# <colnr> <probs for GDERKNQSTAVLIFYWHMCP>
#	G	D	E	R	K	N	Q	S	T	A	V	L	I	F	Y	W	H	M	C	P
0	0.02954	0.01179	0.08620	0.03447	0.03293	0.09849	0.02453	0.04850	0.01200	0.01600	0.01876	0.16955	0.05857	0.11142	0.07933	0.00284	0.00649	0.04111	0.01684	0.10062
1	0.01187	0.02871	0.05563	0.09249	0.05979	0.02489	0.02845	0.06949	0.04166	0.03432	0.03258	0.01785	0.03494	0.06381	0.12357	0.00277	0.00690	0.00511	0.00350	0.26168
2	0.00748	0.00559	0.00671	0.00662	0.00797	0.00508	0.00491	0.00945	0.01361	0.01834	0.38834	0.09377	0.27784	0.05168	0.02628	0.00217	0.00322	0.03337	0.03267	0.00490
3	0.01078	0.04454	0.31069	0.03647	0.04005	0.03352	0.01223	0.01456	0.01284	0.05448	0.22940	0.08658	0.02359	0.05773	0.00716	0.00198	0.00574	0.00705	0.00396	0.00666
4	0.02980	0.03548	0.01196	0.00963	0.01275	0.00951	0.00771	0.12795	0.08704	0.28529	0.10653	0.14833	0.02164	0.00922	0.00584	0.00179	0.00443	0.03632	0.00576	0.04302
5	0.00673	0.00487	0.00637	0.00757	0.00800	0.00451	0.00508	0.00773	0.01074	0.01419	0.03221	0.75235	0.08494	0.01713	0.00703	0.00222	0.00319	0.01548	0.00514	0.00451
6	0.01212	0.01212	0.01696	0.01454	0.01454	0.01696	0.01212	0.01333	0.00848	0.01333	0.00727	0.01212	0.00727	0.00969	0.01818	0.00242	0.79523	0.00485	0.00242	0.00606
7	0.84448	0.01071	0.00814	0.00728	0.01071	0.01242	0.00600	0.01628	0.00943	0.02485	0.00771	0.00900	0.00600	0.00514	0.00343	0.00171	0.00428	0.00300	0.00343	0.00600
8	0.01324	0.01269	0.02164	0.14209	0.66634	0.01304	0.01677	0.01659	0.01239	0.01753	0.01034	0.01386	0.00857	0.00502	0.00549	0.00167	0.00669	0.00493	0.00270	0.00840
9	0.00839	0.00600	0.00832	0.00959	0.01064	0.00592	0.00800	0.01056	0.01223	0.01598	0.02962	0.24233	0.03303	0.01580	0.00751	0.00248	0.00464	0.55890	0.00511	0.00495
10	0.01235	0.01074	0.03965	0.01044	0.01338	0.07034	0.06018	0.01567	0.05547	0.09357	0.26870	0.04364	0.02566	0.00840	0.00660	0.00165	0.05690	0.03998	0.00468	0.16199
11	0.01272	0.01382	0.02802	0.02001	0.02546	0.01255	0.58694	0.01691	0.01272	0.01781	0.01091	0.01418	0.00836	0.00454	0.00600	0.00164	0.00818	0.00582	0.00291	0.19051
12	0.01356	0.01313	0.02265	0.03211	0.68724	0.01295	0.06494	0.01691	0.01259	0.01807	0.01044	0.01369	0.00872	0.00488	0.00549	0.00162	0.00665	0.00496	0.00277	0.04662
13	0.01231	0.01173	0.01996	0.35993	0.45580	0.01279	0.01630	0.01577	0.01195	0.01640	0.01017	0.01416	0.00818	0.00519	0.00551	0.00173	0.00692	0.00493	0.00262	0.00765
