[name]
unknown

[dist]
# distance from previous block
# <min> <max>
0	67

[block]
# block no. 0 follows, 41 sequences, length 35
# corresponding to MSA columns:
# 121-155
name=unknown_A
#
# <colnr> <probs for GDERKNQSTAVLIFYWHMCP>
#	G	D	E	R	K	N	Q	S	T	A	V	L	I	F	Y	W	H	M	C	P
0	0.09880	0.12912	0.03171	0.05253	0.01686	0.05642	0.03373	0.22040	0.07794	0.10236	0.01488	0.01653	0.02952	0.02346	0.00571	0.00174	0.00599	0.02342	0.00450	0.05440
1	0.06641	0.16828	0.10287	0.04277	0.03350	0.04024	0.02493	0.12132	0.06759	0.06622	0.01487	0.03449	0.04732	0.00751	0.02789	0.00179	0.00620	0.00503	0.00390	0.11688
2	0.06754	0.31566	0.14176	0.03167	0.03551	0.07045	0.01169	0.13466	0.03658	0.04841	0.01216	0.01306	0.03333	0.00590	0.00474	0.00154	0.00653	0.00424	0.00347	0.02112
3	0.14544	0.13128	0.16407	0.05821	0.08263	0.05039	0.01216	0.10247	0.03827	0.08709	0.04427	0.01520	0.03280	0.00626	0.00507	0.00169	0.00627	0.00478	0.00382	0.00782
4	0.06389	0.15513	0.13904	0.06620	0.04250	0.01332	0.02259	0.09046	0.02417	0.10721	0.02925	0.07306	0.01200	0.00672	0.00541	0.00162	0.02190	0.00533	0.00388	0.11632
5	0.18708	0.16477	0.14413	0.02410	0.05284	0.01422	0.02077	0.10542	0.04335	0.05340	0.05727	0.01616	0.03607	0.03461	0.00574	0.00180	0.00580	0.00488	0.00381	0.02379
6	0.01185	0.17260	0.04481	0.03371	0.01336	0.04741	0.02083	0.05965	0.03866	0.03266	0.20030	0.12000	0.09669	0.00982	0.00585	0.00174	0.00486	0.03856	0.00460	0.04203
7	0.01449	0.01687	0.19947	0.11773	0.19363	0.03287	0.10628	0.08388	0.01441	0.08837	0.04784	0.03400	0.01168	0.00620	0.00584	0.00180	0.00725	0.00563	0.00358	0.00819
8	0.00711	0.00518	0.00645	0.00739	0.00794	0.00479	0.00492	0.00805	0.01096	0.01429	0.03412	0.57722	0.15386	0.11736	0.01001	0.00267	0.00353	0.01456	0.00507	0.00452
9	0.01377	0.01407	0.05121	0.20869	0.27231	0.05161	0.07598	0.04378	0.15738	0.01891	0.01304	0.01560	0.01015	0.00595	0.00603	0.00183	0.02277	0.00539	0.00343	0.00811
10	0.00768	0.00582	0.00702	0.00672	0.00821	0.00522	0.00500	0.00990	0.01494	0.02019	0.51428	0.04645	0.27623	0.03818	0.00748	0.00196	0.00285	0.01082	0.00589	0.00515
11	0.02114	0.05619	0.01672	0.01455	0.01757	0.74790	0.01100	0.02263	0.01604	0.01398	0.00881	0.01027	0.00737	0.00586	0.00510	0.00146	0.01016	0.00366	0.00293	0.00666
12	0.01363	0.01844	0.26185	0.09977	0.24294	0.01355	0.10746	0.04687	0.06090	0.05033	0.01201	0.01440	0.00904	0.00563	0.00593	0.00182	0.01870	0.00514	0.00315	0.00844
13	0.01492	0.04728	0.05185	0.02841	0.51418	0.01404	0.08017	0.09375	0.01462	0.03964	0.03808	0.01509	0.01069	0.00555	0.00571	0.00171	0.00683	0.00533	0.00334	0.00880
14	0.00828	0.00569	0.00695	0.00695	0.00720	0.00593	0.00435	0.00877	0.00853	0.01162	0.01737	0.03383	0.01923	0.61706	0.20889	0.00642	0.00790	0.00779	0.00337	0.00386
15	0.02566	0.00973	0.01327	0.01018	0.01460	0.00841	0.00841	0.02788	0.01637	0.76726	0.02257	0.01947	0.01416	0.00708	0.00575	0.00177	0.00487	0.00575	0.00708	0.00973
16	0.01522	0.04486	0.07017	0.14899	0.22207	0.01412	0.15075	0.11297	0.06751	0.07774	0.01286	0.01511	0.00964	0.00573	0.00581	0.00179	0.00717	0.00542	0.00367	0.00839
17	0.01588	0.10265	0.10706	0.07211	0.16311	0.01366	0.05482	0.04943	0.07523	0.16889	0.02671	0.01668	0.03314	0.00660	0.00659	0.00179	0.06792	0.00539	0.00404	0.00829
18	0.00831	0.00586	0.00802	0.00802	0.00861	0.00645	0.00568	0.00938	0.00879	0.01231	0.01607	0.02778	0.01650	0.32203	0.46436	0.04616	0.01122	0.00689	0.00319	0.00438
19	0.01243	0.09315	0.37502	0.01467	0.02030	0.04312	0.08361	0.04760	0.04949	0.01789	0.01526	0.06517	0.05562	0.00735	0.00658	0.00186	0.06163	0.01842	0.00320	0.00763
20	0.01507	0.02009	0.30774	0.01694	0.09229	0.04761	0.09108	0.17514	0.01596	0.06787	0.01495	0.05402	0.04162	0.00677	0.00581	0.00180	0.00733	0.00577	0.00380	0.00837
21	0.01215	0.01209	0.05566	0.46198	0.15077	0.01279	0.05729	0.07254	0.01323	0.01767	0.04045	0.04516	0.01099	0.00633	0.00585	0.00187	0.00719	0.00577	0.00310	0.00714
22	0.01389	0.01417	0.05688	0.06654	0.69856	0.01354	0.01765	0.01745	0.01291	0.01849	0.01071	0.01411	0.00892	0.00514	0.00565	0.00171	0.00691	0.00506	0.00280	0.00892
23	0.01142	0.01278	0.08302	0.56872	0.06246	0.01308	0.13612	0.01562	0.01189	0.01566	0.01043	0.01497	0.00782	0.00552	0.00586	0.00189	0.00800	0.00529	0.00260	0.00685
24	0.01299	0.01342	0.05139	0.20735	0.42502	0.02891	0.06596	0.01651	0.01232	0.01708	0.01068	0.01466	0.00877	0.00732	0.04353	0.00216	0.04606	0.00519	0.00275	0.00793
25	0.01187	0.02471	0.53871	0.08610	0.02720	0.01350	0.18156	0.01785	0.01234	0.01785	0.01055	0.01310	0.00760	0.00532	0.00575	0.00185	0.00865	0.00487	0.00253	0.00810
26	0.01202	0.07789	0.64941	0.01535	0.02301	0.01372	0.01917	0.05362	0.01273	0.01854	0.01125	0.04758	0.00877	0.00604	0.00542	0.00179	0.00796	0.00474	0.00271	0.00827
27	0.00695	0.00504	0.00657	0.00780	0.00825	0.00466	0.00524	0.00798	0.01111	0.01466	0.03348	0.74036	0.09145	0.01767	0.00726	0.00229	0.00329	0.01595	0.00531	0.00466
28	0.01683	0.01277	0.01849	0.04144	0.14657	0.01313	0.12302	0.20769	0.10731	0.13167	0.01859	0.03859	0.04999	0.00740	0.00607	0.00185	0.00623	0.03896	0.00485	0.00855
29	0.01684	0.01529	0.01880	0.20978	0.14504	0.19538	0.09894	0.02011	0.03152	0.14936	0.03484	0.01561	0.01068	0.00602	0.00574	0.00174	0.00767	0.00525	0.00372	0.00766
30	0.01241	0.00896	0.06956	0.00978	0.01204	0.00744	0.02266	0.01465	0.02839	0.19467	0.05057	0.38500	0.08693	0.01292	0.00737	0.00210	0.05156	0.01120	0.00533	0.00645
31	0.01385	0.01673	0.21540	0.22982	0.18871	0.01300	0.10351	0.04164	0.01319	0.09194	0.01183	0.01458	0.00868	0.00557	0.00576	0.00182	0.00758	0.00513	0.00317	0.00809
32	0.01488	0.01445	0.07733	0.10270	0.17452	0.06043	0.16546	0.01875	0.04381	0.11728	0.01290	0.01604	0.01004	0.03222	0.03768	0.00227	0.08240	0.00556	0.00348	0.00779
33	0.04671	0.09535	0.01813	0.24264	0.06629	0.06055	0.11860	0.01501	0.01231	0.03306	0.06582	0.12911	0.01602	0.03468	0.01985	0.00209	0.00679	0.00706	0.00347	0.00647
34	0.39563	0.21090	0.04781	0.08027	0.03329	0.01497	0.03519	0.03508	0.01123	0.02056	0.00983	0.04113	0.00838	0.00579	0.00423	0.00166	0.00550	0.00412	0.02772	0.00672

[dist]
# distance from previous block
# <min> <max>
2	19

[block]
# block no. 1 follows, 41 sequences, length 6
# corresponding to MSA columns:
# 175-180
name=unknown_B
#
# <colnr> <probs for GDERKNQSTAVLIFYWHMCP>
#	G	D	E	R	K	N	Q	S	T	A	V	L	I	F	Y	W	H	M	C	P
0	0.08934	0.36587	0.09145	0.01115	0.01607	0.01840	0.01063	0.21008	0.06526	0.02186	0.01082	0.01159	0.00859	0.00567	0.00453	0.00149	0.00604	0.00397	0.00367	0.04352
1	0.06974	0.20115	0.35212	0.01293	0.01898	0.01537	0.01443	0.12577	0.01424	0.05064	0.03733	0.01322	0.00975	0.00713	0.03229	0.00192	0.00722	0.00437	0.00334	0.00806
2	0.02174	0.01602	0.01717	0.01316	0.01774	0.01774	0.01087	0.74423	0.02689	0.03605	0.01373	0.01373	0.00973	0.00687	0.00572	0.00172	0.00629	0.00515	0.00572	0.00973
3	0.01700	0.34893	0.12189	0.01202	0.01713	0.01890	0.01161	0.27837	0.08274	0.02308	0.01168	0.01227	0.00908	0.00592	0.00483	0.00154	0.00635	0.00426	0.00391	0.00849
4	0.02008	0.17397	0.06416	0.01249	0.01735	0.01789	0.01112	0.51221	0.02232	0.07461	0.01290	0.01307	0.00937	0.00640	0.00530	0.00163	0.00630	0.00471	0.00495	0.00917
5	0.01566	0.07483	0.43275	0.01467	0.02141	0.01560	0.01646	0.29639	0.01773	0.02469	0.01144	0.01252	0.00820	0.00595	0.00543	0.00174	0.00747	0.00450	0.00368	0.00887

[dist]
# distance from previous block
# <min> <max>
0	2

[block]
# block no. 2 follows, 41 sequences, length 44
# corresponding to MSA columns:
# 183-226
name=unknown_C
#
# <colnr> <probs for GDERKNQSTAVLIFYWHMCP>
#	G	D	E	R	K	N	Q	S	T	A	V	L	I	F	Y	W	H	M	C	P
0	0.01581	0.73884	0.02894	0.01006	0.01493	0.02224	0.00987	0.07591	0.01286	0.01528	0.00842	0.00954	0.00753	0.00505	0.00384	0.00126	0.00613	0.00323	0.00271	0.00753
1	0.01193	0.05324	0.72166	0.01600	0.02421	0.01372	0.02044	0.04187	0.01255	0.01856	0.01031	0.01204	0.00733	0.00546	0.00539	0.00179	0.00831	0.00422	0.00252	0.00846
2	0.03900	0.68447	0.08724	0.01013	0.01512	0.02088	0.01040	0.01693	0.01179	0.01458	0.03941	0.01080	0.00924	0.00523	0.00393	0.00131	0.00611	0.00346	0.00264	0.00731
3	0.54008	0.01218	0.07132	0.00899	0.01318	0.01160	0.00803	0.02008	0.01182	0.23683	0.01232	0.01242	0.00855	0.00583	0.00432	0.00177	0.00488	0.00395	0.00446	0.00739
4	0.07939	0.13085	0.49102	0.01434	0.02110	0.04588	0.03933	0.01834	0.04497	0.01837	0.03868	0.01306	0.00944	0.00569	0.00514	0.00172	0.00753	0.00436	0.00284	0.00793
5	0.01071	0.01561	0.26296	0.01391	0.01777	0.01060	0.10596	0.01424	0.01171	0.03902	0.01864	0.26166	0.01919	0.01067	0.00804	0.00213	0.10331	0.06342	0.00375	0.00669
6	0.00717	0.00509	0.00669	0.00777	0.00815	0.00478	0.00517	0.00822	0.01117	0.01500	0.08937	0.67425	0.03778	0.07942	0.00899	0.00254	0.00345	0.01515	0.00524	0.00461
7	0.01400	0.01369	0.07409	0.01202	0.01567	0.01415	0.01003	0.02940	0.69307	0.02346	0.02223	0.02059	0.01663	0.00757	0.00579	0.00193	0.00484	0.00629	0.00554	0.00901
8	0.07686	0.06164	0.07245	0.07374	0.10786	0.01121	0.02570	0.01853	0.06393	0.12447	0.01263	0.01386	0.00957	0.00533	0.00490	0.00143	0.00548	0.00437	0.00381	0.30223
9	0.05049	0.11609	0.27285	0.01588	0.10606	0.03354	0.03304	0.07760	0.01417	0.18077	0.01277	0.01363	0.00916	0.00594	0.00574	0.00173	0.03360	0.00462	0.00381	0.00853
10	0.00865	0.00610	0.00775	0.00828	0.00938	0.00588	0.00602	0.01141	0.07245	0.04563	0.16672	0.45055	0.08716	0.01512	0.00704	0.00217	0.00350	0.07520	0.00560	0.00540
11	0.01560	0.70581	0.06244	0.01048	0.01538	0.08201	0.01040	0.01763	0.01201	0.01371	0.00813	0.00940	0.00734	0.00500	0.00387	0.00127	0.00656	0.00316	0.00249	0.00733
12	0.01410	0.00837	0.01169	0.02650	0.10656	0.00800	0.00851	0.04082	0.03744	0.21850	0.21243	0.17422	0.02955	0.01075	0.00646	0.00195	0.00438	0.06695	0.00570	0.00713
13	0.04082	0.34909	0.02645	0.11029	0.08413	0.06438	0.18107	0.01795	0.01259	0.04893	0.01000	0.01232	0.00810	0.00517	0.00498	0.00157	0.00733	0.00449	0.00286	0.00748
14	0.00704	0.00578	0.00604	0.00599	0.00770	0.00495	0.00440	0.00852	0.01303	0.01597	0.13567	0.05223	0.62079	0.07644	0.00853	0.00220	0.00308	0.01157	0.00528	0.00479
15	0.01183	0.02974	0.01196	0.07514	0.06343	0.04285	0.00899	0.11822	0.05283	0.03052	0.02452	0.26361	0.06497	0.03670	0.00731	0.00220	0.00519	0.13885	0.00479	0.00636
16	0.01347	0.01436	0.06052	0.21065	0.42451	0.04720	0.09369	0.01750	0.03001	0.01756	0.01089	0.01444	0.00870	0.00533	0.00576	0.00177	0.00748	0.00519	0.00282	0.00813
17	0.01354	0.01157	0.01234	0.01114	0.01416	0.01324	0.00864	0.02820	0.67037	0.02382	0.10590	0.02374	0.02155	0.00820	0.00592	0.00192	0.00432	0.00690	0.00587	0.00864
18	0.00686	0.00542	0.00618	0.00680	0.00799	0.00474	0.00479	0.00810	0.01207	0.01506	0.04574	0.39698	0.42692	0.01607	0.00701	0.00211	0.00309	0.01401	0.00531	0.00474
19	0.01627	0.01914	0.07130	0.08120	0.25398	0.26473	0.15479	0.01952	0.01407	0.03587	0.01051	0.01322	0.00833	0.00543	0.00570	0.00169	0.00863	0.00491	0.00294	0.00777
20	0.01486	0.00830	0.01136	0.05085	0.07022	0.00796	0.00818	0.07188	0.01416	0.25886	0.02541	0.36347	0.04646	0.01188	0.00646	0.00202	0.00452	0.01047	0.00558	0.00710
21	0.00681	0.00561	0.00598	0.00628	0.00785	0.00479	0.00456	0.00815	0.01258	0.01526	0.05209	0.21902	0.60078	0.01525	0.00688	0.00202	0.00299	0.01300	0.00531	0.00479
22	0.01088	0.01031	0.01761	0.76431	0.03913	0.01276	0.03586	0.01472	0.01149	0.01472	0.01021	0.01525	0.00765	0.00569	0.00575	0.00191	0.00768	0.00513	0.00255	0.00639
23	0.01672	0.01587	0.05339	0.11563	0.30614	0.11010	0.02770	0.16700	0.05003	0.06375	0.01228	0.01428	0.00939	0.00588	0.00564	0.00172	0.00715	0.00502	0.00376	0.00855
24	0.07607	0.01292	0.02126	0.13703	0.60607	0.01341	0.01646	0.01709	0.01256	0.01865	0.01047	0.01394	0.00864	0.00520	0.00551	0.00173	0.00673	0.00494	0.00284	0.00847
25	0.01529	0.80242	0.02997	0.00979	0.01468	0.02263	0.00979	0.01713	0.01162	0.01346	0.00795	0.00918	0.00734	0.00489	0.00367	0.00122	0.00612	0.00306	0.00245	0.00734
26	0.01249	0.09968	0.08185	0.01055	0.04573	0.01028	0.00893	0.03736	0.01234	0.01846	0.01056	0.02997	0.00898	0.00485	0.00446	0.00107	0.00497	0.00385	0.00329	0.59033
27	0.01835	0.04699	0.01726	0.06685	0.18909	0.01351	0.01160	0.25626	0.04888	0.18246	0.05104	0.01810	0.03987	0.00688	0.00571	0.00174	0.00582	0.00572	0.00501	0.00885
28	0.00697	0.00580	0.00608	0.00601	0.00785	0.00492	0.00451	0.00861	0.01353	0.01662	0.16781	0.05312	0.65038	0.01405	0.00676	0.00191	0.00287	0.01180	0.00547	0.00492
29	0.00817	0.00613	0.00919	0.00919	0.01021	0.00715	0.00715	0.01021	0.00919	0.01328	0.01532	0.02247	0.01430	0.04290	0.77631	0.00919	0.01532	0.00613	0.00306	0.00511
30	0.01517	0.60479	0.12795	0.01163	0.01695	0.05530	0.04465	0.03903	0.01243	0.01499	0.00864	0.01003	0.00746	0.00507	0.00417	0.00136	0.00679	0.00347	0.00258	0.00754
31	0.01614	0.07687	0.01800	0.01521	0.12717	0.01382	0.04720	0.22415	0.06076	0.05584	0.01236	0.01362	0.00958	0.00579	0.00577	0.00149	0.04127	0.00465	0.00413	0.24617
32	0.12905	0.10773	0.01810	0.01512	0.11673	0.10556	0.01100	0.36599	0.03443	0.02688	0.01151	0.01242	0.00877	0.00610	0.00512	0.00164	0.00652	0.00448	0.00434	0.00851
33	0.01124	0.00815	0.01044	0.01036	0.06571	0.00779	0.03101	0.04460	0.08292	0.09645	0.18474	0.03939	0.29403	0.04597	0.00748	0.00205	0.00408	0.04176	0.00542	0.00641
34	0.01718	0.05433	0.07611	0.12364	0.10046	0.03644	0.09715	0.07586	0.12739	0.20951	0.01565	0.01634	0.01116	0.00623	0.00571	0.00179	0.00657	0.00545	0.00450	0.00854
35	0.00859	0.00545	0.00644	0.00644	0.00644	0.00545	0.00372	0.00817	0.00817	0.01089	0.01665	0.03403	0.01895	0.66671	0.02797	0.14612	0.00545	0.00775	0.00330	0.00330
36	0.00831	0.00557	0.00637	0.00637	0.00641	0.00562	0.00363	0.00840	0.00836	0.01119	0.01790	0.03677	0.02051	0.76553	0.06217	0.00571	0.00598	0.00822	0.00345	0.00354
37	0.01454	0.16084	0.16548	0.05392	0.30742	0.01543	0.08811	0.07459	0.01374	0.03779	0.01074	0.01313	0.00849	0.00531	0.00537	0.00167	0.00721	0.00474	0.00301	0.00846
38	0.05812	0.10641	0.15574	0.01550	0.08033	0.15181	0.08828	0.09516	0.01458	0.04829	0.01064	0.01224	0.00823	0.00540	0.00512	0.00153	0.00733	0.00431	0.00333	0.12765
39	0.14802	0.15470	0.03021	0.02932	0.05907	0.05157	0.07888	0.09601	0.02404	0.08430	0.07218	0.04451	0.01337	0.00646	0.00507	0.00160	0.00583	0.00524	0.00401	0.08561
40	0.01509	0.27653	0.24216	0.01217	0.01745	0.07332	0.01272	0.10036	0.01471	0.06514	0.10516	0.01550	0.01389	0.00635	0.00505	0.00158	0.00664	0.00477	0.00362	0.00779
41	0.07613	0.28238	0.12923	0.01188	0.03367	0.01579	0.02619	0.11228	0.04277	0.11113	0.02429	0.01341	0.00995	0.00730	0.03683	0.00185	0.00646	0.00435	0.00380	0.05031
42	0.01508	0.26124	0.13373	0.03357	0.07821	0.05938	0.03192	0.12115	0.01458	0.05866	0.03081	0.11072	0.01312	0.00726	0.00525	0.00165	0.00643	0.00586	0.00368	0.00768
43	0.14124	0.23150	0.16442	0.01217	0.04724	0.03413	0.02612	0.05220	0.01319	0.11656	0.04574	0.01341	0.01048	0.00574	0.00472	0.00156	0.00608	0.00427	0.00364	0.06559

[dist]
# distance from previous block
# <min> <max>
1	26

[block]
# block no. 3 follows, 41 sequences, length 28
# corresponding to MSA columns:
# 263-290
name=unknown_D
#
# <colnr> <probs for GDERKNQSTAVLIFYWHMCP>
#	G	D	E	R	K	N	Q	S	T	A	V	L	I	F	Y	W	H	M	C	P
0	0.09544	0.08947	0.10053	0.02734	0.15910	0.05357	0.01162	0.08338	0.07539	0.11993	0.11313	0.01787	0.01573	0.00671	0.00539	0.00171	0.00585	0.00544	0.00434	0.00804
1	0.03227	0.11793	0.01962	0.04529	0.31384	0.05536	0.02231	0.04169	0.08723	0.14586	0.01594	0.01691	0.04839	0.00626	0.00543	0.00168	0.00615	0.00533	0.00402	0.00846
2	0.04128	0.01692	0.19545	0.07540	0.25299	0.04853	0.04336	0.01971	0.07404	0.10338	0.01311	0.01536	0.00997	0.00583	0.00555	0.00174	0.00689	0.01674	0.00354	0.05021
3	0.04262	0.03142	0.01906	0.02465	0.44492	0.02389	0.01368	0.04954	0.09240	0.13740	0.01493	0.05492	0.01208	0.00642	0.00566	0.00176	0.00601	0.00578	0.00407	0.00880
4	0.15430	0.01346	0.06238	0.11140	0.31976	0.02844	0.03275	0.05789	0.03323	0.07112	0.02840	0.01577	0.03493	0.00599	0.00539	0.00177	0.00630	0.00514	0.00358	0.00800
5	0.03935	0.11425	0.15516	0.03914	0.01847	0.01533	0.05682	0.19880	0.07360	0.03652	0.04785	0.01519	0.01147	0.00836	0.04082	0.00212	0.09699	0.00512	0.00391	0.02072
6	0.03558	0.01220	0.01911	0.08880	0.45153	0.01239	0.01437	0.02033	0.08501	0.16012	0.01461	0.01720	0.01130	0.00608	0.00571	0.00178	0.00618	0.02492	0.00398	0.00879
7	0.01228	0.01063	0.01394	0.13791	0.09157	0.00950	0.00948	0.05495	0.01294	0.01915	0.04554	0.01419	0.01059	0.00506	0.00482	0.00120	0.00508	0.00426	0.00346	0.53345
8	0.01010	0.00877	0.01448	0.05948	0.18803	0.00868	0.08476	0.01267	0.01246	0.01680	0.04297	0.27222	0.04053	0.01217	0.00690	0.00217	0.00547	0.19073	0.00435	0.00626
9	0.01204	0.00975	0.01382	0.27362	0.05434	0.05263	0.01124	0.01468	0.01118	0.08771	0.01323	0.01806	0.01098	0.02101	0.31546	0.00482	0.06040	0.00549	0.00323	0.00631
10	0.00843	0.00637	0.00920	0.00895	0.01021	0.00706	0.00691	0.01043	0.00952	0.01379	0.03451	0.02297	0.01524	0.07484	0.66848	0.00826	0.01378	0.00615	0.00319	0.06171
11	0.01480	0.01318	0.02227	0.06638	0.68029	0.01320	0.01686	0.01813	0.01318	0.06969	0.01154	0.01457	0.00935	0.00526	0.00567	0.00171	0.00670	0.00514	0.00311	0.00899
12	0.01529	0.80242	0.02997	0.00979	0.01468	0.02263	0.00979	0.01713	0.01162	0.01346	0.00795	0.00918	0.00734	0.00489	0.00367	0.00122	0.00612	0.00306	0.00245	0.00734
13	0.00778	0.00560	0.00739	0.00761	0.00862	0.00521	0.00555	0.00992	0.01434	0.01994	0.48756	0.28936	0.04770	0.01392	0.00698	0.00201	0.00302	0.04642	0.00593	0.00515
14	0.00874	0.00601	0.00769	0.00736	0.00888	0.00548	0.00559	0.01116	0.01535	0.05607	0.55779	0.08541	0.14202	0.01239	0.00679	0.00189	0.00299	0.04682	0.00610	0.00548
15	0.01080	0.01017	0.01716	0.78523	0.03940	0.01271	0.01589	0.01461	0.01144	0.01461	0.01017	0.01525	0.00762	0.00572	0.00572	0.00191	0.00762	0.00508	0.00254	0.00635
16	0.01309	0.09167	0.36869	0.01834	0.02512	0.01477	0.28915	0.04764	0.04226	0.01872	0.01120	0.01350	0.00829	0.00531	0.00580	0.00180	0.00845	0.00519	0.00286	0.00815
17	0.01337	0.01592	0.07282	0.02381	0.07397	0.01453	0.61420	0.01799	0.01311	0.01806	0.01121	0.01499	0.00855	0.00518	0.00733	0.00194	0.05602	0.00640	0.00284	0.00775
18	0.00974	0.00629	0.00758	0.00710	0.00903	0.00553	0.00542	0.01179	0.01461	0.11374	0.33176	0.08324	0.33482	0.01263	0.00667	0.00189	0.00313	0.02341	0.00593	0.00568
19	0.00718	0.00534	0.00673	0.00765	0.00848	0.00489	0.00542	0.00852	0.01193	0.01555	0.08691	0.52679	0.19351	0.01659	0.00719	0.00223	0.00334	0.07157	0.00537	0.00479
20	0.01818	0.01757	0.27014	0.01582	0.09103	0.01186	0.05453	0.05853	0.01456	0.32314	0.01540	0.01557	0.01045	0.00636	0.00641	0.00182	0.04998	0.00516	0.00455	0.00893
21	0.36623	0.07583	0.06202	0.01379	0.05025	0.01337	0.18330	0.01903	0.01209	0.13772	0.01135	0.01270	0.00830	0.00543	0.00486	0.00176	0.00621	0.00453	0.00375	0.00746
22	0.01263	0.25831	0.10994	0.01066	0.01425	0.04690	0.01033	0.01540	0.01316	0.05797	0.09385	0.03331	0.05030	0.00973	0.00588	0.00188	0.00578	0.23896	0.00414	0.00661
23	0.01213	0.09649	0.20164	0.06361	0.01636	0.05251	0.01103	0.01545	0.01371	0.09117	0.21763	0.09110	0.07626	0.00897	0.00589	0.00178	0.00553	0.00751	0.00441	0.00682
24	0.12322	0.11599	0.15858	0.03628	0.04732	0.10866	0.01236	0.18622	0.01587	0.08731	0.01126	0.01237	0.00841	0.00611	0.00572	0.00170	0.04644	0.00431	0.00382	0.00806
25	0.26973	0.15924	0.17673	0.01292	0.04701	0.04026	0.04593	0.14930	0.01420	0.02275	0.00980	0.01118	0.00753	0.00553	0.00465	0.00167	0.00645	0.00397	0.00342	0.00772
26	0.01537	0.28536	0.19527	0.09696	0.04431	0.01735	0.01348	0.20664	0.01586	0.02098	0.03122	0.01278	0.00932	0.00582	0.00498	0.00159	0.00679	0.00436	0.00342	0.00811
27	0.07124	0.23551	0.33150	0.03959	0.04961	0.03007	0.01469	0.06779	0.01313	0.05990	0.01038	0.01176	0.00787	0.00544	0.00484	0.00160	0.00702	0.00401	0.00304	0.03100

[dist]
# distance from previous block
# <min> <max>
2	36

[block]
# block no. 4 follows, 41 sequences, length 25
# corresponding to MSA columns:
# 330-354
name=unknown_E
#
# <colnr> <probs for GDERKNQSTAVLIFYWHMCP>
#	G	D	E	R	K	N	Q	S	T	A	V	L	I	F	Y	W	H	M	C	P
0	0.04364	0.21807	0.30558	0.03735	0.03263	0.01495	0.01393	0.08009	0.03363	0.04204	0.05311	0.01524	0.01140	0.00613	0.00506	0.00163	0.00663	0.02553	0.00335	0.05002
1	0.08085	0.02858	0.16745	0.03718	0.08052	0.07106	0.01226	0.11378	0.09460	0.14182	0.01534	0.01586	0.03220	0.00653	0.00577	0.00174	0.03020	0.00504	0.02563	0.03359
2	0.03121	0.01403	0.12680	0.15199	0.15915	0.01186	0.03037	0.06769	0.07619	0.08010	0.01391	0.06104	0.01126	0.00639	0.00552	0.00169	0.00622	0.00554	0.00376	0.13528
3	0.01582	0.04160	0.04002	0.17701	0.05221	0.08308	0.03495	0.17243	0.01576	0.07461	0.01217	0.01495	0.00946	0.00605	0.00571	0.00159	0.02750	0.02405	0.00386	0.18718
4	0.10896	0.00963	0.01267	0.22121	0.08774	0.03424	0.01007	0.01492	0.04780	0.03889	0.28060	0.02546	0.04425	0.00825	0.00625	0.00184	0.02948	0.00695	0.00438	0.00642
5	0.00996	0.00868	0.01385	0.03321	0.05689	0.00869	0.13221	0.01367	0.08891	0.01684	0.02404	0.35047	0.02586	0.02914	0.00763	0.00225	0.02157	0.12434	0.00459	0.02718
6	0.09579	0.01169	0.01306	0.01085	0.01462	0.01244	0.00872	0.13947	0.30664	0.26077	0.05053	0.01931	0.01566	0.00734	0.00561	0.00183	0.00483	0.00588	0.00601	0.00896
7	0.00817	0.00613	0.00919	0.00919	0.01021	0.00715	0.00715	0.01021	0.00919	0.01328	0.01532	0.02247	0.01430	0.04290	0.77631	0.00919	0.01532	0.00613	0.00306	0.00511
8	0.07118	0.33611	0.02213	0.01215	0.03793	0.07050	0.07461	0.02126	0.01364	0.26900	0.01335	0.01344	0.00974	0.00573	0.00480	0.00154	0.00622	0.00440	0.00416	0.00811
9	0.01455	0.13438	0.46179	0.01521	0.02214	0.04429	0.08536	0.01953	0.01290	0.12050	0.01170	0.01293	0.00835	0.00555	0.00534	0.00172	0.00782	0.00449	0.00313	0.00833
10	0.01176	0.06382	0.65688	0.04700	0.02521	0.01377	0.06772	0.01794	0.01212	0.01777	0.01024	0.01229	0.00736	0.00538	0.00545	0.00180	0.00839	0.00437	0.00245	0.00827
11	0.01350	0.01543	0.03375	0.02411	0.02989	0.01446	0.74253	0.01832	0.01350	0.01832	0.01157	0.01543	0.00868	0.00482	0.00675	0.00193	0.00964	0.00675	0.00289	0.00771
12	0.01744	0.06020	0.14677	0.04492	0.08703	0.03568	0.18419	0.04219	0.01436	0.26093	0.01521	0.04056	0.01106	0.00623	0.00584	0.00179	0.00709	0.00575	0.00429	0.00847
13	0.01412	0.04690	0.24300	0.08048	0.22116	0.01384	0.17441	0.05558	0.01360	0.06531	0.01153	0.01403	0.00863	0.00539	0.00577	0.00179	0.00779	0.00517	0.00310	0.00840
14	0.00780	0.00645	0.00706	0.00788	0.00885	0.04441	0.00559	0.00905	0.01194	0.01497	0.03756	0.50360	0.23514	0.01622	0.00708	0.00219	0.00369	0.06049	0.00519	0.00484
15	0.01254	0.01194	0.02030	0.39641	0.41463	0.01317	0.01675	0.01614	0.01226	0.01673	0.01047	0.01468	0.00837	0.00540	0.00569	0.00180	0.00719	0.00509	0.00269	0.00776
16	0.14513	0.01411	0.03932	0.10598	0.27826	0.04986	0.17732	0.04076	0.01321	0.06619	0.01116	0.01388	0.00858	0.00536	0.00556	0.00178	0.00722	0.00510	0.00328	0.00794
17	0.06221	0.24988	0.08138	0.01070	0.01542	0.03790	0.00995	0.04213	0.02736	0.36613	0.01593	0.01590	0.01130	0.00637	0.00502	0.00162	0.00573	0.02167	0.00489	0.00851
18	0.00820	0.00552	0.00624	0.00631	0.00639	0.00548	0.00359	0.00830	0.00860	0.01141	0.01999	0.07681	0.04536	0.73386	0.02728	0.00526	0.00535	0.00885	0.00362	0.00357
19	0.00772	0.00554	0.00717	0.00815	0.00877	0.00529	0.00568	0.03110	0.01176	0.01564	0.05989	0.61791	0.05883	0.05789	0.00840	0.00247	0.00365	0.07405	0.00526	0.00483
20	0.05877	0.13258	0.07493	0.04058	0.13106	0.01498	0.07445	0.16374	0.10153	0.10292	0.03979	0.01547	0.01167	0.00620	0.00541	0.00171	0.00625	0.00519	0.00427	0.00849
21	0.08143	0.04246	0.08169	0.01182	0.01630	0.01462	0.01041	0.40772	0.05372	0.12703	0.01638	0.03681	0.03413	0.00715	0.00549	0.00174	0.00577	0.00550	0.03101	0.00881
22	0.01043	0.03217	0.01008	0.03035	0.03738	0.00804	0.00705	0.07951	0.07000	0.04302	0.15816	0.33197	0.06908	0.05333	0.00779	0.00221	0.00410	0.03406	0.00527	0.00600
23	0.03702	0.07638	0.07290	0.05166	0.25369	0.04090	0.05921	0.06548	0.05581	0.20937	0.01427	0.01521	0.01039	0.00591	0.00553	0.00172	0.00650	0.00513	0.00421	0.00874
24	0.18448	0.15312	0.23894	0.03285	0.06818	0.06443	0.06367	0.01862	0.01233	0.08392	0.01086	0.01294	0.00835	0.00562	0.00491	0.00169	0.00693	0.01727	0.00321	0.00767

[dist]
# distance from previous block
# <min> <max>
3	55

[block]
# block no. 5 follows, 41 sequences, length 11
# corresponding to MSA columns:
# 410-420
name=unknown_F
#
# <colnr> <probs for GDERKNQSTAVLIFYWHMCP>
#	G	D	E	R	K	N	Q	S	T	A	V	L	I	F	Y	W	H	M	C	P
0	0.12918	0.32229	0.25782	0.01173	0.01712	0.06439	0.01259	0.04206	0.01211	0.01729	0.00957	0.01211	0.00808	0.05506	0.00597	0.00179	0.00685	0.00387	0.00280	0.00733
1	0.05861	0.25063	0.13810	0.01129	0.01513	0.10017	0.03045	0.05237	0.01274	0.01656	0.01576	0.24174	0.01641	0.00905	0.00537	0.00174	0.00615	0.00742	0.00358	0.00671
2	0.12058	0.50424	0.11093	0.01054	0.01535	0.05466	0.01054	0.04996	0.01216	0.01645	0.00861	0.01015	0.00741	0.00581	0.00485	0.03810	0.00633	0.00341	0.00276	0.00718
3	0.51271	0.17211	0.11397	0.00940	0.01384	0.01494	0.00908	0.01790	0.05704	0.02211	0.00923	0.01039	0.00727	0.00540	0.00396	0.00168	0.00530	0.00345	0.00331	0.00690
4	0.40148	0.31616	0.05215	0.02856	0.01408	0.01672	0.00872	0.01797	0.06686	0.02022	0.00928	0.01044	0.00757	0.00535	0.00390	0.00158	0.00535	0.00344	0.00322	0.00696
5	0.00893	0.07240	0.00926	0.00817	0.00910	0.00694	0.00596	0.01019	0.04339	0.01447	0.06720	0.35323	0.04447	0.08813	0.01175	0.15684	0.00425	0.07621	0.00445	0.00466
6	0.00771	0.00545	0.00673	0.00733	0.00783	0.00520	0.00491	0.00866	0.01080	0.01432	0.08976	0.34611	0.08884	0.29426	0.01501	0.00342	0.00418	0.07040	0.00473	0.00435
7	0.01417	0.01108	0.01475	0.03377	0.21095	0.01162	0.01051	0.13872	0.15413	0.06389	0.16541	0.02454	0.02150	0.07411	0.00794	0.00212	0.00524	0.02277	0.00490	0.00786
8	0.00963	0.00798	0.01151	0.01420	0.19234	0.00746	0.00853	0.01212	0.01391	0.01939	0.31315	0.13685	0.10881	0.01084	0.00642	0.00183	0.00405	0.04564	0.00494	0.07040
9	0.01340	0.01151	0.01928	0.41775	0.32927	0.01270	0.01593	0.01691	0.01249	0.07933	0.01144	0.01516	0.00875	0.00558	0.00570	0.00181	0.00706	0.00514	0.00304	0.00773
10	0.01447	0.01440	0.08965	0.09906	0.48433	0.01316	0.04266	0.01918	0.07173	0.07673	0.01260	0.01510	0.00981	0.00554	0.00571	0.00176	0.00680	0.00524	0.00334	0.00876

[dist]
# distance from previous block
# <min> <max>
17	63

[block]
# block no. 6 follows, 41 sequences, length 22
# corresponding to MSA columns:
# 484-505
name=unknown_G
#
# <colnr> <probs for GDERKNQSTAVLIFYWHMCP>
#	G	D	E	R	K	N	Q	S	T	A	V	L	I	F	Y	W	H	M	C	P
0	0.05776	0.19688	0.38336	0.08261	0.04069	0.02891	0.01553	0.03051	0.01219	0.01738	0.01137	0.01314	0.03440	0.00562	0.00496	0.00163	0.00718	0.00425	0.00273	0.04891
1	0.06383	0.07503	0.24011	0.01128	0.01555	0.02888	0.04750	0.01503	0.04013	0.01979	0.27461	0.02735	0.08753	0.00857	0.00586	0.00179	0.00546	0.02065	0.00429	0.00674
2	0.09230	0.15417	0.09882	0.01357	0.10769	0.01237	0.02993	0.04660	0.04082	0.06547	0.06982	0.11372	0.04902	0.00876	0.00564	0.00183	0.00548	0.07271	0.00415	0.00714
3	0.05753	0.49917	0.07210	0.01080	0.01536	0.13911	0.01025	0.01860	0.01282	0.06992	0.04089	0.01171	0.00974	0.00555	0.00429	0.00139	0.00661	0.00374	0.00308	0.00734
4	0.27514	0.01169	0.06000	0.02641	0.01439	0.01024	0.00823	0.01950	0.04734	0.20636	0.01317	0.01348	0.00949	0.00555	0.00458	0.00150	0.00481	0.00412	0.00438	0.25961
5	0.01406	0.47641	0.31283	0.01247	0.01866	0.04802	0.01418	0.01773	0.01197	0.01526	0.00887	0.01033	0.00731	0.00514	0.00440	0.00146	0.00717	0.00353	0.00245	0.00774
6	0.01851	0.05608	0.10858	0.04611	0.20860	0.01125	0.01260	0.02197	0.03220	0.34962	0.04051	0.01870	0.01334	0.00664	0.00568	0.00176	0.00590	0.02821	0.00489	0.00885
7	0.00832	0.00555	0.00624	0.00624	0.00624	0.00555	0.00347	0.00832	0.00832	0.01109	0.01802	0.03743	0.02080	0.79898	0.02911	0.00555	0.00555	0.00832	0.00347	0.00347
8	0.00697	0.00498	0.00664	0.00796	0.00830	0.00465	0.00531	0.00796	0.01095	0.01460	0.03153	0.79525	0.03783	0.01792	0.00730	0.00232	0.00332	0.01626	0.00531	0.00465
9	0.01308	0.01672	0.25785	0.06443	0.09223	0.04669	0.07835	0.01692	0.01284	0.10950	0.01730	0.16553	0.01602	0.00868	0.00614	0.00195	0.00679	0.05765	0.00385	0.00744
10	0.01496	0.31152	0.09897	0.03365	0.12703	0.07364	0.01287	0.01742	0.01179	0.05240	0.00934	0.01171	0.00797	0.00635	0.00787	0.00171	0.18636	0.00415	0.00278	0.00750
11	0.00825	0.00583	0.00768	0.00768	0.00817	0.00633	0.00526	0.00924	0.00874	0.01216	0.01671	0.03014	0.01763	0.43070	0.39307	0.00732	0.01031	0.00725	0.00327	0.00427
12	0.00874	0.00648	0.00792	0.00825	0.00949	0.00631	0.00616	0.05573	0.03728	0.01774	0.13857	0.31202	0.15056	0.07568	0.00878	0.00244	0.00389	0.13337	0.00534	0.00526
13	0.06808	0.01200	0.01616	0.01838	0.23774	0.01260	0.03321	0.18614	0.10341	0.05473	0.04131	0.11340	0.01665	0.00834	0.00597	0.00188	0.00561	0.05161	0.00464	0.00813
14	0.05716	0.01673	0.01746	0.07420	0.17942	0.16748	0.01232	0.28792	0.08880	0.02469	0.01249	0.01376	0.00953	0.00622	0.00550	0.00170	0.00705	0.00487	0.00422	0.00849
15	0.15659	0.01593	0.19787	0.27036	0.19215	0.01313	0.04185	0.01663	0.01172	0.01843	0.00999	0.01321	0.00764	0.00541	0.00529	0.00181	0.00715	0.00459	0.00276	0.00748
16	0.23306	0.01170	0.01495	0.18471	0.19126	0.04052	0.01156	0.01885	0.05976	0.12391	0.04765	0.01551	0.01129	0.00608	0.00517	0.00178	0.00588	0.00494	0.00390	0.00754
17	0.00994	0.00497	0.00745	0.00745	0.00745	0.00497	0.00497	0.00745	0.00745	0.00994	0.00994	0.01739	0.00994	0.01987	0.02235	0.83358	0.00497	0.00497	0.00248	0.00248
18	0.01217	0.01140	0.05431	0.05934	0.40595	0.01051	0.01332	0.01521	0.01320	0.04965	0.10195	0.10250	0.06496	0.00851	0.00615	0.00186	0.00569	0.05181	0.00392	0.00757
19	0.01331	0.40624	0.37791	0.04413	0.02043	0.01783	0.01538	0.01749	0.01183	0.01570	0.00913	0.01079	0.00731	0.00518	0.00458	0.00153	0.00728	0.00369	0.00244	0.00783
20	0.12635	0.01456	0.12449	0.07794	0.30939	0.01249	0.03337	0.01698	0.03427	0.01935	0.02836	0.01382	0.00948	0.00548	0.00561	0.00166	0.03111	0.00466	0.00309	0.12755
21	0.04946	0.06304	0.07677	0.08546	0.11509	0.08124	0.01222	0.08017	0.15258	0.11566	0.01453	0.01640	0.01117	0.00685	0.00665	0.00183	0.07498	0.02360	0.00416	0.00813

[dist]
# distance from previous block
# <min> <max>
9	61

[block]
# block no. 7 follows, 41 sequences, length 27
# corresponding to MSA columns:
# 570-596
name=unknown_H
#
# <colnr> <probs for GDERKNQSTAVLIFYWHMCP>
#	G	D	E	R	K	N	Q	S	T	A	V	L	I	F	Y	W	H	M	C	P
0	0.01463	0.60021	0.05725	0.00995	0.01443	0.01953	0.00966	0.07665	0.01282	0.01559	0.01227	0.05002	0.04317	0.03643	0.00520	0.00154	0.00593	0.00451	0.00302	0.00720
1	0.01370	0.31555	0.43529	0.01363	0.02046	0.01711	0.01611	0.07513	0.01308	0.01780	0.00968	0.01113	0.00748	0.00535	0.00480	0.00159	0.00741	0.00387	0.00269	0.00814
2	0.01417	0.09715	0.51994	0.01488	0.02179	0.04731	0.01752	0.07801	0.01359	0.07341	0.01105	0.01243	0.00798	0.00584	0.00588	0.00176	0.04155	0.00432	0.00305	0.00837
3	0.01657	0.48565	0.12271	0.01156	0.01683	0.02007	0.01156	0.21712	0.01588	0.02027	0.00984	0.01081	0.00798	0.00551	0.00446	0.00144	0.00647	0.00379	0.00334	0.00814
4	0.01671	0.08471	0.18308	0.01095	0.01527	0.00982	0.01059	0.01957	0.01358	0.33648	0.02079	0.21694	0.01809	0.00931	0.00589	0.00187	0.00539	0.00788	0.00515	0.00792
5	0.01299	0.23523	0.45125	0.08040	0.02316	0.01564	0.04619	0.01788	0.01210	0.04109	0.01009	0.01194	0.00759	0.00534	0.00505	0.00166	0.00768	0.00414	0.00261	0.00799
6	0.05005	0.14056	0.42768	0.01503	0.02183	0.01412	0.10524	0.01932	0.01269	0.12430	0.01173	0.01298	0.00837	0.00551	0.00529	0.00173	0.00756	0.00453	0.00319	0.00828
7	0.00791	0.07732	0.00891	0.00804	0.00899	0.00643	0.00581	0.00924	0.01174	0.01552	0.10995	0.58743	0.06663	0.01585	0.00691	0.00216	0.00355	0.03744	0.00516	0.00500
8	0.01329	0.37071	0.38826	0.01389	0.04074	0.01762	0.01563	0.01747	0.01176	0.01588	0.00914	0.01087	0.00735	0.00538	0.00524	0.00158	0.04110	0.00377	0.00244	0.00788
9	0.01449	0.05012	0.02122	0.19638	0.43338	0.03478	0.04533	0.01779	0.01300	0.08074	0.01198	0.01587	0.00965	0.00568	0.00568	0.00176	0.00696	0.02379	0.00318	0.00821
10	0.01996	0.01030	0.04198	0.01091	0.01479	0.00899	0.03926	0.02404	0.09516	0.47647	0.09045	0.02631	0.01975	0.00838	0.00612	0.00189	0.00501	0.08526	0.00632	0.00864
11	0.01398	0.53591	0.28495	0.01203	0.01816	0.01941	0.01370	0.01747	0.01178	0.01506	0.00875	0.01018	0.00731	0.00508	0.00428	0.00143	0.00692	0.00346	0.00244	0.00772
12	0.01823	0.27635	0.16060	0.04861	0.01836	0.06989	0.03329	0.02124	0.01368	0.26705	0.01355	0.01372	0.00966	0.00584	0.00499	0.00159	0.00661	0.00443	0.00405	0.00826
13	0.00837	0.00559	0.00663	0.00663	0.00674	0.00571	0.00395	0.00850	0.00838	0.01129	0.01738	0.03490	0.01961	0.68061	0.11428	0.03988	0.00664	0.00793	0.00338	0.00361
14	0.01147	0.02959	0.76934	0.01630	0.02476	0.01328	0.02113	0.01811	0.01208	0.01811	0.01026	0.01208	0.00725	0.00543	0.00543	0.00181	0.00845	0.00423	0.00242	0.00845
15	0.01746	0.01371	0.01736	0.01399	0.01651	0.01650	0.03526	0.32154	0.01719	0.08835	0.01172	0.01393	0.00920	0.00896	0.02780	0.00223	0.35076	0.00521	0.00427	0.00804
16	0.01713	0.01498	0.02146	0.02218	0.26484	0.07091	0.15336	0.16908	0.10001	0.08741	0.01382	0.01530	0.01039	0.00594	0.00587	0.00176	0.00708	0.00553	0.00415	0.00882
17	0.00818	0.00610	0.00907	0.00907	0.01005	0.00708	0.00700	0.01014	0.00916	0.01319	0.01543	0.02309	0.01457	0.07430	0.74528	0.00904	0.01492	0.00622	0.00308	0.00504
18	0.02137	0.02726	0.01621	0.01474	0.01768	0.77602	0.01105	0.02284	0.01621	0.01400	0.00884	0.01031	0.00737	0.00589	0.00516	0.00147	0.01031	0.00368	0.00295	0.00663
19	0.00832	0.00555	0.00624	0.00624	0.00624	0.00555	0.00347	0.00832	0.00832	0.01109	0.01802	0.03743	0.02080	0.79898	0.02911	0.00555	0.00555	0.00832	0.00347	0.00347
20	0.01080	0.01017	0.01716	0.78523	0.03940	0.01271	0.01589	0.01461	0.01144	0.01461	0.01017	0.01525	0.00762	0.00572	0.00572	0.00191	0.00762	0.00508	0.00254	0.00635
21	0.00831	0.00558	0.00639	0.00639	0.00645	0.00563	0.00366	0.00842	0.00836	0.01121	0.01788	0.03664	0.02045	0.75894	0.06868	0.00574	0.00606	0.00820	0.00344	0.00355
22	0.01147	0.02959	0.76934	0.01630	0.02476	0.01328	0.02113	0.01811	0.01208	0.01811	0.01026	0.01208	0.00725	0.00543	0.00543	0.00181	0.00845	0.00423	0.00242	0.00845
23	0.01185	0.02697	0.63327	0.01775	0.02571	0.01350	0.15458	0.01815	0.01234	0.01815	0.01051	0.01270	0.00751	0.00532	0.00568	0.00183	0.00867	0.00469	0.00250	0.00832
24	0.01628	0.06612	0.35904	0.03533	0.02233	0.01254	0.13397	0.02094	0.01356	0.24332	0.01404	0.01476	0.00958	0.00581	0.00565	0.00179	0.00741	0.00505	0.00390	0.00860
25	0.58507	0.02700	0.01003	0.00856	0.01199	0.06770	0.00692	0.01853	0.04025	0.10797	0.02963	0.04400	0.01011	0.00631	0.00423	0.00177	0.00485	0.00429	0.00411	0.00668
26	0.37938	0.01278	0.04393	0.01097	0.01531	0.01282	0.06833	0.15879	0.01507	0.21181	0.01310	0.01329	0.00910	0.00601	0.00485	0.00177	0.00548	0.00450	0.00474	0.00797

[dist]
# distance from previous block
# <min> <max>
1	12

[block]
# block no. 8 follows, 41 sequences, length 9
# corresponding to MSA columns:
# 614-622
name=unknown_I
#
# <colnr> <probs for GDERKNQSTAVLIFYWHMCP>
#	G	D	E	R	K	N	Q	S	T	A	V	L	I	F	Y	W	H	M	C	P
0	0.04868	0.01284	0.06674	0.01441	0.04905	0.01179	0.16539	0.19422	0.01715	0.09337	0.14998	0.04595	0.05738	0.00817	0.00621	0.00186	0.00602	0.03825	0.00487	0.00769
1	0.00695	0.00571	0.00612	0.00622	0.00789	0.00488	0.00459	0.00850	0.01319	0.01629	0.14263	0.13894	0.58920	0.01453	0.00682	0.00196	0.00292	0.01234	0.00543	0.00488
2	0.01258	0.01226	0.04447	0.04616	0.05084	0.03141	0.30606	0.01714	0.06729	0.06853	0.19216	0.02556	0.08380	0.00770	0.00645	0.00186	0.00655	0.00766	0.00435	0.00715
3	0.16596	0.01307	0.01276	0.01134	0.01449	0.06207	0.00904	0.10679	0.40467	0.02408	0.01821	0.02000	0.01444	0.00773	0.00609	0.00193	0.04159	0.05266	0.00502	0.00808
4	0.00934	0.00773	0.01095	0.01029	0.01088	0.00965	0.00801	0.01087	0.00895	0.01308	0.01366	0.02210	0.01348	0.14860	0.46268	0.00687	0.21856	0.00616	0.00298	0.00516
5	0.07435	0.01275	0.01458	0.01126	0.01571	0.01301	0.00927	0.34637	0.04648	0.30921	0.01676	0.01574	0.01135	0.00668	0.00548	0.00168	0.00542	0.00516	0.00592	0.07283
6	0.01080	0.01017	0.01716	0.78523	0.03940	0.01271	0.01589	0.01461	0.01144	0.01461	0.01017	0.01525	0.00762	0.00572	0.00572	0.00191	0.00762	0.00508	0.00254	0.00635
7	0.10289	0.10616	0.07208	0.06062	0.04292	0.03596	0.04699	0.09694	0.07639	0.06781	0.07474	0.01671	0.01327	0.03248	0.00813	0.00196	0.12732	0.00531	0.00392	0.00740
8	0.03800	0.00944	0.01230	0.01036	0.01297	0.05618	0.11511	0.04698	0.01504	0.04933	0.27815	0.03788	0.23717	0.01069	0.00652	0.00187	0.00470	0.04610	0.00516	0.00605

[dist]
# distance from previous block
# <min> <max>
1	9

[block]
# block no. 9 follows, 41 sequences, length 56
# corresponding to MSA columns:
# 632,635-653,663-698
name=unknown_J
#
# <colnr> <probs for GDERKNQSTAVLIFYWHMCP>
#	G	D	E	R	K	N	Q	S	T	A	V	L	I	F	Y	W	H	M	C	P
0	0.06994	0.01314	0.01387	0.01166	0.01525	0.01479	0.00930	0.31507	0.35233	0.02845	0.04523	0.05381	0.01586	0.00785	0.00573	0.00185	0.00511	0.00631	0.00563	0.00881
1	0.00866	0.00597	0.00796	0.00856	0.00975	0.00565	0.00670	0.01074	0.01345	0.04318	0.23085	0.26855	0.08642	0.01492	0.00727	0.00224	0.00384	0.25444	0.00562	0.00524
2	0.01080	0.01017	0.01716	0.78523	0.03940	0.01271	0.01589	0.01461	0.01144	0.01461	0.01017	0.01525	0.00762	0.00572	0.00572	0.00191	0.00762	0.00508	0.00254	0.00635
3	0.01126	0.01063	0.01798	0.68311	0.13795	0.01283	0.01611	0.01501	0.01165	0.01517	0.01025	0.01510	0.00782	0.00563	0.00571	0.00188	0.00751	0.00509	0.00258	0.00672
4	0.01272	0.01797	0.25859	0.02292	0.31651	0.01279	0.06937	0.01845	0.08707	0.01933	0.06977	0.01644	0.01274	0.00593	0.00572	0.00175	0.00690	0.00543	0.00329	0.03633
5	0.01484	0.71061	0.11781	0.01056	0.01588	0.02152	0.01114	0.01724	0.01168	0.01401	0.00823	0.00952	0.00733	0.00496	0.00388	0.00129	0.00639	0.00320	0.00244	0.00747
6	0.01590	0.47468	0.16164	0.01156	0.01695	0.01915	0.01191	0.11841	0.05350	0.05259	0.01066	0.01145	0.00850	0.00552	0.00448	0.00146	0.00643	0.00386	0.00328	0.00807
7	0.01699	0.01388	0.01883	0.10180	0.29934	0.01498	0.01362	0.29167	0.10407	0.04709	0.01361	0.01510	0.01028	0.00619	0.00571	0.00176	0.00637	0.00529	0.00436	0.00905
8	0.01080	0.01017	0.01716	0.78523	0.03940	0.01271	0.01589	0.01461	0.01144	0.01461	0.01017	0.01525	0.00762	0.00572	0.00572	0.00191	0.00762	0.00508	0.00254	0.00635
9	0.01371	0.01313	0.02241	0.13530	0.66661	0.01347	0.01733	0.01716	0.01281	0.01814	0.01068	0.01430	0.00887	0.00518	0.00567	0.00173	0.00691	0.00509	0.00279	0.00870
10	0.01369	0.15785	0.04272	0.25619	0.18829	0.01351	0.03931	0.01676	0.01267	0.09613	0.04105	0.04122	0.04392	0.00651	0.00549	0.00173	0.00645	0.00566	0.00342	0.00746
11	0.01494	0.07118	0.16703	0.06215	0.38671	0.01354	0.06932	0.01883	0.01312	0.11121	0.01197	0.01421	0.00913	0.00540	0.00557	0.00172	0.00708	0.00499	0.00324	0.00868
12	0.01080	0.01017	0.01716	0.78523	0.03940	0.01271	0.01589	0.01461	0.01144	0.01461	0.01017	0.01525	0.00762	0.00572	0.00572	0.00191	0.00762	0.00508	0.00254	0.00635
13	0.01429	0.01935	0.37223	0.01583	0.06843	0.01126	0.08929	0.01901	0.02531	0.17607	0.01608	0.11887	0.01322	0.00740	0.00591	0.00188	0.00696	0.00651	0.00392	0.00819
14	0.01727	0.02011	0.36096	0.01370	0.01977	0.05169	0.03720	0.05029	0.03839	0.27576	0.04737	0.01631	0.01211	0.00640	0.00565	0.00178	0.00690	0.00517	0.00446	0.00871
15	0.01086	0.01030	0.01748	0.68997	0.07089	0.01245	0.03997	0.01459	0.01165	0.01496	0.01239	0.01700	0.04168	0.00605	0.00580	0.00190	0.00744	0.00546	0.00269	0.00646
16	0.01390	0.01340	0.02310	0.08850	0.68919	0.01355	0.03944	0.01737	0.01292	0.01838	0.01074	0.01427	0.00895	0.00513	0.00570	0.00172	0.00694	0.00515	0.00281	0.00883
17	0.01507	0.08797	0.45604	0.03972	0.02106	0.01244	0.01605	0.01992	0.01329	0.20162	0.05259	0.01537	0.01142	0.00613	0.00544	0.00175	0.00705	0.00485	0.00377	0.00844
18	0.01080	0.01017	0.01716	0.78523	0.03940	0.01271	0.01589	0.01461	0.01144	0.01461	0.01017	0.01525	0.00762	0.00572	0.00572	0.00191	0.00762	0.00508	0.00254	0.00635
19	0.01416	0.01359	0.02322	0.03511	0.76330	0.01359	0.01755	0.01755	0.01302	0.01869	0.01076	0.01416	0.00906	0.00510	0.00566	0.00170	0.00680	0.00510	0.00283	0.00906
20	0.02081	0.01147	0.09177	0.06132	0.04063	0.00898	0.01016	0.02360	0.01524	0.53173	0.07052	0.05546	0.01664	0.00757	0.00585	0.00181	0.00526	0.00632	0.00603	0.00883
21	0.01259	0.01079	0.13056	0.01004	0.01310	0.00769	0.02361	0.04748	0.01359	0.18073	0.06472	0.32443	0.11290	0.01208	0.00649	0.00201	0.00466	0.01056	0.00525	0.00671
22	0.01162	0.05991	0.74033	0.01605	0.02436	0.01365	0.02069	0.01808	0.01206	0.01793	0.01017	0.01196	0.00725	0.00541	0.00537	0.00179	0.00836	0.00418	0.00242	0.00841
