[name]
unknown

[dist]
# distance from previous block
# <min> <max>
23	350

[block]
# block no. 0 follows, 43 sequences, length 8
# corresponding to MSA columns:
# 588-595
name=unknown_A
#
# <colnr> <probs for GDERKNQSTAVLIFYWHMCP>
#	G	D	E	R	K	N	Q	S	T	A	V	L	I	F	Y	W	H	M	C	P
0	0.08445	0.01208	0.06724	0.10019	0.05910	0.03893	0.09042	0.06442	0.06228	0.14655	0.08926	0.06602	0.04014	0.02728	0.00653	0.00189	0.02521	0.00646	0.00436	0.00720
1	0.00868	0.00676	0.01032	0.00969	0.01104	0.00653	0.09144	0.01034	0.01168	0.05059	0.09506	0.48383	0.11048	0.01409	0.00744	0.00210	0.04712	0.01267	0.00489	0.00524
2	0.01008	0.00863	0.01148	0.01056	0.01090	0.01077	0.00808	0.04461	0.00971	0.01388	0.01572	0.19922	0.01749	0.19617	0.06927	0.00346	0.34319	0.00816	0.00344	0.00516
3	0.04984	0.08815	0.06997	0.04600	0.15031	0.03980	0.03872	0.19799	0.04265	0.12854	0.01255	0.01359	0.00932	0.00594	0.00577	0.00164	0.04206	0.00470	0.00408	0.04837
4	0.64780	0.01040	0.00927	0.00790	0.01153	0.01140	0.00651	0.01885	0.01097	0.20477	0.01110	0.01136	0.00785	0.00555	0.00394	0.00171	0.00439	0.00362	0.00425	0.00682
5	0.01373	0.01216	0.04325	0.16194	0.23916	0.01298	0.01306	0.05753	0.15811	0.07509	0.01426	0.05367	0.01162	0.00696	0.00712	0.00186	0.10020	0.00573	0.00377	0.00782
6	0.05057	0.01407	0.01823	0.17246	0.12108	0.04488	0.05199	0.26345	0.01736	0.09020	0.01292	0.01531	0.00984	0.00702	0.00717	0.00198	0.08328	0.00530	0.00437	0.00851
7	0.01295	0.01224	0.02001	0.20939	0.51597	0.01303	0.01572	0.01769	0.09426	0.01772	0.01161	0.01472	0.00934	0.00536	0.00551	0.00172	0.00653	0.00508	0.00299	0.00816

[dist]
# distance from previous block
# <min> <max>
4	17

[block]
# block no. 1 follows, 43 sequences, length 9
# corresponding to MSA columns:
# 620-628
name=unknown_B
#
# <colnr> <probs for GDERKNQSTAVLIFYWHMCP>
#	G	D	E	R	K	N	Q	S	T	A	V	L	I	F	Y	W	H	M	C	P
0	0.10899	0.05447	0.11675	0.04417	0.02991	0.03910	0.02972	0.23246	0.06296	0.08028	0.03059	0.02859	0.01107	0.04295	0.00617	0.00180	0.00593	0.00498	0.00423	0.06487
1	0.01121	0.00731	0.00913	0.00800	0.01000	0.00707	0.00620	0.10900	0.01705	0.09641	0.59736	0.03553	0.04294	0.01028	0.00631	0.00173	0.00327	0.00893	0.00610	0.00618
2	0.01914	0.01391	0.01498	0.01191	0.01590	0.01539	0.00970	0.51905	0.18875	0.07046	0.01603	0.01557	0.01153	0.00684	0.00549	0.00170	0.00548	0.00531	0.04379	0.00908
3	0.01069	0.00722	0.00863	0.00771	0.00975	0.00688	0.00594	0.10812	0.01609	0.08689	0.40579	0.08019	0.20193	0.01126	0.00635	0.00179	0.00333	0.00966	0.00582	0.00597
4	0.00987	0.00700	0.00800	0.00746	0.00806	0.00744	0.00486	0.10556	0.01060	0.01426	0.01728	0.08421	0.01921	0.60689	0.02328	0.00452	0.04539	0.00801	0.00372	0.00436
5	0.01430	0.01195	0.02045	0.12832	0.41211	0.01204	0.10441	0.01804	0.03823	0.11681	0.05786	0.01657	0.01207	0.00570	0.00570	0.00172	0.00647	0.00556	0.00355	0.00814
6	0.06767	0.01230	0.01202	0.01032	0.01326	0.11155	0.00803	0.23135	0.05111	0.15398	0.01942	0.16556	0.04396	0.03771	0.00644	0.00189	0.00536	0.00724	0.03351	0.00732
7	0.05217	0.08295	0.06932	0.09757	0.18304	0.05455	0.06594	0.07529	0.03881	0.04299	0.01141	0.03559	0.00931	0.00553	0.00508	0.00152	0.00629	0.00475	0.00331	0.15459
8	0.03939	0.01406	0.01969	0.12962	0.30812	0.12435	0.11387	0.01828	0.04744	0.07103	0.02706	0.03974	0.01068	0.00588	0.00559	0.00171	0.00707	0.00545	0.00332	0.00765

[dist]
# distance from previous block
# <min> <max>
2	29

[block]
# block no. 2 follows, 43 sequences, length 27
# corresponding to MSA columns:
# 658-684
name=unknown_C
#
# <colnr> <probs for GDERKNQSTAVLIFYWHMCP>
#	G	D	E	R	K	N	Q	S	T	A	V	L	I	F	Y	W	H	M	C	P
0	0.01266	0.01676	0.23730	0.01659	0.05346	0.01194	0.25096	0.07134	0.04169	0.05061	0.01541	0.05021	0.05110	0.05912	0.00735	0.00202	0.00723	0.00625	0.00342	0.03458
1	0.01137	0.00805	0.00961	0.00868	0.01098	0.00758	0.00649	0.14130	0.01399	0.05696	0.04862	0.39442	0.02422	0.01143	0.00594	0.00175	0.00394	0.01002	0.03941	0.18523
2	0.11305	0.00995	0.01174	0.00962	0.01328	0.00987	0.00778	0.05031	0.18043	0.42007	0.06177	0.02081	0.05188	0.00739	0.00544	0.00176	0.00444	0.00595	0.00603	0.00844
3	0.01031	0.01043	0.05262	0.08454	0.01869	0.00973	0.23600	0.05349	0.01268	0.01724	0.08525	0.31251	0.02275	0.01042	0.00695	0.00200	0.03430	0.00990	0.00406	0.00613
4	0.01587	0.01819	0.01712	0.09180	0.11878	0.34640	0.01247	0.01769	0.01239	0.01414	0.00849	0.01167	0.00742	0.00694	0.00958	0.00183	0.27567	0.00431	0.00265	0.00659
5	0.05771	0.00995	0.01242	0.01033	0.01254	0.01127	0.00841	0.10272	0.01334	0.24335	0.01492	0.01691	0.01134	0.04501	0.00989	0.00200	0.23648	0.00520	0.16906	0.00714
6	0.00760	0.00525	0.00663	0.00702	0.00744	0.00516	0.00461	0.00827	0.00980	0.01318	0.08399	0.28908	0.06706	0.30839	0.09697	0.05553	0.00525	0.01054	0.00417	0.00407
7	0.01257	0.01282	0.05393	0.21977	0.18949	0.01315	0.15925	0.05488	0.08791	0.01815	0.03932	0.01701	0.01120	0.00623	0.00666	0.00185	0.05993	0.02518	0.00326	0.00744
8	0.01287	0.01090	0.01633	0.30847	0.15551	0.03258	0.03660	0.08648	0.01303	0.06373	0.01358	0.08043	0.01189	0.00938	0.05518	0.00230	0.04823	0.03213	0.00344	0.00693
9	0.01216	0.00818	0.00913	0.00836	0.01078	0.00824	0.00657	0.07693	0.17284	0.11145	0.03281	0.08629	0.25511	0.01057	0.00595	0.00184	0.00382	0.06555	0.10683	0.00659
10	0.01314	0.01252	0.02109	0.13847	0.62902	0.01274	0.01623	0.01644	0.01234	0.01754	0.01031	0.01374	0.00855	0.00498	0.00542	0.00163	0.00656	0.00485	0.00273	0.05172
11	0.01300	0.01102	0.01438	0.14515	0.15218	0.01227	0.01090	0.02248	0.39394	0.05154	0.06555	0.02103	0.04788	0.00721	0.00568	0.00182	0.00511	0.00624	0.00465	0.00797
12	0.00695	0.00499	0.00664	0.00784	0.00830	0.00468	0.00542	0.00811	0.01098	0.01461	0.05480	0.70169	0.05293	0.01692	0.00709	0.00225	0.00334	0.07273	0.00517	0.00457
13	0.00992	0.00920	0.01495	0.60694	0.07184	0.01094	0.01346	0.01315	0.01134	0.01447	0.01704	0.06083	0.10919	0.00724	0.00575	0.00186	0.00652	0.00638	0.00297	0.00601
14	0.01192	0.01176	0.01647	0.01427	0.01435	0.01631	0.01192	0.01321	0.00874	0.01353	0.00863	0.01522	0.00878	0.01004	0.01753	0.00243	0.74659	0.04970	0.00259	0.00600
15	0.01148	0.00984	0.01148	0.00820	0.01312	0.00738	0.00656	0.01395	0.01148	0.01805	0.00984	0.01148	0.00820	0.00410	0.00410	0.00082	0.00410	0.00328	0.00328	0.83922
16	0.01453	0.01597	0.01412	0.05415	0.01535	0.31362	0.01018	0.01620	0.01177	0.01400	0.01008	0.01375	0.00890	0.01294	0.13837	0.00298	0.24986	0.00456	0.07274	0.00594
17	0.00700	0.00554	0.00631	0.00636	0.00786	0.00485	0.00471	0.00874	0.01331	0.01709	0.26901	0.14025	0.44959	0.01363	0.00662	0.00189	0.00284	0.02413	0.00543	0.00483
18	0.00674	0.00486	0.00639	0.00761	0.00801	0.00451	0.00510	0.00772	0.01070	0.01418	0.03173	0.76659	0.07102	0.01719	0.00704	0.00223	0.00319	0.01555	0.00514	0.00451
19	0.01678	0.01214	0.04285	0.08616	0.23258	0.01147	0.08897	0.04723	0.02437	0.25491	0.01409	0.01530	0.01012	0.00583	0.00612	0.00169	0.04420	0.00515	0.00417	0.07586
20	0.00920	0.00616	0.00802	0.00771	0.00876	0.00645	0.00558	0.01141	0.04680	0.05553	0.17466	0.02989	0.02391	0.25466	0.29625	0.00541	0.00808	0.00739	0.02916	0.00497
21	0.00800	0.00665	0.00922	0.07847	0.01198	0.00705	0.02439	0.00982	0.01155	0.01543	0.14500	0.24112	0.20215	0.01680	0.11163	0.00294	0.07788	0.01040	0.00445	0.00508
22	0.01697	0.39818	0.15548	0.01094	0.01593	0.01604	0.01115	0.01965	0.01255	0.23737	0.01223	0.01246	0.00904	0.00569	0.00515	0.00150	0.04404	0.00402	0.00368	0.00793
23	0.48523	0.02740	0.01032	0.00880	0.01206	0.01298	0.00705	0.07163	0.22815	0.02409	0.01291	0.01410	0.01016	0.04767	0.00551	0.00194	0.00453	0.00435	0.00419	0.00693
24	0.01049	0.00890	0.03857	0.00905	0.02364	0.03965	0.00696	0.01530	0.16857	0.06958	0.19155	0.19786	0.17494	0.01147	0.00627	0.00189	0.00388	0.00991	0.00532	0.00621
25	0.01369	0.40151	0.31489	0.01182	0.01759	0.04213	0.01336	0.01731	0.01177	0.04465	0.00978	0.01111	0.00776	0.00516	0.00436	0.00144	0.00668	0.00365	0.05387	0.00747
26	0.01262	0.01110	0.08365	0.01123	0.04546	0.01007	0.00915	0.05414	0.26973	0.09130	0.19154	0.07723	0.03712	0.00926	0.00604	0.00187	0.00450	0.06128	0.00533	0.00739

[dist]
# distance from previous block
# <min> <max>
1	33

[block]
# block no. 3 follows, 43 sequences, length 19
# corresponding to MSA columns:
# 718-736
name=unknown_D
#
# <colnr> <probs for GDERKNQSTAVLIFYWHMCP>
#	G	D	E	R	K	N	Q	S	T	A	V	L	I	F	Y	W	H	M	C	P
0	0.63295	0.03810	0.01112	0.02837	0.03135	0.03918	0.03816	0.01768	0.04939	0.05703	0.00941	0.01058	0.00719	0.00533	0.00393	0.00170	0.00490	0.00354	0.00358	0.00648
1	0.05734	0.16299	0.21851	0.01181	0.01679	0.07362	0.01186	0.04285	0.08221	0.05624	0.01101	0.01215	0.00856	0.00562	0.00554	0.00151	0.05835	0.00400	0.00326	0.15579
2	0.00739	0.00548	0.00685	0.00690	0.00800	0.00508	0.00497	0.00921	0.01312	0.01782	0.38481	0.19551	0.18137	0.07344	0.05256	0.00255	0.00367	0.01111	0.00534	0.00482
3	0.00938	0.00636	0.00720	0.00688	0.00835	0.00593	0.00489	0.05905	0.01231	0.07013	0.06209	0.14026	0.33557	0.20412	0.01221	0.03149	0.00390	0.01016	0.00480	0.00494
4	0.00688	0.00553	0.00608	0.00617	0.00763	0.00488	0.00448	0.00829	0.01218	0.01517	0.12024	0.12655	0.52354	0.07648	0.04872	0.00253	0.00365	0.01136	0.00499	0.00463
5	0.01040	0.00625	0.00811	0.00731	0.00913	0.00564	0.00560	0.01285	0.01546	0.13967	0.59405	0.03879	0.10337	0.01084	0.00638	0.00175	0.00296	0.00945	0.00614	0.00584
6	0.01378	0.01190	0.01252	0.01127	0.01440	0.01378	0.00877	0.02943	0.76081	0.02317	0.02254	0.02066	0.01691	0.00751	0.00564	0.00188	0.00438	0.00626	0.00564	0.00877
7	0.01168	0.14846	0.66183	0.01482	0.02247	0.01425	0.01878	0.01739	0.01163	0.01685	0.00959	0.01126	0.00703	0.00518	0.00500	0.00167	0.00784	0.00392	0.00234	0.00802
8	0.01259	0.07237	0.15221	0.09295	0.04328	0.01196	0.04202	0.05124	0.01205	0.05128	0.01124	0.05354	0.00952	0.00620	0.00662	0.00155	0.10511	0.00479	0.00318	0.25630
9	0.01003	0.00619	0.00774	0.00707	0.00871	0.00583	0.00539	0.03640	0.01533	0.08138	0.55518	0.03511	0.04126	0.00998	0.00596	0.00166	0.00289	0.00866	0.14953	0.00568
10	0.00990	0.00891	0.04451	0.01032	0.03680	0.00845	0.02348	0.01603	0.21601	0.01954	0.21236	0.08930	0.11346	0.01118	0.00646	0.00199	0.00418	0.15553	0.00525	0.00635
11	0.01205	0.01002	0.01147	0.00855	0.01304	0.00832	0.00682	0.05451	0.07820	0.01962	0.03190	0.01358	0.01047	0.00483	0.00437	0.00100	0.00413	0.00389	0.03852	0.66471
12	0.00675	0.00482	0.00643	0.00771	0.00803	0.00450	0.00514	0.00771	0.01060	0.01414	0.03053	0.80175	0.03663	0.01735	0.00707	0.00225	0.00321	0.01574	0.00514	0.00450
13	0.05694	0.04946	0.15327	0.04026	0.05547	0.06234	0.05278	0.18499	0.04727	0.12683	0.03266	0.01422	0.01034	0.00590	0.00522	0.00160	0.00633	0.00474	0.00415	0.08521
14	0.01407	0.17374	0.26270	0.01230	0.01745	0.01392	0.04030	0.07977	0.12903	0.08545	0.04282	0.01531	0.01172	0.00727	0.03181	0.00188	0.00648	0.00484	0.04125	0.00788
15	0.00884	0.00523	0.00743	0.00743	0.00769	0.00549	0.00508	0.00811	0.00784	0.01072	0.01263	0.02215	0.01292	0.18699	0.22803	0.44398	0.00762	0.00578	0.00275	0.00328
16	0.00688	0.00492	0.00657	0.00779	0.00819	0.00461	0.00531	0.00798	0.01089	0.01456	0.05914	0.74028	0.03703	0.01703	0.00707	0.00224	0.00327	0.04650	0.00518	0.00455
17	0.01364	0.11702	0.32615	0.01497	0.07530	0.01285	0.07092	0.01900	0.08494	0.11785	0.01526	0.04646	0.03584	0.00649	0.00540	0.00173	0.00662	0.01804	0.00358	0.00795
18	0.08716	0.12266	0.08922	0.10047	0.01836	0.07600	0.05975	0.06173	0.11883	0.08524	0.03751	0.03217	0.01226	0.00834	0.04572	0.00208	0.00669	0.02471	0.00386	0.00727

[dist]
# distance from previous block
# <min> <max>
1	24

[block]
# block no. 4 follows, 43 sequences, length 25
# corresponding to MSA columns:
# 761-785
name=unknown_E
#
# <colnr> <probs for GDERKNQSTAVLIFYWHMCP>
#	G	D	E	R	K	N	Q	S	T	A	V	L	I	F	Y	W	H	M	C	P
0	0.08215	0.03576	0.23334	0.05583	0.04291	0.01040	0.04852	0.01639	0.01171	0.10028	0.01232	0.04652	0.01007	0.05013	0.00624	0.00172	0.00597	0.00482	0.00338	0.22155
1	0.01230	0.10560	0.11356	0.15582	0.01829	0.07984	0.01045	0.07902	0.05106	0.01629	0.01388	0.09451	0.01321	0.15338	0.00945	0.00233	0.00631	0.00608	0.00338	0.05522
2	0.01481	0.04346	0.11577	0.01355	0.09412	0.02530	0.02995	0.14164	0.07983	0.10965	0.06105	0.07170	0.01439	0.00684	0.00537	0.00158	0.00549	0.00575	0.00435	0.15539
3	0.01221	0.08557	0.17065	0.10277	0.01910	0.01156	0.07911	0.08761	0.03496	0.05393	0.07001	0.08911	0.03669	0.00859	0.00593	0.00188	0.00612	0.11327	0.00399	0.00693
4	0.01546	0.01235	0.04884	0.01374	0.01753	0.05207	0.22181	0.06881	0.09661	0.17231	0.01665	0.07232	0.01309	0.00747	0.00652	0.04354	0.00618	0.00635	0.10095	0.00738
5	0.00742	0.00536	0.00672	0.00692	0.00799	0.00491	0.00498	0.00932	0.01339	0.01847	0.38872	0.28892	0.14828	0.01343	0.00658	0.00190	0.00283	0.01187	0.04709	0.00491
6	0.04816	0.01080	0.01305	0.01050	0.01426	0.01075	0.00857	0.24403	0.03728	0.39903	0.01997	0.09043	0.01523	0.00813	0.00573	0.00179	0.00499	0.04260	0.00607	0.00863
7	0.00946	0.00489	0.00724	0.00724	0.00729	0.00494	0.00484	0.00739	0.00734	0.00983	0.01026	0.01804	0.01035	0.05951	0.05879	0.75719	0.00532	0.00503	0.00248	0.00258
8	0.84448	0.01071	0.00814	0.00728	0.01071	0.01242	0.00600	0.01628	0.00943	0.02485	0.00771	0.00900	0.00600	0.00514	0.00343	0.00171	0.00428	0.00300	0.00343	0.00600
9	0.00861	0.00551	0.00704	0.00750	0.00848	0.00504	0.00527	0.00988	0.01174	0.08271	0.10984	0.47691	0.12957	0.07397	0.00840	0.00234	0.00344	0.03352	0.00526	0.00497
10	0.01105	0.01219	0.09976	0.30426	0.07495	0.03677	0.06597	0.05083	0.01165	0.01568	0.01159	0.01620	0.00951	0.01610	0.23534	0.00388	0.00978	0.00520	0.00281	0.00646
11	0.01666	0.01203	0.01167	0.00974	0.01271	0.09133	0.00775	0.29887	0.05988	0.07920	0.03746	0.01720	0.01285	0.00668	0.00492	0.00152	0.00495	0.00516	0.30199	0.00743
12	0.00767	0.00568	0.00663	0.00661	0.00817	0.00500	0.00495	0.00945	0.01340	0.04265	0.26773	0.14682	0.40133	0.01344	0.00662	0.00190	0.00295	0.03850	0.00549	0.00500
13	0.00776	0.00570	0.00711	0.00758	0.00853	0.00539	0.00535	0.04979	0.01282	0.01717	0.19534	0.50037	0.12629	0.01503	0.00680	0.00206	0.00319	0.01340	0.00537	0.00495
14	0.03992	0.01405	0.09936	0.03927	0.05741	0.05009	0.24012	0.08937	0.05004	0.06126	0.01593	0.12389	0.01422	0.00766	0.00601	0.00186	0.00681	0.04756	0.02794	0.00723
15	0.06695	0.00990	0.01286	0.00992	0.01416	0.00897	0.00819	0.07519	0.01620	0.68619	0.02054	0.01797	0.01302	0.00675	0.00546	0.00171	0.00478	0.00540	0.00659	0.00925
16	0.00681	0.00487	0.00648	0.00767	0.00805	0.00454	0.00515	0.00786	0.01089	0.01459	0.07176	0.75923	0.03750	0.01701	0.00704	0.00222	0.00318	0.01542	0.00519	0.00454
17	0.07092	0.05899	0.04006	0.01827	0.17105	0.09453	0.13008	0.10718	0.03549	0.05870	0.01110	0.01331	0.00876	0.00611	0.00716	0.00175	0.12201	0.00486	0.03205	0.00762
18	0.00805	0.00537	0.00604	0.00604	0.00604	0.00537	0.00336	0.00805	0.00805	0.01074	0.01745	0.03624	0.02013	0.80536	0.02819	0.00537	0.00537	0.00805	0.00336	0.00336
19	0.00678	0.00510	0.00628	0.00708	0.00790	0.00460	0.00489	0.00799	0.01154	0.01498	0.09410	0.54049	0.23621	0.01599	0.00689	0.00211	0.00306	0.01421	0.00521	0.00460
20	0.01547	0.01730	0.01589	0.01399	0.01546	0.29600	0.01114	0.01875	0.11460	0.01476	0.00984	0.01252	0.00855	0.00794	0.01164	0.00198	0.40001	0.00457	0.00302	0.00656
21	0.09826	0.01450	0.11334	0.01258	0.05285	0.10386	0.03516	0.08100	0.11149	0.10517	0.10224	0.02295	0.03845	0.00775	0.00561	0.00179	0.00583	0.07530	0.00452	0.00734
22	0.04594	0.33056	0.02159	0.01177	0.01609	0.08684	0.04975	0.24927	0.07981	0.04197	0.01136	0.01196	0.00887	0.00573	0.00469	0.00148	0.00631	0.00419	0.00386	0.00795
23	0.08876	0.00784	0.00943	0.00830	0.03219	0.00732	0.00634	0.01870	0.01339	0.31530	0.07106	0.01969	0.01550	0.00667	0.00474	0.00151	0.00376	0.00536	0.31071	0.05344
24	0.01392	0.01391	0.02049	0.13994	0.46845	0.09644	0.06010	0.04710	0.01321	0.01751	0.01127	0.05161	0.00974	0.00576	0.00558	0.00169	0.00705	0.00541	0.00295	0.00787

[dist]
# distance from previous block
# <min> <max>
0	2

[block]
# block no. 5 follows, 43 sequences, length 33
# corresponding to MSA columns:
# 788-820
name=unknown_F
#
# <colnr> <probs for GDERKNQSTAVLIFYWHMCP>
#	G	D	E	R	K	N	Q	S	T	A	V	L	I	F	Y	W	H	M	C	P
0	0.01327	0.00712	0.00872	0.00789	0.01012	0.00666	0.00607	0.03564	0.05827	0.22852	0.13733	0.16779	0.13465	0.01053	0.00590	0.00179	0.00356	0.01958	0.13009	0.00649
1	0.01212	0.01212	0.01696	0.01454	0.01454	0.01696	0.01212	0.01333	0.00848	0.01333	0.00727	0.01212	0.00727	0.00969	0.01818	0.00242	0.79523	0.00485	0.00242	0.00606
2	0.84448	0.01071	0.00814	0.00728	0.01071	0.01242	0.00600	0.01628	0.00943	0.02485	0.00771	0.00900	0.00600	0.00514	0.00343	0.00171	0.00428	0.00300	0.00343	0.00600
3	0.03776	0.01332	0.01340	0.27649	0.04486	0.21935	0.01097	0.03572	0.01296	0.01564	0.01599	0.10010	0.04299	0.00822	0.00566	0.00181	0.00684	0.08520	0.04671	0.00600
4	0.00729	0.00543	0.00681	0.00715	0.00826	0.00495	0.00525	0.00910	0.01316	0.01762	0.32159	0.29245	0.19963	0.01415	0.00679	0.00199	0.00303	0.06498	0.00551	0.00486
5	0.05355	0.01324	0.01306	0.01119	0.01401	0.11388	0.00892	0.16522	0.20604	0.09361	0.01694	0.01766	0.03592	0.00740	0.00684	0.00177	0.10284	0.01504	0.09527	0.00762
6	0.01159	0.00960	0.01120	0.00849	0.01275	0.00775	0.00668	0.07065	0.01250	0.01883	0.01292	0.11893	0.01216	0.00610	0.00462	0.00108	0.00414	0.00511	0.00371	0.66121
7	0.01359	0.08048	0.19277	0.01639	0.04983	0.01377	0.22721	0.08832	0.06980	0.04272	0.01269	0.01572	0.00991	0.00622	0.00656	0.01336	0.05445	0.02768	0.05091	0.00764
8	0.02156	0.01531	0.01604	0.01243	0.01675	0.06142	0.01020	0.60738	0.02400	0.13723	0.01421	0.01388	0.00988	0.00662	0.00551	0.00166	0.00613	0.00498	0.00556	0.00924
9	0.00704	0.00554	0.00605	0.00604	0.00740	0.00488	0.00429	0.00840	0.01228	0.01549	0.17511	0.08718	0.47469	0.14911	0.01027	0.00247	0.00323	0.01098	0.00501	0.00454
10	0.00803	0.00547	0.00682	0.00687	0.00713	0.00571	0.00438	0.00847	0.00832	0.01135	0.01693	0.05821	0.01870	0.55430	0.21833	0.03859	0.00767	0.00766	0.00328	0.00376
11	0.00784	0.00566	0.00740	0.00697	0.00827	0.00523	0.00523	0.01045	0.01568	0.02221	0.76789	0.04137	0.05226	0.01132	0.00653	0.00174	0.00261	0.01002	0.00610	0.00523
12	0.01408	0.01254	0.01266	0.01140	0.01452	0.04791	0.00885	0.02910	0.72775	0.02274	0.02192	0.02019	0.01647	0.00743	0.00561	0.00186	0.00463	0.00614	0.00551	0.00866
13	0.03196	0.01232	0.01764	0.10549	0.30494	0.05174	0.05430	0.01648	0.02614	0.03865	0.01059	0.01313	0.00855	0.00486	0.00502	0.00140	0.00604	0.00440	0.00308	0.28327
14	0.42743	0.01152	0.01078	0.00913	0.01266	0.04635	0.00738	0.11835	0.05631	0.18445	0.01364	0.05713	0.01050	0.00656	0.00457	0.00173	0.00482	0.00474	0.00464	0.00728
15	0.84448	0.01071	0.00814	0.00728	0.01071	0.01242	0.00600	0.01628	0.00943	0.02485	0.00771	0.00900	0.00600	0.00514	0.00343	0.00171	0.00428	0.00300	0.00343	0.00600
16	0.01463	0.64986	0.13711	0.01058	0.01580	0.02033	0.01114	0.05876	0.01216	0.01494	0.00835	0.00954	0.00723	0.00492	0.00392	0.00129	0.00626	0.00324	0.00255	0.00740
17	0.00911	0.00503	0.00713	0.00704	0.00730	0.00495	0.00474	0.00793	0.00894	0.01217	0.15704	0.02363	0.01898	0.10097	0.01942	0.58875	0.00444	0.00616	0.00322	0.00305
18	0.01362	0.01307	0.02232	0.05501	0.75050	0.01314	0.01695	0.01692	0.01257	0.01798	0.01040	0.01374	0.00873	0.00495	0.00548	0.00165	0.00660	0.00493	0.00273	0.00870
19	0.00675	0.00482	0.00643	0.00771	0.00803	0.00450	0.00514	0.00771	0.01060	0.01414	0.03053	0.80175	0.03663	0.01735	0.00707	0.00225	0.00321	0.01574	0.00514	0.00450
20	0.38058	0.00845	0.00866	0.00773	0.01000	0.00907	0.00591	0.03773	0.01007	0.12667	0.01109	0.01465	0.00919	0.05522	0.01116	0.27595	0.00464	0.00431	0.00365	0.00527
21	0.52857	0.05896	0.01162	0.00927	0.01278	0.16190	0.00753	0.06030	0.01218	0.07999	0.00928	0.01018	0.00707	0.00545	0.00402	0.00163	0.00562	0.00342	0.00364	0.00660
22	0.00787	0.00533	0.00625	0.00643	0.00653	0.00534	0.00380	0.00811	0.00845	0.01132	0.01907	0.13888	0.02201	0.65575	0.06797	0.00515	0.00561	0.00897	0.00358	0.00360
23	0.04489	0.18636	0.30844	0.01316	0.01846	0.01422	0.08089	0.07402	0.01253	0.01798	0.03409	0.01367	0.00967	0.00888	0.07611	0.00229	0.03265	0.00453	0.03985	0.00732
24	0.00682	0.00499	0.00642	0.00750	0.00807	0.00460	0.00514	0.00793	0.01106	0.01452	0.05213	0.66269	0.13191	0.01671	0.00701	0.00220	0.00320	0.03740	0.00516	0.00456
25	0.01338	0.00935	0.01064	0.00950	0.01212	0.00992	0.00736	0.06332	0.33910	0.12352	0.17482	0.09698	0.06209	0.00933	0.00592	0.00183	0.00393	0.00795	0.03146	0.00747
26	0.20786	0.01007	0.01036	0.00912	0.01211	0.01116	0.00724	0.05809	0.29496	0.11507	0.01739	0.01742	0.01300	0.00861	0.04926	0.00212	0.00479	0.00516	0.13876	0.00744
27	0.01243	0.06474	0.34462	0.01294	0.04074	0.04628	0.01354	0.05925	0.01260	0.01814	0.01111	0.01267	0.02809	0.00528	0.00513	0.00141	0.02464	0.00404	0.00295	0.27940
28	0.00820	0.00619	0.00788	0.00786	0.01947	0.00565	0.02381	0.01003	0.03533	0.02881	0.15262	0.23626	0.24799	0.05884	0.00867	0.05184	0.00358	0.03582	0.00489	0.04625
29	0.21655	0.10680	0.01473	0.05795	0.05819	0.05320	0.00925	0.06433	0.20648	0.03828	0.03523	0.01441	0.01118	0.00631	0.00555	0.00169	0.05423	0.00461	0.00397	0.03708
30	0.01361	0.04705	0.05862	0.01038	0.01435	0.03212	0.03174	0.13370	0.02439	0.07434	0.04631	0.04153	0.05933	0.00750	0.00559	0.00152	0.01983	0.08866	0.00427	0.28518
31	0.14643	0.25945	0.04063	0.03725	0.05912	0.14617	0.04315	0.07149	0.03910	0.07096	0.01083	0.03335	0.00888	0.00575	0.00459	0.00153	0.00646	0.00423	0.00339	0.00724
32	0.34756	0.10342	0.13563	0.01014	0.01426	0.01352	0.00967	0.09520	0.03163	0.07189	0.01224	0.04734	0.02890	0.00648	0.00524	0.00173	0.04988	0.00454	0.00371	0.00704

[dist]
# distance from previous block
# <min> <max>
1	7

[block]
# block no. 6 follows, 43 sequences, length 6
# corresponding to MSA columns:
# 828-833
name=unknown_G
#
# <colnr> <probs for GDERKNQSTAVLIFYWHMCP>
#	G	D	E	R	K	N	Q	S	T	A	V	L	I	F	Y	W	H	M	C	P
0	0.01276	0.08114	0.01205	0.00904	0.01147	0.04093	0.00690	0.19627	0.04885	0.01899	0.01809	0.09445	0.06011	0.23885	0.04548	0.00299	0.00567	0.00695	0.00414	0.08487
1	0.07228	0.03153	0.01230	0.04522	0.01355	0.05283	0.06573	0.06703	0.01294	0.04459	0.13947	0.07760	0.06650	0.06048	0.12107	0.00295	0.02124	0.00700	0.00411	0.08157
2	0.01165	0.01012	0.01443	0.01212	0.01392	0.01153	0.10395	0.08556	0.05883	0.03577	0.04573	0.09798	0.11110	0.09633	0.01225	0.00244	0.24059	0.02556	0.00398	0.00615
3	0.00968	0.00822	0.00947	0.00886	0.00922	0.05670	0.00630	0.01038	0.00877	0.01184	0.01427	0.02693	0.01548	0.45220	0.15717	0.00512	0.17522	0.00672	0.00306	0.00440
4	0.01221	0.11358	0.01712	0.18653	0.02005	0.01375	0.07024	0.06293	0.16082	0.01726	0.01608	0.07330	0.04995	0.00928	0.04189	0.00218	0.11613	0.00622	0.00364	0.00685
5	0.01470	0.05144	0.06659	0.16336	0.01976	0.01178	0.05536	0.08072	0.07623	0.17388	0.01649	0.07854	0.01385	0.03591	0.00755	0.00201	0.06921	0.05103	0.00430	0.00729

[dist]
# distance from previous block
# <min> <max>
0	8

[block]
# block no. 7 follows, 43 sequences, length 9
# corresponding to MSA columns:
# 848-856
name=unknown_H
#
# <colnr> <probs for GDERKNQSTAVLIFYWHMCP>
#	G	D	E	R	K	N	Q	S	T	A	V	L	I	F	Y	W	H	M	C	P
0	0.01098	0.17519	0.01303	0.00865	0.01087	0.00987	0.02404	0.01377	0.07116	0.07446	0.06645	0.20311	0.08640	0.05386	0.11569	0.00293	0.00577	0.00840	0.03944	0.00593
1	0.01329	0.00940	0.01227	0.01041	0.01308	0.00971	0.07378	0.11991	0.17153	0.10145	0.16042	0.13258	0.02381	0.00989	0.02506	0.00197	0.00467	0.00795	0.09176	0.00708
2	0.01311	0.35272	0.14556	0.01037	0.01553	0.01523	0.01036	0.01752	0.10163	0.01645	0.01048	0.01152	0.00859	0.00497	0.00425	0.00126	0.00558	0.00364	0.00302	0.24820
3	0.06029	0.06833	0.03344	0.10533	0.04827	0.01036	0.05938	0.04082	0.02637	0.18241	0.05763	0.05347	0.03778	0.00684	0.00528	0.00158	0.00526	0.02563	0.00429	0.16725
4	0.01522	0.07981	0.04471	0.25544	0.06191	0.12740	0.03779	0.10622	0.03034	0.09086	0.01197	0.01526	0.00944	0.06431	0.00695	0.00192	0.00701	0.00488	0.00349	0.02508
5	0.00829	0.00623	0.00858	0.00839	0.00898	0.00719	0.00615	0.00955	0.00859	0.01219	0.01511	0.02581	0.01542	0.29212	0.47356	0.00723	0.07252	0.00655	0.00305	0.00451
6	0.01228	0.01186	0.04503	0.28440	0.34966	0.01235	0.01462	0.01725	0.10206	0.01754	0.01223	0.01534	0.00962	0.00557	0.00539	0.00172	0.00635	0.00508	0.06405	0.00760
7	0.05400	0.01142	0.01318	0.01025	0.01434	0.01138	0.00838	0.27600	0.05161	0.30076	0.01655	0.01583	0.01140	0.00637	0.00516	0.00156	0.00492	0.00498	0.07039	0.11152
8	0.01193	0.01024	0.01169	0.00880	0.01337	0.00862	0.00699	0.01694	0.15661	0.01904	0.01230	0.01326	0.00989	0.00476	0.00440	0.00103	0.00416	0.00386	0.00374	0.67839

[dist]
# distance from previous block
# <min> <max>
11	24

[block]
# block no. 8 follows, 43 sequences, length 20
# corresponding to MSA columns:
# 895-914
name=unknown_I
#
# <colnr> <probs for GDERKNQSTAVLIFYWHMCP>
#	G	D	E	R	K	N	Q	S	T	A	V	L	I	F	Y	W	H	M	C	P
0	0.31275	0.01276	0.03682	0.01026	0.01391	0.06844	0.03756	0.14607	0.01409	0.12058	0.01247	0.05197	0.00986	0.00642	0.00516	0.00167	0.03450	0.00471	0.03685	0.06316
1	0.15679	0.01042	0.01230	0.01170	0.11086	0.00973	0.00803	0.08930	0.01320	0.03871	0.09114	0.01558	0.01317	0.02798	0.00528	0.00141	0.00455	0.00452	0.00385	0.37149
2	0.04452	0.06265	0.01138	0.00846	0.01163	0.00924	0.00677	0.07182	0.10739	0.03519	0.27912	0.02505	0.06052	0.00785	0.00533	0.00147	0.00385	0.00655	0.00483	0.23638
3	0.19496	0.00999	0.01212	0.01078	0.01210	0.01250	0.00869	0.07352	0.01030	0.01740	0.01119	0.06727	0.01079	0.03670	0.15467	0.03629	0.30626	0.00547	0.00321	0.00580
4	0.13984	0.01054	0.01285	0.01127	0.06442	0.01040	0.00846	0.13306	0.03617	0.42636	0.01746	0.01722	0.01204	0.04656	0.00635	0.00188	0.00496	0.00520	0.02651	0.00846
5	0.00973	0.00694	0.00917	0.00879	0.01047	0.00667	0.03560	0.06488	0.01387	0.05458	0.19519	0.16027	0.14798	0.06623	0.00822	0.00228	0.00414	0.18428	0.00524	0.00547
6	0.01481	0.80869	0.02902	0.00948	0.01421	0.02191	0.00948	0.01658	0.01125	0.01303	0.00770	0.00888	0.00711	0.00474	0.00355	0.00118	0.00592	0.00296	0.00237	0.00711
7	0.01208	0.06175	0.01089	0.00911	0.01144	0.00876	0.00759	0.12100	0.02727	0.08822	0.13009	0.06786	0.13716	0.01146	0.00637	0.00197	0.00441	0.24132	0.03502	0.00625
8	0.00850	0.00543	0.00767	0.00767	0.00810	0.00586	0.00538	0.00858	0.00815	0.01129	0.01376	0.02363	0.01398	0.21736	0.35416	0.27850	0.00930	0.00608	0.00288	0.00374
9	0.16463	0.01131	0.01308	0.01020	0.01438	0.01135	0.00843	0.22388	0.01754	0.44315	0.01708	0.01564	0.01121	0.00650	0.00519	0.00170	0.00502	0.00497	0.00591	0.00883
10	0.00733	0.00508	0.00631	0.00700	0.00723	0.00488	0.00441	0.00796	0.00976	0.01307	0.05470	0.45783	0.03050	0.33979	0.01570	0.00351	0.00407	0.01237	0.00445	0.00406
11	0.25824	0.01091	0.01220	0.00965	0.01372	0.01103	0.00797	0.15738	0.01589	0.42442	0.01624	0.01501	0.01072	0.00633	0.00495	0.00170	0.00484	0.00473	0.00563	0.00845
12	0.01067	0.00810	0.03481	0.05608	0.01255	0.00758	0.07290	0.03395	0.06345	0.04768	0.14958	0.05181	0.11135	0.00838	0.00536	0.00163	0.00401	0.00727	0.30687	0.00597
13	0.00786	0.00574	0.00718	0.00785	0.00868	0.00565	0.00548	0.01076	0.09278	0.01671	0.14517	0.55809	0.03583	0.01479	0.00667	0.00208	0.00321	0.01328	0.04708	0.00511
14	0.00925	0.00605	0.00737	0.00741	0.00900	0.00547	0.00570	0.01091	0.01267	0.09633	0.11922	0.14665	0.30589	0.08183	0.00859	0.00232	0.00371	0.15118	0.00527	0.00519
15	0.09669	0.01212	0.11733	0.09535	0.01727	0.01037	0.07660	0.09944	0.01301	0.06996	0.03796	0.02150	0.09796	0.07188	0.11468	0.00301	0.00717	0.00605	0.00379	0.02785
16	0.01171	0.08778	0.09316	0.05100	0.04469	0.03327	0.01026	0.06029	0.03911	0.04034	0.03972	0.01792	0.01245	0.04895	0.28743	0.00447	0.10247	0.00534	0.00326	0.00639
17	0.01037	0.00622	0.00772	0.00726	0.00892	0.00584	0.00544	0.01256	0.02987	0.12813	0.23626	0.11005	0.16922	0.07154	0.08466	0.00274	0.00446	0.00915	0.08402	0.00558
18	0.00827	0.00593	0.00783	0.00769	0.00813	0.00654	0.00535	0.00912	0.00875	0.01222	0.05368	0.02877	0.01819	0.39306	0.31755	0.04460	0.04988	0.00702	0.00325	0.00416
19	0.06426	0.07092	0.05467	0.03268	0.01663	0.26095	0.03125	0.11464	0.08019	0.07250	0.01168	0.01315	0.00916	0.00855	0.05488	0.00212	0.08641	0.00448	0.00366	0.00724

[dist]
# distance from previous block
# <min> <max>
2	20

[block]
# block no. 9 follows, 43 sequences, length 14
# corresponding to MSA columns:
# 935-948
name=unknown_J
#
# <colnr> <probs for GDERKNQSTAVLIFYWHMCP>
#	G	D	E	R	K	N	Q	S	T	A	V	L	I	F	Y	W	H	M	C	P
0	0.00878	0.00666	0.00790	0.00732	0.00931	0.00601	0.00549	0.01184	0.07191	0.04038	0.30855	0.14893	0.21685	0.01152	0.00620	0.00174	0.00314	0.00998	0.00535	0.11215
1	0.01225	0.01030	0.01190	0.00857	0.01345	0.00817	0.00688	0.07340	0.01266	0.01940	0.01012	0.01163	0.00830	0.00431	0.00422	0.00089	0.00426	0.00342	0.00346	0.77241
2	0.09989	0.01266	0.04960	0.14690	0.04211	0.01285	0.07429	0.20005	0.03279	0.05248	0.01223	0.05071	0.00984	0.00640	0.00610	0.00169	0.05764	0.00518	0.00385	0.12272
3	0.12214	0.01317	0.10812	0.01247	0.04727	0.02949	0.07951	0.04298	0.04506	0.27592	0.01540	0.05205	0.01142	0.00629	0.00522	0.00164	0.00561	0.00527	0.00458	0.11640
4	0.00683	0.00496	0.00630	0.00732	0.00781	0.00459	0.00489	0.00777	0.01065	0.01397	0.03263	0.65027	0.12495	0.07855	0.00866	0.00245	0.00333	0.01465	0.00500	0.00443
5	0.09970	0.01336	0.08451	0.15190	0.05313	0.01290	0.13084	0.10469	0.06452	0.13247	0.03069	0.01516	0.01031	0.00621	0.00642	0.00182	0.06455	0.00522	0.00393	0.00765
6	0.04047	0.01251	0.01629	0.01920	0.28848	0.03106	0.01167	0.17319	0.15810	0.03834	0.08511	0.01918	0.01536	0.00681	0.00559	0.00171	0.00553	0.03303	0.00441	0.03394
7	0.01302	0.00825	0.01277	0.01061	0.01308	0.00804	0.11031	0.01538	0.03560	0.19669	0.12630	0.04146	0.09755	0.02993	0.12642	0.08142	0.03701	0.02524	0.00465	0.00626
8	0.00950	0.00702	0.00982	0.00891	0.01055	0.00694	0.06557	0.02848	0.05989	0.05069	0.18183	0.17247	0.09937	0.10876	0.11747	0.00327	0.00560	0.00940	0.03902	0.00546
9	0.01306	0.01212	0.01893	0.28064	0.18402	0.05047	0.12281	0.07328	0.01330	0.03963	0.01272	0.06153	0.01089	0.00643	0.00576	0.00177	0.00696	0.03571	0.00326	0.04670
10	0.01187	0.01082	0.01749	0.51284	0.20821	0.01250	0.01487	0.07221	0.01258	0.01670	0.01128	0.05361	0.00933	0.00607	0.00560	0.00180	0.00688	0.00547	0.00290	0.00694
11	0.01447	0.00775	0.01006	0.00948	0.01175	0.00746	0.00763	0.07280	0.03724	0.25328	0.02536	0.22658	0.02445	0.01189	0.00647	0.00207	0.00445	0.21750	0.04258	0.00674
12	0.03293	0.00926	0.01333	0.04472	0.07936	0.00934	0.10425	0.05154	0.12456	0.04257	0.12547	0.11302	0.15404	0.00970	0.00613	0.00186	0.00476	0.03616	0.03044	0.00656
13	0.05557	0.31805	0.04877	0.01135	0.01516	0.10127	0.01010	0.11115	0.12240	0.05600	0.01140	0.01221	0.00911	0.00615	0.00595	0.00157	0.08854	0.00413	0.00357	0.00756

[dist]
# distance from previous block
# <min> <max>
1	4

[block]
# block no. 10 follows, 43 sequences, length 6
# corresponding to MSA columns:
# 953-958
name=unknown_K
#
# <colnr> <probs for GDERKNQSTAVLIFYWHMCP>
#	G	D	E	R	K	N	Q	S	T	A	V	L	I	F	Y	W	H	M	C	P
0	0.13197	0.06260	0.01495	0.05858	0.10745	0.07574	0.00992	0.17179	0.12207	0.08879	0.03432	0.07157	0.01295	0.00701	0.00522	0.00171	0.00562	0.00560	0.00443	0.00773
1	0.07346	0.08181	0.01714	0.25263	0.18115	0.01332	0.01255	0.15003	0.01418	0.01970	0.01305	0.05420	0.01159	0.00698	0.00547	0.00179	0.00621	0.07401	0.00352	0.00720
2	0.01247	0.00979	0.01609	0.68288	0.03479	0.01172	0.01437	0.01594	0.01174	0.12029	0.01152	0.01534	0.00827	0.00572	0.00554	0.00183	0.00701	0.00501	0.00307	0.00661
3	0.01234	0.00937	0.01098	0.00836	0.01254	0.00758	0.00662	0.06011	0.01277	0.07996	0.01674	0.08313	0.07600	0.00646	0.00477	0.00116	0.00409	0.00535	0.00403	0.57762
4	0.01669	0.05583	0.01641	0.26509	0.02328	0.11916	0.01170	0.24096	0.10118	0.07628	0.01290	0.01432	0.00948	0.00617	0.00537	0.00169	0.00674	0.00485	0.00412	0.00776
5	0.01132	0.00771	0.00939	0.00807	0.01097	0.00647	0.00630	0.01331	0.01179	0.09845	0.02003	0.13515	0.05092	0.07352	0.00722	0.00181	0.00411	0.10810	0.06624	0.34911

[dist]
# distance from previous block
# <min> <max>
5	8

[block]
# block no. 11 follows, 43 sequences, length 6
# corresponding to MSA columns:
# 968-973
name=unknown_L
#
# <colnr> <probs for GDERKNQSTAVLIFYWHMCP>
#	G	D	E	R	K	N	Q	S	T	A	V	L	I	F	Y	W	H	M	C	P
0	0.04970	0.01090	0.01235	0.03358	0.01426	0.02999	0.00785	0.16767	0.03526	0.13586	0.11487	0.01719	0.01531	0.00623	0.00502	0.00136	0.00467	0.00501	0.00469	0.32821
1	0.00901	0.00635	0.00823	0.00809	0.00922	0.00661	0.00599	0.05741	0.01146	0.03554	0.10471	0.14072	0.07471	0.17144	0.28438	0.00506	0.00793	0.04390	0.00422	0.00501
2	0.00981	0.00674	0.00747	0.00694	0.00754	0.00696	0.00432	0.10850	0.01048	0.01400	0.01689	0.03315	0.01869	0.69757	0.02513	0.00487	0.00547	0.00764	0.00365	0.00417
3	0.01485	0.25757	0.10950	0.08304	0.16921	0.09732	0.04815	0.06401	0.03368	0.03964	0.01029	0.01227	0.00828	0.00609	0.02238	0.00170	0.00716	0.00425	0.00296	0.00764
4	0.05839	0.01267	0.01508	0.01329	0.05125	0.04024	0.05274	0.19906	0.21642	0.02259	0.01501	0.05253	0.01231	0.00961	0.05720	0.00228	0.11272	0.00573	0.00436	0.04652
5	0.07421	0.05571	0.05076	0.06284	0.03492	0.01011	0.02670	0.03248	0.01165	0.04639	0.01133	0.06267	0.00989	0.00574	0.00536	0.00131	0.05039	0.00453	0.00337	0.43962

[dist]
# distance from previous block
# <min> <max>
4	8

[block]
# block no. 12 follows, 43 sequences, length 23
# corresponding to MSA columns:
# 983-1005
name=unknown_M
#
# <colnr> <probs for GDERKNQSTAVLIFYWHMCP>
#	G	D	E	R	K	N	Q	S	T	A	V	L	I	F	Y	W	H	M	C	P
0	0.00883	0.00815	0.03588	0.01151	0.01365	0.00726	0.14867	0.01131	0.01218	0.01592	0.02964	0.25010	0.13888	0.01333	0.00704	0.00221	0.00515	0.27026	0.00460	0.00542
1	0.02432	0.12855	0.13247	0.03633	0.06638	0.05736	0.07394	0.10754	0.05029	0.03036	0.06837	0.08390	0.01561	0.07335	0.00737	0.00201	0.00625	0.02483	0.00375	0.00702
2	0.03810	0.00999	0.03897	0.01230	0.07544	0.00946	0.10505	0.10983	0.01256	0.10066	0.02547	0.02508	0.01510	0.37967	0.01620	0.00343	0.00604	0.00666	0.00391	0.00607
3	0.00707	0.00496	0.00628	0.00726	0.00786	0.00460	0.00495	0.00827	0.01109	0.01508	0.06097	0.63212	0.10894	0.01588	0.00673	0.00211	0.00310	0.01424	0.07392	0.00460
4	0.13840	0.16665	0.32394	0.01394	0.01984	0.01480	0.11774	0.08272	0.01278	0.01935	0.01032	0.01307	0.00812	0.00552	0.00495	0.00168	0.00705	0.02861	0.00295	0.00756
5	0.01370	0.10990	0.31298	0.01647	0.08239	0.16909	0.09532	0.01789	0.02963	0.01612	0.01110	0.06104	0.00943	0.00611	0.00560	0.00168	0.02635	0.00499	0.00278	0.00741
6	0.00721	0.00539	0.00706	0.00831	0.03874	0.00501	0.00540	0.00845	0.01135	0.01510	0.11546	0.53826	0.13050	0.06645	0.00824	0.00232	0.00337	0.01364	0.00504	0.00470
7	0.01942	0.01279	0.01512	0.01188	0.01600	0.07510	0.06420	0.22020	0.04238	0.28138	0.01679	0.01880	0.01243	0.00687	0.00557	0.00165	0.00581	0.06025	0.00526	0.10811
8	0.01098	0.00720	0.00847	0.00780	0.00990	0.00684	0.00594	0.05521	0.08546	0.12544	0.21717	0.15159	0.26264	0.01181	0.00634	0.00186	0.00342	0.01013	0.00569	0.00611
9	0.01300	0.01228	0.02079	0.02508	0.41306	0.01235	0.14555	0.04554	0.08967	0.01881	0.01494	0.06835	0.01347	0.00696	0.00599	0.00183	0.00648	0.07439	0.00353	0.00795
10	0.02949	0.07003	0.07415	0.01195	0.01672	0.04457	0.06007	0.25934	0.06560	0.08601	0.01266	0.01325	0.00939	0.00564	0.00504	0.00144	0.00586	0.00449	0.00429	0.22002
11	0.01228	0.07394	0.01201	0.00881	0.01179	0.00991	0.00699	0.19619	0.01579	0.02169	0.18429	0.11038	0.06946	0.05845	0.00694	0.00177	0.00432	0.00738	0.00472	0.18288
12	0.11964	0.20368	0.31409	0.01332	0.06861	0.01432	0.01343	0.01822	0.05826	0.07711	0.01119	0.01295	0.00870	0.03776	0.00562	0.00176	0.00643	0.00416	0.00311	0.00763
13	0.03225	0.13512	0.50639	0.01574	0.02277	0.01416	0.13765	0.01772	0.01194	0.04192	0.01017	0.01200	0.00745	0.00514	0.00520	0.00169	0.00785	0.00436	0.00259	0.00790
14	0.01281	0.01244	0.02203	0.13025	0.51817	0.01264	0.11911	0.01612	0.01216	0.01703	0.01093	0.01555	0.00931	0.05932	0.00718	0.00196	0.00699	0.00537	0.00275	0.00788
15	0.08014	0.00822	0.03959	0.00812	0.01056	0.00732	0.00664	0.05038	0.04337	0.12805	0.22202	0.11298	0.20671	0.01098	0.00611	0.00186	0.00374	0.04164	0.00542	0.00615
16	0.04765	0.06625	0.20315	0.05624	0.01788	0.01129	0.03338	0.04417	0.07559	0.24115	0.03617	0.01857	0.01281	0.00782	0.03123	0.00197	0.00622	0.04605	0.00442	0.03798
17	0.00795	0.00539	0.00635	0.00640	0.00658	0.00541	0.00383	0.00832	0.00879	0.01187	0.06904	0.08348	0.02292	0.65080	0.07621	0.00517	0.00568	0.00853	0.00363	0.00366
18	0.00815	0.00552	0.00773	0.00777	0.00841	0.00591	0.00559	0.00890	0.00911	0.01264	0.06774	0.06965	0.04519	0.16113	0.38095	0.17166	0.00934	0.00711	0.00333	0.00416
19	0.03396	0.01584	0.05462	0.13968	0.25697	0.12727	0.20446	0.06744	0.01375	0.01801	0.01037	0.01341	0.00813	0.00521	0.00564	0.00171	0.00790	0.00507	0.00292	0.00765
20	0.01582	0.11356	0.13290	0.07929	0.12033	0.14195	0.04296	0.16924	0.09443	0.02029	0.01157	0.01300	0.00890	0.00575	0.00521	0.00162	0.00715	0.00456	0.00351	0.00796
21	0.00764	0.07134	0.00822	0.00770	0.00845	0.00598	0.00542	0.00877	0.01072	0.01445	0.02786	0.68745	0.03279	0.01563	0.00658	0.00210	0.00340	0.01403	0.05674	0.00476
22	0.09473	0.06770	0.12849	0.04411	0.01566	0.06806	0.05581	0.05371	0.02757	0.04667	0.10352	0.03478	0.01481	0.00659	0.00536	0.00158	0.02938	0.00527	0.11529	0.08092

[dist]
# distance from previous block
# <min> <max>
3	20

[block]
# block no. 13 follows, 43 sequences, length 23
# corresponding to MSA columns:
# 1026-1048
name=unknown_N
#
# <colnr> <probs for GDERKNQSTAVLIFYWHMCP>
#	G	D	E	R	K	N	Q	S	T	A	V	L	I	F	Y	W	H	M	C	P
0	0.00738	0.00561	0.00673	0.00738	0.00830	0.00532	0.00516	0.00947	0.06145	0.01502	0.05822	0.45903	0.21073	0.07687	0.00849	0.00237	0.00341	0.03919	0.00506	0.00478
1	0.01227	0.06384	0.01248	0.00875	0.01278	0.02898	0.00696	0.07391	0.03418	0.01815	0.01190	0.06570	0.01078	0.02851	0.00617	0.05126	0.00456	0.00455	0.00354	0.54073
2	0.01251	0.05518	0.22219	0.19903	0.13461	0.01314	0.06333	0.07369	0.04288	0.01813	0.01133	0.01385	0.01897	0.00551	0.00553	0.00167	0.02038	0.00472	0.00296	0.08039
3	0.08777	0.05749	0.09063	0.04227	0.01541	0.18787	0.00977	0.05889	0.01353	0.07518	0.06984	0.01480	0.01194	0.00630	0.00577	0.00154	0.06324	0.00453	0.07998	0.10324
4	0.00980	0.00667	0.00789	0.00747	0.00915	0.00639	0.00557	0.02467	0.08460	0.08402	0.24349	0.08998	0.21751	0.12789	0.00961	0.00239	0.00365	0.04837	0.00535	0.00553
5	0.18187	0.00973	0.01030	0.00865	0.01191	0.04724	0.00694	0.02092	0.07170	0.34540	0.05665	0.02024	0.06469	0.00716	0.00502	0.00167	0.00436	0.00559	0.11250	0.00747
6	0.00948	0.00839	0.06161	0.01150	0.09609	0.00694	0.03460	0.01187	0.01337	0.04957	0.32759	0.15758	0.08954	0.01154	0.00718	0.04354	0.00410	0.04483	0.00492	0.00577
7	0.00986	0.01001	0.07109	0.01100	0.01192	0.01099	0.00919	0.01141	0.00875	0.01291	0.01207	0.02056	0.01219	0.20549	0.24262	0.00495	0.32105	0.00586	0.00279	0.00526
8	0.01311	0.01245	0.02116	0.06660	0.67828	0.01264	0.01614	0.01631	0.01225	0.01751	0.01073	0.01438	0.00910	0.00781	0.06594	0.00222	0.00726	0.00501	0.00275	0.00836
9	0.00696	0.00540	0.00634	0.00657	0.00786	0.00478	0.00475	0.00858	0.01291	0.01675	0.24734	0.25843	0.36509	0.01420	0.00669	0.00194	0.00287	0.01235	0.00541	0.00478
10	0.00698	0.00496	0.00656	0.00776	0.00812	0.00468	0.00527	0.00798	0.01057	0.01407	0.02957	0.70213	0.03521	0.07008	0.00852	0.00248	0.00348	0.06210	0.00502	0.00446
11	0.01142	0.00984	0.01182	0.05938	0.01476	0.00770	0.00714	0.01396	0.01146	0.01779	0.00984	0.01170	0.00815	0.00420	0.00420	0.00089	0.00432	0.00339	0.00323	0.78483
12	0.01391	0.00975	0.06181	0.05684	0.03470	0.03957	0.00851	0.01672	0.05146	0.24334	0.02621	0.25303	0.10394	0.01088	0.00617	0.00193	0.00473	0.04454	0.00517	0.00679
13	0.00716	0.00520	0.00670	0.00774	0.00838	0.00488	0.00551	0.00836	0.01101	0.01439	0.03251	0.54136	0.12269	0.07058	0.00854	0.00247	0.00361	0.12934	0.00501	0.00454
14	0.01200	0.01022	0.01684	0.05942	0.28020	0.01009	0.10119	0.04502	0.01375	0.05642	0.15858	0.07836	0.06088	0.00842	0.00615	0.00183	0.00556	0.06382	0.00416	0.00708
15	0.03751	0.11745	0.01833	0.04503	0.01778	0.16247	0.10180	0.12667	0.03524	0.21833	0.01450	0.01661	0.01095	0.00645	0.00538	0.00166	0.00678	0.04482	0.00442	0.00783
16	0.05921	0.04766	0.07126	0.00997	0.01328	0.01115	0.00858	0.11873	0.21068	0.09111	0.18283	0.02427	0.06933	0.00990	0.04563	0.00211	0.00506	0.00667	0.00514	0.00741
17	0.00724	0.00541	0.00663	0.00678	0.00790	0.00491	0.00486	0.00899	0.01321	0.01773	0.36100	0.24286	0.22446	0.05310	0.00775	0.00209	0.00295	0.01183	0.00547	0.00481
