[name]
unknown

[dist]
# distance from previous block
# <min> <max>
0	154

[block]
# block no. 0 follows, 40 sequences, length 35
# corresponding to MSA columns:
# 167-201
name=unknown_A
#
# <colnr> <probs for GDERKNQSTAVLIFYWHMCP>
#	G	D	E	R	K	N	Q	S	T	A	V	L	I	F	Y	W	H	M	C	P
0	0.01083	0.04024	0.05755	0.01009	0.01226	0.00933	0.00852	0.01362	0.03545	0.06060	0.11253	0.02453	0.01904	0.06694	0.32002	0.00510	0.08694	0.02970	0.00388	0.07283
1	0.03659	0.00826	0.03305	0.00858	0.01046	0.00790	0.00662	0.03807	0.14818	0.02098	0.32794	0.14745	0.08247	0.08686	0.00877	0.00230	0.00383	0.00999	0.00559	0.00610
2	0.01616	0.35466	0.15969	0.01336	0.06742	0.01630	0.03517	0.01982	0.04224	0.15453	0.05801	0.01492	0.01220	0.00604	0.00497	0.00158	0.00630	0.00468	0.00377	0.00820
3	0.56583	0.05591	0.02741	0.00869	0.01207	0.04288	0.00726	0.01730	0.04386	0.04696	0.01251	0.09097	0.01133	0.00721	0.00442	0.00185	0.00486	0.02825	0.00394	0.00649
4	0.06039	0.04187	0.00855	0.00768	0.00881	0.00704	0.00550	0.01121	0.01109	0.05698	0.09411	0.11787	0.05502	0.37015	0.01707	0.00372	0.00489	0.10870	0.00449	0.00485
5	0.08615	0.64304	0.07738	0.01012	0.01501	0.02068	0.01021	0.01704	0.01165	0.01513	0.00932	0.04457	0.00874	0.00564	0.00401	0.00138	0.00610	0.00379	0.00271	0.00732
6	0.10588	0.01105	0.01301	0.01015	0.01433	0.01063	0.00826	0.16647	0.02831	0.36029	0.06073	0.01850	0.01450	0.03245	0.00623	0.00179	0.00499	0.00549	0.00585	0.12110
7	0.01296	0.24243	0.54557	0.01471	0.02218	0.03327	0.01807	0.01825	0.01224	0.01701	0.00975	0.01142	0.00740	0.00538	0.00502	0.00167	0.00798	0.00396	0.00248	0.00824
8	0.07095	0.01569	0.08644	0.01679	0.02171	0.01494	0.27404	0.13642	0.25498	0.02382	0.01563	0.01665	0.01160	0.00629	0.00605	0.00191	0.00711	0.00604	0.00437	0.00857
9	0.00715	0.00577	0.00636	0.00649	0.00809	0.00498	0.00476	0.00877	0.01349	0.01692	0.17814	0.16854	0.52065	0.01477	0.00696	0.00200	0.00298	0.01263	0.00558	0.00498
10	0.00996	0.00512	0.00759	0.00759	0.00763	0.00517	0.00507	0.00773	0.00769	0.01029	0.01069	0.01880	0.01077	0.05586	0.05305	0.76098	0.00550	0.00525	0.00259	0.00268
11	0.13286	0.02020	0.32335	0.01519	0.02147	0.01361	0.12863	0.12880	0.01506	0.12774	0.01262	0.01373	0.00882	0.00587	0.00555	0.00183	0.00735	0.00490	0.00387	0.00853
12	0.01338	0.01618	0.08026	0.02332	0.02916	0.01424	0.65645	0.01829	0.01362	0.01855	0.01261	0.01790	0.00993	0.00549	0.00683	0.00199	0.00951	0.04150	0.00303	0.00777
13	0.00762	0.00535	0.00676	0.00749	0.00829	0.00496	0.00521	0.00918	0.01251	0.01724	0.18080	0.50187	0.10902	0.01560	0.00696	0.00213	0.00315	0.01393	0.07696	0.00496
14	0.01327	0.26457	0.16141	0.22209	0.11480	0.01653	0.09676	0.01710	0.01224	0.01606	0.00988	0.01284	0.00789	0.00532	0.00521	0.00168	0.00755	0.00455	0.00261	0.00766
15	0.00769	0.00572	0.00768	0.00877	0.00926	0.00571	0.00629	0.00894	0.01136	0.01515	0.03132	0.63333	0.05736	0.01739	0.00814	0.00240	0.04737	0.10599	0.00523	0.00490
16	0.01270	0.01231	0.05742	0.18800	0.04484	0.01192	0.25936	0.01626	0.01284	0.07840	0.04848	0.12458	0.01574	0.00815	0.00739	0.00204	0.06008	0.02871	0.00372	0.00707
17	0.12633	0.02363	0.01522	0.01367	0.01686	0.56629	0.01041	0.06322	0.07978	0.01789	0.01043	0.01152	0.00836	0.00614	0.00512	0.00159	0.00897	0.00400	0.00349	0.00707
18	0.14500	0.04645	0.16535	0.10486	0.12384	0.03681	0.01266	0.01802	0.03704	0.09462	0.12251	0.01801	0.01565	0.00664	0.00541	0.00177	0.00609	0.00541	0.00393	0.02993
19	0.11295	0.05903	0.01356	0.00941	0.01415	0.01023	0.00777	0.06827	0.01415	0.23582	0.01383	0.01395	0.01003	0.00549	0.00474	0.00132	0.00477	0.00421	0.00465	0.39166
20	0.05935	0.00696	0.00877	0.07554	0.01226	0.00726	0.00693	0.01249	0.09813	0.01818	0.15441	0.43948	0.03417	0.01400	0.00679	0.00216	0.00390	0.02831	0.00528	0.00564
21	0.08392	0.05917	0.10328	0.03151	0.01468	0.00937	0.06101	0.01538	0.01327	0.13437	0.12312	0.18936	0.08260	0.01052	0.00622	0.00197	0.00507	0.04359	0.00487	0.00672
22	0.09602	0.02412	0.06389	0.20149	0.28591	0.02506	0.01439	0.03598	0.06097	0.03747	0.01171	0.01487	0.00930	0.00585	0.00581	0.00178	0.02769	0.01274	0.00329	0.06167
23	0.01237	0.06997	0.20038	0.01354	0.05778	0.01206	0.03010	0.06366	0.01216	0.04612	0.01523	0.05496	0.03670	0.10156	0.07922	0.04944	0.10526	0.02928	0.00342	0.00677
24	0.01074	0.00707	0.00949	0.07584	0.01296	0.00701	0.00755	0.01383	0.06109	0.10562	0.19710	0.26044	0.06987	0.01321	0.00694	0.00214	0.00416	0.12326	0.00562	0.00605
25	0.15172	0.01425	0.10341	0.06174	0.23990	0.02300	0.01301	0.04613	0.11592	0.05251	0.05884	0.03733	0.01337	0.00679	0.00603	0.00185	0.03664	0.00557	0.00392	0.00806
26	0.03456	0.03456	0.10937	0.11750	0.37203	0.01338	0.10697	0.01885	0.01328	0.10569	0.01218	0.01483	0.00927	0.00550	0.00578	0.00179	0.00727	0.00527	0.00332	0.00860
27	0.01559	0.01070	0.01542	0.20800	0.02177	0.01156	0.06110	0.10311	0.09192	0.17988	0.05548	0.04809	0.01637	0.00994	0.04453	0.00234	0.02725	0.06438	0.00486	0.00772
28	0.00925	0.00989	0.09736	0.00992	0.04133	0.00779	0.00809	0.01387	0.11945	0.01947	0.24379	0.14578	0.22756	0.01196	0.00661	0.00196	0.00401	0.01034	0.00532	0.00627
29	0.01319	0.06678	0.08429	0.22878	0.27839	0.01379	0.01516	0.01767	0.07160	0.04173	0.01294	0.05835	0.01094	0.00669	0.00654	0.00187	0.05445	0.00572	0.00324	0.00789
30	0.03584	0.04949	0.01758	0.14882	0.17276	0.01227	0.06934	0.06602	0.08647	0.07935	0.02677	0.08404	0.01371	0.01025	0.05381	0.04873	0.00682	0.00648	0.00395	0.00750
31	0.00873	0.00557	0.00713	0.00777	0.00839	0.00523	0.00517	0.00967	0.01116	0.06518	0.05775	0.52115	0.04967	0.19450	0.01234	0.00304	0.00396	0.01363	0.00513	0.00484
32	0.04903	0.01561	0.16729	0.05364	0.01849	0.05760	0.06536	0.11032	0.06504	0.09403	0.03565	0.14395	0.01655	0.00884	0.00651	0.00196	0.03248	0.03524	0.01481	0.00761
33	0.01479	0.01387	0.08228	0.07211	0.40353	0.01255	0.06179	0.03671	0.04953	0.10285	0.01479	0.08277	0.01250	0.00677	0.00598	0.00184	0.00663	0.00634	0.00376	0.00861
34	0.08798	0.04290	0.01836	0.09339	0.10961	0.14076	0.09633	0.08733	0.05169	0.09866	0.01456	0.04056	0.03478	0.00689	0.00641	0.00182	0.05064	0.00562	0.00396	0.00774

[dist]
# distance from previous block
# <min> <max>
4	26

[block]
# block no. 1 follows, 40 sequences, length 6
# corresponding to MSA columns:
# 228-233
name=unknown_B
#
# <colnr> <probs for GDERKNQSTAVLIFYWHMCP>
#	G	D	E	R	K	N	Q	S	T	A	V	L	I	F	Y	W	H	M	C	P
0	0.01616	0.23895	0.28754	0.01421	0.05859	0.06774	0.01428	0.06457	0.01420	0.12409	0.03930	0.01377	0.01041	0.00595	0.00513	0.00163	0.00710	0.00448	0.00355	0.00833
1	0.04438	0.12046	0.21963	0.03454	0.04249	0.03772	0.07743	0.08389	0.06362	0.10348	0.01681	0.06163	0.05462	0.00715	0.00562	0.00179	0.00672	0.00595	0.00399	0.00807
2	0.08707	0.14165	0.29804	0.01439	0.04801	0.01457	0.05460	0.06123	0.05181	0.09760	0.04658	0.01467	0.01106	0.00618	0.00567	0.00176	0.02838	0.00483	0.00366	0.00824
3	0.06771	0.13477	0.19570	0.05736	0.07017	0.09040	0.03007	0.05306	0.01435	0.15381	0.06741	0.01563	0.01241	0.00630	0.00534	0.00170	0.00685	0.00495	0.00394	0.00807
4	0.08940	0.17716	0.26307	0.01261	0.01809	0.01435	0.03812	0.07422	0.01352	0.06793	0.01480	0.01817	0.04998	0.00688	0.00560	0.00174	0.02627	0.05395	0.00357	0.05058
5	0.09322	0.15523	0.24551	0.01599	0.08275	0.09360	0.08093	0.07035	0.01388	0.05591	0.01135	0.03583	0.00905	0.00595	0.00524	0.00171	0.00747	0.00475	0.00327	0.00801

[dist]
# distance from previous block
# <min> <max>
38	99

[block]
# block no. 2 follows, 40 sequences, length 9
# corresponding to MSA columns:
# 356-364
name=unknown_C
#
# <colnr> <probs for GDERKNQSTAVLIFYWHMCP>
#	G	D	E	R	K	N	Q	S	T	A	V	L	I	F	Y	W	H	M	C	P
0	0.03877	0.12513	0.12361	0.01574	0.13275	0.03441	0.01238	0.19573	0.07566	0.05085	0.05365	0.04642	0.01375	0.00705	0.00553	0.00172	0.00622	0.02235	0.00428	0.03400
1	0.05302	0.10514	0.10283	0.01775	0.20373	0.03388	0.01258	0.11982	0.12015	0.04874	0.03084	0.07035	0.01319	0.00698	0.00551	0.00174	0.00609	0.00581	0.00410	0.03774
2	0.01620	0.08787	0.15685	0.02109	0.27687	0.09215	0.01475	0.08374	0.07061	0.08173	0.01323	0.03633	0.01052	0.00621	0.00555	0.00173	0.00704	0.00518	0.00370	0.00868
3	0.03838	0.15564	0.07487	0.07305	0.21561	0.01463	0.01282	0.11573	0.05965	0.06683	0.04397	0.06045	0.01357	0.00702	0.00553	0.00175	0.00617	0.02216	0.00397	0.00821
4	0.05196	0.11883	0.09519	0.03325	0.25327	0.01339	0.01274	0.08209	0.03426	0.05521	0.01567	0.09205	0.04102	0.00882	0.03848	0.00206	0.00648	0.00617	0.00374	0.03533
5	0.12824	0.06096	0.05296	0.13586	0.10273	0.02615	0.01090	0.07784	0.05974	0.07781	0.08432	0.01990	0.06090	0.00899	0.04512	0.00216	0.00622	0.00579	0.00417	0.02925
6	0.08505	0.23058	0.02181	0.06575	0.26604	0.01575	0.03653	0.04156	0.02770	0.01824	0.04034	0.06222	0.01208	0.00661	0.00588	0.00171	0.04574	0.00542	0.00326	0.00772
7	0.01384	0.06252	0.10103	0.10287	0.20237	0.01195	0.01272	0.03845	0.04491	0.06847	0.04620	0.01530	0.01140	0.00564	0.00527	0.00151	0.00598	0.00481	0.00360	0.24118
8	0.05692	0.08458	0.06791	0.01463	0.13370	0.01144	0.02817	0.01955	0.09019	0.16398	0.11095	0.02310	0.01844	0.00754	0.00570	0.00175	0.00538	0.06505	0.00471	0.08629

[dist]
# distance from previous block
# <min> <max>
0	1

[block]
# block no. 3 follows, 40 sequences, length 25
# corresponding to MSA columns:
# 366-390
name=unknown_D
#
# <colnr> <probs for GDERKNQSTAVLIFYWHMCP>
#	G	D	E	R	K	N	Q	S	T	A	V	L	I	F	Y	W	H	M	C	P
0	0.12802	0.19485	0.18218	0.03716	0.03638	0.03484	0.10716	0.02035	0.07381	0.11439	0.01243	0.01351	0.00925	0.00573	0.00511	0.00171	0.00684	0.00463	0.00361	0.00805
1	0.07175	0.08528	0.13964	0.01169	0.06852	0.03937	0.01002	0.01593	0.01383	0.10210	0.17868	0.02687	0.14737	0.00851	0.00571	0.00172	0.00515	0.00697	0.00453	0.05637
2	0.02920	0.01056	0.07092	0.01071	0.01363	0.00943	0.00921	0.05999	0.16077	0.14862	0.06599	0.16615	0.03677	0.01147	0.00663	0.00214	0.00491	0.16994	0.00561	0.00733
3	0.01381	0.09036	0.47257	0.10937	0.02480	0.11331	0.01794	0.05975	0.01357	0.01808	0.01024	0.01229	0.00758	0.00566	0.00539	0.00175	0.00842	0.00429	0.00274	0.00807
4	0.01588	0.68755	0.02821	0.01031	0.01512	0.08675	0.00989	0.01776	0.01223	0.01403	0.00829	0.00958	0.00753	0.00502	0.00389	0.00124	0.00648	0.00318	0.00259	0.05446
5	0.49219	0.07681	0.01354	0.07358	0.10831	0.01378	0.00933	0.05797	0.01187	0.02324	0.01063	0.01492	0.00908	0.00624	0.00451	0.00182	0.00537	0.05631	0.00359	0.00691
6	0.00844	0.00566	0.00644	0.00641	0.00650	0.00563	0.00366	0.00863	0.00901	0.01210	0.06895	0.03842	0.02346	0.74186	0.02804	0.00538	0.00544	0.00860	0.00372	0.00366
7	0.00846	0.00564	0.00634	0.00634	0.00634	0.00564	0.00352	0.00846	0.00846	0.01128	0.01832	0.03805	0.02114	0.79563	0.02960	0.00564	0.00564	0.00846	0.00352	0.00352
8	0.01628	0.57295	0.02678	0.01234	0.06644	0.02099	0.01058	0.11736	0.07518	0.01807	0.01038	0.01134	0.00877	0.00551	0.00434	0.00141	0.00616	0.00383	0.00325	0.00806
9	0.01013	0.00558	0.00769	0.00772	0.00834	0.00532	0.00529	0.00969	0.01028	0.06820	0.09920	0.20530	0.04463	0.08205	0.01628	0.39284	0.00439	0.00889	0.00413	0.00406
10	0.01741	0.38621	0.04294	0.01204	0.01620	0.14277	0.05168	0.01950	0.01329	0.13619	0.01233	0.05867	0.01053	0.00660	0.00563	0.00157	0.05048	0.00482	0.00354	0.00756
11	0.07860	0.26752	0.47683	0.01381	0.02088	0.01642	0.01669	0.01800	0.01194	0.01756	0.00952	0.01114	0.00731	0.00534	0.00481	0.00165	0.00753	0.00384	0.00256	0.00806
12	0.00937	0.00669	0.00937	0.01071	0.01205	0.00669	0.00937	0.01205	0.01339	0.01740	0.03079	0.06560	0.03347	0.01606	0.00803	0.00268	0.00535	0.72021	0.00535	0.00535
13	0.01289	0.27383	0.53253	0.01447	0.02192	0.01652	0.01783	0.01810	0.01213	0.01692	0.00969	0.01134	0.00740	0.00535	0.00496	0.00165	0.00784	0.00392	0.00247	0.00824
14	0.01467	0.10578	0.09599	0.15511	0.33500	0.01370	0.01514	0.03303	0.01324	0.09806	0.01301	0.05877	0.01081	0.00630	0.00561	0.00176	0.00672	0.00557	0.00341	0.00830
15	0.01457	0.00706	0.00892	0.00788	0.00948	0.00658	0.00549	0.01521	0.01139	0.26720	0.02053	0.03116	0.03765	0.42805	0.01994	0.07227	0.00528	0.02088	0.00478	0.00568
16	0.02130	0.00924	0.01211	0.00982	0.01354	0.00832	0.00791	0.02464	0.07680	0.54909	0.08411	0.07687	0.06193	0.00881	0.00610	0.00186	0.00452	0.00738	0.00680	0.00885
17	0.01495	0.27817	0.40379	0.01365	0.02041	0.01659	0.01583	0.07874	0.01372	0.07774	0.01096	0.01205	0.00817	0.00560	0.00499	0.00164	0.00735	0.00411	0.00312	0.00844
18	0.01297	0.13257	0.58401	0.01517	0.02276	0.01496	0.01864	0.07794	0.01357	0.01941	0.02987	0.01283	0.00883	0.00574	0.00534	0.00175	0.00794	0.00438	0.00284	0.00847
19	0.07223	0.12858	0.43877	0.01369	0.01978	0.01323	0.01606	0.01674	0.01229	0.01810	0.01454	0.02370	0.01319	0.00782	0.00570	0.00195	0.00724	0.16564	0.00320	0.00754
20	0.01187	0.02879	0.71028	0.01623	0.02443	0.01358	0.02058	0.01933	0.06634	0.01885	0.01141	0.01297	0.00813	0.00570	0.00555	0.00185	0.00830	0.00446	0.00271	0.00864
21	0.02587	0.19446	0.20660	0.06042	0.06181	0.06825	0.05480	0.01766	0.01295	0.07600	0.01469	0.06645	0.01327	0.00760	0.00563	0.00182	0.00705	0.09366	0.00349	0.00751
22	0.01331	0.24336	0.14125	0.01062	0.01468	0.02618	0.01031	0.07574	0.01359	0.06835	0.02130	0.10627	0.11593	0.02770	0.05034	0.00228	0.00634	0.04142	0.00400	0.00705
23	0.02608	0.23082	0.11739	0.01211	0.01558	0.02689	0.06049	0.02845	0.01205	0.03544	0.02947	0.15966	0.07397	0.00935	0.00782	0.00190	0.13487	0.00730	0.00357	0.00679
24	0.01467	0.25903	0.10377	0.01061	0.01500	0.01401	0.01007	0.09393	0.01422	0.08995	0.07491	0.01942	0.01487	0.03417	0.06060	0.00222	0.00646	0.04570	0.00398	0.11241

[dist]
# distance from previous block
# <min> <max>
18	130

[block]
# block no. 4 follows, 40 sequences, length 18
# corresponding to MSA columns:
# 545-562
name=unknown_E
#
# <colnr> <probs for GDERKNQSTAVLIFYWHMCP>
#	G	D	E	R	K	N	Q	S	T	A	V	L	I	F	Y	W	H	M	C	P
0	0.10546	0.18237	0.10666	0.06003	0.01690	0.01378	0.01065	0.11303	0.01491	0.17423	0.04872	0.06991	0.01445	0.00755	0.00535	0.00176	0.00579	0.03607	0.00452	0.00786
1	0.04994	0.10518	0.25564	0.01246	0.01750	0.01202	0.07318	0.06036	0.01405	0.07478	0.10359	0.05857	0.12227	0.00824	0.00582	0.00181	0.00613	0.00691	0.00411	0.00742
2	0.09442	0.20864	0.12237	0.06069	0.01747	0.13405	0.01127	0.03244	0.04240	0.09547	0.04922	0.01729	0.01251	0.00710	0.00560	0.02365	0.00671	0.04763	0.00373	0.00734
3	0.14001	0.14715	0.20712	0.01119	0.01639	0.01263	0.01147	0.02071	0.01370	0.26968	0.08219	0.01674	0.01394	0.00656	0.00517	0.00172	0.00582	0.00502	0.00459	0.00822
4	0.11926	0.03736	0.14771	0.08377	0.19362	0.01215	0.01315	0.03665	0.04467	0.14356	0.07953	0.01814	0.03259	0.00664	0.00554	0.00180	0.00605	0.00553	0.00415	0.00814
5	0.07392	0.10493	0.14221	0.04881	0.05717	0.18902	0.01242	0.02073	0.11500	0.06510	0.01248	0.01405	0.00979	0.00860	0.05295	0.00221	0.05481	0.00462	0.00352	0.00764
6	0.01411	0.04125	0.01058	0.00906	0.01166	0.00740	0.00742	0.01617	0.01405	0.24591	0.06462	0.10534	0.16639	0.03488	0.00735	0.00217	0.00449	0.19596	0.00574	0.03547
7	0.05155	0.01265	0.01669	0.05262	0.26789	0.01384	0.01242	0.06733	0.34401	0.02251	0.01795	0.02073	0.01444	0.00724	0.00588	0.00191	0.00567	0.05132	0.00460	0.00875
8	0.01421	0.05813	0.01202	0.00966	0.01181	0.00900	0.00770	0.01608	0.01153	0.23310	0.01715	0.02215	0.01438	0.10604	0.38546	0.00590	0.04871	0.00609	0.00429	0.00660
9	0.04499	0.15536	0.19082	0.01732	0.16778	0.04820	0.01399	0.11355	0.01527	0.15994	0.01279	0.01364	0.00937	0.00588	0.00528	0.00168	0.00682	0.00462	0.00393	0.00877
10	0.01596	0.70505	0.07323	0.01037	0.01553	0.02156	0.01055	0.01814	0.01214	0.05981	0.00913	0.01014	0.00788	0.00514	0.00397	0.00131	0.00628	0.00335	0.00277	0.00768
11	0.00824	0.00558	0.00654	0.00675	0.00685	0.00557	0.00399	0.00849	0.00891	0.01193	0.02031	0.15368	0.02351	0.64080	0.06060	0.00530	0.00575	0.00960	0.00379	0.00379
12	0.00856	0.00560	0.00642	0.00642	0.00642	0.00560	0.00362	0.00840	0.00840	0.01120	0.01783	0.03683	0.02048	0.74887	0.02918	0.05539	0.00560	0.00825	0.00346	0.00346
13	0.47181	0.21359	0.07054	0.00961	0.01386	0.04817	0.00890	0.03825	0.01145	0.03727	0.00877	0.01010	0.00703	0.00553	0.00435	0.00167	0.02543	0.00341	0.00332	0.00696
14	0.08915	0.26083	0.11087	0.01758	0.19215	0.06378	0.04893	0.01860	0.01277	0.06811	0.01043	0.01216	0.00837	0.00530	0.00484	0.00154	0.00675	0.00418	0.00311	0.06057
15	0.09963	0.06100	0.14119	0.11668	0.01891	0.01084	0.01081	0.01657	0.01242	0.07643	0.05657	0.01465	0.01124	0.00556	0.00489	0.00143	0.00560	0.00439	0.00359	0.32760
16	0.10121	0.22370	0.06986	0.06281	0.01768	0.12798	0.01102	0.12861	0.05934	0.04110	0.01187	0.01313	0.02412	0.00632	0.00577	0.00165	0.05637	0.00436	0.00362	0.02948
17	0.08839	0.14788	0.24832	0.05229	0.15102	0.05014	0.01448	0.03180	0.03996	0.03470	0.05141	0.04139	0.01185	0.00633	0.00526	0.00173	0.00682	0.00506	0.00328	0.00790

[dist]
# distance from previous block
# <min> <max>
3	112

[block]
# block no. 5 follows, 40 sequences, length 20
# corresponding to MSA columns:
# 697-716
name=unknown_F
#
# <colnr> <probs for GDERKNQSTAVLIFYWHMCP>
#	G	D	E	R	K	N	Q	S	T	A	V	L	I	F	Y	W	H	M	C	P
0	0.05524	0.01697	0.15066	0.02043	0.09412	0.01405	0.35068	0.09941	0.04382	0.02158	0.06434	0.01667	0.01220	0.00590	0.00621	0.00188	0.00798	0.00615	0.00357	0.00814
1	0.04772	0.01394	0.04825	0.35199	0.07413	0.04980	0.08510	0.06629	0.01466	0.07254	0.01655	0.05059	0.04896	0.00807	0.00693	0.00223	0.02343	0.00658	0.00412	0.00811
2	0.01225	0.01382	0.06827	0.25789	0.08213	0.01364	0.30514	0.01628	0.01249	0.01685	0.01397	0.01777	0.05856	0.00638	0.00749	0.00198	0.07867	0.00627	0.00293	0.00722
3	0.01524	0.03666	0.05204	0.13141	0.02256	0.06411	0.17747	0.18103	0.01686	0.05925	0.08863	0.05123	0.01633	0.00767	0.00626	0.00189	0.00712	0.05228	0.00432	0.00763
4	0.01469	0.01460	0.12607	0.09523	0.12987	0.02662	0.12163	0.07444	0.04831	0.11385	0.01665	0.09188	0.01436	0.00793	0.00651	0.00197	0.02258	0.06071	0.00413	0.00796
5	0.01570	0.01279	0.01895	0.22778	0.30758	0.04800	0.01467	0.03246	0.04860	0.13694	0.01302	0.01559	0.00987	0.00625	0.00678	0.00186	0.06592	0.00528	0.00367	0.00826
6	0.00828	0.00644	0.00843	0.03262	0.01058	0.00672	0.00673	0.01067	0.06552	0.01571	0.03033	0.57285	0.06794	0.01622	0.00806	0.00234	0.05620	0.06396	0.00516	0.00527
7	0.01340	0.01547	0.09887	0.18170	0.18094	0.07935	0.15754	0.01704	0.01278	0.03022	0.01254	0.05568	0.01088	0.00691	0.00721	0.00195	0.07303	0.03394	0.00307	0.00748
8	0.01737	0.04495	0.08225	0.02344	0.31621	0.01469	0.10239	0.19778	0.01704	0.10749	0.01300	0.01470	0.00971	0.00584	0.00582	0.00176	0.00702	0.00533	0.00405	0.00918
9	0.01299	0.07110	0.21847	0.07744	0.07926	0.01445	0.37323	0.01790	0.01302	0.01794	0.01176	0.01624	0.00928	0.00559	0.00620	0.00189	0.00872	0.03375	0.00285	0.00791
10	0.01069	0.00828	0.00875	0.00810	0.01067	0.00820	0.00624	0.01696	0.24642	0.07344	0.04511	0.04245	0.46830	0.01201	0.00649	0.00195	0.00362	0.01000	0.00570	0.00664
11	0.01391	0.07772	0.24643	0.10799	0.15503	0.01366	0.05933	0.08307	0.03329	0.06092	0.01373	0.08419	0.01154	0.00685	0.00577	0.00183	0.00711	0.00596	0.00350	0.00818
12	0.01514	0.13564	0.27242	0.03695	0.05820	0.01457	0.10144	0.11948	0.01499	0.09083	0.02557	0.04656	0.01137	0.00660	0.00567	0.00179	0.00724	0.02350	0.00372	0.00832
13	0.00780	0.00607	0.00880	0.00914	0.01012	0.00566	0.05707	0.00923	0.01162	0.01525	0.03287	0.55201	0.11678	0.05603	0.00850	0.00248	0.00406	0.07643	0.00513	0.00496
14	0.01166	0.03008	0.76550	0.01657	0.02517	0.01351	0.02149	0.01842	0.01228	0.01842	0.01044	0.01228	0.00737	0.00552	0.00552	0.00184	0.00859	0.00430	0.00246	0.00859
15	0.01470	0.07343	0.26327	0.10733	0.11319	0.05019	0.15116	0.01914	0.01316	0.10151	0.01184	0.01411	0.00872	0.00569	0.00609	0.00182	0.02821	0.00507	0.00318	0.00820
16	0.01257	0.19743	0.58468	0.01535	0.02308	0.01561	0.03905	0.01820	0.01222	0.01739	0.00996	0.01173	0.00743	0.00539	0.00517	0.00171	0.00811	0.00411	0.00248	0.00833
17	0.01805	0.00982	0.01184	0.01048	0.01317	0.06419	0.00836	0.02000	0.01454	0.37658	0.05262	0.18607	0.02250	0.01093	0.00734	0.00206	0.05737	0.10056	0.00593	0.00759
18	0.00736	0.00556	0.00685	0.00759	0.00862	0.00505	0.00548	0.00887	0.01260	0.01634	0.12570	0.41910	0.25336	0.01624	0.00725	0.00221	0.00335	0.07806	0.00551	0.00493
19	0.22136	0.01216	0.01328	0.01224	0.07028	0.04886	0.00918	0.16271	0.01658	0.24104	0.06575	0.02019	0.01490	0.00747	0.00548	0.00184	0.00542	0.05777	0.00532	0.00817

[dist]
# distance from previous block
# <min> <max>
0	3

[block]
# block no. 6 follows, 40 sequences, length 23
# corresponding to MSA columns:
# 720-742
name=unknown_G
#
# <colnr> <probs for GDERKNQSTAVLIFYWHMCP>
#	G	D	E	R	K	N	Q	S	T	A	V	L	I	F	Y	W	H	M	C	P
0	0.01264	0.21474	0.56025	0.01493	0.02233	0.01596	0.01838	0.01801	0.01204	0.01711	0.00976	0.01158	0.00740	0.00557	0.00560	0.00172	0.03723	0.00404	0.00247	0.00824
1	0.01414	0.01356	0.02314	0.09152	0.70552	0.01375	0.01772	0.01762	0.01312	0.01869	0.01089	0.01448	0.00910	0.00523	0.00576	0.00174	0.00697	0.00518	0.00286	0.00901
2	0.01292	0.01201	0.01298	0.00978	0.01427	0.07209	0.00781	0.01529	0.01212	0.01808	0.00996	0.01199	0.00843	0.00501	0.00581	0.00108	0.08018	0.00363	0.00332	0.68323
3	0.01010	0.00505	0.00758	0.00758	0.00758	0.00505	0.00505	0.00758	0.00758	0.01010	0.01010	0.01768	0.01010	0.02020	0.02273	0.83081	0.00505	0.00505	0.00253	0.00253
4	0.01300	0.01360	0.16504	0.04702	0.05604	0.01005	0.12366	0.01715	0.04979	0.13058	0.05539	0.20523	0.02070	0.00983	0.00651	0.00204	0.00617	0.05631	0.00453	0.00736
5	0.00803	0.00574	0.00783	0.00918	0.00993	0.00554	0.00704	0.00973	0.01206	0.01590	0.03153	0.49172	0.03640	0.01733	0.00767	0.00249	0.00419	0.30732	0.00538	0.00498
6	0.01232	0.01120	0.01721	0.19042	0.28134	0.01209	0.03282	0.01821	0.16396	0.01875	0.04431	0.11845	0.01679	0.00811	0.00615	0.00194	0.00605	0.02817	0.00397	0.00774
7	0.83671	0.01125	0.00855	0.00765	0.01125	0.01305	0.00630	0.01709	0.00990	0.02609	0.00810	0.00945	0.00630	0.00540	0.00360	0.00180	0.00450	0.00315	0.00360	0.00630
8	0.01166	0.03008	0.76550	0.01657	0.02517	0.01351	0.02149	0.01842	0.01228	0.01842	0.01044	0.01228	0.00737	0.00552	0.00552	0.00184	0.00859	0.00430	0.00246	0.00859
9	0.01192	0.00788	0.00965	0.00856	0.01077	0.00774	0.00662	0.06458	0.10488	0.10944	0.50464	0.03663	0.07186	0.01065	0.00656	0.00184	0.00348	0.00922	0.00635	0.00672
10	0.10141	0.04199	0.01922	0.22589	0.27475	0.01404	0.04830	0.06240	0.05827	0.01953	0.01294	0.01586	0.03543	0.00618	0.00613	0.00184	0.03942	0.00530	0.00331	0.00780
11	0.24222	0.01286	0.01378	0.01086	0.01518	0.01361	0.00896	0.31483	0.01918	0.26967	0.01530	0.01464	0.01039	0.00663	0.00523	0.00178	0.00542	0.00487	0.00567	0.00893
12	0.11543	0.01177	0.01450	0.07706	0.08284	0.01269	0.01037	0.15816	0.12058	0.19435	0.05436	0.02032	0.01486	0.00760	0.00630	0.00190	0.03827	0.04503	0.00522	0.00840
13	0.01963	0.22157	0.09796	0.01183	0.04213	0.01361	0.01059	0.08034	0.01549	0.34333	0.05323	0.03755	0.01392	0.00687	0.00534	0.00167	0.00571	0.00540	0.00509	0.00873
14	0.01098	0.01034	0.01744	0.78165	0.04005	0.01292	0.01615	0.01486	0.01163	0.01486	0.01034	0.01550	0.00775	0.00581	0.00581	0.00194	0.00775	0.00517	0.00258	0.00646
15	0.01280	0.01201	0.07461	0.00945	0.01482	0.00845	0.00825	0.01610	0.03255	0.05672	0.01135	0.01273	0.00905	0.00465	0.00453	0.00102	0.00470	0.00372	0.00362	0.69886
16	0.01293	0.02006	0.37557	0.05276	0.08308	0.01213	0.07649	0.04842	0.03486	0.07001	0.13866	0.01902	0.01660	0.00678	0.00594	0.00184	0.00707	0.00589	0.00376	0.00811
17	0.02039	0.19393	0.01949	0.01390	0.01732	0.61084	0.01096	0.02197	0.01547	0.01411	0.00879	0.01024	0.00748	0.00577	0.00492	0.00144	0.00957	0.00361	0.00289	0.00690
18	0.02124	0.01743	0.07945	0.01364	0.01863	0.01766	0.01192	0.68016	0.02609	0.03514	0.01367	0.01382	0.00968	0.00686	0.00579	0.00175	0.00658	0.00516	0.00554	0.00978
19	0.00709	0.00506	0.00675	0.00810	0.00843	0.00472	0.00540	0.00810	0.01113	0.01484	0.03205	0.79184	0.03846	0.01822	0.00742	0.00236	0.00337	0.01653	0.00540	0.00472
20	0.00709	0.00506	0.00675	0.00810	0.00843	0.00472	0.00540	0.00810	0.01113	0.01484	0.03205	0.79184	0.03846	0.01822	0.00742	0.00236	0.00337	0.01653	0.00540	0.00472
21	0.08564	0.12705	0.55243	0.01460	0.02193	0.01476	0.01782	0.01901	0.06137	0.01888	0.01081	0.01227	0.00798	0.00560	0.00515	0.00177	0.00765	0.00419	0.00279	0.00828
22	0.06501	0.00994	0.01301	0.01202	0.07530	0.00937	0.00881	0.08861	0.01625	0.42363	0.07199	0.08804	0.04935	0.00878	0.00603	0.00188	0.00487	0.03239	0.00617	0.00854

[dist]
# distance from previous block
# <min> <max>
0	2

[block]
# block no. 7 follows, 40 sequences, length 47
# corresponding to MSA columns:
# 745-791
name=unknown_H
#
# <colnr> <probs for GDERKNQSTAVLIFYWHMCP>
#	G	D	E	R	K	N	Q	S	T	A	V	L	I	F	Y	W	H	M	C	P
0	0.01534	0.18283	0.01564	0.00995	0.01336	0.01290	0.00828	0.03438	0.24309	0.16051	0.20445	0.02444	0.03444	0.00821	0.00567	0.00174	0.00456	0.00673	0.00552	0.00797
1	0.01160	0.00734	0.00936	0.00849	0.01091	0.00623	0.00631	0.01345	0.01295	0.13731	0.11795	0.36586	0.02883	0.01196	0.00627	0.00181	0.00379	0.01059	0.00530	0.22367
2	0.01368	0.25273	0.39800	0.01374	0.02025	0.01664	0.01570	0.04959	0.13113	0.01872	0.01202	0.01299	0.00917	0.00580	0.00507	0.00168	0.00716	0.00435	0.00316	0.00841
3	0.00890	0.00624	0.00853	0.00829	0.00888	0.00684	0.00596	0.00975	0.01002	0.01408	0.14148	0.02891	0.02203	0.23073	0.27821	0.13867	0.05710	0.00729	0.00365	0.00445
4	0.01373	0.38374	0.33461	0.01480	0.04074	0.01802	0.08577	0.01796	0.01223	0.01626	0.00949	0.01130	0.00760	0.00520	0.00483	0.00157	0.00757	0.00402	0.00253	0.00801
5	0.14378	0.00992	0.01452	0.34934	0.02507	0.01132	0.06398	0.01564	0.05789	0.03824	0.06695	0.06271	0.03604	0.02648	0.03875	0.00234	0.00661	0.02026	0.00371	0.00645
6	0.01730	0.00969	0.01264	0.08432	0.01620	0.00832	0.00828	0.01983	0.01424	0.32684	0.06494	0.01944	0.04553	0.00657	0.00536	0.00146	0.00475	0.00543	0.00518	0.32366
7	0.08878	0.01112	0.01222	0.05273	0.01481	0.01223	0.00850	0.17180	0.25531	0.05656	0.14771	0.02513	0.06707	0.04201	0.00691	0.00203	0.00478	0.00699	0.00551	0.00781
8	0.01303	0.01266	0.02211	0.24417	0.45147	0.01325	0.08683	0.01665	0.01283	0.01764	0.01300	0.01669	0.04223	0.00576	0.00593	0.00182	0.00725	0.00566	0.00291	0.00811
9	0.01220	0.05942	0.01233	0.00946	0.01249	0.04277	0.03725	0.01591	0.08561	0.08287	0.23050	0.10420	0.08683	0.00944	0.00595	0.00166	0.00437	0.00813	0.00510	0.17352
10	0.02255	0.01110	0.05488	0.01115	0.03568	0.00881	0.00930	0.02513	0.01557	0.57641	0.02029	0.01922	0.01349	0.00685	0.00566	0.00169	0.00512	0.02269	0.00623	0.12818
11	0.01185	0.01009	0.01182	0.00854	0.01350	0.00763	0.00681	0.01444	0.01230	0.01919	0.05142	0.01379	0.01116	0.00472	0.00445	0.00091	0.00422	0.00383	0.00361	0.78570
12	0.01214	0.00864	0.01017	0.00855	0.01174	0.00773	0.00665	0.01652	0.12367	0.10853	0.18682	0.07130	0.14241	0.00929	0.00587	0.00161	0.00381	0.00789	0.00533	0.25133
13	0.00755	0.00602	0.00693	0.00712	0.00876	0.00520	0.00524	0.00913	0.01277	0.01633	0.09614	0.27301	0.39598	0.01488	0.00691	0.00203	0.00329	0.05176	0.00533	0.06562
14	0.01527	0.13959	0.01627	0.01171	0.01533	0.04019	0.00949	0.06571	0.56918	0.02294	0.02019	0.01895	0.01536	0.00731	0.00554	0.00183	0.00514	0.00586	0.00527	0.00888
15	0.01559	0.01230	0.14993	0.01099	0.01501	0.00858	0.04351	0.01912	0.02549	0.28818	0.28821	0.05150	0.02844	0.00886	0.00626	0.00185	0.00498	0.00767	0.00577	0.00778
16	0.01487	0.02488	0.55953	0.01574	0.02329	0.01252	0.06347	0.02055	0.01330	0.17725	0.01319	0.01409	0.00896	0.00584	0.00568	0.00184	0.00789	0.00479	0.00350	0.00882
17	0.01170	0.00921	0.01271	0.05320	0.01348	0.01074	0.02860	0.04564	0.01299	0.06470	0.26522	0.02796	0.02642	0.13627	0.01413	0.00267	0.24628	0.00758	0.00446	0.00603
18	0.07008	0.01412	0.01430	0.01207	0.01585	0.05475	0.00961	0.23466	0.40091	0.08177	0.01905	0.01795	0.01396	0.00732	0.00570	0.00186	0.00545	0.00577	0.00568	0.00914
19	0.01273	0.01215	0.12556	0.04541	0.01773	0.00919	0.14616	0.01608	0.01390	0.14485	0.11824	0.11304	0.11397	0.01001	0.00662	0.00201	0.00585	0.07467	0.00482	0.00701
20	0.02043	0.03804	0.11235	0.06240	0.05200	0.12127	0.01193	0.12302	0.07072	0.30426	0.01640	0.01603	0.01128	0.00659	0.00566	0.00176	0.00669	0.00517	0.00509	0.00891
21	0.00716	0.00530	0.00669	0.00762	0.00835	0.00483	0.00523	0.00842	0.01203	0.01583	0.10734	0.58611	0.16986	0.01697	0.00727	0.00224	0.00324	0.01518	0.00550	0.00483
22	0.01133	0.02824	0.70976	0.01595	0.02394	0.01286	0.02030	0.01766	0.01219	0.01815	0.01202	0.06955	0.00965	0.00646	0.00566	0.00188	0.00821	0.00520	0.00267	0.00831
23	0.01467	0.30675	0.36515	0.01453	0.04184	0.01655	0.05355	0.01901	0.01264	0.08918	0.01088	0.01218	0.00821	0.00544	0.00498	0.00162	0.00739	0.00418	0.00297	0.00829
24	0.01033	0.00674	0.00881	0.00914	0.01077	0.00645	0.00736	0.01313	0.04494	0.09062	0.15745	0.18377	0.11526	0.01438	0.00729	0.00228	0.00422	0.29549	0.00575	0.00582
25	0.00691	0.00589	0.00595	0.00593	0.00788	0.00493	0.00445	0.00842	0.01335	0.01593	0.07898	0.05560	0.73679	0.01465	0.00687	0.00196	0.00294	0.01222	0.00543	0.00493
26	0.01344	0.01274	0.02161	0.18507	0.57482	0.01326	0.01706	0.01694	0.01292	0.01808	0.01186	0.01730	0.01019	0.00588	0.00589	0.00182	0.00700	0.04271	0.00295	0.00845
27	0.01396	0.01668	0.18398	0.18331	0.23484	0.01341	0.15054	0.03042	0.02523	0.07375	0.01201	0.01492	0.00897	0.00556	0.00593	0.00185	0.00779	0.00537	0.00316	0.00831
28	0.01098	0.01034	0.01744	0.78165	0.04005	0.01292	0.01615	0.01486	0.01163	0.01486	0.01034	0.01550	0.00775	0.00581	0.00581	0.00194	0.00775	0.00517	0.00258	0.00646
29	0.00749	0.00587	0.00630	0.00620	0.00797	0.00508	0.00465	0.00935	0.01394	0.01796	0.22188	0.05047	0.53545	0.01347	0.00666	0.00189	0.00288	0.01135	0.06606	0.00508
30	0.01134	0.00782	0.01117	0.11336	0.08691	0.00785	0.00872	0.04538	0.01329	0.10485	0.07406	0.38531	0.06168	0.01288	0.00675	0.00211	0.00461	0.03055	0.00508	0.00630
31	0.04135	0.24027	0.36400	0.01498	0.07054	0.05545	0.01558	0.01940	0.01284	0.09896	0.01104	0.01224	0.00826	0.00555	0.00500	0.00164	0.00739	0.00413	0.00308	0.00829
32	0.18582	0.24042	0.18679	0.01229	0.01768	0.05060	0.05788	0.04642	0.01311	0.12314	0.01118	0.01210	0.00835	0.00561	0.00475	0.00165	0.00665	0.00411	0.00354	0.00790
33	0.01513	0.34556	0.06224	0.16416	0.02153	0.17856	0.05249	0.01769	0.01286	0.01463	0.01055	0.06015	0.00953	0.00621	0.00496	0.00158	0.00758	0.00476	0.00282	0.00702
34	0.00898	0.00558	0.00747	0.00747	0.00771	0.00582	0.00493	0.00861	0.00837	0.01140	0.01488	0.02754	0.01583	0.35480	0.20244	0.28695	0.00778	0.00677	0.00309	0.00358
35	0.01599	0.74335	0.02946	0.01031	0.01515	0.07719	0.01004	0.01783	0.01215	0.01372	0.00815	0.00941	0.00746	0.00505	0.00384	0.00126	0.00653	0.00316	0.00252	0.00741
36	0.01517	0.72433	0.10196	0.01059	0.01592	0.02209	0.01107	0.01751	0.01186	0.01414	0.00831	0.00962	0.00745	0.00503	0.00391	0.00130	0.00645	0.00322	0.00248	0.00757
37	0.00824	0.00613	0.00777	0.00734	0.00891	0.00550	0.00547	0.01069	0.01538	0.02153	0.57623	0.11540	0.11387	0.01229	0.00676	0.00183	0.00292	0.01082	0.00603	0.05691
38	0.00996	0.00824	0.04172	0.00902	0.01140	0.00706	0.05211	0.01351	0.06867	0.07083	0.33621	0.10350	0.22129	0.01182	0.00672	0.00193	0.00382	0.01037	0.00570	0.00613
39	0.04944	0.01227	0.08710	0.27211	0.02377	0.01035	0.01153	0.01605	0.01212	0.06430	0.01103	0.01362	0.00846	0.00517	0.00500	0.00142	0.00594	0.00425	0.00330	0.38277
40	0.01411	0.01229	0.02147	0.32429	0.31861	0.01306	0.10166	0.01779	0.01300	0.08973	0.01197	0.01551	0.00910	0.00559	0.00592	0.00184	0.00739	0.00544	0.00319	0.00804
41	0.01301	0.08610	0.21878	0.01130	0.01523	0.03895	0.01101	0.08633	0.05994	0.05914	0.04905	0.07945	0.01658	0.19382	0.03412	0.00293	0.00664	0.00672	0.00395	0.00694
42	0.01349	0.00734	0.00995	0.05705	0.01280	0.00668	0.00714	0.01529	0.01322	0.23839	0.07204	0.39835	0.02783	0.01255	0.00655	0.00200	0.00416	0.01112	0.00565	0.07838
43	0.16311	0.04605	0.01423	0.01077	0.01438	0.04983	0.10629	0.01545	0.01352	0.04118	0.21907	0.02309	0.02221	0.00740	0.00546	0.00161	0.00512	0.03623	0.00435	0.20066
44	0.07683	0.17102	0.17283	0.06158	0.01950	0.24170	0.01317	0.07138	0.01399	0.01750	0.00936	0.01134	0.00758	0.00613	0.00632	0.00169	0.08370	0.00402	0.00297	0.00740
45	0.01148	0.08884	0.24513	0.01540	0.12101	0.01152	0.05902	0.01539	0.01306	0.01831	0.10314	0.02257	0.12511	0.00732	0.00566	0.00166	0.00612	0.00626	0.00357	0.11941
46	0.13045	0.09664	0.07242	0.03627	0.01655	0.10469	0.05239	0.02147	0.10790	0.18823	0.06771	0.05165	0.01500	0.00718	0.00543	0.00177	0.00607	0.00575	0.00464	0.00780

[dist]
# distance from previous block
# <min> <max>
3	12

[block]
# block no. 8 follows, 40 sequences, length 33
# corresponding to MSA columns:
# 804-836
name=unknown_I
#
# <colnr> <probs for GDERKNQSTAVLIFYWHMCP>
#	G	D	E	R	K	N	Q	S	T	A	V	L	I	F	Y	W	H	M	C	P
0	0.01356	0.10980	0.27978	0.05103	0.21367	0.03265	0.09185	0.01825	0.02679	0.02947	0.01083	0.01320	0.00843	0.00531	0.00544	0.00168	0.00755	0.00468	0.00285	0.07321
1	0.01431	0.14298	0.01606	0.01224	0.07205	0.01040	0.06449	0.01646	0.01342	0.19017	0.07607	0.23724	0.05644	0.01016	0.00606	0.00184	0.00497	0.00895	0.00493	0.04077
2	0.01468	0.17044	0.17431	0.01088	0.01616	0.01225	0.01082	0.01867	0.05114	0.13785	0.08333	0.01627	0.01390	0.00606	0.00502	0.00144	0.00556	0.00477	0.00406	0.24238
3	0.15271	0.15858	0.43661	0.01416	0.02067	0.01537	0.04565	0.01777	0.01166	0.01865	0.00952	0.01145	0.00728	0.00565	0.00572	0.00178	0.05219	0.00405	0.00268	0.00785
4	0.01080	0.00630	0.00830	0.00804	0.00961	0.00571	0.00593	0.01280	0.01448	0.14579	0.34595	0.30234	0.07427	0.01344	0.00689	0.00202	0.00335	0.01191	0.00614	0.00594
5	0.01955	0.01438	0.01563	0.01248	0.01640	0.01577	0.01009	0.61557	0.02459	0.03294	0.01704	0.14617	0.01475	0.00889	0.00609	0.00185	0.00588	0.00716	0.00575	0.00901
6	0.15195	0.01094	0.01739	0.01459	0.01795	0.01118	0.23388	0.01721	0.10142	0.02009	0.02020	0.03536	0.01935	0.00982	0.00666	0.00222	0.00649	0.29218	0.00438	0.00675
7	0.01208	0.07299	0.65597	0.01692	0.02506	0.01416	0.08675	0.01838	0.01238	0.01816	0.01042	0.01242	0.00751	0.00544	0.00554	0.00182	0.00857	0.00446	0.00250	0.00846
8	0.01439	0.01382	0.02360	0.03569	0.75936	0.01382	0.01785	0.01785	0.01324	0.01900	0.01094	0.01439	0.00921	0.00518	0.00576	0.00173	0.00691	0.00518	0.00288	0.00921
9	0.02264	0.01543	0.01692	0.01297	0.01760	0.01675	0.01071	0.64391	0.02590	0.13475	0.01517	0.01475	0.01050	0.00701	0.00582	0.00175	0.00620	0.00532	0.00600	0.00989
10	0.04802	0.01386	0.02291	0.03131	0.59948	0.02968	0.07271	0.01880	0.01348	0.07663	0.01178	0.01463	0.00943	0.00534	0.00575	0.00175	0.00696	0.00525	0.00325	0.00899
11	0.00972	0.01692	0.34537	0.07177	0.01875	0.00956	0.02672	0.01385	0.01256	0.01783	0.13390	0.25412	0.02431	0.01039	0.00636	0.00201	0.00605	0.00910	0.00399	0.00675
12	0.78583	0.01156	0.00910	0.00801	0.01167	0.01336	0.00659	0.06225	0.01099	0.02675	0.00846	0.00973	0.00652	0.00550	0.00374	0.00180	0.00462	0.00328	0.00374	0.00652
13	0.00709	0.00506	0.00675	0.00810	0.00843	0.00472	0.00540	0.00810	0.01113	0.01484	0.03205	0.79184	0.03846	0.01822	0.00742	0.00236	0.00337	0.01653	0.00540	0.00472
14	0.76178	0.01171	0.00937	0.00817	0.01187	0.01350	0.00674	0.08358	0.01150	0.02706	0.00864	0.00986	0.00663	0.00554	0.00380	0.00179	0.00467	0.00334	0.00380	0.00663
15	0.01235	0.16697	0.63466	0.01540	0.02335	0.01520	0.01943	0.01824	0.01220	0.01757	0.01002	0.01175	0.00738	0.00543	0.00521	0.00174	0.00817	0.00409	0.00246	0.00839
16	0.00970	0.01200	0.19513	0.00952	0.01289	0.00731	0.00928	0.01250	0.01296	0.07495	0.08086	0.22173	0.29363	0.01254	0.00659	0.00201	0.00459	0.01073	0.00487	0.00620
17	0.00831	0.00623	0.00935	0.00935	0.01038	0.00727	0.00727	0.01038	0.00935	0.01350	0.01558	0.02285	0.01454	0.04361	0.77259	0.00935	0.01558	0.00623	0.00312	0.00519
18	0.01280	0.02849	0.70630	0.01608	0.02436	0.01311	0.02047	0.01920	0.01262	0.07706	0.01142	0.01287	0.00792	0.00566	0.00555	0.00184	0.00831	0.00442	0.00283	0.00870
19	0.01368	0.01517	0.07886	0.26287	0.39206	0.07326	0.04648	0.01742	0.01294	0.01728	0.01059	0.01432	0.00847	0.00546	0.00576	0.00179	0.00770	0.00506	0.00277	0.00806
20	0.01364	0.16242	0.52078	0.01553	0.02296	0.01488	0.07379	0.01904	0.01265	0.07625	0.01111	0.01261	0.00805	0.00551	0.00534	0.00174	0.00798	0.00441	0.00287	0.00844
21	0.00834	0.00611	0.00873	0.00873	0.00956	0.00694	0.00651	0.00999	0.00916	0.01305	0.01614	0.02594	0.01588	0.19687	0.62117	0.00859	0.01355	0.00668	0.00320	0.00485
22	0.00895	0.00839	0.06881	0.01162	0.06896	0.00689	0.00894	0.01144	0.01303	0.01772	0.15140	0.30621	0.03491	0.01443	0.00725	0.00228	0.00460	0.24333	0.00513	0.00571
23	0.01495	0.07626	0.09220	0.05868	0.49036	0.01413	0.07349	0.01862	0.01328	0.07582	0.01164	0.01437	0.00922	0.00536	0.00567	0.00173	0.00712	0.00512	0.00314	0.00885
24	0.01491	0.01416	0.02105	0.09115	0.19182	0.06712	0.18240	0.04791	0.20405	0.04952	0.01565	0.04745	0.01246	0.00659	0.00610	0.00188	0.00708	0.00631	0.00404	0.00834
25	0.01960	0.01062	0.01609	0.01249	0.01657	0.00993	0.13218	0.02433	0.11692	0.41965	0.13550	0.02304	0.02022	0.00763	0.00619	0.00186	0.00538	0.00685	0.00617	0.00876
26	0.01004	0.01104	0.13774	0.01089	0.01357	0.00827	0.01019	0.04717	0.05451	0.01919	0.12599	0.17210	0.04516	0.01317	0.00710	0.00227	0.00517	0.29514	0.00507	0.00623
27	0.66009	0.01261	0.01008	0.04457	0.01349	0.08252	0.00739	0.01843	0.01111	0.08197	0.00944	0.01063	0.00711	0.00561	0.00403	0.00178	0.00524	0.00351	0.00378	0.00663
28	0.08748	0.00861	0.01114	0.00981	0.01120	0.00966	0.03588	0.04661	0.01100	0.07428	0.05757	0.02564	0.01690	0.29195	0.15265	0.00462	0.12882	0.00675	0.00384	0.00560
29	0.11675	0.18659	0.35595	0.01477	0.07657	0.01515	0.01515	0.01949	0.05467	0.07740	0.01143	0.01260	0.00855	0.00563	0.00497	0.00171	0.00693	0.00422	0.00321	0.00825
30	0.17593	0.12016	0.05934	0.04005	0.13937	0.01301	0.01063	0.07484	0.01409	0.13472	0.06334	0.01883	0.04764	0.00689	0.00521	0.00172	0.00553	0.02820	0.00427	0.03623
31	0.01642	0.34274	0.20214	0.01300	0.01855	0.08022	0.04249	0.08623	0.05437	0.07622	0.01142	0.01231	0.00882	0.00570	0.00489	0.00157	0.00712	0.00420	0.00340	0.00820
32	0.01918	0.25847	0.03426	0.01209	0.04521	0.01606	0.01014	0.17650	0.10369	0.20781	0.01517	0.01479	0.01105	0.00629	0.00511	0.00159	0.00573	0.00478	0.00484	0.04724

[dist]
# distance from previous block
# <min> <max>
1	7

[block]
# block no. 9 follows, 40 sequences, length 33
# corresponding to MSA columns:
# 844-876
name=unknown_J
#
# <colnr> <probs for GDERKNQSTAVLIFYWHMCP>
#	G	D	E	R	K	N	Q	S	T	A	V	L	I	F	Y	W	H	M	C	P
0	0.04717	0.08528	0.09919	0.02064	0.28835	0.01337	0.03740	0.05012	0.06096	0.13677	0.01331	0.01462	0.01006	0.00567	0.00538	0.00164	0.00628	0.00489	0.00388	0.09500
1	0.07047	0.01341	0.06838	0.02114	0.24778	0.01180	0.17617	0.01871	0.01385	0.13733	0.09076	0.01794	0.01436	0.00611	0.00587	0.00175	0.00657	0.00591	0.00401	0.06767
2	0.01596	0.17732	0.13995	0.14730	0.02003	0.01257	0.01182	0.01896	0.01319	0.23839	0.01695	0.13325	0.01429	0.00789	0.00559	0.00180	0.00607	0.00653	0.00435	0.00778
3	0.01386	0.15432	0.09047	0.04684	0.25437	0.01580	0.24233	0.01763	0.01274	0.01742	0.01076	0.01453	0.00889	0.00561	0.00662	0.00180	0.05761	0.01751	0.00281	0.00809
4	0.03713	0.10537	0.37818	0.08036	0.02336	0.08572	0.06259	0.06829	0.01396	0.07591	0.01127	0.01291	0.00820	0.00572	0.00541	0.00175	0.00799	0.00451	0.00318	0.00820
5	0.01445	0.02618	0.62010	0.01537	0.02317	0.01255	0.01898	0.02033	0.01312	0.16245	0.01285	0.01373	0.00873	0.00585	0.00559	0.00183	0.00789	0.00460	0.00337	0.00885
6	0.00758	0.00577	0.00707	0.00778	0.00900	0.00526	0.00588	0.00925	0.01281	0.01641	0.10299	0.31429	0.29599	0.01598	0.00730	0.00224	0.00358	0.16035	0.00548	0.00499
7	0.01483	0.26499	0.12906	0.04181	0.21913	0.01670	0.01393	0.01959	0.09933	0.05946	0.01191	0.01358	0.00955	0.00594	0.00596	0.00168	0.05635	0.00459	0.00327	0.00834
8	0.01698	0.01184	0.09205	0.03174	0.03377	0.01002	0.02947	0.08037	0.01603	0.29232	0.19557	0.02605	0.03499	0.00871	0.00709	0.00191	0.05768	0.03979	0.00563	0.00801
9	0.01156	0.00726	0.01041	0.01217	0.08919	0.00690	0.00846	0.01356	0.01294	0.13374	0.02801	0.35789	0.03003	0.01444	0.00719	0.00231	0.00462	0.23772	0.00540	0.00621
10	0.00888	0.00550	0.00676	0.00676	0.00680	0.00554	0.00405	0.00829	0.00826	0.01104	0.01608	0.03222	0.01803	0.56780	0.05230	0.22181	0.00581	0.00749	0.00325	0.00332
11	0.01841	0.01251	0.04300	0.14013	0.13979	0.01207	0.09207	0.07101	0.08127	0.29201	0.01694	0.01800	0.01194	0.00653	0.00597	0.00185	0.00644	0.01631	0.00491	0.00884
12	0.01815	0.01613	0.01938	0.10299	0.31379	0.14616	0.01410	0.19251	0.01730	0.08527	0.01228	0.01419	0.00936	0.00599	0.00570	0.00172	0.00733	0.00500	0.00394	0.00871
13	0.00707	0.00513	0.00668	0.00791	0.00839	0.00474	0.00532	0.00812	0.01131	0.01492	0.03430	0.73017	0.09867	0.01793	0.00738	0.00233	0.00334	0.01617	0.00540	0.00474
