[name]
unknown

[dist]
# distance from previous block
# <min> <max>
0	360

[block]
# block no. 0 follows, 46 sequences, length 23
# corresponding to MSA columns:
# 360-382
name=unknown_A
#
# <colnr> <probs for GDERKNQSTAVLIFYWHMCP>
#	G	D	E	R	K	N	Q	S	T	A	V	L	I	F	Y	W	H	M	C	P
0	0.04147	0.00877	0.01036	0.00818	0.01213	0.00703	0.00669	0.01292	0.01113	0.01719	0.01303	0.02059	0.01226	0.00608	0.00457	0.00114	0.00411	0.15130	0.00348	0.64756
1	0.01351	0.00932	0.01122	0.00814	0.01272	0.00719	0.00656	0.01580	0.01179	0.17042	0.01168	0.01237	0.00888	0.00444	0.00419	0.00095	0.00403	0.00357	0.00381	0.67939
2	0.01197	0.01113	0.01859	0.02730	0.62691	0.01105	0.01398	0.01498	0.01262	0.01806	0.16330	0.01835	0.01666	0.00593	0.00543	0.00159	0.00552	0.00568	0.00326	0.00770
3	0.01045	0.00870	0.01070	0.01126	0.09812	0.00924	0.00765	0.01819	0.33043	0.02096	0.35659	0.02853	0.04984	0.00866	0.00576	0.00171	0.00363	0.00756	0.00525	0.00677
4	0.01248	0.01426	0.03119	0.02228	0.02763	0.01337	0.76203	0.01693	0.01248	0.01693	0.01070	0.01426	0.00802	0.00446	0.00624	0.00178	0.00891	0.00624	0.00267	0.00713
5	0.01344	0.01381	0.02957	0.02117	0.02641	0.01289	0.69715	0.01769	0.01271	0.08300	0.01157	0.01458	0.00846	0.00464	0.00616	0.00177	0.00853	0.00616	0.00301	0.00729
6	0.01308	0.01256	0.02146	0.03245	0.78123	0.01256	0.01622	0.01622	0.01204	0.01727	0.00994	0.01308	0.00837	0.00471	0.00523	0.00157	0.00628	0.00471	0.00262	0.00837
7	0.01599	0.01277	0.01355	0.01133	0.01483	0.01448	0.00905	0.32877	0.46637	0.02669	0.01791	0.01685	0.01322	0.00683	0.00534	0.00171	0.00485	0.00548	0.00534	0.00862
8	0.01308	0.01256	0.02146	0.03245	0.78123	0.01256	0.01622	0.01622	0.01204	0.01727	0.00994	0.01308	0.00837	0.00471	0.00523	0.00157	0.00628	0.00471	0.00262	0.00837
9	0.01060	0.02735	0.78682	0.01507	0.02288	0.01228	0.01953	0.01674	0.01116	0.01674	0.00949	0.01116	0.00670	0.00502	0.00502	0.00167	0.00781	0.00391	0.00223	0.00781
10	0.01559	0.01280	0.02596	0.01872	0.02372	0.01182	0.55340	0.01938	0.01321	0.22936	0.01351	0.01529	0.00942	0.00503	0.00598	0.00174	0.00769	0.00598	0.00374	0.00765
11	0.01308	0.01256	0.02146	0.03245	0.78123	0.01256	0.01622	0.01622	0.01204	0.01727	0.00994	0.01308	0.00837	0.00471	0.00523	0.00157	0.00628	0.00471	0.00262	0.00837
12	0.01178	0.00662	0.00918	0.00948	0.01127	0.00632	0.00807	0.01400	0.01268	0.18865	0.02648	0.10887	0.02688	0.01294	0.00681	0.00223	0.00464	0.52210	0.00525	0.00575
13	0.02133	0.00944	0.01362	0.08016	0.10263	0.00866	0.00932	0.02363	0.01439	0.63139	0.01863	0.01710	0.01203	0.00623	0.00530	0.00164	0.00492	0.00519	0.00574	0.00866
14	0.02372	0.00900	0.01227	0.00941	0.01350	0.00777	0.00777	0.02576	0.01513	0.78489	0.02086	0.01799	0.01309	0.00654	0.00532	0.00164	0.00450	0.00532	0.00654	0.00900
15	0.02372	0.00900	0.01227	0.00941	0.01350	0.00777	0.00777	0.02576	0.01513	0.78489	0.02086	0.01799	0.01309	0.00654	0.00532	0.00164	0.00450	0.00532	0.00654	0.00900
16	0.00814	0.00582	0.00809	0.00930	0.01036	0.00576	0.00786	0.01030	0.01180	0.01540	0.02820	0.19597	0.03125	0.01496	0.00720	0.00238	0.00454	0.61303	0.00488	0.00476
17	0.02372	0.00900	0.01227	0.00941	0.01350	0.00777	0.00777	0.02576	0.01513	0.78489	0.02086	0.01799	0.01309	0.00654	0.00532	0.00164	0.00450	0.00532	0.00654	0.00900
18	0.85155	0.01022	0.00777	0.00695	0.01022	0.01186	0.00573	0.01554	0.00900	0.02372	0.00736	0.00859	0.00573	0.00491	0.00327	0.00164	0.00409	0.00286	0.00327	0.00573
19	0.79228	0.01055	0.00835	0.00732	0.01066	0.01218	0.00603	0.06887	0.01013	0.02440	0.00774	0.00888	0.00596	0.00501	0.00342	0.00163	0.00421	0.00300	0.00342	0.00596
20	0.01318	0.01332	0.01953	0.19427	0.53560	0.10099	0.01521	0.01620	0.01206	0.01598	0.00963	0.01290	0.00791	0.00492	0.00519	0.00159	0.00681	0.00456	0.00257	0.00759
21	0.57147	0.01125	0.01097	0.01088	0.09900	0.01257	0.00778	0.14956	0.01244	0.05828	0.00920	0.01025	0.00693	0.00521	0.00394	0.00162	0.00466	0.00352	0.00370	0.00675
22	0.10807	0.01209	0.01954	0.07953	0.64530	0.01243	0.01493	0.01597	0.01160	0.01776	0.00962	0.01264	0.00799	0.00477	0.00501	0.00159	0.00608	0.00450	0.00267	0.00791

[dist]
# distance from previous block
# <min> <max>
0	1

[block]
# block no. 1 follows, 46 sequences, length 25
# corresponding to MSA columns:
# 384-408
name=unknown_B
#
# <colnr> <probs for GDERKNQSTAVLIFYWHMCP>
#	G	D	E	R	K	N	Q	S	T	A	V	L	I	F	Y	W	H	M	C	P
0	0.01308	0.01256	0.02146	0.03245	0.78123	0.01256	0.01622	0.01622	0.01204	0.01727	0.00994	0.01308	0.00837	0.00471	0.00523	0.00157	0.00628	0.00471	0.00262	0.00837
1	0.01308	0.01256	0.02146	0.03245	0.78123	0.01256	0.01622	0.01622	0.01204	0.01727	0.00994	0.01308	0.00837	0.00471	0.00523	0.00157	0.00628	0.00471	0.00262	0.00837
2	0.01308	0.01256	0.02146	0.03245	0.78123	0.01256	0.01622	0.01622	0.01204	0.01727	0.00994	0.01308	0.00837	0.00471	0.00523	0.00157	0.00628	0.00471	0.00262	0.00837
3	0.00918	0.00459	0.00689	0.00689	0.00689	0.00459	0.00459	0.00689	0.00689	0.00918	0.00918	0.01607	0.00918	0.01837	0.02066	0.84619	0.00459	0.00459	0.00230	0.00230
4	0.02031	0.01446	0.01565	0.01200	0.01622	0.01588	0.00991	0.71935	0.02427	0.07840	0.01318	0.01301	0.00924	0.00636	0.00529	0.00159	0.00574	0.00479	0.00536	0.00899
5	0.01308	0.01256	0.02146	0.03245	0.78123	0.01256	0.01622	0.01622	0.01204	0.01727	0.00994	0.01308	0.00837	0.00471	0.00523	0.00157	0.00628	0.00471	0.00262	0.00837
6	0.79632	0.01122	0.00825	0.00739	0.01063	0.06373	0.00602	0.01591	0.00939	0.02300	0.00741	0.00865	0.00580	0.00494	0.00337	0.00162	0.00445	0.00290	0.00324	0.00575
7	0.01308	0.01256	0.02146	0.03245	0.78123	0.01256	0.01622	0.01622	0.01204	0.01727	0.00994	0.01308	0.00837	0.00471	0.00523	0.00157	0.00628	0.00471	0.00262	0.00837
8	0.01403	0.01034	0.01247	0.01023	0.01306	0.04755	0.05982	0.24110	0.03462	0.10014	0.33370	0.02640	0.02732	0.00840	0.00581	0.00166	0.00462	0.03654	0.00532	0.00687
9	0.01117	0.00960	0.01601	0.68960	0.08934	0.01153	0.01431	0.01457	0.01100	0.06792	0.01024	0.01429	0.00757	0.00533	0.00528	0.00174	0.00681	0.00474	0.00266	0.00628
10	0.01271	0.34802	0.42374	0.01241	0.01864	0.01608	0.01460	0.06879	0.01195	0.01615	0.00884	0.01018	0.00689	0.00491	0.00438	0.00145	0.00679	0.00353	0.00246	0.00748
11	0.01294	0.01257	0.02192	0.05744	0.70652	0.01259	0.06551	0.01618	0.01202	0.01712	0.00998	0.01320	0.00831	0.00471	0.00530	0.00159	0.00648	0.00481	0.00261	0.00821
12	0.00907	0.00631	0.00793	0.00764	0.00922	0.00612	0.00592	0.01272	0.09820	0.06541	0.45036	0.09351	0.08876	0.01122	0.00626	0.00182	0.00316	0.10529	0.00557	0.00551
13	0.01703	0.20929	0.04245	0.01119	0.01508	0.06900	0.11014	0.01920	0.01278	0.31309	0.01518	0.06796	0.01201	0.05475	0.00631	0.00176	0.00579	0.00543	0.00424	0.00729
14	0.01977	0.02444	0.01505	0.01351	0.01635	0.73612	0.01020	0.07548	0.01570	0.01443	0.00850	0.00976	0.00697	0.00551	0.00480	0.00138	0.00926	0.00350	0.00291	0.00634
15	0.01428	0.01315	0.07149	0.02787	0.59937	0.01195	0.04658	0.01753	0.01240	0.11714	0.01137	0.01364	0.00886	0.00496	0.00527	0.00159	0.00626	0.00480	0.00310	0.00837
16	0.00748	0.00540	0.00707	0.00665	0.00790	0.00499	0.00499	0.00998	0.01496	0.02120	0.77844	0.03949	0.04988	0.01081	0.00624	0.00166	0.00249	0.00956	0.00582	0.00499
17	0.00660	0.00481	0.00656	0.04212	0.00893	0.00462	0.00534	0.00763	0.01014	0.01350	0.02827	0.77589	0.03374	0.01607	0.00668	0.00213	0.00324	0.01458	0.00480	0.00436
18	0.00772	0.00532	0.00660	0.00669	0.00700	0.00554	0.00438	0.00833	0.00821	0.01113	0.01695	0.03336	0.01871	0.57745	0.19942	0.00569	0.00716	0.06343	0.00325	0.00367
19	0.01494	0.46152	0.06914	0.01232	0.06615	0.10003	0.03408	0.09607	0.07109	0.01615	0.00949	0.01054	0.00787	0.00506	0.00420	0.00134	0.00624	0.00363	0.00290	0.00725
20	0.01291	0.01726	0.25402	0.02263	0.27909	0.01238	0.23436	0.01726	0.01212	0.07089	0.01079	0.01319	0.00810	0.00486	0.00547	0.00167	0.00739	0.00496	0.00279	0.00789
21	0.01151	0.17774	0.48736	0.01420	0.07298	0.01332	0.01558	0.01609	0.01112	0.01600	0.00909	0.01075	0.00697	0.00476	0.00458	0.00145	0.00679	0.00365	0.00238	0.11366
22	0.07565	0.01146	0.01573	0.01276	0.01636	0.01222	0.16885	0.03763	0.41627	0.11510	0.01818	0.01900	0.01371	0.00663	0.00548	0.00178	0.00528	0.03531	0.00477	0.00786
23	0.00801	0.00593	0.00858	0.00841	0.00908	0.00694	0.00637	0.00923	0.00822	0.01177	0.01347	0.02132	0.01310	0.12832	0.57244	0.08603	0.06986	0.00573	0.00279	0.00439
24	0.01304	0.24940	0.38871	0.01382	0.07426	0.01448	0.01444	0.01809	0.07372	0.07701	0.01080	0.01178	0.00813	0.00515	0.00462	0.00152	0.00652	0.00394	0.00287	0.00770

[dist]
# distance from previous block
# <min> <max>
0	1

[block]
# block no. 2 follows, 46 sequences, length 58
# corresponding to MSA columns:
# 410-467
name=unknown_C
#
# <colnr> <probs for GDERKNQSTAVLIFYWHMCP>
#	G	D	E	R	K	N	Q	S	T	A	V	L	I	F	Y	W	H	M	C	P
0	0.01059	0.01002	0.01695	0.65069	0.18247	0.01191	0.01498	0.01404	0.01086	0.01425	0.00950	0.01390	0.00731	0.00517	0.00528	0.00172	0.00690	0.00470	0.00240	0.00636
1	0.00704	0.00492	0.00652	0.00764	0.00814	0.00470	0.00546	0.00826	0.01042	0.01401	0.02781	0.59594	0.03244	0.05744	0.00779	0.00232	0.00350	0.15392	0.03736	0.00437
2	0.00929	0.00874	0.03330	0.01097	0.05961	0.06952	0.04753	0.01104	0.01067	0.01445	0.02091	0.37129	0.04071	0.01431	0.07796	0.00252	0.07539	0.03822	0.07838	0.00520
3	0.01601	0.05455	0.03192	0.01273	0.10740	0.07917	0.00920	0.12410	0.12854	0.19873	0.13668	0.02002	0.04357	0.00705	0.00533	0.00160	0.00505	0.00580	0.00488	0.00764
4	0.01098	0.11108	0.70636	0.01443	0.02189	0.01319	0.01842	0.01665	0.01112	0.01629	0.00926	0.01088	0.00671	0.00497	0.00485	0.00162	0.00758	0.00379	0.00224	0.00770
5	0.00725	0.00539	0.00674	0.00640	0.00775	0.00489	0.00480	0.00952	0.01441	0.01988	0.64004	0.04166	0.18910	0.01130	0.00624	0.00169	0.00253	0.00987	0.00565	0.00489
6	0.01096	0.00940	0.01096	0.00783	0.01253	0.00705	0.00626	0.01331	0.01096	0.01723	0.00940	0.01096	0.00783	0.00392	0.00392	0.00078	0.00392	0.00313	0.00313	0.84653
7	0.01308	0.01256	0.02146	0.03245	0.78123	0.01256	0.01622	0.01622	0.01204	0.01727	0.00994	0.01308	0.00837	0.00471	0.00523	0.00157	0.00628	0.00471	0.00262	0.00837
8	0.00902	0.00646	0.00884	0.00984	0.01119	0.00653	0.00859	0.04349	0.01272	0.01658	0.02733	0.05760	0.02950	0.01425	0.00721	0.00240	0.00491	0.71362	0.00489	0.00505
9	0.01308	0.01256	0.02146	0.03245	0.78123	0.01256	0.01622	0.01622	0.01204	0.01727	0.00994	0.01308	0.00837	0.00471	0.00523	0.00157	0.00628	0.00471	0.00262	0.00837
10	0.00666	0.00488	0.00629	0.00735	0.00784	0.00461	0.00497	0.00809	0.03651	0.01384	0.03042	0.73528	0.08151	0.01604	0.00667	0.00211	0.00308	0.01447	0.00492	0.00445
11	0.00630	0.00536	0.00542	0.00541	0.00717	0.00448	0.00405	0.00768	0.01216	0.01455	0.08164	0.05044	0.75083	0.01329	0.00625	0.00178	0.00267	0.01110	0.00494	0.00448
12	0.01357	0.01157	0.01219	0.01084	0.01391	0.01335	0.00847	0.07259	0.72649	0.02279	0.02098	0.01930	0.01571	0.00712	0.00537	0.00178	0.00428	0.00590	0.00537	0.00841
13	0.01460	0.00766	0.00989	0.00807	0.01103	0.00671	0.00641	0.01738	0.04373	0.31975	0.33390	0.02591	0.02768	0.00793	0.00548	0.00152	0.00356	0.00677	0.00567	0.13634
14	0.02093	0.01347	0.01504	0.01153	0.01573	0.01441	0.00952	0.59346	0.02261	0.20663	0.01457	0.01391	0.00993	0.00639	0.00529	0.00160	0.00551	0.00489	0.00558	0.00899
15	0.05425	0.00963	0.01221	0.00962	0.01353	0.00905	0.00787	0.05901	0.11790	0.61799	0.02005	0.01762	0.01303	0.00656	0.00524	0.00165	0.00450	0.00529	0.00620	0.00878
16	0.00706	0.00529	0.00660	0.00687	0.00803	0.00483	0.00516	0.00889	0.01276	0.01699	0.32752	0.22353	0.22896	0.01327	0.00649	0.00190	0.00297	0.10295	0.00526	0.00468
17	0.00828	0.00600	0.00762	0.00700	0.00844	0.00571	0.00531	0.05777	0.01559	0.02197	0.72988	0.03779	0.04729	0.01052	0.00618	0.00166	0.00270	0.00926	0.00579	0.00524
18	0.01060	0.02735	0.78682	0.01507	0.02288	0.01228	0.01953	0.01674	0.01116	0.01674	0.00949	0.01116	0.00670	0.00502	0.00502	0.00167	0.00781	0.00391	0.00223	0.00781
19	0.01074	0.01016	0.01722	0.61494	0.21709	0.01194	0.01506	0.01417	0.01093	0.01442	0.00953	0.01385	0.00737	0.00515	0.00527	0.00172	0.00686	0.00470	0.00241	0.00648
20	0.00657	0.00469	0.00629	0.00751	0.00788	0.00441	0.00514	0.00759	0.01025	0.01364	0.02906	0.76313	0.03468	0.01644	0.00678	0.00217	0.00318	0.06136	0.00490	0.00433
21	0.01308	0.01256	0.02146	0.03245	0.78123	0.01256	0.01622	0.01622	0.01204	0.01727	0.00994	0.01308	0.00837	0.00471	0.00523	0.00157	0.00628	0.00471	0.00262	0.00837
22	0.00678	0.00538	0.00609	0.00591	0.00747	0.00469	0.00443	0.00861	0.01330	0.01725	0.36430	0.04600	0.46649	0.01228	0.00624	0.00173	0.00260	0.01047	0.00530	0.00469
23	0.01981	0.02340	0.01513	0.01337	0.01635	0.65850	0.01019	0.14970	0.01669	0.01647	0.00895	0.01008	0.00719	0.00560	0.00486	0.00140	0.00889	0.00364	0.00317	0.00662
24	0.43179	0.00960	0.01005	0.00820	0.01188	0.00979	0.00676	0.02072	0.01211	0.40968	0.01420	0.01336	0.00946	0.00574	0.00431	0.00164	0.00430	0.00411	0.00493	0.00738
25	0.27830	0.01115	0.01187	0.00950	0.01331	0.01179	0.00781	0.23070	0.06096	0.29211	0.01442	0.01369	0.00983	0.00602	0.00468	0.00163	0.00472	0.00444	0.00511	0.00795
26	0.00644	0.00460	0.00613	0.00736	0.00767	0.00429	0.00491	0.00736	0.01012	0.01350	0.02914	0.81076	0.03497	0.01656	0.00675	0.00215	0.00307	0.01503	0.00491	0.00429
27	0.02372	0.00900	0.01227	0.00941	0.01350	0.00777	0.00777	0.02576	0.01513	0.78489	0.02086	0.01799	0.01309	0.00654	0.00532	0.00164	0.00450	0.00532	0.00654	0.00900
28	0.00998	0.00940	0.01586	0.80150	0.03641	0.01175	0.01468	0.01351	0.01057	0.01351	0.00940	0.01409	0.00705	0.00529	0.00529	0.00176	0.00705	0.00470	0.00235	0.00587
29	0.01809	0.00954	0.01405	0.19241	0.11414	0.00945	0.01031	0.05106	0.01410	0.43449	0.06460	0.01764	0.01329	0.00629	0.00536	0.00166	0.00523	0.00535	0.00500	0.00795
30	0.02217	0.01033	0.01292	0.00999	0.01400	0.00989	0.00822	0.19548	0.04587	0.56542	0.01892	0.01688	0.01227	0.00651	0.00528	0.00162	0.00474	0.00520	0.02540	0.00888
31	0.00662	0.00524	0.00582	0.00622	0.00760	0.00459	0.00464	0.00800	0.01159	0.01441	0.04443	0.22413	0.51436	0.01401	0.00639	0.00191	0.00297	0.08226	0.03032	0.00448
32	0.01085	0.01053	0.01479	0.28339	0.16672	0.06926	0.01190	0.01312	0.01056	0.01393	0.01287	0.16111	0.01283	0.03482	0.00836	0.00198	0.14747	0.00660	0.00292	0.00597
33	0.01073	0.09372	0.60314	0.01438	0.02114	0.01247	0.06889	0.01597	0.01127	0.01634	0.03339	0.05455	0.00959	0.00573	0.00509	0.00166	0.00729	0.00473	0.00251	0.00740
34	0.00669	0.00478	0.00642	0.00764	0.00805	0.00450	0.00533	0.00778	0.01036	0.01377	0.02900	0.72231	0.03443	0.01633	0.00681	0.00218	0.00328	0.10107	0.00490	0.00436
35	0.01359	0.01978	0.43177	0.01544	0.05377	0.01134	0.13206	0.01864	0.03684	0.17087	0.01296	0.03761	0.00942	0.00565	0.00534	0.00170	0.00699	0.00499	0.00337	0.00788
36	0.03571	0.07544	0.48945	0.01434	0.03330	0.04599	0.06621	0.08220	0.01266	0.03531	0.02388	0.04208	0.00896	0.00565	0.00506	0.00164	0.00717	0.00458	0.00285	0.00753
37	0.01455	0.10655	0.21229	0.02011	0.29029	0.11053	0.04632	0.03156	0.01260	0.09103	0.01047	0.01217	0.00804	0.00506	0.00497	0.00154	0.00693	0.00426	0.00293	0.00780
38	0.85155	0.01022	0.00777	0.00695	0.01022	0.01186	0.00573	0.01554	0.00900	0.02372	0.00736	0.00859	0.00573	0.00491	0.00327	0.00164	0.00409	0.00286	0.00327	0.00573
39	0.01094	0.06748	0.05250	0.01348	0.14660	0.00983	0.02766	0.06743	0.11769	0.03504	0.09061	0.28248	0.02255	0.00991	0.00578	0.00180	0.00456	0.02279	0.00434	0.00652
40	0.00625	0.00536	0.00536	0.00536	0.00714	0.00446	0.00402	0.00759	0.01205	0.01428	0.05355	0.05088	0.77909	0.01339	0.00625	0.00179	0.00268	0.01116	0.00491	0.00446
41	0.01341	0.01197	0.03158	0.27801	0.33944	0.01269	0.03850	0.12074	0.03804	0.04822	0.01096	0.01377	0.00842	0.00527	0.00530	0.00165	0.00644	0.00481	0.00314	0.00762
42	0.01137	0.00973	0.01453	0.13896	0.20427	0.00914	0.04242	0.01420	0.01169	0.03971	0.06611	0.01664	0.01216	0.00543	0.00488	0.00135	0.00508	0.03238	0.04602	0.31394
43	0.00728	0.00540	0.00678	0.00643	0.00777	0.00490	0.00483	0.00958	0.01448	0.02004	0.65726	0.04139	0.17179	0.01124	0.00624	0.00168	0.00252	0.00983	0.00567	0.00490
44	0.01100	0.03970	0.03327	0.00865	0.01067	0.00858	0.00682	0.16068	0.07865	0.03906	0.14796	0.32217	0.02662	0.01093	0.00581	0.00179	0.00384	0.00950	0.06827	0.00605
45	0.07165	0.00882	0.01175	0.01254	0.13181	0.00937	0.00843	0.07107	0.05287	0.11262	0.15793	0.07304	0.05434	0.01290	0.11986	0.00272	0.07073	0.00672	0.00435	0.00650
46	0.01376	0.01235	0.01584	0.01326	0.01449	0.01605	0.01099	0.19801	0.06114	0.01838	0.00929	0.01237	0.00803	0.00841	0.01362	0.00210	0.55721	0.00475	0.00324	0.00674
47	0.01306	0.01139	0.01680	0.25833	0.02211	0.01417	0.06114	0.12173	0.01196	0.06073	0.00958	0.01306	0.00769	0.00713	0.01046	0.00196	0.34433	0.00481	0.00302	0.00654
48	0.01784	0.01132	0.05830	0.06278	0.09640	0.01053	0.02183	0.12976	0.10504	0.33400	0.01675	0.01636	0.01156	0.00616	0.00517	0.00162	0.00509	0.00511	0.07618	0.00821
49	0.01198	0.01324	0.02837	0.02072	0.02555	0.01246	0.66814	0.01619	0.01244	0.01680	0.01285	0.01991	0.01081	0.00572	0.00637	0.00186	0.00841	0.09837	0.00295	0.00685
50	0.00899	0.00762	0.01285	0.10778	0.11028	0.00764	0.11043	0.01074	0.01066	0.01431	0.04923	0.30205	0.05363	0.01229	0.02241	0.10597	0.00516	0.03908	0.00369	0.00520
51	0.00630	0.00536	0.00542	0.00541	0.00717	0.00448	0.00405	0.00768	0.01216	0.01455	0.08164	0.05044	0.75083	0.01329	0.00625	0.00178	0.00267	0.01110	0.00494	0.00448
52	0.00757	0.00559	0.00813	0.00813	0.00895	0.00641	0.00615	0.00921	0.00839	0.01200	0.01449	0.02262	0.01402	0.14316	0.69085	0.00805	0.01295	0.00593	0.00288	0.00452
53	0.01315	0.01136	0.01195	0.01076	0.01375	0.01315	0.00837	0.02809	0.77168	0.02211	0.02152	0.01972	0.01614	0.00717	0.00538	0.00179	0.00418	0.00598	0.00538	0.00837
54	0.00998	0.00940	0.01586	0.80150	0.03641	0.01175	0.01468	0.01351	0.01057	0.01351	0.00940	0.01409	0.00705	0.00529	0.00529	0.00176	0.00705	0.00470	0.00235	0.00587
55	0.02056	0.07715	0.01444	0.01048	0.01424	0.10235	0.00863	0.16630	0.04868	0.41388	0.03938	0.01579	0.01216	0.00643	0.00540	0.00158	0.02402	0.00493	0.00534	0.00826
56	0.03706	0.00771	0.00873	0.00793	0.01008	0.00790	0.00609	0.01617	0.25559	0.03923	0.37079	0.03186	0.12548	0.00938	0.00575	0.00168	0.00322	0.00802	0.00539	0.04195
57	0.36473	0.01167	0.01168	0.00968	0.01297	0.08908	0.03952	0.04725	0.03088	0.23672	0.03851	0.01326	0.00999	0.00599	0.00525	0.00166	0.05573	0.00424	0.00427	0.00692

[dist]
# distance from previous block
# <min> <max>
0	6

# created by:
# /home/berkeley/.conda/envs/busco_data_prod/bin/msa2prfl.pl pipeline/OGs_align_augustus/33634/124706.fs
