[name]
unknown

[dist]
# distance from previous block
# <min> <max>
0	36

[block]
# block no. 0 follows, 46 sequences, length 55
# corresponding to MSA columns:
# 126-180
name=unknown_A
#
# <colnr> <probs for GDERKNQSTAVLIFYWHMCP>
#	G	D	E	R	K	N	Q	S	T	A	V	L	I	F	Y	W	H	M	C	P
0	0.04671	0.00695	0.00912	0.00999	0.09684	0.00661	0.00670	0.01163	0.01281	0.07852	0.27616	0.10758	0.20031	0.01059	0.00624	0.00175	0.02408	0.05058	0.00488	0.03194
1	0.11214	0.01174	0.01319	0.07208	0.01576	0.09746	0.04813	0.11116	0.05398	0.27195	0.01508	0.01719	0.01128	0.04717	0.01815	0.00190	0.00576	0.03405	0.00459	0.03724
2	0.05028	0.00622	0.00714	0.05133	0.00892	0.02691	0.00507	0.00914	0.00887	0.01221	0.01797	0.12356	0.02011	0.49196	0.06357	0.00425	0.00555	0.07952	0.00348	0.00393
3	0.01181	0.01072	0.01600	0.61321	0.05119	0.03068	0.01381	0.12103	0.01264	0.01639	0.00974	0.01364	0.00735	0.00561	0.00585	0.00175	0.04476	0.00467	0.00278	0.00638
4	0.01216	0.01162	0.01979	0.26101	0.55987	0.01232	0.01577	0.01542	0.01160	0.01615	0.00978	0.01338	0.00798	0.00488	0.00525	0.00163	0.00651	0.00471	0.00254	0.00763
5	0.00653	0.00467	0.00624	0.00747	0.00781	0.00437	0.00507	0.00752	0.01021	0.01360	0.02909	0.77748	0.03476	0.01648	0.00677	0.00216	0.00315	0.04740	0.00491	0.00432
6	0.60227	0.01453	0.00995	0.00892	0.01206	0.23246	0.00707	0.03011	0.01096	0.02084	0.00768	0.00893	0.00609	0.00508	0.00373	0.00156	0.00566	0.00305	0.00315	0.00590
7	0.01014	0.00955	0.01614	0.76303	0.07367	0.01179	0.01476	0.01364	0.01064	0.01370	0.00942	0.01404	0.00711	0.00526	0.00528	0.00175	0.00701	0.00470	0.00236	0.00600
8	0.07599	0.14068	0.01608	0.01434	0.16234	0.05276	0.00975	0.02150	0.35407	0.01894	0.01443	0.01468	0.01131	0.00579	0.00474	0.00154	0.00507	0.00467	0.00390	0.06745
9	0.15918	0.01193	0.01244	0.01021	0.01377	0.01303	0.00828	0.32857	0.19059	0.02583	0.01407	0.01575	0.01097	0.00680	0.00540	0.02808	0.00486	0.03970	0.00462	0.09592
10	0.07998	0.01403	0.11402	0.01202	0.03432	0.01245	0.03389	0.31145	0.03825	0.27411	0.01466	0.01417	0.00994	0.00606	0.00515	0.00163	0.00558	0.00477	0.00501	0.00851
11	0.01157	0.01157	0.01619	0.01388	0.01388	0.01619	0.01157	0.01272	0.00810	0.01272	0.00694	0.01157	0.00694	0.00925	0.01735	0.00231	0.80453	0.00463	0.00231	0.00578
12	0.01052	0.00995	0.01683	0.66776	0.16593	0.01189	0.01495	0.01398	0.01083	0.01416	0.00949	0.01392	0.00728	0.00519	0.00528	0.00173	0.00691	0.00470	0.00240	0.00631
13	0.00922	0.00692	0.01136	0.01016	0.01164	0.00674	0.13503	0.01050	0.04626	0.01336	0.02001	0.12159	0.08700	0.01407	0.01198	0.32501	0.00501	0.14627	0.00354	0.00433
14	0.02352	0.00932	0.01247	0.00956	0.01366	0.00825	0.00790	0.06691	0.01567	0.74298	0.02040	0.01770	0.01286	0.00653	0.00531	0.00163	0.00457	0.00529	0.00647	0.00900
15	0.00830	0.00593	0.00826	0.00948	0.01060	0.00589	0.00813	0.01057	0.01195	0.01557	0.02811	0.14007	0.03091	0.01481	0.00724	0.00240	0.00468	0.66740	0.00487	0.00481
16	0.00647	0.00461	0.00613	0.00733	0.00763	0.00431	0.00487	0.00737	0.01007	0.01343	0.02888	0.79464	0.03464	0.03313	0.00717	0.00221	0.00311	0.01488	0.00487	0.00427
17	0.01068	0.01034	0.01635	0.69676	0.10585	0.04375	0.01464	0.01407	0.01089	0.01384	0.00940	0.01381	0.00716	0.00524	0.00526	0.00173	0.00708	0.00465	0.00239	0.00612
18	0.01826	0.02207	0.01430	0.01297	0.01576	0.61695	0.00980	0.02269	0.18579	0.01501	0.01118	0.01183	0.00892	0.00584	0.00491	0.00146	0.00833	0.00399	0.00332	0.00663
19	0.00876	0.00708	0.01159	0.01125	0.01294	0.00689	0.12427	0.01123	0.01185	0.01558	0.02552	0.18737	0.02778	0.01339	0.00704	0.00228	0.00517	0.50037	0.00454	0.00511
20	0.00860	0.00581	0.00753	0.00715	0.00854	0.00546	0.00539	0.01144	0.04683	0.06489	0.60613	0.11414	0.04425	0.01108	0.00623	0.00174	0.00281	0.03097	0.00573	0.00529
21	0.01360	0.06027	0.01312	0.01073	0.01388	0.01380	0.00850	0.06837	0.68404	0.02215	0.02017	0.01865	0.01517	0.00697	0.00525	0.00174	0.00436	0.00572	0.00519	0.00831
22	0.01838	0.01468	0.01933	0.01445	0.01893	0.01571	0.17979	0.59506	0.02206	0.02962	0.01224	0.01305	0.00877	0.00592	0.00550	0.00163	0.00652	0.00509	0.00470	0.00857
23	0.00650	0.00463	0.00612	0.00729	0.00758	0.00433	0.00483	0.00738	0.01001	0.01334	0.02855	0.77393	0.03422	0.05442	0.00770	0.00229	0.00316	0.01468	0.00483	0.00424
24	0.00643	0.00536	0.00561	0.00555	0.00725	0.00454	0.00416	0.00794	0.01248	0.01529	0.15967	0.04921	0.67234	0.01301	0.00625	0.00177	0.00265	0.01092	0.00504	0.00454
25	0.01160	0.01989	0.40379	0.01900	0.22474	0.04754	0.03957	0.01683	0.06111	0.01673	0.01137	0.04426	0.00924	0.00718	0.04260	0.00199	0.00739	0.00483	0.00271	0.00762
26	0.01190	0.01169	0.01618	0.01381	0.01398	0.01620	0.01151	0.04235	0.00876	0.01354	0.00717	0.01161	0.00702	0.00914	0.01687	0.00228	0.77302	0.00463	0.00243	0.00591
27	0.01076	0.06300	0.75256	0.01480	0.02246	0.01267	0.01906	0.01670	0.01114	0.01655	0.00939	0.01104	0.00670	0.00500	0.00495	0.00165	0.00772	0.00386	0.00223	0.00777
28	0.00998	0.00940	0.01586	0.80150	0.03641	0.01175	0.01468	0.01351	0.01057	0.01351	0.00940	0.01409	0.00705	0.00529	0.00529	0.00176	0.00705	0.00470	0.00235	0.00587
29	0.00638	0.00528	0.00559	0.00569	0.00726	0.00449	0.00420	0.00777	0.01210	0.01480	0.11444	0.13188	0.63488	0.01350	0.00630	0.00181	0.00270	0.01144	0.00499	0.00449
30	0.00958	0.00871	0.01464	0.35734	0.08722	0.00961	0.08442	0.01265	0.01207	0.01635	0.22660	0.06826	0.02141	0.00765	0.00602	0.00177	0.02235	0.02391	0.00358	0.00584
31	0.01315	0.01136	0.01195	0.01076	0.01375	0.01315	0.00837	0.02809	0.77168	0.02211	0.02152	0.01972	0.01614	0.00717	0.00538	0.00179	0.00418	0.00598	0.00538	0.00837
32	0.01315	0.01136	0.01195	0.01076	0.01375	0.01315	0.00837	0.02809	0.77168	0.02211	0.02152	0.01972	0.01614	0.00717	0.00538	0.00179	0.00418	0.00598	0.00538	0.00837
33	0.00933	0.00785	0.05154	0.00859	0.01031	0.00716	0.00671	0.01423	0.19411	0.05565	0.15377	0.40486	0.03032	0.01218	0.00616	0.00193	0.00357	0.01082	0.00511	0.00582
34	0.01249	0.00993	0.01125	0.00828	0.01279	0.03117	0.00662	0.01535	0.04551	0.08746	0.01095	0.01195	0.00865	0.00435	0.00413	0.00092	0.00415	0.00347	0.00353	0.70706
35	0.01250	0.01196	0.02040	0.17784	0.64043	0.01241	0.01593	0.01571	0.01176	0.01656	0.00984	0.01328	0.00812	0.00482	0.00524	0.00161	0.00643	0.00471	0.00257	0.00790
36	0.02508	0.01020	0.01340	0.01054	0.01469	0.00876	0.00848	0.02661	0.01609	0.76579	0.02226	0.02017	0.01456	0.00764	0.00604	0.00195	0.00508	0.00584	0.00703	0.00980
37	0.01277	0.01227	0.02079	0.09335	0.69016	0.01264	0.01591	0.01586	0.01176	0.01678	0.00978	0.01310	0.00821	0.00494	0.00573	0.00162	0.03896	0.00471	0.00258	0.00807
38	0.01244	0.02460	0.63553	0.01422	0.02119	0.04647	0.01737	0.01842	0.05157	0.09271	0.01118	0.01221	0.00783	0.00530	0.00506	0.00166	0.00737	0.00413	0.00284	0.00788
39	0.00669	0.00480	0.00636	0.00719	0.00772	0.00446	0.00493	0.00800	0.01130	0.01537	0.21102	0.62355	0.03859	0.01517	0.00662	0.00203	0.00293	0.01370	0.00513	0.00446
40	0.01108	0.01014	0.01730	0.64104	0.09006	0.01196	0.06947	0.03692	0.01138	0.03603	0.00995	0.01410	0.00744	0.00525	0.00535	0.00174	0.00702	0.00483	0.00260	0.00633
41	0.01103	0.01002	0.01522	0.44800	0.10328	0.01143	0.01250	0.05005	0.03081	0.01590	0.04380	0.01452	0.00951	0.00568	0.00608	0.00163	0.06961	0.00471	0.00286	0.13336
42	0.00731	0.00539	0.00744	0.00751	0.00845	0.00517	0.02331	0.00911	0.01209	0.01670	0.34825	0.29123	0.04818	0.06457	0.08112	0.00271	0.00421	0.04764	0.00495	0.00466
43	0.08901	0.00882	0.01148	0.00897	0.01274	0.00790	0.00733	0.02371	0.01433	0.66819	0.04335	0.01859	0.01390	0.03955	0.00606	0.00178	0.00443	0.00535	0.00612	0.00837
44	0.01304	0.57260	0.26291	0.01091	0.01645	0.01824	0.01229	0.01611	0.01087	0.01377	0.00801	0.00931	0.00676	0.00468	0.00390	0.00130	0.00632	0.00316	0.00225	0.00710
45	0.01303	0.01374	0.02339	0.07273	0.33803	0.06816	0.27490	0.01665	0.03006	0.01636	0.01008	0.01334	0.00813	0.00514	0.00655	0.00171	0.07277	0.00517	0.00267	0.00742
46	0.00804	0.00576	0.00781	0.00824	0.00925	0.00571	0.00652	0.01007	0.01255	0.03002	0.29230	0.23001	0.03713	0.01338	0.00717	0.00207	0.03627	0.26769	0.00514	0.00488
47	0.00691	0.00538	0.00628	0.00605	0.00755	0.00475	0.00454	0.00888	0.01362	0.01801	0.44451	0.04474	0.38580	0.01200	0.00624	0.00172	0.00258	0.01030	0.00540	0.00475
48	0.01332	0.01164	0.01250	0.09539	0.01627	0.04364	0.00910	0.02620	0.64231	0.03911	0.01968	0.01868	0.01472	0.00689	0.00534	0.00177	0.00471	0.00572	0.00498	0.00803
49	0.00775	0.00565	0.00767	0.00809	0.00876	0.00578	0.01734	0.00916	0.04643	0.01340	0.02483	0.42051	0.07640	0.03840	0.06677	0.12071	0.03993	0.07381	0.00422	0.00438
50	0.14849	0.00909	0.01146	0.00896	0.01286	0.00832	0.00739	0.02382	0.01420	0.65038	0.03807	0.01712	0.01291	0.00640	0.00503	0.00164	0.00439	0.00505	0.00603	0.00840
51	0.01308	0.01256	0.02146	0.03245	0.78123	0.01256	0.01622	0.01622	0.01204	0.01727	0.00994	0.01308	0.00837	0.00471	0.00523	0.00157	0.00628	0.00471	0.00262	0.00837
52	0.11315	0.04118	0.04095	0.06464	0.24489	0.01257	0.21502	0.05547	0.04612	0.07279	0.01171	0.03747	0.00930	0.00538	0.00527	0.00167	0.00646	0.00523	0.00328	0.00746
53	0.53239	0.03379	0.04312	0.02079	0.01297	0.19386	0.00776	0.04870	0.01127	0.02073	0.00795	0.00923	0.00626	0.00507	0.00383	0.00154	0.00566	0.00315	0.00315	0.02878
54	0.01490	0.38406	0.02037	0.01069	0.01454	0.11494	0.02925	0.07721	0.23329	0.01713	0.01211	0.01241	0.00973	0.00553	0.00437	0.00140	0.00578	0.00406	0.00349	0.02475

[dist]
# distance from previous block
# <min> <max>
1	29

[block]
# block no. 1 follows, 46 sequences, length 40
# corresponding to MSA columns:
# 210-249
name=unknown_B
#
# <colnr> <probs for GDERKNQSTAVLIFYWHMCP>
#	G	D	E	R	K	N	Q	S	T	A	V	L	I	F	Y	W	H	M	C	P
0	0.01311	0.01139	0.01501	0.01281	0.04506	0.04456	0.06252	0.07304	0.04387	0.06439	0.02630	0.01376	0.00959	0.00790	0.03247	0.00193	0.31448	0.00469	0.05108	0.15206
1	0.09011	0.03052	0.01335	0.06598	0.01507	0.01079	0.00886	0.09750	0.01398	0.43613	0.01554	0.01530	0.01058	0.00760	0.02978	0.00192	0.11926	0.00486	0.00502	0.00786
2	0.00989	0.00916	0.01542	0.56985	0.09478	0.01087	0.03688	0.01312	0.01060	0.01389	0.01185	0.01732	0.02922	0.00980	0.09846	0.00256	0.00769	0.03012	0.00259	0.00592
3	0.01229	0.01136	0.01851	0.40035	0.15729	0.05553	0.13484	0.01557	0.01173	0.06916	0.01150	0.03876	0.00927	0.00573	0.00550	0.00173	0.00701	0.02431	0.00290	0.00666
4	0.01156	0.01083	0.04589	0.22004	0.04895	0.01067	0.23821	0.04619	0.01204	0.06993	0.01517	0.17415	0.01412	0.00776	0.00624	0.00185	0.02771	0.02884	0.00345	0.00641
5	0.02131	0.00847	0.01145	0.00896	0.01265	0.00735	0.00733	0.02338	0.01501	0.67339	0.10670	0.02151	0.04313	0.00725	0.00545	0.00164	0.00421	0.00599	0.00641	0.00840
6	0.03759	0.02723	0.11170	0.09279	0.02081	0.07497	0.19461	0.09118	0.01389	0.22166	0.01278	0.01395	0.00897	0.00568	0.00600	0.00169	0.04809	0.00496	0.00386	0.00757
7	0.18060	0.01106	0.03940	0.18671	0.06979	0.01143	0.02525	0.15347	0.02902	0.10230	0.04159	0.01677	0.04143	0.00627	0.00498	0.00165	0.00538	0.02731	0.00394	0.04165
8	0.00781	0.00627	0.00704	0.00680	0.00847	0.00603	0.00513	0.01150	0.12594	0.01736	0.26386	0.05491	0.36231	0.04636	0.02312	0.00205	0.00326	0.03148	0.00514	0.00516
9	0.00702	0.00526	0.00652	0.00654	0.00774	0.00476	0.00482	0.00895	0.01333	0.01803	0.45308	0.18395	0.21930	0.01256	0.00636	0.00180	0.00269	0.02714	0.00542	0.00473
10	0.01033	0.00984	0.01721	0.56535	0.07341	0.01132	0.10848	0.01375	0.01094	0.01431	0.01110	0.01775	0.00923	0.02726	0.00609	0.00187	0.00697	0.05722	0.00262	0.02495
11	0.05299	0.03597	0.25244	0.01187	0.01640	0.01301	0.01172	0.02366	0.48028	0.02029	0.01675	0.01625	0.01248	0.00633	0.00512	0.00173	0.00534	0.00511	0.00422	0.00803
12	0.01359	0.03610	0.05424	0.03606	0.28077	0.03571	0.05186	0.06922	0.04041	0.06363	0.01091	0.01269	0.00859	0.00481	0.00483	0.00135	0.00567	0.00427	0.00327	0.26203
13	0.07960	0.01424	0.20437	0.01188	0.01653	0.01029	0.09454	0.01907	0.12842	0.17762	0.01436	0.04331	0.01083	0.00653	0.00583	0.04251	0.00561	0.00504	0.00395	0.10547
14	0.01763	0.01178	0.11534	0.01075	0.01456	0.04638	0.03187	0.02029	0.01372	0.42952	0.04025	0.02476	0.03757	0.00795	0.00602	0.00179	0.02956	0.12744	0.00520	0.00763
15	0.00782	0.00631	0.00962	0.00887	0.01026	0.00591	0.09936	0.00967	0.01178	0.01585	0.22309	0.25686	0.10968	0.11341	0.00909	0.00234	0.00405	0.08661	0.00465	0.00477
16	0.01229	0.28222	0.05005	0.08166	0.03836	0.02494	0.00930	0.01802	0.22305	0.02744	0.06725	0.01815	0.05579	0.03989	0.00601	0.00169	0.02821	0.00519	0.00365	0.00683
17	0.01296	0.01243	0.02123	0.06338	0.75127	0.01253	0.01616	0.01612	0.01198	0.01712	0.00992	0.01312	0.00832	0.00473	0.00524	0.00158	0.00631	0.00471	0.00261	0.00827
18	0.00666	0.00467	0.00615	0.00721	0.00762	0.00437	0.00486	0.00775	0.01050	0.01430	0.08152	0.72367	0.03513	0.01573	0.00659	0.00208	0.00300	0.01423	0.03960	0.00437
19	0.00771	0.00520	0.00605	0.00616	0.00632	0.00517	0.00375	0.00803	0.00841	0.01124	0.04937	0.05922	0.02183	0.69445	0.02391	0.00468	0.00494	0.06661	0.00349	0.00344
20	0.11373	0.36266	0.30624	0.01176	0.03546	0.03290	0.01272	0.01667	0.03656	0.01585	0.00871	0.01000	0.00698	0.00487	0.00413	0.00143	0.00632	0.00340	0.00250	0.00712
21	0.00813	0.04220	0.07986	0.00753	0.00967	0.00661	0.00652	0.01130	0.04621	0.01953	0.54531	0.03625	0.14045	0.01020	0.00597	0.00166	0.00322	0.00881	0.00520	0.00540
22	0.00665	0.00477	0.00625	0.00724	0.00770	0.00446	0.00493	0.00774	0.01058	0.01414	0.09565	0.65759	0.06064	0.05073	0.00758	0.00223	0.00315	0.03871	0.00491	0.00433
23	0.61156	0.00987	0.00907	0.00766	0.01117	0.01067	0.00632	0.01850	0.01078	0.24439	0.01127	0.01131	0.00786	0.00538	0.00386	0.00164	0.00421	0.00357	0.00422	0.00667
24	0.01179	0.01083	0.01201	0.01001	0.06706	0.06779	0.00727	0.01412	0.01135	0.01690	0.00934	0.01100	0.00779	0.00409	0.00407	0.00088	0.00451	0.00326	0.00306	0.72284
25	0.00998	0.00940	0.01586	0.80150	0.03641	0.01175	0.01468	0.01351	0.01057	0.01351	0.00940	0.01409	0.00705	0.00529	0.00529	0.00176	0.00705	0.00470	0.00235	0.00587
26	0.00802	0.00598	0.00865	0.00851	0.00954	0.00690	0.00659	0.03695	0.00906	0.01296	0.01421	0.02106	0.01332	0.07136	0.73186	0.00810	0.01347	0.00572	0.00294	0.00481
27	0.01449	0.06189	0.28277	0.04318	0.08793	0.02246	0.05587	0.05260	0.02293	0.19926	0.01513	0.04075	0.03308	0.00640	0.00530	0.00168	0.00627	0.03655	0.00378	0.00768
28	0.01215	0.22974	0.09416	0.01158	0.07327	0.01284	0.00950	0.03429	0.08752	0.06210	0.03415	0.13586	0.01484	0.08388	0.00814	0.00198	0.07771	0.00624	0.00352	0.00651
29	0.00998	0.00940	0.01586	0.80150	0.03641	0.01175	0.01468	0.01351	0.01057	0.01351	0.00940	0.01409	0.00705	0.00529	0.00529	0.00176	0.00705	0.00470	0.00235	0.00587
30	0.01477	0.11096	0.25076	0.02871	0.01859	0.12676	0.09139	0.01850	0.02780	0.14075	0.01125	0.01226	0.00824	0.00512	0.00485	0.00146	0.00681	0.00414	0.00324	0.11362
31	0.85155	0.01022	0.00777	0.00695	0.01022	0.01186	0.00573	0.01554	0.00900	0.02372	0.00736	0.00859	0.00573	0.00491	0.00327	0.00164	0.00409	0.00286	0.00327	0.00573
32	0.85155	0.01022	0.00777	0.00695	0.01022	0.01186	0.00573	0.01554	0.00900	0.02372	0.00736	0.00859	0.00573	0.00491	0.00327	0.00164	0.00409	0.00286	0.00327	0.00573
33	0.00755	0.00565	0.00840	0.00837	0.00933	0.00649	0.00649	0.00948	0.00895	0.01290	0.06809	0.02209	0.01580	0.03761	0.73772	0.00801	0.01334	0.00594	0.00304	0.00474
34	0.01303	0.01112	0.01170	0.01055	0.01347	0.01285	0.00820	0.02752	0.74404	0.02203	0.02136	0.01972	0.01604	0.00714	0.00532	0.00177	0.00412	0.00594	0.03584	0.00824
35	0.00998	0.00940	0.01586	0.80150	0.03641	0.01175	0.01468	0.01351	0.01057	0.01351	0.00940	0.01409	0.00705	0.00529	0.00529	0.00176	0.00705	0.00470	0.00235	0.00587
36	0.00692	0.00538	0.00629	0.00607	0.00756	0.00475	0.00455	0.00890	0.01365	0.01807	0.45098	0.04463	0.37929	0.01197	0.00624	0.00172	0.00258	0.01028	0.00541	0.00475
37	0.00707	0.00505	0.00683	0.00789	0.00852	0.00481	0.00582	0.00852	0.01112	0.01485	0.10360	0.54524	0.03531	0.01550	0.00684	0.00217	0.00346	0.19792	0.00499	0.00451
38	0.01266	0.01215	0.02061	0.12358	0.66638	0.01259	0.01588	0.01578	0.01173	0.01667	0.00978	0.01315	0.00817	0.00493	0.00565	0.00162	0.03340	0.00471	0.00257	0.00799
39	0.01195	0.00647	0.00814	0.00776	0.00952	0.00606	0.00584	0.05905	0.01282	0.20120	0.06792	0.35347	0.07873	0.01168	0.00591	0.00184	0.00351	0.03684	0.10543	0.00586

[dist]
# distance from previous block
# <min> <max>
0	1

[block]
# block no. 2 follows, 46 sequences, length 29
# corresponding to MSA columns:
# 251-279
name=unknown_C
#
# <colnr> <probs for GDERKNQSTAVLIFYWHMCP>
#	G	D	E	R	K	N	Q	S	T	A	V	L	I	F	Y	W	H	M	C	P
0	0.20989	0.20652	0.07362	0.09031	0.21308	0.01424	0.04881	0.01605	0.03493	0.01734	0.00941	0.01212	0.00781	0.00506	0.00442	0.00154	0.00583	0.01932	0.00277	0.00696
1	0.00963	0.00797	0.00999	0.11090	0.01296	0.04216	0.02953	0.01075	0.00925	0.01265	0.01243	0.02171	0.01257	0.32224	0.06821	0.08019	0.02810	0.00555	0.00291	0.19030
2	0.00998	0.00940	0.01586	0.80150	0.03641	0.01175	0.01468	0.01351	0.01057	0.01351	0.00940	0.01409	0.00705	0.00529	0.00529	0.00176	0.00705	0.00470	0.00235	0.00587
3	0.01189	0.06396	0.01621	0.15622	0.26225	0.01077	0.02665	0.01446	0.01099	0.08083	0.01244	0.05961	0.01083	0.01273	0.16385	0.00299	0.02966	0.00536	0.00307	0.04521
4	0.81780	0.01019	0.00809	0.03882	0.01127	0.01185	0.00608	0.01546	0.00906	0.02331	0.00744	0.00881	0.00578	0.00492	0.00335	0.00164	0.00421	0.00294	0.00323	0.00573
5	0.01413	0.81739	0.02770	0.00905	0.01357	0.02092	0.00905	0.01583	0.01074	0.01244	0.00735	0.00848	0.00678	0.00452	0.00339	0.00113	0.00565	0.00283	0.00226	0.00678
6	0.33415	0.01426	0.01347	0.01345	0.12438	0.19942	0.04167	0.03957	0.01248	0.14583	0.01045	0.01138	0.00777	0.00530	0.00444	0.00157	0.00604	0.00386	0.00362	0.00690
7	0.02372	0.00900	0.01227	0.00941	0.01350	0.00777	0.00777	0.02576	0.01513	0.78489	0.02086	0.01799	0.01309	0.00654	0.00532	0.00164	0.00450	0.00532	0.00654	0.00900
8	0.01180	0.27494	0.38347	0.01164	0.01776	0.01394	0.01343	0.01574	0.01099	0.01547	0.00879	0.01027	0.00696	0.00463	0.00427	0.00132	0.00631	0.00340	0.00243	0.18244
9	0.00852	0.00608	0.00852	0.00974	0.01095	0.00608	0.00852	0.01095	0.01217	0.01582	0.02799	0.05963	0.03042	0.01460	0.00730	0.00243	0.00487	0.74565	0.00487	0.00487
10	0.02159	0.00981	0.01230	0.00954	0.01338	0.00930	0.00784	0.17916	0.01677	0.55145	0.01879	0.01705	0.01227	0.00646	0.00515	0.00159	0.00457	0.00516	0.08923	0.00859
11	0.00734	0.00538	0.00703	0.00706	0.00818	0.00511	0.00533	0.00941	0.01303	0.01797	0.45508	0.13813	0.11130	0.03319	0.08183	0.00254	0.00398	0.07817	0.00519	0.00477
12	0.00647	0.00536	0.00568	0.00569	0.00736	0.00457	0.00429	0.00797	0.01237	0.01516	0.14152	0.06819	0.64960	0.01318	0.00629	0.00180	0.00273	0.03222	0.00502	0.00454
13	0.01060	0.02735	0.78682	0.01507	0.02288	0.01228	0.01953	0.01674	0.01116	0.01674	0.00949	0.01116	0.00670	0.00502	0.00502	0.00167	0.00781	0.00391	0.00223	0.00781
14	0.00750	0.00539	0.00738	0.00749	0.00807	0.00591	0.00533	0.00868	0.00837	0.01171	0.01631	0.09501	0.01712	0.29426	0.46998	0.00682	0.01019	0.00716	0.00314	0.00418
15	0.00720	0.00539	0.00668	0.00636	0.00773	0.00487	0.00477	0.00944	0.01431	0.01964	0.61543	0.04205	0.21387	0.01139	0.00624	0.00169	0.00254	0.00992	0.00561	0.00487
16	0.10002	0.73461	0.02566	0.00883	0.01323	0.01999	0.00871	0.01580	0.01056	0.01359	0.00735	0.00849	0.00668	0.00456	0.00338	0.00118	0.00549	0.00283	0.00237	0.00668
17	0.01016	0.00951	0.01563	0.75635	0.03512	0.01183	0.01432	0.01434	0.05403	0.01400	0.01009	0.01442	0.00757	0.00539	0.00529	0.00176	0.00688	0.00477	0.00252	0.00602
18	0.01152	0.07649	0.15573	0.00973	0.01488	0.00927	0.03291	0.01458	0.01130	0.04294	0.03358	0.01203	0.00903	0.00449	0.00427	0.00106	0.00490	0.00362	0.00308	0.54458
19	0.80330	0.00990	0.00768	0.00698	0.01008	0.01143	0.00568	0.01507	0.00906	0.02314	0.00860	0.05439	0.00739	0.00557	0.00347	0.00166	0.00403	0.00356	0.00336	0.00564
20	0.01060	0.02735	0.78682	0.01507	0.02288	0.01228	0.01953	0.01674	0.01116	0.01674	0.00949	0.01116	0.00670	0.00502	0.00502	0.00167	0.00781	0.00391	0.00223	0.00781
21	0.00747	0.00521	0.00666	0.00728	0.00822	0.00481	0.00533	0.00890	0.01150	0.04111	0.13406	0.42117	0.16165	0.03761	0.00720	0.00213	0.00329	0.11674	0.00503	0.00463
22	0.00998	0.00940	0.01586	0.80150	0.03641	0.01175	0.01468	0.01351	0.01057	0.01351	0.00940	0.01409	0.00705	0.00529	0.00529	0.00176	0.00705	0.00470	0.00235	0.00587
23	0.01413	0.00995	0.01451	0.12770	0.21950	0.00940	0.01051	0.03388	0.01261	0.18731	0.03440	0.01704	0.02981	0.00576	0.00504	0.00145	0.00513	0.03115	0.00387	0.22685
24	0.02132	0.00891	0.01172	0.00900	0.01297	0.00771	0.00739	0.04157	0.01465	0.63220	0.01918	0.01722	0.01245	0.00623	0.00506	0.00152	0.00433	0.00504	0.06255	0.09899
25	0.01132	0.01076	0.01827	0.46968	0.35778	0.01210	0.01535	0.01468	0.01120	0.01513	0.00963	0.01366	0.00762	0.00504	0.00526	0.00168	0.00672	0.00470	0.00246	0.00695
26	0.01110	0.00978	0.01284	0.03316	0.08937	0.00808	0.04035	0.01401	0.03454	0.01730	0.03153	0.02746	0.00980	0.00458	0.00435	0.00101	0.00441	0.00395	0.00322	0.63916
27	0.13057	0.00851	0.00965	0.00752	0.01114	0.00728	0.00598	0.01366	0.01194	0.07130	0.19764	0.01807	0.01815	0.00592	0.00449	0.00118	0.00363	0.00481	0.00404	0.46453
28	0.16077	0.01204	0.01437	0.10660	0.06415	0.07039	0.07471	0.04991	0.22968	0.14257	0.01452	0.01493	0.01061	0.00591	0.00501	0.00168	0.00556	0.00488	0.00423	0.00746

[dist]
# distance from previous block
# <min> <max>
0	267

# created by:
# /home/berkeley/.conda/envs/busco_data_prod/bin/msa2prfl.pl pipeline/OGs_align_augustus/33634/124822.fs
