[name]
unknown

[dist]
# distance from previous block
# <min> <max>
0	325

[block]
# block no. 0 follows, 48 sequences, length 17
# corresponding to MSA columns:
# 416-432
name=unknown_A
#
# <colnr> <probs for GDERKNQSTAVLIFYWHMCP>
#	G	D	E	R	K	N	Q	S	T	A	V	L	I	F	Y	W	H	M	C	P
0	0.00965	0.00714	0.00925	0.00921	0.01108	0.00723	0.03133	0.01420	0.15776	0.05801	0.06500	0.04474	0.14155	0.01172	0.00639	0.00205	0.00427	0.39891	0.00489	0.00560
1	0.01191	0.55887	0.02154	0.00876	0.01222	0.01575	0.04816	0.01368	0.01096	0.01360	0.14487	0.01621	0.01514	0.08222	0.00607	0.00159	0.00507	0.00451	0.00291	0.00597
2	0.00874	0.08283	0.00929	0.10512	0.01059	0.00762	0.00552	0.03311	0.00882	0.01152	0.01478	0.02891	0.01613	0.56646	0.03402	0.00404	0.00542	0.04000	0.00305	0.00403
3	0.01192	0.12976	0.20462	0.01823	0.02385	0.01376	0.49093	0.01624	0.01158	0.01578	0.00966	0.01237	0.00732	0.00446	0.00540	0.00162	0.00796	0.00507	0.00244	0.00703
4	0.06028	0.11868	0.01546	0.01188	0.01423	0.34635	0.00952	0.01893	0.14648	0.01457	0.00980	0.01125	0.00817	0.00626	0.00721	0.00159	0.18613	0.00391	0.00298	0.00631
5	0.01203	0.00905	0.01478	0.66705	0.03143	0.01072	0.01307	0.01520	0.01104	0.14987	0.01107	0.01435	0.00787	0.00534	0.00514	0.00169	0.00641	0.00467	0.00300	0.00623
6	0.01089	0.03544	0.10455	0.00804	0.01040	0.00662	0.00710	0.01282	0.01259	0.15225	0.39436	0.02633	0.02872	0.01017	0.00812	0.15083	0.00385	0.00682	0.00463	0.00545
7	0.51295	0.01140	0.01082	0.01123	0.11969	0.08506	0.00774	0.01743	0.01074	0.15618	0.00987	0.01064	0.00727	0.00506	0.00393	0.00155	0.00483	0.00350	0.00359	0.00651
8	0.13426	0.01246	0.01311	0.01016	0.01410	0.01328	0.00833	0.49199	0.03468	0.02769	0.03629	0.01245	0.00952	0.00571	0.00466	0.00142	0.00495	0.00426	0.00451	0.15619
9	0.01324	0.01191	0.01870	0.19595	0.48920	0.01267	0.01437	0.14784	0.01356	0.01871	0.01001	0.01284	0.00795	0.00497	0.00510	0.00157	0.00618	0.00458	0.00294	0.00771
10	0.00992	0.00825	0.00961	0.00789	0.01038	0.00788	0.00592	0.01310	0.11675	0.01492	0.01406	0.01984	0.03886	0.24017	0.01174	0.00229	0.08007	0.00511	0.00335	0.37992
11	0.70953	0.00971	0.00831	0.00717	0.01048	0.01081	0.00591	0.01683	0.00978	0.15804	0.00945	0.00994	0.00681	0.00504	0.00352	0.00159	0.00404	0.00320	0.00373	0.00611
12	0.33820	0.01100	0.01109	0.00878	0.01259	0.01152	0.00721	0.24935	0.01461	0.12701	0.01083	0.01119	0.00785	0.00524	0.00415	0.00143	0.00451	0.00371	0.00418	0.15556
13	0.85592	0.00992	0.00754	0.00675	0.00992	0.01151	0.00556	0.01508	0.00873	0.02302	0.00714	0.00834	0.00556	0.00476	0.00318	0.00159	0.00397	0.00278	0.00318	0.00556
14	0.73776	0.00981	0.00832	0.06470	0.01191	0.01119	0.00622	0.01479	0.00897	0.02188	0.00742	0.00888	0.00579	0.00472	0.00336	0.00154	0.00417	0.00292	0.00310	0.06254
15	0.00744	0.00586	0.00825	0.00737	0.00894	0.00533	0.05663	0.00975	0.01365	0.01890	0.57639	0.07703	0.14710	0.01057	0.00603	0.00165	0.00292	0.00942	0.00522	0.02155
16	0.01784	0.01009	0.01429	0.01134	0.01493	0.00979	0.10623	0.19279	0.01590	0.36388	0.01854	0.04838	0.01460	0.00765	0.00563	0.00174	0.00523	0.12819	0.00527	0.00769

[dist]
# distance from previous block
# <min> <max>
0	1

[block]
# block no. 1 follows, 48 sequences, length 79
# corresponding to MSA columns:
# 434-512
name=unknown_B
#
# <colnr> <probs for GDERKNQSTAVLIFYWHMCP>
#	G	D	E	R	K	N	Q	S	T	A	V	L	I	F	Y	W	H	M	C	P
0	0.04854	0.20219	0.30964	0.01148	0.01687	0.02918	0.01240	0.12477	0.01336	0.16841	0.01121	0.01161	0.00801	0.00524	0.00453	0.00148	0.00610	0.00389	0.00346	0.00763
1	0.10138	0.03441	0.08784	0.01349	0.01808	0.01264	0.21064	0.24711	0.01582	0.18899	0.01258	0.01319	0.00876	0.00541	0.00512	0.00160	0.00617	0.00481	0.00419	0.00777
2	0.01235	0.01552	0.09674	0.05032	0.02430	0.10026	0.53160	0.01622	0.01198	0.01560	0.01066	0.04906	0.00865	0.00516	0.00605	0.00170	0.02869	0.00582	0.00264	0.00667
3	0.01868	0.01187	0.04612	0.08630	0.01782	0.02247	0.09011	0.22584	0.04764	0.35595	0.01541	0.01501	0.01034	0.00592	0.00523	0.00161	0.00559	0.00500	0.00497	0.00814
4	0.01786	0.01834	0.15724	0.01368	0.04775	0.29837	0.08216	0.02059	0.01357	0.26214	0.01239	0.01273	0.00870	0.00543	0.00499	0.00151	0.00721	0.00429	0.00373	0.00731
5	0.00961	0.00667	0.00960	0.23737	0.01626	0.00691	0.00785	0.01184	0.01202	0.11168	0.21118	0.16757	0.12922	0.00987	0.00580	0.00176	0.00413	0.03084	0.00446	0.00538
6	0.01344	0.52456	0.20928	0.01101	0.01612	0.04823	0.04919	0.01625	0.01096	0.04739	0.00840	0.00958	0.00689	0.00462	0.00394	0.00129	0.00625	0.00329	0.00241	0.00691
7	0.00992	0.00956	0.01678	0.73373	0.03454	0.01155	0.08497	0.01342	0.01043	0.01342	0.00924	0.01369	0.00693	0.00505	0.00522	0.00171	0.00701	0.00470	0.00231	0.00581
8	0.01081	0.01181	0.08897	0.45912	0.30097	0.01173	0.01521	0.01433	0.01082	0.01469	0.00932	0.01307	0.00727	0.00491	0.00509	0.00164	0.00664	0.00449	0.00236	0.00673
9	0.01194	0.13657	0.61365	0.01330	0.02010	0.01269	0.01648	0.01693	0.01113	0.08706	0.00993	0.01108	0.00708	0.00494	0.00468	0.00155	0.00699	0.00377	0.00256	0.00755
10	0.00969	0.00912	0.01539	0.80734	0.03534	0.01140	0.01425	0.01311	0.01026	0.01311	0.00912	0.01368	0.00684	0.00513	0.00513	0.00171	0.00684	0.00456	0.00228	0.00570
11	0.00683	0.00536	0.00824	0.00853	0.00929	0.00501	0.07525	0.00807	0.01008	0.01345	0.02661	0.72677	0.03144	0.01495	0.00651	0.00206	0.00354	0.02902	0.00456	0.00443
12	0.00968	0.00869	0.01440	0.56043	0.11399	0.01029	0.01271	0.01266	0.01026	0.02480	0.01156	0.08943	0.01016	0.00918	0.07843	0.00232	0.00699	0.00560	0.00264	0.00577
13	0.01200	0.01233	0.04072	0.16430	0.49137	0.01220	0.16053	0.01543	0.01150	0.01605	0.00969	0.01304	0.00780	0.00463	0.00527	0.00160	0.00675	0.00484	0.00250	0.00746
14	0.00624	0.00449	0.00592	0.00707	0.00742	0.00417	0.00473	0.00715	0.00990	0.01313	0.02922	0.78593	0.06372	0.01595	0.00653	0.00207	0.00296	0.01444	0.00476	0.00417
15	0.09976	0.00884	0.01151	0.00891	0.01281	0.00791	0.00736	0.02409	0.01414	0.72045	0.01904	0.01662	0.01204	0.00620	0.00498	0.00159	0.00433	0.00494	0.00606	0.00844
16	0.00680	0.00496	0.00694	0.00793	0.00851	0.00472	0.02113	0.00807	0.01029	0.01364	0.02768	0.63949	0.03247	0.01543	0.00665	0.00214	0.00346	0.17063	0.00471	0.00434
17	0.01029	0.02654	0.79309	0.01462	0.02221	0.01192	0.01896	0.01625	0.01083	0.01625	0.00921	0.01083	0.00650	0.00487	0.00487	0.00162	0.00758	0.00379	0.00217	0.00758
18	0.01428	0.01106	0.01206	0.01050	0.01349	0.01254	0.00827	0.10919	0.58492	0.09315	0.01960	0.03441	0.01472	0.00706	0.00558	0.00173	0.02837	0.00575	0.00522	0.00809
19	0.00820	0.00616	0.00701	0.00648	0.00806	0.00587	0.00485	0.08040	0.02889	0.01839	0.35466	0.03825	0.29057	0.08528	0.00773	0.00195	0.00305	0.00900	0.03027	0.00494
20	0.01372	0.82276	0.02689	0.00878	0.01317	0.02030	0.00878	0.01536	0.01043	0.01207	0.00713	0.00823	0.00658	0.00439	0.00329	0.00110	0.00549	0.00274	0.00219	0.00658
21	0.00627	0.00464	0.00586	0.00674	0.00736	0.00423	0.00460	0.00731	0.01041	0.01362	0.07056	0.63249	0.17674	0.01521	0.00643	0.00199	0.00288	0.01361	0.00481	0.00423
22	0.01952	0.01498	0.08543	0.01126	0.01533	0.14565	0.00974	0.26331	0.05740	0.30284	0.01462	0.01389	0.00997	0.00600	0.00504	0.00154	0.00589	0.00458	0.00488	0.00812
23	0.01261	0.01211	0.02067	0.05329	0.76653	0.01217	0.01571	0.01567	0.01164	0.01666	0.00964	0.01273	0.00809	0.00459	0.00508	0.00153	0.00612	0.00457	0.00253	0.00806
24	0.01423	0.74797	0.02573	0.00920	0.01342	0.09327	0.00889	0.01584	0.01081	0.01212	0.00721	0.00833	0.00659	0.00447	0.00342	0.00112	0.00584	0.00280	0.00224	0.00653
25	0.01064	0.00912	0.01064	0.00760	0.01216	0.00684	0.00608	0.01292	0.01064	0.01672	0.00912	0.01064	0.00760	0.00380	0.00380	0.00076	0.00380	0.00304	0.00304	0.85104
26	0.00733	0.00550	0.00825	0.00825	0.00916	0.00641	0.00641	0.00916	0.00825	0.01191	0.01374	0.02016	0.01283	0.03848	0.79934	0.00825	0.01374	0.00550	0.00275	0.00458
27	0.00690	0.00489	0.00575	0.00604	0.00650	0.00464	0.00385	0.00756	0.00941	0.01239	0.09581	0.25235	0.14275	0.40024	0.01581	0.00337	0.00383	0.01011	0.00405	0.00375
28	0.00757	0.00543	0.00742	0.00838	0.00935	0.00528	0.00683	0.00953	0.01162	0.01536	0.11946	0.25162	0.05351	0.01419	0.00680	0.00218	0.00394	0.45211	0.00485	0.00458
29	0.01072	0.01017	0.01724	0.54294	0.29172	0.01167	0.01476	0.01401	0.01075	0.01435	0.00930	0.01335	0.00728	0.00494	0.00511	0.00165	0.00659	0.00456	0.00237	0.00653
30	0.01917	0.02445	0.01454	0.01322	0.01586	0.79907	0.00991	0.02049	0.01454	0.01256	0.00793	0.00925	0.00661	0.00529	0.00463	0.00132	0.00925	0.00330	0.00264	0.00595
31	0.01237	0.01288	0.01557	0.01340	0.01381	0.10920	0.01103	0.03141	0.00904	0.01285	0.00701	0.01102	0.00677	0.00847	0.01510	0.00212	0.69549	0.00435	0.00236	0.00573
32	0.00625	0.00448	0.00594	0.00710	0.00743	0.00417	0.00474	0.00715	0.00987	0.01312	0.02885	0.79803	0.05187	0.01600	0.00654	0.00208	0.00297	0.01450	0.00476	0.00417
33	0.85592	0.00992	0.00754	0.00675	0.00992	0.01151	0.00556	0.01508	0.00873	0.02302	0.00714	0.00834	0.00556	0.00476	0.00318	0.00159	0.00397	0.00278	0.00318	0.00556
34	0.01446	0.01223	0.01532	0.05334	0.07783	0.01356	0.07960	0.23607	0.39407	0.02330	0.01600	0.01593	0.01193	0.00621	0.00526	0.00166	0.00523	0.00533	0.00459	0.00806
35	0.00738	0.00531	0.00730	0.00730	0.00788	0.00590	0.00523	0.00855	0.00797	0.01121	0.01461	0.02497	0.01492	0.31850	0.52218	0.00707	0.01060	0.00620	0.00288	0.00405
36	0.01001	0.02458	0.72065	0.01387	0.02087	0.01126	0.01766	0.01564	0.01117	0.01665	0.08068	0.01337	0.01036	0.00539	0.00498	0.00162	0.00711	0.00430	0.00249	0.00733
37	0.00956	0.00478	0.00478	0.00478	0.00598	0.00478	0.00359	0.01196	0.01076	0.01913	0.01674	0.01913	0.01315	0.00598	0.00359	0.00120	0.00239	0.00478	0.84816	0.00478
38	0.01257	0.01205	0.02058	0.06603	0.75417	0.01216	0.01568	0.01563	0.01162	0.01660	0.00963	0.01274	0.00807	0.00460	0.00508	0.00153	0.00613	0.00457	0.00253	0.00802
39	0.00644	0.00460	0.00617	0.00736	0.00774	0.00433	0.00509	0.00747	0.01001	0.01331	0.02818	0.74645	0.03353	0.01590	0.00660	0.00211	0.00314	0.08263	0.00476	0.00422
40	0.00956	0.00478	0.00478	0.00478	0.00598	0.00478	0.00359	0.01196	0.01076	0.01913	0.01674	0.01913	0.01315	0.00598	0.00359	0.00120	0.00239	0.00478	0.84816	0.00478
41	0.00625	0.00447	0.00595	0.00714	0.00744	0.00417	0.00476	0.00714	0.00982	0.01310	0.02828	0.81633	0.03394	0.01608	0.00655	0.00208	0.00298	0.01459	0.00476	0.00417
42	0.01276	0.01102	0.01160	0.01044	0.01334	0.01276	0.00812	0.02727	0.77840	0.02146	0.02088	0.01914	0.01566	0.00696	0.00522	0.00174	0.00406	0.00580	0.00522	0.00812
43	0.00647	0.00463	0.00615	0.00700	0.00749	0.00431	0.00478	0.00769	0.01083	0.01469	0.18947	0.65059	0.03702	0.01489	0.00644	0.00198	0.00286	0.01346	0.00495	0.00431
44	0.01123	0.01123	0.01572	0.01347	0.01347	0.01572	0.01123	0.01235	0.00786	0.01235	0.00674	0.01123	0.00674	0.00898	0.01684	0.00225	0.81028	0.00449	0.00225	0.00561
45	0.03751	0.01684	0.01364	0.10760	0.01725	0.34893	0.00967	0.11496	0.20700	0.01782	0.01192	0.01270	0.00920	0.00571	0.00482	0.00148	0.00680	0.00422	0.00359	0.04833
46	0.01766	0.06096	0.01458	0.01246	0.01524	0.60884	0.00951	0.02155	0.16208	0.01426	0.01040	0.01112	0.00836	0.00557	0.00468	0.00139	0.00806	0.00376	0.00312	0.00640
47	0.00992	0.02451	0.72057	0.01394	0.02085	0.01120	0.01765	0.01541	0.01074	0.01596	0.01097	0.08504	0.00903	0.00591	0.00503	0.00167	0.00716	0.00479	0.00241	0.00727
48	0.56299	0.00970	0.00905	0.00752	0.01103	0.01029	0.00618	0.03861	0.01071	0.19915	0.01048	0.01076	0.00748	0.00508	0.00374	0.00151	0.00409	0.00340	0.00395	0.08427
49	0.01923	0.02272	0.01469	0.01298	0.01587	0.66424	0.00989	0.14963	0.01619	0.01596	0.00869	0.00978	0.00697	0.00544	0.00471	0.00136	0.00863	0.00353	0.00307	0.00643
50	0.00734	0.00545	0.00800	0.00800	0.00883	0.00628	0.00610	0.00900	0.00817	0.01173	0.01397	0.02141	0.01337	0.11167	0.72689	0.00794	0.01292	0.00568	0.00278	0.00444
51	0.00634	0.00461	0.00600	0.00708	0.00755	0.00427	0.00486	0.00734	0.01010	0.01328	0.03041	0.70766	0.10297	0.01570	0.00653	0.00207	0.00303	0.05125	0.00476	0.00421
52	0.02284	0.00903	0.01209	0.00927	0.01325	0.00798	0.00766	0.06431	0.01518	0.75121	0.01983	0.01719	0.01249	0.00634	0.00516	0.00159	0.00443	0.00513	0.00629	0.00873
53	0.01123	0.01123	0.01572	0.01347	0.01347	0.01572	0.01123	0.01235	0.00786	0.01235	0.00674	0.01123	0.00674	0.00898	0.01684	0.00225	0.81028	0.00449	0.00225	0.00561
54	0.01276	0.01102	0.01160	0.01044	0.01334	0.01276	0.00812	0.02727	0.77840	0.02146	0.02088	0.01914	0.01566	0.00696	0.00522	0.00174	0.00406	0.00580	0.00522	0.00812
55	0.01211	0.01384	0.03028	0.02163	0.02682	0.01298	0.76903	0.01644	0.01211	0.01644	0.01038	0.01384	0.00779	0.00433	0.00606	0.00173	0.00865	0.00606	0.00260	0.00692
56	0.71252	0.00972	0.00829	0.00716	0.01047	0.01083	0.00590	0.01679	0.00976	0.15528	0.00940	0.00991	0.00679	0.00504	0.00352	0.00159	0.00404	0.00319	0.00372	0.00610
57	0.01242	0.01190	0.02032	0.10419	0.71718	0.01212	0.01561	0.01550	0.01155	0.01642	0.00960	0.01279	0.00801	0.00462	0.00508	0.00154	0.00617	0.00457	0.00252	0.00790
58	0.01086	0.01033	0.01746	0.49819	0.32082	0.01178	0.01476	0.01410	0.01076	0.01448	0.00928	0.01326	0.00733	0.00499	0.00532	0.00165	0.02107	0.00456	0.00238	0.00662
59	0.01123	0.01123	0.01572	0.01347	0.01347	0.01572	0.01123	0.01235	0.00786	0.01235	0.00674	0.01123	0.00674	0.00898	0.01684	0.00225	0.81028	0.00449	0.00225	0.00561
60	0.01211	0.01384	0.03028	0.02163	0.02682	0.01298	0.76903	0.01644	0.01211	0.01644	0.01038	0.01384	0.00779	0.00433	0.00606	0.00173	0.00865	0.00606	0.00260	0.00692
61	0.01457	0.08578	0.03099	0.01181	0.01543	0.01200	0.13141	0.02274	0.36440	0.18099	0.01755	0.01795	0.01309	0.00720	0.02682	0.00184	0.00535	0.02774	0.00461	0.00771
62	0.19663	0.02137	0.01306	0.01185	0.01460	0.63205	0.00899	0.01934	0.01331	0.01478	0.00776	0.00906	0.00639	0.00518	0.00432	0.00138	0.00813	0.00319	0.00276	0.00587
63	0.00625	0.00447	0.00595	0.00714	0.00744	0.00417	0.00476	0.00714	0.00982	0.01310	0.02828	0.81633	0.03394	0.01608	0.00655	0.00208	0.00298	0.01459	0.00476	0.00417
64	0.06473	0.00880	0.01213	0.10335	0.03448	0.00822	0.00834	0.02232	0.01363	0.61673	0.01822	0.04032	0.01216	0.00637	0.00509	0.00162	0.00464	0.00523	0.00556	0.00806
65	0.01023	0.00967	0.01636	0.66836	0.17011	0.01154	0.01452	0.01358	0.01051	0.01376	0.00922	0.01350	0.00707	0.00503	0.00512	0.00168	0.00671	0.00456	0.00233	0.00613
66	0.00969	0.00912	0.01539	0.80734	0.03534	0.01140	0.01425	0.01311	0.01026	0.01311	0.00912	0.01368	0.00684	0.00513	0.00513	0.00171	0.00684	0.00456	0.00228	0.00570
67	0.02205	0.00906	0.01274	0.01122	0.08567	0.00798	0.00831	0.02414	0.01440	0.71866	0.01925	0.01702	0.01227	0.00618	0.00515	0.00158	0.00453	0.00510	0.00599	0.00868
68	0.03458	0.00878	0.01217	0.01087	0.07433	0.00831	0.00803	0.02121	0.01305	0.56922	0.01764	0.01782	0.01225	0.06931	0.04119	0.00217	0.06075	0.00521	0.00531	0.00781
69	0.01025	0.01251	0.16870	0.06608	0.32831	0.00971	0.01326	0.01346	0.01119	0.01564	0.01562	0.13691	0.01561	0.00819	0.00564	0.00180	0.00572	0.15155	0.00320	0.00664
70	0.01156	0.32176	0.50900	0.01246	0.01886	0.01503	0.01518	0.01592	0.01068	0.01470	0.00844	0.00987	0.00653	0.00470	0.00429	0.00143	0.00681	0.00340	0.00218	0.00721
71	0.01816	0.05424	0.18230	0.03298	0.08525	0.04112	0.01108	0.02137	0.03000	0.44778	0.01550	0.01476	0.01032	0.00571	0.00498	0.00156	0.00552	0.00462	0.00462	0.00812
72	0.01598	0.05057	0.01547	0.09484	0.20434	0.01019	0.04028	0.07904	0.01342	0.30015	0.01631	0.09469	0.02820	0.00670	0.00523	0.00161	0.00519	0.00588	0.00437	0.00756
73	0.01179	0.21389	0.16908	0.14178	0.18433	0.06274	0.01294	0.01478	0.01094	0.01426	0.01052	0.07054	0.00957	0.00593	0.00502	0.00154	0.02547	0.02564	0.00256	0.00668
74	0.01794	0.04630	0.07366	0.01185	0.05368	0.00940	0.09067	0.05049	0.02932	0.44885	0.09833	0.01798	0.01491	0.00629	0.00524	0.00159	0.00504	0.00545	0.00511	0.00790
75	0.02998	0.01571	0.26611	0.03312	0.07790	0.01086	0.04961	0.11202	0.04542	0.21676	0.02508	0.03025	0.01017	0.00571	0.00504	0.00157	0.00587	0.00477	0.00395	0.05008
76	0.01389	0.01131	0.03394	0.07434	0.04538	0.05760	0.05904	0.05481	0.10526	0.15498	0.03028	0.01601	0.04549	0.00701	0.02204	0.00171	0.12116	0.00498	0.00386	0.13692
77	0.09180	0.01405	0.14314	0.02739	0.06157	0.06414	0.02366	0.21072	0.04522	0.08102	0.06302	0.10167	0.01369	0.00695	0.00507	0.00160	0.00545	0.00568	0.00407	0.03007
78	0.03271	0.05759	0.05065	0.12664	0.01639	0.07168	0.03998	0.01643	0.13107	0.06884	0.12625	0.01936	0.02607	0.00647	0.00498	0.00148	0.00506	0.03844	0.00383	0.15608

[dist]
# distance from previous block
# <min> <max>
3	19

[block]
# block no. 2 follows, 48 sequences, length 24
# corresponding to MSA columns:
# 532-555
name=unknown_C
#
# <colnr> <probs for GDERKNQSTAVLIFYWHMCP>
#	G	D	E	R	K	N	Q	S	T	A	V	L	I	F	Y	W	H	M	C	P
0	0.07365	0.00966	0.01361	0.02531	0.04434	0.00930	0.11512	0.01909	0.15233	0.23435	0.07175	0.03248	0.04972	0.00640	0.00510	0.00154	0.00468	0.00564	0.00457	0.12136
1	0.01357	0.05158	0.06057	0.06908	0.09823	0.01056	0.07999	0.04320	0.15374	0.16682	0.08583	0.01883	0.01477	0.00795	0.04440	0.00193	0.00563	0.03091	0.00419	0.03823
2	0.05389	0.00917	0.01374	0.01139	0.03696	0.00897	0.15169	0.03704	0.12060	0.19615	0.19308	0.02340	0.07439	0.00856	0.03591	0.00190	0.00500	0.00662	0.00477	0.00678
3	0.01305	0.01049	0.08233	0.03789	0.05124	0.00894	0.10535	0.05744	0.04143	0.19252	0.16852	0.05881	0.07294	0.00756	0.00587	0.00164	0.03110	0.00663	0.00449	0.04176
4	0.01212	0.00989	0.01456	0.24582	0.21589	0.01049	0.01142	0.01702	0.14671	0.08847	0.01491	0.01797	0.04085	0.00604	0.00513	0.00159	0.00536	0.04102	0.00353	0.09120
5	0.01069	0.00988	0.04000	0.26190	0.07457	0.00933	0.08322	0.01358	0.01115	0.05274	0.04986	0.01691	0.07406	0.00567	0.00520	0.00143	0.02280	0.00501	0.00310	0.24890
6	0.01276	0.01146	0.01688	0.36136	0.19312	0.06074	0.04869	0.05842	0.03709	0.07004	0.01038	0.01337	0.00795	0.00549	0.00606	0.00167	0.07019	0.00464	0.00292	0.00676
7	0.01344	0.00986	0.01322	0.13254	0.14045	0.01036	0.00977	0.08770	0.18624	0.13573	0.09223	0.02006	0.03879	0.00673	0.00526	0.00161	0.00480	0.03108	0.00440	0.05574
8	0.00671	0.00524	0.00616	0.00619	0.00757	0.00460	0.00459	0.00835	0.01217	0.01594	0.27095	0.19256	0.35917	0.01252	0.00611	0.00175	0.00273	0.03615	0.00497	0.03556
9	0.01199	0.01147	0.01954	0.21460	0.61011	0.01200	0.01539	0.01512	0.01135	0.01590	0.00953	0.01293	0.00782	0.00470	0.00509	0.00157	0.00627	0.00457	0.00248	0.00755
10	0.00606	0.00520	0.00520	0.00520	0.00693	0.00433	0.00390	0.00736	0.01170	0.01386	0.05198	0.04938	0.78558	0.01299	0.00606	0.00173	0.00260	0.01083	0.00476	0.00433
11	0.85592	0.00992	0.00754	0.00675	0.00992	0.01151	0.00556	0.01508	0.00873	0.02302	0.00714	0.00834	0.00556	0.00476	0.00318	0.00159	0.00397	0.00278	0.00318	0.00556
12	0.00862	0.00745	0.01191	0.51778	0.02517	0.00882	0.01076	0.01121	0.01015	0.01343	0.01543	0.26108	0.01552	0.00855	0.00548	0.00180	0.00541	0.00766	0.04859	0.00518
13	0.01064	0.00912	0.01064	0.00760	0.01216	0.00684	0.00608	0.01292	0.01064	0.01672	0.00912	0.01064	0.00760	0.00380	0.00380	0.00076	0.00380	0.00304	0.00304	0.85104
14	0.72807	0.00974	0.00821	0.00711	0.01041	0.01090	0.00586	0.01661	0.00965	0.14093	0.00916	0.00974	0.00665	0.00501	0.00348	0.00159	0.00403	0.00314	0.00366	0.00604
15	0.00733	0.00550	0.00825	0.00825	0.00916	0.00641	0.00641	0.00916	0.00825	0.01191	0.01374	0.02016	0.01283	0.03848	0.79934	0.00825	0.01374	0.00550	0.00275	0.00458
16	0.05338	0.01380	0.10268	0.11449	0.35256	0.01259	0.15867	0.09756	0.01272	0.01822	0.00985	0.01258	0.00768	0.00480	0.00516	0.00160	0.00668	0.00469	0.00279	0.00750
17	0.00709	0.00519	0.00665	0.00640	0.00759	0.00475	0.00476	0.00931	0.01395	0.01948	0.66918	0.09397	0.11034	0.01110	0.00609	0.00166	0.00248	0.00978	0.00551	0.00475
18	0.01192	0.00975	0.01056	0.00949	0.01192	0.01095	0.00730	0.10087	0.48600	0.02056	0.07306	0.04667	0.04703	0.08277	0.03316	0.00224	0.00444	0.01932	0.00493	0.00707
19	0.01254	0.01203	0.02053	0.07327	0.74716	0.01215	0.01567	0.01561	0.01161	0.01657	0.00962	0.01275	0.00806	0.00460	0.00508	0.00153	0.00614	0.00457	0.00253	0.00800
20	0.05656	0.01324	0.02039	0.01515	0.01949	0.01360	0.31237	0.36104	0.01749	0.06775	0.01237	0.04442	0.00941	0.00576	0.00546	0.00164	0.00659	0.00552	0.00408	0.00767
21	0.00960	0.00882	0.01427	0.58436	0.09436	0.01045	0.01262	0.01317	0.04076	0.01439	0.07531	0.04680	0.04150	0.00630	0.00529	0.00170	0.00600	0.00560	0.00288	0.00582
22	0.01334	0.70733	0.04390	0.00948	0.01342	0.01956	0.00931	0.01503	0.01013	0.01220	0.00714	0.00865	0.00660	0.00495	0.00494	0.00125	0.10110	0.00298	0.00220	0.00649
23	0.01335	0.00920	0.01148	0.00876	0.01251	0.00804	0.02440	0.08027	0.01267	0.16460	0.06132	0.05953	0.01269	0.00586	0.00514	0.00121	0.04203	0.00476	0.00406	0.45812

[dist]
# distance from previous block
# <min> <max>
0	1

[block]
# block no. 3 follows, 48 sequences, length 17
# corresponding to MSA columns:
# 557-573
name=unknown_D
#
# <colnr> <probs for GDERKNQSTAVLIFYWHMCP>
#	G	D	E	R	K	N	Q	S	T	A	V	L	I	F	Y	W	H	M	C	P
0	0.01413	0.01225	0.01234	0.01080	0.01387	0.05503	0.00847	0.14019	0.62285	0.02265	0.01889	0.01758	0.01412	0.00675	0.00518	0.00169	0.00458	0.00549	0.00507	0.00810
1	0.48010	0.07394	0.01149	0.05429	0.01333	0.19204	0.00759	0.05206	0.02511	0.01949	0.00838	0.01033	0.00682	0.00519	0.00384	0.00152	0.00555	0.01993	0.00309	0.00591
2	0.01774	0.01106	0.01995	0.04743	0.01992	0.01022	0.33196	0.03901	0.01364	0.41092	0.01539	0.01564	0.01027	0.00543	0.00554	0.00165	0.00632	0.00550	0.00455	0.00784
3	0.00998	0.00934	0.01571	0.63253	0.15658	0.01109	0.01392	0.01318	0.01047	0.01371	0.01036	0.06172	0.00868	0.00570	0.00521	0.00170	0.00649	0.00516	0.00247	0.00600
4	0.12439	0.00710	0.00752	0.00701	0.00907	0.00727	0.00567	0.10117	0.01271	0.06505	0.04010	0.02880	0.14580	0.00851	0.00486	0.00161	0.00353	0.13048	0.28386	0.00550
5	0.00625	0.00447	0.00595	0.00714	0.00744	0.00417	0.00476	0.00714	0.00982	0.01310	0.02828	0.81633	0.03394	0.01608	0.00655	0.00208	0.00298	0.01459	0.00476	0.00417
6	0.01126	0.00830	0.00949	0.00887	0.01081	0.00880	0.00667	0.17205	0.19323	0.05144	0.04886	0.37203	0.05449	0.01116	0.00585	0.00184	0.00381	0.00973	0.00504	0.00626
7	0.00746	0.00497	0.00560	0.00560	0.00560	0.00497	0.00311	0.00746	0.00746	0.00995	0.01617	0.03358	0.01865	0.81967	0.02612	0.00497	0.00497	0.00746	0.00311	0.00311
8	0.01221	0.02002	0.41554	0.01683	0.02311	0.01228	0.30422	0.05691	0.01225	0.06177	0.01046	0.01244	0.00747	0.00482	0.00536	0.00166	0.00770	0.00478	0.00273	0.00746
9	0.00643	0.00501	0.00585	0.00608	0.00727	0.00442	0.00439	0.00792	0.01192	0.01543	0.23999	0.26064	0.37992	0.01319	0.00620	0.00180	0.00266	0.01147	0.00500	0.00442
10	0.01520	0.20266	0.03039	0.01104	0.01423	0.05881	0.06695	0.11851	0.06219	0.15523	0.02929	0.03878	0.01105	0.04980	0.00746	0.00175	0.11100	0.00491	0.00379	0.00694
11	0.00734	0.00545	0.00801	0.00801	0.00885	0.00629	0.00613	0.00901	0.00818	0.01174	0.01396	0.02133	0.01334	0.10671	0.73181	0.00796	0.01298	0.00567	0.00278	0.00445
12	0.01102	0.05227	0.01219	0.00931	0.06196	0.00814	0.00693	0.01382	0.04247	0.01667	0.00954	0.01100	0.00791	0.00401	0.00391	0.00087	0.00405	0.00324	0.00305	0.71765
13	0.01109	0.20044	0.55244	0.05539	0.02110	0.01378	0.04690	0.01590	0.01077	0.01517	0.00879	0.01053	0.00659	0.00476	0.00459	0.00152	0.00713	0.00369	0.00220	0.00724
14	0.00986	0.00634	0.00761	0.00691	0.00879	0.00597	0.00539	0.01139	0.01205	0.16160	0.11321	0.07073	0.44713	0.01207	0.03106	0.00195	0.06865	0.00908	0.00489	0.00532
15	0.01470	0.29191	0.16344	0.01152	0.05925	0.03880	0.01066	0.01856	0.08439	0.18225	0.03501	0.01496	0.01099	0.00577	0.00456	0.00146	0.00554	0.03530	0.00361	0.00732
16	0.03314	0.24035	0.16184	0.03640	0.05708	0.01324	0.06017	0.06105	0.03659	0.12904	0.01116	0.02550	0.00860	0.00512	0.00447	0.00139	0.00569	0.00410	0.00327	0.10181

[dist]
# distance from previous block
# <min> <max>
0	2

[block]
# block no. 4 follows, 48 sequences, length 18
# corresponding to MSA columns:
# 576-593
name=unknown_E
#
# <colnr> <probs for GDERKNQSTAVLIFYWHMCP>
#	G	D	E	R	K	N	Q	S	T	A	V	L	I	F	Y	W	H	M	C	P
0	0.40397	0.12142	0.01478	0.01335	0.16397	0.08110	0.04615	0.01654	0.02891	0.05514	0.00881	0.01021	0.00698	0.00483	0.00397	0.00150	0.00530	0.00352	0.00304	0.00651
1	0.00807	0.00545	0.00698	0.03822	0.00901	0.00525	0.00535	0.02752	0.01105	0.05688	0.10351	0.39014	0.12302	0.07766	0.03437	0.00235	0.00375	0.04700	0.03975	0.00466
2	0.01141	0.01256	0.02660	0.09308	0.02573	0.01203	0.62410	0.01547	0.01218	0.01653	0.08614	0.01622	0.01168	0.00500	0.00597	0.00172	0.00787	0.00623	0.00286	0.00660
3	0.01064	0.00912	0.01064	0.00760	0.01216	0.00684	0.00608	0.01292	0.01064	0.01672	0.00912	0.01064	0.00760	0.00380	0.00380	0.00076	0.00380	0.00304	0.00304	0.85104
4	0.00969	0.00912	0.01539	0.80734	0.03534	0.01140	0.01425	0.01311	0.01026	0.01311	0.00912	0.01368	0.00684	0.00513	0.00513	0.00171	0.00684	0.00456	0.00228	0.00570
5	0.01074	0.01051	0.01479	0.01282	0.01293	0.01456	0.01063	0.01195	0.00791	0.01229	0.00761	0.01234	0.00749	0.01265	0.11429	0.00299	0.71108	0.00462	0.00231	0.00548
6	0.00969	0.00912	0.01539	0.80734	0.03534	0.01140	0.01425	0.01311	0.01026	0.01311	0.00912	0.01368	0.00684	0.00513	0.00513	0.00171	0.00684	0.00456	0.00228	0.00570
7	0.00737	0.00499	0.00557	0.00557	0.00568	0.00493	0.00316	0.00746	0.00773	0.01020	0.01845	0.03459	0.06758	0.76821	0.02484	0.00477	0.00482	0.00768	0.00321	0.00319
8	0.00827	0.00591	0.00827	0.00945	0.01063	0.00591	0.00827	0.01063	0.01181	0.01536	0.02717	0.05788	0.02953	0.01417	0.00709	0.00236	0.00472	0.75313	0.00472	0.00472
9	0.01951	0.01437	0.01540	0.01181	0.01591	0.01591	0.00975	0.77056	0.02412	0.03234	0.01232	0.01232	0.00873	0.00616	0.00513	0.00154	0.00565	0.00462	0.00513	0.00873
10	0.02252	0.00953	0.01240	0.00951	0.01350	0.00872	0.00785	0.13041	0.01602	0.68393	0.01912	0.01674	0.01214	0.00632	0.00516	0.00158	0.00455	0.00508	0.00618	0.00873
11	0.00742	0.00515	0.00648	0.00648	0.00678	0.00545	0.00421	0.00803	0.00772	0.01060	0.01536	0.02911	0.01671	0.55958	0.28356	0.00606	0.00789	0.00681	0.00299	0.00360
12	0.01029	0.02654	0.79309	0.01462	0.02221	0.01192	0.01896	0.01625	0.01083	0.01625	0.00921	0.01083	0.00650	0.00487	0.00487	0.00162	0.00758	0.00379	0.00217	0.00758
13	0.01211	0.01384	0.03028	0.02163	0.02682	0.01298	0.76903	0.01644	0.01211	0.01644	0.01038	0.01384	0.00779	0.00433	0.00606	0.00173	0.00865	0.00606	0.00260	0.00692
14	0.01133	0.01088	0.01876	0.37730	0.42337	0.01187	0.04341	0.01460	0.01106	0.01512	0.00944	0.01318	0.00754	0.00481	0.00514	0.00161	0.00652	0.00462	0.00243	0.00700
15	0.00798	0.00589	0.00818	0.00805	0.04535	0.00545	0.02553	0.01041	0.01418	0.03955	0.66847	0.03653	0.08447	0.01008	0.00598	0.00162	0.00282	0.00895	0.00539	0.00512
16	0.06465	0.09907	0.63426	0.01392	0.02081	0.01272	0.05383	0.01610	0.01072	0.01630	0.00894	0.01058	0.00651	0.00480	0.00468	0.00158	0.00721	0.00374	0.00225	0.00733
17	0.01499	0.00869	0.01064	0.00865	0.01191	0.00810	0.00691	0.06440	0.13461	0.28609	0.15936	0.04200	0.01943	0.00711	0.00514	0.00148	0.00389	0.02234	0.00522	0.17905

[dist]
# distance from previous block
# <min> <max>
0	1

[block]
# block no. 5 follows, 48 sequences, length 29
# corresponding to MSA columns:
# 595-623
name=unknown_F
#
# <colnr> <probs for GDERKNQSTAVLIFYWHMCP>
#	G	D	E	R	K	N	Q	S	T	A	V	L	I	F	Y	W	H	M	C	P
0	0.01362	0.00931	0.01198	0.03380	0.08264	0.00762	0.00752	0.01594	0.01165	0.19339	0.01171	0.01247	0.00879	0.00449	0.00426	0.00105	0.00423	0.00371	0.00373	0.55810
1	0.01392	0.75416	0.04982	0.00916	0.01360	0.03979	0.00915	0.03769	0.01095	0.01281	0.00737	0.00846	0.00665	0.00448	0.00343	0.00113	0.00565	0.00285	0.00229	0.00666
2	0.01249	0.01219	0.01902	0.12591	0.59314	0.05164	0.01450	0.01543	0.01157	0.01609	0.00946	0.01249	0.00785	0.00462	0.00496	0.00148	0.00617	0.00439	0.00255	0.07407
3	0.03283	0.06180	0.03923	0.19156	0.03521	0.38496	0.02500	0.03013	0.04277	0.08210	0.01000	0.01169	0.00770	0.00582	0.01667	0.00157	0.00765	0.00395	0.00300	0.00638
4	0.00828	0.00610	0.00756	0.00792	0.03775	0.03640	0.00517	0.00874	0.00823	0.01103	0.02842	0.02505	0.02950	0.34957	0.26608	0.14357	0.00777	0.00618	0.00289	0.00379
5	0.01167	0.01321	0.02845	0.02043	0.02537	0.01235	0.71325	0.01577	0.01208	0.01625	0.01341	0.01643	0.06449	0.00496	0.00606	0.00173	0.00821	0.00640	0.00275	0.00673
6	0.00734	0.00546	0.00805	0.00805	0.00890	0.00631	0.00617	0.00904	0.00819	0.01177	0.01392	0.02114	0.01325	0.09543	0.74297	0.00801	0.01310	0.00564	0.00278	0.00447
7	0.00633	0.00452	0.00602	0.00709	0.00746	0.00422	0.00477	0.00734	0.01018	0.01366	0.08540	0.75760	0.03503	0.01565	0.00651	0.00205	0.00293	0.01419	0.00483	0.00422
8	0.00630	0.00455	0.00596	0.00699	0.00743	0.00422	0.00472	0.00731	0.01021	0.01358	0.07423	0.72680	0.07758	0.01557	0.00649	0.00204	0.00292	0.01406	0.00482	0.00422
9	0.00735	0.00500	0.00564	0.00570	0.00586	0.00493	0.00333	0.00753	0.00794	0.01045	0.01943	0.05248	0.07754	0.72090	0.02369	0.00460	0.00474	0.02631	0.00331	0.00327
10	0.02302	0.00873	0.01191	0.00913	0.01310	0.00754	0.00754	0.02501	0.01469	0.79122	0.02024	0.01746	0.01270	0.00635	0.00516	0.00159	0.00437	0.00516	0.00635	0.00873
11	0.01550	0.00652	0.00792	0.00670	0.00912	0.00600	0.00533	0.01771	0.01249	0.35961	0.01828	0.01840	0.01295	0.00614	0.00428	0.00137	0.00326	0.00495	0.47694	0.00652
12	0.01228	0.13850	0.59171	0.01314	0.01984	0.01260	0.01616	0.01715	0.01123	0.10655	0.01021	0.01124	0.00724	0.00498	0.00468	0.00155	0.00691	0.00380	0.00266	0.00757
13	0.01064	0.00912	0.01064	0.00760	0.01216	0.00684	0.00608	0.01292	0.01064	0.01672	0.00912	0.01064	0.00760	0.00380	0.00380	0.00076	0.00380	0.00304	0.00304	0.85104
14	0.00733	0.00550	0.00825	0.00825	0.00916	0.00641	0.00641	0.00916	0.00825	0.01191	0.01374	0.02016	0.01283	0.03848	0.79934	0.00825	0.01374	0.00550	0.00275	0.00458
15	0.01050	0.07460	0.74684	0.01427	0.02166	0.01242	0.01834	0.01620	0.01081	0.01600	0.00908	0.01068	0.00650	0.00485	0.00478	0.00159	0.00746	0.00373	0.00217	0.00752
16	0.01351	0.01260	0.01195	0.01077	0.01364	0.10499	0.00833	0.02647	0.68880	0.02042	0.01936	0.01798	0.01460	0.00677	0.00515	0.00169	0.00467	0.00551	0.00492	0.00787
17	0.00674	0.00522	0.00613	0.00590	0.00734	0.00462	0.00443	0.00866	0.01328	0.01762	0.46252	0.04319	0.37269	0.01159	0.00606	0.00167	0.00250	0.00996	0.00526	0.00462
18	0.27530	0.00909	0.01059	0.00841	0.01214	0.00874	0.00694	0.02200	0.01288	0.55854	0.01628	0.01470	0.01054	0.00587	0.00456	0.00159	0.00425	0.00444	0.00539	0.00777
19	0.00746	0.00497	0.00560	0.00560	0.00560	0.00497	0.00311	0.00746	0.00746	0.00995	0.01617	0.03358	0.01865	0.81967	0.02612	0.00497	0.00497	0.00746	0.00311	0.00311
20	0.01252	0.01201	0.02051	0.07722	0.74332	0.01214	0.01566	0.01559	0.01160	0.01655	0.00962	0.01276	0.00805	0.00460	0.00508	0.00153	0.00614	0.00457	0.00252	0.00798
21	0.00630	0.00521	0.00552	0.00544	0.00707	0.00443	0.00408	0.00781	0.01224	0.01516	0.19393	0.04724	0.64283	0.01251	0.00606	0.00171	0.00256	0.01053	0.00494	0.00443
22	0.01064	0.00912	0.01064	0.00760	0.01216	0.00684	0.00608	0.01292	0.01064	0.01672	0.00912	0.01064	0.00760	0.00380	0.00380	0.00076	0.00380	0.00304	0.00304	0.85104
23	0.01932	0.02384	0.01444	0.01306	0.01576	0.76831	0.00982	0.02066	0.01455	0.04282	0.00841	0.00957	0.00685	0.00533	0.00465	0.00133	0.00906	0.00338	0.00279	0.00606
24	0.01121	0.14585	0.19096	0.05017	0.09346	0.01134	0.02880	0.05824	0.01188	0.05036	0.08661	0.15658	0.01649	0.00780	0.00565	0.00165	0.03816	0.02487	0.00344	0.00648
25	0.01186	0.21704	0.16621	0.05920	0.06240	0.01228	0.01050	0.02861	0.05629	0.03003	0.02287	0.01151	0.00840	0.00467	0.00421	0.00122	0.00531	0.00363	0.00285	0.28092
26	0.00663	0.00518	0.00605	0.00614	0.00750	0.00459	0.00462	0.00833	0.01240	0.01605	0.28429	0.13448	0.40598	0.01263	0.00619	0.00178	0.00274	0.06487	0.00505	0.00451
27	0.01405	0.77458	0.02614	0.00905	0.01333	0.06731	0.00885	0.01567	0.01067	0.01210	0.00718	0.00829	0.00659	0.00444	0.00337	0.00111	0.00571	0.00278	0.00222	0.00655
28	0.01201	0.01149	0.01959	0.20867	0.61586	0.01201	0.01541	0.01514	0.01136	0.01593	0.00953	0.01292	0.00783	0.00470	0.00509	0.00157	0.00627	0.00457	0.00248	0.00757

[dist]
# distance from previous block
# <min> <max>
0	2

[block]
# block no. 6 follows, 48 sequences, length 9
# corresponding to MSA columns:
# 626-634
name=unknown_G
#
# <colnr> <probs for GDERKNQSTAVLIFYWHMCP>
#	G	D	E	R	K	N	Q	S	T	A	V	L	I	F	Y	W	H	M	C	P
0	0.60326	0.05984	0.07505	0.00827	0.01189	0.08350	0.00739	0.01637	0.00994	0.07345	0.00828	0.00925	0.00628	0.00491	0.00359	0.00154	0.00487	0.00307	0.00320	0.00604
1	0.01197	0.01126	0.01895	0.33359	0.38459	0.01220	0.06628	0.06955	0.01206	0.01644	0.00969	0.01313	0.00764	0.00489	0.00517	0.00161	0.00653	0.00467	0.00263	0.00714
2	0.00734	0.00487	0.00562	0.00584	0.00595	0.00482	0.00343	0.00761	0.00804	0.01094	0.01841	0.17629	0.02120	0.63561	0.02151	0.00427	0.00449	0.00865	0.04171	0.00338
3	0.00775	0.00648	0.04112	0.00707	0.00786	0.00605	0.00524	0.00895	0.00993	0.01372	0.21847	0.06001	0.05226	0.40332	0.03405	0.00349	0.06291	0.04333	0.00385	0.00413
4	0.01546	0.01236	0.01312	0.01099	0.01437	0.01402	0.00877	0.32490	0.47637	0.02582	0.01745	0.01641	0.01289	0.00664	0.00519	0.00166	0.00470	0.00533	0.00519	0.00836
5	0.01646	0.04743	0.01671	0.01365	0.01649	0.44075	0.10448	0.08575	0.06950	0.01539	0.00961	0.01134	0.00782	0.00681	0.03240	0.00174	0.09014	0.00412	0.00299	0.00642
6	0.00891	0.00446	0.00668	0.00668	0.00668	0.00446	0.00446	0.00668	0.00668	0.00891	0.00891	0.01560	0.00891	0.01783	0.02005	0.85071	0.00446	0.00446	0.00223	0.00223
7	0.01381	0.59272	0.04741	0.05474	0.01479	0.13012	0.00936	0.01569	0.01124	0.01280	0.04997	0.01041	0.00889	0.00491	0.00379	0.00121	0.00600	0.00332	0.00245	0.00638
8	0.03261	0.14837	0.13082	0.03849	0.30432	0.01233	0.01235	0.01636	0.05840	0.06927	0.04577	0.01341	0.01013	0.00536	0.00498	0.01852	0.00558	0.00433	0.00303	0.06559

[dist]
# distance from previous block
# <min> <max>
0	2

[block]
# block no. 7 follows, 48 sequences, length 13
# corresponding to MSA columns:
# 637-649
name=unknown_H
#
# <colnr> <probs for GDERKNQSTAVLIFYWHMCP>
#	G	D	E	R	K	N	Q	S	T	A	V	L	I	F	Y	W	H	M	C	P
0	0.14660	0.01140	0.01783	0.13467	0.50998	0.01201	0.03217	0.01574	0.04088	0.01743	0.00963	0.01242	0.00782	0.00477	0.00481	0.00157	0.00584	0.00437	0.00271	0.00735
1	0.01213	0.01015	0.01372	0.01641	0.26065	0.01068	0.00999	0.13973	0.17647	0.02054	0.14373	0.09448	0.01986	0.00782	0.00551	0.00168	0.00463	0.04031	0.00435	0.00716
2	0.00746	0.00497	0.00560	0.00560	0.00560	0.00497	0.00311	0.00746	0.00746	0.00995	0.01617	0.03358	0.01865	0.81967	0.02612	0.00497	0.00497	0.00746	0.00311	0.00311
3	0.01277	0.01184	0.01215	0.05404	0.05175	0.09243	0.00880	0.02368	0.55640	0.01941	0.03791	0.04757	0.01572	0.00717	0.00526	0.00171	0.00478	0.02450	0.00465	0.00746
4	0.00646	0.00454	0.00588	0.00691	0.00734	0.00423	0.00466	0.00751	0.01010	0.01371	0.05247	0.71488	0.06405	0.01520	0.00634	0.00200	0.00291	0.01371	0.05286	0.00423
5	0.01275	0.01253	0.02070	0.01589	0.01961	0.01336	0.35250	0.06912	0.30640	0.01899	0.01417	0.01552	0.01076	0.00592	0.00675	0.00177	0.08645	0.00571	0.00373	0.00737
6	0.00649	0.00460	0.00600	0.00691	0.00726	0.00432	0.00459	0.00743	0.01003	0.01349	0.10223	0.65253	0.03369	0.10421	0.00866	0.00236	0.00314	0.01327	0.00467	0.00412
7	0.01004	0.00786	0.01017	0.00918	0.01078	0.00883	0.04044	0.02969	0.22672	0.03806	0.03046	0.02197	0.01488	0.18323	0.27434	0.00457	0.04799	0.00599	0.01915	0.00565
8	0.00745	0.00503	0.00588	0.00588	0.00598	0.00513	0.00347	0.00765	0.00755	0.01016	0.01590	0.03212	0.01802	0.73458	0.11035	0.00533	0.00593	0.00725	0.00307	0.00327
9	0.01419	0.03052	0.07526	0.08118	0.05145	0.00794	0.00873	0.02885	0.01312	0.30658	0.15961	0.10577	0.03487	0.00833	0.00552	0.00169	0.00447	0.05024	0.00491	0.00678
10	0.05973	0.24672	0.11310	0.01011	0.04003	0.01198	0.03838	0.01494	0.04860	0.04842	0.16402	0.01623	0.01580	0.00580	0.00446	0.00133	0.00480	0.00467	0.00342	0.14747
11	0.20082	0.21782	0.27598	0.04043	0.04360	0.03349	0.04765	0.01622	0.01063	0.05791	0.00886	0.01025	0.00677	0.00479	0.00418	0.00148	0.00610	0.00353	0.00267	0.00682
12	0.12365	0.10664	0.14845	0.01256	0.06713	0.06356	0.06531	0.10760	0.03237	0.12650	0.02554	0.01227	0.00883	0.00520	0.00457	0.00146	0.00580	0.00411	0.00354	0.07491

[dist]
# distance from previous block
# <min> <max>
0	96

# created by:
# /home/berkeley/.conda/envs/busco_data_prod/bin/msa2prfl.pl pipeline/OGs_align_augustus/33634/125057.fs
