[name]
unknown

[dist]
# distance from previous block
# <min> <max>
9	121

[block]
# block no. 0 follows, 32 sequences, length 54
# corresponding to MSA columns:
# 1024-1042,1064-1098
name=unknown_A
#
# <colnr> <probs for GDERKNQSTAVLIFYWHMCP>
#	G	D	E	R	K	N	Q	S	T	A	V	L	I	F	Y	W	H	M	C	P
0	0.04815	0.06132	0.01932	0.32720	0.03011	0.06575	0.03234	0.03813	0.05182	0.14520	0.01508	0.01750	0.01101	0.00685	0.00625	0.00196	0.00770	0.00565	0.00442	0.10425
1	0.06911	0.03856	0.01359	0.03980	0.04342	0.00995	0.00923	0.03992	0.01548	0.15806	0.04616	0.19743	0.04839	0.01176	0.00690	0.00211	0.00533	0.07967	0.00574	0.15938
2	0.09846	0.01951	0.20714	0.01573	0.07277	0.05892	0.01408	0.04895	0.05185	0.10748	0.01675	0.08637	0.01393	0.00794	0.00618	0.00193	0.00711	0.00642	0.00460	0.15389
3	0.09951	0.01551	0.01795	0.04621	0.08442	0.10291	0.05117	0.06180	0.10285	0.15797	0.01862	0.07236	0.01522	0.00886	0.00781	0.00216	0.06742	0.02113	0.00526	0.04087
4	0.13301	0.01155	0.01321	0.01267	0.05878	0.03394	0.00909	0.04794	0.07106	0.17996	0.04736	0.20180	0.03901	0.01099	0.00665	0.00211	0.00535	0.00927	0.00596	0.10029
5	0.06815	0.01179	0.04036	0.01172	0.01509	0.04748	0.05189	0.01881	0.06484	0.12505	0.15542	0.16498	0.08968	0.01202	0.00718	0.00217	0.00545	0.03033	0.00601	0.07156
6	0.07637	0.01583	0.01752	0.01411	0.01889	0.08776	0.05377	0.12600	0.18480	0.26191	0.02083	0.01974	0.01460	0.00784	0.00650	0.00203	0.00678	0.00632	0.00642	0.05199
7	0.01696	0.06680	0.07039	0.08087	0.25763	0.01573	0.14502	0.05015	0.05239	0.07169	0.03343	0.01798	0.01248	0.00652	0.00663	0.00198	0.00805	0.00626	0.00409	0.07494
8	0.07175	0.01560	0.05100	0.04566	0.12026	0.03118	0.22046	0.04868	0.04423	0.15615	0.04526	0.04719	0.01499	0.00743	0.00691	0.00209	0.00794	0.00718	0.00489	0.05113
9	0.02184	0.01685	0.02003	0.06624	0.17031	0.12614	0.03959	0.11450	0.06334	0.20280	0.04560	0.01934	0.01454	0.00749	0.00663	0.00198	0.00766	0.00626	0.00545	0.04342
10	0.03637	0.01292	0.04160	0.01398	0.01847	0.01185	0.09251	0.05296	0.03273	0.34188	0.11645	0.02562	0.04731	0.00907	0.00826	0.00213	0.07058	0.00755	0.00646	0.05129
11	0.01636	0.01744	0.07481	0.18986	0.15964	0.05374	0.23723	0.02132	0.03491	0.06098	0.01360	0.01746	0.01037	0.00670	0.00800	0.00220	0.05619	0.00653	0.00361	0.00904
12	0.01306	0.00877	0.01223	0.01154	0.01394	0.00828	0.05441	0.05069	0.01634	0.10825	0.08118	0.22467	0.16024	0.01587	0.00823	0.00255	0.00527	0.19106	0.00638	0.00703
13	0.04660	0.01876	0.10436	0.02315	0.10236	0.06651	0.29295	0.02165	0.05188	0.04991	0.07145	0.01967	0.01485	0.00739	0.00853	0.00222	0.07772	0.00706	0.00402	0.00896
14	0.01794	0.08282	0.22484	0.10850	0.23632	0.06403	0.01870	0.02256	0.01545	0.12556	0.01402	0.01621	0.01042	0.00657	0.00636	0.00201	0.00851	0.00549	0.00386	0.00982
15	0.00977	0.00719	0.00938	0.01042	0.01156	0.00711	0.00787	0.01318	0.07143	0.02006	0.12094	0.42119	0.04319	0.01844	0.00854	0.00271	0.00455	0.19987	0.00641	0.00619
16	0.01479	0.03920	0.30016	0.18294	0.19229	0.04305	0.09252	0.02042	0.01461	0.02024	0.01219	0.01580	0.00927	0.00629	0.00661	0.00210	0.00943	0.00567	0.00306	0.00935
17	0.01482	0.11276	0.51747	0.01665	0.02507	0.01549	0.02020	0.02098	0.01435	0.06489	0.01368	0.04561	0.01065	0.00692	0.00614	0.00198	0.00869	0.00543	0.00342	0.07479
18	0.02145	0.05650	0.11209	0.01599	0.02172	0.01532	0.11196	0.09806	0.19144	0.25248	0.02100	0.02026	0.01465	0.00771	0.00676	0.00212	0.00721	0.00666	0.00608	0.01054
19	0.01927	0.10339	0.15051	0.01689	0.02164	0.37871	0.07018	0.02239	0.01652	0.01774	0.01429	0.10997	0.01338	0.00843	0.00641	0.00194	0.01007	0.00657	0.00364	0.00806
20	0.07540	0.01972	0.07531	0.01669	0.08498	0.20432	0.01273	0.08161	0.08914	0.17642	0.03720	0.06465	0.01562	0.00843	0.00650	0.00204	0.00783	0.00663	0.00539	0.00938
21	0.01643	0.01576	0.02691	0.07342	0.69150	0.01590	0.02050	0.02044	0.01519	0.02170	0.01259	0.01667	0.01055	0.00601	0.00665	0.00200	0.00802	0.00598	0.00331	0.01048
22	0.00906	0.00652	0.00895	0.00980	0.01050	0.00673	0.00704	0.01064	0.01200	0.01635	0.02867	0.37113	0.03238	0.12681	0.24709	0.00585	0.00897	0.07090	0.00509	0.00551
23	0.01654	0.01612	0.02825	0.04013	0.66606	0.01603	0.07605	0.02067	0.01532	0.02189	0.01270	0.01673	0.01059	0.00595	0.00675	0.00201	0.00824	0.00614	0.00333	0.01050
24	0.01683	0.04310	0.02286	0.38545	0.06175	0.17865	0.10079	0.04653	0.04382	0.01904	0.01250	0.01654	0.00964	0.00671	0.00663	0.00208	0.00965	0.00582	0.00344	0.00816
25	0.00815	0.00592	0.00770	0.00912	0.00967	0.00547	0.00613	0.00937	0.01306	0.01721	0.03966	0.69974	0.10272	0.02067	0.00851	0.00269	0.00385	0.01865	0.00623	0.00547
26	0.00853	0.00610	0.00816	0.00952	0.01012	0.00573	0.00663	0.01005	0.01365	0.01831	0.10118	0.63375	0.04567	0.02012	0.00856	0.00270	0.00402	0.07528	0.00633	0.00560
27	0.01958	0.01622	0.02191	0.02666	0.34271	0.08849	0.04128	0.06934	0.07791	0.13558	0.07715	0.02078	0.01682	0.00751	0.00678	0.00203	0.00748	0.00668	0.00501	0.01008
28	0.07923	0.00818	0.01173	0.01200	0.01368	0.00809	0.06471	0.01298	0.01396	0.01974	0.03212	0.37280	0.03617	0.01753	0.00840	0.00277	0.00549	0.26844	0.00580	0.00618
29	0.02982	0.01188	0.01586	0.01216	0.01736	0.01055	0.01004	0.07466	0.01998	0.68392	0.02582	0.02242	0.01628	0.00829	0.00675	0.00207	0.00581	0.00670	0.00820	0.01142
30	0.01720	0.01505	0.02536	0.13062	0.57675	0.01531	0.01946	0.02114	0.01536	0.07903	0.01366	0.01728	0.01090	0.00626	0.00666	0.00203	0.00791	0.00604	0.00369	0.01028
31	0.07970	0.08207	0.26508	0.33682	0.03366	0.01585	0.01878	0.01983	0.01383	0.05667	0.01230	0.01570	0.00903	0.00656	0.00619	0.00211	0.00866	0.00527	0.00330	0.00859
32	0.01862	0.01527	0.02071	0.36903	0.09044	0.01758	0.01622	0.31675	0.02152	0.02856	0.01382	0.01700	0.01016	0.00724	0.00670	0.00212	0.00818	0.00600	0.00464	0.00945
33	0.00799	0.00658	0.00703	0.00739	0.00922	0.00561	0.00536	0.00956	0.01473	0.01790	0.06081	0.22529	0.56352	0.01792	0.00808	0.00237	0.00351	0.01530	0.00623	0.00561
34	0.01547	0.16293	0.36776	0.02032	0.02836	0.01821	0.22331	0.04846	0.01527	0.02117	0.01217	0.01480	0.00914	0.00611	0.00647	0.00204	0.00973	0.00564	0.00316	0.00948
35	0.02133	0.02590	0.20692	0.01862	0.02476	0.25036	0.13246	0.07871	0.01823	0.13723	0.01445	0.01574	0.01040	0.00688	0.00662	0.00200	0.00997	0.00564	0.00434	0.00944
36	0.01945	0.01966	0.03002	0.02627	0.15967	0.11125	0.32014	0.18132	0.01983	0.02580	0.01357	0.01657	0.01035	0.00644	0.00715	0.00208	0.00986	0.00664	0.00417	0.00974
37	0.01560	0.13905	0.25924	0.02618	0.21513	0.01773	0.19130	0.02096	0.01480	0.02065	0.01216	0.01529	0.00951	0.00599	0.00652	0.00202	0.00932	0.00577	0.00311	0.00969
38	0.08051	0.01714	0.14897	0.11408	0.09203	0.01357	0.13977	0.02302	0.01582	0.21268	0.04059	0.02050	0.03623	0.00734	0.00675	0.00214	0.00792	0.00664	0.00484	0.00945
39	0.01611	0.06228	0.31746	0.01781	0.02444	0.01579	0.11887	0.05363	0.09154	0.08343	0.04416	0.04646	0.01447	0.00796	0.00772	0.00219	0.05516	0.00670	0.00432	0.00952
40	0.00960	0.00657	0.00823	0.00907	0.01031	0.00610	0.00670	0.01152	0.01443	0.03837	0.09011	0.38778	0.16892	0.01786	0.00812	0.00253	0.00409	0.11869	0.07507	0.00590
41	0.01674	0.10888	0.21433	0.02010	0.09871	0.01588	0.14915	0.02326	0.09198	0.10264	0.05902	0.02083	0.01546	0.00741	0.00672	0.00209	0.00816	0.02460	0.00443	0.00960
42	0.02016	0.02360	0.31969	0.01829	0.07035	0.01572	0.03831	0.18357	0.04562	0.17370	0.01667	0.01712	0.01152	0.00723	0.00661	0.00209	0.00818	0.00584	0.00509	0.01063
43	0.01230	0.01113	0.01898	0.07936	0.23855	0.01105	0.09762	0.01535	0.01440	0.01970	0.05040	0.31311	0.02724	0.01289	0.00775	0.00240	0.00658	0.04870	0.00476	0.00774
44	0.01606	0.18886	0.04182	0.18254	0.18620	0.03464	0.13082	0.02176	0.09473	0.01997	0.01350	0.01662	0.01077	0.00642	0.00634	0.00199	0.00839	0.00588	0.00355	0.00913
45	0.07320	0.04768	0.14637	0.05656	0.04212	0.04391	0.18681	0.07662	0.01698	0.19220	0.01575	0.01723	0.01111	0.00699	0.00725	0.00213	0.03655	0.00616	0.00473	0.00966
46	0.01621	0.04638	0.13963	0.07816	0.05632	0.01498	0.24563	0.02300	0.10827	0.09669	0.04693	0.05040	0.03043	0.00779	0.00714	0.00219	0.00841	0.00762	0.00456	0.00925
47	0.01103	0.01046	0.03291	0.03379	0.01302	0.06477	0.00786	0.04069	0.04251	0.02084	0.16719	0.17713	0.30762	0.01504	0.00774	0.00228	0.00481	0.02770	0.00605	0.00653
48	0.01787	0.06435	0.13221	0.06996	0.05941	0.03890	0.10063	0.10350	0.01773	0.14243	0.07708	0.10836	0.01946	0.00916	0.00696	0.00214	0.00752	0.00807	0.00515	0.00911
49	0.01641	0.10917	0.24041	0.13656	0.12128	0.01534	0.03929	0.02155	0.03386	0.11847	0.04217	0.04773	0.01391	0.00749	0.00648	0.00207	0.00801	0.00635	0.00413	0.00935
50	0.01306	0.00966	0.03501	0.03669	0.07140	0.03677	0.00921	0.01501	0.01428	0.12124	0.03077	0.51331	0.03382	0.01643	0.00791	0.00250	0.00518	0.01473	0.00597	0.00705
51	0.01552	0.07896	0.11017	0.15472	0.23630	0.01651	0.13382	0.06217	0.01570	0.02137	0.01530	0.01997	0.03774	0.00716	0.00712	0.00212	0.02471	0.02786	0.00359	0.00919
52	0.08178	0.03321	0.19408	0.01695	0.08802	0.01473	0.01489	0.11500	0.10605	0.19139	0.01923	0.03404	0.01444	0.00815	0.00655	0.00214	0.00712	0.03658	0.00551	0.01014
53	0.05153	0.03683	0.22818	0.07675	0.04791	0.06582	0.06899	0.02490	0.03905	0.23883	0.04375	0.01891	0.01368	0.00732	0.00656	0.00208	0.00809	0.00609	0.00499	0.00973

[dist]
# distance from previous block
# <min> <max>
4	69

[block]
# block no. 1 follows, 32 sequences, length 10
# corresponding to MSA columns:
# 1172-1181
name=unknown_B
#
# <colnr> <probs for GDERKNQSTAVLIFYWHMCP>
#	G	D	E	R	K	N	Q	S	T	A	V	L	I	F	Y	W	H	M	C	P
0	0.06259	0.12065	0.12903	0.03261	0.10612	0.01690	0.01402	0.11488	0.16746	0.03965	0.03841	0.01882	0.01431	0.01091	0.06630	0.00272	0.00793	0.00598	0.00471	0.02601
1	0.01649	0.01185	0.01814	0.21470	0.07731	0.01237	0.07598	0.04751	0.07125	0.14213	0.02127	0.02467	0.07279	0.05065	0.01032	0.08223	0.00715	0.00724	0.00478	0.03115
2	0.01883	0.21862	0.05756	0.01334	0.01769	0.13707	0.01147	0.14368	0.11344	0.04201	0.05489	0.07520	0.01734	0.04152	0.00736	0.00211	0.00738	0.00677	0.00489	0.00883
3	0.01164	0.00979	0.01130	0.00903	0.01330	0.00765	0.00700	0.01414	0.01443	0.02077	0.06757	0.10245	0.18876	0.00998	0.00621	0.00154	0.00438	0.00841	0.00494	0.48672
4	0.01270	0.01086	0.01564	0.21667	0.12820	0.01178	0.01244	0.04475	0.09591	0.02244	0.19094	0.09040	0.07627	0.03220	0.00803	0.00233	0.00606	0.00939	0.00521	0.00780
5	0.01373	0.01314	0.02289	0.45620	0.11725	0.01446	0.12451	0.01814	0.01408	0.01912	0.01266	0.01769	0.00975	0.00634	0.00665	0.00207	0.00861	0.00610	0.03448	0.08215
6	0.01213	0.00794	0.00973	0.00917	0.01133	0.00745	0.00690	0.01610	0.08157	0.10775	0.33919	0.15749	0.17834	0.01441	0.00778	0.00225	0.00383	0.01254	0.00704	0.00707
7	0.01161	0.00845	0.01015	0.01014	0.01158	0.00886	0.00743	0.08140	0.06838	0.02185	0.07304	0.39197	0.07438	0.01610	0.00900	0.02727	0.04608	0.01349	0.10219	0.00663
8	0.01519	0.01468	0.02654	0.06214	0.02596	0.02926	0.33372	0.01895	0.01414	0.05757	0.01482	0.03959	0.01266	0.06804	0.06103	0.00313	0.10926	0.00742	0.00377	0.08212
9	0.01548	0.01305	0.02134	0.34478	0.26310	0.01464	0.01741	0.01918	0.01430	0.08461	0.01479	0.06278	0.01236	0.00787	0.00797	0.00222	0.06478	0.00683	0.00378	0.00874

[dist]
# distance from previous block
# <min> <max>
4	27

[block]
# block no. 2 follows, 32 sequences, length 13
# corresponding to MSA columns:
# 1209-1221
name=unknown_C
#
# <colnr> <probs for GDERKNQSTAVLIFYWHMCP>
#	G	D	E	R	K	N	Q	S	T	A	V	L	I	F	Y	W	H	M	C	P
0	0.17295	0.09460	0.19286	0.01487	0.03281	0.08038	0.01424	0.07371	0.06004	0.02328	0.01245	0.01470	0.00993	0.00982	0.05223	0.00257	0.08453	0.00497	0.00383	0.04523
1	0.05647	0.02042	0.30115	0.01454	0.02008	0.01325	0.01529	0.06219	0.14069	0.02409	0.08408	0.12852	0.02291	0.01055	0.00701	0.00229	0.00695	0.05576	0.00499	0.00877
2	0.00928	0.00733	0.00880	0.00881	0.00992	0.00737	0.00635	0.01034	0.01314	0.01688	0.06911	0.20878	0.32330	0.11733	0.01439	0.05994	0.08501	0.01311	0.00539	0.00541
3	0.01192	0.00661	0.00978	0.00952	0.00952	0.00713	0.00661	0.00939	0.00888	0.01205	0.01140	0.01989	0.01140	0.02229	0.02585	0.73401	0.07167	0.00583	0.00292	0.00330
4	0.01949	0.00859	0.01088	0.00931	0.01239	0.00780	0.00733	0.02225	0.01700	0.33395	0.13229	0.08006	0.02597	0.00988	0.00637	0.00196	0.00432	0.00829	0.27339	0.00848
5	0.00838	0.00599	0.00800	0.00944	0.00989	0.00569	0.00641	0.00963	0.01275	0.01703	0.03560	0.67978	0.04235	0.04838	0.03887	0.00320	0.00464	0.04247	0.00604	0.00545
6	0.00936	0.00668	0.00787	0.00770	0.00900	0.00619	0.00540	0.01137	0.01539	0.02113	0.33638	0.07755	0.19286	0.19612	0.01409	0.00320	0.00405	0.01188	0.05817	0.00560
7	0.01395	0.10028	0.61980	0.01833	0.02722	0.01691	0.02292	0.02081	0.01386	0.02042	0.01158	0.01389	0.00853	0.00667	0.00721	0.00212	0.05815	0.00489	0.00284	0.00963
8	0.01104	0.00795	0.01062	0.01027	0.01149	0.00883	0.00761	0.07196	0.01240	0.01728	0.01915	0.06231	0.01908	0.20519	0.45554	0.03778	0.01337	0.00815	0.00407	0.00590
9	0.08878	0.11438	0.26883	0.01446	0.02068	0.01534	0.01525	0.02421	0.07045	0.20121	0.01733	0.05076	0.01309	0.00796	0.00700	0.00211	0.04769	0.00603	0.00483	0.00961
10	0.01956	0.18874	0.04251	0.04025	0.01859	0.07176	0.01170	0.16880	0.06116	0.11307	0.01954	0.10038	0.04122	0.00948	0.00750	0.00205	0.06221	0.00723	0.00519	0.00908
11	0.05817	0.23905	0.26472	0.01366	0.02008	0.04365	0.01479	0.01964	0.01440	0.04347	0.06232	0.01766	0.03316	0.00892	0.03868	0.00219	0.00803	0.00528	0.00368	0.08844
12	0.01716	0.10474	0.06351	0.01296	0.01676	0.16384	0.01103	0.07132	0.04006	0.05954	0.11683	0.05124	0.03307	0.01214	0.05890	0.00255	0.03796	0.02737	0.02360	0.07542

[dist]
# distance from previous block
# <min> <max>
0	31

[block]
# block no. 3 follows, 32 sequences, length 20
# corresponding to MSA columns:
# 1253-1272
name=unknown_D
#
# <colnr> <probs for GDERKNQSTAVLIFYWHMCP>
#	G	D	E	R	K	N	Q	S	T	A	V	L	I	F	Y	W	H	M	C	P
0	0.01471	0.01165	0.01887	0.11301	0.11744	0.01183	0.13478	0.05608	0.01532	0.06774	0.04683	0.02661	0.05351	0.10734	0.05026	0.00309	0.00770	0.00765	0.12776	0.00782
1	0.23112	0.05182	0.08585	0.09734	0.05657	0.01352	0.05649	0.02078	0.01442	0.15212	0.06161	0.04034	0.01520	0.01090	0.06209	0.00276	0.00762	0.00627	0.00473	0.00845
2	0.01166	0.00583	0.00874	0.00874	0.00874	0.00583	0.00583	0.00874	0.00874	0.01166	0.01166	0.02040	0.01166	0.02331	0.02622	0.80478	0.00583	0.00583	0.00291	0.00291
3	0.01557	0.01370	0.02028	0.16203	0.21135	0.03729	0.01552	0.01848	0.01394	0.07320	0.06430	0.06156	0.01586	0.00950	0.01153	0.00238	0.23402	0.00714	0.00398	0.00839
4	0.07458	0.01303	0.01746	0.18697	0.12428	0.01395	0.01309	0.15913	0.01850	0.16997	0.01714	0.01893	0.01236	0.00733	0.00623	0.00201	0.00671	0.00602	0.12297	0.00933
5	0.00976	0.00651	0.00732	0.00732	0.00732	0.00651	0.00407	0.00976	0.00976	0.01301	0.02114	0.04391	0.02439	0.76419	0.03415	0.00651	0.00651	0.00976	0.00407	0.00407
6	0.01738	0.13721	0.05985	0.13321	0.09867	0.05950	0.08139	0.05487	0.09007	0.06995	0.03155	0.01747	0.01241	0.00713	0.00715	0.00199	0.04861	0.00587	0.00419	0.06153
7	0.02398	0.12903	0.02131	0.01451	0.01946	0.08635	0.01211	0.38251	0.07504	0.12257	0.01652	0.01643	0.01200	0.00783	0.00676	0.00196	0.02949	0.00572	0.00595	0.01048
8	0.03793	0.07116	0.51182	0.06548	0.02702	0.07077	0.02083	0.02093	0.01422	0.03861	0.01204	0.01453	0.00889	0.00735	0.00725	0.04462	0.00940	0.00495	0.00308	0.00911
9	0.04218	0.15528	0.10841	0.01570	0.03705	0.05218	0.06571	0.17750	0.05683	0.19916	0.01682	0.01688	0.01197	0.00722	0.00624	0.00196	0.00761	0.00572	0.00539	0.01020
10	0.01699	0.19466	0.32426	0.01806	0.02537	0.01789	0.13917	0.02215	0.01475	0.10576	0.01328	0.01518	0.00983	0.00662	0.00705	0.00203	0.04837	0.00544	0.00361	0.00951
11	0.00845	0.00627	0.00771	0.00847	0.00944	0.00572	0.00582	0.00996	0.01414	0.01859	0.15060	0.43471	0.19934	0.07590	0.01028	0.00281	0.00387	0.01615	0.00625	0.00553
12	0.01694	0.06444	0.04273	0.04070	0.10929	0.01580	0.13116	0.11881	0.12802	0.06183	0.03890	0.09922	0.01835	0.00945	0.00786	0.00224	0.04446	0.03543	0.00510	0.00925
13	0.02036	0.33937	0.13520	0.04169	0.02036	0.05751	0.01344	0.02485	0.06877	0.19480	0.01555	0.01574	0.01151	0.00684	0.00561	0.00181	0.00743	0.00503	0.00456	0.00958
14	0.00988	0.00733	0.01016	0.01002	0.01078	0.00838	0.00733	0.01148	0.01044	0.01479	0.01853	0.03133	0.01879	0.27351	0.48146	0.00906	0.04962	0.00794	0.00371	0.00545
15	0.01482	0.00802	0.01005	0.00908	0.01175	0.00703	0.00696	0.01708	0.01703	0.22650	0.21773	0.14775	0.25122	0.01420	0.00767	0.00224	0.00408	0.01219	0.00713	0.00748
16	0.01690	0.05470	0.01977	0.39103	0.03262	0.13518	0.01531	0.09756	0.01644	0.04498	0.01401	0.06517	0.01176	0.00812	0.00742	0.00215	0.04850	0.00646	0.00388	0.00803
17	0.01409	0.01293	0.02190	0.38526	0.12161	0.01435	0.11333	0.06468	0.01563	0.02101	0.05222	0.04828	0.01514	0.00796	0.00704	0.00222	0.00825	0.03451	0.03146	0.00813
18	0.02111	0.17699	0.08616	0.01275	0.01762	0.10458	0.01149	0.02525	0.06699	0.25994	0.12879	0.02257	0.02080	0.00832	0.00629	0.00192	0.00678	0.00651	0.00578	0.00937
19	0.02184	0.04740	0.01820	0.03934	0.01963	0.06686	0.01155	0.30564	0.18096	0.10880	0.04583	0.01962	0.01557	0.00812	0.00653	0.00198	0.00678	0.00635	0.00625	0.06276

[dist]
# distance from previous block
# <min> <max>
1	10

[block]
# block no. 4 follows, 32 sequences, length 33
# corresponding to MSA columns:
# 1283-1302,1306-1318
name=unknown_E
#
# <colnr> <probs for GDERKNQSTAVLIFYWHMCP>
#	G	D	E	R	K	N	Q	S	T	A	V	L	I	F	Y	W	H	M	C	P
0	0.01386	0.08312	0.65373	0.01900	0.02850	0.01638	0.05240	0.02118	0.01420	0.02089	0.01192	0.01410	0.00858	0.00630	0.00630	0.00208	0.00979	0.00499	0.00286	0.00979
1	0.01469	0.01239	0.01433	0.01031	0.01623	0.00974	0.00827	0.06264	0.01509	0.02323	0.01221	0.01406	0.01004	0.00518	0.00509	0.00106	0.00513	0.00411	0.00416	0.75205
2	0.00823	0.00611	0.00770	0.00888	0.00971	0.00558	0.00612	0.00962	0.01360	0.01770	0.06366	0.57928	0.18202	0.01992	0.00843	0.00262	0.00383	0.03518	0.00626	0.00554
3	0.01584	0.01367	0.03921	0.14330	0.02182	0.03785	0.01262	0.06787	0.18276	0.07491	0.08768	0.07454	0.02155	0.01055	0.00957	0.00238	0.12765	0.04234	0.00536	0.00854
4	0.00866	0.00645	0.00810	0.00889	0.00992	0.00600	0.00621	0.01086	0.03507	0.01964	0.18365	0.48383	0.15084	0.01853	0.00828	0.00251	0.00371	0.01654	0.00649	0.00582
5	0.01391	0.01193	0.01391	0.00994	0.01590	0.00894	0.00795	0.01690	0.01391	0.02186	0.01193	0.01391	0.00994	0.00497	0.00497	0.00099	0.00497	0.00398	0.00398	0.80521
6	0.01721	0.15296	0.16076	0.01410	0.02034	0.01489	0.06011	0.02101	0.01461	0.12833	0.01362	0.01510	0.01038	0.00640	0.00674	0.00168	0.05691	0.00492	0.00411	0.27582
7	0.01117	0.00762	0.01058	0.01009	0.01163	0.00763	0.02285	0.01303	0.01244	0.06562	0.06788	0.17848	0.02624	0.17455	0.28961	0.00631	0.01006	0.01019	0.00481	0.05922
8	0.02408	0.01661	0.01796	0.01397	0.01882	0.01811	0.01147	0.56240	0.02836	0.08708	0.01760	0.01777	0.01254	0.00804	0.00644	0.00196	0.00670	0.00612	0.11327	0.01072
9	0.00869	0.00620	0.00837	0.00993	0.01054	0.00589	0.00712	0.01023	0.01335	0.01770	0.03670	0.62706	0.04326	0.02054	0.00870	0.00280	0.00434	0.14678	0.00622	0.00559
10	0.07310	0.01514	0.01629	0.01308	0.01796	0.01595	0.01058	0.28086	0.21085	0.05092	0.01861	0.01959	0.01420	0.00783	0.00625	0.00189	0.00604	0.02504	0.00598	0.18982
11	0.01546	0.01341	0.06224	0.01075	0.01691	0.00948	0.00927	0.01873	0.01445	0.09058	0.01335	0.01480	0.01049	0.00539	0.00524	0.00118	0.00537	0.00431	0.00432	0.67427
12	0.01803	0.06871	0.19036	0.03913	0.02063	0.02788	0.03514	0.10129	0.01670	0.16476	0.01863	0.05138	0.03268	0.04469	0.06978	0.00296	0.03033	0.00668	0.00486	0.05538
13	0.01526	0.16529	0.32113	0.02139	0.02926	0.01819	0.29394	0.02113	0.01474	0.02033	0.01215	0.01512	0.00920	0.00597	0.00661	0.00205	0.00997	0.00590	0.00307	0.00932
14	0.02021	0.01320	0.01503	0.01210	0.01613	0.01362	0.00977	0.33789	0.02446	0.14848	0.19469	0.03146	0.11237	0.01057	0.00716	0.00208	0.00559	0.00864	0.00708	0.00947
15	0.01928	0.05138	0.19513	0.03787	0.02383	0.01553	0.12400	0.15700	0.01863	0.16364	0.01877	0.05837	0.03530	0.00832	0.00755	0.00216	0.04137	0.00706	0.00507	0.00976
16	0.01511	0.01537	0.08213	0.24364	0.09592	0.01442	0.20768	0.02068	0.05980	0.06796	0.01653	0.06805	0.01338	0.00758	0.00706	0.00221	0.00856	0.00748	0.03774	0.00868
17	0.00967	0.00738	0.00906	0.00930	0.01103	0.00701	0.00721	0.01323	0.06154	0.02212	0.28313	0.15230	0.21362	0.01618	0.00821	0.00244	0.00408	0.14952	0.00666	0.00630
18	0.01512	0.01836	0.16013	0.09748	0.26764	0.01481	0.14441	0.02073	0.05197	0.04321	0.03934	0.06642	0.01465	0.00754	0.00701	0.00216	0.00842	0.00731	0.00387	0.00944
19	0.01765	0.01799	0.12963	0.09536	0.17952	0.01549	0.13257	0.11536	0.06548	0.09153	0.03820	0.04103	0.01408	0.00747	0.00696	0.00214	0.00818	0.00693	0.00462	0.00983
20	0.01660	0.23187	0.34715	0.01847	0.05471	0.03583	0.08878	0.09242	0.01618	0.02190	0.01187	0.01390	0.00910	0.00630	0.00601	0.00192	0.00901	0.00503	0.00334	0.00961
21	0.02063	0.00981	0.01278	0.01121	0.01446	0.00910	0.00865	0.06825	0.04267	0.37483	0.02997	0.31405	0.02739	0.01335	0.00747	0.00234	0.00509	0.01161	0.00732	0.00903
22	0.01962	0.06467	0.04456	0.16003	0.21739	0.01637	0.08636	0.14192	0.01838	0.14233	0.01530	0.01751	0.01122	0.00683	0.00666	0.00205	0.00802	0.00613	0.00466	0.00999
23	0.01769	0.16050	0.23965	0.02122	0.17404	0.01684	0.05171	0.04723	0.03783	0.11589	0.04422	0.01735	0.01295	0.00685	0.00627	0.00197	0.00797	0.00574	0.00416	0.00991
24	0.01752	0.02353	0.32383	0.07170	0.09053	0.01532	0.15503	0.06840	0.01649	0.13058	0.01487	0.01688	0.01049	0.00663	0.00681	0.00213	0.00914	0.00605	0.00410	0.00997
25	0.00877	0.00659	0.00813	0.00824	0.00971	0.00595	0.00599	0.01108	0.01655	0.02228	0.38623	0.22680	0.22646	0.01634	0.00808	0.00230	0.00340	0.01434	0.00681	0.00595
26	0.02091	0.16819	0.19549	0.01702	0.06900	0.03674	0.01570	0.27927	0.02130	0.09272	0.01437	0.01515	0.01051	0.00705	0.00614	0.00193	0.00796	0.00532	0.00486	0.01036
27	0.01623	0.03961	0.02225	0.30927	0.12560	0.01640	0.07195	0.12937	0.01646	0.04203	0.01349	0.01879	0.01091	0.05822	0.01000	0.00249	0.07815	0.00633	0.00389	0.00857
28	0.01262	0.00756	0.00956	0.00875	0.01102	0.00674	0.00667	0.01524	0.01783	0.14467	0.41573	0.09603	0.19363	0.01397	0.00776	0.00218	0.00370	0.01210	0.00722	0.00700
29	0.01583	0.01547	0.02652	0.06776	0.02708	0.01596	0.33021	0.06495	0.23703	0.02421	0.02014	0.07115	0.01650	0.00834	0.00750	0.00230	0.00839	0.02648	0.00492	0.00927
30	0.01377	0.08517	0.68166	0.01860	0.02823	0.01634	0.02388	0.02117	0.01413	0.02087	0.01185	0.01393	0.00851	0.00633	0.00623	0.00208	0.00973	0.00486	0.00284	0.00983
31	0.01346	0.03471	0.72942	0.01912	0.02904	0.01558	0.02479	0.02125	0.01417	0.02125	0.01204	0.01417	0.00850	0.00637	0.00637	0.00212	0.00992	0.00496	0.00283	0.00992
32	0.00962	0.00660	0.00803	0.00814	0.00840	0.00681	0.00506	0.01017	0.01017	0.01379	0.02157	0.08815	0.02422	0.57395	0.17112	0.00710	0.00859	0.00987	0.00412	0.00454

[dist]
# distance from previous block
# <min> <max>
0	28

[block]
# block no. 5 follows, 32 sequences, length 7
# corresponding to MSA columns:
# 1347-1353
name=unknown_F
#
# <colnr> <probs for GDERKNQSTAVLIFYWHMCP>
#	G	D	E	R	K	N	Q	S	T	A	V	L	I	F	Y	W	H	M	C	P
0	0.01267	0.01193	0.02013	0.74806	0.04621	0.01491	0.01863	0.01714	0.01342	0.01714	0.01193	0.01789	0.00894	0.00671	0.00671	0.00224	0.00894	0.00596	0.00298	0.00745
1	0.01378	0.01306	0.02213	0.54920	0.23642	0.01520	0.01919	0.01811	0.01394	0.01849	0.01212	0.01753	0.00942	0.00650	0.00669	0.00217	0.00867	0.00597	0.00308	0.00835
2	0.00965	0.00695	0.00955	0.00955	0.01032	0.00772	0.00685	0.01119	0.01042	0.01466	0.01910	0.03262	0.01949	0.30489	0.48675	0.00926	0.01388	0.00811	0.00376	0.00530
3	0.01267	0.01193	0.02013	0.74806	0.04621	0.01491	0.01863	0.01714	0.01342	0.01714	0.01193	0.01789	0.00894	0.00671	0.00671	0.00224	0.00894	0.00596	0.00298	0.00745
4	0.00950	0.00686	0.00897	0.00844	0.01002	0.00633	0.00633	0.01266	0.01899	0.02691	0.71879	0.05012	0.06331	0.01372	0.00791	0.00211	0.00317	0.01213	0.00739	0.00633
5	0.01359	0.01311	0.02293	0.56992	0.15876	0.01525	0.07512	0.01808	0.01393	0.01831	0.01218	0.01769	0.00933	0.00650	0.00680	0.00220	0.00898	0.00613	0.00307	0.00812
6	0.02623	0.01708	0.01839	0.01439	0.01949	0.05809	0.01177	0.42038	0.07374	0.24067	0.01959	0.01847	0.01340	0.00814	0.00669	0.00203	0.00702	0.00626	0.00700	0.01115

[dist]
# distance from previous block
# <min> <max>
0	15

[block]
# block no. 6 follows, 32 sequences, length 23
# corresponding to MSA columns:
# 1369-1383,1386-1393
name=unknown_G
#
# <colnr> <probs for GDERKNQSTAVLIFYWHMCP>
#	G	D	E	R	K	N	Q	S	T	A	V	L	I	F	Y	W	H	M	C	P
0	0.01346	0.03471	0.72942	0.01912	0.02904	0.01558	0.02479	0.02125	0.01417	0.02125	0.01204	0.01417	0.00850	0.00637	0.00637	0.00212	0.00992	0.00496	0.00283	0.00992
1	0.00858	0.00664	0.00787	0.00828	0.00985	0.00593	0.00614	0.01058	0.01550	0.01998	0.20207	0.24099	0.34381	0.01743	0.00820	0.00242	0.00370	0.06975	0.00648	0.00580
2	0.07923	0.01410	0.01793	0.01434	0.01915	0.01461	0.07830	0.10921	0.26345	0.28147	0.02307	0.02151	0.01607	0.00815	0.00670	0.00216	0.00628	0.00685	0.00682	0.01061
3	0.01303	0.01214	0.02033	0.57705	0.14938	0.01437	0.01794	0.01732	0.01416	0.01869	0.06945	0.02031	0.01362	0.00716	0.00680	0.00219	0.00832	0.00647	0.00339	0.00786
4	0.01629	0.01562	0.02666	0.09860	0.66741	0.01586	0.02043	0.02031	0.01513	0.02153	0.01256	0.01671	0.01049	0.00604	0.00665	0.00201	0.00805	0.00598	0.00329	0.01037
5	0.01567	0.01942	0.09822	0.02809	0.06635	0.01680	0.60885	0.02143	0.01567	0.02149	0.01340	0.01769	0.01006	0.00573	0.00773	0.00224	0.01104	0.00757	0.00334	0.00920
6	0.01629	0.01308	0.02098	0.07660	0.28183	0.01309	0.07853	0.07666	0.01688	0.09323	0.05388	0.10907	0.04558	0.00990	0.00732	0.00223	0.00708	0.06375	0.00495	0.00907
7	0.01617	0.47800	0.30985	0.01451	0.02190	0.02221	0.01675	0.02055	0.01384	0.01795	0.01040	0.01211	0.00857	0.00599	0.00512	0.00171	0.00826	0.00413	0.00286	0.00913
8	0.09375	0.01128	0.01450	0.01190	0.01641	0.01046	0.00993	0.05954	0.01849	0.51794	0.02602	0.03027	0.01922	0.00981	0.00694	0.00224	0.00582	0.11775	0.00752	0.01019
9	0.01534	0.03799	0.32187	0.08108	0.02706	0.01530	0.12426	0.02224	0.08409	0.08074	0.01630	0.06336	0.01295	0.00799	0.00788	0.00225	0.05917	0.00683	0.00402	0.00929
10	0.00853	0.00660	0.00770	0.00793	0.00942	0.00598	0.00568	0.01028	0.01470	0.01893	0.17331	0.20563	0.35327	0.08268	0.05576	0.00323	0.00463	0.01403	0.00609	0.00563
11	0.01364	0.01315	0.02298	0.56266	0.16672	0.01526	0.07417	0.01812	0.01395	0.01835	0.01218	0.01768	0.00935	0.00649	0.00679	0.00219	0.00896	0.00612	0.00308	0.00815
12	0.01671	0.09337	0.15852	0.14981	0.23214	0.01630	0.12245	0.02143	0.01507	0.09087	0.01360	0.01664	0.01027	0.00634	0.00658	0.00205	0.00870	0.00592	0.00364	0.00959
13	0.07916	0.00738	0.00912	0.00969	0.01124	0.00712	0.00732	0.01307	0.01474	0.06463	0.14249	0.36058	0.09173	0.01706	0.00805	0.00257	0.00439	0.13705	0.00635	0.00627
14	0.01944	0.02117	0.14714	0.02025	0.02638	0.03348	0.22994	0.29375	0.03636	0.02945	0.01421	0.01641	0.01048	0.00728	0.00813	0.00218	0.06282	0.00643	0.00467	0.01003
15	0.02348	0.01664	0.07697	0.07671	0.02100	0.09232	0.01240	0.14518	0.04624	0.32029	0.02098	0.06583	0.01554	0.02634	0.00739	0.00220	0.00723	0.00701	0.00629	0.00998
16	0.02056	0.02235	0.07117	0.12551	0.02561	0.25300	0.06980	0.20908	0.05558	0.02501	0.01465	0.05017	0.01182	0.00782	0.00666	0.00203	0.00939	0.00623	0.00453	0.00902
17	0.01830	0.01857	0.12375	0.01851	0.11192	0.09435	0.03903	0.11950	0.07380	0.10071	0.07482	0.08131	0.01912	0.00938	0.00782	0.00217	0.05057	0.02188	0.00518	0.00929
18	0.01173	0.07175	0.01152	0.00954	0.01156	0.00838	0.00740	0.01441	0.03103	0.08197	0.27784	0.24455	0.10669	0.01521	0.00778	0.00232	0.00425	0.06881	0.00654	0.00673
19	0.02185	0.08127	0.14284	0.01821	0.06661	0.01441	0.14703	0.02695	0.05829	0.32491	0.01927	0.01918	0.01317	0.00715	0.00670	0.00207	0.00775	0.00641	0.00557	0.01037
20	0.01700	0.01585	0.07072	0.15920	0.21679	0.01576	0.01589	0.12778	0.16623	0.05077	0.01816	0.06495	0.01471	0.00816	0.00681	0.00216	0.00730	0.00710	0.00486	0.00981
21	0.01868	0.07953	0.02840	0.02150	0.07536	0.01644	0.30983	0.02661	0.18323	0.14176	0.01863	0.01984	0.01364	0.00696	0.00706	0.00214	0.00833	0.00714	0.00500	0.00990
22	0.01622	0.01434	0.02423	0.13539	0.08532	0.01487	0.23414	0.02441	0.19874	0.08407	0.02000	0.08384	0.01624	0.00831	0.00729	0.00226	0.00795	0.00822	0.00490	0.00924

[dist]
# distance from previous block
# <min> <max>
14	38

[block]
# block no. 7 follows, 32 sequences, length 18
# corresponding to MSA columns:
# 1441-1458
name=unknown_H
#
# <colnr> <probs for GDERKNQSTAVLIFYWHMCP>
#	G	D	E	R	K	N	Q	S	T	A	V	L	I	F	Y	W	H	M	C	P
0	0.07237	0.10356	0.01831	0.07038	0.04916	0.01405	0.01116	0.08590	0.01774	0.32074	0.07692	0.04957	0.01816	0.00876	0.00737	0.00208	0.05119	0.00688	0.00613	0.00958
1	0.04674	0.01463	0.02350	0.32546	0.20142	0.01655	0.08811	0.10102	0.01597	0.02221	0.01241	0.01685	0.00970	0.00698	0.00798	0.00220	0.06973	0.00608	0.00360	0.00885
2	0.11673	0.01339	0.01463	0.05892	0.01808	0.05660	0.01030	0.08765	0.15980	0.23845	0.04346	0.09133	0.01955	0.00970	0.00669	0.00220	0.00608	0.03062	0.00643	0.00940
3	0.11095	0.19455	0.11588	0.01755	0.02306	0.01684	0.24872	0.01882	0.01406	0.02040	0.01591	0.14293	0.01515	0.00849	0.00653	0.00211	0.00814	0.00793	0.00378	0.00822
4	0.11098	0.01476	0.10382	0.09210	0.01924	0.04677	0.01221	0.01810	0.01481	0.09344	0.15464	0.02774	0.10125	0.01026	0.00961	0.00227	0.14774	0.00767	0.00488	0.00772
5	0.05587	0.10871	0.13024	0.24219	0.10345	0.04447	0.01646	0.08881	0.01641	0.11130	0.01378	0.01621	0.01014	0.00678	0.00622	0.00203	0.00815	0.00546	0.00410	0.00921
6	0.01525	0.01837	0.14921	0.24560	0.10709	0.01617	0.14727	0.06330	0.12649	0.02247	0.01504	0.01817	0.01127	0.00684	0.00689	0.00219	0.00879	0.00642	0.00391	0.00928
7	0.00967	0.09823	0.01120	0.00930	0.01045	0.00821	0.00667	0.01109	0.01341	0.01779	0.11661	0.51362	0.04051	0.08852	0.01039	0.00285	0.00445	0.01546	0.00576	0.00581
8	0.01995	0.05495	0.16889	0.01711	0.02317	0.04969	0.14024	0.09784	0.11103	0.18397	0.05154	0.01997	0.01518	0.00757	0.00680	0.00210	0.00799	0.00662	0.00537	0.01002
9	0.01597	0.01550	0.06842	0.21893	0.20746	0.02760	0.12345	0.02021	0.01496	0.08133	0.01440	0.04094	0.01145	0.00673	0.00670	0.00201	0.00827	0.00643	0.00382	0.10543
10	0.01381	0.02282	0.01173	0.01092	0.01298	0.00764	0.03467	0.01596	0.01544	0.16945	0.12121	0.38543	0.03820	0.01618	0.00807	0.00251	0.00481	0.09441	0.00664	0.00712
11	0.01461	0.01480	0.02589	0.22997	0.23644	0.04282	0.19924	0.01875	0.01476	0.01968	0.01554	0.10707	0.01404	0.00795	0.00721	0.00221	0.00880	0.00801	0.00360	0.00858
12	0.02270	0.07575	0.01676	0.01247	0.01680	0.06777	0.01012	0.06085	0.18997	0.32555	0.10730	0.02456	0.02171	0.00883	0.00665	0.00205	0.00598	0.00713	0.00694	0.01010
13	0.01734	0.08035	0.48182	0.01671	0.02485	0.01499	0.01983	0.04315	0.01571	0.16293	0.01598	0.01865	0.01166	0.00735	0.00645	0.00211	0.00863	0.03729	0.00421	0.00999
14	0.01902	0.00904	0.01191	0.01078	0.01376	0.00821	0.00839	0.02172	0.04334	0.34864	0.03302	0.25503	0.07214	0.03809	0.00850	0.00253	0.00507	0.07518	0.00715	0.00847
15	0.07014	0.03832	0.21458	0.04210	0.02055	0.01276	0.01395	0.04316	0.07332	0.27704	0.02139	0.10826	0.01677	0.00910	0.00664	0.00217	0.00681	0.00747	0.00574	0.00972
16	0.01526	0.11545	0.40400	0.07289	0.02524	0.01570	0.01861	0.07363	0.01556	0.06410	0.01591	0.10490	0.01361	0.00834	0.00646	0.00211	0.00833	0.00677	0.00390	0.00924
17	0.01533	0.01895	0.11549	0.20440	0.13566	0.05045	0.32007	0.02052	0.01511	0.02022	0.01270	0.01707	0.00967	0.00611	0.00716	0.00218	0.01012	0.00663	0.00322	0.00893

[dist]
# distance from previous block
# <min> <max>
0	4

[block]
# block no. 8 follows, 32 sequences, length 52
# corresponding to MSA columns:
# 1463-1473,1499-1539
name=unknown_I
#
# <colnr> <probs for GDERKNQSTAVLIFYWHMCP>
#	G	D	E	R	K	N	Q	S	T	A	V	L	I	F	Y	W	H	M	C	P
0	0.01522	0.07928	0.62176	0.01800	0.02723	0.01577	0.02262	0.02219	0.01458	0.08370	0.01315	0.01472	0.00923	0.00651	0.00628	0.00208	0.00937	0.00503	0.00332	0.00997
1	0.02026	0.05947	0.12722	0.11333	0.02570	0.01543	0.11359	0.16891	0.01916	0.19570	0.01798	0.06276	0.01358	0.00800	0.00682	0.00212	0.00791	0.00697	0.00530	0.00981
2	0.01610	0.08837	0.22967	0.06331	0.13720	0.03998	0.16358	0.07478	0.01592	0.02182	0.01351	0.01654	0.02526	0.00686	0.00767	0.00211	0.05846	0.00602	0.00345	0.00938
3	0.01106	0.00583	0.00858	0.00884	0.00891	0.00576	0.00590	0.00884	0.00945	0.01260	0.01602	0.14776	0.01729	0.02292	0.02318	0.66662	0.00549	0.00811	0.00348	0.00335
4	0.01559	0.01467	0.02454	0.31370	0.34859	0.01607	0.06050	0.06626	0.01558	0.02128	0.01255	0.01711	0.00995	0.00655	0.00717	0.00213	0.02900	0.00609	0.00342	0.00926
5	0.07015	0.13340	0.31975	0.15936	0.02826	0.01678	0.04498	0.02099	0.01411	0.08284	0.01265	0.01511	0.00932	0.00670	0.00672	0.00208	0.03909	0.00517	0.00347	0.00906
6	0.02244	0.08142	0.02384	0.02482	0.29850	0.01485	0.06147	0.06278	0.01760	0.29786	0.01800	0.01860	0.01280	0.00696	0.00657	0.00200	0.00721	0.00620	0.00542	0.01069
7	0.00973	0.00708	0.01001	0.01015	0.01111	0.00791	0.00764	0.01166	0.01097	0.01541	0.02024	0.03466	0.02042	0.20662	0.51599	0.00915	0.01437	0.06738	0.00393	0.00558
8	0.01864	0.34849	0.23417	0.01533	0.02221	0.04516	0.07011	0.02277	0.01504	0.13043	0.01321	0.01430	0.00997	0.00637	0.00565	0.00181	0.00825	0.00486	0.00378	0.00944
9	0.01578	0.01245	0.01893	0.09103	0.32345	0.01257	0.01426	0.02047	0.08124	0.10584	0.06878	0.06755	0.09706	0.03160	0.00782	0.00226	0.00645	0.00837	0.00499	0.00912
10	0.00879	0.00682	0.01033	0.01086	0.01176	0.00637	0.06161	0.01032	0.01309	0.01748	0.03511	0.70043	0.04164	0.01979	0.00851	0.00269	0.00449	0.01818	0.00600	0.00574
11	0.01265	0.01096	0.04709	0.06620	0.08107	0.01005	0.09166	0.01633	0.03628	0.06332	0.08210	0.23918	0.03054	0.01482	0.02766	0.00273	0.00668	0.14784	0.00542	0.00742
12	0.01681	0.01383	0.02272	0.17544	0.37166	0.01443	0.04127	0.04106	0.01550	0.10272	0.01627	0.08369	0.01393	0.00798	0.00739	0.00216	0.03218	0.00730	0.00418	0.00948
13	0.01532	0.23240	0.50228	0.01696	0.02539	0.05905	0.02054	0.02125	0.01429	0.01950	0.01122	0.01313	0.00854	0.00623	0.00580	0.00192	0.00930	0.00455	0.00288	0.00944
14	0.01658	0.01806	0.01636	0.08118	0.06716	0.27702	0.01209	0.01951	0.04178	0.01702	0.01614	0.02090	0.04128	0.04187	0.22565	0.00475	0.06546	0.00623	0.00367	0.00730
15	0.01765	0.13718	0.39348	0.01721	0.02488	0.06313	0.06297	0.04226	0.04603	0.11239	0.01428	0.01544	0.01029	0.00668	0.00623	0.00200	0.00893	0.00528	0.00390	0.00980
16	0.07212	0.01301	0.01985	0.09014	0.33723	0.01313	0.01495	0.04105	0.01623	0.15414	0.07380	0.06415	0.01857	0.00850	0.00681	0.00213	0.00675	0.03298	0.00498	0.00948
17	0.00815	0.00595	0.00767	0.00905	0.00966	0.00547	0.00610	0.00938	0.01312	0.01724	0.04051	0.68072	0.12120	0.02056	0.00849	0.00267	0.00384	0.01852	0.00623	0.00547
18	0.02072	0.01861	0.07179	0.02717	0.33404	0.01828	0.01707	0.35077	0.02311	0.03177	0.01428	0.01620	0.01086	0.00701	0.00666	0.00201	0.00782	0.00594	0.00494	0.01096
19	0.38072	0.01394	0.01420	0.07021	0.01822	0.01544	0.00998	0.19176	0.03857	0.14155	0.01485	0.01548	0.01060	0.00718	0.00550	0.00206	0.00606	0.00511	0.02954	0.00904
20	0.02255	0.01707	0.07415	0.01514	0.04614	0.05579	0.01244	0.19155	0.21141	0.22544	0.04290	0.02113	0.01653	0.00831	0.00672	0.00210	0.00671	0.00666	0.00659	0.01069
21	0.44886	0.01083	0.01082	0.05173	0.01521	0.01213	0.00931	0.01727	0.01313	0.02540	0.01988	0.03701	0.01981	0.01114	0.00633	0.00249	0.00579	0.27113	0.00489	0.00685
22	0.40148	0.01441	0.01424	0.01152	0.01627	0.01568	0.00951	0.22999	0.01925	0.18577	0.01514	0.01509	0.01057	0.00724	0.00550	0.00206	0.00597	0.00505	0.00584	0.00944
23	0.03318	0.18036	0.57410	0.01736	0.02631	0.01776	0.02173	0.02098	0.01400	0.02037	0.01144	0.01341	0.00849	0.00624	0.00591	0.00199	0.00926	0.00465	0.00287	0.00959
24	0.02134	0.01373	0.01557	0.01322	0.01754	0.01481	0.01051	0.07203	0.45825	0.24518	0.02642	0.02385	0.01877	0.00880	0.00680	0.00220	0.00555	0.00724	0.00728	0.01091
25	0.06810	0.00893	0.01065	0.00984	0.01220	0.00879	0.00746	0.07662	0.04450	0.10968	0.29813	0.21189	0.07917	0.01381	0.00753	0.00226	0.00425	0.01197	0.00685	0.00737
26	0.00829	0.00593	0.00789	0.00926	0.00976	0.00553	0.00624	0.00964	0.01339	0.01800	0.09765	0.69666	0.04606	0.02037	0.00851	0.00267	0.00383	0.01846	0.00633	0.00553
27	0.03010	0.01142	0.01557	0.01194	0.01713	0.00986	0.00986	0.03270	0.01920	0.72698	0.02647	0.02284	0.01661	0.00830	0.00675	0.00208	0.00571	0.00675	0.00830	0.01142
28	0.01906	0.01139	0.01408	0.01277	0.01615	0.01160	0.01059	0.14857	0.09977	0.20854	0.02871	0.09178	0.02613	0.01301	0.00781	0.00251	0.00602	0.25563	0.00691	0.00898
29	0.01489	0.02469	0.31343	0.02465	0.03268	0.01642	0.43074	0.02140	0.01517	0.02140	0.01297	0.01654	0.00951	0.00594	0.00731	0.00221	0.01076	0.00674	0.00317	0.00939
30	0.01166	0.00583	0.00874	0.00874	0.00874	0.00583	0.00583	0.00874	0.00874	0.01166	0.01166	0.02040	0.01166	0.02331	0.02622	0.80478	0.00583	0.00583	0.00291	0.00291
31	0.01267	0.01193	0.02013	0.74806	0.04621	0.01491	0.01863	0.01714	0.01342	0.01714	0.01193	0.01789	0.00894	0.00671	0.00671	0.00224	0.00894	0.00596	0.00298	0.00745
32	0.01651	0.02272	0.23249	0.07052	0.02842	0.08039	0.22153	0.07148	0.01621	0.04310	0.01411	0.01932	0.01123	0.00758	0.00845	0.00226	0.07715	0.04381	0.00372	0.00901
33	0.01267	0.01193	0.02013	0.74806	0.04621	0.01491	0.01863	0.01714	0.01342	0.01714	0.01193	0.01789	0.00894	0.00671	0.00671	0.00224	0.00894	0.00596	0.00298	0.00745
34	0.00959	0.00719	0.01078	0.01078	0.01198	0.00839	0.00839	0.01198	0.01078	0.01558	0.01797	0.02636	0.01677	0.05032	0.73760	0.01078	0.01797	0.00719	0.00359	0.00599
35	0.01346	0.03471	0.72942	0.01912	0.02904	0.01558	0.02479	0.02125	0.01417	0.02125	0.01204	0.01417	0.00850	0.00637	0.00637	0.00212	0.00992	0.00496	0.00283	0.00992
36	0.01962	0.01608	0.07360	0.02078	0.08038	0.01449	0.25045	0.04402	0.08211	0.21805	0.05767	0.02124	0.01580	0.00761	0.00796	0.00220	0.04544	0.00729	0.00533	0.00987
37	0.01482	0.00896	0.01049	0.00965	0.01203	0.00891	0.00733	0.10162	0.05774	0.11366	0.13854	0.20427	0.06978	0.01257	0.00694	0.00213	0.00431	0.01079	0.19789	0.00759
38	0.01198	0.00817	0.01086	0.07556	0.01459	0.00816	0.00827	0.06810	0.01676	0.07237	0.23709	0.35037	0.04215	0.01555	0.00795	0.00240	0.00459	0.03179	0.00647	0.00681
39	0.01565	0.01401	0.04441	0.20825	0.20972	0.01445	0.09260	0.03923	0.01497	0.08267	0.01679	0.09600	0.01488	0.00889	0.00846	0.00229	0.07415	0.02971	0.00413	0.00875
40	0.01427	0.16804	0.60322	0.01774	0.02689	0.01758	0.02237	0.02104	0.01407	0.02026	0.01155	0.01355	0.00852	0.00626	0.00600	0.00200	0.00942	0.00471	0.00284	0.00968
41	0.01621	0.01582	0.02562	0.16964	0.57163	0.04347	0.01994	0.02020	0.01508	0.02084	0.01241	0.01667	0.01024	0.00615	0.00663	0.00203	0.00831	0.00591	0.00326	0.00994
42	0.01730	0.13310	0.36036	0.01771	0.02529	0.01624	0.11608	0.02342	0.04388	0.13914	0.01558	0.01787	0.01146	0.00696	0.00646	0.00207	0.00872	0.02449	0.00410	0.00978
43	0.01823	0.25918	0.17601	0.13112	0.04859	0.01804	0.05582	0.02282	0.03674	0.15119	0.01444	0.01594	0.01067	0.00662	0.00595	0.00192	0.00797	0.00530	0.00407	0.00939
44	0.01661	0.01019	0.06016	0.01101	0.01397	0.00815	0.00899	0.03694	0.01584	0.26264	0.03280	0.37717	0.06922	0.01500	0.00772	0.00243	0.00506	0.03136	0.00672	0.00800
45	0.06752	0.04213	0.34950	0.08110	0.04576	0.01356	0.03804	0.01924	0.04148	0.02265	0.12897	0.04210	0.01947	0.00814	0.00649	0.00210	0.00759	0.00678	0.04879	0.00859
46	0.02143	0.01584	0.04493	0.02231	0.17527	0.03325	0.13942	0.07155	0.10554	0.24833	0.01911	0.01965	0.01358	0.00740	0.00738	0.00213	0.03015	0.00671	0.00557	0.01045
47	0.01620	0.01765	0.08757	0.23593	0.31411	0.06798	0.08185	0.02095	0.03115	0.04346	0.01309	0.01697	0.01020	0.00641	0.00672	0.00209	0.00889	0.00600	0.00344	0.00933
48	0.00894	0.00811	0.05755	0.01021	0.01150	0.00646	0.00797	0.01097	0.01386	0.01876	0.10862	0.56423	0.04339	0.01899	0.00841	0.00265	0.00445	0.08288	0.00612	0.00592
49	0.07328	0.08077	0.20596	0.01699	0.02327	0.06437	0.14582	0.05112	0.01667	0.16853	0.05869	0.01978	0.01460	0.00741	0.00658	0.00207	0.00832	0.02166	0.00473	0.00939
50	0.09750	0.04934	0.17341	0.01364	0.01824	0.01329	0.01347	0.10400	0.05962	0.04586	0.02329	0.03705	0.04336	0.01351	0.04817	0.00289	0.00761	0.22235	0.00511	0.00830
51	0.07026	0.06776	0.12000	0.01212	0.01604	0.01222	0.01094	0.12371	0.01706	0.11230	0.06896	0.24287	0.02561	0.04305	0.00814	0.00243	0.00600	0.02671	0.00567	0.00816

[dist]
# distance from previous block
# <min> <max>
8	37

[block]
# block no. 9 follows, 32 sequences, length 22
# corresponding to MSA columns:
# 1589-1610
name=unknown_J
#
