[name]
unknown

[dist]
# distance from previous block
# <min> <max>
21	128

[block]
# block no. 0 follows, 43 sequences, length 50
# corresponding to MSA columns:
# 133-182
name=unknown_A
#
# <colnr> <probs for GDERKNQSTAVLIFYWHMCP>
#	G	D	E	R	K	N	Q	S	T	A	V	L	I	F	Y	W	H	M	C	P
0	0.01546	0.03058	0.04341	0.05017	0.01566	0.03596	0.05046	0.07121	0.21739	0.20096	0.09540	0.04441	0.05723	0.00913	0.03543	0.00205	0.00548	0.00663	0.00521	0.00779
1	0.01354	0.08060	0.16806	0.10952	0.05246	0.02509	0.14804	0.08381	0.04268	0.07173	0.09595	0.01769	0.01393	0.00646	0.00606	0.00176	0.03285	0.01860	0.00367	0.00748
2	0.05827	0.00962	0.01232	0.01025	0.01339	0.00963	0.05778	0.10034	0.12878	0.27222	0.02058	0.14862	0.01687	0.00840	0.00558	0.00178	0.00460	0.00720	0.10610	0.00768
3	0.00885	0.02959	0.06815	0.01029	0.05763	0.00704	0.00790	0.01131	0.03757	0.03718	0.02944	0.34192	0.14632	0.01548	0.05934	0.00255	0.00495	0.11431	0.00462	0.00555
4	0.01395	0.01542	0.17374	0.03933	0.15849	0.04102	0.07794	0.06455	0.09583	0.09391	0.06907	0.03213	0.03034	0.00662	0.00563	0.00171	0.00627	0.01814	0.00396	0.05196
5	0.01044	0.03099	0.01102	0.16295	0.01567	0.03776	0.00833	0.04029	0.01142	0.06373	0.02062	0.26677	0.05622	0.06020	0.14404	0.00338	0.03768	0.00895	0.00399	0.00557
6	0.00806	0.00544	0.00700	0.00775	0.00842	0.00518	0.00541	0.00941	0.02370	0.04405	0.05413	0.49534	0.06062	0.14594	0.01049	0.00274	0.00382	0.09287	0.00495	0.00467
7	0.01271	0.09941	0.17123	0.08342	0.15583	0.05269	0.01369	0.04154	0.03635	0.01668	0.06140	0.01524	0.01136	0.03419	0.00868	0.00193	0.16855	0.00497	0.00298	0.00717
8	0.03795	0.05445	0.09509	0.10394	0.14177	0.01336	0.12128	0.14342	0.05976	0.12113	0.01372	0.01647	0.01043	0.00612	0.00559	0.00175	0.00662	0.03507	0.00397	0.00812
9	0.00846	0.00531	0.00618	0.00656	0.00758	0.00508	0.00469	0.02286	0.01209	0.01807	0.12406	0.32928	0.09462	0.01199	0.00573	0.00178	0.00291	0.01048	0.31734	0.00494
10	0.01469	0.01297	0.07659	0.01703	0.14348	0.03948	0.17160	0.08432	0.01463	0.15049	0.07390	0.07813	0.07076	0.00763	0.00600	0.00179	0.00622	0.01836	0.00433	0.00759
11	0.01322	0.04334	0.03697	0.15521	0.05029	0.01110	0.10346	0.05590	0.06961	0.12327	0.03491	0.11685	0.04439	0.00914	0.02080	0.00204	0.04420	0.05410	0.00421	0.00698
12	0.10187	0.05665	0.04484	0.07582	0.07319	0.08110	0.32515	0.03048	0.01257	0.04866	0.01119	0.04317	0.00912	0.00583	0.00641	0.00180	0.05635	0.00559	0.00309	0.00713
13	0.00881	0.00711	0.00958	0.19240	0.01568	0.00704	0.00751	0.01136	0.01300	0.01797	0.27640	0.06133	0.16896	0.00944	0.00583	0.00166	0.00399	0.00815	0.06100	0.11279
14	0.03585	0.01317	0.04948	0.16038	0.02395	0.01304	0.23539	0.15142	0.01528	0.18593	0.01333	0.01506	0.00939	0.00595	0.00642	0.00181	0.04662	0.00548	0.00410	0.00793
15	0.01361	0.01094	0.01693	0.16734	0.04957	0.03588	0.16393	0.07911	0.06094	0.11853	0.01828	0.18051	0.02933	0.00852	0.00611	0.00190	0.00620	0.02108	0.00425	0.00702
16	0.02754	0.17423	0.17872	0.06396	0.01651	0.01207	0.02812	0.05542	0.04130	0.06012	0.03789	0.19885	0.03542	0.00900	0.00556	0.00179	0.00561	0.03721	0.00387	0.00679
17	0.37647	0.11483	0.01472	0.01020	0.01377	0.01490	0.03865	0.20421	0.01409	0.04286	0.00997	0.01185	0.00794	0.03638	0.00625	0.00183	0.06614	0.00405	0.00381	0.00706
18	0.00837	0.05995	0.00852	0.00766	0.00890	0.00613	0.00570	0.00999	0.01245	0.04555	0.21594	0.40864	0.11078	0.01413	0.00662	0.00201	0.00337	0.05494	0.00526	0.00510
19	0.00767	0.00517	0.00645	0.00692	0.00710	0.00511	0.00434	0.00799	0.00898	0.01204	0.02153	0.31406	0.02505	0.41431	0.06884	0.06103	0.00515	0.01051	0.00392	0.00381
20	0.02118	0.01530	0.01649	0.01264	0.01707	0.01686	0.01044	0.72737	0.02569	0.06038	0.01359	0.01349	0.00957	0.00666	0.00554	0.00166	0.00605	0.00501	0.00559	0.00942
21	0.07234	0.04251	0.05169	0.03282	0.13744	0.01178	0.01022	0.15425	0.07420	0.15860	0.03622	0.01865	0.06989	0.00674	0.00529	0.00162	0.00524	0.01437	0.00459	0.09156
22	0.04846	0.02409	0.01490	0.01348	0.01630	0.67859	0.01016	0.04491	0.01581	0.01523	0.06023	0.01219	0.01023	0.00610	0.00506	0.00147	0.00916	0.00403	0.00318	0.00642
23	0.01136	0.08160	0.72592	0.01536	0.02331	0.01348	0.01972	0.01747	0.01166	0.01723	0.00979	0.01150	0.00702	0.00523	0.00515	0.00172	0.00803	0.00402	0.00234	0.00811
24	0.03907	0.04245	0.12456	0.16547	0.02150	0.03212	0.05015	0.19311	0.13302	0.07810	0.04261	0.01570	0.01151	0.00629	0.00544	0.00173	0.00631	0.00517	0.00420	0.02148
25	0.02166	0.00577	0.00712	0.00730	0.00836	0.00535	0.00508	0.01045	0.01135	0.10106	0.08597	0.35067	0.13430	0.18729	0.01136	0.00278	0.00382	0.03039	0.00499	0.00493
26	0.10120	0.09402	0.13479	0.04131	0.04450	0.03316	0.01043	0.04372	0.06174	0.08337	0.01286	0.03121	0.01133	0.15376	0.01099	0.00245	0.11373	0.00526	0.00348	0.00669
27	0.01306	0.44124	0.38121	0.01245	0.01881	0.01765	0.01465	0.01703	0.01146	0.01515	0.00875	0.01021	0.00706	0.00498	0.00436	0.00145	0.00699	0.00349	0.00235	0.00761
28	0.00712	0.00537	0.00662	0.00712	0.00819	0.00487	0.00518	0.00872	0.01256	0.01650	0.21485	0.34958	0.24897	0.01480	0.00683	0.00204	0.00310	0.06745	0.00537	0.00477
29	0.01735	0.04731	0.04289	0.01628	0.02098	0.01495	0.28118	0.29162	0.04361	0.10875	0.01320	0.01449	0.00952	0.00601	0.00643	0.00177	0.04539	0.00555	0.00432	0.00839
30	0.01493	0.01475	0.01292	0.01141	0.01465	0.18584	0.00881	0.03873	0.46791	0.02034	0.01918	0.01843	0.04365	0.00698	0.00536	0.00166	0.00558	0.00552	0.00473	0.09861
31	0.01696	0.10813	0.07012	0.01452	0.11256	0.05640	0.03925	0.14789	0.11057	0.15551	0.01483	0.01507	0.02394	0.00602	0.00519	0.00157	0.00591	0.00489	0.00436	0.08631
32	0.01468	0.13711	0.07481	0.01571	0.02041	0.01500	0.28083	0.20885	0.04447	0.02154	0.04109	0.04508	0.01165	0.00745	0.03458	0.00197	0.00741	0.00587	0.00375	0.00773
33	0.00671	0.00498	0.00626	0.00728	0.00792	0.00453	0.00495	0.00776	0.01102	0.01431	0.03579	0.64767	0.18731	0.01667	0.00696	0.00217	0.00313	0.01491	0.00514	0.00453
34	0.01126	0.01058	0.01789	0.12251	0.17244	0.01039	0.15363	0.01437	0.01135	0.01624	0.01140	0.01547	0.00958	0.01343	0.18931	0.00324	0.00860	0.00509	0.00289	0.20034
35	0.01176	0.00633	0.00826	0.00779	0.00904	0.00615	0.00548	0.01281	0.01053	0.19239	0.02044	0.17204	0.02052	0.32731	0.15975	0.00458	0.00658	0.00850	0.00444	0.00530
36	0.00823	0.00531	0.00686	0.00749	0.00818	0.00493	0.00508	0.00931	0.01114	0.06603	0.09162	0.55387	0.06380	0.11914	0.00967	0.00256	0.00353	0.01340	0.00510	0.00475
37	0.03295	0.00705	0.00831	0.00789	0.00965	0.00695	0.00590	0.07978	0.03251	0.13866	0.02389	0.27187	0.05046	0.07397	0.00752	0.00212	0.00385	0.03751	0.19318	0.00596
38	0.00807	0.00619	0.00752	0.00779	0.00904	0.00605	0.00570	0.01159	0.11142	0.01787	0.24231	0.33216	0.14797	0.01374	0.00668	0.00202	0.00323	0.04986	0.00548	0.00533
39	0.07708	0.27598	0.32491	0.01193	0.01787	0.05757	0.01328	0.01687	0.01157	0.01650	0.00896	0.01046	0.00714	0.00494	0.00439	0.00142	0.00667	0.00350	0.00260	0.12636
40	0.00877	0.00677	0.00915	0.00878	0.00932	0.00795	0.00647	0.02326	0.00893	0.01266	0.01519	0.05487	0.01581	0.29371	0.37321	0.00638	0.12414	0.00685	0.00315	0.00463
41	0.00850	0.00673	0.00968	0.00942	0.01015	0.00809	0.00731	0.01016	0.00894	0.01288	0.01508	0.05726	0.01499	0.10741	0.54711	0.00717	0.12512	0.02597	0.00308	0.00494
42	0.00928	0.00579	0.00779	0.00886	0.03713	0.00539	0.00602	0.01061	0.01143	0.09753	0.02891	0.56171	0.05944	0.03606	0.00730	0.00222	0.00364	0.05896	0.03671	0.00523
43	0.44681	0.01021	0.01042	0.00865	0.01239	0.01064	0.00716	0.04925	0.01282	0.33087	0.01450	0.01517	0.01024	0.00628	0.00454	0.00174	0.00456	0.03127	0.00497	0.00750
44	0.01020	0.00840	0.01175	0.06686	0.17153	0.00850	0.00928	0.06004	0.03546	0.01759	0.08184	0.09649	0.16128	0.07215	0.00810	0.00224	0.00487	0.16291	0.00442	0.00608
45	0.01172	0.00630	0.00803	0.00786	0.00943	0.00590	0.00582	0.03720	0.01294	0.17382	0.10267	0.38530	0.02871	0.01231	0.00612	0.00191	0.00349	0.02761	0.14697	0.00588
46	0.01262	0.00912	0.04275	0.01091	0.03878	0.00879	0.02829	0.02533	0.09555	0.16563	0.04408	0.13099	0.09360	0.01565	0.13781	0.00315	0.06327	0.06231	0.00474	0.00665
47	0.05570	0.01186	0.06770	0.01295	0.01690	0.01038	0.18964	0.05300	0.11091	0.01903	0.01788	0.13521	0.04366	0.00795	0.00575	0.00172	0.00568	0.04990	0.00398	0.18019
48	0.07297	0.01498	0.02122	0.04833	0.44690	0.11067	0.10514	0.07952	0.01392	0.01925	0.01032	0.01306	0.00834	0.00518	0.00541	0.00166	0.00717	0.00483	0.00304	0.00810
49	0.07412	0.00796	0.01226	0.01075	0.02459	0.00751	0.14772	0.01242	0.01242	0.06871	0.10939	0.24552	0.16342	0.01132	0.00631	0.00194	0.00452	0.03776	0.03562	0.00574

[dist]
# distance from previous block
# <min> <max>
1	47

[block]
# block no. 1 follows, 43 sequences, length 27
# corresponding to MSA columns:
# 230-256
name=unknown_B
#
# <colnr> <probs for GDERKNQSTAVLIFYWHMCP>
#	G	D	E	R	K	N	Q	S	T	A	V	L	I	F	Y	W	H	M	C	P
0	0.07304	0.01199	0.07056	0.01262	0.06148	0.03546	0.06150	0.06527	0.10418	0.20748	0.07790	0.06813	0.05987	0.00814	0.00613	0.00182	0.02962	0.03228	0.00493	0.00759
1	0.10300	0.06102	0.05372	0.03075	0.08187	0.03184	0.00916	0.03735	0.03508	0.25187	0.01809	0.08868	0.04476	0.04169	0.06588	0.00244	0.02473	0.00621	0.00455	0.00731
2	0.01075	0.01014	0.01714	0.72395	0.10396	0.01238	0.01553	0.01441	0.01121	0.01450	0.00990	0.01467	0.00751	0.00548	0.00553	0.00183	0.00731	0.00492	0.00249	0.00639
3	0.00931	0.07903	0.01244	0.03322	0.05173	0.00814	0.07508	0.01108	0.01143	0.04083	0.04123	0.37236	0.13772	0.02382	0.05067	0.00241	0.01866	0.01096	0.00436	0.00553
4	0.05263	0.01324	0.05012	0.20993	0.26952	0.06172	0.04552	0.08428	0.02915	0.04123	0.03476	0.01686	0.05483	0.00613	0.00551	0.00172	0.00659	0.00538	0.00337	0.00751
5	0.06529	0.01527	0.01322	0.11573	0.01711	0.30872	0.03322	0.01792	0.01338	0.11162	0.04481	0.05662	0.01350	0.07531	0.02071	0.00210	0.00724	0.02652	0.03544	0.00626
6	0.00696	0.00518	0.00649	0.00710	0.00798	0.00471	0.00497	0.00841	0.01223	0.01623	0.21117	0.46489	0.19298	0.01522	0.00683	0.00205	0.00299	0.01354	0.00537	0.00471
7	0.06238	0.01607	0.17179	0.16470	0.10454	0.07362	0.06803	0.07953	0.05978	0.01870	0.03795	0.05857	0.01138	0.00661	0.00608	0.00180	0.04238	0.00552	0.00331	0.00728
8	0.01308	0.01714	0.18424	0.20298	0.06920	0.13733	0.13143	0.01685	0.01249	0.04307	0.03684	0.01518	0.00995	0.02010	0.06432	0.00232	0.00852	0.00510	0.00290	0.00696
9	0.05239	0.08172	0.01420	0.00983	0.01401	0.01034	0.00825	0.10046	0.01608	0.56988	0.01902	0.01710	0.01241	0.00656	0.00524	0.00164	0.00486	0.00516	0.04195	0.00891
10	0.08779	0.20923	0.08373	0.01096	0.03514	0.01367	0.04019	0.12044	0.08319	0.01998	0.06692	0.08610	0.04748	0.02677	0.00560	0.00172	0.00525	0.00607	0.04276	0.00700
11	0.01694	0.09705	0.04344	0.01157	0.01551	0.01245	0.07555	0.16192	0.13231	0.21309	0.13226	0.02046	0.01814	0.00724	0.00561	0.00170	0.00528	0.01606	0.00527	0.00815
12	0.00836	0.00636	0.00829	0.00854	0.00898	0.00693	0.00608	0.03307	0.01021	0.01394	0.02276	0.40862	0.02627	0.19765	0.07679	0.00352	0.10316	0.04157	0.00423	0.00465
13	0.04350	0.00646	0.00881	0.01017	0.07677	0.00676	0.00646	0.00944	0.00963	0.01364	0.02067	0.32816	0.04177	0.14753	0.08706	0.11337	0.05149	0.00985	0.00383	0.00462
14	0.01267	0.10603	0.16289	0.01087	0.01493	0.01226	0.01031	0.04044	0.22843	0.05695	0.07433	0.01990	0.05034	0.04114	0.03065	0.00203	0.03376	0.00567	0.00418	0.08221
15	0.02867	0.05154	0.11265	0.01346	0.06053	0.01152	0.08631	0.09814	0.05920	0.28115	0.01824	0.04560	0.04741	0.00699	0.00591	0.00174	0.02852	0.00588	0.02832	0.00821
16	0.00926	0.00638	0.00768	0.00733	0.00795	0.00675	0.00486	0.07528	0.00982	0.01333	0.01613	0.03005	0.01728	0.52667	0.19399	0.04494	0.00752	0.00715	0.00342	0.00421
17	0.00759	0.07716	0.00857	0.00793	0.00877	0.00618	0.00572	0.00874	0.01088	0.01422	0.02951	0.65434	0.06525	0.01595	0.00677	0.00216	0.00355	0.05706	0.00489	0.00478
18	0.01496	0.30237	0.08947	0.03983	0.01788	0.07532	0.08967	0.05267	0.06686	0.05905	0.01049	0.01220	0.00847	0.00607	0.00687	0.00165	0.13138	0.00433	0.00310	0.00735
19	0.01230	0.01089	0.01722	0.30231	0.17293	0.01202	0.07345	0.06682	0.07533	0.03970	0.04788	0.06653	0.04001	0.00705	0.00618	0.00183	0.03052	0.00633	0.00357	0.00712
20	0.01453	0.00717	0.00929	0.07815	0.01251	0.00690	0.00682	0.02900	0.01312	0.26993	0.02261	0.15902	0.04941	0.00899	0.00540	0.00172	0.00397	0.02846	0.26639	0.00660
21	0.01307	0.08714	0.36671	0.03458	0.05965	0.08109	0.03360	0.01722	0.01274	0.08587	0.08048	0.07633	0.01415	0.00686	0.00543	0.00171	0.00687	0.00565	0.00339	0.00746
22	0.02353	0.08123	0.04829	0.16496	0.12209	0.03579	0.13283	0.11550	0.11508	0.01964	0.03580	0.03534	0.03275	0.00634	0.00558	0.00174	0.00659	0.00572	0.00365	0.00756
23	0.02626	0.00601	0.00786	0.00855	0.03015	0.00592	0.00609	0.02397	0.01188	0.04374	0.12995	0.33807	0.06429	0.04534	0.10104	0.00298	0.00495	0.07814	0.05965	0.00514
24	0.44925	0.01685	0.23062	0.03651	0.01707	0.03526	0.05275	0.06979	0.01171	0.02241	0.00904	0.01063	0.00675	0.00529	0.00439	0.00173	0.00608	0.00373	0.00318	0.00697
25	0.08374	0.03535	0.00840	0.00777	0.00947	0.00704	0.00582	0.05752	0.01244	0.07014	0.04278	0.35925	0.20081	0.03389	0.00686	0.00209	0.00373	0.04247	0.00500	0.00543
26	0.04674	0.00686	0.03904	0.00807	0.00901	0.03052	0.00588	0.00902	0.01075	0.01466	0.02860	0.63714	0.06840	0.04836	0.00760	0.00229	0.00376	0.01374	0.00480	0.00475

[dist]
# distance from previous block
# <min> <max>
0	11

[block]
# block no. 2 follows, 43 sequences, length 7
# corresponding to MSA columns:
# 268-274
name=unknown_C
#
# <colnr> <probs for GDERKNQSTAVLIFYWHMCP>
#	G	D	E	R	K	N	Q	S	T	A	V	L	I	F	Y	W	H	M	C	P
0	0.07102	0.12650	0.15828	0.07862	0.05629	0.05922	0.03366	0.16549	0.06939	0.11109	0.01246	0.01330	0.00912	0.00583	0.00508	0.00164	0.00650	0.00453	0.00390	0.00806
1	0.10445	0.05326	0.15701	0.01741	0.18988	0.01294	0.06637	0.10322	0.04963	0.10800	0.01215	0.01339	0.00903	0.00546	0.00512	0.00162	0.00622	0.00460	0.00371	0.07653
2	0.01367	0.11869	0.30419	0.05896	0.10037	0.01287	0.03228	0.03590	0.05625	0.11336	0.01526	0.01787	0.04644	0.00646	0.00537	0.00172	0.00658	0.04235	0.00352	0.00787
3	0.01378	0.30030	0.10517	0.22086	0.02236	0.06623	0.04900	0.04602	0.01253	0.05151	0.01247	0.01438	0.05191	0.00579	0.00487	0.00156	0.00677	0.00454	0.00295	0.00701
4	0.01274	0.01104	0.06317	0.14855	0.08092	0.01013	0.15559	0.01673	0.05955	0.13073	0.11780	0.13270	0.01947	0.00811	0.00608	0.00185	0.00592	0.00762	0.00427	0.00703
5	0.04487	0.05643	0.17435	0.06143	0.11984	0.06141	0.16201	0.02045	0.16623	0.05872	0.01319	0.01466	0.00991	0.00566	0.00549	0.00174	0.00705	0.00514	0.00348	0.00794
6	0.01343	0.05840	0.09384	0.01603	0.02065	0.01214	0.34552	0.05518	0.04946	0.09146	0.09375	0.02078	0.06413	0.03175	0.00674	0.00189	0.00694	0.00666	0.00391	0.00732

[dist]
# distance from previous block
# <min> <max>
7	97

[block]
# block no. 3 follows, 43 sequences, length 29
# corresponding to MSA columns:
# 372-400
name=unknown_D
#
# <colnr> <probs for GDERKNQSTAVLIFYWHMCP>
#	G	D	E	R	K	N	Q	S	T	A	V	L	I	F	Y	W	H	M	C	P
0	0.03968	0.00863	0.01169	0.06874	0.07740	0.00832	0.03930	0.02940	0.03905	0.04104	0.05826	0.04301	0.05620	0.17503	0.04027	0.00266	0.00545	0.06614	0.00385	0.18584
1	0.08098	0.01481	0.08907	0.01453	0.10451	0.08018	0.05275	0.17057	0.08216	0.09799	0.02990	0.03896	0.01146	0.00630	0.00526	0.00162	0.00602	0.00517	0.02626	0.08150
2	0.01107	0.04656	0.11834	0.04134	0.03476	0.00878	0.05248	0.04408	0.01324	0.08157	0.14665	0.15561	0.09593	0.03297	0.00674	0.00195	0.00498	0.06110	0.00452	0.03734
3	0.01715	0.11387	0.01747	0.06311	0.04174	0.07548	0.04953	0.22442	0.15223	0.10640	0.04047	0.01553	0.01201	0.00634	0.00529	0.00162	0.00599	0.00510	0.00458	0.04167
4	0.01046	0.00984	0.01661	0.79205	0.03814	0.01230	0.01538	0.01415	0.01107	0.01415	0.00984	0.01477	0.00738	0.00554	0.00554	0.00185	0.00738	0.00492	0.00246	0.00615
5	0.01412	0.42531	0.27913	0.01179	0.01752	0.01727	0.01304	0.01868	0.07586	0.06466	0.01064	0.01149	0.00834	0.00529	0.00444	0.00147	0.00648	0.00379	0.00293	0.00776
6	0.01381	0.14906	0.31139	0.01322	0.01874	0.01310	0.08414	0.06428	0.03513	0.11140	0.09108	0.04349	0.01415	0.00652	0.00536	0.00168	0.00650	0.00546	0.00373	0.00775
7	0.01443	0.01292	0.02186	0.03243	0.72190	0.01283	0.01642	0.01764	0.01282	0.06700	0.01116	0.01404	0.00909	0.00506	0.00549	0.00165	0.00646	0.00498	0.00301	0.00881
8	0.00672	0.00564	0.00586	0.00587	0.00768	0.00477	0.00445	0.00825	0.01285	0.01554	0.10635	0.05276	0.69129	0.01388	0.00658	0.00188	0.00287	0.03682	0.00521	0.00473
9	0.02632	0.01487	0.18251	0.20644	0.04433	0.01193	0.12080	0.01967	0.06108	0.20605	0.01377	0.01532	0.00966	0.00594	0.00608	0.00181	0.03658	0.00520	0.00381	0.00783
10	0.01091	0.01033	0.01759	0.64105	0.14648	0.01227	0.03227	0.01449	0.01134	0.01482	0.01049	0.03489	0.00837	0.00573	0.00559	0.00183	0.00720	0.00524	0.00258	0.00653
11	0.00852	0.00581	0.00717	0.00705	0.00716	0.00619	0.00451	0.00853	0.00820	0.01111	0.01612	0.03240	0.01808	0.58590	0.07413	0.10283	0.05696	0.03252	0.00322	0.00358
12	0.01237	0.01286	0.03920	0.27525	0.28876	0.01325	0.21402	0.01615	0.01206	0.01653	0.01031	0.01428	0.00813	0.00525	0.00627	0.00180	0.03807	0.00534	0.00265	0.00746
13	0.01198	0.01076	0.08349	0.19666	0.06126	0.00952	0.11181	0.01504	0.01230	0.12160	0.03870	0.20552	0.01860	0.00930	0.00621	0.00196	0.00600	0.06860	0.00407	0.00661
14	0.04291	0.11299	0.08002	0.02001	0.12436	0.01403	0.37358	0.04475	0.01306	0.05897	0.01214	0.05575	0.00994	0.00564	0.00576	0.00174	0.00758	0.00596	0.00318	0.00762
15	0.01250	0.01252	0.02322	0.31339	0.25237	0.01320	0.23855	0.03561	0.01253	0.01696	0.01052	0.01447	0.00816	0.00512	0.00582	0.00179	0.00770	0.00542	0.00273	0.00742
16	0.06646	0.06498	0.41485	0.04857	0.05294	0.01289	0.09929	0.01828	0.05213	0.07028	0.03986	0.01403	0.00989	0.00561	0.00530	0.00174	0.00718	0.00475	0.00311	0.00785
17	0.01536	0.00782	0.01081	0.00953	0.01213	0.00726	0.04374	0.01804	0.04523	0.31848	0.02475	0.14920	0.04876	0.03941	0.00691	0.00206	0.00450	0.13769	0.09139	0.00693
18	0.01224	0.09224	0.34145	0.12216	0.10553	0.01369	0.09933	0.04765	0.04891	0.01762	0.01144	0.04269	0.00912	0.00577	0.00541	0.00174	0.00736	0.00505	0.00285	0.00774
19	0.06542	0.01452	0.10229	0.09756	0.26863	0.05349	0.10907	0.01855	0.03590	0.12285	0.01256	0.03447	0.00976	0.00583	0.00580	0.00175	0.02495	0.00526	0.00344	0.00790
20	0.01370	0.01489	0.18024	0.25905	0.25774	0.01216	0.01576	0.01801	0.03560	0.12169	0.01210	0.01453	0.00891	0.00554	0.00547	0.00175	0.00684	0.00488	0.00323	0.00793
21	0.00741	0.00566	0.00769	0.05507	0.03209	0.00546	0.00636	0.00890	0.01140	0.01498	0.06665	0.52711	0.12702	0.01538	0.00690	0.00217	0.00367	0.08630	0.00495	0.00484
22	0.01641	0.03750	0.12315	0.07122	0.12171	0.07491	0.16704	0.07968	0.01444	0.18198	0.02274	0.01521	0.01936	0.00587	0.00590	0.00173	0.02397	0.00528	0.00386	0.00805
23	0.01201	0.04972	0.25177	0.09932	0.04206	0.07073	0.12116	0.01613	0.02818	0.02775	0.05306	0.07883	0.01344	0.00735	0.00680	0.00186	0.07360	0.03611	0.00315	0.00697
24	0.00716	0.00536	0.00660	0.00698	0.00802	0.00487	0.00500	0.00876	0.01265	0.01678	0.26223	0.32383	0.22440	0.04502	0.00761	0.00213	0.00308	0.03941	0.00536	0.00474
25	0.01275	0.01424	0.08056	0.07742	0.09223	0.10804	0.21452	0.01644	0.04387	0.04446	0.06073	0.11971	0.04698	0.00775	0.00646	0.00184	0.03434	0.00720	0.00359	0.00686
26	0.05074	0.01274	0.06851	0.09558	0.11985	0.05860	0.01136	0.07728	0.04277	0.21942	0.01625	0.01864	0.03750	0.00895	0.04983	0.00220	0.06154	0.03619	0.00432	0.00772
27	0.00931	0.00897	0.04686	0.23525	0.05150	0.00874	0.08561	0.01205	0.01165	0.01547	0.05891	0.24414	0.04633	0.03632	0.00714	0.00215	0.00566	0.10434	0.00390	0.00570
28	0.00947	0.01069	0.10964	0.26647	0.09112	0.00937	0.03964	0.01247	0.01130	0.01532	0.04548	0.28555	0.01946	0.01107	0.03614	0.00222	0.00616	0.00882	0.00356	0.00605

[dist]
# distance from previous block
# <min> <max>
8	29

[block]
# block no. 4 follows, 43 sequences, length 47
# corresponding to MSA columns:
# 430-476
name=unknown_E
#
# <colnr> <probs for GDERKNQSTAVLIFYWHMCP>
#	G	D	E	R	K	N	Q	S	T	A	V	L	I	F	Y	W	H	M	C	P
0	0.01371	0.47351	0.16622	0.01026	0.01509	0.01650	0.01076	0.01649	0.01229	0.07203	0.10740	0.01569	0.03729	0.00613	0.00450	0.00142	0.00574	0.00454	0.00326	0.00717
1	0.10516	0.11022	0.22582	0.01078	0.01473	0.01118	0.01093	0.01531	0.03246	0.07361	0.07426	0.11834	0.01664	0.01188	0.09156	0.00258	0.03398	0.03016	0.00371	0.00668
2	0.01308	0.23712	0.50657	0.01351	0.02037	0.01483	0.01635	0.01788	0.01194	0.07297	0.02156	0.01191	0.00822	0.00533	0.00484	0.00160	0.00723	0.00399	0.00274	0.00794
3	0.06715	0.27078	0.16797	0.01199	0.01709	0.01629	0.04187	0.16140	0.09005	0.08726	0.01211	0.01261	0.00909	0.00570	0.00477	0.00157	0.00617	0.00429	0.00378	0.00808
4	0.00826	0.00645	0.03419	0.00892	0.03675	0.00549	0.00643	0.00981	0.01164	0.05368	0.06245	0.51071	0.13704	0.01507	0.00682	0.00213	0.00365	0.07029	0.00508	0.00513
5	0.07335	0.04280	0.41849	0.05363	0.06588	0.01128	0.01507	0.01580	0.01188	0.04389	0.04579	0.07057	0.04184	0.00739	0.00550	0.00182	0.00658	0.05791	0.00325	0.00725
6	0.01046	0.00984	0.01661	0.79205	0.03814	0.01230	0.01538	0.01415	0.01107	0.01415	0.00984	0.01477	0.00738	0.00554	0.00554	0.00185	0.00738	0.00492	0.00246	0.00615
7	0.01320	0.05250	0.58149	0.01489	0.02203	0.03854	0.01782	0.13390	0.03911	0.02018	0.01077	0.01210	0.00773	0.00555	0.00525	0.00171	0.00771	0.00425	0.00297	0.00831
8	0.01030	0.00882	0.02728	0.14672	0.09195	0.00875	0.11329	0.01289	0.01181	0.04446	0.06619	0.24135	0.02151	0.04710	0.00744	0.00211	0.01776	0.05461	0.05970	0.00597
9	0.01226	0.00864	0.04137	0.00951	0.01145	0.00833	0.00750	0.10217	0.06125	0.12492	0.02109	0.30083	0.02114	0.04396	0.11569	0.05434	0.03545	0.00921	0.00472	0.00617
10	0.00807	0.00691	0.03662	0.00942	0.05359	0.00610	0.00667	0.01028	0.04012	0.01586	0.12250	0.33479	0.13246	0.09244	0.02048	0.00250	0.00409	0.08715	0.00482	0.00512
11	0.01195	0.01022	0.04181	0.02808	0.17680	0.00997	0.03805	0.02802	0.15859	0.06933	0.04871	0.19295	0.05795	0.00965	0.00645	0.00191	0.03128	0.03771	0.03352	0.00707
12	0.01297	0.01238	0.14772	0.01134	0.01455	0.03177	0.08871	0.04563	0.03698	0.14296	0.01706	0.12128	0.01584	0.18830	0.03688	0.05177	0.00631	0.00718	0.00402	0.00634
13	0.00690	0.00522	0.00640	0.00719	0.00812	0.00473	0.00512	0.00820	0.01166	0.01501	0.07873	0.47468	0.26490	0.01584	0.00692	0.00212	0.00319	0.06523	0.00519	0.00464
14	0.01386	0.06569	0.11221	0.04609	0.17805	0.08363	0.22558	0.01729	0.01259	0.06312	0.01237	0.07678	0.01062	0.00635	0.00643	0.00178	0.05103	0.00595	0.00312	0.00747
15	0.06136	0.00742	0.00945	0.09689	0.04163	0.00768	0.00741	0.05733	0.03892	0.04658	0.10955	0.27374	0.09577	0.01151	0.00611	0.00193	0.00411	0.05212	0.06472	0.00576
16	0.07486	0.03428	0.01113	0.00896	0.01163	0.00928	0.00716	0.09676	0.01370	0.27735	0.01761	0.06694	0.01411	0.06529	0.09056	0.00271	0.04572	0.00597	0.13893	0.00706
17	0.01375	0.00819	0.01085	0.01104	0.09936	0.00770	0.00754	0.04244	0.05296	0.22347	0.27461	0.03122	0.14650	0.00928	0.00598	0.00173	0.00388	0.00796	0.03452	0.00701
18	0.01024	0.00769	0.01050	0.15353	0.04332	0.00810	0.00816	0.08198	0.04184	0.04054	0.17586	0.25841	0.06557	0.01171	0.00720	0.05083	0.00442	0.00963	0.00470	0.00577
19	0.01264	0.10089	0.26709	0.02353	0.35344	0.01369	0.08199	0.01681	0.01213	0.01719	0.01088	0.04504	0.00914	0.00551	0.00537	0.00168	0.00714	0.00504	0.00268	0.00812
20	0.02104	0.00967	0.01208	0.00951	0.01321	0.00915	0.00777	0.15379	0.01704	0.48769	0.06336	0.01944	0.01527	0.00702	0.00537	0.00164	0.00452	0.00567	0.12820	0.00855
21	0.00748	0.00552	0.00714	0.00804	0.00902	0.00518	0.00615	0.00917	0.01209	0.01578	0.10244	0.37087	0.16645	0.01557	0.00711	0.00223	0.00367	0.23609	0.00522	0.00478
22	0.01369	0.37318	0.37169	0.01279	0.01899	0.06420	0.01464	0.04403	0.01226	0.01593	0.00899	0.01040	0.00715	0.00511	0.00450	0.00148	0.00722	0.00359	0.00250	0.00764
23	0.06443	0.21645	0.46658	0.01345	0.02005	0.03727	0.01585	0.07438	0.01267	0.01813	0.00948	0.01092	0.00717	0.00525	0.00475	0.00160	0.00728	0.00380	0.00268	0.00783
24	0.00961	0.00836	0.01521	0.01240	0.01471	0.00783	0.24601	0.01142	0.01176	0.01575	0.13326	0.15953	0.10679	0.01230	0.00982	0.17660	0.00545	0.03409	0.00396	0.00517
25	0.07558	0.08859	0.01411	0.01017	0.01368	0.01151	0.03408	0.16217	0.07791	0.21301	0.05686	0.09846	0.04454	0.00914	0.03256	0.00195	0.00520	0.00653	0.00512	0.03881
26	0.07044	0.01370	0.01592	0.01260	0.01659	0.06759	0.08081	0.35996	0.01954	0.17458	0.01568	0.01878	0.01198	0.00715	0.00564	0.00176	0.00614	0.07326	0.01954	0.00833
27	0.01134	0.00838	0.00918	0.00863	0.01076	0.03569	0.00678	0.10963	0.06175	0.07516	0.08909	0.12132	0.25906	0.03911	0.00720	0.00208	0.00423	0.12929	0.00527	0.00602
28	0.08408	0.01449	0.04269	0.01361	0.08999	0.17180	0.03541	0.08953	0.04246	0.14335	0.03710	0.08622	0.03729	0.00737	0.00575	0.00167	0.02867	0.00590	0.00427	0.05833
29	0.01323	0.01436	0.06285	0.19296	0.12995	0.03653	0.34085	0.07813	0.01365	0.01825	0.01146	0.01594	0.00902	0.00549	0.00602	0.00182	0.00807	0.03097	0.00300	0.00744
30	0.01111	0.02865	0.77667	0.01579	0.02397	0.01286	0.02046	0.01754	0.01169	0.01754	0.00994	0.01169	0.00702	0.00526	0.00526	0.00175	0.00818	0.00409	0.00234	0.00818
31	0.05301	0.00938	0.01329	0.10275	0.14458	0.02975	0.05291	0.04350	0.05844	0.01742	0.04744	0.24952	0.02170	0.03819	0.00699	0.00211	0.00531	0.09331	0.00416	0.00624
32	0.01247	0.15588	0.40543	0.01388	0.02038	0.05342	0.07809	0.01697	0.01191	0.01668	0.00958	0.01137	0.00738	0.00493	0.00485	0.00148	0.00724	0.00393	0.00258	0.16155
33	0.00846	0.00623	0.00828	0.00931	0.01070	0.00604	0.00801	0.01079	0.01272	0.01626	0.03453	0.06069	0.17510	0.01505	0.00743	0.00242	0.00465	0.59319	0.00511	0.00502
34	0.00672	0.00491	0.00633	0.00747	0.00797	0.00452	0.00503	0.00774	0.01084	0.01423	0.03351	0.71432	0.12213	0.01696	0.00701	0.00220	0.00317	0.01527	0.00514	0.00452
35	0.05558	0.01893	0.35988	0.11958	0.15199	0.01202	0.04365	0.01798	0.01222	0.11262	0.01170	0.01361	0.00844	0.00545	0.00528	0.00173	0.00703	0.00460	0.02975	0.00794
36	0.01167	0.00994	0.01366	0.12288	0.01752	0.01136	0.05751	0.06488	0.20577	0.01843	0.01909	0.03020	0.01759	0.04101	0.05594	0.00266	0.08439	0.20456	0.00428	0.00665
37	0.00983	0.00706	0.01007	0.03931	0.01287	0.00707	0.03389	0.03996	0.01309	0.04334	0.02821	0.13131	0.05587	0.01412	0.00728	0.00238	0.00508	0.52880	0.00501	0.00546
38	0.03647	0.00777	0.02957	0.03137	0.01167	0.00696	0.03281	0.04070	0.01393	0.17512	0.22248	0.20585	0.10704	0.01094	0.00616	0.00185	0.00390	0.00956	0.03962	0.00623
39	0.04632	0.07357	0.05839	0.07148	0.28299	0.01319	0.13124	0.04522	0.05707	0.14712	0.01293	0.01460	0.00965	0.00548	0.00545	0.00169	0.00655	0.00511	0.00368	0.00827
40	0.01124	0.00786	0.01179	0.13144	0.01646	0.00808	0.05259	0.03812	0.01279	0.09417	0.02317	0.09307	0.02357	0.06906	0.00841	0.00247	0.00559	0.37965	0.00463	0.00582
41	0.09597	0.08991	0.12185	0.09010	0.06658	0.17524	0.11882	0.01952	0.01316	0.14117	0.01139	0.01288	0.00840	0.00548	0.00515	0.00164	0.00740	0.00450	0.00340	0.00745
42	0.09422	0.04341	0.19299	0.01606	0.15446	0.01228	0.04338	0.07679	0.07547	0.12662	0.03114	0.04535	0.03892	0.00663	0.00554	0.00174	0.01751	0.00551	0.00399	0.00798
43	0.08760	0.07851	0.15837	0.03961	0.01836	0.04095	0.14083	0.05205	0.01300	0.13893	0.01497	0.13523	0.01300	0.00728	0.00549	0.00175	0.00633	0.00639	0.00388	0.03745
44	0.16809	0.03635	0.03897	0.20946	0.02113	0.01311	0.08462	0.11671	0.09068	0.02014	0.01249	0.01711	0.01034	0.06512	0.00752	0.00209	0.04298	0.03270	0.00358	0.00681
45	0.12373	0.11919	0.10132	0.05811	0.06308	0.04021	0.03052	0.09386	0.10674	0.10218	0.01445	0.01603	0.03171	0.00625	0.00501	0.00164	0.00581	0.02622	0.00398	0.04995
46	0.08886	0.08872	0.08720	0.02851	0.16237	0.09267	0.09655	0.01910	0.03135	0.14379	0.01173	0.01327	0.00888	0.00574	0.00611	0.00167	0.06658	0.00462	0.00350	0.03880

[dist]
# distance from previous block
# <min> <max>
0	26

[block]
# block no. 5 follows, 43 sequences, length 16
# corresponding to MSA columns:
# 507-522
name=unknown_F
#
# <colnr> <probs for GDERKNQSTAVLIFYWHMCP>
#	G	D	E	R	K	N	Q	S	T	A	V	L	I	F	Y	W	H	M	C	P
0	0.01328	0.16740	0.01719	0.12861	0.05158	0.06195	0.03805	0.05461	0.04154	0.04401	0.01232	0.01673	0.01057	0.00944	0.08246	0.00220	0.00691	0.05278	0.00334	0.18505
1	0.07363	0.03523	0.16052	0.01102	0.01561	0.03247	0.03862	0.03663	0.02773	0.13655	0.04502	0.01676	0.06107	0.00636	0.00584	0.00152	0.05611	0.00493	0.00390	0.23047
2	0.04558	0.01401	0.04969	0.08537	0.01708	0.13323	0.00939	0.12220	0.01476	0.09949	0.04154	0.01371	0.01033	0.00553	0.00487	0.00134	0.00584	0.00427	0.00391	0.31787
3	0.08338	0.06349	0.01291	0.05409	0.01431	0.04535	0.01609	0.08763	0.01371	0.14599	0.03678	0.04693	0.05231	0.00682	0.00530	0.00149	0.02743	0.01757	0.05769	0.21073
4	0.09291	0.01280	0.01927	0.05646	0.05429	0.01268	0.22212	0.17496	0.04409	0.07656	0.01215	0.01379	0.00903	0.00535	0.00535	0.00158	0.00639	0.00500	0.00392	0.17132
5	0.32603	0.01247	0.01373	0.10499	0.04710	0.06399	0.04783	0.07908	0.06199	0.05029	0.01041	0.01222	0.00805	0.00591	0.00587	0.00173	0.08024	0.00420	0.00357	0.06032
6	0.04644	0.04103	0.02222	0.04900	0.22496	0.05461	0.22192	0.14823	0.01491	0.02058	0.01089	0.01347	0.00855	0.00595	0.02229	0.00178	0.00735	0.00507	0.00332	0.07746
7	0.53333	0.01188	0.01075	0.06149	0.04703	0.06140	0.00772	0.05336	0.01122	0.02260	0.00863	0.01024	0.00679	0.00512	0.00397	0.00156	0.00502	0.00339	0.00338	0.13111
8	0.00720	0.00551	0.00670	0.00737	0.00856	0.00501	0.00558	0.00879	0.01220	0.01555	0.09318	0.30165	0.32055	0.01520	0.00695	0.00213	0.00341	0.16451	0.00520	0.00475
9	0.01335	0.01809	0.23831	0.01908	0.10136	0.01378	0.25449	0.09796	0.05980	0.01966	0.01137	0.01370	0.00860	0.00555	0.00652	0.00177	0.05824	0.00521	0.00314	0.05001
10	0.00835	0.00624	0.00788	0.00776	0.00915	0.00606	0.00592	0.01196	0.08504	0.02049	0.50530	0.12459	0.07475	0.01217	0.00663	0.00191	0.00313	0.09143	0.00580	0.00544
11	0.01261	0.01074	0.01150	0.01054	0.01332	0.01219	0.00816	0.02576	0.62558	0.02209	0.06740	0.06499	0.05612	0.00874	0.00585	0.00191	0.00416	0.02467	0.00560	0.00806
12	0.01260	0.01294	0.01866	0.17035	0.06029	0.06455	0.09554	0.01545	0.04325	0.01468	0.00914	0.01328	0.00791	0.00771	0.01231	0.00212	0.42501	0.00504	0.00266	0.00652
13	0.00713	0.00580	0.00624	0.00618	0.00782	0.00514	0.00455	0.00918	0.04129	0.01619	0.16953	0.08689	0.54114	0.05881	0.00777	0.00207	0.00300	0.01120	0.00522	0.00484
14	0.14648	0.08902	0.01407	0.01086	0.01411	0.16512	0.00864	0.13300	0.21459	0.05141	0.01503	0.06677	0.01248	0.02801	0.00564	0.00178	0.00584	0.00537	0.00438	0.00741
15	0.01333	0.01178	0.01921	0.10088	0.22204	0.01148	0.16025	0.06056	0.04889	0.06187	0.01468	0.04645	0.04486	0.00602	0.00558	0.00161	0.00624	0.00579	0.00356	0.15489

[dist]
# distance from previous block
# <min> <max>
3	9

[block]
# block no. 6 follows, 43 sequences, length 41
# corresponding to MSA columns:
# 532,552-591
name=unknown_G
#
# <colnr> <probs for GDERKNQSTAVLIFYWHMCP>
#	G	D	E	R	K	N	Q	S	T	A	V	L	I	F	Y	W	H	M	C	P
0	0.00901	0.00696	0.00807	0.00845	0.00967	0.02767	0.00659	0.01177	0.07374	0.01553	0.06632	0.04814	0.13610	0.22522	0.01268	0.00308	0.00478	0.31663	0.00467	0.00492
1	0.01297	0.01219	0.01991	0.28798	0.30066	0.01327	0.09186	0.06110	0.10923	0.01835	0.01203	0.01507	0.00934	0.00555	0.00563	0.00177	0.00683	0.00527	0.00319	0.00778
2	0.01229	0.01128	0.02012	0.47832	0.17920	0.01252	0.13244	0.01598	0.01195	0.05679	0.01082	0.01481	0.00816	0.00535	0.00569	0.00180	0.00739	0.00522	0.00281	0.00705
3	0.01187	0.08857	0.63412	0.01579	0.02338	0.01380	0.07751	0.04101	0.01223	0.01776	0.00997	0.01178	0.00721	0.00522	0.00524	0.00172	0.00803	0.00423	0.00248	0.00808
4	0.01316	0.12159	0.12386	0.01146	0.01511	0.01347	0.02676	0.08031	0.24709	0.04457	0.12610	0.03864	0.03296	0.00776	0.00653	0.00178	0.07066	0.00615	0.00447	0.00758
5	0.00730	0.00562	0.00621	0.00624	0.00787	0.00483	0.00461	0.00885	0.01289	0.03810	0.15957	0.15685	0.53375	0.01388	0.00659	0.00190	0.00289	0.01183	0.00534	0.00487
6	0.01229	0.01165	0.01980	0.41207	0.34772	0.01290	0.04808	0.03914	0.01229	0.01664	0.01026	0.01428	0.00808	0.00528	0.00556	0.00176	0.00709	0.00500	0.00269	0.00743
7	0.14235	0.06000	0.01465	0.01070	0.01489	0.03784	0.00890	0.30041	0.01851	0.31428	0.01527	0.01442	0.01035	0.00636	0.00511	0.00165	0.00542	0.00475	0.00546	0.00869
8	0.25636	0.08614	0.02750	0.10732	0.05222	0.03732	0.13928	0.13078	0.07564	0.02192	0.01084	0.01261	0.00828	0.00551	0.00490	0.00170	0.00629	0.00454	0.00355	0.00729
9	0.00784	0.00566	0.00740	0.00697	0.00827	0.00523	0.00523	0.01045	0.01568	0.02221	0.76789	0.04137	0.05226	0.01132	0.00653	0.00174	0.00261	0.01002	0.00610	0.00523
10	0.00805	0.00537	0.00604	0.00604	0.00604	0.00537	0.00336	0.00805	0.00805	0.01074	0.01745	0.03624	0.02013	0.80536	0.02819	0.00537	0.00537	0.00805	0.00336	0.00336
11	0.13048	0.01255	0.02264	0.23799	0.17928	0.01313	0.29086	0.01638	0.01190	0.01782	0.01017	0.01380	0.00785	0.00503	0.00560	0.00179	0.00751	0.00526	0.00278	0.00716
12	0.01190	0.07603	0.01280	0.00834	0.01294	0.00882	0.00676	0.04047	0.01179	0.01781	0.01024	0.01280	0.00886	0.05154	0.00553	0.00115	0.00440	0.00360	0.00329	0.69093
13	0.57723	0.01040	0.00915	0.00798	0.01122	0.01161	0.00640	0.05722	0.07155	0.02316	0.00960	0.01119	0.00763	0.00676	0.00563	0.08650	0.00443	0.00358	0.00361	0.07514
14	0.01009	0.00790	0.01129	0.07474	0.01251	0.00970	0.00827	0.01027	0.00900	0.01261	0.05665	0.01977	0.07428	0.01521	0.05952	0.32049	0.27461	0.00576	0.00289	0.00445
15	0.08538	0.01492	0.01473	0.29902	0.02364	0.23433	0.01147	0.03737	0.07065	0.13794	0.01227	0.01398	0.00899	0.00594	0.00522	0.00169	0.00719	0.00458	0.00367	0.00702
16	0.00927	0.00728	0.01206	0.07544	0.01442	0.00698	0.12786	0.01117	0.01138	0.05970	0.02465	0.54298	0.02757	0.01337	0.00670	0.00209	0.00467	0.01245	0.00459	0.02539
17	0.01259	0.00981	0.01160	0.00834	0.01321	0.00745	0.00669	0.01503	0.01185	0.08079	0.01084	0.01210	0.00866	0.00433	0.00422	0.00089	0.00415	0.00347	0.00358	0.77041
18	0.01378	0.01190	0.01252	0.01127	0.01440	0.01378	0.00877	0.02943	0.76081	0.02317	0.02254	0.02066	0.01691	0.00751	0.00564	0.00188	0.00438	0.00626	0.00564	0.00877
19	0.00864	0.00655	0.00909	0.08849	0.01332	0.00663	0.00857	0.01115	0.01283	0.01662	0.09903	0.05440	0.13583	0.01376	0.00718	0.00231	0.00478	0.49073	0.00493	0.00516
20	0.01818	0.01401	0.01502	0.01195	0.01605	0.01539	0.00969	0.48458	0.23475	0.03015	0.01565	0.01525	0.01146	0.00668	0.00545	0.00165	0.00544	0.00521	0.00538	0.07804
21	0.00703	0.00505	0.00671	0.00786	0.00838	0.00474	0.00550	0.00826	0.01117	0.01487	0.07357	0.66255	0.05708	0.01670	0.00708	0.00224	0.00336	0.08805	0.00519	0.00461
22	0.01258	0.08781	0.59464	0.01531	0.02255	0.02994	0.06153	0.01806	0.01201	0.06344	0.01048	0.01207	0.00752	0.00539	0.00549	0.00172	0.02449	0.00424	0.00266	0.00805
23	0.01188	0.12671	0.56194	0.01430	0.02123	0.01328	0.04369	0.01717	0.01216	0.04425	0.07297	0.01416	0.01107	0.00573	0.00520	0.00168	0.00735	0.00458	0.00283	0.00782
24	0.00762	0.00543	0.00728	0.00766	0.00814	0.00573	0.00529	0.00868	0.00913	0.01257	0.02023	0.25388	0.02246	0.27321	0.32084	0.00586	0.00849	0.00946	0.00372	0.00432
25	0.25069	0.00978	0.01155	0.00915	0.01319	0.00932	0.00755	0.02404	0.01408	0.56805	0.01795	0.01614	0.01158	0.00638	0.00498	0.00171	0.00459	0.00486	0.00591	0.00848
26	0.01460	0.36016	0.35040	0.01226	0.01843	0.01608	0.01405	0.01844	0.01208	0.12065	0.01063	0.01148	0.00798	0.00526	0.00457	0.00150	0.00673	0.00381	0.00298	0.00790
27	0.01057	0.01215	0.08506	0.27252	0.04729	0.01123	0.23061	0.01423	0.01208	0.01585	0.02021	0.02397	0.16116	0.00739	0.00636	0.00188	0.02388	0.03391	0.00319	0.00646
28	0.01129	0.02734	0.70590	0.01650	0.02444	0.01297	0.08992	0.01756	0.01182	0.01756	0.01006	0.01200	0.00715	0.00521	0.00538	0.00176	0.00829	0.00432	0.00238	0.00812
29	0.00874	0.00683	0.01067	0.02739	0.05617	0.00670	0.06857	0.01083	0.01200	0.03133	0.16730	0.31904	0.03093	0.02853	0.10569	0.00299	0.00564	0.09062	0.00466	0.00538
30	0.01732	0.03278	0.09875	0.13848	0.05564	0.01021	0.05519	0.03543	0.02662	0.35521	0.01717	0.06367	0.01287	0.04735	0.00677	0.00195	0.00589	0.00599	0.00476	0.00794
31	0.02565	0.30229	0.28931	0.05774	0.01946	0.03281	0.03048	0.02995	0.01174	0.05789	0.00955	0.01134	0.00753	0.00565	0.00600	0.00162	0.08688	0.00394	0.00271	0.00747
32	0.02323	0.00912	0.01245	0.00989	0.01387	0.00796	0.00822	0.02542	0.01554	0.69782	0.02261	0.02327	0.01555	0.00771	0.00578	0.00180	0.00475	0.07935	0.00668	0.00899
33	0.00989	0.01122	0.12094	0.05237	0.06184	0.00928	0.06890	0.01398	0.07714	0.01698	0.06774	0.15799	0.08633	0.01093	0.00709	0.00207	0.04548	0.16938	0.00423	0.00624
34	0.01271	0.05723	0.60787	0.01567	0.02312	0.01290	0.08534	0.01839	0.01219	0.08754	0.01107	0.01254	0.00777	0.00533	0.00534	0.00174	0.00788	0.00441	0.00280	0.00819
35	0.01106	0.00961	0.01595	0.71263	0.03541	0.01174	0.01450	0.01462	0.01155	0.05316	0.04880	0.01632	0.00997	0.00590	0.00559	0.00183	0.00701	0.00521	0.00287	0.00627
36	0.04956	0.08770	0.15914	0.02825	0.06316	0.01343	0.24157	0.06323	0.05681	0.16291	0.01325	0.01447	0.00950	0.00553	0.00554	0.00173	0.00707	0.00522	0.00379	0.00812
37	0.01524	0.01591	0.22675	0.09175	0.16827	0.01134	0.10037	0.01925	0.01329	0.21785	0.05455	0.01626	0.01179	0.00591	0.00563	0.00174	0.00671	0.00533	0.00388	0.00819
38	0.01327	0.01167	0.01977	0.41061	0.12264	0.03428	0.15519	0.03124	0.01261	0.09287	0.01201	0.01636	0.00917	0.00575	0.00577	0.00182	0.00737	0.02734	0.00316	0.00710
39	0.01252	0.04305	0.32790	0.05826	0.02610	0.01362	0.35462	0.01757	0.01230	0.03939	0.01071	0.01348	0.00788	0.00518	0.00623	0.00181	0.03369	0.00529	0.00269	0.00769
40	0.01626	0.01455	0.11713	0.04974	0.29506	0.03019	0.11801	0.02035	0.04556	0.21664	0.01393	0.01522	0.01005	0.00559	0.00562	0.00172	0.00670	0.00524	0.00390	0.00853

[dist]
# distance from previous block
# <min> <max>
3	26

[block]
# block no. 7 follows, 43 sequences, length 48
# corresponding to MSA columns:
# 618-665
name=unknown_H
#
# <colnr> <probs for GDERKNQSTAVLIFYWHMCP>
#	G	D	E	R	K	N	Q	S	T	A	V	L	I	F	Y	W	H	M	C	P
0	0.06391	0.03878	0.07055	0.07163	0.17108	0.02799	0.15486	0.07985	0.03140	0.06553	0.03900	0.05909	0.01180	0.00629	0.00587	0.00171	0.02764	0.00573	0.00358	0.06373
1	0.21164	0.01351	0.09762	0.01460	0.10421	0.01163	0.12293	0.04852	0.04689	0.10307	0.01166	0.01300	0.00870	0.00522	0.00489	0.00157	0.00583	0.00445	0.00367	0.16641
2	0.04691	0.14367	0.01416	0.04441	0.01388	0.01020	0.00742	0.01523	0.02915	0.06347	0.09874	0.01523	0.01355	0.00540	0.00445	0.00115	0.00444	0.00428	0.00369	0.46057
3	0.01039	0.00941	0.01533	0.55933	0.09043	0.01118	0.01383	0.01411	0.03529	0.01504	0.01405	0.07375	0.01273	0.00753	0.00589	0.00194	0.00667	0.09382	0.00308	0.00621
4	0.01115	0.01096	0.01655	0.73957	0.03673	0.06432	0.01507	0.01469	0.01139	0.01411	0.00976	0.01444	0.00737	0.00555	0.00550	0.00182	0.00756	0.00483	0.00249	0.00617
5	0.00857	0.00593	0.00806	0.00809	0.00919	0.00624	0.00611	0.01016	0.01003	0.05056	0.02344	0.08369	0.12332	0.14261	0.41935	0.00615	0.00980	0.06000	0.00382	0.00488
6	0.01419	0.28571	0.28063	0.01738	0.19421	0.01555	0.01485	0.01794	0.01213	0.08397	0.01036	0.01186	0.00806	0.00515	0.00477	0.00153	0.00674	0.00404	0.00285	0.00807
7	0.01197	0.03637	0.12103	0.01945	0.02446	0.01290	0.50280	0.01624	0.01212	0.01673	0.01192	0.03763	0.00972	0.01022	0.11217	0.00281	0.02528	0.00628	0.00281	0.00709
8	0.00683	0.00494	0.00646	0.00752	0.00802	0.00457	0.00509	0.00797	0.01117	0.01489	0.09647	0.69027	0.08207	0.01662	0.00699	0.00218	0.00314	0.01500	0.00522	0.00457
9	0.01102	0.01556	0.30026	0.03423	0.02767	0.00967	0.03301	0.01495	0.01321	0.08168	0.27129	0.04936	0.04438	0.00837	0.00673	0.00181	0.05879	0.00697	0.00419	0.00685
10	0.01242	0.03275	0.46926	0.16390	0.06108	0.02761	0.01740	0.01747	0.01209	0.08094	0.01178	0.01524	0.00888	0.00590	0.00543	0.00178	0.00752	0.03790	0.00290	0.00774
11	0.01471	0.57601	0.10729	0.01286	0.07064	0.01912	0.06114	0.01730	0.01175	0.05155	0.00906	0.01043	0.00763	0.00491	0.00417	0.00135	0.00638	0.00359	0.00264	0.00748
12	0.84448	0.01071	0.00814	0.00728	0.01071	0.01242	0.00600	0.01628	0.00943	0.02485	0.00771	0.00900	0.00600	0.00514	0.00343	0.00171	0.00428	0.00300	0.00343	0.00600
13	0.01039	0.28086	0.10780	0.01045	0.04250	0.01185	0.00911	0.01245	0.01114	0.01444	0.01944	0.37136	0.02171	0.01102	0.00562	0.00182	0.00495	0.04329	0.00377	0.00603
14	0.01127	0.06251	0.74421	0.01551	0.02355	0.01326	0.01999	0.01750	0.01167	0.01734	0.00984	0.01157	0.00702	0.00524	0.00519	0.00173	0.00809	0.00404	0.00234	0.00814
15	0.04915	0.77566	0.02816	0.00939	0.01407	0.02152	0.00933	0.01657	0.01118	0.01352	0.00770	0.00889	0.00706	0.00475	0.00355	0.00121	0.00585	0.00296	0.00241	0.00706
