[name]
unknown

[dist]
# distance from previous block
# <min> <max>
0	25

[block]
# block no. 0 follows, 45 sequences, length 16
# corresponding to MSA columns:
# 141-156
name=unknown_A
#
# <colnr> <probs for GDERKNQSTAVLIFYWHMCP>
#	G	D	E	R	K	N	Q	S	T	A	V	L	I	F	Y	W	H	M	C	P
0	0.01291	0.01227	0.02084	0.05604	0.70927	0.01234	0.01597	0.01607	0.01218	0.01733	0.01115	0.01609	0.00977	0.00539	0.00544	0.00165	0.00632	0.04797	0.00278	0.00821
1	0.01234	0.00925	0.01095	0.00799	0.01251	0.00709	0.00640	0.01463	0.01168	0.10497	0.01350	0.01433	0.05356	0.00485	0.00428	0.00095	0.00397	0.00391	0.00368	0.69916
2	0.01213	0.02253	0.58746	0.01360	0.02014	0.01090	0.01647	0.01718	0.01177	0.12263	0.01352	0.10367	0.01099	0.00666	0.00534	0.00175	0.00691	0.00546	0.00319	0.00769
3	0.01678	0.02011	0.01328	0.01233	0.01463	0.56521	0.00923	0.03426	0.03400	0.01382	0.01209	0.11005	0.01150	0.01100	0.09578	0.00233	0.00919	0.00528	0.00318	0.00595
4	0.02151	0.00857	0.01163	0.00911	0.01281	0.00745	0.00745	0.02366	0.01534	0.66284	0.13895	0.02168	0.01912	0.00732	0.00554	0.00167	0.00425	0.00607	0.00653	0.00850
5	0.00665	0.00484	0.00620	0.00713	0.00767	0.00447	0.00482	0.00772	0.01081	0.01430	0.09164	0.63231	0.12106	0.04409	0.00748	0.00221	0.00310	0.01410	0.00500	0.00440
6	0.04412	0.01147	0.01901	0.24308	0.51163	0.01216	0.01513	0.01532	0.01169	0.01660	0.01165	0.01496	0.03933	0.00531	0.00529	0.00166	0.00636	0.00497	0.00270	0.00753
7	0.01052	0.01019	0.01739	0.64637	0.03363	0.01258	0.07405	0.01390	0.01060	0.01390	0.00936	0.01403	0.00722	0.00576	0.00685	0.00185	0.09844	0.00489	0.00241	0.00605
8	0.02218	0.00871	0.01185	0.00923	0.01305	0.00756	0.00756	0.02431	0.01534	0.69383	0.10822	0.02079	0.01760	0.00714	0.00551	0.00166	0.00433	0.00590	0.00656	0.00867
9	0.01401	0.14160	0.10020	0.11854	0.14153	0.23676	0.05225	0.01671	0.01251	0.01460	0.01184	0.05768	0.03173	0.00620	0.00508	0.00157	0.00732	0.02034	0.00280	0.00672
10	0.01118	0.11861	0.69632	0.01459	0.02214	0.01348	0.01860	0.01689	0.01128	0.01649	0.00938	0.01102	0.00681	0.00504	0.00491	0.00164	0.00768	0.00384	0.00227	0.00781
11	0.00683	0.00484	0.00636	0.00731	0.00763	0.00468	0.00485	0.00769	0.00976	0.01309	0.02640	0.62473	0.03125	0.14224	0.07272	0.00317	0.00434	0.01334	0.00455	0.00422
12	0.02060	0.00737	0.05741	0.00846	0.01025	0.00596	0.05123	0.02095	0.01178	0.02743	0.09212	0.37832	0.23347	0.01342	0.00645	0.00197	0.00377	0.03922	0.00475	0.00505
13	0.10746	0.01330	0.01351	0.01350	0.11481	0.16870	0.00936	0.08341	0.04739	0.22500	0.01531	0.10476	0.01262	0.00728	0.00572	0.00169	0.03862	0.00574	0.00444	0.00739
14	0.00878	0.00704	0.00756	0.00700	0.00905	0.00676	0.00536	0.09672	0.07782	0.01857	0.16877	0.07148	0.47130	0.01191	0.00617	0.00178	0.00320	0.01001	0.00523	0.00548
15	0.17186	0.10501	0.04169	0.01054	0.03086	0.10721	0.03026	0.01692	0.01158	0.10549	0.00997	0.01123	0.00782	0.00522	0.00523	0.00137	0.06581	0.00365	0.00333	0.25494

[dist]
# distance from previous block
# <min> <max>
0	9

[block]
# block no. 1 follows, 45 sequences, length 17
# corresponding to MSA columns:
# 166-182
name=unknown_B
#
# <colnr> <probs for GDERKNQSTAVLIFYWHMCP>
#	G	D	E	R	K	N	Q	S	T	A	V	L	I	F	Y	W	H	M	C	P
0	0.01434	0.12181	0.12610	0.01692	0.07415	0.15174	0.24045	0.01971	0.13205	0.03353	0.01170	0.01331	0.00902	0.00529	0.00529	0.00162	0.00753	0.00488	0.00312	0.00744
1	0.01300	0.04582	0.03966	0.02505	0.52358	0.01219	0.01371	0.08402	0.01350	0.01888	0.06340	0.01721	0.06176	0.00589	0.00532	0.00157	0.00576	0.00538	0.00327	0.04103
2	0.01215	0.13975	0.13613	0.18332	0.11570	0.07244	0.03507	0.01527	0.01158	0.01540	0.06656	0.01394	0.01056	0.00580	0.00608	0.00159	0.07861	0.00454	0.00275	0.07276
3	0.09642	0.02516	0.01373	0.01058	0.01447	0.04275	0.04159	0.22053	0.01662	0.32714	0.01628	0.07002	0.01208	0.00680	0.00519	0.00161	0.00518	0.00548	0.00524	0.06312
4	0.02408	0.00914	0.01246	0.00955	0.01370	0.00789	0.00789	0.02616	0.01536	0.78158	0.02118	0.01827	0.01329	0.00664	0.00540	0.00166	0.00457	0.00540	0.00664	0.00914
5	0.00651	0.00479	0.00611	0.00716	0.00770	0.00439	0.00484	0.00751	0.01058	0.01383	0.03345	0.69007	0.15079	0.01632	0.00677	0.00212	0.00305	0.01465	0.00498	0.00439
6	0.01308	0.02004	0.39567	0.01534	0.02135	0.01261	0.16619	0.09643	0.07988	0.06713	0.01232	0.01413	0.00903	0.02459	0.02663	0.00198	0.00752	0.00495	0.00328	0.00785
7	0.00787	0.00598	0.00815	0.00795	0.00931	0.00563	0.05766	0.01016	0.04008	0.01641	0.13122	0.33543	0.17709	0.01272	0.00622	0.00189	0.00342	0.04391	0.11393	0.00495
8	0.00668	0.00477	0.00639	0.00763	0.00800	0.00448	0.00522	0.00771	0.01041	0.01386	0.02951	0.75874	0.03520	0.01669	0.00689	0.00220	0.00323	0.06300	0.00498	0.00440
9	0.01093	0.01064	0.01576	0.01348	0.01404	0.01417	0.05947	0.01248	0.00860	0.01310	0.00887	0.01393	0.00848	0.01569	0.18252	0.00366	0.58094	0.00503	0.00249	0.00573
10	0.06807	0.34200	0.34491	0.01198	0.01787	0.01643	0.01358	0.09769	0.01254	0.01754	0.00897	0.01024	0.00703	0.00503	0.00435	0.00147	0.00658	0.00355	0.00269	0.00750
11	0.01454	0.00797	0.01003	0.00853	0.01108	0.00768	0.00672	0.07340	0.08611	0.27101	0.34407	0.02941	0.03010	0.04465	0.00684	0.00187	0.00380	0.02931	0.00592	0.00694
12	0.00666	0.00478	0.00613	0.00716	0.00755	0.00446	0.00474	0.00753	0.01016	0.01341	0.02999	0.67410	0.08562	0.09971	0.00896	0.00247	0.00331	0.01421	0.00480	0.00426
13	0.07172	0.05546	0.06941	0.00924	0.01266	0.01092	0.00804	0.20550	0.10014	0.07171	0.07869	0.02681	0.24060	0.00869	0.00547	0.00169	0.00447	0.00697	0.00484	0.00696
14	0.01990	0.01045	0.01251	0.00988	0.01365	0.03130	0.00801	0.17065	0.04634	0.43524	0.07142	0.05320	0.01560	0.00715	0.00540	0.00161	0.00472	0.00583	0.00585	0.07130
15	0.07487	0.01102	0.01745	0.43135	0.28961	0.01248	0.01451	0.05597	0.01193	0.01692	0.00976	0.01346	0.00763	0.00520	0.00520	0.00170	0.00659	0.00464	0.00271	0.00700
16	0.01163	0.01102	0.01869	0.38307	0.40935	0.01215	0.01539	0.01495	0.01141	0.01559	0.01000	0.01405	0.00807	0.00638	0.03472	0.00195	0.00703	0.00481	0.00254	0.00720

[dist]
# distance from previous block
# <min> <max>
0	1

[block]
# block no. 2 follows, 45 sequences, length 71
# corresponding to MSA columns:
# 184-225,274-302
name=unknown_C
#
# <colnr> <probs for GDERKNQSTAVLIFYWHMCP>
#	G	D	E	R	K	N	Q	S	T	A	V	L	I	F	Y	W	H	M	C	P
0	0.01593	0.01792	0.01503	0.01387	0.04811	0.39963	0.03150	0.07737	0.01346	0.01496	0.00973	0.01267	0.00842	0.01257	0.15138	0.00291	0.14101	0.00433	0.00292	0.00627
1	0.04759	0.01081	0.01792	0.47123	0.31944	0.01225	0.01511	0.01486	0.01123	0.01563	0.00966	0.01368	0.00761	0.00513	0.00526	0.00171	0.00673	0.00469	0.00253	0.00693
2	0.01234	0.01073	0.01261	0.01096	0.01391	0.01193	0.06113	0.03837	0.56656	0.02167	0.10690	0.02381	0.06951	0.00790	0.00568	0.00180	0.00433	0.00682	0.00528	0.00778
3	0.00932	0.00466	0.00699	0.00699	0.00699	0.00466	0.00466	0.00699	0.00699	0.00932	0.00932	0.01632	0.00932	0.01865	0.02098	0.84382	0.00466	0.00466	0.00233	0.00233
4	0.01639	0.01449	0.02210	0.01649	0.02094	0.07422	0.34410	0.26161	0.01724	0.08621	0.03915	0.03741	0.01105	0.00598	0.00584	0.00171	0.00730	0.00591	0.00409	0.00778
5	0.01174	0.06435	0.01306	0.01145	0.10387	0.00929	0.00792	0.06329	0.06034	0.03255	0.01448	0.16235	0.01386	0.00696	0.00486	0.00131	0.00438	0.00597	0.00375	0.40423
6	0.01461	0.00977	0.01125	0.00975	0.01258	0.01034	0.00774	0.13314	0.28184	0.16018	0.14764	0.02662	0.04095	0.04314	0.00670	0.00193	0.00433	0.06435	0.00559	0.00753
7	0.00903	0.00790	0.01081	0.00995	0.01053	0.00990	0.00785	0.01034	0.00892	0.01273	0.01774	0.05034	0.11458	0.10724	0.28026	0.00472	0.31247	0.00665	0.00307	0.00499
8	0.01040	0.02519	0.69232	0.01444	0.02162	0.01165	0.01829	0.01614	0.01145	0.01681	0.01312	0.01668	0.04640	0.00618	0.00532	0.00176	0.00747	0.05461	0.00258	0.00756
9	0.03295	0.11190	0.29907	0.04338	0.05107	0.03488	0.18165	0.08144	0.06793	0.01841	0.02100	0.01295	0.00865	0.00527	0.00522	0.00165	0.00728	0.00470	0.00298	0.00762
10	0.00893	0.00563	0.00687	0.00693	0.00841	0.00497	0.00505	0.01033	0.01217	0.11771	0.11260	0.34694	0.30596	0.01368	0.00642	0.00193	0.00311	0.01194	0.00530	0.00513
11	0.00980	0.00628	0.00837	0.00900	0.01058	0.00605	0.00771	0.01208	0.01255	0.08498	0.03073	0.05346	0.12934	0.01348	0.00690	0.00225	0.00448	0.53869	0.04800	0.00527
12	0.00854	0.00845	0.04628	0.00915	0.05198	0.05940	0.00679	0.01084	0.03954	0.01556	0.10892	0.18893	0.31374	0.03324	0.00683	0.00197	0.00403	0.07597	0.00463	0.00520
13	0.01099	0.00889	0.01295	0.08184	0.21448	0.00937	0.01003	0.01560	0.14626	0.05464	0.04726	0.19415	0.01951	0.01253	0.08611	0.00256	0.00584	0.05618	0.00414	0.00667
14	0.00771	0.00581	0.00835	0.00841	0.00914	0.00666	0.00633	0.00926	0.00874	0.01243	0.01637	0.12763	0.01675	0.11752	0.57088	0.00713	0.04590	0.00720	0.00318	0.00462
15	0.00676	0.00493	0.00640	0.00738	0.00799	0.00457	0.00517	0.00797	0.01102	0.01457	0.08958	0.61277	0.11504	0.01588	0.00680	0.00212	0.00316	0.06836	0.00505	0.00448
16	0.01498	0.56025	0.06649	0.02411	0.02653	0.11265	0.01013	0.05274	0.06116	0.01466	0.00895	0.01000	0.00764	0.00501	0.00399	0.00129	0.00628	0.00336	0.00271	0.00708
17	0.00647	0.00510	0.00585	0.00639	0.00751	0.00447	0.00451	0.00769	0.01147	0.01439	0.06859	0.38627	0.42242	0.01493	0.00657	0.00197	0.00289	0.01301	0.00502	0.00447
18	0.01089	0.00592	0.00611	0.00586	0.00743	0.00609	0.00446	0.01488	0.10127	0.04664	0.01815	0.01995	0.01405	0.00639	0.00401	0.00133	0.00278	0.00514	0.71307	0.00556
19	0.00686	0.00523	0.00632	0.00660	0.00776	0.00469	0.00479	0.00849	0.01257	0.01653	0.27530	0.28281	0.29679	0.01379	0.00652	0.00190	0.00284	0.03028	0.00528	0.00466
20	0.01323	0.36830	0.26183	0.01555	0.12941	0.01659	0.06134	0.04761	0.01194	0.01588	0.00897	0.01069	0.00727	0.00485	0.00450	0.00145	0.00673	0.00379	0.00249	0.00757
21	0.05046	0.00684	0.04672	0.00793	0.00923	0.00593	0.00608	0.04573	0.01127	0.01552	0.02937	0.53862	0.12954	0.01544	0.03384	0.00228	0.00394	0.03167	0.00470	0.00491
22	0.05552	0.01351	0.02220	0.11140	0.12062	0.08964	0.32989	0.01586	0.01181	0.01607	0.01112	0.06568	0.00963	0.00669	0.02114	0.00193	0.08183	0.00592	0.00282	0.00672
23	0.01045	0.04659	0.11716	0.14413	0.14724	0.04832	0.03032	0.01364	0.03128	0.01536	0.01795	0.20904	0.03222	0.00936	0.00588	0.00188	0.00583	0.10356	0.00352	0.00627
24	0.25436	0.01347	0.03470	0.01075	0.01378	0.07916	0.00890	0.25880	0.02879	0.05011	0.01072	0.01289	0.00855	0.04854	0.02815	0.00209	0.12100	0.00434	0.00391	0.00701
25	0.01013	0.06333	0.06811	0.60779	0.03127	0.01180	0.01371	0.01344	0.01061	0.01370	0.01094	0.06107	0.00938	0.04575	0.00639	0.00193	0.00678	0.00535	0.00257	0.00593
26	0.01093	0.01514	0.26403	0.01151	0.01556	0.01055	0.03534	0.11376	0.04650	0.01940	0.14024	0.02608	0.15019	0.00860	0.00673	0.00181	0.06994	0.04292	0.00403	0.00673
27	0.02146	0.00858	0.01167	0.00926	0.01294	0.00749	0.00761	0.02361	0.01519	0.65778	0.10539	0.02287	0.01835	0.00755	0.00561	0.00171	0.00436	0.04365	0.00647	0.00847
28	0.01329	0.01275	0.02179	0.03295	0.77787	0.01275	0.01647	0.01647	0.01222	0.01754	0.01010	0.01329	0.00850	0.00478	0.00531	0.00159	0.00638	0.00478	0.00266	0.00850
29	0.03750	0.64735	0.16609	0.01025	0.01541	0.01937	0.01104	0.01623	0.01093	0.01376	0.00786	0.00911	0.00684	0.00470	0.00374	0.00126	0.00610	0.00307	0.00232	0.00705
30	0.73866	0.01021	0.00850	0.00739	0.01083	0.01149	0.00609	0.01717	0.00997	0.12562	0.00931	0.01000	0.00682	0.00521	0.00360	0.00166	0.00421	0.00324	0.00377	0.00626
31	0.00654	0.00467	0.00623	0.00747	0.00779	0.00436	0.00498	0.00747	0.01028	0.01370	0.02959	0.80785	0.03550	0.01682	0.00685	0.00218	0.00311	0.01526	0.00498	0.00436
32	0.01290	0.01219	0.01640	0.01386	0.01444	0.01647	0.01154	0.11305	0.01050	0.01572	0.00783	0.01190	0.00733	0.00900	0.01597	0.00225	0.69488	0.00472	0.00275	0.00631
33	0.01267	0.01448	0.03167	0.02262	0.02805	0.01357	0.75837	0.01719	0.01267	0.01719	0.01086	0.01448	0.00814	0.00452	0.00633	0.00181	0.00905	0.00633	0.00271	0.00724
34	0.00767	0.00575	0.00863	0.00863	0.00959	0.00671	0.00671	0.00959	0.00863	0.01246	0.01438	0.02109	0.01342	0.04026	0.79008	0.00863	0.01438	0.00575	0.00288	0.00479
35	0.01014	0.00954	0.01610	0.79845	0.03697	0.01193	0.01491	0.01371	0.01073	0.01371	0.00954	0.01431	0.00716	0.00537	0.00537	0.00179	0.00716	0.00477	0.00239	0.00596
36	0.02005	0.02558	0.01521	0.01383	0.01659	0.78980	0.01037	0.02143	0.01521	0.01314	0.00830	0.00968	0.00691	0.00553	0.00484	0.00138	0.00968	0.00346	0.00277	0.00622
37	0.00677	0.00506	0.00636	0.00731	0.00810	0.00464	0.00525	0.00801	0.01102	0.01421	0.03539	0.52680	0.21282	0.01578	0.00680	0.00213	0.00326	0.11082	0.00498	0.00448
38	0.01556	0.01001	0.01104	0.00912	0.01203	0.01063	0.00731	0.30124	0.09492	0.10787	0.10652	0.01949	0.01659	0.00703	0.00503	0.00154	0.00421	0.00565	0.24682	0.00739
39	0.01059	0.01138	0.02303	0.01714	0.02119	0.01054	0.50725	0.01401	0.01229	0.01620	0.02241	0.11665	0.17591	0.00793	0.00640	0.00185	0.00699	0.00846	0.00347	0.00632
40	0.01424	0.01145	0.01828	0.01402	0.01780	0.01139	0.26430	0.16051	0.10018	0.11177	0.09483	0.07263	0.06826	0.00753	0.00597	0.00177	0.00590	0.00717	0.00463	0.00738
41	0.01232	0.01189	0.02261	0.01711	0.02065	0.01200	0.42321	0.05304	0.01255	0.05628	0.04697	0.14265	0.01453	0.00767	0.00791	0.00192	0.11896	0.00756	0.00350	0.00668
42	0.02183	0.05020	0.01454	0.01134	0.01506	0.27007	0.00908	0.12251	0.01644	0.39220	0.01518	0.01427	0.01033	0.00616	0.00512	0.00154	0.00650	0.00457	0.00499	0.00807
43	0.01130	0.00964	0.01122	0.00803	0.01279	0.00733	0.00643	0.02742	0.01139	0.01780	0.00960	0.01116	0.00797	0.00402	0.00400	0.00081	0.00401	0.00321	0.00322	0.82862
44	0.32402	0.06542	0.06611	0.01038	0.01447	0.05458	0.07118	0.03896	0.02655	0.24546	0.02717	0.01317	0.00956	0.00564	0.00455	0.00163	0.00537	0.00427	0.00422	0.00727
45	0.02041	0.01504	0.01611	0.01235	0.01665	0.01665	0.01020	0.75997	0.02524	0.03383	0.01289	0.01289	0.00913	0.00644	0.00537	0.00161	0.00591	0.00483	0.00537	0.00913
46	0.00682	0.00487	0.00655	0.00780	0.00823	0.00460	0.00547	0.00796	0.01056	0.01402	0.02943	0.70768	0.03489	0.01655	0.00693	0.00222	0.00336	0.11264	0.00498	0.00444
47	0.01208	0.02526	0.64168	0.01611	0.07217	0.01298	0.01846	0.10571	0.01305	0.01905	0.01005	0.01165	0.00719	0.00524	0.00515	0.00168	0.00759	0.00412	0.00266	0.00811
48	0.01351	0.01245	0.01610	0.02067	0.36603	0.08219	0.01180	0.03859	0.19255	0.04500	0.05238	0.04925	0.06215	0.00687	0.00548	0.00167	0.00556	0.00604	0.00393	0.00776
49	0.00732	0.00548	0.00680	0.00647	0.00785	0.00495	0.00485	0.00960	0.01455	0.01999	0.61774	0.04262	0.20890	0.01155	0.00633	0.00172	0.00257	0.01006	0.00571	0.00495
50	0.00681	0.00535	0.00586	0.00597	0.00748	0.00466	0.00444	0.00839	0.01243	0.01585	0.16375	0.13819	0.51539	0.01321	0.00629	0.00182	0.00278	0.02867	0.04802	0.00463
51	0.03223	0.01272	0.05248	0.11539	0.18954	0.12233	0.03693	0.01604	0.10060	0.01630	0.04794	0.15213	0.01601	0.03601	0.00652	0.00188	0.01681	0.01800	0.00356	0.00659
52	0.01025	0.00841	0.01202	0.06429	0.01299	0.01068	0.00888	0.01180	0.00887	0.05196	0.01187	0.01841	0.01120	0.10640	0.32019	0.00504	0.31302	0.00548	0.00287	0.00534
53	0.00719	0.00502	0.00637	0.00707	0.00736	0.00492	0.00464	0.00792	0.00935	0.01251	0.02380	0.43109	0.02785	0.31265	0.06784	0.00375	0.00475	0.04771	0.00420	0.00401
54	0.00712	0.00522	0.00669	0.00695	0.00795	0.00480	0.00504	0.00896	0.01306	0.01782	0.40775	0.30555	0.13138	0.01342	0.00655	0.00190	0.00284	0.03679	0.00545	0.00476
55	0.04674	0.20265	0.24416	0.02288	0.07573	0.09064	0.01287	0.07896	0.10580	0.05426	0.01127	0.01215	0.00860	0.00545	0.00472	0.00154	0.00655	0.00409	0.00325	0.00769
56	0.02670	0.01368	0.14004	0.05634	0.11125	0.01120	0.16656	0.08698	0.02381	0.14164	0.01543	0.09104	0.01310	0.00721	0.00593	0.00181	0.01609	0.05982	0.00392	0.00747
57	0.04875	0.01022	0.01243	0.01047	0.04291	0.01012	0.00814	0.18301	0.07016	0.40738	0.01803	0.01694	0.01222	0.00646	0.00510	0.00160	0.00461	0.00516	0.11787	0.00840
58	0.01185	0.04669	0.59088	0.01817	0.16245	0.01259	0.01844	0.01723	0.01164	0.04666	0.01011	0.01189	0.00737	0.00509	0.00510	0.00166	0.00745	0.00414	0.00251	0.00806
59	0.03355	0.02728	0.03139	0.12792	0.25077	0.06314	0.07532	0.07620	0.04669	0.15453	0.01349	0.03441	0.01052	0.00601	0.00541	0.00168	0.00633	0.02380	0.00379	0.00777
60	0.01203	0.04262	0.02014	0.26604	0.43650	0.01250	0.05902	0.01529	0.01170	0.01602	0.01083	0.03395	0.00926	0.00550	0.00541	0.00169	0.00663	0.02481	0.00268	0.00739
61	0.01101	0.00623	0.00796	0.00804	0.03862	0.00566	0.00570	0.01285	0.01280	0.17259	0.16899	0.22541	0.16697	0.01115	0.00588	0.00176	0.00327	0.00968	0.11968	0.00574
62	0.05063	0.03263	0.01421	0.06586	0.07278	0.04104	0.02720	0.05766	0.19702	0.34348	0.03015	0.01711	0.01286	0.00642	0.00529	0.00168	0.00515	0.00530	0.00521	0.00830
63	0.01491	0.07286	0.30845	0.02885	0.05830	0.09916	0.07914	0.02755	0.01282	0.17302	0.01318	0.06517	0.01028	0.00615	0.00526	0.00166	0.00695	0.00515	0.00350	0.00763
64	0.02110	0.04071	0.01321	0.01045	0.04033	0.00903	0.00830	0.04247	0.06456	0.57940	0.01986	0.01942	0.01357	0.00680	0.00535	0.00164	0.00468	0.04154	0.00596	0.05161
65	0.01424	0.01141	0.01846	0.19043	0.34826	0.01182	0.06423	0.05433	0.05182	0.12990	0.01412	0.01614	0.03911	0.00572	0.00546	0.00168	0.00619	0.00530	0.00356	0.00784
66	0.04589	0.03621	0.11989	0.05390	0.20743	0.01137	0.05906	0.07691	0.01392	0.26895	0.01447	0.02898	0.01061	0.00600	0.00533	0.00167	0.00598	0.02101	0.00421	0.00820
67	0.01292	0.01562	0.22665	0.01755	0.20285	0.01178	0.03959	0.09317	0.03289	0.06405	0.05000	0.05498	0.01213	0.00746	0.02845	0.00189	0.06481	0.00543	0.01767	0.04011
68	0.01803	0.01088	0.01275	0.01021	0.01361	0.01135	0.00827	0.34142	0.03722	0.23254	0.03411	0.01747	0.01262	0.04235	0.11133	0.00268	0.00632	0.00535	0.04653	0.02497
69	0.12742	0.22667	0.01710	0.03875	0.05390	0.21813	0.00923	0.05230	0.08970	0.02994	0.01176	0.01266	0.03792	0.00564	0.00442	0.00143	0.00627	0.00399	0.00326	0.04950
70	0.03518	0.09968	0.25068	0.05172	0.05090	0.01171	0.05696	0.05833	0.03316	0.16715	0.01652	0.07002	0.06123	0.00680	0.00526	0.00168	0.00603	0.00568	0.00382	0.00750

[dist]
# distance from previous block
# <min> <max>
3	21

[block]
# block no. 3 follows, 45 sequences, length 97
# corresponding to MSA columns:
# 327-347,349-424
name=unknown_D
#
# <colnr> <probs for GDERKNQSTAVLIFYWHMCP>
#	G	D	E	R	K	N	Q	S	T	A	V	L	I	F	Y	W	H	M	C	P
0	0.03367	0.10737	0.01500	0.03980	0.10850	0.01227	0.00928	0.19105	0.01558	0.03867	0.23175	0.02158	0.03543	0.00770	0.00645	0.00164	0.07491	0.01621	0.00435	0.02878
1	0.11798	0.06688	0.06968	0.00902	0.02988	0.00867	0.00741	0.04344	0.03369	0.09191	0.24434	0.19894	0.03783	0.00979	0.00558	0.00175	0.00399	0.00834	0.00477	0.00608
2	0.03454	0.67512	0.07525	0.00994	0.01455	0.08816	0.00990	0.01660	0.01127	0.01323	0.00768	0.00888	0.00686	0.00472	0.00367	0.00122	0.00619	0.00299	0.00236	0.00687
3	0.04219	0.11106	0.02908	0.00788	0.00907	0.00708	0.00595	0.00918	0.01034	0.01407	0.02529	0.65052	0.02982	0.01444	0.00622	0.00201	0.00362	0.01285	0.00450	0.00484
4	0.05217	0.24749	0.49048	0.01295	0.01952	0.01494	0.01557	0.04095	0.01166	0.03536	0.00931	0.01066	0.00701	0.00503	0.00457	0.00154	0.00699	0.00367	0.00253	0.00761
5	0.04595	0.05062	0.14137	0.01151	0.01559	0.13244	0.04008	0.11956	0.03902	0.21672	0.02460	0.01620	0.01115	0.08487	0.00727	0.00194	0.00630	0.00493	0.02243	0.00745
6	0.07126	0.05673	0.25792	0.03027	0.01723	0.01149	0.03195	0.11397	0.03071	0.19507	0.02736	0.04301	0.01148	0.02607	0.00569	0.00175	0.00593	0.02317	0.00411	0.03482
7	0.01350	0.05795	0.06978	0.01505	0.05685	0.03519	0.26253	0.01765	0.06510	0.13720	0.16099	0.02113	0.04891	0.00674	0.00578	0.00170	0.00614	0.00650	0.00417	0.00715
8	0.05091	0.07458	0.01455	0.01099	0.01467	0.01456	0.00896	0.27113	0.36829	0.08816	0.01710	0.01615	0.01254	0.00665	0.00518	0.00168	0.00494	0.00522	0.00520	0.00853
9	0.01266	0.01017	0.01149	0.00838	0.01302	0.03279	0.00671	0.03388	0.01195	0.07688	0.01049	0.01168	0.00836	0.00430	0.00415	0.00090	0.00426	0.00340	0.00349	0.73104
10	0.01141	0.02223	0.50638	0.01517	0.02144	0.03724	0.11971	0.03627	0.07046	0.01746	0.01255	0.08260	0.01032	0.00627	0.00545	0.00175	0.00738	0.00546	0.00291	0.00754
11	0.02010	0.10588	0.01628	0.01119	0.01527	0.01446	0.00945	0.43082	0.02004	0.23345	0.01486	0.01537	0.01065	0.00663	0.00553	0.00162	0.02589	0.02860	0.00527	0.00865
12	0.00763	0.00555	0.00665	0.00644	0.00795	0.00493	0.00483	0.00959	0.01368	0.04449	0.40739	0.09299	0.33101	0.01229	0.00636	0.00178	0.00275	0.02324	0.00550	0.00495
13	0.00767	0.00551	0.00732	0.00835	0.00920	0.00534	0.00655	0.00930	0.01123	0.01463	0.02982	0.31626	0.08910	0.08559	0.00889	0.00256	0.00416	0.36914	0.00481	0.00456
14	0.00774	0.07639	0.00874	0.00821	0.00912	0.00629	0.00624	0.00912	0.01084	0.01418	0.02735	0.55635	0.03186	0.01526	0.00669	0.00216	0.00379	0.19021	0.00474	0.00472
15	0.08293	0.08517	0.05507	0.01154	0.01579	0.01576	0.00998	0.53581	0.04065	0.04780	0.01284	0.03994	0.00976	0.00649	0.00508	0.00160	0.00569	0.00487	0.00480	0.00843
16	0.01361	0.01084	0.01177	0.01044	0.01330	0.01216	0.00813	0.12170	0.51905	0.04938	0.07959	0.08998	0.01966	0.00828	0.00564	0.00181	0.00425	0.00697	0.00548	0.00797
17	0.01107	0.00838	0.00989	0.00974	0.01178	0.00904	0.00803	0.07454	0.24953	0.02018	0.07837	0.03915	0.02460	0.01079	0.00625	0.00204	0.00441	0.33694	0.07888	0.00639
18	0.01407	0.01201	0.01230	0.01089	0.01375	0.06040	0.00849	0.16486	0.45406	0.02252	0.01940	0.08751	0.01587	0.01041	0.06623	0.00231	0.00558	0.00646	0.00504	0.00783
19	0.01426	0.12133	0.14949	0.01047	0.01429	0.01243	0.00970	0.13047	0.17499	0.11112	0.01532	0.01876	0.01259	0.17048	0.00957	0.00235	0.00558	0.00536	0.00415	0.00728
20	0.01274	0.26110	0.41102	0.01466	0.08609	0.01541	0.01528	0.06073	0.04520	0.01696	0.00975	0.01116	0.00753	0.00509	0.00465	0.00153	0.00686	0.00385	0.00263	0.00776
21	0.23514	0.10022	0.08230	0.01059	0.01453	0.05656	0.04710	0.09367	0.01203	0.01952	0.00912	0.01100	0.00741	0.00683	0.03971	0.00179	0.07398	0.00374	0.00314	0.17163
22	0.03375	0.21655	0.06905	0.01089	0.01518	0.05450	0.00977	0.24887	0.07707	0.16456	0.03960	0.01398	0.01103	0.00607	0.00485	0.00152	0.00566	0.00455	0.00448	0.00808
23	0.03373	0.01414	0.05082	0.01818	0.23922	0.06926	0.05424	0.19449	0.04046	0.06534	0.01148	0.01294	0.00880	0.00537	0.00530	0.00149	0.01990	0.00452	0.00372	0.14659
24	0.01330	0.31509	0.16541	0.07422	0.08507	0.01582	0.03543	0.08709	0.08053	0.01750	0.05379	0.01337	0.01062	0.00554	0.00469	0.00150	0.00612	0.00436	0.00312	0.00742
25	0.01039	0.01012	0.01829	0.56803	0.03238	0.01158	0.16036	0.01405	0.01155	0.01517	0.08486	0.01687	0.01162	0.00575	0.00565	0.00178	0.00708	0.00556	0.00280	0.00613
26	0.01439	0.01061	0.01279	0.18997	0.01864	0.04144	0.00957	0.06323	0.29377	0.15299	0.11706	0.02025	0.01747	0.00710	0.00551	0.00174	0.00505	0.00596	0.00491	0.00753
27	0.01319	0.50348	0.22613	0.01255	0.01813	0.01794	0.11062	0.01646	0.01125	0.01437	0.00848	0.01010	0.00703	0.00472	0.00426	0.00138	0.00675	0.00361	0.00234	0.00721
28	0.01202	0.01045	0.01556	0.58456	0.03105	0.01257	0.01347	0.14314	0.05545	0.01777	0.01163	0.01641	0.00905	0.00607	0.00546	0.00179	0.00668	0.03709	0.00318	0.00661
29	0.01339	0.02028	0.46961	0.04753	0.02008	0.01126	0.01520	0.04199	0.07470	0.15664	0.01419	0.06752	0.01080	0.00641	0.00532	0.00174	0.00659	0.00523	0.00361	0.00791
30	0.00796	0.04106	0.00812	0.00721	0.00856	0.00608	0.00543	0.01078	0.05478	0.01926	0.50975	0.18217	0.08198	0.01179	0.00627	0.00178	0.00293	0.02342	0.00549	0.00517
31	0.00706	0.00518	0.00662	0.00686	0.00784	0.00474	0.00492	0.00886	0.01303	0.01781	0.41465	0.32278	0.13290	0.01343	0.00652	0.00188	0.00277	0.01194	0.00546	0.00474
32	0.00731	0.00529	0.00716	0.00737	0.00829	0.00515	0.00540	0.00923	0.01249	0.01743	0.39610	0.27807	0.03923	0.01775	0.13620	0.00301	0.00474	0.02990	0.00509	0.00480
33	0.01113	0.00954	0.01113	0.00795	0.01272	0.00716	0.00636	0.01352	0.01113	0.01749	0.00954	0.01113	0.00795	0.00398	0.00398	0.00080	0.00398	0.00318	0.00318	0.84417
34	0.01225	0.00721	0.00966	0.00927	0.03449	0.00747	0.00655	0.11897	0.01129	0.09502	0.01436	0.14669	0.01392	0.01446	0.01409	0.42990	0.03949	0.00652	0.00367	0.00472
35	0.00661	0.00483	0.00623	0.00719	0.00775	0.00444	0.00489	0.00773	0.01093	0.01448	0.09798	0.65724	0.11805	0.01595	0.00675	0.00210	0.00302	0.01434	0.00506	0.00444
36	0.01164	0.01095	0.01843	0.30871	0.44092	0.01178	0.01490	0.01491	0.01194	0.01650	0.07728	0.01602	0.01173	0.00554	0.00542	0.00167	0.00632	0.00521	0.00284	0.00728
37	0.00780	0.00525	0.00607	0.00607	0.00614	0.00532	0.00352	0.00794	0.00787	0.01057	0.01672	0.03404	0.01904	0.75170	0.08633	0.00547	0.00591	0.00765	0.00322	0.00337
38	0.00776	0.00562	0.00761	0.00852	0.00937	0.00571	0.00656	0.00996	0.04046	0.01476	0.02609	0.38520	0.02907	0.01942	0.13649	0.00330	0.00560	0.24844	0.02526	0.00480
39	0.00932	0.00466	0.00699	0.00699	0.00699	0.00466	0.00466	0.00699	0.00699	0.00932	0.00932	0.01632	0.00932	0.01865	0.02098	0.84382	0.00466	0.00466	0.00233	0.00233
40	0.01136	0.15795	0.65855	0.01429	0.02167	0.01392	0.01807	0.01685	0.01126	0.01628	0.00927	0.01088	0.00681	0.00502	0.00483	0.00161	0.00757	0.00379	0.00227	0.00776
41	0.01394	0.01269	0.01170	0.01036	0.01313	0.13995	0.00803	0.11261	0.34495	0.03589	0.13755	0.02370	0.09632	0.00809	0.00557	0.00170	0.00494	0.00657	0.00505	0.00728
42	0.00747	0.00562	0.00806	0.00816	0.00911	0.00628	0.00622	0.00919	0.00904	0.01267	0.01917	0.08513	0.08249	0.06278	0.63405	0.00741	0.01216	0.00705	0.00324	0.00468
43	0.01014	0.00954	0.01610	0.79845	0.03697	0.01193	0.01491	0.01371	0.01073	0.01371	0.00954	0.01431	0.00716	0.00537	0.00537	0.00179	0.00716	0.00477	0.00239	0.00596
44	0.01848	0.01352	0.01326	0.01112	0.01446	0.14061	0.00884	0.15217	0.24535	0.23434	0.01716	0.01630	0.01226	0.00670	0.00567	0.00166	0.03304	0.00514	0.04178	0.00816
45	0.00770	0.00579	0.00717	0.00677	0.00821	0.00541	0.00509	0.01070	0.05309	0.02053	0.62929	0.04080	0.15695	0.01118	0.00629	0.00171	0.00265	0.00976	0.00575	0.00516
46	0.00654	0.00467	0.00623	0.00747	0.00779	0.00436	0.00498	0.00747	0.01028	0.01370	0.02959	0.80785	0.03550	0.01682	0.00685	0.00218	0.00311	0.01526	0.00498	0.00436
47	0.01371	0.67365	0.16343	0.01028	0.01547	0.01967	0.01109	0.01624	0.01098	0.01341	0.00785	0.00910	0.00687	0.00468	0.00374	0.00125	0.00613	0.00307	0.00229	0.00708
48	0.00663	0.00549	0.00583	0.00605	0.00759	0.00480	0.00442	0.00838	0.03799	0.01461	0.04816	0.20601	0.59726	0.01404	0.00642	0.00189	0.00285	0.01195	0.00500	0.00463
49	0.00662	0.00478	0.00628	0.00732	0.00778	0.00443	0.00495	0.00772	0.01080	0.01443	0.09634	0.70713	0.06921	0.01616	0.00678	0.00212	0.00305	0.01460	0.00506	0.00443
50	0.01178	0.01117	0.01895	0.34232	0.44669	0.01218	0.01545	0.01508	0.01147	0.01578	0.01004	0.01401	0.00815	0.00644	0.03681	0.00196	0.00701	0.00482	0.00256	0.00732
51	0.05726	0.01206	0.01194	0.01077	0.04340	0.07790	0.00805	0.25053	0.19303	0.02321	0.01869	0.02002	0.07930	0.06930	0.00684	0.00190	0.00505	0.00573	0.09779	0.00722
52	0.01907	0.02356	0.01493	0.01344	0.01609	0.68249	0.01019	0.05273	0.01515	0.01409	0.01028	0.01162	0.03785	0.00610	0.00562	0.00146	0.05224	0.00390	0.00295	0.00626
53	0.01796	0.01561	0.01489	0.01219	0.01575	0.14345	0.00978	0.40695	0.18756	0.02615	0.01369	0.01382	0.01022	0.00653	0.00587	0.00162	0.04659	0.00481	0.00472	0.04183
54	0.01303	0.01228	0.01971	0.09474	0.58814	0.01278	0.01502	0.01823	0.13717	0.01802	0.01199	0.01449	0.00969	0.00525	0.00534	0.00165	0.00609	0.00499	0.00310	0.00828
55	0.00737	0.00528	0.00697	0.00804	0.00864	0.00509	0.00577	0.03412	0.01114	0.01479	0.02882	0.65669	0.03383	0.01613	0.00689	0.00221	0.00351	0.13510	0.00499	0.00462
56	0.01217	0.02581	0.70240	0.01469	0.02223	0.01198	0.01858	0.01796	0.01176	0.09745	0.01085	0.01206	0.00748	0.00526	0.00513	0.00170	0.00758	0.00412	0.00273	0.00806
57	0.17012	0.08376	0.07512	0.07507	0.08209	0.05285	0.03656	0.04439	0.01106	0.03053	0.00967	0.04492	0.00842	0.00640	0.00729	0.00170	0.17157	0.00448	0.00296	0.08105
58	0.00699	0.00502	0.00663	0.00717	0.00788	0.00466	0.00502	0.00859	0.01235	0.01700	0.34389	0.48414	0.04189	0.01435	0.00663	0.00197	0.00287	0.01292	0.00537	0.00466
59	0.00767	0.00575	0.00863	0.00863	0.00959	0.00671	0.00671	0.00959	0.00863	0.01246	0.01438	0.02109	0.01342	0.04026	0.79008	0.00863	0.01438	0.00575	0.00288	0.00479
60	0.01210	0.01195	0.01840	0.01956	0.22490	0.01490	0.05094	0.01405	0.00970	0.01452	0.00887	0.01412	0.00839	0.00808	0.01328	0.00212	0.51277	0.03216	0.00255	0.00663
61	0.01576	0.10016	0.07780	0.06907	0.13542	0.02765	0.08618	0.12560	0.06154	0.16639	0.05110	0.01591	0.01189	0.02488	0.00579	0.00170	0.00605	0.00516	0.00408	0.00786
62	0.01206	0.00873	0.01000	0.00893	0.01129	0.00927	0.00688	0.03800	0.34620	0.09695	0.30122	0.02848	0.04563	0.04388	0.00675	0.00190	0.00369	0.00751	0.00564	0.00699
63	0.02019	0.00865	0.01094	0.00869	0.01214	0.00798	0.00708	0.08155	0.02796	0.52416	0.01964	0.01829	0.01312	0.00654	0.00500	0.00156	0.00417	0.00527	0.20895	0.00812
64	0.01093	0.00928	0.04468	0.01307	0.07308	0.00833	0.14602	0.05359	0.01311	0.07486	0.11160	0.21092	0.06061	0.01043	0.00630	0.00192	0.00507	0.11489	0.02515	0.00616
65	0.05552	0.01209	0.01802	0.27341	0.16609	0.03304	0.09936	0.16264	0.01446	0.06110	0.01178	0.01570	0.00921	0.00584	0.00545	0.00173	0.00666	0.03711	0.00346	0.00734
66	0.02337	0.00929	0.01244	0.00964	0.01372	0.00825	0.00793	0.02632	0.06526	0.73127	0.02122	0.01839	0.01349	0.00669	0.00540	0.00167	0.00455	0.00544	0.00657	0.00909
67	0.00765	0.00517	0.00606	0.00631	0.00642	0.00512	0.00380	0.00792	0.00842	0.01121	0.01948	0.15695	0.02259	0.64687	0.02312	0.00459	0.00486	0.04633	0.00361	0.00351
68	0.01424	0.28437	0.14766	0.05564	0.18644	0.04376	0.06548	0.01751	0.02120	0.08895	0.02116	0.01234	0.00868	0.00511	0.00473	0.00149	0.00651	0.00421	0.00293	0.00758
69	0.00781	0.00520	0.00585	0.00585	0.00585	0.00520	0.00325	0.00781	0.00781	0.01041	0.01691	0.03513	0.01952	0.81135	0.02732	0.00520	0.00520	0.00781	0.00325	0.00325
70	0.01012	0.00515	0.00518	0.00512	0.00639	0.00517	0.00384	0.02304	0.01140	0.02005	0.01744	0.02017	0.01379	0.01995	0.00418	0.00132	0.00260	0.00505	0.81503	0.00503
71	0.03167	0.00891	0.01265	0.22388	0.05564	0.00961	0.04204	0.06510	0.09689	0.06391	0.18701	0.08485	0.07882	0.00841	0.00577	0.00177	0.00489	0.00738	0.00441	0.00639
72	0.01321	0.09867	0.28350	0.03010	0.03684	0.04258	0.02915	0.04166	0.27908	0.05017	0.03253	0.01526	0.01165	0.00606	0.00514	0.00167	0.00612	0.00489	0.00379	0.00793
73	0.00856	0.00713	0.00934	0.00914	0.01012	0.04972	0.00710	0.01037	0.00895	0.01248	0.01371	0.02028	0.01286	0.05342	0.69007	0.00783	0.05556	0.00562	0.00285	0.00489
74	0.01559	0.01521	0.08493	0.04272	0.17108	0.08170	0.14019	0.15459	0.09129	0.08744	0.02196	0.01435	0.00990	0.00583	0.00597	0.00169	0.03867	0.00511	0.00379	0.00798
75	0.01014	0.00954	0.01610	0.79845	0.03697	0.01193	0.01491	0.01371	0.01073	0.01371	0.00954	0.01431	0.00716	0.00537	0.00537	0.00179	0.00716	0.00477	0.00239	0.00596
76	0.01180	0.01090	0.01743	0.21327	0.41159	0.01164	0.01372	0.01637	0.09870	0.01768	0.10937	0.01774	0.01448	0.00600	0.00547	0.00168	0.00583	0.00556	0.00333	0.00744
77	0.01153	0.01074	0.00966	0.00904	0.01131	0.13735	0.00693	0.01724	0.24137	0.04135	0.10680	0.06369	0.25681	0.01006	0.00587	0.00177	0.00449	0.04288	0.00491	0.00622
78	0.01077	0.02777	0.78354	0.01530	0.02323	0.01247	0.01983	0.01700	0.01133	0.01700	0.00963	0.01133	0.00680	0.00510	0.00510	0.00170	0.00793	0.00397	0.00227	0.00793
79	0.00774	0.00519	0.00594	0.00605	0.00609	0.00517	0.00348	0.00786	0.00806	0.01074	0.01798	0.08527	0.02079	0.74306	0.02558	0.00495	0.00506	0.02423	0.00340	0.00336
80	0.01028	0.00973	0.01613	0.72935	0.03496	0.01232	0.01463	0.01364	0.01051	0.01364	0.00932	0.01409	0.00715	0.00572	0.00645	0.00184	0.07714	0.00476	0.00238	0.00596
81	0.01107	0.01026	0.01545	0.57113	0.06888	0.03024	0.01340	0.07120	0.01204	0.01548	0.01362	0.01720	0.07507	0.00635	0.00605	0.00179	0.04637	0.00532	0.00287	0.00621
82	0.00665	0.00476	0.00633	0.00740	0.00781	0.00443	0.00499	0.00775	0.01079	0.01453	0.10802	0.72707	0.03710	0.01620	0.00680	0.00213	0.00305	0.01468	0.00508	0.00443
83	0.01003	0.00575	0.00684	0.13629	0.01134	0.00615	0.00560	0.01271	0.01117	0.01897	0.01619	0.01907	0.01267	0.00611	0.00402	0.00134	0.00327	0.00496	0.70237	0.00516
84	0.01206	0.37318	0.32117	0.08107	0.01920	0.01586	0.01366	0.01573	0.01088	0.01442	0.00903	0.01114	0.00738	0.00762	0.06512	0.00200	0.00739	0.00369	0.00234	0.00705
85	0.00810	0.00639	0.00753	0.00798	0.00943	0.00632	0.00616	0.01185	0.13451	0.01595	0.03579	0.26232	0.26247	0.01378	0.00660	0.00208	0.00362	0.18885	0.00505	0.00523
86	0.00694	0.00496	0.00669	0.00794	0.00842	0.00471	0.00568	0.00817	0.01068	0.01416	0.02936	0.66477	0.03462	0.01644	0.00696	0.00224	0.00346	0.15435	0.00498	0.00447
87	0.01027	0.00938	0.01527	0.66797	0.03258	0.01179	0.01377	0.01355	0.01055	0.01413	0.00994	0.01453	0.00766	0.00579	0.00632	0.00180	0.07678	0.00478	0.06727	0.00588
88	0.04038	0.01406	0.01518	0.01569	0.14108	0.18318	0.05428	0.10953	0.09598	0.01872	0.03390	0.06041	0.01489	0.00805	0.00636	0.00180	0.05120	0.12450	0.00389	0.00691
89	0.01178	0.01185	0.01705	0.01443	0.01465	0.01633	0.04169	0.01309	0.00840	0.01309	0.00720	0.01185	0.00709	0.00920	0.01716	0.00233	0.76975	0.00476	0.00236	0.00593
90	0.00698	0.00510	0.00652	0.00752	0.00802	0.00490	0.00509	0.00863	0.04883	0.01403	0.02938	0.68512	0.06096	0.06055	0.00791	0.00232	0.00330	0.02540	0.00491	0.00452
91	0.19690	0.08226	0.01404	0.01040	0.01366	0.05203	0.05559	0.22006	0.01527	0.05325	0.09737	0.01777	0.01427	0.01033	0.08988	0.00239	0.00634	0.03717	0.00417	0.00683
92	0.01846	0.01917	0.01495	0.05291	0.01694	0.41673	0.01028	0.14559	0.10580	0.07006	0.01153	0.01243	0.00887	0.00625	0.00603	0.00159	0.06724	0.00429	0.00374	0.00714
93	0.00707	0.00521	0.00664	0.00762	0.00825	0.00499	0.00531	0.00885	0.04909	0.01428	0.03063	0.62908	0.09095	0.04070	0.00742	0.00225	0.00334	0.06876	0.00495	0.00459
94	0.01142	0.01196	0.02409	0.11597	0.02480	0.01200	0.46839	0.01519	0.01196	0.01614	0.01355	0.02222	0.01196	0.00816	0.04129	0.00224	0.05141	0.12770	0.00303	0.00652
95	0.01340	0.12397	0.02199	0.15794	0.43119	0.01415	0.06925	0.07352	0.01283	0.01744	0.00991	0.01287	0.00807	0.00497	0.00514	0.00158	0.00658	0.00463	0.00277	0.00780
96	0.01115	0.00906	0.01219	0.05043	0.01305	0.01060	0.00853	0.01327	0.03982	0.06597	0.01186	0.01741	0.01087	0.11773	0.16680	0.00360	0.28501	0.00516	0.00313	0.14436

[dist]
# distance from previous block
# <min> <max>
4	25

[block]
# block no. 4 follows, 45 sequences, length 42
# corresponding to MSA columns:
# 450-491
name=unknown_E
#
# <colnr> <probs for GDERKNQSTAVLIFYWHMCP>
#	G	D	E	R	K	N	Q	S	T	A	V	L	I	F	Y	W	H	M	C	P
0	0.01614	0.01310	0.01370	0.01141	0.01501	0.03070	0.00911	0.31194	0.43135	0.02647	0.01756	0.01666	0.01301	0.00678	0.00535	0.00169	0.00500	0.00541	0.00527	0.04435
1	0.01485	0.08828	0.01508	0.01099	0.01426	0.01124	0.07963	0.15381	0.07491	0.16085	0.01762	0.16606	0.01575	0.00932	0.03001	0.00192	0.03015	0.02782	0.00463	0.07281
2	0.03702	0.14195	0.48460	0.01595	0.11003	0.01420	0.01651	0.08767	0.01264	0.01822	0.00961	0.01123	0.00721	0.00511	0.00485	0.00160	0.00712	0.00395	0.00264	0.00790
3	0.10879	0.01343	0.01426	0.01129	0.01528	0.01480	0.00925	0.49675	0.13704	0.10286	0.01448	0.01406	0.01029	0.00644	0.00517	0.00165	0.00533	0.00487	0.00529	0.00868
4	0.00962	0.00597	0.00730	0.00677	0.00860	0.00526	0.00514	0.01155	0.01382	0.13559	0.34885	0.09546	0.30237	0.01166	0.00623	0.00176	0.00295	0.01002	0.00563	0.00545
5	0.01101	0.02631	0.70951	0.01701	0.09657	0.01249	0.01951	0.01695	0.01142	0.01705	0.00968	0.01152	0.00697	0.00507	0.00512	0.00169	0.00778	0.00405	0.00230	0.00799
6	0.00859	0.00673	0.00863	0.12388	0.01304	0.03635	0.00717	0.03184	0.01136	0.02655	0.03625	0.51720	0.02830	0.01366	0.00645	0.00206	0.00422	0.08440	0.02835	0.00497
7	0.01082	0.01078	0.01727	0.01437	0.01550	0.01331	0.15722	0.01260	0.00953	0.01393	0.01259	0.18142	0.01331	0.01001	0.01311	0.00221	0.47596	0.00726	0.00298	0.00582
8	0.00689	0.00514	0.00719	0.08435	0.01062	0.00510	0.00595	0.00808	0.01032	0.01370	0.02764	0.73073	0.03275	0.01570	0.00671	0.00214	0.00351	0.01424	0.00473	0.00452
9	0.01444	0.01871	0.29041	0.01533	0.02086	0.06060	0.19096	0.05731	0.13904	0.11803	0.01354	0.01441	0.00968	0.00562	0.00549	0.00172	0.00716	0.00508	0.00366	0.00797
10	0.01076	0.00913	0.00974	0.00898	0.01146	0.00995	0.00694	0.02061	0.46876	0.02015	0.11830	0.03138	0.21977	0.00950	0.00583	0.00181	0.00366	0.02089	0.00538	0.00699
11	0.01014	0.00954	0.01610	0.79845	0.03697	0.01193	0.01491	0.01371	0.01073	0.01371	0.00954	0.01431	0.00716	0.00537	0.00537	0.00179	0.00716	0.00477	0.00239	0.00596
12	0.00761	0.00526	0.00653	0.00669	0.00695	0.00544	0.00426	0.00817	0.00831	0.01129	0.01794	0.12961	0.02015	0.53530	0.19845	0.00560	0.00703	0.00828	0.00339	0.00374
13	0.01375	0.04405	0.19706	0.20760	0.09580	0.01179	0.01350	0.05775	0.04653	0.15009	0.02704	0.01682	0.02990	0.00632	0.00581	0.00174	0.03690	0.02647	0.00362	0.00746
14	0.01267	0.01448	0.03167	0.02262	0.02805	0.01357	0.75837	0.01719	0.01267	0.01719	0.01086	0.01448	0.00814	0.00452	0.00633	0.00181	0.00905	0.00633	0.00271	0.00724
15	0.00658	0.00470	0.00627	0.00745	0.00779	0.00439	0.00499	0.00758	0.01047	0.01400	0.05830	0.77828	0.03609	0.01659	0.00683	0.00216	0.00309	0.01505	0.00502	0.00439
16	0.01342	0.22484	0.32068	0.01545	0.05305	0.01526	0.15548	0.09158	0.01300	0.03464	0.00991	0.01162	0.00753	0.00502	0.00495	0.00156	0.00724	0.00429	0.00278	0.00770
17	0.01178	0.00765	0.00929	0.00824	0.01045	0.00765	0.00638	0.03136	0.19010	0.14310	0.44468	0.03176	0.05656	0.00941	0.00596	0.00172	0.00333	0.00813	0.00589	0.00657
18	0.02408	0.00914	0.01246	0.00955	0.01370	0.00789	0.00789	0.02616	0.01536	0.78158	0.02118	0.01827	0.01329	0.00664	0.00540	0.00166	0.00457	0.00540	0.00664	0.00914
19	0.09141	0.01127	0.01172	0.00988	0.01307	0.01253	0.00790	0.26695	0.28283	0.04957	0.01813	0.01779	0.04176	0.00686	0.00500	0.00164	0.00447	0.00539	0.13403	0.00779
20	0.04381	0.14266	0.14204	0.01384	0.05963	0.04886	0.09705	0.14977	0.04988	0.04160	0.04502	0.01508	0.02478	0.03305	0.02168	0.00188	0.05363	0.00493	0.00350	0.00732
21	0.00685	0.00505	0.00712	0.00807	0.00858	0.00474	0.02717	0.00798	0.01048	0.01395	0.02897	0.73848	0.03442	0.01634	0.00687	0.00219	0.00340	0.05996	0.00491	0.00448
22	0.01215	0.04120	0.49905	0.03023	0.08465	0.08867	0.05957	0.01693	0.01154	0.01613	0.00931	0.01154	0.00706	0.00549	0.00633	0.00172	0.08435	0.00418	0.00238	0.00752
23	0.00749	0.00614	0.00988	0.05793	0.01200	0.00593	0.09567	0.00902	0.01059	0.01412	0.02611	0.66419	0.03049	0.01464	0.00670	0.00211	0.00407	0.01355	0.00455	0.00480
24	0.00837	0.00519	0.00738	0.00738	0.00774	0.00556	0.00515	0.00816	0.00779	0.01075	0.01286	0.02210	0.01304	0.19398	0.31626	0.34787	0.00849	0.00574	0.00273	0.00347
25	0.01627	0.01407	0.01522	0.01252	0.01616	0.07531	0.06551	0.28116	0.39449	0.02528	0.01685	0.01632	0.01251	0.00665	0.00545	0.00171	0.00561	0.00546	0.00501	0.00844
26	0.01077	0.02777	0.78354	0.01530	0.02323	0.01247	0.01983	0.01700	0.01133	0.01700	0.00963	0.01133	0.00680	0.00510	0.00510	0.00170	0.00793	0.00397	0.00227	0.00793
27	0.45229	0.00991	0.01017	0.00832	0.01204	0.01024	0.00686	0.03710	0.01235	0.37178	0.01388	0.01319	0.00932	0.00578	0.00432	0.00166	0.00438	0.00409	0.00489	0.00741
28	0.00780	0.00522	0.00595	0.00595	0.00599	0.00526	0.00338	0.00787	0.00784	0.01048	0.01682	0.03463	0.01930	0.78388	0.05450	0.00533	0.00553	0.00773	0.00324	0.00331
29	0.01167	0.01201	0.01596	0.67754	0.03383	0.13180	0.01421	0.01490	0.01142	0.01363	0.00935	0.01360	0.00712	0.00539	0.00529	0.00173	0.00754	0.00457	0.00244	0.00600
30	0.01227	0.01059	0.01111	0.01008	0.01292	0.01199	0.00782	0.02532	0.65168	0.02123	0.02686	0.02490	0.13339	0.00826	0.00560	0.00182	0.00401	0.00688	0.00539	0.00789
31	0.00712	0.00538	0.00643	0.00632	0.00769	0.00481	0.00468	0.00910	0.01360	0.01830	0.43470	0.11818	0.29823	0.01232	0.00632	0.00177	0.00265	0.01069	0.02689	0.00481
32	0.01385	0.33849	0.36544	0.01240	0.01830	0.09123	0.01401	0.01758	0.01177	0.05841	0.00930	0.01049	0.00722	0.00503	0.00444	0.00145	0.00704	0.00356	0.00258	0.00742
33	0.01470	0.76575	0.02733	0.00947	0.01395	0.06881	0.00926	0.01641	0.01117	0.01266	0.00751	0.00868	0.00689	0.00465	0.00353	0.00116	0.00598	0.00291	0.00233	0.00685
34	0.00646	0.00537	0.00565	0.00574	0.00736	0.00456	0.00424	0.00787	0.01227	0.01496	0.10737	0.12426	0.64802	0.01371	0.00639	0.00184	0.00274	0.01159	0.00506	0.00456
35	0.01186	0.01227	0.01304	0.13272	0.01633	0.18814	0.00987	0.01365	0.01032	0.01283	0.01059	0.01579	0.00969	0.05182	0.27254	0.00427	0.20120	0.00491	0.00266	0.00549
