[name]
unknown

[dist]
# distance from previous block
# <min> <max>
0	0

[block]
# block no. 0 follows, 34 sequences, length 18
# corresponding to MSA columns:
# 637-654
name=unknown_A
#
# <colnr> <probs for GDERKNQSTAVLIFYWHMCP>
#	G	D	E	R	K	N	Q	S	T	A	V	L	I	F	Y	W	H	M	C	P
0	0.01041	0.00744	0.01041	0.01190	0.01339	0.00744	0.01041	0.01339	0.01487	0.01934	0.03421	0.07288	0.03719	0.01785	0.00892	0.00297	0.00595	0.68913	0.00595	0.00595
1	0.81856	0.01250	0.00950	0.00850	0.01250	0.01449	0.00700	0.01899	0.01100	0.02899	0.00900	0.01050	0.00700	0.00600	0.00400	0.00200	0.00500	0.00350	0.00400	0.00700
2	0.01347	0.12051	0.65679	0.01755	0.02663	0.01624	0.02237	0.02033	0.01358	0.01985	0.01129	0.01326	0.00820	0.00607	0.00591	0.00197	0.00924	0.00462	0.00273	0.00940
3	0.01220	0.01148	0.01938	0.75739	0.04450	0.01436	0.01794	0.01651	0.01292	0.01651	0.01148	0.01723	0.00861	0.00646	0.00646	0.00215	0.00861	0.00574	0.00287	0.00718
4	0.01599	0.01535	0.02623	0.03966	0.73262	0.01535	0.01983	0.01983	0.01471	0.02111	0.01215	0.01599	0.01023	0.00576	0.00640	0.00192	0.00768	0.00576	0.00320	0.01023
5	0.00959	0.00975	0.09425	0.00933	0.01180	0.00714	0.00818	0.01316	0.01775	0.02527	0.64514	0.04421	0.05478	0.01238	0.00745	0.00203	0.00381	0.01088	0.00660	0.00650
6	0.00783	0.00580	0.00732	0.00853	0.00925	0.00529	0.00579	0.00905	0.01282	0.01668	0.04124	0.63549	0.17232	0.01951	0.00813	0.00254	0.00366	0.01748	0.00600	0.00529
7	0.02341	0.02834	0.01762	0.01586	0.01920	0.64882	0.01197	0.07407	0.01888	0.01811	0.01107	0.01270	0.00903	0.00679	0.00579	0.00167	0.01079	0.00440	0.05383	0.00765
8	0.01571	0.01507	0.02572	0.09293	0.68154	0.01528	0.01969	0.01958	0.01458	0.02077	0.01210	0.01608	0.01011	0.00581	0.00640	0.00194	0.00775	0.00576	0.00317	0.01001
9	0.00923	0.00692	0.01038	0.01038	0.01154	0.00808	0.00808	0.01154	0.01038	0.01500	0.01731	0.02538	0.01615	0.04846	0.74732	0.01038	0.01731	0.00692	0.00346	0.00577
10	0.00913	0.00624	0.00704	0.00714	0.00736	0.00612	0.00415	0.00936	0.01008	0.01325	0.02543	0.09591	0.08725	0.65237	0.02890	0.00564	0.00582	0.01041	0.00425	0.00415
11	0.01471	0.01226	0.01410	0.01019	0.01587	0.00995	0.00820	0.09766	0.01539	0.02336	0.01196	0.01365	0.00974	0.00513	0.00498	0.00107	0.00506	0.00406	0.00414	0.71854
12	0.01344	0.01164	0.01377	0.01000	0.01541	0.00926	0.00803	0.01623	0.01319	0.02073	0.01131	0.01344	0.00951	0.00516	0.00574	0.00107	0.04876	0.00393	0.00377	0.76560
13	0.01727	0.77681	0.03386	0.01106	0.01658	0.02557	0.01106	0.01935	0.01313	0.01520	0.00898	0.01036	0.00829	0.00553	0.00415	0.00138	0.00691	0.00345	0.00276	0.00829
14	0.00940	0.00626	0.00705	0.00705	0.00705	0.00626	0.00392	0.00940	0.00940	0.01253	0.02036	0.04228	0.02349	0.77292	0.03289	0.00626	0.00626	0.00940	0.00392	0.00392
15	0.01727	0.77681	0.03386	0.01106	0.01658	0.02557	0.01106	0.01935	0.01313	0.01520	0.00898	0.01036	0.00829	0.00553	0.00415	0.00138	0.00691	0.00345	0.00276	0.00829
16	0.01340	0.01148	0.01340	0.00957	0.01531	0.00861	0.00766	0.01627	0.01340	0.02105	0.01148	0.01340	0.00957	0.00479	0.00479	0.00096	0.00479	0.00383	0.00383	0.81242
17	0.01870	0.01515	0.01967	0.15905	0.19239	0.03809	0.01443	0.30692	0.02090	0.04948	0.01607	0.09007	0.01356	0.00824	0.00660	0.00204	0.00728	0.00699	0.00492	0.00943

[dist]
# distance from previous block
# <min> <max>
0	1

[block]
# block no. 1 follows, 34 sequences, length 48
# corresponding to MSA columns:
# 656-662,673-698,709-723
name=unknown_B
#
# <colnr> <probs for GDERKNQSTAVLIFYWHMCP>
#	G	D	E	R	K	N	Q	S	T	A	V	L	I	F	Y	W	H	M	C	P
0	0.01029	0.00855	0.01306	0.01807	0.22490	0.00826	0.01009	0.01223	0.01313	0.01789	0.02936	0.52698	0.04998	0.01583	0.00768	0.00240	0.00491	0.01449	0.00516	0.00674
1	0.00876	0.00661	0.00811	0.00779	0.00949	0.00595	0.00588	0.01142	0.01723	0.02342	0.52963	0.05270	0.24433	0.01419	0.00766	0.00210	0.00318	0.02887	0.00678	0.00592
2	0.01340	0.01148	0.01340	0.00957	0.01531	0.00861	0.00766	0.01627	0.01340	0.02105	0.01148	0.01340	0.00957	0.00479	0.00479	0.00096	0.00479	0.00383	0.00383	0.81242
3	0.15129	0.01181	0.01794	0.60098	0.06523	0.01442	0.01613	0.01706	0.01266	0.01883	0.01108	0.01602	0.00840	0.00635	0.00603	0.00212	0.00795	0.00536	0.00308	0.00726
4	0.01212	0.01039	0.01548	0.40875	0.02967	0.01210	0.01346	0.04648	0.08097	0.02041	0.14040	0.07740	0.02365	0.00985	0.00702	0.00223	0.00670	0.07112	0.00459	0.00720
5	0.01564	0.01509	0.02602	0.10086	0.65146	0.01530	0.04147	0.01957	0.01458	0.02070	0.01213	0.01614	0.01008	0.00581	0.00644	0.00195	0.00786	0.00581	0.00317	0.00992
6	0.03752	0.01100	0.01743	0.19741	0.21770	0.01148	0.05519	0.01514	0.01357	0.01833	0.02574	0.03100	0.17780	0.04593	0.03695	0.03203	0.00715	0.03739	0.00394	0.00729
7	0.04971	0.28562	0.02148	0.01182	0.05188	0.01581	0.00968	0.05113	0.01408	0.02025	0.01071	0.01242	0.00911	0.00529	0.00468	0.00125	0.00581	0.00387	0.00355	0.41184
8	0.01498	0.01415	0.02325	0.15913	0.51378	0.01424	0.01780	0.01876	0.01422	0.02031	0.01194	0.01584	0.00986	0.00574	0.00618	0.00182	0.00743	0.00548	0.00323	0.12184
9	0.01948	0.26202	0.06908	0.01399	0.01806	0.38422	0.01191	0.02154	0.01535	0.01563	0.01090	0.01440	0.00984	0.07045	0.03581	0.00231	0.00980	0.00451	0.00317	0.00752
10	0.05644	0.01841	0.19747	0.02376	0.26090	0.01384	0.06051	0.02214	0.01495	0.18030	0.01568	0.01893	0.01191	0.00709	0.00706	0.00207	0.03970	0.03489	0.00430	0.00967
11	0.01699	0.01507	0.03017	0.02215	0.02772	0.01414	0.48944	0.02218	0.05097	0.14407	0.01793	0.08700	0.01437	0.00740	0.00743	0.00219	0.00902	0.00839	0.00450	0.00887
12	0.00996	0.00902	0.01444	0.01188	0.01478	0.00817	0.16221	0.01299	0.01612	0.02126	0.29049	0.04758	0.30827	0.01285	0.00767	0.00215	0.00497	0.03296	0.00579	0.00643
13	0.06677	0.02656	0.48701	0.01610	0.02417	0.01436	0.03263	0.08257	0.01498	0.02297	0.01179	0.01364	0.00863	0.00603	0.00583	0.00185	0.00824	0.00468	0.00335	0.14784
14	0.00920	0.00692	0.00855	0.00808	0.00982	0.00644	0.00608	0.01269	0.04956	0.02450	0.58294	0.04957	0.17438	0.01355	0.00758	0.00207	0.00318	0.01182	0.00690	0.00617
15	0.01220	0.01148	0.01938	0.75739	0.04450	0.01436	0.01794	0.01651	0.01292	0.01651	0.01148	0.01723	0.00861	0.00646	0.00646	0.00215	0.00861	0.00574	0.00287	0.00718
16	0.00997	0.00712	0.00991	0.01140	0.01270	0.00706	0.00965	0.01263	0.01444	0.01885	0.03445	0.19278	0.03814	0.01826	0.00881	0.00291	0.00557	0.57355	0.00596	0.00583
17	0.01041	0.00744	0.01041	0.01190	0.01339	0.00744	0.01041	0.01339	0.01487	0.01934	0.03421	0.07288	0.03719	0.01785	0.00892	0.00297	0.00595	0.68913	0.00595	0.00595
18	0.00782	0.00584	0.00727	0.00842	0.00922	0.00530	0.00574	0.00906	0.01293	0.01672	0.04264	0.60242	0.20448	0.01933	0.00810	0.00252	0.00364	0.01725	0.00600	0.00530
19	0.01340	0.01148	0.01340	0.00957	0.01531	0.00861	0.00766	0.01627	0.01340	0.02105	0.01148	0.01340	0.00957	0.00479	0.00479	0.00096	0.00479	0.00383	0.00383	0.81242
20	0.00940	0.00626	0.00705	0.00705	0.00705	0.00626	0.00392	0.00940	0.00940	0.01253	0.02036	0.04228	0.02349	0.77292	0.03289	0.00626	0.00626	0.00940	0.00392	0.00392
21	0.16063	0.01735	0.01723	0.01370	0.01846	0.05173	0.01120	0.50288	0.08553	0.03640	0.01506	0.01521	0.01093	0.00749	0.00602	0.00196	0.00678	0.00547	0.00591	0.01008
22	0.00812	0.00645	0.00737	0.00797	0.00960	0.00570	0.00602	0.00983	0.01416	0.01750	0.05323	0.24104	0.45240	0.01756	0.00799	0.00241	0.00380	0.11739	0.00599	0.00548
23	0.01473	0.01640	0.03490	0.15305	0.03562	0.01600	0.59005	0.01998	0.01485	0.01998	0.01280	0.01739	0.00960	0.00562	0.00742	0.00217	0.01050	0.00730	0.00320	0.00845
24	0.01204	0.00602	0.00602	0.00602	0.00753	0.00602	0.00452	0.01506	0.01355	0.02409	0.02108	0.02409	0.01656	0.00753	0.00452	0.00151	0.00301	0.00602	0.80879	0.00602
25	0.07204	0.07494	0.03097	0.01208	0.01604	0.17083	0.00993	0.12711	0.04823	0.15029	0.02674	0.02734	0.16342	0.00946	0.00633	0.00195	0.00676	0.03175	0.00543	0.00836
26	0.01913	0.01519	0.01650	0.01532	0.07064	0.05114	0.01127	0.18224	0.39237	0.08828	0.05190	0.02184	0.01797	0.00834	0.00654	0.00207	0.00601	0.00683	0.00628	0.01015
27	0.01204	0.00602	0.00602	0.00602	0.00753	0.00602	0.00452	0.01506	0.01355	0.02409	0.02108	0.02409	0.01656	0.00753	0.00452	0.00151	0.00301	0.00602	0.80879	0.00602
28	0.53451	0.14523	0.01551	0.01011	0.01459	0.01742	0.00867	0.14630	0.01493	0.02877	0.01019	0.01140	0.00795	0.00624	0.00448	0.00188	0.00572	0.00392	0.00424	0.00795
29	0.01612	0.03060	0.51320	0.01753	0.02531	0.14165	0.02017	0.08637	0.05008	0.02186	0.01239	0.01398	0.00903	0.00651	0.00614	0.00198	0.00947	0.00489	0.00337	0.00936
30	0.01048	0.00784	0.00967	0.00942	0.01050	0.00867	0.00665	0.01454	0.13239	0.01600	0.02018	0.03247	0.01994	0.35498	0.31066	0.00719	0.01043	0.00806	0.00419	0.00574
31	0.01041	0.00744	0.01041	0.01190	0.01339	0.00744	0.01041	0.01339	0.01487	0.01934	0.03421	0.07288	0.03719	0.01785	0.00892	0.00297	0.00595	0.68913	0.00595	0.00595
32	0.01264	0.00762	0.01118	0.01058	0.01239	0.00832	0.00832	0.01498	0.01178	0.13942	0.01872	0.02480	0.01613	0.04149	0.61967	0.00894	0.01527	0.00685	0.00424	0.00667
33	0.01331	0.01304	0.02337	0.52431	0.16146	0.01482	0.12184	0.01771	0.01358	0.01793	0.01184	0.01704	0.00907	0.00619	0.00662	0.00212	0.00879	0.00603	0.00299	0.00793
34	0.68014	0.01335	0.01443	0.01173	0.01616	0.01481	0.12799	0.01929	0.01173	0.02756	0.00970	0.01169	0.00748	0.00590	0.00462	0.00203	0.00601	0.00421	0.00387	0.00729
35	0.01425	0.01332	0.02238	0.09977	0.54530	0.01352	0.01727	0.01766	0.01415	0.01989	0.01613	0.14581	0.01569	0.00832	0.00672	0.00206	0.00708	0.00793	0.00365	0.00910
36	0.01599	0.01535	0.02623	0.03966	0.73262	0.01535	0.01983	0.01983	0.01471	0.02111	0.01215	0.01599	0.01023	0.00576	0.00640	0.00192	0.00768	0.00576	0.00320	0.01023
37	0.00935	0.00632	0.00732	0.00723	0.00750	0.00624	0.00429	0.00988	0.01093	0.01483	0.14250	0.04331	0.02995	0.64202	0.02853	0.00553	0.00571	0.00979	0.00447	0.00429
38	0.02414	0.03079	0.01831	0.01665	0.01998	0.74698	0.01248	0.02580	0.01831	0.01581	0.00999	0.01165	0.00832	0.00666	0.00583	0.00166	0.01165	0.00416	0.00333	0.00749
39	0.02468	0.01639	0.01823	0.01415	0.01913	0.01765	0.01172	0.56232	0.02763	0.15974	0.01808	0.01923	0.01304	0.00826	0.00658	0.00200	0.00678	0.03694	0.00670	0.01076
40	0.01328	0.01223	0.01904	0.44830	0.16395	0.01424	0.01618	0.01970	0.13521	0.01917	0.01574	0.06728	0.01306	0.00763	0.00658	0.00215	0.00752	0.00684	0.00377	0.00814
41	0.01599	0.01535	0.02623	0.03966	0.73262	0.01535	0.01983	0.01983	0.01471	0.02111	0.01215	0.01599	0.01023	0.00576	0.00640	0.00192	0.00768	0.00576	0.00320	0.01023
42	0.01296	0.03342	0.73944	0.01842	0.02797	0.01501	0.02387	0.02046	0.01364	0.02046	0.01160	0.01364	0.00818	0.00614	0.00614	0.00205	0.00955	0.00477	0.00273	0.00955
43	0.01611	0.33666	0.21964	0.01378	0.01968	0.08581	0.01428	0.02246	0.13596	0.01926	0.04892	0.01564	0.01288	0.00674	0.00543	0.00176	0.00756	0.00495	0.00368	0.00878
44	0.01282	0.00730	0.00937	0.00842	0.01057	0.00665	0.00647	0.01572	0.01768	0.14795	0.50746	0.04164	0.07272	0.01181	0.00709	0.00198	0.00347	0.01025	0.09371	0.00691
45	0.01251	0.01097	0.04618	0.01769	0.16885	0.00987	0.06768	0.01629	0.06197	0.06784	0.06847	0.28443	0.10025	0.01287	0.00739	0.00227	0.00559	0.02599	0.00527	0.00759
46	0.42048	0.13959	0.26001	0.01225	0.01837	0.01641	0.01334	0.01955	0.01223	0.02394	0.00987	0.01154	0.00760	0.00597	0.00475	0.00192	0.00684	0.00392	0.00338	0.00806
47	0.01384	0.13182	0.44667	0.01551	0.02272	0.01463	0.01831	0.01935	0.01398	0.05033	0.01571	0.02373	0.01360	0.00808	0.00628	0.00206	0.00814	0.12254	0.00357	0.04912

[dist]
# distance from previous block
# <min> <max>
0	2

[block]
# block no. 2 follows, 34 sequences, length 59
# corresponding to MSA columns:
# 726-782,794,795
name=unknown_C
#
# <colnr> <probs for GDERKNQSTAVLIFYWHMCP>
#	G	D	E	R	K	N	Q	S	T	A	V	L	I	F	Y	W	H	M	C	P
0	0.01753	0.36320	0.02508	0.01581	0.10435	0.13083	0.01196	0.02351	0.17976	0.01883	0.01457	0.04277	0.01250	0.00703	0.00540	0.00173	0.00718	0.00530	0.00392	0.00875
1	0.00923	0.00692	0.01038	0.01038	0.01154	0.00808	0.00808	0.01154	0.01038	0.01500	0.01731	0.02538	0.01615	0.04846	0.74732	0.01038	0.01731	0.00692	0.00346	0.00577
2	0.01075	0.00923	0.01291	0.01384	0.07240	0.01085	0.00946	0.01204	0.01138	0.01604	0.02296	0.36739	0.02652	0.11852	0.01555	0.00312	0.24445	0.01206	0.00447	0.00606
3	0.76437	0.01259	0.00984	0.00881	0.01279	0.01460	0.00722	0.02003	0.05894	0.02886	0.01017	0.01142	0.00786	0.00618	0.00417	0.00201	0.00501	0.00376	0.00417	0.00722
4	0.00800	0.00660	0.00707	0.00721	0.00923	0.00567	0.00552	0.00985	0.01494	0.01823	0.11178	0.08326	0.59779	0.01637	0.00777	0.00225	0.00351	0.07332	0.00608	0.00554
5	0.01365	0.01346	0.02434	0.45696	0.20632	0.01494	0.14113	0.01804	0.01376	0.01835	0.01193	0.01697	0.00921	0.00611	0.00665	0.00210	0.00880	0.00608	0.00302	0.00818
6	0.01025	0.00934	0.01328	0.21968	0.13580	0.00952	0.01093	0.01298	0.01422	0.01778	0.04189	0.04227	0.41387	0.01191	0.00711	0.00213	0.00546	0.01018	0.00468	0.00671
7	0.00925	0.00645	0.00819	0.00828	0.00868	0.00681	0.00543	0.01009	0.00990	0.01358	0.02020	0.07784	0.02212	0.48730	0.27103	0.00744	0.00982	0.00908	0.00388	0.00461
8	0.01220	0.01148	0.01938	0.75739	0.04450	0.01436	0.01794	0.01651	0.01292	0.01651	0.01148	0.01723	0.00861	0.00646	0.00646	0.00215	0.00861	0.00574	0.00287	0.00718
9	0.00940	0.00626	0.00705	0.00705	0.00705	0.00626	0.00392	0.00940	0.00940	0.01253	0.02036	0.04228	0.02349	0.77292	0.03289	0.00626	0.00626	0.00940	0.00392	0.00392
10	0.00949	0.00733	0.01118	0.07640	0.01445	0.00863	0.00895	0.01198	0.01061	0.01513	0.01679	0.02466	0.01549	0.04475	0.68185	0.00966	0.01654	0.00682	0.00341	0.00589
11	0.00795	0.00651	0.00686	0.00703	0.00887	0.00562	0.00518	0.00948	0.01411	0.01706	0.05786	0.10720	0.58594	0.08355	0.00998	0.00261	0.00371	0.04933	0.00581	0.00533
12	0.01529	0.01463	0.02495	0.17349	0.60431	0.01517	0.01948	0.01921	0.01438	0.02025	0.01203	0.01622	0.00993	0.00589	0.00641	0.00196	0.00785	0.00575	0.00314	0.00966
13	0.01204	0.00602	0.00602	0.00602	0.00753	0.00602	0.00452	0.01506	0.01355	0.02409	0.02108	0.02409	0.01656	0.00753	0.00452	0.00151	0.00301	0.00602	0.80879	0.00602
14	0.01416	0.01088	0.01137	0.00991	0.01302	0.05117	0.00781	0.12301	0.05723	0.07079	0.16350	0.03954	0.24003	0.01164	0.00691	0.00198	0.00481	0.04530	0.03843	0.07853
15	0.01571	0.01160	0.01368	0.07777	0.01778	0.01271	0.01021	0.04131	0.37357	0.11056	0.08278	0.03321	0.07131	0.01037	0.00698	0.00224	0.00533	0.08762	0.00635	0.00892
16	0.01204	0.00602	0.00602	0.00602	0.00753	0.00602	0.00452	0.01506	0.01355	0.02409	0.02108	0.02409	0.01656	0.00753	0.00452	0.00151	0.00301	0.00602	0.80879	0.00602
17	0.02447	0.01765	0.01923	0.01666	0.08245	0.07002	0.01253	0.49447	0.02627	0.14629	0.01638	0.01629	0.01152	0.00754	0.00642	0.00193	0.00723	0.00580	0.00619	0.01067
18	0.02128	0.01802	0.02193	0.14692	0.02626	0.14190	0.13689	0.25493	0.02091	0.12487	0.01480	0.01639	0.01060	0.00696	0.00656	0.00198	0.00860	0.00594	0.00494	0.00932
19	0.01308	0.02759	0.54636	0.01606	0.02460	0.01331	0.01956	0.01935	0.01358	0.02062	0.01157	0.01358	0.00855	0.00578	0.00578	0.00176	0.00828	0.00452	0.00302	0.22307
20	0.00787	0.00649	0.00691	0.00693	0.00890	0.00553	0.00515	0.00967	0.01509	0.01861	0.15894	0.10639	0.58885	0.01616	0.00767	0.00219	0.00327	0.01367	0.00616	0.00553
21	0.01754	0.01389	0.01491	0.01312	0.01696	0.01578	0.01028	0.07161	0.62816	0.08290	0.02564	0.02347	0.01895	0.00865	0.00656	0.00216	0.00525	0.00716	0.00668	0.01033
22	0.00940	0.00626	0.00705	0.00705	0.00705	0.00626	0.00392	0.00940	0.00940	0.01253	0.02036	0.04228	0.02349	0.77292	0.03289	0.00626	0.00626	0.00940	0.00392	0.00392
23	0.01327	0.01218	0.02000	0.05163	0.48098	0.01211	0.01530	0.01629	0.01404	0.01955	0.02119	0.21866	0.05693	0.01019	0.00696	0.00213	0.00643	0.00953	0.00408	0.00856
24	0.01607	0.01388	0.01461	0.01315	0.01680	0.01607	0.01023	0.03433	0.72094	0.02703	0.02630	0.02411	0.01972	0.00877	0.00657	0.00219	0.00511	0.00731	0.00657	0.01023
25	0.01727	0.77681	0.03386	0.01106	0.01658	0.02557	0.01106	0.01935	0.01313	0.01520	0.00898	0.01036	0.00829	0.00553	0.00415	0.00138	0.00691	0.00345	0.00276	0.00829
26	0.01340	0.01148	0.01340	0.00957	0.01531	0.00861	0.00766	0.01627	0.01340	0.02105	0.01148	0.01340	0.00957	0.00479	0.00479	0.00096	0.00479	0.00383	0.00383	0.81242
27	0.01530	0.02156	0.27126	0.03065	0.42067	0.01512	0.06875	0.02046	0.01450	0.04268	0.01243	0.01547	0.00968	0.00593	0.00640	0.00198	0.00848	0.00557	0.00319	0.00992
28	0.01916	0.02242	0.01971	0.20289	0.11441	0.40136	0.01492	0.02173	0.01568	0.01662	0.01048	0.01382	0.00865	0.00697	0.00760	0.00193	0.08589	0.00490	0.00315	0.00771
29	0.50787	0.01216	0.01260	0.01063	0.01461	0.01329	0.03647	0.02158	0.01311	0.19769	0.01443	0.01705	0.01096	0.00739	0.00598	0.00211	0.04832	0.04080	0.00497	0.00798
30	0.01727	0.77681	0.03386	0.01106	0.01658	0.02557	0.01106	0.01935	0.01313	0.01520	0.00898	0.01036	0.00829	0.00553	0.00415	0.00138	0.00691	0.00345	0.00276	0.00829
31	0.00923	0.00692	0.01038	0.01038	0.01154	0.00808	0.00808	0.01154	0.01038	0.01500	0.01731	0.02538	0.01615	0.04846	0.74732	0.01038	0.01731	0.00692	0.00346	0.00577
32	0.01606	0.01655	0.23647	0.01400	0.05817	0.01028	0.01327	0.02038	0.01671	0.21577	0.27766	0.02868	0.02970	0.00920	0.00679	0.00202	0.00597	0.00782	0.00578	0.00872
33	0.01784	0.00938	0.01162	0.01046	0.01352	0.00904	0.00842	0.04680	0.09892	0.27351	0.03068	0.10849	0.08575	0.01168	0.00693	0.00220	0.00489	0.12692	0.11464	0.00830
34	0.01296	0.03342	0.73944	0.01842	0.02797	0.01501	0.02387	0.02046	0.01364	0.02046	0.01160	0.01364	0.00818	0.00614	0.00614	0.00205	0.00955	0.00477	0.00273	0.00955
35	0.01717	0.01499	0.01877	0.01604	0.03152	0.01885	0.01296	0.21148	0.11047	0.02451	0.03545	0.01695	0.01235	0.00993	0.01445	0.00245	0.41245	0.00611	0.00448	0.00861
36	0.81856	0.01250	0.00950	0.00850	0.01250	0.01449	0.00700	0.01899	0.01100	0.02899	0.00900	0.01050	0.00700	0.00600	0.00400	0.00200	0.00500	0.00350	0.00400	0.00700
37	0.14186	0.00872	0.00962	0.00827	0.01135	0.00851	0.00660	0.02127	0.01485	0.26837	0.02073	0.02128	0.01490	0.00745	0.00511	0.00175	0.00417	0.00580	0.41152	0.00787
38	0.01638	0.01511	0.02432	0.02368	0.20623	0.01548	0.20947	0.13030	0.15361	0.02574	0.09515	0.02146	0.01768	0.00739	0.00692	0.00206	0.00749	0.00725	0.00481	0.00946
39	0.01220	0.01148	0.01938	0.75739	0.04450	0.01436	0.01794	0.01651	0.01292	0.01651	0.01148	0.01723	0.00861	0.00646	0.00646	0.00215	0.00861	0.00574	0.00287	0.00718
40	0.02279	0.02723	0.01759	0.01586	0.01921	0.59567	0.01198	0.08603	0.06502	0.01878	0.01290	0.05288	0.01113	0.00761	0.00606	0.00177	0.01040	0.00527	0.00396	0.00786
41	0.00935	0.00644	0.00793	0.00793	0.00824	0.00675	0.00502	0.00997	0.00966	0.01319	0.01955	0.03779	0.02154	0.58026	0.22289	0.00736	0.00920	0.00874	0.00379	0.00441
42	0.01334	0.09911	0.67709	0.01777	0.02696	0.01594	0.02274	0.02036	0.01360	0.02000	0.01136	0.01335	0.00819	0.00608	0.00596	0.00199	0.00932	0.00466	0.00273	0.00944
43	0.01446	0.01119	0.01389	0.01107	0.01506	0.01018	0.04021	0.13771	0.01686	0.04496	0.10156	0.08259	0.02146	0.07625	0.00858	0.00206	0.00541	0.04587	0.00507	0.33557
44	0.01258	0.00759	0.01032	0.00975	0.01036	0.00826	0.00695	0.05011	0.07270	0.01454	0.01261	0.01945	0.01178	0.01970	0.02230	0.64263	0.05507	0.00578	0.00334	0.00419
45	0.01356	0.01304	0.01939	0.44745	0.18339	0.05546	0.01646	0.01828	0.06137	0.01815	0.01467	0.08352	0.01270	0.00770	0.00658	0.00212	0.00792	0.00688	0.00349	0.00788
46	0.01442	0.25249	0.47591	0.01692	0.02504	0.01824	0.07326	0.02015	0.01361	0.01892	0.01094	0.01296	0.00834	0.00590	0.00566	0.00186	0.00887	0.00460	0.00278	0.00911
47	0.01508	0.01627	0.06296	0.26712	0.16161	0.07284	0.10685	0.02206	0.15138	0.02010	0.01451	0.01765	0.01118	0.00676	0.00690	0.00209	0.02613	0.00611	0.00373	0.00869
48	0.01592	0.15167	0.37888	0.02041	0.12681	0.01641	0.08654	0.02129	0.01434	0.09029	0.01275	0.01462	0.00942	0.00610	0.00602	0.00192	0.00857	0.00514	0.00337	0.00950
49	0.03649	0.18870	0.09008	0.12842	0.05999	0.01555	0.01321	0.07024	0.01640	0.29452	0.01654	0.01683	0.01154	0.00685	0.00586	0.00188	0.00690	0.00538	0.00508	0.00954
50	0.01724	0.14349	0.31568	0.01431	0.02082	0.03442	0.01554	0.06058	0.06330	0.15237	0.01914	0.04122	0.05882	0.00775	0.00609	0.00195	0.00742	0.00608	0.00450	0.00929
51	0.01431	0.04742	0.49274	0.02212	0.11440	0.01539	0.13953	0.02072	0.01418	0.04154	0.01226	0.01473	0.00894	0.00601	0.00638	0.00203	0.00936	0.00540	0.00303	0.00950
52	0.01487	0.04655	0.37969	0.02092	0.15170	0.01451	0.05140	0.02167	0.07662	0.06922	0.01592	0.02086	0.01274	0.00741	0.00650	0.00210	0.00821	0.06586	0.00382	0.00943
53	0.02093	0.01886	0.24137	0.01809	0.12951	0.01266	0.01560	0.02653	0.07639	0.34479	0.01921	0.01867	0.01301	0.00714	0.00638	0.00202	0.00705	0.00592	0.00551	0.01037
54	0.02077	0.01158	0.05317	0.01251	0.01640	0.01006	0.04966	0.02347	0.01610	0.40283	0.04623	0.03181	0.05223	0.06921	0.01000	0.00254	0.05699	0.09915	0.00639	0.00890
55	0.05491	0.02695	0.09180	0.01581	0.10478	0.01101	0.07254	0.01704	0.07993	0.04301	0.14005	0.20969	0.06467	0.01161	0.00740	0.00220	0.02354	0.01031	0.00512	0.00761
56	0.05016	0.01670	0.14745	0.08802	0.25199	0.01355	0.03249	0.04792	0.04060	0.17887	0.01675	0.05880	0.01302	0.00737	0.00642	0.00204	0.00725	0.00645	0.00457	0.00960
57	0.01616	0.02245	0.31344	0.06108	0.08229	0.01466	0.24816	0.02183	0.01490	0.12113	0.01407	0.01644	0.01000	0.00616	0.00672	0.00208	0.00923	0.00609	0.00369	0.00940
58	0.01292	0.01384	0.06881	0.56972	0.11631	0.01467	0.07756	0.01748	0.01336	0.01762	0.01170	0.01688	0.00886	0.00628	0.00653	0.00212	0.00877	0.00584	0.00293	0.00779

[dist]
# distance from previous block
# <min> <max>
0	7

[block]
# block no. 3 follows, 34 sequences, length 52
# corresponding to MSA columns:
# 803-854
name=unknown_D
#
# <colnr> <probs for GDERKNQSTAVLIFYWHMCP>
#	G	D	E	R	K	N	Q	S	T	A	V	L	I	F	Y	W	H	M	C	P
0	0.11063	0.02318	0.35440	0.01700	0.06449	0.05620	0.05346	0.02219	0.02686	0.14319	0.05646	0.01714	0.01291	0.00687	0.00612	0.00201	0.00795	0.00554	0.00419	0.00918
1	0.10815	0.11373	0.42595	0.01701	0.07337	0.01534	0.02984	0.01984	0.01391	0.04594	0.06819	0.01614	0.01267	0.00663	0.00583	0.00195	0.00794	0.00519	0.00345	0.00892
2	0.01471	0.03191	0.64510	0.01788	0.02672	0.06692	0.02221	0.02150	0.01426	0.06255	0.01230	0.01399	0.00866	0.00629	0.00614	0.00202	0.00946	0.00483	0.00308	0.00949
3	0.01609	0.05495	0.54623	0.01713	0.02551	0.01592	0.02055	0.14201	0.01684	0.06625	0.01301	0.01435	0.00914	0.00651	0.00615	0.00200	0.00879	0.00501	0.00370	0.00984
4	0.01678	0.01843	0.15922	0.04339	0.40767	0.01472	0.11588	0.02137	0.01500	0.10455	0.01373	0.01648	0.01044	0.00606	0.00653	0.00199	0.00824	0.00592	0.00368	0.00993
5	0.30101	0.01875	0.20817	0.01371	0.01926	0.03902	0.07142	0.06988	0.01465	0.06698	0.01687	0.02019	0.05988	0.00766	0.00580	0.00208	0.00706	0.04516	0.00424	0.00820
6	0.01945	0.59970	0.02983	0.01176	0.01697	0.10839	0.01104	0.02152	0.01436	0.09967	0.01103	0.01188	0.00920	0.00595	0.00462	0.00149	0.00730	0.00389	0.00344	0.00851
7	0.02365	0.06727	0.01753	0.01248	0.01758	0.06722	0.01030	0.22765	0.02067	0.29757	0.01770	0.01694	0.01225	0.00707	0.00596	0.00172	0.00639	0.00543	0.00608	0.15856
8	0.01021	0.00729	0.01018	0.01167	0.01307	0.00726	0.01006	0.01304	0.01468	0.01911	0.03432	0.12783	0.03762	0.01804	0.00887	0.00295	0.00578	0.63616	0.00595	0.00589
9	0.01681	0.01481	0.02437	0.12046	0.56831	0.01517	0.01856	0.06104	0.01565	0.06341	0.01305	0.01646	0.01043	0.00609	0.00641	0.00195	0.00763	0.00580	0.00363	0.00997
10	0.08694	0.01218	0.01806	0.06715	0.10320	0.01154	0.07159	0.02687	0.02689	0.46312	0.03308	0.02016	0.01442	0.00735	0.00640	0.00202	0.00635	0.00632	0.00632	0.01003
11	0.00787	0.00562	0.00750	0.00900	0.00937	0.00525	0.00600	0.00900	0.01237	0.01649	0.03561	0.76871	0.04274	0.02024	0.00825	0.00262	0.00375	0.01837	0.00600	0.00525
12	0.01296	0.03342	0.73944	0.01842	0.02797	0.01501	0.02387	0.02046	0.01364	0.02046	0.01160	0.01364	0.00818	0.00614	0.00614	0.00205	0.00955	0.00477	0.00273	0.00955
13	0.02254	0.11511	0.02038	0.01581	0.01933	0.51605	0.01243	0.10464	0.01841	0.01864	0.01039	0.01216	0.00865	0.00705	0.00700	0.00176	0.07369	0.00440	0.00359	0.00796
14	0.01265	0.01194	0.02018	0.67313	0.12529	0.01447	0.01817	0.01690	0.01313	0.01705	0.01156	0.01708	0.00880	0.00638	0.00645	0.00213	0.00850	0.00574	0.00291	0.00754
15	0.01455	0.01229	0.01330	0.01205	0.01524	0.01389	0.00932	0.02948	0.56701	0.02678	0.18029	0.02940	0.02876	0.00974	0.00680	0.00216	0.00466	0.00826	0.00669	0.00932
16	0.00825	0.00765	0.05778	0.00940	0.01061	0.00597	0.00714	0.00993	0.01288	0.01721	0.06282	0.62993	0.09894	0.01868	0.00803	0.00252	0.00408	0.01678	0.00582	0.00559
17	0.01979	0.54550	0.02847	0.01185	0.01698	0.10713	0.01096	0.02250	0.04142	0.12424	0.01224	0.01279	0.00989	0.00615	0.00479	0.00154	0.00718	0.00414	0.00376	0.00868
18	0.02456	0.01810	0.01939	0.01487	0.02004	0.02004	0.01228	0.71107	0.03038	0.04072	0.01551	0.01551	0.01099	0.00776	0.00646	0.00194	0.00711	0.00582	0.00646	0.01099
19	0.01588	0.01566	0.02802	0.03779	0.62756	0.01550	0.12345	0.01996	0.01479	0.02105	0.01229	0.01621	0.01017	0.00571	0.00658	0.00196	0.00816	0.00604	0.00321	0.01001
20	0.01073	0.00959	0.01473	0.38695	0.07854	0.01070	0.01276	0.01398	0.01404	0.01815	0.10959	0.09415	0.17970	0.01058	0.00701	0.00217	0.00629	0.00927	0.00436	0.00672
21	0.01296	0.03342	0.73944	0.01842	0.02797	0.01501	0.02387	0.02046	0.01364	0.02046	0.01160	0.01364	0.00818	0.00614	0.00614	0.00205	0.00955	0.00477	0.00273	0.00955
22	0.01023	0.00731	0.01020	0.01169	0.01309	0.00728	0.01009	0.01307	0.01469	0.01913	0.03431	0.12353	0.03759	0.01802	0.00888	0.00295	0.00579	0.64030	0.00595	0.00590
23	0.01646	0.46790	0.16375	0.01429	0.06739	0.02011	0.01358	0.01964	0.01366	0.06822	0.01298	0.07208	0.01167	0.00700	0.00517	0.00169	0.00711	0.00526	0.00342	0.00862
24	0.01074	0.17611	0.01351	0.00840	0.01142	0.01109	0.00692	0.01440	0.09685	0.01804	0.04737	0.07321	0.46276	0.01325	0.00677	0.00202	0.00430	0.01085	0.00536	0.00663
25	0.00871	0.00630	0.00841	0.00980	0.01068	0.00600	0.00741	0.01050	0.01338	0.01752	0.03723	0.48446	0.08899	0.01916	0.00843	0.00271	0.00446	0.24435	0.00598	0.00550
26	0.01677	0.68991	0.11634	0.01192	0.01791	0.02433	0.01255	0.01948	0.01319	0.01582	0.00929	0.01075	0.00828	0.00560	0.00438	0.00146	0.00722	0.00361	0.00276	0.00844
27	0.02716	0.01551	0.06530	0.01275	0.01781	0.12074	0.01093	0.02988	0.01813	0.57940	0.02221	0.01986	0.01430	0.00767	0.00637	0.00195	0.00670	0.00603	0.00693	0.01037
28	0.00787	0.00562	0.00750	0.00900	0.00937	0.00525	0.00600	0.00900	0.01237	0.01649	0.03561	0.76871	0.04274	0.02024	0.00825	0.00262	0.00375	0.01837	0.00600	0.00525
29	0.01607	0.56859	0.23149	0.01312	0.01977	0.02261	0.01465	0.01966	0.01327	0.01668	0.00971	0.01128	0.00826	0.00570	0.00470	0.00157	0.00765	0.00382	0.00275	0.00864
30	0.01346	0.12033	0.65696	0.01756	0.02663	0.01624	0.02237	0.02033	0.01358	0.01985	0.01129	0.01326	0.00820	0.00607	0.00591	0.00197	0.00924	0.00462	0.00273	0.00940
31	0.00848	0.00709	0.00748	0.00759	0.00966	0.00640	0.00569	0.01151	0.07394	0.01822	0.05748	0.14198	0.56352	0.01623	0.00767	0.00226	0.00359	0.03931	0.00605	0.00585
32	0.01486	0.01410	0.02390	0.14611	0.57882	0.01451	0.01859	0.01858	0.01428	0.02010	0.01367	0.06792	0.01222	0.00686	0.00653	0.00200	0.00755	0.00662	0.00334	0.00943
33	0.02715	0.01090	0.01463	0.01134	0.01606	0.00962	0.00932	0.05620	0.01894	0.65020	0.08437	0.02395	0.01959	0.00843	0.00659	0.00200	0.00535	0.00691	0.00786	0.01058
34	0.00973	0.00810	0.01189	0.01101	0.01324	0.00760	0.08916	0.01231	0.01465	0.01888	0.11549	0.05537	0.28062	0.06114	0.05328	0.00313	0.00596	0.21695	0.00551	0.00598
35	0.09105	0.02925	0.01757	0.01596	0.01935	0.68529	0.01202	0.02523	0.01769	0.01692	0.00990	0.01155	0.00821	0.00660	0.00567	0.00169	0.01109	0.00411	0.00339	0.00745
36	0.01450	0.01759	0.10985	0.16279	0.10295	0.07590	0.26280	0.01912	0.01477	0.01930	0.01542	0.02465	0.01342	0.00772	0.00715	0.00221	0.00929	0.10890	0.00353	0.00816
37	0.05990	0.01232	0.02018	0.56945	0.18104	0.01456	0.01769	0.01732	0.01317	0.01816	0.01147	0.01659	0.00885	0.00629	0.00630	0.00210	0.00821	0.00561	0.00300	0.00778
38	0.01443	0.01475	0.01961	0.16586	0.02271	0.06869	0.01479	0.01645	0.01108	0.01576	0.00919	0.01459	0.00850	0.01001	0.01718	0.00261	0.55823	0.00557	0.00287	0.00712
39	0.07344	0.08270	0.26268	0.01331	0.01916	0.01284	0.01396	0.03453	0.01550	0.25229	0.07408	0.07250	0.01732	0.00835	0.00644	0.00202	0.01788	0.00668	0.00517	0.00914
40	0.01424	0.01333	0.02187	0.23835	0.42478	0.01427	0.01743	0.01903	0.06541	0.01985	0.01497	0.08033	0.01320	0.00740	0.00658	0.00206	0.00742	0.00693	0.00359	0.00895
41	0.00886	0.00658	0.00829	0.00818	0.00973	0.00601	0.00618	0.01149	0.01692	0.02315	0.50299	0.10946	0.18065	0.01467	0.00777	0.00217	0.00335	0.06092	0.00674	0.00590
42	0.01765	0.40898	0.02496	0.07469	0.01878	0.07265	0.01135	0.09991	0.01588	0.06075	0.01489	0.07666	0.01387	0.00813	0.00554	0.00178	0.00702	0.05426	0.00403	0.00820
43	0.08563	0.10419	0.01731	0.05683	0.01847	0.07442	0.01075	0.06875	0.39068	0.07577	0.01997	0.01931	0.01498	0.00774	0.00600	0.00201	0.00618	0.00605	0.00553	0.00943
44	0.01893	0.42011	0.07822	0.01237	0.01790	0.09976	0.01170	0.07553	0.01563	0.08588	0.01164	0.01259	0.00937	0.00602	0.00495	0.00151	0.00726	0.00414	0.00373	0.10277
45	0.07323	0.07021	0.10268	0.13181	0.12306	0.01360	0.01359	0.07553	0.01611	0.19876	0.02133	0.02197	0.09501	0.00786	0.00622	0.00199	0.00670	0.00643	0.00489	0.00900
46	0.07430	0.00976	0.06132	0.01008	0.01218	0.00850	0.00803	0.09299	0.01516	0.02153	0.09536	0.45445	0.08017	0.01575	0.00746	0.00237	0.00456	0.01383	0.00576	0.00646
47	0.06109	0.00965	0.01050	0.01040	0.01229	0.06061	0.00774	0.06943	0.01552	0.10433	0.08776	0.41451	0.03368	0.01526	0.00747	0.00237	0.00495	0.05964	0.00605	0.00676
48	0.07373	0.04699	0.15688	0.03168	0.07453	0.01542	0.16153	0.15529	0.03886	0.05246	0.01618	0.10362	0.01386	0.00815	0.00686	0.00210	0.02122	0.00728	0.00441	0.00896
49	0.01704	0.01637	0.06611	0.07194	0.10254	0.07888	0.25363	0.04439	0.01566	0.11449	0.01658	0.02369	0.01379	0.06776	0.00908	0.00245	0.00875	0.06415	0.00422	0.00848
50	0.01406	0.07336	0.01897	0.22979	0.02459	0.06710	0.05396	0.06664	0.01430	0.01870	0.06983	0.04885	0.02814	0.03564	0.07232	0.00299	0.14290	0.00685	0.00376	0.00723
51	0.08961	0.06081	0.07901	0.01649	0.11013	0.09929	0.01263	0.02566	0.04733	0.31679	0.01730	0.01721	0.01214	0.00734	0.00704	0.00198	0.05881	0.00553	0.00533	0.00957

[dist]
# distance from previous block
# <min> <max>
11	36

[block]
# block no. 4 follows, 34 sequences, length 10
# corresponding to MSA columns:
# 891-900
name=unknown_E
#
# <colnr> <probs for GDERKNQSTAVLIFYWHMCP>
#	G	D	E	R	K	N	Q	S	T	A	V	L	I	F	Y	W	H	M	C	P
0	0.02175	0.01542	0.11544	0.02006	0.17364	0.01210	0.09034	0.02554	0.01667	0.38031	0.04849	0.02018	0.01490	0.00720	0.00660	0.00201	0.00699	0.00645	0.00571	0.01019
1	0.01576	0.01387	0.01719	0.11598	0.09472	0.06891	0.01323	0.16554	0.01728	0.02285	0.03846	0.07118	0.01878	0.01093	0.00963	0.00236	0.13830	0.15244	0.00466	0.00792
2	0.01196	0.05814	0.18618	0.21692	0.02412	0.01156	0.01378	0.01586	0.01415	0.05616	0.08153	0.09486	0.16866	0.01026	0.00675	0.00211	0.00658	0.00868	0.00437	0.00738
3	0.06272	0.01199	0.01804	0.01724	0.12618	0.03270	0.11990	0.02093	0.03688	0.20468	0.22550	0.04927	0.02741	0.00901	0.00688	0.00204	0.00606	0.00821	0.00580	0.00857
4	0.00940	0.00626	0.00705	0.00705	0.00705	0.00626	0.00392	0.00940	0.00940	0.01253	0.02036	0.04228	0.02349	0.77292	0.03289	0.00626	0.00626	0.00940	0.00392	0.00392
5	0.24818	0.01639	0.12506	0.15832	0.11469	0.01476	0.08415	0.04116	0.05022	0.07019	0.01282	0.01523	0.00953	0.00635	0.00582	0.00205	0.00739	0.00527	0.00389	0.00854
6	0.13788	0.01680	0.11672	0.06141	0.15954	0.01462	0.23022	0.02006	0.01407	0.07708	0.01396	0.05459	0.01132	0.00691	0.00704	0.00212	0.03660	0.00657	0.00377	0.00870
7	0.07971	0.01336	0.01985	0.26468	0.25148	0.01452	0.01558	0.07268	0.05964	0.12412	0.01472	0.01729	0.01092	0.00666	0.00626	0.00203	0.00726	0.00578	0.00429	0.00915
8	0.07721	0.01424	0.02466	0.08898	0.34169	0.01445	0.17818	0.01939	0.04644	0.02117	0.01530	0.05862	0.01353	0.00740	0.00676	0.00212	0.00787	0.04941	0.00372	0.00885
9	0.07696	0.01109	0.03160	0.06178	0.18162	0.01060	0.01125	0.01824	0.05842	0.11418	0.07419	0.22457	0.02378	0.01075	0.00672	0.00211	0.00551	0.00951	0.00516	0.06194

[dist]
# distance from previous block
# <min> <max>
24	117

[block]
# block no. 5 follows, 34 sequences, length 17
# corresponding to MSA columns:
# 1021-1037
name=unknown_F
#
# <colnr> <probs for GDERKNQSTAVLIFYWHMCP>
#	G	D	E	R	K	N	Q	S	T	A	V	L	I	F	Y	W	H	M	C	P
0	0.04544	0.01201	0.01505	0.01260	0.03852	0.01129	0.03114	0.13383	0.05400	0.21211	0.03761	0.09487	0.01780	0.00876	0.00632	0.00184	0.00557	0.03967	0.00586	0.21570
1	0.01527	0.00973	0.01212	0.01078	0.01369	0.03147	0.02967	0.03972	0.05121	0.18482	0.09268	0.26073	0.06814	0.01282	0.00716	0.00214	0.00494	0.04703	0.00618	0.09968
2	0.06122	0.01387	0.01977	0.02412	0.32308	0.03610	0.03795	0.05390	0.03728	0.04609	0.01582	0.04603	0.01419	0.00779	0.00681	0.00194	0.03023	0.07644	0.00415	0.14323
3	0.01534	0.00959	0.01185	0.00990	0.01364	0.00814	0.00763	0.01851	0.05468	0.18639	0.05912	0.21329	0.04750	0.01054	0.00641	0.00179	0.00457	0.00910	0.00574	0.30626
4	0.01914	0.01188	0.01465	0.01373	0.07945	0.03464	0.00978	0.09839	0.06163	0.25074	0.07461	0.14167	0.02160	0.00965	0.00658	0.00193	0.00548	0.00823	0.00614	0.13010
5	0.00961	0.00676	0.00826	0.00786	0.00970	0.00603	0.00590	0.01211	0.01693	0.05836	0.45786	0.08600	0.26218	0.01425	0.00760	0.00210	0.00327	0.01235	0.00676	0.00610
6	0.05356	0.01266	0.01544	0.04211	0.17742	0.04925	0.01124	0.04945	0.18967	0.05027	0.18144	0.02935	0.09230	0.00942	0.00670	0.00204	0.00559	0.00805	0.00551	0.00852
7	0.00946	0.00667	0.00809	0.00784	0.00955	0.00596	0.00579	0.01171	0.01618	0.05509	0.38179	0.13198	0.26778	0.04257	0.00857	0.00230	0.00343	0.01273	0.00656	0.00595
8	0.01600	0.01529	0.02572	0.03850	0.70129	0.01538	0.01941	0.02046	0.04562	0.02137	0.01277	0.01635	0.01065	0.00589	0.00640	0.00193	0.00756	0.00582	0.00335	0.01023
9	0.05503	0.01328	0.02088	0.22800	0.33547	0.01439	0.01634	0.02039	0.04291	0.10665	0.01400	0.01765	0.01094	0.02528	0.00780	0.00216	0.05008	0.00588	0.00386	0.00900
10	0.01501	0.01427	0.02425	0.18910	0.56375	0.01487	0.01911	0.01891	0.01434	0.02008	0.01277	0.01820	0.01082	0.00632	0.00650	0.00200	0.00781	0.02921	0.00322	0.00945
11	0.01703	0.01266	0.01756	0.12635	0.18779	0.01331	0.01300	0.08098	0.16658	0.13129	0.05502	0.08131	0.01809	0.00851	0.00661	0.00205	0.00622	0.00744	0.00532	0.04288
12	0.03567	0.03668	0.04077	0.04385	0.20739	0.04317	0.01250	0.03936	0.19230	0.06490	0.07882	0.08208	0.01984	0.00863	0.00641	0.00200	0.00605	0.00746	0.04552	0.02657
13	0.04239	0.03810	0.06410	0.05710	0.09189	0.08341	0.01170	0.05251	0.07994	0.19072	0.09318	0.06780	0.04419	0.00897	0.00650	0.00200	0.00639	0.01956	0.00548	0.03405
14	0.04750	0.08312	0.04029	0.01371	0.05278	0.01341	0.03461	0.11872	0.07966	0.29900	0.06896	0.04789	0.01768	0.00814	0.00629	0.00193	0.00595	0.00671	0.00616	0.04749
15	0.06947	0.04623	0.06288	0.01512	0.09692	0.06472	0.01132	0.11777	0.08092	0.15873	0.03133	0.04813	0.04818	0.04652	0.00749	0.00212	0.00642	0.00659	0.00526	0.07387
16	0.04298	0.03736	0.04329	0.02235	0.29064	0.01414	0.01368	0.08672	0.12382	0.05996	0.04158	0.01994	0.04723	0.00714	0.00615	0.00184	0.00630	0.00615	0.00461	0.12411

[dist]
# distance from previous block
# <min> <max>
3	55

[block]
# block no. 6 follows, 34 sequences, length 15
# corresponding to MSA columns:
# 1102-1116
name=unknown_G
#
# <colnr> <probs for GDERKNQSTAVLIFYWHMCP>
#	G	D	E	R	K	N	Q	S	T	A	V	L	I	F	Y	W	H	M	C	P
0	0.12410	0.01431	0.04904	0.01543	0.12063	0.05370	0.01098	0.02318	0.14894	0.13135	0.04204	0.01993	0.04541	0.00729	0.00586	0.00181	0.00589	0.00588	0.00504	0.16921
1	0.07656	0.01458	0.01896	0.03866	0.16721	0.07806	0.06958	0.07560	0.01672	0.21846	0.01711	0.06391	0.01336	0.00742	0.00625	0.00189	0.00693	0.00640	0.00507	0.09727
2	0.12492	0.01285	0.01503	0.01362	0.08209	0.05232	0.02725	0.05284	0.01567	0.17767	0.05927	0.05320	0.01539	0.00724	0.00575	0.00167	0.00573	0.00592	0.00508	0.26648
3	0.06675	0.01104	0.01365	0.01284	0.07683	0.01050	0.00912	0.12399	0.01768	0.14184	0.16056	0.11252	0.04228	0.00970	0.00645	0.00187	0.00502	0.00823	0.00583	0.16331
4	0.14322	0.00975	0.01176	0.01031	0.01347	0.00944	0.03130	0.01904	0.08187	0.16555	0.10199	0.21808	0.05060	0.01137	0.00658	0.00209	0.00469	0.00976	0.00593	0.09320
5	0.13607	0.01619	0.01618	0.01316	0.01769	0.07418	0.01064	0.30340	0.15744	0.16265	0.01807	0.01734	0.01282	0.00766	0.00609	0.00199	0.00649	0.00577	0.00617	0.01000
6	0.11203	0.00672	0.00780	0.00879	0.00992	0.00658	0.00624	0.01056	0.01263	0.01838	0.03579	0.54517	0.12241	0.01780	0.00767	0.00251	0.00397	0.05375	0.00574	0.00554
7	0.00849	0.00610	0.00805	0.00858	0.00951	0.00566	0.00605	0.01054	0.01522	0.02103	0.36976	0.42163	0.05152	0.01685	0.00795	0.00234	0.00341	0.01515	0.00653	0.00566
8	0.28679	0.01091	0.01238	0.01027	0.01443	0.01072	0.00840	0.02479	0.01558	0.41162	0.04951	0.05677	0.01698	0.00853	0.00590	0.00207	0.00517	0.03371	0.00647	0.00900
9	0.07883	0.13271	0.09447	0.01429	0.01975	0.08456	0.05519	0.21101	0.01967	0.20504	0.01551	0.01558	0.01095	0.00695	0.00593	0.00187	0.00743	0.00532	0.00525	0.00969
10	0.00948	0.00676	0.01014	0.01014	0.01115	0.00777	0.00777	0.01115	0.01014	0.01453	0.01656	0.02468	0.01555	0.04526	0.65846	0.10903	0.01587	0.00676	0.00338	0.00540
11	0.14883	0.08822	0.01834	0.01328	0.01798	0.10779	0.01096	0.34710	0.05527	0.10954	0.01481	0.01489	0.01074	0.00721	0.00579	0.00188	0.00705	0.00517	0.00552	0.00965
12	0.02272	0.30769	0.02400	0.01268	0.01795	0.01989	0.01121	0.29934	0.02120	0.18086	0.01516	0.01493	0.01103	0.00695	0.00558	0.00174	0.00669	0.00506	0.00537	0.00996
13	0.02225	0.11204	0.02034	0.01391	0.01902	0.08678	0.01158	0.47666	0.02504	0.03284	0.01370	0.01426	0.01023	0.00701	0.00591	0.00172	0.00722	0.00513	0.00539	0.10895
14	0.02098	0.15871	0.06329	0.01328	0.01833	0.01904	0.01179	0.45560	0.02410	0.03272	0.01475	0.01550	0.01101	0.00722	0.00577	0.00179	0.00671	0.00534	0.10428	0.00979

[dist]
# distance from previous block
# <min> <max>
0	17

# created by:
# /home/berkeley/.conda/envs/busco_data_prod/bin/msa2prfl.pl pipeline/OGs_align_augustus/33634/128070.fs
