[name]
unknown

[dist]
# distance from previous block
# <min> <max>
0	87

[block]
# block no. 0 follows, 37 sequences, length 11
# corresponding to MSA columns:
# 113-123
name=unknown_A
#
# <colnr> <probs for GDERKNQSTAVLIFYWHMCP>
#	G	D	E	R	K	N	Q	S	T	A	V	L	I	F	Y	W	H	M	C	P
0	0.03895	0.03654	0.27805	0.01428	0.01961	0.01317	0.04225	0.06194	0.09518	0.13809	0.06212	0.02260	0.01599	0.00820	0.00722	0.00206	0.06065	0.06990	0.00459	0.00861
1	0.01388	0.01146	0.05498	0.12947	0.02031	0.01033	0.11005	0.07686	0.01522	0.12305	0.05774	0.13449	0.14095	0.00991	0.00664	0.00199	0.00597	0.00885	0.00491	0.06293
2	0.01686	0.01204	0.02156	0.27040	0.02885	0.01220	0.22101	0.02066	0.01483	0.23372	0.07137	0.01996	0.01435	0.00676	0.00654	0.00200	0.00752	0.00660	0.00457	0.00821
3	0.03962	0.11621	0.13019	0.06114	0.06080	0.04060	0.02334	0.06223	0.03631	0.15452	0.03653	0.05935	0.04534	0.00873	0.00638	0.00197	0.01989	0.08407	0.00464	0.00814
4	0.01764	0.30877	0.25004	0.01305	0.01924	0.01728	0.01397	0.06469	0.05644	0.16350	0.01369	0.01401	0.01005	0.00618	0.00522	0.00170	0.00697	0.00458	0.00401	0.00899
5	0.01708	0.12362	0.43992	0.01478	0.02206	0.01456	0.01715	0.06460	0.01491	0.19357	0.01402	0.01451	0.00968	0.00625	0.00567	0.00184	0.00767	0.00481	0.00399	0.00930
6	0.01257	0.00983	0.01056	0.01126	0.06141	0.09075	0.00795	0.01449	0.01434	0.10316	0.08421	0.14720	0.21046	0.06781	0.00881	0.00242	0.00519	0.12593	0.00537	0.00630
7	0.01305	0.12056	0.54204	0.01525	0.02263	0.01414	0.01851	0.01860	0.01298	0.05741	0.01392	0.09850	0.01181	0.00733	0.00582	0.00192	0.00792	0.00589	0.00320	0.00852
8	0.01636	0.01112	0.09362	0.01030	0.01390	0.00861	0.00924	0.05984	0.01683	0.26452	0.24161	0.03301	0.06335	0.00997	0.00655	0.00196	0.00480	0.06482	0.06172	0.00790
9	0.00918	0.00680	0.00820	0.00874	0.00990	0.00657	0.00617	0.08851	0.01401	0.01834	0.03652	0.57031	0.15921	0.01722	0.00752	0.00234	0.00383	0.01530	0.00573	0.00561
10	0.01515	0.01499	0.07987	0.03164	0.07668	0.03704	0.29842	0.05001	0.01460	0.09404	0.01737	0.06395	0.04653	0.02291	0.00785	0.00209	0.05215	0.00725	0.05949	0.00799

[dist]
# distance from previous block
# <min> <max>
0	4

[block]
# block no. 1 follows, 37 sequences, length 8
# corresponding to MSA columns:
# 128-135
name=unknown_B
#
# <colnr> <probs for GDERKNQSTAVLIFYWHMCP>
#	G	D	E	R	K	N	Q	S	T	A	V	L	I	F	Y	W	H	M	C	P
0	0.02170	0.01230	0.01450	0.01170	0.01569	0.01256	0.00943	0.29913	0.06048	0.30054	0.02172	0.12805	0.01716	0.00918	0.00632	0.00195	0.00547	0.00755	0.03515	0.00942
1	0.00906	0.00655	0.00756	0.00754	0.00949	0.00586	0.00592	0.01108	0.01432	0.05529	0.13594	0.05375	0.45443	0.01615	0.04505	0.00252	0.00421	0.11381	0.03587	0.00561
2	0.00867	0.00627	0.00870	0.00883	0.00955	0.00693	0.00637	0.01014	0.00975	0.01368	0.01878	0.09714	0.01953	0.25066	0.48787	0.00808	0.01230	0.00820	0.00362	0.00493
3	0.29400	0.07630	0.18636	0.01162	0.01679	0.01411	0.01155	0.02035	0.10059	0.06450	0.01227	0.01332	0.00931	0.00620	0.00553	0.00180	0.04039	0.00433	0.00386	0.10681
4	0.04064	0.43087	0.15119	0.01259	0.01790	0.08580	0.01263	0.05097	0.06360	0.03747	0.01083	0.01201	0.00887	0.00602	0.00531	0.00160	0.03619	0.00405	0.00323	0.00822
5	0.10817	0.23984	0.24359	0.01426	0.07001	0.01599	0.01377	0.01974	0.06277	0.07510	0.01378	0.07323	0.01168	0.00696	0.00527	0.00179	0.00670	0.00539	0.00364	0.00831
6	0.00968	0.01129	0.12665	0.00918	0.01144	0.04489	0.00793	0.01169	0.01226	0.01596	0.09465	0.10368	0.17897	0.29068	0.01563	0.00347	0.00559	0.03650	0.00445	0.00542
7	0.08738	0.03910	0.08437	0.10103	0.05947	0.01245	0.12761	0.06597	0.06433	0.05349	0.14714	0.07403	0.02082	0.00821	0.00626	0.00196	0.00632	0.00737	0.02500	0.00768

[dist]
# distance from previous block
# <min> <max>
10	39

[block]
# block no. 2 follows, 37 sequences, length 25
# corresponding to MSA columns:
# 180-204
name=unknown_C
#
# <colnr> <probs for GDERKNQSTAVLIFYWHMCP>
#	G	D	E	R	K	N	Q	S	T	A	V	L	I	F	Y	W	H	M	C	P
0	0.08159	0.04282	0.01352	0.05786	0.01480	0.03793	0.00883	0.08670	0.01405	0.12008	0.07928	0.06738	0.01808	0.14582	0.02518	0.00280	0.11735	0.00694	0.00458	0.05443
1	0.01927	0.01530	0.04952	0.01412	0.07053	0.09487	0.01082	0.21910	0.13508	0.14390	0.06052	0.02890	0.01574	0.00765	0.00597	0.00183	0.00615	0.00612	0.08561	0.00901
2	0.05978	0.00829	0.00963	0.00861	0.01120	0.00777	0.00662	0.07912	0.01596	0.12803	0.19754	0.16050	0.21085	0.01231	0.00671	0.00198	0.00395	0.01047	0.00601	0.05468
3	0.01591	0.01400	0.05146	0.09338	0.06229	0.05170	0.07976	0.06467	0.21671	0.10626	0.10340	0.03321	0.01855	0.00806	0.00718	0.00201	0.05106	0.00684	0.00505	0.00851
4	0.00784	0.00561	0.00708	0.00810	0.00888	0.00519	0.00565	0.00927	0.01256	0.01683	0.07911	0.55389	0.14327	0.01743	0.00752	0.00234	0.00350	0.04768	0.05312	0.00512
5	0.01255	0.08922	0.11230	0.04327	0.04559	0.05602	0.01050	0.05770	0.11809	0.01904	0.05227	0.21900	0.05670	0.07034	0.00831	0.00232	0.00587	0.00920	0.00459	0.00713
6	0.00962	0.00637	0.00783	0.00765	0.00916	0.00575	0.00554	0.01151	0.01461	0.07828	0.31074	0.18811	0.21504	0.09035	0.00961	0.00246	0.00356	0.01213	0.00605	0.00564
7	0.04783	0.01437	0.08045	0.04572	0.05641	0.01476	0.09568	0.10830	0.09892	0.02164	0.07250	0.04524	0.01533	0.01091	0.05666	0.00264	0.19411	0.00659	0.00411	0.00785
8	0.00781	0.00558	0.00711	0.00816	0.00883	0.00519	0.00562	0.00913	0.01232	0.01649	0.07664	0.57600	0.11448	0.04586	0.00846	0.00251	0.00361	0.04351	0.03764	0.00505
9	0.04603	0.01210	0.05078	0.00979	0.01509	0.00926	0.00830	0.05780	0.01406	0.06453	0.04704	0.01478	0.01168	0.00537	0.00489	0.00116	0.00486	0.00428	0.00411	0.61411
10	0.01588	0.09134	0.06044	0.04344	0.05261	0.05678	0.05896	0.09194	0.03189	0.11131	0.09585	0.03970	0.05126	0.01919	0.00715	0.00190	0.04567	0.03520	0.00466	0.08483
11	0.43018	0.15150	0.01512	0.01000	0.01399	0.01611	0.00849	0.06501	0.12963	0.06327	0.01237	0.01300	0.00953	0.00641	0.00505	0.00184	0.03220	0.00425	0.00428	0.00778
12	0.00874	0.00656	0.00984	0.00984	0.01093	0.00765	0.00765	0.01093	0.00984	0.01421	0.01640	0.02405	0.01530	0.04591	0.76062	0.00984	0.01640	0.00656	0.00328	0.00547
13	0.01269	0.01088	0.01269	0.00907	0.01451	0.00816	0.00725	0.01541	0.01269	0.01995	0.01088	0.01269	0.00907	0.00453	0.00453	0.00091	0.00453	0.00363	0.00363	0.82229
14	0.06675	0.08918	0.01572	0.01125	0.01506	0.01421	0.00924	0.31313	0.03983	0.12731	0.15522	0.06632	0.02175	0.01967	0.00643	0.00191	0.00541	0.00709	0.00590	0.00862
15	0.06379	0.09175	0.14502	0.06521	0.02012	0.04522	0.05697	0.06099	0.09514	0.10137	0.04090	0.01667	0.02035	0.00713	0.00728	0.00190	0.09162	0.00541	0.00415	0.05901
16	0.14638	0.15271	0.13694	0.04297	0.01726	0.01468	0.01131	0.11932	0.04979	0.08183	0.04464	0.05293	0.04315	0.00978	0.04909	0.00230	0.00671	0.00585	0.00435	0.00801
17	0.06079	0.01301	0.01382	0.01187	0.04372	0.09007	0.00900	0.09210	0.05795	0.24049	0.01968	0.06356	0.04751	0.00765	0.00572	0.00168	0.00563	0.00613	0.01834	0.19130
18	0.01190	0.01118	0.05779	0.04119	0.01508	0.00884	0.00844	0.05674	0.04357	0.02038	0.05718	0.13063	0.08190	0.00851	0.00570	0.00151	0.00475	0.00721	0.00442	0.42310
19	0.01220	0.01208	0.07327	0.01233	0.01611	0.01048	0.12148	0.08626	0.10288	0.02205	0.10532	0.03422	0.20677	0.01006	0.00663	0.00196	0.00549	0.05184	0.05334	0.05523
20	0.04616	0.00977	0.01146	0.00959	0.01292	0.00931	0.00741	0.04985	0.12963	0.23258	0.06687	0.05786	0.09135	0.11475	0.00950	0.00238	0.00479	0.00758	0.00578	0.12045
21	0.01494	0.01543	0.17050	0.06632	0.01843	0.01203	0.01185	0.17832	0.05935	0.08136	0.12116	0.03631	0.07316	0.05676	0.00779	0.00213	0.00606	0.00705	0.00500	0.05604
22	0.04457	0.00885	0.00975	0.04039	0.01192	0.04653	0.00701	0.08787	0.01576	0.02175	0.28111	0.14340	0.10373	0.06220	0.05296	0.00270	0.00512	0.01004	0.03827	0.00609
23	0.09522	0.01216	0.05993	0.04367	0.07828	0.01253	0.01094	0.16431	0.01461	0.02169	0.01470	0.06266	0.01313	0.02210	0.28646	0.00492	0.06514	0.00630	0.00394	0.00732
24	0.09725	0.03701	0.17417	0.16323	0.02206	0.03959	0.01312	0.01922	0.01343	0.16544	0.05913	0.01836	0.01323	0.05189	0.00802	0.00215	0.05191	0.00553	0.00413	0.04113

[dist]
# distance from previous block
# <min> <max>
16	33

[block]
# block no. 3 follows, 37 sequences, length 9
# corresponding to MSA columns:
# 243-251
name=unknown_D
#
# <colnr> <probs for GDERKNQSTAVLIFYWHMCP>
#	G	D	E	R	K	N	Q	S	T	A	V	L	I	F	Y	W	H	M	C	P
0	0.18402	0.14256	0.13788	0.03779	0.01922	0.01648	0.04942	0.21398	0.01703	0.07124	0.01199	0.01308	0.00889	0.00614	0.00522	0.00176	0.00670	0.00458	0.00421	0.04781
1	0.13433	0.01169	0.01384	0.04369	0.05693	0.04369	0.02237	0.08723	0.01642	0.28714	0.09704	0.02004	0.01680	0.00732	0.00569	0.00179	0.00542	0.00589	0.06004	0.06264
2	0.36398	0.24657	0.01601	0.00875	0.01252	0.01505	0.00754	0.01747	0.01171	0.08366	0.01467	0.01755	0.05882	0.09517	0.00739	0.00219	0.00535	0.00483	0.00388	0.00690
3	0.03564	0.13451	0.13799	0.01417	0.01936	0.01341	0.12691	0.02228	0.06281	0.23985	0.06065	0.02216	0.01597	0.00754	0.00612	0.00192	0.00672	0.05840	0.00492	0.00869
4	0.01157	0.01131	0.11476	0.01009	0.01318	0.00877	0.00928	0.07621	0.04245	0.02352	0.26771	0.03555	0.03146	0.01031	0.00642	0.00193	0.00469	0.12079	0.15258	0.04740
5	0.01139	0.00626	0.00730	0.00703	0.00867	0.00590	0.00527	0.01395	0.01444	0.08526	0.22457	0.10918	0.07299	0.01040	0.00579	0.00175	0.00315	0.00886	0.39182	0.00603
6	0.07397	0.00775	0.00935	0.00884	0.01095	0.00739	0.00663	0.05618	0.01504	0.15812	0.16710	0.31387	0.11362	0.01360	0.00692	0.00214	0.00396	0.01182	0.00612	0.00662
7	0.01246	0.00708	0.00916	0.00845	0.01025	0.00691	0.00633	0.01428	0.01280	0.16353	0.10742	0.03382	0.12461	0.17124	0.23309	0.00502	0.00795	0.00829	0.05118	0.00612
8	0.06152	0.20594	0.21755	0.01232	0.01768	0.01458	0.01264	0.07373	0.01468	0.17496	0.01655	0.12251	0.01412	0.00805	0.00562	0.00184	0.00643	0.00640	0.00443	0.00844

[dist]
# distance from previous block
# <min> <max>
0	3

[block]
# block no. 4 follows, 37 sequences, length 19
# corresponding to MSA columns:
# 255-273
name=unknown_E
#
# <colnr> <probs for GDERKNQSTAVLIFYWHMCP>
#	G	D	E	R	K	N	Q	S	T	A	V	L	I	F	Y	W	H	M	C	P
0	0.01064	0.00576	0.00817	0.00802	0.00855	0.00558	0.00552	0.00975	0.01067	0.04553	0.17014	0.07550	0.02341	0.05341	0.01886	0.52040	0.00470	0.00754	0.00399	0.00386
1	0.05294	0.06012	0.01111	0.00999	0.05710	0.05085	0.00716	0.01470	0.01435	0.11755	0.08768	0.09663	0.33069	0.01175	0.00642	0.00193	0.00441	0.00976	0.04827	0.00658
2	0.03635	0.10297	0.43968	0.01561	0.02252	0.01525	0.04390	0.04398	0.06104	0.09386	0.01290	0.01420	0.00936	0.00643	0.00659	0.00193	0.05615	0.00487	0.00350	0.00891
3	0.03806	0.05306	0.01412	0.04394	0.03391	0.05052	0.00923	0.11931	0.06007	0.12666	0.01650	0.02257	0.01415	0.10114	0.08333	0.10017	0.04900	0.04054	0.01660	0.00713
4	0.01248	0.05295	0.01135	0.01039	0.05695	0.05712	0.00732	0.01489	0.01548	0.09642	0.34896	0.09924	0.06361	0.04384	0.00754	0.00204	0.00434	0.00934	0.07921	0.00652
5	0.01363	0.01426	0.06671	0.43015	0.10239	0.05083	0.10406	0.06365	0.01409	0.01866	0.01183	0.01602	0.00898	0.00607	0.00610	0.00194	0.00815	0.00555	0.04934	0.00759
6	0.15827	0.11200	0.35442	0.01521	0.02193	0.01503	0.10251	0.02051	0.04251	0.08540	0.01217	0.01358	0.00886	0.00590	0.00546	0.00187	0.00764	0.00474	0.00345	0.00853
7	0.01534	0.05845	0.08223	0.10840	0.19094	0.07160	0.02423	0.01907	0.04162	0.10626	0.07379	0.06471	0.01601	0.00779	0.00692	0.00192	0.05499	0.00648	0.04116	0.00808
8	0.01018	0.10611	0.08021	0.05809	0.01430	0.01002	0.00945	0.01244	0.01162	0.01559	0.03939	0.16914	0.04914	0.07261	0.19235	0.03107	0.02443	0.08399	0.00398	0.00591
9	0.15953	0.08402	0.10230	0.01157	0.01580	0.01280	0.03925	0.07311	0.03164	0.17651	0.15119	0.02165	0.03878	0.00802	0.00650	0.00190	0.04603	0.00627	0.00508	0.00805
10	0.10866	0.12744	0.04869	0.01114	0.01465	0.10547	0.00931	0.07696	0.07718	0.12553	0.02006	0.19726	0.03369	0.00975	0.00589	0.00193	0.00590	0.00789	0.00492	0.00767
11	0.11465	0.19648	0.09433	0.01059	0.01482	0.01339	0.00981	0.05254	0.01395	0.16313	0.03359	0.07980	0.03465	0.05703	0.01893	0.00219	0.00593	0.04079	0.00458	0.03881
12	0.20461	0.10200	0.12240	0.07370	0.01838	0.03415	0.01124	0.06677	0.08229	0.10262	0.05763	0.01601	0.01269	0.00660	0.00524	0.00178	0.00608	0.00497	0.00434	0.06648
13	0.06544	0.09628	0.14880	0.02873	0.01625	0.01212	0.02819	0.07293	0.06028	0.07663	0.08116	0.09614	0.05813	0.05460	0.03026	0.00245	0.00625	0.05324	0.00466	0.00746
14	0.10724	0.14602	0.08646	0.01240	0.01680	0.04549	0.05873	0.11022	0.06957	0.07800	0.04910	0.01986	0.01427	0.04302	0.04404	0.00238	0.00696	0.04003	0.00437	0.04503
15	0.05050	0.06441	0.12099	0.01282	0.01711	0.05538	0.04078	0.11275	0.02595	0.17195	0.01793	0.08397	0.03878	0.04001	0.00818	0.00208	0.07195	0.00658	0.00473	0.05316
16	0.05537	0.08346	0.04707	0.05039	0.04793	0.01259	0.03768	0.12667	0.01667	0.29059	0.01807	0.07653	0.01390	0.00895	0.03195	0.00210	0.00633	0.00631	0.00538	0.06205
17	0.06549	0.07387	0.12728	0.03938	0.01904	0.06060	0.06383	0.12141	0.07347	0.11891	0.01746	0.06658	0.04042	0.00754	0.00584	0.00182	0.00664	0.00618	0.00460	0.07964
18	0.03090	0.11196	0.04230	0.01171	0.01544	0.04482	0.03284	0.17045	0.05832	0.14565	0.04947	0.14658	0.06498	0.01001	0.00630	0.00196	0.00576	0.03700	0.00544	0.00813

[dist]
# distance from previous block
# <min> <max>
7	106

[block]
# block no. 5 follows, 37 sequences, length 11
# corresponding to MSA columns:
# 387-397
name=unknown_F
#
# <colnr> <probs for GDERKNQSTAVLIFYWHMCP>
#	G	D	E	R	K	N	Q	S	T	A	V	L	I	F	Y	W	H	M	C	P
0	0.01692	0.06091	0.05935	0.12735	0.07042	0.04058	0.02689	0.03950	0.01471	0.23386	0.03288	0.16248	0.01750	0.00895	0.00621	0.00192	0.00609	0.00771	0.00498	0.06079
1	0.05581	0.01522	0.12859	0.13687	0.07575	0.01281	0.06880	0.11585	0.04403	0.04455	0.06738	0.03965	0.01394	0.00681	0.00590	0.00178	0.00665	0.00588	0.00410	0.14963
2	0.01316	0.01223	0.01320	0.03594	0.04305	0.13714	0.04034	0.01549	0.04254	0.04736	0.03354	0.10323	0.08818	0.16363	0.04353	0.00320	0.09020	0.06360	0.00425	0.00619
3	0.13645	0.01125	0.04613	0.12632	0.01891	0.01074	0.03332	0.07578	0.01500	0.26003	0.02023	0.18362	0.01748	0.00944	0.00618	0.00205	0.00568	0.00800	0.00539	0.00799
4	0.01290	0.00963	0.01348	0.15257	0.07610	0.00967	0.01005	0.03909	0.01373	0.08326	0.09978	0.08273	0.01971	0.04298	0.05869	0.00251	0.03091	0.03290	0.03310	0.17620
5	0.02809	0.04423	0.12973	0.07770	0.04635	0.03791	0.04536	0.08234	0.16080	0.02087	0.01840	0.15967	0.01685	0.01051	0.03435	0.00230	0.03149	0.00773	0.00439	0.04094
6	0.00833	0.00591	0.00696	0.00701	0.00824	0.00531	0.00495	0.00892	0.01243	0.01572	0.12637	0.10322	0.38435	0.07222	0.01288	0.19287	0.00383	0.01099	0.00496	0.00454
7	0.00997	0.00801	0.01128	0.01306	0.12742	0.00823	0.00813	0.01184	0.01315	0.01824	0.24843	0.08904	0.10740	0.13409	0.06685	0.03838	0.06639	0.00946	0.00474	0.00588
8	0.01470	0.06103	0.04764	0.07197	0.01831	0.01694	0.01250	0.07024	0.15302	0.04481	0.01495	0.01744	0.04080	0.00921	0.01274	0.00229	0.37388	0.00586	0.00391	0.00779
9	0.64038	0.01264	0.01068	0.00927	0.01316	0.01454	0.00758	0.10701	0.09153	0.02863	0.01107	0.01193	0.00841	0.00617	0.00434	0.00191	0.00499	0.00398	0.00434	0.00743
10	0.01472	0.14437	0.29577	0.01453	0.06192	0.01407	0.01448	0.02055	0.09560	0.09693	0.05910	0.01763	0.01369	0.03830	0.00663	0.00192	0.00679	0.00533	0.00394	0.07374

[dist]
# distance from previous block
# <min> <max>
0	1

[block]
# block no. 6 follows, 37 sequences, length 7
# corresponding to MSA columns:
# 399-405
name=unknown_G
#
# <colnr> <probs for GDERKNQSTAVLIFYWHMCP>
#	G	D	E	R	K	N	Q	S	T	A	V	L	I	F	Y	W	H	M	C	P
0	0.01463	0.01252	0.05179	0.01220	0.01719	0.01038	0.09333	0.02014	0.12858	0.10208	0.05137	0.01912	0.01447	0.00640	0.00562	0.00150	0.00552	0.02803	0.00458	0.40055
1	0.00855	0.00655	0.00746	0.00773	0.00890	0.00629	0.00532	0.01122	0.08182	0.01668	0.08977	0.27087	0.24925	0.18659	0.01263	0.00304	0.00402	0.01269	0.00537	0.00526
2	0.01200	0.00960	0.01152	0.06597	0.01454	0.01055	0.00847	0.01925	0.25430	0.05672	0.16429	0.07028	0.17182	0.01218	0.03000	0.00233	0.06410	0.00914	0.00563	0.00728
3	0.01645	0.44125	0.13604	0.01196	0.01774	0.01972	0.01209	0.13900	0.01534	0.02000	0.01025	0.01150	0.00843	0.00559	0.00467	0.00144	0.00669	0.00389	0.00334	0.11460
4	0.01341	0.01327	0.01863	0.47331	0.15663	0.08489	0.01554	0.01699	0.01308	0.01688	0.01085	0.01514	0.00851	0.00582	0.00585	0.00181	0.00781	0.00506	0.00293	0.11359
5	0.15308	0.01317	0.02052	0.21576	0.44499	0.01417	0.01626	0.01786	0.01291	0.02018	0.01084	0.01455	0.00879	0.00566	0.00569	0.00189	0.00706	0.00509	0.00308	0.00845
6	0.02327	0.01715	0.01837	0.01408	0.01898	0.01898	0.01163	0.72628	0.02878	0.03858	0.01470	0.01470	0.01041	0.00735	0.00612	0.00184	0.00674	0.00551	0.00612	0.01041

[dist]
# distance from previous block
# <min> <max>
0	4

[block]
# block no. 7 follows, 37 sequences, length 8
# corresponding to MSA columns:
# 410-417
name=unknown_H
#
# <colnr> <probs for GDERKNQSTAVLIFYWHMCP>
#	G	D	E	R	K	N	Q	S	T	A	V	L	I	F	Y	W	H	M	C	P
0	0.01350	0.01082	0.01191	0.01079	0.01354	0.01196	0.00832	0.08293	0.40822	0.02551	0.19998	0.08800	0.02912	0.01006	0.00649	0.00202	0.00433	0.00859	0.04570	0.00823
1	0.00890	0.00593	0.00668	0.00668	0.00668	0.00593	0.00371	0.00890	0.00890	0.01187	0.01929	0.04006	0.02225	0.78487	0.03116	0.00593	0.00593	0.00890	0.00371	0.00371
2	0.01160	0.01157	0.02206	0.01810	0.07316	0.01081	0.33954	0.01537	0.01514	0.02064	0.24384	0.05798	0.11407	0.00919	0.00716	0.00202	0.00670	0.00933	0.00462	0.00711
3	0.17446	0.01124	0.01360	0.01064	0.01521	0.01071	0.00878	0.08620	0.01716	0.55790	0.02048	0.01831	0.01319	0.00721	0.00572	0.00189	0.00525	0.00558	0.00676	0.00972
4	0.01463	0.01347	0.01639	0.01406	0.01512	0.06008	0.01134	0.12928	0.01295	0.01819	0.01126	0.01769	0.01078	0.11280	0.07217	0.00342	0.45023	0.00585	0.00344	0.00684
5	0.14794	0.00859	0.01012	0.00890	0.01190	0.00806	0.00696	0.01866	0.01469	0.30373	0.10188	0.16831	0.14332	0.01122	0.00636	0.00204	0.00424	0.00939	0.00622	0.00746
6	0.01653	0.00801	0.00985	0.00858	0.01134	0.00748	0.00682	0.02000	0.05861	0.28017	0.14627	0.03044	0.06779	0.00925	0.00594	0.00182	0.00396	0.04205	0.25748	0.00759
7	0.01594	0.01317	0.07773	0.10361	0.06375	0.03546	0.04677	0.05063	0.06733	0.16970	0.05429	0.09693	0.01725	0.00824	0.00620	0.00186	0.00612	0.02795	0.00488	0.13217

[dist]
# distance from previous block
# <min> <max>
0	1

[block]
# block no. 8 follows, 37 sequences, length 12
# corresponding to MSA columns:
# 419-430
name=unknown_I
#
# <colnr> <probs for GDERKNQSTAVLIFYWHMCP>
#	G	D	E	R	K	N	Q	S	T	A	V	L	I	F	Y	W	H	M	C	P
0	0.00970	0.00644	0.00798	0.00752	0.00926	0.00582	0.00566	0.01220	0.01614	0.06934	0.48460	0.07900	0.19004	0.01278	0.00701	0.00195	0.00311	0.01110	0.05445	0.00591
1	0.01563	0.12301	0.04714	0.06619	0.10047	0.05131	0.01261	0.07169	0.28170	0.02119	0.01557	0.01675	0.01230	0.00754	0.00803	0.00199	0.12834	0.00558	0.00428	0.00867
2	0.05765	0.05523	0.01600	0.05646	0.01736	0.01591	0.01011	0.46405	0.02273	0.03211	0.01496	0.01601	0.01107	0.00704	0.00551	0.00174	0.00590	0.00532	0.17594	0.00890
3	0.01247	0.04422	0.18045	0.06090	0.01761	0.01020	0.04568	0.01680	0.04767	0.09348	0.22994	0.07038	0.02826	0.05550	0.00808	0.00225	0.00586	0.05803	0.00495	0.00725
4	0.05596	0.19519	0.24808	0.06210	0.02257	0.01599	0.09651	0.06807	0.01468	0.14590	0.01298	0.01418	0.00938	0.00603	0.00555	0.00180	0.00755	0.00490	0.00382	0.00876
5	0.01480	0.37694	0.18029	0.01663	0.08695	0.01966	0.07890	0.01819	0.01242	0.01648	0.00959	0.01208	0.00816	0.00616	0.00716	0.00175	0.11861	0.00440	0.00270	0.00814
6	0.01197	0.00694	0.00920	0.00833	0.01029	0.00630	0.00635	0.01464	0.01699	0.15484	0.56625	0.09054	0.04892	0.01207	0.00707	0.00196	0.00335	0.01061	0.00682	0.00656
7	0.01437	0.07848	0.09840	0.23200	0.04635	0.05466	0.15384	0.05034	0.01442	0.06581	0.05296	0.08241	0.01431	0.00743	0.00630	0.00196	0.00775	0.00681	0.00374	0.00769
8	0.06810	0.01218	0.07461	0.01104	0.01479	0.01058	0.02648	0.09737	0.10173	0.11600	0.01535	0.04259	0.01236	0.01050	0.01012	0.20284	0.00560	0.00559	0.00448	0.15770
9	0.01442	0.00727	0.00936	0.00853	0.01031	0.00668	0.00608	0.01581	0.01344	0.24726	0.13124	0.18561	0.02900	0.26963	0.01498	0.00337	0.00477	0.01009	0.00578	0.00639
10	0.00823	0.00614	0.00824	0.06382	0.01137	0.00596	0.00652	0.01004	0.01333	0.01796	0.22130	0.41543	0.08825	0.05675	0.00876	0.00247	0.00389	0.04061	0.00564	0.00529
11	0.10895	0.01514	0.14243	0.19374	0.02424	0.01337	0.04630	0.03558	0.01366	0.21973	0.01403	0.01583	0.00992	0.00703	0.00778	0.00205	0.11240	0.00531	0.00423	0.00828

[dist]
# distance from previous block
# <min> <max>
0	1

[block]
# block no. 9 follows, 37 sequences, length 23
# corresponding to MSA columns:
# 432-454
name=unknown_J
#
# <colnr> <probs for GDERKNQSTAVLIFYWHMCP>
#	G	D	E	R	K	N	Q	S	T	A	V	L	I	F	Y	W	H	M	C	P
0	0.01126	0.04406	0.01103	0.00996	0.01120	0.03813	0.00747	0.04487	0.01279	0.05212	0.04037	0.39193	0.05717	0.04642	0.04774	0.00278	0.10376	0.01177	0.04922	0.00596
1	0.00931	0.00681	0.00837	0.00895	0.01001	0.00664	0.00629	0.09231	0.01405	0.01861	0.05227	0.60985	0.09858	0.01731	0.00755	0.00236	0.00387	0.01546	0.00576	0.00564
2	0.01117	0.05601	0.01190	0.01225	0.08024	0.06627	0.00803	0.04543	0.04746	0.01714	0.02562	0.45178	0.02894	0.08539	0.00924	0.00256	0.00512	0.02439	0.00492	0.00612
3	0.09735	0.17108	0.13127	0.03450	0.04945	0.06939	0.11409	0.14197	0.01604	0.05704	0.01287	0.05503	0.01057	0.00670	0.00562	0.00181	0.00747	0.00551	0.00387	0.00837
4	0.01696	0.48198	0.02643	0.14718	0.02114	0.14904	0.01193	0.05264	0.01403	0.01587	0.00939	0.01142	0.00804	0.00568	0.00470	0.00151	0.00762	0.00388	0.00290	0.00766
5	0.01627	0.01493	0.01908	0.28974	0.16573	0.08504	0.01473	0.18063	0.04630	0.02224	0.01220	0.01521	0.00941	0.00650	0.00655	0.00188	0.03887	0.00529	0.00378	0.04561
6	0.06364	0.01443	0.02269	0.13874	0.57450	0.04342	0.01753	0.01851	0.01362	0.01963	0.01117	0.01484	0.00922	0.00560	0.00591	0.00184	0.00739	0.00526	0.00304	0.00900
7	0.00849	0.00690	0.00819	0.00799	0.00940	0.00687	0.00604	0.01028	0.01373	0.01816	0.19175	0.15852	0.37343	0.01448	0.00868	0.00214	0.09296	0.01198	0.04453	0.00547
8	0.05626	0.01658	0.15153	0.14059	0.05982	0.01355	0.20477	0.06832	0.01528	0.19107	0.01457	0.01636	0.01017	0.00618	0.00626	0.00196	0.00791	0.00583	0.00422	0.00879
9	0.01295	0.01239	0.02126	0.48080	0.29841	0.01400	0.03911	0.01691	0.01293	0.01735	0.01116	0.01590	0.00875	0.00585	0.00613	0.00196	0.00790	0.00550	0.00284	0.00790
10	0.02721	0.01082	0.01446	0.01108	0.01583	0.00960	0.00916	0.07161	0.01820	0.70820	0.02358	0.02047	0.01487	0.00756	0.00615	0.00189	0.00530	0.00612	0.00749	0.01042
11	0.01557	0.01283	0.01356	0.01185	0.01534	0.01439	0.00931	0.16596	0.48278	0.02673	0.02807	0.04313	0.11486	0.00933	0.00638	0.00204	0.00496	0.00768	0.00612	0.00912
12	0.01339	0.01339	0.01875	0.01607	0.01607	0.01875	0.01339	0.01473	0.00937	0.01473	0.00804	0.01339	0.00804	0.01071	0.02009	0.00268	0.77367	0.00536	0.00268	0.00670
13	0.02176	0.02733	0.01751	0.01580	0.01859	0.67384	0.01201	0.02331	0.01642	0.01495	0.00930	0.01131	0.00790	0.00682	0.00722	0.00171	0.09996	0.00411	0.00310	0.00705
14	0.00952	0.00692	0.00938	0.01055	0.01203	0.00678	0.00910	0.01220	0.01422	0.01841	0.06831	0.06686	0.11462	0.01655	0.00826	0.00269	0.00523	0.59708	0.00569	0.00559
15	0.00967	0.00699	0.00960	0.08046	0.01289	0.00746	0.00746	0.05292	0.01180	0.01590	0.02265	0.29829	0.02484	0.12017	0.17661	0.07948	0.00755	0.04567	0.00438	0.00524
16	0.02594	0.01026	0.01368	0.01065	0.01513	0.00909	0.00875	0.02902	0.05014	0.67408	0.02393	0.02105	0.01535	0.00758	0.00605	0.00187	0.00505	0.00616	0.05612	0.01010
17	0.00886	0.00640	0.00924	0.00924	0.01011	0.00727	0.00691	0.01046	0.00960	0.01366	0.01658	0.02635	0.01619	0.16311	0.60866	0.04791	0.01419	0.00687	0.00332	0.00505
18	0.01234	0.01130	0.01836	0.71974	0.04061	0.01396	0.01664	0.06304	0.01334	0.01717	0.01113	0.01621	0.00831	0.00620	0.00612	0.00203	0.00806	0.00544	0.00295	0.00704
19	0.00797	0.00617	0.00693	0.00707	0.00844	0.00561	0.00508	0.00937	0.01281	0.01611	0.10110	0.09614	0.40944	0.18468	0.04702	0.00333	0.00451	0.05806	0.00522	0.00493
20	0.01179	0.00824	0.00977	0.00925	0.01127	0.00835	0.00689	0.01778	0.20424	0.08948	0.24709	0.19124	0.09150	0.05458	0.00829	0.00231	0.00394	0.01087	0.00622	0.00691
21	0.15710	0.16071	0.15017	0.07695	0.05420	0.02552	0.05913	0.06421	0.01362	0.03179	0.01353	0.06670	0.01184	0.00720	0.00540	0.00185	0.00669	0.03331	0.05241	0.00767
22	0.11311	0.18008	0.10190	0.02460	0.01794	0.01536	0.06561	0.06879	0.12540	0.11589	0.05419	0.01667	0.01337	0.00663	0.00541	0.00176	0.00619	0.00528	0.00450	0.05732

[dist]
# distance from previous block
# <min> <max>
4	25

[block]
# block no. 10 follows, 37 sequences, length 24
# corresponding to MSA columns:
# 480-503
name=unknown_K
#
# <colnr> <probs for GDERKNQSTAVLIFYWHMCP>
#	G	D	E	R	K	N	Q	S	T	A	V	L	I	F	Y	W	H	M	C	P
0	0.01798	0.67546	0.02948	0.01053	0.01570	0.02201	0.01026	0.02000	0.01318	0.12145	0.01078	0.01142	0.00892	0.00558	0.00425	0.00139	0.00635	0.00369	0.00334	0.00823
1	0.02115	0.02343	0.01632	0.01441	0.01780	0.48213	0.01104	0.14365	0.12341	0.02098	0.01321	0.01407	0.01034	0.00682	0.00565	0.00168	0.00893	0.00474	0.05228	0.00795
2	0.01621	0.63316	0.02851	0.01047	0.01572	0.02160	0.01007	0.05678	0.01337	0.01654	0.00919	0.01050	0.00817	0.00525	0.00414	0.00128	0.00626	0.00345	0.00296	0.12637
3	0.01510	0.43941	0.32274	0.01349	0.02025	0.01988	0.01545	0.05844	0.01355	0.01777	0.00986	0.01135	0.00796	0.00559	0.00481	0.00159	0.00757	0.00390	0.00280	0.00848
4	0.01645	0.64662	0.02886	0.01097	0.01586	0.05125	0.01041	0.02063	0.11774	0.01605	0.01093	0.01176	0.00943	0.00572	0.00432	0.00143	0.00647	0.00383	0.00316	0.00809
5	0.71174	0.01163	0.00975	0.00846	0.01239	0.01304	0.00697	0.01971	0.01145	0.13262	0.01079	0.01153	0.00787	0.00596	0.00413	0.00189	0.00480	0.00373	0.00434	0.00718
6	0.01271	0.02897	0.64570	0.01672	0.02496	0.01436	0.02074	0.02130	0.11796	0.02029	0.01301	0.01436	0.00934	0.00618	0.00588	0.00196	0.00844	0.00487	0.00311	0.00914
7	0.13199	0.26065	0.02074	0.01301	0.04267	0.05665	0.01073	0.09744	0.11877	0.02082	0.01188	0.01353	0.00985	0.00813	0.02908	0.00207	0.13561	0.00461	0.00377	0.00799
8	0.58703	0.01195	0.01048	0.00920	0.01302	0.01354	0.00747	0.02205	0.15366	0.10058	0.01333	0.01358	0.00986	0.00639	0.00451	0.00193	0.00480	0.00431	0.00465	0.00762
9	0.02706	0.01107	0.01461	0.01120	0.01595	0.00996	0.00925	0.09732	0.01861	0.68190	0.02323	0.02024	0.01469	0.00755	0.00615	0.00189	0.00536	0.00609	0.00744	0.01042
10	0.79226	0.01207	0.00941	0.00832	0.01216	0.01397	0.00685	0.04955	0.01124	0.02796	0.00880	0.01016	0.00680	0.00576	0.00389	0.00189	0.00482	0.00341	0.00389	0.00680
11	0.10373	0.01522	0.03931	0.10231	0.02022	0.04433	0.01138	0.37673	0.02154	0.14618	0.01691	0.01716	0.04303	0.00734	0.00591	0.00188	0.00653	0.00562	0.00547	0.00919
12	0.01436	0.01374	0.02342	0.19832	0.59210	0.01434	0.01839	0.01810	0.01357	0.01904	0.01137	0.01541	0.00936	0.00560	0.00607	0.00187	0.00747	0.00545	0.00296	0.00906
13	0.00805	0.00585	0.00773	0.00901	0.00980	0.00552	0.00666	0.00961	0.01254	0.01640	0.03605	0.53095	0.10503	0.01825	0.00792	0.00253	0.00404	0.19324	0.00567	0.00516
14	0.14196	0.01275	0.01467	0.01149	0.01603	0.01292	0.00945	0.25960	0.02010	0.39117	0.01896	0.03511	0.01293	0.00750	0.00584	0.00189	0.00561	0.00579	0.00650	0.00974
15	0.01333	0.01632	0.16420	0.01432	0.01687	0.05238	0.01331	0.02956	0.02299	0.04354	0.01495	0.02018	0.05720	0.05788	0.06575	0.00307	0.36072	0.02303	0.00335	0.00706
16	0.00763	0.00545	0.00728	0.00863	0.00908	0.00511	0.00590	0.00885	0.01205	0.01609	0.05992	0.71725	0.04086	0.01881	0.00782	0.00248	0.00363	0.05239	0.00572	0.00504
17	0.00746	0.00533	0.00710	0.00852	0.00888	0.00497	0.00568	0.00852	0.01172	0.01563	0.03374	0.78088	0.04049	0.01918	0.00781	0.00249	0.00355	0.01740	0.00568	0.00497
18	0.01451	0.10584	0.46433	0.08868	0.02592	0.05615	0.05650	0.04589	0.01395	0.05631	0.01152	0.01348	0.00837	0.00592	0.00574	0.00186	0.00860	0.00471	0.00305	0.00868
19	0.00989	0.00863	0.00893	0.00961	0.01073	0.09491	0.00709	0.01164	0.01384	0.01758	0.15436	0.41526	0.06597	0.01598	0.00752	0.00232	0.00466	0.13005	0.00556	0.00548
20	0.01107	0.00889	0.01186	0.16966	0.01842	0.00982	0.00998	0.04227	0.15069	0.01923	0.05350	0.21746	0.02715	0.04277	0.00813	0.00248	0.00545	0.17945	0.00514	0.00660
21	0.15294	0.06075	0.01898	0.13945	0.15878	0.09723	0.07828	0.01804	0.01328	0.04730	0.01521	0.01966	0.05674	0.00731	0.00664	0.00196	0.05247	0.04389	0.00357	0.00752
22	0.06971	0.04099	0.14214	0.01247	0.05574	0.01021	0.01097	0.02150	0.01584	0.32261	0.20653	0.02453	0.02384	0.00823	0.00614	0.00188	0.00540	0.00683	0.00582	0.00860
23	0.05812	0.14478	0.24816	0.01533	0.05862	0.08162	0.02741	0.06761	0.14754	0.07247	0.01411	0.01479	0.01056	0.00641	0.00554	0.00182	0.00734	0.00493	0.00398	0.00888

[dist]
# distance from previous block
# <min> <max>
1	10

[block]
# block no. 11 follows, 37 sequences, length 36
# corresponding to MSA columns:
# 514-549
name=unknown_L
#
# <colnr> <probs for GDERKNQSTAVLIFYWHMCP>
#	G	D	E	R	K	N	Q	S	T	A	V	L	I	F	Y	W	H	M	C	P
0	0.01049	0.00662	0.00864	0.00791	0.00966	0.00607	0.00601	0.01333	0.01717	0.09088	0.64924	0.04255	0.05221	0.01185	0.00701	0.00190	0.00310	0.01041	0.03877	0.00620
1	0.04596	0.00782	0.01009	0.00920	0.01174	0.00703	0.00699	0.01791	0.01466	0.32104	0.07742	0.31912	0.09950	0.01309	0.00688	0.00214	0.00419	0.01138	0.00646	0.00736
2	0.00858	0.00621	0.00812	0.00791	0.00927	0.00575	0.00594	0.01128	0.01660	0.02327	0.62996	0.11128	0.07194	0.01338	0.00733	0.00202	0.00309	0.04581	0.00657	0.00568
3	0.00823	0.00610	0.00767	0.00756	0.00895	0.00554	0.00556	0.01060	0.01587	0.02176	0.51398	0.16174	0.17568	0.01407	0.00731	0.00204	0.00303	0.01237	0.00639	0.00554
4	0.00866	0.00626	0.00818	0.00770	0.00914	0.00578	0.00578	0.01155	0.01733	0.02455	0.74346	0.04572	0.05776	0.01251	0.00722	0.00193	0.00289	0.01107	0.00674	0.00578
5	0.02141	0.01558	0.01685	0.01341	0.01791	0.01724	0.01092	0.48841	0.21813	0.08747	0.01814	0.01734	0.01299	0.00762	0.00615	0.00191	0.00611	0.00594	0.00626	0.01022
6	0.01156	0.01088	0.01836	0.77016	0.04216	0.01360	0.01700	0.01564	0.01224	0.01564	0.01088	0.01632	0.00816	0.00612	0.00612	0.00204	0.00816	0.00544	0.00272	0.00680
7	0.01068	0.00534	0.00784	0.00784	0.00792	0.00534	0.00525	0.00836	0.00827	0.01138	0.01120	0.01886	0.01094	0.02040	0.02272	0.77178	0.00517	0.00534	0.05252	0.00284
8	0.00892	0.00632	0.00895	0.00895	0.00970	0.00707	0.00654	0.01023	0.00948	0.01339	0.01666	0.02745	0.01661	0.21938	0.53347	0.06857	0.01310	0.00702	0.00334	0.00484
9	0.82811	0.01184	0.00900	0.00805	0.01184	0.01373	0.00663	0.01799	0.01042	0.02746	0.00852	0.00994	0.00663	0.00568	0.00379	0.00189	0.00474	0.00331	0.00379	0.00663
10	0.82811	0.01184	0.00900	0.00805	0.01184	0.01373	0.00663	0.01799	0.01042	0.02746	0.00852	0.00994	0.00663	0.00568	0.00379	0.00189	0.00474	0.00331	0.00379	0.00663
11	0.00807	0.00643	0.00756	0.00737	0.00897	0.00592	0.00553	0.01012	0.01497	0.01965	0.33450	0.10886	0.38145	0.01439	0.00777	0.00207	0.03269	0.01223	0.00600	0.00546
12	0.01316	0.01240	0.01992	0.02345	0.29937	0.01371	0.07398	0.04030	0.01279	0.01823	0.01585	0.18932	0.01627	0.01001	0.01027	0.00222	0.20908	0.00830	0.00366	0.00773
13	0.00746	0.00533	0.00710	0.00852	0.00888	0.00497	0.00568	0.00852	0.01172	0.01563	0.03374	0.78088	0.04049	0.01918	0.00781	0.00249	0.00355	0.01740	0.00568	0.00497
14	0.82811	0.01184	0.00900	0.00805	0.01184	0.01373	0.00663	0.01799	0.01042	0.02746	0.00852	0.00994	0.00663	0.00568	0.00379	0.00189	0.00474	0.00331	0.00379	0.00663
15	0.01404	0.01166	0.01299	0.00947	0.01477	0.04132	0.00756	0.01669	0.01319	0.06438	0.01163	0.01312	0.00939	0.00480	0.00468	0.00100	0.00486	0.00380	0.00385	0.73681
16	0.01729	0.41455	0.02664	0.01820	0.21450	0.01945	0.01263	0.10214	0.01524	0.06493	0.03417	0.01366	0.01068	0.00592	0.00501	0.00157	0.00657	0.00455	0.00358	0.00875
17	0.01156	0.01088	0.01836	0.77016	0.04216	0.01360	0.01700	0.01564	0.01224	0.01564	0.01088	0.01632	0.00816	0.00612	0.00612	0.00204	0.00816	0.00544	0.00272	0.00680
18	0.00890	0.00593	0.00668	0.00668	0.00668	0.00593	0.00371	0.00890	0.00890	0.01187	0.01929	0.04006	0.02225	0.78487	0.03116	0.00593	0.00593	0.00890	0.00371	0.00371
19	0.01711	0.01332	0.02129	0.12233	0.43246	0.01393	0.01602	0.04608	0.01453	0.15456	0.01358	0.01618	0.01039	0.00646	0.00731	0.00194	0.07380	0.00558	0.00391	0.00923
20	0.01272	0.01239	0.01735	0.01502	0.01520	0.01702	0.01243	0.01423	0.00999	0.01542	0.06265	0.01651	0.01219	0.01329	0.07061	0.00312	0.66441	0.00586	0.00302	0.00654
21	0.00737	0.00621	0.00639	0.00634	0.00835	0.00523	0.00476	0.00905	0.01427	0.01730	0.12698	0.05765	0.67876	0.01522	0.00723	0.00205	0.00308	0.01274	0.00578	0.00523
22	0.02344	0.01735	0.01598	0.01383	0.04375	0.23925	0.01054	0.17084	0.01948	0.30371	0.04327	0.04120	0.01408	0.00761	0.00604	0.00180	0.00724	0.00585	0.00568	0.00904
23	0.03471	0.02004	0.01870	0.04572	0.11760	0.30759	0.04380	0.13822	0.07111	0.09858	0.01340	0.01459	0.01016	0.00672	0.00635	0.00180	0.03300	0.00509	0.00429	0.00855
24	0.01534	0.00854	0.01012	0.00892	0.01150	0.00840	0.00693	0.07633	0.08756	0.18924	0.16981	0.09975	0.04924	0.00987	0.00607	0.00185	0.00398	0.00834	0.22073	0.00748
25	0.12987	0.01119	0.01344	0.01086	0.01519	0.01096	0.00884	0.02886	0.17135	0.49970	0.02226	0.01984	0.01480	0.00748	0.00586	0.00193	0.00507	0.00595	0.00679	0.00976
26	0.01204	0.01182	0.02132	0.64600	0.04046	0.01391	0.13500	0.01630	0.01261	0.01630	0.01113	0.01635	0.00835	0.00596	0.00630	0.00204	0.00852	0.00574	0.00278	0.00704
27	0.03091	0.14828	0.21692	0.11941	0.04922	0.08275	0.18262	0.01853	0.01342	0.01767	0.01205	0.05861	0.01016	0.00642	0.00593	0.00187	0.00852	0.00578	0.00300	0.00792
28	0.07203	0.00702	0.00839	0.00807	0.00992	0.00661	0.00603	0.01316	0.02985	0.09302	0.33591	0.20057	0.15968	0.01336	0.00697	0.00207	0.00347	0.01159	0.00618	0.00610
29	0.00756	0.00549	0.00716	0.00846	0.00901	0.00509	0.00580	0.00875	0.01203	0.01584	0.03614	0.68295	0.10157	0.01875	0.00779	0.00247	0.00361	0.05084	0.00568	0.00502
30	0.01172	0.02641	0.59875	0.01550	0.02297	0.01252	0.01924	0.01795	0.01346	0.02008	0.09390	0.01969	0.01499	0.00714	0.00602	0.00195	0.00790	0.03813	0.04332	0.00836
31	0.01701	0.21157	0.11243	0.01833	0.14733	0.01670	0.08735	0.05060	0.11088	0.12065	0.01432	0.01541	0.01088	0.00635	0.00614	0.00181	0.03391	0.00527	0.00405	0.00903
32	0.12797	0.02736	0.01344	0.01176	0.01382	0.10497	0.00962	0.03085	0.01295	0.09650	0.01560	0.02288	0.01381	0.01121	0.05022	0.00254	0.20669	0.10052	0.12044	0.00687
33	0.66431	0.04806	0.01081	0.00881	0.01220	0.01424	0.00724	0.01786	0.03628	0.02514	0.00960	0.01212	0.00798	0.04441	0.00636	0.00213	0.05818	0.00386	0.00374	0.00666
34	0.00973	0.00897	0.07139	0.00981	0.03526	0.00765	0.00718	0.03624	0.01170	0.01611	0.10235	0.18692	0.02722	0.37070	0.04442	0.00418	0.03045	0.01008	0.00438	0.00525
35	0.08159	0.00915	0.01149	0.09181	0.01534	0.03496	0.05145	0.01475	0.06364	0.06867	0.05907	0.25436	0.15783	0.03597	0.00753	0.00227	0.00503	0.02363	0.00510	0.00633

[dist]
# distance from previous block
# <min> <max>
0	58

# created by:
# /home/berkeley/.conda/envs/busco_data_prod/bin/msa2prfl.pl pipeline/OGs_align_augustus/33634/12818.fs
