[name]
unknown

[dist]
# distance from previous block
# <min> <max>
0	34

[block]
# block no. 0 follows, 43 sequences, length 15
# corresponding to MSA columns:
# 34-48
name=unknown_A
#
# <colnr> <probs for GDERKNQSTAVLIFYWHMCP>
#	G	D	E	R	K	N	Q	S	T	A	V	L	I	F	Y	W	H	M	C	P
0	0.04157	0.01078	0.01534	0.33089	0.06019	0.01255	0.01221	0.08533	0.05588	0.09736	0.01257	0.01654	0.00988	0.00722	0.01740	0.00195	0.12089	0.03338	0.00359	0.05449
1	0.00922	0.00741	0.02109	0.07121	0.06631	0.00709	0.00748	0.01261	0.06784	0.04190	0.34073	0.09792	0.16265	0.01108	0.00638	0.00186	0.00378	0.05241	0.00520	0.00582
2	0.00828	0.00632	0.00828	0.06917	0.01102	0.00590	0.00599	0.01016	0.01230	0.01723	0.28905	0.26377	0.03388	0.10113	0.00870	0.00218	0.00370	0.01013	0.00480	0.12802
3	0.01217	0.01725	0.29442	0.04812	0.05579	0.01171	0.10323	0.09126	0.04194	0.04437	0.05970	0.08033	0.07295	0.00761	0.00625	0.00183	0.03342	0.00657	0.00368	0.00742
4	0.01218	0.01207	0.02076	0.01483	0.02005	0.01028	0.33224	0.01561	0.01218	0.01791	0.01044	0.01300	0.00829	0.00435	0.00517	0.00128	0.00639	0.00471	0.00307	0.47520
5	0.01652	0.00821	0.01102	0.00940	0.01194	0.00790	0.00745	0.01807	0.01273	0.36295	0.01997	0.15660	0.01707	0.01010	0.00835	0.06767	0.09062	0.03815	0.05263	0.07264
6	0.00858	0.00719	0.00896	0.07044	0.01175	0.05796	0.00704	0.01020	0.01005	0.01332	0.01947	0.28440	0.02094	0.07170	0.36545	0.00540	0.00947	0.00913	0.00368	0.00490
7	0.01352	0.01232	0.05007	0.01833	0.24461	0.01058	0.09290	0.01750	0.06209	0.07786	0.01196	0.01374	0.00936	0.00491	0.00506	0.00137	0.00567	0.00455	0.00346	0.34016
8	0.01251	0.00968	0.07005	0.00840	0.01213	0.00720	0.00726	0.02669	0.01347	0.14931	0.17080	0.02440	0.10868	0.00750	0.00523	0.00140	0.00400	0.00625	0.05993	0.29511
9	0.00838	0.00573	0.00685	0.00671	0.00811	0.00513	0.00485	0.01000	0.01300	0.06715	0.27758	0.16310	0.28587	0.10173	0.00898	0.00227	0.00322	0.01097	0.00537	0.00499
10	0.01501	0.20752	0.10359	0.19772	0.02137	0.14021	0.01205	0.14007	0.01449	0.01815	0.01036	0.01245	0.00811	0.00560	0.00481	0.00153	0.00695	0.00417	0.06873	0.00712
11	0.10945	0.04278	0.03768	0.01030	0.01329	0.10441	0.00835	0.07060	0.26747	0.04865	0.13773	0.07004	0.03040	0.00818	0.00548	0.00176	0.00499	0.01636	0.00488	0.00721
12	0.01614	0.11050	0.10556	0.01582	0.12415	0.01447	0.06994	0.14747	0.20275	0.11447	0.01504	0.01530	0.01110	0.00610	0.00537	0.00169	0.00604	0.00515	0.00437	0.00859
13	0.13275	0.00953	0.01095	0.00848	0.01247	0.00837	0.00674	0.04242	0.01254	0.21327	0.01411	0.04623	0.01133	0.06319	0.00628	0.00159	0.00441	0.00473	0.00438	0.38624
14	0.06477	0.01016	0.01151	0.00836	0.01316	0.00816	0.00671	0.04840	0.01203	0.01926	0.00987	0.01141	0.00812	0.00429	0.00413	0.00092	0.00421	0.00334	0.00340	0.74782

[dist]
# distance from previous block
# <min> <max>
0	3

[block]
# block no. 1 follows, 43 sequences, length 56
# corresponding to MSA columns:
# 53-69,73-111
name=unknown_B
#
# <colnr> <probs for GDERKNQSTAVLIFYWHMCP>
#	G	D	E	R	K	N	Q	S	T	A	V	L	I	F	Y	W	H	M	C	P
0	0.01302	0.50324	0.23540	0.01117	0.01646	0.01775	0.01226	0.01612	0.01112	0.01427	0.00911	0.01108	0.00782	0.00891	0.08936	0.00219	0.00753	0.00360	0.00243	0.00717
1	0.00913	0.01077	0.13106	0.04806	0.08947	0.00801	0.07176	0.01176	0.01146	0.01589	0.04827	0.41550	0.03449	0.01161	0.00632	0.00195	0.00505	0.01061	0.00408	0.05477
2	0.04348	0.01854	0.33606	0.01464	0.08396	0.01189	0.01421	0.09235	0.06719	0.21125	0.04217	0.01547	0.01143	0.00615	0.00540	0.00173	0.00636	0.00496	0.00424	0.00853
3	0.07025	0.01106	0.01417	0.07020	0.01596	0.11030	0.15593	0.01421	0.05525	0.01548	0.01738	0.18679	0.01796	0.17488	0.01066	0.00264	0.00632	0.04126	0.00371	0.00561
4	0.01726	0.26430	0.05433	0.01228	0.01676	0.06593	0.06019	0.24571	0.12555	0.06642	0.01280	0.01314	0.00972	0.00593	0.00495	0.00155	0.00627	0.00455	0.00414	0.00822
5	0.01891	0.06356	0.08761	0.01253	0.05266	0.05023	0.04622	0.08438	0.07455	0.35759	0.04032	0.02907	0.04324	0.00690	0.00552	0.00170	0.00564	0.00570	0.00522	0.00845
6	0.07363	0.01395	0.07426	0.08761	0.31403	0.01365	0.01351	0.20640	0.06646	0.02266	0.01273	0.05364	0.01046	0.00627	0.00543	0.00173	0.00616	0.00539	0.00377	0.00826
7	0.00675	0.00482	0.00643	0.00771	0.00803	0.00450	0.00514	0.00771	0.01060	0.01414	0.03053	0.80175	0.03663	0.01735	0.00707	0.00225	0.00321	0.01574	0.00514	0.00450
8	0.04333	0.03798	0.11489	0.01769	0.05683	0.01226	0.36221	0.01747	0.07518	0.05133	0.03961	0.08168	0.01341	0.04232	0.00702	0.00200	0.00725	0.00681	0.00350	0.00724
9	0.02969	0.02782	0.07651	0.04860	0.07368	0.01220	0.08036	0.15221	0.10579	0.30998	0.01667	0.01629	0.01144	0.00631	0.00557	0.00173	0.00590	0.00537	0.00512	0.00878
10	0.00792	0.00548	0.00684	0.00693	0.00722	0.00573	0.00444	0.00852	0.00846	0.01155	0.01767	0.08657	0.01961	0.54377	0.23014	0.00610	0.00777	0.00803	0.00338	0.00386
11	0.00853	0.00628	0.00808	0.00873	0.01013	0.00615	0.00721	0.01146	0.05092	0.01747	0.14543	0.10685	0.14695	0.01398	0.00705	0.00223	0.00412	0.40313	0.03009	0.00520
12	0.03963	0.25648	0.08894	0.06950	0.03898	0.03444	0.01112	0.22206	0.01628	0.15384	0.01219	0.01271	0.00894	0.00578	0.00485	0.00154	0.00614	0.00430	0.00409	0.00818
13	0.01608	0.16333	0.16956	0.03953	0.14375	0.01348	0.04541	0.04568	0.06415	0.20209	0.03489	0.01499	0.01106	0.00585	0.00519	0.00163	0.00619	0.00486	0.00398	0.00829
14	0.01417	0.01731	0.09275	0.04851	0.02549	0.23746	0.01211	0.02409	0.01178	0.01477	0.06505	0.01410	0.01078	0.01832	0.01146	0.00201	0.36579	0.00483	0.00286	0.00635
15	0.00974	0.00654	0.00758	0.00696	0.00849	0.00620	0.00501	0.06282	0.01322	0.07372	0.22494	0.03931	0.24074	0.24394	0.02450	0.00294	0.00406	0.00917	0.00499	0.00513
16	0.01204	0.01003	0.01168	0.00839	0.01328	0.00773	0.00672	0.03950	0.01206	0.03129	0.01016	0.01167	0.00834	0.00424	0.00418	0.00086	0.00418	0.00338	0.00342	0.79686
17	0.00902	0.00703	0.00844	0.00864	0.01007	0.00725	0.00646	0.01432	0.20469	0.01854	0.19239	0.31933	0.06687	0.01312	0.00662	0.00206	0.00357	0.09026	0.00547	0.00583
18	0.01087	0.02509	0.65682	0.01456	0.02167	0.01177	0.01831	0.01670	0.01178	0.01768	0.01216	0.01664	0.00963	0.00620	0.00537	0.00179	0.00753	0.06610	0.06164	0.00771
19	0.01763	0.01381	0.01489	0.01237	0.03698	0.02891	0.00970	0.44741	0.20027	0.02909	0.04209	0.02782	0.01299	0.00691	0.00549	0.00165	0.00544	0.00547	0.00527	0.07580
20	0.02995	0.17916	0.22119	0.04135	0.10915	0.01519	0.05098	0.12547	0.09080	0.05659	0.01192	0.01308	0.00901	0.00559	0.00506	0.00162	0.00658	0.00451	0.00348	0.01935
21	0.01369	0.03986	0.26770	0.06062	0.08870	0.01099	0.06918	0.03863	0.01348	0.15355	0.09843	0.03909	0.01607	0.00718	0.00576	0.00180	0.00637	0.05727	0.00400	0.00766
22	0.24239	0.10851	0.19426	0.01286	0.01753	0.25061	0.06681	0.01851	0.01236	0.01783	0.00875	0.01036	0.00689	0.00526	0.00458	0.00159	0.00751	0.00369	0.00283	0.00687
23	0.00758	0.00665	0.00962	0.00882	0.01069	0.00594	0.10419	0.00934	0.01207	0.01515	0.04108	0.27787	0.40999	0.01385	0.00675	0.00202	0.00390	0.04464	0.00483	0.00501
24	0.01146	0.01088	0.01840	0.20764	0.09958	0.01152	0.19393	0.01722	0.14987	0.01822	0.11032	0.06119	0.01778	0.00739	0.00609	0.00188	0.00632	0.03946	0.00387	0.00698
25	0.01267	0.01019	0.01542	0.43038	0.09170	0.01183	0.01283	0.01779	0.12582	0.09844	0.06959	0.01788	0.01298	0.00655	0.00619	0.00184	0.04158	0.00557	0.00371	0.00705
26	0.01046	0.00984	0.01661	0.79205	0.03814	0.01230	0.01538	0.01415	0.01107	0.01415	0.00984	0.01477	0.00738	0.00554	0.00554	0.00185	0.00738	0.00492	0.00246	0.00615
27	0.01302	0.02134	0.44054	0.05959	0.02122	0.01317	0.01578	0.16496	0.09478	0.02117	0.01349	0.07214	0.01079	0.00670	0.00551	0.00179	0.00694	0.00542	0.00355	0.00810
28	0.00975	0.05527	0.01387	0.36038	0.02333	0.01020	0.04020	0.01335	0.06726	0.01510	0.02096	0.20342	0.08992	0.00965	0.00603	0.00194	0.00563	0.04415	0.00372	0.00588
29	0.00828	0.00615	0.00785	0.00829	0.05290	0.00557	0.00569	0.01042	0.01419	0.04452	0.42448	0.09942	0.26743	0.01208	0.00648	0.00181	0.00302	0.01051	0.00556	0.00535
30	0.00689	0.00499	0.00654	0.00763	0.00816	0.00464	0.00525	0.00806	0.01114	0.01478	0.07550	0.67146	0.08919	0.01667	0.00703	0.00221	0.00323	0.04687	0.00520	0.00458
31	0.14278	0.07474	0.07196	0.01243	0.05352	0.06103	0.06195	0.04021	0.13888	0.18838	0.04153	0.06176	0.01357	0.00686	0.00522	0.00172	0.00558	0.00562	0.00453	0.00772
32	0.08512	0.08914	0.34802	0.08582	0.08998	0.07157	0.04080	0.09377	0.01333	0.01904	0.00988	0.01183	0.00743	0.00536	0.00505	0.00167	0.00739	0.00419	0.00287	0.00775
33	0.00717	0.00516	0.00687	0.00803	0.00862	0.00487	0.00577	0.00850	0.01129	0.01496	0.06444	0.60874	0.06580	0.01659	0.00713	0.00226	0.00350	0.14050	0.00518	0.00464
34	0.14292	0.01242	0.05549	0.41384	0.12439	0.04116	0.06599	0.01626	0.04501	0.01715	0.01021	0.01367	0.00781	0.00542	0.00524	0.00178	0.00693	0.00470	0.00282	0.00679
35	0.01586	0.07254	0.01798	0.18066	0.02160	0.07964	0.10635	0.19185	0.05712	0.09679	0.09111	0.01708	0.01376	0.00648	0.00558	0.00170	0.00652	0.00555	0.00425	0.00756
36	0.00901	0.00701	0.03601	0.00803	0.00987	0.00600	0.00654	0.01158	0.04486	0.07040	0.13850	0.18748	0.27193	0.01342	0.00671	0.00204	0.00372	0.15615	0.00530	0.00544
37	0.00874	0.00586	0.00682	0.00676	0.00725	0.00600	0.00439	0.03418	0.01020	0.01451	0.08352	0.14428	0.02366	0.45623	0.01874	0.00381	0.03156	0.00872	0.12054	0.00423
38	0.01100	0.01075	0.01594	0.47056	0.06236	0.06863	0.06622	0.01451	0.03928	0.01487	0.01416	0.15992	0.01325	0.00771	0.00585	0.00188	0.00680	0.00699	0.00314	0.00618
39	0.01730	0.20035	0.10543	0.04931	0.06096	0.02768	0.13970	0.02962	0.01349	0.27137	0.01395	0.02453	0.01006	0.00575	0.00523	0.00162	0.00650	0.00499	0.00406	0.00810
40	0.00962	0.00481	0.00722	0.00722	0.00722	0.00481	0.00481	0.00722	0.00722	0.00962	0.00962	0.01684	0.00962	0.01924	0.02165	0.83886	0.00481	0.00481	0.00241	0.00241
41	0.00750	0.00565	0.00693	0.00661	0.00807	0.00508	0.00496	0.00979	0.01487	0.02030	0.58077	0.04451	0.24057	0.01203	0.00654	0.00178	0.00266	0.01046	0.00585	0.00508
42	0.01326	0.01071	0.01761	0.15244	0.38661	0.01086	0.03805	0.01611	0.01251	0.10876	0.03845	0.07681	0.04345	0.04215	0.00674	0.00192	0.00600	0.00643	0.00360	0.00754
43	0.04066	0.17762	0.11002	0.05178	0.06091	0.07308	0.15630	0.15663	0.01497	0.06397	0.01083	0.01254	0.00825	0.00557	0.00562	0.00164	0.03380	0.00463	0.00341	0.00780
44	0.00957	0.00754	0.00950	0.00985	0.06645	0.00756	0.00679	0.04326	0.13379	0.02142	0.45431	0.08970	0.09696	0.01069	0.00631	0.00180	0.00339	0.00938	0.00561	0.00613
45	0.05544	0.00632	0.00704	0.00646	0.00842	0.00611	0.00498	0.01568	0.01233	0.18071	0.01928	0.07799	0.01535	0.00729	0.00445	0.00147	0.00317	0.00593	0.55552	0.00606
46	0.00924	0.00927	0.08759	0.14552	0.01614	0.00840	0.00966	0.01163	0.01111	0.03993	0.03282	0.23903	0.10344	0.01497	0.09005	0.00282	0.07592	0.08288	0.00399	0.00560
47	0.05324	0.04892	0.11619	0.02003	0.25816	0.03046	0.09052	0.09614	0.04221	0.17034	0.01318	0.01432	0.00963	0.00562	0.00541	0.00168	0.00652	0.00497	0.00393	0.00851
48	0.01316	0.01193	0.02012	0.18162	0.55695	0.01235	0.01572	0.01636	0.01233	0.04739	0.01178	0.05408	0.01011	0.00576	0.00558	0.00172	0.00649	0.00551	0.00297	0.00806
49	0.64598	0.01353	0.05233	0.00906	0.01243	0.09703	0.00777	0.01677	0.01017	0.02235	0.00790	0.00949	0.00627	0.00555	0.00480	0.00174	0.06417	0.00326	0.00323	0.00617
50	0.00743	0.00535	0.00720	0.00773	0.00855	0.00513	0.00562	0.00922	0.01253	0.01725	0.30657	0.39155	0.04018	0.01701	0.07371	0.00265	0.00413	0.06803	0.00531	0.00486
51	0.01309	0.01017	0.01172	0.00906	0.01309	0.00911	0.00723	0.17147	0.01460	0.04593	0.01596	0.06072	0.06742	0.00888	0.06002	0.00176	0.00516	0.00524	0.00411	0.46527
52	0.01245	0.04285	0.44351	0.03401	0.02046	0.01125	0.05248	0.01725	0.01240	0.09172	0.06767	0.01474	0.01132	0.00565	0.00522	0.00159	0.00675	0.00466	0.00324	0.14076
53	0.01310	0.22485	0.46142	0.01420	0.04789	0.01499	0.01602	0.01864	0.06492	0.05888	0.01094	0.01208	0.00818	0.00536	0.00488	0.00161	0.00709	0.00407	0.00285	0.00804
54	0.00956	0.00599	0.00767	0.00763	0.00916	0.00543	0.00580	0.01146	0.01348	0.11220	0.26475	0.23711	0.17878	0.01328	0.00668	0.00199	0.00335	0.09459	0.00565	0.00545
55	0.01923	0.01042	0.06923	0.01005	0.01403	0.00835	0.03102	0.05403	0.01561	0.48686	0.13397	0.02419	0.08189	0.00793	0.00580	0.00174	0.00470	0.00664	0.00608	0.00825

[dist]
# distance from previous block
# <min> <max>
0	2

[block]
# block no. 2 follows, 43 sequences, length 41
# corresponding to MSA columns:
# 114-154
name=unknown_C
#
# <colnr> <probs for GDERKNQSTAVLIFYWHMCP>
#	G	D	E	R	K	N	Q	S	T	A	V	L	I	F	Y	W	H	M	C	P
0	0.09065	0.08365	0.10318	0.09457	0.05611	0.16183	0.01115	0.02103	0.01372	0.27962	0.02451	0.01423	0.01007	0.00595	0.00507	0.00163	0.00655	0.00453	0.00419	0.00776
1	0.04589	0.21961	0.22997	0.01152	0.01654	0.04310	0.01193	0.07298	0.03324	0.14448	0.07367	0.01693	0.01327	0.00649	0.00503	0.00162	0.00612	0.03600	0.00390	0.00770
2	0.02257	0.00882	0.01192	0.00944	0.01324	0.00768	0.00767	0.02463	0.01519	0.67202	0.02242	0.08712	0.01573	0.00775	0.00562	0.00174	0.00448	0.00644	0.04673	0.00879
3	0.77310	0.01060	0.00855	0.00751	0.01101	0.01205	0.00618	0.01721	0.00998	0.09015	0.00894	0.00985	0.00667	0.00529	0.00361	0.00171	0.00432	0.00322	0.00373	0.00630
4	0.84448	0.01071	0.00814	0.00728	0.01071	0.01242	0.00600	0.01628	0.00943	0.02485	0.00771	0.00900	0.00600	0.00514	0.00343	0.00171	0.00428	0.00300	0.00343	0.00600
5	0.01252	0.05672	0.09993	0.10520	0.13829	0.01233	0.23338	0.05286	0.02609	0.04636	0.01847	0.03552	0.12384	0.00677	0.00588	0.00177	0.00686	0.00650	0.00342	0.00729
6	0.00699	0.00540	0.00640	0.00679	0.00801	0.00481	0.00494	0.00854	0.01258	0.01622	0.18878	0.29653	0.34999	0.01464	0.00677	0.00200	0.00301	0.04752	0.00533	0.00475
7	0.00789	0.00596	0.00835	0.04662	0.01020	0.00661	0.00637	0.00923	0.00938	0.01297	0.01973	0.27344	0.02166	0.17007	0.32170	0.00547	0.04669	0.00936	0.00368	0.00462
8	0.01038	0.00851	0.00951	0.00875	0.01097	0.00907	0.00671	0.01880	0.35642	0.02167	0.33072	0.03350	0.13260	0.00994	0.00612	0.00182	0.00345	0.00852	0.00576	0.00677
9	0.02027	0.01447	0.01581	0.01239	0.01656	0.01585	0.01028	0.65586	0.02445	0.07098	0.01502	0.01754	0.01144	0.00736	0.00571	0.00174	0.00594	0.06369	0.00557	0.00907
10	0.84448	0.01071	0.00814	0.00728	0.01071	0.01242	0.00600	0.01628	0.00943	0.02485	0.00771	0.00900	0.00600	0.00514	0.00343	0.00171	0.00428	0.00300	0.00343	0.00600
11	0.02105	0.01551	0.01662	0.01274	0.01717	0.01717	0.01053	0.75235	0.02604	0.03490	0.01330	0.01330	0.00942	0.00665	0.00554	0.00166	0.00609	0.00499	0.00554	0.00942
12	0.00792	0.00591	0.00879	0.00879	0.00974	0.00686	0.00679	0.00982	0.00887	0.01278	0.01493	0.02231	0.01408	0.07058	0.75470	0.00877	0.01447	0.00601	0.00298	0.00488
13	0.01072	0.01011	0.01708	0.73100	0.09715	0.01237	0.01551	0.01438	0.01120	0.01447	0.00989	0.01468	0.00749	0.00549	0.00553	0.00183	0.00732	0.00492	0.00248	0.00636
14	0.00675	0.00482	0.00643	0.00771	0.00803	0.00450	0.00514	0.00771	0.01060	0.01414	0.03053	0.80175	0.03663	0.01735	0.00707	0.00225	0.00321	0.01574	0.00514	0.00450
15	0.62498	0.01179	0.01013	0.11432	0.01511	0.07427	0.00775	0.01699	0.01047	0.05921	0.00876	0.01034	0.00665	0.00532	0.00394	0.00171	0.00518	0.00343	0.00342	0.00622
16	0.00758	0.00565	0.00705	0.00670	0.00812	0.00512	0.00502	0.00996	0.01507	0.02077	0.62685	0.04373	0.19419	0.01186	0.00653	0.00177	0.00265	0.01035	0.00591	0.00512
17	0.01630	0.01779	0.01622	0.01418	0.01557	0.32862	0.01132	0.01765	0.01182	0.05470	0.00859	0.01161	0.00756	0.00792	0.01212	0.00198	0.43246	0.00436	0.00284	0.00639
18	0.05653	0.02622	0.66845	0.01493	0.02242	0.01292	0.01866	0.01851	0.07681	0.01843	0.01092	0.01233	0.00782	0.00545	0.00519	0.00176	0.00764	0.00422	0.00268	0.00812
19	0.01140	0.00984	0.01193	0.07647	0.01530	0.00781	0.00733	0.01396	0.01145	0.01771	0.00984	0.01177	0.00813	0.00423	0.00423	0.00091	0.00439	0.00342	0.00321	0.76667
20	0.80299	0.01150	0.00852	0.00763	0.01103	0.05125	0.00623	0.01657	0.00974	0.02428	0.00775	0.00905	0.00606	0.00517	0.00351	0.00170	0.00457	0.00303	0.00340	0.00602
21	0.02414	0.01056	0.01356	0.01039	0.01470	0.00982	0.00858	0.16222	0.01775	0.63674	0.02025	0.01782	0.01291	0.00682	0.00556	0.00170	0.00497	0.00546	0.00661	0.00942
22	0.01481	0.80869	0.02902	0.00948	0.01421	0.02191	0.00948	0.01658	0.01125	0.01303	0.00770	0.00888	0.00711	0.00474	0.00355	0.00118	0.00592	0.00296	0.00237	0.00711
23	0.00662	0.00561	0.00571	0.00568	0.00752	0.00471	0.00426	0.00808	0.01279	0.01535	0.09470	0.05265	0.72973	0.01388	0.00654	0.00186	0.00279	0.01160	0.00519	0.00471
24	0.01481	0.80869	0.02902	0.00948	0.01421	0.02191	0.00948	0.01658	0.01125	0.01303	0.00770	0.00888	0.00711	0.00474	0.00355	0.00118	0.00592	0.00296	0.00237	0.00711
25	0.01627	0.01122	0.01255	0.01086	0.01414	0.01225	0.00854	0.10663	0.46742	0.17728	0.02203	0.08239	0.01702	0.00808	0.00573	0.00185	0.00454	0.00674	0.00583	0.00863
26	0.00779	0.00653	0.00678	0.00661	0.00821	0.03059	0.00499	0.00945	0.01282	0.01640	0.16024	0.08336	0.49559	0.01268	0.00687	0.00184	0.04182	0.01051	0.07201	0.00492
27	0.04086	0.00541	0.00565	0.00575	0.00704	0.00539	0.00425	0.01254	0.01147	0.03743	0.01974	0.14346	0.01742	0.00813	0.00440	0.00147	0.00279	0.00676	0.65484	0.00519
28	0.00829	0.00620	0.00776	0.00728	0.00877	0.00594	0.00548	0.01198	0.08042	0.02194	0.66812	0.04015	0.08426	0.01112	0.00645	0.00176	0.00278	0.00977	0.00601	0.00551
29	0.04995	0.00898	0.01137	0.00935	0.01286	0.00836	0.00760	0.02311	0.10573	0.49041	0.08486	0.02574	0.08358	0.00828	0.00577	0.00179	0.00434	0.04340	0.00628	0.00825
30	0.01148	0.00984	0.01148	0.00820	0.01312	0.00738	0.00656	0.01395	0.01148	0.01805	0.00984	0.01148	0.00820	0.00410	0.00410	0.00082	0.00410	0.00328	0.00328	0.83922
31	0.01406	0.01224	0.01662	0.19961	0.13889	0.07487	0.06384	0.13774	0.01507	0.05607	0.07471	0.02274	0.01524	0.00755	0.00625	0.00185	0.02705	0.10451	0.00393	0.00715
32	0.01084	0.00894	0.01152	0.01011	0.01120	0.01043	0.02230	0.07570	0.01135	0.01615	0.07193	0.02724	0.06004	0.22562	0.01592	0.00294	0.26049	0.05723	0.04385	0.04620
33	0.00875	0.00535	0.00611	0.00607	0.00734	0.00508	0.00450	0.01109	0.01307	0.02006	0.28903	0.09930	0.10527	0.00989	0.00536	0.00159	0.00267	0.00846	0.38593	0.00508
34	0.01536	0.05195	0.05734	0.03066	0.01618	0.01490	0.01004	0.20281	0.48669	0.02499	0.01858	0.01767	0.01384	0.00700	0.00549	0.00178	0.00516	0.00564	0.00519	0.00875
35	0.01185	0.01072	0.01712	0.64530	0.09901	0.01289	0.01501	0.09161	0.01277	0.01666	0.01025	0.01452	0.00772	0.00560	0.00553	0.00181	0.00718	0.00493	0.00281	0.00672
36	0.01296	0.08093	0.48227	0.05241	0.02248	0.01295	0.08199	0.01862	0.04881	0.09538	0.01226	0.03363	0.00911	0.00577	0.00536	0.00174	0.00741	0.00483	0.00309	0.00800
37	0.01399	0.68095	0.11151	0.01009	0.01499	0.02002	0.01049	0.01624	0.01127	0.01359	0.00910	0.04914	0.00858	0.00543	0.00392	0.00130	0.00604	0.00373	0.00251	0.00710
38	0.00798	0.00538	0.00602	0.00602	0.00611	0.00533	0.00340	0.00805	0.00829	0.01095	0.01941	0.03711	0.05813	0.76519	0.02709	0.00519	0.00524	0.00824	0.00345	0.00342
39	0.00805	0.00537	0.00604	0.00604	0.00604	0.00537	0.00336	0.00805	0.00805	0.01074	0.01745	0.03624	0.02013	0.80536	0.02819	0.00537	0.00537	0.00805	0.00336	0.00336
40	0.18713	0.07649	0.05116	0.01096	0.01499	0.01500	0.00937	0.26176	0.24306	0.05399	0.01466	0.01442	0.01084	0.00639	0.00497	0.00171	0.00524	0.00478	0.00478	0.00828

[dist]
# distance from previous block
# <min> <max>
2	27

[block]
# block no. 3 follows, 43 sequences, length 48
# corresponding to MSA columns:
# 185-232
name=unknown_D
#
# <colnr> <probs for GDERKNQSTAVLIFYWHMCP>
#	G	D	E	R	K	N	Q	S	T	A	V	L	I	F	Y	W	H	M	C	P
0	0.01480	0.01158	0.01802	0.05747	0.41286	0.01207	0.01333	0.01871	0.07649	0.14435	0.07367	0.01726	0.01356	0.00648	0.00684	0.00177	0.08307	0.00555	0.00390	0.00822
1	0.01476	0.26489	0.28992	0.01462	0.06569	0.01511	0.08292	0.01902	0.03523	0.13084	0.01158	0.01261	0.00860	0.00533	0.00492	0.00158	0.00685	0.00431	0.00320	0.00803
2	0.01021	0.00839	0.01197	0.27188	0.02012	0.00901	0.04346	0.01432	0.10642	0.06165	0.02900	0.12538	0.24627	0.00990	0.00610	0.00190	0.00501	0.00863	0.00430	0.00608
3	0.00700	0.00506	0.00626	0.00708	0.00758	0.00471	0.00467	0.00788	0.01053	0.01381	0.05081	0.52956	0.13684	0.16815	0.01104	0.00278	0.00355	0.01355	0.00482	0.00432
4	0.00928	0.00842	0.01424	0.31108	0.05785	0.00908	0.09941	0.01190	0.01131	0.01484	0.02054	0.31995	0.05575	0.01052	0.00633	0.00201	0.00572	0.02234	0.00372	0.00571
5	0.01532	0.07217	0.04840	0.20507	0.19718	0.03119	0.13791	0.01862	0.01289	0.17698	0.01253	0.01471	0.00918	0.00553	0.00571	0.00172	0.01843	0.00512	0.00351	0.00782
6	0.01229	0.01272	0.01633	0.07627	0.01648	0.08283	0.03347	0.01384	0.00981	0.01368	0.01186	0.01572	0.07198	0.00923	0.01467	0.00223	0.57248	0.00537	0.00271	0.00602
7	0.01274	0.01021	0.01211	0.00929	0.03467	0.00819	0.00717	0.05636	0.02289	0.05750	0.02122	0.01256	0.00929	0.00455	0.00435	0.00096	0.00430	0.00367	0.00365	0.70433
8	0.08352	0.20662	0.11494	0.04845	0.32188	0.01459	0.01355	0.01597	0.01156	0.01678	0.01092	0.07324	0.00999	0.00608	0.00532	0.00163	0.02957	0.00503	0.00283	0.00755
9	0.00773	0.00566	0.00725	0.00685	0.00821	0.00518	0.00514	0.01024	0.01542	0.02159	0.70742	0.04238	0.11311	0.01155	0.00653	0.00175	0.00263	0.01016	0.00602	0.00518
10	0.01668	0.01414	0.08780	0.01409	0.09005	0.01367	0.01102	0.19536	0.34525	0.12475	0.01790	0.01716	0.01299	0.00676	0.00555	0.00177	0.00541	0.00553	0.00518	0.00895
11	0.01815	0.09973	0.01732	0.01518	0.08039	0.54918	0.02167	0.01986	0.01422	0.01389	0.00914	0.01127	0.00783	0.00851	0.06760	0.00205	0.03074	0.00389	0.00279	0.00658
12	0.00726	0.00511	0.00655	0.00720	0.00766	0.00484	0.00478	0.00837	0.01115	0.01514	0.18482	0.47834	0.03648	0.18227	0.01141	0.00280	0.00354	0.01290	0.00497	0.00441
13	0.01339	0.01228	0.01182	0.15189	0.01666	0.21229	0.00886	0.01584	0.01482	0.09210	0.34514	0.02636	0.02809	0.00841	0.00587	0.00169	0.00567	0.01806	0.00464	0.00612
14	0.01940	0.01119	0.01341	0.01008	0.01461	0.01031	0.00825	0.21673	0.01713	0.32556	0.01558	0.01492	0.01073	0.00589	0.00507	0.00140	0.00488	0.00465	0.00532	0.28490
15	0.00873	0.00600	0.00687	0.00644	0.00838	0.00518	0.00490	0.01058	0.01387	0.09161	0.27015	0.04628	0.47582	0.01250	0.00645	0.00182	0.00293	0.01058	0.00560	0.00531
16	0.01290	0.04632	0.51776	0.01437	0.02127	0.01233	0.05183	0.01909	0.07212	0.09209	0.01210	0.01317	0.00863	0.00546	0.00523	0.00167	0.00718	0.00443	0.00315	0.07889
17	0.38715	0.01427	0.04725	0.01023	0.01386	0.10173	0.00852	0.11461	0.21007	0.02406	0.01253	0.01286	0.00948	0.00603	0.00454	0.00172	0.00538	0.00423	0.00416	0.00731
18	0.02485	0.00943	0.01285	0.00985	0.01414	0.00814	0.00814	0.02699	0.01585	0.77465	0.02185	0.01885	0.01371	0.00685	0.00557	0.00171	0.00471	0.00557	0.00685	0.00943
19	0.08548	0.00877	0.01137	0.07235	0.03505	0.00903	0.00811	0.01770	0.04453	0.27199	0.16920	0.03560	0.11233	0.00875	0.00695	0.00183	0.08172	0.00699	0.00523	0.00702
20	0.00784	0.00566	0.00740	0.00697	0.00827	0.00523	0.00523	0.01045	0.01568	0.02221	0.76789	0.04137	0.05226	0.01132	0.00653	0.00174	0.00261	0.01002	0.00610	0.00523
21	0.01148	0.00984	0.01148	0.00820	0.01312	0.00738	0.00656	0.01395	0.01148	0.01805	0.00984	0.01148	0.00820	0.00410	0.00410	0.00082	0.00410	0.00328	0.00328	0.83922
22	0.00682	0.00562	0.00604	0.00623	0.00790	0.00483	0.00473	0.00835	0.01262	0.01537	0.08481	0.11151	0.61611	0.01427	0.00668	0.00195	0.00302	0.07325	0.00518	0.00472
23	0.00785	0.00602	0.00738	0.00812	0.00931	0.00581	0.00618	0.01058	0.07540	0.01574	0.03600	0.35736	0.21861	0.01515	0.00696	0.00220	0.00369	0.19741	0.00517	0.00506
24	0.01392	0.01582	0.17568	0.01238	0.01671	0.01391	0.01143	0.09773	0.52926	0.02312	0.01895	0.01803	0.01407	0.00695	0.00555	0.00183	0.00536	0.00567	0.00492	0.00871
25	0.00796	0.00539	0.00628	0.00627	0.00650	0.00530	0.00375	0.00843	0.00943	0.01279	0.14192	0.07380	0.02623	0.63653	0.02360	0.00462	0.00481	0.00875	0.00389	0.00372
26	0.01458	0.56130	0.08819	0.00973	0.01428	0.01766	0.00973	0.01690	0.01231	0.08921	0.10660	0.01426	0.01353	0.00583	0.00428	0.00136	0.00557	0.00422	0.00328	0.00719
27	0.00830	0.00529	0.00745	0.00773	0.00813	0.00554	0.00541	0.00839	0.00865	0.01183	0.01688	0.16639	0.01820	0.15061	0.25341	0.27354	0.00769	0.02947	0.00331	0.00380
28	0.01344	0.29338	0.40201	0.01322	0.01944	0.07754	0.02733	0.03925	0.01231	0.01629	0.00943	0.01097	0.00737	0.00519	0.00464	0.00152	0.00734	0.00376	0.02793	0.00761
29	0.39510	0.13831	0.31005	0.01092	0.01639	0.01403	0.01215	0.01682	0.01058	0.02022	0.00858	0.01003	0.00656	0.00513	0.00416	0.00165	0.00605	0.00342	0.00284	0.00702
30	0.00705	0.00563	0.00632	0.00614	0.00779	0.00489	0.00461	0.00893	0.01383	0.01782	0.33641	0.04860	0.48648	0.01296	0.00654	0.00182	0.00273	0.01103	0.00552	0.00489
31	0.01825	0.14094	0.14322	0.01382	0.01783	0.54492	0.01213	0.02055	0.01439	0.01414	0.00866	0.01011	0.00711	0.00549	0.00483	0.00145	0.00910	0.00357	0.00270	0.00681
32	0.00685	0.00553	0.00592	0.00597	0.00747	0.00479	0.00431	0.00822	0.01236	0.01529	0.12986	0.11022	0.55653	0.09153	0.00871	0.00223	0.00307	0.01147	0.00507	0.00459
33	0.01481	0.80869	0.02902	0.00948	0.01421	0.02191	0.00948	0.01658	0.01125	0.01303	0.00770	0.00888	0.00711	0.00474	0.00355	0.00118	0.00592	0.00296	0.00237	0.00711
34	0.00713	0.00509	0.00675	0.00769	0.00824	0.00478	0.00535	0.00846	0.01156	0.01562	0.16129	0.59097	0.03853	0.04334	0.00774	0.00229	0.00331	0.06201	0.00525	0.00463
35	0.08589	0.00847	0.01464	0.01247	0.01470	0.00815	0.23405	0.01158	0.01125	0.01623	0.02249	0.48720	0.02514	0.01233	0.00657	0.00208	0.00519	0.01174	0.00426	0.00555
36	0.00765	0.00538	0.00587	0.00599	0.00670	0.00506	0.00382	0.00838	0.00998	0.01314	0.03057	0.11077	0.25089	0.42590	0.01765	0.00368	0.00416	0.00965	0.07075	0.00401
37	0.05984	0.00912	0.01199	0.00934	0.01333	0.00808	0.00768	0.02532	0.01521	0.67746	0.02090	0.01857	0.01341	0.00674	0.00533	0.00168	0.00451	0.00542	0.07715	0.00891
38	0.00971	0.00867	0.01333	0.23011	0.07678	0.00917	0.08191	0.01293	0.03944	0.01660	0.08606	0.02933	0.24578	0.00876	0.00626	0.00180	0.02921	0.00763	0.08056	0.00595
39	0.00693	0.00508	0.00656	0.00754	0.00817	0.00463	0.00512	0.00803	0.01095	0.01458	0.05375	0.69198	0.09472	0.01645	0.00691	0.00215	0.00319	0.01482	0.00511	0.03334
40	0.01459	0.13396	0.04536	0.01081	0.01528	0.19755	0.02965	0.03897	0.03881	0.01686	0.00980	0.01121	0.00808	0.00484	0.00444	0.00115	0.00617	0.00358	0.00314	0.40574
41	0.01037	0.00894	0.01328	0.36938	0.02381	0.01023	0.03165	0.04896	0.10232	0.01751	0.12076	0.15512	0.02074	0.00897	0.00605	0.00192	0.00556	0.03415	0.00405	0.00621
42	0.01687	0.01767	0.04730	0.01166	0.01541	0.31194	0.00940	0.10752	0.08865	0.06437	0.01518	0.01558	0.06567	0.00632	0.00509	0.00143	0.00679	0.00469	0.00393	0.18451
43	0.01836	0.01331	0.01497	0.07436	0.01761	0.01476	0.01017	0.45386	0.16514	0.08459	0.01614	0.01723	0.01196	0.00705	0.00559	0.00174	0.00564	0.03174	0.02702	0.00876
44	0.00738	0.00564	0.00677	0.00649	0.00799	0.00503	0.00487	0.00957	0.01460	0.01965	0.51619	0.04559	0.30556	0.01228	0.00654	0.00179	0.00268	0.01061	0.00576	0.00503
45	0.01238	0.01057	0.01293	0.01105	0.08765	0.00864	0.00787	0.06647	0.01262	0.01924	0.01014	0.01183	0.00834	0.00436	0.00434	0.00096	0.00449	0.00356	0.00339	0.69916
46	0.01484	0.19097	0.19751	0.03581	0.03826	0.01307	0.07096	0.01871	0.03830	0.15694	0.01218	0.01307	0.00901	0.00525	0.00485	0.00146	0.00617	0.00428	0.00352	0.16486
47	0.09773	0.18467	0.04508	0.07439	0.01733	0.28083	0.01046	0.05725	0.12556	0.01725	0.01074	0.01193	0.00862	0.00586	0.00512	0.00156	0.03123	0.00403	0.00330	0.00706

[dist]
# distance from previous block
# <min> <max>
0	2

[block]
# block no. 4 follows, 43 sequences, length 34
# corresponding to MSA columns:
# 235-268
name=unknown_E
#
# <colnr> <probs for GDERKNQSTAVLIFYWHMCP>
#	G	D	E	R	K	N	Q	S	T	A	V	L	I	F	Y	W	H	M	C	P
0	0.00753	0.00680	0.05749	0.00778	0.00891	0.00546	0.00598	0.00896	0.01095	0.01453	0.08026	0.37871	0.13070	0.17661	0.01121	0.00279	0.00404	0.07199	0.00465	0.00463
1	0.01724	0.44805	0.02301	0.03441	0.01617	0.28531	0.01016	0.07945	0.01402	0.01506	0.00853	0.00981	0.00732	0.00526	0.00428	0.00133	0.00739	0.00340	0.00280	0.00703
2	0.00681	0.00557	0.00601	0.00601	0.00767	0.00477	0.00446	0.00841	0.01307	0.01629	0.19069	0.10055	0.58298	0.01373	0.00658	0.00187	0.00280	0.01164	0.00533	0.00477
3	0.01102	0.43116	0.01841	0.00865	0.01131	0.01374	0.00744	0.01242	0.01095	0.01355	0.01842	0.38125	0.02097	0.01066	0.00520	0.00168	0.00465	0.00896	0.00367	0.00588
4	0.01626	0.48072	0.10437	0.01165	0.01616	0.25935	0.01103	0.01842	0.01269	0.01367	0.00821	0.00953	0.00711	0.00510	0.00419	0.00132	0.00744	0.00327	0.00252	0.00701
5	0.01502	0.78008	0.02853	0.00965	0.01432	0.04976	0.00952	0.01679	0.01142	0.01305	0.00773	0.00892	0.00711	0.00477	0.00361	0.00119	0.00607	0.00298	0.00239	0.00708
6	0.01560	0.04144	0.01793	0.01406	0.01717	0.16278	0.19030	0.04553	0.01358	0.15320	0.01644	0.18584	0.01517	0.00855	0.00704	0.00185	0.07504	0.00746	0.00411	0.00691
7	0.00832	0.00743	0.00724	0.00693	0.00865	0.07240	0.00520	0.01023	0.01418	0.01790	0.35232	0.04451	0.40030	0.01216	0.00641	0.00178	0.00335	0.01028	0.00535	0.00506
8	0.00678	0.00484	0.00642	0.00766	0.00798	0.00452	0.00509	0.00772	0.01053	0.01404	0.03016	0.78036	0.03617	0.03936	0.00766	0.00234	0.00327	0.01553	0.00509	0.00447
9	0.01269	0.18957	0.01705	0.13929	0.07101	0.03968	0.02718	0.05957	0.05282	0.04692	0.22657	0.03244	0.02148	0.00748	0.00583	0.00165	0.03178	0.00617	0.00407	0.00676
10	0.77394	0.01169	0.00882	0.00783	0.01126	0.05277	0.00639	0.04125	0.01031	0.02460	0.00794	0.00919	0.00617	0.00522	0.00358	0.00170	0.00464	0.00310	0.00347	0.00613
11	0.00863	0.00611	0.00789	0.00747	0.00893	0.00580	0.00572	0.01187	0.05221	0.04075	0.66357	0.04118	0.04820	0.01129	0.00654	0.00180	0.00292	0.05761	0.00603	0.00550
12	0.01511	0.76791	0.02833	0.00973	0.01437	0.06160	0.00954	0.01687	0.01148	0.01306	0.00774	0.00894	0.00711	0.00479	0.00363	0.00120	0.00613	0.00299	0.00239	0.00707
13	0.04970	0.06478	0.08373	0.08767	0.01683	0.01134	0.00976	0.08144	0.13605	0.17266	0.09128	0.01772	0.01495	0.00649	0.00520	0.00159	0.00512	0.00526	0.00464	0.13380
14	0.09148	0.04904	0.01348	0.01119	0.07607	0.00931	0.00834	0.02178	0.01417	0.45249	0.06666	0.01753	0.01408	0.00635	0.00513	0.00156	0.00466	0.00514	0.00544	0.12610
15	0.01462	0.01231	0.01300	0.01144	0.01472	0.01417	0.00897	0.11290	0.67597	0.02452	0.02147	0.01981	0.01604	0.00741	0.00562	0.00185	0.00458	0.00611	0.00562	0.00884
16	0.01259	0.02231	0.50919	0.01462	0.02112	0.01213	0.06524	0.08091	0.01327	0.06921	0.04886	0.01482	0.01056	0.00876	0.06999	0.00234	0.00813	0.00487	0.00318	0.00791
17	0.01222	0.01143	0.01857	0.13151	0.50714	0.01180	0.01440	0.01607	0.06195	0.01736	0.01584	0.08229	0.06172	0.00682	0.00570	0.00175	0.00601	0.00636	0.00325	0.00779
18	0.01887	0.01415	0.01510	0.01201	0.01598	0.01577	0.00978	0.55333	0.18641	0.03155	0.01559	0.01531	0.01132	0.00683	0.00547	0.00169	0.00553	0.00528	0.05100	0.00904
19	0.00697	0.00498	0.00667	0.00790	0.00834	0.00468	0.00547	0.00813	0.01095	0.01461	0.05446	0.71286	0.03673	0.01698	0.00710	0.00226	0.00336	0.07779	0.00517	0.00457
20	0.02069	0.02640	0.01569	0.01427	0.01712	0.78313	0.01070	0.02212	0.01569	0.01355	0.00856	0.00999	0.00713	0.00571	0.00499	0.00143	0.00999	0.00357	0.00285	0.00642
21	0.77342	0.01060	0.00855	0.00751	0.01101	0.01205	0.00618	0.01721	0.00998	0.08986	0.00894	0.00985	0.00667	0.00529	0.00361	0.00171	0.00432	0.00322	0.00372	0.00630
22	0.01168	0.01002	0.01157	0.00847	0.01324	0.00794	0.00675	0.01529	0.07645	0.01849	0.01094	0.01228	0.00896	0.00440	0.00423	0.00091	0.00413	0.00354	0.00349	0.76721
23	0.01046	0.00984	0.01661	0.79205	0.03814	0.01230	0.01538	0.01415	0.01107	0.01415	0.00984	0.01477	0.00738	0.00554	0.00554	0.00185	0.00738	0.00492	0.00246	0.00615
24	0.00833	0.00618	0.00783	0.00732	0.00878	0.00593	0.00552	0.01203	0.07748	0.02229	0.70607	0.03965	0.04932	0.01101	0.00646	0.00175	0.00276	0.00970	0.00606	0.00552
25	0.01378	0.01190	0.01252	0.01127	0.01440	0.01378	0.00877	0.02943	0.76081	0.02317	0.02254	0.02066	0.01691	0.00751	0.00564	0.00188	0.00438	0.00626	0.00564	0.00877
26	0.01619	0.02745	0.37308	0.01498	0.02034	0.42138	0.01529	0.01997	0.01382	0.01543	0.00921	0.01079	0.00708	0.00550	0.00512	0.00158	0.00914	0.00381	0.00261	0.00725
27	0.00725	0.00520	0.00699	0.00824	0.00882	0.00494	0.00600	0.00859	0.01114	0.01472	0.03078	0.61525	0.05072	0.01681	0.00719	0.00231	0.00364	0.18166	0.00513	0.00464
28	0.00733	0.00574	0.00677	0.00725	0.00873	0.00518	0.00572	0.00910	0.01264	0.01584	0.09619	0.14166	0.42439	0.01458	0.00692	0.00210	0.00349	0.21637	0.00520	0.00481
29	0.01411	0.00832	0.01010	0.00869	0.01135	0.00821	0.00692	0.06532	0.07612	0.24562	0.06880	0.03184	0.28260	0.01300	0.07807	0.00248	0.04818	0.00797	0.00542	0.00689
30	0.01546	0.01397	0.01912	0.18004	0.41968	0.12524	0.01465	0.01842	0.01316	0.11043	0.01145	0.01401	0.00887	0.00541	0.00543	0.00166	0.00701	0.00481	0.00321	0.00798
31	0.00691	0.00492	0.00654	0.00778	0.00814	0.00463	0.00528	0.00792	0.01063	0.01415	0.03001	0.73651	0.03581	0.04472	0.00784	0.00237	0.00339	0.05290	0.00508	0.00449
32	0.01149	0.00824	0.00979	0.00896	0.01117	0.00858	0.00698	0.01867	0.27941	0.08741	0.39014	0.03349	0.03504	0.00985	0.00621	0.00184	0.00359	0.05638	0.00593	0.00684
33	0.04415	0.01242	0.05844	0.01057	0.01556	0.01029	0.05764	0.16125	0.01456	0.04694	0.01095	0.01224	0.00849	0.00484	0.00464	0.00117	0.00511	0.00395	0.00377	0.51303

[dist]
# distance from previous block
# <min> <max>
0	4

[block]
# block no. 5 follows, 43 sequences, length 61
# corresponding to MSA columns:
# 273-333
name=unknown_F
#
# <colnr> <probs for GDERKNQSTAVLIFYWHMCP>
#	G	D	E	R	K	N	Q	S	T	A	V	L	I	F	Y	W	H	M	C	P
0	0.01713	0.09243	0.01753	0.22189	0.07971	0.40468	0.01217	0.01937	0.01383	0.05755	0.00972	0.01195	0.00770	0.00558	0.00508	0.00155	0.00836	0.00409	0.00292	0.00676
1	0.01037	0.00806	0.01321	0.27919	0.02102	0.00927	0.05248	0.01311	0.01042	0.07163	0.01344	0.01874	0.01130	0.02440	0.41212	0.00552	0.01119	0.00559	0.00308	0.00585
2	0.04590	0.07654	0.26617	0.01649	0.07814	0.01306	0.16703	0.06967	0.01381	0.18091	0.01277	0.01386	0.00901	0.00551	0.00544	0.00171	0.00711	0.00492	0.00369	0.00827
3	0.04899	0.01360	0.01462	0.01164	0.01572	0.01483	0.00945	0.43630	0.21707	0.07341	0.01576	0.01526	0.01142	0.00664	0.00538	0.00166	0.00534	0.00515	0.00539	0.07236
4	0.00804	0.00541	0.00626	0.00626	0.00633	0.00549	0.00363	0.00819	0.00812	0.01090	0.01725	0.03514	0.01966	0.74715	0.08574	0.00564	0.00609	0.00789	0.00333	0.00348
5	0.00755	0.00619	0.00831	0.08159	0.06876	0.00594	0.00667	0.00910	0.01149	0.01472	0.03588	0.41140	0.28357	0.01417	0.00663	0.00204	0.00372	0.01252	0.00471	0.00504
6	0.03789	0.01077	0.01280	0.03554	0.06145	0.01130	0.00877	0.18071	0.19728	0.12520	0.11469	0.07947	0.01920	0.00796	0.00563	0.00172	0.00467	0.00668	0.01710	0.06117
7	0.00846	0.00580	0.00760	0.00707	0.00849	0.00533	0.00533	0.01105	0.01568	0.04956	0.74078	0.04055	0.05086	0.01116	0.00650	0.00174	0.00269	0.00985	0.00612	0.00538
8	0.00703	0.00509	0.00664	0.00739	0.00807	0.00471	0.00511	0.00847	0.01210	0.01638	0.23219	0.55158	0.08366	0.01552	0.00689	0.00209	0.00303	0.01395	0.00540	0.00471
9	0.01046	0.00984	0.01661	0.79205	0.03814	0.01230	0.01538	0.01415	0.01107	0.01415	0.00984	0.01477	0.00738	0.00554	0.00554	0.00185	0.00738	0.00492	0.00246	0.00615
10	0.00973	0.00577	0.00656	0.00629	0.00792	0.00526	0.00470	0.01172	0.01290	0.08824	0.17484	0.09106	0.24893	0.03693	0.00638	0.00179	0.00299	0.00894	0.26374	0.00532
11	0.00977	0.00599	0.00774	0.00709	0.00869	0.00551	0.00539	0.01233	0.01532	0.09739	0.62380	0.03720	0.04487	0.01042	0.00619	0.00170	0.00282	0.00912	0.08300	0.00564
12	0.01046	0.00984	0.01661	0.79205	0.03814	0.01230	0.01538	0.01415	0.01107	0.01415	0.00984	0.01477	0.00738	0.00554	0.00554	0.00185	0.00738	0.00492	0.00246	0.00615
13	0.01011	0.00905	0.01459	0.32943	0.20028	0.00998	0.01215	0.01304	0.01194	0.01612	0.11773	0.09371	0.06055	0.01050	0.06514	0.00236	0.00647	0.00708	0.00346	0.00632
14	0.00962	0.00481	0.00722	0.00722	0.00722	0.00481	0.00481	0.00722	0.00722	0.00962	0.00962	0.01684	0.00962	0.01924	0.02165	0.83886	0.00481	0.00481	0.00241	0.00241
15	0.04822	0.00895	0.01178	0.00921	0.01310	0.00791	0.00756	0.02496	0.01514	0.66059	0.02096	0.01877	0.01353	0.00675	0.00530	0.00166	0.00444	0.00544	0.10691	0.00881
16	0.01371	0.01316	0.02248	0.03399	0.77081	0.01316	0.01700	0.01700	0.01261	0.01809	0.01042	0.01371	0.00877	0.00493	0.00548	0.00164	0.00658	0.00493	0.00274	0.00877
17	0.01429	0.01260	0.01820	0.36540	0.16541	0.08461	0.06995	0.06513	0.01334	0.09387	0.01154	0.01468	0.00868	0.00674	0.03056	0.00197	0.00751	0.00502	0.00324	0.00727
18	0.01058	0.00997	0.01683	0.76410	0.06516	0.01234	0.01544	0.01426	0.01113	0.01430	0.00986	0.01473	0.00743	0.00551	0.00554	0.00184	0.00735	0.00492	0.00247	0.00625
19	0.84448	0.01071	0.00814	0.00728	0.01071	0.01242	0.00600	0.01628	0.00943	0.02485	0.00771	0.00900	0.00600	0.00514	0.00343	0.00171	0.00428	0.00300	0.00343	0.00600
20	0.00700	0.00515	0.00661	0.00757	0.00829	0.00475	0.00536	0.00830	0.01149	0.01510	0.09043	0.56353	0.14675	0.01620	0.00700	0.00218	0.00328	0.08114	0.00521	0.00464
21	0.00791	0.00593	0.00890	0.00890	0.00989	0.00692	0.00692	0.00989	0.00890	0.01286	0.01483	0.02176	0.01385	0.04154	0.78341	0.00890	0.01483	0.00593	0.00297	0.00494
22	0.05051	0.01499	0.01610	0.01238	0.01677	0.01649	0.01023	0.68471	0.02487	0.07687	0.01359	0.01346	0.00954	0.00661	0.00547	0.00167	0.00595	0.00495	0.00554	0.00930
23	0.02069	0.02640	0.01569	0.01427	0.01712	0.78313	0.01070	0.02212	0.01569	0.01355	0.00856	0.00999	0.00713	0.00571	0.00499	0.00143	0.00999	0.00357	0.00285	0.00642
24	0.01371	0.01316	0.02248	0.03399	0.77081	0.01316	0.01700	0.01700	0.01261	0.01809	0.01042	0.01371	0.00877	0.00493	0.00548	0.00164	0.00658	0.00493	0.00274	0.00877
25	0.00832	0.00602	0.00819	0.00937	0.01050	0.00588	0.00783	0.01048	0.01232	0.01598	0.03160	0.20493	0.08894	0.01560	0.00745	0.00244	0.00456	0.53953	0.00511	0.00495
26	0.84448	0.01071	0.00814	0.00728	0.01071	0.01242	0.00600	0.01628	0.00943	0.02485	0.00771	0.00900	0.00600	0.00514	0.00343	0.00171	0.00428	0.00300	0.00343	0.00600
27	0.00794	0.00584	0.00842	0.00842	0.00924	0.00666	0.00632	0.00958	0.00876	0.01250	0.01528	0.02420	0.01491	0.17045	0.65595	0.00830	0.01324	0.00629	0.00303	0.00468
28	0.00741	0.00482	0.00661	0.00760	0.00785	0.00457	0.00507	0.00760	0.00983	0.01310	0.02574	0.62197	0.03044	0.01778	0.01041	0.19387	0.00358	0.01324	0.00451	0.00402
29	0.84448	0.01071	0.00814	0.00728	0.01071	0.01242	0.00600	0.01628	0.00943	0.02485	0.00771	0.00900	0.00600	0.00514	0.00343	0.00171	0.00428	0.00300	0.00343	0.00600
30	0.84448	0.01071	0.00814	0.00728	0.01071	0.01242	0.00600	0.01628	0.00943	0.02485	0.00771	0.00900	0.00600	0.00514	0.00343	0.00171	0.00428	0.00300	0.00343	0.00600
31	0.00772	0.00566	0.00724	0.00684	0.00820	0.00518	0.00513	0.01022	0.01540	0.02155	0.70272	0.04246	0.11785	0.01157	0.00653	0.00175	0.00263	0.01017	0.00601	0.00518
32	0.02069	0.02640	0.01569	0.01427	0.01712	0.78313	0.01070	0.02212	0.01569	0.01355	0.00856	0.00999	0.00713	0.00571	0.00499	0.00143	0.00999	0.00357	0.00285	0.00642
33	0.00819	0.00517	0.00652	0.00664	0.00713	0.00496	0.00439	0.00773	0.00903	0.01165	0.02438	0.10300	0.18879	0.22152	0.04131	0.32968	0.00465	0.00827	0.00355	0.00344
34	0.01783	0.01623	0.01159	0.01039	0.01295	0.38473	0.00792	0.01977	0.01432	0.14445	0.01407	0.01515	0.01067	0.00616	0.00470	0.00143	0.00655	0.00445	0.29015	0.00649
35	0.00663	0.00564	0.00573	0.00578	0.00763	0.00474	0.00438	0.00808	0.01263	0.01502	0.05513	0.05364	0.74162	0.01407	0.00659	0.00190	0.00289	0.03810	0.00514	0.00469
36	0.03632	0.00575	0.00753	0.00816	0.00919	0.00538	0.00583	0.01090	0.01143	0.11992	0.02851	0.61955	0.03216	0.01537	0.00678	0.00218	0.00358	0.06086	0.00532	0.00527
37	0.01041	0.00623	0.00823	0.00740	0.00916	0.00567	0.00567	0.01295	0.01570	0.13585	0.65522	0.03797	0.04644	0.01065	0.00639	0.00174	0.00293	0.00934	0.00621	0.00586
38	0.01981	0.00797	0.01025	0.00827	0.01153	0.00712	0.00670	0.02210	0.01447	0.51532	0.03413	0.01984	0.01457	0.00680	0.00503	0.00158	0.00398	0.00552	0.27707	0.00796
39	0.00781	0.00538	0.00667	0.00710	0.00739	0.00540	0.00464	0.00846	0.00919	0.01231	0.02150	0.22298	0.02466	0.46926	0.09104	0.00467	0.00570	0.07798	0.00392	0.00394
40	0.00911	0.00638	0.00713	0.00672	0.00851	0.00595	0.00501	0.01209	0.08084	0.06610	0.21295	0.04125	0.35578	0.08501	0.00820	0.00211	0.00324	0.00958	0.06865	0.00540
41	0.01324	0.01255	0.00920	0.00869	0.01051	0.27274	0.00650	0.01533	0.01366	0.01804	0.13668	0.04993	0.04294	0.00762	0.00489	0.00146	0.00516	0.00599	0.35932	0.00557
