[name]
unknown

[dist]
# distance from previous block
# <min> <max>
8	1354

[block]
# block no. 0 follows, 45 sequences, length 12
# corresponding to MSA columns:
# 1692-1703
name=unknown_A
#
# <colnr> <probs for GDERKNQSTAVLIFYWHMCP>
#	G	D	E	R	K	N	Q	S	T	A	V	L	I	F	Y	W	H	M	C	P
0	0.06357	0.01113	0.01319	0.23099	0.01958	0.05763	0.01003	0.18738	0.03334	0.07475	0.01320	0.05662	0.01059	0.00681	0.00611	0.00170	0.07282	0.00526	0.11850	0.00677
1	0.01434	0.05214	0.01327	0.11341	0.01622	0.01202	0.00891	0.24532	0.15761	0.08036	0.08116	0.08212	0.08371	0.00819	0.00557	0.00172	0.00488	0.00678	0.00491	0.00737
2	0.00784	0.00572	0.00760	0.06589	0.01004	0.00602	0.00592	0.00905	0.00970	0.01321	0.02226	0.29037	0.04442	0.24353	0.08523	0.00359	0.03280	0.08721	0.04524	0.00435
3	0.53745	0.01175	0.05563	0.06700	0.01418	0.01225	0.00806	0.08282	0.07009	0.08127	0.01039	0.01126	0.00765	0.00545	0.00408	0.00168	0.00479	0.00371	0.00379	0.00670
4	0.01561	0.01093	0.03539	0.15292	0.07875	0.01111	0.02589	0.15955	0.10643	0.19792	0.06009	0.05740	0.01465	0.04123	0.00646	0.00187	0.00541	0.00603	0.00471	0.00764
5	0.07293	0.00849	0.01106	0.01008	0.06828	0.00765	0.00742	0.01994	0.01404	0.46968	0.06713	0.02561	0.17811	0.00812	0.00551	0.00169	0.00417	0.00669	0.00573	0.00766
6	0.00793	0.00594	0.00902	0.07707	0.01164	0.00653	0.02520	0.00938	0.00920	0.01269	0.01739	0.19940	0.01817	0.06845	0.39853	0.07804	0.00950	0.02802	0.00333	0.00457
7	0.06283	0.04585	0.04281	0.09865	0.03624	0.09324	0.25726	0.03760	0.01209	0.07253	0.01161	0.04683	0.00954	0.00791	0.02824	0.07929	0.02968	0.00544	0.01593	0.00643
8	0.01392	0.03311	0.01441	0.12399	0.15916	0.01044	0.01054	0.01598	0.01152	0.19322	0.01481	0.07549	0.01266	0.00897	0.02456	0.04726	0.13306	0.04198	0.04818	0.00675
9	0.06987	0.00650	0.00837	0.00841	0.00971	0.02317	0.04610	0.00980	0.01133	0.01583	0.11841	0.37184	0.11556	0.01557	0.06715	0.00253	0.00460	0.08574	0.00463	0.00486
10	0.08713	0.01109	0.01218	0.03074	0.01335	0.03468	0.00839	0.25174	0.05417	0.08679	0.01397	0.01612	0.01081	0.00697	0.00673	0.00168	0.12537	0.02608	0.19492	0.00709
11	0.01370	0.01209	0.03914	0.07033	0.05062	0.08327	0.19363	0.06945	0.03395	0.11766	0.08237	0.10846	0.01730	0.03558	0.00667	0.00191	0.00630	0.04667	0.00413	0.00677

[dist]
# distance from previous block
# <min> <max>
0	14

[block]
# block no. 1 follows, 45 sequences, length 18
# corresponding to MSA columns:
# 1718-1735
name=unknown_B
#
# <colnr> <probs for GDERKNQSTAVLIFYWHMCP>
#	G	D	E	R	K	N	Q	S	T	A	V	L	I	F	Y	W	H	M	C	P
0	0.00950	0.00756	0.00959	0.00902	0.01003	0.02792	0.00684	0.06374	0.03425	0.01391	0.01420	0.02234	0.01376	0.20156	0.44697	0.00636	0.08827	0.00599	0.00316	0.00502
1	0.01154	0.05649	0.10081	0.30180	0.12931	0.02813	0.08943	0.04813	0.01212	0.01627	0.01252	0.04278	0.01088	0.00647	0.00549	0.00176	0.00672	0.07498	0.03773	0.00667
2	0.11658	0.00673	0.00676	0.00633	0.00815	0.00703	0.00487	0.06831	0.03222	0.05124	0.01711	0.07912	0.01416	0.00697	0.00417	0.00143	0.00313	0.00557	0.55451	0.00561
3	0.04641	0.17537	0.04159	0.16584	0.07683	0.01373	0.08577	0.08525	0.01261	0.05377	0.02858	0.02645	0.00933	0.00562	0.00557	0.00153	0.05200	0.00458	0.00316	0.10600
4	0.01220	0.11958	0.34342	0.12002	0.02176	0.01259	0.08446	0.01703	0.04831	0.07871	0.04575	0.04973	0.01121	0.00604	0.00522	0.00168	0.00675	0.00514	0.00312	0.00731
5	0.03938	0.00975	0.01237	0.00963	0.01350	0.00912	0.00790	0.14403	0.01671	0.56804	0.07315	0.01880	0.01513	0.00687	0.00537	0.00164	0.00457	0.00555	0.02982	0.00866
6	0.00745	0.00605	0.00933	0.00912	0.01032	0.00562	0.09266	0.00907	0.01127	0.01495	0.08751	0.52874	0.11082	0.01447	0.00673	0.00208	0.00384	0.06036	0.00479	0.00480
7	0.02425	0.06122	0.18200	0.08052	0.16595	0.01209	0.16290	0.03501	0.03139	0.05811	0.02490	0.07046	0.01101	0.00676	0.02280	0.00183	0.00688	0.00565	0.00315	0.03312
8	0.03208	0.00707	0.02830	0.02809	0.01066	0.00654	0.00678	0.01306	0.03015	0.14533	0.08089	0.26209	0.10683	0.01186	0.00650	0.00195	0.02952	0.11666	0.06997	0.00569
9	0.00685	0.00494	0.00633	0.00713	0.00759	0.00475	0.00478	0.00776	0.00988	0.01310	0.02826	0.52802	0.10020	0.15206	0.08907	0.00330	0.00456	0.01268	0.00448	0.00423
10	0.06228	0.02817	0.13634	0.11890	0.04340	0.06468	0.14650	0.09592	0.01286	0.05624	0.01098	0.01472	0.00877	0.00706	0.02528	0.00197	0.12295	0.03280	0.00315	0.00701
11	0.01498	0.01433	0.13415	0.15813	0.07673	0.03490	0.10451	0.11527	0.09372	0.14751	0.04223	0.01572	0.01121	0.00595	0.00548	0.00171	0.00645	0.00524	0.00400	0.00779
12	0.00731	0.00494	0.00657	0.00746	0.00803	0.00458	0.00510	0.00848	0.01108	0.04238	0.12361	0.68223	0.03662	0.01571	0.00673	0.00210	0.00309	0.01420	0.00516	0.00462
13	0.01168	0.01015	0.01283	0.00920	0.01400	0.00806	0.06013	0.04875	0.01190	0.01824	0.00979	0.01145	0.00802	0.00413	0.00421	0.00091	0.00443	0.00348	0.00325	0.74541
14	0.01465	0.02413	0.01450	0.07249	0.02879	0.03381	0.08462	0.03803	0.09178	0.19555	0.04422	0.03479	0.01349	0.00737	0.02386	0.00173	0.03545	0.04305	0.00433	0.19335
15	0.01517	0.01278	0.02591	0.09509	0.05661	0.08340	0.04071	0.19539	0.03638	0.08531	0.04106	0.03878	0.01129	0.00654	0.00646	0.00160	0.08776	0.00509	0.02756	0.12710
16	0.01245	0.01287	0.02366	0.01796	0.02115	0.01401	0.40499	0.06799	0.01194	0.01673	0.01122	0.07503	0.00998	0.00719	0.00996	0.00200	0.26482	0.00639	0.00296	0.00671
17	0.00837	0.00691	0.01051	0.07659	0.04240	0.00719	0.07469	0.00978	0.00975	0.01310	0.02067	0.26840	0.06011	0.25064	0.07643	0.00349	0.04312	0.00947	0.00366	0.00471

[dist]
# distance from previous block
# <min> <max>
0	1

[block]
# block no. 2 follows, 45 sequences, length 7
# corresponding to MSA columns:
# 1746-1752
name=unknown_C
#
# <colnr> <probs for GDERKNQSTAVLIFYWHMCP>
#	G	D	E	R	K	N	Q	S	T	A	V	L	I	F	Y	W	H	M	C	P
0	0.01795	0.03571	0.13852	0.01251	0.01682	0.17361	0.07208	0.09317	0.04065	0.25593	0.03269	0.01501	0.01097	0.00681	0.02338	0.00176	0.00680	0.00485	0.03304	0.00776
1	0.01774	0.01371	0.01461	0.01181	0.01563	0.01540	0.00956	0.48353	0.30602	0.02953	0.01627	0.01559	0.01187	0.00676	0.00540	0.00169	0.00528	0.00530	0.00540	0.00889
2	0.45531	0.04390	0.01108	0.00857	0.01228	0.01172	0.00712	0.09606	0.04044	0.24790	0.01260	0.01237	0.00879	0.00569	0.00423	0.00164	0.00453	0.00395	0.00455	0.00728
3	0.00934	0.05911	0.00849	0.00730	0.00771	0.00592	0.00515	0.00784	0.00761	0.01009	0.01096	0.06899	0.01124	0.01932	0.08086	0.66379	0.00541	0.00534	0.00255	0.00297
4	0.01335	0.00672	0.00882	0.00758	0.00987	0.00601	0.00593	0.01567	0.01493	0.28403	0.44393	0.03219	0.07166	0.00939	0.00589	0.00166	0.00324	0.00808	0.04462	0.00644
5	0.01176	0.01213	0.02185	0.04192	0.02094	0.06292	0.41513	0.01487	0.01185	0.03800	0.01488	0.17963	0.01417	0.00990	0.05949	0.00234	0.05080	0.00779	0.00329	0.00635
6	0.05745	0.01274	0.01966	0.01703	0.07874	0.04944	0.19524	0.01456	0.01009	0.01499	0.00929	0.04682	0.00860	0.00773	0.01203	0.00207	0.42908	0.00541	0.00265	0.00637

[dist]
# distance from previous block
# <min> <max>
0	11

[block]
# block no. 3 follows, 45 sequences, length 58
# corresponding to MSA columns:
# 1764-1821
name=unknown_D
#
# <colnr> <probs for GDERKNQSTAVLIFYWHMCP>
#	G	D	E	R	K	N	Q	S	T	A	V	L	I	F	Y	W	H	M	C	P
0	0.01250	0.01286	0.02676	0.01964	0.02405	0.01237	0.58497	0.01617	0.01214	0.05029	0.01262	0.06490	0.01060	0.00651	0.00762	0.03702	0.05468	0.02445	0.00305	0.00680
1	0.00920	0.00820	0.05557	0.04560	0.01239	0.00694	0.06584	0.02006	0.04860	0.06394	0.17149	0.15474	0.27022	0.01124	0.00622	0.00185	0.00405	0.03343	0.00482	0.00562
2	0.77585	0.01027	0.00830	0.00728	0.01068	0.01167	0.00600	0.01670	0.00969	0.09148	0.00869	0.00957	0.00648	0.00513	0.00351	0.00166	0.00419	0.00313	0.00362	0.00611
3	0.01011	0.00935	0.01560	0.58443	0.13856	0.01104	0.01381	0.01328	0.01088	0.01426	0.01228	0.11956	0.01111	0.00680	0.00556	0.00181	0.00651	0.00617	0.00277	0.00611
4	0.02135	0.00868	0.01148	0.00903	0.01273	0.00768	0.00738	0.03425	0.03295	0.63573	0.05828	0.02075	0.04611	0.00712	0.00538	0.00164	0.00427	0.00583	0.06091	0.00847
5	0.00950	0.00813	0.01142	0.01046	0.01097	0.01050	0.00835	0.01101	0.00857	0.01297	0.01174	0.01816	0.01125	0.07928	0.37078	0.00535	0.33644	0.00542	0.05456	0.00514
6	0.00811	0.00553	0.00647	0.00642	0.00666	0.00566	0.00390	0.03079	0.00854	0.01149	0.01716	0.07122	0.01937	0.66849	0.10394	0.00530	0.00606	0.00787	0.00336	0.00364
7	0.01051	0.02597	0.72042	0.01476	0.02212	0.01200	0.01876	0.01640	0.01111	0.01663	0.01002	0.01213	0.00734	0.00796	0.06903	0.00226	0.00846	0.00411	0.00232	0.00768
8	0.01092	0.00788	0.01083	0.03177	0.03674	0.00800	0.04025	0.09197	0.05363	0.06493	0.02509	0.21257	0.04504	0.01244	0.00665	0.00214	0.00480	0.32351	0.00490	0.00593
9	0.10993	0.01173	0.01251	0.01009	0.01389	0.10559	0.00822	0.09202	0.01549	0.50864	0.01764	0.01728	0.01198	0.00662	0.00518	0.00165	0.00529	0.03235	0.00563	0.00827
10	0.01521	0.44889	0.07953	0.01216	0.01644	0.15960	0.08627	0.01746	0.01192	0.04561	0.00866	0.01020	0.00729	0.00518	0.00507	0.00139	0.05597	0.00363	0.00261	0.00691
11	0.00768	0.00571	0.00840	0.00840	0.00928	0.00659	0.00643	0.00944	0.00856	0.01229	0.01459	0.02224	0.01392	0.10326	0.72776	0.00835	0.01363	0.00592	0.00291	0.00467
12	0.03621	0.05514	0.07675	0.03280	0.08397	0.10201	0.04559	0.04729	0.05431	0.10753	0.09556	0.03530	0.04266	0.00644	0.00510	0.00148	0.00555	0.00535	0.00394	0.15701
13	0.05356	0.01356	0.03714	0.13757	0.14865	0.12223	0.10129	0.09148	0.01374	0.10286	0.01291	0.08289	0.01080	0.00636	0.00537	0.00165	0.00659	0.00560	0.00360	0.04214
14	0.02349	0.00924	0.01237	0.00952	0.01359	0.00815	0.00785	0.05555	0.01564	0.72720	0.02072	0.01811	0.01313	0.00662	0.00535	0.00165	0.00456	0.00536	0.03289	0.00900
15	0.03354	0.01161	0.06225	0.06836	0.11512	0.02468	0.15879	0.01756	0.01290	0.21769	0.09165	0.02950	0.04604	0.00767	0.02706	0.00193	0.05619	0.00606	0.00413	0.00728
16	0.01204	0.09278	0.13193	0.24959	0.06368	0.03595	0.04519	0.03480	0.01190	0.07844	0.03006	0.10818	0.01283	0.00866	0.04295	0.00206	0.00673	0.02232	0.00329	0.00662
17	0.01479	0.00856	0.01044	0.00871	0.01121	0.00867	0.00696	0.14629	0.01559	0.22764	0.21295	0.02589	0.08735	0.02910	0.00701	0.00177	0.06393	0.00687	0.09944	0.00684
18	0.00725	0.00505	0.00637	0.00690	0.00716	0.00504	0.00443	0.00789	0.00897	0.01208	0.02201	0.36376	0.02557	0.37314	0.11597	0.00435	0.00548	0.01073	0.00394	0.00392
19	0.02704	0.02959	0.31943	0.14064	0.07650	0.02869	0.08184	0.01665	0.01161	0.08044	0.01117	0.01348	0.00825	0.00555	0.00585	0.00170	0.05338	0.00457	0.07639	0.00723
20	0.12179	0.04122	0.04501	0.04459	0.02790	0.05098	0.04374	0.08412	0.09724	0.18283	0.01681	0.13523	0.01427	0.00912	0.03985	0.00203	0.00556	0.00636	0.02426	0.00710
21	0.03760	0.00630	0.00808	0.00887	0.01019	0.00626	0.00734	0.04063	0.01243	0.01657	0.04658	0.19478	0.11436	0.01429	0.00694	0.00226	0.00431	0.45228	0.00494	0.00499
22	0.01051	0.01061	0.03353	0.24986	0.02294	0.01201	0.16932	0.01333	0.01052	0.01452	0.03497	0.06763	0.01212	0.02452	0.05912	0.00248	0.20468	0.03850	0.00287	0.00595
23	0.03900	0.03992	0.12481	0.26621	0.07615	0.04415	0.09679	0.12026	0.01360	0.06164	0.01259	0.03862	0.03077	0.00597	0.00536	0.00170	0.00682	0.00522	0.00328	0.00713
24	0.03174	0.00789	0.01774	0.02254	0.05411	0.02560	0.00701	0.02341	0.03642	0.21604	0.17548	0.11907	0.02398	0.06350	0.04804	0.00231	0.00464	0.03114	0.08301	0.00633
25	0.01337	0.12252	0.48422	0.01404	0.03998	0.01334	0.03375	0.08692	0.01298	0.08488	0.01099	0.01217	0.00791	0.00531	0.00493	0.00160	0.00697	0.00415	0.03205	0.00791
26	0.01117	0.00965	0.01159	0.00828	0.01306	0.00730	0.02307	0.01360	0.01117	0.01748	0.00957	0.01121	0.00796	0.00399	0.00403	0.00082	0.00409	0.00325	0.00317	0.82557
27	0.08665	0.04963	0.01516	0.01238	0.01361	0.04559	0.04187	0.02747	0.03565	0.01472	0.00936	0.01348	0.00857	0.01427	0.16401	0.00335	0.43082	0.00472	0.00273	0.00593
28	0.01113	0.07059	0.01727	0.67750	0.03382	0.01295	0.02669	0.05996	0.01167	0.01493	0.00961	0.01380	0.00727	0.00536	0.00524	0.00173	0.00700	0.00466	0.00257	0.00625
29	0.00806	0.00587	0.00786	0.00884	0.00985	0.00582	0.00706	0.01065	0.05109	0.01597	0.08473	0.32342	0.03327	0.01486	0.00703	0.00227	0.00407	0.38930	0.00506	0.00493
30	0.04432	0.06913	0.21982	0.04857	0.15257	0.01248	0.08268	0.05962	0.05924	0.18012	0.01297	0.01390	0.00929	0.00550	0.00519	0.00165	0.00641	0.00473	0.00371	0.00810
31	0.79763	0.01047	0.00842	0.00749	0.01061	0.01231	0.00618	0.01560	0.00908	0.02340	0.00745	0.00891	0.00589	0.00525	0.00420	0.00170	0.05331	0.00302	0.00326	0.00582
32	0.00714	0.00497	0.00659	0.00772	0.00827	0.00473	0.00554	0.00847	0.01081	0.01467	0.04522	0.61288	0.03370	0.01569	0.00675	0.00216	0.00338	0.14022	0.05655	0.00452
33	0.01406	0.34596	0.35494	0.01210	0.01809	0.01595	0.01378	0.07009	0.01249	0.08213	0.00997	0.01093	0.00756	0.00512	0.00447	0.00147	0.00661	0.00370	0.00287	0.00770
34	0.00735	0.00567	0.00686	0.00734	0.00848	0.00542	0.00537	0.00986	0.07141	0.01563	0.11862	0.36706	0.23654	0.01519	0.03375	0.00224	0.00357	0.06973	0.00505	0.00487
35	0.00707	0.00521	0.00734	0.00804	0.00859	0.00548	0.00577	0.00839	0.00960	0.01321	0.02327	0.48760	0.02641	0.02583	0.31244	0.00470	0.02101	0.01137	0.00412	0.00455
36	0.02041	0.01504	0.01611	0.01235	0.01665	0.01665	0.01020	0.75997	0.02524	0.03383	0.01289	0.01289	0.00913	0.00644	0.00537	0.00161	0.00591	0.00483	0.00537	0.00913
37	0.01366	0.01169	0.01231	0.01099	0.01408	0.01350	0.00857	0.06078	0.73541	0.02296	0.02145	0.01971	0.01607	0.00725	0.00546	0.00181	0.00432	0.00601	0.00546	0.00852
38	0.01313	0.00896	0.00998	0.00884	0.01140	0.02882	0.00688	0.02028	0.30352	0.16041	0.22170	0.02790	0.10140	0.00868	0.00568	0.00172	0.00376	0.00732	0.04253	0.00710
39	0.00680	0.00489	0.00666	0.00763	0.00805	0.00483	0.00524	0.00788	0.00988	0.01335	0.02626	0.63143	0.03076	0.05089	0.15450	0.00350	0.00530	0.01320	0.00452	0.00440
40	0.00912	0.00480	0.00719	0.00719	0.00731	0.00491	0.00491	0.00731	0.00719	0.00971	0.00995	0.01691	0.00983	0.02131	0.11582	0.74084	0.00586	0.00480	0.00240	0.00263
41	0.01165	0.01179	0.01777	0.01480	0.01543	0.01567	0.09538	0.01320	0.00880	0.01343	0.00832	0.04179	0.00823	0.00913	0.01595	0.00228	0.68267	0.00528	0.00249	0.00597
42	0.00660	0.00471	0.00625	0.00741	0.00775	0.00440	0.00494	0.00756	0.01036	0.01385	0.05065	0.76707	0.03555	0.03594	0.00733	0.00224	0.00315	0.01492	0.00497	0.00435
43	0.01345	0.01319	0.02126	0.06405	0.71338	0.04698	0.01614	0.01658	0.01229	0.01718	0.00999	0.01317	0.00838	0.00484	0.00530	0.00159	0.00656	0.00472	0.00265	0.00830
44	0.01304	0.11801	0.05497	0.14928	0.35751	0.02693	0.12075	0.01628	0.01180	0.03441	0.00987	0.01292	0.00798	0.00507	0.00570	0.00163	0.03894	0.00471	0.00264	0.00755
45	0.01229	0.31690	0.40387	0.01348	0.01951	0.01603	0.06739	0.01642	0.01108	0.01514	0.00876	0.01057	0.00694	0.00514	0.00535	0.00154	0.05613	0.00377	0.00231	0.00737
46	0.00885	0.00602	0.00811	0.00802	0.04050	0.00556	0.00572	0.01138	0.01508	0.06822	0.69663	0.03763	0.04659	0.01045	0.00623	0.00168	0.00282	0.00924	0.00582	0.00546
47	0.04885	0.19957	0.48536	0.01337	0.01989	0.03253	0.03906	0.01751	0.01157	0.07131	0.00990	0.01118	0.00729	0.00509	0.00471	0.00157	0.00712	0.00384	0.00266	0.00763
48	0.00654	0.00467	0.00623	0.00747	0.00779	0.00436	0.00498	0.00747	0.01028	0.01370	0.02959	0.80785	0.03550	0.01682	0.00685	0.00218	0.00311	0.01526	0.00498	0.00436
49	0.01721	0.01108	0.01215	0.00979	0.01302	0.01183	0.00792	0.43347	0.01951	0.11295	0.01607	0.06439	0.01245	0.00706	0.00504	0.00156	0.00468	0.00558	0.22650	0.00774
50	0.00942	0.02144	0.00999	0.00929	0.01036	0.03721	0.00723	0.01138	0.02570	0.04483	0.01477	0.06853	0.01412	0.07044	0.52885	0.00655	0.09540	0.00619	0.00317	0.00515
51	0.00657	0.00469	0.00625	0.00745	0.00779	0.00438	0.00499	0.00755	0.01041	0.01391	0.04955	0.78729	0.03591	0.01666	0.00684	0.00217	0.00310	0.01511	0.00501	0.00438
52	0.02386	0.00949	0.01268	0.00972	0.01388	0.00842	0.00803	0.07082	0.01596	0.73607	0.02067	0.01794	0.01303	0.00663	0.00540	0.00166	0.00465	0.00536	0.00657	0.00913
53	0.01215	0.01346	0.02847	0.18245	0.02989	0.01324	0.60521	0.01648	0.01227	0.01648	0.01059	0.01444	0.00794	0.00470	0.00614	0.00181	0.00866	0.00601	0.00265	0.00698
54	0.01183	0.03866	0.08096	0.27294	0.13995	0.01321	0.27706	0.01599	0.02944	0.01589	0.01021	0.01383	0.00788	0.00517	0.00618	0.00177	0.04419	0.00523	0.00260	0.00702
55	0.01288	0.00685	0.00880	0.00777	0.00989	0.00638	0.00600	0.03299	0.04332	0.23625	0.37638	0.10914	0.03320	0.00971	0.00585	0.00170	0.00331	0.00841	0.07483	0.00637
56	0.01129	0.00913	0.01052	0.05783	0.01307	0.00999	0.00755	0.09401	0.32409	0.02181	0.25645	0.08046	0.06298	0.00918	0.00585	0.00178	0.00391	0.00787	0.00535	0.00687
57	0.02618	0.40011	0.24134	0.03751	0.06443	0.01682	0.01280	0.05642	0.05210	0.03290	0.00966	0.01090	0.00772	0.00507	0.00434	0.00143	0.00633	0.00369	0.00275	0.00749

[dist]
# distance from previous block
# <min> <max>
0	1

[block]
# block no. 4 follows, 45 sequences, length 30
# corresponding to MSA columns:
# 1823-1852
name=unknown_E
#
# <colnr> <probs for GDERKNQSTAVLIFYWHMCP>
#	G	D	E	R	K	N	Q	S	T	A	V	L	I	F	Y	W	H	M	C	P
0	0.01497	0.69314	0.02623	0.00984	0.01413	0.08260	0.00940	0.04653	0.01175	0.01354	0.00774	0.00897	0.00699	0.00490	0.00409	0.00122	0.03155	0.00306	0.00246	0.00689
1	0.01235	0.08413	0.01937	0.28703	0.31527	0.01250	0.04548	0.01547	0.01158	0.03753	0.00995	0.01316	0.00796	0.00491	0.00505	0.00154	0.00637	0.00450	0.00271	0.10314
2	0.08574	0.00886	0.02743	0.25703	0.01868	0.04045	0.00929	0.01326	0.08212	0.01561	0.01874	0.27540	0.01941	0.03625	0.00653	0.00206	0.00517	0.06857	0.00385	0.00555
3	0.02010	0.01320	0.01522	0.01244	0.04638	0.01425	0.00984	0.51182	0.02129	0.18940	0.01437	0.01421	0.01002	0.00657	0.00596	0.00165	0.04687	0.00495	0.03265	0.00880
4	0.01402	0.01027	0.01171	0.00875	0.01301	0.00910	0.00706	0.18060	0.01459	0.07681	0.01195	0.01295	0.00919	0.00495	0.00437	0.00109	0.00430	0.00390	0.08958	0.51182
5	0.01085	0.05194	0.59994	0.01523	0.02217	0.01227	0.10687	0.01640	0.01181	0.01726	0.07549	0.01409	0.01073	0.00552	0.00530	0.00169	0.00753	0.00471	0.00263	0.00757
6	0.01987	0.01041	0.01262	0.01014	0.01394	0.01035	0.00821	0.11458	0.22329	0.44068	0.04209	0.01856	0.01459	0.00685	0.00540	0.00168	0.00457	0.00558	0.00605	0.03054
7	0.00932	0.00466	0.00699	0.00699	0.00699	0.00466	0.00466	0.00699	0.00699	0.00932	0.00932	0.01632	0.00932	0.01865	0.02098	0.84382	0.00466	0.00466	0.00233	0.00233
8	0.00920	0.00509	0.00516	0.00516	0.00637	0.00495	0.00375	0.01127	0.01107	0.01817	0.02334	0.02659	0.13599	0.08839	0.00654	0.00174	0.00281	0.00629	0.62339	0.00475
9	0.01323	0.00692	0.00899	0.00775	0.01004	0.00632	0.00606	0.01611	0.04712	0.26834	0.45295	0.03196	0.05967	0.00936	0.00592	0.00168	0.00327	0.00807	0.02973	0.00651
10	0.01662	0.00827	0.01062	0.00872	0.01163	0.00772	0.00696	0.10686	0.01633	0.36948	0.31840	0.04933	0.02821	0.00863	0.00581	0.00168	0.00388	0.00732	0.00615	0.00739
11	0.84927	0.01038	0.00789	0.00706	0.01038	0.01204	0.00581	0.01578	0.00914	0.02408	0.00747	0.00872	0.00581	0.00498	0.00332	0.00166	0.00415	0.00291	0.00332	0.00581
12	0.02005	0.02558	0.01521	0.01383	0.01659	0.78980	0.01037	0.02143	0.01521	0.01314	0.00830	0.00968	0.00691	0.00553	0.00484	0.00138	0.00968	0.00346	0.00277	0.00622
13	0.01015	0.00511	0.00536	0.00538	0.00664	0.00504	0.00400	0.01250	0.01130	0.04425	0.01873	0.09155	0.01572	0.00723	0.00409	0.00135	0.00262	0.00595	0.73799	0.00508
14	0.00769	0.00519	0.00605	0.00621	0.00631	0.00519	0.00368	0.00791	0.00820	0.01095	0.01842	0.11629	0.02125	0.68335	0.05065	0.00494	0.00529	0.02551	0.00346	0.00346
15	0.02041	0.01504	0.01611	0.01235	0.01665	0.01665	0.01020	0.75997	0.02524	0.03383	0.01289	0.01289	0.00913	0.00644	0.00537	0.00161	0.00591	0.00483	0.00537	0.00913
16	0.00694	0.00511	0.00702	0.00873	0.04772	0.00483	0.00551	0.00795	0.01028	0.01377	0.02807	0.73614	0.03347	0.04748	0.00758	0.00227	0.00337	0.01442	0.00479	0.00453
17	0.01220	0.01362	0.02895	0.09236	0.02777	0.01319	0.64367	0.01642	0.01228	0.01664	0.01127	0.04136	0.00895	0.00516	0.00659	0.00184	0.03153	0.00645	0.00275	0.00699
18	0.11365	0.01302	0.01984	0.02903	0.65356	0.04577	0.01494	0.01660	0.01198	0.01813	0.00971	0.01259	0.00811	0.00484	0.00506	0.00159	0.00625	0.00450	0.00274	0.00808
19	0.01146	0.18007	0.63732	0.01412	0.02140	0.01416	0.01777	0.01682	0.01125	0.01615	0.00921	0.01081	0.00682	0.00500	0.00478	0.00159	0.00751	0.00375	0.00227	0.00773
20	0.01176	0.01179	0.01690	0.01427	0.01461	0.01609	0.04101	0.01310	0.00847	0.01321	0.00726	0.01184	0.00711	0.00906	0.01682	0.00229	0.74948	0.00472	0.00238	0.02783
21	0.01367	0.44717	0.21988	0.01190	0.04867	0.01689	0.01203	0.01787	0.08020	0.05498	0.02499	0.01166	0.00898	0.00521	0.00429	0.00141	0.00607	0.00379	0.00289	0.00745
22	0.03617	0.00983	0.01169	0.01048	0.01314	0.01069	0.04669	0.05356	0.40602	0.05911	0.07133	0.10296	0.05240	0.00921	0.00587	0.00189	0.00437	0.08212	0.00522	0.00726
23	0.02408	0.00914	0.01246	0.00955	0.01370	0.00789	0.00789	0.02616	0.01536	0.78158	0.02118	0.01827	0.01329	0.00664	0.00540	0.00166	0.00457	0.00540	0.00664	0.00914
24	0.00654	0.00483	0.00612	0.00711	0.00770	0.00441	0.00483	0.00759	0.01076	0.01408	0.05667	0.65654	0.16100	0.01609	0.00675	0.00210	0.00303	0.01443	0.00501	0.00441
25	0.01385	0.03645	0.01571	0.23951	0.17733	0.01200	0.01176	0.08902	0.14670	0.10816	0.07120	0.01772	0.02444	0.00635	0.00540	0.00169	0.00561	0.00548	0.00406	0.00754
26	0.00832	0.00577	0.00684	0.00669	0.00687	0.00621	0.00428	0.00880	0.00836	0.01188	0.01666	0.07111	0.01841	0.58758	0.04780	0.00448	0.07747	0.00755	0.09114	0.00378
27	0.00781	0.00520	0.00585	0.00585	0.00585	0.00520	0.00325	0.00781	0.00781	0.01041	0.01691	0.03513	0.01952	0.81135	0.02732	0.00520	0.00520	0.00781	0.00325	0.00325
28	0.03494	0.01415	0.09364	0.10094	0.06291	0.01304	0.41267	0.03232	0.03619	0.01700	0.01152	0.05509	0.00949	0.00587	0.00693	0.00184	0.07549	0.00607	0.00289	0.00701
29	0.01028	0.00974	0.01613	0.72718	0.03489	0.01234	0.01462	0.01364	0.01051	0.01364	0.00931	0.01408	0.00715	0.00573	0.00648	0.00184	0.07934	0.00476	0.00238	0.00595

[dist]
# distance from previous block
# <min> <max>
0	2

[block]
# block no. 5 follows, 45 sequences, length 81
# corresponding to MSA columns:
# 1855-1935
name=unknown_F
#
# <colnr> <probs for GDERKNQSTAVLIFYWHMCP>
#	G	D	E	R	K	N	Q	S	T	A	V	L	I	F	Y	W	H	M	C	P
0	0.02317	0.01060	0.01337	0.01025	0.01444	0.01007	0.00847	0.20885	0.01782	0.59543	0.01911	0.01693	0.01225	0.00659	0.00539	0.00165	0.00490	0.00526	0.00633	0.00913
1	0.00776	0.00549	0.00621	0.00635	0.00790	0.00474	0.00464	0.00904	0.01189	0.07278	0.04450	0.27317	0.49821	0.01402	0.00642	0.00191	0.00298	0.01204	0.00511	0.00483
2	0.01395	0.01372	0.04947	0.01866	0.02342	0.01295	0.49685	0.04417	0.11142	0.09360	0.01366	0.01650	0.01026	0.00558	0.00643	0.00182	0.03177	0.02462	0.00358	0.00758
3	0.00859	0.00538	0.00706	0.00738	0.00842	0.00491	0.00525	0.01008	0.01217	0.09432	0.22118	0.48547	0.08106	0.01409	0.00654	0.00198	0.00309	0.01260	0.00539	0.00504
4	0.01723	0.48145	0.02245	0.01054	0.01462	0.20500	0.00938	0.06412	0.01334	0.10342	0.00959	0.01025	0.00778	0.00517	0.00413	0.00129	0.00657	0.00343	0.00310	0.00713
5	0.01192	0.09189	0.01292	0.00813	0.01286	0.00862	0.00670	0.01422	0.01126	0.04394	0.00974	0.01112	0.00803	0.00413	0.00397	0.00086	0.00418	0.00323	0.00321	0.72905
6	0.01562	0.05597	0.01511	0.20811	0.02029	0.09352	0.01055	0.24438	0.13479	0.06128	0.01337	0.01487	0.01007	0.01673	0.03568	0.00194	0.00649	0.00487	0.02892	0.00746
7	0.00956	0.00575	0.00703	0.00687	0.00749	0.00569	0.00456	0.01017	0.00914	0.09008	0.01847	0.03531	0.01974	0.58913	0.07334	0.00476	0.00572	0.08930	0.00376	0.00414
8	0.01444	0.01002	0.01124	0.00982	0.01271	0.01083	0.00759	0.02448	0.48211	0.16610	0.06410	0.02214	0.01784	0.08955	0.00769	0.00210	0.00430	0.00625	0.00542	0.03127
9	0.00767	0.00575	0.00863	0.00863	0.00959	0.00671	0.00671	0.00959	0.00863	0.01246	0.01438	0.02109	0.01342	0.04026	0.79008	0.00863	0.01438	0.00575	0.00288	0.00479
10	0.02301	0.00963	0.01261	0.00981	0.01387	0.00878	0.00806	0.06324	0.07830	0.68104	0.02082	0.01815	0.01334	0.00669	0.00540	0.00167	0.00461	0.00543	0.00648	0.00908
11	0.01026	0.00904	0.01292	0.09182	0.01458	0.01167	0.00974	0.05404	0.00963	0.01399	0.01089	0.01622	0.01001	0.02252	0.35872	0.00504	0.32540	0.00518	0.00276	0.00559
12	0.01417	0.01135	0.01216	0.01082	0.01394	0.01293	0.00845	0.02834	0.71074	0.08036	0.02180	0.01989	0.01615	0.00723	0.00546	0.00181	0.00427	0.00602	0.00555	0.00855
13	0.00659	0.00471	0.00629	0.00753	0.00786	0.00440	0.00507	0.00756	0.01033	0.01376	0.02956	0.79029	0.03539	0.01677	0.00686	0.00219	0.00316	0.03233	0.00498	0.00437
14	0.01807	0.01103	0.01221	0.00970	0.01308	0.01164	0.00790	0.40697	0.01935	0.16851	0.01577	0.01595	0.01124	0.00643	0.00491	0.00152	0.00467	0.00499	0.24813	0.00793
15	0.84927	0.01038	0.00789	0.00706	0.01038	0.01204	0.00581	0.01578	0.00914	0.02408	0.00747	0.00872	0.00581	0.00498	0.00332	0.00166	0.00415	0.00291	0.00332	0.00581
16	0.01089	0.01048	0.01480	0.01294	0.01314	0.01439	0.01068	0.01222	0.00831	0.01282	0.00859	0.01371	0.00839	0.01589	0.18020	0.00367	0.63585	0.00492	0.00246	0.00564
17	0.01077	0.02777	0.78354	0.01530	0.02323	0.01247	0.01983	0.01700	0.01133	0.01700	0.00963	0.01133	0.00680	0.00510	0.00510	0.00170	0.00793	0.00397	0.00227	0.00793
18	0.00820	0.00655	0.00986	0.00941	0.01033	0.00775	0.02830	0.00999	0.00871	0.01258	0.01414	0.04555	0.01362	0.07410	0.62571	0.00742	0.09394	0.00606	0.00290	0.00488
19	0.01048	0.00629	0.00831	0.00770	0.00946	0.00585	0.00605	0.01322	0.03378	0.14152	0.53200	0.05018	0.04116	0.01076	0.00630	0.00179	0.00321	0.10027	0.00588	0.00577
20	0.02023	0.01107	0.01468	0.01138	0.01529	0.03232	0.08495	0.19422	0.01688	0.42825	0.01837	0.07666	0.01332	0.00711	0.00554	0.00169	0.00532	0.00605	0.02830	0.00838
21	0.01797	0.02172	0.01408	0.01285	0.01541	0.63015	0.02843	0.01963	0.01453	0.01417	0.01084	0.01474	0.00947	0.00629	0.00496	0.00146	0.00857	0.06001	0.08871	0.00603
22	0.11925	0.02552	0.68318	0.01423	0.02157	0.01241	0.01802	0.01684	0.01105	0.01792	0.00935	0.01099	0.00667	0.00508	0.00487	0.00169	0.00744	0.00383	0.00240	0.00766
23	0.01473	0.77315	0.02740	0.00934	0.01386	0.04479	0.00919	0.01645	0.01113	0.02884	0.00778	0.00885	0.00702	0.00466	0.00353	0.00117	0.00584	0.00294	0.00240	0.00692
24	0.00803	0.00750	0.08553	0.00699	0.00785	0.00595	0.00515	0.00878	0.00833	0.01133	0.01679	0.07508	0.01892	0.66146	0.04704	0.00478	0.00565	0.00776	0.00324	0.00384
25	0.02857	0.31800	0.40491	0.01270	0.01882	0.01565	0.03946	0.03079	0.03254	0.01612	0.03077	0.01146	0.00840	0.00514	0.00454	0.00150	0.00679	0.00385	0.00256	0.00744
26	0.01333	0.01252	0.02061	0.10912	0.61943	0.01308	0.01571	0.06158	0.01268	0.01793	0.01007	0.01329	0.00833	0.00516	0.00590	0.00165	0.04390	0.00478	0.00278	0.00816
27	0.02408	0.00914	0.01246	0.00955	0.01370	0.00789	0.00789	0.02616	0.01536	0.78158	0.02118	0.01827	0.01329	0.00664	0.00540	0.00166	0.00457	0.00540	0.00664	0.00914
28	0.00782	0.00580	0.00689	0.00678	0.00839	0.00526	0.00525	0.01013	0.03254	0.04082	0.32484	0.06016	0.35255	0.01243	0.00643	0.00185	0.00302	0.09864	0.00540	0.00502
29	0.11257	0.04336	0.03549	0.01137	0.03858	0.13394	0.00907	0.09711	0.11871	0.31173	0.01550	0.01475	0.01080	0.00621	0.00517	0.00162	0.01641	0.00469	0.00490	0.00804
30	0.02220	0.00565	0.00604	0.00587	0.00736	0.00568	0.00456	0.03423	0.01185	0.05593	0.01814	0.02249	0.01472	0.00749	0.01847	0.00151	0.00311	0.05766	0.69173	0.00532
31	0.00774	0.00547	0.00718	0.00718	0.00764	0.00592	0.00490	0.00866	0.00820	0.01139	0.01570	0.02842	0.01660	0.44303	0.39167	0.00684	0.00959	0.00682	0.00307	0.00399
32	0.01014	0.00954	0.01610	0.79845	0.03697	0.01193	0.01491	0.01371	0.01073	0.01371	0.00954	0.01431	0.00716	0.00537	0.00537	0.00179	0.00716	0.00477	0.00239	0.00596
33	0.01312	0.05729	0.01879	0.01456	0.01695	0.09823	0.18348	0.04102	0.06920	0.03493	0.01241	0.07446	0.01136	0.00883	0.03092	0.00213	0.27079	0.03178	0.00323	0.00650
34	0.05311	0.00887	0.01172	0.00911	0.01301	0.00782	0.00750	0.02474	0.01482	0.69586	0.02040	0.01806	0.01305	0.00655	0.00520	0.00163	0.00439	0.00528	0.07018	0.00870
35	0.00675	0.00529	0.00614	0.00651	0.00779	0.00468	0.00480	0.00825	0.01214	0.01544	0.15302	0.25930	0.41015	0.01418	0.00656	0.00194	0.00296	0.06438	0.00512	0.00459
36	0.01311	0.01035	0.01569	0.51675	0.07927	0.01201	0.01319	0.11197	0.03857	0.09542	0.01218	0.03714	0.00924	0.00599	0.00541	0.00175	0.00647	0.00518	0.00340	0.00690
37	0.01073	0.00920	0.01156	0.01011	0.01256	0.02876	0.08358	0.05628	0.23771	0.02837	0.16301	0.11152	0.16008	0.01004	0.00608	0.00184	0.00430	0.04280	0.00504	0.00643
38	0.01603	0.58483	0.02445	0.01042	0.01460	0.18528	0.00952	0.07397	0.01292	0.01436	0.00806	0.00917	0.00707	0.00493	0.00389	0.00123	0.00660	0.00315	0.00263	0.00692
39	0.05316	0.11216	0.18504	0.03829	0.01639	0.01123	0.03110	0.06787	0.01251	0.07428	0.03474	0.01273	0.00940	0.00506	0.00451	0.00130	0.00543	0.00397	0.02302	0.29780
40	0.01076	0.01019	0.01745	0.69136	0.05646	0.01223	0.07151	0.03908	0.01141	0.01476	0.00977	0.01425	0.00734	0.00532	0.00544	0.00178	0.00724	0.00489	0.00252	0.00624
41	0.01181	0.01195	0.01760	0.01474	0.01516	0.01622	0.06870	0.01324	0.00856	0.01324	0.00734	0.01195	0.00713	0.00902	0.01676	0.00231	0.74107	0.00482	0.00238	0.00598
42	0.00769	0.00567	0.00821	0.00821	0.00903	0.00648	0.00619	0.00932	0.00850	0.01215	0.01476	0.02319	0.01433	0.15549	0.67609	0.00812	0.01301	0.00606	0.00293	0.00456
43	0.01914	0.02374	0.01479	0.01338	0.01623	0.69058	0.01008	0.02196	0.09215	0.01420	0.00972	0.01078	0.00791	0.00567	0.00488	0.00141	0.00898	0.00372	0.00305	0.02763
44	0.08703	0.00923	0.01211	0.00936	0.01345	0.00821	0.00773	0.02537	0.01489	0.72380	0.02013	0.01754	0.01272	0.00652	0.00524	0.00166	0.00454	0.00521	0.00639	0.00888
45	0.00932	0.00466	0.00699	0.00699	0.00699	0.00466	0.00466	0.00699	0.00699	0.00932	0.00932	0.01632	0.00932	0.01865	0.02098	0.84382	0.00466	0.00466	0.00233	0.00233
46	0.01001	0.00697	0.00902	0.00865	0.00996	0.04357	0.00666	0.01179	0.00964	0.09124	0.01507	0.02130	0.01357	0.09305	0.59260	0.00711	0.01212	0.00574	0.02674	0.00519
47	0.81038	0.01032	0.00810	0.00718	0.01054	0.01185	0.00591	0.01627	0.00943	0.05978	0.00812	0.00917	0.00617	0.00506	0.00342	0.00166	0.00417	0.00302	0.00348	0.00597
48	0.00668	0.00480	0.00637	0.00757	0.00800	0.00449	0.00520	0.00774	0.01049	0.01390	0.03043	0.72784	0.06265	0.01656	0.00687	0.00219	0.00323	0.06561	0.00498	0.00441
49	0.84927	0.01038	0.00789	0.00706	0.01038	0.01204	0.00581	0.01578	0.00914	0.02408	0.00747	0.00872	0.00581	0.00498	0.00332	0.00166	0.00415	0.00291	0.00332	0.00581
50	0.01649	0.01220	0.10727	0.01099	0.01482	0.01056	0.00991	0.10367	0.21444	0.26983	0.02029	0.02472	0.01594	0.00804	0.00573	0.00184	0.00511	0.13473	0.00535	0.00808
51	0.00788	0.00642	0.00666	0.00625	0.00827	0.00581	0.00478	0.08485	0.01379	0.01701	0.10511	0.04681	0.64195	0.01266	0.00624	0.00178	0.00303	0.01054	0.00509	0.00504
52	0.00775	0.00567	0.00823	0.00823	0.00910	0.00650	0.00627	0.00949	0.00862	0.01248	0.01473	0.02249	0.01405	0.11812	0.68820	0.00805	0.01308	0.00594	0.02833	0.00464
53	0.00923	0.00882	0.06912	0.00986	0.01127	0.00873	0.02893	0.05167	0.00984	0.01394	0.01502	0.11228	0.01533	0.17322	0.31895	0.00522	0.12328	0.00692	0.00320	0.00515
54	0.01023	0.00963	0.01626	0.77703	0.05770	0.01195	0.01495	0.01379	0.01078	0.01382	0.00956	0.01428	0.00719	0.00535	0.00537	0.00178	0.00713	0.00477	0.00239	0.00603
55	0.01267	0.01448	0.03167	0.02262	0.02805	0.01357	0.75837	0.01719	0.01267	0.01719	0.01086	0.01448	0.00814	0.00452	0.00633	0.00181	0.00905	0.00633	0.00271	0.00724
56	0.01096	0.02641	0.70661	0.01605	0.02373	0.01258	0.09539	0.01702	0.01147	0.01702	0.00976	0.01165	0.00694	0.00504	0.00523	0.00171	0.00805	0.00421	0.00231	0.00786
57	0.01406	0.01205	0.02024	0.11064	0.62217	0.01217	0.01543	0.01718	0.01239	0.09531	0.01117	0.01390	0.00885	0.00503	0.00533	0.00162	0.00627	0.00484	0.00304	0.00830
58	0.00782	0.00557	0.00729	0.00737	0.00771	0.00603	0.00501	0.00849	0.00842	0.01161	0.01736	0.15056	0.01919	0.38540	0.25049	0.04118	0.04511	0.00809	0.00333	0.00397
59	0.01577	0.20483	0.32035	0.01228	0.01784	0.03944	0.02668	0.01939	0.01242	0.23327	0.01229	0.01269	0.00870	0.00558	0.00528	0.00158	0.03600	0.00417	0.00355	0.00789
60	0.00761	0.00755	0.08657	0.00849	0.00978	0.00577	0.02534	0.00920	0.01039	0.01409	0.06417	0.45142	0.02915	0.17175	0.01072	0.00272	0.00429	0.07197	0.00435	0.00466
61	0.02408	0.00914	0.01246	0.00955	0.01370	0.00789	0.00789	0.02616	0.01536	0.78158	0.02118	0.01827	0.01329	0.00664	0.00540	0.00166	0.00457	0.00540	0.00664	0.00914
62	0.03431	0.04533	0.58792	0.03744	0.02086	0.01180	0.01673	0.01681	0.03572	0.04325	0.08859	0.01473	0.01179	0.00581	0.00516	0.00169	0.00696	0.00463	0.00292	0.00755
63	0.00886	0.08955	0.03514	0.03046	0.01096	0.00857	0.00724	0.03547	0.00977	0.01336	0.01659	0.02250	0.07087	0.09359	0.51533	0.00642	0.01118	0.00593	0.00306	0.00514
64	0.01263	0.01208	0.01641	0.01391	0.01435	0.01646	0.01159	0.08935	0.00996	0.01506	0.00764	0.01186	0.00726	0.00909	0.01636	0.00227	0.72012	0.00471	0.00266	0.00621
65	0.00780	0.00522	0.00592	0.00592	0.00595	0.00524	0.00334	0.00785	0.00783	0.01046	0.01685	0.03478	0.01936	0.79204	0.04642	0.00529	0.00543	0.00775	0.00324	0.00329
66	0.14455	0.02818	0.13132	0.30831	0.14547	0.01254	0.08788	0.03579	0.01148	0.03181	0.00972	0.01277	0.00737	0.00513	0.00506	0.00171	0.00675	0.00449	0.00275	0.00692
67	0.01074	0.01039	0.01831	0.63597	0.11649	0.01218	0.09114	0.01437	0.01109	0.01449	0.00974	0.01422	0.00740	0.00522	0.00546	0.00177	0.00726	0.00493	0.00245	0.00637
68	0.02408	0.00914	0.01246	0.00955	0.01370	0.00789	0.00789	0.02616	0.01536	0.78158	0.02118	0.01827	0.01329	0.00664	0.00540	0.00166	0.00457	0.00540	0.00664	0.00914
69	0.00725	0.00507	0.00657	0.00715	0.00795	0.00466	0.00500	0.00868	0.01191	0.03525	0.23302	0.51154	0.10656	0.01469	0.00663	0.00200	0.00296	0.01315	0.00528	0.00469
70	0.04008	0.06311	0.26763	0.01437	0.08171	0.01305	0.03815	0.20833	0.01571	0.17193	0.01278	0.01329	0.00896	0.00569	0.00512	0.00162	0.00633	0.00454	0.01928	0.00833
71	0.00660	0.00545	0.00594	0.00610	0.00759	0.00479	0.00452	0.00798	0.01203	0.01481	0.09309	0.17340	0.58118	0.01391	0.00665	0.00189	0.01737	0.02714	0.00499	0.00457
72	0.01967	0.02494	0.01527	0.01384	0.01648	0.75394	0.01044	0.02104	0.01489	0.01313	0.00824	0.00978	0.00692	0.00571	0.00543	0.00143	0.04640	0.00351	0.00275	0.00621
73	0.01246	0.01041	0.01221	0.02782	0.03301	0.00885	0.00739	0.11399	0.03353	0.01973	0.01034	0.01174	0.00833	0.00445	0.00427	0.00098	0.00438	0.00356	0.00350	0.66907
74	0.07973	0.01156	0.01906	0.24635	0.02460	0.03549	0.25145	0.03024	0.07232	0.05928	0.01319	0.07557	0.01098	0.00644	0.00599	0.00182	0.02909	0.01683	0.00335	0.00667
75	0.05868	0.01405	0.01487	0.01154	0.01556	0.01554	0.00950	0.66788	0.02341	0.03232	0.01299	0.01323	0.00933	0.00636	0.00515	0.00159	0.00556	0.00476	0.06903	0.00866
76	0.01948	0.01359	0.01485	0.01152	0.01563	0.01468	0.00945	0.57026	0.07979	0.10826	0.01441	0.01413	0.01020	0.00641	0.00526	0.00158	0.00544	0.00491	0.03185	0.04831
77	0.00793	0.00572	0.00719	0.00699	0.00846	0.00509	0.00519	0.00989	0.01322	0.03958	0.39203	0.21782	0.15062	0.01218	0.00628	0.00178	0.00294	0.03281	0.00534	0.06894
78	0.00653	0.00471	0.00619	0.00738	0.00776	0.00437	0.00494	0.00749	0.01037	0.01374	0.03075	0.77221	0.07039	0.01667	0.00683	0.00216	0.00310	0.01507	0.00498	0.00437
79	0.01037	0.00963	0.01452	0.30235	0.02146	0.01264	0.01173	0.01261	0.00933	0.01340	0.00964	0.01464	0.00845	0.01321	0.14812	0.00320	0.34050	0.00492	0.03359	0.00568
80	0.01100	0.00625	0.00652	0.00609	0.00769	0.00647	0.00468	0.08924	0.03324	0.02132	0.04378	0.02002	0.01465	0.00750	0.02790	0.00154	0.00326	0.00520	0.67814	0.00552

[dist]
# distance from previous block
# <min> <max>
0	220

[block]
# block no. 6 follows, 45 sequences, length 20
# corresponding to MSA columns:
# 2156-2175
name=unknown_G
#
# <colnr> <probs for GDERKNQSTAVLIFYWHMCP>
#	G	D	E	R	K	N	Q	S	T	A	V	L	I	F	Y	W	H	M	C	P
0	0.01108	0.01174	0.05523	0.00983	0.01118	0.16923	0.00777	0.01246	0.01025	0.01275	0.01475	0.02517	0.03121	0.27581	0.13658	0.00400	0.11144	0.06137	0.02322	0.00492
1	0.00830	0.00549	0.00758	0.07130	0.01061	0.00534	0.00604	0.00960	0.01087	0.07193	0.05800	0.60536	0.03148	0.04342	0.00735	0.00221	0.00365	0.03175	0.00487	0.00485
2	0.70812	0.00983	0.00819	0.00732	0.01050	0.01107	0.00595	0.01613	0.00981	0.09448	0.01043	0.06994	0.00876	0.00603	0.00378	0.00170	0.00411	0.00407	0.00376	0.00602
3	0.00857	0.00669	0.00934	0.08345	0.01292	0.00712	0.00849	0.01084	0.01197	0.01573	0.08746	0.09791	0.10432	0.01322	0.00776	0.00225	0.06474	0.43759	0.00459	0.00504
4	0.01307	0.00777	0.00962	0.00826	0.01062	0.00757	0.00647	0.08978	0.08335	0.19021	0.44793	0.03032	0.03435	0.00913	0.00589	0.00168	0.00347	0.00784	0.02602	0.00667
5	0.00840	0.00746	0.01320	0.04560	0.01425	0.00717	0.19490	0.01041	0.01084	0.01452	0.02307	0.49195	0.02601	0.04578	0.02715	0.00237	0.00522	0.04238	0.00418	0.00514
6	0.01244	0.01335	0.06177	0.01424	0.01565	0.07305	0.08814	0.01428	0.00962	0.03822	0.00893	0.01358	0.00821	0.04773	0.04874	0.00257	0.51584	0.00495	0.00262	0.00609
7	0.02252	0.01111	0.01375	0.01059	0.01466	0.01096	0.00875	0.26092	0.01831	0.51817	0.01808	0.01634	0.01176	0.00666	0.00577	0.00167	0.02965	0.00520	0.00610	0.00903
8	0.01423	0.01405	0.04549	0.01115	0.01380	0.22520	0.03278	0.07607	0.11050	0.07535	0.08009	0.14227	0.04667	0.00921	0.00579	0.00177	0.00592	0.07868	0.00447	0.00651
9	0.29585	0.02985	0.03155	0.05078	0.19201	0.02473	0.09822	0.07224	0.02837	0.02015	0.00929	0.01167	0.00745	0.00558	0.00617	0.00174	0.09996	0.00428	0.00309	0.00699
10	0.01183	0.01145	0.02001	0.37362	0.38945	0.01245	0.07309	0.01530	0.01159	0.01581	0.00991	0.01384	0.00787	0.00502	0.00542	0.00170	0.00693	0.00490	0.00254	0.00727
11	0.01241	0.07423	0.01198	0.00945	0.01156	0.08181	0.00752	0.06825	0.09234	0.05306	0.04136	0.01837	0.01327	0.06208	0.21153	0.00360	0.07298	0.00523	0.10610	0.04288
12	0.01342	0.28825	0.14662	0.01061	0.01434	0.08135	0.01022	0.04026	0.01164	0.07226	0.03042	0.05015	0.01134	0.06907	0.07732	0.00242	0.05582	0.00483	0.00310	0.00657
13	0.01142	0.16999	0.52623	0.04056	0.02182	0.01387	0.08118	0.01640	0.01131	0.01599	0.01005	0.03951	0.00796	0.00538	0.00497	0.00163	0.00743	0.00440	0.00241	0.00749
14	0.02408	0.00914	0.01246	0.00955	0.01370	0.00789	0.00789	0.02616	0.01536	0.78158	0.02118	0.01827	0.01329	0.00664	0.00540	0.00166	0.00457	0.00540	0.00664	0.00914
15	0.00651	0.00479	0.00611	0.00716	0.00770	0.00439	0.00484	0.00751	0.01058	0.01383	0.03343	0.69045	0.15041	0.01632	0.00677	0.00212	0.00305	0.01465	0.00498	0.00439
16	0.01536	0.19091	0.23762	0.08351	0.01944	0.04947	0.04393	0.05543	0.03843	0.17594	0.01205	0.01289	0.00871	0.00559	0.00524	0.00159	0.02838	0.00431	0.00350	0.00769
17	0.01337	0.00928	0.01202	0.01095	0.04443	0.00988	0.03494	0.03356	0.23267	0.15748	0.20442	0.02577	0.03959	0.00848	0.00682	0.00180	0.07530	0.03992	0.03216	0.00715
18	0.00740	0.00530	0.00679	0.00769	0.00822	0.00511	0.00521	0.05146	0.01105	0.01474	0.02807	0.72826	0.03328	0.05028	0.00764	0.00228	0.00337	0.01433	0.00493	0.00459
19	0.03015	0.06533	0.15084	0.07095	0.01740	0.03066	0.01117	0.06344	0.11472	0.30346	0.01535	0.01518	0.01068	0.00638	0.00615	0.00171	0.06896	0.00485	0.00455	0.00807

[dist]
# distance from previous block
# <min> <max>
0	4

[block]
# block no. 7 follows, 45 sequences, length 25
# corresponding to MSA columns:
# 2180-2204
name=unknown_H
#
# <colnr> <probs for GDERKNQSTAVLIFYWHMCP>
#	G	D	E	R	K	N	Q	S	T	A	V	L	I	F	Y	W	H	M	C	P
0	0.14734	0.01350	0.13871	0.07122	0.09752	0.03023	0.06076	0.06226	0.01276	0.13342	0.06859	0.04734	0.01309	0.00677	0.00594	0.00175	0.05171	0.02612	0.00383	0.00712
1	0.00774	0.00550	0.00738	0.04960	0.00996	0.00537	0.00596	0.03129	0.01130	0.03248	0.06480	0.61790	0.05053	0.01517	0.00670	0.00212	0.00353	0.06295	0.00494	0.00478
2	0.01433	0.23348	0.18954	0.01532	0.02075	0.05663	0.23866	0.13561	0.01405	0.01836	0.00987	0.01171	0.00761	0.00503	0.00506	0.00155	0.00745	0.00450	0.00293	0.00754
3	0.01410	0.00972	0.01199	0.00967	0.05043	0.00791	0.00729	0.01714	0.05213	0.17981	0.01269	0.01322	0.00956	0.00476	0.00442	0.00107	0.00423	0.00388	0.00401	0.58197
4	0.07016	0.00962	0.01201	0.12665	0.04689	0.04202	0.02366	0.09925	0.05188	0.02803	0.01768	0.29823	0.01839	0.03131	0.00773	0.00203	0.09596	0.00853	0.00400	0.00598
5	0.15178	0.02217	0.01365	0.01240	0.01518	0.62728	0.00938	0.01998	0.01424	0.01529	0.04568	0.01102	0.00888	0.00571	0.00467	0.00144	0.00845	0.00368	0.00301	0.00610
6	0.01318	0.00918	0.01101	0.00842	0.01247	0.00750	0.00667	0.06224	0.01259	0.13997	0.01429	0.11874	0.01256	0.00627	0.00468	0.00117	0.00408	0.00525	0.00411	0.54564
