[name]
unknown

[dist]
# distance from previous block
# <min> <max>
7	289

[block]
# block no. 0 follows, 47 sequences, length 12
# corresponding to MSA columns:
# 340-351
name=unknown_A
#
# <colnr> <probs for GDERKNQSTAVLIFYWHMCP>
#	G	D	E	R	K	N	Q	S	T	A	V	L	I	F	Y	W	H	M	C	P
0	0.09775	0.03167	0.01313	0.01055	0.01411	0.08969	0.00848	0.23985	0.25518	0.11547	0.01494	0.01441	0.01091	0.00613	0.00488	0.00156	0.00515	0.00468	0.00475	0.05671
1	0.01335	0.01078	0.05022	0.02477	0.01384	0.05438	0.05154	0.09523	0.01331	0.14013	0.05873	0.15223	0.01550	0.00726	0.00509	0.00142	0.00478	0.00624	0.00419	0.27701
2	0.01513	0.14546	0.19947	0.01304	0.03326	0.06458	0.09953	0.10084	0.04640	0.14245	0.01170	0.01247	0.00856	0.00528	0.00501	0.00149	0.01826	0.00429	0.00351	0.06929
3	0.04800	0.09408	0.04743	0.18039	0.01971	0.05368	0.11805	0.04713	0.14495	0.01647	0.01554	0.05108	0.06654	0.00845	0.05122	0.00206	0.01975	0.00566	0.00336	0.00646
4	0.01158	0.00651	0.00838	0.00802	0.00969	0.00617	0.00594	0.04441	0.05740	0.20390	0.14225	0.42091	0.02935	0.01209	0.00609	0.00188	0.00345	0.01071	0.00541	0.00589
5	0.01268	0.17156	0.23385	0.08920	0.14323	0.01253	0.01289	0.01665	0.04669	0.09652	0.04469	0.03923	0.01078	0.00565	0.00480	0.00151	0.00592	0.00464	0.00314	0.04383
6	0.05515	0.04742	0.06643	0.01454	0.14249	0.05250	0.05879	0.06430	0.05167	0.32486	0.02986	0.01603	0.01139	0.00602	0.00530	0.00161	0.01713	0.02205	0.00451	0.00793
7	0.00757	0.00502	0.00609	0.00658	0.00742	0.00482	0.00464	0.00963	0.03842	0.01647	0.16124	0.42029	0.06485	0.01235	0.00576	0.00178	0.00280	0.01094	0.20866	0.00465
8	0.01581	0.05693	0.04809	0.07606	0.11063	0.00961	0.05363	0.01912	0.05868	0.32603	0.06318	0.01956	0.06976	0.00658	0.00521	0.00160	0.00496	0.00565	0.04140	0.00749
9	0.05114	0.14996	0.18609	0.01276	0.06761	0.05396	0.05532	0.07797	0.01321	0.19810	0.01433	0.01463	0.05340	0.00574	0.00481	0.00151	0.00594	0.00458	0.00373	0.02519
10	0.01437	0.07650	0.10665	0.01523	0.16682	0.03021	0.05100	0.08316	0.12835	0.14460	0.09771	0.03464	0.01487	0.00638	0.00521	0.00160	0.00542	0.00549	0.00417	0.00764
11	0.01078	0.00634	0.00877	0.00806	0.00945	0.00665	0.00615	0.01242	0.01042	0.16741	0.12369	0.02441	0.01882	0.15642	0.36846	0.00528	0.04083	0.00634	0.00397	0.00532

[dist]
# distance from previous block
# <min> <max>
0	1

[block]
# block no. 1 follows, 47 sequences, length 21
# corresponding to MSA columns:
# 353-373
name=unknown_B
#
# <colnr> <probs for GDERKNQSTAVLIFYWHMCP>
#	G	D	E	R	K	N	Q	S	T	A	V	L	I	F	Y	W	H	M	C	P
0	0.63214	0.08142	0.01036	0.05775	0.01237	0.01244	0.00676	0.01653	0.07135	0.04585	0.00893	0.00997	0.00687	0.00506	0.00359	0.00159	0.00437	0.00326	0.00335	0.00605
1	0.01358	0.01150	0.01213	0.01072	0.01378	0.01325	0.00839	0.09551	0.70623	0.02280	0.02040	0.01879	0.01525	0.00699	0.00529	0.00175	0.00427	0.00578	0.00529	0.00830
2	0.01080	0.00926	0.01080	0.00771	0.01234	0.00694	0.00617	0.01311	0.01080	0.01697	0.00926	0.01080	0.00771	0.00386	0.00386	0.00077	0.00386	0.00309	0.00309	0.84882
3	0.00827	0.00555	0.00675	0.00708	0.00789	0.00549	0.00485	0.01065	0.08421	0.04548	0.09376	0.41325	0.02834	0.17386	0.01014	0.00253	0.00349	0.01081	0.07289	0.00470
4	0.00936	0.00883	0.01679	0.01334	0.01585	0.00893	0.30414	0.01197	0.00980	0.01362	0.01294	0.01977	0.01180	0.12993	0.38265	0.00533	0.01072	0.00607	0.00278	0.00538
5	0.01144	0.00607	0.00794	0.00739	0.00918	0.00542	0.00556	0.01316	0.01298	0.23457	0.25135	0.27493	0.11606	0.01150	0.00604	0.00179	0.00321	0.01009	0.00555	0.00576
6	0.00744	0.00558	0.00837	0.00837	0.00930	0.00651	0.00651	0.00930	0.00837	0.01209	0.01395	0.02046	0.01302	0.03906	0.79635	0.00837	0.01395	0.00558	0.00279	0.00465
7	0.01621	0.50664	0.02275	0.01011	0.01445	0.01887	0.00929	0.30806	0.01599	0.02026	0.00929	0.00997	0.00753	0.00515	0.00407	0.00129	0.00563	0.00353	0.00339	0.00753
8	0.03273	0.01496	0.29731	0.06233	0.06924	0.00984	0.01260	0.01479	0.01131	0.10835	0.05109	0.12635	0.03400	0.00812	0.00642	0.00181	0.07062	0.05792	0.00354	0.00666
9	0.08196	0.08312	0.15457	0.01429	0.07565	0.01181	0.16166	0.06760	0.01282	0.18230	0.01186	0.01283	0.00852	0.00505	0.00489	0.00151	0.00610	0.00447	0.00360	0.09539
10	0.09911	0.01017	0.01382	0.01444	0.14863	0.01096	0.06168	0.13747	0.07779	0.03904	0.01653	0.17297	0.01603	0.00879	0.00651	0.00185	0.06997	0.08352	0.00405	0.00667
11	0.00633	0.00484	0.00582	0.00658	0.00744	0.00434	0.00460	0.00742	0.01072	0.01364	0.03751	0.51400	0.30912	0.01512	0.00648	0.00199	0.00293	0.03198	0.00483	0.00431
12	0.01127	0.01136	0.09643	0.33113	0.10118	0.01083	0.03886	0.06027	0.07938	0.05055	0.07800	0.08093	0.01403	0.00673	0.00541	0.00172	0.00588	0.00597	0.00345	0.00662
13	0.04078	0.16727	0.20190	0.01359	0.09822	0.01319	0.03268	0.13286	0.02582	0.17606	0.01262	0.04132	0.00958	0.00575	0.00481	0.00154	0.00586	0.00460	0.00376	0.00778
14	0.01792	0.01790	0.01704	0.09357	0.01941	0.35436	0.11681	0.19038	0.01621	0.09083	0.01071	0.01199	0.00797	0.00552	0.00512	0.00152	0.00776	0.00436	0.00357	0.00706
15	0.02197	0.00857	0.01153	0.00894	0.01279	0.00739	0.00735	0.02393	0.01466	0.72543	0.02315	0.02035	0.07520	0.00699	0.00531	0.00162	0.00429	0.00570	0.00632	0.00850
16	0.01208	0.20147	0.14635	0.33921	0.06502	0.01392	0.03031	0.04262	0.04475	0.04281	0.00990	0.01240	0.00759	0.00510	0.00475	0.00156	0.00649	0.00418	0.00268	0.00679
17	0.07927	0.03668	0.10928	0.10700	0.05519	0.10033	0.05936	0.07380	0.08413	0.18583	0.01272	0.01356	0.00916	0.00577	0.00556	0.00164	0.04497	0.00455	0.00383	0.00737
18	0.01337	0.00642	0.00818	0.00761	0.00954	0.00595	0.00573	0.01559	0.04535	0.28936	0.02303	0.33067	0.02158	0.01027	0.00546	0.00173	0.00344	0.00894	0.18159	0.00618
19	0.00703	0.00530	0.00728	0.00911	0.07041	0.00502	0.00569	0.00812	0.01012	0.01348	0.02753	0.62243	0.07172	0.07429	0.00799	0.00228	0.00347	0.03968	0.00453	0.00451
20	0.02023	0.01091	0.03743	0.05238	0.05412	0.01018	0.03632	0.15517	0.05271	0.48838	0.01734	0.01611	0.01142	0.00617	0.00525	0.00162	0.00512	0.00510	0.00550	0.00854

[dist]
# distance from previous block
# <min> <max>
5	9

[block]
# block no. 2 follows, 47 sequences, length 39
# corresponding to MSA columns:
# 384-422
name=unknown_C
#
# <colnr> <probs for GDERKNQSTAVLIFYWHMCP>
#	G	D	E	R	K	N	Q	S	T	A	V	L	I	F	Y	W	H	M	C	P
0	0.44076	0.22564	0.01398	0.00816	0.01182	0.01419	0.00708	0.06257	0.09226	0.02045	0.00918	0.00999	0.00733	0.00500	0.00363	0.00144	0.00454	0.00327	0.00329	0.05542
1	0.00700	0.00484	0.00595	0.00646	0.00670	0.00467	0.00406	0.00761	0.00925	0.01244	0.08531	0.38717	0.02845	0.38799	0.01584	0.00344	0.00392	0.01100	0.00413	0.00379
2	0.01331	0.01188	0.01785	0.03560	0.08635	0.01261	0.21385	0.02316	0.43647	0.06524	0.01696	0.01715	0.01265	0.00604	0.00551	0.00173	0.00565	0.00578	0.00433	0.00789
3	0.00941	0.01108	0.11837	0.01277	0.01620	0.00861	0.25981	0.01299	0.01343	0.01891	0.42314	0.02695	0.02980	0.00781	0.00599	0.00168	0.00525	0.00759	0.00423	0.00598
4	0.00878	0.00732	0.01111	0.43331	0.02199	0.00860	0.00935	0.01071	0.00913	0.01190	0.01248	0.02270	0.01227	0.34975	0.04753	0.00342	0.00644	0.00591	0.00269	0.00463
5	0.00748	0.00541	0.00751	0.00751	0.00815	0.00605	0.00544	0.00875	0.00812	0.01146	0.01473	0.02479	0.01490	0.28623	0.55174	0.00731	0.01112	0.00621	0.00291	0.00417
6	0.02336	0.00886	0.01209	0.00927	0.01329	0.00765	0.00765	0.02538	0.01491	0.78810	0.02055	0.01773	0.01289	0.00645	0.00524	0.00161	0.00443	0.00524	0.00645	0.00886
7	0.00832	0.00576	0.00783	0.00817	0.00946	0.00554	0.00676	0.01074	0.01335	0.03885	0.37792	0.04842	0.03842	0.01243	0.00665	0.00202	0.00370	0.38545	0.00528	0.00496
8	0.01289	0.01237	0.02114	0.03196	0.78450	0.01237	0.01598	0.01598	0.01186	0.01701	0.00980	0.01289	0.00825	0.00464	0.00516	0.00155	0.00619	0.00464	0.00258	0.00825
9	0.02296	0.00951	0.01249	0.00957	0.01362	0.00862	0.00791	0.10958	0.01599	0.70236	0.01963	0.01713	0.01243	0.00642	0.00523	0.00161	0.00458	0.00517	0.00631	0.00886
10	0.00847	0.00535	0.00630	0.00674	0.00764	0.00529	0.00477	0.06248	0.01133	0.01682	0.02345	0.47834	0.02523	0.01201	0.00549	0.00176	0.00300	0.01060	0.30016	0.00477
11	0.01080	0.00926	0.01080	0.00771	0.01234	0.00694	0.00617	0.01311	0.01080	0.01697	0.00926	0.01080	0.00771	0.00386	0.00386	0.00077	0.00386	0.00309	0.00309	0.84882
12	0.01893	0.02372	0.01452	0.01319	0.01589	0.73291	0.00992	0.02135	0.07608	0.01347	0.00911	0.01020	0.00745	0.00550	0.00474	0.00138	0.00897	0.00356	0.00289	0.00622
13	0.11152	0.00941	0.01168	0.04758	0.08033	0.00840	0.00768	0.03377	0.01178	0.17762	0.01254	0.05559	0.01002	0.00537	0.00443	0.00125	0.00434	0.00438	0.00386	0.39844
14	0.02272	0.00990	0.01273	0.00976	0.01381	0.00919	0.00806	0.15981	0.01664	0.65123	0.01909	0.01678	0.01216	0.00641	0.00523	0.00160	0.00467	0.00514	0.00622	0.00886
15	0.00649	0.00529	0.00574	0.00563	0.00724	0.00454	0.00422	0.00813	0.01267	0.01596	0.25496	0.04701	0.57900	0.01248	0.00615	0.00173	0.00259	0.01055	0.00508	0.00454
16	0.00639	0.00462	0.00606	0.00720	0.00761	0.00429	0.00488	0.00736	0.01014	0.01340	0.03007	0.74839	0.07778	0.01608	0.00663	0.00210	0.00305	0.03486	0.00483	0.00426
17	0.01234	0.01224	0.02216	0.14115	0.53334	0.01241	0.15781	0.01573	0.01173	0.01642	0.00986	0.01325	0.00800	0.00467	0.00535	0.00161	0.00679	0.00492	0.00255	0.00766
18	0.00700	0.00529	0.00653	0.00697	0.00788	0.00509	0.00492	0.00905	0.05530	0.01483	0.14541	0.40223	0.17661	0.05667	0.06878	0.00259	0.00388	0.01165	0.00475	0.00458
19	0.00705	0.00486	0.00601	0.00664	0.00685	0.00472	0.00424	0.00761	0.00894	0.01190	0.02277	0.39782	0.02678	0.39818	0.01615	0.00353	0.00409	0.05407	0.00403	0.00375
20	0.01248	0.03394	0.05345	0.07637	0.01798	0.10509	0.15987	0.09235	0.03591	0.01619	0.03348	0.05443	0.01099	0.02444	0.09226	0.00254	0.16334	0.00553	0.00309	0.00628
21	0.03959	0.08844	0.02196	0.06238	0.08006	0.05454	0.26621	0.28264	0.01634	0.02182	0.01058	0.01248	0.00797	0.00519	0.00527	0.00159	0.00699	0.00488	0.00351	0.00758
22	0.01162	0.01815	0.37146	0.03590	0.17246	0.05613	0.01486	0.01568	0.01165	0.05974	0.01371	0.07496	0.01228	0.00702	0.00541	0.00174	0.00658	0.10047	0.00307	0.00711
23	0.82614	0.01056	0.00789	0.00707	0.01027	0.03766	0.00579	0.01549	0.00906	0.02301	0.00728	0.00849	0.00568	0.00485	0.00327	0.00160	0.00421	0.00284	0.00320	0.00565
24	0.00785	0.00494	0.00535	0.00557	0.00672	0.00461	0.00402	0.00960	0.01113	0.01653	0.07378	0.18534	0.23580	0.03378	0.00574	0.00168	0.00268	0.00887	0.37145	0.00456
25	0.40319	0.01127	0.03210	0.01259	0.11887	0.03022	0.00911	0.01457	0.00931	0.01866	0.00807	0.01061	0.00681	0.00615	0.00768	0.00177	0.24150	0.00373	0.04774	0.00604
26	0.00731	0.00538	0.00645	0.00685	0.00781	0.00508	0.00512	0.00859	0.01069	0.01368	0.07463	0.09305	0.25032	0.25087	0.01250	0.00293	0.00399	0.22621	0.00438	0.00417
27	0.01392	0.82012	0.02729	0.00891	0.01337	0.02061	0.00891	0.01559	0.01058	0.01225	0.00724	0.00835	0.00668	0.00446	0.00334	0.00111	0.00557	0.00278	0.00223	0.00668
28	0.01626	0.00678	0.00832	0.00697	0.00953	0.00620	0.00556	0.01849	0.01283	0.38800	0.01869	0.01860	0.01313	0.00625	0.00441	0.00140	0.00339	0.00504	0.44337	0.00678
29	0.01980	0.01459	0.01563	0.01198	0.01615	0.01615	0.00990	0.76713	0.02448	0.03282	0.01250	0.01250	0.00886	0.00625	0.00521	0.00156	0.00573	0.00469	0.00521	0.00886
30	0.01980	0.01459	0.01563	0.01198	0.01615	0.01615	0.00990	0.76713	0.02448	0.03282	0.01250	0.01250	0.00886	0.00625	0.00521	0.00156	0.00573	0.00469	0.00521	0.00886
31	0.31376	0.01064	0.01052	0.00900	0.01215	0.01190	0.00723	0.15472	0.23849	0.07277	0.09468	0.01621	0.01428	0.00646	0.00463	0.00165	0.00422	0.00491	0.00466	0.00712
32	0.01509	0.00791	0.01059	0.00901	0.01112	0.00820	0.00707	0.06124	0.01177	0.32712	0.01609	0.02002	0.01294	0.14459	0.20746	0.02644	0.08695	0.00558	0.00441	0.00641
33	0.01045	0.02694	0.79000	0.01484	0.02254	0.01209	0.01924	0.01649	0.01099	0.01649	0.00935	0.01099	0.00660	0.00495	0.00495	0.00165	0.00770	0.00385	0.00220	0.00770
34	0.00762	0.00513	0.00655	0.00681	0.00782	0.00468	0.00487	0.00922	0.01218	0.05456	0.30160	0.38640	0.12520	0.01316	0.00626	0.00185	0.00283	0.01170	0.02683	0.00474
35	0.01039	0.05864	0.10071	0.20851	0.03824	0.01252	0.06315	0.01292	0.00951	0.01335	0.00997	0.03756	0.00910	0.06312	0.08275	0.00269	0.25346	0.00509	0.00249	0.00584
36	0.00963	0.00839	0.01199	0.43378	0.02347	0.00951	0.01026	0.09116	0.01257	0.01598	0.06102	0.02619	0.24942	0.00806	0.00555	0.00172	0.00526	0.00684	0.00357	0.00564
37	0.01725	0.00758	0.00979	0.00803	0.01092	0.00689	0.00643	0.04018	0.02763	0.45517	0.15894	0.04482	0.02016	0.00744	0.00516	0.00156	0.00371	0.00621	0.15486	0.00729
38	0.01020	0.04797	0.01393	0.01767	0.31935	0.02204	0.01041	0.01266	0.01219	0.01653	0.14111	0.09279	0.06268	0.00935	0.00589	0.00180	0.00484	0.18845	0.00390	0.00624

[dist]
# distance from previous block
# <min> <max>
0	1

[block]
# block no. 3 follows, 47 sequences, length 18
# corresponding to MSA columns:
# 424-441
name=unknown_D
#
# <colnr> <probs for GDERKNQSTAVLIFYWHMCP>
#	G	D	E	R	K	N	Q	S	T	A	V	L	I	F	Y	W	H	M	C	P
0	0.01338	0.04578	0.15608	0.20340	0.10435	0.01217	0.09706	0.03708	0.09204	0.13149	0.01230	0.01406	0.00899	0.00557	0.00575	0.00168	0.04332	0.00481	0.00336	0.00735
1	0.01450	0.00718	0.00909	0.00834	0.01051	0.02869	0.00637	0.01601	0.01253	0.36389	0.02560	0.35784	0.06215	0.01129	0.00595	0.00186	0.00390	0.04238	0.00550	0.00641
2	0.85377	0.01007	0.00765	0.00685	0.01007	0.01168	0.00564	0.01531	0.00886	0.02336	0.00725	0.00846	0.00564	0.00483	0.00322	0.00161	0.00403	0.00282	0.00322	0.00564
3	0.00709	0.00532	0.00661	0.00636	0.00762	0.00494	0.00473	0.00909	0.01309	0.01787	0.49519	0.03972	0.22230	0.05710	0.07772	0.00245	0.00366	0.00936	0.00511	0.00467
4	0.01239	0.07149	0.03761	0.00977	0.05802	0.00899	0.00765	0.05481	0.01183	0.06399	0.00999	0.01125	0.00801	0.00427	0.00408	0.00096	0.00438	0.00339	0.00328	0.61383
5	0.34832	0.00951	0.01018	0.00836	0.01167	0.00988	0.00684	0.05168	0.01140	0.22776	0.01195	0.01271	0.00877	0.00848	0.07543	0.00213	0.04823	0.00394	0.00408	0.12868
6	0.05894	0.23871	0.29206	0.01300	0.03602	0.06058	0.05310	0.14155	0.01326	0.01816	0.00913	0.01051	0.00707	0.00510	0.00476	0.00148	0.02262	0.00377	0.00283	0.00734
7	0.01367	0.18147	0.04381	0.03427	0.22422	0.09843	0.16265	0.05605	0.01226	0.01581	0.00955	0.01283	0.00810	0.00540	0.00607	0.00157	0.08004	0.02403	0.00268	0.00709
8	0.00694	0.00553	0.00608	0.00597	0.00755	0.00496	0.00446	0.00924	0.05027	0.01641	0.24515	0.08525	0.48284	0.01214	0.00606	0.00173	0.00268	0.01032	0.03167	0.00473
9	0.01331	0.00986	0.01076	0.00913	0.01193	0.01035	0.00745	0.37667	0.01808	0.02396	0.06128	0.03086	0.23439	0.00949	0.00570	0.00171	0.00440	0.10420	0.04982	0.00666
10	0.00689	0.00486	0.00634	0.00699	0.00732	0.00486	0.00464	0.00770	0.00900	0.01216	0.02260	0.45123	0.02625	0.25071	0.14977	0.00405	0.00551	0.01112	0.00400	0.00399
11	0.01664	0.01302	0.01385	0.01134	0.01495	0.01467	0.00913	0.42564	0.37112	0.02772	0.01652	0.01570	0.01211	0.00663	0.00525	0.00166	0.00499	0.00524	0.00525	0.00857
12	0.01716	0.01327	0.01414	0.01145	0.01514	0.01492	0.00926	0.48181	0.31410	0.02856	0.01586	0.01518	0.01157	0.00657	0.00524	0.00164	0.00511	0.00515	0.00524	0.00862
13	0.01560	0.01902	0.02335	0.01801	0.02208	0.37472	0.41668	0.01858	0.01343	0.01486	0.00939	0.01190	0.00735	0.00484	0.00548	0.00156	0.00906	0.00486	0.00266	0.00657
14	0.00932	0.01537	0.33827	0.01180	0.01578	0.00916	0.10059	0.01262	0.00967	0.01382	0.01243	0.02025	0.01168	0.27916	0.11473	0.00366	0.00775	0.00558	0.00264	0.00571
15	0.00940	0.00761	0.00869	0.00880	0.01032	0.00826	0.00641	0.01668	0.36331	0.01721	0.02524	0.44684	0.02588	0.01204	0.00602	0.00195	0.00353	0.01069	0.00505	0.00608
16	0.04776	0.10718	0.01461	0.00963	0.01393	0.01225	0.00807	0.29464	0.01636	0.13290	0.01176	0.01204	0.00868	0.00522	0.00447	0.00126	0.00484	0.00394	0.00426	0.28620
17	0.03868	0.12769	0.07761	0.03565	0.27763	0.01299	0.12981	0.06040	0.01238	0.06712	0.02564	0.02995	0.00938	0.00525	0.00522	0.00152	0.02297	0.00477	0.00306	0.05228

[dist]
# distance from previous block
# <min> <max>
0	7

[block]
# block no. 4 follows, 47 sequences, length 7
# corresponding to MSA columns:
# 449-455
name=unknown_E
#
# <colnr> <probs for GDERKNQSTAVLIFYWHMCP>
#	G	D	E	R	K	N	Q	S	T	A	V	L	I	F	Y	W	H	M	C	P
0	0.01409	0.60237	0.14009	0.01036	0.01508	0.11569	0.01060	0.01637	0.01116	0.01295	0.00766	0.00888	0.00667	0.00464	0.00375	0.00122	0.00636	0.00301	0.00228	0.00675
1	0.10543	0.00574	0.00643	0.00653	0.00742	0.00567	0.00436	0.00957	0.00936	0.06635	0.02264	0.28172	0.08608	0.34336	0.01428	0.00320	0.00404	0.00948	0.00407	0.00428
2	0.11632	0.07387	0.01117	0.00926	0.05859	0.00860	0.00679	0.01676	0.03300	0.29382	0.07179	0.07312	0.09457	0.10078	0.00753	0.00202	0.00424	0.00648	0.00475	0.00657
3	0.08714	0.07257	0.15062	0.01274	0.10292	0.01158	0.01048	0.05887	0.18234	0.10149	0.02969	0.04610	0.03357	0.00643	0.00492	0.00159	0.00509	0.01816	0.00398	0.05973
4	0.01262	0.09980	0.01063	0.00810	0.01008	0.00754	0.00628	0.01402	0.01113	0.24749	0.02071	0.30736	0.02046	0.07351	0.12265	0.00297	0.00549	0.00865	0.00460	0.00590
5	0.00806	0.00541	0.00681	0.00682	0.00794	0.00508	0.00497	0.00955	0.01150	0.06451	0.22455	0.18617	0.17401	0.13613	0.07912	0.00290	0.00427	0.05282	0.00473	0.00464
6	0.05548	0.32255	0.13609	0.06577	0.19800	0.01454	0.01186	0.01500	0.01132	0.01565	0.09733	0.01369	0.01188	0.00535	0.00445	0.00142	0.00568	0.00427	0.00277	0.00689

[dist]
# distance from previous block
# <min> <max>
0	1

[block]
# block no. 5 follows, 47 sequences, length 21
# corresponding to MSA columns:
# 457-477
name=unknown_F
#
# <colnr> <probs for GDERKNQSTAVLIFYWHMCP>
#	G	D	E	R	K	N	Q	S	T	A	V	L	I	F	Y	W	H	M	C	P
0	0.01064	0.00972	0.04266	0.01503	0.08744	0.00908	0.22017	0.01339	0.01159	0.06262	0.01922	0.18602	0.01960	0.00998	0.00694	0.00200	0.04898	0.21501	0.00387	0.00602
1	0.75786	0.01122	0.00852	0.00753	0.01077	0.05987	0.00614	0.05613	0.01006	0.02322	0.00758	0.00873	0.00588	0.00494	0.00342	0.00159	0.00445	0.00295	0.00330	0.00584
2	0.00777	0.00535	0.00702	0.00672	0.00793	0.00492	0.00499	0.01003	0.01418	0.04520	0.66699	0.13052	0.04619	0.01118	0.00617	0.00169	0.00259	0.00992	0.00565	0.00496
3	0.00993	0.04079	0.10277	0.06383	0.23159	0.03655	0.01077	0.01252	0.01162	0.01523	0.04959	0.02793	0.27417	0.00850	0.00614	0.00170	0.04695	0.03975	0.00346	0.00619
4	0.00677	0.00522	0.00614	0.00631	0.00757	0.00467	0.00469	0.00838	0.01221	0.01582	0.25027	0.16492	0.36784	0.04636	0.00716	0.00197	0.00292	0.07126	0.00501	0.00450
5	0.01945	0.02482	0.01476	0.01342	0.01610	0.79608	0.01006	0.02079	0.01476	0.01275	0.00805	0.00939	0.00671	0.00537	0.00470	0.00134	0.00939	0.00335	0.00268	0.00604
6	0.01463	0.00655	0.00857	0.00774	0.00989	0.00589	0.00590	0.01630	0.01237	0.36475	0.02297	0.31505	0.02101	0.01006	0.00548	0.00173	0.00356	0.00874	0.15237	0.00643
7	0.01128	0.30913	0.01323	0.00637	0.00879	0.01073	0.00561	0.01343	0.01079	0.01674	0.01335	0.01529	0.01086	0.00547	0.00353	0.00118	0.00360	0.00408	0.53102	0.00554
8	0.01760	0.31523	0.01998	0.01084	0.01511	0.01781	0.00953	0.48664	0.01930	0.02514	0.01054	0.01095	0.00805	0.00558	0.00451	0.00140	0.00567	0.00398	0.00410	0.00805
9	0.00702	0.00508	0.00628	0.00669	0.00773	0.00459	0.00482	0.00848	0.01178	0.03423	0.20563	0.37663	0.24383	0.01385	0.00638	0.00191	0.00289	0.04252	0.00508	0.00457
10	0.01904	0.03959	0.01649	0.01240	0.01635	0.06451	0.04334	0.60767	0.02190	0.05517	0.01202	0.01238	0.00867	0.00618	0.00565	0.00158	0.03926	0.00462	0.00477	0.00840
11	0.01007	0.01050	0.02152	0.01646	0.01988	0.00983	0.48166	0.01316	0.01143	0.01542	0.01732	0.31245	0.01781	0.00884	0.00633	0.00189	0.00663	0.00938	0.00346	0.00598
12	0.00780	0.00516	0.00676	0.00699	0.00797	0.00473	0.00500	0.00944	0.01235	0.06382	0.34309	0.40628	0.07444	0.01320	0.00633	0.00187	0.00285	0.01180	0.00531	0.00481
13	0.01247	0.33526	0.24252	0.14757	0.02074	0.01570	0.05237	0.06184	0.03796	0.01546	0.00916	0.01099	0.00722	0.00492	0.00445	0.00146	0.00654	0.00380	0.00254	0.00702
14	0.01673	0.03720	0.01585	0.21197	0.05955	0.01247	0.04418	0.23238	0.05684	0.21731	0.01366	0.01448	0.00959	0.00594	0.00552	0.00164	0.02766	0.00488	0.00438	0.00778
15	0.00789	0.00522	0.00634	0.00658	0.00738	0.00489	0.00448	0.00879	0.01008	0.06011	0.06068	0.28998	0.16782	0.27165	0.03746	0.00314	0.00406	0.03482	0.00437	0.00426
16	0.42056	0.00824	0.00819	0.00717	0.00985	0.00867	0.00574	0.01519	0.01192	0.15554	0.27379	0.02046	0.02174	0.00710	0.00457	0.00162	0.00356	0.00549	0.00464	0.00595
17	0.04198	0.05425	0.22224	0.01480	0.08120	0.05849	0.12450	0.09297	0.01348	0.17533	0.01310	0.06186	0.01012	0.00597	0.00519	0.00162	0.00647	0.00518	0.00369	0.00757
18	0.01522	0.00854	0.03932	0.07221	0.01357	0.00792	0.00802	0.01751	0.01352	0.36528	0.24665	0.05592	0.02340	0.00821	0.00664	0.00171	0.07742	0.00673	0.00530	0.00691
19	0.00940	0.00697	0.01001	0.27910	0.01746	0.00783	0.00821	0.03703	0.01023	0.04196	0.01569	0.11393	0.01548	0.20841	0.09002	0.00323	0.00612	0.03965	0.07431	0.00495
20	0.27803	0.03401	0.02881	0.01209	0.13552	0.06500	0.00837	0.03720	0.01122	0.05584	0.00921	0.01061	0.00730	0.00463	0.00404	0.00129	0.00488	0.00343	0.00320	0.28533

[dist]
# distance from previous block
# <min> <max>
2	8

[block]
# block no. 6 follows, 47 sequences, length 15
# corresponding to MSA columns:
# 486-500
name=unknown_G
#
# <colnr> <probs for GDERKNQSTAVLIFYWHMCP>
#	G	D	E	R	K	N	Q	S	T	A	V	L	I	F	Y	W	H	M	C	P
0	0.00984	0.03399	0.01358	0.06300	0.30378	0.00902	0.01009	0.03479	0.01116	0.01527	0.01911	0.36859	0.03888	0.01025	0.00619	0.00183	0.03160	0.00924	0.00368	0.00611
1	0.00757	0.00540	0.00656	0.00680	0.00813	0.00502	0.00539	0.00964	0.01255	0.01715	0.25514	0.07243	0.24120	0.01193	0.00611	0.00183	0.00314	0.20370	0.11558	0.00471
2	0.46143	0.01035	0.00935	0.00794	0.01105	0.01167	0.00647	0.21021	0.03716	0.02507	0.01078	0.01179	0.00816	0.00549	0.00388	0.00153	0.00419	0.00376	0.15329	0.00642
3	0.00707	0.00509	0.00587	0.00594	0.00660	0.00478	0.00387	0.00794	0.01018	0.01341	0.17069	0.13020	0.19859	0.38928	0.01574	0.00332	0.00378	0.00954	0.00422	0.00389
4	0.00983	0.00926	0.01562	0.80447	0.03587	0.01157	0.01446	0.01331	0.01041	0.01331	0.00926	0.01388	0.00694	0.00521	0.00521	0.00174	0.00694	0.00463	0.00231	0.00579
5	0.00679	0.00489	0.00598	0.00646	0.00704	0.00457	0.00429	0.00776	0.01036	0.01375	0.14385	0.38851	0.13939	0.21845	0.01155	0.00274	0.00340	0.01160	0.00454	0.00408
6	0.01945	0.02482	0.01476	0.01342	0.01610	0.79608	0.01006	0.02079	0.01476	0.01275	0.00805	0.00939	0.00671	0.00537	0.00470	0.00134	0.00939	0.00335	0.00268	0.00604
7	0.01080	0.00926	0.01080	0.00771	0.01234	0.00694	0.00617	0.01311	0.01080	0.01697	0.00926	0.01080	0.00771	0.00386	0.00386	0.00077	0.00386	0.00309	0.00309	0.84882
8	0.85377	0.01007	0.00765	0.00685	0.01007	0.01168	0.00564	0.01531	0.00886	0.02336	0.00725	0.00846	0.00564	0.00483	0.00322	0.00161	0.00403	0.00282	0.00322	0.00564
9	0.00711	0.00527	0.00669	0.00715	0.00800	0.00504	0.00505	0.00946	0.06241	0.01638	0.27637	0.47104	0.07299	0.01370	0.00637	0.00192	0.00289	0.01227	0.00516	0.00473
10	0.85377	0.01007	0.00765	0.00685	0.01007	0.01168	0.00564	0.01531	0.00886	0.02336	0.00725	0.00846	0.00564	0.00483	0.00322	0.00161	0.00403	0.00282	0.00322	0.00564
11	0.01513	0.01209	0.01562	0.38290	0.02538	0.01401	0.01203	0.41431	0.01790	0.02369	0.01098	0.01315	0.00796	0.00576	0.00521	0.00164	0.00630	0.00466	0.00385	0.00742
12	0.46023	0.01059	0.00958	0.00860	0.01170	0.01228	0.00686	0.02110	0.36749	0.02263	0.01378	0.01359	0.01044	0.00588	0.00419	0.00168	0.00407	0.00426	0.00419	0.00686
13	0.46069	0.38920	0.01684	0.00781	0.01161	0.01586	0.00717	0.01544	0.00967	0.01816	0.00725	0.00841	0.00613	0.00466	0.00328	0.00138	0.00475	0.00280	0.00276	0.00613
14	0.01520	0.01211	0.01219	0.01015	0.01288	0.06613	0.00781	0.36804	0.17085	0.02327	0.01497	0.01933	0.01276	0.21839	0.01076	0.00250	0.00548	0.00559	0.00452	0.00705

[dist]
# distance from previous block
# <min> <max>
0	7

[block]
# block no. 7 follows, 47 sequences, length 20
# corresponding to MSA columns:
# 508-527
name=unknown_H
#
# <colnr> <probs for GDERKNQSTAVLIFYWHMCP>
#	G	D	E	R	K	N	Q	S	T	A	V	L	I	F	Y	W	H	M	C	P
0	0.09387	0.01289	0.04128	0.01943	0.33158	0.01303	0.01196	0.27187	0.03319	0.07789	0.03498	0.01357	0.00991	0.00558	0.00503	0.00157	0.00560	0.00468	0.00395	0.00814
1	0.01606	0.01331	0.01830	0.05197	0.39014	0.01414	0.01303	0.37344	0.01781	0.02440	0.01106	0.01274	0.00849	0.00543	0.00518	0.00156	0.00600	0.00466	0.00382	0.00844
2	0.01579	0.01713	0.01308	0.01183	0.01466	0.35437	0.00904	0.02467	0.44360	0.01784	0.01546	0.01505	0.01189	0.00632	0.00504	0.00158	0.00642	0.00478	0.00416	0.00728
3	0.01419	0.01632	0.01136	0.01042	0.01247	0.45115	0.00782	0.01601	0.01475	0.01629	0.34536	0.02226	0.02521	0.00767	0.00533	0.00147	0.00637	0.00600	0.00401	0.00555
4	0.00692	0.00498	0.00656	0.00686	0.00768	0.00462	0.00488	0.00870	0.01266	0.01757	0.45344	0.37664	0.04273	0.01312	0.00636	0.00185	0.00270	0.01177	0.00534	0.00462
5	0.85377	0.01007	0.00765	0.00685	0.01007	0.01168	0.00564	0.01531	0.00886	0.02336	0.00725	0.00846	0.00564	0.00483	0.00322	0.00161	0.00403	0.00282	0.00322	0.00564
6	0.85377	0.01007	0.00765	0.00685	0.01007	0.01168	0.00564	0.01531	0.00886	0.02336	0.00725	0.00846	0.00564	0.00483	0.00322	0.00161	0.00403	0.00282	0.00322	0.00564
7	0.01142	0.00924	0.01086	0.00779	0.01239	0.00698	0.00624	0.01372	0.01100	0.05510	0.00981	0.01114	0.00797	0.00398	0.00392	0.00081	0.00389	0.00319	0.00325	0.80728
8	0.11676	0.31834	0.01896	0.01026	0.01430	0.04394	0.03335	0.22518	0.07807	0.07841	0.01099	0.01136	0.00843	0.00539	0.00429	0.00142	0.00546	0.00389	0.00377	0.00744
9	0.02146	0.01191	0.01397	0.01071	0.01482	0.01218	0.00885	0.42049	0.02001	0.38579	0.01626	0.01494	0.01074	0.00634	0.00522	0.00159	0.00512	0.00494	0.00579	0.00886
10	0.01700	0.01327	0.01781	0.02053	0.35095	0.01398	0.01241	0.39398	0.01839	0.07243	0.01182	0.01299	0.00884	0.00556	0.00519	0.00156	0.00585	0.00470	0.00414	0.00859
11	0.00757	0.00505	0.00568	0.00568	0.00568	0.00505	0.00316	0.00757	0.00757	0.01010	0.01641	0.03408	0.01893	0.81698	0.02651	0.00505	0.00505	0.00757	0.00316	0.00316
12	0.85377	0.01007	0.00765	0.00685	0.01007	0.01168	0.00564	0.01531	0.00886	0.02336	0.00725	0.00846	0.00564	0.00483	0.00322	0.00161	0.00403	0.00282	0.00322	0.00564
13	0.00668	0.00530	0.00601	0.00583	0.00736	0.00462	0.00437	0.00850	0.01312	0.01704	0.37058	0.04523	0.46271	0.01208	0.00615	0.00171	0.00256	0.01031	0.00523	0.00462
14	0.01046	0.00657	0.00860	0.00727	0.00926	0.00561	0.00532	0.01018	0.00875	0.05222	0.00972	0.01399	0.00873	0.01202	0.01323	0.47895	0.00426	0.00401	0.00279	0.32808
15	0.01040	0.00937	0.01222	0.03453	0.01269	0.01026	0.00817	0.01214	0.00969	0.01480	0.06680	0.01510	0.01138	0.05989	0.04235	0.00202	0.31381	0.00456	0.00294	0.34687
16	0.16763	0.03888	0.30260	0.00951	0.01318	0.00945	0.00994	0.01267	0.00921	0.01511	0.01169	0.01947	0.01128	0.31586	0.03101	0.00308	0.00608	0.00509	0.00277	0.00548
17	0.01144	0.05565	0.08350	0.01522	0.01905	0.01122	0.35996	0.09448	0.01252	0.01690	0.01463	0.19128	0.01411	0.03335	0.00712	0.03578	0.00663	0.00752	0.00334	0.00633
18	0.00737	0.00530	0.00616	0.00620	0.00747	0.00474	0.00448	0.00875	0.01172	0.04585	0.18909	0.16954	0.36080	0.11523	0.00882	0.00223	0.00311	0.03378	0.00487	0.00451
19	0.06900	0.12375	0.10622	0.00884	0.01190	0.05907	0.00798	0.01440	0.09569	0.01789	0.26779	0.07154	0.05826	0.00801	0.00511	0.00154	0.00438	0.00660	0.00414	0.05788

[dist]
# distance from previous block
# <min> <max>
0	2

[block]
# block no. 8 follows, 47 sequences, length 23
# corresponding to MSA columns:
# 530-552
name=unknown_I
#
# <colnr> <probs for GDERKNQSTAVLIFYWHMCP>
#	G	D	E	R	K	N	Q	S	T	A	V	L	I	F	Y	W	H	M	C	P
0	0.01286	0.06146	0.42531	0.01414	0.06851	0.01268	0.01466	0.06736	0.17853	0.07457	0.01286	0.01340	0.00933	0.00556	0.00499	0.00163	0.00635	0.00444	0.00340	0.00796
1	0.01402	0.00675	0.00877	0.00743	0.00987	0.00599	0.00587	0.01617	0.01426	0.33788	0.34008	0.03004	0.10894	0.00888	0.00561	0.00161	0.00329	0.00756	0.06049	0.00649
2	0.00994	0.00926	0.05948	0.01319	0.12089	0.00823	0.07849	0.01261	0.01069	0.04229	0.07258	0.02063	0.01460	0.01885	0.30811	0.00413	0.00870	0.05362	0.00324	0.13045
3	0.03794	0.18710	0.05353	0.33263	0.02375	0.05272	0.03812	0.10446	0.01283	0.09453	0.01028	0.01241	0.00768	0.00525	0.00475	0.00154	0.00639	0.00420	0.00311	0.00679
4	0.00909	0.00780	0.01124	0.06292	0.23955	0.00759	0.00859	0.02960	0.01197	0.01570	0.10138	0.05956	0.32033	0.01021	0.00674	0.05669	0.00421	0.02726	0.00394	0.00565
5	0.01552	0.00845	0.06014	0.00827	0.01134	0.00670	0.00708	0.01791	0.01421	0.39999	0.27113	0.02646	0.07555	0.00816	0.00550	0.00161	0.00379	0.00688	0.04429	0.00701
6	0.04515	0.04714	0.13226	0.01805	0.20057	0.01137	0.16962	0.01933	0.02997	0.25474	0.01326	0.01415	0.00938	0.00524	0.00522	0.00161	0.00626	0.00491	0.00380	0.00794
7	0.05282	0.03747	0.15810	0.03792	0.26988	0.01181	0.15408	0.01785	0.01209	0.16534	0.01167	0.01336	0.00856	0.00509	0.00540	0.00162	0.02114	0.00476	0.00327	0.00777
8	0.10756	0.00864	0.01122	0.00964	0.01165	0.00970	0.00778	0.03554	0.01090	0.26726	0.01427	0.04059	0.01156	0.04858	0.19850	0.00354	0.18735	0.00527	0.00406	0.00641
9	0.59883	0.10443	0.01106	0.00886	0.05161	0.04490	0.00682	0.03638	0.00998	0.02092	0.00896	0.06112	0.00790	0.00559	0.00368	0.00157	0.00453	0.00377	0.00321	0.00591
10	0.01248	0.00649	0.00834	0.00787	0.00976	0.00591	0.00587	0.03282	0.03213	0.27116	0.02849	0.41059	0.12243	0.01215	0.00604	0.00188	0.00354	0.01065	0.00539	0.00601
11	0.01306	0.03225	0.15972	0.01565	0.12687	0.05667	0.07317	0.03213	0.26562	0.05071	0.03362	0.01524	0.01147	0.00621	0.00636	0.00171	0.08321	0.00506	0.00367	0.00759
12	0.00826	0.00683	0.01020	0.31193	0.01850	0.00744	0.00853	0.01106	0.01296	0.01769	0.45518	0.02980	0.06404	0.00867	0.00578	0.00168	0.00418	0.00765	0.00439	0.00523
13	0.00976	0.01477	0.33357	0.00997	0.01366	0.00854	0.01050	0.04685	0.01079	0.03936	0.08193	0.02393	0.04251	0.31668	0.01337	0.00295	0.00585	0.00610	0.00324	0.00569
14	0.33288	0.00957	0.01257	0.49915	0.02599	0.01161	0.01109	0.01407	0.00982	0.01716	0.00849	0.01181	0.00644	0.00506	0.00445	0.00169	0.00583	0.00394	0.00266	0.00573
15	0.00645	0.00525	0.00571	0.00567	0.00723	0.00451	0.00422	0.00802	0.01245	0.01563	0.22288	0.08452	0.57381	0.01274	0.00618	0.00175	0.00261	0.01081	0.00505	0.00451
16	0.01139	0.01139	0.01595	0.01367	0.01367	0.01595	0.01139	0.01253	0.00798	0.01253	0.00684	0.01139	0.00684	0.00911	0.01709	0.00228	0.80745	0.00456	0.00228	0.00570
17	0.01121	0.00920	0.01048	0.01021	0.01249	0.01029	0.00830	0.02121	0.48298	0.01941	0.02364	0.03448	0.02128	0.00987	0.00602	0.00201	0.00438	0.29051	0.00511	0.00692
18	0.01024	0.00933	0.01306	0.01211	0.01257	0.01214	0.01024	0.01187	0.00951	0.01370	0.01477	0.02952	0.01569	0.01113	0.01330	0.00232	0.50021	0.28969	0.00324	0.00535
19	0.00876	0.00754	0.00776	0.00731	0.00953	0.00767	0.00560	0.01521	0.30402	0.01702	0.04067	0.03837	0.48898	0.01084	0.00583	0.00176	0.00321	0.00904	0.00501	0.00587
20	0.85377	0.01007	0.00765	0.00685	0.01007	0.01168	0.00564	0.01531	0.00886	0.02336	0.00725	0.00846	0.00564	0.00483	0.00322	0.00161	0.00403	0.00282	0.00322	0.00564
21	0.01980	0.01459	0.01563	0.01198	0.01615	0.01615	0.00990	0.76713	0.02448	0.03282	0.01250	0.01250	0.00886	0.00625	0.00521	0.00156	0.00573	0.00469	0.00521	0.00886
22	0.53067	0.00807	0.00658	0.00608	0.00854	0.00907	0.00487	0.01409	0.00965	0.02185	0.01098	0.01265	0.00859	0.00531	0.00338	0.00146	0.00342	0.00360	0.32579	0.00534

[dist]
# distance from previous block
# <min> <max>
0	1

[block]
# block no. 9 follows, 47 sequences, length 21
# corresponding to MSA columns:
# 554-574
name=unknown_J
#
# <colnr> <probs for GDERKNQSTAVLIFYWHMCP>
#	G	D	E	R	K	N	Q	S	T	A	V	L	I	F	Y	W	H	M	C	P
0	0.01364	0.00996	0.01166	0.01057	0.01312	0.01067	0.00888	0.36732	0.01776	0.02357	0.02054	0.08395	0.02029	0.01067	0.00622	0.00199	0.00513	0.35240	0.00499	0.00668
1	0.01632	0.41985	0.04401	0.01106	0.01488	0.31670	0.00971	0.06982	0.02886	0.01418	0.00826	0.00934	0.00703	0.00500	0.00408	0.00126	0.00708	0.00323	0.00267	0.00665
2	0.01370	0.06903	0.04990	0.01235	0.01696	0.09987	0.18767	0.03057	0.01224	0.08923	0.01041	0.01193	0.00804	0.00453	0.00466	0.00122	0.00602	0.00409	0.00319	0.36437
3	0.05529	0.26325	0.31350	0.01222	0.04986	0.01394	0.01278	0.04014	0.01196	0.16507	0.01088	0.01149	0.00793	0.00511	0.00445	0.00147	0.00612	0.00380	0.00318	0.00757
4	0.00714	0.00545	0.00734	0.00724	0.00842	0.00564	0.00555	0.00904	0.01075	0.01476	0.21825	0.03159	0.18883	0.02621	0.42362	0.00522	0.00857	0.00773	0.00398	0.00466
5	0.00905	0.00452	0.00678	0.00678	0.00678	0.00452	0.00452	0.00678	0.00678	0.00905	0.00905	0.01583	0.00905	0.01809	0.02035	0.84848	0.00452	0.00452	0.00226	0.00226
6	0.01216	0.01207	0.02202	0.12235	0.28218	0.01221	0.28155	0.04204	0.06513	0.01736	0.03700	0.01664	0.01076	0.00545	0.00564	0.00170	0.00687	0.03655	0.00304	0.00727
7	0.01260	0.08374	0.37343	0.09221	0.08008	0.06310	0.11814	0.06921	0.01242	0.03303	0.00974	0.01177	0.00724	0.00498	0.00503	0.00160	0.00739	0.00427	0.00263	0.00738
8	0.01032	0.00842	0.00950	0.00869	0.01082	0.00916	0.00667	0.01926	0.41645	0.02136	0.37994	0.02861	0.03158	0.00875	0.00570	0.00171	0.00334	0.00755	0.00550	0.00667
9	0.01395	0.00752	0.00956	0.00801	0.01050	0.00706	0.00634	0.10075	0.01581	0.27161	0.42376	0.02937	0.05597	0.00886	0.00574	0.00162	0.00348	0.00757	0.00588	0.00663
10	0.05337	0.01178	0.01332	0.03359	0.09829	0.03398	0.00930	0.16896	0.37666	0.07975	0.03592	0.03459	0.01375	0.00669	0.00520	0.00168	0.00483	0.00551	0.00483	0.00799
11	0.03567	0.00827	0.04746	0.03319	0.19919	0.00744	0.00876	0.01162	0.01248	0.01781	0.29034	0.11889	0.07715	0.00959	0.00580	0.00173	0.00406	0.07464	0.03011	0.00578
12	0.01240	0.00913	0.01040	0.00942	0.01150	0.00972	0.00715	0.33395	0.04902	0.02203	0.02143	0.43602	0.02268	0.01160	0.00597	0.00186	0.00423	0.01008	0.00502	0.00639
13	0.00679	0.00483	0.00624	0.00694	0.00730	0.00474	0.00461	0.00761	0.00922	0.01236	0.02449	0.48697	0.05336	0.21945	0.11665	0.00367	0.00497	0.01164	0.00414	0.00402
14	0.03676	0.26441	0.10942	0.01326	0.04076	0.11222	0.10436	0.22401	0.01519	0.01945	0.00952	0.01078	0.00745	0.00513	0.00461	0.00143	0.00670	0.00398	0.00319	0.00738
15	0.01089	0.00803	0.00900	0.00850	0.01020	0.00869	0.00614	0.01797	0.36099	0.06990	0.02138	0.18406	0.02026	0.22692	0.01128	0.00271	0.00417	0.00810	0.00471	0.00610
16	0.01064	0.00580	0.00693	0.00656	0.00832	0.00531	0.00510	0.01265	0.01244	0.15253	0.14660	0.08697	0.18492	0.00979	0.00536	0.00163	0.00307	0.07167	0.25830	0.00542
17	0.01236	0.04469	0.11684	0.08249	0.13426	0.00927	0.01082	0.03981	0.01291	0.14572	0.13861	0.05352	0.02017	0.00828	0.00567	0.00177	0.00515	0.14674	0.00422	0.00669
18	0.01097	0.01250	0.10422	0.09284	0.11314	0.01098	0.24900	0.04007	0.08529	0.01698	0.05274	0.08963	0.04640	0.00822	0.04154	0.00204	0.00676	0.00662	0.00334	0.00673
19	0.00699	0.00484	0.00596	0.00643	0.00684	0.00458	0.00417	0.00753	0.00950	0.01255	0.07806	0.36039	0.11388	0.27626	0.01403	0.06542	0.00371	0.01089	0.00416	0.00380
20	0.07418	0.11634	0.01726	0.07213	0.22998	0.01225	0.03373	0.04768	0.01159	0.07021	0.00977	0.01181	0.00787	0.00503	0.00547	0.00140	0.06880	0.00400	0.00303	0.19746

[dist]
# distance from previous block
# <min> <max>
0	8

[block]
# block no. 10 follows, 47 sequences, length 17
# corresponding to MSA columns:
# 583-599
name=unknown_K
#
# <colnr> <probs for GDERKNQSTAVLIFYWHMCP>
#	G	D	E	R	K	N	Q	S	T	A	V	L	I	F	Y	W	H	M	C	P
0	0.06432	0.06890	0.20820	0.01204	0.01653	0.01350	0.04990	0.09849	0.37119	0.02080	0.01503	0.01494	0.01121	0.00601	0.00499	0.00166	0.00551	0.00488	0.00405	0.00785
1	0.00799	0.00531	0.00646	0.00619	0.00706	0.00499	0.00422	0.00915	0.01134	0.04473	0.34155	0.03655	0.12196	0.31512	0.01444	0.04205	0.00363	0.00852	0.00452	0.00422
2	0.01222	0.02047	0.46157	0.01543	0.09481	0.01228	0.03569	0.04764	0.17619	0.05394	0.01261	0.01344	0.00917	0.00548	0.00510	0.00166	0.00658	0.00452	0.00322	0.00795
3	0.01157	0.00826	0.00977	0.03440	0.03975	0.00896	0.00645	0.07541	0.19501	0.07929	0.01675	0.02516	0.01565	0.40245	0.01609	0.00335	0.03555	0.00642	0.00403	0.00568
4	0.00742	0.00525	0.00691	0.00786	0.00875	0.00503	0.00614	0.00914	0.01123	0.01504	0.06570	0.35737	0.09245	0.01436	0.00662	0.00212	0.00365	0.31273	0.05768	0.00455
5	0.01945	0.02482	0.01476	0.01342	0.01610	0.79608	0.01006	0.02079	0.01476	0.01275	0.00805	0.00939	0.00671	0.00537	0.00470	0.00134	0.00939	0.00335	0.00268	0.00604
6	0.00626	0.00485	0.00571	0.00639	0.00733	0.00430	0.00445	0.00735	0.01079	0.01363	0.03913	0.48262	0.35868	0.01496	0.00643	0.00196	0.00286	0.01315	0.00483	0.00430
7	0.85377	0.01007	0.00765	0.00685	0.01007	0.01168	0.00564	0.01531	0.00886	0.02336	0.00725	0.00846	0.00564	0.00483	0.00322	0.00161	0.00403	0.00282	0.00322	0.00564
8	0.85377	0.01007	0.00765	0.00685	0.01007	0.01168	0.00564	0.01531	0.00886	0.02336	0.00725	0.00846	0.00564	0.00483	0.00322	0.00161	0.00403	0.00282	0.00322	0.00564
9	0.85377	0.01007	0.00765	0.00685	0.01007	0.01168	0.00564	0.01531	0.00886	0.02336	0.00725	0.00846	0.00564	0.00483	0.00322	0.00161	0.00403	0.00282	0.00322	0.00564
10	0.00690	0.00507	0.00723	0.00782	0.00845	0.00540	0.00569	0.00830	0.00915	0.01268	0.02115	0.40783	0.02348	0.02795	0.41065	0.00531	0.00861	0.01009	0.00379	0.00444
11	0.42358	0.01125	0.01455	0.01970	0.40626	0.01204	0.01093	0.01565	0.01039	0.02012	0.00855	0.01073	0.00697	0.00473	0.00421	0.00158	0.00513	0.00375	0.00289	0.00697
12	0.00678	0.00530	0.00614	0.00593	0.00742	0.00466	0.00445	0.00868	0.01334	0.01757	0.42704	0.04436	0.40592	0.01188	0.00615	0.00170	0.00254	0.01018	0.00530	0.00466
13	0.38859	0.00958	0.00952	0.00748	0.01142	0.00913	0.00608	0.01528	0.01033	0.09458	0.00945	0.01043	0.00729	0.00454	0.00371	0.00123	0.00399	0.00318	0.00347	0.39073
14	0.00866	0.00746	0.01208	0.41564	0.02289	0.00910	0.01058	0.01135	0.00941	0.01271	0.01155	0.01710	0.00991	0.02174	0.39161	0.00498	0.01036	0.00509	0.00255	0.00523
15	0.01141	0.01162	0.01248	0.18942	0.04245	0.19570	0.02551	0.01365	0.01172	0.01401	0.03986	0.08534	0.01652	0.01183	0.08169	0.00248	0.03986	0.18563	0.00336	0.00545
16	0.01431	0.01319	0.12037	0.05369	0.11519	0.02786	0.01052	0.13010	0.01369	0.12811	0.01140	0.01246	0.00847	0.00494	0.00466	0.00129	0.00533	0.00402	0.00365	0.31676

[dist]
# distance from previous block
# <min> <max>
0	2

[block]
# block no. 11 follows, 47 sequences, length 24
# corresponding to MSA columns:
# 602-625
name=unknown_L
#
# <colnr> <probs for GDERKNQSTAVLIFYWHMCP>
#	G	D	E	R	K	N	Q	S	T	A	V	L	I	F	Y	W	H	M	C	P
0	0.28382	0.30802	0.06677	0.00916	0.01281	0.03092	0.03474	0.03042	0.01012	0.01668	0.00875	0.01091	0.00750	0.01049	0.13714	0.00257	0.00682	0.00351	0.00273	0.00611
1	0.01135	0.06995	0.45800	0.01716	0.02375	0.01301	0.29972	0.01651	0.01146	0.01631	0.00967	0.01199	0.00709	0.00471	0.00530	0.00166	0.00798	0.00465	0.00236	0.00738
2	0.01300	0.03705	0.16100	0.01466	0.13498	0.01033	0.08471	0.03885	0.06095	0.11891	0.07165	0.01530	0.01213	0.00618	0.02278	0.00160	0.00573	0.00481	0.00361	0.18175
3	0.01492	0.01334	0.06939	0.07318	0.01693	0.04897	0.03937	0.27575	0.15040	0.05402	0.06209	0.01528	0.01221	0.00605	0.00509	0.00151	0.00545	0.00493	0.00435	0.12677
4	0.01136	0.00951	0.00990	0.00898	0.01120	0.06514	0.00690	0.01930	0.36055	0.04898	0.35259	0.02716	0.02966	0.00849	0.00562	0.00167	0.00378	0.00723	0.00534	0.00665
5	0.01440	0.69243	0.02502	0.00940	0.01352	0.11765	0.00892	0.01605	0.01125	0.01261	0.03359	0.00952	0.00813	0.00478	0.00361	0.00116	0.00594	0.00308	0.00240	0.00654
6	0.00692	0.00521	0.00653	0.00679	0.00788	0.00464	0.00482	0.00843	0.01167	0.01582	0.24409	0.42171	0.14967	0.01335	0.00623	0.00183	0.00286	0.01187	0.00496	0.06473
7	0.01505	0.05722	0.14610	0.01528	0.05905	0.02545	0.23271	0.10777	0.01379	0.16372	0.01206	0.01325	0.00866	0.00506	0.00518	0.00152	0.00657	0.00478	0.00362	0.10317
8	0.03138	0.01337	0.15549	0.09849	0.06710	0.01099	0.01121	0.18368	0.04113	0.21526	0.08497	0.03675	0.01376	0.00651	0.00525	0.00164	0.00547	0.00536	0.00449	0.00771
9	0.00662	0.00519	0.00573	0.00577	0.00722	0.00452	0.00426	0.00821	0.01229	0.01582	0.21834	0.13055	0.49343	0.01261	0.00609	0.00174	0.00263	0.01076	0.04369	0.00452
10	0.39913	0.00952	0.00984	0.00811	0.01150	0.00989	0.00664	0.07905	0.01291	0.30196	0.09068	0.01523	0.01293	0.00612	0.00441	0.00161	0.00415	0.00452	0.00481	0.00700
11	0.12176	0.01338	0.11976	0.01967	0.31402	0.01142	0.07722	0.01869	0.06446	0.17082	0.01239	0.01358	0.00911	0.00521	0.00499	0.00161	0.00584	0.00464	0.00357	0.00786
12	0.01025	0.00789	0.01037	0.06632	0.04344	0.00721	0.00792	0.01312	0.04644	0.05219	0.01843	0.10780	0.01842	0.00902	0.00553	0.00163	0.00444	0.25471	0.00402	0.31087
