[name]
unknown

[dist]
# distance from previous block
# <min> <max>
18	707

[block]
# block no. 0 follows, 41 sequences, length 6
# corresponding to MSA columns:
# 860-865
name=unknown_A
#
# <colnr> <probs for GDERKNQSTAVLIFYWHMCP>
#	G	D	E	R	K	N	Q	S	T	A	V	L	I	F	Y	W	H	M	C	P
0	0.08727	0.07897	0.06681	0.02976	0.04618	0.01112	0.00872	0.07099	0.07775	0.05090	0.05374	0.04700	0.08754	0.10366	0.02798	0.00232	0.02921	0.00632	0.00412	0.10966
1	0.08948	0.11168	0.16657	0.01402	0.07383	0.08778	0.01231	0.12543	0.01471	0.06203	0.05223	0.01545	0.01150	0.00663	0.00620	0.00171	0.06601	0.02704	0.00371	0.05166
2	0.04153	0.13937	0.09613	0.01168	0.05663	0.04137	0.00981	0.11701	0.04298	0.02024	0.07458	0.08385	0.06505	0.00755	0.00526	0.00155	0.00538	0.00611	0.00403	0.16990
3	0.01272	0.14636	0.11586	0.01394	0.12968	0.01209	0.01079	0.05825	0.05172	0.04703	0.09773	0.04626	0.07506	0.05229	0.00685	0.00188	0.00548	0.03370	0.00401	0.07829
4	0.09782	0.18856	0.18387	0.01230	0.04977	0.01424	0.01156	0.05823	0.04495	0.06033	0.04315	0.01485	0.01108	0.04929	0.00692	0.00182	0.05164	0.00457	0.00348	0.09158
5	0.09970	0.06559	0.14946	0.03155	0.05409	0.07653	0.04402	0.08116	0.01446	0.06929	0.12104	0.01913	0.05595	0.00690	0.00537	0.00164	0.00603	0.00557	0.00403	0.08849

[dist]
# distance from previous block
# <min> <max>
1	3

[block]
# block no. 1 follows, 41 sequences, length 45
# corresponding to MSA columns:
# 869-913
name=unknown_B
#
# <colnr> <probs for GDERKNQSTAVLIFYWHMCP>
#	G	D	E	R	K	N	Q	S	T	A	V	L	I	F	Y	W	H	M	C	P
0	0.13315	0.20309	0.07790	0.01329	0.10229	0.04615	0.01048	0.09411	0.01384	0.10340	0.01309	0.08503	0.01130	0.00668	0.00491	0.00160	0.00581	0.00519	0.00386	0.06482
1	0.10754	0.03271	0.10109	0.04534	0.08748	0.05655	0.01026	0.03215	0.09853	0.08348	0.01612	0.13522	0.01458	0.03972	0.00636	0.00188	0.00559	0.00648	0.00410	0.11482
2	0.20058	0.01182	0.01589	0.15595	0.17912	0.04562	0.05719	0.03004	0.01239	0.01955	0.07727	0.01851	0.03132	0.00685	0.00629	0.00184	0.05885	0.03436	0.00346	0.03310
3	0.01347	0.04408	0.01599	0.07133	0.13813	0.10614	0.07381	0.03950	0.05089	0.06479	0.08984	0.11675	0.06723	0.00899	0.00612	0.00185	0.00605	0.05526	0.00428	0.02551
4	0.01173	0.01045	0.06127	0.37885	0.02587	0.01050	0.03016	0.04215	0.03634	0.07994	0.05249	0.12002	0.06668	0.00876	0.00615	0.00197	0.00615	0.03995	0.00398	0.00660
5	0.00926	0.00845	0.01448	0.01176	0.01428	0.00780	0.21421	0.01192	0.01359	0.01822	0.25807	0.11656	0.18598	0.06830	0.00845	0.00220	0.00502	0.02091	0.00480	0.00571
6	0.01923	0.30036	0.02106	0.01299	0.01663	0.51059	0.01061	0.02083	0.01459	0.01381	0.00853	0.00991	0.00736	0.00554	0.00463	0.00139	0.00884	0.00346	0.00277	0.00688
7	0.00803	0.00596	0.00874	0.00891	0.00979	0.00676	0.00675	0.00985	0.00937	0.01334	0.01747	0.11958	0.01753	0.07409	0.64645	0.00817	0.01338	0.00749	0.00336	0.00497
8	0.02549	0.01001	0.01344	0.01031	0.01474	0.00882	0.00851	0.05922	0.01683	0.73526	0.02218	0.01922	0.01397	0.00707	0.00575	0.00177	0.00493	0.00573	0.00702	0.00973
9	0.02195	0.01670	0.01683	0.01312	0.01754	0.08952	0.01073	0.63057	0.02522	0.07968	0.01382	0.01377	0.00978	0.00679	0.00567	0.00170	0.00659	0.00505	0.00554	0.00943
10	0.01321	0.01199	0.06374	0.05250	0.28659	0.01109	0.04560	0.06502	0.06400	0.07108	0.05906	0.17217	0.01877	0.00880	0.00618	0.00191	0.00578	0.03054	0.00424	0.00774
11	0.07416	0.30609	0.02219	0.01543	0.15367	0.01689	0.03410	0.16347	0.01537	0.10453	0.01212	0.03687	0.00981	0.00600	0.00488	0.00157	0.00605	0.00469	0.00387	0.00825
12	0.02435	0.01115	0.01407	0.01086	0.01526	0.01060	0.00895	0.17668	0.05079	0.58296	0.02076	0.01836	0.01338	0.00707	0.00575	0.00177	0.00515	0.00566	0.00674	0.00970
13	0.83938	0.01106	0.00841	0.00752	0.01106	0.01283	0.00619	0.01681	0.00973	0.02566	0.00796	0.00929	0.00619	0.00531	0.00354	0.00177	0.00442	0.00310	0.00354	0.00619
14	0.02540	0.01015	0.01353	0.01038	0.01481	0.00903	0.00857	0.07557	0.01707	0.71858	0.02198	0.01909	0.01386	0.00707	0.00575	0.00177	0.00496	0.00571	0.00699	0.00973
15	0.00936	0.00748	0.00936	0.00908	0.01071	0.00765	0.02923	0.01490	0.20319	0.01965	0.24820	0.31139	0.07133	0.01287	0.00671	0.00204	0.00362	0.01148	0.00566	0.00611
16	0.05368	0.00602	0.00677	0.00669	0.00830	0.00548	0.00497	0.00969	0.01389	0.01892	0.33256	0.12797	0.35827	0.01323	0.00663	0.00191	0.00295	0.01134	0.00561	0.00511
17	0.00699	0.00514	0.00656	0.00761	0.00822	0.00471	0.00517	0.00813	0.01150	0.01510	0.06831	0.65205	0.14529	0.01713	0.00720	0.00224	0.00323	0.01538	0.00535	0.00471
18	0.03752	0.30940	0.28698	0.01394	0.02011	0.01627	0.10996	0.01894	0.01256	0.10823	0.01103	0.01228	0.00829	0.00535	0.00494	0.00160	0.00720	0.00428	0.00309	0.00804
19	0.01876	0.01346	0.01813	0.04062	0.27917	0.04799	0.01280	0.16356	0.03979	0.21722	0.01444	0.01540	0.01054	0.00653	0.00682	0.00179	0.07421	0.00525	0.00457	0.00894
20	0.02178	0.01541	0.01588	0.01243	0.01679	0.08836	0.01013	0.46844	0.05007	0.18224	0.01526	0.01477	0.01064	0.00673	0.00561	0.00167	0.00623	0.00510	0.00563	0.04681
21	0.05145	0.01170	0.01517	0.04605	0.16011	0.01109	0.01013	0.10341	0.01379	0.05456	0.01101	0.01294	0.00880	0.00532	0.00570	0.00135	0.05421	0.00419	0.00365	0.41539
22	0.20016	0.08872	0.15513	0.01184	0.01664	0.10094	0.01119	0.14990	0.06527	0.12968	0.01264	0.01298	0.00916	0.00606	0.00495	0.00170	0.00640	0.00434	0.00421	0.00810
23	0.01402	0.00967	0.01130	0.01033	0.01270	0.01026	0.00812	0.17984	0.15872	0.08809	0.03356	0.14701	0.02223	0.09454	0.00933	0.02447	0.00501	0.14835	0.00539	0.00704
24	0.01488	0.04643	0.02227	0.02844	0.52423	0.07643	0.06559	0.06598	0.01438	0.01949	0.05762	0.01549	0.01168	0.00567	0.00569	0.00168	0.00696	0.00534	0.00324	0.00851
25	0.66009	0.01293	0.01026	0.00887	0.01252	0.06630	0.00723	0.12646	0.01276	0.02642	0.00889	0.01003	0.00681	0.00558	0.00398	0.00174	0.00511	0.00345	0.00383	0.00676
26	0.01642	0.01027	0.01289	0.01195	0.06544	0.01008	0.00893	0.10310	0.12897	0.22367	0.02070	0.02599	0.03579	0.04543	0.04190	0.00230	0.00554	0.10747	0.00530	0.11786
27	0.03467	0.14539	0.01847	0.06688	0.06418	0.03966	0.04130	0.20992	0.14226	0.05339	0.07851	0.01695	0.01418	0.00692	0.00605	0.00173	0.04144	0.00546	0.00449	0.00814
28	0.02193	0.02384	0.01596	0.01400	0.01731	0.59595	0.01071	0.10547	0.01744	0.10860	0.01108	0.01182	0.00847	0.00615	0.00529	0.00154	0.00919	0.00410	0.00377	0.00736
29	0.00706	0.00514	0.00665	0.00768	0.00826	0.00474	0.00522	0.00826	0.01166	0.01548	0.10397	0.64955	0.11129	0.01698	0.00719	0.00223	0.00322	0.01528	0.00540	0.00474
30	0.00705	0.00505	0.00658	0.00777	0.00814	0.00471	0.00515	0.00800	0.01085	0.01440	0.03161	0.71722	0.06363	0.06979	0.00873	0.00252	0.00345	0.01558	0.00519	0.00457
31	0.01190	0.06036	0.01224	0.01126	0.06354	0.11672	0.00799	0.01684	0.15587	0.02024	0.35050	0.09702	0.03301	0.00980	0.00613	0.00178	0.00467	0.00838	0.00517	0.00658
32	0.11390	0.21470	0.06985	0.01133	0.04547	0.05039	0.00973	0.12208	0.01410	0.03884	0.01013	0.01136	0.00812	0.00518	0.00445	0.00133	0.00573	0.00372	0.00349	0.25610
33	0.01663	0.63825	0.02725	0.01056	0.01532	0.05582	0.01002	0.13684	0.01434	0.01719	0.00894	0.00998	0.00773	0.00526	0.00407	0.00132	0.00634	0.00343	0.00301	0.00770
34	0.01344	0.01285	0.02180	0.14286	0.63488	0.01319	0.01690	0.01684	0.01279	0.01800	0.01214	0.01559	0.03229	0.00548	0.00570	0.00174	0.00679	0.00531	0.00287	0.00854
35	0.01442	0.70506	0.02743	0.00971	0.01413	0.02074	0.00946	0.01628	0.01133	0.01344	0.00885	0.01080	0.00819	0.00954	0.09814	0.00220	0.00724	0.00343	0.00252	0.00707
36	0.01361	0.01267	0.02087	0.27255	0.48118	0.01360	0.01656	0.06683	0.01348	0.01859	0.01078	0.01448	0.00865	0.00542	0.00568	0.00177	0.00702	0.00510	0.00294	0.00824
37	0.00817	0.00613	0.00919	0.00919	0.01021	0.00715	0.00715	0.01021	0.00919	0.01328	0.01532	0.02247	0.01430	0.04290	0.77631	0.00919	0.01532	0.00613	0.00306	0.00511
38	0.09367	0.00911	0.01152	0.00992	0.01317	0.00866	0.00821	0.06130	0.01498	0.41460	0.02242	0.03104	0.01847	0.06386	0.00772	0.00225	0.00506	0.19025	0.00597	0.00783
39	0.00738	0.00579	0.00727	0.05606	0.01043	0.00544	0.00605	0.00891	0.01201	0.01521	0.03996	0.38636	0.30662	0.01563	0.00707	0.00219	0.00365	0.09395	0.00513	0.00489
40	0.01649	0.01129	0.01254	0.01046	0.01389	0.01186	0.00841	0.26971	0.17346	0.13884	0.05486	0.04275	0.16997	0.00933	0.00610	0.00186	0.00478	0.02937	0.00586	0.00818
41	0.01211	0.08033	0.10603	0.00954	0.01502	0.00960	0.00879	0.01509	0.01187	0.01813	0.00999	0.01166	0.00823	0.00444	0.00433	0.00100	0.00491	0.00346	0.00319	0.66228
42	0.01066	0.00533	0.00533	0.00533	0.00666	0.00533	0.00400	0.01333	0.01200	0.02132	0.01866	0.02132	0.01466	0.00666	0.00400	0.00133	0.00267	0.00533	0.83073	0.00533
43	0.05452	0.10093	0.17753	0.06523	0.03964	0.01531	0.04245	0.29760	0.01804	0.09529	0.01299	0.03264	0.00970	0.00637	0.00543	0.00173	0.00668	0.00503	0.00429	0.00860
44	0.01510	0.15069	0.19911	0.03174	0.10247	0.10546	0.09123	0.03746	0.03168	0.07840	0.06113	0.01496	0.01163	0.00613	0.00595	0.00170	0.03894	0.00499	0.00339	0.00786

[dist]
# distance from previous block
# <min> <max>
0	20

[block]
# block no. 2 follows, 41 sequences, length 13
# corresponding to MSA columns:
# 934-946
name=unknown_C
#
# <colnr> <probs for GDERKNQSTAVLIFYWHMCP>
#	G	D	E	R	K	N	Q	S	T	A	V	L	I	F	Y	W	H	M	C	P
0	0.01385	0.01550	0.12084	0.22497	0.27543	0.04973	0.04429	0.10218	0.01435	0.01948	0.03625	0.01489	0.00993	0.00574	0.00567	0.00175	0.00725	0.00511	0.00318	0.02960
1	0.01353	0.01306	0.02256	0.03199	0.64962	0.01299	0.06525	0.01688	0.01291	0.01831	0.01326	0.01652	0.04546	0.00694	0.03442	0.00200	0.00712	0.00558	0.00296	0.00862
2	0.00995	0.00561	0.00777	0.00761	0.00788	0.00577	0.00512	0.03679	0.00853	0.01146	0.01202	0.02132	0.01228	0.16245	0.08914	0.57858	0.00603	0.00568	0.00284	0.00318
3	0.00915	0.00600	0.00767	0.00726	0.00858	0.00553	0.00528	0.01126	0.01457	0.07034	0.51951	0.10145	0.07826	0.11825	0.00974	0.00235	0.00329	0.01032	0.00584	0.00534
4	0.00921	0.08625	0.01017	0.00771	0.00961	0.00780	0.00605	0.01282	0.07559	0.02147	0.56832	0.03861	0.10309	0.01092	0.00636	0.00176	0.00321	0.00944	0.00579	0.00584
5	0.00715	0.00570	0.00616	0.00622	0.00768	0.00498	0.00444	0.00852	0.01261	0.01571	0.13682	0.11648	0.51011	0.12030	0.00982	0.00244	0.00327	0.01172	0.00518	0.00470
6	0.34239	0.01491	0.01531	0.01217	0.01633	0.07637	0.08241	0.32748	0.01795	0.02842	0.01086	0.01188	0.00804	0.00597	0.00492	0.00174	0.00622	0.00439	0.00436	0.00789
7	0.00697	0.00498	0.00664	0.00796	0.00830	0.00465	0.00531	0.00796	0.01095	0.01460	0.03153	0.79525	0.03783	0.01792	0.00730	0.00232	0.00332	0.01626	0.00531	0.00465
8	0.02227	0.01517	0.01664	0.01276	0.01731	0.01648	0.01054	0.64756	0.02547	0.13472	0.01492	0.01451	0.01033	0.00690	0.00573	0.00172	0.00610	0.00523	0.00591	0.00973
9	0.01186	0.10708	0.69520	0.01565	0.02375	0.01422	0.02000	0.01802	0.01203	0.01765	0.01003	0.01179	0.00726	0.00538	0.00526	0.00175	0.00822	0.00411	0.00242	0.00834
10	0.01372	0.54348	0.17217	0.01117	0.01627	0.01863	0.01194	0.01661	0.01192	0.01486	0.01142	0.01721	0.01077	0.00647	0.00459	0.00153	0.00646	0.10068	0.00282	0.00728
11	0.00721	0.00581	0.00642	0.00627	0.00800	0.00502	0.00470	0.00908	0.01410	0.01797	0.29466	0.05089	0.52269	0.01354	0.00676	0.00189	0.00283	0.01149	0.00564	0.00502
12	0.01034	0.01000	0.04928	0.17500	0.01845	0.01088	0.03412	0.04728	0.01181	0.01633	0.07193	0.28615	0.02155	0.01143	0.00952	0.00217	0.19454	0.00933	0.00392	0.00598

[dist]
# distance from previous block
# <min> <max>
0	24

[block]
# block no. 3 follows, 41 sequences, length 29
# corresponding to MSA columns:
# 971-986,988-1000
name=unknown_D
#
# <colnr> <probs for GDERKNQSTAVLIFYWHMCP>
#	G	D	E	R	K	N	Q	S	T	A	V	L	I	F	Y	W	H	M	C	P
0	0.01285	0.00715	0.00917	0.00799	0.01046	0.00629	0.00628	0.01522	0.01539	0.22079	0.38334	0.03764	0.14779	0.01066	0.00640	0.00180	0.00350	0.03977	0.00615	0.05136
1	0.01437	0.32584	0.03764	0.06571	0.31814	0.01719	0.01339	0.01882	0.10447	0.01702	0.01116	0.01311	0.00931	0.00539	0.00489	0.00155	0.00632	0.00444	0.00303	0.00821
2	0.01754	0.01484	0.12375	0.06536	0.02085	0.01268	0.15099	0.15565	0.09163	0.21880	0.05634	0.01777	0.01339	0.00661	0.00595	0.00182	0.00657	0.00589	0.00491	0.00864
3	0.00704	0.00563	0.00616	0.00637	0.00780	0.00490	0.00456	0.00841	0.01257	0.01565	0.11469	0.19212	0.50292	0.07478	0.00857	0.00227	0.00316	0.01242	0.00526	0.00474
4	0.01397	0.01092	0.08927	0.01398	0.15254	0.00870	0.00997	0.03704	0.01499	0.20077	0.22591	0.02993	0.14979	0.00905	0.00614	0.00179	0.00471	0.00778	0.00526	0.00746
5	0.00750	0.00571	0.00696	0.00759	0.00862	0.00533	0.00538	0.00965	0.04952	0.01653	0.14133	0.45220	0.21260	0.01564	0.00703	0.00214	0.00324	0.03251	0.00548	0.00503
6	0.07078	0.01024	0.01280	0.01004	0.01403	0.00969	0.00821	0.13246	0.01704	0.52574	0.04883	0.01894	0.01447	0.00757	0.00618	0.03161	0.00488	0.00564	0.04194	0.00891
7	0.01949	0.02307	0.01684	0.01473	0.01756	0.55215	0.04249	0.09170	0.01602	0.01628	0.00963	0.01171	0.00802	0.00824	0.04581	0.00201	0.08999	0.00422	0.00318	0.00687
8	0.00905	0.00723	0.00963	0.00943	0.01033	0.03780	0.00721	0.01062	0.00928	0.01298	0.01453	0.02230	0.01390	0.09721	0.60252	0.05288	0.05904	0.00607	0.00303	0.00496
9	0.01147	0.02959	0.76934	0.01630	0.02476	0.01328	0.02113	0.01811	0.01208	0.01811	0.01026	0.01208	0.00725	0.00543	0.00543	0.00181	0.00845	0.00423	0.00242	0.00845
10	0.01241	0.01171	0.01977	0.29186	0.45191	0.01256	0.01598	0.01576	0.01231	0.01695	0.01225	0.07814	0.01091	0.00636	0.00582	0.00182	0.00680	0.00600	0.00293	0.00777
11	0.00824	0.00585	0.00780	0.00780	0.00834	0.00639	0.00542	0.00932	0.00878	0.01225	0.01659	0.02951	0.01736	0.39873	0.42467	0.00748	0.01072	0.00716	0.00325	0.00433
12	0.02192	0.01574	0.01699	0.01302	0.01760	0.01731	0.01076	0.71163	0.02641	0.06932	0.01413	0.01399	0.00993	0.00688	0.00572	0.00172	0.00623	0.00518	0.00578	0.00973
13	0.02174	0.01602	0.01717	0.01316	0.01774	0.01774	0.01087	0.74423	0.02689	0.03605	0.01373	0.01373	0.00973	0.00687	0.00572	0.00172	0.00629	0.00515	0.00572	0.00973
14	0.04849	0.01075	0.01258	0.05428	0.01503	0.01162	0.00890	0.11339	0.19808	0.02115	0.01874	0.11462	0.03390	0.00893	0.00707	0.00184	0.08498	0.05926	0.00459	0.17181
15	0.00864	0.00657	0.00801	0.00789	0.00929	0.00645	0.00582	0.01265	0.11578	0.02019	0.40860	0.18728	0.10433	0.04380	0.00764	0.00210	0.00327	0.03024	0.00582	0.00563
16	0.05541	0.01216	0.01981	0.30109	0.42207	0.01315	0.01590	0.03412	0.01273	0.04393	0.01088	0.01448	0.00859	0.00544	0.00558	0.00178	0.00689	0.00501	0.00298	0.00798
17	0.02524	0.31005	0.27265	0.11188	0.06194	0.01678	0.02659	0.01831	0.07513	0.01659	0.01052	0.01232	0.00831	0.00544	0.00486	0.00161	0.00702	0.00417	0.00278	0.00782
18	0.00831	0.00556	0.00630	0.00628	0.00633	0.00554	0.00355	0.00842	0.00865	0.01158	0.04899	0.03765	0.02218	0.76614	0.02818	0.00539	0.00543	0.00840	0.00358	0.00355
19	0.01162	0.04670	0.06494	0.05187	0.02199	0.01173	0.37370	0.04362	0.01341	0.01792	0.05431	0.15677	0.08804	0.00853	0.00655	0.00195	0.00712	0.00866	0.00376	0.00683
20	0.00778	0.00571	0.00729	0.00715	0.00842	0.00522	0.00527	0.01008	0.01506	0.02086	0.57314	0.15650	0.13037	0.01293	0.00683	0.00189	0.00281	0.01142	0.00604	0.00522
21	0.00805	0.00623	0.00937	0.01043	0.03979	0.00600	0.04805	0.00968	0.01146	0.01532	0.02857	0.56017	0.03306	0.01758	0.04592	0.00267	0.00474	0.13282	0.00496	0.00512
22	0.65966	0.01040	0.00888	0.00781	0.01127	0.01161	0.00640	0.01739	0.01070	0.11423	0.01285	0.01365	0.05000	0.00760	0.03603	0.00209	0.00484	0.00405	0.00405	0.00650
23	0.04118	0.01556	0.01675	0.01287	0.01741	0.01712	0.01063	0.68831	0.02592	0.07543	0.01408	0.01394	0.00988	0.00684	0.00567	0.00172	0.00617	0.00513	0.00574	0.00964
24	0.01261	0.01134	0.01925	0.01468	0.01850	0.01095	0.28308	0.05596	0.07467	0.05776	0.16449	0.04061	0.08895	0.00795	0.00682	0.00182	0.03673	0.00761	0.00447	0.08175
25	0.01608	0.07816	0.03693	0.01484	0.08778	0.17896	0.04770	0.09646	0.25974	0.03192	0.03774	0.01849	0.05613	0.00706	0.00560	0.00173	0.00653	0.00571	0.00440	0.00805
26	0.00937	0.00648	0.00889	0.00891	0.01006	0.00710	0.00685	0.01192	0.04777	0.04415	0.01896	0.05964	0.01852	0.13589	0.45103	0.00665	0.01083	0.09362	0.03809	0.00528
27	0.07949	0.04141	0.01220	0.00869	0.01328	0.00890	0.00708	0.04319	0.01251	0.01978	0.04046	0.01550	0.01132	0.00533	0.00450	0.00110	0.00440	0.04031	0.00367	0.62690
28	0.08982	0.01330	0.01494	0.01322	0.04516	0.05672	0.06738	0.10643	0.41241	0.04387	0.06169	0.01923	0.01603	0.00721	0.00569	0.00185	0.00544	0.00603	0.00515	0.00843

[dist]
# distance from previous block
# <min> <max>
0	9

[block]
# block no. 4 follows, 41 sequences, length 12
# corresponding to MSA columns:
# 1010-1021
name=unknown_E
#
# <colnr> <probs for GDERKNQSTAVLIFYWHMCP>
#	G	D	E	R	K	N	Q	S	T	A	V	L	I	F	Y	W	H	M	C	P
0	0.00987	0.00512	0.00762	0.00775	0.00788	0.00512	0.00538	0.00788	0.00801	0.01063	0.01191	0.02197	0.01217	0.01948	0.02095	0.75281	0.00500	0.07494	0.00275	0.00275
1	0.00993	0.00922	0.05501	0.13921	0.01570	0.02793	0.00878	0.07037	0.01346	0.01793	0.16060	0.16886	0.09510	0.06386	0.08274	0.00290	0.00601	0.04212	0.00450	0.00577
2	0.01256	0.24050	0.05204	0.08559	0.01578	0.11108	0.02720	0.01488	0.01311	0.01638	0.21260	0.04607	0.02200	0.07154	0.00772	0.00195	0.03266	0.00634	0.00374	0.00626
3	0.00720	0.00516	0.00672	0.00787	0.00832	0.00484	0.00535	0.00823	0.01098	0.01451	0.03169	0.65542	0.07199	0.07948	0.00904	0.00258	0.00359	0.05728	0.00516	0.00460
4	0.83938	0.01106	0.00841	0.00752	0.01106	0.01283	0.00619	0.01681	0.00973	0.02566	0.00796	0.00929	0.00619	0.00531	0.00354	0.00177	0.00442	0.00310	0.00354	0.00619
5	0.01531	0.01775	0.12898	0.01282	0.01650	0.19362	0.01122	0.04268	0.30857	0.04517	0.04469	0.01767	0.01401	0.00997	0.06816	0.00240	0.03278	0.00548	0.00435	0.00788
6	0.00818	0.00560	0.00680	0.00690	0.00711	0.00576	0.00427	0.00863	0.00868	0.01176	0.01861	0.09478	0.02099	0.60222	0.16071	0.00594	0.00711	0.00856	0.00354	0.00385
7	0.01326	0.06354	0.21033	0.07650	0.07961	0.01433	0.06240	0.02339	0.35276	0.02029	0.01623	0.01680	0.01222	0.00643	0.00564	0.00184	0.00639	0.00549	0.00406	0.00850
8	0.02230	0.00954	0.01267	0.01020	0.01408	0.00865	0.00842	0.05808	0.04164	0.58503	0.07294	0.02523	0.01859	0.00825	0.00603	0.00186	0.00481	0.07595	0.00675	0.00898
9	0.01607	0.03996	0.09882	0.01809	0.16912	0.08510	0.10409	0.07744	0.07040	0.12924	0.04017	0.06112	0.01321	0.00673	0.00576	0.00173	0.00669	0.00597	0.00416	0.04613
10	0.04360	0.10418	0.07183	0.04647	0.01492	0.02928	0.02219	0.04749	0.01135	0.01624	0.01359	0.09215	0.02802	0.09373	0.04809	0.00254	0.16919	0.00605	0.00330	0.13578
11	0.06674	0.01281	0.01933	0.09397	0.21049	0.01320	0.11931	0.06114	0.11190	0.08227	0.04363	0.01876	0.01337	0.00893	0.02957	0.05141	0.02432	0.00608	0.00433	0.00843

[dist]
# distance from previous block
# <min> <max>
0	3

[block]
# block no. 5 follows, 41 sequences, length 8
# corresponding to MSA columns:
# 1025-1032
name=unknown_F
#
# <colnr> <probs for GDERKNQSTAVLIFYWHMCP>
#	G	D	E	R	K	N	Q	S	T	A	V	L	I	F	Y	W	H	M	C	P
0	0.03749	0.01802	0.01776	0.01587	0.06866	0.29796	0.11402	0.15214	0.01670	0.04649	0.01523	0.05005	0.04528	0.00751	0.00615	0.00177	0.02544	0.05215	0.00395	0.00736
1	0.67765	0.04906	0.05191	0.04552	0.04960	0.01334	0.00817	0.01683	0.01019	0.02383	0.00833	0.00995	0.00651	0.00531	0.00385	0.00175	0.00499	0.00335	0.00335	0.00652
2	0.01163	0.04435	0.47771	0.01667	0.09358	0.01236	0.05211	0.04625	0.01293	0.01858	0.04776	0.09407	0.03275	0.00720	0.00577	0.00184	0.00727	0.00614	0.00316	0.00788
3	0.01331	0.01616	0.08033	0.02302	0.02861	0.01458	0.64895	0.01802	0.01310	0.01802	0.01123	0.01502	0.00851	0.00519	0.00744	0.00196	0.05958	0.00647	0.00284	0.00767
4	0.01124	0.00836	0.01055	0.10606	0.03375	0.00869	0.00795	0.04016	0.15870	0.07973	0.18173	0.14405	0.16421	0.01091	0.00638	0.00193	0.00420	0.00944	0.00536	0.00660
5	0.00831	0.00559	0.00644	0.00644	0.00651	0.00566	0.00372	0.00845	0.00838	0.01124	0.01784	0.03639	0.02034	0.74654	0.08094	0.00580	0.00622	0.00817	0.00344	0.00358
6	0.01342	0.13952	0.22756	0.01478	0.01977	0.09170	0.14657	0.01712	0.01278	0.03318	0.06332	0.01635	0.04619	0.00654	0.00674	0.00173	0.08202	0.00530	0.00312	0.05229
7	0.00757	0.00545	0.00692	0.00744	0.00819	0.00510	0.00517	0.00902	0.01232	0.01663	0.23742	0.37787	0.09800	0.13019	0.01032	0.00263	0.00353	0.04621	0.00532	0.00473

[dist]
# distance from previous block
# <min> <max>
0	4

[block]
# block no. 6 follows, 41 sequences, length 35
# corresponding to MSA columns:
# 1037,1039-1072
name=unknown_G
#
# <colnr> <probs for GDERKNQSTAVLIFYWHMCP>
#	G	D	E	R	K	N	Q	S	T	A	V	L	I	F	Y	W	H	M	C	P
0	0.06677	0.16995	0.12531	0.01340	0.04987	0.02816	0.06854	0.03512	0.11789	0.04497	0.03570	0.01424	0.01083	0.00609	0.00611	0.00162	0.07021	0.00468	0.00355	0.12697
1	0.01691	0.07659	0.22788	0.01385	0.04229	0.04043	0.04141	0.16484	0.06799	0.15409	0.04187	0.01541	0.01161	0.00628	0.00547	0.00168	0.00655	0.00504	0.00439	0.05542
2	0.01381	0.01306	0.04608	0.08174	0.08893	0.01185	0.13128	0.12014	0.06622	0.02106	0.01188	0.01389	0.00925	0.00520	0.00528	0.00143	0.00613	0.00474	0.00365	0.34438
3	0.01834	0.01241	0.01718	0.05770	0.04094	0.01338	0.08902	0.18558	0.10092	0.23203	0.03965	0.01737	0.01277	0.00783	0.01945	0.00202	0.11403	0.00580	0.00508	0.00854
4	0.01011	0.00744	0.01057	0.00998	0.01011	0.00904	0.00749	0.00976	0.00853	0.01211	0.01298	0.12587	0.01389	0.04892	0.08499	0.35506	0.24916	0.00679	0.00297	0.00423
5	0.04017	0.00825	0.01049	0.00888	0.01173	0.00778	0.00702	0.01992	0.09693	0.31953	0.36354	0.03014	0.03271	0.00924	0.00615	0.00180	0.00381	0.00788	0.00648	0.00755
6	0.01128	0.01065	0.01802	0.67840	0.14249	0.01283	0.01612	0.01503	0.01166	0.01519	0.01025	0.01509	0.00783	0.00563	0.00571	0.00188	0.00751	0.00509	0.00258	0.00674
7	0.00819	0.00605	0.00882	0.00882	0.00971	0.00695	0.00669	0.00998	0.00908	0.01300	0.01566	0.02435	0.01512	0.13813	0.68221	0.00873	0.01409	0.00640	0.00311	0.00490
8	0.00706	0.00545	0.00647	0.00709	0.00821	0.00486	0.00505	0.00845	0.01236	0.01578	0.10660	0.39654	0.33888	0.01587	0.00705	0.00213	0.00316	0.03880	0.00540	0.00481
9	0.01350	0.01292	0.02203	0.18210	0.62145	0.01342	0.01723	0.01698	0.01271	0.01789	0.01064	0.01437	0.00878	0.00522	0.00567	0.00174	0.00696	0.00509	0.00277	0.00853
10	0.00772	0.00547	0.00669	0.00697	0.00759	0.00517	0.00461	0.00885	0.01158	0.01563	0.21942	0.27016	0.09851	0.28879	0.01473	0.00328	0.00390	0.01158	0.00492	0.00445
11	0.01142	0.01402	0.14878	0.53829	0.12327	0.01296	0.01680	0.01604	0.03351	0.01599	0.01064	0.01474	0.00802	0.00565	0.00567	0.00187	0.00758	0.00498	0.00265	0.00712
12	0.00835	0.00541	0.00661	0.00685	0.00710	0.00528	0.00431	0.00822	0.00908	0.01194	0.02199	0.14614	0.07974	0.44214	0.02208	0.16694	0.00489	0.03557	0.00375	0.00362
13	0.00914	0.00897	0.04913	0.00974	0.03423	0.07614	0.00727	0.01093	0.01253	0.01609	0.12085	0.38445	0.10880	0.04726	0.00780	0.00226	0.00450	0.07972	0.00490	0.00529
14	0.01872	0.05438	0.04528	0.01265	0.01697	0.01673	0.01065	0.46051	0.24922	0.03051	0.01625	0.01579	0.01190	0.00699	0.00564	0.00176	0.00582	0.00542	0.00546	0.00935
15	0.01175	0.01086	0.01533	0.01341	0.01351	0.01480	0.01095	0.01255	0.00861	0.01318	0.00856	0.01411	0.00847	0.01439	0.08771	0.12147	0.60707	0.00510	0.00255	0.00562
16	0.00925	0.00736	0.01078	0.01025	0.01096	0.00912	0.00807	0.01070	0.00894	0.01306	0.01317	0.01990	0.01246	0.03381	0.54572	0.08599	0.17669	0.00578	0.00289	0.00510
17	0.55348	0.03927	0.01189	0.17710	0.01797	0.01361	0.00887	0.08466	0.01178	0.02381	0.00898	0.01100	0.00688	0.00553	0.00422	0.00178	0.00536	0.00372	0.00349	0.00660
18	0.01768	0.28648	0.04955	0.05609	0.03082	0.16620	0.01089	0.20160	0.03298	0.04348	0.01109	0.01293	0.00902	0.04078	0.00593	0.00169	0.00707	0.00430	0.00365	0.00776
19	0.01147	0.02959	0.76934	0.01630	0.02476	0.01328	0.02113	0.01811	0.01208	0.01811	0.01026	0.01208	0.00725	0.00543	0.00543	0.00181	0.00845	0.00423	0.00242	0.00845
20	0.01221	0.00867	0.01168	0.01049	0.01166	0.01030	0.00818	0.01469	0.06376	0.11759	0.01533	0.02223	0.01396	0.17424	0.26576	0.00514	0.21812	0.00623	0.00374	0.00602
21	0.00852	0.00640	0.00910	0.00913	0.01032	0.00717	0.00715	0.03242	0.01035	0.01445	0.01994	0.05637	0.06866	0.03692	0.61467	0.00773	0.01300	0.05894	0.00355	0.00522
22	0.01050	0.00532	0.00539	0.00545	0.00674	0.00530	0.00406	0.01309	0.01195	0.02103	0.01923	0.05542	0.01568	0.00716	0.00414	0.00138	0.00269	0.00581	0.79437	0.00530
23	0.01479	0.01216	0.01295	0.01157	0.01486	0.01394	0.00902	0.03027	0.71645	0.06078	0.02325	0.02125	0.01730	0.00773	0.00582	0.00193	0.00454	0.00643	0.00588	0.00909
24	0.00779	0.00562	0.00757	0.00852	0.00935	0.00540	0.00642	0.00954	0.01231	0.01648	0.14070	0.42420	0.06309	0.01754	0.04548	0.00265	0.00432	0.20272	0.00534	0.00495
25	0.02070	0.01550	0.01658	0.01295	0.01734	0.01725	0.01062	0.64543	0.12739	0.03437	0.01505	0.01479	0.01080	0.00699	0.00574	0.00175	0.00605	0.00533	0.00574	0.00963
26	0.05754	0.01650	0.11017	0.02151	0.02728	0.01423	0.57406	0.01906	0.06491	0.01909	0.01206	0.01515	0.00901	0.00512	0.00637	0.00191	0.00888	0.00626	0.00308	0.00781
27	0.00725	0.00558	0.00636	0.00658	0.00778	0.00499	0.00461	0.00861	0.01243	0.01590	0.16472	0.21688	0.37378	0.12652	0.01006	0.00251	0.00334	0.01219	0.00521	0.00469
28	0.01310	0.01176	0.01913	0.25324	0.38372	0.01261	0.03061	0.06426	0.01342	0.01871	0.01254	0.01806	0.01052	0.00616	0.00573	0.00180	0.00669	0.04914	0.06104	0.00778
29	0.00810	0.00585	0.00765	0.00720	0.00855	0.00540	0.00540	0.01079	0.01619	0.02294	0.76028	0.04273	0.05397	0.01169	0.00675	0.00180	0.00270	0.01034	0.00630	0.00540
30	0.01001	0.00859	0.01158	0.01059	0.01078	0.01088	0.00806	0.01095	0.00881	0.01281	0.01384	0.06711	0.01497	0.28771	0.15261	0.00470	0.34094	0.00698	0.00309	0.00501
31	0.83938	0.01106	0.00841	0.00752	0.01106	0.01283	0.00619	0.01681	0.00973	0.02566	0.00796	0.00929	0.00619	0.00531	0.00354	0.00177	0.00442	0.00310	0.00354	0.00619
32	0.01638	0.01350	0.05570	0.20721	0.02211	0.01399	0.01181	0.38386	0.01968	0.05217	0.01812	0.03645	0.08155	0.00779	0.00592	0.00184	0.00627	0.03285	0.00473	0.00807
33	0.06832	0.01500	0.01326	0.01195	0.01515	0.15620	0.00924	0.02812	0.56805	0.02219	0.01961	0.01851	0.01486	0.00726	0.00555	0.00184	0.00560	0.00573	0.00514	0.00842
34	0.00995	0.03460	0.00911	0.00864	0.00994	0.00699	0.00672	0.01242	0.04913	0.05685	0.16136	0.10385	0.03148	0.21164	0.01263	0.00306	0.00468	0.25663	0.00503	0.00529

[dist]
# distance from previous block
# <min> <max>
5	7

[block]
# block no. 7 follows, 41 sequences, length 13
# corresponding to MSA columns:
# 1080-1092
name=unknown_H
#
# <colnr> <probs for GDERKNQSTAVLIFYWHMCP>
#	G	D	E	R	K	N	Q	S	T	A	V	L	I	F	Y	W	H	M	C	P
0	0.01412	0.18139	0.16859	0.01756	0.02312	0.01518	0.33360	0.01822	0.01287	0.07219	0.01226	0.01637	0.00982	0.00590	0.00627	0.00181	0.03526	0.04462	0.00313	0.00774
1	0.00875	0.00574	0.00861	0.00867	0.00925	0.00555	0.04561	0.00875	0.00989	0.01321	0.04475	0.31736	0.02451	0.08785	0.01485	0.31129	0.00460	0.06281	0.00399	0.00397
2	0.01182	0.05757	0.36849	0.01586	0.04138	0.01206	0.15494	0.01648	0.01249	0.03957	0.04272	0.02224	0.03619	0.06527	0.00769	0.00216	0.00751	0.07492	0.00324	0.00741
3	0.01242	0.01822	0.28076	0.21485	0.20699	0.01319	0.07201	0.04865	0.01306	0.01836	0.03995	0.01490	0.00983	0.00569	0.00572	0.00181	0.00761	0.00512	0.00288	0.00795
4	0.05959	0.06763	0.05776	0.01373	0.05285	0.03279	0.04939	0.32006	0.08290	0.06672	0.01678	0.01963	0.04459	0.00753	0.00609	0.00182	0.02861	0.05833	0.00480	0.00840
5	0.01436	0.04838	0.11526	0.01264	0.05463	0.14188	0.03127	0.07296	0.10134	0.07403	0.07324	0.02549	0.17465	0.02702	0.00638	0.00184	0.00609	0.00684	0.00444	0.00727
6	0.03873	0.13816	0.22544	0.04876	0.13758	0.05068	0.01378	0.07053	0.01372	0.05707	0.04627	0.01765	0.07894	0.00675	0.00579	0.00171	0.03188	0.00531	0.00346	0.00776
7	0.01720	0.04888	0.23414	0.08769	0.04420	0.08649	0.04926	0.07227	0.07480	0.20713	0.01450	0.01505	0.01016	0.00615	0.00557	0.00176	0.00710	0.00499	0.00419	0.00848
8	0.01414	0.07124	0.19697	0.01386	0.01860	0.07313	0.14666	0.01775	0.01370	0.13003	0.11347	0.10010	0.01801	0.00767	0.00590	0.00177	0.00666	0.00684	0.00410	0.03939
9	0.18309	0.07753	0.20256	0.10023	0.01932	0.01237	0.04046	0.03490	0.02528	0.08532	0.07411	0.01517	0.01203	0.00600	0.00502	0.00167	0.00605	0.00472	0.00365	0.09052
10	0.07467	0.04908	0.21425	0.04938	0.01762	0.05282	0.02828	0.10025	0.02767	0.08698	0.06455	0.08063	0.08281	0.00817	0.00619	0.00184	0.03675	0.00653	0.00414	0.00739
11	0.01304	0.11420	0.05827	0.04723	0.09754	0.01170	0.08066	0.03236	0.04166	0.09748	0.05757	0.15056	0.04500	0.00950	0.00678	0.00194	0.04698	0.07617	0.00427	0.00707
12	0.05009	0.10114	0.10465	0.03180	0.07408	0.01159	0.04829	0.07804	0.03111	0.10949	0.01812	0.16502	0.01714	0.00903	0.00586	0.00186	0.00570	0.08081	0.00434	0.05186

[dist]
# distance from previous block
# <min> <max>
74	938

# created by:
# /home/berkeley/.conda/envs/busco_data_prod/bin/msa2prfl.pl pipeline/OGs_align_augustus/33634/14117.fs
