[name]
unknown

[dist]
# distance from previous block
# <min> <max>
0	36

[block]
# block no. 0 follows, 33 sequences, length 14
# corresponding to MSA columns:
# 36-49
name=unknown_A
#
# <colnr> <probs for GDERKNQSTAVLIFYWHMCP>
#	G	D	E	R	K	N	Q	S	T	A	V	L	I	F	Y	W	H	M	C	P
0	0.01664	0.01311	0.03624	0.01260	0.01535	0.07309	0.01000	0.07836	0.15495	0.13427	0.02594	0.26764	0.02496	0.01287	0.00839	0.00236	0.06288	0.03610	0.00601	0.00827
1	0.00953	0.00644	0.00744	0.00736	0.00760	0.00636	0.00434	0.01003	0.01102	0.01494	0.13279	0.04405	0.03002	0.64834	0.02941	0.00570	0.00586	0.00995	0.00451	0.00434
2	0.49802	0.01462	0.01218	0.01085	0.01482	0.06502	0.00867	0.04944	0.21919	0.02847	0.01465	0.01503	0.01118	0.00705	0.00506	0.00207	0.00567	0.00484	0.00489	0.00828
3	0.01415	0.01322	0.02161	0.32127	0.34629	0.01454	0.01764	0.01920	0.06904	0.01976	0.01498	0.07202	0.01294	0.00747	0.00669	0.00212	0.00771	0.00692	0.00360	0.00881
4	0.08427	0.23324	0.02565	0.14039	0.30526	0.01801	0.01550	0.02026	0.01418	0.06813	0.01200	0.01478	0.00972	0.00609	0.00567	0.00185	0.00737	0.00504	0.00348	0.00914
5	0.01566	0.44735	0.34279	0.01457	0.02200	0.02131	0.01702	0.02021	0.01361	0.01785	0.01032	0.01203	0.00840	0.00591	0.00512	0.00171	0.00822	0.00411	0.00280	0.00901
6	0.00967	0.00703	0.00890	0.00984	0.01088	0.00683	0.00712	0.06439	0.01455	0.01919	0.03671	0.56498	0.08998	0.01902	0.00830	0.00263	0.00434	0.10356	0.00614	0.00591
7	0.31828	0.07820	0.01533	0.01137	0.01585	0.06258	0.00938	0.07914	0.10879	0.21612	0.01658	0.01613	0.01182	0.00717	0.00543	0.00198	0.00602	0.00512	0.00556	0.00912
8	0.01436	0.00925	0.01206	0.01287	0.07247	0.00912	0.00856	0.11544	0.01612	0.12092	0.02853	0.42739	0.03055	0.07802	0.00982	0.00273	0.00512	0.01330	0.00605	0.00734
9	0.01260	0.00862	0.00985	0.01023	0.01151	0.06012	0.00747	0.01386	0.01366	0.09983	0.04315	0.36393	0.03271	0.09852	0.01215	0.06475	0.00538	0.12000	0.00569	0.00599
10	0.00812	0.00581	0.00773	0.00910	0.00957	0.00541	0.00612	0.00942	0.01307	0.01754	0.08901	0.70952	0.04497	0.02008	0.00835	0.00263	0.00376	0.01819	0.00620	0.00541
11	0.24742	0.01331	0.01416	0.06745	0.01799	0.01323	0.00933	0.15189	0.01628	0.02734	0.01177	0.01352	0.00920	0.00595	0.00511	0.00157	0.00570	0.00435	0.00440	0.36002
12	0.07121	0.32259	0.02294	0.01189	0.01672	0.01909	0.01048	0.12803	0.12345	0.13706	0.06226	0.01790	0.01530	0.00742	0.00556	0.00180	0.00618	0.00553	0.00520	0.00937
13	0.01856	0.23660	0.07186	0.01518	0.04587	0.07444	0.03443	0.08233	0.21499	0.06877	0.01630	0.01677	0.01263	0.00744	0.00687	0.00194	0.05537	0.00555	0.00466	0.00945

[dist]
# distance from previous block
# <min> <max>
0	1

[block]
# block no. 1 follows, 33 sequences, length 13
# corresponding to MSA columns:
# 51-63
name=unknown_B
#
# <colnr> <probs for GDERKNQSTAVLIFYWHMCP>
#	G	D	E	R	K	N	Q	S	T	A	V	L	I	F	Y	W	H	M	C	P
0	0.09364	0.01401	0.09972	0.01218	0.01761	0.01055	0.04530	0.02285	0.01602	0.28579	0.09568	0.02079	0.01757	0.00735	0.00608	0.00178	0.00586	0.00607	0.00570	0.21546
1	0.44057	0.08709	0.12422	0.01150	0.01683	0.01591	0.01102	0.09531	0.01485	0.11115	0.01227	0.01311	0.00896	0.00652	0.00499	0.00198	0.00627	0.00437	0.00451	0.00857
2	0.01661	0.47412	0.20208	0.01526	0.02189	0.05363	0.09620	0.02043	0.01399	0.01746	0.01033	0.01227	0.00861	0.00582	0.00520	0.00168	0.00837	0.00438	0.00289	0.00877
3	0.01827	0.01498	0.01716	0.01400	0.01811	0.12535	0.09148	0.08527	0.06773	0.13528	0.08745	0.08971	0.02101	0.00926	0.00676	0.00195	0.00686	0.04252	0.00551	0.14134
4	0.01388	0.00907	0.03399	0.00990	0.01252	0.00794	0.00788	0.01780	0.08132	0.17131	0.20568	0.19670	0.15154	0.01393	0.00757	0.00227	0.00435	0.03811	0.00676	0.00747
5	0.02274	0.01705	0.01873	0.01488	0.01939	0.10157	0.06315	0.36858	0.02419	0.14684	0.05820	0.07903	0.01711	0.00898	0.00682	0.00203	0.00730	0.00735	0.00622	0.00985
6	0.08909	0.00957	0.01204	0.01238	0.06403	0.00916	0.00864	0.01829	0.07095	0.15099	0.02642	0.32149	0.02662	0.01300	0.00702	0.00223	0.00490	0.04502	0.00588	0.10226
7	0.01473	0.01161	0.01699	0.27325	0.06312	0.01363	0.01366	0.01896	0.06673	0.10659	0.06047	0.02689	0.08169	0.00981	0.00989	0.00234	0.15592	0.04130	0.00456	0.00788
8	0.12979	0.05578	0.01634	0.01358	0.01507	0.04783	0.01100	0.01728	0.06824	0.01874	0.01462	0.10466	0.01453	0.03656	0.07203	0.00326	0.34260	0.00713	0.00385	0.00712
9	0.01657	0.07181	0.01676	0.01373	0.01707	0.06842	0.01108	0.05713	0.44468	0.02453	0.02330	0.02728	0.01919	0.00979	0.00794	0.00227	0.06682	0.08651	0.00578	0.00933
10	0.01961	0.07728	0.02061	0.14906	0.09827	0.14156	0.06327	0.05789	0.02708	0.17391	0.04005	0.07135	0.01511	0.00806	0.00654	0.00201	0.00789	0.00683	0.00481	0.00881
11	0.09099	0.20208	0.01871	0.05514	0.03895	0.02580	0.01017	0.04301	0.14489	0.10596	0.08359	0.05649	0.06689	0.00908	0.00609	0.00198	0.00579	0.02063	0.00525	0.00851
12	0.01720	0.06524	0.07358	0.03358	0.20975	0.06063	0.01414	0.08052	0.17767	0.05764	0.01803	0.06220	0.01499	0.00797	0.00641	0.00198	0.00695	0.01995	0.00477	0.06681

[dist]
# distance from previous block
# <min> <max>
2	32

[block]
# block no. 2 follows, 33 sequences, length 11
# corresponding to MSA columns:
# 96-106
name=unknown_C
#
# <colnr> <probs for GDERKNQSTAVLIFYWHMCP>
#	G	D	E	R	K	N	Q	S	T	A	V	L	I	F	Y	W	H	M	C	P
0	0.01526	0.15502	0.22437	0.01826	0.06053	0.01607	0.16510	0.02104	0.06217	0.05189	0.07789	0.01854	0.01494	0.00679	0.00632	0.00191	0.00802	0.00613	0.00391	0.06583
1	0.07224	0.13460	0.05405	0.01231	0.01672	0.08056	0.02543	0.02442	0.12641	0.20000	0.09430	0.06003	0.01982	0.00854	0.00617	0.00193	0.00625	0.00686	0.00560	0.04375
2	0.09506	0.01151	0.01330	0.01109	0.01452	0.01189	0.00865	0.15901	0.06430	0.19954	0.01942	0.02413	0.01581	0.16078	0.11637	0.00404	0.00769	0.00673	0.00566	0.05049
3	0.01705	0.06990	0.22818	0.04188	0.16829	0.01376	0.06075	0.02165	0.01584	0.16594	0.11350	0.02115	0.01797	0.00748	0.00656	0.00201	0.00746	0.00653	0.00463	0.00947
4	0.01585	0.01130	0.04063	0.01229	0.01625	0.00954	0.07492	0.06425	0.01597	0.16970	0.02661	0.22328	0.07219	0.01151	0.00702	0.00206	0.00562	0.03922	0.00572	0.17609
5	0.06813	0.00840	0.01013	0.00919	0.01195	0.00740	0.02140	0.01362	0.01435	0.06755	0.10676	0.26358	0.17856	0.01355	0.00702	0.00206	0.00423	0.01175	0.00570	0.17465
6	0.01676	0.01559	0.05978	0.11537	0.42589	0.01484	0.09931	0.02083	0.01503	0.09530	0.01433	0.03558	0.01148	0.00666	0.00704	0.00207	0.02419	0.00643	0.00378	0.00974
7	0.09124	0.01265	0.01797	0.14408	0.05690	0.01167	0.09028	0.01861	0.01396	0.06862	0.01263	0.01524	0.00982	0.00564	0.00563	0.00155	0.00649	0.00493	0.00393	0.40816
8	0.01462	0.01489	0.05920	0.14084	0.40905	0.01443	0.06313	0.01961	0.05973	0.02070	0.01612	0.07310	0.01446	0.00786	0.00688	0.00214	0.00773	0.04252	0.00376	0.00923
9	0.05102	0.04629	0.01546	0.06100	0.01653	0.01060	0.09249	0.01616	0.01517	0.10294	0.21805	0.05756	0.11683	0.09054	0.01083	0.00260	0.05402	0.00941	0.00543	0.00706
10	0.10908	0.39138	0.02613	0.01759	0.18177	0.01939	0.01228	0.01942	0.01372	0.05742	0.01349	0.08667	0.01263	0.00735	0.00528	0.00177	0.00660	0.00574	0.00368	0.00860

[dist]
# distance from previous block
# <min> <max>
11	24

[block]
# block no. 3 follows, 33 sequences, length 6
# corresponding to MSA columns:
# 131-136
name=unknown_D
#
# <colnr> <probs for GDERKNQSTAVLIFYWHMCP>
#	G	D	E	R	K	N	Q	S	T	A	V	L	I	F	Y	W	H	M	C	P
0	0.10695	0.01143	0.05753	0.01478	0.12445	0.00990	0.01050	0.01687	0.01600	0.07213	0.28602	0.03450	0.03292	0.01021	0.00680	0.00203	0.00516	0.08220	0.00555	0.09404
1	0.01468	0.01367	0.09827	0.08299	0.01964	0.00993	0.01102	0.01816	0.01422	0.09717	0.01608	0.06276	0.01386	0.00728	0.00585	0.00156	0.00591	0.04591	0.00439	0.45666
2	0.01932	0.08609	0.16655	0.05295	0.15074	0.10293	0.07505	0.02328	0.01573	0.18207	0.01539	0.03534	0.01163	0.00708	0.00676	0.00200	0.02740	0.00592	0.00431	0.00947
3	0.01327	0.09178	0.01455	0.04037	0.01346	0.01262	0.00855	0.09348	0.01270	0.01716	0.01533	0.02650	0.01561	0.28691	0.10338	0.09976	0.11774	0.00705	0.00378	0.00600
4	0.12552	0.10053	0.01676	0.01199	0.01498	0.01434	0.00997	0.02109	0.01435	0.24415	0.09939	0.02185	0.01808	0.05589	0.01161	0.00245	0.19707	0.00644	0.00527	0.00828
5	0.01748	0.09735	0.09751	0.01584	0.06629	0.03071	0.05076	0.14203	0.03697	0.11148	0.05186	0.13692	0.03338	0.00999	0.00797	0.00214	0.06916	0.00819	0.00512	0.00886

[dist]
# distance from previous block
# <min> <max>
1	5

[block]
# block no. 4 follows, 33 sequences, length 8
# corresponding to MSA columns:
# 142-149
name=unknown_E
#
# <colnr> <probs for GDERKNQSTAVLIFYWHMCP>
#	G	D	E	R	K	N	Q	S	T	A	V	L	I	F	Y	W	H	M	C	P
0	0.01614	0.06849	0.08960	0.01345	0.01768	0.01238	0.06738	0.06248	0.01503	0.14440	0.01911	0.14542	0.01727	0.01430	0.09441	0.00303	0.06056	0.00793	0.00484	0.12612
1	0.06638	0.23259	0.32900	0.01818	0.06912	0.01872	0.09239	0.06415	0.01492	0.02131	0.01137	0.01347	0.00879	0.00608	0.00576	0.00189	0.00856	0.00486	0.00321	0.00926
2	0.01579	0.29665	0.38461	0.01642	0.02415	0.01961	0.06483	0.07003	0.01506	0.02044	0.01125	0.01310	0.00870	0.00610	0.00565	0.00184	0.00868	0.00466	0.00311	0.00932
3	0.16106	0.15031	0.27885	0.01322	0.01917	0.01520	0.01426	0.05021	0.01426	0.06094	0.01781	0.11129	0.05055	0.00867	0.00589	0.00203	0.00699	0.00677	0.00409	0.00841
4	0.03650	0.19270	0.10114	0.16976	0.02227	0.01510	0.01261	0.05564	0.04625	0.01957	0.01829	0.19939	0.01807	0.00992	0.00626	0.00204	0.00662	0.00831	0.02672	0.03283
5	0.29255	0.01521	0.09645	0.08986	0.10307	0.05111	0.01220	0.01866	0.01363	0.06190	0.05065	0.06677	0.06203	0.00846	0.00637	0.00211	0.03030	0.00656	0.00428	0.00783
6	0.07157	0.01445	0.14337	0.01265	0.04871	0.01123	0.01064	0.11388	0.01515	0.08836	0.02117	0.08162	0.05404	0.26684	0.01567	0.00356	0.00668	0.00820	0.00476	0.00745
7	0.01642	0.07648	0.07691	0.05236	0.01994	0.05940	0.10242	0.06362	0.04603	0.11913	0.12204	0.13153	0.02342	0.01010	0.00776	0.00215	0.04814	0.00868	0.00520	0.00828

[dist]
# distance from previous block
# <min> <max>
9	70

[block]
# block no. 5 follows, 33 sequences, length 10
# corresponding to MSA columns:
# 245-254
name=unknown_F
#
# <colnr> <probs for GDERKNQSTAVLIFYWHMCP>
#	G	D	E	R	K	N	Q	S	T	A	V	L	I	F	Y	W	H	M	C	P
0	0.01460	0.01164	0.01845	0.57187	0.03823	0.01331	0.01595	0.01859	0.01389	0.10168	0.01338	0.01763	0.00978	0.00655	0.00637	0.00202	0.00791	0.00570	0.00366	0.10878
1	0.01632	0.01379	0.04995	0.19969	0.17271	0.01350	0.09871	0.08008	0.01685	0.11206	0.10997	0.05186	0.01890	0.00809	0.00694	0.00211	0.00741	0.00747	0.00472	0.00885
2	0.01423	0.01356	0.02337	0.30583	0.37078	0.01456	0.05926	0.01835	0.01463	0.02011	0.06961	0.01951	0.01395	0.00673	0.00672	0.00207	0.00800	0.00646	0.00346	0.00882
3	0.01335	0.00982	0.01212	0.09747	0.01622	0.01033	0.00878	0.10200	0.10575	0.05939	0.26144	0.08020	0.09021	0.09172	0.01005	0.00260	0.00508	0.00995	0.00613	0.00740
4	0.01408	0.11702	0.31800	0.18732	0.08054	0.01571	0.05265	0.01940	0.01434	0.04014	0.06841	0.01772	0.01318	0.00681	0.00630	0.00202	0.00846	0.00575	0.00339	0.00879
5	0.02461	0.01317	0.01475	0.01180	0.01640	0.09546	0.00943	0.02699	0.01747	0.47510	0.02282	0.08536	0.01677	0.00859	0.00643	0.00189	0.00607	0.00699	0.00675	0.13315
6	0.01615	0.02044	0.24338	0.02063	0.07726	0.01475	0.20151	0.02237	0.07080	0.11094	0.05068	0.03530	0.01432	0.00754	0.00801	0.00219	0.06327	0.00686	0.00425	0.00934
7	0.01406	0.01320	0.01173	0.01070	0.01314	0.15954	0.00811	0.10184	0.01907	0.02386	0.31401	0.09228	0.16762	0.01251	0.00729	0.00205	0.00553	0.01044	0.00607	0.00695
8	0.01171	0.00956	0.01355	0.09850	0.01731	0.00964	0.06982	0.09993	0.01749	0.02340	0.24495	0.18154	0.14984	0.01319	0.00761	0.00223	0.00518	0.01174	0.00590	0.00693
9	0.01523	0.01438	0.07657	0.03367	0.14122	0.01270	0.09381	0.08640	0.08338	0.06237	0.19760	0.02651	0.03973	0.00856	0.00687	0.00198	0.00640	0.00774	0.00526	0.07959

[dist]
# distance from previous block
# <min> <max>
20	68

[block]
# block no. 6 follows, 33 sequences, length 24
# corresponding to MSA columns:
# 345-368
name=unknown_G
#
# <colnr> <probs for GDERKNQSTAVLIFYWHMCP>
#	G	D	E	R	K	N	Q	S	T	A	V	L	I	F	Y	W	H	M	C	P
0	0.06603	0.36480	0.17970	0.01363	0.01995	0.02111	0.01405	0.17755	0.01761	0.05258	0.01193	0.01297	0.00930	0.00642	0.00529	0.00175	0.00749	0.00449	0.00396	0.00939
1	0.01864	0.41206	0.18015	0.01401	0.02032	0.06140	0.01440	0.16800	0.01756	0.02227	0.01121	0.01247	0.00902	0.00632	0.00526	0.00169	0.00792	0.00436	0.00365	0.00927
2	0.09461	0.22236	0.32744	0.01438	0.02144	0.01726	0.01616	0.04977	0.01504	0.12805	0.02807	0.01480	0.01069	0.00658	0.00561	0.00189	0.00771	0.00484	0.00397	0.00935
3	0.01368	0.03566	0.20244	0.01308	0.01782	0.01046	0.07032	0.01740	0.01488	0.11899	0.05918	0.03790	0.19657	0.08599	0.00980	0.00262	0.00664	0.07381	0.00503	0.00772
4	0.01815	0.44195	0.13971	0.03696	0.03925	0.05734	0.01352	0.02187	0.03846	0.09805	0.03113	0.01436	0.01119	0.00643	0.00522	0.00169	0.00746	0.00461	0.00371	0.00895
5	0.01524	0.12002	0.08842	0.33036	0.02979	0.05915	0.01516	0.01990	0.05262	0.07588	0.04710	0.02353	0.01507	0.00811	0.00649	0.00211	0.00785	0.07113	0.00404	0.00803
6	0.01281	0.01208	0.02042	0.68406	0.11119	0.01472	0.01847	0.01715	0.01334	0.01727	0.01177	0.01743	0.00894	0.00651	0.00658	0.00217	0.00868	0.00585	0.00296	0.00761
7	0.01243	0.01170	0.01975	0.75282	0.04534	0.01463	0.01828	0.01682	0.01316	0.01682	0.01170	0.01755	0.00878	0.00658	0.00658	0.00219	0.00878	0.00585	0.00293	0.00731
8	0.01965	0.01479	0.08195	0.19180	0.09631	0.01314	0.14556	0.02377	0.01599	0.27968	0.01800	0.02068	0.01277	0.00722	0.00686	0.00214	0.00796	0.02721	0.00503	0.00949
9	0.01327	0.01045	0.01637	0.47017	0.03305	0.01213	0.01457	0.01740	0.03944	0.08219	0.02055	0.11408	0.03861	0.01000	0.00711	0.00233	0.00732	0.07926	0.00434	0.00736
10	0.01106	0.00702	0.00898	0.03679	0.01181	0.00642	0.00689	0.01280	0.01440	0.11071	0.06998	0.40225	0.21922	0.01706	0.00794	0.00244	0.00416	0.03748	0.00630	0.00630
11	0.01249	0.01162	0.01947	0.59973	0.12330	0.01390	0.01739	0.01652	0.01333	0.01738	0.01404	0.08594	0.01216	0.00779	0.00674	0.00221	0.00821	0.00703	0.00326	0.00750
12	0.02287	0.01814	0.09144	0.06019	0.06948	0.11030	0.07750	0.13298	0.01924	0.28404	0.01819	0.01936	0.01281	0.00752	0.00665	0.00203	0.00796	0.02373	0.00560	0.00995
13	0.01623	0.01625	0.02663	0.12085	0.54223	0.05568	0.08553	0.02023	0.01503	0.02062	0.01227	0.01634	0.01009	0.00597	0.00661	0.00199	0.00847	0.00596	0.00323	0.00976
14	0.01391	0.00831	0.01150	0.11895	0.01692	0.00809	0.00916	0.01636	0.01533	0.17785	0.09716	0.22626	0.13294	0.01421	0.00768	0.00239	0.00512	0.10451	0.00619	0.00715
15	0.01313	0.01183	0.05634	0.15330	0.23337	0.01110	0.01411	0.01629	0.01408	0.06346	0.02258	0.26357	0.02325	0.01190	0.00733	0.00233	0.00653	0.06298	0.00462	0.00789
16	0.02132	0.09212	0.19863	0.01611	0.02258	0.01500	0.11262	0.09379	0.04877	0.28584	0.01807	0.01794	0.01233	0.00708	0.00646	0.00202	0.00769	0.00602	0.00540	0.01021
17	0.01482	0.01390	0.02226	0.25505	0.17624	0.04631	0.13261	0.02009	0.08215	0.04805	0.01712	0.11051	0.01502	0.00830	0.00698	0.00218	0.00803	0.00789	0.00405	0.00845
18	0.01534	0.02026	0.25113	0.07178	0.12993	0.01489	0.11929	0.02010	0.01424	0.08689	0.01627	0.01894	0.04944	0.00765	0.00878	0.00219	0.11392	0.00633	0.02364	0.00900
19	0.01951	0.03515	0.06397	0.07780	0.16500	0.05478	0.09360	0.13505	0.03555	0.15985	0.03992	0.05898	0.01492	0.00785	0.00674	0.00205	0.00764	0.00696	0.00506	0.00963
20	0.04453	0.09979	0.13437	0.03600	0.05431	0.04289	0.20002	0.06680	0.08373	0.10511	0.01651	0.05811	0.01305	0.00738	0.00660	0.00206	0.00823	0.00679	0.00445	0.00926
21	0.05039	0.04676	0.25471	0.05613	0.05306	0.11223	0.06407	0.07903	0.05473	0.12027	0.01532	0.01771	0.01141	0.00716	0.00638	0.00204	0.00858	0.02627	0.00434	0.00940
22	0.04380	0.05521	0.12615	0.05110	0.11973	0.05406	0.08413	0.02204	0.08241	0.08071	0.01433	0.01608	0.01094	0.00621	0.00600	0.00176	0.00740	0.00535	0.00409	0.20853
23	0.04004	0.08793	0.27657	0.01810	0.10441	0.01525	0.03028	0.04734	0.05348	0.13899	0.05337	0.01786	0.01361	0.00730	0.00707	0.00203	0.04886	0.00576	0.00440	0.02735

[dist]
# distance from previous block
# <min> <max>
15	84

[block]
# block no. 7 follows, 33 sequences, length 11
# corresponding to MSA columns:
# 473-483
name=unknown_H
#
# <colnr> <probs for GDERKNQSTAVLIFYWHMCP>
#	G	D	E	R	K	N	Q	S	T	A	V	L	I	F	Y	W	H	M	C	P
0	0.03553	0.10749	0.16116	0.01437	0.01969	0.03307	0.01371	0.30463	0.02097	0.05671	0.01878	0.05850	0.06407	0.00880	0.00726	0.00204	0.05207	0.00664	0.00505	0.00946
1	0.20604	0.17014	0.10837	0.01296	0.01811	0.04711	0.01212	0.23348	0.01852	0.02807	0.01224	0.01358	0.00944	0.00690	0.00589	0.00189	0.03405	0.00470	0.04742	0.00895
2	0.05801	0.07649	0.17744	0.01528	0.02143	0.01926	0.01468	0.44337	0.05540	0.03388	0.01462	0.01516	0.01057	0.00734	0.00623	0.00197	0.00759	0.00548	0.00536	0.01045
3	0.09575	0.06852	0.14601	0.01484	0.02080	0.01904	0.01394	0.45805	0.02464	0.05482	0.01435	0.01485	0.01028	0.00731	0.00615	0.00197	0.00742	0.00539	0.00548	0.01039
4	0.13181	0.11401	0.09957	0.01376	0.01906	0.01873	0.01256	0.38681	0.02231	0.03197	0.01374	0.01507	0.01041	0.01072	0.06871	0.00266	0.00808	0.00527	0.00507	0.00966
5	0.02230	0.10877	0.13392	0.01526	0.02128	0.02027	0.01423	0.51797	0.02622	0.03521	0.01440	0.01489	0.01043	0.00738	0.00626	0.00193	0.00761	0.00548	0.00555	0.01064
6	0.06831	0.18466	0.46786	0.01617	0.02421	0.01802	0.01926	0.09063	0.01536	0.02242	0.01149	0.01319	0.00857	0.00628	0.00572	0.00193	0.00861	0.00461	0.00326	0.00944
7	0.01523	0.10923	0.15623	0.01294	0.01702	0.01399	0.01229	0.17214	0.01602	0.02176	0.01459	0.02065	0.01273	0.01857	0.14208	0.18190	0.00916	0.04197	0.00398	0.00750
8	0.01697	0.15601	0.35571	0.01785	0.07422	0.01836	0.01820	0.16909	0.06881	0.02490	0.01335	0.01468	0.00998	0.00667	0.00603	0.00195	0.00826	0.00512	0.00393	0.00992
9	0.01928	0.01823	0.10515	0.01472	0.01977	0.01778	0.01293	0.28877	0.36857	0.03203	0.02077	0.01992	0.01526	0.00821	0.00660	0.00212	0.00654	0.00655	0.00617	0.01063
10	0.07677	0.46601	0.08849	0.01247	0.01824	0.02223	0.01221	0.14822	0.01688	0.06746	0.01169	0.01259	0.00936	0.00630	0.00498	0.00166	0.00708	0.00428	0.00394	0.00915

[dist]
# distance from previous block
# <min> <max>
5	11

[block]
# block no. 8 follows, 33 sequences, length 29
# corresponding to MSA columns:
# 495-523
name=unknown_I
#
# <colnr> <probs for GDERKNQSTAVLIFYWHMCP>
#	G	D	E	R	K	N	Q	S	T	A	V	L	I	F	Y	W	H	M	C	P
0	0.22203	0.08289	0.10824	0.11622	0.02073	0.01414	0.01195	0.06726	0.01501	0.11688	0.04708	0.05806	0.01389	0.00759	0.00571	0.00196	0.00642	0.00587	0.00459	0.07350
1	0.01404	0.04575	0.30568	0.01478	0.02132	0.01257	0.06408	0.04342	0.01484	0.05194	0.04727	0.02251	0.04122	0.04991	0.00780	0.00211	0.00747	0.03970	0.00400	0.18959
2	0.01715	0.01870	0.15849	0.01783	0.02383	0.04995	0.21990	0.06923	0.04728	0.11474	0.09386	0.02052	0.01668	0.00719	0.00680	0.00198	0.00808	0.00679	0.00472	0.09627
3	0.00975	0.03508	0.00971	0.00946	0.01109	0.00777	0.00716	0.01337	0.09053	0.01930	0.09678	0.31854	0.19810	0.03003	0.00841	0.00255	0.00430	0.11574	0.00610	0.00622
4	0.01687	0.00868	0.01163	0.01115	0.01368	0.00812	0.00890	0.04841	0.01627	0.26374	0.03146	0.27992	0.03119	0.01510	0.00791	0.00253	0.00522	0.20460	0.00682	0.00781
5	0.01662	0.01531	0.02484	0.15204	0.54107	0.01600	0.01906	0.09426	0.01643	0.02293	0.01265	0.01644	0.01025	0.00620	0.00654	0.00200	0.00791	0.00587	0.00357	0.01001
6	0.01304	0.01105	0.01300	0.00969	0.01494	0.00840	0.00762	0.01577	0.01354	0.02095	0.01438	0.09535	0.01343	0.00659	0.00526	0.00116	0.00476	0.00551	0.00414	0.72143
7	0.00974	0.00762	0.01036	0.01188	0.08801	0.00711	0.00782	0.01243	0.01660	0.02270	0.39875	0.14226	0.16511	0.01443	0.00780	0.00223	0.00395	0.05838	0.00639	0.00644
8	0.00957	0.00638	0.00718	0.00718	0.00718	0.00638	0.00399	0.00957	0.00957	0.01276	0.02074	0.04308	0.02393	0.76864	0.03351	0.00638	0.00638	0.00957	0.00399	0.00399
9	0.00902	0.00672	0.00839	0.00797	0.00965	0.00609	0.00598	0.01185	0.01793	0.02473	0.59693	0.05192	0.19032	0.01408	0.00777	0.00210	0.00315	0.01229	0.00703	0.00609
10	0.01383	0.01197	0.01455	0.01185	0.06429	0.00925	0.00865	0.01682	0.01374	0.02146	0.01175	0.01383	0.00980	0.00494	0.00499	0.00104	0.00508	0.00403	0.00386	0.75428
11	0.01568	0.01502	0.02562	0.15338	0.61938	0.01548	0.01990	0.01967	0.01470	0.02076	0.01227	0.01649	0.01017	0.00598	0.00653	0.00199	0.00797	0.00586	0.00321	0.00993
12	0.06361	0.06822	0.06567	0.08063	0.16401	0.01662	0.01433	0.19753	0.01859	0.10122	0.03782	0.01724	0.01241	0.00757	0.00766	0.00204	0.07889	0.00581	0.03065	0.00950
13	0.02212	0.01412	0.02002	0.02201	0.24592	0.06196	0.05610	0.03736	0.01719	0.33655	0.02196	0.04830	0.04976	0.00803	0.00673	0.00203	0.00694	0.00708	0.00575	0.01007
14	0.01243	0.01170	0.01975	0.75282	0.04534	0.01463	0.01828	0.01682	0.01316	0.01682	0.01170	0.01755	0.00878	0.00658	0.00658	0.00219	0.00878	0.00585	0.00293	0.00731
15	0.28709	0.11339	0.17915	0.01547	0.06817	0.09897	0.04785	0.02059	0.01372	0.04547	0.01215	0.04886	0.01013	0.00688	0.00544	0.00197	0.00759	0.00512	0.00369	0.00829
16	0.01635	0.01466	0.01777	0.01829	0.13051	0.03410	0.04517	0.05261	0.49118	0.02585	0.02360	0.06364	0.01880	0.00885	0.00679	0.00219	0.00607	0.00771	0.00587	0.01002
17	0.01048	0.05118	0.01231	0.01040	0.01251	0.00955	0.04206	0.01434	0.09089	0.01994	0.14859	0.20697	0.24696	0.01473	0.00859	0.00232	0.05639	0.02940	0.00581	0.00660
18	0.01700	0.01513	0.08860	0.15231	0.20140	0.03732	0.01500	0.08941	0.01681	0.13013	0.05168	0.09503	0.04374	0.00885	0.00680	0.00210	0.00713	0.00770	0.00481	0.00902
19	0.01460	0.05878	0.16981	0.16526	0.07364	0.01365	0.07812	0.07177	0.01479	0.05618	0.01610	0.11689	0.01442	0.01016	0.00882	0.08990	0.00775	0.00745	0.00392	0.00800
20	0.01481	0.04282	0.15080	0.13982	0.03182	0.01524	0.36846	0.02009	0.01520	0.05153	0.07104	0.01959	0.01398	0.00659	0.00716	0.00215	0.00947	0.00711	0.00368	0.00864
21	0.01388	0.09826	0.47622	0.02173	0.16615	0.01569	0.02100	0.01980	0.01398	0.02019	0.01337	0.06598	0.01120	0.00711	0.00626	0.00204	0.00868	0.00590	0.00311	0.00944
22	0.01691	0.07393	0.35191	0.05757	0.03847	0.01382	0.06045	0.02201	0.01508	0.18376	0.01891	0.05465	0.04781	0.00782	0.00650	0.00207	0.00799	0.00655	0.00440	0.00939
23	0.01336	0.06892	0.20691	0.01917	0.15337	0.01255	0.07084	0.01735	0.01437	0.05576	0.02468	0.17117	0.10281	0.01062	0.00700	0.00218	0.00704	0.02923	0.00435	0.00830
24	0.01600	0.08217	0.25224	0.01628	0.05610	0.01285	0.08350	0.02023	0.01487	0.16276	0.02187	0.16312	0.04993	0.00975	0.00681	0.00215	0.00728	0.00854	0.00474	0.00883
25	0.01912	0.05301	0.23875	0.04778	0.09483	0.01436	0.15464	0.02426	0.02770	0.23544	0.01658	0.01765	0.01150	0.00668	0.00663	0.00206	0.00834	0.00610	0.00463	0.00994
26	0.01688	0.02402	0.33090	0.02275	0.19051	0.06497	0.05204	0.06412	0.01604	0.09089	0.01485	0.05604	0.01178	0.00723	0.00654	0.00205	0.00862	0.00618	0.00390	0.00971
27	0.01489	0.02214	0.36152	0.01783	0.07326	0.01314	0.04223	0.06225	0.01546	0.08657	0.01827	0.05385	0.01582	0.01181	0.05783	0.00282	0.00888	0.10821	0.00424	0.00899
28	0.01351	0.07462	0.35433	0.12679	0.05939	0.01438	0.07357	0.01891	0.01438	0.04355	0.05636	0.04856	0.05780	0.00785	0.00657	0.00209	0.00829	0.00674	0.00363	0.00867

[dist]
# distance from previous block
# <min> <max>
5	7

[block]
# block no. 9 follows, 33 sequences, length 26
# corresponding to MSA columns:
# 541-566
name=unknown_J
#
# <colnr> <probs for GDERKNQSTAVLIFYWHMCP>
#	G	D	E	R	K	N	Q	S	T	A	V	L	I	F	Y	W	H	M	C	P
0	0.02088	0.01425	0.08325	0.05086	0.12438	0.01180	0.11400	0.02448	0.01656	0.34712	0.03719	0.07698	0.03053	0.00842	0.00692	0.00212	0.00700	0.00766	0.00582	0.00979
1	0.01598	0.02278	0.35356	0.04950	0.13323	0.01398	0.04263	0.05707	0.03355	0.11180	0.01846	0.05061	0.05195	0.00777	0.00661	0.00210	0.00807	0.00660	0.00419	0.00957
2	0.01656	0.01899	0.14103	0.14170	0.35893	0.05290	0.06528	0.05913	0.01580	0.04832	0.01284	0.01617	0.00997	0.00627	0.00655	0.00202	0.00859	0.00578	0.00351	0.00966
3	0.01562	0.01260	0.07835	0.10699	0.17004	0.01089	0.03084	0.01892	0.01502	0.16580	0.04091	0.20147	0.02286	0.01124	0.00726	0.00229	0.00650	0.06878	0.00521	0.00841
4	0.01457	0.02076	0.29939	0.05862	0.17126	0.03049	0.03435	0.01952	0.01504	0.07832	0.08282	0.08097	0.01862	0.00868	0.00682	0.00214	0.00778	0.03671	0.00418	0.00896
5	0.01802	0.01806	0.19891	0.10811	0.15772	0.01345	0.03006	0.06000	0.04459	0.19312	0.01894	0.06282	0.03065	0.00796	0.00666	0.00210	0.00746	0.00685	0.00484	0.00966
6	0.01334	0.01262	0.02138	0.58579	0.20529	0.01486	0.01873	0.01761	0.01359	0.01792	0.01186	0.01726	0.00916	0.00641	0.00657	0.00214	0.00855	0.00585	0.00300	0.00804
7	0.01665	0.01437	0.02400	0.06221	0.58236	0.01431	0.01808	0.02040	0.01555	0.08052	0.07364	0.01963	0.01522	0.00672	0.00663	0.00198	0.00727	0.00644	0.00399	0.01002
8	0.01508	0.04268	0.05434	0.11381	0.10166	0.01215	0.04802	0.05615	0.06058	0.10316	0.06161	0.11890	0.02310	0.04322	0.00837	0.00246	0.00665	0.11473	0.00518	0.00815
9	0.01380	0.03004	0.56743	0.02162	0.06860	0.01556	0.14869	0.02086	0.01426	0.02093	0.01212	0.01474	0.00876	0.00610	0.00655	0.00210	0.00987	0.00545	0.00291	0.00961
10	0.02246	0.01716	0.01831	0.01463	0.01944	0.01922	0.01189	0.50649	0.23427	0.03735	0.01907	0.01841	0.01384	0.00821	0.00662	0.00205	0.00664	0.00638	0.00662	0.01097
11	0.01293	0.01237	0.02141	0.65217	0.10209	0.01483	0.05696	0.01734	0.01345	0.01745	0.01185	0.01746	0.00898	0.00646	0.00664	0.00218	0.00883	0.00596	0.00298	0.00766
12	0.01847	0.01444	0.05952	0.14043	0.22629	0.05026	0.03916	0.02194	0.01567	0.21246	0.01907	0.09065	0.01583	0.00858	0.00684	0.00213	0.00735	0.03678	0.00490	0.00923
13	0.00893	0.00766	0.04609	0.01040	0.01155	0.00642	0.00817	0.01088	0.01330	0.01773	0.03466	0.55411	0.04031	0.01927	0.00846	0.00273	0.00468	0.18295	0.00593	0.00575
14	0.01038	0.00696	0.00914	0.00846	0.01020	0.00639	0.00639	0.01345	0.01865	0.06332	0.68758	0.04778	0.05972	0.01318	0.00770	0.00207	0.00324	0.01163	0.00729	0.00647
15	0.02684	0.01136	0.01606	0.01466	0.09320	0.01007	0.01060	0.02945	0.01806	0.61322	0.02511	0.06542	0.01727	0.00864	0.00671	0.00207	0.00574	0.00725	0.00750	0.01078
16	0.01515	0.03217	0.61510	0.01826	0.02714	0.05643	0.02236	0.09728	0.01606	0.02288	0.01217	0.01400	0.00866	0.00647	0.00627	0.00205	0.00957	0.00495	0.00324	0.00978
17	0.01324	0.05044	0.24531	0.01225	0.01710	0.01040	0.01278	0.01738	0.01585	0.11006	0.20419	0.07598	0.13116	0.01123	0.00708	0.00215	0.00596	0.04410	0.00542	0.00792
18	0.00897	0.00685	0.00831	0.00858	0.01000	0.00643	0.00618	0.01208	0.06175	0.02110	0.28403	0.30761	0.20076	0.01645	0.00793	0.00233	0.00355	0.01450	0.00655	0.00603
19	0.01719	0.01421	0.02525	0.14539	0.02836	0.01425	0.29527	0.11373	0.01751	0.12079	0.04598	0.09757	0.01642	0.00830	0.00731	0.00220	0.00833	0.00834	0.00482	0.00877
20	0.01607	0.01325	0.01993	0.36368	0.21031	0.04465	0.01631	0.02053	0.05068	0.11043	0.01587	0.06194	0.01278	0.00756	0.00666	0.00212	0.00778	0.00672	0.00408	0.00866
21	0.05734	0.05428	0.50999	0.01821	0.06661	0.01517	0.02039	0.05134	0.01516	0.11151	0.01357	0.01491	0.00953	0.00651	0.00615	0.00204	0.00866	0.00508	0.00371	0.00984
22	0.08467	0.04787	0.11137	0.02307	0.14647	0.01558	0.26068	0.05179	0.05164	0.08640	0.01537	0.04851	0.01213	0.00689	0.00674	0.00210	0.00843	0.00683	0.00416	0.00932
23	0.03787	0.10507	0.26945	0.01703	0.08135	0.04808	0.01610	0.03992	0.11433	0.18197	0.01682	0.01703	0.01201	0.00701	0.00614	0.00199	0.00764	0.00552	0.00472	0.00995
24	0.13135	0.09586	0.21687	0.04741	0.08192	0.04601	0.03236	0.04770	0.05617	0.03912	0.01633	0.11554	0.01476	0.00860	0.00619	0.00209	0.00737	0.02170	0.00409	0.00854
25	0.12637	0.03234	0.03343	0.01476	0.08847	0.05088	0.01090	0.08452	0.06998	0.30025	0.02065	0.06080	0.02677	0.00821	0.00622	0.00200	0.00616	0.00659	0.00603	0.04465

[dist]
# distance from previous block
# <min> <max>
2	18

[block]
# block no. 10 follows, 33 sequences, length 14
# corresponding to MSA columns:
# 586-599
name=unknown_K
#
# <colnr> <probs for GDERKNQSTAVLIFYWHMCP>
#	G	D	E	R	K	N	Q	S	T	A	V	L	I	F	Y	W	H	M	C	P
0	0.20298	0.05166	0.08093	0.01154	0.01589	0.01282	0.01018	0.08038	0.07093	0.19488	0.03567	0.12506	0.02955	0.00964	0.00621	0.00212	0.00571	0.02620	0.00572	0.02192
1	0.01996	0.28491	0.05956	0.01290	0.01804	0.01927	0.01161	0.12393	0.22219	0.13637	0.01806	0.01745	0.01348	0.00735	0.00577	0.00186	0.00644	0.00557	0.00533	0.00992
2	0.01345	0.27528	0.13038	0.01165	0.01571	0.04361	0.01111	0.01679	0.04496	0.01742	0.03632	0.15885	0.06066	0.09060	0.00910	0.00246	0.00656	0.04356	0.00418	0.00733
3	0.06948	0.09227	0.01619	0.09509	0.01854	0.04592	0.01014	0.10230	0.06164	0.19976	0.08636	0.02752	0.12903	0.00934	0.00645	0.00201	0.00596	0.00748	0.00585	0.00868
4	0.22453	0.14841	0.22966	0.01295	0.01893	0.01572	0.01368	0.05610	0.01414	0.02326	0.01348	0.01941	0.01169	0.00741	0.00553	0.00194	0.00700	0.08111	0.00382	0.09122
5	0.01080	0.00727	0.00959	0.01024	0.01190	0.00675	0.00810	0.01302	0.01463	0.06599	0.07395	0.29924	0.10435	0.01725	0.00828	0.00261	0.00479	0.27706	0.00617	0.04801
6	0.01489	0.01393	0.01422	0.01057	0.01614	0.09187	0.00836	0.01768	0.01422	0.02085	0.01153	0.01345	0.00961	0.00509	0.00500	0.00106	0.00567	0.00394	0.00384	0.71811
7	0.07682	0.63561	0.03109	0.01149	0.01697	0.02462	0.01110	0.09366	0.01511	0.01932	0.00987	0.01114	0.00865	0.00591	0.00447	0.00152	0.00692	0.00378	0.00331	0.00865
8	0.01627	0.54809	0.02868	0.01379	0.09590	0.02127	0.01119	0.01876	0.01399	0.01795	0.06321	0.01555	0.01351	0.00645	0.00478	0.00153	0.00641	0.00468	0.08972	0.00826
9	0.01940	0.23837	0.02188	0.01314	0.01786	0.01996	0.01116	0.19699	0.31152	0.05505	0.01884	0.01818	0.01431	0.00767	0.00594	0.00192	0.00627	0.00588	0.00558	0.01006
10	0.01840	0.69127	0.03291	0.01168	0.01728	0.02544	0.01140	0.09368	0.01527	0.01829	0.00987	0.01113	0.00874	0.00588	0.00448	0.00147	0.00706	0.00378	0.00322	0.00874
11	0.26750	0.14303	0.14719	0.04130	0.01895	0.08757	0.01215	0.02052	0.01363	0.05927	0.01110	0.01269	0.00864	0.00606	0.00503	0.00175	0.00706	0.00416	0.00371	0.12870
12	0.01389	0.15172	0.09713	0.01148	0.01521	0.08762	0.01019	0.01739	0.05283	0.04883	0.10278	0.20110	0.09067	0.01153	0.00663	0.00201	0.00600	0.00963	0.00496	0.05841
13	0.01684	0.45925	0.15042	0.01357	0.01885	0.04534	0.01380	0.01979	0.01337	0.04642	0.01102	0.03314	0.00976	0.00715	0.00736	0.00181	0.11585	0.00465	0.00315	0.00849

[dist]
# distance from previous block
# <min> <max>
2	26

[block]
# block no. 11 follows, 33 sequences, length 22
# corresponding to MSA columns:
# 626-647
name=unknown_L
#
# <colnr> <probs for GDERKNQSTAVLIFYWHMCP>
#	G	D	E	R	K	N	Q	S	T	A	V	L	I	F	Y	W	H	M	C	P
0	0.01608	0.01599	0.09743	0.07395	0.17531	0.01423	0.18244	0.06603	0.01572	0.09139	0.01744	0.12872	0.01547	0.00876	0.00793	0.00222	0.04940	0.00822	0.00432	0.00896
1	0.12315	0.03113	0.63515	0.01738	0.02633	0.01522	0.02197	0.02064	0.01353	0.02204	0.01145	0.01346	0.00817	0.00623	0.00596	0.00208	0.00909	0.00469	0.00296	0.00937
2	0.01077	0.00914	0.01483	0.22875	0.05079	0.01034	0.05140	0.01357	0.01194	0.01625	0.01806	0.11543	0.01771	0.10318	0.29205	0.00589	0.01141	0.00839	0.00370	0.00639
3	0.01474	0.16238	0.17252	0.22809	0.17849	0.01738	0.09797	0.01940	0.01401	0.01887	0.01157	0.01524	0.00911	0.00606	0.00619	0.00198	0.00871	0.00543	0.00299	0.00886
4	0.02126	0.21800	0.11348	0.01578	0.08135	0.13723	0.01323	0.02426	0.01610	0.23544	0.01640	0.05214	0.01272	0.00742	0.00591	0.00184	0.00766	0.00571	0.00473	0.00934
5	0.01144	0.00572	0.00858	0.00858	0.00858	0.00572	0.00572	0.00858	0.00858	0.01144	0.01144	0.02001	0.01144	0.02287	0.02573	0.80846	0.00572	0.00572	0.00286	0.00286
6	0.01330	0.03073	0.62175	0.09561	0.06886	0.01524	0.02347	0.02040	0.01388	0.02047	0.01183	0.01441	0.00850	0.00627	0.00630	0.00209	0.00953	0.00502	0.00282	0.00952
7	0.00914	0.01007	0.10757	0.00987	0.01216	0.00703	0.00850	0.01192	0.01515	0.02076	0.27199	0.32909	0.13036	0.01571	0.00781	0.00233	0.00432	0.01388	0.00604	0.00627
8	0.01243	0.01170	0.01975	0.75282	0.04534	0.01463	0.01828	0.01682	0.01316	0.01682	0.01170	0.01755	0.00878	0.00658	0.00658	0.00219	0.00878	0.00585	0.00293	0.00731
9	0.01320	0.03405	0.73453	0.01876	0.02849	0.01529	0.02432	0.02085	0.01390	0.02085	0.01181	0.01390	0.00834	0.00625	0.00625	0.00208	0.00973	0.00486	0.00278	0.00973
10	0.00899	0.00657	0.00865	0.00997	0.01104	0.00624	0.00769	0.01093	0.01392	0.01806	0.03990	0.40190	0.13477	0.01914	0.00858	0.00275	0.00462	0.27454	0.00609	0.00565
11	0.05235	0.01176	0.06302	0.28347	0.05138	0.01132	0.05117	0.01677	0.01404	0.09224	0.04983	0.20816	0.04590	0.01078	0.00705	0.00227	0.00676	0.00962	0.00463	0.00746
12	0.01243	0.01170	0.01975	0.75282	0.04534	0.01463	0.01828	0.01682	0.01316	0.01682	0.01170	0.01755	0.00878	0.00658	0.00658	0.00219	0.00878	0.00585	0.00293	0.00731
13	0.00922	0.00645	0.00792	0.00860	0.00993	0.00579	0.00617	0.01080	0.01411	0.05378	0.07737	0.43159	0.26227	0.01826	0.00812	0.00249	0.00384	0.05122	0.00626	0.00579
14	0.01339	0.01192	0.01850	0.02577	0.38438	0.01199	0.01392	0.01809	0.08897	0.02170	0.11713	0.19848	0.02636	0.01072	0.00715	0.00217	0.00595	0.00990	0.00484	0.00865
15	0.01364	0.01742	0.15305	0.51960	0.08700	0.06253	0.01917	0.01842	0.01378	0.01784	0.01167	0.01641	0.00879	0.00649	0.00647	0.00212	0.00909	0.00556	0.00295	0.00800
16	0.01681	0.45898	0.28318	0.01397	0.02103	0.02113	0.01582	0.02093	0.01392	0.06440	0.01121	0.01253	0.00892	0.00602	0.00511	0.00169	0.00791	0.00420	0.00315	0.00909
17	0.01436	0.01298	0.01839	0.24504	0.10520	0.04608	0.05885	0.11059	0.01677	0.02196	0.07839	0.07727	0.08127	0.00985	0.00768	0.00221	0.03708	0.04366	0.00453	0.00786
18	0.06989	0.50183	0.13711	0.01196	0.01739	0.02078	0.01229	0.01842	0.01320	0.01745	0.01328	0.11443	0.01315	0.00782	0.00510	0.00173	0.00688	0.00581	0.00335	0.00813
19	0.01603	0.01836	0.22035	0.15395	0.04309	0.01318	0.09753	0.02180	0.06331	0.13955	0.01719	0.06667	0.01339	0.00760	0.00661	0.00207	0.00781	0.00676	0.02123	0.06351
20	0.01576	0.01242	0.01950	0.29035	0.23636	0.01338	0.01556	0.06552	0.01613	0.10018	0.09470	0.05761	0.01793	0.00809	0.00679	0.00210	0.00716	0.00725	0.00449	0.00871
21	0.01522	0.08709	0.31689	0.08952	0.02548	0.01542	0.07734	0.11314	0.01658	0.04794	0.04179	0.06253	0.04639	0.00805	0.00655	0.00207	0.00816	0.00679	0.00407	0.00898

[dist]
# distance from previous block
# <min> <max>
0	4

[block]
# block no. 12 follows, 33 sequences, length 27
# corresponding to MSA columns:
# 652-678
name=unknown_M
#
# <colnr> <probs for GDERKNQSTAVLIFYWHMCP>
#	G	D	E	R	K	N	Q	S	T	A	V	L	I	F	Y	W	H	M	C	P
0	0.01656	0.15142	0.02265	0.31834	0.11939	0.01548	0.04663	0.01999	0.01445	0.13627	0.01546	0.06825	0.01262	0.00749	0.00633	0.00203	0.00758	0.00653	0.00405	0.00850
1	0.01396	0.03597	0.26478	0.18390	0.03790	0.01277	0.05564	0.01856	0.01421	0.09257	0.03602	0.02497	0.09806	0.07214	0.00893	0.00247	0.00788	0.00706	0.00401	0.00820
2	0.01524	0.05260	0.02654	0.18509	0.35906	0.01540	0.14634	0.01928	0.01458	0.03692	0.01395	0.05964	0.01194	0.00685	0.00676	0.00207	0.00832	0.00686	0.00346	0.00910
3	0.01250	0.13064	0.45004	0.01525	0.02201	0.01426	0.01783	0.01770	0.01349	0.01906	0.01770	0.20552	0.01737	0.00985	0.00652	0.00214	0.00784	0.00822	0.00364	0.00843
4	0.01438	0.01711	0.21596	0.08085	0.14802	0.01175	0.04056	0.01851	0.01457	0.11097	0.02310	0.17379	0.06796	0.01034	0.00703	0.00222	0.00710	0.02266	0.00457	0.00855
5	0.01977	0.02081	0.27699	0.01805	0.08830	0.01365	0.06058	0.09943	0.01761	0.24657	0.02001	0.02009	0.05260	0.00755	0.00662	0.00206	0.00770	0.00633	0.00516	0.01013
6	0.01351	0.03223	0.66449	0.02091	0.09766	0.01532	0.02392	0.02078	0.01401	0.02091	0.01187	0.01414	0.00855	0.00622	0.00628	0.00207	0.00954	0.00496	0.00283	0.00980
7	0.01470	0.01211	0.01580	0.05970	0.14719	0.01323	0.01179	0.02463	0.32382	0.05371	0.07010	0.07006	0.03550	0.01357	0.07811	0.00302	0.00688	0.03148	0.00558	0.00902
8	0.01328	0.05637	0.10227	0.08668	0.14835	0.01120	0.03015	0.01628	0.01387	0.08185	0.02373	0.29665	0.03952	0.03965	0.00811	0.00241	0.00634	0.01082	0.00473	0.00773
9	0.01283	0.01424	0.09106	0.62013	0.10119	0.01478	0.01904	0.01750	0.01339	0.01761	0.01177	0.01708	0.00887	0.00649	0.00654	0.00216	0.00879	0.00575	0.00294	0.00781
10	0.01162	0.01061	0.01753	0.61655	0.03878	0.01293	0.01605	0.01542	0.01306	0.01682	0.01621	0.15440	0.01515	0.00916	0.00692	0.00228	0.00787	0.00821	0.00351	0.00695
11	0.01535	0.01277	0.02076	0.56462	0.03967	0.01493	0.06683	0.08657	0.01558	0.07987	0.01343	0.01780	0.00974	0.00677	0.00667	0.00216	0.00853	0.00606	0.00376	0.00814
12	0.04712	0.02393	0.02091	0.02110	0.15021	0.42308	0.06380	0.02515	0.01739	0.11297	0.01285	0.01452	0.00995	0.00678	0.00651	0.00186	0.02407	0.00512	0.00401	0.00869
13	0.00960	0.00686	0.00945	0.01097	0.01205	0.00671	0.00886	0.01190	0.01416	0.01857	0.03541	0.34268	0.04009	0.01913	0.00882	0.00289	0.00519	0.42478	0.00608	0.00578
14	0.01753	0.01472	0.01554	0.01363	0.01756	0.01692	0.01070	0.12487	0.62390	0.02941	0.02532	0.02339	0.01890	0.00879	0.00668	0.00220	0.00548	0.00724	0.00668	0.01052
15	0.01628	0.48165	0.20287	0.04014	0.02141	0.02146	0.04421	0.02001	0.01370	0.03028	0.01050	0.01230	0.00871	0.00582	0.00503	0.00162	0.00779	0.00419	0.00298	0.04905
16	0.01622	0.05310	0.55238	0.01860	0.06633	0.01473	0.02124	0.02263	0.01476	0.13827	0.01410	0.01533	0.00978	0.00653	0.00626	0.00205	0.00885	0.00517	0.00370	0.00997
17	0.01463	0.03112	0.62882	0.01888	0.02803	0.01496	0.07261	0.02173	0.01440	0.07536	0.01301	0.01483	0.00907	0.00635	0.00639	0.00209	0.00951	0.00521	0.00323	0.00978
18	0.01368	0.01166	0.01942	0.69892	0.04327	0.01427	0.01766	0.01793	0.01358	0.06884	0.01274	0.01790	0.00932	0.00670	0.00658	0.00218	0.00854	0.00591	0.00331	0.00760
19	0.01342	0.03820	0.14612	0.11251	0.03402	0.01194	0.11831	0.01794	0.04448	0.08254	0.02712	0.11379	0.14580	0.01252	0.04933	0.00268	0.00773	0.00908	0.00458	0.00791
20	0.02172	0.03728	0.07717	0.05461	0.08530	0.01104	0.03587	0.02479	0.01648	0.40627	0.02342	0.13854	0.01855	0.00951	0.00683	0.00213	0.00628	0.00823	0.00630	0.00970
21	0.01537	0.03119	0.60355	0.01810	0.02701	0.01623	0.02216	0.14633	0.01702	0.02463	0.01255	0.01425	0.00886	0.00656	0.00632	0.00206	0.00927	0.00506	0.00348	0.01000
22	0.01785	0.74620	0.03393	0.01147	0.01702	0.05155	0.01132	0.01995	0.01356	0.01551	0.00919	0.01061	0.00845	0.00567	0.00429	0.00142	0.00721	0.00355	0.00284	0.00842
23	0.01599	0.01554	0.15735	0.17135	0.06821	0.01157	0.01446	0.02004	0.01483	0.16169	0.01916	0.05186	0.03875	0.00821	0.00650	0.00198	0.00698	0.05550	0.00460	0.15541
24	0.01896	0.01584	0.10421	0.08934	0.26909	0.01372	0.04109	0.02443	0.08495	0.21652	0.01763	0.01902	0.01280	0.00844	0.03270	0.00236	0.00773	0.00622	0.00487	0.01006
25	0.01090	0.00801	0.00974	0.01012	0.01150	0.00803	0.00728	0.11143	0.04004	0.02124	0.05888	0.54735	0.07278	0.01784	0.00805	0.00252	0.00439	0.03725	0.00624	0.00644
26	0.41755	0.03948	0.01565	0.01748	0.18580	0.01394	0.03602	0.01821	0.01286	0.02475	0.01492	0.08212	0.01419	0.00843	0.00566	0.00215	0.00603	0.07280	0.00417	0.00778

[dist]
# distance from previous block
# <min> <max>
4	17

[block]
# block no. 13 follows, 33 sequences, length 14
# corresponding to MSA columns:
# 698-711
name=unknown_N
#
# <colnr> <probs for GDERKNQSTAVLIFYWHMCP>
#	G	D	E	R	K	N	Q	S	T	A	V	L	I	F	Y	W	H	M	C	P
0	0.01668	0.12570	0.35643	0.01838	0.08266	0.05722	0.04704	0.06141	0.01564	0.08703	0.01458	0.06227	0.01175	0.00732	0.00624	0.00199	0.00848	0.00596	0.00382	0.00941
1	0.08208	0.01685	0.02336	0.03190	0.50394	0.08319	0.01721	0.07895	0.01660	0.06498	0.01301	0.01575	0.01039	0.00628	0.00628	0.00194	0.00780	0.00558	0.00390	0.01002
2	0.01851	0.12797	0.07929	0.08207	0.18182	0.01755	0.01506	0.14572	0.07246	0.09452	0.03049	0.01711	0.01232	0.00739	0.00746	0.00202	0.06826	0.00578	0.00454	0.00968
3	0.13258	0.01669	0.08447	0.08915	0.43168	0.01552	0.09571	0.01996	0.01426	0.02221	0.01192	0.01554	0.00959	0.00596	0.00628	0.00203	0.00803	0.00566	0.00332	0.00946
4	0.10671	0.08339	0.01479	0.01148	0.01415	0.12991	0.04513	0.01548	0.01272	0.01740	0.01569	0.15957	0.01610	0.01322	0.01123	0.21467	0.00660	0.00743	0.00386	0.10048
5	0.06001	0.01801	0.02217	0.05129	0.44707	0.17469	0.01650	0.02068	0.01588	0.02107	0.07789	0.01812	0.01458	0.00681	0.00638	0.00192	0.00816	0.00595	0.00369	0.00915
6	0.08480	0.00754	0.00848	0.00838	0.00921	0.00804	0.00550	0.01243	0.05491	0.01590	0.02042	0.07702	0.02202	0.48945	0.14354	0.00619	0.00788	0.00899	0.00421	0.00508
7	0.00954	0.00682	0.00939	0.01091	0.01196	0.00666	0.00876	0.01180	0.01411	0.01851	0.03544	0.35812	0.04021	0.01919	0.00881	0.00288	0.00514	0.40991	0.00608	0.00577
