[name]
unknown

[dist]
# distance from previous block
# <min> <max>
0	147

[block]
# block no. 0 follows, 44 sequences, length 9
# corresponding to MSA columns:
# 162-170
name=unknown_A
#
# <colnr> <probs for GDERKNQSTAVLIFYWHMCP>
#	G	D	E	R	K	N	Q	S	T	A	V	L	I	F	Y	W	H	M	C	P
0	0.01411	0.11652	0.01267	0.00949	0.01214	0.04869	0.00807	0.12334	0.03875	0.10734	0.01940	0.03020	0.01762	0.00899	0.00550	0.00178	0.00494	0.23966	0.17420	0.00659
1	0.18523	0.01307	0.03772	0.01065	0.01470	0.01358	0.00893	0.34723	0.11849	0.10079	0.03176	0.01422	0.01084	0.00627	0.00497	0.00163	0.00513	0.00471	0.00493	0.06515
2	0.00913	0.11325	0.00968	0.00683	0.00856	0.00733	0.00543	0.01159	0.01404	0.02034	0.51625	0.03230	0.03789	0.00930	0.00551	0.00155	0.00300	0.00796	0.17468	0.00538
3	0.00788	0.00661	0.01000	0.00884	0.01063	0.00602	0.10509	0.01011	0.01336	0.01795	0.34783	0.19529	0.21499	0.01211	0.00654	0.00186	0.00362	0.01094	0.00515	0.00516
4	0.00914	0.11432	0.01250	0.01302	0.16437	0.00848	0.00794	0.01063	0.01083	0.01444	0.02256	0.50980	0.02601	0.04157	0.00693	0.00206	0.00427	0.01138	0.00415	0.00559
5	0.02257	0.00881	0.01189	0.00927	0.01313	0.00766	0.00760	0.02474	0.01538	0.68715	0.07247	0.02016	0.01611	0.00703	0.00546	0.00167	0.00439	0.00576	0.04999	0.00878
6	0.01667	0.01547	0.01394	0.01204	0.01538	0.17140	0.00943	0.20311	0.43394	0.02367	0.01720	0.01645	0.01291	0.00683	0.00540	0.00171	0.00584	0.00532	0.00497	0.00832
7	0.13826	0.17247	0.01523	0.00927	0.01346	0.01136	0.00798	0.02300	0.01379	0.51656	0.01672	0.01520	0.01111	0.00609	0.00478	0.00158	0.00482	0.00460	0.00538	0.00834
8	0.62527	0.01181	0.01025	0.00861	0.01225	0.01348	0.00710	0.21460	0.01367	0.02712	0.00907	0.00999	0.00681	0.00546	0.00393	0.00167	0.00470	0.00348	0.00393	0.00681

[dist]
# distance from previous block
# <min> <max>
0	1

[block]
# block no. 1 follows, 44 sequences, length 6
# corresponding to MSA columns:
# 172-177
name=unknown_B
#
# <colnr> <probs for GDERKNQSTAVLIFYWHMCP>
#	G	D	E	R	K	N	Q	S	T	A	V	L	I	F	Y	W	H	M	C	P
0	0.15064	0.68072	0.02521	0.00898	0.01343	0.02004	0.00877	0.01628	0.01078	0.01473	0.00758	0.00876	0.00682	0.00473	0.00348	0.00125	0.00557	0.00292	0.00250	0.00682
1	0.01332	0.04805	0.18520	0.01486	0.04713	0.01589	0.01357	0.13578	0.01214	0.01768	0.00884	0.01196	0.00750	0.00771	0.01199	0.00204	0.43179	0.00456	0.00288	0.00711
2	0.01284	0.01225	0.02013	0.16065	0.32641	0.01291	0.13490	0.04336	0.15529	0.01847	0.01416	0.01648	0.03567	0.00576	0.00564	0.00174	0.00651	0.00559	0.00337	0.00785
3	0.00721	0.00535	0.00566	0.00579	0.00730	0.00470	0.00426	0.00882	0.01220	0.01607	0.09125	0.13965	0.50036	0.01273	0.00604	0.00178	0.00276	0.01076	0.15262	0.00470
4	0.01528	0.01354	0.01574	0.41701	0.05717	0.18769	0.01277	0.01803	0.01273	0.14914	0.01142	0.01403	0.00836	0.00586	0.00583	0.00171	0.03896	0.00465	0.00329	0.00679
5	0.00779	0.00529	0.00621	0.00624	0.00649	0.00519	0.00377	0.00832	0.00946	0.01284	0.15170	0.09926	0.02674	0.60285	0.02228	0.00440	0.00463	0.00889	0.00392	0.00372

[dist]
# distance from previous block
# <min> <max>
0	5

[block]
# block no. 2 follows, 44 sequences, length 10
# corresponding to MSA columns:
# 183-192
name=unknown_C
#
# <colnr> <probs for GDERKNQSTAVLIFYWHMCP>
#	G	D	E	R	K	N	Q	S	T	A	V	L	I	F	Y	W	H	M	C	P
0	0.56516	0.00984	0.00956	0.07838	0.01342	0.01106	0.00715	0.01693	0.01038	0.14163	0.01062	0.01205	0.00793	0.00864	0.07548	0.00235	0.00551	0.00379	0.00378	0.00636
1	0.01120	0.01017	0.06289	0.13359	0.01613	0.00982	0.00900	0.08400	0.19215	0.04208	0.22390	0.04977	0.11501	0.00890	0.00588	0.00178	0.00451	0.00758	0.00491	0.00672
2	0.01150	0.00764	0.00687	0.00645	0.00815	0.06922	0.00491	0.07306	0.01300	0.02038	0.02007	0.02183	0.08231	0.00699	0.00427	0.00136	0.00343	0.00553	0.62756	0.00548
3	0.01653	0.01404	0.01412	0.06467	0.01660	0.12655	0.03085	0.22984	0.27079	0.05850	0.01601	0.01612	0.01189	0.00656	0.00529	0.00166	0.00579	0.00521	0.08101	0.00797
4	0.01369	0.01046	0.01658	0.51140	0.13567	0.01191	0.01391	0.06649	0.01285	0.13671	0.01187	0.01493	0.00858	0.00565	0.00545	0.00176	0.00666	0.00495	0.00335	0.00714
5	0.01228	0.01004	0.01077	0.00953	0.01227	0.01094	0.00744	0.12930	0.38742	0.02276	0.14591	0.02888	0.17118	0.00914	0.00585	0.00179	0.00398	0.00762	0.00551	0.00737
6	0.00684	0.00524	0.00628	0.00665	0.00777	0.00467	0.00475	0.00836	0.01243	0.01623	0.22770	0.33638	0.30828	0.01438	0.00664	0.00195	0.00287	0.01261	0.00530	0.00467
7	0.14445	0.01167	0.01645	0.39923	0.21676	0.04554	0.01360	0.05926	0.01209	0.01776	0.00965	0.01309	0.00750	0.00531	0.00509	0.00172	0.00662	0.00450	0.00284	0.00688
8	0.00900	0.00575	0.00772	0.00768	0.00847	0.00600	0.00542	0.01013	0.00929	0.07407	0.01850	0.15002	0.01931	0.30021	0.33734	0.00595	0.00876	0.00806	0.00370	0.00461
9	0.13163	0.01109	0.01485	0.01100	0.01560	0.01006	0.12532	0.08971	0.01335	0.13955	0.01180	0.01281	0.00877	0.00494	0.00469	0.00131	0.00517	0.00422	0.00395	0.38019

[dist]
# distance from previous block
# <min> <max>
0	1

[block]
# block no. 3 follows, 44 sequences, length 30
# corresponding to MSA columns:
# 194,202-230
name=unknown_D
#
# <colnr> <probs for GDERKNQSTAVLIFYWHMCP>
#	G	D	E	R	K	N	Q	S	T	A	V	L	I	F	Y	W	H	M	C	P
0	0.07531	0.01470	0.01642	0.01443	0.09787	0.01617	0.01075	0.62717	0.02312	0.03192	0.01242	0.01285	0.00898	0.00626	0.00531	0.00164	0.00593	0.00477	0.00502	0.00898
1	0.01260	0.01383	0.02853	0.02038	0.02578	0.01265	0.62408	0.01681	0.01260	0.01752	0.01080	0.01411	0.00824	0.00450	0.00602	0.00166	0.00829	0.00587	0.00284	0.15291
2	0.00952	0.00597	0.00786	0.00716	0.00876	0.00545	0.00545	0.01204	0.01545	0.10312	0.69094	0.03834	0.04736	0.01067	0.00633	0.00171	0.00279	0.00939	0.00608	0.00559
3	0.01920	0.02354	0.01491	0.01354	0.01640	0.65407	0.01021	0.02300	0.14381	0.01496	0.01079	0.01163	0.00867	0.00592	0.00502	0.00148	0.00889	0.00397	0.00328	0.00672
4	0.01245	0.00656	0.00803	0.07086	0.03850	0.00658	0.00600	0.02842	0.01248	0.13022	0.05349	0.02020	0.01488	0.00652	0.00440	0.00142	0.00344	0.00534	0.56424	0.00598
5	0.00668	0.00488	0.00629	0.00733	0.00786	0.00449	0.00497	0.00777	0.01094	0.01446	0.07506	0.68041	0.11603	0.01639	0.00687	0.00215	0.00309	0.01475	0.00511	0.00449
6	0.01599	0.01635	0.20510	0.02931	0.04428	0.03039	0.27008	0.01998	0.01318	0.24485	0.01359	0.01481	0.00942	0.00564	0.00626	0.00177	0.04179	0.00535	0.00382	0.00803
7	0.00660	0.00553	0.00574	0.00569	0.00746	0.00467	0.00426	0.00812	0.01279	0.01560	0.14254	0.05104	0.68433	0.01348	0.00644	0.00183	0.00274	0.01131	0.00518	0.00467
8	0.01641	0.01297	0.01409	0.01178	0.01519	0.01483	0.00945	0.29667	0.42576	0.04733	0.01791	0.01711	0.01327	0.00719	0.00625	0.00180	0.05230	0.00560	0.00536	0.00873
9	0.01247	0.06536	0.01372	0.00921	0.01396	0.03860	0.03548	0.05671	0.01232	0.01820	0.00974	0.01131	0.00804	0.00430	0.00421	0.00094	0.00469	0.00344	0.00326	0.67405
10	0.01475	0.71231	0.07251	0.01001	0.01476	0.07230	0.01005	0.01675	0.01140	0.01313	0.00777	0.00898	0.00699	0.00476	0.00369	0.00122	0.00623	0.00302	0.00236	0.00701
11	0.01335	0.01281	0.02188	0.06660	0.74234	0.01292	0.01666	0.01661	0.01235	0.01764	0.01023	0.01354	0.00858	0.00488	0.00540	0.00163	0.00651	0.00486	0.00269	0.00852
12	0.01224	0.01198	0.02000	0.12514	0.19925	0.04054	0.22264	0.05791	0.05768	0.01752	0.01500	0.16614	0.01407	0.00749	0.00599	0.00183	0.00669	0.00738	0.00346	0.00707
13	0.00934	0.00692	0.00887	0.00846	0.00935	0.00773	0.00617	0.08931	0.01048	0.01449	0.01662	0.11595	0.01738	0.27956	0.32059	0.00572	0.05719	0.00747	0.00353	0.00485
14	0.00668	0.00529	0.00604	0.00656	0.00781	0.00465	0.00477	0.00800	0.01177	0.01466	0.05693	0.32175	0.45127	0.01501	0.00669	0.00201	0.00304	0.05742	0.00508	0.00457
15	0.02059	0.00856	0.01134	0.00900	0.01264	0.00749	0.00733	0.02299	0.03321	0.60266	0.09989	0.02445	0.09887	0.00796	0.00568	0.00171	0.00422	0.00658	0.00646	0.00835
16	0.02446	0.00928	0.01265	0.00970	0.01392	0.00801	0.00801	0.02657	0.01560	0.77817	0.02151	0.01856	0.01350	0.00675	0.00548	0.00169	0.00464	0.00548	0.00675	0.00928
17	0.31481	0.00972	0.01101	0.00881	0.01273	0.00950	0.00727	0.02285	0.01337	0.51209	0.01659	0.01513	0.01082	0.00615	0.00474	0.00169	0.00449	0.00459	0.00556	0.00809
18	0.70208	0.01069	0.00871	0.00761	0.01095	0.01225	0.00624	0.09533	0.01118	0.02525	0.00886	0.01008	0.00681	0.00531	0.00363	0.00165	0.00430	0.00330	0.05957	0.00621
19	0.01981	0.02506	0.01553	0.01406	0.01669	0.73601	0.01063	0.02120	0.01498	0.01333	0.00834	0.00997	0.00703	0.00588	0.00577	0.00147	0.06157	0.00359	0.00278	0.00630
20	0.01138	0.00976	0.01134	0.00818	0.01296	0.00748	0.00653	0.01425	0.03709	0.01794	0.01012	0.01161	0.00837	0.00415	0.00409	0.00084	0.00405	0.00333	0.00331	0.81321
21	0.01175	0.01147	0.01697	0.01492	0.05154	0.01449	0.08893	0.01506	0.09101	0.01572	0.08507	0.03221	0.01331	0.00888	0.01341	0.00216	0.49766	0.00582	0.00319	0.00641
22	0.00666	0.00550	0.00584	0.00582	0.00751	0.00468	0.00434	0.00822	0.01284	0.01585	0.17060	0.07992	0.62638	0.01350	0.00646	0.00183	0.00275	0.01139	0.00522	0.00468
23	0.01066	0.01019	0.01764	0.70019	0.08641	0.01226	0.05743	0.01432	0.01111	0.01439	0.00980	0.01447	0.00742	0.00536	0.00550	0.00180	0.00732	0.00494	0.00246	0.00630
24	0.00703	0.00510	0.00671	0.00776	0.00841	0.00478	0.00558	0.00837	0.01126	0.01489	0.08220	0.58018	0.09229	0.01611	0.00697	0.00220	0.00338	0.12708	0.00512	0.00458
25	0.00791	0.00537	0.00639	0.00639	0.00654	0.00552	0.00385	0.00821	0.00806	0.01090	0.01677	0.03344	0.01885	0.68822	0.14661	0.00583	0.00674	0.00760	0.00324	0.00355
26	0.01247	0.18456	0.58331	0.01394	0.02109	0.01418	0.01725	0.01763	0.01167	0.06175	0.01004	0.01137	0.00732	0.00517	0.00486	0.00161	0.00741	0.00389	0.00257	0.00792
27	0.00786	0.00598	0.00666	0.00635	0.00818	0.00533	0.00481	0.01030	0.04957	0.04624	0.26998	0.04607	0.48817	0.01242	0.00636	0.00180	0.00285	0.01052	0.00543	0.00514
28	0.04549	0.06503	0.01440	0.01156	0.01472	0.36910	0.00908	0.06359	0.01450	0.12111	0.01355	0.04371	0.03955	0.00669	0.00555	0.00150	0.04152	0.01907	0.00374	0.09651
29	0.04576	0.15613	0.03414	0.01207	0.01593	0.18310	0.01013	0.32134	0.10606	0.02340	0.01176	0.01227	0.00903	0.00612	0.00529	0.00155	0.02955	0.00432	0.00412	0.00793

[dist]
# distance from previous block
# <min> <max>
1	22

[block]
# block no. 4 follows, 44 sequences, length 8
# corresponding to MSA columns:
# 253-260
name=unknown_E
#
# <colnr> <probs for GDERKNQSTAVLIFYWHMCP>
#	G	D	E	R	K	N	Q	S	T	A	V	L	I	F	Y	W	H	M	C	P
0	0.01821	0.08480	0.01671	0.01347	0.01653	0.50005	0.04020	0.07598	0.09767	0.01616	0.01097	0.01315	0.00912	0.00621	0.00550	0.00154	0.03482	0.02876	0.00333	0.00683
1	0.01456	0.07366	0.08023	0.01255	0.01714	0.06344	0.11828	0.11570	0.04553	0.06696	0.01122	0.01264	0.00866	0.00534	0.00568	0.00140	0.05384	0.00434	0.00355	0.28527
2	0.01790	0.05464	0.07575	0.05299	0.02007	0.41241	0.13660	0.09638	0.01538	0.05276	0.01009	0.01171	0.00777	0.00551	0.00524	0.00155	0.00866	0.00432	0.00318	0.00708
3	0.01392	0.00989	0.01225	0.00918	0.01329	0.00860	0.00745	0.01613	0.01176	0.16398	0.01165	0.01278	0.00901	0.00526	0.00607	0.00118	0.10463	0.00386	0.00380	0.57531
4	0.00835	0.00582	0.00735	0.00705	0.00846	0.00538	0.00525	0.01096	0.03793	0.05331	0.53831	0.13410	0.13330	0.01188	0.00643	0.00179	0.00281	0.01044	0.00579	0.00528
5	0.01103	0.00752	0.00938	0.06973	0.01242	0.00776	0.00699	0.03745	0.16454	0.11187	0.05594	0.35829	0.08128	0.03114	0.00677	0.00205	0.00398	0.01051	0.00517	0.00617
6	0.01693	0.01417	0.09078	0.01166	0.01575	0.01380	0.01015	0.30643	0.29464	0.09921	0.01715	0.01649	0.01239	0.00673	0.00538	0.00171	0.00528	0.00535	0.04730	0.00870
7	0.00776	0.00533	0.00706	0.00740	0.00801	0.00563	0.00521	0.00905	0.00931	0.01334	0.01974	0.23777	0.02119	0.20673	0.31694	0.00538	0.00807	0.00887	0.09279	0.00441

[dist]
# distance from previous block
# <min> <max>
0	1

[block]
# block no. 5 follows, 44 sequences, length 34
# corresponding to MSA columns:
# 262-295
name=unknown_F
#
# <colnr> <probs for GDERKNQSTAVLIFYWHMCP>
#	G	D	E	R	K	N	Q	S	T	A	V	L	I	F	Y	W	H	M	C	P
0	0.74038	0.01093	0.00895	0.00776	0.01125	0.01250	0.00639	0.08448	0.01102	0.05338	0.00861	0.00961	0.00650	0.00526	0.00364	0.00168	0.00440	0.00323	0.00369	0.00634
1	0.01193	0.01193	0.01670	0.01431	0.01431	0.01670	0.01193	0.01312	0.00835	0.01312	0.00716	0.01193	0.00716	0.00954	0.01789	0.00239	0.79843	0.00477	0.00239	0.00596
2	0.03567	0.01159	0.01330	0.01219	0.06726	0.03106	0.00903	0.11896	0.33605	0.23502	0.03862	0.01845	0.01463	0.00691	0.00543	0.00173	0.00482	0.00566	0.02503	0.00860
3	0.29156	0.01287	0.01238	0.01011	0.01391	0.07488	0.00822	0.22777	0.06413	0.21290	0.01358	0.01326	0.00950	0.00609	0.00474	0.00166	0.00528	0.00438	0.00489	0.00789
4	0.02112	0.02184	0.01507	0.01312	0.01635	0.56223	0.01008	0.10791	0.01666	0.14831	0.01124	0.01172	0.00841	0.00592	0.00508	0.00148	0.00849	0.00402	0.00380	0.00718
5	0.00886	0.00583	0.00766	0.00705	0.00854	0.00534	0.00534	0.01140	0.01544	0.07374	0.72007	0.03920	0.04884	0.01084	0.00637	0.00171	0.00271	0.00956	0.00605	0.00543
6	0.01367	0.01141	0.01225	0.01096	0.01397	0.01301	0.00864	0.09892	0.60580	0.02348	0.05818	0.02330	0.01857	0.00800	0.00571	0.00186	0.00444	0.05402	0.00553	0.00829
7	0.08861	0.05045	0.01480	0.01089	0.01500	0.01373	0.00905	0.42430	0.02036	0.23570	0.05158	0.01538	0.01210	0.00661	0.00525	0.00164	0.00531	0.00505	0.00552	0.00869
8	0.00728	0.00540	0.00659	0.00682	0.00797	0.00495	0.00495	0.00928	0.02539	0.01755	0.31640	0.27622	0.22094	0.01344	0.00650	0.00190	0.00287	0.02461	0.03609	0.00485
9	0.84691	0.01054	0.00801	0.00717	0.01054	0.01223	0.00590	0.01603	0.00928	0.02446	0.00759	0.00886	0.00590	0.00506	0.00337	0.00169	0.00422	0.00295	0.00337	0.00590
10	0.00805	0.00524	0.00604	0.00604	0.00604	0.00524	0.00342	0.00786	0.00786	0.01048	0.01654	0.03411	0.01897	0.74348	0.02722	0.07405	0.00524	0.00767	0.00323	0.00323
11	0.01225	0.01322	0.02697	0.01968	0.02414	0.01290	0.56652	0.01618	0.01246	0.01744	0.06400	0.01630	0.01138	0.00561	0.00743	0.00182	0.09043	0.00632	0.03371	0.04125
12	0.01208	0.01188	0.01911	0.36918	0.27053	0.04458	0.06976	0.01531	0.01150	0.01550	0.00988	0.01392	0.00793	0.00560	0.00659	0.00178	0.08019	0.00491	0.02283	0.00696
13	0.01393	0.32692	0.09042	0.07689	0.01764	0.12431	0.03009	0.01611	0.01100	0.01358	0.00804	0.01064	0.00709	0.00625	0.00803	0.00165	0.22446	0.00385	0.00243	0.00665
14	0.56733	0.01049	0.01068	0.10994	0.01508	0.01194	0.04369	0.05936	0.01096	0.04503	0.00947	0.01121	0.00718	0.00531	0.00400	0.00168	0.00485	0.00370	0.06185	0.00623
15	0.01352	0.01275	0.01949	0.26572	0.43934	0.04771	0.01534	0.08804	0.01337	0.01802	0.01027	0.01361	0.00820	0.00524	0.00540	0.00167	0.00682	0.00480	0.00289	0.00780
16	0.00901	0.00499	0.00728	0.00728	0.00746	0.00517	0.00496	0.00766	0.00749	0.01016	0.01119	0.01942	0.01129	0.10455	0.15955	0.60525	0.00657	0.00526	0.00256	0.00291
17	0.00764	0.00555	0.00740	0.00846	0.00940	0.00532	0.00666	0.00941	0.01181	0.01542	0.06257	0.35794	0.11046	0.01558	0.00714	0.00229	0.00394	0.34318	0.00508	0.00474
18	0.00774	0.00558	0.00768	0.00778	0.00840	0.00614	0.00557	0.00899	0.00864	0.01211	0.01668	0.09032	0.01741	0.27956	0.48469	0.00713	0.01074	0.00729	0.00322	0.00434
19	0.01927	0.01455	0.01554	0.01225	0.01635	0.01623	0.01001	0.60816	0.17607	0.03201	0.01494	0.01457	0.01077	0.00672	0.00547	0.00168	0.00566	0.00516	0.00547	0.00914
20	0.41213	0.01018	0.00944	0.00801	0.01116	0.01124	0.00652	0.17551	0.01376	0.07887	0.01218	0.01318	0.00908	0.00581	0.00407	0.00158	0.00423	0.00406	0.20232	0.00667
21	0.02072	0.01527	0.01636	0.01254	0.01691	0.01691	0.01036	0.75622	0.02563	0.03436	0.01309	0.01309	0.00927	0.00654	0.00545	0.00164	0.00600	0.00491	0.00545	0.00927
22	0.01156	0.16361	0.65026	0.01447	0.02194	0.01420	0.01827	0.01710	0.01144	0.01650	0.00940	0.01103	0.00692	0.00509	0.00489	0.00163	0.00767	0.00384	0.00231	0.00787
23	0.01458	0.81168	0.02857	0.00933	0.01399	0.02157	0.00933	0.01632	0.01108	0.01283	0.00758	0.00875	0.00700	0.00466	0.00350	0.00117	0.00583	0.00292	0.00233	0.00700
24	0.78911	0.01162	0.00853	0.00765	0.01098	0.06638	0.00623	0.01643	0.00971	0.02368	0.00765	0.00892	0.00598	0.00510	0.00348	0.00167	0.00461	0.00299	0.00333	0.00593
25	0.01485	0.01200	0.01275	0.01112	0.01438	0.01368	0.00875	0.13535	0.61589	0.04646	0.02073	0.01922	0.01540	0.00723	0.00549	0.00180	0.00453	0.00593	0.02577	0.00866
26	0.00729	0.00552	0.00673	0.00657	0.00796	0.00496	0.00491	0.00941	0.01417	0.01914	0.49739	0.09070	0.26602	0.01238	0.00649	0.00180	0.00271	0.02527	0.00564	0.00494
27	0.01334	0.01279	0.02185	0.07052	0.73855	0.01291	0.01665	0.01660	0.01234	0.01762	0.01023	0.01354	0.00857	0.00489	0.00540	0.00163	0.00652	0.00486	0.00269	0.00851
28	0.00671	0.00545	0.00595	0.00599	0.00757	0.00469	0.00443	0.00828	0.01281	0.01603	0.19174	0.12688	0.55720	0.01362	0.00649	0.00185	0.00277	0.01159	0.00524	0.00469
29	0.00930	0.00480	0.00697	0.00697	0.00697	0.00480	0.00458	0.00719	0.00719	0.00959	0.01033	0.01869	0.01062	0.10658	0.02202	0.74856	0.00480	0.00509	0.00247	0.00247
30	0.01424	0.69110	0.07979	0.00991	0.01468	0.02029	0.01003	0.01743	0.07308	0.01396	0.00894	0.00989	0.00778	0.00492	0.00378	0.00126	0.00586	0.00326	0.00259	0.00720
31	0.00804	0.00621	0.00749	0.00812	0.00912	0.00627	0.00571	0.01194	0.15995	0.01603	0.05777	0.56981	0.08311	0.01472	0.00662	0.00210	0.00334	0.01317	0.00519	0.00530
32	0.01035	0.01121	0.07917	0.73117	0.03640	0.01216	0.01555	0.01420	0.01095	0.01420	0.00970	0.01429	0.00724	0.00543	0.00543	0.00181	0.00733	0.00478	0.00241	0.00622
33	0.08052	0.01232	0.01369	0.01070	0.01482	0.05940	0.00877	0.25947	0.01837	0.43959	0.01702	0.01558	0.01121	0.00649	0.00529	0.00165	0.00537	0.00500	0.00585	0.00886

[dist]
# distance from previous block
# <min> <max>
0	1

[block]
# block no. 6 follows, 44 sequences, length 10
# corresponding to MSA columns:
# 297-306
name=unknown_G
#
# <colnr> <probs for GDERKNQSTAVLIFYWHMCP>
#	G	D	E	R	K	N	Q	S	T	A	V	L	I	F	Y	W	H	M	C	P
0	0.01360	0.01141	0.01361	0.03245	0.01531	0.04837	0.05567	0.08825	0.03352	0.06449	0.01109	0.01239	0.00868	0.00469	0.00454	0.00109	0.00499	0.00387	0.00364	0.56832
1	0.31375	0.01358	0.01285	0.15842	0.06144	0.15291	0.00972	0.04928	0.09853	0.06523	0.01102	0.01243	0.00834	0.00565	0.00462	0.00167	0.00605	0.00412	0.00359	0.00682
2	0.01129	0.00592	0.00724	0.00679	0.00826	0.00592	0.00511	0.01332	0.01124	0.12808	0.06247	0.02346	0.01680	0.11550	0.18119	0.00353	0.00587	0.00595	0.37662	0.00543
3	0.01451	0.01403	0.02531	0.02018	0.09671	0.01394	0.43702	0.19134	0.04369	0.02192	0.05547	0.01591	0.01133	0.00556	0.00607	0.00176	0.00762	0.00611	0.00368	0.00785
4	0.01041	0.00961	0.01540	0.67489	0.03362	0.01182	0.01394	0.01504	0.08427	0.01479	0.01205	0.05928	0.00979	0.00629	0.00554	0.00184	0.00675	0.00557	0.00287	0.00622
5	0.01851	0.01676	0.01545	0.01359	0.05451	0.19416	0.01030	0.36969	0.20450	0.02581	0.01411	0.01414	0.01053	0.00645	0.00535	0.00163	0.00650	0.00489	0.00472	0.00840
6	0.00771	0.00549	0.00735	0.00750	0.00801	0.00592	0.00521	0.00876	0.00863	0.01197	0.01746	0.11997	0.01876	0.34393	0.39187	0.00660	0.00953	0.00782	0.00333	0.00419
7	0.01431	0.34819	0.27220	0.01219	0.01766	0.07386	0.01301	0.09021	0.07918	0.01730	0.01019	0.01118	0.00804	0.00533	0.00453	0.00147	0.00674	0.00380	0.00294	0.00766
8	0.01362	0.00873	0.00822	0.00749	0.00950	0.10042	0.00579	0.04666	0.01341	0.13215	0.06408	0.03772	0.03169	0.00727	0.00466	0.00146	0.00398	0.02879	0.46836	0.00601
9	0.23641	0.01224	0.01467	0.03700	0.24915	0.04090	0.01059	0.11819	0.08666	0.04673	0.01225	0.04861	0.01005	0.00600	0.00487	0.00165	0.00541	0.00485	0.00379	0.04998

[dist]
# distance from previous block
# <min> <max>
0	27

[block]
# block no. 7 follows, 44 sequences, length 41
# corresponding to MSA columns:
# 334-374
name=unknown_H
#
# <colnr> <probs for GDERKNQSTAVLIFYWHMCP>
#	G	D	E	R	K	N	Q	S	T	A	V	L	I	F	Y	W	H	M	C	P
0	0.10725	0.00918	0.01056	0.00871	0.01173	0.00919	0.00700	0.17298	0.01651	0.24069	0.22337	0.02383	0.05149	0.00796	0.00540	0.00166	0.00407	0.00648	0.07469	0.00725
1	0.09019	0.00967	0.01132	0.00838	0.01294	0.00789	0.00678	0.01697	0.01214	0.19805	0.01229	0.01280	0.00916	0.00477	0.00432	0.00110	0.00420	0.00374	0.00407	0.56923
2	0.00759	0.00536	0.00670	0.00669	0.00785	0.00494	0.00489	0.00971	0.01373	0.01936	0.47512	0.19305	0.12296	0.01217	0.00629	0.00179	0.00271	0.01072	0.08344	0.00494
3	0.01809	0.02167	0.01498	0.04962	0.01715	0.55712	0.01047	0.02223	0.15622	0.01514	0.01100	0.01216	0.00886	0.00619	0.00586	0.00157	0.05751	0.00415	0.00328	0.00672
4	0.02027	0.01439	0.01556	0.01204	0.01623	0.01579	0.00991	0.65399	0.05584	0.07879	0.01416	0.01399	0.01001	0.00659	0.00540	0.00164	0.00572	0.00500	0.03559	0.00909
5	0.00938	0.00594	0.00779	0.00712	0.00871	0.00542	0.00541	0.01188	0.01539	0.09782	0.68241	0.03872	0.06136	0.01075	0.00633	0.00171	0.00278	0.00945	0.00606	0.00555
6	0.01665	0.00923	0.01116	0.00928	0.01235	0.00921	0.00740	0.10753	0.16277	0.29944	0.21578	0.02415	0.02353	0.00797	0.00564	0.00169	0.00407	0.00666	0.05769	0.00781
7	0.00685	0.00512	0.00669	0.00769	0.00813	0.00496	0.00527	0.00785	0.01053	0.01396	0.03134	0.70360	0.10095	0.01647	0.00738	0.00219	0.03690	0.01468	0.00495	0.00451
8	0.01108	0.01077	0.01569	0.19247	0.01906	0.01455	0.01205	0.01281	0.00912	0.01338	0.00979	0.08374	0.00978	0.00928	0.01406	0.00224	0.54591	0.00575	0.00263	0.00585
9	0.01247	0.01030	0.01229	0.05760	0.01490	0.00901	0.00765	0.07163	0.05343	0.03981	0.01086	0.01236	0.00870	0.00477	0.00485	0.00107	0.03308	0.00374	0.00354	0.62795
10	0.06987	0.13145	0.03975	0.03744	0.01681	0.55343	0.01044	0.02059	0.04602	0.01450	0.00892	0.01027	0.00736	0.00551	0.00468	0.00143	0.00857	0.00357	0.00287	0.00653
11	0.06392	0.01313	0.02523	0.15900	0.02711	0.03603	0.48624	0.01632	0.01234	0.01704	0.01210	0.01837	0.00998	0.00575	0.00612	0.00187	0.00818	0.07153	0.00294	0.00679
12	0.03605	0.19286	0.01573	0.00932	0.01333	0.01127	0.00800	0.05614	0.01471	0.43765	0.09932	0.01798	0.01558	0.00659	0.00503	0.00153	0.00472	0.00520	0.00538	0.04358
13	0.01147	0.09709	0.63044	0.01580	0.02327	0.01359	0.09989	0.01720	0.01162	0.01689	0.00972	0.01161	0.00706	0.00507	0.00517	0.00169	0.00798	0.00419	0.00235	0.00788
14	0.00672	0.00499	0.00616	0.00699	0.00767	0.00455	0.00474	0.00777	0.01091	0.01419	0.06353	0.55636	0.20047	0.06798	0.00819	0.00231	0.00319	0.01389	0.00498	0.00442
15	0.00700	0.00546	0.00625	0.00621	0.00761	0.00482	0.00454	0.00869	0.01306	0.01696	0.30619	0.11665	0.40526	0.05764	0.00768	0.00202	0.00287	0.01109	0.00530	0.00471
16	0.01742	0.01202	0.01335	0.01066	0.01415	0.01291	0.00865	0.45370	0.07161	0.09716	0.16652	0.01998	0.01883	0.00753	0.00557	0.00165	0.00490	0.00604	0.04914	0.00818
17	0.66109	0.00993	0.00857	0.00748	0.01078	0.01103	0.00612	0.01693	0.01068	0.12544	0.07808	0.01302	0.01101	0.00583	0.00393	0.00169	0.00413	0.00391	0.00406	0.00629
18	0.01458	0.81168	0.02857	0.00933	0.01399	0.02157	0.00933	0.01632	0.01108	0.01283	0.00758	0.00875	0.00700	0.00466	0.00350	0.00117	0.00583	0.00292	0.00233	0.00700
19	0.01332	0.06311	0.02729	0.08944	0.02588	0.02836	0.51955	0.03552	0.01291	0.05211	0.01293	0.01588	0.04070	0.00539	0.00643	0.00179	0.03305	0.00610	0.00304	0.00717
20	0.01939	0.12647	0.04505	0.01318	0.01688	0.44142	0.03511	0.14541	0.01638	0.07649	0.01025	0.01114	0.00794	0.00569	0.00492	0.00146	0.00817	0.00394	0.00348	0.00724
21	0.84691	0.01054	0.00801	0.00717	0.01054	0.01223	0.00590	0.01603	0.00928	0.02446	0.00759	0.00886	0.00590	0.00506	0.00337	0.00169	0.00422	0.00295	0.00337	0.00590
22	0.02838	0.01074	0.01243	0.17410	0.07441	0.09699	0.00952	0.04820	0.09813	0.05779	0.03612	0.04300	0.01330	0.06301	0.09080	0.00267	0.02252	0.00566	0.10585	0.00638
23	0.00732	0.00550	0.00678	0.00666	0.00801	0.00497	0.00498	0.00943	0.01412	0.01914	0.49779	0.11299	0.23738	0.01248	0.00651	0.00181	0.00274	0.03081	0.00565	0.00494
24	0.01229	0.01221	0.01779	0.46426	0.25186	0.08198	0.01489	0.01615	0.04659	0.01543	0.01032	0.01407	0.00808	0.00538	0.00539	0.00172	0.00713	0.00479	0.00268	0.00696
25	0.00787	0.00581	0.00722	0.00691	0.00826	0.00539	0.00513	0.03433	0.01475	0.02033	0.56353	0.11002	0.15081	0.02690	0.00685	0.00184	0.00282	0.01040	0.00571	0.00510
26	0.00910	0.00495	0.00730	0.00730	0.00745	0.00511	0.00498	0.00758	0.00742	0.01005	0.01079	0.01857	0.01080	0.07285	0.14534	0.65357	0.00636	0.00512	0.00252	0.00283
27	0.01458	0.81168	0.02857	0.00933	0.01399	0.02157	0.00933	0.01632	0.01108	0.01283	0.00758	0.00875	0.00700	0.00466	0.00350	0.00117	0.00583	0.00292	0.00233	0.00700
28	0.00670	0.00483	0.00635	0.00746	0.00790	0.00448	0.00503	0.00777	0.01083	0.01444	0.07704	0.72558	0.06827	0.01657	0.00690	0.00217	0.00311	0.01498	0.00512	0.00448
29	0.20934	0.01081	0.01210	0.11379	0.01640	0.01220	0.02336	0.05384	0.33124	0.06636	0.06254	0.01738	0.01415	0.00661	0.00505	0.00175	0.00476	0.00530	0.00460	0.02843
30	0.09545	0.04804	0.01353	0.01025	0.01418	0.01176	0.00842	0.15047	0.18109	0.38135	0.01831	0.01668	0.01248	0.00661	0.00521	0.00169	0.00482	0.00519	0.00575	0.00872
31	0.11798	0.19847	0.01834	0.01233	0.01596	0.38211	0.04128	0.12182	0.01503	0.01766	0.00890	0.01013	0.00725	0.00542	0.00455	0.00144	0.00770	0.00363	0.00314	0.00688
32	0.12854	0.01159	0.01568	0.04690	0.30096	0.03326	0.02546	0.05891	0.10770	0.10876	0.02662	0.08576	0.01291	0.00675	0.00532	0.00173	0.00547	0.00586	0.00403	0.00776
33	0.00982	0.00558	0.00614	0.00626	0.00746	0.00560	0.00469	0.04309	0.01192	0.01924	0.03920	0.13949	0.01966	0.04585	0.00582	0.00172	0.00311	0.06761	0.55265	0.00508
34	0.01085	0.00866	0.01088	0.14953	0.01544	0.00934	0.00816	0.16700	0.02849	0.02074	0.23689	0.07779	0.18067	0.00994	0.00656	0.00180	0.03799	0.00833	0.00483	0.00611
35	0.01556	0.04742	0.14301	0.01404	0.03208	0.11847	0.09314	0.06807	0.15582	0.11814	0.01366	0.01499	0.01037	0.02902	0.00748	0.00186	0.10027	0.00504	0.00387	0.00768
36	0.01214	0.03053	0.22754	0.10320	0.20242	0.01239	0.06735	0.06547	0.09342	0.01867	0.04438	0.01776	0.06815	0.00629	0.00552	0.00172	0.00649	0.00554	0.00335	0.00768
37	0.00890	0.00594	0.00740	0.00757	0.00874	0.00566	0.00542	0.02920	0.03892	0.07336	0.13333	0.37884	0.13394	0.08153	0.04117	0.00256	0.00394	0.02334	0.00511	0.00512
38	0.01123	0.01174	0.09536	0.19268	0.11154	0.01084	0.04597	0.06930	0.11415	0.01901	0.14055	0.05120	0.06140	0.00782	0.00582	0.00180	0.00560	0.03308	0.00402	0.00689
39	0.01174	0.04424	0.01217	0.00833	0.01310	0.03366	0.00672	0.01410	0.01143	0.01741	0.00956	0.01115	0.00799	0.00412	0.00404	0.00084	0.00431	0.00323	0.00318	0.77869
40	0.15799	0.26408	0.08283	0.03290	0.01477	0.01456	0.00930	0.06308	0.10332	0.06575	0.01180	0.01370	0.00956	0.02147	0.00482	0.00155	0.00532	0.02408	0.00355	0.09558

[dist]
# distance from previous block
# <min> <max>
0	36

[block]
# block no. 8 follows, 44 sequences, length 31
# corresponding to MSA columns:
# 411-441
name=unknown_I
#
# <colnr> <probs for GDERKNQSTAVLIFYWHMCP>
#	G	D	E	R	K	N	Q	S	T	A	V	L	I	F	Y	W	H	M	C	P
0	0.01281	0.03143	0.01153	0.00989	0.01196	0.08160	0.00781	0.10132	0.10920	0.06602	0.21520	0.08730	0.05579	0.00957	0.00725	0.00182	0.09662	0.03909	0.03729	0.00648
1	0.09510	0.02465	0.01226	0.00908	0.01343	0.00986	0.00741	0.13888	0.03817	0.17493	0.01302	0.01332	0.00958	0.00528	0.00453	0.00126	0.00450	0.00407	0.02758	0.39311
2	0.00694	0.00553	0.00625	0.00634	0.00788	0.00484	0.00480	0.00866	0.01301	0.01652	0.22554	0.10947	0.48481	0.01351	0.00656	0.00189	0.00291	0.06449	0.00529	0.00475
3	0.01195	0.01167	0.02107	0.48993	0.05381	0.01300	0.22793	0.07343	0.01267	0.01666	0.01036	0.01444	0.00775	0.00527	0.00573	0.00180	0.00770	0.00531	0.00277	0.00675
4	0.02119	0.01329	0.01499	0.01162	0.01584	0.01412	0.00956	0.49099	0.08322	0.24317	0.01621	0.01522	0.01107	0.00667	0.00547	0.00167	0.00548	0.00517	0.00583	0.00922
5	0.00753	0.00551	0.00706	0.00680	0.00806	0.00504	0.00505	0.00988	0.01480	0.02066	0.65517	0.09823	0.11222	0.01181	0.00647	0.00176	0.00263	0.01042	0.00585	0.00504
6	0.08293	0.42431	0.02163	0.01019	0.01462	0.01808	0.00925	0.24639	0.01588	0.09455	0.01064	0.01105	0.00824	0.00548	0.00429	0.00140	0.00564	0.00378	0.00381	0.00784
7	0.00830	0.00578	0.00682	0.00656	0.00825	0.00512	0.00501	0.01026	0.01372	0.06587	0.33012	0.06588	0.36645	0.01225	0.00637	0.00181	0.00291	0.04390	0.02948	0.00514
8	0.07427	0.01057	0.01252	0.00991	0.01357	0.01058	0.00808	0.25453	0.01834	0.35117	0.15795	0.02032	0.01874	0.00739	0.00551	0.00168	0.00466	0.00595	0.00598	0.00828
9	0.02692	0.08976	0.15791	0.19187	0.07984	0.07005	0.02222	0.15652	0.08096	0.01948	0.01141	0.01348	0.00874	0.00719	0.03905	0.00196	0.00720	0.00458	0.00333	0.00752
10	0.01475	0.67979	0.02646	0.07159	0.01610	0.08780	0.00989	0.01661	0.01145	0.01296	0.00782	0.00930	0.00702	0.00481	0.00378	0.00124	0.00629	0.00312	0.00238	0.00686
11	0.40588	0.01055	0.03152	0.00860	0.01223	0.01063	0.00724	0.08755	0.01334	0.25603	0.07282	0.01512	0.01238	0.00623	0.00452	0.00167	0.00444	0.00454	0.02747	0.00723
12	0.01801	0.01404	0.01725	0.15824	0.08269	0.01562	0.03163	0.53999	0.02151	0.02881	0.01218	0.01343	0.00883	0.00615	0.00547	0.00167	0.00636	0.00493	0.00460	0.00858
13	0.01267	0.00858	0.01031	0.02920	0.01197	0.00928	0.00734	0.03397	0.23907	0.13098	0.08817	0.11053	0.04110	0.06765	0.02512	0.00226	0.05659	0.03774	0.07072	0.00673
14	0.00713	0.00516	0.00645	0.00696	0.00782	0.00475	0.00490	0.00862	0.01204	0.01627	0.22826	0.40285	0.15566	0.05088	0.00759	0.00214	0.00306	0.02947	0.03537	0.00463
15	0.01199	0.00653	0.00852	0.00750	0.00959	0.00584	0.00581	0.01430	0.01511	0.22003	0.49581	0.05114	0.10520	0.01034	0.00619	0.00173	0.00314	0.00897	0.00610	0.00617
16	0.06167	0.00918	0.01221	0.00946	0.01351	0.00808	0.00779	0.02538	0.01530	0.71061	0.05339	0.01907	0.01479	0.00686	0.00543	0.00169	0.00453	0.00556	0.00656	0.00894
17	0.14983	0.00891	0.01096	0.00874	0.01242	0.00823	0.00715	0.02268	0.01423	0.55228	0.05333	0.01922	0.03804	0.00688	0.00511	0.00166	0.00428	0.00545	0.06245	0.00814
18	0.05442	0.04052	0.01521	0.01282	0.01612	0.43096	0.00997	0.19937	0.13174	0.02031	0.01159	0.01215	0.00898	0.00606	0.00504	0.00153	0.00773	0.00421	0.00388	0.00738
19	0.01802	0.06563	0.01752	0.03679	0.01768	0.52392	0.05976	0.05091	0.01428	0.01446	0.00860	0.01068	0.00723	0.00612	0.00691	0.00159	0.12664	0.00396	0.00282	0.00649
20	0.01359	0.07388	0.03793	0.03933	0.15409	0.08245	0.08548	0.07383	0.02551	0.01674	0.04131	0.03202	0.01035	0.00724	0.00970	0.00188	0.27949	0.00518	0.00302	0.00698
21	0.57458	0.00997	0.00927	0.00784	0.01138	0.01073	0.00645	0.01901	0.01122	0.24615	0.01206	0.01213	0.00843	0.00560	0.00401	0.00167	0.00428	0.00377	0.03457	0.00687
22	0.01307	0.07488	0.11273	0.10361	0.15130	0.07806	0.02758	0.05051	0.12205	0.03527	0.03819	0.07881	0.01367	0.00726	0.00600	0.00176	0.03904	0.03532	0.00360	0.00727
23	0.00827	0.00539	0.00659	0.00640	0.00763	0.00507	0.00476	0.01069	0.01396	0.02075	0.50299	0.08503	0.05965	0.01032	0.00576	0.00163	0.00261	0.00899	0.22846	0.00507
24	0.00820	0.00596	0.00755	0.00737	0.00763	0.00660	0.00493	0.00883	0.00819	0.01134	0.01569	0.02995	0.01715	0.53790	0.23233	0.00600	0.07021	0.00712	0.00313	0.00394
25	0.00972	0.00591	0.00760	0.00721	0.00855	0.00546	0.00527	0.01154	0.01334	0.11379	0.40100	0.13011	0.06994	0.14791	0.01006	0.00242	0.00346	0.03605	0.00544	0.00524
26	0.00867	0.00517	0.00757	0.00760	0.00795	0.00551	0.00535	0.00811	0.00784	0.01080	0.01246	0.03926	0.01250	0.09661	0.29108	0.45354	0.00822	0.00567	0.00271	0.00338
27	0.01353	0.12573	0.05097	0.19282	0.03803	0.11156	0.08932	0.05235	0.14351	0.01682	0.01252	0.04660	0.01032	0.00638	0.00602	0.00171	0.05528	0.00521	0.01429	0.00701
28	0.01296	0.03023	0.01161	0.00849	0.01277	0.00762	0.00689	0.01528	0.01189	0.13062	0.01313	0.03060	0.01101	0.00697	0.03870	0.00142	0.00468	0.04754	0.00386	0.59375
29	0.10440	0.12596	0.07419	0.04856	0.16841	0.06619	0.10250	0.06787	0.07192	0.02762	0.01232	0.02992	0.02977	0.00584	0.00533	0.00163	0.02484	0.00490	0.00327	0.02455
30	0.10715	0.11015	0.06295	0.04593	0.09051	0.01327	0.01014	0.17938	0.07399	0.12495	0.01386	0.01432	0.03055	0.00589	0.00485	0.00154	0.00540	0.00457	0.00419	0.09642

[dist]
# distance from previous block
# <min> <max>
3	52

[block]
# block no. 9 follows, 44 sequences, length 7
# corresponding to MSA columns:
# 494-500
name=unknown_J
#
# <colnr> <probs for GDERKNQSTAVLIFYWHMCP>
#	G	D	E	R	K	N	Q	S	T	A	V	L	I	F	Y	W	H	M	C	P
0	0.01121	0.01449	0.25060	0.01279	0.06020	0.00938	0.06154	0.01472	0.01242	0.08288	0.17214	0.05996	0.04835	0.05980	0.00764	0.00194	0.04045	0.00664	0.00388	0.06897
1	0.01302	0.00853	0.01117	0.01124	0.06923	0.00897	0.00795	0.07103	0.10218	0.15903	0.05494	0.26913	0.02159	0.01259	0.05783	0.00237	0.07008	0.00881	0.03359	0.00672
2	0.01508	0.01070	0.01472	0.14815	0.09772	0.03304	0.03605	0.05428	0.05750	0.19885	0.07604	0.01746	0.01356	0.02245	0.00667	0.00170	0.06044	0.00533	0.00426	0.12601
3	0.08022	0.01167	0.03786	0.01194	0.01358	0.05770	0.07005	0.04564	0.07903	0.01586	0.01286	0.07092	0.01260	0.17059	0.01421	0.00270	0.27720	0.00616	0.00330	0.00590
4	0.01437	0.08280	0.10247	0.08896	0.01722	0.06284	0.03030	0.13319	0.09541	0.07052	0.01323	0.01574	0.01049	0.06745	0.00725	0.00186	0.03928	0.00485	0.06600	0.07579
5	0.01296	0.10663	0.01199	0.00987	0.06193	0.03815	0.00709	0.01443	0.01225	0.18337	0.08461	0.14212	0.11407	0.08299	0.03006	0.04610	0.00483	0.02591	0.00457	0.00607
6	0.05176	0.01343	0.07690	0.02037	0.23422	0.01317	0.16193	0.03454	0.01192	0.04014	0.05948	0.01483	0.01089	0.00641	0.00844	0.00183	0.19208	0.00529	0.00306	0.03930

[dist]
# distance from previous block
# <min> <max>
0	1

[block]
# block no. 10 follows, 44 sequences, length 31
# corresponding to MSA columns:
# 502-516,527-542
name=unknown_K
#
# <colnr> <probs for GDERKNQSTAVLIFYWHMCP>
#	G	D	E	R	K	N	Q	S	T	A	V	L	I	F	Y	W	H	M	C	P
0	0.06656	0.04977	0.08371	0.01228	0.01420	0.01405	0.01079	0.01448	0.05665	0.01555	0.02536	0.06333	0.01047	0.00842	0.01194	0.00200	0.43695	0.00521	0.00297	0.09532
1	0.24458	0.12060	0.07148	0.04738	0.01564	0.17229	0.00972	0.06405	0.04501	0.10758	0.01058	0.01153	0.00803	0.00575	0.00511	0.00161	0.04461	0.00387	0.00356	0.00702
2	0.21173	0.10162	0.10765	0.04673	0.01585	0.05573	0.00997	0.11167	0.15083	0.09207	0.01287	0.01341	0.00961	0.00699	0.02959	0.00187	0.00592	0.00436	0.00401	0.00751
3	0.00787	0.00578	0.00847	0.00847	0.00939	0.00666	0.00650	0.00971	0.00879	0.01275	0.01486	0.02231	0.01404	0.08959	0.71442	0.00831	0.01364	0.00595	0.02771	0.00477
4	0.00818	0.00567	0.00641	0.00648	0.00783	0.00531	0.00475	0.04222	0.01284	0.01793	0.16740	0.22610	0.25895	0.01215	0.00593	0.00177	0.00292	0.01046	0.19174	0.00497
5	0.00711	0.00531	0.00668	0.00765	0.00830	0.00509	0.00523	0.00912	0.06393	0.01462	0.03176	0.68164	0.10096	0.01610	0.00681	0.00215	0.00321	0.01448	0.00510	0.00474
6	0.01317	0.01251	0.02008	0.10219	0.49714	0.01390	0.01520	0.05014	0.01197	0.01715	0.00964	0.01322	0.00820	0.00604	0.00821	0.00181	0.18403	0.00484	0.00273	0.00782
7	0.10434	0.00786	0.00886	0.00761	0.01037	0.00769	0.00605	0.01911	0.08919	0.28641	0.03628	0.02164	0.07899	0.00719	0.00480	0.00158	0.00365	0.00575	0.28567	0.00696
8	0.01366	0.01061	0.01726	0.24978	0.29886	0.01109	0.03788	0.03843	0.01302	0.13358	0.07378	0.05159	0.01362	0.00640	0.00561	0.00173	0.00605	0.00587	0.00369	0.00749
9	0.00790	0.00578	0.00646	0.00640	0.00794	0.00516	0.00471	0.00955	0.02620	0.05074	0.12310	0.09410	0.45490	0.12192	0.00938	0.00235	0.00335	0.05026	0.00501	0.00479
10	0.02010	0.01365	0.01487	0.01152	0.01557	0.01481	0.00948	0.60650	0.02319	0.11228	0.01444	0.01437	0.01018	0.00655	0.00530	0.00161	0.00552	0.00499	0.08622	0.00887
11	0.01317	0.01015	0.01185	0.00863	0.01335	0.00824	0.00695	0.07558	0.02755	0.08038	0.01116	0.01221	0.00878	0.00453	0.00430	0.00097	0.00425	0.00361	0.00374	0.69062
12	0.01701	0.48419	0.02318	0.01118	0.01519	0.28526	0.00982	0.07052	0.01362	0.01453	0.00826	0.00943	0.00717	0.00513	0.00413	0.00128	0.00722	0.00326	0.00272	0.00692
13	0.21110	0.00889	0.00955	0.04254	0.01184	0.00939	0.00670	0.13260	0.01424	0.14235	0.10494	0.04867	0.01626	0.00708	0.00474	0.00161	0.00405	0.00557	0.21125	0.00662
14	0.01215	0.01202	0.03799	0.38953	0.20095	0.01286	0.13602	0.06755	0.01256	0.01690	0.01066	0.03085	0.00848	0.00557	0.00587	0.00178	0.02302	0.00532	0.00281	0.00709
15	0.01242	0.00932	0.01252	0.04715	0.03132	0.01035	0.04313	0.15495	0.02878	0.07158	0.01704	0.18400	0.01690	0.13034	0.09159	0.00316	0.11735	0.00779	0.00413	0.00619
16	0.00686	0.00491	0.00645	0.00759	0.00802	0.00461	0.00519	0.00788	0.01053	0.01394	0.03024	0.68134	0.06327	0.05991	0.00811	0.00239	0.00339	0.06599	0.00496	0.00442
17	0.01427	0.00699	0.00929	0.00790	0.01031	0.00625	0.00621	0.01666	0.01536	0.31395	0.45650	0.03148	0.03552	0.00929	0.00598	0.00169	0.00337	0.00801	0.03426	0.00674
18	0.01387	0.01186	0.01250	0.01116	0.01429	0.01370	0.00870	0.06011	0.73291	0.02330	0.02180	0.02003	0.01633	0.00736	0.00554	0.00184	0.00439	0.00611	0.00554	0.00866
19	0.01332	0.00875	0.00951	0.00856	0.01104	0.00947	0.00665	0.02197	0.37215	0.10849	0.05259	0.02100	0.01680	0.00710	0.00494	0.00161	0.00363	0.00585	0.30928	0.00726
20	0.23308	0.01378	0.01404	0.01103	0.01513	0.01529	0.00911	0.53209	0.02096	0.06651	0.01207	0.01226	0.00860	0.00617	0.00492	0.00165	0.00548	0.00443	0.00498	0.00841
21	0.02179	0.01356	0.01530	0.01173	0.01605	0.01436	0.00969	0.54768	0.02277	0.24695	0.01550	0.01465	0.01048	0.00660	0.00546	0.00165	0.00561	0.00507	0.00582	0.00927
22	0.01458	0.81168	0.02857	0.00933	0.01399	0.02157	0.00933	0.01632	0.01108	0.01283	0.00758	0.00875	0.00700	0.00466	0.00350	0.00117	0.00583	0.00292	0.00233	0.00700
23	0.15211	0.01242	0.01958	0.06052	0.56066	0.01299	0.03596	0.01636	0.01166	0.01854	0.00967	0.01273	0.00805	0.00512	0.00564	0.00168	0.04105	0.00458	0.00279	0.00792
24	0.01372	0.01152	0.01234	0.01100	0.01400	0.01323	0.00859	0.09825	0.62722	0.02310	0.02114	0.04468	0.01638	0.00945	0.04813	0.00222	0.00500	0.00632	0.00538	0.00835
25	0.02023	0.00835	0.01125	0.00894	0.01245	0.00728	0.00726	0.02241	0.01544	0.58924	0.18092	0.02454	0.05080	0.00795	0.00572	0.00170	0.00413	0.00664	0.00653	0.00823
26	0.01227	0.01160	0.01959	0.25077	0.52091	0.01229	0.01554	0.01545	0.01173	0.01630	0.01047	0.01500	0.00885	0.04879	0.00663	0.00188	0.00664	0.00502	0.00265	0.00760
27	0.00694	0.00518	0.00645	0.00690	0.00786	0.00469	0.00488	0.00850	0.01247	0.01662	0.27078	0.39426	0.20560	0.01447	0.00668	0.00197	0.00289	0.01282	0.00536	0.00469
28	0.00927	0.00481	0.00695	0.00695	0.00695	0.00481	0.00455	0.00721	0.00721	0.00961	0.01048	0.01909	0.01083	0.12292	0.02216	0.73126	0.00481	0.00516	0.00249	0.00249
29	0.01826	0.30370	0.02009	0.04610	0.01649	0.28992	0.01006	0.13420	0.01528	0.08387	0.01006	0.01093	0.00794	0.00551	0.00456	0.00140	0.00723	0.00375	0.00338	0.00727
30	0.01081	0.00837	0.00957	0.00906	0.01135	0.00865	0.00704	0.01790	0.30458	0.05423	0.07606	0.15480	0.13087	0.01081	0.00610	0.00190	0.00389	0.10312	0.00525	0.06563

[dist]
# distance from previous block
# <min> <max>
5	73

[block]
# block no. 11 follows, 44 sequences, length 6
# corresponding to MSA columns:
# 628-633
name=unknown_L
#
# <colnr> <probs for GDERKNQSTAVLIFYWHMCP>
#	G	D	E	R	K	N	Q	S	T	A	V	L	I	F	Y	W	H	M	C	P
0	0.01357	0.07030	0.14657	0.01419	0.11577	0.01226	0.03254	0.13105	0.14660	0.06806	0.07919	0.04585	0.08558	0.00745	0.00553	0.00171	0.00545	0.00627	0.00434	0.00773
1	0.01422	0.01362	0.04893	0.17847	0.13242	0.06717	0.10005	0.10212	0.01311	0.06769	0.01060	0.01367	0.00833	0.00724	0.02775	0.00202	0.17722	0.00497	0.00317	0.00722
2	0.01207	0.01124	0.06448	0.01158	0.06045	0.01112	0.00888	0.06969	0.40086	0.02079	0.02324	0.14110	0.07107	0.00890	0.00568	0.00183	0.00442	0.00759	0.05753	0.00748
3	0.00697	0.00498	0.00670	0.00797	0.00843	0.00471	0.00563	0.00816	0.01076	0.01428	0.02987	0.69113	0.03534	0.01677	0.00705	0.00226	0.00345	0.12598	0.00505	0.00452
4	0.10649	0.01378	0.05970	0.11383	0.10586	0.05375	0.14531	0.17080	0.01511	0.08946	0.01449	0.01598	0.05897	0.00608	0.00542	0.00171	0.00657	0.00532	0.00383	0.00755
5	0.23243	0.04998	0.07104	0.01393	0.05737	0.10268	0.13863	0.13170	0.01435	0.12175	0.01126	0.01234	0.00822	0.00547	0.00492	0.00165	0.00652	0.00443	0.00381	0.00751

[dist]
# distance from previous block
# <min> <max>
0	6

[block]
# block no. 12 follows, 44 sequences, length 55
# corresponding to MSA columns:
# 640-655,661-699
name=unknown_M
#
# <colnr> <probs for GDERKNQSTAVLIFYWHMCP>
#	G	D	E	R	K	N	Q	S	T	A	V	L	I	F	Y	W	H	M	C	P
0	0.01305	0.01634	0.11296	0.02241	0.11668	0.04852	0.51655	0.01772	0.02935	0.01742	0.01090	0.01403	0.00829	0.00479	0.00603	0.00176	0.00854	0.00576	0.00277	0.02614
1	0.10489	0.01092	0.01756	0.45507	0.19362	0.01248	0.06361	0.01567	0.04412	0.01658	0.01021	0.01394	0.00789	0.00531	0.00528	0.00176	0.00675	0.00480	0.00275	0.00680
