[name]
unknown

[dist]
# distance from previous block
# <min> <max>
13	40

[block]
# block no. 0 follows, 47 sequences, length 62
# corresponding to MSA columns:
# 56-117
name=unknown_A
#
# <colnr> <probs for GDERKNQSTAVLIFYWHMCP>
#	G	D	E	R	K	N	Q	S	T	A	V	L	I	F	Y	W	H	M	C	P
0	0.09243	0.00991	0.01103	0.09159	0.05021	0.06877	0.00783	0.04091	0.10539	0.11971	0.07085	0.03543	0.02597	0.12871	0.00840	0.00210	0.01647	0.02307	0.00404	0.08718
1	0.10573	0.00993	0.01320	0.09263	0.01544	0.01118	0.04638	0.10165	0.02304	0.16471	0.05547	0.05309	0.03655	0.00864	0.03706	0.00203	0.18255	0.00555	0.00400	0.03117
2	0.01619	0.01114	0.01502	0.17795	0.01976	0.01187	0.06851	0.25601	0.08076	0.18439	0.01505	0.03546	0.01133	0.00652	0.00537	0.00167	0.00565	0.03816	0.00458	0.03462
3	0.08251	0.00955	0.01208	0.15726	0.01667	0.01030	0.03211	0.17568	0.08236	0.09002	0.13226	0.10662	0.03296	0.00782	0.00537	0.00168	0.00475	0.00664	0.00452	0.02884
4	0.04289	0.00913	0.01189	0.29285	0.01980	0.03257	0.00952	0.13735	0.01340	0.06184	0.10168	0.10134	0.01732	0.06628	0.00700	0.00198	0.00534	0.04662	0.01525	0.00596
5	0.03932	0.07711	0.01200	0.07592	0.01350	0.01057	0.00775	0.18454	0.09487	0.07441	0.04873	0.13334	0.04059	0.08482	0.00737	0.00203	0.00469	0.05773	0.02429	0.00640
6	0.05967	0.05738	0.03397	0.03495	0.01339	0.13226	0.01925	0.11491	0.02370	0.09784	0.05129	0.04191	0.03499	0.09427	0.00828	0.00208	0.05203	0.11766	0.00402	0.00615
7	0.26298	0.00943	0.01069	0.02945	0.02264	0.02020	0.03163	0.11015	0.01185	0.10541	0.03401	0.06069	0.01213	0.09154	0.09673	0.00275	0.04700	0.00526	0.00383	0.03160
8	0.29331	0.01140	0.01253	0.01042	0.01299	0.01357	0.00861	0.18583	0.04954	0.10232	0.01038	0.01172	0.00796	0.00667	0.00801	0.00180	0.23809	0.00415	0.00383	0.00684
9	0.04232	0.03710	0.01492	0.03587	0.06531	0.06293	0.07332	0.17267	0.05096	0.13944	0.04387	0.01519	0.03411	0.00574	0.00492	0.00141	0.00534	0.00478	0.00416	0.18563
10	0.01013	0.00901	0.01087	0.01215	0.13551	0.06028	0.03168	0.03100	0.12465	0.01515	0.02205	0.17301	0.11678	0.19313	0.01041	0.00249	0.00480	0.00814	0.00391	0.02485
11	0.11968	0.01010	0.01190	0.00936	0.01289	0.01002	0.02996	0.22331	0.01615	0.21188	0.16401	0.01828	0.01716	0.00662	0.00501	0.00150	0.00441	0.00535	0.00502	0.11740
12	0.01187	0.01210	0.04954	0.01637	0.04938	0.01155	0.38424	0.10330	0.01241	0.01696	0.02561	0.03204	0.01150	0.18179	0.01100	0.00247	0.05219	0.00625	0.00311	0.00631
13	0.01154	0.05689	0.01659	0.01340	0.01365	0.01621	0.01125	0.01270	0.00812	0.01252	0.00686	0.01122	0.00683	0.00885	0.01632	0.00221	0.76233	0.00446	0.00228	0.00575
14	0.00898	0.00805	0.01197	0.28354	0.11192	0.00895	0.00988	0.01187	0.03939	0.01490	0.09880	0.06494	0.19541	0.01036	0.05201	0.00214	0.05053	0.00721	0.00354	0.00561
15	0.01516	0.56268	0.06145	0.00999	0.01427	0.15780	0.00946	0.01703	0.01160	0.05638	0.00831	0.00929	0.00707	0.00473	0.00379	0.00120	0.00623	0.00309	0.00258	0.03791
16	0.01394	0.05766	0.05516	0.02864	0.01465	0.01324	0.00909	0.12614	0.51313	0.05237	0.04644	0.01793	0.01483	0.00676	0.00518	0.00168	0.00463	0.00552	0.00494	0.00805
17	0.05427	0.07456	0.10742	0.01113	0.06199	0.00986	0.05146	0.03843	0.01152	0.06114	0.00986	0.01127	0.00777	0.00438	0.00425	0.00112	0.00497	0.00358	0.00312	0.46790
18	0.12309	0.52017	0.11730	0.00958	0.01411	0.01746	0.00972	0.05814	0.03522	0.01568	0.00845	0.00965	0.00715	0.00583	0.02845	0.00152	0.00586	0.00321	0.00264	0.00678
19	0.01945	0.02482	0.01476	0.01342	0.01610	0.79608	0.01006	0.02079	0.01476	0.01275	0.00805	0.00939	0.00671	0.00537	0.00470	0.00134	0.00939	0.00335	0.00268	0.00604
20	0.01581	0.01693	0.01358	0.01301	0.06047	0.34275	0.00943	0.06327	0.33943	0.01796	0.01479	0.04477	0.01190	0.00651	0.00508	0.00158	0.00651	0.00502	0.00401	0.00719
21	0.01319	0.01223	0.11774	0.01406	0.13316	0.03324	0.07243	0.05027	0.05806	0.14994	0.16650	0.04101	0.04234	0.00691	0.00539	0.00158	0.00516	0.00610	0.00426	0.06643
22	0.01278	0.29505	0.30850	0.01281	0.05859	0.03853	0.01304	0.01846	0.14534	0.03406	0.01095	0.01178	0.00850	0.00518	0.00447	0.00147	0.00623	0.00390	0.00289	0.00745
23	0.01282	0.08469	0.01369	0.01068	0.01359	0.01346	0.02563	0.04686	0.57820	0.02056	0.06257	0.01876	0.01607	0.00706	0.00585	0.00172	0.04951	0.00570	0.00481	0.00776
24	0.01369	0.00915	0.01146	0.00931	0.01213	0.00924	0.00744	0.10821	0.03242	0.17116	0.01334	0.01625	0.01083	0.07472	0.15191	0.00296	0.10287	0.00477	0.00393	0.23420
25	0.00765	0.00502	0.00574	0.00574	0.00574	0.00502	0.00323	0.00753	0.00753	0.01004	0.01601	0.03309	0.01840	0.77380	0.02617	0.05064	0.00502	0.00741	0.00311	0.00311
26	0.01379	0.78893	0.05728	0.00914	0.01373	0.02027	0.00932	0.01563	0.01060	0.01242	0.00732	0.00846	0.00668	0.00447	0.00340	0.00113	0.00565	0.00283	0.00223	0.00672
27	0.00757	0.00505	0.00568	0.00568	0.00568	0.00505	0.00316	0.00757	0.00757	0.01010	0.01641	0.03408	0.01893	0.81698	0.02651	0.00505	0.00505	0.00757	0.00316	0.00316
28	0.01463	0.01232	0.01270	0.01098	0.01418	0.03626	0.00866	0.18866	0.58952	0.02393	0.01892	0.01763	0.01410	0.00684	0.00526	0.00171	0.00462	0.00555	0.00520	0.00831
29	0.01313	0.15522	0.26220	0.01144	0.04429	0.01151	0.01146	0.02908	0.03480	0.12278	0.01144	0.03285	0.00888	0.00516	0.00449	0.00133	0.00556	0.00405	0.00325	0.22707
30	0.02689	0.07972	0.63212	0.01372	0.02069	0.01242	0.01700	0.04072	0.01169	0.08324	0.01023	0.01139	0.00720	0.00508	0.00484	0.00161	0.00714	0.00390	0.00268	0.00773
31	0.01945	0.02482	0.01476	0.01342	0.01610	0.79608	0.01006	0.02079	0.01476	0.01275	0.00805	0.00939	0.00671	0.00537	0.00470	0.00134	0.00939	0.00335	0.00268	0.00604
32	0.00775	0.00601	0.00885	0.00868	0.00950	0.00719	0.00676	0.00948	0.00831	0.01205	0.01349	0.02029	0.01277	0.06731	0.70546	0.00777	0.07532	0.00558	0.00276	0.00467
33	0.03047	0.06218	0.29784	0.08113	0.13645	0.01064	0.01319	0.01497	0.01163	0.07807	0.09163	0.06856	0.05450	0.00682	0.00539	0.00165	0.01897	0.00572	0.00330	0.00690
34	0.00991	0.00912	0.01501	0.55963	0.14005	0.01071	0.01317	0.01331	0.02880	0.01447	0.05476	0.08458	0.01210	0.00644	0.00538	0.00174	0.00617	0.00581	0.00283	0.00602
35	0.00937	0.00577	0.00757	0.00686	0.00846	0.00525	0.00524	0.01174	0.01468	0.11847	0.66417	0.03652	0.06521	0.01018	0.00603	0.00164	0.00271	0.00893	0.00580	0.00540
36	0.01298	0.10464	0.19127	0.01472	0.07802	0.10074	0.02577	0.01607	0.03963	0.04290	0.00893	0.01146	0.00745	0.00664	0.00946	0.00179	0.31399	0.00418	0.00260	0.00673
37	0.01574	0.01055	0.05882	0.16861	0.11889	0.01007	0.01098	0.05340	0.04117	0.30503	0.01570	0.04073	0.01193	0.00760	0.02671	0.00190	0.04490	0.04544	0.00435	0.00747
38	0.00626	0.00526	0.00544	0.00544	0.00711	0.00443	0.00406	0.00766	0.01204	0.01460	0.11140	0.07304	0.69929	0.01308	0.00617	0.00176	0.00264	0.01098	0.00491	0.00443
39	0.00657	0.00469	0.00630	0.00751	0.00791	0.00443	0.00523	0.00764	0.01019	0.01355	0.02858	0.72996	0.03395	0.01610	0.00671	0.00215	0.00322	0.09619	0.00483	0.00429
40	0.14255	0.19578	0.01802	0.01209	0.05929	0.01452	0.07019	0.20708	0.01467	0.15738	0.01132	0.01197	0.00837	0.00558	0.00521	0.00153	0.04882	0.00418	0.00393	0.00753
41	0.01150	0.01096	0.01863	0.38320	0.44411	0.01201	0.01529	0.01477	0.01120	0.01533	0.00955	0.01334	0.00765	0.00490	0.00518	0.00163	0.00653	0.00463	0.00246	0.00713
42	0.00744	0.00558	0.00837	0.00837	0.00930	0.00651	0.00651	0.00930	0.00837	0.01209	0.01395	0.02046	0.01302	0.03906	0.79635	0.00837	0.01395	0.00558	0.00279	0.00465
43	0.01080	0.00926	0.01080	0.00771	0.01234	0.00694	0.00617	0.01311	0.01080	0.01697	0.00926	0.01080	0.00771	0.00386	0.00386	0.00077	0.00386	0.00309	0.00309	0.84882
44	0.01588	0.08173	0.28061	0.01276	0.06116	0.03209	0.01237	0.06639	0.07666	0.26151	0.03823	0.01465	0.01094	0.00581	0.00500	0.00158	0.00587	0.00463	0.00413	0.00800
45	0.01858	0.02334	0.01444	0.01321	0.01572	0.72703	0.01001	0.01997	0.01439	0.01290	0.00911	0.01223	0.00802	0.00599	0.00523	0.00143	0.03429	0.04537	0.00279	0.00596
46	0.00744	0.00556	0.00829	0.00829	0.00919	0.00647	0.00641	0.00925	0.00835	0.01203	0.01402	0.02087	0.01320	0.06264	0.77301	0.00827	0.01368	0.00564	0.00280	0.00460
47	0.01239	0.01187	0.02024	0.15771	0.66264	0.01224	0.01573	0.01555	0.01162	0.01641	0.00971	0.01305	0.00804	0.00473	0.00516	0.00158	0.00631	0.00464	0.00253	0.00785
48	0.01595	0.01168	0.02134	0.04168	0.06389	0.01110	0.36197	0.03161	0.07083	0.27065	0.01503	0.01675	0.01073	0.00560	0.00571	0.00171	0.00664	0.02525	0.00417	0.00772
49	0.02083	0.01293	0.01461	0.01120	0.01533	0.01370	0.00925	0.55303	0.02172	0.25083	0.01482	0.01401	0.01002	0.00631	0.00522	0.00158	0.00536	0.00485	0.00557	0.00886
50	0.27491	0.00939	0.01084	0.00861	0.01240	0.00911	0.00711	0.04290	0.01334	0.53542	0.01629	0.01477	0.01058	0.00595	0.00463	0.00161	0.00435	0.00449	0.00543	0.00789
51	0.00775	0.00559	0.00622	0.00618	0.00796	0.00487	0.00485	0.00937	0.01221	0.06349	0.08807	0.04749	0.55885	0.01252	0.00615	0.00181	0.00303	0.11271	0.03611	0.00478
52	0.00628	0.00532	0.00546	0.00553	0.00725	0.00449	0.00421	0.00767	0.01188	0.01416	0.05130	0.05062	0.73887	0.01326	0.00621	0.00180	0.00276	0.05369	0.00483	0.00442
53	0.01080	0.00926	0.01080	0.00771	0.01234	0.00694	0.00617	0.01311	0.01080	0.01697	0.00926	0.01080	0.00771	0.00386	0.00386	0.00077	0.00386	0.00309	0.00309	0.84882
54	0.00640	0.00457	0.00611	0.00732	0.00764	0.00428	0.00493	0.00735	0.01003	0.01336	0.02867	0.79228	0.03432	0.01626	0.00666	0.00212	0.00307	0.03553	0.00483	0.00425
55	0.00634	0.00453	0.00604	0.00725	0.00755	0.00423	0.00483	0.00725	0.00997	0.01329	0.02870	0.81358	0.03444	0.01632	0.00665	0.00211	0.00302	0.01480	0.00483	0.00423
56	0.01392	0.82012	0.02729	0.00891	0.01337	0.02061	0.00891	0.01559	0.01058	0.01225	0.00724	0.00835	0.00668	0.00446	0.00334	0.00111	0.00557	0.00278	0.00223	0.00668
57	0.00634	0.00453	0.00604	0.00725	0.00755	0.00423	0.00483	0.00725	0.00997	0.01329	0.02870	0.81358	0.03444	0.01632	0.00665	0.00211	0.00302	0.01480	0.00483	0.00423
58	0.02336	0.00886	0.01209	0.00927	0.01329	0.00765	0.00765	0.02538	0.01491	0.78810	0.02055	0.01773	0.01289	0.00645	0.00524	0.00161	0.00443	0.00524	0.00645	0.00886
59	0.01229	0.01405	0.03073	0.02195	0.02722	0.01317	0.76558	0.01668	0.01229	0.01668	0.01054	0.01405	0.00790	0.00439	0.00615	0.00176	0.00878	0.00615	0.00263	0.00702
60	0.00983	0.00926	0.01562	0.80447	0.03587	0.01157	0.01446	0.01331	0.01041	0.01331	0.00926	0.01388	0.00694	0.00521	0.00521	0.00174	0.00694	0.00463	0.00231	0.00579
61	0.01229	0.01405	0.03073	0.02195	0.02722	0.01317	0.76558	0.01668	0.01229	0.01668	0.01054	0.01405	0.00790	0.00439	0.00615	0.00176	0.00878	0.00615	0.00263	0.00702

[dist]
# distance from previous block
# <min> <max>
0	1

[block]
# block no. 1 follows, 47 sequences, length 74
# corresponding to MSA columns:
# 119-156,158-193
name=unknown_B
#
# <colnr> <probs for GDERKNQSTAVLIFYWHMCP>
#	G	D	E	R	K	N	Q	S	T	A	V	L	I	F	Y	W	H	M	C	P
0	0.01407	0.01340	0.01380	0.01188	0.01335	0.18923	0.00957	0.03712	0.01097	0.07454	0.00965	0.01246	0.00819	0.00837	0.03686	0.00201	0.39335	0.00431	0.07915	0.05773
1	0.82272	0.01062	0.00792	0.00709	0.01030	0.04088	0.00580	0.01551	0.00908	0.02297	0.00728	0.00849	0.00568	0.00485	0.00328	0.00160	0.00423	0.00284	0.00320	0.00565
2	0.69606	0.01286	0.00900	0.00809	0.01121	0.15995	0.00648	0.01635	0.00998	0.02136	0.00740	0.00864	0.00584	0.00493	0.00350	0.00156	0.00504	0.00292	0.00312	0.00571
3	0.00875	0.00468	0.00687	0.00687	0.00697	0.00478	0.00463	0.00712	0.00702	0.00946	0.01017	0.01778	0.01026	0.08365	0.10608	0.68942	0.00560	0.00488	0.00239	0.00259
4	0.00634	0.00457	0.00601	0.00716	0.00753	0.00424	0.00479	0.00726	0.01006	0.01333	0.02987	0.77656	0.07071	0.01616	0.00662	0.00210	0.00300	0.01462	0.00483	0.00424
5	0.01080	0.00926	0.01080	0.00771	0.01234	0.00694	0.00617	0.01311	0.01080	0.01697	0.00926	0.01080	0.00771	0.00386	0.00386	0.00077	0.00386	0.00309	0.00309	0.84882
6	0.00656	0.00470	0.00624	0.00710	0.00760	0.00437	0.00485	0.00780	0.01098	0.01490	0.18802	0.64969	0.03755	0.01512	0.00654	0.00201	0.00290	0.01366	0.00502	0.00437
7	0.02300	0.00940	0.01216	0.00942	0.01339	0.03178	0.00774	0.02529	0.03314	0.74612	0.02018	0.01751	0.01277	0.00643	0.00522	0.00161	0.00457	0.00520	0.00630	0.00876
8	0.02336	0.00886	0.01209	0.00927	0.01329	0.00765	0.00765	0.02538	0.01491	0.78810	0.02055	0.01773	0.01289	0.00645	0.00524	0.00161	0.00443	0.00524	0.00645	0.00886
9	0.00839	0.00599	0.00839	0.00959	0.01079	0.00599	0.00839	0.01079	0.01199	0.01558	0.02757	0.05874	0.02997	0.01439	0.00719	0.00240	0.00480	0.74945	0.00480	0.00480
10	0.01685	0.28185	0.04684	0.01237	0.01585	0.46557	0.04175	0.01859	0.01301	0.01288	0.00791	0.00935	0.00675	0.00511	0.00462	0.00132	0.02721	0.00333	0.00251	0.00634
11	0.01281	0.01229	0.02099	0.05262	0.76448	0.01235	0.01594	0.01591	0.01182	0.01691	0.00978	0.01292	0.00821	0.00466	0.00516	0.00155	0.00621	0.00464	0.00257	0.00818
12	0.00737	0.00532	0.00696	0.00655	0.00778	0.00491	0.00491	0.00983	0.01474	0.02088	0.78175	0.03890	0.04914	0.01065	0.00614	0.00164	0.00246	0.00942	0.00573	0.00491
13	0.02336	0.00886	0.01209	0.00927	0.01329	0.00765	0.00765	0.02538	0.01491	0.78810	0.02055	0.01773	0.01289	0.00645	0.00524	0.00161	0.00443	0.00524	0.00645	0.00886
14	0.01254	0.03229	0.13266	0.31169	0.16325	0.01217	0.12305	0.05708	0.01216	0.07765	0.01058	0.01341	0.00784	0.00509	0.00525	0.00166	0.00688	0.00474	0.00288	0.00712
15	0.00629	0.00522	0.00555	0.00563	0.00720	0.00448	0.00417	0.00767	0.01179	0.01440	0.09868	0.11721	0.64332	0.01405	0.02905	0.00197	0.00299	0.01107	0.00484	0.00442
16	0.00789	0.00556	0.00673	0.00659	0.00785	0.00535	0.00488	0.01093	0.06816	0.01915	0.45007	0.14424	0.09412	0.01068	0.00577	0.00166	0.00267	0.00934	0.13336	0.00501
17	0.28660	0.21373	0.26902	0.01066	0.01552	0.07699	0.01138	0.01614	0.01043	0.01730	0.00799	0.00941	0.00632	0.00493	0.00427	0.00150	0.02542	0.00323	0.00258	0.00660
18	0.01095	0.00650	0.00896	0.00796	0.00993	0.00601	0.03265	0.01360	0.02937	0.17057	0.46871	0.03535	0.05318	0.00987	0.00599	0.00171	0.00336	0.08960	0.02993	0.00580
19	0.01635	0.01191	0.01614	0.01801	0.28250	0.07151	0.03678	0.07275	0.01373	0.23640	0.04259	0.01472	0.01095	0.00562	0.00550	0.00150	0.03383	0.00478	0.00404	0.10037
20	0.01092	0.04390	0.03895	0.00801	0.01274	0.00770	0.00675	0.01334	0.01080	0.01675	0.00917	0.01070	0.00763	0.00392	0.00387	0.00082	0.00406	0.00310	0.00302	0.78384
21	0.00869	0.00646	0.00779	0.00782	0.00953	0.00626	0.00638	0.04915	0.05997	0.03534	0.17209	0.04664	0.27338	0.01227	0.00640	0.00195	0.00367	0.27593	0.00507	0.00520
22	0.01111	0.01203	0.05390	0.40124	0.14107	0.01224	0.26255	0.01494	0.01127	0.01509	0.00976	0.01367	0.00743	0.00484	0.00550	0.00171	0.00747	0.00510	0.00245	0.00663
23	0.00737	0.00535	0.00696	0.00663	0.00788	0.00494	0.00502	0.00979	0.01453	0.02043	0.72616	0.04009	0.07353	0.01089	0.00619	0.00167	0.00256	0.03947	0.00566	0.00489
24	0.00744	0.00558	0.00837	0.00837	0.00930	0.00651	0.00651	0.00930	0.00837	0.01209	0.01395	0.02046	0.01302	0.03906	0.79635	0.00837	0.01395	0.00558	0.00279	0.00465
25	0.01082	0.02644	0.75861	0.01473	0.02228	0.01226	0.01886	0.04692	0.01154	0.01715	0.00947	0.01106	0.00669	0.00500	0.00496	0.00165	0.00762	0.00388	0.00232	0.00774
26	0.00737	0.00532	0.00696	0.00655	0.00778	0.00491	0.00491	0.00983	0.01474	0.02088	0.78175	0.03890	0.04914	0.01065	0.00614	0.00164	0.00246	0.00942	0.00573	0.00491
27	0.02259	0.00869	0.01184	0.00913	0.01303	0.00752	0.00752	0.02463	0.01490	0.75090	0.05746	0.01875	0.01465	0.00665	0.00528	0.00161	0.00434	0.00544	0.00641	0.00867
28	0.01471	0.01206	0.01276	0.01095	0.01421	0.01377	0.00867	0.21734	0.58256	0.02462	0.01897	0.01765	0.01409	0.00686	0.00528	0.00171	0.00453	0.00558	0.00528	0.00840
29	0.00757	0.00505	0.00568	0.00568	0.00568	0.00505	0.00316	0.00757	0.00757	0.01010	0.01641	0.03408	0.01893	0.81698	0.02651	0.00505	0.00505	0.00757	0.00316	0.00316
30	0.00744	0.00558	0.00837	0.00837	0.00930	0.00651	0.00651	0.00930	0.00837	0.01209	0.01395	0.02046	0.01302	0.03906	0.79635	0.00837	0.01395	0.00558	0.00279	0.00465
31	0.01295	0.01119	0.01178	0.01060	0.01354	0.01295	0.00824	0.02767	0.77509	0.02178	0.02120	0.01943	0.01590	0.00707	0.00530	0.00177	0.00412	0.00589	0.00530	0.00824
32	0.00839	0.00599	0.00839	0.00959	0.01079	0.00599	0.00839	0.01079	0.01199	0.01558	0.02757	0.05874	0.02997	0.01439	0.00719	0.00240	0.00480	0.74945	0.00480	0.00480
33	0.00756	0.00511	0.00598	0.00598	0.00608	0.00521	0.00352	0.00776	0.00766	0.01032	0.01614	0.03258	0.01828	0.73153	0.11107	0.00541	0.00603	0.00735	0.00312	0.00332
34	0.01813	0.02266	0.01489	0.10032	0.01819	0.68401	0.01059	0.01970	0.01406	0.01280	0.00814	0.00995	0.00674	0.00547	0.00516	0.00142	0.03561	0.00353	0.00263	0.00600
35	0.01018	0.00947	0.01520	0.71726	0.03341	0.01172	0.01378	0.01488	0.09441	0.01424	0.01057	0.01449	0.00793	0.00541	0.00522	0.00174	0.00663	0.00477	0.00264	0.00606
36	0.01158	0.02273	0.53657	0.01514	0.05284	0.05499	0.05832	0.01868	0.14543	0.01725	0.01144	0.01264	0.00838	0.00530	0.00507	0.00165	0.00716	0.00434	0.00281	0.00769
37	0.01213	0.01150	0.01896	0.11124	0.52122	0.01127	0.04634	0.01517	0.01151	0.01659	0.00966	0.01265	0.00799	0.00454	0.00495	0.00143	0.00593	0.00440	0.00265	0.16986
38	0.00754	0.00560	0.00756	0.06206	0.00973	0.00538	0.00558	0.01007	0.01444	0.02036	0.72801	0.03716	0.04620	0.01027	0.00608	0.00164	0.00277	0.00908	0.00549	0.00497
39	0.85377	0.01007	0.00765	0.00685	0.01007	0.01168	0.00564	0.01531	0.00886	0.02336	0.00725	0.00846	0.00564	0.00483	0.00322	0.00161	0.00403	0.00282	0.00322	0.00564
40	0.01287	0.01236	0.02089	0.03029	0.71062	0.01244	0.04123	0.01673	0.05928	0.01730	0.01053	0.01333	0.00871	0.00478	0.00520	0.00157	0.00615	0.00477	0.00275	0.00821
41	0.00760	0.00570	0.00819	0.00811	0.00885	0.00660	0.00612	0.00913	0.00822	0.01177	0.01411	0.02241	0.01379	0.16750	0.64073	0.00760	0.04043	0.00588	0.00283	0.00444
42	0.00757	0.00505	0.00568	0.00568	0.00568	0.00505	0.00316	0.00757	0.00757	0.01010	0.01641	0.03408	0.01893	0.81698	0.02651	0.00505	0.00505	0.00757	0.00316	0.00316
43	0.00637	0.00532	0.00559	0.00575	0.00740	0.00454	0.00440	0.00778	0.01182	0.01419	0.04959	0.07627	0.68678	0.01341	0.00627	0.00183	0.00285	0.08058	0.00483	0.00443
44	0.01229	0.01405	0.03073	0.02195	0.02722	0.01317	0.76558	0.01668	0.01229	0.01668	0.01054	0.01405	0.00790	0.00439	0.00615	0.00176	0.00878	0.00615	0.00263	0.00702
45	0.00747	0.00486	0.00649	0.00732	0.00792	0.00449	0.00501	0.00857	0.01065	0.06143	0.08822	0.70301	0.03429	0.01526	0.00652	0.00205	0.00306	0.01379	0.00500	0.00457
46	0.00971	0.00485	0.00485	0.00485	0.00607	0.00485	0.00364	0.01213	0.01092	0.01942	0.01699	0.01942	0.01335	0.00607	0.00364	0.00121	0.00243	0.00485	0.84589	0.00485
47	0.80176	0.00978	0.00751	0.00675	0.00988	0.01124	0.00554	0.01483	0.00905	0.02279	0.01004	0.01102	0.05329	0.00535	0.00340	0.00162	0.00394	0.00332	0.00332	0.00556
48	0.01295	0.01119	0.01178	0.01060	0.01354	0.01295	0.00824	0.02767	0.77509	0.02178	0.02120	0.01943	0.01590	0.00707	0.00530	0.00177	0.00412	0.00589	0.00530	0.00824
49	0.01295	0.01119	0.01178	0.01060	0.01354	0.01295	0.00824	0.02767	0.77509	0.02178	0.02120	0.01943	0.01590	0.00707	0.00530	0.00177	0.00412	0.00589	0.00530	0.00824
50	0.01080	0.00926	0.01080	0.00771	0.01234	0.00694	0.00617	0.01311	0.01080	0.01697	0.00926	0.01080	0.00771	0.00386	0.00386	0.00077	0.00386	0.00309	0.00309	0.84882
51	0.00971	0.00485	0.00485	0.00485	0.00607	0.00485	0.00364	0.01213	0.01092	0.01942	0.01699	0.01942	0.01335	0.00607	0.00364	0.00121	0.00243	0.00485	0.84589	0.00485
52	0.00839	0.00599	0.00839	0.00959	0.01079	0.00599	0.00839	0.01079	0.01199	0.01558	0.02757	0.05874	0.02997	0.01439	0.00719	0.00240	0.00480	0.74945	0.00480	0.00480
53	0.00709	0.00534	0.00600	0.00593	0.00749	0.00462	0.00441	0.00865	0.01243	0.04434	0.21448	0.13023	0.50505	0.01270	0.00617	0.00176	0.00271	0.01084	0.00510	0.00466
54	0.01097	0.00744	0.00614	0.00596	0.00737	0.10741	0.00447	0.01326	0.01142	0.01855	0.01583	0.01812	0.01249	0.00598	0.00378	0.00123	0.00333	0.00466	0.73660	0.00501
55	0.85377	0.01007	0.00765	0.00685	0.01007	0.01168	0.00564	0.01531	0.00886	0.02336	0.00725	0.00846	0.00564	0.00483	0.00322	0.00161	0.00403	0.00282	0.00322	0.00564
56	0.02039	0.01363	0.01503	0.01153	0.01567	0.01473	0.00952	0.64278	0.02288	0.15944	0.01385	0.01338	0.00953	0.00628	0.00521	0.00157	0.00551	0.00478	0.00542	0.00886
57	0.04233	0.02581	0.69984	0.01469	0.02190	0.05047	0.04100	0.01666	0.01114	0.01657	0.00924	0.01091	0.00661	0.00495	0.00491	0.00164	0.00768	0.00386	0.00227	0.00752
58	0.01276	0.28604	0.46867	0.01239	0.01868	0.01449	0.01479	0.01700	0.01121	0.08513	0.00967	0.01074	0.00720	0.00492	0.00445	0.00147	0.00670	0.00362	0.00259	0.00747
59	0.00615	0.00528	0.00528	0.00528	0.00703	0.00440	0.00396	0.00747	0.01187	0.01407	0.05276	0.05012	0.78238	0.01319	0.00615	0.00176	0.00264	0.01099	0.00484	0.00440
60	0.01190	0.01090	0.01831	0.07111	0.59539	0.01103	0.01422	0.01460	0.01148	0.01613	0.01200	0.01900	0.01101	0.00675	0.00635	0.05363	0.00595	0.10011	0.00283	0.00730
61	0.01398	0.01257	0.02162	0.06691	0.41146	0.03664	0.20150	0.01772	0.04398	0.10453	0.01159	0.01394	0.00889	0.00494	0.00541	0.00162	0.00669	0.00509	0.00313	0.00781
62	0.01434	0.01081	0.01178	0.01034	0.01341	0.01211	0.00811	0.04823	0.63150	0.12210	0.04352	0.01959	0.01629	0.00707	0.00531	0.00174	0.00416	0.00587	0.00546	0.00824
63	0.00629	0.00532	0.00547	0.00554	0.00726	0.00449	0.00423	0.00768	0.01188	0.01416	0.05121	0.05065	0.73622	0.01326	0.00622	0.00180	0.00277	0.05630	0.00483	0.00442
64	0.01054	0.02146	0.53761	0.01460	0.02082	0.01145	0.11254	0.01653	0.06612	0.01710	0.05893	0.01684	0.01157	0.00600	0.00535	0.00172	0.00707	0.05360	0.00286	0.00729
65	0.03423	0.34100	0.12736	0.01590	0.19900	0.08283	0.01213	0.06484	0.03323	0.01587	0.00892	0.01052	0.00742	0.00493	0.00456	0.00139	0.02226	0.00367	0.00265	0.00728
66	0.01138	0.01583	0.23626	0.01377	0.01611	0.02661	0.01340	0.01396	0.00909	0.02912	0.00803	0.01162	0.00705	0.00862	0.03403	0.00223	0.52983	0.00438	0.00236	0.00631
67	0.00634	0.00453	0.00604	0.00725	0.00755	0.00423	0.00483	0.00725	0.00997	0.01329	0.02870	0.81358	0.03444	0.01632	0.00665	0.00211	0.00302	0.01480	0.00483	0.00423
68	0.77052	0.04378	0.00887	0.00732	0.01056	0.05831	0.00603	0.01564	0.00928	0.02229	0.00730	0.00851	0.00575	0.00485	0.00331	0.00158	0.00441	0.00285	0.00315	0.00571
69	0.00615	0.00528	0.00528	0.00528	0.00703	0.00440	0.00396	0.00747	0.01187	0.01407	0.05276	0.05012	0.78238	0.01319	0.00615	0.00176	0.00264	0.01099	0.00484	0.00440
70	0.01282	0.04509	0.02125	0.02962	0.68678	0.01296	0.03136	0.01576	0.01156	0.01652	0.00951	0.01263	0.00809	0.00492	0.00588	0.00158	0.05853	0.00459	0.00255	0.00799
71	0.01391	0.20160	0.38060	0.01332	0.03215	0.19198	0.01420	0.06627	0.01265	0.01578	0.00880	0.01018	0.00682	0.00501	0.00455	0.00145	0.00745	0.00357	0.00252	0.00718
72	0.85377	0.01007	0.00765	0.00685	0.01007	0.01168	0.00564	0.01531	0.00886	0.02336	0.00725	0.00846	0.00564	0.00483	0.00322	0.00161	0.00403	0.00282	0.00322	0.00564
73	0.07796	0.04943	0.61725	0.01442	0.02134	0.01257	0.07153	0.04681	0.01145	0.01758	0.00933	0.01099	0.00671	0.00494	0.00486	0.00163	0.00734	0.00393	0.00243	0.00750

[dist]
# distance from previous block
# <min> <max>
0	11

[block]
# block no. 2 follows, 47 sequences, length 47
# corresponding to MSA columns:
# 205-251
name=unknown_C
#
# <colnr> <probs for GDERKNQSTAVLIFYWHMCP>
#	G	D	E	R	K	N	Q	S	T	A	V	L	I	F	Y	W	H	M	C	P
0	0.01322	0.01132	0.01192	0.01065	0.01364	0.01308	0.00831	0.05616	0.74617	0.02221	0.02086	0.01916	0.01563	0.00703	0.00530	0.00176	0.00418	0.00584	0.00530	0.00827
1	0.01377	0.01159	0.01223	0.01076	0.01385	0.01333	0.00844	0.11549	0.68594	0.02310	0.02016	0.01861	0.01506	0.00697	0.00529	0.00174	0.00431	0.00575	0.00529	0.00832
2	0.01542	0.08514	0.14417	0.01645	0.22240	0.03199	0.01202	0.06492	0.02758	0.20207	0.01230	0.01308	0.00901	0.00525	0.00502	0.00146	0.01868	0.00430	0.00368	0.10504
3	0.01376	0.78823	0.02641	0.00875	0.01308	0.01999	0.00870	0.01546	0.01059	0.01253	0.00762	0.00879	0.00694	0.00452	0.00335	0.00112	0.00545	0.00287	0.03523	0.00661
4	0.73500	0.05113	0.04671	0.00763	0.01110	0.04691	0.00665	0.01562	0.00931	0.02202	0.00739	0.00862	0.00578	0.00484	0.00338	0.00158	0.00452	0.00289	0.00310	0.00581
5	0.00852	0.00688	0.01065	0.02737	0.15005	0.00681	0.03374	0.01052	0.01101	0.01480	0.02338	0.34240	0.02599	0.01385	0.03741	0.00233	0.00488	0.25989	0.00422	0.00528
6	0.00757	0.00505	0.00568	0.00568	0.00568	0.00505	0.00316	0.00757	0.00757	0.01010	0.01641	0.03408	0.01893	0.81698	0.02651	0.00505	0.00505	0.00757	0.00316	0.00316
7	0.01321	0.01132	0.01192	0.01065	0.01364	0.01307	0.00831	0.05578	0.74656	0.02220	0.02087	0.01917	0.01563	0.00703	0.00530	0.00176	0.00418	0.00584	0.00530	0.00827
8	0.00634	0.00453	0.00604	0.00725	0.00755	0.00423	0.00483	0.00725	0.00997	0.01329	0.02870	0.81358	0.03444	0.01632	0.00665	0.00211	0.00302	0.01480	0.00483	0.00423
9	0.00854	0.00760	0.01260	0.42322	0.02355	0.00862	0.05838	0.01100	0.01035	0.01352	0.01742	0.34626	0.01843	0.00977	0.00587	0.00189	0.00543	0.00895	0.00338	0.00522
10	0.01048	0.02578	0.73315	0.04853	0.02325	0.01211	0.04266	0.01636	0.01101	0.01636	0.00938	0.01121	0.00665	0.00494	0.00500	0.00166	0.00770	0.00395	0.00222	0.00759
11	0.00737	0.00532	0.00696	0.00655	0.00778	0.00491	0.00491	0.00983	0.01474	0.02088	0.78175	0.03890	0.04914	0.01065	0.00614	0.00164	0.00246	0.00942	0.00573	0.00491
12	0.01045	0.02694	0.79000	0.01484	0.02254	0.01209	0.01924	0.01649	0.01099	0.01649	0.00935	0.01099	0.00660	0.00495	0.00495	0.00165	0.00770	0.00385	0.00220	0.00770
13	0.00971	0.00485	0.00485	0.00485	0.00607	0.00485	0.00364	0.01213	0.01092	0.01942	0.01699	0.01942	0.01335	0.00607	0.00364	0.00121	0.00243	0.00485	0.84589	0.00485
14	0.00634	0.00453	0.00604	0.00725	0.00755	0.00423	0.00483	0.00725	0.00997	0.01329	0.02870	0.81358	0.03444	0.01632	0.00665	0.00211	0.00302	0.01480	0.00483	0.00423
15	0.85377	0.01007	0.00765	0.00685	0.01007	0.01168	0.00564	0.01531	0.00886	0.02336	0.00725	0.00846	0.00564	0.00483	0.00322	0.00161	0.00403	0.00282	0.00322	0.00564
16	0.02292	0.00957	0.01252	0.00960	0.01365	0.00871	0.00793	0.11728	0.01609	0.69453	0.01955	0.01708	0.01239	0.00642	0.00523	0.00161	0.00459	0.00517	0.00629	0.00886
17	0.00971	0.00485	0.00485	0.00485	0.00607	0.00485	0.00364	0.01213	0.01092	0.01942	0.01699	0.01942	0.01335	0.00607	0.00364	0.00121	0.00243	0.00485	0.84589	0.00485
18	0.02073	0.00962	0.01207	0.00944	0.01318	0.00911	0.00773	0.15685	0.04861	0.54341	0.04674	0.01867	0.03756	0.00678	0.00524	0.00160	0.00446	0.00548	0.03429	0.00842
19	0.01945	0.02482	0.01476	0.01342	0.01610	0.79608	0.01006	0.02079	0.01476	0.01275	0.00805	0.00939	0.00671	0.00537	0.00470	0.00134	0.00939	0.00335	0.00268	0.00604
20	0.02336	0.00886	0.01209	0.00927	0.01329	0.00765	0.00765	0.02538	0.01491	0.78810	0.02055	0.01773	0.01289	0.00645	0.00524	0.00161	0.00443	0.00524	0.00645	0.00886
21	0.01080	0.00926	0.01080	0.00771	0.01234	0.00694	0.00617	0.01311	0.01080	0.01697	0.00926	0.01080	0.00771	0.00386	0.00386	0.00077	0.00386	0.00309	0.00309	0.84882
22	0.00839	0.00599	0.00839	0.00959	0.01079	0.00599	0.00839	0.01079	0.01199	0.01558	0.02757	0.05874	0.02997	0.01439	0.00719	0.00240	0.00480	0.74945	0.00480	0.00480
23	0.00699	0.00528	0.00646	0.00622	0.00756	0.00474	0.00464	0.00907	0.01376	0.01869	0.54955	0.07148	0.25334	0.01157	0.00616	0.00169	0.00253	0.01006	0.00545	0.00474
24	0.01229	0.01405	0.03073	0.02195	0.02722	0.01317	0.76558	0.01668	0.01229	0.01668	0.01054	0.01405	0.00790	0.00439	0.00615	0.00176	0.00878	0.00615	0.00263	0.00702
25	0.00658	0.00525	0.00596	0.00635	0.00774	0.00463	0.00484	0.00803	0.01164	0.01440	0.07007	0.19005	0.50379	0.01385	0.00640	0.00192	0.00304	0.12614	0.00486	0.00445
26	0.01945	0.02482	0.01476	0.01342	0.01610	0.79608	0.01006	0.02079	0.01476	0.01275	0.00805	0.00939	0.00671	0.00537	0.00470	0.00134	0.00939	0.00335	0.00268	0.00604
27	0.01392	0.82012	0.02729	0.00891	0.01337	0.02061	0.00891	0.01559	0.01058	0.01225	0.00724	0.00835	0.00668	0.00446	0.00334	0.00111	0.00557	0.00278	0.00223	0.00668
28	0.01392	0.82012	0.02729	0.00891	0.01337	0.02061	0.00891	0.01559	0.01058	0.01225	0.00724	0.00835	0.00668	0.00446	0.00334	0.00111	0.00557	0.00278	0.00223	0.00668
29	0.00750	0.00536	0.00724	0.00724	0.00778	0.00589	0.00510	0.00857	0.00803	0.01125	0.01498	0.02619	0.01551	0.36639	0.47241	0.00697	0.01020	0.00642	0.00294	0.00402
30	0.00745	0.00553	0.00813	0.00813	0.00898	0.00638	0.00621	0.00915	0.00830	0.01191	0.01417	0.02167	0.01355	0.10843	0.72769	0.00807	0.01316	0.00576	0.00282	0.00452
31	0.01045	0.02694	0.79000	0.01484	0.02254	0.01209	0.01924	0.01649	0.01099	0.01649	0.00935	0.01099	0.00660	0.00495	0.00495	0.00165	0.00770	0.00385	0.00220	0.00770
32	0.01410	0.04779	0.01026	0.00885	0.01090	0.32400	0.00680	0.04107	0.01294	0.01676	0.01316	0.01591	0.01076	0.00598	0.00422	0.00131	0.00554	0.02736	0.41673	0.00554
33	0.00634	0.00453	0.00604	0.00725	0.00755	0.00423	0.00483	0.00725	0.00997	0.01329	0.02870	0.81358	0.03444	0.01632	0.00665	0.00211	0.00302	0.01480	0.00483	0.00423
34	0.01372	0.01190	0.01218	0.01080	0.01384	0.03802	0.00844	0.08779	0.68976	0.02240	0.02007	0.01855	0.01503	0.00695	0.00527	0.00174	0.00442	0.00571	0.00521	0.00822
35	0.01140	0.00954	0.01183	0.01008	0.08630	0.00748	0.00716	0.01378	0.01103	0.04140	0.00967	0.01122	0.00793	0.00401	0.00402	0.00087	0.00410	0.00330	0.00314	0.74173
36	0.01233	0.05207	0.36828	0.02030	0.23608	0.01245	0.14509	0.01686	0.01167	0.06098	0.01024	0.01233	0.00765	0.00483	0.00516	0.00161	0.00718	0.00450	0.00263	0.00776
37	0.01478	0.01190	0.01266	0.01088	0.01413	0.01354	0.00860	0.19547	0.58492	0.04423	0.01921	0.01781	0.01422	0.00686	0.00528	0.00172	0.00449	0.00560	0.00531	0.00840
38	0.01085	0.00901	0.00999	0.00939	0.01171	0.00996	0.00740	0.02072	0.48002	0.02008	0.14225	0.03089	0.08532	0.00923	0.00579	0.00184	0.00385	0.11958	0.00525	0.00689
39	0.00853	0.00753	0.01133	0.36166	0.07263	0.00824	0.00965	0.01118	0.01189	0.01552	0.20060	0.02892	0.21519	0.00848	0.00566	0.00171	0.00474	0.00737	0.00377	0.00539
40	0.01166	0.08177	0.57336	0.04142	0.02232	0.01256	0.10491	0.01687	0.01133	0.06181	0.00999	0.01165	0.00714	0.00494	0.00500	0.00162	0.00745	0.00415	0.00251	0.00755
41	0.00637	0.00455	0.00607	0.00723	0.00756	0.00425	0.00484	0.00732	0.01010	0.01351	0.04994	0.79174	0.03486	0.01616	0.00663	0.00210	0.00301	0.01465	0.00486	0.00425
42	0.00633	0.00460	0.00597	0.00707	0.00751	0.00424	0.00476	0.00727	0.01014	0.01336	0.03085	0.74536	0.10128	0.01604	0.00660	0.00208	0.00299	0.01446	0.00483	0.00424
43	0.01264	0.32912	0.35491	0.04091	0.03764	0.04852	0.05728	0.01645	0.01117	0.03451	0.00885	0.01041	0.00692	0.00478	0.00441	0.00144	0.00687	0.00363	0.00238	0.00717
44	0.02085	0.00935	0.01308	0.02964	0.03151	0.00873	0.03362	0.06895	0.01466	0.60807	0.01872	0.03721	0.01257	0.00767	0.03075	0.00186	0.03322	0.00544	0.00575	0.00835
45	0.00936	0.00496	0.00511	0.00519	0.00644	0.00489	0.00397	0.01170	0.01106	0.01877	0.02032	0.02423	0.07135	0.00713	0.00406	0.00133	0.00260	0.05339	0.72931	0.00482
46	0.01248	0.01151	0.01953	0.21708	0.58039	0.01203	0.01536	0.01563	0.01161	0.04015	0.01000	0.01328	0.00808	0.00483	0.00517	0.00159	0.00631	0.00466	0.00263	0.00768

[dist]
# distance from previous block
# <min> <max>
2	7

[block]
# block no. 3 follows, 47 sequences, length 31
# corresponding to MSA columns:
# 259-289
name=unknown_D
#
# <colnr> <probs for GDERKNQSTAVLIFYWHMCP>
#	G	D	E	R	K	N	Q	S	T	A	V	L	I	F	Y	W	H	M	C	P
0	0.01468	0.01532	0.12521	0.01935	0.22825	0.09483	0.15786	0.04947	0.07656	0.12115	0.01278	0.01515	0.00979	0.00554	0.00536	0.00163	0.00676	0.02914	0.00347	0.00770
1	0.01088	0.00833	0.01036	0.00917	0.05418	0.00691	0.00659	0.01345	0.04483	0.07501	0.03412	0.19212	0.01550	0.00719	0.00478	0.00124	0.00382	0.00624	0.00387	0.49142
2	0.01071	0.00928	0.01097	0.00802	0.01228	0.00744	0.00644	0.01292	0.01065	0.01661	0.01033	0.01194	0.02946	0.00445	0.00476	0.00089	0.05480	0.00340	0.00308	0.77156
3	0.01345	0.01063	0.06382	0.01018	0.06349	0.00804	0.00806	0.03010	0.02850	0.16385	0.02622	0.01301	0.00963	0.00471	0.00438	0.00109	0.00439	0.00386	0.00377	0.52882
4	0.00798	0.00570	0.00791	0.00903	0.01008	0.00563	0.00760	0.01012	0.01176	0.01543	0.06353	0.19089	0.03167	0.01455	0.00705	0.00231	0.00437	0.58484	0.00485	0.00470
5	0.37679	0.01637	0.01164	0.01025	0.01337	0.31344	0.00803	0.11343	0.05960	0.02039	0.00907	0.01000	0.00708	0.00535	0.00417	0.00151	0.00631	0.00345	0.00339	0.00636
6	0.01217	0.01172	0.02020	0.20880	0.58688	0.01222	0.04128	0.01539	0.01154	0.01615	0.00970	0.01316	0.00794	0.00476	0.00520	0.00160	0.00645	0.00469	0.00252	0.00764
7	0.00959	0.00522	0.00745	0.00722	0.00755	0.00539	0.00500	0.05409	0.00800	0.01074	0.00962	0.01596	0.00933	0.01890	0.07642	0.73429	0.00529	0.00461	0.00248	0.00285
8	0.82627	0.00990	0.00756	0.00678	0.00994	0.01146	0.00557	0.01520	0.00893	0.02324	0.00757	0.00882	0.00589	0.00487	0.00324	0.00160	0.00398	0.00289	0.03068	0.00561
9	0.01980	0.01459	0.01563	0.01198	0.01615	0.01615	0.00990	0.76713	0.02448	0.03282	0.01250	0.01250	0.00886	0.00625	0.00521	0.00156	0.00573	0.00469	0.00521	0.00886
10	0.00750	0.00591	0.00870	0.01161	0.14454	0.00567	0.00680	0.00879	0.01030	0.01395	0.02537	0.67241	0.02982	0.01426	0.00638	0.00201	0.00358	0.01301	0.00444	0.00494
11	0.01080	0.00926	0.01080	0.00771	0.01234	0.00694	0.00617	0.01311	0.01080	0.01697	0.00926	0.01080	0.00771	0.00386	0.00386	0.00077	0.00386	0.00309	0.00309	0.84882
12	0.00810	0.00578	0.00805	0.00925	0.01032	0.00574	0.00788	0.01028	0.01170	0.01525	0.02774	0.16783	0.03062	0.01466	0.00711	0.00236	0.00454	0.64328	0.00480	0.00471
13	0.01945	0.02482	0.01476	0.01342	0.01610	0.79608	0.01006	0.02079	0.01476	0.01275	0.00805	0.00939	0.00671	0.00537	0.00470	0.00134	0.00939	0.00335	0.00268	0.00604
14	0.85377	0.01007	0.00765	0.00685	0.01007	0.01168	0.00564	0.01531	0.00886	0.02336	0.00725	0.00846	0.00564	0.00483	0.00322	0.00161	0.00403	0.00282	0.00322	0.00564
15	0.01234	0.01384	0.02934	0.02112	0.02621	0.01315	0.70995	0.01749	0.06833	0.01706	0.01132	0.01444	0.00849	0.00459	0.00608	0.00176	0.00844	0.00613	0.00283	0.00711
16	0.00820	0.04137	0.11365	0.00814	0.01011	0.00635	0.00708	0.01048	0.01219	0.04319	0.32201	0.33912	0.03460	0.01172	0.00603	0.00181	0.00358	0.01038	0.00478	0.00523
17	0.01980	0.01459	0.01563	0.01198	0.01615	0.01615	0.00990	0.76713	0.02448	0.03282	0.01250	0.01250	0.00886	0.00625	0.00521	0.00156	0.00573	0.00469	0.00521	0.00886
18	0.00971	0.00485	0.00485	0.00485	0.00607	0.00485	0.00364	0.01213	0.01092	0.01942	0.01699	0.01942	0.01335	0.00607	0.00364	0.00121	0.00243	0.00485	0.84589	0.00485
19	0.01045	0.02694	0.79000	0.01484	0.02254	0.01209	0.01924	0.01649	0.01099	0.01649	0.00935	0.01099	0.00660	0.00495	0.00495	0.00165	0.00770	0.00385	0.00220	0.00770
20	0.85377	0.01007	0.00765	0.00685	0.01007	0.01168	0.00564	0.01531	0.00886	0.02336	0.00725	0.00846	0.00564	0.00483	0.00322	0.00161	0.00403	0.00282	0.00322	0.00564
21	0.01017	0.00872	0.01005	0.00738	0.01162	0.00660	0.00587	0.01235	0.01094	0.01658	0.01515	0.01612	0.11263	0.00512	0.00417	0.00091	0.00369	0.00416	0.00332	0.73446
22	0.01179	0.01173	0.01751	0.04559	0.05651	0.11619	0.25485	0.01420	0.01161	0.05284	0.01615	0.25824	0.01636	0.00885	0.00684	0.00184	0.06882	0.02058	0.00349	0.00600
23	0.85377	0.01007	0.00765	0.00685	0.01007	0.01168	0.00564	0.01531	0.00886	0.02336	0.00725	0.00846	0.00564	0.00483	0.00322	0.00161	0.00403	0.00282	0.00322	0.00564
24	0.01281	0.01260	0.02244	0.03061	0.68194	0.01248	0.11750	0.01608	0.01192	0.01697	0.00990	0.01305	0.00820	0.00461	0.00529	0.00158	0.00654	0.00484	0.00259	0.00808
25	0.01380	0.01268	0.01278	0.01218	0.06164	0.08926	0.00891	0.05523	0.60514	0.02093	0.01857	0.01756	0.01405	0.00664	0.00519	0.00168	0.00482	0.00545	0.00482	0.02867
26	0.01720	0.01297	0.01393	0.01131	0.01498	0.01450	0.00914	0.43760	0.32593	0.06112	0.01635	0.01551	0.01186	0.00659	0.00525	0.00165	0.00503	0.00519	0.00530	0.00861
27	0.00634	0.00453	0.00604	0.00725	0.00755	0.00423	0.00483	0.00725	0.00997	0.01329	0.02870	0.81358	0.03444	0.01632	0.00665	0.00211	0.00302	0.01480	0.00483	0.00423
28	0.04436	0.03296	0.03624	0.01838	0.34366	0.02277	0.01052	0.01490	0.06942	0.06640	0.01580	0.10241	0.03927	0.11827	0.00851	0.02042	0.00524	0.02035	0.00347	0.00665
29	0.14915	0.01213	0.15797	0.00949	0.01230	0.03975	0.00863	0.05952	0.12822	0.01635	0.01086	0.01381	0.00898	0.01050	0.01077	0.33365	0.00525	0.00429	0.00307	0.00532
30	0.04439	0.15551	0.25469	0.01044	0.02784	0.01121	0.01075	0.03040	0.04577	0.08748	0.07202	0.01901	0.12050	0.00658	0.00481	0.00149	0.00522	0.00521	0.00354	0.08315

[dist]
# distance from previous block
# <min> <max>
7	14

[block]
# block no. 4 follows, 47 sequences, length 16
# corresponding to MSA columns:
# 304-319
name=unknown_E
#
# <colnr> <probs for GDERKNQSTAVLIFYWHMCP>
#	G	D	E	R	K	N	Q	S	T	A	V	L	I	F	Y	W	H	M	C	P
0	0.00893	0.03234	0.03763	0.01205	0.14449	0.00720	0.00770	0.03642	0.01089	0.01508	0.02067	0.46819	0.02329	0.03462	0.00639	0.00186	0.00407	0.01022	0.00401	0.11394
1	0.01363	0.12433	0.14150	0.01538	0.17527	0.02992	0.07354	0.01656	0.01227	0.16089	0.10881	0.01770	0.01449	0.06547	0.00665	0.00180	0.00575	0.00528	0.00364	0.00711
2	0.29402	0.01140	0.06922	0.01203	0.12602	0.00993	0.03092	0.01544	0.01064	0.07046	0.00946	0.01089	0.00737	0.00457	0.00407	0.00132	0.00472	0.00351	0.00320	0.30081
3	0.01364	0.06265	0.09424	0.02587	0.52828	0.07505	0.04450	0.06296	0.01273	0.01731	0.00966	0.01219	0.00790	0.00481	0.00503	0.00152	0.00662	0.00442	0.00269	0.00792
4	0.00729	0.00532	0.00684	0.00646	0.00773	0.00488	0.00485	0.00966	0.01454	0.02041	0.73136	0.03968	0.09982	0.01082	0.00614	0.00165	0.00247	0.00953	0.00567	0.00488
5	0.01573	0.56091	0.02320	0.01038	0.01426	0.27335	0.00929	0.01729	0.01194	0.01241	0.00750	0.00869	0.00669	0.00475	0.00378	0.00119	0.00681	0.00297	0.00238	0.00647
6	0.01080	0.00926	0.01080	0.00771	0.01234	0.00694	0.00617	0.01311	0.01080	0.01697	0.00926	0.01080	0.00771	0.00386	0.00386	0.00077	0.00386	0.00309	0.00309	0.84882
7	0.01697	0.01105	0.01723	0.06087	0.42159	0.01080	0.01251	0.06019	0.01360	0.30158	0.01387	0.01470	0.00993	0.00542	0.00519	0.00158	0.00555	0.00486	0.00413	0.00839
8	0.01522	0.14839	0.03760	0.01575	0.13981	0.01520	0.10785	0.26584	0.16186	0.02229	0.01253	0.01336	0.00957	0.00558	0.00502	0.00155	0.00591	0.00476	0.00391	0.00802
9	0.00688	0.00530	0.00628	0.00604	0.00748	0.00471	0.00453	0.00888	0.01358	0.01813	0.48776	0.04342	0.34485	0.01167	0.00615	0.00169	0.00253	0.01005	0.00537	0.00471
10	0.01220	0.01143	0.01915	0.02858	0.68428	0.01143	0.01433	0.01490	0.01131	0.01612	0.01065	0.01562	0.00962	0.10918	0.00790	0.00200	0.00604	0.00502	0.00265	0.00759
11	0.01199	0.22900	0.18768	0.04803	0.10750	0.01207	0.01105	0.01492	0.01179	0.09251	0.08837	0.03884	0.11197	0.00682	0.00489	0.00152	0.00533	0.00555	0.00342	0.00675
12	0.01364	0.16502	0.15894	0.01186	0.01496	0.01414	0.01134	0.01660	0.04835	0.14642	0.01119	0.04025	0.00921	0.00717	0.00931	0.00180	0.30508	0.00464	0.00321	0.00687
13	0.00839	0.00599	0.00839	0.00959	0.01079	0.00599	0.00839	0.01079	0.01199	0.01558	0.02757	0.05874	0.02997	0.01439	0.00719	0.00240	0.00480	0.74945	0.00480	0.00480
14	0.14828	0.00740	0.00885	0.00839	0.01012	0.00788	0.00649	0.06242	0.01129	0.13262	0.01924	0.29683	0.01950	0.01438	0.10800	0.00272	0.05559	0.04509	0.02925	0.00565
15	0.11635	0.00616	0.00828	0.00817	0.00940	0.00718	0.00640	0.01007	0.00843	0.01354	0.01309	0.01891	0.01207	0.03465	0.69428	0.00750	0.01267	0.00522	0.00285	0.00478

[dist]
# distance from previous block
# <min> <max>
0	29

# created by:
# /home/berkeley/.conda/envs/busco_data_prod/bin/msa2prfl.pl pipeline/OGs_align_augustus/33634/149323.fs
