[name]
unknown

[dist]
# distance from previous block
# <min> <max>
11	588

[block]
# block no. 0 follows, 50 sequences, length 7
# corresponding to MSA columns:
# 641-647
name=unknown_A
#
# <colnr> <probs for GDERKNQSTAVLIFYWHMCP>
#	G	D	E	R	K	N	Q	S	T	A	V	L	I	F	Y	W	H	M	C	P
0	0.01233	0.01151	0.04820	0.21064	0.18946	0.05506	0.09648	0.03335	0.05911	0.09044	0.03728	0.04271	0.02646	0.00596	0.00588	0.00163	0.05845	0.00523	0.00317	0.00665
1	0.00613	0.00505	0.00540	0.00550	0.00702	0.00433	0.00415	0.00752	0.01152	0.01412	0.11829	0.09458	0.63451	0.01263	0.00597	0.00173	0.00264	0.04996	0.00471	0.00427
2	0.01586	0.10867	0.12611	0.04846	0.06408	0.13037	0.04717	0.14111	0.05504	0.16869	0.01169	0.01230	0.00851	0.00544	0.00512	0.00149	0.03476	0.00420	0.00364	0.00730
3	0.05550	0.03965	0.04135	0.08551	0.07247	0.08817	0.03284	0.05960	0.03733	0.27061	0.01388	0.06559	0.01066	0.00603	0.00501	0.00149	0.02129	0.00491	0.00406	0.08404
4	0.12649	0.01052	0.06155	0.03318	0.01289	0.04462	0.02500	0.08154	0.12623	0.21688	0.09897	0.03897	0.01494	0.00648	0.00474	0.00154	0.00442	0.00524	0.07898	0.00680
5	0.01143	0.12360	0.01347	0.09271	0.03163	0.00939	0.06966	0.06162	0.01142	0.11772	0.04729	0.12035	0.07671	0.09982	0.05155	0.00225	0.00527	0.00656	0.00370	0.04385
6	0.04500	0.20887	0.01378	0.00841	0.01149	0.07190	0.00708	0.04915	0.11487	0.20468	0.06344	0.01543	0.01270	0.00584	0.00427	0.00136	0.00443	0.00448	0.14615	0.00670

[dist]
# distance from previous block
# <min> <max>
12	22

[block]
# block no. 1 follows, 50 sequences, length 12
# corresponding to MSA columns:
# 671-682
name=unknown_B
#
# <colnr> <probs for GDERKNQSTAVLIFYWHMCP>
#	G	D	E	R	K	N	Q	S	T	A	V	L	I	F	Y	W	H	M	C	P
0	0.01109	0.00987	0.01667	0.20498	0.14274	0.01080	0.15516	0.01448	0.05520	0.06349	0.05996	0.07654	0.01249	0.00658	0.00680	0.00171	0.11472	0.00583	0.02463	0.00625
1	0.00912	0.00909	0.10042	0.02650	0.05976	0.00783	0.00823	0.02469	0.04977	0.05921	0.03944	0.09519	0.21261	0.01492	0.15891	0.00295	0.07404	0.03811	0.00371	0.00550
2	0.10846	0.00944	0.03301	0.15079	0.05494	0.02927	0.03571	0.07289	0.12231	0.01899	0.24129	0.02231	0.05318	0.00721	0.00512	0.00160	0.00449	0.01894	0.00406	0.00598
3	0.76176	0.00955	0.00821	0.09971	0.01249	0.01117	0.00637	0.01443	0.00865	0.02125	0.00716	0.00870	0.00554	0.00467	0.00330	0.00156	0.00418	0.00290	0.00298	0.00541
4	0.01173	0.01109	0.01882	0.02799	0.70306	0.01119	0.01425	0.01456	0.01096	0.01574	0.00984	0.01317	0.00842	0.00825	0.09738	0.00223	0.00678	0.00455	0.00249	0.00750
5	0.00705	0.00510	0.00666	0.00627	0.00745	0.00470	0.00470	0.00941	0.01411	0.01999	0.79110	0.03723	0.04703	0.01019	0.00588	0.00157	0.00235	0.00901	0.00549	0.00470
6	0.00941	0.00886	0.01495	0.81285	0.03433	0.01107	0.01384	0.01274	0.00997	0.01274	0.00886	0.01329	0.00664	0.00498	0.00498	0.00166	0.00664	0.00443	0.00221	0.00554
7	0.01333	0.82783	0.02612	0.00853	0.01279	0.01972	0.00853	0.01493	0.01013	0.01173	0.00693	0.00800	0.00640	0.00426	0.00320	0.00107	0.00533	0.00267	0.00213	0.00640
8	0.00961	0.00769	0.01117	0.21017	0.01657	0.00818	0.05943	0.01410	0.13654	0.06215	0.31606	0.02632	0.08570	0.00789	0.00548	0.00163	0.00421	0.00700	0.00437	0.00574
9	0.00706	0.00527	0.00754	0.00754	0.00838	0.00595	0.00572	0.00861	0.00813	0.01148	0.01592	0.02280	0.06140	0.12371	0.66854	0.00726	0.01173	0.00587	0.00283	0.00428
10	0.00921	0.06382	0.14540	0.03932	0.02953	0.00857	0.00847	0.04568	0.07045	0.01808	0.36249	0.05192	0.06176	0.00813	0.00552	0.00155	0.02206	0.00688	0.00421	0.03696
11	0.06451	0.02392	0.00861	0.00749	0.00928	0.00791	0.00554	0.14071	0.06964	0.01740	0.06526	0.18577	0.03465	0.19577	0.03092	0.00248	0.00424	0.00735	0.04236	0.07620

[dist]
# distance from previous block
# <min> <max>
2	5

[block]
# block no. 2 follows, 50 sequences, length 40
# corresponding to MSA columns:
# 688-727
name=unknown_C
#
# <colnr> <probs for GDERKNQSTAVLIFYWHMCP>
#	G	D	E	R	K	N	Q	S	T	A	V	L	I	F	Y	W	H	M	C	P
0	0.01277	0.01072	0.01569	0.17464	0.11768	0.04236	0.11341	0.09837	0.06137	0.09239	0.03357	0.01607	0.04039	0.02937	0.02106	0.00181	0.06694	0.00514	0.02196	0.02428
1	0.00671	0.00497	0.00628	0.00626	0.00736	0.00453	0.00462	0.00862	0.01278	0.01750	0.51506	0.17867	0.16619	0.01164	0.00599	0.00169	0.00253	0.02891	0.00517	0.00450
2	0.00901	0.00533	0.00710	0.00702	0.00825	0.00487	0.00517	0.01071	0.01225	0.13418	0.34886	0.34450	0.03566	0.01184	0.00597	0.00177	0.00292	0.03436	0.00522	0.00501
3	0.00613	0.00436	0.00577	0.00686	0.00714	0.00409	0.00454	0.00696	0.00942	0.01256	0.02685	0.78006	0.03219	0.05820	0.00736	0.00217	0.00299	0.01381	0.00454	0.00399
4	0.00735	0.00512	0.00639	0.00610	0.00734	0.00467	0.00452	0.00935	0.01308	0.04045	0.56090	0.07423	0.15999	0.04226	0.00656	0.00172	0.00255	0.00916	0.03360	0.00464
5	0.01726	0.01167	0.01293	0.01046	0.01400	0.01271	0.00847	0.35255	0.29812	0.18209	0.01654	0.01538	0.01170	0.00630	0.00502	0.00158	0.00467	0.00501	0.00526	0.00826
6	0.01261	0.01081	0.01139	0.01019	0.01304	0.01250	0.00794	0.05037	0.76050	0.02119	0.02002	0.01839	0.01500	0.00674	0.00507	0.00168	0.00399	0.00560	0.00507	0.00791
7	0.12113	0.72365	0.02373	0.00828	0.01239	0.01864	0.00813	0.01489	0.00992	0.01308	0.00693	0.00801	0.00627	0.00431	0.00318	0.00113	0.00514	0.00267	0.00225	0.00627
8	0.00941	0.00886	0.01495	0.81285	0.03433	0.01107	0.01384	0.01274	0.00997	0.01274	0.00886	0.01329	0.00664	0.00498	0.00498	0.00166	0.00664	0.00443	0.00221	0.00554
9	0.01103	0.01217	0.02601	0.01904	0.02342	0.01142	0.66067	0.01481	0.01154	0.01561	0.01262	0.09039	0.01111	0.00580	0.00598	0.00175	0.00768	0.04977	0.00283	0.00635
10	0.01869	0.01383	0.01481	0.01142	0.01536	0.01534	0.00941	0.74742	0.05355	0.03100	0.01230	0.01223	0.00874	0.00601	0.00499	0.00150	0.00542	0.00453	0.00499	0.00845
11	0.25180	0.00880	0.01041	0.00823	0.01188	0.00838	0.00680	0.02165	0.01268	0.58496	0.01618	0.01454	0.01044	0.00575	0.00448	0.00154	0.00414	0.00438	0.00532	0.00764
12	0.00725	0.00483	0.00544	0.00544	0.00544	0.00483	0.00302	0.00725	0.00725	0.00966	0.01571	0.03262	0.01812	0.82483	0.02537	0.00483	0.00483	0.00725	0.00302	0.00302
13	0.01333	0.82783	0.02612	0.00853	0.01279	0.01972	0.00853	0.01493	0.01013	0.01173	0.00693	0.00800	0.00640	0.00426	0.00320	0.00107	0.00533	0.00267	0.00213	0.00640
14	0.00941	0.00886	0.01495	0.81285	0.03433	0.01107	0.01384	0.01274	0.00997	0.01274	0.00886	0.01329	0.00664	0.00498	0.00498	0.00166	0.00664	0.00443	0.00221	0.00554
15	0.01594	0.01177	0.06160	0.01294	0.01682	0.02936	0.20729	0.11369	0.01376	0.28625	0.03117	0.01686	0.01121	0.00614	0.00610	0.00163	0.06418	0.04817	0.00424	0.04088
16	0.00607	0.00434	0.00578	0.00694	0.00723	0.00405	0.00463	0.00694	0.00954	0.01272	0.02747	0.82157	0.03297	0.01562	0.00636	0.00202	0.00289	0.01417	0.00463	0.00405
17	0.02061	0.00849	0.01114	0.00876	0.01235	0.00769	0.00716	0.02379	0.09197	0.67416	0.01953	0.01722	0.01265	0.00621	0.00493	0.00154	0.00410	0.00505	0.05445	0.00820
18	0.01436	0.01106	0.01334	0.09660	0.03110	0.01223	0.03037	0.39488	0.10411	0.03736	0.11092	0.07113	0.01550	0.00714	0.00551	0.00160	0.02514	0.00588	0.00457	0.00719
19	0.00683	0.00509	0.00636	0.00604	0.00731	0.00461	0.00453	0.00898	0.01359	0.01876	0.65113	0.03926	0.18777	0.01065	0.00588	0.00159	0.00238	0.00930	0.00532	0.00461
20	0.01034	0.00886	0.01034	0.00738	0.01181	0.00664	0.00591	0.01255	0.01034	0.01624	0.00886	0.01034	0.00738	0.00369	0.00369	0.00074	0.00369	0.00295	0.00295	0.85530
21	0.00823	0.00521	0.00627	0.00614	0.00663	0.00531	0.00396	0.02258	0.00833	0.04836	0.01611	0.07002	0.01720	0.54933	0.14403	0.00472	0.00588	0.00698	0.06094	0.00377
22	0.01234	0.01184	0.02023	0.03059	0.79373	0.01184	0.01530	0.01530	0.01135	0.01628	0.00938	0.01234	0.00790	0.00444	0.00493	0.00148	0.00592	0.00444	0.00247	0.00790
23	0.75762	0.01017	0.00826	0.00715	0.01035	0.01170	0.00589	0.10749	0.01030	0.02347	0.00755	0.00857	0.00577	0.00479	0.00332	0.00154	0.00405	0.00292	0.00332	0.00577
24	0.01472	0.03190	0.01822	0.21636	0.02222	0.01073	0.24140	0.07837	0.01293	0.24951	0.01428	0.01554	0.03931	0.00546	0.00525	0.00160	0.00617	0.00524	0.00380	0.00698
25	0.00705	0.00510	0.00666	0.00627	0.00745	0.00470	0.00470	0.00941	0.01411	0.01999	0.79110	0.03723	0.04703	0.01019	0.00588	0.00157	0.00235	0.00901	0.00549	0.00470
26	0.00607	0.00434	0.00578	0.00694	0.00723	0.00405	0.00463	0.00694	0.00954	0.01272	0.02747	0.82157	0.03297	0.01562	0.00636	0.00202	0.00289	0.01417	0.00463	0.00405
27	0.01610	0.01847	0.01297	0.01175	0.01442	0.48387	0.00893	0.02257	0.32623	0.01570	0.01280	0.01288	0.00998	0.00580	0.00473	0.00145	0.00695	0.00419	0.00358	0.00663
28	0.00756	0.00658	0.01138	0.01088	0.04187	0.00619	0.16796	0.00924	0.01012	0.01359	0.02307	0.60361	0.02654	0.01273	0.00622	0.00194	0.00421	0.02743	0.00410	0.00477
29	0.01055	0.00898	0.00957	0.00874	0.01115	0.00995	0.00675	0.02085	0.54825	0.01942	0.12432	0.02622	0.15771	0.00825	0.00532	0.00167	0.00349	0.00694	0.00505	0.00683
30	0.01895	0.01396	0.01496	0.01147	0.01546	0.01546	0.00947	0.77711	0.02344	0.03141	0.01197	0.01197	0.00848	0.00598	0.00499	0.00150	0.00548	0.00449	0.00499	0.00848
31	0.01580	0.00898	0.01106	0.03213	0.01236	0.06023	0.02548	0.05476	0.03784	0.36671	0.16017	0.08101	0.01912	0.00807	0.00642	0.03482	0.04702	0.00627	0.00503	0.00672
32	0.00827	0.00454	0.00662	0.00662	0.00676	0.00468	0.00449	0.00695	0.00681	0.00922	0.01012	0.01764	0.01023	0.10344	0.14314	0.63495	0.00579	0.00479	0.00233	0.00261
33	0.00866	0.00433	0.00649	0.00649	0.00649	0.00433	0.00433	0.00649	0.00649	0.00866	0.00866	0.01515	0.00866	0.01732	0.01948	0.85498	0.00433	0.00433	0.00216	0.00216
34	0.00725	0.00483	0.00544	0.00544	0.00544	0.00483	0.00302	0.00725	0.00725	0.00966	0.01571	0.03262	0.01812	0.82483	0.02537	0.00483	0.00483	0.00725	0.00302	0.00302
35	0.05132	0.10256	0.31212	0.05201	0.07670	0.15390	0.06650	0.04671	0.02347	0.04173	0.00914	0.01075	0.00695	0.00491	0.00480	0.00148	0.02168	0.00381	0.00259	0.00686
36	0.01362	0.01107	0.04468	0.03157	0.21153	0.01041	0.21917	0.01688	0.03412	0.19130	0.05243	0.03932	0.01234	0.00606	0.00602	0.00165	0.05221	0.03487	0.00365	0.00711
37	0.01240	0.01054	0.01117	0.01004	0.01279	0.01212	0.00780	0.06434	0.70451	0.02097	0.02023	0.06051	0.01580	0.00719	0.00514	0.00170	0.00397	0.00603	0.00504	0.00772
38	0.01207	0.01330	0.14303	0.21574	0.31213	0.01147	0.09660	0.03446	0.02627	0.07179	0.01027	0.01284	0.00778	0.00480	0.00503	0.00157	0.00643	0.00454	0.00273	0.00716
39	0.05657	0.19588	0.01741	0.01214	0.03478	0.02896	0.01013	0.03864	0.00898	0.01325	0.00693	0.01014	0.00655	0.00723	0.01179	0.00184	0.52672	0.00388	0.00233	0.00584

[dist]
# distance from previous block
# <min> <max>
1	32

[block]
# block no. 3 follows, 50 sequences, length 67
# corresponding to MSA columns:
# 760-826
name=unknown_D
#
# <colnr> <probs for GDERKNQSTAVLIFYWHMCP>
#	G	D	E	R	K	N	Q	S	T	A	V	L	I	F	Y	W	H	M	C	P
0	0.00938	0.00607	0.00731	0.00668	0.00845	0.00568	0.00511	0.03684	0.05920	0.11442	0.37656	0.07776	0.22093	0.01011	0.00565	0.00161	0.00285	0.00869	0.03138	0.00532
1	0.01365	0.02624	0.03593	0.02227	0.03816	0.00801	0.00732	0.06371	0.01206	0.19026	0.01143	0.01198	0.00850	0.00448	0.00415	0.00104	0.00419	0.00360	0.00372	0.52930
2	0.01862	0.02376	0.01413	0.01284	0.01541	0.80482	0.00963	0.01990	0.01413	0.01220	0.00770	0.00899	0.00642	0.00514	0.00449	0.00128	0.00899	0.00321	0.00257	0.00578
3	0.01141	0.01110	0.01525	0.01298	0.01324	0.01528	0.01081	0.06034	0.00863	0.01322	0.00689	0.01097	0.00667	0.00855	0.01564	0.00214	0.76451	0.00437	0.00236	0.00564
4	0.00830	0.00565	0.00700	0.00696	0.00827	0.00531	0.00520	0.05768	0.01251	0.06593	0.25401	0.30055	0.17061	0.01216	0.00600	0.00178	0.00303	0.05919	0.00500	0.00486
5	0.00730	0.00503	0.00636	0.03132	0.00831	0.00461	0.00487	0.00862	0.01098	0.06351	0.14039	0.43229	0.23159	0.01314	0.00604	0.00183	0.00292	0.01161	0.00477	0.00451
6	0.18790	0.02447	0.01227	0.05290	0.01426	0.09750	0.00811	0.21258	0.01513	0.30728	0.01308	0.01271	0.00892	0.00561	0.00453	0.00150	0.00514	0.00415	0.00458	0.00738
7	0.01073	0.00832	0.00894	0.00801	0.01001	0.05897	0.00614	0.10585	0.10567	0.05172	0.30057	0.11274	0.05285	0.00918	0.00582	0.02753	0.00368	0.02133	0.03262	0.05935
8	0.01072	0.00855	0.01011	0.00744	0.01157	0.00652	0.00590	0.01283	0.01050	0.05818	0.01062	0.06195	0.00927	0.00458	0.00393	0.00086	0.00367	0.00377	0.00323	0.75579
9	0.01059	0.09972	0.04111	0.01192	0.01268	0.01436	0.01019	0.01189	0.00818	0.01214	0.00875	0.08401	0.00908	0.00957	0.03669	0.00220	0.60398	0.00507	0.00241	0.00546
10	0.01148	0.00900	0.01057	0.00762	0.01200	0.00698	0.00612	0.03809	0.01104	0.07308	0.00974	0.01087	0.00778	0.00394	0.00383	0.00082	0.00379	0.00315	0.00325	0.76685
11	0.01760	0.09029	0.01479	0.01125	0.01444	0.33112	0.00900	0.29329	0.01669	0.07009	0.01046	0.01134	0.00804	0.00756	0.05711	0.00180	0.00726	0.00390	0.01708	0.00688
12	0.01226	0.00621	0.00810	0.00706	0.00915	0.00552	0.00549	0.01427	0.01352	0.28852	0.38514	0.08020	0.10109	0.00923	0.00554	0.00159	0.00306	0.00796	0.03016	0.00593
13	0.00995	0.00747	0.00870	0.00835	0.01015	0.00792	0.00663	0.09635	0.20490	0.01924	0.17729	0.11426	0.04420	0.00994	0.00565	0.00177	0.00365	0.17878	0.07901	0.00579
14	0.00647	0.00479	0.00586	0.00623	0.00720	0.00435	0.00448	0.00796	0.01140	0.01524	0.24786	0.34276	0.23916	0.01288	0.00601	0.00178	0.00267	0.03324	0.03535	0.00431
15	0.14584	0.00663	0.00744	0.00646	0.00872	0.00647	0.00512	0.01548	0.01186	0.24968	0.14102	0.01948	0.01703	0.00644	0.00426	0.00140	0.00313	0.00516	0.33249	0.00591
16	0.01224	0.01156	0.04440	0.17086	0.50696	0.01144	0.05541	0.02800	0.02232	0.05669	0.01039	0.01373	0.00837	0.00488	0.00503	0.00155	0.00609	0.01999	0.00273	0.00735
17	0.01145	0.01117	0.01960	0.19353	0.50415	0.01146	0.10465	0.01457	0.01108	0.01543	0.01032	0.01347	0.02635	0.00470	0.00505	0.00153	0.00623	0.00472	0.00248	0.02805
18	0.01181	0.00555	0.00614	0.00561	0.00732	0.00540	0.00434	0.01445	0.03657	0.16268	0.01702	0.01828	0.01278	0.00591	0.00382	0.00125	0.00273	0.00475	0.66813	0.00546
19	0.01233	0.01229	0.08608	0.05846	0.18813	0.01174	0.08964	0.05468	0.32482	0.04523	0.03818	0.01615	0.01218	0.02109	0.00549	0.00167	0.00534	0.00522	0.00382	0.00746
20	0.00930	0.00679	0.00836	0.00701	0.00943	0.00593	0.00543	0.01233	0.06167	0.06541	0.45934	0.02670	0.03094	0.00776	0.00511	0.00132	0.00297	0.00673	0.00473	0.26273
21	0.00725	0.00483	0.00544	0.00544	0.00544	0.00483	0.00302	0.00725	0.00725	0.00966	0.01571	0.03262	0.01812	0.82483	0.02537	0.00483	0.00483	0.00725	0.00302	0.00302
22	0.01123	0.00915	0.01065	0.00767	0.01206	0.00719	0.00616	0.05794	0.01123	0.04235	0.00939	0.01065	0.00761	0.00391	0.00381	0.00081	0.00381	0.00311	0.00318	0.77809
23	0.00650	0.00507	0.00589	0.00569	0.00711	0.00447	0.00427	0.00833	0.01280	0.01688	0.43774	0.04236	0.40234	0.01135	0.00588	0.00162	0.00243	0.00973	0.00508	0.00447
24	0.01000	0.02578	0.79900	0.01421	0.02157	0.01158	0.01842	0.01579	0.01052	0.01579	0.00895	0.01052	0.00631	0.00474	0.00474	0.00158	0.00737	0.00368	0.00210	0.00737
25	0.00730	0.00492	0.00570	0.00577	0.00592	0.00489	0.00349	0.00760	0.00794	0.01062	0.05837	0.03466	0.02048	0.71939	0.02292	0.00446	0.00468	0.06440	0.00327	0.00323
26	0.00705	0.00510	0.00666	0.00627	0.00745	0.00470	0.00470	0.00941	0.01411	0.01999	0.79110	0.03723	0.04703	0.01019	0.00588	0.00157	0.00235	0.00901	0.00549	0.00470
27	0.00719	0.00518	0.00687	0.00680	0.00794	0.00486	0.00528	0.00948	0.01348	0.01884	0.62970	0.06876	0.04331	0.01101	0.00607	0.00171	0.00276	0.14078	0.00530	0.00466
28	0.00941	0.00886	0.01495	0.81285	0.03433	0.01107	0.01384	0.01274	0.00997	0.01274	0.00886	0.01329	0.00664	0.00498	0.00498	0.00166	0.00664	0.00443	0.00221	0.00554
29	0.63496	0.01031	0.00907	0.00764	0.01095	0.01160	0.00630	0.15183	0.01167	0.09308	0.00897	0.00958	0.00657	0.00501	0.00360	0.00153	0.00418	0.00323	0.00370	0.00622
30	0.00713	0.00531	0.00787	0.00787	0.00871	0.00616	0.00606	0.00881	0.00797	0.01147	0.01348	0.02029	0.01277	0.07989	0.76298	0.00784	0.01289	0.00544	0.00269	0.00437
31	0.00645	0.00517	0.00586	0.00624	0.00769	0.00459	0.00493	0.00795	0.01125	0.01378	0.04260	0.10900	0.53967	0.01314	0.00618	0.00186	0.00308	0.20164	0.00462	0.00429
32	0.01303	0.01057	0.01129	0.01006	0.01295	0.01208	0.00785	0.02635	0.73604	0.06991	0.02025	0.01849	0.01503	0.00672	0.00507	0.00168	0.00396	0.00560	0.00514	0.00793
33	0.86003	0.00964	0.00733	0.00655	0.00964	0.01118	0.00540	0.01465	0.00848	0.02236	0.00694	0.00810	0.00540	0.00463	0.00308	0.00154	0.00386	0.00270	0.00308	0.00540
34	0.01845	0.01372	0.01468	0.01137	0.01527	0.01523	0.00935	0.72051	0.08084	0.03062	0.01259	0.01247	0.00898	0.00604	0.00499	0.00151	0.00537	0.00457	0.00499	0.00843
35	0.01281	0.01091	0.01150	0.01023	0.01312	0.01259	0.00799	0.07392	0.73662	0.02152	0.01976	0.01818	0.01479	0.00671	0.00507	0.00168	0.00404	0.00556	0.00507	0.00793
36	0.07140	0.08374	0.04351	0.01092	0.01499	0.01515	0.00939	0.61148	0.02058	0.05373	0.01136	0.01149	0.00815	0.00571	0.00470	0.00147	0.00540	0.00421	0.00456	0.00806
37	0.01240	0.01071	0.01127	0.01014	0.01296	0.01240	0.00789	0.02649	0.78473	0.02085	0.02029	0.01860	0.01522	0.00676	0.00507	0.00169	0.00394	0.00564	0.00507	0.00789
38	0.01895	0.01396	0.01496	0.01147	0.01546	0.01546	0.00947	0.77711	0.02344	0.03141	0.01197	0.01197	0.00848	0.00598	0.00499	0.00150	0.00548	0.00449	0.00499	0.00848
39	0.00703	0.00527	0.00673	0.00753	0.00868	0.00497	0.00614	0.00875	0.01108	0.01408	0.03377	0.19580	0.25680	0.01377	0.00649	0.00206	0.00366	0.39840	0.00461	0.00438
40	0.00866	0.00433	0.00649	0.00649	0.00649	0.00433	0.00433	0.00649	0.00649	0.00866	0.00866	0.01515	0.00866	0.01732	0.01948	0.85498	0.00433	0.00433	0.00216	0.00216
41	0.01249	0.01093	0.01382	0.03548	0.22686	0.01212	0.01005	0.02305	0.54007	0.03373	0.01701	0.01673	0.01295	0.00607	0.00503	0.00163	0.00456	0.00527	0.00431	0.00784
42	0.01631	0.01961	0.01449	0.01287	0.01471	0.54475	0.01001	0.03966	0.01245	0.01270	0.00748	0.00965	0.00652	0.00624	0.00807	0.00156	0.25104	0.00359	0.00252	0.00576
43	0.00712	0.00534	0.00801	0.00801	0.00890	0.00623	0.00623	0.00890	0.00801	0.01157	0.01335	0.01958	0.01246	0.03738	0.80507	0.00801	0.01335	0.00534	0.00267	0.00445
44	0.01488	0.01359	0.09648	0.09087	0.24414	0.07451	0.09369	0.11229	0.01343	0.16162	0.01160	0.01303	0.00847	0.00509	0.00497	0.00152	0.00620	0.00453	0.02163	0.00744
45	0.04005	0.09683	0.03724	0.01815	0.26678	0.27486	0.05170	0.10202	0.01350	0.04008	0.00914	0.01079	0.00733	0.00488	0.00462	0.00139	0.00688	0.00389	0.00287	0.00698
46	0.83545	0.00977	0.00755	0.00670	0.00981	0.01131	0.00552	0.03694	0.00892	0.02263	0.00709	0.00821	0.00549	0.00467	0.00314	0.00154	0.00390	0.00275	0.00314	0.00549
47	0.01270	0.00907	0.05769	0.00825	0.01093	0.00829	0.00697	0.17758	0.06408	0.13978	0.28283	0.02378	0.04847	0.00762	0.00511	0.00151	0.00372	0.00636	0.11884	0.00642
48	0.00941	0.00886	0.01495	0.81285	0.03433	0.01107	0.01384	0.01274	0.00997	0.01274	0.00886	0.01329	0.00664	0.00498	0.00498	0.00166	0.00664	0.00443	0.00221	0.00554
49	0.01387	0.30062	0.15239	0.01230	0.06643	0.13490	0.03891	0.07902	0.05225	0.04688	0.03250	0.02989	0.00918	0.00527	0.00434	0.00136	0.00614	0.00400	0.00293	0.00681
50	0.00717	0.00513	0.00692	0.00692	0.00744	0.00564	0.00488	0.00820	0.00769	0.01077	0.01434	0.02508	0.01485	0.36953	0.47619	0.00667	0.00976	0.00615	0.00282	0.00385
51	0.00929	0.00465	0.00465	0.00465	0.00581	0.00465	0.00348	0.01161	0.01045	0.01858	0.01626	0.01858	0.01278	0.00581	0.00348	0.00116	0.00232	0.00465	0.85250	0.00465
52	0.86003	0.00964	0.00733	0.00655	0.00964	0.01118	0.00540	0.01465	0.00848	0.02236	0.00694	0.00810	0.00540	0.00463	0.00308	0.00154	0.00386	0.00270	0.00308	0.00540
53	0.01021	0.01101	0.05576	0.01182	0.01251	0.03705	0.01005	0.01156	0.00854	0.01242	0.01314	0.06483	0.10014	0.00928	0.01353	0.00205	0.60251	0.00561	0.00263	0.00533
54	0.01321	0.14795	0.08135	0.03697	0.19418	0.03787	0.03547	0.07929	0.11378	0.08153	0.04704	0.03429	0.01173	0.00581	0.00476	0.00147	0.00536	0.02677	0.00350	0.03766
55	0.00621	0.00439	0.00574	0.00677	0.00702	0.00414	0.00444	0.00698	0.00928	0.01237	0.02612	0.73065	0.03126	0.10887	0.00855	0.00235	0.00312	0.01337	0.00444	0.00393
56	0.01162	0.03394	0.04678	0.05400	0.01517	0.00821	0.09774	0.01424	0.01095	0.09191	0.02783	0.01206	0.00867	0.00427	0.00423	0.00104	0.00464	0.00374	0.00317	0.54578
57	0.01237	0.59711	0.24845	0.01016	0.01532	0.01738	0.01137	0.01517	0.01024	0.01289	0.00751	0.00872	0.00637	0.00440	0.00364	0.00121	0.00592	0.00296	0.00212	0.00668
58	0.86003	0.00964	0.00733	0.00655	0.00964	0.01118	0.00540	0.01465	0.00848	0.02236	0.00694	0.00810	0.00540	0.00463	0.00308	0.00154	0.00386	0.00270	0.00308	0.00540
59	0.00706	0.00505	0.00714	0.00776	0.00844	0.00530	0.00591	0.00842	0.00916	0.01246	0.02055	0.28070	0.02254	0.05600	0.31257	0.04196	0.00740	0.17368	0.00370	0.00420
60	0.00985	0.00901	0.03563	0.13974	0.25378	0.00894	0.01013	0.04365	0.05932	0.01760	0.27351	0.06293	0.04036	0.00741	0.00536	0.00159	0.00451	0.00665	0.00385	0.00619
61	0.01210	0.01250	0.02400	0.02666	0.47881	0.01216	0.32720	0.01557	0.01152	0.01615	0.00967	0.01279	0.00776	0.00434	0.00532	0.00156	0.00694	0.00503	0.00249	0.00741
62	0.01545	0.01848	0.01459	0.01294	0.01446	0.48092	0.01015	0.01666	0.01146	0.01212	0.00723	0.00977	0.00647	0.00661	0.00936	0.00165	0.33992	0.00368	0.00241	0.00564
63	0.01197	0.05775	0.09757	0.01790	0.02277	0.01219	0.55620	0.01632	0.03960	0.05454	0.05386	0.01456	0.01008	0.00477	0.00556	0.00163	0.00744	0.00563	0.00290	0.00678
64	0.01248	0.01157	0.01999	0.09014	0.65948	0.01164	0.05810	0.01550	0.01138	0.04740	0.00979	0.01266	0.00796	0.00454	0.00500	0.00151	0.00605	0.00455	0.00260	0.00767
65	0.00607	0.00434	0.00578	0.00694	0.00723	0.00405	0.00463	0.00694	0.00954	0.01272	0.02747	0.82157	0.03297	0.01562	0.00636	0.00202	0.00289	0.01417	0.00463	0.00405
66	0.01298	0.10858	0.11709	0.00907	0.01337	0.02770	0.00839	0.05607	0.01143	0.13004	0.01030	0.01139	0.00794	0.00529	0.00523	0.04836	0.02416	0.00352	0.00325	0.38585

[dist]
# distance from previous block
# <min> <max>
0	1

[block]
# block no. 4 follows, 50 sequences, length 10
# corresponding to MSA columns:
# 828-837
name=unknown_E
#
# <colnr> <probs for GDERKNQSTAVLIFYWHMCP>
#	G	D	E	R	K	N	Q	S	T	A	V	L	I	F	Y	W	H	M	C	P
0	0.10828	0.04072	0.25741	0.04069	0.13084	0.02790	0.05643	0.01527	0.01060	0.07341	0.02580	0.01338	0.00873	0.00557	0.00586	0.00159	0.09075	0.02828	0.02476	0.03375
1	0.01628	0.01864	0.01268	0.01123	0.01397	0.54155	0.00852	0.01885	0.07720	0.04808	0.07911	0.01280	0.01113	0.00560	0.00459	0.00129	0.00716	0.00398	0.00323	0.10412
2	0.00628	0.00469	0.00587	0.00657	0.00734	0.00428	0.00467	0.00752	0.01066	0.01395	0.12887	0.49679	0.20737	0.01413	0.00623	0.00191	0.00285	0.06109	0.00473	0.00420
3	0.00702	0.00486	0.00612	0.00634	0.00720	0.00457	0.00458	0.00872	0.01164	0.01637	0.35604	0.24706	0.07848	0.07813	0.00743	0.00197	0.00285	0.05752	0.08875	0.00435
4	0.01240	0.01071	0.01127	0.01014	0.01296	0.01240	0.00789	0.02649	0.78473	0.02085	0.02029	0.01860	0.01522	0.00676	0.00507	0.00169	0.00394	0.00564	0.00507	0.00789
5	0.01034	0.00886	0.01034	0.00738	0.01181	0.00664	0.00591	0.01255	0.01034	0.01624	0.00886	0.01034	0.00738	0.00369	0.00369	0.00074	0.00369	0.00295	0.00295	0.85530
6	0.01240	0.01071	0.01127	0.01014	0.01296	0.01240	0.00789	0.02649	0.78473	0.02085	0.02029	0.01860	0.01522	0.00676	0.00507	0.00169	0.00394	0.00564	0.00507	0.00789
7	0.01240	0.01071	0.01127	0.01014	0.01296	0.01240	0.00789	0.02649	0.78473	0.02085	0.02029	0.01860	0.01522	0.00676	0.00507	0.00169	0.00394	0.00564	0.00507	0.00789
8	0.01234	0.01184	0.02023	0.03059	0.79373	0.01184	0.01530	0.01530	0.01135	0.01628	0.00938	0.01234	0.00790	0.00444	0.00493	0.00148	0.00592	0.00444	0.00247	0.00790
9	0.06679	0.55195	0.17606	0.00976	0.01454	0.01723	0.01035	0.07711	0.01118	0.01480	0.00774	0.00882	0.00649	0.00452	0.00364	0.00123	0.00565	0.00302	0.00242	0.00669

[dist]
# distance from previous block
# <min> <max>
0	1

[block]
# block no. 5 follows, 50 sequences, length 57
# corresponding to MSA columns:
# 839-895
name=unknown_F
#
# <colnr> <probs for GDERKNQSTAVLIFYWHMCP>
#	G	D	E	R	K	N	Q	S	T	A	V	L	I	F	Y	W	H	M	C	P
0	0.01062	0.06214	0.37673	0.01071	0.01530	0.00973	0.01184	0.03968	0.05876	0.07752	0.22070	0.05209	0.01940	0.00689	0.00507	0.00157	0.00522	0.00573	0.00370	0.00661
1	0.01094	0.01090	0.01551	0.03506	0.05366	0.01498	0.01121	0.01218	0.00789	0.01223	0.00675	0.01104	0.00662	0.00841	0.01547	0.00213	0.75287	0.00437	0.00220	0.00558
2	0.01333	0.82783	0.02612	0.00853	0.01279	0.01972	0.00853	0.01493	0.01013	0.01173	0.00693	0.00800	0.00640	0.00426	0.00320	0.00107	0.00533	0.00267	0.00213	0.00640
3	0.01049	0.01873	0.47644	0.27678	0.02494	0.01101	0.01595	0.01516	0.01064	0.06193	0.02622	0.01239	0.00765	0.00502	0.00486	0.00160	0.00683	0.00412	0.00246	0.00677
4	0.00803	0.00642	0.00788	0.00714	0.00934	0.00524	0.00522	0.00952	0.00991	0.01434	0.01891	0.44829	0.02119	0.01013	0.00513	0.00143	0.00326	0.00901	0.00386	0.39574
5	0.00589	0.00505	0.00505	0.00505	0.00673	0.00421	0.00379	0.00715	0.01136	0.01347	0.05049	0.04797	0.79171	0.01262	0.00589	0.00168	0.00252	0.01052	0.00463	0.00421
6	0.01915	0.01363	0.01475	0.01131	0.01529	0.01497	0.00934	0.73177	0.02288	0.07754	0.01243	0.01227	0.00871	0.00599	0.00499	0.00150	0.00541	0.00452	0.00506	0.00848
7	0.32797	0.00963	0.06740	0.00767	0.01110	0.00854	0.00670	0.01535	0.01028	0.17016	0.01187	0.04759	0.00933	0.00701	0.04498	0.00172	0.00449	0.00406	0.06878	0.16537
8	0.01401	0.08281	0.23883	0.03800	0.06348	0.02057	0.04184	0.01736	0.02276	0.26139	0.09195	0.05850	0.01400	0.00627	0.00496	0.00154	0.00537	0.00529	0.00395	0.00712
9	0.01137	0.33103	0.47064	0.01187	0.01786	0.01472	0.01420	0.01591	0.04339	0.01445	0.00866	0.00990	0.00673	0.00464	0.00416	0.00139	0.00644	0.00338	0.00224	0.00702
10	0.00615	0.00506	0.00541	0.00533	0.00689	0.00432	0.00399	0.00766	0.01198	0.01494	0.21764	0.04555	0.62364	0.01207	0.00589	0.00166	0.00249	0.01018	0.00482	0.00432
11	0.00687	0.00505	0.00643	0.00617	0.00735	0.00461	0.00460	0.00902	0.01356	0.01888	0.66796	0.07866	0.13077	0.01074	0.00591	0.00160	0.00240	0.00945	0.00535	0.00461
12	0.01677	0.01164	0.03488	0.17102	0.08960	0.01197	0.04743	0.31050	0.01647	0.21983	0.01291	0.01357	0.00895	0.00558	0.00502	0.00155	0.00562	0.00465	0.00432	0.00773
13	0.01518	0.03735	0.27356	0.04223	0.01818	0.01398	0.02341	0.44313	0.04392	0.02451	0.01099	0.01169	0.00786	0.00549	0.00488	0.00153	0.00613	0.00423	0.00383	0.00791
14	0.65391	0.01102	0.00929	0.04082	0.06848	0.08221	0.00688	0.03134	0.00962	0.02075	0.00756	0.00899	0.00594	0.00473	0.00347	0.00151	0.00458	0.00302	0.02023	0.00567
15	0.00870	0.00703	0.01132	0.48122	0.02290	0.00830	0.00988	0.01027	0.00895	0.01160	0.01146	0.10959	0.01096	0.06517	0.00981	0.19457	0.00556	0.00574	0.00254	0.00443
16	0.00803	0.00574	0.00803	0.00918	0.01033	0.00574	0.00803	0.01033	0.01147	0.01492	0.02639	0.05622	0.02869	0.01377	0.00688	0.00229	0.00459	0.76018	0.00459	0.00459
17	0.01394	0.01157	0.01287	0.01212	0.07705	0.01307	0.00887	0.20267	0.54222	0.02297	0.01744	0.01652	0.01303	0.00639	0.00504	0.00163	0.00447	0.00527	0.00484	0.00803
18	0.01159	0.01271	0.02656	0.06978	0.14298	0.01219	0.59425	0.01550	0.01165	0.01592	0.02987	0.01388	0.00857	0.00444	0.00568	0.00165	0.00776	0.00566	0.00257	0.00678
19	0.01464	0.03093	0.42762	0.01284	0.01866	0.01064	0.07852	0.05955	0.01252	0.26651	0.01260	0.01287	0.00846	0.00521	0.00491	0.00156	0.00632	0.00432	0.00360	0.00771
20	0.01230	0.42140	0.11524	0.02794	0.01907	0.01601	0.29289	0.01537	0.01077	0.01377	0.00836	0.01039	0.00682	0.00431	0.00440	0.00136	0.00672	0.00400	0.00227	0.00661
21	0.00802	0.00435	0.00629	0.00655	0.00661	0.00429	0.00434	0.00663	0.00721	0.00961	0.01319	0.19698	0.01452	0.05177	0.01679	0.62678	0.00403	0.00666	0.00275	0.00262
22	0.01317	0.70575	0.09439	0.00922	0.01367	0.04416	0.00943	0.01551	0.03340	0.01238	0.00753	0.00857	0.00665	0.00441	0.00343	0.00114	0.00559	0.00286	0.00223	0.00651
23	0.00795	0.00697	0.05830	0.02325	0.00945	0.00647	0.00626	0.01012	0.04203	0.03402	0.08393	0.04272	0.09304	0.19784	0.33293	0.00492	0.02521	0.00662	0.00336	0.00461
24	0.00920	0.00466	0.00473	0.00471	0.00588	0.00465	0.00354	0.01152	0.01061	0.01864	0.04913	0.01937	0.01423	0.00599	0.00359	0.00118	0.00232	0.00483	0.81657	0.00465
25	0.03720	0.01397	0.18020	0.03066	0.04054	0.01167	0.05027	0.18640	0.01398	0.22264	0.01233	0.01305	0.00871	0.00596	0.00651	0.00163	0.12092	0.00446	0.03149	0.00743
26	0.03415	0.02437	0.11903	0.06541	0.22009	0.06147	0.13211	0.07207	0.02348	0.18137	0.01171	0.01300	0.00847	0.00503	0.00499	0.00154	0.00627	0.00457	0.00343	0.00746
27	0.05667	0.01029	0.01610	0.02202	0.49439	0.01029	0.01193	0.01632	0.04823	0.14049	0.01321	0.04776	0.02538	0.00755	0.05586	0.00195	0.00574	0.00508	0.00336	0.00741
28	0.02000	0.00886	0.01137	0.00895	0.01251	0.00827	0.00731	0.08287	0.09161	0.59975	0.05406	0.01770	0.01391	0.00639	0.00501	0.00154	0.00416	0.00520	0.03239	0.00813
29	0.00691	0.00547	0.00773	0.00867	0.03756	0.00555	0.02440	0.00804	0.00968	0.01301	0.02579	0.63319	0.06796	0.01413	0.00711	0.00200	0.06984	0.04426	0.00429	0.00440
30	0.01533	0.05068	0.36885	0.01314	0.06668	0.01026	0.04485	0.01915	0.01212	0.33005	0.01325	0.01325	0.00889	0.00525	0.00484	0.00154	0.00598	0.00432	0.00378	0.00778
31	0.00699	0.00482	0.00614	0.00655	0.00744	0.00438	0.00463	0.00834	0.01121	0.04798	0.22710	0.46154	0.15765	0.01334	0.00610	0.00183	0.00275	0.01187	0.00491	0.00443
32	0.00725	0.00483	0.00544	0.00544	0.00544	0.00483	0.00302	0.00725	0.00725	0.00966	0.01571	0.03262	0.01812	0.82483	0.02537	0.00483	0.00483	0.00725	0.00302	0.00302
33	0.01837	0.03331	0.11426	0.06675	0.11526	0.00904	0.01024	0.02101	0.01301	0.52274	0.01590	0.01506	0.01045	0.00563	0.00492	0.00153	0.00505	0.00467	0.00480	0.00801
34	0.00840	0.00607	0.00840	0.19580	0.03005	0.00653	0.00630	0.00953	0.00870	0.04457	0.03926	0.09194	0.01691	0.46190	0.04241	0.00364	0.00529	0.00700	0.00315	0.00413
35	0.86003	0.00964	0.00733	0.00655	0.00964	0.01118	0.00540	0.01465	0.00848	0.02236	0.00694	0.00810	0.00540	0.00463	0.00308	0.00154	0.00386	0.00270	0.00308	0.00540
36	0.01240	0.01315	0.02834	0.02028	0.02525	0.01229	0.72936	0.01647	0.01192	0.06302	0.01066	0.01366	0.00785	0.00432	0.00583	0.00167	0.00815	0.00583	0.00274	0.00683
37	0.01325	0.03107	0.28987	0.06684	0.18917	0.01122	0.11297	0.03442	0.02830	0.15755	0.01139	0.01279	0.00817	0.00494	0.00498	0.00156	0.00642	0.00446	0.00311	0.00751
38	0.00925	0.00818	0.03417	0.03632	0.01336	0.00755	0.17379	0.01264	0.09340	0.04810	0.18092	0.13190	0.14477	0.00969	0.00681	0.06714	0.00445	0.00808	0.00412	0.00538
39	0.02216	0.00881	0.01177	0.00902	0.01289	0.00782	0.00746	0.06963	0.01482	0.75106	0.01920	0.01666	0.01211	0.00616	0.00501	0.00154	0.00432	0.00498	0.00610	0.00848
40	0.02087	0.07611	0.01374	0.00955	0.01349	0.00948	0.03263	0.11332	0.01494	0.61617	0.01739	0.01552	0.01124	0.00593	0.00489	0.00150	0.00461	0.00479	0.00558	0.00825
41	0.01294	0.07466	0.26527	0.03220	0.18919	0.01238	0.10388	0.08140	0.08103	0.08235	0.01118	0.01251	0.00830	0.00498	0.00488	0.00153	0.00629	0.00440	0.00308	0.00754
42	0.00963	0.00916	0.01500	0.69711	0.03126	0.01168	0.01342	0.01263	0.00963	0.01263	0.00852	0.01294	0.00663	0.00552	0.00663	0.00174	0.12373	0.00442	0.00221	0.00552
43	0.86003	0.00964	0.00733	0.00655	0.00964	0.01118	0.00540	0.01465	0.00848	0.02236	0.00694	0.00810	0.00540	0.00463	0.00308	0.00154	0.00386	0.00270	0.00308	0.00540
44	0.00619	0.00440	0.00583	0.00692	0.00722	0.00413	0.00464	0.00705	0.00948	0.01263	0.02684	0.76044	0.03209	0.05705	0.00735	0.00218	0.00304	0.03399	0.00454	0.00401
45	0.00600	0.00501	0.00523	0.00527	0.00682	0.00424	0.00391	0.00733	0.01148	0.01396	0.11062	0.09445	0.68337	0.01260	0.00592	0.00169	0.00253	0.01062	0.00470	0.00424
46	0.00607	0.00434	0.00578	0.00694	0.00723	0.00405	0.00463	0.00694	0.00954	0.01272	0.02747	0.82157	0.03297	0.01562	0.00636	0.00202	0.00289	0.01417	0.00463	0.00405
47	0.00705	0.00510	0.00666	0.00627	0.00745	0.00470	0.00470	0.00941	0.01411	0.01999	0.79110	0.03723	0.04703	0.01019	0.00588	0.00157	0.00235	0.00901	0.00549	0.00470
48	0.01333	0.82783	0.02612	0.00853	0.01279	0.01972	0.00853	0.01493	0.01013	0.01173	0.00693	0.00800	0.00640	0.00426	0.00320	0.00107	0.00533	0.00267	0.00213	0.00640
49	0.01240	0.01071	0.01127	0.01014	0.01296	0.01240	0.00789	0.02649	0.78473	0.02085	0.02029	0.01860	0.01522	0.00676	0.00507	0.00169	0.00394	0.00564	0.00507	0.00789
50	0.01234	0.01184	0.02023	0.03059	0.79373	0.01184	0.01530	0.01530	0.01135	0.01628	0.00938	0.01234	0.00790	0.00444	0.00493	0.00148	0.00592	0.00444	0.00247	0.00790
51	0.00715	0.00524	0.00750	0.00750	0.00821	0.00595	0.00559	0.00857	0.00786	0.01119	0.01382	0.02218	0.01359	0.19403	0.64997	0.00738	0.01166	0.00572	0.00274	0.00417
52	0.01000	0.02578	0.79900	0.01421	0.02157	0.01158	0.01842	0.01579	0.01052	0.01579	0.00895	0.01052	0.00631	0.00474	0.00474	0.00158	0.00737	0.00368	0.00210	0.00737
53	0.00723	0.00482	0.00558	0.00576	0.00589	0.00479	0.00346	0.00751	0.00781	0.01054	0.01752	0.11718	0.02007	0.67171	0.02172	0.00429	0.00454	0.04650	0.02983	0.00326
54	0.86003	0.00964	0.00733	0.00655	0.00964	0.01118	0.00540	0.01465	0.00848	0.02236	0.00694	0.00810	0.00540	0.00463	0.00308	0.00154	0.00386	0.00270	0.00308	0.00540
55	0.00914	0.00807	0.01276	0.20870	0.26401	0.00843	0.01021	0.01163	0.01136	0.01551	0.19128	0.10190	0.07900	0.02873	0.00592	0.00171	0.00469	0.01768	0.00351	0.00577
56	0.01338	0.62826	0.02352	0.00938	0.01341	0.01716	0.06249	0.01583	0.04761	0.06424	0.05585	0.01123	0.00973	0.00486	0.00376	0.00120	0.00523	0.00357	0.00277	0.00652

[dist]
# distance from previous block
# <min> <max>
1	6

[block]
# block no. 6 follows, 50 sequences, length 22
# corresponding to MSA columns:
# 902-923
name=unknown_G
#
# <colnr> <probs for GDERKNQSTAVLIFYWHMCP>
#	G	D	E	R	K	N	Q	S	T	A	V	L	I	F	Y	W	H	M	C	P
0	0.01389	0.24273	0.04213	0.01013	0.01350	0.12094	0.00863	0.06365	0.34988	0.03944	0.01418	0.03698	0.01131	0.00597	0.00449	0.00145	0.00519	0.00457	0.00382	0.00711
1	0.81513	0.01039	0.00769	0.00689	0.00995	0.05354	0.00562	0.01493	0.00878	0.02182	0.00698	0.00814	0.00545	0.00465	0.00316	0.00153	0.00413	0.00273	0.00306	0.00542
2	0.01205	0.09746	0.29405	0.03726	0.03193	0.12202	0.07810	0.01752	0.13872	0.03029	0.08181	0.01430	0.01176	0.00556	0.00483	0.00151	0.00636	0.00457	0.00309	0.00681
3	0.00605	0.00504	0.00511	0.00509	0.00673	0.00424	0.00382	0.00739	0.01145	0.01390	0.08100	0.04659	0.73544	0.01231	0.00581	0.00166	0.00251	0.01027	0.03135	0.00424
4	0.00700	0.00566	0.00695	0.06695	0.00965	0.02401	0.00554	0.00856	0.02436	0.01371	0.08652	0.45573	0.18522	0.01297	0.00627	0.00186	0.02443	0.02809	0.02209	0.00441
5	0.00618	0.00447	0.00584	0.00674	0.00722	0.00414	0.00458	0.00725	0.01021	0.01365	0.12095	0.67715	0.08364	0.01477	0.00627	0.00195	0.00280	0.01331	0.00473	0.00414
6	0.00614	0.00506	0.00540	0.00532	0.00689	0.00432	0.00399	0.00764	0.01196	0.01489	0.21192	0.04563	0.62940	0.01209	0.00589	0.00166	0.00249	0.01019	0.00482	0.00432
7	0.01333	0.82783	0.02612	0.00853	0.01279	0.01972	0.00853	0.01493	0.01013	0.01173	0.00693	0.00800	0.00640	0.00426	0.00320	0.00107	0.00533	0.00267	0.00213	0.00640
8	0.01000	0.02578	0.79900	0.01421	0.02157	0.01158	0.01842	0.01579	0.01052	0.01579	0.00895	0.01052	0.00631	0.00474	0.00474	0.00158	0.00737	0.00368	0.00210	0.00737
9	0.00655	0.00512	0.00598	0.00600	0.00740	0.00455	0.00461	0.00831	0.01232	0.01598	0.31751	0.06858	0.41394	0.01195	0.00601	0.00172	0.00270	0.09140	0.00494	0.00443
10	0.01042	0.01035	0.01373	0.01211	0.01244	0.05223	0.02657	0.01159	0.00849	0.01231	0.01076	0.14485	0.01162	0.00974	0.01359	0.00210	0.59804	0.03112	0.00269	0.00524
11	0.01240	0.01071	0.01127	0.01014	0.01296	0.01240	0.00789	0.02649	0.78473	0.02085	0.02029	0.01860	0.01522	0.00676	0.00507	0.00169	0.00394	0.00564	0.00507	0.00789
12	0.01034	0.00886	0.01034	0.00738	0.01181	0.00664	0.00591	0.01255	0.01034	0.01624	0.00886	0.01034	0.00738	0.00369	0.00369	0.00074	0.00369	0.00295	0.00295	0.85530
13	0.01333	0.82783	0.02612	0.00853	0.01279	0.01972	0.00853	0.01493	0.01013	0.01173	0.00693	0.00800	0.00640	0.00426	0.00320	0.00107	0.00533	0.00267	0.00213	0.00640
14	0.01854	0.01357	0.01452	0.01118	0.01505	0.01500	0.00922	0.74472	0.02289	0.03087	0.01215	0.01225	0.00866	0.00598	0.00492	0.00148	0.00535	0.00449	0.04085	0.00831
15	0.01895	0.01396	0.01496	0.01147	0.01546	0.01546	0.00947	0.77711	0.02344	0.03141	0.01197	0.01197	0.00848	0.00598	0.00499	0.00150	0.00548	0.00449	0.00499	0.00848
16	0.00941	0.00886	0.01495	0.81285	0.03433	0.01107	0.01384	0.01274	0.00997	0.01274	0.00886	0.01329	0.00664	0.00498	0.00498	0.00166	0.00664	0.00443	0.00221	0.00554
17	0.00713	0.00529	0.00773	0.00773	0.00853	0.00608	0.00588	0.00872	0.00793	0.01137	0.01361	0.02099	0.01307	0.12247	0.72082	0.00767	0.01243	0.00555	0.00271	0.00430
18	0.00866	0.00433	0.00649	0.00649	0.00649	0.00433	0.00433	0.00649	0.00649	0.00866	0.00866	0.01515	0.00866	0.01732	0.01948	0.85498	0.00433	0.00433	0.00216	0.00216
19	0.00616	0.00457	0.00576	0.00650	0.00716	0.00416	0.00448	0.00729	0.01047	0.01379	0.12891	0.57520	0.17860	0.01436	0.00621	0.00190	0.00275	0.01282	0.00474	0.00416
20	0.07092	0.00970	0.01430	0.01298	0.12287	0.00901	0.07906	0.05273	0.01365	0.53754	0.01625	0.01525	0.01070	0.00565	0.00496	0.00154	0.00489	0.00485	0.00508	0.00805
21	0.08528	0.20443	0.14007	0.01106	0.04438	0.01324	0.01016	0.10609	0.01244	0.21795	0.01117	0.01167	0.00815	0.00557	0.00566	0.00150	0.09650	0.00391	0.00360	0.00720

[dist]
# distance from previous block
# <min> <max>
0	2

[block]
# block no. 7 follows, 50 sequences, length 33
# corresponding to MSA columns:
# 926-958
name=unknown_H
#
# <colnr> <probs for GDERKNQSTAVLIFYWHMCP>
#	G	D	E	R	K	N	Q	S	T	A	V	L	I	F	Y	W	H	M	C	P
0	0.01646	0.01272	0.01356	0.01096	0.01451	0.01429	0.00887	0.49143	0.31317	0.02739	0.01513	0.01449	0.01104	0.00628	0.00502	0.00157	0.00490	0.00492	0.00502	0.00825
1	0.00741	0.00577	0.00856	0.00840	0.00922	0.00692	0.00659	0.00914	0.00798	0.01160	0.01283	0.01892	0.01201	0.03519	0.74485	0.00757	0.07461	0.00527	0.00263	0.00453
2	0.01157	0.12513	0.51032	0.07470	0.03456	0.01247	0.05803	0.03648	0.01111	0.06682	0.00954	0.01107	0.00690	0.00479	0.00465	0.00152	0.00683	0.00385	0.00249	0.00718
3	0.05977	0.06078	0.31080	0.01234	0.01758	0.01078	0.10799	0.01915	0.05806	0.27425	0.01309	0.01323	0.00895	0.00523	0.00482	0.00156	0.00596	0.00441	0.00373	0.00753
4	0.01056	0.01016	0.01333	0.58456	0.02758	0.11286	0.01180	0.01346	0.01060	0.01348	0.01009	0.01442	0.00793	0.00531	0.00477	0.00156	0.00633	0.02173	0.11403	0.00543
5	0.00756	0.00577	0.00750	0.00791	0.00899	0.00584	0.00650	0.00937	0.01116	0.01460	0.12154	0.06304	0.18913	0.07204	0.00854	0.00225	0.05898	0.39041	0.00443	0.00446
6	0.01937	0.01124	0.09404	0.04983	0.06438	0.00933	0.00958	0.12389	0.01473	0.52609	0.01635	0.01516	0.01064	0.00583	0.00497	0.00154	0.00495	0.00474	0.00517	0.00819
7	0.01771	0.03959	0.10642	0.01223	0.06342	0.03063	0.09265	0.03344	0.02760	0.45927	0.01623	0.05369	0.01146	0.00605	0.00506	0.00156	0.00528	0.00523	0.00472	0.00776
8	0.76655	0.00988	0.00875	0.00921	0.09611	0.01125	0.00649	0.01472	0.00880	0.02169	0.00721	0.00856	0.00567	0.00461	0.00329	0.00154	0.00408	0.00289	0.00302	0.00567
9	0.00995	0.01239	0.15290	0.12091	0.21046	0.01007	0.14516	0.01336	0.02263	0.01492	0.01533	0.13790	0.06290	0.00710	0.00562	0.00169	0.02113	0.02631	0.00294	0.00634
10	0.01540	0.01908	0.34464	0.01251	0.01784	0.05594	0.01309	0.36250	0.01685	0.07797	0.01101	0.01155	0.00773	0.00543	0.00486	0.00152	0.00638	0.00412	0.00373	0.00786
11	0.01034	0.00886	0.01034	0.00738	0.01181	0.00664	0.00591	0.01255	0.01034	0.01624	0.00886	0.01034	0.00738	0.00369	0.00369	0.00074	0.00369	0.00295	0.00295	0.85530
12	0.01075	0.17304	0.59743	0.01368	0.02029	0.01316	0.07440	0.01564	0.01055	0.01505	0.00866	0.01028	0.00642	0.00461	0.00454	0.00149	0.00707	0.00366	0.00214	0.00714
13	0.01805	0.02208	0.01427	0.01276	0.01524	0.68869	0.00972	0.07286	0.01429	0.01354	0.00792	0.00935	0.00658	0.00547	0.00543	0.00137	0.07034	0.00339	0.00271	0.00594
14	0.00593	0.00505	0.00511	0.00509	0.00676	0.00423	0.00382	0.00723	0.01146	0.01369	0.07620	0.04760	0.76586	0.01254	0.00589	0.00168	0.00252	0.01047	0.00466	0.00423
15	0.01333	0.82783	0.02612	0.00853	0.01279	0.01972	0.00853	0.01493	0.01013	0.01173	0.00693	0.00800	0.00640	0.00426	0.00320	0.00107	0.00533	0.00267	0.00213	0.00640
16	0.01234	0.01184	0.02023	0.03059	0.79373	0.01184	0.01530	0.01530	0.01135	0.01628	0.00938	0.01234	0.00790	0.00444	0.00493	0.00148	0.00592	0.00444	0.00247	0.00790
17	0.01000	0.02578	0.79900	0.01421	0.02157	0.01158	0.01842	0.01579	0.01052	0.01579	0.00895	0.01052	0.00631	0.00474	0.00474	0.00158	0.00737	0.00368	0.00210	0.00737
