[name]
unknown

[dist]
# distance from previous block
# <min> <max>
0	849

[block]
# block no. 0 follows, 45 sequences, length 19
# corresponding to MSA columns:
# 894-912
name=unknown_A
#
# <colnr> <probs for GDERKNQSTAVLIFYWHMCP>
#	G	D	E	R	K	N	Q	S	T	A	V	L	I	F	Y	W	H	M	C	P
0	0.01448	0.00719	0.00917	0.00802	0.01006	0.00672	0.00606	0.04297	0.01271	0.30547	0.10506	0.03151	0.03601	0.28710	0.01333	0.00298	0.00461	0.08533	0.00513	0.00611
1	0.00771	0.00575	0.00746	0.05714	0.01005	0.00565	0.00582	0.04341	0.01199	0.01599	0.15747	0.45518	0.10389	0.05175	0.00754	0.00216	0.00352	0.03783	0.00491	0.00479
2	0.01258	0.01144	0.01821	0.42765	0.14799	0.03938	0.10044	0.06358	0.03416	0.05250	0.01142	0.03662	0.00895	0.00569	0.00550	0.00174	0.00694	0.00527	0.00303	0.00690
3	0.01142	0.00829	0.01258	0.12766	0.16934	0.00864	0.00999	0.01357	0.01164	0.12007	0.02093	0.25187	0.04790	0.01049	0.00687	0.00197	0.05568	0.10064	0.00419	0.00626
4	0.01151	0.00892	0.00980	0.00929	0.01103	0.04144	0.00690	0.22928	0.04857	0.02026	0.05259	0.47680	0.02633	0.01266	0.00625	0.00194	0.00424	0.01109	0.00506	0.00604
5	0.01704	0.01022	0.06191	0.01086	0.01454	0.00862	0.11070	0.06466	0.01434	0.36506	0.06478	0.07550	0.01588	0.00718	0.00542	0.00166	0.00493	0.00632	0.13281	0.00758
6	0.01488	0.05482	0.12980	0.11165	0.14414	0.01166	0.11742	0.01940	0.07810	0.20394	0.05003	0.01613	0.01181	0.00582	0.00542	0.00168	0.00623	0.00528	0.00393	0.00784
7	0.01153	0.03113	0.26170	0.01284	0.03508	0.01103	0.04758	0.04314	0.01106	0.07617	0.01365	0.10657	0.01256	0.07266	0.09646	0.00288	0.13800	0.00613	0.00323	0.00658
8	0.53659	0.00991	0.00962	0.00800	0.01164	0.01047	0.00660	0.01971	0.01150	0.31112	0.01267	0.01234	0.00865	0.00561	0.00411	0.00166	0.00431	0.00385	0.00458	0.00707
9	0.09781	0.01500	0.25285	0.01196	0.05861	0.01020	0.01137	0.08194	0.03465	0.15904	0.08994	0.05061	0.08862	0.00737	0.00533	0.00171	0.00536	0.00601	0.00427	0.00735
10	0.01625	0.04589	0.26699	0.01527	0.10689	0.01147	0.06723	0.06819	0.03276	0.26682	0.01461	0.02825	0.01047	0.00600	0.00534	0.00168	0.00630	0.01716	0.00414	0.00829
11	0.02408	0.00914	0.01246	0.00955	0.01370	0.00789	0.00789	0.02616	0.01536	0.78158	0.02118	0.01827	0.01329	0.00664	0.00540	0.00166	0.00457	0.00540	0.00664	0.00914
12	0.00726	0.00516	0.00694	0.00810	0.00867	0.00496	0.00598	0.00860	0.01075	0.01421	0.02844	0.53353	0.03310	0.06619	0.00831	0.00246	0.00380	0.23422	0.00486	0.00447
13	0.01195	0.01156	0.02018	0.34612	0.41899	0.01247	0.07029	0.01540	0.01164	0.01594	0.00992	0.01379	0.00792	0.00500	0.00541	0.00169	0.00689	0.00489	0.00255	0.00737
14	0.01207	0.00992	0.01216	0.00875	0.01350	0.00779	0.03564	0.04179	0.01189	0.04963	0.01020	0.01162	0.00822	0.00420	0.00418	0.00090	0.00427	0.00345	0.00339	0.74644
15	0.01332	0.01232	0.01982	0.18325	0.07954	0.01347	0.21899	0.09189	0.19546	0.03829	0.01336	0.01544	0.01010	0.00598	0.00653	0.00181	0.06375	0.00554	0.00364	0.00750
16	0.00895	0.00696	0.00973	0.06616	0.10155	0.00680	0.00725	0.01044	0.01044	0.03475	0.02158	0.36601	0.04586	0.13592	0.00968	0.00239	0.02630	0.02774	0.00403	0.09745
17	0.01037	0.00862	0.00879	0.04514	0.01070	0.11315	0.00623	0.01245	0.01411	0.06630	0.46123	0.05345	0.08664	0.07033	0.00762	0.00194	0.00409	0.00846	0.00507	0.00533
18	0.12987	0.15246	0.07352	0.01498	0.19253	0.06310	0.01047	0.04698	0.04039	0.05697	0.05435	0.05295	0.05424	0.00647	0.00482	0.00156	0.00547	0.00520	0.00351	0.03017

[dist]
# distance from previous block
# <min> <max>
1	17

[block]
# block no. 1 follows, 45 sequences, length 11
# corresponding to MSA columns:
# 930-940
name=unknown_B
#
# <colnr> <probs for GDERKNQSTAVLIFYWHMCP>
#	G	D	E	R	K	N	Q	S	T	A	V	L	I	F	Y	W	H	M	C	P
0	0.01121	0.01046	0.01655	0.34004	0.24365	0.01199	0.01342	0.01495	0.05624	0.01610	0.08376	0.01644	0.01228	0.00629	0.00685	0.00176	0.09982	0.00527	0.00300	0.02990
1	0.00914	0.00478	0.00717	0.00717	0.00728	0.00489	0.00489	0.00728	0.00717	0.00967	0.00989	0.01685	0.00978	0.02105	0.10660	0.75084	0.00574	0.00478	0.00239	0.00261
2	0.01132	0.01178	0.04326	0.29700	0.20883	0.07087	0.07802	0.01443	0.01195	0.01552	0.03985	0.04613	0.08115	0.00672	0.00558	0.00173	0.00651	0.02341	0.01939	0.00652
3	0.01331	0.01275	0.02080	0.14857	0.27542	0.05521	0.19387	0.01708	0.04013	0.05650	0.01103	0.01379	0.00858	0.00495	0.00540	0.00158	0.00688	0.00497	0.00301	0.10615
4	0.01319	0.00948	0.01134	0.00820	0.01288	0.00727	0.00660	0.01553	0.01180	0.13890	0.01139	0.01227	0.00880	0.00440	0.00420	0.00093	0.00407	0.00353	0.00373	0.71149
5	0.01002	0.00641	0.00886	0.03771	0.01104	0.00615	0.02548	0.03760	0.01238	0.11419	0.08552	0.39948	0.06361	0.01345	0.00658	0.00207	0.00397	0.14492	0.00512	0.00544
6	0.00702	0.00548	0.00639	0.00649	0.00783	0.00495	0.00474	0.00910	0.03675	0.01687	0.28267	0.21342	0.35238	0.01325	0.00642	0.00185	0.00279	0.01150	0.00530	0.00479
7	0.06438	0.01436	0.01528	0.01173	0.01601	0.01567	0.00967	0.66226	0.02328	0.03204	0.01234	0.01253	0.00886	0.00617	0.00515	0.00155	0.00566	0.00460	0.00509	0.07337
8	0.15767	0.01071	0.01319	0.15885	0.17373	0.06192	0.01008	0.03346	0.01153	0.01747	0.01386	0.11753	0.03777	0.00698	0.00502	0.00161	0.00538	0.02245	0.00332	0.13748
9	0.01014	0.00954	0.01610	0.79845	0.03697	0.01193	0.01491	0.01371	0.01073	0.01371	0.00954	0.01431	0.00716	0.00537	0.00537	0.00179	0.00716	0.00477	0.00239	0.00596
10	0.01135	0.01050	0.01761	0.05181	0.26281	0.01034	0.15979	0.07118	0.01375	0.01881	0.16530	0.05903	0.10881	0.00767	0.00591	0.00172	0.00558	0.00730	0.00388	0.00687

[dist]
# distance from previous block
# <min> <max>
0	54

[block]
# block no. 2 follows, 45 sequences, length 16
# corresponding to MSA columns:
# 995-1010
name=unknown_C
#
# <colnr> <probs for GDERKNQSTAVLIFYWHMCP>
#	G	D	E	R	K	N	Q	S	T	A	V	L	I	F	Y	W	H	M	C	P
0	0.08899	0.00942	0.01450	0.01118	0.01485	0.00864	0.16410	0.01893	0.01383	0.35853	0.11834	0.02379	0.11580	0.00751	0.00566	0.00172	0.00497	0.00670	0.00522	0.00733
1	0.02171	0.01104	0.01335	0.05582	0.04731	0.08001	0.00892	0.06804	0.01554	0.56621	0.04307	0.01745	0.01313	0.00652	0.00537	0.00164	0.00527	0.00527	0.00578	0.00853
2	0.01129	0.15199	0.01456	0.05013	0.10878	0.05744	0.00937	0.01515	0.10167	0.01691	0.14252	0.06229	0.02300	0.00930	0.00576	0.00181	0.00510	0.20248	0.00416	0.00627
3	0.00796	0.00560	0.00745	0.00739	0.00865	0.00508	0.02604	0.00968	0.01267	0.05663	0.29206	0.34259	0.17123	0.01334	0.00649	0.00191	0.00308	0.01187	0.00533	0.00496
4	0.01153	0.01096	0.01861	0.46025	0.36430	0.01229	0.01560	0.01493	0.01139	0.01540	0.00979	0.01386	0.00775	0.00511	0.00534	0.00170	0.00681	0.00478	0.00251	0.00709
5	0.01329	0.01275	0.02179	0.03295	0.77787	0.01275	0.01647	0.01647	0.01222	0.01754	0.01010	0.01329	0.00850	0.00478	0.00531	0.00159	0.00638	0.00478	0.00266	0.00850
6	0.01167	0.01263	0.12938	0.07179	0.05484	0.01160	0.08258	0.04338	0.04732	0.06136	0.13126	0.04453	0.01626	0.00993	0.06037	0.00234	0.19248	0.00607	0.00358	0.00663
7	0.02389	0.00944	0.01265	0.00970	0.01386	0.00835	0.00801	0.06454	0.01588	0.74247	0.02074	0.01799	0.01307	0.00663	0.00540	0.00166	0.00464	0.00537	0.00658	0.00913
8	0.00812	0.00708	0.03507	0.00759	0.00965	0.00599	0.04286	0.02562	0.03295	0.03546	0.23878	0.09339	0.38792	0.02526	0.00663	0.00186	0.00342	0.02208	0.00506	0.00521
9	0.01101	0.00918	0.01558	0.37685	0.05038	0.00992	0.11572	0.01414	0.01218	0.08119	0.11012	0.04674	0.07427	0.00746	0.00584	0.00181	0.00603	0.04174	0.00364	0.00618
10	0.01672	0.08069	0.14720	0.01393	0.05201	0.33600	0.01185	0.08853	0.12225	0.04271	0.01129	0.01216	0.00874	0.00582	0.00529	0.00155	0.02838	0.00416	0.00338	0.00735
11	0.67436	0.01258	0.04202	0.00951	0.05271	0.07169	0.00749	0.04474	0.01047	0.02297	0.00797	0.00931	0.00621	0.00507	0.00370	0.00164	0.00492	0.00317	0.00328	0.00620
12	0.01220	0.01025	0.01307	0.04892	0.01501	0.01118	0.07962	0.12702	0.33147	0.02081	0.03705	0.23093	0.01998	0.00945	0.00592	0.00188	0.00474	0.00841	0.00492	0.00716
13	0.00795	0.00556	0.00736	0.00724	0.00817	0.00563	0.00527	0.00960	0.01115	0.03178	0.28025	0.06782	0.05675	0.20011	0.24819	0.00462	0.00685	0.02677	0.00431	0.00461
14	0.80203	0.01031	0.00815	0.00720	0.01057	0.01180	0.00593	0.01637	0.00949	0.06745	0.00826	0.00927	0.00624	0.00508	0.00344	0.00166	0.00418	0.00305	0.00351	0.00600
15	0.01444	0.03180	0.01527	0.01344	0.08550	0.01300	0.05752	0.20086	0.30177	0.02329	0.03826	0.01734	0.01329	0.00642	0.00529	0.00160	0.00512	0.02308	0.00460	0.12812

[dist]
# distance from previous block
# <min> <max>
1	19

[block]
# block no. 3 follows, 45 sequences, length 11
# corresponding to MSA columns:
# 1030-1040
name=unknown_D
#
# <colnr> <probs for GDERKNQSTAVLIFYWHMCP>
#	G	D	E	R	K	N	Q	S	T	A	V	L	I	F	Y	W	H	M	C	P
0	0.54353	0.00894	0.00789	0.00771	0.03230	0.00986	0.00583	0.01393	0.03411	0.02143	0.07710	0.07938	0.12501	0.00769	0.00440	0.00173	0.00380	0.00578	0.00395	0.00562
1	0.72287	0.00952	0.00764	0.00712	0.00999	0.01089	0.00569	0.01453	0.00931	0.02253	0.01079	0.12858	0.01027	0.00676	0.00385	0.00174	0.00400	0.00476	0.00357	0.00560
2	0.00919	0.00475	0.00712	0.00712	0.00720	0.00482	0.00482	0.00720	0.00712	0.00957	0.00972	0.01669	0.00964	0.02034	0.08103	0.77861	0.00542	0.00475	0.00237	0.00252
3	0.01091	0.36052	0.07824	0.00914	0.01204	0.04914	0.00825	0.01264	0.01087	0.01347	0.01735	0.35852	0.01940	0.01002	0.00513	0.00165	0.00495	0.00841	0.00349	0.00583
4	0.01262	0.05465	0.16012	0.03486	0.05041	0.00931	0.00991	0.01572	0.01170	0.10321	0.01205	0.01318	0.02993	0.00487	0.00449	0.00118	0.00506	0.00392	0.00335	0.45944
5	0.03027	0.01167	0.08470	0.03754	0.01605	0.01020	0.09593	0.09829	0.11879	0.24126	0.07527	0.05061	0.08997	0.00762	0.00566	0.00174	0.00519	0.00660	0.00501	0.00763
6	0.00932	0.00466	0.00699	0.00699	0.00699	0.00466	0.00466	0.00699	0.00699	0.00932	0.00932	0.01632	0.00932	0.01865	0.02098	0.84382	0.00466	0.00466	0.00233	0.00233
7	0.05777	0.74150	0.02657	0.00926	0.01371	0.05142	0.00906	0.01627	0.01099	0.01324	0.00750	0.00866	0.00683	0.00465	0.00349	0.00118	0.00582	0.00290	0.00237	0.00681
8	0.01122	0.00912	0.02803	0.19279	0.03741	0.03734	0.00882	0.05356	0.05440	0.08422	0.19980	0.09464	0.11014	0.00885	0.00576	0.00171	0.00468	0.00761	0.00450	0.04539
9	0.01229	0.01144	0.08179	0.01231	0.09925	0.00916	0.04131	0.06766	0.01284	0.07466	0.06116	0.01842	0.08650	0.02297	0.00586	0.00143	0.03207	0.00519	0.00375	0.33992
10	0.04222	0.01465	0.19841	0.01712	0.17262	0.03123	0.12297	0.01474	0.01164	0.03309	0.03501	0.17301	0.01452	0.00750	0.00581	0.00172	0.02185	0.00684	0.00328	0.07175

[dist]
# distance from previous block
# <min> <max>
2	23

[block]
# block no. 4 follows, 45 sequences, length 29
# corresponding to MSA columns:
# 1064-1092
name=unknown_E
#
# <colnr> <probs for GDERKNQSTAVLIFYWHMCP>
#	G	D	E	R	K	N	Q	S	T	A	V	L	I	F	Y	W	H	M	C	P
0	0.09501	0.01110	0.01310	0.06122	0.04088	0.06691	0.03155	0.01539	0.09189	0.04363	0.01649	0.01887	0.10831	0.03914	0.02189	0.00205	0.23257	0.00552	0.00345	0.08104
1	0.03744	0.00882	0.01095	0.05709	0.01298	0.00904	0.03811	0.18632	0.04047	0.02294	0.36434	0.02970	0.11168	0.00903	0.00584	0.00167	0.00405	0.00774	0.00514	0.03664
2	0.00801	0.00563	0.00724	0.00802	0.00921	0.00526	0.00633	0.00970	0.01178	0.04462	0.03481	0.29702	0.21246	0.01485	0.00690	0.00219	0.00380	0.30232	0.00503	0.00482
3	0.01063	0.00998	0.01649	0.67870	0.11278	0.01208	0.01474	0.01476	0.04956	0.01456	0.01023	0.01450	0.00777	0.00540	0.00537	0.00177	0.00693	0.00484	0.00257	0.00636
4	0.01320	0.00954	0.01128	0.00832	0.01281	0.00764	0.00668	0.03248	0.04275	0.13211	0.01341	0.01401	0.03586	0.00490	0.00436	0.00102	0.00407	0.00395	0.00390	0.63771
5	0.01196	0.01138	0.06533	0.00928	0.01310	0.05585	0.00777	0.06384	0.01215	0.04388	0.01322	0.13085	0.01249	0.03129	0.00592	0.00138	0.03560	0.00544	0.00360	0.46567
6	0.01344	0.01316	0.02130	0.06156	0.71791	0.04487	0.01616	0.01657	0.01229	0.01721	0.01000	0.01318	0.00839	0.00484	0.00530	0.00159	0.00654	0.00473	0.00265	0.00831
7	0.49862	0.05481	0.05836	0.03970	0.11362	0.01163	0.00848	0.01478	0.00999	0.02039	0.01099	0.11669	0.01031	0.00654	0.00425	0.00170	0.00473	0.00494	0.00330	0.00617
8	0.01249	0.01177	0.01567	0.06493	0.03911	0.01540	0.01133	0.05706	0.16799	0.01624	0.01071	0.01375	0.00916	0.00839	0.01324	0.00214	0.51576	0.00500	0.00317	0.00668
9	0.04336	0.01126	0.01707	0.02224	0.42951	0.01116	0.01240	0.09060	0.01390	0.18456	0.01512	0.08862	0.02284	0.00660	0.00543	0.00167	0.00551	0.00593	0.00406	0.00817
10	0.01418	0.01576	0.01580	0.42419	0.02704	0.29826	0.01285	0.03576	0.01254	0.01396	0.00896	0.01236	0.00711	0.00579	0.00620	0.00168	0.07454	0.00428	0.00260	0.00613
11	0.04300	0.13258	0.31840	0.01657	0.02254	0.08352	0.27498	0.01729	0.01201	0.01637	0.00956	0.01181	0.00726	0.00486	0.00521	0.00163	0.00804	0.00456	0.00251	0.00732
12	0.00993	0.00932	0.01552	0.75522	0.03535	0.01152	0.01432	0.01339	0.01082	0.01376	0.01199	0.01635	0.04905	0.00582	0.00542	0.00179	0.00691	0.00513	0.00253	0.00588
13	0.01666	0.04736	0.01498	0.08555	0.03453	0.38327	0.01028	0.06294	0.25498	0.01737	0.01299	0.01362	0.01011	0.00607	0.00508	0.00157	0.00729	0.00449	0.00371	0.00716
14	0.01027	0.01553	0.27328	0.51177	0.03149	0.01190	0.01626	0.01471	0.01107	0.01505	0.03273	0.01409	0.00835	0.00545	0.00531	0.00176	0.00728	0.00465	0.00245	0.00660
15	0.03809	0.01854	0.43582	0.01191	0.01700	0.01012	0.01345	0.01588	0.01110	0.12178	0.03429	0.03048	0.01196	0.17107	0.01008	0.00244	0.03057	0.00528	0.00326	0.00687
16	0.01254	0.23091	0.28865	0.01308	0.04891	0.01361	0.05854	0.01708	0.06397	0.06660	0.04298	0.03220	0.03609	0.00642	0.00503	0.00162	0.00625	0.04498	0.00325	0.00730
17	0.01014	0.00954	0.01610	0.79845	0.03697	0.01193	0.01491	0.01371	0.01073	0.01371	0.00954	0.01431	0.00716	0.00537	0.00537	0.00179	0.00716	0.00477	0.00239	0.00596
18	0.01722	0.00753	0.00997	0.00818	0.01102	0.00669	0.00648	0.01933	0.01456	0.45599	0.24434	0.02591	0.02479	0.05748	0.00691	0.00186	0.00386	0.00680	0.06380	0.00728
19	0.03946	0.04050	0.06432	0.07186	0.21148	0.01078	0.11635	0.01669	0.05829	0.10946	0.10843	0.07518	0.01697	0.00711	0.00564	0.00173	0.00571	0.02892	0.00392	0.00722
20	0.01329	0.01227	0.02044	0.05725	0.63575	0.01241	0.03826	0.05409	0.01278	0.01839	0.01075	0.01380	0.00884	0.00498	0.00524	0.00159	0.00620	0.00485	0.06065	0.00816
21	0.00687	0.00567	0.00658	0.06058	0.00949	0.00513	0.00509	0.00858	0.01256	0.01576	0.19043	0.10641	0.52237	0.01277	0.00631	0.00182	0.00302	0.01087	0.00499	0.00472
22	0.01175	0.08024	0.39337	0.07073	0.02421	0.01348	0.23699	0.01762	0.06815	0.01691	0.01074	0.01292	0.00795	0.00507	0.00539	0.00171	0.00777	0.00480	0.00265	0.00756
23	0.04222	0.03973	0.13408	0.01257	0.08022	0.01081	0.01051	0.02293	0.18892	0.31924	0.01691	0.01607	0.01178	0.00609	0.00513	0.00162	0.00516	0.00497	0.00486	0.06619
24	0.01844	0.01346	0.06742	0.04080	0.14691	0.12913	0.01067	0.02174	0.06401	0.35657	0.01667	0.06390	0.01240	0.00667	0.00537	0.00166	0.00587	0.00552	0.00474	0.00806
25	0.00791	0.00579	0.00767	0.00874	0.00963	0.00575	0.00679	0.01048	0.06346	0.01531	0.02856	0.43545	0.03222	0.01531	0.00700	0.00228	0.00397	0.32380	0.00500	0.00489
26	0.10408	0.03802	0.18870	0.01340	0.09823	0.01017	0.04209	0.01931	0.01282	0.30665	0.04196	0.07456	0.01307	0.00668	0.00522	0.00169	0.00553	0.00559	0.00442	0.00780
27	0.26228	0.14352	0.09013	0.01201	0.06753	0.03149	0.05534	0.05862	0.02869	0.18573	0.01167	0.01219	0.00847	0.00539	0.00448	0.00158	0.00555	0.00407	0.00384	0.00743
28	0.06844	0.00749	0.01095	0.03905	0.01351	0.00750	0.06486	0.01338	0.01238	0.08738	0.02431	0.04794	0.02497	0.01228	0.00679	0.00227	0.00524	0.54094	0.00473	0.00560

[dist]
# distance from previous block
# <min> <max>
0	3

[block]
# block no. 5 follows, 45 sequences, length 6
# corresponding to MSA columns:
# 1096-1101
name=unknown_F
#
# <colnr> <probs for GDERKNQSTAVLIFYWHMCP>
#	G	D	E	R	K	N	Q	S	T	A	V	L	I	F	Y	W	H	M	C	P
0	0.07559	0.20327	0.12545	0.00963	0.01456	0.05588	0.00921	0.01583	0.01139	0.05246	0.00939	0.01064	0.00757	0.00457	0.00408	0.00115	0.00532	0.00332	0.00299	0.37772
1	0.08350	0.11725	0.20510	0.01547	0.15013	0.03298	0.04093	0.05030	0.03268	0.18328	0.01327	0.01393	0.02678	0.00561	0.00494	0.00160	0.00613	0.00453	0.00368	0.00790
2	0.01165	0.01035	0.01759	0.19083	0.36581	0.01067	0.06644	0.01461	0.01205	0.04869	0.07588	0.12241	0.01546	0.00709	0.00569	0.00174	0.00591	0.00672	0.00335	0.00705
3	0.00669	0.00541	0.00599	0.00613	0.00760	0.00477	0.00455	0.00813	0.01192	0.01479	0.10629	0.12348	0.53972	0.04654	0.05064	0.00238	0.00358	0.04197	0.00487	0.00454
4	0.01614	0.06815	0.26642	0.01313	0.05842	0.01046	0.05039	0.01962	0.01293	0.32253	0.01623	0.09519	0.01248	0.00683	0.00536	0.00170	0.00592	0.00578	0.00434	0.00798
5	0.01361	0.18691	0.27952	0.05395	0.04455	0.03996	0.10062	0.05912	0.01262	0.07548	0.01100	0.01262	0.00825	0.00523	0.00483	0.00154	0.00675	0.00431	0.07171	0.00741

[dist]
# distance from previous block
# <min> <max>
0	2

[block]
# block no. 6 follows, 45 sequences, length 8
# corresponding to MSA columns:
# 1104-1111
name=unknown_G
#
# <colnr> <probs for GDERKNQSTAVLIFYWHMCP>
#	G	D	E	R	K	N	Q	S	T	A	V	L	I	F	Y	W	H	M	C	P
0	0.01019	0.00858	0.01228	0.10168	0.01430	0.01084	0.00926	0.01189	0.00925	0.04910	0.01437	0.01955	0.06564	0.06125	0.27128	0.00444	0.31195	0.00573	0.00297	0.00545
1	0.01029	0.03371	0.01493	0.29013	0.21645	0.01019	0.01182	0.01287	0.01100	0.01503	0.09894	0.01819	0.01378	0.01292	0.14409	0.06373	0.00746	0.00545	0.00294	0.00607
2	0.01449	0.01203	0.07071	0.02165	0.38046	0.01073	0.05779	0.04384	0.01307	0.15823	0.01473	0.05861	0.01221	0.00645	0.00547	0.00168	0.00579	0.04453	0.05963	0.00789
3	0.01707	0.07764	0.16651	0.01173	0.01643	0.01146	0.06459	0.13289	0.04224	0.28955	0.08421	0.01779	0.03038	0.00656	0.00535	0.00164	0.00562	0.00544	0.00482	0.00810
4	0.00889	0.00797	0.04045	0.17043	0.06169	0.00766	0.02939	0.01198	0.03924	0.01717	0.21881	0.14773	0.09120	0.00998	0.00598	0.00182	0.00442	0.05943	0.06018	0.00558
5	0.01111	0.03226	0.18387	0.10294	0.21469	0.01131	0.07680	0.01458	0.01132	0.01609	0.01319	0.09344	0.03729	0.00659	0.00610	0.00167	0.05423	0.00578	0.00290	0.10385
6	0.05016	0.04423	0.07635	0.01609	0.13062	0.01172	0.14322	0.07664	0.01411	0.32265	0.01447	0.01487	0.01003	0.00585	0.00595	0.00169	0.04361	0.00509	0.00443	0.00824
7	0.01582	0.01095	0.05522	0.25357	0.09472	0.01052	0.01147	0.09972	0.01396	0.25973	0.01504	0.07008	0.01143	0.00655	0.00539	0.00168	0.00573	0.00558	0.00430	0.04854

[dist]
# distance from previous block
# <min> <max>
3	27

[block]
# block no. 7 follows, 45 sequences, length 13
# corresponding to MSA columns:
# 1140-1152
name=unknown_H
#
# <colnr> <probs for GDERKNQSTAVLIFYWHMCP>
#	G	D	E	R	K	N	Q	S	T	A	V	L	I	F	Y	W	H	M	C	P
0	0.01271	0.08364	0.06730	0.02331	0.39308	0.01256	0.14023	0.01603	0.01192	0.01701	0.00986	0.01255	0.00809	0.00459	0.00506	0.00145	0.00641	0.00453	0.00271	0.16696
1	0.60979	0.09688	0.01099	0.00804	0.01150	0.01340	0.00673	0.04878	0.11468	0.02304	0.00968	0.01044	0.00753	0.00532	0.00372	0.00163	0.00441	0.00342	0.00359	0.00644
2	0.00900	0.00602	0.00704	0.00696	0.00820	0.00573	0.00486	0.01120	0.07449	0.08162	0.08046	0.23012	0.21408	0.22186	0.01180	0.00277	0.00375	0.01032	0.00478	0.00493
3	0.08079	0.08422	0.52459	0.01269	0.01864	0.01182	0.01517	0.01524	0.01074	0.01644	0.01161	0.08251	0.01021	0.06073	0.02087	0.00206	0.00696	0.00507	0.00267	0.00699
4	0.01580	0.01338	0.06412	0.01662	0.17252	0.08630	0.07377	0.03989	0.12503	0.18950	0.01490	0.05040	0.01161	0.00709	0.00690	0.03553	0.05933	0.00552	0.00410	0.00769
5	0.00891	0.00755	0.03705	0.08581	0.01195	0.05351	0.00715	0.00987	0.01038	0.01361	0.10072	0.25592	0.02292	0.01618	0.07404	0.21308	0.00545	0.05773	0.00376	0.00441
6	0.00865	0.00552	0.00735	0.00767	0.00851	0.00545	0.00549	0.00988	0.01024	0.07767	0.04534	0.33943	0.04652	0.16953	0.17284	0.00404	0.00606	0.06070	0.00438	0.00471
7	0.01442	0.01484	0.02040	0.09425	0.45948	0.14442	0.07699	0.05065	0.04076	0.01733	0.01036	0.01309	0.00840	0.00510	0.00533	0.00160	0.00713	0.00474	0.00288	0.00782
8	0.01113	0.01499	0.20878	0.37048	0.10985	0.04396	0.06032	0.01478	0.01102	0.01475	0.00963	0.01345	0.00745	0.00636	0.00670	0.07556	0.00727	0.00460	0.00242	0.00650
9	0.01164	0.07677	0.01374	0.01261	0.09264	0.03767	0.05392	0.03500	0.10170	0.06777	0.05286	0.21410	0.04085	0.01130	0.03533	0.00214	0.03721	0.09206	0.00433	0.00636
10	0.08305	0.13785	0.03400	0.01299	0.08140	0.01195	0.10312	0.06018	0.09030	0.07242	0.06406	0.05190	0.05712	0.00791	0.00546	0.00175	0.00534	0.10822	0.00411	0.00686
11	0.01403	0.01185	0.04789	0.17301	0.07403	0.07808	0.02340	0.06317	0.03743	0.14110	0.01606	0.06926	0.05732	0.00665	0.00523	0.00155	0.00566	0.00560	0.00390	0.16479
12	0.09186	0.04564	0.01238	0.16591	0.04911	0.06242	0.00900	0.10578	0.01316	0.01836	0.13690	0.03163	0.06252	0.01367	0.15584	0.00299	0.00710	0.00595	0.00374	0.00603

[dist]
# distance from previous block
# <min> <max>
0	388

# created by:
# /home/berkeley/.conda/envs/busco_data_prod/bin/msa2prfl.pl pipeline/OGs_align_augustus/33634/149689.fs
