[name]
unknown

[dist]
# distance from previous block
# <min> <max>
0	28

[block]
# block no. 0 follows, 44 sequences, length 21
# corresponding to MSA columns:
# 157-177
name=unknown_A
#
# <colnr> <probs for GDERKNQSTAVLIFYWHMCP>
#	G	D	E	R	K	N	Q	S	T	A	V	L	I	F	Y	W	H	M	C	P
0	0.10610	0.09897	0.21201	0.01410	0.07681	0.05320	0.06151	0.06841	0.03680	0.07670	0.01123	0.01334	0.00872	0.00564	0.00536	0.00160	0.03572	0.02184	0.00333	0.08860
1	0.01357	0.01638	0.25727	0.03394	0.01868	0.01162	0.08594	0.07737	0.09851	0.11258	0.04038	0.04133	0.03256	0.00664	0.00615	0.00171	0.05052	0.00551	0.00390	0.08542
2	0.05600	0.07579	0.05875	0.00975	0.01301	0.00945	0.04527	0.06134	0.05099	0.12861	0.09077	0.19136	0.04255	0.00907	0.00555	0.00169	0.00458	0.02777	0.00462	0.11306
3	0.05522	0.09570	0.04772	0.02582	0.03204	0.01195	0.02766	0.01662	0.14128	0.03608	0.10574	0.04015	0.01550	0.00759	0.01829	0.00172	0.13326	0.00539	0.00380	0.17847
4	0.53075	0.01136	0.01062	0.00949	0.04042	0.01261	0.00737	0.13384	0.07337	0.06728	0.01061	0.01128	0.00793	0.00552	0.00410	0.00164	0.00460	0.00374	0.00403	0.04942
5	0.84691	0.01054	0.00801	0.00717	0.01054	0.01223	0.00590	0.01603	0.00928	0.02446	0.00759	0.00886	0.00590	0.00506	0.00337	0.00169	0.00422	0.00295	0.00337	0.00590
6	0.00793	0.00529	0.00595	0.00595	0.00595	0.00529	0.00330	0.00793	0.00793	0.01057	0.01718	0.03568	0.01982	0.80840	0.02775	0.00529	0.00529	0.00793	0.00330	0.00330
7	0.04348	0.23223	0.01871	0.01163	0.01550	0.22598	0.00974	0.30652	0.01790	0.02202	0.01036	0.01119	0.00813	0.00573	0.00465	0.00143	0.00680	0.00394	0.03644	0.00759
8	0.00793	0.00529	0.00595	0.00595	0.00595	0.00529	0.00330	0.00793	0.00793	0.01057	0.01718	0.03568	0.01982	0.80840	0.02775	0.00529	0.00529	0.00793	0.00330	0.00330
9	0.06488	0.32130	0.28212	0.01187	0.01755	0.01646	0.01293	0.13814	0.01374	0.06003	0.00999	0.01094	0.00762	0.00528	0.00449	0.00149	0.00646	0.00376	0.00313	0.00779
10	0.01731	0.02112	0.01355	0.01272	0.01503	0.60265	0.00954	0.01875	0.01433	0.01357	0.01279	0.11890	0.01262	0.00921	0.03857	0.00189	0.00886	0.04941	0.00325	0.00593
11	0.01160	0.00771	0.00892	0.00799	0.00985	0.00821	0.00620	0.08780	0.11186	0.06130	0.20470	0.02555	0.04171	0.03949	0.04641	0.00212	0.04523	0.00670	0.26052	0.00615
12	0.03364	0.01100	0.04349	0.31808	0.07288	0.01226	0.01240	0.05778	0.01206	0.11996	0.01463	0.01720	0.06998	0.00716	0.00807	0.00189	0.17191	0.00538	0.00343	0.00678
13	0.01030	0.00969	0.01635	0.79530	0.03755	0.01211	0.01514	0.01393	0.01090	0.01393	0.00969	0.01453	0.00727	0.00545	0.00545	0.00182	0.00727	0.00484	0.00242	0.00606
14	0.02037	0.02598	0.01545	0.01404	0.01685	0.78652	0.01053	0.02177	0.01545	0.01334	0.00843	0.00983	0.00702	0.00562	0.00492	0.00140	0.00983	0.00351	0.00281	0.00632
15	0.01754	0.03494	0.26353	0.01451	0.09304	0.03005	0.04452	0.02123	0.01373	0.35862	0.04324	0.01598	0.01174	0.00605	0.00539	0.00168	0.00621	0.00504	0.00451	0.00846
16	0.01129	0.00915	0.01250	0.16125	0.01718	0.03018	0.05631	0.09236	0.05075	0.03839	0.01873	0.13856	0.01889	0.13826	0.01017	0.00255	0.03600	0.14756	0.00407	0.00584
17	0.00678	0.00511	0.00617	0.00690	0.00775	0.00463	0.00480	0.00791	0.01113	0.01428	0.05904	0.46645	0.26791	0.06688	0.00814	0.00229	0.00323	0.04118	0.00497	0.00445
18	0.01240	0.00901	0.06735	0.00968	0.01224	0.00743	0.03154	0.05496	0.03562	0.17602	0.07515	0.30989	0.02517	0.02451	0.00659	0.00199	0.00444	0.08209	0.00511	0.04883
19	0.05274	0.01640	0.05520	0.01302	0.01717	0.18365	0.07977	0.23398	0.07382	0.19850	0.01411	0.01408	0.00996	0.00614	0.00534	0.00164	0.00674	0.00485	0.00468	0.00820
20	0.06054	0.05914	0.09585	0.03199	0.03737	0.07184	0.13843	0.11631	0.08291	0.12673	0.03869	0.04315	0.01315	0.00687	0.00555	0.00174	0.00639	0.05157	0.00420	0.00758

[dist]
# distance from previous block
# <min> <max>
0	34

[block]
# block no. 1 follows, 44 sequences, length 12
# corresponding to MSA columns:
# 222-233
name=unknown_B
#
# <colnr> <probs for GDERKNQSTAVLIFYWHMCP>
#	G	D	E	R	K	N	Q	S	T	A	V	L	I	F	Y	W	H	M	C	P
0	0.03404	0.01026	0.01360	0.04419	0.17894	0.05919	0.03912	0.03426	0.04294	0.05553	0.01843	0.19418	0.01853	0.00937	0.00589	0.00181	0.00533	0.12371	0.00406	0.10663
1	0.01019	0.00742	0.00882	0.00750	0.01023	0.00615	0.00567	0.01190	0.01139	0.07193	0.04573	0.11485	0.13757	0.13199	0.00880	0.00202	0.00399	0.05446	0.00420	0.34518
2	0.01266	0.01214	0.04997	0.19536	0.31920	0.01199	0.10179	0.06815	0.01310	0.03914	0.03716	0.06631	0.01225	0.00645	0.00573	0.00177	0.00657	0.02954	0.00327	0.00746
3	0.01966	0.00865	0.01149	0.00896	0.01272	0.00739	0.00728	0.02190	0.01501	0.53982	0.15834	0.02170	0.01979	0.00721	0.00547	0.00158	0.00418	0.00600	0.00615	0.11670
4	0.01152	0.01038	0.01691	0.01823	0.20299	0.01053	0.14807	0.01676	0.14970	0.01781	0.01925	0.05675	0.01835	0.00939	0.00681	0.02584	0.00595	0.24380	0.00405	0.00691
5	0.01373	0.01256	0.02030	0.02925	0.63489	0.01271	0.01515	0.09440	0.01366	0.01926	0.01208	0.07459	0.01082	0.00598	0.00552	0.00167	0.00617	0.00569	0.00317	0.00838
6	0.01356	0.01171	0.01233	0.01109	0.01418	0.01356	0.00863	0.02897	0.76455	0.02281	0.02219	0.02034	0.01664	0.00740	0.00555	0.00185	0.00431	0.00616	0.00555	0.00863
7	0.84691	0.01054	0.00801	0.00717	0.01054	0.01223	0.00590	0.01603	0.00928	0.02446	0.00759	0.00886	0.00590	0.00506	0.00337	0.00169	0.00422	0.00295	0.00337	0.00590
8	0.01356	0.01171	0.01233	0.01109	0.01418	0.01356	0.00863	0.02897	0.76455	0.02281	0.02219	0.02034	0.01664	0.00740	0.00555	0.00185	0.00431	0.00616	0.00555	0.00863
9	0.01356	0.01171	0.01233	0.01109	0.01418	0.01356	0.00863	0.02897	0.76455	0.02281	0.02219	0.02034	0.01664	0.00740	0.00555	0.00185	0.00431	0.00616	0.00555	0.00863
10	0.00644	0.00552	0.00552	0.00552	0.00736	0.00460	0.00414	0.00782	0.01243	0.01473	0.05523	0.05247	0.77218	0.01381	0.00644	0.00184	0.00276	0.01151	0.00506	0.00460
11	0.00986	0.03474	0.00782	0.00665	0.00827	0.00593	0.00513	0.01236	0.01416	0.07563	0.47829	0.03225	0.03658	0.00925	0.00552	0.00157	0.00283	0.00795	0.23972	0.00549

[dist]
# distance from previous block
# <min> <max>
0	6

[block]
# block no. 2 follows, 44 sequences, length 13
# corresponding to MSA columns:
# 261-273
name=unknown_C
#
# <colnr> <probs for GDERKNQSTAVLIFYWHMCP>
#	G	D	E	R	K	N	Q	S	T	A	V	L	I	F	Y	W	H	M	C	P
0	0.84691	0.01054	0.00801	0.00717	0.01054	0.01223	0.00590	0.01603	0.00928	0.02446	0.00759	0.00886	0.00590	0.00506	0.00337	0.00169	0.00422	0.00295	0.00337	0.00590
1	0.00753	0.00557	0.00703	0.00667	0.00803	0.00507	0.00500	0.00993	0.01500	0.02083	0.66770	0.04243	0.15590	0.01153	0.00643	0.00173	0.00260	0.01010	0.00587	0.00507
2	0.00941	0.00596	0.00776	0.00709	0.00871	0.00542	0.00540	0.01188	0.01530	0.10092	0.65718	0.03898	0.08326	0.01082	0.00633	0.00172	0.00280	0.00948	0.00603	0.00555
3	0.00664	0.00474	0.00633	0.00759	0.00791	0.00443	0.00506	0.00759	0.01044	0.01392	0.03005	0.80485	0.03606	0.01708	0.00696	0.00221	0.00316	0.01550	0.00506	0.00443
4	0.76056	0.01041	0.00850	0.00744	0.01090	0.01179	0.00613	0.01713	0.00994	0.10360	0.00905	0.00987	0.00670	0.00524	0.00360	0.00169	0.00426	0.00322	0.00373	0.00626
5	0.02446	0.00928	0.01265	0.00970	0.01392	0.00801	0.00801	0.02657	0.01560	0.77817	0.02151	0.01856	0.01350	0.00675	0.00548	0.00169	0.00464	0.00548	0.00675	0.00928
6	0.01458	0.81168	0.02857	0.00933	0.01399	0.02157	0.00933	0.01632	0.01108	0.01283	0.00758	0.00875	0.00700	0.00466	0.00350	0.00117	0.00583	0.00292	0.00233	0.00700
7	0.01356	0.01171	0.01233	0.01109	0.01418	0.01356	0.00863	0.02897	0.76455	0.02281	0.02219	0.02034	0.01664	0.00740	0.00555	0.00185	0.00431	0.00616	0.00555	0.00863
8	0.01030	0.00969	0.01635	0.79530	0.03755	0.01211	0.01514	0.01393	0.01090	0.01393	0.00969	0.01453	0.00727	0.00545	0.00545	0.00182	0.00727	0.00484	0.00242	0.00606
9	0.02304	0.01156	0.01406	0.01078	0.01505	0.01139	0.00891	0.30403	0.01942	0.49533	0.01831	0.01648	0.01189	0.00667	0.00547	0.00167	0.00516	0.00526	0.00626	0.00928
10	0.01356	0.01171	0.01233	0.01109	0.01418	0.01356	0.00863	0.02897	0.76455	0.02281	0.02219	0.02034	0.01664	0.00740	0.00555	0.00185	0.00431	0.00616	0.00555	0.00863
11	0.64182	0.01243	0.03445	0.00850	0.01212	0.06534	0.00717	0.07225	0.01145	0.07919	0.00914	0.01003	0.00682	0.00534	0.00385	0.00167	0.00489	0.00336	0.00370	0.00650
12	0.69899	0.07101	0.01030	0.00805	0.01146	0.09421	0.00664	0.01665	0.01006	0.02244	0.00768	0.00895	0.00610	0.00509	0.00354	0.00162	0.00493	0.00301	0.00324	0.00603

[dist]
# distance from previous block
# <min> <max>
1	5

[block]
# block no. 3 follows, 44 sequences, length 31
# corresponding to MSA columns:
# 279-309
name=unknown_D
#
# <colnr> <probs for GDERKNQSTAVLIFYWHMCP>
#	G	D	E	R	K	N	Q	S	T	A	V	L	I	F	Y	W	H	M	C	P
0	0.00765	0.00557	0.00719	0.00679	0.00810	0.00511	0.00509	0.01015	0.01527	0.02148	0.73277	0.04136	0.09043	0.01129	0.00643	0.00172	0.00258	0.00995	0.00595	0.00511
1	0.01598	0.00754	0.01027	0.00937	0.01199	0.00692	0.00787	0.01831	0.01418	0.36862	0.09367	0.03792	0.02420	0.01047	0.00632	0.00200	0.00451	0.29975	0.04310	0.00700
2	0.01399	0.68470	0.15038	0.01033	0.01555	0.02013	0.01108	0.01648	0.01115	0.01355	0.00794	0.00919	0.00698	0.00475	0.00377	0.00126	0.00619	0.00310	0.00233	0.00717
3	0.01349	0.01295	0.02213	0.03346	0.77440	0.01295	0.01673	0.01673	0.01241	0.01781	0.01025	0.01349	0.00864	0.00486	0.00540	0.00162	0.00648	0.00486	0.00270	0.00864
4	0.01975	0.02496	0.01498	0.01364	0.01632	0.74793	0.01018	0.02109	0.01508	0.01321	0.00886	0.01111	0.00765	0.04527	0.00604	0.00160	0.00961	0.00373	0.00283	0.00617
5	0.01016	0.00508	0.00508	0.00508	0.00635	0.00508	0.00381	0.01270	0.01143	0.02033	0.01778	0.02033	0.01397	0.00635	0.00381	0.00127	0.00254	0.00508	0.83867	0.00508
6	0.01144	0.05256	0.65784	0.05597	0.02403	0.01288	0.05800	0.01729	0.01163	0.03469	0.01004	0.01191	0.00715	0.00518	0.00521	0.00172	0.00792	0.00419	0.00244	0.00791
7	0.01349	0.01295	0.02213	0.03346	0.77440	0.01295	0.01673	0.01673	0.01241	0.01781	0.01025	0.01349	0.00864	0.00486	0.00540	0.00162	0.00648	0.00486	0.00270	0.00864
8	0.00644	0.00552	0.00552	0.00552	0.00736	0.00460	0.00414	0.00782	0.01243	0.01473	0.05523	0.05247	0.77218	0.01381	0.00644	0.00184	0.00276	0.01151	0.00506	0.00460
9	0.01193	0.01193	0.01670	0.01431	0.01431	0.01670	0.01193	0.01312	0.00835	0.01312	0.00716	0.01193	0.00716	0.00954	0.01789	0.00239	0.79843	0.00477	0.00239	0.00596
10	0.00780	0.00581	0.00860	0.00860	0.00951	0.00673	0.00661	0.00963	0.00871	0.01253	0.01475	0.02225	0.01399	0.08576	0.74242	0.00856	0.01406	0.00596	0.00294	0.00478
11	0.00673	0.00524	0.00615	0.00671	0.00784	0.00465	0.00483	0.00807	0.01182	0.01498	0.09500	0.36750	0.37545	0.01505	0.00671	0.00202	0.00303	0.04852	0.00513	0.00459
12	0.02424	0.00963	0.01287	0.00987	0.01409	0.00853	0.00815	0.06923	0.01619	0.73468	0.02102	0.01824	0.01325	0.00674	0.00548	0.00168	0.00472	0.00545	0.00667	0.00928
13	0.01167	0.09812	0.01321	0.00821	0.01304	0.00884	0.00678	0.01401	0.01128	0.01722	0.00946	0.01102	0.00796	0.00411	0.00398	0.00085	0.00424	0.00320	0.00313	0.74969
14	0.02037	0.02598	0.01545	0.01404	0.01685	0.78652	0.01053	0.02177	0.01545	0.01334	0.00843	0.00983	0.00702	0.00562	0.00492	0.00140	0.00983	0.00351	0.00281	0.00632
15	0.00687	0.00565	0.00611	0.00630	0.00803	0.00489	0.00493	0.00847	0.01255	0.01523	0.07515	0.05353	0.62777	0.01392	0.00662	0.00195	0.00312	0.12915	0.00509	0.00469
16	0.00805	0.00567	0.00850	0.00850	0.00932	0.00649	0.00649	0.00932	0.00850	0.01216	0.01380	0.02066	0.01298	0.03747	0.66746	0.13857	0.01306	0.00567	0.00283	0.00448
17	0.01016	0.00508	0.00508	0.00508	0.00635	0.00508	0.00381	0.01270	0.01143	0.02033	0.01778	0.02033	0.01397	0.00635	0.00381	0.00127	0.00254	0.00508	0.83867	0.00508
18	0.01092	0.00530	0.00548	0.00533	0.00675	0.00524	0.00403	0.01344	0.01165	0.06033	0.01798	0.02023	0.01395	0.00637	0.00390	0.00129	0.00265	0.00510	0.79476	0.00530
19	0.84691	0.01054	0.00801	0.00717	0.01054	0.01223	0.00590	0.01603	0.00928	0.02446	0.00759	0.00886	0.00590	0.00506	0.00337	0.00169	0.00422	0.00295	0.00337	0.00590
20	0.02446	0.00928	0.01265	0.00970	0.01392	0.00801	0.00801	0.02657	0.01560	0.77817	0.02151	0.01856	0.01350	0.00675	0.00548	0.00169	0.00464	0.00548	0.00675	0.00928
21	0.84691	0.01054	0.00801	0.00717	0.01054	0.01223	0.00590	0.01603	0.00928	0.02446	0.00759	0.00886	0.00590	0.00506	0.00337	0.00169	0.00422	0.00295	0.00337	0.00590
22	0.01356	0.01171	0.01233	0.01109	0.01418	0.01356	0.00863	0.02897	0.76455	0.02281	0.02219	0.02034	0.01664	0.00740	0.00555	0.00185	0.00431	0.00616	0.00555	0.00863
23	0.02446	0.00928	0.01265	0.00970	0.01392	0.00801	0.00801	0.02657	0.01560	0.77817	0.02151	0.01856	0.01350	0.00675	0.00548	0.00169	0.00464	0.00548	0.00675	0.00928
24	0.02446	0.00928	0.01265	0.00970	0.01392	0.00801	0.00801	0.02657	0.01560	0.77817	0.02151	0.01856	0.01350	0.00675	0.00548	0.00169	0.00464	0.00548	0.00675	0.00928
25	0.01458	0.81168	0.02857	0.00933	0.01399	0.02157	0.00933	0.01632	0.01108	0.01283	0.00758	0.00875	0.00700	0.00466	0.00350	0.00117	0.00583	0.00292	0.00233	0.00700
26	0.01356	0.01171	0.01233	0.01109	0.01418	0.01356	0.00863	0.02897	0.76455	0.02281	0.02219	0.02034	0.01664	0.00740	0.00555	0.00185	0.00431	0.00616	0.00555	0.00863
27	0.01132	0.11013	0.70156	0.01489	0.02259	0.01359	0.01901	0.01717	0.01146	0.01680	0.00955	0.01122	0.00692	0.00513	0.00500	0.00167	0.00782	0.00391	0.00231	0.00795
28	0.01579	0.01773	0.01904	0.02279	0.34569	0.32290	0.07002	0.01833	0.01368	0.01586	0.01123	0.01637	0.00997	0.00605	0.00547	0.00163	0.00790	0.06932	0.00295	0.00729
29	0.01248	0.01052	0.01132	0.01020	0.01296	0.01187	0.00791	0.04293	0.59018	0.02265	0.15338	0.02481	0.04853	0.00825	0.00573	0.00182	0.00400	0.00696	0.00561	0.00790
30	0.01324	0.01138	0.01205	0.01087	0.01385	0.01310	0.00844	0.02796	0.72402	0.02275	0.06273	0.02144	0.01852	0.00760	0.00560	0.00184	0.00422	0.00636	0.00557	0.00844

[dist]
# distance from previous block
# <min> <max>
0	16

[block]
# block no. 4 follows, 44 sequences, length 12
# corresponding to MSA columns:
# 326-337
name=unknown_E
#
# <colnr> <probs for GDERKNQSTAVLIFYWHMCP>
#	G	D	E	R	K	N	Q	S	T	A	V	L	I	F	Y	W	H	M	C	P
0	0.06534	0.06612	0.31949	0.01405	0.01991	0.03815	0.12896	0.02008	0.01291	0.24320	0.01315	0.01372	0.00902	0.00553	0.00525	0.00169	0.00692	0.00469	0.00377	0.00806
1	0.00754	0.00567	0.00805	0.00880	0.00973	0.00538	0.03596	0.00915	0.01134	0.01486	0.03082	0.48702	0.08897	0.01571	0.00708	0.00226	0.00395	0.23801	0.00496	0.00474
2	0.00726	0.00568	0.00591	0.00576	0.00768	0.00477	0.00435	0.00873	0.01271	0.04702	0.08930	0.05047	0.70475	0.01338	0.00640	0.00183	0.00283	0.01117	0.00518	0.00482
3	0.02150	0.01403	0.01559	0.01195	0.01629	0.01506	0.00987	0.60481	0.02355	0.18871	0.01484	0.01422	0.01015	0.00659	0.00546	0.00165	0.00572	0.00503	0.00572	0.00927
4	0.08129	0.01492	0.01575	0.01215	0.01644	0.01656	0.01004	0.70195	0.02443	0.03363	0.01269	0.01278	0.00902	0.00644	0.00530	0.00164	0.00587	0.00476	0.00530	0.00902
5	0.01398	0.01381	0.02910	0.06762	0.02744	0.01306	0.62907	0.01825	0.01305	0.10019	0.01209	0.01512	0.00878	0.00488	0.00627	0.00182	0.00858	0.00624	0.00317	0.00749
6	0.00677	0.00483	0.00647	0.00773	0.00811	0.00454	0.00528	0.00781	0.01056	0.01406	0.02998	0.76144	0.03578	0.01696	0.00699	0.00223	0.00327	0.05767	0.00506	0.00446
7	0.01245	0.17395	0.58430	0.01406	0.02121	0.01434	0.01733	0.04542	0.01210	0.04285	0.00989	0.01129	0.00724	0.00519	0.00488	0.00162	0.00745	0.00390	0.00258	0.00795
8	0.00664	0.00474	0.00633	0.00759	0.00791	0.00443	0.00506	0.00759	0.01044	0.01392	0.03005	0.80485	0.03606	0.01708	0.00696	0.00221	0.00316	0.01550	0.00506	0.00443
9	0.00864	0.00746	0.01024	0.01013	0.01033	0.00906	0.00765	0.00968	0.00965	0.01362	0.02141	0.50553	0.02515	0.01423	0.01109	0.00228	0.30336	0.01145	0.00405	0.00501
10	0.01030	0.00969	0.01635	0.79530	0.03755	0.01211	0.01514	0.01393	0.01090	0.01393	0.00969	0.01453	0.00727	0.00545	0.00545	0.00182	0.00727	0.00484	0.00242	0.00606
11	0.00716	0.00512	0.00693	0.00819	0.00873	0.00488	0.00597	0.00849	0.01095	0.01450	0.02976	0.62350	0.03492	0.01659	0.00710	0.00229	0.00362	0.19168	0.00505	0.00457

[dist]
# distance from previous block
# <min> <max>
0	9

[block]
# block no. 5 follows, 44 sequences, length 32
# corresponding to MSA columns:
# 386-417
name=unknown_F
#
# <colnr> <probs for GDERKNQSTAVLIFYWHMCP>
#	G	D	E	R	K	N	Q	S	T	A	V	L	I	F	Y	W	H	M	C	P
0	0.01855	0.01385	0.01494	0.01190	0.01573	0.01533	0.00966	0.60149	0.10820	0.03108	0.01576	0.09008	0.01269	0.00765	0.00561	0.00172	0.00553	0.00607	0.00543	0.00873
1	0.01030	0.00969	0.01635	0.79530	0.03755	0.01211	0.01514	0.01393	0.01090	0.01393	0.00969	0.01453	0.00727	0.00545	0.00545	0.00182	0.00727	0.00484	0.00242	0.00606
2	0.00779	0.00564	0.00739	0.00713	0.00843	0.00524	0.00547	0.01032	0.01508	0.02114	0.68160	0.04302	0.06810	0.01159	0.00654	0.00179	0.00281	0.07992	0.00588	0.00512
3	0.01197	0.00711	0.00982	0.00998	0.08312	0.00651	0.00685	0.01444	0.01501	0.19146	0.48911	0.03377	0.07923	0.00970	0.00612	0.00171	0.00342	0.00848	0.00580	0.00638
4	0.01494	0.01140	0.01237	0.01092	0.01414	0.01286	0.00855	0.02867	0.66964	0.11852	0.02210	0.02011	0.01624	0.00731	0.00554	0.00183	0.00436	0.00608	0.00570	0.00871
5	0.02420	0.00969	0.01291	0.00990	0.01412	0.00862	0.00817	0.07670	0.01629	0.72706	0.02093	0.01818	0.01321	0.00673	0.00548	0.00168	0.00473	0.00544	0.00666	0.00928
6	0.00904	0.00594	0.00752	0.00804	0.00933	0.00590	0.00662	0.01191	0.03538	0.01861	0.16887	0.06558	0.03018	0.01175	0.00623	0.00199	0.00380	0.35539	0.23277	0.00515
7	0.01316	0.01129	0.01198	0.01080	0.01376	0.01298	0.00839	0.02768	0.71282	0.02274	0.07393	0.02175	0.01904	0.00766	0.00561	0.00184	0.00419	0.00642	0.00558	0.00839
8	0.00781	0.00618	0.00952	0.08487	0.01279	0.00615	0.05846	0.00955	0.01103	0.01459	0.02656	0.54039	0.03053	0.01474	0.00688	0.00220	0.00431	0.14390	0.00464	0.00489
9	0.00662	0.00482	0.00625	0.00739	0.00786	0.00444	0.00497	0.00761	0.01063	0.01399	0.03247	0.73246	0.10687	0.01677	0.00691	0.00218	0.00312	0.01511	0.00506	0.00444
10	0.01419	0.01318	0.02157	0.03145	0.70152	0.01333	0.01612	0.08787	0.01369	0.01940	0.01053	0.01345	0.00870	0.00502	0.00540	0.00162	0.00643	0.00486	0.00296	0.00870
11	0.01087	0.01065	0.01897	0.62380	0.07241	0.01252	0.12369	0.01457	0.01120	0.01462	0.00985	0.01444	0.00748	0.00540	0.00591	0.00182	0.02786	0.00508	0.00248	0.00637
12	0.00971	0.00791	0.01164	0.04395	0.13141	0.00845	0.01003	0.01242	0.03443	0.01603	0.02322	0.15118	0.02492	0.01265	0.00791	0.00227	0.07688	0.40493	0.00434	0.00574
13	0.00664	0.00474	0.00633	0.00759	0.00791	0.00443	0.00506	0.00759	0.01044	0.01392	0.03005	0.80485	0.03606	0.01708	0.00696	0.00221	0.00316	0.01550	0.00506	0.00443
14	0.00792	0.00530	0.00604	0.00604	0.00607	0.00533	0.00342	0.00799	0.00795	0.01064	0.01710	0.03522	0.01962	0.78395	0.05193	0.00540	0.00558	0.00786	0.00329	0.00335
15	0.01243	0.01317	0.02371	0.31113	0.15479	0.05535	0.31691	0.01627	0.01220	0.01598	0.01026	0.01417	0.00789	0.00501	0.00581	0.00177	0.00806	0.00542	0.00263	0.00703
16	0.00837	0.00675	0.00929	0.00915	0.01015	0.03316	0.00713	0.01027	0.00897	0.01270	0.01411	0.02067	0.01316	0.03851	0.73121	0.00827	0.04457	0.00572	0.00290	0.00496
17	0.01287	0.01471	0.03217	0.02298	0.02849	0.01379	0.75460	0.01746	0.01287	0.01746	0.01103	0.01471	0.00827	0.00460	0.00643	0.00184	0.00919	0.00643	0.00276	0.00735
18	0.84691	0.01054	0.00801	0.00717	0.01054	0.01223	0.00590	0.01603	0.00928	0.02446	0.00759	0.00886	0.00590	0.00506	0.00337	0.00169	0.00422	0.00295	0.00337	0.00590
19	0.04896	0.01157	0.01678	0.01417	0.01479	0.01549	0.06452	0.01329	0.00875	0.01390	0.00806	0.01276	0.00770	0.01152	0.07855	0.00283	0.64300	0.00490	0.00250	0.00597
20	0.00717	0.00543	0.00661	0.00658	0.00788	0.00487	0.00483	0.00913	0.01376	0.01850	0.44292	0.16359	0.26312	0.01286	0.00652	0.00183	0.00272	0.01123	0.00558	0.00487
21	0.10231	0.01480	0.01554	0.01201	0.01628	0.01644	0.00992	0.68313	0.02402	0.03338	0.01255	0.01267	0.00894	0.00640	0.00525	0.00164	0.00582	0.00472	0.00525	0.00894
22	0.02446	0.00928	0.01265	0.00970	0.01392	0.00801	0.00801	0.02657	0.01560	0.77817	0.02151	0.01856	0.01350	0.00675	0.00548	0.00169	0.00464	0.00548	0.00675	0.00928
23	0.02331	0.00904	0.01238	0.00963	0.01363	0.00793	0.00793	0.02541	0.01513	0.72531	0.02103	0.01875	0.01350	0.00911	0.05943	0.00218	0.00533	0.00551	0.00648	0.00897
24	0.00664	0.00474	0.00633	0.00759	0.00791	0.00443	0.00506	0.00759	0.01044	0.01392	0.03005	0.80485	0.03606	0.01708	0.00696	0.00221	0.00316	0.01550	0.00506	0.00443
25	0.00756	0.00557	0.00707	0.00669	0.00805	0.00508	0.00502	0.00998	0.01506	0.02098	0.68280	0.04218	0.14071	0.01148	0.00643	0.00173	0.00260	0.01006	0.00589	0.00508
26	0.00664	0.00474	0.00633	0.00759	0.00791	0.00443	0.00506	0.00759	0.01044	0.01392	0.03005	0.80485	0.03606	0.01708	0.00696	0.00221	0.00316	0.01550	0.00506	0.00443
27	0.84691	0.01054	0.00801	0.00717	0.01054	0.01223	0.00590	0.01603	0.00928	0.02446	0.00759	0.00886	0.00590	0.00506	0.00337	0.00169	0.00422	0.00295	0.00337	0.00590
28	0.84691	0.01054	0.00801	0.00717	0.01054	0.01223	0.00590	0.01603	0.00928	0.02446	0.00759	0.00886	0.00590	0.00506	0.00337	0.00169	0.00422	0.00295	0.00337	0.00590
29	0.00806	0.00542	0.00681	0.00660	0.00781	0.00507	0.00490	0.01050	0.01431	0.02093	0.57586	0.10004	0.04348	0.01078	0.00601	0.00168	0.00262	0.00947	0.15458	0.00507
30	0.01458	0.81168	0.02857	0.00933	0.01399	0.02157	0.00933	0.01632	0.01108	0.01283	0.00758	0.00875	0.00700	0.00466	0.00350	0.00117	0.00583	0.00292	0.00233	0.00700
31	0.01029	0.00724	0.00911	0.00953	0.08257	0.00685	0.00647	0.06922	0.01476	0.07350	0.32115	0.03608	0.24346	0.01024	0.00598	0.00170	0.00341	0.00876	0.07374	0.00593

[dist]
# distance from previous block
# <min> <max>
0	1

[block]
# block no. 6 follows, 44 sequences, length 76
# corresponding to MSA columns:
# 419-433,435-495
name=unknown_G
#
# <colnr> <probs for GDERKNQSTAVLIFYWHMCP>
#	G	D	E	R	K	N	Q	S	T	A	V	L	I	F	Y	W	H	M	C	P
0	0.01544	0.03635	0.06223	0.01393	0.05613	0.16181	0.04353	0.10937	0.35576	0.02072	0.01542	0.01558	0.01179	0.00661	0.00606	0.00173	0.05009	0.00516	0.00429	0.00798
1	0.84691	0.01054	0.00801	0.00717	0.01054	0.01223	0.00590	0.01603	0.00928	0.02446	0.00759	0.00886	0.00590	0.00506	0.00337	0.00169	0.00422	0.00295	0.00337	0.00590
2	0.01305	0.00964	0.01148	0.00829	0.01305	0.00737	0.00667	0.01543	0.01188	0.11868	0.01126	0.01227	0.00879	0.00440	0.00423	0.00092	0.00412	0.00353	0.00370	0.73125
3	0.03328	0.01230	0.01691	0.01402	0.01516	0.01597	0.05646	0.12768	0.01143	0.01722	0.00875	0.01255	0.00780	0.00854	0.01436	0.00217	0.57689	0.00486	0.03714	0.00652
4	0.00680	0.00494	0.00642	0.00731	0.00790	0.00456	0.00500	0.00805	0.01141	0.01528	0.15307	0.61983	0.09758	0.01585	0.00683	0.00210	0.00303	0.01426	0.00521	0.00456
5	0.00804	0.00611	0.00883	0.00870	0.00949	0.00716	0.00664	0.00969	0.00863	0.01241	0.01453	0.02276	0.01408	0.13945	0.64507	0.00795	0.05675	0.00605	0.00294	0.00472
6	0.01409	0.01375	0.02029	0.01592	0.01978	0.06066	0.28637	0.09482	0.29116	0.02060	0.01601	0.01879	0.01261	0.00668	0.00649	0.00186	0.04181	0.04639	0.00417	0.00776
7	0.00670	0.00553	0.00589	0.00580	0.00752	0.00471	0.00435	0.00833	0.01304	0.01619	0.20227	0.05006	0.62423	0.01326	0.00644	0.00182	0.00272	0.01117	0.00526	0.00471
8	0.00913	0.00675	0.00991	0.00947	0.01039	0.00810	0.00745	0.01074	0.00889	0.04388	0.01358	0.01974	0.01251	0.03399	0.60740	0.05366	0.12075	0.00562	0.00297	0.00506
9	0.01203	0.00967	0.01138	0.00816	0.01298	0.00731	0.00655	0.01444	0.01154	0.05983	0.01034	0.01171	0.00837	0.00419	0.00412	0.00086	0.00407	0.00335	0.00342	0.79568
10	0.01262	0.01178	0.01647	0.01406	0.01429	0.01622	0.01171	0.01386	0.00875	0.05544	0.00795	0.01229	0.00751	0.00939	0.01720	0.00235	0.75451	0.00481	0.00263	0.00615
11	0.84691	0.01054	0.00801	0.00717	0.01054	0.01223	0.00590	0.01603	0.00928	0.02446	0.00759	0.00886	0.00590	0.00506	0.00337	0.00169	0.00422	0.00295	0.00337	0.00590
12	0.02072	0.01527	0.01636	0.01254	0.01691	0.01691	0.01036	0.75622	0.02563	0.03436	0.01309	0.01309	0.00927	0.00654	0.00545	0.00164	0.00600	0.00491	0.00545	0.00927
13	0.01443	0.01214	0.01282	0.01127	0.01451	0.01397	0.00884	0.11745	0.67464	0.02421	0.02108	0.01946	0.01575	0.00729	0.00554	0.00182	0.00452	0.00601	0.00554	0.00871
14	0.11670	0.46624	0.02126	0.00947	0.01368	0.01697	0.00878	0.08764	0.01303	0.13508	0.01156	0.01390	0.00957	0.00585	0.00422	0.00144	0.00542	0.04828	0.00360	0.00731
15	0.01306	0.01274	0.02035	0.19474	0.52502	0.04318	0.03491	0.01702	0.05383	0.01707	0.01074	0.01398	0.00871	0.00515	0.00543	0.00167	0.00673	0.00492	0.00280	0.00796
16	0.00735	0.00575	0.00672	0.00779	0.00820	0.04026	0.00520	0.00826	0.01051	0.01369	0.02827	0.72161	0.03374	0.06477	0.00813	0.00236	0.00360	0.01449	0.00485	0.00445
17	0.01290	0.04289	0.01245	0.00854	0.01330	0.00857	0.00694	0.06630	0.01255	0.06505	0.01056	0.01177	0.00844	0.00440	0.00420	0.00093	0.00428	0.00347	0.00356	0.69888
18	0.00785	0.00560	0.00752	0.00752	0.00806	0.00614	0.00527	0.00894	0.00839	0.01174	0.01574	0.02771	0.01636	0.37951	0.45191	0.00723	0.01049	0.00676	0.00309	0.00418
19	0.01002	0.00724	0.00873	0.00817	0.00999	0.00739	0.00628	0.01568	0.20055	0.05487	0.45088	0.06710	0.03791	0.01030	0.00615	0.00179	0.00325	0.04906	0.03849	0.00615
20	0.01422	0.01156	0.01235	0.01101	0.01416	0.01322	0.00859	0.02882	0.71891	0.06883	0.02215	0.02023	0.01645	0.00736	0.00554	0.00184	0.00433	0.00612	0.00562	0.00867
21	0.00879	0.00628	0.00879	0.01004	0.01130	0.00628	0.00879	0.01130	0.01255	0.01632	0.02887	0.06150	0.03138	0.01506	0.00753	0.00251	0.00502	0.73770	0.00502	0.00502
22	0.84691	0.01054	0.00801	0.00717	0.01054	0.01223	0.00590	0.01603	0.00928	0.02446	0.00759	0.00886	0.00590	0.00506	0.00337	0.00169	0.00422	0.00295	0.00337	0.00590
23	0.02072	0.01527	0.01636	0.01254	0.01691	0.01691	0.01036	0.75622	0.02563	0.03436	0.01309	0.01309	0.00927	0.00654	0.00545	0.00164	0.00600	0.00491	0.00545	0.00927
24	0.84691	0.01054	0.00801	0.00717	0.01054	0.01223	0.00590	0.01603	0.00928	0.02446	0.00759	0.00886	0.00590	0.00506	0.00337	0.00169	0.00422	0.00295	0.00337	0.00590
25	0.02072	0.01527	0.01636	0.01254	0.01691	0.01691	0.01036	0.75622	0.02563	0.03436	0.01309	0.01309	0.00927	0.00654	0.00545	0.00164	0.00600	0.00491	0.00545	0.00927
26	0.00669	0.00478	0.00637	0.00756	0.00792	0.00446	0.00506	0.00771	0.01066	0.01427	0.06286	0.77103	0.03674	0.01682	0.00694	0.00219	0.00314	0.01525	0.00510	0.00446
27	0.02446	0.00928	0.01265	0.00970	0.01392	0.00801	0.00801	0.02657	0.01560	0.77817	0.02151	0.01856	0.01350	0.00675	0.00548	0.00169	0.00464	0.00548	0.00675	0.00928
28	0.02446	0.00928	0.01265	0.00970	0.01392	0.00801	0.00801	0.02657	0.01560	0.77817	0.02151	0.01856	0.01350	0.00675	0.00548	0.00169	0.00464	0.00548	0.00675	0.00928
29	0.00864	0.00623	0.00859	0.00976	0.01106	0.00617	0.00850	0.01108	0.01254	0.01622	0.03047	0.06095	0.07652	0.01498	0.00746	0.00247	0.00488	0.69345	0.00502	0.00499
30	0.02142	0.01416	0.01567	0.01202	0.01635	0.01526	0.00993	0.62097	0.02377	0.17224	0.01465	0.01410	0.01005	0.00658	0.00546	0.00165	0.00575	0.00501	0.00569	0.00927
31	0.00764	0.00569	0.00711	0.00674	0.00815	0.00524	0.00506	0.01029	0.03078	0.02075	0.64161	0.04216	0.16549	0.01149	0.00641	0.00174	0.00264	0.01004	0.00584	0.00513
32	0.00790	0.00531	0.00613	0.00627	0.00636	0.00529	0.00371	0.00809	0.00834	0.01109	0.01861	0.08397	0.02145	0.71629	0.02536	0.00494	0.00514	0.04876	0.00351	0.00347
33	0.01093	0.02820	0.78016	0.01554	0.02360	0.01266	0.02014	0.01727	0.01151	0.01727	0.00978	0.01151	0.00691	0.00518	0.00518	0.00173	0.00806	0.00403	0.00230	0.00806
34	0.01682	0.01298	0.01538	0.01260	0.01564	0.05298	0.05376	0.19230	0.23404	0.14143	0.01562	0.01615	0.01168	0.02091	0.00831	0.00191	0.15924	0.00541	0.00476	0.00808
35	0.48031	0.03524	0.11621	0.02823	0.01468	0.01297	0.02845	0.11107	0.04314	0.06985	0.01017	0.01110	0.00749	0.00545	0.00423	0.00169	0.00524	0.00377	0.00372	0.00701
36	0.00827	0.00548	0.00805	0.00805	0.00867	0.00610	0.00593	0.00884	0.00823	0.01158	0.01340	0.02132	0.01301	0.10208	0.50670	0.24071	0.01103	0.00572	0.00280	0.00403
37	0.01268	0.01320	0.07962	0.16714	0.49252	0.01245	0.04166	0.01617	0.01210	0.03478	0.02973	0.01449	0.00950	0.00591	0.01964	0.00182	0.02090	0.00500	0.00280	0.00789
38	0.01336	0.54326	0.23813	0.01099	0.01662	0.01820	0.01218	0.01643	0.01121	0.01437	0.00833	0.00968	0.00704	0.00477	0.00400	0.00130	0.00635	0.00325	0.00238	0.05816
39	0.19151	0.51887	0.03626	0.00987	0.01413	0.10518	0.02833	0.01692	0.01124	0.01555	0.00781	0.00910	0.00680	0.00486	0.00374	0.00133	0.00607	0.00310	0.00262	0.00672
40	0.00833	0.00595	0.00826	0.00952	0.01057	0.00588	0.00799	0.01050	0.01210	0.01580	0.02912	0.22008	0.03237	0.01549	0.00741	0.00245	0.00462	0.58363	0.00503	0.00489
41	0.01522	0.10901	0.10751	0.01183	0.01579	0.11901	0.01042	0.06341	0.40697	0.05893	0.01661	0.01602	0.01249	0.00649	0.00517	0.00167	0.00580	0.00507	0.00447	0.00812
42	0.01093	0.02820	0.78016	0.01554	0.02360	0.01266	0.02014	0.01727	0.01151	0.01727	0.00978	0.01151	0.00691	0.00518	0.00518	0.00173	0.00806	0.00403	0.00230	0.00806
43	0.01904	0.21679	0.15057	0.01119	0.01621	0.02525	0.03078	0.05889	0.01418	0.38179	0.01503	0.01433	0.01025	0.00586	0.00494	0.00156	0.00581	0.00454	0.00462	0.00839
44	0.03234	0.10625	0.61421	0.01436	0.02161	0.01374	0.01774	0.06854	0.01249	0.03598	0.01001	0.01144	0.00721	0.00526	0.00499	0.00166	0.00752	0.00398	0.00265	0.00801
45	0.08172	0.00937	0.01233	0.00952	0.01368	0.00831	0.00787	0.02583	0.01516	0.72570	0.02054	0.01788	0.01297	0.00663	0.00534	0.00169	0.00461	0.00531	0.00651	0.00904
46	0.01007	0.00876	0.01300	0.01712	0.30331	0.00855	0.00964	0.01344	0.05723	0.01917	0.31627	0.03101	0.15244	0.00895	0.00598	0.00171	0.00421	0.00799	0.00455	0.00660
47	0.03325	0.13674	0.19101	0.04629	0.22587	0.01377	0.01374	0.03065	0.11738	0.10762	0.01265	0.01378	0.00956	0.00561	0.00525	0.00164	0.01899	0.00459	0.00347	0.00814
48	0.00681	0.00491	0.00649	0.00770	0.00817	0.00459	0.00533	0.00792	0.01072	0.01416	0.03122	0.70352	0.07284	0.01674	0.00698	0.00222	0.00330	0.07682	0.00506	0.00449
49	0.00772	0.00557	0.00729	0.00686	0.00814	0.00514	0.00514	0.01029	0.01543	0.02186	0.77152	0.04072	0.05144	0.01115	0.00643	0.00171	0.00257	0.00986	0.00600	0.00514
50	0.01324	0.01391	0.04384	0.06924	0.31735	0.01319	0.39111	0.01723	0.01263	0.03795	0.01091	0.01426	0.00847	0.00482	0.00592	0.00175	0.00788	0.00566	0.00281	0.00785
51	0.01240	0.17946	0.21072	0.24813	0.09336	0.05316	0.09735	0.01628	0.01167	0.01524	0.00942	0.01229	0.00734	0.00508	0.00506	0.00163	0.00744	0.00436	0.00246	0.00713
52	0.02436	0.00944	0.01275	0.00978	0.01400	0.00825	0.00808	0.04627	0.01587	0.75809	0.02128	0.01841	0.01338	0.00674	0.00548	0.00169	0.00468	0.00547	0.00671	0.00928
53	0.00655	0.00553	0.00567	0.00564	0.00743	0.00465	0.00423	0.00803	0.01268	0.01534	0.11625	0.05147	0.71078	0.01358	0.00644	0.00183	0.00275	0.01137	0.00514	0.00465
54	0.00978	0.00723	0.00948	0.09006	0.03330	0.00755	0.00740	0.06336	0.09436	0.04770	0.02465	0.47813	0.02684	0.03421	0.00702	0.00215	0.00419	0.04205	0.00483	0.00570
55	0.04623	0.00931	0.01253	0.00963	0.01383	0.00812	0.00796	0.02629	0.01544	0.75822	0.02114	0.01830	0.01329	0.00670	0.00543	0.00169	0.00463	0.00542	0.00666	0.00919
56	0.84691	0.01054	0.00801	0.00717	0.01054	0.01223	0.00590	0.01603	0.00928	0.02446	0.00759	0.00886	0.00590	0.00506	0.00337	0.00169	0.00422	0.00295	0.00337	0.00590
57	0.00682	0.00554	0.00604	0.00591	0.00759	0.00476	0.00444	0.00855	0.01331	0.01682	0.26484	0.04903	0.56127	0.01303	0.00644	0.00180	0.00271	0.01102	0.00534	0.00476
58	0.00795	0.00530	0.00610	0.00610	0.00614	0.00534	0.00349	0.00799	0.00795	0.01064	0.01690	0.03462	0.01932	0.75643	0.06234	0.02330	0.00570	0.00776	0.00327	0.00335
59	0.02037	0.02598	0.01545	0.01404	0.01685	0.78652	0.01053	0.02177	0.01545	0.01334	0.00843	0.00983	0.00702	0.00562	0.00492	0.00140	0.00983	0.00351	0.00281	0.00632
60	0.01458	0.81168	0.02857	0.00933	0.01399	0.02157	0.00933	0.01632	0.01108	0.01283	0.00758	0.00875	0.00700	0.00466	0.00350	0.00117	0.00583	0.00292	0.00233	0.00700
61	0.00664	0.00474	0.00633	0.00759	0.00791	0.00443	0.00506	0.00759	0.01044	0.01392	0.03005	0.80485	0.03606	0.01708	0.00696	0.00221	0.00316	0.01550	0.00506	0.00443
62	0.84691	0.01054	0.00801	0.00717	0.01054	0.01223	0.00590	0.01603	0.00928	0.02446	0.00759	0.00886	0.00590	0.00506	0.00337	0.00169	0.00422	0.00295	0.00337	0.00590
63	0.02072	0.01527	0.01636	0.01254	0.01691	0.01691	0.01036	0.75622	0.02563	0.03436	0.01309	0.01309	0.00927	0.00654	0.00545	0.00164	0.00600	0.00491	0.00545	0.00927
64	0.84691	0.01054	0.00801	0.00717	0.01054	0.01223	0.00590	0.01603	0.00928	0.02446	0.00759	0.00886	0.00590	0.00506	0.00337	0.00169	0.00422	0.00295	0.00337	0.00590
65	0.02072	0.01527	0.01636	0.01254	0.01691	0.01691	0.01036	0.75622	0.02563	0.03436	0.01309	0.01309	0.00927	0.00654	0.00545	0.00164	0.00600	0.00491	0.00545	0.00927
66	0.02038	0.02556	0.01549	0.01399	0.01686	0.75633	0.01053	0.05058	0.01585	0.01417	0.00861	0.00996	0.00711	0.00565	0.00494	0.00141	0.00968	0.00357	0.00291	0.00644
67	0.00819	0.00545	0.00661	0.00632	0.00765	0.00508	0.00474	0.01066	0.01422	0.02089	0.53035	0.03685	0.10389	0.01023	0.00581	0.00162	0.00258	0.00886	0.20493	0.00508
68	0.01458	0.81168	0.02857	0.00933	0.01399	0.02157	0.00933	0.01632	0.01108	0.01283	0.00758	0.00875	0.00700	0.00466	0.00350	0.00117	0.00583	0.00292	0.00233	0.00700
69	0.00757	0.00589	0.00699	0.00687	0.00834	0.00553	0.00511	0.01042	0.06603	0.01820	0.35798	0.13681	0.28691	0.01367	0.03705	0.00210	0.00330	0.01069	0.00542	0.00511
70	0.01208	0.00859	0.00923	0.00863	0.01084	0.00944	0.00662	0.02096	0.39253	0.05062	0.02154	0.09674	0.01774	0.00809	0.00512	0.00169	0.00362	0.01961	0.28931	0.00698
71	0.00904	0.00742	0.00820	0.00768	0.00970	0.00752	0.00585	0.01510	0.24251	0.01962	0.28946	0.03868	0.29628	0.01095	0.00617	0.00180	0.00317	0.00932	0.00553	0.00601
72	0.00644	0.00552	0.00552	0.00552	0.00736	0.00460	0.00414	0.00782	0.01243	0.01473	0.05523	0.05247	0.77218	0.01381	0.00644	0.00184	0.00276	0.01151	0.00506	0.00460
73	0.01179	0.01118	0.01879	0.43819	0.36182	0.01252	0.01567	0.01557	0.03193	0.01588	0.01028	0.01423	0.00812	0.00524	0.00543	0.00173	0.00684	0.00489	0.00263	0.00726
74	0.01301	0.01244	0.01795	0.15566	0.27287	0.07848	0.08473	0.01755	0.10219	0.03529	0.01409	0.03951	0.01223	0.00664	0.00568	0.00175	0.00653	0.07762	0.00342	0.04236
75	0.17911	0.33931	0.01722	0.00867	0.01212	0.04972	0.00765	0.03983	0.02506	0.06054	0.19273	0.01739	0.01807	0.00657	0.00445	0.00147	0.00482	0.00488	0.00384	0.00653

[dist]
# distance from previous block
# <min> <max>
4	58

[block]
# block no. 7 follows, 44 sequences, length 24
# corresponding to MSA columns:
# 556-579
name=unknown_H
#
# <colnr> <probs for GDERKNQSTAVLIFYWHMCP>
#	G	D	E	R	K	N	Q	S	T	A	V	L	I	F	Y	W	H	M	C	P
0	0.02738	0.11341	0.17930	0.18078	0.07836	0.03465	0.04904	0.01485	0.03429	0.01581	0.06501	0.07675	0.03291	0.04643	0.00677	0.00190	0.02675	0.00595	0.00310	0.00658
1	0.00935	0.00832	0.01303	0.54653	0.02780	0.00986	0.01154	0.01202	0.01055	0.01343	0.01687	0.03772	0.10198	0.14804	0.00952	0.00244	0.00630	0.00639	0.00294	0.00537
2	0.35912	0.01885	0.01219	0.01093	0.01407	0.43047	0.00843	0.01902	0.01271	0.01812	0.00815	0.00950	0.00662	0.00531	0.00424	0.00149	0.00724	0.00327	0.00306	0.04720
3	0.01258	0.03611	0.03340	0.00838	0.01058	0.00830	0.00679	0.11424	0.01307	0.12146	0.04326	0.06020	0.03630	0.08195	0.20208	0.00367	0.00685	0.00628	0.18836	0.00613
4	0.00795	0.01158	0.21721	0.00888	0.01204	0.00687	0.00886	0.01083	0.01240	0.01664	0.17571	0.17294	0.29432	0.01153	0.00619	0.00185	0.00424	0.00986	0.00449	0.00562
5	0.01292	0.01197	0.01842	0.02401	0.44693	0.01240	0.05068	0.01960	0.22520	0.01960	0.08811	0.01815	0.01506	0.00618	0.00559	0.00170	0.00562	0.00580	0.00383	0.00823
6	0.01127	0.01133	0.07923	0.00873	0.01386	0.00774	0.00767	0.01404	0.01132	0.01772	0.00970	0.01132	0.00797	0.00414	0.00414	0.00089	0.00439	0.00330	0.00315	0.76808
7	0.02040	0.02494	0.01554	0.01390	0.01686	0.71126	0.01052	0.09359	0.01645	0.01540	0.00888	0.01015	0.00724	0.00571	0.00497	0.00143	0.00946	0.00365	0.00307	0.00661
8	0.01313	0.21550	0.37248	0.01491	0.09301	0.07588	0.01492	0.03811	0.01219	0.01646	0.00927	0.01092	0.00728	0.00500	0.00468	0.00147	0.00709	0.00375	0.00256	0.08140
9	0.01066	0.00756	0.00976	0.00862	0.01075	0.00746	0.03792	0.01578	0.16858	0.09515	0.44615	0.05372	0.08565	0.01000	0.00617	0.00177	0.00344	0.00878	0.00576	0.00630
10	0.20890	0.01467	0.11310	0.04069	0.06499	0.01362	0.03337	0.28530	0.04299	0.11301	0.01232	0.01292	0.00879	0.00588	0.00497	0.00168	0.00581	0.00450	0.00436	0.00811
11	0.01123	0.11308	0.21421	0.01037	0.01565	0.01032	0.02498	0.01460	0.01161	0.01717	0.06249	0.04055	0.01158	0.00536	0.00458	0.00122	0.00528	0.00434	0.00312	0.41824
12	0.00687	0.00486	0.00631	0.00732	0.00763	0.00458	0.00481	0.00775	0.01027	0.01374	0.05775	0.66133	0.03429	0.13311	0.00999	0.00265	0.00345	0.01416	0.00484	0.00429
13	0.01030	0.00969	0.01635	0.79530	0.03755	0.01211	0.01514	0.01393	0.01090	0.01393	0.00969	0.01453	0.00727	0.00545	0.00545	0.00182	0.00727	0.00484	0.00242	0.00606
14	0.01981	0.13998	0.04425	0.01249	0.05303	0.11931	0.01013	0.23559	0.04780	0.24302	0.01416	0.01382	0.01002	0.00609	0.00507	0.00156	0.00613	0.00459	0.00474	0.00841
15	0.09766	0.01149	0.01767	0.03591	0.05524	0.01150	0.20152	0.11016	0.07098	0.20656	0.01654	0.04702	0.01311	0.00703	0.00575	0.00182	0.00606	0.07164	0.00461	0.00773
16	0.00708	0.00557	0.00665	0.00655	0.00802	0.00514	0.00493	0.00892	0.01272	0.01665	0.27733	0.06606	0.39317	0.01755	0.13603	0.00296	0.00468	0.01016	0.00501	0.00481
17	0.01802	0.02809	0.05403	0.05448	0.11296	0.31324	0.04468	0.05221	0.05166	0.15970	0.03925	0.01423	0.01065	0.00602	0.00545	0.00159	0.01772	0.00470	0.00384	0.00749
18	0.01060	0.01178	0.09131	0.63577	0.06598	0.01250	0.01549	0.01432	0.01086	0.01437	0.00956	0.01402	0.00728	0.00567	0.00623	0.00184	0.05888	0.00476	0.00242	0.00636
19	0.01598	0.11055	0.01538	0.01056	0.01456	0.12822	0.00865	0.27393	0.01730	0.02270	0.08493	0.01428	0.01245	0.00592	0.00483	0.00132	0.00566	0.00447	0.00411	0.24423
20	0.04109	0.06562	0.01241	0.01014	0.05840	0.00924	0.00768	0.09461	0.01503	0.26142	0.14056	0.02651	0.13876	0.00832	0.00554	0.00164	0.00432	0.03132	0.00528	0.06211
21	0.09457	0.00891	0.01195	0.09750	0.12072	0.00915	0.00883	0.03485	0.07570	0.15413	0.25468	0.05155	0.03880	0.00811	0.00563	0.00173	0.00441	0.00697	0.00492	0.00689
22	0.01020	0.00858	0.01012	0.01128	0.08506	0.03178	0.00750	0.01591	0.24521	0.01684	0.02448	0.26264	0.06025	0.11575	0.00905	0.00243	0.00445	0.06768	0.00468	0.00611
23	0.05018	0.06830	0.01582	0.03242	0.05286	0.09000	0.03958	0.11384	0.23701	0.04285	0.04165	0.01652	0.03157	0.00717	0.00732	0.00179	0.13415	0.00532	0.00415	0.00750

[dist]
# distance from previous block
# <min> <max>
0	2

[block]
# block no. 8 follows, 44 sequences, length 11
# corresponding to MSA columns:
# 582-587,615-619
name=unknown_I
#
# <colnr> <probs for GDERKNQSTAVLIFYWHMCP>
#	G	D	E	R	K	N	Q	S	T	A	V	L	I	F	Y	W	H	M	C	P
0	0.04269	0.01024	0.01366	0.05708	0.09795	0.00869	0.03909	0.01565	0.01184	0.09732	0.01097	0.01254	0.00859	0.00455	0.00449	0.00112	0.00477	0.00386	0.00348	0.55143
1	0.01279	0.01151	0.03993	0.31421	0.12546	0.04991	0.02547	0.05539	0.01289	0.07246	0.06309	0.03485	0.01185	0.00595	0.00530	0.00159	0.00615	0.00517	0.00340	0.14265
2	0.76463	0.01060	0.00895	0.00862	0.04924	0.01206	0.00655	0.01658	0.00975	0.06101	0.00841	0.00956	0.00641	0.00513	0.00358	0.00168	0.00435	0.00317	0.00350	0.00621
3	0.01956	0.00947	0.01192	0.00972	0.01329	0.00913	0.00783	0.02523	0.21316	0.48748	0.11234	0.02171	0.01891	0.00745	0.00561	0.00173	0.00430	0.00619	0.00634	0.00861
4	0.01356	0.01171	0.01233	0.01109	0.01418	0.01356	0.00863	0.02897	0.76455	0.02281	0.02219	0.02034	0.01664	0.00740	0.00555	0.00185	0.00431	0.00616	0.00555	0.00863
5	0.01514	0.01109	0.06624	0.16826	0.05879	0.00996	0.02393	0.01792	0.01235	0.24605	0.01365	0.02882	0.01006	0.00603	0.00620	0.00157	0.07423	0.00483	0.02324	0.20164
6	0.00835	0.00641	0.00775	0.00726	0.00887	0.00623	0.00549	0.01253	0.11781	0.02105	0.57464	0.03947	0.14133	0.01098	0.00631	0.00175	0.00284	0.00957	0.00582	0.00555
7	0.00698	0.00496	0.00626	0.00708	0.00777	0.00458	0.00487	0.00829	0.01136	0.01542	0.12289	0.56699	0.12654	0.01524	0.00662	0.00204	0.00300	0.01362	0.06089	0.00458
8	0.10318	0.04417	0.01602	0.09276	0.10609	0.06372	0.01084	0.27487	0.01690	0.14421	0.01226	0.01326	0.00894	0.00620	0.00601	0.00169	0.06194	0.00461	0.00431	0.00802
9	0.01536	0.06497	0.07057	0.01275	0.01677	0.01445	0.09955	0.27340	0.25284	0.02422	0.01549	0.01684	0.01196	0.05995	0.00691	0.00194	0.00587	0.00550	0.02254	0.00812
