[name]
unknown

[dist]
# distance from previous block
# <min> <max>
0	366

[block]
# block no. 0 follows, 43 sequences, length 116
# corresponding to MSA columns:
# 373-488
name=unknown_A
#
# <colnr> <probs for GDERKNQSTAVLIFYWHMCP>
#	G	D	E	R	K	N	Q	S	T	A	V	L	I	F	Y	W	H	M	C	P
0	0.00913	0.00687	0.01035	0.01096	0.01248	0.00680	0.05553	0.01177	0.01271	0.01658	0.02822	0.07966	0.03053	0.01469	0.00756	0.00250	0.00532	0.66817	0.00496	0.00523
1	0.09898	0.00967	0.01136	0.00862	0.01297	0.00821	0.00696	0.01820	0.03742	0.23268	0.05171	0.01512	0.01205	0.00546	0.00462	0.00124	0.00423	0.00434	0.00452	0.45166
2	0.01046	0.00984	0.01661	0.79205	0.03814	0.01230	0.01538	0.01415	0.01107	0.01415	0.00984	0.01477	0.00738	0.00554	0.00554	0.00185	0.00738	0.00492	0.00246	0.00615
3	0.84448	0.01071	0.00814	0.00728	0.01071	0.01242	0.00600	0.01628	0.00943	0.02485	0.00771	0.00900	0.00600	0.00514	0.00343	0.00171	0.00428	0.00300	0.00343	0.00600
4	0.01148	0.00984	0.01148	0.00820	0.01312	0.00738	0.00656	0.01395	0.01148	0.01805	0.00984	0.01148	0.00820	0.00410	0.00410	0.00082	0.00410	0.00328	0.00328	0.83922
5	0.01232	0.01170	0.01969	0.33467	0.44797	0.01258	0.01592	0.01574	0.01195	0.01652	0.01017	0.01404	0.00820	0.00514	0.00545	0.00169	0.00680	0.00486	0.00265	0.04195
6	0.01331	0.01279	0.02128	0.04471	0.63391	0.01351	0.01610	0.01630	0.01201	0.01732	0.01042	0.01466	0.00909	0.00585	0.00730	0.00178	0.11646	0.02219	0.00275	0.00826
7	0.01212	0.01212	0.01696	0.01454	0.01454	0.01696	0.01212	0.01333	0.00848	0.01333	0.00727	0.01212	0.00727	0.00969	0.01818	0.00242	0.79523	0.00485	0.00242	0.00606
8	0.00698	0.00499	0.00669	0.00798	0.00840	0.00470	0.00555	0.00811	0.01083	0.01440	0.03040	0.72253	0.03612	0.01713	0.00713	0.00228	0.00342	0.09266	0.00514	0.00456
9	0.01371	0.01316	0.02248	0.03399	0.77081	0.01316	0.01700	0.01700	0.01261	0.01809	0.01042	0.01371	0.00877	0.00493	0.00548	0.00164	0.00658	0.00493	0.00274	0.00877
10	0.01046	0.00984	0.01661	0.79205	0.03814	0.01230	0.01538	0.01415	0.01107	0.01415	0.00984	0.01477	0.00738	0.00554	0.00554	0.00185	0.00738	0.00492	0.00246	0.00615
11	0.00742	0.00537	0.00714	0.00820	0.00897	0.00509	0.00614	0.00898	0.01172	0.01547	0.08565	0.48581	0.08895	0.01610	0.00715	0.00227	0.00367	0.21596	0.00520	0.00473
12	0.01997	0.02109	0.01615	0.01375	0.01689	0.43368	0.01078	0.28213	0.01868	0.02116	0.01013	0.01138	0.00796	0.00644	0.00649	0.00161	0.08628	0.00420	0.00377	0.00746
13	0.02485	0.00943	0.01285	0.00985	0.01414	0.00814	0.00814	0.02699	0.01585	0.77465	0.02185	0.01885	0.01371	0.00685	0.00557	0.00171	0.00471	0.00557	0.00685	0.00943
14	0.01148	0.00984	0.01148	0.00820	0.01312	0.00738	0.00656	0.01395	0.01148	0.01805	0.00984	0.01148	0.00820	0.00410	0.00410	0.00082	0.00410	0.00328	0.00328	0.83922
15	0.01344	0.01318	0.01998	0.20905	0.45814	0.06191	0.01558	0.03755	0.01244	0.01692	0.00995	0.01356	0.00822	0.00562	0.00665	0.00175	0.08070	0.00484	0.00273	0.00777
16	0.01253	0.01275	0.01714	0.01532	0.04548	0.04838	0.01226	0.01384	0.00895	0.01353	0.00745	0.01209	0.00733	0.00934	0.01711	0.00235	0.73072	0.00480	0.00245	0.00618
17	0.00962	0.00481	0.00722	0.00722	0.00722	0.00481	0.00481	0.00722	0.00722	0.00962	0.00962	0.01684	0.00962	0.01924	0.02165	0.83886	0.00481	0.00481	0.00241	0.00241
18	0.01134	0.01060	0.01025	0.01095	0.01251	0.17342	0.00911	0.01357	0.01327	0.01580	0.02492	0.08939	0.02680	0.01334	0.00705	0.00229	0.00605	0.53936	0.00462	0.00535
19	0.00723	0.00530	0.00687	0.00798	0.00855	0.00509	0.00553	0.00905	0.04868	0.01477	0.03084	0.69267	0.05792	0.01662	0.00702	0.00224	0.00338	0.06034	0.00516	0.00476
20	0.69336	0.06164	0.01029	0.00801	0.01158	0.03848	0.00667	0.05117	0.01078	0.05477	0.00858	0.00962	0.00658	0.00527	0.00367	0.00167	0.00468	0.00321	0.00358	0.00638
21	0.01371	0.01316	0.02248	0.03399	0.77081	0.01316	0.01700	0.01700	0.01261	0.01809	0.01042	0.01371	0.00877	0.00493	0.00548	0.00164	0.00658	0.00493	0.00274	0.00877
22	0.00785	0.00561	0.00769	0.00897	0.00978	0.00545	0.00706	0.00962	0.01169	0.01537	0.02992	0.42676	0.03422	0.01631	0.00736	0.00240	0.00417	0.37984	0.00512	0.00480
23	0.25644	0.41362	0.12396	0.00982	0.01454	0.01734	0.00991	0.01752	0.06300	0.01780	0.00904	0.01012	0.00745	0.00512	0.00390	0.00147	0.00565	0.00336	0.00290	0.00705
24	0.84448	0.01071	0.00814	0.00728	0.01071	0.01242	0.00600	0.01628	0.00943	0.02485	0.00771	0.00900	0.00600	0.00514	0.00343	0.00171	0.00428	0.00300	0.00343	0.00600
25	0.00839	0.00592	0.00680	0.00641	0.00827	0.00513	0.00487	0.01028	0.01395	0.07520	0.30631	0.04645	0.45686	0.01252	0.00647	0.00181	0.00288	0.01063	0.00561	0.00523
26	0.00913	0.00501	0.00700	0.00700	0.00705	0.00506	0.00455	0.00756	0.00751	0.01007	0.01188	0.02204	0.01252	0.22109	0.06177	0.58414	0.00546	0.00570	0.00268	0.00278
27	0.02485	0.00943	0.01285	0.00985	0.01414	0.00814	0.00814	0.02699	0.01585	0.77465	0.02185	0.01885	0.01371	0.00685	0.00557	0.00171	0.00471	0.00557	0.00685	0.00943
28	0.01148	0.00984	0.01148	0.00820	0.01312	0.00738	0.00656	0.01395	0.01148	0.01805	0.00984	0.01148	0.00820	0.00410	0.00410	0.00082	0.00410	0.00328	0.00328	0.83922
29	0.01142	0.01082	0.01834	0.56830	0.25440	0.01256	0.01586	0.01499	0.01153	0.01531	0.01001	0.01445	0.00779	0.00536	0.00552	0.00179	0.00715	0.00493	0.00254	0.00693
30	0.01190	0.00999	0.01160	0.00843	0.01314	0.00789	0.00674	0.06026	0.01261	0.01932	0.04833	0.01311	0.01050	0.00463	0.00431	0.00092	0.00415	0.00373	0.00357	0.74487
31	0.02105	0.01551	0.01662	0.01274	0.01717	0.01717	0.01053	0.75235	0.02604	0.03490	0.01330	0.01330	0.00942	0.00665	0.00554	0.00166	0.00609	0.00499	0.00554	0.00942
32	0.01901	0.01186	0.01364	0.01060	0.01481	0.01186	0.00863	0.28348	0.11541	0.24243	0.01645	0.01575	0.01155	0.00632	0.00523	0.00153	0.00498	0.00500	0.03288	0.16859
33	0.84448	0.01071	0.00814	0.00728	0.01071	0.01242	0.00600	0.01628	0.00943	0.02485	0.00771	0.00900	0.00600	0.00514	0.00343	0.00171	0.00428	0.00300	0.00343	0.00600
34	0.01148	0.00984	0.01148	0.00820	0.01312	0.00738	0.00656	0.01395	0.01148	0.01805	0.00984	0.01148	0.00820	0.00410	0.00410	0.00082	0.00410	0.00328	0.00328	0.83922
35	0.01212	0.01212	0.01696	0.01454	0.01454	0.01696	0.01212	0.01333	0.00848	0.01333	0.00727	0.01212	0.00727	0.00969	0.01818	0.00242	0.79523	0.00485	0.00242	0.00606
36	0.01405	0.01249	0.02104	0.03112	0.68374	0.01240	0.01583	0.01715	0.01271	0.06553	0.01218	0.05477	0.01052	0.00570	0.00557	0.00168	0.00629	0.00553	0.00312	0.00859
37	0.00919	0.00840	0.03257	0.01030	0.01182	0.04686	0.08214	0.04794	0.02663	0.01590	0.02575	0.57123	0.02942	0.01429	0.00678	0.00213	0.00458	0.04398	0.00473	0.00536
38	0.01062	0.01016	0.01762	0.74365	0.03757	0.01241	0.06168	0.01438	0.01120	0.01438	0.00993	0.01478	0.00745	0.00548	0.00560	0.00185	0.00751	0.00502	0.00248	0.00624
39	0.01142	0.07720	0.69894	0.01570	0.02356	0.01348	0.04986	0.01749	0.01172	0.01726	0.00985	0.01165	0.00708	0.00520	0.00521	0.00172	0.00809	0.00412	0.00236	0.00809
40	0.01150	0.00630	0.00642	0.00599	0.00763	0.00648	0.00460	0.09387	0.01319	0.02221	0.01754	0.01984	0.01367	0.00647	0.00405	0.00133	0.00297	0.00514	0.74517	0.00563
41	0.00677	0.00491	0.00640	0.00758	0.00805	0.00455	0.00513	0.00780	0.01081	0.01425	0.03260	0.72715	0.09655	0.01704	0.00704	0.00222	0.00321	0.02827	0.00514	0.00452
42	0.01148	0.00984	0.01148	0.00820	0.01312	0.00738	0.00656	0.01395	0.01148	0.01805	0.00984	0.01148	0.00820	0.00410	0.00410	0.00082	0.00410	0.00328	0.00328	0.83922
43	0.00703	0.00514	0.00663	0.00746	0.00819	0.00474	0.00524	0.00841	0.01185	0.01579	0.16409	0.54260	0.12433	0.01579	0.00694	0.00213	0.00315	0.05050	0.00531	0.00468
44	0.00964	0.00632	0.00711	0.00665	0.00857	0.00579	0.00507	0.03190	0.03680	0.08456	0.19949	0.06521	0.36163	0.01135	0.00601	0.00175	0.00305	0.00956	0.13403	0.00554
45	0.00666	0.00539	0.00591	0.00626	0.00767	0.00465	0.00451	0.00798	0.01218	0.01502	0.07788	0.26493	0.53192	0.01486	0.00669	0.00197	0.00291	0.01277	0.00518	0.00465
46	0.00711	0.00572	0.00586	0.00577	0.00769	0.00479	0.00435	0.00856	0.01279	0.03709	0.07249	0.05201	0.72928	0.01375	0.00652	0.00186	0.00286	0.01147	0.00522	0.00483
47	0.00677	0.00498	0.00636	0.00736	0.00796	0.00456	0.00501	0.00788	0.01116	0.01467	0.07153	0.65286	0.14548	0.01656	0.00696	0.00217	0.00312	0.01486	0.00519	0.00456
48	0.01046	0.00984	0.01661	0.79205	0.03814	0.01230	0.01538	0.01415	0.01107	0.01415	0.00984	0.01477	0.00738	0.00554	0.00554	0.00185	0.00738	0.00492	0.00246	0.00615
49	0.01851	0.10179	0.10801	0.01455	0.01839	0.56984	0.05833	0.02076	0.01463	0.01424	0.00881	0.01039	0.00720	0.00550	0.00498	0.00147	0.00934	0.00376	0.00274	0.00676
50	0.01059	0.00998	0.01685	0.76114	0.06802	0.01234	0.01545	0.01427	0.01114	0.01431	0.00987	0.01472	0.00744	0.00551	0.00553	0.00184	0.00735	0.00492	0.00247	0.00626
51	0.00686	0.00490	0.00655	0.00784	0.00821	0.00459	0.00533	0.00790	0.01071	0.01426	0.03046	0.76443	0.03639	0.01725	0.00710	0.00226	0.00331	0.05198	0.00514	0.00453
52	0.01371	0.01316	0.02248	0.03399	0.77081	0.01316	0.01700	0.01700	0.01261	0.01809	0.01042	0.01371	0.00877	0.00493	0.00548	0.00164	0.00658	0.00493	0.00274	0.00877
53	0.00791	0.00593	0.00890	0.00890	0.00989	0.00692	0.00692	0.00989	0.00890	0.01286	0.01483	0.02176	0.01385	0.04154	0.78341	0.00890	0.01483	0.00593	0.00297	0.00494
54	0.02485	0.00943	0.01285	0.00985	0.01414	0.00814	0.00814	0.02699	0.01585	0.77465	0.02185	0.01885	0.01371	0.00685	0.00557	0.00171	0.00471	0.00557	0.00685	0.00943
55	0.00673	0.00490	0.00635	0.00751	0.00798	0.00452	0.00505	0.00773	0.01080	0.01422	0.03303	0.72844	0.10832	0.01703	0.00702	0.00221	0.00317	0.01535	0.00514	0.00452
56	0.01397	0.01199	0.01263	0.01131	0.01448	0.01387	0.00881	0.04858	0.74135	0.02348	0.02230	0.02047	0.01671	0.00749	0.00563	0.00187	0.00443	0.00623	0.00563	0.00878
57	0.16114	0.01537	0.01663	0.05979	0.32091	0.20952	0.01240	0.01838	0.01298	0.06547	0.01114	0.01483	0.00930	0.00586	0.00512	0.00166	0.00690	0.04195	0.00326	0.00740
58	0.01444	0.01337	0.02399	0.02522	0.34426	0.01330	0.26654	0.05629	0.05132	0.06943	0.01260	0.01603	0.00998	0.00562	0.00634	0.00179	0.03322	0.02468	0.00338	0.00822
59	0.01111	0.02865	0.77667	0.01579	0.02397	0.01286	0.02046	0.01754	0.01169	0.01754	0.00994	0.01169	0.00702	0.00526	0.00526	0.00175	0.00818	0.00409	0.00234	0.00818
60	0.01462	0.00711	0.00904	0.00773	0.01010	0.00652	0.00604	0.03387	0.01488	0.28652	0.31187	0.02857	0.02901	0.04107	0.00654	0.00179	0.00354	0.00731	0.16716	0.00671
61	0.01302	0.01207	0.01524	0.01502	0.09772	0.08689	0.10413	0.02034	0.28019	0.03544	0.02044	0.09678	0.01862	0.00909	0.00619	0.00197	0.00585	0.14916	0.00456	0.00728
62	0.01349	0.01070	0.01886	0.01516	0.01872	0.01030	0.28688	0.06295	0.03239	0.12224	0.02097	0.03434	0.03626	0.00939	0.00674	0.00209	0.00663	0.28044	0.00452	0.00693
63	0.00655	0.00561	0.00561	0.00561	0.00748	0.00468	0.00421	0.00795	0.01262	0.01496	0.05610	0.05330	0.76857	0.01403	0.00655	0.00187	0.00281	0.01169	0.00514	0.00468
64	0.01132	0.00545	0.00569	0.00548	0.00698	0.00537	0.00416	0.01387	0.01191	0.07239	0.01833	0.02052	0.01416	0.00648	0.00399	0.00132	0.00273	0.00519	0.77920	0.00545
65	0.00882	0.00630	0.00880	0.01008	0.01131	0.00628	0.00874	0.01129	0.01265	0.01646	0.02938	0.09803	0.03210	0.01540	0.00762	0.00254	0.00501	0.69901	0.00510	0.00507
66	0.01377	0.01980	0.25191	0.06764	0.02584	0.08172	0.34743	0.08980	0.01403	0.01877	0.01071	0.01336	0.00791	0.00519	0.00586	0.00177	0.00861	0.00529	0.00291	0.00770
67	0.01242	0.01185	0.02016	0.33425	0.48062	0.01282	0.01636	0.01587	0.01200	0.01653	0.01019	0.01413	0.00822	0.00517	0.00550	0.00172	0.00690	0.00493	0.00263	0.00773
68	0.01062	0.00794	0.01011	0.00947	0.01064	0.00889	0.02455	0.11243	0.01261	0.01833	0.02076	0.36222	0.02202	0.01183	0.00819	0.00199	0.14850	0.00978	0.18345	0.00567
69	0.00756	0.00565	0.00702	0.00668	0.00810	0.00511	0.00501	0.00992	0.01503	0.02066	0.61611	0.04391	0.20501	0.01190	0.00653	0.00177	0.00265	0.01037	0.00589	0.00511
70	0.01353	0.01303	0.02253	0.03277	0.71346	0.01299	0.05029	0.01686	0.01264	0.01803	0.01104	0.01527	0.00947	0.00524	0.00560	0.00168	0.00666	0.02749	0.00282	0.00860
71	0.00775	0.00566	0.00728	0.00688	0.00822	0.00519	0.00516	0.01029	0.01547	0.02173	0.72062	0.04216	0.09983	0.01150	0.00653	0.00175	0.00263	0.01013	0.00603	0.00519
72	0.01481	0.80869	0.02902	0.00948	0.01421	0.02191	0.00948	0.01658	0.01125	0.01303	0.00770	0.00888	0.00711	0.00474	0.00355	0.00118	0.00592	0.00296	0.00237	0.00711
73	0.80802	0.01140	0.00847	0.00759	0.01099	0.04654	0.00621	0.01654	0.00970	0.02435	0.00775	0.00904	0.00605	0.00517	0.00350	0.00170	0.00454	0.00302	0.00340	0.00602
74	0.01354	0.01299	0.02218	0.07226	0.73383	0.01312	0.01692	0.01685	0.01253	0.01789	0.01039	0.01376	0.00870	0.00497	0.00549	0.00166	0.00662	0.00493	0.00273	0.00864
75	0.00814	0.00617	0.00756	0.00712	0.00866	0.00585	0.00537	0.01165	0.07724	0.02119	0.59817	0.04145	0.15767	0.01141	0.00646	0.00177	0.00279	0.00996	0.00591	0.00544
76	0.01046	0.00984	0.01661	0.79205	0.03814	0.01230	0.01538	0.01415	0.01107	0.01415	0.00984	0.01477	0.00738	0.00554	0.00554	0.00185	0.00738	0.00492	0.00246	0.00615
77	0.01213	0.00991	0.01096	0.00983	0.01239	0.01094	0.00762	0.07001	0.44647	0.02359	0.28822	0.02758	0.02905	0.00882	0.00595	0.00182	0.00386	0.00752	0.00579	0.00754
78	0.01481	0.80869	0.02902	0.00948	0.01421	0.02191	0.00948	0.01658	0.01125	0.01303	0.00770	0.00888	0.00711	0.00474	0.00355	0.00118	0.00592	0.00296	0.00237	0.00711
79	0.01115	0.00992	0.01341	0.04256	0.01475	0.00948	0.06219	0.03752	0.01171	0.01733	0.05237	0.05292	0.05032	0.00834	0.04218	0.00175	0.12808	0.00536	0.00347	0.42520
80	0.01795	0.16987	0.01764	0.06179	0.01734	0.49101	0.01038	0.02110	0.09249	0.01469	0.01019	0.01148	0.00835	0.00572	0.00480	0.00145	0.00828	0.00386	0.02486	0.00675
81	0.00800	0.00558	0.00713	0.00713	0.00750	0.00596	0.00471	0.00875	0.00838	0.01154	0.01646	0.03073	0.01774	0.51489	0.31540	0.00671	0.00897	0.00725	0.00321	0.00396
82	0.01148	0.00984	0.01148	0.00820	0.01312	0.00738	0.00656	0.01395	0.01148	0.01805	0.00984	0.01148	0.00820	0.00410	0.00410	0.00082	0.00410	0.00328	0.00328	0.83922
83	0.02338	0.00975	0.01281	0.01004	0.01417	0.00889	0.00822	0.02732	0.11498	0.67466	0.02194	0.01909	0.01413	0.00694	0.00558	0.00174	0.00467	0.00566	0.00669	0.00934
84	0.84448	0.01071	0.00814	0.00728	0.01071	0.01242	0.00600	0.01628	0.00943	0.02485	0.00771	0.00900	0.00600	0.00514	0.00343	0.00171	0.00428	0.00300	0.00343	0.00600
85	0.00791	0.00534	0.00605	0.00613	0.00623	0.00529	0.00350	0.00803	0.00840	0.01113	0.01987	0.08515	0.05201	0.72314	0.02597	0.00503	0.00513	0.00869	0.00354	0.00348
86	0.00892	0.00637	0.00892	0.01020	0.01147	0.00637	0.00892	0.01147	0.01275	0.01657	0.02932	0.06247	0.03187	0.01530	0.00765	0.00255	0.00510	0.73354	0.00510	0.00510
87	0.01481	0.80869	0.02902	0.00948	0.01421	0.02191	0.00948	0.01658	0.01125	0.01303	0.00770	0.00888	0.00711	0.00474	0.00355	0.00118	0.00592	0.00296	0.00237	0.00711
88	0.00781	0.00566	0.00736	0.00693	0.00825	0.00521	0.00520	0.01039	0.01560	0.02202	0.74958	0.04168	0.07068	0.01139	0.00653	0.00175	0.00262	0.01006	0.00607	0.00521
89	0.00753	0.00565	0.00698	0.00664	0.00808	0.00509	0.00498	0.00985	0.01495	0.02048	0.59808	0.04422	0.22315	0.01197	0.00654	0.00177	0.00266	0.01041	0.00587	0.00509
90	0.01302	0.03906	0.49750	0.01540	0.02216	0.01384	0.08532	0.11746	0.10526	0.02048	0.01200	0.01325	0.00868	0.00566	0.00543	0.00176	0.00750	0.00468	0.00321	0.00833
91	0.00709	0.00541	0.00660	0.00741	0.00849	0.00492	0.00552	0.00852	0.01177	0.01491	0.03982	0.38126	0.30831	0.01572	0.00699	0.00217	0.00342	0.15186	0.00513	0.00468
92	0.01185	0.06135	0.33427	0.01323	0.01943	0.01165	0.08850	0.01724	0.07275	0.01795	0.01094	0.01253	0.00838	0.00496	0.00493	0.00142	0.00646	0.00418	0.00298	0.29501
93	0.01503	0.01323	0.02131	0.03098	0.67185	0.03805	0.01592	0.01814	0.01303	0.09205	0.01148	0.01409	0.00920	0.00515	0.00548	0.00164	0.00651	0.00495	0.00315	0.00876
94	0.01942	0.01438	0.01541	0.01216	0.01624	0.01596	0.00993	0.57894	0.16190	0.04724	0.01535	0.01502	0.01105	0.00681	0.00550	0.00169	0.00563	0.00524	0.03297	0.00916
95	0.61511	0.01359	0.01072	0.01038	0.05995	0.13283	0.00769	0.06078	0.01159	0.02326	0.00834	0.00970	0.00655	0.00531	0.00393	0.00166	0.00542	0.00333	0.00342	0.00644
96	0.01457	0.75958	0.07610	0.00987	0.01483	0.02134	0.01017	0.01664	0.01128	0.01331	0.00784	0.00906	0.00710	0.00477	0.00366	0.00122	0.00607	0.00303	0.00237	0.00718
97	0.01328	0.06127	0.05345	0.19437	0.04192	0.01116	0.16556	0.01708	0.04513	0.14095	0.08989	0.06143	0.03554	0.00738	0.00591	0.00182	0.00625	0.03652	0.00406	0.00704
98	0.00804	0.00538	0.00611	0.00609	0.00615	0.00536	0.00345	0.00817	0.00844	0.01132	0.05534	0.03650	0.02176	0.76528	0.02710	0.00519	0.00523	0.00815	0.00349	0.00345
99	0.01046	0.00984	0.01661	0.79205	0.03814	0.01230	0.01538	0.01415	0.01107	0.01415	0.00984	0.01477	0.00738	0.00554	0.00554	0.00185	0.00738	0.00492	0.00246	0.00615
100	0.00678	0.00491	0.00641	0.00753	0.00800	0.00454	0.00508	0.00784	0.01095	0.01452	0.06238	0.71828	0.08857	0.01687	0.00701	0.00220	0.00316	0.01523	0.00518	0.00454
101	0.00730	0.00522	0.00706	0.00835	0.00891	0.00498	0.00610	0.00867	0.01115	0.01476	0.03022	0.61351	0.03542	0.01683	0.00722	0.00233	0.00369	0.19851	0.00513	0.00465
102	0.00788	0.00582	0.00848	0.00853	0.00938	0.00665	0.00645	0.00959	0.00888	0.01267	0.01578	0.05553	0.01549	0.12653	0.66640	0.00823	0.01329	0.00658	0.00310	0.00475
103	0.01511	0.76826	0.02833	0.00972	0.01436	0.06126	0.00954	0.01687	0.01148	0.01306	0.00774	0.00894	0.00711	0.00479	0.00363	0.00120	0.00613	0.00299	0.00239	0.00707
104	0.01372	0.01107	0.01193	0.01061	0.01361	0.01244	0.00828	0.06262	0.58360	0.05670	0.10033	0.02368	0.05068	0.00810	0.00576	0.00185	0.00424	0.00678	0.00571	0.00830
105	0.01371	0.01316	0.02248	0.03399	0.77081	0.01316	0.01700	0.01700	0.01261	0.01809	0.01042	0.01371	0.00877	0.00493	0.00548	0.00164	0.00658	0.00493	0.00274	0.00877
106	0.84448	0.01071	0.00814	0.00728	0.01071	0.01242	0.00600	0.01628	0.00943	0.02485	0.00771	0.00900	0.00600	0.00514	0.00343	0.00171	0.00428	0.00300	0.00343	0.00600
107	0.01046	0.00984	0.01661	0.79205	0.03814	0.01230	0.01538	0.01415	0.01107	0.01415	0.00984	0.01477	0.00738	0.00554	0.00554	0.00185	0.00738	0.00492	0.00246	0.00615
108	0.00805	0.00540	0.00621	0.00621	0.00626	0.00546	0.00356	0.00816	0.00810	0.01086	0.01730	0.03540	0.01977	0.76094	0.07211	0.00557	0.00592	0.00793	0.00333	0.00345
109	0.00852	0.00653	0.00818	0.02803	0.00980	0.00647	0.00591	0.01260	0.10464	0.02108	0.56443	0.03826	0.10431	0.01234	0.04254	0.00210	0.00354	0.00938	0.00572	0.00562
110	0.00688	0.00489	0.00632	0.00746	0.00793	0.00454	0.00502	0.00794	0.01078	0.01446	0.03177	0.71820	0.08594	0.01667	0.00690	0.00218	0.00316	0.01503	0.03938	0.00454
111	0.01225	0.01213	0.01769	0.01481	0.01554	0.01614	0.07613	0.01471	0.05635	0.01456	0.00891	0.01316	0.00819	0.00902	0.01593	0.00231	0.65237	0.00509	0.02838	0.00632
112	0.01060	0.00984	0.01592	0.68584	0.03475	0.01164	0.01419	0.01412	0.01113	0.01468	0.00984	0.01432	0.00749	0.00534	0.00534	0.00171	0.00694	0.00470	0.00257	0.11903
113	0.00678	0.00553	0.00600	0.00608	0.00768	0.00475	0.00449	0.00833	0.01289	0.01606	0.17060	0.13976	0.56382	0.01397	0.00661	0.00189	0.00282	0.01189	0.00530	0.00475
114	0.01762	0.21216	0.07096	0.01530	0.09787	0.20798	0.04699	0.22934	0.01686	0.02050	0.01013	0.01141	0.00801	0.00558	0.00494	0.00150	0.00737	0.00415	0.00346	0.00787
115	0.01443	0.25555	0.17139	0.12710	0.17592	0.06449	0.01405	0.03370	0.01252	0.06743	0.01015	0.01211	0.00797	0.00524	0.00484	0.00155	0.00689	0.00413	0.00286	0.00769

[dist]
# distance from previous block
# <min> <max>
0	2

[block]
# block no. 1 follows, 43 sequences, length 84
# corresponding to MSA columns:
# 491-574
name=unknown_B
#
# <colnr> <probs for GDERKNQSTAVLIFYWHMCP>
#	G	D	E	R	K	N	Q	S	T	A	V	L	I	F	Y	W	H	M	C	P
0	0.01396	0.09869	0.46987	0.01490	0.04912	0.03706	0.03768	0.01976	0.07054	0.11850	0.01230	0.01319	0.00880	0.00558	0.00520	0.00169	0.00724	0.00444	0.00324	0.00824
1	0.01111	0.02865	0.77667	0.01579	0.02397	0.01286	0.02046	0.01754	0.01169	0.01754	0.00994	0.01169	0.00702	0.00526	0.00526	0.00175	0.00818	0.00409	0.00234	0.00818
2	0.01832	0.01187	0.01845	0.06011	0.36078	0.01163	0.03897	0.08477	0.01493	0.30129	0.01493	0.01568	0.01059	0.00582	0.00556	0.00169	0.00598	0.00523	0.00451	0.00890
3	0.10778	0.03602	0.07288	0.02255	0.32972	0.05102	0.13649	0.05714	0.01345	0.10368	0.01148	0.01349	0.00874	0.00527	0.00535	0.00168	0.00681	0.00488	0.00340	0.00815
4	0.00811	0.00560	0.00750	0.00750	0.00798	0.00607	0.00518	0.00887	0.00839	0.01167	0.01558	0.02777	0.01629	0.37729	0.38970	0.07272	0.00986	0.00678	0.00309	0.00404
5	0.01371	0.01316	0.02248	0.03399	0.77081	0.01316	0.01700	0.01700	0.01261	0.01809	0.01042	0.01371	0.00877	0.00493	0.00548	0.00164	0.00658	0.00493	0.00274	0.00877
6	0.00675	0.00482	0.00643	0.00771	0.00803	0.00450	0.00514	0.00771	0.01060	0.01414	0.03053	0.80175	0.03663	0.01735	0.00707	0.00225	0.00321	0.01574	0.00514	0.00450
7	0.05203	0.00666	0.00747	0.00661	0.00882	0.00643	0.00519	0.01709	0.02609	0.22061	0.01868	0.01964	0.01374	0.00652	0.00433	0.00143	0.00326	0.00519	0.56380	0.00639
8	0.01194	0.01136	0.01930	0.44539	0.37320	0.01270	0.01612	0.01545	0.01178	0.01595	0.01011	0.01428	0.00802	0.00526	0.00551	0.00175	0.00702	0.00493	0.00259	0.00735
9	0.00764	0.00565	0.00713	0.00676	0.00815	0.00514	0.00507	0.01008	0.01522	0.02112	0.66103	0.04316	0.15980	0.01173	0.00653	0.00176	0.00264	0.01027	0.00595	0.00514
10	0.01367	0.01445	0.01351	0.01168	0.01450	0.23866	0.08293	0.04013	0.18709	0.01837	0.13316	0.02615	0.16541	0.00850	0.00584	0.00172	0.00602	0.00707	0.00449	0.00664
11	0.01368	0.03491	0.01948	0.31375	0.39674	0.01258	0.01526	0.01696	0.01233	0.09481	0.01131	0.01449	0.00872	0.00535	0.00546	0.00171	0.00667	0.00494	0.00305	0.00781
12	0.03632	0.01030	0.01705	0.04775	0.05136	0.04722	0.25096	0.01368	0.01364	0.01878	0.29126	0.11623	0.04363	0.00889	0.00633	0.00183	0.00569	0.00859	0.00433	0.00615
13	0.01080	0.01776	0.36958	0.04679	0.07962	0.01070	0.04629	0.01508	0.01098	0.04255	0.01218	0.01628	0.00999	0.04653	0.23620	0.00400	0.00981	0.00505	0.00278	0.00702
14	0.00789	0.00584	0.00744	0.00758	0.00867	0.00575	0.00563	0.01020	0.04080	0.01688	0.27010	0.15901	0.12196	0.10973	0.12121	0.00338	0.00513	0.08295	0.00495	0.00491
15	0.12127	0.01305	0.01297	0.01119	0.01463	0.04152	0.00887	0.18545	0.47838	0.02561	0.01814	0.01719	0.01354	0.00696	0.00531	0.00179	0.00494	0.00547	0.00524	0.00847
16	0.06250	0.08900	0.01937	0.01816	0.23007	0.01226	0.10052	0.05907	0.01398	0.25128	0.01372	0.01450	0.00992	0.00551	0.00523	0.00158	0.00592	0.00489	0.00421	0.07831
17	0.03960	0.01631	0.02041	0.02841	0.56511	0.20067	0.01514	0.01822	0.01327	0.01718	0.00989	0.01266	0.00829	0.00513	0.00530	0.00159	0.00734	0.00455	0.00279	0.00812
18	0.06906	0.01239	0.02055	0.02616	0.48960	0.01214	0.08717	0.01913	0.01313	0.17757	0.01273	0.01461	0.00960	0.00533	0.00547	0.00169	0.00631	0.00510	0.00366	0.00860
19	0.00681	0.00562	0.00597	0.00588	0.00764	0.00479	0.00441	0.00845	0.01324	0.01642	0.19952	0.05090	0.62424	0.01348	0.00654	0.00184	0.00277	0.01135	0.00534	0.00479
20	0.01148	0.00984	0.01148	0.00820	0.01312	0.00738	0.00656	0.01395	0.01148	0.01805	0.00984	0.01148	0.00820	0.00410	0.00410	0.00082	0.00410	0.00328	0.00328	0.83922
21	0.00871	0.00648	0.00844	0.00820	0.00949	0.00693	0.00624	0.01238	0.09842	0.01752	0.27332	0.03107	0.02854	0.08449	0.30812	0.00482	0.00785	0.03734	0.03625	0.00537
22	0.01058	0.00623	0.00760	0.00731	0.00921	0.00546	0.00552	0.01218	0.01308	0.17213	0.11031	0.23373	0.33342	0.01317	0.00651	0.00195	0.00336	0.03700	0.00559	0.00568
23	0.01442	0.00795	0.01005	0.00864	0.01123	0.00762	0.00678	0.01907	0.14132	0.26916	0.39759	0.03049	0.03366	0.00922	0.00607	0.00176	0.00360	0.00792	0.00627	0.00720
24	0.01378	0.01190	0.01252	0.01127	0.01440	0.01378	0.00877	0.02943	0.76081	0.02317	0.02254	0.02066	0.01691	0.00751	0.00564	0.00188	0.00438	0.00626	0.00564	0.00877
25	0.01484	0.01581	0.01673	0.01467	0.02793	0.20101	0.01174	0.06803	0.01153	0.01500	0.00806	0.01172	0.00742	0.00844	0.01390	0.00212	0.53735	0.00455	0.00275	0.00643
26	0.01481	0.80869	0.02902	0.00948	0.01421	0.02191	0.00948	0.01658	0.01125	0.01303	0.00770	0.00888	0.00711	0.00474	0.00355	0.00118	0.00592	0.00296	0.00237	0.00711
27	0.80923	0.01066	0.00834	0.00739	0.01086	0.01224	0.00609	0.01674	0.00970	0.05709	0.00832	0.00942	0.00633	0.00521	0.00352	0.00171	0.00430	0.00311	0.00357	0.00615
28	0.01046	0.00984	0.01661	0.79205	0.03814	0.01230	0.01538	0.01415	0.01107	0.01415	0.00984	0.01477	0.00738	0.00554	0.00554	0.00185	0.00738	0.00492	0.00246	0.00615
29	0.01378	0.01190	0.01252	0.01127	0.01440	0.01378	0.00877	0.02943	0.76081	0.02317	0.02254	0.02066	0.01691	0.00751	0.00564	0.00188	0.00438	0.00626	0.00564	0.00877
30	0.00670	0.00549	0.00591	0.00608	0.00764	0.00470	0.00445	0.00815	0.01259	0.01552	0.11980	0.17189	0.58327	0.01430	0.00663	0.00192	0.00285	0.01218	0.00523	0.00470
31	0.01046	0.00984	0.01661	0.79205	0.03814	0.01230	0.01538	0.01415	0.01107	0.01415	0.00984	0.01477	0.00738	0.00554	0.00554	0.00185	0.00738	0.00492	0.00246	0.00615
32	0.00794	0.00584	0.00840	0.00840	0.00922	0.00665	0.00630	0.00957	0.00875	0.01249	0.01529	0.02429	0.01495	0.17507	0.65138	0.00828	0.01318	0.00630	0.00303	0.00467
33	0.01257	0.00981	0.01160	0.00834	0.01321	0.00744	0.00669	0.01501	0.01184	0.07965	0.01082	0.01208	0.00865	0.00433	0.00422	0.00089	0.00415	0.00347	0.00357	0.77166
34	0.01504	0.73696	0.02767	0.00972	0.01435	0.06614	0.00945	0.01682	0.01152	0.01322	0.00782	0.00903	0.00714	0.00477	0.00366	0.00119	0.00610	0.00301	0.00243	0.03394
35	0.01148	0.00984	0.01148	0.00820	0.01312	0.00738	0.00656	0.01395	0.01148	0.01805	0.00984	0.01148	0.00820	0.00410	0.00410	0.00082	0.00410	0.00328	0.00328	0.83922
36	0.01173	0.23506	0.01430	0.00878	0.01111	0.03993	0.00710	0.03583	0.03917	0.07294	0.10515	0.33833	0.03742	0.01113	0.00571	0.00178	0.00441	0.00951	0.00453	0.00607
37	0.00969	0.00647	0.00733	0.00682	0.00894	0.00575	0.00521	0.01219	0.05545	0.12061	0.17267	0.07134	0.47225	0.01233	0.00638	0.00184	0.00314	0.01040	0.00557	0.00564
38	0.01423	0.01276	0.02160	0.07051	0.68778	0.01281	0.01637	0.01747	0.01273	0.06420	0.01109	0.01408	0.00901	0.00508	0.00549	0.00166	0.00651	0.00497	0.00298	0.00868
39	0.00805	0.00597	0.00822	0.00761	0.00904	0.00554	0.02731	0.01072	0.01546	0.02180	0.70928	0.04163	0.04996	0.01132	0.00659	0.00179	0.00293	0.04556	0.00595	0.00529
40	0.17784	0.06103	0.01498	0.01271	0.01559	0.54992	0.00983	0.02017	0.01382	0.01568	0.00827	0.00988	0.00692	0.00580	0.00545	0.00153	0.05780	0.00351	0.00291	0.00635
41	0.01481	0.80869	0.02902	0.00948	0.01421	0.02191	0.00948	0.01658	0.01125	0.01303	0.00770	0.00888	0.00711	0.00474	0.00355	0.00118	0.00592	0.00296	0.00237	0.00711
42	0.01353	0.01145	0.01221	0.01092	0.01393	0.01310	0.00850	0.06034	0.65502	0.02361	0.09464	0.02234	0.02001	0.00785	0.00572	0.00186	0.00429	0.00657	0.00568	0.00845
43	0.00755	0.00565	0.00700	0.00666	0.00810	0.00510	0.00500	0.00989	0.01500	0.02059	0.60911	0.04403	0.21204	0.01193	0.00654	0.00177	0.00266	0.01039	0.00588	0.00510
44	0.01356	0.01295	0.02206	0.03326	0.74731	0.01295	0.01675	0.01683	0.01261	0.01805	0.01100	0.01522	0.00949	0.00526	0.00555	0.00167	0.00653	0.02748	0.00281	0.00866
45	0.00718	0.00550	0.00659	0.00661	0.00795	0.00490	0.00485	0.00907	0.01370	0.01820	0.38353	0.17827	0.30692	0.01335	0.00663	0.00188	0.00279	0.01162	0.00559	0.00490
46	0.01616	0.63034	0.02601	0.01053	0.01488	0.17457	0.00975	0.03749	0.01254	0.01372	0.00802	0.00922	0.00717	0.00498	0.00390	0.00125	0.00674	0.00314	0.00255	0.00703
47	0.00665	0.00520	0.00603	0.00670	0.00777	0.00458	0.00469	0.00783	0.01157	0.01453	0.04282	0.44201	0.38844	0.01575	0.00682	0.00207	0.00302	0.01379	0.00514	0.00458
48	0.01557	0.02060	0.44629	0.05345	0.07444	0.01137	0.01610	0.02030	0.01303	0.25487	0.01370	0.01423	0.00926	0.00575	0.00539	0.00174	0.00694	0.00466	0.00379	0.00852
49	0.01455	0.01228	0.01296	0.01143	0.01470	0.01414	0.00895	0.10611	0.68287	0.02441	0.02156	0.01988	0.01611	0.00742	0.00563	0.00186	0.00456	0.00613	0.00563	0.00884
50	0.74594	0.01220	0.00908	0.00806	0.01148	0.07734	0.00655	0.04299	0.01054	0.02426	0.00798	0.00923	0.00622	0.00524	0.00363	0.00169	0.00483	0.00312	0.00345	0.00616
51	0.01371	0.01316	0.02248	0.03399	0.77081	0.01316	0.01700	0.01700	0.01261	0.01809	0.01042	0.01371	0.00877	0.00493	0.00548	0.00164	0.00658	0.00493	0.00274	0.00877
52	0.00891	0.00611	0.00741	0.00733	0.00912	0.00548	0.00584	0.01095	0.01372	0.07965	0.23426	0.04936	0.35593	0.01301	0.00671	0.00197	0.00342	0.17002	0.00552	0.00530
53	0.04221	0.03235	0.03693	0.00872	0.01110	0.00894	0.00704	0.09090	0.14765	0.03300	0.34053	0.10092	0.09725	0.01024	0.00606	0.00180	0.00375	0.00875	0.00546	0.00642
54	0.05091	0.54113	0.12997	0.01096	0.01611	0.01883	0.03701	0.06126	0.01247	0.06326	0.00935	0.01038	0.00764	0.00507	0.00413	0.00137	0.00622	0.00353	0.00290	0.00750
55	0.00922	0.00744	0.00879	0.00826	0.00917	0.00823	0.00602	0.03477	0.06985	0.01437	0.02660	0.07313	0.20354	0.31698	0.01682	0.00335	0.14015	0.03438	0.00404	0.00489
56	0.00740	0.00673	0.03433	0.00717	0.00903	0.00560	0.02780	0.00924	0.01245	0.01587	0.16156	0.05846	0.45704	0.07515	0.06410	0.00264	0.00430	0.03139	0.00483	0.00490
57	0.01362	0.01303	0.02206	0.03302	0.74220	0.01294	0.01660	0.01688	0.01257	0.01809	0.01040	0.01362	0.00875	0.00490	0.00543	0.00161	0.00649	0.00487	0.00276	0.04014
58	0.00796	0.00536	0.00618	0.00627	0.00633	0.00538	0.00362	0.00811	0.00826	0.01105	0.01820	0.08567	0.02095	0.72255	0.05778	0.00531	0.00562	0.00847	0.00346	0.00350
59	0.04476	0.14191	0.53314	0.01436	0.02138	0.01383	0.05209	0.01819	0.01197	0.08375	0.01063	0.01196	0.00765	0.00529	0.00503	0.00167	0.00745	0.00413	0.00280	0.00802
60	0.00988	0.00707	0.00852	0.00792	0.00999	0.00660	0.00601	0.01360	0.10878	0.07295	0.25627	0.18009	0.14475	0.01138	0.00621	0.00180	0.00340	0.03710	0.00540	0.10227
61	0.84448	0.01071	0.00814	0.00728	0.01071	0.01242	0.00600	0.01628	0.00943	0.02485	0.00771	0.00900	0.00600	0.00514	0.00343	0.00171	0.00428	0.00300	0.00343	0.00600
62	0.02062	0.01630	0.01524	0.01311	0.03885	0.30139	0.06038	0.05051	0.02886	0.31254	0.01552	0.01639	0.01122	0.00647	0.00541	0.00162	0.00704	0.02834	0.04239	0.00779
63	0.00836	0.00627	0.00797	0.00875	0.00977	0.00633	0.00656	0.01194	0.11915	0.01667	0.08940	0.45384	0.03396	0.01496	0.00696	0.00223	0.00378	0.18253	0.00528	0.00531
64	0.00828	0.00555	0.00680	0.00649	0.00783	0.00517	0.00486	0.01080	0.01459	0.02137	0.55782	0.03775	0.09360	0.01046	0.00596	0.00165	0.00262	0.00909	0.18411	0.00517
65	0.01053	0.00765	0.00960	0.00990	0.01166	0.00803	0.00816	0.01590	0.18805	0.05214	0.04173	0.07719	0.04657	0.04833	0.04611	0.00274	0.00522	0.39932	0.00515	0.00604
66	0.00758	0.00560	0.00635	0.00648	0.00801	0.00486	0.00473	0.00906	0.01265	0.05006	0.13415	0.23153	0.47080	0.01418	0.00663	0.00194	0.00297	0.01219	0.00534	0.00491
67	0.01362	0.01112	0.01199	0.01075	0.01373	0.01261	0.00836	0.02728	0.64796	0.05614	0.10259	0.02281	0.02056	0.00789	0.00573	0.00186	0.00421	0.00663	0.00574	0.00841
68	0.09753	0.01168	0.01746	0.44916	0.25385	0.04750	0.01469	0.01558	0.01157	0.01640	0.00974	0.01364	0.00765	0.00532	0.00528	0.00175	0.00694	0.00467	0.00266	0.00693
69	0.84448	0.01071	0.00814	0.00728	0.01071	0.01242	0.00600	0.01628	0.00943	0.02485	0.00771	0.00900	0.00600	0.00514	0.00343	0.00171	0.00428	0.00300	0.00343	0.00600
70	0.02971	0.01098	0.01672	0.54452	0.06161	0.03481	0.01436	0.01435	0.01064	0.01434	0.00920	0.01386	0.00738	0.00646	0.00836	0.00195	0.18720	0.00483	0.00250	0.00624
71	0.02069	0.02640	0.01569	0.01427	0.01712	0.78313	0.01070	0.02212	0.01569	0.01355	0.00856	0.00999	0.00713	0.00571	0.00499	0.00143	0.00999	0.00357	0.00285	0.00642
72	0.01814	0.01066	0.01407	0.01130	0.01504	0.01069	0.08076	0.06590	0.25649	0.33264	0.02177	0.02034	0.04648	0.00712	0.00561	0.00176	0.00491	0.00609	0.06170	0.00853
73	0.84448	0.01071	0.00814	0.00728	0.01071	0.01242	0.00600	0.01628	0.00943	0.02485	0.00771	0.00900	0.00600	0.00514	0.00343	0.00171	0.00428	0.00300	0.00343	0.00600
74	0.01046	0.00984	0.01661	0.79205	0.03814	0.01230	0.01538	0.01415	0.01107	0.01415	0.00984	0.01477	0.00738	0.00554	0.00554	0.00185	0.00738	0.00492	0.00246	0.00615
75	0.00774	0.00566	0.00727	0.00687	0.00822	0.00519	0.00515	0.01027	0.01545	0.02168	0.71559	0.04225	0.10489	0.01152	0.00653	0.00175	0.00263	0.01014	0.00603	0.00519
76	0.84448	0.01071	0.00814	0.00728	0.01071	0.01242	0.00600	0.01628	0.00943	0.02485	0.00771	0.00900	0.00600	0.00514	0.00343	0.00171	0.00428	0.00300	0.00343	0.00600
77	0.01056	0.00895	0.01068	0.00946	0.01199	0.00931	0.04940	0.04571	0.29882	0.02057	0.18788	0.03487	0.24028	0.01019	0.00619	0.00186	0.00393	0.02723	0.00541	0.00670
78	0.00689	0.00510	0.00633	0.00725	0.00793	0.00468	0.00498	0.00795	0.01097	0.01420	0.03521	0.55319	0.19619	0.06955	0.00840	0.00239	0.00335	0.04593	0.00502	0.00449
79	0.01070	0.01056	0.03988	0.01394	0.01588	0.01140	0.15898	0.01337	0.01184	0.01665	0.13323	0.03153	0.02150	0.01039	0.01063	0.00222	0.26480	0.21266	0.00383	0.00601
80	0.10390	0.01300	0.01575	0.04685	0.01560	0.05373	0.01122	0.10990	0.03406	0.01770	0.00873	0.01220	0.00770	0.00837	0.01338	0.00216	0.51147	0.00465	0.00305	0.00659
81	0.00782	0.00642	0.00799	0.10822	0.01209	0.00628	0.00628	0.01057	0.05246	0.01726	0.24759	0.12184	0.35046	0.01217	0.00642	0.00187	0.00347	0.01048	0.00509	0.00522
82	0.01143	0.09754	0.71064	0.01523	0.02311	0.01366	0.01949	0.01745	0.01165	0.01714	0.00974	0.01144	0.00702	0.00522	0.00511	0.00170	0.00799	0.00399	0.00234	0.00809
83	0.01209	0.01077	0.01803	0.46983	0.28189	0.01211	0.01518	0.01554	0.01200	0.05027	0.04167	0.01569	0.00998	0.00563	0.00556	0.00177	0.00680	0.00516	0.00290	0.00714

[dist]
# distance from previous block
# <min> <max>
0	13

[block]
# block no. 2 follows, 43 sequences, length 31
# corresponding to MSA columns:
# 588-590,594-606,608-622
name=unknown_C
#
# <colnr> <probs for GDERKNQSTAVLIFYWHMCP>
#	G	D	E	R	K	N	Q	S	T	A	V	L	I	F	Y	W	H	M	C	P
0	0.01212	0.01212	0.01696	0.01454	0.01454	0.01696	0.01212	0.01333	0.00848	0.01333	0.00727	0.01212	0.00727	0.00969	0.01818	0.00242	0.79523	0.00485	0.00242	0.00606
1	0.01341	0.07693	0.17376	0.01390	0.01914	0.01138	0.20038	0.03194	0.01254	0.10364	0.01291	0.05814	0.01059	0.03361	0.00612	0.00166	0.00652	0.00541	0.00346	0.20456
2	0.81412	0.01129	0.00842	0.00754	0.01095	0.04083	0.00617	0.01650	0.00966	0.02443	0.00774	0.00903	0.00604	0.00516	0.00349	0.00170	0.00449	0.00302	0.00341	0.00601
3	0.02105	0.01551	0.01662	0.01274	0.01717	0.01717	0.01053	0.75235	0.02604	0.03490	0.01330	0.01330	0.00942	0.00665	0.00554	0.00166	0.00609	0.00499	0.00554	0.00942
4	0.00805	0.00537	0.00604	0.00604	0.00604	0.00537	0.00336	0.00805	0.00805	0.01074	0.01745	0.03624	0.02013	0.80536	0.02819	0.00537	0.00537	0.00805	0.00336	0.00336
5	0.01786	0.38630	0.04999	0.01175	0.01589	0.29335	0.01035	0.08659	0.01445	0.05381	0.00932	0.01029	0.00766	0.00539	0.00442	0.00136	0.00742	0.00354	0.00306	0.00723
6	0.00659	0.00561	0.00568	0.00566	0.00751	0.00470	0.00425	0.00804	0.01274	0.01523	0.08276	0.05285	0.74174	0.01392	0.00655	0.00187	0.00280	0.01163	0.00518	0.00470
7	0.01356	0.00692	0.00895	0.00771	0.01010	0.00615	0.00604	0.01587	0.01520	0.27718	0.39780	0.03436	0.12520	0.00994	0.00610	0.00173	0.00335	0.00852	0.03873	0.00658
8	0.01344	0.01161	0.01433	0.01247	0.01424	0.01452	0.01009	0.06400	0.31295	0.04678	0.01496	0.01669	0.01207	0.01120	0.07601	0.00267	0.33495	0.00554	0.00411	0.00738
9	0.00735	0.00564	0.00672	0.00645	0.00797	0.00502	0.00484	0.00950	0.01452	0.01946	0.49801	0.04589	0.32386	0.01235	0.00654	0.00179	0.00269	0.01065	0.00574	0.00502
10	0.01339	0.01290	0.02223	0.10402	0.68141	0.01310	0.03804	0.01675	0.01248	0.01772	0.01039	0.01384	0.00863	0.00498	0.00552	0.00167	0.00673	0.00498	0.00272	0.00849
11	0.01481	0.80869	0.02902	0.00948	0.01421	0.02191	0.00948	0.01658	0.01125	0.01303	0.00770	0.00888	0.00711	0.00474	0.00355	0.00118	0.00592	0.00296	0.00237	0.00711
12	0.07050	0.01258	0.01469	0.01228	0.05247	0.01310	0.00956	0.34788	0.07898	0.30500	0.01671	0.01569	0.01136	0.00662	0.00543	0.00170	0.00537	0.00518	0.00577	0.00913
13	0.01701	0.01147	0.01691	0.08520	0.24362	0.01166	0.04458	0.06404	0.14469	0.24925	0.04259	0.01757	0.01311	0.00633	0.00563	0.00174	0.00566	0.00561	0.00475	0.00860
14	0.74945	0.04150	0.00950	0.00791	0.01134	0.07293	0.00649	0.01675	0.00998	0.02353	0.00778	0.00907	0.00613	0.00517	0.00355	0.00167	0.00479	0.00304	0.00334	0.00607
15	0.01743	0.01636	0.01592	0.01413	0.03772	0.26886	0.01103	0.01895	0.01240	0.15872	0.01057	0.01274	0.00850	0.00769	0.01103	0.00193	0.36111	0.00456	0.00342	0.00690
16	0.02958	0.20555	0.10332	0.01068	0.01443	0.01342	0.03688	0.04585	0.21815	0.03346	0.17164	0.05850	0.02083	0.00766	0.00533	0.00167	0.00502	0.00634	0.00441	0.00728
17	0.00805	0.00537	0.00604	0.00604	0.00604	0.00537	0.00336	0.00805	0.00805	0.01074	0.01745	0.03624	0.02013	0.80536	0.02819	0.00537	0.00537	0.00805	0.00336	0.00336
18	0.02466	0.00973	0.01304	0.01000	0.01429	0.00860	0.00826	0.06358	0.01637	0.73733	0.02142	0.01857	0.01349	0.00684	0.00557	0.00171	0.00478	0.00554	0.00679	0.00942
19	0.01378	0.01190	0.01252	0.01127	0.01440	0.01378	0.00877	0.02943	0.76081	0.02317	0.02254	0.02066	0.01691	0.00751	0.00564	0.00188	0.00438	0.00626	0.00564	0.00877
20	0.01046	0.00984	0.01661	0.79205	0.03814	0.01230	0.01538	0.01415	0.01107	0.01415	0.00984	0.01477	0.00738	0.00554	0.00554	0.00185	0.00738	0.00492	0.00246	0.00615
21	0.00837	0.00676	0.01052	0.04470	0.01236	0.00658	0.09318	0.03728	0.01189	0.01592	0.06732	0.56168	0.03161	0.01450	0.00688	0.00215	0.00430	0.05401	0.00481	0.00518
22	0.39796	0.01390	0.05382	0.01233	0.01647	0.04479	0.14513	0.15181	0.01376	0.05784	0.01014	0.01161	0.00756	0.00560	0.00518	0.00175	0.03514	0.00428	0.00374	0.00718
23	0.02089	0.02557	0.01556	0.01405	0.01698	0.74526	0.01058	0.02235	0.01570	0.05075	0.00921	0.01042	0.00746	0.00576	0.00502	0.00144	0.00973	0.00366	0.00305	0.00657
24	0.00839	0.00611	0.00743	0.00693	0.00848	0.00571	0.00524	0.04640	0.01545	0.02150	0.57077	0.04100	0.17145	0.01131	0.00635	0.00174	0.00281	0.00981	0.04777	0.00533
25	0.00805	0.00537	0.00604	0.00604	0.00604	0.00537	0.00336	0.00805	0.00805	0.01074	0.01745	0.03624	0.02013	0.80536	0.02819	0.00537	0.00537	0.00805	0.00336	0.00336
26	0.01181	0.00705	0.00882	0.00783	0.01000	0.00660	0.00606	0.01545	0.08758	0.17862	0.45506	0.03608	0.12606	0.01034	0.00625	0.00176	0.00325	0.00892	0.00610	0.00638
27	0.00694	0.00564	0.00617	0.00620	0.00788	0.00487	0.00471	0.00862	0.01314	0.01639	0.18745	0.07378	0.56851	0.01369	0.00662	0.00190	0.00292	0.05444	0.00532	0.00480
28	0.84448	0.01071	0.00814	0.00728	0.01071	0.01242	0.00600	0.01628	0.00943	0.02485	0.00771	0.00900	0.00600	0.00514	0.00343	0.00171	0.00428	0.00300	0.00343	0.00600
29	0.01607	0.01600	0.04554	0.02193	0.31760	0.16039	0.05795	0.08853	0.07245	0.06586	0.02858	0.01434	0.01025	0.00598	0.00625	0.00169	0.05395	0.00500	0.00355	0.00809
30	0.40821	0.18471	0.25343	0.01041	0.01561	0.01456	0.01127	0.01674	0.01052	0.02006	0.00841	0.00982	0.00655	0.00509	0.00403	0.00161	0.00585	0.00333	0.00286	0.00692

[dist]
# distance from previous block
# <min> <max>
0	1

[block]
# block no. 3 follows, 43 sequences, length 27
# corresponding to MSA columns:
# 624-650
name=unknown_D
#
# <colnr> <probs for GDERKNQSTAVLIFYWHMCP>
#	G	D	E	R	K	N	Q	S	T	A	V	L	I	F	Y	W	H	M	C	P
0	0.04668	0.08561	0.08439	0.01267	0.01686	0.21548	0.03079	0.20057	0.11207	0.12145	0.01335	0.01348	0.00979	0.00615	0.00518	0.00161	0.00691	0.00458	0.00432	0.00808
1	0.01258	0.06158	0.03968	0.32760	0.20216	0.01315	0.04770	0.01729	0.09471	0.04830	0.03825	0.01571	0.01061	0.00596	0.00604	0.00178	0.04117	0.00520	0.00319	0.00733
2	0.01236	0.00933	0.01110	0.00845	0.01263	0.00748	0.00666	0.04803	0.01254	0.08194	0.03728	0.10835	0.01353	0.00627	0.00472	0.00113	0.00409	0.00526	0.00400	0.60484
3	0.01106	0.03637	0.14574	0.01182	0.01477	0.00872	0.11205	0.02854	0.01118	0.04963	0.01694	0.07575	0.03617	0.01247	0.01097	0.25501	0.00598	0.14789	0.00350	0.00545
4	0.00755	0.00554	0.00708	0.00692	0.00816	0.00507	0.00510	0.00981	0.01465	0.02032	0.59019	0.14641	0.12771	0.01244	0.00661	0.00183	0.00272	0.01098	0.00586	0.00507
5	0.01893	0.01464	0.01660	0.01378	0.05156	0.01618	0.03638	0.54315	0.17719	0.03110	0.01501	0.01490	0.01090	0.00668	0.00559	0.00171	0.00588	0.00530	0.00534	0.00919
6	0.00675	0.00482	0.00643	0.00771	0.00803	0.00450	0.00514	0.00771	0.01060	0.01414	0.03053	0.80175	0.03663	0.01735	0.00707	0.00225	0.00321	0.01574	0.00514	0.00450
7	0.01148	0.00984	0.01148	0.00820	0.01312	0.00738	0.00656	0.01395	0.01148	0.01805	0.00984	0.01148	0.00820	0.00410	0.00410	0.00082	0.00410	0.00328	0.00328	0.83922
