[name]
unknown

[dist]
# distance from previous block
# <min> <max>
0	50

[block]
# block no. 0 follows, 42 sequences, length 24
# corresponding to MSA columns:
# 426-449
name=unknown_A
#
# <colnr> <probs for GDERKNQSTAVLIFYWHMCP>
#	G	D	E	R	K	N	Q	S	T	A	V	L	I	F	Y	W	H	M	C	P
0	0.12782	0.03355	0.02592	0.07945	0.04244	0.09633	0.02247	0.06539	0.09785	0.03669	0.09924	0.07084	0.04092	0.00802	0.00646	0.00179	0.06791	0.01874	0.00414	0.05402
1	0.06132	0.08226	0.10617	0.01091	0.01538	0.01061	0.06182	0.04236	0.04791	0.14849	0.04984	0.09654	0.01448	0.00694	0.00521	0.00154	0.00525	0.00586	0.00426	0.22286
2	0.07148	0.01247	0.01508	0.13356	0.01901	0.09099	0.08969	0.08580	0.04438	0.05583	0.01228	0.01440	0.00946	0.00580	0.00563	0.00155	0.04307	0.00469	0.11140	0.17343
3	0.06992	0.11115	0.01720	0.21214	0.08901	0.03302	0.03091	0.05349	0.09002	0.17028	0.01390	0.01545	0.01030	0.00805	0.04972	0.00213	0.00667	0.00497	0.00401	0.00768
4	0.01256	0.01219	0.01914	0.36309	0.34510	0.04217	0.01555	0.01587	0.01199	0.01621	0.01007	0.01407	0.00813	0.00550	0.00613	0.00175	0.04482	0.00487	0.00268	0.04813
5	0.01363	0.01665	0.30655	0.01182	0.01689	0.00998	0.01241	0.08060	0.01386	0.15193	0.04629	0.15815	0.03451	0.00832	0.00572	0.00176	0.00581	0.00698	0.00430	0.09384
6	0.01067	0.00655	0.00774	0.00711	0.00877	0.00619	0.00524	0.01205	0.01203	0.13877	0.07896	0.03833	0.30901	0.20210	0.04928	0.00305	0.03742	0.00892	0.05247	0.00536
7	0.01138	0.00691	0.00913	0.00836	0.01027	0.00690	0.00656	0.01329	0.01234	0.17091	0.11662	0.04878	0.21827	0.02184	0.27111	0.00433	0.04407	0.00816	0.00482	0.00597
8	0.01793	0.01396	0.01509	0.01250	0.01626	0.08528	0.05170	0.17131	0.37791	0.14731	0.01893	0.01786	0.01371	0.00701	0.00569	0.00179	0.00568	0.00575	0.00548	0.00885
9	0.00855	0.00679	0.01003	0.00974	0.01062	0.00826	0.00767	0.01047	0.00899	0.01312	0.01415	0.02093	0.01326	0.03831	0.68811	0.00825	0.10875	0.00590	0.00295	0.00516
10	0.03913	0.03237	0.12127	0.04552	0.11468	0.02696	0.09879	0.09568	0.11816	0.06576	0.01345	0.01540	0.01038	0.02541	0.04352	0.00208	0.00683	0.00510	0.00380	0.11573
11	0.01881	0.00992	0.01182	0.00976	0.01308	0.00998	0.00772	0.09357	0.20112	0.35833	0.02069	0.02097	0.01501	0.08341	0.00769	0.00209	0.00467	0.00598	0.09705	0.00834
12	0.01233	0.05876	0.07416	0.09205	0.03768	0.01058	0.05479	0.03941	0.05502	0.01842	0.01084	0.01275	0.00866	0.00479	0.00470	0.00121	0.00542	0.00403	0.00329	0.49111
13	0.01082	0.11111	0.05526	0.00894	0.01005	0.00897	0.00723	0.00985	0.00827	0.01110	0.00928	0.01523	0.00903	0.01576	0.01826	0.58873	0.09126	0.00461	0.00244	0.00381
14	0.01254	0.07441	0.01489	0.23419	0.02093	0.01217	0.02601	0.01933	0.24091	0.06103	0.01844	0.07837	0.03322	0.00797	0.00598	0.00185	0.02212	0.05245	0.00424	0.05895
15	0.00769	0.00560	0.00675	0.00690	0.00823	0.00498	0.00501	0.00940	0.01330	0.04012	0.27318	0.27006	0.29994	0.01416	0.00677	0.00197	0.00297	0.01237	0.00559	0.00502
16	0.00807	0.00591	0.00844	0.00844	0.00924	0.00671	0.00628	0.00966	0.00887	0.01262	0.01563	0.02516	0.01540	0.19991	0.62403	0.00830	0.01308	0.00648	0.00310	0.00469
17	0.63261	0.01106	0.00981	0.00831	0.01203	0.01227	0.00685	0.07887	0.01210	0.15539	0.01080	0.01124	0.00774	0.00565	0.00404	0.00174	0.00458	0.00367	0.00426	0.00699
18	0.00752	0.00544	0.00723	0.00831	0.00907	0.00515	0.00619	0.00910	0.01191	0.01577	0.09434	0.49461	0.08191	0.01635	0.00726	0.00230	0.00369	0.20375	0.00530	0.00481
19	0.07050	0.05862	0.01238	0.00911	0.01260	0.01059	0.00752	0.18334	0.01649	0.29788	0.01737	0.01717	0.01220	0.00656	0.00490	0.00157	0.00453	0.00508	0.24363	0.00797
20	0.01045	0.00512	0.00756	0.00742	0.00762	0.00506	0.00500	0.00829	0.00776	0.04518	0.01059	0.01778	0.01028	0.04204	0.02143	0.77300	0.00490	0.00502	0.00268	0.00280
21	0.08945	0.01302	0.01443	0.14976	0.01914	0.03860	0.01020	0.40181	0.01957	0.06364	0.01328	0.01452	0.00966	0.00638	0.00521	0.00167	0.00587	0.00488	0.11088	0.00803
22	0.01481	0.01694	0.06386	0.08071	0.02006	0.21879	0.13032	0.04144	0.13060	0.01756	0.01284	0.05025	0.01065	0.00648	0.00627	0.00168	0.05295	0.00535	0.00349	0.11497
23	0.01325	0.09940	0.01839	0.38946	0.12663	0.02802	0.02771	0.07647	0.03545	0.04861	0.01150	0.01489	0.00894	0.00791	0.05286	0.00218	0.00738	0.00493	0.01889	0.00714

[dist]
# distance from previous block
# <min> <max>
1	68

[block]
# block no. 1 follows, 42 sequences, length 8
# corresponding to MSA columns:
# 518-525
name=unknown_B
#
# <colnr> <probs for GDERKNQSTAVLIFYWHMCP>
#	G	D	E	R	K	N	Q	S	T	A	V	L	I	F	Y	W	H	M	C	P
0	0.01029	0.00855	0.01310	0.01460	0.15930	0.00869	0.07506	0.04217	0.01116	0.01525	0.01826	0.16212	0.01967	0.28716	0.05095	0.00355	0.03204	0.05875	0.00372	0.00562
1	0.01015	0.00928	0.01554	0.54274	0.05607	0.01086	0.04623	0.01350	0.01187	0.01557	0.08670	0.10080	0.01605	0.00775	0.00601	0.00193	0.00656	0.03304	0.00327	0.00610
2	0.00692	0.00518	0.00650	0.00734	0.00812	0.00476	0.00508	0.00815	0.01149	0.01499	0.07987	0.54605	0.20825	0.01751	0.03955	0.00245	0.00363	0.01427	0.00519	0.00468
3	0.02358	0.00915	0.01247	0.00982	0.01380	0.00794	0.00799	0.02565	0.01562	0.70235	0.02300	0.08988	0.01604	0.00793	0.00580	0.00179	0.00465	0.00660	0.00681	0.00912
4	0.01262	0.00694	0.00858	0.00764	0.00996	0.00623	0.00591	0.01516	0.04039	0.22643	0.26562	0.08652	0.23004	0.01106	0.00627	0.00182	0.00340	0.00943	0.03958	0.00641
5	0.30261	0.01346	0.01321	0.01078	0.01471	0.01520	0.00881	0.37414	0.14499	0.02992	0.01316	0.01328	0.00967	0.00638	0.00491	0.00174	0.00526	0.00459	0.00491	0.00826
6	0.01942	0.01478	0.01578	0.01255	0.01670	0.01653	0.01022	0.55702	0.22100	0.03229	0.01601	0.01550	0.01160	0.00699	0.00566	0.00175	0.00573	0.00541	0.00566	0.00939
7	0.00796	0.00563	0.00680	0.00680	0.00728	0.00576	0.00441	0.00863	0.00897	0.01197	0.02191	0.03534	0.11044	0.51861	0.21049	0.00590	0.00750	0.00811	0.00354	0.00397

[dist]
# distance from previous block
# <min> <max>
0	1

[block]
# block no. 2 follows, 42 sequences, length 14
# corresponding to MSA columns:
# 527-540
name=unknown_C
#
# <colnr> <probs for GDERKNQSTAVLIFYWHMCP>
#	G	D	E	R	K	N	Q	S	T	A	V	L	I	F	Y	W	H	M	C	P
0	0.01106	0.02919	0.01227	0.01133	0.06148	0.00933	0.03910	0.03296	0.17934	0.01967	0.13268	0.05816	0.10447	0.00944	0.00601	0.00177	0.00446	0.11466	0.00481	0.15782
1	0.25059	0.02167	0.46641	0.01348	0.01980	0.01261	0.05171	0.01696	0.01110	0.01966	0.00983	0.01192	0.00735	0.00767	0.05505	0.00225	0.00767	0.00408	0.00276	0.00743
2	0.01163	0.07533	0.54288	0.01627	0.02340	0.01329	0.14240	0.01727	0.01239	0.01791	0.06550	0.01447	0.01075	0.00566	0.00555	0.00176	0.00795	0.00495	0.00274	0.00790
3	0.00805	0.00599	0.00884	0.00884	0.00977	0.00692	0.00678	0.00992	0.00898	0.01291	0.01526	0.02316	0.01453	0.09656	0.72619	0.00879	0.01439	0.00618	0.00304	0.00491
4	0.01811	0.03365	0.06955	0.01251	0.06843	0.09469	0.00988	0.14148	0.06349	0.24124	0.09936	0.01890	0.01606	0.00700	0.00547	0.00166	0.00558	0.00563	0.07917	0.00814
5	0.02102	0.02682	0.01595	0.01450	0.01740	0.77963	0.01087	0.02247	0.01595	0.01377	0.00870	0.01015	0.00725	0.00580	0.00507	0.00145	0.01015	0.00362	0.00290	0.00652
6	0.01471	0.01269	0.02032	0.07756	0.38800	0.01346	0.07346	0.07026	0.05411	0.08009	0.03821	0.01567	0.01105	0.00625	0.00722	0.00182	0.09785	0.00544	0.00355	0.00828
7	0.00728	0.00541	0.00679	0.00711	0.00816	0.00492	0.00508	0.00905	0.01334	0.01798	0.34482	0.33848	0.18208	0.01441	0.00685	0.00200	0.00293	0.01276	0.00563	0.00492
8	0.01334	0.03778	0.16432	0.06201	0.05648	0.01453	0.35087	0.08201	0.01346	0.01867	0.01115	0.01515	0.00879	0.00598	0.00755	0.00191	0.10050	0.02485	0.00299	0.00764
9	0.00708	0.00572	0.00630	0.00615	0.00787	0.00493	0.00461	0.00891	0.01384	0.01761	0.28847	0.05019	0.53187	0.01335	0.00665	0.00186	0.00279	0.01132	0.00554	0.00493
10	0.00749	0.00532	0.00664	0.00707	0.00784	0.00495	0.00486	0.00894	0.01220	0.01667	0.24841	0.36740	0.11103	0.12086	0.00974	0.00248	0.00331	0.01239	0.03772	0.00468
11	0.01323	0.01563	0.10146	0.07870	0.24167	0.03622	0.28330	0.01766	0.04160	0.01748	0.01089	0.01426	0.00861	0.00561	0.00726	0.00186	0.08837	0.00552	0.00283	0.00783
12	0.01075	0.00933	0.01355	0.16131	0.18151	0.00928	0.01018	0.01392	0.05217	0.01676	0.05763	0.14906	0.01728	0.08232	0.00777	0.00200	0.00525	0.00714	0.00367	0.18909
13	0.07353	0.08595	0.03524	0.08670	0.06153	0.09765	0.01029	0.12110	0.14497	0.02059	0.08206	0.05361	0.03650	0.00761	0.00627	0.00177	0.05726	0.00592	0.00416	0.00729

[dist]
# distance from previous block
# <min> <max>
4	36

[block]
# block no. 3 follows, 42 sequences, length 22
# corresponding to MSA columns:
# 581-602
name=unknown_D
#
# <colnr> <probs for GDERKNQSTAVLIFYWHMCP>
#	G	D	E	R	K	N	Q	S	T	A	V	L	I	F	Y	W	H	M	C	P
0	0.01162	0.01039	0.01515	0.05008	0.06392	0.06070	0.14222	0.03408	0.03132	0.04642	0.24589	0.02647	0.04371	0.06852	0.09140	0.00284	0.03732	0.00738	0.00427	0.00629
1	0.01473	0.01287	0.04697	0.08184	0.10498	0.01283	0.07502	0.21622	0.13289	0.04100	0.12413	0.01911	0.01671	0.00687	0.00575	0.00171	0.00576	0.00599	0.00461	0.07001
2	0.01519	0.01010	0.03180	0.10178	0.11655	0.00962	0.04299	0.05737	0.05208	0.23536	0.12888	0.08699	0.06972	0.00846	0.00602	0.00182	0.00514	0.00743	0.00511	0.00761
3	0.22267	0.00882	0.00999	0.00879	0.01148	0.00918	0.00702	0.01854	0.04233	0.26630	0.01857	0.11614	0.01565	0.02520	0.00650	0.00193	0.05487	0.04014	0.10891	0.00696
4	0.06763	0.02139	0.45857	0.01326	0.01933	0.01228	0.01520	0.10030	0.05071	0.05052	0.04701	0.01684	0.02886	0.06566	0.00711	0.00205	0.00688	0.00511	0.00349	0.00781
5	0.00905	0.00624	0.00713	0.00675	0.00805	0.00585	0.00471	0.04286	0.01254	0.05385	0.18322	0.06802	0.26199	0.28886	0.01427	0.00311	0.00398	0.00976	0.00489	0.00485
6	0.01445	0.44462	0.26777	0.01163	0.01738	0.01723	0.01292	0.01786	0.01221	0.08520	0.04388	0.01237	0.00987	0.00549	0.00450	0.00147	0.00650	0.00395	0.00299	0.00771
7	0.01321	0.01233	0.01803	0.01506	0.01572	0.01646	0.06101	0.01474	0.00941	0.06257	0.00861	0.01294	0.00789	0.00932	0.01686	0.00238	0.68913	0.00509	0.00278	0.00647
8	0.01156	0.00992	0.01138	0.00845	0.01309	0.00793	0.00672	0.01523	0.08065	0.01862	0.01422	0.01527	0.05782	0.00514	0.00447	0.00100	0.00411	0.00416	0.00368	0.70658
9	0.00804	0.00603	0.00904	0.00904	0.01005	0.00703	0.00703	0.01005	0.00904	0.01306	0.01507	0.02211	0.01407	0.04221	0.77992	0.00904	0.01507	0.00603	0.00301	0.00502
10	0.01167	0.01000	0.01167	0.00834	0.01334	0.00750	0.00667	0.01417	0.01167	0.01834	0.01000	0.01167	0.00834	0.00417	0.00417	0.00083	0.00417	0.00333	0.00333	0.83663
11	0.01482	0.00919	0.01101	0.00844	0.01253	0.00766	0.00675	0.01802	0.05482	0.20406	0.04527	0.01654	0.01285	0.00568	0.00469	0.00122	0.00406	0.00462	0.11939	0.43838
12	0.01424	0.01221	0.01286	0.01150	0.01473	0.01411	0.00897	0.05391	0.73254	0.02394	0.02259	0.02075	0.01692	0.00761	0.00572	0.00190	0.00451	0.00632	0.00572	0.00893
13	0.01394	0.01374	0.02176	0.12071	0.64070	0.05632	0.01672	0.01723	0.01281	0.01766	0.01041	0.01384	0.00866	0.00513	0.00555	0.00168	0.00697	0.00493	0.00276	0.00847
14	0.00729	0.00564	0.00664	0.00657	0.00804	0.00499	0.00486	0.00924	0.01406	0.01855	0.38455	0.12812	0.35454	0.01333	0.00670	0.00188	0.00280	0.01152	0.00568	0.00499
15	0.00839	0.00631	0.00936	0.00999	0.01115	0.00611	0.04884	0.01046	0.01223	0.01615	0.05779	0.35073	0.03377	0.01561	0.00743	0.00240	0.00457	0.37854	0.00511	0.00508
16	0.00978	0.00489	0.00733	0.00733	0.00733	0.00489	0.00489	0.00733	0.00733	0.00978	0.00978	0.01711	0.00978	0.01955	0.02199	0.83627	0.00489	0.00489	0.00244	0.00244
17	0.02090	0.01476	0.01533	0.01206	0.01617	0.06599	0.00984	0.51745	0.05380	0.13871	0.01516	0.01491	0.01068	0.00675	0.00549	0.00166	0.00595	0.00512	0.06024	0.00906
18	0.01184	0.01016	0.01175	0.00857	0.01343	0.00799	0.00684	0.01535	0.06732	0.01873	0.01097	0.01237	0.00900	0.00443	0.00428	0.00091	0.00419	0.00356	0.00351	0.77482
19	0.03172	0.24941	0.12044	0.01338	0.05932	0.01490	0.06778	0.08573	0.01416	0.20842	0.01280	0.01334	0.00936	0.00571	0.00530	0.00156	0.02668	0.00448	0.00397	0.05153
20	0.12710	0.01398	0.01543	0.05213	0.10458	0.07131	0.02398	0.24741	0.13650	0.04492	0.01323	0.01419	0.01002	0.00687	0.01920	0.00182	0.02660	0.00484	0.00438	0.06153
21	0.06838	0.01295	0.08185	0.04307	0.02734	0.09619	0.00952	0.09743	0.10306	0.04808	0.01810	0.17530	0.01745	0.06123	0.05739	0.00260	0.02509	0.04402	0.00428	0.00668

[dist]
# distance from previous block
# <min> <max>
0	13

[block]
# block no. 4 follows, 42 sequences, length 20
# corresponding to MSA columns:
# 616-635
name=unknown_E
#
# <colnr> <probs for GDERKNQSTAVLIFYWHMCP>
#	G	D	E	R	K	N	Q	S	T	A	V	L	I	F	Y	W	H	M	C	P
0	0.01269	0.01240	0.07301	0.17528	0.12675	0.01216	0.02438	0.08917	0.20192	0.02105	0.12798	0.02093	0.01776	0.00715	0.00578	0.00179	0.00568	0.02085	0.00430	0.03898
1	0.01542	0.44037	0.18220	0.01163	0.01699	0.01858	0.01204	0.12832	0.07093	0.03981	0.01072	0.01150	0.00851	0.00549	0.00450	0.00147	0.00637	0.00389	0.00327	0.00800
2	0.00891	0.00749	0.01052	0.09833	0.10076	0.02826	0.00838	0.01079	0.01164	0.01567	0.10467	0.42141	0.02895	0.01516	0.05834	0.00255	0.03011	0.02812	0.00445	0.00549
3	0.00707	0.00513	0.00648	0.00747	0.00801	0.00477	0.00505	0.00806	0.01085	0.01420	0.03294	0.58634	0.13136	0.10359	0.00950	0.00260	0.00353	0.04355	0.00502	0.00449
4	0.02443	0.00940	0.01280	0.00987	0.01408	0.00813	0.00813	0.02663	0.01610	0.73555	0.05736	0.02024	0.01579	0.00718	0.00571	0.00174	0.00469	0.00587	0.00693	0.00938
5	0.01384	0.01160	0.01227	0.01096	0.01388	0.01328	0.00842	0.07410	0.62704	0.02292	0.02173	0.02226	0.01705	0.09517	0.00825	0.00229	0.00468	0.00648	0.00546	0.00834
6	0.01559	0.01288	0.01362	0.01178	0.01524	0.01474	0.00929	0.18509	0.59916	0.02612	0.02088	0.01938	0.01554	0.00745	0.00571	0.00186	0.00483	0.00608	0.00571	0.00905
7	0.39706	0.01017	0.01088	0.00882	0.01278	0.01025	0.00728	0.02247	0.01313	0.43151	0.01566	0.01460	0.01036	0.00617	0.00467	0.00174	0.00459	0.00447	0.00538	0.00799
8	0.01505	0.80561	0.02949	0.00963	0.01444	0.02227	0.00963	0.01685	0.01143	0.01324	0.00782	0.00903	0.00722	0.00481	0.00361	0.00120	0.00602	0.00301	0.00241	0.00722
9	0.00902	0.00750	0.00918	0.00907	0.01009	0.06404	0.00685	0.01073	0.00945	0.01284	0.01494	0.02311	0.01438	0.13709	0.62609	0.00802	0.01347	0.00613	0.00306	0.00493
10	0.00683	0.00499	0.00644	0.00760	0.00810	0.00459	0.00512	0.00786	0.01100	0.01446	0.03388	0.71650	0.11743	0.01726	0.00712	0.00224	0.00322	0.01554	0.00522	0.00459
11	0.01082	0.01039	0.01809	0.73205	0.03807	0.01263	0.06976	0.01465	0.01140	0.01465	0.01010	0.01502	0.00758	0.00556	0.00570	0.00188	0.00765	0.00512	0.00253	0.00635
12	0.00690	0.00535	0.00629	0.00681	0.00795	0.00474	0.00482	0.00829	0.01231	0.01575	0.13354	0.37932	0.35702	0.01539	0.00688	0.00205	0.00301	0.01347	0.00535	0.00474
13	0.00958	0.00501	0.00752	0.00752	0.00763	0.00512	0.00512	0.00763	0.00752	0.01014	0.01036	0.01766	0.01025	0.02205	0.10554	0.74508	0.00601	0.00501	0.00251	0.00273
14	0.03768	0.04868	0.09025	0.14220	0.04736	0.14903	0.01254	0.12703	0.09588	0.05436	0.01175	0.01362	0.00907	0.00667	0.00737	0.00181	0.12881	0.00472	0.00361	0.00755
15	0.00864	0.00631	0.00770	0.00743	0.00908	0.00583	0.00559	0.01155	0.05531	0.03783	0.37686	0.15106	0.17034	0.01222	0.00649	0.00185	0.00313	0.04458	0.02950	0.04869
16	0.01572	0.12806	0.03741	0.03071	0.05041	0.03378	0.15035	0.20431	0.17296	0.02258	0.01345	0.01455	0.01031	0.00612	0.00598	0.00169	0.03862	0.00519	0.00409	0.05374
17	0.19115	0.40841	0.16038	0.01045	0.01561	0.01740	0.01085	0.04877	0.01194	0.04416	0.00905	0.01020	0.00733	0.00514	0.00408	0.00145	0.00600	0.00342	0.00296	0.03125
18	0.05514	0.25921	0.05994	0.01251	0.01681	0.18597	0.06013	0.14280	0.04389	0.07475	0.01159	0.03267	0.00933	0.00601	0.00489	0.00154	0.00702	0.00447	0.00368	0.00766
19	0.22374	0.04897	0.08760	0.05503	0.01707	0.01466	0.01041	0.30554	0.06810	0.09772	0.01278	0.01320	0.00918	0.00617	0.00499	0.00172	0.00575	0.00453	0.00460	0.00825

[dist]
# distance from previous block
# <min> <max>
0	26

[block]
# block no. 5 follows, 42 sequences, length 9
# corresponding to MSA columns:
# 662-670
name=unknown_F
#
# <colnr> <probs for GDERKNQSTAVLIFYWHMCP>
#	G	D	E	R	K	N	Q	S	T	A	V	L	I	F	Y	W	H	M	C	P
0	0.00896	0.00652	0.00772	0.00729	0.00910	0.00597	0.00549	0.01065	0.01263	0.06190	0.13329	0.19209	0.33021	0.01256	0.00698	0.00185	0.04639	0.01059	0.04674	0.08308
1	0.01481	0.07368	0.24612	0.04930	0.18708	0.01306	0.08024	0.05874	0.03650	0.13067	0.01458	0.01584	0.04213	0.00597	0.00553	0.00173	0.00686	0.00520	0.00360	0.00834
2	0.00956	0.00822	0.01373	0.14265	0.08670	0.00836	0.11322	0.01205	0.01187	0.01623	0.06936	0.30104	0.02432	0.04215	0.00737	0.00217	0.00534	0.07051	0.04938	0.00577
3	0.04558	0.04897	0.15859	0.07058	0.13180	0.01299	0.04060	0.06334	0.01273	0.04705	0.08162	0.05377	0.01389	0.00748	0.00798	0.00188	0.15554	0.00578	0.03257	0.00725
4	0.10085	0.01163	0.05187	0.01050	0.01441	0.01090	0.00902	0.18909	0.01692	0.35689	0.03844	0.04020	0.01411	0.00749	0.00585	0.00178	0.02725	0.03500	0.04940	0.00841
5	0.00982	0.07040	0.01159	0.11171	0.04060	0.00933	0.00803	0.01459	0.16186	0.01753	0.13314	0.28059	0.08594	0.01144	0.00623	0.00194	0.00427	0.01004	0.00480	0.00615
6	0.00780	0.06805	0.00824	0.00737	0.00823	0.00620	0.00513	0.00883	0.01093	0.01430	0.08117	0.45698	0.11420	0.16320	0.01084	0.00272	0.00380	0.01264	0.00473	0.00463
7	0.01783	0.05530	0.01575	0.01405	0.07451	0.27541	0.01026	0.19445	0.09492	0.05102	0.01344	0.01624	0.01103	0.05002	0.06105	0.00234	0.00790	0.02285	0.00407	0.00755
8	0.11541	0.02031	0.11067	0.01599	0.11650	0.32213	0.01217	0.05759	0.06633	0.01823	0.01024	0.01187	0.00819	0.00592	0.00581	0.00164	0.05386	0.00414	0.00322	0.03979

[dist]
# distance from previous block
# <min> <max>
0	2

[block]
# block no. 6 follows, 42 sequences, length 23
# corresponding to MSA columns:
# 673-695
name=unknown_G
#
# <colnr> <probs for GDERKNQSTAVLIFYWHMCP>
#	G	D	E	R	K	N	Q	S	T	A	V	L	I	F	Y	W	H	M	C	P
0	0.03222	0.01514	0.01875	0.26188	0.22687	0.16391	0.05304	0.08261	0.05792	0.01816	0.01100	0.01387	0.00861	0.00566	0.00552	0.00172	0.00755	0.00487	0.00316	0.00754
1	0.01802	0.03145	0.06686	0.01420	0.07422	0.25632	0.01093	0.09964	0.13775	0.13161	0.05052	0.01654	0.02877	0.00685	0.00588	0.00169	0.03126	0.00519	0.00440	0.00791
2	0.10544	0.01444	0.01614	0.03124	0.04012	0.11443	0.07498	0.21524	0.04413	0.06667	0.01198	0.01372	0.00926	0.00876	0.05932	0.00220	0.08515	0.00479	0.00403	0.07795
3	0.01401	0.29705	0.38837	0.04987	0.02055	0.05472	0.01531	0.01821	0.01219	0.06717	0.01006	0.01144	0.00765	0.00531	0.00476	0.00157	0.00733	0.00387	0.00273	0.00783
4	0.01409	0.01215	0.01296	0.07710	0.01576	0.14497	0.03185	0.08430	0.09837	0.08229	0.03449	0.03553	0.01416	0.04796	0.24838	0.00417	0.00936	0.02143	0.00402	0.00666
5	0.01119	0.00610	0.00618	0.00593	0.00749	0.00628	0.00451	0.04877	0.05123	0.02180	0.01837	0.02063	0.01434	0.00662	0.00411	0.00136	0.00289	0.00529	0.75127	0.00564
6	0.02394	0.01168	0.01436	0.01101	0.01542	0.01139	0.00910	0.27253	0.01963	0.52094	0.01925	0.01724	0.01245	0.00689	0.00565	0.00172	0.00527	0.00546	0.00651	0.00957
7	0.01167	0.01000	0.01167	0.00834	0.01334	0.00750	0.00667	0.01417	0.01167	0.01834	0.01000	0.01167	0.00834	0.00417	0.00417	0.00083	0.00417	0.00333	0.00333	0.83663
8	0.00702	0.00507	0.00667	0.00776	0.00829	0.00472	0.00533	0.00823	0.01140	0.01520	0.09446	0.66794	0.07621	0.01686	0.00713	0.00223	0.00326	0.04226	0.00530	0.00467
9	0.01462	0.01240	0.01308	0.01158	0.01487	0.01429	0.00906	0.09080	0.69504	0.02455	0.02211	0.02036	0.01653	0.00756	0.00572	0.00189	0.00460	0.00625	0.00572	0.00896
10	0.02139	0.01576	0.01689	0.01295	0.01745	0.01745	0.01070	0.74835	0.02646	0.03547	0.01351	0.01351	0.00957	0.00676	0.00563	0.00169	0.00619	0.00507	0.00563	0.00957
11	0.01135	0.00612	0.00728	0.00683	0.00777	0.00587	0.00445	0.01209	0.01016	0.14565	0.01949	0.08382	0.01977	0.51906	0.02035	0.00412	0.00487	0.00794	0.09824	0.00478
12	0.01505	0.80561	0.02949	0.00963	0.01444	0.02227	0.00963	0.01685	0.01143	0.01324	0.00782	0.00903	0.00722	0.00481	0.00361	0.00120	0.00602	0.00301	0.00241	0.00722
13	0.00978	0.00489	0.00733	0.00733	0.00733	0.00489	0.00489	0.00733	0.00733	0.00978	0.00978	0.01711	0.00978	0.01955	0.02199	0.83627	0.00489	0.00489	0.00244	0.00244
14	0.02052	0.02202	0.01562	0.01346	0.01678	0.49047	0.01041	0.25388	0.01906	0.02113	0.01081	0.01186	0.00841	0.00615	0.00518	0.00152	0.00844	0.00418	0.05267	0.00742
15	0.01272	0.14763	0.31136	0.01349	0.03574	0.01320	0.06346	0.04029	0.06963	0.04698	0.08683	0.03825	0.01391	0.00635	0.00529	0.00163	0.00643	0.00528	0.00349	0.07803
16	0.01781	0.02758	0.01204	0.00979	0.01294	0.00950	0.00785	0.09495	0.11825	0.34420	0.08794	0.04580	0.03277	0.07643	0.02125	0.00227	0.00491	0.05989	0.00591	0.00792
17	0.01447	0.48677	0.21914	0.01264	0.01825	0.08355	0.06281	0.01766	0.01206	0.01479	0.00872	0.01027	0.00729	0.00503	0.00439	0.00142	0.00719	0.00360	0.00247	0.00747
18	0.01230	0.01083	0.03369	0.00903	0.01386	0.00858	0.00742	0.01676	0.11464	0.03669	0.01207	0.01314	0.00965	0.00475	0.00445	0.00103	0.00434	0.00383	0.00372	0.67924
19	0.01914	0.02169	0.06798	0.01421	0.01749	0.39914	0.01172	0.22325	0.01749	0.02006	0.00994	0.01153	0.00791	0.00665	0.00728	0.00169	0.12757	0.00426	0.00356	0.00744
20	0.00749	0.00606	0.00676	0.00703	0.00866	0.00552	0.00536	0.00991	0.05649	0.01612	0.08067	0.16729	0.48097	0.01442	0.00682	0.00204	0.00330	0.10473	0.00529	0.00505
21	0.00722	0.00577	0.00691	0.00766	0.03681	0.00513	0.00523	0.00880	0.01278	0.01638	0.17230	0.26643	0.39959	0.01440	0.00676	0.00198	0.00308	0.01251	0.00530	0.00496
22	0.69856	0.01051	0.00890	0.00775	0.01127	0.01175	0.00636	0.01781	0.01071	0.12712	0.03858	0.01176	0.00895	0.00570	0.00390	0.00174	0.00435	0.00368	0.00406	0.00654

[dist]
# distance from previous block
# <min> <max>
0	6

[block]
# block no. 7 follows, 42 sequences, length 9
# corresponding to MSA columns:
# 702-710
name=unknown_H
#
# <colnr> <probs for GDERKNQSTAVLIFYWHMCP>
#	G	D	E	R	K	N	Q	S	T	A	V	L	I	F	Y	W	H	M	C	P
0	0.01431	0.01493	0.14236	0.01211	0.01623	0.01353	0.01090	0.09451	0.49876	0.04885	0.05727	0.01974	0.01646	0.00734	0.00570	0.00185	0.00520	0.00603	0.00521	0.00871
1	0.01007	0.00614	0.00649	0.00590	0.00793	0.00556	0.00450	0.01251	0.01208	0.01980	0.05082	0.02476	0.11785	0.00740	0.00445	0.00133	0.00292	0.00602	0.54672	0.14678
2	0.01310	0.01079	0.01130	0.01027	0.01312	0.01227	0.00796	0.02636	0.61227	0.02271	0.02423	0.02289	0.05943	0.00786	0.00553	0.00183	0.00411	0.00652	0.11929	0.00817
3	0.00733	0.00643	0.00760	0.13906	0.01291	0.00607	0.00621	0.00915	0.01256	0.01506	0.04900	0.04749	0.63585	0.01278	0.00648	0.00190	0.00364	0.01071	0.00476	0.00501
4	0.00992	0.00576	0.00896	0.14041	0.01268	0.00618	0.00672	0.00853	0.00800	0.01056	0.00981	0.01675	0.00939	0.01718	0.01921	0.69416	0.00533	0.00491	0.00245	0.00309
5	0.01548	0.74921	0.02851	0.00998	0.01466	0.07711	0.00972	0.01726	0.01176	0.01328	0.00789	0.00911	0.00722	0.00489	0.00372	0.00122	0.00632	0.00305	0.00244	0.00717
6	0.00698	0.00534	0.00641	0.00693	0.00800	0.00477	0.00490	0.00842	0.01243	0.01613	0.17080	0.39545	0.30253	0.01532	0.00689	0.00205	0.00301	0.01348	0.00540	0.00477
7	0.02036	0.06004	0.03581	0.01313	0.01640	0.41995	0.01053	0.04890	0.04361	0.18579	0.01233	0.01290	0.00923	0.00648	0.00642	0.00163	0.08073	0.00434	0.00394	0.00746
8	0.01418	0.02851	0.01472	0.01322	0.06355	0.11412	0.06955	0.03472	0.20316	0.08389	0.21174	0.03940	0.02322	0.00820	0.00665	0.00180	0.05028	0.00689	0.00488	0.00733

[dist]
# distance from previous block
# <min> <max>
0	14

[block]
# block no. 8 follows, 42 sequences, length 20
# corresponding to MSA columns:
# 725-744
name=unknown_I
#
# <colnr> <probs for GDERKNQSTAVLIFYWHMCP>
#	G	D	E	R	K	N	Q	S	T	A	V	L	I	F	Y	W	H	M	C	P
0	0.05498	0.01265	0.03940	0.01842	0.16311	0.01228	0.20248	0.05697	0.14695	0.03614	0.01536	0.02003	0.01263	0.00654	0.00578	0.00178	0.00634	0.07159	0.04637	0.07018
1	0.01585	0.01212	0.01944	0.06636	0.04022	0.01218	0.23540	0.13315	0.10720	0.15976	0.06544	0.06025	0.03145	0.00721	0.00612	0.00184	0.00638	0.00687	0.00476	0.00800
2	0.01459	0.01006	0.03527	0.00886	0.01343	0.00764	0.00736	0.01716	0.01319	0.20244	0.08972	0.01659	0.01422	0.00563	0.00482	0.00118	0.00429	0.00462	0.00448	0.52444
3	0.01177	0.01099	0.01824	0.18557	0.41291	0.01137	0.03659	0.01492	0.01252	0.01697	0.01837	0.02479	0.10386	0.00747	0.00600	0.00185	0.00630	0.08882	0.00330	0.00738
4	0.01442	0.01286	0.01855	0.03690	0.11753	0.01438	0.13308	0.11015	0.25346	0.03830	0.01508	0.01722	0.01192	0.04089	0.00893	0.00209	0.13620	0.00586	0.00415	0.00803
5	0.01308	0.01694	0.13736	0.02395	0.11902	0.01396	0.55393	0.01790	0.01303	0.01804	0.01110	0.01456	0.00838	0.00486	0.00633	0.00185	0.00898	0.00609	0.00277	0.00786
6	0.00688	0.00544	0.00620	0.00658	0.00789	0.00476	0.00472	0.00831	0.01253	0.01583	0.13501	0.29881	0.43709	0.01503	0.00683	0.00201	0.00296	0.01303	0.00534	0.00476
7	0.00855	0.00726	0.00890	0.01010	0.10147	0.00682	0.00655	0.01188	0.08458	0.01812	0.21387	0.04323	0.43403	0.01185	0.00643	0.00184	0.00343	0.01011	0.00520	0.00579
8	0.02479	0.00968	0.01305	0.01007	0.01438	0.00851	0.00830	0.02753	0.04648	0.74037	0.02223	0.01923	0.01406	0.00699	0.00566	0.00175	0.00477	0.00569	0.00691	0.00955
9	0.01231	0.01231	0.01724	0.01477	0.01477	0.01724	0.01231	0.01354	0.00862	0.01354	0.00739	0.01231	0.00739	0.00985	0.01847	0.00246	0.79192	0.00492	0.00246	0.00616
10	0.01582	0.70889	0.02795	0.01004	0.01481	0.02168	0.00976	0.10642	0.01327	0.01596	0.00852	0.00958	0.00751	0.00505	0.00386	0.00126	0.00604	0.00326	0.00280	0.00751
11	0.08150	0.09104	0.01772	0.11695	0.24686	0.01330	0.01205	0.02126	0.16766	0.15424	0.01467	0.01560	0.01096	0.00599	0.00526	0.00172	0.00573	0.00505	0.00413	0.00830
12	0.01165	0.10323	0.70209	0.01543	0.02341	0.01395	0.01973	0.01773	0.01184	0.01738	0.00988	0.01161	0.00714	0.00530	0.00518	0.00173	0.00810	0.00405	0.00238	0.00821
13	0.00780	0.00575	0.00730	0.00691	0.00831	0.00524	0.00518	0.01031	0.01555	0.02167	0.67756	0.04352	0.14025	0.01184	0.00664	0.00179	0.00268	0.01039	0.00608	0.00524
14	0.00808	0.00587	0.00822	0.00822	0.00894	0.00659	0.00601	0.00952	0.00880	0.01245	0.01583	0.02628	0.01588	0.25738	0.56722	0.00803	0.01235	0.00664	0.00313	0.00457
15	0.01505	0.80561	0.02949	0.00963	0.01444	0.02227	0.00963	0.01685	0.01143	0.01324	0.00782	0.00903	0.00722	0.00481	0.00361	0.00120	0.00602	0.00301	0.00241	0.00722
16	0.00791	0.00622	0.00734	0.00788	0.00945	0.00582	0.00630	0.01045	0.05192	0.01612	0.04274	0.14040	0.38660	0.01474	0.00705	0.00219	0.00380	0.26272	0.00524	0.00510
17	0.02451	0.00974	0.01304	0.01011	0.01438	0.00865	0.00831	0.02759	0.06487	0.72182	0.02225	0.01928	0.01414	0.00701	0.00566	0.00175	0.00477	0.00571	0.00688	0.00953
18	0.00818	0.00546	0.00614	0.00614	0.00614	0.00546	0.00341	0.00818	0.00818	0.01091	0.01773	0.03683	0.02046	0.80222	0.02864	0.00546	0.00546	0.00818	0.00341	0.00341
19	0.02264	0.01376	0.01565	0.01200	0.01645	0.01447	0.00991	0.51450	0.02310	0.27406	0.01633	0.01534	0.01098	0.00682	0.00564	0.00171	0.00574	0.00526	0.00606	0.00957

[dist]
# distance from previous block
# <min> <max>
0	3

[block]
# block no. 9 follows, 42 sequences, length 34
# corresponding to MSA columns:
# 748-781
name=unknown_J
#
# <colnr> <probs for GDERKNQSTAVLIFYWHMCP>
#	G	D	E	R	K	N	Q	S	T	A	V	L	I	F	Y	W	H	M	C	P
0	0.08083	0.01535	0.01554	0.21768	0.06680	0.17851	0.01167	0.15931	0.14361	0.02103	0.01248	0.01411	0.00950	0.00613	0.00532	0.00171	0.00693	0.00477	0.00385	0.02487
1	0.36316	0.23006	0.06231	0.00970	0.01363	0.13932	0.00871	0.01791	0.03508	0.01939	0.00914	0.01044	0.00744	0.00536	0.00399	0.00153	0.00590	0.00342	0.04684	0.00665
2	0.01541	0.01235	0.01604	0.01714	0.22448	0.01214	0.01086	0.15786	0.13760	0.07121	0.01374	0.01467	0.01055	0.00565	0.00519	0.00146	0.00534	0.00478	0.00425	0.25930
3	0.01668	0.24046	0.03246	0.01469	0.09044	0.34880	0.01104	0.01842	0.01314	0.01407	0.00966	0.04230	0.00897	0.02854	0.00682	0.00166	0.08790	0.00435	0.00280	0.00679
4	0.00995	0.00833	0.01016	0.02564	0.11102	0.03276	0.00759	0.01365	0.09665	0.03941	0.21185	0.06802	0.28442	0.01118	0.00638	0.00187	0.00401	0.04587	0.00511	0.00614
5	0.00818	0.00546	0.00614	0.00614	0.00614	0.00546	0.00341	0.00818	0.00818	0.01091	0.01773	0.03683	0.02046	0.80222	0.02864	0.00546	0.00546	0.00818	0.00341	0.00341
6	0.26010	0.00952	0.01085	0.00877	0.01260	0.00914	0.00719	0.02211	0.01385	0.47038	0.02192	0.02015	0.09540	0.00727	0.00514	0.00176	0.00445	0.00560	0.00576	0.00803
7	0.02035	0.01525	0.01630	0.01274	0.01706	0.01697	0.01045	0.64740	0.12910	0.03379	0.01483	0.01456	0.01064	0.00688	0.00564	0.00172	0.00595	0.00525	0.00564	0.00948
8	0.00834	0.00568	0.00718	0.00681	0.00813	0.00530	0.00511	0.01099	0.01532	0.02233	0.65330	0.03891	0.04735	0.01077	0.00624	0.00170	0.00265	0.00944	0.12916	0.00530
9	0.84197	0.01088	0.00827	0.00740	0.01088	0.01262	0.00609	0.01654	0.00958	0.02525	0.00784	0.00914	0.00609	0.00522	0.00348	0.00174	0.00435	0.00305	0.00348	0.00609
10	0.36864	0.03549	0.09638	0.00965	0.01410	0.01132	0.00886	0.04235	0.01304	0.32845	0.01411	0.01365	0.00954	0.00598	0.00464	0.00173	0.00507	0.00429	0.00481	0.00790
11	0.01493	0.78115	0.05291	0.00983	0.01476	0.02198	0.00998	0.01688	0.01145	0.01338	0.00790	0.00912	0.00722	0.00483	0.00367	0.00122	0.00609	0.00305	0.00241	0.00726
12	0.80060	0.01082	0.00851	0.00753	0.01106	0.01240	0.00620	0.01709	0.00991	0.06303	0.00856	0.00965	0.00649	0.00531	0.00359	0.00174	0.00438	0.00318	0.00366	0.00627
13	0.02063	0.01538	0.01646	0.01279	0.01716	0.01710	0.01051	0.67439	0.10166	0.03424	0.01448	0.01428	0.01035	0.00685	0.00564	0.00171	0.00601	0.00520	0.00564	0.00950
14	0.00756	0.00535	0.00691	0.00753	0.00840	0.00492	0.00533	0.00910	0.01252	0.03179	0.22340	0.48013	0.12185	0.01539	0.00697	0.00211	0.00315	0.03718	0.00551	0.00490
15	0.01063	0.01000	0.01688	0.78870	0.03876	0.01250	0.01563	0.01438	0.01125	0.01438	0.01000	0.01500	0.00750	0.00563	0.00563	0.00188	0.00750	0.00500	0.00250	0.00625
16	0.00769	0.00570	0.00729	0.00804	0.00900	0.00542	0.00594	0.00988	0.04172	0.01668	0.16100	0.42269	0.12308	0.01542	0.00707	0.00219	0.00349	0.13732	0.00541	0.00500
17	0.00818	0.00546	0.00614	0.00614	0.00614	0.00546	0.00341	0.00818	0.00818	0.01091	0.01773	0.03683	0.02046	0.80222	0.02864	0.00546	0.00546	0.00818	0.00341	0.00341
18	0.01505	0.80561	0.02949	0.00963	0.01444	0.02227	0.00963	0.01685	0.01143	0.01324	0.00782	0.00903	0.00722	0.00481	0.00361	0.00120	0.00602	0.00301	0.00241	0.00722
19	0.00682	0.00505	0.00637	0.00743	0.00806	0.00461	0.00504	0.00788	0.01116	0.01452	0.03595	0.65723	0.17536	0.01699	0.00708	0.00221	0.00319	0.01522	0.00522	0.00461
20	0.01063	0.01000	0.01688	0.78870	0.03876	0.01250	0.01563	0.01438	0.01125	0.01438	0.01000	0.01500	0.00750	0.00563	0.00563	0.00188	0.00750	0.00500	0.00250	0.00625
21	0.01907	0.01455	0.01451	0.03330	0.01600	0.09318	0.00956	0.45510	0.06980	0.06687	0.01473	0.01515	0.01075	0.00666	0.00532	0.00163	0.00590	0.00506	0.13444	0.00845
22	0.00683	0.00499	0.00644	0.00760	0.00810	0.00459	0.00512	0.00786	0.01100	0.01446	0.03392	0.71553	0.11837	0.01725	0.00712	0.00224	0.00322	0.01554	0.00522	0.00459
23	0.04045	0.18983	0.44545	0.01443	0.05936	0.01425	0.01592	0.01826	0.01234	0.09418	0.03811	0.01313	0.00957	0.00560	0.00501	0.00165	0.00705	0.00429	0.00305	0.00806
24	0.01750	0.01474	0.01858	0.01463	0.01787	0.03225	0.09315	0.40456	0.05666	0.02618	0.01189	0.01366	0.00917	0.00745	0.00943	0.00194	0.23249	0.00524	0.00436	0.00827
25	0.01757	0.01243	0.01353	0.01087	0.01430	0.01368	0.00884	0.50892	0.02139	0.02987	0.01472	0.01607	0.01111	0.01067	0.09162	0.00243	0.00642	0.00521	0.18222	0.00814
26	0.01530	0.01263	0.01334	0.01155	0.01496	0.01438	0.00911	0.18343	0.57063	0.02578	0.02223	0.02070	0.04504	0.00771	0.00574	0.00186	0.00476	0.00630	0.00569	0.00889
27	0.00670	0.00568	0.00579	0.00581	0.00764	0.00476	0.00434	0.00815	0.01287	0.01542	0.07914	0.07635	0.71970	0.01427	0.00667	0.00191	0.00286	0.01195	0.00526	0.00476
28	0.00890	0.00611	0.00768	0.03798	0.00995	0.00560	0.00580	0.01092	0.01387	0.07704	0.30779	0.15524	0.26992	0.01289	0.00666	0.00193	0.00329	0.04741	0.00561	0.00539
29	0.00852	0.00671	0.00986	0.00959	0.01045	0.00812	0.00750	0.01038	0.00897	0.01305	0.01431	0.02151	0.01354	0.06406	0.66983	0.00819	0.10139	0.00598	0.00297	0.00510
30	0.01141	0.02525	0.60279	0.04295	0.04894	0.01281	0.10069	0.01736	0.01225	0.01798	0.04755	0.01391	0.00963	0.00558	0.00557	0.00179	0.00809	0.00479	0.00264	0.00804
31	0.01825	0.01561	0.03108	0.01250	0.01636	0.10069	0.01014	0.33962	0.32095	0.04909	0.01696	0.01630	0.01247	0.00698	0.00560	0.00175	0.00593	0.00543	0.00533	0.00894
32	0.01555	0.02837	0.01496	0.05104	0.04918	0.01067	0.04657	0.12115	0.03964	0.14923	0.03742	0.01492	0.01115	0.00570	0.00547	0.00138	0.03010	0.00467	0.00431	0.35850
33	0.06016	0.42959	0.08032	0.01034	0.01490	0.10366	0.00982	0.05348	0.01284	0.01659	0.03704	0.01152	0.00934	0.00532	0.00419	0.00131	0.00614	0.00365	0.03014	0.09965

[dist]
# distance from previous block
# <min> <max>
0	9

[block]
# block no. 10 follows, 42 sequences, length 37
# corresponding to MSA columns:
# 791-827
name=unknown_K
#
# <colnr> <probs for GDERKNQSTAVLIFYWHMCP>
#	G	D	E	R	K	N	Q	S	T	A	V	L	I	F	Y	W	H	M	C	P
0	0.01032	0.00802	0.05931	0.04559	0.06359	0.00669	0.00804	0.01233	0.01231	0.11188	0.10731	0.45559	0.03064	0.01333	0.00664	0.00207	0.00420	0.03112	0.00508	0.00592
1	0.01454	0.06695	0.05014	0.10069	0.09940	0.03449	0.01096	0.12605	0.25467	0.04828	0.03625	0.04065	0.01423	0.00711	0.00550	0.00176	0.00557	0.02062	0.05413	0.00801
2	0.01441	0.01019	0.01214	0.00883	0.01370	0.00808	0.00712	0.04944	0.01309	0.14662	0.01223	0.01302	0.00934	0.00476	0.00449	0.00103	0.00436	0.00381	0.00405	0.65932
3	0.00683	0.00500	0.00642	0.00756	0.00809	0.00459	0.00510	0.00787	0.01104	0.01447	0.03432	0.70388	0.12976	0.01720	0.00712	0.00224	0.00321	0.01547	0.00522	0.00459
4	0.00708	0.00518	0.00668	0.00765	0.00833	0.00479	0.00535	0.00839	0.01169	0.01546	0.10906	0.58302	0.12945	0.01645	0.00710	0.00220	0.00327	0.05882	0.00532	0.00471
5	0.01063	0.01000	0.01688	0.78870	0.03876	0.01250	0.01563	0.01438	0.01125	0.01438	0.01000	0.01500	0.00750	0.00563	0.00563	0.00188	0.00750	0.00500	0.00250	0.00625
6	0.00707	0.00516	0.00669	0.00778	0.00841	0.00479	0.00545	0.00831	0.01141	0.01501	0.06375	0.61672	0.12245	0.01681	0.00715	0.00225	0.00336	0.07749	0.00526	0.00468
7	0.07583	0.01244	0.09987	0.04172	0.01645	0.01018	0.01004	0.06965	0.05996	0.51596	0.01890	0.01726	0.01231	0.00664	0.00548	0.00176	0.00534	0.00530	0.00588	0.00903
8	0.00978	0.00489	0.00733	0.00733	0.00733	0.00489	0.00489	0.00733	0.00733	0.00978	0.00978	0.01711	0.00978	0.01955	0.02199	0.83627	0.00489	0.00489	0.00244	0.00244
9	0.02102	0.02682	0.01595	0.01450	0.01740	0.77963	0.01087	0.02247	0.01595	0.01377	0.00870	0.01015	0.00725	0.00580	0.00507	0.00145	0.01015	0.00362	0.00290	0.00652
10	0.01347	0.01253	0.02123	0.06549	0.53085	0.01224	0.07770	0.01673	0.01265	0.03816	0.01168	0.04513	0.01000	0.00548	0.00557	0.00163	0.00649	0.00541	0.00305	0.10450
11	0.08347	0.01112	0.02018	0.11982	0.02202	0.01164	0.31183	0.01437	0.01164	0.01684	0.01572	0.19570	0.01559	0.00879	0.00758	0.00205	0.08505	0.03678	0.00345	0.00635
12	0.01557	0.73769	0.02831	0.01005	0.01470	0.08832	0.00974	0.01734	0.01183	0.01329	0.00790	0.00913	0.00722	0.00490	0.00374	0.00123	0.00638	0.00306	0.00245	0.00716
13	0.01458	0.18818	0.01684	0.00998	0.01426	0.03005	0.05183	0.01781	0.07004	0.12559	0.01301	0.01525	0.01063	0.07466	0.00668	0.00161	0.00527	0.00446	0.00380	0.32545
14	0.01846	0.02169	0.01702	0.16847	0.02213	0.51027	0.04493	0.08378	0.01566	0.01597	0.00947	0.01168	0.00756	0.00589	0.00559	0.00160	0.02584	0.00419	0.00305	0.00678
15	0.00854	0.00639	0.00862	0.00857	0.00951	0.00719	0.00633	0.01128	0.07416	0.01356	0.01699	0.05682	0.01669	0.20539	0.51571	0.00736	0.01155	0.00694	0.00343	0.00499
16	0.00705	0.00549	0.00642	0.00675	0.00804	0.00486	0.00489	0.00863	0.01287	0.01656	0.19891	0.27582	0.37736	0.01472	0.00683	0.00200	0.00299	0.02957	0.00543	0.00483
17	0.02525	0.00958	0.01306	0.01001	0.01437	0.00827	0.00827	0.02743	0.01611	0.77102	0.02220	0.01915	0.01393	0.00697	0.00566	0.00174	0.00479	0.00566	0.00697	0.00958
18	0.01448	0.01005	0.01128	0.00997	0.01277	0.01090	0.00769	0.02459	0.44943	0.14578	0.11234	0.02463	0.02119	0.07725	0.00775	0.00215	0.00430	0.00682	0.03866	0.00796
19	0.00790	0.00577	0.00699	0.00739	0.00837	0.00545	0.00547	0.00932	0.01169	0.01516	0.11840	0.11505	0.21123	0.24404	0.01339	0.00313	0.00423	0.19770	0.00480	0.00452
20	0.01224	0.00792	0.01011	0.01026	0.03948	0.00786	0.00761	0.10901	0.04410	0.12018	0.08161	0.31284	0.05736	0.01295	0.00670	0.00210	0.00431	0.14147	0.00550	0.00640
21	0.03634	0.09642	0.04896	0.01230	0.07957	0.01150	0.00954	0.10997	0.07810	0.24897	0.12690	0.05330	0.01943	0.00792	0.00566	0.00175	0.00502	0.03499	0.00530	0.00807
22	0.10808	0.60113	0.13676	0.01032	0.01550	0.01982	0.01088	0.01696	0.01129	0.01528	0.00816	0.00946	0.00708	0.00494	0.00385	0.00135	0.00617	0.00318	0.00252	0.00726
23	0.14984	0.13063	0.01763	0.01251	0.04818	0.01722	0.01010	0.49409	0.02100	0.02986	0.01166	0.01218	0.00865	0.00615	0.00499	0.00163	0.00590	0.00444	0.00470	0.00865
24	0.01589	0.01228	0.01432	0.06483	0.04967	0.02947	0.00943	0.20299	0.11541	0.08932	0.01363	0.01435	0.01024	0.00583	0.00538	0.00143	0.02288	0.00461	0.00444	0.31360
25	0.01564	0.01327	0.03317	0.10734	0.28112	0.03464	0.01309	0.15393	0.11871	0.07958	0.01378	0.01613	0.01076	0.04042	0.00717	0.00193	0.04162	0.00534	0.00402	0.00835
26	0.02668	0.00806	0.00909	0.00830	0.01061	0.00818	0.00639	0.01727	0.24025	0.07921	0.29090	0.03626	0.21536	0.01054	0.00623	0.00184	0.00345	0.00895	0.00582	0.00661
27	0.01044	0.00775	0.00908	0.00839	0.01026	0.00776	0.00635	0.17275	0.01626	0.02187	0.27533	0.22790	0.15751	0.01326	0.02681	0.00209	0.00395	0.01069	0.00558	0.00597
28	0.00731	0.00563	0.00667	0.00661	0.00805	0.00500	0.00488	0.00928	0.01409	0.01866	0.39499	0.13273	0.33918	0.01331	0.00670	0.00188	0.00280	0.01153	0.00569	0.00500
29	0.00707	0.00516	0.00655	0.00745	0.00809	0.00477	0.00511	0.00824	0.01141	0.01506	0.09761	0.56605	0.13504	0.06352	0.00836	0.00239	0.00334	0.03497	0.00520	0.00461
30	0.01505	0.80561	0.02949	0.00963	0.01444	0.02227	0.00963	0.01685	0.01143	0.01324	0.00782	0.00903	0.00722	0.00481	0.00361	0.00120	0.00602	0.00301	0.00241	0.00722
31	0.00713	0.00548	0.00677	0.02798	0.00897	0.00502	0.00536	0.00862	0.01224	0.01584	0.13725	0.40310	0.27604	0.01530	0.00692	0.00209	0.00324	0.04257	0.00528	0.00480
32	0.01109	0.01025	0.01688	0.75513	0.03784	0.01272	0.01542	0.04614	0.01191	0.01529	0.01015	0.01494	0.00759	0.00568	0.00563	0.00187	0.00745	0.00500	0.00264	0.00640
33	0.01234	0.01259	0.01341	0.11731	0.08129	0.19745	0.04168	0.01485	0.01411	0.01732	0.22107	0.08875	0.02589	0.00950	0.00623	0.00186	0.00619	0.10785	0.00424	0.00607
34	0.01294	0.01003	0.01172	0.00914	0.01336	0.00863	0.00731	0.05952	0.09698	0.06831	0.03081	0.05111	0.01342	0.00631	0.00493	0.00125	0.00435	0.04805	0.00423	0.53760
35	0.06739	0.04683	0.01519	0.03428	0.08099	0.01369	0.00980	0.34333	0.06681	0.13096	0.03909	0.01953	0.09252	0.00741	0.00556	0.00172	0.00539	0.00588	0.00519	0.00844
36	0.03477	0.03065	0.01180	0.07629	0.01445	0.01036	0.02452	0.14110	0.12977	0.02046	0.03792	0.09518	0.12915	0.03892	0.06341	0.00248	0.00555	0.04876	0.04192	0.04253

[dist]
# distance from previous block
# <min> <max>
0	21

[block]
# block no. 11 follows, 42 sequences, length 30
# corresponding to MSA columns:
# 849-876,879,880
name=unknown_L
#
# <colnr> <probs for GDERKNQSTAVLIFYWHMCP>
#	G	D	E	R	K	N	Q	S	T	A	V	L	I	F	Y	W	H	M	C	P
0	0.01361	0.01175	0.01623	0.21595	0.07592	0.03188	0.07468	0.08424	0.18912	0.04983	0.01526	0.05285	0.01231	0.00687	0.00588	0.01295	0.00609	0.01751	0.00404	0.10302
1	0.23746	0.01136	0.02721	0.00973	0.01392	0.03774	0.00813	0.07187	0.01479	0.44906	0.01656	0.01534	0.01095	0.00629	0.00499	0.00169	0.00500	0.00472	0.00556	0.04764
2	0.08712	0.01202	0.01234	0.00990	0.01353	0.07522	0.00794	0.17804	0.01555	0.13209	0.01377	0.01582	0.01070	0.03470	0.00620	0.00160	0.03565	0.01882	0.09746	0.22156
3	0.00838	0.00591	0.00743	0.00705	0.00859	0.00535	0.00536	0.01078	0.01523	0.04786	0.57318	0.04437	0.18758	0.01203	0.00665	0.00183	0.00287	0.03822	0.00600	0.00535
4	0.01933	0.02371	0.01613	0.14151	0.02091	0.62971	0.01165	0.04403	0.01551	0.01456	0.00906	0.01105	0.00736	0.00580	0.00518	0.00153	0.00959	0.00390	0.00292	0.00658
5	0.02170	0.01190	0.01553	0.01475	0.13855	0.01176	0.01032	0.24176	0.01852	0.39960	0.01755	0.01667	0.01182	0.00657	0.00557	0.00170	0.00544	0.00536	0.03562	0.00931
