[name]
unknown

[dist]
# distance from previous block
# <min> <max>
0	573

[block]
# block no. 0 follows, 49 sequences, length 13
# corresponding to MSA columns:
# 574-586
name=unknown_A
#
# <colnr> <probs for GDERKNQSTAVLIFYWHMCP>
#	G	D	E	R	K	N	Q	S	T	A	V	L	I	F	Y	W	H	M	C	P
0	0.06726	0.01135	0.01220	0.02735	0.04895	0.10396	0.00833	0.16667	0.05045	0.26726	0.11313	0.01889	0.01556	0.00687	0.00534	0.00158	0.02180	0.04096	0.00485	0.00724
1	0.00955	0.00893	0.01502	0.73313	0.07253	0.01095	0.01369	0.01278	0.01016	0.01310	0.00988	0.05039	0.00803	0.00552	0.00512	0.00169	0.00653	0.00495	0.00237	0.00567
2	0.00616	0.00440	0.00587	0.00704	0.00733	0.00411	0.00469	0.00704	0.00968	0.01291	0.02787	0.81899	0.03344	0.01584	0.00645	0.00205	0.00293	0.01438	0.00469	0.00411
3	0.01152	0.00960	0.01104	0.00798	0.01242	0.00780	0.00642	0.10317	0.01206	0.01831	0.00936	0.01068	0.00762	0.00402	0.00390	0.00084	0.00396	0.00318	0.00324	0.75285
4	0.01049	0.00899	0.01049	0.00749	0.01198	0.00674	0.00599	0.01273	0.01049	0.01648	0.00899	0.01049	0.00749	0.00374	0.00374	0.00075	0.00374	0.00300	0.00300	0.85320
5	0.01135	0.12092	0.63277	0.01360	0.02025	0.08538	0.01667	0.01629	0.01096	0.01519	0.00872	0.01023	0.00643	0.00478	0.00460	0.00151	0.00738	0.00357	0.00218	0.00721
6	0.00716	0.00517	0.00676	0.00636	0.00755	0.00477	0.00477	0.00954	0.01431	0.02028	0.78808	0.03777	0.04771	0.01034	0.00596	0.00159	0.00239	0.00914	0.00557	0.00477
7	0.01818	0.02132	0.01409	0.01253	0.01534	0.61294	0.00954	0.11229	0.10664	0.01578	0.00986	0.01064	0.00783	0.00551	0.00469	0.00138	0.00808	0.00371	0.00320	0.00645
8	0.00955	0.00899	0.01517	0.81013	0.03483	0.01123	0.01404	0.01292	0.01011	0.01292	0.00899	0.01348	0.00674	0.00506	0.00506	0.00169	0.00674	0.00449	0.00225	0.00562
9	0.00777	0.00538	0.00640	0.00601	0.00756	0.00476	0.00452	0.00959	0.01295	0.07133	0.40730	0.04061	0.34591	0.03952	0.00660	0.00175	0.00268	0.00942	0.00517	0.00477
10	0.00624	0.00446	0.00594	0.00699	0.00735	0.00416	0.00470	0.00724	0.01005	0.01349	0.08834	0.75685	0.03458	0.01540	0.00642	0.00202	0.00289	0.01396	0.00476	0.00416
11	0.00724	0.00537	0.00789	0.00789	0.00871	0.00619	0.00602	0.00888	0.00806	0.01156	0.01376	0.02108	0.01317	0.11004	0.73085	0.00783	0.01275	0.00560	0.00274	0.00438
12	0.00716	0.00517	0.00676	0.00636	0.00755	0.00477	0.00477	0.00954	0.01431	0.02028	0.78808	0.03777	0.04771	0.01034	0.00596	0.00159	0.00239	0.00914	0.00557	0.00477

[dist]
# distance from previous block
# <min> <max>
0	11

[block]
# block no. 1 follows, 49 sequences, length 6
# corresponding to MSA columns:
# 598-603
name=unknown_B
#
# <colnr> <probs for GDERKNQSTAVLIFYWHMCP>
#	G	D	E	R	K	N	Q	S	T	A	V	L	I	F	Y	W	H	M	C	P
0	0.01003	0.00948	0.01604	0.68378	0.15742	0.01136	0.01428	0.01334	0.01034	0.01350	0.00907	0.01332	0.00695	0.00497	0.00505	0.00166	0.00662	0.00450	0.00229	0.00601
1	0.01889	0.02410	0.01433	0.01303	0.01563	0.80199	0.00977	0.02019	0.01433	0.01238	0.00782	0.00912	0.00651	0.00521	0.00456	0.00130	0.00912	0.00326	0.00261	0.00586
2	0.00616	0.00440	0.00587	0.00704	0.00733	0.00411	0.00469	0.00704	0.00968	0.01291	0.02787	0.81899	0.03344	0.01584	0.00645	0.00205	0.00293	0.01438	0.00469	0.00411
3	0.01049	0.00899	0.01049	0.00749	0.01198	0.00674	0.00599	0.01273	0.01049	0.01648	0.00899	0.01049	0.00749	0.00374	0.00374	0.00075	0.00374	0.00300	0.00300	0.85320
4	0.00732	0.00503	0.00615	0.00615	0.00636	0.00524	0.00385	0.00776	0.00754	0.01027	0.01536	0.02990	0.01700	0.63287	0.21326	0.00568	0.00699	0.00689	0.00298	0.00341
5	0.01202	0.01161	0.01962	0.02663	0.59997	0.01161	0.08637	0.01597	0.07579	0.01668	0.01332	0.01559	0.06132	0.00524	0.00518	0.00155	0.00585	0.00516	0.00288	0.00764

[dist]
# distance from previous block
# <min> <max>
0	4

[block]
# block no. 2 follows, 49 sequences, length 12
# corresponding to MSA columns:
# 608-619
name=unknown_C
#
# <colnr> <probs for GDERKNQSTAVLIFYWHMCP>
#	G	D	E	R	K	N	Q	S	T	A	V	L	I	F	Y	W	H	M	C	P
0	0.00636	0.00509	0.00571	0.00582	0.00724	0.00444	0.00437	0.00789	0.01192	0.01505	0.20269	0.13165	0.50803	0.01268	0.00608	0.00175	0.00268	0.05129	0.00488	0.00438
1	0.01534	0.01223	0.01299	0.01085	0.01420	0.01387	0.00867	0.33693	0.46706	0.02560	0.01708	0.01607	0.01260	0.00653	0.00511	0.00163	0.00465	0.00523	0.00511	0.00825
2	0.08319	0.01261	0.01299	0.01024	0.01404	0.07588	0.00833	0.35523	0.06926	0.20035	0.01341	0.01303	0.00942	0.00575	0.00475	0.00145	0.00514	0.00435	0.00478	0.09580
3	0.01200	0.13039	0.59463	0.01310	0.01971	0.01273	0.01604	0.05617	0.01159	0.07423	0.00977	0.01090	0.00699	0.00492	0.00463	0.00153	0.00686	0.00374	0.00260	0.00749
4	0.01111	0.09401	0.67175	0.01371	0.02066	0.01275	0.01714	0.07235	0.01162	0.01684	0.00913	0.01056	0.00658	0.00486	0.00469	0.00155	0.00715	0.00371	0.00236	0.00747
5	0.00680	0.00495	0.00654	0.00759	0.00832	0.00469	0.00575	0.00820	0.01053	0.01373	0.03000	0.48448	0.11254	0.01490	0.00658	0.00211	0.00346	0.25985	0.00468	0.00431
6	0.00723	0.00537	0.00790	0.00790	0.00873	0.00620	0.00604	0.00889	0.00806	0.01157	0.01375	0.02100	0.01314	0.10540	0.73545	0.00785	0.01280	0.00558	0.00274	0.00439
7	0.09045	0.49560	0.21107	0.01055	0.03811	0.01641	0.01095	0.01576	0.01044	0.04883	0.00818	0.00928	0.00669	0.00457	0.00375	0.00129	0.00574	0.00312	0.00244	0.00678
8	0.00608	0.00513	0.00527	0.00523	0.00689	0.00431	0.00392	0.00746	0.01177	0.01424	0.11569	0.04771	0.72387	0.01259	0.00598	0.00170	0.00255	0.01054	0.00477	0.00431
9	0.00735	0.00490	0.00552	0.00552	0.00552	0.00490	0.00306	0.00735	0.00735	0.00980	0.01593	0.03309	0.01838	0.82229	0.02574	0.00490	0.00490	0.00735	0.00306	0.00306
10	0.80905	0.00971	0.00768	0.00679	0.00996	0.01111	0.00559	0.01544	0.00895	0.06791	0.00780	0.00874	0.00589	0.00479	0.00324	0.00156	0.00393	0.00288	0.00331	0.00566
11	0.01220	0.05444	0.02017	0.12695	0.65562	0.01234	0.01497	0.01518	0.01127	0.01583	0.00932	0.01240	0.00777	0.00456	0.00492	0.00150	0.00607	0.00441	0.00245	0.00763

[dist]
# distance from previous block
# <min> <max>
0	2

[block]
# block no. 3 follows, 49 sequences, length 12
# corresponding to MSA columns:
# 622-633
name=unknown_D
#
# <colnr> <probs for GDERKNQSTAVLIFYWHMCP>
#	G	D	E	R	K	N	Q	S	T	A	V	L	I	F	Y	W	H	M	C	P
0	0.00723	0.00539	0.00798	0.00798	0.00883	0.00624	0.00614	0.00894	0.00808	0.01163	0.01368	0.02061	0.01296	0.08204	0.75857	0.00795	0.01306	0.00553	0.00273	0.00443
1	0.85801	0.00978	0.00743	0.00665	0.00978	0.01134	0.00548	0.01486	0.00861	0.02269	0.00704	0.00821	0.00548	0.00469	0.00313	0.00156	0.00391	0.00274	0.00313	0.00548
2	0.02060	0.05566	0.01276	0.00907	0.01307	0.00884	0.00755	0.09192	0.01468	0.59984	0.01737	0.01554	0.01130	0.00587	0.00484	0.00145	0.00442	0.00469	0.00558	0.09495
3	0.00618	0.00509	0.00544	0.00544	0.00698	0.00434	0.00405	0.00763	0.01189	0.01472	0.17311	0.09136	0.62112	0.01257	0.00600	0.00171	0.00255	0.01063	0.00484	0.00434
4	0.00912	0.00829	0.01367	0.65998	0.02977	0.01022	0.01238	0.01208	0.00969	0.01257	0.01000	0.01557	0.00823	0.06404	0.10183	0.00267	0.00743	0.00480	0.00236	0.00531
5	0.01194	0.01364	0.02984	0.02131	0.02643	0.01279	0.77238	0.01620	0.01194	0.01620	0.01023	0.01364	0.00767	0.00426	0.00597	0.00171	0.00853	0.00597	0.00256	0.00682
6	0.00609	0.00513	0.00528	0.00525	0.00690	0.00432	0.00393	0.00748	0.01180	0.01432	0.12428	0.04758	0.71522	0.01256	0.00598	0.00170	0.00254	0.01052	0.00478	0.00432
7	0.00955	0.00899	0.01517	0.81013	0.03483	0.01123	0.01404	0.01292	0.01011	0.01292	0.00899	0.01348	0.00674	0.00506	0.00506	0.00169	0.00674	0.00449	0.00225	0.00562
8	0.00668	0.00505	0.00694	0.00747	0.00830	0.00469	0.03034	0.00806	0.01075	0.01423	0.11869	0.51950	0.12468	0.01423	0.00639	0.00198	0.00321	0.09976	0.00472	0.00436
9	0.85801	0.00978	0.00743	0.00665	0.00978	0.01134	0.00548	0.01486	0.00861	0.02269	0.00704	0.00821	0.00548	0.00469	0.00313	0.00156	0.00391	0.00274	0.00313	0.00548
10	0.01268	0.16844	0.10328	0.00953	0.01278	0.12974	0.00859	0.08512	0.06111	0.05841	0.23680	0.02064	0.05841	0.00709	0.00492	0.00146	0.00506	0.00564	0.00400	0.00630
11	0.01652	0.01482	0.01476	0.09758	0.15483	0.24800	0.01058	0.10186	0.12719	0.14482	0.01257	0.01326	0.00933	0.00558	0.00492	0.00150	0.00639	0.00441	0.00379	0.00728

[dist]
# distance from previous block
# <min> <max>
0	2

[block]
# block no. 4 follows, 49 sequences, length 47
# corresponding to MSA columns:
# 636-682
name=unknown_E
#
# <colnr> <probs for GDERKNQSTAVLIFYWHMCP>
#	G	D	E	R	K	N	Q	S	T	A	V	L	I	F	Y	W	H	M	C	P
0	0.01528	0.01624	0.01659	0.01922	0.31061	0.32249	0.03865	0.01750	0.01266	0.05691	0.00936	0.01120	0.00758	0.00477	0.00470	0.00133	0.00693	0.00389	0.00281	0.12128
1	0.01254	0.52332	0.15721	0.06564	0.06951	0.01696	0.01118	0.01593	0.06036	0.01359	0.00856	0.00992	0.00718	0.00463	0.00388	0.00128	0.00580	0.00332	0.00238	0.00680
2	0.01304	0.01184	0.01165	0.01049	0.01333	0.07070	0.00813	0.02638	0.72511	0.02051	0.01964	0.01815	0.01478	0.00674	0.00510	0.00168	0.00438	0.00554	0.00496	0.00785
3	0.01002	0.00961	0.01668	0.67726	0.11365	0.01142	0.06330	0.01341	0.01038	0.01351	0.00912	0.01339	0.00693	0.00495	0.00511	0.00167	0.00678	0.00459	0.00229	0.00595
4	0.85801	0.00978	0.00743	0.00665	0.00978	0.01134	0.00548	0.01486	0.00861	0.02269	0.00704	0.00821	0.00548	0.00469	0.00313	0.00156	0.00391	0.00274	0.00313	0.00548
5	0.01270	0.01101	0.01217	0.01184	0.07045	0.01259	0.00859	0.03978	0.71096	0.02101	0.01961	0.01827	0.01476	0.00667	0.00513	0.00170	0.00418	0.00561	0.00495	0.00802
6	0.02269	0.00861	0.01174	0.00900	0.01291	0.00743	0.00743	0.02464	0.01447	0.79425	0.01995	0.01721	0.01252	0.00626	0.00509	0.00156	0.00430	0.00509	0.00626	0.00861
7	0.00735	0.00490	0.00552	0.00552	0.00552	0.00490	0.00306	0.00735	0.00735	0.00980	0.01593	0.03309	0.01838	0.82229	0.02574	0.00490	0.00490	0.00735	0.00306	0.00306
8	0.00716	0.00517	0.00676	0.00636	0.00755	0.00477	0.00477	0.00954	0.01431	0.02028	0.78808	0.03777	0.04771	0.01034	0.00596	0.00159	0.00239	0.00914	0.00557	0.00477
9	0.00698	0.00516	0.00651	0.00618	0.00745	0.00470	0.00463	0.00920	0.01390	0.01929	0.67763	0.03941	0.15877	0.01071	0.00597	0.00161	0.00241	0.00937	0.00544	0.00470
10	0.00731	0.00537	0.00775	0.00783	0.00863	0.00608	0.00598	0.00889	0.00826	0.01170	0.01480	0.02431	0.01460	0.14844	0.63650	0.00727	0.01170	0.05737	0.00289	0.00432
11	0.01051	0.11338	0.71209	0.01378	0.02091	0.01265	0.01759	0.01592	0.01063	0.01556	0.00885	0.01040	0.00641	0.00475	0.00463	0.00154	0.00725	0.00362	0.00214	0.00737
12	0.01352	0.82533	0.02650	0.00865	0.01298	0.02001	0.00865	0.01514	0.01027	0.01190	0.00703	0.00811	0.00649	0.00433	0.00324	0.00108	0.00541	0.00270	0.00216	0.00649
13	0.00598	0.00512	0.00512	0.00512	0.00683	0.00427	0.00384	0.00726	0.01153	0.01366	0.05123	0.04866	0.78869	0.01281	0.00598	0.00171	0.00256	0.01067	0.00470	0.00427
14	0.00732	0.00545	0.00788	0.00784	0.00858	0.00629	0.00592	0.00884	0.00800	0.01146	0.01377	0.02169	0.01339	0.15584	0.66915	0.00752	0.02830	0.00569	0.00275	0.00432
15	0.01352	0.82533	0.02650	0.00865	0.01298	0.02001	0.00865	0.01514	0.01027	0.01190	0.00703	0.00811	0.00649	0.00433	0.00324	0.00108	0.00541	0.00270	0.00216	0.00649
16	0.02269	0.00861	0.01174	0.00900	0.01291	0.00743	0.00743	0.02464	0.01447	0.79425	0.01995	0.01721	0.01252	0.00626	0.00509	0.00156	0.00430	0.00509	0.00626	0.00861
17	0.01203	0.01140	0.01927	0.06986	0.70063	0.01151	0.01464	0.01486	0.01117	0.01590	0.00990	0.01390	0.00862	0.05749	0.00635	0.00173	0.00597	0.00469	0.00253	0.00757
18	0.01740	0.16180	0.05726	0.03503	0.06818	0.33218	0.01017	0.10960	0.01426	0.13307	0.01024	0.01096	0.00777	0.00524	0.00452	0.00137	0.00694	0.00373	0.00333	0.00694
19	0.02269	0.00861	0.01174	0.00900	0.01291	0.00743	0.00743	0.02464	0.01447	0.79425	0.01995	0.01721	0.01252	0.00626	0.00509	0.00156	0.00430	0.00509	0.00626	0.00861
20	0.00706	0.00510	0.00668	0.00643	0.00753	0.00471	0.00476	0.00931	0.01388	0.01958	0.71644	0.11138	0.04637	0.01086	0.00601	0.00163	0.00244	0.00964	0.00548	0.00471
21	0.01272	0.64449	0.14901	0.06147	0.01582	0.01812	0.01061	0.01514	0.01033	0.01262	0.00748	0.00887	0.00649	0.00445	0.00361	0.00120	0.00582	0.00299	0.00216	0.00659
22	0.06674	0.01202	0.01522	0.01399	0.06599	0.06909	0.01088	0.03204	0.00891	0.01365	0.00708	0.01087	0.00670	0.00797	0.01382	0.00204	0.63057	0.00424	0.00239	0.00579
23	0.00642	0.00459	0.00617	0.00734	0.00775	0.00433	0.00515	0.00750	0.00994	0.01320	0.02773	0.71798	0.03287	0.01559	0.00652	0.00209	0.00316	0.11278	0.00469	0.00418
24	0.01875	0.01467	0.01486	0.01165	0.01551	0.07337	0.00951	0.66773	0.07447	0.02971	0.01239	0.01237	0.00891	0.00606	0.00503	0.00152	0.00572	0.00454	0.00488	0.00836
25	0.85801	0.00978	0.00743	0.00665	0.00978	0.01134	0.00548	0.01486	0.00861	0.02269	0.00704	0.00821	0.00548	0.00469	0.00313	0.00156	0.00391	0.00274	0.00313	0.00548
26	0.00735	0.00490	0.00552	0.00552	0.00552	0.00490	0.00306	0.00735	0.00735	0.00980	0.01593	0.03309	0.01838	0.82229	0.02574	0.00490	0.00490	0.00735	0.00306	0.00306
27	0.01835	0.02240	0.01511	0.01431	0.06841	0.67913	0.02484	0.07164	0.01474	0.01407	0.00828	0.00964	0.00678	0.00520	0.00465	0.00134	0.00865	0.00348	0.00277	0.00621
28	0.00713	0.00517	0.00672	0.00633	0.00754	0.00476	0.00475	0.00949	0.01424	0.02011	0.76958	0.03805	0.06631	0.01040	0.00596	0.00159	0.00239	0.00918	0.00554	0.00476
29	0.35983	0.00734	0.00728	0.00646	0.00870	0.00792	0.04436	0.01353	0.00992	0.03545	0.01234	0.01416	0.00959	0.00532	0.00352	0.00137	0.00336	0.00397	0.44036	0.00521
30	0.80051	0.01089	0.06091	0.00718	0.01060	0.01137	0.00637	0.01494	0.00875	0.02224	0.00718	0.00838	0.00554	0.00470	0.00324	0.00157	0.00415	0.00281	0.00306	0.00561
31	0.00955	0.00899	0.01517	0.81013	0.03483	0.01123	0.01404	0.01292	0.01011	0.01292	0.00899	0.01348	0.00674	0.00506	0.00506	0.00169	0.00674	0.00449	0.00225	0.00562
32	0.00722	0.00542	0.00813	0.00813	0.00903	0.00632	0.00632	0.00903	0.00813	0.01174	0.01354	0.01987	0.01264	0.03792	0.80225	0.00813	0.01354	0.00542	0.00271	0.00451
33	0.00622	0.00449	0.00589	0.00690	0.00732	0.00416	0.00466	0.00721	0.01008	0.01342	0.07829	0.72902	0.07298	0.01533	0.00640	0.00201	0.00288	0.01385	0.00475	0.00416
34	0.00715	0.00555	0.00655	0.00623	0.00771	0.00515	0.00469	0.01000	0.06619	0.01820	0.49748	0.03999	0.28463	0.01090	0.00591	0.00164	0.00255	0.00940	0.00526	0.00483
35	0.00725	0.00513	0.00664	0.00629	0.00746	0.00475	0.00471	0.00961	0.01403	0.02006	0.73275	0.05244	0.04562	0.01022	0.00585	0.00158	0.00240	0.00902	0.04944	0.00475
36	0.00632	0.00466	0.00654	0.00744	0.00787	0.00435	0.02614	0.00730	0.00974	0.01300	0.02738	0.79649	0.03272	0.01552	0.00644	0.00204	0.00309	0.01414	0.00463	0.00418
37	0.00723	0.00538	0.00795	0.00795	0.00879	0.00622	0.00610	0.00891	0.00807	0.01161	0.01371	0.02078	0.01304	0.09188	0.74884	0.00790	0.01295	0.00555	0.00273	0.00442
38	0.00725	0.00532	0.00763	0.00763	0.00836	0.00605	0.00570	0.00871	0.00798	0.01137	0.01400	0.02240	0.01374	0.18804	0.65363	0.00751	0.01189	0.00579	0.00278	0.00424
39	0.01175	0.01302	0.02715	0.07488	0.07860	0.01283	0.61284	0.01563	0.01147	0.01570	0.00983	0.01336	0.00756	0.00467	0.00662	0.00173	0.06747	0.00565	0.00251	0.00673
40	0.01623	0.00955	0.01373	0.01010	0.01441	0.00804	0.10973	0.03401	0.01271	0.35916	0.01405	0.01390	0.00975	0.00497	0.00466	0.00125	0.00467	0.00435	0.00442	0.35032
41	0.01688	0.01530	0.07291	0.01405	0.09584	0.21074	0.07723	0.08698	0.05992	0.21144	0.01254	0.01298	0.00905	0.00542	0.00509	0.00147	0.01912	0.00438	0.00386	0.06480
42	0.01185	0.01178	0.01912	0.27983	0.45495	0.05286	0.06681	0.01497	0.01124	0.01513	0.00930	0.01273	0.00750	0.00470	0.00506	0.00156	0.00658	0.00454	0.00243	0.00705
43	0.01038	0.00894	0.06698	0.06396	0.01246	0.04773	0.00802	0.06357	0.01231	0.07389	0.12975	0.07551	0.03481	0.12404	0.00874	0.00230	0.00486	0.24219	0.00426	0.00531
44	0.05702	0.01325	0.06147	0.01662	0.08164	0.04361	0.30109	0.11717	0.01289	0.04776	0.05007	0.03019	0.01020	0.00592	0.00706	0.00171	0.12700	0.00534	0.00319	0.00680
45	0.01221	0.01212	0.03171	0.06145	0.45186	0.05300	0.11749	0.03416	0.03146	0.02810	0.06495	0.01632	0.05132	0.00549	0.00524	0.00155	0.00607	0.00530	0.00300	0.00722
46	0.12432	0.01054	0.01493	0.39099	0.16967	0.04147	0.02556	0.03654	0.05401	0.06965	0.01029	0.01296	0.00775	0.00511	0.00480	0.00161	0.00600	0.00435	0.00295	0.00650

[dist]
# distance from previous block
# <min> <max>
0	12

[block]
# block no. 5 follows, 49 sequences, length 16
# corresponding to MSA columns:
# 695-710
name=unknown_F
#
# <colnr> <probs for GDERKNQSTAVLIFYWHMCP>
#	G	D	E	R	K	N	Q	S	T	A	V	L	I	F	Y	W	H	M	C	P
0	0.01249	0.12813	0.42534	0.01401	0.05201	0.12195	0.05269	0.01671	0.02324	0.04770	0.01002	0.01264	0.00789	0.00528	0.00492	0.00153	0.01947	0.03440	0.00256	0.00702
1	0.06981	0.01415	0.19406	0.03867	0.23025	0.01075	0.10462	0.04190	0.01228	0.15410	0.06991	0.01469	0.01121	0.00537	0.00504	0.00158	0.00594	0.00484	0.00344	0.00739
2	0.01313	0.01232	0.04348	0.07307	0.44043	0.01171	0.21798	0.01647	0.01181	0.09386	0.01070	0.01329	0.00825	0.00466	0.00527	0.00158	0.00660	0.00493	0.00287	0.00759
3	0.01135	0.01480	0.18717	0.16909	0.33913	0.01196	0.16249	0.01528	0.01116	0.01569	0.00946	0.01252	0.00737	0.00462	0.00516	0.00160	0.00694	0.00462	0.00239	0.00722
4	0.01310	0.10096	0.02168	0.16286	0.18782	0.03504	0.25792	0.01624	0.01168	0.10275	0.01103	0.01435	0.00861	0.00501	0.00519	0.00158	0.00675	0.02759	0.00293	0.00693
5	0.01032	0.02361	0.66260	0.06868	0.06104	0.01178	0.06056	0.01579	0.01075	0.01584	0.00916	0.01112	0.00658	0.00478	0.00490	0.00161	0.00741	0.00395	0.00218	0.00734
6	0.00623	0.00477	0.00572	0.00624	0.00718	0.00426	0.00439	0.00747	0.01100	0.01420	0.14131	0.42845	0.31265	0.01397	0.00621	0.00186	0.00272	0.01229	0.00482	0.00426
7	0.01237	0.07495	0.38599	0.01512	0.07111	0.01180	0.13883	0.05685	0.01201	0.09459	0.01175	0.03629	0.00926	0.00561	0.00509	0.00161	0.00673	0.03977	0.00299	0.00728
8	0.02812	0.15568	0.48308	0.01301	0.01908	0.02785	0.07267	0.01638	0.01110	0.08288	0.01120	0.01231	0.03476	0.00510	0.00466	0.00152	0.00672	0.00407	0.00265	0.00717
9	0.00631	0.00454	0.00602	0.00714	0.00756	0.00425	0.00493	0.00732	0.00991	0.01311	0.02873	0.72812	0.06383	0.01557	0.00648	0.00206	0.00305	0.07223	0.00469	0.00416
10	0.01155	0.01103	0.01878	0.28464	0.54469	0.01176	0.01504	0.01467	0.01106	0.01535	0.00934	0.01283	0.00760	0.00468	0.00502	0.00156	0.00625	0.00450	0.00242	0.00723
11	0.01438	0.05510	0.03805	0.20425	0.25858	0.03574	0.06355	0.01774	0.04501	0.19962	0.01219	0.01381	0.00891	0.00515	0.00499	0.00156	0.00596	0.00463	0.00342	0.00735
12	0.01156	0.01227	0.10008	0.26994	0.33138	0.01157	0.04990	0.03267	0.01127	0.04127	0.01040	0.01472	0.00846	0.00536	0.00555	0.00164	0.03499	0.03738	0.00266	0.00695
13	0.00845	0.00615	0.00829	0.00782	0.00892	0.00669	0.00603	0.01068	0.03811	0.05278	0.27654	0.04369	0.06144	0.07549	0.26836	0.00405	0.08312	0.02439	0.00408	0.00490
14	0.40120	0.05683	0.10107	0.06553	0.07543	0.03190	0.11436	0.05097	0.01070	0.03752	0.00858	0.01032	0.00655	0.00475	0.00416	0.00156	0.00559	0.00370	0.00293	0.00637
15	0.05381	0.00884	0.05196	0.03242	0.04211	0.04110	0.04286	0.01435	0.01300	0.19593	0.29474	0.07226	0.09880	0.00850	0.00547	0.00161	0.00406	0.00734	0.00481	0.00604

[dist]
# distance from previous block
# <min> <max>
0	35

# created by:
# /home/berkeley/.conda/envs/busco_data_prod/bin/msa2prfl.pl pipeline/OGs_align_augustus/33634/149795.fs
