[name]
unknown

[dist]
# distance from previous block
# <min> <max>
4	526

[block]
# block no. 0 follows, 47 sequences, length 30
# corresponding to MSA columns:
# 530-559
name=unknown_A
#
# <colnr> <probs for GDERKNQSTAVLIFYWHMCP>
#	G	D	E	R	K	N	Q	S	T	A	V	L	I	F	Y	W	H	M	C	P
0	0.00905	0.00775	0.01120	0.05994	0.09818	0.00738	0.05810	0.01240	0.06154	0.01846	0.36957	0.02981	0.12463	0.00855	0.00567	0.00157	0.00386	0.00763	0.00452	0.10017
1	0.01236	0.01135	0.01900	0.06271	0.61935	0.01129	0.03069	0.01526	0.01191	0.04426	0.01499	0.01730	0.09508	0.00568	0.00529	0.00159	0.00582	0.00541	0.00296	0.00770
2	0.01375	0.01109	0.01203	0.01063	0.07595	0.09616	0.00764	0.05762	0.01271	0.12472	0.01429	0.04308	0.05686	0.00560	0.00457	0.00117	0.00475	0.00454	0.00376	0.43909
3	0.10122	0.04177	0.15319	0.11651	0.08630	0.06484	0.02743	0.15230	0.01425	0.17537	0.01186	0.01278	0.00840	0.00548	0.00488	0.00159	0.00615	0.00433	0.00379	0.00757
4	0.63684	0.01212	0.00967	0.00884	0.03454	0.09980	0.00687	0.07797	0.01111	0.05029	0.00833	0.00936	0.00636	0.00506	0.00368	0.00158	0.00485	0.00317	0.00342	0.00614
5	0.08331	0.01063	0.04042	0.01375	0.04257	0.00949	0.26550	0.01718	0.01235	0.24084	0.01801	0.11596	0.06168	0.00707	0.00555	0.00170	0.00572	0.00676	0.00420	0.03729
6	0.01187	0.01777	0.36702	0.01606	0.15274	0.01112	0.03932	0.01782	0.12179	0.07378	0.08979	0.01639	0.01325	0.02174	0.00564	0.00171	0.00614	0.00509	0.00341	0.00757
7	0.01530	0.00912	0.01126	0.00827	0.01268	0.00720	0.00670	0.01751	0.01227	0.29326	0.01330	0.01328	0.00957	0.00478	0.00435	0.00107	0.00406	0.00386	0.00429	0.54787
8	0.01481	0.58086	0.02330	0.00975	0.01387	0.06850	0.00901	0.10159	0.10543	0.01575	0.00958	0.01023	0.00805	0.00503	0.00388	0.00126	0.00565	0.00341	0.00296	0.00708
9	0.01178	0.14571	0.51717	0.10221	0.02215	0.01309	0.03501	0.01657	0.01115	0.06467	0.00975	0.01142	0.00708	0.00498	0.00478	0.00158	0.00710	0.00392	0.00250	0.00738
10	0.00792	0.00548	0.00632	0.00602	0.00663	0.00516	0.00368	0.00812	0.00818	0.01110	0.01732	0.05909	0.05453	0.60512	0.02186	0.06031	0.00469	0.00729	0.00323	0.09794
11	0.01096	0.07784	0.65217	0.01397	0.02092	0.01276	0.01732	0.01768	0.09657	0.01680	0.01053	0.01176	0.00764	0.00515	0.00488	0.00163	0.00715	0.00401	0.00255	0.00769
12	0.01124	0.00841	0.01133	0.01163	0.09300	0.02377	0.05544	0.02903	0.13711	0.11022	0.07375	0.21902	0.12659	0.01030	0.00594	0.00183	0.00427	0.05611	0.00475	0.00627
13	0.01492	0.01415	0.07047	0.01849	0.14099	0.03265	0.28184	0.19379	0.05383	0.08102	0.01264	0.03882	0.00970	0.00560	0.00556	0.00166	0.00684	0.00554	0.00371	0.00778
14	0.00723	0.00532	0.00677	0.00641	0.00770	0.00486	0.00481	0.00956	0.01442	0.02012	0.70008	0.04016	0.13128	0.01093	0.00614	0.00165	0.00248	0.00959	0.00563	0.00486
15	0.02336	0.00886	0.01209	0.00927	0.01329	0.00765	0.00765	0.02538	0.01491	0.78810	0.02055	0.01773	0.01289	0.00645	0.00524	0.00161	0.00443	0.00524	0.00645	0.00886
16	0.06333	0.04291	0.03841	0.01679	0.02102	0.18249	0.38426	0.06808	0.06457	0.03163	0.01062	0.01273	0.00811	0.00510	0.00568	0.00163	0.02763	0.00502	0.00307	0.00694
17	0.01021	0.02564	0.74458	0.01440	0.02167	0.01164	0.01841	0.01596	0.01094	0.01631	0.01047	0.05749	0.00821	0.00561	0.00505	0.00168	0.00743	0.00448	0.00235	0.00750
18	0.00644	0.00477	0.00592	0.00670	0.00735	0.00436	0.00456	0.00748	0.01053	0.01375	0.08091	0.55955	0.19084	0.06169	0.00766	0.00218	0.00302	0.01325	0.00479	0.00425
19	0.01232	0.00705	0.00938	0.00854	0.01038	0.00701	0.02113	0.03883	0.06632	0.21263	0.05509	0.14690	0.01999	0.14456	0.16274	0.00362	0.00620	0.05680	0.00462	0.00589
20	0.01697	0.02264	0.19623	0.03040	0.04361	0.45988	0.03129	0.03890	0.02434	0.07402	0.00975	0.01095	0.00742	0.00535	0.00488	0.00147	0.00828	0.00382	0.00295	0.00684
21	0.00630	0.00471	0.00586	0.00678	0.00743	0.00427	0.00462	0.00730	0.01043	0.01348	0.03446	0.63083	0.21348	0.01557	0.00653	0.00203	0.00293	0.01389	0.00483	0.00427
22	0.06654	0.02218	0.57356	0.01363	0.02031	0.01133	0.04577	0.01798	0.01160	0.15246	0.01123	0.01214	0.00769	0.00518	0.00494	0.00164	0.00693	0.00412	0.00303	0.00774
23	0.07752	0.01180	0.01462	0.01555	0.17336	0.13278	0.10181	0.01554	0.05352	0.04398	0.08722	0.04523	0.06571	0.00795	0.00560	0.00174	0.00579	0.13014	0.00379	0.00634
24	0.03922	0.01443	0.01596	0.01532	0.15068	0.06685	0.01071	0.49416	0.09458	0.02739	0.01245	0.01294	0.00921	0.00595	0.00512	0.00157	0.00585	0.00466	0.00454	0.00842
25	0.01891	0.01325	0.01341	0.01088	0.01445	0.11414	0.00874	0.30169	0.14174	0.23598	0.06011	0.01619	0.01316	0.00658	0.00522	0.00158	0.00540	0.00513	0.00527	0.00816
26	0.04426	0.06258	0.01531	0.01456	0.17335	0.01172	0.02432	0.09438	0.19411	0.22017	0.01527	0.01507	0.01109	0.00577	0.00495	0.00153	0.00494	0.00482	0.00453	0.07727
27	0.01245	0.29554	0.48102	0.01247	0.01883	0.01471	0.01499	0.01675	0.01110	0.06424	0.00934	0.01053	0.00703	0.00488	0.00442	0.00146	0.00676	0.00357	0.00248	0.00743
28	0.00646	0.00479	0.00582	0.00652	0.00732	0.00431	0.00450	0.00730	0.01043	0.01329	0.03590	0.49070	0.29718	0.01533	0.00738	0.05819	0.00299	0.01277	0.00466	0.00416
29	0.01471	0.01181	0.01985	0.02766	0.62531	0.01157	0.03802	0.01765	0.01241	0.15243	0.01171	0.01377	0.00905	0.00495	0.00520	0.00156	0.00596	0.00479	0.00326	0.00832

[dist]
# distance from previous block
# <min> <max>
0	1

[block]
# block no. 1 follows, 47 sequences, length 17
# corresponding to MSA columns:
# 561-577
name=unknown_B
#
# <colnr> <probs for GDERKNQSTAVLIFYWHMCP>
#	G	D	E	R	K	N	Q	S	T	A	V	L	I	F	Y	W	H	M	C	P
0	0.01910	0.01363	0.11465	0.01042	0.01482	0.11652	0.00935	0.03584	0.02745	0.44336	0.01562	0.01465	0.01046	0.00574	0.00493	0.00146	0.00548	0.00449	0.00485	0.12718
1	0.01419	0.41760	0.10630	0.00984	0.01452	0.01588	0.00963	0.13387	0.02851	0.04910	0.01055	0.01130	0.02682	0.00506	0.00408	0.00124	0.00543	0.00361	0.00312	0.12936
2	0.00642	0.00462	0.00611	0.00728	0.00767	0.00431	0.00495	0.00741	0.01012	0.01341	0.02946	0.75678	0.05919	0.01613	0.00665	0.00211	0.00308	0.04519	0.00483	0.00426
3	0.01198	0.01142	0.01930	0.30507	0.39237	0.01249	0.06514	0.04761	0.01172	0.01612	0.00961	0.01323	0.00771	0.00513	0.00587	0.00167	0.04906	0.00473	0.00259	0.00718
4	0.12592	0.39310	0.07609	0.01087	0.04769	0.09328	0.00963	0.07865	0.05032	0.05754	0.00942	0.01025	0.00758	0.00502	0.00401	0.00136	0.00580	0.00344	0.00304	0.00699
5	0.00650	0.00462	0.00597	0.00698	0.00729	0.00434	0.00459	0.00730	0.00971	0.01290	0.02784	0.68711	0.05586	0.12153	0.00924	0.00249	0.00328	0.01373	0.00461	0.00409
6	0.00872	0.00716	0.01093	0.01207	0.11170	0.00838	0.00828	0.01047	0.00871	0.01266	0.01230	0.01813	0.01144	0.02987	0.56090	0.04330	0.11189	0.00528	0.00267	0.00515
7	0.00670	0.00537	0.00585	0.00606	0.00752	0.00474	0.00462	0.00805	0.01140	0.01387	0.04430	0.04976	0.56653	0.10519	0.00866	0.00224	0.00328	0.13688	0.00464	0.00432
8	0.01186	0.00985	0.01064	0.00969	0.01220	0.01103	0.00746	0.07981	0.52196	0.02112	0.08409	0.12029	0.05997	0.00875	0.00557	0.00178	0.00390	0.00745	0.00525	0.00733
9	0.16016	0.00981	0.01181	0.00922	0.01313	0.00942	0.00761	0.11996	0.01515	0.56371	0.01730	0.01552	0.01117	0.00615	0.00490	0.00161	0.00453	0.00477	0.00575	0.00833
10	0.02206	0.00857	0.01167	0.00904	0.01284	0.00743	0.00743	0.02411	0.01489	0.72544	0.08272	0.01945	0.01585	0.00679	0.00531	0.00161	0.00427	0.00558	0.00639	0.00854
11	0.01251	0.01198	0.02045	0.12885	0.69061	0.01227	0.01579	0.01565	0.01168	0.01655	0.00973	0.01301	0.00809	0.00471	0.00516	0.00157	0.00628	0.00464	0.00254	0.00794
12	0.01134	0.10210	0.48728	0.01637	0.02302	0.01326	0.24109	0.01646	0.01134	0.01613	0.00949	0.01164	0.00700	0.00473	0.00515	0.00163	0.00781	0.00443	0.00233	0.00739
13	0.00735	0.00551	0.00685	0.00656	0.00788	0.00512	0.00490	0.01004	0.04408	0.01949	0.60234	0.08086	0.15716	0.01119	0.00614	0.00169	0.00258	0.00980	0.00553	0.00493
14	0.01367	0.49523	0.23486	0.01066	0.01589	0.01683	0.01161	0.01725	0.05059	0.07615	0.00961	0.01040	0.00763	0.00489	0.00404	0.00133	0.00599	0.00343	0.00272	0.00722
15	0.00733	0.00528	0.00640	0.00634	0.00757	0.00488	0.00467	0.00960	0.02984	0.01831	0.43818	0.15557	0.18342	0.01147	0.00596	0.00170	0.00261	0.01002	0.08609	0.00478
16	0.25742	0.09767	0.11399	0.00973	0.01390	0.01267	0.00903	0.16115	0.07597	0.12232	0.04114	0.01290	0.01001	0.00566	0.00441	0.00154	0.00499	0.00413	0.00405	0.03732

[dist]
# distance from previous block
# <min> <max>
0	1

[block]
# block no. 2 follows, 47 sequences, length 33
# corresponding to MSA columns:
# 579-611
name=unknown_C
#
# <colnr> <probs for GDERKNQSTAVLIFYWHMCP>
#	G	D	E	R	K	N	Q	S	T	A	V	L	I	F	Y	W	H	M	C	P
0	0.53751	0.08751	0.01159	0.00937	0.05004	0.03202	0.00727	0.09013	0.09638	0.02249	0.00946	0.01031	0.00735	0.00519	0.00379	0.00157	0.00459	0.00344	0.00351	0.00648
1	0.01187	0.01095	0.01772	0.42453	0.27458	0.01233	0.03954	0.07652	0.05014	0.01663	0.01033	0.01373	0.00800	0.00517	0.00523	0.00166	0.00652	0.00475	0.00279	0.00700
2	0.01286	0.01241	0.02125	0.03062	0.71636	0.01244	0.05298	0.01648	0.04203	0.01719	0.01028	0.01320	0.00853	0.00472	0.00521	0.00157	0.00623	0.00476	0.00269	0.00819
3	0.02336	0.00886	0.01209	0.00927	0.01329	0.00765	0.00765	0.02538	0.01491	0.78810	0.02055	0.01773	0.01289	0.00645	0.00524	0.00161	0.00443	0.00524	0.00645	0.00886
4	0.00733	0.00550	0.00584	0.00563	0.00748	0.00464	0.00426	0.00878	0.01229	0.06290	0.10906	0.04720	0.67572	0.01256	0.00610	0.00174	0.00274	0.01051	0.00501	0.00472
5	0.00699	0.00523	0.00649	0.00635	0.00759	0.00472	0.00469	0.00902	0.01358	0.01854	0.53768	0.12689	0.20939	0.01183	0.00620	0.00172	0.00256	0.01036	0.00544	0.00472
6	0.00638	0.00505	0.00575	0.00607	0.00730	0.00442	0.00437	0.00773	0.01167	0.01477	0.14677	0.28865	0.44499	0.01382	0.00631	0.00185	0.00273	0.01197	0.00496	0.00442
7	0.00865	0.00608	0.00743	0.00718	0.00787	0.00646	0.00496	0.07412	0.00953	0.01294	0.01611	0.03013	0.01718	0.49018	0.22771	0.00546	0.00745	0.05307	0.00334	0.00415
8	0.00737	0.00532	0.00696	0.00655	0.00778	0.00491	0.00491	0.00983	0.01474	0.02088	0.78175	0.03890	0.04914	0.01065	0.00614	0.00164	0.00246	0.00942	0.00573	0.00491
9	0.01080	0.00926	0.01080	0.00771	0.01234	0.00694	0.00617	0.01311	0.01080	0.01697	0.00926	0.01080	0.00771	0.00386	0.00386	0.00077	0.00386	0.00309	0.00309	0.84882
10	0.00759	0.00534	0.00717	0.00717	0.00775	0.00587	0.00508	0.00875	0.00817	0.01163	0.01504	0.02572	0.01534	0.34065	0.46205	0.00677	0.00998	0.00632	0.03954	0.00408
11	0.04996	0.01071	0.01740	0.34170	0.37588	0.01155	0.01406	0.01504	0.01118	0.04282	0.00981	0.01314	0.00773	0.00490	0.00502	0.00159	0.00620	0.00449	0.00266	0.05417
12	0.00717	0.00576	0.00905	0.00959	0.03676	0.00541	0.08161	0.00850	0.01027	0.01376	0.02622	0.70524	0.03086	0.01471	0.00654	0.00206	0.00371	0.01358	0.00453	0.00465
13	0.00832	0.00694	0.00952	0.04783	0.01100	0.02736	0.03962	0.00953	0.00983	0.02474	0.02180	0.49941	0.02514	0.07700	0.00975	0.00232	0.13326	0.02789	0.00404	0.00471
14	0.06794	0.01078	0.01663	0.09917	0.40194	0.01081	0.01235	0.03947	0.01282	0.22973	0.03858	0.01491	0.01063	0.00545	0.00510	0.00159	0.00551	0.00485	0.00384	0.00792
15	0.01877	0.03554	0.10786	0.01255	0.01706	0.08535	0.07597	0.33633	0.01814	0.21987	0.01347	0.01340	0.00928	0.00586	0.00517	0.00157	0.00623	0.00468	0.00464	0.00825
16	0.00763	0.00514	0.00616	0.00616	0.00638	0.00532	0.00381	0.00808	0.00786	0.01084	0.01597	0.03093	0.01759	0.63791	0.17112	0.00552	0.00663	0.00709	0.03637	0.00350
17	0.01320	0.01441	0.01743	0.21107	0.12498	0.20031	0.07067	0.01548	0.01105	0.01370	0.00841	0.01193	0.00710	0.00629	0.00875	0.00178	0.25030	0.00442	0.00245	0.00625
18	0.01264	0.01164	0.01966	0.04803	0.68537	0.01165	0.01498	0.01559	0.01182	0.03652	0.01151	0.04944	0.01025	0.00556	0.00530	0.00161	0.00597	0.03171	0.00285	0.00791
19	0.00622	0.00528	0.00537	0.00534	0.00707	0.00442	0.00401	0.00760	0.01203	0.01444	0.09233	0.04951	0.74257	0.01305	0.00615	0.00175	0.00263	0.01091	0.00488	0.00442
20	0.01220	0.01378	0.02924	0.02111	0.02585	0.01345	0.68943	0.01626	0.01186	0.01626	0.01016	0.01378	0.00779	0.00487	0.00725	0.00181	0.08942	0.00599	0.00260	0.00689
21	0.01657	0.01083	0.01652	0.01341	0.05939	0.01027	0.17507	0.07980	0.11253	0.29710	0.01683	0.03299	0.02888	0.00603	0.00534	0.00158	0.00542	0.00554	0.00470	0.10122
22	0.01010	0.00946	0.01591	0.64384	0.14674	0.01128	0.01415	0.01337	0.01061	0.01386	0.01042	0.05846	0.00868	0.00574	0.00528	0.00173	0.00661	0.00520	0.00249	0.00607
23	0.00632	0.00462	0.00596	0.00703	0.00750	0.00425	0.00474	0.00728	0.01018	0.01338	0.03139	0.72835	0.11794	0.01597	0.00659	0.00208	0.00298	0.01438	0.00483	0.00425
24	0.00791	0.00600	0.00737	0.00691	0.00838	0.00580	0.00522	0.01169	0.10259	0.02040	0.63040	0.03762	0.10889	0.01045	0.00605	0.00166	0.00267	0.00915	0.00560	0.00525
25	0.01033	0.05476	0.01586	0.67948	0.03232	0.01208	0.01348	0.01457	0.07096	0.01400	0.01009	0.01395	0.00765	0.00528	0.00508	0.00168	0.00657	0.00459	0.00256	0.02471
26	0.01045	0.02694	0.79000	0.01484	0.02254	0.01209	0.01924	0.01649	0.01099	0.01649	0.00935	0.01099	0.00660	0.00495	0.00495	0.00165	0.00770	0.00385	0.00220	0.00770
27	0.00634	0.00453	0.00604	0.00725	0.00755	0.00423	0.00483	0.00725	0.00997	0.01329	0.02870	0.81358	0.03444	0.01632	0.00665	0.00211	0.00302	0.01480	0.00483	0.00423
28	0.01045	0.02694	0.79000	0.01484	0.02254	0.01209	0.01924	0.01649	0.01099	0.01649	0.00935	0.01099	0.00660	0.00495	0.00495	0.00165	0.00770	0.00385	0.00220	0.00770
29	0.01289	0.01237	0.02114	0.03196	0.78450	0.01237	0.01598	0.01598	0.01186	0.01701	0.00980	0.01289	0.00825	0.00464	0.00516	0.00155	0.00619	0.00464	0.00258	0.00825
30	0.01289	0.01237	0.02114	0.03196	0.78450	0.01237	0.01598	0.01598	0.01186	0.01701	0.00980	0.01289	0.00825	0.00464	0.00516	0.00155	0.00619	0.00464	0.00258	0.00825
31	0.00750	0.00502	0.00570	0.00578	0.00580	0.00500	0.00326	0.00755	0.00772	0.01030	0.01718	0.08271	0.01990	0.76703	0.02527	0.00487	0.00492	0.00802	0.00326	0.00322
32	0.01828	0.01535	0.07770	0.01268	0.01721	0.01533	0.05765	0.63494	0.02219	0.02998	0.01202	0.01242	0.00858	0.00595	0.00520	0.00155	0.00601	0.00466	0.00474	0.03757

[dist]
# distance from previous block
# <min> <max>
0	1

[block]
# block no. 3 follows, 47 sequences, length 40
# corresponding to MSA columns:
# 613-652
name=unknown_D
#
# <colnr> <probs for GDERKNQSTAVLIFYWHMCP>
#	G	D	E	R	K	N	Q	S	T	A	V	L	I	F	Y	W	H	M	C	P
0	0.01112	0.01014	0.01643	0.56692	0.16256	0.01207	0.01412	0.04075	0.03053	0.02863	0.00984	0.01374	0.00756	0.00542	0.00583	0.00172	0.04891	0.00467	0.00261	0.00643
1	0.01119	0.01100	0.01511	0.01281	0.01335	0.01468	0.01064	0.01245	0.00838	0.01304	0.00836	0.01240	0.02829	0.00867	0.01539	0.00211	0.70045	0.00458	0.00243	0.09466
2	0.00737	0.00532	0.00696	0.00655	0.00778	0.00491	0.00491	0.00983	0.01474	0.02088	0.78175	0.03890	0.04914	0.01065	0.00614	0.00164	0.00246	0.00942	0.00573	0.00491
3	0.00733	0.00538	0.00694	0.00694	0.00817	0.00499	0.00536	0.00956	0.01367	0.01878	0.52967	0.09013	0.12960	0.01189	0.00634	0.00180	0.00289	0.13031	0.00542	0.00479
4	0.00644	0.00524	0.00540	0.00539	0.00683	0.00453	0.00385	0.00757	0.01124	0.01363	0.07213	0.04699	0.62659	0.15005	0.00962	0.00231	0.00304	0.01035	0.00458	0.00420
5	0.00639	0.00528	0.00560	0.00552	0.00718	0.00450	0.00414	0.00792	0.01242	0.01537	0.19205	0.04797	0.64228	0.01270	0.00615	0.00174	0.00260	0.01069	0.00501	0.00450
6	0.08986	0.00901	0.01172	0.00910	0.01304	0.00809	0.00750	0.02462	0.02990	0.71107	0.01949	0.01702	0.01237	0.00633	0.00508	0.00161	0.00439	0.00506	0.00616	0.00859
7	0.01267	0.01481	0.04724	0.02044	0.02525	0.06202	0.63586	0.01707	0.03667	0.01638	0.01050	0.01371	0.00800	0.00480	0.00658	0.00176	0.05080	0.00582	0.00269	0.00695
8	0.00983	0.00926	0.01562	0.80447	0.03587	0.01157	0.01446	0.01331	0.01041	0.01331	0.00926	0.01388	0.00694	0.00521	0.00521	0.00174	0.00694	0.00463	0.00231	0.00579
9	0.01294	0.01139	0.01192	0.01106	0.03263	0.03123	0.00837	0.02672	0.71922	0.02126	0.02138	0.01979	0.03447	0.00712	0.00530	0.00175	0.00426	0.00592	0.00516	0.00810
10	0.00630	0.00532	0.00548	0.00556	0.00729	0.00450	0.00425	0.00770	0.01188	0.01417	0.05107	0.05070	0.73196	0.01327	0.00622	0.00180	0.00278	0.06048	0.00483	0.00442
11	0.00640	0.00459	0.00617	0.00731	0.00765	0.00435	0.00492	0.00736	0.00989	0.01323	0.02792	0.77172	0.03331	0.01752	0.04833	0.00245	0.00360	0.01432	0.00473	0.00425
12	0.72949	0.01043	0.00905	0.00882	0.06234	0.01180	0.00656	0.05291	0.00991	0.02321	0.00775	0.00903	0.00604	0.00486	0.00347	0.00158	0.00425	0.00304	0.00327	0.03218
13	0.01296	0.01330	0.06073	0.02846	0.65373	0.03199	0.01519	0.03479	0.01213	0.01727	0.00976	0.01255	0.00810	0.00466	0.00505	0.00150	0.00618	0.00446	0.00266	0.06451
14	0.32243	0.01345	0.01231	0.01008	0.01369	0.08063	0.00820	0.36236	0.06804	0.04564	0.01100	0.01136	0.00808	0.00572	0.00445	0.00158	0.00528	0.00399	0.00431	0.00741
15	0.00809	0.00613	0.00856	0.00829	0.00896	0.00727	0.00630	0.00957	0.00835	0.01228	0.01374	0.02174	0.01336	0.17269	0.51176	0.00656	0.10678	0.00577	0.05929	0.00452
16	0.12180	0.01246	0.01340	0.12972	0.01743	0.09027	0.00933	0.25273	0.01634	0.24153	0.01312	0.01334	0.00907	0.00582	0.00488	0.00156	0.00564	0.00442	0.00457	0.03258
17	0.00983	0.00926	0.01562	0.80447	0.03587	0.01157	0.01446	0.01331	0.01041	0.01331	0.00926	0.01388	0.00694	0.00521	0.00521	0.00174	0.00694	0.00463	0.00231	0.00579
18	0.06822	0.03576	0.01452	0.01179	0.04641	0.09376	0.00926	0.38059	0.01885	0.23084	0.01396	0.01423	0.00989	0.00619	0.00504	0.00156	0.00566	0.02029	0.00497	0.00821
19	0.01467	0.01354	0.01669	0.01490	0.08218	0.14004	0.12691	0.04657	0.15520	0.10514	0.01475	0.01592	0.05051	0.00681	0.00777	0.00176	0.17059	0.00529	0.00371	0.00706
20	0.06534	0.01246	0.01846	0.04646	0.51680	0.04994	0.01379	0.04347	0.01178	0.01718	0.03321	0.01306	0.00907	0.00559	0.00675	0.00165	0.12017	0.00460	0.00277	0.00747
21	0.10694	0.01043	0.01135	0.00993	0.01239	0.03455	0.03095	0.05139	0.38126	0.04766	0.08792	0.02021	0.01664	0.09260	0.00818	0.00209	0.05826	0.00582	0.00456	0.00688
22	0.01746	0.01560	0.01794	0.01861	0.23752	0.18687	0.07560	0.24772	0.01670	0.09828	0.01138	0.01258	0.00853	0.00545	0.00516	0.00153	0.00680	0.00456	0.00380	0.00790
23	0.72834	0.00989	0.00832	0.00721	0.01056	0.01107	0.00594	0.01683	0.00978	0.13888	0.00926	0.00986	0.00674	0.00508	0.00353	0.00161	0.00409	0.00319	0.00371	0.00613
24	0.00981	0.00819	0.00970	0.00742	0.01113	0.00636	0.00581	0.01202	0.01140	0.01725	0.13427	0.06979	0.04091	0.00606	0.00448	0.00103	0.00354	0.00512	0.00368	0.63202
25	0.00968	0.00904	0.01519	0.76878	0.03460	0.01124	0.01403	0.01303	0.01039	0.01331	0.01013	0.04968	0.00817	0.00570	0.00527	0.00175	0.00677	0.00508	0.00243	0.00572
26	0.01231	0.00921	0.01095	0.00790	0.01246	0.00703	0.00635	0.01458	0.01129	0.10948	0.01061	0.01163	0.00833	0.00417	0.00402	0.00087	0.00393	0.00334	0.00349	0.74805
27	0.01024	0.00989	0.01501	0.66750	0.03176	0.05062	0.01343	0.01340	0.01079	0.01374	0.06083	0.01520	0.00975	0.00580	0.00590	0.00174	0.05121	0.00488	0.00256	0.00573
28	0.01999	0.01427	0.01543	0.01183	0.01599	0.01568	0.00977	0.72595	0.02395	0.07476	0.01295	0.01279	0.00908	0.00626	0.00521	0.00157	0.00566	0.00472	0.00528	0.00886
29	0.00978	0.00916	0.01523	0.72069	0.03328	0.01151	0.01387	0.01304	0.01018	0.01320	0.00940	0.01412	0.00727	0.00728	0.04973	0.00213	0.04739	0.00468	0.00234	0.00572
30	0.01295	0.01119	0.01178	0.01060	0.01354	0.01295	0.00824	0.02767	0.77509	0.02178	0.02120	0.01943	0.01590	0.00707	0.00530	0.00177	0.00412	0.00589	0.00530	0.00824
31	0.00634	0.00453	0.00604	0.00725	0.00755	0.00423	0.00483	0.00725	0.00997	0.01329	0.02870	0.81358	0.03444	0.01632	0.00665	0.00211	0.00302	0.01480	0.00483	0.00423
32	0.01278	0.01111	0.01244	0.01231	0.07972	0.01266	0.00881	0.02613	0.68649	0.02135	0.04314	0.01945	0.01624	0.00696	0.00531	0.00174	0.00425	0.00589	0.00508	0.00814
33	0.01923	0.01095	0.01453	0.01305	0.09408	0.01156	0.00971	0.18273	0.01535	0.39715	0.01508	0.01489	0.01039	0.00672	0.00747	0.00172	0.15729	0.00493	0.00499	0.00820
34	0.00737	0.00532	0.00696	0.00655	0.00778	0.00491	0.00491	0.00983	0.01474	0.02088	0.78175	0.03890	0.04914	0.01065	0.00614	0.00164	0.00246	0.00942	0.00573	0.00491
35	0.01210	0.01348	0.02755	0.02017	0.02431	0.01377	0.60356	0.01579	0.01136	0.01579	0.00974	0.01348	0.00767	0.00540	0.00850	0.00187	0.18035	0.00580	0.00256	0.00674
36	0.01243	0.41980	0.38923	0.01186	0.01780	0.03951	0.01385	0.01617	0.01090	0.01428	0.00826	0.00964	0.00664	0.00472	0.00414	0.00137	0.00669	0.00331	0.00223	0.00715
37	0.02117	0.00990	0.01426	0.01080	0.01487	0.00908	0.09278	0.10419	0.01548	0.58800	0.01840	0.01682	0.01191	0.00618	0.00527	0.00161	0.00498	0.00526	0.04054	0.00849
38	0.00634	0.00530	0.00553	0.00553	0.00722	0.00449	0.00419	0.00779	0.01213	0.01473	0.11803	0.04938	0.69177	0.01300	0.00619	0.00177	0.00269	0.03455	0.00492	0.00446
39	0.00632	0.00461	0.00596	0.00704	0.00750	0.00425	0.00474	0.00727	0.01017	0.01338	0.03124	0.73299	0.11340	0.01599	0.00659	0.00208	0.00298	0.01440	0.00483	0.00425

[dist]
# distance from previous block
# <min> <max>
0	15

[block]
# block no. 4 follows, 47 sequences, length 59
# corresponding to MSA columns:
# 668-726
name=unknown_E
#
# <colnr> <probs for GDERKNQSTAVLIFYWHMCP>
#	G	D	E	R	K	N	Q	S	T	A	V	L	I	F	Y	W	H	M	C	P
0	0.02457	0.46987	0.34091	0.01133	0.01706	0.01676	0.01311	0.01589	0.01075	0.01421	0.00840	0.01017	0.00697	0.00481	0.00406	0.00136	0.00641	0.01404	0.00227	0.00706
1	0.01392	0.82012	0.02729	0.00891	0.01337	0.02061	0.00891	0.01559	0.01058	0.01225	0.00724	0.00835	0.00668	0.00446	0.00334	0.00111	0.00557	0.00278	0.00223	0.00668
2	0.00640	0.00479	0.00596	0.00681	0.00753	0.00435	0.00472	0.00751	0.01069	0.01387	0.06720	0.57433	0.21607	0.01526	0.00652	0.00202	0.00295	0.03383	0.00487	0.00432
3	0.00735	0.00530	0.00676	0.00640	0.00767	0.00487	0.00480	0.00972	0.01440	0.02031	0.70140	0.03915	0.10449	0.01070	0.00606	0.00163	0.00247	0.00939	0.03224	0.00487
4	0.00748	0.00543	0.00761	0.00761	0.00828	0.00610	0.00557	0.00881	0.00815	0.01153	0.01464	0.02428	0.01468	0.25749	0.58018	0.00744	0.01145	0.00614	0.00289	0.00423
5	0.01080	0.00926	0.01080	0.00771	0.01234	0.00694	0.00617	0.01311	0.01080	0.01697	0.00926	0.01080	0.00771	0.00386	0.00386	0.00077	0.00386	0.00309	0.00309	0.84882
6	0.01332	0.00994	0.01066	0.00953	0.01228	0.01115	0.00743	0.02490	0.58268	0.08802	0.02044	0.01928	0.01521	0.00685	0.00502	0.00166	0.00387	0.00566	0.14434	0.00774
7	0.08383	0.03857	0.70938	0.01405	0.02130	0.01220	0.01789	0.01637	0.01080	0.01702	0.00913	0.01073	0.00652	0.00493	0.00477	0.00164	0.00734	0.00374	0.00229	0.00750
8	0.00674	0.00521	0.00521	0.00521	0.00687	0.00447	0.00390	0.00824	0.01171	0.01495	0.04684	0.04504	0.65527	0.01201	0.00574	0.00167	0.00260	0.00998	0.14386	0.00447
9	0.00852	0.00706	0.03070	0.00756	0.00930	0.00664	0.00596	0.01340	0.15845	0.02093	0.61538	0.03440	0.04161	0.00980	0.00595	0.00166	0.00292	0.00859	0.00555	0.00562
10	0.85377	0.01007	0.00765	0.00685	0.01007	0.01168	0.00564	0.01531	0.00886	0.02336	0.00725	0.00846	0.00564	0.00483	0.00322	0.00161	0.00403	0.00282	0.00322	0.00564
11	0.01289	0.01237	0.02114	0.03196	0.78450	0.01237	0.01598	0.01598	0.01186	0.01701	0.00980	0.01289	0.00825	0.00464	0.00516	0.00155	0.00619	0.00464	0.00258	0.00825
12	0.01016	0.00981	0.01681	0.67439	0.03324	0.01208	0.07205	0.01350	0.01034	0.01350	0.00914	0.01368	0.00701	0.00549	0.00633	0.00179	0.07774	0.00474	0.00234	0.00587
13	0.01215	0.01048	0.01100	0.00997	0.01277	0.01194	0.00773	0.02527	0.68444	0.02087	0.02494	0.02307	0.10693	0.00779	0.00540	0.00177	0.00395	0.00649	0.00524	0.00779
14	0.01021	0.00959	0.01535	0.67352	0.03219	0.01206	0.01371	0.01434	0.06910	0.01389	0.00996	0.01409	0.00762	0.00569	0.00626	0.00179	0.07738	0.00472	0.00254	0.00597
15	0.00828	0.00503	0.00574	0.00574	0.00681	0.00489	0.00417	0.01026	0.01138	0.01759	0.19696	0.08912	0.09156	0.08090	0.05112	0.00216	0.00337	0.00749	0.39281	0.00462
16	0.01342	0.01198	0.01865	0.19381	0.46540	0.01277	0.01432	0.15678	0.01389	0.01913	0.01052	0.02687	0.00854	0.00527	0.00520	0.00160	0.00621	0.00482	0.00306	0.00776
17	0.00797	0.00595	0.00758	0.06849	0.01033	0.00603	0.00587	0.01121	0.09106	0.01738	0.28354	0.28206	0.07295	0.01147	0.00594	0.00179	0.00320	0.02287	0.07923	0.00507
18	0.08649	0.59260	0.10660	0.00952	0.01409	0.01824	0.00968	0.01673	0.07795	0.01452	0.00870	0.00963	0.00740	0.00477	0.00368	0.00127	0.00554	0.00318	0.00258	0.00684
19	0.71487	0.08165	0.00970	0.00732	0.01063	0.01257	0.00613	0.01629	0.06804	0.02226	0.00832	0.00930	0.00652	0.00497	0.00339	0.00158	0.00417	0.00305	0.00329	0.00593
20	0.15544	0.01290	0.01444	0.03183	0.11652	0.01431	0.00984	0.41160	0.13646	0.02701	0.01255	0.01299	0.00929	0.00591	0.00489	0.00160	0.00529	0.00456	0.00448	0.00808
21	0.01263	0.01262	0.01907	0.24113	0.51239	0.08133	0.01505	0.01568	0.01172	0.01562	0.00949	0.01285	0.00776	0.00486	0.00513	0.00158	0.00668	0.00452	0.00252	0.00738
22	0.00849	0.00678	0.00840	0.00828	0.00972	0.00702	0.02425	0.02596	0.19154	0.01664	0.12127	0.34472	0.10893	0.01464	0.07588	0.00247	0.00432	0.01042	0.00483	0.00546
23	0.00654	0.00482	0.00618	0.00719	0.00783	0.00446	0.00509	0.00769	0.01051	0.01368	0.03255	0.60201	0.15757	0.01558	0.00663	0.00209	0.00316	0.09727	0.00483	0.00432
24	0.01279	0.01216	0.02013	0.05774	0.69068	0.01240	0.01525	0.01690	0.07817	0.01730	0.01077	0.01349	0.00887	0.00487	0.00517	0.00157	0.00603	0.00475	0.00280	0.00816
25	0.00747	0.00528	0.00663	0.00629	0.00757	0.00486	0.00472	0.00982	0.01416	0.02016	0.65151	0.03819	0.11014	0.01047	0.00593	0.00161	0.00247	0.00916	0.07871	0.00486
26	0.00858	0.00684	0.00970	0.01006	0.07589	0.00743	0.03913	0.00951	0.00844	0.01173	0.01473	0.06454	0.01600	0.45858	0.14493	0.00468	0.09492	0.00696	0.00301	0.00434
27	0.00634	0.00453	0.00604	0.00725	0.00755	0.00423	0.00483	0.00725	0.00997	0.01329	0.02870	0.81358	0.03444	0.01632	0.00665	0.00211	0.00302	0.01480	0.00483	0.00423
28	0.15277	0.57278	0.02208	0.00892	0.01293	0.01822	0.00840	0.03843	0.07711	0.01552	0.00860	0.00953	0.00738	0.00491	0.00388	0.00129	0.02465	0.00316	0.00275	0.00669
29	0.10310	0.01077	0.01165	0.00890	0.01306	0.04499	0.00720	0.12374	0.03218	0.19045	0.01224	0.01247	0.00896	0.00502	0.00436	0.00121	0.00453	0.00384	0.00418	0.39716
30	0.01248	0.01222	0.02133	0.10917	0.51407	0.01247	0.13905	0.01683	0.07814	0.01699	0.01085	0.01375	0.00872	0.00487	0.00534	0.00162	0.00651	0.00500	0.00280	0.00779
31	0.15235	0.59547	0.11131	0.00925	0.01387	0.01816	0.00955	0.01565	0.01034	0.01457	0.00748	0.00867	0.00650	0.00457	0.00351	0.00126	0.00556	0.00291	0.00239	0.00663
32	0.01321	0.01391	0.04728	0.02068	0.02589	0.01266	0.68182	0.01743	0.01249	0.08375	0.01138	0.01429	0.00830	0.00458	0.00604	0.00174	0.00838	0.00601	0.00295	0.00720
33	0.01177	0.00806	0.01242	0.01012	0.01276	0.00758	0.13163	0.01552	0.08026	0.16238	0.39396	0.02940	0.03084	0.00853	0.00589	0.00168	0.00415	0.04135	0.00521	0.02648
34	0.01755	0.10257	0.08416	0.01285	0.01617	0.58200	0.01060	0.02050	0.08012	0.01381	0.00923	0.01030	0.00749	0.00539	0.00464	0.00138	0.00840	0.00356	0.00282	0.00644
35	0.00723	0.00525	0.00680	0.00655	0.00773	0.00483	0.00486	0.00950	0.01420	0.01991	0.68322	0.10677	0.08111	0.01125	0.00619	0.00168	0.00251	0.00996	0.00561	0.00483
36	0.01060	0.06307	0.75526	0.01457	0.02212	0.01248	0.01877	0.01645	0.01098	0.01630	0.00925	0.01087	0.00660	0.00493	0.00487	0.00162	0.00760	0.00380	0.00220	0.00765
37	0.21844	0.01330	0.01141	0.01009	0.01305	0.16946	0.00792	0.04189	0.29513	0.06850	0.01393	0.01409	0.01063	0.00753	0.04091	0.00191	0.02259	0.00444	0.00410	0.03068
38	0.01240	0.01188	0.02026	0.15519	0.66508	0.01225	0.01574	0.01556	0.01163	0.01642	0.00971	0.01305	0.00804	0.00473	0.00516	0.00158	0.00631	0.00464	0.00254	0.00786
39	0.00781	0.00596	0.00718	0.00782	0.00875	0.00608	0.00549	0.01166	0.16998	0.01526	0.02755	0.60156	0.05315	0.01400	0.00627	0.00201	0.00322	0.01254	0.02862	0.00509
40	0.01401	0.65915	0.13359	0.00977	0.01465	0.01862	0.01029	0.01632	0.01090	0.06015	0.00835	0.00930	0.00705	0.00465	0.00368	0.00122	0.00580	0.00308	0.00248	0.00696
41	0.01467	0.01080	0.01183	0.01038	0.01350	0.01208	0.00815	0.02729	0.64944	0.14845	0.02109	0.01915	0.01540	0.00696	0.00529	0.00174	0.00417	0.00578	0.00549	0.00835
42	0.00745	0.00506	0.00601	0.00611	0.00624	0.00514	0.00367	0.00773	0.00787	0.01060	0.01722	0.10139	0.01966	0.66124	0.10895	0.00515	0.00584	0.00799	0.00326	0.00341
43	0.04818	0.01088	0.01348	0.01108	0.04923	0.01069	0.00868	0.25998	0.01761	0.48900	0.01708	0.01555	0.01117	0.00625	0.00516	0.00159	0.00491	0.00496	0.00577	0.00873
44	0.08886	0.01189	0.04778	0.01099	0.03834	0.01220	0.00882	0.20350	0.29672	0.14251	0.02988	0.02574	0.01292	0.01807	0.01533	0.00179	0.00485	0.00527	0.01657	0.00797
45	0.00717	0.00532	0.00668	0.00634	0.00766	0.00483	0.00476	0.00944	0.01427	0.01976	0.66125	0.04075	0.17034	0.01107	0.00614	0.00166	0.00249	0.00968	0.00558	0.00483
46	0.00744	0.00558	0.00837	0.00837	0.00930	0.00651	0.00651	0.00930	0.00837	0.01209	0.01395	0.02046	0.01302	0.03906	0.79635	0.00837	0.01395	0.00558	0.00279	0.00465
47	0.12192	0.01240	0.01810	0.08500	0.49607	0.05912	0.03409	0.01684	0.03169	0.06124	0.01025	0.01266	0.00817	0.00491	0.00492	0.00157	0.00608	0.00444	0.00294	0.00759
48	0.01413	0.01196	0.02006	0.02927	0.69290	0.01181	0.01499	0.01710	0.01222	0.10859	0.01107	0.01346	0.00880	0.00485	0.00517	0.00155	0.00598	0.00471	0.00304	0.00832
49	0.00634	0.00455	0.00603	0.00721	0.00754	0.00423	0.00482	0.00726	0.01001	0.01331	0.02921	0.79745	0.05025	0.01625	0.00664	0.00211	0.00301	0.01472	0.00483	0.00423
50	0.01295	0.01119	0.01178	0.01060	0.01354	0.01295	0.00824	0.02767	0.77509	0.02178	0.02120	0.01943	0.01590	0.00707	0.00530	0.00177	0.00412	0.00589	0.00530	0.00824
51	0.01927	0.02240	0.01497	0.01314	0.01603	0.61927	0.01007	0.16659	0.01645	0.01667	0.00888	0.01006	0.00713	0.00566	0.00518	0.00141	0.03341	0.00365	0.00317	0.00658
52	0.01289	0.01237	0.02114	0.03196	0.78450	0.01237	0.01598	0.01598	0.01186	0.01701	0.00980	0.01289	0.00825	0.00464	0.00516	0.00155	0.00619	0.00464	0.00258	0.00825
53	0.01340	0.32487	0.13917	0.01226	0.01675	0.10388	0.10994	0.01855	0.15825	0.01542	0.01205	0.01293	0.03045	0.00537	0.00456	0.00145	0.00639	0.00428	0.00299	0.00704
54	0.00768	0.00543	0.00684	0.00643	0.00783	0.00491	0.00484	0.00993	0.01427	0.04403	0.63717	0.04008	0.16919	0.01093	0.00612	0.00166	0.00255	0.00955	0.00561	0.00495
55	0.01074	0.00960	0.04769	0.08054	0.08228	0.00918	0.05640	0.13393	0.05266	0.02108	0.36874	0.02689	0.06203	0.00822	0.00573	0.00165	0.00443	0.00726	0.00465	0.00632
56	0.00757	0.00505	0.00568	0.00568	0.00568	0.00505	0.00316	0.00757	0.00757	0.01010	0.01641	0.03408	0.01893	0.81698	0.02651	0.00505	0.00505	0.00757	0.00316	0.00316
57	0.01107	0.02180	0.54243	0.01380	0.01954	0.01253	0.01610	0.05293	0.07345	0.01722	0.03466	0.01290	0.00898	0.00668	0.02407	0.00189	0.11549	0.00437	0.00273	0.00737
58	0.00757	0.00505	0.00568	0.00568	0.00568	0.00505	0.00316	0.00757	0.00757	0.01010	0.01641	0.03408	0.01893	0.81698	0.02651	0.00505	0.00505	0.00757	0.00316	0.00316

[dist]
# distance from previous block
# <min> <max>
0	7

# created by:
# /home/berkeley/.conda/envs/busco_data_prod/bin/msa2prfl.pl pipeline/OGs_align_augustus/33634/149887.fs
