[name]
unknown

[dist]
# distance from previous block
# <min> <max>
0	779

[block]
# block no. 0 follows, 44 sequences, length 8
# corresponding to MSA columns:
# 819-826
name=unknown_A
#
# <colnr> <probs for GDERKNQSTAVLIFYWHMCP>
#	G	D	E	R	K	N	Q	S	T	A	V	L	I	F	Y	W	H	M	C	P
0	0.01407	0.69360	0.02663	0.01115	0.06938	0.01981	0.00983	0.01598	0.01128	0.01345	0.00935	0.01300	0.00892	0.00545	0.00394	0.00130	0.00582	0.05752	0.00256	0.00697
1	0.00912	0.00782	0.01234	0.04449	0.01294	0.00846	0.11954	0.01082	0.01034	0.01449	0.07384	0.24596	0.02196	0.17010	0.04907	0.00300	0.12935	0.00915	0.04215	0.00506
2	0.18102	0.01237	0.01292	0.01073	0.01437	0.01372	0.00876	0.32310	0.20058	0.09017	0.01598	0.01772	0.01223	0.00705	0.00521	0.00176	0.00506	0.05393	0.00515	0.00817
3	0.10029	0.07685	0.19559	0.01161	0.03351	0.01094	0.04754	0.03533	0.01274	0.22100	0.01413	0.01444	0.03400	0.00561	0.00484	0.00150	0.00562	0.00447	0.00397	0.16599
4	0.01167	0.10846	0.49752	0.01277	0.01866	0.01183	0.01508	0.01588	0.01110	0.06497	0.01186	0.05314	0.00996	0.06926	0.00794	0.05817	0.00691	0.00492	0.00281	0.00709
5	0.01403	0.00814	0.01012	0.00891	0.01126	0.00831	0.00690	0.05268	0.15379	0.22498	0.13302	0.06437	0.02134	0.08125	0.14250	0.00326	0.00595	0.00701	0.03532	0.00687
6	0.01564	0.12171	0.13653	0.05322	0.09582	0.01353	0.20306	0.06923	0.04709	0.17136	0.01299	0.01422	0.00938	0.00545	0.00541	0.00167	0.00686	0.00506	0.00372	0.00805
7	0.01466	0.01410	0.19216	0.13997	0.09181	0.01071	0.01258	0.07909	0.04117	0.19870	0.13247	0.01887	0.01619	0.00669	0.00555	0.00172	0.00581	0.00564	0.00436	0.00774

[dist]
# distance from previous block
# <min> <max>
0	7

[block]
# block no. 1 follows, 44 sequences, length 9
# corresponding to MSA columns:
# 834-842
name=unknown_B
#
# <colnr> <probs for GDERKNQSTAVLIFYWHMCP>
#	G	D	E	R	K	N	Q	S	T	A	V	L	I	F	Y	W	H	M	C	P
0	0.01021	0.00957	0.05984	0.03810	0.19412	0.00855	0.00946	0.01422	0.09811	0.04229	0.18425	0.13476	0.15480	0.00980	0.00602	0.00180	0.00437	0.00864	0.00455	0.00653
1	0.00702	0.00521	0.00620	0.00657	0.00743	0.00476	0.00449	0.00819	0.01139	0.01490	0.16414	0.31519	0.24187	0.16480	0.01065	0.00260	0.00335	0.01196	0.00489	0.00439
2	0.01607	0.09891	0.06209	0.00944	0.01425	0.01000	0.00833	0.06543	0.01346	0.23955	0.01312	0.01326	0.00954	0.00513	0.00456	0.00121	0.00479	0.00401	0.00424	0.40262
3	0.01488	0.01636	0.18468	0.01779	0.11138	0.06133	0.21394	0.05602	0.01349	0.14840	0.01382	0.07699	0.01107	0.00641	0.00607	0.00177	0.02821	0.00597	0.00365	0.00775
4	0.02058	0.00929	0.01185	0.00945	0.01311	0.00852	0.00766	0.11852	0.01616	0.53633	0.02478	0.08417	0.09782	0.00832	0.00570	0.00174	0.00449	0.00686	0.00626	0.00838
5	0.01339	0.04526	0.04189	0.14869	0.12615	0.01215	0.17461	0.04587	0.09475	0.06896	0.01226	0.01434	0.00932	0.00521	0.00532	0.00156	0.00639	0.00498	0.00343	0.16547
6	0.01801	0.04167	0.01993	0.05293	0.05369	0.01278	0.21559	0.16732	0.08296	0.25475	0.01543	0.01579	0.01074	0.00595	0.00567	0.00172	0.00639	0.00554	0.00473	0.00842
7	0.01024	0.03699	0.00990	0.00870	0.01021	0.00667	0.05328	0.01198	0.02648	0.11226	0.09494	0.32004	0.04820	0.16319	0.01048	0.00262	0.00432	0.05940	0.00479	0.00531
8	0.01665	0.00756	0.00981	0.00839	0.01103	0.00690	0.00652	0.01922	0.04998	0.40581	0.11575	0.14542	0.02228	0.04986	0.00679	0.00192	0.00394	0.00771	0.09725	0.00721

[dist]
# distance from previous block
# <min> <max>
5	9

[block]
# block no. 2 follows, 44 sequences, length 17
# corresponding to MSA columns:
# 853-869
name=unknown_C
#
# <colnr> <probs for GDERKNQSTAVLIFYWHMCP>
#	G	D	E	R	K	N	Q	S	T	A	V	L	I	F	Y	W	H	M	C	P
0	0.17958	0.14816	0.17541	0.11218	0.01907	0.04484	0.03069	0.08218	0.01281	0.11630	0.01069	0.01198	0.00786	0.00551	0.00491	0.00163	0.02140	0.00405	0.00341	0.00733
1	0.17641	0.00929	0.01130	0.00903	0.01279	0.00877	0.00739	0.02326	0.04438	0.54059	0.08474	0.01876	0.01553	0.00684	0.00517	0.00170	0.00437	0.00542	0.00600	0.00826
2	0.00759	0.00512	0.00605	0.00648	0.00749	0.00474	0.00461	0.00927	0.01193	0.01692	0.16102	0.34413	0.17982	0.01296	0.00605	0.00184	0.00284	0.01135	0.19506	0.00474
3	0.01322	0.26190	0.44321	0.01279	0.01916	0.01476	0.01508	0.01794	0.03223	0.08403	0.03112	0.01233	0.00899	0.00539	0.00474	0.00156	0.00683	0.00404	0.00290	0.00778
4	0.01272	0.00731	0.01090	0.03762	0.01277	0.00675	0.06925	0.01462	0.01257	0.23758	0.02719	0.33527	0.08635	0.01211	0.00645	0.00202	0.00442	0.09260	0.00526	0.00623
5	0.00678	0.00492	0.00643	0.00759	0.00810	0.00457	0.00525	0.00787	0.01075	0.01415	0.03204	0.69031	0.09648	0.01667	0.00696	0.00220	0.00326	0.06613	0.00506	0.00448
6	0.00903	0.00573	0.00766	0.00838	0.00934	0.00547	0.00618	0.02947	0.01164	0.08381	0.02824	0.56084	0.03193	0.01610	0.02620	0.00237	0.00399	0.14338	0.00516	0.00511
7	0.14029	0.01199	0.01313	0.01055	0.01425	0.07673	0.03717	0.16214	0.05412	0.31850	0.09118	0.01751	0.01477	0.00675	0.00526	0.00167	0.00523	0.00535	0.00539	0.00802
8	0.00807	0.00518	0.00679	0.00747	0.00825	0.00479	0.00519	0.00939	0.01153	0.06500	0.12684	0.60024	0.05808	0.01511	0.00666	0.00207	0.00315	0.01358	0.03774	0.00487
9	0.01093	0.02820	0.78016	0.01554	0.02360	0.01266	0.02014	0.01727	0.01151	0.01727	0.00978	0.01151	0.00691	0.00518	0.00518	0.00173	0.00806	0.00403	0.00230	0.00806
10	0.01312	0.01257	0.02145	0.12253	0.68825	0.01286	0.01655	0.01640	0.01224	0.01736	0.01019	0.01361	0.00848	0.00493	0.00540	0.00164	0.00657	0.00486	0.00267	0.00833
11	0.01249	0.01216	0.02142	0.13173	0.22210	0.03832	0.26186	0.02982	0.02698	0.04048	0.01407	0.13661	0.01282	0.00691	0.00598	0.00181	0.00700	0.00703	0.00328	0.00714
12	0.01749	0.00838	0.00992	0.00817	0.01112	0.00815	0.00657	0.11449	0.04622	0.33132	0.01888	0.01868	0.01329	0.00658	0.00478	0.00151	0.00391	0.00527	0.35781	0.00748
13	0.01030	0.00969	0.01635	0.79530	0.03755	0.01211	0.01514	0.01393	0.01090	0.01393	0.00969	0.01453	0.00727	0.00545	0.00545	0.00182	0.00727	0.00484	0.00242	0.00606
14	0.00707	0.00511	0.00670	0.00737	0.00810	0.00474	0.00520	0.00862	0.01221	0.01659	0.26832	0.49839	0.07134	0.01496	0.00679	0.00205	0.00303	0.04335	0.00536	0.00469
15	0.34748	0.01033	0.01115	0.00937	0.01243	0.01135	0.00765	0.09275	0.01278	0.24639	0.01409	0.07904	0.01116	0.00726	0.00629	0.00181	0.10177	0.00517	0.00460	0.00713
16	0.04880	0.02467	0.04682	0.01351	0.01652	0.69397	0.01051	0.02080	0.01494	0.01396	0.01040	0.01164	0.03885	0.00592	0.00494	0.00145	0.00926	0.00385	0.00290	0.00631

[dist]
# distance from previous block
# <min> <max>
0	1

[block]
# block no. 3 follows, 44 sequences, length 51
# corresponding to MSA columns:
# 871-890,892-922
name=unknown_D
#
# <colnr> <probs for GDERKNQSTAVLIFYWHMCP>
#	G	D	E	R	K	N	Q	S	T	A	V	L	I	F	Y	W	H	M	C	P
0	0.01279	0.00847	0.00950	0.00844	0.01067	0.05337	0.00636	0.06193	0.03585	0.16698	0.19894	0.18376	0.06412	0.07405	0.00768	0.00201	0.00415	0.00870	0.00522	0.07700
1	0.01436	0.03354	0.01234	0.04670	0.04002	0.03606	0.00792	0.08056	0.12625	0.15195	0.03449	0.02004	0.06196	0.07891	0.03639	0.00208	0.00523	0.00554	0.00446	0.20120
2	0.01827	0.01382	0.01354	0.01123	0.01479	0.11891	0.00895	0.25932	0.21770	0.16868	0.02005	0.01895	0.07642	0.00730	0.00549	0.00169	0.00554	0.00572	0.00533	0.00830
3	0.01037	0.00704	0.00862	0.00863	0.01002	0.00707	0.00625	0.11651	0.06196	0.07066	0.06116	0.55180	0.03016	0.01397	0.00653	0.00205	0.00371	0.01244	0.00531	0.00576
4	0.01323	0.01118	0.01685	0.07491	0.35891	0.02592	0.04556	0.05110	0.06463	0.08373	0.06015	0.02212	0.13376	0.00708	0.00568	0.00170	0.00559	0.00638	0.00391	0.00761
5	0.01182	0.04050	0.21668	0.24843	0.10478	0.03425	0.01409	0.01689	0.08924	0.05118	0.04777	0.06474	0.02317	0.00665	0.00546	0.00176	0.00647	0.00568	0.00331	0.00715
6	0.00898	0.00619	0.00769	0.00728	0.00886	0.00583	0.00546	0.01217	0.07202	0.06989	0.48764	0.12570	0.13817	0.01159	0.00636	0.00180	0.00293	0.01014	0.00579	0.00553
7	0.01198	0.00708	0.00846	0.00758	0.00968	0.00695	0.00586	0.01647	0.13454	0.15066	0.32768	0.02981	0.06446	0.00888	0.00556	0.00164	0.00321	0.00756	0.18558	0.00637
8	0.12152	0.08766	0.07778	0.01152	0.04022	0.01021	0.10453	0.04223	0.01266	0.09248	0.13357	0.20405	0.02154	0.00897	0.00560	0.00178	0.00501	0.00791	0.00429	0.00646
9	0.01701	0.01261	0.11947	0.03538	0.07987	0.01072	0.01073	0.06597	0.10094	0.30636	0.05179	0.01755	0.01341	0.00679	0.00634	0.00173	0.06716	0.00537	0.06265	0.00814
10	0.01183	0.00808	0.00917	0.00813	0.01053	0.00797	0.00637	0.14442	0.07219	0.10051	0.16994	0.08235	0.27649	0.01083	0.00609	0.00179	0.00371	0.03373	0.02952	0.00634
11	0.00797	0.00528	0.00681	0.00728	0.00821	0.00484	0.00513	0.00946	0.01217	0.05890	0.21424	0.48348	0.10686	0.01448	0.00662	0.00200	0.00305	0.01293	0.02538	0.00491
12	0.01468	0.10852	0.04172	0.15535	0.09893	0.01453	0.17595	0.14775	0.11120	0.05881	0.01260	0.01439	0.00946	0.00561	0.00544	0.00169	0.00673	0.00516	0.00366	0.00783
13	0.00786	0.00525	0.00693	0.00777	0.00855	0.00492	0.00552	0.00909	0.01097	0.05760	0.03082	0.59383	0.09851	0.01743	0.05180	0.00255	0.00401	0.06676	0.00503	0.00479
14	0.00966	0.00506	0.00531	0.00544	0.00660	0.00501	0.00401	0.01203	0.01148	0.01966	0.04984	0.10994	0.01800	0.00776	0.00427	0.00140	0.00261	0.00645	0.71045	0.00501
15	0.04470	0.00925	0.01350	0.20349	0.11754	0.01031	0.01030	0.01490	0.01101	0.15102	0.01569	0.02015	0.06551	0.11313	0.01111	0.05010	0.12269	0.00576	0.00357	0.00628
16	0.01462	0.13076	0.27856	0.01609	0.05140	0.01369	0.19936	0.04188	0.02438	0.14180	0.01196	0.01334	0.00864	0.00538	0.00561	0.00168	0.02477	0.00482	0.00331	0.00795
17	0.03812	0.00965	0.01290	0.01259	0.09240	0.01068	0.00905	0.10227	0.01354	0.16016	0.11963	0.08512	0.01805	0.01055	0.05419	0.00227	0.18125	0.00656	0.05414	0.00689
18	0.24476	0.01373	0.08910	0.05074	0.40439	0.01276	0.07517	0.01655	0.01144	0.01944	0.00951	0.01216	0.00764	0.00494	0.00490	0.00167	0.00625	0.00438	0.00284	0.00762
19	0.01452	0.32826	0.05054	0.15234	0.02003	0.07628	0.09490	0.01713	0.01194	0.08800	0.01037	0.01237	0.00820	0.00541	0.00523	0.00151	0.04357	0.00420	0.04827	0.00692
20	0.00909	0.05709	0.05047	0.00787	0.00879	0.00660	0.00604	0.00882	0.00834	0.01125	0.01349	0.10675	0.01415	0.12384	0.14124	0.40674	0.00646	0.00637	0.00287	0.00372
21	0.01484	0.11467	0.35819	0.01343	0.01925	0.05770	0.04241	0.08174	0.11189	0.11476	0.01287	0.01338	0.00928	0.00572	0.00512	0.00165	0.00685	0.00450	0.00360	0.00814
22	0.05897	0.01083	0.07940	0.06685	0.13494	0.00962	0.10004	0.01470	0.03850	0.08416	0.01958	0.23969	0.04837	0.00950	0.00633	0.00192	0.02852	0.03750	0.00400	0.00660
23	0.00703	0.00515	0.00691	0.00795	0.00837	0.00503	0.00556	0.00819	0.01079	0.01450	0.07137	0.68416	0.03560	0.01634	0.00736	0.00221	0.03155	0.06236	0.00502	0.00456
24	0.01335	0.01461	0.02739	0.03121	0.12111	0.27546	0.00925	0.04353	0.03564	0.01634	0.10401	0.09576	0.16075	0.00899	0.00591	0.01324	0.00613	0.00721	0.00393	0.00617
25	0.01617	0.22629	0.19467	0.01256	0.04551	0.05660	0.01195	0.06970	0.11046	0.16722	0.01322	0.01341	0.00972	0.00584	0.00514	0.00157	0.02370	0.00438	0.00386	0.00805
26	0.01345	0.01296	0.01537	0.01310	0.01519	0.09686	0.08044	0.04207	0.25134	0.01801	0.01433	0.01723	0.01181	0.00782	0.00954	0.00195	0.26572	0.03271	0.07314	0.00698
27	0.00822	0.00567	0.00693	0.00707	0.00832	0.00521	0.00512	0.03118	0.01293	0.05141	0.23210	0.34303	0.20571	0.01360	0.00648	0.00192	0.00304	0.01195	0.03507	0.00504
28	0.01438	0.03013	0.01573	0.01377	0.06180	0.06592	0.09662	0.09076	0.30464	0.06805	0.04642	0.08379	0.01601	0.00777	0.00639	0.00182	0.04857	0.01506	0.00465	0.00772
29	0.03789	0.00641	0.00844	0.00853	0.00968	0.00629	0.03604	0.02963	0.05449	0.05872	0.02627	0.50637	0.04517	0.09920	0.00884	0.00245	0.00396	0.04164	0.00485	0.00515
30	0.00660	0.00491	0.00615	0.00714	0.00779	0.00447	0.00486	0.00764	0.01087	0.01409	0.03555	0.64032	0.19703	0.01636	0.00685	0.00213	0.00308	0.01463	0.00506	0.00447
31	0.01834	0.01152	0.01256	0.01017	0.01361	0.04093	0.00821	0.29561	0.10291	0.21793	0.06629	0.01811	0.01458	0.00693	0.00526	0.00161	0.00484	0.00549	0.13695	0.00816
32	0.01379	0.01290	0.02075	0.02999	0.65457	0.01318	0.01552	0.04808	0.10118	0.01907	0.01177	0.01428	0.00960	0.00522	0.00542	0.00165	0.00620	0.00501	0.00314	0.00866
33	0.01059	0.00999	0.01688	0.72563	0.10494	0.01219	0.01529	0.01419	0.01104	0.01428	0.00974	0.01444	0.00739	0.00540	0.00545	0.00180	0.00720	0.00485	0.00245	0.00629
34	0.01030	0.00969	0.01635	0.79530	0.03755	0.01211	0.01514	0.01393	0.01090	0.01393	0.00969	0.01453	0.00727	0.00545	0.00545	0.00182	0.00727	0.00484	0.00242	0.00606
35	0.17366	0.01241	0.01360	0.01061	0.01474	0.01309	0.00876	0.37772	0.01930	0.27985	0.01488	0.01413	0.01006	0.00634	0.00508	0.00166	0.00522	0.00474	0.00550	0.00866
36	0.01287	0.01471	0.03217	0.02298	0.02849	0.01379	0.75460	0.01746	0.01287	0.01746	0.01103	0.01471	0.00827	0.00460	0.00643	0.00184	0.00919	0.00643	0.00276	0.00735
37	0.01447	0.01318	0.01915	0.02412	0.43829	0.04453	0.03873	0.15714	0.01460	0.02020	0.01138	0.03762	0.00965	0.00743	0.04245	0.00196	0.04320	0.00514	0.00333	0.05342
38	0.04458	0.08205	0.01879	0.01829	0.22723	0.07519	0.05416	0.26804	0.08367	0.02313	0.01266	0.04520	0.01029	0.00618	0.00528	0.00163	0.00627	0.00518	0.00398	0.00819
39	0.11806	0.07908	0.01832	0.08598	0.10600	0.01216	0.15026	0.07818	0.01393	0.18484	0.08731	0.01659	0.01328	0.00604	0.00531	0.00167	0.00591	0.00539	0.00417	0.00753
40	0.02052	0.00896	0.01178	0.00934	0.01294	0.00813	0.00759	0.06493	0.04158	0.55838	0.17157	0.02275	0.02098	0.00764	0.00567	0.00170	0.00429	0.00635	0.00648	0.00843
41	0.00756	0.00636	0.00772	0.00719	0.00912	0.00575	0.03990	0.01021	0.05594	0.01698	0.20784	0.04678	0.49431	0.01249	0.00645	0.00185	0.00323	0.05003	0.00519	0.00510
42	0.13780	0.01153	0.04445	0.03598	0.12325	0.01173	0.03793	0.05089	0.26866	0.08624	0.09410	0.01858	0.01587	0.00670	0.00525	0.00173	0.00489	0.00562	0.03110	0.00769
43	0.11558	0.04074	0.04380	0.01285	0.13422	0.00982	0.00910	0.04059	0.03995	0.29369	0.15107	0.01988	0.01811	0.00689	0.00523	0.00165	0.00464	0.00570	0.03879	0.00771
44	0.00810	0.00584	0.00761	0.00862	0.04992	0.00545	0.00600	0.01000	0.01255	0.02997	0.21066	0.26944	0.16627	0.01312	0.00646	0.00195	0.00336	0.10898	0.07063	0.00507
45	0.00776	0.00576	0.00766	0.04963	0.00970	0.00547	0.00564	0.01027	0.01486	0.02080	0.66896	0.06846	0.08211	0.01118	0.00640	0.00174	0.00286	0.00988	0.00573	0.00514
46	0.01378	0.01387	0.07630	0.08657	0.10314	0.04356	0.28804	0.03976	0.07478	0.09132	0.05439	0.04097	0.01247	0.00616	0.00623	0.00179	0.02967	0.00610	0.00362	0.00748
47	0.01188	0.01690	0.25488	0.12054	0.15484	0.01257	0.13231	0.01841	0.14219	0.01816	0.05355	0.01587	0.01157	0.00577	0.00558	0.00176	0.00691	0.00535	0.00322	0.00773
48	0.21402	0.00940	0.01081	0.00874	0.01234	0.00922	0.00714	0.05757	0.03900	0.43907	0.04786	0.01715	0.01320	0.00651	0.00487	0.00165	0.00431	0.00503	0.08421	0.00791
49	0.00871	0.00599	0.00791	0.00859	0.00994	0.00569	0.00705	0.01079	0.01267	0.05186	0.11216	0.16492	0.15461	0.01435	0.00706	0.00223	0.00410	0.40108	0.00522	0.00508
50	0.13742	0.01514	0.20687	0.05615	0.03312	0.01149	0.01131	0.08122	0.12427	0.09298	0.01337	0.04036	0.01026	0.00599	0.00492	0.00160	0.00555	0.00473	0.00389	0.13934

[dist]
# distance from previous block
# <min> <max>
5	118

[block]
# block no. 4 follows, 44 sequences, length 103
# corresponding to MSA columns:
# 1043-1145
name=unknown_E
#
# <colnr> <probs for GDERKNQSTAVLIFYWHMCP>
#	G	D	E	R	K	N	Q	S	T	A	V	L	I	F	Y	W	H	M	C	P
0	0.03818	0.08264	0.06487	0.01004	0.03615	0.03060	0.00836	0.03806	0.07992	0.06473	0.01248	0.05509	0.01047	0.00551	0.00453	0.00122	0.00477	0.00441	0.00365	0.44433
1	0.01502	0.38471	0.10922	0.01174	0.03927	0.01744	0.01093	0.18247	0.09302	0.01956	0.01201	0.01472	0.01009	0.00609	0.00466	0.00151	0.00594	0.05036	0.00354	0.00772
2	0.03958	0.12122	0.23162	0.06507	0.17056	0.01183	0.01298	0.01473	0.01127	0.03511	0.03220	0.08054	0.03442	0.05507	0.05898	0.00235	0.00677	0.00574	0.00304	0.00691
3	0.07095	0.16494	0.26713	0.01229	0.03726	0.03671	0.01251	0.05301	0.02646	0.24857	0.01313	0.01319	0.00918	0.00566	0.00486	0.00159	0.00621	0.00428	0.00395	0.00812
4	0.01269	0.03115	0.03345	0.00887	0.01134	0.06047	0.00710	0.03579	0.14860	0.13438	0.27987	0.06826	0.07734	0.03256	0.00645	0.00182	0.00414	0.00781	0.03133	0.00658
5	0.01169	0.01109	0.01870	0.46253	0.34597	0.01249	0.01570	0.01536	0.02449	0.01571	0.01014	0.01420	0.00800	0.00524	0.00543	0.00173	0.00689	0.00487	0.00259	0.00718
6	0.00952	0.12416	0.10187	0.04949	0.03239	0.00933	0.03447	0.01218	0.01220	0.01616	0.12802	0.15823	0.08281	0.01102	0.00616	0.00194	0.00496	0.19512	0.00420	0.00577
7	0.01592	0.06208	0.17274	0.04020	0.16752	0.05851	0.08395	0.08776	0.03688	0.17118	0.01355	0.04253	0.01029	0.00600	0.00540	0.00167	0.00664	0.00520	0.00384	0.00812
8	0.00664	0.00474	0.00633	0.00759	0.00791	0.00443	0.00506	0.00759	0.01044	0.01392	0.03005	0.80485	0.03606	0.01708	0.00696	0.00221	0.00316	0.01550	0.00506	0.00443
9	0.00676	0.00529	0.00612	0.00643	0.00769	0.00466	0.00462	0.00824	0.01241	0.01590	0.19036	0.28152	0.40202	0.01428	0.00660	0.00193	0.00285	0.01241	0.00525	0.00466
10	0.01183	0.02367	0.08163	0.01481	0.11959	0.08535	0.08770	0.02662	0.11151	0.01878	0.23524	0.02371	0.06050	0.00792	0.00673	0.00175	0.06496	0.00675	0.00414	0.00679
11	0.01802	0.00982	0.01178	0.00978	0.01309	0.01001	0.00784	0.07080	0.25382	0.35399	0.07830	0.02052	0.01708	0.00729	0.00564	0.00171	0.01763	0.00595	0.07859	0.00833
12	0.00664	0.00474	0.00633	0.00759	0.00791	0.00443	0.00506	0.00759	0.01044	0.01392	0.03005	0.80485	0.03606	0.01708	0.00696	0.00221	0.00316	0.01550	0.00506	0.00443
13	0.01021	0.00904	0.01454	0.62943	0.03155	0.01097	0.01314	0.03959	0.01140	0.01498	0.01276	0.11333	0.01127	0.00699	0.00556	0.00183	0.00647	0.00619	0.04485	0.00592
14	0.02480	0.38426	0.18030	0.01205	0.01711	0.03059	0.06337	0.03896	0.15655	0.02674	0.01143	0.01223	0.00905	0.00539	0.00455	0.00149	0.00627	0.00411	0.00314	0.00762
15	0.00749	0.00596	0.00677	0.00650	0.00817	0.00545	0.00489	0.01035	0.06430	0.01847	0.37381	0.04505	0.39863	0.01218	0.00638	0.00178	0.00278	0.01041	0.00552	0.00512
16	0.01803	0.01175	0.01324	0.01097	0.01462	0.01266	0.00879	0.19207	0.38151	0.23038	0.03305	0.01858	0.01473	0.00709	0.00552	0.00175	0.00475	0.00576	0.00586	0.00889
17	0.01346	0.50886	0.29519	0.01168	0.01749	0.04222	0.01321	0.01683	0.01137	0.01442	0.00839	0.00976	0.00697	0.00488	0.00414	0.00137	0.00675	0.00333	0.00234	0.00735
18	0.84691	0.01054	0.00801	0.00717	0.01054	0.01223	0.00590	0.01603	0.00928	0.02446	0.00759	0.00886	0.00590	0.00506	0.00337	0.00169	0.00422	0.00295	0.00337	0.00590
19	0.01288	0.01233	0.02102	0.17918	0.63346	0.01279	0.01643	0.01620	0.01212	0.01707	0.01015	0.01369	0.00837	0.00497	0.00541	0.00166	0.00663	0.00486	0.00265	0.00814
20	0.00705	0.00569	0.00639	0.00675	0.00839	0.00503	0.00537	0.00871	0.01240	0.01511	0.04770	0.07674	0.55980	0.01423	0.00674	0.00202	0.00336	0.19876	0.00505	0.00470
21	0.00797	0.00546	0.00708	0.00708	0.00745	0.00583	0.00472	0.00856	0.00819	0.01129	0.01572	0.02909	0.01683	0.46895	0.31367	0.05948	0.00877	0.00694	0.00310	0.00383
22	0.00729	0.00504	0.00653	0.00714	0.00785	0.00471	0.00498	0.00889	0.01212	0.01700	0.26567	0.49353	0.03907	0.01426	0.00652	0.00197	0.00292	0.01280	0.07699	0.00471
23	0.01093	0.02820	0.78016	0.01554	0.02360	0.01266	0.02014	0.01727	0.01151	0.01727	0.00978	0.01151	0.00691	0.00518	0.00518	0.00173	0.00806	0.00403	0.00230	0.00806
24	0.16368	0.01062	0.01495	0.06502	0.28823	0.01079	0.01098	0.01899	0.05018	0.21926	0.06196	0.03639	0.01315	0.00626	0.00518	0.00169	0.00520	0.00534	0.00428	0.00784
25	0.01113	0.02682	0.70357	0.01630	0.02410	0.01278	0.09534	0.01729	0.01165	0.01729	0.00991	0.01184	0.00705	0.00512	0.00531	0.00174	0.00817	0.00427	0.00235	0.00798
26	0.01030	0.00969	0.01635	0.79530	0.03755	0.01211	0.01514	0.01393	0.01090	0.01393	0.00969	0.01453	0.00727	0.00545	0.00545	0.00182	0.00727	0.00484	0.00242	0.00606
27	0.02446	0.00928	0.01265	0.00970	0.01392	0.00801	0.00801	0.02657	0.01560	0.77817	0.02151	0.01856	0.01350	0.00675	0.00548	0.00169	0.00464	0.00548	0.00675	0.00928
28	0.01182	0.01167	0.04140	0.27163	0.11713	0.01215	0.15433	0.04228	0.14147	0.01779	0.03564	0.02034	0.03592	0.00664	0.00584	0.00184	0.00659	0.05493	0.00351	0.00709
29	0.00663	0.00480	0.00627	0.00745	0.00787	0.00444	0.00500	0.00761	0.01057	0.01397	0.03171	0.75522	0.08461	0.01686	0.00692	0.00219	0.00314	0.01524	0.00506	0.00444
30	0.01269	0.01089	0.01153	0.01054	0.01336	0.01243	0.00813	0.02632	0.67062	0.02174	0.02462	0.07489	0.06141	0.00842	0.00569	0.00187	0.00415	0.00710	0.00549	0.00812
31	0.01079	0.01076	0.02019	0.45118	0.04949	0.01180	0.23799	0.01444	0.01154	0.01516	0.01245	0.08476	0.01082	0.00647	0.00594	0.00187	0.00741	0.02777	0.00284	0.00634
32	0.01184	0.01048	0.12824	0.01044	0.01330	0.00805	0.00979	0.01603	0.09024	0.13050	0.07163	0.06713	0.02386	0.01121	0.00684	0.02445	0.00506	0.32750	0.02700	0.00641
33	0.00683	0.00488	0.00652	0.00769	0.00812	0.00458	0.00528	0.00796	0.01085	0.01451	0.07264	0.71805	0.03667	0.01662	0.00696	0.00220	0.00324	0.05679	0.00511	0.00450
34	0.02047	0.01217	0.01419	0.01129	0.01522	0.01265	0.00939	0.42272	0.02069	0.27738	0.01783	0.02093	0.01342	0.00767	0.00572	0.00176	0.00543	0.09648	0.00583	0.00874
35	0.01327	0.04985	0.06591	0.25639	0.09352	0.01187	0.10010	0.01724	0.05749	0.12770	0.03671	0.01881	0.01199	0.02702	0.00680	0.00190	0.04590	0.04687	0.00358	0.00709
36	0.00754	0.00591	0.00770	0.00811	0.00953	0.00545	0.02870	0.00937	0.01216	0.01539	0.05774	0.20688	0.31777	0.01457	0.00693	0.00215	0.00384	0.27044	0.00500	0.00481
37	0.01214	0.01148	0.01922	0.07856	0.51045	0.01208	0.03705	0.01499	0.01160	0.01648	0.01219	0.07397	0.01134	0.00867	0.05414	0.00221	0.07781	0.02516	0.00290	0.00755
38	0.01093	0.02820	0.78016	0.01554	0.02360	0.01266	0.02014	0.01727	0.01151	0.01727	0.00978	0.01151	0.00691	0.00518	0.00518	0.00173	0.00806	0.00403	0.00230	0.00806
39	0.01955	0.02397	0.06876	0.03408	0.13985	0.01117	0.09419	0.11389	0.01558	0.39772	0.01621	0.01592	0.01092	0.00601	0.00552	0.00168	0.00592	0.00527	0.00502	0.00877
40	0.01374	0.12800	0.17203	0.27169	0.06563	0.09405	0.07566	0.01734	0.01219	0.08441	0.01050	0.01295	0.00785	0.00532	0.00515	0.00164	0.00737	0.00446	0.00286	0.00715
41	0.80282	0.01062	0.00877	0.00765	0.01111	0.01216	0.02572	0.01635	0.00954	0.04451	0.00806	0.00927	0.00617	0.00509	0.00351	0.00169	0.00436	0.00311	0.00345	0.00603
42	0.01333	0.44916	0.16057	0.06121	0.05444	0.01637	0.01151	0.01604	0.01140	0.05780	0.01138	0.09336	0.01048	0.00623	0.00450	0.00147	0.00601	0.00479	0.00289	0.00707
43	0.00727	0.00577	0.00665	0.00641	0.00813	0.00499	0.00482	0.00914	0.01328	0.01741	0.30082	0.09653	0.40236	0.01251	0.00635	0.00177	0.00286	0.02992	0.00527	0.05774
44	0.07730	0.13207	0.16504	0.01108	0.01607	0.01267	0.01081	0.14272	0.01535	0.34185	0.01481	0.01416	0.01003	0.00598	0.00498	0.00161	0.00568	0.00455	0.00478	0.00847
45	0.24297	0.01909	0.32733	0.01426	0.06427	0.03368	0.07040	0.09828	0.01288	0.05429	0.01014	0.01158	0.00739	0.00531	0.00483	0.00170	0.00667	0.00411	0.00321	0.00759
46	0.02433	0.00948	0.01278	0.00980	0.01402	0.00831	0.00809	0.05126	0.01594	0.75300	0.02122	0.01837	0.01335	0.00674	0.00548	0.00169	0.00469	0.00546	0.00670	0.00928
47	0.02232	0.00933	0.01250	0.00968	0.01360	0.00841	0.02513	0.07352	0.01574	0.62508	0.02028	0.01830	0.01315	0.00664	0.00531	0.00164	0.00460	0.00542	0.10060	0.00876
48	0.01620	0.33948	0.09091	0.01074	0.01514	0.06196	0.01002	0.03410	0.19702	0.15227	0.01399	0.01373	0.01055	0.00584	0.00463	0.00150	0.00570	0.00434	0.00398	0.00790
49	0.00956	0.00640	0.00743	0.00684	0.00887	0.00577	0.00524	0.01232	0.06139	0.11281	0.28656	0.04231	0.39068	0.01164	0.00626	0.00178	0.00303	0.00987	0.00561	0.00562
50	0.00838	0.00611	0.00752	0.00806	0.00899	0.00600	0.00565	0.10097	0.01248	0.01653	0.02980	0.65024	0.08738	0.01552	0.00673	0.00211	0.00349	0.01388	0.00511	0.00505
51	0.01269	0.01437	0.03111	0.07486	0.02910	0.01367	0.70492	0.01723	0.01274	0.01723	0.01094	0.01469	0.00820	0.00465	0.00637	0.00184	0.00906	0.00633	0.00273	0.00727
52	0.03422	0.17785	0.58739	0.01396	0.02106	0.01440	0.01727	0.01747	0.03826	0.01680	0.00974	0.01122	0.00724	0.00516	0.00482	0.00162	0.00739	0.00386	0.00245	0.00782
53	0.00871	0.00647	0.03010	0.00713	0.00887	0.00548	0.00564	0.01122	0.01495	0.06867	0.61239	0.03993	0.13761	0.01102	0.00634	0.00173	0.00289	0.00962	0.00582	0.00542
54	0.01414	0.01376	0.01859	0.01522	0.01676	0.10493	0.12585	0.01596	0.01050	0.08007	0.00914	0.01269	0.00786	0.00808	0.01354	0.00213	0.51647	0.00494	0.00287	0.00651
55	0.00831	0.00571	0.00748	0.00696	0.00835	0.00525	0.00525	0.01087	0.01544	0.04887	0.74473	0.03993	0.05009	0.01099	0.00640	0.00171	0.00265	0.00970	0.00603	0.00529
56	0.01093	0.02820	0.78016	0.01554	0.02360	0.01266	0.02014	0.01727	0.01151	0.01727	0.00978	0.01151	0.00691	0.00518	0.00518	0.00173	0.00806	0.00403	0.00230	0.00806
57	0.01283	0.01095	0.01170	0.01057	0.01342	0.01251	0.00819	0.02664	0.67113	0.02269	0.11564	0.02288	0.02098	0.00786	0.00566	0.00183	0.00410	0.00662	0.00560	0.00819
58	0.00809	0.00572	0.00815	0.00815	0.00910	0.00651	0.00624	0.01000	0.00905	0.01350	0.01514	0.02207	0.01402	0.07924	0.64697	0.00763	0.01258	0.00586	0.10716	0.00481
59	0.69182	0.01239	0.00923	0.00819	0.01154	0.10852	0.00661	0.01741	0.01045	0.07074	0.00858	0.00959	0.00652	0.00524	0.00370	0.00165	0.00494	0.00318	0.00352	0.00617
60	0.02191	0.01161	0.01392	0.01074	0.01485	0.01162	0.00884	0.33517	0.01985	0.41912	0.06108	0.01751	0.01389	0.00691	0.00552	0.00167	0.00510	0.00549	0.00616	0.00904
61	0.00748	0.00537	0.00727	0.00850	0.00923	0.00516	0.00651	0.00906	0.01133	0.01489	0.03035	0.48797	0.05669	0.01618	0.00717	0.00232	0.00388	0.30092	0.00504	0.00467
62	0.01718	0.07227	0.01586	0.06137	0.01707	0.03841	0.01001	0.38713	0.27375	0.02696	0.01542	0.01522	0.01141	0.00660	0.00533	0.00168	0.00561	0.00514	0.00499	0.00860
63	0.01440	0.01316	0.02079	0.02944	0.63185	0.01348	0.01542	0.10972	0.06163	0.02019	0.01136	0.01388	0.00922	0.00523	0.00541	0.00164	0.00628	0.00495	0.00322	0.00871
64	0.06258	0.00880	0.01408	0.35849	0.11360	0.00983	0.04835	0.01259	0.01098	0.01529	0.01632	0.25448	0.01670	0.00907	0.00587	0.00192	0.00578	0.02597	0.00339	0.00590
65	0.01132	0.09502	0.68888	0.01527	0.02295	0.01347	0.04544	0.01719	0.01152	0.01689	0.00964	0.01139	0.00696	0.00511	0.00508	0.00168	0.00791	0.00402	0.00232	0.00794
66	0.01349	0.01295	0.02213	0.03346	0.77440	0.01295	0.01673	0.01673	0.01241	0.01781	0.01025	0.01349	0.00864	0.00486	0.00540	0.00162	0.00648	0.00486	0.00270	0.00864
67	0.01267	0.00755	0.00936	0.00855	0.01071	0.00741	0.00651	0.01740	0.17060	0.20158	0.24403	0.20683	0.05257	0.01075	0.00614	0.00185	0.00357	0.00938	0.00584	0.00668
68	0.01208	0.27511	0.54330	0.01358	0.02057	0.01547	0.01673	0.01697	0.01137	0.01587	0.00909	0.01064	0.00693	0.00502	0.00465	0.00155	0.00736	0.00368	0.00231	0.00772
69	0.00789	0.00543	0.00666	0.00666	0.00691	0.00567	0.00419	0.00839	0.00814	0.01110	0.01653	0.03207	0.01825	0.61403	0.21998	0.00617	0.00765	0.00740	0.00321	0.00370
70	0.00649	0.00535	0.00570	0.00597	0.00748	0.00456	0.00434	0.00777	0.01199	0.01455	0.04976	0.21597	0.61221	0.01452	0.00656	0.00192	0.00285	0.01237	0.00506	0.00456
71	0.00664	0.00474	0.00633	0.00759	0.00791	0.00443	0.00506	0.00759	0.01044	0.01392	0.03005	0.80485	0.03606	0.01708	0.00696	0.00221	0.00316	0.01550	0.00506	0.00443
72	0.01112	0.06755	0.74241	0.01523	0.02311	0.01311	0.01960	0.01722	0.01149	0.01704	0.00967	0.01137	0.00691	0.00515	0.00510	0.00170	0.00795	0.00397	0.00230	0.00800
73	0.01287	0.01471	0.03217	0.02298	0.02849	0.01379	0.75460	0.01746	0.01287	0.01746	0.01103	0.01471	0.00827	0.00460	0.00643	0.00184	0.00919	0.00643	0.00276	0.00735
74	0.00750	0.00566	0.00699	0.00693	0.00837	0.00515	0.00538	0.00972	0.01415	0.01901	0.45884	0.04708	0.25638	0.01247	0.00659	0.00186	0.00298	0.11437	0.00559	0.00497
75	0.01030	0.00969	0.01635	0.79530	0.03755	0.01211	0.01514	0.01393	0.01090	0.01393	0.00969	0.01453	0.00727	0.00545	0.00545	0.00182	0.00727	0.00484	0.00242	0.00606
76	0.00677	0.00484	0.00647	0.00774	0.00811	0.00454	0.00528	0.00781	0.01056	0.01406	0.02998	0.76066	0.03578	0.01696	0.00699	0.00223	0.00327	0.05842	0.00506	0.00446
77	0.01324	0.01055	0.01145	0.01035	0.01311	0.01186	0.00821	0.11501	0.47161	0.02321	0.06512	0.02540	0.01922	0.00830	0.00566	0.00184	0.00434	0.09111	0.08266	0.00776
78	0.00765	0.00630	0.01018	0.05933	0.01235	0.00608	0.09917	0.00922	0.01077	0.01436	0.02639	0.65632	0.03077	0.01479	0.00680	0.00214	0.00417	0.01369	0.00461	0.00490
79	0.02096	0.08293	0.01321	0.00936	0.01305	0.00875	0.00771	0.02286	0.01443	0.59628	0.02146	0.13186	0.01617	0.00806	0.00551	0.00172	0.00453	0.00670	0.00609	0.00836
80	0.01241	0.01157	0.01934	0.02846	0.63038	0.01149	0.01455	0.01552	0.01298	0.01857	0.15334	0.01861	0.01668	0.00604	0.00559	0.00164	0.00574	0.00580	0.00332	0.00798
81	0.21878	0.01230	0.01875	0.05102	0.47225	0.01301	0.05837	0.01630	0.01138	0.01903	0.00945	0.01237	0.00781	0.00518	0.00568	0.00170	0.05167	0.00448	0.00284	0.00764
82	0.01458	0.81168	0.02857	0.00933	0.01399	0.02157	0.00933	0.01632	0.01108	0.01283	0.00758	0.00875	0.00700	0.00466	0.00350	0.00117	0.00583	0.00292	0.00233	0.00700
83	0.00846	0.00567	0.00802	0.07500	0.01019	0.00617	0.00583	0.00877	0.00830	0.01131	0.01409	0.04767	0.01458	0.27020	0.25644	0.22808	0.00810	0.00640	0.00291	0.00381
84	0.00757	0.00557	0.00708	0.00670	0.00805	0.00508	0.00503	0.01000	0.01508	0.02104	0.68862	0.04208	0.13485	0.01145	0.00643	0.00173	0.00259	0.01005	0.00589	0.00508
85	0.01030	0.00969	0.01635	0.79530	0.03755	0.01211	0.01514	0.01393	0.01090	0.01393	0.00969	0.01453	0.00727	0.00545	0.00545	0.00182	0.00727	0.00484	0.00242	0.00606
86	0.02061	0.00911	0.01195	0.00961	0.01323	0.00837	0.00788	0.06847	0.05329	0.55242	0.11502	0.02379	0.01926	0.00784	0.00573	0.00175	0.00447	0.05234	0.00641	0.00846
87	0.01368	0.01072	0.01080	0.00960	0.01194	0.14045	0.00733	0.06174	0.01250	0.13484	0.01597	0.11163	0.01467	0.08046	0.23093	0.00390	0.00827	0.00632	0.00399	0.11027
88	0.00647	0.00543	0.00562	0.00578	0.00743	0.00458	0.00426	0.00779	0.01218	0.01463	0.05209	0.14629	0.68038	0.01422	0.00651	0.00189	0.00281	0.01200	0.00506	0.00458
89	0.00811	0.00656	0.00871	0.00839	0.00988	0.00634	0.04995	0.01157	0.10625	0.01740	0.22111	0.33155	0.16700	0.01304	0.00653	0.00195	0.00344	0.01165	0.00522	0.00534
90	0.04575	0.01138	0.01319	0.01030	0.01426	0.01147	0.00846	0.33189	0.01925	0.34599	0.02173	0.02018	0.10609	0.00749	0.00553	0.00168	0.00497	0.00591	0.00589	0.00859
91	0.10747	0.01412	0.02194	0.07153	0.39744	0.08557	0.18916	0.01713	0.01236	0.01783	0.00993	0.01298	0.00801	0.00493	0.00537	0.00167	0.00723	0.00489	0.00278	0.00765
92	0.01349	0.01295	0.02213	0.03346	0.77440	0.01295	0.01673	0.01673	0.01241	0.01781	0.01025	0.01349	0.00864	0.00486	0.00540	0.00162	0.00648	0.00486	0.00270	0.00864
93	0.00714	0.00555	0.00649	0.00626	0.00779	0.00490	0.00469	0.00918	0.01408	0.01866	0.44954	0.04600	0.37542	0.01234	0.00644	0.00177	0.00266	0.01060	0.00558	0.00490
94	0.01416	0.01531	0.01535	0.01320	0.01583	0.28574	0.14210	0.07639	0.05158	0.01670	0.04026	0.25316	0.01808	0.00924	0.00593	0.00178	0.00689	0.00811	0.00393	0.00625
95	0.01056	0.00982	0.01660	0.56903	0.13496	0.01149	0.03694	0.01404	0.01154	0.01519	0.05492	0.01906	0.01165	0.00632	0.00567	0.00183	0.00680	0.05442	0.00285	0.00633
96	0.01278	0.01263	0.01957	0.31100	0.45381	0.06461	0.01573	0.01604	0.01206	0.01609	0.00993	0.01363	0.00803	0.00513	0.00538	0.00168	0.00699	0.00476	0.00260	0.00754
97	0.01130	0.00919	0.00997	0.00916	0.01114	0.05558	0.00701	0.01753	0.24961	0.06175	0.30885	0.09427	0.07079	0.00995	0.00665	0.00182	0.04519	0.00837	0.00539	0.00649
98	0.00669	0.00486	0.00621	0.00726	0.00774	0.00449	0.00486	0.00764	0.01053	0.01383	0.03228	0.67665	0.12056	0.05883	0.00801	0.00233	0.00323	0.01463	0.00497	0.00439
99	0.01263	0.08157	0.43044	0.01775	0.15713	0.01256	0.05907	0.01727	0.01199	0.07953	0.01202	0.06243	0.00969	0.00593	0.00530	0.00170	0.00708	0.00507	0.00294	0.00791
100	0.07312	0.12359	0.53000	0.06337	0.02187	0.06570	0.01679	0.01715	0.01152	0.01676	0.00925	0.01105	0.00687	0.00515	0.00484	0.00164	0.00757	0.00383	0.00243	0.00752
101	0.05710	0.23572	0.35243	0.01416	0.09098	0.01438	0.01418	0.02649	0.02442	0.01664	0.01065	0.06115	0.00914	0.00576	0.00472	0.00155	0.00650	0.00448	0.00272	0.04682
102	0.17802	0.25784	0.11743	0.05766	0.07401	0.15344	0.01112	0.02800	0.01207	0.05250	0.00907	0.01053	0.00725	0.00516	0.00432	0.00149	0.00660	0.00358	0.00290	0.00701

[dist]
# distance from previous block
# <min> <max>
0	2

[block]
# block no. 5 follows, 44 sequences, length 18
# corresponding to MSA columns:
# 1148-1165
name=unknown_F
#
# <colnr> <probs for GDERKNQSTAVLIFYWHMCP>
#	G	D	E	R	K	N	Q	S	T	A	V	L	I	F	Y	W	H	M	C	P
0	0.00844	0.00619	0.00808	0.00854	0.00908	0.00657	0.00648	0.00967	0.01014	0.01353	0.02270	0.15187	0.02553	0.31311	0.01598	0.00350	0.07568	0.29639	0.00415	0.00438
1	0.08468	0.08717	0.27763	0.01929	0.11871	0.01384	0.28740	0.01708	0.01189	0.01765	0.00992	0.01247	0.00755	0.00487	0.00537	0.00170	0.00775	0.00483	0.00262	0.00759
2	0.01550	0.31871	0.24964	0.01251	0.04562	0.01572	0.01271	0.08476	0.04267	0.13650	0.01158	0.01213	0.00863	0.00543	0.00464	0.00150	0.00629	0.00403	0.00343	0.00800
3	0.00920	0.00594	0.00787	0.07754	0.01103	0.00597	0.00617	0.01105	0.01127	0.07700	0.05896	0.27315	0.12468	0.01678	0.13840	0.00302	0.00541	0.00960	0.14177	0.00520
4	0.01219	0.01150	0.01917	0.06743	0.61094	0.01152	0.01466	0.01510	0.01217	0.01704	0.01547	0.08468	0.07105	0.00664	0.00562	0.00170	0.00594	0.00630	0.00307	0.00783
5	0.00767	0.00906	0.13396	0.00820	0.01045	0.00606	0.00737	0.01014	0.01272	0.01731	0.28068	0.25341	0.19754	0.01241	0.00638	0.00188	0.00368	0.01085	0.00492	0.00530
6	0.01313	0.01202	0.02168	0.27004	0.33618	0.01251	0.16597	0.01669	0.01225	0.07022	0.01103	0.01443	0.00847	0.00512	0.00563	0.00173	0.00715	0.00522	0.00291	0.00761
7	0.00827	0.00595	0.00726	0.00705	0.00717	0.00650	0.00452	0.00862	0.00807	0.01106	0.01596	0.03174	0.01790	0.63956	0.12334	0.00547	0.07726	0.00738	0.00317	0.00374
8	0.00772	0.00557	0.00766	0.00774	0.00841	0.00606	0.00557	0.00910	0.00920	0.01291	0.07624	0.09425	0.02024	0.24791	0.44920	0.00669	0.01011	0.00756	0.00345	0.00442
9	0.01371	0.01475	0.12313	0.19045	0.12896	0.07380	0.03122	0.01924	0.15014	0.08225	0.01272	0.01469	0.00966	0.00630	0.00694	0.00181	0.10436	0.00495	0.00342	0.00749
10	0.00664	0.00474	0.00633	0.00759	0.00791	0.00443	0.00506	0.00759	0.01044	0.01392	0.03005	0.80485	0.03606	0.01708	0.00696	0.00221	0.00316	0.01550	0.00506	0.00443
11	0.00860	0.00580	0.00775	0.00875	0.00983	0.00579	0.00724	0.01083	0.01184	0.01641	0.02662	0.17996	0.02854	0.01509	0.04074	0.00253	0.00471	0.46177	0.14228	0.00492
12	0.01049	0.00690	0.00789	0.00713	0.00935	0.00632	0.00550	0.05873	0.04361	0.12792	0.19324	0.06743	0.41136	0.01165	0.00622	0.00179	0.00327	0.00981	0.00554	0.00583
13	0.01029	0.04492	0.37599	0.10407	0.01965	0.01031	0.03823	0.01449	0.01161	0.03409	0.01910	0.08140	0.12426	0.00754	0.00541	0.00174	0.00618	0.00631	0.07772	0.00672
14	0.00842	0.00711	0.01219	0.01090	0.01250	0.00754	0.12970	0.01063	0.00973	0.01367	0.01674	0.15862	0.01671	0.03071	0.52056	0.00647	0.01169	0.00764	0.00327	0.00520
15	0.01231	0.23974	0.03964	0.01230	0.01388	0.01706	0.01078	0.01376	0.00920	0.01300	0.00812	0.01258	0.00799	0.05171	0.03825	0.00238	0.48432	0.00442	0.00243	0.00614
16	0.01245	0.01162	0.08098	0.17542	0.01878	0.01134	0.01037	0.12363	0.22302	0.04248	0.18119	0.04882	0.02094	0.00780	0.00572	0.00178	0.00510	0.00663	0.00470	0.00724
17	0.01179	0.01208	0.04583	0.03605	0.01633	0.01460	0.09754	0.05288	0.01018	0.01498	0.01033	0.07734	0.01007	0.01072	0.05294	0.00255	0.50888	0.00587	0.00284	0.00620

[dist]
# distance from previous block
# <min> <max>
1	3

[block]
# block no. 6 follows, 44 sequences, length 20
# corresponding to MSA columns:
# 1169-1188
name=unknown_G
#
# <colnr> <probs for GDERKNQSTAVLIFYWHMCP>
#	G	D	E	R	K	N	Q	S	T	A	V	L	I	F	Y	W	H	M	C	P
0	0.01606	0.08294	0.09909	0.02142	0.30485	0.27532	0.04135	0.06457	0.01408	0.01686	0.00958	0.01169	0.00781	0.00523	0.00510	0.00153	0.00779	0.00422	0.00284	0.00765
1	0.01666	0.44291	0.10378	0.01129	0.01578	0.22381	0.01068	0.01884	0.01272	0.08513	0.00935	0.01025	0.00760	0.00517	0.00424	0.00134	0.00703	0.00343	0.00287	0.00714
2	0.01579	0.00927	0.01128	0.00927	0.01278	0.00854	0.00729	0.04581	0.15238	0.28098	0.01968	0.15145	0.01636	0.00791	0.00536	0.00157	0.00421	0.00671	0.00526	0.22809
3	0.00836	0.00624	0.00876	0.01101	0.12562	0.00614	0.00628	0.00916	0.00960	0.01303	0.02070	0.33771	0.02375	0.29572	0.04012	0.05427	0.00489	0.01022	0.00384	0.00457
4	0.08086	0.10837	0.41614	0.01342	0.01963	0.01284	0.06337	0.04011	0.01247	0.14873	0.01197	0.02851	0.00872	0.00563	0.00503	0.00167	0.00683	0.00449	0.00333	0.00789
5	0.00663	0.00479	0.00628	0.00748	0.00788	0.00444	0.00501	0.00760	0.01055	0.01396	0.03141	0.76412	0.07590	0.01690	0.00693	0.00219	0.00314	0.01528	0.00506	0.00444
6	0.04454	0.00774	0.00904	0.00761	0.01008	0.00751	0.00590	0.08820	0.01363	0.28453	0.01819	0.02099	0.01398	0.13036	0.00823	0.00209	0.00409	0.00557	0.31101	0.00670
7	0.01211	0.06152	0.01906	0.25625	0.11472	0.05912	0.16061	0.03658	0.03974	0.01575	0.01157	0.01627	0.00965	0.06794	0.06961	0.00253	0.00778	0.00533	0.02732	0.00656
8	0.01409	0.36857	0.02075	0.01099	0.01366	0.03857	0.00977	0.06391	0.01137	0.03544	0.00914	0.01148	0.00802	0.00669	0.00866	0.00164	0.27623	0.00397	0.08038	0.00666
9	0.00815	0.00548	0.00771	0.00771	0.00824	0.00602	0.00550	0.00876	0.00822	0.01150	0.01428	0.02418	0.01443	0.23561	0.44194	0.16893	0.01028	0.00617	0.00291	0.00398
10	0.01192	0.01255	0.07777	0.01411	0.01660	0.06216	0.17130	0.03379	0.01146	0.02859	0.01437	0.02546	0.01393	0.05383	0.01147	0.07228	0.18760	0.17159	0.00329	0.00594
11	0.01919	0.01311	0.09332	0.07530	0.01879	0.01176	0.08183	0.16614	0.01598	0.36445	0.01566	0.01559	0.01053	0.00645	0.00646	0.00176	0.06502	0.00521	0.00499	0.00847
12	0.00683	0.00577	0.00650	0.06459	0.00970	0.00518	0.00510	0.00841	0.01234	0.01505	0.09446	0.10909	0.61141	0.01328	0.00641	0.00186	0.00312	0.01123	0.00492	0.00473
13	0.00756	0.00534	0.00703	0.00735	0.00777	0.00561	0.00498	0.00848	0.00885	0.01215	0.01951	0.22430	0.02173	0.33908	0.28964	0.00574	0.00803	0.00910	0.00361	0.00414
14	0.01726	0.05030	0.06401	0.10513	0.10906	0.19571	0.01176	0.19714	0.01624	0.10709	0.01258	0.05412	0.01004	0.00645	0.00550	0.00163	0.01938	0.00504	0.00390	0.00765
15	0.01303	0.01014	0.01105	0.01004	0.01272	0.01134	0.00775	0.02472	0.55614	0.06769	0.08240	0.08029	0.02051	0.00831	0.00561	0.00182	0.00400	0.00705	0.05754	0.00786
16	0.07408	0.06623	0.05034	0.01763	0.25689	0.02211	0.03705	0.09729	0.01330	0.04183	0.01080	0.03040	0.00890	0.00516	0.00480	0.00139	0.00559	0.00439	0.00334	0.24849
17	0.04330	0.00996	0.01348	0.13336	0.07358	0.01090	0.05461	0.11569	0.13054	0.02059	0.10579	0.04236	0.05690	0.00815	0.00609	0.00181	0.03082	0.06714	0.06811	0.00677
18	0.00814	0.02453	0.00798	0.00726	0.00882	0.00596	0.00545	0.03599	0.01349	0.01848	0.36590	0.18625	0.15581	0.01420	0.06441	0.00229	0.00390	0.01018	0.00517	0.05578
19	0.01243	0.01356	0.13538	0.12431	0.15142	0.01149	0.12544	0.04361	0.10915	0.06517	0.01656	0.11275	0.03977	0.00726	0.00578	0.00181	0.00630	0.00671	0.00370	0.00740

[dist]
# distance from previous block
# <min> <max>
1	43

[block]
# block no. 7 follows, 44 sequences, length 33
# corresponding to MSA columns:
# 1232-1264
name=unknown_H
#
# <colnr> <probs for GDERKNQSTAVLIFYWHMCP>
#	G	D	E	R	K	N	Q	S	T	A	V	L	I	F	Y	W	H	M	C	P
0	0.06906	0.10542	0.23321	0.01174	0.01694	0.01184	0.04427	0.04740	0.05221	0.28569	0.02861	0.01578	0.03154	0.00613	0.00511	0.00165	0.00586	0.00489	0.00439	0.01827
1	0.04309	0.11233	0.24997	0.08409	0.09022	0.01266	0.10449	0.03503	0.01233	0.07499	0.01325	0.03787	0.01128	0.00660	0.00545	0.00176	0.00680	0.08722	0.00324	0.00733
2	0.04186	0.00702	0.00980	0.03013	0.09243	0.00723	0.00688	0.06091	0.01005	0.05557	0.01160	0.01691	0.01030	0.03844	0.05229	0.45754	0.00535	0.00492	0.07628	0.00450
3	0.01301	0.01254	0.09997	0.29783	0.18445	0.01168	0.05911	0.02592	0.05246	0.10848	0.02383	0.05335	0.01088	0.00621	0.00572	0.00178	0.01644	0.00559	0.00339	0.00737
4	0.01390	0.20906	0.22875	0.01433	0.08832	0.03714	0.05890	0.06823	0.05235	0.06427	0.01312	0.01415	0.04535	0.00565	0.00490	0.00152	0.00641	0.00454	0.00325	0.06586
5	0.01842	0.01108	0.06690	0.00993	0.01371	0.03713	0.00854	0.05775	0.10136	0.42035	0.06396	0.02266	0.09725	0.00894	0.03477	0.00198	0.00516	0.00626	0.00572	0.00811
6	0.00677	0.00485	0.00644	0.00750	0.00794	0.00452	0.00507	0.00792	0.01105	0.01488	0.12034	0.71179	0.03793	0.01636	0.00689	0.00215	0.00309	0.01481	0.00518	0.00452
