[name]
unknown

[dist]
# distance from previous block
# <min> <max>
0	166

[block]
# block no. 0 follows, 51 sequences, length 15
# corresponding to MSA columns:
# 208-222
name=unknown_A
#
# <colnr> <probs for GDERKNQSTAVLIFYWHMCP>
#	G	D	E	R	K	N	Q	S	T	A	V	L	I	F	Y	W	H	M	C	P
0	0.00703	0.00530	0.00698	0.07384	0.00979	0.00517	0.00553	0.00857	0.01002	0.01367	0.08223	0.34000	0.12785	0.04303	0.08328	0.00243	0.00425	0.05584	0.05562	0.05958
1	0.04164	0.01008	0.04757	0.13609	0.12709	0.00935	0.00937	0.05264	0.10484	0.07078	0.02774	0.01541	0.03152	0.00536	0.00456	0.00133	0.00469	0.02991	0.00341	0.26659
2	0.01593	0.01793	0.01343	0.08872	0.03735	0.49197	0.00957	0.04367	0.11692	0.04356	0.01026	0.01159	0.00815	0.00702	0.04648	0.00174	0.02269	0.00387	0.00304	0.00612
3	0.01019	0.00873	0.01019	0.00728	0.01165	0.00655	0.00582	0.01237	0.01019	0.01601	0.00873	0.01019	0.00728	0.00364	0.00364	0.00073	0.00364	0.00291	0.00291	0.85734
4	0.66794	0.00911	0.00788	0.00689	0.00999	0.01001	0.00569	0.01494	0.00922	0.09517	0.00931	0.01179	0.00748	0.00517	0.00349	0.00151	0.00387	0.04791	0.00341	0.06922
5	0.01054	0.00902	0.01364	0.01065	0.01399	0.00813	0.17916	0.04399	0.08081	0.05105	0.01504	0.20847	0.01436	0.00706	0.00499	0.00139	0.00461	0.00662	0.00362	0.31286
6	0.00710	0.00493	0.00659	0.00666	0.00708	0.00530	0.00458	0.00781	0.00759	0.01052	0.01480	0.07866	0.01578	0.36887	0.37490	0.05737	0.00838	0.00659	0.00288	0.00363
7	0.01147	0.08959	0.60305	0.01274	0.01909	0.01174	0.01553	0.01708	0.06877	0.09023	0.01049	0.01137	0.00745	0.00491	0.00459	0.00152	0.00655	0.00382	0.00268	0.00733
8	0.03868	0.15327	0.01715	0.09549	0.08269	0.25272	0.08537	0.01763	0.02240	0.14445	0.01071	0.01290	0.00842	0.00523	0.00457	0.00141	0.00656	0.03075	0.00312	0.00646
9	0.01280	0.00757	0.01190	0.00984	0.01230	0.00696	0.13708	0.03512	0.01203	0.27419	0.08223	0.23676	0.04151	0.05853	0.00682	0.00190	0.00441	0.03734	0.00469	0.00602
10	0.02120	0.04556	0.01098	0.00979	0.05700	0.05707	0.00709	0.04744	0.10032	0.07808	0.01614	0.09904	0.05906	0.11926	0.06866	0.00244	0.08850	0.00597	0.00358	0.10281
11	0.16040	0.05610	0.08297	0.01020	0.01336	0.15901	0.04999	0.08280	0.01237	0.12159	0.03381	0.05699	0.01210	0.00707	0.00522	0.03026	0.00558	0.09047	0.00363	0.00608
12	0.01171	0.29849	0.38607	0.07154	0.01844	0.01432	0.01336	0.08091	0.01129	0.01531	0.00839	0.00984	0.00649	0.00460	0.00416	0.00136	0.00626	0.00339	0.00236	0.03172
13	0.08233	0.00631	0.00738	0.00696	0.00862	0.00620	0.00530	0.06076	0.03755	0.09133	0.28779	0.19712	0.11001	0.01019	0.00546	0.00166	0.00307	0.03416	0.03261	0.00519
14	0.06286	0.01155	0.01836	0.07891	0.62529	0.01193	0.01386	0.08767	0.01207	0.01760	0.00931	0.01194	0.00761	0.00457	0.00477	0.00148	0.00572	0.00428	0.00269	0.00754

[dist]
# distance from previous block
# <min> <max>
0	1

[block]
# block no. 1 follows, 51 sequences, length 33
# corresponding to MSA columns:
# 224-256
name=unknown_B
#
# <colnr> <probs for GDERKNQSTAVLIFYWHMCP>
#	G	D	E	R	K	N	Q	S	T	A	V	L	I	F	Y	W	H	M	C	P
0	0.00746	0.00596	0.00832	0.00758	0.00920	0.00531	0.05532	0.00914	0.01066	0.01494	0.20617	0.32910	0.05495	0.05248	0.04142	0.00201	0.00376	0.00932	0.00416	0.16275
1	0.06418	0.00666	0.00765	0.00726	0.00880	0.00690	0.00543	0.05313	0.15735	0.01880	0.36939	0.17921	0.05165	0.03396	0.00608	0.00175	0.00305	0.00857	0.00490	0.00528
2	0.01390	0.01155	0.01496	0.01215	0.01514	0.07887	0.15862	0.25284	0.03510	0.07028	0.01545	0.02338	0.02489	0.05980	0.00705	0.00190	0.02765	0.16597	0.00403	0.00648
3	0.00850	0.00621	0.00766	0.00667	0.00883	0.00522	0.00504	0.01044	0.01170	0.05223	0.31645	0.16913	0.06304	0.00879	0.00509	0.00136	0.00293	0.00768	0.02720	0.27583
4	0.09578	0.53272	0.04043	0.00939	0.01302	0.15094	0.00869	0.02775	0.01057	0.01308	0.00707	0.00836	0.00626	0.00469	0.00420	0.00122	0.05453	0.00288	0.00231	0.00611
5	0.01464	0.01012	0.01126	0.00957	0.01258	0.01099	0.00759	0.15833	0.42376	0.17143	0.03975	0.04523	0.04834	0.00704	0.00507	0.00161	0.00408	0.00581	0.00517	0.00763
6	0.00734	0.00501	0.00614	0.00610	0.00620	0.00527	0.00382	0.00745	0.00728	0.00988	0.01481	0.06273	0.01668	0.60857	0.10868	0.07164	0.03938	0.00689	0.00291	0.00321
7	0.01226	0.53647	0.28071	0.01035	0.01555	0.01665	0.01165	0.04216	0.01058	0.01357	0.00766	0.00884	0.00635	0.00442	0.00371	0.00123	0.00592	0.00302	0.00219	0.00669
8	0.86201	0.00950	0.00722	0.00646	0.00950	0.01102	0.00532	0.01445	0.00836	0.02205	0.00684	0.00798	0.00532	0.00456	0.00304	0.00152	0.00380	0.00266	0.00304	0.00532
9	0.00914	0.00541	0.00635	0.00599	0.00672	0.00531	0.00386	0.01028	0.04042	0.10202	0.08639	0.04449	0.01963	0.56262	0.01855	0.00371	0.00426	0.00696	0.05382	0.00405
10	0.00960	0.00906	0.01532	0.72731	0.11949	0.01100	0.01381	0.01284	0.00998	0.01295	0.00879	0.01300	0.00669	0.00485	0.00491	0.00162	0.00647	0.00437	0.00221	0.00572
11	0.00780	0.00484	0.00572	0.00578	0.00641	0.00465	0.00381	0.00878	0.00950	0.04724	0.12821	0.18799	0.05517	0.35413	0.01357	0.00293	0.00354	0.00838	0.13764	0.00394
12	0.01190	0.56521	0.13342	0.00893	0.01315	0.01598	0.00923	0.04684	0.01070	0.01318	0.01238	0.04537	0.08499	0.00561	0.00383	0.00124	0.00518	0.00407	0.00256	0.00623
13	0.00659	0.00488	0.00579	0.00592	0.00681	0.00450	0.00417	0.00784	0.01071	0.01410	0.23930	0.15609	0.24578	0.20807	0.01055	0.00246	0.00316	0.05489	0.00441	0.00400
14	0.01486	0.01396	0.01787	0.01399	0.01764	0.14715	0.24885	0.20162	0.14796	0.05875	0.01311	0.01563	0.01021	0.00579	0.00523	0.00158	0.00652	0.04844	0.00380	0.00705
15	0.01117	0.01067	0.01816	0.30001	0.53453	0.01142	0.01459	0.01421	0.01072	0.01485	0.00907	0.01249	0.00736	0.00456	0.00488	0.00152	0.00608	0.00437	0.00235	0.00699
16	0.06070	0.01053	0.01690	0.01279	0.01650	0.05247	0.32040	0.01408	0.01145	0.07610	0.02936	0.02088	0.14389	0.00629	0.00520	0.00150	0.00570	0.04602	0.00337	0.14587
17	0.00669	0.00460	0.00607	0.00669	0.00733	0.00425	0.00464	0.00795	0.01070	0.03750	0.21642	0.58713	0.05413	0.01373	0.00610	0.00186	0.00275	0.01236	0.00482	0.00428
18	0.26830	0.01215	0.01134	0.00955	0.01278	0.06479	0.00768	0.27223	0.25119	0.02390	0.01255	0.01246	0.00934	0.00568	0.00435	0.00153	0.00469	0.00416	0.00423	0.00710
19	0.01132	0.00922	0.01339	0.00980	0.01396	0.00750	0.14452	0.01375	0.01077	0.09218	0.01119	0.06452	0.00943	0.00474	0.00433	0.00105	0.00447	0.00435	0.00325	0.56626
20	0.01014	0.00926	0.01221	0.22083	0.05525	0.06164	0.04034	0.03089	0.13137	0.01402	0.01325	0.02001	0.01193	0.12177	0.12527	0.00301	0.05000	0.06024	0.00307	0.00550
21	0.00777	0.00525	0.00617	0.00642	0.00698	0.00534	0.00445	0.00947	0.05950	0.01257	0.01889	0.10152	0.02033	0.44727	0.01597	0.00340	0.00420	0.15520	0.10543	0.00387
22	0.01536	0.00837	0.01121	0.00911	0.01186	0.00813	0.05209	0.14760	0.02501	0.33294	0.09863	0.07682	0.01722	0.09521	0.04997	0.00225	0.00489	0.02168	0.00494	0.00670
23	0.01038	0.00742	0.00860	0.00778	0.00979	0.00763	0.00598	0.07501	0.22397	0.08659	0.29661	0.11090	0.11063	0.00927	0.00549	0.00163	0.00322	0.00798	0.00514	0.00598
24	0.04956	0.01255	0.01129	0.00967	0.01238	0.19129	0.00756	0.22936	0.06960	0.11711	0.09676	0.09372	0.06311	0.00746	0.00501	0.00152	0.00513	0.00594	0.00444	0.00653
25	0.01058	0.01050	0.01473	0.01268	0.01272	0.01465	0.01054	0.01169	0.00754	0.01181	0.00675	0.01114	0.00672	0.00988	0.05196	0.00241	0.78186	0.00434	0.00217	0.00533
26	0.01733	0.01599	0.07372	0.01140	0.01506	0.20591	0.00961	0.35297	0.12940	0.10054	0.01249	0.01241	0.00904	0.00573	0.00479	0.00146	0.00605	0.00427	0.00425	0.00755
27	0.04559	0.00492	0.00573	0.00589	0.00628	0.00493	0.00374	0.00756	0.00811	0.01129	0.04388	0.17450	0.07087	0.47631	0.06960	0.04108	0.00467	0.00820	0.00339	0.00345
28	0.00758	0.00485	0.00673	0.00714	0.00739	0.00499	0.00507	0.00742	0.00819	0.01097	0.01763	0.29141	0.01998	0.09702	0.01366	0.32698	0.04733	0.10898	0.00335	0.00333
29	0.00619	0.00441	0.00582	0.00679	0.00715	0.00414	0.00460	0.00714	0.00964	0.01291	0.07642	0.69654	0.03237	0.06367	0.00738	0.00214	0.00299	0.04117	0.00452	0.00399
30	0.86201	0.00950	0.00722	0.00646	0.00950	0.01102	0.00532	0.01445	0.00836	0.02205	0.00684	0.00798	0.00532	0.00456	0.00304	0.00152	0.00380	0.00266	0.00304	0.00532
31	0.07966	0.01180	0.01150	0.00980	0.01276	0.07918	0.00776	0.23873	0.33975	0.04340	0.05649	0.01580	0.01308	0.00626	0.00473	0.00153	0.00457	0.00492	0.05102	0.00725
32	0.01397	0.01279	0.01500	0.01227	0.05673	0.10618	0.11095	0.22662	0.07977	0.02001	0.01058	0.01167	0.00816	0.00479	0.00455	0.00124	0.00551	0.00404	0.00351	0.29166

[dist]
# distance from previous block
# <min> <max>
5	9

[block]
# block no. 2 follows, 51 sequences, length 11
# corresponding to MSA columns:
# 268-278
name=unknown_C
#
# <colnr> <probs for GDERKNQSTAVLIFYWHMCP>
#	G	D	E	R	K	N	Q	S	T	A	V	L	I	F	Y	W	H	M	C	P
0	0.01106	0.00899	0.01013	0.00923	0.01058	0.06160	0.00705	0.08686	0.12156	0.06579	0.08428	0.22482	0.01940	0.08501	0.00939	0.00207	0.16494	0.00760	0.00407	0.00557
1	0.00696	0.00518	0.00762	0.00769	0.00849	0.00593	0.00587	0.00856	0.00795	0.01138	0.01418	0.07128	0.01388	0.07824	0.71441	0.00735	0.01205	0.00592	0.00277	0.00429
2	0.04849	0.05091	0.02015	0.01598	0.07289	0.07813	0.32541	0.05705	0.16274	0.03543	0.01192	0.01428	0.00934	0.00536	0.00574	0.00161	0.05034	0.02422	0.00322	0.00679
3	0.05030	0.00497	0.00578	0.00586	0.00612	0.00510	0.00362	0.00760	0.00747	0.01060	0.01568	0.11122	0.01776	0.58684	0.09382	0.04833	0.00527	0.00731	0.00307	0.00329
4	0.28691	0.01035	0.01011	0.08287	0.01333	0.05395	0.00740	0.14533	0.16321	0.02067	0.04767	0.04768	0.05697	0.00662	0.00449	0.00159	0.00446	0.02630	0.00392	0.00617
5	0.01522	0.00826	0.01003	0.00851	0.01129	0.00813	0.00672	0.08548	0.17823	0.34838	0.06426	0.13547	0.08167	0.00826	0.00526	0.00163	0.00380	0.00698	0.00537	0.00707
6	0.01227	0.08042	0.01841	0.01359	0.01679	0.13082	0.25996	0.01763	0.20484	0.01542	0.01517	0.01631	0.08154	0.00613	0.00622	0.00160	0.08789	0.00536	0.00325	0.00640
7	0.00729	0.00516	0.00647	0.00634	0.00749	0.00491	0.00475	0.00990	0.04570	0.01838	0.54212	0.12380	0.06367	0.01031	0.00563	0.00160	0.00254	0.04056	0.08873	0.00467
8	0.07119	0.00847	0.00883	0.00770	0.00990	0.08337	0.00596	0.05475	0.01289	0.14861	0.29231	0.04058	0.03530	0.07537	0.00673	0.00174	0.00397	0.04370	0.00455	0.08405
9	0.05441	0.23675	0.01335	0.00789	0.01070	0.01041	0.00675	0.06176	0.02140	0.09315	0.05508	0.09364	0.08656	0.01005	0.07079	0.00196	0.00489	0.07066	0.00370	0.08609
10	0.18869	0.11092	0.27417	0.07704	0.01710	0.06811	0.01151	0.12861	0.01200	0.01826	0.00853	0.00991	0.00645	0.00478	0.00415	0.00143	0.00592	0.00343	0.00278	0.04622

[dist]
# distance from previous block
# <min> <max>
2	7

[block]
# block no. 3 follows, 51 sequences, length 9
# corresponding to MSA columns:
# 286-294
name=unknown_D
#
# <colnr> <probs for GDERKNQSTAVLIFYWHMCP>
#	G	D	E	R	K	N	Q	S	T	A	V	L	I	F	Y	W	H	M	C	P
0	0.00935	0.00697	0.00758	0.00747	0.00858	0.06044	0.00535	0.04060	0.06531	0.06597	0.13537	0.27266	0.02535	0.19650	0.02568	0.00256	0.00417	0.05107	0.00430	0.00473
1	0.00661	0.00467	0.00568	0.00613	0.00696	0.00431	0.00435	0.00798	0.01067	0.01459	0.17577	0.36499	0.18217	0.05426	0.00677	0.00191	0.00279	0.04164	0.09357	0.00418
2	0.00924	0.00849	0.00912	0.13284	0.01345	0.11715	0.00775	0.01143	0.03023	0.01360	0.05296	0.03722	0.13807	0.09318	0.00779	0.00215	0.00505	0.30179	0.00378	0.00470
3	0.27021	0.00959	0.01045	0.00843	0.01180	0.00991	0.00690	0.16438	0.04610	0.33467	0.06850	0.01465	0.01191	0.00590	0.00443	0.00152	0.00416	0.00447	0.00486	0.00717
4	0.01333	0.01241	0.01602	0.30877	0.14988	0.10021	0.05298	0.19856	0.06684	0.01819	0.01026	0.01253	0.00778	0.00516	0.00491	0.00153	0.00633	0.00441	0.00312	0.00678
5	0.00809	0.00556	0.00679	0.00680	0.00814	0.00526	0.00517	0.01038	0.06570	0.06650	0.18943	0.15755	0.23089	0.05363	0.00744	0.03693	0.00321	0.12319	0.00468	0.00467
6	0.06367	0.53951	0.02093	0.00899	0.01289	0.01731	0.00830	0.14444	0.11253	0.01659	0.00937	0.00989	0.00772	0.00483	0.00368	0.00123	0.00502	0.00331	0.00300	0.00678
7	0.04223	0.00923	0.01283	0.01047	0.02913	0.00918	0.09824	0.06470	0.01079	0.04826	0.01316	0.08402	0.04106	0.04066	0.00749	0.00158	0.14398	0.03456	0.00326	0.29518
8	0.10205	0.37996	0.03431	0.00893	0.01231	0.09739	0.00800	0.04539	0.06396	0.07180	0.01155	0.01237	0.04803	0.00730	0.05462	0.00172	0.02733	0.00375	0.00300	0.00623

[dist]
# distance from previous block
# <min> <max>
0	2

[block]
# block no. 4 follows, 51 sequences, length 14
# corresponding to MSA columns:
# 297-310
name=unknown_E
#
# <colnr> <probs for GDERKNQSTAVLIFYWHMCP>
#	G	D	E	R	K	N	Q	S	T	A	V	L	I	F	Y	W	H	M	C	P
0	0.64615	0.00890	0.00787	0.00754	0.03487	0.00999	0.00586	0.03148	0.00962	0.04328	0.07486	0.03502	0.01119	0.00591	0.00374	0.00158	0.00381	0.04943	0.00348	0.00542
1	0.01349	0.03974	0.01303	0.05963	0.01454	0.05985	0.03213	0.28086	0.19680	0.02070	0.01406	0.01693	0.01140	0.02369	0.13937	0.00267	0.00665	0.04361	0.00402	0.00682
2	0.00747	0.00511	0.00667	0.00689	0.00800	0.00474	0.00528	0.00929	0.01203	0.05187	0.34406	0.23135	0.11804	0.01210	0.00607	0.00180	0.00298	0.15668	0.00497	0.00458
3	0.06424	0.46732	0.27836	0.01038	0.01542	0.06407	0.01148	0.01527	0.01025	0.01354	0.00753	0.00877	0.00622	0.00443	0.00372	0.00126	0.00604	0.00299	0.00218	0.00652
4	0.49700	0.00901	0.00904	0.00745	0.01083	0.00937	0.00615	0.01858	0.01084	0.36013	0.01229	0.01178	0.00830	0.00522	0.00387	0.00152	0.00397	0.00365	0.00436	0.00664
5	0.00981	0.01063	0.06441	0.57323	0.03004	0.01153	0.13589	0.01318	0.00995	0.01318	0.00874	0.01277	0.00667	0.00508	0.00598	0.00168	0.07471	0.00455	0.00222	0.00575
6	0.00854	0.00502	0.00637	0.00605	0.00708	0.00464	0.00433	0.00902	0.01027	0.07909	0.22096	0.02974	0.19648	0.09089	0.01151	0.25835	0.00333	0.00717	0.03722	0.00393
7	0.01053	0.01053	0.01149	0.01090	0.05814	0.12939	0.00801	0.01209	0.02605	0.01283	0.04412	0.01935	0.10937	0.10748	0.06161	0.00244	0.28111	0.00539	0.00291	0.07629
8	0.09772	0.00922	0.01503	0.13248	0.13780	0.00948	0.16251	0.01441	0.03751	0.10597	0.01287	0.09036	0.01115	0.03125	0.00662	0.05398	0.01610	0.01666	0.03289	0.00599
9	0.15292	0.01033	0.01194	0.12211	0.11807	0.06544	0.00874	0.03703	0.13016	0.12785	0.04122	0.01523	0.04601	0.00566	0.00453	0.00146	0.00478	0.00456	0.00373	0.08823
10	0.00638	0.00471	0.00594	0.00657	0.00734	0.00435	0.00473	0.00767	0.01062	0.01400	0.15956	0.42765	0.17640	0.04779	0.00695	0.00200	0.00296	0.09559	0.00463	0.00415
11	0.07711	0.04743	0.01109	0.04255	0.01239	0.08256	0.00715	0.18066	0.02631	0.13388	0.01694	0.18615	0.05387	0.02249	0.00524	0.00157	0.00459	0.00644	0.00419	0.07738
12	0.27531	0.08641	0.06676	0.01194	0.09953	0.09547	0.06143	0.05847	0.03173	0.02801	0.00904	0.01110	0.00733	0.00479	0.00405	0.00137	0.00532	0.02208	0.00295	0.11690
13	0.15058	0.04650	0.07940	0.03275	0.09013	0.12938	0.02485	0.03269	0.03192	0.05935	0.07050	0.08402	0.04067	0.03883	0.00568	0.00165	0.02025	0.02858	0.00339	0.02889

[dist]
# distance from previous block
# <min> <max>
0	6

[block]
# block no. 5 follows, 51 sequences, length 6
# corresponding to MSA columns:
# 317-322
name=unknown_F
#
# <colnr> <probs for GDERKNQSTAVLIFYWHMCP>
#	G	D	E	R	K	N	Q	S	T	A	V	L	I	F	Y	W	H	M	C	P
0	0.29627	0.00913	0.00955	0.00801	0.01097	0.00971	0.00647	0.12440	0.10376	0.19676	0.15942	0.01707	0.01610	0.00636	0.00447	0.00154	0.00384	0.00492	0.00466	0.00659
1	0.01165	0.01116	0.01924	0.07134	0.38664	0.01128	0.18482	0.05638	0.07441	0.01732	0.09452	0.01557	0.01238	0.00523	0.00519	0.00154	0.00588	0.00528	0.00309	0.00707
2	0.00686	0.00513	0.00631	0.00684	0.00757	0.00503	0.00472	0.00925	0.09336	0.01409	0.12251	0.51647	0.08518	0.08329	0.00765	0.00212	0.00303	0.01159	0.00458	0.00440
3	0.01126	0.01061	0.01749	0.01800	0.25407	0.01073	0.19818	0.09601	0.05402	0.01749	0.08379	0.01997	0.12805	0.00652	0.00595	0.00160	0.05017	0.00607	0.00341	0.00662
4	0.01256	0.01031	0.00994	0.00856	0.01066	0.16444	0.03395	0.07512	0.01225	0.09560	0.08136	0.06227	0.03454	0.11410	0.00764	0.00182	0.02985	0.00558	0.15385	0.07562
5	0.09163	0.03844	0.16664	0.01042	0.01374	0.16280	0.00965	0.07790	0.04719	0.08806	0.16175	0.01596	0.01505	0.00640	0.00565	0.00152	0.07252	0.00476	0.00363	0.00630

[dist]
# distance from previous block
# <min> <max>
3	13

[block]
# block no. 6 follows, 51 sequences, length 21
# corresponding to MSA columns:
# 336-356
name=unknown_G
#
# <colnr> <probs for GDERKNQSTAVLIFYWHMCP>
#	G	D	E	R	K	N	Q	S	T	A	V	L	I	F	Y	W	H	M	C	P
0	0.04903	0.36448	0.01833	0.01055	0.06519	0.07056	0.00845	0.21973	0.01353	0.01740	0.00988	0.04209	0.00889	0.07541	0.00581	0.00158	0.00539	0.00408	0.00312	0.00650
1	0.01120	0.01106	0.01828	0.01410	0.01744	0.04888	0.35402	0.06701	0.13391	0.01796	0.17055	0.05411	0.01826	0.00669	0.00560	0.00164	0.00587	0.03333	0.00379	0.00629
2	0.05117	0.00637	0.00798	0.00715	0.00934	0.00586	0.00567	0.01418	0.01195	0.29318	0.10704	0.10144	0.18087	0.01115	0.05750	0.00205	0.00400	0.06518	0.05211	0.00580
3	0.00956	0.00807	0.01302	0.01098	0.01325	0.00790	0.19638	0.06380	0.07708	0.03904	0.11945	0.24903	0.05866	0.00995	0.00590	0.00180	0.00461	0.10173	0.00426	0.00553
4	0.15818	0.00704	0.00844	0.00729	0.00974	0.00670	0.00574	0.01606	0.01213	0.34427	0.17310	0.13773	0.02086	0.00796	0.00488	0.00157	0.00342	0.00664	0.06204	0.00621
5	0.01197	0.45999	0.26984	0.01041	0.01538	0.01588	0.01141	0.01658	0.11922	0.01409	0.00931	0.01014	0.00750	0.00470	0.00389	0.00130	0.00570	0.00336	0.00250	0.00682
6	0.01099	0.00572	0.00730	0.00675	0.00828	0.00519	0.00493	0.01236	0.01134	0.23448	0.16782	0.21396	0.08804	0.15467	0.00897	0.00221	0.00341	0.00860	0.03980	0.00520
7	0.01157	0.50811	0.23296	0.01001	0.01453	0.01584	0.01085	0.01418	0.00993	0.01273	0.00895	0.07336	0.00837	0.00543	0.00444	0.00132	0.04493	0.00388	0.00229	0.00634
8	0.00709	0.00526	0.00736	0.05960	0.00941	0.00571	0.00570	0.00851	0.00875	0.01203	0.06907	0.12289	0.04124	0.19707	0.36626	0.00516	0.00814	0.05335	0.00327	0.00413
9	0.11456	0.01138	0.01242	0.01261	0.13013	0.11601	0.00875	0.09109	0.05593	0.16223	0.07265	0.01735	0.04801	0.00666	0.00596	0.00158	0.08803	0.03409	0.00395	0.00661
10	0.69135	0.11465	0.00991	0.00688	0.01013	0.01182	0.00586	0.01518	0.00899	0.07796	0.00776	0.00861	0.00595	0.00463	0.00320	0.00146	0.00402	0.00282	0.00314	0.00567
11	0.01439	0.14717	0.09785	0.09834	0.08011	0.01210	0.07239	0.10071	0.04806	0.19218	0.01269	0.01508	0.00969	0.00571	0.00511	0.00153	0.02988	0.04631	0.00363	0.00709
12	0.02896	0.34375	0.01767	0.00960	0.01314	0.04555	0.00831	0.14295	0.30597	0.01830	0.01264	0.01250	0.00991	0.00545	0.00418	0.00137	0.00487	0.00404	0.00368	0.00715
13	0.01082	0.00703	0.00835	0.00740	0.00846	0.00763	0.00536	0.15948	0.01081	0.04460	0.01276	0.02038	0.01219	0.28952	0.01555	0.18327	0.07226	0.00535	0.11435	0.00446
14	0.01658	0.01265	0.01294	0.01066	0.01382	0.09120	0.00860	0.34477	0.21000	0.12344	0.01465	0.01515	0.01089	0.00639	0.00546	0.00156	0.04444	0.02735	0.02183	0.00762
15	0.24714	0.00756	0.00821	0.00727	0.00953	0.00786	0.00565	0.04999	0.06276	0.20133	0.01451	0.10566	0.01212	0.00833	0.00650	0.12768	0.00375	0.00521	0.10331	0.00563
16	0.01468	0.01720	0.01899	0.01515	0.01863	0.36120	0.29493	0.01941	0.15998	0.01503	0.01082	0.01229	0.00839	0.00503	0.00505	0.00149	0.00770	0.00460	0.00298	0.00644
17	0.07820	0.00525	0.00615	0.00654	0.00761	0.00505	0.00487	0.00849	0.01059	0.01481	0.15797	0.27495	0.19408	0.07417	0.00732	0.00206	0.00317	0.13001	0.00445	0.00425
18	0.01255	0.01127	0.01836	0.10187	0.61435	0.01158	0.01396	0.04427	0.05905	0.04958	0.01037	0.01281	0.00831	0.00470	0.00488	0.00149	0.00570	0.00447	0.00281	0.00761
19	0.00778	0.00533	0.00707	0.00705	0.00815	0.00535	0.00524	0.00988	0.04247	0.06244	0.21924	0.22996	0.08559	0.03772	0.23949	0.00359	0.00585	0.00882	0.00429	0.00468
20	0.38852	0.01038	0.01040	0.00848	0.01191	0.01126	0.00696	0.21169	0.06581	0.21187	0.01201	0.01175	0.00839	0.00541	0.00411	0.00152	0.00431	0.00385	0.00438	0.00699

[dist]
# distance from previous block
# <min> <max>
2	9

[block]
# block no. 7 follows, 51 sequences, length 39
# corresponding to MSA columns:
# 366-404
name=unknown_H
#
# <colnr> <probs for GDERKNQSTAVLIFYWHMCP>
#	G	D	E	R	K	N	Q	S	T	A	V	L	I	F	Y	W	H	M	C	P
0	0.00893	0.00719	0.01027	0.00920	0.01077	0.00741	0.07838	0.06355	0.05329	0.03135	0.13874	0.33254	0.02440	0.01221	0.05401	0.00213	0.07342	0.02581	0.00417	0.05223
1	0.00759	0.00501	0.00639	0.00663	0.00730	0.00497	0.00455	0.00895	0.03164	0.05210	0.09032	0.33649	0.03738	0.22847	0.12151	0.00343	0.00480	0.00951	0.02877	0.00419
2	0.61046	0.01035	0.05213	0.00760	0.01080	0.01081	0.00660	0.08923	0.01016	0.06053	0.00866	0.00999	0.00666	0.00780	0.07876	0.00212	0.00505	0.00324	0.00328	0.00579
3	0.02901	0.00551	0.00671	0.00631	0.00780	0.00514	0.00472	0.01190	0.01150	0.15987	0.20795	0.14829	0.07591	0.07817	0.00676	0.00181	0.00304	0.02592	0.19864	0.00505
4	0.01819	0.01545	0.01402	0.01136	0.01484	0.20347	0.00911	0.48382	0.09230	0.07030	0.01201	0.01200	0.00872	0.00578	0.00481	0.00145	0.00602	0.00426	0.00442	0.00767
5	0.00711	0.00515	0.00750	0.00750	0.00823	0.00587	0.00565	0.00845	0.00773	0.01103	0.01322	0.02071	0.01280	0.13566	0.66949	0.05003	0.01166	0.00545	0.00265	0.00410
6	0.00855	0.00711	0.00734	0.00754	0.00833	0.09299	0.00553	0.00985	0.01019	0.01359	0.09418	0.25584	0.02367	0.15276	0.02878	0.00244	0.04580	0.11620	0.10502	0.00429
7	0.01160	0.01326	0.02900	0.02071	0.02568	0.01243	0.77879	0.01574	0.01160	0.01574	0.00994	0.01326	0.00746	0.00414	0.00580	0.00166	0.00829	0.00580	0.00249	0.00663
8	0.06168	0.01093	0.01254	0.00987	0.01344	0.01147	0.00810	0.38550	0.06170	0.29269	0.01471	0.01418	0.01016	0.00807	0.06006	0.00195	0.00535	0.00463	0.00507	0.00790
9	0.00627	0.00489	0.00569	0.00571	0.00698	0.00431	0.00420	0.00786	0.01196	0.01560	0.32752	0.16006	0.39742	0.01198	0.00587	0.00167	0.00248	0.01035	0.00488	0.00431
10	0.01248	0.01118	0.01107	0.00997	0.01268	0.06651	0.00776	0.05237	0.65194	0.01988	0.02044	0.01963	0.05286	0.00696	0.00503	0.00164	0.00423	0.02116	0.00480	0.00741
11	0.01202	0.06697	0.01583	0.05293	0.12827	0.03927	0.11270	0.03670	0.01119	0.05817	0.00944	0.01123	0.00753	0.00422	0.00440	0.00113	0.01330	0.00374	0.00290	0.40805
12	0.05078	0.02599	0.06946	0.23889	0.11142	0.13763	0.05646	0.11296	0.01228	0.03733	0.00902	0.01152	0.00700	0.00534	0.00595	0.00157	0.09309	0.00413	0.00277	0.00640
13	0.00642	0.00435	0.00576	0.00660	0.00690	0.00409	0.00439	0.00684	0.00901	0.01195	0.03636	0.61671	0.06385	0.06255	0.00915	0.12214	0.00314	0.01197	0.00414	0.00369
14	0.01896	0.00980	0.01196	0.00940	0.01285	0.00980	0.00770	0.23041	0.07334	0.44826	0.05570	0.01638	0.01290	0.00633	0.00524	0.00153	0.02645	0.00501	0.03003	0.00794
15	0.00856	0.00534	0.00695	0.00723	0.00848	0.00492	0.00558	0.01013	0.01128	0.11085	0.12761	0.29742	0.15021	0.02580	0.00641	0.00194	0.00334	0.19840	0.00482	0.00475
16	0.86201	0.00950	0.00722	0.00646	0.00950	0.01102	0.00532	0.01445	0.00836	0.02205	0.00684	0.00798	0.00532	0.00456	0.00304	0.00152	0.00380	0.00266	0.00304	0.00532
17	0.73947	0.00894	0.00729	0.00677	0.00954	0.01023	0.00563	0.01382	0.00884	0.02110	0.02537	0.01440	0.00899	0.00578	0.00356	0.00161	0.00386	0.09630	0.00327	0.00521
18	0.01101	0.17564	0.57428	0.01319	0.01959	0.01317	0.05791	0.05311	0.01100	0.01558	0.00865	0.01014	0.00641	0.00461	0.00446	0.00146	0.00685	0.00360	0.00224	0.00710
19	0.53782	0.00873	0.00806	0.00698	0.00990	0.00951	0.00567	0.01638	0.05541	0.17070	0.07268	0.01309	0.01083	0.00547	0.00376	0.00151	0.00368	0.00386	0.05000	0.00595
20	0.06807	0.00716	0.00958	0.00887	0.01061	0.00766	0.04917	0.04095	0.09144	0.06087	0.05696	0.07798	0.05684	0.04182	0.23024	0.00361	0.02887	0.14016	0.00387	0.00529
21	0.00739	0.00549	0.00768	0.00756	0.00824	0.00633	0.00570	0.00884	0.00815	0.01187	0.04260	0.04435	0.01464	0.15814	0.53007	0.00622	0.06589	0.00584	0.05077	0.00424
22	0.01136	0.04620	0.01221	0.00991	0.01164	0.06546	0.02977	0.14116	0.01224	0.03895	0.07820	0.06882	0.13701	0.01124	0.08201	0.00229	0.22608	0.00623	0.00359	0.00564
23	0.40180	0.02708	0.00921	0.00759	0.01044	0.00970	0.00610	0.05779	0.04880	0.15970	0.01241	0.08779	0.01048	0.04255	0.00530	0.00167	0.02854	0.00463	0.00387	0.06456
24	0.03926	0.04093	0.03059	0.01607	0.24708	0.01032	0.06033	0.11060	0.01375	0.30301	0.06711	0.01523	0.01193	0.00556	0.00491	0.00149	0.00505	0.00487	0.00427	0.00764
25	0.03795	0.04426	0.05216	0.01364	0.01614	0.15402	0.16781	0.05283	0.01108	0.05818	0.00954	0.01353	0.00818	0.00660	0.00888	0.00174	0.28920	0.04539	0.00279	0.00607
26	0.21705	0.01049	0.01475	0.20776	0.09580	0.04284	0.13751	0.01398	0.01022	0.01650	0.02338	0.01152	0.00741	0.00451	0.00436	0.00140	0.00556	0.00395	0.00268	0.16833
27	0.12954	0.09639	0.01528	0.02409	0.24032	0.08066	0.00989	0.12397	0.02952	0.13866	0.03382	0.01368	0.00980	0.00542	0.00451	0.00145	0.00528	0.02704	0.00360	0.00707
28	0.04934	0.00738	0.00882	0.00803	0.01006	0.00748	0.00625	0.09104	0.12329	0.15636	0.19999	0.17157	0.03314	0.03170	0.00602	0.00178	0.00360	0.07316	0.00501	0.00596
29	0.05612	0.00740	0.00866	0.00778	0.00984	0.00751	0.02681	0.08796	0.10718	0.01788	0.17446	0.08548	0.23187	0.00967	0.00577	0.00165	0.02804	0.06995	0.00451	0.05146
30	0.07328	0.00956	0.01024	0.00871	0.01128	0.04923	0.00683	0.21102	0.08616	0.16568	0.06974	0.08549	0.05743	0.06929	0.06169	0.00223	0.00501	0.00611	0.00458	0.00646
31	0.01728	0.01282	0.01369	0.01094	0.01431	0.10721	0.04695	0.41144	0.04029	0.15885	0.03534	0.08265	0.01202	0.00669	0.00505	0.00152	0.00541	0.00540	0.00470	0.00746
32	0.00818	0.00556	0.00775	0.00760	0.00867	0.00597	0.00582	0.03153	0.00966	0.05837	0.11140	0.08941	0.01923	0.09060	0.47350	0.00556	0.00916	0.04390	0.00351	0.00462
33	0.28858	0.00825	0.00896	0.03193	0.01105	0.00858	0.00626	0.01779	0.10297	0.27237	0.08652	0.05710	0.01433	0.00644	0.00439	0.00154	0.00374	0.00506	0.05770	0.00642
34	0.22182	0.00681	0.00757	0.00689	0.00898	0.00674	0.00528	0.01380	0.01089	0.22506	0.10402	0.19662	0.05822	0.05386	0.00593	0.00179	0.00344	0.00717	0.04957	0.00554
35	0.01148	0.01109	0.01909	0.12085	0.62619	0.01126	0.05568	0.01442	0.01105	0.01549	0.01122	0.01406	0.04641	0.00483	0.00497	0.00150	0.00589	0.00475	0.00251	0.00727
36	0.00739	0.00535	0.00810	0.06318	0.01009	0.00618	0.00632	0.00866	0.00780	0.01104	0.01225	0.01854	0.01148	0.04904	0.62376	0.12778	0.01126	0.00510	0.00254	0.00411
37	0.01504	0.05327	0.03304	0.01107	0.01434	0.12993	0.07324	0.18403	0.21249	0.11534	0.01597	0.07052	0.03639	0.00659	0.00497	0.00154	0.00540	0.00544	0.00428	0.00711
38	0.18914	0.15024	0.03993	0.00800	0.01094	0.01048	0.00681	0.04219	0.11029	0.07459	0.01383	0.10452	0.01266	0.05788	0.00556	0.00166	0.00421	0.04242	0.02410	0.09053

[dist]
# distance from previous block
# <min> <max>
3	36

[block]
# block no. 8 follows, 51 sequences, length 6
# corresponding to MSA columns:
# 441-446
name=unknown_I
#
# <colnr> <probs for GDERKNQSTAVLIFYWHMCP>
#	G	D	E	R	K	N	Q	S	T	A	V	L	I	F	Y	W	H	M	C	P
0	0.40390	0.00897	0.00800	0.00729	0.00963	0.06239	0.00574	0.03797	0.02851	0.07886	0.10964	0.05489	0.04153	0.07043	0.00589	0.00183	0.00407	0.05130	0.00384	0.00532
1	0.01164	0.00746	0.00827	0.00749	0.00944	0.04045	0.00586	0.09210	0.06603	0.13576	0.15466	0.08128	0.09212	0.00883	0.00553	0.02716	0.00358	0.06769	0.16899	0.00565
2	0.21727	0.00774	0.00879	0.00751	0.01022	0.00770	0.00598	0.01753	0.06989	0.33041	0.12387	0.08914	0.01730	0.00711	0.00464	0.00155	0.00358	0.00577	0.05755	0.00646
3	0.01274	0.06660	0.01614	0.06759	0.01674	0.06428	0.17029	0.10857	0.24776	0.04433	0.05734	0.05109	0.01374	0.00644	0.00515	0.00160	0.00550	0.03341	0.00393	0.00678
4	0.06607	0.00584	0.00751	0.00734	0.00842	0.00624	0.00546	0.05156	0.00937	0.05434	0.03327	0.15545	0.01637	0.11097	0.31314	0.09158	0.00740	0.02396	0.02126	0.00444
5	0.26970	0.09189	0.01211	0.00970	0.04664	0.11990	0.00753	0.11387	0.08564	0.09482	0.01375	0.01491	0.06282	0.00595	0.00425	0.00148	0.00491	0.03002	0.00373	0.00638

[dist]
# distance from previous block
# <min> <max>
2	10

[block]
# block no. 9 follows, 51 sequences, length 9
# corresponding to MSA columns:
# 457-465
name=unknown_J
#
# <colnr> <probs for GDERKNQSTAVLIFYWHMCP>
#	G	D	E	R	K	N	Q	S	T	A	V	L	I	F	Y	W	H	M	C	P
0	0.00760	0.00482	0.00626	0.00660	0.00736	0.00459	0.00468	0.00891	0.01039	0.05556	0.18039	0.39154	0.02946	0.08278	0.05033	0.01993	0.00356	0.03703	0.08391	0.00432
1	0.01272	0.01265	0.11116	0.04057	0.01758	0.03220	0.23865	0.12718	0.09573	0.09102	0.01364	0.06714	0.01137	0.09689	0.00746	0.00196	0.00611	0.00578	0.00357	0.00660
2	0.04033	0.00527	0.00673	0.00699	0.00809	0.00492	0.00501	0.01036	0.01039	0.14497	0.05368	0.52189	0.05343	0.04216	0.00649	0.00195	0.00317	0.03345	0.03593	0.00480
3	0.05650	0.03651	0.01608	0.01259	0.01510	0.15689	0.17923	0.06052	0.01130	0.10187	0.01018	0.03970	0.00848	0.00744	0.00878	0.10434	0.16096	0.00470	0.00302	0.00581
4	0.00702	0.00527	0.00790	0.00790	0.00878	0.00614	0.00614	0.00878	0.00790	0.01141	0.01316	0.01931	0.01229	0.03686	0.80782	0.00790	0.01316	0.00527	0.00263	0.00439
5	0.00960	0.00744	0.01129	0.01474	0.26147	0.00741	0.00853	0.01131	0.01051	0.07813	0.03822	0.36739	0.07016	0.01037	0.00624	0.00177	0.04976	0.02611	0.00388	0.00568
6	0.00986	0.00912	0.01526	0.51681	0.22706	0.01048	0.01333	0.01292	0.01036	0.01371	0.01094	0.01794	0.00948	0.00582	0.00513	0.00167	0.00612	0.09553	0.00253	0.00594
7	0.01173	0.01261	0.09456	0.06964	0.24208	0.10582	0.01110	0.01528	0.07603	0.05421	0.12658	0.01783	0.05846	0.00645	0.00596	0.00156	0.07503	0.00527	0.00331	0.00648
8	0.00868	0.00542	0.00703	0.00640	0.00791	0.00491	0.00488	0.01087	0.01373	0.11292	0.64523	0.03510	0.09837	0.00975	0.00569	0.00155	0.00255	0.00852	0.00543	0.00505

[dist]
# distance from previous block
# <min> <max>
2	3

[block]
# block no. 10 follows, 51 sequences, length 13
# corresponding to MSA columns:
# 469-481
name=unknown_K
#
# <colnr> <probs for GDERKNQSTAVLIFYWHMCP>
#	G	D	E	R	K	N	Q	S	T	A	V	L	I	F	Y	W	H	M	C	P
0	0.00928	0.00873	0.01474	0.81548	0.03385	0.01092	0.01365	0.01256	0.00983	0.01256	0.00873	0.01310	0.00655	0.00491	0.00491	0.00164	0.00655	0.00437	0.00218	0.00546
1	0.00731	0.00546	0.00689	0.00679	0.00806	0.00524	0.00524	0.01026	0.06804	0.01806	0.51794	0.08201	0.11017	0.01083	0.00591	0.00169	0.00279	0.11741	0.00513	0.00476
2	0.01263	0.01156	0.01478	0.26716	0.09299	0.09031	0.05498	0.05625	0.22964	0.05859	0.01251	0.01408	0.00945	0.00563	0.00551	0.00161	0.04752	0.00470	0.00339	0.00671
3	0.00637	0.00461	0.00619	0.00685	0.00733	0.00461	0.00475	0.00742	0.00905	0.01225	0.05011	0.49734	0.05647	0.10064	0.19800	0.00364	0.00545	0.01092	0.00398	0.00401
4	0.52872	0.00891	0.00833	0.00709	0.01014	0.00958	0.00579	0.05500	0.01086	0.19133	0.05532	0.01443	0.06528	0.00582	0.00390	0.00153	0.00379	0.00413	0.00404	0.00602
5	0.01875	0.01079	0.01255	0.00994	0.01357	0.01119	0.00811	0.29855	0.18109	0.35630	0.01677	0.01528	0.01138	0.00614	0.00494	0.00153	0.00456	0.00488	0.00543	0.00824
6	0.04208	0.13615	0.55954	0.01393	0.07436	0.01278	0.01556	0.06278	0.01109	0.01623	0.00868	0.01015	0.00645	0.00466	0.00443	0.00147	0.00664	0.00356	0.00232	0.00716
7	0.00621	0.00445	0.00588	0.00684	0.00723	0.00424	0.00467	0.00713	0.00933	0.01241	0.02625	0.66766	0.05440	0.07074	0.04961	0.00249	0.00359	0.04856	0.00435	0.00397
8	0.01079	0.04026	0.08623	0.01019	0.01311	0.02749	0.09392	0.08235	0.15187	0.04621	0.29909	0.02508	0.02451	0.00770	0.00538	0.00160	0.00447	0.05913	0.00443	0.00620
9	0.00792	0.00515	0.00689	0.00682	0.00778	0.00525	0.00507	0.00958	0.01014	0.05552	0.21089	0.11590	0.02431	0.11946	0.27830	0.00412	0.00651	0.03398	0.08194	0.00446
10	0.01647	0.14334	0.03987	0.01239	0.01592	0.35117	0.09741	0.15357	0.05376	0.05638	0.00975	0.01066	0.00755	0.00510	0.00454	0.00136	0.00709	0.00383	0.00318	0.00665
11	0.01017	0.00935	0.05166	0.00931	0.01198	0.00863	0.02326	0.01206	0.00957	0.05318	0.01173	0.13738	0.01135	0.00801	0.03495	0.00162	0.20462	0.00525	0.00308	0.38284
12	0.10580	0.03751	0.01109	0.00884	0.01179	0.02047	0.02460	0.06661	0.05060	0.33579	0.01703	0.10624	0.01403	0.00840	0.03298	0.00181	0.02197	0.06484	0.00468	0.05490

[dist]
# distance from previous block
# <min> <max>
1	3

[block]
# block no. 11 follows, 51 sequences, length 23
# corresponding to MSA columns:
# 485-507
name=unknown_L
#
# <colnr> <probs for GDERKNQSTAVLIFYWHMCP>
#	G	D	E	R	K	N	Q	S	T	A	V	L	I	F	Y	W	H	M	C	P
0	0.04269	0.15344	0.43053	0.01312	0.04831	0.06555	0.05379	0.01538	0.01075	0.03474	0.01022	0.01419	0.00846	0.00541	0.00461	0.00152	0.00659	0.07152	0.00250	0.00670
1	0.07611	0.01207	0.01337	0.01031	0.01415	0.01287	0.00852	0.53174	0.01976	0.23086	0.01344	0.01283	0.00915	0.00586	0.00480	0.00149	0.00498	0.00444	0.00509	0.00816
2	0.01200	0.01320	0.12027	0.01484	0.01871	0.03713	0.33451	0.03212	0.04624	0.09044	0.06565	0.01658	0.05811	0.00604	0.00679	0.00167	0.11039	0.00560	0.00322	0.00649
3	0.01123	0.00749	0.00890	0.00807	0.00999	0.00775	0.00628	0.10443	0.15957	0.10917	0.21575	0.06360	0.02440	0.10027	0.02481	0.00214	0.00398	0.09692	0.02938	0.00586
4	0.01271	0.01019	0.01208	0.01033	0.01297	0.05809	0.07625	0.12465	0.27649	0.08663	0.10422	0.11947	0.01896	0.00800	0.00536	0.00166	0.00455	0.04603	0.00467	0.00670
5	0.00804	0.00515	0.00652	0.00661	0.00758	0.00489	0.00479	0.02742	0.01139	0.06125	0.26495	0.29256	0.04387	0.10291	0.00790	0.00207	0.00309	0.05887	0.07563	0.00452
6	0.76834	0.01039	0.00786	0.00698	0.01002	0.06427	0.00569	0.01521	0.00899	0.05574	0.00745	0.00843	0.00569	0.00466	0.00322	0.00150	0.00416	0.00280	0.00314	0.00548
7	0.11114	0.00702	0.00871	0.00727	0.00983	0.00654	0.00579	0.01677	0.01253	0.38736	0.20870	0.02126	0.03393	0.00764	0.00568	0.05319	0.00348	0.00568	0.08117	0.00631
8	0.00978	0.02298	0.68818	0.01393	0.02052	0.01095	0.05924	0.01509	0.01053	0.01550	0.01042	0.01456	0.00827	0.00544	0.00492	0.00163	0.00707	0.07169	0.00232	0.00698
9	0.00716	0.00498	0.00625	0.00628	0.00677	0.00504	0.00429	0.00814	0.00909	0.01247	0.18173	0.03329	0.02403	0.45380	0.14170	0.00434	0.00554	0.07783	0.00359	0.00370
10	0.01378	0.21523	0.07538	0.01399	0.15280	0.14539	0.03856	0.04537	0.01178	0.09536	0.01099	0.01446	0.00930	0.00822	0.07632	0.00198	0.00677	0.05479	0.00297	0.00655
11	0.00622	0.00444	0.00570	0.00662	0.00697	0.00418	0.00443	0.00704	0.00926	0.01224	0.02663	0.63589	0.07231	0.13175	0.00896	0.00239	0.00317	0.04360	0.00433	0.00388
12	0.13928	0.01200	0.01580	0.14330	0.31962	0.07813	0.04155	0.08959	0.06796	0.03233	0.00991	0.01195	0.00775	0.00488	0.00462	0.00151	0.00578	0.00418	0.00299	0.00690
13	0.01248	0.01207	0.02334	0.19042	0.02554	0.01213	0.48427	0.10183	0.01265	0.06008	0.01041	0.01325	0.00762	0.00461	0.00546	0.00162	0.00736	0.00529	0.00289	0.00667
14	0.09237	0.01253	0.01311	0.01053	0.01407	0.01406	0.00857	0.51194	0.22441	0.02741	0.01353	0.01319	0.00985	0.00598	0.00477	0.00153	0.00486	0.00457	0.00477	0.00793
15	0.01076	0.01023	0.01684	0.38134	0.35880	0.01162	0.01378	0.01418	0.04459	0.01436	0.00928	0.01275	0.00745	0.00504	0.00575	0.00160	0.06824	0.00442	0.00241	0.00655
16	0.00679	0.00492	0.00611	0.00647	0.00723	0.00470	0.00468	0.00803	0.01018	0.01346	0.15766	0.19373	0.15784	0.21974	0.04225	0.00284	0.00388	0.14128	0.00422	0.00398
17	0.03424	0.01267	0.01174	0.01011	0.01221	0.20654	0.00796	0.19503	0.01484	0.05045	0.21808	0.05101	0.01872	0.00756	0.00669	0.00157	0.12486	0.00565	0.00404	0.00603
18	0.06292	0.00832	0.00949	0.00872	0.01084	0.00885	0.00702	0.20679	0.10346	0.04894	0.09001	0.11231	0.03946	0.04367	0.00633	0.00189	0.00415	0.19647	0.02440	0.00594
19	0.07282	0.01060	0.01143	0.00923	0.01239	0.01147	0.00749	0.38785	0.11563	0.11959	0.04913	0.01510	0.01182	0.00609	0.00461	0.00146	0.00434	0.00474	0.13690	0.00733
20	0.00650	0.00483	0.00596	0.00607	0.00706	0.00440	0.00437	0.00810	0.01180	0.01591	0.38988	0.22368	0.20668	0.06127	0.00709	0.00188	0.00267	0.02271	0.00486	0.00428
21	0.01373	0.68641	0.02327	0.00868	0.01269	0.03847	0.00831	0.01642	0.07987	0.06002	0.00879	0.00938	0.00744	0.00456	0.00346	0.00114	0.00516	0.00304	0.00261	0.00655
22	0.30777	0.01191	0.01375	0.01091	0.01426	0.06111	0.13543	0.23387	0.01357	0.02172	0.01011	0.05952	0.00837	0.00569	0.00487	0.00154	0.03798	0.00448	0.00351	0.03963

[dist]
# distance from previous block
# <min> <max>
5	6

[block]
# block no. 12 follows, 51 sequences, length 9
# corresponding to MSA columns:
# 515,516,521-527
name=unknown_M
#
# <colnr> <probs for GDERKNQSTAVLIFYWHMCP>
#	G	D	E	R	K	N	Q	S	T	A	V	L	I	F	Y	W	H	M	C	P
0	0.07795	0.01172	0.01269	0.01019	0.01373	0.01282	0.00829	0.40050	0.22388	0.15401	0.01487	0.01407	0.01053	0.00604	0.00481	0.00154	0.00469	0.00468	0.00500	0.00799
1	0.01235	0.01048	0.01224	0.01027	0.01282	0.09570	0.09423	0.14645	0.14355	0.05926	0.15283	0.08340	0.03915	0.00974	0.06602	0.00204	0.00546	0.00643	0.03133	0.00625
2	0.00629	0.00468	0.00578	0.00616	0.00700	0.00425	0.00432	0.00762	0.01103	0.01468	0.25753	0.38141	0.20609	0.05138	0.00691	0.00192	0.00270	0.01135	0.00474	0.00417
3	0.00999	0.05781	0.63951	0.01282	0.01900	0.01111	0.01576	0.05165	0.01087	0.01579	0.01094	0.10237	0.00930	0.00592	0.00480	0.00158	0.00659	0.00480	0.00250	0.00690
4	0.01370	0.01004	0.05229	0.01032	0.01347	0.00956	0.09471	0.07368	0.25889	0.19949	0.07327	0.07650	0.01592	0.00690	0.00509	0.00159	0.00443	0.00604	0.06705	0.00706
5	0.01071	0.00986	0.03513	0.22164	0.25665	0.01014	0.06186	0.01444	0.06788	0.04378	0.03728	0.01900	0.01183	0.00766	0.04600	0.00195	0.02046	0.09057	0.00304	0.03012
6	0.00660	0.00466	0.00580	0.00615	0.00691	0.00432	0.00430	0.00801	0.01098	0.01516	0.27697	0.36524	0.12071	0.07080	0.00720	0.00195	0.00273	0.01074	0.06661	0.00419
7	0.30767	0.10115	0.01011	0.00768	0.00996	0.01023	0.00614	0.10190	0.05029	0.01866	0.05443	0.25068	0.01641	0.00835	0.00479	0.00163	0.02393	0.00670	0.00380	0.00549
8	0.01038	0.00899	0.01143	0.03624	0.10924	0.00767	0.00752	0.01355	0.06700	0.01614	0.01095	0.01461	0.00950	0.00476	0.00417	0.00103	0.00409	0.06195	0.00311	0.59768

[dist]
# distance from previous block
# <min> <max>
1	7

[block]
# block no. 13 follows, 51 sequences, length 8
# corresponding to MSA columns:
# 535-542
name=unknown_N
#
# <colnr> <probs for GDERKNQSTAVLIFYWHMCP>
#	G	D	E	R	K	N	Q	S	T	A	V	L	I	F	Y	W	H	M	C	P
0	0.00611	0.00444	0.00577	0.00661	0.00712	0.00410	0.00451	0.00721	0.01019	0.01362	0.13825	0.65323	0.09187	0.01441	0.00617	0.00191	0.00275	0.01297	0.00468	0.00410
1	0.01157	0.00991	0.01217	0.01034	0.01272	0.06534	0.11301	0.12801	0.19061	0.03974	0.04709	0.19408	0.04596	0.06586	0.00675	0.00188	0.00476	0.00745	0.02666	0.00608
2	0.00676	0.00474	0.00578	0.00631	0.00670	0.00458	0.00423	0.00745	0.00879	0.01153	0.02363	0.29441	0.09066	0.38304	0.01480	0.00326	0.00391	0.11196	0.00384	0.00362
3	0.01819	0.01275	0.01326	0.01048	0.01405	0.06862	0.00853	0.49463	0.08074	0.15972	0.01369	0.01332	0.00963	0.00592	0.00481	0.00146	0.00515	0.00452	0.05261	0.00791
4	0.21093	0.00864	0.01011	0.00820	0.01147	0.00843	0.00667	0.08477	0.01317	0.46660	0.04452	0.07896	0.01313	0.00660	0.00464	0.00156	0.00403	0.00524	0.00515	0.00719
5	0.01155	0.12052	0.46669	0.01270	0.01849	0.01260	0.06730	0.14100	0.01257	0.01746	0.01202	0.01309	0.06199	0.00532	0.00468	0.00149	0.00645	0.00426	0.00275	0.00706
6	0.15492	0.00598	0.00708	0.00711	0.00857	0.00594	0.00548	0.01093	0.01124	0.08844	0.24143	0.26543	0.02927	0.01088	0.00554	0.00178	0.00325	0.12718	0.00468	0.00489
7	0.01255	0.42104	0.01982	0.00991	0.01317	0.06986	0.08902	0.01551	0.09373	0.04035	0.01033	0.01341	0.00920	0.10827	0.03182	0.00192	0.02722	0.00408	0.00275	0.00603

[dist]
# distance from previous block
# <min> <max>
0	14

[block]
# block no. 14 follows, 51 sequences, length 11
# corresponding to MSA columns:
# 557-567
name=unknown_O
#
# <colnr> <probs for GDERKNQSTAVLIFYWHMCP>
#	G	D	E	R	K	N	Q	S	T	A	V	L	I	F	Y	W	H	M	C	P
0	0.01220	0.19504	0.11597	0.01456	0.14194	0.03674	0.04184	0.05184	0.04082	0.03565	0.02763	0.02920	0.00873	0.00608	0.00751	0.00159	0.21916	0.00428	0.00268	0.00654
1	0.00934	0.00866	0.00998	0.00940	0.01040	0.11260	0.04860	0.01068	0.00943	0.01205	0.01549	0.09892	0.01646	0.19948	0.16385	0.00369	0.11092	0.14243	0.00314	0.00448
2	0.01048	0.00963	0.01539	0.26394	0.36238	0.01040	0.01228	0.01451	0.08883	0.01601	0.13270	0.01690	0.01415	0.00566	0.00504	0.00155	0.00531	0.00520	0.00308	0.00658
3	0.00712	0.00479	0.00550	0.00546	0.00559	0.00475	0.00317	0.00740	0.00794	0.01073	0.10703	0.03269	0.02122	0.73119	0.02275	0.00439	0.00448	0.00735	0.00326	0.00317
4	0.75136	0.00935	0.00777	0.00676	0.00990	0.01052	0.00557	0.01570	0.00911	0.12453	0.00850	0.00913	0.00622	0.00476	0.00329	0.00152	0.00385	0.00296	0.00344	0.00572
5	0.01019	0.00789	0.00873	0.00836	0.00968	0.11153	0.00635	0.01169	0.00952	0.10422	0.01470	0.09888	0.01386	0.07663	0.47821	0.00549	0.00998	0.00594	0.00324	0.00490
