[name]
unknown

[dist]
# distance from previous block
# <min> <max>
0	62

[block]
# block no. 0 follows, 39 sequences, length 36
# corresponding to MSA columns:
# 217-252
name=unknown_A
#
# <colnr> <probs for GDERKNQSTAVLIFYWHMCP>
#	G	D	E	R	K	N	Q	S	T	A	V	L	I	F	Y	W	H	M	C	P
0	0.01620	0.08554	0.24341	0.10527	0.04241	0.05354	0.07367	0.04718	0.04092	0.16034	0.01376	0.01502	0.00985	0.00603	0.00560	0.00176	0.00731	0.00500	0.02845	0.03875
1	0.01417	0.01418	0.01876	0.22550	0.25562	0.13023	0.04706	0.05735	0.01393	0.01769	0.01338	0.09622	0.01214	0.00916	0.04711	0.00227	0.00802	0.00639	0.00332	0.00750
2	0.00780	0.00553	0.00723	0.00818	0.00864	0.00539	0.00562	0.00887	0.01088	0.01451	0.02884	0.49393	0.04757	0.17474	0.07587	0.00368	0.00511	0.07804	0.00491	0.00466
3	0.01290	0.01346	0.02619	0.25535	0.13348	0.01407	0.34899	0.01701	0.01288	0.01743	0.01194	0.04409	0.00974	0.00610	0.00719	0.00200	0.05022	0.00648	0.00294	0.00754
4	0.01519	0.04589	0.13612	0.05360	0.23732	0.04027	0.04467	0.12242	0.13867	0.02165	0.01354	0.01585	0.01069	0.02836	0.00722	0.00197	0.04866	0.00541	0.00379	0.00872
5	0.00904	0.00565	0.00755	0.00840	0.00919	0.00520	0.00579	0.01028	0.01214	0.08358	0.07269	0.67578	0.03783	0.01714	0.00737	0.00232	0.00354	0.01547	0.00571	0.00533
6	0.01211	0.00735	0.00930	0.00857	0.01061	0.00698	0.00649	0.01597	0.09524	0.15595	0.38520	0.16519	0.07320	0.01201	0.00678	0.00197	0.00352	0.01052	0.00638	0.00665
7	0.02991	0.01352	0.12379	0.10861	0.01934	0.01109	0.01146	0.12784	0.02721	0.31785	0.08516	0.05125	0.01686	0.02126	0.00643	0.00194	0.00589	0.00643	0.00553	0.00863
8	0.01295	0.01101	0.01407	0.01031	0.01510	0.00923	0.04675	0.01557	0.01223	0.04626	0.01081	0.01282	0.00890	0.00507	0.00595	0.00113	0.07569	0.00393	0.00353	0.67869
9	0.01294	0.01294	0.01811	0.01553	0.01553	0.01811	0.01294	0.01423	0.00906	0.01423	0.00776	0.01294	0.00776	0.01035	0.01941	0.00259	0.78134	0.00518	0.00259	0.00647
10	0.00801	0.00581	0.00755	0.00758	0.00873	0.00535	0.00551	0.01028	0.01519	0.02114	0.53488	0.23671	0.08337	0.01388	0.00712	0.00201	0.00296	0.01235	0.00620	0.00535
11	0.03749	0.35885	0.19196	0.01444	0.06021	0.01790	0.05444	0.01888	0.01251	0.09492	0.01070	0.01227	0.00848	0.00593	0.00615	0.00167	0.07774	0.00425	0.00311	0.00810
12	0.16122	0.01569	0.01620	0.01261	0.01716	0.01747	0.01041	0.61277	0.02477	0.03543	0.01318	0.01341	0.00943	0.00682	0.00553	0.00178	0.00618	0.00496	0.00553	0.00943
13	0.00858	0.00583	0.00694	0.00694	0.00710	0.00600	0.00419	0.00891	0.00874	0.01183	0.01819	0.03624	0.02043	0.67308	0.14772	0.00633	0.00734	0.00824	0.00352	0.00385
14	0.02021	0.26014	0.02113	0.01359	0.01734	0.49953	0.01102	0.06273	0.01596	0.01561	0.00915	0.01051	0.00775	0.00584	0.00490	0.00146	0.00911	0.00370	0.00306	0.00726
15	0.00901	0.00699	0.01066	0.00975	0.01086	0.00745	0.07231	0.01058	0.00957	0.01335	0.01655	0.02844	0.01680	0.32482	0.41856	0.00739	0.01146	0.00725	0.00331	0.00488
16	0.00980	0.00617	0.00741	0.00750	0.00803	0.00609	0.00501	0.01051	0.01010	0.05319	0.02132	0.04265	0.02337	0.58300	0.02399	0.00484	0.00557	0.14342	0.02369	0.00433
17	0.00997	0.00623	0.00805	0.00854	0.00967	0.00588	0.00602	0.01206	0.05439	0.10051	0.07062	0.55632	0.07307	0.01617	0.00766	0.02572	0.00368	0.01411	0.00570	0.00565
18	0.01490	0.15661	0.17037	0.01513	0.04343	0.03775	0.09634	0.06470	0.29676	0.02118	0.01573	0.01617	0.01198	0.00646	0.00562	0.00181	0.00675	0.00542	0.00415	0.00873
19	0.01347	0.06565	0.36496	0.01635	0.07391	0.01464	0.03662	0.08319	0.09730	0.02031	0.01392	0.01566	0.03077	0.00772	0.02742	0.00210	0.07831	0.00518	0.02413	0.00840
20	0.71281	0.08301	0.01102	0.00815	0.01199	0.01393	0.00688	0.01807	0.01064	0.06748	0.00910	0.01020	0.00699	0.00556	0.00380	0.00178	0.00476	0.00336	0.00377	0.00672
21	0.00734	0.00525	0.00698	0.00814	0.00861	0.00489	0.00550	0.00857	0.01194	0.01607	0.11428	0.70383	0.04101	0.01780	0.00748	0.00234	0.00336	0.01612	0.00561	0.00489
22	0.11634	0.31155	0.04139	0.05438	0.01693	0.01714	0.01013	0.13852	0.05679	0.11989	0.01246	0.01302	0.00947	0.00594	0.00475	0.00157	0.00592	0.00427	0.00412	0.05541
23	0.01157	0.03107	0.05656	0.10073	0.07713	0.05289	0.05033	0.07890	0.01349	0.01777	0.02078	0.33800	0.02222	0.01403	0.05855	0.00260	0.01816	0.02445	0.00427	0.00651
24	0.13636	0.01025	0.01304	0.01015	0.01460	0.00931	0.00838	0.02726	0.01599	0.65969	0.02128	0.01870	0.01352	0.00707	0.00564	0.00183	0.00497	0.00557	0.00682	0.00957
25	0.00811	0.00593	0.00739	0.00719	0.00843	0.00545	0.00520	0.01026	0.01492	0.02054	0.51396	0.10685	0.14661	0.10157	0.00965	0.00236	0.00321	0.01121	0.00595	0.00521
26	0.01936	0.11597	0.06382	0.06064	0.13321	0.09754	0.09757	0.07177	0.01561	0.24526	0.01451	0.01528	0.01037	0.00611	0.00569	0.00174	0.00719	0.00520	0.00441	0.00876
27	0.01672	0.47194	0.07015	0.01069	0.01538	0.04728	0.01026	0.11951	0.01476	0.05757	0.01138	0.01246	0.00922	0.00576	0.00442	0.00143	0.00616	0.00400	0.10305	0.00786
28	0.00914	0.00629	0.00731	0.00738	0.00921	0.00550	0.00561	0.01082	0.01360	0.08434	0.08819	0.18859	0.44454	0.01490	0.00711	0.00212	0.00349	0.08067	0.00571	0.00550
29	0.11548	0.01263	0.11729	0.01074	0.01473	0.02058	0.04993	0.04823	0.01342	0.12200	0.05489	0.12302	0.01692	0.05261	0.00692	0.00195	0.00536	0.00683	0.06337	0.14311
30	0.01404	0.01142	0.01638	0.13203	0.21797	0.01041	0.01158	0.01707	0.01295	0.08598	0.01184	0.01415	0.00933	0.00512	0.00515	0.00136	0.00568	0.00447	0.00356	0.40951
31	0.05914	0.00853	0.01210	0.08008	0.01482	0.00891	0.04917	0.01484	0.01345	0.13134	0.19493	0.10670	0.04504	0.07669	0.00980	0.00241	0.07583	0.08480	0.00508	0.00634
32	0.01359	0.13797	0.34204	0.01312	0.01948	0.01406	0.01442	0.05721	0.10024	0.03492	0.01339	0.02509	0.02181	0.00603	0.00523	0.00161	0.00670	0.00469	0.00348	0.16491
33	0.00821	0.00581	0.00697	0.00716	0.00826	0.00540	0.00512	0.00998	0.01327	0.01821	0.26119	0.18646	0.18151	0.13180	0.01039	0.00258	0.00354	0.04876	0.08039	0.00500
34	0.01559	0.24995	0.14822	0.08665	0.02235	0.05784	0.15337	0.05169	0.01414	0.08554	0.05133	0.01496	0.01122	0.00595	0.00547	0.00170	0.00752	0.00510	0.00346	0.00795
35	0.04549	0.00601	0.00715	0.00745	0.00863	0.00570	0.00534	0.00966	0.01277	0.01751	0.20373	0.27043	0.21382	0.08757	0.05017	0.00285	0.00416	0.03117	0.00534	0.00504

[dist]
# distance from previous block
# <min> <max>
11	38

[block]
# block no. 1 follows, 39 sequences, length 7
# corresponding to MSA columns:
# 291-297
name=unknown_B
#
# <colnr> <probs for GDERKNQSTAVLIFYWHMCP>
#	G	D	E	R	K	N	Q	S	T	A	V	L	I	F	Y	W	H	M	C	P
0	0.40568	0.07804	0.01186	0.00887	0.01242	0.01260	0.00732	0.05063	0.08690	0.11445	0.10348	0.01889	0.05297	0.00728	0.00485	0.00181	0.00458	0.00535	0.00478	0.00724
1	0.01122	0.00972	0.01530	0.08928	0.23604	0.00994	0.03653	0.01379	0.01146	0.01617	0.01468	0.02377	0.01398	0.13746	0.20341	0.00434	0.00888	0.05128	0.00328	0.08946
2	0.01348	0.01123	0.01292	0.00934	0.01453	0.00913	0.00751	0.10101	0.01412	0.02142	0.01095	0.01249	0.00891	0.00470	0.00456	0.00098	0.00463	0.00372	0.00379	0.73054
3	0.01755	0.01169	0.01312	0.01104	0.01465	0.01241	0.00879	0.16072	0.32035	0.18909	0.07125	0.02540	0.10001	0.00872	0.00615	0.00191	0.00480	0.00716	0.00626	0.00893
4	0.04836	0.01222	0.01716	0.11659	0.29136	0.01314	0.01293	0.12471	0.12235	0.02245	0.03387	0.08318	0.01447	0.00743	0.00588	0.00186	0.00595	0.00654	0.05126	0.00829
5	0.05684	0.11938	0.13745	0.11688	0.02125	0.07840	0.05820	0.04104	0.05883	0.06197	0.01179	0.01350	0.00904	0.00560	0.00516	0.00157	0.00684	0.00446	0.00348	0.18832
6	0.06255	0.16151	0.02129	0.08786	0.08357	0.12342	0.09319	0.12773	0.01586	0.10368	0.01198	0.01350	0.00910	0.00584	0.00534	0.00164	0.00724	0.00473	0.00387	0.05610

[dist]
# distance from previous block
# <min> <max>
1	6

[block]
# block no. 2 follows, 39 sequences, length 29
# corresponding to MSA columns:
# 304-332
name=unknown_C
#
# <colnr> <probs for GDERKNQSTAVLIFYWHMCP>
#	G	D	E	R	K	N	Q	S	T	A	V	L	I	F	Y	W	H	M	C	P
0	0.11260	0.13740	0.26690	0.01360	0.01943	0.01538	0.05443	0.08948	0.13130	0.08426	0.01362	0.01423	0.01000	0.00615	0.00531	0.00179	0.00677	0.00479	0.00396	0.00858
1	0.13402	0.01337	0.01810	0.11512	0.10029	0.04046	0.12346	0.16358	0.08429	0.02409	0.08401	0.01940	0.01489	0.00704	0.00592	0.00189	0.00658	0.03125	0.00433	0.00791
2	0.01287	0.01086	0.01647	0.15717	0.28110	0.01084	0.01251	0.01657	0.05058	0.06069	0.07083	0.07992	0.05755	0.00759	0.00594	0.00175	0.00574	0.00682	0.00397	0.13023
3	0.00767	0.00554	0.00694	0.00773	0.00832	0.00529	0.00523	0.00868	0.01099	0.01443	0.03204	0.44147	0.12991	0.19157	0.06173	0.00356	0.00478	0.04458	0.00491	0.00462
4	0.00928	0.00711	0.00871	0.00915	0.01026	0.00752	0.00654	0.01390	0.17489	0.01678	0.02700	0.41290	0.02921	0.10149	0.10782	0.00359	0.00563	0.03732	0.00510	0.00578
5	0.01226	0.01051	0.01226	0.00876	0.01401	0.00788	0.00701	0.01489	0.01226	0.01927	0.01051	0.01226	0.00876	0.00438	0.00438	0.00088	0.00438	0.00350	0.00350	0.82832
6	0.01797	0.01436	0.01808	0.20372	0.13325	0.04803	0.01330	0.29876	0.06585	0.07873	0.01368	0.01538	0.01008	0.00669	0.00638	0.00186	0.03519	0.00536	0.00453	0.00879
7	0.01202	0.02796	0.65059	0.01666	0.02409	0.01439	0.02052	0.01806	0.01197	0.01806	0.01019	0.01255	0.00753	0.00632	0.00768	0.00198	0.12403	0.00449	0.00251	0.00840
8	0.01537	0.00739	0.00830	0.00726	0.00961	0.00723	0.00571	0.07385	0.01462	0.18712	0.01979	0.02100	0.01464	0.00700	0.00468	0.00151	0.00356	0.00559	0.57889	0.00688
9	0.01117	0.01051	0.01774	0.77795	0.04073	0.01314	0.01642	0.01511	0.01182	0.01511	0.01051	0.01577	0.00788	0.00591	0.00591	0.00197	0.00788	0.00526	0.00263	0.00657
10	0.01373	0.02402	0.45650	0.01909	0.02657	0.01375	0.26209	0.01959	0.01333	0.07701	0.01207	0.01426	0.00856	0.00554	0.00611	0.00191	0.00887	0.00538	0.00304	0.00859
11	0.01129	0.01000	0.01580	0.58468	0.03335	0.01203	0.01409	0.06650	0.01290	0.01673	0.01472	0.15361	0.01362	0.00825	0.00620	0.00203	0.00699	0.00732	0.00338	0.00651
12	0.59873	0.01239	0.01192	0.01173	0.08227	0.01431	0.00858	0.10032	0.01236	0.02613	0.00916	0.01087	0.00721	0.00604	0.00536	0.00188	0.06608	0.00380	0.00377	0.00711
13	0.00906	0.01018	0.12006	0.00901	0.01164	0.00728	0.00800	0.06332	0.01407	0.01850	0.11509	0.26822	0.29564	0.01378	0.00687	0.00207	0.00422	0.01187	0.00518	0.00593
14	0.01668	0.01267	0.01455	0.01245	0.01558	0.01411	0.01032	0.37645	0.08907	0.02837	0.07823	0.03018	0.02021	0.01012	0.00763	0.00210	0.06667	0.18080	0.00560	0.00821
15	0.00845	0.00634	0.00950	0.00950	0.01056	0.00739	0.00739	0.01056	0.00950	0.01373	0.01584	0.02323	0.01478	0.04435	0.76873	0.00950	0.01584	0.00634	0.00317	0.00528
16	0.08290	0.08881	0.01595	0.01188	0.01587	0.05604	0.00968	0.19548	0.31789	0.11682	0.01807	0.01716	0.01326	0.00713	0.00555	0.00182	0.00563	0.00551	0.00548	0.00908
17	0.23259	0.01041	0.01244	0.00982	0.01416	0.00986	0.00811	0.02590	0.01518	0.57235	0.01948	0.01744	0.01254	0.00685	0.00536	0.00183	0.00492	0.00525	0.00639	0.00913
18	0.01271	0.01377	0.08382	0.01230	0.01759	0.04791	0.12404	0.01605	0.01311	0.01925	0.06485	0.01512	0.01206	0.00524	0.00514	0.00125	0.00587	0.00468	0.00353	0.52173
19	0.00771	0.00569	0.00711	0.00806	0.00891	0.00529	0.00582	0.00905	0.01195	0.01541	0.03697	0.42740	0.19175	0.09125	0.00969	0.00269	0.00392	0.14120	0.00530	0.00484
20	0.01401	0.01305	0.01415	0.06248	0.05578	0.11612	0.03517	0.10170	0.16966	0.02203	0.19383	0.05402	0.07071	0.00916	0.00686	0.00190	0.03933	0.00761	0.00502	0.00739
21	0.13647	0.00864	0.01062	0.00893	0.01208	0.00808	0.00711	0.02003	0.01550	0.36451	0.25281	0.06826	0.04368	0.00933	0.00605	0.00187	0.00413	0.00777	0.00639	0.00772
22	0.01556	0.12908	0.01688	0.01373	0.07462	0.12923	0.01015	0.06424	0.32767	0.02137	0.09071	0.01972	0.01746	0.00876	0.03354	0.00205	0.00634	0.00593	0.00475	0.00823
23	0.00807	0.00564	0.00698	0.00752	0.00798	0.00543	0.00498	0.00902	0.01107	0.01482	0.11008	0.31680	0.05952	0.33432	0.01674	0.00371	0.00443	0.06362	0.00482	0.00445
24	0.06321	0.01170	0.06686	0.06105	0.05682	0.05061	0.00966	0.01949	0.01349	0.22792	0.01649	0.01779	0.01204	0.00697	0.00646	0.00175	0.07929	0.00527	0.26558	0.00753
25	0.00955	0.00778	0.01137	0.26793	0.01962	0.00896	0.00937	0.01191	0.01120	0.01524	0.07261	0.02786	0.09017	0.15291	0.18011	0.00428	0.03639	0.00721	0.05004	0.00547
26	0.06280	0.04540	0.17206	0.04410	0.02204	0.01542	0.15943	0.27775	0.02841	0.03656	0.01273	0.01470	0.00947	0.00890	0.06158	0.00240	0.00823	0.00537	0.00408	0.00858
27	0.00879	0.00704	0.00988	0.05835	0.01202	0.00679	0.06302	0.01060	0.01245	0.01631	0.16169	0.07589	0.20118	0.24798	0.01403	0.00318	0.00490	0.07616	0.00471	0.00504
28	0.12680	0.15447	0.07185	0.01070	0.01431	0.19870	0.00929	0.04553	0.01436	0.03831	0.08409	0.04965	0.14297	0.00838	0.00540	0.00171	0.00632	0.00635	0.00404	0.00677

[dist]
# distance from previous block
# <min> <max>
3	17

[block]
# block no. 3 follows, 39 sequences, length 92
# corresponding to MSA columns:
# 367-391,398-428,430-454,475-485
name=unknown_D
#
# <colnr> <probs for GDERKNQSTAVLIFYWHMCP>
#	G	D	E	R	K	N	Q	S	T	A	V	L	I	F	Y	W	H	M	C	P
0	0.11328	0.05277	0.27741	0.03993	0.01896	0.01189	0.06808	0.04141	0.01341	0.02039	0.13159	0.02407	0.01865	0.01025	0.05436	0.00242	0.00724	0.08284	0.00381	0.00723
1	0.01290	0.01163	0.01669	0.31362	0.09839	0.01369	0.02789	0.05215	0.20688	0.01954	0.05409	0.04553	0.01446	0.00762	0.00731	0.00202	0.07759	0.00636	0.00401	0.00765
2	0.00817	0.00645	0.00829	0.00841	0.00976	0.00611	0.03112	0.01055	0.05119	0.01663	0.10102	0.31390	0.24503	0.06480	0.04340	0.00275	0.00438	0.05750	0.00529	0.00527
3	0.01551	0.01614	0.06405	0.04950	0.05138	0.07270	0.35332	0.05598	0.08585	0.06718	0.01344	0.01567	0.01004	0.00564	0.00620	0.00180	0.00816	0.00591	0.00372	0.09781
4	0.01152	0.01089	0.01843	0.54024	0.16993	0.01259	0.04111	0.01517	0.01226	0.01607	0.01413	0.05285	0.04649	0.00678	0.00607	0.00195	0.00735	0.00620	0.00297	0.00698
5	0.01414	0.01400	0.01431	0.13634	0.07646	0.16022	0.01072	0.02165	0.26392	0.02041	0.17018	0.02339	0.03313	0.00805	0.00607	0.00186	0.00613	0.00671	0.00474	0.00757
6	0.01041	0.00681	0.00973	0.00905	0.01055	0.00634	0.05078	0.01234	0.01365	0.09793	0.28144	0.25353	0.03757	0.13467	0.01067	0.00265	0.00421	0.03640	0.00559	0.00567
7	0.83394	0.01144	0.00869	0.00778	0.01144	0.01327	0.00640	0.01738	0.01006	0.02653	0.00823	0.00961	0.00640	0.00549	0.00366	0.00183	0.00457	0.00320	0.00366	0.00640
8	0.01370	0.16686	0.20305	0.01578	0.07503	0.06743	0.08505	0.04257	0.01336	0.01797	0.05830	0.01694	0.01244	0.00890	0.05360	0.00222	0.05528	0.02986	0.00321	0.05845
9	0.00789	0.00592	0.00731	0.00800	0.00917	0.00547	0.00604	0.00958	0.01288	0.01660	0.10964	0.27511	0.25565	0.06417	0.00887	0.00251	0.00386	0.18087	0.00546	0.00501
10	0.01226	0.01051	0.01226	0.00876	0.01401	0.00788	0.00701	0.01489	0.01226	0.01927	0.01051	0.01226	0.00876	0.00438	0.00438	0.00088	0.00438	0.00350	0.00350	0.82832
11	0.00721	0.00596	0.00633	0.00632	0.00815	0.00507	0.00471	0.00888	0.01387	0.01712	0.16441	0.09116	0.61096	0.01471	0.00701	0.00200	0.00299	0.01242	0.00565	0.00507
12	0.00953	0.00681	0.00953	0.01089	0.01225	0.00681	0.00953	0.01225	0.01361	0.01770	0.03131	0.06671	0.03403	0.01634	0.00817	0.00272	0.00545	0.71547	0.00545	0.00545
13	0.00830	0.00599	0.00784	0.00749	0.00882	0.00553	0.00557	0.01098	0.01640	0.02318	0.70763	0.09022	0.05477	0.01249	0.00701	0.00189	0.00283	0.01107	0.00645	0.00553
14	0.32757	0.00979	0.01182	0.26410	0.03604	0.01134	0.01022	0.01514	0.01144	0.02037	0.01448	0.06879	0.01342	0.00805	0.00536	0.00201	0.00567	0.10590	0.05227	0.00623
15	0.02248	0.01656	0.01775	0.01361	0.01834	0.01834	0.01124	0.73556	0.02780	0.03727	0.01420	0.01420	0.01006	0.00710	0.00592	0.00177	0.00651	0.00532	0.00592	0.01006
16	0.01607	0.05378	0.02169	0.04450	0.27602	0.08716	0.11587	0.16767	0.01714	0.02271	0.10468	0.01784	0.01499	0.00656	0.00602	0.00177	0.00714	0.00596	0.00399	0.00843
17	0.06475	0.01013	0.01551	0.39944	0.10004	0.01174	0.01307	0.01577	0.01211	0.08513	0.01478	0.12221	0.01312	0.00803	0.00684	0.00201	0.05895	0.00679	0.03273	0.00687
18	0.01102	0.00551	0.00551	0.00551	0.00689	0.00551	0.00413	0.01378	0.01240	0.02205	0.01929	0.02205	0.01516	0.00689	0.00413	0.00138	0.00276	0.00551	0.82500	0.00551
19	0.01283	0.01279	0.01809	0.06064	0.01702	0.01782	0.01314	0.01428	0.00922	0.01428	0.00793	0.01311	0.00777	0.01009	0.01861	0.00255	0.73558	0.00518	0.00259	0.00648
20	0.00824	0.00619	0.00776	0.00876	0.00952	0.00617	0.00602	0.01143	0.11242	0.01643	0.03142	0.68266	0.03621	0.01708	0.00734	0.00235	0.00360	0.01542	0.00556	0.00543
21	0.01883	0.01692	0.08506	0.05273	0.05518	0.17139	0.03724	0.12342	0.01609	0.19189	0.01421	0.01575	0.01055	0.01098	0.09195	0.00268	0.06738	0.00522	0.00435	0.00818
22	0.61209	0.01456	0.03267	0.05101	0.04391	0.12697	0.00860	0.01827	0.01137	0.02360	0.00867	0.01037	0.00681	0.00560	0.00417	0.00179	0.00588	0.00352	0.00345	0.00667
23	0.00981	0.00789	0.01176	0.01555	0.18049	0.00780	0.00970	0.01236	0.03341	0.01711	0.02706	0.37425	0.03020	0.01454	0.00730	0.00234	0.00489	0.22246	0.00491	0.00617
24	0.05851	0.09943	0.06423	0.01543	0.10820	0.01656	0.01181	0.28059	0.21408	0.04861	0.01557	0.01569	0.01164	0.00674	0.00558	0.00179	0.00606	0.00530	0.00493	0.00926
25	0.01404	0.01155	0.05852	0.00956	0.01447	0.00870	0.00814	0.06077	0.01368	0.09783	0.01369	0.05473	0.01130	0.00580	0.00487	0.00120	0.00472	0.00473	0.04475	0.55694
26	0.01759	0.06356	0.12718	0.01620	0.14751	0.01291	0.01248	0.13313	0.05312	0.18329	0.01494	0.02862	0.01110	0.00626	0.00551	0.00164	0.00609	0.00513	0.00457	0.14919
27	0.07767	0.02455	0.50863	0.02873	0.02392	0.01343	0.09319	0.04475	0.01345	0.09957	0.01206	0.01356	0.00843	0.00578	0.00566	0.00188	0.00806	0.00477	0.00328	0.00863
28	0.00787	0.00592	0.00835	0.05034	0.04453	0.00577	0.00685	0.00925	0.01156	0.01542	0.03038	0.67630	0.03585	0.01715	0.00742	0.00237	0.00393	0.05040	0.00522	0.00514
29	0.00909	0.00618	0.00805	0.00757	0.00908	0.00566	0.00568	0.01173	0.01636	0.05658	0.65857	0.08052	0.07783	0.01229	0.00696	0.00189	0.00293	0.01085	0.00646	0.00573
30	0.01843	0.04059	0.02129	0.10064	0.28665	0.06339	0.10381	0.02160	0.01460	0.24801	0.01472	0.01618	0.01062	0.00598	0.00592	0.00180	0.00708	0.00552	0.00426	0.00889
31	0.01593	0.00901	0.01199	0.06100	0.06377	0.03455	0.00904	0.01832	0.01444	0.27584	0.08140	0.14517	0.02384	0.01192	0.03359	0.00231	0.00546	0.12605	0.04900	0.00735
32	0.16912	0.01187	0.01792	0.36659	0.18232	0.01396	0.03743	0.01621	0.01160	0.01820	0.00995	0.01405	0.00793	0.00616	0.00700	0.00197	0.09276	0.00491	0.00289	0.00716
33	0.01186	0.03059	0.76153	0.01686	0.02560	0.01373	0.02185	0.01873	0.01249	0.01873	0.01061	0.01249	0.00749	0.00562	0.00562	0.00187	0.00874	0.00437	0.00250	0.00874
34	0.01206	0.06862	0.72521	0.01652	0.02508	0.01421	0.02127	0.01868	0.01246	0.01849	0.01049	0.01234	0.00750	0.00559	0.00553	0.00184	0.00862	0.00431	0.00250	0.00868
35	0.02245	0.14174	0.01642	0.01040	0.01473	0.01098	0.02937	0.02480	0.01573	0.52827	0.05875	0.01961	0.01550	0.00710	0.00556	0.00171	0.00513	0.00573	0.05696	0.00907
36	0.01834	0.06882	0.01649	0.01495	0.07237	0.42109	0.01079	0.05459	0.10975	0.01755	0.01258	0.01431	0.01029	0.00969	0.07277	0.00230	0.00915	0.00464	0.05217	0.00734
37	0.01186	0.03059	0.76153	0.01686	0.02560	0.01373	0.02185	0.01873	0.01249	0.01873	0.01061	0.01249	0.00749	0.00562	0.00562	0.00187	0.00874	0.00437	0.00250	0.00874
38	0.01072	0.00653	0.00847	0.00884	0.01003	0.00633	0.00683	0.01246	0.01238	0.08965	0.06213	0.13343	0.02920	0.22890	0.01363	0.00331	0.00496	0.29321	0.05367	0.00533
39	0.83394	0.01144	0.00869	0.00778	0.01144	0.01327	0.00640	0.01738	0.01006	0.02653	0.00823	0.00961	0.00640	0.00549	0.00366	0.00183	0.00457	0.00320	0.00366	0.00640
40	0.83394	0.01144	0.00869	0.00778	0.01144	0.01327	0.00640	0.01738	0.01006	0.02653	0.00823	0.00961	0.00640	0.00549	0.00366	0.00183	0.00457	0.00320	0.00366	0.00640
41	0.00888	0.00653	0.00937	0.00915	0.01050	0.00728	0.00712	0.01107	0.00990	0.01470	0.01577	0.02246	0.01444	0.03903	0.66333	0.00835	0.01414	0.00610	0.06565	0.05622
42	0.00860	0.00573	0.00645	0.00645	0.00645	0.00573	0.00358	0.00860	0.00860	0.01147	0.01863	0.03870	0.02150	0.79217	0.03010	0.00573	0.00573	0.00860	0.00358	0.00358
43	0.00708	0.00591	0.00617	0.00628	0.00809	0.00500	0.00465	0.00860	0.01343	0.01627	0.09163	0.12831	0.64794	0.01518	0.00704	0.00203	0.00303	0.01282	0.00554	0.00500
44	0.00938	0.00572	0.00630	0.00624	0.00769	0.00540	0.00465	0.01183	0.01369	0.02100	0.22028	0.07232	0.16518	0.01035	0.00558	0.00167	0.00284	0.00874	0.41574	0.00540
45	0.04528	0.02658	0.01662	0.01486	0.01809	0.67423	0.01127	0.09240	0.01764	0.01703	0.00961	0.01098	0.00782	0.00617	0.00534	0.00156	0.01009	0.00394	0.00334	0.00715
46	0.83394	0.01144	0.00869	0.00778	0.01144	0.01327	0.00640	0.01738	0.01006	0.02653	0.00823	0.00961	0.00640	0.00549	0.00366	0.00183	0.00457	0.00320	0.00366	0.00640
47	0.01405	0.01618	0.01114	0.01066	0.01287	0.36016	0.00788	0.01548	0.01465	0.01513	0.03180	0.15553	0.28889	0.01143	0.00631	0.00184	0.00664	0.00916	0.00435	0.00583
48	0.01186	0.03059	0.76153	0.01686	0.02560	0.01373	0.02185	0.01873	0.01249	0.01873	0.01061	0.01249	0.00749	0.00562	0.00562	0.00187	0.00874	0.00437	0.00250	0.00874
49	0.01138	0.01073	0.01813	0.73204	0.08496	0.01320	0.01653	0.01530	0.01193	0.01537	0.01055	0.01570	0.00798	0.00587	0.00591	0.00196	0.00783	0.00526	0.00265	0.00674
50	0.01003	0.00563	0.00611	0.00608	0.00745	0.00546	0.00453	0.01263	0.01331	0.02167	0.17390	0.06920	0.06848	0.00906	0.00507	0.00157	0.00281	0.00759	0.56398	0.00546
51	0.00799	0.00598	0.00741	0.00717	0.00863	0.00540	0.00533	0.01038	0.01568	0.02145	0.55296	0.09308	0.21050	0.01313	0.00701	0.00192	0.00288	0.01147	0.00622	0.00540
52	0.01117	0.01051	0.01774	0.77795	0.04073	0.01314	0.01642	0.01511	0.01182	0.01511	0.01051	0.01577	0.00788	0.00591	0.00591	0.00197	0.00788	0.00526	0.00263	0.00657
53	0.00748	0.00534	0.00717	0.00854	0.00901	0.00504	0.00596	0.00870	0.01159	0.01540	0.03245	0.70427	0.03852	0.01827	0.00762	0.00244	0.00367	0.09818	0.00548	0.00488
54	0.00719	0.00520	0.00681	0.00810	0.00854	0.00482	0.00543	0.00825	0.01146	0.01515	0.03429	0.74303	0.08330	0.01831	0.00751	0.00238	0.00340	0.01654	0.00549	0.00482
55	0.01396	0.01595	0.03490	0.02493	0.03091	0.01496	0.73380	0.01894	0.01396	0.01894	0.01196	0.01595	0.00897	0.00499	0.00698	0.00199	0.00997	0.00698	0.00299	0.00798
56	0.00859	0.00624	0.00826	0.00867	0.01001	0.00592	0.00694	0.01110	0.01485	0.02013	0.36859	0.11907	0.10103	0.01445	0.00747	0.00224	0.00384	0.27124	0.00595	0.00542
57	0.01226	0.01051	0.01226	0.00876	0.01401	0.00788	0.00701	0.01489	0.01226	0.01927	0.01051	0.01226	0.00876	0.00438	0.00438	0.00088	0.00438	0.00350	0.00350	0.82832
58	0.01107	0.01028	0.01723	0.73047	0.03897	0.01275	0.01600	0.01493	0.01194	0.01527	0.01180	0.01892	0.00950	0.00656	0.00605	0.00202	0.00773	0.04922	0.00280	0.00650
59	0.01116	0.01020	0.01698	0.73016	0.03864	0.01267	0.01566	0.01503	0.01186	0.01554	0.01105	0.01616	0.00833	0.00597	0.00580	0.00193	0.00757	0.00527	0.05351	0.00650
60	0.01817	0.04848	0.01780	0.01518	0.01706	0.43890	0.01199	0.01961	0.01348	0.01436	0.00855	0.01154	0.00768	0.00778	0.01098	0.00195	0.32260	0.00434	0.00284	0.00672
61	0.01172	0.01114	0.01636	0.01405	0.01485	0.01432	0.05924	0.01367	0.01115	0.01655	0.15186	0.02290	0.01895	0.01225	0.04970	0.00273	0.49833	0.05037	0.00357	0.00628
62	0.01244	0.00795	0.00932	0.00783	0.01095	0.00655	0.00601	0.01426	0.01332	0.16444	0.03431	0.08501	0.30151	0.06989	0.00787	0.00197	0.00401	0.00875	0.00517	0.22842
63	0.01049	0.00834	0.01180	0.01183	0.01376	0.00858	0.06404	0.01566	0.14294	0.01871	0.02872	0.14540	0.02993	0.01427	0.00762	0.00250	0.00540	0.44838	0.00537	0.00625
64	0.02653	0.01006	0.01372	0.01052	0.01510	0.00869	0.00869	0.02882	0.01693	0.75937	0.02333	0.02013	0.01464	0.00732	0.00595	0.00183	0.00503	0.00595	0.00732	0.01006
65	0.00754	0.00601	0.00676	0.00657	0.00833	0.00523	0.00493	0.00956	0.01479	0.01909	0.33804	0.05180	0.47281	0.01382	0.00698	0.00194	0.00291	0.01176	0.00590	0.00523
66	0.01393	0.09452	0.06062	0.23726	0.12922	0.01529	0.19681	0.06141	0.09599	0.01911	0.01248	0.01547	0.00959	0.00579	0.00595	0.00186	0.00773	0.00560	0.00332	0.00804
67	0.01117	0.01051	0.01774	0.77795	0.04073	0.01314	0.01642	0.01511	0.01182	0.01511	0.01051	0.01577	0.00788	0.00591	0.00591	0.00197	0.00788	0.00526	0.00263	0.00657
68	0.30574	0.01371	0.01299	0.01033	0.01472	0.05800	0.00840	0.23642	0.01665	0.05255	0.01119	0.01209	0.00846	0.00580	0.00470	0.00156	0.00549	0.00405	0.00440	0.21273
69	0.02146	0.01402	0.01476	0.01199	0.01602	0.08790	0.00964	0.23247	0.16343	0.28593	0.06454	0.01934	0.01584	0.00757	0.00595	0.00182	0.00581	0.00599	0.00618	0.00933
70	0.00853	0.00600	0.00778	0.00778	0.00824	0.00646	0.00525	0.00946	0.00899	0.01245	0.01741	0.03195	0.01857	0.46560	0.35265	0.00738	0.01015	0.00761	0.00340	0.00432
71	0.01809	0.01286	0.01927	0.07102	0.37784	0.01305	0.01406	0.08012	0.09955	0.20967	0.01593	0.01693	0.01167	0.00630	0.00591	0.00182	0.00626	0.00561	0.00462	0.00943
72	0.11792	0.01934	0.01841	0.02121	0.26783	0.29069	0.01307	0.14443	0.01674	0.02153	0.01058	0.01250	0.00849	0.00591	0.00541	0.00168	0.00797	0.00449	0.00358	0.00821
73	0.01117	0.01051	0.01774	0.77795	0.04073	0.01314	0.01642	0.01511	0.01182	0.01511	0.01051	0.01577	0.00788	0.00591	0.00591	0.00197	0.00788	0.00526	0.00263	0.00657
74	0.83394	0.01144	0.00869	0.00778	0.01144	0.01327	0.00640	0.01738	0.01006	0.02653	0.00823	0.00961	0.00640	0.00549	0.00366	0.00183	0.00457	0.00320	0.00366	0.00640
75	0.01701	0.26689	0.02077	0.04640	0.01736	0.06333	0.04546	0.09009	0.05798	0.11206	0.01253	0.01336	0.00969	0.00566	0.00489	0.00142	0.00615	0.00434	0.00396	0.20063
76	0.06144	0.00977	0.01184	0.01075	0.01310	0.01034	0.04582	0.11625	0.19048	0.05797	0.02415	0.32559	0.02420	0.06027	0.00801	0.00234	0.00479	0.01042	0.00541	0.00707
77	0.00846	0.00631	0.00935	0.00935	0.01036	0.00731	0.00720	0.01046	0.00946	0.01362	0.01598	0.02400	0.01512	0.08152	0.73202	0.00932	0.01534	0.00645	0.00319	0.00520
78	0.01876	0.01471	0.01565	0.01285	0.01692	0.01660	0.01034	0.39802	0.37141	0.03126	0.01893	0.01797	0.01389	0.00754	0.00596	0.00189	0.00563	0.00598	0.00596	0.00972
79	0.01459	0.32947	0.30205	0.01403	0.02030	0.03341	0.05932	0.05755	0.08308	0.01831	0.01119	0.01248	0.00877	0.00568	0.00503	0.00164	0.00740	0.00431	0.00307	0.00833
80	0.00951	0.00793	0.01249	0.01544	0.17802	0.00792	0.04183	0.01144	0.01145	0.01577	0.02319	0.37423	0.03709	0.06093	0.16039	0.00383	0.00713	0.01117	0.00423	0.00601
81	0.52608	0.01091	0.01061	0.00882	0.01283	0.01152	0.00728	0.02174	0.01268	0.30596	0.01399	0.01362	0.00954	0.00619	0.00453	0.00183	0.00475	0.00425	0.00506	0.00780
82	0.00844	0.00601	0.00768	0.00727	0.00869	0.00555	0.00545	0.01117	0.01635	0.02324	0.67915	0.04364	0.08815	0.01196	0.00683	0.00184	0.00280	0.01051	0.04973	0.00555
83	0.01691	0.00963	0.01250	0.01046	0.01333	0.00953	0.04576	0.05668	0.14588	0.27499	0.05476	0.02850	0.01946	0.22496	0.01285	0.00299	0.00542	0.04217	0.00562	0.00760
84	0.00876	0.00653	0.00855	0.00939	0.01090	0.00632	0.00792	0.01113	0.01347	0.01728	0.07058	0.06048	0.21833	0.01753	0.05487	0.00292	0.00534	0.45902	0.00536	0.00533
85	0.01213	0.01149	0.01947	0.57257	0.23861	0.01339	0.01690	0.01595	0.01228	0.01628	0.01068	0.01545	0.00829	0.00573	0.00590	0.00191	0.00765	0.00526	0.00271	0.00734
86	0.01313	0.00754	0.00776	0.00700	0.00899	0.00787	0.00544	0.14623	0.01523	0.02484	0.01836	0.02061	0.01422	0.00693	0.00446	0.00145	0.00344	0.00548	0.67469	0.00635
87	0.06596	0.00829	0.01052	0.05629	0.01307	0.00815	0.00741	0.04222	0.05246	0.19361	0.42904	0.03253	0.03673	0.00981	0.00638	0.00186	0.00396	0.00840	0.00623	0.00707
88	0.05319	0.01196	0.01850	0.56182	0.18061	0.04326	0.01607	0.01616	0.01226	0.01649	0.01047	0.01503	0.00809	0.00577	0.00577	0.00190	0.00766	0.00510	0.00276	0.00713
89	0.01270	0.01218	0.05581	0.32005	0.02589	0.01298	0.03389	0.07985	0.01256	0.01744	0.01039	0.01464	0.00844	0.00793	0.00971	0.08189	0.14202	0.00497	0.00305	0.13360
90	0.01706	0.54137	0.02593	0.01145	0.01588	0.18536	0.01032	0.02052	0.09399	0.01523	0.01017	0.01113	0.00875	0.00561	0.00438	0.00140	0.00709	0.00369	0.00303	0.00762
91	0.14726	0.06512	0.10431	0.01916	0.02460	0.05193	0.42218	0.01847	0.01317	0.01956	0.01187	0.01658	0.00957	0.00579	0.00608	0.00192	0.00853	0.04316	0.00315	0.00759

[dist]
# distance from previous block
# <min> <max>
0	2

[block]
# block no. 4 follows, 39 sequences, length 38
# corresponding to MSA columns:
# 488-525
name=unknown_E
#
# <colnr> <probs for GDERKNQSTAVLIFYWHMCP>
#	G	D	E	R	K	N	Q	S	T	A	V	L	I	F	Y	W	H	M	C	P
0	0.02090	0.01540	0.01662	0.01300	0.01739	0.01699	0.01065	0.60760	0.09683	0.04884	0.06209	0.01698	0.01382	0.00751	0.00599	0.00180	0.00607	0.00581	0.00599	0.00971
1	0.07392	0.01249	0.01431	0.01135	0.01559	0.01291	0.00927	0.26743	0.11932	0.33022	0.01917	0.01781	0.01306	0.00720	0.00571	0.00181	0.00534	0.00564	0.04796	0.00950
2	0.00987	0.00679	0.00813	0.00754	0.00936	0.00635	0.00572	0.05728	0.01615	0.05357	0.43449	0.07876	0.19886	0.01213	0.00668	0.00187	0.00319	0.01046	0.06689	0.00588
3	0.01529	0.01299	0.01370	0.01215	0.01560	0.01498	0.00950	0.08406	0.69101	0.02568	0.02333	0.02148	0.01745	0.00795	0.00601	0.00199	0.00482	0.00658	0.00601	0.00941
4	0.01299	0.01347	0.01097	0.01067	0.01247	0.26219	0.00810	0.01509	0.01552	0.01851	0.29597	0.14223	0.03409	0.01160	0.00668	0.00195	0.00591	0.11067	0.00505	0.00588
5	0.01471	0.01270	0.01337	0.01203	0.01538	0.01471	0.00936	0.03142	0.74459	0.02474	0.02407	0.02206	0.01805	0.00802	0.00602	0.00201	0.00468	0.00669	0.00602	0.00936
6	0.00778	0.00548	0.00716	0.00800	0.00864	0.00515	0.00555	0.00927	0.01250	0.01712	0.19071	0.51788	0.04075	0.06496	0.00876	0.00248	0.00351	0.04951	0.02985	0.00495
7	0.01294	0.01294	0.01811	0.01553	0.01553	0.01811	0.01294	0.01423	0.00906	0.01423	0.00776	0.01294	0.00776	0.01035	0.01941	0.00259	0.78134	0.00518	0.00259	0.00647
8	0.00856	0.00626	0.00939	0.00939	0.01038	0.00725	0.00725	0.01038	0.00939	0.01351	0.01549	0.02290	0.01450	0.04287	0.72217	0.06061	0.01517	0.00626	0.00313	0.00511
9	0.00732	0.00523	0.00700	0.00837	0.00876	0.00491	0.00569	0.00844	0.01144	0.01523	0.03253	0.75166	0.03886	0.01842	0.00758	0.00242	0.00353	0.05229	0.00549	0.00484
10	0.01430	0.03085	0.08255	0.03879	0.01792	0.10165	0.07942	0.07477	0.27549	0.02075	0.01955	0.15879	0.01745	0.00910	0.00662	0.00199	0.02969	0.00777	0.00468	0.00788
11	0.01784	0.36999	0.02264	0.01207	0.01631	0.17914	0.01040	0.12018	0.16104	0.01939	0.01239	0.01289	0.01002	0.00615	0.00485	0.00154	0.00694	0.00430	0.00380	0.00812
12	0.83394	0.01144	0.00869	0.00778	0.01144	0.01327	0.00640	0.01738	0.01006	0.02653	0.00823	0.00961	0.00640	0.00549	0.00366	0.00183	0.00457	0.00320	0.00366	0.00640
13	0.27678	0.01885	0.01402	0.03736	0.01653	0.31736	0.00972	0.11935	0.06213	0.05988	0.01126	0.01219	0.00860	0.00622	0.00498	0.00172	0.00743	0.00416	0.00402	0.00746
14	0.02254	0.00913	0.01227	0.01003	0.01382	0.00809	0.00832	0.02494	0.01599	0.57868	0.02399	0.02670	0.01734	0.00850	0.00606	0.00190	0.00484	0.10279	0.09513	0.00894
15	0.01540	0.01410	0.01474	0.07068	0.06374	0.09545	0.01081	0.08033	0.45076	0.02294	0.02050	0.02304	0.01636	0.00811	0.00610	0.00198	0.00591	0.06526	0.00520	0.00861
16	0.00783	0.00565	0.00733	0.00782	0.00870	0.00526	0.00555	0.00963	0.01362	0.01861	0.32848	0.38222	0.08068	0.05187	0.00837	0.00233	0.00334	0.04181	0.00582	0.00510
17	0.01176	0.01112	0.01881	0.65080	0.16323	0.01330	0.01672	0.01563	0.01211	0.01583	0.01062	0.01557	0.00814	0.00580	0.00590	0.00193	0.00774	0.00526	0.00268	0.00705
18	0.00831	0.00567	0.00671	0.00688	0.00721	0.00550	0.00424	0.00881	0.01025	0.01374	0.11150	0.16403	0.06534	0.50450	0.02216	0.03162	0.00484	0.01030	0.00432	0.00407
19	0.35912	0.01169	0.01151	0.00980	0.01335	0.01290	0.00795	0.17021	0.10549	0.08851	0.11452	0.01937	0.01682	0.00751	0.00520	0.00187	0.00482	0.02651	0.00517	0.00770
20	0.00963	0.00632	0.00793	0.00749	0.00920	0.00567	0.00562	0.01194	0.01557	0.08842	0.47249	0.11265	0.19898	0.01286	0.00694	0.00194	0.00310	0.01120	0.00627	0.00579
21	0.01202	0.01150	0.01995	0.50861	0.21264	0.01310	0.06641	0.01580	0.01235	0.01640	0.01180	0.05171	0.00978	0.00628	0.00605	0.00194	0.00761	0.00592	0.00286	0.00727
22	0.01447	0.01388	0.02370	0.07256	0.72034	0.01401	0.01806	0.01800	0.01339	0.01911	0.01109	0.01469	0.00929	0.00530	0.00586	0.00177	0.00707	0.00527	0.00291	0.00923
23	0.01480	0.01545	0.03279	0.02481	0.08047	0.01450	0.63790	0.01951	0.01411	0.06589	0.01263	0.01612	0.00936	0.00515	0.00684	0.00197	0.00945	0.00679	0.00326	0.00821
24	0.01215	0.08729	0.70739	0.01636	0.02482	0.01445	0.02098	0.01865	0.01245	0.01837	0.01044	0.01226	0.00750	0.00558	0.00548	0.00183	0.00856	0.00428	0.00250	0.00865
25	0.00842	0.00573	0.00682	0.00698	0.00713	0.00580	0.00420	0.00877	0.00901	0.01212	0.01993	0.12277	0.02280	0.62459	0.10567	0.00575	0.00654	0.00930	0.00376	0.00390
26	0.00836	0.00593	0.00796	0.00917	0.00992	0.00577	0.00701	0.01000	0.01200	0.01581	0.03048	0.39445	0.03496	0.10443	0.01035	0.00291	0.00455	0.31576	0.00526	0.00494
27	0.00762	0.00588	0.00695	0.00696	0.00844	0.00522	0.00512	0.00960	0.01454	0.01916	0.35291	0.16597	0.34176	0.01429	0.00707	0.00200	0.00298	0.01239	0.00593	0.00522
28	0.01226	0.01051	0.01226	0.00876	0.01401	0.00788	0.00701	0.01489	0.01226	0.01927	0.01051	0.01226	0.00876	0.00438	0.00438	0.00088	0.00438	0.00350	0.00350	0.82832
29	0.01493	0.00775	0.01018	0.00878	0.01130	0.00709	0.00685	0.04652	0.01685	0.26952	0.42500	0.09005	0.03893	0.01077	0.00663	0.00189	0.00374	0.00934	0.00668	0.00720
30	0.30135	0.00796	0.00796	0.00760	0.00984	0.00827	0.00596	0.01292	0.01347	0.02283	0.31018	0.06570	0.13958	0.01071	0.00590	0.00195	0.00365	0.05321	0.00524	0.00575
31	0.00736	0.00541	0.00690	0.00779	0.00853	0.00495	0.00536	0.00873	0.01249	0.01659	0.15070	0.56517	0.14429	0.01700	0.00738	0.00226	0.00327	0.01522	0.00565	0.00495
32	0.00790	0.00571	0.00739	0.00768	0.00867	0.00529	0.00549	0.00985	0.01417	0.01950	0.40542	0.32033	0.08497	0.04609	0.00814	0.00224	0.00321	0.02682	0.00594	0.00518
33	0.00859	0.00556	0.00730	0.00825	0.00901	0.00510	0.00565	0.00974	0.01187	0.06888	0.03377	0.68346	0.08555	0.01748	0.00739	0.00233	0.00352	0.01574	0.00562	0.00520
34	0.01385	0.01373	0.02105	0.32041	0.42543	0.06960	0.01699	0.01738	0.01308	0.01734	0.01074	0.01478	0.00867	0.00558	0.00584	0.00182	0.00763	0.00516	0.00282	0.00810
35	0.02512	0.00965	0.01297	0.01006	0.01435	0.00840	0.00828	0.02745	0.01651	0.69203	0.02296	0.02030	0.01469	0.00728	0.00578	0.00179	0.00482	0.00591	0.08200	0.00965
36	0.00754	0.00524	0.00688	0.00817	0.00862	0.00493	0.00557	0.00874	0.01148	0.01563	0.03171	0.71156	0.03741	0.01771	0.00736	0.00235	0.00347	0.04408	0.05666	0.00487
37	0.06458	0.01005	0.01384	0.14383	0.08918	0.01120	0.01076	0.11750	0.03560	0.07127	0.01568	0.02197	0.01340	0.02058	0.27681	0.00464	0.00975	0.05824	0.00402	0.00711

[dist]
# distance from previous block
# <min> <max>
1	19

[block]
# block no. 5 follows, 39 sequences, length 14
# corresponding to MSA columns:
# 569-582
name=unknown_F
#
# <colnr> <probs for GDERKNQSTAVLIFYWHMCP>
#	G	D	E	R	K	N	Q	S	T	A	V	L	I	F	Y	W	H	M	C	P
0	0.01097	0.00992	0.06351	0.01114	0.01362	0.00868	0.07844	0.06258	0.09803	0.05250	0.04733	0.40024	0.09200	0.01335	0.00694	0.00216	0.00480	0.01202	0.00524	0.00654
1	0.09482	0.01218	0.01304	0.01147	0.01470	0.01396	0.00907	0.15507	0.41422	0.02529	0.01929	0.01962	0.01489	0.01393	0.13846	0.00325	0.00695	0.00604	0.00527	0.00849
2	0.01568	0.74182	0.03126	0.01114	0.01627	0.02282	0.06015	0.01779	0.01215	0.01426	0.00848	0.00993	0.00768	0.00505	0.00401	0.00132	0.00658	0.00343	0.00256	0.00762
3	0.01314	0.01630	0.13218	0.31367	0.06928	0.08683	0.14070	0.01825	0.06364	0.01733	0.01301	0.01860	0.01053	0.00654	0.00615	0.00196	0.00822	0.05309	0.00315	0.00744
4	0.15488	0.02726	0.63055	0.01528	0.02313	0.01365	0.01916	0.01849	0.01206	0.02009	0.01020	0.01198	0.00730	0.00560	0.00528	0.00187	0.00802	0.00417	0.00270	0.00833
5	0.00990	0.00971	0.00838	0.00847	0.01020	0.13791	0.00627	0.01145	0.01381	0.01616	0.09235	0.21193	0.37585	0.01409	0.00689	0.00203	0.00454	0.04958	0.00514	0.00534
6	0.00858	0.00605	0.00822	0.00822	0.00882	0.00664	0.00579	0.00967	0.00907	0.01269	0.01672	0.02913	0.01726	0.33913	0.44606	0.04155	0.01140	0.00718	0.00331	0.00450
7	0.01672	0.12589	0.27148	0.04657	0.03840	0.08905	0.01504	0.23267	0.05063	0.02323	0.01177	0.01305	0.00883	0.00625	0.00580	0.00175	0.02581	0.00462	0.00375	0.00870
8	0.01320	0.01142	0.01829	0.52255	0.03308	0.01401	0.04738	0.04889	0.01253	0.06853	0.01117	0.01552	0.00849	0.00680	0.00831	0.00206	0.14228	0.00537	0.00312	0.00702
9	0.01076	0.00659	0.00793	0.00746	0.00952	0.00575	0.00563	0.01265	0.01458	0.14710	0.22083	0.15157	0.35038	0.01344	0.00688	0.00199	0.00336	0.01152	0.00606	0.00599
10	0.00900	0.00676	0.00803	0.00804	0.00959	0.00662	0.00602	0.01307	0.11210	0.02028	0.29293	0.19309	0.16444	0.01324	0.00684	0.00203	0.00337	0.05511	0.06361	0.00581
11	0.07325	0.01285	0.01935	0.28880	0.02740	0.01413	0.14464	0.21178	0.01667	0.06261	0.01369	0.06369	0.01089	0.00690	0.00605	0.00193	0.00723	0.00621	0.00409	0.00784
12	0.61156	0.01210	0.01206	0.01019	0.01402	0.01368	0.07776	0.01998	0.13823	0.02548	0.01135	0.01239	0.00868	0.00588	0.00439	0.00188	0.00512	0.00418	0.00400	0.00707
13	0.15961	0.41069	0.05702	0.01029	0.01511	0.06154	0.00968	0.01943	0.01270	0.12327	0.01071	0.01143	0.00847	0.00550	0.00430	0.00146	0.00607	0.00369	0.00351	0.06553

[dist]
# distance from previous block
# <min> <max>
0	14

[block]
# block no. 6 follows, 39 sequences, length 7
# corresponding to MSA columns:
# 597-603
name=unknown_G
#
# <colnr> <probs for GDERKNQSTAVLIFYWHMCP>
#	G	D	E	R	K	N	Q	S	T	A	V	L	I	F	Y	W	H	M	C	P
0	0.00910	0.00699	0.00856	0.00933	0.01043	0.00720	0.00672	0.01379	0.17577	0.01749	0.03057	0.55130	0.03394	0.01598	0.00726	0.00234	0.00389	0.07785	0.00560	0.00588
1	0.00881	0.00659	0.00769	0.00747	0.00943	0.00563	0.00542	0.01053	0.01218	0.01717	0.03213	0.34251	0.19325	0.01297	0.00625	0.00183	0.00345	0.01131	0.11600	0.18940
2	0.00809	0.00635	0.00930	0.18064	0.01578	0.00667	0.00794	0.00977	0.01143	0.01510	0.02765	0.61527	0.03212	0.01570	0.00718	0.00231	0.00443	0.01422	0.00485	0.00520
3	0.01284	0.18755	0.02386	0.41402	0.03141	0.01612	0.14570	0.01633	0.01206	0.01548	0.01007	0.01419	0.00801	0.00587	0.00660	0.00186	0.06321	0.00510	0.00267	0.00705
4	0.01336	0.26445	0.43797	0.01587	0.02310	0.01688	0.11462	0.01844	0.01254	0.01727	0.01006	0.01203	0.00772	0.00536	0.00524	0.00170	0.00816	0.00435	0.00257	0.00828
5	0.20280	0.01069	0.01193	0.00970	0.01335	0.01086	0.00785	0.15567	0.01691	0.29884	0.11655	0.02067	0.01777	0.03573	0.00635	0.00194	0.00483	0.00593	0.04344	0.00819
6	0.01783	0.01379	0.02012	0.10584	0.27799	0.01480	0.04354	0.21544	0.01730	0.12349	0.01328	0.01528	0.00995	0.00657	0.00716	0.00188	0.07699	0.00544	0.00428	0.00902

[dist]
# distance from previous block
# <min> <max>
3	8

[block]
# block no. 7 follows, 39 sequences, length 19
# corresponding to MSA columns:
# 612-630
name=unknown_H
#
# <colnr> <probs for GDERKNQSTAVLIFYWHMCP>
#	G	D	E	R	K	N	Q	S	T	A	V	L	I	F	Y	W	H	M	C	P
0	0.01069	0.00795	0.00929	0.00904	0.01066	0.00809	0.00660	0.14335	0.06240	0.02072	0.11847	0.39120	0.10510	0.05760	0.00828	0.00234	0.00408	0.01242	0.00562	0.00611
1	0.05055	0.01328	0.01293	0.01164	0.01352	0.16086	0.00902	0.11494	0.03646	0.01786	0.01349	0.01931	0.01231	0.11085	0.27158	0.00495	0.11078	0.00568	0.00361	0.00639
2	0.01839	0.01453	0.01545	0.01278	0.01678	0.01643	0.01025	0.36501	0.40501	0.03068	0.01939	0.01834	0.01426	0.00759	0.00597	0.00190	0.00555	0.00604	0.00597	0.00969
3	0.01358	0.01122	0.01705	0.41117	0.13096	0.01208	0.01377	0.03880	0.03845	0.07811	0.01222	0.01544	0.00923	0.00574	0.00561	0.00171	0.00669	0.00502	0.00344	0.16970
4	0.01753	0.27460	0.16893	0.05614	0.02044	0.09473	0.07146	0.06681	0.01460	0.14378	0.01218	0.01319	0.00906	0.00583	0.00519	0.00164	0.00742	0.00451	0.00365	0.00829
5	0.01463	0.02620	0.47935	0.01842	0.07163	0.11829	0.10179	0.02003	0.01359	0.06484	0.01140	0.01325	0.00825	0.00570	0.00577	0.00183	0.00881	0.00475	0.00296	0.00851
6	0.01751	0.00806	0.00979	0.00800	0.01122	0.00714	0.00639	0.02006	0.01422	0.32185	0.01972	0.01991	0.01406	0.00672	0.00491	0.00149	0.00391	0.00541	0.37812	0.12153
7	0.00788	0.00603	0.00850	0.04932	0.05872	0.00584	0.00683	0.00924	0.01157	0.01541	0.03114	0.66984	0.06359	0.01688	0.00733	0.00232	0.00388	0.01530	0.00518	0.00520
8	0.02528	0.01102	0.01418	0.01099	0.01550	0.01024	0.00904	0.11388	0.06531	0.62511	0.02228	0.01954	0.01431	0.00734	0.00595	0.00183	0.00519	0.00592	0.00707	0.01002
