[name]
unknown

[dist]
# distance from previous block
# <min> <max>
4	975

[block]
# block no. 0 follows, 43 sequences, length 23
# corresponding to MSA columns:
# 1161-1183
name=unknown_A
#
# <colnr> <probs for GDERKNQSTAVLIFYWHMCP>
#	G	D	E	R	K	N	Q	S	T	A	V	L	I	F	Y	W	H	M	C	P
0	0.10101	0.00981	0.03265	0.11182	0.14881	0.00951	0.03415	0.03000	0.01252	0.06849	0.07838	0.10746	0.01883	0.00865	0.00578	0.00183	0.00527	0.12460	0.00407	0.08636
1	0.06377	0.01305	0.16340	0.04415	0.03370	0.01004	0.03664	0.04562	0.09165	0.13386	0.09721	0.02021	0.01588	0.01017	0.06038	0.05581	0.00616	0.03471	0.00422	0.05936
2	0.03852	0.10153	0.18994	0.04763	0.01659	0.04395	0.01091	0.04651	0.09774	0.03943	0.04412	0.01759	0.07018	0.02516	0.00579	0.00161	0.02096	0.00504	0.00361	0.17320
3	0.04496	0.07639	0.07108	0.04071	0.01289	0.00835	0.03749	0.01254	0.01171	0.07309	0.09172	0.31362	0.05197	0.01300	0.05571	0.00229	0.00513	0.00947	0.00437	0.06351
4	0.01581	0.23630	0.19233	0.04412	0.06150	0.01427	0.01228	0.04289	0.03393	0.18691	0.01236	0.01307	0.00911	0.00568	0.00536	0.00155	0.03901	0.00426	0.00366	0.06561
5	0.01457	0.10922	0.04842	0.07640	0.19352	0.01106	0.02812	0.01735	0.01278	0.16826	0.04932	0.04735	0.01288	0.00615	0.00509	0.00152	0.00536	0.00529	0.06889	0.11846
6	0.06552	0.18434	0.15691	0.01044	0.01586	0.01210	0.04074	0.01548	0.01141	0.01730	0.00932	0.01095	0.00762	0.00454	0.00426	0.00117	0.00547	0.00348	0.00290	0.42018
7	0.01074	0.06362	0.04603	0.00825	0.01054	0.07285	0.00681	0.01320	0.01486	0.07858	0.47765	0.03468	0.12071	0.01007	0.00606	0.00169	0.00391	0.00855	0.00534	0.00586
8	0.22948	0.03054	0.06120	0.05322	0.08575	0.03003	0.00915	0.02779	0.03646	0.11702	0.07047	0.01474	0.01196	0.00572	0.00467	0.00150	0.00501	0.00444	0.00392	0.19694
9	0.04914	0.10587	0.01502	0.09031	0.01612	0.02575	0.00923	0.17951	0.17202	0.04322	0.01417	0.01718	0.01166	0.09808	0.03973	0.00239	0.05476	0.00522	0.00413	0.04649
10	0.00933	0.00839	0.06942	0.01158	0.11128	0.00679	0.00807	0.01180	0.01341	0.05420	0.34054	0.25721	0.05286	0.01161	0.00641	0.00188	0.00386	0.01038	0.00509	0.00590
11	0.01263	0.01785	0.26389	0.13652	0.25070	0.01295	0.16587	0.01723	0.01229	0.04171	0.01071	0.01364	0.00809	0.00514	0.00564	0.00176	0.00771	0.00501	0.00272	0.00796
12	0.01622	0.51484	0.02510	0.01309	0.07453	0.22220	0.03367	0.01811	0.01259	0.01371	0.00825	0.00974	0.00729	0.00501	0.00418	0.00131	0.00716	0.00339	0.00254	0.00707
13	0.01371	0.01316	0.02248	0.03399	0.77081	0.01316	0.01700	0.01700	0.01261	0.01809	0.01042	0.01371	0.00877	0.00493	0.00548	0.00164	0.00658	0.00493	0.00274	0.00877
14	0.00949	0.00490	0.00735	0.00735	0.00742	0.00498	0.00498	0.00742	0.00735	0.00987	0.01003	0.01722	0.00995	0.02098	0.08114	0.77405	0.00559	0.00490	0.00245	0.00260
15	0.01302	0.01332	0.02140	0.23923	0.31516	0.06676	0.13224	0.01628	0.01202	0.01611	0.00991	0.01377	0.00805	0.00563	0.00701	0.00181	0.09317	0.00508	0.00265	0.00738
16	0.00679	0.00485	0.00646	0.00769	0.00804	0.00452	0.00514	0.00781	0.01078	0.01442	0.05631	0.77516	0.03718	0.01714	0.00705	0.00223	0.00319	0.01554	0.00517	0.00452
17	0.00681	0.00493	0.00644	0.00753	0.00801	0.00456	0.00509	0.00792	0.01108	0.01475	0.08320	0.70120	0.08457	0.01672	0.00700	0.00219	0.00315	0.01509	0.00521	0.00456
18	0.01148	0.00984	0.01148	0.00820	0.01312	0.00738	0.00656	0.01395	0.01148	0.01805	0.00984	0.01148	0.00820	0.00410	0.00410	0.00082	0.00410	0.00328	0.00328	0.83922
19	0.01059	0.01230	0.15029	0.01213	0.01420	0.01151	0.01121	0.01311	0.00952	0.04295	0.01160	0.01650	0.01033	0.02265	0.34866	0.00510	0.28324	0.00521	0.00281	0.00609
20	0.00805	0.00537	0.00604	0.00604	0.00604	0.00537	0.00336	0.00805	0.00805	0.01074	0.01745	0.03624	0.02013	0.80536	0.02819	0.00537	0.00537	0.00805	0.00336	0.00336
21	0.00704	0.00503	0.00676	0.00804	0.00849	0.00475	0.00565	0.00821	0.01089	0.01446	0.03036	0.70325	0.03600	0.01708	0.00715	0.00229	0.00346	0.11138	0.00514	0.00458
22	0.01324	0.01336	0.02638	0.19325	0.10930	0.01349	0.43922	0.04018	0.01298	0.04631	0.01119	0.01480	0.00842	0.00516	0.00643	0.00184	0.02821	0.00588	0.00295	0.00742

[dist]
# distance from previous block
# <min> <max>
0	3

[block]
# block no. 1 follows, 43 sequences, length 23
# corresponding to MSA columns:
# 1187-1209
name=unknown_B
#
# <colnr> <probs for GDERKNQSTAVLIFYWHMCP>
#	G	D	E	R	K	N	Q	S	T	A	V	L	I	F	Y	W	H	M	C	P
0	0.00675	0.00482	0.00643	0.00771	0.00803	0.00450	0.00514	0.00771	0.01060	0.01414	0.03053	0.80175	0.03663	0.01735	0.00707	0.00225	0.00321	0.01574	0.00514	0.00450
1	0.00810	0.00582	0.00783	0.00815	0.00935	0.00555	0.00649	0.01053	0.01417	0.01948	0.44161	0.12358	0.04372	0.01328	0.00697	0.00207	0.00353	0.25901	0.00566	0.00511
2	0.01264	0.01236	0.01964	0.35817	0.42114	0.04901	0.01601	0.01602	0.01210	0.01619	0.01008	0.01399	0.00810	0.00523	0.00548	0.00172	0.00708	0.00486	0.00263	0.00754
3	0.01307	0.01494	0.03268	0.02334	0.02894	0.01401	0.75070	0.01774	0.01307	0.01774	0.01120	0.01494	0.00840	0.00467	0.00654	0.00187	0.00934	0.00654	0.00280	0.00747
4	0.01221	0.01240	0.01852	0.01541	0.01596	0.01667	0.08506	0.01376	0.00894	0.01376	0.00766	0.01240	0.00738	0.00920	0.01703	0.00237	0.71761	0.00501	0.00246	0.00620
5	0.00665	0.00561	0.00576	0.00572	0.00755	0.00472	0.00429	0.00816	0.01288	0.01557	0.11540	0.05231	0.70890	0.01380	0.00654	0.00186	0.00279	0.01155	0.00522	0.00472
6	0.01558	0.58892	0.08857	0.01047	0.01518	0.01940	0.01046	0.05374	0.01229	0.08402	0.00943	0.01042	0.00783	0.00533	0.00476	0.00137	0.04833	0.00349	0.00294	0.00747
7	0.02105	0.01551	0.01662	0.01274	0.01717	0.01717	0.01053	0.75235	0.02604	0.03490	0.01330	0.01330	0.00942	0.00665	0.00554	0.00166	0.00609	0.00499	0.00554	0.00942
8	0.00802	0.00551	0.00676	0.00676	0.00702	0.00576	0.00426	0.00852	0.00827	0.01127	0.01679	0.03257	0.01854	0.61194	0.21944	0.00626	0.00777	0.00752	0.00326	0.00376
9	0.01692	0.52728	0.02423	0.01120	0.01526	0.29574	0.00992	0.01857	0.01285	0.01322	0.00801	0.00928	0.00712	0.00509	0.00407	0.00127	0.00738	0.00318	0.00254	0.00686
10	0.00925	0.00784	0.01120	0.01044	0.01103	0.00996	0.00826	0.01082	0.00870	0.01282	0.01267	0.01995	0.01231	0.09691	0.47701	0.00655	0.26052	0.00577	0.00283	0.00516
11	0.00800	0.00535	0.00606	0.00611	0.00612	0.00533	0.00343	0.00804	0.00816	0.01088	0.01799	0.06789	0.02082	0.77278	0.02732	0.00524	0.00528	0.00837	0.00343	0.00340
12	0.00975	0.00799	0.00871	0.00812	0.01029	0.00828	0.00621	0.01692	0.29628	0.02026	0.24127	0.03666	0.26181	0.01058	0.00612	0.00182	0.00334	0.00898	0.03023	0.00639
13	0.01681	0.05409	0.23410	0.02902	0.01908	0.24802	0.01328	0.19426	0.10115	0.02083	0.01165	0.01252	0.00875	0.00596	0.00523	0.00163	0.00770	0.00436	0.00363	0.00792
14	0.00942	0.00938	0.07371	0.04225	0.03826	0.00853	0.00829	0.01378	0.10720	0.01981	0.40166	0.03288	0.11832	0.01004	0.00733	0.00184	0.07783	0.00837	0.00501	0.00609
15	0.09530	0.32074	0.38099	0.01241	0.01864	0.01645	0.01440	0.05331	0.01201	0.01742	0.00904	0.01045	0.00707	0.00512	0.00445	0.00153	0.00684	0.00360	0.00262	0.00762
16	0.00747	0.00567	0.00705	0.00788	0.00910	0.00525	0.00619	0.00917	0.01210	0.01532	0.03911	0.26745	0.29324	0.01543	0.00710	0.00223	0.00376	0.27659	0.00513	0.00478
17	0.01294	0.01398	0.08477	0.15486	0.55994	0.01303	0.04666	0.01661	0.01230	0.01739	0.01032	0.01376	0.00839	0.00505	0.00552	0.00170	0.00695	0.00493	0.00266	0.00825
18	0.01528	0.05039	0.04456	0.02456	0.32511	0.20947	0.21517	0.01850	0.01344	0.01662	0.01003	0.01284	0.00814	0.00506	0.00556	0.00163	0.00821	0.00492	0.00276	0.00773
19	0.00666	0.00562	0.00577	0.00573	0.00755	0.00473	0.00430	0.00818	0.01290	0.01562	0.12107	0.05221	0.70319	0.01378	0.00654	0.00186	0.00279	0.01154	0.00523	0.00473
20	0.00784	0.00573	0.00740	0.00717	0.00852	0.00529	0.00551	0.01034	0.01513	0.02105	0.63566	0.04445	0.10991	0.01194	0.00664	0.00183	0.00287	0.08161	0.00592	0.00517
21	0.05020	0.01354	0.09333	0.27659	0.13536	0.04417	0.11187	0.01760	0.04905	0.09121	0.01199	0.01525	0.00914	0.03307	0.00657	0.00191	0.02352	0.00515	0.00321	0.00727
22	0.02370	0.01126	0.01399	0.01072	0.01505	0.01086	0.00886	0.24563	0.01892	0.55167	0.01927	0.01718	0.01242	0.00679	0.00556	0.00170	0.00513	0.00539	0.00646	0.00942

[dist]
# distance from previous block
# <min> <max>
0	2

[block]
# block no. 2 follows, 43 sequences, length 32
# corresponding to MSA columns:
# 1212-1243
name=unknown_C
#
# <colnr> <probs for GDERKNQSTAVLIFYWHMCP>
#	G	D	E	R	K	N	Q	S	T	A	V	L	I	F	Y	W	H	M	C	P
0	0.02080	0.02215	0.01456	0.01295	0.01596	0.60054	0.00984	0.02242	0.01548	0.14749	0.01146	0.01218	0.00871	0.00595	0.00503	0.00147	0.00862	0.00401	0.05351	0.00687
1	0.01432	0.01411	0.01307	0.16164	0.07519	0.25232	0.00990	0.05459	0.01377	0.01760	0.05731	0.01625	0.01209	0.00633	0.00534	0.00155	0.03015	0.00487	0.23334	0.00627
2	0.01050	0.01705	0.34844	0.01197	0.01665	0.01031	0.01296	0.01723	0.15316	0.01980	0.22523	0.02633	0.02376	0.00830	0.00591	0.00185	0.00564	0.07348	0.00426	0.00718
3	0.00707	0.00560	0.00636	0.00623	0.00782	0.00489	0.00465	0.00894	0.01377	0.01783	0.34011	0.07688	0.45405	0.01307	0.00656	0.00183	0.00274	0.01117	0.00552	0.00489
4	0.01001	0.00923	0.01537	0.69632	0.03447	0.01135	0.01413	0.01336	0.01102	0.01415	0.01237	0.11082	0.01095	0.00698	0.00572	0.00189	0.00687	0.00624	0.00279	0.00595
5	0.02105	0.01551	0.01662	0.01274	0.01717	0.01717	0.01053	0.75235	0.02604	0.03490	0.01330	0.01330	0.00942	0.00665	0.00554	0.00166	0.00609	0.00499	0.00554	0.00942
6	0.01378	0.59175	0.23695	0.01123	0.01693	0.01940	0.01253	0.01685	0.01138	0.01428	0.00832	0.00967	0.00708	0.00488	0.00403	0.00134	0.00655	0.00328	0.00236	0.00741
7	0.01786	0.01298	0.01436	0.01187	0.01453	0.13150	0.02828	0.10882	0.01528	0.25455	0.13100	0.01864	0.01653	0.00794	0.00855	0.00183	0.18741	0.00574	0.00483	0.00748
8	0.01556	0.59395	0.02622	0.01319	0.10700	0.13532	0.01058	0.01747	0.01209	0.01373	0.00816	0.00964	0.00731	0.00491	0.00401	0.00128	0.00661	0.00329	0.00249	0.00721
9	0.01363	0.01083	0.01241	0.00934	0.01359	0.04633	0.00752	0.01587	0.01192	0.10970	0.01099	0.01237	0.00873	0.00508	0.00575	0.00112	0.08480	0.00373	0.00361	0.61266
10	0.01509	0.11287	0.02124	0.06512	0.43994	0.17922	0.01439	0.01770	0.01281	0.01605	0.00950	0.01229	0.00807	0.00535	0.00580	0.00159	0.04809	0.00440	0.00269	0.00779
11	0.00825	0.00530	0.00618	0.00618	0.00618	0.00530	0.00353	0.00795	0.00795	0.01060	0.01649	0.03387	0.01885	0.70941	0.02739	0.10710	0.00530	0.00766	0.00324	0.00324
12	0.00809	0.00544	0.00653	0.00653	0.00668	0.00559	0.00396	0.00831	0.00815	0.01102	0.01675	0.03327	0.01877	0.65768	0.14451	0.03750	0.00681	0.00760	0.00326	0.00357
13	0.00686	0.00490	0.00652	0.00764	0.00806	0.00457	0.00515	0.00798	0.01110	0.01493	0.10324	0.72676	0.03817	0.01676	0.00702	0.00220	0.00315	0.01518	0.00524	0.00457
14	0.01210	0.01564	0.17379	0.28411	0.02921	0.01326	0.25101	0.03980	0.09164	0.01756	0.01175	0.01478	0.00871	0.00545	0.00581	0.00183	0.00781	0.00542	0.00297	0.00736
15	0.00791	0.00593	0.00890	0.00890	0.00989	0.00692	0.00692	0.00989	0.00890	0.01286	0.01483	0.02176	0.01385	0.04154	0.78341	0.00890	0.01483	0.00593	0.00297	0.00494
16	0.01329	0.01384	0.09530	0.01287	0.01673	0.01353	0.08311	0.02661	0.59369	0.02187	0.02024	0.03379	0.01539	0.00718	0.00571	0.00187	0.00525	0.00624	0.00500	0.00850
17	0.05874	0.66679	0.02615	0.00985	0.01432	0.09609	0.00938	0.01742	0.01173	0.03594	0.00820	0.00929	0.00725	0.00492	0.00375	0.00125	0.00620	0.00310	0.00260	0.00705
18	0.00782	0.00552	0.00608	0.00594	0.00750	0.00496	0.00446	0.00988	0.01337	0.01858	0.27541	0.04201	0.36658	0.01143	0.00593	0.00170	0.00269	0.00966	0.19550	0.00496
19	0.01208	0.01017	0.01477	0.01228	0.01439	0.05122	0.14310	0.11768	0.01204	0.01617	0.01200	0.01728	0.01062	0.03976	0.24608	0.19550	0.06061	0.00551	0.00314	0.00558
20	0.00715	0.00546	0.00657	0.00667	0.00795	0.00488	0.00486	0.00899	0.01351	0.01794	0.36092	0.21374	0.29413	0.01358	0.00666	0.00190	0.00281	0.01186	0.00556	0.00488
21	0.74276	0.01290	0.10195	0.00832	0.01233	0.01248	0.00776	0.01643	0.00970	0.02396	0.00798	0.00933	0.00612	0.00516	0.00365	0.00172	0.00476	0.00313	0.00329	0.00626
22	0.01485	0.05846	0.30237	0.05332	0.01928	0.06895	0.01356	0.07745	0.15183	0.11948	0.05499	0.01592	0.01239	0.00634	0.00537	0.00172	0.00654	0.00503	0.00404	0.00810
23	0.01148	0.00984	0.01148	0.00820	0.01312	0.00738	0.00656	0.01395	0.01148	0.01805	0.00984	0.01148	0.00820	0.00410	0.00410	0.00082	0.00410	0.00328	0.00328	0.83922
24	0.01875	0.06351	0.05577	0.01252	0.01671	0.06922	0.01079	0.52721	0.04196	0.02909	0.01429	0.01777	0.01141	0.00727	0.00558	0.00172	0.00632	0.07660	0.00496	0.00856
25	0.00738	0.00570	0.00678	0.00679	0.00831	0.00511	0.00523	0.00941	0.01385	0.01813	0.34671	0.07046	0.36168	0.01316	0.00669	0.00191	0.00302	0.09922	0.00553	0.00495
26	0.01197	0.34783	0.24876	0.01164	0.01645	0.01497	0.05760	0.01503	0.01104	0.01451	0.01203	0.09164	0.01166	0.10386	0.00761	0.00201	0.00648	0.00541	0.00278	0.00674
27	0.01370	0.10948	0.48066	0.01535	0.02201	0.10769	0.09305	0.01858	0.01253	0.06198	0.01038	0.01195	0.00759	0.00529	0.00520	0.00166	0.00807	0.00425	0.00272	0.00785
28	0.01369	0.44327	0.29437	0.01280	0.01872	0.05762	0.05789	0.01728	0.01175	0.01494	0.00875	0.01030	0.00715	0.00497	0.00441	0.00144	0.00714	0.00361	0.00241	0.00748
29	0.04399	0.01141	0.01284	0.01071	0.01414	0.05678	0.00871	0.23450	0.01771	0.31918	0.01994	0.10289	0.01643	0.00879	0.00587	0.00184	0.00531	0.09511	0.00574	0.00810
30	0.11058	0.00735	0.01003	0.00901	0.01051	0.00774	0.07890	0.01078	0.00970	0.01454	0.01966	0.02976	0.09954	0.28253	0.21485	0.00488	0.02665	0.04472	0.00348	0.00480
31	0.01202	0.01111	0.04979	0.00938	0.01196	0.10250	0.00757	0.06847	0.09588	0.05904	0.25451	0.12431	0.10153	0.00992	0.00598	0.00173	0.00454	0.00839	0.00507	0.05629

[dist]
# distance from previous block
# <min> <max>
0	4

[block]
# block no. 3 follows, 43 sequences, length 33
# corresponding to MSA columns:
# 1248-1280
name=unknown_D
#
# <colnr> <probs for GDERKNQSTAVLIFYWHMCP>
#	G	D	E	R	K	N	Q	S	T	A	V	L	I	F	Y	W	H	M	C	P
0	0.01700	0.01372	0.01531	0.07359	0.03226	0.10908	0.04342	0.17060	0.20348	0.13393	0.01556	0.01619	0.01156	0.00890	0.05362	0.00221	0.06160	0.00533	0.00464	0.00802
1	0.01640	0.09269	0.01763	0.03407	0.18143	0.04467	0.02991	0.16604	0.06346	0.12081	0.03962	0.01479	0.01124	0.00581	0.00515	0.00150	0.00573	0.00482	0.00420	0.14003
2	0.01211	0.00734	0.00908	0.00798	0.01024	0.00689	0.00628	0.08553	0.01608	0.16135	0.40404	0.03740	0.15963	0.01067	0.00631	0.00179	0.00349	0.04150	0.00598	0.00632
3	0.01378	0.01190	0.01252	0.01127	0.01440	0.01378	0.00877	0.02943	0.76081	0.02317	0.02254	0.02066	0.01691	0.00751	0.00564	0.00188	0.00438	0.00626	0.00564	0.00877
4	0.01148	0.00984	0.01148	0.00820	0.01312	0.00738	0.00656	0.01395	0.01148	0.01805	0.00984	0.01148	0.00820	0.00410	0.00410	0.00082	0.00410	0.00328	0.00328	0.83922
5	0.01064	0.00975	0.01271	0.01135	0.01209	0.05548	0.05323	0.01191	0.00961	0.01314	0.01419	0.02693	0.01504	0.26788	0.07818	0.00380	0.28913	0.09670	0.00315	0.00509
6	0.01224	0.05507	0.22089	0.07355	0.02676	0.01365	0.44419	0.01703	0.01231	0.01700	0.01078	0.01412	0.00816	0.00654	0.04092	0.00212	0.00899	0.00560	0.00265	0.00743
7	0.01032	0.00516	0.00516	0.00516	0.00645	0.00516	0.00387	0.01290	0.01161	0.02065	0.01807	0.02065	0.01420	0.00645	0.00387	0.00129	0.00258	0.00516	0.83611	0.00516
8	0.01046	0.00984	0.01661	0.79205	0.03814	0.01230	0.01538	0.01415	0.01107	0.01415	0.00984	0.01477	0.00738	0.00554	0.00554	0.00185	0.00738	0.00492	0.00246	0.00615
9	0.00751	0.00571	0.00799	0.01013	0.07623	0.00541	0.00642	0.00881	0.01102	0.01470	0.02980	0.64647	0.06671	0.01595	0.00694	0.00220	0.00363	0.06451	0.00492	0.00493
10	0.01046	0.00984	0.01661	0.79205	0.03814	0.01230	0.01538	0.01415	0.01107	0.01415	0.00984	0.01477	0.00738	0.00554	0.00554	0.00185	0.00738	0.00492	0.00246	0.00615
11	0.01536	0.73800	0.02792	0.00977	0.01448	0.02149	0.00957	0.08216	0.01257	0.01498	0.00820	0.00928	0.00731	0.00491	0.00373	0.00123	0.00594	0.00314	0.00265	0.00731
12	0.01025	0.00729	0.01035	0.29529	0.01914	0.00813	0.00881	0.03856	0.01179	0.04081	0.01833	0.22739	0.01752	0.00906	0.00545	0.00178	0.00471	0.00792	0.25181	0.00563
13	0.01378	0.01190	0.01252	0.01127	0.01440	0.01378	0.00877	0.02943	0.76081	0.02317	0.02254	0.02066	0.01691	0.00751	0.00564	0.00188	0.00438	0.00626	0.00564	0.00877
14	0.00791	0.00593	0.00890	0.00890	0.00989	0.00692	0.00692	0.00989	0.00890	0.01286	0.01483	0.02176	0.01385	0.04154	0.78341	0.00890	0.01483	0.00593	0.00297	0.00494
15	0.02156	0.01365	0.01675	0.01271	0.01719	0.01424	0.06744	0.47901	0.02199	0.25401	0.01568	0.01508	0.01062	0.00656	0.00563	0.00169	0.00594	0.00528	0.00572	0.00927
16	0.02455	0.00990	0.01315	0.01008	0.01437	0.00884	0.00833	0.08346	0.01664	0.71706	0.02118	0.01842	0.01338	0.00684	0.00557	0.00171	0.00482	0.00552	0.00675	0.00942
17	0.01148	0.00984	0.01148	0.00820	0.01312	0.00738	0.00656	0.01395	0.01148	0.01805	0.00984	0.01148	0.00820	0.00410	0.00410	0.00082	0.00410	0.00328	0.00328	0.83922
18	0.00686	0.00560	0.00606	0.00600	0.00769	0.00480	0.00448	0.00853	0.01328	0.01666	0.22422	0.07408	0.57548	0.01349	0.00656	0.00185	0.00277	0.01142	0.00537	0.00480
19	0.00873	0.00658	0.00971	0.02814	0.06921	0.00731	0.00738	0.01061	0.02657	0.01315	0.01507	0.02403	0.01458	0.13942	0.50323	0.06501	0.01144	0.03177	0.00309	0.00497
20	0.00902	0.00592	0.00778	0.00717	0.00868	0.00543	0.00543	0.01160	0.01569	0.07453	0.71602	0.03980	0.04958	0.01101	0.00647	0.00174	0.00276	0.00971	0.00615	0.00552
21	0.01918	0.19852	0.01890	0.01249	0.01636	0.29521	0.01027	0.28941	0.05198	0.02171	0.01073	0.01143	0.00841	0.00592	0.00490	0.00148	0.00739	0.00407	0.00386	0.00778
22	0.00749	0.00560	0.00695	0.00671	0.00808	0.00506	0.00499	0.00973	0.01469	0.02011	0.56552	0.08978	0.21032	0.01229	0.00657	0.00180	0.00269	0.01073	0.00583	0.00506
23	0.01145	0.01063	0.01756	0.43680	0.20448	0.01199	0.05844	0.01579	0.06377	0.01634	0.01317	0.01674	0.03730	0.00585	0.00553	0.00177	0.00664	0.00538	0.05345	0.00691
24	0.00792	0.00590	0.00873	0.00873	0.00966	0.00683	0.00671	0.00978	0.00885	0.01273	0.01499	0.02264	0.01423	0.08788	0.73759	0.00869	0.01426	0.00606	0.00299	0.00485
25	0.01130	0.00999	0.01326	0.33861	0.02330	0.01169	0.01088	0.01966	0.32099	0.01871	0.09226	0.02247	0.06861	0.00751	0.00574	0.00185	0.00536	0.00644	0.00431	0.00704
26	0.01004	0.00923	0.01542	0.56153	0.08905	0.01087	0.02984	0.01318	0.01115	0.01453	0.01399	0.16962	0.01327	0.00780	0.00586	0.00191	0.00654	0.00709	0.00302	0.00606
27	0.84448	0.01071	0.00814	0.00728	0.01071	0.01242	0.00600	0.01628	0.00943	0.02485	0.00771	0.00900	0.00600	0.00514	0.00343	0.00171	0.00428	0.00300	0.00343	0.00600
28	0.01469	0.08655	0.01737	0.20722	0.14718	0.24392	0.01217	0.01793	0.05276	0.01552	0.01073	0.01427	0.00898	0.00571	0.00511	0.00154	0.00730	0.02999	0.00297	0.09807
29	0.06440	0.01476	0.02521	0.02652	0.36553	0.07340	0.31302	0.01765	0.01284	0.01801	0.01043	0.01363	0.00833	0.00490	0.00575	0.00172	0.00782	0.00536	0.00282	0.00789
30	0.00791	0.00676	0.00862	0.03900	0.10782	0.00619	0.00651	0.00992	0.01325	0.01698	0.20932	0.04403	0.47967	0.01192	0.00637	0.00181	0.00342	0.01018	0.00495	0.00539
31	0.00785	0.00570	0.00732	0.00709	0.00836	0.00529	0.00536	0.01020	0.01472	0.02045	0.60112	0.04387	0.10426	0.06006	0.00795	0.00204	0.00302	0.07451	0.00577	0.00506
32	0.01271	0.01199	0.01277	0.13748	0.04558	0.11125	0.00980	0.02081	0.32765	0.01935	0.12140	0.02547	0.03945	0.00825	0.00586	0.00185	0.00546	0.07112	0.00466	0.00713

[dist]
# distance from previous block
# <min> <max>
0	1

[block]
# block no. 4 follows, 43 sequences, length 27
# corresponding to MSA columns:
# 1282-1308
name=unknown_E
#
# <colnr> <probs for GDERKNQSTAVLIFYWHMCP>
#	G	D	E	R	K	N	Q	S	T	A	V	L	I	F	Y	W	H	M	C	P
0	0.01630	0.01897	0.01710	0.26438	0.14758	0.41201	0.01322	0.01875	0.01372	0.01449	0.00927	0.01212	0.00748	0.00553	0.00525	0.00160	0.00860	0.00422	0.00271	0.00672
1	0.15026	0.03493	0.01881	0.05850	0.46199	0.10893	0.01375	0.03670	0.01281	0.03882	0.01003	0.01252	0.00816	0.00518	0.00504	0.00163	0.00659	0.00442	0.00303	0.00790
2	0.00758	0.00556	0.00711	0.00692	0.00817	0.00509	0.00511	0.00988	0.01478	0.02053	0.60977	0.13098	0.12329	0.01230	0.00660	0.00181	0.00270	0.01085	0.00589	0.00509
3	0.00908	0.00737	0.01114	0.06914	0.07873	0.00723	0.05896	0.01177	0.03463	0.01748	0.18719	0.29715	0.03018	0.01159	0.00637	0.00193	0.00429	0.06544	0.04828	0.04205
4	0.00660	0.00561	0.00569	0.00567	0.00752	0.00470	0.00425	0.00806	0.01276	0.01529	0.08873	0.05275	0.73573	0.01390	0.00654	0.00186	0.00280	0.01161	0.00519	0.00470
5	0.84448	0.01071	0.00814	0.00728	0.01071	0.01242	0.00600	0.01628	0.00943	0.02485	0.00771	0.00900	0.00600	0.00514	0.00343	0.00171	0.00428	0.00300	0.00343	0.00600
6	0.01063	0.01022	0.01804	0.66708	0.03572	0.01223	0.09759	0.01434	0.01119	0.01449	0.01024	0.01513	0.00782	0.00721	0.04398	0.00220	0.00797	0.00515	0.00252	0.00624
7	0.00731	0.00573	0.00674	0.00724	0.00873	0.00516	0.00572	0.00904	0.01255	0.01566	0.07820	0.14763	0.43491	0.01467	0.00692	0.00211	0.00350	0.21819	0.00517	0.00480
8	0.01148	0.00984	0.01148	0.00820	0.01312	0.00738	0.00656	0.01395	0.01148	0.01805	0.00984	0.01148	0.00820	0.00410	0.00410	0.00082	0.00410	0.00328	0.00328	0.83922
9	0.00667	0.00562	0.00578	0.00574	0.00756	0.00473	0.00431	0.00819	0.01292	0.01565	0.12422	0.05216	0.70002	0.01377	0.00654	0.00186	0.00279	0.01153	0.00523	0.00473
10	0.00874	0.00624	0.00871	0.00998	0.01118	0.00621	0.00860	0.01115	0.01256	0.01636	0.02943	0.12645	0.03229	0.01548	0.00760	0.00252	0.00494	0.67142	0.00510	0.00505
11	0.00675	0.00482	0.00643	0.00771	0.00803	0.00450	0.00514	0.00771	0.01060	0.01414	0.03053	0.80175	0.03663	0.01735	0.00707	0.00225	0.00321	0.01574	0.00514	0.00450
12	0.01078	0.01040	0.01786	0.67582	0.03570	0.01278	0.07129	0.01436	0.01103	0.01436	0.00976	0.01458	0.00745	0.00578	0.00655	0.00189	0.06583	0.00504	0.00248	0.00625
13	0.02105	0.01551	0.01662	0.01274	0.01717	0.01717	0.01053	0.75235	0.02604	0.03490	0.01330	0.01330	0.00942	0.00665	0.00554	0.00166	0.00609	0.00499	0.00554	0.00942
14	0.01942	0.01319	0.05287	0.01445	0.10600	0.01275	0.03898	0.28617	0.07778	0.25411	0.01628	0.01597	0.01132	0.00642	0.00549	0.00169	0.00565	0.00528	0.04723	0.00894
15	0.01338	0.01355	0.01979	0.19010	0.39693	0.09721	0.04722	0.01639	0.01229	0.01625	0.01079	0.01585	0.00929	0.00606	0.00669	0.00179	0.07542	0.04075	0.00279	0.00748
16	0.01032	0.00516	0.00516	0.00516	0.00645	0.00516	0.00387	0.01290	0.01161	0.02065	0.01807	0.02065	0.01420	0.00645	0.00387	0.00129	0.00258	0.00516	0.83611	0.00516
17	0.00793	0.00608	0.00799	0.04043	0.00974	0.00599	0.00587	0.01026	0.01439	0.01999	0.56160	0.09971	0.12642	0.01177	0.00711	0.00183	0.04194	0.01018	0.00558	0.00519
18	0.00675	0.00482	0.00643	0.00771	0.00803	0.00450	0.00514	0.00771	0.01060	0.01414	0.03053	0.80175	0.03663	0.01735	0.00707	0.00225	0.00321	0.01574	0.00514	0.00450
19	0.01627	0.01314	0.01607	0.19877	0.15292	0.10861	0.01211	0.05471	0.14860	0.16591	0.01447	0.01566	0.01064	0.00630	0.00604	0.00176	0.04088	0.00512	0.00413	0.00790
20	0.38644	0.17577	0.09099	0.01111	0.01536	0.14343	0.07334	0.01757	0.01138	0.01925	0.00837	0.00992	0.00672	0.00513	0.00416	0.00158	0.00639	0.00350	0.00296	0.00663
21	0.01387	0.01250	0.02073	0.07340	0.62705	0.01237	0.01557	0.01706	0.01258	0.05468	0.01089	0.01382	0.00889	0.00499	0.00537	0.00159	0.00632	0.00482	0.00297	0.08052
22	0.12609	0.06816	0.08129	0.01185	0.01619	0.04196	0.01039	0.38044	0.16203	0.02766	0.01351	0.01360	0.00997	0.00634	0.00511	0.00168	0.00583	0.00471	0.00470	0.00848
23	0.01158	0.10158	0.46876	0.01493	0.04034	0.01294	0.07982	0.01629	0.01164	0.01686	0.04175	0.01322	0.00931	0.00608	0.00633	0.03825	0.03417	0.00446	0.00263	0.06908
24	0.02053	0.07610	0.01557	0.08471	0.01728	0.02575	0.03772	0.07605	0.10550	0.45421	0.01838	0.01716	0.01233	0.00652	0.00543	0.00170	0.00540	0.00534	0.00560	0.00871
25	0.01480	0.07716	0.41816	0.01537	0.02197	0.01265	0.14879	0.01963	0.01284	0.18691	0.01268	0.01368	0.00877	0.00547	0.00544	0.00173	0.00745	0.00478	0.00344	0.00826
26	0.00842	0.00529	0.00710	0.00802	0.00873	0.00490	0.00558	0.00956	0.01116	0.08007	0.02972	0.69803	0.03442	0.01634	0.00697	0.00222	0.00343	0.04979	0.00529	0.00495

[dist]
# distance from previous block
# <min> <max>
0	1

[block]
# block no. 5 follows, 43 sequences, length 40
# corresponding to MSA columns:
# 1311-1349,1351
name=unknown_F
#
# <colnr> <probs for GDERKNQSTAVLIFYWHMCP>
#	G	D	E	R	K	N	Q	S	T	A	V	L	I	F	Y	W	H	M	C	P
0	0.03543	0.01244	0.04765	0.03908	0.32913	0.01147	0.06668	0.06576	0.01436	0.24646	0.03554	0.01586	0.01132	0.00578	0.00551	0.00166	0.00601	0.00525	0.00427	0.04033
1	0.00791	0.00591	0.00823	0.00977	0.03869	0.00589	0.00706	0.00948	0.01129	0.01504	0.02852	0.50551	0.03296	0.01594	0.00760	0.00233	0.03282	0.24521	0.00494	0.00491
2	0.01346	0.01340	0.02433	0.06043	0.59233	0.01330	0.16612	0.01704	0.01265	0.01787	0.01056	0.01400	0.00865	0.00490	0.00570	0.00170	0.00717	0.00526	0.00274	0.00841
3	0.01111	0.02865	0.77667	0.01579	0.02397	0.01286	0.02046	0.01754	0.01169	0.01754	0.00994	0.01169	0.00702	0.00526	0.00526	0.00175	0.00818	0.00409	0.00234	0.00818
4	0.01032	0.00516	0.00516	0.00516	0.00645	0.00516	0.00387	0.01290	0.01161	0.02065	0.01807	0.02065	0.01420	0.00645	0.00387	0.00129	0.00258	0.00516	0.83611	0.00516
5	0.01123	0.00939	0.01101	0.00832	0.01260	0.00740	0.00653	0.04382	0.01197	0.01821	0.01282	0.11961	0.01214	0.00602	0.00457	0.00105	0.00406	0.00506	0.00363	0.69056
6	0.00873	0.00722	0.00979	0.00957	0.01051	0.03703	0.00746	0.01057	0.00919	0.01298	0.01456	0.05289	0.01394	0.03628	0.65202	0.00775	0.08526	0.00615	0.00300	0.00508
7	0.01481	0.80869	0.02902	0.00948	0.01421	0.02191	0.00948	0.01658	0.01125	0.01303	0.00770	0.00888	0.00711	0.00474	0.00355	0.00118	0.00592	0.00296	0.00237	0.00711
8	0.01148	0.00984	0.01148	0.00820	0.01312	0.00738	0.00656	0.01395	0.01148	0.01805	0.00984	0.01148	0.00820	0.00410	0.00410	0.00082	0.00410	0.00328	0.00328	0.83922
9	0.84448	0.01071	0.00814	0.00728	0.01071	0.01242	0.00600	0.01628	0.00943	0.02485	0.00771	0.00900	0.00600	0.00514	0.00343	0.00171	0.00428	0.00300	0.00343	0.00600
10	0.84448	0.01071	0.00814	0.00728	0.01071	0.01242	0.00600	0.01628	0.00943	0.02485	0.00771	0.00900	0.00600	0.00514	0.00343	0.00171	0.00428	0.00300	0.00343	0.00600
11	0.00791	0.00593	0.00890	0.00890	0.00989	0.00692	0.00692	0.00989	0.00890	0.01286	0.01483	0.02176	0.01385	0.04154	0.78341	0.00890	0.01483	0.00593	0.00297	0.00494
12	0.00805	0.00537	0.00604	0.00604	0.00604	0.00537	0.00336	0.00805	0.00805	0.01074	0.01745	0.03624	0.02013	0.80536	0.02819	0.00537	0.00537	0.00805	0.00336	0.00336
13	0.00715	0.00563	0.00644	0.00624	0.00785	0.00493	0.00468	0.00911	0.01404	0.01832	0.38620	0.04777	0.43638	0.01277	0.00654	0.00181	0.00272	0.01091	0.00559	0.00493
14	0.00765	0.00565	0.00714	0.00677	0.00816	0.00514	0.00508	0.01008	0.01523	0.02114	0.66272	0.04313	0.15810	0.01172	0.00653	0.00176	0.00264	0.01026	0.00596	0.00514
15	0.01280	0.01223	0.02083	0.24680	0.56513	0.01292	0.01654	0.01620	0.01218	0.01699	0.01026	0.01400	0.00838	0.00510	0.00550	0.00170	0.00680	0.00493	0.00266	0.00804
16	0.84448	0.01071	0.00814	0.00728	0.01071	0.01242	0.00600	0.01628	0.00943	0.02485	0.00771	0.00900	0.00600	0.00514	0.00343	0.00171	0.00428	0.00300	0.00343	0.00600
17	0.01215	0.00822	0.01037	0.00892	0.01122	0.02399	0.03740	0.05895	0.09494	0.12551	0.46655	0.03190	0.03650	0.00945	0.00611	0.00173	0.00373	0.00825	0.03756	0.00654
18	0.01111	0.02865	0.77667	0.01579	0.02397	0.01286	0.02046	0.01754	0.01169	0.01754	0.00994	0.01169	0.00702	0.00526	0.00526	0.00175	0.00818	0.00409	0.00234	0.00818
19	0.01358	0.01303	0.02225	0.06313	0.74266	0.01313	0.01693	0.01689	0.01255	0.01794	0.01040	0.01375	0.00872	0.00496	0.00548	0.00165	0.00661	0.00493	0.00273	0.00867
20	0.00910	0.00594	0.00781	0.00718	0.00871	0.00544	0.00544	0.01168	0.01569	0.07803	0.71255	0.03970	0.04940	0.01099	0.00646	0.00174	0.00277	0.00969	0.00615	0.00554
21	0.00721	0.00553	0.00660	0.00656	0.00794	0.00492	0.00483	0.00914	0.01384	0.01839	0.40047	0.14980	0.31842	0.01316	0.00661	0.00186	0.00277	0.01143	0.00561	0.00492
22	0.00675	0.00482	0.00643	0.00771	0.00803	0.00450	0.00514	0.00771	0.01060	0.01414	0.03053	0.80175	0.03663	0.01735	0.00707	0.00225	0.00321	0.01574	0.00514	0.00450
23	0.00766	0.00612	0.00704	0.00744	0.00915	0.00562	0.00604	0.01001	0.04120	0.01584	0.04541	0.05528	0.48097	0.01423	0.00690	0.00211	0.00367	0.26520	0.00515	0.00498
24	0.01264	0.01368	0.02565	0.01941	0.02250	0.01533	0.42048	0.01577	0.01102	0.01577	0.00945	0.01368	0.00790	0.00692	0.01174	0.00212	0.36071	0.00578	0.00263	0.00684
25	0.01111	0.02865	0.77667	0.01579	0.02397	0.01286	0.02046	0.01754	0.01169	0.01754	0.00994	0.01169	0.00702	0.00526	0.00526	0.00175	0.00818	0.00409	0.00234	0.00818
26	0.01307	0.01494	0.03268	0.02334	0.02894	0.01401	0.75070	0.01774	0.01307	0.01774	0.01120	0.01494	0.00840	0.00467	0.00654	0.00187	0.00934	0.00654	0.00280	0.00747
27	0.00691	0.00494	0.00662	0.00790	0.00829	0.00464	0.00543	0.00800	0.01077	0.01432	0.03043	0.74576	0.03627	0.01720	0.00711	0.00227	0.00336	0.07010	0.00514	0.00454
28	0.02105	0.01551	0.01662	0.01274	0.01717	0.01717	0.01053	0.75235	0.02604	0.03490	0.01330	0.01330	0.00942	0.00665	0.00554	0.00166	0.00609	0.00499	0.00554	0.00942
29	0.01371	0.01316	0.02248	0.03399	0.77081	0.01316	0.01700	0.01700	0.01261	0.01809	0.01042	0.01371	0.00877	0.00493	0.00548	0.00164	0.00658	0.00493	0.00274	0.00877
30	0.02069	0.02640	0.01569	0.01427	0.01712	0.78313	0.01070	0.02212	0.01569	0.01355	0.00856	0.00999	0.00713	0.00571	0.00499	0.00143	0.00999	0.00357	0.00285	0.00642
31	0.01046	0.00984	0.01661	0.79205	0.03814	0.01230	0.01538	0.01415	0.01107	0.01415	0.00984	0.01477	0.00738	0.00554	0.00554	0.00185	0.00738	0.00492	0.00246	0.00615
32	0.00763	0.00561	0.00715	0.00694	0.00824	0.00513	0.00519	0.00997	0.01484	0.02057	0.60592	0.10096	0.13789	0.01221	0.00660	0.00182	0.00275	0.02960	0.00588	0.00510
33	0.00657	0.00550	0.00572	0.00590	0.00756	0.00465	0.00434	0.00792	0.01235	0.01485	0.05261	0.15563	0.66849	0.01448	0.00662	0.00192	0.00286	0.01224	0.00514	0.00465
34	0.00677	0.00535	0.00610	0.00648	0.00776	0.00468	0.00464	0.00816	0.01230	0.01554	0.13175	0.30465	0.43657	0.01483	0.00672	0.00198	0.00292	0.01286	0.00526	0.00468
35	0.01161	0.13530	0.67444	0.01492	0.02264	0.01410	0.01896	0.01741	0.01163	0.01692	0.00963	0.01131	0.00703	0.00519	0.00503	0.00168	0.00788	0.00394	0.00234	0.00804
36	0.01047	0.04975	0.48490	0.01386	0.03663	0.01125	0.03237	0.01576	0.04301	0.01712	0.03221	0.09879	0.07058	0.00793	0.00570	0.00185	0.00672	0.05058	0.00324	0.00728
37	0.01561	0.70173	0.02720	0.01013	0.01461	0.12599	0.00964	0.01734	0.01186	0.01310	0.00782	0.00904	0.00711	0.00487	0.00375	0.00122	0.00648	0.00304	0.00244	0.00701
38	0.17944	0.12249	0.01458	0.01002	0.01394	0.13880	0.00825	0.11325	0.03569	0.14142	0.01358	0.01381	0.04037	0.00593	0.00461	0.00147	0.00566	0.00425	0.00412	0.12832
39	0.01386	0.12193	0.02337	0.03064	0.66737	0.01436	0.01597	0.01694	0.01243	0.01740	0.01005	0.01305	0.00854	0.00491	0.00522	0.00158	0.00649	0.00466	0.00269	0.00854

[dist]
# distance from previous block
# <min> <max>
0	1

[block]
# block no. 6 follows, 43 sequences, length 23
# corresponding to MSA columns:
# 1353-1375
name=unknown_G
#
# <colnr> <probs for GDERKNQSTAVLIFYWHMCP>
#	G	D	E	R	K	N	Q	S	T	A	V	L	I	F	Y	W	H	M	C	P
0	0.04674	0.01923	0.03881	0.01250	0.01524	0.43469	0.03936	0.01999	0.07299	0.04803	0.01192	0.01459	0.00989	0.06744	0.00735	0.00185	0.04337	0.00454	0.08502	0.00644
1	0.00786	0.00596	0.00735	0.00710	0.00858	0.00546	0.00525	0.01051	0.04428	0.01952	0.46268	0.16896	0.16252	0.01228	0.00647	0.00181	0.00289	0.01078	0.00563	0.04410
2	0.01300	0.00835	0.00891	0.00777	0.01003	0.00874	0.00616	0.23181	0.01633	0.02446	0.07916	0.02389	0.06928	0.00774	0.00490	0.00152	0.00373	0.03196	0.43587	0.00639
3	0.02485	0.00943	0.01285	0.00985	0.01414	0.00814	0.00814	0.02699	0.01585	0.77465	0.02185	0.01885	0.01371	0.00685	0.00557	0.00171	0.00471	0.00557	0.00685	0.00943
4	0.02091	0.01651	0.01618	0.01276	0.01693	0.11582	0.01038	0.59818	0.05157	0.06508	0.01341	0.01339	0.00959	0.00657	0.00547	0.00164	0.00647	0.00488	0.00526	0.00901
5	0.00676	0.00562	0.00590	0.00583	0.00761	0.00476	0.00437	0.00835	0.01312	0.01614	0.17176	0.05136	0.65218	0.01359	0.00654	0.00185	0.00277	0.01142	0.00530	0.00476
6	0.01374	0.01205	0.01353	0.01187	0.01513	0.01379	0.04582	0.02885	0.72347	0.02290	0.02198	0.02038	0.01648	0.00737	0.00568	0.00188	0.00463	0.00628	0.00549	0.00870
7	0.02105	0.01551	0.01662	0.01274	0.01717	0.01717	0.01053	0.75235	0.02604	0.03490	0.01330	0.01330	0.00942	0.00665	0.00554	0.00166	0.00609	0.00499	0.00554	0.00942
8	0.02132	0.01509	0.01636	0.01254	0.01696	0.01654	0.01036	0.70152	0.02533	0.08674	0.01390	0.01369	0.00972	0.00666	0.00554	0.00167	0.00600	0.00503	0.00563	0.00942
9	0.01378	0.01190	0.01252	0.01127	0.01440	0.01378	0.00877	0.02943	0.76081	0.02317	0.02254	0.02066	0.01691	0.00751	0.00564	0.00188	0.00438	0.00626	0.00564	0.00877
10	0.01250	0.01254	0.01655	0.05058	0.01573	0.04579	0.01195	0.01498	0.06851	0.01416	0.00865	0.01284	0.00803	0.00917	0.01609	0.00232	0.66572	0.00491	0.00270	0.00629
11	0.01135	0.08051	0.72695	0.01537	0.02332	0.01346	0.01973	0.01748	0.01166	0.01724	0.00979	0.01151	0.00702	0.00523	0.00515	0.00172	0.00803	0.00402	0.00234	0.00811
12	0.01046	0.00984	0.01661	0.79205	0.03814	0.01230	0.01538	0.01415	0.01107	0.01415	0.00984	0.01477	0.00738	0.00554	0.00554	0.00185	0.00738	0.00492	0.00246	0.00615
13	0.01371	0.01316	0.02248	0.03399	0.77081	0.01316	0.01700	0.01700	0.01261	0.01809	0.01042	0.01371	0.00877	0.00493	0.00548	0.00164	0.00658	0.00493	0.00274	0.00877
14	0.07580	0.01519	0.01606	0.01238	0.01675	0.01686	0.01023	0.70341	0.02493	0.03424	0.01293	0.01301	0.00919	0.00655	0.00540	0.00167	0.00597	0.00485	0.00540	0.00919
15	0.01119	0.01059	0.01793	0.62180	0.20269	0.01250	0.01574	0.01479	0.01142	0.01504	0.00997	0.01453	0.00769	0.00540	0.00552	0.00180	0.00720	0.00492	0.00252	0.00674
16	0.05395	0.00956	0.01037	0.00904	0.01191	0.01027	0.00713	0.07133	0.31237	0.15693	0.01973	0.01930	0.01449	0.00690	0.00497	0.00165	0.00399	0.00556	0.26289	0.00768
17	0.01666	0.01686	0.01310	0.01180	0.01428	0.38091	0.00907	0.07845	0.01450	0.08427	0.04453	0.01598	0.01189	0.01702	0.24168	0.00376	0.01035	0.00486	0.00361	0.00644
18	0.00685	0.00559	0.00605	0.00600	0.00768	0.00479	0.00448	0.00851	0.01324	0.01658	0.21741	0.08017	0.57628	0.01354	0.00656	0.00186	0.00278	0.01147	0.00536	0.00479
19	0.00851	0.00634	0.00765	0.00750	0.00830	0.00659	0.00520	0.03390	0.04287	0.01494	0.12574	0.15869	0.10647	0.31855	0.08190	0.00388	0.04460	0.00944	0.00430	0.00464
20	0.00865	0.00773	0.06837	0.00840	0.01026	0.00614	0.00700	0.01129	0.04451	0.05086	0.14658	0.29306	0.18612	0.01359	0.00669	0.00206	0.00382	0.11429	0.00516	0.00543
21	0.01581	0.01706	0.01974	0.02646	0.49084	0.24508	0.01452	0.01941	0.06596	0.01708	0.01071	0.01307	0.00885	0.00535	0.00535	0.00160	0.00745	0.00462	0.00298	0.00806
22	0.05910	0.01510	0.01860	0.03389	0.29115	0.15952	0.04628	0.03336	0.01243	0.04569	0.00969	0.01256	0.00810	0.00629	0.00826	0.00178	0.19230	0.00459	0.00296	0.03837

[dist]
# distance from previous block
# <min> <max>
0	6

[block]
# block no. 7 follows, 43 sequences, length 38
# corresponding to MSA columns:
# 1382-1419
name=unknown_H
#
# <colnr> <probs for GDERKNQSTAVLIFYWHMCP>
#	G	D	E	R	K	N	Q	S	T	A	V	L	I	F	Y	W	H	M	C	P
0	0.59579	0.01296	0.01020	0.00898	0.01218	0.11363	0.00724	0.03104	0.04254	0.02244	0.00862	0.01001	0.00685	0.00560	0.00476	0.00169	0.05686	0.00338	0.00341	0.04181
1	0.01171	0.01121	0.01928	0.49403	0.29906	0.01267	0.04247	0.01529	0.01169	0.01569	0.01010	0.01439	0.00792	0.00529	0.00555	0.00177	0.00717	0.00498	0.00257	0.00713
2	0.00728	0.00550	0.00674	0.00680	0.00807	0.00495	0.00500	0.00923	0.01376	0.01845	0.40525	0.19256	0.25334	0.01335	0.00666	0.00189	0.00284	0.02777	0.00562	0.00492
3	0.00807	0.00616	0.00920	0.00911	0.01006	0.00730	0.00712	0.01002	0.00889	0.01287	0.01455	0.02140	0.01360	0.04035	0.75495	0.00866	0.04387	0.00589	0.00295	0.00499
4	0.00707	0.00510	0.00676	0.00798	0.00853	0.00479	0.00567	0.00830	0.01104	0.01455	0.03170	0.64933	0.07489	0.01686	0.00713	0.00227	0.00348	0.12481	0.00513	0.00460
5	0.01348	0.01295	0.02199	0.07373	0.70709	0.01324	0.01675	0.01673	0.01239	0.01773	0.01028	0.01371	0.00865	0.00512	0.00590	0.00168	0.03238	0.00493	0.00272	0.00854
6	0.01757	0.01682	0.01653	0.01379	0.01616	0.19998	0.01117	0.29707	0.01690	0.02160	0.00988	0.01206	0.00806	0.00758	0.01021	0.00190	0.30700	0.00459	0.00371	0.00743
7	0.02069	0.02640	0.01569	0.01427	0.01712	0.78313	0.01070	0.02212	0.01569	0.01355	0.00856	0.00999	0.00713	0.00571	0.00499	0.00143	0.00999	0.00357	0.00285	0.00642
8	0.01647	0.01278	0.01378	0.01144	0.01491	0.01424	0.00914	0.37860	0.30211	0.02841	0.08757	0.05222	0.01738	0.00786	0.00573	0.00178	0.00500	0.00639	0.00561	0.00857
9	0.00730	0.00518	0.00614	0.00667	0.00707	0.00491	0.00421	0.00790	0.00976	0.01274	0.02837	0.35450	0.13383	0.36724	0.01638	0.00358	0.00411	0.01175	0.00435	0.00402
10	0.55634	0.01082	0.00963	0.00845	0.01176	0.01222	0.00682	0.09535	0.09399	0.06307	0.02614	0.06209	0.01074	0.00654	0.00429	0.00176	0.00441	0.00463	0.00422	0.00673
11	0.01702	0.39620	0.09728	0.01252	0.06397	0.01781	0.01116	0.20411	0.01561	0.09977	0.01100	0.01164	0.00849	0.00551	0.00456	0.00145	0.00610	0.00399	0.00367	0.00815
12	0.01465	0.77539	0.06094	0.00975	0.01463	0.02153	0.00995	0.01662	0.01127	0.01322	0.00780	0.00900	0.00710	0.00476	0.00363	0.00121	0.00602	0.00301	0.00237	0.00715
13	0.00673	0.00547	0.00596	0.00615	0.00767	0.00471	0.00449	0.00819	0.01260	0.01563	0.13145	0.18812	0.55490	0.01433	0.00664	0.00192	0.00286	0.01224	0.00525	0.00471
14	0.01148	0.00984	0.01148	0.00820	0.01312	0.00738	0.00656	0.01395	0.01148	0.01805	0.00984	0.01148	0.00820	0.00410	0.00410	0.00082	0.00410	0.00328	0.00328	0.83922
15	0.00788	0.00580	0.00624	0.00602	0.00791	0.00496	0.00455	0.00955	0.01320	0.05675	0.15779	0.04827	0.58933	0.01291	0.00637	0.00182	0.00287	0.01083	0.04192	0.00503
16	0.01027	0.00610	0.00779	0.00710	0.00869	0.00561	0.00530	0.01250	0.01454	0.12200	0.51766	0.03686	0.06427	0.09436	0.00852	0.00210	0.00319	0.00896	0.05860	0.00557
17	0.00817	0.00583	0.00665	0.00643	0.00820	0.00505	0.00482	0.00992	0.01350	0.06950	0.24115	0.10533	0.46931	0.01307	0.00651	0.00185	0.00292	0.01113	0.00552	0.00514
18	0.00875	0.00583	0.00730	0.00688	0.00838	0.00529	0.00514	0.01099	0.01460	0.06808	0.52678	0.07346	0.16087	0.03750	0.00712	0.00189	0.00289	0.01002	0.03292	0.00531
19	0.00730	0.00510	0.00648	0.00737	0.00765	0.00490	0.00485	0.00808	0.00996	0.01325	0.02640	0.51425	0.03120	0.26086	0.01364	0.00323	0.00401	0.06269	0.00459	0.00419
20	0.01239	0.01182	0.02011	0.34061	0.47447	0.01281	0.01634	0.01585	0.01199	0.01650	0.01019	0.01414	0.00821	0.00518	0.00550	0.00173	0.00690	0.00493	0.00263	0.00771
21	0.33629	0.00964	0.01057	0.00858	0.01234	0.00958	0.00705	0.02201	0.01313	0.44101	0.01622	0.01521	0.01080	0.00618	0.00465	0.00169	0.00441	0.00456	0.05822	0.00785
22	0.00892	0.00637	0.00892	0.01020	0.01147	0.00637	0.00892	0.01147	0.01275	0.01657	0.02932	0.06247	0.03187	0.01530	0.00765	0.00255	0.00510	0.73354	0.00510	0.00510
23	0.75686	0.09499	0.01035	0.00751	0.01108	0.01343	0.00637	0.01631	0.00962	0.02360	0.00771	0.00898	0.00612	0.00510	0.00344	0.00166	0.00446	0.00299	0.00332	0.00612
24	0.00828	0.00582	0.00747	0.00795	0.00924	0.00555	0.00642	0.01058	0.01329	0.01823	0.24448	0.10813	0.13168	0.01321	0.00674	0.00207	0.00367	0.29898	0.09316	0.00504
25	0.01160	0.02415	0.59327	0.01481	0.02178	0.01221	0.04889	0.01827	0.07455	0.04336	0.07350	0.01524	0.01182	0.00597	0.00546	0.00177	0.00735	0.00491	0.00309	0.00800
26	0.03889	0.01552	0.01626	0.01268	0.01684	0.04220	0.01042	0.66200	0.05126	0.03286	0.01316	0.01332	0.00947	0.00671	0.00588	0.00169	0.03148	0.00494	0.00531	0.00911
27	0.01442	0.72631	0.10798	0.01014	0.01524	0.02096	0.01064	0.01668	0.01130	0.01351	0.00794	0.00918	0.00710	0.00479	0.00373	0.00124	0.00616	0.00308	0.00237	0.00722
28	0.01152	0.01231	0.02563	0.06059	0.02453	0.01171	0.53251	0.01534	0.01259	0.01700	0.03735	0.15761	0.01543	0.00752	0.00661	0.00195	0.00781	0.03190	0.00337	0.00673
29	0.01065	0.02613	0.69532	0.01493	0.02229	0.01198	0.01884	0.01650	0.01158	0.01718	0.01211	0.09513	0.01014	0.00654	0.00545	0.00181	0.00766	0.00532	0.00263	0.00780
30	0.00729	0.00575	0.00614	0.00623	0.00804	0.00491	0.00477	0.00879	0.01262	0.03732	0.05151	0.09226	0.64617	0.01410	0.00664	0.00194	0.00308	0.07240	0.00519	0.00484
31	0.01041	0.00817	0.00865	0.00808	0.00981	0.08764	0.00621	0.01276	0.01523	0.07482	0.52061	0.03898	0.10050	0.01092	0.00639	0.00178	0.00375	0.06403	0.00566	0.00560
