[name]
unknown

[dist]
# distance from previous block
# <min> <max>
0	182

[block]
# block no. 0 follows, 46 sequences, length 28
# corresponding to MSA columns:
# 198-225
name=unknown_A
#
# <colnr> <probs for GDERKNQSTAVLIFYWHMCP>
#	G	D	E	R	K	N	Q	S	T	A	V	L	I	F	Y	W	H	M	C	P
0	0.26708	0.28206	0.06816	0.00956	0.01337	0.01408	0.04165	0.05517	0.01137	0.05209	0.01175	0.05710	0.01077	0.00650	0.00435	0.00158	0.00521	0.07836	0.00334	0.00644
1	0.05453	0.26877	0.03474	0.01050	0.01487	0.01619	0.00931	0.36409	0.01768	0.10039	0.01134	0.01158	0.00845	0.00557	0.00452	0.00141	0.00550	0.00401	0.00419	0.05237
2	0.49507	0.01552	0.01149	0.01012	0.01311	0.27727	0.03439	0.01733	0.01110	0.01924	0.00773	0.00927	0.00624	0.00530	0.00463	0.00158	0.04840	0.00326	0.00301	0.00592
3	0.00842	0.00580	0.00850	0.00835	0.00939	0.00656	0.00642	0.01018	0.00879	0.05294	0.01470	0.02162	0.01364	0.09405	0.69607	0.00789	0.01299	0.00579	0.00306	0.00484
4	0.01413	0.81739	0.02770	0.00905	0.01357	0.02092	0.00905	0.01583	0.01074	0.01244	0.00735	0.00848	0.00678	0.00452	0.00339	0.00113	0.00565	0.00283	0.00226	0.00678
5	0.01064	0.01029	0.01599	0.47693	0.02713	0.01358	0.01340	0.01318	0.00955	0.01318	0.00838	0.01305	0.00700	0.00692	0.01026	0.00199	0.33568	0.00467	0.00233	0.00584
6	0.01203	0.01238	0.01662	0.01414	0.01447	0.05746	0.03634	0.01331	0.00861	0.01287	0.00713	0.01155	0.00697	0.00889	0.01631	0.00224	0.73586	0.00461	0.00235	0.00585
7	0.00626	0.00532	0.00540	0.00546	0.00717	0.00445	0.00406	0.00758	0.01195	0.01424	0.05228	0.09044	0.74035	0.01355	0.00627	0.00180	0.00270	0.01136	0.00491	0.00445
8	0.01452	0.01204	0.01273	0.01104	0.01427	0.01379	0.00870	0.17330	0.62424	0.02433	0.01977	0.01834	0.01473	0.00701	0.00536	0.00175	0.00451	0.00574	0.00536	0.00849
9	0.00642	0.00536	0.00559	0.00553	0.00725	0.00454	0.00415	0.00792	0.01245	0.01524	0.15389	0.04930	0.67815	0.01303	0.00625	0.00177	0.00265	0.01094	0.00504	0.00454
10	0.00769	0.00513	0.00577	0.00577	0.00577	0.00513	0.00320	0.00769	0.00769	0.01025	0.01666	0.03460	0.01922	0.81421	0.02691	0.00513	0.00513	0.00769	0.00320	0.00320
11	0.02010	0.01481	0.01587	0.01216	0.01639	0.01639	0.01005	0.76360	0.02486	0.03332	0.01269	0.01269	0.00899	0.00635	0.00529	0.00159	0.00582	0.00476	0.00529	0.00899
12	0.01096	0.00940	0.01096	0.00783	0.01253	0.00705	0.00626	0.01331	0.01096	0.01723	0.00940	0.01096	0.00783	0.00392	0.00392	0.00078	0.00392	0.00313	0.00313	0.84653
13	0.01367	0.06498	0.35691	0.01614	0.02216	0.07000	0.24167	0.03837	0.01261	0.09718	0.01092	0.01259	0.00784	0.00505	0.00532	0.00165	0.00775	0.00469	0.00294	0.00758
14	0.85155	0.01022	0.00777	0.00695	0.01022	0.01186	0.00573	0.01554	0.00900	0.02372	0.00736	0.00859	0.00573	0.00491	0.00327	0.00164	0.00409	0.00286	0.00327	0.00573
15	0.01046	0.00991	0.01661	0.66529	0.13372	0.01205	0.01475	0.01383	0.01066	0.01397	0.00936	0.01385	0.00722	0.00538	0.00581	0.00176	0.04209	0.00470	0.00238	0.00620
16	0.00644	0.00460	0.00613	0.00736	0.00767	0.00429	0.00491	0.00736	0.01012	0.01350	0.02914	0.81076	0.03497	0.01656	0.00675	0.00215	0.00307	0.01503	0.00491	0.00429
17	0.00756	0.00563	0.00835	0.00835	0.00924	0.00653	0.00642	0.00934	0.00845	0.01216	0.01430	0.02153	0.01354	0.08205	0.75131	0.00831	0.01367	0.00577	0.00285	0.00464
18	0.01248	0.01426	0.03119	0.02228	0.02763	0.01337	0.76203	0.01693	0.01248	0.01693	0.01070	0.01426	0.00802	0.00446	0.00624	0.00178	0.00891	0.00624	0.00267	0.00713
19	0.00673	0.00541	0.00606	0.00621	0.00776	0.00474	0.00477	0.00837	0.01242	0.01552	0.16277	0.08974	0.53313	0.01330	0.00640	0.00187	0.00294	0.10223	0.00505	0.00459
20	0.09488	0.02563	0.70874	0.01425	0.02161	0.01224	0.01815	0.01662	0.01094	0.01744	0.00927	0.01090	0.00660	0.00501	0.00485	0.00167	0.00744	0.00380	0.00234	0.00760
21	0.00778	0.00559	0.00814	0.00814	0.00911	0.00644	0.00632	0.00973	0.00876	0.01302	0.01447	0.02066	0.01325	0.03629	0.71413	0.00777	0.01299	0.00559	0.08709	0.00474
22	0.02137	0.01053	0.08934	0.00964	0.01389	0.00801	0.00864	0.02385	0.01443	0.65060	0.01945	0.01744	0.01248	0.00636	0.00517	0.00161	0.00468	0.00515	0.06880	0.00857
23	0.09200	0.00568	0.00589	0.00581	0.00645	0.00568	0.00360	0.00846	0.00859	0.01231	0.02222	0.03486	0.15164	0.59212	0.02090	0.00419	0.00459	0.00782	0.00351	0.00368
24	0.01347	0.01298	0.02001	0.12980	0.60381	0.06523	0.01534	0.03070	0.01235	0.03151	0.01001	0.01306	0.00820	0.00490	0.00521	0.00158	0.00656	0.00463	0.00272	0.00792
25	0.04199	0.00904	0.01326	0.05128	0.01505	0.00827	0.08313	0.02220	0.01393	0.54661	0.01841	0.01739	0.01213	0.00617	0.00514	0.00160	0.00479	0.00526	0.11632	0.00802
26	0.01785	0.00781	0.01045	0.00858	0.01159	0.00694	0.00685	0.03849	0.01483	0.49831	0.21038	0.10267	0.02435	0.00861	0.00569	0.00169	0.00389	0.00733	0.00617	0.00753
27	0.01427	0.09457	0.02161	0.02223	0.34112	0.09190	0.15364	0.06496	0.06678	0.03431	0.01147	0.01458	0.00941	0.00536	0.00528	0.00159	0.00678	0.02932	0.00313	0.00769

[dist]
# distance from previous block
# <min> <max>
4	31

[block]
# block no. 1 follows, 46 sequences, length 13
# corresponding to MSA columns:
# 258-270
name=unknown_B
#
# <colnr> <probs for GDERKNQSTAVLIFYWHMCP>
#	G	D	E	R	K	N	Q	S	T	A	V	L	I	F	Y	W	H	M	C	P
0	0.08695	0.14463	0.01546	0.01015	0.01399	0.01429	0.00856	0.36771	0.05928	0.12216	0.04473	0.01618	0.06009	0.00662	0.00491	0.00155	0.00506	0.00501	0.00478	0.00788
1	0.00788	0.00901	0.13523	0.00791	0.01029	0.00614	0.00729	0.01086	0.01405	0.01979	0.58134	0.03594	0.11374	0.01011	0.00604	0.00168	0.00339	0.00879	0.00514	0.00540
2	0.19455	0.14266	0.01409	0.00901	0.01301	0.01132	0.00770	0.06782	0.01373	0.45235	0.01531	0.01414	0.01026	0.00586	0.00457	0.00155	0.00469	0.00436	0.00508	0.00795
3	0.00793	0.00538	0.00700	0.00727	0.00837	0.00506	0.00555	0.00999	0.01290	0.03528	0.35981	0.22477	0.06572	0.01251	0.00634	0.00189	0.00312	0.14585	0.07042	0.00487
4	0.01049	0.01276	0.14347	0.57233	0.13078	0.01194	0.01568	0.01439	0.01086	0.01453	0.00948	0.01348	0.00716	0.00517	0.00524	0.00172	0.00707	0.00457	0.00236	0.00652
5	0.71357	0.01041	0.00846	0.00758	0.01080	0.01207	0.00616	0.01761	0.13452	0.02345	0.00969	0.01042	0.00744	0.00528	0.00362	0.00166	0.00411	0.00338	0.00362	0.00616
6	0.04487	0.01543	0.05813	0.03196	0.26926	0.19907	0.02311	0.03849	0.06213	0.17509	0.01310	0.01399	0.02046	0.00562	0.00510	0.00157	0.00656	0.00461	0.00372	0.00774
7	0.01660	0.35138	0.07822	0.01275	0.08711	0.14866	0.01053	0.05887	0.03183	0.14179	0.01075	0.01136	0.00832	0.00523	0.00439	0.00138	0.00632	0.00377	0.00332	0.00742
8	0.01500	0.01052	0.01116	0.00918	0.01218	0.01132	0.00738	0.37892	0.09360	0.04265	0.02024	0.02030	0.11087	0.00730	0.00500	0.00154	0.00434	0.00577	0.22546	0.00727
9	0.01341	0.00699	0.00825	0.00718	0.00939	0.00681	0.00563	0.05870	0.06371	0.20316	0.19322	0.02345	0.02171	0.00740	0.00487	0.00148	0.00326	0.00615	0.34886	0.00637
10	0.01062	0.00608	0.00799	0.00746	0.00919	0.00563	0.00592	0.01302	0.01417	0.14932	0.45590	0.03733	0.03707	0.01028	0.00602	0.00174	0.00322	0.12956	0.08384	0.00564
11	0.01225	0.00640	0.00829	0.00747	0.00926	0.00584	0.00562	0.01395	0.01293	0.24258	0.27265	0.08208	0.06530	0.17193	0.01023	0.00244	0.00381	0.05591	0.00534	0.00573
12	0.00827	0.00557	0.00697	0.00651	0.00800	0.00505	0.00492	0.01055	0.01431	0.06141	0.58292	0.03924	0.16518	0.01078	0.00607	0.00166	0.00263	0.00937	0.04546	0.00512

[dist]
# distance from previous block
# <min> <max>
0	2

[block]
# block no. 2 follows, 46 sequences, length 33
# corresponding to MSA columns:
# 273-305
name=unknown_C
#
# <colnr> <probs for GDERKNQSTAVLIFYWHMCP>
#	G	D	E	R	K	N	Q	S	T	A	V	L	I	F	Y	W	H	M	C	P
0	0.01322	0.01106	0.01189	0.01056	0.01346	0.01267	0.00826	0.10033	0.61142	0.02259	0.05736	0.02005	0.01689	0.00929	0.05459	0.00218	0.00489	0.00601	0.00523	0.00804
1	0.01198	0.01443	0.07153	0.02082	0.02609	0.01275	0.67350	0.01634	0.01238	0.01676	0.01330	0.01637	0.05608	0.00505	0.00617	0.00178	0.00846	0.00642	0.00279	0.00700
2	0.01253	0.01190	0.02019	0.08189	0.68352	0.01203	0.01542	0.01565	0.01212	0.01727	0.05788	0.01480	0.01088	0.00513	0.00530	0.00159	0.00609	0.00501	0.00280	0.00800
3	0.01274	0.01213	0.02065	0.03095	0.73306	0.01219	0.01562	0.01580	0.01182	0.01696	0.01021	0.01356	0.00868	0.00689	0.05442	0.00200	0.00677	0.00477	0.00263	0.00815
4	0.00743	0.00538	0.00689	0.00653	0.00772	0.00497	0.00482	0.00970	0.01435	0.02014	0.69174	0.03980	0.08735	0.06110	0.00753	0.00189	0.00267	0.00953	0.00561	0.00485
5	0.01188	0.01115	0.01756	0.01278	0.01750	0.00970	0.24855	0.01617	0.08835	0.03055	0.01123	0.01302	0.00882	0.00446	0.00483	0.00122	0.00555	0.00445	0.00327	0.47894
6	0.01384	0.75125	0.09126	0.00955	0.01435	0.02019	0.00992	0.01591	0.01078	0.01280	0.00753	0.00870	0.00678	0.00456	0.00353	0.00118	0.00583	0.00292	0.00226	0.00687
7	0.01220	0.01225	0.01799	0.41619	0.33049	0.09098	0.01484	0.01536	0.01160	0.01495	0.00949	0.01323	0.00755	0.00507	0.00521	0.00165	0.00699	0.00457	0.00249	0.00689
8	0.00756	0.00553	0.00704	0.00790	0.00859	0.00544	0.00554	0.04422	0.05206	0.01502	0.02789	0.68884	0.03248	0.01547	0.00664	0.00212	0.00336	0.05462	0.00495	0.00477
9	0.00686	0.00547	0.00620	0.00628	0.00786	0.00482	0.00488	0.00862	0.01275	0.01612	0.22009	0.04944	0.50207	0.01295	0.00639	0.00185	0.00294	0.11463	0.00512	0.00464
10	0.01240	0.51118	0.22431	0.01033	0.01532	0.01671	0.01130	0.01536	0.01137	0.01463	0.10190	0.01296	0.01201	0.00542	0.00417	0.00134	0.00583	0.00393	0.00269	0.00684
11	0.01153	0.00896	0.01050	0.00771	0.01206	0.00685	0.00616	0.01375	0.01141	0.07950	0.01479	0.01557	0.08616	0.00509	0.00426	0.00095	0.00384	0.00412	0.00359	0.69321
12	0.01638	0.25903	0.07317	0.05444	0.04345	0.01622	0.01056	0.29647	0.09076	0.07229	0.01196	0.01243	0.00900	0.00568	0.00470	0.00149	0.00574	0.00426	0.00399	0.00799
13	0.02010	0.01481	0.01587	0.01216	0.01639	0.01639	0.01005	0.76360	0.02486	0.03332	0.01269	0.01269	0.00899	0.00635	0.00529	0.00159	0.00582	0.00476	0.00529	0.00899
14	0.00739	0.00540	0.00694	0.00655	0.00784	0.00495	0.00492	0.00980	0.01475	0.02068	0.72435	0.04034	0.10430	0.01100	0.00624	0.00167	0.00251	0.00968	0.00575	0.00495
15	0.01427	0.01191	0.01259	0.01099	0.01417	0.01367	0.00864	0.14698	0.65097	0.02393	0.02009	0.01859	0.01498	0.00704	0.00536	0.00176	0.00445	0.00578	0.00536	0.00847
16	0.01797	0.02123	0.01533	0.01354	0.01580	0.55013	0.01050	0.08746	0.01437	0.01476	0.00831	0.01027	0.00704	0.00637	0.00759	0.00159	0.18474	0.00380	0.00287	0.00632
17	0.00679	0.00517	0.00624	0.00640	0.00758	0.00463	0.00464	0.00847	0.01269	0.01681	0.33334	0.24778	0.29390	0.01321	0.00638	0.00183	0.00271	0.01155	0.00527	0.00463
18	0.00779	0.00556	0.00710	0.00701	0.00733	0.00606	0.00468	0.00848	0.00798	0.01103	0.01543	0.02900	0.01670	0.51923	0.28786	0.00617	0.03886	0.00688	0.00304	0.00382
19	0.01287	0.01359	0.03726	0.18932	0.23815	0.08444	0.19918	0.03581	0.05952	0.01648	0.01064	0.01384	0.00842	0.01600	0.00602	0.00171	0.02674	0.00504	0.00282	0.02217
20	0.00649	0.00530	0.00574	0.00577	0.00733	0.00454	0.00427	0.00800	0.01241	0.01547	0.18344	0.11738	0.57906	0.01320	0.00629	0.00180	0.00268	0.01122	0.00507	0.00454
21	0.01317	0.01146	0.01181	0.01059	0.01352	0.03276	0.00824	0.05252	0.67888	0.02201	0.04657	0.02078	0.03928	0.00740	0.00541	0.00177	0.00428	0.00614	0.00531	0.00811
22	0.01300	0.24886	0.07293	0.01012	0.03478	0.01221	0.03000	0.01545	0.01121	0.07659	0.00968	0.01098	0.00785	0.00461	0.00452	0.00112	0.03305	0.00345	0.00303	0.39657
23	0.01373	0.01529	0.18015	0.03381	0.26120	0.01289	0.03249	0.15429	0.03470	0.05604	0.01178	0.04526	0.00959	0.00706	0.02646	0.00189	0.08715	0.00508	0.00336	0.00780
24	0.00661	0.00530	0.00592	0.00600	0.00748	0.00461	0.00446	0.00820	0.01250	0.01581	0.21551	0.13379	0.50859	0.01319	0.00633	0.00182	0.00274	0.03145	0.00512	0.00457
25	0.72416	0.00987	0.00825	0.00735	0.01058	0.01114	0.00608	0.01628	0.00977	0.09738	0.00982	0.01234	0.00781	0.00560	0.00369	0.00168	0.00417	0.04434	0.00368	0.00600
26	0.01305	0.00609	0.00727	0.00644	0.00842	0.00569	0.00501	0.01541	0.01289	0.22150	0.16328	0.02303	0.02035	0.00715	0.00461	0.00142	0.00301	0.00591	0.46346	0.00601
27	0.00711	0.00484	0.00625	0.00699	0.00762	0.00456	0.00487	0.00858	0.01131	0.01590	0.18585	0.53766	0.03552	0.01409	0.00630	0.00195	0.00292	0.03085	0.10231	0.00453
28	0.00959	0.00617	0.00842	0.00895	0.01043	0.00594	0.00758	0.01190	0.01282	0.08719	0.14761	0.07246	0.06723	0.01326	0.00689	0.00220	0.00431	0.50666	0.00518	0.00523
29	0.01282	0.01102	0.01167	0.01059	0.01345	0.01271	0.00820	0.02707	0.73426	0.02169	0.02189	0.05860	0.01706	0.00763	0.00545	0.00181	0.00413	0.00642	0.00536	0.00817
30	0.85155	0.01022	0.00777	0.00695	0.01022	0.01186	0.00573	0.01554	0.00900	0.02372	0.00736	0.00859	0.00573	0.00491	0.00327	0.00164	0.00409	0.00286	0.00327	0.00573
31	0.00835	0.00611	0.00789	0.00844	0.00953	0.00611	0.00645	0.01107	0.07781	0.03493	0.06914	0.40844	0.05514	0.01397	0.00693	0.00211	0.02732	0.20652	0.00490	0.02884
32	0.03877	0.04843	0.01287	0.01026	0.01303	0.00942	0.08350	0.07186	0.08017	0.05963	0.01781	0.02360	0.06358	0.01721	0.24123	0.00369	0.00781	0.09127	0.00383	0.10201

[dist]
# distance from previous block
# <min> <max>
0	19

[block]
# block no. 3 follows, 46 sequences, length 69
# corresponding to MSA columns:
# 325-339,351-404
name=unknown_D
#
# <colnr> <probs for GDERKNQSTAVLIFYWHMCP>
#	G	D	E	R	K	N	Q	S	T	A	V	L	I	F	Y	W	H	M	C	P
0	0.06286	0.00919	0.01189	0.00916	0.01323	0.00808	0.00752	0.02395	0.04152	0.63378	0.01893	0.01680	0.01224	0.00619	0.00506	0.00155	0.00440	0.00497	0.00596	0.10272
1	0.01413	0.81739	0.02770	0.00905	0.01357	0.02092	0.00905	0.01583	0.01074	0.01244	0.00735	0.00848	0.00678	0.00452	0.00339	0.00113	0.00565	0.00283	0.00226	0.00678
2	0.08005	0.00864	0.00948	0.00788	0.01061	0.00889	0.00633	0.20089	0.01536	0.18193	0.05376	0.01774	0.01352	0.00642	0.00452	0.00146	0.00384	0.00504	0.35681	0.00684
3	0.01147	0.01079	0.01795	0.26370	0.43188	0.01170	0.01432	0.01455	0.01169	0.01630	0.09062	0.01610	0.01227	0.00577	0.00599	0.00168	0.04803	0.00521	0.00286	0.00712
4	0.02026	0.01042	0.01399	0.01090	0.01486	0.01009	0.06625	0.11006	0.14995	0.48988	0.03348	0.01781	0.01346	0.00655	0.00541	0.00167	0.00490	0.00552	0.00588	0.00867
5	0.01167	0.01114	0.02211	0.01672	0.02052	0.01055	0.45971	0.03170	0.01259	0.05720	0.07398	0.07703	0.01642	0.03566	0.03479	0.00221	0.00733	0.08863	0.00360	0.00644
6	0.00944	0.00585	0.00765	0.00695	0.00856	0.00531	0.00530	0.01184	0.01488	0.11519	0.65938	0.03724	0.07107	0.01037	0.00612	0.00166	0.00275	0.00909	0.00588	0.00546
7	0.01307	0.05769	0.06125	0.01681	0.02136	0.05335	0.40712	0.07638	0.13606	0.01839	0.01553	0.01714	0.06868	0.00581	0.00574	0.00171	0.00723	0.00602	0.00345	0.00723
8	0.01003	0.01078	0.07531	0.74085	0.03537	0.01179	0.01506	0.01376	0.01062	0.01376	0.00940	0.01387	0.00702	0.00527	0.00527	0.00176	0.00711	0.00464	0.00234	0.00602
9	0.01199	0.00614	0.00818	0.00804	0.00970	0.00553	0.00602	0.01341	0.01198	0.25497	0.02818	0.45176	0.08016	0.01306	0.00631	0.00198	0.00363	0.06772	0.00542	0.00582
10	0.00998	0.00940	0.01586	0.80150	0.03641	0.01175	0.01468	0.01351	0.01057	0.01351	0.00940	0.01409	0.00705	0.00529	0.00529	0.00176	0.00705	0.00470	0.00235	0.00587
11	0.00825	0.00851	0.09173	0.07065	0.01333	0.00774	0.03548	0.01067	0.00902	0.01287	0.01335	0.01997	0.01228	0.08602	0.56779	0.00678	0.01213	0.00557	0.00275	0.00512
12	0.01053	0.02409	0.64588	0.01615	0.10160	0.01170	0.01799	0.01598	0.01132	0.01661	0.01293	0.01443	0.06644	0.00563	0.00514	0.00167	0.00726	0.00455	0.00248	0.00761
13	0.02360	0.00919	0.01239	0.00950	0.01359	0.00805	0.00784	0.04969	0.01545	0.76052	0.02059	0.01782	0.01295	0.00654	0.00532	0.00163	0.00454	0.00530	0.00650	0.00900
14	0.12421	0.01387	0.01328	0.01143	0.01346	0.18765	0.00920	0.09046	0.01251	0.08917	0.01407	0.01558	0.08892	0.00773	0.00919	0.00182	0.28274	0.00489	0.00350	0.00634
15	0.01203	0.14944	0.48921	0.01597	0.06902	0.05591	0.10398	0.01682	0.01151	0.01591	0.00925	0.01113	0.00698	0.00488	0.00491	0.00158	0.00760	0.00403	0.00234	0.00751
16	0.00787	0.00511	0.00620	0.00620	0.00630	0.00521	0.00374	0.00777	0.00767	0.01032	0.01542	0.03073	0.01728	0.62894	0.10687	0.11500	0.00601	0.00707	0.00305	0.00324
17	0.01214	0.01780	0.31452	0.07929	0.17238	0.01223	0.12402	0.04369	0.07530	0.03966	0.01210	0.01558	0.00947	0.00564	0.00542	0.00172	0.00700	0.04140	0.00300	0.00765
18	0.01203	0.01008	0.00953	0.00879	0.00989	0.16089	0.00627	0.01288	0.01010	0.09299	0.01458	0.04377	0.01469	0.37891	0.11980	0.00415	0.07618	0.00625	0.00338	0.00484
19	0.01358	0.18015	0.02286	0.02466	0.47722	0.05280	0.08258	0.01704	0.04953	0.01626	0.00996	0.01239	0.00832	0.00481	0.00493	0.00150	0.00645	0.00446	0.00269	0.00782
20	0.01072	0.01054	0.00948	0.00913	0.01029	0.20818	0.00668	0.01200	0.00996	0.01194	0.01325	0.02135	0.01307	0.22487	0.39883	0.00582	0.01071	0.00559	0.00290	0.00470
21	0.85155	0.01022	0.00777	0.00695	0.01022	0.01186	0.00573	0.01554	0.00900	0.02372	0.00736	0.00859	0.00573	0.00491	0.00327	0.00164	0.00409	0.00286	0.00327	0.00573
22	0.00746	0.00563	0.00818	0.00818	0.00917	0.00641	0.00632	0.00925	0.00875	0.01238	0.01726	0.02344	0.07243	0.05723	0.71317	0.00789	0.01305	0.00614	0.00300	0.00466
23	0.01634	0.11848	0.08123	0.01431	0.15469	0.03448	0.01061	0.10970	0.05141	0.20700	0.01301	0.01337	0.00951	0.00538	0.00479	0.00142	0.00545	0.00433	0.00405	0.14046
24	0.00773	0.00575	0.00660	0.00672	0.00833	0.00529	0.00533	0.01007	0.03927	0.02758	0.14974	0.04690	0.40467	0.01234	0.00622	0.00186	0.00319	0.17118	0.07636	0.00487
25	0.01096	0.00940	0.01096	0.00783	0.01253	0.00705	0.00626	0.01331	0.01096	0.01723	0.00940	0.01096	0.00783	0.00392	0.00392	0.00078	0.00392	0.00313	0.00313	0.84653
26	0.00898	0.00568	0.00683	0.00629	0.00792	0.00517	0.00478	0.01131	0.01349	0.06005	0.43230	0.03314	0.11356	0.00934	0.00543	0.00152	0.00269	0.00801	0.21420	0.04931
27	0.08576	0.07349	0.01540	0.02577	0.01422	0.01430	0.00984	0.14186	0.01265	0.17219	0.01093	0.01276	0.00851	0.00793	0.02350	0.00200	0.35359	0.00452	0.00375	0.00702
28	0.00925	0.00684	0.00865	0.00767	0.00931	0.00674	0.02158	0.10128	0.03251	0.02175	0.59407	0.03490	0.04094	0.07201	0.00770	0.00193	0.00327	0.00869	0.00548	0.00545
29	0.00644	0.00460	0.00613	0.00736	0.00767	0.00429	0.00491	0.00736	0.01012	0.01350	0.02914	0.81076	0.03497	0.01656	0.00675	0.00215	0.00307	0.01503	0.00491	0.00429
30	0.02365	0.00911	0.01234	0.00946	0.01355	0.00794	0.00781	0.04018	0.01532	0.77021	0.02070	0.01789	0.01301	0.00654	0.00532	0.00163	0.00452	0.00531	0.00652	0.00900
31	0.01230	0.01176	0.01984	0.22166	0.53349	0.01241	0.03687	0.01621	0.05267	0.01659	0.01045	0.01373	0.00845	0.00498	0.00528	0.00164	0.00643	0.00482	0.00270	0.00772
32	0.01031	0.00973	0.01645	0.72044	0.11492	0.01183	0.01484	0.01379	0.01073	0.01390	0.00945	0.01399	0.00719	0.00522	0.00528	0.00174	0.00697	0.00470	0.00238	0.00614
33	0.00732	0.00549	0.00656	0.00674	0.00815	0.00495	0.00521	0.00910	0.01260	0.02914	0.22956	0.11575	0.36137	0.03107	0.00693	0.00198	0.00315	0.14512	0.00512	0.00470
34	0.09979	0.00911	0.01186	0.00918	0.01319	0.00815	0.00758	0.02482	0.01457	0.71495	0.01962	0.01713	0.01241	0.00639	0.00513	0.00164	0.00446	0.00509	0.00624	0.00870
35	0.01413	0.81739	0.02770	0.00905	0.01357	0.02092	0.00905	0.01583	0.01074	0.01244	0.00735	0.00848	0.00678	0.00452	0.00339	0.00113	0.00565	0.00283	0.00226	0.00678
36	0.00777	0.00651	0.00879	0.01100	0.14869	0.00600	0.00663	0.00955	0.01214	0.01591	0.17229	0.21583	0.33502	0.01206	0.00617	0.00181	0.00339	0.01058	0.00466	0.00523
37	0.01943	0.00928	0.01079	0.00868	0.01195	0.04651	0.00702	0.09562	0.01501	0.46586	0.01844	0.01751	0.01249	0.00637	0.00485	0.00151	0.00433	0.00506	0.23153	0.00776
38	0.01248	0.01426	0.03119	0.02228	0.02763	0.01337	0.76203	0.01693	0.01248	0.01693	0.01070	0.01426	0.00802	0.00446	0.00624	0.00178	0.00891	0.00624	0.00267	0.00713
39	0.00728	0.00528	0.00686	0.00671	0.00784	0.00486	0.00494	0.00949	0.01411	0.01976	0.63701	0.15914	0.07330	0.01179	0.00631	0.00174	0.00259	0.01046	0.00565	0.00486
40	0.01068	0.01058	0.01052	0.04875	0.01229	0.18762	0.00782	0.01234	0.01000	0.01235	0.01239	0.01847	0.01160	0.08834	0.47611	0.00596	0.05115	0.00520	0.00279	0.00504
41	0.01315	0.01136	0.01195	0.01076	0.01375	0.01315	0.00837	0.02809	0.77168	0.02211	0.02152	0.01972	0.01614	0.00717	0.00538	0.00179	0.00418	0.00598	0.00538	0.00837
42	0.01248	0.01426	0.03119	0.02228	0.02763	0.01337	0.76203	0.01693	0.01248	0.01693	0.01070	0.01426	0.00802	0.00446	0.00624	0.00178	0.00891	0.00624	0.00267	0.00713
43	0.01287	0.01271	0.05611	0.11696	0.09446	0.01418	0.10703	0.08463	0.08875	0.03900	0.01056	0.01347	0.00852	0.00693	0.00994	0.00193	0.30689	0.00498	0.00309	0.00697
44	0.02354	0.00928	0.01245	0.00954	0.01364	0.00819	0.00788	0.06208	0.01561	0.74791	0.02045	0.01773	0.01288	0.00653	0.00531	0.00163	0.00456	0.00529	0.00648	0.00900
45	0.12413	0.01555	0.09611	0.01181	0.01630	0.01539	0.01050	0.59038	0.02141	0.03036	0.01168	0.01201	0.00834	0.00602	0.00501	0.00160	0.00581	0.00443	0.00471	0.00845
46	0.00917	0.00675	0.00919	0.07048	0.01266	0.00701	0.00837	0.06930	0.01257	0.01647	0.02522	0.17455	0.02737	0.03656	0.00746	0.00235	0.00482	0.48990	0.00467	0.00513
47	0.00998	0.00940	0.01586	0.80150	0.03641	0.01175	0.01468	0.01351	0.01057	0.01351	0.00940	0.01409	0.00705	0.00529	0.00529	0.00176	0.00705	0.00470	0.00235	0.00587
48	0.01660	0.00826	0.01052	0.00821	0.01186	0.00688	0.00663	0.01868	0.01368	0.41467	0.10197	0.02265	0.11242	0.00720	0.00518	0.00144	0.00391	0.00595	0.00541	0.21788
49	0.00679	0.00475	0.00603	0.00692	0.00714	0.00452	0.00444	0.00745	0.00945	0.01260	0.02569	0.59619	0.03061	0.23707	0.01232	0.00297	0.00364	0.01300	0.00444	0.00399
50	0.35840	0.00994	0.01073	0.00863	0.01240	0.01009	0.00712	0.07853	0.01340	0.41895	0.01477	0.01378	0.00979	0.00587	0.00449	0.00163	0.00443	0.00428	0.00512	0.00767
51	0.01001	0.00588	0.00707	0.00654	0.00812	0.00565	0.00498	0.01312	0.05442	0.08777	0.41608	0.02991	0.03266	0.00868	0.00526	0.00152	0.00275	0.00744	0.28664	0.00550
52	0.00761	0.00601	0.00695	0.00670	0.00833	0.00565	0.00512	0.01089	0.08872	0.01831	0.38233	0.04299	0.33119	0.01165	0.00621	0.00176	0.00285	0.04624	0.00537	0.00511
53	0.06446	0.00845	0.00970	0.00892	0.01137	0.00889	0.00711	0.01985	0.27714	0.16195	0.07979	0.06796	0.02043	0.00872	0.00547	0.00179	0.00395	0.12084	0.10632	0.00689
54	0.00753	0.00566	0.00711	0.00782	0.00899	0.00540	0.00617	0.00968	0.03732	0.01519	0.07264	0.23457	0.21767	0.04026	0.00742	0.00223	0.00375	0.30097	0.00490	0.00470
55	0.00658	0.00474	0.00601	0.00696	0.00737	0.00442	0.00460	0.00743	0.01000	0.01315	0.02992	0.63463	0.10642	0.12011	0.00932	0.00250	0.00330	0.01369	0.00469	0.00417
56	0.00849	0.00571	0.00672	0.00649	0.00807	0.00508	0.00489	0.01010	0.01252	0.08643	0.21946	0.06974	0.36907	0.09675	0.00844	0.00216	0.00324	0.06664	0.00510	0.00490
57	0.41987	0.01110	0.01105	0.00895	0.01268	0.01198	0.00738	0.21337	0.01473	0.22368	0.01225	0.01210	0.00849	0.00571	0.00433	0.00162	0.00465	0.00399	0.00465	0.00743
58	0.00808	0.00557	0.00704	0.00658	0.00805	0.00504	0.00497	0.01037	0.01450	0.05785	0.62275	0.04028	0.16699	0.01102	0.00619	0.00168	0.00262	0.00961	0.00571	0.00510
59	0.01413	0.81739	0.02770	0.00905	0.01357	0.02092	0.00905	0.01583	0.01074	0.01244	0.00735	0.00848	0.00678	0.00452	0.00339	0.00113	0.00565	0.00283	0.00226	0.00678
60	0.01298	0.55902	0.27596	0.01102	0.01661	0.01809	0.01248	0.01613	0.01088	0.01385	0.00805	0.00936	0.00676	0.00469	0.00393	0.00131	0.00636	0.00318	0.00225	0.00712
61	0.01051	0.02669	0.76346	0.01482	0.02243	0.01206	0.01910	0.01654	0.01128	0.01688	0.03253	0.01201	0.00799	0.00520	0.00506	0.00167	0.00765	0.00408	0.00234	0.00773
62	0.01292	0.09654	0.02031	0.05397	0.54779	0.01265	0.02914	0.01612	0.03645	0.04243	0.01189	0.07456	0.01061	0.00576	0.00519	0.00159	0.00592	0.00540	0.00297	0.00780
63	0.85155	0.01022	0.00777	0.00695	0.01022	0.01186	0.00573	0.01554	0.00900	0.02372	0.00736	0.00859	0.00573	0.00491	0.00327	0.00164	0.00409	0.00286	0.00327	0.00573
64	0.01200	0.00941	0.01095	0.00797	0.01243	0.00745	0.00639	0.05248	0.01189	0.05616	0.01056	0.01187	0.00846	0.00429	0.00404	0.00089	0.00396	0.00342	0.04875	0.71660
65	0.01234	0.01314	0.02657	0.02106	0.10425	0.01259	0.55533	0.03824	0.05038	0.01809	0.08156	0.01667	0.01232	0.00525	0.00606	0.00174	0.00773	0.00633	0.00316	0.00718
66	0.00712	0.00525	0.00670	0.00717	0.00802	0.00498	0.00506	0.00930	0.04957	0.01662	0.28784	0.46265	0.08201	0.01394	0.00647	0.00194	0.00290	0.01248	0.00524	0.00474
67	0.00767	0.00527	0.00699	0.00718	0.00760	0.00557	0.00495	0.00837	0.00838	0.01149	0.01703	0.10865	0.01848	0.35772	0.29492	0.07074	0.00806	0.04380	0.00326	0.00386
68	0.01252	0.01198	0.02044	0.17282	0.64528	0.01241	0.01594	0.01573	0.01177	0.01658	0.00984	0.01327	0.00813	0.00482	0.00524	0.00161	0.00642	0.00471	0.00257	0.00792

[dist]
# distance from previous block
# <min> <max>
0	2

[block]
# block no. 4 follows, 46 sequences, length 11
# corresponding to MSA columns:
# 407-417
name=unknown_E
#
# <colnr> <probs for GDERKNQSTAVLIFYWHMCP>
#	G	D	E	R	K	N	Q	S	T	A	V	L	I	F	Y	W	H	M	C	P
0	0.00718	0.00564	0.00653	0.00626	0.00782	0.00511	0.00471	0.00971	0.04620	0.01821	0.42820	0.04363	0.36804	0.01178	0.00620	0.00172	0.00265	0.01011	0.00540	0.00490
1	0.01413	0.81739	0.02770	0.00905	0.01357	0.02092	0.00905	0.01583	0.01074	0.01244	0.00735	0.00848	0.00678	0.00452	0.00339	0.00113	0.00565	0.00283	0.00226	0.00678
2	0.01081	0.00877	0.01012	0.00742	0.01164	0.00675	0.00590	0.01317	0.01098	0.01757	0.01049	0.01219	0.00863	0.00423	0.00388	0.00085	0.00371	0.00338	0.12069	0.72880
3	0.02351	0.00934	0.01248	0.00957	0.01367	0.00828	0.00790	0.06905	0.01570	0.74080	0.02038	0.01768	0.01285	0.00653	0.00531	0.00163	0.00458	0.00528	0.00647	0.00900
4	0.85155	0.01022	0.00777	0.00695	0.01022	0.01186	0.00573	0.01554	0.00900	0.02372	0.00736	0.00859	0.00573	0.00491	0.00327	0.00164	0.00409	0.00286	0.00327	0.00573
5	0.01279	0.01370	0.01532	0.01341	0.01395	0.16240	0.01089	0.01397	0.00953	0.01281	0.00859	0.06221	0.00870	0.00900	0.01429	0.00212	0.60295	0.00506	0.00256	0.00575
6	0.00816	0.00551	0.00686	0.00677	0.00727	0.00597	0.00465	0.00920	0.00853	0.01257	0.01562	0.02696	0.01595	0.40954	0.25668	0.00539	0.03838	0.00648	0.14546	0.00406
7	0.00863	0.00530	0.00751	0.07352	0.00983	0.00538	0.00564	0.00848	0.00876	0.03292	0.01731	0.23691	0.01903	0.14117	0.01531	0.33750	0.00448	0.05525	0.00343	0.00363
8	0.38066	0.01033	0.01008	0.00790	0.01193	0.01015	0.00643	0.09352	0.01157	0.02177	0.00885	0.01010	0.00703	0.00461	0.00378	0.00124	0.00419	0.00319	0.00342	0.38926
9	0.00759	0.00553	0.00782	0.00782	0.00853	0.00624	0.00577	0.00901	0.00830	0.01177	0.01478	0.02418	0.01470	0.23103	0.60391	0.00766	0.01193	0.00616	0.00292	0.00435
10	0.01151	0.01047	0.01712	0.07765	0.53550	0.01063	0.01284	0.01389	0.01084	0.01525	0.01160	0.01857	0.01102	0.20877	0.01070	0.00248	0.00604	0.00546	0.00275	0.00690

[dist]
# distance from previous block
# <min> <max>
0	1

[block]
# block no. 5 follows, 46 sequences, length 20
# corresponding to MSA columns:
# 419-438
name=unknown_F
#
# <colnr> <probs for GDERKNQSTAVLIFYWHMCP>
#	G	D	E	R	K	N	Q	S	T	A	V	L	I	F	Y	W	H	M	C	P
0	0.13975	0.00917	0.01164	0.00906	0.01304	0.00834	0.00748	0.02433	0.01427	0.67821	0.01896	0.01668	0.01205	0.00631	0.00503	0.00164	0.00444	0.00497	0.00608	0.00854
1	0.01426	0.01040	0.01153	0.01014	0.01314	0.01150	0.00794	0.02596	0.57844	0.14242	0.09526	0.02138	0.01895	0.00743	0.00545	0.00176	0.00407	0.00622	0.00561	0.00814
2	0.02232	0.01124	0.01366	0.01047	0.01462	0.01111	0.00865	0.31116	0.01889	0.49419	0.01770	0.01594	0.01150	0.00647	0.00531	0.00162	0.00501	0.00510	0.00606	0.00899
3	0.02215	0.01015	0.01282	0.00998	0.01398	0.00966	0.00819	0.14456	0.08728	0.59294	0.01961	0.01730	0.01271	0.00657	0.00532	0.00164	0.00468	0.00529	0.00623	0.00894
4	0.85155	0.01022	0.00777	0.00695	0.01022	0.01186	0.00573	0.01554	0.00900	0.02372	0.00736	0.00859	0.00573	0.00491	0.00327	0.00164	0.00409	0.00286	0.00327	0.00573
5	0.01337	0.00931	0.01170	0.01148	0.10950	0.03289	0.00786	0.06164	0.05874	0.16200	0.27410	0.02281	0.02370	0.00724	0.00533	0.00147	0.00415	0.00620	0.00486	0.17165
6	0.01315	0.01292	0.02022	0.02972	0.68334	0.06181	0.01523	0.01610	0.01200	0.01668	0.01010	0.01335	0.00858	0.00699	0.05549	0.00200	0.00699	0.00469	0.00264	0.00800
7	0.01168	0.11417	0.61506	0.01459	0.02168	0.01355	0.05620	0.06298	0.01203	0.01730	0.00951	0.01112	0.00692	0.00502	0.00492	0.00161	0.00750	0.00396	0.00245	0.00774
8	0.01286	0.05565	0.02761	0.01937	0.02434	0.04448	0.58867	0.04449	0.01295	0.01733	0.03864	0.01443	0.00947	0.00477	0.00585	0.00166	0.00810	0.00582	0.00290	0.06063
9	0.01072	0.02651	0.73877	0.01553	0.02318	0.01235	0.06675	0.01675	0.01125	0.01675	0.00956	0.01136	0.00678	0.00499	0.00510	0.00168	0.00788	0.00405	0.00226	0.00777
10	0.02372	0.00900	0.01227	0.00941	0.01350	0.00777	0.00777	0.02576	0.01513	0.78489	0.02086	0.01799	0.01309	0.00654	0.00532	0.00164	0.00450	0.00532	0.00654	0.00900
11	0.01075	0.00916	0.01392	0.01177	0.01448	0.00923	0.17313	0.01677	0.21632	0.04906	0.12395	0.08151	0.09780	0.00956	0.00619	0.00190	0.00492	0.13846	0.00472	0.00641
12	0.01975	0.02520	0.01498	0.01362	0.01634	0.79299	0.01021	0.02111	0.01498	0.01294	0.00817	0.00953	0.00681	0.00545	0.00477	0.00136	0.00953	0.00340	0.00272	0.00613
13	0.00810	0.00593	0.00763	0.00759	0.00818	0.02790	0.00540	0.00894	0.00825	0.01132	0.01430	0.02447	0.01458	0.28804	0.44489	0.09125	0.01014	0.00615	0.00290	0.00402
14	0.00657	0.00466	0.00609	0.00719	0.00746	0.00438	0.00472	0.00740	0.00986	0.01315	0.02780	0.72734	0.03327	0.10229	0.00891	0.00247	0.00329	0.01424	0.00472	0.00418
15	0.01060	0.02735	0.78682	0.01507	0.02288	0.01228	0.01953	0.01674	0.01116	0.01674	0.00949	0.01116	0.00670	0.00502	0.00502	0.00167	0.00781	0.00391	0.00223	0.00781
16	0.01308	0.01256	0.02146	0.03245	0.78123	0.01256	0.01622	0.01622	0.01204	0.01727	0.00994	0.01308	0.00837	0.00471	0.00523	0.00157	0.00628	0.00471	0.00262	0.00837
17	0.01246	0.01192	0.02033	0.18765	0.63093	0.01240	0.01591	0.01568	0.01174	0.01651	0.00983	0.01329	0.00811	0.00483	0.00524	0.00161	0.00644	0.00471	0.00256	0.00787
18	0.00817	0.00673	0.03636	0.00727	0.00925	0.00555	0.03573	0.01045	0.01371	0.05635	0.42720	0.04037	0.30082	0.01103	0.00615	0.00171	0.00311	0.00957	0.00528	0.00519
19	0.18642	0.14412	0.08185	0.03614	0.32807	0.03491	0.01222	0.01707	0.03186	0.06668	0.00990	0.01167	0.00787	0.00496	0.00451	0.00153	0.00579	0.00399	0.00298	0.00745

[dist]
# distance from previous block
# <min> <max>
0	1

[block]
# block no. 6 follows, 46 sequences, length 6
# corresponding to MSA columns:
# 440-445
name=unknown_G
#
# <colnr> <probs for GDERKNQSTAVLIFYWHMCP>
#	G	D	E	R	K	N	Q	S	T	A	V	L	I	F	Y	W	H	M	C	P
0	0.01147	0.08224	0.05379	0.00954	0.01155	0.19402	0.00767	0.04770	0.01213	0.01429	0.02063	0.24999	0.07493	0.10415	0.00819	0.00217	0.00560	0.08081	0.00383	0.00530
1	0.11348	0.07643	0.01473	0.01420	0.18791	0.01126	0.00933	0.05241	0.11043	0.07948	0.01229	0.01417	0.00983	0.00532	0.00456	0.00138	0.00481	0.02606	0.00367	0.24824
2	0.09838	0.05340	0.19135	0.03620	0.03244	0.03272	0.01093	0.08429	0.19592	0.12804	0.01537	0.07279	0.01211	0.00669	0.00505	0.00169	0.00546	0.00537	0.00419	0.00760
3	0.00957	0.00760	0.00901	0.00907	0.01061	0.04715	0.00724	0.06426	0.01183	0.01566	0.02124	0.16418	0.02265	0.06990	0.14812	0.00339	0.00647	0.28962	0.00417	0.07827
4	0.07145	0.44695	0.02120	0.07880	0.01590	0.07312	0.00944	0.11025	0.09698	0.01700	0.00982	0.01082	0.00805	0.00520	0.00410	0.00137	0.00580	0.00362	0.00309	0.00704
5	0.01208	0.05614	0.07759	0.01095	0.03785	0.07002	0.00897	0.01712	0.18133	0.06063	0.06918	0.04962	0.01519	0.04765	0.10830	0.00271	0.09668	0.00572	0.03941	0.03285

[dist]
# distance from previous block
# <min> <max>
0	1

[block]
# block no. 7 follows, 46 sequences, length 14
# corresponding to MSA columns:
# 447-460
name=unknown_H
#
# <colnr> <probs for GDERKNQSTAVLIFYWHMCP>
#	G	D	E	R	K	N	Q	S	T	A	V	L	I	F	Y	W	H	M	C	P
0	0.01325	0.33688	0.37287	0.01228	0.01809	0.08691	0.01389	0.01738	0.03575	0.03483	0.00921	0.01041	0.00721	0.00497	0.00438	0.00143	0.00692	0.00354	0.00250	0.00730
1	0.08986	0.05553	0.24396	0.01388	0.04045	0.01189	0.14513	0.01919	0.12954	0.13224	0.01405	0.05767	0.01086	0.00607	0.00520	0.00170	0.00620	0.00534	0.00369	0.00754
2	0.01188	0.00915	0.01029	0.00925	0.01171	0.00998	0.00716	0.02169	0.46156	0.07112	0.28275	0.02643	0.02759	0.00839	0.00567	0.00174	0.00362	0.00717	0.00561	0.00724
3	0.00788	0.00590	0.00688	0.00680	0.00831	0.00551	0.00502	0.01078	0.08435	0.04184	0.26281	0.19884	0.31051	0.01245	0.00623	0.00182	0.00290	0.01079	0.00528	0.00510
4	0.01103	0.01260	0.09802	0.32145	0.11587	0.01315	0.08432	0.01418	0.01026	0.01437	0.00903	0.01315	0.00737	0.00700	0.02710	0.00204	0.22546	0.00476	0.00240	0.00644
5	0.01220	0.00797	0.00909	0.00854	0.01066	0.00848	0.00661	0.01916	0.30484	0.11590	0.02184	0.14456	0.01894	0.00968	0.02650	0.00192	0.00396	0.05743	0.20505	0.00666
6	0.05731	0.00927	0.01205	0.00943	0.01338	0.00845	0.00774	0.02556	0.08630	0.68108	0.02035	0.01776	0.01307	0.00653	0.00524	0.00165	0.00445	0.00528	0.00630	0.00880
7	0.00647	0.00527	0.00572	0.00580	0.00732	0.00453	0.00428	0.00794	0.01228	0.01529	0.16596	0.13934	0.57469	0.01336	0.00631	0.00181	0.00269	0.01136	0.00505	0.00453
8	0.06739	0.08669	0.01549	0.01157	0.01486	0.01210	0.12983	0.06056	0.28385	0.06281	0.04132	0.02169	0.01520	0.00714	0.00531	0.00173	0.00509	0.08854	0.06163	0.00718
9	0.01358	0.00667	0.00780	0.00688	0.00904	0.00647	0.00538	0.01711	0.08443	0.22388	0.10904	0.02160	0.01799	0.00691	0.00459	0.00144	0.00317	0.00568	0.44202	0.00634
10	0.00673	0.00476	0.00625	0.00733	0.00767	0.00451	0.00495	0.00764	0.00997	0.01327	0.02758	0.66738	0.03279	0.11119	0.00918	0.00252	0.00343	0.06393	0.00470	0.00420
11	0.16406	0.01353	0.02696	0.01951	0.02448	0.01310	0.62540	0.01668	0.01185	0.01816	0.01009	0.01324	0.00761	0.00454	0.00570	0.00176	0.00804	0.00563	0.00278	0.00688
12	0.01928	0.01446	0.01505	0.01205	0.01544	0.10701	0.00983	0.41743	0.04236	0.15998	0.01305	0.01331	0.00938	0.00671	0.00693	0.00168	0.11837	0.00472	0.00479	0.00818
13	0.00731	0.00540	0.00683	0.00648	0.00780	0.00492	0.00486	0.00965	0.01457	0.02026	0.68013	0.04103	0.14878	0.01116	0.00624	0.00168	0.00252	0.00978	0.00570	0.00492

[dist]
# distance from previous block
# <min> <max>
0	2

[block]
# block no. 8 follows, 46 sequences, length 15
# corresponding to MSA columns:
# 463-477
name=unknown_I
#
# <colnr> <probs for GDERKNQSTAVLIFYWHMCP>
#	G	D	E	R	K	N	Q	S	T	A	V	L	I	F	Y	W	H	M	C	P
0	0.01904	0.01176	0.05677	0.01051	0.01446	0.01108	0.00896	0.22238	0.14856	0.35459	0.07079	0.01798	0.01471	0.00681	0.00537	0.00165	0.00485	0.00550	0.00571	0.00854
1	0.01413	0.81739	0.02770	0.00905	0.01357	0.02092	0.00905	0.01583	0.01074	0.01244	0.00735	0.00848	0.00678	0.00452	0.00339	0.00113	0.00565	0.00283	0.00226	0.00678
2	0.00766	0.00516	0.00593	0.00588	0.00604	0.00511	0.00343	0.00798	0.00862	0.01165	0.11429	0.03522	0.02315	0.71124	0.02426	0.00468	0.00479	0.00793	0.00354	0.00343
3	0.01283	0.01045	0.01736	0.43091	0.29407	0.01152	0.01434	0.01603	0.01167	0.11369	0.01106	0.01424	0.00829	0.00525	0.00527	0.00168	0.00645	0.00478	0.00298	0.00715
4	0.29957	0.01004	0.01047	0.00812	0.01220	0.00953	0.00662	0.07473	0.01204	0.14240	0.01078	0.01140	0.00804	0.00486	0.00403	0.00127	0.00422	0.00351	0.00389	0.36229
5	0.01732	0.01624	0.01567	0.05968	0.11508	0.21184	0.01085	0.30837	0.15063	0.02301	0.01255	0.01325	0.00950	0.00599	0.00516	0.00157	0.00660	0.00462	0.00415	0.00790
6	0.01126	0.17344	0.64645	0.01395	0.02116	0.01388	0.01759	0.01657	0.01108	0.01595	0.00909	0.01067	0.00671	0.00493	0.00472	0.00157	0.00741	0.00371	0.00224	0.00762
7	0.00633	0.00536	0.00547	0.00544	0.00719	0.00450	0.00408	0.00774	0.01224	0.01473	0.10109	0.05013	0.73127	0.01322	0.00625	0.00178	0.00267	0.01105	0.00497	0.00450
8	0.01060	0.02735	0.78682	0.01507	0.02288	0.01228	0.01953	0.01674	0.01116	0.01674	0.00949	0.01116	0.00670	0.00502	0.00502	0.00167	0.00781	0.00391	0.00223	0.00781
9	0.00919	0.00575	0.00744	0.00681	0.00837	0.00525	0.00518	0.01159	0.01471	0.09857	0.64202	0.03688	0.07169	0.01027	0.00603	0.00165	0.00270	0.00899	0.04153	0.00537
10	0.54543	0.00913	0.00848	0.00762	0.01062	0.00993	0.00626	0.01645	0.01057	0.16044	0.01324	0.05005	0.01114	0.00674	0.00422	0.00172	0.00413	0.07952	0.03820	0.00614
11	0.00894	0.00684	0.02204	0.00762	0.00937	0.00636	0.02051	0.06010	0.04551	0.03626	0.52633	0.07784	0.09329	0.01096	0.02038	0.00181	0.00330	0.00907	0.02800	0.00548
12	0.00800	0.00548	0.00686	0.00665	0.00803	0.00493	0.00493	0.00998	0.01362	0.06243	0.46847	0.15858	0.19828	0.01198	0.00626	0.00176	0.00274	0.01049	0.00553	0.00500
13	0.01229	0.03487	0.18927	0.03893	0.01535	0.01032	0.02719	0.07507	0.17082	0.09729	0.19484	0.06019	0.03533	0.00778	0.00553	0.00170	0.00494	0.00659	0.00459	0.00713
14	0.36628	0.01264	0.09680	0.04588	0.12360	0.01171	0.10349	0.01719	0.05447	0.07495	0.01059	0.01215	0.00796	0.00514	0.00447	0.00165	0.00549	0.00416	0.03453	0.00686

[dist]
# distance from previous block
# <min> <max>
0	3

[block]
# block no. 9 follows, 46 sequences, length 22
# corresponding to MSA columns:
# 481-502
name=unknown_J
#
# <colnr> <probs for GDERKNQSTAVLIFYWHMCP>
#	G	D	E	R	K	N	Q	S	T	A	V	L	I	F	Y	W	H	M	C	P
0	0.30324	0.03079	0.08428	0.11999	0.04850	0.01238	0.09198	0.04255	0.11733	0.07324	0.01138	0.01275	0.00846	0.00544	0.00480	0.00169	0.01641	0.00434	0.00351	0.00692
1	0.01097	0.03551	0.01658	0.30229	0.27634	0.01120	0.02758	0.03822	0.01137	0.01549	0.04198	0.02866	0.01095	0.03448	0.11364	0.00270	0.00741	0.00526	0.00281	0.00656
2	0.00892	0.00548	0.00660	0.00634	0.00696	0.00541	0.00410	0.00972	0.00950	0.06789	0.12310	0.03203	0.02221	0.53038	0.08777	0.00446	0.00535	0.00744	0.05224	0.00410
3	0.02343	0.01054	0.03081	0.30244	0.09753	0.01193	0.02510	0.11680	0.05330	0.01811	0.01275	0.01562	0.03334	0.00631	0.00653	0.00171	0.10175	0.00499	0.12044	0.00655
4	0.01268	0.01024	0.01365	0.01486	0.19873	0.01024	0.02118	0.13844	0.11573	0.04633	0.17368	0.05572	0.03691	0.00725	0.00540	0.00155	0.00457	0.00633	0.00444	0.12207
5	0.00649	0.00464	0.00618	0.00733	0.00768	0.00433	0.00491	0.00748	0.01035	0.01385	0.06393	0.77495	0.03566	0.01630	0.00672	0.00212	0.00304	0.01477	0.00495	0.00433
6	0.01386	0.13453	0.01546	0.12106	0.01725	0.01454	0.00961	0.13747	0.42291	0.02107	0.01640	0.01672	0.01255	0.00649	0.00508	0.00167	0.00507	0.01598	0.00446	0.00782
7	0.12655	0.10450	0.46538	0.01429	0.02059	0.04489	0.11982	0.01669	0.01116	0.01712	0.00909	0.01090	0.00676	0.00489	0.00477	0.00162	0.00730	0.00396	0.00246	0.00726
8	0.03773	0.23928	0.22455	0.01080	0.01558	0.02709	0.03524	0.02931	0.01148	0.07429	0.01244	0.12023	0.01129	0.00643	0.00466	0.00146	0.00568	0.00518	0.00317	0.12410
9	0.12932	0.16210	0.37795	0.01308	0.01890	0.01407	0.08513	0.04272	0.07750	0.01800	0.01008	0.01142	0.00760	0.00510	0.00464	0.00159	0.00663	0.00400	0.00280	0.00736
10	0.00767	0.00646	0.00773	0.00748	0.00888	0.00660	0.00595	0.00967	0.03077	0.01564	0.16446	0.04405	0.42786	0.01241	0.00789	0.00193	0.11259	0.11238	0.00471	0.00488
11	0.01093	0.28181	0.32086	0.01063	0.01537	0.01313	0.01181	0.01425	0.01106	0.01503	0.11489	0.01742	0.01438	0.11859	0.00771	0.00198	0.00600	0.00485	0.00287	0.00644
12	0.24064	0.05706	0.04718	0.17389	0.01765	0.04304	0.00941	0.04238	0.04720	0.16865	0.04318	0.03132	0.01095	0.00621	0.00507	0.00167	0.02928	0.01463	0.00389	0.00673
13	0.00961	0.00876	0.01236	0.04630	0.01253	0.01135	0.00912	0.01114	0.00950	0.01398	0.11886	0.12622	0.01772	0.01491	0.13177	0.00312	0.42730	0.00690	0.00324	0.00531
14	0.00721	0.00543	0.00710	0.00752	0.00856	0.00500	0.00530	0.00847	0.01007	0.01386	0.02514	0.56647	0.05242	0.01795	0.11612	0.00283	0.00472	0.01197	0.00438	0.11948
15	0.01434	0.12589	0.01385	0.01030	0.01302	0.19254	0.00804	0.02126	0.32708	0.05102	0.04141	0.01843	0.01411	0.11681	0.00793	0.00205	0.00571	0.00527	0.00410	0.00684
16	0.01770	0.02850	0.01140	0.00883	0.01226	0.00788	0.00710	0.07142	0.01437	0.43438	0.07602	0.12640	0.01766	0.00780	0.00532	0.00157	0.00417	0.00655	0.01585	0.12484
17	0.00693	0.00585	0.00621	0.00587	0.00793	0.00481	0.00441	0.00840	0.01181	0.01476	0.05954	0.10195	0.60417	0.01228	0.00597	0.00167	0.00287	0.01032	0.00468	0.11956
18	0.01745	0.01263	0.01244	0.01005	0.01367	0.13010	0.00803	0.20920	0.05651	0.22202	0.01986	0.01906	0.11743	0.00695	0.00517	0.00149	0.00526	0.00543	0.00488	0.12237
19	0.01182	0.13369	0.46560	0.01275	0.01856	0.01294	0.01472	0.11739	0.01283	0.01795	0.01237	0.12259	0.01097	0.00674	0.00507	0.00165	0.00657	0.00542	0.00303	0.00734
20	0.01041	0.08503	0.01342	0.28080	0.04276	0.01022	0.01010	0.01408	0.08481	0.04904	0.01640	0.12928	0.01556	0.01284	0.11552	0.00276	0.00670	0.09080	0.00354	0.00593
