[name]
unknown

[dist]
# distance from previous block
# <min> <max>
4	82

[block]
# block no. 0 follows, 48 sequences, length 13
# corresponding to MSA columns:
# 82-94
name=unknown_A
#
# <colnr> <probs for GDERKNQSTAVLIFYWHMCP>
#	G	D	E	R	K	N	Q	S	T	A	V	L	I	F	Y	W	H	M	C	P
0	0.16407	0.01079	0.05450	0.03139	0.01349	0.01039	0.00823	0.18608	0.01470	0.28015	0.03940	0.05136	0.06277	0.00702	0.00546	0.00164	0.04106	0.00540	0.00480	0.00728
1	0.01355	0.01108	0.01616	0.23442	0.08595	0.08740	0.13369	0.01618	0.01196	0.17134	0.01556	0.07159	0.06154	0.00665	0.00588	0.00168	0.03939	0.00590	0.00355	0.00654
2	0.01609	0.01109	0.01293	0.02808	0.05506	0.11708	0.04174	0.06101	0.04831	0.28063	0.03581	0.04337	0.03871	0.00802	0.00620	0.00175	0.05155	0.13098	0.00466	0.00696
3	0.22960	0.01061	0.01129	0.02835	0.01287	0.04192	0.00772	0.15146	0.05287	0.18739	0.01385	0.09327	0.01131	0.00699	0.00581	0.00165	0.07999	0.00520	0.00434	0.04352
4	0.03372	0.01160	0.01884	0.15984	0.29972	0.03526	0.12928	0.01496	0.04031	0.01539	0.01048	0.05452	0.00914	0.00606	0.00717	0.00174	0.13724	0.00527	0.00269	0.00677
5	0.01027	0.00866	0.01390	0.23966	0.01976	0.00883	0.13348	0.01386	0.05858	0.06763	0.19440	0.02366	0.10331	0.00718	0.00550	0.00161	0.00507	0.00658	0.00389	0.07418
6	0.01601	0.00912	0.01375	0.04650	0.06584	0.00875	0.10117	0.04235	0.06725	0.34597	0.07742	0.02230	0.01612	0.00705	0.00543	0.00167	0.00489	0.08090	0.06017	0.00733
7	0.00867	0.00462	0.00692	0.00692	0.00706	0.00476	0.00476	0.00706	0.00692	0.00937	0.00965	0.01630	0.00951	0.02100	0.13965	0.72143	0.00588	0.00462	0.00231	0.00259
8	0.01123	0.01123	0.01572	0.01347	0.01347	0.01572	0.01123	0.01235	0.00786	0.01235	0.00674	0.01123	0.00674	0.00898	0.01684	0.00225	0.81028	0.00449	0.00225	0.00561
9	0.00724	0.00549	0.00764	0.00757	0.00857	0.00521	0.03945	0.00943	0.04142	0.01662	0.34737	0.38884	0.03758	0.04442	0.00703	0.00197	0.00312	0.01133	0.00499	0.00469
10	0.00696	0.00519	0.00646	0.00622	0.00750	0.00470	0.00464	0.00906	0.01368	0.01877	0.59046	0.08102	0.20381	0.01131	0.00608	0.00166	0.00249	0.00988	0.00542	0.00470
11	0.01403	0.77700	0.02618	0.00903	0.01332	0.06494	0.00884	0.01566	0.01066	0.01210	0.00718	0.00829	0.00659	0.00444	0.00337	0.00111	0.00570	0.00278	0.00222	0.00655
12	0.02302	0.00873	0.01191	0.00913	0.01310	0.00754	0.00754	0.02501	0.01469	0.79122	0.02024	0.01746	0.01270	0.00635	0.00516	0.00159	0.00437	0.00516	0.00635	0.00873

[dist]
# distance from previous block
# <min> <max>
0	1

[block]
# block no. 1 follows, 48 sequences, length 28
# corresponding to MSA columns:
# 96-123
name=unknown_B
#
# <colnr> <probs for GDERKNQSTAVLIFYWHMCP>
#	G	D	E	R	K	N	Q	S	T	A	V	L	I	F	Y	W	H	M	C	P
0	0.01352	0.01221	0.01930	0.16784	0.38728	0.01292	0.08749	0.17412	0.04013	0.01949	0.01057	0.01313	0.00824	0.00506	0.00520	0.00159	0.00632	0.00477	0.00313	0.00769
1	0.43564	0.12361	0.05302	0.00987	0.01345	0.19187	0.04923	0.04215	0.01109	0.01879	0.00778	0.00909	0.00621	0.00486	0.00383	0.00147	0.00587	0.00319	0.00291	0.00607
2	0.01149	0.01264	0.02671	0.02030	0.06563	0.01198	0.62609	0.01535	0.01195	0.01632	0.04517	0.07388	0.01147	0.00555	0.00622	0.00175	0.02123	0.00672	0.00288	0.00667
3	0.00985	0.00711	0.00857	0.00760	0.00955	0.00708	0.00590	0.04606	0.11515	0.07642	0.41613	0.03214	0.14161	0.00950	0.00621	0.00163	0.03922	0.00802	0.00521	0.04703
4	0.00730	0.00536	0.00694	0.00669	0.00795	0.00485	0.00492	0.00938	0.01324	0.01870	0.56704	0.20162	0.04233	0.01118	0.00599	0.00165	0.00264	0.00995	0.00527	0.06700
5	0.85592	0.00992	0.00754	0.00675	0.00992	0.01151	0.00556	0.01508	0.00873	0.02302	0.00714	0.00834	0.00556	0.00476	0.00318	0.00159	0.00397	0.00278	0.00318	0.00556
6	0.00969	0.00912	0.01539	0.80734	0.03534	0.01140	0.01425	0.01311	0.01026	0.01311	0.00912	0.01368	0.00684	0.00513	0.00513	0.00171	0.00684	0.00456	0.00228	0.00570
7	0.00638	0.00462	0.00605	0.00709	0.00757	0.00429	0.00488	0.00743	0.01023	0.01353	0.05633	0.69433	0.08956	0.01556	0.00652	0.00206	0.00302	0.05154	0.00479	0.00423
8	0.02276	0.00915	0.01216	0.00933	0.01331	0.00816	0.00770	0.07990	0.01538	0.73535	0.01966	0.01709	0.01241	0.00634	0.00516	0.00158	0.00446	0.00512	0.00626	0.00873
9	0.05135	0.01208	0.01393	0.01112	0.01474	0.03058	0.05392	0.32077	0.21016	0.15806	0.05734	0.01619	0.01308	0.00644	0.00517	0.00161	0.00505	0.00524	0.00510	0.00806
10	0.01200	0.01219	0.02432	0.09465	0.06566	0.01210	0.49566	0.01608	0.03799	0.04995	0.06782	0.01575	0.01112	0.00533	0.00649	0.00173	0.05546	0.00593	0.00302	0.00676
11	0.00635	0.00502	0.00571	0.00594	0.00720	0.00439	0.00430	0.00776	0.01177	0.01498	0.18929	0.24205	0.45049	0.01329	0.00619	0.00180	0.00266	0.01148	0.00494	0.00439
12	0.02082	0.00930	0.01189	0.00923	0.01298	0.00860	0.00758	0.14407	0.01605	0.59133	0.05793	0.01927	0.05295	0.00686	0.00524	0.00159	0.00439	0.00556	0.00604	0.00832
13	0.04268	0.00969	0.01214	0.05659	0.01449	0.00848	0.03816	0.05962	0.05370	0.14053	0.01169	0.01251	0.00880	0.00465	0.00432	0.00111	0.00440	0.00382	0.00374	0.50888
14	0.00635	0.00498	0.00575	0.00605	0.00723	0.00438	0.00435	0.00774	0.01165	0.01490	0.18381	0.28770	0.40990	0.01348	0.00621	0.00182	0.00268	0.01171	0.00493	0.00438
15	0.00622	0.00457	0.00585	0.00686	0.00737	0.00419	0.00464	0.00718	0.01009	0.01321	0.03169	0.70598	0.14209	0.01563	0.00648	0.00203	0.00292	0.01405	0.00476	0.00419
16	0.01021	0.00952	0.01621	0.44130	0.12404	0.01071	0.09890	0.01404	0.04860	0.01513	0.05940	0.01977	0.01241	0.00629	0.00546	0.00174	0.00627	0.07861	0.01528	0.00610
17	0.85592	0.00992	0.00754	0.00675	0.00992	0.01151	0.00556	0.01508	0.00873	0.02302	0.00714	0.00834	0.00556	0.00476	0.00318	0.00159	0.00397	0.00278	0.00318	0.00556
18	0.01253	0.01201	0.02051	0.07632	0.74420	0.01215	0.01566	0.01559	0.01160	0.01655	0.00962	0.01276	0.00805	0.00460	0.00508	0.00153	0.00614	0.00457	0.00252	0.00799
19	0.01151	0.01174	0.01528	0.01320	0.01340	0.06209	0.01091	0.01268	0.00828	0.01234	0.00715	0.01154	0.00703	0.01020	0.05433	0.00248	0.72348	0.00447	0.00229	0.00558
20	0.01270	0.01219	0.02083	0.03149	0.78767	0.01219	0.01575	0.01575	0.01168	0.01676	0.00965	0.01270	0.00813	0.00457	0.00508	0.00152	0.00610	0.00457	0.00254	0.00813
21	0.01064	0.00912	0.01064	0.00760	0.01216	0.00684	0.00608	0.01292	0.01064	0.01672	0.00912	0.01064	0.00760	0.00380	0.00380	0.00076	0.00380	0.00304	0.00304	0.85104
22	0.04868	0.01015	0.01066	0.00964	0.01225	0.01154	0.00742	0.06384	0.57925	0.02062	0.02139	0.06815	0.05062	0.05460	0.00645	0.00193	0.00407	0.00645	0.00496	0.00735
23	0.00745	0.00526	0.00723	0.00723	0.00777	0.00581	0.00514	0.00844	0.00789	0.01107	0.01440	0.02477	0.01474	0.31779	0.48704	0.04483	0.01018	0.00616	0.00285	0.00395
24	0.01441	0.01241	0.12377	0.18038	0.04747	0.04767	0.01091	0.10499	0.05921	0.18706	0.01465	0.03506	0.01120	0.00636	0.00507	0.00162	0.00558	0.04241	0.08272	0.00706
25	0.01048	0.00895	0.01047	0.00758	0.01198	0.00674	0.00603	0.01271	0.01061	0.01659	0.00983	0.04059	0.00858	0.00426	0.00390	0.00081	0.00377	0.00347	0.00310	0.81956
26	0.06791	0.04908	0.01476	0.01265	0.01508	0.57886	0.00979	0.05453	0.01358	0.01408	0.00790	0.00958	0.00666	0.00578	0.00621	0.00147	0.11983	0.00348	0.00272	0.00603
27	0.04044	0.07569	0.01331	0.15354	0.14999	0.00926	0.00926	0.01426	0.01222	0.13819	0.22518	0.06122	0.02101	0.00881	0.04403	0.00192	0.00504	0.00630	0.00406	0.00630

[dist]
# distance from previous block
# <min> <max>
0	1

[block]
# block no. 2 follows, 48 sequences, length 48
# corresponding to MSA columns:
# 125-164,166-173
name=unknown_C
#
# <colnr> <probs for GDERKNQSTAVLIFYWHMCP>
#	G	D	E	R	K	N	Q	S	T	A	V	L	I	F	Y	W	H	M	C	P
0	0.01356	0.62860	0.17124	0.00991	0.01488	0.01804	0.01064	0.01605	0.01073	0.05433	0.00822	0.00922	0.00689	0.00459	0.00369	0.00122	0.00582	0.00307	0.00241	0.00689
1	0.01018	0.00681	0.00703	0.00685	0.00805	0.04911	0.00540	0.01273	0.03276	0.01770	0.01666	0.02258	0.01425	0.00728	0.00545	0.00147	0.08411	0.09695	0.58963	0.00502
2	0.85592	0.00992	0.00754	0.00675	0.00992	0.01151	0.00556	0.01508	0.00873	0.02302	0.00714	0.00834	0.00556	0.00476	0.00318	0.00159	0.00397	0.00278	0.00318	0.00556
3	0.01372	0.82276	0.02689	0.00878	0.01317	0.02030	0.00878	0.01536	0.01043	0.01207	0.00713	0.00823	0.00658	0.00439	0.00329	0.00110	0.00549	0.00274	0.00219	0.00658
4	0.00985	0.00927	0.00932	0.00883	0.01000	0.14887	0.00667	0.01164	0.02804	0.01367	0.15795	0.02284	0.03750	0.09723	0.32188	0.03006	0.06218	0.00604	0.00336	0.00481
5	0.00719	0.00523	0.00677	0.00642	0.00763	0.00481	0.00480	0.00954	0.01432	0.02016	0.74076	0.05412	0.07757	0.01070	0.00606	0.00163	0.00244	0.00945	0.00560	0.00481
6	0.00723	0.00524	0.00681	0.00642	0.00765	0.00483	0.00482	0.00962	0.01445	0.02039	0.76453	0.03864	0.06896	0.01056	0.00605	0.00162	0.00243	0.00932	0.00562	0.00483
7	0.00711	0.00524	0.00665	0.00630	0.00757	0.00478	0.00472	0.00939	0.01416	0.01972	0.69163	0.03974	0.14228	0.01081	0.00605	0.00163	0.00244	0.00948	0.00554	0.00478
8	0.00676	0.00528	0.00616	0.00615	0.00749	0.00476	0.00453	0.00883	0.03554	0.01659	0.33352	0.16501	0.35616	0.01232	0.00611	0.00174	0.00263	0.01067	0.00512	0.00462
9	0.01917	0.02445	0.01454	0.01322	0.01586	0.79907	0.00991	0.02049	0.01454	0.01256	0.00793	0.00925	0.00661	0.00529	0.00463	0.00132	0.00925	0.00330	0.00264	0.00595
10	0.02302	0.00873	0.01191	0.00913	0.01310	0.00754	0.00754	0.02501	0.01469	0.79122	0.02024	0.01746	0.01270	0.00635	0.00516	0.00159	0.00437	0.00516	0.00635	0.00873
11	0.08852	0.12402	0.24737	0.06689	0.21555	0.04872	0.01360	0.03824	0.01166	0.08513	0.00986	0.01148	0.00748	0.00493	0.00460	0.00151	0.00629	0.00393	0.00284	0.00735
12	0.01297	0.33914	0.11380	0.04616	0.21104	0.01568	0.01225	0.01549	0.01061	0.04943	0.00863	0.01073	0.00728	0.00527	0.00602	0.00148	0.12076	0.00376	0.00248	0.00702
13	0.00671	0.00515	0.00616	0.00623	0.00751	0.00460	0.00465	0.00847	0.01260	0.01662	0.35145	0.15697	0.32929	0.01247	0.00618	0.00177	0.00269	0.05079	0.00513	0.00454
14	0.01030	0.01963	0.04831	0.07542	0.10606	0.02696	0.05701	0.01399	0.07532	0.05000	0.36526	0.02496	0.02700	0.00794	0.00647	0.00166	0.06648	0.00685	0.00428	0.00609
15	0.00697	0.00482	0.00598	0.00645	0.00665	0.00478	0.00406	0.00749	0.00847	0.01138	0.02078	0.34458	0.02423	0.42951	0.08725	0.00411	0.00496	0.01013	0.00374	0.00366
16	0.01472	0.01200	0.01271	0.01084	0.01409	0.01368	0.00860	0.24317	0.55930	0.02462	0.01840	0.01716	0.01365	0.00673	0.00520	0.00168	0.00452	0.00546	0.00520	0.00830
17	0.78074	0.01013	0.00873	0.00895	0.07927	0.01157	0.00647	0.01514	0.00900	0.02246	0.00737	0.00872	0.00579	0.00475	0.00335	0.00158	0.00416	0.00294	0.00312	0.00579
18	0.01478	0.07149	0.01764	0.17567	0.27617	0.32919	0.01263	0.01711	0.01247	0.01403	0.00868	0.01120	0.00716	0.00496	0.00479	0.00145	0.00747	0.00394	0.00251	0.00667
19	0.01271	0.01209	0.02000	0.02962	0.71863	0.01224	0.01507	0.01677	0.08004	0.01718	0.01065	0.01327	0.00880	0.00478	0.00509	0.00154	0.00591	0.00468	0.00278	0.00813
20	0.00877	0.00480	0.00696	0.00709	0.00739	0.00483	0.00497	0.00776	0.00775	0.02990	0.01317	0.09051	0.01371	0.06221	0.08727	0.56683	0.00520	0.06503	0.00285	0.00302
21	0.01405	0.26014	0.08948	0.04001	0.12881	0.17434	0.06521	0.03199	0.09347	0.01496	0.00969	0.01123	0.00791	0.00512	0.00491	0.00143	0.03364	0.00393	0.00274	0.00694
22	0.01385	0.35388	0.02518	0.01669	0.14389	0.11224	0.22375	0.02696	0.01180	0.01441	0.00863	0.01072	0.00721	0.00454	0.00455	0.00138	0.00694	0.00407	0.00246	0.00688
23	0.01270	0.01219	0.02083	0.03149	0.78767	0.01219	0.01575	0.01575	0.01168	0.01676	0.00965	0.01270	0.00813	0.00457	0.00508	0.00152	0.00610	0.00457	0.00254	0.00813
24	0.00680	0.00509	0.00683	0.00798	0.04475	0.00473	0.00524	0.00820	0.01123	0.01519	0.21748	0.52252	0.09698	0.01389	0.00632	0.00191	0.00296	0.01248	0.00488	0.00454
25	0.00733	0.00548	0.00816	0.00816	0.00904	0.00637	0.00630	0.00911	0.00822	0.01184	0.01383	0.02061	0.01302	0.06491	0.77318	0.00814	0.01345	0.00556	0.00276	0.00453
26	0.00936	0.00856	0.01413	0.59170	0.05473	0.01056	0.01260	0.01237	0.00982	0.01296	0.01000	0.01488	0.00810	0.01203	0.16729	0.00305	0.03517	0.00475	0.00238	0.00555
27	0.00905	0.00501	0.00758	0.05811	0.00877	0.00533	0.00534	0.00731	0.00696	0.00931	0.00884	0.01531	0.00870	0.01668	0.01898	0.76431	0.03514	0.00446	0.00223	0.00258
28	0.01104	0.01095	0.01536	0.01322	0.01326	0.01527	0.01100	0.01220	0.00788	0.01233	0.00707	0.01165	0.00703	0.01039	0.05434	0.00253	0.77211	0.00454	0.00227	0.00556
29	0.01336	0.01132	0.01194	0.01056	0.01357	0.01304	0.00827	0.09358	0.71111	0.02243	0.02012	0.01853	0.01504	0.00689	0.00521	0.00172	0.00420	0.00570	0.00521	0.00818
30	0.71446	0.01081	0.00819	0.00752	0.01048	0.07742	0.00615	0.01517	0.00948	0.02150	0.00889	0.01256	0.00765	0.00559	0.00363	0.00163	0.00448	0.06561	0.00326	0.00552
31	0.00849	0.00659	0.00934	0.00882	0.00925	0.00805	0.00673	0.00927	0.00780	0.01126	0.01176	0.01943	0.01171	0.14675	0.38367	0.13338	0.19544	0.00540	0.00261	0.00424
32	0.01047	0.00890	0.01046	0.00764	0.01199	0.00676	0.00613	0.01275	0.01078	0.01676	0.02888	0.01311	0.00943	0.00436	0.00398	0.00084	0.00380	0.03161	0.00317	0.79818
33	0.85592	0.00992	0.00754	0.00675	0.00992	0.01151	0.00556	0.01508	0.00873	0.02302	0.00714	0.00834	0.00556	0.00476	0.00318	0.00159	0.00397	0.00278	0.00318	0.00556
34	0.82445	0.00999	0.00778	0.00689	0.01010	0.01153	0.00568	0.03045	0.00915	0.03672	0.00748	0.00858	0.00575	0.00482	0.00325	0.00159	0.00401	0.00286	0.00327	0.00568
35	0.00632	0.00449	0.00593	0.00706	0.00734	0.00421	0.00467	0.00716	0.00970	0.01293	0.02763	0.77408	0.03311	0.05944	0.00761	0.00224	0.00308	0.01420	0.00467	0.00411
36	0.01236	0.01184	0.02021	0.11913	0.70269	0.01210	0.01558	0.01545	0.01152	0.01635	0.00959	0.01281	0.00798	0.00463	0.00509	0.00154	0.00618	0.00457	0.00251	0.00785
37	0.01317	0.01780	0.29854	0.01521	0.02064	0.01275	0.22141	0.16435	0.09717	0.04325	0.01231	0.01457	0.00921	0.00555	0.00537	0.00167	0.00693	0.02907	0.00340	0.00762
38	0.00961	0.00895	0.01501	0.76428	0.03401	0.01110	0.01393	0.01298	0.01034	0.01323	0.01009	0.01607	0.00806	0.00562	0.00524	0.00175	0.00673	0.04496	0.00241	0.00565
39	0.01294	0.01105	0.01245	0.03809	0.05828	0.01213	0.00862	0.08847	0.53693	0.02120	0.01747	0.01682	0.01322	0.00625	0.00500	0.00157	0.00437	0.00520	0.00466	0.12525
40	0.01996	0.00840	0.01122	0.00876	0.01248	0.00715	0.00711	0.02189	0.01374	0.62396	0.01955	0.08783	0.01395	0.00690	0.00511	0.00153	0.00417	0.00573	0.00579	0.11478
41	0.06216	0.04950	0.07185	0.16040	0.45072	0.01224	0.05867	0.01566	0.01129	0.04557	0.00971	0.01253	0.00773	0.00474	0.00494	0.00156	0.00626	0.00444	0.00264	0.00740
42	0.01231	0.24442	0.37243	0.02979	0.02033	0.01420	0.16056	0.01647	0.01117	0.05894	0.00948	0.01112	0.00713	0.00472	0.00468	0.00150	0.00701	0.00403	0.00250	0.00720
43	0.00800	0.00670	0.01085	0.01018	0.01184	0.00634	0.13497	0.01011	0.01132	0.01483	0.05220	0.28217	0.11941	0.01283	0.00659	0.00207	0.00452	0.28577	0.00441	0.00488
44	0.00897	0.00894	0.08001	0.01127	0.08479	0.02762	0.05931	0.01084	0.01046	0.03304	0.06165	0.25387	0.05848	0.17092	0.01034	0.00249	0.03087	0.06722	0.00379	0.00512
45	0.01188	0.04909	0.49407	0.09441	0.08975	0.01137	0.01589	0.01655	0.01144	0.10408	0.04586	0.01320	0.00930	0.00528	0.00495	0.00160	0.00670	0.00431	0.00285	0.00741
46	0.01002	0.00942	0.01589	0.66848	0.14462	0.01129	0.01417	0.01331	0.01045	0.01364	0.00980	0.03887	0.00788	0.00539	0.00517	0.00169	0.00661	0.00488	0.00240	0.00601
47	0.05398	0.15046	0.02079	0.06362	0.40297	0.10607	0.07909	0.01637	0.01170	0.03515	0.00921	0.01160	0.00758	0.00469	0.00472	0.00146	0.00648	0.00417	0.00261	0.00727

[dist]
# distance from previous block
# <min> <max>
0	2

[block]
# block no. 3 follows, 48 sequences, length 16
# corresponding to MSA columns:
# 176-191
name=unknown_D
#
# <colnr> <probs for GDERKNQSTAVLIFYWHMCP>
#	G	D	E	R	K	N	Q	S	T	A	V	L	I	F	Y	W	H	M	C	P
0	0.01207	0.00980	0.03047	0.00817	0.01268	0.00761	0.00674	0.04416	0.04093	0.08088	0.01061	0.01159	0.00834	0.00425	0.00404	0.00092	0.00402	0.00340	0.00345	0.69585
1	0.14272	0.01935	0.43581	0.01243	0.01798	0.01211	0.03368	0.01910	0.22152	0.01874	0.01213	0.01281	0.00891	0.00542	0.00474	0.00165	0.00608	0.00425	0.00317	0.00740
2	0.01102	0.12469	0.41209	0.04689	0.17573	0.01244	0.03056	0.01526	0.01094	0.01546	0.01056	0.01513	0.00891	0.02746	0.00548	0.00169	0.00672	0.05936	0.00247	0.00715
3	0.00674	0.00519	0.00615	0.00598	0.00736	0.00461	0.00446	0.00864	0.01317	0.01754	0.45632	0.07875	0.34305	0.01175	0.00608	0.00168	0.00252	0.01015	0.00525	0.00461
4	0.00624	0.00452	0.00590	0.00700	0.00740	0.00418	0.00470	0.00716	0.00996	0.01316	0.03005	0.75908	0.09004	0.01585	0.00651	0.00206	0.00295	0.01431	0.00476	0.00418
5	0.00984	0.01054	0.08079	0.67330	0.06694	0.01120	0.01432	0.01323	0.01023	0.01337	0.00914	0.01347	0.00695	0.00560	0.00571	0.03599	0.00677	0.00449	0.00228	0.00583
6	0.01244	0.01173	0.01944	0.16283	0.59181	0.01237	0.01503	0.05010	0.01186	0.01668	0.00957	0.01279	0.00788	0.00492	0.00556	0.00159	0.03860	0.00457	0.00260	0.00764
7	0.02282	0.00905	0.01210	0.00928	0.01326	0.00801	0.00767	0.06681	0.01522	0.74866	0.01980	0.01718	0.01248	0.00634	0.00516	0.00158	0.00444	0.00513	0.00628	0.00873
8	0.00688	0.00523	0.00633	0.00605	0.00743	0.00468	0.00454	0.00894	0.01362	0.01842	0.55005	0.04187	0.28466	0.01129	0.00606	0.00165	0.00248	0.00978	0.00537	0.00468
9	0.00826	0.00634	0.00767	0.00862	0.03799	0.04213	0.00590	0.02537	0.01022	0.02776	0.02262	0.41006	0.02568	0.15655	0.07853	0.00308	0.00498	0.10956	0.00415	0.00451
10	0.85592	0.00992	0.00754	0.00675	0.00992	0.01151	0.00556	0.01508	0.00873	0.02302	0.00714	0.00834	0.00556	0.00476	0.00318	0.00159	0.00397	0.00278	0.00318	0.00556
11	0.00827	0.00591	0.00827	0.00945	0.01063	0.00591	0.00827	0.01063	0.01181	0.01536	0.02717	0.05788	0.02953	0.01417	0.00709	0.00236	0.00472	0.75313	0.00472	0.00472
12	0.00624	0.00452	0.00590	0.00700	0.00740	0.00418	0.00470	0.00716	0.00996	0.01316	0.03005	0.75908	0.09004	0.01585	0.00651	0.00206	0.00295	0.01431	0.00476	0.00418
13	0.01123	0.00949	0.01159	0.01037	0.07777	0.00843	0.00753	0.05703	0.10430	0.01784	0.01232	0.01588	0.01055	0.00681	0.04246	0.00146	0.00467	0.05914	0.00349	0.52763
14	0.07364	0.01062	0.01736	0.38415	0.38645	0.01178	0.01431	0.01449	0.01081	0.01556	0.00922	0.01282	0.00735	0.00484	0.00496	0.00161	0.00628	0.00443	0.00247	0.00683
15	0.01821	0.02279	0.01449	0.07179	0.01720	0.70984	0.01016	0.02021	0.04436	0.01295	0.00853	0.00997	0.00698	0.00534	0.00469	0.00137	0.00887	0.00350	0.00272	0.00602

[dist]
# distance from previous block
# <min> <max>
0	2

[block]
# block no. 4 follows, 48 sequences, length 6
# corresponding to MSA columns:
# 194-199
name=unknown_E
#
# <colnr> <probs for GDERKNQSTAVLIFYWHMCP>
#	G	D	E	R	K	N	Q	S	T	A	V	L	I	F	Y	W	H	M	C	P
0	0.01362	0.05451	0.01849	0.20078	0.39726	0.14306	0.01367	0.06871	0.01264	0.01610	0.00931	0.01210	0.00755	0.00492	0.00493	0.00151	0.00672	0.00427	0.00266	0.00718
1	0.00677	0.00484	0.00655	0.00774	0.00827	0.00462	0.00567	0.00805	0.01034	0.01368	0.02799	0.61992	0.03280	0.01558	0.00669	0.00216	0.00343	0.20584	0.00475	0.00431
2	0.01057	0.00880	0.01434	0.67940	0.03133	0.01055	0.01291	0.01370	0.01075	0.07994	0.01325	0.01665	0.06505	0.00582	0.00520	0.00170	0.00631	0.00508	0.00281	0.00586
3	0.01456	0.05108	0.07483	0.04845	0.19298	0.05764	0.03774	0.04322	0.04575	0.15833	0.01120	0.01301	0.00863	0.00626	0.00802	0.00172	0.21147	0.00455	0.00333	0.00724
4	0.10186	0.01051	0.05397	0.09463	0.03988	0.01055	0.10063	0.13307	0.06309	0.01878	0.05261	0.18587	0.05001	0.00839	0.00608	0.00177	0.05102	0.00722	0.00385	0.00621
5	0.01174	0.00927	0.01474	0.06869	0.01591	0.00986	0.16923	0.05353	0.07703	0.09866	0.01508	0.02267	0.01340	0.12866	0.11814	0.00317	0.07692	0.08365	0.00362	0.00601

[dist]
# distance from previous block
# <min> <max>
0	1

[block]
# block no. 5 follows, 48 sequences, length 19
# corresponding to MSA columns:
# 201-219
name=unknown_F
#
# <colnr> <probs for GDERKNQSTAVLIFYWHMCP>
#	G	D	E	R	K	N	Q	S	T	A	V	L	I	F	Y	W	H	M	C	P
0	0.00917	0.16995	0.18286	0.00885	0.01214	0.00938	0.00889	0.01176	0.01141	0.02841	0.10461	0.11792	0.20538	0.00963	0.00541	0.00168	0.00454	0.08857	0.00381	0.00564
1	0.01227	0.02306	0.02891	0.15372	0.25365	0.06008	0.11491	0.01558	0.04567	0.04875	0.01111	0.04489	0.00923	0.00563	0.00553	0.02826	0.00612	0.00492	0.00293	0.12479
2	0.01131	0.01096	0.01916	0.37563	0.39294	0.01190	0.07474	0.01463	0.01108	0.01511	0.00947	0.01323	0.00753	0.00480	0.00518	0.00162	0.00663	0.00468	0.00243	0.00695
3	0.00625	0.00447	0.00595	0.00714	0.00744	0.00417	0.00476	0.00714	0.00982	0.01310	0.02828	0.81633	0.03394	0.01608	0.00655	0.00208	0.00298	0.01459	0.00476	0.00417
4	0.01115	0.01052	0.01675	0.28471	0.36594	0.03222	0.01353	0.01380	0.01075	0.01460	0.01075	0.05072	0.00963	0.00652	0.00664	0.03609	0.06088	0.03565	0.00261	0.00654
5	0.00625	0.00517	0.00548	0.00547	0.00706	0.00440	0.00407	0.00770	0.01204	0.01483	0.16067	0.07916	0.64449	0.01275	0.00608	0.00173	0.00259	0.01075	0.00490	0.00440
6	0.00788	0.00602	0.00905	0.00827	0.00921	0.00637	0.07395	0.00921	0.00835	0.01173	0.01452	0.02504	0.01476	0.35357	0.38812	0.00611	0.00936	0.00633	0.02795	0.00420
7	0.01127	0.00918	0.04257	0.02940	0.01360	0.00760	0.06616	0.02693	0.04301	0.09547	0.02916	0.11636	0.01565	0.00753	0.00514	0.00145	0.00452	0.12081	0.00393	0.35026
8	0.48592	0.18335	0.07180	0.00845	0.01232	0.02709	0.00779	0.08410	0.01102	0.05647	0.00839	0.00930	0.00648	0.00490	0.00362	0.00148	0.00482	0.00313	0.00321	0.00637
9	0.04480	0.14891	0.29990	0.01209	0.06187	0.01186	0.01208	0.03679	0.01141	0.07628	0.03412	0.01181	0.00867	0.00497	0.00470	0.00136	0.02571	0.00379	0.00293	0.18593
10	0.01276	0.14569	0.33510	0.01327	0.03828	0.03654	0.06743	0.07432	0.09234	0.05840	0.01122	0.01253	0.00849	0.00720	0.05195	0.00194	0.01790	0.00425	0.00303	0.00734
11	0.01165	0.01194	0.01483	0.01284	0.01308	0.08573	0.01048	0.01271	0.00843	0.01218	0.00757	0.01277	0.00764	0.07124	0.01645	0.00237	0.67566	0.00461	0.00235	0.00545
12	0.01068	0.13837	0.08636	0.00910	0.03110	0.00974	0.00789	0.01421	0.08444	0.01590	0.01423	0.08630	0.05654	0.00597	0.00437	0.00118	0.00436	0.00487	0.00328	0.41108
13	0.00926	0.00893	0.07049	0.00955	0.01021	0.00954	0.00776	0.00998	0.00783	0.01134	0.01101	0.02020	0.01160	0.29422	0.07686	0.11386	0.30489	0.00554	0.00257	0.00438
14	0.07044	0.04838	0.13474	0.01067	0.02617	0.01081	0.02799	0.09321	0.12653	0.11776	0.12894	0.07964	0.02688	0.00756	0.00605	0.00169	0.06529	0.00608	0.00429	0.00688
15	0.05865	0.09414	0.20227	0.01288	0.07791	0.04408	0.02140	0.14395	0.01381	0.17803	0.01221	0.03758	0.00918	0.00577	0.00515	0.00153	0.03179	0.00446	0.00375	0.04144
16	0.01128	0.04890	0.25349	0.05317	0.04377	0.01274	0.37302	0.01558	0.01134	0.01592	0.04093	0.01348	0.00889	0.00514	0.00636	0.00170	0.06970	0.00516	0.00253	0.00690
17	0.00770	0.00498	0.00634	0.00661	0.00739	0.00467	0.00460	0.00915	0.01133	0.04719	0.26763	0.37154	0.03405	0.10679	0.00835	0.00217	0.00304	0.01079	0.08119	0.00450
18	0.35035	0.01053	0.04205	0.12113	0.08515	0.01053	0.00862	0.01595	0.06942	0.06014	0.00988	0.01135	0.00757	0.00486	0.00407	0.00145	0.00470	0.00364	0.00325	0.17536

[dist]
# distance from previous block
# <min> <max>
0	157

# created by:
# /home/berkeley/.conda/envs/busco_data_prod/bin/msa2prfl.pl pipeline/OGs_align_augustus/33634/150249.fs
