[name]
unknown

[dist]
# distance from previous block
# <min> <max>
3	73

[block]
# block no. 0 follows, 45 sequences, length 30
# corresponding to MSA columns:
# 79-108
name=unknown_A
#
# <colnr> <probs for GDERKNQSTAVLIFYWHMCP>
#	G	D	E	R	K	N	Q	S	T	A	V	L	I	F	Y	W	H	M	C	P
0	0.14098	0.01131	0.01560	0.20720	0.12185	0.03524	0.07737	0.08211	0.01256	0.06164	0.01105	0.03872	0.00885	0.00559	0.00517	0.00159	0.02006	0.00475	0.01481	0.12354
1	0.03030	0.03654	0.07961	0.03504	0.01170	0.03056	0.00742	0.03523	0.01210	0.05337	0.14101	0.38881	0.02766	0.01154	0.00595	0.00182	0.00414	0.01014	0.00454	0.07251
2	0.01501	0.20745	0.22980	0.03208	0.01809	0.19649	0.04926	0.04063	0.01288	0.07511	0.01081	0.04876	0.00889	0.00575	0.00480	0.00150	0.00721	0.00438	0.00300	0.02807
3	0.53630	0.00993	0.00964	0.08131	0.01331	0.03539	0.03253	0.01491	0.01048	0.04672	0.08346	0.08113	0.01312	0.00666	0.00432	0.00172	0.00455	0.00500	0.00370	0.00580
4	0.00775	0.00544	0.00705	0.00705	0.00747	0.00585	0.00475	0.00858	0.00816	0.01130	0.01582	0.02906	0.01688	0.47813	0.35694	0.00668	0.00917	0.00692	0.00309	0.00392
5	0.01507	0.71817	0.02662	0.00965	0.01412	0.06534	0.00932	0.06368	0.01207	0.01401	0.00786	0.00894	0.00703	0.00476	0.00365	0.00119	0.00598	0.00303	0.00252	0.00699
6	0.00809	0.00559	0.00728	0.00680	0.00813	0.00515	0.00509	0.01053	0.01497	0.04496	0.72038	0.03952	0.06256	0.02917	0.00678	0.00177	0.00266	0.00956	0.00585	0.00514
7	0.00914	0.00744	0.00834	0.00777	0.00975	0.00762	0.00592	0.01548	0.25928	0.02000	0.34233	0.03658	0.22843	0.01046	0.00605	0.00176	0.00314	0.00895	0.00552	0.00604
8	0.00650	0.00544	0.00565	0.00560	0.00735	0.00460	0.00420	0.00800	0.01260	0.01537	0.14380	0.05022	0.68572	0.01327	0.00634	0.00180	0.00270	0.01113	0.00510	0.00460
9	0.00726	0.00547	0.00671	0.00640	0.00781	0.00492	0.00480	0.00947	0.01439	0.01963	0.58014	0.04322	0.24673	0.01168	0.00633	0.00172	0.00258	0.01015	0.00566	0.00492
10	0.01001	0.00500	0.00500	0.00500	0.00625	0.00500	0.00375	0.01251	0.01126	0.02001	0.01751	0.02001	0.01376	0.00625	0.00375	0.00125	0.00250	0.00500	0.84115	0.00500
11	0.01248	0.00983	0.01028	0.00938	0.01195	0.01117	0.00726	0.02435	0.57081	0.02182	0.02072	0.02002	0.01570	0.00701	0.00502	0.00167	0.00379	0.00579	0.22336	0.00759
12	0.12656	0.01396	0.01382	0.01132	0.01504	0.05642	0.00914	0.40873	0.24054	0.02811	0.01456	0.01427	0.01071	0.00645	0.00510	0.00167	0.00539	0.00487	0.00499	0.00835
13	0.06026	0.31212	0.01814	0.01025	0.01390	0.05783	0.00875	0.04126	0.38466	0.01867	0.01474	0.01441	0.01157	0.00604	0.00456	0.00153	0.00513	0.00453	0.00402	0.00764
14	0.01281	0.35629	0.14129	0.00992	0.01501	0.01459	0.00992	0.03590	0.05080	0.01603	0.00940	0.01060	0.00778	0.00466	0.00404	0.00116	0.00542	0.00337	0.00283	0.28817
15	0.01055	0.00959	0.01355	0.01259	0.05407	0.01203	0.02518	0.01174	0.00874	0.01298	0.01069	0.01884	0.01096	0.16621	0.07969	0.02997	0.43041	0.02934	0.00272	0.05014
16	0.01267	0.01448	0.03167	0.02262	0.02805	0.01357	0.75837	0.01719	0.01267	0.01719	0.01086	0.01448	0.00814	0.00452	0.00633	0.00181	0.00905	0.00633	0.00271	0.00724
17	0.02395	0.00935	0.01259	0.00965	0.01381	0.00821	0.00797	0.05299	0.01572	0.75424	0.02087	0.01807	0.01314	0.00664	0.00540	0.00166	0.00462	0.00538	0.00660	0.00914
18	0.01650	0.08659	0.15264	0.02829	0.04308	0.05480	0.14285	0.10706	0.09616	0.19731	0.01399	0.01441	0.00993	0.00572	0.00531	0.00165	0.00655	0.00496	0.00412	0.00809
19	0.00770	0.00564	0.00808	0.00808	0.00885	0.00641	0.00603	0.00924	0.00847	0.01206	0.01488	0.02385	0.01462	0.19175	0.64022	0.00795	0.01258	0.00615	0.00295	0.00449
20	0.00932	0.00466	0.00699	0.00699	0.00699	0.00466	0.00466	0.00699	0.00699	0.00932	0.00932	0.01632	0.00932	0.01865	0.02098	0.84382	0.00466	0.00466	0.00233	0.00233
21	0.01137	0.01158	0.02291	0.01773	0.02156	0.01122	0.46204	0.01567	0.04885	0.01699	0.01702	0.02967	0.01591	0.00812	0.00689	0.00204	0.02491	0.24543	0.00356	0.00652
22	0.01508	0.25224	0.07864	0.08817	0.12987	0.04148	0.07734	0.08252	0.04832	0.10203	0.01119	0.01263	0.00861	0.00538	0.00512	0.00154	0.02455	0.00437	0.00331	0.00762
23	0.01052	0.00993	0.01679	0.70574	0.12670	0.01203	0.01510	0.01405	0.01091	0.01418	0.00961	0.01419	0.00732	0.00530	0.00536	0.00177	0.00706	0.00477	0.00242	0.00627
24	0.00654	0.00467	0.00623	0.00747	0.00779	0.00436	0.00498	0.00747	0.01028	0.01370	0.02959	0.80785	0.03550	0.01682	0.00685	0.00218	0.00311	0.01526	0.00498	0.00436
25	0.04099	0.01269	0.15410	0.03960	0.08508	0.01027	0.01165	0.12073	0.05649	0.05694	0.01903	0.04347	0.01807	0.00948	0.00608	0.00200	0.00572	0.29645	0.00427	0.00687
26	0.01938	0.03905	0.03831	0.07928	0.03548	0.03060	0.03217	0.10668	0.09033	0.40891	0.01692	0.01620	0.01146	0.00645	0.00590	0.00169	0.04243	0.00515	0.00522	0.00839
27	0.37084	0.01049	0.01002	0.00884	0.01203	0.01177	0.00703	0.02127	0.32824	0.06347	0.05657	0.01581	0.01321	0.00632	0.00453	0.00169	0.00412	0.00475	0.00453	0.04448
28	0.04971	0.00883	0.01354	0.38126	0.08828	0.00989	0.02992	0.01399	0.04551	0.05183	0.11911	0.08506	0.06598	0.00765	0.00561	0.00178	0.00550	0.00676	0.00365	0.00612
29	0.49894	0.00930	0.02102	0.00721	0.00993	0.01015	0.00593	0.03495	0.01023	0.02206	0.01097	0.03864	0.00904	0.00590	0.00433	0.00157	0.04090	0.00401	0.21181	0.04309

[dist]
# distance from previous block
# <min> <max>
3	15

[block]
# block no. 1 follows, 45 sequences, length 11
# corresponding to MSA columns:
# 124-134
name=unknown_B
#
# <colnr> <probs for GDERKNQSTAVLIFYWHMCP>
#	G	D	E	R	K	N	Q	S	T	A	V	L	I	F	Y	W	H	M	C	P
0	0.01583	0.00918	0.01172	0.08071	0.01494	0.00868	0.00828	0.11119	0.01444	0.26240	0.01747	0.02291	0.01404	0.00727	0.00529	0.00158	0.00474	0.12827	0.07195	0.18912
1	0.01141	0.05493	0.01620	0.06329	0.35910	0.01081	0.01219	0.01528	0.08057	0.01706	0.04663	0.07294	0.01786	0.00848	0.00588	0.00186	0.00549	0.18932	0.00371	0.00701
2	0.00760	0.00549	0.00718	0.00675	0.00802	0.00506	0.00506	0.01013	0.01519	0.02153	0.77503	0.04010	0.05065	0.01097	0.00633	0.00169	0.00253	0.00971	0.00591	0.00506
3	0.00655	0.00508	0.00597	0.00652	0.00757	0.00450	0.00460	0.00782	0.01158	0.01477	0.10903	0.40797	0.35911	0.01488	0.00658	0.00197	0.00289	0.01304	0.00507	0.00450
4	0.02102	0.00873	0.01132	0.00900	0.01261	0.00795	0.00733	0.02434	0.08240	0.59973	0.02069	0.01869	0.01364	0.00664	0.00516	0.00161	0.00423	0.00540	0.13106	0.00846
5	0.00782	0.00544	0.00698	0.00659	0.00786	0.00506	0.00495	0.01035	0.01484	0.02139	0.70642	0.03828	0.04731	0.01055	0.00610	0.00165	0.00253	0.00928	0.08157	0.00506
6	0.01327	0.00986	0.01250	0.01072	0.01238	0.01169	0.00855	0.17538	0.04056	0.08698	0.01328	0.01839	0.01168	0.12755	0.20060	0.00401	0.22696	0.00553	0.00376	0.00635
7	0.01077	0.02777	0.78354	0.01530	0.02323	0.01247	0.01983	0.01700	0.01133	0.01700	0.00963	0.01133	0.00680	0.00510	0.00510	0.00170	0.00793	0.00397	0.00227	0.00793
8	0.01435	0.81458	0.02813	0.00918	0.01378	0.02124	0.00918	0.01607	0.01091	0.01263	0.00746	0.00861	0.00689	0.00459	0.00344	0.00115	0.00574	0.00287	0.00230	0.00689
9	0.00932	0.00466	0.00699	0.00699	0.00699	0.00466	0.00466	0.00699	0.00699	0.00932	0.00932	0.01632	0.00932	0.01865	0.02098	0.84382	0.00466	0.00466	0.00233	0.00233
10	0.12135	0.11884	0.07882	0.00984	0.01350	0.08465	0.00867	0.09949	0.07065	0.10379	0.14054	0.04344	0.01677	0.00684	0.00491	0.00154	0.00513	0.00534	0.00428	0.06162

[dist]
# distance from previous block
# <min> <max>
1	3

[block]
# block no. 2 follows, 45 sequences, length 19
# corresponding to MSA columns:
# 138-156
name=unknown_C
#
# <colnr> <probs for GDERKNQSTAVLIFYWHMCP>
#	G	D	E	R	K	N	Q	S	T	A	V	L	I	F	Y	W	H	M	C	P
0	0.84927	0.01038	0.00789	0.00706	0.01038	0.01204	0.00581	0.01578	0.00914	0.02408	0.00747	0.00872	0.00581	0.00498	0.00332	0.00166	0.00415	0.00291	0.00332	0.00581
1	0.02408	0.00914	0.01246	0.00955	0.01370	0.00789	0.00789	0.02616	0.01536	0.78158	0.02118	0.01827	0.01329	0.00664	0.00540	0.00166	0.00457	0.00540	0.00664	0.00914
2	0.84927	0.01038	0.00789	0.00706	0.01038	0.01204	0.00581	0.01578	0.00914	0.02408	0.00747	0.00872	0.00581	0.00498	0.00332	0.00166	0.00415	0.00291	0.00332	0.00581
3	0.02005	0.02558	0.01521	0.01383	0.01659	0.78980	0.01037	0.02143	0.01521	0.01314	0.00830	0.00968	0.00691	0.00553	0.00484	0.00138	0.00968	0.00346	0.00277	0.00622
4	0.75425	0.01024	0.00842	0.00735	0.01076	0.01156	0.00605	0.01697	0.00985	0.11130	0.00905	0.00982	0.00667	0.00517	0.00356	0.00166	0.00420	0.00319	0.00370	0.00620
5	0.00665	0.00472	0.00620	0.00733	0.00762	0.00443	0.00483	0.00750	0.01006	0.01341	0.02847	0.73973	0.03409	0.08686	0.00866	0.00245	0.00330	0.01460	0.00483	0.00426
6	0.84927	0.01038	0.00789	0.00706	0.01038	0.01204	0.00581	0.01578	0.00914	0.02408	0.00747	0.00872	0.00581	0.00498	0.00332	0.00166	0.00415	0.00291	0.00332	0.00581
7	0.01335	0.01153	0.01214	0.01092	0.01396	0.01335	0.00850	0.02852	0.76817	0.02245	0.02185	0.02003	0.01639	0.00728	0.00546	0.00182	0.00425	0.00607	0.00546	0.00850
8	0.00654	0.00467	0.00623	0.00747	0.00779	0.00436	0.00498	0.00747	0.01028	0.01370	0.02959	0.80785	0.03550	0.01682	0.00685	0.00218	0.00311	0.01526	0.00498	0.00436
9	0.00768	0.00572	0.00846	0.00846	0.00936	0.00662	0.00650	0.00948	0.00858	0.01234	0.01453	0.02194	0.01379	0.08710	0.74375	0.00842	0.01382	0.00588	0.00290	0.00470
10	0.02408	0.00914	0.01246	0.00955	0.01370	0.00789	0.00789	0.02616	0.01536	0.78158	0.02118	0.01827	0.01329	0.00664	0.00540	0.00166	0.00457	0.00540	0.00664	0.00914
11	0.00802	0.00549	0.00790	0.00795	0.00860	0.00609	0.00588	0.00891	0.00836	0.01173	0.01445	0.02406	0.01437	0.15718	0.50222	0.15524	0.01083	0.03567	0.00292	0.00412
12	0.01264	0.01416	0.07187	0.06627	0.07571	0.04820	0.34554	0.01954	0.20556	0.01817	0.03475	0.03789	0.01199	0.00590	0.00585	0.00178	0.00713	0.00611	0.00352	0.00743
13	0.01429	0.01466	0.02081	0.03010	0.66451	0.12846	0.01557	0.01721	0.01267	0.01688	0.00983	0.01275	0.00827	0.00489	0.00524	0.00156	0.00687	0.00459	0.00267	0.00816
14	0.02408	0.00914	0.01246	0.00955	0.01370	0.00789	0.00789	0.02616	0.01536	0.78158	0.02118	0.01827	0.01329	0.00664	0.00540	0.00166	0.00457	0.00540	0.00664	0.00914
15	0.01219	0.00807	0.00886	0.00808	0.01009	0.05807	0.00632	0.05000	0.05554	0.13098	0.30775	0.04970	0.04576	0.00929	0.00567	0.00168	0.00378	0.07213	0.14999	0.00606
16	0.01869	0.06612	0.01415	0.05599	0.08011	0.01017	0.00904	0.02266	0.11759	0.44215	0.03585	0.03743	0.03468	0.00694	0.00560	0.00168	0.02179	0.00570	0.00540	0.00826
17	0.01303	0.01039	0.13060	0.01154	0.07990	0.00756	0.00924	0.01549	0.01241	0.23806	0.08160	0.28435	0.02235	0.01165	0.04422	0.00218	0.00508	0.00880	0.00481	0.00675
18	0.34188	0.00939	0.01044	0.00853	0.01215	0.00942	0.00701	0.02105	0.01251	0.43778	0.01543	0.01477	0.01041	0.00823	0.05671	0.00212	0.00506	0.00446	0.00511	0.00756

[dist]
# distance from previous block
# <min> <max>
1	9

[block]
# block no. 3 follows, 45 sequences, length 46
# corresponding to MSA columns:
# 166-211
name=unknown_D
#
# <colnr> <probs for GDERKNQSTAVLIFYWHMCP>
#	G	D	E	R	K	N	Q	S	T	A	V	L	I	F	Y	W	H	M	C	P
0	0.07884	0.00630	0.00722	0.00682	0.00834	0.00615	0.00503	0.02834	0.01185	0.01703	0.24619	0.04981	0.18511	0.16352	0.09602	0.00311	0.00473	0.02457	0.00448	0.04653
1	0.03806	0.75156	0.02731	0.00958	0.01411	0.04070	0.02770	0.01623	0.01101	0.01308	0.00757	0.00879	0.00689	0.00463	0.00355	0.00119	0.00588	0.00297	0.00235	0.00685
2	0.00653	0.00483	0.00611	0.00709	0.00770	0.00441	0.00482	0.00758	0.01076	0.01405	0.05329	0.65159	0.16946	0.01608	0.00675	0.00210	0.00303	0.01441	0.00501	0.00441
3	0.03498	0.06407	0.03313	0.03045	0.03340	0.01118	0.02886	0.07080	0.17352	0.16687	0.01489	0.03499	0.01140	0.00650	0.00594	0.02399	0.04242	0.00491	0.00435	0.20332
4	0.13305	0.07953	0.08023	0.01094	0.03106	0.01172	0.02698	0.12529	0.05514	0.36940	0.01557	0.01471	0.01054	0.00603	0.00495	0.00162	0.00521	0.00469	0.00503	0.00830
5	0.01101	0.06842	0.12085	0.01481	0.13626	0.00951	0.10567	0.01370	0.01154	0.07406	0.01878	0.31795	0.01935	0.00975	0.00587	0.00184	0.00537	0.02259	0.02621	0.00645
6	0.00677	0.00484	0.00649	0.00774	0.00815	0.00456	0.00539	0.00788	0.01051	0.01396	0.02946	0.72573	0.03500	0.01660	0.00691	0.00221	0.00332	0.09509	0.00498	0.00442
7	0.01779	0.02953	0.05602	0.03227	0.18173	0.03652	0.02925	0.06406	0.01408	0.35396	0.01686	0.09409	0.01307	0.00707	0.00580	0.00170	0.02733	0.00600	0.00477	0.00811
8	0.03919	0.03356	0.07219	0.06615	0.09879	0.03288	0.04699	0.16331	0.01592	0.35340	0.01525	0.01504	0.01033	0.00598	0.00529	0.00164	0.00581	0.00494	0.00488	0.00846
9	0.60354	0.02911	0.01187	0.01198	0.12893	0.01282	0.02828	0.08480	0.01123	0.02354	0.00847	0.00996	0.00662	0.00507	0.00390	0.00164	0.00482	0.00346	0.00337	0.00659
10	0.01471	0.03936	0.21890	0.11566	0.12828	0.01383	0.01392	0.23286	0.10207	0.04959	0.01238	0.01360	0.00909	0.00577	0.00525	0.00167	0.00642	0.00470	0.00376	0.00819
11	0.00663	0.00545	0.00583	0.00574	0.00742	0.00465	0.00430	0.00825	0.01291	0.01609	0.21790	0.04904	0.61117	0.01300	0.00634	0.00178	0.00268	0.01096	0.00519	0.00465
12	0.02064	0.01466	0.01588	0.01217	0.01646	0.01609	0.01006	0.71375	0.02462	0.08093	0.01341	0.01323	0.00939	0.00646	0.00537	0.00161	0.00582	0.00487	0.00545	0.00913
13	0.01456	0.00704	0.00935	0.00789	0.01041	0.00624	0.00622	0.01685	0.01514	0.34470	0.42340	0.03130	0.06574	0.00924	0.00593	0.00168	0.00341	0.00794	0.00618	0.00677
14	0.18563	0.00938	0.01156	0.00906	0.01305	0.00870	0.00748	0.02413	0.01414	0.63329	0.01849	0.01640	0.01182	0.00632	0.00499	0.00166	0.00449	0.00491	0.00599	0.00848
15	0.00660	0.00472	0.00628	0.00743	0.00780	0.00440	0.00499	0.00762	0.01055	0.01414	0.07136	0.76483	0.03635	0.01649	0.00682	0.00215	0.00308	0.01495	0.00503	0.00440
16	0.00770	0.00561	0.00793	0.00793	0.00865	0.00633	0.00584	0.00914	0.00842	0.01195	0.01501	0.02461	0.01495	0.23380	0.59863	0.00777	0.01208	0.00627	0.00297	0.00441
17	0.01174	0.01174	0.01644	0.01409	0.01409	0.01644	0.01174	0.01292	0.00822	0.01292	0.00705	0.01174	0.00705	0.00940	0.01762	0.00235	0.80153	0.00470	0.00235	0.00587
18	0.01335	0.01153	0.01214	0.01092	0.01396	0.01335	0.00850	0.02852	0.76817	0.02245	0.02185	0.02003	0.01639	0.00728	0.00546	0.00182	0.00425	0.00607	0.00546	0.00850
19	0.02408	0.00914	0.01246	0.00955	0.01370	0.00789	0.00789	0.02616	0.01536	0.78158	0.02118	0.01827	0.01329	0.00664	0.00540	0.00166	0.00457	0.00540	0.00664	0.00914
20	0.84927	0.01038	0.00789	0.00706	0.01038	0.01204	0.00581	0.01578	0.00914	0.02408	0.00747	0.00872	0.00581	0.00498	0.00332	0.00166	0.00415	0.00291	0.00332	0.00581
21	0.01329	0.01275	0.02179	0.03295	0.77787	0.01275	0.01647	0.01647	0.01222	0.01754	0.01010	0.01329	0.00850	0.00478	0.00531	0.00159	0.00638	0.00478	0.00266	0.00850
22	0.84927	0.01038	0.00789	0.00706	0.01038	0.01204	0.00581	0.01578	0.00914	0.02408	0.00747	0.00872	0.00581	0.00498	0.00332	0.00166	0.00415	0.00291	0.00332	0.00581
23	0.01335	0.01153	0.01214	0.01092	0.01396	0.01335	0.00850	0.02852	0.76817	0.02245	0.02185	0.02003	0.01639	0.00728	0.00546	0.00182	0.00425	0.00607	0.00546	0.00850
24	0.01014	0.00954	0.01610	0.79845	0.03697	0.01193	0.01491	0.01371	0.01073	0.01371	0.00954	0.01431	0.00716	0.00537	0.00537	0.00179	0.00716	0.00477	0.00239	0.00596
25	0.00672	0.00480	0.00643	0.00768	0.00807	0.00451	0.00529	0.00778	0.01045	0.01390	0.02949	0.74500	0.03512	0.01665	0.00690	0.00220	0.00327	0.07635	0.00498	0.00441
26	0.02408	0.00914	0.01246	0.00955	0.01370	0.00789	0.00789	0.02616	0.01536	0.78158	0.02118	0.01827	0.01329	0.00664	0.00540	0.00166	0.00457	0.00540	0.00664	0.00914
27	0.01113	0.00954	0.01113	0.00795	0.01272	0.00716	0.00636	0.01352	0.01113	0.01749	0.00954	0.01113	0.00795	0.00398	0.00398	0.00080	0.00398	0.00318	0.00318	0.84417
28	0.00667	0.00477	0.00638	0.00763	0.00799	0.00447	0.00521	0.00770	0.01041	0.01385	0.02951	0.76101	0.03521	0.01669	0.00689	0.00220	0.00323	0.06080	0.00498	0.00440
29	0.01113	0.00954	0.01113	0.00795	0.01272	0.00716	0.00636	0.01352	0.01113	0.01749	0.00954	0.01113	0.00795	0.00398	0.00398	0.00080	0.00398	0.00318	0.00318	0.84417
30	0.58548	0.00998	0.00935	0.00786	0.01144	0.01071	0.00648	0.01910	0.01113	0.26623	0.01185	0.01177	0.00820	0.00551	0.00399	0.00166	0.00429	0.00370	0.00438	0.00688
31	0.04002	0.01401	0.01535	0.01179	0.01604	0.01517	0.00974	0.62817	0.02332	0.15049	0.01406	0.01363	0.00970	0.00644	0.00533	0.00162	0.00566	0.00488	0.00552	0.00905
32	0.01077	0.02777	0.78354	0.01530	0.02323	0.01247	0.01983	0.01700	0.01133	0.01700	0.00963	0.01133	0.00680	0.00510	0.00510	0.00170	0.00793	0.00397	0.00227	0.00793
33	0.02006	0.02523	0.01524	0.01378	0.01660	0.76370	0.01037	0.04636	0.01555	0.01384	0.00845	0.00979	0.00699	0.00556	0.00486	0.00139	0.00955	0.00350	0.00285	0.00632
34	0.02005	0.02558	0.01521	0.01383	0.01659	0.78980	0.01037	0.02143	0.01521	0.01314	0.00830	0.00968	0.00691	0.00553	0.00484	0.00138	0.00968	0.00346	0.00277	0.00622
35	0.02005	0.02558	0.01521	0.01383	0.01659	0.78980	0.01037	0.02143	0.01521	0.01314	0.00830	0.00968	0.00691	0.00553	0.00484	0.00138	0.00968	0.00346	0.00277	0.00622
36	0.01329	0.01275	0.02179	0.03295	0.77787	0.01275	0.01647	0.01647	0.01222	0.01754	0.01010	0.01329	0.00850	0.00478	0.00531	0.00159	0.00638	0.00478	0.00266	0.00850
37	0.01368	0.01105	0.01250	0.00916	0.01380	0.00976	0.00742	0.21841	0.01500	0.02198	0.01046	0.01161	0.00827	0.00465	0.00436	0.00102	0.00451	0.00363	0.00378	0.61496
38	0.80025	0.01031	0.00816	0.00721	0.01058	0.01180	0.00594	0.01640	0.00951	0.06908	0.00829	0.00929	0.00626	0.00508	0.00345	0.00166	0.00418	0.00305	0.00352	0.00601
39	0.00760	0.00549	0.00718	0.00675	0.00802	0.00506	0.00506	0.01013	0.01519	0.02153	0.77503	0.04010	0.05065	0.01097	0.00633	0.00169	0.00253	0.00971	0.00591	0.00506
40	0.01310	0.01256	0.02145	0.07842	0.73385	0.01270	0.01638	0.01631	0.01213	0.01731	0.01006	0.01335	0.00842	0.00482	0.00532	0.00161	0.00642	0.00478	0.00264	0.00835
41	0.00654	0.00467	0.00623	0.00747	0.00779	0.00436	0.00498	0.00747	0.01028	0.01370	0.02959	0.80785	0.03550	0.01682	0.00685	0.00218	0.00311	0.01526	0.00498	0.00436
42	0.01194	0.00952	0.01121	0.00805	0.01278	0.00720	0.00646	0.01431	0.01140	0.06539	0.01027	0.01158	0.00829	0.00414	0.00406	0.00085	0.00401	0.00332	0.00340	0.79182
43	0.01828	0.00781	0.01042	0.00845	0.01141	0.00691	0.00666	0.02019	0.01435	0.51146	0.18952	0.02534	0.02246	0.11179	0.00845	0.00213	0.00419	0.00668	0.00604	0.00746
44	0.03307	0.00824	0.00978	0.00938	0.01164	0.00852	0.00777	0.07619	0.16010	0.04564	0.06961	0.03700	0.02288	0.01024	0.00601	0.00193	0.00439	0.32032	0.08694	0.07036
45	0.01063	0.00734	0.00928	0.00936	0.04791	0.02793	0.00666	0.01281	0.03351	0.12659	0.24339	0.21466	0.12219	0.01234	0.03241	0.00208	0.06046	0.00960	0.00507	0.00576

[dist]
# distance from previous block
# <min> <max>
0	18

[block]
# block no. 4 follows, 45 sequences, length 36
# corresponding to MSA columns:
# 231-266
name=unknown_E
#
# <colnr> <probs for GDERKNQSTAVLIFYWHMCP>
#	G	D	E	R	K	N	Q	S	T	A	V	L	I	F	Y	W	H	M	C	P
0	0.01197	0.00976	0.01203	0.00886	0.01326	0.00795	0.03192	0.04359	0.01181	0.05309	0.01106	0.04662	0.00943	0.00495	0.00473	0.00101	0.02900	0.00403	0.00346	0.68148
1	0.00774	0.00579	0.00741	0.00830	0.00943	0.00560	0.00659	0.01007	0.04484	0.01529	0.03363	0.29139	0.17894	0.01488	0.00694	0.00222	0.00390	0.33722	0.00499	0.00483
2	0.01385	0.01178	0.01242	0.01103	0.01415	0.01359	0.00862	0.08054	0.71534	0.02326	0.02121	0.01952	0.01587	0.00722	0.00546	0.00181	0.00437	0.00598	0.00546	0.00854
3	0.00675	0.00545	0.00600	0.00586	0.00750	0.00470	0.00440	0.00848	0.01319	0.01676	0.28572	0.04795	0.54294	0.01275	0.00634	0.00177	0.00266	0.01081	0.00528	0.00470
4	0.00654	0.00467	0.00623	0.00747	0.00779	0.00436	0.00498	0.00747	0.01028	0.01370	0.02959	0.80785	0.03550	0.01682	0.00685	0.00218	0.00311	0.01526	0.00498	0.00436
5	0.01077	0.02777	0.78354	0.01530	0.02323	0.01247	0.01983	0.01700	0.01133	0.01700	0.00963	0.01133	0.00680	0.00510	0.00510	0.00170	0.00793	0.00397	0.00227	0.00793
6	0.02347	0.01012	0.01306	0.01002	0.01419	0.00934	0.00827	0.14805	0.01700	0.65738	0.01980	0.01738	0.01260	0.00661	0.00539	0.00165	0.00479	0.00530	0.00643	0.00913
7	0.00760	0.00549	0.00718	0.00675	0.00802	0.00506	0.00506	0.01013	0.01519	0.02153	0.77503	0.04010	0.05065	0.01097	0.00633	0.00169	0.00253	0.00971	0.00591	0.00506
8	0.00714	0.00543	0.00657	0.00637	0.00776	0.00486	0.00475	0.00922	0.01400	0.01889	0.50722	0.08270	0.28132	0.01211	0.00636	0.00175	0.00262	0.01051	0.00557	0.00486
9	0.01285	0.01231	0.02100	0.13903	0.67519	0.01264	0.01626	0.01609	0.01202	0.01701	0.01002	0.01343	0.00832	0.00486	0.00532	0.00162	0.00648	0.00478	0.00262	0.00815
10	0.01323	0.01498	0.03047	0.02192	0.02720	0.04739	0.70234	0.04074	0.01318	0.01754	0.01081	0.01422	0.00812	0.00463	0.00624	0.00179	0.00898	0.00616	0.00280	0.00726
11	0.01384	0.01178	0.01241	0.01102	0.01415	0.01358	0.00862	0.07949	0.71640	0.02325	0.02122	0.01953	0.01588	0.00722	0.00546	0.00181	0.00436	0.00598	0.00546	0.00854
12	0.77823	0.01055	0.00845	0.00740	0.01080	0.01209	0.00610	0.05054	0.01013	0.05463	0.00827	0.00929	0.00626	0.00512	0.00350	0.00166	0.00425	0.00309	0.00355	0.00610
13	0.00720	0.00547	0.00662	0.00634	0.00777	0.00490	0.00475	0.00936	0.01425	0.01929	0.54596	0.04377	0.28112	0.01181	0.00634	0.00173	0.00259	0.01022	0.00562	0.00490
14	0.00767	0.00575	0.00863	0.00863	0.00959	0.00671	0.00671	0.00959	0.00863	0.01246	0.01438	0.02109	0.01342	0.04026	0.79008	0.00863	0.01438	0.00575	0.00288	0.00479
15	0.09775	0.00925	0.01205	0.00933	0.01341	0.00826	0.00770	0.02523	0.01481	0.71396	0.01995	0.01742	0.01262	0.00650	0.00521	0.00166	0.00453	0.00518	0.00635	0.00884
16	0.01752	0.04672	0.01572	0.06192	0.07398	0.01239	0.03938	0.24560	0.08803	0.20284	0.01447	0.01458	0.01032	0.00587	0.00513	0.00152	0.00539	0.00481	0.00473	0.12906
17	0.01936	0.01399	0.01523	0.01189	0.01590	0.01534	0.00983	0.66669	0.02384	0.05525	0.04737	0.01666	0.01218	0.00707	0.00552	0.00166	0.00567	0.04241	0.00541	0.00874
18	0.01014	0.00954	0.01610	0.79845	0.03697	0.01193	0.01491	0.01371	0.01073	0.01371	0.00954	0.01431	0.00716	0.00537	0.00537	0.00179	0.00716	0.00477	0.00239	0.00596
19	0.01191	0.01041	0.01705	0.35893	0.31059	0.01142	0.01410	0.03752	0.01200	0.04752	0.01268	0.06203	0.01110	0.00649	0.00556	0.00177	0.00635	0.05252	0.00306	0.00699
20	0.84927	0.01038	0.00789	0.00706	0.01038	0.01204	0.00581	0.01578	0.00914	0.02408	0.00747	0.00872	0.00581	0.00498	0.00332	0.00166	0.00415	0.00291	0.00332	0.00581
21	0.01014	0.00954	0.01610	0.79845	0.03697	0.01193	0.01491	0.01371	0.01073	0.01371	0.00954	0.01431	0.00716	0.00537	0.00537	0.00179	0.00716	0.00477	0.00239	0.00596
22	0.00726	0.00486	0.00648	0.00756	0.00803	0.00451	0.00510	0.00824	0.01049	0.04531	0.02924	0.77535	0.03459	0.01640	0.00679	0.00216	0.00317	0.01485	0.00505	0.00456
23	0.02041	0.01504	0.01611	0.01235	0.01665	0.01665	0.01020	0.75997	0.02524	0.03383	0.01289	0.01289	0.00913	0.00644	0.00537	0.00161	0.00591	0.00483	0.00537	0.00913
24	0.00760	0.00549	0.00718	0.00675	0.00802	0.00506	0.00506	0.01013	0.01519	0.02153	0.77503	0.04010	0.05065	0.01097	0.00633	0.00169	0.00253	0.00971	0.00591	0.00506
25	0.00778	0.00529	0.00629	0.00629	0.00644	0.00544	0.00379	0.00809	0.00793	0.01073	0.01652	0.03293	0.01856	0.69044	0.14692	0.00574	0.00664	0.00748	0.00319	0.00349
26	0.00932	0.00466	0.00699	0.00699	0.00699	0.00466	0.00466	0.00699	0.00699	0.00932	0.00932	0.01632	0.00932	0.01865	0.02098	0.84382	0.00466	0.00466	0.00233	0.00233
27	0.84927	0.01038	0.00789	0.00706	0.01038	0.01204	0.00581	0.01578	0.00914	0.02408	0.00747	0.00872	0.00581	0.00498	0.00332	0.00166	0.00415	0.00291	0.00332	0.00581
28	0.01435	0.81458	0.02813	0.00918	0.01378	0.02124	0.00918	0.01607	0.01091	0.01263	0.00746	0.00861	0.00689	0.00459	0.00344	0.00115	0.00574	0.00287	0.00230	0.00689
29	0.01267	0.01448	0.03167	0.02262	0.02805	0.01357	0.75837	0.01719	0.01267	0.01719	0.01086	0.01448	0.00814	0.00452	0.00633	0.00181	0.00905	0.00633	0.00271	0.00724
30	0.00736	0.00548	0.00684	0.00650	0.00787	0.00496	0.00488	0.00967	0.01463	0.02019	0.63796	0.04230	0.18856	0.01147	0.00633	0.00171	0.00257	0.01002	0.00573	0.00496
31	0.00781	0.00520	0.00585	0.00585	0.00585	0.00520	0.00325	0.00781	0.00781	0.01041	0.01691	0.03513	0.01952	0.81135	0.02732	0.00520	0.00520	0.00781	0.00325	0.00325
32	0.00674	0.00533	0.00606	0.00614	0.00756	0.00466	0.00451	0.00837	0.01278	0.01641	0.25911	0.16694	0.44968	0.01334	0.00642	0.00183	0.00273	0.01148	0.00525	0.00466
33	0.01173	0.00952	0.01119	0.00802	0.01277	0.00719	0.00643	0.01410	0.01133	0.05276	0.01008	0.01146	0.00820	0.00410	0.00404	0.00084	0.00400	0.00328	0.00334	0.80562
34	0.01807	0.01382	0.01481	0.01172	0.01573	0.01522	0.00953	0.53172	0.20717	0.02997	0.01488	0.01453	0.01084	0.00649	0.00530	0.00161	0.00537	0.00503	0.00525	0.06294
35	0.01875	0.00963	0.04372	0.01144	0.05794	0.00809	0.05640	0.02120	0.01450	0.50162	0.12660	0.07088	0.01913	0.00760	0.00567	0.00171	0.00471	0.00660	0.00578	0.00805

[dist]
# distance from previous block
# <min> <max>
2	4

[block]
# block no. 5 follows, 45 sequences, length 14
# corresponding to MSA columns:
# 272-285
name=unknown_F
#
# <colnr> <probs for GDERKNQSTAVLIFYWHMCP>
#	G	D	E	R	K	N	Q	S	T	A	V	L	I	F	Y	W	H	M	C	P
0	0.01228	0.12676	0.07953	0.05171	0.21087	0.01255	0.08224	0.01574	0.04761	0.05739	0.03114	0.03388	0.01113	0.01180	0.14018	0.00285	0.05701	0.00522	0.00308	0.00705
1	0.00998	0.14471	0.01246	0.00896	0.01083	0.00981	0.00735	0.03608	0.03943	0.03858	0.01366	0.01856	0.01228	0.03069	0.57418	0.00663	0.01191	0.00523	0.00308	0.00558
2	0.01525	0.07159	0.17121	0.01172	0.01613	0.07309	0.02613	0.09087	0.21305	0.13970	0.03197	0.01761	0.03007	0.00660	0.00524	0.00165	0.00577	0.02737	0.00439	0.04059
3	0.01506	0.01007	0.01259	0.01015	0.04838	0.00877	0.00778	0.06433	0.01295	0.20698	0.01250	0.01314	0.00931	0.00516	0.00532	0.00119	0.05343	0.00400	0.00410	0.49477
4	0.06535	0.01170	0.01429	0.11471	0.15926	0.04269	0.01056	0.08929	0.28819	0.05858	0.07643	0.01781	0.01465	0.00655	0.00532	0.00171	0.00525	0.00551	0.00440	0.00774
5	0.01379	0.01103	0.01531	0.01296	0.01372	0.01453	0.01077	0.01517	0.00956	0.14465	0.00987	0.01319	0.00838	0.00880	0.01498	0.00219	0.63381	0.00483	0.03606	0.00640
6	0.01174	0.01174	0.01644	0.01409	0.01409	0.01644	0.01174	0.01292	0.00822	0.01292	0.00705	0.01174	0.00705	0.00940	0.01762	0.00235	0.80153	0.00470	0.00235	0.00587
7	0.01276	0.00673	0.00823	0.00713	0.00965	0.00581	0.00560	0.01461	0.01393	0.28221	0.18993	0.03771	0.36307	0.01065	0.00601	0.00173	0.00332	0.00894	0.00575	0.00624
8	0.01435	0.81458	0.02813	0.00918	0.01378	0.02124	0.00918	0.01607	0.01091	0.01263	0.00746	0.00861	0.00689	0.00459	0.00344	0.00115	0.00574	0.00287	0.00230	0.00689
9	0.00634	0.00544	0.00544	0.00544	0.00725	0.00453	0.00408	0.00770	0.01224	0.01450	0.05438	0.05166	0.77569	0.01359	0.00634	0.00181	0.00272	0.01133	0.00498	0.00453
10	0.00712	0.00508	0.00689	0.00813	0.00870	0.00486	0.00599	0.00847	0.01085	0.01435	0.02927	0.60324	0.03424	0.01627	0.00701	0.00226	0.00361	0.21417	0.00497	0.00452
11	0.01547	0.00661	0.00789	0.00677	0.00914	0.00612	0.00536	0.01780	0.01285	0.31547	0.01893	0.01934	0.01358	0.00641	0.00439	0.00141	0.00330	0.00516	0.51740	0.00661
12	0.01542	0.01013	0.01169	0.01034	0.01335	0.01086	0.00824	0.06467	0.41492	0.20669	0.02239	0.07213	0.01800	0.00849	0.00574	0.00186	0.00442	0.08695	0.00566	0.00804
13	0.00654	0.00467	0.00623	0.00747	0.00779	0.00436	0.00498	0.00747	0.01028	0.01370	0.02959	0.80785	0.03550	0.01682	0.00685	0.00218	0.00311	0.01526	0.00498	0.00436

[dist]
# distance from previous block
# <min> <max>
0	2

[block]
# block no. 6 follows, 45 sequences, length 24
# corresponding to MSA columns:
# 288-311
name=unknown_G
#
# <colnr> <probs for GDERKNQSTAVLIFYWHMCP>
#	G	D	E	R	K	N	Q	S	T	A	V	L	I	F	Y	W	H	M	C	P
0	0.20536	0.16771	0.08600	0.00946	0.01386	0.01184	0.00879	0.02103	0.01273	0.39192	0.01438	0.01362	0.00977	0.00573	0.00453	0.00156	0.00501	0.00422	0.00465	0.00784
1	0.01245	0.06112	0.08523	0.01037	0.03720	0.00956	0.03559	0.01647	0.08477	0.06605	0.01141	0.01249	0.00896	0.00465	0.00441	0.00112	0.00477	0.00382	0.00345	0.52611
2	0.01083	0.00668	0.00902	0.00930	0.01107	0.00635	0.00787	0.01306	0.01233	0.11872	0.02523	0.06337	0.02596	0.06175	0.00804	0.00238	0.00475	0.51633	0.02509	0.06185
3	0.01085	0.00916	0.01078	0.00813	0.01240	0.00721	0.00653	0.01373	0.04014	0.01780	0.05371	0.01650	0.01223	0.00524	0.00440	0.00100	0.00397	0.05485	0.00354	0.70785
4	0.06285	0.11414	0.01559	0.01122	0.01492	0.06931	0.00920	0.29715	0.30363	0.02489	0.01499	0.01461	0.01126	0.00639	0.00501	0.00162	0.00542	0.00485	0.00473	0.00822
5	0.01604	0.01772	0.35103	0.04370	0.07670	0.01053	0.01399	0.03379	0.01311	0.29883	0.01397	0.01417	0.00945	0.00561	0.00517	0.00162	0.00627	0.00455	0.00403	0.05972
6	0.01401	0.01672	0.25405	0.06818	0.21250	0.01197	0.12348	0.01900	0.06484	0.14343	0.01267	0.01421	0.00918	0.00536	0.00542	0.00170	0.00685	0.00495	0.00338	0.00809
7	0.01077	0.02488	0.66554	0.01435	0.02142	0.01204	0.01787	0.01752	0.07612	0.01777	0.06217	0.01401	0.01057	0.00568	0.00521	0.00171	0.00726	0.00453	0.00278	0.00779
8	0.00932	0.00466	0.00699	0.00699	0.00699	0.00466	0.00466	0.00699	0.00699	0.00932	0.00932	0.01632	0.00932	0.01865	0.02098	0.84382	0.00466	0.00466	0.00233	0.00233
9	0.01461	0.01280	0.05281	0.04625	0.36579	0.01250	0.07779	0.07511	0.09937	0.10998	0.01340	0.03648	0.01055	0.00596	0.00602	0.00171	0.04161	0.00539	0.00369	0.00818
10	0.01442	0.15689	0.47883	0.01295	0.01945	0.01291	0.01529	0.01894	0.01218	0.19141	0.01191	0.01246	0.00830	0.00537	0.00489	0.00160	0.00679	0.00411	0.00327	0.00803
11	0.01267	0.01245	0.02216	0.16025	0.55257	0.01273	0.11589	0.01611	0.01203	0.01685	0.01011	0.01362	0.00823	0.00485	0.00546	0.00166	0.00687	0.00499	0.00262	0.00791
12	0.82265	0.01093	0.03252	0.00732	0.01079	0.01206	0.00626	0.01582	0.00921	0.02386	0.00754	0.00880	0.00584	0.00499	0.00338	0.00166	0.00427	0.00294	0.00329	0.00588
13	0.00662	0.00473	0.00632	0.00756	0.00791	0.00443	0.00512	0.00761	0.01035	0.01379	0.02954	0.78089	0.03534	0.01675	0.00687	0.00219	0.00318	0.04147	0.00498	0.00438
14	0.01264	0.43819	0.38949	0.01211	0.01830	0.01704	0.01428	0.01652	0.01111	0.01472	0.00850	0.00991	0.00685	0.00484	0.00424	0.00141	0.00679	0.00339	0.00228	0.00739
15	0.01375	0.01364	0.02133	0.03162	0.72510	0.06662	0.01605	0.01682	0.01243	0.01723	0.00997	0.01304	0.00839	0.00483	0.00528	0.00158	0.00661	0.00469	0.00266	0.00834
16	0.00767	0.00575	0.00863	0.00863	0.00959	0.00671	0.00671	0.00959	0.00863	0.01246	0.01438	0.02109	0.01342	0.04026	0.79008	0.00863	0.01438	0.00575	0.00288	0.00479
17	0.84927	0.01038	0.00789	0.00706	0.01038	0.01204	0.00581	0.01578	0.00914	0.02408	0.00747	0.00872	0.00581	0.00498	0.00332	0.00166	0.00415	0.00291	0.00332	0.00581
18	0.00709	0.00495	0.00646	0.00709	0.00777	0.00462	0.00493	0.00863	0.01191	0.01659	0.26664	0.51455	0.03900	0.01430	0.00650	0.00197	0.00289	0.01286	0.05663	0.00462
19	0.00649	0.00544	0.00564	0.00559	0.00734	0.00459	0.00419	0.00798	0.01257	0.01531	0.13694	0.05034	0.69263	0.01329	0.00634	0.00180	0.00270	0.01114	0.00509	0.00459
20	0.02129	0.00849	0.01154	0.00911	0.01274	0.00739	0.00741	0.02337	0.01514	0.65421	0.11757	0.05244	0.01893	0.00760	0.00557	0.00169	0.00425	0.00634	0.00648	0.00843
21	0.00783	0.00544	0.00696	0.00658	0.00785	0.00506	0.00494	0.01036	0.01481	0.02138	0.70111	0.03814	0.04705	0.01051	0.00608	0.00165	0.00253	0.00925	0.08742	0.00506
22	0.08579	0.03153	0.01303	0.01135	0.01416	0.39758	0.00876	0.11052	0.03840	0.05830	0.06125	0.05494	0.05753	0.00730	0.00515	0.00157	0.00696	0.02550	0.00390	0.00649
23	0.08169	0.10640	0.08075	0.01805	0.15485	0.01389	0.22369	0.12838	0.01419	0.10993	0.01149	0.01310	0.00853	0.00519	0.00523	0.00163	0.00672	0.00487	0.00353	0.00787

[dist]
# distance from previous block
# <min> <max>
1	9

[block]
# block no. 7 follows, 45 sequences, length 105
# corresponding to MSA columns:
# 321-425
name=unknown_H
#
# <colnr> <probs for GDERKNQSTAVLIFYWHMCP>
#	G	D	E	R	K	N	Q	S	T	A	V	L	I	F	Y	W	H	M	C	P
0	0.03826	0.12767	0.17973	0.01420	0.01898	0.24939	0.13605	0.04456	0.01360	0.11278	0.01065	0.01185	0.00794	0.00530	0.00500	0.00154	0.00776	0.00424	0.00318	0.00730
1	0.02408	0.00914	0.01246	0.00955	0.01370	0.00789	0.00789	0.02616	0.01536	0.78158	0.02118	0.01827	0.01329	0.00664	0.00540	0.00166	0.00457	0.00540	0.00664	0.00914
2	0.02230	0.00861	0.01151	0.00898	0.01276	0.00752	0.00737	0.02443	0.01484	0.68522	0.02071	0.01849	0.01335	0.00659	0.00519	0.00161	0.00431	0.00535	0.11224	0.00861
3	0.01267	0.01448	0.03167	0.02262	0.02805	0.01357	0.75837	0.01719	0.01267	0.01719	0.01086	0.01448	0.00814	0.00452	0.00633	0.00181	0.00905	0.00633	0.00271	0.00724
4	0.00738	0.00548	0.00688	0.00653	0.00789	0.00497	0.00490	0.00972	0.01469	0.02033	0.65285	0.04206	0.17358	0.01142	0.00633	0.00171	0.00256	0.00998	0.00575	0.00497
5	0.01224	0.35150	0.47273	0.01278	0.01934	0.01608	0.01545	0.01662	0.01116	0.01520	0.00874	0.01021	0.00684	0.00489	0.00442	0.00147	0.00703	0.00352	0.00228	0.00750
6	0.01329	0.01275	0.02179	0.03295	0.77787	0.01275	0.01647	0.01647	0.01222	0.01754	0.01010	0.01329	0.00850	0.00478	0.00531	0.00159	0.00638	0.00478	0.00266	0.00850
7	0.00760	0.00549	0.00718	0.00675	0.00802	0.00506	0.00506	0.01013	0.01519	0.02153	0.77503	0.04010	0.05065	0.01097	0.00633	0.00169	0.00253	0.00971	0.00591	0.00506
8	0.04796	0.23096	0.01857	0.01246	0.06838	0.03624	0.00984	0.30137	0.18025	0.02359	0.01284	0.01306	0.00987	0.00593	0.00477	0.00153	0.00557	0.00446	0.00422	0.00814
9	0.01124	0.01100	0.01548	0.01342	0.01354	0.01524	0.01112	0.01251	0.00827	0.01286	0.00795	0.01290	0.00783	0.01321	0.11308	0.00312	0.70425	0.00483	0.00241	0.00574
10	0.08191	0.11347	0.20740	0.01066	0.01579	0.01096	0.01080	0.02109	0.01308	0.39274	0.01487	0.01419	0.00999	0.00572	0.00484	0.00156	0.00549	0.00441	0.00455	0.05646
11	0.01303	0.01120	0.01186	0.01069	0.01363	0.01290	0.00831	0.02751	0.72669	0.02240	0.06334	0.02113	0.01827	0.00749	0.00551	0.00181	0.00415	0.00627	0.00549	0.00831
12	0.02408	0.00914	0.01246	0.00955	0.01370	0.00789	0.00789	0.02616	0.01536	0.78158	0.02118	0.01827	0.01329	0.00664	0.00540	0.00166	0.00457	0.00540	0.00664	0.00914
13	0.00932	0.00758	0.00920	0.10990	0.01325	0.01897	0.00719	0.02611	0.16277	0.03021	0.15770	0.18708	0.18011	0.01118	0.00614	0.00188	0.00394	0.04680	0.00490	0.00576
14	0.01310	0.01116	0.05719	0.41901	0.16811	0.01139	0.03791	0.03618	0.01218	0.13235	0.01231	0.04444	0.00947	0.00587	0.00544	0.00174	0.00653	0.00527	0.00327	0.00709
15	0.00752	0.00536	0.00728	0.00848	0.00918	0.00519	0.00653	0.00909	0.01110	0.01462	0.02860	0.44963	0.03287	0.04588	0.00787	0.00242	0.00400	0.33491	0.00490	0.00457
16	0.00767	0.00567	0.00713	0.00796	0.00867	0.00562	0.00549	0.03770	0.07819	0.01524	0.02827	0.70789	0.03281	0.01558	0.00667	0.00213	0.00332	0.01405	0.00504	0.00491
17	0.05715	0.03261	0.03942	0.01514	0.15514	0.01242	0.03061	0.25097	0.03223	0.29716	0.01500	0.01473	0.01035	0.00602	0.00525	0.00163	0.00554	0.00493	0.00500	0.00871
18	0.04444	0.15149	0.05413	0.04215	0.05187	0.05759	0.01055	0.39335	0.05941	0.04971	0.02722	0.01296	0.00967	0.00599	0.00496	0.00155	0.00599	0.00450	0.00431	0.00816
19	0.00710	0.00499	0.00632	0.02554	0.00775	0.00485	0.00457	0.00775	0.00936	0.01247	0.02437	0.49999	0.02885	0.31384	0.01448	0.00330	0.00399	0.01222	0.00427	0.00398
20	0.77998	0.01050	0.00841	0.00737	0.01077	0.01202	0.00607	0.04430	0.01003	0.05939	0.00831	0.00932	0.00628	0.00511	0.00349	0.00166	0.00424	0.00309	0.00355	0.00609
21	0.03840	0.13420	0.31818	0.01376	0.03729	0.06001	0.04126	0.03767	0.07445	0.03667	0.01027	0.01193	0.00799	0.00584	0.00659	0.00167	0.11786	0.00416	0.00287	0.03894
22	0.00696	0.00533	0.00644	0.00682	0.00803	0.00480	0.00509	0.00861	0.01241	0.01611	0.21327	0.25587	0.31705	0.01400	0.00660	0.00196	0.00304	0.09774	0.00520	0.00466
23	0.08641	0.03875	0.07716	0.06158	0.36791	0.01233	0.02867	0.05964	0.06591	0.08679	0.05383	0.01503	0.01134	0.00562	0.00517	0.00164	0.00583	0.00495	0.00354	0.00792
24	0.01686	0.03877	0.02037	0.11183	0.05684	0.05753	0.19459	0.36119	0.01842	0.05293	0.01175	0.01337	0.00858	0.00567	0.00552	0.00166	0.00700	0.00508	0.00404	0.00802
25	0.00813	0.00560	0.00735	0.00684	0.00820	0.00516	0.00516	0.01065	0.01520	0.04602	0.75074	0.03939	0.04944	0.01083	0.00630	0.00169	0.00260	0.00957	0.00593	0.00520
26	0.84927	0.01038	0.00789	0.00706	0.01038	0.01204	0.00581	0.01578	0.00914	0.02408	0.00747	0.00872	0.00581	0.00498	0.00332	0.00166	0.00415	0.00291	0.00332	0.00581
27	0.01313	0.01029	0.01150	0.00960	0.01314	0.01040	0.00754	0.02238	0.41904	0.08246	0.07073	0.01853	0.01591	0.00646	0.00506	0.00148	0.00407	0.00537	0.00488	0.26803
28	0.02041	0.01504	0.01611	0.01235	0.01665	0.01665	0.01020	0.75997	0.02524	0.03383	0.01289	0.01289	0.00913	0.00644	0.00537	0.00161	0.00591	0.00483	0.00537	0.00913
29	0.00654	0.00467	0.00623	0.00747	0.00779	0.00436	0.00498	0.00747	0.01028	0.01370	0.02959	0.80785	0.03550	0.01682	0.00685	0.00218	0.00311	0.01526	0.00498	0.00436
30	0.84927	0.01038	0.00789	0.00706	0.01038	0.01204	0.00581	0.01578	0.00914	0.02408	0.00747	0.00872	0.00581	0.00498	0.00332	0.00166	0.00415	0.00291	0.00332	0.00581
31	0.02041	0.01504	0.01611	0.01235	0.01665	0.01665	0.01020	0.75997	0.02524	0.03383	0.01289	0.01289	0.00913	0.00644	0.00537	0.00161	0.00591	0.00483	0.00537	0.00913
32	0.00781	0.00520	0.00585	0.00585	0.00585	0.00520	0.00325	0.00781	0.00781	0.01041	0.01691	0.03513	0.01952	0.81135	0.02732	0.00520	0.00520	0.00781	0.00325	0.00325
33	0.02041	0.01504	0.01611	0.01235	0.01665	0.01665	0.01020	0.75997	0.02524	0.03383	0.01289	0.01289	0.00913	0.00644	0.00537	0.00161	0.00591	0.00483	0.00537	0.00913
34	0.00743	0.00539	0.00703	0.00699	0.00812	0.00499	0.00521	0.00966	0.01412	0.01967	0.58380	0.16575	0.07695	0.01224	0.00648	0.00182	0.00277	0.05100	0.00567	0.00492
35	0.04422	0.34366	0.02056	0.01080	0.01511	0.01820	0.00954	0.38791	0.06148	0.02414	0.01100	0.01140	0.00852	0.00568	0.00452	0.00143	0.00569	0.00403	0.00404	0.00806
36	0.02123	0.01100	0.01398	0.01096	0.01449	0.01139	0.00907	0.20456	0.01667	0.47637	0.01691	0.01592	0.01128	0.00703	0.00732	0.00176	0.13065	0.00515	0.00565	0.00862
37	0.01541	0.34083	0.01973	0.01172	0.07758	0.01419	0.03324	0.05627	0.02786	0.17808	0.01358	0.05799	0.01141	0.00860	0.05966	0.00195	0.00600	0.02324	0.00378	0.03887
38	0.00740	0.00549	0.00702	0.00793	0.00896	0.00517	0.00621	0.00903	0.01151	0.01475	0.03453	0.29909	0.20727	0.04092	0.00762	0.00231	0.00384	0.31142	0.00491	0.00460
39	0.00660	0.00472	0.00628	0.00743	0.00780	0.00440	0.00499	0.00762	0.01055	0.01413	0.07065	0.76556	0.03634	0.01650	0.00682	0.00215	0.00308	0.01495	0.00503	0.00440
40	0.01211	0.05606	0.11194	0.11078	0.06024	0.01057	0.09619	0.06342	0.05703	0.08812	0.13924	0.04790	0.08645	0.02883	0.00622	0.00180	0.00554	0.00669	0.00409	0.00679
41	0.11295	0.00936	0.01192	0.00929	0.01327	0.00855	0.00766	0.04994	0.01502	0.64962	0.04311	0.01773	0.01351	0.00659	0.00520	0.00166	0.00450	0.00524	0.00622	0.00865
42	0.00663	0.00471	0.00620	0.00736	0.00765	0.00442	0.00486	0.00750	0.01010	0.01347	0.02870	0.75372	0.03438	0.07248	0.00829	0.00239	0.00326	0.01474	0.00486	0.00428
43	0.00866	0.03203	0.03679	0.00774	0.00911	0.00648	0.00596	0.03516	0.06917	0.01647	0.02598	0.44356	0.06757	0.01262	0.00591	0.00189	0.00348	0.03856	0.16764	0.00520
44	0.03212	0.23733	0.10669	0.02480	0.04062	0.06765	0.01065	0.16138	0.09345	0.15576	0.01286	0.01297	0.00947	0.00574	0.00474	0.00151	0.00594	0.00429	0.00405	0.00798
45	0.01077	0.02777	0.78354	0.01530	0.02323	0.01247	0.01983	0.01700	0.01133	0.01700	0.00963	0.01133	0.00680	0.00510	0.00510	0.00170	0.00793	0.00397	0.00227	0.00793
46	0.00779	0.00526	0.00612	0.00612	0.00622	0.00535	0.00359	0.00798	0.00789	0.01061	0.01667	0.03376	0.01892	0.73632	0.10154	0.00554	0.00610	0.00761	0.00322	0.00340
47	0.01802	0.09659	0.05342	0.01590	0.13559	0.01363	0.10545	0.23487	0.03560	0.21647	0.01383	0.01419	0.00981	0.00576	0.00528	0.00161	0.00607	0.00495	0.00448	0.00849
48	0.03605	0.03848	0.05679	0.01822	0.25281	0.03253	0.07653	0.08178	0.05421	0.09899	0.04250	0.01707	0.03200	0.00596	0.00526	0.00156	0.00577	0.02884	0.00378	0.11086
49	0.01077	0.02777	0.78354	0.01530	0.02323	0.01247	0.01983	0.01700	0.01133	0.01700	0.00963	0.01133	0.00680	0.00510	0.00510	0.00170	0.00793	0.00397	0.00227	0.00793
50	0.00653	0.00472	0.00618	0.00735	0.00775	0.00437	0.00493	0.00749	0.01040	0.01375	0.03112	0.76116	0.08120	0.01662	0.00682	0.00216	0.00309	0.01502	0.00498	0.00437
51	0.01664	0.09977	0.06506	0.05338	0.01737	0.01314	0.08961	0.15522	0.18491	0.19411	0.01577	0.01566	0.01128	0.00612	0.00521	0.00164	0.00561	0.00513	0.03620	0.00815
52	0.01842	0.01494	0.15545	0.01436	0.04333	0.01194	0.14728	0.19322	0.01635	0.30692	0.01495	0.01492	0.01007	0.00588	0.00551	0.00168	0.00636	0.00516	0.00472	0.00855
