[name]
unknown

[dist]
# distance from previous block
# <min> <max>
0	100

[block]
# block no. 0 follows, 39 sequences, length 56
# corresponding to MSA columns:
# 137-150,152-193
name=unknown_A
#
# <colnr> <probs for GDERKNQSTAVLIFYWHMCP>
#	G	D	E	R	K	N	Q	S	T	A	V	L	I	F	Y	W	H	M	C	P
0	0.00965	0.00739	0.01009	0.01041	0.01193	0.00738	0.04094	0.03645	0.06480	0.01777	0.03119	0.26103	0.08309	0.04959	0.00859	0.00260	0.00490	0.33115	0.00532	0.00570
1	0.01117	0.00889	0.01082	0.01160	0.06224	0.00958	0.00786	0.03246	0.28610	0.01887	0.02469	0.31357	0.02482	0.05395	0.03446	0.06181	0.00486	0.01039	0.00514	0.00672
2	0.01678	0.01163	0.01267	0.01093	0.01430	0.01280	0.00863	0.12231	0.42290	0.12854	0.02184	0.02074	0.01601	0.00761	0.00567	0.00184	0.00465	0.00620	0.14505	0.00890
3	0.01179	0.00752	0.00807	0.00770	0.00952	0.00791	0.00581	0.06735	0.13916	0.02279	0.07158	0.12414	0.02123	0.00899	0.00523	0.00168	0.00344	0.00755	0.46212	0.00641
4	0.01471	0.01270	0.01337	0.01203	0.01538	0.01471	0.00936	0.03142	0.74459	0.02474	0.02407	0.02206	0.01805	0.00802	0.00602	0.00201	0.00468	0.00669	0.00602	0.00936
5	0.02653	0.01006	0.01372	0.01052	0.01510	0.00869	0.00869	0.02882	0.01693	0.75937	0.02333	0.02013	0.01464	0.00732	0.00595	0.00183	0.00503	0.00595	0.00732	0.01006
6	0.01157	0.00773	0.00850	0.00695	0.01005	0.00656	0.00541	0.01427	0.01234	0.02082	0.01540	0.01771	0.01232	0.00578	0.00424	0.00116	0.00348	0.00462	0.46105	0.37004
7	0.37754	0.01130	0.01329	0.33871	0.02455	0.03086	0.01106	0.01775	0.01169	0.09747	0.01080	0.01337	0.00792	0.00588	0.00490	0.00188	0.00619	0.00438	0.00358	0.00687
8	0.01089	0.01374	0.17997	0.03816	0.09853	0.01024	0.03888	0.03887	0.06553	0.01927	0.13453	0.25009	0.02562	0.01083	0.00705	0.00206	0.03471	0.00953	0.00446	0.00705
9	0.01329	0.03546	0.25057	0.01247	0.01709	0.01204	0.01246	0.06974	0.21283	0.06642	0.10505	0.12802	0.02105	0.00903	0.00615	0.00196	0.00576	0.00761	0.00487	0.00813
10	0.00860	0.00573	0.00645	0.00645	0.00645	0.00573	0.00358	0.00860	0.00860	0.01147	0.01863	0.03870	0.02150	0.79217	0.03010	0.00573	0.00573	0.00860	0.00358	0.00358
11	0.01908	0.03147	0.14378	0.01270	0.01788	0.01165	0.05744	0.07460	0.12150	0.31970	0.04286	0.01828	0.01392	0.00681	0.00581	0.00177	0.00593	0.00568	0.00545	0.08370
12	0.01966	0.04919	0.01662	0.01273	0.01693	0.01677	0.01039	0.46942	0.21305	0.05381	0.01753	0.04775	0.01335	0.00772	0.00592	0.00184	0.00585	0.00607	0.00582	0.00955
13	0.01210	0.01026	0.01470	0.25107	0.08545	0.01116	0.01135	0.08873	0.01321	0.01839	0.04624	0.01881	0.01265	0.05747	0.15243	0.00340	0.03418	0.00560	0.00348	0.14932
14	0.01717	0.08429	0.28432	0.01259	0.01825	0.01208	0.01327	0.04630	0.06489	0.26921	0.01986	0.05999	0.05651	0.00761	0.00580	0.00185	0.00630	0.00614	0.00483	0.00874
15	0.03346	0.06649	0.33274	0.01402	0.01997	0.01246	0.05987	0.07092	0.01454	0.19419	0.01646	0.09632	0.01325	0.00761	0.00590	0.00190	0.00693	0.02017	0.00431	0.00850
16	0.01114	0.01103	0.02143	0.01682	0.01989	0.01085	0.36026	0.01397	0.01209	0.01648	0.01848	0.25739	0.01913	0.04668	0.04457	0.03756	0.06224	0.00987	0.00376	0.00634
17	0.01809	0.01285	0.02040	0.06668	0.42334	0.01274	0.03726	0.05188	0.04715	0.22697	0.01523	0.01658	0.01116	0.00607	0.00593	0.00181	0.00648	0.00558	0.00440	0.00940
18	0.04479	0.15244	0.26251	0.01355	0.01932	0.06074	0.04656	0.06782	0.03775	0.18721	0.01447	0.04326	0.01086	0.00656	0.00547	0.00176	0.00705	0.00517	0.00414	0.00857
19	0.01294	0.01294	0.01811	0.01553	0.01553	0.01811	0.01294	0.01423	0.00906	0.01423	0.00776	0.01294	0.00776	0.01035	0.01941	0.00259	0.78134	0.00518	0.00259	0.00647
20	0.00852	0.00606	0.00812	0.00812	0.00870	0.00664	0.00567	0.00967	0.00909	0.01270	0.01711	0.03024	0.01783	0.38318	0.43406	0.00780	0.01126	0.00736	0.00336	0.00451
21	0.01413	0.01306	0.02144	0.23931	0.49106	0.01391	0.01690	0.06624	0.01397	0.01944	0.01134	0.01508	0.00913	0.00561	0.00584	0.00181	0.00714	0.00527	0.02078	0.00856
22	0.01566	0.01164	0.01333	0.01202	0.02803	0.01254	0.00939	0.36831	0.06484	0.02706	0.02243	0.23869	0.02222	0.01169	0.00671	0.00210	0.00539	0.11440	0.00568	0.00785
23	0.01523	0.67607	0.09272	0.01061	0.01600	0.02151	0.01092	0.01760	0.01207	0.01469	0.00858	0.00993	0.00766	0.00506	0.00399	0.00129	0.00640	0.00329	0.00259	0.06377
24	0.01006	0.00514	0.00765	0.00774	0.00776	0.00511	0.00516	0.00774	0.00795	0.01060	0.01180	0.07062	0.01224	0.02041	0.02205	0.77153	0.00502	0.00593	0.00277	0.00272
25	0.01294	0.01294	0.01811	0.01553	0.01553	0.01811	0.01294	0.01423	0.00906	0.01423	0.00776	0.01294	0.00776	0.01035	0.01941	0.00259	0.78134	0.00518	0.00259	0.00647
26	0.01183	0.01049	0.01748	0.62061	0.11071	0.01250	0.01556	0.01547	0.01215	0.04350	0.01256	0.06861	0.01042	0.00676	0.00602	0.00197	0.00738	0.00607	0.00303	0.00687
27	0.00845	0.00634	0.00950	0.00950	0.01056	0.00739	0.00739	0.01056	0.00950	0.01373	0.01584	0.02323	0.01478	0.04435	0.76873	0.00950	0.01584	0.00634	0.00317	0.00528
28	0.02209	0.02819	0.01676	0.01524	0.01828	0.76843	0.01143	0.02361	0.01676	0.01447	0.00914	0.01066	0.00762	0.00609	0.00533	0.00152	0.01066	0.00381	0.00305	0.00686
29	0.00721	0.00515	0.00686	0.00823	0.00858	0.00480	0.00549	0.00823	0.01132	0.01510	0.03259	0.78831	0.03911	0.01853	0.00755	0.00240	0.00343	0.01681	0.00549	0.00480
30	0.01409	0.01349	0.02301	0.15387	0.64200	0.01391	0.01788	0.01767	0.01321	0.01865	0.01103	0.01482	0.00913	0.00537	0.00586	0.00179	0.00716	0.00527	0.00288	0.00892
31	0.01117	0.01051	0.01774	0.77795	0.04073	0.01314	0.01642	0.01511	0.01182	0.01511	0.01051	0.01577	0.00788	0.00591	0.00591	0.00197	0.00788	0.00526	0.00263	0.00657
32	0.01389	0.01329	0.02265	0.19607	0.60135	0.01385	0.01778	0.01749	0.01311	0.01841	0.01099	0.01488	0.00905	0.00541	0.00587	0.00180	0.00721	0.00527	0.00286	0.00876
33	0.01086	0.01299	0.13742	0.01126	0.01451	0.06057	0.06362	0.01561	0.07860	0.02198	0.45870	0.03255	0.03764	0.00971	0.00655	0.00186	0.00503	0.00854	0.00529	0.00670
34	0.07229	0.01024	0.01087	0.00936	0.01214	0.09374	0.00732	0.01878	0.01635	0.26376	0.37829	0.03013	0.03347	0.00940	0.00623	0.00181	0.00454	0.00785	0.00619	0.00725
35	0.38410	0.03582	0.22111	0.01254	0.01773	0.12194	0.04382	0.06526	0.01305	0.02274	0.00957	0.01113	0.00725	0.00569	0.00474	0.00179	0.00700	0.00392	0.00334	0.00745
36	0.00761	0.00544	0.00733	0.00870	0.00922	0.00515	0.00619	0.00893	0.01172	0.01555	0.03237	0.66284	0.03823	0.01815	0.00766	0.00246	0.00378	0.13829	0.00548	0.00492
37	0.01460	0.01248	0.07968	0.06304	0.01771	0.00938	0.03661	0.01820	0.03773	0.13840	0.01310	0.01426	0.00986	0.00521	0.00500	0.00127	0.00533	0.00433	0.00404	0.50978
38	0.01100	0.00861	0.01048	0.00886	0.01233	0.00700	0.00700	0.01336	0.01256	0.03176	0.04599	0.16124	0.02022	0.00920	0.00565	0.00151	0.00427	0.11696	0.03525	0.47675
39	0.00810	0.00589	0.00762	0.00750	0.00875	0.00542	0.00551	0.01051	0.01564	0.02182	0.59149	0.17241	0.09052	0.01335	0.00707	0.00196	0.00291	0.01184	0.00628	0.00542
40	0.01788	0.12476	0.01741	0.03568	0.01697	0.01662	0.01021	0.29097	0.29230	0.05826	0.01801	0.04572	0.01391	0.00756	0.00572	0.00182	0.00566	0.00598	0.00542	0.00914
41	0.01133	0.01994	0.37790	0.06873	0.07422	0.01217	0.06714	0.01607	0.01264	0.01820	0.07742	0.10596	0.01641	0.00829	0.00716	0.00202	0.06290	0.03056	0.00336	0.00759
42	0.07141	0.09170	0.41501	0.01387	0.02044	0.01319	0.04019	0.04084	0.01342	0.07531	0.06749	0.02906	0.01238	0.00634	0.00545	0.00175	0.00707	0.00505	0.00350	0.06653
43	0.04569	0.14782	0.22944	0.01871	0.02501	0.01593	0.34100	0.01951	0.06518	0.01877	0.01170	0.01413	0.00889	0.00541	0.00589	0.00184	0.00845	0.00547	0.00302	0.00816
44	0.00860	0.00573	0.00645	0.00645	0.00645	0.00573	0.00358	0.00860	0.00860	0.01147	0.01863	0.03870	0.02150	0.79217	0.03010	0.00573	0.00573	0.00860	0.00358	0.00358
45	0.01488	0.14485	0.29961	0.01568	0.04331	0.12795	0.07851	0.01989	0.06149	0.04741	0.02538	0.01614	0.01081	0.02117	0.00629	0.00186	0.02201	0.03149	0.00327	0.00800
46	0.01795	0.00930	0.01316	0.12496	0.06743	0.00912	0.00942	0.04323	0.01436	0.35622	0.03279	0.09728	0.01711	0.10632	0.03465	0.00263	0.00584	0.00726	0.02312	0.00785
47	0.01117	0.01046	0.01760	0.71405	0.07216	0.01286	0.01608	0.01498	0.01188	0.01530	0.01140	0.04581	0.00917	0.00637	0.00597	0.00198	0.00767	0.00571	0.00275	0.00663
48	0.00973	0.00785	0.01189	0.11486	0.12955	0.00804	0.01011	0.01228	0.01316	0.01773	0.12645	0.24742	0.03120	0.01326	0.00718	0.00227	0.00509	0.22104	0.00484	0.00604
49	0.05559	0.01516	0.16756	0.15009	0.02321	0.01176	0.08708	0.06139	0.01492	0.30230	0.01642	0.04235	0.01160	0.00677	0.00593	0.00190	0.00680	0.00582	0.00476	0.00861
50	0.02017	0.09408	0.05604	0.02929	0.18694	0.01193	0.03601	0.02325	0.02829	0.38945	0.01815	0.05232	0.01321	0.00695	0.00579	0.00179	0.00594	0.00595	0.00524	0.00920
51	0.14540	0.00889	0.01090	0.00907	0.01241	0.00831	0.00726	0.02095	0.01541	0.40126	0.20129	0.06652	0.04935	0.00906	0.00596	0.00187	0.00426	0.00748	0.00640	0.00795
52	0.01393	0.00971	0.01586	0.13792	0.09729	0.00971	0.10232	0.01684	0.02613	0.17492	0.03694	0.25411	0.02121	0.01046	0.00686	0.00209	0.01806	0.03360	0.00481	0.00724
53	0.10379	0.01693	0.19297	0.01484	0.02060	0.01268	0.15219	0.10639	0.01579	0.26731	0.01526	0.01559	0.01036	0.00620	0.00580	0.00185	0.00697	0.00537	0.00473	0.02437
54	0.01518	0.04294	0.21047	0.01275	0.01742	0.01055	0.05846	0.04168	0.04492	0.20444	0.02041	0.17783	0.01826	0.00947	0.00627	0.00198	0.00608	0.05613	0.00485	0.03994
55	0.01452	0.06775	0.02036	0.12488	0.32586	0.02881	0.05616	0.07886	0.01459	0.05689	0.04815	0.09487	0.01488	0.00745	0.00605	0.00185	0.00661	0.01952	0.00381	0.00812

[dist]
# distance from previous block
# <min> <max>
0	20

[block]
# block no. 1 follows, 39 sequences, length 8
# corresponding to MSA columns:
# 214-221
name=unknown_B
#
# <colnr> <probs for GDERKNQSTAVLIFYWHMCP>
#	G	D	E	R	K	N	Q	S	T	A	V	L	I	F	Y	W	H	M	C	P
0	0.09361	0.01805	0.16176	0.01840	0.17872	0.12755	0.06175	0.01934	0.01384	0.09087	0.04970	0.01497	0.01125	0.00590	0.00548	0.00167	0.00713	0.00491	0.00362	0.11148
1	0.04107	0.08976	0.06564	0.01647	0.13032	0.08886	0.06342	0.09616	0.08840	0.14705	0.03792	0.01594	0.01206	0.00630	0.00556	0.00168	0.00659	0.00522	0.00443	0.07715
2	0.20063	0.05811	0.07005	0.01749	0.20971	0.09080	0.01181	0.06643	0.03949	0.02165	0.03437	0.01348	0.01003	0.00572	0.00500	0.00161	0.00628	0.00444	0.00356	0.12933
3	0.01334	0.01306	0.13227	0.08136	0.14036	0.01049	0.01197	0.08599	0.01588	0.09304	0.27730	0.02633	0.02655	0.03766	0.00715	0.00199	0.00557	0.00726	0.00485	0.00759
4	0.01495	0.18148	0.08731	0.01889	0.23215	0.06928	0.01302	0.10563	0.01497	0.01969	0.05432	0.05841	0.04514	0.00720	0.00596	0.00170	0.03137	0.00583	0.00363	0.02908
5	0.01453	0.05557	0.01909	0.01846	0.17640	0.06316	0.12524	0.05980	0.10149	0.05962	0.05964	0.05136	0.01687	0.05991	0.04696	0.00253	0.00717	0.05026	0.00422	0.00774
6	0.05296	0.03706	0.01785	0.10541	0.14260	0.03983	0.07875	0.16382	0.06887	0.04559	0.07985	0.06999	0.02952	0.00801	0.00612	0.00190	0.00633	0.03311	0.00450	0.00795
7	0.05512	0.01010	0.01442	0.07012	0.12975	0.01062	0.05807	0.07794	0.05808	0.06617	0.01814	0.13927	0.01760	0.15534	0.06264	0.00320	0.02065	0.02167	0.00425	0.00686

[dist]
# distance from previous block
# <min> <max>
14	119

[block]
# block no. 2 follows, 39 sequences, length 24
# corresponding to MSA columns:
# 360-383
name=unknown_C
#
# <colnr> <probs for GDERKNQSTAVLIFYWHMCP>
#	G	D	E	R	K	N	Q	S	T	A	V	L	I	F	Y	W	H	M	C	P
0	0.07914	0.09650	0.31339	0.01499	0.06072	0.01376	0.04959	0.06991	0.03138	0.13914	0.03999	0.01497	0.01097	0.00613	0.00546	0.00176	0.00694	0.00491	0.00391	0.03645
1	0.14261	0.10012	0.17350	0.01154	0.01598	0.01314	0.01121	0.09775	0.04130	0.06993	0.04020	0.11252	0.01500	0.00821	0.00613	0.00185	0.04339	0.02789	0.00419	0.06355
2	0.06769	0.20099	0.19867	0.01223	0.01746	0.05847	0.01227	0.06275	0.09686	0.14791	0.05829	0.01590	0.01293	0.00655	0.00525	0.00171	0.00644	0.00495	0.00428	0.00840
3	0.05853	0.14652	0.23995	0.01488	0.07661	0.02562	0.05444	0.06159	0.03539	0.02004	0.10715	0.02107	0.05153	0.00746	0.00598	0.00182	0.02327	0.03669	0.00373	0.00773
4	0.04872	0.17526	0.34254	0.01340	0.01953	0.04330	0.01475	0.07553	0.05650	0.08782	0.05826	0.01506	0.01193	0.00633	0.00533	0.00173	0.00705	0.00481	0.00373	0.00841
5	0.01254	0.14978	0.30785	0.01473	0.04343	0.05690	0.08344	0.01667	0.01285	0.01719	0.01709	0.07846	0.07697	0.00763	0.00573	0.00179	0.00722	0.03225	0.00326	0.05422
6	0.04630	0.15317	0.37502	0.01309	0.01904	0.01325	0.01484	0.01815	0.01308	0.10630	0.05717	0.06835	0.01494	0.00765	0.00564	0.00185	0.00681	0.05365	0.00375	0.00795
7	0.01493	0.27479	0.28419	0.01214	0.01786	0.01479	0.01331	0.01866	0.01334	0.13901	0.06324	0.04774	0.04807	0.00709	0.00530	0.00169	0.00647	0.00552	0.00382	0.00804
8	0.02854	0.09613	0.20557	0.01215	0.01673	0.01140	0.06312	0.01610	0.04250	0.04340	0.11467	0.02070	0.03165	0.02959	0.14534	0.00318	0.00801	0.00593	0.00374	0.10157
9	0.08289	0.22388	0.14369	0.01653	0.16661	0.01478	0.03922	0.01691	0.01230	0.01812	0.01118	0.05691	0.00993	0.00588	0.00495	0.00153	0.00632	0.00479	0.00307	0.16050
10	0.01543	0.01622	0.21758	0.01646	0.14260	0.02086	0.02811	0.04306	0.01466	0.17938	0.08102	0.02222	0.04573	0.00741	0.00597	0.00180	0.00628	0.04616	0.00447	0.08457
11	0.01414	0.24299	0.06199	0.01268	0.01677	0.09694	0.09837	0.01788	0.06968	0.01717	0.04305	0.06678	0.01328	0.00779	0.02371	0.00179	0.04520	0.00558	0.03610	0.10813
12	0.01181	0.00744	0.00933	0.00819	0.01068	0.00644	0.00628	0.01406	0.01458	0.13796	0.29894	0.09106	0.10742	0.05936	0.00788	0.00201	0.00381	0.04333	0.00569	0.15372
13	0.01442	0.03911	0.15346	0.01478	0.10563	0.04063	0.01210	0.11346	0.09197	0.02195	0.03783	0.01483	0.01128	0.00581	0.00527	0.00147	0.00605	0.00470	0.00389	0.30135
14	0.00973	0.00617	0.00758	0.00788	0.00941	0.00548	0.00578	0.01118	0.01294	0.11047	0.04110	0.38716	0.29078	0.01570	0.00718	0.00220	0.00360	0.05436	0.00572	0.00558
15	0.10887	0.26957	0.17972	0.08079	0.05806	0.12190	0.01325	0.01932	0.01297	0.07097	0.01031	0.01190	0.00807	0.00562	0.00483	0.00162	0.00733	0.00401	0.00310	0.00778
16	0.01301	0.01012	0.01294	0.01343	0.14683	0.02465	0.00865	0.01550	0.01332	0.08919	0.05072	0.06784	0.11701	0.00761	0.00546	0.00145	0.00467	0.00650	0.04282	0.34828
17	0.01280	0.01797	0.28316	0.15781	0.02363	0.01291	0.06252	0.08579	0.05306	0.02025	0.01368	0.04445	0.01079	0.00683	0.00643	0.00188	0.04995	0.00560	0.12279	0.00770
18	0.01451	0.42402	0.02677	0.01337	0.01758	0.01885	0.14683	0.05144	0.01314	0.01672	0.05513	0.01600	0.05206	0.00676	0.00679	0.00167	0.10260	0.00519	0.00318	0.00738
19	0.01539	0.05573	0.01131	0.00879	0.01148	0.05773	0.00704	0.22896	0.01722	0.02563	0.01651	0.01829	0.01274	0.00680	0.00472	0.00150	0.00457	0.00522	0.48332	0.00706
20	0.00768	0.00583	0.00707	0.00779	0.00895	0.00532	0.00579	0.00924	0.01268	0.01619	0.08134	0.31852	0.29380	0.05280	0.00849	0.00244	0.00371	0.14193	0.00545	0.00497
21	0.00859	0.00577	0.00662	0.00662	0.00668	0.00583	0.00380	0.00871	0.00865	0.01160	0.01847	0.03782	0.02112	0.74966	0.07209	0.00595	0.00631	0.00847	0.00356	0.00368
22	0.01414	0.29540	0.01628	0.00816	0.01129	0.01358	0.00717	0.10163	0.01411	0.02090	0.01464	0.01652	0.01178	0.00625	0.00422	0.00138	0.00451	0.00463	0.42659	0.00681
23	0.01779	0.05978	0.01582	0.01348	0.06364	0.11586	0.01013	0.20111	0.12574	0.09911	0.01752	0.07958	0.01485	0.00810	0.00585	0.00177	0.00616	0.05009	0.00500	0.08864

[dist]
# distance from previous block
# <min> <max>
0	2

[block]
# block no. 3 follows, 39 sequences, length 52
# corresponding to MSA columns:
# 386-437
name=unknown_D
#
# <colnr> <probs for GDERKNQSTAVLIFYWHMCP>
#	G	D	E	R	K	N	Q	S	T	A	V	L	I	F	Y	W	H	M	C	P
0	0.01281	0.01430	0.09221	0.04484	0.12098	0.02725	0.03986	0.01624	0.06039	0.01632	0.01132	0.03197	0.01033	0.05092	0.03612	0.00262	0.37172	0.00567	0.00304	0.03110
1	0.01264	0.01321	0.09943	0.18281	0.02155	0.01306	0.02756	0.06266	0.12471	0.03175	0.08888	0.02324	0.04261	0.00866	0.00866	0.00207	0.14956	0.05159	0.00410	0.03126
2	0.02018	0.01105	0.01340	0.01079	0.01407	0.01134	0.00857	0.22569	0.01775	0.32231	0.01905	0.04846	0.01489	0.13758	0.01083	0.00251	0.05802	0.00652	0.03862	0.00838
3	0.06110	0.09592	0.12886	0.03832	0.02728	0.01252	0.01083	0.08230	0.09194	0.14808	0.04230	0.04679	0.01334	0.00674	0.00534	0.00163	0.00565	0.00538	0.00454	0.17113
4	0.01787	0.27620	0.02081	0.01200	0.01638	0.03861	0.01030	0.26180	0.24116	0.02504	0.01508	0.01493	0.01161	0.00667	0.00522	0.00167	0.00600	0.00498	0.00474	0.00894
5	0.00958	0.00759	0.03800	0.00814	0.00952	0.00682	0.00607	0.07456	0.01353	0.01870	0.18091	0.25386	0.07459	0.20153	0.01239	0.00292	0.00427	0.01098	0.06069	0.00536
6	0.01443	0.23483	0.30553	0.01652	0.04829	0.04179	0.13825	0.01960	0.05322	0.04344	0.01129	0.01307	0.00868	0.00564	0.00564	0.00173	0.02208	0.00469	0.00299	0.00829
7	0.01896	0.07620	0.21307	0.01296	0.01833	0.03344	0.01279	0.19927	0.04647	0.22974	0.01686	0.06772	0.01270	0.00740	0.00579	0.00182	0.00650	0.00588	0.00505	0.00906
8	0.02133	0.02044	0.01467	0.01280	0.01605	0.44508	0.00985	0.09291	0.01724	0.15398	0.01371	0.01440	0.01024	0.00653	0.00533	0.00158	0.00808	0.00460	0.12364	0.00756
9	0.00761	0.00533	0.00683	0.00780	0.00844	0.00496	0.00534	0.00900	0.01216	0.01666	0.11579	0.59980	0.08360	0.01669	0.00719	0.00224	0.00328	0.01499	0.06733	0.00496
10	0.01714	0.21148	0.14549	0.01186	0.01682	0.03395	0.01142	0.09799	0.14558	0.16123	0.01909	0.01856	0.07024	0.00714	0.00543	0.00173	0.00606	0.00551	0.00467	0.00861
11	0.01156	0.01094	0.01588	0.11550	0.01762	0.01473	0.01200	0.01342	0.00954	0.01422	0.01018	0.01592	0.00956	0.01838	0.20753	0.00426	0.48436	0.00548	0.00274	0.00618
12	0.00953	0.00681	0.00953	0.01089	0.01225	0.00681	0.00953	0.01225	0.01361	0.01770	0.03131	0.06671	0.03403	0.01634	0.00817	0.00272	0.00545	0.71547	0.00545	0.00545
13	0.01344	0.01048	0.01782	0.05901	0.01882	0.01054	0.21172	0.04334	0.04590	0.12596	0.02102	0.27779	0.02050	0.01189	0.03477	0.00240	0.05300	0.00984	0.00467	0.00708
14	0.01513	0.01421	0.01992	0.19456	0.37788	0.08493	0.01539	0.05495	0.06364	0.04482	0.01282	0.03771	0.01052	0.00632	0.00614	0.00184	0.02181	0.00559	0.00345	0.00838
15	0.01356	0.01597	0.19009	0.05895	0.13546	0.01280	0.02899	0.03451	0.21498	0.05995	0.03181	0.05169	0.03428	0.02998	0.00723	0.00208	0.03267	0.03240	0.00429	0.00831
16	0.01191	0.01154	0.01486	0.01329	0.01389	0.06501	0.01080	0.01352	0.00974	0.01406	0.01083	0.01657	0.01033	0.02256	0.29396	0.00506	0.44767	0.00551	0.00283	0.00606
17	0.69515	0.05856	0.01094	0.00868	0.01243	0.06525	0.00718	0.04973	0.01142	0.02546	0.00856	0.00988	0.00672	0.00558	0.00388	0.00177	0.00518	0.00334	0.00365	0.00667
18	0.00870	0.00570	0.00652	0.00652	0.00652	0.00570	0.00367	0.00855	0.00855	0.01140	0.01815	0.03749	0.02084	0.74715	0.02969	0.05370	0.00570	0.00840	0.00352	0.00352
19	0.00900	0.00622	0.00701	0.00689	0.00720	0.00633	0.00409	0.01030	0.05896	0.01310	0.06297	0.03790	0.02332	0.69228	0.02708	0.00525	0.00549	0.00860	0.00392	0.00409
20	0.00728	0.00571	0.00659	0.00700	0.00833	0.00502	0.00501	0.00882	0.01325	0.01689	0.15961	0.30843	0.39554	0.01575	0.00718	0.00212	0.00311	0.01370	0.00565	0.00502
21	0.01226	0.01051	0.01226	0.00876	0.01401	0.00788	0.00701	0.01489	0.01226	0.01927	0.01051	0.01226	0.00876	0.00438	0.00438	0.00088	0.00438	0.00350	0.00350	0.82832
22	0.01467	0.61572	0.15008	0.01098	0.01631	0.02061	0.01162	0.01726	0.01186	0.01454	0.00932	0.01196	0.00852	0.05848	0.00588	0.00167	0.00668	0.00373	0.00260	0.00751
23	0.01331	0.00901	0.01223	0.08920	0.04478	0.00892	0.02767	0.10648	0.01593	0.12736	0.20243	0.19133	0.06879	0.01088	0.00655	0.00194	0.00469	0.00955	0.00551	0.04346
24	0.01218	0.06216	0.60547	0.05538	0.06540	0.01381	0.01995	0.01824	0.01247	0.01839	0.01052	0.01262	0.00769	0.00551	0.00549	0.00178	0.00823	0.00436	0.00259	0.05774
25	0.00892	0.00684	0.01047	0.00980	0.01097	0.00750	0.05571	0.01079	0.00968	0.01380	0.01626	0.02602	0.01584	0.20083	0.53997	0.00799	0.01295	0.00684	0.02371	0.00511
26	0.00761	0.00530	0.00660	0.00764	0.00831	0.00491	0.00521	0.00890	0.01172	0.01600	0.03457	0.60788	0.12754	0.01675	0.00709	0.00223	0.00330	0.01498	0.09857	0.00491
27	0.01099	0.00904	0.02681	0.01141	0.04008	0.00866	0.09161	0.01496	0.07182	0.05843	0.36669	0.03457	0.11570	0.01025	0.00734	0.00191	0.04960	0.00896	0.05461	0.00656
28	0.01581	0.79572	0.03099	0.01012	0.01518	0.02340	0.01012	0.01771	0.01202	0.01391	0.00822	0.00949	0.00759	0.00506	0.00379	0.00126	0.00632	0.00316	0.00253	0.00759
29	0.01068	0.00808	0.03675	0.03765	0.06883	0.00695	0.00793	0.01281	0.01326	0.09346	0.14381	0.35018	0.07867	0.01307	0.00678	0.00204	0.00421	0.03142	0.00529	0.06814
30	0.01403	0.12758	0.52322	0.01531	0.02286	0.01452	0.04475	0.04021	0.01329	0.08175	0.01153	0.01291	0.00829	0.00566	0.00542	0.00175	0.00791	0.00444	0.00307	0.04149
31	0.83394	0.01144	0.00869	0.00778	0.01144	0.01327	0.00640	0.01738	0.01006	0.02653	0.00823	0.00961	0.00640	0.00549	0.00366	0.00183	0.00457	0.00320	0.00366	0.00640
32	0.00750	0.00524	0.00672	0.00787	0.00832	0.00491	0.00524	0.00858	0.01130	0.01528	0.03215	0.66381	0.06833	0.06910	0.00883	0.00255	0.00353	0.01545	0.05052	0.00477
33	0.00947	0.00665	0.00803	0.00790	0.00954	0.00617	0.00589	0.05398	0.01494	0.05681	0.25906	0.24367	0.24135	0.01423	0.00706	0.00207	0.00345	0.03810	0.00592	0.00570
34	0.39552	0.02374	0.01198	0.02728	0.07009	0.02820	0.00845	0.05869	0.10878	0.09892	0.01526	0.10268	0.01304	0.00759	0.00502	0.00190	0.00502	0.00583	0.00457	0.00744
35	0.00845	0.00634	0.00950	0.00950	0.01056	0.00739	0.00739	0.01056	0.00950	0.01373	0.01584	0.02323	0.01478	0.04435	0.76873	0.00950	0.01584	0.00634	0.00317	0.00528
36	0.00906	0.00549	0.00684	0.00755	0.00840	0.00519	0.00526	0.01070	0.01215	0.04722	0.07029	0.51038	0.03272	0.01461	0.00654	0.00207	0.00328	0.01301	0.22398	0.00525
37	0.04540	0.01062	0.04326	0.01097	0.01385	0.01050	0.03595	0.05089	0.01450	0.26254	0.11444	0.02209	0.03719	0.00843	0.00835	0.00191	0.15424	0.00637	0.14087	0.00764
38	0.03326	0.02800	0.66060	0.01618	0.02411	0.01364	0.02023	0.01907	0.01252	0.06309	0.01117	0.01289	0.00791	0.00596	0.00628	0.00191	0.04724	0.00448	0.00282	0.00865
39	0.01464	0.01405	0.02400	0.03630	0.75528	0.01405	0.01815	0.01815	0.01347	0.01932	0.01112	0.01464	0.00937	0.00527	0.00585	0.00176	0.00703	0.00527	0.00293	0.00937
40	0.00819	0.00604	0.00765	0.00725	0.00872	0.00550	0.00544	0.01081	0.01631	0.02270	0.66119	0.04585	0.14741	0.01247	0.00698	0.00188	0.00282	0.01093	0.00638	0.00550
41	0.01449	0.01382	0.02311	0.06783	0.68036	0.01405	0.01756	0.01879	0.05605	0.01945	0.01185	0.01512	0.00981	0.00546	0.00587	0.00178	0.00693	0.00535	0.00309	0.00924
42	0.00852	0.00711	0.01166	0.01081	0.01230	0.00662	0.12587	0.01052	0.01274	0.01725	0.15462	0.51631	0.05186	0.01510	0.00734	0.00223	0.00439	0.01404	0.00525	0.00547
43	0.74758	0.05093	0.01033	0.00832	0.01185	0.01404	0.00695	0.01723	0.01011	0.02522	0.00821	0.00978	0.00654	0.00574	0.00453	0.00184	0.04747	0.00331	0.00354	0.00647
44	0.01191	0.01133	0.01515	0.20243	0.01992	0.05159	0.01167	0.01369	0.01029	0.01410	0.01198	0.02163	0.01198	0.16554	0.01687	0.00302	0.35310	0.04495	0.00298	0.00588
45	0.00969	0.00745	0.00925	0.00916	0.01071	0.00801	0.00705	0.01452	0.15466	0.01772	0.10319	0.06224	0.09728	0.09713	0.24928	0.00480	0.00793	0.09746	0.02653	0.00593
46	0.01102	0.00551	0.00551	0.00551	0.00689	0.00551	0.00413	0.01378	0.01240	0.02205	0.01929	0.02205	0.01516	0.00689	0.00413	0.00138	0.00276	0.00551	0.82500	0.00551
47	0.00720	0.00518	0.00683	0.00815	0.00856	0.00481	0.00545	0.00824	0.01140	0.01513	0.03362	0.76093	0.06583	0.01839	0.00753	0.00239	0.00341	0.01665	0.00549	0.00481
48	0.00912	0.00843	0.06161	0.01055	0.01231	0.00797	0.05035	0.01134	0.01006	0.01439	0.04079	0.02335	0.01548	0.07809	0.56059	0.05713	0.01336	0.00645	0.00322	0.00543
49	0.01102	0.00551	0.00551	0.00551	0.00689	0.00551	0.00413	0.01378	0.01240	0.02205	0.01929	0.02205	0.01516	0.00689	0.00413	0.00138	0.00276	0.00551	0.82500	0.00551
50	0.06677	0.02313	0.10818	0.01708	0.02111	0.38835	0.16653	0.02060	0.01438	0.01662	0.00971	0.01220	0.00784	0.00625	0.00721	0.00180	0.09736	0.00467	0.00295	0.00725
51	0.35108	0.01194	0.01556	0.25545	0.11988	0.01362	0.05383	0.03259	0.05787	0.02165	0.01067	0.01346	0.00822	0.00576	0.00505	0.00188	0.00630	0.00460	0.00339	0.00720

[dist]
# distance from previous block
# <min> <max>
3	15

[block]
# block no. 4 follows, 39 sequences, length 20
# corresponding to MSA columns:
# 453-472
name=unknown_E
#
# <colnr> <probs for GDERKNQSTAVLIFYWHMCP>
#	G	D	E	R	K	N	Q	S	T	A	V	L	I	F	Y	W	H	M	C	P
0	0.05984	0.03605	0.01612	0.01265	0.01682	0.03691	0.01029	0.44793	0.22742	0.03165	0.01650	0.01614	0.01211	0.00719	0.00572	0.00181	0.00592	0.00551	0.02398	0.00943
1	0.01158	0.00750	0.01023	0.00945	0.01075	0.00822	0.00719	0.06478	0.01178	0.07670	0.09325	0.02424	0.01808	0.09223	0.32157	0.15852	0.05791	0.00659	0.00395	0.00548
2	0.01435	0.01546	0.05509	0.22973	0.07808	0.06994	0.25643	0.06942	0.07395	0.01909	0.01217	0.01549	0.00929	0.00605	0.00694	0.00195	0.04964	0.00581	0.00330	0.00781
3	0.28410	0.30545	0.01867	0.00966	0.01406	0.04472	0.00859	0.02075	0.01286	0.21414	0.01224	0.01237	0.00906	0.00583	0.00438	0.00161	0.00558	0.00393	0.00418	0.00783
4	0.02928	0.00670	0.00759	0.00710	0.00889	0.00665	0.00541	0.01529	0.07408	0.06862	0.28312	0.02961	0.02978	0.00885	0.00541	0.00164	0.00311	0.00745	0.39527	0.00615
5	0.01291	0.01384	0.02866	0.15836	0.03035	0.01362	0.51504	0.01742	0.01353	0.01810	0.01411	0.02222	0.01189	0.00656	0.00694	0.00208	0.00903	0.09469	0.00323	0.00741
6	0.01384	0.09746	0.06205	0.08919	0.38986	0.01459	0.15254	0.01760	0.01323	0.01818	0.01238	0.01814	0.01070	0.00607	0.00601	0.00184	0.00755	0.05737	0.00304	0.00837
7	0.01294	0.01294	0.01811	0.01553	0.01553	0.01811	0.01294	0.01423	0.00906	0.01423	0.00776	0.01294	0.00776	0.01035	0.01941	0.00259	0.78134	0.00518	0.00259	0.00647
8	0.00953	0.00681	0.00953	0.01089	0.01225	0.00681	0.00953	0.01225	0.01361	0.01770	0.03131	0.06671	0.03403	0.01634	0.00817	0.00272	0.00545	0.71547	0.00545	0.00545
9	0.01170	0.00943	0.01115	0.04410	0.09137	0.02422	0.00818	0.01743	0.19441	0.07231	0.09677	0.03748	0.33619	0.01088	0.00647	0.00194	0.00433	0.00919	0.00539	0.00705
10	0.02029	0.37231	0.02289	0.01142	0.01619	0.05600	0.01018	0.21854	0.01767	0.18173	0.01319	0.01315	0.00980	0.00616	0.00492	0.00154	0.00631	0.00439	0.00453	0.00877
11	0.01210	0.01220	0.09361	0.09527	0.17599	0.01086	0.01201	0.10914	0.04652	0.02016	0.05603	0.28766	0.02221	0.01072	0.00650	0.00204	0.00566	0.00956	0.00446	0.00732
12	0.14526	0.01371	0.01805	0.16186	0.05927	0.01504	0.09725	0.30732	0.01857	0.05731	0.01271	0.01456	0.00929	0.00628	0.00562	0.00183	0.00670	0.00521	0.03579	0.00836
13	0.01294	0.01294	0.01811	0.01553	0.01553	0.01811	0.01294	0.01423	0.00906	0.01423	0.00776	0.01294	0.00776	0.01035	0.01941	0.00259	0.78134	0.00518	0.00259	0.00647
14	0.01261	0.00811	0.01046	0.00901	0.01137	0.00828	0.08282	0.01804	0.14181	0.05576	0.04082	0.02196	0.01617	0.00706	0.00493	0.00159	0.00397	0.00604	0.53254	0.00666
15	0.01405	0.01364	0.02383	0.15080	0.59108	0.01398	0.07032	0.01773	0.01325	0.01864	0.01109	0.01491	0.00911	0.00535	0.00595	0.00181	0.00737	0.00539	0.00289	0.00883
16	0.00746	0.00541	0.00705	0.00791	0.00860	0.00499	0.00545	0.00892	0.01270	0.01712	0.19877	0.57188	0.08818	0.01683	0.00738	0.00225	0.00326	0.01514	0.00572	0.00499
17	0.01440	0.00925	0.01356	0.27365	0.05889	0.00944	0.01068	0.01714	0.01327	0.20080	0.02051	0.13475	0.06088	0.00857	0.00599	0.00185	0.00557	0.00744	0.04503	0.08833
18	0.00990	0.00866	0.01027	0.01011	0.01138	0.08824	0.00782	0.01195	0.01027	0.01381	0.01513	0.02190	0.01402	0.04029	0.68763	0.00866	0.01529	0.00607	0.00316	0.00545
19	0.01264	0.10699	0.48690	0.01699	0.09966	0.01367	0.01784	0.01780	0.01249	0.04609	0.01275	0.07002	0.01062	0.00829	0.04030	0.00218	0.00809	0.00540	0.00298	0.00829

[dist]
# distance from previous block
# <min> <max>
0	1

[block]
# block no. 5 follows, 39 sequences, length 19
# corresponding to MSA columns:
# 476-494
name=unknown_F
#
# <colnr> <probs for GDERKNQSTAVLIFYWHMCP>
#	G	D	E	R	K	N	Q	S	T	A	V	L	I	F	Y	W	H	M	C	P
0	0.25629	0.40880	0.06086	0.01072	0.01536	0.04221	0.04384	0.01837	0.04548	0.01863	0.00947	0.01093	0.00796	0.00633	0.02255	0.00174	0.00640	0.00368	0.00308	0.00732
1	0.01311	0.13156	0.31817	0.01236	0.01750	0.06808	0.01337	0.01676	0.01337	0.06444	0.13722	0.02079	0.06044	0.00861	0.00718	0.07362	0.00666	0.00585	0.00370	0.00723
2	0.01646	0.68687	0.02962	0.01103	0.01601	0.05722	0.03270	0.06337	0.01329	0.01557	0.00876	0.01004	0.00779	0.00523	0.00410	0.00133	0.00665	0.00345	0.00278	0.00772
3	0.00848	0.00845	0.07493	0.01030	0.01207	0.00663	0.06033	0.01072	0.01262	0.01712	0.12502	0.47416	0.05520	0.01525	0.00731	0.00228	0.00447	0.08393	0.00518	0.00555
4	0.01329	0.20720	0.32797	0.01403	0.01932	0.04021	0.01519	0.01844	0.07544	0.01690	0.01111	0.01341	0.00902	0.00931	0.06386	0.00240	0.12762	0.00454	0.00289	0.00785
5	0.01186	0.03059	0.76153	0.01686	0.02560	0.01373	0.02185	0.01873	0.01249	0.01873	0.01061	0.01249	0.00749	0.00562	0.00562	0.00187	0.00874	0.00437	0.00250	0.00874
6	0.00796	0.00561	0.00730	0.00797	0.00837	0.00564	0.00535	0.00890	0.01018	0.01375	0.02495	0.38306	0.02878	0.27335	0.15514	0.00480	0.00652	0.03341	0.00444	0.00452
7	0.08474	0.11951	0.20488	0.01135	0.01567	0.01217	0.01125	0.09707	0.01413	0.07835	0.04135	0.22766	0.03859	0.00983	0.00587	0.00192	0.00572	0.00816	0.00439	0.00736
8	0.01244	0.16355	0.29641	0.01186	0.01724	0.01305	0.01292	0.04348	0.04753	0.02004	0.14771	0.01906	0.01773	0.00687	0.00532	0.00163	0.00604	0.00547	0.07516	0.07647
9	0.00859	0.00577	0.00664	0.00664	0.00671	0.00584	0.00382	0.00872	0.00866	0.01161	0.01846	0.03772	0.02108	0.74492	0.07676	0.00597	0.00637	0.00846	0.00356	0.00369
10	0.00846	0.00630	0.00933	0.00933	0.01033	0.00730	0.00718	0.01045	0.00945	0.01360	0.01600	0.02410	0.01516	0.08633	0.72727	0.00929	0.01527	0.00646	0.00319	0.00518
11	0.01619	0.71020	0.02909	0.01040	0.01519	0.08380	0.01005	0.01808	0.01242	0.01419	0.00862	0.00994	0.00781	0.00520	0.00393	0.00129	0.00658	0.00328	0.02627	0.00747
12	0.00860	0.00573	0.00645	0.00645	0.00645	0.00573	0.00358	0.00860	0.00860	0.01147	0.01863	0.03870	0.02150	0.79217	0.03010	0.00573	0.00573	0.00860	0.00358	0.00358
13	0.01819	0.08524	0.13948	0.03451	0.01902	0.01656	0.01246	0.33501	0.19324	0.06279	0.01577	0.01570	0.01148	0.00688	0.00571	0.00181	0.00639	0.00533	0.00506	0.00936
14	0.02006	0.01339	0.05665	0.01349	0.07966	0.04623	0.01046	0.17191	0.03372	0.30849	0.02148	0.02167	0.07696	0.00769	0.00593	0.00178	0.00576	0.02842	0.00564	0.07061
15	0.09085	0.04034	0.02226	0.01610	0.02113	0.01495	0.24999	0.26563	0.01890	0.17861	0.01463	0.01545	0.01024	0.00624	0.00601	0.00185	0.00718	0.00575	0.00493	0.00897
16	0.01150	0.10490	0.01422	0.01259	0.07681	0.10036	0.00914	0.01363	0.01101	0.01433	0.01371	0.01933	0.01259	0.03166	0.51929	0.00689	0.01331	0.00556	0.00306	0.00610
17	0.14249	0.07088	0.18523	0.01512	0.09372	0.06052	0.04680	0.02149	0.04829	0.20799	0.01479	0.04319	0.01109	0.00655	0.00544	0.00181	0.00661	0.00526	0.00428	0.00843
18	0.08385	0.15105	0.12805	0.01543	0.10903	0.07404	0.02661	0.14714	0.06690	0.06617	0.03539	0.02907	0.02920	0.00667	0.00539	0.00173	0.00664	0.00521	0.00409	0.00837

[dist]
# distance from previous block
# <min> <max>
11	64

[block]
# block no. 6 follows, 39 sequences, length 21
# corresponding to MSA columns:
# 584-604
name=unknown_G
#
# <colnr> <probs for GDERKNQSTAVLIFYWHMCP>
#	G	D	E	R	K	N	Q	S	T	A	V	L	I	F	Y	W	H	M	C	P
0	0.04628	0.26024	0.20019	0.01324	0.01859	0.03439	0.09984	0.01840	0.01307	0.11169	0.01612	0.07452	0.05504	0.00713	0.00540	0.00173	0.00681	0.00588	0.00365	0.00780
1	0.04469	0.16146	0.29815	0.10884	0.02227	0.03150	0.03516	0.03933	0.08818	0.01891	0.05602	0.01585	0.02227	0.00647	0.00578	0.00180	0.02701	0.00505	0.00333	0.00791
2	0.01234	0.10508	0.17786	0.07331	0.10761	0.06095	0.01289	0.03063	0.05620	0.01769	0.05741	0.20348	0.01881	0.00937	0.00642	0.00193	0.02900	0.00793	0.00383	0.00726
3	0.01486	0.11830	0.09579	0.16022	0.01939	0.03181	0.01081	0.01770	0.01382	0.19981	0.06094	0.07359	0.14137	0.00879	0.00593	0.00184	0.00575	0.00726	0.00464	0.00738
4	0.15271	0.16141	0.03594	0.05633	0.03006	0.02807	0.00976	0.06381	0.03388	0.19513	0.05412	0.01557	0.01231	0.00664	0.00596	0.00170	0.05677	0.00484	0.00447	0.07050
5	0.05108	0.04715	0.10200	0.05173	0.05214	0.00970	0.00984	0.03913	0.02813	0.20729	0.11167	0.12327	0.12289	0.00982	0.00617	0.00191	0.00505	0.00829	0.00525	0.00749
6	0.01489	0.04572	0.03425	0.05754	0.11932	0.15362	0.02548	0.01730	0.01299	0.06201	0.01269	0.03895	0.01126	0.04505	0.04728	0.00221	0.07246	0.02427	0.00347	0.19924
7	0.23190	0.01251	0.01473	0.07263	0.10523	0.01401	0.03802	0.04853	0.32361	0.05522	0.01647	0.01682	0.01239	0.00669	0.00540	0.00191	0.00546	0.00542	0.00470	0.00837
8	0.00793	0.00599	0.00707	0.00713	0.00839	0.00555	0.00517	0.00953	0.01291	0.01684	0.20945	0.08921	0.30238	0.17217	0.06065	0.00327	0.00452	0.06177	0.00520	0.00489
9	0.20863	0.06078	0.09219	0.07339	0.08743	0.05680	0.05840	0.15861	0.08836	0.02393	0.01193	0.01351	0.00911	0.00618	0.00562	0.00183	0.02654	0.00475	0.00390	0.00812
10	0.00797	0.00602	0.00728	0.00697	0.00848	0.00541	0.00517	0.01026	0.01543	0.02091	0.51605	0.04774	0.26169	0.04511	0.00793	0.00206	0.00297	0.01114	0.00609	0.00532
11	0.01778	0.01499	0.01464	0.01255	0.01596	0.10908	0.00995	0.34041	0.19016	0.02732	0.01938	0.12346	0.01699	0.00929	0.00622	0.00194	0.00612	0.04976	0.00549	0.00850
12	0.06117	0.10046	0.43994	0.01432	0.02079	0.01452	0.01645	0.01849	0.05894	0.01871	0.01080	0.01265	0.00828	0.00605	0.00658	0.00178	0.08451	0.00431	0.00291	0.09832
13	0.01316	0.01059	0.01158	0.01070	0.01319	0.01172	0.00807	0.11918	0.38406	0.02279	0.02579	0.22304	0.04708	0.06122	0.00798	0.00232	0.00462	0.00946	0.00569	0.00775
14	0.83394	0.01144	0.00869	0.00778	0.01144	0.01327	0.00640	0.01738	0.01006	0.02653	0.00823	0.00961	0.00640	0.00549	0.00366	0.00183	0.00457	0.00320	0.00366	0.00640
15	0.01333	0.02954	0.66812	0.01646	0.02455	0.07693	0.02043	0.01955	0.01303	0.04891	0.01101	0.01265	0.00780	0.00573	0.00561	0.00184	0.00875	0.00439	0.00274	0.00864
16	0.00743	0.00531	0.00712	0.00850	0.00894	0.00500	0.00589	0.00863	0.01155	0.01535	0.03247	0.71723	0.03861	0.01831	0.00761	0.00243	0.00363	0.08563	0.00549	0.00487
17	0.00967	0.00869	0.05785	0.00920	0.01140	0.00731	0.03495	0.06662	0.01637	0.02277	0.49452	0.12828	0.08524	0.01195	0.00688	0.00193	0.00382	0.01057	0.00589	0.00609
18	0.00756	0.00535	0.00695	0.00788	0.00832	0.00504	0.00524	0.00868	0.01168	0.01577	0.12879	0.58257	0.03894	0.12525	0.01061	0.00279	0.00366	0.01484	0.00536	0.00474
19	0.01629	0.01083	0.01576	0.05703	0.01784	0.00945	0.10716	0.04309	0.01421	0.22595	0.01648	0.08793	0.01327	0.00679	0.00561	0.00153	0.00551	0.00607	0.00472	0.33450
20	0.01825	0.29683	0.02152	0.05826	0.01782	0.18062	0.01076	0.22649	0.01797	0.02163	0.06696	0.01413	0.01200	0.00646	0.00511	0.00156	0.00714	0.00463	0.00393	0.00793

[dist]
# distance from previous block
# <min> <max>
2	5

[block]
# block no. 7 follows, 39 sequences, length 15
# corresponding to MSA columns:
# 612-626
name=unknown_H
#
# <colnr> <probs for GDERKNQSTAVLIFYWHMCP>
#	G	D	E	R	K	N	Q	S	T	A	V	L	I	F	Y	W	H	M	C	P
0	0.01001	0.00902	0.01306	0.23120	0.02045	0.00955	0.06942	0.01472	0.11004	0.01836	0.14673	0.03502	0.26864	0.01016	0.00655	0.00197	0.00517	0.00889	0.00469	0.00636
1	0.00768	0.00575	0.00712	0.00734	0.00855	0.00520	0.00529	0.00961	0.01427	0.01918	0.36211	0.27916	0.21752	0.01479	0.00716	0.00206	0.00304	0.01303	0.00595	0.00520
2	0.83394	0.01144	0.00869	0.00778	0.01144	0.01327	0.00640	0.01738	0.01006	0.02653	0.00823	0.00961	0.00640	0.00549	0.00366	0.00183	0.00457	0.00320	0.00366	0.00640
3	0.01513	0.01387	0.02026	0.16991	0.02339	0.07697	0.13580	0.01773	0.01202	0.10439	0.01101	0.01469	0.00880	0.00783	0.01181	0.00218	0.33824	0.00548	0.00327	0.00721
4	0.01117	0.01051	0.01774	0.77795	0.04073	0.01314	0.01642	0.01511	0.01182	0.01511	0.01051	0.01577	0.00788	0.00591	0.00591	0.00197	0.00788	0.00526	0.00263	0.00657
5	0.14879	0.01879	0.29435	0.01658	0.08081	0.01263	0.12863	0.04048	0.01263	0.07320	0.01147	0.01400	0.00863	0.00742	0.00766	0.10072	0.00734	0.00490	0.00327	0.00768
6	0.00808	0.00555	0.00738	0.00799	0.00837	0.00562	0.00537	0.00878	0.00993	0.01346	0.02358	0.36791	0.02701	0.22593	0.17561	0.07246	0.00679	0.01150	0.00426	0.00440
7	0.01465	0.13771	0.01990	0.40750	0.09221	0.10071	0.01415	0.04922	0.05005	0.04305	0.01134	0.01450	0.00878	0.00595	0.00551	0.00178	0.00756	0.00486	0.00316	0.00742
8	0.01209	0.01133	0.01908	0.64581	0.10052	0.01353	0.05015	0.04676	0.01276	0.01661	0.01079	0.01561	0.00816	0.00587	0.00596	0.00195	0.00785	0.00534	0.00281	0.00703
9	0.00823	0.00623	0.00869	0.00869	0.00980	0.00687	0.00661	0.01006	0.01006	0.01389	0.02307	0.02990	0.13242	0.10377	0.58464	0.00799	0.01294	0.00750	0.00357	0.00509
10	0.00874	0.00615	0.00922	0.00922	0.01011	0.00703	0.00703	0.01011	0.00922	0.01318	0.01496	0.02240	0.01407	0.04058	0.65048	0.13930	0.01414	0.00615	0.00307	0.00485
11	0.01449	0.01252	0.02101	0.28392	0.45116	0.01328	0.01676	0.01804	0.01321	0.08131	0.01196	0.01549	0.00932	0.00566	0.00588	0.00183	0.00714	0.00532	0.00320	0.00848
12	0.01289	0.01424	0.03045	0.02228	0.02737	0.01335	0.61829	0.01724	0.01354	0.01833	0.01524	0.13844	0.01375	0.00713	0.00707	0.00206	0.00893	0.00854	0.00339	0.00747
13	0.01209	0.01226	0.01596	0.46220	0.04803	0.10279	0.01360	0.01506	0.01242	0.01518	0.01790	0.02134	0.12603	0.00784	0.00749	0.00198	0.09207	0.00622	0.00314	0.00641
14	0.00993	0.01127	0.12891	0.01026	0.01211	0.00942	0.00887	0.01170	0.00996	0.01418	0.01732	0.08931	0.04294	0.33302	0.07659	0.00416	0.14940	0.00766	0.00342	0.04959

[dist]
# distance from previous block
# <min> <max>
4	8

[block]
# block no. 8 follows, 39 sequences, length 16
# corresponding to MSA columns:
# 636-648,654-656
name=unknown_I
#
# <colnr> <probs for GDERKNQSTAVLIFYWHMCP>
#	G	D	E	R	K	N	Q	S	T	A	V	L	I	F	Y	W	H	M	C	P
0	0.11585	0.28969	0.12539	0.01275	0.04645	0.02760	0.04142	0.02087	0.12299	0.09232	0.04252	0.01475	0.01176	0.00616	0.00495	0.00166	0.00618	0.00470	0.00386	0.00811
1	0.01243	0.01121	0.01736	0.64645	0.03662	0.01371	0.01537	0.07713	0.07749	0.01782	0.01201	0.01619	0.00896	0.00620	0.00592	0.00196	0.00749	0.00539	0.00320	0.00711
2	0.01916	0.11557	0.14778	0.01207	0.01721	0.01352	0.01147	0.11148	0.13462	0.27872	0.03346	0.01720	0.01312	0.00680	0.00558	0.00175	0.00590	0.00536	0.00529	0.04396
3	0.02117	0.01263	0.01436	0.01127	0.01530	0.01316	0.00922	0.39903	0.02203	0.23188	0.06001	0.01865	0.01467	0.00742	0.00574	0.00174	0.00536	0.00583	0.12139	0.00916
4	0.00909	0.00689	0.00849	0.00794	0.00962	0.00671	0.00600	0.01358	0.10941	0.02337	0.61709	0.04213	0.09345	0.01175	0.00685	0.00189	0.00304	0.01029	0.00639	0.00603
5	0.01011	0.00780	0.00990	0.03771	0.01178	0.00824	0.00740	0.09888	0.01476	0.02002	0.20354	0.32011	0.09315	0.01399	0.00818	0.00218	0.07217	0.04875	0.00543	0.00589
6	0.02309	0.00969	0.01294	0.01011	0.01439	0.00825	0.00820	0.02531	0.01586	0.60355	0.02258	0.08659	0.01607	0.00794	0.00590	0.00176	0.00481	0.00660	0.00669	0.10965
7	0.02078	0.01127	0.01907	0.01427	0.01886	0.01011	0.21531	0.02390	0.01606	0.46042	0.10687	0.02180	0.01792	0.00722	0.00636	0.00188	0.00617	0.00681	0.00599	0.00893
8	0.01294	0.01154	0.01654	0.28199	0.16127	0.01319	0.01319	0.04855	0.21043	0.02040	0.10501	0.02056	0.01684	0.00732	0.00653	0.00194	0.03340	0.00631	0.00420	0.00786
9	0.01469	0.04350	0.04850	0.12714	0.24579	0.08760	0.10195	0.04929	0.01443	0.05286	0.07849	0.01884	0.04458	0.00681	0.00658	0.00184	0.03956	0.00603	0.00362	0.00790
10	0.01712	0.02348	0.36785	0.01500	0.02070	0.15368	0.01593	0.02130	0.01384	0.17993	0.01278	0.01388	0.00912	0.00666	0.00732	0.00189	0.10275	0.00471	0.00367	0.00840
11	0.11717	0.01450	0.01556	0.14600	0.04964	0.17245	0.04413	0.01945	0.01369	0.16369	0.01712	0.01849	0.08240	0.00749	0.00716	0.00189	0.09216	0.00562	0.00408	0.00731
12	0.14638	0.00887	0.01021	0.08859	0.01428	0.03666	0.00773	0.01589	0.01300	0.18849	0.02665	0.26564	0.11089	0.01156	0.00625	0.00206	0.00472	0.03033	0.00523	0.00658
13	0.01304	0.08265	0.20027	0.01233	0.01595	0.17770	0.01153	0.04709	0.01360	0.01675	0.01909	0.32395	0.02036	0.01093	0.00619	0.00195	0.00673	0.00919	0.00398	0.00670
14	0.01030	0.00909	0.01478	0.28098	0.15945	0.00981	0.03295	0.01314	0.01264	0.01705	0.10831	0.26257	0.02390	0.01050	0.00658	0.00205	0.00576	0.00962	0.00407	0.00645
15	0.08564	0.00760	0.00924	0.00876	0.01073	0.00736	0.00644	0.03009	0.04250	0.20868	0.05734	0.34877	0.02687	0.08939	0.00880	0.00245	0.00424	0.01080	0.02776	0.00652

[dist]
# distance from previous block
# <min> <max>
4	31

[block]
