[name]
unknown

[dist]
# distance from previous block
# <min> <max>
0	95

[block]
# block no. 0 follows, 39 sequences, length 13
# corresponding to MSA columns:
# 489-501
name=unknown_A
#
# <colnr> <probs for GDERKNQSTAVLIFYWHMCP>
#	G	D	E	R	K	N	Q	S	T	A	V	L	I	F	Y	W	H	M	C	P
0	0.01119	0.01063	0.06413	0.01116	0.04606	0.04495	0.03730	0.01368	0.01328	0.05127	0.10635	0.16358	0.10736	0.04425	0.00737	0.00200	0.00503	0.07840	0.00464	0.17737
1	0.00943	0.00776	0.00827	0.00897	0.00994	0.06706	0.00637	0.01166	0.06636	0.01586	0.02972	0.48388	0.07625	0.04221	0.00869	0.04296	0.00437	0.06599	0.02898	0.00524
2	0.00959	0.01013	0.09357	0.01187	0.07142	0.00848	0.00907	0.01309	0.07476	0.01743	0.10070	0.27235	0.11903	0.05801	0.03111	0.00257	0.05173	0.03418	0.00475	0.00617
3	0.04709	0.01105	0.08854	0.04887	0.01575	0.00921	0.04955	0.04964	0.04526	0.18462	0.09771	0.16830	0.03606	0.01101	0.00725	0.03747	0.00534	0.07483	0.00526	0.00718
4	0.05462	0.01436	0.01553	0.01221	0.01632	0.01562	0.00992	0.53462	0.05584	0.03230	0.05011	0.01601	0.01244	0.00823	0.00716	0.06805	0.00592	0.00543	0.00543	0.05986
5	0.03832	0.38232	0.06465	0.08322	0.05232	0.03398	0.05642	0.01784	0.01232	0.05795	0.00997	0.01202	0.00826	0.00570	0.00583	0.00155	0.06886	0.00412	0.00299	0.08138
6	0.00881	0.00625	0.00718	0.00701	0.00870	0.00573	0.00523	0.01149	0.04360	0.04009	0.28827	0.11600	0.30687	0.01287	0.00663	0.00191	0.00306	0.01104	0.10370	0.00555
7	0.01226	0.01051	0.01226	0.00876	0.01401	0.00788	0.00701	0.01489	0.01226	0.01927	0.01051	0.01226	0.00876	0.00438	0.00438	0.00088	0.00438	0.00350	0.00350	0.82832
8	0.01681	0.09739	0.15905	0.03424	0.04863	0.03950	0.01176	0.09085	0.01516	0.17993	0.03863	0.03704	0.01217	0.00639	0.00536	0.00157	0.00613	0.00509	0.00436	0.18995
9	0.07127	0.01537	0.01561	0.08499	0.08877	0.14310	0.01094	0.27270	0.01901	0.08457	0.03439	0.01667	0.03258	0.00690	0.00557	0.00173	0.00663	0.00533	0.07565	0.00823
10	0.01260	0.00656	0.00741	0.00703	0.00873	0.00658	0.00535	0.01554	0.04024	0.11182	0.02214	0.10933	0.03683	0.00863	0.00540	0.00163	0.02940	0.00706	0.55154	0.00616
11	0.01056	0.00905	0.01367	0.26593	0.13007	0.00989	0.01132	0.04523	0.04014	0.01711	0.02200	0.33029	0.04809	0.01139	0.00661	0.00211	0.00559	0.01026	0.00421	0.00647
12	0.14669	0.11781	0.08063	0.06063	0.01818	0.13712	0.03204	0.06444	0.12340	0.06600	0.01261	0.01391	0.00976	0.00728	0.02084	0.00196	0.07040	0.00467	0.00385	0.00776

[dist]
# distance from previous block
# <min> <max>
0	5

[block]
# block no. 1 follows, 39 sequences, length 30
# corresponding to MSA columns:
# 507-536
name=unknown_B
#
# <colnr> <probs for GDERKNQSTAVLIFYWHMCP>
#	G	D	E	R	K	N	Q	S	T	A	V	L	I	F	Y	W	H	M	C	P
0	0.04820	0.03310	0.01515	0.01286	0.06255	0.03740	0.07724	0.05884	0.03162	0.22139	0.26082	0.02559	0.02611	0.00836	0.00652	0.00181	0.02575	0.00720	0.00557	0.03390
1	0.15717	0.14637	0.09942	0.01099	0.03276	0.03310	0.00988	0.06003	0.01338	0.09305	0.01119	0.01226	0.00865	0.00534	0.00460	0.00140	0.00565	0.00389	0.00374	0.28714
2	0.00840	0.00593	0.00744	0.00719	0.00856	0.00546	0.00534	0.01094	0.01565	0.02223	0.56953	0.09797	0.11381	0.01235	0.00676	0.00187	0.00285	0.01083	0.08141	0.00546
3	0.00946	0.00738	0.00999	0.01168	0.09562	0.00710	0.00818	0.01245	0.03503	0.01966	0.24685	0.04946	0.17876	0.01301	0.00713	0.00215	0.00425	0.24433	0.03155	0.00596
4	0.00895	0.00577	0.00768	0.00844	0.00935	0.00534	0.00601	0.01044	0.01268	0.07115	0.12896	0.56324	0.05513	0.01660	0.00739	0.00230	0.00360	0.06588	0.00576	0.00535
5	0.83394	0.01144	0.00869	0.00778	0.01144	0.01327	0.00640	0.01738	0.01006	0.02653	0.00823	0.00961	0.00640	0.00549	0.00366	0.00183	0.00457	0.00320	0.00366	0.00640
6	0.00706	0.00599	0.00609	0.00607	0.00803	0.00502	0.00455	0.00863	0.01366	0.01640	0.09755	0.05622	0.71498	0.01482	0.00699	0.00199	0.00298	0.01238	0.00555	0.00502
7	0.01581	0.79572	0.03099	0.01012	0.01518	0.02340	0.01012	0.01771	0.01202	0.01391	0.00822	0.00949	0.00759	0.00506	0.00379	0.00126	0.00632	0.00316	0.00253	0.00759
8	0.01186	0.03059	0.76153	0.01686	0.02560	0.01373	0.02185	0.01873	0.01249	0.01873	0.01061	0.01249	0.00749	0.00562	0.00562	0.00187	0.00874	0.00437	0.00250	0.00874
9	0.02653	0.01006	0.01372	0.01052	0.01510	0.00869	0.00869	0.02882	0.01693	0.75937	0.02333	0.02013	0.01464	0.00732	0.00595	0.00183	0.00503	0.00595	0.00732	0.01006
10	0.83394	0.01144	0.00869	0.00778	0.01144	0.01327	0.00640	0.01738	0.01006	0.02653	0.00823	0.00961	0.00640	0.00549	0.00366	0.00183	0.00457	0.00320	0.00366	0.00640
11	0.01117	0.01051	0.01774	0.77795	0.04073	0.01314	0.01642	0.01511	0.01182	0.01511	0.01051	0.01577	0.00788	0.00591	0.00591	0.00197	0.00788	0.00526	0.00263	0.00657
12	0.83394	0.01144	0.00869	0.00778	0.01144	0.01327	0.00640	0.01738	0.01006	0.02653	0.00823	0.00961	0.00640	0.00549	0.00366	0.00183	0.00457	0.00320	0.00366	0.00640
13	0.01487	0.01192	0.01347	0.00991	0.01491	0.01052	0.00801	0.20176	0.01630	0.02403	0.01175	0.01307	0.00930	0.00516	0.00477	0.00112	0.00488	0.00404	0.03013	0.59006
14	0.00810	0.00603	0.00754	0.00716	0.00867	0.00547	0.00537	0.01064	0.01611	0.02222	0.61845	0.04664	0.19044	0.01265	0.00698	0.00189	0.00283	0.01104	0.00631	0.00547
15	0.00758	0.00549	0.00724	0.00851	0.00915	0.00515	0.00609	0.00892	0.01186	0.01560	0.03439	0.61405	0.09071	0.01790	0.00761	0.00243	0.00374	0.13318	0.00548	0.00492
16	0.83394	0.01144	0.00869	0.00778	0.01144	0.01327	0.00640	0.01738	0.01006	0.02653	0.00823	0.00961	0.00640	0.00549	0.00366	0.00183	0.00457	0.00320	0.00366	0.00640
17	0.01352	0.06818	0.01374	0.00898	0.01418	0.00908	0.00735	0.01607	0.01257	0.07061	0.01124	0.01261	0.00908	0.00464	0.00445	0.00097	0.00457	0.00365	0.00370	0.71081
18	0.00940	0.00672	0.00938	0.01075	0.01205	0.00670	0.00931	0.01203	0.01349	0.01756	0.03138	0.10594	0.03431	0.01646	0.00813	0.00271	0.00534	0.67748	0.00545	0.00541
19	0.01008	0.00799	0.00931	0.00864	0.01066	0.00819	0.00657	0.01681	0.22923	0.02323	0.46871	0.03901	0.11581	0.01120	0.00670	0.00192	0.00336	0.00970	0.00626	0.00663
20	0.00846	0.00629	0.00929	0.00929	0.01027	0.00728	0.00713	0.01042	0.00944	0.01357	0.01604	0.02431	0.01525	0.09663	0.71710	0.00924	0.01513	0.00649	0.00320	0.00516
21	0.70334	0.01133	0.00938	0.00817	0.01187	0.01283	0.00672	0.04926	0.01148	0.08665	0.01012	0.01111	0.00755	0.00576	0.00396	0.00181	0.00463	0.00360	0.03359	0.00683
22	0.02235	0.00896	0.01170	0.00930	0.01312	0.00786	0.00758	0.02466	0.01587	0.57424	0.02530	0.02317	0.06898	0.00781	0.00570	0.00176	0.00448	0.00635	0.15191	0.00889
23	0.02545	0.00975	0.01315	0.01017	0.01452	0.00847	0.00837	0.02777	0.01661	0.70783	0.02305	0.02026	0.01468	0.00729	0.00582	0.00180	0.00487	0.00592	0.06448	0.00975
24	0.00850	0.00614	0.00851	0.00851	0.00922	0.00685	0.00615	0.00992	0.00921	0.01299	0.01675	0.02826	0.01697	0.28740	0.52867	0.00828	0.01256	0.00707	0.00330	0.00473
25	0.01027	0.00514	0.00770	0.00770	0.00770	0.00514	0.00514	0.00770	0.00770	0.01027	0.01027	0.01798	0.01027	0.02054	0.02311	0.82794	0.00514	0.00514	0.00257	0.00257
26	0.01562	0.01325	0.04219	0.08037	0.05107	0.05489	0.01015	0.10536	0.01478	0.09890	0.01213	0.01370	0.00933	0.00566	0.00582	0.00139	0.04609	0.00436	0.00399	0.41095
27	0.01162	0.03679	0.01122	0.02764	0.02806	0.00794	0.02619	0.03731	0.03641	0.08941	0.43834	0.05482	0.05484	0.01008	0.00636	0.00176	0.00385	0.00880	0.03771	0.07086
28	0.04770	0.17790	0.18986	0.01305	0.03257	0.01530	0.02588	0.18869	0.01670	0.14742	0.02750	0.02913	0.01119	0.00733	0.02153	0.00187	0.00671	0.00506	0.02593	0.00866
29	0.01345	0.16439	0.25994	0.01319	0.03822	0.01322	0.02673	0.05981	0.02989	0.07326	0.06201	0.09456	0.04423	0.00870	0.00591	0.00188	0.00639	0.07244	0.00407	0.00771

[dist]
# distance from previous block
# <min> <max>
2	12

[block]
# block no. 2 follows, 39 sequences, length 24
# corresponding to MSA columns:
# 551-574
name=unknown_C
#
# <colnr> <probs for GDERKNQSTAVLIFYWHMCP>
#	G	D	E	R	K	N	Q	S	T	A	V	L	I	F	Y	W	H	M	C	P
0	0.01834	0.01182	0.01758	0.04491	0.09118	0.01075	0.11016	0.05164	0.05200	0.28488	0.01620	0.01654	0.01144	0.00596	0.00565	0.00160	0.00589	0.00534	0.00493	0.23319
1	0.01247	0.01218	0.05747	0.01963	0.23825	0.04018	0.05606	0.06734	0.01407	0.01897	0.02051	0.19760	0.02133	0.01099	0.00711	0.00215	0.02465	0.16754	0.00426	0.00724
2	0.66207	0.08589	0.05258	0.00856	0.01273	0.01391	0.00764	0.01734	0.01051	0.02448	0.00850	0.00992	0.00672	0.00539	0.00382	0.00172	0.00496	0.00328	0.00348	0.05650
3	0.00850	0.00578	0.00658	0.00658	0.00675	0.00578	0.00383	0.00869	0.00892	0.01183	0.02077	0.03891	0.06155	0.71092	0.06667	0.00572	0.00610	0.00870	0.00367	0.00375
4	0.01712	0.44955	0.02529	0.04759	0.01786	0.23062	0.03926	0.01971	0.04350	0.01478	0.00937	0.01102	0.00810	0.00573	0.00519	0.00148	0.03978	0.00382	0.00284	0.00738
5	0.01581	0.79572	0.03099	0.01012	0.01518	0.02340	0.01012	0.01771	0.01202	0.01391	0.00822	0.00949	0.00759	0.00506	0.00379	0.00126	0.00632	0.00316	0.00253	0.00759
6	0.02248	0.01656	0.01775	0.01361	0.01834	0.01834	0.01124	0.73556	0.02780	0.03727	0.01420	0.01420	0.01006	0.00710	0.00592	0.00177	0.00651	0.00532	0.00592	0.01006
7	0.01464	0.01405	0.02400	0.03630	0.75528	0.01405	0.01815	0.01815	0.01347	0.01932	0.01112	0.01464	0.00937	0.00527	0.00585	0.00176	0.00703	0.00527	0.00293	0.00937
8	0.02006	0.01222	0.02108	0.01572	0.02054	0.01132	0.27155	0.02458	0.07772	0.39153	0.05578	0.01998	0.01494	0.00677	0.00638	0.00191	0.00668	0.00662	0.00560	0.00902
9	0.00721	0.00515	0.00686	0.00823	0.00858	0.00480	0.00549	0.00823	0.01132	0.01510	0.03259	0.78831	0.03911	0.01853	0.00755	0.00240	0.00343	0.01681	0.00549	0.00480
10	0.01816	0.08242	0.01760	0.01457	0.07574	0.05133	0.01095	0.30323	0.31049	0.02779	0.01714	0.01680	0.01286	0.00710	0.00574	0.00181	0.00600	0.00561	0.00529	0.00937
11	0.01620	0.04977	0.23379	0.01360	0.01828	0.01370	0.01360	0.09230	0.01412	0.16913	0.01374	0.03428	0.01067	0.00758	0.00876	0.00193	0.18290	0.01899	0.00407	0.08258
12	0.01554	0.25368	0.30647	0.01582	0.08679	0.04756	0.02985	0.04550	0.04602	0.08299	0.01175	0.01294	0.00891	0.00574	0.00517	0.00167	0.00738	0.00440	0.00328	0.00855
13	0.01686	0.11194	0.02003	0.01726	0.14796	0.03212	0.07894	0.18679	0.13452	0.07505	0.06600	0.02018	0.01542	0.00728	0.00593	0.00182	0.00629	0.04218	0.00475	0.00871
14	0.01117	0.01051	0.01774	0.77795	0.04073	0.01314	0.01642	0.01511	0.01182	0.01511	0.01051	0.01577	0.00788	0.00591	0.00591	0.00197	0.00788	0.00526	0.00263	0.00657
15	0.01725	0.15633	0.18075	0.06034	0.05648	0.01387	0.04296	0.05102	0.06300	0.22551	0.04567	0.01679	0.01265	0.00734	0.02295	0.00193	0.00674	0.00530	0.00445	0.00866
16	0.05251	0.01384	0.02001	0.19779	0.20244	0.05188	0.09533	0.15723	0.01597	0.05421	0.01320	0.03424	0.01073	0.00670	0.00625	0.00190	0.02055	0.03324	0.00383	0.00816
17	0.00739	0.00527	0.00699	0.00817	0.00853	0.00503	0.00545	0.00840	0.01099	0.01472	0.03046	0.68204	0.03623	0.08188	0.05552	0.00310	0.00437	0.01552	0.00520	0.00473
18	0.00844	0.00570	0.00665	0.00680	0.00688	0.00572	0.00398	0.00866	0.00894	0.01197	0.02000	0.11862	0.02306	0.67142	0.06468	0.00556	0.00599	0.00937	0.00377	0.00380
19	0.05216	0.16079	0.30360	0.01523	0.05422	0.01484	0.06688	0.04933	0.01367	0.14540	0.01295	0.03262	0.00977	0.00630	0.00596	0.00179	0.03735	0.00498	0.00365	0.00850
20	0.04639	0.01390	0.07991	0.12924	0.35408	0.01296	0.04484	0.06359	0.03406	0.05777	0.01556	0.06373	0.04419	0.00692	0.00597	0.00187	0.00671	0.00628	0.00365	0.00836
21	0.00804	0.00637	0.00738	0.00781	0.00942	0.00588	0.00605	0.01057	0.05078	0.01707	0.08554	0.18141	0.40130	0.01536	0.00729	0.00221	0.00367	0.16297	0.00556	0.00531
22	0.01280	0.04374	0.08330	0.15201	0.17132	0.05015	0.11773	0.04879	0.01384	0.01841	0.05335	0.11867	0.01692	0.00841	0.00636	0.00197	0.00708	0.06409	0.00369	0.00737
23	0.07171	0.12040	0.10656	0.09467	0.01918	0.07215	0.01156	0.09036	0.04615	0.23379	0.01495	0.01560	0.01073	0.00891	0.05594	0.00226	0.00721	0.00496	0.00455	0.00836

[dist]
# distance from previous block
# <min> <max>
0	1

[block]
# block no. 3 follows, 39 sequences, length 23
# corresponding to MSA columns:
# 576-598
name=unknown_D
#
# <colnr> <probs for GDERKNQSTAVLIFYWHMCP>
#	G	D	E	R	K	N	Q	S	T	A	V	L	I	F	Y	W	H	M	C	P
0	0.01514	0.07739	0.01607	0.01388	0.06443	0.07984	0.01040	0.04353	0.40558	0.02131	0.01780	0.01809	0.01390	0.00766	0.00751	0.00192	0.11386	0.00574	0.05759	0.00837
1	0.04575	0.17857	0.15478	0.01202	0.04718	0.01309	0.01115	0.01919	0.05297	0.12506	0.01358	0.01430	0.02468	0.00567	0.00489	0.00143	0.00579	0.00436	0.00382	0.26170
2	0.07701	0.22908	0.17069	0.16113	0.02389	0.05983	0.08702	0.06983	0.01368	0.04116	0.01047	0.01269	0.00807	0.00564	0.00519	0.00171	0.00757	0.00448	0.00309	0.00778
3	0.00787	0.00592	0.00712	0.00747	0.00886	0.00536	0.00564	0.00981	0.01383	0.01821	0.22514	0.20790	0.30149	0.01488	0.00716	0.00212	0.00335	0.10692	0.03574	0.00518
4	0.83394	0.01144	0.00869	0.00778	0.01144	0.01327	0.00640	0.01738	0.01006	0.02653	0.00823	0.00961	0.00640	0.00549	0.00366	0.00183	0.00457	0.00320	0.00366	0.00640
5	0.00969	0.00606	0.00862	0.00845	0.00872	0.00667	0.00594	0.00901	0.00841	0.01161	0.01300	0.02267	0.01324	0.16396	0.21074	0.42093	0.05961	0.00606	0.00290	0.00369
6	0.01101	0.00662	0.00841	0.00771	0.00964	0.00597	0.00592	0.01349	0.01593	0.13232	0.48006	0.05753	0.14759	0.01180	0.00674	0.00189	0.00323	0.02661	0.04140	0.00614
7	0.00986	0.00747	0.00863	0.00820	0.01013	0.00733	0.00617	0.04449	0.12675	0.03981	0.29784	0.14863	0.23629	0.01285	0.00684	0.00199	0.00344	0.01110	0.00600	0.00619
8	0.01138	0.01252	0.09634	0.58221	0.03478	0.01311	0.01590	0.01533	0.01170	0.01589	0.01088	0.01560	0.00832	0.00631	0.00688	0.00197	0.07162	0.00517	0.05737	0.00672
9	0.01226	0.06303	0.06695	0.03874	0.01400	0.01073	0.00884	0.16008	0.07149	0.02307	0.23638	0.18696	0.06145	0.01107	0.00646	0.00194	0.00469	0.00949	0.00539	0.00699
10	0.00721	0.00574	0.00647	0.00685	0.00827	0.00500	0.00492	0.00871	0.01318	0.01658	0.12940	0.28102	0.45432	0.01575	0.00716	0.00211	0.00311	0.01362	0.00561	0.00500
11	0.01705	0.04449	0.04959	0.01347	0.01755	0.01554	0.05385	0.34598	0.01891	0.02624	0.01277	0.04970	0.01052	0.00742	0.00798	0.00178	0.13822	0.00548	0.00444	0.15903
12	0.02570	0.01035	0.01382	0.01056	0.01518	0.00904	0.00872	0.05647	0.01714	0.69582	0.02237	0.01952	0.01418	0.00717	0.00587	0.00178	0.00506	0.00581	0.00708	0.04835
13	0.02013	0.01493	0.09348	0.05043	0.04195	0.01377	0.02528	0.25864	0.13439	0.24294	0.03136	0.01768	0.01309	0.00709	0.00595	0.00185	0.00610	0.00575	0.00569	0.00950
14	0.01212	0.07196	0.63339	0.05430	0.02509	0.01455	0.02032	0.01819	0.01220	0.01797	0.01028	0.01251	0.00753	0.00592	0.00645	0.00189	0.06001	0.00440	0.00251	0.00842
15	0.00712	0.00591	0.00623	0.00633	0.00812	0.00502	0.00468	0.00868	0.01354	0.01653	0.11450	0.12754	0.62526	0.01509	0.00704	0.00203	0.00302	0.01276	0.00558	0.00502
16	0.02302	0.01570	0.01722	0.01320	0.01791	0.01706	0.01090	0.64199	0.02636	0.13287	0.01541	0.01498	0.01066	0.00713	0.00592	0.00178	0.00631	0.00541	0.00610	0.01006
17	0.08275	0.16634	0.01971	0.29783	0.02512	0.06085	0.03525	0.01773	0.01219	0.09308	0.01075	0.01374	0.00840	0.00652	0.00737	0.00187	0.12541	0.00470	0.00321	0.00717
18	0.01844	0.06613	0.05744	0.02286	0.29523	0.37005	0.01439	0.05429	0.01556	0.01754	0.01014	0.01235	0.00838	0.00575	0.00548	0.00163	0.00876	0.00442	0.00308	0.00808
19	0.00953	0.00681	0.00953	0.01089	0.01225	0.00681	0.00953	0.01225	0.01361	0.01770	0.03131	0.06671	0.03403	0.01634	0.00817	0.00272	0.00545	0.71547	0.00545	0.00545
20	0.00884	0.00730	0.01216	0.01129	0.01278	0.00688	0.14137	0.01074	0.01189	0.01615	0.02747	0.53630	0.03135	0.04630	0.00822	0.00243	0.00482	0.05387	0.04443	0.00542
21	0.01116	0.00998	0.01526	0.51752	0.03116	0.01199	0.01364	0.01665	0.12387	0.01679	0.01660	0.10119	0.01484	0.00841	0.00629	0.00208	0.00673	0.06543	0.00368	0.00672
22	0.01406	0.01209	0.02111	0.29950	0.20329	0.01267	0.14544	0.01810	0.02983	0.09543	0.05477	0.01764	0.01212	0.00609	0.00611	0.00187	0.00729	0.00593	0.00358	0.03308

[dist]
# distance from previous block
# <min> <max>
0	3

[block]
# block no. 4 follows, 39 sequences, length 23
# corresponding to MSA columns:
# 602-624
name=unknown_E
#
# <colnr> <probs for GDERKNQSTAVLIFYWHMCP>
#	G	D	E	R	K	N	Q	S	T	A	V	L	I	F	Y	W	H	M	C	P
0	0.01369	0.01077	0.01307	0.10563	0.01739	0.01005	0.00874	0.05912	0.13006	0.07273	0.05034	0.01831	0.04453	0.00632	0.00526	0.00140	0.00490	0.00522	0.00442	0.41804
1	0.01112	0.00885	0.01223	0.18706	0.01833	0.01003	0.00961	0.09900	0.06146	0.02005	0.19921	0.02560	0.02311	0.02065	0.26239	0.00445	0.00891	0.00708	0.00439	0.00648
2	0.02223	0.02411	0.01711	0.01466	0.01830	0.50535	0.01136	0.27331	0.02063	0.02247	0.01091	0.01190	0.00847	0.00645	0.00554	0.00161	0.00921	0.00434	0.00405	0.00798
3	0.00721	0.00515	0.00686	0.00823	0.00858	0.00480	0.00549	0.00823	0.01132	0.01510	0.03259	0.78831	0.03911	0.01853	0.00755	0.00240	0.00343	0.01681	0.00549	0.00480
4	0.02209	0.02819	0.01676	0.01524	0.01828	0.76843	0.01143	0.02361	0.01676	0.01447	0.00914	0.01066	0.00762	0.00609	0.00533	0.00152	0.01066	0.00381	0.00305	0.00686
5	0.01558	0.07105	0.32378	0.01567	0.06772	0.01298	0.05873	0.02118	0.07474	0.17780	0.06918	0.01743	0.01370	0.00669	0.00616	0.00185	0.02736	0.00553	0.00418	0.00870
6	0.00864	0.00678	0.00894	0.00937	0.01114	0.00634	0.03191	0.01094	0.01357	0.01704	0.04233	0.06100	0.32649	0.01540	0.00765	0.00240	0.00460	0.40474	0.00538	0.00535
7	0.02295	0.01581	0.01728	0.01325	0.01796	0.01721	0.01094	0.65305	0.02653	0.12157	0.01526	0.01489	0.01059	0.00712	0.00592	0.00178	0.00634	0.00540	0.00608	0.01006
8	0.01139	0.01061	0.01576	0.28021	0.02275	0.01389	0.01249	0.01351	0.01000	0.01414	0.01080	0.01811	0.01016	0.11246	0.07846	0.00335	0.34736	0.00574	0.00278	0.00603
9	0.01692	0.63743	0.02829	0.01165	0.03489	0.12823	0.01055	0.04584	0.01332	0.01502	0.00865	0.00997	0.00773	0.00529	0.00415	0.00133	0.00696	0.00339	0.00274	0.00763
10	0.02515	0.01097	0.01413	0.01097	0.01547	0.01021	0.00902	0.10464	0.07676	0.62289	0.02241	0.01965	0.01442	0.00735	0.00595	0.00184	0.00516	0.00594	0.00706	0.01001
11	0.02327	0.01012	0.01319	0.01049	0.01462	0.00932	0.00853	0.02773	0.12445	0.58955	0.08412	0.02242	0.01857	0.00782	0.00604	0.00186	0.00479	0.00645	0.00706	0.00959
12	0.01078	0.00659	0.00775	0.00767	0.00970	0.00592	0.00608	0.01278	0.01368	0.12001	0.04154	0.10021	0.35448	0.01329	0.00671	0.00206	0.00376	0.14911	0.12206	0.00584
13	0.10230	0.12861	0.24391	0.12454	0.02532	0.01517	0.18933	0.01879	0.04376	0.03824	0.01124	0.01367	0.00844	0.00556	0.00555	0.00183	0.00785	0.00497	0.00304	0.00789
14	0.00852	0.00617	0.00832	0.00957	0.01064	0.00597	0.00772	0.01056	0.01282	0.01666	0.03416	0.31279	0.09643	0.01697	0.00786	0.00255	0.00455	0.41709	0.00546	0.00519
15	0.00844	0.00616	0.00673	0.00668	0.00860	0.00525	0.00497	0.00998	0.01354	0.06839	0.07901	0.15687	0.57476	0.01483	0.00699	0.00204	0.00319	0.01257	0.00566	0.00534
16	0.01468	0.03105	0.10268	0.19089	0.14418	0.08378	0.11702	0.12338	0.01546	0.02036	0.04005	0.05174	0.01189	0.00666	0.00602	0.00185	0.00768	0.00599	0.01676	0.00789
17	0.07425	0.01371	0.11492	0.18613	0.05306	0.04345	0.01239	0.02056	0.04752	0.23891	0.01643	0.06620	0.01254	0.00736	0.00625	0.00191	0.03571	0.00596	0.03476	0.00800
18	0.00911	0.00631	0.00779	0.00749	0.00913	0.00574	0.00558	0.01167	0.03295	0.06394	0.43239	0.14272	0.21651	0.01324	0.00697	0.00197	0.00310	0.01155	0.00617	0.00569
19	0.01059	0.01030	0.01957	0.06223	0.03478	0.00983	0.30587	0.01384	0.01362	0.01849	0.16452	0.23520	0.05380	0.01053	0.00705	0.00207	0.00632	0.01047	0.00444	0.00647
20	0.01916	0.11670	0.07923	0.07404	0.14336	0.07085	0.01281	0.18042	0.01737	0.18963	0.03082	0.01541	0.01115	0.00641	0.00559	0.00172	0.00675	0.00510	0.00457	0.00891
21	0.01753	0.08053	0.12064	0.13749	0.17400	0.04551	0.07225	0.03731	0.01442	0.22184	0.01413	0.01553	0.01009	0.00602	0.00576	0.00179	0.00716	0.00523	0.00408	0.00869
22	0.71818	0.07772	0.01102	0.00841	0.01215	0.05843	0.00701	0.01778	0.01062	0.02477	0.00829	0.00966	0.00657	0.00549	0.00377	0.00176	0.00508	0.00323	0.00353	0.00653

[dist]
# distance from previous block
# <min> <max>
0	3

[block]
# block no. 5 follows, 39 sequences, length 26
# corresponding to MSA columns:
# 628-653
name=unknown_F
#
# <colnr> <probs for GDERKNQSTAVLIFYWHMCP>
#	G	D	E	R	K	N	Q	S	T	A	V	L	I	F	Y	W	H	M	C	P
0	0.00962	0.00645	0.00841	0.00778	0.00948	0.00583	0.00585	0.01220	0.01599	0.06941	0.59711	0.11241	0.04907	0.01199	0.00683	0.00186	0.00308	0.01060	0.00630	0.04973
1	0.01452	0.06141	0.01813	0.12072	0.14691	0.18506	0.08065	0.01809	0.05017	0.01789	0.07187	0.04412	0.01571	0.00745	0.00588	0.00180	0.00719	0.05255	0.07272	0.00716
2	0.00770	0.00583	0.00711	0.00719	0.00853	0.00523	0.00524	0.00972	0.01457	0.01951	0.38777	0.21327	0.25804	0.01437	0.00711	0.00202	0.00299	0.01258	0.00598	0.00523
3	0.05057	0.08504	0.01851	0.01705	0.16170	0.04048	0.06521	0.10421	0.19218	0.08517	0.10298	0.01962	0.01711	0.00712	0.00583	0.00180	0.00591	0.00611	0.00481	0.00858
4	0.01428	0.05733	0.12259	0.02113	0.22565	0.01485	0.09509	0.01975	0.11892	0.04998	0.01313	0.01554	0.01042	0.00678	0.00830	0.00195	0.15062	0.00545	0.03989	0.00835
5	0.01079	0.00629	0.00776	0.00726	0.00897	0.00581	0.00549	0.01331	0.01514	0.10117	0.40339	0.08609	0.08804	0.01095	0.00622	0.00179	0.00308	0.00946	0.20306	0.00595
6	0.00832	0.00614	0.00829	0.00829	0.00918	0.00667	0.00605	0.00980	0.00973	0.01340	0.02174	0.03125	0.10314	0.23770	0.48500	0.00763	0.01167	0.00765	0.00355	0.00480
7	0.00791	0.00603	0.00727	0.00696	0.00855	0.00538	0.00522	0.01027	0.01566	0.02115	0.52242	0.04840	0.28713	0.01305	0.00698	0.00191	0.00286	0.01129	0.00617	0.00538
8	0.01581	0.79572	0.03099	0.01012	0.01518	0.02340	0.01012	0.01771	0.01202	0.01391	0.00822	0.00949	0.00759	0.00506	0.00379	0.00126	0.00632	0.00316	0.00253	0.00759
9	0.01552	0.01252	0.01340	0.01193	0.01536	0.01430	0.00931	0.03125	0.69499	0.07482	0.02402	0.02193	0.01782	0.00798	0.00601	0.00199	0.00470	0.00664	0.00611	0.00941
10	0.00831	0.00604	0.00782	0.00738	0.00880	0.00555	0.00553	0.01104	0.01660	0.02337	0.72145	0.04474	0.08672	0.01222	0.00698	0.00187	0.00280	0.01077	0.00646	0.00555
11	0.83394	0.01144	0.00869	0.00778	0.01144	0.01327	0.00640	0.01738	0.01006	0.02653	0.00823	0.00961	0.00640	0.00549	0.00366	0.00183	0.00457	0.00320	0.00366	0.00640
12	0.01540	0.46737	0.02330	0.04851	0.01597	0.16884	0.00989	0.01730	0.01321	0.01450	0.01645	0.01853	0.11165	0.00706	0.00480	0.00150	0.00678	0.02881	0.00315	0.00696
13	0.01369	0.01111	0.04896	0.00913	0.01422	0.00810	0.00773	0.01650	0.01279	0.09911	0.01249	0.01379	0.00977	0.00493	0.00459	0.00106	0.00455	0.00395	0.05987	0.64367
14	0.08822	0.15558	0.25857	0.09824	0.07039	0.04455	0.04073	0.01900	0.03605	0.08159	0.01249	0.04763	0.00999	0.00631	0.00533	0.00178	0.00717	0.00504	0.00335	0.00799
15	0.01387	0.00961	0.01144	0.06041	0.01323	0.05553	0.00791	0.07529	0.07713	0.07949	0.03486	0.01978	0.01310	0.08047	0.01631	0.35442	0.06217	0.00575	0.00380	0.00543
16	0.00845	0.00634	0.00950	0.00950	0.01056	0.00739	0.00739	0.01056	0.00950	0.01373	0.01584	0.02323	0.01478	0.04435	0.76873	0.00950	0.01584	0.00634	0.00317	0.00528
17	0.01392	0.01601	0.11361	0.14802	0.24928	0.01402	0.29293	0.01842	0.01340	0.04527	0.01173	0.01527	0.00895	0.00538	0.00627	0.00190	0.00842	0.00584	0.00301	0.00833
18	0.01696	0.03678	0.01728	0.27882	0.07535	0.10739	0.01304	0.17797	0.05228	0.09326	0.01442	0.01863	0.01131	0.00706	0.00593	0.00187	0.00723	0.05220	0.00423	0.00800
19	0.01111	0.00956	0.01492	0.23003	0.23921	0.01032	0.01162	0.01332	0.01098	0.01489	0.01405	0.02466	0.01388	0.31522	0.03968	0.00362	0.00704	0.00661	0.00311	0.00619
20	0.00721	0.00515	0.00686	0.00823	0.00858	0.00480	0.00549	0.00823	0.01132	0.01510	0.03259	0.78831	0.03911	0.01853	0.00755	0.00240	0.00343	0.01681	0.00549	0.00480
21	0.01455	0.12257	0.17571	0.01368	0.01837	0.01503	0.06882	0.02351	0.29620	0.07088	0.05589	0.01830	0.01479	0.00720	0.00663	0.00189	0.05718	0.00580	0.00445	0.00854
22	0.07712	0.06445	0.02163	0.19120	0.39881	0.01431	0.04568	0.04305	0.01346	0.05873	0.01137	0.01449	0.00899	0.00557	0.00562	0.00179	0.00698	0.00508	0.00323	0.00842
23	0.06797	0.01567	0.15114	0.04830	0.04013	0.07597	0.02497	0.01697	0.01238	0.09734	0.05197	0.04914	0.06307	0.00984	0.03392	0.00231	0.22185	0.00618	0.00374	0.00717
24	0.00843	0.00566	0.00650	0.00666	0.00670	0.00562	0.00381	0.00856	0.00892	0.01190	0.02030	0.12804	0.02360	0.69996	0.02741	0.00534	0.00546	0.00958	0.00381	0.00373
25	0.15523	0.06786	0.09268	0.03866	0.01793	0.13057	0.06530	0.05336	0.01325	0.04187	0.01041	0.01257	0.00833	0.00721	0.03278	0.00190	0.07080	0.00429	0.00337	0.17161

[dist]
# distance from previous block
# <min> <max>
1	5

[block]
# block no. 6 follows, 39 sequences, length 15
# corresponding to MSA columns:
# 659-673
name=unknown_G
#
# <colnr> <probs for GDERKNQSTAVLIFYWHMCP>
#	G	D	E	R	K	N	Q	S	T	A	V	L	I	F	Y	W	H	M	C	P
0	0.00973	0.00648	0.00727	0.00689	0.00906	0.00553	0.00523	0.01143	0.01411	0.11505	0.12308	0.10191	0.53487	0.01392	0.00689	0.00199	0.00327	0.01174	0.00584	0.00571
1	0.01458	0.08936	0.24851	0.01635	0.07825	0.03587	0.08925	0.07935	0.14516	0.05034	0.08104	0.01772	0.01456	0.00669	0.00584	0.00182	0.00698	0.00571	0.00406	0.00854
2	0.00857	0.00577	0.00664	0.00658	0.00677	0.00571	0.00385	0.00894	0.00968	0.01309	0.11582	0.03943	0.02604	0.68881	0.02704	0.00522	0.00534	0.00888	0.00397	0.00385
3	0.01122	0.00931	0.01119	0.11615	0.01574	0.01022	0.00844	0.01960	0.30699	0.02205	0.26336	0.03215	0.10792	0.00977	0.00637	0.00194	0.00428	0.00839	0.02774	0.00717
4	0.00829	0.00604	0.00779	0.00735	0.00878	0.00555	0.00552	0.01100	0.01655	0.02326	0.71111	0.04493	0.09713	0.01226	0.00698	0.00187	0.00280	0.01080	0.00645	0.00555
5	0.01375	0.02371	0.51190	0.11687	0.04614	0.01266	0.01855	0.01936	0.01301	0.11628	0.01265	0.01439	0.00886	0.00593	0.00565	0.00186	0.00784	0.00477	0.03732	0.00851
6	0.01654	0.01409	0.02243	0.03143	0.60410	0.01423	0.01655	0.11349	0.01561	0.07572	0.01242	0.01498	0.00984	0.00566	0.00587	0.00176	0.00681	0.00533	0.00364	0.00951
7	0.01464	0.01405	0.02400	0.03630	0.75528	0.01405	0.01815	0.01815	0.01347	0.01932	0.01112	0.01464	0.00937	0.00527	0.00585	0.00176	0.00703	0.00527	0.00293	0.00937
8	0.02653	0.01006	0.01372	0.01052	0.01510	0.00869	0.00869	0.02882	0.01693	0.75937	0.02333	0.02013	0.01464	0.00732	0.00595	0.00183	0.00503	0.00595	0.00732	0.01006
9	0.01581	0.79572	0.03099	0.01012	0.01518	0.02340	0.01012	0.01771	0.01202	0.01391	0.00822	0.00949	0.00759	0.00506	0.00379	0.00126	0.00632	0.00316	0.00253	0.00759
10	0.02403	0.01324	0.01673	0.01272	0.01744	0.01325	0.05286	0.33503	0.02147	0.40194	0.01869	0.01731	0.01231	0.00709	0.00599	0.00182	0.00597	0.00574	0.00645	0.00994
11	0.01067	0.00994	0.01163	0.01455	0.16315	0.08588	0.00876	0.01328	0.05631	0.01663	0.03002	0.37678	0.15259	0.01328	0.00678	0.00208	0.00491	0.01175	0.00474	0.00626
12	0.00850	0.00615	0.00854	0.00854	0.00926	0.00687	0.00619	0.00994	0.00922	0.01301	0.01672	0.02812	0.01691	0.28075	0.53524	0.00831	0.01265	0.00705	0.00330	0.00474
13	0.01546	0.01279	0.02063	0.02856	0.54295	0.01228	0.01509	0.01868	0.01386	0.10598	0.04431	0.01625	0.01190	0.00569	0.00573	0.00166	0.00628	0.00536	0.00367	0.11288
14	0.01037	0.00823	0.01036	0.00894	0.01148	0.00783	0.03756	0.01551	0.13857	0.02244	0.39296	0.03362	0.07887	0.00974	0.00622	0.00172	0.00367	0.00852	0.06353	0.12985

[dist]
# distance from previous block
# <min> <max>
0	13

[block]
# block no. 7 follows, 39 sequences, length 11
# corresponding to MSA columns:
# 687-697
name=unknown_H
#
# <colnr> <probs for GDERKNQSTAVLIFYWHMCP>
#	G	D	E	R	K	N	Q	S	T	A	V	L	I	F	Y	W	H	M	C	P
0	0.01032	0.00641	0.00765	0.00719	0.00881	0.00621	0.00544	0.01389	0.05750	0.05180	0.43850	0.03462	0.03853	0.00994	0.00594	0.00171	0.00298	0.00856	0.27805	0.00595
1	0.14163	0.01581	0.01642	0.01275	0.01733	0.01759	0.01053	0.63010	0.02520	0.03569	0.01332	0.01352	0.00952	0.00686	0.00558	0.00178	0.00622	0.00501	0.00558	0.00952
2	0.02653	0.01006	0.01372	0.01052	0.01510	0.00869	0.00869	0.02882	0.01693	0.75937	0.02333	0.02013	0.01464	0.00732	0.00595	0.00183	0.00503	0.00595	0.00732	0.01006
3	0.09455	0.01018	0.01330	0.01029	0.01479	0.00908	0.00850	0.02786	0.01635	0.69764	0.02206	0.01924	0.01395	0.00717	0.00575	0.00183	0.00499	0.00572	0.00701	0.00976
4	0.02248	0.01656	0.01775	0.01361	0.01834	0.01834	0.01124	0.73556	0.02780	0.03727	0.01420	0.01420	0.01006	0.00710	0.00592	0.00177	0.00651	0.00532	0.00592	0.01006
5	0.00742	0.00601	0.00659	0.00644	0.00825	0.00518	0.00483	0.00932	0.01450	0.01839	0.27570	0.05294	0.53558	0.01408	0.00698	0.00195	0.00293	0.01192	0.00581	0.00518
6	0.01448	0.00715	0.00922	0.00811	0.01042	0.00658	0.00631	0.01701	0.01531	0.24892	0.30740	0.06112	0.03184	0.01129	0.04200	0.00213	0.00411	0.00817	0.18154	0.00690
7	0.02653	0.01006	0.01372	0.01052	0.01510	0.00869	0.00869	0.02882	0.01693	0.75937	0.02333	0.02013	0.01464	0.00732	0.00595	0.00183	0.00503	0.00595	0.00732	0.01006
8	0.01464	0.01405	0.02400	0.03630	0.75528	0.01405	0.01815	0.01815	0.01347	0.01932	0.01112	0.01464	0.00937	0.00527	0.00585	0.00176	0.00703	0.00527	0.00293	0.00937
9	0.01036	0.00995	0.04503	0.00878	0.01073	0.10073	0.00702	0.01318	0.01635	0.02226	0.59246	0.03753	0.04573	0.01081	0.00658	0.00180	0.00405	0.00931	0.04146	0.00589
10	0.01481	0.01083	0.01230	0.01088	0.01381	0.01184	0.00858	0.07576	0.37183	0.11446	0.11645	0.05475	0.08147	0.00969	0.00689	0.00201	0.03686	0.03252	0.00601	0.00826

[dist]
# distance from previous block
# <min> <max>
0	5

[block]
# block no. 8 follows, 39 sequences, length 14
# corresponding to MSA columns:
# 703-716
name=unknown_I
#
# <colnr> <probs for GDERKNQSTAVLIFYWHMCP>
#	G	D	E	R	K	N	Q	S	T	A	V	L	I	F	Y	W	H	M	C	P
0	0.01117	0.01051	0.01774	0.77795	0.04073	0.01314	0.01642	0.01511	0.01182	0.01511	0.01051	0.01577	0.00788	0.00591	0.00591	0.00197	0.00788	0.00526	0.00263	0.00657
1	0.01581	0.79572	0.03099	0.01012	0.01518	0.02340	0.01012	0.01771	0.01202	0.01391	0.00822	0.00949	0.00759	0.00506	0.00379	0.00126	0.00632	0.00316	0.00253	0.00759
2	0.01627	0.01310	0.10834	0.36263	0.02805	0.01203	0.01388	0.04253	0.06998	0.23038	0.01556	0.01720	0.01079	0.00650	0.00585	0.00190	0.00676	0.00546	0.02465	0.00813
3	0.01340	0.00994	0.04324	0.01076	0.03075	0.00902	0.02843	0.13505	0.01703	0.11557	0.19144	0.04007	0.17957	0.01140	0.00681	0.00203	0.00477	0.13793	0.00575	0.00704
4	0.00943	0.00737	0.00858	0.00830	0.01013	0.00727	0.00631	0.04073	0.12535	0.02098	0.30549	0.13783	0.22281	0.01308	0.00693	0.00203	0.00350	0.05186	0.00596	0.00607
5	0.01666	0.01828	0.21857	0.09887	0.11102	0.01443	0.01493	0.23298	0.06877	0.08268	0.01367	0.01487	0.00990	0.00628	0.00575	0.00179	0.00696	0.00510	0.00426	0.05422
6	0.06791	0.18737	0.12733	0.03534	0.01921	0.11484	0.05540	0.17402	0.04441	0.10169	0.01249	0.01328	0.00929	0.00611	0.00527	0.00168	0.00723	0.00461	0.00407	0.00844
7	0.01063	0.07044	0.00955	0.00783	0.00825	0.00668	0.00546	0.00858	0.00811	0.01064	0.01059	0.01847	0.01070	0.06389	0.02192	0.71215	0.00527	0.00517	0.00262	0.00304
8	0.01429	0.01396	0.08842	0.03822	0.21549	0.03055	0.13688	0.01944	0.09331	0.09794	0.15006	0.02241	0.03768	0.00729	0.00627	0.00187	0.00647	0.00684	0.00441	0.00821
9	0.00923	0.00550	0.00754	0.00765	0.00785	0.00564	0.00505	0.00846	0.00855	0.01157	0.01551	0.08864	0.01674	0.25668	0.14057	0.38394	0.00685	0.00733	0.00321	0.00348
10	0.01517	0.02207	0.38022	0.04629	0.08299	0.01430	0.01670	0.17463	0.07565	0.05148	0.01300	0.01422	0.00942	0.00611	0.00569	0.00180	0.00737	0.00489	0.00380	0.05419
11	0.04242	0.02150	0.38707	0.01457	0.02060	0.01377	0.01599	0.11903	0.04838	0.13498	0.01412	0.01636	0.01043	0.00704	0.00705	0.00196	0.07979	0.03216	0.00403	0.00874
12	0.03631	0.04374	0.07004	0.11441	0.01875	0.01126	0.01046	0.07515	0.04768	0.10688	0.01474	0.04704	0.01225	0.00693	0.00594	0.00161	0.03578	0.04611	0.00419	0.29075
13	0.17937	0.06655	0.03340	0.01052	0.01403	0.05976	0.00873	0.17403	0.04380	0.13589	0.01545	0.05699	0.01250	0.04021	0.03620	0.00223	0.02452	0.00558	0.07250	0.00772

[dist]
# distance from previous block
# <min> <max>
2	13

[block]
# block no. 9 follows, 39 sequences, length 22
# corresponding to MSA columns:
# 730-751
name=unknown_J
#
# <colnr> <probs for GDERKNQSTAVLIFYWHMCP>
#	G	D	E	R	K	N	Q	S	T	A	V	L	I	F	Y	W	H	M	C	P
0	0.17479	0.14993	0.09178	0.04778	0.01716	0.04212	0.01035	0.15556	0.01496	0.02280	0.01035	0.01177	0.00814	0.00550	0.00467	0.00148	0.00600	0.00392	0.00367	0.21728
1	0.01357	0.01325	0.05870	0.14549	0.14739	0.03029	0.01230	0.05615	0.29204	0.02097	0.03392	0.03716	0.04464	0.03589	0.00685	0.00203	0.00598	0.00645	0.00445	0.03249
2	0.05486	0.37021	0.15217	0.01366	0.05829	0.08602	0.03781	0.03478	0.03779	0.04069	0.01158	0.05658	0.01012	0.00628	0.00488	0.00159	0.00696	0.00473	0.00318	0.00781
3	0.01036	0.00731	0.00814	0.00789	0.00853	0.05027	0.00522	0.01082	0.00986	0.04837	0.04361	0.03153	0.01930	0.46747	0.16604	0.08196	0.00774	0.00752	0.00367	0.00438
4	0.71118	0.01264	0.00925	0.00834	0.01181	0.08270	0.00674	0.01775	0.01082	0.02516	0.00896	0.01042	0.00702	0.00563	0.00384	0.00178	0.00503	0.00339	0.05114	0.00639
5	0.02248	0.01656	0.01775	0.01361	0.01834	0.01834	0.01124	0.73556	0.02780	0.03727	0.01420	0.01420	0.01006	0.00710	0.00592	0.00177	0.00651	0.00532	0.00592	0.01006
6	0.83394	0.01144	0.00869	0.00778	0.01144	0.01327	0.00640	0.01738	0.01006	0.02653	0.00823	0.00961	0.00640	0.00549	0.00366	0.00183	0.00457	0.00320	0.00366	0.00640
7	0.00845	0.00634	0.00950	0.00950	0.01056	0.00739	0.00739	0.01056	0.00950	0.01373	0.01584	0.02323	0.01478	0.04435	0.76873	0.00950	0.01584	0.00634	0.00317	0.00528
8	0.01226	0.01051	0.01226	0.00876	0.01401	0.00788	0.00701	0.01489	0.01226	0.01927	0.01051	0.01226	0.00876	0.00438	0.00438	0.00088	0.00438	0.00350	0.00350	0.82832
9	0.17150	0.01562	0.01608	0.01254	0.01707	0.01741	0.01035	0.60367	0.02455	0.03530	0.01310	0.01336	0.00939	0.00680	0.00550	0.00178	0.00615	0.00493	0.00550	0.00939
10	0.01581	0.79572	0.03099	0.01012	0.01518	0.02340	0.01012	0.01771	0.01202	0.01391	0.00822	0.00949	0.00759	0.00506	0.00379	0.00126	0.00632	0.00316	0.00253	0.00759
11	0.01320	0.01352	0.12590	0.01011	0.01584	0.00883	0.00937	0.01644	0.01262	0.07075	0.01142	0.01284	0.00898	0.00477	0.00468	0.00109	0.00509	0.00381	0.00362	0.64712
12	0.01421	0.01314	0.02035	0.16869	0.41344	0.04539	0.04082	0.04204	0.03755	0.03909	0.07001	0.01910	0.01386	0.00651	0.00606	0.00185	0.00692	0.02911	0.00356	0.00830
13	0.01235	0.00811	0.00835	0.00787	0.00995	0.00883	0.00602	0.02015	0.27660	0.02302	0.02102	0.02205	0.01620	0.00730	0.00481	0.00160	0.00345	0.00594	0.52948	0.00690
14	0.01460	0.01265	0.02089	0.03002	0.58687	0.01242	0.01556	0.01791	0.01409	0.07144	0.10636	0.01871	0.01563	0.00625	0.00596	0.00175	0.00627	0.00596	0.00371	0.03295
15	0.01786	0.03672	0.08724	0.05033	0.11460	0.01209	0.11878	0.03991	0.09778	0.26817	0.04173	0.01995	0.01418	0.03194	0.00685	0.00200	0.00648	0.01965	0.00496	0.00879
16	0.01027	0.00514	0.00770	0.00770	0.00770	0.00514	0.00514	0.00770	0.00770	0.01027	0.01027	0.01798	0.01027	0.02054	0.02311	0.82794	0.00514	0.00514	0.00257	0.00257
17	0.00789	0.00564	0.00765	0.00902	0.00967	0.00540	0.00669	0.00942	0.01200	0.01587	0.03221	0.57454	0.03761	0.01788	0.00773	0.00250	0.00403	0.22378	0.00548	0.00499
18	0.04558	0.03894	0.13497	0.16727	0.02179	0.02857	0.03786	0.04143	0.08240	0.19772	0.06109	0.06877	0.01538	0.00767	0.00623	0.00192	0.02337	0.00639	0.00463	0.00803
19	0.05306	0.14063	0.08179	0.08135	0.13059	0.14822	0.03739	0.14380	0.03001	0.08141	0.01191	0.01339	0.00907	0.00600	0.00539	0.00169	0.00747	0.00467	0.00379	0.00836
20	0.01898	0.02033	0.01615	0.01423	0.01653	0.41283	0.01110	0.05223	0.01509	0.08061	0.04671	0.03850	0.01169	0.00804	0.00922	0.00188	0.21000	0.00516	0.00367	0.00705
21	0.01175	0.00848	0.01252	0.03711	0.01428	0.00845	0.08375	0.06371	0.01448	0.08180	0.10682	0.21032	0.07001	0.01282	0.00749	0.00222	0.02964	0.18296	0.03505	0.00634

[dist]
# distance from previous block
# <min> <max>
0	2

[block]
# block no. 10 follows, 39 sequences, length 23
# corresponding to MSA columns:
# 754-776
name=unknown_K
#
# <colnr> <probs for GDERKNQSTAVLIFYWHMCP>
#	G	D	E	R	K	N	Q	S	T	A	V	L	I	F	Y	W	H	M	C	P
0	0.05888	0.47920	0.12348	0.01181	0.01654	0.05569	0.03099	0.01761	0.01199	0.01583	0.00920	0.01109	0.00795	0.00580	0.00570	0.00154	0.08105	0.00377	0.04442	0.00744
1	0.01414	0.04597	0.05839	0.06266	0.16930	0.02668	0.02604	0.04200	0.03163	0.05495	0.01163	0.01359	0.00925	0.00513	0.00506	0.00134	0.00582	0.00434	0.00354	0.40855
2	0.00835	0.00615	0.00788	0.00744	0.00895	0.00558	0.00556	0.01096	0.01609	0.02262	0.64488	0.08314	0.09746	0.01235	0.00692	0.00186	0.00289	0.01088	0.00629	0.03376
3	0.00860	0.00573	0.00645	0.00645	0.00645	0.00573	0.00358	0.00860	0.00860	0.01147	0.01863	0.03870	0.02150	0.79217	0.03010	0.00573	0.00573	0.00860	0.00358	0.00358
4	0.48959	0.00966	0.00889	0.00799	0.01109	0.01048	0.00648	0.01747	0.01201	0.12499	0.06977	0.04286	0.01473	0.00734	0.00462	0.00183	0.00427	0.03798	0.11132	0.00663
5	0.00869	0.00593	0.00783	0.00783	0.00827	0.00637	0.00531	0.00933	0.00889	0.01229	0.01670	0.03036	0.01767	0.41019	0.33566	0.08397	0.00987	0.00734	0.00332	0.00419
6	0.01279	0.01146	0.01250	0.00911	0.01424	0.04866	0.00724	0.01536	0.01250	0.01901	0.01044	0.01218	0.00870	0.00447	0.00443	0.00091	0.00472	0.00352	0.00348	0.78428
7	0.01998	0.31870	0.02226	0.01273	0.01695	0.29711	0.01076	0.16374	0.01716	0.05457	0.01048	0.01137	0.00843	0.00596	0.00489	0.00149	0.00790	0.00397	0.00363	0.00793
8	0.00763	0.00588	0.00675	0.00692	0.00827	0.00526	0.00500	0.00921	0.01328	0.01706	0.19963	0.16429	0.37296	0.10744	0.00988	0.00251	0.00345	0.04414	0.00548	0.00494
9	0.01042	0.00643	0.00806	0.00754	0.00935	0.00578	0.00569	0.01273	0.01540	0.11473	0.42076	0.11461	0.18225	0.01242	0.00677	0.00191	0.00318	0.01078	0.04525	0.00596
10	0.01117	0.01051	0.01774	0.77795	0.04073	0.01314	0.01642	0.01511	0.01182	0.01511	0.01051	0.01577	0.00788	0.00591	0.00591	0.00197	0.00788	0.00526	0.00263	0.00657
11	0.00860	0.00573	0.00645	0.00645	0.00645	0.00573	0.00358	0.00860	0.00860	0.01147	0.01863	0.03870	0.02150	0.79217	0.03010	0.00573	0.00573	0.00860	0.00358	0.00358
12	0.02248	0.01656	0.01775	0.01361	0.01834	0.01834	0.01124	0.73556	0.02780	0.03727	0.01420	0.01420	0.01006	0.00710	0.00592	0.00177	0.00651	0.00532	0.00592	0.01006
13	0.01027	0.00514	0.00770	0.00770	0.00770	0.00514	0.00514	0.00770	0.00770	0.01027	0.01027	0.01798	0.01027	0.02054	0.02311	0.82794	0.00514	0.00514	0.00257	0.00257
14	0.50320	0.01246	0.01257	0.01077	0.03494	0.03337	0.04276	0.09735	0.01379	0.17107	0.01213	0.01265	0.00866	0.00601	0.00462	0.00182	0.00537	0.00423	0.00455	0.00769
15	0.01413	0.01261	0.01311	0.01093	0.01499	0.04824	0.00856	0.02472	0.42914	0.02215	0.01816	0.01776	0.01399	0.00653	0.00536	0.00155	0.00485	0.00533	0.00491	0.32298
16	0.01418	0.00818	0.00995	0.00898	0.01154	0.00785	0.00694	0.01880	0.14339	0.22378	0.15848	0.14953	0.15168	0.01146	0.00655	0.00199	0.00393	0.02385	0.03170	0.00726
17	0.01348	0.04488	0.30801	0.12664	0.33241	0.01395	0.01882	0.01826	0.01292	0.03982	0.01111	0.01395	0.00854	0.00554	0.00571	0.00182	0.00772	0.00487	0.00284	0.00871
18	0.01568	0.10878	0.11079	0.01568	0.08930	0.06258	0.06921	0.16228	0.03984	0.02169	0.01184	0.02942	0.00962	0.00614	0.00611	0.00160	0.04831	0.00487	0.00370	0.18256
19	0.01264	0.00773	0.01060	0.11778	0.01488	0.00801	0.00804	0.01516	0.04511	0.16309	0.02257	0.10986	0.05448	0.18240	0.14352	0.00415	0.00721	0.06194	0.00466	0.00619
20	0.00905	0.00726	0.00890	0.00951	0.02533	0.03664	0.02447	0.02669	0.01232	0.01619	0.05582	0.42357	0.10394	0.08713	0.02756	0.00274	0.01811	0.06990	0.02964	0.00523
21	0.05120	0.19265	0.29920	0.01881	0.18199	0.03125	0.03968	0.01836	0.01276	0.04839	0.01162	0.04770	0.00965	0.00606	0.00532	0.00173	0.00733	0.00495	0.00301	0.00833
22	0.05259	0.07817	0.21351	0.19307	0.21617	0.01434	0.01641	0.01913	0.08086	0.04300	0.01210	0.01456	0.00924	0.00582	0.00556	0.00183	0.00721	0.00492	0.00318	0.00831

[dist]
# distance from previous block
# <min> <max>
1	25

[block]
# block no. 11 follows, 39 sequences, length 10
# corresponding to MSA columns:
# 802-811
name=unknown_L
#
# <colnr> <probs for GDERKNQSTAVLIFYWHMCP>
#	G	D	E	R	K	N	Q	S	T	A	V	L	I	F	Y	W	H	M	C	P
0	0.01373	0.00798	0.01041	0.00993	0.05254	0.00731	0.00715	0.01693	0.05228	0.20771	0.32766	0.06288	0.10567	0.01026	0.00639	0.00182	0.00380	0.00885	0.04187	0.04483
1	0.06944	0.03667	0.01902	0.06361	0.28720	0.02622	0.04258	0.08003	0.03434	0.07660	0.01266	0.01580	0.01021	0.00613	0.00622	0.00171	0.04516	0.02512	0.00377	0.13751
2	0.00833	0.00597	0.00771	0.00739	0.00860	0.00555	0.00539	0.01077	0.01570	0.02212	0.64624	0.08180	0.05172	0.08584	0.00918	0.00225	0.00310	0.01081	0.00618	0.00535
