[name]
unknown

[dist]
# distance from previous block
# <min> <max>
0	222

[block]
# block no. 0 follows, 43 sequences, length 18
# corresponding to MSA columns:
# 242-259
name=unknown_A
#
# <colnr> <probs for GDERKNQSTAVLIFYWHMCP>
#	G	D	E	R	K	N	Q	S	T	A	V	L	I	F	Y	W	H	M	C	P
0	0.00732	0.00547	0.00680	0.00683	0.00805	0.00495	0.00498	0.00931	0.01391	0.01888	0.45251	0.20691	0.20732	0.01321	0.00665	0.00188	0.00278	0.01161	0.00568	0.00495
1	0.00762	0.00644	0.00676	0.00656	0.00852	0.00597	0.00497	0.01098	0.10932	0.01647	0.10201	0.04704	0.59112	0.01402	0.03552	0.00213	0.00345	0.01065	0.00519	0.00525
2	0.00786	0.00563	0.00715	0.00677	0.00807	0.00519	0.00504	0.01030	0.01503	0.02125	0.66332	0.04113	0.09638	0.04076	0.00723	0.00187	0.00273	0.00986	0.03934	0.00512
3	0.00697	0.00544	0.00639	0.00661	0.00791	0.00486	0.00480	0.00858	0.01271	0.01645	0.22273	0.23868	0.37650	0.01533	0.03834	0.00222	0.00335	0.01207	0.00529	0.00478
4	0.00674	0.00487	0.00638	0.00758	0.00800	0.00451	0.00508	0.00773	0.01073	0.01419	0.03211	0.75526	0.08209	0.01714	0.00704	0.00223	0.00319	0.01549	0.00514	0.00451
5	0.01311	0.44447	0.32538	0.01263	0.04029	0.01741	0.01389	0.01662	0.01132	0.01485	0.00874	0.01044	0.00722	0.00550	0.00497	0.03304	0.00680	0.00354	0.00237	0.00741
6	0.04698	0.09362	0.02626	0.07207	0.07732	0.09226	0.42686	0.01713	0.01270	0.01671	0.01143	0.05956	0.00966	0.00562	0.00585	0.00175	0.00818	0.00605	0.00290	0.00710
7	0.02485	0.00943	0.01285	0.00985	0.01414	0.00814	0.00814	0.02699	0.01585	0.77465	0.02185	0.01885	0.01371	0.00685	0.00557	0.00171	0.00471	0.00557	0.00685	0.00943
8	0.01750	0.01184	0.01446	0.10908	0.06856	0.01284	0.01018	0.24821	0.18737	0.17149	0.01682	0.01684	0.01203	0.00662	0.00543	0.00171	0.00535	0.00539	0.06979	0.00849
9	0.00681	0.00487	0.00648	0.00767	0.00805	0.00454	0.00515	0.00786	0.01088	0.01458	0.07083	0.76019	0.03748	0.01702	0.00704	0.00222	0.00318	0.01543	0.00519	0.00454
10	0.01111	0.02865	0.77667	0.01579	0.02397	0.01286	0.02046	0.01754	0.01169	0.01754	0.00994	0.01169	0.00702	0.00526	0.00526	0.00175	0.00818	0.00409	0.00234	0.00818
11	0.01306	0.01127	0.01191	0.01063	0.01378	0.01266	0.00827	0.02677	0.65519	0.02220	0.02440	0.02267	0.07571	0.00782	0.00561	0.00181	0.00424	0.00650	0.00545	0.06003
12	0.00769	0.00566	0.00720	0.00681	0.00818	0.00516	0.00511	0.01017	0.01533	0.02139	0.68707	0.04272	0.13359	0.01163	0.00653	0.00176	0.00263	0.01021	0.00599	0.00516
13	0.01371	0.01316	0.02248	0.03399	0.77081	0.01316	0.01700	0.01700	0.01261	0.01809	0.01042	0.01371	0.00877	0.00493	0.00548	0.00164	0.00658	0.00493	0.00274	0.00877
14	0.01503	0.01485	0.01300	0.01189	0.01482	0.19074	0.00922	0.02647	0.53610	0.02048	0.01980	0.02115	0.01571	0.00765	0.00563	0.00182	0.00573	0.05698	0.00496	0.00797
15	0.01539	0.01240	0.01814	0.25499	0.27655	0.01352	0.01391	0.19780	0.04509	0.07957	0.01231	0.01460	0.00921	0.00579	0.00553	0.00172	0.00647	0.00504	0.00377	0.00819
16	0.01345	0.01229	0.01960	0.27660	0.42543	0.01334	0.01549	0.09596	0.03976	0.01881	0.01097	0.01425	0.00868	0.00541	0.00551	0.00172	0.00671	0.00498	0.00305	0.00799
17	0.80698	0.01142	0.00848	0.00760	0.01100	0.04751	0.00621	0.01655	0.00971	0.02433	0.00775	0.00904	0.00605	0.00517	0.00350	0.00170	0.00454	0.00302	0.00340	0.00602

[dist]
# distance from previous block
# <min> <max>
0	1

[block]
# block no. 1 follows, 43 sequences, length 15
# corresponding to MSA columns:
# 261-275
name=unknown_B
#
# <colnr> <probs for GDERKNQSTAVLIFYWHMCP>
#	G	D	E	R	K	N	Q	S	T	A	V	L	I	F	Y	W	H	M	C	P
0	0.00813	0.00589	0.00786	0.00777	0.00826	0.00656	0.00544	0.00916	0.00849	0.01188	0.01578	0.02817	0.01655	0.39704	0.40327	0.00702	0.03847	0.00688	0.00313	0.00424
1	0.01216	0.01765	0.24145	0.01860	0.02425	0.01282	0.41406	0.01748	0.04376	0.01815	0.03355	0.01537	0.01004	0.00541	0.00622	0.00180	0.02789	0.00578	0.06610	0.00745
2	0.00683	0.00488	0.00650	0.00766	0.00805	0.00455	0.00515	0.00791	0.01097	0.01472	0.08387	0.74674	0.03776	0.01691	0.00703	0.00221	0.00317	0.01533	0.00521	0.00455
3	0.00675	0.00482	0.00643	0.00771	0.00803	0.00450	0.00514	0.00771	0.01060	0.01414	0.03053	0.80175	0.03663	0.01735	0.00707	0.00225	0.00321	0.01574	0.00514	0.00450
4	0.02069	0.02640	0.01569	0.01427	0.01712	0.78313	0.01070	0.02212	0.01569	0.01355	0.00856	0.00999	0.00713	0.00571	0.00499	0.00143	0.00999	0.00357	0.00285	0.00642
5	0.01226	0.00634	0.00668	0.00614	0.00790	0.00639	0.00474	0.07675	0.01314	0.07481	0.01793	0.01990	0.01376	0.00650	0.00413	0.00135	0.00303	0.00518	0.70727	0.00582
6	0.01481	0.80869	0.02902	0.00948	0.01421	0.02191	0.00948	0.01658	0.01125	0.01303	0.00770	0.00888	0.00711	0.00474	0.00355	0.00118	0.00592	0.00296	0.00237	0.00711
7	0.01481	0.80869	0.02902	0.00948	0.01421	0.02191	0.00948	0.01658	0.01125	0.01303	0.00770	0.00888	0.00711	0.00474	0.00355	0.00118	0.00592	0.00296	0.00237	0.00711
8	0.01212	0.01212	0.01696	0.01454	0.01454	0.01696	0.01212	0.01333	0.00848	0.01333	0.00727	0.01212	0.00727	0.00969	0.01818	0.00242	0.79523	0.00485	0.00242	0.00606
9	0.01163	0.01122	0.01969	0.35767	0.29704	0.01213	0.10151	0.01511	0.01206	0.01632	0.04103	0.03836	0.03002	0.00599	0.00574	0.00178	0.00691	0.00579	0.00288	0.00713
10	0.34263	0.18749	0.04754	0.04226	0.01481	0.01527	0.00901	0.15649	0.01359	0.07986	0.01001	0.01101	0.00762	0.00566	0.00475	0.00162	0.03563	0.00376	0.00373	0.00725
11	0.00691	0.00530	0.00637	0.00704	0.00810	0.00476	0.00508	0.00828	0.01190	0.01521	0.09205	0.40459	0.31869	0.01549	0.00687	0.00209	0.00316	0.06825	0.00521	0.00466
12	0.01005	0.00830	0.01107	0.01038	0.01095	0.01030	0.00834	0.01169	0.01040	0.01566	0.04945	0.16883	0.04480	0.01136	0.01132	0.00214	0.34786	0.09061	0.16109	0.00541
13	0.01421	0.01229	0.01971	0.17019	0.49189	0.01287	0.01517	0.04991	0.06988	0.07160	0.01216	0.01477	0.00951	0.00545	0.00551	0.00171	0.00641	0.00508	0.00332	0.00836
14	0.01371	0.01316	0.02248	0.03399	0.77081	0.01316	0.01700	0.01700	0.01261	0.01809	0.01042	0.01371	0.00877	0.00493	0.00548	0.00164	0.00658	0.00493	0.00274	0.00877

[dist]
# distance from previous block
# <min> <max>
0	1

[block]
# block no. 2 follows, 43 sequences, length 32
# corresponding to MSA columns:
# 277-308
name=unknown_C
#
# <colnr> <probs for GDERKNQSTAVLIFYWHMCP>
#	G	D	E	R	K	N	Q	S	T	A	V	L	I	F	Y	W	H	M	C	P
0	0.01025	0.00857	0.01054	0.01002	0.01091	0.04703	0.02740	0.08018	0.01153	0.01542	0.02027	0.38839	0.02285	0.08472	0.03334	0.05245	0.14650	0.01031	0.00413	0.00521
1	0.11918	0.05568	0.03532	0.08758	0.19305	0.36719	0.01221	0.01891	0.01331	0.01612	0.00896	0.01120	0.00740	0.00549	0.00524	0.00157	0.02787	0.00395	0.00282	0.00695
2	0.01224	0.01158	0.01960	0.26670	0.49385	0.01232	0.01571	0.01550	0.01200	0.01661	0.01157	0.06608	0.01018	0.00594	0.00560	0.00175	0.00661	0.00564	0.00281	0.00768
3	0.03514	0.63453	0.13752	0.01059	0.01571	0.05920	0.01106	0.01700	0.01150	0.01401	0.00807	0.00936	0.00707	0.00487	0.00387	0.00129	0.00642	0.00316	0.00242	0.00720
4	0.01359	0.00977	0.01189	0.00885	0.01330	0.00795	0.00717	0.01594	0.01208	0.14026	0.01231	0.01441	0.00984	0.00520	0.00516	0.00110	0.04353	0.02810	0.00388	0.63565
5	0.01843	0.01486	0.01732	0.01796	0.20836	0.12053	0.03649	0.25117	0.06871	0.13779	0.04300	0.01543	0.01172	0.00629	0.00553	0.00166	0.00641	0.00520	0.00459	0.00857
6	0.01411	0.18662	0.20081	0.04010	0.01989	0.05699	0.15344	0.04361	0.03537	0.08615	0.01411	0.03896	0.02987	0.00649	0.00541	0.00170	0.00703	0.04850	0.00340	0.00745
7	0.01435	0.01029	0.01151	0.00970	0.01206	0.01122	0.00742	0.36629	0.01712	0.02334	0.01568	0.05560	0.01447	0.23392	0.12408	0.00374	0.00684	0.00645	0.04929	0.00665
8	0.01046	0.00984	0.01661	0.79205	0.03814	0.01230	0.01538	0.01415	0.01107	0.01415	0.00984	0.01477	0.00738	0.00554	0.00554	0.00185	0.00738	0.00492	0.00246	0.00615
9	0.01148	0.00984	0.01148	0.00820	0.01312	0.00738	0.00656	0.01395	0.01148	0.01805	0.00984	0.01148	0.00820	0.00410	0.00410	0.00082	0.00410	0.00328	0.00328	0.83922
10	0.01481	0.80869	0.02902	0.00948	0.01421	0.02191	0.00948	0.01658	0.01125	0.01303	0.00770	0.00888	0.00711	0.00474	0.00355	0.00118	0.00592	0.00296	0.00237	0.00711
11	0.00655	0.00561	0.00561	0.00561	0.00748	0.00468	0.00421	0.00795	0.01262	0.01496	0.05610	0.05330	0.76857	0.01403	0.00655	0.00187	0.00281	0.01169	0.00514	0.00468
12	0.01042	0.00633	0.00793	0.00805	0.00941	0.00607	0.00581	0.03705	0.05700	0.11827	0.08041	0.48330	0.05551	0.01360	0.00642	0.00201	0.00347	0.01208	0.07117	0.00569
13	0.01212	0.01212	0.01696	0.01454	0.01454	0.01696	0.01212	0.01333	0.00848	0.01333	0.00727	0.01212	0.00727	0.00969	0.01818	0.00242	0.79523	0.00485	0.00242	0.00606
14	0.01307	0.01494	0.03268	0.02334	0.02894	0.01401	0.75070	0.01774	0.01307	0.01774	0.01120	0.01494	0.00840	0.00467	0.00654	0.00187	0.00934	0.00654	0.00280	0.00747
15	0.01114	0.02526	0.64976	0.01487	0.02201	0.01214	0.01849	0.04512	0.01231	0.01801	0.01257	0.04326	0.01042	0.00666	0.00556	0.00184	0.00765	0.07230	0.00281	0.00782
16	0.00674	0.00485	0.00640	0.00764	0.00801	0.00450	0.00511	0.00772	0.01067	0.01417	0.03142	0.77552	0.06228	0.01723	0.00705	0.00224	0.00320	0.01560	0.00514	0.00450
17	0.00775	0.00554	0.00758	0.00886	0.00962	0.00537	0.00689	0.00945	0.01160	0.01526	0.02997	0.46005	0.03443	0.01640	0.00734	0.00239	0.00409	0.34751	0.00512	0.00478
18	0.02396	0.01029	0.01302	0.01015	0.01432	0.03496	0.00832	0.04359	0.06044	0.68714	0.02124	0.01853	0.01358	0.00685	0.00555	0.00171	0.00490	0.00553	0.00662	0.00928
19	0.00685	0.00490	0.00651	0.00764	0.00805	0.00456	0.00515	0.00796	0.01106	0.01487	0.09739	0.73280	0.03805	0.01680	0.00702	0.00220	0.00316	0.01523	0.00523	0.00456
20	0.00681	0.00500	0.00635	0.00739	0.00797	0.00460	0.00503	0.00785	0.01090	0.01423	0.03415	0.64363	0.15155	0.03960	0.00761	0.00229	0.00326	0.03220	0.00509	0.00451
21	0.01481	0.80869	0.02902	0.00948	0.01421	0.02191	0.00948	0.01658	0.01125	0.01303	0.00770	0.00888	0.00711	0.00474	0.00355	0.00118	0.00592	0.00296	0.00237	0.00711
22	0.02105	0.01551	0.01662	0.01274	0.01717	0.01717	0.01053	0.75235	0.02604	0.03490	0.01330	0.01330	0.00942	0.00665	0.00554	0.00166	0.00609	0.00499	0.00554	0.00942
23	0.01148	0.00984	0.01148	0.00820	0.01312	0.00738	0.00656	0.01395	0.01148	0.01805	0.00984	0.01148	0.00820	0.00410	0.00410	0.00082	0.00410	0.00328	0.00328	0.83922
24	0.00675	0.00482	0.00643	0.00771	0.00803	0.00450	0.00514	0.00771	0.01060	0.01414	0.03053	0.80175	0.03663	0.01735	0.00707	0.00225	0.00321	0.01574	0.00514	0.00450
25	0.02069	0.02640	0.01569	0.01427	0.01712	0.78313	0.01070	0.02212	0.01569	0.01355	0.00856	0.00999	0.00713	0.00571	0.00499	0.00143	0.00999	0.00357	0.00285	0.00642
26	0.01371	0.01316	0.02248	0.03399	0.77081	0.01316	0.01700	0.01700	0.01261	0.01809	0.01042	0.01371	0.00877	0.00493	0.00548	0.00164	0.00658	0.00493	0.00274	0.00877
27	0.02322	0.00971	0.01278	0.00995	0.01403	0.00880	0.00816	0.06884	0.05287	0.65608	0.05946	0.01976	0.01558	0.00710	0.00562	0.00172	0.00467	0.00580	0.00668	0.00918
28	0.79543	0.01164	0.00859	0.00770	0.01109	0.05832	0.00628	0.01663	0.00980	0.02418	0.00776	0.00906	0.00607	0.00517	0.00352	0.00170	0.00462	0.00303	0.00339	0.00602
29	0.01029	0.00930	0.01442	0.10549	0.15406	0.02913	0.06041	0.01264	0.01062	0.01476	0.01496	0.12968	0.01476	0.03357	0.23796	0.00408	0.09162	0.02530	0.02092	0.00603
30	0.00709	0.00507	0.00680	0.00798	0.00848	0.00478	0.00562	0.00835	0.01118	0.01494	0.07596	0.66253	0.03700	0.01672	0.00711	0.00226	0.00341	0.10492	0.00519	0.00462
31	0.01339	0.01369	0.02589	0.05289	0.48820	0.01343	0.27481	0.01717	0.01273	0.01785	0.01068	0.01417	0.00860	0.00486	0.00585	0.00173	0.00757	0.00550	0.00275	0.00824

[dist]
# distance from previous block
# <min> <max>
0	29

[block]
# block no. 3 follows, 43 sequences, length 30
# corresponding to MSA columns:
# 338-367
name=unknown_D
#
# <colnr> <probs for GDERKNQSTAVLIFYWHMCP>
#	G	D	E	R	K	N	Q	S	T	A	V	L	I	F	Y	W	H	M	C	P
0	0.00756	0.00572	0.00702	0.00690	0.00837	0.00518	0.00531	0.00979	0.01443	0.01939	0.47148	0.04727	0.26914	0.01257	0.00666	0.00187	0.00294	0.08766	0.00570	0.00504
1	0.00793	0.00586	0.00853	0.00853	0.00939	0.00672	0.00646	0.00965	0.00879	0.01258	0.01517	0.02362	0.01466	0.13991	0.68615	0.00845	0.01362	0.00621	0.00302	0.00474
2	0.00691	0.00564	0.00616	0.00642	0.00806	0.00490	0.00492	0.00846	0.01257	0.01534	0.07377	0.11710	0.58926	0.01438	0.00673	0.00198	0.00313	0.10436	0.00517	0.00473
3	0.01190	0.01122	0.01811	0.44523	0.07176	0.01361	0.07676	0.06947	0.01191	0.01606	0.01027	0.03496	0.00845	0.00668	0.00825	0.00195	0.16867	0.00534	0.00280	0.00659
4	0.01682	0.01341	0.01424	0.01189	0.01556	0.01520	0.00950	0.33168	0.45361	0.02807	0.01868	0.01758	0.01378	0.00715	0.00560	0.00179	0.00510	0.00573	0.00560	0.00904
5	0.04278	0.01270	0.03663	0.06381	0.06451	0.04000	0.02576	0.14183	0.27852	0.10483	0.01701	0.04225	0.01303	0.00714	0.00618	0.00180	0.04916	0.00573	0.03820	0.00812
6	0.01404	0.01397	0.02153	0.04796	0.52663	0.07878	0.09260	0.04995	0.01336	0.01807	0.01174	0.06401	0.01037	0.00586	0.00566	0.00169	0.00694	0.00568	0.00303	0.00812
7	0.28770	0.04685	0.01422	0.02967	0.06796	0.41607	0.00966	0.03854	0.01346	0.01810	0.00853	0.01007	0.00694	0.00546	0.00449	0.00154	0.00760	0.00352	0.00308	0.00654
8	0.00789	0.00595	0.00804	0.00737	0.00886	0.00546	0.02886	0.01046	0.01532	0.02141	0.67918	0.04161	0.11590	0.01136	0.00653	0.00176	0.00284	0.01006	0.00591	0.00525
9	0.00678	0.00487	0.00644	0.00763	0.00803	0.00453	0.00512	0.00781	0.01082	0.01442	0.05518	0.75796	0.05575	0.01707	0.00704	0.00222	0.00318	0.01545	0.00517	0.00453
10	0.00690	0.00565	0.00610	0.00605	0.00778	0.00485	0.00458	0.00860	0.01327	0.01655	0.20586	0.05108	0.59238	0.01350	0.00658	0.00187	0.00284	0.03542	0.00534	0.00481
11	0.01196	0.16755	0.51305	0.01549	0.02247	0.01448	0.12065	0.01716	0.01172	0.01661	0.00986	0.01195	0.00744	0.00619	0.02890	0.00188	0.00814	0.00429	0.00243	0.00779
12	0.00756	0.00558	0.00701	0.00679	0.00806	0.00509	0.00500	0.00978	0.01457	0.02010	0.57728	0.10296	0.15938	0.03741	0.00726	0.00192	0.00278	0.01066	0.00579	0.00502
13	0.01965	0.01936	0.01630	0.01360	0.01678	0.32185	0.01082	0.35757	0.01945	0.02337	0.01056	0.01181	0.00821	0.00670	0.00711	0.00168	0.11899	0.00440	0.00403	0.00775
14	0.01620	0.01281	0.04434	0.01042	0.01523	0.01152	0.00880	0.30642	0.01755	0.07846	0.01206	0.01273	0.00903	0.00535	0.00482	0.00125	0.00510	0.00415	0.00439	0.41938
15	0.01616	0.01471	0.02483	0.01959	0.07874	0.03888	0.38762	0.19824	0.03623	0.07749	0.01250	0.01462	0.00921	0.00564	0.00654	0.00180	0.03945	0.00580	0.00383	0.00813
16	0.00835	0.00624	0.00757	0.00798	0.00952	0.00600	0.00647	0.01130	0.05926	0.01741	0.13529	0.08115	0.26095	0.01339	0.00676	0.00209	0.00377	0.29112	0.06019	0.00519
17	0.01046	0.00984	0.01661	0.79205	0.03814	0.01230	0.01538	0.01415	0.01107	0.01415	0.00984	0.01477	0.00738	0.00554	0.00554	0.00185	0.00738	0.00492	0.00246	0.00615
18	0.00787	0.00578	0.00659	0.00635	0.00809	0.00502	0.00477	0.00970	0.01372	0.05433	0.28928	0.07575	0.46705	0.01291	0.00651	0.00183	0.00285	0.01099	0.00554	0.00508
19	0.01148	0.00984	0.01148	0.00820	0.01312	0.00738	0.00656	0.01395	0.01148	0.01805	0.00984	0.01148	0.00820	0.00410	0.00410	0.00082	0.00410	0.00328	0.00328	0.83922
20	0.01046	0.00984	0.01661	0.79205	0.03814	0.01230	0.01538	0.01415	0.01107	0.01415	0.00984	0.01477	0.00738	0.00554	0.00554	0.00185	0.00738	0.00492	0.00246	0.00615
21	0.01378	0.01190	0.01252	0.01127	0.01440	0.01378	0.00877	0.02943	0.76081	0.02317	0.02254	0.02066	0.01691	0.00751	0.00564	0.00188	0.00438	0.00626	0.00564	0.00877
22	0.00794	0.00583	0.00839	0.00839	0.00920	0.00664	0.00628	0.00956	0.00875	0.01248	0.01530	0.02436	0.01498	0.17882	0.64768	0.00827	0.01313	0.00631	0.00304	0.00466
23	0.01371	0.01316	0.02248	0.03399	0.77081	0.01316	0.01700	0.01700	0.01261	0.01809	0.01042	0.01371	0.00877	0.00493	0.00548	0.00164	0.00658	0.00493	0.00274	0.00877
24	0.01046	0.00984	0.01661	0.79205	0.03814	0.01230	0.01538	0.01415	0.01107	0.01415	0.00984	0.01477	0.00738	0.00554	0.00554	0.00185	0.00738	0.00492	0.00246	0.00615
25	0.00805	0.00537	0.00604	0.00604	0.00604	0.00537	0.00336	0.00805	0.00805	0.01074	0.01745	0.03624	0.02013	0.80536	0.02819	0.00537	0.00537	0.00805	0.00336	0.00336
26	0.02397	0.01084	0.01373	0.01053	0.01484	0.01024	0.00870	0.19577	0.01822	0.60252	0.01986	0.01756	0.01271	0.00681	0.00556	0.00170	0.00503	0.00543	0.00655	0.00942
27	0.84448	0.01071	0.00814	0.00728	0.01071	0.01242	0.00600	0.01628	0.00943	0.02485	0.00771	0.00900	0.00600	0.00514	0.00343	0.00171	0.00428	0.00300	0.00343	0.00600
28	0.00675	0.00482	0.00643	0.00771	0.00803	0.00450	0.00514	0.00771	0.01060	0.01414	0.03053	0.80175	0.03663	0.01735	0.00707	0.00225	0.00321	0.01574	0.00514	0.00450
29	0.00881	0.00631	0.00871	0.00990	0.01115	0.00628	0.00857	0.01124	0.01259	0.01632	0.02987	0.06128	0.05730	0.04162	0.00830	0.00262	0.00503	0.68404	0.00504	0.00503

[dist]
# distance from previous block
# <min> <max>
0	24

[block]
# block no. 4 follows, 43 sequences, length 14
# corresponding to MSA columns:
# 392-405
name=unknown_E
#
# <colnr> <probs for GDERKNQSTAVLIFYWHMCP>
#	G	D	E	R	K	N	Q	S	T	A	V	L	I	F	Y	W	H	M	C	P
0	0.00790	0.00564	0.00723	0.00683	0.00816	0.00520	0.00512	0.01047	0.01537	0.02186	0.70572	0.04086	0.07790	0.01120	0.00641	0.00173	0.00262	0.00985	0.04472	0.00520
1	0.01307	0.01494	0.03268	0.02334	0.02894	0.01401	0.75070	0.01774	0.01307	0.01774	0.01120	0.01494	0.00840	0.00467	0.00654	0.00187	0.00934	0.00654	0.00280	0.00747
2	0.00675	0.00482	0.00643	0.00771	0.00803	0.00450	0.00514	0.00771	0.01060	0.01414	0.03053	0.80175	0.03663	0.01735	0.00707	0.00225	0.00321	0.01574	0.00514	0.00450
3	0.00675	0.00482	0.00643	0.00771	0.00803	0.00450	0.00514	0.00771	0.01060	0.01414	0.03053	0.80175	0.03663	0.01735	0.00707	0.00225	0.00321	0.01574	0.00514	0.00450
4	0.01212	0.01212	0.01696	0.01454	0.01454	0.01696	0.01212	0.01333	0.00848	0.01333	0.00727	0.01212	0.00727	0.00969	0.01818	0.00242	0.79523	0.00485	0.00242	0.00606
5	0.01429	0.01227	0.01855	0.04702	0.47016	0.01275	0.01387	0.02083	0.21513	0.07296	0.01503	0.01737	0.01194	0.00608	0.00559	0.00174	0.00583	0.02606	0.00387	0.00864
6	0.00760	0.00702	0.06630	0.00892	0.01007	0.00559	0.00721	0.00936	0.01119	0.01498	0.02866	0.56624	0.03323	0.01594	0.00707	0.00228	0.00404	0.18447	0.00492	0.00492
7	0.01371	0.01316	0.02248	0.03399	0.77081	0.01316	0.01700	0.01700	0.01261	0.01809	0.01042	0.01371	0.00877	0.00493	0.00548	0.00164	0.00658	0.00493	0.00274	0.00877
8	0.00679	0.00562	0.00595	0.00587	0.00763	0.00478	0.00440	0.00842	0.01320	0.01633	0.19045	0.05105	0.63337	0.01352	0.00654	0.00185	0.00277	0.01137	0.00532	0.00478
9	0.01185	0.01127	0.01913	0.46661	0.35269	0.01267	0.01607	0.01537	0.01173	0.01584	0.01009	0.01431	0.00798	0.00528	0.00551	0.00176	0.00704	0.00493	0.00258	0.00728
10	0.02222	0.01246	0.01459	0.01131	0.01558	0.01280	0.00930	0.36659	0.07796	0.37066	0.01790	0.01639	0.01195	0.00681	0.00556	0.00170	0.00533	0.00535	0.00615	0.00937
11	0.10664	0.01239	0.01376	0.01093	0.01494	0.01315	0.00894	0.33621	0.12342	0.25177	0.03982	0.01639	0.01270	0.00682	0.00537	0.00172	0.00515	0.00529	0.00574	0.00884
12	0.07605	0.46914	0.11810	0.01102	0.01572	0.13288	0.01078	0.04232	0.05065	0.01578	0.00905	0.01016	0.00760	0.00518	0.00414	0.00138	0.00662	0.00343	0.00279	0.00722
13	0.50662	0.07669	0.05630	0.00943	0.01320	0.12664	0.00814	0.03814	0.06341	0.02181	0.00921	0.01029	0.00722	0.00538	0.00400	0.00162	0.00553	0.00343	0.00340	0.02956

[dist]
# distance from previous block
# <min> <max>
0	14

[block]
# block no. 5 follows, 43 sequences, length 16
# corresponding to MSA columns:
# 420-435
name=unknown_F
#
# <colnr> <probs for GDERKNQSTAVLIFYWHMCP>
#	G	D	E	R	K	N	Q	S	T	A	V	L	I	F	Y	W	H	M	C	P
0	0.02916	0.04324	0.06315	0.02749	0.02960	0.01315	0.08168	0.02368	0.33851	0.15595	0.03358	0.01783	0.01369	0.00708	0.00700	0.00186	0.09468	0.00572	0.00475	0.00818
1	0.01342	0.01149	0.01226	0.01119	0.01419	0.01323	0.00878	0.02812	0.70607	0.02269	0.02304	0.02372	0.01800	0.00808	0.00578	0.00193	0.00444	0.05948	0.00560	0.00850
2	0.00685	0.00490	0.00655	0.00783	0.00820	0.00459	0.00533	0.00790	0.01071	0.01426	0.03047	0.76557	0.03640	0.01725	0.00710	0.00226	0.00331	0.05087	0.00514	0.00453
3	0.00719	0.00514	0.00694	0.00822	0.00874	0.00488	0.00591	0.00848	0.01104	0.01464	0.03028	0.65080	0.03566	0.01693	0.00719	0.00231	0.00360	0.16230	0.00513	0.00462
4	0.01492	0.01512	0.02116	0.07260	0.55539	0.12813	0.03885	0.05478	0.01368	0.01803	0.01028	0.01323	0.00847	0.00516	0.00545	0.00163	0.00720	0.00478	0.00289	0.00826
5	0.00778	0.00566	0.00733	0.00691	0.00824	0.00520	0.00518	0.01034	0.01554	0.02189	0.73691	0.04189	0.08344	0.01144	0.00653	0.00175	0.00262	0.01009	0.00606	0.00520
6	0.00682	0.00551	0.00606	0.00616	0.00771	0.00475	0.00453	0.00838	0.01291	0.01620	0.18591	0.15589	0.53182	0.01399	0.00662	0.00190	0.00283	0.01194	0.00532	0.00475
7	0.01315	0.01287	0.02205	0.09674	0.53861	0.01369	0.07762	0.01630	0.01194	0.01705	0.00999	0.01368	0.00841	0.00563	0.00735	0.00179	0.11734	0.00506	0.00268	0.00805
8	0.01962	0.02479	0.01807	0.01554	0.01878	0.67540	0.11435	0.02150	0.01533	0.01414	0.00893	0.01068	0.00731	0.00556	0.00521	0.00149	0.00990	0.00398	0.00285	0.00657
9	0.01312	0.08058	0.01374	0.00895	0.01379	0.01003	0.00737	0.11760	0.01350	0.01997	0.01014	0.01151	0.00828	0.00451	0.00426	0.00097	0.00454	0.00349	0.00352	0.65014
10	0.00786	0.00573	0.00704	0.00677	0.00792	0.00531	0.00483	0.00963	0.01296	0.01785	0.41746	0.06473	0.12816	0.20156	0.02843	0.00278	0.00369	0.02849	0.00511	0.03367
11	0.10537	0.12912	0.01611	0.01135	0.01513	0.01559	0.03602	0.18782	0.37797	0.02430	0.01628	0.01582	0.01231	0.00655	0.00510	0.00171	0.00516	0.00515	0.00479	0.00832
12	0.01561	0.01270	0.01810	0.20279	0.11823	0.04113	0.10373	0.21641	0.03478	0.09030	0.01453	0.03449	0.02317	0.00670	0.00579	0.00179	0.00668	0.04118	0.00410	0.00779
13	0.01078	0.01001	0.01443	0.01401	0.07890	0.01289	0.01050	0.01253	0.00994	0.01489	0.11566	0.01836	0.01507	0.01615	0.17503	0.00361	0.45241	0.00581	0.00308	0.00595
14	0.00683	0.00498	0.00628	0.00728	0.00779	0.00460	0.00486	0.00777	0.01067	0.01397	0.03301	0.63280	0.13777	0.08288	0.00876	0.00246	0.00334	0.01453	0.00499	0.00443
15	0.08483	0.00991	0.01123	0.00817	0.01295	0.00785	0.00656	0.01456	0.01144	0.04246	0.01003	0.01150	0.00818	0.00428	0.00409	0.00093	0.00414	0.00333	0.00341	0.74015

[dist]
# distance from previous block
# <min> <max>
0	1

[block]
# block no. 6 follows, 43 sequences, length 6
# corresponding to MSA columns:
# 437-442
name=unknown_G
#
# <colnr> <probs for GDERKNQSTAVLIFYWHMCP>
#	G	D	E	R	K	N	Q	S	T	A	V	L	I	F	Y	W	H	M	C	P
0	0.42691	0.13394	0.01393	0.01011	0.01352	0.29008	0.00820	0.01842	0.01194	0.01906	0.00801	0.00934	0.00657	0.00528	0.00401	0.00153	0.00657	0.00320	0.00307	0.00631
1	0.01707	0.00980	0.01127	0.00939	0.01252	0.01005	0.00746	0.14839	0.18025	0.25572	0.04604	0.02170	0.04965	0.04339	0.00638	0.00184	0.00438	0.00609	0.15072	0.00791
2	0.01192	0.01108	0.01765	0.29310	0.32641	0.01214	0.01413	0.01617	0.07274	0.01729	0.07615	0.01686	0.01260	0.00606	0.00605	0.00174	0.03775	0.00540	0.00318	0.04157
3	0.01097	0.00895	0.01340	0.09671	0.28458	0.00914	0.01041	0.01438	0.04358	0.01886	0.13869	0.02492	0.07049	0.00754	0.00547	0.00166	0.00471	0.03721	0.19164	0.00668
4	0.00786	0.00579	0.00810	0.00808	0.00894	0.00641	0.00601	0.00947	0.00931	0.01307	0.05866	0.02726	0.05708	0.18422	0.55572	0.00746	0.01172	0.00687	0.00333	0.00464
5	0.59386	0.01032	0.00958	0.00807	0.01176	0.01111	0.00665	0.01955	0.01139	0.25411	0.01203	0.01201	0.00836	0.00567	0.00408	0.00171	0.00442	0.00378	0.00448	0.00705

[dist]
# distance from previous block
# <min> <max>
0	2

[block]
# block no. 7 follows, 43 sequences, length 18
# corresponding to MSA columns:
# 445-462
name=unknown_H
#
# <colnr> <probs for GDERKNQSTAVLIFYWHMCP>
#	G	D	E	R	K	N	Q	S	T	A	V	L	I	F	Y	W	H	M	C	P
0	0.00902	0.00637	0.00777	0.00829	0.00929	0.00654	0.00625	0.01225	0.10367	0.01589	0.02464	0.19467	0.02625	0.20829	0.01195	0.00297	0.00444	0.24564	0.09081	0.00501
1	0.02033	0.01684	0.04976	0.01295	0.01737	0.07829	0.01092	0.63641	0.05013	0.03202	0.01309	0.01322	0.00939	0.00654	0.00549	0.00165	0.00644	0.00488	0.00519	0.00910
2	0.01096	0.00748	0.00977	0.12375	0.01375	0.00804	0.00758	0.06903	0.01409	0.05376	0.26619	0.02891	0.02649	0.00886	0.00630	0.00173	0.04788	0.06513	0.22444	0.00589
3	0.01288	0.04842	0.09078	0.01728	0.16987	0.01296	0.10472	0.04527	0.29397	0.02009	0.04699	0.06198	0.03567	0.00714	0.00573	0.00180	0.00577	0.00645	0.00420	0.00801
4	0.77876	0.01061	0.00852	0.00749	0.01099	0.01208	0.00617	0.01714	0.00994	0.08497	0.00885	0.00979	0.00662	0.00528	0.00360	0.00171	0.00432	0.00321	0.00370	0.00627
5	0.01399	0.11171	0.05887	0.06274	0.09342	0.04356	0.03365	0.02375	0.41030	0.04488	0.01726	0.03488	0.01344	0.00671	0.00537	0.00175	0.00555	0.00561	0.00439	0.00816
6	0.00760	0.00593	0.00879	0.05156	0.03608	0.00572	0.03863	0.00918	0.01149	0.01552	0.12796	0.59537	0.03501	0.01493	0.00684	0.00212	0.00374	0.01362	0.00494	0.00496
7	0.00798	0.00607	0.00842	0.00814	0.00927	0.00652	0.00628	0.01014	0.01191	0.01686	0.32646	0.03146	0.07892	0.02592	0.37964	0.00521	0.04339	0.00794	0.00437	0.00509
8	0.01894	0.17343	0.01857	0.03288	0.04952	0.26623	0.01055	0.24108	0.05797	0.06287	0.01142	0.01212	0.00879	0.00592	0.00498	0.00151	0.00721	0.00423	0.00393	0.00785
9	0.01131	0.00964	0.01129	0.00814	0.01289	0.00728	0.00650	0.01378	0.01169	0.01825	0.04654	0.01293	0.01034	0.00445	0.00422	0.00086	0.00403	0.00361	0.00342	0.79884
10	0.01118	0.02746	0.01280	0.03193	0.01319	0.05356	0.08875	0.04625	0.06142	0.01518	0.05030	0.10426	0.05839	0.01287	0.01194	0.25651	0.07004	0.06518	0.00365	0.00513
11	0.06252	0.11403	0.28630	0.01243	0.01762	0.01333	0.01308	0.09211	0.01366	0.20802	0.01317	0.03451	0.00971	0.00646	0.00628	0.00174	0.07830	0.00474	0.00393	0.00807
12	0.00771	0.00513	0.00647	0.00702	0.00721	0.00502	0.00447	0.00796	0.00914	0.01220	0.02215	0.34449	0.02584	0.36175	0.03693	0.09397	0.00466	0.03005	0.00401	0.00380
13	0.01853	0.00822	0.01096	0.00891	0.01212	0.00736	0.00716	0.02137	0.04538	0.48463	0.27983	0.02671	0.02716	0.00843	0.00590	0.00173	0.00397	0.00713	0.00654	0.00795
14	0.01444	0.01476	0.16847	0.10301	0.12490	0.01170	0.04497	0.06412	0.12250	0.12617	0.01399	0.01510	0.01025	0.00574	0.00531	0.00163	0.00607	0.00491	0.02684	0.11513
15	0.01682	0.01381	0.09263	0.04882	0.09068	0.04579	0.07103	0.07254	0.20355	0.22421	0.04971	0.01781	0.01376	0.00657	0.00564	0.00176	0.00589	0.00565	0.00487	0.00845
16	0.00693	0.00495	0.00662	0.00780	0.00823	0.00464	0.00535	0.00807	0.01100	0.01472	0.07166	0.71931	0.03725	0.01690	0.00707	0.00224	0.00328	0.05422	0.00519	0.00457
17	0.01088	0.04742	0.01112	0.00815	0.01173	0.00795	0.00641	0.05595	0.01236	0.01800	0.07746	0.08646	0.05771	0.05270	0.03993	0.00175	0.00457	0.00585	0.00386	0.47975

[dist]
# distance from previous block
# <min> <max>
1	17

[block]
# block no. 8 follows, 43 sequences, length 17
# corresponding to MSA columns:
# 480-496
name=unknown_I
#
# <colnr> <probs for GDERKNQSTAVLIFYWHMCP>
#	G	D	E	R	K	N	Q	S	T	A	V	L	I	F	Y	W	H	M	C	P
0	0.14258	0.10552	0.18086	0.05562	0.07358	0.01172	0.01112	0.01589	0.02436	0.06222	0.13608	0.01785	0.03622	0.00655	0.00530	0.00162	0.02505	0.00515	0.00364	0.07909
1	0.01209	0.07437	0.01398	0.00935	0.01408	0.00959	0.04100	0.01611	0.09775	0.01822	0.01119	0.01249	0.00913	0.00457	0.00435	0.00102	0.00452	0.00375	0.00346	0.63900
2	0.00819	0.00638	0.00753	0.00726	0.00885	0.00613	0.00543	0.01204	0.11108	0.01980	0.42731	0.11224	0.22279	0.01205	0.00647	0.00184	0.00295	0.01047	0.00571	0.00548
3	0.00983	0.00584	0.00728	0.00674	0.00829	0.00544	0.00512	0.01240	0.01467	0.08215	0.51912	0.03434	0.03957	0.00974	0.00578	0.00163	0.00277	0.00844	0.21531	0.00555
4	0.00769	0.00521	0.00615	0.00651	0.00660	0.00512	0.00386	0.00796	0.00877	0.01169	0.02113	0.25145	0.02477	0.58383	0.02225	0.00449	0.00476	0.01022	0.00386	0.00368
5	0.00818	0.00639	0.00762	0.00724	0.00889	0.00619	0.00548	0.01192	0.10008	0.01966	0.43351	0.04075	0.23899	0.01387	0.06440	0.00233	0.00378	0.00973	0.00555	0.00546
6	0.00735	0.00535	0.00614	0.00636	0.00707	0.00499	0.00414	0.00820	0.01061	0.01376	0.10674	0.19713	0.23360	0.34606	0.01572	0.00340	0.00394	0.01082	0.00449	0.00414
7	0.84448	0.01071	0.00814	0.00728	0.01071	0.01242	0.00600	0.01628	0.00943	0.02485	0.00771	0.00900	0.00600	0.00514	0.00343	0.00171	0.00428	0.00300	0.00343	0.00600
8	0.06893	0.00901	0.01170	0.00917	0.01306	0.00804	0.00753	0.02477	0.01501	0.64604	0.02063	0.01851	0.01333	0.00671	0.00525	0.00166	0.00444	0.00538	0.10207	0.00874
9	0.00909	0.00698	0.01054	0.01058	0.01206	0.00686	0.07672	0.01137	0.01197	0.01564	0.02636	0.05332	0.04837	0.14928	0.01102	0.00295	0.00547	0.52179	0.00459	0.00501
10	0.02446	0.01005	0.01324	0.01015	0.01445	0.00906	0.00838	0.10095	0.01689	0.69922	0.02098	0.01828	0.01327	0.00683	0.00557	0.00171	0.00485	0.00551	0.00672	0.00942
11	0.01615	0.01207	0.01566	0.03733	0.01624	0.01404	0.04412	0.20351	0.11123	0.13293	0.01521	0.01939	0.01234	0.00839	0.00962	0.00203	0.24457	0.07292	0.00454	0.00773
12	0.70080	0.07493	0.01115	0.00994	0.08158	0.01325	0.00730	0.01637	0.00987	0.02327	0.00796	0.00943	0.00634	0.00509	0.00363	0.00166	0.00463	0.00318	0.00328	0.00634
13	0.09036	0.01289	0.01585	0.01538	0.10088	0.07669	0.01128	0.04546	0.01033	0.01568	0.00878	0.01368	0.00836	0.06725	0.01450	0.00237	0.47630	0.00483	0.00279	0.00634
14	0.00896	0.00600	0.00692	0.00657	0.00847	0.00519	0.00496	0.01070	0.01354	0.10397	0.21337	0.10245	0.46295	0.01283	0.00647	0.00185	0.00301	0.01090	0.00556	0.00533
15	0.01334	0.05433	0.01375	0.01090	0.01409	0.01267	0.04954	0.13132	0.39402	0.02301	0.11221	0.02482	0.10547	0.00828	0.00577	0.00179	0.00461	0.00698	0.00528	0.00781
16	0.01184	0.01172	0.08455	0.03393	0.22299	0.00995	0.01084	0.05647	0.07344	0.04268	0.08474	0.02492	0.16510	0.00774	0.00562	0.00163	0.00503	0.01799	0.00409	0.12471

[dist]
# distance from previous block
# <min> <max>
2	5

[block]
# block no. 9 follows, 43 sequences, length 10
# corresponding to MSA columns:
# 502-511
name=unknown_J
#
# <colnr> <probs for GDERKNQSTAVLIFYWHMCP>
#	G	D	E	R	K	N	Q	S	T	A	V	L	I	F	Y	W	H	M	C	P
0	0.00828	0.00596	0.00714	0.00702	0.00861	0.00542	0.00530	0.01065	0.03819	0.05329	0.31759	0.13953	0.30637	0.01294	0.00659	0.00190	0.00305	0.05133	0.00560	0.00524
1	0.01414	0.19870	0.24622	0.01263	0.01785	0.01530	0.04312	0.16834	0.11905	0.02126	0.07901	0.01539	0.01296	0.00625	0.00515	0.00163	0.00627	0.00494	0.00381	0.00798
2	0.01520	0.11816	0.34160	0.01586	0.10465	0.01325	0.04045	0.01927	0.01253	0.19266	0.01234	0.01338	0.00885	0.00582	0.00609	0.00171	0.06197	0.00453	0.00346	0.00823
3	0.01294	0.00843	0.01106	0.01043	0.01267	0.00879	0.02297	0.01805	0.16810	0.15884	0.07592	0.03851	0.03944	0.01281	0.05045	0.00252	0.04203	0.29396	0.00532	0.00675
4	0.00788	0.00632	0.00841	0.15262	0.01342	0.00646	0.00673	0.00971	0.01165	0.01513	0.14824	0.12618	0.24675	0.13293	0.06336	0.00292	0.00494	0.02716	0.00438	0.00485
5	0.05158	0.01734	0.15777	0.01444	0.07012	0.01552	0.01254	0.50492	0.02135	0.06155	0.01262	0.01309	0.00897	0.00622	0.00540	0.00168	0.00639	0.00476	0.00472	0.00901
6	0.01035	0.00622	0.00746	0.00697	0.00885	0.00546	0.00521	0.01199	0.01330	0.15727	0.19390	0.13310	0.33716	0.06784	0.00794	0.00210	0.00335	0.01043	0.00554	0.00556
7	0.01880	0.01381	0.01519	0.01227	0.01612	0.01517	0.01023	0.61467	0.02357	0.03150	0.01628	0.02244	0.01359	0.00826	0.00593	0.00183	0.00591	0.14038	0.00546	0.00862
8	0.01175	0.05610	0.47576	0.06853	0.02156	0.05616	0.01655	0.04492	0.01261	0.01738	0.01349	0.02119	0.01176	0.00720	0.00565	0.00186	0.00748	0.13966	0.00302	0.00737
9	0.00901	0.00700	0.00936	0.00912	0.01044	0.00808	0.00700	0.01338	0.14857	0.01461	0.01647	0.02265	0.01489	0.09310	0.58164	0.00733	0.01218	0.00616	0.00349	0.00553

[dist]
# distance from previous block
# <min> <max>
0	1

[block]
# block no. 10 follows, 43 sequences, length 16
# corresponding to MSA columns:
# 513-528
name=unknown_K
#
# <colnr> <probs for GDERKNQSTAVLIFYWHMCP>
#	G	D	E	R	K	N	Q	S	T	A	V	L	I	F	Y	W	H	M	C	P
0	0.00714	0.00510	0.00688	0.00816	0.00865	0.00484	0.00582	0.00839	0.01099	0.01458	0.03031	0.66832	0.03577	0.01698	0.00717	0.00230	0.00355	0.14529	0.00513	0.00461
1	0.01960	0.01505	0.01778	0.01694	0.16599	0.01638	0.01180	0.60715	0.02339	0.03158	0.01273	0.01338	0.00929	0.00631	0.00553	0.00166	0.00619	0.00498	0.00499	0.00929
2	0.59131	0.00959	0.00828	0.00774	0.01056	0.01081	0.00610	0.01590	0.06398	0.04818	0.01377	0.16671	0.01309	0.00778	0.00438	0.00183	0.00409	0.00584	0.00404	0.00602
3	0.02394	0.00950	0.01269	0.00979	0.01397	0.00834	0.00807	0.05380	0.01610	0.71472	0.02296	0.02008	0.04513	0.00715	0.00561	0.00172	0.00469	0.00580	0.00673	0.00923
4	0.01536	0.01106	0.01669	0.01315	0.01680	0.01122	0.18942	0.03885	0.24826	0.19185	0.10367	0.02087	0.01760	0.00707	0.00610	0.00179	0.02172	0.00648	0.05410	0.00794
5	0.02186	0.01009	0.01276	0.01024	0.01421	0.00966	0.00831	0.02765	0.21659	0.57216	0.02204	0.01934	0.01457	0.00703	0.00559	0.00176	0.00462	0.00576	0.00653	0.00925
6	0.00839	0.00566	0.00618	0.00607	0.00776	0.00501	0.00454	0.01020	0.01286	0.05490	0.14195	0.09661	0.43255	0.01204	0.00600	0.00176	0.00286	0.01015	0.16944	0.00507
7	0.03278	0.01243	0.01214	0.01014	0.01321	0.12315	0.00804	0.22130	0.05362	0.16379	0.16414	0.02060	0.01925	0.00746	0.00541	0.00162	0.00515	0.00593	0.11232	0.00751
8	0.01090	0.01008	0.01602	0.58269	0.08596	0.01139	0.01376	0.01431	0.01127	0.01520	0.00989	0.01404	0.00764	0.00521	0.00525	0.00163	0.00668	0.00460	0.00264	0.17084
9	0.00702	0.00517	0.00658	0.00720	0.00802	0.00473	0.00503	0.00851	0.01230	0.01650	0.23889	0.48365	0.14561	0.01520	0.00685	0.00205	0.00299	0.01357	0.00541	0.00473
10	0.01119	0.00768	0.00922	0.00895	0.01057	0.00784	0.00668	0.15739	0.05103	0.05751	0.07859	0.42626	0.02883	0.02870	0.00691	0.00209	0.00400	0.05384	0.03671	0.00601
11	0.34056	0.01587	0.01182	0.01031	0.01361	0.28735	0.00807	0.02046	0.01304	0.18580	0.01146	0.01244	0.00858	0.03243	0.00529	0.00173	0.00646	0.00394	0.00398	0.00682
12	0.20677	0.01055	0.01194	0.00972	0.01359	0.01073	0.00792	0.06607	0.16208	0.41583	0.01832	0.01668	0.01236	0.00659	0.00510	0.00174	0.00463	0.00510	0.00577	0.00852
13	0.00722	0.00537	0.00602	0.00626	0.00708	0.00493	0.00412	0.00807	0.01065	0.01356	0.07193	0.19404	0.30516	0.31394	0.01484	0.00326	0.00385	0.01103	0.00451	0.00417
14	0.01307	0.02605	0.62659	0.01518	0.02263	0.01371	0.01850	0.16263	0.01453	0.02097	0.01060	0.01201	0.00749	0.00554	0.00532	0.00174	0.00777	0.00427	0.00297	0.00843
15	0.01385	0.17016	0.03679	0.21934	0.02158	0.06430	0.04004	0.07872	0.02691	0.04159	0.00999	0.01346	0.00833	0.03380	0.00895	0.00193	0.19587	0.00463	0.00297	0.00678

[dist]
# distance from previous block
# <min> <max>
0	441

# created by:
# /home/berkeley/.conda/envs/busco_data_prod/bin/msa2prfl.pl pipeline/OGs_align_augustus/33634/150620.fs
