[name]
unknown

[dist]
# distance from previous block
# <min> <max>
4	84

[block]
# block no. 0 follows, 47 sequences, length 29
# corresponding to MSA columns:
# 117-143,147,148
name=unknown_A
#
# <colnr> <probs for GDERKNQSTAVLIFYWHMCP>
#	G	D	E	R	K	N	Q	S	T	A	V	L	I	F	Y	W	H	M	C	P
0	0.01407	0.01681	0.23599	0.03457	0.05763	0.15432	0.05546	0.01738	0.01251	0.15537	0.07614	0.01566	0.01221	0.00954	0.09403	0.00233	0.00759	0.00485	0.00348	0.02003
1	0.10224	0.03874	0.01155	0.00874	0.01230	0.00858	0.00718	0.06118	0.01409	0.54623	0.01857	0.06386	0.01306	0.00677	0.00494	0.00159	0.00428	0.00543	0.06273	0.00792
2	0.01409	0.74168	0.02574	0.00885	0.01330	0.01931	0.00870	0.01581	0.01075	0.04121	0.00785	0.00885	0.00697	0.00449	0.00344	0.00111	0.00542	0.00289	0.00243	0.05708
3	0.01675	0.04963	0.10568	0.07864	0.01808	0.30482	0.03730	0.13055	0.07354	0.09551	0.03249	0.01296	0.00957	0.00575	0.00498	0.00152	0.00718	0.00434	0.00361	0.00711
4	0.37487	0.01137	0.01124	0.00943	0.01244	0.03739	0.00771	0.16927	0.06497	0.11081	0.03938	0.01259	0.00960	0.00620	0.00580	0.00168	0.10017	0.00415	0.00410	0.00683
5	0.07873	0.01176	0.01346	0.07173	0.18720	0.10448	0.00970	0.07425	0.09508	0.05062	0.12719	0.01802	0.04188	0.00635	0.00503	0.00151	0.00523	0.00528	0.00387	0.08862
6	0.00987	0.00677	0.00898	0.00963	0.06511	0.00673	0.00648	0.05607	0.03564	0.08294	0.05692	0.37471	0.06349	0.04829	0.05354	0.04500	0.02661	0.00994	0.00445	0.02884
7	0.16253	0.00998	0.01134	0.00956	0.01255	0.01073	0.00782	0.14535	0.12572	0.22819	0.08868	0.02036	0.01578	0.00744	0.00594	0.00174	0.05883	0.06514	0.00502	0.00729
8	0.01096	0.01059	0.06421	0.05774	0.01441	0.01061	0.03512	0.03993	0.36483	0.01954	0.14981	0.02578	0.07883	0.00829	0.00613	0.00179	0.03896	0.05093	0.00469	0.00686
9	0.01306	0.01239	0.01793	0.11049	0.41945	0.05953	0.01351	0.09293	0.01252	0.01713	0.01062	0.06030	0.00944	0.00625	0.00693	0.00170	0.12046	0.00516	0.00292	0.00730
10	0.02892	0.00622	0.00766	0.00731	0.00895	0.00593	0.00550	0.01254	0.06989	0.12607	0.26111	0.19297	0.14939	0.03750	0.03385	0.00212	0.00358	0.02984	0.00521	0.00545
11	0.10402	0.00821	0.01124	0.01018	0.01114	0.00997	0.04523	0.01111	0.00879	0.01381	0.01318	0.06691	0.01354	0.13137	0.20408	0.00405	0.25600	0.06919	0.00301	0.00498
12	0.01156	0.01150	0.01653	0.01573	0.10027	0.01555	0.01191	0.01292	0.00841	0.01304	0.00717	0.01156	0.00699	0.00861	0.01575	0.00220	0.71743	0.00457	0.00231	0.00598
13	0.01121	0.00825	0.01094	0.04023	0.07244	0.04693	0.03406	0.01350	0.04121	0.12717	0.08519	0.17347	0.08659	0.01445	0.12372	0.02466	0.04819	0.02780	0.00420	0.00580
14	0.01339	0.00901	0.01061	0.00957	0.01206	0.00950	0.00765	0.13353	0.23563	0.13739	0.11947	0.11016	0.02300	0.00953	0.00585	0.00184	0.00420	0.13523	0.00538	0.00699
15	0.06177	0.01548	0.01463	0.01208	0.01553	0.22044	0.06033	0.26170	0.12273	0.09240	0.01436	0.01567	0.02780	0.00642	0.00515	0.00159	0.00637	0.03374	0.00436	0.00747
16	0.00971	0.00666	0.00842	0.00836	0.00988	0.00678	0.00646	0.04134	0.11304	0.07904	0.14215	0.24786	0.05799	0.01521	0.09698	0.00268	0.00483	0.13211	0.00494	0.00556
17	0.32543	0.00903	0.00928	0.00802	0.01080	0.00957	0.00628	0.07126	0.08166	0.20281	0.04485	0.07616	0.01391	0.10102	0.00711	0.00206	0.00424	0.00551	0.00453	0.00645
18	0.00800	0.00535	0.00672	0.00718	0.00817	0.00495	0.00506	0.03523	0.01144	0.06714	0.08109	0.55463	0.15654	0.01441	0.00639	0.00197	0.00311	0.01282	0.00502	0.00478
19	0.04510	0.00678	0.00871	0.00848	0.01030	0.00652	0.00657	0.03373	0.04745	0.22583	0.02445	0.34992	0.02481	0.02625	0.00649	0.00203	0.00394	0.15151	0.00520	0.00594
20	0.16582	0.00742	0.00878	0.00752	0.01008	0.00707	0.00593	0.01613	0.01297	0.30233	0.24065	0.05499	0.08085	0.02677	0.00614	0.02448	0.00362	0.00684	0.00529	0.00632
21	0.12872	0.00706	0.00852	0.00802	0.01003	0.00685	0.00603	0.04033	0.02486	0.24962	0.02260	0.42116	0.02277	0.01125	0.00568	0.00187	0.00370	0.00976	0.00512	0.00605
22	0.01069	0.00771	0.00888	0.00817	0.01021	0.00799	0.00620	0.01721	0.29071	0.09142	0.25567	0.09995	0.11356	0.03980	0.00656	0.00187	0.00342	0.00833	0.00536	0.00631
23	0.01080	0.00926	0.01080	0.00771	0.01234	0.00694	0.00617	0.01311	0.01080	0.01697	0.00926	0.01080	0.00771	0.00386	0.00386	0.00077	0.00386	0.00309	0.00309	0.84882
24	0.00886	0.00586	0.00725	0.00711	0.00853	0.00548	0.00530	0.01133	0.05782	0.09085	0.27964	0.20833	0.17200	0.05445	0.00725	0.00199	0.00318	0.05440	0.00522	0.00515
25	0.01871	0.00827	0.01113	0.00906	0.01221	0.00774	0.00733	0.07111	0.01398	0.52160	0.04744	0.04044	0.01450	0.01324	0.15310	0.02516	0.00618	0.00566	0.00550	0.00763
26	0.00716	0.00500	0.00625	0.00669	0.00711	0.00487	0.00446	0.00804	0.00972	0.01307	0.11682	0.29790	0.04648	0.34123	0.04547	0.00350	0.00432	0.06378	0.00418	0.00394
27	0.01194	0.00622	0.00806	0.00728	0.00908	0.00560	0.00543	0.01361	0.01287	0.24847	0.27611	0.16255	0.08615	0.11238	0.00853	0.00215	0.00349	0.00895	0.00540	0.00573
28	0.01048	0.00681	0.00838	0.00825	0.00977	0.00678	0.00608	0.07792	0.09926	0.11158	0.08604	0.45674	0.04622	0.01261	0.00616	0.00193	0.00355	0.03055	0.00519	0.00573

[dist]
# distance from previous block
# <min> <max>
3	9

[block]
# block no. 1 follows, 47 sequences, length 32
# corresponding to MSA columns:
# 158-189
name=unknown_B
#
# <colnr> <probs for GDERKNQSTAVLIFYWHMCP>
#	G	D	E	R	K	N	Q	S	T	A	V	L	I	F	Y	W	H	M	C	P
0	0.00677	0.00491	0.00632	0.00698	0.00768	0.00457	0.00493	0.00812	0.01125	0.01508	0.20069	0.47082	0.10910	0.05622	0.00756	0.00214	0.00309	0.06444	0.00495	0.00438
1	0.04118	0.10569	0.01410	0.03713	0.01431	0.22814	0.00855	0.10488	0.14135	0.13666	0.03288	0.01435	0.01107	0.00599	0.00470	0.00147	0.00586	0.00447	0.08014	0.00707
2	0.01024	0.00849	0.01162	0.04048	0.14285	0.00884	0.03031	0.05125	0.16599	0.01813	0.17188	0.11097	0.04453	0.08497	0.00779	0.00209	0.00444	0.07453	0.00443	0.00617
3	0.06148	0.00867	0.01018	0.00770	0.01168	0.00700	0.00615	0.01451	0.01159	0.13767	0.05974	0.03932	0.04944	0.00555	0.00437	0.00109	0.00379	0.00452	0.00391	0.55164
4	0.00716	0.00512	0.00625	0.00625	0.00713	0.00476	0.00435	0.00867	0.01192	0.01636	0.37598	0.16030	0.13786	0.18916	0.01063	0.00247	0.00314	0.00994	0.02818	0.00435
5	0.22791	0.58691	0.04796	0.00858	0.01283	0.01804	0.00842	0.01555	0.01016	0.01523	0.00731	0.00847	0.00641	0.00457	0.00337	0.00126	0.00525	0.00283	0.00248	0.00645
6	0.00774	0.00608	0.00742	0.00769	0.00868	0.02618	0.00563	0.01029	0.07090	0.01512	0.16711	0.30708	0.07686	0.04877	0.17971	0.00344	0.00567	0.03634	0.00447	0.00480
7	0.05691	0.00715	0.00917	0.00793	0.01043	0.00645	0.00614	0.01705	0.01290	0.40293	0.10573	0.19032	0.07783	0.05614	0.00683	0.00193	0.00381	0.00814	0.00556	0.00665
8	0.00670	0.00487	0.00638	0.00733	0.00796	0.00454	0.00524	0.00799	0.01086	0.01441	0.10439	0.57439	0.09704	0.01525	0.00663	0.00208	0.00317	0.11147	0.00492	0.00439
9	0.40556	0.00950	0.00960	0.00797	0.01134	0.00999	0.00652	0.06652	0.03890	0.29053	0.01359	0.01332	0.00943	0.00568	0.00416	0.00158	0.00414	0.00407	0.08062	0.00699
10	0.13046	0.00634	0.00725	0.00678	0.00852	0.00619	0.00517	0.01165	0.03531	0.06866	0.45633	0.08923	0.12853	0.01015	0.00568	0.00168	0.00292	0.00867	0.00523	0.00525
11	0.01207	0.00853	0.00890	0.00835	0.01020	0.09144	0.00628	0.05440	0.03530	0.15929	0.13139	0.26489	0.11152	0.03837	0.00662	0.00190	0.00416	0.03564	0.00500	0.00575
12	0.00683	0.00521	0.00614	0.00626	0.00736	0.00482	0.00450	0.00818	0.01117	0.01449	0.17679	0.14055	0.33240	0.14349	0.08083	0.00292	0.00413	0.03508	0.00455	0.00431
13	0.01345	0.01005	0.01168	0.00853	0.01303	0.00844	0.00690	0.13160	0.01334	0.09610	0.01088	0.01175	0.00841	0.00449	0.00420	0.00098	0.00421	0.00355	0.00375	0.63468
14	0.05548	0.00592	0.00733	0.00712	0.00865	0.00548	0.00528	0.01153	0.01224	0.14522	0.23157	0.28318	0.13192	0.03915	0.00671	0.00193	0.00322	0.02762	0.00520	0.00526
15	0.01139	0.01139	0.01595	0.01367	0.01367	0.01595	0.01139	0.01253	0.00798	0.01253	0.00684	0.01139	0.00684	0.00911	0.01709	0.00228	0.80745	0.00456	0.00228	0.00570
16	0.19043	0.01065	0.01176	0.00939	0.01295	0.01107	0.00762	0.24072	0.05567	0.31459	0.01520	0.01553	0.01080	0.06302	0.00631	0.00185	0.00476	0.00478	0.00513	0.00777
17	0.01064	0.00905	0.01261	0.01112	0.01123	0.01204	0.00894	0.01103	0.00794	0.01227	0.00832	0.01325	0.00799	0.01113	0.01671	0.21791	0.53008	0.00458	0.07844	0.00474
18	0.00628	0.00528	0.00545	0.00541	0.00711	0.00445	0.00406	0.00772	0.01217	0.01478	0.12933	0.04894	0.70536	0.01292	0.00615	0.00175	0.00262	0.01083	0.00493	0.00445
19	0.76616	0.01055	0.00849	0.00739	0.01071	0.01215	0.00609	0.09428	0.01050	0.02436	0.00780	0.00888	0.00598	0.00498	0.00343	0.00161	0.00421	0.00302	0.00343	0.00598
20	0.00774	0.00565	0.00756	0.00856	0.00969	0.00547	0.00714	0.00975	0.01170	0.01511	0.04603	0.17790	0.13497	0.01446	0.00694	0.00225	0.00417	0.51543	0.00483	0.00465
21	0.01883	0.02204	0.01496	0.06874	0.01750	0.61263	0.01034	0.14309	0.01605	0.01609	0.00887	0.01022	0.00708	0.00550	0.00482	0.00141	0.00862	0.00366	0.00307	0.00648
22	0.04069	0.01137	0.01145	0.01029	0.01208	0.16769	0.00810	0.08450	0.01177	0.07890	0.02911	0.01606	0.01106	0.02055	0.33770	0.02937	0.10537	0.00486	0.00330	0.00577
23	0.00763	0.00541	0.00689	0.00646	0.00783	0.00492	0.00487	0.00994	0.01439	0.03994	0.67184	0.03974	0.13889	0.01085	0.00612	0.00165	0.00253	0.00950	0.00564	0.00495
24	0.01042	0.00588	0.00727	0.00693	0.00869	0.00523	0.00528	0.01168	0.01189	0.17700	0.07859	0.16230	0.30659	0.01240	0.00731	0.07825	0.00338	0.06137	0.03435	0.00519
25	0.01691	0.01246	0.01353	0.01097	0.01453	0.01377	0.00886	0.42435	0.26919	0.07648	0.06989	0.01696	0.01425	0.00684	0.00531	0.00164	0.00489	0.00545	0.00535	0.00838
26	0.01392	0.82012	0.02729	0.00891	0.01337	0.02061	0.00891	0.01559	0.01058	0.01225	0.00724	0.00835	0.00668	0.00446	0.00334	0.00111	0.00557	0.00278	0.00223	0.00668
27	0.00744	0.00558	0.00837	0.00837	0.00930	0.00651	0.00651	0.00930	0.00837	0.01209	0.01395	0.02046	0.01302	0.03906	0.79635	0.00837	0.01395	0.00558	0.00279	0.00465
28	0.00755	0.00549	0.00688	0.00662	0.00789	0.00517	0.00493	0.01033	0.04781	0.01970	0.59462	0.10608	0.09707	0.01096	0.00604	0.00167	0.00259	0.00964	0.04399	0.00496
29	0.08666	0.00905	0.01025	0.00755	0.01182	0.00723	0.00603	0.01308	0.01090	0.01782	0.06333	0.01256	0.01044	0.00442	0.00396	0.00091	0.00377	0.00351	0.00328	0.71342
30	0.01247	0.01152	0.01899	0.07921	0.52132	0.01166	0.04351	0.01533	0.01143	0.03902	0.01028	0.03162	0.00874	0.00522	0.00593	0.00155	0.06223	0.00477	0.00276	0.10245
31	0.01181	0.01028	0.01089	0.00997	0.02943	0.12423	0.02422	0.07723	0.01351	0.06679	0.21821	0.10772	0.10201	0.03670	0.00777	0.00184	0.09875	0.02200	0.00439	0.02226

[dist]
# distance from previous block
# <min> <max>
3	9

[block]
# block no. 2 follows, 47 sequences, length 25
# corresponding to MSA columns:
# 199-223
name=unknown_C
#
# <colnr> <probs for GDERKNQSTAVLIFYWHMCP>
#	G	D	E	R	K	N	Q	S	T	A	V	L	I	F	Y	W	H	M	C	P
0	0.03996	0.00766	0.00930	0.00787	0.01088	0.00636	0.00611	0.01278	0.01104	0.10546	0.01727	0.22896	0.01733	0.01999	0.00533	0.00145	0.00380	0.06803	0.00409	0.41632
1	0.04263	0.00839	0.01062	0.00870	0.01176	0.00785	0.00690	0.07393	0.05172	0.46877	0.07735	0.09304	0.03702	0.06832	0.00699	0.00192	0.00422	0.00666	0.00572	0.00748
2	0.00981	0.00921	0.01527	0.66843	0.10147	0.01105	0.01373	0.01307	0.01066	0.01371	0.01289	0.01678	0.07098	0.00581	0.00528	0.00172	0.00652	0.00515	0.00255	0.00589
3	0.03732	0.00568	0.00701	0.00694	0.00826	0.00548	0.00513	0.01012	0.02593	0.06694	0.20686	0.20262	0.19488	0.05609	0.13370	0.00301	0.00480	0.00965	0.00470	0.00487
4	0.25142	0.00843	0.00902	0.00774	0.01034	0.00869	0.00604	0.07208	0.04827	0.20541	0.14879	0.03666	0.04211	0.11420	0.00769	0.00209	0.00406	0.00594	0.00475	0.00626
5	0.01156	0.08278	0.01047	0.00861	0.01040	0.13422	0.00670	0.01301	0.03276	0.08315	0.08931	0.15207	0.10798	0.01148	0.00780	0.12282	0.00478	0.10085	0.00412	0.00514
6	0.08104	0.00624	0.00791	0.00777	0.00939	0.00583	0.00570	0.01311	0.01142	0.23314	0.04716	0.49931	0.02642	0.01241	0.00595	0.00192	0.00349	0.01095	0.00518	0.00567
7	0.48709	0.00921	0.00898	0.00755	0.01092	0.00962	0.00619	0.01811	0.01124	0.28932	0.01602	0.01548	0.07871	0.00616	0.00419	0.00162	0.00404	0.00441	0.00449	0.00665
8	0.07358	0.00638	0.00804	0.00770	0.00953	0.00604	0.00612	0.01288	0.01298	0.16312	0.28233	0.13137	0.08568	0.01106	0.00603	0.00185	0.00351	0.16090	0.00531	0.00557
9	0.08253	0.01167	0.01234	0.01034	0.01370	0.01303	0.00828	0.25819	0.37856	0.08795	0.01710	0.01624	0.01250	0.00653	0.00502	0.00165	0.00456	0.00516	0.04654	0.00811
10	0.21077	0.00805	0.00866	0.00785	0.01017	0.00833	0.00606	0.07489	0.07796	0.13533	0.13188	0.18720	0.07656	0.02638	0.00571	0.00181	0.00371	0.00775	0.00486	0.00606
11	0.00887	0.00579	0.00715	0.00685	0.00835	0.00533	0.00508	0.01122	0.04639	0.09893	0.35281	0.18050	0.19482	0.03575	0.00671	0.00186	0.00296	0.01009	0.00536	0.00519
12	0.01321	0.00947	0.01072	0.00980	0.01235	0.01037	0.00770	0.02287	0.47891	0.12998	0.02186	0.04971	0.01821	0.06875	0.00718	0.00209	0.00430	0.10996	0.00522	0.00735
13	0.00931	0.00613	0.00726	0.00718	0.00821	0.00609	0.00500	0.02523	0.08562	0.07740	0.03509	0.19670	0.08876	0.34506	0.01458	0.00323	0.00423	0.06587	0.00434	0.00472
14	0.00725	0.00498	0.00641	0.00698	0.00770	0.00463	0.00487	0.00849	0.01103	0.03867	0.16806	0.47923	0.09653	0.08733	0.00830	0.00226	0.00319	0.04474	0.00490	0.00444
15	0.78531	0.00997	0.00802	0.00705	0.01034	0.01135	0.00581	0.01614	0.00936	0.08641	0.00835	0.00922	0.00624	0.00497	0.00339	0.00161	0.00406	0.00302	0.00349	0.00591
16	0.00649	0.00464	0.00613	0.00726	0.00763	0.00435	0.00492	0.00744	0.01002	0.01330	0.02869	0.72787	0.05042	0.04843	0.00746	0.00224	0.00318	0.05056	0.00476	0.00422
17	0.08313	0.00724	0.00834	0.00816	0.00986	0.00744	0.00611	0.07336	0.11888	0.07839	0.07901	0.38059	0.06603	0.01180	0.00590	0.00190	0.00360	0.03955	0.00498	0.00573
18	0.01190	0.01057	0.01599	0.27666	0.29948	0.04127	0.01276	0.03710	0.03818	0.04991	0.06852	0.01613	0.01173	0.00864	0.07709	0.00224	0.00682	0.00510	0.00309	0.00683
19	0.00825	0.00567	0.00681	0.00697	0.00802	0.02260	0.00499	0.00974	0.01187	0.06514	0.24802	0.33130	0.11605	0.07914	0.00789	0.00211	0.00325	0.03124	0.02621	0.00473
20	0.02014	0.02056	0.01447	0.01251	0.01566	0.54045	0.00965	0.14445	0.01638	0.14112	0.01080	0.01125	0.00806	0.00569	0.00487	0.00142	0.00799	0.00388	0.00371	0.00696
21	0.00833	0.00557	0.00682	0.00685	0.00825	0.00506	0.00506	0.01027	0.03456	0.08596	0.20854	0.28803	0.25845	0.01285	0.00623	0.00185	0.00299	0.03415	0.00520	0.00499
22	0.01369	0.04321	0.22367	0.02659	0.02617	0.17435	0.03080	0.09503	0.18782	0.01816	0.03216	0.01510	0.01099	0.02291	0.04438	0.00200	0.00704	0.01526	0.00350	0.00717
23	0.45157	0.17702	0.01384	0.00874	0.01242	0.04245	0.00749	0.19688	0.01319	0.02300	0.00854	0.00945	0.00667	0.00512	0.00378	0.00149	0.00494	0.00328	0.00348	0.00664
24	0.01248	0.12648	0.08576	0.03110	0.06306	0.01044	0.03607	0.04067	0.01208	0.09259	0.06940	0.01760	0.01294	0.00600	0.00507	0.00136	0.02708	0.06566	0.00353	0.28061

[dist]
# distance from previous block
# <min> <max>
0	1

[block]
# block no. 3 follows, 47 sequences, length 12
# corresponding to MSA columns:
# 225-236
name=unknown_D
#
# <colnr> <probs for GDERKNQSTAVLIFYWHMCP>
#	G	D	E	R	K	N	Q	S	T	A	V	L	I	F	Y	W	H	M	C	P
0	0.85377	0.01007	0.00765	0.00685	0.01007	0.01168	0.00564	0.01531	0.00886	0.02336	0.00725	0.00846	0.00564	0.00483	0.00322	0.00161	0.00403	0.00282	0.00322	0.00564
1	0.00647	0.00508	0.00589	0.00634	0.00752	0.00449	0.00463	0.00782	0.01148	0.01450	0.10592	0.30793	0.41639	0.01411	0.00639	0.00191	0.00289	0.06092	0.00491	0.00441
2	0.01226	0.01080	0.01368	0.01578	0.21722	0.01183	0.00989	0.02243	0.48126	0.02041	0.10970	0.02004	0.01787	0.00685	0.00536	0.00169	0.00447	0.00598	0.00463	0.00784
3	0.30870	0.01834	0.38243	0.01128	0.01679	0.01181	0.01265	0.07201	0.01162	0.09538	0.00993	0.01087	0.00704	0.00515	0.00439	0.00163	0.00594	0.00368	0.00319	0.00717
4	0.01377	0.00927	0.01046	0.00917	0.01190	0.00990	0.00725	0.07915	0.35890	0.15188	0.11274	0.02404	0.05682	0.00783	0.00535	0.00168	0.00390	0.03652	0.08212	0.00736
5	0.00728	0.00523	0.00653	0.00651	0.00768	0.00478	0.00475	0.00906	0.01273	0.03539	0.40252	0.20022	0.20401	0.03721	0.03044	0.00207	0.00308	0.01061	0.00520	0.00469
6	0.07447	0.01152	0.01845	0.08359	0.58711	0.01178	0.01405	0.01613	0.03701	0.04619	0.01210	0.01455	0.03989	0.00519	0.00507	0.00158	0.00580	0.00483	0.00293	0.00774
7	0.21138	0.01108	0.01274	0.04808	0.01491	0.01199	0.04590	0.16112	0.20947	0.19825	0.01509	0.01467	0.01069	0.00603	0.00482	0.00166	0.00484	0.00476	0.00479	0.00772
8	0.00746	0.00580	0.00697	0.00718	0.00849	0.00537	0.00516	0.00987	0.07419	0.01510	0.09069	0.42636	0.16937	0.03183	0.00661	0.00193	0.00318	0.03332	0.00474	0.08638
9	0.00905	0.00452	0.00678	0.00678	0.00678	0.00452	0.00452	0.00678	0.00678	0.00905	0.00905	0.01583	0.00905	0.01809	0.02035	0.84848	0.00452	0.00452	0.00226	0.00226
10	0.01205	0.01163	0.01485	0.46481	0.08286	0.10370	0.01239	0.08728	0.06056	0.01598	0.01370	0.01640	0.06988	0.00604	0.00522	0.00166	0.00654	0.00507	0.00304	0.00633
11	0.09844	0.03205	0.24403	0.01580	0.19384	0.01125	0.01267	0.05193	0.04934	0.06445	0.01058	0.01197	0.00804	0.00490	0.00462	0.00144	0.00572	0.00398	0.00311	0.17185

[dist]
# distance from previous block
# <min> <max>
0	19

# created by:
# /home/berkeley/.conda/envs/busco_data_prod/bin/msa2prfl.pl pipeline/OGs_align_augustus/33634/150647.fs
