[name]
unknown

[dist]
# distance from previous block
# <min> <max>
0	582

[block]
# block no. 0 follows, 49 sequences, length 40
# corresponding to MSA columns:
# 626-665
name=unknown_A
#
# <colnr> <probs for GDERKNQSTAVLIFYWHMCP>
#	G	D	E	R	K	N	Q	S	T	A	V	L	I	F	Y	W	H	M	C	P
0	0.47477	0.01215	0.07836	0.05893	0.05677	0.01183	0.19544	0.01516	0.00981	0.01949	0.00822	0.01032	0.00631	0.00468	0.00439	0.00162	0.01899	0.00383	0.00281	0.00611
1	0.01344	0.01279	0.06578	0.05688	0.01579	0.09424	0.06593	0.17561	0.04262	0.05489	0.03137	0.06267	0.03311	0.00605	0.00504	0.00138	0.01960	0.00499	0.00369	0.23412
2	0.01176	0.00690	0.00859	0.00751	0.00960	0.00668	0.00584	0.03901	0.11192	0.19026	0.45357	0.02898	0.03268	0.00861	0.00550	0.00157	0.00311	0.00742	0.05435	0.00614
3	0.01408	0.00962	0.01136	0.00838	0.01267	0.00816	0.00679	0.11386	0.02893	0.17292	0.01181	0.01221	0.00880	0.00461	0.00421	0.00103	0.00410	0.00367	0.00395	0.55885
4	0.00638	0.00514	0.00568	0.00554	0.00708	0.00444	0.00416	0.00803	0.01247	0.01590	0.30039	0.04498	0.53813	0.01197	0.00597	0.00167	0.00250	0.01016	0.00499	0.00444
5	0.00629	0.00505	0.00561	0.00565	0.00707	0.00437	0.00417	0.00779	0.01199	0.01518	0.22809	0.13718	0.51867	0.01256	0.00603	0.00172	0.00256	0.01074	0.00491	0.00437
6	0.00955	0.00899	0.01517	0.81013	0.03483	0.01123	0.01404	0.01292	0.01011	0.01292	0.00899	0.01348	0.00674	0.00506	0.00506	0.00169	0.00674	0.00449	0.00225	0.00562
7	0.03481	0.00521	0.00655	0.00699	0.00782	0.00499	0.00493	0.00926	0.02988	0.05059	0.16320	0.45837	0.05400	0.09180	0.00805	0.00220	0.00322	0.04890	0.00472	0.00451
8	0.00825	0.00576	0.00760	0.00741	0.00829	0.00631	0.00538	0.01036	0.06371	0.04344	0.01574	0.02452	0.02805	0.29135	0.44434	0.00623	0.00946	0.00615	0.00318	0.00445
9	0.85801	0.00978	0.00743	0.00665	0.00978	0.01134	0.00548	0.01486	0.00861	0.02269	0.00704	0.00821	0.00548	0.00469	0.00313	0.00156	0.00391	0.00274	0.00313	0.00548
10	0.00778	0.00552	0.00678	0.00635	0.00770	0.00523	0.00479	0.03152	0.03370	0.01998	0.61234	0.03545	0.09796	0.00986	0.00567	0.00156	0.00253	0.00859	0.09176	0.00492
11	0.01393	0.05846	0.01286	0.01048	0.01355	0.06530	0.00830	0.09888	0.59517	0.03880	0.01812	0.01691	0.01360	0.00652	0.00499	0.00163	0.00458	0.00525	0.00482	0.00785
12	0.03807	0.14727	0.33589	0.01214	0.05021	0.05707	0.01255	0.01622	0.01131	0.11551	0.01245	0.01642	0.02067	0.02276	0.00515	0.00160	0.00612	0.07541	0.00307	0.04013
13	0.03141	0.16197	0.30052	0.03978	0.10329	0.04253	0.04885	0.01684	0.04433	0.09530	0.04085	0.01263	0.00929	0.00524	0.00495	0.00151	0.02643	0.00418	0.00293	0.00715
14	0.85801	0.00978	0.00743	0.00665	0.00978	0.01134	0.00548	0.01486	0.00861	0.02269	0.00704	0.00821	0.00548	0.00469	0.00313	0.00156	0.00391	0.00274	0.00313	0.00548
15	0.01389	0.01516	0.01636	0.01377	0.01528	0.26071	0.09535	0.01534	0.01044	0.03606	0.00787	0.01105	0.00695	0.00738	0.01139	0.02659	0.42388	0.00425	0.00250	0.00577
16	0.01922	0.01416	0.01518	0.01163	0.01568	0.01568	0.00961	0.77388	0.02378	0.03187	0.01214	0.01214	0.00860	0.00607	0.00506	0.00152	0.00556	0.00455	0.00506	0.00860
17	0.00876	0.00556	0.00704	0.00644	0.00805	0.00499	0.00491	0.01089	0.01382	0.10982	0.56212	0.03737	0.18022	0.01031	0.00586	0.00161	0.00264	0.00895	0.00549	0.00513
18	0.01113	0.00660	0.00813	0.00791	0.00957	0.00658	0.00623	0.06678	0.06361	0.13167	0.04308	0.19103	0.02218	0.05310	0.00667	0.00197	0.00381	0.19521	0.15918	0.00556
19	0.01393	0.00678	0.00900	0.00813	0.01043	0.00620	0.00658	0.01620	0.03129	0.34152	0.14919	0.10814	0.05924	0.00980	0.00575	0.00177	0.00377	0.16721	0.03872	0.00634
20	0.01045	0.01012	0.01248	0.04592	0.01226	0.07425	0.00885	0.01147	0.00831	0.01163	0.00955	0.01684	0.00984	0.19984	0.07989	0.00321	0.46260	0.00510	0.00248	0.00491
21	0.00704	0.00511	0.00607	0.00583	0.00717	0.00462	0.00437	0.00910	0.01312	0.01819	0.49329	0.03904	0.26156	0.01061	0.00572	0.00158	0.00243	0.00914	0.09138	0.00462
22	0.01071	0.01051	0.01475	0.03573	0.01339	0.01454	0.01061	0.01186	0.00781	0.01207	0.00738	0.01244	0.00739	0.04549	0.04753	0.00255	0.72298	0.00459	0.00227	0.00539
23	0.80963	0.01060	0.00783	0.00702	0.01012	0.05693	0.00572	0.01517	0.00894	0.02209	0.00709	0.00827	0.00554	0.00472	0.00321	0.00155	0.00421	0.00277	0.00310	0.00550
24	0.00731	0.00498	0.00586	0.00577	0.00606	0.00491	0.00353	0.00788	0.00892	0.01218	0.18701	0.03376	0.02473	0.62071	0.04275	0.00426	0.00458	0.00770	0.00361	0.00348
25	0.00988	0.00809	0.00911	0.00877	0.01063	0.00889	0.00660	0.01838	0.43388	0.01861	0.14024	0.24404	0.02566	0.01003	0.00567	0.00180	0.00347	0.02483	0.00507	0.00636
26	0.01049	0.00899	0.01049	0.00749	0.01198	0.00674	0.00599	0.01273	0.01049	0.01648	0.00899	0.01049	0.00749	0.00374	0.00374	0.00075	0.00374	0.00300	0.00300	0.85320
27	0.00722	0.00542	0.00813	0.00813	0.00903	0.00632	0.00632	0.00903	0.00813	0.01174	0.01354	0.01987	0.01264	0.03792	0.80225	0.00813	0.01354	0.00542	0.00271	0.00451
28	0.09454	0.00578	0.00639	0.00608	0.00708	0.00576	0.00407	0.01089	0.00906	0.11001	0.01671	0.09802	0.01692	0.44280	0.01581	0.00333	0.00417	0.00685	0.13140	0.00434
29	0.00714	0.00524	0.00754	0.00766	0.00838	0.00590	0.00571	0.00860	0.00818	0.01159	0.01531	0.10182	0.01552	0.14382	0.61543	0.00707	0.01129	0.00658	0.00296	0.00427
30	0.01346	0.00685	0.00830	0.00712	0.00916	0.00649	0.00534	0.05121	0.04237	0.28028	0.09220	0.02605	0.08054	0.22988	0.01068	0.00244	0.00395	0.00649	0.11131	0.00587
31	0.01804	0.06156	0.01378	0.00995	0.01365	0.02859	0.02941	0.29770	0.01707	0.29731	0.05575	0.01669	0.03859	0.02756	0.00552	0.00157	0.00489	0.00507	0.00503	0.05228
32	0.01127	0.00601	0.00747	0.00774	0.05302	0.00573	0.00535	0.02978	0.01152	0.15775	0.04288	0.19325	0.04854	0.02587	0.00521	0.00158	0.00318	0.00728	0.37106	0.00551
33	0.01089	0.00988	0.03619	0.00823	0.01254	0.00780	0.00685	0.04612	0.01092	0.01689	0.00899	0.01060	0.00745	0.00418	0.00458	0.00089	0.05060	0.00317	0.00301	0.74022
34	0.04630	0.27154	0.09805	0.02896	0.09255	0.03823	0.04232	0.03114	0.01123	0.08017	0.00991	0.03488	0.00822	0.00487	0.00417	0.00125	0.00539	0.00384	0.00292	0.18406
35	0.25977	0.14602	0.07028	0.01018	0.01378	0.12851	0.03477	0.09440	0.02291	0.06886	0.00902	0.01013	0.00702	0.00523	0.00490	0.00146	0.06254	0.00350	0.00317	0.04355
36	0.00849	0.00576	0.00727	0.00765	0.04144	0.00583	0.00481	0.04392	0.00932	0.04307	0.04391	0.16974	0.02029	0.45492	0.10800	0.00421	0.00551	0.00811	0.00359	0.00416
37	0.01214	0.27491	0.22871	0.02983	0.09377	0.07027	0.01179	0.04320	0.04053	0.01480	0.01071	0.04843	0.00960	0.03772	0.00530	0.00157	0.00608	0.03373	0.00270	0.02421
38	0.07943	0.05904	0.20154	0.01072	0.01459	0.10061	0.03203	0.03213	0.02397	0.11947	0.01256	0.09796	0.01094	0.04402	0.00635	0.00168	0.05224	0.00510	0.00335	0.09224
39	0.04023	0.05392	0.06418	0.05437	0.07897	0.04291	0.01005	0.29912	0.09531	0.15420	0.01306	0.01320	0.00936	0.00566	0.00483	0.00150	0.00541	0.00444	0.00435	0.04493

[dist]
# distance from previous block
# <min> <max>
18	35

[block]
# block no. 1 follows, 49 sequences, length 11
# corresponding to MSA columns:
# 704-714
name=unknown_B
#
# <colnr> <probs for GDERKNQSTAVLIFYWHMCP>
#	G	D	E	R	K	N	Q	S	T	A	V	L	I	F	Y	W	H	M	C	P
0	0.03207	0.04395	0.01625	0.05013	0.14474	0.10802	0.07397	0.13823	0.02900	0.15690	0.03941	0.01439	0.01033	0.00592	0.00597	0.00156	0.07438	0.01802	0.00378	0.03298
1	0.12019	0.05066	0.07768	0.05217	0.04695	0.01070	0.03182	0.08932	0.13911	0.13636	0.06006	0.01635	0.04776	0.00601	0.00471	0.00150	0.00472	0.00487	0.00410	0.09498
2	0.01201	0.00816	0.03444	0.17670	0.01557	0.00795	0.00804	0.07706	0.01165	0.16800	0.01609	0.15411	0.01465	0.09668	0.07352	0.00249	0.00548	0.00656	0.04312	0.06771
3	0.00905	0.00531	0.00635	0.00593	0.00740	0.00492	0.00450	0.01128	0.01286	0.08395	0.40154	0.03118	0.11132	0.00884	0.00512	0.00147	0.00256	0.00756	0.27383	0.00502
4	0.00801	0.00696	0.00956	0.00894	0.01012	0.04289	0.08361	0.00969	0.01125	0.01504	0.21562	0.35775	0.06379	0.04288	0.00755	0.00198	0.05327	0.04199	0.00438	0.00471
5	0.63047	0.04364	0.00860	0.00698	0.00999	0.01048	0.00574	0.01523	0.00983	0.10597	0.07458	0.03951	0.01079	0.00570	0.00370	0.00156	0.00386	0.00393	0.00369	0.00576
6	0.00922	0.00574	0.00738	0.00675	0.00835	0.00526	0.00514	0.01172	0.03405	0.12180	0.57933	0.06952	0.09573	0.01013	0.00585	0.00162	0.00272	0.00886	0.00555	0.00530
7	0.04883	0.01624	0.26731	0.01661	0.10526	0.01162	0.23248	0.08116	0.04214	0.01825	0.07587	0.03799	0.01170	0.00559	0.00527	0.00163	0.00660	0.00533	0.00307	0.00705
8	0.00784	0.00558	0.00730	0.00765	0.04049	0.00538	0.00535	0.00947	0.01116	0.04779	0.24657	0.09102	0.17162	0.13408	0.14121	0.00325	0.00504	0.05022	0.00435	0.00463
9	0.00824	0.00899	0.13879	0.00781	0.01026	0.00622	0.00716	0.01132	0.04479	0.05170	0.37084	0.10874	0.18532	0.01011	0.00575	0.00166	0.00348	0.00873	0.00475	0.00536
10	0.03614	0.13767	0.14052	0.21679	0.14214	0.01320	0.04190	0.03599	0.15534	0.01624	0.01103	0.01290	0.00852	0.00514	0.00473	0.00155	0.00598	0.00434	0.00291	0.00698

[dist]
# distance from previous block
# <min> <max>
1	2

[block]
# block no. 2 follows, 49 sequences, length 10
# corresponding to MSA columns:
# 717-726
name=unknown_C
#
# <colnr> <probs for GDERKNQSTAVLIFYWHMCP>
#	G	D	E	R	K	N	Q	S	T	A	V	L	I	F	Y	W	H	M	C	P
0	0.01133	0.01007	0.01722	0.12602	0.29362	0.01029	0.13158	0.01501	0.05539	0.04771	0.01503	0.02478	0.01380	0.00717	0.00568	0.00178	0.00597	0.19754	0.00333	0.00667
1	0.01918	0.01552	0.01506	0.01183	0.01567	0.12332	0.00963	0.67071	0.02248	0.02920	0.01155	0.01173	0.00831	0.00595	0.00499	0.00149	0.00605	0.00438	0.00472	0.00822
2	0.00608	0.00496	0.00537	0.00562	0.00698	0.00426	0.00408	0.00732	0.01125	0.01382	0.08286	0.22283	0.58026	0.01337	0.00608	0.00178	0.00264	0.01144	0.00474	0.00426
3	0.00735	0.00535	0.00763	0.00835	0.00922	0.00563	0.00667	0.00915	0.00986	0.01334	0.02197	0.21454	0.02380	0.02353	0.31023	0.00448	0.00766	0.30286	0.00392	0.00448
4	0.74140	0.00904	0.00722	0.00670	0.00944	0.01035	0.00537	0.01379	0.00875	0.02135	0.00989	0.11920	0.00930	0.00622	0.00358	0.00163	0.00378	0.00433	0.00334	0.00529
5	0.00725	0.00531	0.00759	0.00759	0.00830	0.00603	0.00565	0.00868	0.00797	0.01134	0.01404	0.02260	0.01383	0.19993	0.64187	0.00746	0.01176	0.00582	0.00278	0.00422
6	0.01306	0.03822	0.07317	0.04144	0.05275	0.10963	0.21148	0.10546	0.04416	0.01706	0.04726	0.01354	0.00973	0.00602	0.00740	0.00167	0.16341	0.00490	0.03306	0.00659
7	0.06863	0.01229	0.14317	0.00931	0.01241	0.05440	0.00825	0.07761	0.13938	0.10562	0.01430	0.01929	0.01234	0.24798	0.01095	0.00253	0.00529	0.00523	0.00375	0.04727
8	0.11384	0.29357	0.09045	0.00986	0.01396	0.12257	0.00909	0.09000	0.08352	0.01696	0.00931	0.01017	0.00752	0.00487	0.00397	0.00128	0.00562	0.00337	0.00299	0.10708
9	0.11087	0.12337	0.06573	0.09005	0.11214	0.05178	0.03056	0.01427	0.00995	0.04222	0.00969	0.01276	0.02610	0.04232	0.00814	0.00176	0.19459	0.00418	0.00265	0.04687

[dist]
# distance from previous block
# <min> <max>
0	3

[block]
# block no. 3 follows, 49 sequences, length 23
# corresponding to MSA columns:
# 730-752
name=unknown_D
#
# <colnr> <probs for GDERKNQSTAVLIFYWHMCP>
#	G	D	E	R	K	N	Q	S	T	A	V	L	I	F	Y	W	H	M	C	P
0	0.01215	0.01160	0.10342	0.06237	0.08790	0.03202	0.04032	0.01885	0.26034	0.10347	0.12398	0.02207	0.04270	0.00715	0.00534	0.00167	0.00489	0.04843	0.00433	0.00699
1	0.01201	0.03651	0.09554	0.18130	0.10729	0.01194	0.06869	0.03209	0.19108	0.05860	0.01250	0.01423	0.00953	0.00572	0.00602	0.00163	0.07960	0.00474	0.03330	0.03767
2	0.00698	0.00480	0.00584	0.00618	0.00638	0.00475	0.00384	0.00746	0.00842	0.01134	0.05434	0.26979	0.02390	0.49230	0.06822	0.00410	0.00474	0.00943	0.00365	0.00355
3	0.00723	0.00490	0.00621	0.00660	0.00707	0.00478	0.00455	0.00779	0.00915	0.01211	0.06849	0.21130	0.08971	0.29022	0.04645	0.10549	0.00436	0.10614	0.00381	0.00366
4	0.01211	0.01202	0.02175	0.10744	0.56977	0.01208	0.15901	0.01539	0.01145	0.01610	0.00960	0.01283	0.00782	0.00451	0.00519	0.00156	0.00656	0.00478	0.00249	0.00754
5	0.00651	0.00511	0.00588	0.00576	0.00718	0.00449	0.00429	0.00826	0.01268	0.01657	0.37791	0.07869	0.42493	0.01185	0.00599	0.00167	0.00250	0.01016	0.00508	0.00449
6	0.00779	0.00587	0.00802	0.00795	0.00880	0.00667	0.00602	0.01011	0.06050	0.01245	0.03539	0.02508	0.01579	0.18719	0.49812	0.00632	0.03437	0.05593	0.00313	0.00451
7	0.00682	0.00479	0.00627	0.00681	0.00751	0.00450	0.00486	0.00836	0.01138	0.01577	0.28824	0.43872	0.03668	0.03743	0.00677	0.00196	0.00290	0.06285	0.04302	0.00437
8	0.03808	0.01216	0.01474	0.01130	0.01529	0.01271	0.06018	0.43650	0.06234	0.26150	0.01474	0.01407	0.01004	0.00602	0.00509	0.00156	0.00526	0.00483	0.00522	0.00838
9	0.00828	0.00573	0.00784	0.00848	0.00953	0.00564	0.01892	0.01049	0.04173	0.04673	0.04678	0.29204	0.02869	0.06818	0.00788	0.00233	0.00409	0.37728	0.00464	0.00471
10	0.01049	0.00899	0.01049	0.00749	0.01198	0.00674	0.00599	0.01273	0.01049	0.01648	0.00899	0.01049	0.00749	0.00374	0.00374	0.00075	0.00374	0.00300	0.00300	0.85320
11	0.10346	0.01401	0.01259	0.01065	0.01371	0.17446	0.00845	0.25482	0.20034	0.05753	0.06525	0.01465	0.01225	0.00632	0.00517	0.00155	0.02848	0.00471	0.00438	0.00723
12	0.00750	0.06054	0.00875	0.00791	0.00888	0.00623	0.03269	0.00881	0.00957	0.01269	0.02233	0.35590	0.04704	0.13069	0.14061	0.00341	0.00558	0.12262	0.00389	0.00437
13	0.00680	0.00511	0.00630	0.00610	0.00736	0.00460	0.00454	0.00882	0.01332	0.01816	0.55670	0.09119	0.22982	0.01131	0.00600	0.00165	0.00246	0.00986	0.00529	0.00460
14	0.01125	0.00954	0.01069	0.00784	0.01218	0.03289	0.00625	0.01395	0.04267	0.04214	0.00979	0.01101	0.00795	0.00400	0.00387	0.00083	0.00395	0.00319	0.00318	0.76283
15	0.04178	0.01077	0.01558	0.07503	0.37396	0.01084	0.01139	0.01733	0.16381	0.04494	0.01185	0.01345	0.00936	0.00493	0.00472	0.00141	0.00508	0.00440	0.00326	0.17608
16	0.00770	0.00491	0.00637	0.00676	0.00762	0.00459	0.00484	0.00928	0.01143	0.05482	0.24632	0.44039	0.03416	0.01262	0.00594	0.00181	0.00284	0.03595	0.09704	0.00461
17	0.01107	0.01054	0.01792	0.40947	0.42357	0.01164	0.01480	0.01426	0.01083	0.01477	0.00926	0.01298	0.00739	0.00477	0.00503	0.00159	0.00636	0.00450	0.00238	0.00685
18	0.01337	0.06638	0.01524	0.27369	0.07420	0.03674	0.01096	0.19295	0.22673	0.01973	0.01279	0.01410	0.00964	0.00571	0.00494	0.00159	0.00564	0.00469	0.00372	0.00720
19	0.00979	0.00571	0.00693	0.00650	0.00830	0.00500	0.00491	0.01137	0.01231	0.17691	0.17848	0.17828	0.33222	0.01136	0.00581	0.00170	0.00295	0.00974	0.02649	0.00525
20	0.00657	0.00467	0.00622	0.00727	0.00770	0.00444	0.00512	0.00766	0.00997	0.01327	0.04979	0.62686	0.03222	0.06836	0.00779	0.00227	0.00331	0.12776	0.00461	0.00414
21	0.03986	0.02114	0.49912	0.01376	0.01950	0.05034	0.06766	0.06957	0.03691	0.04059	0.03289	0.01212	0.00834	0.00542	0.00568	0.00163	0.06131	0.00420	0.00275	0.00720
22	0.08696	0.25913	0.15709	0.04341	0.01541	0.07624	0.01024	0.12290	0.02532	0.08622	0.01103	0.06509	0.00920	0.00578	0.00436	0.00144	0.00573	0.00432	0.00327	0.00684

[dist]
# distance from previous block
# <min> <max>
12	38

[block]
# block no. 4 follows, 49 sequences, length 33
# corresponding to MSA columns:
# 792-824
name=unknown_E
#
# <colnr> <probs for GDERKNQSTAVLIFYWHMCP>
#	G	D	E	R	K	N	Q	S	T	A	V	L	I	F	Y	W	H	M	C	P
0	0.01275	0.06783	0.02435	0.03697	0.02207	0.01228	0.50471	0.03681	0.06665	0.07839	0.01256	0.04044	0.00997	0.00532	0.00561	0.00166	0.00715	0.02819	0.00320	0.02309
1	0.01261	0.00944	0.01047	0.00886	0.01203	0.00964	0.00699	0.03826	0.39666	0.10139	0.01966	0.01939	0.06616	0.00656	0.00482	0.00146	0.00383	0.01966	0.05213	0.19998
2	0.00729	0.00515	0.00678	0.00678	0.00722	0.00559	0.00464	0.00816	0.00773	0.01074	0.01478	0.02669	0.01560	0.44266	0.40157	0.00646	0.00909	0.00642	0.00289	0.00377
3	0.01014	0.02616	0.79609	0.01441	0.02189	0.01174	0.01868	0.01601	0.01068	0.01601	0.00907	0.01068	0.00641	0.00480	0.00480	0.00160	0.00747	0.00374	0.00214	0.00747
4	0.01797	0.01170	0.01286	0.01008	0.01361	0.01256	0.00826	0.51245	0.04566	0.14652	0.01432	0.01421	0.01012	0.00610	0.00482	0.00148	0.00481	0.00470	0.13981	0.00796
5	0.01845	0.02327	0.01475	0.01426	0.06863	0.74797	0.01016	0.01987	0.01414	0.01266	0.00793	0.00935	0.00662	0.00516	0.00459	0.00132	0.00891	0.00334	0.00260	0.00601
6	0.00739	0.00544	0.00696	0.00663	0.00785	0.00516	0.00495	0.01034	0.05703	0.01982	0.69305	0.09013	0.04493	0.01052	0.00595	0.00163	0.00251	0.00931	0.00548	0.00491
7	0.01036	0.00885	0.01035	0.00745	0.01182	0.00667	0.00595	0.01262	0.01062	0.01662	0.03727	0.01148	0.00895	0.00398	0.00383	0.00078	0.00370	0.00322	0.00309	0.82240
8	0.00745	0.00516	0.00619	0.00612	0.00625	0.00542	0.00377	0.00774	0.00748	0.01015	0.01531	0.03053	0.01721	0.68497	0.13742	0.00529	0.03022	0.00699	0.00299	0.00335
9	0.00705	0.00544	0.00647	0.00623	0.00763	0.00502	0.00466	0.00969	0.05627	0.01794	0.48199	0.07582	0.27480	0.01116	0.00594	0.00165	0.00256	0.00967	0.00523	0.00477
10	0.00630	0.00450	0.00602	0.00720	0.00755	0.00422	0.00493	0.00728	0.00982	0.01306	0.02780	0.76689	0.03315	0.01571	0.00649	0.00207	0.00305	0.06513	0.00469	0.00414
11	0.00955	0.00899	0.01517	0.81013	0.03483	0.01123	0.01404	0.01292	0.01011	0.01292	0.00899	0.01348	0.00674	0.00506	0.00506	0.00169	0.00674	0.00449	0.00225	0.00562
12	0.00733	0.00500	0.00599	0.00599	0.00615	0.00516	0.00365	0.00766	0.00749	0.01015	0.01550	0.03071	0.01735	0.68099	0.16562	0.00548	0.00646	0.00700	0.00300	0.00333
13	0.00803	0.00573	0.00801	0.00917	0.01028	0.00571	0.00794	0.01026	0.01152	0.01500	0.02684	0.10401	0.02937	0.01408	0.00695	0.00231	0.00455	0.71094	0.00466	0.00462
14	0.00621	0.00513	0.00545	0.00537	0.00697	0.00437	0.00403	0.00771	0.01208	0.01497	0.19720	0.04651	0.64190	0.01232	0.00597	0.00168	0.00253	0.01037	0.00487	0.00437
15	0.01352	0.82533	0.02650	0.00865	0.01298	0.02001	0.00865	0.01514	0.01027	0.01190	0.00703	0.00811	0.00649	0.00433	0.00324	0.00108	0.00541	0.00270	0.00216	0.00649
16	0.01320	0.01753	0.15358	0.08988	0.08615	0.25461	0.12218	0.01635	0.02458	0.01433	0.01031	0.01507	0.00885	0.00603	0.00624	0.00164	0.08384	0.06664	0.00265	0.00635
17	0.04566	0.26547	0.28212	0.01443	0.12439	0.15844	0.01307	0.01640	0.01126	0.01443	0.00821	0.00978	0.00664	0.00469	0.00425	0.00137	0.00681	0.00340	0.00232	0.00688
18	0.00625	0.00512	0.00554	0.00565	0.00717	0.00441	0.00427	0.00769	0.01171	0.01443	0.12901	0.10216	0.60737	0.01282	0.00607	0.00176	0.00270	0.05676	0.00479	0.00434
19	0.05899	0.01145	0.01552	0.07794	0.06639	0.03181	0.13777	0.21028	0.13301	0.05352	0.08892	0.01620	0.01322	0.00598	0.00511	0.00157	0.00543	0.00528	0.03483	0.02679
20	0.85801	0.00978	0.00743	0.00665	0.00978	0.01134	0.00548	0.01486	0.00861	0.02269	0.00704	0.00821	0.00548	0.00469	0.00313	0.00156	0.00391	0.00274	0.00313	0.00548
21	0.05004	0.00714	0.00827	0.00694	0.00944	0.00691	0.00555	0.08205	0.01306	0.30118	0.01698	0.01724	0.01212	0.00599	0.00421	0.00136	0.00340	0.00475	0.43687	0.00649
22	0.23971	0.03302	0.01290	0.01100	0.01405	0.42947	0.00859	0.16266	0.01455	0.01880	0.00842	0.00944	0.00664	0.00522	0.00425	0.00141	0.00700	0.00336	0.00320	0.00629
23	0.00870	0.00445	0.00667	0.00667	0.00672	0.00450	0.00450	0.00672	0.00667	0.00895	0.00905	0.01562	0.00900	0.01871	0.06365	0.80550	0.00491	0.00445	0.00222	0.00233
24	0.00663	0.00474	0.00608	0.00655	0.00731	0.00438	0.00461	0.00814	0.01151	0.01582	0.29833	0.44768	0.09829	0.01324	0.00612	0.00183	0.00269	0.01183	0.03985	0.00438
25	0.01184	0.02160	0.53579	0.01357	0.01974	0.01245	0.03940	0.12105	0.14005	0.01903	0.01143	0.01232	0.00824	0.00530	0.00493	0.00161	0.00667	0.00425	0.00304	0.00769
26	0.01171	0.00590	0.00787	0.00762	0.00924	0.00533	0.00570	0.01316	0.01169	0.26324	0.07249	0.42402	0.04929	0.01193	0.00591	0.00185	0.00340	0.05215	0.03185	0.00564
27	0.01202	0.01029	0.01256	0.01176	0.13756	0.03482	0.00792	0.06073	0.01172	0.04177	0.00957	0.01108	0.00777	0.00414	0.00410	0.00096	0.00442	0.00341	0.00313	0.61027
28	0.03589	0.01069	0.01666	0.09362	0.34145	0.01078	0.04037	0.05854	0.01280	0.27428	0.01290	0.01402	0.00928	0.00540	0.00552	0.00158	0.03984	0.00471	0.00386	0.00781
29	0.61137	0.03459	0.02853	0.01918	0.03133	0.06124	0.00661	0.01537	0.02927	0.04637	0.00856	0.01067	0.00699	0.05529	0.00504	0.00175	0.01568	0.00333	0.00316	0.00567
30	0.01407	0.01124	0.01352	0.04643	0.03536	0.01250	0.05583	0.15240	0.47648	0.07276	0.01786	0.01809	0.01346	0.00661	0.00523	0.00168	0.00476	0.02904	0.00483	0.00786
31	0.00738	0.00560	0.00839	0.05740	0.01039	0.00653	0.00658	0.00916	0.00820	0.01168	0.01342	0.02035	0.01266	0.08771	0.70181	0.00752	0.01255	0.00549	0.00270	0.00449
32	0.01416	0.01185	0.04424	0.28676	0.06010	0.01256	0.07323	0.28602	0.04124	0.06699	0.01157	0.01408	0.00864	0.03912	0.00598	0.00174	0.00614	0.00480	0.00365	0.00712

[dist]
# distance from previous block
# <min> <max>
0	8

[block]
# block no. 5 follows, 49 sequences, length 23
# corresponding to MSA columns:
# 833-855
name=unknown_F
#
# <colnr> <probs for GDERKNQSTAVLIFYWHMCP>
#	G	D	E	R	K	N	Q	S	T	A	V	L	I	F	Y	W	H	M	C	P
0	0.04717	0.03935	0.31632	0.06048	0.10727	0.03368	0.12340	0.05097	0.01170	0.07832	0.01023	0.02091	0.00769	0.00512	0.00536	0.00158	0.03740	0.00437	0.00282	0.03588
1	0.07894	0.01097	0.01802	0.19000	0.42663	0.01172	0.06132	0.01503	0.01092	0.04785	0.00990	0.01355	0.00810	0.00516	0.00566	0.00162	0.05365	0.02126	0.00269	0.00703
2	0.03444	0.01096	0.08564	0.09618	0.20641	0.01002	0.04892	0.05730	0.09658	0.04414	0.11831	0.06078	0.02980	0.00727	0.00540	0.00168	0.00517	0.07055	0.00376	0.00667
3	0.06337	0.01266	0.01331	0.01084	0.01438	0.01425	0.00877	0.44552	0.31319	0.02725	0.01509	0.01450	0.01104	0.00630	0.00498	0.00160	0.00487	0.00490	0.00498	0.00820
4	0.01019	0.00971	0.01214	0.24821	0.01816	0.08358	0.00969	0.03774	0.04738	0.01373	0.01479	0.25908	0.01534	0.00933	0.00801	0.00188	0.18497	0.00745	0.00325	0.00537
5	0.01049	0.00525	0.00546	0.00519	0.00661	0.00523	0.00396	0.03822	0.01126	0.06246	0.01654	0.01853	0.01279	0.00592	0.00367	0.00121	0.00257	0.00473	0.77485	0.00506
6	0.01233	0.06042	0.02904	0.02019	0.02521	0.01332	0.69709	0.04722	0.01233	0.01659	0.01012	0.01326	0.00764	0.00434	0.00577	0.00166	0.00822	0.00572	0.00264	0.00687
7	0.00669	0.00499	0.00648	0.02458	0.00821	0.00471	0.00509	0.00828	0.01144	0.01535	0.26147	0.35516	0.15559	0.01439	0.04447	0.00216	0.00341	0.05830	0.00481	0.00442
8	0.01033	0.02495	0.73405	0.01409	0.02120	0.01181	0.01784	0.01687	0.07163	0.01642	0.00998	0.01132	0.00712	0.00497	0.00483	0.00161	0.00720	0.00389	0.00237	0.00752
9	0.00826	0.00537	0.00650	0.00622	0.00773	0.00478	0.00466	0.01005	0.01267	0.09201	0.34185	0.13489	0.28321	0.01122	0.00583	0.00166	0.00269	0.00968	0.04584	0.00489
10	0.01353	0.76432	0.06146	0.00905	0.01347	0.04337	0.00915	0.01534	0.01042	0.01210	0.00715	0.00826	0.00649	0.00438	0.00336	0.00111	0.00562	0.00277	0.00218	0.00652
11	0.00748	0.00527	0.00604	0.00576	0.00732	0.00465	0.00435	0.00931	0.01268	0.05250	0.33671	0.04058	0.40044	0.01099	0.00574	0.00161	0.00256	0.00934	0.07197	0.00470
12	0.00991	0.00719	0.00829	0.00747	0.00927	0.00732	0.00565	0.10865	0.12872	0.04564	0.33730	0.06884	0.11612	0.08483	0.00749	0.00193	0.00337	0.00805	0.02833	0.00562
13	0.00725	0.00533	0.00769	0.00769	0.00845	0.00609	0.00578	0.00875	0.00800	0.01142	0.01394	0.02205	0.01359	0.16765	0.67382	0.00759	0.01212	0.00574	0.00277	0.00427
14	0.01322	0.25294	0.09206	0.03849	0.05451	0.14386	0.01003	0.07632	0.09697	0.01575	0.02948	0.03964	0.01169	0.00724	0.02623	0.00166	0.00616	0.07400	0.00321	0.00653
15	0.01571	0.28751	0.11327	0.01149	0.01540	0.25459	0.01052	0.16299	0.01402	0.01641	0.00848	0.00966	0.00690	0.00522	0.00487	0.00135	0.04854	0.00344	0.00285	0.00678
16	0.00650	0.00490	0.00607	0.00668	0.00762	0.00446	0.00489	0.00789	0.01112	0.01446	0.14372	0.38954	0.25193	0.01394	0.00631	0.00192	0.00296	0.10593	0.00482	0.00432
17	0.00833	0.00801	0.05097	0.01044	0.12189	0.03290	0.00711	0.01095	0.03014	0.01767	0.41530	0.05623	0.19124	0.00962	0.00571	0.00161	0.00350	0.00838	0.00462	0.00537
18	0.05117	0.01217	0.01336	0.01021	0.01421	0.01263	0.00838	0.49915	0.01937	0.09887	0.03455	0.01287	0.00975	0.00569	0.00475	0.00137	0.00492	0.00435	0.00469	0.17754
19	0.01090	0.07496	0.01628	0.19862	0.01827	0.01485	0.01157	0.01258	0.00850	0.01232	0.00722	0.01139	0.00665	0.00761	0.01285	0.00200	0.56127	0.00431	0.00222	0.00563
20	0.06261	0.05008	0.09216	0.04518	0.12672	0.07267	0.02546	0.05433	0.01263	0.23835	0.01208	0.01263	0.00868	0.00505	0.00458	0.00137	0.00542	0.00407	0.00377	0.16216
21	0.01199	0.00935	0.01041	0.00806	0.01168	0.00856	0.00643	0.17407	0.06367	0.02010	0.01413	0.03259	0.05300	0.00549	0.00427	0.00111	0.00389	0.00440	0.11097	0.44584
22	0.01116	0.04494	0.39988	0.01460	0.10587	0.01085	0.06046	0.01637	0.07621	0.06602	0.11657	0.01638	0.02672	0.00587	0.00507	0.00159	0.00604	0.00503	0.00322	0.00716

[dist]
# distance from previous block
# <min> <max>
0	4

[block]
# block no. 6 follows, 49 sequences, length 41
# corresponding to MSA columns:
# 860-900
name=unknown_G
#
# <colnr> <probs for GDERKNQSTAVLIFYWHMCP>
#	G	D	E	R	K	N	Q	S	T	A	V	L	I	F	Y	W	H	M	C	P
0	0.23851	0.01349	0.01294	0.01043	0.01393	0.10585	0.03284	0.39646	0.01749	0.04840	0.05442	0.01240	0.00984	0.00580	0.00458	0.00152	0.00543	0.00425	0.00425	0.00718
1	0.01274	0.05759	0.01928	0.10866	0.53615	0.01263	0.01403	0.03697	0.01140	0.04886	0.00955	0.01241	0.00786	0.00510	0.00605	0.00157	0.08457	0.00442	0.00266	0.00747
2	0.00636	0.00489	0.00583	0.00619	0.00725	0.00436	0.00445	0.00777	0.01150	0.01495	0.21286	0.32599	0.32764	0.01336	0.00617	0.00182	0.00270	0.02667	0.00490	0.00433
3	0.02269	0.00861	0.01174	0.00900	0.01291	0.00743	0.00743	0.02464	0.01447	0.79425	0.01995	0.01721	0.01252	0.00626	0.00509	0.00156	0.00430	0.00509	0.00626	0.00861
4	0.01049	0.00899	0.01049	0.00749	0.01198	0.00674	0.00599	0.01273	0.01049	0.01648	0.00899	0.01049	0.00749	0.00374	0.00374	0.00075	0.00374	0.00300	0.00300	0.85320
5	0.00654	0.00466	0.00596	0.00668	0.00704	0.00452	0.00442	0.00732	0.00908	0.01210	0.02489	0.51319	0.06820	0.20951	0.08853	0.00330	0.00442	0.01164	0.00411	0.00391
6	0.00955	0.00899	0.01517	0.81013	0.03483	0.01123	0.01404	0.01292	0.01011	0.01292	0.00899	0.01348	0.00674	0.00506	0.00506	0.00169	0.00674	0.00449	0.00225	0.00562
7	0.00651	0.00536	0.00574	0.00561	0.00725	0.00471	0.00422	0.00856	0.04300	0.01545	0.21609	0.04502	0.59069	0.01201	0.00594	0.00168	0.00258	0.01013	0.00491	0.00453
8	0.00642	0.00455	0.00600	0.00706	0.00738	0.00431	0.00478	0.00732	0.00960	0.01277	0.02663	0.68776	0.03167	0.09426	0.00837	0.00235	0.00325	0.06696	0.00453	0.00405
9	0.01972	0.01337	0.01468	0.01126	0.01528	0.01450	0.00930	0.66621	0.02244	0.14143	0.01326	0.01287	0.00916	0.00610	0.00506	0.00152	0.00538	0.00463	0.00523	0.00860
10	0.00805	0.00574	0.00640	0.00625	0.00671	0.00596	0.00386	0.01017	0.11618	0.01189	0.04866	0.04793	0.01950	0.65749	0.02163	0.00426	0.00463	0.00735	0.00349	0.00385
11	0.01352	0.82533	0.02650	0.00865	0.01298	0.02001	0.00865	0.01514	0.01027	0.01190	0.00703	0.00811	0.00649	0.00433	0.00324	0.00108	0.00541	0.00270	0.00216	0.00649
12	0.00598	0.00512	0.00512	0.00512	0.00683	0.00427	0.00384	0.00726	0.01153	0.01366	0.05123	0.04866	0.78869	0.01281	0.00598	0.00171	0.00256	0.01067	0.00470	0.00427
13	0.01014	0.02616	0.79609	0.01441	0.02189	0.01174	0.01868	0.01601	0.01068	0.01601	0.00907	0.01068	0.00641	0.00480	0.00480	0.00160	0.00747	0.00374	0.00214	0.00747
14	0.00943	0.00471	0.00471	0.00471	0.00589	0.00471	0.00353	0.01178	0.01060	0.01885	0.01650	0.01885	0.01296	0.00589	0.00353	0.00118	0.00236	0.00471	0.85036	0.00471
15	0.01043	0.00879	0.01614	0.01336	0.01614	0.00841	0.29472	0.01347	0.01179	0.05540	0.01921	0.03500	0.01864	0.00915	0.00617	0.00194	0.00587	0.36336	0.08632	0.00567
16	0.77664	0.00966	0.00785	0.00688	0.01008	0.01096	0.00567	0.01582	0.00918	0.09784	0.00830	0.00909	0.00616	0.00485	0.00332	0.00156	0.00395	0.00297	0.00343	0.00578
17	0.00961	0.01066	0.09123	0.73263	0.03357	0.01128	0.01450	0.01322	0.01017	0.01322	0.00900	0.01321	0.00671	0.00503	0.00503	0.00168	0.00681	0.00442	0.00224	0.00580
18	0.01207	0.01302	0.09450	0.08494	0.55935	0.01200	0.01475	0.01683	0.11040	0.01680	0.01085	0.01323	0.00871	0.00488	0.00501	0.00155	0.00595	0.00459	0.00279	0.00778
19	0.85801	0.00978	0.00743	0.00665	0.00978	0.01134	0.00548	0.01486	0.00861	0.02269	0.00704	0.00821	0.00548	0.00469	0.00313	0.00156	0.00391	0.00274	0.00313	0.00548
20	0.09327	0.00995	0.01397	0.01190	0.01281	0.01288	0.05349	0.01252	0.00875	0.03915	0.05732	0.01388	0.01009	0.01172	0.10906	0.00278	0.51343	0.00479	0.00272	0.00553
21	0.00735	0.00490	0.00552	0.00552	0.00552	0.00490	0.00306	0.00735	0.00735	0.00980	0.01593	0.03309	0.01838	0.82229	0.02574	0.00490	0.00490	0.00735	0.00306	0.00306
22	0.01049	0.00899	0.01049	0.00749	0.01198	0.00674	0.00599	0.01273	0.01049	0.01648	0.00899	0.01049	0.00749	0.00374	0.00374	0.00075	0.00374	0.00300	0.00300	0.85320
23	0.01106	0.21876	0.56652	0.01341	0.01999	0.01380	0.05895	0.01581	0.01065	0.01503	0.00865	0.01022	0.00650	0.00466	0.00449	0.00148	0.00703	0.00361	0.00217	0.00720
24	0.01993	0.00869	0.01145	0.00866	0.01270	0.00728	0.00711	0.02195	0.01357	0.61832	0.01747	0.01569	0.01138	0.00569	0.00478	0.00138	0.00418	0.00461	0.00552	0.19965
25	0.01136	0.17885	0.52630	0.01324	0.04378	0.02685	0.01524	0.01631	0.04345	0.03753	0.01009	0.03739	0.00792	0.00520	0.00458	0.00151	0.00667	0.00403	0.00249	0.00722
26	0.01172	0.01212	0.04499	0.02503	0.47779	0.01183	0.17590	0.01473	0.01106	0.01571	0.01058	0.05591	0.00942	0.02879	0.00680	0.00173	0.07070	0.00539	0.00261	0.00719
27	0.01352	0.82533	0.02650	0.00865	0.01298	0.02001	0.00865	0.01514	0.01027	0.01190	0.00703	0.00811	0.00649	0.00433	0.00324	0.00108	0.00541	0.00270	0.00216	0.00649
28	0.01167	0.00895	0.01061	0.00764	0.01207	0.00681	0.00613	0.01389	0.01087	0.09224	0.01006	0.01114	0.00798	0.00399	0.00388	0.00083	0.00380	0.00320	0.00331	0.77093
29	0.00712	0.00517	0.00671	0.00632	0.00753	0.00476	0.00474	0.00947	0.01423	0.02007	0.76545	0.03811	0.07047	0.01041	0.00596	0.00159	0.00239	0.00919	0.00554	0.00476
30	0.00598	0.00512	0.00512	0.00512	0.00683	0.00427	0.00384	0.00726	0.01153	0.01366	0.05123	0.04866	0.78869	0.01281	0.00598	0.00171	0.00256	0.01067	0.00470	0.00427
31	0.01200	0.01337	0.02805	0.02024	0.02513	0.01277	0.69792	0.01724	0.08690	0.01668	0.01124	0.01415	0.00843	0.00452	0.00589	0.00171	0.00808	0.00594	0.00281	0.00694
32	0.00598	0.00512	0.00512	0.00512	0.00683	0.00427	0.00384	0.00726	0.01153	0.01366	0.05123	0.04866	0.78869	0.01281	0.00598	0.00171	0.00256	0.01067	0.00470	0.00427
33	0.04424	0.00953	0.01218	0.00936	0.01327	0.00887	0.00773	0.14517	0.01582	0.65091	0.01835	0.01616	0.01170	0.00619	0.00503	0.00156	0.00450	0.00494	0.00598	0.00852
34	0.01755	0.02069	0.01300	0.01174	0.01424	0.63794	0.00886	0.06640	0.01439	0.01453	0.00934	0.01071	0.00757	0.00536	0.00444	0.00130	0.00792	0.00355	0.12459	0.00587
35	0.00881	0.00585	0.00726	0.00673	0.00824	0.00569	0.00512	0.01220	0.08336	0.06652	0.52903	0.03224	0.05998	0.01052	0.03932	0.00183	0.00312	0.00798	0.10093	0.00526
36	0.00678	0.00504	0.00633	0.00633	0.00746	0.00459	0.00467	0.00869	0.01290	0.01759	0.49434	0.17828	0.18484	0.01187	0.00608	0.00171	0.00258	0.03015	0.00522	0.00456
37	0.01279	0.01144	0.01772	0.01476	0.06354	0.01209	0.24485	0.12646	0.26370	0.01898	0.01353	0.01520	0.01047	0.00725	0.00764	0.11119	0.03247	0.00534	0.00370	0.00689
38	0.00859	0.01601	0.41666	0.01055	0.01496	0.00833	0.01196	0.01264	0.01198	0.01728	0.30096	0.08194	0.05150	0.00796	0.00540	0.00163	0.00508	0.00678	0.00369	0.00611
39	0.01084	0.01170	0.02458	0.06331	0.02336	0.01138	0.57317	0.01455	0.01106	0.01510	0.01084	0.01490	0.00863	0.01117	0.16834	0.00301	0.00945	0.00577	0.00257	0.00628
40	0.80998	0.01071	0.05211	0.00709	0.01047	0.01137	0.00622	0.01493	0.00872	0.02231	0.00716	0.00835	0.00553	0.00470	0.00322	0.00157	0.00411	0.00279	0.00307	0.00559

[dist]
# distance from previous block
# <min> <max>
0	2

[block]
# block no. 7 follows, 49 sequences, length 67
# corresponding to MSA columns:
# 903-969
name=unknown_H
#
# <colnr> <probs for GDERKNQSTAVLIFYWHMCP>
#	G	D	E	R	K	N	Q	S	T	A	V	L	I	F	Y	W	H	M	C	P
0	0.04023	0.08175	0.18294	0.03615	0.04729	0.03891	0.04918	0.05130	0.16074	0.04670	0.04304	0.01422	0.02093	0.00634	0.00704	0.00168	0.15669	0.00468	0.00329	0.00689
1	0.01112	0.00875	0.01033	0.00763	0.01174	0.00687	0.00608	0.03803	0.01135	0.06090	0.05734	0.03927	0.01109	0.00476	0.00409	0.00091	0.00373	0.00391	0.00346	0.69865
2	0.00728	0.00554	0.00679	0.05166	0.00922	0.00525	0.00525	0.00942	0.04311	0.03322	0.20826	0.20185	0.31085	0.03399	0.00655	0.00187	0.00310	0.04737	0.00476	0.00467
3	0.00955	0.00582	0.00707	0.00652	0.00818	0.00535	0.00490	0.01188	0.04474	0.13440	0.32976	0.08043	0.20617	0.06110	0.00692	0.00183	0.00297	0.00865	0.05853	0.00522
4	0.01106	0.03780	0.02079	0.37798	0.22236	0.01213	0.21564	0.01452	0.01095	0.01466	0.00939	0.01310	0.00730	0.00468	0.00523	0.00162	0.00699	0.00483	0.00239	0.00657
5	0.01717	0.02002	0.01306	0.01173	0.01426	0.60263	0.00887	0.06586	0.01482	0.04027	0.10321	0.01442	0.03997	0.00619	0.00483	0.00137	0.00770	0.00437	0.00331	0.00594
6	0.00701	0.00516	0.00656	0.00621	0.00747	0.00471	0.00466	0.00926	0.01397	0.01947	0.69815	0.03910	0.13814	0.01064	0.00597	0.00160	0.00241	0.00933	0.00546	0.00471
7	0.00727	0.00490	0.00568	0.00585	0.00593	0.00487	0.00347	0.00747	0.00779	0.01037	0.01764	0.11281	0.02040	0.70341	0.02292	0.00450	0.00469	0.04350	0.00330	0.00324
8	0.01009	0.00825	0.00929	0.00849	0.01058	0.00899	0.00652	0.01891	0.42919	0.02075	0.37309	0.02755	0.03026	0.00846	0.00552	0.00166	0.00326	0.00729	0.00534	0.00652
9	0.00629	0.00449	0.00601	0.00718	0.00753	0.00421	0.00491	0.00726	0.00980	0.01305	0.02780	0.77121	0.03317	0.01572	0.00649	0.00207	0.00304	0.06092	0.00469	0.00414
10	0.34755	0.19137	0.01575	0.04852	0.19284	0.10002	0.00934	0.01558	0.01034	0.01733	0.00778	0.00952	0.00645	0.00464	0.00383	0.00142	0.00542	0.00327	0.00268	0.00633
11	0.36560	0.01136	0.03851	0.00908	0.01236	0.01240	0.00753	0.11039	0.34147	0.02288	0.01352	0.01333	0.01015	0.00579	0.00428	0.00162	0.00428	0.00427	0.00419	0.00700
12	0.00943	0.00471	0.00471	0.00471	0.00589	0.00471	0.00353	0.01178	0.01060	0.01885	0.01650	0.01885	0.01296	0.00589	0.00353	0.00118	0.00236	0.00471	0.85036	0.00471
13	0.01127	0.03580	0.01348	0.01676	0.30167	0.00926	0.00964	0.06144	0.07687	0.06935	0.01818	0.31796	0.01854	0.00920	0.00552	0.00172	0.00451	0.00832	0.00396	0.00656
14	0.01155	0.00930	0.01099	0.03432	0.01301	0.00748	0.00655	0.06100	0.01148	0.05193	0.00967	0.01099	0.00776	0.00405	0.00393	0.00086	0.00398	0.00324	0.00325	0.73467
15	0.00598	0.00510	0.00515	0.00519	0.00685	0.00426	0.00387	0.00725	0.01146	0.01363	0.05043	0.07502	0.76285	0.01291	0.00599	0.00172	0.00257	0.01080	0.00470	0.00426
16	0.00932	0.00786	0.00830	0.00744	0.00917	0.08287	0.00566	0.06285	0.01472	0.02006	0.61077	0.03154	0.03853	0.00914	0.00563	0.00150	0.00334	0.00788	0.00508	0.05834
17	0.85801	0.00978	0.00743	0.00665	0.00978	0.01134	0.00548	0.01486	0.00861	0.02269	0.00704	0.00821	0.00548	0.00469	0.00313	0.00156	0.00391	0.00274	0.00313	0.00548
18	0.02068	0.00862	0.01139	0.00896	0.01260	0.00779	0.00732	0.02392	0.09275	0.66682	0.06818	0.01867	0.01502	0.00658	0.00515	0.00158	0.00415	0.00540	0.00610	0.00830
19	0.01184	0.04403	0.14452	0.01594	0.01923	0.03694	0.27473	0.01484	0.01012	0.03481	0.00866	0.01189	0.00710	0.00629	0.00992	0.00186	0.33365	0.00477	0.00244	0.00641
20	0.00716	0.00517	0.00676	0.00636	0.00755	0.00477	0.00477	0.00954	0.01431	0.02028	0.78808	0.03777	0.04771	0.01034	0.00596	0.00159	0.00239	0.00914	0.00557	0.00477
21	0.00710	0.00563	0.00717	0.00811	0.05213	0.00525	0.00588	0.00886	0.01149	0.01477	0.12605	0.11968	0.35327	0.01419	0.05614	0.00227	0.00396	0.18889	0.00454	0.00463
22	0.01354	0.01627	0.29111	0.01151	0.01641	0.01146	0.02539	0.17496	0.15369	0.08606	0.01322	0.01360	0.00957	0.00553	0.00479	0.00150	0.00553	0.00442	0.06033	0.08109
23	0.01222	0.00868	0.00939	0.00805	0.00960	0.02820	0.00583	0.25079	0.01317	0.04576	0.01431	0.02353	0.01397	0.43223	0.01626	0.00329	0.04034	0.00601	0.05310	0.00528
24	0.01267	0.12758	0.46001	0.01437	0.09519	0.02721	0.01488	0.05930	0.01198	0.09373	0.03064	0.01194	0.00840	0.00508	0.00469	0.00151	0.00653	0.00399	0.00285	0.00747
25	0.01256	0.13329	0.07337	0.04886	0.20181	0.02808	0.04377	0.04114	0.30970	0.01786	0.03026	0.01475	0.01132	0.00561	0.00484	0.00154	0.00535	0.00479	0.00358	0.00750
26	0.01014	0.02616	0.79609	0.01441	0.02189	0.01174	0.01868	0.01601	0.01068	0.01601	0.00907	0.01068	0.00641	0.00480	0.00480	0.00160	0.00747	0.00374	0.00214	0.00747
27	0.19355	0.05310	0.19070	0.07982	0.01770	0.03777	0.08499	0.11795	0.01266	0.09368	0.03911	0.01234	0.00882	0.00522	0.00457	0.00153	0.00585	0.00416	0.00336	0.03310
28	0.01211	0.36476	0.40851	0.01235	0.04317	0.01532	0.01388	0.03795	0.01097	0.02663	0.00848	0.00979	0.00665	0.00465	0.00416	0.00137	0.00644	0.00337	0.00231	0.00712
29	0.00709	0.00507	0.00694	0.00811	0.00881	0.00491	0.00632	0.00866	0.01060	0.01395	0.02736	0.46099	0.03140	0.01496	0.00670	0.00218	0.00374	0.36315	0.00468	0.00437
30	0.00616	0.00440	0.00587	0.00704	0.00733	0.00411	0.00469	0.00704	0.00968	0.01291	0.02787	0.81899	0.03344	0.01584	0.00645	0.00205	0.00293	0.01438	0.00469	0.00411
31	0.00976	0.01355	0.29273	0.01173	0.03885	0.00813	0.05781	0.01294	0.01088	0.07470	0.03451	0.25622	0.01888	0.00975	0.00606	0.02249	0.00536	0.10598	0.00365	0.00599
32	0.04291	0.01300	0.09114	0.04265	0.42422	0.03959	0.02602	0.05081	0.01260	0.19026	0.01176	0.01315	0.00871	0.00503	0.00495	0.00153	0.00585	0.00448	0.00343	0.00787
33	0.00878	0.00439	0.00659	0.00659	0.00659	0.00439	0.00439	0.00659	0.00659	0.00878	0.00878	0.01537	0.00878	0.01757	0.01976	0.85288	0.00439	0.00439	0.00220	0.00220
34	0.01816	0.00959	0.01339	0.18045	0.01828	0.00966	0.03610	0.11280	0.05779	0.44616	0.03404	0.01624	0.01161	0.00604	0.00513	0.00160	0.00506	0.00505	0.00505	0.00778
35	0.04656	0.04927	0.01481	0.21110	0.01955	0.03949	0.06398	0.09828	0.07159	0.28420	0.03063	0.01493	0.01046	0.00578	0.00514	0.00159	0.01633	0.00481	0.00427	0.00725
36	0.00728	0.00491	0.00570	0.00576	0.00584	0.00495	0.00336	0.00744	0.00753	0.01010	0.01646	0.07652	0.01887	0.72769	0.07334	0.00494	0.00533	0.00763	0.00313	0.00321
37	0.00698	0.00505	0.00661	0.00664	0.00767	0.00469	0.00494	0.00902	0.01312	0.01826	0.56376	0.19651	0.06744	0.01175	0.00613	0.00173	0.00264	0.05712	0.00531	0.00461
38	0.01076	0.01262	0.09526	0.31870	0.08673	0.03150	0.26655	0.01446	0.01119	0.01502	0.05821	0.01454	0.00968	0.00516	0.00568	0.00167	0.02820	0.00517	0.00258	0.00633
39	0.01369	0.03568	0.23442	0.11236	0.04505	0.01000	0.11147	0.01725	0.01196	0.23427	0.03274	0.04141	0.01147	0.00610	0.00519	0.00164	0.00602	0.04219	0.01998	0.00710
40	0.01298	0.00710	0.00875	0.00742	0.00971	0.00674	0.00586	0.10385	0.01486	0.23024	0.35226	0.02753	0.07257	0.00834	0.00533	0.00153	0.00329	0.00706	0.10836	0.00622
41	0.01352	0.82533	0.02650	0.00865	0.01298	0.02001	0.00865	0.01514	0.01027	0.01190	0.00703	0.00811	0.00649	0.00433	0.00324	0.00108	0.00541	0.00270	0.00216	0.00649
42	0.01055	0.00869	0.01024	0.00744	0.01167	0.00661	0.00594	0.01280	0.01088	0.03708	0.06822	0.01273	0.01066	0.00431	0.00395	0.00083	0.00366	0.00352	0.00328	0.76694
43	0.01352	0.82533	0.02650	0.00865	0.01298	0.02001	0.00865	0.01514	0.01027	0.01190	0.00703	0.00811	0.00649	0.00433	0.00324	0.00108	0.00541	0.00270	0.00216	0.00649
44	0.00622	0.00513	0.00547	0.00546	0.00705	0.00438	0.00411	0.00769	0.01193	0.01472	0.16588	0.06365	0.63697	0.01251	0.00601	0.00171	0.00259	0.02931	0.00483	0.00435
45	0.00625	0.00499	0.00552	0.00576	0.00703	0.00436	0.00418	0.00751	0.01119	0.01394	0.10906	0.20015	0.51154	0.05477	0.00711	0.00195	0.00280	0.03295	0.00469	0.00423
46	0.01258	0.01086	0.01143	0.01029	0.01315	0.01258	0.00800	0.02687	0.78161	0.02115	0.02058	0.01887	0.01544	0.00686	0.00515	0.00172	0.00400	0.00572	0.00515	0.00800
47	0.85801	0.00978	0.00743	0.00665	0.00978	0.01134	0.00548	0.01486	0.00861	0.02269	0.00704	0.00821	0.00548	0.00469	0.00313	0.00156	0.00391	0.00274	0.00313	0.00548
48	0.00722	0.00542	0.00813	0.00813	0.00903	0.00632	0.00632	0.00903	0.00813	0.01174	0.01354	0.01987	0.01264	0.03792	0.80225	0.00813	0.01354	0.00542	0.00271	0.00451
49	0.01889	0.02410	0.01433	0.01303	0.01563	0.80199	0.00977	0.02019	0.01433	0.01238	0.00782	0.00912	0.00651	0.00521	0.00456	0.00130	0.00912	0.00326	0.00261	0.00586
50	0.00725	0.00590	0.00652	0.00623	0.00791	0.00554	0.00471	0.01063	0.11412	0.01692	0.30033	0.04099	0.43207	0.01117	0.00586	0.00167	0.00269	0.00949	0.00505	0.00493
51	0.01450	0.22631	0.06833	0.01502	0.01981	0.01350	0.36931	0.01768	0.01196	0.17799	0.01136	0.01277	0.00831	0.00473	0.00500	0.00151	0.00676	0.00480	0.00321	0.00714
