[name]
unknown

[dist]
# distance from previous block
# <min> <max>
0	676

[block]
# block no. 0 follows, 49 sequences, length 8
# corresponding to MSA columns:
# 678-685
name=unknown_A
#
# <colnr> <probs for GDERKNQSTAVLIFYWHMCP>
#	G	D	E	R	K	N	Q	S	T	A	V	L	I	F	Y	W	H	M	C	P
0	0.11290	0.14215	0.16026	0.01247	0.06188	0.04327	0.03899	0.25764	0.04053	0.04973	0.01070	0.01217	0.00819	0.00542	0.00456	0.00149	0.00585	0.02085	0.00355	0.00739
1	0.03105	0.00790	0.01097	0.06383	0.01264	0.00824	0.05249	0.03996	0.01259	0.16950	0.23048	0.02724	0.17377	0.00880	0.00721	0.00171	0.12407	0.00713	0.00455	0.00587
2	0.01349	0.01225	0.03485	0.04836	0.20263	0.03213	0.07076	0.09765	0.36531	0.04543	0.01517	0.01554	0.01146	0.00583	0.00514	0.00162	0.00533	0.00515	0.00408	0.00783
3	0.00721	0.00498	0.00579	0.00573	0.00609	0.00489	0.00353	0.00777	0.00884	0.01189	0.14456	0.03451	0.08189	0.59605	0.05244	0.00425	0.00466	0.00782	0.00358	0.00349
4	0.01206	0.34304	0.31505	0.01180	0.01722	0.03919	0.06003	0.01635	0.06353	0.01465	0.00907	0.01034	0.00721	0.00467	0.00420	0.00135	0.00630	0.00354	0.00245	0.05796
5	0.00669	0.00473	0.00577	0.00624	0.00665	0.00448	0.00403	0.00744	0.00947	0.01261	0.10572	0.38131	0.09442	0.31149	0.01345	0.00302	0.00357	0.01092	0.00419	0.00381
6	0.04985	0.01272	0.13625	0.01018	0.01437	0.01042	0.00932	0.17830	0.11870	0.22461	0.01516	0.06173	0.01141	0.00624	0.00487	0.00150	0.00486	0.00502	0.00455	0.11994
7	0.31322	0.03637	0.04473	0.12014	0.06707	0.04853	0.08087	0.05021	0.02501	0.03285	0.05520	0.06859	0.01138	0.00610	0.00455	0.00161	0.00525	0.01900	0.00328	0.00602

[dist]
# distance from previous block
# <min> <max>
0	1

[block]
# block no. 1 follows, 49 sequences, length 6
# corresponding to MSA columns:
# 687-692
name=unknown_B
#
# <colnr> <probs for GDERKNQSTAVLIFYWHMCP>
#	G	D	E	R	K	N	Q	S	T	A	V	L	I	F	Y	W	H	M	C	P
0	0.01470	0.08563	0.05938	0.00928	0.01333	0.01075	0.00807	0.19656	0.07288	0.14218	0.04686	0.01390	0.01098	0.00542	0.00448	0.00127	0.00454	0.00426	0.03833	0.25720
1	0.00716	0.00499	0.00604	0.00612	0.00642	0.00510	0.00387	0.00766	0.00792	0.01063	0.01837	0.08432	0.06434	0.56186	0.17932	0.00517	0.00637	0.00764	0.00320	0.00350
2	0.01235	0.12260	0.25205	0.01680	0.20089	0.01261	0.06350	0.08042	0.05607	0.04224	0.04760	0.01514	0.01074	0.00558	0.00493	0.00155	0.00610	0.03844	0.00308	0.00734
3	0.06016	0.00772	0.00878	0.00847	0.01034	0.00835	0.00643	0.01682	0.31655	0.06159	0.07339	0.24524	0.04868	0.01202	0.05926	0.00224	0.00423	0.03884	0.00479	0.00609
4	0.01072	0.01056	0.01483	0.01281	0.01289	0.01467	0.01064	0.01189	0.00778	0.01213	0.00726	0.01185	0.00718	0.01146	0.08713	0.00274	0.74125	0.00451	0.00226	0.00544
5	0.03675	0.01669	0.01406	0.16145	0.06375	0.42770	0.04226	0.01633	0.01257	0.01350	0.03149	0.09692	0.01120	0.00658	0.00500	0.00152	0.00738	0.02621	0.00290	0.00573

[dist]
# distance from previous block
# <min> <max>
5	15

[block]
# block no. 2 follows, 49 sequences, length 79
# corresponding to MSA columns:
# 710-788
name=unknown_C
#
# <colnr> <probs for GDERKNQSTAVLIFYWHMCP>
#	G	D	E	R	K	N	Q	S	T	A	V	L	I	F	Y	W	H	M	C	P
0	0.01361	0.10636	0.17980	0.01256	0.04051	0.13185	0.05147	0.02124	0.31361	0.05732	0.01381	0.01392	0.01040	0.00566	0.00481	0.00154	0.00598	0.00454	0.00364	0.00737
1	0.01262	0.01129	0.06650	0.01066	0.01344	0.01144	0.04906	0.19696	0.23242	0.03475	0.06090	0.01885	0.01417	0.11216	0.07268	0.00260	0.06296	0.00560	0.00416	0.00678
2	0.03044	0.00835	0.01055	0.00861	0.01181	0.00787	0.00693	0.02180	0.15248	0.48978	0.13674	0.02196	0.05514	0.00727	0.00524	0.00160	0.00387	0.00604	0.00583	0.00767
3	0.00997	0.01427	0.27885	0.01104	0.02728	0.00994	0.01097	0.01711	0.24867	0.01747	0.12788	0.01987	0.01685	0.02579	0.12448	0.00268	0.00644	0.02005	0.00372	0.00668
4	0.01558	0.00884	0.01070	0.00910	0.01202	0.00901	0.00729	0.05520	0.27348	0.31845	0.12866	0.02245	0.01911	0.00830	0.02822	0.00184	0.00424	0.04161	0.01839	0.00749
5	0.01509	0.03038	0.01297	0.01113	0.01412	0.20902	0.00868	0.12984	0.46993	0.02030	0.01597	0.01530	0.01209	0.00629	0.00495	0.00157	0.00552	0.00488	0.00445	0.00753
6	0.01118	0.01268	0.11669	0.29991	0.38121	0.01174	0.01495	0.01537	0.05809	0.01548	0.00995	0.01301	0.00782	0.00488	0.00501	0.00159	0.00633	0.00448	0.00253	0.00711
7	0.01064	0.10453	0.65917	0.01435	0.03387	0.01263	0.05043	0.01612	0.02441	0.01571	0.00913	0.01073	0.00666	0.00476	0.00471	0.00155	0.00723	0.00378	0.00222	0.00737
8	0.01035	0.05089	0.73066	0.01460	0.02185	0.01206	0.05866	0.01600	0.01073	0.01589	0.00907	0.01075	0.00648	0.00476	0.00482	0.00159	0.00746	0.00382	0.00216	0.00741
9	0.00800	0.00500	0.00676	0.00756	0.00832	0.00467	0.00546	0.00920	0.01042	0.08611	0.02697	0.63049	0.03084	0.01467	0.00641	0.00205	0.00332	0.12430	0.00483	0.00461
10	0.00658	0.00487	0.00688	0.00758	0.00818	0.00457	0.02934	0.00783	0.01037	0.01393	0.10647	0.65975	0.03382	0.01477	0.00642	0.00201	0.00317	0.06443	0.00471	0.00430
11	0.19744	0.18949	0.17174	0.11030	0.01723	0.03261	0.01083	0.11607	0.03114	0.03743	0.00903	0.01048	0.00694	0.00512	0.00460	0.00150	0.03484	0.00360	0.00295	0.00668
12	0.00746	0.00586	0.00841	0.00814	0.00921	0.00641	0.02806	0.00919	0.00936	0.01290	0.07280	0.02868	0.12178	0.08486	0.45217	0.00559	0.04775	0.07350	0.00335	0.00452
13	0.00926	0.00635	0.00854	0.00799	0.00868	0.00723	0.00589	0.01027	0.00843	0.08411	0.01450	0.05284	0.01461	0.32024	0.28995	0.00519	0.13197	0.00628	0.00317	0.00450
14	0.01210	0.01395	0.17428	0.26773	0.27333	0.02302	0.03680	0.03984	0.02646	0.06923	0.01027	0.01286	0.00773	0.00496	0.00501	0.00159	0.00648	0.00444	0.00274	0.00715
15	0.00948	0.00879	0.00890	0.00906	0.01039	0.12282	0.02560	0.01291	0.13730	0.01458	0.02382	0.42495	0.04704	0.01219	0.00601	0.00191	0.00437	0.11033	0.00440	0.00515
16	0.00815	0.00582	0.00815	0.00931	0.01048	0.00582	0.00815	0.01048	0.01164	0.01513	0.02677	0.05704	0.02910	0.01397	0.00698	0.00233	0.00466	0.75671	0.00466	0.00466
17	0.00749	0.00576	0.00837	0.00818	0.00900	0.00673	0.00633	0.00920	0.00864	0.01246	0.08543	0.02163	0.01581	0.07510	0.63269	0.00694	0.06697	0.00580	0.00296	0.00453
18	0.01197	0.01035	0.01147	0.08055	0.01475	0.01201	0.00836	0.02459	0.67259	0.01999	0.01995	0.06097	0.01563	0.00718	0.00521	0.00173	0.00419	0.00607	0.00487	0.00759
19	0.00782	0.00571	0.00769	0.00868	0.00992	0.00559	0.00750	0.00999	0.01162	0.01491	0.03048	0.05577	0.14410	0.01379	0.00683	0.00223	0.00434	0.64376	0.00466	0.00460
20	0.00955	0.00899	0.01517	0.81013	0.03483	0.01123	0.01404	0.01292	0.01011	0.01292	0.00899	0.01348	0.00674	0.00506	0.00506	0.00169	0.00674	0.00449	0.00225	0.00562
21	0.00955	0.00899	0.01517	0.81013	0.03483	0.01123	0.01404	0.01292	0.01011	0.01292	0.00899	0.01348	0.00674	0.00506	0.00506	0.00169	0.00674	0.00449	0.00225	0.00562
22	0.00815	0.00582	0.00815	0.00931	0.01048	0.00582	0.00815	0.01048	0.01164	0.01513	0.02677	0.05704	0.02910	0.01397	0.00698	0.00233	0.00466	0.75671	0.00466	0.00466
23	0.01014	0.02616	0.79609	0.01441	0.02189	0.01174	0.01868	0.01601	0.01068	0.01601	0.00907	0.01068	0.00641	0.00480	0.00480	0.00160	0.00747	0.00374	0.00214	0.00747
24	0.00598	0.00512	0.00512	0.00512	0.00683	0.00427	0.00384	0.00726	0.01153	0.01366	0.05123	0.04866	0.78869	0.01281	0.00598	0.00171	0.00256	0.01067	0.00470	0.00427
25	0.01327	0.01285	0.10801	0.01082	0.01438	0.01241	0.00939	0.07674	0.59410	0.06240	0.01856	0.01731	0.01370	0.00652	0.00509	0.00168	0.00455	0.00536	0.00483	0.00801
26	0.01269	0.00918	0.00774	0.00704	0.00888	0.14479	0.00540	0.08501	0.01269	0.06020	0.01476	0.01644	0.01141	0.00581	0.00394	0.00125	0.00394	0.00446	0.57890	0.00548
27	0.01352	0.82533	0.02650	0.00865	0.01298	0.02001	0.00865	0.01514	0.01027	0.01190	0.00703	0.00811	0.00649	0.00433	0.00324	0.00108	0.00541	0.00270	0.00216	0.00649
28	0.06196	0.02025	0.01324	0.01183	0.01467	0.58592	0.00897	0.02006	0.11070	0.01442	0.00950	0.01043	0.00768	0.00526	0.00448	0.00132	0.00769	0.00352	0.00299	0.08514
29	0.00982	0.02376	0.69981	0.01393	0.02066	0.01106	0.03959	0.01518	0.01062	0.01573	0.01086	0.08615	0.00896	0.00582	0.00499	0.00165	0.00708	0.00479	0.00239	0.00714
30	0.00722	0.00542	0.00813	0.00813	0.00903	0.00632	0.00632	0.00903	0.00813	0.01174	0.01354	0.01987	0.01264	0.03792	0.80225	0.00813	0.01354	0.00542	0.00271	0.00451
31	0.01202	0.01138	0.01924	0.02874	0.71770	0.01134	0.01452	0.01496	0.01178	0.01687	0.08212	0.01487	0.01171	0.00505	0.00510	0.00151	0.00567	0.00494	0.00279	0.00771
32	0.02016	0.06480	0.01257	0.00917	0.01283	0.00872	0.00771	0.05791	0.04284	0.60336	0.01936	0.02012	0.01357	0.00686	0.00514	0.00161	0.00446	0.07502	0.00573	0.00807
33	0.00975	0.00920	0.01553	0.75661	0.08676	0.01129	0.01414	0.01310	0.01021	0.01317	0.00902	0.01342	0.00683	0.00502	0.00505	0.00167	0.00669	0.00449	0.00226	0.00578
34	0.01650	0.01691	0.01407	0.01359	0.08709	0.36572	0.02207	0.05631	0.25774	0.07921	0.01323	0.01339	0.01008	0.00578	0.00487	0.00149	0.00665	0.00440	0.00380	0.00710
35	0.00598	0.00512	0.00512	0.00512	0.00683	0.00427	0.00384	0.00726	0.01153	0.01366	0.05123	0.04866	0.78869	0.01281	0.00598	0.00171	0.00256	0.01067	0.00470	0.00427
36	0.00965	0.00909	0.01535	0.78337	0.06080	0.01126	0.01409	0.01301	0.01016	0.01304	0.00901	0.01345	0.00678	0.00504	0.00505	0.00168	0.00672	0.00449	0.00226	0.00570
37	0.85801	0.00978	0.00743	0.00665	0.00978	0.01134	0.00548	0.01486	0.00861	0.02269	0.00704	0.00821	0.00548	0.00469	0.00313	0.00156	0.00391	0.00274	0.00313	0.00548
38	0.00735	0.00490	0.00552	0.00552	0.00552	0.00490	0.00306	0.00735	0.00735	0.00980	0.01593	0.03309	0.01838	0.82229	0.02574	0.00490	0.00490	0.00735	0.00306	0.00306
39	0.00912	0.00468	0.00482	0.00493	0.00603	0.00466	0.00364	0.01134	0.01052	0.01830	0.01756	0.09347	0.01487	0.00682	0.00381	0.00126	0.00241	0.00561	0.77149	0.00466
40	0.01106	0.01106	0.01549	0.01328	0.01328	0.01549	0.01106	0.01217	0.00774	0.01217	0.00664	0.01106	0.00664	0.00885	0.01659	0.00221	0.81303	0.00443	0.00221	0.00553
41	0.00616	0.00440	0.00587	0.00704	0.00733	0.00411	0.00469	0.00704	0.00968	0.01291	0.02787	0.81899	0.03344	0.01584	0.00645	0.00205	0.00293	0.01438	0.00469	0.00411
42	0.00722	0.00542	0.00813	0.00813	0.00903	0.00632	0.00632	0.00903	0.00813	0.01174	0.01354	0.01987	0.01264	0.03792	0.80225	0.00813	0.01354	0.00542	0.00271	0.00451
43	0.01352	0.82533	0.02650	0.00865	0.01298	0.02001	0.00865	0.01514	0.01027	0.01190	0.00703	0.00811	0.00649	0.00433	0.00324	0.00108	0.00541	0.00270	0.00216	0.00649
44	0.85801	0.00978	0.00743	0.00665	0.00978	0.01134	0.00548	0.01486	0.00861	0.02269	0.00704	0.00821	0.00548	0.00469	0.00313	0.00156	0.00391	0.00274	0.00313	0.00548
45	0.01177	0.01481	0.10130	0.02067	0.02600	0.01269	0.70209	0.01618	0.01182	0.01618	0.01012	0.01336	0.00755	0.00431	0.00586	0.00170	0.00843	0.00576	0.00252	0.00688
46	0.01014	0.02616	0.79609	0.01441	0.02189	0.01174	0.01868	0.01601	0.01068	0.01601	0.00907	0.01068	0.00641	0.00480	0.00480	0.00160	0.00747	0.00374	0.00214	0.00747
47	0.02269	0.00861	0.01174	0.00900	0.01291	0.00743	0.00743	0.02464	0.01447	0.79425	0.01995	0.01721	0.01252	0.00626	0.00509	0.00156	0.00430	0.00509	0.00626	0.00861
48	0.00708	0.00512	0.00617	0.00591	0.00722	0.00464	0.00443	0.00919	0.01329	0.01853	0.53600	0.03867	0.22560	0.01053	0.00574	0.00158	0.00243	0.00910	0.08414	0.00464
49	0.08209	0.00869	0.01143	0.00883	0.01269	0.00771	0.00729	0.02395	0.01406	0.73938	0.01903	0.01657	0.01202	0.00615	0.00495	0.00156	0.00428	0.00492	0.00604	0.00838
50	0.01125	0.00955	0.01125	0.01005	0.01259	0.01061	0.04809	0.02185	0.53733	0.02018	0.13972	0.02479	0.02115	0.00785	0.00544	0.00173	0.00401	0.07050	0.02499	0.00707
51	0.85801	0.00978	0.00743	0.00665	0.00978	0.01134	0.00548	0.01486	0.00861	0.02269	0.00704	0.00821	0.00548	0.00469	0.00313	0.00156	0.00391	0.00274	0.00313	0.00548
52	0.00673	0.00521	0.00617	0.00610	0.00751	0.00465	0.00468	0.00863	0.01284	0.01690	0.39407	0.04435	0.37046	0.01176	0.00607	0.00171	0.00268	0.07985	0.00510	0.00454
53	0.01287	0.04222	0.37994	0.06907	0.02068	0.24197	0.09223	0.01674	0.01172	0.01449	0.00905	0.02584	0.00711	0.00520	0.00520	0.00154	0.03104	0.00407	0.00237	0.00667
54	0.01932	0.06372	0.13038	0.01010	0.01447	0.02459	0.00941	0.08310	0.03634	0.51585	0.01655	0.01519	0.01088	0.00645	0.01886	0.00165	0.00519	0.00468	0.00512	0.00816
55	0.02067	0.00836	0.01123	0.00876	0.01234	0.00737	0.00717	0.04660	0.01475	0.67503	0.11398	0.01957	0.01671	0.00675	0.00519	0.00157	0.00411	0.00557	0.00614	0.00813
56	0.00672	0.00483	0.00603	0.00678	0.00726	0.00462	0.00462	0.00781	0.02340	0.01261	0.02704	0.47866	0.09965	0.20269	0.01092	0.00270	0.00354	0.08179	0.00432	0.00400
57	0.01435	0.28226	0.08239	0.01226	0.08670	0.08315	0.01002	0.06914	0.22379	0.06950	0.01243	0.01265	0.00963	0.00540	0.00442	0.00142	0.00550	0.00411	0.00352	0.00735
58	0.01034	0.00921	0.01379	0.32995	0.06365	0.00982	0.04889	0.06461	0.01108	0.01533	0.01159	0.11021	0.01061	0.02206	0.00593	0.00158	0.04565	0.00546	0.00296	0.20727
59	0.01216	0.02869	0.32980	0.06878	0.06430	0.05337	0.02740	0.06545	0.17602	0.03093	0.01163	0.01291	0.00874	0.00573	0.00601	0.00166	0.08162	0.00440	0.00310	0.00729
60	0.01352	0.82533	0.02650	0.00865	0.01298	0.02001	0.00865	0.01514	0.01027	0.01190	0.00703	0.00811	0.00649	0.00433	0.00324	0.00108	0.00541	0.00270	0.00216	0.00649
61	0.01857	0.13334	0.01658	0.01114	0.01512	0.06986	0.00935	0.56730	0.02061	0.07203	0.01155	0.01164	0.00838	0.00577	0.00476	0.00144	0.00571	0.00422	0.00454	0.00810
62	0.00850	0.00448	0.00650	0.00647	0.00666	0.00440	0.00437	0.00679	0.00734	0.00973	0.05317	0.01885	0.06444	0.01686	0.01808	0.74910	0.00416	0.00508	0.00255	0.00248
63	0.00651	0.00523	0.00539	0.00529	0.00704	0.00438	0.00399	0.00787	0.01175	0.03643	0.08593	0.04723	0.73056	0.01250	0.00595	0.00170	0.00260	0.01044	0.00478	0.00442
64	0.07066	0.01079	0.01116	0.01004	0.01292	0.01249	0.00783	0.02605	0.72850	0.02126	0.01965	0.01813	0.01475	0.00671	0.00501	0.00170	0.00400	0.00551	0.00501	0.00783
65	0.01841	0.01376	0.01472	0.01147	0.01537	0.01530	0.00942	0.68281	0.11617	0.03056	0.01317	0.01296	0.00943	0.00617	0.00507	0.00154	0.00537	0.00469	0.00507	0.00853
66	0.00722	0.00542	0.00813	0.00813	0.00903	0.00632	0.00632	0.00903	0.00813	0.01174	0.01354	0.01987	0.01264	0.03792	0.80225	0.00813	0.01354	0.00542	0.00271	0.00451
67	0.00955	0.00899	0.01517	0.81013	0.03483	0.01123	0.01404	0.01292	0.01011	0.01292	0.00899	0.01348	0.00674	0.00506	0.00506	0.00169	0.00674	0.00449	0.00225	0.00562
68	0.01164	0.00924	0.00696	0.00665	0.00817	0.19092	0.00499	0.01375	0.01147	0.01734	0.01447	0.01658	0.01146	0.00573	0.00377	0.00121	0.00394	0.00437	0.65236	0.00498
69	0.01106	0.01106	0.01549	0.01328	0.01328	0.01549	0.01106	0.01217	0.00774	0.01217	0.00664	0.01106	0.00664	0.00885	0.01659	0.00221	0.81303	0.00443	0.00221	0.00553
70	0.13492	0.00586	0.00590	0.00550	0.00723	0.00595	0.00426	0.01339	0.01087	0.09561	0.05274	0.01805	0.01350	0.00597	0.00375	0.00129	0.00278	0.00467	0.60257	0.00521
71	0.00822	0.00663	0.00752	0.00730	0.00898	0.00671	0.00555	0.01331	0.21925	0.01749	0.24256	0.12823	0.24712	0.01094	0.00586	0.00175	0.00306	0.04905	0.00505	0.00541
72	0.01478	0.00981	0.08490	0.01063	0.01387	0.00805	0.06145	0.06207	0.01337	0.31226	0.02053	0.03194	0.01800	0.00905	0.00588	0.00188	0.00510	0.30474	0.00491	0.00680
73	0.00627	0.00445	0.00583	0.00690	0.00716	0.00418	0.00454	0.00707	0.00946	0.01262	0.02676	0.74569	0.03204	0.09105	0.00825	0.00232	0.00312	0.01372	0.00454	0.00401
74	0.01584	0.00727	0.00957	0.00829	0.01092	0.00658	0.00666	0.04561	0.01338	0.43145	0.06451	0.15621	0.06880	0.00934	0.00558	0.00173	0.00389	0.09511	0.03246	0.00680
75	0.00955	0.00899	0.01517	0.81013	0.03483	0.01123	0.01404	0.01292	0.01011	0.01292	0.00899	0.01348	0.00674	0.00506	0.00506	0.00169	0.00674	0.00449	0.00225	0.00562
76	0.77887	0.00931	0.00718	0.00647	0.00942	0.01073	0.00530	0.01458	0.00879	0.02233	0.00792	0.00921	0.00617	0.00481	0.00317	0.00153	0.00377	0.00292	0.08214	0.00541
77	0.60290	0.06617	0.01015	0.00764	0.01106	0.01197	0.00641	0.10360	0.01117	0.11569	0.00918	0.00974	0.00675	0.00502	0.00359	0.00153	0.00425	0.00323	0.00366	0.00628
78	0.01586	0.02916	0.09721	0.01144	0.01542	0.02735	0.03138	0.30413	0.29477	0.09624	0.01537	0.01480	0.01110	0.00614	0.00505	0.00160	0.00523	0.00492	0.00472	0.00813

[dist]
# distance from previous block
# <min> <max>
0	4

[block]
# block no. 3 follows, 49 sequences, length 58
# corresponding to MSA columns:
# 793-850
name=unknown_D
#
# <colnr> <probs for GDERKNQSTAVLIFYWHMCP>
#	G	D	E	R	K	N	Q	S	T	A	V	L	I	F	Y	W	H	M	C	P
0	0.00716	0.00517	0.00676	0.00636	0.00755	0.00477	0.00477	0.00954	0.01431	0.02028	0.78808	0.03777	0.04771	0.01034	0.00596	0.00159	0.00239	0.00914	0.00557	0.00477
1	0.03409	0.01518	0.21492	0.05795	0.27088	0.01175	0.06552	0.09545	0.05557	0.09804	0.01164	0.02657	0.00883	0.00526	0.00502	0.00158	0.00615	0.00467	0.00325	0.00767
2	0.11137	0.12522	0.07011	0.05697	0.06020	0.02624	0.14600	0.19339	0.01423	0.11695	0.01117	0.01283	0.00835	0.00528	0.00476	0.00153	0.00598	0.01853	0.00361	0.00725
3	0.00665	0.00515	0.00606	0.00583	0.00725	0.00456	0.00437	0.00857	0.01312	0.01745	0.47374	0.04242	0.36381	0.01139	0.00597	0.00164	0.00246	0.00980	0.00520	0.00456
4	0.00643	0.00467	0.00585	0.00650	0.00707	0.00432	0.00439	0.00747	0.01030	0.01368	0.13849	0.50658	0.13333	0.11587	0.00874	0.00230	0.00305	0.01225	0.00461	0.00409
5	0.31216	0.01128	0.05193	0.00886	0.01260	0.06672	0.00760	0.05072	0.01260	0.39759	0.01369	0.01295	0.00915	0.00555	0.00435	0.00155	0.00473	0.00404	0.00464	0.00726
6	0.01014	0.02616	0.79609	0.01441	0.02189	0.01174	0.01868	0.01601	0.01068	0.01601	0.00907	0.01068	0.00641	0.00480	0.00480	0.00160	0.00747	0.00374	0.00214	0.00747
7	0.00616	0.00440	0.00587	0.00704	0.00733	0.00411	0.00469	0.00704	0.00968	0.01291	0.02787	0.81899	0.03344	0.01584	0.00645	0.00205	0.00293	0.01438	0.00469	0.00411
8	0.00722	0.00491	0.00584	0.00610	0.00626	0.00489	0.00378	0.00758	0.00804	0.01072	0.01848	0.15572	0.02130	0.61572	0.04557	0.00438	0.00485	0.06184	0.00342	0.00338
9	0.85801	0.00978	0.00743	0.00665	0.00978	0.01134	0.00548	0.01486	0.00861	0.02269	0.00704	0.00821	0.00548	0.00469	0.00313	0.00156	0.00391	0.00274	0.00313	0.00548
10	0.01188	0.01214	0.01280	0.07069	0.13245	0.20028	0.02267	0.01446	0.06265	0.01392	0.04189	0.05794	0.01437	0.11961	0.03263	0.00233	0.08231	0.08616	0.00319	0.00563
11	0.04554	0.01135	0.04247	0.05773	0.20604	0.01115	0.04559	0.18194	0.02911	0.19355	0.03247	0.01659	0.06593	0.00618	0.00546	0.00159	0.03040	0.00519	0.00416	0.00756
12	0.12385	0.16291	0.12565	0.01077	0.01465	0.14094	0.02493	0.09817	0.10705	0.07889	0.01095	0.01159	0.00833	0.00543	0.00476	0.00147	0.03429	0.00387	0.02458	0.00690
13	0.85801	0.00978	0.00743	0.00665	0.00978	0.01134	0.00548	0.01486	0.00861	0.02269	0.00704	0.00821	0.00548	0.00469	0.00313	0.00156	0.00391	0.00274	0.00313	0.00548
14	0.01590	0.00879	0.02592	0.00982	0.01293	0.00817	0.06745	0.07107	0.06019	0.37437	0.13168	0.03667	0.01824	0.01058	0.09025	0.00233	0.00545	0.03787	0.00517	0.00715
15	0.01340	0.01008	0.01093	0.00932	0.01223	0.01093	0.00739	0.21018	0.34072	0.07828	0.08150	0.02377	0.15337	0.00794	0.00533	0.00164	0.00404	0.00652	0.00516	0.00729
16	0.29722	0.01080	0.01427	0.11537	0.28604	0.02586	0.01088	0.01516	0.01013	0.06011	0.00882	0.01121	0.00706	0.00526	0.00575	0.00163	0.10110	0.00391	0.00286	0.00656
17	0.83710	0.00975	0.00754	0.00671	0.00986	0.01125	0.00553	0.01511	0.00875	0.04200	0.00736	0.00844	0.00565	0.00473	0.00318	0.00156	0.00392	0.00280	0.00321	0.00555
18	0.01252	0.01201	0.02053	0.03104	0.79074	0.01201	0.01552	0.01552	0.01151	0.01652	0.00951	0.01252	0.00801	0.00451	0.00501	0.00150	0.00601	0.00451	0.00250	0.00801
19	0.85801	0.00978	0.00743	0.00665	0.00978	0.01134	0.00548	0.01486	0.00861	0.02269	0.00704	0.00821	0.00548	0.00469	0.00313	0.00156	0.00391	0.00274	0.00313	0.00548
20	0.85801	0.00978	0.00743	0.00665	0.00978	0.01134	0.00548	0.01486	0.00861	0.02269	0.00704	0.00821	0.00548	0.00469	0.00313	0.00156	0.00391	0.00274	0.00313	0.00548
21	0.01922	0.01416	0.01518	0.01163	0.01568	0.01568	0.00961	0.77388	0.02378	0.03187	0.01214	0.01214	0.00860	0.00607	0.00506	0.00152	0.00556	0.00455	0.00506	0.00860
22	0.00815	0.00582	0.00815	0.00931	0.01048	0.00582	0.00815	0.01048	0.01164	0.01513	0.02677	0.05704	0.02910	0.01397	0.00698	0.00233	0.00466	0.75671	0.00466	0.00466
23	0.01106	0.01106	0.01549	0.01328	0.01328	0.01549	0.01106	0.01217	0.00774	0.01217	0.00664	0.01106	0.00664	0.00885	0.01659	0.00221	0.81303	0.00443	0.00221	0.00553
24	0.00753	0.00510	0.00609	0.00635	0.00661	0.00510	0.00418	0.00804	0.00830	0.01098	0.01832	0.03836	0.02074	0.64455	0.02161	0.00434	0.00485	0.17212	0.00341	0.00341
25	0.00722	0.00542	0.00813	0.00813	0.00903	0.00632	0.00632	0.00903	0.00813	0.01174	0.01354	0.01987	0.01264	0.03792	0.80225	0.00813	0.01354	0.00542	0.00271	0.00451
26	0.01769	0.02083	0.07159	0.01462	0.09382	0.49115	0.01096	0.18675	0.01588	0.01738	0.00904	0.01024	0.00712	0.00530	0.00473	0.00139	0.00790	0.00370	0.00311	0.00680
27	0.01237	0.01180	0.01980	0.02934	0.73451	0.01163	0.01483	0.01532	0.01144	0.01652	0.00947	0.01237	0.00797	0.00445	0.00492	0.00145	0.00584	0.00440	0.00254	0.06904
28	0.01350	0.01692	0.29063	0.02015	0.30986	0.01187	0.05650	0.10077	0.01292	0.10239	0.01082	0.01240	0.00798	0.00496	0.00500	0.00156	0.00642	0.00438	0.00307	0.00789
29	0.01420	0.01634	0.12704	0.01397	0.03192	0.18927	0.09067	0.07527	0.02525	0.07096	0.00970	0.02679	0.00794	0.00660	0.00879	0.00174	0.26958	0.00450	0.00294	0.00654
30	0.04414	0.02205	0.01400	0.05626	0.01631	0.69239	0.00977	0.03696	0.01396	0.01316	0.00813	0.00972	0.00672	0.00617	0.02794	0.00154	0.00887	0.00340	0.00266	0.00586
31	0.00735	0.00490	0.00552	0.00552	0.00552	0.00490	0.00306	0.00735	0.00735	0.00980	0.01593	0.03309	0.01838	0.82229	0.02574	0.00490	0.00490	0.00735	0.00306	0.00306
32	0.00736	0.00517	0.00708	0.00708	0.00760	0.00569	0.00501	0.00828	0.00776	0.01086	0.01416	0.02449	0.01455	0.32591	0.47323	0.05316	0.00986	0.00608	0.00281	0.00385
33	0.85801	0.00978	0.00743	0.00665	0.00978	0.01134	0.00548	0.01486	0.00861	0.02269	0.00704	0.00821	0.00548	0.00469	0.00313	0.00156	0.00391	0.00274	0.00313	0.00548
34	0.85801	0.00978	0.00743	0.00665	0.00978	0.01134	0.00548	0.01486	0.00861	0.02269	0.00704	0.00821	0.00548	0.00469	0.00313	0.00156	0.00391	0.00274	0.00313	0.00548
35	0.01416	0.01276	0.02526	0.01829	0.02292	0.01225	0.56191	0.07210	0.01302	0.14264	0.01178	0.01400	0.00848	0.00491	0.00621	0.00169	0.04147	0.00566	0.00332	0.00718
36	0.81395	0.00972	0.00766	0.00677	0.00994	0.01114	0.00558	0.01538	0.00892	0.06338	0.00772	0.00869	0.00585	0.00478	0.00323	0.00156	0.00393	0.00286	0.00329	0.00564
37	0.00598	0.00512	0.00512	0.00512	0.00683	0.00427	0.00384	0.00726	0.01153	0.01366	0.05123	0.04866	0.78869	0.01281	0.00598	0.00171	0.00256	0.01067	0.00470	0.00427
38	0.00716	0.00517	0.00676	0.00636	0.00755	0.00477	0.00477	0.00954	0.01431	0.02028	0.78808	0.03777	0.04771	0.01034	0.00596	0.00159	0.00239	0.00914	0.00557	0.00477
39	0.79769	0.00969	0.00774	0.00682	0.01001	0.01106	0.00562	0.01557	0.00903	0.07840	0.00797	0.00886	0.00598	0.00481	0.00327	0.00156	0.00394	0.00291	0.00336	0.00570
40	0.02269	0.00861	0.01174	0.00900	0.01291	0.00743	0.00743	0.02464	0.01447	0.79425	0.01995	0.01721	0.01252	0.00626	0.00509	0.00156	0.00430	0.00509	0.00626	0.00861
41	0.01194	0.01364	0.02984	0.02131	0.02643	0.01279	0.77238	0.01620	0.01194	0.01620	0.01023	0.01364	0.00767	0.00426	0.00597	0.00171	0.00853	0.00597	0.00256	0.00682
42	0.00755	0.00558	0.00710	0.00665	0.00796	0.00533	0.00500	0.01079	0.06972	0.02034	0.73266	0.03641	0.04538	0.01009	0.00590	0.00160	0.00250	0.00890	0.00554	0.00500
43	0.01049	0.00899	0.01049	0.00749	0.01198	0.00674	0.00599	0.01273	0.01049	0.01648	0.00899	0.01049	0.00749	0.00374	0.00374	0.00075	0.00374	0.00300	0.00300	0.85320
44	0.00704	0.00515	0.00661	0.00628	0.00749	0.00472	0.00470	0.00931	0.01399	0.01960	0.71393	0.05774	0.10319	0.01066	0.00598	0.00161	0.00241	0.00939	0.00548	0.00472
45	0.85801	0.00978	0.00743	0.00665	0.00978	0.01134	0.00548	0.01486	0.00861	0.02269	0.00704	0.00821	0.00548	0.00469	0.00313	0.00156	0.00391	0.00274	0.00313	0.00548
46	0.01474	0.00839	0.01019	0.00874	0.01148	0.00845	0.00688	0.02106	0.28263	0.30565	0.20225	0.05856	0.02280	0.00786	0.00538	0.00165	0.00368	0.00668	0.00564	0.00729
47	0.85801	0.00978	0.00743	0.00665	0.00978	0.01134	0.00548	0.01486	0.00861	0.02269	0.00704	0.00821	0.00548	0.00469	0.00313	0.00156	0.00391	0.00274	0.00313	0.00548
48	0.00653	0.00473	0.00610	0.00707	0.00755	0.00446	0.00479	0.02953	0.01020	0.01351	0.02869	0.75319	0.07404	0.01539	0.00639	0.00202	0.00299	0.01388	0.00470	0.00425
49	0.09580	0.00887	0.01146	0.00887	0.01272	0.00802	0.00732	0.04584	0.01423	0.70418	0.01859	0.01627	0.01178	0.00612	0.00491	0.00156	0.00431	0.00486	0.00595	0.00833
50	0.00735	0.00490	0.00552	0.00552	0.00552	0.00490	0.00306	0.00735	0.00735	0.00980	0.01593	0.03309	0.01838	0.82229	0.02574	0.00490	0.00490	0.00735	0.00306	0.00306
51	0.02188	0.00950	0.03630	0.00933	0.01334	0.00812	0.00791	0.06394	0.03241	0.71214	0.01921	0.01678	0.01219	0.00622	0.00508	0.00157	0.00446	0.00503	0.00604	0.00856
52	0.01763	0.06183	0.07146	0.01192	0.01538	0.27348	0.01009	0.29820	0.01679	0.08283	0.01051	0.01127	0.00789	0.00582	0.00562	0.00148	0.06754	0.00400	0.01906	0.00720
53	0.01213	0.01180	0.02046	0.10363	0.62886	0.01215	0.06983	0.01517	0.01124	0.01596	0.00939	0.01262	0.00780	0.00473	0.00560	0.00157	0.04240	0.00461	0.00247	0.00759
54	0.00723	0.00539	0.00798	0.00798	0.00884	0.00624	0.00614	0.00894	0.00808	0.01163	0.01368	0.02059	0.01296	0.08084	0.75976	0.00795	0.01307	0.00552	0.00273	0.00444
55	0.01622	0.01859	0.01504	0.05836	0.18302	0.49061	0.01080	0.03564	0.01339	0.03681	0.01015	0.06887	0.00902	0.00587	0.00485	0.00143	0.00765	0.00448	0.00288	0.00633
56	0.01413	0.01003	0.01334	0.05378	0.03824	0.01194	0.00946	0.04049	0.17040	0.20456	0.01363	0.01501	0.01043	0.00949	0.06685	0.00231	0.30017	0.00493	0.00393	0.00689
57	0.01277	0.01374	0.05678	0.01913	0.35288	0.14514	0.01149	0.02910	0.04064	0.01607	0.01182	0.01358	0.05055	0.00504	0.00469	0.00132	0.00582	0.00429	0.00288	0.20228

[dist]
# distance from previous block
# <min> <max>
0	8

[block]
# block no. 4 follows, 49 sequences, length 57
# corresponding to MSA columns:
# 859-915
name=unknown_E
#
# <colnr> <probs for GDERKNQSTAVLIFYWHMCP>
#	G	D	E	R	K	N	Q	S	T	A	V	L	I	F	Y	W	H	M	C	P
0	0.34619	0.01198	0.14134	0.04022	0.01356	0.00952	0.00829	0.01472	0.01000	0.07148	0.00972	0.04217	0.00785	0.00500	0.00393	0.00136	0.00456	0.00367	0.00316	0.25128
1	0.42313	0.23975	0.16655	0.00893	0.01327	0.01401	0.00910	0.04704	0.01011	0.01878	0.00765	0.00883	0.00607	0.00467	0.00357	0.00144	0.00509	0.00300	0.00275	0.00628
2	0.41098	0.05133	0.35371	0.01108	0.03482	0.01193	0.02999	0.01543	0.00973	0.01901	0.00807	0.00952	0.00604	0.00471	0.00398	0.00156	0.00569	0.00329	0.00263	0.00649
3	0.01042	0.02848	0.04161	0.01341	0.18440	0.03156	0.00871	0.01276	0.02692	0.03313	0.01453	0.23018	0.01479	0.00764	0.00546	0.00143	0.04157	0.00661	0.00337	0.28301
4	0.00869	0.00630	0.00843	0.00928	0.01058	0.00643	0.00799	0.03661	0.04756	0.01576	0.02557	0.05282	0.02736	0.04542	0.00758	0.00237	0.00467	0.66708	0.00463	0.00488
5	0.01293	0.01299	0.01198	0.00929	0.01330	0.21199	0.02585	0.01498	0.01159	0.03086	0.00893	0.01034	0.00734	0.00419	0.00404	0.00093	0.00526	0.00318	0.00295	0.59708
6	0.00792	0.00498	0.00577	0.00557	0.00682	0.00469	0.00418	0.01018	0.01254	0.01898	0.40159	0.03149	0.11580	0.00885	0.00500	0.00144	0.00239	0.00756	0.33953	0.00469
7	0.02087	0.01003	0.01238	0.00959	0.01340	0.00974	0.00789	0.22424	0.04722	0.53110	0.01776	0.01598	0.01160	0.00622	0.00502	0.00154	0.00455	0.00495	0.03746	0.00843
8	0.00621	0.00508	0.00549	0.00557	0.00706	0.00436	0.00415	0.00763	0.01174	0.01454	0.15071	0.11869	0.59842	0.01277	0.00604	0.00174	0.00262	0.02802	0.00482	0.00433
9	0.09213	0.00996	0.01145	0.00947	0.01290	0.01035	0.00762	0.07076	0.32317	0.36822	0.01858	0.01677	0.01283	0.00635	0.00494	0.00162	0.00422	0.00510	0.00546	0.00809
10	0.00959	0.00564	0.00723	0.00773	0.00909	0.00556	0.00653	0.01191	0.01148	0.07056	0.02280	0.04127	0.02246	0.01068	0.00568	0.00188	0.00385	0.44852	0.29260	0.00495
11	0.00728	0.00520	0.00702	0.00702	0.00754	0.00572	0.00494	0.00832	0.00780	0.01092	0.01456	0.02548	0.01508	0.37081	0.47269	0.00676	0.00988	0.00624	0.00286	0.00390
12	0.85801	0.00978	0.00743	0.00665	0.00978	0.01134	0.00548	0.01486	0.00861	0.02269	0.00704	0.00821	0.00548	0.00469	0.00313	0.00156	0.00391	0.00274	0.00313	0.00548
13	0.01352	0.82533	0.02650	0.00865	0.01298	0.02001	0.00865	0.01514	0.01027	0.01190	0.00703	0.00811	0.00649	0.00433	0.00324	0.00108	0.00541	0.00270	0.00216	0.00649
14	0.85801	0.00978	0.00743	0.00665	0.00978	0.01134	0.00548	0.01486	0.00861	0.02269	0.00704	0.00821	0.00548	0.00469	0.00313	0.00156	0.00391	0.00274	0.00313	0.00548
15	0.02254	0.00884	0.01188	0.00911	0.01302	0.00778	0.00752	0.05611	0.01486	0.76223	0.01962	0.01700	0.01235	0.00625	0.00508	0.00156	0.00436	0.00506	0.00621	0.00861
16	0.02234	0.00916	0.01208	0.00926	0.01318	0.00825	0.00765	0.09932	0.01540	0.71826	0.01917	0.01671	0.01213	0.00624	0.00508	0.00156	0.00443	0.00503	0.00614	0.00861
17	0.01889	0.02410	0.01433	0.01303	0.01563	0.80199	0.00977	0.02019	0.01433	0.01238	0.00782	0.00912	0.00651	0.00521	0.00456	0.00130	0.00912	0.00326	0.00261	0.00586
18	0.01194	0.01364	0.02984	0.02131	0.02643	0.01279	0.77238	0.01620	0.01194	0.01620	0.01023	0.01364	0.00767	0.00426	0.00597	0.00171	0.00853	0.00597	0.00256	0.00682
19	0.85801	0.00978	0.00743	0.00665	0.00978	0.01134	0.00548	0.01486	0.00861	0.02269	0.00704	0.00821	0.00548	0.00469	0.00313	0.00156	0.00391	0.00274	0.00313	0.00548
20	0.01194	0.01364	0.02984	0.02131	0.02643	0.01279	0.77238	0.01620	0.01194	0.01620	0.01023	0.01364	0.00767	0.00426	0.00597	0.00171	0.00853	0.00597	0.00256	0.00682
21	0.00632	0.00514	0.00559	0.00548	0.00704	0.00441	0.00411	0.00792	0.01233	0.01557	0.26342	0.04553	0.57531	0.01210	0.00597	0.00167	0.00251	0.01023	0.00495	0.00441
22	0.00852	0.00451	0.00650	0.00650	0.00654	0.00454	0.00429	0.00680	0.00676	0.00905	0.00998	0.01804	0.01029	0.13132	0.05300	0.69891	0.00484	0.00485	0.00234	0.00241
23	0.01014	0.02616	0.79609	0.01441	0.02189	0.01174	0.01868	0.01601	0.01068	0.01601	0.00907	0.01068	0.00641	0.00480	0.00480	0.00160	0.00747	0.00374	0.00214	0.00747
24	0.04140	0.00976	0.01233	0.00948	0.01340	0.00920	0.00783	0.17655	0.01623	0.62151	0.01806	0.01597	0.01156	0.00618	0.00503	0.00156	0.00455	0.00492	0.00594	0.00853
25	0.02126	0.00856	0.01149	0.00895	0.01264	0.00757	0.00738	0.05428	0.01478	0.69769	0.06678	0.01917	0.01489	0.00668	0.00518	0.00158	0.00425	0.02245	0.00613	0.00828
26	0.01889	0.02410	0.01433	0.01303	0.01563	0.80199	0.00977	0.02019	0.01433	0.01238	0.00782	0.00912	0.00651	0.00521	0.00456	0.00130	0.00912	0.00326	0.00261	0.00586
27	0.00815	0.00582	0.00815	0.00931	0.01048	0.00582	0.00815	0.01048	0.01164	0.01513	0.02677	0.05704	0.02910	0.01397	0.00698	0.00233	0.00466	0.75671	0.00466	0.00466
28	0.02192	0.00913	0.01193	0.00918	0.01303	0.00829	0.00757	0.10962	0.01542	0.68548	0.01896	0.01668	0.01208	0.00623	0.00504	0.00155	0.00439	0.00501	0.02999	0.00849
29	0.02079	0.01092	0.01339	0.01211	0.09941	0.06731	0.00881	0.13158	0.01548	0.54094	0.01678	0.01537	0.01101	0.00596	0.00503	0.00153	0.00503	0.00481	0.00540	0.00834
30	0.00616	0.00442	0.00585	0.00699	0.00732	0.00411	0.00467	0.00705	0.00973	0.01293	0.02845	0.79991	0.05215	0.01577	0.00644	0.00205	0.00292	0.01428	0.00469	0.00411
31	0.00878	0.00439	0.00659	0.00659	0.00659	0.00439	0.00439	0.00659	0.00659	0.00878	0.00878	0.01537	0.00878	0.01757	0.01976	0.85288	0.00439	0.00439	0.00220	0.00220
32	0.01282	0.04923	0.01995	0.02729	0.63646	0.06142	0.01445	0.01548	0.01129	0.01566	0.00903	0.01197	0.00772	0.00494	0.00597	0.00154	0.08041	0.00434	0.00247	0.00758
33	0.00616	0.00440	0.00587	0.00704	0.00733	0.00411	0.00469	0.00704	0.00968	0.01291	0.02787	0.81899	0.03344	0.01584	0.00645	0.00205	0.00293	0.01438	0.00469	0.00411
34	0.01049	0.00899	0.01049	0.00749	0.01198	0.00674	0.00599	0.01273	0.01049	0.01648	0.00899	0.01049	0.00749	0.00374	0.00374	0.00075	0.00374	0.00300	0.00300	0.85320
35	0.01217	0.00698	0.00972	0.00902	0.01112	0.00665	0.03575	0.04824	0.01331	0.20735	0.16558	0.05082	0.02623	0.01040	0.00606	0.00189	0.00421	0.32990	0.03868	0.00589
36	0.00605	0.00511	0.00523	0.00524	0.00688	0.00429	0.00392	0.00738	0.01163	0.01400	0.09082	0.06876	0.72796	0.01275	0.00599	0.00171	0.00256	0.01069	0.00474	0.00429
37	0.00716	0.00494	0.00559	0.00561	0.00587	0.00487	0.00333	0.00741	0.00794	0.01042	0.02032	0.05022	0.11116	0.67401	0.05721	0.00460	0.00496	0.00781	0.00328	0.00329
38	0.00974	0.00492	0.00518	0.00504	0.00629	0.00484	0.00377	0.01199	0.01090	0.05115	0.07124	0.02069	0.01562	0.03859	0.00465	0.00137	0.00254	0.00515	0.72152	0.00482
39	0.00653	0.00506	0.00510	0.00509	0.00671	0.00435	0.00382	0.00800	0.01146	0.01462	0.06576	0.04387	0.65154	0.01169	0.00561	0.00162	0.00253	0.00973	0.13255	0.00435
40	0.01014	0.02616	0.79609	0.01441	0.02189	0.01174	0.01868	0.01601	0.01068	0.01601	0.00907	0.01068	0.00641	0.00480	0.00480	0.00160	0.00747	0.00374	0.00214	0.00747
41	0.01889	0.02410	0.01433	0.01303	0.01563	0.80199	0.00977	0.02019	0.01433	0.01238	0.00782	0.00912	0.00651	0.00521	0.00456	0.00130	0.00912	0.00326	0.00261	0.00586
42	0.01889	0.02410	0.01433	0.01303	0.01563	0.80199	0.00977	0.02019	0.01433	0.01238	0.00782	0.00912	0.00651	0.00521	0.00456	0.00130	0.00912	0.00326	0.00261	0.00586
43	0.01205	0.01312	0.05353	0.03872	0.01935	0.03276	0.29390	0.06662	0.01075	0.01521	0.00855	0.01210	0.00715	0.00659	0.01075	0.00191	0.38312	0.00495	0.00254	0.00631
44	0.00722	0.00542	0.00813	0.00813	0.00903	0.00632	0.00632	0.00903	0.00813	0.01174	0.01354	0.01987	0.01264	0.03792	0.80225	0.00813	0.01354	0.00542	0.00271	0.00451
45	0.85801	0.00978	0.00743	0.00665	0.00978	0.01134	0.00548	0.01486	0.00861	0.02269	0.00704	0.00821	0.00548	0.00469	0.00313	0.00156	0.00391	0.00274	0.00313	0.00548
46	0.00815	0.00582	0.00815	0.00931	0.01048	0.00582	0.00815	0.01048	0.01164	0.01513	0.02677	0.05704	0.02910	0.01397	0.00698	0.00233	0.00466	0.75671	0.00466	0.00466
47	0.85801	0.00978	0.00743	0.00665	0.00978	0.01134	0.00548	0.01486	0.00861	0.02269	0.00704	0.00821	0.00548	0.00469	0.00313	0.00156	0.00391	0.00274	0.00313	0.00548
48	0.01258	0.01086	0.01143	0.01029	0.01315	0.01258	0.00800	0.02687	0.78161	0.02115	0.02058	0.01887	0.01544	0.00686	0.00515	0.00172	0.00400	0.00572	0.00515	0.00800
49	0.01922	0.01416	0.01518	0.01163	0.01568	0.01568	0.00961	0.77388	0.02378	0.03187	0.01214	0.01214	0.00860	0.00607	0.00506	0.00152	0.00556	0.00455	0.00506	0.00860
50	0.00974	0.00790	0.00912	0.00907	0.04626	0.00826	0.00667	0.03384	0.29770	0.03107	0.19888	0.03285	0.20858	0.00950	0.00567	0.00172	0.00348	0.06856	0.00499	0.00614
51	0.01267	0.15153	0.40634	0.01493	0.07789	0.07303	0.08265	0.08033	0.01223	0.02969	0.00923	0.01078	0.00695	0.00482	0.00468	0.00149	0.00703	0.00388	0.00256	0.00729
52	0.00955	0.00899	0.01517	0.81013	0.03483	0.01123	0.01404	0.01292	0.01011	0.01292	0.00899	0.01348	0.00674	0.00506	0.00506	0.00169	0.00674	0.00449	0.00225	0.00562
53	0.01506	0.01258	0.01534	0.01247	0.01445	0.01558	0.01035	0.38527	0.01560	0.02182	0.00933	0.01159	0.00760	0.00749	0.01094	0.00187	0.41752	0.00449	0.00361	0.00703
54	0.01862	0.01386	0.01484	0.01151	0.01545	0.01540	0.00947	0.70618	0.09246	0.03090	0.01291	0.01275	0.00922	0.00614	0.00507	0.00154	0.00542	0.00466	0.00507	0.00855
55	0.01750	0.01337	0.01381	0.01102	0.01437	0.07826	0.00898	0.54402	0.01995	0.06082	0.01227	0.01308	0.00910	0.00869	0.06991	0.00205	0.03846	0.00454	0.05211	0.00770
56	0.01580	0.01908	0.01257	0.01139	0.01371	0.56231	0.00865	0.04527	0.01371	0.01335	0.01667	0.01734	0.16454	0.00700	0.00562	0.00145	0.05794	0.00488	0.00309	0.00562

[dist]
# distance from previous block
# <min> <max>
0	2

[block]
# block no. 5 follows, 49 sequences, length 8
# corresponding to MSA columns:
# 918-925
name=unknown_F
#
# <colnr> <probs for GDERKNQSTAVLIFYWHMCP>
#	G	D	E	R	K	N	Q	S	T	A	V	L	I	F	Y	W	H	M	C	P
0	0.11129	0.04118	0.04886	0.01171	0.01536	0.09751	0.11344	0.11631	0.26878	0.01994	0.01311	0.01366	0.01000	0.00630	0.02391	0.00168	0.00577	0.00459	0.00381	0.07278
1	0.01164	0.27969	0.21560	0.07555	0.07642	0.03446	0.11301	0.01530	0.03127	0.01491	0.07730	0.01314	0.01061	0.00512	0.00459	0.00144	0.00628	0.00433	0.00263	0.00670
2	0.00722	0.00542	0.00813	0.00813	0.00903	0.00632	0.00632	0.00903	0.00813	0.01174	0.01354	0.01987	0.01264	0.03792	0.80225	0.00813	0.01354	0.00542	0.00271	0.00451
3	0.00725	0.00531	0.00758	0.00758	0.00830	0.00603	0.00564	0.00868	0.00797	0.01134	0.01404	0.02261	0.01383	0.20088	0.64093	0.00746	0.01175	0.00582	0.00278	0.00421
4	0.01196	0.01049	0.01307	0.07090	0.15692	0.01178	0.00982	0.02234	0.51713	0.01918	0.01828	0.02072	0.01467	0.00693	0.00528	0.00173	0.00462	0.07223	0.00441	0.00754
5	0.00832	0.00652	0.01015	0.01021	0.01177	0.00642	0.08587	0.01073	0.01144	0.01494	0.02563	0.07738	0.06086	0.01408	0.04298	0.00249	0.00530	0.58571	0.00436	0.00483
6	0.85801	0.00978	0.00743	0.00665	0.00978	0.01134	0.00548	0.01486	0.00861	0.02269	0.00704	0.00821	0.00548	0.00469	0.00313	0.00156	0.00391	0.00274	0.00313	0.00548
7	0.17967	0.02027	0.01355	0.01340	0.08347	0.57968	0.00946	0.01875	0.01298	0.01473	0.00782	0.00925	0.00645	0.00505	0.00432	0.00137	0.00784	0.00327	0.00270	0.00598

[dist]
# distance from previous block
# <min> <max>
0	1

[block]
# block no. 6 follows, 49 sequences, length 29
# corresponding to MSA columns:
# 927-955
name=unknown_G
#
# <colnr> <probs for GDERKNQSTAVLIFYWHMCP>
#	G	D	E	R	K	N	Q	S	T	A	V	L	I	F	Y	W	H	M	C	P
0	0.01352	0.01061	0.02823	0.04974	0.27926	0.01135	0.01138	0.02943	0.09611	0.15496	0.03684	0.03183	0.01189	0.00682	0.00754	0.00174	0.17012	0.03776	0.00366	0.00720
1	0.00603	0.00512	0.00520	0.00518	0.00686	0.00429	0.00388	0.00736	0.01165	0.01396	0.08430	0.04818	0.75543	0.01270	0.00598	0.00170	0.00255	0.01060	0.00473	0.00429
2	0.01049	0.00899	0.01049	0.00749	0.01198	0.00674	0.00599	0.01273	0.01049	0.01648	0.00899	0.01049	0.00749	0.00374	0.00374	0.00075	0.00374	0.00300	0.00300	0.85320
3	0.85801	0.00978	0.00743	0.00665	0.00978	0.01134	0.00548	0.01486	0.00861	0.02269	0.00704	0.00821	0.00548	0.00469	0.00313	0.00156	0.00391	0.00274	0.00313	0.00548
4	0.00622	0.00496	0.00549	0.00570	0.00694	0.00432	0.00408	0.00747	0.01119	0.01400	0.12494	0.21370	0.49980	0.05922	0.00720	0.00195	0.00276	0.01112	0.00470	0.00422
5	0.01068	0.00950	0.01636	0.27681	0.32584	0.01017	0.06240	0.01280	0.01003	0.01367	0.00936	0.01385	0.00792	0.02251	0.00840	0.17071	0.00607	0.00463	0.00237	0.00591
6	0.00856	0.00529	0.00600	0.00605	0.00755	0.00487	0.00472	0.01042	0.01146	0.06714	0.06514	0.08172	0.30062	0.01042	0.00532	0.00164	0.00294	0.12180	0.27358	0.00477
7	0.01405	0.74581	0.02529	0.00909	0.01324	0.09762	0.00876	0.01564	0.01068	0.01194	0.00711	0.00821	0.00649	0.00441	0.00338	0.00110	0.00578	0.00276	0.00221	0.00643
8	0.85801	0.00978	0.00743	0.00665	0.00978	0.01134	0.00548	0.01486	0.00861	0.02269	0.00704	0.00821	0.00548	0.00469	0.00313	0.00156	0.00391	0.00274	0.00313	0.00548
9	0.01172	0.01190	0.01020	0.01055	0.01219	0.27043	0.00869	0.01371	0.01253	0.01422	0.02047	0.04111	0.02159	0.01106	0.00618	0.00199	0.00614	0.50630	0.00397	0.00506
10	0.01680	0.33603	0.01907	0.01132	0.01460	0.49756	0.00934	0.01823	0.01275	0.01219	0.00751	0.00873	0.00650	0.00487	0.00405	0.00122	0.00767	0.00304	0.00243	0.00611
11	0.00786	0.00534	0.00705	0.00657	0.00787	0.00497	0.00497	0.01019	0.01399	0.05457	0.71266	0.03590	0.04428	0.01161	0.04801	0.00193	0.00306	0.00877	0.00545	0.00493
12	0.00628	0.00446	0.00588	0.00691	0.00722	0.00419	0.00459	0.00716	0.00971	0.01300	0.05761	0.73591	0.03303	0.06868	0.00770	0.00222	0.00304	0.01370	0.00462	0.00407
13	0.02081	0.00948	0.01212	0.00955	0.01326	0.00894	0.00792	0.17226	0.01609	0.57909	0.01896	0.01946	0.01310	0.00685	0.00524	0.00162	0.00458	0.06650	0.00589	0.00828
14	0.00709	0.00517	0.00667	0.00629	0.00751	0.00474	0.00472	0.00941	0.01416	0.01990	0.74618	0.03839	0.08985	0.01048	0.00596	0.00160	0.00240	0.00923	0.00552	0.00474
15	0.01020	0.00961	0.01594	0.59782	0.19402	0.01129	0.01391	0.01383	0.03766	0.01399	0.01048	0.01428	0.02535	0.00518	0.00507	0.00165	0.00639	0.00468	0.00246	0.00618
16	0.01039	0.02451	0.69842	0.01565	0.05084	0.01185	0.08631	0.01601	0.01082	0.01605	0.00919	0.01101	0.00658	0.00474	0.00492	0.00161	0.00751	0.00397	0.00219	0.00743
17	0.49704	0.00804	0.00704	0.00629	0.00889	0.00881	0.00507	0.01495	0.00988	0.10579	0.01146	0.01258	0.00862	0.00525	0.00347	0.00144	0.00346	0.00362	0.27272	0.00558
