[name]
unknown

[dist]
# distance from previous block
# <min> <max>
22	119

[block]
# block no. 0 follows, 43 sequences, length 38
# corresponding to MSA columns:
# 154-191
name=unknown_A
#
# <colnr> <probs for GDERKNQSTAVLIFYWHMCP>
#	G	D	E	R	K	N	Q	S	T	A	V	L	I	F	Y	W	H	M	C	P
0	0.05683	0.08323	0.10906	0.23557	0.07398	0.09386	0.01263	0.04902	0.05926	0.11965	0.02544	0.01426	0.00966	0.00580	0.00515	0.00166	0.00664	0.00463	0.00355	0.03012
1	0.04223	0.02192	0.42533	0.04855	0.20130	0.04897	0.07859	0.01738	0.01210	0.01765	0.01001	0.01237	0.00756	0.00513	0.00532	0.00170	0.00771	0.00444	0.00256	0.02917
2	0.06292	0.01245	0.04307	0.12436	0.18260	0.01252	0.02596	0.09377	0.19624	0.04066	0.01364	0.01497	0.01044	0.00576	0.00521	0.00162	0.00564	0.00490	0.00391	0.13938
3	0.00864	0.00592	0.00693	0.00675	0.00709	0.00613	0.00418	0.04321	0.00901	0.01216	0.01690	0.03319	0.01877	0.66364	0.13022	0.00568	0.00670	0.00762	0.00341	0.00386
4	0.00791	0.00593	0.00890	0.00890	0.00989	0.00692	0.00692	0.00989	0.00890	0.01286	0.01483	0.02176	0.01385	0.04154	0.78341	0.00890	0.01483	0.00593	0.00297	0.00494
5	0.00683	0.00523	0.00627	0.00684	0.00787	0.00467	0.00481	0.00819	0.01206	0.01558	0.14430	0.42049	0.30638	0.01528	0.00680	0.00204	0.00298	0.01345	0.00528	0.00467
6	0.01400	0.01201	0.01265	0.01132	0.01449	0.01388	0.00882	0.05193	0.73794	0.02353	0.02225	0.02043	0.01667	0.00749	0.00563	0.00187	0.00444	0.00622	0.00563	0.00879
7	0.01378	0.01190	0.01252	0.01127	0.01440	0.01378	0.00877	0.02943	0.76081	0.02317	0.02254	0.02066	0.01691	0.00751	0.00564	0.00188	0.00438	0.00626	0.00564	0.00877
8	0.02485	0.00943	0.01285	0.00985	0.01414	0.00814	0.00814	0.02699	0.01585	0.77465	0.02185	0.01885	0.01371	0.00685	0.00557	0.00171	0.00471	0.00557	0.00685	0.00943
9	0.00655	0.00561	0.00561	0.00561	0.00748	0.00468	0.00421	0.00795	0.01262	0.01496	0.05610	0.05330	0.76857	0.01403	0.00655	0.00187	0.00281	0.01169	0.00514	0.00468
10	0.01681	0.01945	0.01631	0.01433	0.01595	0.40259	0.01134	0.04921	0.01286	0.01436	0.00818	0.01110	0.00729	0.00756	0.01100	0.00189	0.36641	0.00421	0.00277	0.00638
11	0.00791	0.00593	0.00890	0.00890	0.00989	0.00692	0.00692	0.00989	0.00890	0.01286	0.01483	0.02176	0.01385	0.04154	0.78341	0.00890	0.01483	0.00593	0.00297	0.00494
12	0.01738	0.01153	0.01295	0.01101	0.01456	0.01254	0.00874	0.08922	0.49785	0.22743	0.02158	0.01956	0.01542	0.00726	0.00561	0.00182	0.00462	0.00597	0.00596	0.00900
13	0.02069	0.02640	0.01569	0.01427	0.01712	0.78313	0.01070	0.02212	0.01569	0.01355	0.00856	0.00999	0.00713	0.00571	0.00499	0.00143	0.00999	0.00357	0.00285	0.00642
14	0.84448	0.01071	0.00814	0.00728	0.01071	0.01242	0.00600	0.01628	0.00943	0.02485	0.00771	0.00900	0.00600	0.00514	0.00343	0.00171	0.00428	0.00300	0.00343	0.00600
15	0.01322	0.03311	0.05280	0.01172	0.01544	0.07265	0.09946	0.07177	0.05610	0.06432	0.04412	0.12498	0.01607	0.00786	0.00578	0.00161	0.01942	0.05521	0.00410	0.23027
16	0.04297	0.00976	0.01173	0.00860	0.01331	0.00775	0.00695	0.01741	0.01255	0.21452	0.01289	0.01331	0.00956	0.00485	0.00446	0.00108	0.00427	0.00387	0.00421	0.59596
17	0.01212	0.01212	0.01696	0.01454	0.01454	0.01696	0.01212	0.01333	0.00848	0.01333	0.00727	0.01212	0.00727	0.00969	0.01818	0.00242	0.79523	0.00485	0.00242	0.00606
18	0.00829	0.00616	0.00804	0.00892	0.01035	0.00590	0.00760	0.01055	0.01283	0.01639	0.06496	0.05935	0.21700	0.01482	0.00733	0.00235	0.00443	0.52457	0.00515	0.00500
19	0.84448	0.01071	0.00814	0.00728	0.01071	0.01242	0.00600	0.01628	0.00943	0.02485	0.00771	0.00900	0.00600	0.00514	0.00343	0.00171	0.00428	0.00300	0.00343	0.00600
20	0.01212	0.01212	0.01696	0.01454	0.01454	0.01696	0.01212	0.01333	0.00848	0.01333	0.00727	0.01212	0.00727	0.00969	0.01818	0.00242	0.79523	0.00485	0.00242	0.00606
21	0.02485	0.00943	0.01285	0.00985	0.01414	0.00814	0.00814	0.02699	0.01585	0.77465	0.02185	0.01885	0.01371	0.00685	0.00557	0.00171	0.00471	0.00557	0.00685	0.00943
22	0.00791	0.00593	0.00890	0.00890	0.00989	0.00692	0.00692	0.00989	0.00890	0.01286	0.01483	0.02176	0.01385	0.04154	0.78341	0.00890	0.01483	0.00593	0.00297	0.00494
23	0.01111	0.02865	0.77667	0.01579	0.02397	0.01286	0.02046	0.01754	0.01169	0.01754	0.00994	0.01169	0.00702	0.00526	0.00526	0.00175	0.00818	0.00409	0.00234	0.00818
24	0.21338	0.01726	0.01275	0.01110	0.01435	0.36095	0.00860	0.02147	0.01395	0.22165	0.01233	0.01327	0.00920	0.03993	0.00577	0.00174	0.00704	0.00417	0.00409	0.00700
25	0.00917	0.00617	0.00766	0.00729	0.00890	0.00571	0.00546	0.01197	0.05362	0.08238	0.42933	0.15101	0.17591	0.01212	0.00649	0.00184	0.00300	0.01059	0.00582	0.00556
26	0.01362	0.01018	0.01100	0.00977	0.01254	0.01130	0.00762	0.07882	0.45508	0.06113	0.10424	0.02233	0.01966	0.00766	0.00542	0.00174	0.00402	0.00636	0.14970	0.00783
27	0.02151	0.01236	0.01433	0.01120	0.01535	0.01280	0.00918	0.35660	0.10353	0.33481	0.01794	0.01658	0.01213	0.00682	0.00552	0.00170	0.00525	0.00537	0.02779	0.00924
28	0.01481	0.80869	0.02902	0.00948	0.01421	0.02191	0.00948	0.01658	0.01125	0.01303	0.00770	0.00888	0.00711	0.00474	0.00355	0.00118	0.00592	0.00296	0.00237	0.00711
29	0.00996	0.00616	0.00803	0.00735	0.00908	0.00560	0.00565	0.01243	0.01539	0.11769	0.59840	0.04003	0.09628	0.01107	0.00645	0.00177	0.00298	0.03387	0.00609	0.00572
30	0.00671	0.00554	0.00589	0.00596	0.00762	0.00472	0.00441	0.00821	0.01278	0.01569	0.13319	0.12130	0.62081	0.01403	0.00659	0.00189	0.00282	0.01188	0.00525	0.00472
31	0.02108	0.01022	0.01260	0.00995	0.01375	0.00990	0.00812	0.17517	0.06109	0.46462	0.06708	0.01939	0.01549	0.00710	0.00548	0.00168	0.00466	0.00574	0.07813	0.00875
32	0.01046	0.00984	0.01661	0.79205	0.03814	0.01230	0.01538	0.01415	0.01107	0.01415	0.00984	0.01477	0.00738	0.00554	0.00554	0.00185	0.00738	0.00492	0.00246	0.00615
33	0.00804	0.00583	0.00836	0.00836	0.00924	0.00664	0.00633	0.00980	0.00892	0.01295	0.01532	0.02354	0.01466	0.13686	0.65098	0.00810	0.01306	0.00617	0.04208	0.00475
34	0.01268	0.01192	0.01756	0.01452	0.01567	0.04032	0.11292	0.01428	0.00970	0.05316	0.00960	0.01463	0.00881	0.04816	0.05898	0.03336	0.50954	0.00528	0.00279	0.00612
35	0.01046	0.00984	0.01661	0.79205	0.03814	0.01230	0.01538	0.01415	0.01107	0.01415	0.00984	0.01477	0.00738	0.00554	0.00554	0.00185	0.00738	0.00492	0.00246	0.00615
36	0.01014	0.00702	0.00869	0.00864	0.01027	0.00704	0.00659	0.01470	0.15747	0.07966	0.22580	0.25973	0.05909	0.01261	0.00659	0.00203	0.00364	0.10869	0.00562	0.00600
37	0.05086	0.00868	0.01126	0.01200	0.11294	0.02817	0.02631	0.07606	0.01166	0.07131	0.03232	0.05649	0.01569	0.25573	0.15058	0.03470	0.00714	0.00660	0.02576	0.00574

[dist]
# distance from previous block
# <min> <max>
0	35

[block]
# block no. 1 follows, 43 sequences, length 24
# corresponding to MSA columns:
# 227-250
name=unknown_B
#
# <colnr> <probs for GDERKNQSTAVLIFYWHMCP>
#	G	D	E	R	K	N	Q	S	T	A	V	L	I	F	Y	W	H	M	C	P
0	0.07741	0.01094	0.01673	0.42793	0.13481	0.01261	0.03454	0.08311	0.01271	0.06296	0.01095	0.01448	0.00832	0.00715	0.03694	0.00208	0.03128	0.00490	0.00315	0.00699
1	0.11589	0.37730	0.08119	0.06030	0.05430	0.01689	0.05898	0.07693	0.01248	0.01768	0.00901	0.01070	0.00743	0.00499	0.00429	0.00141	0.00610	0.00370	0.00289	0.07754
2	0.04108	0.00738	0.00880	0.00795	0.01001	0.00740	0.00612	0.01628	0.15331	0.10806	0.45201	0.03200	0.03633	0.00946	0.00591	0.00172	0.00324	0.00814	0.07841	0.00638
3	0.00846	0.00666	0.00939	0.09325	0.01214	0.00772	0.00713	0.01001	0.00911	0.01261	0.01696	0.02602	0.06091	0.23406	0.39504	0.00629	0.06976	0.00665	0.00311	0.00473
4	0.00810	0.00542	0.00618	0.00624	0.00631	0.00542	0.00363	0.00822	0.00828	0.01103	0.01803	0.03753	0.02071	0.76656	0.02718	0.00523	0.00536	0.04369	0.00344	0.00344
5	0.00747	0.00570	0.00834	0.00845	0.00940	0.00531	0.05121	0.00916	0.01229	0.01681	0.25287	0.52264	0.03962	0.01474	0.00687	0.00207	0.00341	0.01344	0.00529	0.00490
6	0.01378	0.01190	0.01252	0.01127	0.01440	0.01378	0.00877	0.02943	0.76081	0.02317	0.02254	0.02066	0.01691	0.00751	0.00564	0.00188	0.00438	0.00626	0.00564	0.00877
7	0.84448	0.01071	0.00814	0.00728	0.01071	0.01242	0.00600	0.01628	0.00943	0.02485	0.00771	0.00900	0.00600	0.00514	0.00343	0.00171	0.00428	0.00300	0.00343	0.00600
8	0.01876	0.01238	0.01386	0.01137	0.01518	0.01341	0.00915	0.24932	0.35072	0.21436	0.01955	0.01796	0.01382	0.00709	0.00559	0.00177	0.00499	0.00570	0.00591	0.00913
9	0.01481	0.80869	0.02902	0.00948	0.01421	0.02191	0.00948	0.01658	0.01125	0.01303	0.00770	0.00888	0.00711	0.00474	0.00355	0.00118	0.00592	0.00296	0.00237	0.00711
10	0.01111	0.02865	0.77667	0.01579	0.02397	0.01286	0.02046	0.01754	0.01169	0.01754	0.00994	0.01169	0.00702	0.00526	0.00526	0.00175	0.00818	0.00409	0.00234	0.00818
11	0.01212	0.01212	0.01696	0.01454	0.01454	0.01696	0.01212	0.01333	0.00848	0.01333	0.00727	0.01212	0.00727	0.00969	0.01818	0.00242	0.79523	0.00485	0.00242	0.00606
12	0.84448	0.01071	0.00814	0.00728	0.01071	0.01242	0.00600	0.01628	0.00943	0.02485	0.00771	0.00900	0.00600	0.00514	0.00343	0.00171	0.00428	0.00300	0.00343	0.00600
13	0.01297	0.01568	0.07272	0.02294	0.02868	0.01394	0.71140	0.01773	0.01300	0.01773	0.01114	0.01476	0.00833	0.00470	0.00647	0.00186	0.00928	0.00640	0.00278	0.00751
14	0.01371	0.01316	0.02248	0.03399	0.77081	0.01316	0.01700	0.01700	0.01261	0.01809	0.01042	0.01371	0.00877	0.00493	0.00548	0.00164	0.00658	0.00493	0.00274	0.00877
15	0.00676	0.00562	0.00590	0.00583	0.00761	0.00476	0.00437	0.00835	0.01312	0.01614	0.17141	0.05137	0.65253	0.01359	0.00654	0.00185	0.00277	0.01142	0.00530	0.00476
16	0.02405	0.01055	0.05738	0.01020	0.01471	0.00842	0.00886	0.02644	0.01561	0.73051	0.02116	0.01843	0.01332	0.00676	0.00555	0.00172	0.00492	0.00548	0.00659	0.00935
17	0.11788	0.01623	0.02200	0.01777	0.06155	0.19071	0.32988	0.02016	0.05832	0.09429	0.01188	0.01374	0.00888	0.00537	0.00559	0.00172	0.00796	0.00522	0.00347	0.00739
18	0.01434	0.01195	0.04020	0.01097	0.01426	0.01269	0.00889	0.09763	0.52473	0.06965	0.11238	0.02204	0.01994	0.00777	0.00572	0.00183	0.00449	0.00647	0.00564	0.00842
19	0.02485	0.00943	0.01285	0.00985	0.01414	0.00814	0.00814	0.02699	0.01585	0.77465	0.02185	0.01885	0.01371	0.00685	0.00557	0.00171	0.00471	0.00557	0.00685	0.00943
20	0.01407	0.03965	0.51519	0.01403	0.02080	0.01158	0.04578	0.01907	0.01272	0.18606	0.01529	0.01578	0.05296	0.00609	0.00542	0.00174	0.00709	0.00494	0.00353	0.00820
21	0.08898	0.08104	0.06598	0.04539	0.22602	0.01204	0.01171	0.05244	0.02804	0.31225	0.01469	0.01491	0.01032	0.00584	0.00517	0.00166	0.00567	0.00482	0.00450	0.00854
22	0.01598	0.03855	0.10358	0.04345	0.04639	0.07850	0.19487	0.03172	0.01368	0.22585	0.01658	0.11386	0.01379	0.00741	0.00591	0.00181	0.00677	0.02948	0.00425	0.00758
23	0.68661	0.05629	0.01031	0.00836	0.01178	0.11839	0.00683	0.01709	0.01038	0.02266	0.00783	0.00913	0.00621	0.00520	0.00365	0.00165	0.00515	0.00307	0.00329	0.00612

[dist]
# distance from previous block
# <min> <max>
0	2

[block]
# block no. 2 follows, 43 sequences, length 50
# corresponding to MSA columns:
# 253-302
name=unknown_C
#
# <colnr> <probs for GDERKNQSTAVLIFYWHMCP>
#	G	D	E	R	K	N	Q	S	T	A	V	L	I	F	Y	W	H	M	C	P
0	0.00898	0.00726	0.01097	0.01245	0.11904	0.00695	0.04575	0.01148	0.01355	0.01855	0.30589	0.14470	0.07847	0.01198	0.00672	0.00200	0.00420	0.18034	0.00503	0.00569
1	0.01377	0.04596	0.17549	0.04251	0.10446	0.01335	0.07783	0.04887	0.30191	0.05696	0.01558	0.01607	0.01164	0.00611	0.00546	0.00173	0.00609	0.00529	0.00408	0.04684
2	0.01199	0.00983	0.01154	0.00827	0.01316	0.00741	0.00662	0.01444	0.01165	0.04683	0.01030	0.01176	0.00841	0.00421	0.00416	0.00085	0.00412	0.00337	0.00342	0.80765
3	0.00917	0.00893	0.01533	0.01310	0.04998	0.00816	0.24230	0.01176	0.01262	0.01606	0.03551	0.09757	0.37357	0.01100	0.00663	0.00195	0.00528	0.07105	0.00428	0.00577
4	0.01243	0.11350	0.40490	0.01443	0.02048	0.01258	0.12411	0.01709	0.01257	0.07887	0.09269	0.04566	0.01374	0.00635	0.00548	0.00172	0.00702	0.00552	0.00329	0.00760
5	0.00706	0.00550	0.00693	0.00761	0.00835	0.00538	0.00538	0.00819	0.01094	0.01426	0.03522	0.52990	0.22497	0.01695	0.03713	0.00241	0.05061	0.01367	0.00490	0.00465
6	0.01043	0.00568	0.00629	0.00601	0.00749	0.00557	0.00455	0.01340	0.03557	0.05386	0.20856	0.02583	0.02391	0.00774	0.00467	0.00144	0.00274	0.00644	0.56437	0.00547
7	0.01511	0.74225	0.02781	0.00980	0.01438	0.06448	0.00953	0.01726	0.03264	0.01335	0.00817	0.00928	0.00739	0.00487	0.00369	0.00122	0.00611	0.00309	0.00249	0.00712
8	0.06280	0.01325	0.04671	0.03005	0.64365	0.01287	0.01586	0.01723	0.04002	0.01861	0.01139	0.01544	0.00971	0.00544	0.00544	0.00170	0.00636	0.03206	0.00296	0.00845
9	0.00821	0.00579	0.00818	0.00818	0.00911	0.00656	0.00622	0.01007	0.00914	0.01357	0.01547	0.02304	0.01450	0.11180	0.61820	0.00766	0.01247	0.00605	0.10097	0.00482
10	0.01612	0.00899	0.01113	0.00914	0.01207	0.00874	0.00730	0.17615	0.01797	0.26485	0.36686	0.02812	0.03070	0.00889	0.00601	0.00172	0.00404	0.00751	0.00622	0.00747
11	0.28654	0.06554	0.01218	0.00930	0.01285	0.04815	0.00760	0.04007	0.12457	0.25679	0.05029	0.03737	0.01323	0.00669	0.00481	0.00170	0.00475	0.00504	0.00495	0.00758
12	0.25077	0.01023	0.04638	0.04043	0.10512	0.02074	0.04032	0.01427	0.02539	0.06362	0.02607	0.06817	0.25038	0.00875	0.00535	0.00180	0.00466	0.00718	0.00410	0.00627
13	0.00805	0.00537	0.00604	0.00604	0.00604	0.00537	0.00336	0.00805	0.00805	0.01074	0.01745	0.03624	0.02013	0.80536	0.02819	0.00537	0.00537	0.00805	0.00336	0.00336
14	0.01334	0.01521	0.05555	0.04159	0.21955	0.03705	0.49819	0.01760	0.01294	0.01762	0.01085	0.01435	0.00839	0.00481	0.00615	0.00179	0.00857	0.00591	0.00276	0.00777
15	0.01578	0.06177	0.05946	0.01589	0.03690	0.11606	0.29198	0.01908	0.01399	0.16764	0.09148	0.01751	0.01398	0.00606	0.00574	0.00168	0.00716	0.00586	0.04455	0.00741
16	0.00675	0.00482	0.00643	0.00771	0.00803	0.00450	0.00514	0.00771	0.01060	0.01414	0.03053	0.80175	0.03663	0.01735	0.00707	0.00225	0.00321	0.01574	0.00514	0.00450
17	0.01809	0.15873	0.01681	0.01205	0.01548	0.33696	0.00963	0.02382	0.23257	0.10142	0.01398	0.01390	0.01072	0.00619	0.00499	0.00155	0.00704	0.00447	0.00403	0.00756
18	0.01428	0.01312	0.05026	0.14329	0.31416	0.01275	0.19180	0.01812	0.02832	0.11119	0.01205	0.01482	0.00913	0.00545	0.00622	0.00178	0.03661	0.00539	0.00326	0.00801
19	0.01357	0.33320	0.02266	0.33203	0.05785	0.01631	0.05624	0.04364	0.01211	0.05003	0.00977	0.01249	0.00776	0.00524	0.00479	0.00156	0.00670	0.00426	0.00277	0.00700
20	0.04814	0.00633	0.03037	0.00825	0.00922	0.00577	0.00609	0.00985	0.05058	0.01543	0.02892	0.62684	0.05097	0.01564	0.00679	0.00220	0.00360	0.06508	0.00500	0.00496
21	0.01404	0.13543	0.01443	0.05801	0.01464	0.33016	0.00880	0.01558	0.01289	0.01388	0.03495	0.25018	0.01752	0.01091	0.04249	0.00203	0.00722	0.00751	0.00354	0.00583
22	0.00794	0.00590	0.00758	0.00801	0.00938	0.00554	0.00649	0.01019	0.01359	0.01797	0.27972	0.08864	0.19900	0.01380	0.00701	0.00212	0.00369	0.30294	0.00544	0.00502
23	0.02087	0.01561	0.01634	0.01273	0.01685	0.06209	0.01046	0.62755	0.02395	0.08081	0.01329	0.01341	0.00946	0.00675	0.00609	0.00169	0.04273	0.00493	0.00532	0.00909
24	0.01843	0.02277	0.01449	0.01332	0.01584	0.64574	0.01003	0.01995	0.01449	0.01343	0.00967	0.01207	0.00832	0.01205	0.14278	0.00275	0.01085	0.00399	0.00287	0.00616
25	0.01564	0.64140	0.06246	0.01042	0.01516	0.07454	0.01018	0.08679	0.01299	0.01536	0.00840	0.00951	0.00732	0.00501	0.00392	0.00127	0.00633	0.00325	0.00270	0.00733
26	0.06744	0.42835	0.02096	0.03237	0.02540	0.10830	0.00907	0.03060	0.01140	0.01425	0.01012	0.05227	0.00994	0.08736	0.00769	0.00186	0.06892	0.00447	0.00281	0.00640
27	0.00798	0.00565	0.00747	0.00747	0.00796	0.00614	0.00514	0.00897	0.00848	0.01180	0.01614	0.02901	0.01700	0.42403	0.40523	0.00713	0.01009	0.00700	0.00316	0.00415
28	0.00714	0.00553	0.00652	0.00665	0.00804	0.00492	0.00494	0.00893	0.01333	0.01735	0.29081	0.17413	0.36802	0.01373	0.00668	0.00192	0.00292	0.04811	0.00546	0.00485
29	0.01046	0.00984	0.01661	0.79205	0.03814	0.01230	0.01538	0.01415	0.01107	0.01415	0.00984	0.01477	0.00738	0.00554	0.00554	0.00185	0.00738	0.00492	0.00246	0.00615
30	0.01378	0.01190	0.01252	0.01127	0.01440	0.01378	0.00877	0.02943	0.76081	0.02317	0.02254	0.02066	0.01691	0.00751	0.00564	0.00188	0.00438	0.00626	0.00564	0.00877
31	0.01378	0.01190	0.01252	0.01127	0.01440	0.01378	0.00877	0.02943	0.76081	0.02317	0.02254	0.02066	0.01691	0.00751	0.00564	0.00188	0.00438	0.00626	0.00564	0.00877
32	0.01922	0.12284	0.01769	0.01209	0.01631	0.01695	0.01025	0.59226	0.02295	0.03044	0.01383	0.01667	0.01092	0.00709	0.00544	0.00167	0.00599	0.06356	0.00507	0.00875
33	0.01507	0.41234	0.13880	0.01189	0.06198	0.01616	0.01108	0.03485	0.01234	0.10787	0.01036	0.01129	0.00821	0.00504	0.00430	0.00132	0.00591	0.00367	0.00313	0.12437
34	0.06022	0.01136	0.07001	0.38499	0.10677	0.01174	0.05859	0.01427	0.01158	0.01645	0.09032	0.05629	0.01366	0.00688	0.00653	0.00186	0.06300	0.00592	0.00307	0.00646
35	0.01212	0.01212	0.01696	0.01454	0.01454	0.01696	0.01212	0.01333	0.00848	0.01333	0.00727	0.01212	0.00727	0.00969	0.01818	0.00242	0.79523	0.00485	0.00242	0.00606
36	0.04880	0.01306	0.06472	0.02839	0.59978	0.01215	0.01526	0.01596	0.01228	0.01789	0.01434	0.01707	0.07367	0.00711	0.03453	0.00194	0.00656	0.00542	0.00296	0.00812
37	0.01469	0.07942	0.08377	0.12735	0.26409	0.03118	0.02419	0.04934	0.01346	0.14262	0.05700	0.06246	0.01325	0.00654	0.00549	0.00170	0.00614	0.00573	0.00378	0.00782
38	0.01107	0.00812	0.00880	0.00808	0.00959	0.00878	0.00571	0.07816	0.22865	0.01825	0.06386	0.02825	0.01953	0.36450	0.01556	0.00334	0.00465	0.00705	0.10229	0.00576
39	0.01918	0.00862	0.01069	0.00862	0.01187	0.00809	0.00698	0.10148	0.01571	0.42853	0.06239	0.02006	0.01558	0.00697	0.00512	0.00159	0.00412	0.00564	0.25082	0.00793
40	0.01268	0.01391	0.02889	0.14772	0.08828	0.01374	0.55597	0.01699	0.01260	0.01708	0.01082	0.01474	0.00824	0.00496	0.00659	0.00186	0.02877	0.00611	0.00273	0.00732
41	0.01150	0.01466	0.27020	0.05230	0.07593	0.00957	0.01227	0.01483	0.05499	0.06712	0.01259	0.03267	0.01054	0.03137	0.09412	0.21361	0.00725	0.00515	0.00305	0.00625
42	0.00681	0.00504	0.00640	0.00744	0.00810	0.00462	0.00515	0.00793	0.01108	0.01440	0.03516	0.62918	0.17079	0.01664	0.00700	0.00219	0.00323	0.04913	0.00514	0.00456
43	0.00899	0.00504	0.00674	0.00674	0.00674	0.00504	0.00422	0.00755	0.00755	0.01007	0.01278	0.02468	0.01387	0.33682	0.02429	0.50215	0.00504	0.00612	0.00279	0.00279
44	0.05651	0.04396	0.05790	0.09847	0.21874	0.09312	0.24271	0.01828	0.04520	0.04366	0.01103	0.01376	0.00857	0.00526	0.00578	0.00173	0.01952	0.00516	0.00301	0.00762
45	0.01051	0.00937	0.01495	0.53529	0.08343	0.01104	0.01345	0.02531	0.02839	0.01554	0.01551	0.02353	0.04962	0.00736	0.00582	0.00191	0.00654	0.10614	0.03010	0.00620
46	0.01660	0.00715	0.00891	0.00750	0.01015	0.00652	0.00596	0.01899	0.01401	0.36210	0.10872	0.02229	0.01849	0.00721	0.00496	0.00154	0.00355	0.00592	0.36233	0.00710
47	0.05654	0.03947	0.05982	0.04440	0.01506	0.03045	0.04896	0.04445	0.01385	0.35263	0.02108	0.19298	0.03822	0.00894	0.00577	0.00183	0.00512	0.00766	0.00525	0.00753
48	0.01792	0.31589	0.11683	0.01280	0.07818	0.01548	0.01123	0.10955	0.01456	0.23752	0.01299	0.01307	0.00943	0.00567	0.00476	0.00151	0.00593	0.00427	0.00408	0.00834
49	0.01892	0.01677	0.01660	0.06572	0.19467	0.27517	0.01177	0.08085	0.06243	0.18317	0.01324	0.01403	0.00977	0.00596	0.00535	0.00161	0.00721	0.00469	0.00407	0.00800

[dist]
# distance from previous block
# <min> <max>
0	6

[block]
# block no. 3 follows, 43 sequences, length 33
# corresponding to MSA columns:
# 309-341
name=unknown_D
#
# <colnr> <probs for GDERKNQSTAVLIFYWHMCP>
#	G	D	E	R	K	N	Q	S	T	A	V	L	I	F	Y	W	H	M	C	P
0	0.74082	0.08701	0.01039	0.00765	0.01124	0.01347	0.00646	0.03819	0.01009	0.02402	0.00788	0.00911	0.00621	0.00515	0.00350	0.00166	0.00449	0.00305	0.00339	0.00621
1	0.01481	0.80869	0.02902	0.00948	0.01421	0.02191	0.00948	0.01658	0.01125	0.01303	0.00770	0.00888	0.00711	0.00474	0.00355	0.00118	0.00592	0.00296	0.00237	0.00711
2	0.00701	0.00563	0.00626	0.00610	0.00777	0.00487	0.00458	0.00885	0.01373	0.01758	0.31361	0.04898	0.50942	0.01305	0.00654	0.00182	0.00274	0.01108	0.00549	0.00487
3	0.00864	0.00636	0.00888	0.00867	0.00970	0.00724	0.00657	0.04937	0.00969	0.01372	0.01515	0.02350	0.01456	0.15547	0.62726	0.00798	0.01293	0.00620	0.00316	0.00494
4	0.00772	0.00598	0.00866	0.01137	0.11423	0.00570	0.00679	0.00900	0.01088	0.01469	0.02773	0.69203	0.03275	0.01562	0.00685	0.00217	0.00368	0.01424	0.00481	0.00509
5	0.44002	0.17984	0.12763	0.01092	0.05713	0.01486	0.00982	0.07140	0.01156	0.02167	0.00861	0.00996	0.00679	0.00518	0.00400	0.00160	0.00547	0.00341	0.00316	0.00696
6	0.01460	0.07335	0.03814	0.13112	0.14835	0.08987	0.01195	0.02160	0.26083	0.07049	0.01451	0.01562	0.01116	0.00645	0.00633	0.00176	0.06703	0.00510	0.00389	0.00785
7	0.00791	0.00593	0.00890	0.00890	0.00989	0.00692	0.00692	0.00989	0.00890	0.01286	0.01483	0.02176	0.01385	0.04154	0.78341	0.00890	0.01483	0.00593	0.00297	0.00494
8	0.01246	0.09891	0.55089	0.01419	0.02106	0.01379	0.01704	0.09827	0.04077	0.01949	0.05368	0.01362	0.01022	0.00579	0.00522	0.00169	0.00729	0.00450	0.00303	0.00807
9	0.84448	0.01071	0.00814	0.00728	0.01071	0.01242	0.00600	0.01628	0.00943	0.02485	0.00771	0.00900	0.00600	0.00514	0.00343	0.00171	0.00428	0.00300	0.00343	0.00600
10	0.00962	0.00481	0.00722	0.00722	0.00722	0.00481	0.00481	0.00722	0.00722	0.00962	0.00962	0.01684	0.00962	0.01924	0.02165	0.83886	0.00481	0.00481	0.00241	0.00241
11	0.00791	0.00593	0.00890	0.00890	0.00989	0.00692	0.00692	0.00989	0.00890	0.01286	0.01483	0.02176	0.01385	0.04154	0.78341	0.00890	0.01483	0.00593	0.00297	0.00494
12	0.01948	0.18689	0.01843	0.01328	0.01653	0.62696	0.01045	0.02098	0.01478	0.01345	0.00838	0.00976	0.00713	0.00551	0.00470	0.00138	0.00915	0.00344	0.00275	0.00656
13	0.00852	0.01123	0.19383	0.00899	0.01202	0.00703	0.00884	0.01196	0.01446	0.02048	0.52506	0.03516	0.10066	0.01008	0.00623	0.00176	0.00398	0.00872	0.00511	0.00590
14	0.01080	0.01023	0.01708	0.68989	0.09279	0.01264	0.01532	0.01432	0.01104	0.01440	0.00974	0.01453	0.00748	0.00573	0.00625	0.00186	0.05215	0.00492	0.00248	0.00635
15	0.01314	0.02580	0.66367	0.01491	0.02252	0.01216	0.01864	0.01894	0.01231	0.12955	0.01170	0.01275	0.00801	0.00550	0.00531	0.00175	0.00767	0.00431	0.00301	0.00837
16	0.01111	0.02865	0.77667	0.01579	0.02397	0.01286	0.02046	0.01754	0.01169	0.01754	0.00994	0.01169	0.00702	0.00526	0.00526	0.00175	0.00818	0.00409	0.00234	0.00818
17	0.01399	0.01167	0.01395	0.01384	0.10060	0.04022	0.04305	0.04439	0.43225	0.06208	0.07218	0.02219	0.01785	0.00752	0.00569	0.00181	0.00495	0.03791	0.04577	0.00809
18	0.00803	0.00545	0.00647	0.00647	0.00662	0.00560	0.00389	0.00833	0.00818	0.01106	0.01706	0.03406	0.01919	0.69034	0.14191	0.00590	0.00679	0.00773	0.00330	0.00360
19	0.00779	0.00566	0.00733	0.00691	0.00824	0.00520	0.00519	0.01035	0.01556	0.02193	0.74004	0.04184	0.08029	0.01143	0.00653	0.00175	0.00262	0.01008	0.00606	0.00520
20	0.01396	0.01218	0.01411	0.01467	0.12638	0.01377	0.01003	0.04682	0.63057	0.02273	0.02050	0.01944	0.01550	0.00711	0.00561	0.00184	0.00475	0.00603	0.00520	0.00878
21	0.01347	0.21306	0.45724	0.01440	0.02115	0.01470	0.08305	0.01822	0.01211	0.08794	0.01064	0.01199	0.00780	0.00523	0.00500	0.00162	0.00742	0.00418	0.00281	0.00798
22	0.01769	0.01509	0.01439	0.01314	0.05820	0.17396	0.00981	0.22091	0.21316	0.09868	0.04127	0.04636	0.01441	0.00742	0.00561	0.00173	0.00610	0.02898	0.00497	0.00813
23	0.01255	0.33221	0.48571	0.01333	0.02017	0.01638	0.01619	0.01717	0.01152	0.01578	0.00907	0.01060	0.00705	0.00506	0.00460	0.00153	0.00730	0.00365	0.00235	0.00777
24	0.02485	0.00943	0.01285	0.00985	0.01414	0.00814	0.00814	0.02699	0.01585	0.77465	0.02185	0.01885	0.01371	0.00685	0.00557	0.00171	0.00471	0.00557	0.00685	0.00943
25	0.01403	0.01887	0.29920	0.01969	0.11193	0.01277	0.27126	0.01872	0.01275	0.12247	0.01200	0.01406	0.00864	0.00538	0.00620	0.00180	0.03369	0.00527	0.00318	0.00811
26	0.01039	0.00899	0.05673	0.01245	0.03831	0.00759	0.15435	0.01268	0.01186	0.09140	0.02396	0.45883	0.02593	0.01260	0.00669	0.00209	0.00506	0.04953	0.00461	0.00596
27	0.01642	0.01201	0.01427	0.01192	0.01532	0.06427	0.07850	0.08966	0.29757	0.19323	0.02149	0.08416	0.04167	0.00811	0.00585	0.00184	0.00533	0.02490	0.00538	0.00811
28	0.01654	0.48959	0.07694	0.01154	0.01588	0.27856	0.01066	0.01852	0.01279	0.01352	0.00815	0.00945	0.00711	0.00510	0.00416	0.00131	0.00746	0.00325	0.00253	0.00695
29	0.00796	0.00576	0.00801	0.00801	0.00869	0.00644	0.00581	0.00932	0.00864	0.01219	0.01565	0.02629	0.01581	0.28059	0.54705	0.00780	0.01187	0.00660	0.00309	0.00445
30	0.01318	0.01219	0.02058	0.03016	0.65608	0.01216	0.03364	0.01638	0.01247	0.01825	0.01169	0.03299	0.00997	0.00538	0.00538	0.00163	0.00616	0.00525	0.08819	0.00827
31	0.01481	0.80869	0.02902	0.00948	0.01421	0.02191	0.00948	0.01658	0.01125	0.01303	0.00770	0.00888	0.00711	0.00474	0.00355	0.00118	0.00592	0.00296	0.00237	0.00711
32	0.01397	0.01057	0.05505	0.00892	0.01367	0.00771	0.00760	0.01657	0.01253	0.17332	0.04105	0.02981	0.01148	0.00527	0.00462	0.00112	0.00439	0.00430	0.00410	0.57396

[dist]
# distance from previous block
# <min> <max>
0	1

[block]
# block no. 4 follows, 43 sequences, length 29
# corresponding to MSA columns:
# 343-371
name=unknown_E
#
# <colnr> <probs for GDERKNQSTAVLIFYWHMCP>
#	G	D	E	R	K	N	Q	S	T	A	V	L	I	F	Y	W	H	M	C	P
0	0.01637	0.14922	0.01676	0.01137	0.01495	0.01613	0.00940	0.30760	0.26359	0.02479	0.01535	0.01632	0.01204	0.05564	0.00722	0.00191	0.04306	0.00524	0.00475	0.00828
1	0.84448	0.01071	0.00814	0.00728	0.01071	0.01242	0.00600	0.01628	0.00943	0.02485	0.00771	0.00900	0.00600	0.00514	0.00343	0.00171	0.00428	0.00300	0.00343	0.00600
2	0.01143	0.00914	0.01062	0.04799	0.07171	0.03916	0.00779	0.06059	0.16012	0.06631	0.07273	0.19552	0.20260	0.01096	0.00616	0.00189	0.00431	0.00943	0.00502	0.00652
3	0.01182	0.06438	0.01269	0.00838	0.01318	0.00853	0.00682	0.02986	0.01176	0.01799	0.01020	0.02774	0.00874	0.00447	0.00416	0.00089	0.00425	0.00355	0.00331	0.74728
4	0.00711	0.00500	0.00643	0.00735	0.00762	0.00481	0.00478	0.00788	0.00992	0.01326	0.02673	0.58528	0.03173	0.20938	0.04290	0.00327	0.00420	0.01349	0.00462	0.00424
5	0.01356	0.01386	0.05801	0.03085	0.64435	0.01323	0.04542	0.01807	0.07355	0.01847	0.01141	0.01423	0.00934	0.00515	0.00553	0.00168	0.00659	0.00507	0.00296	0.00869
6	0.01264	0.01223	0.02132	0.27297	0.48819	0.01295	0.06687	0.01615	0.01216	0.01682	0.01029	0.01413	0.00831	0.00511	0.00557	0.00172	0.00702	0.00504	0.00266	0.00785
7	0.01001	0.00781	0.01003	0.01076	0.04753	0.00814	0.00833	0.01569	0.18884	0.01963	0.21526	0.04496	0.03246	0.01197	0.00679	0.00214	0.00437	0.34375	0.00537	0.00617
8	0.01548	0.03865	0.11628	0.03326	0.10956	0.01409	0.25313	0.18920	0.06530	0.06991	0.01290	0.01460	0.00949	0.00562	0.00573	0.00174	0.00720	0.00544	0.02413	0.00828
9	0.01111	0.02865	0.77667	0.01579	0.02397	0.01286	0.02046	0.01754	0.01169	0.01754	0.00994	0.01169	0.00702	0.00526	0.00526	0.00175	0.00818	0.00409	0.00234	0.00818
10	0.01459	0.02213	0.46530	0.01578	0.04905	0.01281	0.08114	0.10412	0.03344	0.12996	0.01251	0.01351	0.00871	0.00565	0.00547	0.00175	0.00738	0.00471	0.00351	0.00848
11	0.01922	0.01374	0.01466	0.01145	0.01534	0.01512	0.00939	0.62586	0.02357	0.03247	0.01411	0.01455	0.01024	0.00661	0.00525	0.00160	0.00549	0.00502	0.14762	0.00869
12	0.00791	0.00593	0.00890	0.00890	0.00989	0.00692	0.00692	0.00989	0.00890	0.01286	0.01483	0.02176	0.01385	0.04154	0.78341	0.00890	0.01483	0.00593	0.00297	0.00494
13	0.00804	0.00538	0.00613	0.00621	0.00625	0.00537	0.00356	0.00814	0.00826	0.01100	0.01818	0.06053	0.02097	0.75930	0.02697	0.00520	0.00530	0.02831	0.00346	0.00344
14	0.00805	0.00537	0.00604	0.00604	0.00604	0.00537	0.00336	0.00805	0.00805	0.01074	0.01745	0.03624	0.02013	0.80536	0.02819	0.00537	0.00537	0.00805	0.00336	0.00336
15	0.01234	0.01182	0.02029	0.35002	0.44636	0.01282	0.03487	0.01583	0.01198	0.01644	0.01020	0.01418	0.00818	0.00518	0.00553	0.00173	0.00698	0.00497	0.00263	0.00765
16	0.00855	0.00611	0.00850	0.00977	0.01089	0.00605	0.00828	0.01083	0.01238	0.01616	0.02953	0.18894	0.03269	0.01565	0.00755	0.00250	0.00478	0.61075	0.00511	0.00500
17	0.24478	0.01421	0.01432	0.01126	0.01542	0.01588	0.00930	0.55235	0.02153	0.03217	0.01178	0.01213	0.00849	0.00624	0.00497	0.00168	0.00560	0.00445	0.00497	0.00849
18	0.01423	0.07567	0.02200	0.08490	0.61326	0.01349	0.01576	0.01736	0.01259	0.06260	0.01084	0.01371	0.00884	0.00508	0.00534	0.00163	0.00647	0.00482	0.00294	0.00849
19	0.00821	0.00638	0.00948	0.00930	0.01022	0.00764	0.00729	0.01014	0.00887	0.01289	0.01429	0.02107	0.01337	0.03926	0.72861	0.00844	0.07072	0.00586	0.00293	0.00502
20	0.01523	0.01254	0.02356	0.03791	0.03772	0.01236	0.39832	0.01896	0.03222	0.19080	0.01619	0.01798	0.05622	0.00641	0.00756	0.00189	0.09628	0.00636	0.00389	0.00761
21	0.03806	0.31203	0.19014	0.01377	0.06815	0.01529	0.09015	0.01733	0.01194	0.07042	0.01005	0.01153	0.00792	0.00494	0.00459	0.00142	0.00645	0.00395	0.00291	0.11897
22	0.01421	0.00986	0.01629	0.47747	0.05895	0.01096	0.05623	0.01719	0.01218	0.20019	0.01287	0.01586	0.00918	0.00662	0.00659	0.05304	0.00666	0.00517	0.00356	0.00690
23	0.00678	0.00496	0.00637	0.00742	0.00798	0.00456	0.00503	0.00787	0.01110	0.01463	0.06901	0.67314	0.12751	0.01665	0.00698	0.00218	0.00313	0.01497	0.00519	0.00456
24	0.00773	0.00631	0.00824	0.14080	0.01307	0.00618	0.00657	0.00997	0.01343	0.01760	0.32428	0.08690	0.31512	0.01172	0.00640	0.00184	0.00354	0.01012	0.00506	0.00513
25	0.01532	0.05999	0.17196	0.02027	0.20878	0.04402	0.16109	0.06226	0.03533	0.12300	0.01226	0.01398	0.00910	0.00556	0.00595	0.00172	0.03263	0.00505	0.00346	0.00825
26	0.01103	0.01021	0.01435	0.01270	0.01291	0.01376	0.01039	0.01214	0.00865	0.01308	0.00998	0.01718	0.01007	0.04662	0.13081	0.05648	0.56161	0.03985	0.00267	0.00551
27	0.00696	0.00553	0.00607	0.00615	0.00750	0.00495	0.00439	0.00821	0.01163	0.01445	0.08165	0.10938	0.49975	0.14270	0.06346	0.00294	0.00407	0.01096	0.00476	0.00450
28	0.01356	0.01707	0.23463	0.01729	0.13479	0.04372	0.05362	0.01806	0.07361	0.09035	0.01266	0.05436	0.01042	0.00720	0.00854	0.00192	0.19181	0.00543	0.00332	0.00765

[dist]
# distance from previous block
# <min> <max>
0	2

[block]
# block no. 5 follows, 43 sequences, length 19
# corresponding to MSA columns:
# 374-392
name=unknown_F
#
# <colnr> <probs for GDERKNQSTAVLIFYWHMCP>
#	G	D	E	R	K	N	Q	S	T	A	V	L	I	F	Y	W	H	M	C	P
0	0.01876	0.02145	0.01613	0.01410	0.01653	0.49037	0.01100	0.13053	0.01559	0.01673	0.00898	0.01098	0.00751	0.00677	0.00812	0.00169	0.19072	0.00408	0.00316	0.00679
1	0.10830	0.00994	0.01110	0.00810	0.01284	0.00797	0.00650	0.01422	0.01125	0.01884	0.00960	0.01120	0.00795	0.00422	0.00402	0.00092	0.00412	0.00325	0.00330	0.74238
2	0.01392	0.20128	0.27947	0.01237	0.01771	0.06019	0.01299	0.10923	0.02645	0.03046	0.01103	0.04934	0.00920	0.00605	0.00542	0.00154	0.04138	0.00447	0.00316	0.10434
3	0.00812	0.00539	0.00616	0.00611	0.00632	0.00534	0.00359	0.00854	0.00909	0.01249	0.10470	0.03618	0.02362	0.67948	0.02465	0.00478	0.00493	0.00816	0.03869	0.00365
4	0.00697	0.00535	0.00639	0.00671	0.00789	0.00477	0.00481	0.00855	0.01276	0.01667	0.24289	0.30968	0.31774	0.01444	0.00672	0.00197	0.00289	0.01264	0.00540	0.00477
5	0.01222	0.01469	0.09478	0.11317	0.02771	0.01291	0.53293	0.01669	0.01255	0.01732	0.01196	0.04247	0.00944	0.00536	0.00618	0.00184	0.00844	0.00638	0.04580	0.00715
6	0.01148	0.00984	0.01148	0.00820	0.01312	0.00738	0.00656	0.01395	0.01148	0.01805	0.00984	0.01148	0.00820	0.00410	0.00410	0.00082	0.00410	0.00328	0.00328	0.83922
7	0.01156	0.08635	0.61582	0.01573	0.06107	0.01338	0.01835	0.01782	0.05049	0.01766	0.03465	0.01299	0.00907	0.00551	0.00520	0.00171	0.00755	0.00435	0.00265	0.00807
8	0.11177	0.01155	0.01476	0.01247	0.04095	0.03573	0.10957	0.10642	0.18617	0.13226	0.15943	0.02078	0.01930	0.00723	0.00563	0.00176	0.00521	0.00626	0.00506	0.00769
9	0.01164	0.01028	0.01635	0.33185	0.02457	0.01269	0.06225	0.01434	0.01077	0.05594	0.01229	0.02004	0.01090	0.00959	0.04483	0.00242	0.25022	0.08977	0.00304	0.00621
10	0.01074	0.01013	0.01711	0.72721	0.10081	0.01238	0.01552	0.01439	0.01121	0.01449	0.00989	0.01468	0.00750	0.00549	0.00553	0.00183	0.00731	0.00492	0.00248	0.00638
11	0.01548	0.01797	0.02149	0.05682	0.12637	0.31042	0.25438	0.01837	0.01380	0.01577	0.01183	0.05117	0.01042	0.00628	0.00583	0.00172	0.00861	0.04332	0.00302	0.00692
12	0.01368	0.08036	0.23819	0.01205	0.01626	0.08133	0.04954	0.06874	0.01289	0.09861	0.03440	0.04580	0.03447	0.15321	0.00997	0.00238	0.03185	0.00583	0.00359	0.00687
13	0.00715	0.00585	0.00635	0.00637	0.00803	0.00521	0.00472	0.00942	0.05176	0.01641	0.16098	0.14061	0.53020	0.01367	0.00656	0.00190	0.00291	0.01164	0.00532	0.00495
14	0.00682	0.00499	0.00643	0.00749	0.00806	0.00460	0.00513	0.00795	0.01112	0.01466	0.06673	0.66306	0.12229	0.01664	0.00700	0.00219	0.00318	0.03191	0.00518	0.00457
15	0.01569	0.01227	0.01730	0.14396	0.28076	0.01312	0.01282	0.20503	0.08152	0.08966	0.01417	0.04971	0.01119	0.00644	0.00557	0.00173	0.00600	0.00560	0.01913	0.00832
16	0.01015	0.00920	0.01515	0.65719	0.03329	0.01124	0.01400	0.01353	0.01114	0.01429	0.01263	0.02172	0.01104	0.04514	0.00689	0.00210	0.00700	0.09559	0.00283	0.00589
17	0.00675	0.00482	0.00643	0.00771	0.00803	0.00450	0.00514	0.00771	0.01060	0.01414	0.03053	0.80175	0.03663	0.01735	0.00707	0.00225	0.00321	0.01574	0.00514	0.00450
18	0.01332	0.07742	0.32897	0.04557	0.19354	0.04388	0.04969	0.06374	0.09609	0.01877	0.01149	0.01323	0.00875	0.00548	0.00530	0.00169	0.00720	0.00462	0.00304	0.00821

[dist]
# distance from previous block
# <min> <max>
0	2

[block]
# block no. 6 follows, 43 sequences, length 21
# corresponding to MSA columns:
# 395-415
name=unknown_G
#
# <colnr> <probs for GDERKNQSTAVLIFYWHMCP>
#	G	D	E	R	K	N	Q	S	T	A	V	L	I	F	Y	W	H	M	C	P
0	0.07722	0.18756	0.48523	0.01459	0.02142	0.01482	0.09201	0.01726	0.01157	0.01720	0.00943	0.01123	0.00710	0.00508	0.00490	0.00164	0.00753	0.00402	0.00248	0.00772
1	0.03306	0.08706	0.13822	0.02661	0.01561	0.01063	0.00977	0.01535	0.01139	0.04963	0.00992	0.01165	0.00800	0.00496	0.00542	0.00121	0.06687	0.00363	0.00312	0.48789
2	0.00723	0.00567	0.00842	0.00878	0.00963	0.00525	0.06335	0.00851	0.01095	0.01448	0.03094	0.68406	0.08937	0.01611	0.00699	0.00219	0.00366	0.01472	0.00496	0.00474
3	0.01211	0.01493	0.11112	0.22370	0.02688	0.07275	0.28944	0.01621	0.02908	0.01601	0.01242	0.08982	0.01073	0.00656	0.00656	0.00188	0.04368	0.00639	0.00293	0.00680
4	0.01468	0.71489	0.02825	0.01237	0.10343	0.02088	0.01036	0.01663	0.01141	0.01363	0.00802	0.00945	0.00730	0.00476	0.00378	0.00124	0.00600	0.00319	0.00241	0.00730
5	0.00675	0.00482	0.00643	0.00771	0.00803	0.00450	0.00514	0.00771	0.01060	0.01414	0.03053	0.80175	0.03663	0.01735	0.00707	0.00225	0.00321	0.01574	0.00514	0.00450
6	0.02010	0.01422	0.01530	0.01185	0.01596	0.01560	0.00975	0.64865	0.02417	0.06179	0.01411	0.01426	0.01007	0.00664	0.00537	0.00163	0.00568	0.00503	0.09084	0.00898
7	0.01350	0.00732	0.00873	0.00754	0.01024	0.00650	0.00594	0.03183	0.03926	0.27253	0.12784	0.03760	0.37011	0.01075	0.00611	0.00179	0.00354	0.00896	0.02333	0.00659
8	0.02105	0.01551	0.01662	0.01274	0.01717	0.01717	0.01053	0.75235	0.02604	0.03490	0.01330	0.01330	0.00942	0.00665	0.00554	0.00166	0.00609	0.00499	0.00554	0.00942
9	0.01046	0.00984	0.01661	0.79205	0.03814	0.01230	0.01538	0.01415	0.01107	0.01415	0.00984	0.01477	0.00738	0.00554	0.00554	0.00185	0.00738	0.00492	0.00246	0.00615
10	0.01551	0.01464	0.01315	0.01181	0.01492	0.16361	0.00912	0.02792	0.58946	0.04757	0.01979	0.01852	0.01489	0.00714	0.00551	0.00178	0.00549	0.00571	0.00514	0.00833
11	0.01341	0.01138	0.01214	0.01088	0.01387	0.01301	0.00846	0.05175	0.65966	0.02346	0.09873	0.02254	0.02028	0.00788	0.00572	0.00186	0.00426	0.00660	0.00568	0.00842
12	0.00829	0.00535	0.00595	0.00595	0.00608	0.00535	0.00341	0.00855	0.00842	0.01176	0.01751	0.03464	0.01953	0.72336	0.02569	0.00495	0.00508	0.00776	0.08883	0.00354
13	0.01649	0.18399	0.02038	0.03075	0.09144	0.01614	0.08649	0.23037	0.18648	0.06149	0.01407	0.01455	0.01064	0.00605	0.00523	0.00163	0.00600	0.00502	0.00433	0.00844
14	0.01090	0.00855	0.01221	0.01097	0.01097	0.01104	0.00855	0.01035	0.00786	0.01152	0.00842	0.01442	0.00842	0.01435	0.01987	0.41037	0.40973	0.00483	0.00241	0.00428
15	0.84448	0.01071	0.00814	0.00728	0.01071	0.01242	0.00600	0.01628	0.00943	0.02485	0.00771	0.00900	0.00600	0.00514	0.00343	0.00171	0.00428	0.00300	0.00343	0.00600
16	0.00701	0.00563	0.00625	0.00610	0.00777	0.00487	0.00457	0.00885	0.01372	0.01756	0.31164	0.04902	0.51141	0.01306	0.00654	0.00182	0.00274	0.01109	0.00549	0.00487
17	0.07501	0.01099	0.01427	0.03138	0.13750	0.00967	0.03719	0.06034	0.01246	0.01950	0.01004	0.01198	0.00819	0.00453	0.00449	0.00114	0.00492	0.00380	0.00331	0.53930
18	0.00751	0.00518	0.00663	0.00712	0.00794	0.00484	0.00502	0.00925	0.01262	0.01778	0.30007	0.42367	0.05894	0.01394	0.00653	0.00196	0.00292	0.01245	0.09078	0.00484
19	0.01069	0.00903	0.01081	0.03056	0.01302	0.00706	0.00658	0.01294	0.01133	0.01730	0.01319	0.13955	0.01278	0.00629	0.00462	0.00108	0.00405	0.00535	0.00356	0.68021
20	0.01559	0.08963	0.30303	0.01344	0.01856	0.26133	0.01364	0.07357	0.01450	0.04998	0.06931	0.01365	0.01109	0.00598	0.00514	0.00157	0.00775	0.00440	0.00325	0.02456

[dist]
# distance from previous block
# <min> <max>
4	77

[block]
# block no. 7 follows, 43 sequences, length 16
# corresponding to MSA columns:
# 497-512
name=unknown_H
#
# <colnr> <probs for GDERKNQSTAVLIFYWHMCP>
#	G	D	E	R	K	N	Q	S	T	A	V	L	I	F	Y	W	H	M	C	P
0	0.00784	0.00566	0.00740	0.00697	0.00827	0.00523	0.00523	0.01045	0.01568	0.02221	0.76789	0.04137	0.05226	0.01132	0.00653	0.00174	0.00261	0.01002	0.00610	0.00523
1	0.00830	0.00593	0.00820	0.00948	0.01048	0.00583	0.00783	0.01039	0.01213	0.01587	0.02967	0.27558	0.03324	0.01589	0.00748	0.00246	0.00456	0.52662	0.00511	0.00493
2	0.00791	0.00593	0.00890	0.00890	0.00989	0.00692	0.00692	0.00989	0.00890	0.01286	0.01483	0.02176	0.01385	0.04154	0.78341	0.00890	0.01483	0.00593	0.00297	0.00494
3	0.00784	0.00566	0.00740	0.00697	0.00827	0.00523	0.00523	0.01045	0.01568	0.02221	0.76789	0.04137	0.05226	0.01132	0.00653	0.00174	0.00261	0.01002	0.00610	0.00523
4	0.00962	0.00481	0.00722	0.00722	0.00722	0.00481	0.00481	0.00722	0.00722	0.00962	0.00962	0.01684	0.00962	0.01924	0.02165	0.83886	0.00481	0.00481	0.00241	0.00241
5	0.00784	0.00542	0.00611	0.00620	0.00651	0.00528	0.00374	0.00816	0.00892	0.01163	0.02343	0.06736	0.11912	0.64338	0.02381	0.00469	0.00495	0.03608	0.00372	0.00364
6	0.01481	0.80869	0.02902	0.00948	0.01421	0.02191	0.00948	0.01658	0.01125	0.01303	0.00770	0.00888	0.00711	0.00474	0.00355	0.00118	0.00592	0.00296	0.00237	0.00711
7	0.02485	0.00943	0.01285	0.00985	0.01414	0.00814	0.00814	0.02699	0.01585	0.77465	0.02185	0.01885	0.01371	0.00685	0.00557	0.00171	0.00471	0.00557	0.00685	0.00943
8	0.00675	0.00482	0.00643	0.00771	0.00803	0.00450	0.00514	0.00771	0.01060	0.01414	0.03053	0.80175	0.03663	0.01735	0.00707	0.00225	0.00321	0.01574	0.00514	0.00450
9	0.02001	0.01297	0.01453	0.01160	0.01564	0.01394	0.00943	0.36848	0.22611	0.21980	0.01802	0.01674	0.01258	0.00694	0.00557	0.00173	0.00527	0.00549	0.00590	0.00924
10	0.02069	0.02640	0.01569	0.01427	0.01712	0.78313	0.01070	0.02212	0.01569	0.01355	0.00856	0.00999	0.00713	0.00571	0.00499	0.00143	0.00999	0.00357	0.00285	0.00642
11	0.00791	0.00593	0.00890	0.00890	0.00989	0.00692	0.00692	0.00989	0.00890	0.01286	0.01483	0.02176	0.01385	0.04154	0.78341	0.00890	0.01483	0.00593	0.00297	0.00494
12	0.00802	0.00531	0.00707	0.00797	0.00873	0.00495	0.00568	0.00933	0.01150	0.05608	0.07647	0.60762	0.06111	0.01608	0.00700	0.00221	0.00344	0.09126	0.00529	0.00488
13	0.01826	0.01380	0.01481	0.01203	0.01593	0.01543	0.00972	0.42999	0.32309	0.06043	0.01739	0.01651	0.01263	0.00701	0.00558	0.00175	0.00535	0.00553	0.00563	0.00915
14	0.45298	0.01010	0.01039	0.00851	0.01235	0.01038	0.00702	0.02140	0.01249	0.38300	0.01446	0.01370	0.00968	0.00596	0.00445	0.00171	0.00449	0.00423	0.00506	0.00764
15	0.00994	0.00640	0.00740	0.00694	0.00897	0.00565	0.00526	0.03521	0.01370	0.12944	0.14596	0.14401	0.43479	0.01278	0.00644	0.00187	0.00322	0.01086	0.00554	0.00559

[dist]
# distance from previous block
# <min> <max>
6	20

[block]
# block no. 8 follows, 43 sequences, length 69
# corresponding to MSA columns:
# 533-601
name=unknown_I
#
# <colnr> <probs for GDERKNQSTAVLIFYWHMCP>
#	G	D	E	R	K	N	Q	S	T	A	V	L	I	F	Y	W	H	M	C	P
0	0.04822	0.09925	0.01218	0.05530	0.01315	0.12297	0.00770	0.02720	0.01239	0.08719	0.02083	0.32261	0.04257	0.01082	0.00579	0.00182	0.00513	0.04348	0.00432	0.05709
