[name]
unknown

[dist]
# distance from previous block
# <min> <max>
0	341

[block]
# block no. 0 follows, 46 sequences, length 11
# corresponding to MSA columns:
# 342-352
name=unknown_A
#
# <colnr> <probs for GDERKNQSTAVLIFYWHMCP>
#	G	D	E	R	K	N	Q	S	T	A	V	L	I	F	Y	W	H	M	C	P
0	0.00770	0.00550	0.00758	0.00880	0.00966	0.00538	0.00710	0.00954	0.01136	0.01491	0.02844	0.35509	0.03221	0.01537	0.00708	0.00232	0.00416	0.45826	0.00488	0.00464
1	0.00679	0.00485	0.00654	0.00776	0.00822	0.00460	0.00552	0.00797	0.01047	0.01389	0.02894	0.68345	0.03420	0.01623	0.00684	0.00220	0.00337	0.13887	0.00490	0.00439
2	0.01283	0.01231	0.02101	0.09455	0.72109	0.01249	0.01610	0.01600	0.01192	0.01697	0.00990	0.01317	0.00827	0.00476	0.00524	0.00159	0.00634	0.00471	0.00260	0.00817
3	0.01410	0.36924	0.26132	0.01351	0.09263	0.01610	0.01301	0.07725	0.01245	0.07118	0.00967	0.01079	0.00754	0.00499	0.00437	0.00142	0.00632	0.00368	0.00284	0.00760
4	0.85155	0.01022	0.00777	0.00695	0.01022	0.01186	0.00573	0.01554	0.00900	0.02372	0.00736	0.00859	0.00573	0.00491	0.00327	0.00164	0.00409	0.00286	0.00327	0.00573
5	0.01183	0.01071	0.01404	0.01218	0.01320	0.01390	0.00996	0.08462	0.11968	0.01626	0.04081	0.01532	0.01107	0.01330	0.13050	0.00307	0.46486	0.00518	0.00325	0.00626
6	0.01288	0.01388	0.07664	0.06332	0.42076	0.03614	0.11667	0.01857	0.15265	0.01777	0.01207	0.01428	0.00953	0.00520	0.00537	0.00165	0.00650	0.00505	0.00310	0.00797
7	0.01356	0.01244	0.04034	0.01260	0.01404	0.05279	0.01051	0.15627	0.01231	0.05499	0.01146	0.10536	0.01089	0.00909	0.01219	0.00205	0.45340	0.00582	0.00341	0.00646
8	0.01039	0.02622	0.00818	0.00746	0.00850	0.00652	0.00533	0.04780	0.01027	0.10302	0.01869	0.09206	0.01955	0.41098	0.07127	0.03654	0.00551	0.10313	0.00396	0.00462
9	0.01410	0.09450	0.47353	0.01348	0.01985	0.01397	0.01547	0.21952	0.01502	0.05626	0.01069	0.01165	0.00762	0.00541	0.00496	0.00160	0.00692	0.00411	0.00326	0.00809
10	0.65958	0.10164	0.01178	0.00847	0.01196	0.06016	0.04967	0.01599	0.00975	0.02142	0.00760	0.00896	0.00604	0.00487	0.00355	0.00157	0.00487	0.00308	0.00309	0.00595

[dist]
# distance from previous block
# <min> <max>
0	9

[block]
# block no. 1 follows, 46 sequences, length 94
# corresponding to MSA columns:
# 362-455
name=unknown_B
#
# <colnr> <probs for GDERKNQSTAVLIFYWHMCP>
#	G	D	E	R	K	N	Q	S	T	A	V	L	I	F	Y	W	H	M	C	P
0	0.02106	0.00841	0.01142	0.00895	0.01258	0.00731	0.00731	0.02317	0.01510	0.65966	0.14509	0.02152	0.01912	0.00724	0.00547	0.00164	0.00417	0.00601	0.00642	0.00834
1	0.00804	0.00623	0.00742	0.00698	0.00857	0.00603	0.00528	0.01206	0.12070	0.01999	0.53232	0.03891	0.18577	0.01079	0.00612	0.00170	0.00277	0.00937	0.00558	0.00536
2	0.01353	0.00665	0.00875	0.00810	0.01026	0.00592	0.00630	0.01519	0.01284	0.31979	0.06626	0.26890	0.13467	0.01164	0.00614	0.00190	0.00374	0.08755	0.00560	0.00628
3	0.01119	0.01073	0.01850	0.49470	0.30134	0.01210	0.04676	0.01462	0.01117	0.01499	0.00965	0.01374	0.00756	0.00505	0.00531	0.00169	0.00685	0.00477	0.00246	0.00682
4	0.01977	0.02442	0.01505	0.01351	0.01635	0.73499	0.01020	0.07656	0.01572	0.01446	0.00851	0.00977	0.00697	0.00551	0.00481	0.00138	0.00926	0.00351	0.00292	0.00634
5	0.00643	0.00536	0.00561	0.00555	0.00725	0.00454	0.00416	0.00794	0.01248	0.01530	0.15981	0.04921	0.67220	0.01301	0.00625	0.00177	0.00265	0.01092	0.00504	0.00454
6	0.04270	0.25743	0.31379	0.01234	0.01784	0.04591	0.04464	0.04658	0.09631	0.05931	0.01086	0.01173	0.00824	0.00524	0.00458	0.00151	0.00650	0.00397	0.00302	0.00751
7	0.02372	0.00900	0.01227	0.00941	0.01350	0.00777	0.00777	0.02576	0.01513	0.78489	0.02086	0.01799	0.01309	0.00654	0.00532	0.00164	0.00450	0.00532	0.00654	0.00900
8	0.01439	0.00718	0.00904	0.00773	0.01018	0.00674	0.00609	0.01783	0.08254	0.30206	0.29736	0.02631	0.02690	0.00809	0.00537	0.00159	0.00338	0.00686	0.15360	0.00676
9	0.01229	0.01155	0.01787	0.11080	0.47953	0.04588	0.03448	0.01583	0.04936	0.01685	0.01260	0.04961	0.01108	0.00599	0.00530	0.00164	0.00599	0.04025	0.06573	0.00737
10	0.07351	0.07699	0.27274	0.01786	0.02379	0.01346	0.41215	0.01669	0.01167	0.01704	0.00982	0.01242	0.00734	0.00468	0.00542	0.00169	0.00797	0.00499	0.00255	0.00722
11	0.00648	0.00467	0.00615	0.00732	0.00772	0.00434	0.00495	0.00745	0.01026	0.01359	0.03027	0.75740	0.07025	0.01637	0.00674	0.00214	0.00309	0.03160	0.00491	0.00432
12	0.05815	0.01081	0.01290	0.01007	0.01397	0.01077	0.00832	0.27931	0.01797	0.43823	0.01748	0.01696	0.01184	0.00661	0.00520	0.00162	0.00486	0.02528	0.04109	0.00857
13	0.11487	0.12525	0.01609	0.16283	0.07720	0.01213	0.04145	0.01997	0.10271	0.25538	0.01396	0.01445	0.00995	0.00567	0.00483	0.00161	0.00539	0.00462	0.00414	0.00750
14	0.00673	0.00551	0.00603	0.00629	0.00795	0.00481	0.00498	0.00831	0.01208	0.01461	0.04810	0.05274	0.61937	0.01365	0.00647	0.00192	0.00314	0.16785	0.00490	0.00455
15	0.01090	0.00858	0.00983	0.00900	0.01097	0.00938	0.00690	0.09697	0.27822	0.02116	0.24729	0.15427	0.02807	0.00975	0.00625	0.00179	0.03503	0.00830	0.04083	0.00651
16	0.01210	0.01027	0.01551	0.51770	0.05552	0.01205	0.03875	0.15698	0.01347	0.01816	0.01087	0.01435	0.00814	0.00553	0.00516	0.00167	0.00640	0.00479	0.08610	0.00651
17	0.01624	0.01289	0.01370	0.01138	0.01493	0.01460	0.00912	0.35579	0.43894	0.02711	0.01759	0.01659	0.01295	0.00680	0.00534	0.00170	0.00491	0.00543	0.00534	0.00865
18	0.02010	0.01481	0.01587	0.01216	0.01639	0.01639	0.01005	0.76360	0.02486	0.03332	0.01269	0.01269	0.00899	0.00635	0.00529	0.00159	0.00582	0.00476	0.00529	0.00899
19	0.00701	0.00499	0.00659	0.00767	0.00818	0.00477	0.00550	0.00818	0.01038	0.01371	0.02835	0.55211	0.05285	0.09314	0.00880	0.00249	0.00365	0.17259	0.00473	0.00432
20	0.85155	0.01022	0.00777	0.00695	0.01022	0.01186	0.00573	0.01554	0.00900	0.02372	0.00736	0.00859	0.00573	0.00491	0.00327	0.00164	0.00409	0.00286	0.00327	0.00573
21	0.01096	0.00940	0.01096	0.00783	0.01253	0.00705	0.00626	0.01331	0.01096	0.01723	0.00940	0.01096	0.00783	0.00392	0.00392	0.00078	0.00392	0.00313	0.00313	0.84653
22	0.01730	0.02107	0.01715	0.01497	0.03887	0.54852	0.13319	0.02013	0.06839	0.01424	0.01001	0.01238	0.00833	0.04530	0.00616	0.00165	0.00874	0.00430	0.00293	0.00637
23	0.81471	0.01043	0.00813	0.00718	0.01050	0.01206	0.00592	0.04868	0.00970	0.02414	0.00760	0.00877	0.00587	0.00497	0.00336	0.00163	0.00417	0.00295	0.00336	0.00587
24	0.00860	0.00663	0.00982	0.17838	0.01602	0.00709	0.00943	0.01110	0.01160	0.01507	0.02415	0.13402	0.02595	0.01284	0.00681	0.00226	0.00513	0.50577	0.00433	0.00502
25	0.01616	0.01835	0.01551	0.10086	0.15643	0.42816	0.01126	0.04925	0.01358	0.01485	0.00952	0.01237	0.00802	0.03732	0.00637	0.00164	0.04725	0.00414	0.04254	0.00644
26	0.01308	0.01256	0.02146	0.03245	0.78123	0.01256	0.01622	0.01622	0.01204	0.01727	0.00994	0.01308	0.00837	0.00471	0.00523	0.00157	0.00628	0.00471	0.00262	0.00837
27	0.00644	0.00460	0.00613	0.00736	0.00767	0.00429	0.00491	0.00736	0.01012	0.01350	0.02914	0.81076	0.03497	0.01656	0.00675	0.00215	0.00307	0.01503	0.00491	0.00429
28	0.00721	0.00536	0.00671	0.00645	0.00775	0.00486	0.00481	0.00942	0.01420	0.01958	0.61169	0.07959	0.17969	0.01155	0.00626	0.00171	0.00256	0.01012	0.00561	0.00486
29	0.00677	0.00538	0.00608	0.00590	0.00746	0.00469	0.00443	0.00860	0.01328	0.01721	0.36061	0.04605	0.47020	0.01230	0.00624	0.00173	0.00260	0.01048	0.00529	0.00469
30	0.01975	0.02520	0.01498	0.01362	0.01634	0.79299	0.01021	0.02111	0.01498	0.01294	0.00817	0.00953	0.00681	0.00545	0.00477	0.00136	0.00953	0.00340	0.00272	0.00613
31	0.01160	0.01167	0.01678	0.01421	0.01442	0.01608	0.04104	0.01289	0.00827	0.01289	0.00709	0.01167	0.00698	0.00906	0.01691	0.00229	0.77329	0.00469	0.00233	0.00584
32	0.00665	0.00494	0.00702	0.00789	0.00837	0.00461	0.03157	0.00770	0.01020	0.01362	0.02849	0.78271	0.03402	0.01614	0.00673	0.00213	0.00327	0.01472	0.00483	0.00439
33	0.22375	0.16826	0.45041	0.01191	0.01797	0.01376	0.01412	0.01627	0.01054	0.01771	0.00856	0.01002	0.00647	0.00490	0.00428	0.00156	0.00648	0.00344	0.00250	0.00710
34	0.01253	0.01211	0.02100	0.16079	0.61925	0.01246	0.05277	0.01580	0.01181	0.01662	0.00989	0.01331	0.00813	0.00479	0.00529	0.00161	0.00654	0.00478	0.00257	0.00789
35	0.00769	0.00664	0.00748	0.00788	0.04498	0.00637	0.00564	0.01073	0.10016	0.01532	0.04384	0.07246	0.56035	0.01228	0.00659	0.00184	0.03343	0.04640	0.00476	0.00517
36	0.00771	0.00580	0.00641	0.00643	0.00751	0.00553	0.00444	0.04553	0.02967	0.01396	0.03340	0.15677	0.32071	0.28994	0.01343	0.00301	0.00385	0.03720	0.00435	0.00434
37	0.00743	0.00540	0.00700	0.00660	0.00787	0.00497	0.00495	0.00988	0.01485	0.02093	0.74997	0.03994	0.07852	0.01091	0.00624	0.00167	0.00250	0.00962	0.00578	0.00497
38	0.01378	0.01167	0.01231	0.01089	0.01399	0.01344	0.00852	0.09438	0.70437	0.02312	0.02072	0.01909	0.01549	0.00710	0.00537	0.00177	0.00433	0.00587	0.00537	0.00842
39	0.02009	0.01500	0.01585	0.01219	0.01639	0.03059	0.01005	0.75003	0.02468	0.03294	0.01261	0.01263	0.00895	0.00633	0.00528	0.00158	0.00589	0.00473	0.00524	0.00894
40	0.01413	0.81739	0.02770	0.00905	0.01357	0.02092	0.00905	0.01583	0.01074	0.01244	0.00735	0.00848	0.00678	0.00452	0.00339	0.00113	0.00565	0.00283	0.00226	0.00678
41	0.06389	0.00792	0.00827	0.00754	0.00978	0.00856	0.00586	0.01937	0.28566	0.08700	0.01849	0.01888	0.01396	0.00648	0.00442	0.00149	0.00336	0.00521	0.41727	0.00657
42	0.05235	0.00928	0.01226	0.00944	0.01350	0.00828	0.00780	0.05653	0.01533	0.72673	0.02004	0.01744	0.01266	0.00648	0.00524	0.00163	0.00454	0.00521	0.00638	0.00888
43	0.01421	0.01142	0.01227	0.01082	0.01392	0.01297	0.00856	0.11686	0.61132	0.05522	0.02073	0.02076	0.01584	0.00741	0.00546	0.00179	0.00443	0.04231	0.00539	0.00830
44	0.00625	0.00536	0.00536	0.00536	0.00714	0.00446	0.00402	0.00759	0.01205	0.01428	0.05355	0.05088	0.77909	0.01339	0.00625	0.00179	0.00268	0.01116	0.00491	0.00446
45	0.00788	0.00530	0.00692	0.00686	0.00796	0.00490	0.00501	0.00996	0.01357	0.04572	0.52838	0.23514	0.04326	0.01193	0.00623	0.00177	0.00271	0.01062	0.04095	0.00495
46	0.05028	0.01278	0.02102	0.10122	0.49563	0.03385	0.11460	0.04757	0.01230	0.01755	0.00984	0.01297	0.00802	0.00499	0.00570	0.00164	0.03478	0.00480	0.00273	0.00773
47	0.01060	0.02735	0.78682	0.01507	0.02288	0.01228	0.01953	0.01674	0.01116	0.01674	0.00949	0.01116	0.00670	0.00502	0.00502	0.00167	0.00781	0.00391	0.00223	0.00781
48	0.00667	0.00488	0.00633	0.00741	0.00801	0.00454	0.00524	0.00783	0.01061	0.01388	0.03197	0.62533	0.12516	0.01593	0.00676	0.00214	0.00324	0.10477	0.00490	0.00439
49	0.01078	0.09998	0.67916	0.01411	0.02130	0.01274	0.01787	0.01634	0.01130	0.01655	0.04565	0.01225	0.00875	0.00525	0.00493	0.00162	0.00736	0.00407	0.00240	0.00758
50	0.00724	0.00539	0.00674	0.00640	0.00775	0.00489	0.00480	0.00952	0.01440	0.01987	0.63862	0.04169	0.19053	0.01131	0.00624	0.00169	0.00253	0.00987	0.00564	0.00489
51	0.00983	0.01369	0.26672	0.01102	0.01504	0.00830	0.08199	0.01347	0.01284	0.06585	0.25986	0.05562	0.12719	0.00868	0.00583	0.00173	0.00509	0.02677	0.00420	0.00628
52	0.01157	0.01157	0.01619	0.01388	0.01388	0.01619	0.01157	0.01272	0.00810	0.01272	0.00694	0.01157	0.00694	0.00925	0.01735	0.00231	0.80453	0.00463	0.00231	0.00578
53	0.01096	0.00940	0.01096	0.00783	0.01253	0.00705	0.00626	0.01331	0.01096	0.01723	0.00940	0.01096	0.00783	0.00392	0.00392	0.00078	0.00392	0.00313	0.00313	0.84653
54	0.02372	0.00900	0.01227	0.00941	0.01350	0.00777	0.00777	0.02576	0.01513	0.78489	0.02086	0.01799	0.01309	0.00654	0.00532	0.00164	0.00450	0.00532	0.00654	0.00900
55	0.02372	0.00900	0.01227	0.00941	0.01350	0.00777	0.00777	0.02576	0.01513	0.78489	0.02086	0.01799	0.01309	0.00654	0.00532	0.00164	0.00450	0.00532	0.00654	0.00900
56	0.01274	0.01272	0.02121	0.17285	0.52656	0.04708	0.09772	0.01602	0.01194	0.01635	0.00985	0.01324	0.00802	0.00482	0.00533	0.00162	0.00686	0.00482	0.00258	0.00767
57	0.00799	0.00571	0.00792	0.00914	0.01012	0.00563	0.00761	0.01005	0.01165	0.01523	0.02828	0.24938	0.03157	0.01510	0.00716	0.00236	0.00441	0.56109	0.00488	0.00472
58	0.00686	0.00504	0.00643	0.00680	0.00770	0.00461	0.00483	0.00851	0.01244	0.01688	0.35200	0.38303	0.13795	0.01370	0.00646	0.00189	0.00277	0.01219	0.00530	0.00461
59	0.01165	0.01102	0.12668	0.01132	0.04985	0.00850	0.07625	0.07964	0.01492	0.10983	0.40449	0.02695	0.02992	0.00821	0.00582	0.00166	0.00456	0.00728	0.00489	0.00657
60	0.00804	0.00677	0.03930	0.00969	0.01103	0.00603	0.04329	0.01018	0.01141	0.01508	0.02686	0.32477	0.03006	0.01445	0.00696	0.00227	0.00453	0.41971	0.00467	0.00488
61	0.02372	0.00900	0.01227	0.00941	0.01350	0.00777	0.00777	0.02576	0.01513	0.78489	0.02086	0.01799	0.01309	0.00654	0.00532	0.00164	0.00450	0.00532	0.00654	0.00900
62	0.02065	0.00984	0.01227	0.00962	0.01334	0.00945	0.00787	0.17764	0.04874	0.50317	0.07559	0.01865	0.01513	0.00683	0.00531	0.00162	0.00451	0.00553	0.04576	0.00848
63	0.01281	0.01621	0.20965	0.02231	0.29979	0.01242	0.18335	0.04868	0.04694	0.04459	0.01178	0.01530	0.00936	0.00539	0.00551	0.00169	0.00701	0.03635	0.00300	0.00786
64	0.01165	0.00925	0.04573	0.01418	0.11794	0.00865	0.06638	0.03361	0.01262	0.10240	0.02139	0.03998	0.02127	0.01076	0.00699	0.00212	0.03907	0.42536	0.00438	0.00624
65	0.01248	0.01426	0.03119	0.02228	0.02763	0.01337	0.76203	0.01693	0.01248	0.01693	0.01070	0.01426	0.00802	0.00446	0.00624	0.00178	0.00891	0.00624	0.00267	0.00713
66	0.01189	0.13034	0.48001	0.01610	0.05924	0.04653	0.12838	0.01669	0.01142	0.01595	0.00928	0.01130	0.00700	0.00499	0.00533	0.00162	0.02996	0.00415	0.00234	0.00747
67	0.01456	0.03565	0.05690	0.01615	0.08298	0.17983	0.20595	0.04636	0.20805	0.03904	0.01336	0.01527	0.01049	0.04405	0.00641	0.00180	0.00706	0.00523	0.00357	0.00729
68	0.01246	0.19493	0.55909	0.01330	0.02010	0.01375	0.01630	0.01731	0.01141	0.08050	0.00999	0.01116	0.00725	0.00504	0.00470	0.00155	0.00707	0.00379	0.00260	0.00769
69	0.00897	0.00554	0.00665	0.00638	0.00733	0.00568	0.00461	0.01075	0.01103	0.03693	0.20990	0.02789	0.02378	0.19707	0.08475	0.00298	0.03689	0.00681	0.30139	0.00467
70	0.85155	0.01022	0.00777	0.00695	0.01022	0.01186	0.00573	0.01554	0.00900	0.02372	0.00736	0.00859	0.00573	0.00491	0.00327	0.00164	0.00409	0.00286	0.00327	0.00573
71	0.01413	0.81739	0.02770	0.00905	0.01357	0.02092	0.00905	0.01583	0.01074	0.01244	0.00735	0.00848	0.00678	0.00452	0.00339	0.00113	0.00565	0.00283	0.00226	0.00678
72	0.60475	0.00997	0.00896	0.00762	0.01101	0.01094	0.00626	0.05440	0.01112	0.17893	0.01081	0.01120	0.00773	0.00537	0.00381	0.00162	0.00419	0.00355	0.04127	0.00652
73	0.01344	0.01150	0.01212	0.01082	0.01386	0.01329	0.00844	0.05912	0.74018	0.02259	0.02114	0.01943	0.01584	0.00714	0.00538	0.00178	0.00425	0.00593	0.00538	0.00839
74	0.01765	0.02022	0.01288	0.01167	0.01417	0.57663	0.00881	0.06479	0.01475	0.01564	0.01039	0.01191	0.00839	0.00566	0.00457	0.00135	0.00779	0.00381	0.18288	0.00605
75	0.00669	0.00471	0.00606	0.00704	0.00729	0.00446	0.00456	0.00743	0.00963	0.01284	0.02663	0.65458	0.03180	0.17707	0.01080	0.00275	0.00348	0.01355	0.00456	0.00407
76	0.00978	0.00664	0.00828	0.00753	0.00929	0.00649	0.00575	0.01416	0.13179	0.08848	0.59499	0.03455	0.04144	0.00987	0.00602	0.00168	0.00293	0.00863	0.00582	0.00586
77	0.00731	0.00531	0.00688	0.00668	0.00784	0.00488	0.00494	0.00957	0.01427	0.01999	0.65889	0.13000	0.08045	0.01159	0.00630	0.00172	0.00257	0.01027	0.00567	0.00488
78	0.01861	0.01207	0.01367	0.01106	0.01476	0.01292	0.00908	0.39075	0.16308	0.20137	0.01755	0.01928	0.01313	0.00726	0.00549	0.00171	0.00512	0.06902	0.00556	0.00852
79	0.00714	0.00498	0.00584	0.00623	0.00652	0.00479	0.00383	0.00757	0.00893	0.01171	0.02458	0.28287	0.10580	0.47489	0.01829	0.00382	0.00421	0.01039	0.00393	0.00368
80	0.09374	0.00936	0.01200	0.00933	0.01332	0.00856	0.00769	0.05061	0.03473	0.67407	0.01944	0.01705	0.01240	0.00641	0.00514	0.00164	0.00450	0.00511	0.00619	0.00870
81	0.81471	0.01043	0.00813	0.00718	0.01050	0.01206	0.00592	0.04868	0.00970	0.02414	0.00760	0.00877	0.00587	0.00497	0.00336	0.00163	0.00417	0.00295	0.00336	0.00587
82	0.06101	0.02632	0.74013	0.01458	0.02212	0.01225	0.01870	0.01667	0.01103	0.01716	0.00936	0.01101	0.00664	0.00502	0.00492	0.00167	0.00759	0.00384	0.00229	0.00769
83	0.00644	0.00460	0.00613	0.00736	0.00767	0.00429	0.00491	0.00736	0.01012	0.01350	0.02914	0.81076	0.03497	0.01656	0.00675	0.00215	0.00307	0.01503	0.00491	0.00429
84	0.00644	0.00460	0.00613	0.00736	0.00767	0.00429	0.00491	0.00736	0.01012	0.01350	0.02914	0.81076	0.03497	0.01656	0.00675	0.00215	0.00307	0.01503	0.00491	0.00429
85	0.01217	0.01003	0.01359	0.08195	0.17693	0.04460	0.02207	0.09163	0.06960	0.03729	0.01705	0.05418	0.01634	0.00982	0.00759	0.07732	0.02534	0.22228	0.00388	0.00635
86	0.01186	0.01547	0.18510	0.01769	0.09834	0.04425	0.28460	0.07093	0.01277	0.01736	0.01413	0.14858	0.01313	0.00719	0.00587	0.00179	0.00707	0.03370	0.00323	0.00694
87	0.01968	0.00937	0.01164	0.00946	0.01303	0.00910	0.00764	0.02544	0.23092	0.51093	0.02078	0.01861	0.01399	0.00669	0.00522	0.00165	0.00426	0.00548	0.06758	0.00852
88	0.04425	0.03658	0.23704	0.01155	0.01605	0.00949	0.07574	0.02941	0.01254	0.27191	0.01691	0.14673	0.01396	0.00745	0.00535	0.00171	0.00554	0.00642	0.04402	0.00734
89	0.08004	0.22490	0.18289	0.01140	0.01589	0.03573	0.01124	0.21932	0.05202	0.02047	0.01099	0.04890	0.00909	0.00613	0.00529	0.00156	0.04883	0.00443	0.00345	0.00741
90	0.00644	0.00460	0.00613	0.00736	0.00767	0.00429	0.00491	0.00736	0.01012	0.01350	0.02914	0.81076	0.03497	0.01656	0.00675	0.00215	0.00307	0.01503	0.00491	0.00429
91	0.00674	0.00489	0.00633	0.00736	0.00793	0.00457	0.00518	0.00785	0.01047	0.01372	0.03108	0.59724	0.11537	0.05390	0.00772	0.00228	0.00335	0.10487	0.00482	0.00433
92	0.01048	0.01001	0.01692	0.57160	0.12534	0.01201	0.04957	0.01370	0.01062	0.01407	0.01009	0.04505	0.00835	0.00595	0.00640	0.00180	0.07420	0.00517	0.00250	0.00617
93	0.01004	0.00862	0.03176	0.01312	0.11342	0.00843	0.03590	0.03272	0.11955	0.01748	0.05749	0.07213	0.05289	0.01130	0.00650	0.00210	0.00494	0.39100	0.00455	0.00605

[dist]
# distance from previous block
# <min> <max>
0	2

[block]
# block no. 2 follows, 46 sequences, length 21
# corresponding to MSA columns:
# 458-478
name=unknown_C
#
# <colnr> <probs for GDERKNQSTAVLIFYWHMCP>
#	G	D	E	R	K	N	Q	S	T	A	V	L	I	F	Y	W	H	M	C	P
0	0.66349	0.00897	0.00757	0.00694	0.00948	0.01024	0.00547	0.01361	0.00853	0.02047	0.00777	0.01026	0.00650	0.00791	0.00715	0.19019	0.00420	0.00325	0.00305	0.00496
1	0.00780	0.00648	0.01044	0.05429	0.05433	0.00626	0.09134	0.00956	0.01105	0.01494	0.10709	0.54827	0.03055	0.01329	0.00647	0.00200	0.00406	0.01230	0.00449	0.00500
2	0.01152	0.01141	0.01582	0.01345	0.01378	0.01554	0.01119	0.01276	0.00830	0.01304	0.00711	0.01152	0.00700	0.00887	0.01640	0.00220	0.74782	0.00452	0.00237	0.06534
3	0.01668	0.00975	0.01256	0.01191	0.09787	0.00948	0.00845	0.02256	0.22801	0.33173	0.09154	0.01928	0.01642	0.00666	0.00527	0.00159	0.00435	0.00562	0.00536	0.09491
4	0.01903	0.01395	0.01468	0.01149	0.01553	0.05155	0.00937	0.51879	0.10505	0.10622	0.01405	0.01373	0.01001	0.00624	0.00518	0.00155	0.00555	0.00477	0.00515	0.06811
5	0.01153	0.23409	0.58817	0.01349	0.02044	0.01454	0.01679	0.01650	0.01105	0.01562	0.00893	0.01046	0.00672	0.00489	0.00460	0.00153	0.00725	0.00362	0.00224	0.00754
6	0.00643	0.00536	0.00561	0.00555	0.00725	0.00454	0.00416	0.00794	0.01249	0.01532	0.16197	0.04917	0.67002	0.01300	0.00625	0.00177	0.00265	0.01092	0.00505	0.00454
7	0.00730	0.00533	0.00691	0.00701	0.00813	0.00494	0.00528	0.00940	0.01352	0.01860	0.49626	0.18397	0.10726	0.01250	0.00645	0.00185	0.00288	0.09214	0.00547	0.00480
8	0.01538	0.01381	0.18004	0.03067	0.01628	0.01079	0.03229	0.08009	0.20936	0.23400	0.04701	0.02018	0.03199	0.00703	0.00546	0.00174	0.00533	0.04574	0.00484	0.00797
9	0.85155	0.01022	0.00777	0.00695	0.01022	0.01186	0.00573	0.01554	0.00900	0.02372	0.00736	0.00859	0.00573	0.00491	0.00327	0.00164	0.00409	0.00286	0.00327	0.00573
10	0.00758	0.00554	0.00784	0.00784	0.00856	0.00625	0.00579	0.00902	0.00830	0.01179	0.01476	0.02407	0.01465	0.22484	0.61003	0.00769	0.01200	0.00615	0.00292	0.00436
11	0.01282	0.01467	0.13614	0.07840	0.19679	0.01349	0.16149	0.06553	0.05139	0.03914	0.01047	0.01325	0.00824	0.00595	0.00785	0.00181	0.16728	0.00496	0.00292	0.00740
12	0.01149	0.00994	0.01536	0.09197	0.40263	0.03065	0.01179	0.01393	0.01183	0.05914	0.04728	0.20134	0.05366	0.00830	0.00567	0.00173	0.00527	0.00761	0.00359	0.00685
13	0.02372	0.00900	0.01227	0.00941	0.01350	0.00777	0.00777	0.02576	0.01513	0.78489	0.02086	0.01799	0.01309	0.00654	0.00532	0.00164	0.00450	0.00532	0.00654	0.00900
14	0.12256	0.00814	0.01008	0.00914	0.01089	0.00922	0.00720	0.09554	0.01122	0.10158	0.01493	0.11116	0.01388	0.05217	0.30693	0.00451	0.09505	0.00623	0.00378	0.00580
15	0.01325	0.25787	0.28115	0.01397	0.08833	0.01477	0.03172	0.05415	0.09619	0.05501	0.01162	0.01369	0.00922	0.00555	0.00473	0.00154	0.00629	0.03024	0.00309	0.00761
16	0.01127	0.01067	0.03861	0.08576	0.48908	0.01034	0.01286	0.01401	0.01145	0.01628	0.01531	0.07401	0.06662	0.05039	0.00648	0.00181	0.00555	0.00606	0.06640	0.00705
17	0.01189	0.00599	0.00733	0.00703	0.00866	0.00566	0.00524	0.01419	0.03870	0.19157	0.05395	0.28189	0.02214	0.00992	0.00524	0.00166	0.00319	0.00859	0.31139	0.00577
18	0.00926	0.00848	0.05433	0.01164	0.04952	0.00735	0.13736	0.02963	0.01148	0.03746	0.07098	0.33023	0.06842	0.01305	0.04451	0.04318	0.00520	0.03887	0.02363	0.00544
19	0.01474	0.06021	0.31666	0.05871	0.07109	0.21992	0.03157	0.04678	0.02364	0.07695	0.01065	0.02675	0.00815	0.00551	0.00500	0.00157	0.00757	0.00426	0.00296	0.00731
20	0.01013	0.04103	0.23080	0.06566	0.01517	0.00902	0.01021	0.01467	0.09579	0.07022	0.10597	0.02858	0.26422	0.00869	0.00557	0.00171	0.00483	0.00720	0.00413	0.00640

[dist]
# distance from previous block
# <min> <max>
9	24

[block]
# block no. 3 follows, 46 sequences, length 42
# corresponding to MSA columns:
# 505-546
name=unknown_D
#
# <colnr> <probs for GDERKNQSTAVLIFYWHMCP>
#	G	D	E	R	K	N	Q	S	T	A	V	L	I	F	Y	W	H	M	C	P
0	0.01529	0.46564	0.07523	0.01057	0.01494	0.13911	0.00990	0.10842	0.04520	0.01602	0.00898	0.00995	0.00750	0.00500	0.00406	0.00127	0.00628	0.00338	0.00288	0.05039
1	0.07274	0.00791	0.03451	0.00763	0.01005	0.00701	0.00607	0.03792	0.06896	0.01916	0.25088	0.15271	0.07547	0.00923	0.00536	0.00156	0.00342	0.00790	0.04846	0.17307
2	0.01153	0.00915	0.01457	0.60842	0.03042	0.01085	0.01282	0.01541	0.05208	0.10243	0.06999	0.01678	0.01149	0.00595	0.00537	0.00174	0.00626	0.00521	0.00325	0.00629
3	0.01472	0.58157	0.03498	0.00996	0.02907	0.06363	0.00909	0.06936	0.01224	0.05404	0.01058	0.06010	0.02011	0.00570	0.00402	0.00129	0.00567	0.00406	0.00293	0.00688
4	0.01249	0.01201	0.10839	0.03542	0.09846	0.00957	0.19650	0.01575	0.01235	0.13148	0.09486	0.07823	0.02359	0.00802	0.03937	0.00191	0.00625	0.00631	0.00377	0.10527
5	0.01440	0.17213	0.19531	0.01426	0.11814	0.02055	0.04396	0.05742	0.05073	0.15569	0.03251	0.04975	0.03191	0.00628	0.00503	0.00158	0.00586	0.01318	0.00371	0.00760
6	0.01226	0.01988	0.41150	0.01598	0.02206	0.01199	0.22823	0.04866	0.03829	0.06984	0.01238	0.06272	0.00969	0.00581	0.00552	0.00173	0.00740	0.00547	0.00305	0.00755
7	0.00713	0.00533	0.00735	0.00888	0.05610	0.00502	0.00579	0.00854	0.01119	0.01514	0.15125	0.57513	0.05544	0.01469	0.00658	0.00204	0.00326	0.05154	0.00491	0.00470
8	0.01205	0.01340	0.21949	0.02054	0.05699	0.00894	0.08599	0.01583	0.04454	0.15860	0.06195	0.11003	0.15205	0.00839	0.00570	0.00175	0.00535	0.00736	0.00419	0.00686
9	0.01234	0.01197	0.07026	0.25937	0.31038	0.03169	0.01374	0.01627	0.05783	0.06787	0.04302	0.01567	0.01069	0.02248	0.03261	0.00196	0.00655	0.00502	0.00309	0.00719
10	0.03527	0.00706	0.00883	0.00754	0.01020	0.00621	0.00598	0.01619	0.01384	0.35013	0.18224	0.05471	0.24884	0.00980	0.00580	0.00171	0.00351	0.01982	0.00576	0.00657
11	0.00690	0.00529	0.00615	0.00639	0.00762	0.00478	0.00462	0.00879	0.03247	0.01607	0.21545	0.27252	0.34034	0.01332	0.00629	0.00185	0.00278	0.01159	0.03212	0.00466
12	0.01472	0.01526	0.13228	0.24890	0.27965	0.01340	0.04644	0.04194	0.05326	0.04226	0.01409	0.04419	0.01172	0.00736	0.00646	0.00218	0.00739	0.00594	0.00384	0.00871
13	0.01306	0.01036	0.01175	0.00901	0.01324	0.00941	0.00720	0.09212	0.18577	0.06133	0.01310	0.01351	0.01012	0.00504	0.00446	0.00114	0.00420	0.00406	0.00404	0.52708
14	0.01040	0.00736	0.00895	0.00782	0.00973	0.00733	0.00606	0.16027	0.01694	0.04272	0.60717	0.03362	0.04083	0.00981	0.00602	0.00165	0.00321	0.00850	0.00573	0.00588
15	0.00684	0.00496	0.00650	0.00725	0.00795	0.00461	0.00515	0.00829	0.01158	0.01561	0.21355	0.51703	0.08435	0.01481	0.00663	0.00203	0.00304	0.07017	0.00513	0.00452
16	0.24850	0.05264	0.01143	0.00854	0.01221	0.00942	0.00713	0.02137	0.01295	0.47707	0.01652	0.01637	0.01133	0.00624	0.00465	0.00162	0.00437	0.02913	0.04083	0.00767
17	0.02126	0.01170	0.01379	0.01071	0.01476	0.01194	0.00880	0.34341	0.08410	0.39622	0.01740	0.01586	0.01159	0.00651	0.00531	0.00163	0.00504	0.00513	0.00590	0.00894
18	0.01308	0.01256	0.02146	0.03245	0.78123	0.01256	0.01622	0.01622	0.01204	0.01727	0.00994	0.01308	0.00837	0.00471	0.00523	0.00157	0.00628	0.00471	0.00262	0.00837
19	0.01206	0.01324	0.02526	0.01964	0.06369	0.03901	0.49674	0.01551	0.01159	0.01576	0.01228	0.01574	0.04780	0.00729	0.04166	0.00214	0.14515	0.00601	0.00273	0.00669
20	0.03420	0.00759	0.04898	0.00860	0.00994	0.02890	0.00689	0.01069	0.00925	0.04594	0.01586	0.09309	0.01579	0.15496	0.43601	0.00599	0.02801	0.03117	0.00327	0.00488
21	0.75853	0.04506	0.04226	0.00752	0.01107	0.01238	0.00657	0.03510	0.00958	0.02319	0.00759	0.00880	0.00590	0.00493	0.00340	0.00161	0.00436	0.00296	0.00324	0.00594
22	0.01223	0.00852	0.01050	0.00919	0.01108	0.00939	0.00715	0.21429	0.01350	0.07228	0.03446	0.02167	0.03677	0.15437	0.32124	0.00495	0.04258	0.00595	0.00393	0.00597
23	0.05631	0.05765	0.60248	0.01499	0.02179	0.01292	0.08735	0.01645	0.01099	0.01675	0.00926	0.01122	0.00678	0.00516	0.00561	0.00169	0.04871	0.00406	0.00233	0.00749
24	0.12129	0.30703	0.18006	0.01159	0.04751	0.03635	0.01109	0.03470	0.07236	0.01677	0.04893	0.01211	0.00974	0.00564	0.00521	0.00151	0.06431	0.00393	0.00292	0.00693
25	0.00902	0.00696	0.02885	0.00757	0.00929	0.00636	0.00578	0.01272	0.13287	0.07112	0.15292	0.25581	0.22079	0.04654	0.00704	0.00200	0.00337	0.01041	0.00510	0.00548
26	0.00648	0.00463	0.00617	0.00733	0.00768	0.00432	0.00491	0.00747	0.01032	0.01381	0.05995	0.77904	0.03558	0.01633	0.00673	0.00213	0.00304	0.01480	0.00494	0.00432
27	0.05858	0.01012	0.01274	0.00981	0.01389	0.00953	0.00810	0.16121	0.01666	0.61381	0.01877	0.01661	0.01202	0.00644	0.00522	0.00163	0.00472	0.00511	0.00617	0.00886
28	0.01212	0.09721	0.09010	0.02431	0.16584	0.01112	0.01997	0.03535	0.07673	0.01741	0.01041	0.01202	0.00844	0.00468	0.00461	0.00121	0.01550	0.00385	0.00307	0.38604
29	0.00730	0.00488	0.00650	0.00741	0.00791	0.00459	0.00503	0.00831	0.01028	0.04618	0.04615	0.68970	0.03278	0.05255	0.04117	0.00252	0.00368	0.01375	0.00483	0.00448
30	0.05276	0.00565	0.00679	0.00643	0.00788	0.00526	0.00485	0.00984	0.01411	0.02007	0.60423	0.03991	0.18094	0.01096	0.00608	0.00168	0.00261	0.00949	0.00552	0.00493
31	0.02059	0.00848	0.01134	0.00894	0.01253	0.00747	0.00729	0.03277	0.02769	0.62685	0.13414	0.02208	0.04044	0.00738	0.00548	0.00165	0.00416	0.00612	0.00635	0.00826
32	0.01234	0.10171	0.36141	0.04200	0.13260	0.01369	0.17701	0.06625	0.01242	0.01743	0.00981	0.01202	0.00740	0.00490	0.00517	0.00162	0.00745	0.00450	0.00259	0.00766
33	0.02372	0.00900	0.01227	0.00941	0.01350	0.00777	0.00777	0.02576	0.01513	0.78489	0.02086	0.01799	0.01309	0.00654	0.00532	0.00164	0.00450	0.00532	0.00654	0.00900
34	0.05522	0.00649	0.00677	0.00623	0.00810	0.00667	0.00482	0.03593	0.08478	0.09578	0.01738	0.01878	0.01322	0.00623	0.00404	0.00136	0.00300	0.00496	0.61444	0.00581
35	0.00791	0.00665	0.01051	0.00979	0.01123	0.00633	0.12426	0.01036	0.05217	0.01534	0.09709	0.50400	0.07276	0.01337	0.00654	0.00201	0.00403	0.03594	0.00467	0.00505
36	0.13479	0.03779	0.01316	0.01131	0.03911	0.21974	0.05793	0.03871	0.05261	0.14778	0.01592	0.05863	0.05869	0.00813	0.03833	0.00187	0.00631	0.00532	0.04726	0.00659
37	0.00956	0.00709	0.00847	0.00777	0.00961	0.00719	0.00593	0.01520	0.21061	0.05253	0.51870	0.03401	0.07260	0.00981	0.00598	0.00170	0.00302	0.00853	0.00569	0.00600
38	0.03767	0.00643	0.00902	0.00927	0.01067	0.00630	0.04593	0.01102	0.01141	0.04750	0.02632	0.14772	0.06736	0.10557	0.00915	0.00258	0.00471	0.43189	0.00459	0.00490
39	0.01366	0.01173	0.01252	0.03492	0.01448	0.05876	0.00779	0.17885	0.07878	0.02077	0.01107	0.01210	0.00870	0.00486	0.00444	0.00111	0.00480	0.00380	0.00374	0.51313
40	0.02700	0.04209	0.08075	0.01375	0.11945	0.12273	0.01036	0.13774	0.04727	0.15434	0.01227	0.01284	0.00907	0.00536	0.00481	0.00139	0.00585	0.00420	0.00394	0.18478
41	0.07366	0.01218	0.04775	0.01654	0.23402	0.05140	0.01084	0.06128	0.06028	0.35522	0.01530	0.01506	0.01062	0.00582	0.00512	0.00161	0.00544	0.00483	0.00468	0.00836

[dist]
# distance from previous block
# <min> <max>
0	6

[block]
# block no. 4 follows, 46 sequences, length 40
# corresponding to MSA columns:
# 553-592
name=unknown_E
#
# <colnr> <probs for GDERKNQSTAVLIFYWHMCP>
#	G	D	E	R	K	N	Q	S	T	A	V	L	I	F	Y	W	H	M	C	P
0	0.08188	0.01056	0.01204	0.00919	0.01336	0.04693	0.03605	0.05734	0.04167	0.14576	0.01244	0.03978	0.00980	0.00522	0.00445	0.00119	0.00458	0.00421	0.00394	0.45960
1	0.01541	0.01254	0.01530	0.07558	0.19092	0.05261	0.01091	0.28657	0.09635	0.05696	0.06654	0.01836	0.04447	0.00676	0.00542	0.00164	0.00560	0.02582	0.00440	0.00783
2	0.00658	0.00515	0.00586	0.00611	0.00733	0.00454	0.00437	0.00793	0.01179	0.01500	0.16420	0.24647	0.42464	0.05651	0.00748	0.00204	0.00288	0.01172	0.00497	0.00444
3	0.01851	0.07989	0.01720	0.01493	0.09542	0.39359	0.03952	0.17948	0.03393	0.06317	0.01041	0.01141	0.00807	0.00556	0.00493	0.00146	0.00767	0.00407	0.00351	0.00728
4	0.01079	0.00730	0.00904	0.00764	0.01012	0.00659	0.00594	0.03327	0.06642	0.10865	0.46031	0.02906	0.03357	0.00853	0.00557	0.00148	0.00322	0.00737	0.00530	0.17984
5	0.01400	0.64283	0.14269	0.01017	0.01518	0.01930	0.01071	0.06634	0.01176	0.01450	0.00804	0.00917	0.00692	0.00472	0.00377	0.00124	0.00599	0.00312	0.00246	0.00709
6	0.01906	0.01926	0.01739	0.01410	0.01777	0.37553	0.11347	0.28058	0.01810	0.05842	0.01072	0.01170	0.00805	0.00568	0.00518	0.00151	0.00790	0.00436	0.00380	0.00741
7	0.00692	0.00538	0.00628	0.00606	0.00755	0.00475	0.00454	0.00888	0.01362	0.01802	0.44529	0.04472	0.38501	0.01199	0.00624	0.00172	0.00258	0.01029	0.00540	0.00475
8	0.00998	0.00940	0.01586	0.80150	0.03641	0.01175	0.01468	0.01351	0.01057	0.01351	0.00940	0.01409	0.00705	0.00529	0.00529	0.00176	0.00705	0.00470	0.00235	0.00587
9	0.00891	0.00713	0.00819	0.00769	0.00954	0.00727	0.00590	0.01475	0.23121	0.01995	0.39650	0.03671	0.17856	0.01039	0.00603	0.00175	0.00310	0.03509	0.00549	0.00585
10	0.01733	0.00800	0.01003	0.00826	0.01128	0.00744	0.00662	0.03442	0.08780	0.43094	0.11010	0.02272	0.06080	0.00741	0.00520	0.00159	0.00380	0.00612	0.15264	0.00750
11	0.01285	0.01232	0.02103	0.09062	0.72490	0.01250	0.01611	0.01602	0.01193	0.01699	0.00990	0.01316	0.00827	0.00475	0.00524	0.00158	0.00634	0.00471	0.00260	0.00818
12	0.00638	0.00513	0.00569	0.00603	0.00734	0.00444	0.00434	0.00765	0.01163	0.01443	0.08702	0.27902	0.51399	0.01420	0.00640	0.00189	0.00278	0.01223	0.00496	0.00444
13	0.00808	0.00640	0.00947	0.11324	0.03393	0.00650	0.03122	0.01015	0.01129	0.01470	0.02721	0.29287	0.09481	0.01333	0.00668	0.00215	0.00454	0.30405	0.00443	0.00494
14	0.85155	0.01022	0.00777	0.00695	0.01022	0.01186	0.00573	0.01554	0.00900	0.02372	0.00736	0.00859	0.00573	0.00491	0.00327	0.00164	0.00409	0.00286	0.00327	0.00573
15	0.76403	0.01071	0.00862	0.00750	0.01087	0.01234	0.00618	0.09429	0.01067	0.02473	0.00792	0.00902	0.00607	0.00506	0.00348	0.00163	0.00427	0.00306	0.00348	0.00607
16	0.01840	0.14377	0.01719	0.03922	0.01651	0.33549	0.01005	0.28674	0.04861	0.02057	0.01025	0.01107	0.00798	0.00569	0.00478	0.00144	0.00729	0.00395	0.00367	0.00734
17	0.00747	0.00578	0.00688	0.00685	0.00824	0.00544	0.00510	0.01041	0.07667	0.01782	0.35659	0.17102	0.25227	0.01233	0.00629	0.00182	0.00287	0.03581	0.00534	0.00500
18	0.10512	0.12446	0.01529	0.03933	0.03294	0.05323	0.04552	0.05257	0.09439	0.13309	0.01307	0.02543	0.01086	0.07473	0.02898	0.00216	0.11980	0.01857	0.00374	0.00671
19	0.01343	0.32671	0.05917	0.01555	0.05661	0.05287	0.27732	0.04686	0.01233	0.01559	0.01057	0.01495	0.00917	0.00541	0.00500	0.00154	0.00707	0.06015	0.00277	0.00694
20	0.01925	0.01424	0.01523	0.01183	0.01588	0.01579	0.00972	0.68478	0.08092	0.03205	0.01350	0.01344	0.00967	0.00640	0.00525	0.00159	0.00559	0.00486	0.03118	0.00882
21	0.01268	0.03818	0.12687	0.09150	0.14535	0.01232	0.05937	0.03818	0.19984	0.06935	0.01568	0.04870	0.04073	0.00674	0.00633	0.00175	0.06962	0.00565	0.00370	0.00746
22	0.00785	0.00540	0.00699	0.00704	0.00820	0.00511	0.00544	0.01019	0.01360	0.01942	0.49397	0.10802	0.04096	0.01142	0.00617	0.00179	0.00295	0.13683	0.10376	0.00490
23	0.00710	0.00543	0.00659	0.00682	0.00817	0.00492	0.00529	0.00897	0.01279	0.01667	0.27425	0.12879	0.32674	0.01314	0.00650	0.00191	0.00308	0.15295	0.00519	0.00469
24	0.01387	0.01240	0.05653	0.14600	0.30553	0.01230	0.08344	0.05865	0.01244	0.11166	0.01106	0.01360	0.00849	0.00557	0.00659	0.00168	0.09235	0.00482	0.00318	0.03983
25	0.85155	0.01022	0.00777	0.00695	0.01022	0.01186	0.00573	0.01554	0.00900	0.02372	0.00736	0.00859	0.00573	0.00491	0.00327	0.00164	0.00409	0.00286	0.00327	0.00573
26	0.00812	0.00579	0.00793	0.00872	0.00968	0.00589	0.00713	0.01004	0.01098	0.01458	0.05495	0.08039	0.02721	0.14124	0.12315	0.00368	0.00607	0.46551	0.00436	0.00457
27	0.00748	0.00543	0.00707	0.00675	0.00802	0.00502	0.00512	0.00993	0.01471	0.02065	0.71225	0.04094	0.07887	0.01110	0.00629	0.00171	0.00262	0.04537	0.00574	0.00496
28	0.01179	0.00667	0.00810	0.00724	0.00938	0.00607	0.00559	0.05539	0.01396	0.20326	0.21839	0.12286	0.23881	0.01063	0.00587	0.00172	0.00328	0.00906	0.05598	0.00595
29	0.04075	0.01040	0.01914	0.05350	0.01948	0.01025	0.34954	0.04472	0.04143	0.01705	0.01784	0.16092	0.01762	0.00892	0.00633	0.00197	0.00648	0.16376	0.00374	0.00618
30	0.01072	0.01059	0.01579	0.74191	0.03489	0.07083	0.01434	0.01408	0.01090	0.01346	0.00930	0.01375	0.00703	0.00530	0.00525	0.00173	0.00724	0.00460	0.00238	0.00589
31	0.26670	0.26543	0.01554	0.00885	0.01241	0.14065	0.00752	0.01559	0.01089	0.01670	0.00943	0.06973	0.00875	0.00561	0.00391	0.00135	0.00536	0.00390	0.00297	0.12869
32	0.01232	0.00944	0.01065	0.00934	0.01207	0.00989	0.00722	0.09353	0.33521	0.06345	0.13965	0.13150	0.02218	0.00854	0.00551	0.00167	0.00391	0.00730	0.00516	0.11145
33	0.01143	0.02510	0.67125	0.01554	0.02291	0.01217	0.09557	0.01720	0.01149	0.05406	0.01016	0.01181	0.00714	0.00504	0.00516	0.00168	0.00777	0.00422	0.00249	0.00780
34	0.41209	0.01203	0.01039	0.00924	0.01240	0.07168	0.00733	0.05732	0.31604	0.02273	0.01336	0.01332	0.01014	0.00593	0.00433	0.00168	0.00462	0.00424	0.00417	0.00697
35	0.03442	0.01317	0.01324	0.01129	0.01424	0.12446	0.04494	0.21812	0.26385	0.02238	0.07170	0.08398	0.01632	0.02668	0.01550	0.00185	0.00554	0.00628	0.00470	0.00734
36	0.00798	0.00710	0.05108	0.03771	0.01002	0.00591	0.00611	0.01084	0.05035	0.03758	0.36431	0.10016	0.26850	0.01124	0.00611	0.00175	0.00321	0.00970	0.00513	0.00523
37	0.01247	0.01166	0.01865	0.04235	0.41427	0.01202	0.09614	0.03785	0.17659	0.01824	0.01454	0.09551	0.01269	0.00647	0.00553	0.00171	0.00580	0.00620	0.00352	0.00778
38	0.01455	0.01259	0.01807	0.16859	0.22138	0.05703	0.07223	0.11815	0.04051	0.09016	0.01117	0.01359	0.00860	0.00599	0.00708	0.00174	0.12292	0.00485	0.00336	0.00744
39	0.01709	0.00823	0.01120	0.00957	0.03189	0.00753	0.02305	0.06914	0.01503	0.42689	0.20181	0.11381	0.02389	0.00861	0.00572	0.00170	0.00408	0.00741	0.00591	0.00744

[dist]
# distance from previous block
# <min> <max>
0	2

[block]
# block no. 5 follows, 46 sequences, length 114
# corresponding to MSA columns:
# 595-708
name=unknown_F
#
# <colnr> <probs for GDERKNQSTAVLIFYWHMCP>
#	G	D	E	R	K	N	Q	S	T	A	V	L	I	F	Y	W	H	M	C	P
0	0.07326	0.17372	0.02785	0.05321	0.17016	0.30204	0.01105	0.02875	0.01295	0.07545	0.00943	0.01095	0.00758	0.00522	0.00475	0.00144	0.01851	0.00377	0.00295	0.00695
1	0.04064	0.00881	0.01161	0.00905	0.01282	0.00785	0.00743	0.04898	0.01508	0.66100	0.05628	0.01873	0.01457	0.00668	0.00522	0.00161	0.00432	0.00542	0.05540	0.00849
2	0.01287	0.01232	0.02091	0.07256	0.72306	0.01238	0.01590	0.01601	0.01193	0.01707	0.00990	0.01309	0.00829	0.00472	0.00520	0.00156	0.00626	0.00467	0.00262	0.02868
3	0.00715	0.00539	0.00660	0.00630	0.00769	0.00485	0.00473	0.00933	0.01418	0.01933	0.58257	0.04257	0.24692	0.01151	0.00624	0.00170	0.00254	0.00999	0.00557	0.00485
4	0.02029	0.00884	0.01157	0.00927	0.01278	0.00808	0.00749	0.06983	0.05260	0.57710	0.07801	0.08639	0.01759	0.00773	0.00551	0.00169	0.00429	0.00645	0.00621	0.00827
5	0.00799	0.00552	0.00719	0.00670	0.00806	0.00507	0.00505	0.01043	0.01488	0.04684	0.72944	0.03913	0.07212	0.01075	0.00620	0.00167	0.00257	0.00947	0.00581	0.00511
6	0.00757	0.00513	0.00603	0.00614	0.00624	0.00518	0.00364	0.00781	0.00796	0.01070	0.01750	0.09904	0.02004	0.68028	0.09098	0.00516	0.00573	0.00813	0.00332	0.00343
7	0.43688	0.01164	0.01035	0.00879	0.01224	0.09365	0.00710	0.03439	0.07620	0.24312	0.01265	0.01243	0.00892	0.00566	0.00424	0.00162	0.00483	0.00393	0.00438	0.00700
8	0.01075	0.00579	0.00604	0.00572	0.00724	0.00587	0.00436	0.04804	0.04226	0.04324	0.05761	0.02038	0.01535	0.00647	0.00402	0.00131	0.00275	0.00522	0.70221	0.00538
9	0.81853	0.01041	0.00809	0.00716	0.01047	0.01204	0.00590	0.04525	0.00963	0.02410	0.00757	0.00875	0.00585	0.00496	0.00335	0.00163	0.00416	0.00294	0.00335	0.00585
10	0.00671	0.00524	0.00605	0.00633	0.00760	0.00465	0.00466	0.00819	0.01200	0.01529	0.17163	0.21232	0.41499	0.04102	0.00713	0.00200	0.00296	0.06173	0.00501	0.00450
11	0.01060	0.02735	0.78682	0.01507	0.02288	0.01228	0.01953	0.01674	0.01116	0.01674	0.00949	0.01116	0.00670	0.00502	0.00502	0.00167	0.00781	0.00391	0.00223	0.00781
12	0.01583	0.00737	0.00963	0.00826	0.01110	0.00649	0.00675	0.01784	0.01402	0.41693	0.11997	0.03365	0.18302	0.00969	0.00591	0.00179	0.00392	0.11503	0.00586	0.00695
13	0.02082	0.01365	0.01515	0.01162	0.01582	0.01468	0.00960	0.61705	0.02292	0.18260	0.01431	0.01375	0.00980	0.00639	0.00529	0.00160	0.00556	0.00487	0.00554	0.00899
14	0.06032	0.05613	0.01658	0.01205	0.01627	0.01492	0.06364	0.50940	0.04643	0.13116	0.01340	0.01333	0.00944	0.00610	0.00516	0.00159	0.00571	0.00479	0.00501	0.00856
15	0.01374	0.01165	0.01228	0.01088	0.01397	0.01342	0.00851	0.09029	0.70853	0.02306	0.02077	0.01913	0.01553	0.00710	0.00537	0.00178	0.00432	0.00587	0.00537	0.00842
16	0.01060	0.02735	0.78682	0.01507	0.02288	0.01228	0.01953	0.01674	0.01116	0.01674	0.00949	0.01116	0.00670	0.00502	0.00502	0.00167	0.00781	0.00391	0.00223	0.00781
17	0.01994	0.00984	0.01216	0.00989	0.01359	0.00969	0.00798	0.02659	0.28529	0.51251	0.02109	0.01861	0.01418	0.00677	0.00534	0.00169	0.00439	0.00555	0.00613	0.00877
18	0.01308	0.01256	0.02146	0.03245	0.78123	0.01256	0.01622	0.01622	0.01204	0.01727	0.00994	0.01308	0.00837	0.00471	0.00523	0.00157	0.00628	0.00471	0.00262	0.00837
19	0.57464	0.01175	0.01047	0.00869	0.01228	0.01337	0.00716	0.26467	0.01428	0.02692	0.00914	0.00995	0.00681	0.00539	0.00394	0.00162	0.00466	0.00349	0.00394	0.00681
20	0.01315	0.01136	0.01195	0.01076	0.01375	0.01315	0.00837	0.02809	0.77168	0.02211	0.02152	0.01972	0.01614	0.00717	0.00538	0.00179	0.00418	0.00598	0.00538	0.00837
21	0.00748	0.00540	0.00707	0.00665	0.00790	0.00499	0.00499	0.00998	0.01496	0.02120	0.77844	0.03949	0.04988	0.01081	0.00624	0.00166	0.00249	0.00956	0.00582	0.00499
22	0.00663	0.00466	0.00614	0.00723	0.00762	0.00436	0.00486	0.00770	0.01042	0.01415	0.06833	0.73851	0.03490	0.01584	0.00660	0.00208	0.00301	0.01434	0.03826	0.00436
23	0.00692	0.00548	0.00634	0.00682	0.00829	0.00491	0.00540	0.00852	0.01188	0.01464	0.04368	0.13355	0.48676	0.01407	0.00660	0.00201	0.00334	0.22134	0.00490	0.00456
24	0.01251	0.01367	0.08478	0.18723	0.53467	0.04337	0.01595	0.01591	0.01178	0.01629	0.00972	0.01299	0.00790	0.00488	0.00521	0.00161	0.00670	0.00459	0.00253	0.00773
25	0.01660	0.17895	0.01669	0.01166	0.01498	0.31282	0.00939	0.10083	0.25079	0.01785	0.01264	0.01283	0.00994	0.00589	0.00474	0.00147	0.00669	0.00423	0.00373	0.00726
26	0.05671	0.00905	0.01209	0.00931	0.01336	0.00793	0.00769	0.02536	0.01489	0.75455	0.02032	0.01762	0.01279	0.00648	0.00523	0.00164	0.00448	0.00522	0.00641	0.00887
27	0.01404	0.57465	0.16982	0.01091	0.02938	0.01869	0.01125	0.08967	0.01223	0.01539	0.00833	0.00948	0.00701	0.00480	0.00392	0.00129	0.00609	0.00325	0.00256	0.00722
