[name]
unknown

[dist]
# distance from previous block
# <min> <max>
3	618

[block]
# block no. 0 follows, 38 sequences, length 23
# corresponding to MSA columns:
# 852-874
name=unknown_A
#
# <colnr> <probs for GDERKNQSTAVLIFYWHMCP>
#	G	D	E	R	K	N	Q	S	T	A	V	L	I	F	Y	W	H	M	C	P
0	0.00819	0.00704	0.00889	0.16795	0.01526	0.00689	0.00730	0.01040	0.01373	0.01707	0.13942	0.06933	0.48086	0.01302	0.00689	0.00202	0.00408	0.01105	0.00511	0.00549
1	0.02374	0.01546	0.01719	0.01318	0.01796	0.01659	0.01089	0.58337	0.02596	0.18883	0.01640	0.01571	0.01121	0.00727	0.00602	0.00182	0.00630	0.00555	0.00632	0.01023
2	0.02259	0.05821	0.01720	0.03609	0.06068	0.42131	0.01122	0.02493	0.03311	0.23648	0.01407	0.01431	0.01024	0.00651	0.00560	0.00167	0.00849	0.00469	0.00442	0.00818
3	0.18760	0.01154	0.03264	0.07834	0.03061	0.01206	0.00942	0.04666	0.20048	0.15624	0.11526	0.02194	0.03902	0.00795	0.00604	0.00194	0.02250	0.00632	0.00536	0.00807
4	0.00774	0.00582	0.00717	0.00746	0.00867	0.00525	0.00536	0.00962	0.01427	0.01906	0.32374	0.30251	0.23074	0.01531	0.00730	0.00212	0.00312	0.01349	0.00600	0.00525
5	0.01040	0.00553	0.00590	0.00619	0.00737	0.00546	0.00450	0.01283	0.01238	0.02094	0.02247	0.18280	0.02055	0.00950	0.00494	0.00162	0.00295	0.00803	0.65021	0.00546
6	0.06239	0.01490	0.01500	0.01321	0.05110	0.09591	0.01000	0.36296	0.05170	0.07270	0.03591	0.08644	0.06450	0.00867	0.00604	0.00186	0.00613	0.00688	0.02512	0.00858
7	0.01306	0.00709	0.00938	0.00842	0.01056	0.00638	0.00644	0.01553	0.01636	0.20955	0.46329	0.12224	0.06366	0.01188	0.00689	0.00195	0.00350	0.01040	0.00669	0.00673
8	0.00751	0.00609	0.00702	0.00712	0.00877	0.00560	0.00533	0.00919	0.01283	0.01607	0.08212	0.11429	0.49833	0.02170	0.16656	0.00367	0.00583	0.01168	0.00514	0.00515
9	0.01751	0.62907	0.02869	0.01104	0.01612	0.02272	0.01053	0.16802	0.01560	0.01915	0.00964	0.01066	0.00825	0.00558	0.00431	0.00140	0.00647	0.00368	0.00330	0.00825
10	0.19358	0.01038	0.01231	0.01007	0.01409	0.01006	0.00816	0.02548	0.07920	0.48018	0.02130	0.07758	0.01536	0.00800	0.00569	0.00192	0.00486	0.00638	0.00640	0.00898
11	0.02540	0.01208	0.01501	0.01159	0.01623	0.01166	0.00955	0.21231	0.05123	0.53684	0.02134	0.01899	0.01383	0.00742	0.00604	0.00185	0.00549	0.00592	0.00702	0.01021
12	0.01227	0.06925	0.72105	0.01680	0.02551	0.01446	0.02163	0.01900	0.01268	0.01881	0.01067	0.01255	0.00763	0.00569	0.00562	0.00187	0.00877	0.00438	0.00254	0.00883
13	0.01154	0.00641	0.00834	0.00854	0.00992	0.00580	0.00605	0.01283	0.01272	0.17085	0.03265	0.50804	0.09595	0.06943	0.00887	0.00252	0.00396	0.01381	0.00584	0.00594
14	0.01267	0.00828	0.01274	0.01031	0.01301	0.00785	0.15722	0.01582	0.01363	0.08100	0.05808	0.02484	0.07291	0.00754	0.00533	0.00164	0.00456	0.00677	0.47932	0.00647
15	0.01214	0.00970	0.01558	0.54538	0.03230	0.01135	0.01369	0.01576	0.01354	0.08260	0.16695	0.02251	0.01888	0.00746	0.00624	0.00197	0.00667	0.00657	0.00393	0.00679
16	0.01992	0.02176	0.02076	0.01682	0.02071	0.37477	0.16234	0.17932	0.01839	0.02113	0.01139	0.01335	0.00890	0.00643	0.00655	0.00175	0.04634	0.00503	0.03645	0.00786
17	0.01188	0.00747	0.00900	0.00807	0.01008	0.00730	0.00621	0.07740	0.03722	0.07840	0.45685	0.03509	0.03983	0.01027	0.00629	0.00178	0.00339	0.00882	0.17816	0.00650
18	0.01607	0.01255	0.01749	0.01472	0.01570	0.01641	0.01225	0.01760	0.01090	0.17033	0.01123	0.01470	0.00937	0.00988	0.01686	0.00247	0.61505	0.00543	0.00364	0.00735
19	0.01826	0.01268	0.01883	0.01459	0.04405	0.01164	0.16055	0.11580	0.04769	0.22138	0.03106	0.01688	0.01218	0.00612	0.00583	0.00162	0.00619	0.00558	0.00499	0.24409
20	0.01965	0.32681	0.05550	0.01190	0.01675	0.07121	0.02786	0.16223	0.01692	0.17549	0.01428	0.01445	0.02151	0.00636	0.00509	0.00159	0.00653	0.00467	0.03256	0.00864
21	0.01559	0.04243	0.26476	0.01566	0.02219	0.01262	0.16462	0.05407	0.01441	0.13579	0.01320	0.01461	0.00950	0.00563	0.00574	0.00167	0.00739	0.00507	0.00381	0.19125
22	0.06468	0.10596	0.12237	0.21724	0.03624	0.07465	0.11699	0.03499	0.03578	0.06575	0.05890	0.01634	0.01192	0.00630	0.00577	0.00184	0.00762	0.00543	0.00354	0.00770

[dist]
# distance from previous block
# <min> <max>
0	2

[block]
# block no. 1 follows, 38 sequences, length 32
# corresponding to MSA columns:
# 877-908
name=unknown_B
#
# <colnr> <probs for GDERKNQSTAVLIFYWHMCP>
#	G	D	E	R	K	N	Q	S	T	A	V	L	I	F	Y	W	H	M	C	P
0	0.01557	0.13400	0.20010	0.14676	0.11079	0.04933	0.02572	0.09630	0.01491	0.07654	0.03229	0.02802	0.01071	0.00648	0.00602	0.00182	0.02755	0.00518	0.00358	0.00835
1	0.06039	0.01115	0.01497	0.01341	0.08843	0.01033	0.00985	0.06382	0.04519	0.58511	0.02138	0.01922	0.01389	0.00717	0.00594	0.00186	0.00536	0.00586	0.00671	0.00998
2	0.02585	0.01076	0.01410	0.01087	0.01536	0.00975	0.00891	0.10155	0.01804	0.65170	0.02258	0.02058	0.01468	0.03774	0.00700	0.00201	0.00530	0.00609	0.00715	0.00998
3	0.05068	0.06272	0.11390	0.01471	0.01960	0.08299	0.08323	0.32392	0.03523	0.07363	0.01413	0.04792	0.01097	0.00719	0.00633	0.00185	0.03170	0.00569	0.00470	0.00891
4	0.06614	0.05434	0.30305	0.10673	0.06555	0.04375	0.10647	0.03532	0.03484	0.05664	0.03192	0.04480	0.01118	0.00651	0.00587	0.00190	0.00782	0.00562	0.00340	0.00817
5	0.02011	0.01055	0.01243	0.01004	0.01363	0.01053	0.00812	0.19878	0.05253	0.30579	0.07079	0.02127	0.01694	0.00765	0.00565	0.00174	0.00473	0.00615	0.21387	0.00871
6	0.00872	0.00592	0.00701	0.00698	0.00719	0.00602	0.00421	0.00913	0.00936	0.01268	0.06282	0.03790	0.02320	0.65622	0.11343	0.00603	0.00683	0.00861	0.00378	0.00397
7	0.13834	0.07242	0.04544	0.01243	0.01682	0.01375	0.08053	0.08735	0.20155	0.19957	0.04180	0.01894	0.03052	0.00719	0.00570	0.00188	0.00572	0.00590	0.00537	0.00879
8	0.04745	0.11354	0.12320	0.06169	0.03488	0.01285	0.08835	0.01848	0.11073	0.07493	0.06147	0.04841	0.13334	0.00915	0.02008	0.00205	0.02028	0.00717	0.00434	0.00760
9	0.00733	0.00524	0.00698	0.00838	0.00873	0.00489	0.00558	0.00838	0.01152	0.01536	0.03316	0.78466	0.03979	0.01885	0.00768	0.00244	0.00349	0.01710	0.00558	0.00489
10	0.02124	0.01488	0.01709	0.01343	0.01781	0.01613	0.03186	0.54953	0.02469	0.10357	0.01658	0.01934	0.01263	0.01010	0.05162	0.00235	0.00707	0.05465	0.00587	0.00955
11	0.11011	0.25173	0.11901	0.01240	0.01697	0.05852	0.01173	0.09213	0.11016	0.06752	0.01242	0.01335	0.00970	0.00662	0.00640	0.00177	0.08286	0.00450	0.00386	0.00824
12	0.00855	0.00601	0.00781	0.00794	0.00840	0.00640	0.00534	0.00949	0.00938	0.01292	0.01924	0.10603	0.02097	0.42472	0.31345	0.00699	0.00960	0.00867	0.00367	0.00444
13	0.00730	0.00610	0.00635	0.00629	0.00824	0.00516	0.00472	0.00900	0.01415	0.01730	0.15262	0.05617	0.65628	0.01484	0.00711	0.00201	0.00302	0.01245	0.00572	0.00516
14	0.09403	0.01385	0.02450	0.01822	0.02294	0.01375	0.38094	0.06313	0.06092	0.13326	0.01479	0.01803	0.01125	0.06055	0.00866	0.00226	0.04012	0.00649	0.00418	0.00813
15	0.01589	0.08091	0.26896	0.01844	0.06969	0.17588	0.14447	0.05244	0.08018	0.01922	0.01197	0.01381	0.00913	0.00592	0.00583	0.00181	0.00877	0.00502	0.00326	0.00841
16	0.00733	0.00524	0.00698	0.00838	0.00873	0.00489	0.00558	0.00838	0.01152	0.01536	0.03316	0.78466	0.03979	0.01885	0.00768	0.00244	0.00349	0.01710	0.00558	0.00489
17	0.02247	0.02867	0.01705	0.01550	0.01860	0.76443	0.01162	0.02402	0.01705	0.01472	0.00930	0.01085	0.00775	0.00620	0.00542	0.00155	0.01085	0.00387	0.00310	0.00697
18	0.02088	0.01173	0.01397	0.01164	0.01562	0.01206	0.00942	0.10139	0.29351	0.35630	0.02358	0.02363	0.01700	0.00828	0.00622	0.00198	0.00516	0.05128	0.00667	0.00966
19	0.01666	0.69565	0.04631	0.01099	0.01601	0.10067	0.01070	0.01866	0.01274	0.01432	0.00852	0.00984	0.00772	0.00527	0.00406	0.00133	0.00695	0.00331	0.00263	0.00767
20	0.01211	0.06622	0.03646	0.06450	0.03565	0.01113	0.05438	0.05065	0.15051	0.02194	0.26960	0.02824	0.04693	0.03946	0.00716	0.00195	0.00502	0.00762	0.00506	0.08541
21	0.05057	0.19252	0.18256	0.11547	0.02187	0.06301	0.03780	0.09381	0.04338	0.09680	0.01265	0.01465	0.00966	0.03308	0.00623	0.00189	0.00731	0.00481	0.00372	0.00821
22	0.00773	0.00555	0.00742	0.00878	0.00935	0.00524	0.00626	0.00909	0.01199	0.01584	0.03375	0.63933	0.05979	0.01836	0.00777	0.00249	0.00383	0.13685	0.00558	0.00500
23	0.00883	0.00667	0.00962	0.00950	0.01037	0.00778	0.00722	0.01062	0.00951	0.01365	0.01615	0.02545	0.01571	0.15245	0.62239	0.00878	0.05015	0.00673	0.00326	0.00517
24	0.01582	0.09598	0.02327	0.13631	0.08924	0.13260	0.19493	0.01888	0.01367	0.07731	0.01293	0.06452	0.01098	0.00703	0.00736	0.00192	0.08004	0.00616	0.00343	0.00762
25	0.01978	0.01114	0.01441	0.11246	0.04719	0.01117	0.01002	0.15868	0.03933	0.30752	0.05227	0.01941	0.01461	0.00714	0.00578	0.00176	0.00546	0.00585	0.09495	0.06107
26	0.00753	0.00541	0.00714	0.00818	0.00875	0.00503	0.00557	0.00889	0.01252	0.01688	0.15632	0.63843	0.06174	0.01763	0.00756	0.00234	0.00337	0.01592	0.00576	0.00503
27	0.01585	0.01163	0.01835	0.22021	0.19371	0.02377	0.07475	0.01993	0.05263	0.17405	0.04311	0.04148	0.01373	0.00689	0.00606	0.00189	0.00657	0.00628	0.06090	0.00821
28	0.03923	0.10655	0.01859	0.04794	0.08365	0.01470	0.05653	0.18342	0.13175	0.08949	0.01743	0.04816	0.03440	0.00734	0.00577	0.00177	0.00600	0.01811	0.00481	0.08436
29	0.00870	0.04065	0.00892	0.00793	0.00952	0.00647	0.00617	0.01119	0.01563	0.02133	0.49320	0.09915	0.14500	0.01332	0.00713	0.00202	0.00337	0.08858	0.00611	0.00561
30	0.01285	0.04418	0.11171	0.01163	0.01522	0.01260	0.01029	0.02379	0.40803	0.02291	0.16883	0.02805	0.02523	0.03371	0.00706	0.00212	0.00506	0.04302	0.00550	0.00820
31	0.10084	0.09249	0.27308	0.06970	0.12023	0.06255	0.01544	0.06895	0.03600	0.05611	0.04177	0.01463	0.01067	0.00618	0.00547	0.00181	0.00733	0.00484	0.00352	0.00839

[dist]
# distance from previous block
# <min> <max>
0	5

[block]
# block no. 2 follows, 38 sequences, length 24
# corresponding to MSA columns:
# 914-937
name=unknown_C
#
# <colnr> <probs for GDERKNQSTAVLIFYWHMCP>
#	G	D	E	R	K	N	Q	S	T	A	V	L	I	F	Y	W	H	M	C	P
0	0.07181	0.06569	0.10016	0.02805	0.08757	0.01386	0.04220	0.11401	0.06792	0.05396	0.05840	0.06632	0.06366	0.00843	0.00759	0.00195	0.10064	0.00663	0.00431	0.03683
1	0.10952	0.02436	0.02754	0.00906	0.01131	0.00858	0.00707	0.03948	0.08194	0.08724	0.10332	0.27287	0.11624	0.01483	0.05665	0.00259	0.00491	0.01058	0.00542	0.00648
2	0.01130	0.00822	0.01186	0.05445	0.04222	0.00841	0.03978	0.01514	0.07883	0.06726	0.06777	0.14668	0.02852	0.04576	0.05842	0.00301	0.00611	0.29469	0.00520	0.00637
3	0.06376	0.11021	0.05659	0.02931	0.08752	0.02983	0.13164	0.02281	0.08642	0.23414	0.01563	0.01622	0.01127	0.00639	0.00626	0.00182	0.03659	0.00546	0.00458	0.04357
4	0.12320	0.06561	0.01774	0.01398	0.04554	0.02988	0.06993	0.27023	0.12979	0.05806	0.01566	0.05850	0.01266	0.02330	0.00682	0.00198	0.03752	0.00605	0.00494	0.00863
5	0.00920	0.00727	0.00749	0.00792	0.00828	0.06091	0.00498	0.00972	0.01043	0.01332	0.02375	0.32607	0.02778	0.43314	0.01989	0.00421	0.00529	0.01163	0.00436	0.00437
6	0.01745	0.14019	0.01778	0.01229	0.01647	0.04741	0.01011	0.21925	0.35428	0.02610	0.01768	0.01711	0.01341	0.00711	0.00560	0.00176	0.00577	0.00553	0.00524	0.05945
7	0.06018	0.02066	0.37048	0.01327	0.01984	0.01195	0.01474	0.06948	0.01350	0.03832	0.01163	0.01365	0.00888	0.00863	0.06559	0.00222	0.00770	0.00439	0.00333	0.24156
8	0.01228	0.02979	0.70305	0.01679	0.02528	0.01404	0.02130	0.02000	0.06587	0.01950	0.01180	0.01341	0.00841	0.00589	0.00575	0.00192	0.00859	0.00462	0.00280	0.00894
9	0.04432	0.02003	0.27146	0.01930	0.02575	0.01399	0.32978	0.05903	0.01428	0.07398	0.01279	0.01548	0.00938	0.00806	0.05293	0.00243	0.00933	0.00586	0.00340	0.00842
10	0.01401	0.01301	0.02135	0.34499	0.08583	0.01467	0.15323	0.12134	0.04248	0.02042	0.04326	0.01702	0.01113	0.00664	0.00727	0.00201	0.06406	0.00598	0.00355	0.00775
11	0.01136	0.01069	0.01804	0.77412	0.04143	0.01337	0.01671	0.01537	0.01203	0.01537	0.01069	0.01604	0.00802	0.00601	0.00601	0.00200	0.00802	0.00535	0.00267	0.00668
12	0.00957	0.00693	0.00871	0.00897	0.01015	0.00698	0.00691	0.01280	0.07568	0.01845	0.21739	0.04984	0.03550	0.23258	0.01409	0.00334	0.00484	0.26657	0.00534	0.00538
13	0.16265	0.00995	0.01161	0.00958	0.01330	0.00966	0.00773	0.04940	0.06351	0.39297	0.06556	0.05186	0.07516	0.00847	0.00577	0.00189	0.00461	0.00679	0.04105	0.00847
14	0.07661	0.00945	0.01274	0.04403	0.04280	0.00989	0.06579	0.04397	0.07018	0.06034	0.08279	0.10478	0.18058	0.04265	0.05841	0.00272	0.05317	0.02764	0.00484	0.00662
15	0.00919	0.00603	0.00789	0.00867	0.00952	0.00569	0.00601	0.03670	0.01286	0.06224	0.07914	0.66018	0.03828	0.01728	0.00748	0.00235	0.00366	0.01558	0.00578	0.00547
16	0.00781	0.00580	0.00781	0.00897	0.00936	0.00579	0.00627	0.00898	0.01153	0.01547	0.03162	0.69622	0.03764	0.01823	0.00841	0.00247	0.04816	0.05903	0.00541	0.00502
17	0.01264	0.01216	0.02112	0.42025	0.19659	0.01354	0.11304	0.01735	0.05340	0.01756	0.01302	0.01914	0.01062	0.00647	0.00629	0.00200	0.00779	0.04625	0.00315	0.00761
18	0.02071	0.01497	0.05836	0.06712	0.14321	0.10361	0.02748	0.08331	0.04475	0.31853	0.01764	0.04549	0.01280	0.00713	0.00602	0.00185	0.00672	0.00594	0.00523	0.00914
19	0.01207	0.03112	0.75741	0.01715	0.02604	0.01397	0.02223	0.01905	0.01270	0.01905	0.01080	0.01270	0.00762	0.00572	0.00572	0.00191	0.00889	0.00445	0.00254	0.00889
20	0.00874	0.00585	0.00666	0.00666	0.00670	0.00589	0.00377	0.00881	0.00878	0.01174	0.01886	0.03884	0.02164	0.76377	0.05513	0.00596	0.00618	0.00867	0.00363	0.00370
21	0.01207	0.03112	0.75741	0.01715	0.02604	0.01397	0.02223	0.01905	0.01270	0.01905	0.01080	0.01270	0.00762	0.00572	0.00572	0.00191	0.00889	0.00445	0.00254	0.00889
22	0.01293	0.01134	0.01749	0.61256	0.03619	0.01371	0.01547	0.11977	0.01452	0.01884	0.01264	0.01923	0.01010	0.00689	0.00617	0.00203	0.00765	0.05199	0.00335	0.00713
23	0.06318	0.62355	0.05698	0.01149	0.01673	0.02202	0.05069	0.06565	0.01331	0.01695	0.00907	0.01046	0.00789	0.00533	0.00425	0.00142	0.00664	0.00363	0.00289	0.00788

[dist]
# distance from previous block
# <min> <max>
0	1

[block]
# block no. 3 follows, 38 sequences, length 21
# corresponding to MSA columns:
# 939-959
name=unknown_D
#
# <colnr> <probs for GDERKNQSTAVLIFYWHMCP>
#	G	D	E	R	K	N	Q	S	T	A	V	L	I	F	Y	W	H	M	C	P
0	0.79017	0.01156	0.00910	0.00805	0.01182	0.01326	0.00663	0.01828	0.01059	0.06404	0.00916	0.01032	0.00694	0.00568	0.00384	0.00186	0.00468	0.00340	0.00391	0.00670
1	0.00711	0.00609	0.00609	0.00609	0.00813	0.00508	0.00457	0.00863	0.01371	0.01625	0.06094	0.05789	0.74862	0.01524	0.00711	0.00203	0.00305	0.01270	0.00559	0.00508
2	0.01323	0.01336	0.01955	0.01642	0.01682	0.01821	0.06025	0.01479	0.00954	0.01479	0.00818	0.01336	0.00798	0.01017	0.01891	0.00259	0.72710	0.00539	0.00266	0.00668
3	0.00733	0.00524	0.00698	0.00838	0.00873	0.00489	0.00558	0.00838	0.01152	0.01536	0.03316	0.78466	0.03979	0.01885	0.00768	0.00244	0.00349	0.01710	0.00558	0.00489
4	0.01689	0.08564	0.05903	0.01160	0.01679	0.07156	0.01001	0.24678	0.01791	0.02460	0.01159	0.01274	0.00906	0.00561	0.00505	0.00133	0.00608	0.00420	0.00417	0.37935
5	0.03607	0.25605	0.14627	0.13490	0.02197	0.05683	0.04371	0.03564	0.01305	0.06430	0.01094	0.01326	0.00868	0.00744	0.03608	0.00199	0.04336	0.00445	0.00315	0.06185
6	0.01820	0.05340	0.17117	0.03533	0.02028	0.02694	0.10355	0.09654	0.04480	0.24365	0.01740	0.04564	0.02526	0.00781	0.01878	0.00201	0.02917	0.00607	0.00482	0.02919
7	0.17817	0.18880	0.28923	0.01738	0.13265	0.01614	0.06239	0.01847	0.01235	0.01969	0.00995	0.01202	0.00781	0.00547	0.00504	0.00175	0.00732	0.00426	0.00289	0.00821
8	0.01159	0.01093	0.01846	0.72536	0.08837	0.01343	0.01682	0.01557	0.01214	0.01565	0.01073	0.01596	0.00812	0.00597	0.00601	0.00199	0.00796	0.00535	0.00269	0.00687
9	0.01750	0.08149	0.20157	0.04665	0.08009	0.04036	0.15329	0.04661	0.01475	0.20902	0.01459	0.01634	0.01054	0.03233	0.00679	0.00198	0.00767	0.00554	0.00413	0.00876
10	0.01397	0.04371	0.13675	0.41710	0.05793	0.07968	0.04036	0.01793	0.01291	0.06548	0.01130	0.01493	0.00846	0.00623	0.00661	0.00194	0.04909	0.00510	0.00303	0.00748
11	0.00944	0.00639	0.00815	0.00757	0.00926	0.00579	0.00573	0.01208	0.01662	0.06702	0.61665	0.04512	0.14263	0.01238	0.00703	0.00191	0.00300	0.01082	0.00654	0.00587
12	0.01111	0.00986	0.06166	0.11081	0.03997	0.00844	0.06763	0.01403	0.01423	0.08756	0.14282	0.06593	0.26430	0.01133	0.00685	0.00205	0.00516	0.06468	0.00504	0.00653
13	0.04681	0.08300	0.18578	0.03447	0.02171	0.05603	0.13755	0.11914	0.05760	0.15451	0.01420	0.01515	0.01016	0.00639	0.00627	0.00186	0.03094	0.00534	0.00428	0.00881
14	0.00750	0.00552	0.00738	0.03758	0.00995	0.00524	0.00596	0.00874	0.01181	0.01565	0.05361	0.69313	0.07966	0.01797	0.00757	0.00239	0.00362	0.01623	0.00550	0.00499
15	0.01564	0.01635	0.02782	0.06548	0.07178	0.10923	0.42970	0.01952	0.01416	0.06641	0.01291	0.04405	0.01035	0.00633	0.00759	0.00200	0.06277	0.00666	0.00338	0.00789
16	0.07296	0.06523	0.01680	0.03707	0.01778	0.39639	0.01096	0.07656	0.04072	0.11631	0.01264	0.01470	0.01000	0.00700	0.00642	0.00175	0.05908	0.02589	0.00404	0.00768
17	0.02824	0.13911	0.26700	0.11708	0.07068	0.01529	0.01532	0.08513	0.03666	0.03475	0.04112	0.01607	0.01123	0.04626	0.00759	0.00205	0.04984	0.00514	0.00338	0.00807
18	0.00843	0.00650	0.00730	0.00730	0.00907	0.00590	0.00539	0.01115	0.06204	0.03708	0.17491	0.18637	0.42732	0.01471	0.00712	0.00208	0.00326	0.01262	0.00585	0.00558
19	0.04533	0.01158	0.01317	0.06208	0.01633	0.01321	0.00976	0.09578	0.39449	0.02430	0.08819	0.04951	0.02208	0.00959	0.00686	0.00211	0.03099	0.09078	0.00563	0.00824
20	0.07411	0.11168	0.08333	0.15386	0.03887	0.01511	0.26736	0.04467	0.03623	0.04019	0.01296	0.05884	0.01068	0.00646	0.00626	0.00193	0.02008	0.00622	0.00340	0.00775

[dist]
# distance from previous block
# <min> <max>
0	15

[block]
# block no. 4 follows, 38 sequences, length 13
# corresponding to MSA columns:
# 975-987
name=unknown_E
#
# <colnr> <probs for GDERKNQSTAVLIFYWHMCP>
#	G	D	E	R	K	N	Q	S	T	A	V	L	I	F	Y	W	H	M	C	P
0	0.00871	0.00631	0.00793	0.00876	0.00959	0.00613	0.00606	0.07301	0.01312	0.01741	0.03275	0.68257	0.06954	0.01764	0.00750	0.00237	0.00375	0.01586	0.00562	0.00537
1	0.09459	0.02263	0.38900	0.01427	0.02075	0.01474	0.01581	0.24486	0.01741	0.02609	0.01244	0.01376	0.00898	0.00629	0.00550	0.00183	0.00727	0.00473	0.07024	0.00882
2	0.04734	0.01100	0.01258	0.04523	0.01573	0.01235	0.00990	0.07272	0.38051	0.02326	0.02503	0.03658	0.02240	0.01078	0.00676	0.00226	0.00529	0.24665	0.00566	0.00796
3	0.01327	0.03729	0.14718	0.03560	0.06345	0.01248	0.19785	0.03730	0.10598	0.05286	0.01920	0.12445	0.01762	0.00909	0.00671	0.00211	0.00712	0.09833	0.00425	0.00785
4	0.00875	0.00583	0.00656	0.00656	0.00656	0.00583	0.00365	0.00875	0.00875	0.01166	0.01895	0.03937	0.02187	0.78858	0.03062	0.00583	0.00583	0.00875	0.00365	0.00365
5	0.01602	0.01605	0.05706	0.01863	0.02364	0.04867	0.34851	0.14648	0.12983	0.04433	0.07431	0.01893	0.01465	0.00666	0.00659	0.00195	0.00793	0.00677	0.00444	0.00855
6	0.01661	0.04581	0.06260	0.10730	0.02423	0.09731	0.19150	0.18335	0.06257	0.02211	0.01218	0.01474	0.00938	0.00680	0.00805	0.00197	0.11593	0.00559	0.00378	0.00821
7	0.01914	0.02238	0.01510	0.01382	0.01672	0.50625	0.01040	0.04815	0.13849	0.01762	0.03342	0.08416	0.03272	0.00808	0.00585	0.00174	0.00862	0.00600	0.00408	0.00725
8	0.00871	0.00893	0.07468	0.00881	0.01123	0.00700	0.00765	0.01215	0.07230	0.01744	0.04444	0.14634	0.39739	0.01454	0.00720	0.00221	0.00424	0.14354	0.00535	0.00584
9	0.01151	0.00953	0.01256	0.07916	0.01537	0.01072	0.02948	0.07281	0.12342	0.02013	0.14513	0.07575	0.08244	0.04589	0.09335	0.00314	0.09276	0.06529	0.00487	0.00666
10	0.01658	0.02796	0.05244	0.10159	0.03214	0.06154	0.01120	0.15180	0.18246	0.10469	0.01753	0.05088	0.01379	0.01113	0.07438	0.00262	0.03908	0.00620	0.03365	0.00834
11	0.10792	0.01141	0.01416	0.01287	0.08404	0.01115	0.00940	0.11467	0.03286	0.29604	0.06946	0.01999	0.04456	0.00742	0.00619	0.00176	0.03253	0.00588	0.00561	0.11210
12	0.01356	0.07966	0.01931	0.39394	0.10314	0.01503	0.01446	0.08029	0.03554	0.01825	0.01099	0.01481	0.00872	0.00643	0.00726	0.00188	0.09462	0.00506	0.00317	0.07387

[dist]
# distance from previous block
# <min> <max>
6	42

[block]
# block no. 5 follows, 38 sequences, length 30
# corresponding to MSA columns:
# 1035-1064
name=unknown_F
#
# <colnr> <probs for GDERKNQSTAVLIFYWHMCP>
#	G	D	E	R	K	N	Q	S	T	A	V	L	I	F	Y	W	H	M	C	P
0	0.04162	0.00640	0.00814	0.00826	0.00932	0.00635	0.00603	0.01051	0.01407	0.02000	0.37295	0.32474	0.07819	0.01457	0.00786	0.00215	0.04483	0.01273	0.00585	0.00543
1	0.01363	0.01130	0.01256	0.01022	0.01426	0.01092	0.00804	0.09843	0.24189	0.02323	0.06094	0.05150	0.06324	0.00763	0.00560	0.00154	0.00457	0.00632	0.00502	0.34918
2	0.01686	0.01286	0.01348	0.01182	0.01521	0.05357	0.00924	0.08000	0.46348	0.12874	0.06952	0.06061	0.02023	0.00869	0.00621	0.00198	0.00509	0.00721	0.00614	0.00906
3	0.01642	0.56562	0.08242	0.01223	0.01747	0.06928	0.04994	0.05925	0.04785	0.01668	0.00991	0.01118	0.00843	0.00551	0.00450	0.00145	0.00703	0.00385	0.00299	0.00801
4	0.04452	0.01243	0.01439	0.01179	0.01559	0.05525	0.04706	0.16872	0.09001	0.15925	0.08855	0.06032	0.03216	0.00867	0.00616	0.00184	0.00560	0.05996	0.00557	0.11219
5	0.01472	0.03786	0.01628	0.01307	0.01538	0.04738	0.03934	0.04611	0.07098	0.08600	0.01354	0.04170	0.01184	0.04468	0.06768	0.00276	0.29558	0.00579	0.00385	0.12545
6	0.00886	0.00676	0.00806	0.00809	0.00951	0.00657	0.00594	0.01245	0.09685	0.01948	0.28320	0.18106	0.17711	0.09247	0.00955	0.00249	0.00369	0.05641	0.00581	0.00564
7	0.01427	0.00870	0.01067	0.01029	0.01268	0.00889	0.00825	0.02030	0.19877	0.16670	0.02727	0.15551	0.02533	0.01197	0.00677	0.00221	0.00464	0.20652	0.09288	0.00739
8	0.02062	0.04855	0.01964	0.01590	0.01943	0.42004	0.07940	0.18647	0.01843	0.02049	0.01059	0.01239	0.00847	0.00674	0.00713	0.00176	0.08778	0.00466	0.00371	0.00782
9	0.06502	0.04413	0.01483	0.01162	0.01567	0.01428	0.00943	0.21434	0.27993	0.18355	0.02244	0.02094	0.06107	0.00795	0.00592	0.00190	0.00528	0.00631	0.00607	0.00934
10	0.00890	0.00617	0.00746	0.00743	0.00902	0.00547	0.00546	0.01081	0.01453	0.06594	0.28258	0.22363	0.30121	0.01461	0.00717	0.00207	0.00321	0.01271	0.00605	0.00556
11	0.04494	0.00646	0.00848	0.00915	0.01024	0.00627	0.02978	0.01059	0.04205	0.01678	0.03347	0.54663	0.10239	0.01678	0.00743	0.00238	0.00400	0.09138	0.00544	0.00535
12	0.01438	0.01315	0.02227	0.28437	0.41569	0.01403	0.05718	0.04720	0.01388	0.04311	0.01169	0.01552	0.00920	0.00571	0.00605	0.00188	0.00752	0.00548	0.00315	0.00854
13	0.05186	0.00828	0.01081	0.05871	0.01249	0.03907	0.00796	0.01126	0.00937	0.01342	0.01206	0.01924	0.01153	0.05628	0.24703	0.30653	0.11090	0.00560	0.00292	0.00465
14	0.01526	0.01192	0.08700	0.01032	0.01397	0.01005	0.00908	0.18559	0.01872	0.15300	0.25488	0.03240	0.15232	0.01009	0.00652	0.00189	0.00478	0.00840	0.00603	0.00778
15	0.14004	0.01329	0.01702	0.11492	0.04486	0.04348	0.09431	0.10332	0.04692	0.04753	0.01184	0.01398	0.00916	0.00593	0.00609	0.00167	0.04785	0.00478	0.00386	0.22915
16	0.01831	0.47730	0.02533	0.01150	0.01618	0.07844	0.01042	0.19378	0.01672	0.04987	0.01161	0.04464	0.01000	0.00642	0.00476	0.00151	0.00664	0.00452	0.00379	0.00826
17	0.11623	0.01239	0.04477	0.00983	0.01502	0.01026	0.00831	0.10130	0.01436	0.06621	0.01163	0.01286	0.00907	0.00515	0.00470	0.00122	0.00497	0.00393	0.00406	0.54374
18	0.01803	0.05900	0.13923	0.07110	0.05427	0.17536	0.12471	0.10915	0.05061	0.10065	0.01302	0.01457	0.00963	0.00631	0.00627	0.00183	0.02870	0.00520	0.00390	0.00845
19	0.00832	0.00594	0.00758	0.00793	0.00903	0.00550	0.00566	0.01048	0.02824	0.03359	0.32635	0.37908	0.11904	0.01538	0.00732	0.00216	0.00324	0.01370	0.00605	0.00542
20	0.01136	0.01069	0.01804	0.77412	0.04143	0.01337	0.01671	0.01537	0.01203	0.01537	0.01069	0.01604	0.00802	0.00601	0.00601	0.00200	0.00802	0.00535	0.00267	0.00668
21	0.01309	0.01238	0.02101	0.46118	0.28629	0.01394	0.04787	0.04020	0.01324	0.01777	0.01110	0.01560	0.00866	0.00579	0.00604	0.00192	0.00776	0.00543	0.00290	0.00785
22	0.01536	0.12404	0.19105	0.11226	0.06923	0.04457	0.19688	0.07348	0.03876	0.05956	0.01221	0.01453	0.00913	0.00580	0.00591	0.00184	0.00823	0.00534	0.00339	0.00842
23	0.01042	0.00684	0.00892	0.00918	0.01074	0.00664	0.00748	0.01333	0.03297	0.06128	0.24234	0.05166	0.06074	0.06320	0.00884	0.00251	0.00443	0.32482	0.06784	0.00581
24	0.00849	0.00628	0.00918	0.00931	0.01023	0.00714	0.00704	0.01037	0.00977	0.01392	0.01795	0.09702	0.01790	0.09889	0.63737	0.00869	0.01414	0.00763	0.00348	0.00519
25	0.00898	0.00730	0.00970	0.04767	0.01261	0.00710	0.03819	0.01218	0.06474	0.01772	0.08167	0.18883	0.26991	0.01470	0.00740	0.00229	0.00444	0.19343	0.00542	0.00572
26	0.02072	0.01668	0.19169	0.01597	0.07825	0.01210	0.07869	0.09051	0.03186	0.37451	0.01780	0.01730	0.01187	0.00665	0.00606	0.00188	0.00676	0.00567	0.00538	0.00966
27	0.17559	0.01247	0.01497	0.01196	0.01598	0.01310	0.04540	0.22309	0.01825	0.26379	0.04826	0.01983	0.01422	0.00780	0.00656	0.00195	0.04717	0.04513	0.00571	0.00877
28	0.01913	0.02234	0.01754	0.01547	0.01808	0.46547	0.04379	0.05939	0.03981	0.01672	0.01160	0.01633	0.01031	0.00788	0.00854	0.00190	0.15847	0.05669	0.00344	0.00710
29	0.01941	0.01343	0.01484	0.01236	0.01638	0.01473	0.00989	0.21534	0.41079	0.17203	0.02170	0.01995	0.01554	0.00777	0.00608	0.00194	0.00532	0.00629	0.00635	0.00985

[dist]
# distance from previous block
# <min> <max>
0	1

[block]
# block no. 6 follows, 38 sequences, length 24
# corresponding to MSA columns:
# 1066-1089
name=unknown_G
#
# <colnr> <probs for GDERKNQSTAVLIFYWHMCP>
#	G	D	E	R	K	N	Q	S	T	A	V	L	I	F	Y	W	H	M	C	P
0	0.05697	0.00918	0.00955	0.00830	0.01082	0.03241	0.00653	0.14134	0.01650	0.10336	0.12224	0.02302	0.01966	0.00775	0.00515	0.00162	0.00407	0.00620	0.40834	0.00701
1	0.01995	0.01022	0.01205	0.00983	0.01345	0.04279	0.00785	0.06190	0.03612	0.39459	0.09777	0.05352	0.05317	0.00846	0.00593	0.00177	0.00476	0.00696	0.09716	0.06175
2	0.01570	0.01463	0.09201	0.05481	0.14803	0.01230	0.14128	0.08057	0.03125	0.11281	0.01413	0.04216	0.01104	0.00612	0.00587	0.00168	0.00679	0.00570	0.00405	0.19906
3	0.05416	0.10245	0.24264	0.05340	0.02140	0.01510	0.06671	0.16750	0.01658	0.13205	0.04015	0.01538	0.01114	0.00656	0.00610	0.00184	0.02861	0.00520	0.00424	0.00878
4	0.02247	0.02867	0.01705	0.01550	0.01860	0.76443	0.01162	0.02402	0.01705	0.01472	0.00930	0.01085	0.00775	0.00620	0.00542	0.00155	0.01085	0.00387	0.00310	0.00697
5	0.00851	0.03301	0.00818	0.00851	0.00925	0.00575	0.00589	0.00972	0.01201	0.04690	0.06178	0.69437	0.03833	0.01761	0.00745	0.00236	0.00363	0.01589	0.00560	0.00524
6	0.01356	0.03631	0.13711	0.01410	0.06568	0.01111	0.08458	0.06350	0.01421	0.07572	0.03258	0.05198	0.11306	0.00850	0.02282	0.00186	0.03163	0.00654	0.00411	0.21105
7	0.00954	0.00652	0.00837	0.00776	0.00943	0.00603	0.00587	0.01262	0.03417	0.06122	0.65492	0.04387	0.09245	0.01211	0.00702	0.00190	0.00301	0.01064	0.00659	0.00597
8	0.00946	0.00683	0.00850	0.00913	0.01009	0.00678	0.00639	0.10765	0.01382	0.01846	0.03059	0.67884	0.03573	0.01725	0.00745	0.00236	0.00392	0.01550	0.00564	0.00562
9	0.01556	0.38062	0.16708	0.01263	0.01777	0.05362	0.01269	0.07386	0.11354	0.01845	0.01180	0.01307	0.00962	0.00752	0.03210	0.00192	0.04225	0.00435	0.00336	0.00822
10	0.03885	0.19134	0.11033	0.21313	0.05881	0.03535	0.02959	0.04805	0.01419	0.18531	0.01325	0.01477	0.00960	0.00610	0.00544	0.00176	0.00704	0.00486	0.00391	0.00830
11	0.00953	0.00692	0.00855	0.00911	0.01018	0.00685	0.00647	0.10779	0.01399	0.01858	0.03181	0.62340	0.06775	0.01702	0.00744	0.00235	0.00396	0.03701	0.00564	0.00565
12	0.01228	0.01153	0.01376	0.19746	0.06330	0.11281	0.04346	0.01494	0.01418	0.05042	0.07932	0.03514	0.24186	0.01028	0.00661	0.00200	0.00621	0.07357	0.00442	0.00645
13	0.12920	0.10888	0.04200	0.15665	0.13705	0.03797	0.06681	0.05963	0.02332	0.15159	0.01293	0.01471	0.00956	0.00609	0.00570	0.00182	0.01883	0.00501	0.00397	0.00828
14	0.01682	0.01276	0.05010	0.03615	0.17429	0.01235	0.03195	0.17282	0.03368	0.14629	0.10444	0.07823	0.01880	0.00833	0.00674	0.00190	0.03590	0.00709	0.04280	0.00855
15	0.01100	0.01002	0.01647	0.66867	0.03664	0.01233	0.01491	0.01446	0.01158	0.01486	0.01183	0.01924	0.00992	0.11353	0.00939	0.00253	0.00772	0.00581	0.00281	0.00627
16	0.01250	0.04876	0.01765	0.07215	0.01693	0.01556	0.04201	0.01373	0.00963	0.01414	0.00926	0.01481	0.00882	0.01364	0.07208	0.11598	0.48826	0.00533	0.00269	0.00607
17	0.12774	0.02116	0.35086	0.04724	0.05201	0.05137	0.03342	0.02098	0.04819	0.14006	0.01402	0.01641	0.01036	0.00653	0.00566	0.00192	0.00739	0.03233	0.00386	0.00850
18	0.12138	0.00671	0.00787	0.00840	0.00956	0.00678	0.00601	0.01073	0.01194	0.04054	0.06841	0.51196	0.10614	0.01564	0.00747	0.00228	0.03383	0.01362	0.00533	0.00540
19	0.02446	0.01018	0.01317	0.01028	0.01450	0.00925	0.00843	0.08841	0.01755	0.59199	0.02236	0.02022	0.01456	0.00737	0.00579	0.00179	0.00493	0.00593	0.11922	0.00960
20	0.03615	0.01277	0.01717	0.06036	0.01895	0.05137	0.15635	0.05089	0.25995	0.02080	0.02451	0.09355	0.11643	0.00924	0.00711	0.00206	0.04172	0.00815	0.00477	0.00771
21	0.01492	0.00968	0.01270	0.07947	0.08582	0.00977	0.00928	0.09684	0.07571	0.17299	0.02780	0.21661	0.12062	0.01108	0.00655	0.00203	0.00495	0.00960	0.02592	0.00763
22	0.01036	0.00635	0.00895	0.00927	0.01046	0.00584	0.02872	0.01183	0.01268	0.11757	0.06106	0.60454	0.03598	0.01651	0.00743	0.00234	0.00395	0.03458	0.00580	0.00577
23	0.58786	0.03728	0.11342	0.02676	0.01515	0.09822	0.00957	0.01854	0.01143	0.02392	0.00886	0.01043	0.00687	0.00567	0.00424	0.00182	0.00605	0.00353	0.00344	0.00693

[dist]
# distance from previous block
# <min> <max>
1	6

[block]
# block no. 7 follows, 38 sequences, length 23
# corresponding to MSA columns:
# 1097-1118,1121
name=unknown_H
#
# <colnr> <probs for GDERKNQSTAVLIFYWHMCP>
#	G	D	E	R	K	N	Q	S	T	A	V	L	I	F	Y	W	H	M	C	P
0	0.10520	0.21364	0.09962	0.01313	0.07595	0.01447	0.03395	0.01867	0.05186	0.05935	0.01140	0.01277	0.00909	0.00535	0.00474	0.00143	0.00592	0.00411	0.00350	0.25587
1	0.08167	0.01456	0.01565	0.01257	0.01690	0.01602	0.01022	0.40106	0.21541	0.12588	0.01786	0.01700	0.01272	0.00738	0.00588	0.00188	0.00578	0.00571	0.00606	0.00976
2	0.00919	0.00695	0.00972	0.00956	0.01012	0.00809	0.00708	0.01032	0.00953	0.01351	0.01737	0.12270	0.01826	0.17752	0.37603	0.06801	0.10962	0.00801	0.00349	0.00493
3	0.02524	0.11129	0.01656	0.01091	0.01564	0.01158	0.00924	0.08648	0.01750	0.60006	0.02098	0.01858	0.01358	0.00713	0.00577	0.00178	0.00541	0.00563	0.00670	0.00991
4	0.01304	0.17468	0.07500	0.03164	0.01622	0.01745	0.01237	0.01517	0.01117	0.01601	0.10338	0.01655	0.01412	0.00918	0.01346	0.00219	0.44286	0.00550	0.00313	0.00688
5	0.00981	0.00811	0.01238	0.23221	0.09912	0.00876	0.01025	0.01221	0.01235	0.01661	0.11386	0.23233	0.02633	0.10750	0.03158	0.00281	0.00587	0.04771	0.00429	0.00591
6	0.01766	0.00991	0.01328	0.01092	0.01428	0.00948	0.06156	0.06143	0.10578	0.30887	0.05829	0.05443	0.11303	0.09619	0.00919	0.00241	0.00521	0.03399	0.00604	0.00805
7	0.01343	0.10962	0.01323	0.01017	0.01283	0.01118	0.00807	0.02001	0.24565	0.10835	0.02792	0.24622	0.07530	0.01187	0.00650	0.00209	0.00459	0.05994	0.00559	0.00744
8	0.01802	0.01417	0.01821	0.06834	0.01983	0.04060	0.09992	0.34689	0.02020	0.07674	0.03847	0.11487	0.01519	0.00877	0.00750	0.00199	0.06945	0.00727	0.00510	0.00848
9	0.16430	0.54317	0.05399	0.01122	0.01621	0.02049	0.06368	0.01790	0.01196	0.01705	0.00894	0.01064	0.00779	0.00628	0.02395	0.00169	0.00673	0.00364	0.00283	0.00751
10	0.01437	0.01305	0.02082	0.35584	0.34698	0.01445	0.01679	0.10878	0.01485	0.02013	0.01145	0.01533	0.00896	0.00589	0.00599	0.00188	0.00746	0.00536	0.00324	0.00838
11	0.00948	0.00698	0.00927	0.01029	0.01183	0.00689	0.00881	0.01257	0.03858	0.01835	0.07397	0.06380	0.12703	0.01592	0.00802	0.00260	0.00505	0.55932	0.00562	0.00562
12	0.01981	0.00870	0.01140	0.00940	0.01293	0.00756	0.00759	0.02202	0.01623	0.47929	0.11498	0.05543	0.16162	0.01019	0.00651	0.00195	0.00443	0.03473	0.00687	0.00839
13	0.33065	0.01407	0.06453	0.01660	0.13152	0.01389	0.11706	0.02100	0.15280	0.04018	0.01369	0.01608	0.01073	0.00634	0.00535	0.00194	0.00618	0.02535	0.00403	0.00801
14	0.01929	0.07951	0.01915	0.04401	0.11259	0.14709	0.01226	0.31941	0.06059	0.02590	0.01278	0.01416	0.00988	0.00688	0.00669	0.00179	0.06368	0.00504	0.03053	0.00879
15	0.01369	0.01098	0.01387	0.08485	0.01758	0.00964	0.03176	0.01834	0.10634	0.07474	0.01409	0.03569	0.01133	0.00572	0.00511	0.00130	0.00505	0.00482	0.00413	0.53097
16	0.04563	0.08871	0.31147	0.01528	0.04111	0.05738	0.03068	0.16263	0.12625	0.04359	0.01361	0.01440	0.01003	0.00638	0.00564	0.00183	0.00743	0.00494	0.00401	0.00900
17	0.07135	0.05961	0.13855	0.17114	0.03426	0.10501	0.06683	0.02171	0.08824	0.14734	0.02968	0.01613	0.01120	0.00643	0.00574	0.00186	0.00739	0.00528	0.00407	0.00816
18	0.00919	0.00632	0.00815	0.00759	0.00919	0.00577	0.00573	0.01191	0.01679	0.05454	0.66588	0.04487	0.10665	0.01231	0.00705	0.00190	0.00295	0.01081	0.00658	0.00582
19	0.12029	0.08177	0.10919	0.03761	0.03567	0.03589	0.01965	0.01870	0.04058	0.17373	0.03517	0.13054	0.04312	0.03075	0.00713	0.00208	0.03847	0.02744	0.00466	0.00753
20	0.03192	0.10537	0.04918	0.10668	0.04974	0.09667	0.01145	0.14199	0.02877	0.24191	0.04726	0.03503	0.01342	0.00713	0.00575	0.00178	0.00661	0.00563	0.00502	0.00867
21	0.00872	0.00587	0.00675	0.00669	0.00687	0.00581	0.00391	0.00908	0.00981	0.01327	0.11264	0.04008	0.02635	0.68882	0.02760	0.00533	0.00545	0.00902	0.00403	0.00391
22	0.00779	0.00577	0.00730	0.00804	0.00892	0.00539	0.00560	0.00976	0.03509	0.01765	0.18982	0.51348	0.12973	0.01667	0.00744	0.00226	0.00333	0.01491	0.00582	0.00522

[dist]
# distance from previous block
# <min> <max>
0	6

[block]
# block no. 8 follows, 38 sequences, length 17
# corresponding to MSA columns:
# 1128-1144
name=unknown_I
#
# <colnr> <probs for GDERKNQSTAVLIFYWHMCP>
#	G	D	E	R	K	N	Q	S	T	A	V	L	I	F	Y	W	H	M	C	P
0	0.01155	0.01015	0.01020	0.03811	0.01262	0.08796	0.00745	0.09334	0.08062	0.01960	0.09176	0.31089	0.17520	0.01350	0.00689	0.00210	0.00476	0.01162	0.00540	0.00629
1	0.01267	0.01281	0.09709	0.14777	0.09549	0.01131	0.12680	0.04215	0.01387	0.05508	0.01910	0.06003	0.01806	0.01125	0.04119	0.00255	0.00763	0.21379	0.00408	0.00727
2	0.04481	0.10177	0.05402	0.08459	0.01934	0.01357	0.06000	0.09803	0.12767	0.09759	0.01535	0.01616	0.02544	0.00623	0.00540	0.00161	0.00596	0.00511	0.00439	0.21299
3	0.08961	0.04165	0.02030	0.06153	0.36487	0.01293	0.06315	0.03155	0.01407	0.12824	0.04489	0.04445	0.01297	0.00648	0.00583	0.00181	0.00642	0.00591	0.00400	0.03934
4	0.01939	0.00878	0.01238	0.05428	0.01483	0.00843	0.00852	0.02143	0.01400	0.43856	0.02005	0.02191	0.01468	0.05668	0.21649	0.04142	0.00835	0.00621	0.00560	0.00803
5	0.03535	0.01474	0.04530	0.14962	0.28326	0.06552	0.07656	0.07273	0.05630	0.08512	0.03163	0.01724	0.02685	0.00638	0.00604	0.00186	0.00727	0.00576	0.00388	0.00859
6	0.06097	0.04225	0.10559	0.14790	0.09283	0.01382	0.08245	0.09893	0.02488	0.13956	0.01515	0.01899	0.02173	0.00722	0.00698	0.00198	0.06031	0.04597	0.00417	0.00829
7	0.01289	0.18744	0.60832	0.01574	0.02386	0.01599	0.01978	0.01884	0.01260	0.01805	0.01030	0.01207	0.00764	0.00560	0.00533	0.00178	0.00839	0.00419	0.00255	0.00865
8	0.01214	0.00918	0.01447	0.12365	0.06144	0.00940	0.08425	0.01570	0.04952	0.08199	0.04253	0.11813	0.02454	0.05683	0.00860	0.00253	0.00612	0.26750	0.00484	0.00664
9	0.01517	0.01991	0.27242	0.07372	0.08497	0.01419	0.22193	0.06139	0.04098	0.09698	0.01321	0.01541	0.00954	0.00600	0.00657	0.00195	0.02764	0.00568	0.00358	0.00875
10	0.01088	0.00775	0.01112	0.05125	0.01369	0.00770	0.05053	0.01413	0.06384	0.08253	0.13275	0.29956	0.06275	0.01398	0.00750	0.00228	0.01684	0.13911	0.00557	0.00623
11	0.00747	0.00545	0.00706	0.00820	0.00883	0.00504	0.00565	0.00874	0.01215	0.01604	0.07439	0.63558	0.11757	0.01801	0.00761	0.00238	0.00349	0.04573	0.00564	0.00498
12	0.06203	0.01072	0.04973	0.05485	0.01580	0.00994	0.05139	0.10940	0.04529	0.16183	0.06116	0.26319	0.05682	0.01125	0.00658	0.00208	0.00519	0.00983	0.00550	0.00743
13	0.01721	0.13663	0.08853	0.10256	0.08284	0.06632	0.08256	0.05580	0.03289	0.16326	0.01486	0.01870	0.01171	0.00706	0.00654	0.00188	0.04430	0.05392	0.00412	0.00831
14	0.02106	0.00966	0.01369	0.05329	0.08160	0.00885	0.00933	0.02338	0.01563	0.49271	0.07250	0.08756	0.01946	0.05370	0.00767	0.00214	0.00520	0.00738	0.00635	0.00883
15	0.01489	0.01429	0.02442	0.03692	0.75106	0.01429	0.01846	0.01846	0.01370	0.01965	0.01132	0.01489	0.00953	0.00536	0.00596	0.00179	0.00715	0.00536	0.00298	0.00953
16	0.06054	0.01363	0.05851	0.15848	0.04134	0.01336	0.26796	0.06711	0.07655	0.01998	0.01497	0.05672	0.01275	0.04096	0.04469	0.00257	0.00823	0.03043	0.00370	0.00753

[dist]
# distance from previous block
# <min> <max>
2	30

[block]
# block no. 9 follows, 38 sequences, length 17
# corresponding to MSA columns:
# 1176-1192
name=unknown_J
#
# <colnr> <probs for GDERKNQSTAVLIFYWHMCP>
#	G	D	E	R	K	N	Q	S	T	A	V	L	I	F	Y	W	H	M	C	P
0	0.06419	0.13842	0.10210	0.06973	0.03879	0.02506	0.11268	0.01825	0.07637	0.04050	0.04637	0.01844	0.06425	0.00669	0.00588	0.00170	0.02612	0.00563	0.00373	0.13510
1	0.00777	0.00573	0.00718	0.00771	0.00867	0.00525	0.00543	0.00940	0.01338	0.01788	0.24217	0.38395	0.16731	0.06062	0.00875	0.00242	0.00341	0.03210	0.00577	0.00509
2	0.01229	0.02001	0.34784	0.01763	0.08221	0.01304	0.09012	0.01688	0.01208	0.03525	0.01281	0.01808	0.01074	0.03574	0.12514	0.00334	0.10346	0.03253	0.00301	0.00779
3	0.01607	0.01080	0.01298	0.01049	0.01465	0.00978	0.00860	0.14992	0.01641	0.14561	0.01853	0.06417	0.01636	0.00840	0.00587	0.00164	0.00511	0.13163	0.00513	0.34786
4	0.01045	0.00522	0.00784	0.00784	0.00784	0.00522	0.00522	0.00784	0.00784	0.01045	0.01045	0.01829	0.01045	0.02090	0.02351	0.82497	0.00522	0.00522	0.00261	0.00261
5	0.01587	0.75270	0.06920	0.01065	0.01599	0.02329	0.01091	0.01807	0.01225	0.01441	0.00849	0.00981	0.00771	0.00518	0.00396	0.00132	0.00656	0.00328	0.00257	0.00778
6	0.00809	0.00603	0.00755	0.00782	0.00900	0.00562	0.00561	0.01055	0.03997	0.01969	0.35090	0.32604	0.15063	0.01506	0.00728	0.00213	0.00318	0.01336	0.00606	0.00543
7	0.01520	0.01437	0.06979	0.01340	0.04089	0.01226	0.08034	0.18749	0.01637	0.02374	0.01166	0.01343	0.00914	0.00551	0.00576	0.00138	0.03315	0.00453	0.00398	0.43759
8	0.00885	0.00652	0.00892	0.00880	0.00944	0.00739	0.00635	0.01018	0.00931	0.01315	0.01679	0.02891	0.01722	0.31488	0.46398	0.00796	0.04596	0.00723	0.00335	0.00479
9	0.00861	0.00640	0.00944	0.00944	0.01043	0.00740	0.00723	0.01060	0.00960	0.01380	0.01632	0.02479	0.01554	0.09985	0.71070	0.00939	0.01536	0.00661	0.00325	0.00524
10	0.01127	0.00868	0.01109	0.06523	0.01483	0.00921	0.00957	0.06422	0.12896	0.02086	0.10771	0.05037	0.06974	0.01335	0.00745	0.00240	0.00524	0.38769	0.00558	0.00655
11	0.46924	0.01595	0.01310	0.01314	0.08967	0.17857	0.00932	0.06089	0.04096	0.04538	0.01029	0.01159	0.00800	0.00594	0.00462	0.00179	0.00640	0.00395	0.00384	0.00736
12	0.01013	0.00746	0.01080	0.01042	0.01217	0.00725	0.06049	0.01238	0.01351	0.05998	0.10723	0.17442	0.15046	0.04475	0.03014	0.00270	0.03231	0.24227	0.00535	0.00579
13	0.01125	0.00633	0.00818	0.00831	0.00976	0.00576	0.00599	0.01292	0.01348	0.14789	0.12515	0.44337	0.08526	0.01481	0.00700	0.00216	0.00361	0.01314	0.06963	0.00600
14	0.01420	0.01348	0.02285	0.08753	0.65001	0.01364	0.01747	0.01776	0.01381	0.01965	0.06131	0.01701	0.01263	0.00588	0.00604	0.00181	0.00692	0.00573	0.00320	0.00906
15	0.02159	0.01426	0.12555	0.01356	0.06684	0.01115	0.01153	0.11668	0.03856	0.42660	0.02251	0.02096	0.06695	0.00761	0.00607	0.00187	0.00585	0.00619	0.00605	0.00959
16	0.07262	0.01593	0.10547	0.19589	0.04056	0.04389	0.24597	0.01947	0.06246	0.06114	0.01245	0.01553	0.00933	0.00621	0.00720	0.00201	0.06692	0.00574	0.00338	0.00783

[dist]
# distance from previous block
# <min> <max>
1	49

[block]
# block no. 10 follows, 38 sequences, length 36
# corresponding to MSA columns:
# 1242-1256,1258-1278
name=unknown_K
#
# <colnr> <probs for GDERKNQSTAVLIFYWHMCP>
#	G	D	E	R	K	N	Q	S	T	A	V	L	I	F	Y	W	H	M	C	P
0	0.24071	0.05386	0.01679	0.12543	0.02007	0.03732	0.10122	0.05393	0.10144	0.07915	0.05003	0.03532	0.01282	0.00699	0.00609	0.00193	0.03945	0.00563	0.00423	0.00757
1	0.03319	0.03493	0.04592	0.00837	0.01030	0.00772	0.00655	0.04838	0.04826	0.01830	0.12830	0.22521	0.21520	0.12991	0.01039	0.00264	0.00427	0.01130	0.00517	0.00569
2	0.01644	0.55780	0.02612	0.03252	0.01594	0.01994	0.00999	0.05276	0.04574	0.07373	0.01203	0.05154	0.01059	0.00625	0.00452	0.00145	0.00606	0.00450	0.00348	0.04859
3	0.13019	0.05206	0.01466	0.01104	0.01518	0.04707	0.00906	0.27915	0.04234	0.16964	0.04540	0.02041	0.09030	0.00784	0.00567	0.00178	0.00559	0.00600	0.00556	0.04106
