[name]
unknown

[dist]
# distance from previous block
# <min> <max>
0	42

[block]
# block no. 0 follows, 45 sequences, length 19
# corresponding to MSA columns:
# 48-66
name=unknown_A
#
# <colnr> <probs for GDERKNQSTAVLIFYWHMCP>
#	G	D	E	R	K	N	Q	S	T	A	V	L	I	F	Y	W	H	M	C	P
0	0.00714	0.00510	0.00658	0.00726	0.00787	0.00481	0.00509	0.00843	0.01121	0.01507	0.17760	0.43497	0.06884	0.12805	0.00969	0.00252	0.00346	0.08697	0.00492	0.00441
1	0.01250	0.01119	0.01155	0.00893	0.01301	0.08470	0.00701	0.08978	0.01289	0.01835	0.01175	0.09024	0.01070	0.00565	0.00449	0.00107	0.00465	0.00457	0.00354	0.59341
2	0.01484	0.22650	0.25332	0.01440	0.05956	0.01454	0.11088	0.06936	0.03711	0.13280	0.01161	0.01257	0.00854	0.00527	0.00492	0.00156	0.00666	0.00438	0.00333	0.00788
3	0.01637	0.01253	0.03950	0.09258	0.09625	0.01267	0.08412	0.22725	0.13803	0.15055	0.01524	0.04050	0.01137	0.00636	0.00548	0.00168	0.00581	0.00552	0.00459	0.03358
4	0.00744	0.00541	0.00684	0.00673	0.00783	0.00501	0.00493	0.00945	0.01357	0.01873	0.52485	0.11352	0.11685	0.09353	0.00857	0.00214	0.00298	0.04144	0.00542	0.00476
5	0.01302	0.01188	0.01937	0.12498	0.56332	0.01232	0.01489	0.01736	0.08760	0.04033	0.01211	0.03767	0.01006	0.00552	0.00538	0.00166	0.00611	0.00524	0.00309	0.00808
6	0.13746	0.36404	0.01939	0.00989	0.01374	0.07138	0.03538	0.09626	0.05179	0.05734	0.08583	0.01357	0.01217	0.00579	0.00432	0.00143	0.00547	0.00422	0.00356	0.00695
7	0.00835	0.00501	0.00627	0.00627	0.00627	0.00501	0.00376	0.00751	0.00751	0.01002	0.01418	0.02834	0.01584	0.52550	0.02503	0.30761	0.00501	0.00667	0.00292	0.00292
8	0.00812	0.00545	0.00652	0.00630	0.00724	0.00511	0.00432	0.00952	0.01184	0.04104	0.32900	0.06150	0.12994	0.29976	0.01378	0.00297	0.00360	0.00906	0.04048	0.00445
9	0.01148	0.00901	0.01146	0.00978	0.01168	0.00950	0.08058	0.15426	0.14165	0.01790	0.01770	0.10588	0.01754	0.36019	0.01525	0.00330	0.00534	0.00757	0.00415	0.00577
10	0.01356	0.44339	0.02406	0.09206	0.01776	0.01806	0.08778	0.06505	0.01156	0.01470	0.00872	0.02502	0.00774	0.00583	0.00657	0.00154	0.14315	0.00409	0.00261	0.00676
11	0.00728	0.00521	0.00687	0.00794	0.00856	0.00499	0.00586	0.00860	0.01074	0.01411	0.02909	0.47588	0.06554	0.09494	0.00903	0.00255	0.00385	0.22975	0.00480	0.00443
12	0.01130	0.01007	0.01365	0.01199	0.01284	0.01311	0.00980	0.08617	0.03743	0.01518	0.01060	0.01527	0.00971	0.01931	0.27323	0.00435	0.43204	0.00511	0.00293	0.00593
13	0.10038	0.36378	0.01909	0.01022	0.02941	0.05269	0.00872	0.02095	0.23314	0.09311	0.01313	0.01307	0.01023	0.00567	0.00432	0.00147	0.00522	0.00413	0.00379	0.00747
14	0.01881	0.01107	0.01490	0.01345	0.09000	0.01199	0.01006	0.14538	0.01488	0.36286	0.03342	0.01572	0.01141	0.00724	0.00856	0.00182	0.21023	0.00517	0.00491	0.00813
15	0.00884	0.00632	0.00782	0.00803	0.00927	0.00633	0.00608	0.05736	0.06991	0.01856	0.21825	0.30966	0.03364	0.01269	0.00634	0.00196	0.00347	0.13084	0.07933	0.00530
16	0.01076	0.01024	0.01224	0.33995	0.02200	0.08711	0.01028	0.04383	0.09333	0.01576	0.02406	0.02754	0.21317	0.00847	0.00573	0.00180	0.00572	0.05833	0.00374	0.00593
17	0.09724	0.00989	0.01287	0.23299	0.01972	0.01065	0.00972	0.14877	0.03265	0.23957	0.01620	0.11870	0.01307	0.00743	0.00537	0.00176	0.00530	0.00619	0.00464	0.00727
18	0.33053	0.01538	0.09101	0.01069	0.01484	0.09085	0.00945	0.30022	0.01636	0.05851	0.01043	0.01108	0.00761	0.00568	0.00452	0.00162	0.00577	0.00391	0.00408	0.00747

[dist]
# distance from previous block
# <min> <max>
4	6

[block]
# block no. 1 follows, 45 sequences, length 6
# corresponding to MSA columns:
# 73-78
name=unknown_B
#
# <colnr> <probs for GDERKNQSTAVLIFYWHMCP>
#	G	D	E	R	K	N	Q	S	T	A	V	L	I	F	Y	W	H	M	C	P
0	0.00904	0.00820	0.01424	0.01213	0.01459	0.00769	0.22233	0.01172	0.01247	0.01633	0.09611	0.12048	0.17409	0.01148	0.00674	0.00205	0.00528	0.24515	0.00440	0.00547
1	0.05335	0.03844	0.07065	0.05634	0.15726	0.01229	0.19782	0.04883	0.04649	0.18052	0.01331	0.03306	0.01001	0.00589	0.00616	0.00173	0.05092	0.00540	0.00377	0.00777
2	0.03922	0.03660	0.13241	0.30405	0.07729	0.06874	0.01302	0.08057	0.04344	0.04839	0.01250	0.01472	0.03977	0.00573	0.00512	0.00163	0.00654	0.00469	0.00316	0.06241
3	0.00670	0.00480	0.00637	0.00736	0.00782	0.00447	0.00500	0.00788	0.01103	0.01490	0.14321	0.69082	0.03781	0.01593	0.00677	0.00211	0.00303	0.01441	0.00512	0.00447
4	0.00767	0.00575	0.00863	0.00863	0.00959	0.00671	0.00671	0.00959	0.00863	0.01246	0.01438	0.02109	0.01342	0.04026	0.79008	0.00863	0.01438	0.00575	0.00288	0.00479
5	0.01541	0.31080	0.05392	0.01268	0.01695	0.12545	0.12391	0.15302	0.05934	0.01852	0.05292	0.01298	0.01049	0.00559	0.00478	0.00146	0.00665	0.00445	0.00337	0.00729

[dist]
# distance from previous block
# <min> <max>
0	2

[block]
# block no. 2 follows, 45 sequences, length 21
# corresponding to MSA columns:
# 81-101
name=unknown_C
#
# <colnr> <probs for GDERKNQSTAVLIFYWHMCP>
#	G	D	E	R	K	N	Q	S	T	A	V	L	I	F	Y	W	H	M	C	P
0	0.00808	0.00735	0.08255	0.00698	0.00778	0.00582	0.00510	0.00864	0.00830	0.01126	0.01678	0.09317	0.01896	0.62396	0.02315	0.05200	0.00528	0.00784	0.00324	0.00375
1	0.01393	0.01050	0.01516	0.19146	0.15571	0.01166	0.01143	0.08986	0.05606	0.13382	0.09753	0.01745	0.01399	0.00734	0.01902	0.00186	0.11513	0.00546	0.00396	0.02867
2	0.01554	0.20259	0.26296	0.01314	0.04624	0.12983	0.01292	0.07911	0.06782	0.10413	0.01141	0.01208	0.00852	0.00548	0.00477	0.00152	0.00682	0.00405	0.00334	0.00774
3	0.00721	0.04588	0.04558	0.00760	0.00879	0.00568	0.00581	0.00866	0.01111	0.01469	0.10392	0.55181	0.13421	0.01463	0.00648	0.00201	0.00337	0.01302	0.00481	0.00475
4	0.01458	0.01160	0.01242	0.01063	0.01376	0.01306	0.00841	0.22871	0.45301	0.02540	0.09335	0.02002	0.01763	0.00737	0.00544	0.00172	0.00446	0.00604	0.04419	0.00817
5	0.01901	0.12123	0.04036	0.01187	0.01576	0.19732	0.05092	0.14512	0.05063	0.24192	0.01435	0.04414	0.01075	0.00633	0.00510	0.00156	0.00644	0.00493	0.00446	0.00779
6	0.01653	0.01551	0.01886	0.02446	0.46193	0.18939	0.01368	0.08317	0.01435	0.09454	0.01104	0.01293	0.00868	0.00528	0.00522	0.00155	0.00691	0.00455	0.00332	0.00810
7	0.00828	0.00834	0.08543	0.00958	0.01112	0.00794	0.00824	0.01049	0.00883	0.01286	0.01346	0.01997	0.01253	0.06357	0.62697	0.00735	0.07153	0.00558	0.00279	0.00512
8	0.00798	0.00528	0.00625	0.00625	0.00652	0.00544	0.00388	0.00852	0.00825	0.01160	0.01654	0.03143	0.01798	0.61049	0.15340	0.00543	0.00651	0.00721	0.07739	0.00367
9	0.05402	0.08517	0.04177	0.02052	0.34691	0.08992	0.01248	0.10468	0.06969	0.06250	0.01134	0.01286	0.00892	0.00530	0.00495	0.00152	0.00615	0.00442	0.00343	0.05345
10	0.05170	0.06074	0.03795	0.01826	0.11059	0.10906	0.26910	0.15769	0.03817	0.01977	0.01053	0.01278	0.00820	0.00552	0.00634	0.00169	0.06617	0.00499	0.00327	0.00749
11	0.01731	0.09200	0.01758	0.01368	0.07245	0.01466	0.07175	0.32328	0.17213	0.10848	0.03239	0.01531	0.01168	0.00628	0.00530	0.00163	0.00562	0.00519	0.00482	0.00848
12	0.01421	0.01181	0.05676	0.01014	0.01486	0.00982	0.04290	0.14085	0.06401	0.09937	0.01218	0.01292	0.00920	0.00497	0.00463	0.00119	0.00484	0.00407	0.00398	0.47730
13	0.00925	0.00469	0.00694	0.00694	0.00694	0.00469	0.00459	0.00703	0.00703	0.00938	0.00969	0.01722	0.00981	0.05673	0.02128	0.80353	0.00469	0.00481	0.00238	0.00238
14	0.01113	0.00954	0.01113	0.00795	0.01272	0.00716	0.00636	0.01352	0.01113	0.01749	0.00954	0.01113	0.00795	0.00398	0.00398	0.00080	0.00398	0.00318	0.00318	0.84417
15	0.01341	0.05923	0.29341	0.05937	0.09457	0.01323	0.03745	0.17707	0.06720	0.02084	0.03473	0.01346	0.00965	0.00557	0.00511	0.00158	0.00646	0.00455	0.00341	0.07970
16	0.01682	0.00960	0.01186	0.00884	0.01328	0.00794	0.00717	0.04203	0.03635	0.33300	0.01481	0.01440	0.01044	0.00525	0.00465	0.00121	0.00429	0.00423	0.00474	0.44908
17	0.01486	0.18754	0.29990	0.01330	0.01904	0.02736	0.07933	0.15490	0.02938	0.08693	0.01112	0.01208	0.00816	0.00535	0.00491	0.00155	0.00675	0.00424	0.00337	0.02992
18	0.07297	0.01372	0.18891	0.01104	0.01573	0.00980	0.03369	0.07081	0.03090	0.38778	0.09451	0.01786	0.01479	0.00656	0.00532	0.00168	0.00532	0.00536	0.00511	0.00815
19	0.00749	0.04795	0.03495	0.00669	0.00863	0.00595	0.00550	0.00953	0.01322	0.01713	0.31155	0.04427	0.40597	0.01194	0.00620	0.00176	0.00311	0.04809	0.00508	0.00499
20	0.04326	0.01299	0.09242	0.01334	0.08195	0.01132	0.04788	0.21380	0.01693	0.34862	0.05091	0.01629	0.01240	0.00632	0.00538	0.00165	0.00553	0.00523	0.00520	0.00858

[dist]
# distance from previous block
# <min> <max>
5	10

[block]
# block no. 3 follows, 45 sequences, length 20
# corresponding to MSA columns:
# 115-134
name=unknown_D
#
# <colnr> <probs for GDERKNQSTAVLIFYWHMCP>
#	G	D	E	R	K	N	Q	S	T	A	V	L	I	F	Y	W	H	M	C	P
0	0.01505	0.72056	0.02666	0.00964	0.01411	0.06058	0.00931	0.06596	0.01208	0.01407	0.00787	0.00895	0.00704	0.00476	0.00364	0.00119	0.00595	0.00303	0.00253	0.00700
1	0.04458	0.01366	0.17605	0.08491	0.03714	0.00944	0.04373	0.01650	0.01179	0.13235	0.01131	0.01266	0.00838	0.00483	0.00467	0.00131	0.00549	0.00400	0.00341	0.37379
2	0.05571	0.00703	0.00818	0.00820	0.00963	0.00743	0.00600	0.01413	0.20860	0.01814	0.19040	0.32442	0.03061	0.03676	0.04743	0.00237	0.00398	0.01023	0.00506	0.00567
3	0.00781	0.00520	0.00585	0.00585	0.00585	0.00520	0.00325	0.00781	0.00781	0.01041	0.01691	0.03513	0.01952	0.81135	0.02732	0.00520	0.00520	0.00781	0.00325	0.00325
4	0.00666	0.00480	0.00635	0.00754	0.00797	0.00448	0.00517	0.00771	0.01050	0.01389	0.03061	0.72716	0.06801	0.01655	0.00686	0.00218	0.00321	0.06095	0.00498	0.00440
5	0.01371	0.00822	0.00934	0.00860	0.01073	0.04708	0.00651	0.03824	0.10812	0.22644	0.07530	0.28228	0.03605	0.01041	0.00577	0.00180	0.00396	0.00900	0.09189	0.00654
6	0.00699	0.00500	0.00608	0.00666	0.00714	0.00470	0.00434	0.00781	0.01013	0.01337	0.08513	0.41424	0.12485	0.26312	0.01312	0.00304	0.00367	0.01203	0.00451	0.00409
7	0.00767	0.00575	0.00863	0.00863	0.00959	0.00671	0.00671	0.00959	0.00863	0.01246	0.01438	0.02109	0.01342	0.04026	0.79008	0.00863	0.01438	0.00575	0.00288	0.00479
8	0.01403	0.04258	0.01682	0.25559	0.20556	0.06674	0.01263	0.07936	0.17328	0.06056	0.01303	0.01484	0.00991	0.00577	0.00527	0.00167	0.00623	0.00493	0.00360	0.00760
9	0.01138	0.02350	0.54240	0.01765	0.02478	0.01282	0.25670	0.01706	0.01176	0.01706	0.01003	0.01234	0.00723	0.00492	0.00550	0.00174	0.00829	0.00473	0.00241	0.00771
10	0.00686	0.00517	0.00643	0.00730	0.00822	0.00474	0.00537	0.00819	0.01123	0.01436	0.03677	0.44907	0.25527	0.01550	0.00680	0.00212	0.00332	0.14379	0.00498	0.00452
11	0.01261	0.00792	0.01043	0.04978	0.01270	0.00847	0.00764	0.01763	0.17729	0.18217	0.10880	0.02331	0.01868	0.01974	0.29196	0.00427	0.00798	0.02732	0.00465	0.00664
12	0.00943	0.00795	0.00934	0.00900	0.00971	0.04835	0.00664	0.01168	0.07644	0.01312	0.01682	0.11017	0.01769	0.27904	0.18139	0.00451	0.13213	0.04829	0.00348	0.00482
13	0.01037	0.01000	0.01756	0.72590	0.03614	0.01208	0.08444	0.01404	0.01091	0.01404	0.00966	0.01433	0.00725	0.00529	0.00546	0.00179	0.00733	0.00492	0.00242	0.00608
14	0.01296	0.01168	0.01708	0.01424	0.01499	0.01545	0.06118	0.01444	0.00919	0.08509	0.00862	0.01254	0.00770	0.00881	0.01572	0.00225	0.67415	0.00487	0.00277	0.00627
15	0.00776	0.00545	0.00704	0.00775	0.00842	0.00533	0.00567	0.00926	0.03325	0.01417	0.06814	0.31618	0.06268	0.16680	0.01165	0.05357	0.00407	0.20391	0.00455	0.00435
16	0.00909	0.00724	0.00950	0.00853	0.00899	0.00814	0.04558	0.01039	0.05061	0.01190	0.01508	0.02895	0.01648	0.57821	0.02322	0.00432	0.14930	0.00707	0.00318	0.00423
17	0.01901	0.01400	0.01490	0.01345	0.08651	0.10465	0.00990	0.32953	0.11211	0.18119	0.04860	0.01574	0.01239	0.00653	0.00536	0.00162	0.00577	0.00515	0.00511	0.00847
18	0.01292	0.01286	0.01484	0.18730	0.20139	0.15778	0.01138	0.06601	0.05267	0.01753	0.12458	0.02048	0.08377	0.00698	0.00549	0.00164	0.00614	0.00590	0.00362	0.00671
19	0.06594	0.00796	0.01020	0.01201	0.12281	0.00824	0.00771	0.07988	0.08697	0.01806	0.02237	0.40878	0.02404	0.01179	0.00601	0.00195	0.00411	0.05360	0.04160	0.00597

[dist]
# distance from previous block
# <min> <max>
0	2

[block]
# block no. 4 follows, 45 sequences, length 25
# corresponding to MSA columns:
# 141-165
name=unknown_E
#
# <colnr> <probs for GDERKNQSTAVLIFYWHMCP>
#	G	D	E	R	K	N	Q	S	T	A	V	L	I	F	Y	W	H	M	C	P
0	0.01264	0.01365	0.05078	0.31716	0.17112	0.07105	0.22018	0.04824	0.01254	0.01635	0.01007	0.01364	0.00774	0.00507	0.00557	0.00172	0.00770	0.00508	0.00268	0.00703
1	0.01173	0.00918	0.01081	0.00805	0.01233	0.00728	0.00641	0.01472	0.04972	0.07099	0.06968	0.01547	0.03511	0.00514	0.00440	0.00100	0.00388	0.00421	0.00379	0.65610
2	0.18860	0.01325	0.01416	0.01185	0.01526	0.09229	0.09724	0.11427	0.32201	0.02230	0.01535	0.04522	0.01207	0.00656	0.00510	0.00173	0.00552	0.00537	0.00439	0.00748
3	0.03989	0.00659	0.00786	0.00815	0.00961	0.02492	0.00639	0.02200	0.01230	0.05167	0.12026	0.24394	0.13145	0.02834	0.00692	0.00210	0.00393	0.23550	0.00496	0.03323
4	0.01334	0.13756	0.24725	0.15641	0.02169	0.06486	0.04796	0.03384	0.01190	0.08045	0.01012	0.01214	0.00766	0.00547	0.00580	0.00159	0.06504	0.00416	0.00286	0.06991
5	0.01262	0.41333	0.06916	0.00952	0.01280	0.04175	0.00890	0.01445	0.01086	0.04484	0.01297	0.03567	0.01293	0.12433	0.02320	0.00219	0.03636	0.10498	0.00305	0.00611
6	0.01169	0.01124	0.01798	0.35070	0.35225	0.03652	0.01469	0.01480	0.01125	0.01521	0.00999	0.01412	0.00819	0.00791	0.06466	0.00223	0.04223	0.00480	0.00255	0.00697
7	0.00777	0.00634	0.00881	0.00869	0.02825	0.00600	0.05282	0.00967	0.01242	0.01643	0.23009	0.17770	0.24846	0.04323	0.00768	0.00206	0.02867	0.09510	0.00487	0.00495
8	0.07397	0.01830	0.31527	0.05841	0.01880	0.08365	0.01311	0.06889	0.01351	0.23049	0.01360	0.04608	0.00991	0.00615	0.00514	0.00168	0.00652	0.00481	0.00393	0.00778
9	0.23941	0.01297	0.01343	0.01056	0.01458	0.01419	0.00872	0.46002	0.01960	0.13701	0.01263	0.01255	0.00884	0.00609	0.00483	0.00163	0.00525	0.00441	0.00501	0.00826
10	0.00926	0.00469	0.00694	0.00694	0.00694	0.00469	0.00460	0.00703	0.00703	0.00937	0.00965	0.01712	0.00976	0.05261	0.02125	0.80790	0.00469	0.00480	0.00237	0.00237
11	0.01513	0.12262	0.20566	0.01640	0.11693	0.11090	0.08764	0.10117	0.02495	0.07771	0.01064	0.01221	0.00811	0.00559	0.00592	0.00162	0.06155	0.00439	0.00317	0.00768
12	0.01525	0.01602	0.01234	0.01118	0.01374	0.33747	0.00850	0.02140	0.26003	0.04383	0.18277	0.02006	0.01988	0.00734	0.00539	0.00160	0.00616	0.00575	0.00447	0.00680
13	0.00767	0.00575	0.00863	0.00863	0.00959	0.00671	0.00671	0.00959	0.00863	0.01246	0.01438	0.02109	0.01342	0.04026	0.79008	0.00863	0.01438	0.00575	0.00288	0.00479
14	0.02606	0.00907	0.03929	0.17627	0.04878	0.00920	0.00874	0.13924	0.01437	0.03141	0.17283	0.04152	0.01922	0.00724	0.00512	0.00159	0.00451	0.00610	0.23320	0.00623
15	0.01864	0.01399	0.18298	0.09217	0.05231	0.01029	0.03790	0.07080	0.01444	0.42693	0.01608	0.01564	0.01058	0.00601	0.00536	0.00168	0.00589	0.00499	0.00486	0.00846
16	0.00648	0.00489	0.00600	0.00689	0.00763	0.00441	0.00472	0.00754	0.01084	0.01393	0.03671	0.59056	0.24819	0.01589	0.00671	0.00207	0.00300	0.01413	0.00498	0.00441
17	0.00775	0.00518	0.00587	0.00593	0.00594	0.00517	0.00333	0.00779	0.00792	0.01056	0.01750	0.07080	0.02025	0.77468	0.02638	0.00506	0.00511	0.00815	0.00333	0.00330
18	0.01350	0.58706	0.19194	0.01064	0.01585	0.01878	0.01146	0.01714	0.06356	0.01427	0.00893	0.01000	0.00753	0.00489	0.00395	0.00132	0.00612	0.00333	0.00251	0.00723
19	0.30218	0.01281	0.13375	0.03210	0.06690	0.01090	0.03656	0.04985	0.03961	0.14769	0.01322	0.06802	0.01078	0.04665	0.00586	0.00189	0.00529	0.00508	0.00390	0.00696
20	0.00687	0.00525	0.00634	0.00672	0.00787	0.00472	0.00492	0.00846	0.01234	0.01609	0.22331	0.29639	0.30471	0.01408	0.00658	0.00195	0.00295	0.06062	0.00521	0.00464
21	0.00652	0.00475	0.00614	0.00726	0.00773	0.00438	0.00489	0.00750	0.01049	0.01379	0.03222	0.72748	0.11417	0.01647	0.00680	0.00214	0.00307	0.01484	0.00498	0.00438
22	0.01483	0.34181	0.13458	0.03212	0.01790	0.02839	0.11055	0.07202	0.09338	0.08871	0.01151	0.01238	0.00882	0.00530	0.00468	0.00149	0.00634	0.00427	0.00332	0.00760
23	0.27780	0.08301	0.15296	0.01115	0.04741	0.01201	0.04379	0.06397	0.04497	0.07986	0.01239	0.06497	0.01013	0.00614	0.00453	0.00163	0.00525	0.00476	0.06636	0.00690
24	0.07389	0.10757	0.18195	0.07145	0.04572	0.01407	0.01204	0.24598	0.04562	0.13256	0.01239	0.01295	0.00886	0.00576	0.00496	0.00161	0.00606	0.00441	0.00407	0.00810

[dist]
# distance from previous block
# <min> <max>
0	15

[block]
# block no. 5 follows, 45 sequences, length 31
# corresponding to MSA columns:
# 181-211
name=unknown_F
#
# <colnr> <probs for GDERKNQSTAVLIFYWHMCP>
#	G	D	E	R	K	N	Q	S	T	A	V	L	I	F	Y	W	H	M	C	P
0	0.01283	0.06425	0.12425	0.01170	0.04698	0.12829	0.02728	0.05484	0.05122	0.08096	0.01904	0.27026	0.04304	0.00945	0.00563	0.00175	0.00560	0.00805	0.00406	0.03054
1	0.00993	0.09524	0.14525	0.06975	0.04568	0.02124	0.00922	0.01275	0.04429	0.03013	0.06629	0.18255	0.01970	0.19408	0.01059	0.00257	0.00534	0.02613	0.00362	0.00565
2	0.01423	0.00839	0.04472	0.00927	0.01165	0.00765	0.00769	0.01659	0.03097	0.29635	0.11381	0.08544	0.02110	0.07130	0.11383	0.00302	0.05731	0.07505	0.00502	0.00659
3	0.00678	0.00511	0.00630	0.00694	0.00789	0.00464	0.00498	0.00817	0.01168	0.01520	0.14130	0.42682	0.25417	0.01492	0.00667	0.00202	0.00304	0.06370	0.00511	0.00455
4	0.01105	0.00905	0.01038	0.00877	0.01191	0.00844	0.00673	0.07123	0.17471	0.01895	0.03908	0.21362	0.01796	0.00829	0.00519	0.00145	0.00392	0.00714	0.00436	0.36777
5	0.07045	0.01308	0.05595	0.01044	0.01496	0.01225	0.00892	0.33866	0.05906	0.05783	0.01204	0.01254	0.00895	0.00547	0.00474	0.00135	0.00508	0.00418	0.00436	0.29969
6	0.06656	0.03745	0.27579	0.01918	0.07344	0.01336	0.37259	0.04512	0.01241	0.01812	0.01018	0.01280	0.00758	0.00483	0.00556	0.00173	0.00799	0.00509	0.00269	0.00752
7	0.00932	0.00466	0.00699	0.00699	0.00699	0.00466	0.00466	0.00699	0.00699	0.00932	0.00932	0.01632	0.00932	0.01865	0.02098	0.84382	0.00466	0.00466	0.00233	0.00233
8	0.01290	0.00651	0.00832	0.00743	0.00958	0.00580	0.00572	0.01486	0.01370	0.26984	0.23582	0.15018	0.14217	0.01041	0.00587	0.00173	0.00332	0.00896	0.08066	0.00621
9	0.00872	0.00677	0.00671	0.00661	0.00687	0.06454	0.00398	0.00893	0.00841	0.01073	0.01612	0.03243	0.01823	0.70797	0.06769	0.00510	0.00605	0.00736	0.00320	0.00356
10	0.01378	0.68825	0.14942	0.01017	0.01530	0.01983	0.01089	0.01622	0.01098	0.01333	0.00781	0.00905	0.00687	0.00467	0.00371	0.00124	0.00609	0.00305	0.00229	0.00706
11	0.00669	0.00536	0.00603	0.00639	0.00780	0.00470	0.00479	0.00814	0.01200	0.01487	0.08422	0.20666	0.50881	0.01425	0.00656	0.00195	0.00302	0.08817	0.00503	0.00457
12	0.00738	0.00531	0.00654	0.00674	0.00790	0.00488	0.00501	0.00931	0.01294	0.01779	0.34001	0.21415	0.19163	0.01273	0.00632	0.00185	0.00288	0.06739	0.07445	0.00478
13	0.26983	0.07268	0.01494	0.01166	0.01358	0.06850	0.05048	0.01465	0.00946	0.01655	0.00798	0.01119	0.00712	0.00915	0.06100	0.00236	0.34608	0.00408	0.00273	0.00596
14	0.01077	0.02777	0.78354	0.01530	0.02323	0.01247	0.01983	0.01700	0.01133	0.01700	0.00963	0.01133	0.00680	0.00510	0.00510	0.00170	0.00793	0.00397	0.00227	0.00793
15	0.00780	0.00524	0.00603	0.00603	0.00610	0.00530	0.00348	0.00792	0.00786	0.01054	0.01675	0.03422	0.01912	0.76146	0.07667	0.00543	0.00580	0.00767	0.00323	0.00335
16	0.00834	0.00556	0.00732	0.00702	0.00830	0.00511	0.00521	0.01060	0.01444	0.06222	0.61727	0.15855	0.04623	0.01165	0.00636	0.00176	0.00274	0.01034	0.00581	0.00518
17	0.00767	0.00575	0.00863	0.00863	0.00959	0.00671	0.00671	0.00959	0.00863	0.01246	0.01438	0.02109	0.01342	0.04026	0.79008	0.00863	0.01438	0.00575	0.00288	0.00479
18	0.01267	0.01448	0.03167	0.02262	0.02805	0.01357	0.75837	0.01719	0.01267	0.01719	0.01086	0.01448	0.00814	0.00452	0.00633	0.00181	0.00905	0.00633	0.00271	0.00724
19	0.00781	0.00537	0.00679	0.00679	0.00711	0.00568	0.00442	0.00836	0.00805	0.01105	0.01586	0.02999	0.01723	0.53644	0.27625	0.03073	0.00818	0.00704	0.00310	0.00373
20	0.01267	0.01448	0.03167	0.02262	0.02805	0.01357	0.75837	0.01719	0.01267	0.01719	0.01086	0.01448	0.00814	0.00452	0.00633	0.00181	0.00905	0.00633	0.00271	0.00724
21	0.33308	0.07427	0.06369	0.01021	0.01432	0.01477	0.00898	0.32776	0.06334	0.02673	0.01077	0.01133	0.00800	0.00571	0.00444	0.00161	0.00526	0.00397	0.00416	0.00759
22	0.00883	0.00558	0.00690	0.00670	0.00721	0.00569	0.00433	0.00944	0.00865	0.06139	0.03508	0.03117	0.01857	0.57600	0.18704	0.00561	0.00704	0.00726	0.00346	0.00401
23	0.01117	0.00612	0.00624	0.00582	0.00741	0.00630	0.00447	0.09580	0.01282	0.02155	0.01700	0.01922	0.01324	0.00628	0.00393	0.00129	0.00288	0.00498	0.74801	0.00546
24	0.01248	0.01411	0.03050	0.08122	0.02873	0.01345	0.70222	0.01693	0.01252	0.01693	0.01076	0.01447	0.00807	0.00459	0.00626	0.00181	0.00891	0.00622	0.00269	0.00714
25	0.00798	0.00581	0.00773	0.00768	0.00822	0.00641	0.00551	0.00897	0.00857	0.01184	0.01719	0.02951	0.04531	0.34735	0.34821	0.03065	0.04831	0.04745	0.00318	0.00415
26	0.01067	0.01008	0.01706	0.66924	0.16203	0.01207	0.01517	0.01418	0.01098	0.01436	0.00963	0.01414	0.00738	0.00527	0.00536	0.00176	0.00702	0.00477	0.00243	0.00639
27	0.06394	0.01001	0.01266	0.01040	0.01358	0.01051	0.03646	0.02345	0.22408	0.35868	0.01847	0.01756	0.01294	0.00690	0.00646	0.00175	0.08654	0.00538	0.07219	0.00803
28	0.03843	0.07348	0.02117	0.03676	0.27359	0.03034	0.16440	0.08662	0.06739	0.06571	0.01196	0.01480	0.00954	0.00574	0.00618	0.00170	0.05800	0.02300	0.00339	0.00779
29	0.02437	0.00837	0.00942	0.05224	0.01176	0.07852	0.01696	0.01346	0.05235	0.08625	0.29796	0.19481	0.05008	0.01074	0.00608	0.00180	0.00413	0.04955	0.00504	0.02613
30	0.09022	0.01066	0.01334	0.07482	0.07481	0.06546	0.03438	0.05488	0.01320	0.31360	0.01585	0.06791	0.01243	0.04933	0.04747	0.00225	0.04186	0.00570	0.00456	0.00729

[dist]
# distance from previous block
# <min> <max>
2	52

[block]
# block no. 6 follows, 45 sequences, length 24
# corresponding to MSA columns:
# 264-287
name=unknown_G
#
# <colnr> <probs for GDERKNQSTAVLIFYWHMCP>
#	G	D	E	R	K	N	Q	S	T	A	V	L	I	F	Y	W	H	M	C	P
0	0.01783	0.06609	0.01526	0.01280	0.04197	0.38263	0.00972	0.13995	0.01587	0.07863	0.07164	0.03295	0.01205	0.00658	0.00579	0.00152	0.05298	0.00470	0.00376	0.02729
1	0.06744	0.05391	0.08696	0.07696	0.19052	0.01116	0.07579	0.06824	0.01243	0.03838	0.02605	0.12779	0.01267	0.00674	0.00522	0.00160	0.00568	0.00601	0.00340	0.12305
2	0.04648	0.40902	0.04377	0.00956	0.01339	0.04052	0.00867	0.12273	0.02562	0.09386	0.01136	0.02546	0.00979	0.08695	0.01733	0.01512	0.00576	0.00426	0.00342	0.00693
3	0.01353	0.00701	0.00872	0.00763	0.01010	0.00632	0.00609	0.03788	0.01423	0.27726	0.18630	0.03483	0.22190	0.00996	0.00586	0.00173	0.00356	0.06539	0.07529	0.00641
4	0.00932	0.00466	0.00699	0.00699	0.00699	0.00466	0.00466	0.00699	0.00699	0.00932	0.00932	0.01632	0.00932	0.01865	0.02098	0.84382	0.00466	0.00466	0.00233	0.00233
5	0.01752	0.21625	0.09700	0.01114	0.01532	0.09152	0.01019	0.08859	0.10970	0.22831	0.01385	0.01366	0.01006	0.00606	0.00546	0.00156	0.04725	0.00442	0.00422	0.00790
6	0.01165	0.00827	0.00965	0.00872	0.01095	0.00862	0.00671	0.05020	0.27331	0.09789	0.32204	0.09166	0.05868	0.00964	0.00594	0.00177	0.00352	0.00832	0.00570	0.00675
7	0.08471	0.09784	0.15620	0.01476	0.12245	0.01303	0.06828	0.13899	0.03811	0.03579	0.01053	0.01198	0.00812	0.00505	0.00474	0.00144	0.00595	0.00414	0.00333	0.17457
8	0.01577	0.03283	0.01696	0.01795	0.23536	0.05035	0.06002	0.05001	0.28600	0.15310	0.01627	0.01636	0.01206	0.00609	0.00538	0.00168	0.00560	0.00534	0.00446	0.00840
9	0.00760	0.00549	0.00718	0.00675	0.00802	0.00506	0.00506	0.01013	0.01519	0.02153	0.77503	0.04010	0.05065	0.01097	0.00633	0.00169	0.00253	0.00971	0.00591	0.00506
10	0.00788	0.00593	0.00781	0.00847	0.00919	0.00617	0.00642	0.00973	0.03667	0.01423	0.02653	0.35648	0.06479	0.10175	0.05663	0.00295	0.05415	0.21504	0.00451	0.00468
11	0.27848	0.01220	0.01230	0.11023	0.05249	0.08719	0.00895	0.19870	0.01392	0.02176	0.01057	0.01360	0.00864	0.05399	0.09309	0.00260	0.00680	0.00435	0.00357	0.00656
12	0.00777	0.00596	0.00865	0.00859	0.00946	0.00693	0.00662	0.00950	0.00878	0.01252	0.01633	0.05480	0.04396	0.07303	0.65438	0.00763	0.05092	0.00640	0.00304	0.00474
13	0.00654	0.00467	0.00623	0.00747	0.00779	0.00436	0.00498	0.00747	0.01028	0.01370	0.02959	0.80785	0.03550	0.01682	0.00685	0.00218	0.00311	0.01526	0.00498	0.00436
14	0.01280	0.01178	0.01596	0.07277	0.01641	0.06018	0.06360	0.01551	0.06509	0.07225	0.01119	0.05488	0.01001	0.00976	0.04330	0.00236	0.44721	0.00549	0.00311	0.00631
15	0.14640	0.01080	0.01521	0.38955	0.07095	0.03513	0.04692	0.05527	0.01235	0.15031	0.01147	0.01385	0.00823	0.00551	0.00508	0.00171	0.00628	0.00462	0.00347	0.00687
16	0.00670	0.00482	0.00620	0.00716	0.00759	0.00449	0.00477	0.00768	0.01047	0.01393	0.07465	0.64428	0.08193	0.08784	0.00863	0.00240	0.00324	0.01401	0.00488	0.00431
17	0.00831	0.00592	0.00752	0.04519	0.00976	0.00549	0.00570	0.01054	0.01393	0.05827	0.43609	0.04261	0.24814	0.01152	0.00633	0.00179	0.00311	0.06919	0.00544	0.00516
18	0.07524	0.04684	0.15001	0.20906	0.16991	0.07444	0.07630	0.01738	0.01206	0.10313	0.01076	0.01306	0.00801	0.00524	0.00513	0.00166	0.00693	0.00452	0.00302	0.00731
19	0.00986	0.00694	0.00939	0.00852	0.00985	0.00727	0.02997	0.01159	0.01182	0.09311	0.21109	0.13371	0.13586	0.07285	0.06240	0.00258	0.12390	0.00875	0.04520	0.00534
20	0.29061	0.01303	0.01313	0.01039	0.01436	0.01442	0.00858	0.45668	0.01917	0.09278	0.01181	0.01198	0.00839	0.00598	0.00471	0.00163	0.00522	0.00425	0.00481	0.00805
21	0.08192	0.01470	0.01569	0.05886	0.25405	0.19354	0.01144	0.07457	0.08387	0.04810	0.01305	0.01571	0.03012	0.00603	0.00511	0.00159	0.00644	0.03371	0.00352	0.04798
22	0.05792	0.00824	0.00883	0.00796	0.01030	0.05085	0.03319	0.01346	0.09549	0.07743	0.10181	0.10419	0.35540	0.01075	0.00587	0.00175	0.00381	0.00906	0.00488	0.03883
23	0.10058	0.03229	0.02989	0.05251	0.21082	0.01035	0.04074	0.07380	0.01348	0.05962	0.17241	0.03321	0.01868	0.00695	0.00531	0.00161	0.00501	0.04153	0.00400	0.08718

[dist]
# distance from previous block
# <min> <max>
1	29

[block]
# block no. 7 follows, 45 sequences, length 33
# corresponding to MSA columns:
# 317-347,350,351
name=unknown_H
#
# <colnr> <probs for GDERKNQSTAVLIFYWHMCP>
#	G	D	E	R	K	N	Q	S	T	A	V	L	I	F	Y	W	H	M	C	P
0	0.08498	0.01298	0.01399	0.03124	0.04377	0.03693	0.00927	0.48128	0.03166	0.05430	0.05122	0.07482	0.01328	0.02848	0.00593	0.00176	0.00546	0.00578	0.00494	0.00795
1	0.01410	0.05501	0.12426	0.01414	0.05859	0.08744	0.15541	0.01824	0.06736	0.11292	0.05808	0.01494	0.01155	0.00546	0.00515	0.00147	0.00629	0.00488	0.00361	0.18108
2	0.03399	0.00807	0.00944	0.00864	0.01072	0.00825	0.00662	0.12690	0.11326	0.10117	0.17816	0.20512	0.07428	0.04598	0.00699	0.00200	0.00390	0.04486	0.00535	0.00630
3	0.00863	0.00743	0.01059	0.00977	0.01064	0.00868	0.03368	0.01034	0.01058	0.01498	0.17215	0.16807	0.08559	0.01814	0.18473	0.00352	0.22498	0.00847	0.00390	0.00513
4	0.01331	0.01127	0.01988	0.11059	0.25020	0.01140	0.19792	0.04436	0.02324	0.10273	0.01255	0.01610	0.00995	0.03499	0.11471	0.00277	0.00795	0.00548	0.00328	0.00732
5	0.01072	0.01538	0.26665	0.01245	0.01630	0.03957	0.06230	0.06070	0.03854	0.01683	0.05156	0.06343	0.01505	0.03399	0.15764	0.00325	0.04678	0.07903	0.00336	0.00647
6	0.00869	0.00535	0.00710	0.00774	0.00851	0.00504	0.00545	0.00980	0.01064	0.09215	0.02673	0.55228	0.03035	0.10595	0.03333	0.00269	0.00400	0.07450	0.00489	0.00479
7	0.72164	0.01081	0.00870	0.00760	0.01100	0.04083	0.00623	0.01720	0.01009	0.11219	0.00911	0.00987	0.00673	0.00520	0.00362	0.00165	0.00441	0.00322	0.00369	0.00622
8	0.00773	0.00605	0.00833	0.00824	0.00934	0.00679	0.00636	0.00987	0.03280	0.01313	0.02175	0.04582	0.14672	0.05038	0.56547	0.00677	0.03924	0.00698	0.00337	0.00485
9	0.00775	0.00518	0.00587	0.00592	0.00594	0.00517	0.00332	0.00779	0.00791	0.01055	0.01744	0.06732	0.02018	0.77825	0.02647	0.00508	0.00512	0.00812	0.00332	0.00330
10	0.06329	0.01090	0.01329	0.01024	0.01439	0.01062	0.00846	0.23754	0.01791	0.52871	0.01811	0.01625	0.01172	0.00651	0.00529	0.00165	0.00493	0.00511	0.00611	0.00897
11	0.01240	0.00824	0.00966	0.00883	0.01093	0.00833	0.00669	0.20413	0.04453	0.10729	0.06318	0.35753	0.11221	0.01196	0.00617	0.00189	0.00397	0.01037	0.00534	0.00635
12	0.00841	0.00568	0.00677	0.00649	0.00804	0.00504	0.00480	0.01014	0.01313	0.08109	0.31431	0.11504	0.32553	0.06216	0.00762	0.00200	0.00300	0.01038	0.00536	0.00502
13	0.15710	0.01059	0.03272	0.00918	0.01236	0.01100	0.00755	0.14516	0.21593	0.12853	0.05332	0.01739	0.01386	0.00659	0.00480	0.00162	0.00426	0.00516	0.15545	0.00742
14	0.00764	0.00519	0.00701	0.03826	0.00936	0.00493	0.00567	0.00883	0.01074	0.05122	0.02937	0.66700	0.06391	0.01564	0.00673	0.00214	0.00342	0.05328	0.00496	0.00469
15	0.02038	0.01394	0.01473	0.01148	0.01548	0.05589	0.00940	0.54462	0.02209	0.16333	0.01439	0.01411	0.01003	0.00642	0.00525	0.00159	0.00566	0.00487	0.05765	0.00872
16	0.01014	0.00954	0.01610	0.79845	0.03697	0.01193	0.01491	0.01371	0.01073	0.01371	0.00954	0.01431	0.00716	0.00537	0.00537	0.00179	0.00716	0.00477	0.00239	0.00596
17	0.01304	0.00641	0.00866	0.00835	0.01014	0.00577	0.00626	0.01455	0.01243	0.29116	0.05536	0.44661	0.02779	0.01280	0.00634	0.00199	0.00373	0.05686	0.00562	0.00615
18	0.01209	0.05874	0.36802	0.01477	0.01918	0.03222	0.05536	0.05182	0.01100	0.01602	0.00877	0.01156	0.00708	0.00671	0.00972	0.00191	0.30110	0.00434	0.00249	0.00710
19	0.00921	0.00516	0.00572	0.00558	0.00684	0.00502	0.00419	0.01172	0.01256	0.02051	0.26730	0.02664	0.02592	0.00781	0.00460	0.00140	0.00251	0.00655	0.56574	0.00502
20	0.00654	0.00467	0.00623	0.00747	0.00779	0.00436	0.00498	0.00747	0.01028	0.01370	0.02959	0.80785	0.03550	0.01682	0.00685	0.00218	0.00311	0.01526	0.00498	0.00436
21	0.00725	0.00518	0.00653	0.00730	0.00776	0.00510	0.00487	0.00876	0.04476	0.01357	0.02604	0.54412	0.04280	0.16933	0.05725	0.00310	0.00421	0.01252	0.02518	0.00438
22	0.68434	0.00976	0.00798	0.00710	0.01025	0.01106	0.00580	0.01643	0.03101	0.07091	0.00981	0.01084	0.00743	0.00529	0.00356	0.00162	0.00400	0.00338	0.09342	0.00601
23	0.01435	0.81458	0.02813	0.00918	0.01378	0.02124	0.00918	0.01607	0.01091	0.01263	0.00746	0.00861	0.00689	0.00459	0.00344	0.00115	0.00574	0.00287	0.00230	0.00689
24	0.00770	0.00562	0.00798	0.00798	0.00871	0.00636	0.00590	0.00917	0.00843	0.01198	0.01497	0.02438	0.01485	0.22125	0.61105	0.00782	0.01222	0.00623	0.00296	0.00443
25	0.01131	0.01208	0.12476	0.06146	0.04762	0.01081	0.05053	0.11428	0.04883	0.01711	0.01246	0.01716	0.01076	0.07801	0.23446	0.01949	0.07305	0.00524	0.00319	0.04738
26	0.14907	0.01230	0.05324	0.01028	0.01386	0.05316	0.00858	0.09929	0.24922	0.21751	0.01757	0.06522	0.01333	0.00705	0.00513	0.00173	0.00491	0.00559	0.00507	0.00789
27	0.02011	0.01142	0.01312	0.01024	0.01402	0.01178	0.00840	0.38722	0.01962	0.29502	0.01651	0.01587	0.01130	0.00649	0.00513	0.00157	0.00491	0.00506	0.13369	0.00850
28	0.00785	0.00524	0.00676	0.00728	0.00821	0.00475	0.00510	0.00918	0.01158	0.06302	0.14683	0.54551	0.11540	0.01472	0.00658	0.00201	0.00309	0.01317	0.00520	0.01853
29	0.01621	0.05014	0.06085	0.05725	0.24423	0.02727	0.09790	0.15522	0.05195	0.15148	0.01310	0.01431	0.00961	0.00558	0.00533	0.00163	0.00627	0.00499	0.01843	0.00825
30	0.01470	0.00691	0.00922	0.00815	0.01049	0.00612	0.00627	0.01654	0.01380	0.36239	0.19888	0.23850	0.06385	0.01072	0.00605	0.00181	0.00362	0.00934	0.00595	0.00669
31	0.00803	0.00509	0.00680	0.00758	0.00828	0.00470	0.00522	0.00918	0.01107	0.07580	0.08666	0.68514	0.03490	0.01555	0.00669	0.00210	0.00319	0.01404	0.00519	0.00480
32	0.04639	0.15961	0.29823	0.01470	0.10652	0.01419	0.01376	0.10977	0.08242	0.06743	0.01193	0.01362	0.00914	0.00567	0.00491	0.00161	0.00634	0.02246	0.00338	0.00793

[dist]
# distance from previous block
# <min> <max>
3	24

[block]
# block no. 8 follows, 45 sequences, length 47
# corresponding to MSA columns:
# 376-422
name=unknown_I
#
# <colnr> <probs for GDERKNQSTAVLIFYWHMCP>
#	G	D	E	R	K	N	Q	S	T	A	V	L	I	F	Y	W	H	M	C	P
0	0.15702	0.13113	0.06953	0.05165	0.03888	0.13225	0.00966	0.11290	0.04125	0.11704	0.03524	0.04936	0.01087	0.00623	0.00473	0.00157	0.00590	0.00467	0.00386	0.01626
1	0.01321	0.08550	0.28938	0.01614	0.03852	0.01282	0.24430	0.06885	0.01297	0.08392	0.01261	0.07460	0.01021	0.00601	0.00553	0.00171	0.00725	0.00568	0.00322	0.00755
2	0.00682	0.00660	0.05972	0.00723	0.00867	0.00502	0.00568	0.00837	0.01135	0.01467	0.08024	0.43100	0.30610	0.01449	0.00651	0.00198	0.00327	0.01272	0.00485	0.00471
3	0.00831	0.00661	0.00867	0.00826	0.00878	0.00754	0.00607	0.00949	0.00988	0.01385	0.15562	0.11379	0.06669	0.25028	0.14044	0.00402	0.16515	0.00821	0.00378	0.00455
4	0.01480	0.03918	0.16384	0.01298	0.01696	0.04528	0.10898	0.10038	0.05224	0.16200	0.01437	0.07745	0.01164	0.00889	0.03720	0.04441	0.07244	0.00576	0.00393	0.00727
5	0.14747	0.01482	0.07599	0.08542	0.24127	0.06576	0.05004	0.21720	0.01527	0.02229	0.01027	0.01221	0.00788	0.00537	0.00502	0.00163	0.00644	0.00442	0.00345	0.00777
6	0.01290	0.01027	0.01061	0.00914	0.01157	0.07089	0.00713	0.26293	0.01780	0.03520	0.29626	0.09568	0.11795	0.00977	0.00592	0.00169	0.00434	0.00818	0.00530	0.00646
7	0.00856	0.00653	0.00773	0.00698	0.00868	0.00588	0.00499	0.00977	0.00969	0.01347	0.02021	0.03125	0.11008	0.35040	0.10024	0.00377	0.00555	0.06478	0.00354	0.22788
8	0.21156	0.00975	0.01050	0.00876	0.01202	0.00987	0.00699	0.17717	0.01456	0.18244	0.01890	0.14271	0.07276	0.00810	0.00507	0.00166	0.00433	0.00650	0.00484	0.09151
9	0.01750	0.00720	0.00897	0.00742	0.01022	0.00654	0.00595	0.01977	0.01344	0.42517	0.01946	0.01909	0.01351	0.00646	0.00463	0.00147	0.00360	0.00521	0.39719	0.00720
10	0.01135	0.01136	0.01731	0.29584	0.04438	0.04594	0.09699	0.01374	0.01000	0.01363	0.00929	0.01478	0.00823	0.07049	0.01184	0.00225	0.30904	0.00511	0.00250	0.00594
11	0.00720	0.00515	0.00674	0.00699	0.00782	0.00480	0.00494	0.00898	0.01291	0.01792	0.44646	0.33907	0.04318	0.05342	0.00759	0.00206	0.00289	0.01178	0.00541	0.00470
12	0.01910	0.01611	0.01546	0.01246	0.01619	0.13792	0.01007	0.51952	0.11993	0.02828	0.01311	0.01327	0.00965	0.00652	0.00577	0.00163	0.03691	0.00477	0.00486	0.00846
13	0.00776	0.00561	0.00750	0.00770	0.00862	0.00550	0.00575	0.00967	0.01288	0.02860	0.39377	0.30697	0.04083	0.01326	0.00713	0.00197	0.03976	0.08648	0.00534	0.00490
14	0.01215	0.00869	0.01014	0.00911	0.01054	0.04017	0.00680	0.07808	0.07583	0.10701	0.03989	0.07769	0.01683	0.26034	0.12715	0.00387	0.09909	0.00685	0.00405	0.00569
15	0.00803	0.00633	0.00984	0.00939	0.01048	0.00737	0.03613	0.01002	0.00877	0.01266	0.01395	0.02046	0.01296	0.03763	0.72860	0.00811	0.04578	0.00573	0.00285	0.00493
16	0.01153	0.01144	0.01604	0.01381	0.01386	0.01594	0.01149	0.01275	0.00824	0.01289	0.00742	0.01222	0.00737	0.01098	0.05735	0.00267	0.76104	0.00475	0.00238	0.00582
17	0.01406	0.00715	0.00942	0.00883	0.01109	0.00661	0.00706	0.01657	0.05100	0.30678	0.04486	0.21583	0.08276	0.01162	0.00631	0.00199	0.00411	0.18176	0.00565	0.00655
18	0.82371	0.01052	0.00814	0.00722	0.01057	0.01218	0.00595	0.03873	0.00963	0.02438	0.00764	0.00885	0.00592	0.00503	0.00339	0.00166	0.00421	0.00297	0.00339	0.00592
19	0.00732	0.00527	0.00642	0.00649	0.00724	0.00504	0.00440	0.00852	0.01101	0.01484	0.23993	0.15902	0.14323	0.28703	0.06774	0.00346	0.00438	0.00990	0.00451	0.00424
20	0.02172	0.01159	0.01373	0.01058	0.01466	0.01169	0.00872	0.35621	0.01961	0.40634	0.01726	0.01593	0.01144	0.00653	0.00530	0.00162	0.00507	0.00512	0.04795	0.00892
21	0.00951	0.00888	0.01444	0.01209	0.01410	0.04728	0.21214	0.01164	0.01018	0.01364	0.01587	0.14190	0.01606	0.15387	0.28813	0.00483	0.00942	0.00760	0.00321	0.00521
22	0.00694	0.00492	0.00652	0.00766	0.00807	0.00468	0.00533	0.00800	0.01034	0.01373	0.02831	0.63834	0.03346	0.08682	0.00874	0.00249	0.00355	0.11295	0.00482	0.00434
23	0.01057	0.00655	0.00912	0.00984	0.01144	0.00639	0.00856	0.01299	0.01273	0.11126	0.02752	0.05529	0.02870	0.01381	0.00716	0.00237	0.00490	0.65017	0.00515	0.00546
24	0.00698	0.00515	0.00660	0.00757	0.00821	0.00491	0.00527	0.00874	0.04557	0.01457	0.05786	0.64696	0.09233	0.01582	0.00676	0.00213	0.00321	0.05170	0.00504	0.00462
25	0.13231	0.01255	0.12149	0.49785	0.08592	0.01212	0.03459	0.01477	0.01075	0.01605	0.00933	0.01302	0.00704	0.00521	0.00506	0.00174	0.00682	0.00443	0.00253	0.00644
26	0.01166	0.23063	0.02006	0.49322	0.11659	0.01458	0.01352	0.01468	0.01095	0.01386	0.00904	0.01263	0.00724	0.00509	0.00483	0.00159	0.00668	0.00425	0.00239	0.00651
27	0.00790	0.00580	0.00797	0.00794	0.00876	0.00645	0.00586	0.00986	0.03615	0.01291	0.05824	0.03917	0.01767	0.22020	0.51271	0.00699	0.01085	0.01671	0.00329	0.00457
28	0.04798	0.01057	0.01631	0.13915	0.22295	0.01092	0.04591	0.02670	0.02162	0.27765	0.05304	0.01636	0.01196	0.00623	0.00633	0.00173	0.06735	0.00525	0.00421	0.00779
29	0.05008	0.42559	0.11952	0.01009	0.01466	0.02683	0.00999	0.04001	0.04998	0.15062	0.01115	0.01174	0.00862	0.00589	0.00498	0.04014	0.00569	0.00377	0.00336	0.00730
30	0.02256	0.00933	0.01217	0.00943	0.01335	0.00846	0.00776	0.09282	0.01593	0.64843	0.02010	0.01792	0.01294	0.00659	0.00526	0.00162	0.00452	0.00531	0.07672	0.00879
31	0.01283	0.00704	0.00861	0.00771	0.01012	0.00639	0.00610	0.03746	0.03700	0.24948	0.12058	0.09015	0.28004	0.01089	0.00605	0.00181	0.00361	0.06917	0.02867	0.00629
32	0.03051	0.05195	0.01706	0.38680	0.14523	0.03476	0.01312	0.13997	0.05723	0.04538	0.01109	0.01382	0.00839	0.00562	0.00537	0.00169	0.01683	0.00471	0.00328	0.00720
33	0.01299	0.01011	0.01111	0.00956	0.01228	0.01091	0.00752	0.24379	0.23644	0.02442	0.21067	0.06255	0.10664	0.00908	0.00581	0.00174	0.00411	0.00760	0.00547	0.00721
34	0.00746	0.00504	0.00608	0.00643	0.00660	0.00493	0.00392	0.00782	0.00895	0.01201	0.06416	0.26755	0.02581	0.50192	0.01976	0.02954	0.00440	0.01007	0.00390	0.00366
35	0.18816	0.09861	0.01507	0.01050	0.01433	0.01414	0.03698	0.36041	0.01806	0.08740	0.09318	0.01497	0.01294	0.00637	0.00488	0.00159	0.00518	0.00485	0.00468	0.00770
36	0.08032	0.18425	0.13988	0.01314	0.09857	0.01407	0.01105	0.10329	0.13809	0.08845	0.04165	0.01409	0.01107	0.00579	0.00476	0.00154	0.00552	0.00451	0.00384	0.03613
37	0.00868	0.00609	0.00718	0.00707	0.00884	0.00555	0.00552	0.01111	0.04774	0.07707	0.18765	0.09018	0.38110	0.01261	0.00642	0.00190	0.00326	0.12149	0.00531	0.00524
38	0.00777	0.00507	0.00557	0.00590	0.00707	0.00467	0.00425	0.00946	0.01145	0.01653	0.06198	0.24938	0.26834	0.01174	0.00555	0.00171	0.00274	0.01008	0.30606	0.00467
39	0.01298	0.07098	0.01115	0.00906	0.01126	0.03691	0.00698	0.10388	0.09203	0.14463	0.08183	0.34941	0.02465	0.01109	0.00591	0.00184	0.00420	0.00961	0.00514	0.00647
40	0.01279	0.04118	0.01895	0.01429	0.01725	0.01133	0.26801	0.01580	0.03254	0.12106	0.07265	0.02070	0.01450	0.06965	0.07846	0.00273	0.13801	0.03994	0.00366	0.00651
41	0.00770	0.00583	0.00768	0.00782	0.00891	0.00581	0.00608	0.00971	0.01267	0.01727	0.33081	0.16041	0.12961	0.01512	0.06797	0.00250	0.04512	0.14904	0.00505	0.00489
42	0.11133	0.01435	0.01701	0.07573	0.01832	0.18103	0.16258	0.05455	0.01254	0.09876	0.01092	0.01428	0.00885	0.06848	0.00875	0.00202	0.12575	0.00489	0.00331	0.00654
43	0.05370	0.00999	0.01641	0.65986	0.13034	0.01204	0.01464	0.01417	0.01084	0.01474	0.00951	0.01389	0.00726	0.00527	0.00525	0.00176	0.00690	0.00468	0.00247	0.00628
44	0.32815	0.01301	0.01059	0.00941	0.01229	0.18456	0.00738	0.08208	0.01279	0.10583	0.01391	0.08128	0.03996	0.00950	0.06550	0.00218	0.00624	0.00508	0.00392	0.00632
45	0.01136	0.00913	0.01120	0.22529	0.01746	0.07032	0.00882	0.05114	0.01165	0.06751	0.05404	0.06617	0.01737	0.22652	0.01212	0.00278	0.03647	0.09155	0.00370	0.00538
46	0.01528	0.01598	0.07791	0.10907	0.39069	0.17077	0.01438	0.04822	0.01338	0.07800	0.01063	0.01289	0.00831	0.00524	0.00522	0.00159	0.00709	0.00450	0.00305	0.00779

[dist]
# distance from previous block
# <min> <max>
3	25

[block]
# block no. 9 follows, 45 sequences, length 28
# corresponding to MSA columns:
# 448-475
name=unknown_J
#
# <colnr> <probs for GDERKNQSTAVLIFYWHMCP>
#	G	D	E	R	K	N	Q	S	T	A	V	L	I	F	Y	W	H	M	C	P
0	0.07653	0.01191	0.01734	0.28626	0.27177	0.04729	0.03717	0.04064	0.07019	0.04959	0.01102	0.01384	0.00854	0.00548	0.00557	0.00171	0.03005	0.00475	0.00308	0.00726
1	0.05345	0.00898	0.00901	0.00835	0.01004	0.06624	0.00612	0.11179	0.06997	0.05132	0.04499	0.11787	0.09576	0.26136	0.01255	0.00288	0.00489	0.05460	0.00438	0.00546
2	0.10494	0.00961	0.01180	0.01048	0.07038	0.00892	0.00762	0.05330	0.05539	0.28934	0.04334	0.01707	0.01266	0.06774	0.00654	0.00172	0.00453	0.00489	0.00472	0.21501
3	0.25950	0.30562	0.01652	0.00885	0.01245	0.08499	0.00770	0.01656	0.01107	0.09229	0.01049	0.05054	0.00905	0.00758	0.04795	0.00182	0.00579	0.00398	0.00328	0.04396
