[name]
unknown

[dist]
# distance from previous block
# <min> <max>
0	478

[block]
# block no. 0 follows, 38 sequences, length 20
# corresponding to MSA columns:
# 479-498
name=unknown_A
#
# <colnr> <probs for GDERKNQSTAVLIFYWHMCP>
#	G	D	E	R	K	N	Q	S	T	A	V	L	I	F	Y	W	H	M	C	P
0	0.13362	0.12275	0.04305	0.01252	0.03002	0.01425	0.06719	0.16365	0.03382	0.18986	0.01656	0.01793	0.03469	0.00692	0.00549	0.00176	0.00600	0.03062	0.00493	0.06436
1	0.21835	0.09016	0.06886	0.01518	0.12368	0.01494	0.02784	0.14834	0.07252	0.10104	0.01314	0.01396	0.00981	0.00613	0.00516	0.00175	0.00601	0.00471	0.00438	0.05404
2	0.00992	0.00940	0.09009	0.03833	0.07003	0.00776	0.00797	0.01097	0.00966	0.01332	0.01563	0.02891	0.01644	0.42020	0.10573	0.12305	0.00740	0.00713	0.00324	0.00484
3	0.13202	0.01574	0.16191	0.05663	0.03368	0.01297	0.08209	0.09310	0.13214	0.07971	0.03936	0.04756	0.07193	0.00774	0.00593	0.00195	0.00630	0.00650	0.00456	0.00817
4	0.01002	0.00648	0.00835	0.00823	0.00933	0.00629	0.00569	0.01119	0.01085	0.07340	0.03816	0.24739	0.02494	0.28166	0.16922	0.00489	0.00703	0.01015	0.00448	0.06223
5	0.01233	0.05526	0.07924	0.00978	0.01508	0.00938	0.00867	0.01530	0.01226	0.01880	0.01101	0.01323	0.00922	0.00785	0.06525	0.00170	0.00589	0.00385	0.00339	0.64251
6	0.01305	0.05525	0.60457	0.01687	0.02486	0.01381	0.07690	0.01923	0.01302	0.06031	0.01235	0.04116	0.00932	0.00621	0.00585	0.00191	0.00849	0.00516	0.00297	0.00872
7	0.00985	0.00762	0.01043	0.00984	0.01031	0.00911	0.00737	0.01057	0.00931	0.01315	0.01666	0.02622	0.05581	0.21115	0.27035	0.12385	0.18344	0.00691	0.00324	0.00482
8	0.00935	0.00736	0.01100	0.07775	0.01363	0.00883	0.00862	0.01116	0.00985	0.01401	0.01572	0.08225	0.01531	0.03418	0.50587	0.06452	0.09495	0.00699	0.00326	0.00539
9	0.06027	0.12922	0.02013	0.10887	0.02058	0.09758	0.05228	0.19359	0.01657	0.08680	0.01174	0.01372	0.00906	0.00706	0.00805	0.00190	0.14555	0.00493	0.00401	0.00810
10	0.00875	0.00583	0.00656	0.00656	0.00656	0.00583	0.00365	0.00875	0.00875	0.01166	0.01895	0.03937	0.02187	0.78858	0.03062	0.00583	0.00583	0.00875	0.00365	0.00365
11	0.01240	0.01069	0.01286	0.06228	0.01615	0.00839	0.00780	0.01516	0.01244	0.01931	0.01069	0.01272	0.00885	0.00456	0.00456	0.00097	0.00470	0.00369	0.00350	0.76826
12	0.01247	0.01069	0.01247	0.00891	0.01426	0.00802	0.00713	0.01515	0.01247	0.01960	0.01069	0.01247	0.00891	0.00446	0.00446	0.00089	0.00446	0.00356	0.00356	0.82536
13	0.00854	0.00575	0.00662	0.00682	0.00687	0.00570	0.00392	0.00869	0.00915	0.01219	0.02099	0.14644	0.02444	0.67800	0.02732	0.00535	0.00550	0.00995	0.00392	0.00382
14	0.00873	0.00589	0.00684	0.00684	0.00693	0.00598	0.00399	0.00892	0.00883	0.01187	0.01870	0.03797	0.02127	0.72278	0.09560	0.00617	0.00674	0.00854	0.00361	0.00380
15	0.01496	0.01292	0.01360	0.01224	0.01564	0.01496	0.00952	0.03197	0.74019	0.02516	0.02448	0.02244	0.01836	0.00816	0.00612	0.00204	0.00476	0.00680	0.00612	0.00952
16	0.00780	0.00599	0.00780	0.00864	0.00921	0.00599	0.00605	0.00900	0.01184	0.01577	0.06485	0.60546	0.12424	0.01749	0.00851	0.00238	0.06311	0.01539	0.00540	0.00507
17	0.01519	0.01577	0.03384	0.02422	0.03020	0.01472	0.67365	0.02004	0.01443	0.07603	0.01306	0.01655	0.00957	0.00525	0.00702	0.00202	0.00975	0.00702	0.00338	0.00828
18	0.01391	0.01094	0.01273	0.00947	0.01452	0.00896	0.00756	0.01836	0.10466	0.07704	0.01344	0.01435	0.01056	0.00515	0.00479	0.00111	0.00454	0.00416	0.00419	0.65955
19	0.01087	0.06934	0.01062	0.00848	0.01040	0.09503	0.00656	0.01343	0.01616	0.02179	0.51739	0.03702	0.07386	0.01074	0.00642	0.00177	0.00405	0.00913	0.07097	0.00595

[dist]
# distance from previous block
# <min> <max>
1	3

[block]
# block no. 1 follows, 38 sequences, length 66
# corresponding to MSA columns:
# 502-524,555-587,594-603
name=unknown_B
#
# <colnr> <probs for GDERKNQSTAVLIFYWHMCP>
#	G	D	E	R	K	N	Q	S	T	A	V	L	I	F	Y	W	H	M	C	P
0	0.02206	0.06217	0.13182	0.01261	0.01791	0.01354	0.01174	0.21040	0.07194	0.35568	0.01843	0.01719	0.01237	0.00703	0.00586	0.00183	0.00615	0.00552	0.00592	0.00982
1	0.01438	0.01223	0.01295	0.01172	0.01492	0.01394	0.00908	0.05787	0.62549	0.02459	0.02678	0.06763	0.06354	0.00916	0.00627	0.00205	0.00466	0.00769	0.00605	0.00902
2	0.01189	0.01102	0.01806	0.71863	0.03968	0.01374	0.01638	0.04468	0.01261	0.01627	0.01076	0.01588	0.00811	0.00621	0.00645	0.00202	0.03264	0.00535	0.00281	0.00682
3	0.01409	0.05654	0.39694	0.01925	0.06443	0.01425	0.20853	0.04199	0.01369	0.06106	0.01192	0.01436	0.00874	0.00627	0.00678	0.03565	0.00859	0.00530	0.00309	0.00853
4	0.01496	0.01377	0.02346	0.03252	0.59562	0.01398	0.05772	0.01839	0.01361	0.04939	0.01277	0.01794	0.01098	0.00635	0.00699	0.00191	0.05387	0.04341	0.00328	0.00908
5	0.01423	0.01609	0.03460	0.02482	0.03079	0.01520	0.69970	0.01979	0.04396	0.01951	0.01268	0.01648	0.00951	0.00520	0.00706	0.00203	0.00992	0.00709	0.00317	0.00817
6	0.00768	0.00545	0.00723	0.00852	0.00894	0.00517	0.00586	0.00882	0.01155	0.01535	0.03195	0.65503	0.03791	0.07675	0.00948	0.00273	0.00388	0.08742	0.00543	0.00486
7	0.10632	0.01047	0.01365	0.01459	0.15591	0.01022	0.00954	0.07311	0.02992	0.23993	0.14478	0.02708	0.12172	0.00873	0.00610	0.00187	0.00490	0.00731	0.00564	0.00820
8	0.00808	0.00720	0.05067	0.00938	0.01056	0.00589	0.02385	0.00990	0.01247	0.01689	0.11531	0.58160	0.03884	0.01684	0.00753	0.00236	0.00403	0.06779	0.00547	0.00533
9	0.01045	0.00522	0.00784	0.00784	0.00784	0.00522	0.00522	0.00784	0.00784	0.01045	0.01045	0.01829	0.01045	0.02090	0.02351	0.82497	0.00522	0.00522	0.00261	0.00261
10	0.01209	0.01135	0.01950	0.28478	0.24306	0.01203	0.10183	0.01573	0.01353	0.01850	0.10187	0.02253	0.07056	0.00718	0.00627	0.00191	0.00683	0.00678	0.03626	0.00742
11	0.01584	0.20655	0.20798	0.01829	0.07794	0.05960	0.18781	0.08121	0.02889	0.04401	0.01151	0.01348	0.00884	0.00566	0.00565	0.00175	0.00818	0.00501	0.00327	0.00853
12	0.00756	0.00555	0.00725	0.00827	0.00897	0.00523	0.00578	0.00892	0.01204	0.01596	0.07575	0.57099	0.12199	0.01994	0.06478	0.00292	0.00444	0.04316	0.00546	0.00502
13	0.00780	0.00607	0.00708	0.00693	0.00857	0.00536	0.00516	0.00993	0.01519	0.01999	0.39035	0.09301	0.37492	0.01403	0.00714	0.00199	0.00297	0.01207	0.00609	0.00536
14	0.00782	0.00581	0.00777	0.00869	0.00916	0.00576	0.00603	0.00912	0.01212	0.01647	0.12664	0.64252	0.04023	0.01750	0.00829	0.00238	0.04745	0.01560	0.00555	0.00509
15	0.01565	0.20509	0.20644	0.05714	0.17575	0.01614	0.10659	0.03864	0.01383	0.09245	0.01189	0.01387	0.00906	0.00565	0.00555	0.00175	0.00761	0.00491	0.00330	0.00871
16	0.00902	0.00615	0.00918	0.00918	0.00998	0.00696	0.00691	0.01003	0.00923	0.01311	0.01489	0.02277	0.01415	0.05663	0.57874	0.19566	0.01339	0.00622	0.00309	0.00470
17	0.01456	0.01192	0.01638	0.01398	0.01470	0.01578	0.01159	0.01617	0.01056	0.10250	0.01115	0.01512	0.00961	0.00975	0.01629	0.00240	0.59465	0.00540	0.10062	0.00689
18	0.01517	0.01321	0.06055	0.21689	0.15539	0.01308	0.07309	0.02203	0.18262	0.12548	0.01819	0.01960	0.04387	0.00691	0.00615	0.00195	0.00670	0.00620	0.00437	0.00854
19	0.02000	0.03446	0.17849	0.05728	0.02094	0.01244	0.08009	0.07609	0.08268	0.34774	0.01813	0.01762	0.01219	0.00676	0.00603	0.00189	0.00668	0.00572	0.00536	0.00942
20	0.04859	0.01291	0.01785	0.11494	0.18886	0.07367	0.04799	0.01569	0.01212	0.01699	0.01427	0.12502	0.01418	0.00935	0.00988	0.00217	0.21198	0.04141	0.01505	0.00708
21	0.13822	0.08099	0.03475	0.02196	0.27864	0.16310	0.05672	0.08357	0.01498	0.03485	0.01070	0.01296	0.00864	0.00589	0.00582	0.00175	0.03002	0.00468	0.00342	0.00832
22	0.01063	0.01109	0.07658	0.05669	0.01823	0.00915	0.20121	0.01375	0.01364	0.04736	0.09997	0.20023	0.19325	0.01142	0.00701	0.00209	0.00587	0.01065	0.00467	0.00651
23	0.01520	0.01264	0.01721	0.01756	0.18709	0.03124	0.04957	0.09241	0.05577	0.06255	0.01288	0.01525	0.01035	0.00830	0.03755	0.05180	0.03988	0.00499	0.00390	0.27385
24	0.01294	0.01168	0.06743	0.01062	0.01379	0.01099	0.00884	0.09160	0.28856	0.05192	0.07673	0.13876	0.16895	0.01107	0.00656	0.00205	0.00462	0.00938	0.00574	0.00777
25	0.00814	0.00573	0.00706	0.00760	0.00812	0.00547	0.00504	0.00916	0.01147	0.01533	0.12407	0.32145	0.07799	0.30722	0.01623	0.00364	0.00437	0.05232	0.00499	0.00457
26	0.01300	0.01094	0.01650	0.01431	0.05558	0.01131	0.14242	0.08133	0.11672	0.05170	0.22693	0.02870	0.08044	0.01196	0.06470	0.00256	0.05022	0.00811	0.00511	0.00745
27	0.00976	0.00768	0.00938	0.00821	0.01090	0.00634	0.00613	0.01176	0.01321	0.01897	0.19288	0.21892	0.08385	0.01140	0.00685	0.03457	0.00376	0.00946	0.00491	0.33106
28	0.01697	0.07406	0.01667	0.04351	0.01631	0.20381	0.03123	0.01859	0.01303	0.13082	0.01394	0.06427	0.01268	0.10549	0.01245	0.00248	0.20686	0.00610	0.00382	0.00692
29	0.01785	0.28146	0.15991	0.01260	0.01805	0.01768	0.01243	0.15543	0.12912	0.11769	0.01446	0.01452	0.01076	0.00641	0.00525	0.00169	0.00650	0.00478	0.00440	0.00902
30	0.01383	0.00901	0.00984	0.00875	0.01078	0.00968	0.00659	0.16903	0.11605	0.02305	0.01773	0.02210	0.01473	0.10223	0.01091	0.12620	0.00462	0.00605	0.31235	0.00646
31	0.01449	0.05553	0.01420	0.01029	0.03365	0.01004	0.00807	0.04018	0.07537	0.08486	0.02374	0.01446	0.01092	0.00530	0.00483	0.00116	0.00476	0.00425	0.00417	0.57973
32	0.00872	0.00595	0.00763	0.00828	0.00914	0.00561	0.00577	0.00997	0.01230	0.05793	0.07849	0.54078	0.13635	0.05045	0.00881	0.00247	0.02573	0.01478	0.00558	0.00526
33	0.00935	0.00562	0.00702	0.00702	0.00702	0.00562	0.00421	0.00842	0.00842	0.01123	0.01593	0.03187	0.01781	0.51550	0.02809	0.29722	0.00562	0.00749	0.00328	0.00328
34	0.01420	0.02393	0.46379	0.06574	0.19286	0.01371	0.01964	0.03834	0.01368	0.08052	0.01208	0.01409	0.00876	0.00583	0.00582	0.00188	0.00806	0.00487	0.00315	0.00905
35	0.02247	0.02867	0.01705	0.01550	0.01860	0.76443	0.01162	0.02402	0.01705	0.01472	0.00930	0.01085	0.00775	0.00620	0.00542	0.00155	0.01085	0.00387	0.00310	0.00697
36	0.06413	0.09698	0.08023	0.11229	0.06045	0.03637	0.02378	0.03760	0.05813	0.09841	0.12821	0.01952	0.01733	0.00695	0.00554	0.00169	0.00584	0.00571	0.02816	0.11269
37	0.03871	0.14497	0.06070	0.01898	0.17611	0.11025	0.07752	0.08445	0.02963	0.15031	0.01315	0.01442	0.00991	0.00623	0.00617	0.00176	0.03893	0.00503	0.00404	0.00874
38	0.00712	0.00606	0.00613	0.00619	0.00815	0.00507	0.00461	0.00862	0.01362	0.01621	0.05974	0.08942	0.71787	0.01539	0.00713	0.00205	0.00307	0.01289	0.00559	0.00507
39	0.27519	0.08245	0.01719	0.03357	0.03741	0.14862	0.04716	0.24668	0.01772	0.02632	0.01081	0.01208	0.00828	0.00616	0.00506	0.00175	0.00697	0.00436	0.00417	0.00805
40	0.01136	0.01069	0.01804	0.77412	0.04143	0.01337	0.01671	0.01537	0.01203	0.01537	0.01069	0.01604	0.00802	0.00601	0.00601	0.00200	0.00802	0.00535	0.00267	0.00668
41	0.01617	0.01688	0.09543	0.16291	0.25885	0.08987	0.07354	0.09254	0.05443	0.06229	0.01275	0.01526	0.00970	0.00604	0.00600	0.00185	0.00780	0.00538	0.00363	0.00868
42	0.00807	0.00577	0.00784	0.00923	0.00990	0.00553	0.00688	0.00966	0.01225	0.01619	0.03275	0.55876	0.03816	0.01814	0.00788	0.00255	0.00414	0.23565	0.00557	0.00509
43	0.01961	0.10070	0.01810	0.01320	0.03840	0.08381	0.02985	0.26821	0.09682	0.12381	0.03394	0.01584	0.01220	0.00669	0.00559	0.00165	0.00632	0.00521	0.00510	0.11494
44	0.01545	0.01273	0.06481	0.07815	0.06465	0.01143	0.12622	0.08818	0.01518	0.14327	0.01821	0.08512	0.01600	0.00861	0.00680	0.00197	0.02722	0.10456	0.00461	0.10685
45	0.05361	0.19412	0.35280	0.01453	0.02117	0.03587	0.05893	0.04348	0.03096	0.12224	0.01244	0.01343	0.00904	0.00591	0.00535	0.00176	0.00758	0.00458	0.00353	0.00867
46	0.40118	0.09237	0.05093	0.00995	0.01410	0.05080	0.00878	0.02064	0.01294	0.20726	0.01418	0.01704	0.01099	0.00688	0.00486	0.00186	0.00555	0.05747	0.00459	0.00764
47	0.01077	0.00876	0.01316	0.35601	0.02453	0.00947	0.03163	0.01375	0.01364	0.06645	0.12587	0.03344	0.24925	0.00984	0.00654	0.00199	0.00562	0.00851	0.00445	0.00632
48	0.03105	0.03763	0.09352	0.15448	0.04098	0.01202	0.07922	0.04907	0.04758	0.08189	0.03241	0.17574	0.01824	0.00983	0.00751	0.00213	0.06495	0.05019	0.00428	0.00729
49	0.02160	0.01207	0.07409	0.01142	0.01589	0.00995	0.02865	0.07842	0.05376	0.47158	0.09773	0.04172	0.03867	0.00825	0.00623	0.00190	0.00532	0.00689	0.00658	0.00929
50	0.00820	0.00614	0.00761	0.00724	0.00879	0.00554	0.00543	0.01075	0.01629	0.02237	0.59452	0.04783	0.21122	0.01295	0.00710	0.00192	0.00288	0.01128	0.00639	0.00554
51	0.06002	0.00684	0.00849	0.00824	0.01003	0.00654	0.00650	0.01318	0.01539	0.07431	0.41042	0.06444	0.08192	0.01228	0.00684	0.00203	0.00363	0.13636	0.06657	0.00597
52	0.01736	0.13759	0.23948	0.05781	0.02181	0.04768	0.07206	0.09274	0.07718	0.15719	0.01440	0.01508	0.01031	0.00629	0.00568	0.00180	0.00737	0.00509	0.00418	0.00888
53	0.01458	0.19686	0.06463	0.01220	0.01560	0.02812	0.06422	0.05496	0.01273	0.10304	0.01386	0.01824	0.01189	0.07309	0.22270	0.00428	0.07265	0.00552	0.00364	0.00719
54	0.00771	0.00552	0.00685	0.00767	0.00817	0.00517	0.00503	0.00866	0.01141	0.01508	0.07336	0.49179	0.11011	0.19920	0.01298	0.00317	0.00396	0.01433	0.00519	0.00466
55	0.00886	0.00651	0.00802	0.00850	0.05064	0.00598	0.00585	0.01134	0.01517	0.02124	0.38852	0.04374	0.25678	0.01199	0.00660	0.00185	0.00314	0.01032	0.12925	0.00570
56	0.01444	0.03284	0.08094	0.33390	0.10133	0.05235	0.08978	0.07224	0.03510	0.06331	0.01354	0.05932	0.01092	0.00679	0.00612	0.00194	0.00770	0.00609	0.00356	0.00780
57	0.06233	0.10353	0.01565	0.01108	0.01422	0.05113	0.06263	0.14718	0.04465	0.05515	0.01506	0.01687	0.01169	0.00691	0.00616	0.00169	0.06762	0.00522	0.29379	0.00744
58	0.83108	0.01163	0.00884	0.00791	0.01163	0.01350	0.00651	0.01768	0.01024	0.02699	0.00838	0.00977	0.00651	0.00558	0.00372	0.00186	0.00465	0.00326	0.00372	0.00651
59	0.01647	0.01883	0.01684	0.10415	0.01947	0.33819	0.01231	0.01829	0.01297	0.01463	0.00971	0.01363	0.00862	0.01185	0.09212	0.00285	0.27472	0.00480	0.00290	0.00663
60	0.41299	0.01105	0.01119	0.00923	0.01319	0.01157	0.00758	0.07542	0.01442	0.29154	0.03200	0.01553	0.01149	0.00662	0.00484	0.00183	0.00482	0.00474	0.05186	0.00807
61	0.01279	0.02563	0.54245	0.08142	0.02538	0.01414	0.03007	0.04919	0.02987	0.03335	0.01277	0.01484	0.02979	0.00653	0.00689	0.00197	0.06645	0.00499	0.00298	0.00850
62	0.01045	0.00568	0.00860	0.05456	0.01022	0.00585	0.00626	0.00864	0.00855	0.01132	0.01208	0.02189	0.01213	0.01967	0.02130	0.71297	0.00542	0.05850	0.00284	0.00308
63	0.01219	0.02468	0.50895	0.01781	0.06317	0.01327	0.10111	0.01886	0.05729	0.01961	0.05562	0.03505	0.03206	0.00671	0.00608	0.00194	0.00806	0.00583	0.00322	0.00849
64	0.06515	0.68584	0.02913	0.06784	0.01717	0.02239	0.01055	0.01779	0.01209	0.01502	0.00854	0.01014	0.00767	0.00524	0.00401	0.00138	0.00645	0.00338	0.00265	0.00757
65	0.01758	0.29698	0.18318	0.01305	0.01896	0.01615	0.06664	0.04924	0.01429	0.18805	0.01315	0.01372	0.00965	0.00582	0.00514	0.00160	0.00680	0.00455	0.00394	0.07150

[dist]
# distance from previous block
# <min> <max>
0	4

[block]
# block no. 2 follows, 38 sequences, length 21
# corresponding to MSA columns:
# 608-628
name=unknown_C
#
# <colnr> <probs for GDERKNQSTAVLIFYWHMCP>
#	G	D	E	R	K	N	Q	S	T	A	V	L	I	F	Y	W	H	M	C	P
0	0.16756	0.01239	0.01276	0.01127	0.01487	0.01403	0.00889	0.02903	0.52666	0.10448	0.02142	0.01988	0.01579	0.00761	0.00567	0.00199	0.00478	0.00606	0.00582	0.00904
1	0.01344	0.01172	0.01776	0.38330	0.02929	0.01338	0.08480	0.08401	0.15199	0.03859	0.09498	0.02040	0.01580	0.00716	0.00626	0.00198	0.00685	0.00643	0.00422	0.00766
2	0.01209	0.00634	0.00789	0.00783	0.00939	0.00609	0.00580	0.01412	0.01271	0.13879	0.02556	0.27863	0.04321	0.01545	0.08918	0.00275	0.00488	0.00981	0.30339	0.00608
3	0.01204	0.01227	0.07240	0.51447	0.03290	0.01303	0.01493	0.05622	0.09281	0.01796	0.01468	0.09356	0.01244	0.00758	0.00617	0.00203	0.00720	0.00662	0.00352	0.00718
4	0.00774	0.00602	0.00709	0.00742	0.00891	0.00537	0.00558	0.00959	0.01401	0.01798	0.20167	0.20220	0.37729	0.01547	0.00735	0.00216	0.00336	0.08975	0.00581	0.00522
5	0.00865	0.00655	0.00820	0.00861	0.00929	0.00674	0.00626	0.00980	0.01129	0.01483	0.03109	0.24968	0.14636	0.24285	0.01547	0.00345	0.07155	0.13976	0.00475	0.00482
6	0.01153	0.00950	0.09184	0.07583	0.01375	0.00805	0.00870	0.06463	0.01040	0.01412	0.01117	0.01753	0.01020	0.01844	0.06551	0.54961	0.00666	0.00524	0.00291	0.00440
7	0.01378	0.05770	0.07961	0.22138	0.41191	0.01464	0.07943	0.01776	0.01316	0.01818	0.01103	0.01484	0.00886	0.00552	0.00594	0.00184	0.00772	0.00532	0.00285	0.00853
8	0.01714	0.01440	0.01912	0.07883	0.27487	0.01540	0.01367	0.25772	0.14889	0.02640	0.01464	0.01603	0.01120	0.00648	0.00592	0.00180	0.00644	0.00552	0.00457	0.06098
9	0.01288	0.01017	0.01207	0.00887	0.01374	0.00781	0.00707	0.01555	0.01325	0.06270	0.09232	0.01650	0.01451	0.00549	0.00484	0.00106	0.00432	0.00451	0.00412	0.68823
10	0.01905	0.01535	0.15323	0.01670	0.11232	0.01170	0.08474	0.07629	0.03642	0.31198	0.04600	0.04656	0.02678	0.00735	0.00620	0.00190	0.00650	0.00644	0.00526	0.00922
11	0.01304	0.22196	0.35077	0.01565	0.02216	0.01571	0.14179	0.01788	0.01337	0.01845	0.10081	0.01649	0.01394	0.00626	0.00565	0.00177	0.00773	0.00539	0.00314	0.00806
12	0.00926	0.00575	0.00783	0.00827	0.00874	0.00567	0.00565	0.00974	0.05060	0.01459	0.09432	0.32702	0.02724	0.01851	0.01459	0.36873	0.00427	0.01062	0.00439	0.00421
13	0.02699	0.01024	0.01396	0.01070	0.01536	0.00884	0.00884	0.02932	0.01722	0.75522	0.02373	0.02048	0.01489	0.00745	0.00605	0.00186	0.00512	0.00605	0.00745	0.01024
14	0.08679	0.01149	0.01282	0.01081	0.01434	0.06704	0.00860	0.06951	0.08135	0.36796	0.03464	0.08569	0.01665	0.01246	0.08921	0.00276	0.00660	0.00678	0.00596	0.00854
15	0.01519	0.19853	0.22544	0.17889	0.02437	0.01638	0.01494	0.09155	0.09410	0.06615	0.01289	0.01445	0.00963	0.00618	0.00545	0.00179	0.00721	0.00481	0.00363	0.00843
16	0.00741	0.00584	0.00668	0.00704	0.00845	0.00512	0.00506	0.00900	0.01357	0.01726	0.16419	0.28001	0.41730	0.01587	0.00728	0.00214	0.00315	0.01376	0.00575	0.00512
17	0.00881	0.00684	0.00991	0.00984	0.01074	0.00794	0.00758	0.01078	0.01054	0.01509	0.08128	0.13562	0.02163	0.03538	0.52263	0.00732	0.08056	0.00828	0.00381	0.00543
18	0.01479	0.24410	0.19583	0.01353	0.01871	0.01610	0.06843	0.02089	0.14238	0.07828	0.01420	0.01567	0.01110	0.01052	0.08899	0.00262	0.02680	0.00508	0.00371	0.00827
19	0.00970	0.00553	0.00748	0.00748	0.00754	0.00560	0.00478	0.00836	0.00829	0.01112	0.01398	0.02649	0.01500	0.30875	0.07295	0.46799	0.00614	0.00662	0.00304	0.00317
20	0.01878	0.00891	0.01148	0.00950	0.01287	0.00811	0.00759	0.02244	0.07946	0.41299	0.23038	0.03125	0.10058	0.00965	0.00646	0.00190	0.00424	0.00813	0.00691	0.00838

[dist]
# distance from previous block
# <min> <max>
4	16

[block]
# block no. 3 follows, 38 sequences, length 14
# corresponding to MSA columns:
# 646-659
name=unknown_D
#
# <colnr> <probs for GDERKNQSTAVLIFYWHMCP>
#	G	D	E	R	K	N	Q	S	T	A	V	L	I	F	Y	W	H	M	C	P
0	0.56264	0.01385	0.01040	0.00972	0.01297	0.14271	0.00790	0.01797	0.01198	0.02346	0.01220	0.01902	0.01112	0.00741	0.00473	0.00195	0.00587	0.11375	0.00390	0.00644
1	0.17655	0.02116	0.14935	0.01504	0.04240	0.23615	0.06111	0.07745	0.12581	0.02175	0.01236	0.01351	0.00945	0.00627	0.00543	0.00181	0.00786	0.00469	0.00380	0.00803
2	0.00858	0.00624	0.00814	0.00792	0.00937	0.00580	0.00612	0.01133	0.01644	0.02290	0.61813	0.04856	0.09426	0.01301	0.00725	0.00201	0.00319	0.09870	0.00643	0.00562
3	0.00990	0.00649	0.00818	0.00826	0.00947	0.00685	0.00635	0.03313	0.01195	0.01778	0.04761	0.03388	0.04047	0.13336	0.25799	0.00500	0.00815	0.11673	0.23309	0.00536
4	0.01415	0.13369	0.01546	0.01117	0.01467	0.01510	0.00902	0.02686	0.53550	0.02233	0.02654	0.02489	0.10825	0.00858	0.00589	0.00192	0.00481	0.00698	0.00550	0.00868
5	0.00779	0.00573	0.00730	0.00774	0.00875	0.00524	0.00549	0.00964	0.01409	0.01910	0.33203	0.38189	0.14169	0.01566	0.00736	0.00216	0.00316	0.01394	0.00601	0.00524
6	0.01068	0.01053	0.12633	0.01052	0.01298	0.00842	0.00943	0.01332	0.01065	0.07581	0.01628	0.02367	0.01474	0.13064	0.48989	0.00732	0.01277	0.00639	0.00352	0.00610
7	0.01257	0.12653	0.66641	0.01629	0.02471	0.01520	0.02073	0.01892	0.01264	0.01844	0.01049	0.01232	0.00763	0.00564	0.00548	0.00183	0.00858	0.00429	0.00254	0.00874
8	0.00730	0.00537	0.00684	0.00802	0.00863	0.00492	0.00543	0.00842	0.01186	0.01550	0.03749	0.67123	0.15041	0.01828	0.00759	0.00238	0.00342	0.01641	0.00558	0.00492
9	0.01245	0.01110	0.01526	0.15625	0.01914	0.01395	0.01157	0.09979	0.01269	0.01761	0.01728	0.02127	0.10229	0.01582	0.14204	0.00355	0.31134	0.00643	0.00352	0.00664
10	0.02121	0.14557	0.01924	0.01262	0.01728	0.01637	0.03627	0.29991	0.13340	0.21091	0.01723	0.01646	0.01220	0.00700	0.00572	0.00178	0.00605	0.00548	0.00570	0.00962
11	0.69326	0.07915	0.01209	0.01052	0.07316	0.01445	0.00783	0.01778	0.01070	0.02528	0.00862	0.01019	0.00687	0.00553	0.00392	0.00181	0.00501	0.00343	0.00356	0.00687
12	0.01468	0.30916	0.36533	0.01605	0.08403	0.01801	0.01661	0.07754	0.01390	0.01886	0.01025	0.01191	0.00804	0.00560	0.00508	0.00166	0.00765	0.00415	0.00288	0.00862
13	0.01481	0.25266	0.26644	0.13206	0.02303	0.01651	0.01503	0.02067	0.10405	0.08124	0.01288	0.01420	0.00969	0.00605	0.00528	0.00175	0.00717	0.00465	0.00344	0.00839

[dist]
# distance from previous block
# <min> <max>
0	2

[block]
# block no. 4 follows, 38 sequences, length 33
# corresponding to MSA columns:
# 662-676,678-695
name=unknown_E
#
# <colnr> <probs for GDERKNQSTAVLIFYWHMCP>
#	G	D	E	R	K	N	Q	S	T	A	V	L	I	F	Y	W	H	M	C	P
0	0.01194	0.03179	0.07580	0.03913	0.04484	0.08379	0.10073	0.01559	0.05476	0.01849	0.08346	0.24534	0.02316	0.01031	0.00634	0.00193	0.00588	0.00926	0.08496	0.05250
1	0.55890	0.13722	0.07019	0.00977	0.01374	0.01565	0.00896	0.01752	0.01064	0.02312	0.00851	0.01031	0.00693	0.00601	0.00547	0.00185	0.08143	0.00354	0.00334	0.00689
2	0.01933	0.01567	0.08775	0.01284	0.01711	0.08646	0.01119	0.15921	0.20370	0.20714	0.02037	0.02331	0.01564	0.00830	0.00621	0.00197	0.00629	0.08271	0.00572	0.00909
3	0.05617	0.05060	0.01768	0.01307	0.01777	0.04161	0.05693	0.35998	0.11992	0.04173	0.01443	0.01485	0.01075	0.00652	0.00560	0.00166	0.00623	0.00515	0.00506	0.15430
4	0.00851	0.00587	0.00639	0.00641	0.00713	0.00558	0.00404	0.00928	0.01071	0.01432	0.04717	0.06167	0.21642	0.46859	0.02065	0.00421	0.00467	0.00975	0.08432	0.00430
5	0.01148	0.03071	0.05505	0.05675	0.01735	0.01318	0.08493	0.01396	0.01078	0.01543	0.01398	0.02373	0.01353	0.05090	0.19448	0.00430	0.28901	0.09086	0.00321	0.00635
6	0.62029	0.01326	0.01092	0.01021	0.04368	0.08697	0.00780	0.01974	0.01190	0.11331	0.01044	0.01138	0.00777	0.00586	0.00426	0.00183	0.00542	0.00374	0.00408	0.00714
7	0.01330	0.00829	0.01151	0.01309	0.10101	0.00802	0.00927	0.01640	0.04713	0.15260	0.02862	0.15645	0.06906	0.01279	0.00706	0.00226	0.00497	0.26816	0.06308	0.00694
8	0.01400	0.40958	0.32167	0.08832	0.02226	0.01883	0.01572	0.01817	0.01240	0.01624	0.00957	0.01150	0.00771	0.00546	0.00482	0.00161	0.00758	0.00392	0.00257	0.00809
9	0.01322	0.01781	0.27542	0.01238	0.01830	0.01094	0.01284	0.02978	0.10088	0.06206	0.02599	0.05882	0.01280	0.00667	0.00549	0.00159	0.00607	0.01596	0.00396	0.30903
10	0.08659	0.01259	0.14371	0.04227	0.01477	0.00985	0.00981	0.08489	0.04619	0.06080	0.05202	0.02236	0.10124	0.01241	0.01157	0.26681	0.00568	0.00621	0.00402	0.00619
11	0.01062	0.00683	0.00841	0.00859	0.01012	0.00643	0.00619	0.03492	0.05483	0.10633	0.06058	0.46176	0.16991	0.01559	0.00721	0.00223	0.00375	0.01377	0.00589	0.00603
12	0.00765	0.00550	0.00699	0.00806	0.00857	0.00516	0.00544	0.00869	0.01145	0.01506	0.03361	0.56913	0.10251	0.12936	0.01097	0.00291	0.00390	0.05498	0.00530	0.00476
13	0.01154	0.01086	0.01813	0.64146	0.12513	0.01301	0.01623	0.01536	0.01233	0.01594	0.01363	0.01828	0.05038	0.00646	0.00607	0.00198	0.00763	0.00577	0.00288	0.00693
14	0.01279	0.11681	0.16436	0.34032	0.12452	0.01557	0.01675	0.01672	0.01206	0.01638	0.01015	0.01406	0.00809	0.00630	0.00732	0.00194	0.10069	0.00489	0.00267	0.00761
15	0.02461	0.01110	0.01395	0.01083	0.01519	0.01048	0.00890	0.16771	0.01897	0.53999	0.02148	0.01947	0.01401	0.00736	0.00586	0.00180	0.00519	0.00588	0.08743	0.00978
16	0.00786	0.00850	0.09735	0.00905	0.01071	0.00601	0.00742	0.00971	0.01203	0.01595	0.03513	0.56940	0.15504	0.01666	0.00735	0.00231	0.00407	0.01483	0.00522	0.00540
17	0.04849	0.10687	0.24620	0.05814	0.19602	0.03337	0.02916	0.05274	0.01434	0.14003	0.01282	0.01430	0.00940	0.00593	0.00559	0.00179	0.00734	0.00487	0.00369	0.00892
18	0.10747	0.00686	0.00732	0.00701	0.00897	0.00644	0.00530	0.01110	0.01419	0.03358	0.28124	0.04621	0.35936	0.05628	0.00802	0.00219	0.00341	0.02394	0.00563	0.00548
19	0.00790	0.00836	0.09750	0.00943	0.01081	0.00598	0.00759	0.00966	0.01166	0.01580	0.03046	0.69155	0.03591	0.01726	0.00744	0.00238	0.00414	0.01558	0.00522	0.00537
20	0.01189	0.02621	0.58063	0.01620	0.02322	0.01371	0.03302	0.01775	0.01274	0.01900	0.08311	0.01600	0.01253	0.00693	0.00757	0.00199	0.10103	0.00523	0.00296	0.00828
21	0.05531	0.09313	0.07084	0.07287	0.09159	0.01424	0.06572	0.13794	0.01553	0.09796	0.01505	0.03769	0.04116	0.00697	0.00659	0.00177	0.05902	0.00560	0.00413	0.10691
22	0.01380	0.20156	0.37032	0.06966	0.02485	0.01674	0.12712	0.05108	0.01338	0.01842	0.01052	0.01287	0.00803	0.00573	0.00597	0.00181	0.03231	0.00470	0.00280	0.00834
23	0.65451	0.04863	0.02588	0.00890	0.01285	0.05559	0.00751	0.01920	0.01143	0.09570	0.00996	0.01092	0.00747	0.00578	0.00409	0.00182	0.00521	0.00358	0.00397	0.00700
24	0.01599	0.01359	0.02320	0.09953	0.55836	0.01360	0.05668	0.01954	0.01400	0.10797	0.01280	0.01574	0.01002	0.00565	0.00604	0.00183	0.00715	0.00554	0.00349	0.00928
25	0.02004	0.00866	0.01124	0.00908	0.01258	0.00763	0.00731	0.02257	0.01603	0.45061	0.14265	0.02452	0.02165	0.00801	0.00578	0.00173	0.00425	0.00664	0.16900	0.05002
26	0.01688	0.01313	0.12874	0.13870	0.02024	0.01080	0.01193	0.02142	0.08116	0.28286	0.07675	0.09558	0.01834	0.00867	0.00694	0.00201	0.04510	0.00718	0.00528	0.00830
27	0.00963	0.01168	0.17185	0.00959	0.01282	0.00737	0.00921	0.01266	0.01409	0.05619	0.20350	0.16093	0.25484	0.01268	0.00687	0.00205	0.00452	0.02796	0.00525	0.00630
28	0.00933	0.00735	0.00842	0.00796	0.00897	0.00768	0.00562	0.04612	0.01176	0.01520	0.03356	0.07595	0.28897	0.33393	0.01832	0.00368	0.09782	0.01000	0.00445	0.00492
29	0.01463	0.03067	0.03359	0.12742	0.18499	0.01407	0.11792	0.03964	0.01333	0.09404	0.01681	0.01952	0.08224	0.00778	0.00920	0.00206	0.17423	0.00632	0.00367	0.00789
30	0.66177	0.01134	0.01066	0.00935	0.01269	0.01300	0.04792	0.01669	0.01054	0.02477	0.01101	0.08668	0.01001	0.00711	0.00512	0.00197	0.04416	0.00494	0.00381	0.00645
31	0.11384	0.16379	0.19938	0.01202	0.01705	0.01485	0.01214	0.05281	0.10732	0.10855	0.01832	0.01852	0.08292	0.00737	0.00608	0.00184	0.04535	0.00547	0.00420	0.00819
32	0.01632	0.01432	0.08847	0.01335	0.01716	0.01404	0.04399	0.05843	0.36590	0.13652	0.05679	0.02055	0.01666	0.00812	0.00780	0.00205	0.09867	0.00643	0.00543	0.00899

[dist]
# distance from previous block
# <min> <max>
0	32

[block]
# block no. 5 follows, 38 sequences, length 9
# corresponding to MSA columns:
# 728-736
name=unknown_F
#
# <colnr> <probs for GDERKNQSTAVLIFYWHMCP>
#	G	D	E	R	K	N	Q	S	T	A	V	L	I	F	Y	W	H	M	C	P
0	0.01385	0.17639	0.05526	0.01030	0.01384	0.01317	0.00890	0.14918	0.07352	0.02229	0.10550	0.15681	0.02144	0.00922	0.00570	0.00173	0.00503	0.00763	0.07204	0.07820
1	0.02951	0.08270	0.29723	0.03719	0.06225	0.01447	0.16679	0.07489	0.04491	0.02113	0.09701	0.01762	0.01438	0.00650	0.00604	0.00187	0.00771	0.00588	0.00360	0.00832
2	0.05905	0.02292	0.37956	0.01532	0.02091	0.07143	0.01654	0.05768	0.01352	0.10437	0.01163	0.01349	0.00861	0.00704	0.00861	0.00202	0.17077	0.00475	0.00342	0.00836
3	0.01616	0.40856	0.02287	0.01065	0.01524	0.01832	0.00959	0.16826	0.04863	0.02148	0.09621	0.01566	0.01454	0.00646	0.00486	0.00145	0.00574	0.00477	0.00405	0.10649
4	0.65852	0.01220	0.01213	0.01405	0.16796	0.01366	0.00904	0.01785	0.01097	0.02544	0.00900	0.01085	0.00715	0.00554	0.00419	0.00185	0.00518	0.00370	0.00357	0.00715
5	0.01355	0.00888	0.01049	0.00899	0.01156	0.00871	0.00701	0.16511	0.01855	0.11323	0.36391	0.03742	0.15273	0.04335	0.00772	0.00206	0.00407	0.00935	0.00630	0.00701
6	0.01343	0.01204	0.01809	0.02466	0.42013	0.01242	0.01332	0.01934	0.16712	0.02043	0.10362	0.02293	0.01851	0.09741	0.00898	0.00232	0.00597	0.00672	0.00416	0.00838
7	0.01233	0.17255	0.01278	0.00806	0.00975	0.00988	0.00590	0.01314	0.01082	0.10210	0.01893	0.11704	0.02011	0.43988	0.01935	0.00400	0.00560	0.00822	0.00410	0.00544
8	0.01217	0.00887	0.01094	0.02712	0.04450	0.00929	0.00749	0.16304	0.01545	0.03553	0.14723	0.17334	0.04065	0.20418	0.05348	0.00338	0.02242	0.00959	0.00505	0.00627

[dist]
# distance from previous block
# <min> <max>
0	546

# created by:
# /home/berkeley/.conda/envs/busco_data_prod/bin/msa2prfl.pl pipeline/OGs_align_augustus/33634/150934.fs
