[name]
unknown

[dist]
# distance from previous block
# <min> <max>
0	604

[block]
# block no. 0 follows, 41 sequences, length 10
# corresponding to MSA columns:
# 604-613
name=unknown_A
#
# <colnr> <probs for GDERKNQSTAVLIFYWHMCP>
#	G	D	E	R	K	N	Q	S	T	A	V	L	I	F	Y	W	H	M	C	P
0	0.01090	0.00848	0.00998	0.00924	0.01135	0.00892	0.00723	0.06333	0.23497	0.02345	0.41740	0.03684	0.03812	0.01065	0.00653	0.00192	0.00374	0.08419	0.00601	0.00674
1	0.01398	0.00678	0.00912	0.00847	0.01039	0.00612	0.00632	0.01544	0.01344	0.27580	0.14744	0.31275	0.02928	0.01293	0.00781	0.07063	0.00387	0.01036	0.03268	0.00637
2	0.02174	0.01602	0.01717	0.01316	0.01774	0.01774	0.01087	0.74423	0.02689	0.03605	0.01373	0.01373	0.00973	0.00687	0.00572	0.00172	0.00629	0.00515	0.00572	0.00973
3	0.05952	0.00922	0.01203	0.00943	0.01341	0.00820	0.00774	0.02550	0.01551	0.63756	0.02141	0.01926	0.01387	0.00695	0.00543	0.00171	0.00456	0.00558	0.11410	0.00901
4	0.00736	0.00568	0.00671	0.00675	0.00817	0.00504	0.00495	0.00925	0.01400	0.01844	0.34736	0.17741	0.34048	0.01391	0.00685	0.00194	0.00289	0.01207	0.00572	0.00504
5	0.00829	0.00564	0.00673	0.00673	0.00690	0.00581	0.00408	0.00863	0.00846	0.01145	0.01757	0.03494	0.01971	0.67323	0.15339	0.00615	0.00717	0.00795	0.00340	0.00374
6	0.00717	0.00569	0.00633	0.00640	0.00788	0.00497	0.00464	0.00874	0.01315	0.01668	0.20383	0.14585	0.46872	0.06418	0.00825	0.00218	0.00308	0.01200	0.00541	0.00484
7	0.01108	0.00898	0.01033	0.01034	0.01234	0.00985	0.00800	0.02002	0.38347	0.01980	0.02713	0.25474	0.02659	0.01238	0.00668	0.00220	0.00433	0.15918	0.00556	0.00699
8	0.15236	0.67080	0.02639	0.00941	0.01408	0.02100	0.00919	0.01708	0.01131	0.01549	0.00795	0.00919	0.00715	0.00496	0.00365	0.00131	0.00584	0.00306	0.00263	0.00715
9	0.00880	0.00622	0.00805	0.00831	0.00974	0.00550	0.00601	0.01033	0.01180	0.04687	0.06876	0.53017	0.03248	0.01467	0.00675	0.00205	0.00366	0.07184	0.00512	0.14288

[dist]
# distance from previous block
# <min> <max>
0	2

[block]
# block no. 1 follows, 41 sequences, length 16
# corresponding to MSA columns:
# 616-631
name=unknown_B
#
# <colnr> <probs for GDERKNQSTAVLIFYWHMCP>
#	G	D	E	R	K	N	Q	S	T	A	V	L	I	F	Y	W	H	M	C	P
0	0.01401	0.01344	0.02294	0.06878	0.73080	0.01355	0.01748	0.01742	0.01295	0.01850	0.01073	0.01421	0.00900	0.00512	0.00567	0.00171	0.00683	0.00510	0.00282	0.00894
1	0.01097	0.00811	0.00895	0.00785	0.01027	0.03435	0.00607	0.07168	0.01570	0.08003	0.32592	0.03863	0.26681	0.01098	0.00632	0.00174	0.00363	0.00927	0.00563	0.07710
2	0.00680	0.00565	0.00595	0.00619	0.00783	0.00480	0.00452	0.00816	0.01266	0.01530	0.05312	0.19019	0.62895	0.01511	0.00686	0.00200	0.00297	0.01284	0.00531	0.00480
3	0.00684	0.00580	0.00591	0.00588	0.00778	0.00486	0.00441	0.00837	0.01323	0.01591	0.10085	0.05429	0.71779	0.01432	0.00676	0.00192	0.00289	0.01197	0.00537	0.00486
4	0.02131	0.01580	0.01692	0.01307	0.01757	0.01753	0.01077	0.70271	0.06913	0.03534	0.01429	0.01418	0.01018	0.00692	0.00573	0.00173	0.00619	0.00523	0.00573	0.00969
5	0.01080	0.01017	0.01716	0.78523	0.03940	0.01271	0.01589	0.01461	0.01144	0.01461	0.01017	0.01525	0.00762	0.00572	0.00572	0.00191	0.00762	0.00508	0.00254	0.00635
6	0.02072	0.11022	0.01768	0.01421	0.01736	0.69539	0.01092	0.02223	0.01572	0.01394	0.00875	0.01019	0.00736	0.00579	0.00500	0.00145	0.00987	0.00362	0.00289	0.00671
7	0.00818	0.00608	0.00894	0.00894	0.00987	0.00701	0.00683	0.01005	0.00912	0.01309	0.01556	0.02377	0.01486	0.10866	0.71132	0.00888	0.01447	0.00632	0.00310	0.00496
8	0.01080	0.01017	0.01716	0.78523	0.03940	0.01271	0.01589	0.01461	0.01144	0.01461	0.01017	0.01525	0.00762	0.00572	0.00572	0.00191	0.00762	0.00508	0.00254	0.00635
9	0.83938	0.01106	0.00841	0.00752	0.01106	0.01283	0.00619	0.01681	0.00973	0.02566	0.00796	0.00929	0.00619	0.00531	0.00354	0.00177	0.00442	0.00310	0.00354	0.00619
10	0.01509	0.76214	0.06851	0.01013	0.01521	0.02215	0.01038	0.01718	0.01165	0.01370	0.00807	0.00933	0.00734	0.00492	0.00376	0.00125	0.00624	0.00312	0.00245	0.00740
11	0.00738	0.00580	0.00657	0.00639	0.00799	0.00510	0.00473	0.00927	0.01410	0.01831	0.34363	0.04915	0.43559	0.05135	0.00784	0.00205	0.00294	0.01118	0.00563	0.00500
12	0.01260	0.01065	0.01225	0.00895	0.01389	0.00863	0.00716	0.05939	0.05745	0.02001	0.01117	0.01255	0.00909	0.00461	0.00442	0.00097	0.00438	0.00368	0.00368	0.73450
13	0.00892	0.00796	0.05486	0.05656	0.01326	0.00685	0.00894	0.01144	0.01252	0.01667	0.05493	0.22035	0.06564	0.01420	0.00718	0.00231	0.00489	0.37632	0.00488	0.05132
14	0.05725	0.01345	0.01520	0.01226	0.01621	0.01468	0.03588	0.37765	0.21071	0.11015	0.01788	0.06331	0.01370	0.00764	0.00578	0.00183	0.00554	0.00619	0.00567	0.00901
15	0.01620	0.01004	0.01375	0.04945	0.11664	0.00988	0.02923	0.11458	0.04496	0.23371	0.18220	0.02578	0.08207	0.00827	0.00600	0.00177	0.00485	0.00711	0.03560	0.00790

[dist]
# distance from previous block
# <min> <max>
1	2

[block]
# block no. 2 follows, 41 sequences, length 21
# corresponding to MSA columns:
# 634-654
name=unknown_C
#
# <colnr> <probs for GDERKNQSTAVLIFYWHMCP>
#	G	D	E	R	K	N	Q	S	T	A	V	L	I	F	Y	W	H	M	C	P
0	0.01477	0.13190	0.42946	0.01377	0.02021	0.02926	0.01571	0.08915	0.02912	0.11173	0.01315	0.05402	0.01017	0.00641	0.00536	0.00174	0.00716	0.00501	0.00355	0.00836
1	0.01334	0.01153	0.01813	0.30813	0.30458	0.01267	0.01459	0.01863	0.12319	0.06430	0.01399	0.04791	0.01128	0.00637	0.00578	0.00184	0.00650	0.00579	0.00354	0.00791
2	0.00832	0.00555	0.00624	0.00624	0.00624	0.00555	0.00347	0.00832	0.00832	0.01109	0.01802	0.03743	0.02080	0.79898	0.02911	0.00555	0.00555	0.00832	0.00347	0.00347
3	0.01987	0.01263	0.01513	0.01208	0.01616	0.01330	0.04145	0.25402	0.24386	0.25436	0.04204	0.01876	0.01474	0.00726	0.00584	0.00181	0.00536	0.00596	0.00606	0.00930
4	0.01400	0.01331	0.02019	0.13880	0.16406	0.05218	0.16958	0.07115	0.14728	0.03168	0.05822	0.03720	0.01364	0.00671	0.00650	0.00187	0.03566	0.00623	0.00387	0.00785
5	0.00860	0.00664	0.00989	0.03616	0.01164	0.00780	0.00795	0.01073	0.00969	0.01378	0.01642	0.02642	0.01581	0.03693	0.62556	0.00787	0.05326	0.08636	0.00326	0.00523
6	0.00727	0.00549	0.00672	0.00709	0.00821	0.00494	0.00506	0.00894	0.01323	0.01752	0.27291	0.34019	0.25176	0.01493	0.00697	0.00204	0.00300	0.01315	0.00563	0.00494
7	0.01466	0.05040	0.02240	0.06222	0.02203	0.04433	0.31598	0.09561	0.09374	0.07498	0.03735	0.10975	0.01474	0.00738	0.00626	0.00189	0.00718	0.00732	0.00416	0.00764
8	0.01195	0.12524	0.67783	0.01550	0.02351	0.01444	0.01973	0.01799	0.01202	0.01754	0.00998	0.01172	0.00726	0.00537	0.00522	0.00174	0.00816	0.00408	0.00242	0.00832
9	0.01324	0.01265	0.04233	0.09111	0.29721	0.03564	0.01274	0.05730	0.18715	0.02079	0.12442	0.02137	0.04476	0.00721	0.00588	0.00180	0.00574	0.00636	0.00424	0.00806
10	0.01380	0.47165	0.27606	0.01199	0.01801	0.01843	0.01341	0.01791	0.04426	0.01572	0.00950	0.01081	0.00781	0.00517	0.00438	0.00143	0.00674	0.00361	0.00263	0.04667
11	0.04699	0.43016	0.31458	0.01224	0.01844	0.01788	0.01397	0.01806	0.01197	0.05532	0.00962	0.01084	0.00762	0.00523	0.00446	0.00150	0.00689	0.00365	0.00272	0.00785
12	0.01557	0.07509	0.16287	0.01205	0.01631	0.02572	0.01138	0.20056	0.09401	0.10854	0.01869	0.13111	0.01659	0.00898	0.00595	0.00190	0.00590	0.07594	0.00484	0.00802
13	0.01448	0.19458	0.37376	0.01401	0.02025	0.04279	0.04943	0.08027	0.04120	0.06734	0.01219	0.04351	0.00959	0.00611	0.00523	0.00169	0.00730	0.00481	0.00329	0.00817
14	0.01204	0.01233	0.02407	0.18922	0.14276	0.01240	0.34714	0.01587	0.01267	0.01709	0.01443	0.10514	0.01314	0.00715	0.00648	0.00197	0.00780	0.04794	0.00321	0.00715
15	0.01210	0.01152	0.01988	0.33852	0.34150	0.01245	0.06576	0.01563	0.01253	0.01711	0.05791	0.04547	0.01231	0.00622	0.00589	0.00183	0.00695	0.00595	0.00302	0.00747
16	0.01186	0.01017	0.01186	0.00847	0.01356	0.00762	0.00678	0.01440	0.01186	0.01864	0.01017	0.01186	0.00847	0.00424	0.00424	0.00085	0.00424	0.00339	0.00339	0.83395
17	0.00770	0.00586	0.00710	0.00688	0.00842	0.00526	0.00522	0.00998	0.01501	0.02020	0.49525	0.04777	0.28772	0.01280	0.00680	0.00188	0.00288	0.04216	0.00592	0.00520
18	0.00823	0.00556	0.00621	0.00621	0.00633	0.00550	0.00352	0.00831	0.00860	0.01135	0.02039	0.03848	0.06466	0.75249	0.02779	0.00533	0.00539	0.00854	0.00358	0.00355
19	0.01340	0.01182	0.01349	0.01208	0.01451	0.01426	0.00955	0.02556	0.55005	0.02112	0.01963	0.01976	0.01531	0.01111	0.07244	0.00265	0.15393	0.00616	0.00496	0.00820
20	0.04121	0.08602	0.25787	0.01191	0.01619	0.07065	0.04372	0.01498	0.01340	0.01857	0.22916	0.07146	0.06220	0.00857	0.00619	0.00179	0.02832	0.00709	0.00397	0.00673

[dist]
# distance from previous block
# <min> <max>
2	75

[block]
# block no. 3 follows, 41 sequences, length 7
# corresponding to MSA columns:
# 733-739
name=unknown_D
#
# <colnr> <probs for GDERKNQSTAVLIFYWHMCP>
#	G	D	E	R	K	N	Q	S	T	A	V	L	I	F	Y	W	H	M	C	P
0	0.00944	0.06065	0.10327	0.00957	0.01197	0.00874	0.03149	0.01245	0.04319	0.01553	0.08155	0.02731	0.09361	0.14038	0.28716	0.00500	0.00892	0.00699	0.03711	0.00567
1	0.01445	0.01531	0.12858	0.01274	0.01667	0.01467	0.01131	0.09965	0.51502	0.02356	0.01924	0.01855	0.01443	0.00747	0.00665	0.00194	0.05996	0.00589	0.00506	0.00884
2	0.00875	0.00938	0.12306	0.00868	0.01027	0.00721	0.00728	0.01039	0.00916	0.01283	0.01601	0.02898	0.01674	0.44580	0.25543	0.00610	0.00900	0.00702	0.00318	0.00473
3	0.01403	0.00854	0.01026	0.00869	0.01131	0.00831	0.00686	0.15732	0.01779	0.16416	0.36731	0.03308	0.11243	0.00996	0.00624	0.00177	0.00383	0.00843	0.04269	0.00699
4	0.00820	0.00601	0.00857	0.00857	0.00938	0.00681	0.00637	0.00982	0.00901	0.01282	0.01589	0.02562	0.01567	0.20196	0.61912	0.00843	0.01326	0.00659	0.00315	0.00476
5	0.00753	0.00600	0.00679	0.00678	0.00838	0.00541	0.00501	0.00997	0.04847	0.01792	0.25742	0.15139	0.42073	0.01383	0.00679	0.00195	0.00297	0.01188	0.00562	0.00517
6	0.01620	0.01316	0.02007	0.04549	0.37047	0.03722	0.07889	0.06950	0.01443	0.13548	0.01270	0.01462	0.00968	0.00542	0.00555	0.00160	0.00647	0.00504	0.00378	0.13423

[dist]
# distance from previous block
# <min> <max>
0	21

[block]
# block no. 4 follows, 41 sequences, length 79
# corresponding to MSA columns:
# 761-768,775-845
name=unknown_E
#
# <colnr> <probs for GDERKNQSTAVLIFYWHMCP>
#	G	D	E	R	K	N	Q	S	T	A	V	L	I	F	Y	W	H	M	C	P
0	0.01159	0.01024	0.01465	0.01264	0.01377	0.01273	0.05623	0.08190	0.01094	0.01581	0.01237	0.03957	0.01191	0.09190	0.24865	0.00471	0.33511	0.00608	0.00317	0.00603
1	0.09778	0.02280	0.01617	0.07592	0.03341	0.55175	0.03590	0.04140	0.04389	0.01638	0.00969	0.01138	0.00781	0.00587	0.00515	0.00158	0.00912	0.00402	0.00315	0.00683
2	0.02137	0.02726	0.01621	0.01474	0.01768	0.77602	0.01105	0.02284	0.01621	0.01400	0.00884	0.01031	0.00737	0.00589	0.00516	0.00147	0.01031	0.00368	0.00295	0.00663
3	0.00710	0.00508	0.00675	0.00788	0.00832	0.00473	0.00532	0.00829	0.01155	0.01555	0.11432	0.70976	0.03966	0.01721	0.00724	0.00226	0.00325	0.01559	0.00542	0.00473
4	0.00810	0.00606	0.00882	0.00885	0.00983	0.00691	0.00677	0.00997	0.00934	0.01326	0.01760	0.03990	0.04659	0.08698	0.68360	0.00853	0.01397	0.00671	0.00323	0.00499
5	0.00738	0.00529	0.00704	0.00820	0.00876	0.00499	0.00581	0.00870	0.01157	0.01540	0.07539	0.61157	0.05389	0.03489	0.00784	0.00240	0.00360	0.11718	0.00532	0.00476
6	0.00863	0.00568	0.00736	0.00840	0.00933	0.00555	0.00655	0.01062	0.01204	0.01702	0.02829	0.34584	0.03097	0.01469	0.00683	0.00223	0.00394	0.28936	0.18165	0.00503
7	0.07489	0.01142	0.01300	0.01063	0.01446	0.01192	0.00859	0.16142	0.23071	0.31093	0.01985	0.01839	0.01379	0.00709	0.00549	0.00178	0.00485	0.00564	0.06619	0.00898
8	0.00874	0.00593	0.00779	0.00740	0.00878	0.00545	0.00552	0.01126	0.01570	0.05403	0.65926	0.11341	0.05073	0.01209	0.00676	0.00185	0.00285	0.01071	0.00624	0.00551
9	0.01494	0.01264	0.01334	0.01179	0.01515	0.01456	0.00923	0.09839	0.68380	0.02508	0.02237	0.02062	0.01672	0.00768	0.00581	0.00192	0.00470	0.00634	0.00581	0.00912
10	0.01359	0.01242	0.01986	0.08923	0.54506	0.01287	0.01516	0.01855	0.10540	0.01925	0.01298	0.01578	0.01049	0.00562	0.00554	0.00171	0.00621	0.00529	0.07647	0.00851
11	0.01116	0.01015	0.01579	0.38366	0.14052	0.01182	0.01313	0.01547	0.07202	0.01766	0.16789	0.02110	0.01831	0.00738	0.00697	0.00190	0.06837	0.00629	0.00363	0.00678
12	0.02137	0.02726	0.01621	0.01474	0.01768	0.77602	0.01105	0.02284	0.01621	0.01400	0.00884	0.01031	0.00737	0.00589	0.00516	0.00147	0.01031	0.00368	0.00295	0.00663
13	0.01980	0.01382	0.01508	0.01179	0.01579	0.01501	0.00966	0.57319	0.02406	0.07753	0.08577	0.01744	0.01460	0.00732	0.00568	0.00170	0.00558	0.00570	0.07152	0.00897
14	0.02137	0.02726	0.01621	0.01474	0.01768	0.77602	0.01105	0.02284	0.01621	0.01400	0.00884	0.01031	0.00737	0.00589	0.00516	0.00147	0.01031	0.00368	0.00295	0.00663
15	0.00803	0.00584	0.00755	0.00713	0.00850	0.00537	0.00534	0.01067	0.01603	0.02257	0.72541	0.04334	0.08907	0.01183	0.00675	0.00181	0.00271	0.01043	0.00625	0.00537
16	0.02236	0.01035	0.01305	0.01040	0.01436	0.00988	0.00839	0.07500	0.14538	0.54305	0.02183	0.02049	0.01484	0.05473	0.00716	0.00202	0.00494	0.00599	0.00655	0.00924
17	0.00780	0.00570	0.00747	0.00863	0.00931	0.00556	0.00622	0.00999	0.05589	0.01560	0.03081	0.62102	0.03575	0.01694	0.00732	0.00235	0.00373	0.13956	0.00533	0.00502
18	0.00976	0.00643	0.00853	0.00905	0.01059	0.00608	0.00745	0.01202	0.01361	0.07718	0.14404	0.13960	0.13656	0.01454	0.00733	0.00231	0.00429	0.37954	0.00558	0.00551
19	0.00809	0.00564	0.00735	0.00835	0.00915	0.00535	0.00605	0.00975	0.02770	0.03671	0.03238	0.54396	0.08927	0.04332	0.00803	0.00243	0.00378	0.14240	0.00530	0.00497
20	0.01115	0.01135	0.08269	0.01097	0.01357	0.05524	0.00966	0.01750	0.20463	0.01898	0.09708	0.03918	0.05902	0.01383	0.06795	0.00271	0.00612	0.26684	0.00493	0.00661
21	0.00822	0.00594	0.00822	0.00822	0.00890	0.00662	0.00593	0.00959	0.00890	0.01256	0.01621	0.02742	0.01645	0.29285	0.52929	0.00799	0.01209	0.00685	0.00320	0.00456
22	0.00710	0.00507	0.00679	0.00812	0.00851	0.00476	0.00554	0.00820	0.01108	0.01475	0.03145	0.75138	0.03754	0.01779	0.00734	0.00234	0.00344	0.05880	0.00531	0.00468
23	0.01329	0.01371	0.03067	0.01142	0.01335	0.19919	0.00896	0.04333	0.11446	0.01630	0.05881	0.02032	0.01497	0.09125	0.23995	0.00437	0.08988	0.00583	0.00367	0.00626
24	0.01142	0.01063	0.01779	0.53644	0.09927	0.01276	0.05832	0.01492	0.01149	0.01566	0.01073	0.01538	0.00837	0.00609	0.00688	0.00190	0.08166	0.00520	0.06850	0.00659
25	0.00691	0.00521	0.00639	0.00734	0.00813	0.00470	0.00503	0.00804	0.01155	0.01485	0.03917	0.58108	0.24707	0.01693	0.00714	0.00221	0.00320	0.01505	0.00531	0.00470
26	0.03288	0.00750	0.00898	0.06944	0.01197	0.00774	0.00666	0.03609	0.09183	0.09749	0.21504	0.02681	0.02483	0.00826	0.00536	0.00166	0.00369	0.02340	0.31397	0.00641
27	0.12050	0.09286	0.04186	0.09040	0.03526	0.09259	0.30247	0.06167	0.03158	0.06056	0.01132	0.01366	0.00854	0.00542	0.00559	0.00176	0.00785	0.00521	0.00336	0.00755
28	0.00803	0.00579	0.00759	0.00724	0.00853	0.00535	0.00539	0.01062	0.01588	0.02244	0.71660	0.08783	0.05300	0.01207	0.00678	0.00183	0.00274	0.01070	0.00624	0.00535
29	0.00813	0.00547	0.00629	0.00648	0.00653	0.00542	0.00372	0.00827	0.00869	0.01158	0.01991	0.14324	0.02317	0.68993	0.02607	0.00510	0.00523	0.00943	0.00372	0.00363
30	0.01318	0.01278	0.02317	0.15396	0.41816	0.01298	0.17983	0.01691	0.01279	0.01814	0.01147	0.01519	0.00918	0.00526	0.00578	0.00176	0.00725	0.00549	0.06869	0.00801
31	0.06424	0.62422	0.06468	0.01004	0.01478	0.02029	0.00994	0.01799	0.07069	0.01560	0.03568	0.01148	0.00971	0.00541	0.00403	0.00136	0.00589	0.00365	0.00291	0.00740
32	0.00817	0.00613	0.00919	0.00919	0.01021	0.00715	0.00715	0.01021	0.00919	0.01328	0.01532	0.02247	0.01430	0.04290	0.77631	0.00919	0.01532	0.00613	0.00306	0.00511
33	0.00821	0.00550	0.00627	0.00638	0.00640	0.00547	0.00361	0.00829	0.00853	0.01137	0.01910	0.09774	0.02215	0.73682	0.02738	0.00529	0.00537	0.00895	0.00361	0.00356
34	0.78993	0.01114	0.00868	0.00777	0.01129	0.01292	0.00637	0.01763	0.05428	0.02556	0.00888	0.01001	0.00687	0.00546	0.00368	0.00178	0.00443	0.00330	0.00368	0.00637
35	0.01219	0.02370	0.52210	0.01516	0.02195	0.01297	0.05943	0.06171	0.09929	0.02032	0.08350	0.01636	0.01311	0.00635	0.00570	0.00183	0.00739	0.00527	0.00340	0.00826
36	0.00717	0.00508	0.00666	0.00775	0.00812	0.00478	0.00514	0.00817	0.01101	0.01477	0.07399	0.67788	0.03718	0.09195	0.00935	0.00260	0.00349	0.01515	0.00519	0.00458
37	0.01332	0.15852	0.55478	0.01493	0.02222	0.06084	0.01801	0.06183	0.01314	0.01816	0.01000	0.01158	0.00742	0.00546	0.00514	0.00169	0.00804	0.00405	0.00265	0.00823
38	0.01182	0.09998	0.70200	0.01571	0.02384	0.01414	0.02010	0.01802	0.01203	0.01769	0.01005	0.01181	0.00725	0.00539	0.00527	0.00176	0.00824	0.00412	0.00242	0.00835
39	0.01147	0.02959	0.76934	0.01630	0.02476	0.01328	0.02113	0.01811	0.01208	0.01811	0.01026	0.01208	0.00725	0.00543	0.00543	0.00181	0.00845	0.00423	0.00242	0.00845
40	0.02070	0.01546	0.01716	0.08671	0.01980	0.01726	0.01135	0.67473	0.02542	0.03401	0.01339	0.01388	0.00953	0.00676	0.00572	0.00173	0.00642	0.00514	0.00542	0.00941
41	0.00676	0.00579	0.00579	0.00579	0.00773	0.00483	0.00435	0.00821	0.01304	0.01545	0.05794	0.05505	0.76098	0.01449	0.00676	0.00193	0.00290	0.01207	0.00531	0.00483
42	0.01080	0.01017	0.01716	0.78523	0.03940	0.01271	0.01589	0.01461	0.01144	0.01461	0.01017	0.01525	0.00762	0.00572	0.00572	0.00191	0.00762	0.00508	0.00254	0.00635
43	0.04721	0.77177	0.02914	0.00970	0.01454	0.02225	0.00965	0.01712	0.01155	0.01393	0.00795	0.00918	0.00730	0.00491	0.00367	0.00124	0.00605	0.00306	0.00249	0.00730
44	0.02137	0.02726	0.01621	0.01474	0.01768	0.77602	0.01105	0.02284	0.01621	0.01400	0.00884	0.01031	0.00737	0.00589	0.00516	0.00147	0.01031	0.00368	0.00295	0.00663
45	0.00832	0.00555	0.00624	0.00624	0.00624	0.00555	0.00347	0.00832	0.00832	0.01109	0.01802	0.03743	0.02080	0.79898	0.02911	0.00555	0.00555	0.00832	0.00347	0.00347
46	0.00810	0.00585	0.00765	0.00720	0.00855	0.00540	0.00540	0.01079	0.01619	0.02294	0.76028	0.04273	0.05397	0.01169	0.00675	0.00180	0.00270	0.01034	0.00630	0.00540
47	0.00684	0.00580	0.00590	0.00588	0.00777	0.00486	0.00441	0.00836	0.01323	0.01590	0.09985	0.05431	0.71880	0.01432	0.00676	0.00192	0.00289	0.01197	0.00537	0.00486
48	0.00699	0.00587	0.00612	0.00625	0.00812	0.00500	0.00481	0.00856	0.01305	0.01561	0.05531	0.05595	0.69163	0.01461	0.00687	0.00200	0.00312	0.07996	0.00531	0.00487
49	0.00821	0.00598	0.00843	0.00843	0.00918	0.00673	0.00619	0.00972	0.00897	0.01271	0.01602	0.02636	0.01599	0.23926	0.58226	0.00825	0.01278	0.00670	0.00317	0.00468
50	0.01147	0.02959	0.76934	0.01630	0.02476	0.01328	0.02113	0.01811	0.01208	0.01811	0.01026	0.01208	0.00725	0.00543	0.00543	0.00181	0.00845	0.00423	0.00242	0.00845
51	0.00697	0.00498	0.00664	0.00796	0.00830	0.00465	0.00531	0.00796	0.01095	0.01460	0.03153	0.79525	0.03783	0.01792	0.00730	0.00232	0.00332	0.01626	0.00531	0.00465
52	0.00743	0.00527	0.00698	0.00818	0.00863	0.00502	0.00571	0.00857	0.01103	0.01464	0.03006	0.61487	0.03548	0.09201	0.00947	0.00268	0.00382	0.12041	0.00513	0.00463
53	0.01529	0.80242	0.02997	0.00979	0.01468	0.02263	0.00979	0.01713	0.01162	0.01346	0.00795	0.00918	0.00734	0.00489	0.00367	0.00122	0.00612	0.00306	0.00245	0.00734
54	0.01147	0.02959	0.76934	0.01630	0.02476	0.01328	0.02113	0.01811	0.01208	0.01811	0.01026	0.01208	0.00725	0.00543	0.00543	0.00181	0.00845	0.00423	0.00242	0.00845
55	0.01375	0.01174	0.01258	0.01153	0.01459	0.01350	0.00907	0.02863	0.68250	0.02328	0.02395	0.02545	0.01893	0.00853	0.00602	0.00201	0.00460	0.07489	0.00577	0.00869
56	0.00895	0.00650	0.00885	0.01003	0.01141	0.00640	0.00870	0.01146	0.01315	0.01694	0.03324	0.06351	0.11068	0.01566	0.00778	0.00256	0.00501	0.64868	0.00527	0.00522
57	0.01529	0.80242	0.02997	0.00979	0.01468	0.02263	0.00979	0.01713	0.01162	0.01346	0.00795	0.00918	0.00734	0.00489	0.00367	0.00122	0.00612	0.00306	0.00245	0.00734
58	0.01064	0.00944	0.01262	0.01123	0.01127	0.01226	0.00863	0.01142	0.00860	0.01266	0.01208	0.02301	0.01316	0.33155	0.05231	0.00400	0.44074	0.00639	0.00292	0.00508
59	0.83938	0.01106	0.00841	0.00752	0.01106	0.01283	0.00619	0.01681	0.00973	0.02566	0.00796	0.00929	0.00619	0.00531	0.00354	0.00177	0.00442	0.00310	0.00354	0.00619
60	0.00808	0.00589	0.00835	0.00863	0.00941	0.00649	0.00643	0.00968	0.00957	0.01338	0.01913	0.14416	0.02003	0.15485	0.49601	0.00718	0.01136	0.05299	0.00360	0.00479
61	0.01186	0.01017	0.01186	0.00847	0.01356	0.00762	0.00678	0.01440	0.01186	0.01864	0.01017	0.01186	0.00847	0.00424	0.00424	0.00085	0.00424	0.00339	0.00339	0.83395
62	0.01350	0.01543	0.03375	0.02411	0.02989	0.01446	0.74253	0.01832	0.01350	0.01832	0.01157	0.01543	0.00868	0.00482	0.00675	0.00193	0.00964	0.00675	0.00289	0.00771
63	0.01651	0.01136	0.01254	0.01062	0.01411	0.01213	0.00845	0.15946	0.34747	0.16641	0.02742	0.02546	0.14538	0.00864	0.00595	0.00186	0.00464	0.00706	0.00595	0.00857
64	0.01134	0.00929	0.01051	0.01037	0.01246	0.01028	0.00793	0.02106	0.42733	0.02017	0.02674	0.26299	0.02575	0.01194	0.00655	0.00215	0.00426	0.10608	0.00559	0.00720
65	0.01358	0.45649	0.36093	0.01270	0.01919	0.01845	0.01487	0.01757	0.01183	0.01554	0.00899	0.01047	0.00730	0.00514	0.00446	0.00149	0.00716	0.00358	0.00243	0.00784
66	0.02170	0.01403	0.06036	0.01205	0.01664	0.01354	0.01034	0.34609	0.10884	0.30832	0.01799	0.01670	0.01217	0.00697	0.00573	0.00177	0.00568	0.00548	0.00605	0.00957
67	0.01436	0.01297	0.01958	0.24427	0.26459	0.06062	0.08372	0.01936	0.10459	0.07736	0.01357	0.01704	0.01060	0.00608	0.00584	0.00183	0.00705	0.02509	0.00354	0.00795
68	0.00689	0.00580	0.00597	0.00593	0.00780	0.00488	0.00445	0.00846	0.01334	0.01616	0.12485	0.05387	0.69363	0.01422	0.00676	0.00192	0.00288	0.01191	0.00541	0.00488
69	0.00718	0.00513	0.00688	0.00821	0.00863	0.00483	0.00568	0.00833	0.01116	0.01484	0.03141	0.72564	0.03736	0.01772	0.00736	0.00235	0.00350	0.08375	0.00531	0.00471
70	0.01118	0.01049	0.01789	0.60444	0.12336	0.01239	0.04370	0.01489	0.01184	0.01544	0.01189	0.01905	0.00985	0.00641	0.00593	0.00194	0.00742	0.06243	0.00281	0.00664
71	0.01317	0.02527	0.55013	0.01774	0.08268	0.01396	0.06246	0.10930	0.03527	0.02058	0.01119	0.01291	0.00808	0.00562	0.00558	0.00180	0.00801	0.00463	0.00299	0.00863
72	0.00821	0.00596	0.00835	0.00835	0.00908	0.00669	0.00609	0.00967	0.00894	0.01265	0.01609	0.02676	0.01616	0.25948	0.56227	0.00815	0.01252	0.00676	0.00318	0.00464
73	0.00676	0.00579	0.00579	0.00579	0.00773	0.00483	0.00435	0.00821	0.01304	0.01545	0.05794	0.05505	0.76098	0.01449	0.00676	0.00193	0.00290	0.01207	0.00531	0.00483
74	0.01395	0.01212	0.01327	0.07321	0.01683	0.01411	0.00960	0.02914	0.69395	0.02319	0.02224	0.02086	0.01668	0.00760	0.00581	0.00194	0.00477	0.00636	0.00556	0.00884
75	0.01356	0.01518	0.03209	0.02312	0.02870	0.01445	0.68415	0.01928	0.07235	0.01877	0.01250	0.01590	0.00938	0.00506	0.00668	0.00193	0.00924	0.00673	0.00313	0.00782
76	0.08826	0.11388	0.53240	0.03641	0.02213	0.01445	0.01743	0.06160	0.01278	0.03605	0.01027	0.01185	0.00748	0.00549	0.00509	0.00174	0.00759	0.00411	0.00283	0.00817
77	0.48892	0.01191	0.01137	0.00933	0.01329	0.01303	0.00770	0.18267	0.01495	0.17982	0.01225	0.01237	0.00862	0.00602	0.00448	0.00176	0.00494	0.00410	0.00476	0.00771
78	0.01593	0.01884	0.03387	0.01470	0.01688	0.35930	0.08053	0.01775	0.01268	0.01420	0.00993	0.01423	0.00899	0.05804	0.08363	0.00278	0.22368	0.00486	0.00285	0.00634

[dist]
# distance from previous block
# <min> <max>
3	11

[block]
# block no. 5 follows, 41 sequences, length 83
# corresponding to MSA columns:
# 857-939
name=unknown_F
#
# <colnr> <probs for GDERKNQSTAVLIFYWHMCP>
#	G	D	E	R	K	N	Q	S	T	A	V	L	I	F	Y	W	H	M	C	P
0	0.02038	0.02872	0.01540	0.01449	0.13122	0.02851	0.01012	0.16456	0.05356	0.35998	0.09606	0.01963	0.01655	0.00717	0.00578	0.00174	0.00535	0.00595	0.00582	0.00902
1	0.02074	0.01036	0.01480	0.02882	0.09702	0.00970	0.04262	0.02478	0.09697	0.48946	0.07005	0.02112	0.03210	0.00727	0.00588	0.00180	0.00513	0.00623	0.00611	0.00904
2	0.01392	0.01253	0.01235	0.00986	0.01398	0.10578	0.00780	0.08342	0.09581	0.03596	0.01750	0.01901	0.08696	0.00652	0.00506	0.00131	0.00513	0.02622	0.00415	0.43673
3	0.01282	0.01046	0.01716	0.44131	0.20630	0.01167	0.01436	0.01625	0.01284	0.09320	0.09434	0.01845	0.01375	0.00637	0.00582	0.00183	0.00660	0.00574	0.00349	0.00724
4	0.01145	0.00969	0.01140	0.00833	0.01300	0.00738	0.00663	0.01400	0.01234	0.01911	0.09294	0.01527	0.01349	0.00506	0.00451	0.00095	0.00407	0.00416	0.00371	0.74252
5	0.01186	0.01017	0.01186	0.00847	0.01356	0.00762	0.00678	0.01440	0.01186	0.01864	0.01017	0.01186	0.00847	0.00424	0.00424	0.00085	0.00424	0.00339	0.00339	0.83395
6	0.01227	0.09022	0.01263	0.00962	0.01231	0.01135	0.00773	0.09853	0.25134	0.02309	0.29818	0.03090	0.06714	0.00954	0.00608	0.00182	0.00415	0.04027	0.00559	0.00720
7	0.02519	0.01167	0.01360	0.01068	0.01494	0.09311	0.00870	0.02732	0.01635	0.68414	0.02105	0.01846	0.01341	0.00695	0.00569	0.00174	0.00547	0.00552	0.00662	0.00939
8	0.00718	0.00514	0.00682	0.00782	0.00834	0.00478	0.00533	0.00848	0.01191	0.01613	0.16533	0.65708	0.04079	0.01678	0.00720	0.00223	0.00320	0.01517	0.00549	0.00478
9	0.01423	0.01229	0.01293	0.01164	0.01487	0.01423	0.00905	0.03039	0.75297	0.02393	0.02328	0.02134	0.01746	0.00776	0.00582	0.00194	0.00453	0.00647	0.00582	0.00905
10	0.02137	0.02726	0.01621	0.01474	0.01768	0.77602	0.01105	0.02284	0.01621	0.01400	0.00884	0.01031	0.00737	0.00589	0.00516	0.00147	0.01031	0.00368	0.00295	0.00663
11	0.02321	0.00942	0.01264	0.00991	0.01395	0.00834	0.00810	0.02610	0.04948	0.65170	0.10400	0.02212	0.01870	0.00762	0.00586	0.00178	0.00461	0.00629	0.00694	0.00923
12	0.00810	0.00585	0.00765	0.00720	0.00855	0.00540	0.00540	0.01079	0.01619	0.02294	0.76028	0.04273	0.05397	0.01169	0.00675	0.00180	0.00270	0.01034	0.00630	0.00540
13	0.02174	0.01602	0.01717	0.01316	0.01774	0.01774	0.01087	0.74423	0.02689	0.03605	0.01373	0.01373	0.00973	0.00687	0.00572	0.00172	0.00629	0.00515	0.00572	0.00973
14	0.00994	0.00497	0.00745	0.00745	0.00745	0.00497	0.00497	0.00745	0.00745	0.00994	0.00994	0.01739	0.00994	0.01987	0.02235	0.83358	0.00497	0.00497	0.00248	0.00248
15	0.01080	0.01017	0.01716	0.78523	0.03940	0.01271	0.01589	0.01461	0.01144	0.01461	0.01017	0.01525	0.00762	0.00572	0.00572	0.00191	0.00762	0.00508	0.00254	0.00635
16	0.02077	0.09514	0.01971	0.01357	0.01829	0.01646	0.09112	0.48152	0.02227	0.14256	0.01424	0.01432	0.01004	0.00647	0.00563	0.00170	0.00643	0.00520	0.00528	0.00926
17	0.01159	0.05246	0.74746	0.01611	0.02446	0.01356	0.02080	0.01809	0.01206	0.01798	0.01020	0.01199	0.00725	0.00542	0.00538	0.00179	0.00838	0.00419	0.00242	0.00842
18	0.83938	0.01106	0.00841	0.00752	0.01106	0.01283	0.00619	0.01681	0.00973	0.02566	0.00796	0.00929	0.00619	0.00531	0.00354	0.00177	0.00442	0.00310	0.00354	0.00619
19	0.00676	0.00579	0.00579	0.00579	0.00773	0.00483	0.00435	0.00821	0.01304	0.01545	0.05794	0.05505	0.76098	0.01449	0.00676	0.00193	0.00290	0.01207	0.00531	0.00483
20	0.01319	0.01237	0.02078	0.04831	0.63547	0.01236	0.01573	0.01649	0.01345	0.01922	0.12110	0.01839	0.01564	0.00608	0.00582	0.00172	0.00621	0.00587	0.00333	0.00846
21	0.01203	0.01181	0.01660	0.01437	0.01449	0.01638	0.01192	0.01337	0.00881	0.01371	0.00837	0.01361	0.00826	0.01364	0.10236	0.00324	0.70319	0.00513	0.00256	0.00613
22	0.01231	0.01171	0.01989	0.44693	0.36588	0.01311	0.01664	0.01594	0.01215	0.01645	0.01043	0.01476	0.00827	0.00544	0.00569	0.00181	0.00725	0.00509	0.00267	0.00757
23	0.01381	0.01324	0.02260	0.11154	0.68954	0.01350	0.01738	0.01725	0.01286	0.01827	0.01070	0.01427	0.00891	0.00516	0.00567	0.00172	0.00688	0.00510	0.00280	0.00878
24	0.02137	0.02726	0.01621	0.01474	0.01768	0.77602	0.01105	0.02284	0.01621	0.01400	0.00884	0.01031	0.00737	0.00589	0.00516	0.00147	0.01031	0.00368	0.00295	0.00663
25	0.01189	0.11486	0.68776	0.01558	0.02364	0.01432	0.01988	0.01801	0.01203	0.01760	0.01001	0.01176	0.00726	0.00537	0.00524	0.00175	0.00820	0.00410	0.00242	0.00833
26	0.00710	0.00581	0.00627	0.00616	0.00794	0.00498	0.00462	0.00887	0.01385	0.01738	0.23885	0.05187	0.57887	0.01377	0.00676	0.00190	0.00285	0.01163	0.00557	0.00498
27	0.00832	0.00555	0.00624	0.00624	0.00624	0.00555	0.00347	0.00832	0.00832	0.01109	0.01802	0.03743	0.02080	0.79898	0.02911	0.00555	0.00555	0.00832	0.00347	0.00347
28	0.00697	0.00498	0.00664	0.00796	0.00830	0.00465	0.00531	0.00796	0.01095	0.01460	0.03153	0.79525	0.03783	0.01792	0.00730	0.00232	0.00332	0.01626	0.00531	0.00465
29	0.01529	0.80242	0.02997	0.00979	0.01468	0.02263	0.00979	0.01713	0.01162	0.01346	0.00795	0.00918	0.00734	0.00489	0.00367	0.00122	0.00612	0.00306	0.00245	0.00734
30	0.00810	0.00585	0.00765	0.00720	0.00855	0.00540	0.00540	0.01079	0.01619	0.02294	0.76028	0.04273	0.05397	0.01169	0.00675	0.00180	0.00270	0.01034	0.00630	0.00540
31	0.00772	0.00583	0.00712	0.00680	0.00831	0.00524	0.00510	0.01006	0.01530	0.02082	0.56197	0.04621	0.25360	0.01248	0.00675	0.00184	0.00275	0.01083	0.00602	0.00524
32	0.01147	0.02959	0.76934	0.01630	0.02476	0.01328	0.02113	0.01811	0.01208	0.01811	0.01026	0.01208	0.00725	0.00543	0.00543	0.00181	0.00845	0.00423	0.00242	0.00845
33	0.01394	0.01422	0.05688	0.05501	0.70979	0.01355	0.01767	0.01750	0.01294	0.01855	0.01072	0.01409	0.00894	0.00513	0.00565	0.00171	0.00689	0.00506	0.00280	0.00896
34	0.00721	0.00516	0.00685	0.00780	0.00835	0.00481	0.00533	0.00856	0.01206	0.01637	0.18620	0.63553	0.04126	0.01660	0.00718	0.00221	0.00319	0.01500	0.00552	0.00481
35	0.02046	0.02576	0.01634	0.01476	0.01741	0.69873	0.01120	0.02192	0.01545	0.01398	0.00871	0.01054	0.00738	0.00631	0.00654	0.00158	0.08961	0.00382	0.00290	0.00659
36	0.00720	0.00514	0.00690	0.00823	0.00866	0.00484	0.00571	0.00836	0.01118	0.01486	0.03140	0.72079	0.03733	0.01770	0.00736	0.00235	0.00352	0.08846	0.00531	0.00471
37	0.00697	0.00498	0.00664	0.00796	0.00830	0.00465	0.00531	0.00796	0.01095	0.01460	0.03153	0.79525	0.03783	0.01792	0.00730	0.00232	0.00332	0.01626	0.00531	0.00465
38	0.00810	0.00680	0.03823	0.00742	0.00912	0.00566	0.00593	0.01083	0.01570	0.02198	0.65841	0.04274	0.12413	0.01173	0.00669	0.00181	0.00295	0.01027	0.00604	0.00546
39	0.09467	0.01306	0.01484	0.01147	0.01590	0.01356	0.00947	0.39313	0.02117	0.32873	0.01678	0.01565	0.01120	0.00682	0.00554	0.00174	0.00556	0.00521	0.00608	0.00942
40	0.12776	0.01266	0.01475	0.09664	0.01823	0.01348	0.01001	0.33374	0.01950	0.27296	0.01550	0.01521	0.01050	0.00661	0.00545	0.00176	0.00573	0.00507	0.00554	0.00890
41	0.02037	0.11014	0.01771	0.01376	0.01721	0.52699	0.01077	0.14128	0.05727	0.01810	0.01033	0.01135	0.00830	0.00604	0.00512	0.00151	0.00888	0.00401	0.00350	0.00735
42	0.83938	0.01106	0.00841	0.00752	0.01106	0.01283	0.00619	0.01681	0.00973	0.02566	0.00796	0.00929	0.00619	0.00531	0.00354	0.00177	0.00442	0.00310	0.00354	0.00619
43	0.01564	0.01211	0.01392	0.01202	0.01552	0.01350	0.04222	0.02953	0.62638	0.11758	0.02266	0.02084	0.01665	0.00754	0.00585	0.00192	0.00480	0.00639	0.00585	0.00908
44	0.00810	0.00585	0.00765	0.00720	0.00855	0.00540	0.00540	0.01079	0.01619	0.02294	0.76028	0.04273	0.05397	0.01169	0.00675	0.00180	0.00270	0.01034	0.00630	0.00540
45	0.00697	0.00498	0.00664	0.00796	0.00830	0.00465	0.00531	0.00796	0.01095	0.01460	0.03153	0.79525	0.03783	0.01792	0.00730	0.00232	0.00332	0.01626	0.00531	0.00465
46	0.01508	0.10147	0.01873	0.01411	0.01565	0.08009	0.01182	0.13670	0.01271	0.01747	0.00870	0.01217	0.00785	0.00859	0.01382	0.00215	0.50814	0.00471	0.00307	0.00699
47	0.02174	0.01602	0.01717	0.01316	0.01774	0.01774	0.01087	0.74423	0.02689	0.03605	0.01373	0.01373	0.00973	0.00687	0.00572	0.00172	0.00629	0.00515	0.00572	0.00973
48	0.01292	0.02756	0.69230	0.01568	0.02372	0.01279	0.01984	0.01911	0.01251	0.09445	0.01152	0.01283	0.00795	0.00560	0.00547	0.00181	0.00809	0.00438	0.00289	0.00858
49	0.00676	0.00579	0.00579	0.00579	0.00773	0.00483	0.00435	0.00821	0.01304	0.01545	0.05794	0.05505	0.76098	0.01449	0.00676	0.00193	0.00290	0.01207	0.00531	0.00483
50	0.00928	0.01058	0.08590	0.00908	0.01133	0.09084	0.02311	0.01143	0.01329	0.01671	0.16256	0.24329	0.26525	0.01285	0.00659	0.00195	0.00450	0.01107	0.00488	0.00551
51	0.81918	0.01103	0.00853	0.00759	0.01115	0.01272	0.00625	0.01709	0.00990	0.04408	0.00833	0.00954	0.00639	0.00535	0.00359	0.00177	0.00444	0.00316	0.00363	0.00628
52	0.02388	0.01019	0.01369	0.01147	0.04857	0.00928	0.00889	0.02769	0.09750	0.65130	0.02211	0.01943	0.01429	0.00706	0.00576	0.00179	0.00492	0.00580	0.00675	0.00963
53	0.00767	0.00583	0.00705	0.00675	0.00828	0.00521	0.00506	0.00996	0.01518	0.02054	0.53488	0.04668	0.28087	0.01259	0.00675	0.00184	0.00276	0.01090	0.00598	0.00521
54	0.01344	0.01683	0.18130	0.06485	0.57399	0.01349	0.01824	0.01754	0.01275	0.01838	0.01063	0.01376	0.00861	0.00520	0.00562	0.00173	0.00718	0.00491	0.00273	0.00881
55	0.00922	0.00658	0.00922	0.01053	0.01185	0.00658	0.00922	0.01185	0.01317	0.01712	0.03029	0.06452	0.03292	0.01580	0.00790	0.00263	0.00527	0.72480	0.00527	0.00527
56	0.01339	0.01281	0.02183	0.20650	0.59790	0.01339	0.01717	0.01688	0.01266	0.01776	0.01062	0.01441	0.00873	0.00524	0.00568	0.00175	0.00698	0.00509	0.00277	0.00844
57	0.01947	0.01452	0.01568	0.01235	0.01643	0.01602	0.01008	0.59056	0.09970	0.03337	0.09708	0.01771	0.01540	0.00749	0.00585	0.00175	0.00572	0.00586	0.00580	0.00918
58	0.00852	0.00554	0.00634	0.00639	0.00661	0.00559	0.00382	0.00897	0.00888	0.01249	0.01845	0.06396	0.02038	0.63485	0.07153	0.00518	0.00574	0.00816	0.09480	0.00382
59	0.00697	0.00498	0.00664	0.00796	0.00830	0.00465	0.00531	0.00796	0.01095	0.01460	0.03153	0.79525	0.03783	0.01792	0.00730	0.00232	0.00332	0.01626	0.00531	0.00465
60	0.02098	0.01564	0.01673	0.01301	0.01745	0.01738	0.01069	0.67149	0.10088	0.03481	0.01471	0.01451	0.01052	0.00696	0.00573	0.00174	0.00611	0.00528	0.00573	0.00966
61	0.83938	0.01106	0.00841	0.00752	0.01106	0.01283	0.00619	0.01681	0.00973	0.02566	0.00796	0.00929	0.00619	0.00531	0.00354	0.00177	0.00442	0.00310	0.00354	0.00619
62	0.00922	0.00658	0.00922	0.01053	0.01185	0.00658	0.00922	0.01185	0.01317	0.01712	0.03029	0.06452	0.03292	0.01580	0.00790	0.00263	0.00527	0.72480	0.00527	0.00527
63	0.01186	0.01017	0.01186	0.00847	0.01356	0.00762	0.00678	0.01440	0.01186	0.01864	0.01017	0.01186	0.00847	0.00424	0.00424	0.00085	0.00424	0.00339	0.00339	0.83395
64	0.01186	0.10834	0.69400	0.01564	0.02373	0.01424	0.01998	0.01801	0.01203	0.01764	0.01003	0.01178	0.00726	0.00538	0.00525	0.00175	0.00822	0.00411	0.00242	0.00834
65	0.00697	0.00498	0.00664	0.00796	0.00830	0.00465	0.00531	0.00796	0.01095	0.01460	0.03153	0.79525	0.03783	0.01792	0.00730	0.00232	0.00332	0.01626	0.00531	0.00465
66	0.01416	0.01359	0.02322	0.03511	0.76330	0.01359	0.01755	0.01755	0.01302	0.01869	0.01076	0.01416	0.00906	0.00510	0.00566	0.00170	0.00680	0.00510	0.00283	0.00906
67	0.00697	0.00498	0.00664	0.00796	0.00830	0.00465	0.00531	0.00796	0.01095	0.01460	0.03153	0.79525	0.03783	0.01792	0.00730	0.00232	0.00332	0.01626	0.00531	0.00465
68	0.83938	0.01106	0.00841	0.00752	0.01106	0.01283	0.00619	0.01681	0.00973	0.02566	0.00796	0.00929	0.00619	0.00531	0.00354	0.00177	0.00442	0.00310	0.00354	0.00619
69	0.00697	0.00498	0.00664	0.00796	0.00830	0.00465	0.00531	0.00796	0.01095	0.01460	0.03153	0.79525	0.03783	0.01792	0.00730	0.00232	0.00332	0.01626	0.00531	0.00465
70	0.02137	0.02726	0.01621	0.01474	0.01768	0.77602	0.01105	0.02284	0.01621	0.01400	0.00884	0.01031	0.00737	0.00589	0.00516	0.00147	0.01031	0.00368	0.00295	0.00663
71	0.01529	0.80242	0.02997	0.00979	0.01468	0.02263	0.00979	0.01713	0.01162	0.01346	0.00795	0.00918	0.00734	0.00489	0.00367	0.00122	0.00612	0.00306	0.00245	0.00734
72	0.01381	0.01324	0.02260	0.11154	0.68954	0.01350	0.01738	0.01725	0.01286	0.01827	0.01070	0.01427	0.00891	0.00516	0.00567	0.00172	0.00688	0.00510	0.00280	0.00878
73	0.01287	0.00676	0.00906	0.00879	0.01067	0.00615	0.00677	0.01474	0.01373	0.23349	0.13933	0.31337	0.06483	0.01338	0.00684	0.00211	0.00395	0.12085	0.00596	0.00633
74	0.00854	0.00637	0.00912	0.09505	0.01355	0.00653	0.00848	0.01069	0.01214	0.01589	0.02853	0.33456	0.03198	0.01549	0.00743	0.00244	0.00479	0.37828	0.00498	0.00515
75	0.00818	0.00549	0.00628	0.00641	0.00645	0.00545	0.00365	0.00828	0.00859	0.01145	0.01940	0.11465	0.02253	0.71939	0.02689	0.00522	0.00532	0.00913	0.00365	0.00359
76	0.01202	0.11414	0.65393	0.01644	0.05713	0.01433	0.01972	0.01798	0.01207	0.01763	0.01003	0.01185	0.00734	0.00536	0.00525	0.00174	0.00812	0.00414	0.00244	0.00836
77	0.02362	0.00975	0.01305	0.01039	0.01448	0.00875	0.00864	0.06793	0.01663	0.64179	0.02290	0.02410	0.01597	0.00803	0.00599	0.00186	0.00499	0.08506	0.00680	0.00924
78	0.10743	0.01238	0.01302	0.01124	0.01480	0.01394	0.00891	0.12195	0.50099	0.10145	0.02027	0.01883	0.01487	0.00730	0.00555	0.00187	0.00478	0.00585	0.00568	0.00890
79	0.74845	0.09838	0.01079	0.00777	0.01146	0.01391	0.00659	0.01685	0.00994	0.02432	0.00796	0.00928	0.00632	0.00526	0.00355	0.00171	0.00461	0.00309	0.00342	0.00632
80	0.01156	0.01100	0.01822	0.57402	0.15852	0.01339	0.01579	0.01502	0.01141	0.01521	0.00997	0.01476	0.00785	0.00609	0.00715	0.00194	0.09365	0.00508	0.00259	0.00680
81	0.03824	0.01382	0.01698	0.01502	0.09933	0.04797	0.05855	0.27936	0.07442	0.20766	0.01549	0.01545	0.01096	0.00636	0.00560	0.00168	0.00606	0.00524	0.00519	0.07660
82	0.01676	0.01369	0.01436	0.01217	0.01535	0.11218	0.04138	0.28333	0.10386	0.07125	0.05166	0.12832	0.01788	0.01063	0.04102	0.00220	0.00645	0.04455	0.00516	0.00781

[dist]
# distance from previous block
# <min> <max>
2	6

[block]
# block no. 6 follows, 41 sequences, length 54
# corresponding to MSA columns:
# 946-999
name=unknown_G
#
# <colnr> <probs for GDERKNQSTAVLIFYWHMCP>
#	G	D	E	R	K	N	Q	S	T	A	V	L	I	F	Y	W	H	M	C	P
0	0.09854	0.01333	0.02170	0.03229	0.68638	0.01351	0.01639	0.01748	0.01269	0.01940	0.01047	0.01366	0.00877	0.00512	0.00545	0.00171	0.00655	0.00489	0.00290	0.00877
1	0.02414	0.01327	0.01465	0.01147	0.01579	0.08949	0.00936	0.22618	0.01927	0.48729	0.01871	0.01694	0.01223	0.00690	0.00568	0.00172	0.00582	0.00537	0.00628	0.00942
2	0.00787	0.00584	0.00733	0.00696	0.00841	0.00530	0.00522	0.01036	0.01566	0.02167	0.64102	0.04482	0.17403	0.01217	0.00675	0.00182	0.00273	0.01064	0.00613	0.00530
3	0.01186	0.10862	0.69374	0.01564	0.02373	0.01424	0.01997	0.01801	0.01203	0.01764	0.01003	0.01178	0.00726	0.00538	0.00525	0.00175	0.00821	0.00411	0.00242	0.00834
4	0.00776	0.00554	0.00754	0.00887	0.00955	0.00533	0.00668	0.00933	0.01173	0.01549	0.03109	0.53844	0.03610	0.01718	0.00751	0.00243	0.00400	0.26527	0.00529	0.00486
5	0.01147	0.02959	0.76934	0.01630	0.02476	0.01328	0.02113	0.01811	0.01208	0.01811	0.01026	0.01208	0.00725	0.00543	0.00543	0.00181	0.00845	0.00423	0.00242	0.00845
6	0.01529	0.80242	0.02997	0.00979	0.01468	0.02263	0.00979	0.01713	0.01162	0.01346	0.00795	0.00918	0.00734	0.00489	0.00367	0.00122	0.00612	0.00306	0.00245	0.00734
7	0.00719	0.00583	0.00639	0.00630	0.00805	0.00503	0.00475	0.00901	0.01391	0.01756	0.25088	0.05188	0.54834	0.01375	0.00678	0.00191	0.00290	0.02896	0.00558	0.00500
8	0.01399	0.01348	0.02263	0.03305	0.68678	0.01399	0.01704	0.01717	0.01259	0.01818	0.01043	0.01399	0.00890	0.00560	0.00700	0.00178	0.08673	0.00509	0.00280	0.00877
9	0.00832	0.00555	0.00624	0.00624	0.00624	0.00555	0.00347	0.00832	0.00832	0.01109	0.01802	0.03743	0.02080	0.79898	0.02911	0.00555	0.00555	0.00832	0.00347	0.00347
10	0.01251	0.01251	0.01752	0.01502	0.01502	0.01752	0.01251	0.01377	0.00876	0.01377	0.00751	0.01251	0.00751	0.01001	0.01877	0.00250	0.78851	0.00501	0.00250	0.00626
11	0.01350	0.01543	0.03375	0.02411	0.02989	0.01446	0.74253	0.01832	0.01350	0.01832	0.01157	0.01543	0.00868	0.00482	0.00675	0.00193	0.00964	0.00675	0.00289	0.00771
12	0.01066	0.00533	0.00533	0.00533	0.00666	0.00533	0.00400	0.01333	0.01200	0.02132	0.01866	0.02132	0.01466	0.00666	0.00400	0.00133	0.00267	0.00533	0.83073	0.00533
13	0.00810	0.00585	0.00765	0.00720	0.00855	0.00540	0.00540	0.01079	0.01619	0.02294	0.76028	0.04273	0.05397	0.01169	0.00675	0.00180	0.00270	0.01034	0.00630	0.00540
14	0.01080	0.01017	0.01716	0.78523	0.03940	0.01271	0.01589	0.01461	0.01144	0.01461	0.01017	0.01525	0.00762	0.00572	0.00572	0.00191	0.00762	0.00508	0.00254	0.00635
15	0.00697	0.00498	0.00664	0.00796	0.00830	0.00465	0.00531	0.00796	0.01095	0.01460	0.03153	0.79525	0.03783	0.01792	0.00730	0.00232	0.00332	0.01626	0.00531	0.00465
16	0.02391	0.01026	0.01332	0.01046	0.01472	0.00948	0.00856	0.04604	0.12337	0.64137	0.02245	0.01960	0.01453	0.00717	0.00576	0.00179	0.00485	0.00584	0.00686	0.00964
17	0.01180	0.12519	0.01858	0.59376	0.03331	0.01430	0.01430	0.01659	0.08729	0.01540	0.01119	0.01499	0.00859	0.00581	0.00543	0.00181	0.00709	0.00493	0.00286	0.00677
