[name]
unknown

[dist]
# distance from previous block
# <min> <max>
0	41

[block]
# block no. 0 follows, 47 sequences, length 31
# corresponding to MSA columns:
# 41-71
name=unknown_A
#
# <colnr> <probs for GDERKNQSTAVLIFYWHMCP>
#	G	D	E	R	K	N	Q	S	T	A	V	L	I	F	Y	W	H	M	C	P
0	0.01020	0.00697	0.00927	0.00972	0.01142	0.00697	0.00841	0.07596	0.01316	0.05635	0.02535	0.05120	0.02660	0.01296	0.00682	0.00223	0.00483	0.62450	0.00486	0.03222
1	0.00634	0.00453	0.00604	0.00725	0.00755	0.00423	0.00483	0.00725	0.00997	0.01329	0.02870	0.81358	0.03444	0.01632	0.00665	0.00211	0.00302	0.01480	0.00483	0.00423
2	0.00881	0.00454	0.00669	0.00678	0.00680	0.00452	0.00450	0.00684	0.00703	0.00938	0.01068	0.07196	0.01117	0.04659	0.01962	0.75941	0.00444	0.00535	0.00247	0.00243
3	0.00728	0.00529	0.00686	0.00652	0.00774	0.00487	0.00487	0.00964	0.01445	0.02033	0.72454	0.06552	0.08064	0.01095	0.00616	0.00166	0.00248	0.00967	0.00566	0.00487
4	0.01392	0.82012	0.02729	0.00891	0.01337	0.02061	0.00891	0.01559	0.01058	0.01225	0.00724	0.00835	0.00668	0.00446	0.00334	0.00111	0.00557	0.00278	0.00223	0.00668
5	0.01351	0.01208	0.03462	0.09535	0.63788	0.01188	0.01518	0.01660	0.01199	0.08497	0.01069	0.01337	0.00852	0.00485	0.00516	0.00157	0.00612	0.00468	0.00289	0.00808
6	0.01097	0.01100	0.01463	0.01265	0.01352	0.07934	0.06228	0.01257	0.00897	0.01271	0.00930	0.01409	0.00873	0.01734	0.24618	0.00397	0.44888	0.00487	0.00249	0.00551
7	0.00983	0.00926	0.01562	0.80447	0.03587	0.01157	0.01446	0.01331	0.01041	0.01331	0.00926	0.01388	0.00694	0.00521	0.00521	0.00174	0.00694	0.00463	0.00231	0.00579
8	0.01080	0.00926	0.01080	0.00771	0.01234	0.00694	0.00617	0.01311	0.01080	0.01697	0.00926	0.01080	0.00771	0.00386	0.00386	0.00077	0.00386	0.00309	0.00309	0.84882
9	0.01362	0.01291	0.01484	0.05024	0.17235	0.10554	0.03781	0.06711	0.37649	0.01954	0.03273	0.03611	0.01351	0.00655	0.00530	0.00167	0.00551	0.01634	0.00419	0.00765
10	0.01634	0.07139	0.07118	0.08280	0.05312	0.01415	0.01063	0.33216	0.18178	0.09220	0.01407	0.01419	0.01022	0.00605	0.00508	0.00160	0.00553	0.00479	0.00453	0.00818
11	0.00633	0.00460	0.00598	0.00708	0.00751	0.00424	0.00476	0.00727	0.01013	0.01336	0.03075	0.74862	0.09808	0.01605	0.00661	0.00208	0.00299	0.01448	0.00483	0.00424
12	0.03711	0.17655	0.10725	0.02552	0.03369	0.04042	0.05844	0.22760	0.03198	0.17875	0.02576	0.01310	0.00958	0.00564	0.00482	0.00151	0.00587	0.00443	0.00412	0.00785
13	0.01463	0.08884	0.08685	0.10296	0.21611	0.03496	0.07951	0.11742	0.08736	0.10247	0.01211	0.01352	0.00907	0.00535	0.00508	0.00158	0.00621	0.00469	0.00352	0.00776
14	0.00676	0.00483	0.00652	0.00772	0.00821	0.00459	0.00555	0.00797	0.01038	0.01376	0.02847	0.66091	0.03354	0.01592	0.00676	0.00217	0.00338	0.16339	0.00483	0.00434
15	0.01481	0.54368	0.02263	0.00979	0.01389	0.04650	0.00899	0.12608	0.13733	0.01679	0.01030	0.01079	0.00850	0.00517	0.00398	0.00129	0.00549	0.00359	0.00317	0.00723
16	0.00737	0.00535	0.00744	0.00751	0.00819	0.00586	0.00546	0.00875	0.00876	0.01233	0.06896	0.09245	0.01875	0.21981	0.49169	0.00658	0.01011	0.00710	0.00325	0.00428
17	0.01169	0.01194	0.01656	0.01403	0.01434	0.04061	0.04426	0.01298	0.00838	0.01272	0.00704	0.01145	0.00688	0.00879	0.01622	0.00223	0.74725	0.00459	0.00231	0.00577
18	0.07320	0.12420	0.05323	0.01133	0.09528	0.03242	0.00869	0.04719	0.01227	0.15318	0.03552	0.01267	0.00967	0.00496	0.00433	0.00123	0.00483	0.00388	0.00363	0.30828
19	0.01270	0.27811	0.33811	0.01158	0.01701	0.05400	0.01283	0.01727	0.07170	0.05130	0.04376	0.01225	0.00956	0.00525	0.00446	0.00143	0.00626	0.00391	0.00287	0.04563
20	0.00684	0.00524	0.00630	0.00652	0.00766	0.00479	0.00470	0.00883	0.03652	0.01635	0.28856	0.29430	0.26803	0.01316	0.00628	0.00183	0.00275	0.01154	0.00515	0.00464
21	0.03591	0.01358	0.01348	0.01125	0.01470	0.08062	0.00897	0.32018	0.36490	0.05572	0.01628	0.01551	0.01197	0.00652	0.00516	0.00164	0.00522	0.00510	0.00504	0.00826
22	0.01328	0.05222	0.19352	0.03255	0.18686	0.01248	0.14757	0.12185	0.04095	0.05995	0.07673	0.01513	0.01180	0.00559	0.00530	0.00161	0.00643	0.00513	0.00342	0.00762
23	0.01076	0.01060	0.01603	0.68373	0.09819	0.06619	0.01429	0.01405	0.01084	0.01358	0.00922	0.01349	0.00704	0.00517	0.00517	0.00169	0.00705	0.00454	0.00236	0.00601
24	0.00634	0.00453	0.00604	0.00725	0.00755	0.00423	0.00483	0.00725	0.00997	0.01329	0.02870	0.81358	0.03444	0.01632	0.00665	0.00211	0.00302	0.01480	0.00483	0.00423
25	0.04777	0.01345	0.15170	0.02828	0.18359	0.01118	0.02173	0.15914	0.06153	0.07409	0.04602	0.02970	0.03999	0.07545	0.00706	0.00194	0.00561	0.03064	0.00384	0.00727
26	0.01794	0.03015	0.03209	0.09815	0.07069	0.18346	0.01024	0.20672	0.04845	0.20194	0.01444	0.01468	0.03539	0.00608	0.00509	0.00155	0.00626	0.00472	0.00432	0.00762
27	0.00687	0.00491	0.00664	0.00785	0.00838	0.00468	0.00574	0.00816	0.01049	0.01388	0.02841	0.62066	0.03330	0.01582	0.00679	0.00219	0.00347	0.20257	0.00482	0.00437
28	0.02177	0.01142	0.01367	0.01048	0.01457	0.01145	0.00866	0.35717	0.01919	0.45026	0.01695	0.01539	0.01109	0.00636	0.00522	0.00159	0.00501	0.00499	0.00589	0.00886
29	0.01585	0.01517	0.13662	0.03263	0.08631	0.07834	0.15598	0.08985	0.09538	0.19239	0.01351	0.01425	0.00964	0.00569	0.00573	0.00165	0.03432	0.00497	0.00393	0.00780
30	0.01736	0.23889	0.01820	0.03053	0.01532	0.08305	0.00944	0.37017	0.05650	0.06258	0.01143	0.01187	0.00865	0.00575	0.00483	0.00144	0.01985	0.00413	0.02227	0.00776

[dist]
# distance from previous block
# <min> <max>
0	1

[block]
# block no. 1 follows, 47 sequences, length 47
# corresponding to MSA columns:
# 73-119
name=unknown_B
#
# <colnr> <probs for GDERKNQSTAVLIFYWHMCP>
#	G	D	E	R	K	N	Q	S	T	A	V	L	I	F	Y	W	H	M	C	P
0	0.31096	0.07086	0.14940	0.01098	0.03367	0.02699	0.03980	0.13890	0.01287	0.09880	0.01008	0.01098	0.00741	0.00527	0.00457	0.00156	0.02300	0.00378	0.00355	0.03658
1	0.05965	0.34884	0.19600	0.01097	0.01593	0.02845	0.01125	0.17959	0.04417	0.04583	0.00989	0.01064	0.00766	0.00516	0.00427	0.00141	0.00597	0.00366	0.00320	0.00746
2	0.00655	0.00489	0.00614	0.00698	0.00776	0.00448	0.00498	0.00779	0.01087	0.01411	0.07456	0.51892	0.21082	0.01509	0.00656	0.00203	0.00307	0.08517	0.00488	0.00436
3	0.01080	0.00926	0.01080	0.00771	0.01234	0.00694	0.00617	0.01311	0.01080	0.01697	0.00926	0.01080	0.00771	0.00386	0.00386	0.00077	0.00386	0.00309	0.00309	0.84882
4	0.01139	0.01139	0.01595	0.01367	0.01367	0.01595	0.01139	0.01253	0.00798	0.01253	0.00684	0.01139	0.00684	0.00911	0.01709	0.00228	0.80745	0.00456	0.00228	0.00570
5	0.00633	0.00458	0.00600	0.00713	0.00752	0.00424	0.00478	0.00726	0.01008	0.01334	0.03012	0.76851	0.07860	0.01613	0.00662	0.00209	0.00300	0.01458	0.00483	0.00424
6	0.00668	0.00470	0.00606	0.00701	0.00728	0.00447	0.00462	0.00745	0.00954	0.01271	0.02608	0.62119	0.03101	0.18451	0.01084	0.00274	0.00351	0.04109	0.00448	0.00403
7	0.00733	0.00514	0.00601	0.00592	0.00647	0.00492	0.00379	0.00820	0.01014	0.01368	0.23889	0.05649	0.11081	0.47999	0.01800	0.00365	0.00400	0.00865	0.00411	0.00382
8	0.00745	0.00553	0.00814	0.00814	0.00898	0.00638	0.00622	0.00915	0.00830	0.01192	0.01416	0.02164	0.01353	0.10664	0.72946	0.00808	0.01318	0.00575	0.00282	0.00452
9	0.85377	0.01007	0.00765	0.00685	0.01007	0.01168	0.00564	0.01531	0.00886	0.02336	0.00725	0.00846	0.00564	0.00483	0.00322	0.00161	0.00403	0.00282	0.00322	0.00564
10	0.01080	0.00926	0.01080	0.00771	0.01234	0.00694	0.00617	0.01311	0.01080	0.01697	0.00926	0.01080	0.00771	0.00386	0.00386	0.00077	0.00386	0.00309	0.00309	0.84882
11	0.01861	0.01341	0.01430	0.01101	0.01509	0.04207	0.00902	0.54643	0.02106	0.10768	0.01408	0.01394	0.03409	0.00617	0.00506	0.00147	0.00540	0.00470	0.00497	0.11142
12	0.85377	0.01007	0.00765	0.00685	0.01007	0.01168	0.00564	0.01531	0.00886	0.02336	0.00725	0.00846	0.00564	0.00483	0.00322	0.00161	0.00403	0.00282	0.00322	0.00564
13	0.02285	0.00969	0.01259	0.00966	0.01370	0.00887	0.00798	0.13196	0.01628	0.67958	0.01939	0.01697	0.01231	0.00642	0.00523	0.00160	0.00462	0.00516	0.00627	0.00886
14	0.85377	0.01007	0.00765	0.00685	0.01007	0.01168	0.00564	0.01531	0.00886	0.02336	0.00725	0.00846	0.00564	0.00483	0.00322	0.00161	0.00403	0.00282	0.00322	0.00564
15	0.01289	0.01237	0.02114	0.03196	0.78450	0.01237	0.01598	0.01598	0.01186	0.01701	0.00980	0.01289	0.00825	0.00464	0.00516	0.00155	0.00619	0.00464	0.00258	0.00825
16	0.01261	0.01209	0.02064	0.10130	0.71730	0.01230	0.01585	0.01574	0.01173	0.01668	0.00975	0.01298	0.00813	0.00469	0.00516	0.00156	0.00625	0.00464	0.00255	0.00803
17	0.01295	0.01119	0.01178	0.01060	0.01354	0.01295	0.00824	0.02767	0.77509	0.02178	0.02120	0.01943	0.01590	0.00707	0.00530	0.00177	0.00412	0.00589	0.00530	0.00824
18	0.00983	0.00926	0.01562	0.80447	0.03587	0.01157	0.01446	0.01331	0.01041	0.01331	0.00926	0.01388	0.00694	0.00521	0.00521	0.00174	0.00694	0.00463	0.00231	0.00579
19	0.00655	0.00529	0.00583	0.00570	0.00728	0.00457	0.00427	0.00825	0.01282	0.01631	0.29273	0.04643	0.54101	0.01235	0.00615	0.00172	0.00258	0.01047	0.00513	0.00457
20	0.01155	0.00875	0.01143	0.01074	0.01278	0.03423	0.05963	0.13329	0.03322	0.05890	0.02248	0.14242	0.02310	0.01163	0.00674	0.00209	0.02471	0.38175	0.00469	0.00589
21	0.02267	0.00893	0.01193	0.00919	0.01311	0.00788	0.00758	0.05430	0.01512	0.72682	0.02008	0.01759	0.01275	0.00642	0.00517	0.00159	0.00440	0.00520	0.04057	0.00870
22	0.00672	0.00483	0.00622	0.00722	0.00759	0.00464	0.00480	0.00806	0.03870	0.01330	0.02720	0.70653	0.03221	0.09505	0.00856	0.00239	0.00326	0.01375	0.00469	0.00428
23	0.00634	0.00453	0.00604	0.00725	0.00755	0.00423	0.00483	0.00725	0.00997	0.01329	0.02870	0.81358	0.03444	0.01632	0.00665	0.00211	0.00302	0.01480	0.00483	0.00423
24	0.08567	0.00998	0.01592	0.50728	0.19927	0.01175	0.01365	0.01393	0.01045	0.01496	0.00927	0.01330	0.00731	0.00628	0.03103	0.00192	0.03478	0.00450	0.00247	0.00628
25	0.07062	0.01604	0.28253	0.04408	0.01830	0.01070	0.05837	0.08668	0.01368	0.32646	0.01403	0.01396	0.00934	0.00563	0.00506	0.00163	0.00602	0.00458	0.00426	0.00802
26	0.00659	0.00479	0.00625	0.00721	0.00779	0.00445	0.00505	0.00779	0.01073	0.01423	0.09819	0.61530	0.10133	0.01537	0.00660	0.00206	0.00308	0.07392	0.00491	0.00435
27	0.00749	0.00537	0.00729	0.00729	0.00785	0.00593	0.00517	0.00861	0.00805	0.01129	0.01493	0.02591	0.01538	0.35022	0.48841	0.00704	0.01039	0.00638	0.00294	0.00405
28	0.85377	0.01007	0.00765	0.00685	0.01007	0.01168	0.00564	0.01531	0.00886	0.02336	0.00725	0.00846	0.00564	0.00483	0.00322	0.00161	0.00403	0.00282	0.00322	0.00564
29	0.01483	0.20025	0.01580	0.00951	0.01334	0.09472	0.00803	0.07021	0.03094	0.11968	0.01072	0.01159	0.00842	0.00516	0.00504	0.00122	0.05997	0.00366	0.02430	0.29261
30	0.65216	0.01197	0.00920	0.00813	0.01134	0.09355	0.00656	0.06471	0.06676	0.02275	0.00869	0.00962	0.00671	0.00514	0.00365	0.00159	0.00470	0.00322	0.00345	0.00608
31	0.01993	0.00847	0.01124	0.00890	0.01238	0.00761	0.00724	0.04390	0.04534	0.59599	0.15926	0.02151	0.01951	0.00723	0.00540	0.00162	0.00410	0.00601	0.00623	0.00812
32	0.01000	0.06496	0.35363	0.01138	0.01545	0.01010	0.01216	0.04971	0.01116	0.03424	0.01650	0.30197	0.01697	0.00940	0.00626	0.00182	0.05668	0.00787	0.00341	0.00634
33	0.01208	0.01155	0.01967	0.23703	0.58577	0.01216	0.01558	0.01527	0.01147	0.01603	0.00965	0.01315	0.00790	0.00479	0.00517	0.00160	0.00639	0.00464	0.00251	0.00759
34	0.00840	0.00673	0.00902	0.00855	0.01006	0.00674	0.05127	0.01277	0.15666	0.01802	0.30579	0.28256	0.05148	0.01161	0.00618	0.00185	0.00342	0.03833	0.00512	0.00543
35	0.01065	0.01011	0.01704	0.58691	0.22619	0.01189	0.01477	0.01397	0.01072	0.01423	0.00933	0.01357	0.00727	0.00516	0.00550	0.00170	0.02757	0.00463	0.00238	0.00641
36	0.00644	0.00460	0.00614	0.00730	0.00766	0.00430	0.00494	0.00743	0.01017	0.01358	0.05058	0.76844	0.03474	0.01609	0.00665	0.00211	0.00306	0.03665	0.00486	0.00427
37	0.01217	0.21174	0.53332	0.01331	0.01975	0.09373	0.01590	0.01672	0.01128	0.01512	0.00872	0.01022	0.00663	0.00488	0.00455	0.00149	0.00737	0.00355	0.00225	0.00729
38	0.01229	0.01190	0.01839	0.04718	0.19452	0.01447	0.08683	0.06912	0.01061	0.01549	0.00856	0.01239	0.00757	0.00798	0.03074	0.00213	0.43579	0.00477	0.00261	0.00663
39	0.01105	0.01050	0.01781	0.49740	0.33345	0.01189	0.01507	0.01437	0.01099	0.01478	0.00947	0.01349	0.00746	0.00498	0.00519	0.00166	0.00664	0.00463	0.00242	0.00676
40	0.01461	0.02831	0.14473	0.01150	0.01559	0.01339	0.01045	0.23059	0.37423	0.04906	0.04112	0.01646	0.01318	0.00653	0.00521	0.00167	0.00516	0.00525	0.00475	0.00821
41	0.00752	0.00506	0.00567	0.00567	0.00573	0.00503	0.00318	0.00757	0.00773	0.01024	0.01773	0.03466	0.04664	0.78781	0.02577	0.00493	0.00496	0.00770	0.00322	0.00320
42	0.01309	0.01271	0.05685	0.04124	0.57757	0.01228	0.01453	0.01824	0.13930	0.04457	0.01204	0.01407	0.00958	0.00513	0.00517	0.00159	0.00587	0.00483	0.00314	0.00820
43	0.01294	0.01059	0.01160	0.01036	0.01279	0.03888	0.00815	0.02286	0.49146	0.07823	0.10976	0.03339	0.01897	0.00791	0.00666	0.00180	0.08759	0.02365	0.00501	0.00741
44	0.01158	0.00975	0.02480	0.00810	0.01269	0.00749	0.00662	0.03190	0.03806	0.04828	0.01020	0.01142	0.00821	0.00415	0.00401	0.00087	0.00400	0.00332	0.00333	0.75121
45	0.07465	0.01387	0.01293	0.01107	0.01435	0.12294	0.00874	0.22252	0.40176	0.03763	0.01606	0.01539	0.01197	0.00644	0.00504	0.00164	0.00528	0.00499	0.00479	0.00793
46	0.08710	0.04223	0.01776	0.16686	0.18672	0.28701	0.08917	0.01708	0.01225	0.01507	0.00879	0.01141	0.00712	0.00509	0.00516	0.00154	0.02635	0.00412	0.00261	0.00655

[dist]
# distance from previous block
# <min> <max>
0	4

[block]
# block no. 2 follows, 47 sequences, length 44
# corresponding to MSA columns:
# 124-167
name=unknown_C
#
# <colnr> <probs for GDERKNQSTAVLIFYWHMCP>
#	G	D	E	R	K	N	Q	S	T	A	V	L	I	F	Y	W	H	M	C	P
0	0.01180	0.01046	0.01594	0.38154	0.22740	0.01184	0.01306	0.03262	0.16222	0.04087	0.01330	0.01574	0.02930	0.00569	0.00524	0.00168	0.00597	0.00506	0.00323	0.00705
1	0.01297	0.01212	0.04752	0.01973	0.33489	0.01205	0.03480	0.05861	0.27734	0.03585	0.04276	0.03034	0.01290	0.00601	0.00524	0.00162	0.00527	0.00540	0.00390	0.04069
2	0.00695	0.00528	0.00640	0.00617	0.00754	0.00473	0.00461	0.00900	0.01368	0.01848	0.52675	0.06629	0.28187	0.01163	0.00616	0.00169	0.00253	0.01008	0.00542	0.00473
3	0.01095	0.14304	0.67836	0.01397	0.02120	0.01334	0.01773	0.01636	0.01093	0.01587	0.00904	0.01061	0.00661	0.00488	0.00471	0.00157	0.00738	0.00369	0.00220	0.00755
4	0.00637	0.00515	0.00566	0.00581	0.00724	0.00444	0.00425	0.00778	0.01195	0.01492	0.15484	0.18464	0.54200	0.01338	0.00624	0.00180	0.00268	0.01144	0.00497	0.00444
5	0.01497	0.01521	0.01304	0.01165	0.01438	0.23630	0.00902	0.05348	0.48089	0.01905	0.01621	0.01579	0.01243	0.00668	0.00587	0.00167	0.05647	0.00504	0.00436	0.00748
6	0.01110	0.00884	0.01009	0.00979	0.01206	0.00970	0.00794	0.02012	0.42803	0.03961	0.02592	0.03552	0.08202	0.01009	0.00602	0.00198	0.00425	0.26505	0.00512	0.00675
7	0.00716	0.00541	0.00654	0.00643	0.00774	0.00493	0.00475	0.02749	0.01339	0.01800	0.43228	0.16478	0.25761	0.01217	0.00620	0.00175	0.00268	0.01061	0.00532	0.00475
8	0.05285	0.01054	0.01305	0.01022	0.01408	0.01047	0.03115	0.19072	0.11090	0.45142	0.01791	0.01634	0.01194	0.00634	0.00515	0.00161	0.00475	0.00512	0.02695	0.00850
9	0.01980	0.01459	0.01563	0.01198	0.01615	0.01615	0.00990	0.76713	0.02448	0.03282	0.01250	0.01250	0.00886	0.00625	0.00521	0.00156	0.00573	0.00469	0.00521	0.00886
10	0.01945	0.07281	0.01542	0.01266	0.01571	0.60658	0.00978	0.09491	0.01547	0.07672	0.00944	0.01030	0.00741	0.00548	0.00470	0.00137	0.00839	0.00360	0.00321	0.00658
11	0.00804	0.00585	0.00794	0.00775	0.00861	0.00649	0.00572	0.04388	0.00929	0.01306	0.05975	0.02462	0.01645	0.23254	0.51863	0.00682	0.01064	0.00627	0.00317	0.00448
12	0.01139	0.01139	0.01595	0.01367	0.01367	0.01595	0.01139	0.01253	0.00798	0.01253	0.00684	0.01139	0.00684	0.00911	0.01709	0.00228	0.80745	0.00456	0.00228	0.00570
13	0.00675	0.00600	0.00745	0.00677	0.00878	0.00516	0.06503	0.00838	0.01200	0.01453	0.07108	0.04713	0.67639	0.01244	0.00618	0.00177	0.00319	0.03165	0.00469	0.00463
14	0.01045	0.02694	0.79000	0.01484	0.02254	0.01209	0.01924	0.01649	0.01099	0.01649	0.00935	0.01099	0.00660	0.00495	0.00495	0.00165	0.00770	0.00385	0.00220	0.00770
15	0.00748	0.00546	0.00702	0.00787	0.00900	0.00519	0.00637	0.00932	0.01155	0.01504	0.05288	0.22004	0.19519	0.01412	0.00668	0.00213	0.00378	0.37880	0.03751	0.00459
16	0.01934	0.02161	0.01472	0.01287	0.01591	0.57636	0.00987	0.17391	0.05186	0.04090	0.00995	0.01075	0.00776	0.00566	0.00485	0.00141	0.00825	0.00380	0.00344	0.00680
17	0.01180	0.00922	0.01090	0.00784	0.01242	0.00700	0.00629	0.01409	0.01113	0.07865	0.01016	0.01135	0.00813	0.00406	0.00397	0.00084	0.00390	0.00326	0.00335	0.78163
18	0.30625	0.01258	0.01261	0.01000	0.01384	0.01394	0.00826	0.44982	0.01836	0.08999	0.01134	0.01153	0.00808	0.00578	0.00453	0.00158	0.00504	0.00409	0.00463	0.00775
19	0.01350	0.72469	0.11905	0.00962	0.01447	0.01958	0.01015	0.01570	0.01063	0.01276	0.00749	0.00867	0.00667	0.00451	0.00353	0.00118	0.00583	0.00291	0.00222	0.00680
20	0.01736	0.00780	0.01035	0.00838	0.01139	0.00699	0.00674	0.04959	0.01523	0.47653	0.29914	0.02527	0.02601	0.00798	0.00557	0.00162	0.00376	0.00675	0.00613	0.00742
21	0.85377	0.01007	0.00765	0.00685	0.01007	0.01168	0.00564	0.01531	0.00886	0.02336	0.00725	0.00846	0.00564	0.00483	0.00322	0.00161	0.00403	0.00282	0.00322	0.00564
22	0.01473	0.01507	0.01174	0.01063	0.01310	0.31282	0.00807	0.13162	0.13043	0.03129	0.02022	0.14409	0.11728	0.00856	0.00538	0.00162	0.00603	0.00681	0.00416	0.00635
23	0.10780	0.12482	0.01482	0.01094	0.01373	0.25500	0.03368	0.12333	0.01313	0.01670	0.00996	0.01247	0.00846	0.01350	0.19581	0.00311	0.02944	0.00407	0.00306	0.00617
24	0.01392	0.82012	0.02729	0.00891	0.01337	0.02061	0.00891	0.01559	0.01058	0.01225	0.00724	0.00835	0.00668	0.00446	0.00334	0.00111	0.00557	0.00278	0.00223	0.00668
25	0.00989	0.00925	0.01557	0.71528	0.07971	0.01135	0.01413	0.01325	0.01039	0.01346	0.00954	0.01417	0.00735	0.00698	0.04742	0.00208	0.00727	0.00468	0.00236	0.00587
26	0.00716	0.00500	0.00637	0.00672	0.00705	0.00506	0.00440	0.00792	0.00885	0.01204	0.06061	0.27422	0.02426	0.37901	0.16365	0.00458	0.00595	0.00955	0.00375	0.00386
27	0.00730	0.00532	0.00686	0.00648	0.00774	0.00488	0.00486	0.00969	0.01457	0.02048	0.73879	0.03956	0.09234	0.01080	0.00614	0.00165	0.00247	0.00951	0.00568	0.00488
28	0.00708	0.00531	0.00656	0.00624	0.00760	0.00479	0.00468	0.00926	0.01405	0.01924	0.60620	0.04160	0.22571	0.01126	0.00615	0.00167	0.00250	0.00980	0.00552	0.00479
29	0.05114	0.01386	0.02966	0.02125	0.02643	0.01310	0.73050	0.01662	0.01213	0.01699	0.01038	0.01379	0.00780	0.00441	0.00601	0.00175	0.00856	0.00599	0.00266	0.00696
30	0.01197	0.17706	0.54484	0.01336	0.01985	0.06005	0.01600	0.03463	0.04673	0.01609	0.00949	0.01082	0.00710	0.00501	0.00465	0.00153	0.00718	0.00373	0.00245	0.00746
31	0.00720	0.00529	0.00676	0.00653	0.00776	0.00484	0.00489	0.00944	0.01406	0.01953	0.63608	0.08749	0.12889	0.01137	0.00620	0.00170	0.00257	0.02902	0.00555	0.00481
32	0.00622	0.00503	0.00552	0.00592	0.00720	0.00434	0.00424	0.00740	0.01125	0.01382	0.04495	0.29777	0.53977	0.01420	0.00631	0.00187	0.00276	0.01223	0.00484	0.00434
33	0.01289	0.01237	0.02114	0.03196	0.78450	0.01237	0.01598	0.01598	0.01186	0.01701	0.00980	0.01289	0.00825	0.00464	0.00516	0.00155	0.00619	0.00464	0.00258	0.00825
34	0.01057	0.05442	0.76357	0.01464	0.02222	0.01239	0.01888	0.01646	0.01098	0.01635	0.00927	0.01090	0.00660	0.00493	0.00489	0.00163	0.00762	0.00381	0.00220	0.00766
35	0.00648	0.00538	0.00573	0.00591	0.00759	0.00463	0.00461	0.00796	0.01189	0.01429	0.04906	0.05138	0.67195	0.01336	0.00631	0.00185	0.00295	0.11937	0.00483	0.00445
36	0.02336	0.00886	0.01209	0.00927	0.01329	0.00765	0.00765	0.02538	0.01491	0.78810	0.02055	0.01773	0.01289	0.00645	0.00524	0.00161	0.00443	0.00524	0.00645	0.00886
37	0.03241	0.01271	0.02274	0.01687	0.02132	0.01245	0.42887	0.17700	0.01509	0.10875	0.01367	0.01832	0.01075	0.00599	0.00588	0.00176	0.00715	0.07704	0.00384	0.00738
38	0.03553	0.01357	0.01259	0.01095	0.01339	0.20302	0.00866	0.26077	0.01521	0.01934	0.01159	0.01450	0.00969	0.01807	0.29377	0.00402	0.04072	0.00464	0.00355	0.00643
39	0.12496	0.01065	0.01495	0.12106	0.19514	0.01256	0.01127	0.04435	0.04443	0.06592	0.01020	0.01321	0.00838	0.00901	0.07147	0.00234	0.22588	0.00454	0.00303	0.00665
40	0.01383	0.01371	0.01253	0.01088	0.01355	0.24200	0.04821	0.16008	0.01448	0.01767	0.01563	0.24871	0.01589	0.00864	0.00537	0.00157	0.00589	0.01883	0.00390	0.12864
41	0.01177	0.00645	0.00820	0.00754	0.00968	0.00561	0.00577	0.01337	0.01227	0.23936	0.07707	0.27184	0.18244	0.01135	0.00591	0.00177	0.00347	0.04769	0.00522	0.07324
42	0.03379	0.30540	0.01723	0.05948	0.01387	0.06381	0.00834	0.04412	0.04560	0.15237	0.01441	0.02937	0.05551	0.07640	0.00714	0.00178	0.05646	0.00479	0.00356	0.00656
43	0.01813	0.01131	0.01508	0.04406	0.03267	0.01163	0.08839	0.18646	0.20065	0.30872	0.01721	0.01635	0.01187	0.00625	0.00534	0.00166	0.00524	0.00533	0.00525	0.00838

[dist]
# distance from previous block
# <min> <max>
2	52

[block]
# block no. 3 follows, 47 sequences, length 63
# corresponding to MSA columns:
# 220-282
name=unknown_D
#
# <colnr> <probs for GDERKNQSTAVLIFYWHMCP>
#	G	D	E	R	K	N	Q	S	T	A	V	L	I	F	Y	W	H	M	C	P
0	0.12266	0.03198	0.06703	0.01063	0.01475	0.07550	0.07074	0.09113	0.07643	0.09505	0.03673	0.01310	0.00993	0.00530	0.00477	0.00137	0.01791	0.00420	0.00375	0.24701
1	0.00781	0.00573	0.00708	0.00687	0.00715	0.00626	0.00456	0.00833	0.00800	0.01091	0.01715	0.03041	0.05998	0.55336	0.16920	0.00524	0.07799	0.00712	0.00310	0.00373
2	0.01266	0.01208	0.02055	0.03092	0.75255	0.01207	0.01553	0.01573	0.01198	0.01717	0.04155	0.01396	0.00993	0.00489	0.00520	0.00155	0.00603	0.00484	0.00271	0.00811
3	0.00785	0.00588	0.00735	0.00688	0.00830	0.00565	0.00519	0.01142	0.08645	0.02070	0.68158	0.03750	0.07449	0.01041	0.00606	0.00165	0.00262	0.00915	0.00566	0.00521
4	0.00724	0.00527	0.00681	0.00652	0.00772	0.00484	0.00485	0.00953	0.01428	0.02002	0.69328	0.08689	0.09094	0.01114	0.00617	0.00167	0.00250	0.00984	0.00563	0.00484
5	0.00693	0.00505	0.00652	0.00670	0.00765	0.00464	0.00482	0.00877	0.01289	0.01777	0.46931	0.30808	0.09589	0.01279	0.00632	0.00181	0.00267	0.01140	0.00536	0.00464
6	0.00641	0.00463	0.00609	0.00722	0.00765	0.00431	0.00492	0.00740	0.01017	0.01343	0.03013	0.73740	0.07997	0.01605	0.00664	0.00210	0.00307	0.04332	0.00483	0.00426
7	0.01101	0.04336	0.01054	0.00949	0.01131	0.13711	0.00760	0.03236	0.11349	0.01767	0.25438	0.05960	0.02822	0.01010	0.00628	0.00182	0.02879	0.20656	0.00463	0.00567
8	0.07043	0.05841	0.65947	0.01443	0.02153	0.01248	0.06011	0.01638	0.01090	0.01681	0.00918	0.01088	0.00661	0.00489	0.00483	0.00163	0.00741	0.00386	0.00230	0.00747
9	0.00737	0.00532	0.00696	0.00655	0.00778	0.00491	0.00491	0.00983	0.01474	0.02088	0.78175	0.03890	0.04914	0.01065	0.00614	0.00164	0.00246	0.00942	0.00573	0.00491
10	0.01381	0.79405	0.05236	0.00911	0.01367	0.02033	0.00925	0.01562	0.01060	0.01239	0.00731	0.00844	0.00668	0.00447	0.00339	0.00113	0.00564	0.00282	0.00223	0.00672
11	0.01198	0.01154	0.01680	0.51614	0.11872	0.07005	0.05198	0.07720	0.04539	0.01585	0.01008	0.01357	0.00767	0.00528	0.00522	0.00167	0.00691	0.00467	0.00276	0.00651
12	0.00634	0.00453	0.00604	0.00725	0.00755	0.00423	0.00483	0.00725	0.00997	0.01329	0.02870	0.81358	0.03444	0.01632	0.00665	0.00211	0.00302	0.01480	0.00483	0.00423
13	0.01804	0.01372	0.01464	0.01163	0.01548	0.01533	0.00947	0.57763	0.21684	0.02999	0.01473	0.01428	0.01066	0.00646	0.00523	0.00162	0.00532	0.00500	0.00523	0.00870
14	0.01178	0.01124	0.01914	0.31188	0.51323	0.01208	0.01543	0.01501	0.01133	0.01567	0.00960	0.01325	0.00778	0.00485	0.00517	0.00162	0.00646	0.00464	0.00248	0.00736
15	0.02778	0.01670	0.05588	0.01765	0.02202	0.19749	0.41994	0.06621	0.01341	0.04111	0.01010	0.01256	0.00770	0.00503	0.00605	0.00163	0.04392	0.00507	0.00292	0.02682
16	0.02336	0.00886	0.01209	0.00927	0.01329	0.00765	0.00765	0.02538	0.01491	0.78810	0.02055	0.01773	0.01289	0.00645	0.00524	0.00161	0.00443	0.00524	0.00645	0.00886
17	0.01229	0.01405	0.03073	0.02195	0.02722	0.01317	0.76558	0.01668	0.01229	0.01668	0.01054	0.01405	0.00790	0.00439	0.00615	0.00176	0.00878	0.00615	0.00263	0.00702
18	0.01960	0.00966	0.01330	0.01065	0.01341	0.01027	0.00883	0.02133	0.01272	0.54389	0.01623	0.01573	0.01098	0.00729	0.00897	0.00182	0.25729	0.00502	0.00513	0.00787
19	0.27965	0.00924	0.01072	0.00852	0.01230	0.00890	0.00703	0.02227	0.01304	0.55209	0.01644	0.01487	0.01065	0.00595	0.00462	0.00161	0.00431	0.00449	0.00545	0.00787
20	0.00634	0.00453	0.00604	0.00725	0.00755	0.00423	0.00483	0.00725	0.00997	0.01329	0.02870	0.81358	0.03444	0.01632	0.00665	0.00211	0.00302	0.01480	0.00483	0.00423
21	0.00983	0.00926	0.01562	0.80447	0.03587	0.01157	0.01446	0.01331	0.01041	0.01331	0.00926	0.01388	0.00694	0.00521	0.00521	0.00174	0.00694	0.00463	0.00231	0.00579
22	0.00983	0.00926	0.01562	0.80447	0.03587	0.01157	0.01446	0.01331	0.01041	0.01331	0.00926	0.01388	0.00694	0.00521	0.00521	0.00174	0.00694	0.00463	0.00231	0.00579
23	0.01295	0.01119	0.01178	0.01060	0.01354	0.01295	0.00824	0.02767	0.77509	0.02178	0.02120	0.01943	0.01590	0.00707	0.00530	0.00177	0.00412	0.00589	0.00530	0.00824
24	0.00839	0.00599	0.00839	0.00959	0.01079	0.00599	0.00839	0.01079	0.01199	0.01558	0.02757	0.05874	0.02997	0.01439	0.00719	0.00240	0.00480	0.74945	0.00480	0.00480
25	0.01045	0.02694	0.79000	0.01484	0.02254	0.01209	0.01924	0.01649	0.01099	0.01649	0.00935	0.01099	0.00660	0.00495	0.00495	0.00165	0.00770	0.00385	0.00220	0.00770
26	0.01247	0.01189	0.02024	0.06790	0.71595	0.01199	0.01544	0.01549	0.01171	0.01668	0.01057	0.04665	0.00929	0.00516	0.00522	0.00158	0.00609	0.00507	0.00266	0.00796
27	0.00806	0.00588	0.00839	0.00825	0.00930	0.00676	0.00641	0.03909	0.00914	0.01330	0.01412	0.02035	0.01299	0.05088	0.70312	0.00761	0.01277	0.00554	0.05325	0.00480
28	0.01547	0.01146	0.01247	0.01066	0.01395	0.01280	0.00845	0.15223	0.54868	0.12413	0.01964	0.01804	0.01431	0.00685	0.00528	0.00171	0.00443	0.00560	0.00543	0.00843
29	0.16023	0.01116	0.01258	0.00995	0.01354	0.01180	0.00819	0.30366	0.01718	0.29220	0.05771	0.01508	0.01190	0.00647	0.00551	0.00163	0.04325	0.00483	0.00519	0.00794
30	0.01624	0.01199	0.01352	0.01099	0.01444	0.01313	0.02841	0.35602	0.27981	0.08713	0.09650	0.01809	0.01578	0.00696	0.00536	0.00165	0.00481	0.00568	0.00533	0.00819
31	0.00971	0.00485	0.00485	0.00485	0.00607	0.00485	0.00364	0.01213	0.01092	0.01942	0.01699	0.01942	0.01335	0.00607	0.00364	0.00121	0.00243	0.00485	0.84589	0.00485
32	0.00983	0.00926	0.01562	0.80447	0.03587	0.01157	0.01446	0.01331	0.01041	0.01331	0.00926	0.01388	0.00694	0.00521	0.00521	0.00174	0.00694	0.00463	0.00231	0.00579
33	0.00632	0.00463	0.00594	0.00700	0.00749	0.00425	0.00472	0.00728	0.01022	0.01339	0.03181	0.71481	0.13121	0.01591	0.00658	0.00207	0.00297	0.01431	0.00483	0.00425
34	0.00650	0.00529	0.00575	0.00564	0.00724	0.00454	0.00423	0.00814	0.01268	0.01599	0.25851	0.04695	0.57543	0.01247	0.00615	0.00172	0.00259	0.01055	0.00509	0.00454
35	0.00642	0.00459	0.00613	0.00734	0.00768	0.00430	0.00497	0.00739	0.01005	0.01338	0.02866	0.78405	0.03427	0.01624	0.00667	0.00213	0.00309	0.04355	0.00483	0.00425
36	0.00912	0.00515	0.00549	0.00544	0.00670	0.00504	0.00406	0.02885	0.01172	0.01902	0.11449	0.08294	0.08167	0.00797	0.00441	0.00138	0.00257	0.00665	0.59247	0.00487
37	0.06220	0.00567	0.00569	0.00540	0.00696	0.00576	0.00414	0.03772	0.01141	0.05350	0.01640	0.01845	0.01271	0.00601	0.00374	0.00127	0.00272	0.00474	0.73029	0.00521
38	0.01599	0.06551	0.10435	0.04675	0.01644	0.42641	0.01064	0.01971	0.10714	0.03290	0.01061	0.01186	0.00839	0.00572	0.00529	0.00148	0.04588	0.00394	0.05450	0.00650
39	0.01959	0.02064	0.01511	0.01283	0.01612	0.47777	0.01000	0.32539	0.01873	0.02094	0.00987	0.01066	0.00758	0.00573	0.00491	0.00143	0.00790	0.00390	0.00371	0.00719
40	0.01291	0.01041	0.01440	0.01054	0.01500	0.00895	0.12740	0.10281	0.01298	0.08194	0.01223	0.03197	0.02672	0.00494	0.00461	0.00114	0.00486	0.00440	0.00362	0.50819
41	0.08131	0.01425	0.01504	0.01160	0.01570	0.01582	0.00958	0.71168	0.02333	0.03212	0.01212	0.01220	0.00862	0.00615	0.00506	0.00157	0.00560	0.00455	0.00506	0.00862
42	0.01241	0.01189	0.02028	0.15237	0.66782	0.01225	0.01575	0.01557	0.01163	0.01644	0.00971	0.01304	0.00805	0.00473	0.00516	0.00158	0.00630	0.00464	0.00254	0.00786
43	0.00719	0.00527	0.00674	0.00646	0.00769	0.00482	0.00481	0.00945	0.01418	0.01977	0.66624	0.08390	0.12159	0.01122	0.00617	0.00168	0.00251	0.00988	0.00559	0.00482
44	0.00615	0.00528	0.00528	0.00528	0.00703	0.00440	0.00396	0.00747	0.01187	0.01407	0.05276	0.05012	0.78238	0.01319	0.00615	0.00176	0.00264	0.01099	0.00484	0.00440
45	0.05039	0.48449	0.21158	0.01027	0.01543	0.01642	0.01109	0.01668	0.01104	0.08978	0.00912	0.01000	0.00726	0.00477	0.00393	0.00130	0.00586	0.00330	0.00270	0.03458
46	0.01080	0.00926	0.01080	0.00771	0.01234	0.00694	0.00617	0.01311	0.01080	0.01697	0.00926	0.01080	0.00771	0.00386	0.00386	0.00077	0.00386	0.00309	0.00309	0.84882
47	0.00660	0.00485	0.00619	0.00679	0.00754	0.00444	0.00474	0.00800	0.01155	0.01551	0.24087	0.49397	0.14114	0.01431	0.00644	0.00193	0.00281	0.01279	0.00508	0.00444
48	0.01015	0.00958	0.01620	0.72369	0.11414	0.01165	0.01462	0.01359	0.01056	0.01369	0.00931	0.01378	0.00708	0.00515	0.00520	0.00172	0.00686	0.00463	0.00234	0.00604
49	0.01980	0.01459	0.01563	0.01198	0.01615	0.01615	0.00990	0.76713	0.02448	0.03282	0.01250	0.01250	0.00886	0.00625	0.00521	0.00156	0.00573	0.00469	0.00521	0.00886
50	0.00983	0.00926	0.01562	0.80447	0.03587	0.01157	0.01446	0.01331	0.01041	0.01331	0.00926	0.01388	0.00694	0.00521	0.00521	0.00174	0.00694	0.00463	0.00231	0.00579
51	0.00971	0.00485	0.00485	0.00485	0.00607	0.00485	0.00364	0.01213	0.01092	0.01942	0.01699	0.01942	0.01335	0.00607	0.00364	0.00121	0.00243	0.00485	0.84589	0.00485
52	0.00634	0.00453	0.00604	0.00725	0.00755	0.00423	0.00483	0.00725	0.00997	0.01329	0.02870	0.81358	0.03444	0.01632	0.00665	0.00211	0.00302	0.01480	0.00483	0.00423
53	0.71556	0.00986	0.00803	0.00706	0.01021	0.01123	0.00579	0.05244	0.01004	0.05574	0.00879	0.00986	0.00667	0.00506	0.00344	0.00158	0.00401	0.00316	0.06561	0.00588
54	0.00653	0.00527	0.00581	0.00579	0.00733	0.00456	0.00434	0.00815	0.01254	0.01583	0.23971	0.07956	0.54426	0.01269	0.00620	0.00176	0.00266	0.02743	0.00507	0.00453
55	0.00983	0.00926	0.01562	0.80447	0.03587	0.01157	0.01446	0.01331	0.01041	0.01331	0.00926	0.01388	0.00694	0.00521	0.00521	0.00174	0.00694	0.00463	0.00231	0.00579
56	0.00694	0.00527	0.00639	0.00618	0.00754	0.00472	0.00461	0.00898	0.01363	0.01841	0.52023	0.07609	0.27862	0.01169	0.00617	0.00170	0.00254	0.01015	0.00541	0.00472
57	0.36743	0.00991	0.01060	0.00886	0.03082	0.01000	0.00704	0.07455	0.01262	0.32032	0.01306	0.01269	0.00896	0.00547	0.00426	0.00152	0.00435	0.00397	0.00459	0.08898
58	0.02312	0.00925	0.01233	0.00945	0.01349	0.00823	0.00781	0.07565	0.01555	0.73692	0.02000	0.01737	0.01262	0.00643	0.00524	0.00161	0.00452	0.00520	0.00636	0.00886
59	0.01080	0.00926	0.01080	0.00771	0.01234	0.00694	0.00617	0.01311	0.01080	0.01697	0.00926	0.01080	0.00771	0.00386	0.00386	0.00077	0.00386	0.00309	0.00309	0.84882
60	0.01554	0.01200	0.01283	0.01082	0.01415	0.01351	0.00862	0.26688	0.47511	0.05925	0.01822	0.01711	0.01340	0.00674	0.00522	0.00168	0.00461	0.00544	0.03052	0.00837
61	0.01083	0.04648	0.18542	0.01229	0.02851	0.03462	0.04283	0.01517	0.11039	0.01583	0.08127	0.05037	0.05968	0.02033	0.00895	0.00186	0.23222	0.00577	0.00329	0.03389
62	0.01367	0.42259	0.15010	0.01015	0.01463	0.06669	0.01015	0.05174	0.01181	0.06072	0.01073	0.08130	0.00968	0.00582	0.00423	0.00134	0.00578	0.00433	0.00293	0.06162

[dist]
# distance from previous block
# <min> <max>
0	6

[block]
# block no. 4 follows, 47 sequences, length 9
# corresponding to MSA columns:
# 289-297
name=unknown_E
#
# <colnr> <probs for GDERKNQSTAVLIFYWHMCP>
#	G	D	E	R	K	N	Q	S	T	A	V	L	I	F	Y	W	H	M	C	P
0	0.03138	0.04963	0.07186	0.03418	0.24403	0.05689	0.16682	0.01612	0.06671	0.03092	0.01554	0.01848	0.08835	0.00635	0.00606	0.00168	0.05205	0.03282	0.00313	0.00700
1	0.16781	0.05250	0.06575	0.01440	0.15068	0.07637	0.03593	0.17711	0.07371	0.06208	0.02953	0.01449	0.04593	0.00590	0.00479	0.00157	0.00561	0.00466	0.00381	0.00735
2	0.00869	0.00723	0.00790	0.00736	0.00889	0.05869	0.00555	0.01228	0.09236	0.02011	0.61759	0.03547	0.07768	0.01005	0.00596	0.00164	0.00310	0.00873	0.00544	0.00530
3	0.07851	0.00803	0.00920	0.00760	0.01041	0.00790	0.00612	0.11713	0.01406	0.31013	0.01701	0.01706	0.01201	0.00614	0.00442	0.00144	0.00373	0.00483	0.35732	0.00695
4	0.01398	0.03791	0.07680	0.14075	0.13389	0.06034	0.09024	0.12925	0.03027	0.10024	0.04809	0.01743	0.05416	0.00620	0.00529	0.00162	0.00611	0.01833	0.02195	0.00716
5	0.01282	0.01271	0.02038	0.13483	0.61312	0.05623	0.04243	0.01592	0.01184	0.01626	0.00965	0.01287	0.00797	0.00475	0.00517	0.00157	0.00656	0.00462	0.00255	0.00775
6	0.01045	0.02694	0.79000	0.01484	0.02254	0.01209	0.01924	0.01649	0.01099	0.01649	0.00935	0.01099	0.00660	0.00495	0.00495	0.00165	0.00770	0.00385	0.00220	0.00770
7	0.29360	0.05279	0.03700	0.10335	0.03729	0.16359	0.00941	0.19005	0.03323	0.02139	0.00933	0.01067	0.00715	0.00534	0.00436	0.00154	0.00603	0.00372	0.00343	0.00672
8	0.00751	0.00505	0.00623	0.00655	0.00740	0.00467	0.00454	0.00880	0.01114	0.04337	0.18438	0.36600	0.14034	0.12091	0.00891	0.00229	0.00314	0.01126	0.05306	0.00446

[dist]
# distance from previous block
# <min> <max>
0	1

[block]
# block no. 5 follows, 47 sequences, length 31
# corresponding to MSA columns:
# 299-329
name=unknown_F
#
# <colnr> <probs for GDERKNQSTAVLIFYWHMCP>
#	G	D	E	R	K	N	Q	S	T	A	V	L	I	F	Y	W	H	M	C	P
0	0.07292	0.09547	0.10703	0.01137	0.03460	0.05265	0.05559	0.04677	0.23274	0.03374	0.09303	0.01730	0.01461	0.00626	0.00491	0.00154	0.00519	0.02236	0.00394	0.08800
1	0.00686	0.00493	0.00650	0.00709	0.00773	0.00487	0.00498	0.00812	0.01006	0.01376	0.09519	0.43587	0.08403	0.07729	0.17661	0.00356	0.00540	0.01122	0.03158	0.00434
2	0.01131	0.00861	0.00950	0.00740	0.01083	0.02882	0.00584	0.05638	0.01221	0.03866	0.08566	0.01569	0.01314	0.00526	0.00416	0.00104	0.00368	0.00425	0.19445	0.48313
3	0.01694	0.20204	0.03861	0.01050	0.04080	0.07323	0.03293	0.01912	0.01280	0.30460	0.03525	0.01370	0.01052	0.00536	0.00454	0.00132	0.00522	0.00420	0.00413	0.16418
4	0.01367	0.01662	0.31389	0.01265	0.06564	0.01018	0.01242	0.06014	0.04445	0.15730	0.01205	0.01272	0.00866	0.00507	0.00475	0.00140	0.00571	0.00408	0.00353	0.23509
5	0.00711	0.00557	0.00851	0.00849	0.00938	0.00522	0.07784	0.00851	0.01069	0.01444	0.12397	0.59740	0.03302	0.05444	0.00753	0.00217	0.00360	0.01291	0.00466	0.00453
6	0.18928	0.00856	0.01021	0.00845	0.01170	0.00823	0.00680	0.02057	0.05445	0.46017	0.07423	0.09392	0.01629	0.00741	0.00503	0.00167	0.00405	0.00600	0.00552	0.00744
7	0.01384	0.00987	0.05621	0.02495	0.07291	0.02150	0.10148	0.03561	0.01337	0.24940	0.09392	0.04893	0.13859	0.00850	0.00579	0.00175	0.00497	0.08685	0.00474	0.00679
8	0.04395	0.02736	0.13619	0.23927	0.11807	0.06944	0.09934	0.07279	0.02446	0.02950	0.01305	0.01536	0.06409	0.00576	0.00539	0.00165	0.01962	0.00499	0.00295	0.00678
9	0.00652	0.00516	0.00546	0.00558	0.00708	0.00444	0.00411	0.00795	0.01177	0.01483	0.09743	0.14081	0.58391	0.01288	0.00603	0.00175	0.00266	0.01090	0.06630	0.00444
10	0.02186	0.00974	0.01248	0.00963	0.01354	0.00909	0.00793	0.16255	0.01668	0.60745	0.05888	0.01786	0.01404	0.00663	0.00528	0.00160	0.00457	0.00535	0.00618	0.00865
11	0.01132	0.02247	0.04626	0.22030	0.21595	0.03698	0.10294	0.03608	0.03143	0.02601	0.02453	0.08159	0.05281	0.00694	0.00585	0.00173	0.02854	0.03854	0.00313	0.00659
12	0.07557	0.01316	0.14937	0.02944	0.22303	0.01051	0.05808	0.04753	0.03436	0.18411	0.03186	0.07788	0.01245	0.00649	0.00525	0.00167	0.00564	0.02217	0.00387	0.00754
13	0.01868	0.01351	0.01444	0.01119	0.01503	0.01490	0.00921	0.68357	0.02298	0.03134	0.01300	0.01327	0.00935	0.00623	0.00504	0.00152	0.00536	0.00471	0.09825	0.00841
14	0.11220	0.11349	0.24083	0.01385	0.08694	0.07320	0.01258	0.12030	0.06841	0.01881	0.00985	0.01130	0.00767	0.00561	0.00578	0.00161	0.08329	0.00397	0.00304	0.00727
15	0.00983	0.00926	0.01562	0.80447	0.03587	0.01157	0.01446	0.01331	0.01041	0.01331	0.00926	0.01388	0.00694	0.00521	0.00521	0.00174	0.00694	0.00463	0.00231	0.00579
16	0.01945	0.02482	0.01476	0.01342	0.01610	0.79608	0.01006	0.02079	0.01476	0.01275	0.00805	0.00939	0.00671	0.00537	0.00470	0.00134	0.00939	0.00335	0.00268	0.00604
17	0.00655	0.00468	0.00627	0.00738	0.00780	0.00440	0.00510	0.00765	0.01038	0.01388	0.07057	0.71532	0.03494	0.01586	0.00666	0.00211	0.00312	0.06814	0.00488	0.00431
18	0.00983	0.00926	0.01562	0.80447	0.03587	0.01157	0.01446	0.01331	0.01041	0.01331	0.00926	0.01388	0.00694	0.00521	0.00521	0.00174	0.00694	0.00463	0.00231	0.00579
19	0.01001	0.00943	0.01593	0.76071	0.07827	0.01162	0.01455	0.01346	0.01049	0.01352	0.00929	0.01383	0.00702	0.00517	0.00520	0.00172	0.00690	0.00463	0.00233	0.00592
20	0.04928	0.00890	0.01195	0.00919	0.01319	0.00778	0.00759	0.02506	0.01472	0.76424	0.02013	0.01744	0.01266	0.00640	0.00517	0.00161	0.00442	0.00516	0.00634	0.00876
21	0.00668	0.00493	0.00630	0.00708	0.00786	0.00455	0.00509	0.00803	0.01116	0.01471	0.13514	0.49634	0.16157	0.01480	0.00656	0.00202	0.00308	0.09474	0.00495	0.00441
22	0.00634	0.00453	0.00604	0.00725	0.00755	0.00423	0.00483	0.00725	0.00997	0.01329	0.02870	0.81358	0.03444	0.01632	0.00665	0.00211	0.00302	0.01480	0.00483	0.00423
23	0.00950	0.00645	0.00879	0.00952	0.01093	0.00649	0.00816	0.04783	0.01247	0.05260	0.02598	0.09240	0.02764	0.01480	0.04148	0.00257	0.00513	0.60732	0.00481	0.00515
24	0.00639	0.00460	0.00607	0.00722	0.00761	0.00428	0.00488	0.00735	0.01010	0.01338	0.02972	0.76240	0.06668	0.01613	0.00664	0.00211	0.00305	0.03232	0.00483	0.00425
25	0.01045	0.02694	0.79000	0.01484	0.02254	0.01209	0.01924	0.01649	0.01099	0.01649	0.00935	0.01099	0.00660	0.00495	0.00495	0.00165	0.00770	0.00385	0.00220	0.00770
26	0.01905	0.01104	0.04436	0.01025	0.01409	0.01056	0.00859	0.11419	0.26125	0.41902	0.01934	0.01738	0.01312	0.00656	0.00524	0.00166	0.00462	0.00532	0.00575	0.00861
27	0.01437	0.00736	0.00841	0.00717	0.00941	0.00735	0.00565	0.14196	0.01378	0.19053	0.01644	0.01762	0.01218	0.00706	0.00548	0.06322	0.00358	0.00489	0.45734	0.00622
28	0.01098	0.01029	0.01598	0.38660	0.18547	0.01231	0.01315	0.01538	0.10757	0.01499	0.01077	0.01434	0.00864	0.00756	0.04590	0.00211	0.12382	0.00483	0.00277	0.00655
29	0.00820	0.00585	0.00742	0.00706	0.00846	0.00559	0.00536	0.01144	0.07114	0.04221	0.60512	0.07863	0.06957	0.01081	0.00613	0.00171	0.00278	0.04173	0.00560	0.00522
30	0.01337	0.01374	0.04016	0.01899	0.04303	0.04184	0.53422	0.04369	0.04676	0.06764	0.01198	0.01523	0.00913	0.00500	0.00582	0.00168	0.00775	0.02551	0.00316	0.05126

[dist]
# distance from previous block
# <min> <max>
5	10

[block]
# block no. 6 follows, 47 sequences, length 52
# corresponding to MSA columns:
# 343-394
name=unknown_G
#
# <colnr> <probs for GDERKNQSTAVLIFYWHMCP>
#	G	D	E	R	K	N	Q	S	T	A	V	L	I	F	Y	W	H	M	C	P
0	0.01520	0.04155	0.10678	0.01299	0.12645	0.00992	0.01004	0.07586	0.01306	0.22162	0.01246	0.01301	0.00906	0.00509	0.00488	0.00131	0.02059	0.00411	0.00391	0.29207
1	0.10015	0.28475	0.11883	0.01107	0.01538	0.13908	0.03576	0.08520	0.08005	0.06907	0.01035	0.01104	0.00804	0.00522	0.00431	0.00142	0.00621	0.00374	0.00323	0.00710
2	0.01248	0.01345	0.02477	0.01837	0.02274	0.06537	0.54158	0.03346	0.06953	0.01738	0.04643	0.01763	0.01157	0.00553	0.00592	0.00173	0.00769	0.04310	0.03445	0.00680
3	0.04188	0.05444	0.11414	0.05438	0.05118	0.01007	0.14408	0.01499	0.03655	0.05433	0.04492	0.01728	0.03733	0.00720	0.04122	0.00176	0.00603	0.04000	0.00326	0.22496
4	0.00762	0.00562	0.00652	0.00611	0.00787	0.00486	0.00462	0.00945	0.01303	0.05111	0.33332	0.06121	0.40700	0.01153	0.00601	0.00167	0.00271	0.00984	0.00517	0.04473
5	0.01195	0.03757	0.12879	0.01662	0.05302	0.01152	0.36197	0.01571	0.01156	0.03520	0.01001	0.01254	0.00773	0.00456	0.00562	0.00147	0.03595	0.00478	0.00276	0.23067
6	0.00931	0.00741	0.01070	0.08422	0.10449	0.00757	0.02657	0.03034	0.06359	0.03796	0.06624	0.39727	0.02466	0.01139	0.00628	0.00189	0.02224	0.04666	0.00430	0.03691
7	0.01168	0.00882	0.01031	0.00848	0.01198	0.00791	0.00684	0.01647	0.16424	0.07194	0.01569	0.02072	0.01341	0.00640	0.00472	0.00130	0.00399	0.11457	0.06267	0.43786
8	0.01563	0.55795	0.10443	0.00961	0.01432	0.01686	0.00972	0.01784	0.01158	0.18337	0.01039	0.01069	0.00804	0.00495	0.00393	0.00128	0.00554	0.00344	0.00315	0.00727
