[name]
unknown

[dist]
# distance from previous block
# <min> <max>
0	63

[block]
# block no. 0 follows, 45 sequences, length 36
# corresponding to MSA columns:
# 252-287
name=unknown_A
#
# <colnr> <probs for GDERKNQSTAVLIFYWHMCP>
#	G	D	E	R	K	N	Q	S	T	A	V	L	I	F	Y	W	H	M	C	P
0	0.26984	0.01363	0.01364	0.01076	0.01476	0.01526	0.00888	0.53601	0.02039	0.03090	0.01126	0.01163	0.00813	0.00600	0.00475	0.00163	0.00538	0.00425	0.00475	0.00813
1	0.01174	0.01174	0.01644	0.01409	0.01409	0.01644	0.01174	0.01292	0.00822	0.01292	0.00705	0.01174	0.00705	0.00940	0.01762	0.00235	0.80153	0.00470	0.00235	0.00587
2	0.01014	0.00954	0.01610	0.79845	0.03697	0.01193	0.01491	0.01371	0.01073	0.01371	0.00954	0.01431	0.00716	0.00537	0.00537	0.00179	0.00716	0.00477	0.00239	0.00596
3	0.01329	0.01275	0.02179	0.03295	0.77787	0.01275	0.01647	0.01647	0.01222	0.01754	0.01010	0.01329	0.00850	0.00478	0.00531	0.00159	0.00638	0.00478	0.00266	0.00850
4	0.00779	0.00525	0.00608	0.00608	0.00616	0.00533	0.00354	0.00795	0.00787	0.01058	0.01670	0.03397	0.01901	0.74767	0.09031	0.00549	0.00596	0.00764	0.00322	0.00338
5	0.01077	0.02777	0.78354	0.01530	0.02323	0.01247	0.01983	0.01700	0.01133	0.01700	0.00963	0.01133	0.00680	0.00510	0.00510	0.00170	0.00793	0.00397	0.00227	0.00793
6	0.02292	0.00879	0.01184	0.00917	0.01309	0.00765	0.00755	0.02503	0.01502	0.71869	0.02087	0.01841	0.01333	0.00661	0.00526	0.00163	0.00440	0.00537	0.07556	0.00879
7	0.01113	0.00954	0.01113	0.00795	0.01272	0.00716	0.00636	0.01352	0.01113	0.01749	0.00954	0.01113	0.00795	0.00398	0.00398	0.00080	0.00398	0.00318	0.00318	0.84417
8	0.01014	0.00954	0.01610	0.79845	0.03697	0.01193	0.01491	0.01371	0.01073	0.01371	0.00954	0.01431	0.00716	0.00537	0.00537	0.00179	0.00716	0.00477	0.00239	0.00596
9	0.01209	0.01198	0.01605	0.03848	0.07089	0.05195	0.01162	0.01358	0.00912	0.01374	0.00807	0.01236	0.00757	0.00855	0.01486	0.00216	0.63089	0.00467	0.05535	0.00603
10	0.84927	0.01038	0.00789	0.00706	0.01038	0.01204	0.00581	0.01578	0.00914	0.02408	0.00747	0.00872	0.00581	0.00498	0.00332	0.00166	0.00415	0.00291	0.00332	0.00581
11	0.01766	0.01811	0.01586	0.01344	0.01586	0.31425	0.01073	0.25094	0.01626	0.01957	0.00936	0.01131	0.00765	0.00698	0.00885	0.00175	0.24665	0.00426	0.00346	0.00703
12	0.00678	0.00488	0.00648	0.00767	0.00816	0.00458	0.00538	0.00792	0.01061	0.01402	0.03050	0.68702	0.06627	0.01644	0.00690	0.00220	0.00331	0.10146	0.00498	0.00444
13	0.84927	0.01038	0.00789	0.00706	0.01038	0.01204	0.00581	0.01578	0.00914	0.02408	0.00747	0.00872	0.00581	0.00498	0.00332	0.00166	0.00415	0.00291	0.00332	0.00581
14	0.00781	0.00520	0.00585	0.00585	0.00585	0.00520	0.00325	0.00781	0.00781	0.01041	0.01691	0.03513	0.01952	0.81135	0.02732	0.00520	0.00520	0.00781	0.00325	0.00325
15	0.00654	0.00467	0.00623	0.00747	0.00779	0.00436	0.00498	0.00747	0.01028	0.01370	0.02959	0.80785	0.03550	0.01682	0.00685	0.00218	0.00311	0.01526	0.00498	0.00436
16	0.01113	0.00954	0.01113	0.00795	0.01272	0.00716	0.00636	0.01352	0.01113	0.01749	0.00954	0.01113	0.00795	0.00398	0.00398	0.00080	0.00398	0.00318	0.00318	0.84417
17	0.01266	0.01212	0.02066	0.18455	0.63113	0.01259	0.01616	0.01593	0.01193	0.01678	0.00999	0.01349	0.00824	0.00490	0.00532	0.00163	0.00653	0.00478	0.00260	0.00800
18	0.01329	0.01275	0.02179	0.03295	0.77787	0.01275	0.01647	0.01647	0.01222	0.01754	0.01010	0.01329	0.00850	0.00478	0.00531	0.00159	0.00638	0.00478	0.00266	0.00850
19	0.01014	0.00954	0.01610	0.79845	0.03697	0.01193	0.01491	0.01371	0.01073	0.01371	0.00954	0.01431	0.00716	0.00537	0.00537	0.00179	0.00716	0.00477	0.00239	0.00596
20	0.01333	0.01112	0.01169	0.01049	0.01342	0.01278	0.00817	0.05337	0.67908	0.02266	0.02117	0.01977	0.01591	0.00717	0.00532	0.00177	0.00416	0.00594	0.07447	0.00823
21	0.01261	0.01191	0.01963	0.13392	0.58537	0.01238	0.01517	0.01676	0.07438	0.01728	0.01173	0.04389	0.00999	0.00552	0.00539	0.00166	0.00618	0.00528	0.00294	0.00800
22	0.01187	0.01174	0.01704	0.01680	0.12959	0.01562	0.01233	0.01337	0.00884	0.01361	0.00770	0.01223	0.00744	0.00952	0.03631	0.00240	0.66021	0.00474	0.00241	0.00624
23	0.01169	0.01156	0.01600	0.01359	0.01398	0.01567	0.01130	0.01297	0.00846	0.01330	0.00725	0.01169	0.00712	0.00895	0.01649	0.00222	0.73566	0.00457	0.00242	0.07510
24	0.01195	0.01035	0.01611	0.54944	0.05774	0.01240	0.03146	0.08471	0.04065	0.04531	0.01089	0.01499	0.00836	0.03001	0.00676	0.00190	0.05252	0.00497	0.00299	0.00651
25	0.84927	0.01038	0.00789	0.00706	0.01038	0.01204	0.00581	0.01578	0.00914	0.02408	0.00747	0.00872	0.00581	0.00498	0.00332	0.00166	0.00415	0.00291	0.00332	0.00581
26	0.01073	0.01024	0.01674	0.58880	0.10881	0.01277	0.01454	0.01386	0.01046	0.01397	0.00918	0.01378	0.00727	0.00598	0.00741	0.00186	0.14022	0.00476	0.00241	0.00621
27	0.00691	0.00546	0.00623	0.00604	0.00760	0.00477	0.00453	0.00881	0.01358	0.01769	0.38177	0.04641	0.44631	0.01240	0.00634	0.00176	0.00263	0.01059	0.00540	0.00477
28	0.01026	0.00966	0.01632	0.76924	0.06524	0.01196	0.01497	0.01382	0.01079	0.01386	0.00956	0.01427	0.00721	0.00534	0.00536	0.00178	0.00713	0.00477	0.00240	0.00606
29	0.01737	0.01366	0.01849	0.02159	0.36393	0.01437	0.01293	0.37883	0.01874	0.06897	0.01209	0.01338	0.00908	0.00570	0.00535	0.00161	0.00605	0.00484	0.00420	0.00884
30	0.00781	0.00520	0.00585	0.00585	0.00585	0.00520	0.00325	0.00781	0.00781	0.01041	0.01691	0.03513	0.01952	0.81135	0.02732	0.00520	0.00520	0.00781	0.00325	0.00325
31	0.01113	0.00954	0.01113	0.00795	0.01272	0.00716	0.00636	0.01352	0.01113	0.01749	0.00954	0.01113	0.00795	0.00398	0.00398	0.00080	0.00398	0.00318	0.00318	0.84417
32	0.01143	0.01086	0.01844	0.48393	0.34138	0.01227	0.01555	0.01485	0.01135	0.01529	0.00977	0.01389	0.00771	0.00513	0.00535	0.00171	0.00684	0.00478	0.00250	0.00701
33	0.01435	0.81458	0.02813	0.00918	0.01378	0.02124	0.00918	0.01607	0.01091	0.01263	0.00746	0.00861	0.00689	0.00459	0.00344	0.00115	0.00574	0.00287	0.00230	0.00689
34	0.01484	0.74700	0.02702	0.00958	0.01402	0.08707	0.00929	0.01653	0.01128	0.01267	0.00753	0.00870	0.00689	0.00467	0.00356	0.00117	0.00608	0.00292	0.00234	0.00683
35	0.02086	0.04791	0.01339	0.09175	0.01592	0.00913	0.00856	0.05125	0.01478	0.57346	0.03368	0.01740	0.01275	0.00638	0.00523	0.00161	0.00483	0.00518	0.02597	0.03996

[dist]
# distance from previous block
# <min> <max>
0	1

[block]
# block no. 1 follows, 45 sequences, length 102
# corresponding to MSA columns:
# 289-390
name=unknown_B
#
# <colnr> <probs for GDERKNQSTAVLIFYWHMCP>
#	G	D	E	R	K	N	Q	S	T	A	V	L	I	F	Y	W	H	M	C	P
0	0.04068	0.01421	0.01502	0.01180	0.01586	0.03912	0.00965	0.55402	0.11482	0.10756	0.01455	0.01411	0.01029	0.00650	0.00532	0.00164	0.00564	0.00495	0.00538	0.00888
1	0.01341	0.03354	0.06223	0.02885	0.63896	0.01231	0.01545	0.01664	0.01245	0.05539	0.05071	0.01471	0.01082	0.00521	0.00531	0.00160	0.00615	0.00498	0.00299	0.00828
2	0.01781	0.04141	0.05218	0.01134	0.06813	0.00890	0.03073	0.02033	0.01334	0.39360	0.01527	0.01481	0.01053	0.00544	0.00488	0.00137	0.00485	0.00451	0.00476	0.27581
3	0.01090	0.00829	0.00934	0.00732	0.01084	0.00700	0.00575	0.01440	0.07459	0.01874	0.03161	0.01516	0.01138	0.00508	0.00409	0.00103	0.00354	0.00411	0.24619	0.51065
4	0.01181	0.01188	0.01719	0.01483	0.03000	0.01625	0.04347	0.01317	0.00849	0.01319	0.00727	0.01189	0.00712	0.00910	0.01689	0.00231	0.75200	0.00477	0.00237	0.00598
5	0.00658	0.00469	0.00622	0.00742	0.00772	0.00439	0.00492	0.00749	0.01019	0.01359	0.02914	0.78052	0.03494	0.04491	0.00758	0.00229	0.00319	0.01500	0.00492	0.00432
6	0.01335	0.01153	0.01214	0.01092	0.01396	0.01335	0.00850	0.02852	0.76817	0.02245	0.02185	0.02003	0.01639	0.00728	0.00546	0.00182	0.00425	0.00607	0.00546	0.00850
7	0.02408	0.00914	0.01246	0.00955	0.01370	0.00789	0.00789	0.02616	0.01536	0.78158	0.02118	0.01827	0.01329	0.00664	0.00540	0.00166	0.00457	0.00540	0.00664	0.00914
8	0.00781	0.00520	0.00585	0.00585	0.00585	0.00520	0.00325	0.00781	0.00781	0.01041	0.01691	0.03513	0.01952	0.81135	0.02732	0.00520	0.00520	0.00781	0.00325	0.00325
9	0.00872	0.00653	0.00947	0.11182	0.01421	0.00681	0.00917	0.01129	0.01223	0.01596	0.06396	0.07660	0.02896	0.01347	0.00708	0.00233	0.00505	0.58661	0.00466	0.00506
10	0.64092	0.01007	0.00904	0.00769	0.01122	0.01099	0.00634	0.01840	0.01071	0.21534	0.01093	0.01113	0.00770	0.00540	0.00385	0.00166	0.00426	0.00354	0.00416	0.00665
11	0.00781	0.00587	0.00852	0.00845	0.00926	0.00682	0.00643	0.00946	0.00851	0.01222	0.01447	0.02256	0.01399	0.13616	0.67041	0.00800	0.03754	0.00598	0.00291	0.00463
12	0.01329	0.01275	0.02179	0.03295	0.77787	0.01275	0.01647	0.01647	0.01222	0.01754	0.01010	0.01329	0.00850	0.00478	0.00531	0.00159	0.00638	0.00478	0.00266	0.00850
13	0.02408	0.00914	0.01246	0.00955	0.01370	0.00789	0.00789	0.02616	0.01536	0.78158	0.02118	0.01827	0.01329	0.00664	0.00540	0.00166	0.00457	0.00540	0.00664	0.00914
14	0.84927	0.01038	0.00789	0.00706	0.01038	0.01204	0.00581	0.01578	0.00914	0.02408	0.00747	0.00872	0.00581	0.00498	0.00332	0.00166	0.00415	0.00291	0.00332	0.00581
15	0.00865	0.00618	0.00865	0.00989	0.01112	0.00618	0.00865	0.01112	0.01236	0.01606	0.02842	0.06055	0.03089	0.01483	0.00741	0.00247	0.00494	0.74174	0.00494	0.00494
16	0.01335	0.01153	0.01214	0.01092	0.01396	0.01335	0.00850	0.02852	0.76817	0.02245	0.02185	0.02003	0.01639	0.00728	0.00546	0.00182	0.00425	0.00607	0.00546	0.00850
17	0.01174	0.01174	0.01644	0.01409	0.01409	0.01644	0.01174	0.01292	0.00822	0.01292	0.00705	0.01174	0.00705	0.00940	0.01762	0.00235	0.80153	0.00470	0.00235	0.00587
18	0.00689	0.00546	0.00620	0.00602	0.00759	0.00477	0.00451	0.00877	0.01353	0.01759	0.37078	0.04658	0.45736	0.01244	0.00634	0.00176	0.00264	0.01062	0.00539	0.00477
19	0.00858	0.00585	0.00761	0.00733	0.00869	0.00551	0.00555	0.01138	0.04325	0.05809	0.57500	0.12943	0.04448	0.01154	0.00638	0.00180	0.00292	0.05555	0.00576	0.00531
20	0.01014	0.00954	0.01610	0.79845	0.03697	0.01193	0.01491	0.01371	0.01073	0.01371	0.00954	0.01431	0.00716	0.00537	0.00537	0.00179	0.00716	0.00477	0.00239	0.00596
21	0.15360	0.13660	0.41861	0.01236	0.01833	0.01385	0.01417	0.05687	0.07504	0.03847	0.01044	0.01148	0.00774	0.00530	0.00461	0.00162	0.00648	0.00389	0.00299	0.00757
22	0.00760	0.00548	0.00720	0.00694	0.00816	0.00509	0.00523	0.01006	0.01484	0.02091	0.70561	0.07592	0.04902	0.01142	0.00641	0.00175	0.00267	0.04485	0.00582	0.00503
23	0.01408	0.69229	0.12174	0.01009	0.01504	0.04389	0.01055	0.01635	0.01109	0.01319	0.00776	0.00898	0.00688	0.00468	0.00369	0.00122	0.00614	0.00302	0.00231	0.00700
24	0.01034	0.00982	0.01680	0.74521	0.06503	0.01201	0.03793	0.01393	0.01085	0.01397	0.00960	0.01428	0.00724	0.00532	0.00539	0.00178	0.00718	0.00482	0.00241	0.00610
25	0.01113	0.00954	0.01113	0.00795	0.01272	0.00716	0.00636	0.01352	0.01113	0.01749	0.00954	0.01113	0.00795	0.00398	0.00398	0.00080	0.00398	0.00318	0.00318	0.84417
26	0.84927	0.01038	0.00789	0.00706	0.01038	0.01204	0.00581	0.01578	0.00914	0.02408	0.00747	0.00872	0.00581	0.00498	0.00332	0.00166	0.00415	0.00291	0.00332	0.00581
27	0.02123	0.01371	0.01529	0.01172	0.01598	0.01468	0.00968	0.59504	0.02302	0.20189	0.01475	0.01410	0.01006	0.00649	0.00538	0.00162	0.00561	0.00496	0.00566	0.00913
28	0.01188	0.01131	0.01773	0.06658	0.53676	0.04056	0.01354	0.01457	0.01202	0.01652	0.03258	0.14276	0.04546	0.00728	0.00561	0.00170	0.00578	0.00680	0.00319	0.00737
29	0.00857	0.00572	0.00752	0.00766	0.00897	0.00532	0.00595	0.01067	0.01340	0.06631	0.36022	0.18928	0.09987	0.01288	0.00661	0.00197	0.00333	0.17514	0.00549	0.00512
30	0.01174	0.01174	0.01644	0.01409	0.01409	0.01644	0.01174	0.01292	0.00822	0.01292	0.00705	0.01174	0.00705	0.00940	0.01762	0.00235	0.80153	0.00470	0.00235	0.00587
31	0.01329	0.01275	0.02179	0.03295	0.77787	0.01275	0.01647	0.01647	0.01222	0.01754	0.01010	0.01329	0.00850	0.00478	0.00531	0.00159	0.00638	0.00478	0.00266	0.00850
32	0.01293	0.01250	0.02165	0.11143	0.66742	0.01271	0.04999	0.01622	0.01209	0.01713	0.01007	0.01345	0.00835	0.00483	0.00537	0.00162	0.00658	0.00485	0.00263	0.00818
33	0.01095	0.06908	0.74388	0.01498	0.02274	0.01293	0.01927	0.01695	0.01131	0.01677	0.00952	0.01119	0.00680	0.00507	0.00501	0.00167	0.00782	0.00391	0.00227	0.00788
34	0.00858	0.00590	0.00705	0.00657	0.00832	0.00528	0.00500	0.01093	0.03196	0.07981	0.42147	0.04229	0.32373	0.01154	0.00624	0.00174	0.00281	0.00989	0.00560	0.00527
35	0.00756	0.00546	0.00714	0.00678	0.00801	0.00504	0.00506	0.01003	0.01501	0.02123	0.74653	0.06946	0.05007	0.01120	0.00635	0.00171	0.00255	0.00992	0.00587	0.00504
36	0.01157	0.20460	0.61376	0.01393	0.02111	0.01444	0.01744	0.01679	0.01124	0.01602	0.00915	0.01072	0.00682	0.00499	0.00473	0.00158	0.00744	0.00372	0.00227	0.00770
37	0.02199	0.00933	0.01233	0.00937	0.01362	0.00797	0.00770	0.04072	0.01493	0.64622	0.01919	0.01704	0.01237	0.00623	0.00518	0.00153	0.00451	0.00504	0.00608	0.13866
38	0.00760	0.00549	0.00718	0.00675	0.00802	0.00506	0.00506	0.01013	0.01519	0.02153	0.77503	0.04010	0.05065	0.01097	0.00633	0.00169	0.00253	0.00971	0.00591	0.00506
39	0.01650	0.01309	0.01391	0.01156	0.01516	0.01482	0.00926	0.35467	0.43691	0.02753	0.01785	0.01684	0.01315	0.00691	0.00542	0.00173	0.00499	0.00552	0.00542	0.00878
40	0.00638	0.00544	0.00549	0.00548	0.00727	0.00455	0.00411	0.00777	0.01232	0.01470	0.07479	0.05133	0.75515	0.01352	0.00634	0.00181	0.00271	0.01128	0.00501	0.00455
41	0.00697	0.00510	0.00655	0.00694	0.00783	0.00468	0.00492	0.00863	0.01259	0.01713	0.35077	0.39756	0.12251	0.01397	0.00657	0.00193	0.00282	0.01246	0.00538	0.00468
42	0.01077	0.02777	0.78354	0.01530	0.02323	0.01247	0.01983	0.01700	0.01133	0.01700	0.00963	0.01133	0.00680	0.00510	0.00510	0.00170	0.00793	0.00397	0.00227	0.00793
43	0.01493	0.01098	0.01199	0.01055	0.01371	0.01227	0.00827	0.02771	0.62979	0.14080	0.02162	0.01975	0.01583	0.00715	0.00540	0.00178	0.00425	0.00593	0.02878	0.00850
44	0.01113	0.00954	0.01113	0.00795	0.01272	0.00716	0.00636	0.01352	0.01113	0.01749	0.00954	0.01113	0.00795	0.00398	0.00398	0.00080	0.00398	0.00318	0.00318	0.84417
45	0.01142	0.00971	0.01128	0.00809	0.01284	0.00745	0.00648	0.03643	0.01156	0.01799	0.00964	0.01118	0.00799	0.00405	0.00402	0.00082	0.00403	0.00323	0.00325	0.81854
46	0.00823	0.00594	0.00813	0.00928	0.01044	0.00584	0.00788	0.01044	0.01209	0.01566	0.03034	0.15269	0.08235	0.01499	0.00727	0.00239	0.00456	0.60167	0.00495	0.00484
47	0.00770	0.00566	0.00723	0.00681	0.00815	0.00528	0.00511	0.01054	0.03667	0.02120	0.71747	0.04010	0.08583	0.01100	0.00631	0.00170	0.00259	0.00968	0.00585	0.00514
48	0.03975	0.00567	0.00715	0.00673	0.00809	0.00532	0.00507	0.01028	0.01488	0.02143	0.72573	0.03922	0.06900	0.01082	0.00622	0.00169	0.00260	0.00949	0.00578	0.00508
49	0.00740	0.00548	0.00691	0.00655	0.00790	0.00498	0.00491	0.00976	0.01474	0.02044	0.66380	0.04188	0.16256	0.01138	0.00633	0.00171	0.00256	0.00996	0.00577	0.00498
50	0.84927	0.01038	0.00789	0.00706	0.01038	0.01204	0.00581	0.01578	0.00914	0.02408	0.00747	0.00872	0.00581	0.00498	0.00332	0.00166	0.00415	0.00291	0.00332	0.00581
51	0.00727	0.00541	0.00677	0.00657	0.00786	0.00491	0.00487	0.00945	0.01423	0.01955	0.57768	0.10729	0.18438	0.01196	0.00638	0.00175	0.00262	0.01048	0.00566	0.00491
52	0.00760	0.00549	0.00718	0.00675	0.00802	0.00506	0.00506	0.01013	0.01519	0.02153	0.77503	0.04010	0.05065	0.01097	0.00633	0.00169	0.00253	0.00971	0.00591	0.00506
53	0.84927	0.01038	0.00789	0.00706	0.01038	0.01204	0.00581	0.01578	0.00914	0.02408	0.00747	0.00872	0.00581	0.00498	0.00332	0.00166	0.00415	0.00291	0.00332	0.00581
54	0.00767	0.00575	0.00863	0.00863	0.00959	0.00671	0.00671	0.00959	0.00863	0.01246	0.01438	0.02109	0.01342	0.04026	0.79008	0.00863	0.01438	0.00575	0.00288	0.00479
55	0.00706	0.00513	0.00666	0.00699	0.00787	0.00473	0.00497	0.00883	0.01288	0.01771	0.40808	0.37683	0.08490	0.01368	0.00656	0.00191	0.00280	0.01223	0.00545	0.00473
56	0.01118	0.02719	0.75987	0.01512	0.02294	0.01233	0.01947	0.01728	0.01146	0.04047	0.00999	0.01155	0.00700	0.00515	0.00511	0.00170	0.00783	0.00401	0.00240	0.00797
57	0.01335	0.01153	0.01214	0.01092	0.01396	0.01335	0.00850	0.02852	0.76817	0.02245	0.02185	0.02003	0.01639	0.00728	0.00546	0.00182	0.00425	0.00607	0.00546	0.00850
58	0.01113	0.00954	0.01113	0.00795	0.01272	0.00716	0.00636	0.01352	0.01113	0.01749	0.00954	0.01113	0.00795	0.00398	0.00398	0.00080	0.00398	0.00318	0.00318	0.84417
59	0.01108	0.01041	0.01750	0.64175	0.07145	0.01246	0.06743	0.05474	0.01167	0.01523	0.00978	0.01413	0.00740	0.00544	0.00576	0.00179	0.02818	0.00488	0.00258	0.00635
60	0.84927	0.01038	0.00789	0.00706	0.01038	0.01204	0.00581	0.01578	0.00914	0.02408	0.00747	0.00872	0.00581	0.00498	0.00332	0.00166	0.00415	0.00291	0.00332	0.00581
61	0.00654	0.00467	0.00623	0.00747	0.00779	0.00436	0.00498	0.00747	0.01028	0.01370	0.02959	0.80785	0.03550	0.01682	0.00685	0.00218	0.00311	0.01526	0.00498	0.00436
62	0.01014	0.00954	0.01610	0.79845	0.03697	0.01193	0.01491	0.01371	0.01073	0.01371	0.00954	0.01431	0.00716	0.00537	0.00537	0.00179	0.00716	0.00477	0.00239	0.00596
63	0.01497	0.01233	0.01305	0.01125	0.01457	0.01411	0.00889	0.19621	0.59785	0.02506	0.01979	0.01839	0.01472	0.00709	0.00544	0.00177	0.00463	0.00579	0.00544	0.00864
64	0.00665	0.00482	0.00652	0.03106	0.00866	0.00459	0.00528	0.00766	0.01029	0.01370	0.02899	0.78419	0.03466	0.01648	0.00681	0.00217	0.00323	0.01495	0.00491	0.00441
65	0.01442	0.01144	0.01228	0.01085	0.01401	0.01300	0.00850	0.04933	0.68599	0.08414	0.02154	0.01968	0.01593	0.00721	0.00545	0.00180	0.00432	0.00598	0.00555	0.00857
66	0.01351	0.01161	0.01223	0.01096	0.01402	0.01343	0.00854	0.04539	0.75104	0.02272	0.02164	0.01986	0.01622	0.00726	0.00546	0.00182	0.00429	0.00604	0.00546	0.00851
67	0.00760	0.00549	0.00718	0.00675	0.00802	0.00506	0.00506	0.01013	0.01519	0.02153	0.77503	0.04010	0.05065	0.01097	0.00633	0.00169	0.00253	0.00971	0.00591	0.00506
68	0.00856	0.00493	0.00642	0.00642	0.00642	0.00493	0.00395	0.00740	0.00740	0.00987	0.01314	0.02578	0.01445	0.41731	0.02417	0.42207	0.00493	0.00624	0.00279	0.00279
69	0.02377	0.00921	0.01245	0.00959	0.01371	0.00805	0.00791	0.02623	0.03751	0.75925	0.02120	0.01832	0.01338	0.00666	0.00540	0.00167	0.00456	0.00542	0.00661	0.00912
70	0.05440	0.02323	0.57534	0.01477	0.02174	0.01193	0.08267	0.01818	0.01188	0.11983	0.01118	0.01241	0.00774	0.00525	0.00516	0.00170	0.00739	0.00431	0.00295	0.00793
71	0.01177	0.01123	0.01558	0.01327	0.01362	0.01510	0.02896	0.05166	0.00918	0.01383	0.00858	0.01455	0.00861	0.10097	0.01781	0.00262	0.64915	0.00510	0.00262	0.00578
72	0.00664	0.00474	0.00634	0.00758	0.00794	0.00444	0.00515	0.00764	0.01037	0.01381	0.02953	0.77392	0.03529	0.01673	0.00688	0.00219	0.00320	0.04824	0.00498	0.00439
73	0.02012	0.05153	0.01664	0.01224	0.01652	0.03174	0.01016	0.71198	0.02439	0.03247	0.01255	0.01263	0.00898	0.00634	0.00527	0.00159	0.00597	0.00472	0.00518	0.00897
74	0.01135	0.13895	0.65333	0.01430	0.02161	0.01374	0.01798	0.01721	0.03384	0.01654	0.00969	0.01121	0.00710	0.00509	0.00488	0.00163	0.00751	0.00387	0.00237	0.00780
75	0.01186	0.05909	0.67713	0.01476	0.02220	0.01324	0.01845	0.08970	0.01268	0.01847	0.00986	0.01137	0.00703	0.00521	0.00506	0.00167	0.00764	0.00401	0.00257	0.00801
76	0.00861	0.00549	0.00674	0.00640	0.00761	0.00515	0.00467	0.01072	0.01335	0.04847	0.47311	0.04956	0.06688	0.11389	0.00857	0.00208	0.00297	0.00864	0.15217	0.00494
77	0.01237	0.01194	0.02070	0.24807	0.52977	0.01256	0.05499	0.01573	0.01183	0.01644	0.00998	0.01364	0.00810	0.00493	0.00538	0.00166	0.00674	0.00486	0.00258	0.00772
78	0.01014	0.00954	0.01610	0.79845	0.03697	0.01193	0.01491	0.01371	0.01073	0.01371	0.00954	0.01431	0.00716	0.00537	0.00537	0.00179	0.00716	0.00477	0.00239	0.00596
79	0.01014	0.00954	0.01610	0.79845	0.03697	0.01193	0.01491	0.01371	0.01073	0.01371	0.00954	0.01431	0.00716	0.00537	0.00537	0.00179	0.00716	0.00477	0.00239	0.00596
80	0.00844	0.00530	0.00600	0.00597	0.00624	0.00527	0.00358	0.00883	0.00849	0.02937	0.01743	0.03391	0.01911	0.68260	0.02369	0.00462	0.00489	0.02998	0.09264	0.00363
81	0.00767	0.00575	0.00863	0.00863	0.00959	0.00671	0.00671	0.00959	0.00863	0.01246	0.01438	0.02109	0.01342	0.04026	0.79008	0.00863	0.01438	0.00575	0.00288	0.00479
82	0.01329	0.01275	0.02179	0.03295	0.77787	0.01275	0.01647	0.01647	0.01222	0.01754	0.01010	0.01329	0.00850	0.00478	0.00531	0.00159	0.00638	0.00478	0.00266	0.00850
83	0.01929	0.02416	0.01511	0.01369	0.01633	0.71059	0.01034	0.02138	0.05440	0.01362	0.00895	0.01033	0.00742	0.00582	0.00551	0.00145	0.04875	0.00366	0.00289	0.00632
84	0.00932	0.00466	0.00699	0.00699	0.00699	0.00466	0.00466	0.00699	0.00699	0.00932	0.00932	0.01632	0.00932	0.01865	0.02098	0.84382	0.00466	0.00466	0.00233	0.00233
85	0.00790	0.00602	0.00878	0.00866	0.00948	0.00708	0.00666	0.00960	0.00853	0.01230	0.01423	0.02189	0.01365	0.10971	0.67921	0.00798	0.05486	0.00589	0.00288	0.00471
86	0.01439	0.01517	0.01991	0.05307	0.46518	0.16880	0.05305	0.01774	0.05007	0.01640	0.01011	0.01288	0.00840	0.00541	0.00620	0.00164	0.06645	0.00466	0.00279	0.00769
87	0.02026	0.01456	0.01568	0.01205	0.01626	0.01602	0.00995	0.71351	0.02451	0.06068	0.01331	0.01327	0.00940	0.00645	0.00533	0.00160	0.00577	0.00486	0.02751	0.00902
88	0.01329	0.01275	0.02179	0.03295	0.77787	0.01275	0.01647	0.01647	0.01222	0.01754	0.01010	0.01329	0.00850	0.00478	0.00531	0.00159	0.00638	0.00478	0.00266	0.00850
89	0.01171	0.01128	0.01930	0.38923	0.35749	0.01260	0.04917	0.01503	0.01134	0.01549	0.00971	0.01374	0.00778	0.00529	0.00603	0.00173	0.04861	0.00484	0.00252	0.00712
90	0.01329	0.01275	0.02179	0.03295	0.77787	0.01275	0.01647	0.01647	0.01222	0.01754	0.01010	0.01329	0.00850	0.00478	0.00531	0.00159	0.00638	0.00478	0.00266	0.00850
91	0.02408	0.00914	0.01246	0.00955	0.01370	0.00789	0.00789	0.02616	0.01536	0.78158	0.02118	0.01827	0.01329	0.00664	0.00540	0.00166	0.00457	0.00540	0.00664	0.00914
92	0.00788	0.00539	0.00653	0.00668	0.00694	0.00551	0.00432	0.00842	0.00843	0.01132	0.01790	0.03622	0.02003	0.62022	0.12387	0.00533	0.00636	0.09160	0.00340	0.00365
93	0.01372	0.01171	0.01235	0.01100	0.01410	0.01352	0.00859	0.06693	0.72916	0.02305	0.02138	0.01965	0.01600	0.00724	0.00546	0.00181	0.00434	0.00600	0.00546	0.00853
94	0.01289	0.01235	0.02107	0.12937	0.68454	0.01265	0.01628	0.01613	0.01204	0.01706	0.01003	0.01341	0.00833	0.00486	0.00532	0.00162	0.00648	0.00478	0.00262	0.00818
95	0.00767	0.00575	0.00863	0.00863	0.00959	0.00671	0.00671	0.00959	0.00863	0.01246	0.01438	0.02109	0.01342	0.04026	0.79008	0.00863	0.01438	0.00575	0.00288	0.00479
96	0.02380	0.00959	0.01274	0.00977	0.01393	0.00856	0.00807	0.08244	0.01612	0.72424	0.02054	0.01786	0.01297	0.00663	0.00540	0.00166	0.00467	0.00535	0.00655	0.00913
97	0.01446	0.01207	0.02016	0.02838	0.61840	0.01192	0.03445	0.01777	0.03153	0.11536	0.01240	0.03750	0.01010	0.00543	0.00540	0.00163	0.00607	0.00524	0.00331	0.00843
98	0.01359	0.01334	0.02149	0.03208	0.74331	0.04803	0.01620	0.01670	0.01236	0.01734	0.01002	0.01312	0.00843	0.00482	0.00529	0.00158	0.00653	0.00472	0.00266	0.00840
99	0.00783	0.00575	0.00834	0.00834	0.00914	0.00661	0.00633	0.00941	0.00864	0.01244	0.01503	0.05761	0.01468	0.10261	0.62997	0.03169	0.03179	0.00628	0.02289	0.00460
100	0.01595	0.01477	0.15556	0.01511	0.02014	0.01179	0.25152	0.04288	0.15371	0.23805	0.01570	0.01599	0.01094	0.00580	0.00566	0.00174	0.00659	0.00555	0.00435	0.00819
101	0.16046	0.07811	0.20473	0.01301	0.07691	0.04951	0.01158	0.02103	0.24853	0.06460	0.01357	0.01388	0.01016	0.00581	0.00480	0.00166	0.00570	0.00448	0.00377	0.00769

[dist]
# distance from previous block
# <min> <max>
1	6

[block]
# block no. 2 follows, 45 sequences, length 27
# corresponding to MSA columns:
# 397-423
name=unknown_C
#
# <colnr> <probs for GDERKNQSTAVLIFYWHMCP>
#	G	D	E	R	K	N	Q	S	T	A	V	L	I	F	Y	W	H	M	C	P
0	0.08822	0.38047	0.37325	0.01180	0.01781	0.01638	0.01377	0.01647	0.01094	0.01567	0.00846	0.00987	0.00675	0.00486	0.00419	0.00145	0.00660	0.00338	0.00238	0.00727
1	0.00675	0.00545	0.00587	0.00596	0.00748	0.00475	0.00444	0.00814	0.01201	0.01476	0.10390	0.07226	0.57536	0.08573	0.00833	0.00217	0.00310	0.06415	0.00490	0.00448
2	0.01260	0.16357	0.58180	0.01371	0.02072	0.01359	0.01689	0.01767	0.01162	0.08539	0.01030	0.01148	0.00740	0.00515	0.00484	0.00160	0.00725	0.00390	0.00267	0.00786
3	0.01795	0.09061	0.01674	0.08893	0.10771	0.39118	0.01101	0.02041	0.04240	0.12833	0.01095	0.01216	0.00843	0.00566	0.00523	0.00151	0.02630	0.00410	0.00334	0.00704
4	0.01151	0.02593	0.68352	0.01641	0.07776	0.01273	0.01903	0.06012	0.01221	0.01802	0.00986	0.01157	0.00706	0.00515	0.00513	0.00169	0.00770	0.00408	0.00248	0.00804
5	0.00649	0.00487	0.00603	0.00696	0.00765	0.00440	0.00475	0.00753	0.01078	0.01391	0.03591	0.61509	0.22418	0.01600	0.00672	0.00209	0.00301	0.01426	0.00498	0.00440
6	0.06249	0.09161	0.19838	0.01453	0.07274	0.36849	0.01253	0.01988	0.08147	0.01578	0.00985	0.01112	0.00780	0.00542	0.00479	0.00151	0.00788	0.00383	0.00287	0.00704
7	0.01022	0.00954	0.01600	0.69675	0.08920	0.01159	0.01445	0.01371	0.01110	0.01445	0.05405	0.01573	0.00978	0.00565	0.00542	0.00177	0.00683	0.00506	0.00261	0.00610
8	0.00693	0.00563	0.00626	0.00657	0.00824	0.00495	0.00524	0.00857	0.01227	0.01490	0.04777	0.05392	0.58616	0.01391	0.00662	0.00198	0.00328	0.19720	0.00497	0.00464
9	0.01336	0.01231	0.04241	0.05974	0.62112	0.01184	0.01513	0.01653	0.01255	0.06636	0.06643	0.01554	0.01177	0.00538	0.00539	0.00162	0.00606	0.00516	0.00313	0.00817
10	0.01315	0.07087	0.02139	0.07264	0.55159	0.01344	0.05632	0.01768	0.09699	0.01749	0.01124	0.01383	0.00917	0.00507	0.00525	0.00161	0.00629	0.00487	0.00293	0.00817
11	0.00835	0.05301	0.00966	0.00841	0.00931	0.00786	0.00642	0.00979	0.00855	0.01205	0.01405	0.02283	0.01396	0.20511	0.52694	0.00703	0.06316	0.00597	0.00289	0.00465
12	0.01177	0.00552	0.00594	0.00557	0.00719	0.00536	0.00427	0.01422	0.01177	0.11540	0.01797	0.01979	0.01370	0.00630	0.00396	0.00130	0.00276	0.00505	0.73663	0.00552
13	0.01524	0.01413	0.02335	0.01799	0.05249	0.01448	0.37670	0.25301	0.13347	0.02326	0.01317	0.01479	0.00974	0.00557	0.00585	0.00174	0.00721	0.00576	0.00397	0.00808
14	0.00863	0.00642	0.00798	0.00736	0.00890	0.00628	0.00558	0.04188	0.08370	0.02210	0.67633	0.03719	0.04588	0.01046	0.00621	0.00170	0.00282	0.00918	0.00585	0.00554
15	0.00728	0.00547	0.00673	0.00642	0.00782	0.00493	0.00481	0.00951	0.01444	0.01974	0.59165	0.04304	0.23515	0.01164	0.00633	0.00172	0.00258	0.01012	0.00567	0.00493
16	0.01014	0.00954	0.01610	0.79845	0.03697	0.01193	0.01491	0.01371	0.01073	0.01371	0.00954	0.01431	0.00716	0.00537	0.00537	0.00179	0.00716	0.00477	0.00239	0.00596
17	0.00756	0.00546	0.00714	0.00678	0.00801	0.00504	0.00506	0.01003	0.01501	0.02123	0.74682	0.06916	0.05008	0.01120	0.00635	0.00171	0.00255	0.00992	0.00587	0.00504
18	0.00641	0.00519	0.00570	0.00610	0.00743	0.00448	0.00437	0.00763	0.01159	0.01424	0.04626	0.29925	0.53333	0.01465	0.00651	0.00193	0.00285	0.01262	0.00498	0.00448
19	0.02328	0.00932	0.01243	0.00965	0.01372	0.00830	0.00794	0.02634	0.07207	0.72441	0.02123	0.01840	0.01352	0.00669	0.00540	0.00167	0.00454	0.00545	0.00655	0.00909
20	0.01174	0.01174	0.01644	0.01409	0.01409	0.01644	0.01174	0.01292	0.00822	0.01292	0.00705	0.01174	0.00705	0.00940	0.01762	0.00235	0.80153	0.00470	0.00235	0.00587
21	0.01397	0.04165	0.01306	0.01098	0.01417	0.01392	0.00866	0.08875	0.67840	0.02303	0.02057	0.01901	0.01543	0.00711	0.00538	0.00178	0.00444	0.00585	0.00534	0.00849
22	0.01267	0.01448	0.03167	0.02262	0.02805	0.01357	0.75837	0.01719	0.01267	0.01719	0.01086	0.01448	0.00814	0.00452	0.00633	0.00181	0.00905	0.00633	0.00271	0.00724
23	0.00734	0.00562	0.00678	0.00639	0.00795	0.00498	0.00480	0.00950	0.01412	0.01918	0.52106	0.04264	0.27598	0.01153	0.00625	0.00169	0.00264	0.00997	0.00552	0.03606
24	0.09943	0.01172	0.01857	0.29488	0.31627	0.01280	0.06824	0.08274	0.01259	0.01833	0.00994	0.01322	0.00778	0.00514	0.00521	0.00169	0.00657	0.00470	0.00288	0.00730
25	0.01219	0.01145	0.01927	0.02883	0.65331	0.01140	0.01462	0.01502	0.01191	0.01692	0.01325	0.14180	0.01287	0.00673	0.00556	0.00169	0.00585	0.00648	0.00303	0.00783
26	0.00707	0.00510	0.00652	0.00691	0.00779	0.00469	0.00490	0.00876	0.01257	0.01727	0.34811	0.39130	0.10828	0.01375	0.00650	0.00191	0.00281	0.01226	0.02879	0.00469

[dist]
# distance from previous block
# <min> <max>
0	1

[block]
# block no. 3 follows, 45 sequences, length 17
# corresponding to MSA columns:
# 425-441
name=unknown_D
#
# <colnr> <probs for GDERKNQSTAVLIFYWHMCP>
#	G	D	E	R	K	N	Q	S	T	A	V	L	I	F	Y	W	H	M	C	P
0	0.08661	0.01563	0.01905	0.02481	0.46483	0.19957	0.03773	0.01744	0.01248	0.01679	0.00930	0.01198	0.00780	0.00521	0.00571	0.00160	0.04881	0.00435	0.00273	0.00755
1	0.00653	0.00473	0.00617	0.00732	0.00775	0.00437	0.00492	0.00749	0.01042	0.01376	0.03141	0.75225	0.08992	0.01658	0.00681	0.00215	0.00309	0.01497	0.00498	0.00437
2	0.07183	0.00960	0.01550	0.74027	0.03502	0.01193	0.01424	0.01387	0.01062	0.01448	0.00939	0.01390	0.00706	0.00534	0.00522	0.00178	0.00693	0.00463	0.00245	0.00595
3	0.01086	0.01168	0.02377	0.01759	0.02180	0.01085	0.52480	0.01450	0.01264	0.01678	0.06216	0.04772	0.15842	0.00733	0.00639	0.00184	0.00717	0.03378	0.00347	0.00644
4	0.01310	0.01265	0.02187	0.07274	0.71003	0.01274	0.04503	0.01636	0.01216	0.01732	0.01010	0.01339	0.00842	0.00480	0.00536	0.00161	0.00652	0.00484	0.00265	0.00832
5	0.01329	0.01275	0.02179	0.03295	0.77787	0.01275	0.01647	0.01647	0.01222	0.01754	0.01010	0.01329	0.00850	0.00478	0.00531	0.00159	0.00638	0.00478	0.00266	0.00850
6	0.02408	0.00914	0.01246	0.00955	0.01370	0.00789	0.00789	0.02616	0.01536	0.78158	0.02118	0.01827	0.01329	0.00664	0.00540	0.00166	0.00457	0.00540	0.00664	0.00914
7	0.01174	0.01174	0.01644	0.01409	0.01409	0.01644	0.01174	0.01292	0.00822	0.01292	0.00705	0.01174	0.00705	0.00940	0.01762	0.00235	0.80153	0.00470	0.00235	0.00587
8	0.00656	0.00504	0.00601	0.00663	0.00760	0.00449	0.00464	0.00780	0.01146	0.01470	0.10484	0.44894	0.32191	0.01506	0.00661	0.00200	0.00291	0.01326	0.00507	0.00449
9	0.00818	0.00538	0.00693	0.00777	0.00873	0.00512	0.00595	0.00987	0.01136	0.03912	0.02933	0.38698	0.09048	0.01419	0.00651	0.00210	0.00360	0.23445	0.11916	0.00479
10	0.01077	0.02777	0.78354	0.01530	0.02323	0.01247	0.01983	0.01700	0.01133	0.01700	0.00963	0.01133	0.00680	0.00510	0.00510	0.00170	0.00793	0.00397	0.00227	0.00793
11	0.00670	0.00545	0.00594	0.00581	0.00747	0.00468	0.00436	0.00840	0.01308	0.01651	0.26093	0.04835	0.56789	0.01284	0.00634	0.00178	0.00267	0.01086	0.00525	0.00468
12	0.01267	0.01448	0.03167	0.02262	0.02805	0.01357	0.75837	0.01719	0.01267	0.01719	0.01086	0.01448	0.00814	0.00452	0.00633	0.00181	0.00905	0.00633	0.00271	0.00724
13	0.00727	0.00547	0.00672	0.00641	0.00782	0.00493	0.00481	0.00950	0.01442	0.01969	0.58653	0.04312	0.24030	0.01166	0.00633	0.00172	0.00258	0.01013	0.00567	0.00493
14	0.02005	0.02558	0.01521	0.01383	0.01659	0.78980	0.01037	0.02143	0.01521	0.01314	0.00830	0.00968	0.00691	0.00553	0.00484	0.00138	0.00968	0.00346	0.00277	0.00622
15	0.84927	0.01038	0.00789	0.00706	0.01038	0.01204	0.00581	0.01578	0.00914	0.02408	0.00747	0.00872	0.00581	0.00498	0.00332	0.00166	0.00415	0.00291	0.00332	0.00581
16	0.84927	0.01038	0.00789	0.00706	0.01038	0.01204	0.00581	0.01578	0.00914	0.02408	0.00747	0.00872	0.00581	0.00498	0.00332	0.00166	0.00415	0.00291	0.00332	0.00581

[dist]
# distance from previous block
# <min> <max>
1	2

[block]
# block no. 4 follows, 45 sequences, length 104
# corresponding to MSA columns:
# 444-547
name=unknown_E
#
# <colnr> <probs for GDERKNQSTAVLIFYWHMCP>
#	G	D	E	R	K	N	Q	S	T	A	V	L	I	F	Y	W	H	M	C	P
0	0.01045	0.00642	0.00810	0.00737	0.00928	0.00593	0.00572	0.01338	0.05375	0.14448	0.46930	0.03818	0.15166	0.01065	0.00619	0.00175	0.00309	0.04267	0.00582	0.00582
1	0.04780	0.01148	0.09250	0.01067	0.03053	0.00911	0.00931	0.04521	0.05424	0.58574	0.01887	0.01694	0.01221	0.00636	0.00527	0.00165	0.00495	0.00513	0.00583	0.02619
2	0.03559	0.27601	0.28241	0.01145	0.01694	0.01429	0.01241	0.01968	0.06866	0.19519	0.01250	0.01266	0.00904	0.00546	0.00462	0.00152	0.00607	0.00408	0.00357	0.00787
3	0.01329	0.01275	0.02179	0.03295	0.77787	0.01275	0.01647	0.01647	0.01222	0.01754	0.01010	0.01329	0.00850	0.00478	0.00531	0.00159	0.00638	0.00478	0.00266	0.00850
4	0.00756	0.00549	0.00712	0.00671	0.00799	0.00505	0.00503	0.01005	0.01510	0.02130	0.75211	0.04046	0.07371	0.01106	0.00633	0.00169	0.00254	0.00976	0.00588	0.00505
5	0.01534	0.71446	0.02632	0.00948	0.01393	0.06472	0.00917	0.01707	0.01146	0.06475	0.00844	0.00933	0.00732	0.00479	0.00366	0.00120	0.00589	0.00308	0.00262	0.00700
6	0.00784	0.00524	0.00616	0.00616	0.00626	0.00534	0.00363	0.00796	0.00786	0.01058	0.01645	0.03321	0.01862	0.71258	0.10275	0.02917	0.00610	0.00751	0.00319	0.00338
7	0.08577	0.00923	0.01212	0.00936	0.01345	0.00820	0.00773	0.02538	0.01490	0.72496	0.02015	0.01756	0.01273	0.00652	0.00524	0.00166	0.00454	0.00521	0.00640	0.00889
8	0.01240	0.01184	0.02012	0.12287	0.57811	0.01224	0.03886	0.01556	0.01213	0.01719	0.06712	0.01539	0.01142	0.00548	0.00589	0.00166	0.03587	0.00520	0.00286	0.00780
9	0.24272	0.03492	0.01387	0.01114	0.03868	0.03324	0.00887	0.39304	0.01845	0.13690	0.01228	0.01236	0.00870	0.00596	0.00476	0.00161	0.00535	0.00431	0.00477	0.00809
10	0.00672	0.00487	0.00647	0.00758	0.00788	0.00469	0.00509	0.00762	0.01014	0.01357	0.02857	0.76040	0.03422	0.04488	0.00785	0.00229	0.02323	0.01473	0.00486	0.00436
11	0.00768	0.00515	0.00589	0.00601	0.00604	0.00512	0.00342	0.00777	0.00805	0.01073	0.01816	0.11101	0.02109	0.73332	0.02531	0.00491	0.00500	0.00854	0.00342	0.00336
12	0.01077	0.02777	0.78354	0.01530	0.02323	0.01247	0.01983	0.01700	0.01133	0.01700	0.00963	0.01133	0.00680	0.00510	0.00510	0.00170	0.00793	0.00397	0.00227	0.00793
13	0.01314	0.01315	0.02408	0.03056	0.60431	0.01294	0.18820	0.01664	0.01233	0.01746	0.01027	0.01356	0.00842	0.00472	0.00555	0.00164	0.00700	0.00514	0.00267	0.00821
14	0.01276	0.01800	0.28080	0.01818	0.05521	0.01212	0.34937	0.01741	0.01225	0.07431	0.01106	0.01333	0.00807	0.00483	0.00558	0.00165	0.00773	0.00510	0.00290	0.08935
15	0.00754	0.00553	0.00705	0.00681	0.00810	0.00509	0.00517	0.00986	0.01444	0.02001	0.61594	0.04282	0.13145	0.03337	0.00699	0.00186	0.00281	0.06456	0.00566	0.00495
16	0.01242	0.03584	0.01258	0.00982	0.04828	0.00924	0.00745	0.05133	0.12317	0.03801	0.01176	0.01272	0.00937	0.00470	0.00434	0.00105	0.00429	0.00380	0.00365	0.59619
17	0.00738	0.00543	0.00686	0.00660	0.00785	0.00496	0.00488	0.00960	0.01433	0.01987	0.61919	0.08578	0.14162	0.03346	0.00693	0.00183	0.00266	0.01018	0.00566	0.00491
18	0.07819	0.35345	0.01955	0.01020	0.01408	0.01695	0.00900	0.15103	0.16901	0.07336	0.01232	0.01255	0.00961	0.00587	0.00499	0.00150	0.04265	0.00414	0.00388	0.00765
19	0.01965	0.08615	0.01485	0.01061	0.01458	0.01282	0.00879	0.22805	0.19398	0.32624	0.01778	0.01630	0.01227	0.00655	0.00522	0.00164	0.00497	0.00516	0.00561	0.00878
20	0.00753	0.00548	0.00709	0.00668	0.00798	0.00504	0.00501	0.01000	0.01504	0.02116	0.73761	0.04070	0.08830	0.01111	0.00633	0.00169	0.00254	0.00979	0.00586	0.00504
21	0.00781	0.00520	0.00585	0.00585	0.00585	0.00520	0.00325	0.00781	0.00781	0.01041	0.01691	0.03513	0.01952	0.81135	0.02732	0.00520	0.00520	0.00781	0.00325	0.00325
22	0.05036	0.01287	0.05012	0.01295	0.07255	0.08816	0.05283	0.09380	0.03112	0.45418	0.01667	0.01568	0.01110	0.00614	0.00530	0.00164	0.00573	0.00502	0.00527	0.00850
23	0.01269	0.01420	0.10020	0.02566	0.39351	0.01234	0.24849	0.01648	0.01230	0.03455	0.01191	0.03735	0.01009	0.00556	0.00575	0.00173	0.00718	0.03932	0.00289	0.00779
24	0.09429	0.63307	0.04542	0.00964	0.01394	0.07917	0.00932	0.01639	0.01101	0.01389	0.00758	0.00887	0.00679	0.00485	0.00398	0.00126	0.02837	0.00300	0.00243	0.00673
25	0.01077	0.02777	0.78354	0.01530	0.02323	0.01247	0.01983	0.01700	0.01133	0.01700	0.00963	0.01133	0.00680	0.00510	0.00510	0.00170	0.00793	0.00397	0.00227	0.00793
26	0.01018	0.00865	0.01133	0.01100	0.01271	0.08038	0.09116	0.01234	0.01207	0.01553	0.02253	0.08752	0.02368	0.01267	0.00780	0.06510	0.00556	0.44721	0.05750	0.00509
27	0.00681	0.00540	0.00577	0.00572	0.00736	0.00466	0.00428	0.00845	0.01271	0.01617	0.19226	0.06704	0.57113	0.01274	0.00621	0.00177	0.00268	0.01075	0.05345	0.00466
28	0.01435	0.81458	0.02813	0.00918	0.01378	0.02124	0.00918	0.01607	0.01091	0.01263	0.00746	0.00861	0.00689	0.00459	0.00344	0.00115	0.00574	0.00287	0.00230	0.00689
29	0.00778	0.00588	0.00723	0.00691	0.00833	0.00556	0.00517	0.01098	0.07075	0.02008	0.56655	0.08468	0.15701	0.01143	0.00630	0.00175	0.00272	0.01000	0.00568	0.00520
30	0.00743	0.00519	0.00544	0.00564	0.00705	0.00464	0.00413	0.00904	0.01164	0.01595	0.03984	0.16354	0.43880	0.01201	0.00568	0.00171	0.00272	0.01014	0.24477	0.00464
31	0.71066	0.01022	0.00865	0.00751	0.01094	0.01146	0.00617	0.01757	0.02657	0.13458	0.00979	0.01036	0.00713	0.00528	0.00367	0.00166	0.00422	0.00334	0.00385	0.00636
32	0.01030	0.00617	0.00803	0.00716	0.00901	0.00554	0.00550	0.01269	0.01496	0.14554	0.59326	0.03656	0.08547	0.01026	0.00613	0.00167	0.00291	0.00895	0.00592	0.02397
33	0.01376	0.01174	0.01237	0.01101	0.01412	0.01354	0.00860	0.07116	0.72487	0.02312	0.02133	0.01961	0.01596	0.00723	0.00546	0.00181	0.00434	0.00600	0.00546	0.00853
34	0.01289	0.01235	0.02108	0.12847	0.68541	0.01265	0.01628	0.01613	0.01204	0.01706	0.01003	0.01341	0.00833	0.00486	0.00532	0.00162	0.00647	0.00478	0.00262	0.00819
35	0.84927	0.01038	0.00789	0.00706	0.01038	0.01204	0.00581	0.01578	0.00914	0.02408	0.00747	0.00872	0.00581	0.00498	0.00332	0.00166	0.00415	0.00291	0.00332	0.00581
36	0.01215	0.01198	0.01799	0.04093	0.23768	0.01524	0.01321	0.01398	0.00946	0.01429	0.00800	0.01226	0.00747	0.00794	0.01369	0.00211	0.54780	0.00472	0.00244	0.00664
37	0.84927	0.01038	0.00789	0.00706	0.01038	0.01204	0.00581	0.01578	0.00914	0.02408	0.00747	0.00872	0.00581	0.00498	0.00332	0.00166	0.00415	0.00291	0.00332	0.00581
38	0.00850	0.00649	0.00798	0.00774	0.00888	0.00701	0.00562	0.01205	0.13369	0.01452	0.08800	0.02956	0.09294	0.24869	0.29903	0.00526	0.00793	0.00728	0.00388	0.00496
39	0.01077	0.02777	0.78354	0.01530	0.02323	0.01247	0.01983	0.01700	0.01133	0.01700	0.00963	0.01133	0.00680	0.00510	0.00510	0.00170	0.00793	0.00397	0.00227	0.00793
40	0.84927	0.01038	0.00789	0.00706	0.01038	0.01204	0.00581	0.01578	0.00914	0.02408	0.00747	0.00872	0.00581	0.00498	0.00332	0.00166	0.00415	0.00291	0.00332	0.00581
41	0.00760	0.00549	0.00718	0.00675	0.00802	0.00506	0.00506	0.01013	0.01519	0.02153	0.77503	0.04010	0.05065	0.01097	0.00633	0.00169	0.00253	0.00971	0.00591	0.00506
42	0.00831	0.00675	0.00752	0.00710	0.00897	0.00661	0.00539	0.01304	0.17408	0.01883	0.31843	0.04059	0.34163	0.01127	0.00615	0.00177	0.00297	0.00960	0.00543	0.00558
43	0.01372	0.01177	0.01275	0.01172	0.03593	0.01360	0.00891	0.07002	0.68412	0.02273	0.02061	0.01921	0.01550	0.00722	0.00577	0.00182	0.02493	0.00593	0.00530	0.00847
44	0.01014	0.00954	0.01610	0.79845	0.03697	0.01193	0.01491	0.01371	0.01073	0.01371	0.00954	0.01431	0.00716	0.00537	0.00537	0.00179	0.00716	0.00477	0.00239	0.00596
45	0.00924	0.00469	0.00693	0.00693	0.00693	0.00469	0.00458	0.00704	0.00704	0.00939	0.00976	0.01740	0.00991	0.06442	0.02135	0.79539	0.00469	0.00484	0.00238	0.00238
46	0.84927	0.01038	0.00789	0.00706	0.01038	0.01204	0.00581	0.01578	0.00914	0.02408	0.00747	0.00872	0.00581	0.00498	0.00332	0.00166	0.00415	0.00291	0.00332	0.00581
47	0.00782	0.00576	0.00734	0.00690	0.00827	0.00543	0.00519	0.01089	0.04967	0.02133	0.71600	0.03957	0.07368	0.01089	0.00629	0.00170	0.00262	0.00960	0.00586	0.00520
48	0.01491	0.01240	0.01374	0.01289	0.07166	0.01404	0.00947	0.19023	0.54650	0.02462	0.01898	0.01794	0.01418	0.00691	0.00543	0.00176	0.00478	0.00570	0.00523	0.00864
49	0.01014	0.00954	0.01610	0.79845	0.03697	0.01193	0.01491	0.01371	0.01073	0.01371	0.00954	0.01431	0.00716	0.00537	0.00537	0.00179	0.00716	0.00477	0.00239	0.00596
50	0.00654	0.00467	0.00623	0.00747	0.00779	0.00436	0.00498	0.00747	0.01028	0.01370	0.02959	0.80785	0.03550	0.01682	0.00685	0.00218	0.00311	0.01526	0.00498	0.00436
51	0.01266	0.00949	0.01129	0.00814	0.01284	0.00724	0.00654	0.01501	0.01163	0.10792	0.01092	0.01198	0.00858	0.00429	0.00414	0.00090	0.00405	0.00344	0.00359	0.74534
52	0.01014	0.00954	0.01610	0.79845	0.03697	0.01193	0.01491	0.01371	0.01073	0.01371	0.00954	0.01431	0.00716	0.00537	0.00537	0.00179	0.00716	0.00477	0.00239	0.00596
53	0.01329	0.01275	0.02179	0.03295	0.77787	0.01275	0.01647	0.01647	0.01222	0.01754	0.01010	0.01329	0.00850	0.00478	0.00531	0.00159	0.00638	0.00478	0.00266	0.00850
54	0.01388	0.01179	0.01243	0.01103	0.01416	0.01360	0.00862	0.08320	0.71263	0.02331	0.02118	0.01949	0.01584	0.00722	0.00546	0.00180	0.00437	0.00598	0.00546	0.00854
