[name]
unknown

[dist]
# distance from previous block
# <min> <max>
0	20

[block]
# block no. 0 follows, 50 sequences, length 9
# corresponding to MSA columns:
# 20-28
name=unknown_A
#
# <colnr> <probs for GDERKNQSTAVLIFYWHMCP>
#	G	D	E	R	K	N	Q	S	T	A	V	L	I	F	Y	W	H	M	C	P
0	0.12583	0.00672	0.00812	0.03992	0.01041	0.00699	0.00657	0.01270	0.08643	0.04582	0.31895	0.03552	0.02985	0.00983	0.00566	0.00180	0.00363	0.23527	0.00474	0.00524
1	0.16136	0.01163	0.01478	0.10412	0.31538	0.07033	0.01094	0.09278	0.01224	0.04428	0.03663	0.01226	0.00874	0.00493	0.00452	0.00144	0.00545	0.00410	0.00308	0.08100
2	0.01402	0.58106	0.10732	0.01000	0.01426	0.17509	0.00982	0.01601	0.01097	0.01226	0.00730	0.00847	0.00639	0.00449	0.00362	0.00116	0.00628	0.00288	0.00222	0.00638
3	0.04675	0.01087	0.01192	0.09770	0.06666	0.10038	0.00862	0.11455	0.13544	0.07189	0.16883	0.01943	0.04565	0.00701	0.00576	0.00158	0.05558	0.00560	0.01933	0.00643
4	0.00941	0.00886	0.01495	0.81285	0.03433	0.01107	0.01384	0.01274	0.00997	0.01274	0.00886	0.01329	0.00664	0.00498	0.00498	0.00166	0.00664	0.00443	0.00221	0.00554
5	0.00703	0.00496	0.00627	0.00608	0.00717	0.00459	0.00447	0.00826	0.01170	0.01579	0.41279	0.03528	0.23837	0.01357	0.05154	0.15176	0.00334	0.00840	0.00452	0.00411
6	0.01195	0.01057	0.01280	0.01097	0.01382	0.01186	0.09056	0.02391	0.64312	0.01949	0.01884	0.01909	0.01460	0.06752	0.00667	0.00192	0.00449	0.00578	0.00464	0.00740
7	0.00825	0.00685	0.01065	0.24935	0.08969	0.00783	0.00870	0.01024	0.00887	0.01210	0.01289	0.06717	0.01250	0.15909	0.30929	0.00460	0.00856	0.00584	0.00269	0.00483
8	0.01195	0.03658	0.01425	0.37066	0.04367	0.06484	0.03756	0.05214	0.12183	0.06914	0.07205	0.01545	0.01156	0.00564	0.00494	0.00154	0.00571	0.00483	0.00336	0.05230

[dist]
# distance from previous block
# <min> <max>
0	2

[block]
# block no. 1 follows, 50 sequences, length 23
# corresponding to MSA columns:
# 31-53
name=unknown_B
#
# <colnr> <probs for GDERKNQSTAVLIFYWHMCP>
#	G	D	E	R	K	N	Q	S	T	A	V	L	I	F	Y	W	H	M	C	P
0	0.06320	0.00915	0.01447	0.72485	0.03190	0.01129	0.01311	0.04856	0.01050	0.01421	0.00888	0.01290	0.00665	0.00501	0.00486	0.00165	0.00642	0.00432	0.00240	0.00567
1	0.01088	0.01077	0.01506	0.06310	0.01441	0.01487	0.01095	0.01272	0.04407	0.01246	0.00733	0.01141	0.00695	0.00840	0.01512	0.00213	0.72705	0.00443	0.00232	0.00557
2	0.01797	0.01177	0.01336	0.01036	0.01392	0.01260	0.00853	0.48377	0.01899	0.18030	0.01324	0.01322	0.00933	0.00604	0.00553	0.00148	0.05574	0.00450	0.05976	0.05958
3	0.00712	0.00534	0.00801	0.00801	0.00890	0.00623	0.00623	0.00890	0.00801	0.01157	0.01335	0.01958	0.01246	0.03738	0.80507	0.00801	0.01335	0.00534	0.00267	0.00445
4	0.03709	0.01374	0.01270	0.06251	0.01502	0.27068	0.00859	0.04045	0.01393	0.43815	0.01433	0.01368	0.00967	0.00576	0.00501	0.00148	0.02106	0.00431	0.00456	0.00728
5	0.01240	0.01071	0.01127	0.01014	0.01296	0.01240	0.00789	0.02649	0.78473	0.02085	0.02029	0.01860	0.01522	0.00676	0.00507	0.00169	0.00394	0.00564	0.00507	0.00789
6	0.01243	0.01129	0.02942	0.24793	0.41558	0.05110	0.01344	0.01565	0.03187	0.07937	0.03675	0.01380	0.00932	0.00503	0.00497	0.00154	0.00599	0.00460	0.00287	0.00705
7	0.01780	0.01374	0.01642	0.01249	0.01654	0.01498	0.09666	0.65248	0.06058	0.02912	0.01217	0.01247	0.00871	0.00582	0.00509	0.00153	0.00574	0.00470	0.00471	0.00825
8	0.01732	0.02074	0.01420	0.06288	0.01622	0.63266	0.00995	0.01873	0.01313	0.04414	0.00813	0.00980	0.00669	0.00558	0.00590	0.00142	0.10054	0.00349	0.00265	0.00584
9	0.19249	0.00957	0.01360	0.29655	0.20745	0.01066	0.01099	0.05063	0.01096	0.05867	0.03359	0.06346	0.00992	0.00571	0.00468	0.00160	0.00533	0.00484	0.00305	0.00626
10	0.00822	0.00598	0.00706	0.03666	0.00906	0.00565	0.00518	0.05729	0.01233	0.06498	0.16969	0.06523	0.42801	0.01368	0.08621	0.00229	0.00405	0.00891	0.00461	0.00490
11	0.01087	0.00992	0.01612	0.23361	0.34995	0.01065	0.03636	0.05576	0.01205	0.01671	0.15503	0.01720	0.01483	0.00588	0.00554	0.00158	0.03293	0.00534	0.00309	0.00658
12	0.01391	0.00853	0.01095	0.01005	0.08496	0.00762	0.00717	0.01741	0.10211	0.26763	0.09311	0.01956	0.08357	0.00634	0.00480	0.00134	0.00387	0.00533	0.00458	0.24716
13	0.00711	0.00521	0.00652	0.00617	0.00744	0.00482	0.00463	0.00961	0.03150	0.01921	0.66289	0.03746	0.13172	0.01026	0.00579	0.00157	0.00241	0.00897	0.03200	0.00472
14	0.01133	0.01076	0.01827	0.22053	0.57151	0.01129	0.01444	0.01428	0.01093	0.01525	0.01010	0.05040	0.00876	0.00510	0.00501	0.00155	0.00596	0.00489	0.00251	0.00714
15	0.01240	0.01071	0.01127	0.01014	0.01296	0.01240	0.00789	0.02649	0.78473	0.02085	0.02029	0.01860	0.01522	0.00676	0.00507	0.00169	0.00394	0.00564	0.00507	0.00789
16	0.01034	0.00886	0.01034	0.00738	0.01181	0.00664	0.00591	0.01255	0.01034	0.01624	0.00886	0.01034	0.00738	0.00369	0.00369	0.00074	0.00369	0.00295	0.00295	0.85530
17	0.80403	0.06375	0.00857	0.00669	0.00985	0.01175	0.00561	0.01467	0.00859	0.02166	0.00694	0.00809	0.00546	0.00460	0.00309	0.00151	0.00395	0.00270	0.00302	0.00546
18	0.75318	0.01064	0.05994	0.00720	0.01062	0.01097	0.00638	0.01531	0.00897	0.06876	0.00784	0.00879	0.00588	0.00473	0.00331	0.00154	0.00411	0.00290	0.00321	0.00571
19	0.01209	0.01083	0.01689	0.28349	0.40850	0.04303	0.01344	0.01533	0.03373	0.06688	0.04041	0.01397	0.00945	0.00505	0.00498	0.00155	0.00598	0.00464	0.00283	0.00695
20	0.00788	0.00548	0.00734	0.00769	0.00818	0.00576	0.00546	0.00880	0.00934	0.06418	0.02276	0.56315	0.02620	0.09375	0.04180	0.00253	0.09970	0.01137	0.00420	0.00442
21	0.00992	0.00790	0.01105	0.01082	0.08888	0.00806	0.05775	0.04458	0.13048	0.05103	0.42615	0.02779	0.05512	0.00839	0.00601	0.00161	0.03637	0.00735	0.00477	0.00596
22	0.07009	0.00820	0.01035	0.00838	0.01151	0.00770	0.00677	0.06607	0.05320	0.48677	0.16475	0.05030	0.01916	0.00721	0.00511	0.00157	0.00387	0.00597	0.00566	0.00738

[dist]
# distance from previous block
# <min> <max>
0	16

[block]
# block no. 2 follows, 50 sequences, length 14
# corresponding to MSA columns:
# 70-83
name=unknown_C
#
# <colnr> <probs for GDERKNQSTAVLIFYWHMCP>
#	G	D	E	R	K	N	Q	S	T	A	V	L	I	F	Y	W	H	M	C	P
0	0.03692	0.02742	0.02167	0.07029	0.09901	0.01349	0.33338	0.01419	0.00998	0.01446	0.00849	0.01214	0.00708	0.00593	0.00939	0.00182	0.30076	0.00493	0.00238	0.00626
1	0.00825	0.00695	0.01038	0.09523	0.06710	0.00767	0.03937	0.01145	0.08002	0.01353	0.04052	0.02202	0.10682	0.02369	0.43819	0.00509	0.00943	0.00597	0.00314	0.00519
2	0.00874	0.00796	0.00924	0.22722	0.01556	0.07477	0.00752	0.01092	0.03076	0.03499	0.07170	0.11775	0.32810	0.00969	0.00574	0.00168	0.02072	0.00815	0.00384	0.00495
3	0.03881	0.01119	0.03166	0.03410	0.38387	0.02158	0.02155	0.10473	0.08741	0.05208	0.07886	0.01544	0.01231	0.00746	0.05120	0.00192	0.03015	0.00496	0.00345	0.00727
4	0.01266	0.01245	0.01992	0.02969	0.75410	0.05222	0.01501	0.01553	0.01149	0.01608	0.00929	0.01217	0.00782	0.00448	0.00491	0.00147	0.00608	0.00438	0.00247	0.00779
5	0.01264	0.01077	0.01466	0.16885	0.20430	0.01211	0.01104	0.12775	0.22273	0.04229	0.01473	0.01594	0.04805	0.00616	0.00587	0.00164	0.06452	0.00508	0.00369	0.00719
6	0.05287	0.01132	0.01245	0.07998	0.01512	0.05050	0.00852	0.27346	0.17025	0.18677	0.05344	0.01558	0.01227	0.00620	0.00491	0.00155	0.00488	0.00491	0.02748	0.00755
7	0.01597	0.01212	0.01630	0.05113	0.28472	0.05376	0.03216	0.19551	0.05403	0.17246	0.01231	0.01329	0.00906	0.00554	0.00557	0.00155	0.04826	0.00459	0.00389	0.00778
8	0.72672	0.00933	0.00772	0.00674	0.00985	0.01043	0.00552	0.01496	0.00920	0.07292	0.04162	0.01004	0.00774	0.00492	0.00336	0.00150	0.00381	0.00314	0.00338	0.04708
9	0.00980	0.00780	0.00931	0.00723	0.01057	0.00636	0.00568	0.01263	0.04962	0.04055	0.24667	0.01908	0.01992	0.00588	0.00446	0.00106	0.00331	0.00498	0.00392	0.53117
10	0.01217	0.01122	0.01807	0.05686	0.57788	0.01172	0.01366	0.07446	0.01190	0.01681	0.01091	0.05368	0.00983	0.00580	0.00590	0.00160	0.06316	0.03421	0.00282	0.00736
11	0.00929	0.00465	0.00465	0.00465	0.00581	0.00465	0.00348	0.01161	0.01045	0.01858	0.01626	0.01858	0.01278	0.00581	0.00348	0.00116	0.00232	0.00465	0.85250	0.00465
12	0.62808	0.01005	0.00870	0.00735	0.01062	0.01121	0.00604	0.12840	0.01107	0.04605	0.00848	0.00941	0.00642	0.00485	0.00348	0.00147	0.00405	0.00311	0.02960	0.06158
13	0.01346	0.67757	0.04890	0.00841	0.01248	0.01736	0.00835	0.01529	0.01044	0.06388	0.00862	0.00957	0.00733	0.00454	0.00339	0.00112	0.00507	0.00302	0.07479	0.00642

[dist]
# distance from previous block
# <min> <max>
0	2

[block]
# block no. 3 follows, 50 sequences, length 63
# corresponding to MSA columns:
# 86-148
name=unknown_D
#
# <colnr> <probs for GDERKNQSTAVLIFYWHMCP>
#	G	D	E	R	K	N	Q	S	T	A	V	L	I	F	Y	W	H	M	C	P
0	0.00959	0.00523	0.00529	0.00518	0.00650	0.00540	0.00391	0.01305	0.08539	0.01880	0.01665	0.01858	0.01301	0.00590	0.00364	0.00121	0.00248	0.00474	0.77048	0.00496
1	0.14048	0.04251	0.01863	0.02551	0.61129	0.01213	0.03232	0.03028	0.01112	0.01732	0.00898	0.01155	0.00746	0.00449	0.00461	0.00148	0.00564	0.00415	0.00260	0.00744
2	0.03907	0.01171	0.01629	0.01497	0.12277	0.12406	0.23049	0.01512	0.07420	0.01635	0.09107	0.02066	0.10257	0.00651	0.00523	0.00156	0.00581	0.02566	0.06982	0.00610
3	0.01518	0.01131	0.04357	0.07032	0.09067	0.01105	0.00949	0.29589	0.04301	0.13398	0.01385	0.01619	0.01983	0.00601	0.00488	0.00146	0.00501	0.05183	0.03117	0.12529
4	0.00605	0.00444	0.00568	0.00668	0.00716	0.00407	0.00451	0.00697	0.00979	0.01283	0.03063	0.71557	0.13693	0.01521	0.00630	0.00198	0.00284	0.01367	0.00463	0.00407
5	0.01274	0.01086	0.01566	0.01690	0.26993	0.04177	0.06641	0.01515	0.01112	0.10239	0.01082	0.01266	0.02254	0.00496	0.00571	0.00132	0.08362	0.00417	0.00306	0.28821
6	0.86003	0.00964	0.00733	0.00655	0.00964	0.01118	0.00540	0.01465	0.00848	0.02236	0.00694	0.00810	0.00540	0.00463	0.00308	0.00154	0.00386	0.00270	0.00308	0.00540
7	0.00608	0.00503	0.00533	0.00531	0.00686	0.00428	0.00396	0.00750	0.01172	0.01446	0.16623	0.07612	0.64518	0.01236	0.00591	0.00168	0.00251	0.01042	0.00476	0.00428
8	0.01347	0.01160	0.01851	0.02497	0.57588	0.01145	0.03399	0.08942	0.01264	0.07080	0.01030	0.01247	0.00820	0.00464	0.00486	0.00143	0.00564	0.00439	0.00301	0.08233
9	0.01123	0.01039	0.01528	0.16219	0.10321	0.01350	0.01155	0.01331	0.02740	0.04326	0.00834	0.01210	0.00729	0.00735	0.01199	0.00195	0.50737	0.00445	0.02197	0.00590
10	0.00789	0.00561	0.00712	0.00765	0.00860	0.00559	0.00566	0.01036	0.08525	0.05064	0.04394	0.47945	0.08950	0.02436	0.00671	0.00202	0.02350	0.12673	0.00467	0.00476
11	0.02384	0.03680	0.01674	0.26247	0.18837	0.01199	0.06590	0.15997	0.04458	0.10425	0.01121	0.01317	0.00829	0.00515	0.00493	0.00154	0.00588	0.00455	0.00339	0.02698
12	0.04985	0.01126	0.01226	0.01001	0.03356	0.03588	0.00784	0.30503	0.10095	0.09292	0.05879	0.01455	0.02364	0.00575	0.00465	0.00134	0.00458	0.00453	0.00440	0.21823
13	0.03412	0.01096	0.01498	0.05078	0.32545	0.04264	0.01078	0.13373	0.05196	0.13912	0.07338	0.01602	0.01243	0.03966	0.02064	0.00177	0.00542	0.00499	0.00383	0.00732
14	0.05432	0.21547	0.22594	0.01202	0.04738	0.01266	0.07171	0.06244	0.01213	0.17892	0.03182	0.01346	0.00951	0.00532	0.00454	0.00146	0.00575	0.02457	0.00338	0.00716
15	0.00708	0.00517	0.00723	0.00739	0.00810	0.00566	0.00550	0.00848	0.00844	0.01177	0.03533	0.09389	0.03536	0.18321	0.49910	0.00622	0.00975	0.05501	0.00314	0.00415
16	0.01236	0.01086	0.01832	0.20442	0.49056	0.01129	0.04331	0.01530	0.01117	0.07726	0.01002	0.01287	0.00790	0.00478	0.00524	0.00153	0.02611	0.00450	0.00271	0.02948
17	0.01543	0.01745	0.01534	0.20276	0.08645	0.43121	0.04005	0.04732	0.03284	0.03329	0.00897	0.01106	0.00710	0.00519	0.00502	0.00145	0.02631	0.00389	0.00271	0.00616
18	0.00920	0.00675	0.00803	0.00778	0.00931	0.00688	0.00584	0.08596	0.14038	0.04267	0.21205	0.30330	0.08436	0.01130	0.00585	0.00178	0.00328	0.04485	0.00499	0.00545
19	0.01426	0.01147	0.01557	0.01772	0.30040	0.01211	0.01090	0.22233	0.07470	0.06540	0.01151	0.01293	0.00891	0.00550	0.00579	0.00148	0.07634	0.00444	0.03849	0.08976
20	0.01216	0.01163	0.01976	0.04550	0.63244	0.01186	0.06439	0.03904	0.01167	0.01661	0.04146	0.01338	0.00941	0.00492	0.00557	0.00153	0.04375	0.00472	0.00266	0.00754
21	0.01082	0.00900	0.01253	0.43111	0.02330	0.01031	0.01034	0.09029	0.11187	0.01684	0.01171	0.01430	0.00889	0.00530	0.00465	0.00148	0.00526	0.00447	0.12494	0.09258
22	0.01115	0.02007	0.43069	0.01743	0.09659	0.04916	0.21483	0.01571	0.01089	0.01545	0.00906	0.01142	0.00681	0.00487	0.00586	0.00162	0.06472	0.00436	0.00228	0.00704
23	0.00985	0.00931	0.01574	0.69584	0.14792	0.01119	0.01406	0.01312	0.01017	0.01327	0.00894	0.01315	0.00683	0.00490	0.00498	0.00163	0.00654	0.00443	0.00225	0.00589
24	0.01259	0.01084	0.01185	0.03019	0.04315	0.01247	0.00838	0.05656	0.70562	0.02092	0.01926	0.01796	0.01446	0.00660	0.00506	0.00167	0.00415	0.00551	0.00490	0.00786
25	0.00705	0.00510	0.00666	0.00627	0.00745	0.00470	0.00470	0.00941	0.01411	0.01999	0.79110	0.03723	0.04703	0.01019	0.00588	0.00157	0.00235	0.00901	0.00549	0.00470
26	0.01829	0.01327	0.01432	0.01117	0.01500	0.01466	0.00917	0.64429	0.11915	0.06872	0.01341	0.01306	0.00952	0.00609	0.00500	0.00152	0.00523	0.00466	0.00506	0.00840
27	0.00941	0.00886	0.01495	0.81285	0.03433	0.01107	0.01384	0.01274	0.00997	0.01274	0.00886	0.01329	0.00664	0.00498	0.00498	0.00166	0.00664	0.00443	0.00221	0.00554
28	0.02122	0.00834	0.01115	0.00867	0.01233	0.00736	0.00712	0.02363	0.04323	0.72223	0.01949	0.01712	0.01247	0.00617	0.00493	0.00153	0.00412	0.00501	0.05563	0.00824
29	0.00712	0.00534	0.00801	0.00801	0.00890	0.00623	0.00623	0.00890	0.00801	0.01157	0.01335	0.01958	0.01246	0.03738	0.80507	0.00801	0.01335	0.00534	0.00267	0.00445
30	0.86003	0.00964	0.00733	0.00655	0.00964	0.01118	0.00540	0.01465	0.00848	0.02236	0.00694	0.00810	0.00540	0.00463	0.00308	0.00154	0.00386	0.00270	0.00308	0.00540
31	0.86003	0.00964	0.00733	0.00655	0.00964	0.01118	0.00540	0.01465	0.00848	0.02236	0.00694	0.00810	0.00540	0.00463	0.00308	0.00154	0.00386	0.00270	0.00308	0.00540
32	0.01850	0.01430	0.01451	0.01151	0.01492	0.11373	0.00940	0.52565	0.01973	0.11081	0.01175	0.01204	0.00845	0.00616	0.00603	0.00154	0.08421	0.00437	0.00454	0.00785
33	0.00981	0.00756	0.01160	0.40677	0.04698	0.00854	0.00991	0.01285	0.04926	0.08204	0.06778	0.21138	0.01686	0.00811	0.00534	0.00171	0.00497	0.00721	0.02577	0.00555
34	0.01023	0.00555	0.00564	0.00531	0.00674	0.00569	0.00406	0.08570	0.01171	0.01982	0.01584	0.01794	0.01236	0.00582	0.00363	0.00119	0.00263	0.00463	0.77047	0.00502
35	0.06529	0.00919	0.01232	0.00987	0.01265	0.00966	0.00817	0.02048	0.01218	0.54521	0.01547	0.01486	0.01041	0.00677	0.00793	0.00171	0.22067	0.00471	0.00494	0.00751
36	0.29471	0.01120	0.01379	0.01317	0.11676	0.05389	0.11202	0.04676	0.11035	0.05792	0.01147	0.05804	0.00948	0.00580	0.00509	0.00160	0.04657	0.00470	0.00342	0.02327
37	0.01056	0.00502	0.00532	0.00505	0.00648	0.00491	0.00386	0.01284	0.01082	0.09394	0.01659	0.01843	0.01273	0.00584	0.00363	0.00120	0.00251	0.00468	0.77058	0.00502
38	0.00698	0.00504	0.00660	0.00632	0.00743	0.00466	0.00470	0.00923	0.01378	0.01946	0.73546	0.09439	0.04601	0.01059	0.00591	0.00160	0.00239	0.00939	0.00542	0.00466
39	0.01047	0.01012	0.01773	0.51588	0.25691	0.01143	0.07870	0.01376	0.01053	0.01405	0.00911	0.01302	0.00709	0.00476	0.00505	0.00161	0.00658	0.00456	0.00231	0.00633
40	0.01293	0.20580	0.02513	0.01635	0.03719	0.07481	0.42577	0.04765	0.06088	0.01561	0.01017	0.01286	0.00812	0.00471	0.00505	0.00151	0.00720	0.01882	0.00273	0.00670
41	0.00970	0.00915	0.01546	0.73713	0.10783	0.01115	0.01398	0.01298	0.01010	0.01308	0.00891	0.01320	0.00677	0.00493	0.00498	0.00164	0.00657	0.00443	0.00224	0.00577
42	0.00596	0.00505	0.00515	0.00512	0.00678	0.00424	0.00384	0.00729	0.01153	0.01386	0.09536	0.04732	0.74660	0.01248	0.00589	0.00168	0.00251	0.01043	0.00468	0.00424
43	0.00704	0.00509	0.00671	0.00678	0.00785	0.00476	0.00519	0.00915	0.01298	0.01799	0.54245	0.14723	0.06582	0.01157	0.00610	0.00175	0.00279	0.12896	0.00520	0.00458
44	0.00941	0.00886	0.01495	0.81285	0.03433	0.01107	0.01384	0.01274	0.00997	0.01274	0.00886	0.01329	0.00664	0.00498	0.00498	0.00166	0.00664	0.00443	0.00221	0.00554
45	0.02236	0.00848	0.01157	0.00887	0.01272	0.00733	0.00733	0.02429	0.01427	0.79719	0.01966	0.01697	0.01234	0.00617	0.00501	0.00154	0.00424	0.00501	0.00617	0.00848
46	0.00725	0.00483	0.00544	0.00544	0.00544	0.00483	0.00302	0.00725	0.00725	0.00966	0.01571	0.03262	0.01812	0.82483	0.02537	0.00483	0.00483	0.00725	0.00302	0.00302
47	0.00606	0.00441	0.00571	0.00676	0.00718	0.00406	0.00455	0.00696	0.00972	0.01280	0.02970	0.74670	0.10640	0.01533	0.00632	0.00199	0.00286	0.01382	0.00463	0.00406
48	0.00612	0.00489	0.00547	0.00568	0.00696	0.00425	0.00412	0.00746	0.01137	0.01432	0.16172	0.22447	0.49978	0.01293	0.00600	0.00174	0.00258	0.01112	0.00476	0.00425
49	0.01000	0.02578	0.79900	0.01421	0.02157	0.01158	0.01842	0.01579	0.01052	0.01579	0.00895	0.01052	0.00631	0.00474	0.00474	0.00158	0.00737	0.00368	0.00210	0.00737
50	0.01000	0.02578	0.79900	0.01421	0.02157	0.01158	0.01842	0.01579	0.01052	0.01579	0.00895	0.01052	0.00631	0.00474	0.00474	0.00158	0.00737	0.00368	0.00210	0.00737
51	0.01173	0.01334	0.02884	0.02069	0.02553	0.01271	0.74486	0.01581	0.01160	0.01581	0.00994	0.01334	0.00752	0.00438	0.00630	0.00170	0.04088	0.00582	0.00251	0.00667
52	0.01234	0.01184	0.02023	0.03059	0.79373	0.01184	0.01530	0.01530	0.01135	0.01628	0.00938	0.01234	0.00790	0.00444	0.00493	0.00148	0.00592	0.00444	0.00247	0.00790
53	0.00980	0.00584	0.00671	0.00605	0.00818	0.00497	0.00469	0.01132	0.01230	0.19462	0.11507	0.03979	0.54011	0.01090	0.00569	0.00164	0.00290	0.00911	0.00507	0.00524
54	0.03401	0.00517	0.00660	0.00634	0.00750	0.00485	0.00472	0.00933	0.01349	0.01936	0.69233	0.11222	0.04435	0.01054	0.00584	0.00161	0.00245	0.00931	0.00533	0.00466
55	0.01234	0.01184	0.02023	0.03059	0.79373	0.01184	0.01530	0.01530	0.01135	0.01628	0.00938	0.01234	0.00790	0.00444	0.00493	0.00148	0.00592	0.00444	0.00247	0.00790
56	0.01229	0.01178	0.02090	0.08130	0.62262	0.01179	0.11626	0.01542	0.01138	0.03395	0.00967	0.01265	0.00787	0.00449	0.00507	0.00152	0.00626	0.00465	0.00254	0.00759
57	0.00707	0.00512	0.00674	0.00675	0.00785	0.00478	0.00518	0.00923	0.01317	0.01829	0.57489	0.11797	0.06618	0.01135	0.00608	0.00173	0.00275	0.12504	0.00524	0.00461
58	0.00774	0.00487	0.00655	0.00731	0.00803	0.00453	0.00521	0.00890	0.01033	0.08207	0.05613	0.64449	0.03127	0.01439	0.00628	0.00199	0.00316	0.08746	0.00479	0.00452
59	0.01429	0.00764	0.01020	0.00889	0.01127	0.02933	0.04241	0.04714	0.01293	0.34164	0.09602	0.24710	0.02239	0.00976	0.00567	0.00174	0.00409	0.07590	0.00521	0.00637
60	0.01025	0.03527	0.63397	0.01399	0.02048	0.01135	0.07483	0.03915	0.01121	0.01636	0.04203	0.01398	0.00920	0.00537	0.00495	0.00161	0.00702	0.03941	0.00248	0.00710
61	0.01176	0.01122	0.01891	0.18430	0.61940	0.01171	0.01478	0.01514	0.03533	0.01573	0.00962	0.01272	0.00788	0.00462	0.00495	0.00152	0.00600	0.00448	0.00250	0.00743
62	0.03541	0.00855	0.01248	0.01298	0.13811	0.00844	0.07288	0.04343	0.10459	0.17460	0.03825	0.22085	0.03629	0.00890	0.00554	0.00174	0.00447	0.06154	0.00446	0.00651

[dist]
# distance from previous block
# <min> <max>
0	24

# created by:
# /home/berkeley/.conda/envs/busco_data_prod/bin/msa2prfl.pl pipeline/OGs_align_augustus/33634/151165.fs
