[name]
unknown

[dist]
# distance from previous block
# <min> <max>
0	139

[block]
# block no. 0 follows, 38 sequences, length 22
# corresponding to MSA columns:
# 141-162
name=unknown_A
#
# <colnr> <probs for GDERKNQSTAVLIFYWHMCP>
#	G	D	E	R	K	N	Q	S	T	A	V	L	I	F	Y	W	H	M	C	P
0	0.06870	0.09982	0.10387	0.05004	0.01905	0.09820	0.05808	0.10597	0.05850	0.14729	0.01667	0.02212	0.01362	0.00780	0.00594	0.00192	0.00700	0.10261	0.00460	0.00821
1	0.01676	0.07866	0.11314	0.02059	0.24453	0.03504	0.04700	0.04502	0.06469	0.15199	0.01507	0.04968	0.01193	0.00676	0.00629	0.00181	0.03278	0.00577	0.00415	0.04834
2	0.05211	0.01402	0.12184	0.34873	0.02794	0.01244	0.01382	0.08947	0.01402	0.01996	0.03767	0.01652	0.03031	0.00623	0.00561	0.00174	0.00681	0.00516	0.00344	0.17217
3	0.01356	0.01261	0.03584	0.16944	0.22238	0.01253	0.04217	0.07709	0.09028	0.02091	0.05693	0.01976	0.05724	0.00677	0.00592	0.00175	0.00627	0.00602	0.00394	0.13858
4	0.01677	0.04133	0.10224	0.07094	0.27842	0.01353	0.03486	0.08766	0.07443	0.14798	0.03547	0.01837	0.03745	0.00671	0.00600	0.00185	0.00661	0.00587	0.00439	0.00911
5	0.01121	0.00561	0.00561	0.00561	0.00701	0.00561	0.00421	0.01402	0.01262	0.02243	0.01962	0.02243	0.01542	0.00701	0.00421	0.00140	0.00280	0.00561	0.82198	0.00561
6	0.01247	0.01069	0.01247	0.00891	0.01426	0.00802	0.00713	0.01515	0.01247	0.01960	0.01069	0.01247	0.00891	0.00446	0.00446	0.00089	0.00446	0.00356	0.00356	0.82536
7	0.00861	0.00640	0.00942	0.00942	0.01040	0.00738	0.00721	0.01058	0.00959	0.01378	0.01634	0.02491	0.01559	0.10542	0.70519	0.00936	0.01528	0.00663	0.00326	0.00523
8	0.00733	0.00524	0.00698	0.00838	0.00873	0.00489	0.00558	0.00838	0.01152	0.01536	0.03316	0.78466	0.03979	0.01885	0.00768	0.00244	0.00349	0.01710	0.00558	0.00489
9	0.01551	0.66567	0.09088	0.01131	0.01635	0.02255	0.01152	0.01781	0.01202	0.01459	0.00853	0.01019	0.00773	0.00563	0.00530	0.00145	0.06919	0.00349	0.00258	0.00773
10	0.01496	0.01292	0.01360	0.01224	0.01564	0.01496	0.00952	0.03197	0.74019	0.02516	0.02448	0.02244	0.01836	0.00816	0.00612	0.00204	0.00476	0.00680	0.00612	0.00952
11	0.00751	0.00611	0.00665	0.00651	0.00837	0.00525	0.00488	0.00940	0.01465	0.01848	0.25534	0.05423	0.55282	0.01440	0.00711	0.00199	0.00299	0.01218	0.00588	0.00525
12	0.01883	0.18514	0.02300	0.05321	0.07871	0.28212	0.09103	0.13693	0.01679	0.01932	0.01044	0.01242	0.00846	0.00609	0.00592	0.00166	0.03398	0.00458	0.00341	0.00797
13	0.01184	0.01110	0.01721	0.52621	0.03284	0.01334	0.01459	0.01519	0.01164	0.01590	0.01023	0.01499	0.00814	0.00651	0.00803	0.00193	0.13458	0.00505	0.00281	0.13787
14	0.08442	0.01478	0.02201	0.01736	0.05642	0.03254	0.24419	0.17924	0.04887	0.04517	0.01266	0.01470	0.00962	0.00603	0.00663	0.00178	0.04791	0.00550	0.00410	0.14607
15	0.01056	0.00741	0.01000	0.10803	0.01440	0.00761	0.00790	0.07113	0.01369	0.06398	0.06504	0.45337	0.05560	0.01614	0.04083	0.00259	0.00502	0.03542	0.00531	0.00599
16	0.00729	0.00539	0.00682	0.00797	0.00862	0.00492	0.00540	0.00842	0.01191	0.01552	0.03808	0.65595	0.16532	0.01821	0.00758	0.00237	0.00341	0.01632	0.00558	0.00492
17	0.01759	0.61808	0.02844	0.01117	0.01616	0.05860	0.01056	0.14457	0.01530	0.01839	0.00949	0.01056	0.00817	0.00556	0.00432	0.00139	0.00668	0.00364	0.00321	0.00813
18	0.00873	0.00589	0.00685	0.00685	0.00695	0.00599	0.00401	0.00894	0.00883	0.01188	0.01869	0.03789	0.02123	0.71879	0.09953	0.00619	0.00680	0.00853	0.00361	0.00381
19	0.01598	0.71905	0.02984	0.01048	0.01546	0.02297	0.01022	0.01932	0.08056	0.01519	0.00988	0.01085	0.00872	0.00543	0.00407	0.00136	0.00628	0.00355	0.00291	0.00789
20	0.01391	0.00807	0.01025	0.00886	0.01049	0.00788	0.03489	0.07357	0.01246	0.16956	0.01978	0.05770	0.01954	0.50252	0.02171	0.00440	0.00584	0.00812	0.00468	0.00579
21	0.01165	0.02404	0.51075	0.01567	0.02277	0.01215	0.07557	0.01718	0.01264	0.01864	0.01390	0.11675	0.01222	0.00728	0.00594	0.00187	0.00775	0.00626	0.00311	0.10387

[dist]
# distance from previous block
# <min> <max>
1	2

[block]
# block no. 1 follows, 38 sequences, length 9
# corresponding to MSA columns:
# 165-173
name=unknown_B
#
# <colnr> <probs for GDERKNQSTAVLIFYWHMCP>
#	G	D	E	R	K	N	Q	S	T	A	V	L	I	F	Y	W	H	M	C	P
0	0.01210	0.00805	0.00960	0.00868	0.01096	0.00779	0.00666	0.07503	0.08239	0.10932	0.33159	0.11071	0.17898	0.01213	0.00685	0.00197	0.00370	0.01043	0.00632	0.00675
1	0.01121	0.00561	0.00561	0.00561	0.00701	0.00561	0.00421	0.01402	0.01262	0.02243	0.01962	0.02243	0.01542	0.00701	0.00421	0.00140	0.00280	0.00561	0.82198	0.00561
2	0.02231	0.01616	0.01743	0.01354	0.01821	0.01783	0.01113	0.63050	0.09604	0.07089	0.01585	0.01550	0.01123	0.00732	0.00603	0.00183	0.00637	0.00558	0.00610	0.01016
3	0.00976	0.00913	0.04757	0.00955	0.01211	0.00808	0.05135	0.01498	0.13683	0.02174	0.36978	0.04110	0.22119	0.01158	0.00687	0.00196	0.00396	0.01011	0.00585	0.00648
4	0.01876	0.01481	0.01574	0.01301	0.01709	0.01674	0.01044	0.36790	0.39807	0.03129	0.01966	0.01860	0.01446	0.00771	0.00607	0.00193	0.00565	0.00614	0.00607	0.00986
5	0.00866	0.00622	0.00803	0.00902	0.00979	0.00606	0.00639	0.06040	0.01294	0.01722	0.03170	0.66210	0.03719	0.01781	0.00762	0.00243	0.00391	0.08159	0.00561	0.00533
6	0.02016	0.04953	0.08065	0.01429	0.01932	0.01669	0.06651	0.40874	0.13720	0.10068	0.01619	0.01608	0.01156	0.00701	0.00600	0.00185	0.00663	0.00565	0.00551	0.00974
7	0.01759	0.20674	0.01989	0.04457	0.06051	0.08833	0.01091	0.11539	0.19004	0.08188	0.01479	0.01525	0.01140	0.00664	0.00588	0.00169	0.03617	0.00498	0.00442	0.06292
8	0.18655	0.01419	0.02107	0.03408	0.02122	0.03844	0.27750	0.12924	0.08525	0.02417	0.04926	0.04236	0.01362	0.00701	0.00611	0.00197	0.00720	0.02863	0.00426	0.00787

[dist]
# distance from previous block
# <min> <max>
0	1

[block]
# block no. 2 follows, 38 sequences, length 37
# corresponding to MSA columns:
# 175-211
name=unknown_C
#
# <colnr> <probs for GDERKNQSTAVLIFYWHMCP>
#	G	D	E	R	K	N	Q	S	T	A	V	L	I	F	Y	W	H	M	C	P
0	0.01992	0.02381	0.01808	0.01760	0.08993	0.51860	0.01259	0.04654	0.01558	0.01598	0.00940	0.01182	0.00804	0.00700	0.00830	0.00179	0.16030	0.00435	0.00310	0.00726
1	0.01052	0.00667	0.00822	0.00752	0.00956	0.00591	0.00575	0.01288	0.01602	0.11818	0.43905	0.04573	0.26601	0.01257	0.00696	0.00193	0.00320	0.01081	0.00641	0.00609
2	0.00860	0.00641	0.00948	0.00948	0.01049	0.00742	0.00729	0.01062	0.00961	0.01383	0.01628	0.02456	0.01544	0.08915	0.72126	0.00944	0.01550	0.00658	0.00325	0.00527
3	0.09538	0.01041	0.01271	0.01045	0.01429	0.01011	0.00860	0.09883	0.05747	0.42158	0.05715	0.02493	0.01784	0.00840	0.00600	0.00193	0.00501	0.07512	0.05490	0.00890
4	0.01121	0.00561	0.00561	0.00561	0.00701	0.00561	0.00421	0.01402	0.01262	0.02243	0.01962	0.02243	0.01542	0.00701	0.00421	0.00140	0.00280	0.00561	0.82198	0.00561
5	0.00733	0.00524	0.00698	0.00838	0.00873	0.00489	0.00558	0.00838	0.01152	0.01536	0.03316	0.78466	0.03979	0.01885	0.00768	0.00244	0.00349	0.01710	0.00558	0.00489
6	0.00878	0.00610	0.00780	0.00738	0.00879	0.00567	0.00553	0.01161	0.01660	0.02396	0.67642	0.04273	0.05270	0.01178	0.00681	0.00184	0.00283	0.01036	0.08664	0.00567
7	0.01121	0.00561	0.00561	0.00561	0.00701	0.00561	0.00421	0.01402	0.01262	0.02243	0.01962	0.02243	0.01542	0.00701	0.00421	0.00140	0.00280	0.00561	0.82198	0.00561
8	0.83108	0.01163	0.00884	0.00791	0.01163	0.01350	0.00651	0.01768	0.01024	0.02699	0.00838	0.00977	0.00651	0.00558	0.00372	0.00186	0.00465	0.00326	0.00372	0.00651
9	0.01594	0.01464	0.02355	0.05013	0.55930	0.01499	0.05671	0.12376	0.04191	0.02241	0.01228	0.01520	0.00989	0.00573	0.00604	0.00182	0.00717	0.00552	0.00353	0.00948
10	0.00867	0.00614	0.00813	0.00813	0.00868	0.00669	0.00561	0.00976	0.00921	0.01283	0.01752	0.03140	0.01841	0.41212	0.40235	0.00777	0.01104	0.00758	0.00343	0.00452
11	0.00861	0.00581	0.00677	0.00690	0.00699	0.00584	0.00404	0.00883	0.00905	0.01213	0.02009	0.10622	0.02312	0.67716	0.06949	0.00574	0.00619	0.00938	0.00380	0.00385
12	0.01430	0.01405	0.02737	0.25902	0.09948	0.01436	0.38131	0.04357	0.01412	0.05435	0.01227	0.01619	0.00914	0.00558	0.00657	0.00198	0.00884	0.00628	0.00324	0.00797
13	0.83108	0.01163	0.00884	0.00791	0.01163	0.01350	0.00651	0.01768	0.01024	0.02699	0.00838	0.00977	0.00651	0.00558	0.00372	0.00186	0.00465	0.00326	0.00372	0.00651
14	0.01198	0.01133	0.01917	0.64436	0.16634	0.01353	0.01702	0.01591	0.01232	0.01612	0.01080	0.01584	0.00828	0.00590	0.00600	0.00197	0.00787	0.00535	0.00273	0.00718
15	0.74361	0.01220	0.00984	0.00855	0.01239	0.01405	0.00705	0.09488	0.01219	0.02817	0.00903	0.01028	0.00692	0.00576	0.00397	0.00186	0.00487	0.00349	0.00397	0.00692
16	0.01331	0.01369	0.09077	0.20149	0.14898	0.01204	0.06140	0.01692	0.01278	0.05417	0.01259	0.01555	0.02677	0.00592	0.00644	0.00167	0.05238	0.00507	0.00330	0.24476
17	0.14612	0.01784	0.01907	0.05386	0.07823	0.22503	0.12708	0.06980	0.08327	0.05229	0.01215	0.01403	0.00942	0.00645	0.00660	0.00187	0.06020	0.00506	0.00380	0.00785
18	0.01574	0.01331	0.01404	0.01240	0.01594	0.01533	0.00971	0.10057	0.67033	0.02642	0.02350	0.02166	0.01757	0.00807	0.00611	0.00202	0.00494	0.00667	0.00611	0.00959
19	0.01277	0.01392	0.08853	0.01313	0.01617	0.01376	0.01160	0.01520	0.01088	0.01701	0.00932	0.01284	0.00828	0.00759	0.01215	0.00185	0.38777	0.00449	0.00300	0.33975
20	0.02699	0.01024	0.01396	0.01070	0.01536	0.00884	0.00884	0.02932	0.01722	0.75522	0.02373	0.02048	0.01489	0.00745	0.00605	0.00186	0.00512	0.00605	0.00745	0.01024
21	0.00948	0.00841	0.05383	0.00987	0.01105	0.00839	0.00799	0.01133	0.01005	0.01435	0.01743	0.03057	0.01771	0.23893	0.34781	0.00653	0.08574	0.07591	0.02938	0.00525
22	0.01515	0.01298	0.01418	0.01437	0.08730	0.05528	0.01019	0.02740	0.50361	0.05878	0.02418	0.05197	0.04152	0.00882	0.00627	0.00203	0.00530	0.04613	0.00564	0.00889
23	0.01316	0.01316	0.01843	0.01579	0.01579	0.01843	0.01316	0.01448	0.00921	0.01448	0.00790	0.01316	0.00790	0.01053	0.01974	0.00263	0.77757	0.00526	0.00263	0.00658
24	0.02441	0.01438	0.01653	0.01267	0.01742	0.01499	0.01047	0.46919	0.02416	0.30556	0.01791	0.01669	0.01197	0.00731	0.00603	0.00183	0.00606	0.00565	0.00655	0.01023
25	0.00871	0.00647	0.00820	0.00825	0.00951	0.00626	0.00599	0.01226	0.08072	0.02138	0.45129	0.28208	0.04780	0.01404	0.00720	0.00208	0.00322	0.01252	0.00624	0.00577
26	0.01423	0.11068	0.22362	0.01932	0.02534	0.04267	0.33129	0.05297	0.01400	0.01895	0.01204	0.04649	0.00980	0.00624	0.00688	0.00193	0.04625	0.00607	0.00309	0.00813
27	0.01857	0.10173	0.16936	0.01340	0.01864	0.05285	0.01275	0.28873	0.12563	0.08207	0.01519	0.01536	0.01107	0.00679	0.00564	0.00178	0.00672	0.00517	0.03932	0.00923
28	0.42809	0.01191	0.01199	0.00995	0.01340	0.01314	0.04216	0.17575	0.01449	0.05770	0.01249	0.01693	0.01060	0.14741	0.00936	0.00257	0.00559	0.00504	0.00435	0.00706
29	0.01316	0.01316	0.01843	0.01579	0.01579	0.01843	0.01316	0.01448	0.00921	0.01448	0.00790	0.01316	0.00790	0.01053	0.01974	0.00263	0.77757	0.00526	0.00263	0.00658
30	0.01396	0.01171	0.01588	0.01356	0.01478	0.04032	0.04563	0.04092	0.01123	0.08784	0.01264	0.01886	0.01158	0.10780	0.14310	0.00402	0.39010	0.00600	0.00348	0.00661
31	0.00862	0.00622	0.00819	0.00789	0.00930	0.00579	0.00604	0.01145	0.01674	0.02357	0.68305	0.04701	0.05476	0.01269	0.00721	0.00197	0.00308	0.07423	0.00652	0.00566
32	0.00874	0.00586	0.00669	0.00669	0.00673	0.00590	0.00380	0.00883	0.00879	0.01176	0.01884	0.03874	0.02160	0.75887	0.05996	0.00599	0.00624	0.00866	0.00363	0.00371
33	0.00942	0.00739	0.01043	0.00961	0.01181	0.00670	0.07718	0.01176	0.01430	0.04922	0.15121	0.09788	0.34363	0.01398	0.00735	0.00219	0.00436	0.16024	0.00556	0.00577
34	0.06507	0.01985	0.01679	0.05170	0.01828	0.34567	0.01170	0.08807	0.01545	0.09023	0.01085	0.01293	0.00867	0.00751	0.00923	0.00193	0.21028	0.00464	0.00369	0.00746
35	0.00792	0.00582	0.00752	0.00870	0.00939	0.00558	0.00612	0.00993	0.04712	0.01614	0.03416	0.63690	0.07778	0.01791	0.00763	0.00243	0.00373	0.08441	0.00561	0.00519
36	0.06070	0.05003	0.14601	0.04775	0.05743	0.03619	0.14377	0.07065	0.21246	0.04140	0.01493	0.01626	0.01127	0.00670	0.00685	0.00196	0.05726	0.00568	0.00409	0.00860

[dist]
# distance from previous block
# <min> <max>
0	27

[block]
# block no. 3 follows, 38 sequences, length 14
# corresponding to MSA columns:
# 239-252
name=unknown_D
#
# <colnr> <probs for GDERKNQSTAVLIFYWHMCP>
#	G	D	E	R	K	N	Q	S	T	A	V	L	I	F	Y	W	H	M	C	P
0	0.01590	0.09654	0.01719	0.04327	0.08069	0.11878	0.01093	0.04898	0.37503	0.02151	0.03543	0.01814	0.01453	0.00724	0.00619	0.00183	0.03285	0.00570	0.00471	0.04455
1	0.31021	0.31501	0.01859	0.00933	0.01365	0.01682	0.00836	0.07326	0.01307	0.06357	0.01064	0.01174	0.00850	0.00570	0.00415	0.00156	0.00538	0.00375	0.06331	0.04340
2	0.01389	0.01292	0.01944	0.21857	0.31950	0.01451	0.01523	0.02108	0.21078	0.01971	0.01451	0.01713	0.01144	0.00663	0.00693	0.00197	0.05771	0.00574	0.00373	0.00860
3	0.00932	0.00631	0.00701	0.00673	0.00814	0.00569	0.00463	0.01044	0.01237	0.07039	0.09655	0.04709	0.36535	0.30580	0.01589	0.00344	0.00423	0.01057	0.00508	0.00497
4	0.00953	0.00729	0.01055	0.01014	0.01083	0.00880	0.00779	0.01081	0.00930	0.01343	0.01442	0.02274	0.01398	0.10137	0.49869	0.10339	0.13241	0.00632	0.00310	0.00509
5	0.01121	0.00561	0.00561	0.00561	0.00701	0.00561	0.00421	0.01402	0.01262	0.02243	0.01962	0.02243	0.01542	0.00701	0.00421	0.00140	0.00280	0.00561	0.82198	0.00561
6	0.00733	0.00524	0.00698	0.00838	0.00873	0.00489	0.00558	0.00838	0.01152	0.01536	0.03316	0.78466	0.03979	0.01885	0.00768	0.00244	0.00349	0.01710	0.00558	0.00489
7	0.01247	0.01069	0.01247	0.00891	0.01426	0.00802	0.00713	0.01515	0.01247	0.01960	0.01069	0.01247	0.00891	0.00446	0.00446	0.00089	0.00446	0.00356	0.00356	0.82536
8	0.01582	0.74184	0.07956	0.01075	0.01614	0.02315	0.01108	0.01808	0.01225	0.01448	0.00852	0.00985	0.00771	0.00518	0.00398	0.00133	0.00660	0.00330	0.00257	0.00780
9	0.11588	0.14430	0.01844	0.01364	0.01730	0.48783	0.01080	0.09226	0.01661	0.01836	0.00955	0.01089	0.00785	0.00606	0.00504	0.00157	0.00902	0.00385	0.00338	0.00736
10	0.00859	0.00645	0.00967	0.00967	0.01074	0.00752	0.00752	0.01074	0.00967	0.01396	0.01611	0.02363	0.01504	0.04512	0.76474	0.00967	0.01611	0.00645	0.00322	0.00537
11	0.01308	0.02760	0.63124	0.01651	0.02456	0.01320	0.05056	0.01942	0.01333	0.07437	0.05091	0.01514	0.01083	0.00617	0.00587	0.00191	0.00834	0.00502	0.00314	0.00879
12	0.00808	0.00613	0.00744	0.00711	0.00872	0.00549	0.00533	0.01051	0.01600	0.02168	0.53488	0.04895	0.27129	0.01321	0.00710	0.00194	0.00290	0.01144	0.00630	0.00549
13	0.01175	0.03659	0.01527	0.01539	0.13942	0.03695	0.05327	0.01538	0.06970	0.01959	0.22705	0.07166	0.09332	0.02595	0.00868	0.00204	0.10376	0.00835	0.00463	0.04125

[dist]
# distance from previous block
# <min> <max>
0	2

[block]
# block no. 4 follows, 38 sequences, length 11
# corresponding to MSA columns:
# 256-266
name=unknown_E
#
# <colnr> <probs for GDERKNQSTAVLIFYWHMCP>
#	G	D	E	R	K	N	Q	S	T	A	V	L	I	F	Y	W	H	M	C	P
0	0.01608	0.66364	0.10754	0.01124	0.01676	0.02244	0.01163	0.06225	0.01327	0.01614	0.00900	0.01027	0.00786	0.00534	0.00419	0.00138	0.00671	0.00348	0.00278	0.00800
1	0.01682	0.01480	0.01512	0.03194	0.01650	0.11902	0.01008	0.21166	0.07755	0.04414	0.01515	0.09998	0.01334	0.00833	0.00771	0.00180	0.11264	0.00624	0.00456	0.17264
2	0.02142	0.01561	0.01685	0.01331	0.01781	0.01727	0.01087	0.53877	0.18052	0.07820	0.01716	0.01652	0.01226	0.00744	0.00604	0.00186	0.00613	0.00575	0.00613	0.01008
3	0.00733	0.00524	0.00698	0.00838	0.00873	0.00489	0.00558	0.00838	0.01152	0.01536	0.03316	0.78466	0.03979	0.01885	0.00768	0.00244	0.00349	0.01710	0.00558	0.00489
4	0.01603	0.14479	0.03735	0.08097	0.16779	0.09562	0.09423	0.07063	0.01489	0.08165	0.03173	0.10921	0.01414	0.00757	0.00593	0.00182	0.00712	0.00665	0.00391	0.00799
5	0.01575	0.47835	0.02422	0.01007	0.01524	0.01805	0.00932	0.05532	0.01335	0.04597	0.01001	0.01120	0.00850	0.00513	0.00424	0.00121	0.00578	0.00355	0.00325	0.26149
6	0.00755	0.00605	0.00675	0.00671	0.00843	0.00524	0.00498	0.00944	0.01455	0.01856	0.26631	0.10728	0.48774	0.01461	0.00715	0.00202	0.00302	0.01247	0.00590	0.00524
7	0.05114	0.01343	0.02231	0.09923	0.28799	0.01357	0.16413	0.09497	0.01552	0.08856	0.04840	0.01862	0.04154	0.00648	0.00622	0.00189	0.00715	0.00625	0.00400	0.00860
8	0.01487	0.19100	0.06503	0.13750	0.05336	0.15972	0.01195	0.01774	0.03093	0.04652	0.01449	0.11582	0.01369	0.01010	0.04653	0.00224	0.03372	0.02416	0.00350	0.00712
9	0.02540	0.01082	0.01341	0.01052	0.01481	0.04879	0.00859	0.02772	0.01681	0.65293	0.02261	0.02013	0.01456	0.00734	0.00586	0.00181	0.00523	0.00590	0.07709	0.00967
10	0.00762	0.00543	0.00721	0.00826	0.00870	0.00521	0.00556	0.00877	0.01149	0.01548	0.07536	0.61813	0.03748	0.08695	0.06515	0.00323	0.00458	0.01521	0.00531	0.00486

[dist]
# distance from previous block
# <min> <max>
0	1

[block]
# block no. 5 follows, 38 sequences, length 15
# corresponding to MSA columns:
# 268-282
name=unknown_F
#
# <colnr> <probs for GDERKNQSTAVLIFYWHMCP>
#	G	D	E	R	K	N	Q	S	T	A	V	L	I	F	Y	W	H	M	C	P
0	0.06008	0.04030	0.07677	0.38687	0.02827	0.05740	0.01415	0.01547	0.01168	0.01602	0.01208	0.08004	0.01093	0.03002	0.00883	0.00219	0.13318	0.00607	0.00301	0.00665
1	0.01237	0.01028	0.01192	0.00864	0.01367	0.00782	0.00689	0.01506	0.01249	0.01983	0.01142	0.01328	0.00944	0.00466	0.00443	0.00093	0.00432	0.00373	0.07004	0.75878
2	0.01791	0.01401	0.03685	0.06053	0.10309	0.01468	0.03750	0.21061	0.27110	0.11475	0.01891	0.04290	0.01426	0.00755	0.00613	0.00193	0.00602	0.00638	0.00547	0.00941
3	0.00899	0.00633	0.00760	0.00745	0.00757	0.00675	0.00463	0.00931	0.00888	0.01209	0.01799	0.03607	0.02029	0.65970	0.11252	0.00608	0.05191	0.00829	0.00354	0.00401
4	0.01748	0.14489	0.09985	0.01351	0.01836	0.01716	0.04597	0.24490	0.25071	0.04582	0.01674	0.01732	0.01269	0.00710	0.00576	0.00184	0.00635	0.01931	0.00499	0.00925
5	0.01569	0.01409	0.10478	0.01383	0.09561	0.02916	0.01087	0.06528	0.05392	0.13698	0.03324	0.05233	0.01300	0.00648	0.00546	0.00150	0.00562	0.00539	0.00445	0.33233
6	0.01823	0.07236	0.26742	0.01656	0.05675	0.01470	0.10374	0.17237	0.01718	0.18067	0.01438	0.01507	0.01002	0.00627	0.00591	0.00184	0.00751	0.00529	0.00442	0.00932
7	0.01645	0.07396	0.12126	0.03719	0.04823	0.05742	0.21939	0.02174	0.09113	0.15326	0.01571	0.03208	0.01181	0.00791	0.03542	0.00217	0.00793	0.00606	0.03246	0.00841
8	0.00932	0.00658	0.00744	0.00711	0.00916	0.00577	0.00537	0.01158	0.03335	0.08066	0.20994	0.09343	0.47049	0.01394	0.00702	0.00201	0.00325	0.01183	0.00599	0.00575
9	0.05931	0.01281	0.08352	0.03937	0.04087	0.01061	0.05445	0.06475	0.03382	0.39567	0.01974	0.07996	0.01455	0.00769	0.00601	0.00187	0.00582	0.00652	0.00575	0.05691
10	0.05489	0.01280	0.01849	0.09972	0.11045	0.01366	0.09616	0.12943	0.10147	0.17115	0.01678	0.06181	0.01306	0.00761	0.00716	0.00199	0.06339	0.00646	0.00485	0.00867
11	0.00910	0.00589	0.00761	0.00840	0.00943	0.00537	0.00596	0.01043	0.01247	0.07819	0.03637	0.56915	0.14182	0.01721	0.00750	0.00235	0.00369	0.05791	0.00574	0.00541
12	0.01756	0.66313	0.02894	0.01062	0.01569	0.02212	0.01026	0.07688	0.01395	0.07872	0.01016	0.01095	0.00853	0.00551	0.00422	0.00138	0.00634	0.00363	0.00326	0.00814
13	0.05013	0.01603	0.09023	0.01901	0.16375	0.01530	0.08356	0.19415	0.22069	0.06067	0.01626	0.01688	0.01208	0.00671	0.00602	0.00190	0.00662	0.00581	0.00480	0.00941
14	0.02019	0.02479	0.04013	0.01455	0.01795	0.56167	0.01136	0.04832	0.05691	0.01693	0.03008	0.01281	0.00983	0.00650	0.00595	0.00159	0.03621	0.00432	0.00347	0.07642

[dist]
# distance from previous block
# <min> <max>
0	1

[block]
# block no. 6 follows, 38 sequences, length 14
# corresponding to MSA columns:
# 284-297
name=unknown_G
#
# <colnr> <probs for GDERKNQSTAVLIFYWHMCP>
#	G	D	E	R	K	N	Q	S	T	A	V	L	I	F	Y	W	H	M	C	P
0	0.04696	0.01423	0.14231	0.01315	0.07069	0.01137	0.01101	0.07146	0.17678	0.06856	0.02464	0.10213	0.12418	0.00910	0.00607	0.00189	0.00540	0.00761	0.00486	0.08760
1	0.00877	0.00655	0.00895	0.01090	0.06371	0.00636	0.00707	0.04351	0.01262	0.01691	0.03059	0.64609	0.03585	0.01717	0.00751	0.00239	0.00404	0.06010	0.00541	0.00552
2	0.05766	0.01244	0.01548	0.01332	0.06970	0.01233	0.01009	0.24537	0.02010	0.41052	0.05615	0.01899	0.01483	0.00739	0.00599	0.00184	0.00560	0.00593	0.00648	0.00980
3	0.01484	0.01343	0.02407	0.31381	0.10256	0.01434	0.24809	0.08112	0.01463	0.07312	0.01244	0.01609	0.00922	0.00598	0.00675	0.00198	0.03009	0.00597	0.00347	0.00800
4	0.01668	0.72375	0.03033	0.01061	0.01572	0.02335	0.01039	0.08096	0.01364	0.01625	0.00890	0.01007	0.00794	0.00533	0.00405	0.00133	0.00645	0.00341	0.00288	0.00794
5	0.01736	0.01096	0.01336	0.01115	0.01429	0.04366	0.04168	0.17896	0.01847	0.22020	0.18919	0.16588	0.02753	0.01046	0.00661	0.00196	0.00512	0.00902	0.00619	0.00795
6	0.01093	0.00697	0.00853	0.00797	0.00847	0.00738	0.00522	0.01138	0.00966	0.08436	0.01825	0.03435	0.01957	0.60536	0.06132	0.00533	0.07835	0.00805	0.00390	0.00464
7	0.83108	0.01163	0.00884	0.00791	0.01163	0.01350	0.00651	0.01768	0.01024	0.02699	0.00838	0.00977	0.00651	0.00558	0.00372	0.00186	0.00465	0.00326	0.00372	0.00651
8	0.08407	0.01067	0.01234	0.15273	0.06412	0.08273	0.00945	0.04651	0.01579	0.02217	0.39406	0.02987	0.03341	0.00928	0.00631	0.00187	0.00518	0.00790	0.00503	0.00651
9	0.01806	0.01386	0.01940	0.18495	0.17457	0.01473	0.04740	0.27452	0.01888	0.10228	0.01360	0.01547	0.00995	0.00632	0.00596	0.00180	0.00691	0.00542	0.00451	0.06140
10	0.00861	0.00639	0.00937	0.00937	0.01034	0.00736	0.00714	0.01055	0.00958	0.01374	0.01639	0.02516	0.01570	0.11743	0.69334	0.00929	0.01511	0.00667	0.00326	0.00520
11	0.00733	0.00524	0.00698	0.00838	0.00873	0.00489	0.00558	0.00838	0.01152	0.01536	0.03316	0.78466	0.03979	0.01885	0.00768	0.00244	0.00349	0.01710	0.00558	0.00489
12	0.01225	0.01069	0.01361	0.16457	0.01978	0.00911	0.00908	0.01519	0.01238	0.01874	0.01069	0.01320	0.00873	0.00477	0.00477	0.00112	0.00518	0.00393	0.00338	0.65883
13	0.83108	0.01163	0.00884	0.00791	0.01163	0.01350	0.00651	0.01768	0.01024	0.02699	0.00838	0.00977	0.00651	0.00558	0.00372	0.00186	0.00465	0.00326	0.00372	0.00651

[dist]
# distance from previous block
# <min> <max>
0	6

[block]
# block no. 7 follows, 38 sequences, length 34
# corresponding to MSA columns:
# 304-337
name=unknown_H
#
# <colnr> <probs for GDERKNQSTAVLIFYWHMCP>
#	G	D	E	R	K	N	Q	S	T	A	V	L	I	F	Y	W	H	M	C	P
0	0.00846	0.00590	0.00704	0.00716	0.00754	0.00595	0.00450	0.00902	0.00957	0.01275	0.02345	0.10223	0.08678	0.53814	0.14121	0.00580	0.00699	0.00945	0.00392	0.00415
1	0.01010	0.00787	0.00979	0.00847	0.01089	0.00725	0.03621	0.07519	0.01636	0.02245	0.35900	0.04079	0.23966	0.01144	0.00663	0.00182	0.00367	0.00986	0.04648	0.07604
2	0.72051	0.01180	0.00960	0.00828	0.01220	0.01325	0.00680	0.05097	0.01128	0.02685	0.00887	0.01023	0.00690	0.00556	0.00390	0.00177	0.00473	0.00339	0.00382	0.07930
3	0.00805	0.00554	0.00712	0.00815	0.00887	0.00522	0.00576	0.00962	0.01241	0.01715	0.09383	0.54329	0.06873	0.01664	0.00728	0.00229	0.00352	0.07662	0.09480	0.00510
4	0.09005	0.02425	0.01541	0.01391	0.01696	0.58523	0.01053	0.05263	0.01695	0.01780	0.09008	0.01463	0.01310	0.00686	0.00549	0.00162	0.00926	0.00465	0.00366	0.00693
5	0.02121	0.17974	0.01991	0.01447	0.01797	0.61790	0.01136	0.02283	0.01609	0.01461	0.00911	0.01061	0.00774	0.00599	0.00511	0.00150	0.00997	0.00374	0.00300	0.00712
6	0.00731	0.00531	0.00690	0.00817	0.00867	0.00490	0.00549	0.00840	0.01171	0.01544	0.03562	0.72021	0.10265	0.01853	0.00763	0.00241	0.00345	0.01671	0.00558	0.00490
7	0.24704	0.01478	0.01811	0.06497	0.33281	0.08462	0.01350	0.06701	0.01363	0.02192	0.01024	0.01298	0.00836	0.00602	0.00623	0.00186	0.05982	0.00462	0.00337	0.00812
8	0.01578	0.01364	0.02038	0.10342	0.42120	0.04811	0.01534	0.04591	0.01395	0.08212	0.01249	0.01557	0.00997	0.00642	0.00742	0.00188	0.09571	0.00536	0.05670	0.00861
9	0.01670	0.01302	0.01401	0.01224	0.01588	0.01474	0.00962	0.09146	0.61525	0.09099	0.02356	0.02159	0.01736	0.00802	0.00611	0.00200	0.00495	0.00662	0.00623	0.00965
10	0.01608	0.79220	0.03152	0.01029	0.01544	0.02380	0.01029	0.01801	0.01222	0.01415	0.00836	0.00965	0.00772	0.00515	0.00386	0.00129	0.00643	0.00322	0.00257	0.00772
11	0.06660	0.00675	0.00929	0.00922	0.01046	0.00778	0.00714	0.01132	0.00982	0.01522	0.01585	0.02320	0.01472	0.06869	0.64530	0.00856	0.01425	0.00627	0.04419	0.00540
12	0.00940	0.00655	0.00760	0.00747	0.00949	0.00575	0.00584	0.01138	0.01454	0.08094	0.16925	0.06939	0.45657	0.01434	0.00719	0.00210	0.00354	0.10707	0.00591	0.00568
13	0.11067	0.02302	0.01635	0.01411	0.01778	0.44945	0.01096	0.22642	0.03784	0.02298	0.01106	0.01206	0.00860	0.00648	0.00543	0.00167	0.00880	0.00432	0.00408	0.00792
14	0.01659	0.00845	0.01088	0.00916	0.01205	0.00786	0.00724	0.04940	0.05136	0.30380	0.37529	0.03229	0.03524	0.00981	0.00648	0.00186	0.00396	0.00839	0.04210	0.00779
15	0.01133	0.00834	0.00986	0.00898	0.01116	0.00853	0.00688	0.03389	0.20792	0.05532	0.46736	0.03724	0.06856	0.01087	0.00670	0.00192	0.00354	0.00942	0.02522	0.00696
16	0.00808	0.00614	0.00746	0.00746	0.00889	0.00561	0.00547	0.01059	0.03462	0.02031	0.40272	0.19503	0.23697	0.01427	0.00719	0.00204	0.00308	0.01249	0.00613	0.00546
17	0.01299	0.01377	0.02657	0.01995	0.02371	0.01445	0.42575	0.01673	0.01339	0.01885	0.13327	0.02021	0.01672	0.00767	0.01033	0.00216	0.20536	0.00726	0.00353	0.00732
18	0.02256	0.00993	0.01341	0.01085	0.01474	0.00902	0.02481	0.05853	0.04790	0.54443	0.02471	0.15324	0.01903	0.00940	0.00636	0.00197	0.00500	0.00800	0.00690	0.00923
19	0.00746	0.00534	0.00710	0.00829	0.00875	0.00497	0.00559	0.00870	0.01212	0.01631	0.11119	0.70390	0.04164	0.01813	0.00761	0.00238	0.00342	0.01642	0.00570	0.00497
20	0.14422	0.01003	0.01246	0.00984	0.01407	0.00924	0.00809	0.02624	0.01578	0.58268	0.02110	0.01907	0.01370	0.00713	0.00554	0.00182	0.00484	0.00560	0.07926	0.00928
21	0.01247	0.01205	0.01741	0.14732	0.01989	0.01629	0.01340	0.01441	0.01021	0.01502	0.01100	0.01963	0.01084	0.01041	0.01610	0.00254	0.55930	0.08228	0.00296	0.00648
22	0.00845	0.00615	0.00795	0.00750	0.00895	0.00565	0.00563	0.01123	0.01688	0.02376	0.71647	0.04553	0.08840	0.01243	0.00710	0.00190	0.00285	0.01096	0.00657	0.00565
23	0.01253	0.01496	0.15945	0.11483	0.07122	0.01102	0.03174	0.03515	0.06011	0.02015	0.07715	0.01683	0.01347	0.00599	0.00546	0.00151	0.00606	0.00510	0.00369	0.33357
24	0.01248	0.01297	0.09383	0.00988	0.01557	0.00882	0.00883	0.01593	0.02804	0.01966	0.01100	0.01271	0.00897	0.00467	0.00463	0.00103	0.00495	0.00373	0.00351	0.71880
25	0.00752	0.00536	0.00708	0.00821	0.00866	0.00501	0.00551	0.00872	0.01200	0.01616	0.11059	0.67270	0.04089	0.05035	0.00857	0.00252	0.00352	0.01607	0.00562	0.00492
26	0.01136	0.01069	0.01804	0.77412	0.04143	0.01337	0.01671	0.01537	0.01203	0.01537	0.01069	0.01604	0.00802	0.00601	0.00601	0.00200	0.00802	0.00535	0.00267	0.00668
27	0.01692	0.61469	0.02789	0.01122	0.01592	0.13065	0.01042	0.02008	0.07512	0.01518	0.00988	0.01092	0.00863	0.00556	0.00428	0.00139	0.00693	0.00362	0.00295	0.00777
28	0.00925	0.00662	0.00888	0.00866	0.00906	0.00748	0.00609	0.00989	0.00903	0.01264	0.01601	0.02891	0.01686	0.35893	0.30477	0.09643	0.07557	0.00720	0.00329	0.00443
29	0.00875	0.00583	0.00656	0.00656	0.00656	0.00583	0.00365	0.00875	0.00875	0.01166	0.01895	0.03937	0.02187	0.78858	0.03062	0.00583	0.00583	0.00875	0.00365	0.00365
30	0.00737	0.00527	0.00702	0.00835	0.00874	0.00492	0.00559	0.00849	0.01173	0.01569	0.06032	0.75654	0.04043	0.01860	0.00766	0.00242	0.00347	0.01687	0.00562	0.00492
31	0.10267	0.06810	0.08652	0.10770	0.03893	0.03071	0.09043	0.03612	0.02362	0.07436	0.11881	0.09014	0.01913	0.00808	0.00584	0.00187	0.00600	0.00700	0.07680	0.00718
32	0.01540	0.02865	0.19510	0.05059	0.04055	0.07793	0.09075	0.07424	0.01466	0.08688	0.01333	0.04646	0.01057	0.00641	0.00604	0.00168	0.02803	0.00535	0.02599	0.18138
33	0.12729	0.11137	0.11510	0.03168	0.08310	0.01474	0.04266	0.16475	0.03241	0.05228	0.02306	0.01480	0.01029	0.03871	0.00629	0.00183	0.00639	0.00483	0.00400	0.11444

[dist]
# distance from previous block
# <min> <max>
2	46

[block]
# block no. 8 follows, 38 sequences, length 39
# corresponding to MSA columns:
# 384-422
name=unknown_I
#
# <colnr> <probs for GDERKNQSTAVLIFYWHMCP>
#	G	D	E	R	K	N	Q	S	T	A	V	L	I	F	Y	W	H	M	C	P
0	0.15131	0.05573	0.01817	0.12274	0.24620	0.01464	0.01288	0.08044	0.11535	0.02218	0.01254	0.01468	0.00992	0.00610	0.00577	0.00179	0.02756	0.00495	0.00378	0.07327
1	0.07935	0.01378	0.08401	0.07082	0.01705	0.05993	0.01028	0.11360	0.12904	0.05529	0.06211	0.07642	0.03610	0.03349	0.00673	0.00201	0.00581	0.04344	0.02489	0.07588
2	0.01488	0.01291	0.09296	0.12652	0.22346	0.01127	0.01316	0.05505	0.01438	0.13014	0.05898	0.02199	0.03502	0.06368	0.00774	0.00212	0.00627	0.02230	0.05672	0.03044
3	0.06772	0.04178	0.01926	0.01597	0.07106	0.08255	0.04931	0.45046	0.02219	0.03004	0.01250	0.01371	0.00939	0.00703	0.00709	0.00186	0.07892	0.00516	0.00483	0.00915
4	0.01416	0.05123	0.01737	0.04089	0.08796	0.02440	0.09012	0.03649	0.04445	0.07004	0.08866	0.01808	0.01495	0.00661	0.00666	0.00159	0.06834	0.00555	0.05167	0.26079
5	0.00756	0.00547	0.00715	0.00809	0.00875	0.00506	0.00555	0.00899	0.01275	0.01718	0.17974	0.59646	0.08028	0.01733	0.00753	0.00231	0.00333	0.01561	0.00580	0.00506
6	0.01312	0.00760	0.00978	0.00879	0.01101	0.00718	0.00674	0.01699	0.08457	0.18650	0.44407	0.11403	0.04204	0.01150	0.00683	0.00196	0.00360	0.01006	0.00665	0.00697
7	0.01113	0.03805	0.04576	0.12279	0.03818	0.03527	0.05632	0.01431	0.05858	0.01646	0.05302	0.24851	0.03160	0.06713	0.01052	0.00246	0.13001	0.00949	0.00409	0.00633
8	0.01456	0.01259	0.08912	0.30652	0.10706	0.01194	0.01363	0.04582	0.06321	0.11769	0.01508	0.01761	0.01109	0.00646	0.00569	0.00185	0.00648	0.00550	0.14026	0.00784
9	0.00875	0.00583	0.00656	0.00656	0.00656	0.00583	0.00365	0.00875	0.00875	0.01166	0.01895	0.03937	0.02187	0.78858	0.03062	0.00583	0.00583	0.00875	0.00365	0.00365
10	0.70280	0.01219	0.01013	0.00872	0.01261	0.01390	0.00719	0.10167	0.01264	0.05876	0.00973	0.01077	0.00730	0.00585	0.00409	0.00185	0.00490	0.00363	0.00415	0.00711
11	0.05593	0.09930	0.40644	0.07867	0.12605	0.01449	0.04786	0.01839	0.01275	0.03882	0.01175	0.04227	0.00935	0.00614	0.00563	0.00186	0.00786	0.00509	0.00295	0.00842
12	0.00776	0.00557	0.00725	0.00824	0.00886	0.00522	0.00573	0.00912	0.01233	0.01648	0.12657	0.54285	0.07576	0.07284	0.00927	0.00262	0.00371	0.06927	0.00558	0.00496
13	0.00832	0.00614	0.00788	0.00820	0.00953	0.00570	0.00632	0.01061	0.01483	0.01998	0.35671	0.18311	0.16387	0.01485	0.00746	0.00220	0.00356	0.15929	0.00604	0.00541
14	0.01163	0.01063	0.01770	0.66334	0.09541	0.01291	0.01600	0.01552	0.01220	0.01619	0.01135	0.01638	0.00864	0.00603	0.00589	0.00195	0.00760	0.00537	0.05843	0.00684
15	0.01454	0.01440	0.02398	0.15563	0.55041	0.04249	0.07433	0.01823	0.01359	0.01874	0.01121	0.01503	0.00918	0.00548	0.00604	0.00183	0.00767	0.00544	0.00294	0.00886
16	0.00817	0.00605	0.00777	0.00859	0.00975	0.00565	0.00661	0.01010	0.01350	0.01767	0.14881	0.31118	0.18475	0.01644	0.00766	0.00237	0.00390	0.22007	0.00573	0.00524
17	0.01045	0.00522	0.00784	0.00784	0.00784	0.00522	0.00522	0.00784	0.00784	0.01045	0.01045	0.01829	0.01045	0.02090	0.02351	0.82497	0.00522	0.00522	0.00261	0.00261
18	0.02287	0.01685	0.01805	0.01384	0.01866	0.01866	0.01143	0.73100	0.02828	0.03791	0.01444	0.01444	0.01023	0.00722	0.00602	0.00181	0.00662	0.00542	0.00602	0.01023
19	0.12761	0.05440	0.01591	0.06471	0.04111	0.07656	0.04146	0.11312	0.01476	0.02208	0.01072	0.01257	0.00856	0.00533	0.00489	0.00138	0.00601	0.00412	0.00372	0.37098
20	0.09669	0.15127	0.02062	0.06907	0.13992	0.07706	0.01295	0.03656	0.01193	0.01726	0.00908	0.01254	0.00806	0.00749	0.01060	0.00203	0.30194	0.00462	0.00292	0.00740
21	0.01718	0.01832	0.01780	0.36222	0.07861	0.32276	0.01423	0.02004	0.01454	0.06290	0.01100	0.01411	0.00845	0.00614	0.00577	0.00179	0.00894	0.00479	0.00318	0.00722
22	0.00826	0.00574	0.00659	0.00687	0.00719	0.00555	0.00415	0.00866	0.00992	0.01298	0.02697	0.19362	0.11404	0.53740	0.02308	0.00468	0.00502	0.01093	0.00428	0.00407
23	0.01420	0.01359	0.02318	0.18003	0.61330	0.01411	0.01812	0.01786	0.01337	0.01882	0.01119	0.01511	0.00924	0.00549	0.00597	0.00183	0.00732	0.00536	0.00292	0.00898
24	0.02266	0.01790	0.01554	0.01285	0.01673	0.26304	0.01018	0.22993	0.02021	0.23207	0.05823	0.01701	0.01361	0.00723	0.00583	0.00173	0.00725	0.00541	0.03387	0.00872
25	0.08235	0.01367	0.01381	0.01196	0.01536	0.07999	0.00945	0.07512	0.37505	0.13951	0.06313	0.02041	0.01712	0.00798	0.00662	0.00196	0.04575	0.00621	0.00571	0.00884
26	0.00785	0.00605	0.00703	0.00691	0.00844	0.00538	0.00506	0.00982	0.01473	0.01938	0.35950	0.09329	0.35566	0.06381	0.00865	0.00224	0.00316	0.01190	0.00592	0.00524
27	0.01978	0.37004	0.02419	0.01223	0.01719	0.02100	0.01091	0.40622	0.02097	0.02709	0.01167	0.01226	0.00909	0.00628	0.00503	0.00157	0.00653	0.00441	0.00445	0.00909
28	0.01346	0.01066	0.01258	0.00903	0.01433	0.00808	0.00724	0.01611	0.01280	0.06964	0.01158	0.01302	0.00932	0.00466	0.00456	0.00096	0.00450	0.00373	0.00383	0.76991
29	0.01330	0.01356	0.02064	0.01704	0.01783	0.01801	0.10618	0.01510	0.00986	0.01510	0.00845	0.01356	0.00806	0.00982	0.01810	0.00255	0.67788	0.00550	0.00269	0.00678
30	0.07209	0.19395	0.34040	0.01320	0.01904	0.01430	0.01486	0.01789	0.01286	0.06549	0.01526	0.04851	0.01373	0.00800	0.00569	0.00193	0.00704	0.12438	0.00356	0.00784
31	0.00790	0.00559	0.00670	0.00734	0.00775	0.00530	0.00465	0.00856	0.01063	0.01392	0.03061	0.38486	0.11864	0.33989	0.01719	0.00381	0.00441	0.01308	0.00477	0.00439
32	0.00847	0.00644	0.00787	0.00779	0.00933	0.00602	0.00587	0.01154	0.05324	0.02100	0.42671	0.13156	0.20938	0.01377	0.00719	0.00205	0.00323	0.05671	0.00617	0.00564
33	0.01561	0.01635	0.02998	0.02341	0.07927	0.07456	0.49634	0.01971	0.01403	0.06567	0.01215	0.01564	0.00928	0.00593	0.00821	0.00203	0.09399	0.00645	0.00328	0.00809
34	0.01909	0.01688	0.27290	0.01222	0.01791	0.01011	0.01285	0.02303	0.01502	0.38645	0.02155	0.02059	0.06501	0.00736	0.00586	0.00185	0.00611	0.00593	0.07024	0.00903
35	0.00818	0.00608	0.00709	0.00684	0.00850	0.00544	0.00513	0.01051	0.01539	0.02093	0.42341	0.04818	0.32206	0.01302	0.00687	0.00191	0.00292	0.01117	0.07093	0.00544
36	0.02061	0.01551	0.06911	0.01285	0.01748	0.01527	0.01109	0.45045	0.07878	0.13850	0.09176	0.01894	0.01613	0.00774	0.00612	0.00185	0.00603	0.00611	0.00605	0.00961
37	0.01286	0.01022	0.05957	0.12433	0.01686	0.00950	0.00952	0.10351	0.03721	0.08828	0.30121	0.07256	0.03037	0.01161	0.02853	0.05813	0.00530	0.00826	0.00533	0.00686
38	0.02292	0.01231	0.07276	0.01132	0.01589	0.01023	0.00988	0.12714	0.01806	0.50583	0.05571	0.06515	0.02805	0.00828	0.00618	0.00189	0.00540	0.00680	0.00668	0.00953

[dist]
# distance from previous block
# <min> <max>
4	7

[block]
# block no. 9 follows, 38 sequences, length 26
# corresponding to MSA columns:
# 430-455
name=unknown_J
#
# <colnr> <probs for GDERKNQSTAVLIFYWHMCP>
#	G	D	E	R	K	N	Q	S	T	A	V	L	I	F	Y	W	H	M	C	P
0	0.01008	0.00717	0.00833	0.00755	0.00978	0.00645	0.00579	0.05260	0.01609	0.06899	0.33738	0.04595	0.34587	0.01266	0.00687	0.00191	0.00335	0.01076	0.00608	0.03633
1	0.69269	0.14417	0.01269	0.00832	0.01228	0.01525	0.00716	0.01774	0.01057	0.02481	0.00837	0.00975	0.00672	0.00551	0.00375	0.00176	0.00496	0.00325	0.00353	0.00672
2	0.01383	0.01335	0.05720	0.13004	0.17066	0.01340	0.11403	0.02118	0.20563	0.04365	0.06540	0.01968	0.01511	0.00701	0.00671	0.00195	0.03837	0.00634	0.04815	0.00831
3	0.08736	0.01477	0.02922	0.07072	0.02817	0.01431	0.53358	0.04050	0.01422	0.02055	0.04920	0.01691	0.01127	0.00559	0.00660	0.00196	0.00883	0.00666	0.00337	0.03620
4	0.21940	0.01528	0.03439	0.01284	0.05339	0.14052	0.02545	0.13174	0.01647	0.20069	0.01572	0.01662	0.02858	0.00689	0.00537	0.00180	0.00638	0.01887	0.04137	0.00823
5	0.01386	0.24696	0.50488	0.01510	0.02256	0.06393	0.01817	0.01907	0.01284	0.01739	0.01001	0.01172	0.00766	0.00558	0.00517	0.00171	0.00832	0.00406	0.00258	0.00844
6	0.11138	0.01217	0.01412	0.01107	0.01539	0.01228	0.00910	0.25579	0.01986	0.37893	0.04874	0.01844	0.01421	0.00735	0.00575	0.00182	0.00536	0.00572	0.04307	0.00944
7	0.17640	0.00920	0.01013	0.00896	0.01156	0.00945	0.00696	0.12395	0.01639	0.10496	0.27584	0.12239	0.05765	0.03163	0.00686	0.00205	0.00420	0.00878	0.00579	0.00686
8	0.01284	0.21998	0.51790	0.01472	0.02202	0.01584	0.01795	0.01809	0.01240	0.01740	0.01111	0.01464	0.00903	0.04791	0.00665	0.00198	0.00803	0.02061	0.00268	0.00824
9	0.00845	0.00571	0.00665	0.00694	0.00701	0.00564	0.00405	0.00867	0.00932	0.01243	0.02189	0.19344	0.02557	0.62946	0.02588	0.00513	0.00535	0.01048	0.00405	0.00390
10	0.00827	0.00564	0.00735	0.00830	0.00898	0.00536	0.00593	0.00938	0.01179	0.01581	0.05354	0.44372	0.08997	0.06156	0.01027	0.07652	0.00401	0.12201	0.04679	0.00479
11	0.04659	0.01234	0.01506	0.06237	0.05675	0.01279	0.01022	0.23551	0.08741	0.29638	0.01867	0.01812	0.01288	0.00714	0.00580	0.00183	0.00561	0.00572	0.07944	0.00937
12	0.01035	0.00522	0.00781	0.00785	0.00787	0.00521	0.00524	0.00785	0.00795	0.01060	0.01117	0.04259	0.01138	0.02083	0.02301	0.79889	0.00517	0.00560	0.00271	0.00268
13	0.00784	0.00549	0.00704	0.00807	0.00839	0.00526	0.00533	0.00872	0.01094	0.01456	0.02939	0.54715	0.03482	0.21875	0.01368	0.00334	0.00422	0.05732	0.00508	0.00460
14	0.00751	0.00546	0.00711	0.00827	0.00889	0.00506	0.00572	0.00881	0.01219	0.01613	0.08051	0.63431	0.10429	0.01799	0.00762	0.00239	0.00352	0.05359	0.00565	0.00499
15	0.01966	0.06710	0.01829	0.06452	0.01938	0.46495	0.01215	0.08486	0.01597	0.01677	0.00953	0.01188	0.00802	0.00704	0.00814	0.00179	0.15519	0.00433	0.00322	0.00722
16	0.01233	0.01896	0.28825	0.04105	0.02413	0.01276	0.23754	0.04341	0.01343	0.01886	0.01463	0.02212	0.01248	0.01244	0.11334	0.00314	0.00978	0.09032	0.00328	0.00773
17	0.00775	0.00574	0.00730	0.00843	0.00910	0.00546	0.00578	0.00969	0.04886	0.01599	0.03519	0.66541	0.10230	0.01793	0.00756	0.00239	0.00356	0.03081	0.00561	0.00515
18	0.01372	0.01337	0.01840	0.01568	0.01596	0.01844	0.01306	0.05540	0.01030	0.01582	0.00827	0.01323	0.00803	0.01034	0.01896	0.00259	0.73355	0.00527	0.00283	0.00679
19	0.01119	0.01019	0.01643	0.45695	0.08902	0.01173	0.04014	0.01561	0.06034	0.01769	0.11350	0.08124	0.03489	0.00812	0.00636	0.00201	0.00665	0.00734	0.00376	0.00684
20	0.66815	0.05905	0.01095	0.00845	0.01239	0.01347	0.00707	0.01934	0.01134	0.12874	0.01054	0.01127	0.00777	0.00582	0.00406	0.00183	0.00483	0.00365	0.00418	0.00711
21	0.00796	0.00612	0.00735	0.00808	0.00915	0.00579	0.00566	0.01052	0.07147	0.01686	0.07849	0.50109	0.21577	0.01672	0.00738	0.00228	0.00345	0.01483	0.00569	0.00535
22	0.65161	0.01024	0.00844	0.00801	0.01100	0.01162	0.00631	0.01566	0.01052	0.02446	0.01378	0.17859	0.01376	0.00847	0.00458	0.00199	0.00440	0.00627	0.00413	0.00616
23	0.65423	0.01405	0.01129	0.01149	0.07899	0.10967	0.00824	0.01856	0.01142	0.02476	0.00876	0.01037	0.00694	0.00564	0.00414	0.00181	0.00567	0.00353	0.00358	0.00684
24	0.23504	0.01366	0.01330	0.01140	0.01509	0.03534	0.00908	0.22978	0.27267	0.02846	0.01739	0.06432	0.01389	0.00782	0.00553	0.00194	0.00536	0.00602	0.00533	0.00856
25	0.06116	0.02794	0.01767	0.17862	0.12253	0.02548	0.03437	0.15774	0.01524	0.02139	0.02746	0.02069	0.01257	0.01046	0.05754	0.00257	0.12092	0.07421	0.00384	0.00761

[dist]
# distance from previous block
# <min> <max>
0	62

[block]
# block no. 10 follows, 38 sequences, length 23
# corresponding to MSA columns:
# 518-540
name=unknown_K
#
# <colnr> <probs for GDERKNQSTAVLIFYWHMCP>
#	G	D	E	R	K	N	Q	S	T	A	V	L	I	F	Y	W	H	M	C	P
0	0.05122	0.01300	0.01973	0.19010	0.35616	0.01393	0.01517	0.06946	0.07905	0.09778	0.01367	0.01611	0.01043	0.00621	0.00617	0.00189	0.02171	0.00547	0.00390	0.00884
1	0.10247	0.04403	0.01587	0.03263	0.07047	0.01238	0.03126	0.17110	0.01630	0.11029	0.01314	0.02607	0.01012	0.00590	0.00516	0.00147	0.00555	0.00471	0.00447	0.31662
2	0.51819	0.01229	0.01416	0.05723	0.20562	0.01349	0.02449	0.01838	0.01166	0.06137	0.01012	0.01211	0.00786	0.00563	0.00461	0.00185	0.00561	0.00413	0.00365	0.00753
3	0.01850	0.01862	0.16322	0.09067	0.09747	0.01663	0.01470	0.42062	0.05096	0.02964	0.01345	0.01463	0.00976	0.00666	0.00596	0.00185	0.00718	0.00527	0.00470	0.00952
4	0.13914	0.01572	0.01629	0.01283	0.01735	0.01756	0.01054	0.56091	0.09370	0.03511	0.01452	0.01453	0.01047	0.00707	0.00570	0.00184	0.00616	0.00524	0.00570	0.00962
5	0.12675	0.00691	0.00694	0.00670	0.00883	0.00644	0.00511	0.01057	0.01398	0.01963	0.21263	0.04792	0.48072	0.01316	0.00662	0.00197	0.00323	0.01091	0.00556	0.00543
6	0.01049	0.00669	0.00783	0.00722	0.00933	0.00584	0.00546	0.01243	0.01490	0.12528	0.25317	0.04763	0.39865	0.05820	0.00832	0.00219	0.00345	0.01098	0.00604	0.00592
