[name]
unknown

[dist]
# distance from previous block
# <min> <max>
45	617

[block]
# block no. 0 follows, 43 sequences, length 15
# corresponding to MSA columns:
# 741-755
name=unknown_A
#
# <colnr> <probs for GDERKNQSTAVLIFYWHMCP>
#	G	D	E	R	K	N	Q	S	T	A	V	L	I	F	Y	W	H	M	C	P
0	0.00923	0.00714	0.01063	0.00907	0.01131	0.00641	0.11050	0.01150	0.01373	0.07214	0.27904	0.11446	0.29982	0.01162	0.00652	0.00185	0.00384	0.01037	0.00525	0.00558
1	0.01484	0.01520	0.12147	0.03376	0.01596	0.11769	0.03557	0.16324	0.06057	0.07452	0.11775	0.02018	0.01654	0.10521	0.00923	0.00219	0.05886	0.00590	0.00424	0.00709
2	0.72675	0.01091	0.00939	0.00831	0.01125	0.01307	0.00686	0.01586	0.00929	0.02322	0.00765	0.00944	0.00618	0.00578	0.00551	0.00181	0.11616	0.00326	0.00329	0.00601
3	0.01484	0.53097	0.11401	0.01239	0.01761	0.01904	0.11561	0.06616	0.01268	0.03772	0.00923	0.01065	0.00763	0.00498	0.00436	0.00139	0.00664	0.00381	0.00277	0.00750
4	0.01178	0.05648	0.03242	0.11904	0.01440	0.00850	0.00768	0.01454	0.06151	0.13615	0.05232	0.13035	0.10125	0.15701	0.02542	0.00257	0.00503	0.00789	0.00439	0.05124
5	0.02060	0.01046	0.01371	0.12091	0.01786	0.01035	0.00944	0.10602	0.10141	0.46896	0.01881	0.01757	0.01249	0.00661	0.00551	0.00171	0.00518	0.00540	0.00581	0.04116
6	0.06935	0.00702	0.00849	0.11784	0.01307	0.00683	0.00673	0.01186	0.01282	0.09435	0.11159	0.04055	0.40944	0.01127	0.00615	0.00187	0.00389	0.05644	0.00491	0.00555
7	0.13911	0.00912	0.01130	0.00895	0.01277	0.00840	0.00735	0.02386	0.01446	0.58210	0.01942	0.01766	0.01267	0.00657	0.00507	0.00167	0.00441	0.00516	0.10150	0.00845
8	0.01270	0.10236	0.01911	0.41971	0.11368	0.01393	0.04251	0.01570	0.01132	0.06903	0.01021	0.01390	0.00799	0.00603	0.00713	0.00182	0.11844	0.00480	0.00281	0.00683
9	0.00874	0.00699	0.00999	0.00960	0.01020	0.00852	0.00740	0.01014	0.00879	0.01272	0.01452	0.07704	0.01464	0.10908	0.47214	0.03644	0.16853	0.00659	0.00303	0.00489
10	0.00854	0.00559	0.00698	0.00707	0.00801	0.00523	0.00488	0.00982	0.01167	0.06587	0.19898	0.27218	0.11878	0.20883	0.03971	0.00305	0.00407	0.01104	0.00496	0.00475
11	0.04178	0.00786	0.00937	0.00795	0.01064	0.00741	0.00623	0.07549	0.01415	0.31554	0.02405	0.07860	0.10189	0.06143	0.00681	0.00190	0.00400	0.00692	0.21102	0.00697
12	0.01301	0.03960	0.01662	0.49937	0.07222	0.01312	0.01351	0.08459	0.11649	0.05878	0.01252	0.01540	0.00930	0.00592	0.00548	0.00179	0.00661	0.00508	0.00343	0.00717
13	0.07231	0.01017	0.03970	0.06925	0.11026	0.01009	0.00932	0.07926	0.11655	0.09259	0.14668	0.11866	0.07066	0.00897	0.00603	0.00183	0.01821	0.00764	0.00480	0.00704
14	0.01752	0.05483	0.01611	0.01486	0.11271	0.01340	0.01044	0.21719	0.03085	0.10963	0.03029	0.02037	0.01416	0.04730	0.13966	0.00347	0.06294	0.00607	0.06960	0.00861

[dist]
# distance from previous block
# <min> <max>
3	24

[block]
# block no. 1 follows, 43 sequences, length 15
# corresponding to MSA columns:
# 780-794
name=unknown_B
#
# <colnr> <probs for GDERKNQSTAVLIFYWHMCP>
#	G	D	E	R	K	N	Q	S	T	A	V	L	I	F	Y	W	H	M	C	P
0	0.07577	0.12990	0.07960	0.01152	0.01546	0.01200	0.10725	0.10973	0.02716	0.07816	0.05198	0.15424	0.03324	0.00796	0.00541	0.00167	0.00547	0.00688	0.00413	0.08249
1	0.01597	0.00931	0.01277	0.01194	0.06936	0.00881	0.03907	0.03173	0.11413	0.29194	0.03458	0.12464	0.01890	0.02160	0.00630	0.00188	0.00479	0.09381	0.00537	0.08310
2	0.08969	0.01208	0.04726	0.01067	0.01499	0.01130	0.00910	0.23958	0.01796	0.44219	0.01753	0.01652	0.01167	0.02646	0.00594	0.00179	0.00526	0.00518	0.00590	0.00894
3	0.03996	0.08027	0.19261	0.01453	0.01910	0.01219	0.21101	0.01708	0.08865	0.04841	0.04501	0.10663	0.03738	0.00769	0.00617	0.00185	0.02700	0.03365	0.00367	0.00714
4	0.00753	0.00609	0.00770	0.00731	0.00906	0.00543	0.03522	0.00962	0.01375	0.01785	0.30724	0.04845	0.40096	0.01281	0.00666	0.00190	0.00325	0.08874	0.00539	0.00503
5	0.01587	0.57745	0.04845	0.01258	0.09201	0.07904	0.01056	0.01794	0.01213	0.07613	0.00927	0.01036	0.00782	0.00502	0.00408	0.00131	0.00628	0.00346	0.00281	0.00745
6	0.05017	0.01509	0.12998	0.01610	0.02123	0.01259	0.28751	0.11155	0.06103	0.18636	0.01484	0.01699	0.01079	0.00607	0.00588	0.00181	0.00709	0.03250	0.00425	0.00818
7	0.00962	0.00481	0.00722	0.00722	0.00722	0.00481	0.00481	0.00722	0.00722	0.00962	0.00962	0.01684	0.00962	0.01924	0.02165	0.83886	0.00481	0.00481	0.00241	0.00241
8	0.07643	0.00656	0.00810	0.08748	0.01171	0.00666	0.00642	0.01098	0.04596	0.01788	0.23352	0.25515	0.16065	0.01239	0.00633	0.00195	0.00361	0.03795	0.00501	0.00523
9	0.08249	0.45159	0.19920	0.01159	0.01703	0.01746	0.05448	0.01770	0.01169	0.07772	0.00958	0.01071	0.00761	0.00506	0.00428	0.00144	0.00641	0.00365	0.00284	0.00748
10	0.00888	0.00611	0.00798	0.00790	0.00880	0.00647	0.00565	0.01098	0.05319	0.04473	0.07999	0.10875	0.02186	0.27779	0.30638	0.00568	0.00840	0.02173	0.00392	0.00482
11	0.03995	0.00984	0.01259	0.00991	0.01385	0.00918	0.00810	0.08938	0.06967	0.57549	0.08462	0.02020	0.01669	0.00723	0.00561	0.00172	0.00462	0.00589	0.00651	0.00894
12	0.01227	0.01064	0.01541	0.04457	0.01649	0.06704	0.18473	0.04067	0.10046	0.07932	0.04847	0.31282	0.02198	0.01038	0.00636	0.00195	0.00568	0.00968	0.00455	0.00651
13	0.05741	0.01244	0.01528	0.01370	0.08049	0.01338	0.05815	0.27170	0.21411	0.08013	0.10819	0.01900	0.01665	0.00711	0.00564	0.00175	0.00528	0.00598	0.00520	0.00838
14	0.04707	0.00832	0.01151	0.18363	0.01660	0.00989	0.00912	0.03954	0.01152	0.01657	0.12329	0.14019	0.06315	0.01341	0.09267	0.00274	0.15926	0.00770	0.03822	0.00561

[dist]
# distance from previous block
# <min> <max>
1	16

[block]
# block no. 2 follows, 43 sequences, length 9
# corresponding to MSA columns:
# 811-819
name=unknown_C
#
# <colnr> <probs for GDERKNQSTAVLIFYWHMCP>
#	G	D	E	R	K	N	Q	S	T	A	V	L	I	F	Y	W	H	M	C	P
0	0.15986	0.00846	0.01078	0.01041	0.05140	0.00845	0.05460	0.02751	0.06460	0.04804	0.15660	0.21014	0.04861	0.01012	0.00581	0.00184	0.00421	0.04583	0.00470	0.06802
1	0.01483	0.00873	0.04385	0.00938	0.01213	0.00752	0.02922	0.05399	0.04168	0.28970	0.06380	0.26672	0.07088	0.01069	0.00608	0.00188	0.00425	0.00932	0.04834	0.00701
2	0.01641	0.06359	0.16869	0.04877	0.07448	0.01171	0.09999	0.05782	0.04675	0.25338	0.01631	0.01987	0.01241	0.00680	0.00570	0.00179	0.00637	0.07660	0.00441	0.00816
3	0.01511	0.01014	0.01193	0.01214	0.10060	0.04903	0.00820	0.02040	0.20669	0.22037	0.02386	0.06205	0.10478	0.11905	0.00888	0.00229	0.00491	0.00712	0.00508	0.00738
4	0.00696	0.00499	0.00662	0.00756	0.00808	0.00464	0.00516	0.00826	0.01161	0.01575	0.17738	0.65031	0.03974	0.01615	0.00696	0.00215	0.00309	0.01460	0.00533	0.00464
5	0.01594	0.45024	0.16377	0.01172	0.01666	0.18758	0.01171	0.01852	0.01255	0.05326	0.00903	0.01016	0.00744	0.00516	0.00429	0.00137	0.00718	0.00344	0.00270	0.00727
6	0.04849	0.01288	0.09935	0.12475	0.04726	0.01197	0.03790	0.07058	0.10120	0.25375	0.03820	0.01655	0.01195	0.00678	0.00689	0.00183	0.09176	0.00532	0.00456	0.00802
7	0.01111	0.00805	0.01118	0.17112	0.01624	0.00888	0.00862	0.04608	0.04591	0.08784	0.27619	0.02685	0.05269	0.01326	0.11138	0.00277	0.06137	0.00719	0.02714	0.00614
8	0.00688	0.00503	0.00651	0.00765	0.00822	0.00466	0.00531	0.00802	0.01100	0.01441	0.03343	0.65987	0.12183	0.01681	0.00705	0.00223	0.00330	0.06808	0.00514	0.00456

[dist]
# distance from previous block
# <min> <max>
0	2

[block]
# block no. 3 follows, 43 sequences, length 8
# corresponding to MSA columns:
# 822-829
name=unknown_D
#
# <colnr> <probs for GDERKNQSTAVLIFYWHMCP>
#	G	D	E	R	K	N	Q	S	T	A	V	L	I	F	Y	W	H	M	C	P
0	0.04166	0.01375	0.06059	0.03735	0.15766	0.09655	0.05032	0.10863	0.01526	0.24732	0.04312	0.04558	0.01299	0.03652	0.00640	0.00183	0.00622	0.00567	0.00456	0.00804
1	0.04602	0.05464	0.10217	0.01344	0.04365	0.09789	0.07289	0.05873	0.19420	0.09037	0.01622	0.04203	0.01335	0.00728	0.00592	0.00178	0.02936	0.06716	0.00423	0.03867
2	0.08482	0.01190	0.01883	0.34891	0.10015	0.01329	0.13093	0.11889	0.01365	0.06020	0.01097	0.01412	0.00819	0.00569	0.00598	0.00181	0.03609	0.00506	0.00329	0.00723
3	0.01324	0.01128	0.01212	0.01115	0.01408	0.01296	0.00878	0.02744	0.67790	0.02244	0.02329	0.02530	0.01857	0.00838	0.00586	0.00195	0.00446	0.08687	0.00558	0.00836
4	0.00825	0.00547	0.00674	0.00674	0.00707	0.00571	0.00434	0.00879	0.00846	0.01188	0.01647	0.03069	0.01768	0.52572	0.21164	0.04620	0.00748	0.00718	0.05966	0.00382
5	0.00698	0.00517	0.00656	0.00741	0.00820	0.00474	0.00524	0.00832	0.01169	0.01536	0.11698	0.52677	0.17362	0.01592	0.00695	0.00214	0.00320	0.06482	0.00524	0.00465
6	0.01088	0.00619	0.00785	0.00709	0.00891	0.00566	0.00544	0.01334	0.01492	0.14348	0.49352	0.03541	0.08416	0.01005	0.00599	0.00168	0.00296	0.00869	0.12794	0.00586
7	0.64908	0.01093	0.01053	0.06226	0.03704	0.01247	0.03546	0.01744	0.06278	0.04489	0.00952	0.01086	0.00726	0.00536	0.00397	0.00174	0.00478	0.00363	0.00357	0.00644

[dist]
# distance from previous block
# <min> <max>
0	2

[block]
# block no. 4 follows, 43 sequences, length 17
# corresponding to MSA columns:
# 832-848
name=unknown_E
#
# <colnr> <probs for GDERKNQSTAVLIFYWHMCP>
#	G	D	E	R	K	N	Q	S	T	A	V	L	I	F	Y	W	H	M	C	P
0	0.01341	0.04618	0.08846	0.01224	0.01461	0.13667	0.03274	0.03477	0.12439	0.03592	0.01289	0.01789	0.01151	0.14672	0.05557	0.00288	0.19792	0.00539	0.00336	0.00646
1	0.11729	0.01238	0.06461	0.08020	0.05666	0.01171	0.04943	0.09937	0.13079	0.29621	0.01640	0.01608	0.01131	0.00630	0.00534	0.00175	0.00556	0.00517	0.00501	0.00841
2	0.00790	0.00516	0.00666	0.00750	0.00813	0.00483	0.00514	0.00909	0.01105	0.04556	0.06240	0.60061	0.04916	0.06544	0.00810	0.00233	0.00338	0.03095	0.06189	0.00472
3	0.01689	0.01345	0.01428	0.01190	0.01559	0.01523	0.00952	0.33898	0.44618	0.02819	0.01858	0.01751	0.01370	0.00714	0.00559	0.00179	0.00512	0.00572	0.00559	0.00905
4	0.00693	0.00505	0.00648	0.00742	0.00801	0.00467	0.00508	0.00810	0.01123	0.01486	0.09668	0.60196	0.11751	0.04767	0.00782	0.00230	0.00326	0.03527	0.00515	0.00455
5	0.02359	0.00906	0.01219	0.00945	0.01347	0.00788	0.00777	0.02577	0.01548	0.70931	0.02152	0.01901	0.01375	0.00682	0.00542	0.00168	0.00453	0.00553	0.07872	0.00906
6	0.01481	0.80869	0.02902	0.00948	0.01421	0.02191	0.00948	0.01658	0.01125	0.01303	0.00770	0.00888	0.00711	0.00474	0.00355	0.00118	0.00592	0.00296	0.00237	0.00711
7	0.00963	0.00598	0.00710	0.00677	0.00851	0.00530	0.00505	0.01139	0.01327	0.11789	0.21303	0.14640	0.31934	0.04005	0.00706	0.00195	0.00314	0.01046	0.06228	0.00540
8	0.15353	0.00863	0.01059	0.00870	0.01204	0.00806	0.00701	0.02108	0.01426	0.46664	0.12316	0.07391	0.01937	0.00790	0.00539	0.00174	0.00416	0.00645	0.03961	0.00778
9	0.00874	0.00568	0.00720	0.00709	0.00841	0.00525	0.00529	0.01094	0.01400	0.05869	0.43409	0.17432	0.09547	0.01199	0.00634	0.00182	0.00294	0.04038	0.09610	0.00526
10	0.00989	0.00608	0.00796	0.00762	0.00816	0.00638	0.00522	0.07246	0.00936	0.01265	0.01302	0.02291	0.01331	0.24830	0.14323	0.39412	0.00668	0.00594	0.00304	0.00369
11	0.02112	0.05211	0.01537	0.01123	0.01541	0.01111	0.05923	0.13886	0.09121	0.46167	0.05024	0.01832	0.01426	0.00682	0.00557	0.00171	0.00519	0.00566	0.00599	0.00893
12	0.02067	0.01047	0.01507	0.05747	0.01686	0.00994	0.08673	0.12175	0.01605	0.48073	0.01896	0.04801	0.01340	0.04919	0.00692	0.00194	0.00552	0.00607	0.00574	0.00852
13	0.00763	0.00521	0.00671	0.00742	0.00822	0.00480	0.00519	0.00902	0.01185	0.03905	0.15100	0.54376	0.10542	0.01533	0.00679	0.00209	0.00314	0.02813	0.03441	0.00482
14	0.14633	0.01221	0.01492	0.03181	0.06317	0.06243	0.09861	0.09784	0.14339	0.10721	0.02843	0.04831	0.01301	0.07596	0.00772	0.00209	0.02907	0.00583	0.00433	0.00732
15	0.06348	0.01151	0.01206	0.03206	0.04924	0.10718	0.02194	0.09706	0.08331	0.08435	0.03234	0.12582	0.01575	0.10628	0.00879	0.03140	0.00549	0.00665	0.00425	0.10107
16	0.01476	0.05220	0.04304	0.01015	0.01344	0.05069	0.02562	0.13474	0.04623	0.15516	0.10780	0.18212	0.02079	0.00895	0.00569	0.00168	0.00487	0.00760	0.00499	0.10947

[dist]
# distance from previous block
# <min> <max>
2	17

[block]
# block no. 5 follows, 43 sequences, length 13
# corresponding to MSA columns:
# 866-878
name=unknown_F
#
# <colnr> <probs for GDERKNQSTAVLIFYWHMCP>
#	G	D	E	R	K	N	Q	S	T	A	V	L	I	F	Y	W	H	M	C	P
0	0.10539	0.01111	0.03654	0.01036	0.03945	0.00997	0.02778	0.08586	0.09410	0.09672	0.01351	0.03228	0.01055	0.00562	0.00468	0.00135	0.00465	0.00453	0.05069	0.35487
1	0.01540	0.03464	0.01491	0.01237	0.01435	0.20002	0.00993	0.03980	0.01219	0.09851	0.03544	0.01445	0.01032	0.03378	0.05189	0.00231	0.30719	0.00475	0.00337	0.08436
2	0.04862	0.00724	0.00892	0.00830	0.01032	0.00702	0.00627	0.01580	0.10765	0.18148	0.25311	0.24166	0.05851	0.01136	0.00622	0.00190	0.00353	0.00991	0.00579	0.00639
3	0.01747	0.03790	0.03998	0.01467	0.11420	0.03909	0.03989	0.16535	0.20605	0.19430	0.01765	0.06036	0.01347	0.00708	0.00560	0.00175	0.00557	0.00596	0.00507	0.00860
4	0.01046	0.00984	0.01661	0.79205	0.03814	0.01230	0.01538	0.01415	0.01107	0.01415	0.00984	0.01477	0.00738	0.00554	0.00554	0.00185	0.00738	0.00492	0.00246	0.00615
5	0.00962	0.00481	0.00722	0.00722	0.00722	0.00481	0.00481	0.00722	0.00722	0.00962	0.00962	0.01684	0.00962	0.01924	0.02165	0.83886	0.00481	0.00481	0.00241	0.00241
6	0.00828	0.00604	0.00800	0.00794	0.00893	0.00593	0.03783	0.01003	0.03539	0.01473	0.06737	0.20675	0.10515	0.23551	0.05968	0.02164	0.00494	0.08983	0.06141	0.00460
7	0.03599	0.12279	0.01694	0.09936	0.06968	0.11312	0.02953	0.04366	0.08956	0.28274	0.01546	0.01624	0.01121	0.00630	0.00524	0.00165	0.00612	0.02183	0.00456	0.00801
8	0.01018	0.00801	0.01065	0.01028	0.01133	0.00941	0.00809	0.01359	0.10983	0.04540	0.01993	0.19094	0.02040	0.05247	0.17909	0.00384	0.17844	0.10825	0.00413	0.00573
9	0.00759	0.00528	0.00669	0.00750	0.00831	0.00499	0.00546	0.00912	0.01160	0.01584	0.09646	0.42758	0.10923	0.04858	0.00764	0.00225	0.00345	0.12875	0.08901	0.00470
10	0.06712	0.07578	0.20711	0.05504	0.03368	0.02698	0.05023	0.09927	0.04574	0.21045	0.01433	0.04554	0.01064	0.00645	0.00563	0.00173	0.02684	0.00516	0.00420	0.00807
11	0.09377	0.07308	0.04763	0.05460	0.01661	0.01270	0.02341	0.23877	0.01702	0.25565	0.01487	0.01577	0.01065	0.00635	0.00517	0.00163	0.00553	0.02821	0.00496	0.07364
12	0.01180	0.01171	0.04444	0.01404	0.01707	0.03180	0.23180	0.09297	0.01383	0.01887	0.11476	0.07172	0.09970	0.00955	0.02607	0.00208	0.11375	0.03233	0.03521	0.00648

[dist]
# distance from previous block
# <min> <max>
12	68

[block]
# block no. 6 follows, 43 sequences, length 10
# corresponding to MSA columns:
# 948-957
name=unknown_G
#
# <colnr> <probs for GDERKNQSTAVLIFYWHMCP>
#	G	D	E	R	K	N	Q	S	T	A	V	L	I	F	Y	W	H	M	C	P
0	0.11202	0.04682	0.01652	0.01854	0.30136	0.01151	0.02821	0.07194	0.01325	0.02037	0.08884	0.01525	0.01279	0.00553	0.00494	0.00144	0.00527	0.00477	0.00351	0.21712
1	0.01423	0.11650	0.05256	0.01259	0.08762	0.06269	0.00940	0.06833	0.14061	0.11527	0.01899	0.22472	0.01784	0.00907	0.00562	0.00177	0.00520	0.00770	0.00454	0.02474
2	0.03349	0.02989	0.03533	0.09232	0.05774	0.01028	0.00924	0.09373	0.11119	0.16174	0.14776	0.04851	0.03369	0.00773	0.00560	0.00169	0.00481	0.02276	0.00495	0.08755
3	0.41130	0.04749	0.08560	0.01018	0.01413	0.09268	0.03379	0.07473	0.03960	0.04620	0.01093	0.05480	0.00906	0.00607	0.00442	0.00166	0.00558	0.00436	0.00364	0.04377
4	0.30865	0.09718	0.01539	0.01203	0.05665	0.09691	0.02724	0.25219	0.04573	0.02501	0.01041	0.01133	0.00797	0.00571	0.00456	0.00162	0.00589	0.00401	0.00396	0.00755
5	0.00972	0.00786	0.08643	0.00773	0.00964	0.00619	0.00694	0.01253	0.01180	0.01870	0.02116	0.10638	0.01991	0.00953	0.00524	0.00174	0.00383	0.18174	0.46753	0.00540
6	0.04904	0.01164	0.01315	0.00980	0.01444	0.06173	0.04168	0.07271	0.01333	0.09798	0.01124	0.01234	0.00871	0.00476	0.00451	0.00110	0.00497	0.00381	0.00378	0.55927
7	0.04809	0.04840	0.04837	0.00866	0.01284	0.00825	0.00725	0.01513	0.01172	0.11821	0.01388	0.10033	0.01241	0.04309	0.00574	0.00141	0.00444	0.00519	0.00388	0.48271
8	0.00675	0.00482	0.00643	0.00771	0.00803	0.00450	0.00514	0.00771	0.01060	0.01414	0.03053	0.80175	0.03663	0.01735	0.00707	0.00225	0.00321	0.01574	0.00514	0.00450
9	0.01183	0.02263	0.49425	0.01957	0.19281	0.01246	0.05514	0.01708	0.01195	0.01772	0.01010	0.01229	0.00760	0.00505	0.00526	0.00165	0.00749	0.00433	0.00254	0.08824

[dist]
# distance from previous block
# <min> <max>
0	2

[block]
# block no. 7 follows, 43 sequences, length 73
# corresponding to MSA columns:
# 960-1006,1008-1033
name=unknown_H
#
# <colnr> <probs for GDERKNQSTAVLIFYWHMCP>
#	G	D	E	R	K	N	Q	S	T	A	V	L	I	F	Y	W	H	M	C	P
0	0.12099	0.00960	0.01252	0.05536	0.01514	0.00889	0.00831	0.02497	0.01481	0.64140	0.01947	0.01745	0.01243	0.00657	0.00531	0.00172	0.00482	0.00523	0.00619	0.00883
1	0.00852	0.01013	0.14187	0.00873	0.01130	0.00723	0.00811	0.01175	0.03361	0.01899	0.38923	0.03722	0.19210	0.03487	0.00750	0.00194	0.03948	0.02678	0.00495	0.00570
2	0.01236	0.23482	0.22348	0.01139	0.01619	0.01328	0.04615	0.05845	0.01325	0.03492	0.15519	0.01932	0.01729	0.02803	0.00572	0.00165	0.00587	0.02952	0.00356	0.06955
3	0.73814	0.01047	0.00880	0.05333	0.01236	0.01205	0.00658	0.01643	0.00978	0.05761	0.00871	0.01045	0.00677	0.02497	0.00426	0.00181	0.00451	0.00335	0.00352	0.00610
4	0.05010	0.01431	0.06309	0.07592	0.16488	0.03376	0.38760	0.01656	0.01228	0.01730	0.01158	0.06006	0.00978	0.00588	0.00671	0.00185	0.05195	0.00621	0.00289	0.00731
5	0.00793	0.00590	0.00786	0.05288	0.00999	0.00562	0.00577	0.01056	0.01527	0.02141	0.69147	0.04035	0.08186	0.01111	0.00647	0.00175	0.00290	0.00979	0.00584	0.00526
6	0.00822	0.00603	0.00783	0.00736	0.00861	0.00593	0.00563	0.01070	0.01484	0.02119	0.63603	0.03955	0.07084	0.01117	0.00710	0.00179	0.04911	0.03134	0.05148	0.00525
7	0.01384	0.05856	0.01349	0.01117	0.01439	0.01425	0.00881	0.02868	0.71691	0.02257	0.02167	0.01997	0.01633	0.00735	0.00551	0.00184	0.00447	0.00607	0.00544	0.00867
8	0.01130	0.00982	0.01639	0.74624	0.03674	0.01206	0.01496	0.01490	0.01135	0.05869	0.01055	0.01500	0.00775	0.00561	0.00554	0.00184	0.00723	0.00496	0.00272	0.00634
9	0.00804	0.00539	0.00612	0.00609	0.00617	0.00536	0.00347	0.00819	0.00850	0.01141	0.06140	0.03654	0.02202	0.75886	0.02692	0.00516	0.00521	0.00817	0.00352	0.00347
10	0.01148	0.00984	0.01148	0.00820	0.01312	0.00738	0.00656	0.01395	0.01148	0.01805	0.00984	0.01148	0.00820	0.00410	0.00410	0.00082	0.00410	0.00328	0.00328	0.83922
11	0.01148	0.00984	0.01148	0.00820	0.01312	0.00738	0.00656	0.01395	0.01148	0.01805	0.00984	0.01148	0.00820	0.00410	0.00410	0.00082	0.00410	0.00328	0.00328	0.83922
12	0.01111	0.02865	0.77667	0.01579	0.02397	0.01286	0.02046	0.01754	0.01169	0.01754	0.00994	0.01169	0.00702	0.00526	0.00526	0.00175	0.00818	0.00409	0.00234	0.00818
13	0.01233	0.00982	0.01157	0.00831	0.01319	0.00743	0.00666	0.01477	0.01176	0.06616	0.01061	0.01195	0.00855	0.00428	0.00419	0.00088	0.00414	0.00343	0.00351	0.78645
14	0.02105	0.01551	0.01662	0.01274	0.01717	0.01717	0.01053	0.75235	0.02604	0.03490	0.01330	0.01330	0.00942	0.00665	0.00554	0.00166	0.00609	0.00499	0.00554	0.00942
15	0.84448	0.01071	0.00814	0.00728	0.01071	0.01242	0.00600	0.01628	0.00943	0.02485	0.00771	0.00900	0.00600	0.00514	0.00343	0.00171	0.00428	0.00300	0.00343	0.00600
16	0.00825	0.00633	0.00917	0.00898	0.00978	0.00749	0.00689	0.00993	0.00877	0.01264	0.01458	0.02276	0.01410	0.13018	0.63580	0.00799	0.07245	0.00610	0.00297	0.00484
17	0.00689	0.00492	0.00659	0.00787	0.00825	0.00462	0.00538	0.00795	0.01074	0.01429	0.03045	0.75474	0.03633	0.01722	0.00711	0.00227	0.00333	0.06139	0.00514	0.00454
18	0.01212	0.01212	0.01696	0.01454	0.01454	0.01696	0.01212	0.01333	0.00848	0.01333	0.00727	0.01212	0.00727	0.00969	0.01818	0.00242	0.79523	0.00485	0.00242	0.00606
19	0.00675	0.00562	0.00589	0.00582	0.00761	0.00476	0.00437	0.00834	0.01310	0.01610	0.16825	0.05142	0.65571	0.01360	0.00654	0.00185	0.00277	0.01143	0.00529	0.00476
20	0.84448	0.01071	0.00814	0.00728	0.01071	0.01242	0.00600	0.01628	0.00943	0.02485	0.00771	0.00900	0.00600	0.00514	0.00343	0.00171	0.00428	0.00300	0.00343	0.00600
21	0.01212	0.01212	0.01696	0.01454	0.01454	0.01696	0.01212	0.01333	0.00848	0.01333	0.00727	0.01212	0.00727	0.00969	0.01818	0.00242	0.79523	0.00485	0.00242	0.00606
22	0.01329	0.00704	0.00873	0.00768	0.01003	0.00628	0.00592	0.03211	0.01412	0.26509	0.17864	0.08706	0.24642	0.07078	0.00788	0.00209	0.00373	0.02100	0.00576	0.00634
23	0.01371	0.01316	0.02248	0.03399	0.77081	0.01316	0.01700	0.01700	0.01261	0.01809	0.01042	0.01371	0.00877	0.00493	0.00548	0.00164	0.00658	0.00493	0.00274	0.00877
24	0.02485	0.00943	0.01285	0.00985	0.01414	0.00814	0.00814	0.02699	0.01585	0.77465	0.02185	0.01885	0.01371	0.00685	0.00557	0.00171	0.00471	0.00557	0.00685	0.00943
25	0.01028	0.00574	0.00660	0.00620	0.00782	0.00538	0.00471	0.01269	0.01342	0.08400	0.26806	0.03120	0.11732	0.00899	0.00521	0.00154	0.00280	0.00757	0.39499	0.00548
26	0.00771	0.00548	0.00739	0.00858	0.00925	0.00531	0.00651	0.00923	0.01126	0.01485	0.02906	0.45013	0.03350	0.07585	0.00889	0.00260	0.00413	0.30062	0.00499	0.00465
27	0.00702	0.00502	0.00673	0.00793	0.00839	0.00472	0.00553	0.00822	0.01105	0.01475	0.06358	0.69214	0.03685	0.01687	0.00710	0.00226	0.00338	0.08869	0.00518	0.00459
28	0.02069	0.02640	0.01569	0.01427	0.01712	0.78313	0.01070	0.02212	0.01569	0.01355	0.00856	0.00999	0.00713	0.00571	0.00499	0.00143	0.00999	0.00357	0.00285	0.00642
29	0.01596	0.36359	0.04271	0.01379	0.07278	0.26835	0.04458	0.01799	0.01268	0.01392	0.00885	0.01087	0.00773	0.00755	0.05433	0.00187	0.02921	0.00374	0.00261	0.00689
30	0.00812	0.00607	0.00881	0.00884	0.00972	0.00698	0.00683	0.00990	0.00909	0.01292	0.01601	0.02614	0.01571	0.12163	0.62256	0.00787	0.03396	0.06090	0.00316	0.00481
31	0.00791	0.00593	0.00890	0.00890	0.00989	0.00692	0.00692	0.00989	0.00890	0.01286	0.01483	0.02176	0.01385	0.04154	0.78341	0.00890	0.01483	0.00593	0.00297	0.00494
32	0.02485	0.00943	0.01285	0.00985	0.01414	0.00814	0.00814	0.02699	0.01585	0.77465	0.02185	0.01885	0.01371	0.00685	0.00557	0.00171	0.00471	0.00557	0.00685	0.00943
33	0.01107	0.07073	0.03569	0.64957	0.08240	0.01313	0.03199	0.01467	0.01125	0.01448	0.00975	0.01419	0.00747	0.00541	0.00540	0.00178	0.00728	0.00479	0.00248	0.00647
34	0.01163	0.01045	0.01607	0.32711	0.02388	0.01323	0.04168	0.01427	0.02576	0.05105	0.01151	0.07388	0.01043	0.02951	0.01118	0.00219	0.31112	0.00591	0.00296	0.00618
35	0.00791	0.00593	0.00890	0.00890	0.00989	0.00692	0.00692	0.00989	0.00890	0.01286	0.01483	0.02176	0.01385	0.04154	0.78341	0.00890	0.01483	0.00593	0.00297	0.00494
36	0.12859	0.01573	0.06366	0.03704	0.19938	0.13137	0.13533	0.01695	0.01171	0.01709	0.00915	0.01225	0.00761	0.00613	0.00812	0.00184	0.18350	0.00466	0.00276	0.00712
37	0.84448	0.01071	0.00814	0.00728	0.01071	0.01242	0.00600	0.01628	0.00943	0.02485	0.00771	0.00900	0.00600	0.00514	0.00343	0.00171	0.00428	0.00300	0.00343	0.00600
38	0.01303	0.01252	0.02150	0.18912	0.60477	0.01300	0.03239	0.01643	0.01231	0.01728	0.01032	0.01395	0.00848	0.00505	0.00552	0.00169	0.00680	0.00497	0.00269	0.00821
39	0.00706	0.00504	0.00679	0.00807	0.00853	0.00477	0.00569	0.00826	0.01091	0.01449	0.03035	0.69472	0.03594	0.01705	0.00715	0.00229	0.00349	0.11966	0.00514	0.00459
40	0.00660	0.00539	0.00584	0.00620	0.00764	0.00463	0.00447	0.00788	0.01206	0.01473	0.04893	0.26314	0.56336	0.01496	0.00669	0.00198	0.00292	0.01283	0.00514	0.00463
41	0.00746	0.00541	0.00703	0.00713	0.00817	0.00498	0.00516	0.00952	0.01403	0.01948	0.51678	0.26990	0.07775	0.01324	0.00669	0.00190	0.00280	0.01180	0.00577	0.00498
42	0.01046	0.00984	0.01661	0.79205	0.03814	0.01230	0.01538	0.01415	0.01107	0.01415	0.00984	0.01477	0.00738	0.00554	0.00554	0.00185	0.00738	0.00492	0.00246	0.00615
43	0.00805	0.00539	0.00613	0.00613	0.00616	0.00542	0.00346	0.00811	0.00808	0.01080	0.01737	0.03580	0.01994	0.78218	0.05111	0.00548	0.00566	0.00799	0.00334	0.00340
44	0.01481	0.80869	0.02902	0.00948	0.01421	0.02191	0.00948	0.01658	0.01125	0.01303	0.00770	0.00888	0.00711	0.00474	0.00355	0.00118	0.00592	0.00296	0.00237	0.00711
45	0.01481	0.80869	0.02902	0.00948	0.01421	0.02191	0.00948	0.01658	0.01125	0.01303	0.00770	0.00888	0.00711	0.00474	0.00355	0.00118	0.00592	0.00296	0.00237	0.00711
46	0.01378	0.01190	0.01252	0.01127	0.01440	0.01378	0.00877	0.02943	0.76081	0.02317	0.02254	0.02066	0.01691	0.00751	0.00564	0.00188	0.00438	0.00626	0.00564	0.00877
47	0.02069	0.02640	0.01569	0.01427	0.01712	0.78313	0.01070	0.02212	0.01569	0.01355	0.00856	0.00999	0.00713	0.00571	0.00499	0.00143	0.00999	0.00357	0.00285	0.00642
48	0.01148	0.00984	0.01148	0.00820	0.01312	0.00738	0.00656	0.01395	0.01148	0.01805	0.00984	0.01148	0.00820	0.00410	0.00410	0.00082	0.00410	0.00328	0.00328	0.83922
49	0.02103	0.01633	0.01655	0.01286	0.01717	0.07483	0.01054	0.69738	0.02526	0.03330	0.01294	0.01305	0.00925	0.00658	0.00550	0.00164	0.00639	0.00488	0.00534	0.00919
50	0.01423	0.01416	0.02197	0.03251	0.71408	0.07112	0.01652	0.01738	0.01284	0.01775	0.01028	0.01343	0.00865	0.00499	0.00545	0.00163	0.00684	0.00483	0.00275	0.00860
51	0.01111	0.02865	0.77667	0.01579	0.02397	0.01286	0.02046	0.01754	0.01169	0.01754	0.00994	0.01169	0.00702	0.00526	0.00526	0.00175	0.00818	0.00409	0.00234	0.00818
52	0.01356	0.01301	0.02222	0.06810	0.73785	0.01312	0.01692	0.01687	0.01254	0.01792	0.01039	0.01375	0.00871	0.00496	0.00549	0.00165	0.00662	0.00493	0.00273	0.00865
53	0.03474	0.43143	0.24990	0.01170	0.01715	0.03453	0.03711	0.01681	0.01194	0.03334	0.06606	0.01263	0.01065	0.00547	0.00447	0.00145	0.00649	0.00403	0.00280	0.00731
54	0.01111	0.02865	0.77667	0.01579	0.02397	0.01286	0.02046	0.01754	0.01169	0.01754	0.00994	0.01169	0.00702	0.00526	0.00526	0.00175	0.00818	0.00409	0.00234	0.00818
55	0.00800	0.00556	0.00703	0.00703	0.00737	0.00590	0.00458	0.00869	0.00835	0.01147	0.01655	0.03125	0.01797	0.54221	0.28838	0.00659	0.00863	0.00732	0.00322	0.00390
56	0.01346	0.02331	0.52763	0.01634	0.02348	0.01239	0.15473	0.01894	0.01255	0.12704	0.01190	0.01333	0.00824	0.00538	0.00554	0.00177	0.00790	0.00476	0.00308	0.00823
57	0.05165	0.05550	0.12983	0.01737	0.04476	0.01320	0.33787	0.02019	0.12431	0.10669	0.03385	0.01588	0.01110	0.00564	0.00579	0.00178	0.00724	0.00574	0.00372	0.00789
58	0.08358	0.01529	0.01531	0.01204	0.01622	0.09109	0.00984	0.51322	0.02220	0.14583	0.01372	0.01350	0.00960	0.00647	0.00533	0.00165	0.00613	0.00479	0.00532	0.00887
59	0.00655	0.00561	0.00561	0.00561	0.00748	0.00468	0.00421	0.00795	0.01262	0.01496	0.05610	0.05330	0.76857	0.01403	0.00655	0.00187	0.00281	0.01169	0.00514	0.00468
60	0.00708	0.00550	0.00696	0.00718	0.00836	0.00493	0.02108	0.00865	0.01252	0.01639	0.21197	0.35865	0.28139	0.01456	0.00676	0.00200	0.00307	0.01286	0.00532	0.00479
61	0.03398	0.11756	0.25398	0.04861	0.07741	0.01259	0.09586	0.01978	0.01308	0.23506	0.03092	0.01468	0.01029	0.00571	0.00529	0.00168	0.00666	0.00486	0.00384	0.00817
62	0.01481	0.80869	0.02902	0.00948	0.01421	0.02191	0.00948	0.01658	0.01125	0.01303	0.00770	0.00888	0.00711	0.00474	0.00355	0.00118	0.00592	0.00296	0.00237	0.00711
63	0.00683	0.00488	0.00650	0.00766	0.00805	0.00455	0.00515	0.00792	0.01099	0.01475	0.08603	0.74451	0.03781	0.01690	0.00703	0.00221	0.00317	0.01531	0.00521	0.00455
64	0.03496	0.03357	0.06871	0.03439	0.32239	0.01103	0.02925	0.02061	0.01384	0.31593	0.04885	0.01666	0.01242	0.00600	0.00548	0.00168	0.00579	0.00530	0.00448	0.00865
65	0.01312	0.01056	0.01612	0.40132	0.15398	0.01193	0.01336	0.04856	0.10081	0.09210	0.03321	0.01877	0.01187	0.00650	0.00568	0.00183	0.00634	0.04299	0.00367	0.00729
66	0.00695	0.00506	0.00656	0.00745	0.00809	0.00467	0.00515	0.00825	0.01165	0.01556	0.15160	0.59617	0.10519	0.01604	0.00695	0.00214	0.00312	0.02945	0.00529	0.00464
67	0.53538	0.14288	0.04665	0.00939	0.01320	0.12595	0.02491	0.01726	0.01081	0.02082	0.00801	0.00938	0.00644	0.00515	0.00383	0.00159	0.00566	0.00320	0.00311	0.00637
68	0.00726	0.00564	0.00660	0.00636	0.00792	0.00498	0.00477	0.00933	0.01431	0.01896	0.44908	0.04671	0.37309	0.01253	0.00654	0.00180	0.00270	0.01077	0.00567	0.00498
69	0.01088	0.06881	0.04445	0.05355	0.29003	0.01010	0.01108	0.01367	0.01295	0.01801	0.22600	0.04382	0.03751	0.05198	0.00706	0.00192	0.00513	0.06152	0.00395	0.02757
70	0.06561	0.00991	0.01126	0.00843	0.01284	0.02604	0.00675	0.01585	0.01239	0.12516	0.06921	0.01461	0.01218	0.00514	0.00447	0.00109	0.00422	0.00411	0.00400	0.58674
71	0.01550	0.67079	0.06354	0.01024	0.01512	0.02012	0.02850	0.03631	0.01205	0.07125	0.00910	0.01003	0.00769	0.00497	0.00391	0.00128	0.00603	0.00335	0.00280	0.00740
72	0.01048	0.04615	0.01272	0.06069	0.05588	0.00867	0.06792	0.06795	0.01457	0.03891	0.28497	0.07609	0.10707	0.01045	0.00636	0.00188	0.00457	0.11367	0.00492	0.00606

[dist]
# distance from previous block
# <min> <max>
0	9

[block]
# block no. 8 follows, 43 sequences, length 48
# corresponding to MSA columns:
# 1043-1090
name=unknown_I
#
# <colnr> <probs for GDERKNQSTAVLIFYWHMCP>
#	G	D	E	R	K	N	Q	S	T	A	V	L	I	F	Y	W	H	M	C	P
0	0.00778	0.00578	0.00746	0.00724	0.00833	0.00556	0.00533	0.00990	0.01411	0.01969	0.55036	0.14779	0.09521	0.04957	0.00809	0.00202	0.03448	0.01064	0.00562	0.00503
1	0.01657	0.01329	0.01410	0.01184	0.01547	0.01508	0.00944	0.30706	0.47863	0.02767	0.01899	0.01783	0.01403	0.00718	0.00560	0.00180	0.00504	0.00577	0.00560	0.00902
2	0.00915	0.00767	0.01093	0.01023	0.01082	0.00967	0.00805	0.01069	0.00869	0.01277	0.01292	0.02052	0.01261	0.11433	0.48046	0.00664	0.24006	0.00585	0.00285	0.00510
3	0.01378	0.01190	0.01252	0.01127	0.01440	0.01378	0.00877	0.02943	0.76081	0.02317	0.02254	0.02066	0.01691	0.00751	0.00564	0.00188	0.00438	0.00626	0.00564	0.00877
4	0.02105	0.01551	0.01662	0.01274	0.01717	0.01717	0.01053	0.75235	0.02604	0.03490	0.01330	0.01330	0.00942	0.00665	0.00554	0.00166	0.00609	0.00499	0.00554	0.00942
5	0.01499	0.78420	0.02860	0.00963	0.01431	0.04575	0.00951	0.01676	0.01139	0.01305	0.00773	0.00892	0.00711	0.00477	0.00360	0.00119	0.00605	0.00298	0.00238	0.00709
6	0.01125	0.00920	0.01236	0.05274	0.01346	0.01126	0.00898	0.13222	0.01165	0.01649	0.01264	0.01872	0.01163	0.08475	0.36631	0.00546	0.20612	0.00562	0.00326	0.00590
7	0.00800	0.00538	0.00602	0.00602	0.00610	0.00534	0.00339	0.00805	0.00823	0.01090	0.01896	0.03691	0.04932	0.77450	0.02734	0.00523	0.00527	0.00820	0.00343	0.00341
8	0.04513	0.25466	0.23043	0.01064	0.01625	0.01341	0.01128	0.01606	0.01157	0.04042	0.01096	0.01220	0.03124	0.00505	0.00436	0.00129	0.00578	0.00373	0.00292	0.27264
9	0.01299	0.05418	0.07801	0.05202	0.19645	0.01135	0.10987	0.01761	0.10345	0.09447	0.07437	0.06921	0.05424	0.03913	0.00667	0.00191	0.00587	0.00673	0.00401	0.00745
10	0.00672	0.00553	0.00572	0.00581	0.00737	0.00474	0.00418	0.00794	0.01199	0.01445	0.05014	0.10544	0.63610	0.09854	0.00889	0.00227	0.00311	0.01159	0.00495	0.00452
11	0.03642	0.01041	0.05360	0.08012	0.10540	0.00957	0.03280	0.01858	0.07363	0.25587	0.04532	0.09032	0.11598	0.00849	0.00630	0.00183	0.03583	0.00719	0.00486	0.00748
12	0.07935	0.31972	0.12214	0.01527	0.15672	0.06612	0.01204	0.06330	0.04105	0.04137	0.01048	0.03083	0.00877	0.00554	0.00458	0.00150	0.00633	0.00417	0.00308	0.00765
13	0.00801	0.00638	0.03347	0.00820	0.00912	0.00627	0.00625	0.00958	0.00939	0.01324	0.01871	0.15337	0.01972	0.20908	0.38577	0.00613	0.00955	0.04635	0.03676	0.00463
14	0.02469	0.00967	0.01301	0.00997	0.01426	0.00851	0.00824	0.05642	0.01626	0.74464	0.02150	0.01863	0.01354	0.00685	0.00557	0.00171	0.00477	0.00555	0.00680	0.00942
15	0.00962	0.00959	0.05333	0.50647	0.05083	0.01021	0.01276	0.01281	0.01149	0.01512	0.07594	0.15150	0.04153	0.00826	0.00589	0.00190	0.00616	0.00735	0.00330	0.00593
16	0.05736	0.01407	0.07192	0.08186	0.11779	0.01309	0.39624	0.03547	0.05946	0.01817	0.01160	0.01492	0.00898	0.00707	0.03922	0.02850	0.00820	0.00573	0.00301	0.00736
17	0.00765	0.00547	0.00747	0.00875	0.00946	0.00528	0.00671	0.00928	0.01150	0.01515	0.03003	0.49434	0.03465	0.01650	0.00731	0.00237	0.00400	0.31422	0.00512	0.00475
18	0.00662	0.00558	0.00574	0.00576	0.00754	0.00470	0.00430	0.00807	0.01271	0.01531	0.09277	0.08012	0.70388	0.01401	0.00656	0.00188	0.00281	0.01175	0.00519	0.00470
19	0.01244	0.06265	0.12268	0.29577	0.15959	0.01259	0.06629	0.01696	0.06362	0.05989	0.01270	0.05580	0.01029	0.00613	0.00550	0.00177	0.00675	0.00550	0.01577	0.00732
20	0.03999	0.13224	0.39123	0.01639	0.10608	0.09531	0.04522	0.01856	0.01248	0.07781	0.01048	0.01198	0.00780	0.00530	0.00504	0.00163	0.00752	0.00416	0.00286	0.00792
21	0.84448	0.01071	0.00814	0.00728	0.01071	0.01242	0.00600	0.01628	0.00943	0.02485	0.00771	0.00900	0.00600	0.00514	0.00343	0.00171	0.00428	0.00300	0.00343	0.00600
22	0.01299	0.08806	0.01549	0.01429	0.10333	0.20530	0.03849	0.01458	0.01184	0.01424	0.01548	0.24806	0.01669	0.03979	0.00860	0.00200	0.13350	0.00780	0.00342	0.00606
23	0.19827	0.00970	0.01186	0.00931	0.01341	0.00905	0.00769	0.02472	0.01449	0.61601	0.01886	0.01677	0.01208	0.00649	0.00512	0.00171	0.00462	0.00503	0.00613	0.00870
24	0.00796	0.00576	0.00802	0.00802	0.00871	0.00645	0.00583	0.00933	0.00864	0.01221	0.01564	0.02621	0.01578	0.27624	0.55135	0.00782	0.01193	0.00659	0.00309	0.00446
25	0.00892	0.00637	0.00892	0.01020	0.01147	0.00637	0.00892	0.01147	0.01275	0.01657	0.02932	0.06247	0.03187	0.01530	0.00765	0.00255	0.00510	0.73354	0.00510	0.00510
26	0.01481	0.80869	0.02902	0.00948	0.01421	0.02191	0.00948	0.01658	0.01125	0.01303	0.00770	0.00888	0.00711	0.00474	0.00355	0.00118	0.00592	0.00296	0.00237	0.00711
27	0.01751	0.36153	0.02077	0.01164	0.01520	0.40704	0.00975	0.01916	0.01353	0.01377	0.00879	0.01018	0.00756	0.00534	0.00430	0.00131	0.00778	0.00341	0.05479	0.00664
28	0.01378	0.01190	0.01252	0.01127	0.01440	0.01378	0.00877	0.02943	0.76081	0.02317	0.02254	0.02066	0.01691	0.00751	0.00564	0.00188	0.00438	0.00626	0.00564	0.00877
29	0.01433	0.04840	0.01337	0.00923	0.01401	0.00998	0.00756	0.15533	0.01453	0.07044	0.01118	0.01219	0.00874	0.00480	0.00445	0.00106	0.00461	0.00374	0.00390	0.58815
30	0.01274	0.01436	0.03110	0.02232	0.02765	0.01346	0.70405	0.01728	0.01323	0.01802	0.05856	0.01659	0.01115	0.00508	0.00654	0.00186	0.00892	0.00675	0.00301	0.00733
31	0.01137	0.05241	0.70677	0.01639	0.04720	0.01319	0.04223	0.01750	0.01175	0.01742	0.00992	0.01177	0.00712	0.00522	0.00525	0.00174	0.00810	0.00416	0.00237	0.00815
32	0.01236	0.01561	0.15406	0.04268	0.09489	0.01272	0.35108	0.03680	0.09166	0.01892	0.07595	0.02900	0.02551	0.00606	0.00607	0.00182	0.00746	0.00635	0.00342	0.00759
33	0.00892	0.00637	0.00892	0.01020	0.01147	0.00637	0.00892	0.01147	0.01275	0.01657	0.02932	0.06247	0.03187	0.01530	0.00765	0.00255	0.00510	0.73354	0.00510	0.00510
34	0.01210	0.01179	0.02103	0.44610	0.19407	0.01302	0.15977	0.04494	0.01240	0.01654	0.01037	0.01451	0.00797	0.00528	0.00572	0.00180	0.00754	0.00524	0.00271	0.00711
35	0.01186	0.20444	0.35042	0.08383	0.10188	0.01416	0.01511	0.01643	0.03537	0.01637	0.03751	0.04392	0.03386	0.00613	0.00507	0.00164	0.00675	0.00494	0.00282	0.00749
36	0.01175	0.02706	0.70127	0.01603	0.02391	0.01276	0.06570	0.01791	0.01194	0.04613	0.01047	0.01217	0.00736	0.00528	0.00535	0.00176	0.00813	0.00430	0.00254	0.00819
37	0.01046	0.00984	0.01661	0.79205	0.03814	0.01230	0.01538	0.01415	0.01107	0.01415	0.00984	0.01477	0.00738	0.00554	0.00554	0.00185	0.00738	0.00492	0.00246	0.00615
38	0.08800	0.00980	0.10710	0.04171	0.01398	0.00798	0.01015	0.01321	0.01224	0.04681	0.02382	0.08643	0.02485	0.01246	0.00675	0.00229	0.00539	0.47670	0.00456	0.00576
39	0.04411	0.08581	0.25050	0.01359	0.03640	0.15929	0.01316	0.08616	0.01410	0.12587	0.03740	0.01333	0.00982	0.00627	0.00633	0.00169	0.08047	0.00445	0.00356	0.00769
40	0.43562	0.00986	0.01129	0.31771	0.02113	0.01171	0.00946	0.01466	0.00995	0.01929	0.00947	0.01385	0.00788	0.08071	0.00660	0.00211	0.00561	0.00424	0.00304	0.00581
41	0.00970	0.00876	0.01327	0.01329	0.12436	0.00831	0.11843	0.03511	0.05282	0.01856	0.20533	0.03601	0.31345	0.01009	0.00631	0.00180	0.00448	0.00904	0.00470	0.00618
42	0.01654	0.09363	0.30679	0.01359	0.01883	0.25762	0.01386	0.02003	0.01342	0.12645	0.01095	0.01195	0.00809	0.00570	0.00547	0.00159	0.03434	0.00404	0.00320	0.03392
43	0.02105	0.01551	0.01662	0.01274	0.01717	0.01717	0.01053	0.75235	0.02604	0.03490	0.01330	0.01330	0.00942	0.00665	0.00554	0.00166	0.00609	0.00499	0.00554	0.00942
44	0.01277	0.01220	0.06530	0.04090	0.47095	0.01118	0.01380	0.01658	0.04967	0.05922	0.12577	0.04442	0.03939	0.00681	0.00572	0.00171	0.00568	0.00628	0.00372	0.00793
45	0.01180	0.01044	0.01199	0.03623	0.05289	0.09871	0.00891	0.01367	0.01074	0.01569	0.01313	0.03200	0.01182	0.01257	0.10665	0.02433	0.24832	0.03934	0.23509	0.00569
46	0.01066	0.01005	0.01698	0.74461	0.08399	0.01236	0.01548	0.01433	0.01117	0.01440	0.00988	0.01470	0.00747	0.00550	0.00553	0.00183	0.00733	0.00492	0.00248	0.00632
47	0.05000	0.34911	0.05439	0.01174	0.01560	0.28736	0.03295	0.01867	0.03658	0.03064	0.01041	0.05979	0.00941	0.00604	0.00455	0.00144	0.00725	0.00430	0.00297	0.00682

[dist]
# distance from previous block
# <min> <max>
0	2

[block]
# block no. 9 follows, 43 sequences, length 16
# corresponding to MSA columns:
# 1093-1108
name=unknown_J
#
# <colnr> <probs for GDERKNQSTAVLIFYWHMCP>
#	G	D	E	R	K	N	Q	S	T	A	V	L	I	F	Y	W	H	M	C	P
0	0.01374	0.09455	0.05170	0.01706	0.02162	0.04310	0.38602	0.01927	0.12506	0.06486	0.05117	0.04525	0.01339	0.00628	0.00597	0.00179	0.00732	0.02066	0.00371	0.00747
1	0.01780	0.13901	0.01714	0.01160	0.01561	0.01623	0.00969	0.36114	0.21614	0.06771	0.01504	0.01476	0.01116	0.00660	0.00559	0.00164	0.02932	0.00498	0.00497	0.03385
2	0.01079	0.00783	0.00955	0.00767	0.01087	0.00639	0.00599	0.01322	0.01362	0.08276	0.31997	0.02701	0.07824	0.00792	0.00537	0.00134	0.00346	0.00676	0.00484	0.37639
3	0.04335	0.08466	0.29662	0.01573	0.13483	0.01232	0.01413	0.05523	0.01371	0.23718	0.03109	0.01452	0.01037	0.00583	0.00522	0.00167	0.00638	0.00470	0.00399	0.00846
4	0.01190	0.18011	0.22447	0.01148	0.01584	0.01266	0.04059	0.01747	0.14100	0.04230	0.12006	0.08364	0.01867	0.03408	0.00616	0.00183	0.00566	0.02100	0.00392	0.00714
5	0.02129	0.02081	0.01442	0.01264	0.01580	0.53760	0.00968	0.02296	0.01554	0.21730	0.01258	0.01288	0.00924	0.00605	0.00509	0.00150	0.00821	0.00418	0.04507	0.00716
6	0.00836	0.00634	0.00885	0.07119	0.04899	0.00639	0.00734	0.04306	0.01176	0.01564	0.02695	0.55562	0.03102	0.01502	0.00689	0.00221	0.00412	0.12029	0.00482	0.00515
7	0.01518	0.09171	0.12459	0.10684	0.15479	0.03707	0.07276	0.01839	0.01308	0.19762	0.04798	0.06920	0.01314	0.00663	0.00551	0.00171	0.00632	0.00582	0.00392	0.00775
8	0.00857	0.00723	0.01012	0.20465	0.04127	0.03296	0.00845	0.01041	0.01065	0.01397	0.02145	0.42373	0.02385	0.04269	0.11087	0.00309	0.00621	0.01072	0.00397	0.00514
9	0.00805	0.00537	0.00604	0.00604	0.00604	0.00537	0.00336	0.00805	0.00805	0.01074	0.01745	0.03624	0.02013	0.80536	0.02819	0.00537	0.00537	0.00805	0.00336	0.00336
10	0.01219	0.12938	0.46736	0.01706	0.10781	0.03876	0.06161	0.01710	0.01202	0.01681	0.01104	0.01515	0.00901	0.00582	0.00529	0.00172	0.00761	0.05385	0.00262	0.00780
11	0.07009	0.09396	0.07710	0.01767	0.23286	0.01156	0.07022	0.01675	0.03936	0.11545	0.01708	0.15974	0.03906	0.00785	0.00555	0.00176	0.00564	0.00700	0.00388	0.00743
12	0.00838	0.00598	0.00830	0.00957	0.01061	0.00590	0.00797	0.01053	0.01221	0.01596	0.02963	0.24855	0.03307	0.01582	0.00750	0.00247	0.00462	0.55287	0.00511	0.00495
13	0.03781	0.00548	0.00677	0.04535	0.00919	0.00551	0.00534	0.01009	0.01110	0.01680	0.07450	0.41402	0.02755	0.03190	0.03451	0.00221	0.00370	0.01081	0.24249	0.00486
14	0.04395	0.01254	0.05426	0.05496	0.20718	0.01206	0.07864	0.17870	0.02768	0.10832	0.05898	0.05425	0.01400	0.06108	0.00721	0.00199	0.00604	0.00610	0.00423	0.00784
15	0.56139	0.01423	0.01036	0.00912	0.01254	0.19112	0.00726	0.01823	0.01140	0.07104	0.00893	0.00999	0.00687	0.00534	0.00396	0.00161	0.00563	0.00331	0.00351	0.04417

[dist]
# distance from previous block
# <min> <max>
0	31

[block]
# block no. 10 follows, 43 sequences, length 29
# corresponding to MSA columns:
# 1140-1155,1171-1183
name=unknown_K
#
# <colnr> <probs for GDERKNQSTAVLIFYWHMCP>
#	G	D	E	R	K	N	Q	S	T	A	V	L	I	F	Y	W	H	M	C	P
0	0.27375	0.01046	0.05319	0.00914	0.01302	0.00945	0.00790	0.02124	0.01334	0.41490	0.07153	0.01721	0.01382	0.00803	0.03777	0.00202	0.00505	0.00504	0.00533	0.00781
1	0.07379	0.07877	0.06850	0.01505	0.07509	0.03319	0.19257	0.05062	0.01346	0.12090	0.08087	0.03601	0.01344	0.00617	0.00572	0.00163	0.02552	0.00558	0.00385	0.09927
2	0.35931	0.07132	0.09132	0.10299	0.10249	0.01246	0.02670	0.01664	0.01101	0.07025	0.01023	0.03173	0.00815	0.00550	0.00445	0.00165	0.00552	0.00414	0.00330	0.06084
3	0.00864	0.00545	0.00803	0.00803	0.00860	0.00599	0.00587	0.00884	0.00827	0.01169	0.01299	0.02044	0.01248	0.06520	0.43452	0.33214	0.01022	0.00557	0.02313	0.00389
