[name]
unknown

[dist]
# distance from previous block
# <min> <max>
3	599

[block]
# block no. 0 follows, 38 sequences, length 22
# corresponding to MSA columns:
# 741-762
name=unknown_A
#
# <colnr> <probs for GDERKNQSTAVLIFYWHMCP>
#	G	D	E	R	K	N	Q	S	T	A	V	L	I	F	Y	W	H	M	C	P
0	0.09133	0.09442	0.03485	0.03814	0.05337	0.09561	0.10244	0.07153	0.04088	0.11520	0.03839	0.03903	0.07710	0.00729	0.00570	0.00174	0.00652	0.00609	0.00437	0.07600
1	0.03662	0.04445	0.03986	0.12611	0.03873	0.04797	0.05630	0.03665	0.03410	0.04268	0.01752	0.13352	0.03922	0.12815	0.02548	0.00274	0.09269	0.00769	0.00384	0.04568
2	0.03892	0.02948	0.01265	0.01343	0.10596	0.03181	0.02985	0.05512	0.03264	0.04025	0.04352	0.34447	0.05373	0.01285	0.00678	0.00211	0.00498	0.07882	0.00495	0.05768
3	0.13843	0.06910	0.04103	0.14875	0.02225	0.03773	0.08945	0.19490	0.05654	0.08518	0.01368	0.03732	0.01049	0.00679	0.00595	0.00189	0.02241	0.00551	0.00437	0.00823
4	0.05004	0.03765	0.04288	0.04083	0.12917	0.08194	0.01118	0.14102	0.04211	0.11798	0.05858	0.06421	0.01557	0.00843	0.02136	0.00192	0.00639	0.02719	0.00471	0.09683
5	0.01060	0.00766	0.01021	0.11349	0.01410	0.00817	0.00764	0.03317	0.03357	0.01769	0.11522	0.10188	0.03992	0.06009	0.05292	0.13384	0.04659	0.00766	0.12104	0.06455
6	0.01472	0.08535	0.01906	0.38273	0.11333	0.07934	0.01420	0.06242	0.01400	0.06058	0.01346	0.01660	0.03996	0.00652	0.00618	0.00184	0.03076	0.00533	0.00337	0.03025
7	0.00769	0.00584	0.00709	0.00735	0.00863	0.00524	0.00529	0.00955	0.01424	0.01885	0.30360	0.28161	0.27260	0.01530	0.00728	0.00211	0.00311	0.01342	0.00596	0.00524
8	0.00783	0.00609	0.00712	0.00694	0.00859	0.00538	0.00518	0.01001	0.01531	0.02023	0.40991	0.08196	0.36606	0.01389	0.00713	0.00198	0.00296	0.01196	0.00611	0.00538
9	0.00733	0.00524	0.00698	0.00838	0.00873	0.00489	0.00558	0.00838	0.01152	0.01536	0.03316	0.78466	0.03979	0.01885	0.00768	0.00244	0.00349	0.01710	0.00558	0.00489
10	0.02699	0.01024	0.01396	0.01070	0.01536	0.00884	0.00884	0.02932	0.01722	0.75522	0.02373	0.02048	0.01489	0.00745	0.00605	0.00186	0.00512	0.00605	0.00745	0.01024
11	0.02287	0.01685	0.01805	0.01384	0.01866	0.01866	0.01143	0.73100	0.02828	0.03791	0.01444	0.01444	0.01023	0.00722	0.00602	0.00181	0.00662	0.00542	0.00602	0.01023
12	0.13895	0.01496	0.02851	0.02323	0.12001	0.01461	0.47784	0.01972	0.04001	0.04500	0.01231	0.01544	0.00931	0.00538	0.00637	0.00197	0.00856	0.00625	0.00339	0.00817
13	0.02287	0.01685	0.01805	0.01384	0.01866	0.01866	0.01143	0.73100	0.02828	0.03791	0.01444	0.01444	0.01023	0.00722	0.00602	0.00181	0.00662	0.00542	0.00602	0.01023
14	0.01247	0.01069	0.01247	0.00891	0.01426	0.00802	0.00713	0.01515	0.01247	0.01960	0.01069	0.01247	0.00891	0.00446	0.00446	0.00089	0.00446	0.00356	0.00356	0.82536
15	0.01136	0.01069	0.01804	0.77412	0.04143	0.01337	0.01671	0.01537	0.01203	0.01537	0.01069	0.01604	0.00802	0.00601	0.00601	0.00200	0.00802	0.00535	0.00267	0.00668
16	0.01136	0.01069	0.01804	0.77412	0.04143	0.01337	0.01671	0.01537	0.01203	0.01537	0.01069	0.01604	0.00802	0.00601	0.00601	0.00200	0.00802	0.00535	0.00267	0.00668
17	0.01190	0.00986	0.01543	0.17142	0.16109	0.01040	0.05070	0.05850	0.01349	0.04486	0.04449	0.29475	0.02226	0.03431	0.00778	0.00223	0.02531	0.01000	0.00434	0.00689
18	0.01249	0.07948	0.65347	0.01734	0.02577	0.01471	0.07698	0.01900	0.01279	0.01875	0.01075	0.01278	0.00775	0.00563	0.00570	0.00187	0.00883	0.00457	0.00258	0.00875
19	0.00724	0.00560	0.00660	0.00740	0.00847	0.00497	0.00515	0.00849	0.01246	0.01574	0.04510	0.47239	0.34435	0.01730	0.00743	0.00227	0.00330	0.01521	0.00559	0.00497
20	0.00745	0.00531	0.00702	0.00826	0.00865	0.00497	0.00551	0.00856	0.01172	0.01570	0.07285	0.71279	0.04002	0.04965	0.00857	0.00255	0.00355	0.01641	0.00556	0.00488
21	0.14246	0.17767	0.02043	0.16351	0.07923	0.01582	0.07459	0.03630	0.13115	0.08338	0.01346	0.01502	0.01026	0.00613	0.00531	0.00180	0.00647	0.00502	0.00391	0.00807

[dist]
# distance from previous block
# <min> <max>
4	8

[block]
# block no. 1 follows, 38 sequences, length 15
# corresponding to MSA columns:
# 771-785
name=unknown_B
#
# <colnr> <probs for GDERKNQSTAVLIFYWHMCP>
#	G	D	E	R	K	N	Q	S	T	A	V	L	I	F	Y	W	H	M	C	P
0	0.03505	0.08735	0.01939	0.21854	0.08877	0.04384	0.06255	0.11542	0.03952	0.03217	0.02271	0.01474	0.00982	0.00592	0.00573	0.00166	0.01881	0.00496	0.00364	0.16941
1	0.00866	0.00593	0.00719	0.00722	0.00749	0.00609	0.00449	0.00920	0.00938	0.01276	0.05148	0.06422	0.02287	0.59392	0.15883	0.00621	0.00743	0.00874	0.00377	0.00409
2	0.01332	0.12217	0.20871	0.08445	0.01974	0.04902	0.01309	0.04808	0.18037	0.01981	0.06633	0.08448	0.01670	0.00949	0.03652	0.00220	0.00694	0.00654	0.00411	0.00792
3	0.01175	0.00815	0.01223	0.01112	0.05092	0.00745	0.07078	0.01476	0.01644	0.11168	0.52589	0.03651	0.04301	0.01038	0.00680	0.00185	0.00405	0.00937	0.00609	0.04078
4	0.00986	0.03063	0.06125	0.07776	0.01551	0.00883	0.07231	0.01385	0.07763	0.01839	0.10385	0.12773	0.26187	0.01183	0.00674	0.00204	0.00489	0.04553	0.04322	0.00629
5	0.01312	0.01089	0.04952	0.01017	0.03135	0.00878	0.00814	0.01757	0.09826	0.08581	0.16136	0.02216	0.02067	0.04336	0.00664	0.00161	0.00458	0.00595	0.00475	0.39530
6	0.02195	0.01631	0.01756	0.01341	0.01827	0.01771	0.01105	0.66769	0.02689	0.03629	0.01411	0.01427	0.01011	0.00698	0.00588	0.00172	0.00643	0.00525	0.00580	0.08231
7	0.03328	0.06814	0.07623	0.03208	0.01744	0.04201	0.04114	0.06459	0.14825	0.03999	0.01361	0.01460	0.01059	0.00570	0.00514	0.00142	0.00576	0.00460	0.00408	0.37134
8	0.00839	0.00568	0.00667	0.00702	0.00711	0.00559	0.00413	0.00865	0.00945	0.01260	0.02254	0.22757	0.02640	0.59421	0.02483	0.00498	0.00524	0.01086	0.00413	0.00396
9	0.01522	0.34967	0.32437	0.01401	0.04599	0.01742	0.01517	0.01934	0.01293	0.08298	0.01094	0.01217	0.00844	0.00556	0.00491	0.00159	0.00725	0.00406	0.00305	0.04492
10	0.01207	0.03112	0.75741	0.01715	0.02604	0.01397	0.02223	0.01905	0.01270	0.01905	0.01080	0.01270	0.00762	0.00572	0.00572	0.00191	0.00889	0.00445	0.00254	0.00889
11	0.02018	0.26441	0.08549	0.01279	0.01756	0.20247	0.01152	0.11614	0.04100	0.15487	0.01298	0.01327	0.00973	0.00626	0.00517	0.00161	0.00747	0.00442	0.00417	0.00849
12	0.01244	0.01003	0.08710	0.01137	0.04459	0.00805	0.00890	0.04828	0.04505	0.13746	0.02651	0.45128	0.02792	0.01499	0.03405	0.00248	0.00512	0.01212	0.00542	0.00684
13	0.05337	0.22025	0.08174	0.03798	0.01470	0.01260	0.00922	0.04319	0.01272	0.01762	0.01940	0.24276	0.05635	0.00980	0.00558	0.00173	0.00525	0.00816	0.00399	0.14358
14	0.01404	0.05338	0.02572	0.06741	0.36858	0.01508	0.19620	0.01753	0.01299	0.01820	0.01186	0.04826	0.01036	0.00656	0.00798	0.00197	0.10630	0.00619	0.00303	0.00835

[dist]
# distance from previous block
# <min> <max>
1	11

[block]
# block no. 2 follows, 38 sequences, length 22
# corresponding to MSA columns:
# 798-819
name=unknown_C
#
# <colnr> <probs for GDERKNQSTAVLIFYWHMCP>
#	G	D	E	R	K	N	Q	S	T	A	V	L	I	F	Y	W	H	M	C	P
0	0.05968	0.11383	0.06341	0.04310	0.01793	0.04784	0.03361	0.16383	0.27615	0.02430	0.01700	0.05222	0.01356	0.00738	0.00566	0.00183	0.00608	0.00591	0.00481	0.04186
1	0.01520	0.01060	0.01270	0.00935	0.01432	0.00846	0.00752	0.04647	0.01421	0.14886	0.05596	0.01584	0.01279	0.00554	0.00495	0.00116	0.00456	0.00450	0.00452	0.60251
2	0.04212	0.09331	0.17879	0.07107	0.04286	0.01292	0.05285	0.04287	0.08075	0.18368	0.04811	0.01985	0.06258	0.00715	0.00580	0.00183	0.00638	0.00592	0.00457	0.03657
3	0.01422	0.21795	0.19923	0.02414	0.01757	0.01483	0.03186	0.01822	0.05491	0.09657	0.03842	0.11985	0.01534	0.02535	0.00759	0.00198	0.08373	0.00662	0.00388	0.00772
4	0.00859	0.00645	0.00967	0.00967	0.01074	0.00752	0.00752	0.01074	0.00967	0.01396	0.01611	0.02363	0.01504	0.04512	0.76474	0.00967	0.01611	0.00645	0.00322	0.00537
5	0.01385	0.00831	0.01019	0.00893	0.01140	0.00815	0.00695	0.04997	0.11809	0.16559	0.41089	0.03375	0.03764	0.01010	0.00646	0.00186	0.00371	0.00867	0.07819	0.00729
6	0.01169	0.00941	0.01460	0.15456	0.05195	0.00948	0.10006	0.05208	0.01442	0.06809	0.07843	0.13501	0.18625	0.01126	0.00691	0.00211	0.00566	0.07656	0.00482	0.00664
7	0.01405	0.01687	0.24556	0.12836	0.09418	0.01188	0.01459	0.02005	0.11307	0.12652	0.02106	0.06178	0.08998	0.00801	0.00614	0.00196	0.00657	0.00677	0.00429	0.00829
8	0.01690	0.01734	0.01385	0.01270	0.01539	0.29274	0.00960	0.12461	0.16897	0.02041	0.01902	0.19292	0.01803	0.01124	0.03655	0.00222	0.00747	0.00787	0.00474	0.00744
9	0.02681	0.01052	0.01414	0.01084	0.01550	0.00927	0.00895	0.05969	0.01770	0.72418	0.02333	0.02021	0.01469	0.00744	0.00605	0.00186	0.00518	0.00602	0.00738	0.01024
10	0.01433	0.01767	0.23672	0.15403	0.17922	0.01325	0.01613	0.09746	0.04053	0.06148	0.01367	0.04674	0.01106	0.03401	0.00745	0.03127	0.00730	0.00576	0.00361	0.00832
11	0.07300	0.01531	0.12472	0.05382	0.12553	0.03812	0.17113	0.05020	0.01415	0.09393	0.01529	0.04654	0.01270	0.03185	0.00686	0.00205	0.00724	0.04563	0.06399	0.00793
12	0.01489	0.01429	0.02442	0.03692	0.75106	0.01429	0.01846	0.01846	0.01370	0.01965	0.01132	0.01489	0.00953	0.00536	0.00596	0.00179	0.00715	0.00536	0.00298	0.00953
13	0.12316	0.00991	0.01252	0.00989	0.01406	0.00904	0.00811	0.02600	0.01609	0.58271	0.06229	0.02066	0.01625	0.00747	0.00572	0.00184	0.00480	0.00595	0.05428	0.00926
14	0.01202	0.04009	0.14907	0.10269	0.04838	0.01098	0.04227	0.08568	0.01396	0.04230	0.05240	0.21859	0.04985	0.04571	0.04157	0.00256	0.02162	0.00900	0.00427	0.00700
15	0.01798	0.11576	0.33904	0.01465	0.02130	0.01446	0.05558	0.11043	0.01587	0.21603	0.01446	0.01481	0.00997	0.00626	0.00569	0.00181	0.00738	0.00499	0.00431	0.00923
16	0.00823	0.00601	0.00775	0.00775	0.00903	0.00554	0.00575	0.01062	0.01557	0.02152	0.52185	0.18332	0.11404	0.01397	0.00726	0.00205	0.00310	0.04488	0.00629	0.00547
17	0.01417	0.00777	0.01006	0.03943	0.01213	0.00747	0.00702	0.04903	0.02490	0.21024	0.12436	0.15116	0.08012	0.10240	0.04318	0.05061	0.00507	0.02293	0.03138	0.00658
18	0.01486	0.01692	0.16363	0.07430	0.08893	0.09883	0.06092	0.04435	0.06253	0.09148	0.01873	0.10366	0.04883	0.00863	0.00678	0.00199	0.03618	0.03554	0.01506	0.00785
19	0.01651	0.04467	0.04426	0.26392	0.12459	0.01388	0.01359	0.11892	0.10133	0.13340	0.01482	0.01653	0.01082	0.00644	0.00584	0.00184	0.00666	0.00542	0.00435	0.05219
20	0.01044	0.00889	0.05207	0.03833	0.05547	0.00765	0.00858	0.01279	0.01318	0.05847	0.10575	0.25907	0.11478	0.01288	0.00735	0.00209	0.03586	0.08727	0.03022	0.07887
21	0.04083	0.01247	0.01424	0.01327	0.07588	0.07953	0.04102	0.13941	0.05474	0.09917	0.09100	0.10480	0.07194	0.04226	0.00719	0.00198	0.00568	0.00768	0.00508	0.09183

[dist]
# distance from previous block
# <min> <max>
0	19

[block]
# block no. 3 follows, 38 sequences, length 13
# corresponding to MSA columns:
# 839-851
name=unknown_D
#
# <colnr> <probs for GDERKNQSTAVLIFYWHMCP>
#	G	D	E	R	K	N	Q	S	T	A	V	L	I	F	Y	W	H	M	C	P
0	0.11947	0.01322	0.07400	0.08224	0.06883	0.03228	0.03330	0.05335	0.05474	0.08726	0.01649	0.10375	0.03639	0.00818	0.00710	0.00190	0.08249	0.00651	0.00418	0.11432
1	0.08674	0.04018	0.01410	0.01122	0.03589	0.06119	0.02654	0.08145	0.09367	0.04216	0.09462	0.03518	0.01592	0.00667	0.00527	0.00147	0.00523	0.00539	0.00447	0.33266
2	0.01514	0.12261	0.06679	0.04082	0.01597	0.01350	0.01012	0.04411	0.24170	0.12464	0.08544	0.04158	0.07861	0.00884	0.00672	0.00193	0.04579	0.02228	0.00521	0.00819
3	0.00789	0.00574	0.00740	0.00797	0.00883	0.00542	0.00563	0.00951	0.01297	0.01751	0.22371	0.38576	0.11457	0.07411	0.05811	0.00298	0.00433	0.03692	0.00557	0.00508
4	0.00827	0.00616	0.00780	0.00744	0.00895	0.00569	0.00560	0.01082	0.01595	0.02205	0.57661	0.04590	0.17890	0.01495	0.05610	0.00242	0.00373	0.01092	0.00622	0.00555
5	0.00737	0.00595	0.00655	0.00674	0.00837	0.00514	0.00492	0.00900	0.01382	0.01730	0.16122	0.18826	0.51344	0.01544	0.00721	0.00208	0.00310	0.01322	0.00574	0.00514
6	0.67108	0.01212	0.01033	0.00883	0.01275	0.01370	0.00728	0.10091	0.01290	0.08874	0.01035	0.01120	0.00764	0.00593	0.00418	0.00185	0.00492	0.00374	0.00430	0.00725
7	0.01948	0.01138	0.01267	0.01019	0.01373	0.01186	0.00826	0.32396	0.02028	0.18160	0.01826	0.01861	0.01309	0.00719	0.00536	0.00167	0.00492	0.00562	0.30332	0.00855
8	0.01608	0.79220	0.03152	0.01029	0.01544	0.02380	0.01029	0.01801	0.01222	0.01415	0.00836	0.00965	0.00772	0.00515	0.00386	0.00129	0.00643	0.00322	0.00257	0.00772
9	0.01496	0.01292	0.01360	0.01224	0.01564	0.01496	0.00952	0.03197	0.74019	0.02516	0.02448	0.02244	0.01836	0.00816	0.00612	0.00204	0.00476	0.00680	0.00612	0.00952
10	0.00801	0.00613	0.00734	0.00704	0.00868	0.00546	0.00528	0.01037	0.01583	0.02129	0.50063	0.04960	0.30578	0.01336	0.00710	0.00194	0.00291	0.01153	0.00625	0.00546
11	0.00851	0.00615	0.00804	0.00757	0.00899	0.00568	0.00568	0.01135	0.01703	0.02412	0.74788	0.04494	0.05676	0.01230	0.00710	0.00189	0.00284	0.01088	0.00662	0.00568
12	0.01363	0.17667	0.16237	0.01091	0.01517	0.01268	0.01074	0.09077	0.01636	0.07513	0.31910	0.02625	0.02894	0.00862	0.00596	0.00176	0.00534	0.00709	0.00497	0.00754

[dist]
# distance from previous block
# <min> <max>
0	86

[block]
# block no. 4 follows, 38 sequences, length 38
# corresponding to MSA columns:
# 938-975
name=unknown_E
#
# <colnr> <probs for GDERKNQSTAVLIFYWHMCP>
#	G	D	E	R	K	N	Q	S	T	A	V	L	I	F	Y	W	H	M	C	P
0	0.05822	0.01083	0.06695	0.05940	0.03538	0.01067	0.06327	0.01339	0.01183	0.04192	0.04514	0.24407	0.09189	0.01357	0.04573	0.00260	0.16494	0.00966	0.00419	0.00634
1	0.06460	0.52090	0.05947	0.06243	0.03738	0.09199	0.01130	0.01911	0.01291	0.05828	0.00969	0.01110	0.00813	0.00550	0.00441	0.00147	0.00691	0.00370	0.00299	0.00776
2	0.57719	0.06090	0.03140	0.00889	0.01243	0.05801	0.00746	0.04126	0.01144	0.02410	0.01007	0.03732	0.00850	0.00704	0.00526	0.04942	0.00524	0.00407	0.03349	0.00649
3	0.04130	0.01057	0.01592	0.05828	0.21239	0.01070	0.05018	0.03671	0.04790	0.09732	0.26918	0.02756	0.05214	0.00870	0.00688	0.00191	0.03198	0.00768	0.00501	0.00770
4	0.00734	0.00610	0.00642	0.00634	0.00827	0.00518	0.00476	0.00909	0.01427	0.01757	0.17579	0.05573	0.63295	0.01474	0.00711	0.00201	0.00301	0.01239	0.00576	0.00518
5	0.00746	0.00533	0.00712	0.00852	0.00892	0.00499	0.00580	0.00859	0.01164	0.01550	0.03309	0.74656	0.03951	0.01873	0.00771	0.00246	0.00360	0.05396	0.00558	0.00492
6	0.01245	0.03103	0.73042	0.01709	0.02577	0.04133	0.02184	0.01923	0.01286	0.01889	0.01074	0.01263	0.00763	0.00573	0.00570	0.00189	0.00896	0.00442	0.00256	0.00882
7	0.01489	0.01429	0.02442	0.03692	0.75106	0.01429	0.01846	0.01846	0.01370	0.01965	0.01132	0.01489	0.00953	0.00536	0.00596	0.00179	0.00715	0.00536	0.00298	0.00953
8	0.01247	0.01069	0.01247	0.00891	0.01426	0.00802	0.00713	0.01515	0.01247	0.01960	0.01069	0.01247	0.00891	0.00446	0.00446	0.00089	0.00446	0.00356	0.00356	0.82536
9	0.06286	0.02697	0.04305	0.09009	0.27708	0.01238	0.01306	0.02015	0.08417	0.15011	0.08668	0.02079	0.04522	0.00732	0.00645	0.00189	0.03247	0.00625	0.00450	0.00851
10	0.01841	0.52510	0.02682	0.01161	0.01655	0.06167	0.01070	0.22663	0.01717	0.02113	0.01019	0.01111	0.00846	0.00581	0.00457	0.00145	0.00672	0.00389	0.00361	0.00841
11	0.01516	0.13783	0.35287	0.01456	0.05051	0.03916	0.01534	0.01954	0.01386	0.13976	0.07871	0.01796	0.03888	0.00699	0.00614	0.00182	0.03325	0.00542	0.00386	0.00841
12	0.01709	0.23622	0.19347	0.01397	0.01977	0.01494	0.12146	0.02074	0.01405	0.21116	0.01733	0.01767	0.06304	0.00660	0.00559	0.00175	0.00698	0.00552	0.00414	0.00852
13	0.05961	0.35622	0.13908	0.05645	0.01861	0.03843	0.01264	0.03754	0.01285	0.09507	0.01063	0.01229	0.00851	0.00637	0.00676	0.00172	0.11183	0.00419	0.00326	0.00794
14	0.02674	0.01064	0.01421	0.01090	0.01556	0.00945	0.00900	0.07249	0.01790	0.71109	0.02316	0.02010	0.01460	0.00743	0.00605	0.00186	0.00521	0.00601	0.00736	0.01024
15	0.01071	0.00747	0.01029	0.11202	0.07799	0.00766	0.00760	0.01242	0.01168	0.06055	0.08102	0.11222	0.05191	0.29813	0.04151	0.00364	0.00568	0.00872	0.07324	0.00555
16	0.05041	0.09129	0.13369	0.16905	0.03430	0.11140	0.03996	0.05623	0.01489	0.17253	0.03278	0.01579	0.01097	0.00640	0.00560	0.00179	0.00731	0.00509	0.03239	0.00811
17	0.01021	0.00753	0.01005	0.01109	0.01269	0.00773	0.00955	0.01448	0.09043	0.01895	0.05328	0.06237	0.03360	0.01559	0.00804	0.00267	0.00537	0.61477	0.00563	0.00596
18	0.00741	0.00537	0.00703	0.00832	0.00883	0.00498	0.00568	0.00856	0.01177	0.01553	0.03510	0.70347	0.09052	0.01850	0.00766	0.00243	0.00354	0.04480	0.00558	0.00493
19	0.01637	0.01502	0.02009	0.15362	0.12482	0.06335	0.11220	0.17396	0.21168	0.02390	0.01539	0.01695	0.01161	0.00664	0.00615	0.00192	0.00720	0.00590	0.00443	0.00881
20	0.03099	0.01417	0.04389	0.03001	0.16320	0.01409	0.06374	0.28262	0.03352	0.12375	0.01710	0.04234	0.01401	0.02288	0.00678	0.00203	0.00660	0.07417	0.00509	0.00904
21	0.00757	0.00543	0.00734	0.00864	0.00910	0.00520	0.00598	0.00880	0.01153	0.01542	0.03185	0.68586	0.03769	0.02060	0.06213	0.00298	0.00452	0.05900	0.00541	0.00496
22	0.02220	0.01649	0.01805	0.05782	0.01997	0.01835	0.01174	0.68960	0.02734	0.03661	0.01423	0.01454	0.01010	0.00715	0.00602	0.00182	0.00670	0.00541	0.00582	0.01003
23	0.53907	0.05218	0.06559	0.01027	0.01440	0.13984	0.00894	0.04349	0.01254	0.05356	0.00953	0.01075	0.00732	0.00581	0.00433	0.00178	0.00616	0.00363	0.00371	0.00709
24	0.04071	0.01511	0.01955	0.37205	0.16068	0.14562	0.05799	0.04430	0.02825	0.04264	0.01142	0.01495	0.00878	0.00599	0.00590	0.00187	0.00817	0.00518	0.00321	0.00763
25	0.01508	0.01222	0.04141	0.07125	0.05846	0.01198	0.05480	0.11742	0.16855	0.08899	0.10045	0.02145	0.01777	0.03573	0.03799	0.02423	0.00616	0.00638	0.00493	0.10475
26	0.01283	0.01266	0.01768	0.01520	0.01530	0.01751	0.01262	0.01425	0.00977	0.01517	0.06108	0.01544	0.01141	0.01066	0.01883	0.00258	0.72189	0.00567	0.00292	0.00652
27	0.01516	0.12950	0.09780	0.01611	0.06368	0.15316	0.14826	0.04187	0.01386	0.03985	0.02670	0.08201	0.01367	0.10049	0.00924	0.00230	0.02906	0.00653	0.00350	0.00726
28	0.00851	0.00615	0.00804	0.00757	0.00899	0.00568	0.00568	0.01135	0.01703	0.02412	0.74788	0.04494	0.05676	0.01230	0.00710	0.00189	0.00284	0.01088	0.00662	0.00568
29	0.01045	0.00902	0.01212	0.01105	0.01139	0.01129	0.00849	0.01164	0.01016	0.01469	0.08652	0.07379	0.03905	0.22692	0.10787	0.00423	0.33447	0.00783	0.00363	0.00541
30	0.01855	0.01471	0.01562	0.01297	0.01701	0.01664	0.01039	0.34926	0.41705	0.03095	0.01993	0.01881	0.01467	0.00773	0.00607	0.00193	0.00560	0.00617	0.00607	0.00984
31	0.70712	0.01165	0.00977	0.00845	0.01232	0.01312	0.00696	0.04376	0.01170	0.11430	0.01042	0.01121	0.00764	0.00586	0.00408	0.00186	0.00478	0.00367	0.00425	0.00709
32	0.00851	0.00605	0.00772	0.00744	0.00881	0.00558	0.00553	0.01114	0.01621	0.02298	0.61908	0.09752	0.08999	0.01263	0.00698	0.00191	0.00289	0.01113	0.05231	0.00558
33	0.02495	0.01073	0.01387	0.01078	0.01525	0.00979	0.00886	0.09756	0.04297	0.61367	0.02513	0.02225	0.05969	0.00793	0.00611	0.00187	0.00513	0.00642	0.00714	0.00990
34	0.00866	0.00580	0.00742	0.00806	0.00908	0.00526	0.00564	0.01010	0.01293	0.06218	0.13155	0.52886	0.14850	0.01673	0.00741	0.00227	0.00344	0.01493	0.00584	0.00535
35	0.01012	0.00660	0.00855	0.03403	0.01005	0.00697	0.00607	0.01162	0.01093	0.05796	0.05937	0.09647	0.04641	0.26974	0.20665	0.00515	0.03378	0.00836	0.10599	0.00518
36	0.01389	0.01106	0.01353	0.05736	0.06034	0.01232	0.00967	0.18724	0.16440	0.02311	0.05985	0.15392	0.02085	0.07233	0.05845	0.00286	0.04601	0.02017	0.00507	0.00758
37	0.14927	0.01251	0.03658	0.10685	0.06184	0.05814	0.01021	0.10310	0.06163	0.06619	0.14255	0.06812	0.03934	0.00852	0.00636	0.00191	0.03216	0.00686	0.00475	0.02311

[dist]
# distance from previous block
# <min> <max>
2	78

[block]
# block no. 5 follows, 38 sequences, length 71
# corresponding to MSA columns:
# 1054-1074,1095-1144
name=unknown_F
#
# <colnr> <probs for GDERKNQSTAVLIFYWHMCP>
#	G	D	E	R	K	N	Q	S	T	A	V	L	I	F	Y	W	H	M	C	P
0	0.01328	0.01011	0.03208	0.01012	0.01327	0.00949	0.02634	0.04329	0.16208	0.09467	0.23604	0.06607	0.02768	0.00906	0.00646	0.00177	0.02555	0.00771	0.05925	0.14568
1	0.01373	0.03161	0.10541	0.01398	0.06053	0.01326	0.01170	0.03898	0.05249	0.08096	0.12642	0.02099	0.03254	0.00902	0.01075	0.00209	0.27572	0.00632	0.08611	0.00738
2	0.04276	0.01110	0.01242	0.01169	0.04728	0.03434	0.00857	0.22034	0.09672	0.04575	0.17727	0.19280	0.02771	0.01082	0.00647	0.00197	0.00484	0.00923	0.03030	0.00759
3	0.00929	0.00614	0.00702	0.00695	0.00730	0.00624	0.00423	0.01020	0.04427	0.01313	0.01970	0.03587	0.04054	0.59656	0.04912	0.06791	0.00577	0.00822	0.05748	0.00407
4	0.03719	0.00881	0.01004	0.00910	0.01088	0.00969	0.00687	0.09109	0.12958	0.02175	0.15717	0.02825	0.02369	0.15957	0.07439	0.00325	0.05110	0.00735	0.15381	0.00643
5	0.01378	0.18778	0.40256	0.01501	0.02148	0.01577	0.06343	0.03597	0.01311	0.04388	0.03140	0.01398	0.00980	0.00623	0.00639	0.00180	0.06229	0.00473	0.04235	0.00826
6	0.01450	0.01260	0.01694	0.13536	0.14559	0.01397	0.04649	0.08953	0.32500	0.02343	0.06967	0.02070	0.01666	0.00737	0.00612	0.00194	0.00590	0.00646	0.03309	0.00867
7	0.01826	0.01297	0.01428	0.01218	0.01600	0.01434	0.00966	0.12705	0.50982	0.16126	0.02297	0.02099	0.01661	0.00790	0.00609	0.00198	0.00508	0.00647	0.00635	0.00975
8	0.03895	0.03687	0.08194	0.19842	0.08468	0.01461	0.12224	0.14187	0.07748	0.08929	0.01401	0.01611	0.01028	0.00638	0.00624	0.00191	0.02127	0.00562	0.02333	0.00848
9	0.00840	0.00606	0.00794	0.00764	0.00896	0.00560	0.00567	0.01108	0.01652	0.02331	0.68133	0.11382	0.05518	0.01291	0.00715	0.00194	0.00290	0.01146	0.00653	0.00560
10	0.01207	0.05042	0.08788	0.06360	0.12766	0.01173	0.08923	0.01724	0.11370	0.03275	0.12174	0.13556	0.06791	0.00954	0.00689	0.00200	0.02961	0.00852	0.00446	0.00747
11	0.00878	0.00587	0.00668	0.00673	0.00678	0.00587	0.00387	0.00889	0.00894	0.01190	0.01944	0.04043	0.02235	0.75980	0.02979	0.00572	0.00582	0.03492	0.00372	0.00372
12	0.15503	0.01105	0.01318	0.09046	0.01690	0.01171	0.02612	0.15545	0.06423	0.18307	0.06705	0.09681	0.03541	0.00857	0.00586	0.00193	0.00527	0.00704	0.03686	0.00799
13	0.01703	0.12127	0.07767	0.01294	0.04249	0.06250	0.04258	0.07718	0.05212	0.13673	0.01338	0.01421	0.01011	0.00588	0.00560	0.00149	0.02779	0.00458	0.00419	0.27024
14	0.00749	0.00533	0.00703	0.00834	0.00870	0.00501	0.00558	0.00852	0.01141	0.01519	0.03218	0.71418	0.03846	0.06934	0.00920	0.00268	0.00371	0.03738	0.00546	0.00482
15	0.01760	0.15839	0.15100	0.03541	0.02028	0.01760	0.05660	0.30670	0.10453	0.02641	0.01351	0.01430	0.01010	0.00643	0.00560	0.00174	0.00695	0.00505	0.00444	0.03737
16	0.01605	0.24653	0.18965	0.01221	0.01815	0.03786	0.03185	0.03373	0.01363	0.12162	0.01194	0.01291	0.00910	0.00549	0.00493	0.00145	0.00654	0.00416	0.00360	0.21859
17	0.04009	0.21490	0.20474	0.03838	0.03625	0.01613	0.10441	0.06573	0.03240	0.15015	0.01308	0.01419	0.00959	0.00609	0.00586	0.00177	0.02885	0.00491	0.00384	0.00865
18	0.01575	0.36303	0.12460	0.01140	0.01619	0.01690	0.01111	0.02101	0.13998	0.11051	0.03576	0.08079	0.01454	0.00741	0.00520	0.00169	0.00597	0.00576	0.00417	0.00822
19	0.00848	0.00637	0.00670	0.00647	0.00864	0.00535	0.00490	0.01012	0.01410	0.06517	0.09152	0.05481	0.66716	0.01458	0.00704	0.00201	0.00317	0.01217	0.00576	0.00545
20	0.01484	0.10121	0.06757	0.24365	0.03976	0.03266	0.07262	0.03501	0.01301	0.12185	0.01385	0.06931	0.01152	0.00844	0.00831	0.06667	0.06272	0.00606	0.00366	0.00727
21	0.02242	0.14433	0.06293	0.01140	0.01609	0.04904	0.01011	0.06456	0.04284	0.44406	0.01926	0.01921	0.01347	0.02625	0.00629	0.00188	0.00595	0.02481	0.00584	0.00926
22	0.00859	0.00645	0.00967	0.00967	0.01074	0.00752	0.00752	0.01074	0.00967	0.01396	0.01611	0.02363	0.01504	0.04512	0.76474	0.00967	0.01611	0.00645	0.00322	0.00537
23	0.00928	0.00649	0.00730	0.00689	0.00900	0.00557	0.00524	0.01121	0.01487	0.08584	0.23060	0.05121	0.50719	0.01378	0.00701	0.00198	0.00318	0.01163	0.00602	0.00570
24	0.02162	0.06192	0.06294	0.08322	0.06378	0.03205	0.06939	0.02462	0.01561	0.45501	0.01959	0.01885	0.02963	0.00690	0.00598	0.00185	0.00633	0.00585	0.00562	0.00925
25	0.06908	0.01294	0.01349	0.01197	0.01542	0.01486	0.00937	0.10152	0.59154	0.02621	0.02273	0.05008	0.01758	0.00831	0.00601	0.00202	0.00489	0.00682	0.00593	0.00922
26	0.70549	0.01162	0.01078	0.06091	0.01464	0.01332	0.04207	0.01741	0.01068	0.02549	0.00959	0.01267	0.00779	0.00600	0.00421	0.00191	0.00518	0.02996	0.00369	0.00657
27	0.01242	0.09781	0.69381	0.01655	0.02511	0.01483	0.02118	0.01896	0.01266	0.01862	0.01058	0.01243	0.00763	0.00567	0.00555	0.00185	0.00868	0.00434	0.00254	0.00879
28	0.04392	0.01073	0.01233	0.00887	0.01416	0.00823	0.00710	0.01524	0.01239	0.01989	0.01060	0.01237	0.00882	0.00450	0.00443	0.00093	0.00446	0.00355	0.00357	0.79390
29	0.00940	0.00681	0.00960	0.03998	0.01300	0.00686	0.00933	0.01195	0.01342	0.01750	0.03124	0.17576	0.03439	0.01655	0.00812	0.00269	0.00532	0.57716	0.00544	0.00548
30	0.03600	0.77312	0.03097	0.01024	0.01535	0.02355	0.01020	0.01801	0.01217	0.01447	0.00836	0.00965	0.00769	0.00516	0.00386	0.00130	0.00639	0.00322	0.00260	0.00769
31	0.01489	0.01429	0.02442	0.03692	0.75106	0.01429	0.01846	0.01846	0.01370	0.01965	0.01132	0.01489	0.00953	0.00536	0.00596	0.00179	0.00715	0.00536	0.00298	0.00953
32	0.02682	0.01052	0.01413	0.01084	0.01550	0.00926	0.00895	0.05897	0.01769	0.72491	0.02334	0.02022	0.01469	0.00744	0.00605	0.00186	0.00518	0.00602	0.00739	0.01024
33	0.83108	0.01163	0.00884	0.00791	0.01163	0.01350	0.00651	0.01768	0.01024	0.02699	0.00838	0.00977	0.00651	0.00558	0.00372	0.00186	0.00465	0.00326	0.00372	0.00651
34	0.20379	0.01417	0.01506	0.01180	0.01633	0.01525	0.00974	0.41069	0.02172	0.20054	0.01523	0.01479	0.01048	0.00691	0.00551	0.00183	0.00584	0.00508	0.00584	0.00940
35	0.00860	0.00642	0.00952	0.00952	0.01054	0.00744	0.00733	0.01065	0.00962	0.01385	0.01625	0.02439	0.01537	0.08086	0.72945	0.00948	0.01562	0.00656	0.00324	0.00529
36	0.77826	0.01154	0.00918	0.00809	0.01188	0.01319	0.00667	0.01845	0.01070	0.07482	0.00939	0.01048	0.00707	0.00571	0.00388	0.00186	0.00468	0.00344	0.00397	0.00676
37	0.00725	0.00591	0.00641	0.00668	0.00831	0.00508	0.00486	0.00876	0.01346	0.01658	0.10015	0.21176	0.55228	0.01581	0.00723	0.00211	0.00313	0.01351	0.00565	0.00508
38	0.01420	0.01623	0.03550	0.02535	0.03144	0.01521	0.72921	0.01927	0.01420	0.01927	0.01217	0.01623	0.00913	0.00507	0.00710	0.00203	0.01014	0.00710	0.00304	0.00811
39	0.75095	0.01196	0.00964	0.00841	0.01224	0.01373	0.00693	0.06858	0.01172	0.04844	0.00924	0.01041	0.00702	0.00575	0.00395	0.00186	0.00481	0.00349	0.00399	0.00688
40	0.06962	0.00969	0.04395	0.24265	0.02121	0.00944	0.03766	0.01464	0.01309	0.09418	0.04610	0.12594	0.18112	0.01044	0.00644	0.00206	0.00557	0.04124	0.01846	0.00650
41	0.54149	0.01113	0.01069	0.00892	0.01297	0.01182	0.00735	0.02187	0.01275	0.28926	0.01391	0.01363	0.00953	0.00625	0.00456	0.00186	0.00482	0.00426	0.00506	0.00786
42	0.52796	0.01156	0.01259	0.19423	0.08044	0.01331	0.01006	0.01775	0.01129	0.05861	0.00991	0.01222	0.00753	0.00576	0.00457	0.00189	0.00569	0.00407	0.00359	0.00698
43	0.01634	0.01166	0.01999	0.01515	0.01933	0.01106	0.27561	0.07922	0.01583	0.17420	0.06784	0.02250	0.01614	0.00715	0.00621	0.00185	0.00649	0.03921	0.16958	0.02463
44	0.00888	0.00584	0.00700	0.00731	0.00760	0.00571	0.00453	0.00937	0.01003	0.03150	0.04048	0.22407	0.02744	0.53111	0.02293	0.00469	0.00515	0.03776	0.00436	0.00424
45	0.00840	0.00614	0.00788	0.00745	0.00892	0.00563	0.00558	0.01113	0.01675	0.02347	0.69046	0.04602	0.11460	0.01254	0.00710	0.00190	0.00286	0.01103	0.00654	0.00563
46	0.01480	0.01765	0.20849	0.18700	0.18660	0.01402	0.04629	0.12365	0.02949	0.05686	0.03425	0.01665	0.02457	0.00640	0.00603	0.00189	0.00749	0.00556	0.00368	0.00862
47	0.19495	0.01706	0.14283	0.09285	0.08692	0.05835	0.01302	0.16061	0.05270	0.10596	0.01306	0.01419	0.00947	0.00633	0.00543	0.00186	0.00676	0.00482	0.00429	0.00854
48	0.00777	0.00604	0.00708	0.00715	0.00872	0.00536	0.00534	0.00977	0.01464	0.01908	0.30565	0.14600	0.37411	0.01469	0.00723	0.00207	0.00314	0.04492	0.00596	0.00529
49	0.01477	0.18659	0.32451	0.01528	0.02093	0.06372	0.04401	0.07488	0.03598	0.01866	0.01046	0.01259	0.00829	0.00660	0.00775	0.00188	0.13732	0.00454	0.00300	0.00823
50	0.83108	0.01163	0.00884	0.00791	0.01163	0.01350	0.00651	0.01768	0.01024	0.02699	0.00838	0.00977	0.00651	0.00558	0.00372	0.00186	0.00465	0.00326	0.00372	0.00651
51	0.01293	0.23894	0.01358	0.00719	0.00978	0.01131	0.00618	0.03225	0.01287	0.02034	0.01616	0.01845	0.01301	0.00646	0.00415	0.00138	0.00397	0.00489	0.55979	0.00634
52	0.01120	0.00825	0.01038	0.00970	0.01129	0.00903	0.00737	0.12038	0.03938	0.01786	0.01785	0.02896	0.01737	0.21964	0.36724	0.00654	0.01067	0.05672	0.00403	0.02614
53	0.01372	0.01423	0.01189	0.01105	0.01220	0.25269	0.00797	0.01469	0.01161	0.01333	0.01404	0.02466	0.01459	0.33489	0.12145	0.00456	0.10742	0.00641	0.00328	0.00533
54	0.05960	0.02288	0.01580	0.01399	0.01742	0.50464	0.01071	0.04303	0.11152	0.12369	0.01344	0.01379	0.01017	0.00663	0.00554	0.00168	0.00884	0.00458	0.00422	0.00784
55	0.00845	0.00615	0.00795	0.00750	0.00895	0.00565	0.00562	0.01123	0.01687	0.02376	0.71607	0.04554	0.08880	0.01243	0.00710	0.00190	0.00285	0.01096	0.00657	0.00565
56	0.00874	0.00655	0.00837	0.00902	0.01059	0.00617	0.00750	0.01117	0.01439	0.01863	0.17159	0.06082	0.24130	0.01543	0.00775	0.00240	0.00434	0.38405	0.00575	0.00543
57	0.83108	0.01163	0.00884	0.00791	0.01163	0.01350	0.00651	0.01768	0.01024	0.02699	0.00838	0.00977	0.00651	0.00558	0.00372	0.00186	0.00465	0.00326	0.00372	0.00651
58	0.00809	0.00559	0.00692	0.00768	0.00792	0.00542	0.00490	0.00875	0.01036	0.01379	0.02658	0.40820	0.03132	0.37156	0.01822	0.00401	0.00466	0.04698	0.00469	0.00435
59	0.01247	0.01069	0.01247	0.00891	0.01426	0.00802	0.00713	0.01515	0.01247	0.01960	0.01069	0.01247	0.00891	0.00446	0.00446	0.00089	0.00446	0.00356	0.00356	0.82536
60	0.00872	0.00638	0.00839	0.00891	0.01030	0.00605	0.00720	0.01121	0.01481	0.01985	0.30387	0.12300	0.12988	0.01503	0.00765	0.00232	0.00404	0.30095	0.00595	0.00548
61	0.05419	0.13576	0.02203	0.01553	0.01851	0.13696	0.13260	0.03987	0.01294	0.06519	0.01048	0.01352	0.00879	0.00884	0.03859	0.00230	0.26823	0.00504	0.00326	0.00738
62	0.01356	0.01199	0.05133	0.42970	0.10805	0.01260	0.01460	0.08274	0.01433	0.07024	0.04894	0.06770	0.01330	0.00725	0.00612	0.00194	0.00700	0.00635	0.00375	0.02851
63	0.00893	0.00647	0.00766	0.00798	0.00862	0.00654	0.00521	0.01154	0.09614	0.01560	0.08225	0.31473	0.03086	0.35004	0.01737	0.00382	0.00460	0.01179	0.00489	0.00495
64	0.06019	0.01156	0.01255	0.01021	0.01372	0.01222	0.00830	0.33067	0.02010	0.13653	0.01891	0.02003	0.03558	0.00755	0.00542	0.00172	0.00497	0.02033	0.26110	0.00834
65	0.01545	0.01324	0.01832	0.17028	0.17700	0.07682	0.06745	0.05934	0.05172	0.09736	0.06592	0.03830	0.03517	0.00747	0.00697	0.00192	0.05364	0.00639	0.02931	0.00794
66	0.01364	0.02004	0.37814	0.08342	0.08549	0.01166	0.01661	0.01852	0.01351	0.11636	0.03855	0.05783	0.01461	0.00784	0.00614	0.00199	0.00722	0.07181	0.02841	0.00822
67	0.00766	0.00556	0.00721	0.00825	0.00893	0.00518	0.00577	0.00904	0.01239	0.01645	0.10982	0.56325	0.10355	0.04137	0.00832	0.00248	0.00362	0.07053	0.00563	0.00500
68	0.09987	0.01270	0.04434	0.07946	0.12753	0.04025	0.03609	0.05414	0.01550	0.34783	0.03266	0.05438	0.01379	0.00727	0.00590	0.00188	0.00610	0.00611	0.00534	0.00887
69	0.07711	0.05284	0.11110	0.04790	0.16787	0.03625	0.05921	0.08926	0.01531	0.15027	0.02734	0.01708	0.01152	0.00642	0.00571	0.00177	0.00670	0.02946	0.00424	0.08263
70	0.01257	0.00718	0.00900	0.00856	0.01024	0.00674	0.00629	0.04119	0.01369	0.16613	0.10892	0.20259	0.09991	0.19939	0.01272	0.00304	0.00458	0.07559	0.00562	0.00604

[dist]
# distance from previous block
# <min> <max>
0	167

# created by:
# /home/berkeley/.conda/envs/busco_data_prod/bin/msa2prfl.pl pipeline/OGs_align_augustus/33634/151410.fs
