[name]
unknown

[dist]
# distance from previous block
# <min> <max>
3	563

[block]
# block no. 0 follows, 49 sequences, length 31
# corresponding to MSA columns:
# 613-643
name=unknown_A
#
# <colnr> <probs for GDERKNQSTAVLIFYWHMCP>
#	G	D	E	R	K	N	Q	S	T	A	V	L	I	F	Y	W	H	M	C	P
0	0.01448	0.00952	0.01097	0.00925	0.01231	0.00991	0.00733	0.07551	0.36612	0.20741	0.13913	0.02033	0.01871	0.00697	0.00515	0.00157	0.00391	0.00582	0.00531	0.07029
1	0.03478	0.01425	0.17765	0.09444	0.22756	0.01145	0.06154	0.10417	0.04663	0.07927	0.01104	0.01300	0.00836	0.01970	0.00527	0.00157	0.00601	0.00443	0.00318	0.07569
2	0.01298	0.00889	0.01291	0.31615	0.04160	0.00970	0.02909	0.04793	0.11958	0.19268	0.04029	0.09345	0.03874	0.00703	0.00529	0.00168	0.00515	0.00612	0.00411	0.00663
3	0.01395	0.00793	0.00938	0.00775	0.01062	0.00739	0.00619	0.12475	0.03970	0.27537	0.11693	0.02918	0.27669	0.00881	0.00543	0.00158	0.00365	0.00728	0.00531	0.04211
4	0.00758	0.00542	0.00697	0.00687	0.00713	0.00595	0.00462	0.00809	0.00766	0.01058	0.01484	0.06016	0.01622	0.48307	0.23679	0.04290	0.06180	0.00679	0.00294	0.00363
5	0.13692	0.03731	0.07070	0.07548	0.07847	0.01064	0.04155	0.11543	0.01372	0.34930	0.01381	0.01370	0.00936	0.00553	0.00475	0.00156	0.00518	0.00445	0.00446	0.00765
6	0.09358	0.04021	0.07703	0.02649	0.03090	0.07384	0.03006	0.24236	0.11896	0.06807	0.01199	0.01288	0.00904	0.00681	0.02593	0.00176	0.08739	0.00440	0.03110	0.00721
7	0.01188	0.01066	0.01774	0.08953	0.59206	0.01078	0.01346	0.01460	0.01135	0.04237	0.05899	0.01597	0.01137	0.06991	0.00672	0.00179	0.00569	0.00504	0.00285	0.00724
8	0.08389	0.01252	0.01301	0.01089	0.02545	0.02847	0.00863	0.37335	0.31586	0.02589	0.01479	0.01433	0.01092	0.00615	0.00488	0.00157	0.00484	0.00478	0.00479	0.03499
9	0.01254	0.03127	0.01183	0.03744	0.01374	0.04959	0.00822	0.03978	0.62969	0.01994	0.01956	0.04935	0.01549	0.00722	0.00518	0.00171	0.00439	0.03073	0.00482	0.00754
10	0.04567	0.00781	0.00970	0.00904	0.04483	0.00747	0.00657	0.04989	0.08209	0.18483	0.02643	0.13501	0.01641	0.11306	0.02982	0.03110	0.00444	0.05318	0.00433	0.13832
11	0.01048	0.13149	0.60797	0.01364	0.02017	0.01251	0.05888	0.01543	0.01064	0.01531	0.00986	0.05337	0.00792	0.00530	0.00475	0.00156	0.00701	0.00429	0.00230	0.00713
12	0.00615	0.00443	0.00584	0.00696	0.00731	0.00411	0.00466	0.00705	0.00976	0.01294	0.02883	0.78751	0.06431	0.01572	0.00643	0.00204	0.00292	0.01422	0.00469	0.00411
13	0.00897	0.00536	0.00693	0.00689	0.00819	0.00483	0.00502	0.01049	0.01199	0.13553	0.24611	0.36977	0.13560	0.01239	0.00604	0.00180	0.00294	0.01096	0.00518	0.00501
14	0.00969	0.00913	0.01559	0.65705	0.09347	0.01088	0.04531	0.01296	0.01047	0.01367	0.04397	0.03627	0.00941	0.00550	0.00517	0.00168	0.00646	0.00503	0.00249	0.00578
15	0.05339	0.01008	0.01246	0.00959	0.01350	0.00970	0.00792	0.21692	0.01664	0.56904	0.01745	0.01557	0.01124	0.00615	0.00500	0.00155	0.00461	0.00486	0.00583	0.00849
16	0.00805	0.00541	0.00760	0.00761	0.00863	0.00581	0.00580	0.00955	0.00901	0.05644	0.01875	0.10423	0.07365	0.06987	0.49906	0.03323	0.00974	0.03673	0.02627	0.00455
17	0.17270	0.00752	0.00855	0.00769	0.01003	0.00759	0.00596	0.01661	0.10701	0.24052	0.10354	0.19596	0.02009	0.00859	0.00502	0.00167	0.00354	0.00720	0.06395	0.00625
18	0.00818	0.00553	0.00707	0.00651	0.00791	0.00514	0.00494	0.02919	0.01434	0.05445	0.68524	0.03597	0.06866	0.00999	0.00582	0.00158	0.00255	0.00876	0.03315	0.00502
19	0.00711	0.00488	0.00593	0.00615	0.00632	0.00494	0.00380	0.00752	0.00789	0.01064	0.01783	0.17732	0.02042	0.56801	0.12558	0.00480	0.00569	0.00840	0.00332	0.00345
20	0.08451	0.01184	0.06572	0.20584	0.05435	0.03036	0.16708	0.10165	0.07372	0.03691	0.01155	0.02407	0.00933	0.07639	0.02351	0.00205	0.00646	0.00507	0.00316	0.00642
21	0.01094	0.00649	0.00823	0.00797	0.00968	0.00627	0.00609	0.01428	0.11767	0.18300	0.13288	0.30840	0.06290	0.01143	0.00595	0.00185	0.00347	0.09153	0.00521	0.00577
22	0.01174	0.00675	0.00703	0.00624	0.00807	0.00704	0.00488	0.16957	0.01341	0.03859	0.01567	0.01743	0.01205	0.00594	0.00388	0.00126	0.00306	0.00469	0.65710	0.00560
23	0.08855	0.01212	0.02115	0.19050	0.04073	0.03113	0.37231	0.06501	0.05854	0.05406	0.01080	0.01337	0.00801	0.00487	0.00531	0.00166	0.00702	0.00511	0.00303	0.00671
24	0.00803	0.00530	0.00620	0.00596	0.00717	0.00479	0.00420	0.00915	0.01106	0.07687	0.19787	0.08104	0.30472	0.21521	0.01133	0.02985	0.00333	0.00906	0.00452	0.00435
25	0.03731	0.03741	0.03361	0.25009	0.07275	0.00962	0.03863	0.01391	0.06544	0.01554	0.01318	0.01517	0.07073	0.00524	0.00458	0.00132	0.00506	0.00447	0.00297	0.30298
26	0.00961	0.00744	0.00864	0.00699	0.00958	0.00637	0.00514	0.05845	0.01026	0.01478	0.01473	0.05006	0.06869	0.21176	0.01097	0.07416	0.00409	0.00530	0.00326	0.41972
27	0.00660	0.00486	0.00620	0.00685	0.00757	0.00439	0.00465	0.00759	0.00983	0.01324	0.04612	0.64003	0.07624	0.06360	0.00737	0.00209	0.00308	0.01268	0.00448	0.07253
28	0.00813	0.00589	0.00744	0.00679	0.00821	0.00565	0.00516	0.07117	0.01508	0.02121	0.72552	0.03571	0.04456	0.00999	0.00589	0.00158	0.00264	0.00877	0.00553	0.00508
29	0.01349	0.06534	0.05510	0.13514	0.16548	0.09182	0.15165	0.04170	0.03588	0.10928	0.01426	0.01581	0.07116	0.00562	0.00512	0.00156	0.00637	0.00510	0.00324	0.00688
30	0.01416	0.01463	0.01384	0.15529	0.01749	0.30259	0.01028	0.01590	0.01118	0.07538	0.00937	0.01230	0.00779	0.01001	0.10087	0.00242	0.21376	0.00418	0.00275	0.00580

[dist]
# distance from previous block
# <min> <max>
0	1

[block]
# block no. 1 follows, 49 sequences, length 8
# corresponding to MSA columns:
# 645-652
name=unknown_B
#
# <colnr> <probs for GDERKNQSTAVLIFYWHMCP>
#	G	D	E	R	K	N	Q	S	T	A	V	L	I	F	Y	W	H	M	C	P
0	0.08590	0.19712	0.25822	0.03382	0.05300	0.08873	0.07426	0.06095	0.01166	0.01611	0.00956	0.01283	0.00794	0.00535	0.00478	0.00151	0.02312	0.04577	0.00264	0.00672
1	0.04570	0.01176	0.07264	0.08772	0.14480	0.05259	0.07767	0.06411	0.08202	0.05646	0.04994	0.08238	0.01367	0.00671	0.00517	0.00159	0.00548	0.05140	0.00358	0.08461
2	0.00645	0.00468	0.00614	0.00713	0.00770	0.00437	0.00506	0.00762	0.01032	0.01363	0.06938	0.61989	0.09514	0.01507	0.00646	0.00204	0.00309	0.10687	0.00474	0.00422
3	0.00628	0.00473	0.00596	0.00662	0.00738	0.00440	0.00464	0.00745	0.01031	0.01349	0.08399	0.49627	0.22235	0.01680	0.08196	0.00251	0.00381	0.01224	0.00456	0.00423
4	0.08100	0.13201	0.07899	0.06309	0.12468	0.17208	0.03223	0.11851	0.07442	0.03652	0.01004	0.01146	0.00788	0.00551	0.00498	0.02635	0.00631	0.00395	0.00312	0.00686
5	0.00984	0.00633	0.00825	0.00788	0.00942	0.00616	0.02665	0.01276	0.10108	0.13101	0.09672	0.29716	0.10081	0.07845	0.04962	0.00242	0.00412	0.04120	0.00476	0.00535
6	0.09155	0.01208	0.01313	0.01032	0.01398	0.01307	0.00846	0.49902	0.06040	0.13839	0.07643	0.01496	0.01243	0.00637	0.00497	0.00154	0.00490	0.00491	0.00511	0.00798
7	0.00959	0.00839	0.01190	0.22176	0.09928	0.04511	0.00961	0.05616	0.01027	0.01382	0.01214	0.04778	0.01090	0.02151	0.39360	0.00479	0.00987	0.00528	0.00278	0.00546

[dist]
# distance from previous block
# <min> <max>
4	8

[block]
# block no. 2 follows, 49 sequences, length 22
# corresponding to MSA columns:
# 661-682
name=unknown_C
#
# <colnr> <probs for GDERKNQSTAVLIFYWHMCP>
#	G	D	E	R	K	N	Q	S	T	A	V	L	I	F	Y	W	H	M	C	P
0	0.01299	0.00966	0.01074	0.00946	0.01218	0.01064	0.00740	0.04876	0.52476	0.11219	0.16127	0.02192	0.02079	0.00740	0.00529	0.00167	0.00379	0.00623	0.00535	0.00750
1	0.01514	0.40925	0.13802	0.01097	0.01519	0.27385	0.01048	0.01732	0.01183	0.04487	0.00813	0.00920	0.00673	0.00477	0.00399	0.00125	0.00689	0.00314	0.00247	0.00652
2	0.07183	0.00864	0.01148	0.01143	0.10481	0.00859	0.02415	0.06076	0.08170	0.27611	0.01700	0.03692	0.01407	0.10048	0.02016	0.03809	0.00480	0.08318	0.01909	0.00671
3	0.05355	0.00559	0.00666	0.00659	0.00807	0.00514	0.00494	0.01009	0.01185	0.09351	0.21953	0.22467	0.25176	0.02577	0.00624	0.00183	0.00301	0.05139	0.00495	0.00485
4	0.00656	0.00476	0.00622	0.00689	0.00759	0.00442	0.00491	0.00797	0.01118	0.01508	0.23055	0.50102	0.09059	0.01403	0.00633	0.00193	0.00289	0.06782	0.00492	0.00434
5	0.04065	0.01174	0.08391	0.39966	0.31642	0.01162	0.03566	0.01432	0.01068	0.01497	0.00916	0.01270	0.00717	0.00479	0.00497	0.00161	0.00648	0.00441	0.00237	0.00670
6	0.01518	0.01074	0.01578	0.08575	0.11172	0.04172	0.10238	0.06246	0.02693	0.24785	0.01287	0.01440	0.00947	0.00835	0.06841	0.00214	0.11326	0.00483	0.00381	0.04196
7	0.01393	0.01153	0.01219	0.01056	0.01366	0.01321	0.00833	0.17845	0.62783	0.02333	0.01887	0.01750	0.01405	0.00670	0.00513	0.00168	0.00432	0.00548	0.00513	0.00812
8	0.00716	0.00485	0.00565	0.00580	0.00593	0.00478	0.00343	0.00746	0.00819	0.01100	0.07196	0.14994	0.02268	0.64567	0.02149	0.00425	0.00443	0.00852	0.00348	0.00334
9	0.00734	0.00494	0.00571	0.00571	0.00578	0.00501	0.00331	0.00748	0.00741	0.00995	0.01575	0.03210	0.01796	0.76371	0.08373	0.00514	0.00555	0.00721	0.00304	0.00317
10	0.46175	0.01032	0.01184	0.03572	0.11675	0.01106	0.04396	0.07015	0.01138	0.16842	0.01039	0.01119	0.00751	0.00505	0.00408	0.00156	0.00469	0.00375	0.00372	0.00670
11	0.01117	0.01138	0.01725	0.01426	0.01489	0.01516	0.10432	0.01266	0.00826	0.01266	0.00708	0.01138	0.00676	0.00829	0.01529	0.00215	0.71448	0.00461	0.00225	0.00569
12	0.00735	0.00490	0.00552	0.00552	0.00552	0.00490	0.00306	0.00735	0.00735	0.00980	0.01593	0.03309	0.01838	0.82229	0.02574	0.00490	0.00490	0.00735	0.00306	0.00306
13	0.00917	0.00476	0.00494	0.00490	0.00608	0.00472	0.00367	0.01153	0.01102	0.01901	0.10246	0.02096	0.01683	0.00639	0.00381	0.00122	0.00236	0.00521	0.75623	0.00472
14	0.18735	0.00884	0.01089	0.00853	0.01229	0.00820	0.00705	0.02272	0.01332	0.64216	0.01740	0.01544	0.01113	0.00595	0.00470	0.00156	0.00423	0.00462	0.00564	0.00799
15	0.81686	0.00972	0.00764	0.00677	0.00993	0.01115	0.00557	0.01535	0.00889	0.06069	0.00768	0.00866	0.00582	0.00477	0.00323	0.00156	0.00393	0.00285	0.00328	0.00563
16	0.01031	0.02362	0.66601	0.06950	0.02264	0.01180	0.05894	0.01629	0.04458	0.01604	0.00964	0.01139	0.00689	0.00488	0.00490	0.00162	0.00733	0.00400	0.00230	0.00733
17	0.01521	0.43209	0.01992	0.00986	0.01360	0.13337	0.00868	0.07563	0.16017	0.07021	0.01104	0.01127	0.00879	0.00521	0.00407	0.00130	0.00562	0.00367	0.00331	0.00699
18	0.01420	0.01244	0.17267	0.01054	0.01423	0.00958	0.03504	0.10149	0.08200	0.23525	0.12695	0.07468	0.01731	0.02479	0.00627	0.00173	0.04305	0.00609	0.00459	0.00713
19	0.03363	0.09463	0.25712	0.01260	0.03175	0.13882	0.06594	0.07505	0.04691	0.11914	0.06667	0.01364	0.01085	0.00555	0.00482	0.00150	0.00643	0.00443	0.00341	0.00710
20	0.06404	0.29619	0.24368	0.05323	0.01840	0.01492	0.11509	0.04965	0.07086	0.01597	0.00942	0.01089	0.00736	0.00479	0.00437	0.00144	0.00630	0.00385	0.00263	0.00692
21	0.00652	0.00511	0.00595	0.00617	0.00750	0.00454	0.00468	0.00811	0.01188	0.01516	0.20460	0.15809	0.42826	0.01285	0.00616	0.00181	0.00283	0.10050	0.00488	0.00440

[dist]
# distance from previous block
# <min> <max>
0	20

[block]
# block no. 3 follows, 49 sequences, length 27
# corresponding to MSA columns:
# 703-729
name=unknown_D
#
# <colnr> <probs for GDERKNQSTAVLIFYWHMCP>
#	G	D	E	R	K	N	Q	S	T	A	V	L	I	F	Y	W	H	M	C	P
0	0.10931	0.00989	0.01661	0.33016	0.14717	0.01072	0.15548	0.01353	0.01084	0.01576	0.06093	0.03298	0.05371	0.00576	0.00513	0.00165	0.00604	0.00541	0.00285	0.00605
1	0.03282	0.00921	0.01144	0.06422	0.06264	0.00763	0.00723	0.01378	0.02308	0.05402	0.00969	0.01122	0.00779	0.00408	0.00399	0.00094	0.00413	0.00333	0.00311	0.66567
2	0.01025	0.00716	0.01016	0.13699	0.09854	0.00732	0.00778	0.01349	0.06176	0.09841	0.33094	0.06948	0.02688	0.00808	0.00536	0.00159	0.00380	0.00711	0.08908	0.00582
3	0.00756	0.00529	0.00630	0.00645	0.00788	0.00470	0.00490	0.00906	0.01168	0.06810	0.12991	0.21342	0.39187	0.01286	0.00614	0.00183	0.00299	0.09953	0.00490	0.00464
4	0.07003	0.08252	0.10247	0.11763	0.26521	0.03199	0.09259	0.05291	0.01134	0.01621	0.00999	0.04952	0.00855	0.00611	0.02206	0.00172	0.04492	0.00475	0.00268	0.00683
5	0.03382	0.03620	0.15366	0.12093	0.22727	0.01108	0.09871	0.04923	0.01189	0.08216	0.01261	0.03731	0.01071	0.00611	0.00524	0.00166	0.00619	0.08510	0.00313	0.00699
6	0.00625	0.00447	0.00597	0.00715	0.00748	0.00419	0.00486	0.00720	0.00977	0.01301	0.02782	0.78341	0.03324	0.01575	0.00648	0.00207	0.00301	0.04904	0.00469	0.00413
7	0.01257	0.06291	0.25361	0.09916	0.14576	0.07016	0.19374	0.03030	0.01174	0.05796	0.00985	0.01208	0.00738	0.00476	0.00505	0.00156	0.00721	0.00446	0.00262	0.00712
8	0.04979	0.02525	0.05467	0.09712	0.18425	0.04276	0.03642	0.17407	0.07937	0.16200	0.01256	0.01346	0.00914	0.00558	0.00531	0.00158	0.03055	0.00458	0.00391	0.00764
9	0.09952	0.02993	0.01221	0.08498	0.01465	0.09413	0.00830	0.06807	0.01295	0.35972	0.01473	0.05308	0.01091	0.00844	0.05579	0.00201	0.05416	0.00494	0.00447	0.00702
10	0.77547	0.01056	0.00816	0.00719	0.01036	0.03958	0.00589	0.06289	0.00976	0.02290	0.00739	0.00849	0.00571	0.00480	0.00330	0.00155	0.00420	0.00287	0.00323	0.00569
11	0.00637	0.00509	0.00570	0.00565	0.00710	0.00442	0.00420	0.00799	0.01232	0.01577	0.29027	0.09366	0.49923	0.01219	0.00600	0.00169	0.00253	0.01041	0.00498	0.00442
12	0.57232	0.01271	0.00977	0.03381	0.01227	0.15744	0.00696	0.07874	0.01120	0.05338	0.00820	0.00925	0.00626	0.00498	0.00369	0.00152	0.00511	0.00314	0.00329	0.00594
13	0.29875	0.00993	0.01068	0.00851	0.01212	0.01013	0.00699	0.16048	0.01399	0.31305	0.04245	0.01359	0.01043	0.00569	0.00437	0.00150	0.00430	0.00422	0.00475	0.06406
14	0.00598	0.00512	0.00512	0.00512	0.00683	0.00427	0.00384	0.00726	0.01153	0.01366	0.05123	0.04866	0.78869	0.01281	0.00598	0.00171	0.00256	0.01067	0.00470	0.00427
15	0.00622	0.00442	0.00585	0.00697	0.00725	0.00415	0.00462	0.00706	0.00957	0.01276	0.02729	0.78105	0.03272	0.05478	0.00739	0.00219	0.00303	0.01404	0.00462	0.00406
16	0.01352	0.82533	0.02650	0.00865	0.01298	0.02001	0.00865	0.01514	0.01027	0.01190	0.00703	0.00811	0.00649	0.00433	0.00324	0.00108	0.00541	0.00270	0.00216	0.00649
17	0.00724	0.00534	0.00771	0.00771	0.00847	0.00610	0.00580	0.00876	0.00800	0.01143	0.01392	0.02196	0.01355	0.16223	0.67918	0.00762	0.01217	0.00572	0.00277	0.00428
18	0.02269	0.00861	0.01174	0.00900	0.01291	0.00743	0.00743	0.02464	0.01447	0.79425	0.01995	0.01721	0.01252	0.00626	0.00509	0.00156	0.00430	0.00509	0.00626	0.00861
19	0.02182	0.00841	0.01146	0.00885	0.01261	0.00728	0.00728	0.02380	0.01446	0.75109	0.06278	0.01836	0.01448	0.00649	0.00513	0.00157	0.00420	0.00531	0.00622	0.00839
20	0.01014	0.02616	0.79609	0.01441	0.02189	0.01174	0.01868	0.01601	0.01068	0.01601	0.00907	0.01068	0.00641	0.00480	0.00480	0.00160	0.00747	0.00374	0.00214	0.00747
21	0.01951	0.07955	0.03180	0.00997	0.01354	0.18446	0.00827	0.06934	0.01459	0.43735	0.06823	0.01561	0.01272	0.00610	0.00487	0.00147	0.00548	0.00470	0.00489	0.00754
22	0.01359	0.54489	0.21652	0.01012	0.01519	0.01670	0.01103	0.01631	0.01079	0.09107	0.00883	0.00966	0.00707	0.00464	0.00382	0.00126	0.00581	0.00320	0.00257	0.00695
23	0.16813	0.00770	0.04422	0.00714	0.00937	0.00692	0.00581	0.03128	0.03385	0.01903	0.32992	0.12513	0.09051	0.00903	0.00517	0.00157	0.00326	0.00763	0.00449	0.08985
24	0.06201	0.14489	0.26305	0.06614	0.01741	0.01272	0.02961	0.07308	0.13566	0.09254	0.04636	0.01364	0.01045	0.00553	0.00466	0.00153	0.00569	0.00437	0.00346	0.00721
25	0.06303	0.10479	0.14601	0.01213	0.01672	0.02430	0.15206	0.07450	0.05522	0.12692	0.01143	0.01243	0.00844	0.00503	0.00491	0.00143	0.02430	0.00427	0.02328	0.12880
26	0.03550	0.09079	0.13442	0.01092	0.03321	0.01088	0.04703	0.10608	0.01260	0.11033	0.03189	0.01413	0.00985	0.00550	0.00521	0.00136	0.05018	0.03534	0.00348	0.25130

[dist]
# distance from previous block
# <min> <max>
0	44

[block]
# block no. 4 follows, 49 sequences, length 32
# corresponding to MSA columns:
# 774-805
name=unknown_E
#
# <colnr> <probs for GDERKNQSTAVLIFYWHMCP>
#	G	D	E	R	K	N	Q	S	T	A	V	L	I	F	Y	W	H	M	C	P
0	0.03836	0.06969	0.19030	0.09537	0.01931	0.01127	0.15223	0.05522	0.03946	0.10716	0.01166	0.03810	0.00904	0.00680	0.04103	0.00183	0.01871	0.00475	0.00319	0.08652
1	0.06620	0.06932	0.05813	0.03759	0.08044	0.26906	0.05205	0.02722	0.06167	0.03499	0.01227	0.04887	0.02482	0.07693	0.00658	0.00177	0.00651	0.02771	0.00310	0.03477
2	0.03165	0.02674	0.19710	0.01102	0.01451	0.16937	0.04605	0.03235	0.05906	0.01524	0.01580	0.22170	0.03485	0.00812	0.00517	0.00160	0.00580	0.01829	0.00337	0.08220
3	0.01004	0.00770	0.01205	0.00968	0.01241	0.00678	0.15506	0.01235	0.01218	0.10364	0.20784	0.14226	0.13517	0.00881	0.00559	0.00156	0.00412	0.00808	0.00439	0.14030
4	0.01413	0.01187	0.01672	0.01467	0.12012	0.04653	0.15688	0.14983	0.05940	0.09247	0.03575	0.01359	0.00993	0.00513	0.00509	0.00138	0.01801	0.00463	0.00369	0.22019
5	0.01879	0.00825	0.01064	0.00848	0.01175	0.00759	0.00689	0.06843	0.04926	0.54044	0.11678	0.01974	0.01692	0.00676	0.00505	0.00154	0.00394	0.00556	0.08548	0.00772
6	0.00968	0.00912	0.01541	0.77501	0.06891	0.01127	0.01411	0.01304	0.01017	0.01308	0.00901	0.01344	0.00680	0.00503	0.00505	0.00168	0.00671	0.00449	0.00226	0.00573
7	0.01020	0.01048	0.10270	0.00948	0.01232	0.00938	0.03176	0.01840	0.36147	0.01946	0.21954	0.02529	0.06576	0.00790	0.00535	0.00165	0.00398	0.02612	0.05217	0.00659
8	0.00723	0.00538	0.00796	0.00796	0.00881	0.00623	0.00611	0.00892	0.00808	0.01162	0.01370	0.02071	0.01301	0.08802	0.75265	0.00792	0.01299	0.00554	0.00273	0.00442
9	0.01548	0.53405	0.05354	0.03817	0.01438	0.03849	0.00913	0.06948	0.01211	0.15809	0.00995	0.01040	0.00776	0.00487	0.00388	0.00125	0.00545	0.00339	0.00313	0.00702
10	0.00722	0.00542	0.00813	0.00813	0.00903	0.00632	0.00632	0.00903	0.00813	0.01174	0.01354	0.01987	0.01264	0.03792	0.80225	0.00813	0.01354	0.00542	0.00271	0.00451
11	0.01205	0.12699	0.35716	0.03524	0.03645	0.01151	0.04907	0.03647	0.03572	0.10513	0.04598	0.04496	0.01182	0.02132	0.00533	0.00165	0.00607	0.04690	0.00322	0.00697
12	0.37837	0.20754	0.01441	0.00879	0.01241	0.04767	0.00756	0.21016	0.03733	0.02197	0.00880	0.00957	0.00688	0.00505	0.00377	0.00143	0.00492	0.00331	0.00343	0.00662
13	0.01014	0.02616	0.79609	0.01441	0.02189	0.01174	0.01868	0.01601	0.01068	0.01601	0.00907	0.01068	0.00641	0.00480	0.00480	0.00160	0.00747	0.00374	0.00214	0.00747
14	0.01690	0.04109	0.12374	0.05741	0.05869	0.00992	0.03344	0.06076	0.01317	0.39853	0.03811	0.04510	0.01192	0.00640	0.00586	0.00162	0.05999	0.00516	0.00456	0.00762
15	0.01384	0.03188	0.12955	0.01385	0.08222	0.00987	0.14134	0.01827	0.10194	0.22249	0.01693	0.06835	0.01403	0.00716	0.00548	0.00172	0.00559	0.10413	0.00417	0.00717
16	0.00943	0.00471	0.00471	0.00471	0.00589	0.00471	0.00353	0.01178	0.01060	0.01885	0.01650	0.01885	0.01296	0.00589	0.00353	0.00118	0.00236	0.00471	0.85036	0.00471
17	0.01374	0.79179	0.02599	0.00884	0.01309	0.05274	0.00870	0.01535	0.01044	0.01192	0.00706	0.00815	0.00649	0.00436	0.00330	0.00109	0.00556	0.00273	0.00218	0.00646
18	0.01790	0.01017	0.07034	0.09467	0.03985	0.00917	0.00945	0.02013	0.01247	0.49673	0.01584	0.01619	0.01087	0.04506	0.00746	0.00182	0.10464	0.00493	0.00476	0.00755
19	0.01454	0.01562	0.01479	0.10524	0.01664	0.31259	0.01070	0.01604	0.01091	0.05881	0.00815	0.01097	0.00695	0.00688	0.01001	0.00177	0.36689	0.00403	0.00261	0.00585
20	0.01184	0.00665	0.00875	0.03507	0.01066	0.00639	0.00637	0.01493	0.08650	0.22901	0.24173	0.21237	0.02884	0.01028	0.00581	0.00176	0.00352	0.06818	0.00533	0.00599
21	0.03979	0.08191	0.31053	0.03631	0.16473	0.01146	0.03191	0.04068	0.01192	0.15964	0.01205	0.01474	0.00919	0.00552	0.00488	0.00158	0.00612	0.04635	0.00324	0.00746
22	0.00826	0.00717	0.00770	0.05190	0.01020	0.03095	0.00570	0.01272	0.17897	0.01667	0.20380	0.03662	0.38962	0.01031	0.00570	0.00167	0.00327	0.00869	0.00478	0.00531
23	0.01152	0.00682	0.00796	0.00704	0.00834	0.00683	0.00484	0.09143	0.04746	0.15081	0.05635	0.02768	0.01771	0.51325	0.01796	0.00364	0.00469	0.00668	0.00406	0.00494
24	0.01008	0.05490	0.05558	0.21568	0.15036	0.00956	0.01037	0.05127	0.01109	0.04109	0.01690	0.27548	0.04030	0.00883	0.00569	0.00174	0.02398	0.00778	0.00343	0.00590
25	0.04156	0.06452	0.08762	0.05477	0.13736	0.03817	0.19335	0.11862	0.07010	0.01787	0.01084	0.01298	0.02063	0.00556	0.00645	0.00164	0.10313	0.00476	0.00302	0.00704
26	0.01548	0.00680	0.00817	0.00685	0.00931	0.00638	0.00547	0.05341	0.01286	0.34624	0.01774	0.01784	0.01257	0.00605	0.00426	0.00136	0.00333	0.00486	0.45448	0.00654
27	0.00605	0.00508	0.00526	0.00530	0.00690	0.00429	0.00394	0.00737	0.01158	0.01399	0.09124	0.09125	0.70478	0.01284	0.00600	0.00172	0.00257	0.01079	0.00474	0.00429
28	0.01000	0.07878	0.08536	0.32803	0.04641	0.01146	0.05050	0.02907	0.04389	0.01419	0.01648	0.02994	0.13675	0.00684	0.00631	0.00168	0.08997	0.00556	0.00287	0.00591
29	0.01639	0.33672	0.01792	0.00931	0.01314	0.01433	0.00821	0.14880	0.10254	0.21787	0.05658	0.01404	0.01174	0.00575	0.00440	0.00138	0.00482	0.00434	0.00425	0.00747
30	0.01404	0.00721	0.00932	0.00783	0.01030	0.00670	0.00620	0.04805	0.05779	0.32403	0.41201	0.02760	0.03050	0.00837	0.00554	0.00158	0.00336	0.00717	0.00579	0.00661
31	0.12209	0.01028	0.01373	0.12733	0.14173	0.01092	0.00989	0.09544	0.01230	0.18667	0.01126	0.01265	0.00832	0.00555	0.00597	0.00153	0.09838	0.00420	0.00366	0.11809

[dist]
# distance from previous block
# <min> <max>
0	9

[block]
# block no. 5 follows, 49 sequences, length 37
# corresponding to MSA columns:
# 815-851
name=unknown_F
#
# <colnr> <probs for GDERKNQSTAVLIFYWHMCP>
#	G	D	E	R	K	N	Q	S	T	A	V	L	I	F	Y	W	H	M	C	P
0	0.01252	0.01361	0.20103	0.01096	0.04601	0.00951	0.01011	0.10059	0.04459	0.09723	0.01222	0.06730	0.00998	0.00563	0.00489	0.00132	0.02456	0.00455	0.00352	0.31987
1	0.16793	0.13980	0.06282	0.06762	0.07579	0.06755	0.00911	0.02873	0.01080	0.07084	0.00910	0.01066	0.00723	0.00489	0.00474	0.00133	0.05295	0.00348	0.01710	0.18753
2	0.56764	0.00992	0.01029	0.00846	0.01191	0.01070	0.06651	0.01731	0.05654	0.15512	0.01040	0.01091	0.00753	0.00503	0.00383	0.00156	0.00434	0.00359	0.00374	0.03465
3	0.00728	0.00495	0.00567	0.00567	0.00580	0.00497	0.00331	0.00746	0.00759	0.01010	0.01734	0.03293	0.05208	0.73589	0.07496	0.00497	0.00536	0.00738	0.00311	0.00321
4	0.02014	0.00832	0.01110	0.00875	0.01226	0.00741	0.00714	0.02290	0.06116	0.65092	0.11551	0.01987	0.01707	0.00680	0.00520	0.00158	0.00405	0.00563	0.00610	0.00809
5	0.02269	0.00861	0.01174	0.00900	0.01291	0.00743	0.00743	0.02464	0.01447	0.79425	0.01995	0.01721	0.01252	0.00626	0.00509	0.00156	0.00430	0.00509	0.00626	0.00861
6	0.00646	0.00510	0.00586	0.00599	0.00736	0.00450	0.00452	0.00805	0.01201	0.01533	0.22946	0.13937	0.45381	0.01265	0.00611	0.00177	0.00273	0.06962	0.00491	0.00440
7	0.01252	0.01201	0.02053	0.03104	0.79074	0.01201	0.01552	0.01552	0.01151	0.01652	0.00951	0.01252	0.00801	0.00451	0.00501	0.00150	0.00601	0.00451	0.00250	0.00801
8	0.00764	0.00490	0.00587	0.00600	0.00706	0.00463	0.00444	0.00964	0.01191	0.01766	0.30515	0.18394	0.09039	0.01033	0.00533	0.00159	0.00260	0.04192	0.27441	0.00458
9	0.01258	0.01086	0.01143	0.01029	0.01315	0.01258	0.00800	0.02687	0.78161	0.02115	0.02058	0.01887	0.01544	0.00686	0.00515	0.00172	0.00400	0.00572	0.00515	0.00800
10	0.08837	0.00908	0.01163	0.00899	0.01285	0.00831	0.00743	0.07526	0.01465	0.68107	0.01840	0.01615	0.01169	0.00612	0.00493	0.00156	0.00436	0.00486	0.00593	0.00836
11	0.00629	0.00455	0.00598	0.00707	0.00753	0.00424	0.00488	0.00730	0.00995	0.01312	0.02939	0.71147	0.08493	0.01550	0.00646	0.00205	0.00303	0.06741	0.00469	0.00416
12	0.74980	0.00972	0.00783	0.00694	0.00999	0.01117	0.00568	0.04840	0.02774	0.02291	0.05467	0.01042	0.00839	0.00515	0.00343	0.00157	0.00389	0.00327	0.00341	0.00563
13	0.01500	0.14745	0.06623	0.01906	0.29483	0.25559	0.03814	0.07679	0.01311	0.01568	0.00880	0.01067	0.00725	0.00483	0.00461	0.00139	0.00700	0.00384	0.00266	0.00708
14	0.01049	0.00899	0.01049	0.00749	0.01198	0.00674	0.00599	0.01273	0.01049	0.01648	0.00899	0.01049	0.00749	0.00374	0.00374	0.00075	0.00374	0.00300	0.00300	0.85320
15	0.01004	0.01667	0.35430	0.01651	0.17677	0.01051	0.07393	0.01397	0.01110	0.01596	0.08675	0.06911	0.05869	0.00667	0.00595	0.00166	0.05603	0.00573	0.00289	0.00675
16	0.00625	0.00446	0.00591	0.00696	0.00730	0.00417	0.00465	0.00720	0.00990	0.01327	0.07337	0.75039	0.03389	0.03758	0.00695	0.00210	0.00295	0.01387	0.00470	0.00412
17	0.00616	0.00440	0.00587	0.00704	0.00733	0.00411	0.00469	0.00704	0.00968	0.01291	0.02787	0.81899	0.03344	0.01584	0.00645	0.00205	0.00293	0.01438	0.00469	0.00411
18	0.01195	0.01549	0.25413	0.07739	0.04590	0.01140	0.15518	0.13306	0.04725	0.03718	0.01362	0.03377	0.01161	0.00665	0.00548	0.00174	0.00652	0.12137	0.00336	0.00695
19	0.00998	0.00967	0.01676	0.65528	0.05714	0.01170	0.08585	0.01326	0.01017	0.01330	0.00896	0.01330	0.00686	0.00522	0.00593	0.00172	0.06218	0.00463	0.00228	0.00580
20	0.00826	0.00564	0.00751	0.00815	0.00943	0.00540	0.00681	0.01016	0.01167	0.04940	0.09001	0.09799	0.15359	0.01339	0.00706	0.03107	0.00400	0.47109	0.00472	0.00466
21	0.01880	0.01352	0.01461	0.01135	0.01527	0.01489	0.00933	0.65783	0.09513	0.07681	0.01341	0.01308	0.00948	0.00616	0.00507	0.00154	0.00534	0.00470	0.00514	0.00854
22	0.01465	0.01262	0.09479	0.07005	0.03350	0.01193	0.06223	0.18604	0.26097	0.13094	0.05706	0.01645	0.01301	0.00622	0.00517	0.00162	0.00521	0.00526	0.00455	0.00774
23	0.04132	0.00638	0.00757	0.00667	0.00898	0.00575	0.00530	0.01443	0.01244	0.27091	0.08964	0.03074	0.26014	0.00890	0.00516	0.00157	0.00323	0.04474	0.17026	0.00587
24	0.00627	0.00504	0.00562	0.00588	0.00724	0.00439	0.00438	0.00765	0.01146	0.01425	0.11515	0.19077	0.52650	0.01321	0.00613	0.00180	0.00276	0.06238	0.00478	0.00431
25	0.00934	0.00870	0.06301	0.03458	0.01127	0.00829	0.00737	0.06508	0.12065	0.01962	0.44506	0.02865	0.06283	0.00897	0.00669	0.00167	0.08025	0.00745	0.00478	0.00575
26	0.01139	0.01930	0.45478	0.01494	0.02081	0.01088	0.20594	0.01602	0.01125	0.08871	0.01217	0.08874	0.00986	0.00585	0.00528	0.00167	0.00701	0.00543	0.00287	0.00710
27	0.06514	0.00937	0.00984	0.00856	0.01129	0.06277	0.00671	0.03527	0.21449	0.24076	0.09353	0.05900	0.14565	0.00813	0.00523	0.00163	0.00403	0.00668	0.00511	0.00680
28	0.02500	0.03922	0.01975	0.17778	0.13091	0.02143	0.24655	0.01579	0.05733	0.07480	0.01065	0.01359	0.00826	0.00600	0.00715	0.05287	0.07859	0.00495	0.00287	0.00652
29	0.01245	0.00954	0.01174	0.18993	0.09053	0.08778	0.00896	0.06597	0.01211	0.13998	0.02721	0.20373	0.04164	0.06733	0.00687	0.00192	0.00522	0.00724	0.00390	0.00596
30	0.00693	0.00623	0.05382	0.00771	0.00863	0.00525	0.00576	0.00915	0.07061	0.01367	0.02589	0.68886	0.03005	0.03332	0.00670	0.00207	0.00334	0.01289	0.00454	0.00459
31	0.00805	0.00550	0.00628	0.00603	0.00640	0.00559	0.00370	0.05368	0.00892	0.01202	0.07657	0.03177	0.01992	0.68360	0.04820	0.00454	0.00502	0.00726	0.00337	0.00358
32	0.04017	0.04617	0.08909	0.03498	0.04065	0.02735	0.03546	0.05075	0.02186	0.05143	0.01184	0.08357	0.01094	0.01021	0.07190	0.00233	0.28553	0.02586	0.05396	0.00595
33	0.04265	0.05520	0.01553	0.20823	0.15328	0.02635	0.02468	0.17373	0.11138	0.08068	0.03122	0.03289	0.01048	0.00581	0.00496	0.00158	0.00554	0.00490	0.00373	0.00720
34	0.00850	0.00712	0.03580	0.05663	0.01114	0.00672	0.05855	0.06927	0.01042	0.01391	0.01959	0.29396	0.02180	0.28044	0.01261	0.00292	0.00472	0.07756	0.00380	0.00456
35	0.01255	0.61633	0.04885	0.08433	0.01484	0.01742	0.00907	0.01513	0.05646	0.01254	0.00871	0.01106	0.00786	0.06066	0.00512	0.00146	0.00548	0.00341	0.00241	0.00630
36	0.25908	0.03926	0.15698	0.08449	0.03131	0.01032	0.00938	0.06547	0.04182	0.05747	0.03446	0.16282	0.01320	0.00723	0.00467	0.00166	0.00485	0.00584	0.00354	0.00614

[dist]
# distance from previous block
# <min> <max>
3	34

[block]
# block no. 6 follows, 49 sequences, length 7
# corresponding to MSA columns:
# 886-892
name=unknown_G
#
# <colnr> <probs for GDERKNQSTAVLIFYWHMCP>
#	G	D	E	R	K	N	Q	S	T	A	V	L	I	F	Y	W	H	M	C	P
0	0.01475	0.31959	0.01815	0.01004	0.01378	0.01624	0.00869	0.22695	0.28261	0.02059	0.01315	0.01296	0.01018	0.00569	0.00440	0.00142	0.00496	0.00426	0.00399	0.00759
1	0.00948	0.00847	0.01153	0.26341	0.05095	0.04953	0.00931	0.01213	0.03627	0.01398	0.08028	0.06591	0.01421	0.04541	0.15859	0.00302	0.08094	0.00572	0.04724	0.03363
2	0.03995	0.06759	0.28117	0.01282	0.10108	0.01062	0.01177	0.03256	0.07219	0.05448	0.05324	0.01307	0.01015	0.00504	0.00452	0.00135	0.00539	0.00408	0.00311	0.21581
3	0.01294	0.05006	0.36405	0.01312	0.01842	0.05586	0.07378	0.07924	0.19952	0.06402	0.01270	0.01322	0.00924	0.00545	0.00494	0.00159	0.00639	0.00447	0.00340	0.00758
4	0.00817	0.00529	0.00673	0.06961	0.00863	0.00535	0.00455	0.00857	0.00834	0.05077	0.01747	0.18177	0.01950	0.51147	0.01895	0.05490	0.00461	0.00819	0.00343	0.00370
5	0.03970	0.01440	0.19993	0.17901	0.16917	0.01174	0.05197	0.13863	0.03759	0.01839	0.03257	0.06267	0.01026	0.00587	0.00508	0.00162	0.00614	0.00512	0.00311	0.00702
6	0.01302	0.11383	0.20148	0.01362	0.09447	0.01151	0.08020	0.03598	0.07482	0.14587	0.03592	0.07770	0.03177	0.00650	0.00551	0.00160	0.04001	0.00549	0.00359	0.00710

[dist]
# distance from previous block
# <min> <max>
10	82

[block]
# block no. 7 follows, 49 sequences, length 11
# corresponding to MSA columns:
# 975-985
name=unknown_H
#
# <colnr> <probs for GDERKNQSTAVLIFYWHMCP>
#	G	D	E	R	K	N	Q	S	T	A	V	L	I	F	Y	W	H	M	C	P
0	0.03789	0.10651	0.26336	0.06358	0.05512	0.01130	0.04976	0.05265	0.03192	0.15088	0.01329	0.04008	0.01081	0.02602	0.00546	0.00169	0.00592	0.06329	0.00344	0.00702
1	0.00858	0.00554	0.00687	0.00688	0.00833	0.00494	0.00513	0.01000	0.01126	0.10432	0.09824	0.29490	0.23119	0.05260	0.00701	0.00197	0.00326	0.08901	0.00479	0.04520
2	0.02680	0.08600	0.17797	0.04599	0.10516	0.06746	0.07983	0.03797	0.03573	0.08996	0.07475	0.07530	0.01309	0.00618	0.00496	0.00152	0.00581	0.00533	0.00336	0.05682
3	0.06601	0.22421	0.18036	0.03031	0.14302	0.05075	0.09123	0.04169	0.06463	0.03239	0.00963	0.01121	0.00760	0.00489	0.00472	0.00146	0.02214	0.00396	0.00273	0.00706
4	0.00770	0.00682	0.07029	0.00771	0.00907	0.00539	0.00612	0.00976	0.04344	0.05094	0.06977	0.51313	0.09828	0.03716	0.00672	0.00202	0.00348	0.04284	0.00458	0.00480
5	0.00693	0.00486	0.00592	0.00628	0.00667	0.00472	0.00409	0.00764	0.00908	0.01210	0.08166	0.26329	0.07770	0.40033	0.04879	0.00362	0.00433	0.04437	0.00390	0.00371
6	0.01276	0.18998	0.15904	0.09925	0.10184	0.09382	0.04174	0.01563	0.02210	0.06742	0.00993	0.01298	0.00826	0.07107	0.00684	0.00173	0.04822	0.00415	0.00269	0.03054
7	0.01221	0.06212	0.12385	0.17840	0.06015	0.01070	0.04877	0.03383	0.02717	0.13863	0.04452	0.01663	0.01121	0.03337	0.09286	0.00245	0.06861	0.02478	0.00330	0.00646
8	0.00647	0.00469	0.00621	0.00717	0.00769	0.00450	0.00505	0.00757	0.00980	0.01298	0.02779	0.59718	0.08294	0.04595	0.07145	0.00265	0.00401	0.08726	0.00447	0.00417
9	0.01368	0.60715	0.05654	0.00935	0.01355	0.01686	0.04476	0.01570	0.01110	0.08897	0.07163	0.01176	0.01046	0.00502	0.00384	0.00122	0.00529	0.00365	0.00285	0.00661
10	0.01141	0.00887	0.01198	0.03107	0.07997	0.04537	0.06101	0.01353	0.01165	0.11673	0.13767	0.15205	0.01899	0.00854	0.02762	0.00166	0.04290	0.00668	0.00396	0.20835

[dist]
# distance from previous block
# <min> <max>
7	20

[block]
# block no. 8 follows, 49 sequences, length 20
# corresponding to MSA columns:
# 1006-1025
name=unknown_I
#
# <colnr> <probs for GDERKNQSTAVLIFYWHMCP>
#	G	D	E	R	K	N	Q	S	T	A	V	L	I	F	Y	W	H	M	C	P
0	0.00661	0.00507	0.00607	0.00613	0.00738	0.00453	0.00456	0.00835	0.01245	0.01645	0.36200	0.16049	0.32344	0.01226	0.00609	0.00174	0.00264	0.04422	0.00507	0.00448
1	0.06737	0.39536	0.21024	0.06548	0.01658	0.01563	0.01122	0.05001	0.06815	0.04366	0.00936	0.01042	0.00740	0.00485	0.00403	0.00137	0.00577	0.00347	0.00272	0.00689
2	0.00827	0.00450	0.00642	0.00650	0.00661	0.00444	0.00431	0.00691	0.00749	0.01007	0.06509	0.09507	0.01481	0.10040	0.01817	0.62537	0.00417	0.00598	0.00276	0.00265
3	0.01530	0.01018	0.01193	0.05466	0.01388	0.01083	0.00804	0.30247	0.12843	0.15805	0.20871	0.02048	0.01995	0.00723	0.00530	0.00158	0.00439	0.00596	0.00525	0.00739
4	0.01462	0.11470	0.06247	0.08379	0.12749	0.08743	0.01095	0.23491	0.01517	0.05785	0.01287	0.01850	0.01106	0.00659	0.00506	0.00159	0.00596	0.11825	0.00368	0.00707
5	0.01055	0.00670	0.00919	0.12326	0.01296	0.00694	0.00715	0.05555	0.01137	0.13245	0.07205	0.16716	0.02096	0.14246	0.08533	0.00294	0.00539	0.11813	0.00420	0.00526
6	0.00828	0.00528	0.00697	0.00746	0.00854	0.00490	0.00565	0.00981	0.01133	0.08860	0.12430	0.39960	0.10702	0.01353	0.00633	0.00198	0.00334	0.17739	0.00494	0.00476
7	0.01350	0.13815	0.04531	0.11550	0.05108	0.14782	0.07420	0.11081	0.09315	0.01610	0.01075	0.01390	0.00903	0.08302	0.00742	0.00184	0.05442	0.00451	0.00306	0.00644
8	0.01033	0.00766	0.00900	0.00725	0.01043	0.00636	0.00566	0.01311	0.06302	0.09038	0.11159	0.07367	0.15080	0.00733	0.00479	0.00124	0.00340	0.00617	0.00416	0.41367
9	0.01070	0.10833	0.07336	0.04097	0.06761	0.01064	0.09226	0.07880	0.04513	0.01586	0.01551	0.11164	0.03249	0.07540	0.04275	0.00222	0.04556	0.07115	0.05371	0.00592
10	0.01332	0.44054	0.05654	0.11032	0.01711	0.14180	0.05517	0.01605	0.04536	0.01331	0.04147	0.01112	0.00874	0.00494	0.00411	0.00130	0.00625	0.00366	0.00254	0.00634
11	0.00653	0.00471	0.00608	0.00699	0.00752	0.00443	0.00490	0.00759	0.01001	0.01317	0.05026	0.55597	0.10127	0.09176	0.00829	0.00231	0.00329	0.10626	0.00456	0.00411
12	0.05521	0.08717	0.01298	0.06413	0.01413	0.01055	0.00776	0.04993	0.16136	0.13429	0.01264	0.01309	0.00955	0.00525	0.00487	0.00129	0.04082	0.00403	0.00383	0.30710
13	0.01325	0.01272	0.11906	0.09557	0.15291	0.01139	0.03951	0.20092	0.06025	0.06366	0.01467	0.02162	0.01260	0.00705	0.00543	0.00172	0.00578	0.15087	0.00384	0.00718
14	0.17263	0.00822	0.08237	0.00792	0.00997	0.00684	0.04864	0.01000	0.00982	0.01512	0.02444	0.30530	0.17223	0.09505	0.00753	0.00212	0.00400	0.00917	0.00386	0.00477
15	0.01247	0.00965	0.01072	0.00894	0.01198	0.01000	0.00706	0.12648	0.30879	0.04835	0.11324	0.01827	0.01636	0.00643	0.00497	0.00142	0.01598	0.00526	0.06924	0.19436
16	0.01437	0.04416	0.03311	0.05067	0.08024	0.03298	0.00853	0.10898	0.01312	0.24290	0.01848	0.23278	0.03447	0.00877	0.00601	0.00170	0.05016	0.00736	0.00451	0.00671
17	0.03806	0.01048	0.01367	0.05644	0.06228	0.04364	0.09693	0.12005	0.16261	0.04157	0.01916	0.11504	0.08766	0.00821	0.00620	0.00175	0.05715	0.04852	0.00407	0.00651
18	0.01023	0.00757	0.02894	0.04690	0.08510	0.00732	0.10171	0.01368	0.05383	0.01809	0.01476	0.01716	0.01153	0.00555	0.00417	0.00134	0.00389	0.00487	0.55780	0.00558
19	0.00977	0.00884	0.01324	0.28543	0.14666	0.03059	0.05230	0.01265	0.05579	0.01349	0.03406	0.02113	0.04038	0.24201	0.01113	0.00258	0.00582	0.00579	0.00290	0.00542

[dist]
# distance from previous block
# <min> <max>
0	1

[block]
# block no. 9 follows, 49 sequences, length 6
# corresponding to MSA columns:
# 1027-1032
name=unknown_J
#
# <colnr> <probs for GDERKNQSTAVLIFYWHMCP>
#	G	D	E	R	K	N	Q	S	T	A	V	L	I	F	Y	W	H	M	C	P
0	0.01163	0.11368	0.19498	0.01331	0.08735	0.04536	0.10286	0.01603	0.09397	0.05198	0.01695	0.01764	0.12437	0.00605	0.00489	0.00148	0.00570	0.00517	0.00322	0.08339
1	0.01090	0.03847	0.30023	0.03669	0.01517	0.00896	0.01082	0.03265	0.04342	0.10827	0.12198	0.02220	0.15265	0.00717	0.00510	0.00154	0.00500	0.00589	0.00379	0.06909
2	0.42649	0.08261	0.09354	0.01040	0.05924	0.09995	0.03241	0.01580	0.04370	0.01910	0.06677	0.01167	0.00960	0.00522	0.00397	0.00151	0.00515	0.00371	0.00310	0.00606
3	0.01107	0.00937	0.01118	0.06707	0.01395	0.00774	0.00686	0.06968	0.01145	0.01737	0.00922	0.01083	0.00752	0.00402	0.00394	0.00088	0.00410	0.00322	0.00309	0.72743
4	0.00800	0.08027	0.00852	0.00771	0.00859	0.06558	0.00559	0.00903	0.01009	0.01275	0.02368	0.58135	0.02776	0.06236	0.00722	0.00210	0.00387	0.06689	0.00421	0.00443
5	0.09285	0.07897	0.01371	0.01119	0.06763	0.08836	0.00836	0.23246	0.08732	0.15823	0.01324	0.01494	0.01028	0.09233	0.00689	0.00185	0.00534	0.00461	0.00424	0.00720

[dist]
# distance from previous block
# <min> <max>
1	8

[block]
# block no. 10 follows, 49 sequences, length 22
# corresponding to MSA columns:
# 1041-1062
name=unknown_K
#
# <colnr> <probs for GDERKNQSTAVLIFYWHMCP>
#	G	D	E	R	K	N	Q	S	T	A	V	L	I	F	Y	W	H	M	C	P
0	0.02311	0.13404	0.47464	0.05449	0.02016	0.09436	0.04870	0.03415	0.01120	0.01523	0.00876	0.01058	0.00664	0.00538	0.01642	0.00161	0.02753	0.00373	0.00231	0.00696
1	0.06173	0.07240	0.67249	0.01339	0.02028	0.01205	0.01686	0.01622	0.01067	0.04606	0.00925	0.01063	0.00659	0.00482	0.00462	0.00157	0.00701	0.00367	0.00235	0.00734
2	0.02925	0.00682	0.00982	0.07414	0.16974	0.00674	0.00782	0.01015	0.01128	0.01534	0.14053	0.24274	0.16720	0.01085	0.00585	0.00179	0.00389	0.07667	0.00415	0.00523
3	0.01222	0.04957	0.25065	0.08561	0.04501	0.01122	0.10747	0.02716	0.11453	0.11409	0.02593	0.01693	0.06776	0.00612	0.00554	0.00164	0.03439	0.01366	0.00344	0.00705
4	0.00933	0.00825	0.02780	0.04930	0.04987	0.00763	0.22829	0.01155	0.01074	0.06091	0.02028	0.45078	0.02190	0.01072	0.00607	0.00187	0.00503	0.01031	0.00391	0.00546
5	0.00874	0.00597	0.00811	0.00921	0.05587	0.00573	0.00658	0.03598	0.01161	0.06953	0.08433	0.36993	0.08093	0.01303	0.00630	0.00198	0.00370	0.21270	0.00474	0.00502
6	0.01284	0.06979	0.08166	0.22349	0.08459	0.04297	0.02620	0.13781	0.04790	0.06383	0.02905	0.04267	0.03328	0.00660	0.01421	0.00169	0.06634	0.00502	0.00333	0.00671
7	0.01670	0.01425	0.01476	0.12384	0.03457	0.27048	0.08755	0.01961	0.05938	0.23762	0.03309	0.04239	0.01095	0.00598	0.00507	0.00154	0.00658	0.00495	0.00390	0.00680
8	0.00823	0.00597	0.00805	0.00903	0.01017	0.00605	0.00765	0.01106	0.05745	0.01508	0.02600	0.11203	0.02813	0.04997	0.00768	0.00239	0.00450	0.62121	0.00462	0.00474
9	0.00909	0.00754	0.01085	0.09424	0.11272	0.00774	0.04160	0.07548	0.01147	0.01511	0.02351	0.13637	0.17441	0.09144	0.08654	0.00272	0.00554	0.08461	0.00374	0.00530
10	0.04330	0.10229	0.10502	0.20542	0.03081	0.08428	0.01101	0.09548	0.01270	0.16896	0.01182	0.04807	0.00913	0.00594	0.00533	0.00157	0.04399	0.00459	0.00348	0.00681
11	0.00955	0.00899	0.01517	0.81013	0.03483	0.01123	0.01404	0.01292	0.01011	0.01292	0.00899	0.01348	0.00674	0.00506	0.00506	0.00169	0.00674	0.00449	0.00225	0.00562
12	0.07376	0.00577	0.00700	0.00721	0.00850	0.00552	0.00519	0.01103	0.04349	0.12226	0.05630	0.50894	0.10012	0.01278	0.00589	0.00188	0.00319	0.01128	0.00484	0.00504
13	0.04455	0.11329	0.28896	0.07930	0.01738	0.09042	0.01234	0.01499	0.01028	0.06062	0.00925	0.01200	0.00748	0.03163	0.02519	0.06030	0.10932	0.00395	0.00253	0.00622
14	0.04449	0.03776	0.14394	0.03997	0.07629	0.01168	0.04489	0.14566	0.18280	0.11491	0.01523	0.04805	0.01213	0.00659	0.00513	0.00165	0.00537	0.05188	0.00414	0.00746
15	0.00612	0.00456	0.00570	0.00661	0.00722	0.00414	0.00450	0.00709	0.01010	0.01308	0.03317	0.64426	0.20475	0.01515	0.00635	0.00198	0.00285	0.01354	0.00469	0.00414
16	0.05502	0.00891	0.01173	0.00903	0.01291	0.00796	0.00746	0.05860	0.01467	0.72930	0.01909	0.01663	0.01206	0.00619	0.00501	0.00156	0.00435	0.00497	0.00608	0.00848
17	0.05263	0.11313	0.12405	0.03235	0.13350	0.17728	0.02606	0.07924	0.06818	0.10736	0.01084	0.01181	0.00822	0.00531	0.00496	0.00148	0.02912	0.00403	0.00328	0.00717
18	0.01241	0.06315	0.28309	0.04605	0.01575	0.04483	0.02804	0.01550	0.01117	0.17405	0.01495	0.14538	0.01318	0.05675	0.02625	0.00198	0.00587	0.00603	0.02906	0.00651
19	0.02253	0.00886	0.01189	0.00912	0.01303	0.00781	0.00753	0.05866	0.01490	0.75964	0.01960	0.01698	0.01234	0.00625	0.00508	0.00156	0.00436	0.00506	0.00620	0.00861
20	0.01818	0.04899	0.01409	0.07878	0.07685	0.01033	0.02664	0.17421	0.01508	0.39420	0.02936	0.01629	0.01146	0.05482	0.00626	0.00174	0.00505	0.00500	0.00489	0.00776
21	0.01296	0.14847	0.26686	0.03069	0.06145	0.01274	0.06955	0.06265	0.08074	0.10279	0.05861	0.01385	0.01075	0.00560	0.00530	0.00155	0.04034	0.00453	0.00331	0.00725

[dist]
# distance from previous block
# <min> <max>
0	28

[block]
# block no. 11 follows, 49 sequences, length 31
# corresponding to MSA columns:
# 1091-1121
name=unknown_L
#
# <colnr> <probs for GDERKNQSTAVLIFYWHMCP>
#	G	D	E	R	K	N	Q	S	T	A	V	L	I	F	Y	W	H	M	C	P
0	0.01112	0.00851	0.01224	0.16407	0.11899	0.02781	0.05042	0.06518	0.01188	0.07000	0.05230	0.16976	0.01575	0.00768	0.00543	0.00162	0.02767	0.00674	0.16691	0.00591
1	0.61066	0.01218	0.01028	0.01080	0.11115	0.12172	0.00747	0.03534	0.01017	0.02070	0.00760	0.00900	0.00603	0.00478	0.00362	0.00152	0.00495	0.00308	0.00303	0.00594
2	0.00798	0.00606	0.00747	0.00705	0.00846	0.00601	0.00530	0.01223	0.14030	0.01995	0.61267	0.08510	0.04148	0.01012	0.00586	0.00164	0.00269	0.00892	0.00544	0.00526
