[name]
unknown

[dist]
# distance from previous block
# <min> <max>
1	455

[block]
# block no. 0 follows, 37 sequences, length 6
# corresponding to MSA columns:
# 466-471
name=unknown_A
#
# <colnr> <probs for GDERKNQSTAVLIFYWHMCP>
#	G	D	E	R	K	N	Q	S	T	A	V	L	I	F	Y	W	H	M	C	P
0	0.03814	0.01085	0.01466	0.18561	0.02110	0.01153	0.04030	0.11428	0.08991	0.10543	0.05400	0.11343	0.01916	0.03120	0.00714	0.00213	0.00595	0.06311	0.00501	0.06704
1	0.01542	0.04655	0.01535	0.16399	0.05046	0.01247	0.01090	0.17546	0.06090	0.08710	0.04522	0.09410	0.04815	0.00969	0.00706	0.03554	0.00593	0.05413	0.00493	0.05666
2	0.05377	0.01136	0.01532	0.20814	0.02231	0.01209	0.03843	0.11764	0.08907	0.18326	0.04295	0.07428	0.01573	0.04111	0.00723	0.00212	0.00612	0.00685	0.00512	0.04709
3	0.03685	0.01321	0.04746	0.11316	0.01881	0.06228	0.01041	0.11998	0.12745	0.13686	0.03518	0.10730	0.03390	0.03839	0.00711	0.00207	0.00601	0.00726	0.00516	0.07116
4	0.10371	0.01037	0.01319	0.07713	0.04913	0.02965	0.04842	0.05304	0.03280	0.09278	0.06992	0.18828	0.05200	0.03877	0.00713	0.00207	0.00534	0.00861	0.00484	0.11281
5	0.04436	0.01062	0.01438	0.16606	0.02002	0.01131	0.03930	0.09657	0.08221	0.10794	0.06510	0.15045	0.01914	0.00986	0.00751	0.03351	0.03341	0.00793	0.00490	0.07544

[dist]
# distance from previous block
# <min> <max>
0	3

[block]
# block no. 1 follows, 37 sequences, length 23
# corresponding to MSA columns:
# 475-497
name=unknown_B
#
# <colnr> <probs for GDERKNQSTAVLIFYWHMCP>
#	G	D	E	R	K	N	Q	S	T	A	V	L	I	F	Y	W	H	M	C	P
0	0.03875	0.03273	0.01446	0.04539	0.01609	0.01303	0.00926	0.30565	0.03926	0.09132	0.09579	0.05240	0.01792	0.03966	0.02596	0.00212	0.00577	0.00655	0.04541	0.10250
1	0.03453	0.01164	0.05549	0.07932	0.07238	0.01112	0.03268	0.14410	0.05323	0.07640	0.05160	0.17645	0.03742	0.05899	0.00814	0.00233	0.00577	0.05057	0.03033	0.00752
2	0.01613	0.16303	0.05209	0.01143	0.01521	0.01418	0.00993	0.20778	0.04712	0.07667	0.01880	0.11719	0.01761	0.05264	0.03561	0.00241	0.00631	0.08095	0.00491	0.05001
3	0.01686	0.01262	0.01536	0.04575	0.08178	0.01360	0.01063	0.16551	0.24018	0.10474	0.05677	0.07258	0.01764	0.00848	0.00690	0.00194	0.04359	0.00697	0.00553	0.07256
4	0.01544	0.07423	0.05441	0.01427	0.07193	0.13595	0.01106	0.06133	0.10586	0.03695	0.09018	0.02074	0.01672	0.00936	0.03726	0.00211	0.07360	0.04029	0.00427	0.12406
5	0.13052	0.11538	0.10548	0.01477	0.11300	0.01396	0.01167	0.08578	0.05077	0.10933	0.01389	0.03519	0.01100	0.00841	0.04426	0.00211	0.00662	0.00505	0.00419	0.11863
6	0.05562	0.05153	0.06490	0.01176	0.01554	0.01297	0.02575	0.06255	0.18308	0.02232	0.10985	0.04402	0.01835	0.00802	0.00740	0.00180	0.09591	0.00623	0.00462	0.19777
7	0.01630	0.01180	0.05525	0.11260	0.01861	0.01069	0.01023	0.13388	0.03873	0.17719	0.04658	0.16589	0.01860	0.00918	0.00621	0.00186	0.00553	0.00782	0.00529	0.14778
8	0.01137	0.07297	0.04780	0.00878	0.01124	0.00873	0.00688	0.01365	0.04137	0.04701	0.01882	0.13698	0.01935	0.27574	0.05176	0.00350	0.00580	0.00797	0.04618	0.16410
9	0.01573	0.05828	0.10295	0.01284	0.03294	0.01296	0.03297	0.12480	0.14139	0.11566	0.21730	0.02493	0.02485	0.00872	0.00701	0.00194	0.04359	0.00717	0.00554	0.00843
10	0.01210	0.00724	0.00877	0.00810	0.00914	0.00731	0.00541	0.05238	0.01128	0.10981	0.01925	0.03383	0.01967	0.53395	0.13113	0.00574	0.00739	0.00802	0.00429	0.00521
11	0.08647	0.04395	0.22562	0.01397	0.01958	0.13415	0.01370	0.15453	0.05805	0.17003	0.01459	0.01476	0.01028	0.00665	0.00569	0.00184	0.00750	0.00494	0.00464	0.00906
12	0.02187	0.12013	0.01981	0.01373	0.01838	0.11065	0.01140	0.50902	0.06350	0.03178	0.01379	0.01404	0.01021	0.00699	0.00577	0.00175	0.00714	0.00510	0.00530	0.00963
13	0.01710	0.03675	0.09906	0.14064	0.24982	0.01386	0.03795	0.11820	0.01639	0.14381	0.05513	0.01760	0.01290	0.00660	0.00611	0.00188	0.00701	0.00579	0.00432	0.00907
14	0.01856	0.08869	0.22875	0.03839	0.02132	0.01414	0.08274	0.05243	0.03430	0.26391	0.01555	0.01612	0.01083	0.00689	0.00726	0.00195	0.07908	0.00543	0.00457	0.00910
15	0.01601	0.18022	0.45630	0.01485	0.02226	0.01566	0.01750	0.05587	0.01433	0.13322	0.01272	0.01362	0.00906	0.00605	0.00550	0.00180	0.00783	0.00457	0.00354	0.00909
16	0.00922	0.00674	0.01004	0.00991	0.01080	0.00790	0.00763	0.01074	0.00957	0.01377	0.01523	0.02281	0.01433	0.04096	0.62804	0.11507	0.05257	0.00634	0.00317	0.00516
17	0.01096	0.00951	0.07166	0.07637	0.01502	0.00833	0.00930	0.01471	0.07610	0.07756	0.04010	0.28387	0.07437	0.01836	0.11719	0.00338	0.00668	0.07499	0.00504	0.00649
18	0.02146	0.12118	0.12016	0.01533	0.09606	0.06440	0.01263	0.10623	0.03442	0.32239	0.01680	0.01632	0.01161	0.00670	0.00575	0.00179	0.00670	0.00526	0.00523	0.00956
19	0.01054	0.00891	0.01322	0.07589	0.09037	0.01064	0.00997	0.01250	0.01021	0.01463	0.01437	0.02325	0.01397	0.15899	0.35612	0.00635	0.15442	0.00653	0.00317	0.00594
20	0.00781	0.00559	0.00749	0.00875	0.00931	0.00526	0.00614	0.00922	0.01243	0.01665	0.09198	0.64424	0.04134	0.01839	0.00783	0.00248	0.00372	0.09051	0.00576	0.00511
21	0.03667	0.06152	0.21792	0.05052	0.09180	0.14887	0.15085	0.05064	0.03881	0.05581	0.01267	0.01566	0.00981	0.00625	0.00603	0.00188	0.00869	0.02369	0.00346	0.00845
22	0.04274	0.04157	0.15809	0.05004	0.13824	0.01440	0.01396	0.09214	0.21406	0.14616	0.01731	0.01747	0.01256	0.00688	0.00595	0.00192	0.00648	0.00567	0.00488	0.00948

[dist]
# distance from previous block
# <min> <max>
0	2

[block]
# block no. 2 follows, 37 sequences, length 21
# corresponding to MSA columns:
# 500-520
name=unknown_C
#
# <colnr> <probs for GDERKNQSTAVLIFYWHMCP>
#	G	D	E	R	K	N	Q	S	T	A	V	L	I	F	Y	W	H	M	C	P
0	0.01335	0.01282	0.01840	0.04762	0.01865	0.08119	0.17748	0.01598	0.01372	0.06159	0.09826	0.06402	0.15278	0.01011	0.00993	0.00216	0.18253	0.00831	0.00425	0.00686
1	0.12179	0.01392	0.01477	0.01170	0.01606	0.01491	0.00954	0.37884	0.09214	0.09870	0.01589	0.01597	0.01151	0.00698	0.00554	0.00175	0.00563	0.00528	0.07453	0.08455
2	0.06314	0.06299	0.01899	0.32955	0.07678	0.01350	0.07442	0.01930	0.08016	0.09312	0.04936	0.01773	0.01242	0.00647	0.00590	0.00188	0.00689	0.00570	0.00390	0.05779
3	0.00746	0.00533	0.00710	0.00852	0.00888	0.00497	0.00568	0.00852	0.01172	0.01563	0.03374	0.78088	0.04049	0.01918	0.00781	0.00249	0.00355	0.01740	0.00568	0.00497
4	0.01269	0.01088	0.01269	0.00907	0.01451	0.00816	0.00725	0.01541	0.01269	0.01995	0.01088	0.01269	0.00907	0.00453	0.00453	0.00091	0.00453	0.00363	0.00363	0.82229
5	0.01570	0.04377	0.04047	0.05094	0.09565	0.00991	0.04325	0.05864	0.01295	0.16717	0.01515	0.06298	0.01282	0.01301	0.01311	0.32157	0.00605	0.00621	0.00412	0.00655
6	0.82811	0.01184	0.00900	0.00805	0.01184	0.01373	0.00663	0.01799	0.01042	0.02746	0.00852	0.00994	0.00663	0.00568	0.00379	0.00189	0.00474	0.00331	0.00379	0.00663
7	0.00890	0.00593	0.00668	0.00668	0.00668	0.00593	0.00371	0.00890	0.00890	0.01187	0.01929	0.04006	0.02225	0.78487	0.03116	0.00593	0.00593	0.00890	0.00371	0.00371
8	0.04812	0.01458	0.01908	0.08712	0.12249	0.01548	0.05611	0.33615	0.05370	0.16157	0.01574	0.01635	0.01115	0.00686	0.00611	0.00189	0.00673	0.00571	0.00538	0.00969
9	0.01213	0.00801	0.00934	0.00853	0.01076	0.00802	0.00655	0.01791	0.16945	0.09090	0.33585	0.03591	0.10377	0.01053	0.00641	0.00188	0.00353	0.00900	0.14454	0.00697
10	0.51302	0.01165	0.01129	0.00954	0.01333	0.01287	0.00785	0.06377	0.01316	0.19877	0.01296	0.01364	0.00936	0.00836	0.04089	0.00230	0.04041	0.00437	0.00476	0.00771
11	0.01712	0.01345	0.01419	0.01224	0.01577	0.03191	0.00957	0.16352	0.46946	0.07269	0.04593	0.02268	0.01813	0.05580	0.00775	0.00224	0.00538	0.00679	0.00608	0.00932
12	0.02222	0.01319	0.01547	0.03794	0.01760	0.01387	0.01024	0.23579	0.22421	0.31012	0.02113	0.01944	0.01452	0.00767	0.00617	0.00193	0.00566	0.00616	0.00660	0.01009
13	0.04952	0.12504	0.02123	0.01870	0.17520	0.06091	0.07102	0.19240	0.10556	0.02398	0.03807	0.01612	0.01213	0.00745	0.00687	0.05052	0.00685	0.00549	0.00426	0.00866
14	0.17025	0.00743	0.00768	0.00770	0.00890	0.00778	0.00519	0.01212	0.05491	0.01721	0.04251	0.19397	0.06673	0.35241	0.01715	0.00382	0.00487	0.00981	0.00450	0.00507
15	0.01706	0.15057	0.09497	0.01580	0.08246	0.06845	0.04338	0.16051	0.22497	0.02384	0.01530	0.01581	0.01175	0.00665	0.00568	0.00178	0.00680	0.00531	0.00448	0.04443
16	0.00890	0.00593	0.00668	0.00668	0.00668	0.00593	0.00371	0.00890	0.00890	0.01187	0.01929	0.04006	0.02225	0.78487	0.03116	0.00593	0.00593	0.00890	0.00371	0.00371
17	0.01115	0.01074	0.06814	0.01160	0.04911	0.00951	0.03356	0.04497	0.16092	0.02331	0.35061	0.06042	0.11925	0.01091	0.00683	0.00199	0.00442	0.00953	0.00583	0.00718
18	0.01442	0.01190	0.01362	0.00989	0.01524	0.00993	0.00797	0.13138	0.01532	0.02299	0.01150	0.01302	0.00929	0.00499	0.00479	0.00106	0.00489	0.00393	0.00403	0.68985
19	0.01265	0.01197	0.07323	0.10321	0.06908	0.01039	0.17950	0.01630	0.01485	0.08808	0.22082	0.09913	0.05529	0.00936	0.00687	0.00202	0.00630	0.00887	0.00479	0.00732
20	0.01228	0.03166	0.75316	0.01745	0.02649	0.01422	0.02262	0.01939	0.01292	0.01939	0.01099	0.01292	0.00775	0.00582	0.00582	0.00194	0.00905	0.00452	0.00258	0.00905

[dist]
# distance from previous block
# <min> <max>
3	6

[block]
# block no. 3 follows, 37 sequences, length 12
# corresponding to MSA columns:
# 554-565
name=unknown_D
#
# <colnr> <probs for GDERKNQSTAVLIFYWHMCP>
#	G	D	E	R	K	N	Q	S	T	A	V	L	I	F	Y	W	H	M	C	P
0	0.01455	0.10598	0.13769	0.01388	0.08748	0.04562	0.01165	0.05067	0.01424	0.04746	0.05502	0.01493	0.01192	0.00572	0.00516	0.00138	0.00609	0.00455	0.00371	0.36232
1	0.01854	0.00948	0.01206	0.01061	0.01364	0.00909	0.00833	0.10351	0.05893	0.33539	0.02677	0.27117	0.02442	0.01201	0.00685	0.00215	0.00486	0.05734	0.00658	0.00827
2	0.01419	0.01372	0.03684	0.13468	0.29085	0.03027	0.05533	0.04908	0.06284	0.02024	0.01422	0.01685	0.03763	0.00601	0.00583	0.00168	0.00674	0.00547	0.00357	0.19397
3	0.00900	0.00677	0.00867	0.00961	0.01124	0.00643	0.00816	0.01141	0.01405	0.01774	0.04209	0.06573	0.26711	0.01645	0.00806	0.00257	0.00481	0.47897	0.00565	0.00548
4	0.01657	0.01634	0.01766	0.13093	0.16816	0.15495	0.01313	0.06651	0.30589	0.02176	0.01662	0.01762	0.01279	0.00697	0.00604	0.00191	0.00710	0.00576	0.00448	0.00882
5	0.11903	0.00712	0.00848	0.00870	0.01039	0.00689	0.00647	0.01308	0.01314	0.11129	0.09296	0.40325	0.09337	0.01486	0.00702	0.00227	0.00398	0.06593	0.00576	0.00602
6	0.05027	0.01326	0.01403	0.01231	0.01598	0.01510	0.00968	0.08843	0.60500	0.07004	0.02336	0.02152	0.01730	0.00807	0.00611	0.00204	0.00502	0.00661	0.00620	0.00966
7	0.01147	0.00660	0.00862	0.00852	0.01014	0.00595	0.00622	0.01331	0.01451	0.15432	0.22485	0.37437	0.10738	0.01489	0.00729	0.00219	0.00364	0.01320	0.00632	0.00621
8	0.00725	0.00616	0.00625	0.00632	0.00830	0.00516	0.00470	0.00877	0.01384	0.01649	0.06057	0.09558	0.70846	0.01569	0.00726	0.00209	0.00312	0.01315	0.00568	0.00516
9	0.01555	0.01250	0.01963	0.02393	0.34723	0.01301	0.04549	0.05239	0.01483	0.11402	0.10199	0.04632	0.04142	0.00817	0.00832	0.00200	0.11336	0.00693	0.00433	0.00857
10	0.00994	0.00789	0.00971	0.00905	0.01158	0.00671	0.00672	0.01231	0.03614	0.01784	0.02436	0.40526	0.02705	0.01290	0.00651	0.00187	0.00412	0.05842	0.00489	0.32672
11	0.01331	0.22128	0.01738	0.01041	0.01360	0.01449	0.00879	0.01882	0.16681	0.02029	0.17767	0.02223	0.02203	0.00817	0.00704	0.00172	0.08983	0.00623	0.05993	0.09995

[dist]
# distance from previous block
# <min> <max>
0	2

[block]
# block no. 4 follows, 37 sequences, length 11
# corresponding to MSA columns:
# 568-578
name=unknown_E
#
# <colnr> <probs for GDERKNQSTAVLIFYWHMCP>
#	G	D	E	R	K	N	Q	S	T	A	V	L	I	F	Y	W	H	M	C	P
0	0.01371	0.01179	0.01631	0.01377	0.09356	0.00958	0.07806	0.01675	0.01319	0.04913	0.01162	0.01365	0.00940	0.00481	0.00502	0.00115	0.00541	0.00427	0.00367	0.62513
1	0.01697	0.09702	0.01661	0.01275	0.01653	0.08881	0.01019	0.10686	0.51158	0.02483	0.02056	0.01942	0.01558	0.00768	0.00591	0.00192	0.00583	0.00609	0.00554	0.00932
2	0.01849	0.23604	0.11349	0.01344	0.03627	0.01723	0.03429	0.23497	0.01812	0.09668	0.01277	0.01351	0.00960	0.00610	0.00529	0.00159	0.00665	0.00462	0.00433	0.11653
3	0.01508	0.06954	0.09312	0.01456	0.07049	0.21020	0.01140	0.05272	0.01461	0.04077	0.01895	0.24963	0.01971	0.01089	0.00708	0.00203	0.04358	0.04437	0.00421	0.00708
4	0.00927	0.00598	0.00798	0.00792	0.00836	0.00620	0.00535	0.00949	0.00987	0.01361	0.09953	0.03127	0.02166	0.31745	0.21175	0.21076	0.00809	0.00766	0.00368	0.00413
5	0.23207	0.01078	0.01287	0.01016	0.01466	0.01021	0.00839	0.02681	0.01571	0.56605	0.02016	0.01805	0.01297	0.00709	0.00555	0.00189	0.00509	0.00543	0.00661	0.00945
6	0.08548	0.00935	0.01191	0.00970	0.01346	0.00862	0.00788	0.02382	0.01543	0.49047	0.02454	0.02337	0.06925	0.01203	0.08553	0.00270	0.00597	0.00644	0.08532	0.00875
7	0.01030	0.00658	0.00857	0.00801	0.00969	0.00608	0.00614	0.01314	0.01691	0.07862	0.61026	0.04370	0.05092	0.01205	0.00703	0.00194	0.00320	0.04600	0.05475	0.00611
8	0.00859	0.00588	0.00713	0.00741	0.00761	0.00594	0.00456	0.00906	0.00958	0.01290	0.02188	0.18826	0.02515	0.54496	0.11018	0.00568	0.00665	0.01035	0.00406	0.00417
9	0.01523	0.01315	0.01384	0.01246	0.01592	0.01523	0.00969	0.03253	0.73563	0.02561	0.02491	0.02284	0.01869	0.00830	0.00623	0.00208	0.00484	0.00692	0.00623	0.00969
10	0.01602	0.01525	0.02634	0.09610	0.28748	0.01558	0.24869	0.14420	0.04727	0.02299	0.01287	0.01595	0.00993	0.00587	0.00647	0.00193	0.00816	0.00611	0.00371	0.00908

[dist]
# distance from previous block
# <min> <max>
0	2

[block]
# block no. 5 follows, 37 sequences, length 14
# corresponding to MSA columns:
# 581-594
name=unknown_F
#
# <colnr> <probs for GDERKNQSTAVLIFYWHMCP>
#	G	D	E	R	K	N	Q	S	T	A	V	L	I	F	Y	W	H	M	C	P
0	0.00936	0.00659	0.00903	0.00858	0.00940	0.00642	0.06292	0.01051	0.01073	0.01523	0.02272	0.23479	0.02507	0.39305	0.01870	0.00398	0.00516	0.01055	0.13247	0.00473
1	0.01321	0.01000	0.01127	0.00857	0.01289	0.00838	0.00681	0.07289	0.01404	0.02223	0.01364	0.01558	0.01096	0.00546	0.00459	0.00112	0.00426	0.00434	0.22322	0.53655
2	0.82811	0.01184	0.00900	0.00805	0.01184	0.01373	0.00663	0.01799	0.01042	0.02746	0.00852	0.00994	0.00663	0.00568	0.00379	0.00189	0.00474	0.00331	0.00379	0.00663
3	0.02552	0.01036	0.01381	0.01076	0.01506	0.00940	0.00885	0.05079	0.01722	0.64244	0.02293	0.02053	0.01479	0.00764	0.00649	0.00188	0.03223	0.00607	0.07330	0.00990
4	0.01269	0.01088	0.01269	0.00907	0.01451	0.00816	0.00725	0.01541	0.01269	0.01995	0.01088	0.01269	0.00907	0.00453	0.00453	0.00091	0.00453	0.00363	0.00363	0.82229
5	0.00799	0.00623	0.00725	0.00699	0.00873	0.00549	0.00524	0.01024	0.01573	0.02076	0.42129	0.05196	0.38229	0.01393	0.00723	0.00199	0.00299	0.01194	0.00624	0.00549
6	0.01292	0.01127	0.01590	0.10832	0.23927	0.01195	0.01212	0.06354	0.16242	0.02093	0.05323	0.15620	0.08636	0.00986	0.00657	0.00204	0.00563	0.00877	0.00471	0.00799
7	0.00854	0.00626	0.00828	0.00799	0.00937	0.00601	0.00601	0.01115	0.01565	0.02196	0.55073	0.07344	0.09403	0.01848	0.13127	0.00326	0.00515	0.01071	0.00606	0.00565
8	0.65424	0.01062	0.00838	0.00763	0.01103	0.01194	0.00619	0.01630	0.01111	0.02544	0.01787	0.01862	0.12848	0.00737	0.00438	0.00190	0.00438	0.00501	0.04276	0.00634
9	0.01259	0.01193	0.02021	0.56096	0.24335	0.01387	0.01751	0.01654	0.01272	0.01688	0.01106	0.01599	0.00860	0.00593	0.00610	0.00198	0.00791	0.00544	0.00281	0.00763
10	0.01660	0.04837	0.17472	0.11786	0.19530	0.01418	0.05106	0.08943	0.05832	0.13338	0.01481	0.03398	0.01116	0.00659	0.00606	0.00191	0.00728	0.00574	0.00413	0.00911
11	0.01055	0.00948	0.01523	0.54769	0.03271	0.01128	0.01396	0.01394	0.01249	0.01595	0.01993	0.11498	0.07898	0.00942	0.00662	0.00216	0.00695	0.06776	0.00358	0.00634
12	0.00872	0.00670	0.00928	0.01122	0.07307	0.00620	0.00720	0.01031	0.01231	0.01679	0.05222	0.58595	0.03557	0.01649	0.00743	0.00231	0.00406	0.05918	0.00532	0.06966
13	0.12279	0.04233	0.03256	0.01511	0.06912	0.03147	0.07422	0.16628	0.01699	0.22692	0.01571	0.04594	0.01182	0.00759	0.00745	0.00198	0.09191	0.00588	0.00508	0.00887

[dist]
# distance from previous block
# <min> <max>
1	3

[block]
# block no. 6 follows, 37 sequences, length 18
# corresponding to MSA columns:
# 598-615
name=unknown_G
#
# <colnr> <probs for GDERKNQSTAVLIFYWHMCP>
#	G	D	E	R	K	N	Q	S	T	A	V	L	I	F	Y	W	H	M	C	P
0	0.19206	0.12402	0.12074	0.05079	0.04038	0.01446	0.03685	0.05399	0.04833	0.04950	0.01141	0.01304	0.00890	0.00583	0.00540	0.00165	0.03037	0.00432	0.00366	0.18429
1	0.01494	0.01192	0.01576	0.01647	0.16386	0.01193	0.01081	0.04691	0.14297	0.08712	0.01689	0.09293	0.01457	0.00785	0.00721	0.00176	0.08060	0.00644	0.00454	0.24452
2	0.00819	0.00630	0.00759	0.00843	0.00946	0.00604	0.00587	0.01099	0.08479	0.01682	0.03882	0.55244	0.18686	0.01731	0.00753	0.00236	0.00359	0.01540	0.00574	0.00549
3	0.40146	0.01494	0.06437	0.01402	0.01863	0.01505	0.16648	0.12068	0.01429	0.05193	0.01095	0.01287	0.00822	0.00620	0.00612	0.00198	0.05522	0.00480	0.00396	0.00782
4	0.17605	0.01068	0.01324	0.01036	0.01492	0.00988	0.00856	0.02763	0.01620	0.61666	0.02125	0.01881	0.01357	0.00722	0.00572	0.00189	0.00512	0.00563	0.00687	0.00971
5	0.00727	0.00605	0.00636	0.00660	0.00837	0.00513	0.00483	0.00874	0.01357	0.01638	0.05712	0.18370	0.62257	0.01614	0.00733	0.00214	0.00318	0.01369	0.00568	0.00513
6	0.00800	0.00596	0.00744	0.00763	0.00888	0.00540	0.00551	0.01005	0.01491	0.02015	0.38456	0.27155	0.19714	0.01517	0.00740	0.00213	0.00313	0.01338	0.00620	0.00540
7	0.00878	0.00643	0.00735	0.00700	0.00897	0.00559	0.00529	0.01088	0.01542	0.05586	0.32007	0.05200	0.44637	0.01397	0.00718	0.00200	0.00312	0.01188	0.00618	0.00566
8	0.02287	0.02917	0.01735	0.01577	0.01892	0.76030	0.01183	0.02444	0.01735	0.01498	0.00946	0.01104	0.00788	0.00631	0.00552	0.00158	0.01104	0.00394	0.00315	0.00710
9	0.02287	0.02917	0.01735	0.01577	0.01892	0.76030	0.01183	0.02444	0.01735	0.01498	0.00946	0.01104	0.00788	0.00631	0.00552	0.00158	0.01104	0.00394	0.00315	0.00710
10	0.01515	0.01454	0.02485	0.03757	0.74669	0.01454	0.01879	0.01879	0.01394	0.02000	0.01151	0.01515	0.00970	0.00545	0.00606	0.00182	0.00727	0.00545	0.00303	0.00970
11	0.00772	0.00622	0.00688	0.00671	0.00857	0.00538	0.00504	0.00973	0.01511	0.01928	0.29530	0.05440	0.50921	0.01448	0.00723	0.00202	0.00303	0.01229	0.00605	0.00538
12	0.02327	0.01715	0.01837	0.01408	0.01898	0.01898	0.01163	0.72628	0.02878	0.03858	0.01470	0.01470	0.01041	0.00735	0.00612	0.00184	0.00674	0.00551	0.00612	0.01041
13	0.02287	0.02917	0.01735	0.01577	0.01892	0.76030	0.01183	0.02444	0.01735	0.01498	0.00946	0.01104	0.00788	0.00631	0.00552	0.00158	0.01104	0.00394	0.00315	0.00710
14	0.00866	0.00626	0.00818	0.00770	0.00914	0.00578	0.00578	0.01155	0.01733	0.02455	0.74346	0.04572	0.05776	0.01251	0.00722	0.00193	0.00289	0.01107	0.00674	0.00578
15	0.04685	0.00677	0.00778	0.08027	0.01128	0.00732	0.00615	0.01400	0.01241	0.02126	0.01945	0.09724	0.01672	0.00834	0.00548	0.00167	0.03736	0.00673	0.58710	0.00582
16	0.02135	0.01188	0.01447	0.01085	0.01587	0.01062	0.00888	0.15904	0.01796	0.35100	0.01756	0.01673	0.01205	0.00644	0.00557	0.00153	0.00526	0.00512	0.00588	0.30194
17	0.32948	0.01568	0.01474	0.04604	0.05131	0.09222	0.01012	0.28787	0.01846	0.02921	0.01131	0.01251	0.00851	0.00634	0.00510	0.00180	0.00640	0.00442	0.00452	0.04396

[dist]
# distance from previous block
# <min> <max>
2	6

[block]
# block no. 7 follows, 37 sequences, length 17
# corresponding to MSA columns:
# 627-643
name=unknown_H
#
# <colnr> <probs for GDERKNQSTAVLIFYWHMCP>
#	G	D	E	R	K	N	Q	S	T	A	V	L	I	F	Y	W	H	M	C	P
0	0.00927	0.01150	0.15408	0.01039	0.01340	0.00765	0.04096	0.01263	0.01504	0.02096	0.37608	0.16397	0.11541	0.01233	0.00705	0.00204	0.00455	0.01089	0.00548	0.00632
1	0.08050	0.11456	0.01718	0.06516	0.01785	0.01455	0.01017	0.17616	0.11070	0.28622	0.03445	0.01778	0.01348	0.00718	0.00571	0.00184	0.00579	0.00559	0.00580	0.00935
2	0.01815	0.51847	0.02601	0.01093	0.01571	0.04551	0.01014	0.13896	0.01576	0.07066	0.01156	0.01245	0.00940	0.00594	0.00454	0.00146	0.00635	0.00406	0.06568	0.00828
3	0.02217	0.01055	0.01316	0.01042	0.01453	0.00979	0.00849	0.13988	0.01876	0.46358	0.07412	0.02783	0.14055	0.00919	0.00640	0.00192	0.00496	0.00750	0.00696	0.00924
4	0.01439	0.02241	0.36145	0.05815	0.02494	0.01502	0.13060	0.14793	0.01569	0.02215	0.01309	0.06221	0.01058	0.00722	0.00732	0.00204	0.06661	0.00606	0.00352	0.00861
5	0.01859	0.03190	0.21705	0.01337	0.01870	0.01290	0.01325	0.16214	0.08497	0.22763	0.01965	0.06077	0.01540	0.00847	0.00630	0.00201	0.00650	0.06574	0.00544	0.00924
6	0.00834	0.00609	0.00783	0.00771	0.00902	0.00559	0.00566	0.01080	0.01608	0.02234	0.56394	0.17141	0.11456	0.01390	0.00732	0.00203	0.00302	0.01230	0.00647	0.00559
7	0.01352	0.01118	0.13377	0.00861	0.01180	0.00823	0.00821	0.06097	0.01421	0.07863	0.01843	0.02048	0.01397	0.00696	0.00480	0.00157	0.00432	0.00553	0.56787	0.00692
8	0.07490	0.19723	0.20493	0.04928	0.07925	0.01672	0.03860	0.13984	0.01598	0.10975	0.01253	0.01370	0.00926	0.00611	0.00541	0.00177	0.00717	0.00472	0.00394	0.00892
9	0.02375	0.01238	0.01809	0.05582	0.07099	0.01181	0.08485	0.13191	0.01835	0.47645	0.01990	0.01882	0.01307	0.00706	0.00625	0.00191	0.00627	0.00608	0.00631	0.00995
10	0.01022	0.00674	0.00831	0.00798	0.00936	0.00641	0.00568	0.01285	0.05324	0.07522	0.33844	0.14676	0.09426	0.18262	0.01242	0.00290	0.00395	0.01104	0.00588	0.00573
11	0.02365	0.01111	0.01590	0.14169	0.07590	0.01064	0.01122	0.05764	0.01686	0.53899	0.02052	0.01936	0.01334	0.00716	0.00614	0.00191	0.00593	0.00595	0.00634	0.00975
12	0.01523	0.11604	0.26704	0.05570	0.11026	0.05498	0.10338	0.09550	0.03127	0.02034	0.01133	0.01376	0.00877	0.00624	0.00687	0.00190	0.06446	0.00505	0.00321	0.00866
13	0.01711	0.01416	0.09907	0.07078	0.01886	0.01368	0.02420	0.10397	0.07302	0.18988	0.10625	0.02027	0.01700	0.00863	0.00964	0.00211	0.19163	0.00634	0.00500	0.00841
14	0.00811	0.00554	0.00721	0.00823	0.00854	0.00530	0.00545	0.00877	0.01098	0.01461	0.02899	0.53496	0.03426	0.18079	0.01391	0.06120	0.00428	0.04923	0.00505	0.00458
15	0.25715	0.10745	0.06380	0.12085	0.04496	0.14115	0.03062	0.12918	0.01531	0.02293	0.01033	0.01229	0.00803	0.00604	0.00508	0.00179	0.00731	0.00431	0.00364	0.00776
16	0.00904	0.00670	0.00821	0.00893	0.00984	0.00667	0.00616	0.04668	0.07751	0.01744	0.03215	0.59193	0.06502	0.07163	0.00921	0.00264	0.00398	0.01508	0.00561	0.00559

[dist]
# distance from previous block
# <min> <max>
1	4

[block]
# block no. 8 follows, 37 sequences, length 22
# corresponding to MSA columns:
# 648-669
name=unknown_I
#
# <colnr> <probs for GDERKNQSTAVLIFYWHMCP>
#	G	D	E	R	K	N	Q	S	T	A	V	L	I	F	Y	W	H	M	C	P
0	0.11659	0.06114	0.03706	0.10072	0.12981	0.11922	0.01245	0.14214	0.08927	0.06583	0.03799	0.01573	0.01168	0.00679	0.00604	0.00185	0.02773	0.00522	0.00430	0.00846
1	0.01643	0.04616	0.02045	0.03340	0.01990	0.01379	0.18808	0.13984	0.05527	0.12217	0.01889	0.10749	0.01678	0.00945	0.00822	0.00216	0.08791	0.08058	0.00488	0.00814
2	0.00837	0.00625	0.00778	0.00740	0.00897	0.00565	0.00555	0.01099	0.01664	0.02291	0.60461	0.04841	0.19762	0.01312	0.00722	0.00195	0.00293	0.01145	0.00652	0.00565
3	0.00755	0.00553	0.00705	0.00823	0.00885	0.00510	0.00562	0.00871	0.01204	0.01574	0.03734	0.63047	0.14123	0.04146	0.00845	0.00254	0.00363	0.03986	0.00562	0.00498
4	0.01361	0.01085	0.01279	0.00918	0.01458	0.00821	0.00736	0.01631	0.01299	0.06551	0.01171	0.01320	0.00945	0.00472	0.00463	0.00097	0.00458	0.00378	0.00387	0.77169
5	0.08459	0.01386	0.01476	0.01167	0.01579	0.01504	0.00955	0.46674	0.02317	0.10011	0.01612	0.01648	0.01159	0.00720	0.00558	0.00177	0.00568	0.00544	0.16568	0.00919
6	0.02327	0.01715	0.01837	0.01408	0.01898	0.01898	0.01163	0.72628	0.02878	0.03858	0.01470	0.01470	0.01041	0.00735	0.00612	0.00184	0.00674	0.00551	0.00612	0.01041
7	0.01523	0.01315	0.01384	0.01246	0.01592	0.01523	0.00969	0.03253	0.73563	0.02561	0.02491	0.02284	0.01869	0.00830	0.00623	0.00208	0.00484	0.00692	0.00623	0.00969
8	0.82811	0.01184	0.00900	0.00805	0.01184	0.01373	0.00663	0.01799	0.01042	0.02746	0.00852	0.00994	0.00663	0.00568	0.00379	0.00189	0.00474	0.00331	0.00379	0.00663
9	0.00858	0.00625	0.00806	0.00761	0.00909	0.00574	0.00571	0.01139	0.01712	0.02407	0.70251	0.04652	0.09901	0.01269	0.00722	0.00193	0.00290	0.01118	0.00668	0.00574
10	0.00723	0.00620	0.00620	0.00620	0.00827	0.00517	0.00465	0.00878	0.01395	0.01654	0.06201	0.05891	0.74421	0.01550	0.00723	0.00207	0.00310	0.01292	0.00568	0.00517
11	0.82811	0.01184	0.00900	0.00805	0.01184	0.01373	0.00663	0.01799	0.01042	0.02746	0.00852	0.00994	0.00663	0.00568	0.00379	0.00189	0.00474	0.00331	0.00379	0.00663
12	0.01063	0.00532	0.00797	0.00797	0.00797	0.00532	0.00532	0.00797	0.00797	0.01063	0.01063	0.01861	0.01063	0.02127	0.02392	0.82190	0.00532	0.00532	0.00266	0.00266
13	0.05307	0.01140	0.01772	0.64078	0.03771	0.01383	0.01573	0.07222	0.01368	0.04970	0.01164	0.01608	0.00856	0.00626	0.00601	0.00201	0.00775	0.00537	0.00325	0.00723
14	0.00748	0.00560	0.00695	0.00790	0.00874	0.00507	0.00543	0.00878	0.01262	0.01641	0.08498	0.55610	0.21600	0.01785	0.00763	0.00235	0.00340	0.01590	0.00575	0.00507
15	0.01269	0.01088	0.01269	0.00907	0.01451	0.00816	0.00725	0.01541	0.01269	0.01995	0.01088	0.01269	0.00907	0.00453	0.00453	0.00091	0.00453	0.00363	0.00363	0.82229
16	0.01343	0.00793	0.01085	0.09265	0.01447	0.00768	0.00787	0.01682	0.04125	0.18660	0.47682	0.03612	0.04140	0.01056	0.00683	0.00194	0.00406	0.00921	0.00647	0.00706
17	0.01567	0.39148	0.11899	0.01640	0.08828	0.01858	0.13414	0.01905	0.01325	0.05286	0.01071	0.01261	0.00871	0.00537	0.00508	0.00156	0.00734	0.00447	0.00306	0.07238
18	0.02065	0.06403	0.21666	0.01297	0.01900	0.01279	0.01303	0.13186	0.01724	0.33051	0.01695	0.01632	0.01141	0.00664	0.00577	0.00177	0.00650	0.00520	0.00533	0.08536
19	0.00883	0.00649	0.00857	0.00973	0.01101	0.00622	0.00796	0.01101	0.01350	0.01737	0.03790	0.23659	0.16049	0.01720	0.00809	0.00261	0.00470	0.42068	0.00566	0.00540
20	0.01174	0.00739	0.00880	0.00823	0.01038	0.00687	0.00623	0.03466	0.05864	0.12777	0.21121	0.17006	0.24841	0.01318	0.00694	0.00204	0.00363	0.01133	0.04600	0.00650
21	0.01805	0.12145	0.20427	0.01511	0.02067	0.10111	0.07918	0.10414	0.10911	0.12504	0.01463	0.01525	0.01070	0.00661	0.00618	0.00185	0.02817	0.00522	0.00429	0.00897

[dist]
# distance from previous block
# <min> <max>
8	11

[block]
# block no. 9 follows, 37 sequences, length 24
# corresponding to MSA columns:
# 681-704
name=unknown_J
#
# <colnr> <probs for GDERKNQSTAVLIFYWHMCP>
#	G	D	E	R	K	N	Q	S	T	A	V	L	I	F	Y	W	H	M	C	P
0	0.09926	0.12801	0.07693	0.05682	0.01977	0.01721	0.04910	0.28045	0.11962	0.07246	0.01457	0.01509	0.01072	0.00672	0.00562	0.00183	0.00660	0.00521	0.00486	0.00914
1	0.12129	0.28439	0.18274	0.01172	0.01683	0.01635	0.01192	0.03316	0.08186	0.06482	0.03951	0.08334	0.01388	0.00741	0.00519	0.00177	0.00623	0.00567	0.00390	0.00801
2	0.02242	0.01673	0.01789	0.01391	0.01866	0.01859	0.01143	0.65339	0.10305	0.03722	0.01577	0.01555	0.01128	0.00745	0.00613	0.00186	0.00654	0.00566	0.00613	0.01033
3	0.08349	0.00782	0.00909	0.00803	0.01066	0.00706	0.00616	0.01469	0.01476	0.14993	0.23605	0.08054	0.21519	0.04747	0.00764	0.00208	0.00384	0.00959	0.00588	0.08003
4	0.00940	0.00648	0.00869	0.00920	0.00989	0.00662	0.00655	0.01071	0.01195	0.05801	0.07293	0.50828	0.03451	0.08117	0.05305	0.00314	0.06482	0.03388	0.00532	0.00541
5	0.06797	0.07237	0.04441	0.01302	0.07337	0.04973	0.04694	0.01800	0.01333	0.07544	0.01162	0.01323	0.00923	0.00514	0.00492	0.00128	0.00577	0.00415	0.00372	0.46634
6	0.02127	0.00895	0.01212	0.00999	0.01351	0.00785	0.00795	0.02354	0.01666	0.51689	0.15329	0.13380	0.02634	0.01011	0.00658	0.00198	0.00456	0.00863	0.00716	0.00882
7	0.02746	0.01042	0.01421	0.01089	0.01563	0.00900	0.00900	0.02983	0.01752	0.75093	0.02415	0.02083	0.01515	0.00758	0.00616	0.00189	0.00521	0.00616	0.00758	0.01042
8	0.01662	0.02027	0.28634	0.08747	0.09317	0.01435	0.06281	0.17439	0.01710	0.10584	0.01454	0.01791	0.01094	0.00688	0.00620	0.00196	0.00776	0.04214	0.00417	0.00912
9	0.36529	0.03936	0.01343	0.01029	0.01468	0.01347	0.00856	0.15969	0.01652	0.28064	0.01515	0.01465	0.01037	0.00665	0.00507	0.00186	0.00535	0.00473	0.00552	0.00872
10	0.00761	0.00632	0.00673	0.00693	0.00890	0.00544	0.00540	0.00934	0.01397	0.01679	0.05777	0.06036	0.64260	0.01570	0.00741	0.00217	0.00346	0.11217	0.00568	0.00523
11	0.00956	0.00673	0.00927	0.01062	0.01187	0.00667	0.00900	0.01211	0.01368	0.01810	0.03210	0.17542	0.03522	0.01685	0.00818	0.00271	0.00520	0.57188	0.03926	0.00554
12	0.01523	0.01315	0.01384	0.01246	0.01592	0.01523	0.00969	0.03253	0.73563	0.02561	0.02491	0.02284	0.01869	0.00830	0.00623	0.00208	0.00484	0.00692	0.00623	0.00969
13	0.01523	0.01315	0.01384	0.01246	0.01592	0.01523	0.00969	0.03253	0.73563	0.02561	0.02491	0.02284	0.01869	0.00830	0.00623	0.00208	0.00484	0.00692	0.00623	0.00969
14	0.01637	0.78856	0.03208	0.01047	0.01571	0.02422	0.01047	0.01833	0.01244	0.01440	0.00851	0.00982	0.00786	0.00524	0.00393	0.00131	0.00655	0.00327	0.00262	0.00786
15	0.01033	0.00904	0.01428	0.46833	0.02941	0.01065	0.01287	0.01388	0.03760	0.01613	0.01957	0.25551	0.01994	0.01080	0.00677	0.00222	0.00649	0.04601	0.00391	0.00628
16	0.00891	0.00638	0.00927	0.00927	0.01014	0.00724	0.00695	0.01044	0.00957	0.01363	0.01634	0.02577	0.01587	0.14258	0.60730	0.07109	0.01416	0.00678	0.00329	0.00502
17	0.01481	0.01081	0.01291	0.00933	0.01467	0.00828	0.00750	0.01748	0.01338	0.12470	0.01278	0.01386	0.00994	0.00497	0.00477	0.00105	0.00463	0.00399	0.00419	0.70594
18	0.01515	0.01454	0.02485	0.03757	0.74669	0.01454	0.01879	0.01879	0.01394	0.02000	0.01151	0.01515	0.00970	0.00545	0.00606	0.00182	0.00727	0.00545	0.00303	0.00970
19	0.01096	0.00672	0.00829	0.00789	0.00984	0.00593	0.00591	0.01297	0.01513	0.13635	0.26440	0.19477	0.26943	0.01404	0.00717	0.00208	0.00346	0.01216	0.00632	0.00616
20	0.01458	0.01079	0.01757	0.62596	0.03712	0.01273	0.01548	0.01834	0.01324	0.15529	0.01340	0.01718	0.00949	0.00640	0.00613	0.00201	0.00760	0.00558	0.00364	0.00749
21	0.06806	0.01553	0.01757	0.12189	0.02169	0.01729	0.01195	0.54065	0.02466	0.07876	0.01438	0.01504	0.01016	0.00709	0.00599	0.00187	0.00673	0.00541	0.00559	0.00968
22	0.01669	0.01045	0.01400	0.04933	0.11275	0.01049	0.01015	0.13738	0.01732	0.19313	0.11555	0.02973	0.06961	0.01176	0.05558	0.00248	0.00608	0.07702	0.05236	0.00813
23	0.01459	0.25357	0.07809	0.05761	0.08355	0.01700	0.01186	0.02319	0.29034	0.02049	0.07549	0.01884	0.01626	0.00712	0.00555	0.00179	0.00595	0.00573	0.00438	0.00859

[dist]
# distance from previous block
# <min> <max>
0	11

[block]
# block no. 10 follows, 37 sequences, length 29
# corresponding to MSA columns:
# 716-731,733-745
name=unknown_K
#
# <colnr> <probs for GDERKNQSTAVLIFYWHMCP>
#	G	D	E	R	K	N	Q	S	T	A	V	L	I	F	Y	W	H	M	C	P
0	0.01423	0.01372	0.01829	0.55760	0.06017	0.09595	0.01567	0.08856	0.04259	0.01840	0.01167	0.01579	0.00882	0.00633	0.00606	0.00196	0.00817	0.00534	0.00326	0.00740
1	0.00756	0.00610	0.00673	0.00682	0.00853	0.00527	0.00502	0.00933	0.01436	0.01808	0.20014	0.15169	0.50819	0.01537	0.00731	0.00209	0.00312	0.01313	0.00590	0.00527
2	0.00914	0.00683	0.00858	0.00823	0.00981	0.00657	0.00621	0.01310	0.07915	0.02347	0.57798	0.08996	0.08584	0.01286	0.00722	0.00201	0.00321	0.03727	0.00654	0.00603
3	0.71555	0.01164	0.00973	0.00845	0.01237	0.01307	0.00696	0.01966	0.01142	0.12918	0.01072	0.01148	0.00783	0.00595	0.00412	0.00189	0.00480	0.00371	0.00432	0.00716
4	0.00742	0.00605	0.00657	0.00678	0.00847	0.00519	0.00495	0.00901	0.01388	0.01717	0.12517	0.19110	0.54517	0.01588	0.00734	0.00213	0.00316	0.01356	0.00579	0.00519
5	0.13861	0.01030	0.01302	0.01025	0.01460	0.00942	0.00842	0.02679	0.01651	0.59438	0.07626	0.02118	0.01717	0.00768	0.00590	0.00190	0.00497	0.00613	0.00698	0.00953
6	0.01515	0.01454	0.02485	0.03757	0.74669	0.01454	0.01879	0.01879	0.01394	0.02000	0.01151	0.01515	0.00970	0.00545	0.00606	0.00182	0.00727	0.00545	0.00303	0.00970
7	0.82811	0.01184	0.00900	0.00805	0.01184	0.01373	0.00663	0.01799	0.01042	0.02746	0.00852	0.00994	0.00663	0.00568	0.00379	0.00189	0.00474	0.00331	0.00379	0.00663
8	0.02746	0.01042	0.01421	0.01089	0.01563	0.00900	0.00900	0.02983	0.01752	0.75093	0.02415	0.02083	0.01515	0.00758	0.00616	0.00189	0.00521	0.00616	0.00758	0.01042
9	0.82811	0.01184	0.00900	0.00805	0.01184	0.01373	0.00663	0.01799	0.01042	0.02746	0.00852	0.00994	0.00663	0.00568	0.00379	0.00189	0.00474	0.00331	0.00379	0.00663
10	0.00986	0.00705	0.00986	0.01127	0.01268	0.00705	0.00986	0.01268	0.01409	0.01832	0.03241	0.06905	0.03523	0.01691	0.00845	0.00282	0.00564	0.70549	0.00564	0.00564
11	0.00749	0.00621	0.00655	0.00646	0.00842	0.00527	0.00485	0.00927	0.01455	0.01794	0.18184	0.05659	0.62350	0.01498	0.00723	0.00204	0.00306	0.01259	0.00587	0.00527
12	0.01228	0.03166	0.75316	0.01745	0.02649	0.01422	0.02262	0.01939	0.01292	0.01939	0.01099	0.01292	0.00775	0.00582	0.00582	0.00194	0.00905	0.00452	0.00258	0.00905
13	0.01269	0.01088	0.01269	0.00907	0.01451	0.00816	0.00725	0.01541	0.01269	0.01995	0.01088	0.01269	0.00907	0.00453	0.00453	0.00091	0.00453	0.00363	0.00363	0.82229
14	0.02241	0.08233	0.01838	0.01540	0.01870	0.70877	0.01173	0.02402	0.01700	0.01494	0.00940	0.01095	0.00788	0.00623	0.00541	0.00156	0.01072	0.00390	0.00312	0.00715
15	0.00953	0.00681	0.00948	0.01089	0.01216	0.00676	0.00929	0.01211	0.01377	0.01795	0.03259	0.16695	0.03595	0.01722	0.00837	0.00277	0.00535	0.61085	0.00564	0.00555
16	0.17553	0.01068	0.01324	0.01037	0.01493	0.00987	0.00856	0.02764	0.01621	0.61714	0.02126	0.01882	0.01358	0.00723	0.00572	0.00189	0.00512	0.00563	0.00688	0.00972
17	0.01523	0.01315	0.01384	0.01246	0.01592	0.01523	0.00969	0.03253	0.73563	0.02561	0.02491	0.02284	0.01869	0.00830	0.00623	0.00208	0.00484	0.00692	0.00623	0.00969
18	0.00986	0.00705	0.00986	0.01127	0.01268	0.00705	0.00986	0.01268	0.01409	0.01832	0.03241	0.06905	0.03523	0.01691	0.00845	0.00282	0.00564	0.70549	0.00564	0.00564
19	0.00746	0.00533	0.00710	0.00852	0.00888	0.00497	0.00568	0.00852	0.01172	0.01563	0.03374	0.78088	0.04049	0.01918	0.00781	0.00249	0.00355	0.01740	0.00568	0.00497
20	0.04465	0.01255	0.01396	0.01123	0.01487	0.01333	0.00908	0.39393	0.02288	0.09405	0.21582	0.02420	0.02409	0.00872	0.00621	0.00184	0.00519	0.00704	0.06770	0.00866
21	0.00877	0.00647	0.00940	0.00940	0.01034	0.00741	0.00711	0.01065	0.00971	0.01389	0.01679	0.02625	0.01626	0.14772	0.66012	0.00930	0.01495	0.00688	0.00334	0.00522
22	0.00744	0.00604	0.00659	0.00680	0.00848	0.00520	0.00497	0.00904	0.01391	0.01726	0.13243	0.19316	0.53563	0.01586	0.00734	0.00213	0.00316	0.01356	0.00580	0.00520
23	0.00802	0.00573	0.00772	0.00900	0.00964	0.00544	0.00650	0.00956	0.01261	0.01682	0.08706	0.58659	0.04076	0.01823	0.00789	0.00251	0.00391	0.15108	0.00575	0.00516
24	0.01523	0.01315	0.01384	0.01246	0.01592	0.01523	0.00969	0.03253	0.73563	0.02561	0.02491	0.02284	0.01869	0.00830	0.00623	0.00208	0.00484	0.00692	0.00623	0.00969
25	0.01637	0.78856	0.03208	0.01047	0.01571	0.02422	0.01047	0.01833	0.01244	0.01440	0.00851	0.00982	0.00786	0.00524	0.00393	0.00131	0.00655	0.00327	0.00262	0.00786
26	0.01499	0.00772	0.01066	0.01103	0.05611	0.00699	0.00761	0.01669	0.01400	0.27589	0.03018	0.43547	0.05904	0.01409	0.00710	0.00222	0.00434	0.01251	0.00619	0.00719
27	0.02068	0.08134	0.05401	0.01733	0.15602	0.01521	0.01246	0.22143	0.11299	0.22010	0.01723	0.01698	0.01227	0.00692	0.00593	0.00184	0.00628	0.00562	0.00547	0.00990
28	0.00943	0.00684	0.00824	0.00799	0.00981	0.00635	0.00611	0.01265	0.05941	0.05149	0.36587	0.09402	0.25913	0.01370	0.00725	0.00208	0.00342	0.06399	0.00627	0.00596

[dist]
# distance from previous block
# <min> <max>
0	2

[block]
# block no. 11 follows, 37 sequences, length 9
# corresponding to MSA columns:
# 748-756
name=unknown_L
#
# <colnr> <probs for GDERKNQSTAVLIFYWHMCP>
#	G	D	E	R	K	N	Q	S	T	A	V	L	I	F	Y	W	H	M	C	P
0	0.01770	0.33987	0.18945	0.01522	0.09046	0.01830	0.01397	0.10907	0.01544	0.11886	0.01226	0.01315	0.00932	0.00597	0.00514	0.00165	0.00702	0.00444	0.00376	0.00897
1	0.01494	0.08699	0.05601	0.01495	0.09225	0.08667	0.04636	0.05131	0.20069	0.05123	0.17355	0.05832	0.02354	0.00857	0.00623	0.00189	0.00598	0.00731	0.00504	0.00816
2	0.00799	0.00571	0.00771	0.00913	0.00972	0.00543	0.00661	0.00944	0.01224	0.01622	0.03344	0.62357	0.03932	0.01868	0.00795	0.00256	0.00401	0.16946	0.00567	0.00512
3	0.01325	0.01418	0.02875	0.33455	0.03621	0.01470	0.43102	0.01796	0.01353	0.01796	0.01176	0.01643	0.00882	0.00556	0.00677	0.00205	0.00942	0.00648	0.00294	0.00765
4	0.02090	0.01419	0.02049	0.07360	0.02225	0.01457	0.16256	0.25099	0.09205	0.23707	0.01766	0.01779	0.01220	0.00695	0.00638	0.00194	0.00698	0.00620	0.00565	0.00960
5	0.00982	0.00618	0.00802	0.00873	0.00987	0.00588	0.00663	0.01161	0.01308	0.05443	0.07724	0.33112	0.07789	0.01582	0.00810	0.04143	0.00408	0.18740	0.11721	0.00547
6	0.00746	0.00533	0.00710	0.00852	0.00888	0.00497	0.00568	0.00852	0.01172	0.01563	0.03374	0.78088	0.04049	0.01918	0.00781	0.00249	0.00355	0.01740	0.00568	0.00497
7	0.04318	0.01442	0.08072	0.12318	0.11007	0.01327	0.05053	0.13570	0.08379	0.15419	0.04070	0.01751	0.01273	0.00668	0.00597	0.00183	0.00653	0.00569	0.00478	0.08855
8	0.04636	0.09283	0.29745	0.09446	0.10282	0.01538	0.01651	0.12396	0.04621	0.08787	0.01303	0.01451	0.00950	0.00624	0.00571	0.00186	0.00750	0.00495	0.00382	0.00904

[dist]
# distance from previous block
# <min> <max>
0	2

[block]
# block no. 12 follows, 37 sequences, length 29
# corresponding to MSA columns:
# 760-788
name=unknown_M
#
# <colnr> <probs for GDERKNQSTAVLIFYWHMCP>
#	G	D	E	R	K	N	Q	S	T	A	V	L	I	F	Y	W	H	M	C	P
0	0.01419	0.00911	0.01074	0.01008	0.04062	0.05337	0.00738	0.03784	0.01726	0.16951	0.45233	0.03485	0.03986	0.01033	0.00662	0.00186	0.00414	0.00888	0.06398	0.00708
1	0.01123	0.00702	0.00903	0.00820	0.01012	0.00657	0.00626	0.01470	0.04918	0.10835	0.60080	0.04096	0.04949	0.01155	0.00694	0.00191	0.00324	0.01011	0.03784	0.00648
2	0.14337	0.21231	0.17431	0.01525	0.07023	0.14257	0.03946	0.02007	0.01336	0.05999	0.01041	0.01213	0.00826	0.00605	0.00584	0.00175	0.04920	0.00423	0.00322	0.00801
3	0.18206	0.18108	0.06327	0.12139	0.14022	0.03096	0.05657	0.05672	0.01379	0.04992	0.04263	0.01450	0.01063	0.00606	0.00525	0.00178	0.00678	0.00484	0.00354	0.00799
4	0.01858	0.01482	0.01573	0.01314	0.01720	0.01679	0.01050	0.32219	0.44050	0.03102	0.02065	0.01944	0.01523	0.00791	0.00618	0.00198	0.00563	0.00633	0.00618	0.00999
5	0.00874	0.00613	0.00790	0.00800	0.00844	0.00651	0.00533	0.00964	0.00945	0.01302	0.01922	0.08644	0.02093	0.45227	0.30435	0.00716	0.00971	0.00862	0.00369	0.00446
6	0.07984	0.02795	0.01676	0.01522	0.01842	0.70748	0.01146	0.02399	0.01686	0.01586	0.00940	0.01096	0.00780	0.00626	0.00540	0.00160	0.01059	0.00390	0.00320	0.00706
7	0.02052	0.01260	0.01443	0.05769	0.01683	0.01338	0.00963	0.36710	0.02158	0.17879	0.01768	0.01803	0.01253	0.00727	0.00568	0.00176	0.00557	0.00569	0.20419	0.00904
8	0.00821	0.00628	0.00767	0.00834	0.00979	0.00575	0.00652	0.01017	0.01388	0.01769	0.11600	0.20839	0.32032	0.01637	0.00771	0.00236	0.00393	0.21952	0.00578	0.00533
9	0.10938	0.01642	0.01719	0.01337	0.01809	0.01827	0.01102	0.62285	0.05469	0.03687	0.01444	0.01451	0.01033	0.00721	0.00588	0.00185	0.00645	0.00533	0.00588	0.00998
10	0.00841	0.00625	0.00783	0.00743	0.00899	0.00567	0.00558	0.01106	0.01673	0.02312	0.62224	0.04807	0.17987	0.01305	0.00722	0.00195	0.00293	0.01140	0.00655	0.00567
11	0.01637	0.78856	0.03208	0.01047	0.01571	0.02422	0.01047	0.01833	0.01244	0.01440	0.00851	0.00982	0.00786	0.00524	0.00393	0.00131	0.00655	0.00327	0.00262	0.00786
12	0.41484	0.01267	0.01186	0.01034	0.01415	0.01442	0.00831	0.08187	0.27870	0.07199	0.01600	0.01573	0.01189	0.00690	0.00502	0.00196	0.00497	0.00499	0.00511	0.00829
13	0.01685	0.75474	0.03130	0.01049	0.01571	0.02356	0.01041	0.01883	0.01266	0.04641	0.00919	0.01030	0.00817	0.00534	0.00402	0.00133	0.00649	0.00340	0.00283	0.00797
14	0.01320	0.02531	0.45780	0.02034	0.02811	0.01472	0.28233	0.01999	0.04232	0.01972	0.01206	0.01465	0.00876	0.00567	0.00635	0.00199	0.00935	0.00562	0.00292	0.00878
15	0.02327	0.01715	0.01837	0.01408	0.01898	0.01898	0.01163	0.72628	0.02878	0.03858	0.01470	0.01470	0.01041	0.00735	0.00612	0.00184	0.00674	0.00551	0.00612	0.01041
16	0.01523	0.01315	0.01384	0.01246	0.01592	0.01523	0.00969	0.03253	0.73563	0.02561	0.02491	0.02284	0.01869	0.00830	0.00623	0.00208	0.00484	0.00692	0.00623	0.00969
17	0.02327	0.01715	0.01837	0.01408	0.01898	0.01898	0.01163	0.72628	0.02878	0.03858	0.01470	0.01470	0.01041	0.00735	0.00612	0.00184	0.00674	0.00551	0.00612	0.01041
18	0.01637	0.78856	0.03208	0.01047	0.01571	0.02422	0.01047	0.01833	0.01244	0.01440	0.00851	0.00982	0.00786	0.00524	0.00393	0.00131	0.00655	0.00327	0.00262	0.00786
