[name]
unknown

[dist]
# distance from previous block
# <min> <max>
0	43

[block]
# block no. 0 follows, 37 sequences, length 11
# corresponding to MSA columns:
# 43-47,50-55
name=unknown_A
#
# <colnr> <probs for GDERKNQSTAVLIFYWHMCP>
#	G	D	E	R	K	N	Q	S	T	A	V	L	I	F	Y	W	H	M	C	P
0	0.05918	0.01025	0.01141	0.01019	0.01323	0.04281	0.00815	0.07650	0.06371	0.13450	0.10293	0.10827	0.08427	0.01101	0.00656	0.00199	0.00495	0.12981	0.00567	0.11463
1	0.01825	0.01236	0.01775	0.01681	0.14197	0.01178	0.08408	0.07375	0.10787	0.22553	0.01751	0.01913	0.01315	0.06073	0.00771	0.00203	0.00609	0.00594	0.00509	0.15247
2	0.01302	0.05685	0.08149	0.09028	0.04962	0.01156	0.08014	0.01833	0.10782	0.04963	0.12082	0.02268	0.06393	0.00739	0.00594	0.00170	0.00583	0.00648	0.00438	0.20211
3	0.01994	0.01294	0.10560	0.04617	0.01712	0.01028	0.01054	0.07274	0.06719	0.38889	0.02703	0.05885	0.11731	0.00896	0.00634	0.00197	0.00553	0.00738	0.00618	0.00905
4	0.01611	0.06567	0.09437	0.01362	0.09018	0.01136	0.01080	0.02115	0.10676	0.17333	0.09596	0.01940	0.01677	0.00681	0.00564	0.00160	0.00543	0.00565	0.00489	0.23451
5	0.01496	0.01244	0.07889	0.03417	0.15652	0.01036	0.01099	0.05810	0.04603	0.14194	0.02263	0.06949	0.10694	0.07351	0.00819	0.00213	0.00567	0.00723	0.00471	0.13509
6	0.01482	0.07667	0.02102	0.02474	0.38906	0.01309	0.04574	0.04686	0.01419	0.06205	0.01553	0.13286	0.01455	0.00764	0.00605	0.00180	0.00634	0.00704	0.00386	0.09609
7	0.00866	0.00665	0.00898	0.08510	0.05187	0.00664	0.00687	0.00992	0.01136	0.01493	0.02935	0.38074	0.10710	0.22727	0.01390	0.00331	0.00482	0.01273	0.00470	0.00509
8	0.01405	0.13583	0.18331	0.01528	0.02069	0.01414	0.18674	0.06162	0.04779	0.06196	0.02231	0.05727	0.13618	0.00814	0.00626	0.00192	0.00715	0.00728	0.00406	0.00802
9	0.00907	0.00675	0.00822	0.00800	0.00955	0.00633	0.00591	0.05624	0.01622	0.02200	0.41377	0.20280	0.18383	0.01418	0.00728	0.00207	0.00332	0.01242	0.00627	0.00578
10	0.13715	0.01025	0.01395	0.11114	0.11763	0.01201	0.01061	0.01401	0.01137	0.01799	0.06544	0.12529	0.01797	0.10418	0.03742	0.00291	0.17293	0.00759	0.00375	0.00641

[dist]
# distance from previous block
# <min> <max>
2	4

[block]
# block no. 1 follows, 37 sequences, length 25
# corresponding to MSA columns:
# 60-84
name=unknown_B
#
# <colnr> <probs for GDERKNQSTAVLIFYWHMCP>
#	G	D	E	R	K	N	Q	S	T	A	V	L	I	F	Y	W	H	M	C	P
0	0.06045	0.15199	0.19625	0.01192	0.01767	0.01351	0.01201	0.04769	0.04913	0.13278	0.01420	0.04620	0.01118	0.00641	0.00523	0.00159	0.00616	0.00497	0.00413	0.20653
1	0.09226	0.01188	0.01480	0.03573	0.01646	0.01297	0.04262	0.16417	0.13081	0.17083	0.01759	0.01929	0.01335	0.03077	0.16212	0.00367	0.04102	0.00602	0.00519	0.00843
2	0.02360	0.01640	0.06859	0.01348	0.01863	0.01603	0.01171	0.49429	0.02472	0.22404	0.01692	0.01618	0.01147	0.00730	0.00611	0.00186	0.00650	0.00561	0.00626	0.01032
3	0.01511	0.01281	0.02035	0.29636	0.33705	0.01387	0.01618	0.09138	0.01499	0.06588	0.01344	0.05135	0.01098	0.00666	0.00618	0.00194	0.00724	0.00605	0.00365	0.00855
4	0.01523	0.01315	0.01384	0.01246	0.01592	0.01523	0.00969	0.03253	0.73563	0.02561	0.02491	0.02284	0.01869	0.00830	0.00623	0.00208	0.00484	0.00692	0.00623	0.00969
5	0.00869	0.00617	0.00769	0.00769	0.00825	0.00643	0.00512	0.00957	0.00970	0.01310	0.02243	0.03653	0.08933	0.46431	0.27230	0.00687	0.00915	0.00851	0.00376	0.00444
6	0.01037	0.00774	0.03083	0.09423	0.01361	0.00701	0.00751	0.01317	0.01556	0.07643	0.39849	0.07663	0.15714	0.01175	0.00684	0.00196	0.00390	0.01019	0.05044	0.00619
7	0.00824	0.00598	0.00655	0.00666	0.00737	0.00561	0.00417	0.00883	0.01078	0.01369	0.03443	0.10327	0.26080	0.47322	0.02150	0.00440	0.00482	0.01088	0.00451	0.00429
8	0.40235	0.01302	0.01364	0.08457	0.01644	0.05443	0.01015	0.01672	0.01055	0.02083	0.00894	0.01268	0.00778	0.03004	0.01052	0.00228	0.27078	0.00442	0.00327	0.00661
9	0.03821	0.52595	0.14816	0.01221	0.01788	0.06408	0.01256	0.08645	0.01431	0.01791	0.00956	0.01087	0.00805	0.00561	0.00454	0.00149	0.00719	0.00373	0.00301	0.00822
10	0.01228	0.03166	0.75316	0.01745	0.02649	0.01422	0.02262	0.01939	0.01292	0.01939	0.01099	0.01292	0.00775	0.00582	0.00582	0.00194	0.00905	0.00452	0.00258	0.00905
11	0.01637	0.78856	0.03208	0.01047	0.01571	0.02422	0.01047	0.01833	0.01244	0.01440	0.00851	0.00982	0.00786	0.00524	0.00393	0.00131	0.00655	0.00327	0.00262	0.00786
12	0.01339	0.01339	0.01875	0.01607	0.01607	0.01875	0.01339	0.01473	0.00937	0.01473	0.00804	0.01339	0.00804	0.01071	0.02009	0.00268	0.77367	0.00536	0.00268	0.00670
13	0.01576	0.01342	0.01414	0.01257	0.01612	0.01548	0.00982	0.07894	0.68834	0.02647	0.02423	0.02229	0.01813	0.00824	0.00622	0.00206	0.00497	0.00683	0.00622	0.00974
14	0.00755	0.00543	0.00717	0.00848	0.00896	0.00506	0.00575	0.00873	0.01203	0.01599	0.05484	0.71197	0.06937	0.01878	0.00779	0.00246	0.00357	0.03534	0.00571	0.00502
15	0.78430	0.01176	0.00928	0.00821	0.01205	0.01347	0.00676	0.01864	0.01081	0.06706	0.00938	0.01054	0.00710	0.00579	0.00392	0.00189	0.00476	0.00347	0.00400	0.00684
16	0.02287	0.02917	0.01735	0.01577	0.01892	0.76030	0.01183	0.02444	0.01735	0.01498	0.00946	0.01104	0.00788	0.00631	0.00552	0.00158	0.01104	0.00394	0.00315	0.00710
17	0.02496	0.01125	0.01426	0.01099	0.01556	0.01040	0.00904	0.14429	0.01885	0.54741	0.02164	0.01954	0.01410	0.00736	0.00595	0.00180	0.00527	0.00589	0.06141	0.05003
18	0.00848	0.00573	0.00755	0.00838	0.00918	0.00529	0.00580	0.00995	0.01305	0.04709	0.16288	0.59019	0.06868	0.01736	0.00762	0.00234	0.00348	0.01563	0.00595	0.00535
19	0.01156	0.01088	0.01836	0.77016	0.04216	0.01360	0.01700	0.01564	0.01224	0.01564	0.01088	0.01632	0.00816	0.00612	0.00612	0.00204	0.00816	0.00544	0.00272	0.00680
20	0.01205	0.01150	0.01469	0.01323	0.01385	0.06353	0.01063	0.01365	0.01006	0.01440	0.01185	0.01862	0.01149	0.06423	0.29666	0.00545	0.39911	0.00590	0.00299	0.00611
21	0.00855	0.00634	0.00808	0.00832	0.00977	0.00588	0.00650	0.01098	0.01537	0.02067	0.37583	0.12397	0.18563	0.01476	0.00757	0.00222	0.00363	0.17421	0.00617	0.00555
22	0.00758	0.00545	0.00721	0.00858	0.00905	0.00509	0.00586	0.00875	0.01193	0.01580	0.03476	0.71552	0.06748	0.01892	0.00782	0.00249	0.00364	0.05336	0.00568	0.00501
23	0.00948	0.00681	0.00935	0.01040	0.01179	0.00669	0.00884	0.01219	0.01451	0.01915	0.14893	0.09597	0.06277	0.01625	0.00819	0.00263	0.00501	0.53961	0.00582	0.00561
24	0.05074	0.01500	0.02067	0.35987	0.08719	0.10783	0.11544	0.10076	0.01540	0.05169	0.01189	0.01533	0.00890	0.00614	0.00610	0.00193	0.00832	0.00545	0.00350	0.00784

[dist]
# distance from previous block
# <min> <max>
0	2

[block]
# block no. 2 follows, 37 sequences, length 26
# corresponding to MSA columns:
# 87-112
name=unknown_C
#
# <colnr> <probs for GDERKNQSTAVLIFYWHMCP>
#	G	D	E	R	K	N	Q	S	T	A	V	L	I	F	Y	W	H	M	C	P
0	0.01854	0.14931	0.13355	0.05871	0.02077	0.36113	0.03261	0.02247	0.06671	0.04244	0.01196	0.01438	0.00970	0.00650	0.00554	0.00171	0.00902	0.02378	0.00340	0.00780
1	0.01711	0.01389	0.05858	0.01549	0.13677	0.01187	0.01115	0.16288	0.01680	0.11668	0.01346	0.01455	0.01014	0.00572	0.00539	0.00143	0.00578	0.00468	0.00448	0.37313
2	0.01611	0.33102	0.16400	0.07554	0.04376	0.04483	0.11772	0.07869	0.01458	0.04459	0.01092	0.01289	0.00860	0.00571	0.00532	0.00168	0.00784	0.00463	0.00319	0.00839
3	0.01006	0.00772	0.00938	0.00871	0.01058	0.00778	0.00661	0.01600	0.16977	0.02477	0.59097	0.04087	0.04947	0.01162	0.00701	0.00196	0.00330	0.01019	0.00663	0.00661
4	0.01778	0.36239	0.16431	0.05681	0.02001	0.05077	0.01330	0.14371	0.01604	0.08502	0.01163	0.01267	0.00895	0.00602	0.00507	0.00163	0.00722	0.00431	0.00369	0.00866
5	0.00890	0.00593	0.00668	0.00668	0.00668	0.00593	0.00371	0.00890	0.00890	0.01187	0.01929	0.04006	0.02225	0.78487	0.03116	0.00593	0.00593	0.00890	0.00371	0.00371
6	0.02061	0.00869	0.01080	0.00884	0.01220	0.00798	0.00712	0.04800	0.01596	0.42171	0.02207	0.02145	0.01521	0.00738	0.00537	0.00170	0.00428	0.00594	0.34624	0.00845
7	0.82811	0.01184	0.00900	0.00805	0.01184	0.01373	0.00663	0.01799	0.01042	0.02746	0.00852	0.00994	0.00663	0.00568	0.00379	0.00189	0.00474	0.00331	0.00379	0.00663
8	0.00874	0.00656	0.00984	0.00984	0.01093	0.00765	0.00765	0.01093	0.00984	0.01421	0.01640	0.02405	0.01530	0.04591	0.76062	0.00984	0.01640	0.00656	0.00328	0.00547
9	0.01973	0.01517	0.01614	0.01314	0.01735	0.01703	0.01060	0.43261	0.29947	0.03299	0.01882	0.01813	0.01379	0.00771	0.00609	0.00191	0.00586	0.00606	0.03743	0.00995
10	0.00818	0.00628	0.00752	0.00732	0.00900	0.00561	0.00557	0.01055	0.01585	0.02113	0.44240	0.05208	0.31998	0.01391	0.00729	0.00203	0.00312	0.05036	0.00627	0.00553
11	0.01269	0.01088	0.01269	0.00907	0.01451	0.00816	0.00725	0.01541	0.01269	0.01995	0.01088	0.01269	0.00907	0.00453	0.00453	0.00091	0.00453	0.00363	0.00363	0.82229
12	0.01339	0.01339	0.01875	0.01607	0.01607	0.01875	0.01339	0.01473	0.00937	0.01473	0.00804	0.01339	0.00804	0.01071	0.02009	0.00268	0.77367	0.00536	0.00268	0.00670
13	0.01269	0.01088	0.01269	0.00907	0.01451	0.00816	0.00725	0.01541	0.01269	0.01995	0.01088	0.01269	0.00907	0.00453	0.00453	0.00091	0.00453	0.00363	0.00363	0.82229
14	0.02347	0.01682	0.01817	0.01393	0.01882	0.01850	0.01151	0.69293	0.02824	0.07269	0.01515	0.01499	0.01064	0.00736	0.00613	0.00184	0.00666	0.00554	0.00619	0.01041
15	0.01228	0.03166	0.75316	0.01745	0.02649	0.01422	0.02262	0.01939	0.01292	0.01939	0.01099	0.01292	0.00775	0.00582	0.00582	0.00194	0.00905	0.00452	0.00258	0.00905
16	0.01374	0.01119	0.01335	0.00995	0.01478	0.00949	0.00801	0.01713	0.05286	0.06181	0.01218	0.01378	0.00986	0.00544	0.00603	0.00118	0.06929	0.00410	0.00392	0.66190
17	0.01195	0.01084	0.01634	0.07984	0.34181	0.02754	0.01246	0.01483	0.01406	0.01914	0.15656	0.03030	0.12740	0.05876	0.03488	0.00245	0.00620	0.02303	0.00420	0.00741
18	0.00920	0.00659	0.00902	0.00992	0.01119	0.00641	0.00817	0.01179	0.01463	0.01961	0.22365	0.16355	0.04203	0.01605	0.00803	0.00253	0.00460	0.42149	0.00594	0.00558
19	0.01525	0.01687	0.02338	0.01875	0.02100	0.14036	0.21233	0.01770	0.01211	0.01614	0.00949	0.01388	0.00836	0.00843	0.01408	0.00232	0.43382	0.00565	0.00287	0.00720
20	0.00817	0.00617	0.00760	0.00781	0.00924	0.00560	0.00589	0.01034	0.01499	0.01993	0.33912	0.18110	0.25322	0.01505	0.00747	0.00217	0.00338	0.09119	0.00612	0.00544
21	0.01156	0.01088	0.01836	0.77016	0.04216	0.01360	0.01700	0.01564	0.01224	0.01564	0.01088	0.01632	0.00816	0.00612	0.00612	0.00204	0.00816	0.00544	0.00272	0.00680
22	0.00802	0.00585	0.00755	0.00793	0.00896	0.00538	0.00564	0.01001	0.01462	0.02003	0.38018	0.36507	0.10672	0.01564	0.00748	0.00218	0.00319	0.01396	0.00619	0.00538
23	0.01445	0.01651	0.03612	0.02580	0.03199	0.01548	0.72446	0.01961	0.01445	0.01961	0.01238	0.01651	0.00929	0.00516	0.00722	0.00206	0.01032	0.00722	0.00310	0.00826
24	0.01480	0.01219	0.01314	0.01198	0.01512	0.01385	0.00940	0.08291	0.54864	0.02532	0.02505	0.06964	0.02056	0.00953	0.00642	0.00212	0.00490	0.06613	0.03931	0.00897
25	0.01516	0.04576	0.01915	0.21853	0.05453	0.06901	0.10879	0.08158	0.12661	0.06238	0.04786	0.03515	0.03948	0.00902	0.03831	0.00229	0.00761	0.00655	0.00429	0.00796

[dist]
# distance from previous block
# <min> <max>
1	31

[block]
# block no. 3 follows, 37 sequences, length 36
# corresponding to MSA columns:
# 144-179
name=unknown_D
#
# <colnr> <probs for GDERKNQSTAVLIFYWHMCP>
#	G	D	E	R	K	N	Q	S	T	A	V	L	I	F	Y	W	H	M	C	P
0	0.01617	0.01438	0.12825	0.05859	0.22238	0.01155	0.01363	0.02104	0.07713	0.18126	0.08275	0.04089	0.01672	0.00729	0.00607	0.00185	0.00611	0.00635	0.03634	0.05128
1	0.01500	0.01235	0.01396	0.03507	0.01632	0.01192	0.00890	0.14967	0.19363	0.02444	0.01600	0.04792	0.01297	0.00664	0.00543	0.00147	0.00509	0.00542	0.00478	0.41301
2	0.02700	0.01116	0.01466	0.01124	0.01600	0.01010	0.00929	0.10653	0.01876	0.67248	0.02311	0.02016	0.01463	0.00755	0.00615	0.00189	0.00538	0.00608	0.00742	0.01042
3	0.01419	0.20479	0.01778	0.04521	0.07400	0.11757	0.00987	0.07518	0.01536	0.01895	0.12279	0.14286	0.07096	0.00999	0.00608	0.00185	0.00606	0.03506	0.00442	0.00705
4	0.01471	0.18692	0.31923	0.07847	0.06318	0.01619	0.14628	0.01960	0.01342	0.06957	0.01166	0.01386	0.00871	0.00570	0.00573	0.00183	0.00831	0.00498	0.00307	0.00860
5	0.01808	0.00933	0.01188	0.00998	0.01316	0.00877	0.00799	0.11038	0.01828	0.31897	0.25941	0.07187	0.05867	0.01054	0.00674	0.00198	0.00450	0.04444	0.00685	0.00817
6	0.00853	0.00625	0.00809	0.00910	0.00996	0.00610	0.00663	0.01106	0.05770	0.01736	0.09038	0.50142	0.05361	0.04366	0.00857	0.00259	0.00404	0.14381	0.00573	0.00542
7	0.06373	0.11487	0.02038	0.26816	0.21443	0.01407	0.04395	0.01649	0.01338	0.01869	0.09614	0.02117	0.01573	0.00712	0.00597	0.00191	0.00684	0.04591	0.00350	0.00756
8	0.01593	0.19948	0.28089	0.09106	0.02269	0.01691	0.01541	0.11718	0.09777	0.06654	0.01331	0.01442	0.00989	0.00631	0.00552	0.00180	0.00734	0.00484	0.00381	0.00889
9	0.41580	0.01175	0.01208	0.00982	0.01411	0.01226	0.00810	0.09108	0.01515	0.33114	0.01565	0.01496	0.01056	0.00663	0.00500	0.00189	0.00513	0.00471	0.00560	0.00858
10	0.00869	0.00545	0.00667	0.00764	0.00833	0.00520	0.00524	0.01032	0.01207	0.01788	0.02943	0.54383	0.03273	0.01541	0.00671	0.00215	0.00333	0.01374	0.25996	0.00520
11	0.06698	0.09013	0.07506	0.05543	0.05167	0.04778	0.10460	0.11947	0.21609	0.03442	0.01511	0.01626	0.01154	0.00696	0.00687	0.00195	0.06096	0.00563	0.00436	0.00873
12	0.01685	0.34278	0.07556	0.01432	0.06308	0.08587	0.04220	0.02332	0.19804	0.06049	0.01421	0.01472	0.01121	0.00630	0.00519	0.00167	0.00682	0.00482	0.00392	0.00862
13	0.00763	0.00545	0.00730	0.00872	0.00915	0.00512	0.00598	0.00882	0.01189	0.01582	0.03364	0.73076	0.04012	0.01902	0.00786	0.00251	0.00370	0.06585	0.00568	0.00502
14	0.14642	0.01190	0.01661	0.16144	0.16378	0.01302	0.03652	0.10327	0.01518	0.06833	0.11602	0.01960	0.01636	0.00925	0.04522	0.00235	0.03654	0.00607	0.00428	0.00784
15	0.05254	0.11834	0.10291	0.05024	0.16249	0.04084	0.04068	0.10196	0.10043	0.13576	0.01553	0.01634	0.02209	0.00655	0.00574	0.00183	0.00682	0.00539	0.00443	0.00911
16	0.01019	0.00818	0.01262	0.01084	0.01337	0.00739	0.13121	0.01266	0.01451	0.06423	0.16491	0.16153	0.29759	0.01334	0.00732	0.00214	0.00467	0.05162	0.00553	0.00614
17	0.03990	0.00903	0.00958	0.00826	0.01088	0.00941	0.00654	0.17697	0.02897	0.09345	0.01890	0.02042	0.01423	0.00720	0.00489	0.00159	0.00404	0.00565	0.52282	0.00730
18	0.01738	0.42889	0.05744	0.01348	0.04100	0.05895	0.05615	0.11048	0.07274	0.04835	0.02397	0.01412	0.01067	0.00621	0.00503	0.00160	0.00691	0.01445	0.00373	0.00846
19	0.01274	0.01051	0.01496	0.01288	0.01452	0.01230	0.06501	0.01557	0.05724	0.08640	0.05487	0.12397	0.13750	0.01328	0.04373	0.00266	0.30181	0.00878	0.00448	0.00679
20	0.00790	0.00593	0.00718	0.00746	0.00864	0.00537	0.00528	0.00964	0.01404	0.01863	0.27994	0.27731	0.24346	0.06981	0.00909	0.00242	0.00337	0.01340	0.00590	0.00521
21	0.09173	0.20756	0.10020	0.05954	0.04506	0.05294	0.01125	0.05481	0.05041	0.06149	0.01902	0.09704	0.06817	0.00869	0.00568	0.00187	0.00625	0.04656	0.00413	0.00760
22	0.06326	0.19076	0.22031	0.01642	0.12031	0.01490	0.04166	0.02033	0.01350	0.16381	0.01362	0.01599	0.01054	0.06081	0.00722	0.00206	0.00706	0.00504	0.00382	0.00860
23	0.01593	0.01333	0.04811	0.13371	0.09718	0.01314	0.15974	0.02324	0.20005	0.14508	0.03360	0.05844	0.01513	0.00746	0.00647	0.00202	0.00685	0.00701	0.00479	0.00873
24	0.00822	0.00586	0.00774	0.00824	0.00888	0.00583	0.00568	0.00963	0.01186	0.01630	0.16274	0.34740	0.03531	0.17748	0.15559	0.00447	0.00635	0.01242	0.00503	0.00496
25	0.01573	0.13773	0.27358	0.12025	0.06482	0.05341	0.01561	0.02062	0.05849	0.11984	0.01323	0.01496	0.00981	0.00697	0.00657	0.04394	0.00756	0.00490	0.00359	0.00839
26	0.06348	0.01544	0.11713	0.14826	0.32156	0.01352	0.01615	0.05715	0.01475	0.15369	0.01363	0.01576	0.01004	0.00611	0.00593	0.00189	0.00710	0.00534	0.00395	0.00912
27	0.01543	0.01972	0.32932	0.05838	0.02249	0.01216	0.07962	0.04739	0.03947	0.16858	0.04163	0.05047	0.04476	0.00785	0.00634	0.00201	0.00731	0.03402	0.00442	0.00864
28	0.07315	0.00948	0.04123	0.00995	0.01132	0.04736	0.00774	0.01163	0.01226	0.01722	0.07371	0.40752	0.11774	0.01485	0.00888	0.00231	0.11058	0.01245	0.00492	0.00570
29	0.08683	0.01558	0.08876	0.01869	0.20807	0.05094	0.02472	0.09685	0.01560	0.13392	0.01325	0.01456	0.00991	0.00587	0.00551	0.00163	0.00648	0.00483	0.00422	0.19377
30	0.01833	0.11067	0.12241	0.01364	0.04824	0.04252	0.01191	0.11089	0.08117	0.20125	0.01758	0.08791	0.01415	0.00809	0.00670	0.00188	0.05030	0.00635	0.00497	0.04102
31	0.01334	0.01050	0.05355	0.01122	0.05770	0.03722	0.00819	0.04364	0.04395	0.11577	0.11657	0.06860	0.05374	0.22774	0.06637	0.00356	0.00630	0.00812	0.00485	0.04908
32	0.01526	0.07417	0.11590	0.04423	0.32803	0.05233	0.01529	0.04559	0.01484	0.06576	0.11296	0.01875	0.01609	0.00700	0.00674	0.00185	0.04682	0.00591	0.00383	0.00863
33	0.01405	0.05647	0.17542	0.12546	0.24669	0.01301	0.01547	0.01811	0.04363	0.06351	0.01281	0.01674	0.01040	0.04729	0.00876	0.07613	0.00715	0.00534	0.00332	0.04026
34	0.01521	0.15729	0.05977	0.05146	0.22089	0.03764	0.06278	0.01833	0.01411	0.09289	0.05454	0.02017	0.08227	0.00692	0.00576	0.00170	0.00652	0.00599	0.00389	0.08186
35	0.01481	0.01868	0.20584	0.15059	0.11189	0.05504	0.10035	0.06853	0.07847	0.04883	0.01346	0.01683	0.01044	0.04633	0.00787	0.00217	0.03222	0.00568	0.00358	0.00839

[dist]
# distance from previous block
# <min> <max>
0	123

# created by:
# /home/berkeley/.conda/envs/busco_data_prod/bin/msa2prfl.pl pipeline/OGs_align_augustus/33634/151517.fs
