[name]
unknown

[dist]
# distance from previous block
# <min> <max>
4	76

[block]
# block no. 0 follows, 43 sequences, length 6
# corresponding to MSA columns:
# 94-99
name=unknown_A
#
# <colnr> <probs for GDERKNQSTAVLIFYWHMCP>
#	G	D	E	R	K	N	Q	S	T	A	V	L	I	F	Y	W	H	M	C	P
0	0.07448	0.14885	0.10117	0.05825	0.01570	0.08605	0.02903	0.01726	0.03788	0.13937	0.04770	0.04343	0.09741	0.02984	0.00613	0.00180	0.01993	0.03487	0.00401	0.00684
1	0.07992	0.10448	0.22903	0.01197	0.01647	0.03760	0.03009	0.04519	0.09661	0.06721	0.04103	0.06584	0.01364	0.00736	0.00594	0.00176	0.04687	0.04981	0.00376	0.04543
2	0.01145	0.13964	0.25212	0.01111	0.01560	0.05473	0.02874	0.01469	0.01215	0.05103	0.02235	0.07614	0.16996	0.00976	0.03449	0.00198	0.00627	0.04645	0.00358	0.03777
3	0.14269	0.15861	0.06677	0.01133	0.03255	0.09730	0.03874	0.01835	0.04101	0.15050	0.06922	0.01708	0.05838	0.00685	0.00594	0.00167	0.06689	0.00507	0.00396	0.00709
4	0.11513	0.01103	0.01423	0.06615	0.22286	0.04138	0.01035	0.06846	0.03762	0.12664	0.08678	0.06644	0.04984	0.00723	0.00541	0.00169	0.00523	0.00614	0.00428	0.05311
5	0.05807	0.10266	0.05526	0.00985	0.01289	0.01040	0.04988	0.10196	0.01423	0.05522	0.19506	0.14333	0.07324	0.00933	0.00607	0.00172	0.02883	0.00788	0.00459	0.05952

[dist]
# distance from previous block
# <min> <max>
0	2

[block]
# block no. 1 follows, 43 sequences, length 44
# corresponding to MSA columns:
# 102-145
name=unknown_B
#
# <colnr> <probs for GDERKNQSTAVLIFYWHMCP>
#	G	D	E	R	K	N	Q	S	T	A	V	L	I	F	Y	W	H	M	C	P
0	0.05617	0.13103	0.06003	0.01061	0.05199	0.03538	0.00834	0.03290	0.03875	0.07597	0.01984	0.32800	0.02081	0.01051	0.00568	0.00181	0.00476	0.03627	0.00428	0.06689
1	0.05156	0.35264	0.09440	0.01047	0.01499	0.09704	0.00988	0.04878	0.03507	0.08701	0.03635	0.03118	0.01040	0.00573	0.00444	0.00138	0.00598	0.00414	0.00340	0.09516
2	0.11789	0.12647	0.29383	0.01302	0.05716	0.03449	0.01306	0.04524	0.01295	0.17071	0.03009	0.01324	0.00956	0.00565	0.00487	0.00161	0.00632	0.00428	0.00366	0.03591
3	0.23741	0.12939	0.01630	0.03430	0.03653	0.01516	0.03341	0.30060	0.01660	0.02551	0.01036	0.01142	0.00792	0.00554	0.00456	0.00152	0.00553	0.00402	0.00400	0.09991
4	0.05439	0.01307	0.11348	0.06279	0.01641	0.01245	0.01097	0.09070	0.05254	0.09668	0.04549	0.05724	0.03344	0.00797	0.00896	0.00188	0.22673	0.00566	0.00386	0.08527
5	0.11869	0.01210	0.01588	0.04317	0.30213	0.03519	0.01161	0.05004	0.15884	0.06284	0.04724	0.01685	0.03335	0.00636	0.00573	0.00171	0.03370	0.00530	0.00396	0.03530
6	0.01204	0.01153	0.02063	0.04476	0.14749	0.01135	0.29168	0.01729	0.11437	0.03638	0.17871	0.02292	0.05110	0.00701	0.00618	0.00180	0.00630	0.00712	0.00407	0.00726
7	0.05811	0.01042	0.03678	0.00875	0.01357	0.00799	0.00732	0.01691	0.01230	0.17655	0.01224	0.01290	0.00920	0.00477	0.00441	0.00108	0.00437	0.00377	0.00400	0.59454
8	0.01896	0.06083	0.01602	0.03347	0.10968	0.42750	0.01059	0.02086	0.01487	0.15256	0.04102	0.01508	0.04214	0.00632	0.00522	0.00153	0.00776	0.00468	0.00375	0.00717
9	0.02093	0.01194	0.03452	0.01284	0.06683	0.01117	0.04184	0.20280	0.04272	0.41135	0.03077	0.01686	0.01242	0.00649	0.00553	0.00166	0.00539	0.00537	0.00572	0.05285
10	0.01399	0.06716	0.19892	0.05636	0.06297	0.16874	0.08780	0.03347	0.02554	0.03884	0.08245	0.01522	0.01218	0.00703	0.01976	0.00185	0.09239	0.00503	0.00316	0.00712
11	0.01090	0.01030	0.01742	0.68802	0.13870	0.01242	0.01560	0.01454	0.01129	0.01469	0.00992	0.01462	0.00757	0.00545	0.00553	0.00182	0.00727	0.00492	0.00250	0.00651
12	0.00756	0.00614	0.00654	0.00625	0.00814	0.00544	0.00474	0.04762	0.01392	0.01741	0.19125	0.04889	0.59033	0.01312	0.00649	0.00183	0.00294	0.01101	0.00535	0.00503
13	0.01378	0.01190	0.01252	0.01127	0.01440	0.01378	0.00877	0.02943	0.76081	0.02317	0.02254	0.02066	0.01691	0.00751	0.00564	0.00188	0.00438	0.00626	0.00564	0.00877
14	0.01409	0.01205	0.01270	0.01133	0.01452	0.01392	0.00884	0.06089	0.72884	0.02368	0.02214	0.02034	0.01658	0.00748	0.00563	0.00187	0.00446	0.00621	0.00563	0.00879
15	0.01168	0.01095	0.01798	0.48514	0.16091	0.01226	0.05654	0.03965	0.01195	0.01616	0.01008	0.01412	0.00784	0.00535	0.00570	0.00170	0.02414	0.00483	0.00272	0.10030
16	0.00794	0.00582	0.00834	0.00834	0.00914	0.00662	0.00623	0.00953	0.00874	0.01245	0.01534	0.02457	0.01507	0.18996	0.63666	0.00821	0.01300	0.00635	0.00304	0.00464
17	0.00801	0.00572	0.00787	0.00915	0.01003	0.00559	0.00733	0.00989	0.01185	0.01555	0.02983	0.37307	0.03387	0.01616	0.00741	0.00242	0.00431	0.43196	0.00512	0.00485
18	0.01378	0.01190	0.01252	0.01127	0.01440	0.01378	0.00877	0.02943	0.76081	0.02317	0.02254	0.02066	0.01691	0.00751	0.00564	0.00188	0.00438	0.00626	0.00564	0.00877
19	0.01371	0.01316	0.02248	0.03399	0.77081	0.01316	0.01700	0.01700	0.01261	0.01809	0.01042	0.01371	0.00877	0.00493	0.00548	0.00164	0.00658	0.00493	0.00274	0.00877
20	0.00792	0.00592	0.00881	0.00881	0.00977	0.00688	0.00681	0.00983	0.00887	0.01279	0.01492	0.02220	0.01404	0.06503	0.76019	0.00879	0.01454	0.00600	0.00298	0.00490
21	0.01111	0.02865	0.77667	0.01579	0.02397	0.01286	0.02046	0.01754	0.01169	0.01754	0.00994	0.01169	0.00702	0.00526	0.00526	0.00175	0.00818	0.00409	0.00234	0.00818
22	0.01090	0.01029	0.01740	0.69008	0.13670	0.01242	0.01560	0.01453	0.01128	0.01468	0.00992	0.01462	0.00757	0.00546	0.00553	0.00182	0.00727	0.00492	0.00250	0.00650
23	0.02485	0.00943	0.01285	0.00985	0.01414	0.00814	0.00814	0.02699	0.01585	0.77465	0.02185	0.01885	0.01371	0.00685	0.00557	0.00171	0.00471	0.00557	0.00685	0.00943
24	0.01046	0.00984	0.01661	0.79205	0.03814	0.01230	0.01538	0.01415	0.01107	0.01415	0.00984	0.01477	0.00738	0.00554	0.00554	0.00185	0.00738	0.00492	0.00246	0.00615
25	0.00744	0.00565	0.00686	0.00655	0.00803	0.00506	0.00491	0.00969	0.01474	0.02000	0.55058	0.04501	0.27095	0.01215	0.00654	0.00178	0.00267	0.01053	0.00581	0.00506
26	0.00675	0.00482	0.00643	0.00771	0.00803	0.00450	0.00514	0.00771	0.01060	0.01414	0.03053	0.80175	0.03663	0.01735	0.00707	0.00225	0.00321	0.01574	0.00514	0.00450
27	0.84448	0.01071	0.00814	0.00728	0.01071	0.01242	0.00600	0.01628	0.00943	0.02485	0.00771	0.00900	0.00600	0.00514	0.00343	0.00171	0.00428	0.00300	0.00343	0.00600
28	0.01378	0.01190	0.01252	0.01127	0.01440	0.01378	0.00877	0.02943	0.76081	0.02317	0.02254	0.02066	0.01691	0.00751	0.00564	0.00188	0.00438	0.00626	0.00564	0.00877
29	0.01046	0.00984	0.01661	0.79205	0.03814	0.01230	0.01538	0.01415	0.01107	0.01415	0.00984	0.01477	0.00738	0.00554	0.00554	0.00185	0.00738	0.00492	0.00246	0.00615
30	0.02485	0.00943	0.01285	0.00985	0.01414	0.00814	0.00814	0.02699	0.01585	0.77465	0.02185	0.01885	0.01371	0.00685	0.00557	0.00171	0.00471	0.00557	0.00685	0.00943
31	0.00675	0.00482	0.00643	0.00771	0.00803	0.00450	0.00514	0.00771	0.01060	0.01414	0.03053	0.80175	0.03663	0.01735	0.00707	0.00225	0.00321	0.01574	0.00514	0.00450
32	0.01307	0.01494	0.03268	0.02334	0.02894	0.01401	0.75070	0.01774	0.01307	0.01774	0.01120	0.01494	0.00840	0.00467	0.00654	0.00187	0.00934	0.00654	0.00280	0.00747
33	0.00657	0.00551	0.00572	0.00589	0.00755	0.00465	0.00433	0.00792	0.01236	0.01485	0.05275	0.15155	0.67249	0.01446	0.00661	0.00192	0.00286	0.01222	0.00514	0.00465
34	0.02105	0.01551	0.01662	0.01274	0.01717	0.01717	0.01053	0.75235	0.02604	0.03490	0.01330	0.01330	0.00942	0.00665	0.00554	0.00166	0.00609	0.00499	0.00554	0.00942
35	0.00892	0.00637	0.00892	0.01020	0.01147	0.00637	0.00892	0.01147	0.01275	0.01657	0.02932	0.06247	0.03187	0.01530	0.00765	0.00255	0.00510	0.73354	0.00510	0.00510
36	0.02069	0.02640	0.01569	0.01427	0.01712	0.78313	0.01070	0.02212	0.01569	0.01355	0.00856	0.00999	0.00713	0.00571	0.00499	0.00143	0.00999	0.00357	0.00285	0.00642
37	0.02485	0.00943	0.01285	0.00985	0.01414	0.00814	0.00814	0.02699	0.01585	0.77465	0.02185	0.01885	0.01371	0.00685	0.00557	0.00171	0.00471	0.00557	0.00685	0.00943
38	0.01148	0.00984	0.01148	0.00820	0.01312	0.00738	0.00656	0.01395	0.01148	0.01805	0.00984	0.01148	0.00820	0.00410	0.00410	0.00082	0.00410	0.00328	0.00328	0.83922
39	0.00817	0.00620	0.00774	0.00698	0.00882	0.00545	0.00529	0.01063	0.01479	0.02086	0.58925	0.03877	0.12611	0.01068	0.00621	0.00164	0.00283	0.00932	0.00562	0.11464
40	0.00873	0.00615	0.00851	0.00974	0.01090	0.00612	0.00831	0.01110	0.01246	0.01644	0.02906	0.14531	0.03178	0.01522	0.00745	0.00247	0.00479	0.62561	0.03482	0.00503
41	0.00784	0.00566	0.00740	0.00697	0.00827	0.00523	0.00523	0.01045	0.01568	0.02221	0.76789	0.04137	0.05226	0.01132	0.00653	0.00174	0.00261	0.01002	0.00610	0.00523
42	0.01458	0.58956	0.13845	0.01227	0.06704	0.01968	0.01168	0.06300	0.01234	0.01542	0.00857	0.00990	0.00735	0.00495	0.00406	0.00133	0.00631	0.00339	0.00259	0.00752
43	0.00716	0.00567	0.00656	0.00664	0.00816	0.00490	0.00482	0.00872	0.01248	0.01618	0.16852	0.26960	0.37691	0.01387	0.00653	0.00189	0.00298	0.01203	0.00518	0.06118

[dist]
# distance from previous block
# <min> <max>
0	1

[block]
# block no. 2 follows, 43 sequences, length 43
# corresponding to MSA columns:
# 147-189
name=unknown_C
#
# <colnr> <probs for GDERKNQSTAVLIFYWHMCP>
#	G	D	E	R	K	N	Q	S	T	A	V	L	I	F	Y	W	H	M	C	P
0	0.05785	0.11219	0.33681	0.01481	0.09182	0.01287	0.03684	0.01860	0.05444	0.10040	0.01164	0.01278	0.00861	0.00531	0.00494	0.00157	0.00652	0.00425	0.00324	0.10450
1	0.59191	0.10095	0.01341	0.00960	0.01334	0.04660	0.07895	0.01740	0.05019	0.02227	0.00887	0.01022	0.00698	0.00520	0.00393	0.00167	0.00521	0.00354	0.00334	0.00643
2	0.02734	0.02582	0.64599	0.01623	0.02374	0.01270	0.10122	0.01728	0.01185	0.01766	0.01086	0.01417	0.00821	0.00562	0.00547	0.00180	0.00811	0.03548	0.00253	0.00793
3	0.01378	0.01190	0.01252	0.01127	0.01440	0.01378	0.00877	0.02943	0.76081	0.02317	0.02254	0.02066	0.01691	0.00751	0.00564	0.00188	0.00438	0.00626	0.00564	0.00877
4	0.01481	0.80869	0.02902	0.00948	0.01421	0.02191	0.00948	0.01658	0.01125	0.01303	0.00770	0.00888	0.00711	0.00474	0.00355	0.00118	0.00592	0.00296	0.00237	0.00711
5	0.01174	0.01007	0.01160	0.00855	0.01327	0.00810	0.00681	0.01567	0.09514	0.01862	0.01126	0.01251	0.00917	0.00448	0.00427	0.00094	0.00413	0.00361	0.00354	0.74650
6	0.00675	0.00482	0.00643	0.00771	0.00803	0.00450	0.00514	0.00771	0.01060	0.01414	0.03053	0.80175	0.03663	0.01735	0.00707	0.00225	0.00321	0.01574	0.00514	0.00450
7	0.01306	0.01276	0.02257	0.16845	0.55688	0.01310	0.09862	0.01657	0.01239	0.01735	0.01040	0.01403	0.00848	0.00501	0.00561	0.00171	0.00703	0.00511	0.00270	0.00816
8	0.00655	0.00561	0.00561	0.00561	0.00748	0.00468	0.00421	0.00795	0.01262	0.01496	0.05610	0.05330	0.76857	0.01403	0.00655	0.00187	0.00281	0.01169	0.00514	0.00468
9	0.02462	0.00980	0.01308	0.01003	0.01432	0.00869	0.00829	0.07112	0.01647	0.72964	0.02133	0.01851	0.01345	0.00684	0.00557	0.00171	0.00480	0.00553	0.00677	0.00942
10	0.01077	0.01106	0.10727	0.01210	0.01480	0.04374	0.08191	0.03274	0.01298	0.04490	0.02365	0.13944	0.02470	0.01230	0.00692	0.00224	0.00589	0.40211	0.00451	0.00597
11	0.01249	0.01372	0.10441	0.02815	0.57310	0.01193	0.01581	0.01586	0.01232	0.01757	0.01332	0.09249	0.01251	0.00673	0.00573	0.00176	0.00635	0.04462	0.00305	0.00810
12	0.01111	0.02865	0.77667	0.01579	0.02397	0.01286	0.02046	0.01754	0.01169	0.01754	0.00994	0.01169	0.00702	0.00526	0.00526	0.00175	0.00818	0.00409	0.00234	0.00818
13	0.00696	0.00497	0.00667	0.00795	0.00837	0.00468	0.00551	0.00808	0.01081	0.01437	0.03041	0.73006	0.03617	0.01715	0.00713	0.00228	0.00340	0.08535	0.00514	0.00456
14	0.09352	0.01076	0.01708	0.48736	0.11384	0.01230	0.05857	0.04052	0.01214	0.08592	0.01099	0.01442	0.00811	0.00554	0.00539	0.00179	0.00683	0.00490	0.00311	0.00692
15	0.01255	0.06114	0.57977	0.01616	0.02354	0.01310	0.12480	0.01820	0.01217	0.07170	0.01087	0.01255	0.00770	0.00527	0.00539	0.00174	0.00800	0.00450	0.00273	0.00812
16	0.01147	0.08805	0.01956	0.56985	0.13147	0.01345	0.05976	0.01498	0.01141	0.01478	0.00979	0.01407	0.00760	0.00533	0.00540	0.00176	0.00725	0.00483	0.00251	0.00667
17	0.01339	0.01284	0.02191	0.10750	0.69977	0.01308	0.01684	0.01672	0.01246	0.01771	0.01036	0.01381	0.00864	0.00499	0.00549	0.00166	0.00666	0.00493	0.00271	0.00852
18	0.00655	0.00561	0.00561	0.00561	0.00748	0.00468	0.00421	0.00795	0.01262	0.01496	0.05610	0.05330	0.76857	0.01403	0.00655	0.00187	0.00281	0.01169	0.00514	0.00468
19	0.01148	0.00984	0.01148	0.00820	0.01312	0.00738	0.00656	0.01395	0.01148	0.01805	0.00984	0.01148	0.00820	0.00410	0.00410	0.00082	0.00410	0.00328	0.00328	0.83922
20	0.00659	0.00544	0.00579	0.00607	0.00760	0.00464	0.00441	0.00790	0.01218	0.01478	0.05046	0.21848	0.60703	0.01476	0.00666	0.00195	0.00290	0.01258	0.00514	0.00464
21	0.00691	0.00593	0.00641	0.00688	0.04010	0.00506	0.00480	0.00845	0.01276	0.01543	0.08688	0.05106	0.70321	0.01351	0.00650	0.00185	0.00296	0.01132	0.00508	0.00488
22	0.00676	0.00562	0.00591	0.00584	0.00761	0.00477	0.00438	0.00837	0.01314	0.01618	0.17547	0.05130	0.64844	0.01357	0.00654	0.00185	0.00277	0.01141	0.00530	0.00477
23	0.01046	0.00984	0.01661	0.79205	0.03814	0.01230	0.01538	0.01415	0.01107	0.01415	0.00984	0.01477	0.00738	0.00554	0.00554	0.00185	0.00738	0.00492	0.00246	0.00615
24	0.01046	0.00984	0.01661	0.79205	0.03814	0.01230	0.01538	0.01415	0.01107	0.01415	0.00984	0.01477	0.00738	0.00554	0.00554	0.00185	0.00738	0.00492	0.00246	0.00615
25	0.00834	0.00646	0.00931	0.00908	0.00984	0.00770	0.00697	0.00999	0.00875	0.01263	0.01444	0.02269	0.01402	0.13684	0.61193	0.00782	0.08929	0.00610	0.00296	0.00485
26	0.00675	0.00482	0.00643	0.00771	0.00803	0.00450	0.00514	0.00771	0.01060	0.01414	0.03053	0.80175	0.03663	0.01735	0.00707	0.00225	0.00321	0.01574	0.00514	0.00450
27	0.01148	0.00984	0.01148	0.00820	0.01312	0.00738	0.00656	0.01395	0.01148	0.01805	0.00984	0.01148	0.00820	0.00410	0.00410	0.00082	0.00410	0.00328	0.00328	0.83922
28	0.01588	0.67188	0.02688	0.01004	0.01473	0.02110	0.00966	0.14350	0.01380	0.01680	0.00867	0.00965	0.00751	0.00507	0.00390	0.00127	0.00595	0.00331	0.00292	0.00751
29	0.64026	0.04234	0.01053	0.00882	0.01215	0.14825	0.00714	0.03046	0.01087	0.02241	0.00795	0.00930	0.00632	0.00533	0.00401	0.00166	0.01955	0.00317	0.00331	0.00617
30	0.02046	0.01488	0.01705	0.01494	0.10113	0.01618	0.01110	0.62611	0.02392	0.07804	0.01350	0.01368	0.00961	0.00647	0.00554	0.00166	0.00606	0.00502	0.00531	0.00935
31	0.00918	0.00741	0.01021	0.00958	0.01016	0.00906	0.00732	0.02476	0.00893	0.01288	0.01370	0.02293	0.01379	0.22180	0.40486	0.00639	0.19298	0.00619	0.00299	0.00490
32	0.01111	0.02865	0.77667	0.01579	0.02397	0.01286	0.02046	0.01754	0.01169	0.01754	0.00994	0.01169	0.00702	0.00526	0.00526	0.00175	0.00818	0.00409	0.00234	0.00818
33	0.01481	0.80869	0.02902	0.00948	0.01421	0.02191	0.00948	0.01658	0.01125	0.01303	0.00770	0.00888	0.00711	0.00474	0.00355	0.00118	0.00592	0.00296	0.00237	0.00711
34	0.00955	0.00484	0.00722	0.00721	0.00725	0.00483	0.00483	0.00733	0.00753	0.01009	0.03768	0.01774	0.01120	0.01895	0.02109	0.80788	0.00473	0.00500	0.00254	0.00251
35	0.03936	0.01321	0.01568	0.16854	0.02065	0.01446	0.01090	0.45791	0.02063	0.12558	0.01341	0.01412	0.00943	0.00630	0.00542	0.00167	0.00604	0.00492	0.00494	0.04682
36	0.00855	0.00587	0.00672	0.00656	0.00834	0.00507	0.00489	0.01015	0.01310	0.08964	0.16060	0.16359	0.46994	0.01342	0.00653	0.00189	0.00302	0.01146	0.00546	0.00520
37	0.01481	0.49420	0.12425	0.09626	0.01857	0.06553	0.01175	0.08813	0.01300	0.01590	0.00882	0.01039	0.00735	0.00514	0.00428	0.00139	0.00664	0.00356	0.00271	0.00733
38	0.01151	0.11371	0.69513	0.01510	0.02291	0.01385	0.01926	0.01744	0.01164	0.01705	0.00969	0.01139	0.00703	0.00520	0.00508	0.00169	0.00794	0.00397	0.00234	0.00807
39	0.00675	0.00482	0.00643	0.00771	0.00803	0.00450	0.00514	0.00771	0.01060	0.01414	0.03053	0.80175	0.03663	0.01735	0.00707	0.00225	0.00321	0.01574	0.00514	0.00450
40	0.00896	0.00950	0.04840	0.00789	0.01010	0.09264	0.00639	0.01153	0.05831	0.01558	0.05754	0.11699	0.47996	0.01256	0.00635	0.00188	0.00412	0.04121	0.00479	0.00532
41	0.00758	0.00649	0.00857	0.00760	0.00950	0.00576	0.07664	0.00930	0.01254	0.01580	0.15686	0.04551	0.48652	0.11578	0.00936	0.00231	0.00374	0.01046	0.00483	0.00486
42	0.01464	0.33166	0.28845	0.01194	0.01777	0.01598	0.01310	0.06311	0.04476	0.09050	0.01095	0.01175	0.00833	0.00533	0.00459	0.00148	0.00645	0.00389	0.00317	0.05215

[dist]
# distance from previous block
# <min> <max>
0	4

# created by:
# /home/berkeley/.conda/envs/busco_data_prod/bin/msa2prfl.pl pipeline/OGs_align_augustus/33634/151795.fs
