[name]
unknown

[dist]
# distance from previous block
# <min> <max>
12	373

[block]
# block no. 0 follows, 48 sequences, length 6
# corresponding to MSA columns:
# 714-719
name=unknown_A
#
# <colnr> <probs for GDERKNQSTAVLIFYWHMCP>
#	G	D	E	R	K	N	Q	S	T	A	V	L	I	F	Y	W	H	M	C	P
0	0.09145	0.01236	0.07007	0.00996	0.01377	0.06914	0.03294	0.13092	0.11356	0.07150	0.03820	0.06964	0.01200	0.00612	0.00470	0.00140	0.00491	0.00494	0.00397	0.23844
1	0.04392	0.09546	0.03766	0.05563	0.04598	0.01214	0.08357	0.17454	0.10988	0.12089	0.01390	0.06880	0.01112	0.00615	0.00492	0.00151	0.00525	0.00521	0.00409	0.09939
2	0.01509	0.03478	0.10128	0.03659	0.07201	0.07396	0.01018	0.17888	0.14953	0.12849	0.07765	0.01757	0.01392	0.00650	0.00514	0.00158	0.00540	0.03288	0.00439	0.03419
3	0.01217	0.03652	0.03810	0.00922	0.01186	0.07457	0.00740	0.07011	0.13520	0.07422	0.04219	0.07149	0.01427	0.09580	0.11421	0.00274	0.03195	0.00563	0.00385	0.14853
4	0.06413	0.04393	0.06728	0.07213	0.10678	0.01051	0.02879	0.08212	0.03980	0.05858	0.10258	0.01790	0.07063	0.00649	0.00583	0.00151	0.06853	0.00520	0.00363	0.14368
5	0.09269	0.01275	0.12815	0.05114	0.01457	0.06785	0.00888	0.08748	0.01255	0.04791	0.08785	0.06865	0.01327	0.00606	0.00462	0.00134	0.00496	0.00487	0.00356	0.28084

[dist]
# distance from previous block
# <min> <max>
0	1

[block]
# block no. 1 follows, 48 sequences, length 19
# corresponding to MSA columns:
# 721-739
name=unknown_B
#
# <colnr> <probs for GDERKNQSTAVLIFYWHMCP>
#	G	D	E	R	K	N	Q	S	T	A	V	L	I	F	Y	W	H	M	C	P
0	0.01356	0.12054	0.01527	0.01092	0.03286	0.10237	0.05759	0.13265	0.01343	0.04503	0.01301	0.04099	0.03273	0.00632	0.00521	0.00137	0.03712	0.07003	0.00350	0.24548
1	0.03496	0.01002	0.03703	0.15270	0.08252	0.00969	0.02800	0.05739	0.03019	0.07169	0.05634	0.06489	0.01201	0.00616	0.00580	0.00145	0.07111	0.00505	0.00343	0.25958
2	0.04708	0.22172	0.04733	0.10333	0.16930	0.03028	0.04217	0.03758	0.01124	0.07134	0.01014	0.02252	0.00856	0.05218	0.00603	0.00161	0.02868	0.00422	0.00289	0.08180
3	0.01629	0.01150	0.03351	0.17150	0.03356	0.03382	0.03174	0.24641	0.03377	0.20784	0.01337	0.01431	0.00950	0.00776	0.05506	0.00196	0.00617	0.00470	0.00430	0.06293
4	0.03183	0.00955	0.01324	0.36049	0.06123	0.01118	0.01101	0.05115	0.21708	0.01728	0.06286	0.02021	0.02519	0.00684	0.00557	0.00175	0.02242	0.06099	0.00366	0.00646
5	0.00664	0.00494	0.00625	0.00698	0.00784	0.00455	0.00511	0.00803	0.01111	0.01452	0.12623	0.43944	0.19873	0.01443	0.00646	0.00199	0.00309	0.12441	0.00487	0.00437
6	0.00731	0.00513	0.00628	0.00636	0.00683	0.00514	0.00423	0.00813	0.00904	0.01219	0.10801	0.07388	0.07244	0.47277	0.13351	0.00456	0.00569	0.05114	0.00363	0.00375
7	0.00672	0.00471	0.00566	0.00633	0.00690	0.00439	0.00422	0.00766	0.00982	0.01321	0.02930	0.47586	0.16085	0.15472	0.00962	0.00245	0.00321	0.01183	0.07847	0.00407
8	0.00709	0.00521	0.00631	0.00604	0.00738	0.00471	0.00453	0.00922	0.01358	0.01877	0.55205	0.04006	0.23588	0.01087	0.00591	0.00162	0.00246	0.00942	0.05420	0.00471
9	0.01154	0.00638	0.00672	0.00614	0.00791	0.00658	0.00475	0.07699	0.07947	0.07058	0.01696	0.01846	0.01298	0.00610	0.00396	0.00130	0.00294	0.00488	0.64969	0.00566
10	0.00727	0.00527	0.00735	0.00745	0.00807	0.00584	0.00540	0.00854	0.00818	0.01150	0.01566	0.09354	0.01621	0.24196	0.52644	0.00685	0.01049	0.00681	0.00302	0.00416
11	0.01235	0.01220	0.01559	0.06487	0.01526	0.06477	0.01121	0.07943	0.00986	0.01416	0.00746	0.01136	0.00691	0.00825	0.01428	0.00209	0.63707	0.00443	0.00253	0.00591
12	0.00625	0.00447	0.00595	0.00714	0.00744	0.00417	0.00476	0.00714	0.00982	0.01310	0.02828	0.81633	0.03394	0.01608	0.00655	0.00208	0.00298	0.01459	0.00476	0.00417
13	0.01064	0.00912	0.01064	0.00760	0.01216	0.00684	0.00608	0.01292	0.01064	0.01672	0.00912	0.01064	0.00760	0.00380	0.00380	0.00076	0.00380	0.00304	0.00304	0.85104
14	0.00697	0.00520	0.00648	0.00623	0.00751	0.00471	0.00464	0.00910	0.01375	0.01888	0.60254	0.07318	0.19940	0.01124	0.00608	0.00166	0.00248	0.00982	0.00543	0.00471
15	0.01128	0.06252	0.01326	0.09121	0.14016	0.08715	0.00917	0.05165	0.11063	0.01681	0.13507	0.02365	0.16130	0.00782	0.00600	0.00162	0.05424	0.00637	0.00384	0.00624
16	0.00661	0.00485	0.00612	0.00656	0.00736	0.00445	0.00459	0.00803	0.01154	0.01553	0.28010	0.41114	0.14933	0.05046	0.00721	0.00201	0.00283	0.01196	0.00498	0.00437
17	0.01265	0.00988	0.01234	0.08178	0.09815	0.02423	0.00884	0.16570	0.15241	0.06126	0.15136	0.04033	0.01837	0.05628	0.05691	0.00226	0.03002	0.00612	0.00436	0.00675
18	0.01217	0.01182	0.02052	0.11572	0.57869	0.01184	0.09028	0.01534	0.01150	0.01632	0.00963	0.01279	0.00792	0.00456	0.00510	0.00152	0.00629	0.00462	0.00255	0.06080

[dist]
# distance from previous block
# <min> <max>
1	9

[block]
# block no. 2 follows, 48 sequences, length 9
# corresponding to MSA columns:
# 749-757
name=unknown_C
#
# <colnr> <probs for GDERKNQSTAVLIFYWHMCP>
#	G	D	E	R	K	N	Q	S	T	A	V	L	I	F	Y	W	H	M	C	P
0	0.05685	0.21080	0.05643	0.04316	0.03742	0.06649	0.04479	0.03912	0.29531	0.01761	0.01297	0.01337	0.01013	0.00548	0.00451	0.00145	0.00533	0.00432	0.00356	0.07091
1	0.62415	0.01168	0.01015	0.00942	0.05270	0.09469	0.03788	0.01558	0.00979	0.02084	0.00764	0.00906	0.00605	0.00472	0.00360	0.00150	0.00482	0.00308	0.00305	0.06959
2	0.01375	0.03944	0.16377	0.09349	0.12358	0.03834	0.06962	0.21166	0.07288	0.03455	0.01265	0.01450	0.03061	0.00568	0.00509	0.00157	0.00621	0.01780	0.00351	0.04130
3	0.00875	0.00452	0.00656	0.00656	0.00656	0.00452	0.00430	0.00677	0.00677	0.00903	0.00974	0.01764	0.01002	0.10876	0.02074	0.75480	0.00452	0.00480	0.00233	0.00233
4	0.01245	0.04209	0.05494	0.09374	0.04735	0.01248	0.05838	0.13358	0.26773	0.01892	0.01524	0.01786	0.03090	0.09866	0.00846	0.00207	0.06890	0.00545	0.00387	0.00694
5	0.05701	0.00815	0.01069	0.00853	0.01198	0.00725	0.00700	0.02184	0.01400	0.61661	0.06342	0.02112	0.04413	0.00706	0.00516	0.00161	0.00409	0.03540	0.04711	0.00786
6	0.01281	0.01533	0.26647	0.01347	0.08646	0.01066	0.05502	0.12709	0.06582	0.09890	0.09320	0.03615	0.05144	0.00656	0.00522	0.00161	0.00559	0.00557	0.03535	0.00730
7	0.00864	0.00455	0.00648	0.00648	0.00648	0.00455	0.00420	0.00683	0.00683	0.00911	0.01028	0.01899	0.01075	0.16927	0.02120	0.69098	0.00455	0.00502	0.00239	0.00239
8	0.06551	0.21212	0.01815	0.01254	0.05285	0.24266	0.05922	0.12760	0.10092	0.04638	0.01050	0.01129	0.00825	0.00530	0.00449	0.00141	0.00655	0.00392	0.00335	0.00700

[dist]
# distance from previous block
# <min> <max>
0	1

[block]
# block no. 3 follows, 48 sequences, length 9
# corresponding to MSA columns:
# 759-767
name=unknown_D
#
# <colnr> <probs for GDERKNQSTAVLIFYWHMCP>
#	G	D	E	R	K	N	Q	S	T	A	V	L	I	F	Y	W	H	M	C	P
0	0.04372	0.34216	0.35912	0.01175	0.01735	0.07277	0.01324	0.05834	0.01161	0.01546	0.00839	0.00967	0.00663	0.00478	0.00418	0.00139	0.00663	0.00335	0.00242	0.00706
1	0.01884	0.10147	0.01649	0.01169	0.01561	0.13074	0.00967	0.58103	0.02127	0.02730	0.01113	0.01144	0.00819	0.00584	0.00486	0.00146	0.00616	0.00423	0.00446	0.00809
2	0.00665	0.00484	0.00614	0.00702	0.00764	0.00453	0.00497	0.00772	0.01015	0.01321	0.03041	0.50707	0.14496	0.10045	0.00863	0.00238	0.00339	0.12112	0.00458	0.00416
3	0.00895	0.00834	0.00755	0.00759	0.00908	0.12110	0.00558	0.05670	0.01223	0.01460	0.03403	0.30998	0.33743	0.01256	0.00600	0.00180	0.00396	0.03324	0.00448	0.00480
4	0.01905	0.00925	0.01194	0.05894	0.01421	0.00894	0.00799	0.16871	0.01556	0.47958	0.01916	0.13287	0.01465	0.00766	0.00536	0.00166	0.00457	0.00639	0.00563	0.00788
5	0.01176	0.01104	0.01581	0.30722	0.29273	0.06714	0.01254	0.06495	0.01159	0.01519	0.01047	0.01583	0.00913	0.12396	0.00814	0.00208	0.00640	0.00490	0.00271	0.00640
6	0.10492	0.01223	0.01322	0.01178	0.06615	0.01355	0.00887	0.39148	0.21730	0.02615	0.01665	0.01634	0.06548	0.00660	0.00501	0.00161	0.00487	0.00517	0.00475	0.00788
7	0.01253	0.11051	0.45838	0.01257	0.03601	0.01168	0.01419	0.04663	0.01208	0.11581	0.06576	0.01344	0.01047	0.00539	0.00477	0.00151	0.00625	0.00425	0.00313	0.05465
8	0.28931	0.12118	0.01523	0.01346	0.14891	0.11162	0.00939	0.16664	0.01323	0.02058	0.00870	0.01012	0.00696	0.00520	0.00467	0.00150	0.03967	0.00359	0.00322	0.00683

[dist]
# distance from previous block
# <min> <max>
2	3

[block]
# block no. 4 follows, 48 sequences, length 14
# corresponding to MSA columns:
# 771-784
name=unknown_E
#
# <colnr> <probs for GDERKNQSTAVLIFYWHMCP>
#	G	D	E	R	K	N	Q	S	T	A	V	L	I	F	Y	W	H	M	C	P
0	0.01802	0.07069	0.01261	0.00923	0.01257	0.00973	0.00755	0.16541	0.04606	0.40268	0.07756	0.11260	0.01687	0.00767	0.00525	0.00161	0.00437	0.00634	0.00551	0.00770
1	0.04423	0.20945	0.19118	0.01190	0.04656	0.03808	0.04868	0.08977	0.04726	0.08388	0.04156	0.01279	0.00976	0.00639	0.03235	0.00165	0.00610	0.00414	0.00327	0.07101
2	0.04992	0.09648	0.10438	0.04781	0.04065	0.03593	0.01053	0.30671	0.07443	0.11714	0.01281	0.01410	0.00957	0.00607	0.00520	0.00157	0.02693	0.02779	0.00420	0.00776
3	0.00788	0.00603	0.00829	0.04873	0.01050	0.00649	0.00687	0.01016	0.03307	0.01437	0.11513	0.06483	0.08219	0.08067	0.23388	0.00403	0.03511	0.22310	0.00396	0.00471
4	0.01280	0.10790	0.24818	0.06565	0.07306	0.11209	0.03628	0.07768	0.05207	0.01668	0.01031	0.03299	0.00831	0.00533	0.00487	0.00145	0.01910	0.00420	0.01542	0.09562
5	0.03897	0.00892	0.01017	0.00873	0.01152	0.00918	0.00684	0.04316	0.32220	0.12336	0.23705	0.02287	0.02316	0.00743	0.00522	0.00156	0.00365	0.00626	0.00517	0.10458
6	0.01004	0.00878	0.01220	0.07282	0.09685	0.02773	0.00924	0.01244	0.07041	0.01330	0.01255	0.04135	0.01208	0.06224	0.15775	0.08760	0.22402	0.06035	0.00292	0.00532
7	0.00897	0.00481	0.00734	0.06723	0.00885	0.00498	0.00520	0.00717	0.00695	0.00923	0.00893	0.01545	0.00876	0.01687	0.01893	0.78651	0.00464	0.00446	0.00223	0.00249
8	0.00793	0.00534	0.00670	0.00637	0.00773	0.00485	0.00477	0.01005	0.01360	0.05813	0.54747	0.09191	0.15342	0.01082	0.00592	0.00164	0.00258	0.00945	0.04638	0.00491
9	0.85592	0.00992	0.00754	0.00675	0.00992	0.01151	0.00556	0.01508	0.00873	0.02302	0.00714	0.00834	0.00556	0.00476	0.00318	0.00159	0.00397	0.00278	0.00318	0.00556
10	0.11360	0.00883	0.00912	0.00822	0.01068	0.00978	0.00638	0.02080	0.39104	0.08485	0.01791	0.01837	0.01370	0.04382	0.00552	0.00172	0.00369	0.00520	0.21999	0.00678
11	0.00697	0.00517	0.00649	0.00629	0.00752	0.00469	0.00467	0.00906	0.01363	0.01876	0.59140	0.10659	0.17698	0.01141	0.00610	0.00167	0.00250	0.01000	0.00542	0.00469
12	0.01388	0.01130	0.01231	0.04783	0.01454	0.04108	0.00865	0.09712	0.47771	0.07519	0.01791	0.01845	0.01372	0.00692	0.00577	0.00169	0.04552	0.03511	0.00478	0.05053
13	0.05426	0.00892	0.01073	0.04612	0.01281	0.00977	0.00776	0.05816	0.22255	0.06017	0.01663	0.09374	0.01476	0.01246	0.12322	0.00266	0.06816	0.05914	0.00409	0.11390

[dist]
# distance from previous block
# <min> <max>
1	109

[block]
# block no. 5 follows, 48 sequences, length 27
# corresponding to MSA columns:
# 904-930
name=unknown_F
#
# <colnr> <probs for GDERKNQSTAVLIFYWHMCP>
#	G	D	E	R	K	N	Q	S	T	A	V	L	I	F	Y	W	H	M	C	P
0	0.01113	0.13360	0.15822	0.03440	0.01435	0.01070	0.02397	0.06482	0.04382	0.04606	0.04660	0.06387	0.12162	0.00728	0.00540	0.00150	0.03839	0.02708	0.00353	0.14367
1	0.00834	0.00762	0.06677	0.00856	0.01001	0.00666	0.00690	0.04836	0.09403	0.01525	0.02364	0.43032	0.02606	0.07354	0.03827	0.00248	0.00439	0.11928	0.00443	0.00510
2	0.01583	0.05685	0.01412	0.01132	0.03028	0.10793	0.00892	0.27267	0.25697	0.05234	0.01564	0.01540	0.04049	0.00646	0.00542	0.00156	0.03559	0.00492	0.00449	0.04281
3	0.01339	0.21801	0.36820	0.01121	0.01679	0.01247	0.01271	0.01713	0.01148	0.15595	0.02434	0.01220	0.00871	0.00510	0.00444	0.00142	0.00595	0.00387	0.03822	0.05842
4	0.01554	0.21400	0.18469	0.01207	0.04286	0.02435	0.05454	0.13038	0.01371	0.19598	0.01279	0.05527	0.00988	0.00585	0.00475	0.00150	0.00582	0.00470	0.00376	0.00755
5	0.01328	0.72104	0.12478	0.00953	0.01432	0.01923	0.01008	0.01548	0.01048	0.01261	0.00740	0.00856	0.00657	0.00445	0.00349	0.00116	0.00576	0.00288	0.00219	0.00671
6	0.01066	0.01121	0.07466	0.20696	0.37820	0.01054	0.03237	0.01373	0.01124	0.01543	0.04127	0.01956	0.07471	0.03745	0.00612	0.00177	0.00592	0.03860	0.00286	0.00671
7	0.03612	0.11626	0.07955	0.06176	0.08306	0.02569	0.08551	0.09640	0.08295	0.18322	0.05462	0.01573	0.02967	0.00595	0.00520	0.00157	0.02035	0.00499	0.00401	0.00740
8	0.01338	0.05140	0.49307	0.01516	0.09117	0.01141	0.05209	0.01800	0.01176	0.17711	0.01152	0.01243	0.00800	0.00511	0.00495	0.00159	0.00675	0.00422	0.00309	0.00780
9	0.00620	0.00514	0.00543	0.00549	0.00705	0.00437	0.00407	0.00758	0.01182	0.01447	0.12394	0.11506	0.64568	0.01301	0.00611	0.00175	0.00261	0.01100	0.00485	0.00437
10	0.01250	0.01188	0.04797	0.19432	0.18761	0.01257	0.04023	0.08368	0.31516	0.01909	0.01420	0.01540	0.01078	0.00578	0.00518	0.00166	0.00558	0.00508	0.00375	0.00756
11	0.01464	0.02631	0.17052	0.01471	0.07624	0.01090	0.16992	0.05827	0.09566	0.21298	0.04362	0.01775	0.01236	0.00610	0.00540	0.00167	0.00603	0.04523	0.00409	0.00762
12	0.00806	0.00574	0.00770	0.00777	0.03250	0.00521	0.03446	0.00978	0.01202	0.06403	0.22503	0.27047	0.23885	0.01198	0.00602	0.00177	0.00311	0.01058	0.04001	0.00492
13	0.00651	0.00449	0.00586	0.00696	0.00733	0.00422	0.00467	0.00753	0.00990	0.01358	0.02737	0.75321	0.03229	0.01528	0.00631	0.00201	0.00293	0.01381	0.07153	0.00422
14	0.01639	0.01196	0.10426	0.05444	0.09819	0.04229	0.03647	0.05557	0.03589	0.34085	0.04555	0.07001	0.01337	0.01918	0.00594	0.00169	0.03019	0.00566	0.00456	0.00754
15	0.06106	0.06874	0.14887	0.01473	0.14255	0.01151	0.07743	0.07958	0.05943	0.13973	0.01181	0.01273	0.00872	0.00504	0.00473	0.00144	0.00562	0.00428	0.00355	0.13845
16	0.00817	0.00595	0.00820	0.00920	0.01030	0.00604	0.00790	0.01033	0.01148	0.01496	0.02722	0.08380	0.05788	0.03893	0.00791	0.00240	0.02864	0.65141	0.00460	0.00467
17	0.01564	0.29640	0.04846	0.11656	0.02840	0.34752	0.01051	0.05517	0.01286	0.01365	0.00811	0.00975	0.00675	0.00498	0.00428	0.00132	0.00735	0.00338	0.00255	0.00637
18	0.01281	0.00574	0.00650	0.00583	0.00770	0.00545	0.00454	0.01511	0.01171	0.20548	0.01758	0.01873	0.01304	0.00607	0.00397	0.00129	0.00287	0.00487	0.64498	0.00574
19	0.00847	0.00706	0.00830	0.00781	0.00914	0.00770	0.00590	0.01238	0.16410	0.01543	0.12849	0.08366	0.24448	0.11053	0.06224	0.00263	0.10385	0.00832	0.00433	0.00517
20	0.01253	0.00871	0.01053	0.00777	0.01193	0.00679	0.00623	0.01477	0.01169	0.15362	0.07865	0.01425	0.01205	0.00483	0.00424	0.00098	0.00378	0.00396	0.00385	0.62882
21	0.00651	0.00510	0.00589	0.00594	0.00727	0.00448	0.00436	0.00813	0.01238	0.01607	0.30211	0.16561	0.41263	0.01261	0.00614	0.00175	0.00260	0.01088	0.00507	0.00448
22	0.00741	0.00501	0.00572	0.00572	0.00583	0.00503	0.00331	0.00755	0.00765	0.01019	0.01728	0.03341	0.04492	0.74990	0.06681	0.00504	0.00536	0.00747	0.00315	0.00323
23	0.00732	0.00550	0.00640	0.00655	0.00765	0.00516	0.00465	0.05402	0.01169	0.01519	0.13753	0.30149	0.27567	0.11375	0.00868	0.00224	0.00322	0.02412	0.00470	0.00447
24	0.01340	0.33191	0.12235	0.00987	0.01449	0.01459	0.00957	0.10057	0.11032	0.03843	0.01052	0.01118	0.00835	0.00491	0.00411	0.00124	0.00522	0.00361	0.00319	0.18216
25	0.01228	0.06953	0.01422	0.22966	0.01940	0.08794	0.03123	0.01602	0.09704	0.06316	0.01182	0.05534	0.00980	0.00575	0.00521	0.00142	0.03899	0.00466	0.00323	0.22330
26	0.01428	0.03931	0.30283	0.01427	0.04208	0.01188	0.13580	0.11392	0.06681	0.15680	0.01322	0.01507	0.00967	0.00569	0.00522	0.00164	0.00648	0.03359	0.00368	0.00774

[dist]
# distance from previous block
# <min> <max>
0	2

[block]
# block no. 6 follows, 48 sequences, length 21
# corresponding to MSA columns:
# 933-953
name=unknown_G
#
# <colnr> <probs for GDERKNQSTAVLIFYWHMCP>
#	G	D	E	R	K	N	Q	S	T	A	V	L	I	F	Y	W	H	M	C	P
0	0.01250	0.09657	0.11559	0.03973	0.01541	0.01056	0.08448	0.08088	0.03311	0.11872	0.10770	0.03808	0.01813	0.00840	0.01439	0.00182	0.03455	0.15876	0.00409	0.00654
1	0.08962	0.16268	0.22518	0.02232	0.07420	0.12380	0.01148	0.03291	0.01178	0.10303	0.01165	0.08833	0.00996	0.00609	0.00462	0.00151	0.00615	0.00472	0.00315	0.00683
2	0.05803	0.01135	0.01417	0.01184	0.01319	0.01435	0.00970	0.21173	0.01232	0.03831	0.00944	0.01357	0.00844	0.08223	0.01358	0.00226	0.46124	0.00472	0.00324	0.00628
3	0.01089	0.00667	0.00966	0.00889	0.01035	0.00747	0.00707	0.01269	0.00953	0.17175	0.01445	0.01881	0.01226	0.02928	0.56707	0.00635	0.08249	0.00534	0.00344	0.00552
4	0.08502	0.00985	0.01447	0.17546	0.04503	0.06474	0.15096	0.01277	0.01095	0.01539	0.09894	0.12881	0.03188	0.01060	0.08203	0.00236	0.04517	0.00673	0.00327	0.00557
5	0.54442	0.01044	0.01039	0.25994	0.01826	0.05312	0.00853	0.01475	0.00952	0.01934	0.00781	0.01007	0.00602	0.00491	0.00387	0.00161	0.00516	0.00337	0.00286	0.00562
6	0.01200	0.00709	0.00933	0.00847	0.01023	0.00740	0.00660	0.09659	0.01150	0.17393	0.01650	0.02434	0.01481	0.16183	0.34548	0.00506	0.00862	0.07059	0.00399	0.00565
7	0.01232	0.00559	0.00624	0.00567	0.00744	0.00535	0.00440	0.01463	0.01157	0.17745	0.01746	0.01879	0.01306	0.00605	0.00391	0.00128	0.00280	0.00486	0.67555	0.00559
8	0.01338	0.01178	0.01807	0.02476	0.54299	0.01207	0.01330	0.16957	0.01403	0.01955	0.01226	0.10165	0.01111	0.00617	0.00525	0.00159	0.00566	0.00569	0.00332	0.00781
9	0.01600	0.01218	0.01838	0.05688	0.05594	0.04549	0.22711	0.20902	0.01564	0.17890	0.01455	0.01882	0.01136	0.00639	0.00559	0.00169	0.00638	0.08800	0.00423	0.00746
10	0.01169	0.00785	0.01148	0.10077	0.17623	0.00758	0.00856	0.01405	0.01296	0.17571	0.24205	0.02797	0.16540	0.00827	0.00556	0.00162	0.00412	0.00721	0.00460	0.00633
11	0.00995	0.00548	0.00724	0.00746	0.00851	0.00505	0.00528	0.01102	0.01061	0.17235	0.02499	0.51333	0.02736	0.11952	0.00886	0.00238	0.00361	0.04716	0.00487	0.00499
12	0.01263	0.00654	0.00933	0.09624	0.01182	0.00666	0.00654	0.06465	0.00994	0.17143	0.01150	0.01554	0.00945	0.01325	0.01430	0.52308	0.00479	0.00462	0.00328	0.00440
13	0.01335	0.09969	0.04285	0.00830	0.01269	0.00858	0.00713	0.01560	0.01143	0.17487	0.01185	0.03963	0.00940	0.00485	0.00416	0.00105	0.00422	0.00387	0.00365	0.52283
14	0.01624	0.00801	0.01029	0.00885	0.01172	0.00748	0.00729	0.09889	0.01453	0.39250	0.05438	0.06812	0.10384	0.00934	0.00576	0.00179	0.00424	0.16411	0.00560	0.00703
15	0.00785	0.00581	0.00769	0.17019	0.01193	0.00626	0.00562	0.00867	0.00830	0.01094	0.01581	0.08485	0.01754	0.57873	0.02003	0.00405	0.00521	0.02370	0.00309	0.00375
16	0.01364	0.01071	0.01494	0.01258	0.01339	0.01404	0.01047	0.01494	0.00926	0.17205	0.00951	0.01251	0.00796	0.00844	0.01444	0.00211	0.64503	0.00463	0.00309	0.00625
17	0.24861	0.01927	0.01241	0.01125	0.01389	0.52465	0.00863	0.01828	0.01247	0.01540	0.00790	0.00949	0.00657	0.00656	0.03544	0.00170	0.03566	0.00329	0.00278	0.00578
18	0.01044	0.00592	0.00744	0.00666	0.00853	0.00530	0.00513	0.01256	0.01378	0.17726	0.44015	0.03473	0.17360	0.00978	0.00570	0.00160	0.00285	0.00840	0.06463	0.00554
19	0.01257	0.42796	0.05744	0.01014	0.01323	0.01647	0.00936	0.06739	0.05142	0.01436	0.01058	0.09935	0.01027	0.00691	0.00674	0.00153	0.17027	0.00476	0.00285	0.00640
20	0.00940	0.00877	0.01025	0.01265	0.16880	0.09428	0.00798	0.01129	0.01200	0.01508	0.09979	0.16126	0.21833	0.01088	0.00596	0.00180	0.00446	0.13750	0.00415	0.00538

[dist]
# distance from previous block
# <min> <max>
14	391

[block]
# block no. 7 follows, 48 sequences, length 22
# corresponding to MSA columns:
# 1347-1368
name=unknown_H
#
# <colnr> <probs for GDERKNQSTAVLIFYWHMCP>
#	G	D	E	R	K	N	Q	S	T	A	V	L	I	F	Y	W	H	M	C	P
0	0.28790	0.18122	0.08732	0.06594	0.06294	0.01263	0.04340	0.01572	0.03815	0.07038	0.04436	0.04930	0.01026	0.00565	0.00423	0.00153	0.00508	0.00435	0.00322	0.00640
1	0.01290	0.13940	0.16871	0.10347	0.05892	0.05985	0.05806	0.07141	0.06916	0.04986	0.02223	0.03073	0.00914	0.00592	0.00623	0.00160	0.10091	0.00453	0.00302	0.02395
2	0.04753	0.00556	0.00778	0.07164	0.00956	0.00592	0.00552	0.03844	0.00789	0.01104	0.00968	0.01635	0.00939	0.06806	0.05407	0.61623	0.00514	0.00464	0.00247	0.00309
3	0.00900	0.00491	0.00773	0.00733	0.00757	0.00487	0.03991	0.00717	0.00697	0.00931	0.00930	0.01631	0.00929	0.05241	0.01967	0.77414	0.00467	0.00466	0.00228	0.00248
4	0.03934	0.11205	0.18811	0.02960	0.05081	0.10284	0.02707	0.10251	0.04647	0.10544	0.06567	0.05777	0.01237	0.00638	0.00527	0.00156	0.03110	0.00501	0.00361	0.00703
5	0.07960	0.00983	0.01213	0.00946	0.01333	0.00944	0.00778	0.14046	0.06245	0.57280	0.01814	0.01613	0.01177	0.00625	0.00502	0.00159	0.00452	0.00495	0.00587	0.00847
6	0.00736	0.00537	0.00760	0.00760	0.00830	0.00606	0.00561	0.00875	0.00806	0.01143	0.01433	0.02342	0.01424	0.22840	0.61136	0.00745	0.01161	0.00598	0.00284	0.00422
7	0.01176	0.01469	0.13306	0.12447	0.11653	0.09864	0.22342	0.01611	0.06673	0.01597	0.03890	0.01653	0.06337	0.00569	0.00534	0.00162	0.00686	0.00541	0.02821	0.00667
8	0.01252	0.04801	0.14297	0.19008	0.08840	0.01140	0.10519	0.04192	0.10382	0.10598	0.04754	0.01714	0.02704	0.00598	0.00525	0.00166	0.00606	0.02849	0.00351	0.00705
9	0.00780	0.00585	0.00734	0.00718	0.00850	0.00570	0.00548	0.01129	0.09374	0.01918	0.52922	0.10717	0.07515	0.01109	0.00611	0.00175	0.00288	0.08408	0.00539	0.00509
10	0.01919	0.02376	0.01460	0.01312	0.01587	0.74477	0.00990	0.07250	0.01521	0.01393	0.00824	0.00947	0.00676	0.00535	0.00466	0.00134	0.00900	0.00340	0.00282	0.00614
11	0.05442	0.01376	0.09120	0.17394	0.05367	0.06812	0.18949	0.06082	0.07966	0.04412	0.01085	0.02307	0.00843	0.00573	0.00657	0.00172	0.09973	0.00491	0.00302	0.00674
12	0.04839	0.06222	0.09752	0.06990	0.01356	0.02497	0.02552	0.01453	0.13205	0.05811	0.06373	0.20837	0.09529	0.00933	0.00542	0.00174	0.00446	0.03168	0.02729	0.00594
13	0.00721	0.00494	0.00582	0.00614	0.00634	0.00484	0.00380	0.00759	0.00838	0.01108	0.02071	0.19667	0.05192	0.57396	0.02015	0.00410	0.00446	0.05484	0.00361	0.00347
14	0.01975	0.00917	0.01131	0.06477	0.01383	0.05809	0.00762	0.02181	0.01376	0.57292	0.01853	0.04240	0.01263	0.00646	0.00499	0.00155	0.00458	0.00526	0.10283	0.00774
15	0.01400	0.25212	0.07064	0.10602	0.06818	0.15613	0.07962	0.01712	0.05278	0.06096	0.02556	0.01253	0.00882	0.00537	0.00511	0.00147	0.04042	0.01363	0.00286	0.00667
16	0.01188	0.01072	0.13788	0.11752	0.01568	0.00874	0.00975	0.02575	0.03025	0.16887	0.25484	0.02388	0.03267	0.00788	0.00648	0.00171	0.07543	0.03622	0.01750	0.00635
17	0.00794	0.00540	0.00681	0.00679	0.00814	0.00490	0.00517	0.00982	0.01281	0.06660	0.36012	0.17158	0.20804	0.01213	0.00620	0.00180	0.00293	0.09270	0.00524	0.00485
18	0.11653	0.00852	0.02671	0.00909	0.02752	0.00831	0.00727	0.10027	0.05399	0.18956	0.07670	0.13148	0.04362	0.00964	0.01780	0.00188	0.00430	0.12513	0.03527	0.00640
19	0.03077	0.12134	0.29014	0.07396	0.13030	0.04053	0.01352	0.05726	0.06966	0.07983	0.01149	0.03918	0.00899	0.00552	0.00479	0.00155	0.00624	0.00446	0.00309	0.00737
20	0.00900	0.00617	0.00861	0.00829	0.00956	0.00615	0.03342	0.01068	0.01130	0.09171	0.15868	0.25081	0.10264	0.04683	0.07269	0.00257	0.05730	0.10401	0.00460	0.00501
21	0.04044	0.00600	0.00718	0.00688	0.00838	0.00589	0.00524	0.04826	0.01228	0.09543	0.19123	0.15420	0.05190	0.03966	0.04192	0.00205	0.00366	0.05559	0.21857	0.00522

[dist]
# distance from previous block
# <min> <max>
1	31

[block]
# block no. 8 follows, 48 sequences, length 9
# corresponding to MSA columns:
# 1400-1408
name=unknown_I
#
# <colnr> <probs for GDERKNQSTAVLIFYWHMCP>
#	G	D	E	R	K	N	Q	S	T	A	V	L	I	F	Y	W	H	M	C	P
0	0.01160	0.09139	0.21490	0.08337	0.03781	0.01073	0.01094	0.09249	0.01228	0.03235	0.04010	0.04075	0.02558	0.00543	0.00457	0.00132	0.00537	0.00438	0.00312	0.27151
1	0.15635	0.09970	0.01631	0.09821	0.18429	0.20746	0.02882	0.03338	0.01174	0.01608	0.03738	0.01161	0.00843	0.00539	0.00538	0.00152	0.06479	0.00397	0.00277	0.00642
2	0.01381	0.62850	0.02336	0.00912	0.01330	0.08475	0.00856	0.01614	0.04923	0.01307	0.00810	0.00912	0.00715	0.00453	0.00356	0.00111	0.00556	0.00298	0.00247	0.09560
3	0.00958	0.00735	0.00831	0.00765	0.00966	0.00752	0.00589	0.07430	0.18436	0.04503	0.18213	0.07750	0.26984	0.01269	0.07254	0.00226	0.00416	0.00847	0.00496	0.00580
4	0.00784	0.00528	0.00678	0.00687	0.00807	0.00483	0.00512	0.00964	0.01259	0.06348	0.35952	0.25714	0.14795	0.01246	0.00622	0.00182	0.00291	0.07144	0.00524	0.00480
5	0.00891	0.00446	0.00668	0.00668	0.00668	0.00446	0.00446	0.00668	0.00668	0.00891	0.00891	0.01560	0.00891	0.01783	0.02005	0.85071	0.00446	0.00446	0.00223	0.00223
6	0.00915	0.00590	0.00720	0.00658	0.00836	0.00533	0.00503	0.01163	0.04188	0.11857	0.43986	0.03820	0.26156	0.01057	0.00591	0.00165	0.00279	0.00908	0.00546	0.00532
7	0.01245	0.01336	0.01671	0.01409	0.01489	0.12948	0.07170	0.01386	0.00917	0.01271	0.00720	0.01115	0.00680	0.00807	0.01420	0.00207	0.62956	0.00444	0.00233	0.00577
8	0.10251	0.62796	0.08549	0.00929	0.01370	0.06299	0.00932	0.01570	0.01051	0.01359	0.00735	0.00851	0.00647	0.00452	0.00348	0.00120	0.00571	0.00286	0.00232	0.00652

[dist]
# distance from previous block
# <min> <max>
1	169

[block]
# block no. 9 follows, 48 sequences, length 60
# corresponding to MSA columns:
# 1578-1637
name=unknown_J
#
# <colnr> <probs for GDERKNQSTAVLIFYWHMCP>
#	G	D	E	R	K	N	Q	S	T	A	V	L	I	F	Y	W	H	M	C	P
0	0.01146	0.02076	0.01473	0.22259	0.22468	0.01009	0.01121	0.03152	0.02305	0.05473	0.01121	0.01525	0.00930	0.00826	0.07653	0.00207	0.02637	0.03270	0.01597	0.17752
1	0.01151	0.01022	0.01555	0.28128	0.10011	0.01129	0.08299	0.11935	0.05881	0.01741	0.03611	0.07027	0.01162	0.00753	0.03238	0.00189	0.04678	0.01772	0.00329	0.06387
2	0.01190	0.00860	0.00998	0.02035	0.01179	0.00799	0.00652	0.01714	0.21103	0.11240	0.01833	0.10887	0.05295	0.00695	0.00478	0.00136	0.00375	0.00586	0.05032	0.32912
3	0.01340	0.01313	0.03795	0.18819	0.25892	0.06950	0.09965	0.14057	0.04277	0.01832	0.01029	0.01280	0.00800	0.00509	0.00527	0.00156	0.01699	0.00460	0.00304	0.04995
4	0.00911	0.00733	0.00966	0.01159	0.14268	0.00713	0.00767	0.03161	0.07403	0.03647	0.03264	0.08893	0.31310	0.01119	0.00606	0.00187	0.00400	0.19486	0.00446	0.00561
5	0.00678	0.00523	0.00619	0.00595	0.00737	0.00464	0.00446	0.00875	0.01338	0.01787	0.48924	0.04279	0.34582	0.01150	0.00606	0.00166	0.00249	0.00990	0.00529	0.00464
6	0.00746	0.00497	0.00560	0.00560	0.00560	0.00497	0.00311	0.00746	0.00746	0.00995	0.01617	0.03358	0.01865	0.81967	0.02612	0.00497	0.00497	0.00746	0.00311	0.00311
7	0.00744	0.00506	0.00601	0.00601	0.00616	0.00520	0.00363	0.00773	0.00759	0.01026	0.01578	0.03146	0.01774	0.69642	0.14812	0.00549	0.00636	0.00715	0.00305	0.00334
8	0.00674	0.00482	0.00637	0.00744	0.00790	0.00460	0.00516	0.02667	0.01034	0.01376	0.02779	0.73833	0.03297	0.01568	0.00655	0.00209	0.00318	0.07054	0.00477	0.00433
9	0.01123	0.01123	0.01572	0.01347	0.01347	0.01572	0.01123	0.01235	0.00786	0.01235	0.00674	0.01123	0.00674	0.00898	0.01684	0.00225	0.81028	0.00449	0.00225	0.00561
10	0.00833	0.00571	0.00667	0.00634	0.00804	0.00510	0.00478	0.01050	0.04171	0.09061	0.27257	0.11067	0.38666	0.01163	0.00599	0.00171	0.00280	0.00995	0.00521	0.00504
11	0.01064	0.00912	0.01064	0.00760	0.01216	0.00684	0.00608	0.01292	0.01064	0.01672	0.00912	0.01064	0.00760	0.00380	0.00380	0.00076	0.00380	0.00304	0.00304	0.85104
12	0.00746	0.00497	0.00560	0.00560	0.00560	0.00497	0.00311	0.00746	0.00746	0.00995	0.01617	0.03358	0.01865	0.81967	0.02612	0.00497	0.00497	0.00746	0.00311	0.00311
13	0.01064	0.00912	0.01064	0.00760	0.01216	0.00684	0.00608	0.01292	0.01064	0.01672	0.00912	0.01064	0.00760	0.00380	0.00380	0.00076	0.00380	0.00304	0.00304	0.85104
14	0.01357	0.01129	0.01198	0.01047	0.01349	0.01290	0.00823	0.14374	0.62441	0.02314	0.05452	0.01895	0.01607	0.00700	0.00525	0.00170	0.00424	0.00577	0.00523	0.00807
15	0.01841	0.01357	0.01476	0.01149	0.01531	0.01506	0.00945	0.70215	0.02270	0.03050	0.01245	0.01302	0.00909	0.00906	0.07649	0.00214	0.00637	0.00470	0.00492	0.00835
16	0.01088	0.01934	0.39959	0.07104	0.02441	0.01203	0.31779	0.01585	0.01135	0.01607	0.01049	0.01438	0.00809	0.00510	0.00547	0.00171	0.00783	0.03906	0.00246	0.00706
17	0.00629	0.00517	0.00554	0.00552	0.00709	0.00442	0.00411	0.00778	0.01213	0.01506	0.18518	0.08285	0.61573	0.01268	0.00608	0.00173	0.00258	0.01072	0.00493	0.00442
18	0.00746	0.00497	0.00560	0.00560	0.00560	0.00497	0.00311	0.00746	0.00746	0.00995	0.01617	0.03358	0.01865	0.81967	0.02612	0.00497	0.00497	0.00746	0.00311	0.00311
19	0.00959	0.00874	0.01451	0.68031	0.06654	0.01064	0.01318	0.01277	0.01032	0.01355	0.01080	0.06841	0.00903	0.00589	0.00515	0.00170	0.00634	0.00525	0.04161	0.00566
20	0.01257	0.02141	0.53221	0.01411	0.02050	0.01168	0.08366	0.04405	0.07892	0.11405	0.01182	0.01271	0.00827	0.00524	0.00506	0.00164	0.00690	0.00437	0.00310	0.00775
21	0.00652	0.00466	0.00625	0.00738	0.00781	0.00439	0.00516	0.00764	0.01023	0.01364	0.05679	0.70062	0.03398	0.01565	0.00659	0.00210	0.00315	0.09838	0.00479	0.00426
22	0.05694	0.01680	0.24985	0.01153	0.01645	0.05177	0.01152	0.27865	0.01589	0.10229	0.01281	0.01333	0.03468	0.00638	0.02160	0.00164	0.00610	0.00436	0.00388	0.08353
23	0.01111	0.01028	0.01062	0.05682	0.01188	0.14231	0.00776	0.01274	0.01032	0.01446	0.04183	0.08793	0.01325	0.05002	0.03718	0.00209	0.24217	0.00565	0.22644	0.00513
24	0.66372	0.01001	0.00933	0.14885	0.01473	0.01171	0.00731	0.05290	0.00978	0.02174	0.00776	0.00948	0.00594	0.00490	0.00362	0.00161	0.00456	0.00319	0.00312	0.00574
25	0.06036	0.03549	0.20186	0.01040	0.01469	0.04043	0.01004	0.03015	0.24047	0.06428	0.08542	0.01598	0.01367	0.00594	0.00478	0.00148	0.00499	0.00476	0.00392	0.15087
26	0.01440	0.06553	0.15032	0.02802	0.07462	0.01225	0.19975	0.16458	0.01434	0.12309	0.02370	0.03555	0.02904	0.00568	0.00523	0.00157	0.00633	0.00522	0.00366	0.03713
27	0.00625	0.00470	0.00579	0.00659	0.00731	0.00424	0.00453	0.00732	0.01054	0.01365	0.06933	0.57355	0.23761	0.01499	0.00640	0.00197	0.00285	0.01333	0.00480	0.00424
28	0.00630	0.00450	0.00600	0.00711	0.00745	0.00420	0.00477	0.00727	0.01006	0.01347	0.06573	0.77782	0.03465	0.01580	0.00652	0.00206	0.00295	0.01432	0.00481	0.00420
29	0.01047	0.02055	0.49562	0.18011	0.04134	0.01207	0.10956	0.01548	0.01079	0.01550	0.00926	0.01184	0.00677	0.00499	0.00548	0.00167	0.03491	0.00427	0.00225	0.00706
30	0.75684	0.01045	0.00847	0.00735	0.01063	0.01203	0.00605	0.10457	0.01056	0.02412	0.00776	0.00881	0.00593	0.00493	0.00341	0.00158	0.00417	0.00300	0.00341	0.00593
31	0.00760	0.00548	0.00735	0.00769	0.00886	0.00523	0.00623	0.00989	0.01309	0.01787	0.41492	0.08599	0.05913	0.01236	0.00650	0.00195	0.00340	0.31651	0.00520	0.00475
32	0.00687	0.00465	0.00620	0.00718	0.00765	0.00431	0.00486	0.00787	0.01021	0.03999	0.06302	0.75307	0.03388	0.01549	0.00648	0.00205	0.00300	0.01402	0.00486	0.00435
33	0.13569	0.12053	0.05141	0.01073	0.02554	0.01363	0.00924	0.21191	0.01424	0.18689	0.01150	0.01216	0.00845	0.00617	0.00662	0.00162	0.14561	0.00416	0.01656	0.00733
34	0.01840	0.00829	0.01084	0.00864	0.01187	0.00756	0.00700	0.08780	0.01549	0.51231	0.22864	0.02271	0.02211	0.00747	0.00540	0.00159	0.00395	0.00624	0.00605	0.00767
35	0.01381	0.76051	0.02579	0.00898	0.01325	0.04064	0.00878	0.01610	0.04934	0.01256	0.00785	0.00881	0.00704	0.00454	0.00343	0.00114	0.00552	0.00291	0.00236	0.00665
36	0.00686	0.00508	0.00641	0.00640	0.00750	0.00462	0.00468	0.00879	0.01310	0.01796	0.51130	0.20214	0.16211	0.01205	0.00616	0.00173	0.00256	0.01063	0.00532	0.00462
37	0.00696	0.00523	0.00644	0.00614	0.00748	0.00471	0.00460	0.00909	0.01380	0.01887	0.59832	0.04114	0.23612	0.01113	0.00605	0.00164	0.00247	0.00967	0.00542	0.00471
38	0.79934	0.00984	0.00784	0.00691	0.01014	0.01124	0.00569	0.01576	0.00914	0.07521	0.00803	0.00896	0.00604	0.00487	0.00331	0.00159	0.00400	0.00294	0.00339	0.00577
39	0.00794	0.00552	0.00614	0.00603	0.00629	0.00567	0.00356	0.00924	0.07673	0.01098	0.01659	0.03228	0.01839	0.74665	0.02424	0.00468	0.00489	0.00731	0.00330	0.00356
40	0.01123	0.01123	0.01572	0.01347	0.01347	0.01572	0.01123	0.01235	0.00786	0.01235	0.00674	0.01123	0.00674	0.00898	0.01684	0.00225	0.81028	0.00449	0.00225	0.00561
41	0.11319	0.01074	0.01193	0.00978	0.01326	0.01143	0.00790	0.19160	0.25654	0.26472	0.04326	0.01651	0.01315	0.00646	0.00498	0.00163	0.00445	0.00511	0.00534	0.00804
42	0.00745	0.00502	0.00583	0.00583	0.00592	0.00510	0.00341	0.00761	0.00753	0.01013	0.01595	0.03237	0.01813	0.74949	0.09559	0.00527	0.00576	0.00729	0.00308	0.00324
43	0.01470	0.58168	0.05922	0.00982	0.01416	0.05742	0.00943	0.13536	0.04798	0.01592	0.00872	0.00955	0.00734	0.00485	0.00381	0.00123	0.00573	0.00326	0.00282	0.00701
44	0.01215	0.10365	0.01676	0.01265	0.01354	0.01601	0.01069	0.08073	0.00962	0.01410	0.00747	0.01122	0.00706	0.00898	0.03467	0.00221	0.62567	0.00433	0.00251	0.00598
45	0.02302	0.00873	0.01191	0.00913	0.01310	0.00754	0.00754	0.02501	0.01469	0.79122	0.02024	0.01746	0.01270	0.00635	0.00516	0.00159	0.00437	0.00516	0.00635	0.00873
46	0.00969	0.00912	0.01539	0.80734	0.03534	0.01140	0.01425	0.01311	0.01026	0.01311	0.00912	0.01368	0.00684	0.00513	0.00513	0.00171	0.00684	0.00456	0.00228	0.00570
47	0.01123	0.01123	0.01572	0.01347	0.01347	0.01572	0.01123	0.01235	0.00786	0.01235	0.00674	0.01123	0.00674	0.00898	0.01684	0.00225	0.81028	0.00449	0.00225	0.00561
48	0.00746	0.00497	0.00560	0.00560	0.00560	0.00497	0.00311	0.00746	0.00746	0.00995	0.01617	0.03358	0.01865	0.81967	0.02612	0.00497	0.00497	0.00746	0.00311	0.00311
49	0.00662	0.00523	0.00747	0.00778	0.00867	0.00480	0.05653	0.00781	0.01031	0.01346	0.03129	0.62513	0.16612	0.01473	0.00643	0.00200	0.00329	0.01334	0.00462	0.00438
50	0.01864	0.02137	0.01538	0.01324	0.01632	0.57098	0.04738	0.17324	0.04528	0.01711	0.00944	0.01048	0.00744	0.00548	0.00482	0.00140	0.00829	0.00380	0.00325	0.00664
51	0.02072	0.00927	0.01178	0.00917	0.01283	0.00867	0.00752	0.15270	0.01605	0.56897	0.05648	0.01772	0.01381	0.00650	0.00509	0.00155	0.00436	0.00524	0.06329	0.00827
52	0.06214	0.00752	0.00775	0.00675	0.00895	0.03342	0.00532	0.09891	0.01297	0.16258	0.01605	0.01712	0.01192	0.00597	0.00406	0.00133	0.00343	0.00467	0.52310	0.00603
53	0.01242	0.01147	0.01896	0.02812	0.68160	0.01155	0.01430	0.01594	0.04708	0.01719	0.01081	0.01358	0.00893	0.00481	0.00495	0.00150	0.00567	0.00465	0.07864	0.00783
54	0.00969	0.00912	0.01539	0.80734	0.03534	0.01140	0.01425	0.01311	0.01026	0.01311	0.00912	0.01368	0.00684	0.00513	0.00513	0.00171	0.00684	0.00456	0.00228	0.00570
55	0.00826	0.00578	0.00695	0.00675	0.00760	0.00579	0.00473	0.00912	0.00990	0.06538	0.06549	0.17043	0.23011	0.29288	0.01402	0.00295	0.07617	0.00928	0.00411	0.00432
56	0.00663	0.00473	0.00635	0.00751	0.00796	0.00449	0.00534	0.00776	0.01012	0.01342	0.02781	0.66567	0.03282	0.03418	0.00709	0.00220	0.00333	0.14364	0.00472	0.00424
57	0.85592	0.00992	0.00754	0.00675	0.00992	0.01151	0.00556	0.01508	0.00873	0.02302	0.00714	0.00834	0.00556	0.00476	0.00318	0.00159	0.00397	0.00278	0.00318	0.00556
58	0.00642	0.00468	0.00607	0.00699	0.00756	0.00433	0.00485	0.00756	0.01053	0.01395	0.09859	0.63462	0.11021	0.01518	0.00648	0.00202	0.00297	0.04791	0.00484	0.00427
59	0.01445	0.01377	0.04959	0.01177	0.03258	0.10351	0.03785	0.19053	0.33509	0.02158	0.01534	0.04207	0.01198	0.00633	0.00505	0.00155	0.00534	0.00516	0.00437	0.09210

[dist]
# distance from previous block
# <min> <max>
2	3

[block]
# block no. 10 follows, 48 sequences, length 14
# corresponding to MSA columns:
# 1641-1654
name=unknown_K
#
# <colnr> <probs for GDERKNQSTAVLIFYWHMCP>
#	G	D	E	R	K	N	Q	S	T	A	V	L	I	F	Y	W	H	M	C	P
0	0.05730	0.01434	0.01426	0.04830	0.01606	0.09451	0.00949	0.48972	0.15764	0.02704	0.01302	0.01311	0.00952	0.00610	0.00500	0.00156	0.00570	0.00461	0.00467	0.00805
1	0.00915	0.01049	0.11118	0.21775	0.10754	0.00899	0.09525	0.01206	0.01093	0.01478	0.07656	0.17006	0.07889	0.04577	0.00658	0.00190	0.00555	0.00752	0.00330	0.00576
2	0.02647	0.01078	0.04394	0.11435	0.10286	0.01042	0.14334	0.11049	0.04426	0.14990	0.10771	0.01825	0.01456	0.04496	0.00632	0.00178	0.00561	0.00565	0.03139	0.00698
3	0.75131	0.01174	0.00842	0.00756	0.01067	0.10997	0.00610	0.01576	0.00946	0.02171	0.00724	0.00845	0.00569	0.00483	0.00336	0.00155	0.00463	0.00284	0.00311	0.00561
4	0.66184	0.00928	0.00801	0.00701	0.01008	0.01031	0.00573	0.01575	0.01009	0.11880	0.09122	0.01266	0.01099	0.00557	0.00373	0.00159	0.00385	0.00377	0.00383	0.00588
5	0.01116	0.01207	0.00980	0.08039	0.01289	0.28869	0.00738	0.01246	0.01169	0.01297	0.02114	0.39754	0.07973	0.01101	0.00570	0.00175	0.00553	0.00938	0.00379	0.00495
6	0.00663	0.00544	0.00591	0.00616	0.00757	0.00494	0.00447	0.00884	0.07028	0.01423	0.04283	0.26565	0.51197	0.01341	0.00614	0.00183	0.00282	0.01151	0.00480	0.00458
7	0.70517	0.00903	0.00716	0.00649	0.00931	0.01032	0.00527	0.01441	0.00929	0.02241	0.04953	0.01127	0.00878	0.00522	0.00338	0.00154	0.00369	0.00337	0.10894	0.00542
8	0.00688	0.00501	0.00647	0.00658	0.00755	0.00460	0.00476	0.00876	0.01292	0.01787	0.50754	0.27434	0.09290	0.01234	0.00620	0.00176	0.00260	0.01099	0.00532	0.00460
9	0.01292	0.30766	0.14919	0.04022	0.03182	0.08045	0.14218	0.04422	0.04708	0.01492	0.00996	0.04634	0.00853	0.00544	0.00508	0.00148	0.03867	0.00443	0.00267	0.00676
10	0.00806	0.00604	0.00834	0.00815	0.00883	0.00697	0.00610	0.00961	0.04451	0.01193	0.01544	0.07418	0.04187	0.12662	0.41089	0.11163	0.08717	0.00632	0.00300	0.00433
11	0.16250	0.05807	0.06757	0.16898	0.13183	0.04874	0.10347	0.01443	0.01070	0.01623	0.01124	0.04781	0.01007	0.00624	0.00542	0.00169	0.03898	0.07069	0.01916	0.00620
12	0.49057	0.08634	0.01213	0.04009	0.06323	0.01321	0.00774	0.14600	0.06281	0.02272	0.00918	0.01022	0.00708	0.00512	0.00386	0.00154	0.00465	0.00348	0.00348	0.00654
13	0.01030	0.00953	0.01552	0.71362	0.06974	0.01165	0.01395	0.04190	0.03699	0.01428	0.00966	0.01377	0.00727	0.00520	0.00513	0.00170	0.00667	0.00460	0.00250	0.00601

[dist]
# distance from previous block
# <min> <max>
0	21

[block]
# block no. 11 follows, 48 sequences, length 29
# corresponding to MSA columns:
# 1676-1704
name=unknown_L
#
# <colnr> <probs for GDERKNQSTAVLIFYWHMCP>
#	G	D	E	R	K	N	Q	S	T	A	V	L	I	F	Y	W	H	M	C	P
0	0.06715	0.04379	0.01363	0.01193	0.03855	0.26311	0.00907	0.07596	0.31612	0.04256	0.01366	0.01377	0.01052	0.00617	0.00548	0.00158	0.05138	0.00450	0.00395	0.00714
1	0.00737	0.00522	0.00668	0.00631	0.00754	0.00482	0.00473	0.00975	0.01420	0.02027	0.71469	0.03750	0.06965	0.01029	0.00590	0.00159	0.00242	0.00905	0.05718	0.00482
2	0.00889	0.00595	0.00756	0.00761	0.00900	0.00582	0.00597	0.03741	0.03695	0.06080	0.22574	0.16720	0.09525	0.01337	0.05464	0.00225	0.00403	0.18104	0.06544	0.00510
3	0.00681	0.00523	0.00624	0.00598	0.00739	0.00465	0.00449	0.00882	0.01347	0.01806	0.51066	0.04246	0.32429	0.01143	0.00606	0.00166	0.00249	0.00986	0.00532	0.00465
4	0.01295	0.00947	0.01062	0.00935	0.01193	0.01042	0.00732	0.11432	0.38888	0.08770	0.12261	0.04626	0.01920	0.00978	0.06219	0.00213	0.00462	0.00627	0.05676	0.00722
5	0.00741	0.00590	0.00684	0.00710	0.00871	0.00556	0.00574	0.01020	0.07345	0.01545	0.09481	0.04893	0.42233	0.01271	0.00633	0.00193	0.00340	0.25352	0.00485	0.00480
6	0.01877	0.01456	0.01535	0.06991	0.01733	0.05972	0.01009	0.67304	0.02257	0.02982	0.01184	0.01225	0.00847	0.00604	0.00510	0.00154	0.00594	0.00454	0.00478	0.00835
7	0.01266	0.01330	0.01553	0.01338	0.01390	0.13284	0.01099	0.03615	0.00934	0.01298	0.00708	0.01096	0.00678	0.00834	0.01466	0.00209	0.66657	0.00432	0.00239	0.00576
8	0.00726	0.00524	0.00686	0.00646	0.00767	0.00484	0.00484	0.00968	0.01452	0.02058	0.78496	0.03833	0.04841	0.01049	0.00605	0.00161	0.00242	0.00928	0.00565	0.00484
9	0.47903	0.01163	0.01081	0.00879	0.01241	0.01298	0.00724	0.31235	0.01490	0.02633	0.00929	0.01003	0.00692	0.00526	0.00398	0.00152	0.00462	0.00352	0.00394	0.05445
10	0.00629	0.00515	0.00554	0.00556	0.00710	0.00441	0.00412	0.00775	0.01205	0.01497	0.17766	0.10244	0.60359	0.01278	0.00610	0.00174	0.00260	0.01083	0.00492	0.00441
11	0.01054	0.08362	0.73816	0.01421	0.02156	0.01252	0.01823	0.01619	0.01080	0.01595	0.00906	0.01065	0.00651	0.00484	0.00476	0.00159	0.00743	0.00372	0.00217	0.00751
12	0.09189	0.01149	0.01230	0.01206	0.12140	0.09666	0.00823	0.01781	0.14993	0.08570	0.01351	0.01408	0.03714	0.00529	0.00447	0.00129	0.00479	0.00422	0.00368	0.30405
13	0.02473	0.20489	0.10226	0.05046	0.07741	0.05424	0.02001	0.08082	0.19305	0.02981	0.02401	0.01393	0.02753	0.00597	0.00560	0.00155	0.06869	0.00449	0.00340	0.00715
14	0.01019	0.00761	0.03746	0.03127	0.01207	0.00697	0.06847	0.01330	0.07364	0.11960	0.10765	0.25441	0.05611	0.01300	0.06295	0.00235	0.00490	0.10776	0.00463	0.00567
15	0.00653	0.00502	0.00600	0.00633	0.00746	0.00449	0.00463	0.00804	0.01183	0.01536	0.22355	0.28133	0.33495	0.01338	0.00626	0.00184	0.00278	0.05081	0.00498	0.00443
