[name]
unknown

[dist]
# distance from previous block
# <min> <max>
0	71

[block]
# block no. 0 follows, 51 sequences, length 17
# corresponding to MSA columns:
# 81-97
name=unknown_A
#
# <colnr> <probs for GDERKNQSTAVLIFYWHMCP>
#	G	D	E	R	K	N	Q	S	T	A	V	L	I	F	Y	W	H	M	C	P
0	0.03324	0.00935	0.01044	0.03787	0.03872	0.08480	0.03428	0.11945	0.05421	0.03643	0.21763	0.10465	0.07100	0.01851	0.00555	0.00160	0.00434	0.05216	0.00429	0.06148
1	0.05717	0.01836	0.00929	0.00765	0.01017	0.00782	0.00601	0.08264	0.06419	0.17415	0.04990	0.06013	0.18754	0.07866	0.00725	0.00178	0.04643	0.00643	0.00436	0.12005
2	0.20076	0.05378	0.01456	0.05402	0.33426	0.04143	0.01033	0.02851	0.10364	0.03956	0.01287	0.01418	0.06152	0.00536	0.00444	0.00149	0.00499	0.00442	0.00314	0.00675
3	0.27952	0.01044	0.04097	0.07894	0.01364	0.05147	0.01888	0.01442	0.03837	0.04725	0.03666	0.01123	0.00834	0.00471	0.00414	0.00126	0.02330	0.00346	0.00310	0.30990
4	0.06282	0.05494	0.02000	0.06796	0.60146	0.01207	0.07998	0.01495	0.01092	0.01596	0.00901	0.01183	0.00747	0.00439	0.00475	0.00147	0.00593	0.00431	0.00244	0.00734
5	0.01129	0.01025	0.01801	0.38712	0.20616	0.01100	0.14979	0.01481	0.03250	0.06456	0.01006	0.01318	0.00762	0.00473	0.00502	0.00156	0.00636	0.00464	0.00265	0.03868
6	0.06816	0.03166	0.01274	0.01042	0.04799	0.00830	0.12938	0.05859	0.03416	0.04790	0.26646	0.07379	0.02203	0.00701	0.00503	0.00142	0.00419	0.00633	0.00403	0.16040
7	0.01222	0.01197	0.01751	0.10246	0.51283	0.06597	0.01329	0.01648	0.11877	0.01581	0.01041	0.01280	0.00849	0.00505	0.00553	0.00153	0.05441	0.00445	0.00275	0.00727
8	0.18899	0.00882	0.01103	0.00851	0.01228	0.00808	0.03445	0.02013	0.01229	0.50602	0.01504	0.01393	0.00994	0.00537	0.00441	0.00142	0.00418	0.00423	0.00490	0.12599
9	0.01165	0.01037	0.01568	0.23923	0.25794	0.02910	0.01223	0.05727	0.01065	0.05266	0.00942	0.01282	0.00773	0.00818	0.07085	0.00216	0.17861	0.00443	0.00264	0.00638
10	0.12764	0.00653	0.00757	0.00683	0.00869	0.00652	0.00529	0.01310	0.08863	0.10063	0.51245	0.02910	0.05092	0.00860	0.00525	0.00155	0.00287	0.00732	0.00509	0.00541
11	0.01288	0.00910	0.01521	0.08472	0.17116	0.00882	0.14793	0.01578	0.03963	0.21390	0.04705	0.13764	0.04295	0.00724	0.00538	0.00164	0.00512	0.02320	0.00399	0.00663
12	0.00928	0.00873	0.01474	0.81548	0.03385	0.01092	0.01365	0.01256	0.00983	0.01256	0.00873	0.01310	0.00655	0.00491	0.00491	0.00164	0.00655	0.00437	0.00218	0.00546
13	0.01405	0.00702	0.00977	0.04485	0.01147	0.00702	0.00683	0.01575	0.01099	0.37090	0.01827	0.04815	0.05946	0.05925	0.24981	0.00368	0.04643	0.00574	0.00436	0.00619
14	0.00702	0.00567	0.00831	0.00966	0.09063	0.00531	0.04081	0.00849	0.01046	0.01399	0.11073	0.49736	0.12731	0.01273	0.00601	0.00184	0.00335	0.03138	0.00434	0.00461
15	0.01193	0.01498	0.19647	0.07846	0.50935	0.03028	0.01525	0.05571	0.01161	0.01640	0.00921	0.01173	0.00734	0.00458	0.00482	0.00149	0.00626	0.00418	0.00247	0.00749
16	0.01765	0.02702	0.01426	0.04107	0.08866	0.12934	0.00949	0.28599	0.06481	0.21457	0.01289	0.01296	0.00918	0.00579	0.00534	0.00150	0.04314	0.00440	0.00435	0.00760

[dist]
# distance from previous block
# <min> <max>
0	1

[block]
# block no. 1 follows, 51 sequences, length 40
# corresponding to MSA columns:
# 99-138
name=unknown_B
#
# <colnr> <probs for GDERKNQSTAVLIFYWHMCP>
#	G	D	E	R	K	N	Q	S	T	A	V	L	I	F	Y	W	H	M	C	P
0	0.01072	0.04796	0.01529	0.20934	0.23753	0.01028	0.06105	0.01467	0.10035	0.04781	0.04508	0.07621	0.05588	0.00668	0.00515	0.00161	0.00526	0.03949	0.00329	0.00637
1	0.01229	0.02201	0.64385	0.01295	0.01953	0.01058	0.01597	0.01724	0.01111	0.17236	0.01093	0.01164	0.00741	0.00495	0.00472	0.00155	0.00665	0.00389	0.00288	0.00748
2	0.01331	0.00935	0.01100	0.00808	0.01228	0.00787	0.00654	0.11362	0.02391	0.14986	0.01109	0.01162	0.00835	0.00439	0.00404	0.00097	0.00396	0.00349	0.00373	0.59255
3	0.01182	0.01171	0.02105	0.02605	0.55009	0.01158	0.18930	0.01551	0.04800	0.01635	0.04267	0.01373	0.00966	0.00467	0.00512	0.00152	0.00616	0.00495	0.00269	0.00739
4	0.00622	0.00457	0.00584	0.00643	0.00712	0.00418	0.00448	0.00752	0.01084	0.01455	0.23500	0.51425	0.13370	0.01359	0.00609	0.00183	0.00266	0.01215	0.00479	0.00418
5	0.00976	0.00900	0.01109	0.09423	0.06405	0.07328	0.00816	0.04057	0.01170	0.01590	0.31114	0.02355	0.05748	0.04686	0.00886	0.00182	0.19722	0.00639	0.00370	0.00523
6	0.00992	0.02494	0.77150	0.01427	0.02144	0.01145	0.04801	0.01557	0.01042	0.01557	0.00886	0.01049	0.00627	0.00465	0.00471	0.00156	0.00730	0.00372	0.00209	0.00724
7	0.23530	0.08640	0.01231	0.00983	0.01263	0.41078	0.00767	0.01635	0.01152	0.01495	0.00883	0.06715	0.00802	0.00549	0.00403	0.00132	0.00639	0.00374	0.00280	0.07450
8	0.09990	0.01046	0.06724	0.00898	0.01262	0.00947	0.00768	0.03440	0.26711	0.21810	0.04559	0.01539	0.01233	0.00572	0.00454	0.00142	0.00412	0.00459	0.00449	0.16586
9	0.01205	0.01156	0.01975	0.06004	0.76762	0.01165	0.01503	0.01499	0.01114	0.01592	0.00922	0.01220	0.00774	0.00440	0.00487	0.00147	0.00587	0.00438	0.00242	0.00770
10	0.11626	0.01397	0.01455	0.01305	0.08061	0.20836	0.10489	0.14411	0.09248	0.06025	0.07501	0.01376	0.01130	0.00556	0.00473	0.00146	0.00596	0.00454	0.00365	0.02549
11	0.01442	0.00747	0.00932	0.00817	0.01053	0.00723	0.00634	0.09010	0.08950	0.32583	0.04579	0.25793	0.01943	0.00907	0.00528	0.00165	0.00368	0.01542	0.06625	0.00657
12	0.00626	0.00451	0.00599	0.00703	0.00752	0.00424	0.00497	0.00736	0.00986	0.01306	0.04823	0.66552	0.06702	0.01488	0.00631	0.00200	0.00304	0.11353	0.00458	0.00409
13	0.00666	0.00460	0.00567	0.00611	0.00676	0.00431	0.00419	0.00791	0.01036	0.01440	0.19587	0.39766	0.09881	0.11677	0.00823	0.00213	0.00289	0.01069	0.09190	0.00408
14	0.00615	0.00457	0.00576	0.00656	0.00725	0.00418	0.00462	0.00728	0.01023	0.01335	0.08669	0.55691	0.18940	0.01429	0.00618	0.00191	0.00285	0.06309	0.00462	0.00411
15	0.01041	0.00997	0.01720	0.50156	0.30620	0.01125	0.04610	0.01359	0.01039	0.01394	0.00897	0.01277	0.00703	0.00469	0.00493	0.00157	0.00637	0.00443	0.00229	0.00634
16	0.78941	0.00987	0.00787	0.00688	0.01000	0.01139	0.00567	0.08037	0.00963	0.02282	0.00727	0.00831	0.00558	0.00468	0.00320	0.00152	0.00394	0.00281	0.00320	0.00558
17	0.01282	0.01243	0.01180	0.04796	0.07908	0.17421	0.00831	0.11979	0.23333	0.01777	0.02050	0.02029	0.16965	0.00701	0.00496	0.00150	0.00510	0.00562	0.00396	0.04391
18	0.01193	0.01115	0.01805	0.16644	0.56173	0.01174	0.01396	0.04753	0.07830	0.01645	0.01019	0.01284	0.00821	0.00473	0.00489	0.00151	0.00578	0.00448	0.00271	0.00740
19	0.01150	0.00810	0.00866	0.00782	0.01000	0.00890	0.00607	0.05516	0.38683	0.05486	0.07372	0.01927	0.01596	0.00651	0.00450	0.00146	0.00330	0.00537	0.30556	0.00648
20	0.09706	0.01447	0.01351	0.01082	0.01440	0.13785	0.00875	0.51301	0.06505	0.02594	0.01104	0.01130	0.00810	0.00559	0.00462	0.00143	0.00563	0.00407	0.00429	0.04308
21	0.01111	0.10621	0.37094	0.01461	0.02024	0.01246	0.23305	0.04013	0.03391	0.01576	0.00928	0.01121	0.00699	0.00460	0.00508	0.00149	0.02834	0.00419	0.00244	0.06797
22	0.04547	0.12904	0.14346	0.04587	0.04882	0.02454	0.00951	0.11952	0.08691	0.07021	0.07059	0.04966	0.02780	0.04260	0.06313	0.00208	0.00567	0.00510	0.00356	0.00647
23	0.06946	0.00588	0.00732	0.00735	0.00878	0.00575	0.00590	0.03294	0.01242	0.05192	0.32929	0.10949	0.07761	0.01107	0.00589	0.00181	0.00334	0.24407	0.00485	0.00484
24	0.16239	0.01237	0.01180	0.04853	0.03106	0.17157	0.04018	0.09485	0.17821	0.03450	0.01399	0.10617	0.01237	0.00698	0.00498	0.00160	0.01947	0.03900	0.00376	0.00623
25	0.01393	0.10062	0.14451	0.01330	0.06466	0.11406	0.09947	0.08022	0.12737	0.09998	0.04137	0.01335	0.01013	0.00555	0.00538	0.00151	0.04965	0.00449	0.00343	0.00700
26	0.00893	0.00524	0.00695	0.00683	0.00805	0.00479	0.00502	0.01063	0.01211	0.13527	0.35779	0.33424	0.03495	0.01144	0.00581	0.00171	0.00283	0.01947	0.02298	0.00495
27	0.00620	0.00443	0.00593	0.00700	0.00740	0.00416	0.00485	0.00724	0.00977	0.01305	0.06069	0.72332	0.03275	0.01500	0.00630	0.00200	0.00297	0.07828	0.00460	0.00407
28	0.01058	0.01008	0.01723	0.42342	0.28872	0.01119	0.07722	0.01430	0.04802	0.01454	0.00975	0.01319	0.00762	0.00478	0.00493	0.00157	0.00621	0.00455	0.02567	0.00643
29	0.01359	0.65774	0.08713	0.00928	0.01366	0.03851	0.00932	0.09619	0.01151	0.01396	0.00754	0.00853	0.00652	0.00444	0.00350	0.00114	0.00553	0.00291	0.00241	0.00659
30	0.00623	0.00452	0.00591	0.00683	0.00739	0.00421	0.00481	0.00736	0.01009	0.01336	0.08782	0.62364	0.10026	0.01456	0.00624	0.00196	0.00293	0.08315	0.00462	0.00410
31	0.01073	0.00874	0.01333	0.49813	0.05765	0.01023	0.01135	0.08309	0.04368	0.06364	0.01207	0.08365	0.01011	0.00832	0.06261	0.00209	0.00631	0.00535	0.00304	0.00589
32	0.01226	0.00830	0.01248	0.19566	0.05011	0.00863	0.06010	0.08276	0.01242	0.17277	0.01842	0.05054	0.05177	0.00916	0.03187	0.00197	0.00544	0.20520	0.00405	0.00609
33	0.00695	0.00514	0.00634	0.00686	0.00778	0.00487	0.00507	0.03713	0.01084	0.01412	0.08851	0.36613	0.19388	0.07406	0.00757	0.00213	0.00328	0.15055	0.00452	0.00426
34	0.01151	0.01104	0.01781	0.08006	0.45813	0.03646	0.09590	0.04455	0.04805	0.01596	0.01226	0.12268	0.01133	0.00608	0.00516	0.00157	0.00574	0.00585	0.00293	0.00693
35	0.07914	0.01008	0.01390	0.01481	0.22797	0.00980	0.00953	0.12273	0.01408	0.42535	0.01468	0.01418	0.00996	0.00548	0.00478	0.00150	0.00477	0.00455	0.00470	0.00799
36	0.01091	0.00856	0.01013	0.00737	0.01157	0.00652	0.00588	0.01303	0.01044	0.07215	0.01009	0.03687	0.00844	0.00419	0.00382	0.00083	0.00365	0.00341	0.00319	0.76894
37	0.01223	0.25851	0.02581	0.04334	0.01270	0.14141	0.00839	0.01356	0.00966	0.04216	0.00926	0.01377	0.00877	0.12995	0.07471	0.00248	0.18122	0.00413	0.00251	0.00542
38	0.05434	0.00998	0.01121	0.00892	0.01227	0.06589	0.00725	0.15679	0.01512	0.47101	0.05415	0.01602	0.01248	0.00608	0.00474	0.00146	0.00447	0.00479	0.07547	0.00755
39	0.01161	0.01096	0.01814	0.04651	0.61266	0.01110	0.03850	0.01548	0.07889	0.01667	0.08042	0.01496	0.01182	0.00509	0.00499	0.00150	0.00545	0.00493	0.00292	0.00740

[dist]
# distance from previous block
# <min> <max>
0	1

[block]
# block no. 2 follows, 51 sequences, length 6
# corresponding to MSA columns:
# 140-145
name=unknown_C
#
# <colnr> <probs for GDERKNQSTAVLIFYWHMCP>
#	G	D	E	R	K	N	Q	S	T	A	V	L	I	F	Y	W	H	M	C	P
0	0.00837	0.00579	0.00722	0.00731	0.00834	0.00584	0.00541	0.03902	0.06801	0.04820	0.11868	0.22395	0.04780	0.18855	0.06527	0.00291	0.00441	0.13600	0.00430	0.00461
1	0.00657	0.00464	0.00613	0.00710	0.00752	0.00446	0.00505	0.00760	0.00948	0.01256	0.02513	0.54170	0.02942	0.13569	0.00917	0.00246	0.00349	0.17354	0.00432	0.00396
2	0.20693	0.08411	0.01292	0.00980	0.01302	0.15303	0.00805	0.25663	0.06665	0.06633	0.01155	0.01403	0.00927	0.00593	0.00440	0.00149	0.00541	0.05987	0.00387	0.00671
3	0.01118	0.01068	0.01818	0.29679	0.53766	0.01142	0.01459	0.01422	0.01073	0.01487	0.00907	0.01248	0.00737	0.00456	0.00488	0.00152	0.00608	0.00437	0.00235	0.00699
4	0.01192	0.01203	0.01761	0.28112	0.46472	0.09931	0.01400	0.01477	0.01105	0.01448	0.00890	0.01210	0.00723	0.00463	0.00483	0.00150	0.00640	0.00424	0.00236	0.00681
5	0.01676	0.02083	0.01407	0.15438	0.01849	0.66693	0.01023	0.01838	0.01320	0.01212	0.00780	0.00961	0.00637	0.00504	0.00452	0.00133	0.00845	0.00338	0.00247	0.00566

[dist]
# distance from previous block
# <min> <max>
0	1

[block]
# block no. 3 follows, 51 sequences, length 7
# corresponding to MSA columns:
# 147-153
name=unknown_D
#
# <colnr> <probs for GDERKNQSTAVLIFYWHMCP>
#	G	D	E	R	K	N	Q	S	T	A	V	L	I	F	Y	W	H	M	C	P
0	0.01197	0.33542	0.20487	0.01256	0.01732	0.03381	0.18721	0.01511	0.01081	0.04383	0.02893	0.03973	0.00919	0.00514	0.00447	0.00140	0.00630	0.02285	0.00257	0.00650
1	0.00652	0.00532	0.00573	0.00580	0.00720	0.00486	0.00422	0.00875	0.07591	0.01395	0.08671	0.17169	0.51480	0.05772	0.00689	0.00188	0.00278	0.01029	0.00456	0.00439
2	0.01065	0.01076	0.01156	0.12606	0.03338	0.16405	0.00859	0.01270	0.03011	0.01433	0.22331	0.05108	0.01926	0.05674	0.00903	0.00186	0.20210	0.00592	0.00334	0.00517
3	0.01214	0.00783	0.00966	0.00743	0.01094	0.00626	0.00589	0.01420	0.01155	0.19396	0.12397	0.06838	0.01558	0.00587	0.00441	0.00111	0.00352	0.00494	0.00409	0.48827
4	0.00727	0.00478	0.00567	0.00582	0.00593	0.00476	0.00357	0.00733	0.00754	0.01003	0.01636	0.06983	0.01869	0.65709	0.02215	0.07174	0.00462	0.07062	0.00311	0.00309
5	0.01246	0.51661	0.24606	0.01073	0.01582	0.01660	0.04592	0.05989	0.01094	0.01403	0.00783	0.00906	0.00646	0.00443	0.00381	0.00125	0.00597	0.00316	0.00228	0.00671
6	0.01346	0.56038	0.02115	0.00919	0.01284	0.09234	0.00847	0.06160	0.08650	0.01388	0.00999	0.01298	0.00901	0.00537	0.00385	0.00125	0.00542	0.06317	0.00278	0.00637

[dist]
# distance from previous block
# <min> <max>
0	3

[block]
# block no. 4 follows, 51 sequences, length 51
# corresponding to MSA columns:
# 157-207
name=unknown_E
#
# <colnr> <probs for GDERKNQSTAVLIFYWHMCP>
#	G	D	E	R	K	N	Q	S	T	A	V	L	I	F	Y	W	H	M	C	P
0	0.01266	0.01471	0.27314	0.01260	0.01745	0.00957	0.18034	0.04317	0.01211	0.17355	0.07233	0.01566	0.03138	0.00547	0.00497	0.00150	0.00582	0.00497	0.04552	0.06309
1	0.01519	0.01620	0.05138	0.01291	0.01633	0.28566	0.14237	0.11547	0.18466	0.05650	0.01326	0.01429	0.02890	0.00572	0.00496	0.00150	0.00670	0.01759	0.00361	0.00680
2	0.03126	0.01320	0.05457	0.04805	0.13657	0.01352	0.02657	0.47752	0.04030	0.02503	0.01125	0.01268	0.00848	0.00561	0.00506	0.00149	0.02029	0.01807	0.00405	0.04645
3	0.00705	0.00493	0.00622	0.00645	0.00751	0.00448	0.00474	0.00861	0.01162	0.04686	0.29279	0.31566	0.19247	0.01248	0.00599	0.00177	0.00275	0.05826	0.00491	0.00445
4	0.00993	0.02488	0.76729	0.01431	0.02147	0.01146	0.05215	0.01557	0.01043	0.01557	0.00887	0.01050	0.00628	0.00465	0.00472	0.00156	0.00731	0.00373	0.00209	0.00723
5	0.00759	0.00547	0.00695	0.08191	0.04707	0.00568	0.00457	0.00804	0.00760	0.01013	0.01455	0.02940	0.01632	0.71021	0.02215	0.00431	0.00498	0.00675	0.00288	0.00345
6	0.00612	0.00436	0.00580	0.00691	0.00723	0.00410	0.00468	0.00702	0.00944	0.01257	0.02670	0.76312	0.03187	0.03847	0.00683	0.00209	0.00299	0.05120	0.00451	0.00399
7	0.01309	0.00937	0.01026	0.00907	0.01167	0.01032	0.00714	0.11424	0.43543	0.10029	0.01897	0.05908	0.01497	0.00709	0.00490	0.00159	0.00385	0.03605	0.12547	0.00714
8	0.04934	0.05042	0.01925	0.01412	0.01798	0.01225	0.31951	0.06791	0.23809	0.11475	0.01377	0.01452	0.01012	0.00538	0.00546	0.00161	0.02932	0.00521	0.00381	0.00718
9	0.01246	0.01185	0.02008	0.02883	0.72487	0.01188	0.04768	0.05288	0.01180	0.01678	0.00940	0.01219	0.00780	0.00444	0.00491	0.00147	0.00592	0.00444	0.00256	0.00776
10	0.01693	0.02111	0.01342	0.01223	0.01448	0.69393	0.00925	0.01823	0.01305	0.01196	0.00806	0.00993	0.00689	0.00819	0.07971	0.00193	0.04922	0.00342	0.00252	0.00556
11	0.05172	0.79295	0.02491	0.00832	0.01247	0.01906	0.00827	0.01470	0.00991	0.01204	0.00683	0.00789	0.00626	0.00422	0.00315	0.00107	0.00519	0.00263	0.00214	0.00626
12	0.01498	0.00773	0.00901	0.00764	0.01025	0.00776	0.00607	0.05131	0.19240	0.30524	0.01800	0.01747	0.01282	0.00608	0.00441	0.00142	0.00348	0.00493	0.31214	0.00686
13	0.09214	0.01175	0.01285	0.01003	0.01371	0.01259	0.00824	0.48887	0.05173	0.17285	0.04674	0.01370	0.01070	0.00598	0.00477	0.00148	0.00480	0.00457	0.00495	0.02755
14	0.00645	0.00472	0.00610	0.00696	0.00748	0.00454	0.00476	0.00821	0.05534	0.01372	0.10283	0.69881	0.03286	0.01435	0.00615	0.00193	0.00286	0.01297	0.00467	0.00428
15	0.00712	0.00475	0.00537	0.00540	0.00541	0.00474	0.00302	0.00714	0.00721	0.00961	0.01579	0.05294	0.01825	0.80599	0.02452	0.00469	0.00471	0.00733	0.00302	0.00300
16	0.05039	0.00646	0.00831	0.00749	0.00965	0.00591	0.00585	0.01549	0.01185	0.35848	0.05558	0.24898	0.03328	0.00939	0.00524	0.00167	0.00349	0.05771	0.09869	0.00609
17	0.00641	0.00475	0.00582	0.00615	0.00700	0.00435	0.00435	0.00772	0.01091	0.01447	0.24488	0.31128	0.21238	0.09912	0.00803	0.00209	0.00288	0.03864	0.00463	0.00412
18	0.45905	0.00896	0.00923	0.00756	0.01096	0.00920	0.00623	0.01900	0.01110	0.39528	0.01286	0.01218	0.00860	0.00529	0.00395	0.00152	0.00398	0.00376	0.00450	0.00678
19	0.01805	0.01350	0.01461	0.01132	0.01503	0.01510	0.00934	0.71418	0.05458	0.02968	0.01190	0.01203	0.00855	0.00605	0.00542	0.00151	0.04168	0.00447	0.00480	0.00820
20	0.01356	0.01193	0.01463	0.01216	0.01369	0.02894	0.01005	0.26095	0.07253	0.01868	0.00924	0.01164	0.00772	0.00752	0.01145	0.00188	0.47924	0.00442	0.00327	0.00653
21	0.01640	0.01588	0.01325	0.01132	0.01439	0.27686	0.00887	0.27389	0.27783	0.02118	0.01317	0.01303	0.00993	0.00588	0.00478	0.00147	0.00604	0.00439	0.00415	0.00728
22	0.01216	0.01168	0.01995	0.03016	0.79664	0.01168	0.01508	0.01508	0.01119	0.01605	0.00924	0.01216	0.00778	0.00438	0.00487	0.00146	0.00584	0.00438	0.00243	0.00778
23	0.01216	0.01168	0.01995	0.03016	0.79664	0.01168	0.01508	0.01508	0.01119	0.01605	0.00924	0.01216	0.00778	0.00438	0.00487	0.00146	0.00584	0.00438	0.00243	0.00778
24	0.00928	0.00873	0.01474	0.81548	0.03385	0.01092	0.01365	0.01256	0.00983	0.01256	0.00873	0.01310	0.00655	0.00491	0.00491	0.00164	0.00655	0.00437	0.00218	0.00546
25	0.01019	0.00873	0.01019	0.00728	0.01165	0.00655	0.00582	0.01237	0.01019	0.01601	0.00873	0.01019	0.00728	0.00364	0.00364	0.00073	0.00364	0.00291	0.00291	0.85734
26	0.01603	0.11389	0.01641	0.01261	0.01526	0.54530	0.08159	0.01753	0.01246	0.01219	0.00800	0.01036	0.00697	0.04252	0.00623	0.00150	0.06934	0.00362	0.00247	0.00571
27	0.01802	0.02286	0.01398	0.01267	0.01509	0.77214	0.00955	0.01927	0.01364	0.01202	0.00754	0.00895	0.00634	0.00522	0.00495	0.00131	0.04504	0.00322	0.00251	0.00568
28	0.00617	0.00445	0.00573	0.00658	0.00710	0.00412	0.00450	0.00724	0.01001	0.01339	0.10357	0.63990	0.09914	0.02856	0.00647	0.00196	0.00282	0.02416	0.02007	0.00407
29	0.00724	0.00557	0.00657	0.00629	0.00771	0.00531	0.00472	0.01049	0.09819	0.01777	0.46253	0.07627	0.23264	0.01046	0.00568	0.00160	0.00256	0.00905	0.02449	0.00482
30	0.00644	0.00461	0.00574	0.00647	0.00692	0.00436	0.00439	0.00726	0.00923	0.01208	0.02670	0.46540	0.11594	0.21700	0.01093	0.00267	0.00344	0.08245	0.00416	0.00381
31	0.86201	0.00950	0.00722	0.00646	0.00950	0.01102	0.00532	0.01445	0.00836	0.02205	0.00684	0.00798	0.00532	0.00456	0.00304	0.00152	0.00380	0.00266	0.00304	0.00532
32	0.00928	0.00873	0.01474	0.81548	0.03385	0.01092	0.01365	0.01256	0.00983	0.01256	0.00873	0.01310	0.00655	0.00491	0.00491	0.00164	0.00655	0.00437	0.00218	0.00546
33	0.01144	0.00906	0.00984	0.00907	0.01144	0.01012	0.00700	0.02180	0.56711	0.05794	0.02205	0.11788	0.05000	0.00807	0.00516	0.00169	0.00366	0.02611	0.04359	0.00697
34	0.00730	0.00515	0.00629	0.00618	0.00633	0.00552	0.00392	0.00766	0.00730	0.00997	0.01463	0.02883	0.01632	0.64739	0.16272	0.00519	0.04640	0.00667	0.00288	0.00334
35	0.05200	0.74927	0.02427	0.00855	0.01261	0.06172	0.00833	0.01497	0.01012	0.01206	0.00687	0.00794	0.00626	0.00427	0.00322	0.00108	0.00538	0.00266	0.00217	0.00623
36	0.52763	0.01078	0.01001	0.09077	0.05017	0.08476	0.00756	0.03145	0.00940	0.01873	0.00764	0.00969	0.00619	0.00672	0.04804	0.00190	0.06696	0.00327	0.00283	0.00551
37	0.01146	0.01213	0.04607	0.07965	0.03611	0.03013	0.20282	0.04741	0.06914	0.01458	0.00894	0.01217	0.00746	0.00662	0.01041	0.00186	0.38958	0.00474	0.00258	0.00613
38	0.00637	0.00499	0.00581	0.00617	0.00730	0.00455	0.00448	0.00817	0.04356	0.01415	0.12896	0.32442	0.36705	0.01302	0.00598	0.00179	0.00274	0.04150	0.00468	0.00432
39	0.00623	0.00444	0.00595	0.00706	0.00744	0.00419	0.00491	0.00722	0.00958	0.01273	0.02676	0.72313	0.03176	0.02988	0.00667	0.00208	0.00307	0.09833	0.00453	0.00403
40	0.01314	0.83025	0.02575	0.00841	0.01261	0.01945	0.00841	0.01472	0.00999	0.01156	0.00683	0.00788	0.00631	0.00420	0.00315	0.00105	0.00526	0.00263	0.00210	0.00631
41	0.00889	0.00566	0.00770	0.00814	0.00948	0.00541	0.00678	0.01095	0.01186	0.09360	0.16251	0.12024	0.06135	0.01233	0.00634	0.00201	0.00386	0.45317	0.00484	0.00486
42	0.00820	0.00526	0.00656	0.00649	0.00770	0.00485	0.00485	0.00977	0.01149	0.08575	0.26559	0.13347	0.17048	0.12744	0.00858	0.00216	0.00321	0.10657	0.02704	0.00455
43	0.00986	0.02542	0.80183	0.01401	0.02127	0.01141	0.01816	0.01556	0.01038	0.01556	0.00882	0.01038	0.00623	0.00467	0.00467	0.00156	0.00726	0.00363	0.00208	0.00726
44	0.00671	0.00471	0.00583	0.00639	0.00687	0.00451	0.00437	0.00761	0.00936	0.01247	0.07498	0.34724	0.08658	0.27736	0.01228	0.00285	0.00360	0.10072	0.02177	0.00379
45	0.65999	0.01088	0.06598	0.00755	0.01099	0.01108	0.00669	0.08213	0.01019	0.07034	0.00835	0.00920	0.00620	0.00480	0.00345	0.00151	0.00419	0.00306	0.01752	0.00590
46	0.00678	0.00487	0.00590	0.00582	0.00660	0.00456	0.00398	0.00809	0.01100	0.01498	0.38026	0.10405	0.13649	0.27147	0.01197	0.00263	0.00317	0.00897	0.00445	0.00399
47	0.01110	0.03441	0.11661	0.04542	0.01322	0.00974	0.00857	0.17922	0.14466	0.02927	0.12530	0.18964	0.02007	0.00854	0.00527	0.00165	0.00437	0.02444	0.02221	0.00631
48	0.08885	0.10226	0.08866	0.14430	0.01877	0.32877	0.06834	0.05288	0.01221	0.02891	0.00833	0.01016	0.00656	0.00490	0.00457	0.00141	0.01785	0.00361	0.00260	0.00607
49	0.00809	0.00624	0.04124	0.00701	0.00816	0.00576	0.00531	0.00940	0.00868	0.05077	0.08651	0.02504	0.01714	0.34254	0.30925	0.00512	0.00766	0.00614	0.00319	0.04675
50	0.17135	0.01171	0.05453	0.09804	0.50823	0.01150	0.04539	0.01478	0.01051	0.01682	0.00875	0.01143	0.00712	0.00447	0.00456	0.00150	0.00569	0.00408	0.00251	0.00703

[dist]
# distance from previous block
# <min> <max>
3	57

[block]
# block no. 5 follows, 51 sequences, length 15
# corresponding to MSA columns:
# 267-281
name=unknown_F
#
# <colnr> <probs for GDERKNQSTAVLIFYWHMCP>
#	G	D	E	R	K	N	Q	S	T	A	V	L	I	F	Y	W	H	M	C	P
0	0.01369	0.01275	0.07719	0.02332	0.52111	0.05074	0.01331	0.01754	0.07842	0.12640	0.01148	0.01303	0.00883	0.00487	0.00485	0.00148	0.00570	0.00444	0.00314	0.00772
1	0.01209	0.01087	0.01712	0.02377	0.55670	0.01083	0.01285	0.08729	0.01226	0.01731	0.01153	0.01734	0.01035	0.00560	0.00500	0.00150	0.00544	0.09873	0.00297	0.08045
2	0.01457	0.00903	0.01517	0.23216	0.03820	0.00901	0.14909	0.01727	0.01197	0.32536	0.01541	0.05146	0.01188	0.00639	0.00530	0.00166	0.00559	0.06967	0.00408	0.00674
3	0.00804	0.00607	0.00715	0.00628	0.00847	0.00505	0.00476	0.00982	0.01140	0.04323	0.21116	0.13357	0.23716	0.00929	0.00514	0.00139	0.00287	0.00797	0.03417	0.24701
4	0.86201	0.00950	0.00722	0.00646	0.00950	0.01102	0.00532	0.01445	0.00836	0.02205	0.00684	0.00798	0.00532	0.00456	0.00304	0.00152	0.00380	0.00266	0.00304	0.00532
5	0.01676	0.01286	0.01534	0.01195	0.01568	0.01400	0.08260	0.60350	0.05910	0.02760	0.01325	0.01601	0.01031	0.00643	0.00517	0.00157	0.00553	0.06986	0.00465	0.00783
6	0.01187	0.01156	0.02028	0.09685	0.66446	0.01168	0.08095	0.01492	0.01111	0.01573	0.00926	0.01234	0.00765	0.00440	0.00495	0.00149	0.00611	0.00450	0.00242	0.00748
7	0.01037	0.00889	0.01027	0.00751	0.01174	0.00704	0.00599	0.01356	0.07738	0.01641	0.00971	0.01089	0.00795	0.00390	0.00376	0.00081	0.00366	0.00314	0.00309	0.78393
8	0.01145	0.00634	0.00730	0.00696	0.00864	0.02131	0.00553	0.06514	0.01193	0.14319	0.01927	0.11831	0.01736	0.00837	0.00475	0.00154	0.00341	0.14695	0.38685	0.00539
9	0.00715	0.00509	0.00610	0.00648	0.00700	0.00503	0.00445	0.00841	0.04077	0.01184	0.02281	0.19151	0.08962	0.41671	0.01556	0.00337	0.00412	0.14645	0.00379	0.00376
10	0.00691	0.00530	0.00710	0.00689	0.00807	0.00490	0.03529	0.02631	0.01212	0.01642	0.37197	0.29298	0.16347	0.01185	0.00593	0.00171	0.00283	0.01056	0.00487	0.00451
11	0.00715	0.00476	0.00536	0.00536	0.00536	0.00476	0.00298	0.00715	0.00715	0.00953	0.01548	0.03216	0.01787	0.82729	0.02501	0.00476	0.00476	0.00715	0.00298	0.00298
12	0.01132	0.00935	0.04115	0.01051	0.01333	0.00888	0.14714	0.09164	0.15006	0.08819	0.29172	0.05857	0.02426	0.00758	0.00543	0.00159	0.00435	0.00690	0.02171	0.00631
13	0.78150	0.00991	0.00794	0.00693	0.01005	0.01143	0.00571	0.08755	0.00977	0.02290	0.00732	0.00835	0.00561	0.00469	0.00322	0.00152	0.00395	0.00283	0.00322	0.00561
14	0.01430	0.58749	0.09974	0.00932	0.01368	0.06304	0.00932	0.03560	0.01106	0.10415	0.00866	0.00931	0.00703	0.00456	0.00363	0.00118	0.00554	0.00307	0.00266	0.00666

[dist]
# distance from previous block
# <min> <max>
0	1

[block]
# block no. 6 follows, 51 sequences, length 6
# corresponding to MSA columns:
# 283-288
name=unknown_G
#
# <colnr> <probs for GDERKNQSTAVLIFYWHMCP>
#	G	D	E	R	K	N	Q	S	T	A	V	L	I	F	Y	W	H	M	C	P
0	0.00835	0.00433	0.00627	0.00627	0.00627	0.00433	0.00410	0.00650	0.00650	0.00867	0.00945	0.01720	0.00976	0.12326	0.01997	0.74532	0.00433	0.00465	0.00224	0.00224
1	0.05374	0.22337	0.28807	0.01242	0.01740	0.01394	0.11312	0.08648	0.04422	0.04943	0.00944	0.01076	0.00719	0.00492	0.00496	0.00146	0.04554	0.00386	0.00274	0.00692
2	0.01464	0.01129	0.01569	0.05280	0.09476	0.04681	0.13742	0.18521	0.10217	0.14599	0.01361	0.04062	0.01041	0.00745	0.04656	0.00189	0.02918	0.00516	0.03121	0.00714
3	0.04895	0.27688	0.11571	0.01006	0.01368	0.14500	0.02463	0.08443	0.02883	0.03408	0.07004	0.01443	0.06787	0.00590	0.00478	0.00137	0.03977	0.00429	0.00306	0.00623
4	0.04308	0.07574	0.44804	0.01167	0.01730	0.03281	0.01330	0.09728	0.01212	0.07110	0.04324	0.01177	0.00866	0.00500	0.00449	0.00142	0.00607	0.00384	0.00293	0.09016
5	0.01379	0.07662	0.08831	0.03579	0.06806	0.10056	0.04419	0.01790	0.12846	0.18730	0.04230	0.05188	0.06878	0.00641	0.00484	0.00148	0.00515	0.00533	0.00393	0.04893

[dist]
# distance from previous block
# <min> <max>
0	2

[block]
# block no. 7 follows, 51 sequences, length 25
# corresponding to MSA columns:
# 291-315
name=unknown_H
#
# <colnr> <probs for GDERKNQSTAVLIFYWHMCP>
#	G	D	E	R	K	N	Q	S	T	A	V	L	I	F	Y	W	H	M	C	P
0	0.00844	0.00601	0.00764	0.00756	0.00838	0.00664	0.00564	0.01080	0.07949	0.03538	0.01749	0.12892	0.01785	0.21999	0.17970	0.00384	0.07351	0.09125	0.08694	0.00452
1	0.02882	0.01055	0.06297	0.09711	0.21053	0.00967	0.15626	0.02354	0.03275	0.08831	0.03942	0.02242	0.08580	0.00675	0.00537	0.00166	0.00562	0.10258	0.00340	0.00646
2	0.01142	0.01096	0.01647	0.21654	0.42923	0.04889	0.01294	0.01565	0.11091	0.01540	0.01142	0.05803	0.00971	0.00545	0.00495	0.00155	0.00574	0.00500	0.00283	0.00691
3	0.00652	0.00452	0.00590	0.00672	0.00725	0.00419	0.00460	0.00753	0.00992	0.03191	0.08499	0.65348	0.07777	0.04461	0.00688	0.00204	0.00293	0.02951	0.00460	0.00413
4	0.01130	0.01159	0.02211	0.20490	0.33832	0.01178	0.29727	0.01475	0.01103	0.01514	0.00939	0.01278	0.00738	0.00441	0.00522	0.00157	0.00691	0.00490	0.00240	0.00683
5	0.01840	0.02224	0.01403	0.01249	0.01520	0.71050	0.00948	0.11281	0.01505	0.01435	0.00811	0.00922	0.00658	0.00517	0.00449	0.00129	0.00844	0.00332	0.00282	0.00602
6	0.00638	0.00472	0.00580	0.00644	0.00716	0.00437	0.00457	0.00746	0.00999	0.01292	0.06723	0.39856	0.21435	0.12293	0.00871	0.00230	0.00320	0.10454	0.00439	0.00399
7	0.00630	0.00449	0.00572	0.00656	0.00694	0.00424	0.00440	0.00710	0.00922	0.01215	0.02641	0.57866	0.08172	0.16714	0.00978	0.00251	0.00328	0.05527	0.00426	0.00384
8	0.00707	0.00518	0.00701	0.00711	0.00824	0.00471	0.03804	0.00848	0.01085	0.04485	0.13856	0.41764	0.21292	0.01299	0.00605	0.00184	0.00308	0.05631	0.00465	0.00444
9	0.01314	0.83025	0.02575	0.00841	0.01261	0.01945	0.00841	0.01472	0.00999	0.01156	0.00683	0.00788	0.00631	0.00420	0.00315	0.00105	0.00526	0.00263	0.00210	0.00631
10	0.00767	0.00557	0.00652	0.00663	0.00744	0.00563	0.00463	0.00997	0.11121	0.01280	0.05528	0.12837	0.12924	0.32136	0.01415	0.06695	0.00394	0.09470	0.00387	0.00408
11	0.00702	0.00484	0.00599	0.00609	0.00632	0.00503	0.00386	0.00751	0.00751	0.01022	0.01589	0.09426	0.01774	0.57235	0.20980	0.00528	0.00661	0.00726	0.00303	0.00340
12	0.00945	0.00891	0.01505	0.76814	0.07983	0.01096	0.01373	0.01271	0.00991	0.01277	0.00877	0.01305	0.00663	0.00488	0.00491	0.00163	0.00651	0.00437	0.00220	0.00560
13	0.75286	0.01033	0.06152	0.00696	0.01018	0.01067	0.00616	0.01421	0.00883	0.02147	0.05382	0.00986	0.00783	0.00490	0.00332	0.00152	0.00395	0.00310	0.00312	0.00541
14	0.01243	0.28086	0.07860	0.06496	0.01508	0.01338	0.04724	0.01832	0.24123	0.07436	0.05976	0.01430	0.01185	0.00549	0.00439	0.00139	0.00492	0.00441	0.00352	0.04350
15	0.00885	0.09177	0.10205	0.00831	0.01175	0.00785	0.05962	0.01130	0.01125	0.01553	0.16934	0.02439	0.20788	0.00724	0.00480	0.00130	0.00400	0.00614	0.00359	0.24303
16	0.00789	0.00583	0.00723	0.00664	0.00807	0.00565	0.00505	0.05652	0.05395	0.02018	0.67827	0.03468	0.07165	0.00972	0.00570	0.00155	0.00259	0.00851	0.00533	0.00500
17	0.04596	0.21494	0.14221	0.08018	0.06559	0.10358	0.14792	0.05012	0.06020	0.01526	0.00917	0.01091	0.00723	0.00467	0.00445	0.00140	0.00649	0.00393	0.00260	0.02318
18	0.05611	0.01300	0.06742	0.05141	0.23105	0.05635	0.07974	0.18212	0.03843	0.10911	0.01107	0.01231	0.00822	0.00500	0.00477	0.00146	0.00577	0.00433	0.00350	0.05883
19	0.05815	0.00514	0.00606	0.00612	0.00733	0.00479	0.00453	0.00853	0.01185	0.01654	0.37209	0.20808	0.22905	0.01157	0.00576	0.00169	0.00263	0.03085	0.00485	0.00441
20	0.01560	0.12112	0.01365	0.01027	0.01297	0.39290	0.00811	0.05510	0.03535	0.10288	0.08204	0.01511	0.05149	0.00789	0.05299	0.00173	0.00691	0.00443	0.00343	0.00602
21	0.05924	0.00549	0.00673	0.00696	0.00799	0.00536	0.00499	0.05509	0.01144	0.04238	0.20948	0.49592	0.04530	0.01252	0.00583	0.00181	0.00297	0.01112	0.00475	0.00464
22	0.01549	0.01060	0.01502	0.01699	0.28383	0.02296	0.03614	0.12162	0.09123	0.23968	0.01566	0.01759	0.03278	0.00608	0.00507	0.00156	0.00508	0.05073	0.00424	0.00766
23	0.75218	0.00926	0.00740	0.00673	0.00958	0.01068	0.00544	0.01478	0.06172	0.02137	0.00897	0.05800	0.00763	0.00536	0.00337	0.00156	0.00375	0.00354	0.00327	0.00541
24	0.00594	0.00446	0.00552	0.00636	0.00700	0.00403	0.00435	0.00690	0.00987	0.01273	0.03294	0.62364	0.22917	0.01463	0.00615	0.00191	0.00276	0.01304	0.00456	0.00403

[dist]
# distance from previous block
# <min> <max>
0	3

[block]
# block no. 8 follows, 51 sequences, length 6
# corresponding to MSA columns:
# 319-324
name=unknown_I
#
# <colnr> <probs for GDERKNQSTAVLIFYWHMCP>
#	G	D	E	R	K	N	Q	S	T	A	V	L	I	F	Y	W	H	M	C	P
0	0.00704	0.00560	0.00644	0.00658	0.00799	0.00532	0.00502	0.00998	0.10020	0.01527	0.16666	0.16795	0.35772	0.01199	0.00591	0.00177	0.00294	0.10620	0.00475	0.00467
1	0.00960	0.00704	0.00975	0.00818	0.01017	0.00683	0.07550	0.11216	0.01468	0.05294	0.53084	0.03006	0.05981	0.00870	0.00555	0.00153	0.00335	0.00773	0.04014	0.00544
2	0.00772	0.00480	0.00553	0.00540	0.00616	0.00466	0.00369	0.00924	0.01047	0.01581	0.28372	0.02936	0.02602	0.28666	0.01159	0.00251	0.00314	0.00694	0.27253	0.00405
3	0.07254	0.01056	0.01129	0.00963	0.01262	0.01179	0.00765	0.19179	0.43935	0.08149	0.08334	0.01761	0.01532	0.00660	0.00491	0.00159	0.00411	0.00534	0.00496	0.00751
4	0.01617	0.00782	0.03703	0.00829	0.01109	0.00664	0.00686	0.04278	0.01262	0.46471	0.02098	0.12332	0.05670	0.00886	0.00623	0.06131	0.00404	0.06327	0.03457	0.00669
5	0.01106	0.00709	0.00879	0.06329	0.01113	0.00731	0.00637	0.05175	0.15421	0.12970	0.13231	0.05219	0.09620	0.04673	0.00783	0.10238	0.00383	0.05461	0.04767	0.00554

[dist]
# distance from previous block
# <min> <max>
1	18

[block]
# block no. 9 follows, 51 sequences, length 15
# corresponding to MSA columns:
# 343-357
name=unknown_J
#
# <colnr> <probs for GDERKNQSTAVLIFYWHMCP>
#	G	D	E	R	K	N	Q	S	T	A	V	L	I	F	Y	W	H	M	C	P
0	0.11384	0.13275	0.13751	0.00956	0.02886	0.12158	0.00866	0.03933	0.02089	0.02794	0.05065	0.06773	0.07068	0.00612	0.00432	0.00133	0.00511	0.00473	0.00311	0.14530
1	0.01026	0.00912	0.01339	0.22092	0.23620	0.00984	0.01063	0.04701	0.13288	0.01582	0.01696	0.10839	0.07878	0.00718	0.00517	0.00162	0.00496	0.03537	0.00339	0.03208
2	0.00640	0.00499	0.00573	0.00555	0.00690	0.00440	0.00412	0.00809	0.01226	0.01608	0.39308	0.04167	0.41087	0.05013	0.00672	0.00175	0.00252	0.00953	0.00488	0.00432
3	0.01021	0.00746	0.00975	0.00887	0.00993	0.00862	0.00684	0.10334	0.01054	0.07454	0.04276	0.17427	0.01638	0.12362	0.18992	0.00360	0.18364	0.00699	0.00359	0.00513
4	0.00770	0.00638	0.01008	0.00859	0.00990	0.00605	0.15076	0.00912	0.00982	0.01323	0.15941	0.13339	0.08245	0.35540	0.01399	0.00300	0.00457	0.00834	0.00365	0.00419
5	0.01106	0.00985	0.01531	0.62062	0.02965	0.03497	0.05254	0.07226	0.01118	0.05198	0.00943	0.01297	0.00700	0.00514	0.00536	0.00163	0.03614	0.00444	0.00261	0.00589
6	0.01277	0.01133	0.01197	0.01000	0.01253	0.08456	0.00799	0.16001	0.19187	0.01915	0.08435	0.01509	0.01283	0.00648	0.00677	0.00149	0.15508	0.00470	0.03409	0.15694
7	0.00809	0.00690	0.00852	0.00831	0.00919	0.06788	0.00637	0.00963	0.00828	0.01132	0.01258	0.01915	0.01200	0.09984	0.63890	0.00683	0.05396	0.00521	0.00263	0.00442
8	0.01247	0.00946	0.01191	0.15190	0.01553	0.01084	0.00859	0.25647	0.05077	0.05635	0.05854	0.04167	0.01282	0.10735	0.08599	0.00262	0.09140	0.00544	0.00377	0.00613
9	0.00709	0.00528	0.00598	0.00609	0.00741	0.00497	0.00456	0.00962	0.07037	0.01556	0.16666	0.17720	0.32219	0.01130	0.00558	0.00167	0.00273	0.05531	0.11589	0.00456
10	0.04849	0.17913	0.03953	0.17101	0.22292	0.05037	0.01114	0.01676	0.03881	0.16048	0.01073	0.01216	0.00810	0.00489	0.00444	0.00143	0.00558	0.00401	0.00311	0.00692
11	0.00651	0.00456	0.00581	0.00642	0.00667	0.00450	0.00416	0.00716	0.00844	0.01134	0.02144	0.45434	0.02510	0.30869	0.09855	0.00362	0.00464	0.01060	0.00379	0.00367
12	0.03823	0.01096	0.01765	0.12235	0.47709	0.01153	0.04897	0.01642	0.09835	0.06230	0.01084	0.01311	0.00856	0.00496	0.00531	0.00155	0.03705	0.00455	0.00292	0.00731
13	0.01076	0.01006	0.01670	0.18481	0.50628	0.01035	0.01305	0.01347	0.01065	0.01495	0.01115	0.10482	0.01032	0.00570	0.00496	0.00151	0.00551	0.00538	0.00265	0.05691
14	0.13868	0.11889	0.01390	0.00988	0.01317	0.15391	0.00811	0.29063	0.07417	0.05295	0.07018	0.01281	0.01084	0.00572	0.00441	0.00141	0.00537	0.00416	0.00395	0.00686

[dist]
# distance from previous block
# <min> <max>
1	25

[block]
# block no. 10 follows, 51 sequences, length 40
# corresponding to MSA columns:
# 383-422
name=unknown_K
#
# <colnr> <probs for GDERKNQSTAVLIFYWHMCP>
#	G	D	E	R	K	N	Q	S	T	A	V	L	I	F	Y	W	H	M	C	P
0	0.01334	0.03496	0.01540	0.06536	0.29701	0.05061	0.01087	0.18632	0.13920	0.02929	0.09563	0.01554	0.01308	0.00577	0.00493	0.00150	0.00520	0.00496	0.00374	0.00730
1	0.01066	0.00812	0.01017	0.02749	0.01095	0.00930	0.00721	0.06155	0.12527	0.08547	0.17106	0.08821	0.10990	0.00902	0.00809	0.00175	0.20893	0.00695	0.03414	0.00575
2	0.01019	0.00873	0.01019	0.00728	0.01165	0.00655	0.00582	0.01237	0.01019	0.01601	0.00873	0.01019	0.00728	0.00364	0.00364	0.00073	0.00364	0.00291	0.00291	0.85734
3	0.01079	0.07580	0.01302	0.28860	0.06447	0.06745	0.00954	0.03160	0.03662	0.06589	0.13125	0.10909	0.03854	0.00727	0.00536	0.00158	0.02782	0.00616	0.00345	0.00569
4	0.00821	0.00647	0.00791	0.00666	0.00897	0.00556	0.00513	0.01090	0.04299	0.01833	0.48146	0.02746	0.05304	0.00785	0.00505	0.00128	0.00282	0.00681	0.00454	0.28856
5	0.01059	0.10165	0.24039	0.04269	0.01557	0.06922	0.08063	0.01351	0.01035	0.05945	0.02987	0.12358	0.01257	0.05480	0.11111	0.00255	0.00699	0.00571	0.00292	0.00587
6	0.00599	0.00428	0.00570	0.00684	0.00713	0.00399	0.00456	0.00684	0.00941	0.01254	0.02709	0.82409	0.03250	0.01540	0.00627	0.00200	0.00285	0.01397	0.00456	0.00399
7	0.01081	0.19447	0.23727	0.05822	0.05385	0.03061	0.01102	0.01636	0.17816	0.01550	0.05447	0.01683	0.09038	0.00607	0.00460	0.00147	0.00529	0.00484	0.00317	0.00660
8	0.01072	0.09123	0.29416	0.07007	0.01655	0.03263	0.01114	0.03074	0.01084	0.04493	0.04116	0.06875	0.01025	0.00541	0.00443	0.00130	0.00540	0.00438	0.00285	0.24305
9	0.01122	0.00782	0.00936	0.00899	0.01093	0.00825	0.00762	0.23228	0.01455	0.01997	0.02034	0.03698	0.02006	0.01012	0.00572	0.00186	0.00443	0.42454	0.13934	0.00564
10	0.86201	0.00950	0.00722	0.00646	0.00950	0.01102	0.00532	0.01445	0.00836	0.02205	0.00684	0.00798	0.00532	0.00456	0.00304	0.00152	0.00380	0.00266	0.00304	0.00532
11	0.01057	0.00858	0.01028	0.00797	0.03681	0.00664	0.00602	0.01264	0.01021	0.04858	0.00959	0.01181	0.00812	0.05193	0.00498	0.00102	0.00380	0.00329	0.00303	0.74411
12	0.01307	0.28399	0.01791	0.23160	0.01891	0.07186	0.01001	0.10569	0.01176	0.04766	0.00863	0.01064	0.00695	0.00508	0.00517	0.00137	0.07600	0.00362	0.00272	0.06735
13	0.00762	0.00507	0.00650	0.00703	0.00759	0.00500	0.00506	0.00874	0.02627	0.03409	0.02153	0.26148	0.02420	0.29688	0.01346	0.04265	0.00410	0.21489	0.00394	0.00390
14	0.01327	0.62808	0.02262	0.00970	0.04562	0.05363	0.00860	0.04585	0.07941	0.01359	0.03389	0.01012	0.00852	0.00472	0.00360	0.00116	0.00523	0.00326	0.00261	0.00650
15	0.00735	0.00478	0.00623	0.00693	0.00751	0.00452	0.00485	0.00831	0.00958	0.05837	0.02510	0.53360	0.04593	0.14927	0.00936	0.00245	0.00344	0.10387	0.00438	0.00415
16	0.03174	0.05493	0.10944	0.01315	0.07482	0.01149	0.12442	0.08345	0.20925	0.06056	0.08479	0.01711	0.01369	0.00718	0.03259	0.00181	0.03434	0.02454	0.00378	0.00692
17	0.00650	0.00478	0.00566	0.00600	0.00674	0.00443	0.00413	0.00749	0.00992	0.01288	0.11758	0.25034	0.23947	0.23740	0.01129	0.00263	0.00333	0.06135	0.00422	0.00387
18	0.00937	0.00883	0.01509	0.76981	0.03300	0.01086	0.04270	0.01266	0.00990	0.01279	0.00892	0.01321	0.00670	0.00490	0.00492	0.00163	0.00654	0.00443	0.01828	0.00549
19	0.00928	0.00873	0.01474	0.81548	0.03385	0.01092	0.01365	0.01256	0.00983	0.01256	0.00873	0.01310	0.00655	0.00491	0.00491	0.00164	0.00655	0.00437	0.00218	0.00546
20	0.01137	0.09761	0.01360	0.01032	0.01264	0.02035	0.04582	0.04066	0.37420	0.01713	0.06487	0.01779	0.04125	0.01791	0.05396	0.00206	0.14263	0.00537	0.00391	0.00658
21	0.01181	0.01251	0.04813	0.04896	0.27066	0.01278	0.28324	0.05198	0.01108	0.01565	0.00900	0.01221	0.00732	0.00528	0.00754	0.00168	0.17602	0.00484	0.00249	0.00680
22	0.00825	0.00739	0.06409	0.00788	0.00925	0.00626	0.06792	0.03389	0.00870	0.01191	0.01481	0.09813	0.01605	0.45885	0.03995	0.06083	0.00521	0.02376	0.00305	0.05382
23	0.06818	0.00961	0.01120	0.00870	0.01246	0.06370	0.00709	0.03103	0.01327	0.57385	0.01616	0.01464	0.01059	0.00556	0.00460	0.00138	0.00442	0.00438	0.00517	0.13399
24	0.01688	0.06129	0.10651	0.01069	0.01479	0.01293	0.00962	0.40970	0.09345	0.16432	0.04083	0.01380	0.01065	0.00591	0.00483	0.00149	0.00514	0.00459	0.00465	0.00792
25	0.02364	0.00928	0.03092	0.00934	0.03102	0.00832	0.02896	0.07606	0.11565	0.27288	0.01662	0.07392	0.03233	0.04076	0.00559	0.00153	0.00422	0.00533	0.00450	0.20912
26	0.01329	0.65977	0.08823	0.00974	0.01422	0.01759	0.06287	0.01540	0.01037	0.05828	0.00794	0.00898	0.00672	0.00435	0.00357	0.00116	0.00557	0.00307	0.00236	0.00653
27	0.00679	0.00467	0.00623	0.00717	0.00778	0.00439	0.00516	0.00797	0.01008	0.03575	0.05350	0.61780	0.06082	0.01453	0.00629	0.00200	0.00313	0.13707	0.00463	0.00423
28	0.00880	0.00542	0.00791	0.00890	0.06335	0.00542	0.00620	0.00902	0.00879	0.03890	0.01594	0.06163	0.02618	0.04978	0.06621	0.36781	0.00493	0.21655	0.02447	0.00377
29	0.01213	0.01190	0.01991	0.07894	0.68705	0.03421	0.05359	0.01508	0.01120	0.01570	0.00920	0.01218	0.00765	0.00442	0.00490	0.00148	0.00609	0.00442	0.00242	0.00752
30	0.01608	0.00782	0.01056	0.00870	0.01155	0.00726	0.03372	0.05404	0.06806	0.44162	0.13596	0.12821	0.02823	0.00805	0.00531	0.00161	0.00389	0.01680	0.00549	0.00703
31	0.02094	0.01014	0.01250	0.00959	0.01343	0.00986	0.00792	0.27254	0.01704	0.54726	0.01689	0.01511	0.01091	0.00602	0.00493	0.00151	0.00458	0.00477	0.00570	0.00836
32	0.00862	0.00660	0.00801	0.06180	0.01064	0.00708	0.00622	0.02311	0.22468	0.01631	0.08594	0.34084	0.02446	0.01061	0.00551	0.00177	0.00342	0.05628	0.09277	0.00534
33	0.01135	0.01081	0.01819	0.18572	0.54365	0.01131	0.03983	0.01495	0.05627	0.01548	0.01042	0.04127	0.00882	0.00500	0.00496	0.00153	0.00585	0.00483	0.00261	0.00714
34	0.01092	0.01125	0.02180	0.02151	0.29401	0.01078	0.37427	0.01421	0.01153	0.01589	0.06791	0.03712	0.05740	0.00561	0.00550	0.00160	0.00645	0.02272	0.00289	0.00664
35	0.01019	0.00873	0.01019	0.00728	0.01165	0.00655	0.00582	0.01237	0.01019	0.01601	0.00873	0.01019	0.00728	0.00364	0.00364	0.00073	0.00364	0.00291	0.00291	0.85734
36	0.01258	0.01095	0.01812	0.09530	0.44765	0.01127	0.08765	0.03808	0.06915	0.08206	0.01157	0.04416	0.00946	0.00533	0.00543	0.00156	0.03430	0.00502	0.00306	0.00729
37	0.30830	0.01241	0.13232	0.01082	0.01481	0.01071	0.13889	0.07366	0.05319	0.11351	0.07600	0.01352	0.01081	0.00536	0.00446	0.00156	0.00513	0.00442	0.00361	0.00650
38	0.01039	0.00652	0.00768	0.00765	0.00899	0.04709	0.00558	0.03796	0.01144	0.17116	0.07831	0.50507	0.04118	0.01219	0.00583	0.00181	0.00351	0.02763	0.00483	0.00517
39	0.01367	0.01097	0.05398	0.12415	0.36641	0.02792	0.01200	0.01706	0.05617	0.19313	0.04329	0.01545	0.03285	0.00544	0.00494	0.00152	0.00535	0.00485	0.00353	0.00731

[dist]
# distance from previous block
# <min> <max>
1	3

[block]
