[name]
unknown

[dist]
# distance from previous block
# <min> <max>
0	54

[block]
# block no. 0 follows, 38 sequences, length 38
# corresponding to MSA columns:
# 54-91
name=unknown_A
#
# <colnr> <probs for GDERKNQSTAVLIFYWHMCP>
#	G	D	E	R	K	N	Q	S	T	A	V	L	I	F	Y	W	H	M	C	P
0	0.00855	0.00619	0.00809	0.00774	0.00917	0.00574	0.00589	0.01135	0.01677	0.02358	0.68995	0.04658	0.07165	0.01262	0.00717	0.00195	0.00300	0.05183	0.00653	0.00565
1	0.00849	0.00635	0.00776	0.00808	0.00934	0.00608	0.00586	0.01160	0.07404	0.01935	0.25946	0.33132	0.15295	0.01491	0.00719	0.00215	0.00336	0.03412	0.03199	0.00559
2	0.78298	0.01131	0.00879	0.00789	0.01148	0.01304	0.00647	0.01731	0.01063	0.02682	0.05161	0.01183	0.00945	0.00598	0.00392	0.00186	0.00455	0.00370	0.00389	0.00647
3	0.01322	0.01049	0.01260	0.00929	0.01417	0.00838	0.00746	0.01580	0.01252	0.06744	0.01178	0.01367	0.00963	0.00722	0.04950	0.00152	0.03005	0.00395	0.00377	0.69753
4	0.01224	0.01043	0.01222	0.00883	0.01395	0.00788	0.00704	0.01493	0.01274	0.01987	0.05379	0.01437	0.01171	0.00491	0.00461	0.00095	0.00436	0.00399	0.00374	0.77743
5	0.83108	0.01163	0.00884	0.00791	0.01163	0.01350	0.00651	0.01768	0.01024	0.02699	0.00838	0.00977	0.00651	0.00558	0.00372	0.00186	0.00465	0.00326	0.00372	0.00651
6	0.02393	0.01514	0.01700	0.01303	0.01780	0.01612	0.01076	0.54957	0.02542	0.22338	0.01685	0.01600	0.01144	0.00728	0.00603	0.00182	0.00623	0.00558	0.00639	0.01023
7	0.83108	0.01163	0.00884	0.00791	0.01163	0.01350	0.00651	0.01768	0.01024	0.02699	0.00838	0.00977	0.00651	0.00558	0.00372	0.00186	0.00465	0.00326	0.00372	0.00651
8	0.01489	0.01429	0.02442	0.03692	0.75106	0.01429	0.01846	0.01846	0.01370	0.01965	0.01132	0.01489	0.00953	0.00536	0.00596	0.00179	0.00715	0.00536	0.00298	0.00953
9	0.01698	0.01393	0.01474	0.01265	0.01641	0.01591	0.01001	0.21046	0.55840	0.02842	0.02192	0.02040	0.01629	0.00792	0.00609	0.00198	0.00524	0.00645	0.00609	0.00970
10	0.01496	0.01292	0.01360	0.01224	0.01564	0.01496	0.00952	0.03197	0.74019	0.02516	0.02448	0.02244	0.01836	0.00816	0.00612	0.00204	0.00476	0.00680	0.00612	0.00952
11	0.00857	0.00634	0.00924	0.00937	0.01032	0.00720	0.00714	0.01049	0.00983	0.01398	0.01787	0.06979	0.01771	0.10816	0.63137	0.00869	0.01413	0.03113	0.00347	0.00520
12	0.01121	0.00561	0.00561	0.00561	0.00701	0.00561	0.00421	0.01402	0.01262	0.02243	0.01962	0.02243	0.01542	0.00701	0.00421	0.00140	0.00280	0.00561	0.82198	0.00561
13	0.02031	0.06509	0.01727	0.01417	0.01708	0.40354	0.01114	0.06254	0.04809	0.10882	0.01260	0.03964	0.01037	0.00759	0.00792	0.00182	0.13550	0.00501	0.00392	0.00758
14	0.78460	0.01131	0.00871	0.00783	0.01135	0.01306	0.00635	0.01718	0.01015	0.02612	0.00897	0.01145	0.00738	0.04984	0.00524	0.00209	0.00472	0.00357	0.00372	0.00635
15	0.00886	0.00638	0.00870	0.01001	0.01113	0.00622	0.00821	0.01105	0.01316	0.01713	0.03383	0.27786	0.07518	0.01720	0.00806	0.00263	0.00480	0.46872	0.00556	0.00532
16	0.01573	0.01429	0.02705	0.02027	0.04157	0.01395	0.44744	0.09751	0.01584	0.08681	0.05557	0.01830	0.01285	0.00631	0.00722	0.00196	0.04244	0.00681	0.05988	0.00819
17	0.01425	0.01604	0.06329	0.11646	0.07187	0.01518	0.50664	0.05905	0.01448	0.01971	0.01187	0.01577	0.00897	0.00553	0.00718	0.00201	0.03393	0.00651	0.00313	0.00812
18	0.00866	0.00617	0.00827	0.00827	0.00886	0.00676	0.00578	0.00985	0.00925	0.01293	0.01739	0.03071	0.01811	0.37955	0.43452	0.00794	0.01149	0.00748	0.00341	0.00459
19	0.00762	0.00546	0.00738	0.00870	0.00918	0.00522	0.00607	0.00888	0.01163	0.01552	0.03207	0.67629	0.03792	0.02013	0.05052	0.00288	0.00439	0.07973	0.00545	0.00497
20	0.01563	0.01733	0.16197	0.13757	0.05106	0.01481	0.18007	0.13711	0.13701	0.06448	0.01473	0.01647	0.01073	0.00635	0.00623	0.00195	0.00771	0.00587	0.00413	0.00878
21	0.05531	0.00870	0.01176	0.01000	0.01318	0.00783	0.02883	0.02107	0.01485	0.43188	0.02659	0.25044	0.04524	0.01095	0.00644	0.00203	0.00462	0.00947	0.03273	0.00809
22	0.01546	0.01330	0.01245	0.05287	0.01523	0.16913	0.00904	0.14487	0.01676	0.08412	0.02646	0.20591	0.12294	0.01166	0.00665	0.00204	0.00613	0.07291	0.00514	0.00694
23	0.52943	0.05775	0.03916	0.03631	0.09852	0.04576	0.02326	0.04743	0.01195	0.02418	0.00921	0.01111	0.00731	0.00580	0.00489	0.00184	0.03151	0.00385	0.00352	0.00722
24	0.01136	0.01069	0.01804	0.77412	0.04143	0.01337	0.01671	0.01537	0.01203	0.01537	0.01069	0.01604	0.00802	0.00601	0.00601	0.00200	0.00802	0.00535	0.00267	0.00668
25	0.01555	0.23438	0.08893	0.07285	0.12920	0.08100	0.05473	0.07711	0.01438	0.01880	0.01042	0.01257	0.00851	0.00543	0.00511	0.00151	0.00714	0.00433	0.00317	0.15489
26	0.01275	0.00782	0.00927	0.00828	0.01060	0.00766	0.00639	0.01778	0.13196	0.11617	0.32322	0.03110	0.03272	0.00933	0.00596	0.00174	0.00350	0.00796	0.21253	0.04329
27	0.02089	0.00948	0.01286	0.01098	0.03341	0.00889	0.00856	0.02305	0.01556	0.49306	0.06972	0.09364	0.06053	0.00942	0.00739	0.00197	0.06866	0.00764	0.03561	0.00869
28	0.00819	0.00599	0.00769	0.00759	0.00887	0.00549	0.00557	0.01061	0.01579	0.02194	0.56640	0.17448	0.11159	0.01368	0.00720	0.00200	0.00297	0.01211	0.00636	0.00549
29	0.00810	0.00610	0.00749	0.00721	0.00875	0.00549	0.00538	0.01053	0.01596	0.02174	0.54125	0.07470	0.23863	0.01331	0.00712	0.00195	0.00292	0.01158	0.00631	0.00549
30	0.02247	0.02867	0.01705	0.01550	0.01860	0.76443	0.01162	0.02402	0.01705	0.01472	0.00930	0.01085	0.00775	0.00620	0.00542	0.00155	0.01085	0.00387	0.00310	0.00697
31	0.00838	0.00594	0.00795	0.00915	0.00986	0.00576	0.00688	0.00998	0.01218	0.01610	0.04622	0.42157	0.03623	0.10446	0.01048	0.00293	0.00449	0.27105	0.00537	0.00500
32	0.01608	0.79220	0.03152	0.01029	0.01544	0.02380	0.01029	0.01801	0.01222	0.01415	0.00836	0.00965	0.00772	0.00515	0.00386	0.00129	0.00643	0.00322	0.00257	0.00772
33	0.01247	0.01069	0.01247	0.00891	0.01426	0.00802	0.00713	0.01515	0.01247	0.01960	0.01069	0.01247	0.00891	0.00446	0.00446	0.00089	0.00446	0.00356	0.00356	0.82536
34	0.09359	0.01035	0.01354	0.01047	0.01505	0.00923	0.00865	0.02835	0.01664	0.69491	0.02246	0.01959	0.01420	0.00729	0.00586	0.00186	0.00508	0.00582	0.00714	0.00993
35	0.02103	0.02415	0.01515	0.01373	0.01667	0.60711	0.01035	0.02281	0.01639	0.05798	0.01168	0.01314	0.00931	0.00639	0.00528	0.00155	0.00931	0.00426	0.12676	0.00695
36	0.01321	0.23407	0.51723	0.01523	0.02256	0.01688	0.01847	0.01849	0.01236	0.01746	0.00996	0.01191	0.00766	0.00586	0.00608	0.00178	0.05561	0.00417	0.00255	0.00843
37	0.13940	0.01510	0.06746	0.01698	0.06042	0.06817	0.24705	0.03742	0.01388	0.06706	0.03654	0.01913	0.03789	0.03172	0.00708	0.00199	0.02518	0.02837	0.00381	0.07535

[dist]
# distance from previous block
# <min> <max>
8	45

[block]
# block no. 1 follows, 38 sequences, length 12
# corresponding to MSA columns:
# 137-148
name=unknown_B
#
# <colnr> <probs for GDERKNQSTAVLIFYWHMCP>
#	G	D	E	R	K	N	Q	S	T	A	V	L	I	F	Y	W	H	M	C	P
0	0.00949	0.00714	0.00784	0.00737	0.00939	0.00681	0.00561	0.04798	0.07465	0.02126	0.26196	0.04436	0.34642	0.01231	0.00660	0.00190	0.00327	0.01040	0.10929	0.00595
1	0.01523	0.01422	0.11400	0.26516	0.02574	0.01312	0.03602	0.15329	0.07056	0.09521	0.07504	0.02085	0.01510	0.00745	0.00617	0.00195	0.00678	0.03503	0.02098	0.00810
2	0.01558	0.29104	0.32995	0.01543	0.05847	0.12550	0.01591	0.05156	0.01392	0.01763	0.00994	0.01158	0.00789	0.00564	0.00506	0.00163	0.00813	0.00403	0.00281	0.00831
3	0.00916	0.00605	0.00771	0.00819	0.00937	0.00554	0.00593	0.01075	0.01322	0.07014	0.14570	0.39837	0.15911	0.05090	0.00846	0.00243	0.00372	0.07405	0.00579	0.00542
4	0.00858	0.00647	0.00756	0.00722	0.00895	0.00599	0.00543	0.01176	0.05551	0.02150	0.43795	0.04654	0.27852	0.01270	0.00687	0.00192	0.00301	0.01092	0.05692	0.00569
5	0.01595	0.08880	0.01554	0.05982	0.05618	0.09812	0.00991	0.15227	0.10251	0.02275	0.01501	0.01683	0.01179	0.00705	0.00635	0.00172	0.06884	0.00523	0.23767	0.00766
6	0.00774	0.00543	0.00712	0.00809	0.00869	0.00507	0.00554	0.00922	0.01264	0.01739	0.17090	0.60539	0.04192	0.01702	0.00740	0.00229	0.00333	0.01535	0.04439	0.00507
7	0.01635	0.16968	0.27668	0.01691	0.08106	0.05545	0.06698	0.14655	0.04884	0.04845	0.01213	0.01349	0.00913	0.00600	0.00555	0.00175	0.00774	0.00478	0.00361	0.00888
8	0.06794	0.18930	0.02030	0.01332	0.01756	0.22158	0.06883	0.05910	0.10964	0.15498	0.01416	0.01442	0.01060	0.00637	0.00535	0.00168	0.00739	0.00481	0.00435	0.00830
9	0.00851	0.00615	0.00804	0.00757	0.00899	0.00568	0.00568	0.01135	0.01703	0.02412	0.74788	0.04494	0.05676	0.01230	0.00710	0.00189	0.00284	0.01088	0.00662	0.00568
10	0.01005	0.00734	0.01081	0.01147	0.01311	0.00728	0.04862	0.01295	0.01378	0.01839	0.02990	0.06177	0.03185	0.01530	0.00795	0.00263	0.00559	0.62141	0.06414	0.00568
11	0.05612	0.09210	0.34135	0.10606	0.05806	0.05612	0.09570	0.03928	0.06400	0.01935	0.01159	0.01378	0.00870	0.00584	0.00566	0.00185	0.00816	0.00487	0.00307	0.00832

[dist]
# distance from previous block
# <min> <max>
0	1

[block]
# block no. 2 follows, 38 sequences, length 8
# corresponding to MSA columns:
# 150-157
name=unknown_C
#
# <colnr> <probs for GDERKNQSTAVLIFYWHMCP>
#	G	D	E	R	K	N	Q	S	T	A	V	L	I	F	Y	W	H	M	C	P
0	0.01047	0.01017	0.04877	0.01531	0.09323	0.00948	0.12682	0.01370	0.05073	0.01703	0.02306	0.33362	0.02492	0.05749	0.04467	0.00282	0.04213	0.06474	0.00442	0.00642
1	0.28002	0.15226	0.09748	0.01448	0.07847	0.15102	0.04896	0.01944	0.01277	0.04547	0.00976	0.01155	0.00781	0.00588	0.00545	0.00175	0.04260	0.00406	0.00327	0.00753
2	0.00766	0.00523	0.00707	0.00832	0.00863	0.00492	0.00555	0.00832	0.01113	0.01483	0.03074	0.70304	0.03666	0.01907	0.00936	0.09004	0.00367	0.01584	0.00527	0.00464
3	0.83108	0.01163	0.00884	0.00791	0.01163	0.01350	0.00651	0.01768	0.01024	0.02699	0.00838	0.00977	0.00651	0.00558	0.00372	0.00186	0.00465	0.00326	0.00372	0.00651
4	0.01429	0.01064	0.01266	0.00913	0.01439	0.00812	0.00734	0.01692	0.01307	0.11152	0.01232	0.01347	0.00966	0.00483	0.00465	0.00101	0.00454	0.00387	0.00405	0.72351
5	0.02247	0.02867	0.01705	0.01550	0.01860	0.76443	0.01162	0.02402	0.01705	0.01472	0.00930	0.01085	0.00775	0.00620	0.00542	0.00155	0.01085	0.00387	0.00310	0.00697
6	0.83108	0.01163	0.00884	0.00791	0.01163	0.01350	0.00651	0.01768	0.01024	0.02699	0.00838	0.00977	0.00651	0.00558	0.00372	0.00186	0.00465	0.00326	0.00372	0.00651
7	0.61523	0.01209	0.01072	0.00905	0.01304	0.01348	0.00746	0.10847	0.01349	0.13238	0.01133	0.01188	0.00818	0.00605	0.00434	0.00185	0.00497	0.00393	0.00454	0.00751

[dist]
# distance from previous block
# <min> <max>
0	24

[block]
# block no. 3 follows, 38 sequences, length 10
# corresponding to MSA columns:
# 182-191
name=unknown_D
#
# <colnr> <probs for GDERKNQSTAVLIFYWHMCP>
#	G	D	E	R	K	N	Q	S	T	A	V	L	I	F	Y	W	H	M	C	P
0	0.00743	0.00542	0.00703	0.00828	0.00886	0.00502	0.00570	0.00863	0.01188	0.01559	0.03601	0.66920	0.11422	0.01835	0.00765	0.00242	0.00355	0.05422	0.00558	0.00494
1	0.00873	0.00705	0.01038	0.06355	0.01318	0.00677	0.06035	0.01108	0.01396	0.01862	0.23754	0.25669	0.15173	0.01420	0.00734	0.00220	0.00431	0.10125	0.00548	0.00559
2	0.00927	0.00682	0.00996	0.00973	0.01048	0.00803	0.00741	0.01051	0.00930	0.01334	0.01478	0.02306	0.01424	0.09118	0.54119	0.12549	0.08081	0.00633	0.00311	0.00496
3	0.01353	0.00711	0.00750	0.00683	0.00881	0.00721	0.00529	0.09064	0.01459	0.07469	0.01936	0.02145	0.01484	0.00706	0.00452	0.00148	0.00337	0.00562	0.67970	0.00641
4	0.00879	0.00636	0.00838	0.00922	0.01041	0.00612	0.00740	0.01096	0.01361	0.01793	0.15113	0.17397	0.11336	0.07329	0.00954	0.00272	0.00453	0.36139	0.00559	0.00527
5	0.01594	0.15006	0.43777	0.01509	0.02206	0.09885	0.01718	0.08284	0.01482	0.07495	0.01154	0.01275	0.00843	0.00594	0.00544	0.00175	0.00823	0.00439	0.00328	0.00871
6	0.01007	0.00806	0.01144	0.01050	0.01206	0.00890	0.05802	0.01436	0.12911	0.01565	0.01784	0.02646	0.01670	0.20381	0.42178	0.00702	0.01152	0.00707	0.00378	0.00585
7	0.00758	0.00582	0.00702	0.00786	0.00903	0.00526	0.00577	0.00907	0.01273	0.01610	0.04403	0.39165	0.32135	0.01709	0.00754	0.00233	0.00361	0.11554	0.00558	0.00506
8	0.01457	0.19391	0.25402	0.13707	0.02207	0.04093	0.01427	0.01815	0.01275	0.09920	0.01281	0.04583	0.01031	0.00750	0.00666	0.05998	0.00716	0.00509	0.03010	0.00763
9	0.01456	0.01585	0.15296	0.02265	0.26867	0.01327	0.08244	0.01828	0.01349	0.09855	0.07030	0.03484	0.01451	0.00755	0.00830	0.00202	0.12292	0.02667	0.00375	0.00840

[dist]
# distance from previous block
# <min> <max>
1	3

[block]
# block no. 4 follows, 38 sequences, length 10
# corresponding to MSA columns:
# 195-204
name=unknown_E
#
# <colnr> <probs for GDERKNQSTAVLIFYWHMCP>
#	G	D	E	R	K	N	Q	S	T	A	V	L	I	F	Y	W	H	M	C	P
0	0.01462	0.28301	0.37156	0.01391	0.02058	0.05208	0.01579	0.02019	0.07202	0.04131	0.01144	0.01263	0.00881	0.00576	0.00508	0.00166	0.00756	0.00422	0.00306	0.03472
1	0.00933	0.00553	0.00747	0.00752	0.00805	0.00528	0.00513	0.00858	0.01042	0.01382	0.13223	0.09151	0.12420	0.06631	0.01786	0.46637	0.00445	0.00832	0.00395	0.00367
2	0.00933	0.00611	0.00796	0.00857	0.00976	0.00563	0.00634	0.01104	0.01335	0.07373	0.13428	0.42348	0.12868	0.01628	0.00750	0.00232	0.00378	0.12046	0.00586	0.00553
3	0.06620	0.06301	0.11531	0.01872	0.19432	0.04810	0.06777	0.01840	0.05484	0.06902	0.07972	0.05932	0.01749	0.00944	0.03610	0.00223	0.00698	0.06103	0.00409	0.00792
4	0.01450	0.17291	0.20579	0.09398	0.04315	0.01417	0.05446	0.04645	0.02661	0.09635	0.01626	0.05842	0.01433	0.00808	0.00598	0.00194	0.00702	0.10776	0.00390	0.00793
5	0.01081	0.00987	0.01619	0.20341	0.20318	0.01019	0.06660	0.01377	0.01326	0.01776	0.09878	0.17238	0.11879	0.01014	0.00666	0.00203	0.00589	0.00931	0.00414	0.00683
6	0.01046	0.01140	0.06953	0.01454	0.12523	0.06946	0.05524	0.01275	0.01306	0.01670	0.03115	0.33138	0.18910	0.01306	0.00692	0.00211	0.00538	0.01163	0.00459	0.00632
7	0.05628	0.13283	0.23265	0.07714	0.03795	0.01538	0.16548	0.06104	0.04818	0.09776	0.01283	0.01454	0.00939	0.00589	0.00574	0.00184	0.00776	0.00519	0.00361	0.00852
8	0.05603	0.01354	0.04671	0.27882	0.03925	0.02771	0.05348	0.17206	0.05558	0.14127	0.02700	0.01662	0.01101	0.00659	0.00593	0.00189	0.00693	0.00554	0.00451	0.02952
9	0.00861	0.00733	0.00774	0.00809	0.00921	0.05268	0.00571	0.00995	0.01282	0.01618	0.11330	0.34943	0.25709	0.07967	0.00955	0.00249	0.02650	0.01323	0.00529	0.00511

[dist]
# distance from previous block
# <min> <max>
1	32

[block]
# block no. 5 follows, 38 sequences, length 11
# corresponding to MSA columns:
# 237-247
name=unknown_F
#
# <colnr> <probs for GDERKNQSTAVLIFYWHMCP>
#	G	D	E	R	K	N	Q	S	T	A	V	L	I	F	Y	W	H	M	C	P
0	0.12248	0.24396	0.05199	0.06206	0.01718	0.04785	0.06310	0.05006	0.01287	0.06243	0.01194	0.01631	0.01044	0.12204	0.00864	0.00220	0.00655	0.00486	0.00349	0.07954
1	0.01450	0.01196	0.01727	0.08246	0.30413	0.01176	0.01252	0.05377	0.07484	0.05561	0.03402	0.01685	0.01215	0.00598	0.00551	0.00159	0.00576	0.00529	0.08135	0.19269
2	0.00893	0.00695	0.01032	0.01012	0.01112	0.00833	0.00794	0.01102	0.00963	0.01400	0.01550	0.02285	0.01451	0.04254	0.70920	0.00914	0.07288	0.00636	0.00318	0.00546
3	0.00788	0.00577	0.00727	0.00761	0.00862	0.00530	0.00536	0.00968	0.01395	0.01892	0.33486	0.32822	0.14440	0.06328	0.00878	0.00237	0.00330	0.01337	0.00590	0.00517
4	0.00738	0.00552	0.00686	0.00775	0.00860	0.00500	0.00534	0.00870	0.01253	0.01634	0.10201	0.54255	0.21475	0.01739	0.00749	0.00229	0.00333	0.01548	0.00567	0.00500
5	0.00841	0.00587	0.00666	0.00669	0.00714	0.00566	0.00408	0.00898	0.01045	0.01378	0.09981	0.07954	0.13253	0.55861	0.02366	0.00471	0.00501	0.00996	0.00433	0.00412
6	0.01608	0.79220	0.03152	0.01029	0.01544	0.02380	0.01029	0.01801	0.01222	0.01415	0.00836	0.00965	0.00772	0.00515	0.00386	0.00129	0.00643	0.00322	0.00257	0.00772
7	0.00871	0.00569	0.00655	0.00682	0.00702	0.00563	0.00408	0.00918	0.00965	0.01340	0.02178	0.18261	0.02474	0.56478	0.02365	0.00475	0.00509	0.01007	0.08172	0.00407
8	0.01247	0.01069	0.01247	0.00891	0.01426	0.00802	0.00713	0.01515	0.01247	0.01960	0.01069	0.01247	0.00891	0.00446	0.00446	0.00089	0.00446	0.00356	0.00356	0.82536
9	0.83108	0.01163	0.00884	0.00791	0.01163	0.01350	0.00651	0.01768	0.01024	0.02699	0.00838	0.00977	0.00651	0.00558	0.00372	0.00186	0.00465	0.00326	0.00372	0.00651
10	0.01420	0.01623	0.03550	0.02535	0.03144	0.01521	0.72921	0.01927	0.01420	0.01927	0.01217	0.01623	0.00913	0.00507	0.00710	0.00203	0.01014	0.00710	0.00304	0.00811

[dist]
# distance from previous block
# <min> <max>
0	2

[block]
# block no. 6 follows, 38 sequences, length 19
# corresponding to MSA columns:
# 250-268
name=unknown_G
#
# <colnr> <probs for GDERKNQSTAVLIFYWHMCP>
#	G	D	E	R	K	N	Q	S	T	A	V	L	I	F	Y	W	H	M	C	P
0	0.01105	0.00744	0.00926	0.00836	0.01037	0.00714	0.00640	0.04414	0.07185	0.08522	0.56270	0.04069	0.08857	0.01154	0.00689	0.00191	0.00334	0.01005	0.00657	0.00650
1	0.01207	0.03112	0.75741	0.01715	0.02604	0.01397	0.02223	0.01905	0.01270	0.01905	0.01080	0.01270	0.00762	0.00572	0.00572	0.00191	0.00889	0.00445	0.00254	0.00889
2	0.00745	0.00533	0.00709	0.00829	0.00875	0.00497	0.00559	0.00868	0.01209	0.01626	0.10694	0.70830	0.04154	0.01817	0.00762	0.00239	0.00342	0.01646	0.00569	0.00497
3	0.00917	0.00660	0.00882	0.00873	0.00955	0.00733	0.00627	0.01133	0.05731	0.01376	0.01726	0.02832	0.01720	0.28098	0.43594	0.05441	0.01143	0.00714	0.00351	0.00493
4	0.01527	0.01224	0.01321	0.01179	0.01512	0.01386	0.00919	0.03024	0.63811	0.07310	0.07899	0.02401	0.02103	0.00843	0.00619	0.00202	0.00464	0.00706	0.00625	0.00928
5	0.01489	0.01441	0.01944	0.01623	0.01728	0.07480	0.07240	0.01660	0.01077	0.06451	0.00942	0.01373	0.00846	0.00954	0.01667	0.00245	0.60304	0.00536	0.00302	0.00698
6	0.13038	0.11399	0.18852	0.01327	0.01848	0.12593	0.01285	0.24108	0.01772	0.02476	0.01146	0.01274	0.00871	0.00723	0.02494	0.00193	0.00761	0.00444	0.02556	0.00838
7	0.03697	0.11494	0.17173	0.01472	0.05491	0.10401	0.03708	0.05041	0.14210	0.02834	0.02251	0.01579	0.01987	0.02733	0.00719	0.00188	0.06516	0.00508	0.00372	0.07626
8	0.01965	0.10676	0.01674	0.01164	0.01562	0.06564	0.00964	0.38987	0.02167	0.08507	0.06310	0.01730	0.01397	0.00723	0.00552	0.00168	0.00594	0.00549	0.12875	0.00872
9	0.00968	0.00680	0.00833	0.00796	0.00940	0.00649	0.00582	0.05766	0.01540	0.03979	0.38992	0.14144	0.11746	0.12569	0.01052	0.00257	0.00376	0.02980	0.00590	0.00562
10	0.01403	0.01288	0.02034	0.18425	0.07310	0.01479	0.14297	0.13864	0.01453	0.01994	0.01321	0.07973	0.01178	0.02212	0.03542	0.00246	0.18200	0.00673	0.00360	0.00748
11	0.07964	0.06510	0.01859	0.09145	0.04813	0.21800	0.08193	0.11283	0.05125	0.08155	0.01384	0.06562	0.01147	0.00722	0.00613	0.00183	0.02775	0.00575	0.00410	0.00783
12	0.00726	0.00598	0.00638	0.00654	0.00828	0.00510	0.00481	0.00882	0.01368	0.01678	0.11424	0.15957	0.59077	0.01550	0.00719	0.00208	0.00309	0.01317	0.00567	0.00510
13	0.00888	0.00582	0.00763	0.00821	0.00919	0.00534	0.00576	0.01044	0.01327	0.06605	0.19603	0.52471	0.08310	0.01640	0.00741	0.00226	0.00342	0.01471	0.00594	0.00543
14	0.06607	0.07381	0.03829	0.08038	0.04179	0.06616	0.19543	0.06556	0.05512	0.06186	0.01193	0.01477	0.00940	0.00745	0.01902	0.00213	0.17396	0.00551	0.00355	0.00782
15	0.01382	0.12336	0.02100	0.21205	0.29777	0.01488	0.01455	0.05778	0.04804	0.01858	0.01534	0.04661	0.05604	0.00699	0.00619	0.00185	0.02764	0.00602	0.00342	0.00807
16	0.00764	0.00553	0.00714	0.00818	0.00882	0.00515	0.00566	0.00892	0.01213	0.01606	0.08866	0.57173	0.10398	0.06251	0.00896	0.00258	0.00367	0.06220	0.00555	0.00494
17	0.01184	0.01506	0.17444	0.07351	0.06639	0.01133	0.17502	0.01703	0.06180	0.03403	0.22441	0.02644	0.06586	0.00818	0.00657	0.00194	0.00661	0.00766	0.00435	0.00752
18	0.08197	0.05714	0.02077	0.24285	0.38570	0.01432	0.01572	0.04597	0.01335	0.01930	0.01168	0.04372	0.00992	0.00614	0.00574	0.00185	0.00699	0.00551	0.00315	0.00821

[dist]
# distance from previous block
# <min> <max>
0	7

[block]
# block no. 7 follows, 38 sequences, length 17
# corresponding to MSA columns:
# 276-292
name=unknown_H
#
# <colnr> <probs for GDERKNQSTAVLIFYWHMCP>
#	G	D	E	R	K	N	Q	S	T	A	V	L	I	F	Y	W	H	M	C	P
0	0.00874	0.02805	0.00881	0.03148	0.01028	0.00690	0.00633	0.03005	0.01211	0.01595	0.06156	0.43100	0.12995	0.09577	0.01083	0.02990	0.03937	0.03277	0.00504	0.00512
1	0.32535	0.28595	0.06515	0.03364	0.02933	0.03035	0.06748	0.04771	0.01234	0.02087	0.00919	0.01099	0.00752	0.00562	0.00483	0.00169	0.02746	0.00387	0.00321	0.00743
2	0.01117	0.00680	0.00949	0.00933	0.01074	0.00704	0.00711	0.01310	0.01195	0.12265	0.07266	0.21043	0.02472	0.04749	0.32927	0.00546	0.02518	0.03760	0.03184	0.00597
3	0.01265	0.01278	0.01793	0.68602	0.03878	0.10059	0.01612	0.01637	0.01261	0.01530	0.01053	0.01544	0.00799	0.00604	0.00595	0.00195	0.00835	0.00518	0.00272	0.00672
4	0.00789	0.00571	0.00736	0.00801	0.00885	0.00531	0.00566	0.00954	0.01330	0.01797	0.24685	0.42282	0.09760	0.06193	0.00885	0.00247	0.00352	0.05547	0.00578	0.00510
5	0.14444	0.01077	0.01185	0.01012	0.01338	0.01142	0.00804	0.11687	0.19249	0.14905	0.23696	0.02578	0.02632	0.00875	0.00601	0.00191	0.00448	0.00715	0.00610	0.00811
6	0.04064	0.01022	0.01053	0.00930	0.01191	0.09527	0.00732	0.03835	0.01613	0.21115	0.24662	0.02968	0.02800	0.00921	0.00600	0.00180	0.00467	0.04881	0.16727	0.00713
7	0.13977	0.00743	0.00878	0.00794	0.01006	0.00723	0.00613	0.01420	0.01598	0.09976	0.55712	0.03689	0.04455	0.01074	0.00646	0.00188	0.00336	0.00918	0.00625	0.00628
8	0.14334	0.01577	0.02000	0.01635	0.01856	0.12551	0.14972	0.01729	0.01147	0.01740	0.00900	0.01288	0.00789	0.00807	0.01271	0.00224	0.39682	0.00510	0.00295	0.00692
9	0.00743	0.00531	0.00707	0.00831	0.00875	0.00495	0.00559	0.00863	0.01199	0.01611	0.09439	0.72129	0.04124	0.01829	0.00763	0.00240	0.00343	0.01657	0.00567	0.00495
10	0.00834	0.00609	0.00751	0.00719	0.00847	0.00561	0.00519	0.01053	0.01522	0.02097	0.52866	0.04603	0.15662	0.13482	0.01080	0.00253	0.00334	0.01082	0.00600	0.00527
11	0.01493	0.66854	0.02760	0.00971	0.01404	0.02098	0.00925	0.01656	0.01168	0.01376	0.01003	0.01432	0.00995	0.12835	0.00807	0.00200	0.00634	0.00409	0.00274	0.00708
12	0.02116	0.01038	0.01326	0.01070	0.01435	0.01011	0.00862	0.15552	0.01759	0.41717	0.06326	0.02240	0.01693	0.05985	0.12687	0.00332	0.00704	0.00644	0.00624	0.00881
13	0.14338	0.01265	0.01550	0.01316	0.01534	0.04727	0.05259	0.01945	0.12651	0.09224	0.04413	0.01746	0.01286	0.03293	0.04483	0.00263	0.28993	0.00571	0.00410	0.00733
14	0.14231	0.01228	0.01602	0.01352	0.01535	0.01522	0.05290	0.11772	0.01288	0.02047	0.04089	0.04759	0.01217	0.01317	0.09527	0.00309	0.35262	0.00593	0.00366	0.00695
15	0.01087	0.00968	0.12389	0.00748	0.01013	0.00686	0.00708	0.01418	0.01276	0.02118	0.02303	0.02502	0.09934	0.00776	0.00478	0.00155	0.00379	0.00625	0.59830	0.00606
16	0.03805	0.01072	0.01249	0.04249	0.01481	0.01157	0.00866	0.11163	0.26371	0.13403	0.13539	0.05577	0.02297	0.05632	0.05172	0.00263	0.00555	0.00750	0.00584	0.00814

[dist]
# distance from previous block
# <min> <max>
4	7

[block]
# block no. 8 follows, 38 sequences, length 33
# corresponding to MSA columns:
# 301-333
name=unknown_I
#
# <colnr> <probs for GDERKNQSTAVLIFYWHMCP>
#	G	D	E	R	K	N	Q	S	T	A	V	L	I	F	Y	W	H	M	C	P
0	0.00907	0.00573	0.00696	0.00696	0.00708	0.00573	0.00420	0.00861	0.00877	0.01165	0.01854	0.03462	0.04770	0.55169	0.05646	0.19527	0.00598	0.00800	0.00347	0.00353
1	0.00799	0.00623	0.00736	0.00770	0.00934	0.00560	0.00604	0.01002	0.01421	0.01809	0.18309	0.11239	0.39827	0.01527	0.00743	0.00221	0.00362	0.17408	0.00577	0.00528
2	0.24973	0.01461	0.01499	0.01181	0.01630	0.01606	0.00975	0.44886	0.02193	0.11903	0.01383	0.01384	0.00974	0.00679	0.00538	0.00183	0.00589	0.00489	0.00554	0.00919
3	0.20748	0.00980	0.01129	0.00941	0.01297	0.00965	0.00758	0.02247	0.07529	0.35014	0.18404	0.02426	0.03410	0.00829	0.00577	0.00189	0.00444	0.00666	0.00626	0.00821
4	0.05188	0.00775	0.00966	0.00855	0.01067	0.00756	0.00652	0.04443	0.05005	0.17683	0.23657	0.02692	0.02610	0.01190	0.01007	0.19218	0.00420	0.00714	0.10468	0.00634
5	0.00776	0.00554	0.00742	0.00870	0.00925	0.00524	0.00616	0.00913	0.01209	0.01612	0.06782	0.63050	0.03956	0.03093	0.00812	0.00252	0.00380	0.11872	0.00560	0.00500
6	0.01296	0.00757	0.00946	0.00908	0.01111	0.00720	0.00675	0.01659	0.10738	0.18874	0.10793	0.35448	0.10881	0.01376	0.00698	0.00215	0.00391	0.01210	0.00619	0.00682
7	0.26852	0.01418	0.01414	0.01140	0.01559	0.01583	0.00934	0.39861	0.08054	0.05504	0.01396	0.01426	0.01017	0.00680	0.00524	0.00182	0.00563	0.00490	0.04521	0.00881
8	0.19917	0.00805	0.00856	0.00894	0.01060	0.00863	0.00649	0.01464	0.13817	0.01976	0.02591	0.47266	0.02836	0.01392	0.00649	0.00224	0.00398	0.01211	0.00525	0.00607
9	0.20574	0.01285	0.01287	0.01121	0.01476	0.04311	0.00914	0.20127	0.16986	0.07961	0.02032	0.02521	0.04883	0.00877	0.00588	0.00201	0.00551	0.10948	0.00541	0.00817
10	0.02194	0.01340	0.01541	0.01231	0.01661	0.01409	0.01009	0.34394	0.14009	0.26237	0.03581	0.02089	0.01522	0.00801	0.00618	0.00191	0.00571	0.03975	0.00648	0.00979
11	0.01035	0.00761	0.00987	0.01000	0.01225	0.00697	0.00845	0.01302	0.01332	0.01861	0.02601	0.08564	0.02733	0.01312	0.00705	0.00221	0.00496	0.45553	0.07260	0.19511
12	0.00879	0.00593	0.00710	0.00734	0.00868	0.00554	0.00552	0.01105	0.01410	0.02010	0.25295	0.17484	0.17050	0.01321	0.00666	0.00199	0.00326	0.08234	0.19471	0.00540
13	0.20145	0.01174	0.01587	0.56208	0.03349	0.04789	0.01412	0.01630	0.01185	0.01803	0.01009	0.01435	0.00766	0.00592	0.00546	0.00195	0.00737	0.00480	0.00294	0.00666
14	0.00834	0.00660	0.00960	0.18546	0.01640	0.00693	0.00826	0.01016	0.01183	0.01550	0.02927	0.54422	0.06686	0.01562	0.00729	0.00233	0.00459	0.04048	0.00491	0.00534
15	0.03047	0.02477	0.51148	0.01522	0.02271	0.01316	0.01797	0.08028	0.01499	0.19100	0.01405	0.01459	0.00950	0.00624	0.00578	0.00189	0.00776	0.00488	0.00398	0.00927
16	0.00851	0.00654	0.00821	0.00840	0.00998	0.00562	0.00589	0.00995	0.01184	0.01638	0.02924	0.57269	0.06520	0.01535	0.00691	0.00207	0.00369	0.01377	0.00512	0.19465
17	0.01128	0.00943	0.01120	0.00879	0.01298	0.00729	0.00677	0.01358	0.01225	0.01862	0.01589	0.19106	0.01605	0.00778	0.00520	0.00125	0.00423	0.00669	0.00403	0.63561
18	0.01429	0.01167	0.01580	0.01362	0.01464	0.01503	0.01123	0.01714	0.06607	0.10113	0.07346	0.01947	0.01472	0.01016	0.01499	0.00238	0.50539	0.02785	0.04387	0.00706
19	0.00867	0.00718	0.00966	0.18433	0.01619	0.00724	0.00784	0.01132	0.01470	0.01931	0.33387	0.04285	0.29075	0.01189	0.00685	0.00197	0.00411	0.01024	0.00534	0.00570
20	0.02060	0.02465	0.02141	0.01762	0.02157	0.51881	0.17756	0.09151	0.01748	0.01802	0.01046	0.01244	0.00831	0.00604	0.00587	0.00169	0.01027	0.00477	0.00337	0.00755
21	0.00808	0.00593	0.00757	0.00759	0.00883	0.00542	0.00553	0.01035	0.01537	0.02119	0.50345	0.21751	0.13254	0.01415	0.00723	0.00204	0.00301	0.01253	0.00626	0.00542
22	0.00892	0.00778	0.01358	0.01230	0.01398	0.00727	0.17294	0.01090	0.01214	0.01626	0.02830	0.60694	0.03270	0.01566	0.00754	0.00235	0.00503	0.01479	0.00500	0.00563
23	0.01859	0.01390	0.01520	0.01220	0.01605	0.01521	0.00987	0.47970	0.11211	0.03318	0.18529	0.02247	0.02198	0.00851	0.00628	0.00185	0.00552	0.00685	0.00617	0.00909
24	0.01407	0.01346	0.02294	0.20742	0.58694	0.01408	0.01806	0.01775	0.01331	0.01866	0.01117	0.01515	0.00918	0.00551	0.00597	0.00184	0.00735	0.00536	0.00291	0.00887
25	0.00966	0.00683	0.00852	0.00837	0.01017	0.00642	0.00663	0.01287	0.05114	0.05618	0.37463	0.05038	0.19949	0.01343	0.00726	0.00212	0.00366	0.16012	0.00618	0.00592
26	0.20457	0.61168	0.02628	0.00974	0.01456	0.02142	0.00942	0.01794	0.01176	0.01712	0.00837	0.00968	0.00744	0.00525	0.00383	0.00142	0.00602	0.00323	0.00284	0.00744
27	0.00862	0.00697	0.01054	0.18607	0.01720	0.00730	0.02977	0.01061	0.01196	0.01570	0.02835	0.50547	0.05920	0.01517	0.00730	0.00234	0.00486	0.06229	0.00483	0.00545
28	0.01046	0.00791	0.01026	0.00985	0.01108	0.00862	0.00770	0.01209	0.01265	0.07419	0.08832	0.23100	0.22072	0.01437	0.01020	0.00232	0.18266	0.07462	0.00512	0.00587
29	0.04912	0.01555	0.09662	0.04814	0.02202	0.04211	0.20977	0.10186	0.07334	0.19179	0.01660	0.05429	0.01246	0.00693	0.00623	0.00191	0.00726	0.00641	0.00474	0.03284
30	0.03290	0.01990	0.19445	0.07870	0.05957	0.07695	0.24405	0.14275	0.01640	0.05787	0.01234	0.01466	0.00902	0.00590	0.00620	0.00190	0.00864	0.00558	0.00364	0.00859
31	0.01049	0.00828	0.01202	0.01105	0.01280	0.00888	0.06706	0.08174	0.04799	0.01756	0.02048	0.19991	0.02078	0.07099	0.35906	0.00587	0.01042	0.02432	0.00424	0.00607
32	0.36308	0.06181	0.04334	0.01037	0.04759	0.01205	0.00821	0.04593	0.04898	0.06036	0.18262	0.05672	0.02114	0.00802	0.00522	0.00186	0.00470	0.00623	0.00471	0.00704

[dist]
# distance from previous block
# <min> <max>
1	29

[block]
# block no. 9 follows, 38 sequences, length 24
# corresponding to MSA columns:
# 363-386
name=unknown_J
#
# <colnr> <probs for GDERKNQSTAVLIFYWHMCP>
#	G	D	E	R	K	N	Q	S	T	A	V	L	I	F	Y	W	H	M	C	P
0	0.00808	0.00603	0.00762	0.00862	0.00944	0.00582	0.00605	0.01056	0.06806	0.01665	0.06055	0.60033	0.09425	0.01737	0.00753	0.00238	0.00365	0.05603	0.00566	0.00532
1	0.06194	0.30506	0.37119	0.01431	0.02102	0.07177	0.04189	0.01896	0.01275	0.01743	0.00972	0.01142	0.00766	0.00551	0.00496	0.00166	0.00794	0.00399	0.00268	0.00816
2	0.00873	0.00592	0.00700	0.00700	0.00715	0.00607	0.00419	0.00903	0.00888	0.01199	0.01855	0.03714	0.02090	0.68341	0.13447	0.00637	0.00729	0.00842	0.00359	0.00389
3	0.00869	0.00606	0.00773	0.00773	0.00814	0.00647	0.00511	0.00950	0.00909	0.01253	0.01788	0.03344	0.01930	0.50837	0.30731	0.00728	0.00971	0.00788	0.00349	0.00430
4	0.01629	0.01107	0.01278	0.05031	0.01574	0.01209	0.00912	0.02720	0.43581	0.17029	0.02399	0.06747	0.01868	0.00871	0.00612	0.00200	0.00480	0.02980	0.06890	0.00882
5	0.01460	0.34412	0.31804	0.07271	0.02241	0.01842	0.03810	0.07439	0.01372	0.01822	0.01011	0.01194	0.00795	0.00560	0.00503	0.00165	0.00766	0.00416	0.00285	0.00832
6	0.01244	0.00655	0.00811	0.00758	0.00940	0.00609	0.00573	0.01492	0.01482	0.14900	0.28074	0.13811	0.03346	0.01064	0.00604	0.00180	0.00331	0.00918	0.27574	0.00633
7	0.01228	0.13255	0.02023	0.04814	0.01837	0.01278	0.18860	0.04555	0.03948	0.01832	0.07066	0.22938	0.02107	0.00993	0.00718	0.00197	0.05057	0.00904	0.00416	0.05974
8	0.06329	0.44204	0.14578	0.01369	0.01924	0.10576	0.09977	0.01901	0.01298	0.01638	0.00933	0.01109	0.00781	0.00538	0.00473	0.00154	0.00769	0.00397	0.00275	0.00780
9	0.00812	0.00594	0.00784	0.00871	0.00966	0.00545	0.00625	0.00965	0.01230	0.01667	0.08289	0.57726	0.03795	0.01697	0.00747	0.00233	0.00379	0.10691	0.00550	0.06834
10	0.07706	0.14717	0.02189	0.22185	0.05593	0.04651	0.11117	0.01854	0.08516	0.01759	0.01123	0.01441	0.00908	0.00662	0.00779	0.00195	0.13031	0.00513	0.00316	0.00745
11	0.01092	0.01043	0.03889	0.47525	0.06161	0.01152	0.01394	0.01442	0.01164	0.01570	0.01252	0.03971	0.01055	0.01447	0.16588	0.00353	0.00930	0.00575	0.00295	0.07099
12	0.00766	0.00556	0.00728	0.00840	0.00909	0.00518	0.00594	0.00907	0.01238	0.01639	0.09059	0.58736	0.10238	0.01779	0.00765	0.00240	0.00362	0.09055	0.00566	0.00503
13	0.01032	0.00622	0.00836	0.00886	0.01005	0.00576	0.00649	0.01201	0.01340	0.11199	0.14661	0.48476	0.03872	0.01607	0.00745	0.00232	0.00383	0.09501	0.00598	0.00578
14	0.07747	0.26856	0.03199	0.01145	0.01633	0.03113	0.09587	0.01707	0.01244	0.04070	0.01084	0.01375	0.00934	0.05562	0.00630	0.00161	0.00613	0.00429	0.00329	0.28582
15	0.01044	0.00843	0.01129	0.17047	0.01686	0.03106	0.00882	0.05798	0.01152	0.01542	0.01661	0.08330	0.01647	0.19719	0.31131	0.00589	0.01037	0.00741	0.00356	0.00559
16	0.00934	0.00593	0.00738	0.00779	0.00900	0.00540	0.00554	0.01098	0.01319	0.07429	0.13366	0.42688	0.15914	0.01532	0.00704	0.00215	0.00338	0.01354	0.08454	0.00551
17	0.11691	0.48959	0.16659	0.01134	0.01700	0.01949	0.01200	0.01904	0.01245	0.07367	0.01001	0.01108	0.00810	0.00549	0.00437	0.00152	0.00658	0.00368	0.00308	0.00799
18	0.11127	0.01513	0.14589	0.06210	0.01932	0.02269	0.07436	0.04327	0.09294	0.16146	0.05280	0.01752	0.01325	0.00680	0.00621	0.00184	0.03712	0.00553	0.03937	0.07113
19	0.14211	0.01442	0.04131	0.06988	0.02162	0.03764	0.20519	0.12173	0.04778	0.02305	0.01241	0.01548	0.00975	0.00589	0.00564	0.00172	0.00698	0.02365	0.00386	0.18989
20	0.06572	0.13722	0.05559	0.05643	0.01811	0.09155	0.01087	0.24619	0.05047	0.05044	0.01264	0.01445	0.00994	0.03964	0.00662	0.00181	0.02177	0.00475	0.00429	0.10148
21	0.04764	0.11354	0.02193	0.09572	0.01511	0.04460	0.00848	0.01663	0.08466	0.07218	0.09991	0.15747	0.02211	0.03545	0.04253	0.00235	0.00560	0.00799	0.09942	0.00668
22	0.13567	0.06049	0.07302	0.12877	0.01902	0.05688	0.01093	0.05557	0.03636	0.15043	0.01531	0.08019	0.01260	0.00906	0.03384	0.00218	0.05631	0.00593	0.03384	0.02359
23	0.06250	0.13530	0.10886	0.07074	0.04337	0.01316	0.02498	0.05748	0.03966	0.04560	0.05153	0.12587	0.06653	0.00909	0.00682	0.00192	0.06523	0.00729	0.05689	0.00720

[dist]
# distance from previous block
# <min> <max>
4	98

[block]
# block no. 10 follows, 38 sequences, length 37
# corresponding to MSA columns:
# 495-531
name=unknown_K
#
# <colnr> <probs for GDERKNQSTAVLIFYWHMCP>
#	G	D	E	R	K	N	Q	S	T	A	V	L	I	F	Y	W	H	M	C	P
0	0.08222	0.01340	0.09161	0.12504	0.02156	0.01214	0.14557	0.07401	0.08445	0.05384	0.12107	0.04970	0.04071	0.03192	0.00698	0.00206	0.00647	0.00709	0.00443	0.02573
1	0.05045	0.05350	0.04927	0.14749	0.15604	0.04029	0.01243	0.04434	0.10759	0.15120	0.04856	0.06893	0.01509	0.00750	0.00591	0.00188	0.00620	0.00637	0.00457	0.02238
2	0.04763	0.01106	0.05687	0.14594	0.03150	0.01044	0.02150	0.04817	0.11865	0.10180	0.17412	0.02862	0.11076	0.00898	0.00625	0.00191	0.00521	0.01836	0.00514	0.04708
3	0.05983	0.01440	0.12178	0.20928	0.18708	0.01227	0.04906	0.02923	0.01298	0.03319	0.01196	0.02665	0.00951	0.00580	0.00554	0.00171	0.00680	0.00510	0.05096	0.14689
4	0.11705	0.12273	0.01835	0.04775	0.13178	0.12322	0.03583	0.04321	0.08276	0.05252	0.01349	0.06506	0.01159	0.00683	0.00562	0.00171	0.02238	0.00542	0.00384	0.08885
5	0.05317	0.08098	0.01839	0.10922	0.02062	0.03914	0.04259	0.34806	0.08272	0.06587	0.01464	0.03640	0.01116	0.00699	0.00575	0.00179	0.00656	0.00555	0.00495	0.04547
6	0.10449	0.01154	0.01573	0.25441	0.13508	0.03620	0.01217	0.01876	0.01342	0.16811	0.01567	0.03426	0.04018	0.00663	0.00563	0.00178	0.00628	0.00555	0.00411	0.11001
7	0.00973	0.00721	0.00918	0.04171	0.04870	0.00743	0.00641	0.04315	0.04684	0.01604	0.07711	0.22314	0.02683	0.35620	0.05054	0.00411	0.00561	0.01036	0.00449	0.00520
8	0.01712	0.01099	0.01580	0.10756	0.04138	0.04197	0.08712	0.06961	0.01482	0.25586	0.01904	0.11034	0.01584	0.03970	0.12150	0.00325	0.00792	0.00738	0.00498	0.00782
9	0.01354	0.07159	0.28560	0.14582	0.16424	0.01472	0.09337	0.01973	0.08342	0.03275	0.01243	0.01493	0.00939	0.00586	0.00588	0.00188	0.00791	0.00523	0.00314	0.00857
10	0.05538	0.01233	0.02106	0.44261	0.25594	0.01382	0.07974	0.01678	0.01264	0.01763	0.01089	0.01538	0.00850	0.00571	0.00597	0.00193	0.00776	0.00540	0.00285	0.00767
11	0.00924	0.00724	0.00974	0.08631	0.01233	0.00824	0.00712	0.01040	0.00992	0.01353	0.02021	0.13941	0.05266	0.33728	0.15381	0.00509	0.09994	0.00896	0.00372	0.00486
12	0.01338	0.03980	0.05322	0.43277	0.08790	0.01413	0.08390	0.05132	0.01315	0.05148	0.01164	0.01586	0.00893	0.00789	0.03883	0.00231	0.05745	0.00548	0.00313	0.00745
13	0.06756	0.01400	0.08404	0.30991	0.33772	0.01377	0.01693	0.01699	0.01259	0.01826	0.01120	0.03054	0.00917	0.00606	0.00619	0.00192	0.02681	0.00537	0.00292	0.00803
14	0.00825	0.00589	0.00804	0.00943	0.01018	0.00568	0.00719	0.00997	0.01243	0.01639	0.03265	0.50525	0.03777	0.01798	0.00792	0.00257	0.00429	0.28742	0.00557	0.00514
15	0.01808	0.01952	0.01663	0.01450	0.01725	0.32636	0.03589	0.09082	0.17674	0.01925	0.01361	0.01574	0.01115	0.03476	0.03676	0.00232	0.13373	0.00527	0.00399	0.00766
16	0.05003	0.03994	0.41706	0.07901	0.04599	0.01442	0.01745	0.09891	0.01410	0.05880	0.01149	0.01369	0.00847	0.00690	0.00742	0.03218	0.06769	0.00475	0.00328	0.00841
17	0.11544	0.01380	0.12930	0.04824	0.08794	0.01098	0.03760	0.04557	0.01524	0.27200	0.11685	0.02199	0.01803	0.00760	0.00597	0.00191	0.00591	0.03194	0.00521	0.00848
18	0.00744	0.00552	0.00685	0.00786	0.00860	0.00505	0.00539	0.00860	0.01195	0.01545	0.03865	0.55503	0.19935	0.05926	0.00880	0.00254	0.00359	0.03970	0.00548	0.00489
19	0.01198	0.00646	0.00742	0.00696	0.00892	0.00593	0.00529	0.01432	0.01415	0.12997	0.14210	0.08427	0.18521	0.01049	0.00580	0.00175	0.00325	0.00881	0.34076	0.00614
20	0.06871	0.36169	0.37223	0.01350	0.02027	0.03715	0.01571	0.01863	0.01244	0.01734	0.00954	0.01113	0.00759	0.00547	0.00477	0.00162	0.00759	0.00382	0.00265	0.00817
21	0.00803	0.00590	0.00752	0.00761	0.00882	0.00539	0.00552	0.01023	0.01515	0.02082	0.47353	0.24681	0.13352	0.01442	0.00725	0.00206	0.00304	0.01278	0.00622	0.00539
22	0.00770	0.00612	0.00692	0.00672	0.00849	0.00533	0.00504	0.00978	0.01511	0.01957	0.35060	0.05243	0.45689	0.01400	0.00710	0.00197	0.00296	0.01193	0.00602	0.00533
23	0.01373	0.29141	0.42394	0.01512	0.02227	0.01749	0.06547	0.01931	0.04637	0.01766	0.01069	0.01234	0.00826	0.00559	0.00519	0.00171	0.00794	0.00431	0.00275	0.00846
24	0.01643	0.67123	0.07872	0.01107	0.01644	0.02268	0.01119	0.08264	0.01371	0.01663	0.00908	0.01029	0.00794	0.00537	0.00418	0.00137	0.00661	0.00350	0.00288	0.00803
25	0.00870	0.00603	0.00754	0.00754	0.00788	0.00637	0.00487	0.00938	0.00904	0.01239	0.01806	0.03440	0.01971	0.55375	0.26251	0.00704	0.00908	0.00802	0.00351	0.00419
26	0.35903	0.04329	0.01465	0.01133	0.01561	0.05553	0.00936	0.37151	0.01961	0.03130	0.01143	0.01214	0.00846	0.00641	0.00495	0.00180	0.00601	0.00436	0.00479	0.00842
27	0.00733	0.00524	0.00698	0.00838	0.00873	0.00489	0.00558	0.00838	0.01152	0.01536	0.03316	0.78466	0.03979	0.01885	0.00768	0.00244	0.00349	0.01710	0.00558	0.00489
28	0.00827	0.00596	0.00783	0.00773	0.00893	0.00552	0.00566	0.01075	0.01591	0.02234	0.60267	0.19523	0.05331	0.01363	0.00721	0.00200	0.00297	0.01214	0.00641	0.00552
29	0.10283	0.01557	0.01454	0.01183	0.01567	0.11528	0.00953	0.40338	0.02162	0.06112	0.01448	0.01520	0.01067	0.00689	0.00538	0.00171	0.00623	0.00505	0.15447	0.00857
30	0.00872	0.00596	0.00719	0.00719	0.00741	0.00617	0.00443	0.00915	0.00893	0.01213	0.01838	0.03618	0.02049	0.63805	0.17926	0.00661	0.00791	0.00828	0.00356	0.00399
31	0.01039	0.01010	0.04730	0.06506	0.08008	0.00951	0.11303	0.01395	0.04866	0.01889	0.18935	0.22749	0.05160	0.01288	0.03938	0.00243	0.03838	0.01029	0.00471	0.00655
32	0.01215	0.01033	0.01205	0.00903	0.01384	0.00808	0.00711	0.01538	0.04766	0.01950	0.01331	0.07993	0.01205	0.00588	0.00482	0.00108	0.00439	0.00490	0.00386	0.71466
33	0.00742	0.00533	0.00705	0.00832	0.00879	0.00496	0.00563	0.00859	0.01188	0.01583	0.06664	0.71659	0.06139	0.01840	0.00765	0.00241	0.00348	0.02906	0.00563	0.00494
34	0.01699	0.29690	0.02803	0.01639	0.02129	0.15834	0.25052	0.07599	0.01508	0.01819	0.01075	0.01297	0.00871	0.00556	0.00542	0.00163	0.00837	0.00491	0.03617	0.00783
35	0.00739	0.00611	0.00648	0.00638	0.00830	0.00520	0.00479	0.00917	0.01437	0.01780	0.19638	0.05534	0.61220	0.01466	0.00711	0.00200	0.00301	0.01234	0.00579	0.00520
36	0.01660	0.01957	0.17582	0.01819	0.02388	0.06454	0.25025	0.23056	0.04343	0.02457	0.01411	0.01828	0.01107	0.00679	0.00643	0.00196	0.00839	0.05275	0.00410	0.00870

[dist]
# distance from previous block
# <min> <max>
0	22

[block]
# block no. 11 follows, 38 sequences, length 25
# corresponding to MSA columns:
# 554-578
name=unknown_L
#
# <colnr> <probs for GDERKNQSTAVLIFYWHMCP>
#	G	D	E	R	K	N	Q	S	T	A	V	L	I	F	Y	W	H	M	C	P
0	0.01713	0.63454	0.02872	0.01118	0.01600	0.06815	0.01059	0.09755	0.01421	0.01684	0.00908	0.01037	0.00801	0.00561	0.00470	0.00140	0.03143	0.00357	0.00299	0.00792
1	0.16244	0.00995	0.01193	0.01045	0.04786	0.00927	0.00788	0.02026	0.03739	0.27432	0.16145	0.02251	0.03576	0.00761	0.00557	0.00170	0.00451	0.00618	0.00562	0.15736
2	0.01726	0.15724	0.24403	0.01461	0.06238	0.01471	0.01407	0.03469	0.10819	0.20401	0.01576	0.01661	0.01155	0.00678	0.00616	0.00184	0.03801	0.01869	0.00439	0.00900
3	0.01928	0.01430	0.01533	0.01242	0.01635	0.01583	0.01002	0.48775	0.15548	0.03260	0.01805	0.07030	0.01425	0.00818	0.00599	0.00186	0.00571	0.00650	0.08048	0.00931
4	0.00800	0.00583	0.00757	0.00803	0.00905	0.00539	0.00583	0.01000	0.01429	0.01949	0.35158	0.35012	0.10273	0.01551	0.00742	0.00219	0.00331	0.06232	0.00604	0.00530
5	0.28634	0.01425	0.06232	0.01592	0.04987	0.01344	0.24015	0.06842	0.01413	0.12171	0.01481	0.01625	0.04398	0.00624	0.00564	0.00192	0.00688	0.00561	0.00415	0.00797
6	0.01366	0.05026	0.02137	0.37176	0.24179	0.05913	0.05955	0.01778	0.04244	0.01711	0.01122	0.01525	0.00891	0.00601	0.00649	0.00191	0.03933	0.00532	0.00294	0.00777
7	0.00811	0.00591	0.00763	0.00768	0.00886	0.00543	0.00558	0.01039	0.01536	0.02129	0.51408	0.23898	0.09984	0.01421	0.00725	0.00205	0.00302	0.01263	0.00628	0.00543
