[name]
unknown

[dist]
# distance from previous block
# <min> <max>
0	526

[block]
# block no. 0 follows, 37 sequences, length 33
# corresponding to MSA columns:
# 744-776
name=unknown_A
#
# <colnr> <probs for GDERKNQSTAVLIFYWHMCP>
#	G	D	E	R	K	N	Q	S	T	A	V	L	I	F	Y	W	H	M	C	P
0	0.03789	0.01059	0.04336	0.01211	0.02985	0.00977	0.03928	0.12004	0.01696	0.08268	0.16871	0.04159	0.02931	0.01158	0.00709	0.00219	0.00548	0.26896	0.00563	0.05692
1	0.01646	0.04862	0.05970	0.03303	0.01750	0.01228	0.07988	0.13711	0.09100	0.15451	0.04902	0.16626	0.01974	0.00966	0.00674	0.00200	0.02102	0.02275	0.00538	0.04732
2	0.01557	0.28181	0.05287	0.09559	0.02001	0.01705	0.06712	0.06516	0.11129	0.06583	0.01545	0.05054	0.03121	0.00715	0.00606	0.00176	0.03827	0.00569	0.00397	0.04761
3	0.01614	0.11381	0.12106	0.01663	0.09106	0.05932	0.12971	0.05359	0.01531	0.12449	0.08502	0.04584	0.03895	0.00729	0.00605	0.00180	0.00699	0.00644	0.00430	0.05620
4	0.01680	0.09720	0.22375	0.01763	0.06275	0.01400	0.18820	0.02187	0.04943	0.18799	0.01713	0.01800	0.04390	0.00654	0.00614	0.00190	0.00765	0.00598	0.00421	0.00894
5	0.12181	0.13370	0.19917	0.04423	0.01934	0.04031	0.04681	0.07597	0.01498	0.13636	0.06588	0.04786	0.01402	0.00714	0.00560	0.00184	0.00675	0.00566	0.00429	0.00828
6	0.01368	0.01868	0.17016	0.05961	0.03055	0.01476	0.52382	0.01905	0.01404	0.01931	0.01297	0.01826	0.01014	0.00588	0.00696	0.00207	0.00976	0.03900	0.00310	0.00821
7	0.01535	0.04267	0.24517	0.06853	0.02226	0.03615	0.11679	0.02039	0.04713	0.14701	0.07000	0.03124	0.02531	0.00701	0.00609	0.00187	0.00720	0.00614	0.03630	0.04740
8	0.04103	0.16652	0.07445	0.20166	0.12400	0.03724	0.01380	0.04430	0.01439	0.18947	0.01357	0.01523	0.00994	0.00630	0.00587	0.00181	0.02283	0.00501	0.00403	0.00854
9	0.00981	0.00686	0.00958	0.04467	0.01175	0.00729	0.00736	0.01144	0.01195	0.05918	0.09458	0.35524	0.03030	0.05670	0.15969	0.02093	0.06029	0.03187	0.00492	0.00559
10	0.00754	0.00539	0.00718	0.00847	0.00890	0.00503	0.00569	0.00873	0.01211	0.01625	0.08325	0.72959	0.04169	0.01871	0.00777	0.00245	0.00351	0.01696	0.00576	0.00503
11	0.05642	0.01465	0.09641	0.18722	0.07903	0.01365	0.07234	0.10028	0.11485	0.15628	0.01600	0.01731	0.01145	0.00667	0.00603	0.00195	0.00689	0.00574	0.02803	0.00880
12	0.01326	0.19807	0.54218	0.01581	0.02338	0.01675	0.01928	0.01883	0.01257	0.01796	0.01023	0.01227	0.00780	0.00603	0.00639	0.00185	0.06184	0.00430	0.00260	0.00862
13	0.07387	0.01031	0.01355	0.01051	0.01505	0.00914	0.00866	0.02849	0.01691	0.67834	0.02306	0.02028	0.01467	0.00745	0.00594	0.00187	0.00508	0.00597	0.04085	0.01000
14	0.04858	0.01209	0.01431	0.01249	0.01550	0.05558	0.07430	0.12653	0.18402	0.07368	0.02453	0.23356	0.04458	0.01123	0.00673	0.00214	0.00564	0.04116	0.00554	0.00780
15	0.01375	0.01289	0.02213	0.37138	0.20432	0.01417	0.12968	0.01929	0.09232	0.04023	0.01320	0.01692	0.01007	0.00609	0.00630	0.00199	0.00784	0.00591	0.00338	0.00815
16	0.01598	0.01657	0.07643	0.22151	0.21055	0.09116	0.01547	0.12591	0.12456	0.02189	0.01358	0.01596	0.01041	0.00646	0.00604	0.00190	0.00759	0.00545	0.00387	0.00871
17	0.01029	0.00672	0.00876	0.00810	0.00982	0.00622	0.00612	0.01339	0.03385	0.08287	0.63922	0.07363	0.05269	0.01229	0.00714	0.00195	0.00315	0.01084	0.00675	0.00621
18	0.01317	0.06866	0.09327	0.27532	0.16456	0.01436	0.17440	0.01744	0.01325	0.01798	0.01273	0.01867	0.01046	0.00636	0.00625	0.00197	0.00813	0.04676	0.02841	0.00785
19	0.01443	0.20885	0.32418	0.01885	0.09697	0.01709	0.13637	0.04341	0.04871	0.01922	0.01148	0.01354	0.00885	0.00570	0.00565	0.00180	0.00820	0.00492	0.00302	0.00877
20	0.01521	0.01568	0.06811	0.01920	0.02298	0.01626	0.29941	0.09533	0.01418	0.04460	0.01178	0.01545	0.00938	0.00755	0.01134	0.00221	0.27604	0.00612	0.04123	0.00795
21	0.25255	0.01114	0.01294	0.01025	0.01472	0.01081	0.00846	0.06027	0.01607	0.51282	0.01929	0.01747	0.01252	0.00703	0.00549	0.00189	0.00515	0.00533	0.00644	0.00935
22	0.10112	0.00766	0.00838	0.00789	0.00889	0.00817	0.00525	0.07316	0.01094	0.01625	0.01731	0.03239	0.01857	0.53315	0.12159	0.00564	0.00724	0.00768	0.00387	0.00485
23	0.00969	0.00904	0.04786	0.17695	0.01844	0.00965	0.01041	0.01220	0.01076	0.01497	0.01727	0.14859	0.01726	0.05375	0.34775	0.00580	0.07218	0.00802	0.00349	0.00589
24	0.01064	0.00711	0.00988	0.01103	0.01256	0.00703	0.00954	0.01337	0.01414	0.05340	0.03181	0.09381	0.03408	0.01635	0.00823	0.00273	0.00548	0.63067	0.02229	0.00584
25	0.01476	0.01497	0.02552	0.16035	0.45607	0.04914	0.15211	0.01866	0.01390	0.01894	0.01147	0.01542	0.00927	0.00555	0.00627	0.00189	0.00818	0.00572	0.00299	0.00880
26	0.01242	0.01198	0.02020	0.54830	0.07104	0.01434	0.08874	0.01731	0.06280	0.01688	0.01183	0.01651	0.00907	0.00649	0.00731	0.00208	0.06667	0.00572	0.00301	0.00728
27	0.02637	0.01110	0.01444	0.01111	0.01575	0.01015	0.00917	0.11742	0.01878	0.63536	0.02281	0.02013	0.01457	0.00753	0.00609	0.00187	0.00532	0.00606	0.03572	0.01025
28	0.00956	0.00702	0.00859	0.00914	0.01090	0.00674	0.00751	0.01274	0.05652	0.03170	0.07472	0.08685	0.26517	0.01519	0.00760	0.00239	0.00441	0.33271	0.04473	0.00579
29	0.05469	0.64159	0.11187	0.01132	0.01675	0.02242	0.01175	0.01832	0.01230	0.01560	0.00877	0.01029	0.00779	0.00550	0.00464	0.00145	0.03089	0.00348	0.00267	0.00789
30	0.15460	0.01337	0.03628	0.01265	0.03966	0.05679	0.03927	0.07572	0.08144	0.37495	0.04122	0.01839	0.01400	0.00717	0.00580	0.00189	0.00588	0.00571	0.00596	0.00924
31	0.30788	0.04222	0.04853	0.10089	0.03848	0.20752	0.01114	0.08635	0.04442	0.02248	0.01047	0.01232	0.00820	0.00629	0.00547	0.00184	0.03010	0.00425	0.00368	0.00748
32	0.03430	0.42546	0.13364	0.01264	0.01788	0.15861	0.01236	0.05308	0.03800	0.03595	0.02173	0.01200	0.00926	0.00590	0.00479	0.00154	0.00758	0.00400	0.00321	0.00808

[dist]
# distance from previous block
# <min> <max>
0	4

[block]
# block no. 1 follows, 37 sequences, length 18
# corresponding to MSA columns:
# 781-798
name=unknown_B
#
# <colnr> <probs for GDERKNQSTAVLIFYWHMCP>
#	G	D	E	R	K	N	Q	S	T	A	V	L	I	F	Y	W	H	M	C	P
0	0.00920	0.00812	0.02608	0.01082	0.01269	0.00739	0.09494	0.01237	0.06776	0.01791	0.09356	0.45554	0.11168	0.01507	0.00740	0.00226	0.00451	0.01377	0.00539	0.02356
1	0.01729	0.12234	0.07478	0.01852	0.20339	0.05053	0.01291	0.13304	0.03356	0.08401	0.01273	0.01412	0.00987	0.00585	0.00542	0.00156	0.00657	0.00472	0.00403	0.18478
2	0.11752	0.10380	0.04927	0.01199	0.01587	0.15214	0.03170	0.10150	0.04584	0.13326	0.06305	0.08688	0.04540	0.00837	0.00577	0.00184	0.00650	0.00658	0.00484	0.00789
3	0.04808	0.00878	0.01104	0.00936	0.01227	0.00830	0.00728	0.02092	0.08557	0.31602	0.28660	0.03159	0.03146	0.08450	0.00888	0.00231	0.00438	0.00819	0.00662	0.00785
4	0.00762	0.00547	0.00708	0.00821	0.00869	0.00510	0.00548	0.00873	0.01194	0.01588	0.07338	0.64316	0.07998	0.07670	0.00952	0.00269	0.00367	0.01615	0.00559	0.00493
5	0.01704	0.19249	0.05161	0.07118	0.24814	0.08016	0.01421	0.13484	0.09351	0.02159	0.01255	0.01433	0.01003	0.00615	0.00555	0.00173	0.00721	0.00496	0.00375	0.00896
6	0.01343	0.01333	0.01677	0.17224	0.02071	0.08734	0.01269	0.03691	0.01148	0.01556	0.01157	0.06563	0.01129	0.05491	0.04060	0.00283	0.39679	0.00627	0.00311	0.00655
7	0.02718	0.01087	0.01449	0.01111	0.01585	0.00967	0.00918	0.07695	0.01828	0.70273	0.02351	0.02042	0.01483	0.00756	0.00615	0.00189	0.00531	0.00611	0.00748	0.01042
8	0.08474	0.01193	0.01535	0.01202	0.01646	0.01164	0.04972	0.15362	0.05924	0.43612	0.03581	0.05351	0.01553	0.00792	0.00613	0.00193	0.00560	0.00653	0.00659	0.00962
9	0.01661	0.25905	0.15767	0.01378	0.01857	0.11623	0.03995	0.08784	0.04299	0.05166	0.01307	0.07141	0.01140	0.00740	0.00656	0.00179	0.06679	0.00547	0.00364	0.00811
10	0.00945	0.00648	0.00858	0.00954	0.01065	0.00638	0.00771	0.01174	0.01339	0.01827	0.09537	0.16312	0.03485	0.09449	0.01017	0.00287	0.00484	0.40260	0.08413	0.00536
11	0.00785	0.00558	0.00729	0.00817	0.00872	0.00523	0.00551	0.00919	0.01262	0.01713	0.18058	0.55574	0.04233	0.09178	0.00994	0.00270	0.00364	0.01526	0.00571	0.00502
12	0.13771	0.01196	0.01915	0.49152	0.08880	0.01411	0.08375	0.01658	0.01217	0.01813	0.01058	0.01514	0.00814	0.00612	0.00649	0.00203	0.04225	0.00528	0.00294	0.00713
13	0.01244	0.03051	0.69844	0.01808	0.02691	0.01431	0.07618	0.01940	0.01304	0.01940	0.01109	0.01320	0.00787	0.00577	0.00592	0.00195	0.00914	0.00473	0.00262	0.00899
14	0.00746	0.00533	0.00710	0.00852	0.00888	0.00497	0.00568	0.00852	0.01172	0.01563	0.03374	0.78088	0.04049	0.01918	0.00781	0.00249	0.00355	0.01740	0.00568	0.00497
15	0.13820	0.01243	0.02016	0.40885	0.20215	0.01402	0.08419	0.01712	0.01257	0.01887	0.01081	0.01508	0.00839	0.00580	0.00585	0.00197	0.00763	0.00529	0.00299	0.00760
16	0.07825	0.01393	0.06960	0.01215	0.01602	0.01416	0.01018	0.02909	0.54399	0.06637	0.06216	0.02223	0.01887	0.00810	0.00606	0.00203	0.00507	0.00664	0.00587	0.00923
17	0.10233	0.08947	0.01705	0.01295	0.04913	0.04280	0.01017	0.32719	0.07488	0.06859	0.01775	0.01780	0.06644	0.00734	0.00562	0.00175	0.00602	0.00557	0.00516	0.07201

[dist]
# distance from previous block
# <min> <max>
0	24

[block]
# block no. 2 follows, 37 sequences, length 11
# corresponding to MSA columns:
# 871-881
name=unknown_C
#
# <colnr> <probs for GDERKNQSTAVLIFYWHMCP>
#	G	D	E	R	K	N	Q	S	T	A	V	L	I	F	Y	W	H	M	C	P
0	0.01038	0.00872	0.01261	0.01265	0.04894	0.00907	0.07257	0.03432	0.10859	0.01850	0.05687	0.47186	0.03104	0.01463	0.00818	0.00233	0.05393	0.01313	0.00525	0.00643
1	0.00746	0.00533	0.00710	0.00852	0.00888	0.00497	0.00568	0.00852	0.01172	0.01563	0.03374	0.78088	0.04049	0.01918	0.00781	0.00249	0.00355	0.01740	0.00568	0.00497
2	0.02089	0.05393	0.01733	0.01325	0.01765	0.05244	0.01080	0.39858	0.23377	0.09001	0.01790	0.01717	0.01297	0.00749	0.00602	0.00187	0.00625	0.00579	0.00596	0.00992
3	0.01269	0.01088	0.01269	0.00907	0.01451	0.00816	0.00725	0.01541	0.01269	0.01995	0.01088	0.01269	0.00907	0.00453	0.00453	0.00091	0.00453	0.00363	0.00363	0.82229
4	0.01433	0.01363	0.02278	0.20367	0.54674	0.01436	0.01789	0.01880	0.05200	0.01930	0.01208	0.01583	0.00982	0.00576	0.00608	0.00188	0.00735	0.00553	0.00313	0.00903
5	0.01961	0.02342	0.04438	0.01669	0.07516	0.45510	0.01236	0.05398	0.07435	0.01781	0.01114	0.01289	0.00911	0.00669	0.00690	0.00171	0.07841	0.00449	0.00350	0.07230
6	0.00874	0.00656	0.00984	0.00984	0.01093	0.00765	0.00765	0.01093	0.00984	0.01421	0.01640	0.02405	0.01530	0.04591	0.76062	0.00984	0.01640	0.00656	0.00328	0.00547
7	0.00940	0.00754	0.00992	0.00985	0.01095	0.04184	0.00752	0.01138	0.01010	0.01406	0.01631	0.02475	0.01553	0.10379	0.66726	0.00915	0.01531	0.00663	0.00331	0.00540
8	0.01284	0.02676	0.53334	0.01906	0.02665	0.01491	0.16841	0.01899	0.01290	0.01899	0.01100	0.01372	0.00810	0.00615	0.00747	0.00204	0.08216	0.00517	0.00270	0.00866
9	0.00746	0.00533	0.00710	0.00852	0.00888	0.00497	0.00568	0.00852	0.01172	0.01563	0.03374	0.78088	0.04049	0.01918	0.00781	0.00249	0.00355	0.01740	0.00568	0.00497
10	0.00938	0.00706	0.01034	0.01010	0.01106	0.00843	0.00788	0.01127	0.00984	0.01447	0.01552	0.02276	0.01443	0.03970	0.62148	0.05085	0.08255	0.00635	0.04108	0.00544

[dist]
# distance from previous block
# <min> <max>
0	31

[block]
# block no. 3 follows, 37 sequences, length 18
# corresponding to MSA columns:
# 913-930
name=unknown_D
#
# <colnr> <probs for GDERKNQSTAVLIFYWHMCP>
#	G	D	E	R	K	N	Q	S	T	A	V	L	I	F	Y	W	H	M	C	P
0	0.01007	0.00735	0.00994	0.01108	0.01258	0.00745	0.00949	0.01379	0.06283	0.01894	0.06106	0.09740	0.03527	0.01625	0.00822	0.00272	0.00538	0.59857	0.00572	0.00589
1	0.01330	0.01278	0.02232	0.13004	0.23889	0.01308	0.19504	0.04078	0.07816	0.01957	0.01707	0.15851	0.01591	0.00834	0.00671	0.00206	0.00725	0.00825	0.00388	0.00806
2	0.01056	0.00689	0.00870	0.00803	0.00992	0.00634	0.00609	0.01370	0.04331	0.09581	0.53364	0.06865	0.13980	0.01247	0.00710	0.00196	0.00324	0.01088	0.00663	0.00628
3	0.01189	0.00716	0.00910	0.00899	0.01049	0.00686	0.00658	0.06088	0.01445	0.11852	0.14108	0.35443	0.03456	0.09759	0.00982	0.00263	0.00426	0.06063	0.03394	0.00614
4	0.01656	0.55042	0.15534	0.01235	0.01823	0.02121	0.03201	0.06552	0.01388	0.05054	0.01016	0.01136	0.00838	0.00558	0.00459	0.00150	0.00703	0.00388	0.00308	0.00836
5	0.01347	0.07097	0.47773	0.01840	0.02602	0.01508	0.17798	0.05847	0.01399	0.02000	0.01159	0.01411	0.00857	0.00740	0.03775	0.00226	0.00936	0.00520	0.00293	0.00872
6	0.00791	0.00565	0.00762	0.00904	0.00959	0.00536	0.00647	0.00930	0.01216	0.01613	0.03349	0.64756	0.03950	0.01875	0.00793	0.00255	0.00394	0.14627	0.00567	0.00510
7	0.01301	0.06262	0.01860	0.48953	0.03248	0.01457	0.01459	0.06366	0.01310	0.01754	0.01066	0.01500	0.00839	0.00647	0.00736	0.00191	0.09431	0.00507	0.00305	0.10807
8	0.01560	0.02943	0.10668	0.01546	0.01855	0.05879	0.09070	0.06439	0.01343	0.10423	0.03677	0.01672	0.01160	0.01261	0.09652	0.00307	0.28822	0.00577	0.00375	0.00770
9	0.00787	0.00555	0.00715	0.00808	0.00850	0.00525	0.00532	0.00896	0.01186	0.01599	0.11591	0.55399	0.03913	0.16201	0.01212	0.00307	0.00392	0.01505	0.00544	0.00483
10	0.08593	0.09740	0.44989	0.01477	0.02147	0.01493	0.01717	0.06255	0.03788	0.02106	0.05047	0.01666	0.01187	0.00690	0.00626	0.00194	0.03981	0.03123	0.00337	0.00842
11	0.06859	0.19531	0.19202	0.01331	0.01881	0.04082	0.03750	0.10794	0.01578	0.17145	0.04090	0.01519	0.01151	0.00667	0.00604	0.00179	0.03830	0.00497	0.00433	0.00876
12	0.00880	0.00636	0.00881	0.00881	0.00955	0.00710	0.00637	0.01027	0.00953	0.01345	0.01733	0.02923	0.01755	0.28530	0.52431	0.00857	0.01301	0.00732	0.00342	0.00490
13	0.00833	0.00592	0.00709	0.00727	0.00796	0.00560	0.00477	0.00948	0.01226	0.01646	0.21143	0.20030	0.12441	0.33195	0.01719	0.00371	0.00431	0.01174	0.00514	0.00468
14	0.04304	0.12797	0.17053	0.01440	0.06600	0.01343	0.03694	0.01782	0.09551	0.04212	0.01869	0.16755	0.01821	0.02827	0.00772	0.00217	0.05661	0.06129	0.00413	0.00759
15	0.06050	0.10387	0.09044	0.01400	0.01846	0.04644	0.07928	0.12139	0.20745	0.08488	0.04913	0.01774	0.01405	0.00735	0.00680	0.00193	0.05687	0.00581	0.00480	0.00880
16	0.01032	0.00836	0.01311	0.04280	0.01464	0.00845	0.10893	0.01340	0.06029	0.04540	0.09909	0.44819	0.03239	0.01439	0.00808	0.00231	0.04533	0.01308	0.00525	0.00620
17	0.01710	0.04205	0.02102	0.12734	0.09964	0.16562	0.14594	0.06207	0.04518	0.08502	0.05570	0.01735	0.01282	0.00677	0.00671	0.00188	0.03979	0.00586	0.03412	0.00802

[dist]
# distance from previous block
# <min> <max>
1	30

[block]
# block no. 4 follows, 37 sequences, length 33
# corresponding to MSA columns:
# 962-994
name=unknown_E
#
# <colnr> <probs for GDERKNQSTAVLIFYWHMCP>
#	G	D	E	R	K	N	Q	S	T	A	V	L	I	F	Y	W	H	M	C	P
0	0.01830	0.01660	0.01621	0.01290	0.01746	0.14364	0.03158	0.24624	0.13845	0.02594	0.01422	0.01484	0.01089	0.00638	0.00557	0.00155	0.00659	0.00494	0.00475	0.26295
1	0.01297	0.00739	0.00993	0.00994	0.01201	0.00689	0.00818	0.01539	0.01498	0.17613	0.12843	0.13601	0.09833	0.01445	0.00761	0.00239	0.00471	0.32147	0.00621	0.00656
2	0.04427	0.01240	0.06689	0.28967	0.08871	0.01222	0.06438	0.05766	0.04440	0.05129	0.18319	0.02298	0.02071	0.00767	0.00635	0.00197	0.00660	0.00683	0.00428	0.00754
3	0.06024	0.07449	0.42135	0.01748	0.09753	0.01447	0.03712	0.04060	0.07406	0.03248	0.03663	0.02944	0.02461	0.00662	0.00579	0.00190	0.00760	0.00539	0.00345	0.00874
4	0.00753	0.00549	0.00711	0.00838	0.00896	0.00507	0.00573	0.00871	0.01205	0.01583	0.03677	0.67482	0.11704	0.01869	0.00777	0.00245	0.00358	0.04332	0.00568	0.00502
5	0.00874	0.00656	0.00984	0.00984	0.01093	0.00765	0.00765	0.01093	0.00984	0.01421	0.01640	0.02405	0.01530	0.04591	0.76062	0.00984	0.01640	0.00656	0.00328	0.00547
6	0.01298	0.16969	0.57054	0.06716	0.02557	0.01602	0.02000	0.01894	0.01279	0.01821	0.01052	0.01258	0.00780	0.00573	0.00549	0.00183	0.00853	0.00436	0.00260	0.00867
7	0.01290	0.01237	0.02282	0.25589	0.13854	0.01303	0.24067	0.01692	0.01327	0.01857	0.01392	0.03370	0.01151	0.00669	0.00675	0.00200	0.02901	0.03725	0.10671	0.00748
8	0.01087	0.00704	0.00908	0.00827	0.01015	0.00660	0.00630	0.01448	0.05578	0.09638	0.63394	0.04204	0.05146	0.01180	0.00706	0.00193	0.00322	0.01036	0.00679	0.00644
9	0.01445	0.01651	0.03612	0.02580	0.03199	0.01548	0.72446	0.01961	0.01445	0.01961	0.01238	0.01651	0.00929	0.00516	0.00722	0.00206	0.01032	0.00722	0.00310	0.00826
10	0.01933	0.01264	0.01651	0.01319	0.01664	0.01368	0.05974	0.27664	0.01866	0.18659	0.01594	0.01775	0.01191	0.01352	0.10485	0.06185	0.09618	0.00588	0.03000	0.00850
11	0.01769	0.01217	0.01198	0.01001	0.01309	0.06535	0.00797	0.30045	0.01974	0.06078	0.01729	0.01864	0.01299	0.00718	0.00519	0.00162	0.00510	0.00552	0.39934	0.00790
12	0.44125	0.01285	0.01148	0.00955	0.01375	0.06281	0.00771	0.03791	0.05432	0.11885	0.01217	0.01283	0.00909	0.00593	0.00456	0.00169	0.00524	0.00405	0.00440	0.16957
13	0.01811	0.07419	0.01854	0.14047	0.02209	0.42808	0.05496	0.02030	0.01503	0.01530	0.01176	0.01752	0.01056	0.05960	0.00788	0.00206	0.02853	0.04496	0.00321	0.00685
14	0.00836	0.00625	0.00777	0.00739	0.00896	0.00565	0.00554	0.01097	0.01662	0.02287	0.60088	0.04848	0.20139	0.01314	0.00722	0.00195	0.00293	0.01146	0.00652	0.00565
15	0.00796	0.00585	0.00749	0.00807	0.00909	0.00538	0.00579	0.00980	0.01404	0.01889	0.27539	0.39574	0.14420	0.01631	0.00757	0.00226	0.00338	0.05147	0.00603	0.00530
16	0.01369	0.01147	0.01323	0.00954	0.01493	0.00918	0.00767	0.08246	0.01421	0.02170	0.01124	0.01288	0.00919	0.00480	0.00468	0.00099	0.00474	0.00380	0.00386	0.74572
17	0.01156	0.01088	0.01836	0.77016	0.04216	0.01360	0.01700	0.01564	0.01224	0.01564	0.01088	0.01632	0.00816	0.00612	0.00612	0.00204	0.00816	0.00544	0.00272	0.00680
18	0.00762	0.00545	0.00729	0.00871	0.00914	0.00511	0.00597	0.00881	0.01188	0.01581	0.03365	0.73199	0.04012	0.01902	0.00786	0.00251	0.00369	0.06466	0.00568	0.00502
19	0.00874	0.00656	0.00984	0.00984	0.01093	0.00765	0.00765	0.01093	0.00984	0.01421	0.01640	0.02405	0.01530	0.04591	0.76062	0.00984	0.01640	0.00656	0.00328	0.00547
20	0.00802	0.00589	0.00759	0.00881	0.00938	0.00571	0.00597	0.01025	0.06370	0.01634	0.03310	0.72645	0.03892	0.01840	0.00770	0.00246	0.00364	0.01665	0.00572	0.00531
21	0.00866	0.00697	0.01115	0.01107	0.01231	0.00658	0.09750	0.01047	0.01237	0.01648	0.03085	0.59157	0.03584	0.01710	0.00782	0.00248	0.00468	0.10528	0.00535	0.00548
22	0.00895	0.00751	0.00761	0.00732	0.00917	0.04877	0.00549	0.01111	0.01544	0.02003	0.33003	0.04877	0.38412	0.01329	0.00696	0.00194	0.00346	0.01124	0.05324	0.00555
23	0.01781	0.01220	0.01355	0.01168	0.01531	0.01335	0.00922	0.07998	0.47243	0.17184	0.04645	0.02257	0.01843	0.00815	0.00611	0.00198	0.00487	0.00672	0.05783	0.00951
24	0.01311	0.00761	0.00985	0.00870	0.01098	0.00710	0.00673	0.01686	0.06604	0.17911	0.54179	0.03888	0.04605	0.01118	0.00693	0.00193	0.00351	0.00974	0.00688	0.00703
25	0.79081	0.01177	0.00924	0.00818	0.01201	0.01351	0.00674	0.01855	0.01075	0.06117	0.00925	0.01045	0.00703	0.00577	0.00390	0.00189	0.00476	0.00345	0.00396	0.00681
26	0.12522	0.01247	0.01399	0.01140	0.01549	0.01297	0.00934	0.24413	0.09242	0.22257	0.07130	0.02260	0.01717	0.00823	0.00602	0.00192	0.00542	0.05612	0.00612	0.04510
27	0.01283	0.00737	0.00935	0.00841	0.01058	0.00688	0.00646	0.01631	0.05785	0.16524	0.44466	0.07062	0.06760	0.01126	0.00673	0.00192	0.00349	0.00977	0.07584	0.00684
28	0.00935	0.00667	0.00914	0.00916	0.01016	0.00729	0.00678	0.04162	0.01121	0.01582	0.05144	0.14571	0.02155	0.11984	0.43887	0.04042	0.01128	0.00861	0.02977	0.00531
29	0.00795	0.00635	0.00724	0.00767	0.00943	0.00564	0.00605	0.00984	0.01398	0.01724	0.08107	0.10977	0.49402	0.01597	0.00757	0.00227	0.00374	0.18317	0.00572	0.00529
30	0.01350	0.06839	0.04097	0.23724	0.30539	0.01367	0.05191	0.01732	0.03092	0.04025	0.01656	0.06237	0.06097	0.00722	0.00616	0.00192	0.00706	0.00661	0.00345	0.00809
31	0.02123	0.01803	0.07082	0.01441	0.01911	0.04183	0.01242	0.55617	0.07439	0.03390	0.01450	0.01492	0.01054	0.00751	0.00706	0.00191	0.06035	0.00548	0.00554	0.00990
32	0.19762	0.14730	0.02173	0.15188	0.14922	0.01527	0.12658	0.01737	0.01257	0.01960	0.01225	0.05139	0.01084	0.00665	0.00556	0.00190	0.00698	0.03445	0.00332	0.00755

[dist]
# distance from previous block
# <min> <max>
0	3

[block]
# block no. 5 follows, 37 sequences, length 38
# corresponding to MSA columns:
# 1011-1038,1061-1070
name=unknown_F
#
# <colnr> <probs for GDERKNQSTAVLIFYWHMCP>
#	G	D	E	R	K	N	Q	S	T	A	V	L	I	F	Y	W	H	M	C	P
0	0.05551	0.04251	0.01307	0.05092	0.01511	0.00943	0.02040	0.04619	0.01371	0.02104	0.08983	0.06861	0.01648	0.00681	0.00516	0.00134	0.00470	0.00566	0.04663	0.46689
1	0.02174	0.01048	0.01326	0.01076	0.01469	0.01001	0.00867	0.05783	0.14885	0.45936	0.15058	0.02531	0.02309	0.00857	0.00636	0.00193	0.00480	0.00713	0.00712	0.00947
2	0.04963	0.01314	0.01946	0.28830	0.27075	0.06435	0.04646	0.01711	0.01308	0.01821	0.01255	0.05197	0.01068	0.00671	0.00650	0.00193	0.03705	0.00591	0.05850	0.00769
3	0.01477	0.38742	0.22101	0.01385	0.06748	0.01751	0.01349	0.01757	0.01221	0.04408	0.01030	0.01273	0.00864	0.00785	0.00760	0.12180	0.00704	0.00417	0.00284	0.00764
4	0.00792	0.00613	0.00722	0.00716	0.00874	0.00543	0.00529	0.01004	0.01527	0.02014	0.37451	0.13377	0.34730	0.01453	0.00729	0.00205	0.00305	0.01257	0.00617	0.00543
5	0.00764	0.00546	0.00730	0.00863	0.00909	0.00512	0.00591	0.00888	0.01209	0.01616	0.06504	0.71078	0.04097	0.01876	0.00782	0.00248	0.00363	0.05347	0.00573	0.00504
6	0.01681	0.01592	0.01936	0.04222	0.31455	0.13013	0.01423	0.04978	0.16479	0.05528	0.01535	0.01864	0.01253	0.00727	0.00718	0.00195	0.06459	0.03642	0.00413	0.00888
7	0.01637	0.78856	0.03208	0.01047	0.01571	0.02422	0.01047	0.01833	0.01244	0.01440	0.00851	0.00982	0.00786	0.00524	0.00393	0.00131	0.00655	0.00327	0.00262	0.00786
8	0.00762	0.00544	0.00729	0.00871	0.00914	0.00511	0.00597	0.00881	0.01188	0.01581	0.03365	0.73217	0.04013	0.01902	0.00786	0.00251	0.00369	0.06448	0.00568	0.00502
9	0.00884	0.00666	0.00911	0.00858	0.01022	0.00614	0.04319	0.01139	0.01544	0.02143	0.41938	0.14363	0.15416	0.01334	0.00717	0.00204	0.00354	0.04831	0.06175	0.00569
10	0.01291	0.08809	0.59220	0.01813	0.02646	0.01518	0.12454	0.01934	0.01311	0.01903	0.01100	0.01321	0.00799	0.00567	0.00588	0.00191	0.00904	0.00482	0.00266	0.00884
11	0.01142	0.00729	0.01012	0.01092	0.01264	0.00712	0.00942	0.01420	0.01470	0.08804	0.09506	0.06242	0.03534	0.01564	0.00813	0.00265	0.00535	0.57753	0.00592	0.00610
12	0.01362	0.00920	0.01075	0.00959	0.01218	0.00947	0.00743	0.04454	0.23698	0.11533	0.32089	0.04752	0.06111	0.01030	0.00656	0.00195	0.00392	0.00882	0.06217	0.00767
13	0.01461	0.01399	0.02387	0.14784	0.64065	0.01440	0.01852	0.01831	0.01368	0.01934	0.01142	0.01533	0.00946	0.00555	0.00607	0.00185	0.00741	0.00545	0.00298	0.00926
14	0.64944	0.01050	0.00828	0.00754	0.01081	0.01198	0.00612	0.01718	0.01095	0.02645	0.01103	0.01276	0.00861	0.00600	0.00390	0.00179	0.00432	0.00384	0.18210	0.00643
15	0.00900	0.00864	0.07801	0.00861	0.01077	0.00657	0.00735	0.01229	0.01691	0.02406	0.67481	0.04265	0.05307	0.01189	0.00709	0.00193	0.00347	0.01046	0.00635	0.00608
16	0.01445	0.01651	0.03612	0.02580	0.03199	0.01548	0.72446	0.01961	0.01445	0.01961	0.01238	0.01651	0.00929	0.00516	0.00722	0.00206	0.01032	0.00722	0.00310	0.00826
17	0.01474	0.03827	0.01836	0.01528	0.01652	0.12594	0.03972	0.04976	0.01182	0.01601	0.00990	0.01460	0.00918	0.01441	0.11908	0.00341	0.46783	0.00533	0.00301	0.00686
18	0.01460	0.01082	0.01289	0.00930	0.01465	0.00827	0.00748	0.01728	0.01332	0.11454	0.01260	0.01375	0.00985	0.00493	0.00474	0.00103	0.00462	0.00395	0.00414	0.71723
19	0.01035	0.00867	0.01269	0.01191	0.01396	0.00870	0.10028	0.01540	0.14491	0.01906	0.06805	0.31358	0.06895	0.01435	0.00753	0.00238	0.00505	0.16225	0.00549	0.00645
20	0.01156	0.01088	0.01836	0.77016	0.04216	0.01360	0.01700	0.01564	0.01224	0.01564	0.01088	0.01632	0.00816	0.00612	0.00612	0.00204	0.00816	0.00544	0.00272	0.00680
21	0.82811	0.01184	0.00900	0.00805	0.01184	0.01373	0.00663	0.01799	0.01042	0.02746	0.00852	0.00994	0.00663	0.00568	0.00379	0.00189	0.00474	0.00331	0.00379	0.00663
22	0.00746	0.00533	0.00710	0.00852	0.00888	0.00497	0.00568	0.00852	0.01172	0.01563	0.03374	0.78088	0.04049	0.01918	0.00781	0.00249	0.00355	0.01740	0.00568	0.00497
23	0.00890	0.00593	0.00668	0.00668	0.00668	0.00593	0.00371	0.00890	0.00890	0.01187	0.01929	0.04006	0.02225	0.78487	0.03116	0.00593	0.00593	0.00890	0.00371	0.00371
24	0.00746	0.00533	0.00710	0.00852	0.00888	0.00497	0.00568	0.00852	0.01172	0.01563	0.03374	0.78088	0.04049	0.01918	0.00781	0.00249	0.00355	0.01740	0.00568	0.00497
25	0.01156	0.01088	0.01836	0.77016	0.04216	0.01360	0.01700	0.01564	0.01224	0.01564	0.01088	0.01632	0.00816	0.00612	0.00612	0.00204	0.00816	0.00544	0.00272	0.00680
26	0.01560	0.01720	0.01653	0.01470	0.01588	0.25578	0.01168	0.01708	0.01199	0.01463	0.01015	0.01522	0.00960	0.04439	0.12387	0.00349	0.38751	0.00521	0.00296	0.00653
27	0.00888	0.00667	0.00972	0.00965	0.01059	0.00775	0.00736	0.01080	0.00972	0.01396	0.01650	0.02557	0.01589	0.12821	0.65894	0.00921	0.03517	0.00679	0.00331	0.00530
28	0.00753	0.00536	0.00708	0.00844	0.00878	0.00502	0.00559	0.00854	0.01159	0.01545	0.03306	0.74629	0.03963	0.05493	0.00890	0.00265	0.00366	0.01700	0.00559	0.00491
29	0.01553	0.01102	0.01269	0.01105	0.01387	0.01162	0.00867	0.31024	0.04711	0.05847	0.16507	0.22249	0.02923	0.01193	0.00689	0.00208	0.00496	0.04305	0.00617	0.00783
30	0.01187	0.01131	0.01926	0.01624	0.05043	0.01152	0.23661	0.01708	0.11604	0.02036	0.17510	0.14962	0.05201	0.01031	0.00820	0.00215	0.07025	0.00963	0.00479	0.00722
31	0.01827	0.01224	0.01455	0.01327	0.06514	0.01282	0.01000	0.28158	0.09408	0.13994	0.10770	0.02754	0.04745	0.00919	0.00644	0.00196	0.00544	0.07456	0.04901	0.00883
32	0.01216	0.00903	0.01029	0.00934	0.01161	0.00942	0.00716	0.11792	0.15997	0.02532	0.31680	0.10390	0.07338	0.01115	0.00661	0.00195	0.00390	0.00957	0.09343	0.00710
33	0.06919	0.01286	0.02146	0.35151	0.36052	0.01412	0.04832	0.01741	0.01299	0.01861	0.01107	0.01536	0.00880	0.00574	0.00598	0.00193	0.00762	0.00538	0.00295	0.00817
34	0.01567	0.52112	0.17172	0.01228	0.01798	0.04847	0.01283	0.02041	0.09658	0.01671	0.01094	0.01199	0.00909	0.00575	0.00463	0.00153	0.00701	0.00397	0.00305	0.00828
35	0.01430	0.01291	0.02090	0.02870	0.48636	0.01375	0.01564	0.01713	0.01298	0.04890	0.01446	0.11950	0.01383	0.00834	0.00879	0.00206	0.14230	0.00710	0.00352	0.00855
36	0.00750	0.00536	0.00714	0.00849	0.00889	0.00500	0.00569	0.00864	0.01193	0.01596	0.06010	0.75357	0.04113	0.01893	0.00779	0.00247	0.00353	0.01717	0.00572	0.00500
37	0.08902	0.04655	0.01362	0.00968	0.01470	0.05599	0.00781	0.01777	0.04489	0.05509	0.01172	0.01305	0.00943	0.00509	0.00465	0.00115	0.00509	0.00387	0.00387	0.58694

[dist]
# distance from previous block
# <min> <max>
1	69

[block]
# block no. 6 follows, 37 sequences, length 28
# corresponding to MSA columns:
# 1193-1220
name=unknown_G
#
# <colnr> <probs for GDERKNQSTAVLIFYWHMCP>
#	G	D	E	R	K	N	Q	S	T	A	V	L	I	F	Y	W	H	M	C	P
0	0.50211	0.11283	0.01232	0.04558	0.01324	0.01337	0.00746	0.01651	0.01228	0.02453	0.16935	0.01806	0.01805	0.00714	0.00467	0.00183	0.00474	0.00511	0.00423	0.00661
1	0.03822	0.21297	0.02005	0.01248	0.01691	0.05675	0.01052	0.26089	0.24097	0.02647	0.01575	0.01561	0.01205	0.00694	0.00547	0.00174	0.00622	0.00519	0.00499	0.02981
2	0.00895	0.00672	0.00835	0.00786	0.00951	0.00635	0.00592	0.01267	0.06549	0.02374	0.62022	0.04562	0.13036	0.01256	0.00715	0.00195	0.00304	0.01099	0.00659	0.00597
3	0.01786	0.14163	0.15604	0.01630	0.08915	0.01570	0.06915	0.17848	0.05014	0.13004	0.01658	0.04188	0.03569	0.00711	0.00590	0.00184	0.00693	0.00590	0.00456	0.00913
4	0.01580	0.68766	0.05820	0.01098	0.01588	0.02295	0.01092	0.01786	0.01216	0.01454	0.00890	0.01107	0.00829	0.02896	0.00582	0.00156	0.05448	0.00362	0.00265	0.00770
5	0.02461	0.01109	0.01417	0.01122	0.01556	0.01041	0.00929	0.14764	0.01897	0.53646	0.02295	0.02358	0.01590	0.00823	0.00623	0.00193	0.00539	0.05969	0.04687	0.00982
6	0.00820	0.00624	0.00800	0.00804	0.00944	0.00603	0.00607	0.01035	0.01381	0.01859	0.27436	0.12622	0.23025	0.02258	0.19626	0.00404	0.00650	0.03414	0.00543	0.00544
7	0.01796	0.17559	0.22924	0.01450	0.04487	0.01552	0.02983	0.12029	0.01602	0.17520	0.01458	0.01659	0.01095	0.00681	0.00611	0.00181	0.03168	0.03252	0.00433	0.03561
8	0.00879	0.00589	0.00671	0.00682	0.00685	0.00586	0.00386	0.00887	0.00912	0.01216	0.02040	0.09691	0.02365	0.72611	0.02936	0.00567	0.00575	0.00955	0.00386	0.00381
9	0.00777	0.00573	0.00727	0.00791	0.00886	0.00523	0.00554	0.00944	0.01369	0.01833	0.24209	0.45349	0.15880	0.01667	0.00755	0.00226	0.00329	0.01486	0.00599	0.00523
10	0.00768	0.00552	0.00733	0.00863	0.00916	0.00517	0.00598	0.00897	0.01218	0.01620	0.06176	0.67643	0.06177	0.01864	0.00782	0.00248	0.00367	0.06983	0.00572	0.00506
11	0.01461	0.04334	0.18161	0.05281	0.07260	0.03545	0.35170	0.03636	0.01402	0.04265	0.01233	0.03136	0.00964	0.00624	0.00760	0.00203	0.06786	0.00626	0.00320	0.00834
12	0.02287	0.02917	0.01735	0.01577	0.01892	0.76030	0.01183	0.02444	0.01735	0.01498	0.00946	0.01104	0.00788	0.00631	0.00552	0.00158	0.01104	0.00394	0.00315	0.00710
13	0.00950	0.00580	0.00736	0.00768	0.00798	0.00563	0.00486	0.00943	0.00997	0.04203	0.02249	0.27326	0.02564	0.36408	0.02130	0.15865	0.00502	0.01085	0.00430	0.00418
14	0.05843	0.15871	0.01843	0.14566	0.05754	0.01540	0.01118	0.21785	0.01783	0.05979	0.07911	0.02122	0.05993	0.00777	0.00577	0.00182	0.00612	0.02491	0.02445	0.00809
15	0.01311	0.03050	0.71258	0.01709	0.02590	0.01393	0.02187	0.01996	0.01318	0.05956	0.01171	0.01336	0.00816	0.00591	0.00583	0.00194	0.00884	0.00461	0.00286	0.00912
16	0.01562	0.01144	0.01307	0.01205	0.01519	0.01257	0.00975	0.06100	0.43139	0.10709	0.02628	0.03424	0.02218	0.01041	0.00679	0.00224	0.00518	0.18853	0.00622	0.00875
17	0.02090	0.02532	0.01600	0.01442	0.01757	0.60698	0.01090	0.07630	0.01779	0.01699	0.01657	0.01743	0.10210	0.00756	0.00578	0.00166	0.00969	0.00521	0.00370	0.00710
18	0.01250	0.01330	0.06215	0.48487	0.13548	0.01385	0.13003	0.01681	0.01292	0.01716	0.01191	0.01772	0.00941	0.00621	0.00635	0.00203	0.00835	0.02851	0.00291	0.00752
19	0.00746	0.00533	0.00710	0.00852	0.00888	0.00497	0.00568	0.00852	0.01172	0.01563	0.03374	0.78088	0.04049	0.01918	0.00781	0.00249	0.00355	0.01740	0.00568	0.00497
20	0.01063	0.00532	0.00797	0.00797	0.00797	0.00532	0.00532	0.00797	0.00797	0.01063	0.01063	0.01861	0.01063	0.02127	0.02392	0.82190	0.00532	0.00532	0.00266	0.00266
21	0.00805	0.00620	0.00703	0.00682	0.00859	0.00545	0.00512	0.01024	0.01535	0.02028	0.35270	0.05149	0.41397	0.01381	0.00708	0.00198	0.00300	0.01177	0.04561	0.00545
22	0.01156	0.01088	0.01836	0.77016	0.04216	0.01360	0.01700	0.01564	0.01224	0.01564	0.01088	0.01632	0.00816	0.00612	0.00612	0.00204	0.00816	0.00544	0.00272	0.00680
23	0.00880	0.00643	0.00856	0.00977	0.01097	0.00619	0.00793	0.01094	0.01339	0.01730	0.03695	0.27203	0.13627	0.01736	0.00810	0.00262	0.00468	0.41067	0.00566	0.00538
24	0.01419	0.01586	0.03292	0.04895	0.02993	0.01591	0.59411	0.01874	0.01361	0.01874	0.01168	0.01604	0.00906	0.00603	0.00912	0.00216	0.12507	0.00688	0.00302	0.00797
25	0.05421	0.01391	0.01792	0.01625	0.07255	0.07938	0.06352	0.03241	0.04800	0.12241	0.01305	0.01701	0.01093	0.05806	0.04226	0.00276	0.31820	0.00574	0.00386	0.00759
26	0.01364	0.01393	0.02886	0.06295	0.02772	0.01325	0.51791	0.01798	0.01411	0.04771	0.01681	0.10725	0.01510	0.00785	0.00729	0.00217	0.00885	0.06520	0.00375	0.00768
27	0.18425	0.01429	0.01596	0.01699	0.18046	0.08671	0.01106	0.10787	0.03935	0.15160	0.01442	0.03998	0.01118	0.00664	0.00547	0.00176	0.00620	0.00525	0.00463	0.09594

[dist]
# distance from previous block
# <min> <max>
0	9

[block]
# block no. 7 follows, 37 sequences, length 42
# corresponding to MSA columns:
# 1230-1271
name=unknown_H
#
# <colnr> <probs for GDERKNQSTAVLIFYWHMCP>
#	G	D	E	R	K	N	Q	S	T	A	V	L	I	F	Y	W	H	M	C	P
0	0.01691	0.01365	0.02020	0.07330	0.43341	0.04778	0.01500	0.04474	0.04512	0.13679	0.04921	0.01943	0.04341	0.00679	0.00616	0.00186	0.00668	0.00612	0.00426	0.00917
1	0.03049	0.01273	0.05076	0.34943	0.10229	0.01304	0.13622	0.01843	0.05578	0.07131	0.08505	0.01956	0.01445	0.00673	0.00636	0.00200	0.00748	0.00636	0.00378	0.00775
2	0.01156	0.01088	0.01836	0.77016	0.04216	0.01360	0.01700	0.01564	0.01224	0.01564	0.01088	0.01632	0.00816	0.00612	0.00612	0.00204	0.00816	0.00544	0.00272	0.00680
3	0.01478	0.02827	0.60846	0.01653	0.02475	0.01435	0.02025	0.10208	0.01513	0.08063	0.01248	0.01377	0.00866	0.00614	0.00588	0.00192	0.00847	0.00477	0.00340	0.00932
4	0.01391	0.01386	0.04340	0.25419	0.46263	0.01447	0.01788	0.01803	0.03167	0.01858	0.01149	0.01555	0.00933	0.00598	0.00673	0.00193	0.04327	0.00546	0.00299	0.00867
5	0.01253	0.06655	0.69989	0.01735	0.02614	0.01472	0.04127	0.01934	0.01294	0.01916	0.01091	0.01288	0.00780	0.00577	0.00577	0.00191	0.00896	0.00454	0.00260	0.00897
6	0.01156	0.01088	0.01836	0.77016	0.04216	0.01360	0.01700	0.01564	0.01224	0.01564	0.01088	0.01632	0.00816	0.00612	0.00612	0.00204	0.00816	0.00544	0.00272	0.00680
7	0.01379	0.01463	0.02384	0.07240	0.07012	0.09880	0.33084	0.01809	0.04781	0.01840	0.01780	0.12680	0.01690	0.00885	0.00706	0.00214	0.00832	0.09211	0.00388	0.00741
8	0.01390	0.31916	0.45812	0.01504	0.02255	0.01806	0.03829	0.01899	0.01278	0.01750	0.01008	0.01185	0.00784	0.00558	0.00514	0.00170	0.00813	0.00413	0.00261	0.00857
9	0.00743	0.00543	0.00700	0.00825	0.00881	0.00499	0.00556	0.00855	0.01198	0.01573	0.03701	0.69729	0.12197	0.01875	0.00775	0.00244	0.00350	0.01688	0.00568	0.00499
10	0.01290	0.01249	0.02189	0.48267	0.25467	0.01405	0.07987	0.01694	0.01295	0.01731	0.01120	0.01598	0.00872	0.00583	0.00620	0.00197	0.00808	0.00560	0.00285	0.00781
11	0.00880	0.00735	0.01078	0.00995	0.01182	0.00678	0.08897	0.01136	0.03089	0.01879	0.20394	0.27289	0.22734	0.01465	0.00745	0.00220	0.00420	0.05046	0.00564	0.00574
12	0.00759	0.00547	0.00719	0.00834	0.00889	0.00507	0.00566	0.00888	0.01245	0.01669	0.11695	0.66933	0.06825	0.01827	0.00772	0.00241	0.00346	0.01650	0.00580	0.00507
13	0.00841	0.00625	0.00783	0.00744	0.00899	0.00567	0.00558	0.01106	0.01673	0.02313	0.62325	0.04805	0.17885	0.01304	0.00722	0.00195	0.00293	0.01140	0.00655	0.00567
14	0.77932	0.01216	0.00957	0.00842	0.01227	0.01405	0.00693	0.06093	0.01153	0.02814	0.00890	0.01023	0.00686	0.00578	0.00393	0.00189	0.00486	0.00345	0.00393	0.00686
15	0.01557	0.01308	0.01382	0.01225	0.01564	0.01500	0.00950	0.09419	0.62729	0.02595	0.02364	0.02314	0.01815	0.05529	0.00773	0.00229	0.00508	0.00691	0.00607	0.00939
16	0.02358	0.02145	0.01746	0.01443	0.01857	0.33094	0.01141	0.34920	0.02265	0.11109	0.01358	0.01386	0.00989	0.00694	0.00587	0.00173	0.00838	0.00492	0.00504	0.00901
17	0.00743	0.00543	0.00700	0.00825	0.00881	0.00499	0.00556	0.00855	0.01198	0.01573	0.03701	0.69729	0.12197	0.01875	0.00775	0.00244	0.00350	0.01688	0.00568	0.00499
18	0.00966	0.09755	0.03185	0.00830	0.01039	0.00815	0.00679	0.01256	0.01664	0.02323	0.63782	0.04065	0.05058	0.01148	0.00680	0.00185	0.00348	0.00998	0.00614	0.00611
19	0.01205	0.01145	0.01956	0.66640	0.12347	0.01376	0.03521	0.01611	0.01249	0.01625	0.01099	0.01619	0.00837	0.00602	0.00614	0.00201	0.00811	0.00549	0.00277	0.00717
20	0.00755	0.00543	0.00718	0.00848	0.00895	0.00506	0.00575	0.00874	0.01206	0.01606	0.06191	0.71324	0.06398	0.01875	0.00779	0.00246	0.00356	0.03233	0.00572	0.00502
21	0.02376	0.01637	0.01789	0.01371	0.01859	0.01783	0.01133	0.64564	0.02748	0.12106	0.01579	0.01541	0.01096	0.00737	0.00613	0.00184	0.00656	0.00559	0.00629	0.01041
22	0.01504	0.02066	0.16070	0.02316	0.02951	0.10150	0.51788	0.02013	0.01451	0.01903	0.01180	0.01524	0.00885	0.00541	0.00678	0.00199	0.01018	0.00637	0.00301	0.00826
23	0.00808	0.00589	0.00793	0.04196	0.01057	0.00570	0.00643	0.00960	0.01249	0.01670	0.11451	0.53628	0.05446	0.06396	0.00913	0.00263	0.00400	0.07898	0.00555	0.00513
24	0.01473	0.32030	0.36259	0.01589	0.04857	0.06447	0.05791	0.01929	0.01314	0.01724	0.01004	0.01191	0.00796	0.00557	0.00516	0.00168	0.00822	0.00420	0.00268	0.00845
25	0.65897	0.09356	0.03589	0.00880	0.01269	0.01472	0.00770	0.01783	0.01076	0.02523	0.00900	0.01062	0.00717	0.00586	0.00444	0.00184	0.03118	0.00351	0.03342	0.00680
26	0.00860	0.00627	0.00813	0.00799	0.00940	0.00580	0.00608	0.01127	0.01642	0.02282	0.58259	0.09595	0.10275	0.01357	0.00738	0.00206	0.00321	0.07755	0.00649	0.00567
27	0.01586	0.19007	0.04542	0.01229	0.01645	0.01746	0.01046	0.07093	0.50203	0.02362	0.02006	0.01902	0.01532	0.00746	0.00568	0.00188	0.00550	0.00592	0.00527	0.00929
28	0.05891	0.01432	0.12040	0.05079	0.01764	0.01234	0.01116	0.16201	0.12084	0.17146	0.06265	0.11375	0.01853	0.00893	0.00621	0.00199	0.00574	0.00739	0.02628	0.00866
29	0.01951	0.07338	0.11311	0.01666	0.09070	0.01521	0.06615	0.18495	0.03480	0.20429	0.01511	0.01583	0.01083	0.00699	0.00735	0.00191	0.08268	0.00547	0.00485	0.03022
30	0.00923	0.02469	0.00963	0.05910	0.03707	0.00731	0.00730	0.01227	0.05351	0.01924	0.21355	0.21892	0.18659	0.01381	0.00710	0.00214	0.00400	0.06944	0.03918	0.00590
31	0.00874	0.00656	0.00984	0.00984	0.01093	0.00765	0.00765	0.01093	0.00984	0.01421	0.01640	0.02405	0.01530	0.04591	0.76062	0.00984	0.01640	0.00656	0.00328	0.00547
32	0.09902	0.01327	0.01775	0.08323	0.13362	0.01393	0.05494	0.16944	0.10971	0.20103	0.03194	0.01772	0.01285	0.00693	0.00600	0.00192	0.00628	0.00584	0.00530	0.00929
33	0.01628	0.08583	0.32721	0.01483	0.02112	0.03332	0.03038	0.11472	0.19039	0.08214	0.01569	0.01597	0.01139	0.00671	0.00585	0.00190	0.00729	0.00530	0.00436	0.00933
34	0.01612	0.12242	0.04599	0.09147	0.02102	0.03097	0.14291	0.04653	0.10169	0.14025	0.08422	0.02074	0.03582	0.00883	0.03427	0.00220	0.03529	0.00646	0.00460	0.00818
35	0.00814	0.00615	0.00751	0.00735	0.00887	0.00553	0.00544	0.01047	0.01583	0.02141	0.48147	0.11826	0.25320	0.01400	0.00728	0.00202	0.00301	0.01219	0.00634	0.00553
36	0.00746	0.00533	0.00710	0.00852	0.00888	0.00497	0.00568	0.00852	0.01172	0.01563	0.03374	0.78088	0.04049	0.01918	0.00781	0.00249	0.00355	0.01740	0.00568	0.00497
37	0.06248	0.01115	0.01266	0.00918	0.01450	0.00887	0.00736	0.03977	0.01310	0.02104	0.01087	0.01259	0.00896	0.00470	0.00454	0.00100	0.00462	0.00367	0.00372	0.74520
38	0.05317	0.01462	0.08518	0.18616	0.17222	0.02629	0.12588	0.01949	0.03357	0.10406	0.02816	0.01635	0.01075	0.00599	0.00600	0.00184	0.00737	0.00557	0.00372	0.09363
39	0.00859	0.00603	0.00751	0.00793	0.00919	0.00544	0.00572	0.01031	0.01390	0.04849	0.20383	0.37345	0.22210	0.01615	0.00748	0.00224	0.00342	0.03677	0.00600	0.00545
40	0.00772	0.00560	0.00733	0.00866	0.00912	0.00532	0.00582	0.00935	0.03658	0.01597	0.03344	0.75484	0.03974	0.01880	0.00776	0.00247	0.00360	0.01704	0.00570	0.00513
41	0.01561	0.21234	0.32797	0.01526	0.05055	0.04795	0.01586	0.02156	0.09696	0.08457	0.01300	0.01406	0.00981	0.00635	0.00609	0.00181	0.04327	0.00469	0.00351	0.00879

[dist]
# distance from previous block
# <min> <max>
0	1

[block]
# block no. 8 follows, 37 sequences, length 66
# corresponding to MSA columns:
# 1273-1338
name=unknown_I
#
# <colnr> <probs for GDERKNQSTAVLIFYWHMCP>
#	G	D	E	R	K	N	Q	S	T	A	V	L	I	F	Y	W	H	M	C	P
0	0.01147	0.01290	0.09080	0.01385	0.01728	0.03893	0.17457	0.01493	0.03346	0.03615	0.10566	0.11551	0.21465	0.01104	0.00823	0.00212	0.07743	0.00968	0.00457	0.00678
1	0.00820	0.00624	0.00754	0.00722	0.00886	0.00558	0.00541	0.01066	0.01624	0.02196	0.52359	0.04998	0.27924	0.01348	0.00722	0.00197	0.00296	0.01167	0.00640	0.00558
2	0.07375	0.00783	0.00893	0.00853	0.01039	0.00796	0.00637	0.02963	0.12552	0.02272	0.36744	0.14426	0.10809	0.04193	0.00778	0.00219	0.00364	0.01070	0.00605	0.00629
3	0.07190	0.01902	0.06422	0.03404	0.07325	0.27441	0.04561	0.03892	0.07896	0.13503	0.07761	0.03087	0.01504	0.00727	0.00593	0.00182	0.00772	0.00574	0.00452	0.00811
4	0.01419	0.00817	0.00870	0.00779	0.01003	0.00854	0.00608	0.12482	0.05882	0.06239	0.01956	0.02152	0.01502	0.00853	0.02957	0.00183	0.00413	0.00580	0.57762	0.00690
5	0.15426	0.01431	0.02127	0.09726	0.53009	0.04278	0.01628	0.01858	0.01331	0.02069	0.01087	0.01421	0.00896	0.00559	0.00566	0.00184	0.00706	0.00503	0.00314	0.00881
6	0.01623	0.76343	0.05601	0.01071	0.01607	0.02389	0.01088	0.01836	0.01245	0.01457	0.00859	0.00992	0.00785	0.00526	0.00399	0.00133	0.00663	0.00331	0.00262	0.00789
7	0.01735	0.01415	0.05479	0.03822	0.23952	0.01361	0.01304	0.11958	0.17538	0.12234	0.01681	0.01751	0.01253	0.00664	0.00590	0.00180	0.00608	0.00567	0.03390	0.08518
8	0.00786	0.00625	0.00714	0.00763	0.00917	0.00562	0.00570	0.00990	0.03288	0.01704	0.07604	0.25298	0.42842	0.01634	0.00750	0.00226	0.00355	0.09266	0.00573	0.00531
9	0.02638	0.01131	0.01465	0.01133	0.01602	0.01042	0.00933	0.10767	0.05492	0.63495	0.02313	0.02025	0.01480	0.00759	0.00616	0.00190	0.00536	0.00612	0.00735	0.01038
