[name]
unknown

[dist]
# distance from previous block
# <min> <max>
0	139

[block]
# block no. 0 follows, 49 sequences, length 61
# corresponding to MSA columns:
# 175-235
name=unknown_A
#
# <colnr> <probs for GDERKNQSTAVLIFYWHMCP>
#	G	D	E	R	K	N	Q	S	T	A	V	L	I	F	Y	W	H	M	C	P
0	0.00748	0.00544	0.00743	0.04123	0.01001	0.00541	0.00679	0.00920	0.01065	0.01389	0.02648	0.26767	0.06181	0.08423	0.00834	0.00242	0.00419	0.41852	0.00443	0.00439
1	0.01066	0.00607	0.00818	0.04015	0.00986	0.00561	0.00574	0.01295	0.01406	0.19043	0.56827	0.05104	0.03792	0.00935	0.00574	0.00160	0.00300	0.00818	0.00556	0.00564
2	0.01380	0.01147	0.01212	0.01054	0.01361	0.01315	0.00830	0.16409	0.64240	0.02312	0.01903	0.01763	0.01418	0.00672	0.00513	0.00168	0.00429	0.00550	0.00513	0.00811
3	0.00784	0.00528	0.00591	0.00577	0.00593	0.00535	0.00333	0.03900	0.00803	0.01072	0.01578	0.03223	0.01798	0.78859	0.02488	0.00476	0.00493	0.00724	0.00315	0.00329
4	0.01045	0.00899	0.01068	0.04063	0.01293	0.00693	0.00632	0.01274	0.01047	0.01633	0.00899	0.01061	0.00746	0.00380	0.00380	0.00079	0.00387	0.00306	0.00296	0.81820
5	0.00725	0.00531	0.00760	0.00760	0.00832	0.00603	0.00566	0.00869	0.00797	0.01135	0.01403	0.02255	0.01381	0.19692	0.64485	0.00747	0.01179	0.00581	0.00278	0.00422
6	0.01049	0.00899	0.01049	0.00749	0.01198	0.00674	0.00599	0.01273	0.01049	0.01648	0.00899	0.01049	0.00749	0.00374	0.00374	0.00075	0.00374	0.00300	0.00300	0.85320
7	0.00722	0.00542	0.00813	0.00813	0.00903	0.00632	0.00632	0.00903	0.00813	0.01174	0.01354	0.01987	0.01264	0.03792	0.80225	0.00813	0.01354	0.00542	0.00271	0.00451
8	0.00969	0.00682	0.00880	0.00926	0.01080	0.00702	0.00798	0.11027	0.01314	0.01761	0.02406	0.04819	0.02516	0.01230	0.00646	0.00213	0.00459	0.59960	0.07094	0.00518
9	0.01889	0.02410	0.01433	0.01303	0.01563	0.80199	0.00977	0.02019	0.01433	0.01238	0.00782	0.00912	0.00651	0.00521	0.00456	0.00130	0.00912	0.00326	0.00261	0.00586
10	0.79259	0.00969	0.00777	0.00683	0.01002	0.01104	0.00563	0.01563	0.00907	0.08311	0.00805	0.00892	0.00603	0.00482	0.00328	0.00156	0.00394	0.00292	0.00337	0.00572
11	0.00886	0.00768	0.01189	0.34167	0.02038	0.00940	0.01032	0.01124	0.00950	0.01281	0.01327	0.02346	0.01268	0.05391	0.18690	0.00347	0.11309	0.14158	0.00282	0.00506
12	0.00770	0.00490	0.00660	0.00747	0.00815	0.00458	0.00533	0.00884	0.01029	0.07437	0.02712	0.66370	0.03128	0.01486	0.00641	0.00205	0.00325	0.10377	0.00481	0.00453
13	0.01106	0.01106	0.01549	0.01328	0.01328	0.01549	0.01106	0.01217	0.00774	0.01217	0.00664	0.01106	0.00664	0.00885	0.01659	0.00221	0.81303	0.00443	0.00221	0.00553
14	0.00637	0.00485	0.00586	0.00622	0.00723	0.00434	0.00443	0.00779	0.01155	0.01517	0.24288	0.35171	0.28661	0.01334	0.00616	0.00181	0.00266	0.01173	0.00493	0.00434
15	0.85801	0.00978	0.00743	0.00665	0.00978	0.01134	0.00548	0.01486	0.00861	0.02269	0.00704	0.00821	0.00548	0.00469	0.00313	0.00156	0.00391	0.00274	0.00313	0.00548
16	0.01106	0.01106	0.01549	0.01328	0.01328	0.01549	0.01106	0.01217	0.00774	0.01217	0.00664	0.01106	0.00664	0.00885	0.01659	0.00221	0.81303	0.00443	0.00221	0.00553
17	0.15199	0.00765	0.00945	0.00809	0.01089	0.00715	0.00637	0.01828	0.01223	0.45759	0.02004	0.23440	0.01710	0.00862	0.00515	0.00170	0.00387	0.00724	0.00533	0.00688
18	0.00734	0.00497	0.00584	0.00584	0.00595	0.00508	0.00346	0.00756	0.00745	0.01004	0.01564	0.03147	0.01768	0.72601	0.12106	0.00530	0.00596	0.00712	0.00302	0.00324
19	0.01593	0.01253	0.01332	0.01097	0.01443	0.01414	0.00882	0.40393	0.39908	0.02656	0.01632	0.01547	0.01199	0.00646	0.00510	0.00162	0.00479	0.00513	0.00510	0.00830
20	0.00698	0.00485	0.00617	0.00691	0.00772	0.00443	0.00492	0.00815	0.01054	0.04460	0.05815	0.55215	0.17635	0.01454	0.00633	0.00197	0.00304	0.07302	0.00478	0.00438
21	0.01169	0.00960	0.01036	0.00960	0.01205	0.01090	0.00751	0.04047	0.58496	0.02017	0.02108	0.06884	0.01744	0.00797	0.00527	0.00175	0.00391	0.07797	0.07126	0.00721
22	0.01252	0.01201	0.02053	0.03104	0.79074	0.01201	0.01552	0.01552	0.01151	0.01652	0.00951	0.01252	0.00801	0.00451	0.00501	0.00150	0.00601	0.00451	0.00250	0.00801
23	0.01697	0.00745	0.00989	0.00802	0.01093	0.00664	0.00645	0.03646	0.01448	0.49097	0.27124	0.02390	0.02397	0.00758	0.00531	0.00156	0.00362	0.00639	0.04100	0.00719
24	0.00999	0.14967	0.52131	0.01189	0.01769	0.01168	0.01438	0.01438	0.01091	0.01531	0.05911	0.03049	0.08653	0.00620	0.00481	0.00155	0.00623	0.01848	0.00268	0.00673
25	0.00735	0.00490	0.00552	0.00552	0.00552	0.00490	0.00306	0.00735	0.00735	0.00980	0.01593	0.03309	0.01838	0.82229	0.02574	0.00490	0.00490	0.00735	0.00306	0.00306
26	0.01840	0.00856	0.01204	0.16310	0.01686	0.00830	0.00875	0.03859	0.03201	0.52917	0.01816	0.01968	0.01274	0.00666	0.00520	0.00164	0.00479	0.06607	0.02165	0.00762
27	0.01887	0.00993	0.01199	0.00964	0.01319	0.00996	0.00781	0.14260	0.21556	0.44090	0.05073	0.01770	0.01412	0.00655	0.00513	0.00160	0.00434	0.00533	0.00575	0.00829
28	0.10524	0.01086	0.01893	0.42381	0.02823	0.01201	0.25174	0.06033	0.01135	0.01619	0.00935	0.01286	0.00701	0.00483	0.00513	0.00167	0.00692	0.00477	0.00261	0.00616
29	0.00732	0.00542	0.00775	0.00771	0.00841	0.00621	0.00576	0.00876	0.00797	0.01136	0.01389	0.02232	0.01367	0.19305	0.63335	0.00738	0.02687	0.00578	0.00277	0.00425
30	0.01169	0.01522	0.16851	0.01771	0.15062	0.05700	0.12500	0.01452	0.00993	0.01426	0.00819	0.01151	0.00697	0.00645	0.01011	0.00185	0.35711	0.00447	0.00232	0.00654
31	0.01003	0.00875	0.01398	0.65030	0.03002	0.01061	0.01255	0.01400	0.07067	0.04468	0.01187	0.07953	0.00982	0.00612	0.00518	0.00171	0.00612	0.00542	0.00283	0.00580
32	0.00824	0.00732	0.00800	0.00832	0.00909	0.07188	0.00600	0.01026	0.07045	0.01349	0.02521	0.53818	0.08827	0.01325	0.00727	0.00195	0.09243	0.01139	0.00428	0.00473
33	0.01171	0.01216	0.04806	0.07038	0.48522	0.01158	0.18782	0.01501	0.01143	0.01603	0.01104	0.04647	0.00964	0.00531	0.00536	0.00162	0.00650	0.03471	0.00266	0.00730
34	0.85801	0.00978	0.00743	0.00665	0.00978	0.01134	0.00548	0.01486	0.00861	0.02269	0.00704	0.00821	0.00548	0.00469	0.00313	0.00156	0.00391	0.00274	0.00313	0.00548
35	0.01022	0.03189	0.33870	0.04432	0.21909	0.01053	0.01409	0.02738	0.01096	0.01585	0.07330	0.01501	0.01131	0.01089	0.14199	0.00269	0.00762	0.00469	0.00266	0.00682
36	0.01857	0.02358	0.01436	0.04055	0.01630	0.77469	0.00992	0.01994	0.01418	0.01239	0.00786	0.00927	0.00652	0.00521	0.00458	0.00132	0.00904	0.00330	0.00259	0.00585
37	0.01207	0.00675	0.00868	0.00749	0.00961	0.00634	0.00585	0.04600	0.05512	0.22668	0.51136	0.03025	0.03504	0.00889	0.00565	0.00159	0.00311	0.00770	0.00571	0.00612
38	0.00643	0.00475	0.00604	0.00680	0.00754	0.00437	0.00485	0.00770	0.01077	0.01417	0.12824	0.51316	0.17267	0.01443	0.00635	0.00196	0.00295	0.07775	0.00480	0.00427
39	0.00747	0.00486	0.00560	0.00560	0.00560	0.00486	0.00317	0.00729	0.00729	0.00972	0.01537	0.03170	0.01763	0.75927	0.02527	0.07131	0.00486	0.00712	0.00300	0.00300
40	0.01049	0.00899	0.01049	0.00749	0.01198	0.00674	0.00599	0.01273	0.01049	0.01648	0.00899	0.01049	0.00749	0.00374	0.00374	0.00075	0.00374	0.00300	0.00300	0.85320
41	0.00735	0.00490	0.00552	0.00552	0.00552	0.00490	0.00306	0.00735	0.00735	0.00980	0.01593	0.03309	0.01838	0.82229	0.02574	0.00490	0.00490	0.00735	0.00306	0.00306
42	0.55669	0.00962	0.00915	0.00762	0.01104	0.01033	0.00629	0.05430	0.01117	0.26432	0.01132	0.01122	0.00783	0.00525	0.00383	0.00156	0.00411	0.00356	0.00420	0.00660
43	0.00718	0.00483	0.00557	0.00573	0.00577	0.00479	0.00330	0.00731	0.00768	0.01025	0.01763	0.14485	0.02053	0.70761	0.02300	0.00450	0.00462	0.00835	0.00330	0.00321
44	0.01106	0.01106	0.01549	0.01328	0.01328	0.01549	0.01106	0.01217	0.00774	0.01217	0.00664	0.01106	0.00664	0.00885	0.01659	0.00221	0.81303	0.00443	0.00221	0.00553
45	0.00925	0.00475	0.00487	0.00484	0.00602	0.00472	0.00363	0.01161	0.01089	0.01896	0.07692	0.02033	0.01568	0.00624	0.00373	0.00121	0.00236	0.00506	0.78420	0.00472
46	0.01258	0.01086	0.01143	0.01029	0.01315	0.01258	0.00800	0.02687	0.78161	0.02115	0.02058	0.01887	0.01544	0.00686	0.00515	0.00172	0.00400	0.00572	0.00515	0.00800
47	0.85801	0.00978	0.00743	0.00665	0.00978	0.01134	0.00548	0.01486	0.00861	0.02269	0.00704	0.00821	0.00548	0.00469	0.00313	0.00156	0.00391	0.00274	0.00313	0.00548
48	0.00902	0.00647	0.00870	0.00949	0.01088	0.00659	0.00826	0.07026	0.01259	0.01644	0.02563	0.05352	0.02750	0.01335	0.00683	0.00226	0.00473	0.69781	0.00469	0.00497
49	0.01049	0.00899	0.01049	0.00749	0.01198	0.00674	0.00599	0.01273	0.01049	0.01648	0.00899	0.01049	0.00749	0.00374	0.00374	0.00075	0.00374	0.00300	0.00300	0.85320
50	0.00598	0.00512	0.00512	0.00512	0.00683	0.00427	0.00384	0.00726	0.01153	0.01366	0.05123	0.04866	0.78869	0.01281	0.00598	0.00171	0.00256	0.01067	0.00470	0.00427
51	0.01194	0.01364	0.02984	0.02131	0.02643	0.01279	0.77238	0.01620	0.01194	0.01620	0.01023	0.01364	0.00767	0.00426	0.00597	0.00171	0.00853	0.00597	0.00256	0.00682
52	0.02086	0.00923	0.01189	0.00921	0.01292	0.00856	0.00757	0.14547	0.01598	0.60714	0.08112	0.01806	0.01474	0.00656	0.00515	0.00156	0.00435	0.00533	0.00601	0.00829
53	0.02162	0.00864	0.01201	0.07412	0.01469	0.00774	0.00797	0.02369	0.01412	0.73073	0.01906	0.01691	0.01205	0.00616	0.00508	0.00157	0.00450	0.00504	0.00593	0.00836
54	0.02167	0.01003	0.07550	0.00944	0.01364	0.00778	0.00835	0.02394	0.01416	0.73098	0.01907	0.01668	0.01202	0.00614	0.00506	0.00157	0.00456	0.00498	0.00592	0.00851
55	0.01830	0.02117	0.01344	0.01209	0.01462	0.66141	0.00905	0.03255	0.01396	0.07607	0.00951	0.01171	0.00797	0.06930	0.00627	0.00161	0.00834	0.00375	0.00298	0.00591
56	0.01222	0.01306	0.08339	0.05670	0.70203	0.01197	0.01573	0.01547	0.01140	0.01635	0.00946	0.01240	0.00784	0.00455	0.00499	0.00152	0.00615	0.00444	0.00246	0.00788
57	0.00651	0.00477	0.00624	0.00708	0.00771	0.00432	0.00480	0.00750	0.00975	0.01320	0.02634	0.75326	0.03133	0.01486	0.00623	0.00195	0.00300	0.01345	0.00456	0.07313
58	0.01182	0.01112	0.01858	0.11768	0.61313	0.01144	0.01448	0.01522	0.03879	0.01616	0.01125	0.01647	0.00984	0.00542	0.00518	0.00160	0.00591	0.06570	0.00274	0.00746
59	0.06323	0.01242	0.09539	0.16177	0.04314	0.06843	0.01049	0.04911	0.12607	0.22654	0.01386	0.01512	0.01009	0.01989	0.00592	0.00169	0.05016	0.01557	0.00399	0.00711
60	0.01034	0.02491	0.73230	0.01408	0.02118	0.01181	0.01781	0.01690	0.07335	0.01643	0.01001	0.01134	0.00714	0.00497	0.00483	0.00161	0.00719	0.00390	0.00238	0.00752

[dist]
# distance from previous block
# <min> <max>
7	36

[block]
# block no. 1 follows, 49 sequences, length 20
# corresponding to MSA columns:
# 272-291
name=unknown_B
#
# <colnr> <probs for GDERKNQSTAVLIFYWHMCP>
#	G	D	E	R	K	N	Q	S	T	A	V	L	I	F	Y	W	H	M	C	P
0	0.01487	0.01132	0.12359	0.01190	0.09471	0.02249	0.00972	0.06789	0.01345	0.29036	0.06883	0.02372	0.05814	0.00743	0.00533	0.00163	0.00490	0.11273	0.00460	0.05238
1	0.02809	0.04191	0.22165	0.01119	0.01588	0.00961	0.07195	0.03048	0.04936	0.33715	0.08257	0.01626	0.01315	0.00590	0.00501	0.00154	0.00533	0.00497	0.00441	0.04359
2	0.14387	0.05004	0.04151	0.01189	0.07932	0.05178	0.06053	0.05348	0.08648	0.31023	0.01404	0.01375	0.00980	0.00547	0.00466	0.00151	0.00509	0.00443	0.00438	0.04774
3	0.01328	0.03421	0.01118	0.00924	0.01190	0.07882	0.00726	0.21470	0.07626	0.07695	0.10467	0.18273	0.03002	0.00861	0.00530	0.00157	0.00450	0.03076	0.00461	0.09345
4	0.08915	0.05447	0.22028	0.01069	0.03903	0.00960	0.02476	0.05106	0.04499	0.11755	0.07405	0.15755	0.01574	0.00740	0.00498	0.00159	0.00492	0.00622	0.00382	0.06214
5	0.11140	0.14604	0.01710	0.01606	0.22096	0.25848	0.01050	0.09105	0.01321	0.05751	0.00911	0.01048	0.00731	0.00496	0.00438	0.00138	0.00651	0.00366	0.00300	0.00690
6	0.01236	0.01294	0.07140	0.02995	0.74031	0.01200	0.01573	0.01555	0.01146	0.01649	0.00948	0.01239	0.00790	0.00453	0.00499	0.00151	0.00610	0.00446	0.00248	0.00797
7	0.18620	0.00968	0.01084	0.00868	0.01192	0.00989	0.00696	0.20518	0.01459	0.34050	0.01488	0.01643	0.01098	0.12212	0.00763	0.00203	0.00462	0.00481	0.00488	0.00719
8	0.01223	0.01184	0.01948	0.02643	0.58367	0.01271	0.04045	0.01546	0.04741	0.01592	0.00953	0.01259	0.00810	0.00541	0.00719	0.00165	0.15524	0.00460	0.00258	0.00751
9	0.66256	0.00994	0.00870	0.00740	0.01073	0.01107	0.00610	0.07534	0.01070	0.14376	0.00945	0.00992	0.00682	0.00504	0.00358	0.00156	0.00410	0.00325	0.00377	0.00621
10	0.15649	0.01210	0.01732	0.06139	0.52011	0.03769	0.01297	0.09121	0.01227	0.01879	0.00928	0.01169	0.00753	0.00474	0.00468	0.00152	0.00574	0.00417	0.00286	0.00746
11	0.01231	0.01181	0.02015	0.08491	0.73847	0.01196	0.01542	0.01534	0.01142	0.01627	0.00948	0.01258	0.00792	0.00454	0.00501	0.00151	0.00606	0.00450	0.00249	0.00784
12	0.05334	0.01202	0.01301	0.01051	0.01411	0.01315	0.00851	0.37375	0.27554	0.11965	0.01559	0.01478	0.01119	0.00622	0.00496	0.00156	0.00475	0.00488	0.00508	0.03741
13	0.01252	0.01201	0.02053	0.03104	0.79074	0.01201	0.01552	0.01552	0.01151	0.01652	0.00951	0.01252	0.00801	0.00451	0.00501	0.00150	0.00601	0.00451	0.00250	0.00801
14	0.01065	0.00672	0.00907	0.00850	0.01021	0.00652	0.04213	0.01414	0.12928	0.16239	0.12047	0.40880	0.02733	0.01142	0.00591	0.00183	0.00355	0.01024	0.00507	0.00576
15	0.04455	0.00707	0.00956	0.00798	0.01044	0.00650	0.03637	0.01582	0.03647	0.29632	0.40532	0.02821	0.05727	0.00842	0.00552	0.00159	0.00342	0.00729	0.00556	0.00632
16	0.01982	0.00949	0.01382	0.01051	0.01436	0.00870	0.09744	0.09931	0.01512	0.56254	0.07948	0.01792	0.01436	0.00633	0.00526	0.00158	0.00478	0.00546	0.00564	0.00809
17	0.01252	0.01201	0.02053	0.03104	0.79074	0.01201	0.01552	0.01552	0.01151	0.01652	0.00951	0.01252	0.00801	0.00451	0.00501	0.00150	0.00601	0.00451	0.00250	0.00801
18	0.09662	0.01086	0.01147	0.00994	0.01306	0.01223	0.00787	0.10427	0.54322	0.10632	0.01831	0.01694	0.01343	0.00650	0.00493	0.00166	0.00419	0.00524	0.00506	0.00789
19	0.61931	0.00947	0.00846	0.00737	0.01042	0.01060	0.00601	0.06572	0.01032	0.11491	0.01003	0.03675	0.00790	0.00749	0.05528	0.00200	0.00466	0.00369	0.00366	0.00595

[dist]
# distance from previous block
# <min> <max>
0	1

[block]
# block no. 2 follows, 49 sequences, length 12
# corresponding to MSA columns:
# 293-304
name=unknown_C
#
# <colnr> <probs for GDERKNQSTAVLIFYWHMCP>
#	G	D	E	R	K	N	Q	S	T	A	V	L	I	F	Y	W	H	M	C	P
0	0.54261	0.01069	0.01062	0.01096	0.12112	0.03481	0.00758	0.07185	0.01107	0.12348	0.00948	0.01032	0.00702	0.00499	0.00383	0.00154	0.00454	0.00344	0.00358	0.00648
1	0.08321	0.00875	0.04429	0.00877	0.03982	0.00834	0.00681	0.08039	0.15851	0.03829	0.24720	0.05837	0.16362	0.00879	0.00536	0.00163	0.00359	0.00739	0.00474	0.02215
2	0.01052	0.00839	0.07912	0.00919	0.05084	0.00680	0.00732	0.06187	0.01402	0.12409	0.44105	0.09749	0.03302	0.00927	0.00570	0.00164	0.00359	0.02512	0.00507	0.00589
3	0.00983	0.00899	0.01339	0.38782	0.02262	0.01135	0.01115	0.01396	0.11597	0.01368	0.01098	0.01495	0.00904	0.01228	0.15792	0.00301	0.16978	0.00482	0.00273	0.00572
4	0.01194	0.01364	0.02984	0.02131	0.02643	0.01279	0.77238	0.01620	0.01194	0.01620	0.01023	0.01364	0.00767	0.00426	0.00597	0.00171	0.00853	0.00597	0.00256	0.00682
5	0.00943	0.00511	0.00751	0.00727	0.00790	0.00530	0.00525	0.00897	0.00780	0.07760	0.01151	0.01752	0.01065	0.04652	0.27516	0.47797	0.00740	0.00487	0.00274	0.00353
6	0.01341	0.37944	0.03690	0.08363	0.03470	0.11059	0.12515	0.03024	0.08554	0.01413	0.00926	0.01090	0.00763	0.00493	0.00472	0.00138	0.03435	0.00387	0.00263	0.00659
7	0.00823	0.00598	0.00634	0.00597	0.00800	0.00533	0.00457	0.01074	0.08058	0.09203	0.04538	0.04287	0.64239	0.01162	0.00581	0.00169	0.00286	0.00967	0.00489	0.00503
8	0.00660	0.00472	0.00637	0.00754	0.00803	0.00449	0.00546	0.00780	0.01012	0.01340	0.02763	0.65021	0.03248	0.01543	0.00657	0.00211	0.00332	0.17881	0.00469	0.00423
9	0.01213	0.01615	0.28838	0.01902	0.28408	0.01115	0.04951	0.04527	0.06209	0.07186	0.05207	0.04296	0.01124	0.00564	0.00510	0.00159	0.00607	0.00502	0.00315	0.00752
10	0.01128	0.00896	0.01416	0.03715	0.38312	0.00882	0.01119	0.01375	0.01168	0.08507	0.01953	0.07437	0.07752	0.00858	0.00572	0.00179	0.00505	0.21198	0.00372	0.00657
11	0.01176	0.00891	0.01178	0.01065	0.01300	0.00929	0.06414	0.24671	0.01564	0.02083	0.08677	0.03833	0.02281	0.01051	0.00623	0.00197	0.00502	0.40489	0.00471	0.00604

[dist]
# distance from previous block
# <min> <max>
0	1

[block]
# block no. 3 follows, 49 sequences, length 112
# corresponding to MSA columns:
# 306-417
name=unknown_D
#
# <colnr> <probs for GDERKNQSTAVLIFYWHMCP>
#	G	D	E	R	K	N	Q	S	T	A	V	L	I	F	Y	W	H	M	C	P
0	0.00740	0.07341	0.00795	0.00614	0.00799	0.00594	0.00479	0.00922	0.01248	0.01646	0.35432	0.05736	0.34224	0.01055	0.00561	0.00155	0.00281	0.00896	0.00474	0.06006
1	0.03334	0.14614	0.05471	0.00800	0.01250	0.00929	0.00707	0.01328	0.01051	0.01595	0.02865	0.01074	0.00825	0.00409	0.00376	0.00089	0.00419	0.00314	0.00288	0.62263
2	0.01160	0.01733	0.41733	0.01317	0.08099	0.00960	0.01337	0.03427	0.01178	0.12637	0.07243	0.10645	0.02587	0.00679	0.00513	0.00161	0.00577	0.00572	0.00344	0.03098
3	0.01283	0.27386	0.40934	0.01250	0.03243	0.06945	0.01393	0.07529	0.01192	0.03239	0.00883	0.01006	0.00677	0.00481	0.00433	0.00141	0.00670	0.00349	0.00250	0.00718
4	0.00985	0.05049	0.64418	0.01350	0.01988	0.01110	0.03657	0.01492	0.01064	0.01555	0.01150	0.08986	0.00988	0.00617	0.00502	0.00166	0.00689	0.03286	0.00249	0.00699
5	0.00598	0.00512	0.00512	0.00512	0.00683	0.00427	0.00384	0.00726	0.01153	0.01366	0.05123	0.04866	0.78869	0.01281	0.00598	0.00171	0.00256	0.01067	0.00470	0.00427
6	0.06636	0.00914	0.01066	0.02544	0.01243	0.00767	0.00644	0.03956	0.01100	0.08147	0.00998	0.01155	0.00803	0.02301	0.00471	0.00105	0.02399	0.00337	0.00331	0.64084
7	0.01476	0.01288	0.06851	0.02096	0.37734	0.05880	0.07359	0.07879	0.01310	0.16240	0.01270	0.06122	0.01019	0.00568	0.00515	0.00156	0.00596	0.00520	0.00353	0.00768
8	0.00735	0.00490	0.00552	0.00552	0.00552	0.00490	0.00306	0.00735	0.00735	0.00980	0.01593	0.03309	0.01838	0.82229	0.02574	0.00490	0.00490	0.00735	0.00306	0.00306
9	0.01377	0.00924	0.01320	0.03221	0.06377	0.00964	0.07468	0.04230	0.14152	0.22172	0.20918	0.02109	0.02019	0.00735	0.00666	0.00168	0.09399	0.00614	0.00474	0.00693
10	0.01318	0.69798	0.13117	0.00954	0.01425	0.03680	0.01005	0.01538	0.01042	0.01247	0.00733	0.00848	0.00648	0.00441	0.00349	0.00116	0.00577	0.00286	0.00217	0.00661
11	0.01135	0.00896	0.01057	0.00760	0.01205	0.00679	0.00609	0.01357	0.01077	0.07127	0.00976	0.01096	0.00784	0.00392	0.00384	0.00081	0.00378	0.00314	0.00323	0.79369
12	0.03131	0.01009	0.10454	0.02031	0.01111	0.09713	0.00763	0.01136	0.04494	0.01414	0.04405	0.34294	0.06722	0.03631	0.06348	0.00239	0.00526	0.07685	0.00392	0.00503
13	0.00956	0.00943	0.05288	0.03828	0.11203	0.01044	0.02390	0.01138	0.00886	0.01289	0.02717	0.01882	0.01159	0.12340	0.20323	0.00383	0.27861	0.03569	0.00265	0.00535
14	0.00878	0.00439	0.00659	0.00659	0.00659	0.00439	0.00439	0.00659	0.00659	0.00878	0.00878	0.01537	0.00878	0.01757	0.01976	0.85288	0.00439	0.00439	0.00220	0.00220
15	0.00616	0.00440	0.00587	0.00704	0.00733	0.00411	0.00469	0.00704	0.00968	0.01291	0.02787	0.81899	0.03344	0.01584	0.00645	0.00205	0.00293	0.01438	0.00469	0.00411
16	0.01221	0.09698	0.08113	0.16463	0.11965	0.04034	0.29132	0.06505	0.01203	0.01595	0.00980	0.01329	0.00778	0.00496	0.00549	0.00160	0.02751	0.02087	0.00262	0.00677
17	0.00724	0.00537	0.00790	0.00790	0.00872	0.00620	0.00604	0.00888	0.00806	0.01157	0.01375	0.02102	0.01314	0.10624	0.73462	0.00785	0.01279	0.00559	0.00274	0.00439
18	0.00735	0.00490	0.00552	0.00552	0.00552	0.00490	0.00306	0.00735	0.00735	0.00980	0.01593	0.03309	0.01838	0.82229	0.02574	0.00490	0.00490	0.00735	0.00306	0.00306
19	0.01068	0.00910	0.01059	0.00758	0.01206	0.00694	0.00607	0.02945	0.01078	0.01682	0.00906	0.01052	0.00751	0.00380	0.00377	0.00077	0.00378	0.00303	0.00304	0.83465
20	0.01045	0.00899	0.01069	0.04189	0.01296	0.00693	0.00634	0.01274	0.01047	0.01633	0.00899	0.01061	0.00746	0.00380	0.00380	0.00079	0.00387	0.00306	0.00296	0.81688
21	0.00868	0.00752	0.00990	0.08451	0.01190	0.02821	0.00749	0.01001	0.00923	0.02679	0.01980	0.18859	0.12646	0.08233	0.13310	0.00316	0.22646	0.00778	0.00332	0.00476
22	0.56611	0.00915	0.00863	0.00734	0.01055	0.00988	0.00603	0.01733	0.01029	0.24134	0.01119	0.01150	0.00794	0.00659	0.03794	0.00184	0.00440	0.00356	0.02209	0.00631
23	0.00787	0.00898	0.12205	0.06957	0.02728	0.00671	0.04395	0.01060	0.01222	0.01663	0.31031	0.09645	0.17240	0.00992	0.00583	0.00172	0.00405	0.06393	0.00432	0.00523
24	0.02947	0.13961	0.20899	0.01199	0.01682	0.01198	0.10882	0.05868	0.07957	0.24018	0.03572	0.01407	0.01041	0.00548	0.00484	0.00153	0.00577	0.00461	0.00391	0.00756
25	0.01280	0.58781	0.02329	0.01000	0.01307	0.01869	0.00936	0.01427	0.00954	0.01198	0.00692	0.00897	0.00653	0.00565	0.00714	0.00141	0.24099	0.00321	0.00218	0.00621
26	0.00633	0.00452	0.00606	0.00723	0.00760	0.00425	0.00498	0.00733	0.00984	0.01309	0.02778	0.75578	0.03308	0.01569	0.00650	0.00208	0.00308	0.07595	0.00469	0.00415
27	0.01156	0.01183	0.05563	0.15794	0.53442	0.01161	0.02850	0.01506	0.03768	0.01583	0.01169	0.01449	0.04443	0.00516	0.00531	0.00157	0.02249	0.00482	0.00263	0.00734
28	0.01124	0.01022	0.01472	0.46042	0.15294	0.07529	0.01240	0.01399	0.01094	0.05989	0.02605	0.09223	0.01065	0.00627	0.00538	0.00166	0.02134	0.00548	0.00286	0.00604
29	0.00727	0.00490	0.00562	0.00566	0.00575	0.00489	0.00327	0.00743	0.00770	0.01029	0.03399	0.06682	0.03375	0.73479	0.04408	0.00473	0.00494	0.00771	0.00321	0.00321
30	0.85801	0.00978	0.00743	0.00665	0.00978	0.01134	0.00548	0.01486	0.00861	0.02269	0.00704	0.00821	0.00548	0.00469	0.00313	0.00156	0.00391	0.00274	0.00313	0.00548
31	0.01353	0.00803	0.00994	0.00910	0.01139	0.00809	0.00729	0.13023	0.10457	0.21442	0.04442	0.20779	0.02174	0.01032	0.00585	0.00186	0.00417	0.17554	0.00521	0.00652
32	0.18832	0.01325	0.01148	0.04388	0.01366	0.21672	0.00786	0.10322	0.03136	0.23398	0.01256	0.01273	0.00895	0.00558	0.00442	0.00147	0.00556	0.00403	0.07418	0.00679
33	0.00807	0.00614	0.00698	0.00650	0.00825	0.00581	0.00495	0.03573	0.09346	0.04026	0.35179	0.03894	0.35265	0.01075	0.00583	0.00165	0.00279	0.00916	0.00516	0.00513
34	0.01352	0.82533	0.02650	0.00865	0.01298	0.02001	0.00865	0.01514	0.01027	0.01190	0.00703	0.00811	0.00649	0.00433	0.00324	0.00108	0.00541	0.00270	0.00216	0.00649
35	0.00870	0.00442	0.00652	0.00652	0.00652	0.00442	0.00431	0.00663	0.00663	0.00885	0.00922	0.01646	0.00937	0.06696	0.02013	0.80083	0.00442	0.00457	0.00225	0.00225
36	0.00955	0.00899	0.01517	0.81013	0.03483	0.01123	0.01404	0.01292	0.01011	0.01292	0.00899	0.01348	0.00674	0.00506	0.00506	0.00169	0.00674	0.00449	0.00225	0.00562
37	0.00955	0.00899	0.01517	0.81013	0.03483	0.01123	0.01404	0.01292	0.01011	0.01292	0.00899	0.01348	0.00674	0.00506	0.00506	0.00169	0.00674	0.00449	0.00225	0.00562
38	0.01943	0.01383	0.01497	0.01147	0.01551	0.01518	0.00948	0.72840	0.02321	0.07814	0.01261	0.01245	0.00884	0.00608	0.00506	0.00152	0.00549	0.00459	0.00513	0.00860
39	0.00735	0.00490	0.00552	0.00552	0.00552	0.00490	0.00306	0.00735	0.00735	0.00980	0.01593	0.03309	0.01838	0.82229	0.02574	0.00490	0.00490	0.00735	0.00306	0.00306
40	0.00607	0.00513	0.00525	0.00522	0.00689	0.00431	0.00391	0.00744	0.01174	0.01418	0.10887	0.04781	0.73073	0.01261	0.00598	0.00170	0.00255	0.01055	0.00476	0.00431
41	0.01258	0.01086	0.01143	0.01029	0.01315	0.01258	0.00800	0.02687	0.78161	0.02115	0.02058	0.01887	0.01544	0.00686	0.00515	0.00172	0.00400	0.00572	0.00515	0.00800
42	0.01258	0.01086	0.01143	0.01029	0.01315	0.01258	0.00800	0.02687	0.78161	0.02115	0.02058	0.01887	0.01544	0.00686	0.00515	0.00172	0.00400	0.00572	0.00515	0.00800
43	0.01585	0.43308	0.04054	0.00941	0.01339	0.03797	0.00863	0.16181	0.01353	0.15008	0.01083	0.01188	0.00858	0.04168	0.02129	0.00158	0.00555	0.00377	0.00348	0.00707
44	0.00861	0.00609	0.00808	0.00826	0.05501	0.00580	0.00577	0.01164	0.06087	0.06244	0.58724	0.06803	0.06239	0.00991	0.00584	0.00162	0.00287	0.01888	0.00532	0.00533
45	0.01889	0.02410	0.01433	0.01303	0.01563	0.80199	0.00977	0.02019	0.01433	0.01238	0.00782	0.00912	0.00651	0.00521	0.00456	0.00130	0.00912	0.00326	0.00261	0.00586
46	0.02516	0.00928	0.02714	0.00867	0.04740	0.00704	0.00662	0.01269	0.01046	0.01640	0.00990	0.04981	0.00872	0.00441	0.00395	0.00088	0.00389	0.00363	0.00304	0.74092
47	0.00740	0.00530	0.00689	0.00681	0.00722	0.00577	0.00466	0.00824	0.00791	0.01101	0.04129	0.02732	0.01676	0.45692	0.33551	0.00600	0.03168	0.00656	0.00298	0.00377
48	0.00723	0.00540	0.00802	0.00802	0.00889	0.00627	0.00619	0.00896	0.00810	0.01166	0.01364	0.02038	0.01287	0.06852	0.77196	0.00800	0.01321	0.00549	0.00272	0.00446
49	0.01413	0.73429	0.02512	0.00915	0.01328	0.10886	0.00878	0.01572	0.01074	0.01195	0.00712	0.00823	0.00649	0.00443	0.00339	0.00111	0.00583	0.00277	0.00221	0.00642
50	0.02127	0.01066	0.01305	0.01069	0.04527	0.03560	0.00839	0.21396	0.01671	0.54405	0.01715	0.01547	0.01115	0.00611	0.00506	0.00154	0.00485	0.00487	0.00568	0.00849
51	0.00735	0.00490	0.00552	0.00552	0.00552	0.00490	0.00306	0.00735	0.00735	0.00980	0.01593	0.03309	0.01838	0.82229	0.02574	0.00490	0.00490	0.00735	0.00306	0.00306
52	0.00660	0.00528	0.00591	0.00573	0.00727	0.00467	0.00430	0.00863	0.03166	0.01641	0.33554	0.04371	0.48288	0.01170	0.00595	0.00166	0.00253	0.00996	0.00504	0.00456
53	0.00997	0.00976	0.03774	0.64044	0.03067	0.01131	0.03226	0.01487	0.11299	0.01437	0.02993	0.01472	0.00893	0.00540	0.00511	0.00168	0.00633	0.00479	0.00272	0.00600
54	0.00878	0.00439	0.00659	0.00659	0.00659	0.00439	0.00439	0.00659	0.00659	0.00878	0.00878	0.01537	0.00878	0.01757	0.01976	0.85288	0.00439	0.00439	0.00220	0.00220
55	0.01194	0.01364	0.02984	0.02131	0.02643	0.01279	0.77238	0.01620	0.01194	0.01620	0.01023	0.01364	0.00767	0.00426	0.00597	0.00171	0.00853	0.00597	0.00256	0.00682
56	0.00684	0.00469	0.00567	0.00617	0.00630	0.00456	0.00377	0.00722	0.00836	0.01115	0.02109	0.37284	0.02489	0.47365	0.01740	0.00367	0.00405	0.01039	0.00377	0.00352
57	0.05885	0.03784	0.11480	0.01215	0.01524	0.51417	0.02922	0.01749	0.01298	0.01385	0.04328	0.08581	0.01074	0.00630	0.00476	0.00144	0.00768	0.00463	0.00288	0.00588
58	0.01093	0.00965	0.01339	0.07347	0.26259	0.01033	0.01009	0.01774	0.28787	0.01819	0.13150	0.06317	0.03836	0.00728	0.00535	0.00166	0.00452	0.02282	0.00411	0.00698
59	0.00616	0.00440	0.00587	0.00704	0.00733	0.00411	0.00469	0.00704	0.00968	0.01291	0.02787	0.81899	0.03344	0.01584	0.00645	0.00205	0.00293	0.01438	0.00469	0.00411
60	0.01311	0.01371	0.01875	0.16956	0.48630	0.15483	0.04026	0.01591	0.01178	0.01510	0.00913	0.01212	0.00750	0.00473	0.00497	0.00151	0.00679	0.00433	0.00248	0.00714
61	0.01298	0.05622	0.51455	0.01524	0.11731	0.01132	0.01570	0.01756	0.01149	0.16399	0.01111	0.01204	0.00778	0.00502	0.00481	0.00156	0.00659	0.00405	0.00297	0.00771
62	0.06868	0.02894	0.01502	0.23189	0.19257	0.08887	0.02864	0.01537	0.01115	0.11473	0.01232	0.06035	0.02873	0.01755	0.00606	0.00167	0.06280	0.00509	0.00313	0.00644
63	0.50692	0.11166	0.07460	0.00979	0.05814	0.04981	0.00816	0.09817	0.01107	0.02100	0.00794	0.00912	0.00621	0.00482	0.00367	0.00149	0.00492	0.00314	0.00308	0.00627
64	0.01086	0.01032	0.01753	0.46702	0.36773	0.01158	0.01469	0.01406	0.01073	0.01451	0.00922	0.01306	0.00730	0.00481	0.00503	0.00160	0.00642	0.00450	0.00236	0.00667
65	0.00657	0.00516	0.00595	0.00580	0.00726	0.00454	0.00438	0.00838	0.01279	0.01670	0.38455	0.04396	0.43133	0.01172	0.00600	0.00167	0.00254	0.03108	0.00509	0.00451
66	0.01292	0.04460	0.01325	0.05552	0.15125	0.01052	0.00906	0.22790	0.04523	0.06713	0.14100	0.14525	0.01960	0.00814	0.00539	0.00163	0.00461	0.02580	0.00442	0.00679
67	0.00870	0.00703	0.01024	0.35379	0.01883	0.00813	0.00831	0.03629	0.00918	0.01207	0.01260	0.02277	0.01253	0.37453	0.08178	0.00367	0.00645	0.00586	0.00275	0.00448
68	0.85801	0.00978	0.00743	0.00665	0.00978	0.01134	0.00548	0.01486	0.00861	0.02269	0.00704	0.00821	0.00548	0.00469	0.00313	0.00156	0.00391	0.00274	0.00313	0.00548
69	0.01221	0.01164	0.01978	0.06355	0.73132	0.01174	0.01503	0.01513	0.01131	0.01613	0.00971	0.01327	0.00831	0.03268	0.00572	0.00163	0.00600	0.00460	0.00251	0.00774
70	0.00955	0.00899	0.01517	0.81013	0.03483	0.01123	0.01404	0.01292	0.01011	0.01292	0.00899	0.01348	0.00674	0.00506	0.00506	0.00169	0.00674	0.00449	0.00225	0.00562
71	0.01452	0.01230	0.01157	0.00899	0.01296	0.18464	0.00709	0.01650	0.01205	0.15285	0.01066	0.01137	0.00816	0.00452	0.00416	0.00102	0.00504	0.00342	0.00348	0.51469
72	0.01807	0.02123	0.01403	0.01250	0.01530	0.60955	0.00951	0.10289	0.11946	0.01568	0.01002	0.01077	0.00795	0.00553	0.00469	0.00138	0.00804	0.00373	0.00322	0.00645
73	0.00699	0.00516	0.00652	0.00618	0.00745	0.00470	0.00464	0.00921	0.01391	0.01932	0.68150	0.03935	0.15489	0.01069	0.00597	0.00161	0.00241	0.00937	0.00544	0.00470
74	0.00734	0.00526	0.00756	0.00756	0.00825	0.00595	0.00562	0.00858	0.00789	0.01121	0.01368	0.02196	0.01343	0.17715	0.61521	0.05933	0.01144	0.00570	0.00274	0.00411
75	0.01897	0.01339	0.01448	0.01115	0.01506	0.01468	0.00920	0.69349	0.02260	0.07683	0.01281	0.01276	0.00904	0.00607	0.00499	0.00150	0.00534	0.00459	0.04463	0.00842
76	0.00804	0.00657	0.00758	0.00674	0.00901	0.00570	0.00510	0.01080	0.07253	0.01631	0.18704	0.14718	0.24151	0.00972	0.00535	0.00147	0.00303	0.00835	0.00443	0.24354
77	0.00758	0.00604	0.00847	0.07378	0.08377	0.00601	0.00677	0.00981	0.04232	0.01511	0.16265	0.39465	0.09087	0.01219	0.00606	0.00187	0.00356	0.05911	0.00446	0.00492
78	0.01352	0.82533	0.02650	0.00865	0.01298	0.02001	0.00865	0.01514	0.01027	0.01190	0.00703	0.00811	0.00649	0.00433	0.00324	0.00108	0.00541	0.00270	0.00216	0.00649
79	0.49145	0.01095	0.01333	0.01465	0.21557	0.02780	0.07943	0.01585	0.01014	0.06638	0.00877	0.01040	0.00678	0.00471	0.00403	0.00156	0.00502	0.00365	0.00309	0.00646
80	0.01194	0.01364	0.02984	0.02131	0.02643	0.01279	0.77238	0.01620	0.01194	0.01620	0.01023	0.01364	0.00767	0.00426	0.00597	0.00171	0.00853	0.00597	0.00256	0.00682
81	0.01288	0.01012	0.00994	0.00852	0.01092	0.10912	0.00666	0.18632	0.04240	0.07678	0.28607	0.02473	0.08510	0.00795	0.00522	0.00149	0.00420	0.00653	0.07784	0.02721
82	0.00943	0.00471	0.00471	0.00471	0.00589	0.00471	0.00353	0.01178	0.01060	0.01885	0.01650	0.01885	0.01296	0.00589	0.00353	0.00118	0.00236	0.00471	0.85036	0.00471
83	0.02244	0.00866	0.01173	0.00903	0.01291	0.00756	0.00745	0.02470	0.03354	0.77503	0.01997	0.01725	0.01259	0.00627	0.00509	0.00157	0.00430	0.00510	0.00623	0.00859
84	0.01352	0.82533	0.02650	0.00865	0.01298	0.02001	0.00865	0.01514	0.01027	0.01190	0.00703	0.00811	0.00649	0.00433	0.00324	0.00108	0.00541	0.00270	0.00216	0.00649
85	0.01106	0.01106	0.01549	0.01328	0.01328	0.01549	0.01106	0.01217	0.00774	0.01217	0.00664	0.01106	0.00664	0.00885	0.01659	0.00221	0.81303	0.00443	0.00221	0.00553
86	0.01352	0.82533	0.02650	0.00865	0.01298	0.02001	0.00865	0.01514	0.01027	0.01190	0.00703	0.00811	0.00649	0.00433	0.00324	0.00108	0.00541	0.00270	0.00216	0.00649
87	0.00955	0.00899	0.01517	0.81013	0.03483	0.01123	0.01404	0.01292	0.01011	0.01292	0.00899	0.01348	0.00674	0.00506	0.00506	0.00169	0.00674	0.00449	0.00225	0.00562
88	0.02116	0.01063	0.01350	0.01030	0.01430	0.01036	0.03463	0.27334	0.01748	0.51396	0.01702	0.01540	0.01105	0.00613	0.00511	0.00155	0.00487	0.00494	0.00573	0.00854
89	0.01658	0.01578	0.15333	0.01325	0.06893	0.01433	0.01143	0.53809	0.05194	0.02729	0.03133	0.01283	0.00944	0.00588	0.00504	0.00154	0.00579	0.00457	0.00438	0.00824
90	0.85801	0.00978	0.00743	0.00665	0.00978	0.01134	0.00548	0.01486	0.00861	0.02269	0.00704	0.00821	0.00548	0.00469	0.00313	0.00156	0.00391	0.00274	0.00313	0.00548
91	0.01014	0.02616	0.79609	0.01441	0.02189	0.01174	0.01868	0.01601	0.01068	0.01601	0.00907	0.01068	0.00641	0.00480	0.00480	0.00160	0.00747	0.00374	0.00214	0.00747
92	0.82205	0.01039	0.00773	0.00692	0.01003	0.04523	0.00566	0.01509	0.00885	0.02225	0.00707	0.00825	0.00552	0.00472	0.00319	0.00155	0.00413	0.00276	0.00311	0.00549
93	0.00796	0.00560	0.00714	0.00658	0.00797	0.00524	0.00499	0.03963	0.01457	0.03969	0.70800	0.03672	0.07620	0.01017	0.00591	0.00159	0.00256	0.00893	0.00553	0.00499
94	0.68323	0.01046	0.00789	0.00708	0.01004	0.07565	0.00572	0.01501	0.00949	0.04350	0.01052	0.01140	0.05410	0.00532	0.00349	0.00154	0.00422	0.00340	0.03244	0.00550
95	0.01049	0.00899	0.01049	0.00749	0.01198	0.00674	0.00599	0.01273	0.01049	0.01648	0.00899	0.01049	0.00749	0.00374	0.00374	0.00075	0.00374	0.00300	0.00300	0.85320
96	0.01194	0.01364	0.02984	0.02131	0.02643	0.01279	0.77238	0.01620	0.01194	0.01620	0.01023	0.01364	0.00767	0.00426	0.00597	0.00171	0.00853	0.00597	0.00256	0.00682
97	0.01048	0.02495	0.74772	0.01394	0.02111	0.01139	0.01787	0.01612	0.01078	0.03852	0.00963	0.01113	0.00680	0.00488	0.00477	0.00159	0.00722	0.00381	0.02989	0.00742
98	0.00722	0.00542	0.00813	0.00813	0.00903	0.00632	0.00632	0.00903	0.00813	0.01174	0.01354	0.01987	0.01264	0.03792	0.80225	0.00813	0.01354	0.00542	0.00271	0.00451
99	0.01152	0.00961	0.01049	0.00954	0.01203	0.01082	0.00746	0.04620	0.56946	0.02098	0.16426	0.02441	0.02205	0.00790	0.00540	0.00172	0.00379	0.04995	0.00519	0.00722
100	0.00632	0.00458	0.00563	0.00648	0.00714	0.00418	0.00444	0.00738	0.01014	0.01344	0.03225	0.60227	0.19651	0.01457	0.00617	0.00192	0.00282	0.01298	0.05660	0.00418
101	0.00881	0.00565	0.00659	0.00607	0.00795	0.00489	0.00465	0.01052	0.01279	0.13182	0.26532	0.04075	0.45318	0.01110	0.00584	0.00165	0.00277	0.00939	0.00519	0.00506
102	0.01252	0.01201	0.02053	0.03104	0.79074	0.01201	0.01552	0.01552	0.01151	0.01652	0.00951	0.01252	0.00801	0.00451	0.00501	0.00150	0.00601	0.00451	0.00250	0.00801
103	0.00618	0.00448	0.00584	0.00692	0.00735	0.00415	0.00468	0.00712	0.00987	0.01301	0.02979	0.74228	0.09591	0.01556	0.00642	0.00203	0.00293	0.02666	0.00469	0.00413
104	0.01192	0.01145	0.08309	0.36211	0.15376	0.01093	0.13454	0.01534	0.01119	0.10603	0.01116	0.03434	0.00853	0.00525	0.00519	0.00164	0.00652	0.00499	0.01537	0.00666
105	0.00717	0.00517	0.00680	0.00657	0.00772	0.00480	0.00497	0.00949	0.01396	0.01966	0.71053	0.07239	0.04600	0.01079	0.00605	0.00165	0.00254	0.05353	0.00548	0.00474
106	0.00975	0.00844	0.01514	0.01475	0.13396	0.00796	0.21981	0.01202	0.01106	0.06129	0.03934	0.37681	0.04746	0.01006	0.00598	0.00182	0.00502	0.00970	0.00388	0.00575
107	0.01121	0.04633	0.51930	0.01370	0.03930	0.01169	0.04983	0.01766	0.12498	0.04363	0.01115	0.01220	0.00813	0.00504	0.00480	0.00154	0.00654	0.00411	0.00281	0.06605
108	0.03490	0.00809	0.00947	0.00740	0.01079	0.00662	0.00570	0.03599	0.01082	0.04964	0.04378	0.11619	0.01346	0.07129	0.00602	0.00136	0.00377	0.00517	0.00353	0.55599
109	0.02659	0.07591	0.04234	0.01046	0.10528	0.03267	0.00712	0.01084	0.00977	0.01360	0.01575	0.25826	0.01710	0.13787	0.03607	0.02340	0.00477	0.00742	0.00332	0.16144
110	0.15858	0.03502	0.10184	0.00890	0.01287	0.00967	0.00805	0.04138	0.01026	0.01725	0.00847	0.01032	0.00698	0.00510	0.00563	0.02801	0.08791	0.00328	0.00287	0.43762
111	0.12724	0.04234	0.21240	0.02796	0.11147	0.02886	0.01133	0.07021	0.01259	0.25060	0.01222	0.01255	0.00852	0.00522	0.00461	0.00150	0.00552	0.00409	0.00380	0.04697

[dist]
# distance from previous block
# <min> <max>
6	19

[block]
# block no. 4 follows, 49 sequences, length 36
# corresponding to MSA columns:
# 437-472
name=unknown_E
#
# <colnr> <probs for GDERKNQSTAVLIFYWHMCP>
#	G	D	E	R	K	N	Q	S	T	A	V	L	I	F	Y	W	H	M	C	P
0	0.08033	0.01022	0.01629	0.12459	0.43090	0.01073	0.03104	0.03174	0.01087	0.03721	0.01067	0.02902	0.00916	0.03384	0.10965	0.00252	0.00683	0.00480	0.00277	0.00682
1	0.04993	0.07616	0.06889	0.03814	0.33167	0.16407	0.01211	0.03442	0.02720	0.01584	0.00898	0.01108	0.00742	0.00481	0.00493	0.00139	0.03256	0.00385	0.00265	0.10390
2	0.00704	0.00514	0.00662	0.00630	0.00750	0.00471	0.00471	0.00930	0.01397	0.01958	0.71210	0.06563	0.09707	0.01070	0.00598	0.00161	0.00242	0.00943	0.00548	0.00471
3	0.00728	0.00518	0.00692	0.00692	0.00741	0.00567	0.00482	0.00825	0.00777	0.01084	0.01465	0.02598	0.01530	0.40050	0.44331	0.00664	0.00955	0.00631	0.00287	0.00384
4	0.00648	0.00461	0.00615	0.00726	0.00765	0.00437	0.00506	0.00750	0.00982	0.01305	0.02716	0.68256	0.03216	0.05428	0.00745	0.00223	0.00325	0.11023	0.00461	0.00413
5	0.01663	0.00742	0.00990	0.00807	0.01095	0.00663	0.00647	0.01917	0.04105	0.48311	0.30212	0.02482	0.02555	0.00778	0.00541	0.00158	0.00359	0.00660	0.00597	0.00718
6	0.01466	0.00886	0.01091	0.00801	0.01230	0.00698	0.00648	0.01681	0.01185	0.28244	0.01274	0.01279	0.00921	0.00460	0.00420	0.00103	0.00394	0.00371	0.00411	0.56438
7	0.02269	0.00861	0.01174	0.00900	0.01291	0.00743	0.00743	0.02464	0.01447	0.79425	0.01995	0.01721	0.01252	0.00626	0.00509	0.00156	0.00430	0.00509	0.00626	0.00861
8	0.01258	0.01086	0.01143	0.01029	0.01315	0.01258	0.00800	0.02687	0.78161	0.02115	0.02058	0.01887	0.01544	0.00686	0.00515	0.00172	0.00400	0.00572	0.00515	0.00800
9	0.00616	0.00440	0.00587	0.00704	0.00733	0.00411	0.00469	0.00704	0.00968	0.01291	0.02787	0.81899	0.03344	0.01584	0.00645	0.00205	0.00293	0.01438	0.00469	0.00411
10	0.00955	0.00899	0.01517	0.81013	0.03483	0.01123	0.01404	0.01292	0.01011	0.01292	0.00899	0.01348	0.00674	0.00506	0.00506	0.00169	0.00674	0.00449	0.00225	0.00562
11	0.01049	0.00899	0.01049	0.00749	0.01198	0.00674	0.00599	0.01273	0.01049	0.01648	0.00899	0.01049	0.00749	0.00374	0.00374	0.00075	0.00374	0.00300	0.00300	0.85320
12	0.01024	0.04898	0.77411	0.01425	0.02163	0.01198	0.01840	0.01599	0.01066	0.01590	0.00902	0.01060	0.00641	0.00479	0.00476	0.00159	0.00741	0.00371	0.00214	0.00745
13	0.01258	0.01086	0.01143	0.01029	0.01315	0.01258	0.00800	0.02687	0.78161	0.02115	0.02058	0.01887	0.01544	0.00686	0.00515	0.00172	0.00400	0.00572	0.00515	0.00800
14	0.00778	0.00555	0.00772	0.00889	0.00989	0.00550	0.00750	0.00983	0.01127	0.01472	0.02698	0.20004	0.02992	0.01432	0.00688	0.00228	0.00433	0.61739	0.00466	0.00455
15	0.00762	0.00562	0.00830	0.00819	0.00918	0.00645	0.00637	0.00939	0.00834	0.02692	0.01394	0.04698	0.01314	0.03533	0.72892	0.00753	0.02801	0.00565	0.00284	0.02126
16	0.85801	0.00978	0.00743	0.00665	0.00978	0.01134	0.00548	0.01486	0.00861	0.02269	0.00704	0.00821	0.00548	0.00469	0.00313	0.00156	0.00391	0.00274	0.00313	0.00548
17	0.01194	0.01364	0.02984	0.02131	0.02643	0.01279	0.77238	0.01620	0.01194	0.01620	0.01023	0.01364	0.00767	0.00426	0.00597	0.00171	0.00853	0.00597	0.00256	0.00682
18	0.01258	0.01086	0.01143	0.01029	0.01315	0.01258	0.00800	0.02687	0.78161	0.02115	0.02058	0.01887	0.01544	0.00686	0.00515	0.00172	0.00400	0.00572	0.00515	0.00800
19	0.01889	0.02410	0.01433	0.01303	0.01563	0.80199	0.00977	0.02019	0.01433	0.01238	0.00782	0.00912	0.00651	0.00521	0.00456	0.00130	0.00912	0.00326	0.00261	0.00586
20	0.00934	0.00473	0.00479	0.00477	0.00595	0.00472	0.00358	0.01170	0.01074	0.01890	0.04459	0.01954	0.01423	0.00605	0.00362	0.00119	0.00236	0.00487	0.81960	0.00472
21	0.00734	0.00496	0.00578	0.00578	0.00587	0.00505	0.00340	0.00753	0.00743	0.01000	0.01569	0.03174	0.01780	0.74204	0.10518	0.00523	0.00579	0.00716	0.00303	0.00321
22	0.00828	0.00542	0.00712	0.00655	0.00794	0.00496	0.00496	0.01064	0.01433	0.07643	0.73234	0.03628	0.04516	0.01004	0.00590	0.00159	0.00252	0.00885	0.00562	0.00505
23	0.00616	0.00440	0.00587	0.00704	0.00733	0.00411	0.00469	0.00704	0.00968	0.01291	0.02787	0.81899	0.03344	0.01584	0.00645	0.00205	0.00293	0.01438	0.00469	0.00411
24	0.01049	0.00899	0.01049	0.00749	0.01198	0.00674	0.00599	0.01273	0.01049	0.01648	0.00899	0.01049	0.00749	0.00374	0.00374	0.00075	0.00374	0.00300	0.00300	0.85320
25	0.06829	0.33295	0.33242	0.01127	0.01668	0.03360	0.01258	0.09142	0.02948	0.01647	0.00869	0.00982	0.00681	0.00479	0.00412	0.00139	0.00621	0.00339	0.00258	0.00705
26	0.80315	0.00970	0.00771	0.00680	0.00998	0.01109	0.00560	0.01551	0.00899	0.07336	0.00789	0.00881	0.00594	0.00480	0.00326	0.00156	0.00394	0.00289	0.00333	0.00568
27	0.01257	0.37790	0.29678	0.01274	0.08378	0.02978	0.01267	0.01624	0.03496	0.04839	0.02575	0.01079	0.00802	0.00482	0.00417	0.00136	0.00610	0.00357	0.00254	0.00706
28	0.00722	0.00542	0.00813	0.00813	0.00903	0.00632	0.00632	0.00903	0.00813	0.01174	0.01354	0.01987	0.01264	0.03792	0.80225	0.00813	0.01354	0.00542	0.00271	0.00451
29	0.83490	0.00964	0.00736	0.00660	0.00967	0.01116	0.00542	0.01478	0.00866	0.02258	0.00730	0.00850	0.00568	0.00473	0.00314	0.00155	0.00387	0.00279	0.02620	0.00546
30	0.02081	0.00824	0.01105	0.00864	0.01221	0.00723	0.00708	0.02307	0.03041	0.68898	0.06880	0.01864	0.01485	0.00651	0.00506	0.00155	0.00407	0.00534	0.04931	0.00815
31	0.00729	0.00514	0.00674	0.00674	0.00716	0.00557	0.00459	0.00814	0.00772	0.01071	0.01481	0.02690	0.01569	0.45493	0.38942	0.00641	0.00895	0.00645	0.00290	0.00374
