[name]
unknown

[dist]
# distance from previous block
# <min> <max>
0	64

[block]
# block no. 0 follows, 46 sequences, length 51
# corresponding to MSA columns:
# 72-122
name=unknown_A
#
# <colnr> <probs for GDERKNQSTAVLIFYWHMCP>
#	G	D	E	R	K	N	Q	S	T	A	V	L	I	F	Y	W	H	M	C	P
0	0.00942	0.00916	0.01439	0.01167	0.01456	0.03456	0.23569	0.03706	0.01281	0.01609	0.05350	0.03797	0.36727	0.01026	0.00631	0.00185	0.00522	0.11247	0.00419	0.00556
1	0.46854	0.01166	0.01128	0.00932	0.01287	0.01313	0.03284	0.23823	0.08620	0.02586	0.01196	0.01249	0.03398	0.00582	0.00427	0.00165	0.00473	0.00412	0.00410	0.00695
2	0.13568	0.01002	0.01186	0.00879	0.01323	0.00864	0.04697	0.04454	0.02941	0.05632	0.01014	0.01141	0.00803	0.00439	0.00410	0.00106	0.00432	0.00350	0.00343	0.58415
3	0.01256	0.46528	0.36603	0.01173	0.01772	0.01707	0.01372	0.01624	0.01093	0.01436	0.00830	0.00968	0.00675	0.00475	0.00412	0.00137	0.00662	0.00331	0.00225	0.00724
4	0.00769	0.00513	0.00577	0.00577	0.00577	0.00513	0.00320	0.00769	0.00769	0.01025	0.01666	0.03460	0.01922	0.81421	0.02691	0.00513	0.00513	0.00769	0.00320	0.00320
5	0.01248	0.01426	0.03119	0.02228	0.02763	0.01337	0.76203	0.01693	0.01248	0.01693	0.01070	0.01426	0.00802	0.00446	0.00624	0.00178	0.00891	0.00624	0.00267	0.00713
6	0.01126	0.01106	0.01537	0.01324	0.01324	0.01532	0.01090	0.01232	0.00806	0.01253	0.00771	0.01339	0.00791	0.07303	0.01811	0.00254	0.74120	0.00487	0.00238	0.00558
7	0.00625	0.00536	0.00536	0.00536	0.00714	0.00446	0.00402	0.00759	0.01205	0.01428	0.05355	0.05088	0.77909	0.01339	0.00625	0.00179	0.00268	0.01116	0.00491	0.00446
8	0.00644	0.00460	0.00613	0.00736	0.00767	0.00429	0.00491	0.00736	0.01012	0.01350	0.02914	0.81076	0.03497	0.01656	0.00675	0.00215	0.00307	0.01503	0.00491	0.00429
9	0.00998	0.00940	0.01586	0.80150	0.03641	0.01175	0.01468	0.01351	0.01057	0.01351	0.00940	0.01409	0.00705	0.00529	0.00529	0.00176	0.00705	0.00470	0.00235	0.00587
10	0.00660	0.00537	0.00584	0.00572	0.00735	0.00461	0.00429	0.00826	0.01287	0.01624	0.25828	0.04766	0.57315	0.01266	0.00624	0.00175	0.00263	0.01071	0.00517	0.00461
11	0.00644	0.00460	0.00613	0.00736	0.00767	0.00429	0.00491	0.00736	0.01012	0.01350	0.02914	0.81076	0.03497	0.01656	0.00675	0.00215	0.00307	0.01503	0.00491	0.00429
12	0.01975	0.02520	0.01498	0.01362	0.01634	0.79299	0.01021	0.02111	0.01498	0.01294	0.00817	0.00953	0.00681	0.00545	0.00477	0.00136	0.00953	0.00340	0.00272	0.00613
13	0.01315	0.01136	0.01195	0.01076	0.01375	0.01315	0.00837	0.02809	0.77168	0.02211	0.02152	0.01972	0.01614	0.00717	0.00538	0.00179	0.00418	0.00598	0.00538	0.00837
14	0.01975	0.02520	0.01498	0.01362	0.01634	0.79299	0.01021	0.02111	0.01498	0.01294	0.00817	0.00953	0.00681	0.00545	0.00477	0.00136	0.00953	0.00340	0.00272	0.00613
15	0.00692	0.00538	0.00629	0.00607	0.00756	0.00475	0.00455	0.00890	0.01365	0.01807	0.45088	0.04464	0.37940	0.01197	0.00624	0.00172	0.00258	0.01028	0.00541	0.00475
16	0.01364	0.62516	0.19030	0.01035	0.01557	0.01870	0.01126	0.01630	0.01095	0.03492	0.00819	0.00932	0.00694	0.00469	0.00380	0.00126	0.00609	0.00313	0.00237	0.00707
17	0.85155	0.01022	0.00777	0.00695	0.01022	0.01186	0.00573	0.01554	0.00900	0.02372	0.00736	0.00859	0.00573	0.00491	0.00327	0.00164	0.00409	0.00286	0.00327	0.00573
18	0.01134	0.01085	0.01736	0.50180	0.26530	0.02993	0.01471	0.01533	0.05308	0.01513	0.01021	0.01399	0.00795	0.00522	0.00526	0.00170	0.00671	0.00474	0.00261	0.00679
19	0.01010	0.01104	0.07769	0.66493	0.03396	0.01170	0.06546	0.01384	0.01079	0.01402	0.01068	0.01486	0.02786	0.00543	0.00536	0.00176	0.00712	0.00491	0.00243	0.00607
20	0.01509	0.01575	0.01958	0.02676	0.55345	0.20216	0.01443	0.05861	0.01346	0.01710	0.00967	0.01220	0.00803	0.00498	0.00512	0.00152	0.00704	0.00440	0.00279	0.00786
21	0.00970	0.00641	0.00805	0.00721	0.00895	0.00604	0.00553	0.06777	0.01552	0.08529	0.60859	0.03646	0.09320	0.01029	0.00609	0.00166	0.00292	0.00895	0.00578	0.00559
22	0.01001	0.00636	0.00996	0.00895	0.01037	0.00605	0.07797	0.01096	0.01144	0.07619	0.25215	0.03039	0.02546	0.01314	0.01142	0.29946	0.00439	0.12661	0.00418	0.00454
23	0.00749	0.00538	0.00692	0.00680	0.00756	0.00548	0.00478	0.00885	0.01030	0.01425	0.23622	0.03298	0.07673	0.30174	0.24667	0.00491	0.00689	0.00785	0.00395	0.00425
24	0.12909	0.00939	0.01184	0.00920	0.01320	0.00864	0.00760	0.05428	0.01474	0.65750	0.01881	0.01658	0.01198	0.00633	0.00505	0.00163	0.00450	0.00498	0.00608	0.00858
25	0.00656	0.00471	0.00626	0.00745	0.00785	0.00441	0.00510	0.00758	0.01030	0.01366	0.02972	0.74528	0.05461	0.01636	0.00677	0.00215	0.00316	0.05883	0.00491	0.00433
26	0.01315	0.01136	0.01195	0.01076	0.01375	0.01315	0.00837	0.02809	0.77168	0.02211	0.02152	0.01972	0.01614	0.00717	0.00538	0.00179	0.00418	0.00598	0.00538	0.00837
27	0.01931	0.01189	0.01622	0.01738	0.25180	0.01191	0.01109	0.25010	0.01717	0.31601	0.01497	0.01484	0.01037	0.00592	0.00528	0.00160	0.00546	0.00496	0.00494	0.00880
28	0.00643	0.00536	0.00560	0.00554	0.00725	0.00454	0.00416	0.00794	0.01247	0.01529	0.15921	0.04922	0.67280	0.01301	0.00625	0.00177	0.00265	0.01092	0.00504	0.00454
29	0.02820	0.01205	0.02053	0.09778	0.19311	0.04486	0.27570	0.01515	0.01220	0.01690	0.07256	0.01665	0.04177	0.00543	0.00547	0.00156	0.00661	0.00557	0.00304	0.12484
30	0.85155	0.01022	0.00777	0.00695	0.01022	0.01186	0.00573	0.01554	0.00900	0.02372	0.00736	0.00859	0.00573	0.00491	0.00327	0.00164	0.00409	0.00286	0.00327	0.00573
31	0.00695	0.00521	0.00630	0.00636	0.00758	0.00468	0.00464	0.00877	0.01299	0.01748	0.38528	0.20079	0.26701	0.01265	0.00628	0.00179	0.00267	0.01105	0.02682	0.00468
32	0.85155	0.01022	0.00777	0.00695	0.01022	0.01186	0.00573	0.01554	0.00900	0.02372	0.00736	0.00859	0.00573	0.00491	0.00327	0.00164	0.00409	0.00286	0.00327	0.00573
33	0.01013	0.00952	0.01595	0.75068	0.06533	0.01166	0.01453	0.01361	0.01064	0.01375	0.00942	0.01397	0.00712	0.00523	0.00525	0.00173	0.00694	0.00466	0.00238	0.02751
34	0.00998	0.00940	0.01586	0.80150	0.03641	0.01175	0.01468	0.01351	0.01057	0.01351	0.00940	0.01409	0.00705	0.00529	0.00529	0.00176	0.00705	0.00470	0.00235	0.00587
35	0.00761	0.00511	0.00587	0.00600	0.00606	0.00509	0.00349	0.00775	0.00800	0.01066	0.01796	0.09678	0.02078	0.72891	0.02477	0.00481	0.00496	0.02867	0.00338	0.00334
36	0.02143	0.01166	0.01380	0.01069	0.01476	0.01186	0.00879	0.34362	0.07166	0.40851	0.01739	0.01583	0.01153	0.00650	0.00531	0.00163	0.00504	0.00512	0.00592	0.00895
37	0.01261	0.16545	0.01317	0.00911	0.01161	0.25382	0.00719	0.01491	0.06408	0.01418	0.07362	0.02583	0.23230	0.07209	0.00682	0.00179	0.00566	0.00644	0.00369	0.00562
38	0.00850	0.00556	0.00751	0.00818	0.00924	0.00527	0.00637	0.01027	0.01196	0.06781	0.14178	0.35803	0.05164	0.01425	0.00676	0.00213	0.00370	0.27097	0.00514	0.00492
39	0.00672	0.00535	0.00603	0.00592	0.00744	0.00465	0.00441	0.00847	0.01307	0.01684	0.32394	0.07533	0.47805	0.01254	0.00626	0.00175	0.00262	0.01071	0.00525	0.00465
40	0.00958	0.00490	0.00502	0.00512	0.00628	0.00488	0.00379	0.01193	0.01101	0.01922	0.01819	0.08238	0.01525	0.00698	0.00394	0.00130	0.00251	0.00573	0.77711	0.00488
41	0.01308	0.01256	0.02146	0.03245	0.78123	0.01256	0.01622	0.01622	0.01204	0.01727	0.00994	0.01308	0.00837	0.00471	0.00523	0.00157	0.00628	0.00471	0.00262	0.00837
42	0.01308	0.01256	0.02146	0.03245	0.78123	0.01256	0.01622	0.01622	0.01204	0.01727	0.00994	0.01308	0.00837	0.00471	0.00523	0.00157	0.00628	0.00471	0.00262	0.00837
43	0.02372	0.00900	0.01227	0.00941	0.01350	0.00777	0.00777	0.02576	0.01513	0.78489	0.02086	0.01799	0.01309	0.00654	0.00532	0.00164	0.00450	0.00532	0.00654	0.00900
44	0.07848	0.02423	0.65095	0.01388	0.02098	0.01181	0.01731	0.01751	0.01137	0.09083	0.01041	0.01161	0.00723	0.00516	0.00491	0.00167	0.00720	0.00396	0.00273	0.00776
45	0.00721	0.00539	0.00669	0.00637	0.00773	0.00487	0.00478	0.00945	0.01433	0.01969	0.61979	0.04198	0.20948	0.01137	0.00624	0.00169	0.00253	0.00991	0.00562	0.00487
46	0.01461	0.75380	0.02676	0.00929	0.01379	0.02056	0.00913	0.07507	0.01186	0.01409	0.00777	0.00881	0.00696	0.00467	0.00354	0.00117	0.00567	0.00298	0.00250	0.00696
47	0.00844	0.00641	0.00806	0.00719	0.00920	0.00570	0.02611	0.01041	0.01288	0.05337	0.29465	0.08059	0.29817	0.01088	0.00627	0.00166	0.02467	0.02466	0.00496	0.10572
48	0.01601	0.12910	0.01619	0.06568	0.01647	0.34786	0.01000	0.04725	0.20143	0.01589	0.01151	0.01250	0.00922	0.00608	0.00582	0.00155	0.07305	0.00420	0.00335	0.00683
49	0.01240	0.01190	0.02056	0.06039	0.64887	0.01192	0.05638	0.01545	0.01185	0.01680	0.01148	0.07639	0.01041	0.00566	0.00541	0.00164	0.00620	0.00561	0.00279	0.00788
50	0.00998	0.00940	0.01586	0.80150	0.03641	0.01175	0.01468	0.01351	0.01057	0.01351	0.00940	0.01409	0.00705	0.00529	0.00529	0.00176	0.00705	0.00470	0.00235	0.00587

[dist]
# distance from previous block
# <min> <max>
0	27

[block]
# block no. 1 follows, 46 sequences, length 88
# corresponding to MSA columns:
# 150-237
name=unknown_B
#
# <colnr> <probs for GDERKNQSTAVLIFYWHMCP>
#	G	D	E	R	K	N	Q	S	T	A	V	L	I	F	Y	W	H	M	C	P
0	0.02372	0.00900	0.01227	0.00941	0.01350	0.00777	0.00777	0.02576	0.01513	0.78489	0.02086	0.01799	0.01309	0.00654	0.00532	0.00164	0.00450	0.00532	0.00654	0.00900
1	0.85155	0.01022	0.00777	0.00695	0.01022	0.01186	0.00573	0.01554	0.00900	0.02372	0.00736	0.00859	0.00573	0.00491	0.00327	0.00164	0.00409	0.00286	0.00327	0.00573
2	0.01081	0.02489	0.66790	0.01508	0.02224	0.01221	0.06456	0.01728	0.05826	0.01706	0.01088	0.01339	0.00810	0.00542	0.00519	0.00171	0.00757	0.02722	0.00254	0.00771
3	0.00666	0.00476	0.00639	0.00761	0.00802	0.00449	0.00529	0.00774	0.01034	0.01374	0.02902	0.73059	0.03448	0.01635	0.00681	0.00218	0.00326	0.09301	0.00490	0.00436
4	0.01456	0.01206	0.01275	0.01104	0.01429	0.01381	0.00871	0.17793	0.61954	0.02440	0.01972	0.01829	0.01468	0.00700	0.00536	0.00175	0.00452	0.00573	0.00536	0.00849
5	0.02049	0.01716	0.01490	0.01230	0.01585	0.38448	0.06393	0.02240	0.01470	0.32843	0.01358	0.01339	0.00950	0.00576	0.00506	0.00148	0.00721	0.00438	0.00430	0.04070
6	0.01330	0.63063	0.20715	0.01047	0.01577	0.01888	0.01152	0.01605	0.01084	0.01346	0.00785	0.00911	0.00676	0.00464	0.00378	0.00126	0.00616	0.00308	0.00225	0.00703
7	0.01090	0.02545	0.68409	0.01678	0.07852	0.01237	0.06535	0.01672	0.01131	0.01679	0.00960	0.01149	0.00690	0.00496	0.00511	0.00167	0.00777	0.00411	0.00229	0.00781
8	0.00636	0.00530	0.00555	0.00561	0.00724	0.00449	0.00416	0.00776	0.01214	0.01478	0.11043	0.10541	0.66578	0.01341	0.00628	0.00180	0.00269	0.01131	0.00498	0.00449
9	0.01089	0.09047	0.72616	0.01459	0.02214	0.01297	0.01869	0.01667	0.01113	0.01640	0.00932	0.01095	0.00670	0.00498	0.00489	0.00163	0.00764	0.00382	0.00223	0.00773
10	0.01173	0.01244	0.07519	0.32179	0.44443	0.01223	0.01588	0.01524	0.01142	0.01581	0.00970	0.01333	0.00775	0.00495	0.00524	0.00165	0.00668	0.00465	0.00249	0.00739
11	0.00675	0.00494	0.00634	0.00690	0.00768	0.00454	0.00483	0.00822	0.01189	0.01605	0.27124	0.47618	0.12620	0.01436	0.00653	0.00195	0.00284	0.01283	0.00520	0.00454
12	0.00734	0.00540	0.00687	0.00650	0.00781	0.00493	0.00488	0.00971	0.01463	0.02042	0.69633	0.04078	0.13248	0.01110	0.00624	0.00168	0.00251	0.00974	0.00572	0.00493
13	0.06404	0.00906	0.01205	0.00929	0.01334	0.00797	0.00767	0.02527	0.01483	0.74782	0.02020	0.01754	0.01273	0.00646	0.00522	0.00164	0.00448	0.00520	0.00638	0.00884
14	0.00642	0.00536	0.00559	0.00554	0.00725	0.00454	0.00415	0.00792	0.01245	0.01524	0.15408	0.04930	0.67796	0.01303	0.00625	0.00177	0.00265	0.01094	0.00504	0.00454
15	0.00635	0.00531	0.00553	0.00557	0.00723	0.00449	0.00414	0.00775	0.01214	0.01474	0.10494	0.09718	0.67971	0.01340	0.00628	0.00180	0.00269	0.01128	0.00498	0.00449
16	0.01456	0.01505	0.02690	0.01957	0.02452	0.06219	0.55397	0.17766	0.01529	0.02021	0.01097	0.01363	0.00815	0.00492	0.00594	0.00171	0.00829	0.00575	0.00324	0.00747
17	0.01950	0.06297	0.01567	0.01328	0.01621	0.69517	0.01014	0.07842	0.01554	0.01449	0.00848	0.00973	0.00698	0.00547	0.00474	0.00137	0.00906	0.00348	0.00290	0.00638
18	0.01096	0.00940	0.01096	0.00783	0.01253	0.00705	0.00626	0.01331	0.01096	0.01723	0.00940	0.01096	0.00783	0.00392	0.00392	0.00078	0.00392	0.00313	0.00313	0.84653
19	0.00985	0.00866	0.01345	0.18910	0.24790	0.00921	0.01087	0.01321	0.07341	0.01543	0.01836	0.30391	0.01913	0.00968	0.00588	0.00187	0.00506	0.03511	0.00369	0.00623
20	0.01343	0.06361	0.02912	0.02102	0.06243	0.01339	0.62396	0.01748	0.01254	0.07271	0.01119	0.01412	0.00833	0.00463	0.00595	0.00172	0.00826	0.00589	0.00293	0.00731
21	0.00767	0.00520	0.00615	0.00615	0.00629	0.00534	0.00369	0.00794	0.00780	0.01054	0.01630	0.03263	0.01837	0.70427	0.13568	0.00560	0.00641	0.00740	0.00315	0.00342
22	0.01339	0.01325	0.02031	0.02984	0.68260	0.07460	0.01537	0.01636	0.01228	0.01685	0.01068	0.01507	0.00932	0.00525	0.00530	0.00160	0.00647	0.04069	0.00274	0.00802
23	0.00636	0.00536	0.00551	0.00548	0.00721	0.00451	0.00411	0.00781	0.01232	0.01492	0.12086	0.04982	0.71138	0.01315	0.00625	0.00177	0.00266	0.01101	0.00499	0.00451
24	0.01096	0.00940	0.01096	0.00783	0.01253	0.00705	0.00626	0.01331	0.01096	0.01723	0.00940	0.01096	0.00783	0.00392	0.00392	0.00078	0.00392	0.00313	0.00313	0.84653
25	0.01106	0.18002	0.09327	0.00971	0.01274	0.01050	0.05070	0.01482	0.09436	0.07327	0.18461	0.20137	0.02423	0.00914	0.00547	0.00168	0.00453	0.00793	0.00432	0.00628
26	0.00918	0.00459	0.00689	0.00689	0.00689	0.00459	0.00459	0.00689	0.00689	0.00918	0.00918	0.01607	0.00918	0.01837	0.02066	0.84619	0.00459	0.00459	0.00230	0.00230
27	0.00769	0.00513	0.00577	0.00577	0.00577	0.00513	0.00320	0.00769	0.00769	0.01025	0.01666	0.03460	0.01922	0.81421	0.02691	0.00513	0.00513	0.00769	0.00320	0.00320
28	0.00651	0.00465	0.00619	0.00732	0.00768	0.00434	0.00491	0.00752	0.01042	0.01397	0.07543	0.76311	0.03589	0.01621	0.00672	0.00212	0.00303	0.01469	0.00496	0.00434
29	0.01975	0.02520	0.01498	0.01362	0.01634	0.79299	0.01021	0.02111	0.01498	0.01294	0.00817	0.00953	0.00681	0.00545	0.00477	0.00136	0.00953	0.00340	0.00272	0.00613
30	0.00998	0.00940	0.01586	0.80150	0.03641	0.01175	0.01468	0.01351	0.01057	0.01351	0.00940	0.01409	0.00705	0.00529	0.00529	0.00176	0.00705	0.00470	0.00235	0.00587
31	0.01254	0.01408	0.03015	0.02338	0.10868	0.01328	0.68182	0.01686	0.01243	0.01697	0.01061	0.01413	0.00806	0.00448	0.00613	0.00176	0.00863	0.00607	0.00267	0.00726
32	0.01257	0.01204	0.02053	0.15997	0.65772	0.01243	0.01597	0.01577	0.01179	0.01665	0.00985	0.01325	0.00815	0.00481	0.00524	0.00160	0.00641	0.00471	0.00257	0.00796
33	0.01413	0.81739	0.02770	0.00905	0.01357	0.02092	0.00905	0.01583	0.01074	0.01244	0.00735	0.00848	0.00678	0.00452	0.00339	0.00113	0.00565	0.00283	0.00226	0.00678
34	0.00790	0.00515	0.00652	0.00649	0.00675	0.00528	0.00416	0.00804	0.00827	0.01129	0.07585	0.02953	0.01897	0.48465	0.15566	0.14547	0.00638	0.00697	0.00320	0.00345
35	0.01219	0.01286	0.08083	0.02787	0.62489	0.01160	0.01510	0.01549	0.01233	0.01772	0.10506	0.01620	0.01338	0.00549	0.00534	0.00159	0.00593	0.00525	0.00298	0.00791
36	0.01321	0.06136	0.01293	0.01065	0.01374	0.01363	0.00841	0.02733	0.72448	0.02151	0.02064	0.01903	0.01556	0.00701	0.00526	0.00175	0.00428	0.00578	0.00519	0.00827
37	0.79085	0.01132	0.00830	0.00744	0.01067	0.06886	0.00605	0.01595	0.00943	0.02293	0.00742	0.00866	0.00580	0.00495	0.00338	0.00162	0.00449	0.00290	0.00323	0.00575
38	0.01308	0.01256	0.02146	0.03245	0.78123	0.01256	0.01622	0.01622	0.01204	0.01727	0.00994	0.01308	0.00837	0.00471	0.00523	0.00157	0.00628	0.00471	0.00262	0.00837
39	0.01208	0.02697	0.01254	0.01050	0.01244	0.01173	0.00844	0.17165	0.09350	0.01811	0.01270	0.01676	0.01108	0.06407	0.25361	0.00405	0.18345	0.00515	0.00354	0.06763
40	0.04399	0.01349	0.01534	0.01324	0.07659	0.01476	0.02355	0.54760	0.07957	0.04510	0.01337	0.01464	0.01010	0.05632	0.00659	0.00183	0.00566	0.00501	0.00487	0.00840
41	0.01248	0.01426	0.03119	0.02228	0.02763	0.01337	0.76203	0.01693	0.01248	0.01693	0.01070	0.01426	0.00802	0.00446	0.00624	0.00178	0.00891	0.00624	0.00267	0.00713
42	0.01133	0.00662	0.00787	0.00701	0.00921	0.00601	0.00544	0.03780	0.03734	0.18836	0.22086	0.06386	0.30503	0.01047	0.00584	0.00169	0.00319	0.00885	0.05734	0.00589
43	0.00854	0.00618	0.00746	0.00701	0.00808	0.00624	0.00495	0.04436	0.06775	0.01753	0.38178	0.03401	0.03286	0.28591	0.06200	0.00327	0.00439	0.00820	0.00469	0.00479
44	0.02184	0.01005	0.01263	0.00976	0.01374	0.00946	0.00804	0.18664	0.01708	0.57227	0.02108	0.01886	0.05952	0.00692	0.00537	0.00163	0.00468	0.00555	0.00617	0.00872
45	0.01753	0.02186	0.01992	0.01626	0.01978	0.55536	0.23937	0.01984	0.01422	0.01416	0.00894	0.01097	0.00718	0.00515	0.00522	0.00149	0.00934	0.00427	0.00271	0.00643
46	0.07193	0.01694	0.01202	0.01090	0.01339	0.41376	0.00828	0.03285	0.10991	0.03137	0.18121	0.01891	0.04268	0.00710	0.00513	0.00152	0.00656	0.00536	0.00397	0.00619
47	0.00667	0.00486	0.00607	0.00679	0.00738	0.00449	0.00458	0.00771	0.01063	0.01404	0.11027	0.52054	0.14798	0.11131	0.00904	0.00240	0.00319	0.01298	0.00480	0.00426
48	0.01409	0.22997	0.02353	0.01445	0.01839	0.01485	0.27690	0.06272	0.01241	0.09842	0.01312	0.01488	0.05578	0.00605	0.00690	0.00165	0.12047	0.00520	0.00323	0.00700
49	0.21899	0.01088	0.01374	0.01100	0.01476	0.01134	0.10729	0.05228	0.22375	0.25773	0.01611	0.01550	0.01132	0.00604	0.00496	0.00170	0.00495	0.00501	0.00487	0.00779
50	0.01428	0.01332	0.02014	0.02899	0.65375	0.07464	0.01503	0.01750	0.03120	0.06447	0.01076	0.01327	0.00873	0.00494	0.00521	0.00156	0.00638	0.00467	0.00294	0.00823
51	0.00694	0.00466	0.00629	0.00721	0.00752	0.00440	0.00483	0.00746	0.00989	0.01326	0.07220	0.62818	0.03172	0.03433	0.00923	0.12703	0.00330	0.01298	0.00454	0.00402
52	0.00998	0.00940	0.01586	0.80150	0.03641	0.01175	0.01468	0.01351	0.01057	0.01351	0.00940	0.01409	0.00705	0.00529	0.00529	0.00176	0.00705	0.00470	0.00235	0.00587
53	0.06453	0.41393	0.34690	0.01154	0.01737	0.01660	0.01330	0.03464	0.01116	0.01547	0.00839	0.00972	0.00674	0.00480	0.00412	0.00140	0.00647	0.00333	0.00239	0.00721
54	0.01413	0.81739	0.02770	0.00905	0.01357	0.02092	0.00905	0.01583	0.01074	0.01244	0.00735	0.00848	0.00678	0.00452	0.00339	0.00113	0.00565	0.00283	0.00226	0.00678
55	0.00655	0.00498	0.00626	0.00695	0.00778	0.00469	0.00490	0.00773	0.01044	0.01354	0.03402	0.47310	0.24797	0.01905	0.12294	0.00298	0.00459	0.01252	0.00460	0.00441
56	0.01133	0.02717	0.72515	0.01495	0.02236	0.07466	0.01879	0.01709	0.01147	0.01644	0.00938	0.01103	0.00671	0.00506	0.00500	0.00165	0.00795	0.00387	0.00227	0.00768
57	0.00998	0.00940	0.01586	0.80150	0.03641	0.01175	0.01468	0.01351	0.01057	0.01351	0.00940	0.01409	0.00705	0.00529	0.00529	0.00176	0.00705	0.00470	0.00235	0.00587
58	0.00707	0.00505	0.00685	0.00808	0.00866	0.00483	0.00600	0.00844	0.01074	0.01420	0.02879	0.58419	0.03360	0.01597	0.00691	0.00223	0.00361	0.23541	0.00490	0.00447
59	0.01308	0.01256	0.02146	0.03245	0.78123	0.01256	0.01622	0.01622	0.01204	0.01727	0.00994	0.01308	0.00837	0.00471	0.00523	0.00157	0.00628	0.00471	0.00262	0.00837
60	0.01308	0.01256	0.02146	0.03245	0.78123	0.01256	0.01622	0.01622	0.01204	0.01727	0.00994	0.01308	0.00837	0.00471	0.00523	0.00157	0.00628	0.00471	0.00262	0.00837
61	0.00676	0.00548	0.00607	0.00621	0.00784	0.00479	0.00485	0.00841	0.01241	0.01534	0.13497	0.05094	0.57279	0.01328	0.00642	0.00187	0.00301	0.12896	0.00501	0.00459
62	0.00985	0.00876	0.01447	0.62748	0.03066	0.01083	0.01303	0.01301	0.01024	0.02869	0.01043	0.01532	0.00827	0.01156	0.14706	0.00298	0.02422	0.00488	0.00252	0.00573
63	0.01840	0.00878	0.01109	0.00897	0.01226	0.00816	0.00722	0.13079	0.01586	0.45641	0.10070	0.08533	0.09533	0.00843	0.00561	0.00169	0.00419	0.00702	0.00599	0.00776
64	0.01222	0.01266	0.01610	0.01386	0.01408	0.07826	0.01146	0.01339	0.00865	0.01274	0.00704	0.01140	0.00693	0.00895	0.01634	0.00224	0.74101	0.00453	0.00235	0.00581
65	0.00998	0.00940	0.01586	0.80150	0.03641	0.01175	0.01468	0.01351	0.01057	0.01351	0.00940	0.01409	0.00705	0.00529	0.00529	0.00176	0.00705	0.00470	0.00235	0.00587
66	0.85155	0.01022	0.00777	0.00695	0.01022	0.01186	0.00573	0.01554	0.00900	0.02372	0.00736	0.00859	0.00573	0.00491	0.00327	0.00164	0.00409	0.00286	0.00327	0.00573
67	0.00646	0.00481	0.00603	0.00689	0.00757	0.00437	0.00472	0.00757	0.01083	0.01414	0.08076	0.60276	0.19273	0.01554	0.00661	0.00204	0.00295	0.01387	0.00496	0.00437
68	0.00998	0.00940	0.01586	0.80150	0.03641	0.01175	0.01468	0.01351	0.01057	0.01351	0.00940	0.01409	0.00705	0.00529	0.00529	0.00176	0.00705	0.00470	0.00235	0.00587
69	0.01157	0.01157	0.01619	0.01388	0.01388	0.01619	0.01157	0.01272	0.00810	0.01272	0.00694	0.01157	0.00694	0.00925	0.01735	0.00231	0.80453	0.00463	0.00231	0.00578
70	0.00848	0.00506	0.00758	0.00758	0.00799	0.00547	0.00547	0.00799	0.00758	0.01052	0.01134	0.01811	0.01093	0.02759	0.35568	0.48295	0.00874	0.00506	0.00253	0.00335
71	0.00918	0.00459	0.00689	0.00689	0.00689	0.00459	0.00459	0.00689	0.00689	0.00918	0.00918	0.01607	0.00918	0.01837	0.02066	0.84619	0.00459	0.00459	0.00230	0.00230
72	0.70112	0.01207	0.00876	0.00785	0.01101	0.11596	0.00632	0.01643	0.00999	0.03922	0.00802	0.00920	0.00623	0.00505	0.00353	0.00159	0.00479	0.00304	0.02400	0.00583
73	0.00692	0.00539	0.00675	0.00711	0.00797	0.00522	0.00511	0.00829	0.01148	0.01524	0.18915	0.41046	0.22349	0.01412	0.00717	0.00197	0.05237	0.01228	0.00494	0.00457
74	0.01110	0.01054	0.01788	0.52346	0.30569	0.01204	0.01524	0.01449	0.01110	0.01487	0.00959	0.01373	0.00753	0.00508	0.00527	0.00169	0.00677	0.00470	0.00245	0.00678
75	0.00748	0.00540	0.00707	0.00665	0.00790	0.00499	0.00499	0.00998	0.01496	0.02120	0.77844	0.03949	0.04988	0.01081	0.00624	0.00166	0.00249	0.00956	0.00582	0.00499
76	0.00998	0.00940	0.01586	0.80150	0.03641	0.01175	0.01468	0.01351	0.01057	0.01351	0.00940	0.01409	0.00705	0.00529	0.00529	0.00176	0.00705	0.00470	0.00235	0.00587
77	0.85155	0.01022	0.00777	0.00695	0.01022	0.01186	0.00573	0.01554	0.00900	0.02372	0.00736	0.00859	0.00573	0.00491	0.00327	0.00164	0.00409	0.00286	0.00327	0.00573
78	0.01248	0.01426	0.03119	0.02228	0.02763	0.01337	0.76203	0.01693	0.01248	0.01693	0.01070	0.01426	0.00802	0.00446	0.00624	0.00178	0.00891	0.00624	0.00267	0.00713
79	0.01147	0.01143	0.01617	0.06274	0.01528	0.01592	0.01176	0.01277	0.00825	0.01277	0.00709	0.01172	0.00695	0.00901	0.01660	0.00228	0.75506	0.00463	0.00232	0.00579
80	0.01315	0.01136	0.01195	0.01076	0.01375	0.01315	0.00837	0.02809	0.77168	0.02211	0.02152	0.01972	0.01614	0.00717	0.00538	0.00179	0.00418	0.00598	0.00538	0.00837
81	0.01159	0.00938	0.01448	0.02058	0.44034	0.00940	0.01090	0.01474	0.02999	0.01849	0.06029	0.01722	0.01296	0.00566	0.00475	0.00146	0.00464	0.00512	0.30105	0.00694
82	0.01513	0.01234	0.01307	0.01116	0.01450	0.01408	0.00885	0.23813	0.55842	0.02531	0.01900	0.01772	0.01410	0.00694	0.00535	0.00173	0.00465	0.00563	0.00535	0.00855
83	0.01315	0.01136	0.01195	0.01076	0.01375	0.01315	0.00837	0.02809	0.77168	0.02211	0.02152	0.01972	0.01614	0.00717	0.00538	0.00179	0.00418	0.00598	0.00538	0.00837
84	0.85155	0.01022	0.00777	0.00695	0.01022	0.01186	0.00573	0.01554	0.00900	0.02372	0.00736	0.00859	0.00573	0.00491	0.00327	0.00164	0.00409	0.00286	0.00327	0.00573
85	0.00998	0.00940	0.01586	0.80150	0.03641	0.01175	0.01468	0.01351	0.01057	0.01351	0.00940	0.01409	0.00705	0.00529	0.00529	0.00176	0.00705	0.00470	0.00235	0.00587
86	0.06224	0.00937	0.01490	0.61666	0.07766	0.01141	0.01321	0.01331	0.01026	0.01409	0.00981	0.01525	0.00802	0.06998	0.00726	0.00203	0.03143	0.00482	0.00249	0.00580
87	0.54886	0.06050	0.01220	0.07069	0.09581	0.01218	0.03140	0.01640	0.01019	0.08676	0.00905	0.01046	0.00688	0.00502	0.00391	0.00161	0.00483	0.00351	0.00333	0.00641

[dist]
# distance from previous block
# <min> <max>
0	59

# created by:
# /home/berkeley/.conda/envs/busco_data_prod/bin/msa2prfl.pl pipeline/OGs_align_augustus/33634/152396.fs
