[name]
unknown

[dist]
# distance from previous block
# <min> <max>
1	479

[block]
# block no. 0 follows, 46 sequences, length 7
# corresponding to MSA columns:
# 494-500
name=unknown_A
#
# <colnr> <probs for GDERKNQSTAVLIFYWHMCP>
#	G	D	E	R	K	N	Q	S	T	A	V	L	I	F	Y	W	H	M	C	P
0	0.09637	0.04490	0.03578	0.01143	0.09432	0.05348	0.00833	0.09124	0.01266	0.09194	0.01551	0.07968	0.06089	0.01026	0.09047	0.00220	0.00591	0.00543	0.00378	0.18542
1	0.19666	0.05873	0.14534	0.01339	0.13523	0.03717	0.01057	0.05306	0.01230	0.15873	0.01392	0.04997	0.04220	0.00610	0.00472	0.00158	0.00538	0.00480	0.00375	0.04640
2	0.09977	0.01077	0.03545	0.06535	0.10486	0.04687	0.00869	0.09688	0.03586	0.12286	0.04973	0.01793	0.01262	0.13617	0.02775	0.00225	0.00548	0.00510	0.00389	0.11172
3	0.07888	0.08551	0.04202	0.06471	0.11461	0.01154	0.00951	0.10436	0.09169	0.08143	0.01282	0.05835	0.01052	0.00584	0.00471	0.00143	0.00499	0.00476	0.00378	0.20855
4	0.01237	0.08931	0.14809	0.01411	0.15777	0.01048	0.01078	0.07568	0.01299	0.08517	0.09860	0.13995	0.01707	0.00748	0.00524	0.00157	0.00512	0.00642	0.00385	0.09796
5	0.08580	0.01047	0.01230	0.01263	0.12457	0.04719	0.00856	0.05047	0.17601	0.14990	0.05503	0.01948	0.05010	0.05752	0.05095	0.00223	0.02933	0.00557	0.00439	0.04750
6	0.10715	0.06532	0.28881	0.01224	0.05444	0.02839	0.01207	0.03296	0.07568	0.14958	0.04323	0.01434	0.01070	0.02351	0.00528	0.00165	0.00580	0.00445	0.00366	0.06076

[dist]
# distance from previous block
# <min> <max>
0	1

[block]
# block no. 1 follows, 46 sequences, length 37
# corresponding to MSA columns:
# 502-538
name=unknown_B
#
# <colnr> <probs for GDERKNQSTAVLIFYWHMCP>
#	G	D	E	R	K	N	Q	S	T	A	V	L	I	F	Y	W	H	M	C	P
0	0.03089	0.01361	0.12617	0.17880	0.21653	0.01200	0.03997	0.10288	0.05721	0.12913	0.01228	0.01396	0.00898	0.00544	0.00520	0.00164	0.00621	0.00473	0.00357	0.03081
1	0.04344	0.03310	0.23989	0.01160	0.01673	0.03084	0.06747	0.01851	0.02270	0.23946	0.06335	0.01512	0.01178	0.00562	0.00498	0.00149	0.00571	0.00468	0.00400	0.15955
2	0.03982	0.00929	0.05537	0.01163	0.08971	0.00838	0.04591	0.07053	0.05483	0.03402	0.04072	0.07688	0.01279	0.01219	0.04917	0.27289	0.00542	0.00557	0.00334	0.10153
3	0.09265	0.00982	0.01502	0.14912	0.27389	0.01002	0.04016	0.01527	0.01217	0.10626	0.13211	0.01916	0.03632	0.03029	0.00589	0.00172	0.00529	0.00563	0.00369	0.03553
4	0.01250	0.01227	0.16087	0.01208	0.10403	0.00833	0.00991	0.01551	0.01232	0.15053	0.09788	0.04928	0.06511	0.00654	0.00504	0.00141	0.00478	0.00553	0.00397	0.26212
5	0.01577	0.03452	0.01312	0.06255	0.01469	0.01182	0.00874	0.38786	0.01743	0.07930	0.01411	0.04012	0.01191	0.00980	0.00866	0.17696	0.00538	0.07607	0.00443	0.00681
6	0.01434	0.04666	0.17165	0.01244	0.05418	0.03999	0.01100	0.12067	0.25806	0.08830	0.01530	0.03994	0.01170	0.00626	0.00509	0.00159	0.00546	0.00507	0.00424	0.08806
7	0.07178	0.05896	0.07337	0.00917	0.01167	0.03712	0.04486	0.03450	0.03138	0.03406	0.01854	0.32240	0.01964	0.06305	0.00683	0.00194	0.00458	0.01691	0.04602	0.09322
8	0.01536	0.10476	0.15495	0.05108	0.01707	0.01390	0.01107	0.30869	0.09353	0.06322	0.01360	0.06564	0.01083	0.00650	0.00507	0.00158	0.00571	0.00514	0.00420	0.04809
9	0.00790	0.00689	0.05858	0.00820	0.00943	0.00570	0.00641	0.02404	0.01096	0.03756	0.05662	0.55902	0.06797	0.02494	0.00705	0.00208	0.02577	0.05262	0.00469	0.02357
10	0.01289	0.22980	0.24541	0.05021	0.02037	0.01429	0.18597	0.01751	0.06192	0.06877	0.02654	0.01343	0.01937	0.00525	0.00497	0.00157	0.00682	0.00464	0.00296	0.00731
11	0.03782	0.10123	0.31768	0.10552	0.02036	0.01184	0.07117	0.01741	0.03545	0.14208	0.05161	0.01560	0.03771	0.00586	0.00509	0.00164	0.00637	0.00487	0.00339	0.00731
12	0.01115	0.17732	0.01870	0.47752	0.14620	0.01340	0.01326	0.01410	0.01081	0.01387	0.01005	0.05269	0.00860	0.00560	0.00496	0.00162	0.00644	0.00483	0.00250	0.00637
13	0.00889	0.00590	0.00756	0.00730	0.00821	0.00616	0.00516	0.01072	0.04763	0.06399	0.09579	0.04885	0.03517	0.33944	0.28057	0.00537	0.00772	0.00721	0.00375	0.00459
14	0.07150	0.17202	0.24915	0.02706	0.01716	0.01278	0.03499	0.05696	0.03331	0.25619	0.01299	0.01306	0.00905	0.00550	0.00475	0.00156	0.00594	0.00425	0.00390	0.00786
15	0.01026	0.00814	0.01076	0.12396	0.01460	0.04672	0.05403	0.03213	0.05610	0.07393	0.16456	0.26429	0.07919	0.01072	0.00606	0.00185	0.00448	0.02793	0.00462	0.00565
16	0.01161	0.00672	0.00787	0.00711	0.00918	0.00628	0.00547	0.07939	0.01373	0.16465	0.13021	0.14041	0.23578	0.01034	0.00562	0.00168	0.00330	0.00876	0.14602	0.00585
17	0.00897	0.00787	0.01252	0.37522	0.11775	0.00881	0.01075	0.01141	0.01073	0.01419	0.04559	0.27419	0.03882	0.03205	0.00642	0.00195	0.00532	0.00848	0.00343	0.00553
18	0.01935	0.01405	0.01539	0.04101	0.01674	0.01552	0.00996	0.66746	0.04669	0.06130	0.01353	0.03091	0.00988	0.00657	0.00532	0.00161	0.00570	0.00505	0.00522	0.00875
19	0.00742	0.00540	0.00698	0.00658	0.00786	0.00496	0.00494	0.00985	0.01481	0.02083	0.74018	0.04009	0.08837	0.01094	0.00624	0.00167	0.00250	0.00964	0.00577	0.00496
20	0.78776	0.01013	0.00812	0.00714	0.01048	0.01154	0.00588	0.01633	0.00947	0.08237	0.00840	0.00931	0.00629	0.00503	0.00343	0.00164	0.00412	0.00305	0.00352	0.00598
21	0.01078	0.06695	0.74876	0.01477	0.02241	0.01271	0.01901	0.01670	0.01114	0.01653	0.00938	0.01103	0.00670	0.00500	0.00494	0.00165	0.00770	0.00385	0.00223	0.00776
22	0.01060	0.02735	0.78682	0.01507	0.02288	0.01228	0.01953	0.01674	0.01116	0.01674	0.00949	0.01116	0.00670	0.00502	0.00502	0.00167	0.00781	0.00391	0.00223	0.00781
23	0.00985	0.00493	0.00493	0.00493	0.00616	0.00493	0.00370	0.01232	0.01109	0.01971	0.01725	0.01971	0.01355	0.00616	0.00370	0.00123	0.00246	0.00493	0.84356	0.00493
24	0.00756	0.00694	0.00986	0.00835	0.01067	0.00617	0.12549	0.00988	0.03147	0.01572	0.13204	0.04289	0.55001	0.01150	0.00622	0.00177	0.00369	0.01005	0.00467	0.00505
25	0.01547	0.01484	0.02050	0.01719	0.08882	0.10471	0.25968	0.22823	0.13436	0.02181	0.01304	0.03394	0.01012	0.00585	0.00559	0.00167	0.00700	0.00553	0.00388	0.00777
26	0.03542	0.07602	0.56447	0.01314	0.01997	0.01188	0.01598	0.01681	0.01131	0.06745	0.01002	0.01134	0.00724	0.00495	0.00474	0.00152	0.00685	0.00380	0.00266	0.11442
27	0.01571	0.13767	0.18408	0.03905	0.01760	0.05191	0.03402	0.25152	0.01593	0.08811	0.03210	0.01273	0.00930	0.00576	0.00535	0.00153	0.03568	0.00435	0.00376	0.05386
28	0.01079	0.06904	0.74675	0.01475	0.02239	0.01273	0.01898	0.01669	0.01114	0.01651	0.00937	0.01102	0.00670	0.00500	0.00494	0.00165	0.00770	0.00385	0.00223	0.00776
29	0.00655	0.00468	0.00623	0.00729	0.00769	0.00437	0.00492	0.00763	0.01062	0.01429	0.10626	0.73138	0.03650	0.01597	0.00669	0.00210	0.00301	0.01447	0.00500	0.00437
30	0.06776	0.01207	0.07631	0.29372	0.21767	0.01164	0.11465	0.01587	0.01155	0.07853	0.01129	0.02601	0.00891	0.00550	0.00533	0.00171	0.00665	0.02487	0.00296	0.00701
31	0.03672	0.02127	0.04134	0.07286	0.06234	0.01004	0.05549	0.07705	0.10530	0.33298	0.04427	0.08709	0.01480	0.00718	0.00544	0.00171	0.00506	0.00619	0.00505	0.00782
32	0.00654	0.00461	0.00610	0.00729	0.00763	0.00431	0.00487	0.00750	0.01015	0.01367	0.02881	0.78886	0.03437	0.01627	0.00666	0.00212	0.00305	0.01475	0.02812	0.00431
33	0.00662	0.00482	0.00626	0.00728	0.00785	0.00447	0.00506	0.00776	0.01071	0.01414	0.07063	0.64005	0.11334	0.01580	0.00671	0.00210	0.00312	0.06394	0.00495	0.00439
34	0.01200	0.03467	0.33497	0.01305	0.05518	0.01084	0.02955	0.04684	0.13509	0.08754	0.01733	0.14362	0.04095	0.00768	0.00544	0.00175	0.00580	0.00652	0.00381	0.00736
35	0.01464	0.01125	0.01819	0.15655	0.46524	0.01147	0.01383	0.04380	0.01270	0.15928	0.01215	0.01473	0.00934	0.02700	0.00584	0.00171	0.00603	0.00490	0.00341	0.00795
36	0.01259	0.01214	0.02062	0.09548	0.60076	0.01229	0.05464	0.01572	0.01173	0.01677	0.00980	0.01304	0.00816	0.00485	0.00562	0.00157	0.03356	0.00468	0.00262	0.06337

[dist]
# distance from previous block
# <min> <max>
0	20

[block]
# block no. 2 follows, 46 sequences, length 33
# corresponding to MSA columns:
# 559-591
name=unknown_C
#
# <colnr> <probs for GDERKNQSTAVLIFYWHMCP>
#	G	D	E	R	K	N	Q	S	T	A	V	L	I	F	Y	W	H	M	C	P
0	0.16635	0.01223	0.01390	0.01225	0.03585	0.06640	0.00971	0.08100	0.05159	0.04004	0.00920	0.01213	0.00791	0.02489	0.01114	0.00199	0.39231	0.00433	0.00313	0.04364
1	0.00942	0.00747	0.00859	0.00688	0.00953	0.00615	0.00492	0.01076	0.00967	0.01425	0.01432	0.02238	0.04670	0.33493	0.01340	0.00260	0.00435	0.00535	0.00324	0.46509
2	0.01006	0.01025	0.00946	0.12426	0.01364	0.17629	0.00719	0.01205	0.01329	0.01582	0.24116	0.03333	0.29365	0.00976	0.00578	0.00166	0.00475	0.00808	0.00432	0.00518
3	0.00958	0.00524	0.00625	0.00640	0.00757	0.00500	0.00470	0.01153	0.01158	0.07905	0.10712	0.27170	0.02487	0.01026	0.00519	0.00164	0.00290	0.03278	0.39158	0.00506
4	0.00755	0.00566	0.00850	0.00850	0.00944	0.00661	0.00661	0.00944	0.00850	0.01227	0.01416	0.02077	0.01322	0.03965	0.79326	0.00850	0.01416	0.00566	0.00283	0.00472
5	0.01413	0.81739	0.02770	0.00905	0.01357	0.02092	0.00905	0.01583	0.01074	0.01244	0.00735	0.00848	0.00678	0.00452	0.00339	0.00113	0.00565	0.00283	0.00226	0.00678
6	0.85155	0.01022	0.00777	0.00695	0.01022	0.01186	0.00573	0.01554	0.00900	0.02372	0.00736	0.00859	0.00573	0.00491	0.00327	0.00164	0.00409	0.00286	0.00327	0.00573
7	0.00769	0.00513	0.00577	0.00577	0.00577	0.00513	0.00320	0.00769	0.00769	0.01025	0.01666	0.03460	0.01922	0.81421	0.02691	0.00513	0.00513	0.00769	0.00320	0.00320
8	0.01060	0.02735	0.78682	0.01507	0.02288	0.01228	0.01953	0.01674	0.01116	0.01674	0.00949	0.01116	0.00670	0.00502	0.00502	0.00167	0.00781	0.00391	0.00223	0.00781
9	0.01096	0.00940	0.01096	0.00783	0.01253	0.00705	0.00626	0.01331	0.01096	0.01723	0.00940	0.01096	0.00783	0.00392	0.00392	0.00078	0.00392	0.00313	0.00313	0.84653
10	0.02010	0.01481	0.01587	0.01216	0.01639	0.01639	0.01005	0.76360	0.02486	0.03332	0.01269	0.01269	0.00899	0.00635	0.00529	0.00159	0.00582	0.00476	0.00529	0.00899
11	0.85155	0.01022	0.00777	0.00695	0.01022	0.01186	0.00573	0.01554	0.00900	0.02372	0.00736	0.00859	0.00573	0.00491	0.00327	0.00164	0.00409	0.00286	0.00327	0.00573
12	0.00998	0.00940	0.01586	0.80150	0.03641	0.01175	0.01468	0.01351	0.01057	0.01351	0.00940	0.01409	0.00705	0.00529	0.00529	0.00176	0.00705	0.00470	0.00235	0.00587
13	0.00867	0.00625	0.00863	0.00977	0.01104	0.00631	0.00851	0.01150	0.03652	0.01602	0.02778	0.05835	0.02997	0.01437	0.00724	0.00241	0.00485	0.72193	0.00488	0.00498
14	0.01157	0.01157	0.01619	0.01388	0.01388	0.01619	0.01157	0.01272	0.00810	0.01272	0.00694	0.01157	0.00694	0.00925	0.01735	0.00231	0.80453	0.00463	0.00231	0.00578
15	0.00625	0.00536	0.00536	0.00536	0.00714	0.00446	0.00402	0.00759	0.01205	0.01428	0.05355	0.05088	0.77909	0.01339	0.00625	0.00179	0.00268	0.01116	0.00491	0.00446
16	0.02372	0.00900	0.01227	0.00941	0.01350	0.00777	0.00777	0.02576	0.01513	0.78489	0.02086	0.01799	0.01309	0.00654	0.00532	0.00164	0.00450	0.00532	0.00654	0.00900
17	0.01248	0.01426	0.03119	0.02228	0.02763	0.01337	0.76203	0.01693	0.01248	0.01693	0.01070	0.01426	0.00802	0.00446	0.00624	0.00178	0.00891	0.00624	0.00267	0.00713
18	0.85155	0.01022	0.00777	0.00695	0.01022	0.01186	0.00573	0.01554	0.00900	0.02372	0.00736	0.00859	0.00573	0.00491	0.00327	0.00164	0.00409	0.00286	0.00327	0.00573
19	0.00729	0.00540	0.00680	0.00645	0.00778	0.00491	0.00483	0.00960	0.01450	0.02011	0.66380	0.04129	0.16520	0.01122	0.00624	0.00168	0.00252	0.00981	0.00568	0.00491
20	0.00721	0.00501	0.00633	0.00703	0.00734	0.00490	0.00470	0.00797	0.00934	0.01244	0.02360	0.39248	0.02754	0.33406	0.03796	0.00355	0.00442	0.09601	0.00416	0.00394
21	0.01137	0.01082	0.01837	0.45648	0.37056	0.01211	0.01537	0.01473	0.01123	0.01520	0.00964	0.01364	0.00764	0.00503	0.00526	0.00168	0.00670	0.00470	0.00247	0.00699
22	0.01785	0.00908	0.01139	0.00958	0.01282	0.00888	0.00778	0.04207	0.20233	0.42278	0.09496	0.02471	0.01911	0.00795	0.00563	0.00176	0.00430	0.08303	0.00598	0.00802
23	0.00753	0.00579	0.00761	0.00762	0.00904	0.00536	0.02752	0.00958	0.01282	0.01689	0.27949	0.08896	0.24484	0.03629	0.00717	0.00205	0.00351	0.21808	0.00508	0.00478
24	0.01975	0.02520	0.01498	0.01362	0.01634	0.79299	0.01021	0.02111	0.01498	0.01294	0.00817	0.00953	0.00681	0.00545	0.00477	0.00136	0.00953	0.00340	0.00272	0.00613
25	0.00839	0.00561	0.00736	0.00681	0.00821	0.00514	0.00514	0.01086	0.01497	0.06399	0.73599	0.03828	0.04782	0.01057	0.00618	0.00166	0.00261	0.00932	0.00586	0.00521
26	0.01975	0.02520	0.01498	0.01362	0.01634	0.79299	0.01021	0.02111	0.01498	0.01294	0.00817	0.00953	0.00681	0.00545	0.00477	0.00136	0.00953	0.00340	0.00272	0.00613
27	0.01235	0.01181	0.02012	0.21561	0.60385	0.01237	0.01586	0.01558	0.01169	0.01637	0.00981	0.01332	0.00806	0.00485	0.00525	0.00162	0.00646	0.00471	0.00255	0.00778
28	0.00746	0.00476	0.00571	0.00646	0.00717	0.00450	0.00447	0.00888	0.01057	0.01544	0.02750	0.51067	0.08805	0.01316	0.00578	0.00184	0.00285	0.01166	0.25857	0.00450
29	0.01291	0.01112	0.01175	0.01064	0.01353	0.01284	0.00825	0.02736	0.74480	0.02181	0.02179	0.04765	0.01680	0.00750	0.00543	0.00181	0.00414	0.00630	0.00536	0.00822
30	0.01815	0.03685	0.03452	0.01338	0.06154	0.01383	0.07370	0.43139	0.04406	0.14233	0.01386	0.01483	0.01014	0.04069	0.02455	0.00191	0.00606	0.00507	0.00480	0.00834
31	0.01891	0.01083	0.04823	0.00987	0.01373	0.00984	0.00835	0.19555	0.05603	0.38692	0.03979	0.05199	0.01373	0.00684	0.00521	0.00158	0.00467	0.00555	0.05259	0.05978
32	0.74769	0.01148	0.00872	0.00779	0.01088	0.07458	0.00634	0.01586	0.00944	0.02237	0.00741	0.00880	0.00587	0.00514	0.00402	0.00164	0.04004	0.00298	0.00319	0.00576

[dist]
# distance from previous block
# <min> <max>
0	3

[block]
# block no. 3 follows, 46 sequences, length 44
# corresponding to MSA columns:
# 595-638
name=unknown_D
#
# <colnr> <probs for GDERKNQSTAVLIFYWHMCP>
#	G	D	E	R	K	N	Q	S	T	A	V	L	I	F	Y	W	H	M	C	P
0	0.26689	0.00915	0.00920	0.00773	0.01066	0.00973	0.00626	0.16116	0.01384	0.15913	0.01404	0.01471	0.01024	0.00589	0.00416	0.00149	0.00396	0.00434	0.28075	0.00667
1	0.00961	0.00823	0.00937	0.03890	0.01121	0.02787	0.00677	0.01547	0.23693	0.01906	0.31439	0.03211	0.17215	0.00977	0.00670	0.00177	0.06051	0.00811	0.00506	0.00600
2	0.00769	0.00513	0.00577	0.00577	0.00577	0.00513	0.00320	0.00769	0.00769	0.01025	0.01666	0.03460	0.01922	0.81421	0.02691	0.00513	0.00513	0.00769	0.00320	0.00320
3	0.00927	0.00823	0.01268	0.36235	0.11945	0.00908	0.01067	0.01245	0.03142	0.01630	0.21441	0.02601	0.13089	0.00786	0.00567	0.00172	0.00507	0.00693	0.00373	0.00582
4	0.00769	0.00513	0.00577	0.00577	0.00577	0.00513	0.00320	0.00769	0.00769	0.01025	0.01666	0.03460	0.01922	0.81421	0.02691	0.00513	0.00513	0.00769	0.00320	0.00320
5	0.00918	0.00459	0.00689	0.00689	0.00689	0.00459	0.00459	0.00689	0.00689	0.00918	0.00918	0.01607	0.00918	0.01837	0.02066	0.84619	0.00459	0.00459	0.00230	0.00230
6	0.00743	0.00540	0.00699	0.00659	0.00786	0.00496	0.00494	0.00987	0.01483	0.02089	0.74565	0.04000	0.08287	0.01092	0.00624	0.00167	0.00250	0.00963	0.00578	0.00496
7	0.02372	0.00900	0.01227	0.00941	0.01350	0.00777	0.00777	0.02576	0.01513	0.78489	0.02086	0.01799	0.01309	0.00654	0.00532	0.00164	0.00450	0.00532	0.00654	0.00900
8	0.01413	0.81739	0.02770	0.00905	0.01357	0.02092	0.00905	0.01583	0.01074	0.01244	0.00735	0.00848	0.00678	0.00452	0.00339	0.00113	0.00565	0.00283	0.00226	0.00678
9	0.00918	0.00459	0.00689	0.00689	0.00689	0.00459	0.00459	0.00689	0.00689	0.00918	0.00918	0.01607	0.00918	0.01837	0.02066	0.84619	0.00459	0.00459	0.00230	0.00230
10	0.00769	0.00513	0.00577	0.00577	0.00577	0.00513	0.00320	0.00769	0.00769	0.01025	0.01666	0.03460	0.01922	0.81421	0.02691	0.00513	0.00513	0.00769	0.00320	0.00320
11	0.02372	0.00900	0.01227	0.00941	0.01350	0.00777	0.00777	0.02576	0.01513	0.78489	0.02086	0.01799	0.01309	0.00654	0.00532	0.00164	0.00450	0.00532	0.00654	0.00900
12	0.00744	0.00570	0.00857	0.00907	0.00999	0.00543	0.05983	0.00903	0.01085	0.01438	0.02751	0.54817	0.03180	0.01516	0.00686	0.00220	0.00398	0.21463	0.00474	0.00465
13	0.00733	0.00524	0.00716	0.00838	0.00908	0.00506	0.00646	0.00890	0.01100	0.01449	0.02865	0.48876	0.03302	0.01572	0.00699	0.00227	0.00384	0.32824	0.00489	0.00454
14	0.01975	0.02520	0.01498	0.01362	0.01634	0.79299	0.01021	0.02111	0.01498	0.01294	0.00817	0.00953	0.00681	0.00545	0.00477	0.00136	0.00953	0.00340	0.00272	0.00613
15	0.01736	0.36432	0.02048	0.01159	0.01516	0.42586	0.00971	0.05340	0.01362	0.01367	0.00803	0.00923	0.00690	0.00509	0.00420	0.00127	0.00770	0.00322	0.00264	0.00654
16	0.01308	0.01256	0.02146	0.03245	0.78123	0.01256	0.01622	0.01622	0.01204	0.01727	0.00994	0.01308	0.00837	0.00471	0.00523	0.00157	0.00628	0.00471	0.00262	0.00837
17	0.00844	0.00606	0.00840	0.00958	0.01081	0.00603	0.00835	0.01083	0.01217	0.01576	0.02893	0.05931	0.05788	0.01456	0.00726	0.00241	0.00479	0.71871	0.00487	0.00485
18	0.85155	0.01022	0.00777	0.00695	0.01022	0.01186	0.00573	0.01554	0.00900	0.02372	0.00736	0.00859	0.00573	0.00491	0.00327	0.00164	0.00409	0.00286	0.00327	0.00573
19	0.85155	0.01022	0.00777	0.00695	0.01022	0.01186	0.00573	0.01554	0.00900	0.02372	0.00736	0.00859	0.00573	0.00491	0.00327	0.00164	0.00409	0.00286	0.00327	0.00573
20	0.01436	0.78649	0.02725	0.00917	0.01368	0.02074	0.00908	0.04462	0.01129	0.01324	0.00756	0.00864	0.00687	0.00459	0.00347	0.00115	0.00566	0.00290	0.00238	0.00687
21	0.00644	0.00462	0.00611	0.00730	0.00765	0.00430	0.00488	0.00737	0.01018	0.01352	0.02982	0.78943	0.05585	0.01647	0.00673	0.00214	0.00306	0.01492	0.00491	0.00430
22	0.01429	0.36778	0.17102	0.01618	0.21001	0.01562	0.01275	0.01725	0.01166	0.10324	0.00997	0.01126	0.00789	0.00490	0.00440	0.00141	0.00610	0.00380	0.00284	0.00764
23	0.01308	0.01256	0.02146	0.03245	0.78123	0.01256	0.01622	0.01622	0.01204	0.01727	0.00994	0.01308	0.00837	0.00471	0.00523	0.00157	0.00628	0.00471	0.00262	0.00837
24	0.00625	0.00536	0.00536	0.00536	0.00714	0.00446	0.00402	0.00759	0.01205	0.01428	0.05355	0.05088	0.77909	0.01339	0.00625	0.00179	0.00268	0.01116	0.00491	0.00446
25	0.01127	0.01095	0.01954	0.43758	0.25607	0.01207	0.12607	0.01480	0.01130	0.01529	0.00994	0.01395	0.00774	0.00501	0.00537	0.00170	0.00699	0.00494	0.02263	0.00678
26	0.01029	0.07611	0.01213	0.01200	0.12620	0.00970	0.00794	0.01611	0.23481	0.01837	0.20149	0.17114	0.06335	0.00950	0.00569	0.00174	0.00394	0.00831	0.00470	0.00648
27	0.00748	0.00540	0.00707	0.00665	0.00790	0.00499	0.00499	0.00998	0.01496	0.02120	0.77844	0.03949	0.04988	0.01081	0.00624	0.00166	0.00249	0.00956	0.00582	0.00499
28	0.85155	0.01022	0.00777	0.00695	0.01022	0.01186	0.00573	0.01554	0.00900	0.02372	0.00736	0.00859	0.00573	0.00491	0.00327	0.00164	0.00409	0.00286	0.00327	0.00573
29	0.01250	0.01661	0.20408	0.11869	0.14537	0.04747	0.26838	0.01660	0.01180	0.04425	0.01016	0.01309	0.00771	0.00514	0.00623	0.00173	0.05528	0.00500	0.00264	0.00727
30	0.00755	0.00566	0.00850	0.00850	0.00944	0.00661	0.00661	0.00944	0.00850	0.01227	0.01416	0.02077	0.01322	0.03965	0.79326	0.00850	0.01416	0.00566	0.00283	0.00472
31	0.00760	0.00541	0.00739	0.00855	0.00933	0.00528	0.00675	0.00929	0.01110	0.01459	0.02796	0.37626	0.03184	0.05160	0.00795	0.00243	0.00412	0.40319	0.00481	0.00455
32	0.00742	0.00612	0.00796	0.00843	0.06571	0.00551	0.02575	0.00942	0.01313	0.01729	0.33591	0.07571	0.37890	0.01162	0.00619	0.00174	0.00306	0.01008	0.00504	0.00503
33	0.01087	0.02551	0.68108	0.01608	0.02355	0.01243	0.12343	0.01677	0.01135	0.01677	0.00966	0.01159	0.00688	0.00494	0.00519	0.00169	0.00797	0.00423	0.00229	0.00772
34	0.00680	0.00538	0.00612	0.00593	0.00748	0.00470	0.00445	0.00865	0.01335	0.01737	0.37705	0.04580	0.45367	0.01224	0.00624	0.00173	0.00260	0.01044	0.00532	0.00470
35	0.00918	0.00459	0.00689	0.00689	0.00689	0.00459	0.00459	0.00689	0.00689	0.00918	0.00918	0.01607	0.00918	0.01837	0.02066	0.84619	0.00459	0.00459	0.00230	0.00230
36	0.01339	0.01214	0.03636	0.13808	0.58156	0.01210	0.01523	0.01689	0.03288	0.07407	0.01099	0.01373	0.00871	0.00500	0.00525	0.00161	0.00623	0.00477	0.00294	0.00806
37	0.06010	0.01076	0.01312	0.01010	0.01420	0.01048	0.00835	0.24164	0.01770	0.53010	0.01785	0.01601	0.01155	0.00641	0.00522	0.00162	0.00487	0.00504	0.00603	0.00885
38	0.01733	0.00847	0.01083	0.00884	0.01193	0.00796	0.00709	0.07586	0.07890	0.41896	0.26463	0.02468	0.02490	0.00796	0.00562	0.00165	0.00392	0.00670	0.00612	0.00765
39	0.85155	0.01022	0.00777	0.00695	0.01022	0.01186	0.00573	0.01554	0.00900	0.02372	0.00736	0.00859	0.00573	0.00491	0.00327	0.00164	0.00409	0.00286	0.00327	0.00573
40	0.00852	0.00608	0.00852	0.00974	0.01095	0.00608	0.00852	0.01095	0.01217	0.01582	0.02799	0.05963	0.03042	0.01460	0.00730	0.00243	0.00487	0.74565	0.00487	0.00487
41	0.01540	0.46683	0.02218	0.04595	0.03636	0.25753	0.00984	0.01711	0.01208	0.01299	0.02628	0.01004	0.00789	0.00517	0.00453	0.00130	0.03615	0.00337	0.00250	0.00651
42	0.00800	0.00571	0.00792	0.00914	0.01013	0.00564	0.00762	0.01006	0.01166	0.01524	0.02828	0.24714	0.03156	0.01509	0.00716	0.00236	0.00442	0.56326	0.00488	0.00472
43	0.01546	0.30037	0.05360	0.03030	0.01552	0.05192	0.03886	0.08783	0.22622	0.10862	0.01371	0.01367	0.01040	0.00575	0.00464	0.00149	0.00556	0.00443	0.00395	0.00769

[dist]
# distance from previous block
# <min> <max>
0	2

[block]
# block no. 4 follows, 46 sequences, length 46
# corresponding to MSA columns:
# 641-686
name=unknown_E
#
# <colnr> <probs for GDERKNQSTAVLIFYWHMCP>
#	G	D	E	R	K	N	Q	S	T	A	V	L	I	F	Y	W	H	M	C	P
0	0.01787	0.02198	0.01572	0.09903	0.09090	0.61639	0.01129	0.01963	0.01406	0.01340	0.00844	0.01041	0.00699	0.00546	0.00519	0.00145	0.02914	0.00370	0.00266	0.00631
1	0.00748	0.00540	0.00707	0.00665	0.00790	0.00499	0.00499	0.00998	0.01496	0.02120	0.77844	0.03949	0.04988	0.01081	0.00624	0.00166	0.00249	0.00956	0.00582	0.00499
2	0.01077	0.05265	0.31808	0.01643	0.08043	0.01147	0.22787	0.01517	0.01217	0.01709	0.11807	0.01863	0.06500	0.00617	0.00556	0.00168	0.00684	0.00585	0.00306	0.00700
3	0.00769	0.00513	0.00577	0.00577	0.00577	0.00513	0.00320	0.00769	0.00769	0.01025	0.01666	0.03460	0.01922	0.81421	0.02691	0.00513	0.00513	0.00769	0.00320	0.00320
4	0.00882	0.00754	0.01170	0.09977	0.21620	0.00783	0.00926	0.01062	0.01059	0.01446	0.02092	0.47729	0.02364	0.01187	0.00667	0.00196	0.04064	0.01071	0.00391	0.00561
5	0.00918	0.00459	0.00689	0.00689	0.00689	0.00459	0.00459	0.00689	0.00689	0.00918	0.00918	0.01607	0.00918	0.01837	0.02066	0.84619	0.00459	0.00459	0.00230	0.00230
6	0.02280	0.00873	0.01178	0.00911	0.01301	0.00758	0.00750	0.02488	0.01486	0.73440	0.02062	0.01811	0.01312	0.00652	0.00521	0.00161	0.00436	0.00529	0.06178	0.00873
7	0.02010	0.01481	0.01587	0.01216	0.01639	0.01639	0.01005	0.76360	0.02486	0.03332	0.01269	0.01269	0.00899	0.00635	0.00529	0.00159	0.00582	0.00476	0.00529	0.00899
8	0.01269	0.35507	0.30367	0.01420	0.10004	0.05071	0.02669	0.01618	0.01124	0.01469	0.00978	0.01133	0.02827	0.00510	0.00463	0.00144	0.02090	0.00377	0.00239	0.00723
9	0.01092	0.08805	0.71109	0.01477	0.02227	0.01297	0.03553	0.01668	0.01116	0.01641	0.00935	0.01102	0.00673	0.00497	0.00492	0.00163	0.00767	0.00388	0.00224	0.00772
10	0.00634	0.00534	0.00538	0.00538	0.00705	0.00451	0.00396	0.00759	0.01176	0.01402	0.05112	0.04980	0.72894	0.06623	0.00761	0.00201	0.00284	0.01093	0.00480	0.00438
11	0.01301	0.01364	0.01069	0.00988	0.01230	0.25676	0.00749	0.01905	0.27195	0.01681	0.04062	0.04706	0.21547	0.00857	0.00542	0.00164	0.00536	0.00682	0.03111	0.00634
12	0.01759	0.06918	0.03367	0.11732	0.03637	0.09821	0.06474	0.11200	0.05379	0.27538	0.01461	0.03070	0.01052	0.00613	0.00537	0.00161	0.01929	0.00501	0.02084	0.00767
13	0.01352	0.01419	0.01624	0.13565	0.05249	0.17539	0.02891	0.06127	0.01122	0.01445	0.00835	0.01199	0.00732	0.00821	0.03289	0.00211	0.39253	0.00446	0.00262	0.00618
14	0.10986	0.01058	0.01248	0.00960	0.01371	0.01018	0.00790	0.20025	0.01626	0.42174	0.01594	0.01479	0.01062	0.00597	0.00491	0.00151	0.00469	0.00463	0.00544	0.11894
15	0.03944	0.35813	0.01973	0.01073	0.04857	0.03646	0.00903	0.08839	0.01364	0.28620	0.01272	0.01254	0.00925	0.00558	0.00475	0.00142	0.02753	0.00403	0.00410	0.00776
16	0.01353	0.01762	0.28352	0.01551	0.13844	0.03405	0.01346	0.16868	0.10853	0.03867	0.01439	0.01547	0.04996	0.02033	0.00556	0.00167	0.00619	0.00490	0.00362	0.04591
17	0.00755	0.00566	0.00850	0.00850	0.00944	0.00661	0.00661	0.00944	0.00850	0.01227	0.01416	0.02077	0.01322	0.03965	0.79326	0.00850	0.01416	0.00566	0.00283	0.00472
18	0.00918	0.00459	0.00689	0.00689	0.00689	0.00459	0.00459	0.00689	0.00689	0.00918	0.00918	0.01607	0.00918	0.01837	0.02066	0.84619	0.00459	0.00459	0.00230	0.00230
19	0.09611	0.04549	0.01064	0.00841	0.01152	0.00900	0.00656	0.07416	0.11415	0.01862	0.01624	0.22445	0.01599	0.00804	0.00489	0.00145	0.00397	0.00677	0.00405	0.31947
20	0.01105	0.01086	0.01663	0.44990	0.09327	0.06282	0.09460	0.01501	0.06180	0.01485	0.01264	0.07465	0.01102	0.00655	0.00556	0.00178	0.00676	0.04104	0.00294	0.00624
21	0.00789	0.00567	0.00764	0.00787	0.00910	0.00542	0.00638	0.01036	0.01386	0.01908	0.48241	0.04744	0.04221	0.01231	0.00666	0.00197	0.00343	0.29993	0.00544	0.00494
22	0.00720	0.00532	0.00690	0.00788	0.00883	0.00502	0.00612	0.00879	0.01129	0.01455	0.03350	0.37195	0.17977	0.01518	0.00686	0.00219	0.00368	0.29552	0.00489	0.00455
23	0.01378	0.73733	0.10463	0.00966	0.01451	0.02004	0.01011	0.01592	0.01078	0.01287	0.00757	0.00875	0.00678	0.00457	0.00356	0.00119	0.00587	0.00294	0.00226	0.00689
24	0.00677	0.00540	0.00609	0.00597	0.00754	0.00471	0.00452	0.00857	0.01312	0.01687	0.31910	0.04697	0.48724	0.01248	0.00628	0.00176	0.00268	0.03402	0.00524	0.00467
25	0.02372	0.00900	0.01227	0.00941	0.01350	0.00777	0.00777	0.02576	0.01513	0.78489	0.02086	0.01799	0.01309	0.00654	0.00532	0.00164	0.00450	0.00532	0.00654	0.00900
26	0.01061	0.00980	0.01611	0.72891	0.06918	0.01200	0.01453	0.04952	0.01132	0.01463	0.00958	0.01398	0.00720	0.00531	0.00528	0.00174	0.00695	0.00470	0.00250	0.00614
27	0.00980	0.00912	0.01523	0.59874	0.08883	0.01077	0.03590	0.01291	0.01068	0.01382	0.01322	0.06821	0.04783	0.03592	0.00624	0.00190	0.00650	0.00585	0.00270	0.00583
28	0.01176	0.01045	0.00952	0.00881	0.01031	0.12726	0.00623	0.06204	0.21301	0.01542	0.01679	0.02631	0.01625	0.40130	0.01586	0.00336	0.00558	0.03042	0.00389	0.00543
29	0.01680	0.01867	0.01365	0.01229	0.01518	0.41953	0.00938	0.04678	0.35478	0.01767	0.01430	0.01420	0.01106	0.00625	0.00506	0.00156	0.00702	0.00460	0.00399	0.00722
30	0.00666	0.00522	0.00602	0.00614	0.00747	0.00459	0.00448	0.00826	0.01255	0.01621	0.26737	0.19689	0.41282	0.01323	0.00634	0.00182	0.00270	0.01144	0.00518	0.00459
31	0.02066	0.01004	0.01244	0.00996	0.01377	0.00981	0.00809	0.07898	0.21647	0.52902	0.02045	0.01807	0.01360	0.00670	0.00533	0.00167	0.00451	0.00545	0.00615	0.00883
32	0.00998	0.00940	0.01586	0.80150	0.03641	0.01175	0.01468	0.01351	0.01057	0.01351	0.00940	0.01409	0.00705	0.00529	0.00529	0.00176	0.00705	0.00470	0.00235	0.00587
33	0.00828	0.00696	0.00738	0.00700	0.00902	0.00685	0.00533	0.01341	0.21436	0.01746	0.15954	0.04080	0.46117	0.01133	0.00602	0.00177	0.00305	0.00953	0.00518	0.00558
34	0.01117	0.01093	0.02010	0.04729	0.33658	0.01065	0.22635	0.01430	0.01219	0.01698	0.10580	0.13220	0.01710	0.00711	0.00586	0.00173	0.00613	0.00723	0.00334	0.00694
35	0.01210	0.01156	0.01969	0.27561	0.54573	0.01230	0.01574	0.01537	0.01157	0.01608	0.00977	0.01340	0.00795	0.00489	0.00525	0.00163	0.00652	0.00471	0.00253	0.00758
36	0.00985	0.00493	0.00493	0.00493	0.00616	0.00493	0.00370	0.01232	0.01109	0.01971	0.01725	0.01971	0.01355	0.00616	0.00370	0.00123	0.00246	0.00493	0.84356	0.00493
37	0.06986	0.00530	0.00513	0.00507	0.00645	0.00542	0.00384	0.01255	0.01094	0.02000	0.01654	0.01892	0.01299	0.00607	0.00367	0.00126	0.00258	0.00478	0.78365	0.00498
38	0.01286	0.01259	0.02014	0.01566	0.01966	0.01324	0.32913	0.02334	0.44856	0.01991	0.01691	0.01740	0.01268	0.00602	0.00575	0.00179	0.00620	0.00609	0.00423	0.00784
39	0.00625	0.00536	0.00536	0.00536	0.00714	0.00446	0.00402	0.00759	0.01205	0.01428	0.05355	0.05088	0.77909	0.01339	0.00625	0.00179	0.00268	0.01116	0.00491	0.00446
40	0.00852	0.00608	0.00852	0.00974	0.01095	0.00608	0.00852	0.01095	0.01217	0.01582	0.02799	0.05963	0.03042	0.01460	0.00730	0.00243	0.00487	0.74565	0.00487	0.00487
41	0.85155	0.01022	0.00777	0.00695	0.01022	0.01186	0.00573	0.01554	0.00900	0.02372	0.00736	0.00859	0.00573	0.00491	0.00327	0.00164	0.00409	0.00286	0.00327	0.00573
42	0.00998	0.00940	0.01586	0.80150	0.03641	0.01175	0.01468	0.01351	0.01057	0.01351	0.00940	0.01409	0.00705	0.00529	0.00529	0.00176	0.00705	0.00470	0.00235	0.00587
43	0.05911	0.00944	0.01432	0.01913	0.35723	0.00932	0.01071	0.03711	0.01210	0.11947	0.01765	0.25213	0.01752	0.00887	0.00566	0.00178	0.00490	0.03254	0.00401	0.00700
44	0.01078	0.06664	0.74906	0.01477	0.02242	0.01271	0.01901	0.01670	0.01114	0.01653	0.00938	0.01103	0.00670	0.00500	0.00494	0.00165	0.00771	0.00385	0.00223	0.00776
45	0.30224	0.01151	0.01316	0.01465	0.20285	0.06039	0.00937	0.01981	0.07263	0.22550	0.01280	0.01317	0.00926	0.00551	0.00457	0.00161	0.00509	0.00426	0.00412	0.00750

[dist]
# distance from previous block
# <min> <max>
0	1

[block]
# block no. 5 follows, 46 sequences, length 45
# corresponding to MSA columns:
# 688-732
name=unknown_F
#
# <colnr> <probs for GDERKNQSTAVLIFYWHMCP>
#	G	D	E	R	K	N	Q	S	T	A	V	L	I	F	Y	W	H	M	C	P
0	0.30995	0.15316	0.12234	0.01129	0.05304	0.12415	0.00987	0.07174	0.04436	0.04295	0.00930	0.01035	0.00723	0.00518	0.00415	0.00152	0.00590	0.00352	0.00318	0.00684
1	0.00771	0.00551	0.00759	0.00881	0.00967	0.00539	0.00711	0.00956	0.01137	0.01492	0.02844	0.35189	0.03219	0.01537	0.00709	0.00232	0.00417	0.46137	0.00488	0.00464
2	0.01545	0.01308	0.01784	0.01379	0.01782	0.01386	0.18796	0.32628	0.21399	0.02488	0.01503	0.04838	0.01165	0.00642	0.00553	0.00167	0.00592	0.00578	0.00457	0.05011
3	0.02290	0.00987	0.01275	0.00983	0.01390	0.00912	0.00810	0.12697	0.03967	0.65848	0.01976	0.01732	0.01262	0.00654	0.00531	0.00163	0.00467	0.00526	0.00634	0.00898
4	0.02372	0.00900	0.01227	0.00941	0.01350	0.00777	0.00777	0.02576	0.01513	0.78489	0.02086	0.01799	0.01309	0.00654	0.00532	0.00164	0.00450	0.00532	0.00654	0.00900
5	0.01248	0.01426	0.03119	0.02228	0.02763	0.01337	0.76203	0.01693	0.01248	0.01693	0.01070	0.01426	0.00802	0.00446	0.00624	0.00178	0.00891	0.00624	0.00267	0.00713
6	0.00683	0.00539	0.00621	0.00634	0.00781	0.00477	0.00485	0.00855	0.01264	0.01612	0.22881	0.10814	0.45394	0.01313	0.00640	0.00186	0.00291	0.09555	0.00513	0.00463
7	0.00720	0.00512	0.00688	0.00801	0.00859	0.00493	0.00595	0.00854	0.01061	0.01401	0.02787	0.51267	0.03237	0.07324	0.00838	0.00245	0.00380	0.25020	0.00477	0.00440
8	0.00755	0.00566	0.00850	0.00850	0.00944	0.00661	0.00661	0.00944	0.00850	0.01227	0.01416	0.02077	0.01322	0.03965	0.79326	0.00850	0.01416	0.00566	0.00283	0.00472
9	0.01096	0.00940	0.01096	0.00783	0.01253	0.00705	0.00626	0.01331	0.01096	0.01723	0.00940	0.01096	0.00783	0.00392	0.00392	0.00078	0.00392	0.00313	0.00313	0.84653
10	0.00749	0.00473	0.00574	0.00654	0.00718	0.00450	0.00450	0.00891	0.01048	0.01545	0.02621	0.54172	0.05142	0.01324	0.00579	0.00185	0.00287	0.01177	0.26512	0.00450
11	0.00852	0.00608	0.00852	0.00974	0.01095	0.00608	0.00852	0.01095	0.01217	0.01582	0.02799	0.05963	0.03042	0.01460	0.00730	0.00243	0.00487	0.74565	0.00487	0.00487
12	0.01248	0.01426	0.03119	0.02228	0.02763	0.01337	0.76203	0.01693	0.01248	0.01693	0.01070	0.01426	0.00802	0.00446	0.00624	0.00178	0.00891	0.00624	0.00267	0.00713
13	0.00985	0.00493	0.00493	0.00493	0.00616	0.00493	0.00370	0.01232	0.01109	0.01971	0.01725	0.01971	0.01355	0.00616	0.00370	0.00123	0.00246	0.00493	0.84356	0.00493
14	0.01997	0.01009	0.01234	0.01000	0.01373	0.01002	0.00809	0.06381	0.27099	0.48947	0.02067	0.01831	0.01391	0.00675	0.00534	0.00169	0.00446	0.00551	0.00609	0.00878
15	0.01413	0.81739	0.02770	0.00905	0.01357	0.02092	0.00905	0.01583	0.01074	0.01244	0.00735	0.00848	0.00678	0.00452	0.00339	0.00113	0.00565	0.00283	0.00226	0.00678
16	0.00692	0.00538	0.00628	0.00606	0.00755	0.00475	0.00454	0.00888	0.01363	0.01803	0.44675	0.04470	0.38355	0.01199	0.00624	0.00172	0.00258	0.01029	0.00540	0.00475
17	0.00769	0.00513	0.00577	0.00577	0.00577	0.00513	0.00320	0.00769	0.00769	0.01025	0.01666	0.03460	0.01922	0.81421	0.02691	0.00513	0.00513	0.00769	0.00320	0.00320
18	0.01016	0.00895	0.00793	0.00756	0.00820	0.14069	0.00493	0.02740	0.00946	0.01161	0.01478	0.02823	0.01614	0.57993	0.06302	0.00443	0.02361	0.00665	0.02230	0.00401
19	0.00647	0.00462	0.00616	0.00734	0.00767	0.00431	0.00491	0.00744	0.01026	0.01372	0.05132	0.78793	0.03541	0.01639	0.00673	0.00213	0.00305	0.01487	0.00493	0.00431
20	0.01304	0.01266	0.02089	0.08691	0.70815	0.03277	0.01596	0.01616	0.01201	0.01689	0.00986	0.01306	0.00824	0.00477	0.00523	0.00158	0.00642	0.00468	0.00260	0.00814
21	0.02372	0.00900	0.01227	0.00941	0.01350	0.00777	0.00777	0.02576	0.01513	0.78489	0.02086	0.01799	0.01309	0.00654	0.00532	0.00164	0.00450	0.00532	0.00654	0.00900
22	0.01430	0.79402	0.02733	0.00918	0.01365	0.04370	0.00908	0.01599	0.01087	0.01245	0.00737	0.00851	0.00679	0.00455	0.00343	0.00114	0.00577	0.00284	0.00228	0.00676
23	0.00645	0.00536	0.00564	0.00557	0.00727	0.00455	0.00418	0.00798	0.01253	0.01543	0.17395	0.04899	0.65798	0.01296	0.00625	0.00176	0.00265	0.01089	0.00506	0.00455
24	0.00985	0.00493	0.00493	0.00493	0.00616	0.00493	0.00370	0.01232	0.01109	0.01971	0.01725	0.01971	0.01355	0.00616	0.00370	0.00123	0.00246	0.00493	0.84356	0.00493
25	0.01248	0.01426	0.03119	0.02228	0.02763	0.01337	0.76203	0.01693	0.01248	0.01693	0.01070	0.01426	0.00802	0.00446	0.00624	0.00178	0.00891	0.00624	0.00267	0.00713
26	0.00644	0.00460	0.00613	0.00736	0.00767	0.00429	0.00491	0.00736	0.01012	0.01350	0.02914	0.81076	0.03497	0.01656	0.00675	0.00215	0.00307	0.01503	0.00491	0.00429
27	0.85155	0.01022	0.00777	0.00695	0.01022	0.01186	0.00573	0.01554	0.00900	0.02372	0.00736	0.00859	0.00573	0.00491	0.00327	0.00164	0.00409	0.00286	0.00327	0.00573
28	0.00713	0.00527	0.00673	0.00715	0.00820	0.00487	0.00538	0.00894	0.01254	0.01679	0.30350	0.27815	0.16710	0.01362	0.00657	0.00196	0.00309	0.13312	0.00523	0.00467
29	0.01413	0.81739	0.02770	0.00905	0.01357	0.02092	0.00905	0.01583	0.01074	0.01244	0.00735	0.00848	0.00678	0.00452	0.00339	0.00113	0.00565	0.00283	0.00226	0.00678
30	0.01248	0.01426	0.03119	0.02228	0.02763	0.01337	0.76203	0.01693	0.01248	0.01693	0.01070	0.01426	0.00802	0.00446	0.00624	0.00178	0.00891	0.00624	0.00267	0.00713
31	0.00998	0.00940	0.01586	0.80150	0.03641	0.01175	0.01468	0.01351	0.01057	0.01351	0.00940	0.01409	0.00705	0.00529	0.00529	0.00176	0.00705	0.00470	0.00235	0.00587
32	0.01308	0.01256	0.02146	0.03245	0.78123	0.01256	0.01622	0.01622	0.01204	0.01727	0.00994	0.01308	0.00837	0.00471	0.00523	0.00157	0.00628	0.00471	0.00262	0.00837
33	0.00708	0.00539	0.00650	0.00622	0.00765	0.00481	0.00467	0.00919	0.01400	0.01892	0.53934	0.04325	0.29041	0.01166	0.00624	0.00170	0.00255	0.01009	0.00552	0.00481
34	0.01975	0.02520	0.01498	0.01362	0.01634	0.79299	0.01021	0.02111	0.01498	0.01294	0.00817	0.00953	0.00681	0.00545	0.00477	0.00136	0.00953	0.00340	0.00272	0.00613
35	0.00852	0.00608	0.00852	0.00974	0.01095	0.00608	0.00852	0.01095	0.01217	0.01582	0.02799	0.05963	0.03042	0.01460	0.00730	0.00243	0.00487	0.74565	0.00487	0.00487
36	0.00644	0.00460	0.00613	0.00736	0.00767	0.00429	0.00491	0.00736	0.01012	0.01350	0.02914	0.81076	0.03497	0.01656	0.00675	0.00215	0.00307	0.01503	0.00491	0.00429
37	0.02372	0.00900	0.01227	0.00941	0.01350	0.00777	0.00777	0.02576	0.01513	0.78489	0.02086	0.01799	0.01309	0.00654	0.00532	0.00164	0.00450	0.00532	0.00654	0.00900
38	0.00998	0.00940	0.01586	0.80150	0.03641	0.01175	0.01468	0.01351	0.01057	0.01351	0.00940	0.01409	0.00705	0.00529	0.00529	0.00176	0.00705	0.00470	0.00235	0.00587
39	0.01232	0.41192	0.41730	0.01214	0.01835	0.01648	0.01443	0.01630	0.01096	0.01465	0.00845	0.00986	0.00674	0.00478	0.00423	0.00141	0.00676	0.00338	0.00225	0.00731
40	0.00755	0.00566	0.00850	0.00850	0.00944	0.00661	0.00661	0.00944	0.00850	0.01227	0.01416	0.02077	0.01322	0.03965	0.79326	0.00850	0.01416	0.00566	0.00283	0.00472
41	0.00985	0.00493	0.00493	0.00493	0.00616	0.00493	0.00370	0.01232	0.01109	0.01971	0.01725	0.01971	0.01355	0.00616	0.00370	0.00123	0.00246	0.00493	0.84356	0.00493
42	0.01331	0.66220	0.10922	0.00958	0.01426	0.01884	0.00992	0.01589	0.03317	0.01346	0.02830	0.01118	0.03208	0.00508	0.00379	0.00124	0.00568	0.00346	0.00252	0.00683
43	0.01524	0.01276	0.14778	0.01296	0.01719	0.00963	0.17342	0.06202	0.01339	0.27651	0.01757	0.12669	0.01466	0.03234	0.00642	0.00189	0.00594	0.04174	0.00449	0.00737
44	0.01830	0.00835	0.01077	0.00871	0.01200	0.00760	0.00703	0.04296	0.06947	0.49857	0.16226	0.02488	0.08930	0.00798	0.00557	0.00166	0.00398	0.00665	0.00614	0.00781

[dist]
# distance from previous block
# <min> <max>
2	4

[block]
# block no. 6 follows, 46 sequences, length 52
# corresponding to MSA columns:
# 738-789
name=unknown_G
#
# <colnr> <probs for GDERKNQSTAVLIFYWHMCP>
#	G	D	E	R	K	N	Q	S	T	A	V	L	I	F	Y	W	H	M	C	P
0	0.01254	0.01201	0.02048	0.16623	0.65166	0.01242	0.01596	0.01575	0.01178	0.01662	0.00985	0.01326	0.00814	0.00481	0.00524	0.00160	0.00641	0.00471	0.00257	0.00794
1	0.03081	0.00851	0.00916	0.02690	0.00954	0.08731	0.02573	0.01037	0.00905	0.01194	0.03553	0.06951	0.01704	0.49446	0.02002	0.00384	0.11587	0.00705	0.00316	0.00420
2	0.01308	0.01256	0.02146	0.03245	0.78123	0.01256	0.01622	0.01622	0.01204	0.01727	0.00994	0.01308	0.00837	0.00471	0.00523	0.00157	0.00628	0.00471	0.00262	0.00837
3	0.01096	0.00940	0.01096	0.00783	0.01253	0.00705	0.00626	0.01331	0.01096	0.01723	0.00940	0.01096	0.00783	0.00392	0.00392	0.00078	0.00392	0.00313	0.00313	0.84653
4	0.00717	0.00539	0.00663	0.00632	0.00771	0.00485	0.00474	0.00937	0.01422	0.01944	0.59426	0.04238	0.23516	0.01146	0.00624	0.00169	0.00254	0.00997	0.00559	0.00485
5	0.00628	0.00536	0.00540	0.00539	0.00716	0.00448	0.00404	0.00765	0.01213	0.01447	0.07281	0.05057	0.75972	0.01332	0.00625	0.00178	0.00267	0.01111	0.00493	0.00448
6	0.00645	0.00480	0.00603	0.00700	0.00764	0.00437	0.00481	0.00750	0.01058	0.01372	0.03427	0.63128	0.19218	0.01584	0.00666	0.00208	0.00303	0.03251	0.00491	0.00434
7	0.02010	0.01481	0.01587	0.01216	0.01639	0.01639	0.01005	0.76360	0.02486	0.03332	0.01269	0.01269	0.00899	0.00635	0.00529	0.00159	0.00582	0.00476	0.00529	0.00899
8	0.01157	0.01157	0.01619	0.01388	0.01388	0.01619	0.01157	0.01272	0.00810	0.01272	0.00694	0.01157	0.00694	0.00925	0.01735	0.00231	0.80453	0.00463	0.00231	0.00578
9	0.01157	0.01157	0.01619	0.01388	0.01388	0.01619	0.01157	0.01272	0.00810	0.01272	0.00694	0.01157	0.00694	0.00925	0.01735	0.00231	0.80453	0.00463	0.00231	0.00578
10	0.00852	0.00608	0.00852	0.00974	0.01095	0.00608	0.00852	0.01095	0.01217	0.01582	0.02799	0.05963	0.03042	0.01460	0.00730	0.00243	0.00487	0.74565	0.00487	0.00487
11	0.00644	0.00460	0.00613	0.00736	0.00767	0.00429	0.00491	0.00736	0.01012	0.01350	0.02914	0.81076	0.03497	0.01656	0.00675	0.00215	0.00307	0.01503	0.00491	0.00429
12	0.00917	0.00607	0.00853	0.00900	0.01022	0.00628	0.00743	0.01121	0.01086	0.06580	0.02231	0.04279	0.02303	0.08895	0.25051	0.00447	0.00772	0.40647	0.00421	0.00496
13	0.85155	0.01022	0.00777	0.00695	0.01022	0.01186	0.00573	0.01554	0.00900	0.02372	0.00736	0.00859	0.00573	0.00491	0.00327	0.00164	0.00409	0.00286	0.00327	0.00573
14	0.00644	0.00460	0.00613	0.00736	0.00767	0.00429	0.00491	0.00736	0.01012	0.01350	0.02914	0.81076	0.03497	0.01656	0.00675	0.00215	0.00307	0.01503	0.00491	0.00429
15	0.01366	0.01237	0.02096	0.03120	0.73950	0.01230	0.01576	0.01674	0.01221	0.05899	0.01054	0.01335	0.00863	0.00481	0.00524	0.00157	0.00618	0.00474	0.00283	0.00841
16	0.01520	0.01824	0.35034	0.01514	0.02115	0.01114	0.20593	0.01962	0.01274	0.25781	0.01336	0.01410	0.00904	0.00535	0.00543	0.00169	0.00705	0.00495	0.00370	0.00801
17	0.85155	0.01022	0.00777	0.00695	0.01022	0.01186	0.00573	0.01554	0.00900	0.02372	0.00736	0.00859	0.00573	0.00491	0.00327	0.00164	0.00409	0.00286	0.00327	0.00573
18	0.01248	0.01426	0.03119	0.02228	0.02763	0.01337	0.76203	0.01693	0.01248	0.01693	0.01070	0.01426	0.00802	0.00446	0.00624	0.00178	0.00891	0.00624	0.00267	0.00713
19	0.01306	0.02308	0.61111	0.01366	0.02057	0.01116	0.01676	0.01825	0.01197	0.16787	0.01304	0.01369	0.03093	0.00557	0.00512	0.00167	0.00701	0.00440	0.00316	0.00795
20	0.01308	0.01256	0.02146	0.03245	0.78123	0.01256	0.01622	0.01622	0.01204	0.01727	0.00994	0.01308	0.00837	0.00471	0.00523	0.00157	0.00628	0.00471	0.00262	0.00837
21	0.00852	0.00608	0.00852	0.00974	0.01095	0.00608	0.00852	0.01095	0.01217	0.01582	0.02799	0.05963	0.03042	0.01460	0.00730	0.00243	0.00487	0.74565	0.00487	0.00487
