[name]
unknown

[dist]
# distance from previous block
# <min> <max>
0	25

[block]
# block no. 0 follows, 52 sequences, length 89
# corresponding to MSA columns:
# 25-113
name=unknown_A
#
# <colnr> <probs for GDERKNQSTAVLIFYWHMCP>
#	G	D	E	R	K	N	Q	S	T	A	V	L	I	F	Y	W	H	M	C	P
0	0.00897	0.00824	0.01371	0.72406	0.03058	0.01013	0.01270	0.01208	0.00994	0.01279	0.03547	0.01717	0.00952	0.00572	0.00503	0.00166	0.00616	0.06834	0.00245	0.00528
1	0.01138	0.01539	0.22673	0.02066	0.26192	0.01146	0.28528	0.01532	0.01095	0.03715	0.00946	0.01195	0.00724	0.00439	0.00520	0.00152	0.01945	0.00458	0.00244	0.03753
2	0.00597	0.00425	0.00560	0.00666	0.00693	0.00398	0.00441	0.00677	0.00915	0.01220	0.02604	0.77989	0.03120	0.06298	0.00727	0.00213	0.00292	0.01338	0.00441	0.00388
3	0.01190	0.01142	0.01950	0.05643	0.77353	0.01149	0.01482	0.01479	0.01099	0.01572	0.00910	0.01203	0.00763	0.00434	0.00480	0.00145	0.00578	0.00432	0.00239	0.00760
4	0.00845	0.00719	0.01006	0.00923	0.00957	0.00920	0.00722	0.00946	0.00746	0.01097	0.01061	0.01779	0.01068	0.16471	0.32878	0.03830	0.32840	0.00511	0.00245	0.00438
5	0.01060	0.01060	0.01484	0.01272	0.01272	0.01484	0.01060	0.01166	0.00742	0.01166	0.00636	0.01060	0.00636	0.00848	0.01590	0.00212	0.82082	0.00424	0.00212	0.00530
6	0.00977	0.02471	0.78136	0.01401	0.02110	0.01128	0.04077	0.01535	0.01027	0.01535	0.00873	0.01032	0.00618	0.00459	0.00464	0.00154	0.00719	0.00364	0.00206	0.00714
7	0.01192	0.01228	0.02359	0.02500	0.42577	0.01195	0.36371	0.03618	0.01154	0.01609	0.00950	0.01247	0.00754	0.00425	0.00522	0.00153	0.00684	0.00496	0.00249	0.00717
8	0.01199	0.01151	0.01967	0.02974	0.79946	0.01151	0.01487	0.01487	0.01103	0.01583	0.00912	0.01199	0.00768	0.00432	0.00480	0.00144	0.00576	0.00432	0.00240	0.00768
9	0.00590	0.00422	0.00562	0.00675	0.00703	0.00394	0.00450	0.00675	0.00928	0.01237	0.02671	0.82653	0.03205	0.01518	0.00619	0.00197	0.00281	0.01378	0.00450	0.00394
10	0.00594	0.00425	0.00567	0.00679	0.00709	0.00397	0.00457	0.00682	0.00932	0.01242	0.02669	0.81020	0.03196	0.01514	0.00620	0.00197	0.00285	0.02970	0.00450	0.00395
11	0.01042	0.00991	0.01682	0.46674	0.37478	0.01110	0.01409	0.01349	0.01029	0.01392	0.00884	0.01251	0.00700	0.00461	0.00482	0.00154	0.00615	0.00431	0.00226	0.00641
12	0.01184	0.01136	0.01940	0.07111	0.75926	0.01147	0.01480	0.01474	0.01096	0.01565	0.00909	0.01204	0.00761	0.00435	0.00480	0.00145	0.00579	0.00432	0.00239	0.00756
13	0.00724	0.00536	0.00681	0.00638	0.00764	0.00513	0.00480	0.01038	0.07147	0.01950	0.73914	0.03485	0.04343	0.00966	0.00566	0.00153	0.00240	0.00852	0.00530	0.00480
14	0.01443	0.60497	0.02220	0.00935	0.01315	0.17174	0.00858	0.08223	0.01172	0.01315	0.00731	0.00830	0.00640	0.00446	0.00350	0.00111	0.00588	0.00285	0.00240	0.00628
15	0.00633	0.00440	0.00550	0.00620	0.00638	0.00422	0.00392	0.00686	0.00845	0.01126	0.02246	0.53106	0.02669	0.31797	0.01306	0.00298	0.00351	0.01127	0.00392	0.00356
16	0.00621	0.00451	0.00615	0.00690	0.00736	0.00452	0.00481	0.00726	0.00886	0.01198	0.02341	0.56061	0.05079	0.05304	0.21536	0.00357	0.00551	0.01117	0.00394	0.00400
17	0.04033	0.09153	0.30998	0.01367	0.01898	0.01305	0.18086	0.21631	0.01378	0.04161	0.00976	0.01110	0.00710	0.00480	0.00473	0.00149	0.00653	0.00417	0.00301	0.00719
18	0.00837	0.00424	0.00636	0.00636	0.00639	0.00427	0.00427	0.00639	0.00636	0.00852	0.00857	0.01488	0.00854	0.01751	0.04619	0.82970	0.00451	0.00424	0.00212	0.00218
19	0.01147	0.01097	0.01872	0.17633	0.65701	0.01138	0.01461	0.01441	0.01078	0.01519	0.00902	0.01217	0.00745	0.00442	0.00481	0.00147	0.00589	0.00432	0.00235	0.00725
20	0.23047	0.04555	0.01519	0.04355	0.23804	0.11110	0.05088	0.17682	0.01306	0.01962	0.00877	0.01039	0.00688	0.00476	0.00428	0.00143	0.00566	0.00375	0.00306	0.00673
21	0.01138	0.35979	0.46014	0.01138	0.01720	0.01443	0.01363	0.01522	0.01017	0.03459	0.00816	0.00938	0.00633	0.00445	0.00399	0.00133	0.00626	0.00320	0.00216	0.00680
22	0.01533	0.16584	0.06463	0.03912	0.04735	0.41300	0.10665	0.03911	0.01249	0.03214	0.00820	0.00975	0.00663	0.00476	0.00452	0.00132	0.01696	0.00355	0.00252	0.00614
23	0.01697	0.02023	0.01324	0.01192	0.01453	0.62024	0.00903	0.05711	0.16209	0.01436	0.01002	0.01066	0.00797	0.00533	0.00450	0.00133	0.00764	0.00363	0.00307	0.00613
24	0.00657	0.00466	0.00568	0.00618	0.00711	0.00416	0.00434	0.00767	0.01032	0.04636	0.07970	0.48823	0.28428	0.01352	0.00595	0.00181	0.00272	0.01193	0.00461	0.00421
25	0.00967	0.00930	0.01476	0.55087	0.04581	0.01204	0.01261	0.01222	0.00902	0.01224	0.00793	0.01218	0.00646	0.00595	0.00825	0.00177	0.25707	0.00429	0.00215	0.00541
26	0.00890	0.01858	0.54109	0.01134	0.01658	0.00925	0.01357	0.01372	0.03343	0.01658	0.23045	0.01852	0.03487	0.00631	0.00495	0.00154	0.00560	0.00523	0.00310	0.00638
27	0.01395	0.00701	0.00854	0.00716	0.00988	0.00623	0.00576	0.06362	0.01312	0.37635	0.04145	0.03076	0.35189	0.00900	0.00531	0.00158	0.00347	0.03343	0.00522	0.00628
28	0.01289	0.01136	0.01976	0.02479	0.53988	0.01129	0.13780	0.01624	0.04238	0.09790	0.01062	0.01284	0.00832	0.00466	0.00525	0.00150	0.02751	0.00465	0.00288	0.00749
29	0.00642	0.00494	0.00586	0.00563	0.00697	0.00438	0.00422	0.00829	0.01267	0.01695	0.50404	0.04029	0.34014	0.01083	0.00572	0.00157	0.00235	0.00934	0.00501	0.00438
30	0.00637	0.00477	0.00601	0.00678	0.00766	0.00441	0.00511	0.00772	0.01039	0.01338	0.06310	0.39509	0.23503	0.01375	0.00617	0.00193	0.00311	0.20056	0.00452	0.00413
31	0.00921	0.00870	0.01455	0.78409	0.03251	0.01094	0.01334	0.01235	0.00959	0.01235	0.00852	0.01282	0.00646	0.00500	0.00531	0.00164	0.04079	0.00430	0.00215	0.00538
32	0.00948	0.00887	0.01447	0.72539	0.06234	0.01089	0.01308	0.01349	0.06891	0.01312	0.00948	0.01327	0.00714	0.00495	0.00485	0.00161	0.00623	0.00440	0.00237	0.00565
33	0.00692	0.00519	0.00779	0.00779	0.00865	0.00606	0.00606	0.00865	0.00779	0.01125	0.01298	0.01904	0.01211	0.03634	0.81049	0.00779	0.01298	0.00519	0.00260	0.00433
34	0.00971	0.00934	0.01383	0.26150	0.01861	0.01245	0.01095	0.01148	0.00840	0.01205	0.00924	0.07029	0.00904	0.00802	0.01144	0.00196	0.47937	0.03475	0.00239	0.00520
35	0.00599	0.00479	0.00536	0.00549	0.00678	0.00416	0.00401	0.00737	0.01128	0.01427	0.19927	0.18630	0.50325	0.01231	0.00581	0.00167	0.00248	0.01057	0.00467	0.00416
36	0.01191	0.01235	0.04949	0.01379	0.01819	0.04425	0.32989	0.08717	0.08180	0.01727	0.01034	0.01213	0.00795	0.00437	0.00479	0.00130	0.00604	0.00447	0.00302	0.27949
37	0.03956	0.35920	0.01910	0.11482	0.09927	0.24624	0.00984	0.01592	0.01114	0.03343	0.00778	0.00939	0.00654	0.00456	0.00392	0.00124	0.00637	0.00321	0.00237	0.00612
38	0.00922	0.00869	0.01467	0.79795	0.05291	0.01079	0.01349	0.01245	0.00972	0.01247	0.00863	0.01290	0.00649	0.00483	0.00484	0.00161	0.00644	0.00431	0.00216	0.00544
39	0.01069	0.09293	0.67306	0.01324	0.01976	0.07849	0.01638	0.01561	0.01049	0.01472	0.00843	0.00990	0.00615	0.00460	0.00446	0.00147	0.00713	0.00346	0.00209	0.00695
40	0.01234	0.57145	0.08943	0.01141	0.01593	0.01688	0.17690	0.01504	0.02674	0.01281	0.00784	0.00934	0.00664	0.00422	0.00384	0.00122	0.00596	0.00341	0.00221	0.00640
41	0.00693	0.00518	0.00773	0.00773	0.00858	0.00603	0.00598	0.00862	0.00777	0.01121	0.01303	0.01933	0.01224	0.05482	0.79219	0.00772	0.01279	0.00524	0.00260	0.00429
42	0.00955	0.00822	0.01150	0.00988	0.01127	0.00951	0.06483	0.01300	0.11374	0.04323	0.28082	0.02454	0.07356	0.00872	0.00888	0.00177	0.26484	0.03272	0.00398	0.00545
43	0.01409	0.01043	0.01637	0.02179	0.49819	0.01039	0.01197	0.06188	0.03902	0.18566	0.01207	0.01367	0.00921	0.00723	0.06471	0.00193	0.00585	0.00454	0.00342	0.00758
44	0.00692	0.00519	0.00779	0.00779	0.00865	0.00606	0.00606	0.00865	0.00779	0.01125	0.01298	0.01904	0.01211	0.03634	0.81049	0.00779	0.01298	0.00519	0.00260	0.00433
45	0.01675	0.09493	0.04071	0.01219	0.01527	0.53231	0.04441	0.11221	0.05977	0.01487	0.00879	0.00980	0.00703	0.00506	0.00441	0.00130	0.00763	0.00349	0.00287	0.00620
46	0.01020	0.00972	0.01669	0.45474	0.32400	0.01084	0.04365	0.01323	0.01025	0.01382	0.00956	0.04438	0.00796	0.00502	0.00491	0.00156	0.00612	0.00474	0.00235	0.00625
47	0.00593	0.00454	0.00546	0.00612	0.00695	0.00407	0.00431	0.00701	0.01015	0.01295	0.06207	0.48623	0.31484	0.01387	0.00602	0.00184	0.00271	0.03638	0.00453	0.00403
48	0.00916	0.00518	0.00640	0.00589	0.00731	0.00483	0.00449	0.01139	0.01264	0.10479	0.47216	0.02848	0.03182	0.00817	0.00491	0.00140	0.00248	0.00704	0.26651	0.00496
49	0.86392	0.00937	0.00712	0.00637	0.00937	0.01087	0.00525	0.01425	0.00825	0.02174	0.00675	0.00787	0.00525	0.00450	0.00300	0.00150	0.00375	0.00262	0.00300	0.00525
50	0.04490	0.05934	0.08165	0.01354	0.07278	0.01192	0.11162	0.03192	0.00982	0.04495	0.01126	0.04180	0.01060	0.00844	0.03473	0.00202	0.29455	0.10549	0.00283	0.00585
51	0.00639	0.00507	0.00576	0.00565	0.00705	0.00454	0.00421	0.00843	0.03881	0.01573	0.33405	0.08817	0.43606	0.01134	0.00572	0.00161	0.00246	0.00971	0.00484	0.00439
52	0.16470	0.01094	0.01306	0.01133	0.04441	0.01224	0.08439	0.13433	0.37256	0.04631	0.01425	0.01421	0.01067	0.00582	0.00510	0.00160	0.03810	0.00471	0.00415	0.00713
53	0.01323	0.01133	0.01720	0.23974	0.30787	0.03139	0.06741	0.16981	0.01331	0.06667	0.01012	0.01245	0.00767	0.00487	0.00488	0.00150	0.00601	0.00443	0.00306	0.00707
54	0.00636	0.00456	0.00589	0.00647	0.00705	0.00428	0.00451	0.00757	0.01033	0.01394	0.21393	0.46650	0.07181	0.09857	0.00801	0.00214	0.00296	0.05656	0.00454	0.00403
55	0.01320	0.00815	0.00976	0.00818	0.01067	0.00824	0.00649	0.16615	0.12495	0.19792	0.35893	0.02441	0.02645	0.00776	0.00525	0.00152	0.00351	0.00657	0.00533	0.00655
56	0.01982	0.01006	0.01257	0.01087	0.07143	0.04041	0.00821	0.14850	0.04008	0.54672	0.01648	0.01500	0.01082	0.00587	0.00503	0.00149	0.01861	0.00469	0.00530	0.00803
57	0.01079	0.01029	0.01749	0.36368	0.47494	0.01120	0.01427	0.01382	0.01046	0.01437	0.00890	0.01239	0.00716	0.00454	0.00482	0.00151	0.00605	0.00431	0.00229	0.00670
58	0.00589	0.00426	0.00558	0.00663	0.00700	0.00395	0.00444	0.00676	0.00939	0.01242	0.02819	0.77502	0.08261	0.01499	0.00616	0.00195	0.00279	0.01354	0.00450	0.00395
59	0.01235	0.01133	0.01909	0.08655	0.65939	0.01149	0.03881	0.04739	0.01153	0.04150	0.00953	0.01223	0.00774	0.00447	0.00484	0.00146	0.00582	0.00438	0.00260	0.00751
60	0.01265	0.04034	0.07451	0.01770	0.29254	0.03795	0.03442	0.06394	0.28491	0.03928	0.01300	0.01383	0.01005	0.00544	0.00523	0.00153	0.03714	0.00463	0.00348	0.00744
61	0.00715	0.00577	0.00871	0.26643	0.01578	0.00630	0.00772	0.00890	0.00961	0.01260	0.02081	0.48402	0.02342	0.01168	0.00581	0.00188	0.00415	0.09107	0.00374	0.00446
62	0.01111	0.09145	0.01493	0.01426	0.24069	0.00952	0.02851	0.02959	0.01062	0.01567	0.00867	0.01050	0.00725	0.00392	0.00397	0.00100	0.00453	0.00337	0.00269	0.48777
63	0.04556	0.00894	0.01227	0.01004	0.05405	0.00788	0.05849	0.04444	0.02595	0.39758	0.05017	0.01479	0.01141	0.00527	0.00456	0.00130	0.00427	0.00446	0.00455	0.23400
64	0.01443	0.38775	0.07721	0.03809	0.01473	0.22907	0.00951	0.09105	0.07013	0.01436	0.00859	0.00953	0.00706	0.00477	0.00392	0.00124	0.00624	0.00325	0.00267	0.00640
65	0.01343	0.75995	0.02438	0.00862	0.01267	0.06444	0.00838	0.03938	0.01048	0.01204	0.00694	0.00795	0.00628	0.00425	0.00324	0.00106	0.00539	0.00268	0.00219	0.00625
66	0.01223	0.01257	0.18605	0.00914	0.01397	0.00826	0.00888	0.07306	0.01159	0.12587	0.01032	0.01110	0.00770	0.00432	0.00409	0.00106	0.00458	0.00342	0.00327	0.48852
67	0.00744	0.00570	0.00836	0.00749	0.00823	0.00567	0.09389	0.00828	0.00809	0.01097	0.04645	0.09282	0.01807	0.54122	0.11311	0.00436	0.00583	0.00729	0.00306	0.00366
68	0.00915	0.00861	0.01453	0.81804	0.03338	0.01077	0.01346	0.01238	0.00969	0.01238	0.00861	0.01292	0.00646	0.00484	0.00484	0.00161	0.00646	0.00431	0.00215	0.00538
69	0.00749	0.00597	0.02788	0.00591	0.00775	0.00502	0.00474	0.00901	0.01142	0.07920	0.13121	0.04049	0.59143	0.01112	0.00603	0.00163	0.03533	0.00919	0.00456	0.00462
70	0.01331	0.09181	0.10804	0.05151	0.34064	0.01156	0.14218	0.01641	0.01133	0.15066	0.01066	0.01238	0.00801	0.00460	0.00478	0.00146	0.00601	0.00440	0.00295	0.00729
71	0.00881	0.00696	0.00832	0.00847	0.01003	0.00743	0.00674	0.01482	0.28546	0.01662	0.10174	0.17189	0.05061	0.01091	0.00586	0.00189	0.00368	0.26956	0.00472	0.00550
72	0.01317	0.01096	0.01159	0.01009	0.01303	0.01258	0.00794	0.15865	0.65599	0.02207	0.01830	0.01695	0.01364	0.00644	0.00492	0.00161	0.00410	0.00528	0.00492	0.00777
73	0.03689	0.17444	0.40384	0.01241	0.05786	0.02247	0.01313	0.07072	0.09945	0.01657	0.04115	0.01179	0.00892	0.00502	0.00438	0.00144	0.00593	0.00387	0.00276	0.00696
74	0.04099	0.03937	0.05154	0.01638	0.09018	0.01074	0.38693	0.01711	0.04221	0.19029	0.01286	0.05728	0.00988	0.00526	0.00522	0.00158	0.00631	0.00554	0.00343	0.00690
75	0.00597	0.00426	0.00570	0.00682	0.00713	0.00399	0.00461	0.00686	0.00934	0.01244	0.02667	0.79988	0.03191	0.01512	0.00620	0.00198	0.00287	0.03978	0.00450	0.00395
76	0.00623	0.00451	0.00593	0.00693	0.00735	0.00431	0.00475	0.00762	0.03648	0.01296	0.05120	0.74065	0.03172	0.01464	0.00615	0.00195	0.00290	0.04508	0.00454	0.00411
77	0.01141	0.11753	0.29414	0.14179	0.07324	0.01256	0.12207	0.06856	0.06863	0.03026	0.00983	0.01166	0.00736	0.00475	0.00467	0.00150	0.00643	0.00414	0.00262	0.00684
78	0.01199	0.01151	0.01967	0.02974	0.79946	0.01151	0.01487	0.01487	0.01103	0.01583	0.00912	0.01199	0.00768	0.00432	0.00480	0.00144	0.00576	0.00432	0.00240	0.00768
79	0.00664	0.00528	0.00616	0.00716	0.00760	0.04633	0.00492	0.00757	0.00961	0.01245	0.02565	0.74501	0.03049	0.01456	0.00612	0.00194	0.00321	0.05089	0.00439	0.00405
80	0.00785	0.00714	0.05476	0.00804	0.00916	0.02140	0.02254	0.02608	0.00821	0.01148	0.01292	0.02148	0.01287	0.27046	0.44030	0.00584	0.04696	0.00557	0.00269	0.00428
81	0.01543	0.18356	0.01744	0.04380	0.04236	0.26583	0.07619	0.03333	0.01181	0.13632	0.00938	0.01073	0.00735	0.00537	0.00596	0.00142	0.12069	0.00378	0.00293	0.00631
82	0.00741	0.00527	0.00725	0.00832	0.00928	0.00520	0.00697	0.00935	0.01076	0.01412	0.02616	0.20712	0.04466	0.01356	0.00650	0.00214	0.00405	0.58558	0.02195	0.00435
83	0.86392	0.00937	0.00712	0.00637	0.00937	0.01087	0.00525	0.01425	0.00825	0.02174	0.00675	0.00787	0.00525	0.00450	0.00300	0.00150	0.00375	0.00262	0.00300	0.00525
84	0.00611	0.00453	0.00568	0.00622	0.00696	0.00412	0.00434	0.00735	0.01062	0.01412	0.21046	0.48103	0.18248	0.02464	0.00624	0.00184	0.00265	0.01183	0.00467	0.00410
85	0.00602	0.00487	0.00537	0.00547	0.00686	0.00422	0.00409	0.00742	0.01130	0.01412	0.16883	0.12773	0.56036	0.01224	0.00581	0.00168	0.00255	0.04226	0.00464	0.00417
86	0.01355	0.24914	0.01900	0.01182	0.01537	0.21707	0.15894	0.01723	0.11921	0.02747	0.01032	0.03714	0.00863	0.00503	0.00436	0.00130	0.00627	0.00416	0.00286	0.07113
87	0.11431	0.02861	0.01155	0.03774	0.02845	0.07116	0.00787	0.15533	0.36386	0.03952	0.04565	0.04928	0.01313	0.00640	0.00468	0.00155	0.00451	0.00511	0.00432	0.00696
88	0.01229	0.08021	0.13739	0.01983	0.37730	0.01198	0.04134	0.01773	0.17426	0.06245	0.01169	0.01296	0.00906	0.00491	0.00470	0.00147	0.00552	0.00439	0.00306	0.00747

[dist]
# distance from previous block
# <min> <max>
0	1

[block]
# block no. 1 follows, 52 sequences, length 16
# corresponding to MSA columns:
# 115-130
name=unknown_B
#
# <colnr> <probs for GDERKNQSTAVLIFYWHMCP>
#	G	D	E	R	K	N	Q	S	T	A	V	L	I	F	Y	W	H	M	C	P
0	0.12159	0.01185	0.01592	0.02055	0.44360	0.05235	0.01158	0.12680	0.06855	0.06563	0.01045	0.01196	0.00814	0.00485	0.00457	0.00146	0.00536	0.00417	0.00323	0.00738
1	0.04943	0.01417	0.01421	0.01108	0.01482	0.07729	0.00908	0.69512	0.02154	0.02875	0.01113	0.01127	0.00797	0.00570	0.00474	0.00144	0.00554	0.00420	0.00460	0.00793
2	0.00590	0.00422	0.00562	0.00675	0.00703	0.00394	0.00450	0.00675	0.00928	0.01237	0.02671	0.82653	0.03205	0.01518	0.00619	0.00197	0.00281	0.01378	0.00450	0.00394
3	0.01334	0.00994	0.09401	0.01193	0.08873	0.00811	0.08488	0.05070	0.03999	0.26821	0.01898	0.20666	0.04654	0.00811	0.00531	0.00165	0.00467	0.02725	0.00435	0.00662
4	0.05597	0.01146	0.01843	0.02463	0.57284	0.03255	0.07701	0.04272	0.01150	0.05824	0.01032	0.04389	0.00869	0.00489	0.00483	0.00148	0.00572	0.00472	0.00280	0.00731
5	0.01753	0.00742	0.00970	0.00781	0.01080	0.00669	0.00632	0.02013	0.05384	0.55198	0.12755	0.01954	0.01692	0.00653	0.00480	0.00146	0.00361	0.00540	0.11475	0.00723
6	0.01035	0.18168	0.65347	0.01274	0.01932	0.01279	0.01604	0.01518	0.01016	0.01458	0.00832	0.00975	0.00615	0.00452	0.00431	0.00144	0.00678	0.00339	0.00205	0.00698
7	0.02539	0.10876	0.28093	0.05573	0.15377	0.04344	0.04225	0.01747	0.14484	0.06488	0.01106	0.01215	0.00832	0.00493	0.00456	0.00147	0.00594	0.00409	0.00291	0.00710
8	0.00704	0.00496	0.00599	0.00593	0.00722	0.00440	0.00437	0.00863	0.01187	0.05654	0.33283	0.19855	0.31062	0.01162	0.00577	0.00165	0.00255	0.01010	0.00490	0.00446
9	0.04786	0.01468	0.01247	0.01080	0.01359	0.26269	0.00846	0.13948	0.29385	0.08239	0.01338	0.01324	0.01006	0.00594	0.00525	0.00150	0.04906	0.00434	0.00402	0.00694
10	0.01222	0.00635	0.00835	0.00710	0.00928	0.00571	0.00557	0.01468	0.03492	0.28904	0.48366	0.02812	0.03208	0.00828	0.00534	0.00149	0.00300	0.00715	0.00548	0.03218
11	0.01842	0.01357	0.01454	0.01115	0.01503	0.01503	0.00921	0.78330	0.02278	0.03054	0.01163	0.01163	0.00824	0.00582	0.00485	0.00145	0.00533	0.00436	0.00485	0.00824
12	0.05044	0.00958	0.01178	0.00909	0.01278	0.00926	0.00750	0.22269	0.01591	0.55024	0.01662	0.01495	0.01078	0.00589	0.00476	0.00148	0.00438	0.00465	0.02919	0.00804
13	0.00683	0.00477	0.00557	0.00571	0.00606	0.00470	0.00362	0.00729	0.00800	0.01049	0.02085	0.09118	0.11797	0.57001	0.06901	0.00416	0.00478	0.05234	0.00332	0.00333
14	0.00983	0.00475	0.00494	0.00477	0.00607	0.00468	0.00362	0.01206	0.01039	0.06713	0.01602	0.01797	0.01239	0.00567	0.00348	0.00115	0.00237	0.00454	0.80342	0.00475
15	0.00945	0.00892	0.01507	0.73602	0.11309	0.01084	0.01361	0.01264	0.00983	0.01274	0.00867	0.01282	0.00659	0.00479	0.00484	0.00160	0.00639	0.00431	0.00218	0.00562

[dist]
# distance from previous block
# <min> <max>
0	10

[block]
# block no. 2 follows, 52 sequences, length 58
# corresponding to MSA columns:
# 141-198
name=unknown_C
#
# <colnr> <probs for GDERKNQSTAVLIFYWHMCP>
#	G	D	E	R	K	N	Q	S	T	A	V	L	I	F	Y	W	H	M	C	P
0	0.00915	0.00861	0.01453	0.81804	0.03338	0.01077	0.01346	0.01238	0.00969	0.01238	0.00861	0.01292	0.00646	0.00484	0.00484	0.00161	0.00646	0.00431	0.00215	0.00538
1	0.00915	0.00861	0.01453	0.81804	0.03338	0.01077	0.01346	0.01238	0.00969	0.01238	0.00861	0.01292	0.00646	0.00484	0.00484	0.00161	0.00646	0.00431	0.00215	0.00538
2	0.00588	0.00429	0.00554	0.00654	0.00698	0.00395	0.00441	0.00677	0.00947	0.01245	0.02920	0.73972	0.11725	0.01486	0.00613	0.00193	0.00277	0.01338	0.00450	0.00395
3	0.06122	0.00863	0.00996	0.00724	0.01142	0.00677	0.00581	0.01315	0.01022	0.07326	0.00927	0.01039	0.00741	0.00382	0.00365	0.00082	0.00364	0.00300	0.00311	0.74722
4	0.00680	0.00495	0.00639	0.00603	0.00720	0.00455	0.00453	0.00903	0.01358	0.01910	0.75736	0.03675	0.08548	0.01003	0.00572	0.00153	0.00230	0.00884	0.00529	0.00455
5	0.00675	0.00498	0.00633	0.00609	0.00730	0.00456	0.00463	0.00888	0.01318	0.01822	0.64281	0.03880	0.15389	0.01046	0.00577	0.00158	0.00244	0.05365	0.00516	0.00450
6	0.00735	0.00525	0.00728	0.00840	0.00932	0.00518	0.00701	0.00925	0.01070	0.01399	0.02591	0.24009	0.02889	0.01382	0.00657	0.00217	0.00407	0.58593	0.00447	0.00434
7	0.00681	0.00493	0.00627	0.00595	0.00701	0.00456	0.00436	0.00881	0.01290	0.01807	0.67565	0.03637	0.08725	0.09100	0.00759	0.00184	0.00253	0.00868	0.00505	0.00438
8	0.00944	0.00894	0.01493	0.71338	0.08776	0.01106	0.01339	0.01252	0.00965	0.01259	0.00852	0.01272	0.00654	0.00502	0.00549	0.00163	0.05440	0.00430	0.00217	0.00554
9	0.00772	0.00519	0.00684	0.00731	0.00824	0.00497	0.00548	0.03850	0.01126	0.05353	0.17623	0.44796	0.03201	0.01299	0.00608	0.00189	0.00320	0.16133	0.00474	0.00454
10	0.01210	0.01185	0.01911	0.04986	0.71686	0.04264	0.01445	0.01485	0.01096	0.01542	0.00893	0.01184	0.00754	0.00452	0.00522	0.00146	0.03830	0.00427	0.00238	0.00744
11	0.00779	0.00555	0.00773	0.00881	0.00990	0.00555	0.00766	0.00995	0.01103	0.01435	0.02534	0.05397	0.02758	0.03811	0.00724	0.00231	0.00447	0.74383	0.00442	0.00442
12	0.01996	0.00935	0.01161	0.00898	0.01257	0.00897	0.00739	0.21891	0.01590	0.54643	0.01695	0.01535	0.01106	0.00593	0.00476	0.00146	0.00430	0.00472	0.06743	0.00797
13	0.01052	0.02061	0.50964	0.01497	0.02087	0.04326	0.19700	0.01520	0.01048	0.01505	0.00877	0.01086	0.00649	0.00468	0.00548	0.00155	0.05526	0.00408	0.00220	0.04302
14	0.03906	0.01439	0.01284	0.01084	0.01397	0.18897	0.00857	0.31373	0.30455	0.02239	0.01358	0.01328	0.01014	0.00588	0.00472	0.00148	0.00549	0.00445	0.00431	0.00737
15	0.00656	0.00484	0.00579	0.00600	0.00715	0.00427	0.00431	0.00790	0.01095	0.03568	0.18591	0.33797	0.31824	0.01251	0.00582	0.00171	0.00263	0.01095	0.00466	0.02614
16	0.01146	0.01261	0.09680	0.10603	0.58404	0.01147	0.05275	0.01503	0.03423	0.01556	0.00938	0.01215	0.00760	0.00445	0.00483	0.00148	0.00603	0.00435	0.00242	0.00734
17	0.01108	0.04240	0.52638	0.01413	0.07551	0.02890	0.04557	0.01654	0.07693	0.06501	0.02335	0.01306	0.00863	0.00514	0.00474	0.00154	0.00646	0.02483	0.00271	0.00711
18	0.08286	0.00833	0.01095	0.00846	0.01215	0.00739	0.00699	0.02294	0.01346	0.74613	0.01822	0.01587	0.01151	0.00589	0.00474	0.00150	0.00410	0.00471	0.00578	0.00803
19	0.01051	0.05694	0.00978	0.00797	0.01021	0.04071	0.00626	0.04917	0.30224	0.04574	0.24232	0.02590	0.13169	0.00803	0.00508	0.00153	0.00351	0.00671	0.02961	0.00608
20	0.04545	0.01342	0.10535	0.04482	0.01473	0.09069	0.00928	0.07032	0.49017	0.03971	0.01572	0.01518	0.01172	0.00597	0.00475	0.00157	0.00492	0.00478	0.00418	0.00727
21	0.00687	0.00466	0.00564	0.00598	0.00615	0.00462	0.00377	0.00723	0.00786	0.01048	0.01843	0.21509	0.02131	0.54153	0.04256	0.02304	0.00449	0.06361	0.00338	0.00330
22	0.00646	0.00494	0.00592	0.00567	0.00699	0.00440	0.00426	0.00837	0.01277	0.01718	0.53124	0.03991	0.31280	0.01075	0.00572	0.00156	0.00235	0.00928	0.00504	0.00440
23	0.00984	0.02319	0.70545	0.06228	0.07385	0.01124	0.01744	0.01514	0.01025	0.01520	0.00872	0.01051	0.00626	0.00460	0.00463	0.00153	0.00703	0.00367	0.00208	0.00709
24	0.01204	0.04721	0.02476	0.04377	0.02244	0.01262	0.56083	0.04462	0.05003	0.04579	0.01025	0.01295	0.00777	0.00475	0.00635	0.00164	0.07753	0.00532	0.00274	0.00656
25	0.86392	0.00937	0.00712	0.00637	0.00937	0.01087	0.00525	0.01425	0.00825	0.02174	0.00675	0.00787	0.00525	0.00450	0.00300	0.00150	0.00375	0.00262	0.00300	0.00525
26	0.01154	0.07377	0.02012	0.01493	0.01703	0.06551	0.26612	0.01365	0.00934	0.01294	0.00760	0.01109	0.00667	0.00647	0.01083	0.00182	0.43798	0.00454	0.00225	0.00580
27	0.00673	0.00493	0.00632	0.00602	0.00717	0.00451	0.00449	0.00889	0.01336	0.01868	0.70992	0.06103	0.10930	0.01027	0.00573	0.00155	0.00232	0.00904	0.00524	0.00451
28	0.00915	0.00861	0.01453	0.81804	0.03338	0.01077	0.01346	0.01238	0.00969	0.01238	0.00861	0.01292	0.00646	0.00484	0.00484	0.00161	0.00646	0.00431	0.00215	0.00538
29	0.00682	0.00498	0.00643	0.00615	0.00733	0.00459	0.00467	0.00903	0.01340	0.01874	0.70537	0.03786	0.09851	0.01025	0.00576	0.00157	0.00241	0.04637	0.00523	0.00453
30	0.86392	0.00937	0.00712	0.00637	0.00937	0.01087	0.00525	0.01425	0.00825	0.02174	0.00675	0.00787	0.00525	0.00450	0.00300	0.00150	0.00375	0.00262	0.00300	0.00525
31	0.01004	0.00857	0.00996	0.00729	0.01138	0.00671	0.00581	0.01288	0.05620	0.01620	0.04061	0.01156	0.00916	0.00402	0.00375	0.00080	0.00355	0.00326	0.00309	0.77514
32	0.01364	0.10864	0.06010	0.04547	0.01502	0.21084	0.02916	0.06637	0.29672	0.01632	0.01220	0.01275	0.00953	0.00577	0.00552	0.00150	0.07613	0.00424	0.00341	0.00667
33	0.00803	0.00579	0.00719	0.00671	0.00817	0.00559	0.00504	0.01157	0.10971	0.04217	0.55302	0.10994	0.03729	0.00956	0.00550	0.00154	0.00263	0.00841	0.02448	0.03766
34	0.00667	0.00495	0.00622	0.00590	0.00713	0.00449	0.00443	0.00879	0.01328	0.01839	0.67437	0.03791	0.16891	0.01029	0.00572	0.00154	0.00231	0.00900	0.00520	0.00449
35	0.01247	0.01060	0.01141	0.04428	0.01369	0.01225	0.00805	0.08894	0.69292	0.02080	0.01857	0.01732	0.01389	0.00644	0.00492	0.00163	0.00407	0.00534	0.00481	0.00762
36	0.01296	0.83261	0.02539	0.00829	0.01244	0.01917	0.00829	0.01451	0.00985	0.01140	0.00674	0.00777	0.00622	0.00415	0.00311	0.00104	0.00518	0.00259	0.00207	0.00622
37	0.01080	0.00888	0.01033	0.00744	0.01170	0.00696	0.00597	0.05563	0.01085	0.03573	0.00904	0.01029	0.00735	0.00377	0.00369	0.00078	0.00370	0.00300	0.00306	0.79102
38	0.02092	0.00916	0.01176	0.00906	0.01280	0.00853	0.00747	0.14410	0.03888	0.65663	0.01795	0.01577	0.01149	0.00599	0.00487	0.00150	0.00431	0.00481	0.00578	0.00823
39	0.00707	0.00480	0.00571	0.00577	0.00592	0.00490	0.00355	0.00739	0.00734	0.00987	0.01551	0.03133	0.01747	0.69430	0.11789	0.00495	0.00568	0.04441	0.00297	0.00318
40	0.00609	0.00435	0.00584	0.00696	0.00732	0.00410	0.00482	0.00707	0.00946	0.01258	0.02661	0.75073	0.03164	0.01501	0.00624	0.00199	0.00297	0.08773	0.00449	0.00399
41	0.00684	0.00495	0.00645	0.00607	0.00723	0.00456	0.00455	0.00910	0.01366	0.01931	0.78192	0.03641	0.06079	0.00995	0.00572	0.00153	0.00229	0.00879	0.00532	0.00456
42	0.01346	0.01069	0.01144	0.00995	0.01290	0.01214	0.00784	0.12302	0.64518	0.06874	0.01865	0.01716	0.01378	0.00644	0.00492	0.00161	0.00405	0.00530	0.00498	0.00778
43	0.00938	0.00885	0.01495	0.75376	0.09585	0.01083	0.01357	0.01258	0.00980	0.01266	0.00865	0.01284	0.00656	0.00480	0.00484	0.00160	0.00640	0.00431	0.00217	0.00557
44	0.08091	0.01409	0.04419	0.01093	0.04398	0.16753	0.00866	0.28258	0.07095	0.06512	0.01070	0.01119	0.00801	0.00512	0.00439	0.00131	0.00548	0.00380	0.00376	0.15728
45	0.00817	0.00572	0.00824	0.00869	0.00983	0.00561	0.03921	0.01003	0.01055	0.04378	0.02361	0.14202	0.02568	0.11183	0.00870	0.00245	0.00443	0.52275	0.00426	0.00445
46	0.00972	0.02507	0.80458	0.01381	0.02097	0.01125	0.01790	0.01535	0.01023	0.01535	0.00870	0.01023	0.00614	0.00460	0.00460	0.00153	0.00716	0.00358	0.00205	0.00716
47	0.01296	0.83261	0.02539	0.00829	0.01244	0.01917	0.00829	0.01451	0.00985	0.01140	0.00674	0.00777	0.00622	0.00415	0.00311	0.00104	0.00518	0.00259	0.00207	0.00622
48	0.00715	0.00505	0.00627	0.00619	0.00640	0.00542	0.00400	0.00762	0.00724	0.00994	0.01437	0.02779	0.01583	0.60308	0.21771	0.00536	0.03791	0.00648	0.00282	0.00337
49	0.00689	0.00501	0.00640	0.00608	0.00725	0.00464	0.00455	0.00925	0.02556	0.01885	0.70464	0.06017	0.08666	0.01007	0.00568	0.00154	0.00234	0.00887	0.02101	0.00457
50	0.05419	0.01036	0.01077	0.00969	0.01244	0.01199	0.00755	0.02518	0.75200	0.02034	0.01908	0.01758	0.01432	0.00647	0.00484	0.00164	0.00383	0.00534	0.00484	0.00755
51	0.00893	0.00437	0.00650	0.00640	0.00655	0.00432	0.00432	0.00699	0.00661	0.03927	0.00883	0.01480	0.00856	0.01641	0.01839	0.82571	0.00421	0.00423	0.00226	0.00234
52	0.00857	0.00582	0.00735	0.00672	0.00824	0.00562	0.00512	0.01213	0.10268	0.07818	0.64971	0.03265	0.03966	0.00923	0.00556	0.00154	0.00260	0.00810	0.00534	0.00520
53	0.07646	0.67728	0.06143	0.00837	0.01242	0.01725	0.00836	0.01447	0.00983	0.03312	0.00793	0.03993	0.00730	0.00467	0.00334	0.00114	0.00505	0.00314	0.00234	0.00616
54	0.14529	0.09496	0.01426	0.01014	0.01364	0.01406	0.02553	0.41721	0.11477	0.05491	0.01146	0.01167	0.00846	0.00561	0.00484	0.00147	0.03606	0.00411	0.00418	0.00736
55	0.06049	0.01297	0.01393	0.01072	0.01455	0.01423	0.00886	0.68839	0.02140	0.08792	0.01195	0.01181	0.00837	0.00577	0.00476	0.00146	0.00516	0.00432	0.00484	0.00809
56	0.01231	0.01136	0.01851	0.02672	0.67985	0.01163	0.01384	0.07214	0.01174	0.01686	0.00946	0.01215	0.00785	0.00464	0.00517	0.00145	0.03673	0.00433	0.03574	0.00750
57	0.00633	0.00550	0.00694	0.00631	0.00807	0.00477	0.06210	0.00791	0.01140	0.01417	0.15410	0.07289	0.59922	0.01143	0.00574	0.00163	0.00287	0.00981	0.00447	0.00434

[dist]
# distance from previous block
# <min> <max>
0	15

[block]
# block no. 3 follows, 52 sequences, length 17
# corresponding to MSA columns:
# 214-230
name=unknown_D
#
# <colnr> <probs for GDERKNQSTAVLIFYWHMCP>
#	G	D	E	R	K	N	Q	S	T	A	V	L	I	F	Y	W	H	M	C	P
0	0.16864	0.01132	0.05664	0.15946	0.48274	0.01125	0.01301	0.01435	0.01025	0.01631	0.00857	0.01130	0.00694	0.00446	0.00446	0.00149	0.00558	0.00397	0.00245	0.00681
1	0.00932	0.00884	0.01511	0.76764	0.06052	0.01083	0.03493	0.01256	0.00979	0.01259	0.00866	0.01289	0.00653	0.00480	0.00487	0.00161	0.00648	0.00435	0.00217	0.00550
2	0.01358	0.01057	0.01335	0.01382	0.15800	0.01187	0.00941	0.07415	0.39085	0.12242	0.01542	0.01534	0.01158	0.00627	0.00630	0.00163	0.10877	0.00495	0.00424	0.00748
3	0.00629	0.00493	0.00568	0.00549	0.00689	0.00433	0.00412	0.00803	0.01236	0.01622	0.41783	0.04149	0.42681	0.01111	0.00572	0.00158	0.00237	0.00951	0.00491	0.00433
4	0.01014	0.00750	0.01217	0.01259	0.10261	0.00732	0.10845	0.01254	0.01139	0.09895	0.05254	0.08682	0.02180	0.01023	0.00626	0.00194	0.02024	0.40690	0.00412	0.00549
5	0.01472	0.01215	0.01590	0.10134	0.38604	0.12818	0.01178	0.01786	0.06149	0.18527	0.01166	0.01297	0.00873	0.00498	0.00476	0.00145	0.00579	0.00433	0.00333	0.00726
6	0.00864	0.12853	0.01422	0.01019	0.01229	0.00913	0.14959	0.01078	0.00877	0.01206	0.01147	0.01628	0.01037	0.02565	0.54301	0.00566	0.01094	0.00491	0.00249	0.00501
7	0.01350	0.01683	0.06123	0.01029	0.01264	0.47109	0.00814	0.03490	0.01259	0.01287	0.01819	0.13637	0.15614	0.00783	0.00492	0.00145	0.00652	0.00606	0.00319	0.00526
8	0.07345	0.56833	0.03504	0.00834	0.01180	0.05769	0.00778	0.03721	0.01026	0.01297	0.00991	0.12860	0.01002	0.00590	0.00370	0.00124	0.00496	0.00434	0.00260	0.00586
9	0.13696	0.01066	0.01687	0.17181	0.54167	0.01128	0.01319	0.01432	0.01038	0.01607	0.00867	0.01156	0.00709	0.00444	0.00454	0.00148	0.00559	0.00407	0.00244	0.00690
10	0.00614	0.00440	0.00584	0.00659	0.00708	0.00409	0.00452	0.00734	0.01038	0.01412	0.21786	0.63038	0.03544	0.01387	0.00607	0.00186	0.00268	0.01253	0.00471	0.00409
11	0.01391	0.68318	0.02324	0.00907	0.01291	0.16519	0.00849	0.01540	0.01056	0.01149	0.00688	0.00795	0.00622	0.00430	0.00334	0.00108	0.00584	0.00269	0.00215	0.00611
12	0.01261	0.71153	0.02384	0.00894	0.01248	0.01854	0.00863	0.01409	0.00949	0.01144	0.00668	0.00819	0.00624	0.00478	0.00499	0.00120	0.12533	0.00283	0.00208	0.00608
13	0.00985	0.00731	0.00848	0.00769	0.00904	0.00804	0.00561	0.15351	0.12558	0.01538	0.01466	0.02269	0.01404	0.34954	0.22297	0.00446	0.00685	0.00584	0.00349	0.00498
14	0.01401	0.47494	0.10506	0.01072	0.01522	0.01510	0.12303	0.01643	0.01086	0.15851	0.00968	0.01042	0.00744	0.00453	0.00398	0.00126	0.00563	0.00358	0.00285	0.00674
15	0.00739	0.00582	0.00863	0.01140	0.15387	0.00565	0.00704	0.00887	0.00996	0.01341	0.02326	0.52997	0.02676	0.01284	0.00603	0.00192	0.00367	0.15467	0.00410	0.00473
16	0.05301	0.00521	0.00686	0.00705	0.00804	0.00495	0.00506	0.01002	0.00953	0.14485	0.02099	0.46621	0.02278	0.01332	0.00818	0.16007	0.00341	0.04180	0.00423	0.00441

[dist]
# distance from previous block
# <min> <max>
0	249

# created by:
# /home/berkeley/.conda/envs/busco_data_prod/bin/msa2prfl.pl pipeline/OGs_align_augustus/33634/152381.fs
