[name]
unknown

[dist]
# distance from previous block
# <min> <max>
0	390

[block]
# block no. 0 follows, 42 sequences, length 23
# corresponding to MSA columns:
# 394-416
name=unknown_A
#
# <colnr> <probs for GDERKNQSTAVLIFYWHMCP>
#	G	D	E	R	K	N	Q	S	T	A	V	L	I	F	Y	W	H	M	C	P
0	0.00725	0.00524	0.00694	0.00815	0.00876	0.00493	0.00586	0.00855	0.01131	0.01487	0.03257	0.61366	0.08616	0.01702	0.00725	0.00231	0.00359	0.14566	0.00522	0.00469
1	0.01987	0.01407	0.01549	0.01186	0.01632	0.01481	0.00973	0.55500	0.02291	0.09601	0.01419	0.03423	0.01048	0.00666	0.00545	0.00158	0.00569	0.00514	0.00539	0.13513
2	0.01500	0.17080	0.40088	0.01310	0.01953	0.01336	0.02746	0.01935	0.01270	0.17990	0.01267	0.02685	0.00924	0.00574	0.00508	0.00162	0.00683	0.00447	0.00348	0.05193
3	0.01402	0.04745	0.60890	0.01472	0.02219	0.01243	0.01812	0.01960	0.01266	0.15949	0.01231	0.01317	0.00841	0.00564	0.00536	0.00176	0.00759	0.00441	0.00324	0.00852
4	0.01437	0.68470	0.02757	0.12802	0.01814	0.02078	0.01054	0.01648	0.01141	0.01341	0.00815	0.00994	0.00726	0.00494	0.00392	0.00131	0.00624	0.00331	0.00242	0.00707
5	0.01350	0.01298	0.05725	0.18605	0.24009	0.01320	0.14674	0.01683	0.01211	0.08176	0.01175	0.03925	0.00956	0.00641	0.00778	0.00191	0.12650	0.00565	0.00311	0.00758
6	0.01657	0.01341	0.09638	0.01728	0.18090	0.01162	0.07106	0.14952	0.03505	0.19978	0.03956	0.09821	0.02971	0.00756	0.00589	0.00180	0.00594	0.00668	0.00473	0.00838
7	0.00907	0.00655	0.00810	0.00861	0.00957	0.00653	0.00606	0.12037	0.01316	0.01757	0.02836	0.67925	0.03302	0.01598	0.00695	0.00219	0.00371	0.01434	0.00529	0.00533
8	0.01228	0.01132	0.01840	0.02446	0.45874	0.01086	0.05187	0.01505	0.01208	0.01731	0.01352	0.08854	0.01300	0.07533	0.00762	0.00196	0.00599	0.02480	0.00321	0.13366
9	0.01343	0.10961	0.43107	0.01312	0.01926	0.01295	0.01508	0.09130	0.01429	0.08504	0.12583	0.01694	0.01496	0.00651	0.00540	0.00170	0.00668	0.00517	0.00369	0.00797
10	0.16364	0.20782	0.03028	0.12598	0.01810	0.01572	0.04553	0.01792	0.13845	0.01778	0.01266	0.01446	0.03635	0.00660	0.00679	0.00178	0.12519	0.00469	0.00332	0.00695
11	0.00743	0.00567	0.00810	0.12650	0.01281	0.00578	0.00681	0.00883	0.01085	0.01437	0.02782	0.67948	0.03270	0.01581	0.00695	0.00222	0.00391	0.01433	0.00481	0.00483
12	0.01362	0.06715	0.46696	0.01445	0.02073	0.02346	0.05548	0.01840	0.01251	0.13171	0.03298	0.05158	0.01094	0.00653	0.00618	0.00180	0.04894	0.00522	0.00335	0.00801
13	0.13783	0.08967	0.01253	0.01131	0.07702	0.01107	0.00811	0.01763	0.20407	0.04319	0.06650	0.18451	0.04816	0.00981	0.00568	0.00190	0.00443	0.05503	0.00470	0.00682
14	0.02119	0.01039	0.01302	0.01030	0.01385	0.01040	0.00846	0.16540	0.01685	0.45052	0.01865	0.01773	0.01258	0.00711	0.00651	0.00173	0.07291	0.00542	0.12835	0.00864
15	0.13515	0.00704	0.00800	0.00751	0.00929	0.00713	0.00571	0.01300	0.07882	0.02250	0.53399	0.07181	0.05802	0.01057	0.00611	0.00181	0.00310	0.00908	0.00567	0.00569
16	0.01598	0.09596	0.15117	0.02268	0.05719	0.06084	0.02762	0.09471	0.12906	0.13114	0.01424	0.01514	0.01066	0.00601	0.00519	0.00157	0.00611	0.01622	0.00416	0.13432
17	0.13846	0.01077	0.04113	0.35677	0.04816	0.01164	0.01164	0.01771	0.12175	0.08324	0.01741	0.01917	0.08587	0.00682	0.00541	0.00184	0.00587	0.00563	0.00379	0.00692
18	0.00914	0.00611	0.00732	0.00719	0.00885	0.00546	0.00535	0.02469	0.01362	0.09043	0.20651	0.22621	0.32505	0.01362	0.00668	0.00196	0.00321	0.02759	0.00562	0.00540
19	0.17259	0.00836	0.01029	0.00961	0.03353	0.00869	0.07287	0.04077	0.05791	0.02086	0.05393	0.11694	0.05486	0.00870	0.00521	0.00176	0.00420	0.05451	0.25839	0.00600
20	0.01890	0.39366	0.04427	0.01101	0.01550	0.13004	0.00995	0.10383	0.01491	0.19080	0.01199	0.01213	0.00904	0.00569	0.00458	0.00144	0.00643	0.00398	0.00390	0.00796
21	0.01600	0.03780	0.07638	0.05842	0.09444	0.07840	0.01086	0.15613	0.06662	0.10752	0.04986	0.01595	0.02498	0.00617	0.00527	0.00152	0.00590	0.00496	0.00427	0.17854
22	0.03349	0.26394	0.11114	0.01578	0.12570	0.08673	0.07681	0.03056	0.01279	0.07914	0.01035	0.01198	0.00825	0.00533	0.00527	0.00150	0.03440	0.00416	0.00308	0.07956

[dist]
# distance from previous block
# <min> <max>
0	6

[block]
# block no. 1 follows, 42 sequences, length 45
# corresponding to MSA columns:
# 423-467
name=unknown_B
#
# <colnr> <probs for GDERKNQSTAVLIFYWHMCP>
#	G	D	E	R	K	N	Q	S	T	A	V	L	I	F	Y	W	H	M	C	P
0	0.01439	0.08530	0.05770	0.00981	0.01360	0.01109	0.00842	0.15362	0.09272	0.11346	0.08152	0.07375	0.11843	0.00833	0.00554	0.00162	0.00471	0.00682	0.00493	0.13425
1	0.34092	0.12719	0.05140	0.00925	0.01356	0.01280	0.02514	0.06128	0.02974	0.04078	0.03950	0.01210	0.00943	0.00535	0.00419	0.00146	0.00493	0.00380	0.00360	0.20356
2	0.00926	0.00825	0.00799	0.00759	0.00930	0.08866	0.00566	0.03341	0.01470	0.01870	0.35344	0.08207	0.29597	0.03154	0.00702	0.00190	0.00374	0.01018	0.00536	0.00529
3	0.01434	0.01206	0.01969	0.22891	0.27514	0.01282	0.09186	0.09549	0.01427	0.08534	0.05997	0.01651	0.01179	0.00607	0.00618	0.00179	0.03072	0.00557	0.00360	0.00787
4	0.09151	0.01182	0.04008	0.06955	0.12973	0.03076	0.14424	0.07805	0.03936	0.06185	0.02998	0.20294	0.01657	0.00862	0.00617	0.00191	0.01782	0.00788	0.00406	0.00709
5	0.01251	0.01056	0.01385	0.06538	0.17192	0.06607	0.02596	0.01619	0.09107	0.07672	0.03959	0.19553	0.05027	0.01027	0.00691	0.00199	0.04509	0.08892	0.00439	0.00682
6	0.04319	0.09515	0.01471	0.00991	0.01429	0.00988	0.00837	0.02604	0.01545	0.67220	0.02032	0.01783	0.01303	0.00669	0.00539	0.00168	0.00491	0.00531	0.00639	0.00924
7	0.00691	0.00507	0.00649	0.00757	0.00816	0.00466	0.00517	0.00803	0.01126	0.01478	0.05709	0.65734	0.13887	0.01693	0.00710	0.00222	0.00323	0.02924	0.00525	0.00463
8	0.03030	0.18248	0.33403	0.11642	0.04018	0.03177	0.04339	0.04061	0.03527	0.06085	0.01126	0.02968	0.00871	0.00573	0.00512	0.00168	0.00720	0.00456	0.00299	0.00777
9	0.01167	0.00979	0.01228	0.05695	0.01397	0.01153	0.00889	0.09452	0.17520	0.02006	0.16907	0.14034	0.02383	0.01158	0.03953	0.00232	0.17904	0.00805	0.00471	0.00667
10	0.00703	0.00531	0.00654	0.00745	0.00836	0.00483	0.00534	0.00831	0.01163	0.01488	0.03877	0.49586	0.25732	0.01639	0.00708	0.00220	0.00334	0.08946	0.00522	0.00469
11	0.01134	0.00836	0.01194	0.29946	0.02070	0.00917	0.00968	0.07412	0.01473	0.06661	0.31392	0.02646	0.02691	0.00823	0.00590	0.00176	0.00489	0.00714	0.07241	0.00627
12	0.03241	0.09719	0.04293	0.18482	0.09782	0.11610	0.07998	0.03830	0.18662	0.03455	0.02665	0.01535	0.01090	0.00603	0.00542	0.00172	0.00687	0.00512	0.00361	0.00760
13	0.01039	0.02363	0.59679	0.01407	0.02066	0.01119	0.01722	0.01582	0.01218	0.01791	0.09370	0.11160	0.01576	0.00751	0.00571	0.00184	0.00709	0.00626	0.00314	0.00753
14	0.00713	0.00558	0.00646	0.00655	0.00797	0.00491	0.00479	0.00889	0.01351	0.01754	0.29114	0.18280	0.39478	0.01393	0.00674	0.00192	0.00286	0.01204	0.00555	0.00491
15	0.01167	0.01108	0.01871	0.54142	0.26142	0.01287	0.01606	0.01525	0.01168	0.01559	0.01013	0.01462	0.00793	0.00553	0.00588	0.00183	0.02368	0.00500	0.00259	0.00707
16	0.01801	0.01430	0.01533	0.01356	0.06066	0.04555	0.01026	0.35093	0.32797	0.05642	0.01737	0.01672	0.01276	0.00699	0.00565	0.00177	0.00560	0.00557	0.00544	0.00914
17	0.02463	0.01057	0.01367	0.01048	0.01486	0.00974	0.00866	0.14285	0.01776	0.65325	0.02081	0.01825	0.01323	0.00693	0.00565	0.00173	0.00501	0.00556	0.00675	0.00958
18	0.01400	0.01209	0.01273	0.01145	0.01463	0.01400	0.00891	0.02990	0.75695	0.02354	0.02291	0.02100	0.01718	0.00764	0.00573	0.00191	0.00445	0.00636	0.00573	0.00891
19	0.12268	0.01441	0.01527	0.01192	0.01622	0.01584	0.00982	0.55597	0.05951	0.10151	0.01408	0.01386	0.00992	0.00663	0.00537	0.00171	0.00575	0.00494	0.00549	0.00911
20	0.02139	0.01576	0.01689	0.01295	0.01745	0.01745	0.01070	0.74835	0.02646	0.03547	0.01351	0.01351	0.00957	0.00676	0.00563	0.00169	0.00619	0.00507	0.00563	0.00957
21	0.00907	0.00648	0.00907	0.01036	0.01166	0.00648	0.00907	0.01166	0.01296	0.01684	0.02980	0.06348	0.03239	0.01555	0.00777	0.00259	0.00518	0.72924	0.00518	0.00518
22	0.01400	0.01209	0.01273	0.01145	0.01463	0.01400	0.00891	0.02990	0.75695	0.02354	0.02291	0.02100	0.01718	0.00764	0.00573	0.00191	0.00445	0.00636	0.00573	0.00891
23	0.07009	0.01547	0.01638	0.01262	0.01706	0.01717	0.01042	0.70492	0.02546	0.03486	0.01317	0.01325	0.00936	0.00666	0.00550	0.00169	0.00608	0.00495	0.00550	0.00936
24	0.00796	0.00575	0.00752	0.00708	0.00841	0.00531	0.00531	0.01062	0.01593	0.02257	0.76415	0.04204	0.05310	0.01150	0.00664	0.00177	0.00265	0.01018	0.00619	0.00531
25	0.01167	0.01000	0.01167	0.00834	0.01334	0.00750	0.00667	0.01417	0.01167	0.01834	0.01000	0.01167	0.00834	0.00417	0.00417	0.00083	0.00417	0.00333	0.00333	0.83663
26	0.01329	0.01255	0.02120	0.03159	0.68558	0.01250	0.01599	0.01656	0.01315	0.01883	0.09157	0.01695	0.01366	0.00571	0.00569	0.00168	0.00625	0.00557	0.00315	0.00853
27	0.01167	0.01000	0.01167	0.00834	0.01334	0.00750	0.00667	0.01417	0.01167	0.01834	0.01000	0.01167	0.00834	0.00417	0.00417	0.00083	0.00417	0.00333	0.00333	0.83663
28	0.00686	0.00490	0.00653	0.00784	0.00816	0.00457	0.00522	0.00784	0.01077	0.01437	0.03102	0.79855	0.03722	0.01763	0.00718	0.00229	0.00326	0.01600	0.00522	0.00457
29	0.01393	0.01337	0.02284	0.03454	0.76712	0.01337	0.01727	0.01727	0.01281	0.01839	0.01059	0.01393	0.00891	0.00501	0.00557	0.00167	0.00669	0.00501	0.00279	0.00891
30	0.00818	0.00548	0.00625	0.00625	0.00629	0.00552	0.00355	0.00826	0.00822	0.01100	0.01763	0.03625	0.02021	0.77219	0.05833	0.00560	0.00584	0.00810	0.00339	0.00347
31	0.00700	0.00496	0.00649	0.00765	0.00794	0.00467	0.00503	0.00787	0.01050	0.01399	0.02959	0.71669	0.03542	0.10195	0.00949	0.00263	0.00350	0.01516	0.00503	0.00445
32	0.01102	0.00991	0.01637	0.61141	0.12521	0.01183	0.01457	0.01460	0.01150	0.01558	0.01097	0.01551	0.00842	0.00565	0.00544	0.00179	0.00688	0.00503	0.09184	0.00647
33	0.01260	0.01049	0.01210	0.00879	0.01363	0.00850	0.00706	0.09296	0.01339	0.02031	0.03343	0.01280	0.00984	0.00467	0.00440	0.00095	0.00434	0.00373	0.00367	0.72234
34	0.01375	0.01235	0.01669	0.06146	0.09718	0.01505	0.01181	0.13953	0.01267	0.01850	0.00965	0.01341	0.00843	0.02170	0.01243	0.00206	0.40981	0.00486	0.02245	0.09622
35	0.00869	0.00673	0.01007	0.01133	0.09080	0.00747	0.00757	0.01053	0.00932	0.01330	0.01501	0.02352	0.01451	0.15673	0.57955	0.00769	0.01267	0.00626	0.00305	0.00519
36	0.06502	0.27720	0.17344	0.01420	0.09768	0.03841	0.02475	0.07880	0.04164	0.10338	0.01138	0.01230	0.00869	0.00549	0.00475	0.00154	0.00641	0.00414	0.00345	0.02732
37	0.03227	0.16495	0.11131	0.03075	0.02646	0.02423	0.02839	0.08103	0.15459	0.11356	0.07357	0.05327	0.01520	0.00705	0.00546	0.00167	0.01663	0.00567	0.00439	0.04956
38	0.00780	0.09100	0.00906	0.00798	0.00885	0.00652	0.00570	0.00897	0.01115	0.01473	0.07204	0.66881	0.03494	0.01589	0.00677	0.00214	0.00352	0.01426	0.00498	0.00490
39	0.01288	0.09715	0.02034	0.02617	0.52745	0.01292	0.01398	0.01628	0.04436	0.01768	0.03534	0.04474	0.09345	0.00669	0.00556	0.00168	0.00589	0.00610	0.00330	0.00805
40	0.03393	0.18809	0.10553	0.02998	0.07363	0.02833	0.01117	0.03962	0.19173	0.12368	0.03895	0.03503	0.01293	0.00681	0.00600	0.00172	0.05541	0.00525	0.00418	0.00802
41	0.01438	0.00980	0.09157	0.00929	0.01215	0.00772	0.00797	0.05252	0.02617	0.24766	0.09858	0.17732	0.02237	0.07952	0.04162	0.00246	0.00502	0.00821	0.07879	0.00687
42	0.01092	0.00903	0.01036	0.00978	0.01090	0.09091	0.00743	0.01243	0.01004	0.05783	0.01472	0.03539	0.01410	0.16235	0.42770	0.00636	0.09501	0.00617	0.00328	0.00529
43	0.06876	0.08080	0.29987	0.03716	0.01950	0.06217	0.05411	0.03766	0.11267	0.11727	0.01404	0.04809	0.01077	0.00639	0.00533	0.00175	0.00679	0.00515	0.00377	0.00798
44	0.12982	0.09794	0.03050	0.01285	0.07913	0.04268	0.02555	0.14218	0.18367	0.07445	0.03450	0.01908	0.04729	0.00771	0.01881	0.00187	0.00561	0.03393	0.00456	0.00788

[dist]
# distance from previous block
# <min> <max>
2	80

[block]
# block no. 2 follows, 42 sequences, length 19
# corresponding to MSA columns:
# 548-566
name=unknown_C
#
# <colnr> <probs for GDERKNQSTAVLIFYWHMCP>
#	G	D	E	R	K	N	Q	S	T	A	V	L	I	F	Y	W	H	M	C	P
0	0.01482	0.01426	0.01265	0.01315	0.08733	0.25054	0.00891	0.03315	0.10942	0.06893	0.03805	0.14222	0.01811	0.11956	0.00904	0.00231	0.00646	0.04036	0.00422	0.00651
1	0.01148	0.01095	0.01862	0.22605	0.30700	0.01158	0.08882	0.01460	0.01216	0.01643	0.01747	0.07415	0.09066	0.00761	0.00650	0.00188	0.03621	0.03751	0.00323	0.00708
2	0.01534	0.01157	0.01662	0.13743	0.25253	0.02356	0.02355	0.10520	0.06462	0.14284	0.06785	0.02016	0.05404	0.00691	0.00576	0.00175	0.00584	0.01747	0.00437	0.02257
3	0.01334	0.08046	0.17766	0.13887	0.02005	0.10454	0.04344	0.01649	0.01269	0.10282	0.02955	0.17053	0.01595	0.00856	0.00580	0.00185	0.00662	0.04016	0.00377	0.00685
4	0.00954	0.00589	0.00801	0.00879	0.00987	0.00555	0.00668	0.01116	0.01213	0.09767	0.04950	0.47795	0.03370	0.01569	0.00718	0.00230	0.00398	0.22366	0.00543	0.00531
5	0.13764	0.01037	0.01264	0.00998	0.01401	0.01005	0.00822	0.12354	0.01613	0.51430	0.01852	0.01718	0.01225	0.00910	0.05818	0.00223	0.00562	0.00524	0.00603	0.00878
6	0.01417	0.63757	0.10611	0.09510	0.01813	0.02024	0.01145	0.01668	0.01146	0.01384	0.00830	0.00998	0.00724	0.00496	0.00401	0.00134	0.00642	0.00335	0.00241	0.00723
7	0.00723	0.00541	0.00672	0.00706	0.00813	0.00490	0.00504	0.00896	0.01322	0.01770	0.31807	0.33728	0.21068	0.01451	0.00685	0.00200	0.00294	0.01282	0.00560	0.00490
8	0.00811	0.00583	0.00750	0.00819	0.00899	0.00564	0.00579	0.05894	0.01268	0.01710	0.13490	0.60273	0.03739	0.01591	0.00703	0.00218	0.00347	0.04718	0.00539	0.00505
9	0.02336	0.01261	0.01494	0.01145	0.01588	0.01278	0.00946	0.38141	0.02119	0.40986	0.01793	0.01638	0.01179	0.00686	0.00564	0.00172	0.00548	0.00537	0.00631	0.00957
10	0.01081	0.00642	0.00820	0.00737	0.00933	0.00574	0.00566	0.01318	0.01545	0.15389	0.51666	0.03998	0.16302	0.01115	0.00647	0.00179	0.00306	0.00966	0.00617	0.00597
11	0.00710	0.00508	0.00678	0.00791	0.00840	0.00476	0.00546	0.00835	0.01144	0.01537	0.10784	0.67561	0.03860	0.01686	0.00716	0.00225	0.00331	0.05768	0.00532	0.00468
12	0.02416	0.01132	0.01414	0.01084	0.01524	0.01086	0.00896	0.23070	0.01903	0.56362	0.01975	0.01756	0.01270	0.00691	0.00565	0.00173	0.00518	0.00549	0.00659	0.00958
13	0.00890	0.00639	0.00885	0.01009	0.01138	0.00634	0.00874	0.01139	0.01288	0.01669	0.03099	0.08620	0.06376	0.01556	0.00771	0.00255	0.00502	0.67624	0.00519	0.00514
14	0.01400	0.01209	0.01273	0.01145	0.01463	0.01400	0.00891	0.02990	0.75695	0.02354	0.02291	0.02100	0.01718	0.00764	0.00573	0.00191	0.00445	0.00636	0.00573	0.00891
15	0.00903	0.00658	0.00891	0.01005	0.01132	0.00664	0.00849	0.01217	0.05675	0.01687	0.02957	0.17002	0.03220	0.01539	0.00756	0.00251	0.00485	0.58055	0.00522	0.00531
16	0.29021	0.01095	0.01191	0.00941	0.01357	0.01095	0.00775	0.12780	0.01502	0.34086	0.01496	0.01427	0.01015	0.00607	0.00479	0.00164	0.00479	0.00448	0.00525	0.09519
17	0.06091	0.04743	0.13018	0.02065	0.29408	0.01237	0.06364	0.01951	0.05927	0.14233	0.01292	0.01433	0.00968	0.00545	0.00531	0.00164	0.00628	0.00484	0.00367	0.08549
18	0.01086	0.01809	0.35313	0.03030	0.01815	0.01031	0.01321	0.01537	0.03028	0.01780	0.04982	0.01795	0.08935	0.00646	0.00577	0.00154	0.04016	0.00510	0.00324	0.26311

[dist]
# distance from previous block
# <min> <max>
0	96

[block]
# block no. 3 follows, 42 sequences, length 25
# corresponding to MSA columns:
# 667-691
name=unknown_D
#
# <colnr> <probs for GDERKNQSTAVLIFYWHMCP>
#	G	D	E	R	K	N	Q	S	T	A	V	L	I	F	Y	W	H	M	C	P
0	0.52787	0.01304	0.09240	0.06766	0.01508	0.01276	0.00892	0.10839	0.01253	0.02473	0.06215	0.01274	0.01006	0.00590	0.00434	0.00175	0.00513	0.00407	0.00375	0.00673
1	0.01765	0.06872	0.01603	0.03212	0.01618	0.01456	0.03315	0.44038	0.05729	0.06454	0.04990	0.09541	0.01480	0.00784	0.00566	0.00172	0.00558	0.00638	0.02532	0.02681
2	0.00978	0.00489	0.00733	0.00733	0.00733	0.00489	0.00489	0.00733	0.00733	0.00978	0.00978	0.01711	0.00978	0.01955	0.02199	0.83627	0.00489	0.00489	0.00244	0.00244
3	0.84197	0.01088	0.00827	0.00740	0.01088	0.01262	0.00609	0.01654	0.00958	0.02525	0.00784	0.00914	0.00609	0.00522	0.00348	0.00174	0.00435	0.00305	0.00348	0.00609
4	0.01397	0.01294	0.01717	0.01444	0.01526	0.01728	0.01202	0.14792	0.01188	0.01755	0.00851	0.01253	0.00779	0.00928	0.01612	0.00232	0.64823	0.00495	0.00304	0.00678
5	0.01129	0.02911	0.77306	0.01604	0.02436	0.01307	0.02079	0.01782	0.01188	0.01782	0.01010	0.01188	0.00713	0.00535	0.00535	0.00178	0.00832	0.00416	0.00238	0.00832
6	0.00814	0.00563	0.00704	0.00704	0.00735	0.00595	0.00454	0.00876	0.00845	0.01158	0.01691	0.03226	0.01848	0.56622	0.26194	0.00657	0.00844	0.00751	0.00329	0.00391
7	0.00772	0.00561	0.00727	0.00714	0.00833	0.00516	0.00525	0.01004	0.01493	0.02087	0.61005	0.16832	0.08292	0.01265	0.00673	0.00186	0.00277	0.01122	0.00599	0.00516
8	0.07303	0.01007	0.01623	0.73005	0.03667	0.01251	0.01491	0.01454	0.01113	0.01519	0.00984	0.01456	0.00740	0.00560	0.00547	0.00187	0.00727	0.00485	0.00257	0.00624
9	0.02056	0.01420	0.01544	0.01203	0.01621	0.01549	0.00988	0.58286	0.06811	0.10598	0.01527	0.01504	0.01080	0.00681	0.00552	0.00168	0.00570	0.00521	0.06399	0.00923
10	0.00688	0.00494	0.00654	0.00776	0.00816	0.00459	0.00520	0.00792	0.01096	0.01460	0.05092	0.76044	0.05545	0.01739	0.00716	0.00226	0.00324	0.01574	0.00525	0.00459
11	0.08447	0.01141	0.01358	0.01067	0.01487	0.01138	0.00875	0.19864	0.09500	0.46218	0.01913	0.01725	0.01264	0.00685	0.00550	0.00175	0.00506	0.00540	0.00626	0.00924
12	0.75208	0.01030	0.00804	0.00726	0.01037	0.01185	0.00581	0.01564	0.00943	0.02370	0.00890	0.01213	0.00764	0.09115	0.00620	0.00214	0.00447	0.00360	0.00347	0.00581
13	0.01230	0.02620	0.61496	0.01689	0.02457	0.01355	0.12166	0.07056	0.01313	0.01912	0.01053	0.01246	0.00750	0.00536	0.00555	0.00179	0.00833	0.00457	0.00268	0.00831
14	0.00724	0.00570	0.00653	0.00638	0.00798	0.00499	0.00476	0.00919	0.01412	0.01842	0.36778	0.07459	0.42595	0.01316	0.00666	0.00186	0.00278	0.01127	0.00565	0.00499
15	0.77503	0.01128	0.00897	0.00785	0.01142	0.01302	0.00647	0.07625	0.01095	0.02608	0.00830	0.00950	0.00638	0.00535	0.00366	0.00174	0.00450	0.00321	0.00366	0.00638
16	0.01272	0.01752	0.29780	0.01477	0.02013	0.01127	0.17753	0.06819	0.01459	0.08108	0.20391	0.02101	0.01989	0.00701	0.00601	0.00180	0.00670	0.00643	0.00405	0.00758
17	0.01184	0.08203	0.63989	0.01758	0.10374	0.01375	0.01963	0.01769	0.01195	0.01756	0.00999	0.01190	0.00733	0.00527	0.00525	0.00173	0.00798	0.00417	0.00242	0.00830
18	0.00830	0.00582	0.00858	0.00858	0.00937	0.00661	0.00646	0.00952	0.00874	0.01243	0.01452	0.02250	0.01394	0.09603	0.61553	0.12664	0.01290	0.00603	0.00296	0.00454
19	0.16562	0.04693	0.01323	0.01115	0.01424	0.30251	0.00870	0.07728	0.12771	0.04072	0.07203	0.01759	0.06567	0.00707	0.00512	0.00165	0.00655	0.00516	0.00415	0.00694
20	0.01967	0.01385	0.09944	0.01792	0.19231	0.02902	0.08065	0.06468	0.01522	0.38442	0.01637	0.01625	0.01112	0.00609	0.00568	0.00173	0.00625	0.00536	0.00494	0.00903
21	0.01020	0.00954	0.01567	0.70428	0.03540	0.01167	0.01440	0.01370	0.01142	0.01447	0.01507	0.01923	0.08915	0.00656	0.00574	0.00188	0.00700	0.00574	0.00279	0.00609
22	0.00933	0.00779	0.01165	0.03040	0.01280	0.00754	0.11151	0.01278	0.06997	0.03620	0.28109	0.14290	0.18886	0.01148	0.00686	0.00193	0.01973	0.02620	0.00517	0.00582
23	0.01046	0.01151	0.11821	0.01011	0.01312	0.00974	0.00888	0.01849	0.31463	0.01907	0.05031	0.17065	0.17425	0.01088	0.00623	0.00198	0.00443	0.03505	0.00505	0.00695
24	0.15790	0.17970	0.08198	0.01037	0.01491	0.03193	0.00951	0.05774	0.06670	0.31387	0.01502	0.01435	0.01047	0.00609	0.00483	0.00163	0.00546	0.00451	0.00477	0.00827

[dist]
# distance from previous block
# <min> <max>
3	39

[block]
# block no. 4 follows, 42 sequences, length 19
# corresponding to MSA columns:
# 731-749
name=unknown_E
#
# <colnr> <probs for GDERKNQSTAVLIFYWHMCP>
#	G	D	E	R	K	N	Q	S	T	A	V	L	I	F	Y	W	H	M	C	P
0	0.00920	0.02072	0.00811	0.00733	0.00887	0.00673	0.00530	0.01260	0.10049	0.01841	0.26954	0.09716	0.07547	0.18156	0.01083	0.00251	0.00370	0.00877	0.08637	0.06633
1	0.01612	0.21734	0.10212	0.06151	0.07655	0.03176	0.01182	0.12361	0.02451	0.11937	0.01153	0.01283	0.00884	0.00601	0.00621	0.00159	0.08337	0.00434	0.00365	0.07692
2	0.01503	0.59563	0.15504	0.01105	0.01643	0.02023	0.01164	0.08886	0.01299	0.01620	0.00877	0.00995	0.00744	0.00510	0.00411	0.00135	0.00643	0.00341	0.00272	0.00764
3	0.00866	0.00539	0.00714	0.00797	0.00875	0.00494	0.00549	0.00977	0.01137	0.08870	0.03110	0.69484	0.06149	0.01646	0.00701	0.00222	0.00340	0.01483	0.00540	0.00507
4	0.00840	0.00651	0.00833	0.04627	0.01111	0.00667	0.00688	0.01169	0.09799	0.01585	0.03100	0.33622	0.13650	0.03445	0.07169	0.00286	0.00495	0.15240	0.00492	0.00531
5	0.08213	0.08034	0.16358	0.01295	0.06525	0.01170	0.05414	0.06555	0.03627	0.12267	0.10242	0.01670	0.01435	0.00616	0.00517	0.00156	0.00567	0.00509	0.00408	0.14422
6	0.00752	0.00555	0.00706	0.00804	0.00887	0.00527	0.00588	0.00924	0.03089	0.01509	0.03405	0.48081	0.14842	0.04944	0.00809	0.00241	0.00371	0.15973	0.00515	0.00479
7	0.00794	0.00572	0.00733	0.00694	0.00816	0.00531	0.00509	0.01030	0.01506	0.02117	0.66704	0.04193	0.07386	0.08925	0.00880	0.00214	0.00294	0.01004	0.00589	0.00510
8	0.01446	0.56519	0.11324	0.01165	0.03970	0.03314	0.01123	0.01822	0.08471	0.01497	0.00965	0.01085	0.00825	0.00539	0.00473	0.00141	0.03930	0.00363	0.00275	0.00751
9	0.01320	0.08025	0.24598	0.01091	0.01532	0.01031	0.01128	0.01707	0.03314	0.16726	0.21690	0.02487	0.08396	0.00823	0.00622	0.00176	0.03473	0.00669	0.00463	0.00731
10	0.00710	0.00583	0.00632	0.00652	0.00830	0.00506	0.00510	0.00876	0.01296	0.01575	0.07903	0.05524	0.61767	0.01436	0.00684	0.00201	0.00323	0.12983	0.00525	0.00484
11	0.00859	0.00591	0.00762	0.00710	0.00860	0.00539	0.00536	0.01114	0.01571	0.05346	0.68104	0.04197	0.10374	0.01152	0.00660	0.00178	0.00276	0.01011	0.00616	0.00545
12	0.01127	0.01182	0.09965	0.00933	0.01417	0.00817	0.00828	0.01473	0.04765	0.01814	0.01270	0.08942	0.01146	0.00579	0.00468	0.00114	0.00457	0.00482	0.00352	0.61867
13	0.00815	0.00560	0.00686	0.00686	0.00711	0.00585	0.00431	0.00865	0.00840	0.01144	0.01707	0.03318	0.01888	0.61401	0.21469	0.00634	0.00784	0.00765	0.00331	0.00381
14	0.01197	0.01165	0.01639	0.01398	0.01500	0.04457	0.07760	0.04412	0.01033	0.01487	0.01129	0.07951	0.01116	0.01506	0.14065	0.00341	0.46322	0.00614	0.00297	0.00613
15	0.00746	0.00549	0.00709	0.00802	0.00893	0.00513	0.00600	0.00905	0.01211	0.01585	0.10154	0.42859	0.15875	0.01601	0.00719	0.00225	0.00360	0.18682	0.00530	0.00482
16	0.01593	0.07148	0.02197	0.15707	0.06066	0.01454	0.22136	0.17443	0.09078	0.09495	0.01350	0.01526	0.00989	0.00586	0.00578	0.00177	0.00707	0.00554	0.00403	0.00813
17	0.01265	0.01288	0.02039	0.01847	0.10445	0.01632	0.12788	0.01468	0.00984	0.01481	0.00838	0.01295	0.00774	0.00849	0.01512	0.00228	0.57820	0.00520	0.00256	0.00670
18	0.08879	0.02322	0.01593	0.01520	0.07194	0.57106	0.01093	0.10591	0.01641	0.01759	0.00932	0.01073	0.00755	0.00580	0.00504	0.00152	0.00895	0.00385	0.00326	0.00702

[dist]
# distance from previous block
# <min> <max>
0	2

[block]
# block no. 5 follows, 42 sequences, length 19
# corresponding to MSA columns:
# 752-770
name=unknown_F
#
# <colnr> <probs for GDERKNQSTAVLIFYWHMCP>
#	G	D	E	R	K	N	Q	S	T	A	V	L	I	F	Y	W	H	M	C	P
0	0.12709	0.01082	0.01313	0.01020	0.01447	0.01042	0.00842	0.15221	0.01710	0.54870	0.01888	0.01691	0.01218	0.00671	0.00538	0.00173	0.00498	0.00523	0.00629	0.00914
1	0.07099	0.02524	0.63398	0.01451	0.02162	0.01230	0.01804	0.01679	0.01136	0.01773	0.01061	0.01353	0.00813	0.04692	0.05291	0.00240	0.00830	0.00439	0.00255	0.00772
2	0.01799	0.01048	0.01251	0.00955	0.01385	0.00944	0.00777	0.16438	0.01638	0.29740	0.02077	0.01984	0.10074	0.00691	0.00530	0.00146	0.00464	0.00555	0.00535	0.26969
3	0.01382	0.02557	0.63520	0.01495	0.02254	0.01220	0.01852	0.01956	0.01265	0.15445	0.01229	0.01320	0.00836	0.00564	0.00540	0.00177	0.00768	0.00443	0.00321	0.00855
4	0.02525	0.00958	0.01306	0.01001	0.01437	0.00827	0.00827	0.02743	0.01611	0.77102	0.02220	0.01915	0.01393	0.00697	0.00566	0.00174	0.00479	0.00566	0.00697	0.00958
5	0.00745	0.00573	0.00681	0.00654	0.00809	0.00509	0.00490	0.00962	0.01471	0.01967	0.48590	0.04681	0.33316	0.01259	0.00664	0.00182	0.00273	0.01085	0.00581	0.00509
6	0.01505	0.80561	0.02949	0.00963	0.01444	0.02227	0.00963	0.01685	0.01143	0.01324	0.00782	0.00903	0.00722	0.00481	0.00361	0.00120	0.00602	0.00301	0.00241	0.00722
7	0.00687	0.00517	0.00637	0.00731	0.00811	0.00468	0.00507	0.00802	0.01143	0.01468	0.03836	0.56420	0.24376	0.01661	0.00705	0.00219	0.00321	0.03705	0.00522	0.00464
8	0.00686	0.00490	0.00653	0.00784	0.00816	0.00457	0.00522	0.00784	0.01077	0.01437	0.03102	0.79855	0.03722	0.01763	0.00718	0.00229	0.00326	0.01600	0.00522	0.00457
9	0.00730	0.00558	0.00627	0.00640	0.00789	0.00493	0.00474	0.00904	0.01311	0.01711	0.19986	0.15897	0.43233	0.01364	0.00656	0.00191	0.00292	0.03124	0.06530	0.00489
10	0.01129	0.02911	0.77306	0.01604	0.02436	0.01307	0.02079	0.01782	0.01188	0.01782	0.01010	0.01188	0.00713	0.00535	0.00535	0.00178	0.00832	0.00416	0.00238	0.00832
11	0.00919	0.00704	0.00858	0.00797	0.00967	0.00708	0.00604	0.01454	0.16661	0.02277	0.61343	0.03776	0.04580	0.01072	0.00645	0.00180	0.00302	0.00940	0.00610	0.00604
12	0.11890	0.01465	0.02637	0.04447	0.02507	0.04956	0.50105	0.05942	0.01382	0.07402	0.01167	0.01438	0.00859	0.00516	0.00601	0.00183	0.00829	0.00584	0.00337	0.00756
13	0.11731	0.01271	0.05565	0.23727	0.09055	0.01255	0.22802	0.04287	0.01267	0.07277	0.01237	0.05811	0.00993	0.00606	0.00573	0.00185	0.00718	0.00586	0.00333	0.00722
14	0.00696	0.00514	0.00652	0.00739	0.00810	0.00469	0.00508	0.00822	0.01176	0.01553	0.12730	0.58166	0.15840	0.01631	0.00703	0.00216	0.00312	0.01459	0.00535	0.00469
15	0.12014	0.15067	0.07028	0.01347	0.10186	0.03940	0.01056	0.19026	0.03874	0.06485	0.01131	0.01227	0.00869	0.00552	0.00474	0.00148	0.00580	0.00414	0.00387	0.14195
16	0.01484	0.01431	0.02013	0.13905	0.40075	0.09261	0.05086	0.10919	0.03440	0.01932	0.01128	0.01452	0.00916	0.02227	0.02166	0.00192	0.00732	0.00508	0.00321	0.00810
17	0.00685	0.00494	0.00649	0.00772	0.00813	0.00458	0.00517	0.00785	0.01088	0.01441	0.03241	0.75864	0.07624	0.01745	0.00715	0.00226	0.00324	0.01578	0.00522	0.00458
18	0.00997	0.00975	0.10462	0.01000	0.02902	0.00764	0.00817	0.10490	0.01353	0.03833	0.06470	0.46652	0.08338	0.01356	0.00661	0.00206	0.00433	0.01198	0.00496	0.00597

[dist]
# distance from previous block
# <min> <max>
1	14

[block]
# block no. 6 follows, 42 sequences, length 26
# corresponding to MSA columns:
# 785-810
name=unknown_G
#
# <colnr> <probs for GDERKNQSTAVLIFYWHMCP>
#	G	D	E	R	K	N	Q	S	T	A	V	L	I	F	Y	W	H	M	C	P
0	0.01114	0.00787	0.01000	0.01074	0.10069	0.00745	0.00716	0.01487	0.09923	0.11713	0.22737	0.03780	0.30491	0.01072	0.00628	0.00182	0.00370	0.00917	0.00547	0.00650
1	0.01606	0.51740	0.02470	0.01201	0.05842	0.06747	0.01020	0.11421	0.09908	0.01765	0.01051	0.01134	0.00877	0.00546	0.00432	0.00139	0.00616	0.00382	0.00326	0.00778
2	0.02808	0.16482	0.25386	0.01365	0.06918	0.11288	0.03201	0.01629	0.01336	0.01768	0.18740	0.01932	0.03497	0.00691	0.00534	0.00163	0.00652	0.00556	0.00347	0.00708
3	0.01635	0.12624	0.10684	0.04123	0.26975	0.06466	0.01391	0.20162	0.04627	0.04327	0.01157	0.01313	0.00897	0.00569	0.00527	0.00163	0.00676	0.00463	0.00364	0.00857
4	0.02039	0.11451	0.01762	0.01374	0.01707	0.59345	0.01071	0.11659	0.01680	0.01654	0.00923	0.01046	0.00755	0.00581	0.00498	0.00145	0.00916	0.00374	0.00320	0.00700
5	0.00796	0.00589	0.00823	0.00816	0.00916	0.00641	0.00614	0.00981	0.01036	0.01458	0.14690	0.02926	0.06841	0.12403	0.51074	0.00693	0.01105	0.00736	0.00375	0.00487
6	0.01533	0.26569	0.05254	0.04678	0.06390	0.13317	0.28161	0.01850	0.01306	0.04378	0.01012	0.01244	0.00806	0.00508	0.00527	0.00159	0.00805	0.00476	0.00284	0.00743
7	0.01063	0.01000	0.01688	0.78870	0.03876	0.01250	0.01563	0.01438	0.01125	0.01438	0.01000	0.01500	0.00750	0.00563	0.00563	0.00188	0.00750	0.00500	0.00250	0.00625
8	0.00756	0.00564	0.00703	0.00689	0.00821	0.00511	0.00509	0.00976	0.01467	0.02007	0.53078	0.13536	0.19748	0.01281	0.00671	0.00186	0.00277	0.01123	0.00588	0.00511
9	0.01324	0.00742	0.00802	0.00732	0.00947	0.00769	0.00567	0.01892	0.18711	0.11949	0.01993	0.02075	0.01501	0.00686	0.00458	0.00151	0.00333	0.00556	0.53146	0.00667
10	0.00836	0.11001	0.01071	0.09744	0.01248	0.00779	0.00699	0.00976	0.01092	0.01422	0.02558	0.60581	0.02990	0.01458	0.00654	0.00210	0.00411	0.01304	0.00454	0.00511
11	0.00804	0.00603	0.00904	0.00904	0.01005	0.00703	0.00703	0.01005	0.00904	0.01306	0.01507	0.02211	0.01407	0.04221	0.77992	0.00904	0.01507	0.00603	0.00301	0.00502
12	0.00700	0.00501	0.00666	0.00774	0.00819	0.00467	0.00524	0.00820	0.01145	0.01544	0.12672	0.69979	0.03929	0.01683	0.00711	0.00222	0.00319	0.01524	0.00535	0.00467
13	0.00731	0.00563	0.00675	0.00729	0.00845	0.00517	0.00529	0.00926	0.03656	0.01619	0.13531	0.36807	0.28852	0.01520	0.00692	0.00209	0.00321	0.06247	0.00536	0.00491
14	0.01562	0.01176	0.01914	0.22140	0.40775	0.01215	0.01482	0.03301	0.01338	0.17647	0.01294	0.01530	0.00962	0.00562	0.00561	0.00174	0.00648	0.00515	0.00365	0.00839
15	0.01243	0.00921	0.00978	0.00910	0.01144	0.01024	0.00703	0.05118	0.39555	0.02228	0.02177	0.07635	0.01784	0.00820	0.00528	0.00175	0.00384	0.03112	0.28835	0.00725
16	0.06469	0.01204	0.01425	0.01102	0.01536	0.01210	0.00909	0.29833	0.03934	0.43668	0.01822	0.01657	0.01198	0.00682	0.00554	0.00173	0.00529	0.00532	0.00625	0.00938
17	0.03907	0.48130	0.07652	0.01120	0.01586	0.11838	0.02679	0.04447	0.05052	0.07420	0.01025	0.01106	0.00832	0.00537	0.00432	0.00140	0.00658	0.00370	0.00314	0.00753
18	0.00810	0.00579	0.00783	0.00783	0.00841	0.00637	0.00552	0.00927	0.00868	0.01216	0.01619	0.02828	0.01675	0.36081	0.46498	0.00754	0.01104	0.00693	0.00318	0.00435
19	0.00884	0.00950	0.10839	0.01017	0.01231	0.00752	0.00941	0.01143	0.01224	0.01612	0.03135	0.13540	0.17732	0.01379	0.00791	0.00230	0.05976	0.35610	0.00464	0.00550
20	0.01996	0.19855	0.01798	0.01084	0.01519	0.01511	0.00931	0.32182	0.01907	0.23633	0.01766	0.01689	0.06292	0.00688	0.00524	0.00160	0.00552	0.00523	0.00522	0.00869
21	0.11040	0.65914	0.02592	0.00940	0.01403	0.02019	0.00913	0.01755	0.01155	0.06746	0.00883	0.00975	0.00756	0.00501	0.00374	0.00130	0.00574	0.00320	0.00285	0.00726
22	0.01271	0.01179	0.09860	0.00936	0.01434	0.00802	0.00835	0.01554	0.01210	0.09689	0.01276	0.06735	0.01080	0.00553	0.00467	0.00114	0.00464	0.00456	0.00374	0.59712
23	0.01255	0.41137	0.30391	0.01151	0.01725	0.01655	0.01310	0.01607	0.01178	0.01521	0.01509	0.01598	0.10609	0.00625	0.00466	0.00151	0.00646	0.00460	0.00276	0.00731
24	0.01568	0.61898	0.02610	0.10321	0.01735	0.01949	0.01019	0.01776	0.01195	0.10010	0.00973	0.01090	0.00802	0.00516	0.00409	0.00135	0.00606	0.00355	0.00294	0.00738
25	0.00917	0.00694	0.00925	0.11040	0.01335	0.00726	0.00731	0.09777	0.01283	0.01712	0.04944	0.54993	0.02972	0.01543	0.03412	0.00238	0.00457	0.01271	0.00487	0.00543

[dist]
# distance from previous block
# <min> <max>
0	1

[block]
# block no. 7 follows, 42 sequences, length 29
# corresponding to MSA columns:
# 812-840
name=unknown_H
#
# <colnr> <probs for GDERKNQSTAVLIFYWHMCP>
#	G	D	E	R	K	N	Q	S	T	A	V	L	I	F	Y	W	H	M	C	P
0	0.01521	0.02225	0.39430	0.01388	0.01978	0.10205	0.01503	0.11266	0.10541	0.08639	0.01338	0.01406	0.00961	0.00605	0.00536	0.00172	0.00721	0.00466	0.04268	0.00830
1	0.00892	0.00585	0.00774	0.00857	0.00968	0.00557	0.00670	0.01077	0.01230	0.05603	0.06248	0.35162	0.08063	0.01512	0.00707	0.00227	0.00398	0.28337	0.05618	0.00515
2	0.00734	0.00543	0.00748	0.07431	0.01077	0.00537	0.00614	0.00856	0.01073	0.01424	0.02834	0.65639	0.03345	0.06643	0.00844	0.00246	0.00384	0.04077	0.00488	0.00466
3	0.11158	0.03673	0.20170	0.04161	0.02000	0.15372	0.12692	0.02069	0.16812	0.01912	0.03773	0.01472	0.01091	0.00600	0.00537	0.00175	0.00729	0.00498	0.00351	0.00754
4	0.01432	0.01040	0.01157	0.01015	0.01310	0.01132	0.00795	0.07446	0.42959	0.11068	0.15959	0.02528	0.04869	0.00840	0.00584	0.00183	0.00416	0.00704	0.03755	0.00809
5	0.02525	0.00958	0.01306	0.01001	0.01437	0.00827	0.00827	0.02743	0.01611	0.77102	0.02220	0.01915	0.01393	0.00697	0.00566	0.00174	0.00479	0.00566	0.00697	0.00958
6	0.08180	0.00847	0.05895	0.01046	0.05679	0.00826	0.00783	0.01123	0.00935	0.01435	0.01454	0.04181	0.01433	0.19740	0.40563	0.00631	0.03788	0.00626	0.00312	0.00525
7	0.06549	0.01609	0.20683	0.09392	0.13346	0.01261	0.06471	0.09584	0.03965	0.11215	0.01327	0.03872	0.01013	0.00629	0.00593	0.00179	0.03443	0.00527	0.03541	0.00801
8	0.00697	0.00528	0.00647	0.00730	0.00821	0.00477	0.00517	0.00826	0.01175	0.01510	0.06807	0.49210	0.26369	0.01621	0.00703	0.00216	0.00323	0.05827	0.00526	0.00469
9	0.00810	0.00579	0.00781	0.00781	0.00839	0.00637	0.00550	0.00926	0.00868	0.01215	0.01620	0.02835	0.01678	0.36433	0.46150	0.00752	0.01100	0.00694	0.00318	0.00434
10	0.00974	0.01191	0.13894	0.24750	0.06418	0.00976	0.07647	0.01308	0.01194	0.01612	0.07233	0.21584	0.06996	0.00949	0.00620	0.00195	0.00604	0.00861	0.00366	0.00627
11	0.05680	0.01114	0.01770	0.36990	0.22929	0.01235	0.03803	0.05966	0.01290	0.06267	0.01249	0.04365	0.01030	0.00634	0.00567	0.00184	0.00671	0.03199	0.00329	0.00731
12	0.01196	0.01479	0.17547	0.07173	0.02232	0.01139	0.28352	0.01596	0.01277	0.06373	0.09071	0.11206	0.01699	0.00780	0.00689	0.00194	0.04401	0.02528	0.00364	0.00705
13	0.38316	0.03152	0.24965	0.04173	0.12477	0.02894	0.01292	0.01702	0.01096	0.02083	0.00902	0.01098	0.00695	0.00536	0.00484	0.00175	0.02561	0.00380	0.00295	0.00723
14	0.01327	0.05572	0.07097	0.12094	0.12142	0.01379	0.27015	0.10467	0.01382	0.01880	0.01238	0.06526	0.01049	0.00797	0.04281	0.00218	0.03848	0.00619	0.00322	0.00748
15	0.00892	0.00716	0.01039	0.00990	0.01069	0.00862	0.02046	0.01065	0.00930	0.01363	0.01551	0.09994	0.01546	0.07226	0.47081	0.00646	0.15561	0.00693	0.04215	0.00516
16	0.01339	0.00967	0.01019	0.00846	0.01138	0.05773	0.00642	0.07734	0.03652	0.10978	0.04532	0.04851	0.08074	0.14250	0.00912	0.00210	0.00468	0.00629	0.08580	0.23407
17	0.01544	0.57248	0.07755	0.01043	0.01504	0.05901	0.01031	0.01766	0.01224	0.07843	0.01118	0.01492	0.00999	0.00603	0.00435	0.00142	0.00622	0.06695	0.00306	0.00728
18	0.09653	0.01009	0.01289	0.00997	0.01426	0.00925	0.00824	0.07322	0.01621	0.65801	0.02038	0.01791	0.01296	0.00680	0.00547	0.00174	0.00484	0.00539	0.00657	0.00927
19	0.00697	0.00498	0.00663	0.00776	0.00819	0.00464	0.00523	0.00811	0.01128	0.01517	0.10295	0.72433	0.03878	0.01703	0.00713	0.00223	0.00321	0.01543	0.00532	0.00464
20	0.08127	0.00983	0.01563	0.67715	0.03473	0.01212	0.01434	0.01431	0.01115	0.01538	0.01099	0.03584	0.00894	0.00622	0.00555	0.00190	0.00705	0.02868	0.00274	0.00616
21	0.00839	0.00588	0.00747	0.00700	0.00851	0.00534	0.00528	0.01086	0.01552	0.04752	0.64440	0.04286	0.14639	0.01171	0.00661	0.00179	0.00275	0.01025	0.00609	0.00538
22	0.02336	0.00923	0.01248	0.00986	0.01383	0.00809	0.00802	0.02577	0.03422	0.68600	0.02299	0.08746	0.01605	0.00792	0.00579	0.00179	0.00465	0.00658	0.00678	0.00912
23	0.00695	0.00508	0.00656	0.00770	0.00828	0.00469	0.00531	0.00807	0.01115	0.01460	0.03423	0.66596	0.12866	0.01710	0.00715	0.00225	0.00331	0.05311	0.00522	0.00463
24	0.01166	0.01125	0.01854	0.42440	0.22553	0.03401	0.06830	0.01515	0.01234	0.01640	0.07679	0.03640	0.01267	0.00622	0.00580	0.00181	0.00698	0.00581	0.00300	0.00693
25	0.00868	0.00672	0.00921	0.12742	0.01414	0.00690	0.00802	0.03596	0.01286	0.01681	0.10733	0.25286	0.13057	0.01370	0.00694	0.00219	0.00446	0.22503	0.00491	0.00528
26	0.34910	0.23112	0.08292	0.01039	0.01451	0.14119	0.00951	0.05102	0.01207	0.01959	0.00842	0.00981	0.00688	0.00542	0.00447	0.00157	0.02875	0.00337	0.00307	0.00683
27	0.06769	0.23267	0.01845	0.11638	0.01801	0.23598	0.01017	0.08295	0.01388	0.06509	0.00998	0.01193	0.00807	0.00684	0.00622	0.07461	0.00714	0.00398	0.00321	0.00676
28	0.06841	0.18852	0.18875	0.01228	0.01716	0.08165	0.03738	0.08913	0.08800	0.04552	0.01297	0.03492	0.01078	0.00644	0.00505	0.00163	0.00650	0.04274	0.00360	0.05856

[dist]
# distance from previous block
# <min> <max>
2	20

[block]
# block no. 8 follows, 42 sequences, length 6
# corresponding to MSA columns:
# 861-866
name=unknown_I
#
# <colnr> <probs for GDERKNQSTAVLIFYWHMCP>
#	G	D	E	R	K	N	Q	S	T	A	V	L	I	F	Y	W	H	M	C	P
0	0.00882	0.00586	0.00680	0.00655	0.00823	0.00522	0.00491	0.01083	0.01382	0.06824	0.28734	0.09673	0.32773	0.01211	0.00628	0.00180	0.00291	0.01035	0.11016	0.00531
1	0.01807	0.01248	0.01494	0.01464	0.13045	0.05948	0.01013	0.07644	0.20576	0.25022	0.01720	0.01676	0.01239	0.00655	0.00595	0.00168	0.03531	0.00528	0.00508	0.10119
2	0.05024	0.15005	0.25911	0.01561	0.07083	0.01386	0.13503	0.01913	0.06226	0.10655	0.05446	0.01512	0.01150	0.00582	0.00534	0.00170	0.00685	0.00505	0.00351	0.00798
3	0.00893	0.00564	0.00737	0.00770	0.00879	0.00514	0.00547	0.01049	0.01279	0.09053	0.22257	0.47101	0.09261	0.01475	0.00685	0.00207	0.00322	0.01317	0.00565	0.00527
4	0.00805	0.00552	0.00678	0.00732	0.00764	0.00545	0.00489	0.00876	0.00967	0.01281	0.02302	0.21475	0.02651	0.47577	0.01984	0.00420	0.00491	0.14595	0.00416	0.00401
5	0.01586	0.08762	0.21851	0.01738	0.11123	0.06465	0.13484	0.09348	0.03682	0.12463	0.01305	0.03437	0.00988	0.00595	0.00555	0.00172	0.00727	0.00521	0.00369	0.00828

[dist]
# distance from previous block
# <min> <max>
3	16

[block]
# block no. 9 follows, 42 sequences, length 15
# corresponding to MSA columns:
# 883-897
name=unknown_J
#
# <colnr> <probs for GDERKNQSTAVLIFYWHMCP>
#	G	D	E	R	K	N	Q	S	T	A	V	L	I	F	Y	W	H	M	C	P
0	0.15134	0.15858	0.10595	0.01321	0.11136	0.02917	0.01052	0.03131	0.08074	0.05060	0.08488	0.01650	0.01369	0.00623	0.00485	0.00157	0.00545	0.02286	0.00373	0.09747
1	0.06494	0.00866	0.01060	0.01119	0.07450	0.02560	0.00778	0.03178	0.12024	0.12774	0.14225	0.25199	0.02760	0.01119	0.00626	0.00197	0.00426	0.05941	0.00534	0.00669
2	0.01053	0.07591	0.03393	0.01127	0.01390	0.00981	0.11016	0.01562	0.14070	0.01943	0.24951	0.09843	0.03048	0.01046	0.00646	0.00196	0.00487	0.14522	0.00496	0.00639
3	0.01165	0.01049	0.01672	0.37727	0.25340	0.01179	0.01392	0.01605	0.07685	0.01689	0.01343	0.07124	0.01141	0.00654	0.00560	0.00180	0.00632	0.00592	0.06561	0.00710
4	0.01332	0.01378	0.03837	0.15171	0.36283	0.08689	0.06082	0.01743	0.07047	0.01715	0.01292	0.08008	0.01142	0.00660	0.00614	0.00180	0.03143	0.00598	0.00317	0.00769
5	0.01328	0.01518	0.03321	0.02372	0.02941	0.01423	0.74668	0.01803	0.01328	0.01803	0.01139	0.01518	0.00854	0.00474	0.00664	0.00190	0.00949	0.00664	0.00285	0.00759
6	0.00833	0.00603	0.00818	0.00937	0.01048	0.00587	0.00774	0.01044	0.01242	0.01611	0.03237	0.23924	0.09498	0.01594	0.00754	0.00246	0.00453	0.49777	0.00520	0.00500
7	0.31300	0.00983	0.01051	0.00860	0.01223	0.00998	0.00705	0.06719	0.01384	0.35473	0.01601	0.01550	0.01094	0.00628	0.00464	0.00168	0.00442	0.00464	0.12121	0.00773
8	0.00940	0.00592	0.00771	0.00771	0.00869	0.00601	0.00552	0.01071	0.01020	0.07698	0.02233	0.16383	0.06686	0.23890	0.26112	0.00521	0.00777	0.02606	0.05420	0.00488
9	0.00736	0.00564	0.00684	0.00737	0.00865	0.00512	0.00560	0.00907	0.01275	0.01637	0.14846	0.25433	0.32414	0.01501	0.00701	0.00212	0.00338	0.15054	0.00536	0.00487
10	0.00725	0.00518	0.00695	0.00811	0.00865	0.00489	0.00575	0.00858	0.01150	0.01538	0.09186	0.63692	0.03789	0.01684	0.00722	0.00228	0.00347	0.11126	0.00530	0.00471
11	0.65600	0.01059	0.00936	0.00800	0.01168	0.01163	0.00659	0.01902	0.01106	0.19507	0.01111	0.01142	0.00788	0.00562	0.00398	0.00174	0.00445	0.00364	0.00428	0.00689
12	0.01157	0.01060	0.01721	0.69188	0.07760	0.01290	0.01537	0.06661	0.01242	0.01610	0.01028	0.01484	0.00773	0.00567	0.00562	0.00185	0.00736	0.00501	0.00274	0.00663
13	0.01480	0.01469	0.06785	0.01722	0.02058	0.01554	0.25320	0.13882	0.01374	0.06090	0.01071	0.01381	0.00848	0.00723	0.01094	0.00207	0.31305	0.00551	0.00336	0.00752
14	0.04423	0.01080	0.01750	0.55977	0.14791	0.01314	0.01516	0.01482	0.01115	0.01534	0.00973	0.01432	0.00765	0.00596	0.00688	0.00190	0.08958	0.00492	0.00258	0.00665

[dist]
# distance from previous block
# <min> <max>
0	1

[block]
# block no. 10 follows, 42 sequences, length 7
# corresponding to MSA columns:
# 899-905
name=unknown_K
#
# <colnr> <probs for GDERKNQSTAVLIFYWHMCP>
#	G	D	E	R	K	N	Q	S	T	A	V	L	I	F	Y	W	H	M	C	P
0	0.01180	0.00829	0.01049	0.00895	0.01095	0.00841	0.05016	0.15215	0.01464	0.05300	0.16960	0.03007	0.07929	0.21735	0.07083	0.00324	0.00552	0.00763	0.08176	0.00588
1	0.01574	0.01597	0.01272	0.01211	0.05806	0.31208	0.00845	0.11235	0.01473	0.01750	0.03757	0.01900	0.01289	0.18594	0.01039	0.00236	0.00703	0.00527	0.07996	0.05988
