[name]
unknown

[dist]
# distance from previous block
# <min> <max>
0	155

[block]
# block no. 0 follows, 47 sequences, length 48
# corresponding to MSA columns:
# 231-278
name=unknown_A
#
# <colnr> <probs for GDERKNQSTAVLIFYWHMCP>
#	G	D	E	R	K	N	Q	S	T	A	V	L	I	F	Y	W	H	M	C	P
0	0.01040	0.00962	0.01391	0.12322	0.08893	0.01210	0.01076	0.01283	0.04946	0.01388	0.01314	0.09835	0.01334	0.04238	0.01191	0.00222	0.37376	0.09101	0.00305	0.00573
1	0.01232	0.03716	0.54763	0.05588	0.02100	0.01222	0.01619	0.12190	0.01323	0.05912	0.04698	0.01299	0.00928	0.00548	0.00504	0.00163	0.00692	0.00432	0.00302	0.00767
2	0.00757	0.00505	0.00568	0.00568	0.00568	0.00505	0.00316	0.00757	0.00757	0.01010	0.01641	0.03408	0.01893	0.81698	0.02651	0.00505	0.00505	0.00757	0.00316	0.00316
3	0.01233	0.01436	0.06921	0.02380	0.19533	0.01293	0.55900	0.01652	0.01213	0.01675	0.01031	0.01363	0.00791	0.00448	0.00586	0.00170	0.00815	0.00569	0.00260	0.00733
4	0.02287	0.00897	0.01207	0.00933	0.01331	0.00791	0.00768	0.02549	0.05098	0.75174	0.02058	0.01781	0.01303	0.00647	0.00524	0.00162	0.00442	0.00527	0.00639	0.00883
5	0.01045	0.02694	0.79000	0.01484	0.02254	0.01209	0.01924	0.01649	0.01099	0.01649	0.00935	0.01099	0.00660	0.00495	0.00495	0.00165	0.00770	0.00385	0.00220	0.00770
6	0.01295	0.01119	0.01178	0.01060	0.01354	0.01295	0.00824	0.02767	0.77509	0.02178	0.02120	0.01943	0.01590	0.00707	0.00530	0.00177	0.00412	0.00589	0.00530	0.00824
7	0.01195	0.00982	0.01595	0.59797	0.12551	0.01147	0.01379	0.04564	0.01161	0.09101	0.01057	0.01408	0.00777	0.00530	0.00520	0.00169	0.00655	0.00469	0.00287	0.00652
8	0.01375	0.01429	0.04240	0.02062	0.08156	0.01367	0.54795	0.16219	0.01460	0.01983	0.01084	0.01360	0.00809	0.00478	0.00587	0.00170	0.00797	0.00570	0.00312	0.00748
9	0.00634	0.00453	0.00604	0.00725	0.00755	0.00423	0.00483	0.00725	0.00997	0.01329	0.02870	0.81358	0.03444	0.01632	0.00665	0.00211	0.00302	0.01480	0.00483	0.00423
10	0.00634	0.00453	0.00604	0.00725	0.00755	0.00423	0.00483	0.00725	0.00997	0.01329	0.02870	0.81358	0.03444	0.01632	0.00665	0.00211	0.00302	0.01480	0.00483	0.00423
11	0.01414	0.66606	0.09873	0.00992	0.01451	0.09631	0.01001	0.01619	0.01103	0.01270	0.00752	0.00871	0.00668	0.00459	0.00363	0.00119	0.00615	0.00294	0.00227	0.00672
12	0.00615	0.00528	0.00528	0.00528	0.00703	0.00440	0.00396	0.00747	0.01187	0.01407	0.05276	0.05012	0.78238	0.01319	0.00615	0.00176	0.00264	0.01099	0.00484	0.00440
13	0.00737	0.00532	0.00696	0.00655	0.00778	0.00491	0.00491	0.00983	0.01474	0.02088	0.78175	0.03890	0.04914	0.01065	0.00614	0.00164	0.00246	0.00942	0.00573	0.00491
14	0.01386	0.01118	0.01192	0.01046	0.01353	0.01268	0.00821	0.09974	0.63528	0.05894	0.02153	0.01986	0.04486	0.00719	0.00532	0.00174	0.00424	0.00594	0.00533	0.00818
15	0.01496	0.01733	0.01542	0.01356	0.01474	0.36071	0.01081	0.01618	0.01097	0.01263	0.00737	0.01051	0.00678	0.00746	0.01161	0.00186	0.45477	0.00403	0.00246	0.00585
16	0.02032	0.01375	0.01511	0.01159	0.01573	0.01491	0.00957	0.65874	0.02309	0.14319	0.01368	0.01327	0.00945	0.00628	0.00521	0.00157	0.00554	0.00477	0.00539	0.00886
17	0.00626	0.00505	0.00558	0.00594	0.00722	0.00436	0.00427	0.00750	0.01139	0.01409	0.07366	0.28571	0.52265	0.01406	0.00631	0.00186	0.00275	0.01211	0.00487	0.00436
18	0.00744	0.00558	0.00837	0.00837	0.00930	0.00651	0.00651	0.00930	0.00837	0.01209	0.01395	0.02046	0.01302	0.03906	0.79635	0.00837	0.01395	0.00558	0.00279	0.00465
19	0.01295	0.01119	0.01178	0.01060	0.01354	0.01295	0.00824	0.02767	0.77509	0.02178	0.02120	0.01943	0.01590	0.00707	0.00530	0.00177	0.00412	0.00589	0.00530	0.00824
20	0.01317	0.59344	0.16965	0.01019	0.01511	0.01827	0.01080	0.01691	0.08351	0.01396	0.00897	0.00991	0.00754	0.00480	0.00383	0.00128	0.00583	0.00328	0.00251	0.00702
21	0.01280	0.01203	0.02004	0.14380	0.63490	0.01245	0.01544	0.05489	0.01231	0.01730	0.00986	0.01301	0.00809	0.00481	0.00517	0.00158	0.00627	0.00464	0.00268	0.00792
22	0.01117	0.08106	0.60537	0.01496	0.02174	0.01310	0.08900	0.03689	0.01132	0.01647	0.00928	0.01116	0.00680	0.00509	0.00553	0.00165	0.04555	0.00405	0.00233	0.00750
23	0.00712	0.00529	0.00663	0.00634	0.00764	0.00480	0.00474	0.00932	0.01408	0.01942	0.62719	0.06226	0.18338	0.01127	0.00616	0.00167	0.00251	0.00985	0.00554	0.00480
24	0.00757	0.00508	0.00582	0.00582	0.00587	0.00513	0.00333	0.00766	0.00761	0.01020	0.01628	0.03337	0.01862	0.77628	0.06679	0.00522	0.00551	0.00747	0.00314	0.00323
25	0.00654	0.00490	0.00607	0.00659	0.00748	0.00443	0.00463	0.00792	0.01157	0.01528	0.21251	0.44008	0.22463	0.01420	0.00640	0.00191	0.00279	0.01258	0.00505	0.00443
26	0.00983	0.00926	0.01562	0.80447	0.03587	0.01157	0.01446	0.01331	0.01041	0.01331	0.00926	0.01388	0.00694	0.00521	0.00521	0.00174	0.00694	0.00463	0.00231	0.00579
27	0.01045	0.02694	0.79000	0.01484	0.02254	0.01209	0.01924	0.01649	0.01099	0.01649	0.00935	0.01099	0.00660	0.00495	0.00495	0.00165	0.00770	0.00385	0.00220	0.00770
28	0.00634	0.00455	0.00603	0.00721	0.00754	0.00423	0.00481	0.00726	0.01001	0.01331	0.02925	0.79614	0.05153	0.01624	0.00664	0.00211	0.00301	0.01472	0.00483	0.00423
29	0.00645	0.00521	0.00573	0.00576	0.00725	0.00450	0.00426	0.00798	0.01233	0.01553	0.21485	0.12292	0.54316	0.01292	0.00620	0.00177	0.00263	0.01101	0.00504	0.00450
30	0.01980	0.01459	0.01563	0.01198	0.01615	0.01615	0.00990	0.76713	0.02448	0.03282	0.01250	0.01250	0.00886	0.00625	0.00521	0.00156	0.00573	0.00469	0.00521	0.00886
31	0.01945	0.02482	0.01476	0.01342	0.01610	0.79608	0.01006	0.02079	0.01476	0.01275	0.00805	0.00939	0.00671	0.00537	0.00470	0.00134	0.00939	0.00335	0.00268	0.00604
32	0.06528	0.00891	0.01139	0.00889	0.01262	0.00815	0.00731	0.07168	0.01483	0.62587	0.01899	0.01706	0.01229	0.00631	0.00498	0.00157	0.00430	0.00504	0.08619	0.00831
33	0.01994	0.01435	0.01548	0.01187	0.01603	0.01580	0.00981	0.73681	0.02409	0.06369	0.01283	0.01272	0.00902	0.00626	0.00521	0.00156	0.00568	0.00471	0.00526	0.00886
34	0.01392	0.82012	0.02729	0.00891	0.01337	0.02061	0.00891	0.01559	0.01058	0.01225	0.00724	0.00835	0.00668	0.00446	0.00334	0.00111	0.00557	0.00278	0.00223	0.00668
35	0.02278	0.00981	0.01267	0.00971	0.01377	0.00906	0.00802	0.14794	0.01649	0.66331	0.01922	0.01686	0.01222	0.00641	0.00523	0.00160	0.00465	0.00515	0.00624	0.00886
36	0.00657	0.00460	0.00608	0.00723	0.00761	0.00432	0.00491	0.00760	0.01009	0.01366	0.02813	0.74973	0.03332	0.01578	0.00653	0.00208	0.00306	0.04158	0.04283	0.00428
37	0.01134	0.02576	0.71621	0.01457	0.02193	0.01248	0.01835	0.08802	0.01228	0.01805	0.00965	0.01114	0.00681	0.00507	0.00497	0.00164	0.00751	0.00393	0.00249	0.00781
38	0.01289	0.01237	0.02114	0.03196	0.78450	0.01237	0.01598	0.01598	0.01186	0.01701	0.00980	0.01289	0.00825	0.00464	0.00516	0.00155	0.00619	0.00464	0.00258	0.00825
39	0.00664	0.00465	0.00599	0.00693	0.00730	0.00437	0.00460	0.00757	0.00999	0.01350	0.06138	0.65303	0.04524	0.10386	0.00870	0.00238	0.00319	0.01336	0.03315	0.00417
40	0.01007	0.00971	0.01706	0.72990	0.03504	0.01172	0.08604	0.01363	0.01059	0.01363	0.00938	0.01390	0.00703	0.00513	0.00530	0.00174	0.00712	0.00477	0.00234	0.00590
41	0.01135	0.01146	0.01715	0.01431	0.01486	0.01536	0.08564	0.01283	0.00841	0.01293	0.00744	0.01196	0.00715	0.00966	0.04238	0.00243	0.70180	0.00475	0.00233	0.00579
42	0.00808	0.00687	0.02485	0.01035	0.07690	0.00682	0.00733	0.00989	0.01139	0.01562	0.18597	0.30641	0.08062	0.01256	0.00758	0.00199	0.09213	0.12508	0.00449	0.00506
43	0.01212	0.01316	0.02686	0.06283	0.06544	0.01278	0.58839	0.01731	0.08485	0.01697	0.01202	0.01600	0.00938	0.00504	0.00600	0.00177	0.00797	0.03111	0.00294	0.00706
44	0.01663	0.00930	0.01128	0.00919	0.01228	0.00926	0.00738	0.18259	0.10048	0.30822	0.24814	0.02315	0.02326	0.00774	0.00551	0.00163	0.00409	0.00645	0.00584	0.00760
45	0.01491	0.01000	0.01140	0.00981	0.01281	0.01074	0.00777	0.08955	0.41420	0.18999	0.13344	0.02213	0.01984	0.00754	0.00544	0.00171	0.00410	0.02116	0.00560	0.00787
46	0.57789	0.01425	0.08377	0.00896	0.01256	0.14319	0.00788	0.03422	0.02744	0.03760	0.00830	0.00939	0.00637	0.00505	0.00377	0.00157	0.00533	0.00317	0.00320	0.00610
47	0.05316	0.07746	0.27908	0.01229	0.01749	0.01217	0.06296	0.12191	0.07076	0.19072	0.01411	0.01487	0.02301	0.00587	0.00502	0.00162	0.00603	0.01969	0.00396	0.00782

[dist]
# distance from previous block
# <min> <max>
3	23

[block]
# block no. 1 follows, 47 sequences, length 51
# corresponding to MSA columns:
# 302-323,333-361
name=unknown_B
#
# <colnr> <probs for GDERKNQSTAVLIFYWHMCP>
#	G	D	E	R	K	N	Q	S	T	A	V	L	I	F	Y	W	H	M	C	P
0	0.07297	0.04926	0.05701	0.01208	0.10736	0.03336	0.00905	0.05907	0.06807	0.22379	0.01311	0.01331	0.00953	0.00520	0.00458	0.00134	0.00488	0.00416	0.00410	0.24777
1	0.09748	0.18339	0.43006	0.07159	0.01985	0.01409	0.01459	0.08216	0.01184	0.01753	0.00898	0.01055	0.00674	0.00497	0.00449	0.00154	0.00666	0.00366	0.00258	0.00724
2	0.03793	0.04399	0.01001	0.07509	0.01224	0.00833	0.00690	0.12282	0.04881	0.07850	0.09231	0.32007	0.10040	0.01097	0.00579	0.00181	0.00397	0.00950	0.00474	0.00583
3	0.01174	0.01803	0.38101	0.01147	0.01750	0.01010	0.01270	0.07149	0.01206	0.04466	0.00993	0.01126	0.00745	0.00464	0.00452	0.00128	0.00584	0.00364	0.00294	0.35773
4	0.07169	0.00689	0.00807	0.00752	0.00958	0.00616	0.00549	0.04055	0.01068	0.01594	0.01986	0.44229	0.02225	0.03186	0.00595	0.00170	0.00353	0.00954	0.00412	0.27633
5	0.01196	0.01876	0.36489	0.10311	0.28187	0.01251	0.03049	0.07203	0.01221	0.01750	0.00971	0.01211	0.00739	0.00502	0.00527	0.00163	0.01893	0.00431	0.00257	0.00773
6	0.00648	0.00689	0.06392	0.00599	0.00819	0.00497	0.00510	0.00815	0.01180	0.01425	0.04951	0.04719	0.72441	0.01257	0.00606	0.00175	0.00302	0.01046	0.00464	0.00464
7	0.07334	0.06808	0.02137	0.15837	0.01607	0.06009	0.05041	0.03445	0.03661	0.01683	0.16112	0.06312	0.09730	0.00817	0.00587	0.00168	0.04325	0.03666	0.04158	0.00564
8	0.00631	0.00526	0.00550	0.00549	0.00714	0.00445	0.00410	0.00775	0.01215	0.01486	0.13961	0.07333	0.67018	0.01298	0.00617	0.00176	0.00263	0.01092	0.00494	0.00445
9	0.01357	0.11172	0.10100	0.01304	0.09683	0.03334	0.01034	0.07631	0.34869	0.05750	0.03787	0.01621	0.01287	0.00759	0.03868	0.00189	0.00555	0.00505	0.00418	0.00776
10	0.01074	0.00869	0.00950	0.00891	0.01114	0.00947	0.00677	0.01987	0.45494	0.04209	0.08102	0.16143	0.13411	0.00979	0.00571	0.00181	0.00361	0.00840	0.00522	0.00677
11	0.01451	0.66416	0.02462	0.00958	0.01371	0.11316	0.00900	0.01712	0.06822	0.01302	0.00838	0.00931	0.00737	0.00476	0.00365	0.00119	0.00592	0.00308	0.00251	0.00672
12	0.01243	0.02082	0.47907	0.01627	0.13419	0.01215	0.01600	0.09589	0.06259	0.05388	0.03955	0.01332	0.00954	0.00545	0.00509	0.00163	0.00669	0.00446	0.00310	0.00789
13	0.01256	0.09925	0.22503	0.01606	0.20907	0.03133	0.01254	0.02980	0.02352	0.09768	0.17377	0.01790	0.01684	0.00624	0.00512	0.00155	0.00560	0.00529	0.00360	0.00725
14	0.08012	0.04236	0.11142	0.03757	0.14488	0.12239	0.01104	0.04746	0.05209	0.27962	0.01353	0.01366	0.00953	0.00560	0.00490	0.00156	0.00595	0.00443	0.00412	0.00778
15	0.34056	0.01355	0.01316	0.06455	0.14289	0.14981	0.00954	0.11130	0.01269	0.05394	0.00917	0.01073	0.00711	0.00533	0.00478	0.00158	0.03554	0.00374	0.00332	0.00670
16	0.01269	0.01089	0.01229	0.01073	0.01368	0.01229	0.04195	0.06643	0.61993	0.02188	0.07799	0.02115	0.04003	0.00735	0.00542	0.00174	0.00425	0.00625	0.00519	0.00786
17	0.00651	0.00483	0.00609	0.00690	0.00762	0.00441	0.00483	0.00772	0.01093	0.01433	0.11103	0.54950	0.18257	0.01503	0.00652	0.00201	0.00297	0.04691	0.00493	0.00436
18	0.01329	0.01117	0.01187	0.01049	0.01345	0.01279	0.00821	0.09909	0.65611	0.02281	0.06576	0.01991	0.01719	0.00720	0.00534	0.00174	0.00418	0.00598	0.00532	0.00810
19	0.00617	0.00522	0.00534	0.00543	0.00708	0.00438	0.00403	0.00746	0.01172	0.01401	0.05082	0.11144	0.72230	0.01344	0.00619	0.00179	0.00267	0.01130	0.00484	0.00438
20	0.01287	0.01574	0.25961	0.08602	0.07508	0.01145	0.08013	0.07318	0.13417	0.09551	0.04905	0.01656	0.01183	0.00635	0.00571	0.02348	0.00617	0.02599	0.00365	0.00744
21	0.01392	0.82012	0.02729	0.00891	0.01337	0.02061	0.00891	0.01559	0.01058	0.01225	0.00724	0.00835	0.00668	0.00446	0.00334	0.00111	0.00557	0.00278	0.00223	0.00668
22	0.07774	0.01327	0.01233	0.01082	0.01393	0.11786	0.00847	0.11359	0.50720	0.04193	0.01735	0.01640	0.01299	0.00656	0.00505	0.00167	0.00502	0.00516	0.00481	0.00784
23	0.85377	0.01007	0.00765	0.00685	0.01007	0.01168	0.00564	0.01531	0.00886	0.02336	0.00725	0.00846	0.00564	0.00483	0.00322	0.00161	0.00403	0.00282	0.00322	0.00564
24	0.00670	0.00526	0.00606	0.00600	0.00744	0.00462	0.00448	0.00847	0.01291	0.01679	0.34434	0.09510	0.42450	0.01239	0.00620	0.00175	0.00263	0.02457	0.00520	0.00460
25	0.85377	0.01007	0.00765	0.00685	0.01007	0.01168	0.00564	0.01531	0.00886	0.02336	0.00725	0.00846	0.00564	0.00483	0.00322	0.00161	0.00403	0.00282	0.00322	0.00564
26	0.00833	0.00595	0.00832	0.00952	0.01069	0.00594	0.00829	0.01068	0.01193	0.01552	0.02761	0.08136	0.03010	0.01444	0.00718	0.00239	0.00474	0.72743	0.00480	0.00478
27	0.01500	0.01257	0.01340	0.04727	0.03522	0.04068	0.00926	0.23873	0.47958	0.02414	0.01742	0.01668	0.01296	0.00663	0.00524	0.00169	0.00494	0.00537	0.00498	0.00823
28	0.01259	0.01184	0.06162	0.29732	0.38181	0.01171	0.01460	0.03795	0.01187	0.07198	0.01043	0.01341	0.00804	0.00501	0.00514	0.00160	0.00633	0.00460	0.00284	0.02931
29	0.08311	0.21260	0.32772	0.01298	0.05028	0.01439	0.03907	0.07368	0.05822	0.05223	0.01014	0.01127	0.00767	0.00516	0.00474	0.00153	0.02099	0.00388	0.00293	0.00742
30	0.01102	0.15864	0.66336	0.01386	0.02102	0.01351	0.01753	0.01634	0.01093	0.01579	0.00900	0.01056	0.00661	0.00487	0.00468	0.00156	0.00734	0.00367	0.00220	0.00753
31	0.00683	0.00493	0.00657	0.00770	0.00830	0.00466	0.00564	0.00812	0.01056	0.01389	0.02977	0.58932	0.07502	0.01568	0.00675	0.00216	0.00343	0.19148	0.00482	0.00438
32	0.00912	0.00990	0.15574	0.00868	0.02911	0.00655	0.00796	0.01179	0.01271	0.08645	0.23844	0.06077	0.28873	0.01027	0.00588	0.00173	0.00390	0.04192	0.00467	0.00567
33	0.03812	0.09773	0.25278	0.01221	0.01697	0.02296	0.05678	0.20780	0.06104	0.04199	0.07006	0.03517	0.01299	0.00654	0.00514	0.00163	0.00601	0.04288	0.00379	0.00740
34	0.01918	0.02436	0.01480	0.01342	0.01602	0.76929	0.01011	0.02051	0.01452	0.01274	0.00801	0.00946	0.00671	0.00550	0.00512	0.00137	0.03679	0.00340	0.00267	0.00603
35	0.00633	0.00458	0.00600	0.00714	0.00752	0.00424	0.00478	0.00726	0.01008	0.01334	0.03011	0.76902	0.07810	0.01613	0.00662	0.00209	0.00300	0.01458	0.00483	0.00424
36	0.85377	0.01007	0.00765	0.00685	0.01007	0.01168	0.00564	0.01531	0.00886	0.02336	0.00725	0.00846	0.00564	0.00483	0.00322	0.00161	0.00403	0.00282	0.00322	0.00564
37	0.01272	0.01094	0.01157	0.01043	0.01330	0.01261	0.00810	0.02691	0.74272	0.02175	0.05357	0.02026	0.01731	0.00722	0.00533	0.00176	0.00405	0.00604	0.00532	0.00810
38	0.00615	0.00528	0.00528	0.00528	0.00703	0.00440	0.00396	0.00747	0.01187	0.01407	0.05276	0.05012	0.78238	0.01319	0.00615	0.00176	0.00264	0.01099	0.00484	0.00440
39	0.02336	0.00886	0.01209	0.00927	0.01329	0.00765	0.00765	0.02538	0.01491	0.78810	0.02055	0.01773	0.01289	0.00645	0.00524	0.00161	0.00443	0.00524	0.00645	0.00886
40	0.01008	0.00928	0.01516	0.63029	0.08628	0.01123	0.01348	0.03552	0.01083	0.01414	0.01108	0.08596	0.00958	0.00631	0.00567	0.00177	0.02923	0.00555	0.00265	0.00591
41	0.01980	0.01459	0.01563	0.01198	0.01615	0.01615	0.00990	0.76713	0.02448	0.03282	0.01250	0.01250	0.00886	0.00625	0.00521	0.00156	0.00573	0.00469	0.00521	0.00886
42	0.85377	0.01007	0.00765	0.00685	0.01007	0.01168	0.00564	0.01531	0.00886	0.02336	0.00725	0.00846	0.00564	0.00483	0.00322	0.00161	0.00403	0.00282	0.00322	0.00564
43	0.01980	0.01459	0.01563	0.01198	0.01615	0.01615	0.00990	0.76713	0.02448	0.03282	0.01250	0.01250	0.00886	0.00625	0.00521	0.00156	0.00573	0.00469	0.00521	0.00886
44	0.01319	0.01166	0.01966	0.14530	0.61724	0.01191	0.01515	0.01626	0.01186	0.07228	0.01049	0.01339	0.00839	0.00486	0.00517	0.00158	0.00617	0.00468	0.00282	0.00793
45	0.01821	0.07050	0.07404	0.08378	0.04073	0.04291	0.08974	0.06066	0.01403	0.40605	0.03651	0.01563	0.01130	0.00587	0.00517	0.00159	0.00572	0.00499	0.00469	0.00790
46	0.00757	0.00507	0.00580	0.00580	0.00584	0.00512	0.00331	0.00765	0.00761	0.01019	0.01630	0.03346	0.01866	0.78160	0.06152	0.00520	0.00545	0.00748	0.00314	0.00322
47	0.00824	0.00578	0.00808	0.00931	0.06467	0.00548	0.00639	0.01009	0.01214	0.05107	0.25893	0.35437	0.03536	0.01296	0.00641	0.00195	0.00344	0.13529	0.00501	0.00503
48	0.01404	0.06420	0.33818	0.01762	0.17992	0.10383	0.05222	0.07366	0.01298	0.07984	0.01038	0.01187	0.00771	0.00510	0.00498	0.00156	0.00710	0.00419	0.00293	0.00771
49	0.01312	0.04504	0.22433	0.01823	0.08250	0.04136	0.32798	0.07594	0.06330	0.04050	0.01111	0.01314	0.00825	0.00497	0.00545	0.00166	0.00753	0.00506	0.00299	0.00752
50	0.07269	0.00678	0.03598	0.00797	0.00948	0.00608	0.00617	0.01137	0.01097	0.13222	0.04824	0.47135	0.07443	0.01286	0.00643	0.00197	0.02940	0.04557	0.00481	0.00527

[dist]
# distance from previous block
# <min> <max>
0	15

[block]
# block no. 2 follows, 47 sequences, length 31
# corresponding to MSA columns:
# 377-407
name=unknown_C
#
# <colnr> <probs for GDERKNQSTAVLIFYWHMCP>
#	G	D	E	R	K	N	Q	S	T	A	V	L	I	F	Y	W	H	M	C	P
0	0.01760	0.14028	0.01326	0.00852	0.01200	0.00909	0.00710	0.01945	0.01326	0.45212	0.07535	0.07386	0.04275	0.03125	0.00567	0.00162	0.00429	0.00594	0.00523	0.06137
1	0.16036	0.02976	0.01051	0.00871	0.01150	0.00917	0.00693	0.14877	0.01412	0.25601	0.05127	0.21663	0.01816	0.00894	0.00528	0.00174	0.00419	0.02605	0.00509	0.00681
2	0.11702	0.01359	0.06055	0.09686	0.13706	0.06330	0.01095	0.21996	0.13265	0.07857	0.01256	0.01338	0.00928	0.00573	0.00493	0.00161	0.00573	0.00454	0.00402	0.00771
3	0.59009	0.09751	0.01124	0.00817	0.01161	0.07084	0.00683	0.09707	0.01133	0.04379	0.00825	0.00921	0.00638	0.00503	0.00361	0.00153	0.00478	0.00312	0.00338	0.00622
4	0.00629	0.00521	0.00552	0.00560	0.00716	0.00443	0.00414	0.00768	0.01196	0.01465	0.12081	0.12612	0.63598	0.01326	0.00620	0.00178	0.00266	0.01122	0.00492	0.00443
5	0.00615	0.00528	0.00528	0.00528	0.00703	0.00440	0.00396	0.00747	0.01187	0.01407	0.05276	0.05012	0.78238	0.01319	0.00615	0.00176	0.00264	0.01099	0.00484	0.00440
6	0.85377	0.01007	0.00765	0.00685	0.01007	0.01168	0.00564	0.01531	0.00886	0.02336	0.00725	0.00846	0.00564	0.00483	0.00322	0.00161	0.00403	0.00282	0.00322	0.00564
7	0.01252	0.01258	0.02284	0.05983	0.52018	0.01278	0.19435	0.01580	0.01163	0.01647	0.00975	0.01310	0.00802	0.00491	0.00622	0.00165	0.06214	0.00499	0.00256	0.00768
8	0.00757	0.00505	0.00568	0.00568	0.00568	0.00505	0.00316	0.00757	0.00757	0.01010	0.01641	0.03408	0.01893	0.81698	0.02651	0.00505	0.00505	0.00757	0.00316	0.00316
9	0.85377	0.01007	0.00765	0.00685	0.01007	0.01168	0.00564	0.01531	0.00886	0.02336	0.00725	0.00846	0.00564	0.00483	0.00322	0.00161	0.00403	0.00282	0.00322	0.00564
10	0.00737	0.00532	0.00696	0.00655	0.00778	0.00491	0.00491	0.00983	0.01474	0.02088	0.78175	0.03890	0.04914	0.01065	0.00614	0.00164	0.00246	0.00942	0.00573	0.00491
11	0.85377	0.01007	0.00765	0.00685	0.01007	0.01168	0.00564	0.01531	0.00886	0.02336	0.00725	0.00846	0.00564	0.00483	0.00322	0.00161	0.00403	0.00282	0.00322	0.00564
12	0.00757	0.00505	0.00568	0.00568	0.00568	0.00505	0.00316	0.00757	0.00757	0.01010	0.01641	0.03408	0.01893	0.81698	0.02651	0.00505	0.00505	0.00757	0.00316	0.00316
13	0.00744	0.00558	0.00837	0.00837	0.00930	0.00651	0.00651	0.00930	0.00837	0.01209	0.01395	0.02046	0.01302	0.03906	0.79635	0.00837	0.01395	0.00558	0.00279	0.00465
14	0.02017	0.01399	0.01526	0.01170	0.01585	0.01527	0.00966	0.69004	0.02349	0.11132	0.01334	0.01305	0.00928	0.00627	0.00521	0.00157	0.00560	0.00475	0.00534	0.00886
15	0.07046	0.00913	0.01187	0.00919	0.01310	0.00825	0.00758	0.06350	0.01506	0.68210	0.04135	0.01753	0.01331	0.00646	0.00515	0.00161	0.00442	0.00519	0.00617	0.00856
16	0.00757	0.00505	0.00568	0.00568	0.00568	0.00505	0.00316	0.00757	0.00757	0.01010	0.01641	0.03408	0.01893	0.81698	0.02651	0.00505	0.00505	0.00757	0.00316	0.00316
17	0.00839	0.00599	0.00839	0.00959	0.01079	0.00599	0.00839	0.01079	0.01199	0.01558	0.02757	0.05874	0.02997	0.01439	0.00719	0.00240	0.00480	0.74945	0.00480	0.00480
18	0.00732	0.00532	0.00689	0.00650	0.00775	0.00489	0.00487	0.00973	0.01462	0.02061	0.75201	0.03936	0.07905	0.01075	0.00614	0.00164	0.00246	0.00948	0.00570	0.00489
19	0.32520	0.00986	0.01082	0.00865	0.01240	0.00995	0.00714	0.09440	0.01365	0.43580	0.01492	0.01384	0.00986	0.00584	0.00450	0.00161	0.00441	0.00430	0.00515	0.00769
20	0.01344	0.56342	0.17202	0.01134	0.04751	0.01823	0.01132	0.05567	0.01136	0.01437	0.00802	0.00938	0.00685	0.00482	0.00430	0.00130	0.03401	0.00323	0.00240	0.00702
21	0.01301	0.01374	0.10234	0.04458	0.47224	0.01282	0.01454	0.10505	0.03556	0.01835	0.01079	0.04068	0.00912	0.00576	0.00626	0.00166	0.07774	0.00494	0.00298	0.00783
22	0.00726	0.00529	0.00682	0.00650	0.00773	0.00485	0.00485	0.00958	0.01437	0.02016	0.70672	0.07194	0.09234	0.01104	0.00616	0.00167	0.00249	0.00974	0.00564	0.00485
23	0.01153	0.09293	0.48593	0.01332	0.01934	0.01268	0.04734	0.01859	0.16235	0.03620	0.04178	0.01380	0.01030	0.00556	0.00498	0.00163	0.00656	0.00450	0.00307	0.00761
24	0.00737	0.00532	0.00696	0.00655	0.00778	0.00491	0.00491	0.00983	0.01474	0.02088	0.78175	0.03890	0.04914	0.01065	0.00614	0.00164	0.00246	0.00942	0.00573	0.00491
25	0.00921	0.00943	0.08567	0.14916	0.05753	0.00909	0.00928	0.01247	0.07762	0.01348	0.01426	0.02130	0.03369	0.20609	0.20900	0.00420	0.06440	0.00577	0.00297	0.00537
26	0.01945	0.01442	0.01544	0.01191	0.01602	0.01599	0.00982	0.73009	0.06209	0.03227	0.01294	0.01285	0.00921	0.00629	0.00521	0.00157	0.00565	0.00475	0.00521	0.00883
27	0.01172	0.01075	0.01882	0.30388	0.23071	0.01172	0.13826	0.01484	0.01127	0.05707	0.03358	0.04539	0.01008	0.00590	0.00642	0.00174	0.07283	0.00545	0.00286	0.00673
28	0.01929	0.01400	0.01514	0.01162	0.01577	0.01525	0.00957	0.68067	0.04113	0.06100	0.01285	0.01278	0.00912	0.00615	0.00514	0.00153	0.00554	0.00465	0.00515	0.05365
29	0.02112	0.00838	0.01146	0.00901	0.01262	0.00738	0.00738	0.02316	0.01444	0.67975	0.07425	0.01942	0.01548	0.00900	0.06011	0.00208	0.00495	0.00556	0.00614	0.00829
30	0.06749	0.00802	0.01040	0.09953	0.05551	0.00858	0.02514	0.08649	0.08383	0.01817	0.14654	0.22795	0.07145	0.03378	0.01998	0.00200	0.01644	0.00859	0.00437	0.00574

[dist]
# distance from previous block
# <min> <max>
2	12

[block]
# block no. 3 follows, 47 sequences, length 7
# corresponding to MSA columns:
# 420-426
name=unknown_D
#
# <colnr> <probs for GDERKNQSTAVLIFYWHMCP>
#	G	D	E	R	K	N	Q	S	T	A	V	L	I	F	Y	W	H	M	C	P
0	0.04024	0.11240	0.07366	0.01345	0.07687	0.06670	0.11056	0.09182	0.13064	0.07016	0.06880	0.01496	0.01220	0.00568	0.00493	0.00149	0.00574	0.00484	0.00376	0.09111
1	0.24829	0.01074	0.01089	0.03540	0.01296	0.03849	0.00737	0.18286	0.07299	0.12504	0.07201	0.01485	0.01218	0.00600	0.00451	0.00151	0.00452	0.00452	0.05423	0.08063
2	0.05522	0.01117	0.01383	0.03521	0.04776	0.04557	0.00986	0.09526	0.09062	0.06011	0.01187	0.06260	0.01051	0.01051	0.07109	0.00245	0.35120	0.00532	0.00341	0.00643
3	0.00827	0.00618	0.00792	0.06601	0.01054	0.00631	0.00609	0.01200	0.10670	0.01855	0.38473	0.18729	0.03529	0.01077	0.00593	0.00176	0.00322	0.04743	0.06976	0.00524
4	0.00905	0.00452	0.00678	0.00678	0.00678	0.00452	0.00452	0.00678	0.00678	0.00905	0.00905	0.01583	0.00905	0.01809	0.02035	0.84848	0.00452	0.00452	0.00226	0.00226
5	0.01493	0.01278	0.04611	0.14485	0.07542	0.01347	0.05802	0.34021	0.13425	0.02389	0.01370	0.01624	0.01055	0.00630	0.00531	0.00167	0.00584	0.04005	0.02864	0.00774
6	0.01980	0.01459	0.01563	0.01198	0.01615	0.01615	0.00990	0.76713	0.02448	0.03282	0.01250	0.01250	0.00886	0.00625	0.00521	0.00156	0.00573	0.00469	0.00521	0.00886

[dist]
# distance from previous block
# <min> <max>
0	1

[block]
# block no. 4 follows, 47 sequences, length 11
# corresponding to MSA columns:
# 428-438
name=unknown_E
#
# <colnr> <probs for GDERKNQSTAVLIFYWHMCP>
#	G	D	E	R	K	N	Q	S	T	A	V	L	I	F	Y	W	H	M	C	P
0	0.01444	0.52072	0.10437	0.01169	0.07369	0.04541	0.01050	0.04560	0.05329	0.06319	0.00948	0.01037	0.00777	0.00489	0.00399	0.00130	0.00583	0.00345	0.00281	0.00719
1	0.85377	0.01007	0.00765	0.00685	0.01007	0.01168	0.00564	0.01531	0.00886	0.02336	0.00725	0.00846	0.00564	0.00483	0.00322	0.00161	0.00403	0.00282	0.00322	0.00564
2	0.07601	0.01241	0.04631	0.01095	0.01469	0.01267	0.03426	0.33670	0.16446	0.12853	0.04556	0.01800	0.03684	0.00688	0.00524	0.00166	0.00506	0.03077	0.00503	0.00797
3	0.72201	0.06177	0.04566	0.00747	0.01101	0.01207	0.00658	0.01586	0.00936	0.05873	0.00798	0.00901	0.00610	0.00489	0.00341	0.00158	0.00432	0.00298	0.00327	0.00595
4	0.01589	0.09877	0.15494	0.01188	0.01640	0.01429	0.03509	0.36304	0.10371	0.06322	0.04305	0.03236	0.01135	0.00628	0.00508	0.00158	0.00573	0.00497	0.00436	0.00804
5	0.00750	0.00534	0.00717	0.00717	0.00769	0.00586	0.00502	0.00853	0.00802	0.01120	0.01504	0.02651	0.01565	0.38486	0.45414	0.00689	0.00999	0.00647	0.00295	0.00399
6	0.01242	0.02043	0.45205	0.01359	0.01932	0.01265	0.04530	0.17097	0.07457	0.02008	0.03570	0.01347	0.00953	0.00736	0.04472	0.00200	0.03042	0.00456	0.00323	0.00765
7	0.00667	0.00515	0.00608	0.00615	0.00742	0.00457	0.00450	0.00835	0.01263	0.01658	0.33280	0.19058	0.35421	0.01279	0.00624	0.00178	0.00264	0.01110	0.00519	0.00457
8	0.08414	0.01143	0.06195	0.07722	0.04048	0.01103	0.03872	0.12618	0.17259	0.22923	0.05122	0.01712	0.01302	0.03527	0.00590	0.00178	0.00509	0.00525	0.00474	0.00766
9	0.01266	0.10660	0.36291	0.04768	0.07653	0.02996	0.04334	0.01758	0.06487	0.08767	0.01102	0.01225	0.00814	0.00504	0.00478	0.00150	0.00645	0.00410	0.00296	0.09396
10	0.06953	0.04772	0.00974	0.00804	0.01028	0.00798	0.00626	0.08050	0.05987	0.17502	0.17270	0.22785	0.06544	0.00999	0.00557	0.00173	0.00366	0.00854	0.02339	0.00620

[dist]
# distance from previous block
# <min> <max>
2	11

[block]
# block no. 5 follows, 47 sequences, length 16
# corresponding to MSA columns:
# 450-465
name=unknown_F
#
# <colnr> <probs for GDERKNQSTAVLIFYWHMCP>
#	G	D	E	R	K	N	Q	S	T	A	V	L	I	F	Y	W	H	M	C	P
0	0.03776	0.01019	0.09680	0.01104	0.01398	0.00845	0.13928	0.02975	0.03995	0.09758	0.19601	0.11410	0.05339	0.03571	0.04473	0.00219	0.02550	0.03322	0.00430	0.00607
1	0.09461	0.16135	0.11508	0.02894	0.05649	0.01430	0.06510	0.15154	0.12957	0.03935	0.01141	0.01238	0.00876	0.00549	0.00511	0.00153	0.03698	0.00426	0.00352	0.05424
2	0.01033	0.01013	0.01474	0.67944	0.03199	0.07158	0.01326	0.01342	0.01073	0.01320	0.01148	0.01592	0.04454	0.03159	0.00589	0.00181	0.00686	0.00493	0.00249	0.00565
3	0.85377	0.01007	0.00765	0.00685	0.01007	0.01168	0.00564	0.01531	0.00886	0.02336	0.00725	0.00846	0.00564	0.00483	0.00322	0.00161	0.00403	0.00282	0.00322	0.00564
4	0.01574	0.01120	0.01200	0.00993	0.01310	0.01236	0.00797	0.33839	0.25841	0.06676	0.01660	0.01639	0.01222	0.00648	0.00492	0.00156	0.00447	0.00513	0.17852	0.00784
5	0.01338	0.01320	0.07698	0.10957	0.35760	0.01294	0.01345	0.12760	0.18411	0.01992	0.01264	0.01426	0.00977	0.00550	0.00519	0.00163	0.00586	0.00486	0.00351	0.00802
6	0.00650	0.00525	0.00578	0.00573	0.00727	0.00453	0.00427	0.00812	0.01257	0.01592	0.25390	0.08762	0.53898	0.01265	0.00618	0.00174	0.00261	0.01076	0.00508	0.00453
7	0.00861	0.00684	0.00925	0.01026	0.11102	0.00668	0.00667	0.01232	0.08994	0.02019	0.57484	0.03397	0.06971	0.00960	0.00593	0.00164	0.00312	0.00850	0.00524	0.00567
8	0.00653	0.00514	0.00595	0.00639	0.00763	0.00455	0.00475	0.00793	0.01154	0.01450	0.09570	0.27109	0.43397	0.01404	0.00641	0.00192	0.00296	0.08968	0.00490	0.00443
9	0.01122	0.03990	0.01598	0.01587	0.15575	0.01398	0.01112	0.01265	0.00876	0.01309	0.00865	0.01424	0.00857	0.09248	0.04464	0.00262	0.51727	0.00486	0.00244	0.00590
10	0.00660	0.00472	0.00633	0.00749	0.00792	0.00445	0.00523	0.00772	0.01034	0.01378	0.05183	0.70632	0.03440	0.01593	0.00669	0.00213	0.00320	0.09576	0.00486	0.00431
11	0.01240	0.01188	0.02026	0.15482	0.66544	0.01225	0.01574	0.01556	0.01163	0.01642	0.00971	0.01305	0.00804	0.00473	0.00516	0.00158	0.00631	0.00464	0.00254	0.00786
12	0.01199	0.26198	0.48108	0.01255	0.01893	0.01458	0.01498	0.05532	0.01157	0.01611	0.00888	0.01028	0.00680	0.00481	0.00442	0.00144	0.00676	0.00353	0.00241	0.05158
13	0.12605	0.25064	0.12316	0.01138	0.04009	0.05659	0.01039	0.23068	0.04531	0.04533	0.01013	0.01085	0.00777	0.00530	0.00434	0.00145	0.00583	0.00377	0.00350	0.00745
14	0.01116	0.00893	0.08871	0.00924	0.01175	0.00741	0.10051	0.01386	0.01099	0.10094	0.01577	0.05986	0.01305	0.04494	0.08242	0.00231	0.03128	0.00566	0.37546	0.00575
15	0.01182	0.01312	0.14611	0.04424	0.40284	0.01079	0.01347	0.06957	0.01171	0.01652	0.01128	0.07571	0.01015	0.00772	0.00748	0.12648	0.00593	0.00529	0.00283	0.00693

[dist]
# distance from previous block
# <min> <max>
0	1

[block]
# block no. 6 follows, 47 sequences, length 55
# corresponding to MSA columns:
# 467-521
name=unknown_G
#
# <colnr> <probs for GDERKNQSTAVLIFYWHMCP>
#	G	D	E	R	K	N	Q	S	T	A	V	L	I	F	Y	W	H	M	C	P
0	0.05810	0.26660	0.40794	0.01420	0.06656	0.01477	0.07250	0.01614	0.01090	0.01562	0.00871	0.01040	0.00677	0.00473	0.00447	0.00149	0.00683	0.00369	0.00232	0.00726
1	0.00784	0.00559	0.00733	0.00728	0.00788	0.00608	0.00510	0.03338	0.00865	0.01199	0.01576	0.06956	0.01658	0.36886	0.39829	0.00638	0.00928	0.00691	0.00314	0.00413
2	0.11997	0.00850	0.01008	0.00861	0.01141	0.00843	0.00685	0.10719	0.04962	0.31484	0.06223	0.14275	0.01759	0.00868	0.00575	0.02956	0.00412	0.03350	0.04338	0.00694
3	0.04092	0.19813	0.07183	0.05506	0.11879	0.03742	0.04821	0.06241	0.20655	0.03882	0.01434	0.03878	0.03492	0.00605	0.00482	0.00155	0.00554	0.00498	0.00358	0.00732
4	0.01289	0.03951	0.23021	0.04163	0.12800	0.01063	0.03108	0.03214	0.07338	0.10563	0.01165	0.01279	0.00870	0.00495	0.00474	0.00139	0.00567	0.00415	0.00331	0.23755
5	0.01637	0.08171	0.14753	0.01384	0.09666	0.04457	0.05778	0.13843	0.04112	0.22757	0.01443	0.01521	0.02795	0.03482	0.00601	0.00170	0.01751	0.00486	0.00412	0.00781
6	0.01125	0.01052	0.01681	0.44547	0.26980	0.01202	0.01405	0.01622	0.12095	0.01570	0.01115	0.01437	0.00865	0.00529	0.00520	0.00168	0.00630	0.00481	0.00283	0.00692
7	0.00686	0.00524	0.00629	0.00616	0.00750	0.00468	0.00457	0.00879	0.01334	0.01786	0.46293	0.10707	0.30580	0.01201	0.00619	0.00172	0.00257	0.01042	0.00534	0.00468
8	0.03911	0.02053	0.44339	0.08679	0.20704	0.03693	0.06117	0.01620	0.01128	0.01646	0.00941	0.01174	0.00707	0.00487	0.00503	0.00163	0.00726	0.00419	0.00237	0.00751
9	0.07238	0.08043	0.21324	0.07700	0.03639	0.01383	0.01213	0.30199	0.03900	0.06838	0.01170	0.03035	0.00875	0.00582	0.00489	0.00159	0.00603	0.00449	0.00384	0.00778
10	0.00665	0.00529	0.00596	0.00580	0.00734	0.00461	0.00435	0.00844	0.01304	0.01685	0.35053	0.04554	0.48288	0.01215	0.00615	0.00171	0.00256	0.01035	0.00520	0.00461
11	0.00636	0.00508	0.00570	0.00597	0.00727	0.00442	0.00431	0.00771	0.01172	0.01473	0.13908	0.25397	0.48794	0.01371	0.00629	0.00184	0.00272	0.01182	0.00495	0.00442
12	0.01229	0.01211	0.02035	0.17844	0.49136	0.03388	0.09198	0.01544	0.01150	0.01598	0.00970	0.01315	0.00794	0.00498	0.00579	0.00163	0.04420	0.00476	0.01712	0.00741
13	0.01173	0.01248	0.07347	0.27407	0.46024	0.01214	0.05025	0.01521	0.01136	0.01579	0.00963	0.01312	0.00771	0.00483	0.00520	0.00162	0.00665	0.00465	0.00247	0.00738
14	0.00765	0.00588	0.00876	0.00865	0.00953	0.00700	0.00676	0.00947	0.00835	0.01211	0.01358	0.01999	0.01270	0.03750	0.75571	0.00805	0.05533	0.00553	0.00276	0.00470
15	0.01980	0.01459	0.01563	0.01198	0.01615	0.01615	0.00990	0.76713	0.02448	0.03282	0.01250	0.01250	0.00886	0.00625	0.00521	0.00156	0.00573	0.00469	0.00521	0.00886
16	0.01948	0.02398	0.01483	0.01330	0.01610	0.73178	0.01005	0.08232	0.01556	0.01440	0.00842	0.00965	0.00689	0.00544	0.00474	0.00136	0.00909	0.00346	0.00289	0.00627
17	0.00757	0.00507	0.00581	0.00581	0.00585	0.00512	0.00331	0.00765	0.00761	0.01019	0.01629	0.03344	0.01866	0.78050	0.06261	0.00520	0.00547	0.00748	0.00314	0.00323
18	0.00729	0.00532	0.00684	0.00646	0.00773	0.00488	0.00485	0.00966	0.01454	0.02041	0.73090	0.03968	0.10029	0.01082	0.00614	0.00165	0.00247	0.00953	0.00567	0.00488
19	0.17227	0.01626	0.01327	0.03288	0.01509	0.28805	0.00893	0.22242	0.01622	0.15003	0.01124	0.01158	0.00814	0.00569	0.00467	0.00151	0.00652	0.00397	0.00409	0.00719
20	0.00824	0.00559	0.00672	0.00649	0.00670	0.00590	0.00407	0.00856	0.00804	0.03281	0.03500	0.03138	0.01836	0.66938	0.07851	0.00493	0.05524	0.00723	0.00323	0.00362
21	0.01080	0.00926	0.01080	0.00771	0.01234	0.00694	0.00617	0.01311	0.01080	0.01697	0.00926	0.01080	0.00771	0.00386	0.00386	0.00077	0.00386	0.00309	0.00309	0.84882
22	0.00625	0.00528	0.00541	0.00538	0.00709	0.00444	0.00403	0.00766	0.01210	0.01461	0.11058	0.04923	0.72422	0.01299	0.00615	0.00175	0.00262	0.01087	0.00491	0.00444
23	0.00880	0.00789	0.04884	0.06031	0.10655	0.00743	0.00815	0.02622	0.04938	0.01556	0.14119	0.16981	0.03966	0.07729	0.14167	0.02241	0.00605	0.05349	0.00391	0.00538
24	0.00664	0.00480	0.00628	0.00695	0.00759	0.00444	0.00481	0.00803	0.01148	0.01558	0.25304	0.54586	0.07620	0.01448	0.00647	0.00196	0.00283	0.01302	0.00510	0.00444
25	0.06180	0.19019	0.01701	0.01213	0.01521	0.59318	0.00959	0.01942	0.01358	0.01320	0.00784	0.00913	0.00665	0.00515	0.00434	0.00131	0.00831	0.00321	0.00262	0.00615
26	0.71740	0.08758	0.02411	0.00740	0.01083	0.01266	0.00636	0.02931	0.03300	0.02230	0.00781	0.00891	0.00613	0.00489	0.00337	0.00157	0.00428	0.00296	0.00321	0.00592
27	0.01243	0.12270	0.34098	0.03622	0.19019	0.07528	0.04246	0.01759	0.08322	0.01620	0.01023	0.01192	0.00791	0.00503	0.00485	0.00155	0.00691	0.00414	0.00263	0.00754
28	0.01084	0.01395	0.19932	0.18200	0.07468	0.01108	0.08718	0.01706	0.17127	0.02671	0.06775	0.05686	0.03093	0.00652	0.00539	0.00170	0.00597	0.00582	0.00345	0.02151
29	0.00955	0.00576	0.00754	0.00687	0.00844	0.00526	0.00523	0.01191	0.01450	0.12241	0.63345	0.05486	0.04263	0.01006	0.00594	0.00163	0.00273	0.00883	0.03697	0.00542
30	0.01945	0.02482	0.01476	0.01342	0.01610	0.79608	0.01006	0.02079	0.01476	0.01275	0.00805	0.00939	0.00671	0.00537	0.00470	0.00134	0.00939	0.00335	0.00268	0.00604
31	0.01242	0.01102	0.04760	0.01018	0.01315	0.01159	0.00827	0.02456	0.60525	0.04880	0.12748	0.02171	0.02002	0.00745	0.00540	0.00174	0.00407	0.00626	0.00526	0.00777
32	0.00788	0.00620	0.00873	0.00784	0.00943	0.00585	0.05815	0.01094	0.05212	0.01969	0.58705	0.07203	0.09592	0.01055	0.00615	0.00170	0.00307	0.02618	0.00537	0.00516
33	0.09865	0.05786	0.18291	0.04643	0.07489	0.03318	0.28474	0.07813	0.01228	0.01797	0.00955	0.01205	0.00731	0.00507	0.00591	0.00168	0.05684	0.00470	0.00276	0.00709
34	0.02336	0.00886	0.01209	0.00927	0.01329	0.00765	0.00765	0.02538	0.01491	0.78810	0.02055	0.01773	0.01289	0.00645	0.00524	0.00161	0.00443	0.00524	0.00645	0.00886
35	0.00650	0.00496	0.00597	0.00641	0.00742	0.00443	0.00454	0.00788	0.01166	0.01519	0.19881	0.38003	0.29939	0.01400	0.00637	0.00189	0.00277	0.01231	0.00503	0.00443
36	0.00905	0.00452	0.00678	0.00678	0.00678	0.00452	0.00452	0.00678	0.00678	0.00905	0.00905	0.01583	0.00905	0.01809	0.02035	0.84848	0.00452	0.00452	0.00226	0.00226
37	0.01703	0.00971	0.01158	0.00984	0.01307	0.01000	0.00788	0.04912	0.34794	0.34625	0.03775	0.04478	0.01642	0.00752	0.00543	0.00174	0.00427	0.04578	0.00575	0.00815
38	0.01209	0.03403	0.14178	0.10333	0.40625	0.01183	0.05251	0.01556	0.01157	0.04371	0.01161	0.01709	0.00997	0.00585	0.00568	0.00169	0.03041	0.07480	0.00282	0.00743
39	0.01436	0.36205	0.06058	0.00986	0.01410	0.01523	0.00921	0.19225	0.01418	0.04046	0.01136	0.01527	0.00991	0.00589	0.00439	0.00134	0.00536	0.08005	0.00344	0.13073
40	0.01163	0.01365	0.17727	0.01495	0.19235	0.00953	0.01129	0.02520	0.03587	0.04075	0.04294	0.01302	0.00979	0.00477	0.00459	0.00124	0.00519	0.00405	0.00309	0.37882
41	0.02730	0.05397	0.01703	0.08865	0.18396	0.10800	0.01159	0.30418	0.05276	0.02194	0.01072	0.01232	0.00832	0.00586	0.00597	0.00159	0.07005	0.00444	0.00367	0.00768
42	0.04386	0.18789	0.40400	0.01284	0.04220	0.01379	0.01401	0.10141	0.03169	0.04271	0.01087	0.05286	0.00878	0.00567	0.00469	0.00155	0.00641	0.00438	0.00295	0.00743
43	0.00711	0.00531	0.00660	0.00628	0.00762	0.00480	0.00471	0.00933	0.01413	0.01943	0.62640	0.04129	0.20539	0.01119	0.00614	0.00166	0.00250	0.00975	0.00554	0.00480
44	0.01450	0.13607	0.07367	0.04114	0.06974	0.01462	0.03185	0.19192	0.31778	0.03324	0.01469	0.01471	0.01108	0.00601	0.00497	0.00159	0.00535	0.00486	0.00423	0.00799
45	0.01303	0.41670	0.30975	0.06139	0.01820	0.01596	0.01302	0.01647	0.01103	0.06802	0.00908	0.01034	0.00710	0.00483	0.00419	0.00139	0.00637	0.00347	0.00252	0.00716
46	0.01206	0.17788	0.46316	0.01582	0.09571	0.01370	0.08683	0.01664	0.01128	0.04677	0.00954	0.01123	0.00715	0.00483	0.00478	0.00154	0.00710	0.00399	0.00245	0.00754
47	0.01192	0.03671	0.30118	0.01688	0.06358	0.01252	0.25696	0.01854	0.15085	0.03371	0.01269	0.01525	0.00970	0.00546	0.00545	0.00171	0.00710	0.02918	0.00310	0.00752
48	0.00796	0.00635	0.00937	0.00907	0.00988	0.00776	0.00716	0.00973	0.00832	0.01215	0.01301	0.01926	0.01220	0.03509	0.69303	0.00756	0.11915	0.00544	0.00272	0.00479
49	0.01450	0.08966	0.12950	0.01245	0.06868	0.06980	0.01042	0.17241	0.15647	0.08364	0.03624	0.10548	0.01378	0.00715	0.00516	0.00162	0.00550	0.00584	0.00421	0.00748
50	0.05752	0.12509	0.41811	0.01400	0.07210	0.04988	0.01460	0.08171	0.01260	0.09263	0.01029	0.01136	0.00748	0.00513	0.00470	0.00155	0.00672	0.00390	0.00298	0.00763
51	0.00757	0.00505	0.00568	0.00568	0.00568	0.00505	0.00316	0.00757	0.00757	0.01010	0.01641	0.03408	0.01893	0.81698	0.02651	0.00505	0.00505	0.00757	0.00316	0.00316
52	0.00745	0.00555	0.00823	0.00823	0.00911	0.00643	0.00633	0.00921	0.00833	0.01199	0.01408	0.02117	0.01333	0.07962	0.75620	0.00820	0.01348	0.00568	0.00281	0.00457
53	0.01197	0.01169	0.02037	0.22411	0.47415	0.01247	0.08895	0.01516	0.01130	0.01577	0.00955	0.01316	0.00780	0.00503	0.00600	0.00166	0.05621	0.00478	0.00250	0.00735
54	0.00876	0.00573	0.00710	0.00683	0.00744	0.00598	0.00455	0.03609	0.00877	0.05037	0.01579	0.02871	0.01663	0.53139	0.23851	0.00567	0.00751	0.00680	0.00329	0.00406

[dist]
# distance from previous block
# <min> <max>
0	1

[block]
# block no. 7 follows, 47 sequences, length 58
# corresponding to MSA columns:
# 523-580
name=unknown_H
#
# <colnr> <probs for GDERKNQSTAVLIFYWHMCP>
#	G	D	E	R	K	N	Q	S	T	A	V	L	I	F	Y	W	H	M	C	P
0	0.00693	0.00563	0.00601	0.00591	0.00744	0.00510	0.00432	0.00915	0.06248	0.01510	0.14913	0.06671	0.52531	0.09784	0.00827	0.00210	0.00298	0.01018	0.00481	0.00459
1	0.13678	0.01003	0.01242	0.01055	0.05834	0.00961	0.00810	0.12331	0.01499	0.49795	0.01645	0.01512	0.01082	0.00597	0.00488	0.00156	0.00463	0.00469	0.00544	0.04836
2	0.12815	0.02007	0.01625	0.01413	0.03222	0.50693	0.11443	0.01876	0.01305	0.01477	0.00823	0.01014	0.00677	0.00544	0.00568	0.00151	0.07083	0.00379	0.00271	0.00614
3	0.13142	0.00972	0.01267	0.00995	0.01379	0.02468	0.05785	0.02306	0.05003	0.56121	0.01810	0.01736	0.01211	0.00633	0.00508	0.00165	0.00476	0.02652	0.00559	0.00811
4	0.00774	0.00510	0.00649	0.00651	0.00686	0.00523	0.00429	0.00791	0.00814	0.01096	0.03832	0.02961	0.06182	0.42945	0.18078	0.15579	0.00656	0.02186	0.00312	0.00346
5	0.01431	0.76659	0.02651	0.00911	0.01355	0.02031	0.00898	0.06553	0.01151	0.01362	0.00759	0.00863	0.00683	0.00457	0.00347	0.00114	0.00558	0.00291	0.00243	0.00683
6	0.01312	0.13505	0.39651	0.01449	0.09016	0.01357	0.01457	0.08961	0.10405	0.06330	0.01146	0.01234	0.00846	0.00531	0.00482	0.00157	0.00644	0.00418	0.00314	0.00785
7	0.01080	0.00926	0.01080	0.00771	0.01234	0.00694	0.00617	0.01311	0.01080	0.01697	0.00926	0.01080	0.00771	0.00386	0.00386	0.00077	0.00386	0.00309	0.00309	0.84882
8	0.00996	0.00643	0.00829	0.00889	0.03533	0.00628	0.00643	0.01304	0.10124	0.11495	0.03679	0.39277	0.07131	0.01267	0.00621	0.00198	0.00366	0.12553	0.03268	0.00556
9	0.00931	0.06128	0.07403	0.00907	0.01081	0.00855	0.00774	0.03303	0.02508	0.03556	0.01490	0.05677	0.01455	0.13916	0.37372	0.00531	0.05746	0.05528	0.00317	0.00519
10	0.01041	0.00952	0.01462	0.47495	0.11526	0.01122	0.01244	0.01538	0.13059	0.01576	0.08385	0.01775	0.03080	0.00624	0.00567	0.00173	0.02888	0.00542	0.00319	0.00634
11	0.00667	0.00514	0.00724	0.00773	0.00850	0.00479	0.04101	0.00786	0.01034	0.01363	0.04254	0.62495	0.13258	0.01627	0.04226	0.00233	0.00373	0.01338	0.00465	0.00442
12	0.01087	0.01092	0.01435	0.01238	0.01291	0.04399	0.02446	0.01231	0.01932	0.01310	0.02488	0.01787	0.12814	0.00951	0.01439	0.00214	0.61448	0.00563	0.00279	0.00556
13	0.00756	0.00512	0.00602	0.00602	0.00614	0.00523	0.00358	0.00779	0.00767	0.01035	0.01610	0.03237	0.01819	0.71914	0.12333	0.00547	0.00617	0.00732	0.00311	0.00334
