[name]
unknown

[dist]
# distance from previous block
# <min> <max>
0	300

[block]
# block no. 0 follows, 49 sequences, length 52
# corresponding to MSA columns:
# 300-351
name=unknown_A
#
# <colnr> <probs for GDERKNQSTAVLIFYWHMCP>
#	G	D	E	R	K	N	Q	S	T	A	V	L	I	F	Y	W	H	M	C	P
0	0.07241	0.01361	0.07750	0.03060	0.01729	0.07703	0.17213	0.15031	0.07895	0.06984	0.01169	0.01348	0.00890	0.00523	0.00487	0.00145	0.00598	0.02179	0.00359	0.16334
1	0.09329	0.02364	0.01664	0.11843	0.13876	0.26428	0.10894	0.07719	0.02680	0.01652	0.00911	0.01120	0.00722	0.00490	0.00472	0.00144	0.00700	0.00404	0.00285	0.06303
2	0.03787	0.11602	0.32893	0.01259	0.01770	0.01199	0.12037	0.05234	0.07448	0.04703	0.07218	0.01609	0.05886	0.00586	0.00494	0.00156	0.00608	0.00499	0.00319	0.00694
3	0.00711	0.00568	0.00645	0.00628	0.00790	0.00518	0.00480	0.00966	0.06355	0.01619	0.25760	0.05421	0.40962	0.02877	0.00636	0.00177	0.00287	0.07002	0.00489	0.03113
4	0.01573	0.45118	0.02159	0.01095	0.01470	0.28600	0.04321	0.07741	0.01281	0.01384	0.00785	0.00902	0.00672	0.00476	0.00396	0.00122	0.00683	0.00319	0.00256	0.00646
5	0.00643	0.00480	0.00608	0.00683	0.00758	0.00430	0.00468	0.00745	0.00996	0.01324	0.02949	0.67009	0.12483	0.01466	0.00621	0.00192	0.00294	0.01316	0.00458	0.06076
6	0.11066	0.16430	0.01440	0.01126	0.08905	0.04012	0.00848	0.14723	0.10706	0.01980	0.12261	0.02090	0.01662	0.00708	0.00485	0.00157	0.00476	0.09869	0.00398	0.00658
7	0.02897	0.31689	0.02171	0.01492	0.14849	0.05359	0.11943	0.11503	0.06036	0.03902	0.02957	0.01190	0.00894	0.00499	0.00447	0.00138	0.00594	0.00416	0.00308	0.00713
8	0.00732	0.00562	0.00801	0.00989	0.08565	0.00551	0.00662	0.00884	0.01021	0.01364	0.02572	0.43616	0.07798	0.01669	0.09881	0.00274	0.00480	0.16689	0.00424	0.00467
9	0.01695	0.01266	0.01376	0.01066	0.01443	0.01361	0.00872	0.59918	0.04503	0.02885	0.08884	0.01472	0.01257	0.00629	0.00502	0.00145	0.00502	0.00489	0.00491	0.09244
10	0.00796	0.00499	0.00658	0.00715	0.00801	0.00458	0.00506	0.00917	0.01078	0.09104	0.10086	0.59000	0.07570	0.01412	0.00627	0.00195	0.00307	0.04313	0.00493	0.00465
11	0.01131	0.11247	0.50444	0.01353	0.02832	0.01200	0.08409	0.01593	0.01090	0.05038	0.00943	0.01095	0.00695	0.00464	0.00463	0.00145	0.00674	0.00381	0.00246	0.10558
12	0.01140	0.05008	0.08916	0.01889	0.02374	0.01239	0.60188	0.01543	0.01138	0.01555	0.01032	0.01377	0.00801	0.00764	0.08452	0.00230	0.00880	0.00559	0.00252	0.00663
13	0.09043	0.00493	0.00602	0.00700	0.00758	0.00482	0.00477	0.00781	0.00957	0.01388	0.02581	0.73879	0.03068	0.01474	0.00613	0.00201	0.00303	0.01322	0.00454	0.00424
14	0.01747	0.05605	0.10696	0.01315	0.01697	0.41513	0.08713	0.09085	0.01439	0.11982	0.01021	0.01108	0.00762	0.00525	0.00479	0.00142	0.00772	0.00393	0.00325	0.00680
15	0.04626	0.01460	0.01880	0.01462	0.01805	0.19674	0.29316	0.09536	0.06096	0.05767	0.01132	0.01456	0.00917	0.08605	0.00770	0.00192	0.03826	0.00508	0.00324	0.00648
16	0.00774	0.00550	0.00793	0.00788	0.00892	0.00516	0.05602	0.00902	0.01023	0.05842	0.05590	0.48015	0.10317	0.08270	0.05521	0.00256	0.00417	0.03036	0.00442	0.00454
17	0.01131	0.01056	0.01734	0.12137	0.47375	0.01101	0.04229	0.01531	0.08723	0.01598	0.01241	0.05937	0.01097	0.00779	0.05421	0.00202	0.00625	0.03077	0.00294	0.00713
18	0.10042	0.02081	0.02007	0.01723	0.12163	0.06522	0.31046	0.06552	0.16840	0.04127	0.01211	0.01365	0.00917	0.00510	0.00518	0.00162	0.00650	0.00507	0.00340	0.00717
19	0.01221	0.01242	0.02263	0.01684	0.02110	0.01237	0.47951	0.07127	0.20225	0.01835	0.01565	0.01716	0.06174	0.00560	0.00570	0.00169	0.00681	0.00612	0.00351	0.00707
20	0.00819	0.01003	0.15612	0.01027	0.01243	0.00745	0.07878	0.01047	0.01010	0.01394	0.04560	0.32918	0.02247	0.09891	0.00894	0.00228	0.06097	0.10513	0.00370	0.00506
21	0.04686	0.02037	0.49857	0.01491	0.02105	0.01128	0.18668	0.01605	0.01105	0.06400	0.01095	0.05584	0.00851	0.00537	0.00510	0.00165	0.00712	0.00486	0.00267	0.00713
22	0.08559	0.01549	0.10542	0.01576	0.09445	0.14299	0.22332	0.07673	0.02482	0.06946	0.01020	0.01188	0.00769	0.00481	0.00491	0.00148	0.00681	0.00438	0.00309	0.09074
23	0.01072	0.01917	0.41515	0.13512	0.08409	0.01197	0.22034	0.01557	0.01100	0.01565	0.00941	0.01203	0.00692	0.00467	0.00517	0.00163	0.00754	0.00451	0.00229	0.00706
24	0.00663	0.00502	0.00700	0.10020	0.01053	0.00499	0.00576	0.00793	0.01016	0.01353	0.08763	0.64067	0.05285	0.01406	0.00624	0.00196	0.00332	0.01270	0.00448	0.00434
25	0.01206	0.06519	0.13118	0.02019	0.11623	0.03300	0.48714	0.01649	0.03776	0.01602	0.01008	0.01283	0.00770	0.00448	0.00546	0.00162	0.00775	0.00521	0.00256	0.00705
26	0.04276	0.01432	0.09791	0.01627	0.02093	0.06039	0.40333	0.04040	0.09883	0.13421	0.01254	0.01397	0.00903	0.00503	0.00542	0.00164	0.00708	0.00527	0.00346	0.00723
27	0.00894	0.00537	0.00690	0.00711	0.00829	0.00495	0.00518	0.01016	0.01063	0.13293	0.02913	0.40348	0.16451	0.06926	0.05640	0.00250	0.00398	0.06077	0.00470	0.00482
28	0.03255	0.01006	0.01173	0.01172	0.09035	0.01120	0.00827	0.10493	0.41321	0.02103	0.13614	0.06907	0.01950	0.00762	0.00560	0.00168	0.02694	0.00641	0.00477	0.00720
29	0.03758	0.01328	0.09293	0.04609	0.01740	0.04542	0.12999	0.20716	0.08873	0.20704	0.03502	0.01563	0.01110	0.00596	0.00519	0.00160	0.00582	0.02200	0.00440	0.00764
30	0.01456	0.01169	0.01457	0.19080	0.01914	0.06754	0.03979	0.24262	0.01482	0.09612	0.01269	0.01784	0.01047	0.00707	0.00704	0.00175	0.12903	0.09189	0.00380	0.00675
31	0.00800	0.00622	0.00863	0.08713	0.01080	0.00721	0.00642	0.01865	0.00842	0.01166	0.01484	0.13411	0.01582	0.26173	0.25245	0.03122	0.10246	0.00700	0.00300	0.00423
32	0.18197	0.01300	0.09042	0.06406	0.01594	0.05486	0.04204	0.18449	0.04713	0.18708	0.01250	0.01368	0.00907	0.00586	0.00517	0.00161	0.03652	0.02328	0.00410	0.00721
33	0.26270	0.01321	0.09344	0.01313	0.03639	0.01249	0.19849	0.14326	0.07441	0.06407	0.01073	0.01201	0.00792	0.00521	0.00506	0.00163	0.03098	0.00441	0.00350	0.00697
34	0.00662	0.00474	0.00637	0.00739	0.00793	0.00449	0.00533	0.00792	0.01050	0.01404	0.10287	0.60240	0.03406	0.01496	0.00650	0.00206	0.00319	0.14958	0.00477	0.00427
35	0.01042	0.01233	0.14124	0.38719	0.23710	0.01110	0.01456	0.02274	0.01080	0.01474	0.01048	0.01581	0.00869	0.00627	0.02447	0.00182	0.00667	0.05457	0.00250	0.00651
36	0.01362	0.14846	0.25854	0.09155	0.01959	0.01311	0.09167	0.10114	0.08150	0.11548	0.01159	0.01256	0.00840	0.00520	0.00479	0.00153	0.00625	0.00431	0.00331	0.00738
37	0.03739	0.08959	0.01281	0.00895	0.01257	0.00938	0.00745	0.04170	0.10325	0.53727	0.07175	0.01761	0.01446	0.00638	0.00493	0.00153	0.00427	0.00514	0.00558	0.00799
38	0.01361	0.01308	0.08508	0.01478	0.03729	0.05402	0.31338	0.11497	0.01364	0.11518	0.01627	0.03446	0.08637	0.00605	0.00540	0.00160	0.00640	0.00587	0.05567	0.00687
39	0.04118	0.01264	0.05767	0.01282	0.06719	0.04678	0.08213	0.23881	0.08231	0.24747	0.03866	0.02509	0.01143	0.00603	0.00511	0.00157	0.00546	0.00505	0.00469	0.00789
40	0.00995	0.01104	0.09304	0.64094	0.12134	0.01138	0.01467	0.01353	0.01033	0.01364	0.00906	0.01309	0.00686	0.00497	0.00502	0.00166	0.00673	0.00442	0.00227	0.00608
41	0.00886	0.00536	0.00677	0.00664	0.00738	0.00531	0.00448	0.00962	0.00889	0.10195	0.01945	0.15604	0.05345	0.41472	0.16464	0.00452	0.00603	0.00801	0.00370	0.00420
42	0.02351	0.06251	0.05793	0.07944	0.01657	0.09013	0.09486	0.11517	0.08150	0.10220	0.01579	0.07599	0.06766	0.00710	0.00629	0.00166	0.08560	0.00573	0.00374	0.00664
43	0.04945	0.05640	0.27445	0.01466	0.06114	0.01193	0.16531	0.05491	0.06789	0.15677	0.01202	0.01299	0.00857	0.00522	0.00527	0.00160	0.02598	0.00457	0.00338	0.00749
44	0.01822	0.01168	0.01312	0.01036	0.01388	0.01241	0.00843	0.51495	0.01995	0.18302	0.01545	0.09326	0.01203	0.00707	0.00514	0.00157	0.00491	0.00564	0.04092	0.00799
45	0.01108	0.02877	0.01784	0.11730	0.33633	0.01082	0.12761	0.03072	0.06039	0.01639	0.06133	0.07179	0.03328	0.00656	0.00542	0.00165	0.00574	0.04700	0.00320	0.00678
46	0.05772	0.07977	0.20470	0.13469	0.08657	0.04370	0.03725	0.10828	0.05513	0.11087	0.02685	0.01292	0.00893	0.00532	0.00478	0.00155	0.00608	0.00432	0.00335	0.00722
47	0.02062	0.00974	0.01217	0.00957	0.01334	0.00940	0.00783	0.13071	0.13555	0.56598	0.01895	0.01675	0.01242	0.00633	0.00509	0.00158	0.00443	0.00511	0.00592	0.00851
48	0.00641	0.00471	0.00601	0.00660	0.00733	0.00431	0.00460	0.00776	0.01120	0.01503	0.23989	0.50132	0.13835	0.01392	0.00626	0.00188	0.00273	0.01244	0.00493	0.00431
49	0.15094	0.01507	0.14728	0.01463	0.09207	0.07806	0.15411	0.12994	0.04778	0.06773	0.01193	0.03097	0.02611	0.00549	0.00489	0.00158	0.00624	0.00472	0.00339	0.00706
50	0.05030	0.01351	0.13006	0.02973	0.01627	0.05904	0.11922	0.16175	0.05981	0.12666	0.01385	0.01668	0.01064	0.00610	0.00514	0.00159	0.01555	0.05480	0.10226	0.00703
51	0.00702	0.00524	0.00669	0.00737	0.00834	0.00502	0.00560	0.00904	0.04066	0.01472	0.11563	0.35663	0.16199	0.01440	0.02480	0.00214	0.00353	0.20192	0.00475	0.00451

[dist]
# distance from previous block
# <min> <max>
3	9

[block]
# block no. 1 follows, 49 sequences, length 8
# corresponding to MSA columns:
# 361-368
name=unknown_B
#
# <colnr> <probs for GDERKNQSTAVLIFYWHMCP>
#	G	D	E	R	K	N	Q	S	T	A	V	L	I	F	Y	W	H	M	C	P
0	0.12460	0.19147	0.01607	0.01121	0.05215	0.17930	0.04393	0.11365	0.06212	0.03476	0.04409	0.01290	0.00993	0.04771	0.00542	0.00156	0.00586	0.00408	0.00329	0.03592
1	0.01247	0.26842	0.20517	0.01079	0.03449	0.07269	0.01044	0.05383	0.01160	0.07305	0.01341	0.18614	0.01293	0.00725	0.00470	0.00151	0.00559	0.00585	0.00321	0.00647
2	0.52864	0.08493	0.01210	0.00935	0.03257	0.07533	0.04064	0.08263	0.01093	0.04470	0.00814	0.00935	0.00634	0.00498	0.00410	0.00152	0.03121	0.00325	0.00320	0.00610
3	0.01391	0.05475	0.04629	0.08203	0.44621	0.13753	0.04899	0.05576	0.01251	0.04062	0.00956	0.01195	0.00770	0.00478	0.00489	0.00148	0.00662	0.00428	0.00272	0.00739
4	0.01198	0.08841	0.30895	0.06636	0.08380	0.05737	0.18402	0.05512	0.01183	0.01619	0.00927	0.01142	0.00704	0.00465	0.00489	0.00150	0.00711	0.00422	0.00250	0.06336
5	0.00726	0.00571	0.00679	0.00635	0.00816	0.00495	0.00493	0.00922	0.01254	0.01687	0.34397	0.04009	0.30884	0.01074	0.00578	0.00160	0.00285	0.08351	0.00483	0.11500
6	0.00657	0.00481	0.00627	0.00729	0.00796	0.00450	0.00534	0.00782	0.01035	0.01349	0.03067	0.55171	0.13078	0.01504	0.00651	0.00207	0.00326	0.17662	0.00469	0.00425
7	0.00729	0.00785	0.10916	0.00724	0.00928	0.00556	0.00642	0.00986	0.01310	0.01818	0.51864	0.08040	0.16716	0.01035	0.00584	0.00164	0.00311	0.00900	0.00492	0.00500

[dist]
# distance from previous block
# <min> <max>
0	4

[block]
# block no. 2 follows, 49 sequences, length 81
# corresponding to MSA columns:
# 373-453
name=unknown_C
#
# <colnr> <probs for GDERKNQSTAVLIFYWHMCP>
#	G	D	E	R	K	N	Q	S	T	A	V	L	I	F	Y	W	H	M	C	P
0	0.01009	0.00857	0.01007	0.00745	0.01156	0.00650	0.00587	0.01222	0.01041	0.01615	0.01070	0.08366	0.00984	0.00484	0.00399	0.00087	0.00367	0.00403	0.00315	0.77635
1	0.00786	0.00493	0.00661	0.00726	0.00802	0.00456	0.00512	0.00907	0.01071	0.08452	0.10852	0.62495	0.03286	0.01429	0.00630	0.00197	0.00308	0.04981	0.00493	0.00461
2	0.01347	0.01189	0.01235	0.01084	0.01356	0.05234	0.00854	0.10521	0.59233	0.02105	0.01778	0.01696	0.01346	0.00687	0.00614	0.00172	0.07764	0.00535	0.00474	0.00774
3	0.09238	0.05396	0.12371	0.01313	0.01775	0.01201	0.20201	0.15206	0.04645	0.21711	0.01287	0.01333	0.00896	0.00531	0.00500	0.00158	0.00603	0.00473	0.00402	0.00759
4	0.01952	0.01427	0.01481	0.01148	0.01543	0.06304	0.00942	0.65996	0.02236	0.09967	0.01258	0.01241	0.00883	0.00603	0.00503	0.00151	0.00567	0.00452	0.00502	0.00843
5	0.00688	0.00502	0.00658	0.00731	0.00818	0.00472	0.00555	0.00850	0.01134	0.01506	0.18085	0.37153	0.11877	0.01391	0.00645	0.00200	0.00325	0.21485	0.00486	0.00441
6	0.00737	0.00527	0.00715	0.00728	0.00787	0.00574	0.00530	0.00856	0.00821	0.01138	0.01586	0.02880	0.01655	0.32885	0.42652	0.00630	0.00936	0.08661	0.00305	0.00399
7	0.00850	0.00539	0.00688	0.00636	0.00778	0.00495	0.00482	0.01079	0.01386	0.07916	0.62421	0.03500	0.07723	0.00974	0.00568	0.00156	0.00254	0.00851	0.08204	0.00504
8	0.02927	0.00942	0.01114	0.08049	0.01421	0.03204	0.01588	0.01311	0.01053	0.02577	0.00920	0.01107	0.00757	0.00499	0.02774	0.00111	0.00454	0.00327	0.00295	0.68574
9	0.70127	0.00956	0.00824	0.00709	0.01037	0.01061	0.00584	0.01670	0.00971	0.16746	0.00946	0.00990	0.00680	0.00499	0.00350	0.00156	0.00399	0.00318	0.00372	0.00606
10	0.01150	0.01204	0.07689	0.20165	0.36589	0.01175	0.03626	0.01699	0.16149	0.01647	0.01200	0.03415	0.00968	0.00539	0.00509	0.00161	0.00589	0.00497	0.00299	0.00729
11	0.00673	0.00483	0.00601	0.00650	0.00740	0.00436	0.00458	0.00802	0.01115	0.03418	0.18216	0.46365	0.21424	0.01381	0.00621	0.00187	0.00277	0.01224	0.00490	0.00439
12	0.03700	0.01237	0.11633	0.10053	0.09018	0.01107	0.01053	0.20294	0.09129	0.13316	0.07234	0.04968	0.03694	0.00664	0.00513	0.00161	0.00517	0.00551	0.00426	0.00732
13	0.02477	0.23863	0.12762	0.01155	0.01555	0.33461	0.01050	0.09504	0.01363	0.07102	0.00908	0.00995	0.00712	0.00507	0.00431	0.00133	0.00713	0.00343	0.00294	0.00673
14	0.03696	0.00860	0.01084	0.01028	0.09054	0.00801	0.01464	0.03858	0.11820	0.07269	0.24693	0.02057	0.02111	0.00652	0.00487	0.00133	0.00375	0.00560	0.00431	0.27567
15	0.01386	0.29981	0.09456	0.09370	0.07427	0.07670	0.05936	0.13607	0.07516	0.01694	0.00977	0.01115	0.00775	0.00500	0.00442	0.00140	0.00618	0.00390	0.00295	0.00703
16	0.01220	0.04853	0.14025	0.06944	0.23908	0.01320	0.06736	0.06969	0.12932	0.01709	0.01078	0.01290	0.00855	0.00571	0.00681	0.00167	0.13258	0.00459	0.00296	0.00727
17	0.00699	0.00506	0.00651	0.00641	0.00744	0.00469	0.00469	0.00897	0.01303	0.01813	0.57614	0.14337	0.08579	0.06133	0.00728	0.00188	0.00268	0.02984	0.00522	0.00455
18	0.00744	0.00554	0.00692	0.00755	0.00827	0.00566	0.00534	0.01021	0.11419	0.01374	0.02427	0.48360	0.02727	0.12582	0.05764	0.00279	0.00416	0.08059	0.00441	0.00457
19	0.00705	0.00516	0.00661	0.00625	0.00749	0.00473	0.00469	0.00934	0.01406	0.01968	0.72139	0.03876	0.11477	0.01056	0.00597	0.00160	0.00240	0.00928	0.00549	0.00473
20	0.01308	0.48961	0.26492	0.01077	0.01604	0.01697	0.01188	0.09668	0.01185	0.01532	0.00821	0.00934	0.00669	0.00466	0.00392	0.00129	0.00607	0.00322	0.00246	0.00702
21	0.00656	0.00498	0.00605	0.00614	0.00728	0.00446	0.00447	0.00825	0.01237	0.01651	0.38273	0.22361	0.27344	0.01239	0.00608	0.00173	0.00257	0.01084	0.00509	0.00446
22	0.85801	0.00978	0.00743	0.00665	0.00978	0.01134	0.00548	0.01486	0.00861	0.02269	0.00704	0.00821	0.00548	0.00469	0.00313	0.00156	0.00391	0.00274	0.00313	0.00548
23	0.01336	0.00997	0.01097	0.00982	0.01259	0.01112	0.00763	0.02478	0.60868	0.12428	0.02116	0.09106	0.01667	0.00759	0.00526	0.00173	0.00395	0.00642	0.00525	0.00773
24	0.72988	0.01058	0.00855	0.07976	0.01240	0.05970	0.00651	0.01501	0.00909	0.02117	0.00726	0.00875	0.00565	0.00476	0.00339	0.00156	0.00449	0.00293	0.00302	0.00551
25	0.00728	0.00520	0.00703	0.00703	0.00756	0.00573	0.00496	0.00833	0.00780	0.01093	0.01454	0.02540	0.01505	0.36626	0.47720	0.00678	0.00993	0.00623	0.00286	0.00391
26	0.00728	0.00514	0.00673	0.00669	0.00719	0.00548	0.00459	0.00828	0.00842	0.01173	0.09764	0.02812	0.01915	0.41078	0.34492	0.00588	0.00821	0.00674	0.00319	0.00385
27	0.00908	0.00573	0.00724	0.00667	0.00826	0.00528	0.00512	0.02993	0.01388	0.10209	0.52605	0.05779	0.12603	0.01016	0.00579	0.00162	0.00277	0.03104	0.04028	0.00519
28	0.04604	0.02377	0.66746	0.01514	0.05953	0.01181	0.05437	0.01622	0.03008	0.01646	0.00936	0.01101	0.00673	0.00481	0.00481	0.00160	0.00721	0.00389	0.00229	0.00740
29	0.01168	0.01134	0.02009	0.06497	0.51465	0.01147	0.13442	0.01475	0.01131	0.01589	0.01120	0.01695	0.00990	0.00648	0.02947	0.00184	0.03085	0.07284	0.00269	0.00722
30	0.01686	0.03743	0.03214	0.01305	0.07191	0.18549	0.00990	0.35549	0.18470	0.02330	0.01264	0.01283	0.00948	0.00587	0.00491	0.00150	0.00607	0.00445	0.00422	0.00775
31	0.00951	0.00754	0.01011	0.03098	0.01139	0.02417	0.07051	0.06618	0.03121	0.04591	0.30440	0.16681	0.08342	0.00966	0.00570	0.00163	0.00380	0.02915	0.00466	0.08325
32	0.03351	0.32608	0.09520	0.03691	0.09495	0.01410	0.06893	0.05594	0.02116	0.05455	0.00997	0.02919	0.00839	0.00500	0.00426	0.00131	0.00557	0.01842	0.00286	0.11369
33	0.03528	0.29714	0.28025	0.01570	0.16970	0.02662	0.05595	0.01590	0.01088	0.03655	0.00875	0.01041	0.00697	0.00459	0.00433	0.00140	0.00637	0.00366	0.00239	0.00716
34	0.02064	0.00890	0.01152	0.00912	0.01279	0.00825	0.00744	0.02473	0.14634	0.64311	0.01998	0.01753	0.01303	0.00635	0.00506	0.00158	0.00421	0.00519	0.02582	0.00841
35	0.02917	0.01420	0.12190	0.05365	0.22094	0.09134	0.04756	0.06604	0.08524	0.04841	0.05326	0.01548	0.04472	0.00609	0.00611	0.00162	0.07904	0.00496	0.00327	0.00701
36	0.13441	0.03363	0.24424	0.01685	0.16204	0.01157	0.17306	0.03045	0.01144	0.09609	0.01140	0.01298	0.02933	0.00500	0.00488	0.00159	0.00637	0.00453	0.00298	0.00717
37	0.00724	0.00498	0.00592	0.00600	0.00626	0.00502	0.00374	0.00767	0.00805	0.01078	0.03911	0.07380	0.05198	0.61248	0.11122	0.00483	0.00561	0.02860	0.00329	0.00342
38	0.00703	0.00499	0.00665	0.00750	0.00814	0.00481	0.00560	0.00844	0.01060	0.01415	0.11773	0.40386	0.03220	0.10097	0.00863	0.00239	0.00361	0.24384	0.00461	0.00425
39	0.03560	0.44105	0.21278	0.01197	0.05167	0.03184	0.04848	0.06229	0.03491	0.01513	0.00854	0.00981	0.00697	0.00466	0.00403	0.00132	0.00609	0.00341	0.00249	0.00695
40	0.03453	0.00971	0.01606	0.56702	0.21155	0.01125	0.01385	0.01413	0.01060	0.04992	0.00956	0.01328	0.00727	0.00497	0.00499	0.00163	0.00638	0.00447	0.00252	0.00632
41	0.01215	0.01177	0.02049	0.11798	0.65905	0.01197	0.06166	0.01527	0.01138	0.01610	0.00950	0.01269	0.00785	0.00455	0.00507	0.00153	0.00624	0.00459	0.00248	0.00767
42	0.03202	0.00822	0.06649	0.00969	0.07848	0.00691	0.02373	0.04624	0.03227	0.04207	0.35958	0.08283	0.17251	0.00954	0.00566	0.00164	0.00356	0.00830	0.00468	0.00555
43	0.10150	0.09532	0.22315	0.03146	0.19486	0.01175	0.01238	0.01823	0.07001	0.17624	0.01186	0.01261	0.00863	0.00514	0.00461	0.00153	0.00563	0.00415	0.00340	0.00753
44	0.00816	0.00640	0.00699	0.00722	0.00805	0.04492	0.00509	0.04115	0.03139	0.01381	0.07726	0.27569	0.09271	0.25541	0.01203	0.00281	0.00410	0.09832	0.00419	0.00430
45	0.00704	0.00492	0.00630	0.00659	0.00753	0.00449	0.00470	0.00859	0.01186	0.04015	0.32512	0.39111	0.13672	0.01302	0.00616	0.00181	0.00272	0.01158	0.00508	0.00453
46	0.06871	0.24274	0.10297	0.01525	0.09963	0.04768	0.22144	0.03668	0.05368	0.01614	0.04212	0.01237	0.00918	0.00488	0.00466	0.00146	0.00641	0.00442	0.00277	0.00682
47	0.01481	0.08509	0.05543	0.01420	0.15441	0.01167	0.04337	0.11305	0.12648	0.17854	0.03353	0.05443	0.01204	0.00622	0.00538	0.00154	0.03403	0.00520	0.00413	0.04644
48	0.01702	0.01992	0.01330	0.01193	0.01447	0.57928	0.00906	0.09363	0.04720	0.01536	0.07968	0.01295	0.01113	0.00745	0.04434	0.00171	0.00816	0.00413	0.00323	0.00606
49	0.01350	0.00880	0.01001	0.00875	0.01141	0.00909	0.00684	0.12236	0.25368	0.18743	0.02608	0.14139	0.16078	0.00906	0.00547	0.00170	0.00386	0.00762	0.00522	0.00694
50	0.01215	0.15118	0.41325	0.01609	0.17110	0.04585	0.01492	0.01620	0.01119	0.06218	0.01074	0.01213	0.03143	0.00502	0.00463	0.00149	0.00657	0.00400	0.00256	0.00732
51	0.03784	0.03736	0.01724	0.05286	0.01771	0.17257	0.11860	0.36858	0.01732	0.02224	0.01008	0.01151	0.00764	0.00576	0.00603	0.00156	0.07979	0.00438	0.00369	0.00724
52	0.00667	0.00517	0.00677	0.07913	0.00977	0.00495	0.00537	0.00824	0.01128	0.01491	0.22044	0.38120	0.20179	0.01282	0.00610	0.00183	0.00306	0.01136	0.00469	0.00444
53	0.05382	0.00950	0.01371	0.14687	0.23667	0.03100	0.02207	0.01549	0.08054	0.09887	0.08392	0.06068	0.01505	0.00901	0.06283	0.00211	0.00578	0.04187	0.00364	0.00657
54	0.01347	0.03855	0.21203	0.04776	0.08255	0.16709	0.06344	0.06505	0.16281	0.03851	0.05027	0.01398	0.01077	0.00561	0.00497	0.00155	0.00653	0.00460	0.00334	0.00712
55	0.01086	0.00786	0.01124	0.00936	0.01160	0.04588	0.11988	0.01322	0.01345	0.14532	0.40787	0.10054	0.06347	0.00911	0.00580	0.00164	0.00401	0.00825	0.00497	0.00568
56	0.01013	0.00583	0.00725	0.00682	0.00864	0.00514	0.00523	0.01178	0.01244	0.19049	0.18949	0.17594	0.28588	0.01143	0.00592	0.00175	0.00310	0.05216	0.00522	0.00534
57	0.01139	0.11028	0.22978	0.04622	0.01786	0.01132	0.14520	0.04604	0.06353	0.05900	0.04603	0.08330	0.01400	0.00703	0.00530	0.00168	0.00602	0.08600	0.00338	0.00662
58	0.15310	0.03084	0.04572	0.08258	0.01558	0.06786	0.04108	0.16926	0.05431	0.16558	0.06876	0.01695	0.01263	0.00634	0.00487	0.00160	0.00526	0.04650	0.00426	0.00693
59	0.01133	0.01035	0.01572	0.02023	0.39840	0.01058	0.04890	0.03688	0.17053	0.01766	0.07077	0.06823	0.08450	0.00687	0.00533	0.00161	0.00496	0.00631	0.00366	0.00716
60	0.01134	0.01356	0.20405	0.46367	0.04526	0.01124	0.05614	0.03570	0.01115	0.08515	0.01017	0.01309	0.00731	0.00508	0.00505	0.00165	0.00675	0.00445	0.00268	0.00653
61	0.01381	0.06435	0.05472	0.06353	0.28308	0.15523	0.11465	0.01826	0.11835	0.04854	0.01107	0.01283	0.00867	0.00503	0.00496	0.00151	0.00663	0.00452	0.00300	0.00724
62	0.05089	0.09021	0.01554	0.01230	0.01521	0.38220	0.09073	0.04969	0.04538	0.03871	0.01241	0.01873	0.01123	0.00669	0.00502	0.00155	0.00720	0.13695	0.00327	0.00608
63	0.00718	0.00491	0.00625	0.00674	0.00754	0.00456	0.00474	0.00838	0.01064	0.04669	0.13786	0.44735	0.14057	0.08225	0.02940	0.00233	0.00338	0.04018	0.00469	0.00436
64	0.03597	0.07693	0.54684	0.04679	0.02001	0.01193	0.03208	0.05282	0.01108	0.01635	0.00932	0.01124	0.00697	0.00681	0.05343	0.00193	0.00732	0.00383	0.00240	0.04597
65	0.09418	0.08336	0.01350	0.00953	0.01319	0.01018	0.04543	0.10391	0.03725	0.37375	0.01706	0.01747	0.04666	0.00637	0.00505	0.00153	0.02088	0.03660	0.00483	0.05926
66	0.00828	0.00562	0.00675	0.00630	0.00795	0.00506	0.00478	0.01056	0.03705	0.08778	0.41002	0.06303	0.30603	0.01090	0.00588	0.00165	0.00269	0.00937	0.00528	0.00502
67	0.01001	0.04843	0.01130	0.07987	0.01308	0.02592	0.05893	0.07580	0.03574	0.04701	0.08965	0.19265	0.14421	0.01008	0.00622	0.00177	0.04333	0.07274	0.02782	0.00547
68	0.06923	0.08352	0.05407	0.01292	0.06208	0.01001	0.15856	0.03123	0.04214	0.01600	0.01691	0.04256	0.01671	0.02730	0.04973	0.00228	0.00611	0.28927	0.00355	0.00583
69	0.00927	0.00647	0.00789	0.00762	0.00932	0.00636	0.00599	0.04388	0.09612	0.07604	0.23268	0.10860	0.18092	0.01227	0.03971	0.00207	0.00379	0.14058	0.00502	0.00538
70	0.00760	0.00549	0.00731	0.00824	0.00925	0.00536	0.00680	0.00943	0.01100	0.01422	0.02853	0.14623	0.11000	0.08840	0.00854	0.00247	0.00425	0.51798	0.00452	0.00440
71	0.01146	0.01440	0.10904	0.10414	0.02584	0.03184	0.55945	0.01563	0.01150	0.01555	0.01005	0.01346	0.00762	0.00584	0.03917	0.00195	0.00845	0.00548	0.00249	0.00664
72	0.22676	0.01117	0.10398	0.03346	0.04809	0.00972	0.16896	0.01386	0.01078	0.05601	0.07112	0.08317	0.06101	0.00789	0.02747	0.00187	0.01784	0.03745	0.00344	0.00596
73	0.01152	0.01090	0.01844	0.13896	0.61302	0.01119	0.01433	0.01438	0.01115	0.01568	0.01110	0.08564	0.01013	0.00561	0.00514	0.00158	0.00583	0.00540	0.00267	0.00732
74	0.12043	0.00656	0.00834	0.00994	0.09251	0.00654	0.00693	0.01034	0.01105	0.01608	0.09521	0.19872	0.13846	0.01161	0.00591	0.00192	0.00383	0.24635	0.00432	0.00497
75	0.03414	0.06548	0.11132	0.10642	0.03762	0.01037	0.17758	0.03767	0.02858	0.09408	0.02646	0.14434	0.04448	0.00750	0.00559	0.00171	0.01848	0.03837	0.00351	0.00632
76	0.01109	0.03757	0.30796	0.01358	0.01839	0.01035	0.19012	0.03769	0.02795	0.07176	0.04822	0.07735	0.05099	0.00701	0.00547	0.00171	0.00630	0.06650	0.00334	0.00668
77	0.02706	0.00737	0.00971	0.04129	0.01165	0.00706	0.05298	0.02890	0.09169	0.18590	0.09056	0.11548	0.25845	0.00982	0.00568	0.00172	0.00382	0.04000	0.00490	0.00596
78	0.02958	0.03435	0.12762	0.21552	0.12945	0.03660	0.21968	0.06382	0.01195	0.02783	0.01025	0.02426	0.00809	0.00509	0.00520	0.00161	0.00696	0.01933	0.00271	0.02010
79	0.03180	0.02832	0.15119	0.04665	0.02043	0.02202	0.29784	0.06384	0.03332	0.17357	0.01267	0.01500	0.00929	0.00536	0.00546	0.00163	0.01680	0.03068	0.00353	0.03061
80	0.05121	0.01135	0.01759	0.17009	0.09925	0.06748	0.21685	0.03872	0.05362	0.09859	0.01328	0.08764	0.01125	0.01724	0.00563	0.00171	0.00633	0.02224	0.00338	0.00654

[dist]
# distance from previous block
# <min> <max>
0	161

# created by:
# /home/berkeley/.conda/envs/busco_data_prod/bin/msa2prfl.pl pipeline/OGs_align_augustus/33634/152549.fs
