[name]
unknown

[dist]
# distance from previous block
# <min> <max>
4	16

[block]
# block no. 0 follows, 40 sequences, length 25
# corresponding to MSA columns:
# 17-41
name=unknown_A
#
# <colnr> <probs for GDERKNQSTAVLIFYWHMCP>
#	G	D	E	R	K	N	Q	S	T	A	V	L	I	F	Y	W	H	M	C	P
0	0.00838	0.00706	0.00761	0.00871	0.00928	0.07256	0.00591	0.00943	0.01161	0.01479	0.03001	0.72278	0.03572	0.01714	0.00723	0.00229	0.00400	0.01540	0.00519	0.00490
1	0.00954	0.00627	0.00828	0.00776	0.00935	0.00578	0.00597	0.01225	0.01626	0.07385	0.65443	0.04338	0.05057	0.01186	0.00687	0.00189	0.00308	0.06044	0.00638	0.00578
2	0.00709	0.00506	0.00675	0.00810	0.00843	0.00472	0.00540	0.00810	0.01113	0.01484	0.03205	0.79184	0.03846	0.01822	0.00742	0.00236	0.00337	0.01653	0.00540	0.00472
3	0.00788	0.00581	0.00737	0.00722	0.00854	0.00530	0.00532	0.01020	0.01527	0.02107	0.55725	0.14935	0.15150	0.01317	0.00694	0.00192	0.00286	0.01160	0.00612	0.00530
4	0.00795	0.00557	0.00709	0.00763	0.00860	0.00520	0.00554	0.00983	0.01329	0.01844	0.26571	0.36536	0.10093	0.01471	0.00695	0.00209	0.00323	0.06834	0.07841	0.00510
5	0.83671	0.01125	0.00855	0.00765	0.01125	0.01305	0.00630	0.01709	0.00990	0.02609	0.00810	0.00945	0.00630	0.00540	0.00360	0.00180	0.00450	0.00315	0.00360	0.00630
6	0.01555	0.79913	0.03047	0.00995	0.01493	0.02301	0.00995	0.01741	0.01182	0.01368	0.00808	0.00933	0.00746	0.00498	0.00373	0.00124	0.00622	0.00311	0.00249	0.00746
7	0.02694	0.00881	0.01084	0.01003	0.01179	0.00946	0.00777	0.15271	0.01465	0.08859	0.04662	0.24620	0.02370	0.08816	0.05168	0.00287	0.07606	0.08500	0.03172	0.00640
8	0.01336	0.01378	0.01772	0.01525	0.01546	0.07123	0.01262	0.01465	0.00944	0.01401	0.00773	0.01256	0.00762	0.00988	0.01810	0.00247	0.73015	0.00499	0.00258	0.00639
9	0.00727	0.00592	0.00647	0.00654	0.00830	0.00512	0.00497	0.00902	0.01371	0.01705	0.17162	0.08452	0.56296	0.01449	0.00697	0.00201	0.00309	0.05940	0.00556	0.00503
10	0.01206	0.01034	0.01206	0.00861	0.01378	0.00775	0.00689	0.01464	0.01206	0.01895	0.01034	0.01206	0.00861	0.00431	0.00431	0.00086	0.00431	0.00345	0.00345	0.83118
11	0.05073	0.01645	0.12757	0.01455	0.01723	0.11216	0.06089	0.05225	0.02683	0.01679	0.01049	0.01435	0.00906	0.01375	0.13842	0.00331	0.30024	0.00506	0.00299	0.00688
12	0.01122	0.01058	0.01788	0.72884	0.09098	0.01298	0.01627	0.01507	0.01174	0.01515	0.01038	0.01543	0.00786	0.00577	0.00581	0.00192	0.00769	0.00517	0.00260	0.00665
13	0.02385	0.01111	0.03964	0.01069	0.01513	0.00976	0.00905	0.09026	0.06066	0.59544	0.02157	0.01922	0.01398	0.00714	0.00576	0.00179	0.00508	0.00576	0.04449	0.00960
14	0.01994	0.01510	0.08066	0.01202	0.01631	0.09894	0.01044	0.23620	0.01894	0.25333	0.07067	0.03417	0.01578	0.00774	0.00589	0.00177	0.00614	0.04463	0.00552	0.04580
15	0.10761	0.16562	0.19867	0.01353	0.07504	0.01380	0.03132	0.06495	0.01342	0.13198	0.03688	0.01654	0.01162	0.08632	0.00758	0.00209	0.00640	0.00500	0.00381	0.00781
16	0.00712	0.00587	0.00625	0.00622	0.00802	0.00501	0.00464	0.00881	0.01376	0.01704	0.18212	0.07787	0.60849	0.01434	0.00689	0.00195	0.00292	0.01210	0.00558	0.00501
17	0.01243	0.01056	0.01226	0.00879	0.01394	0.00813	0.00704	0.04151	0.01262	0.01960	0.01047	0.01213	0.00866	0.00441	0.00436	0.00089	0.00438	0.00351	0.00353	0.80076
18	0.01491	0.09677	0.46289	0.01618	0.08675	0.01329	0.01712	0.01992	0.01311	0.15370	0.01253	0.01355	0.00887	0.00570	0.00539	0.00173	0.00738	0.00451	0.00340	0.04231
19	0.01543	0.01324	0.02159	0.03062	0.61216	0.01295	0.01594	0.03721	0.01381	0.08524	0.01203	0.01466	0.00964	0.00533	0.00565	0.00166	0.00651	0.00510	0.00338	0.07785
20	0.00835	0.00559	0.00637	0.00648	0.00651	0.00557	0.00367	0.00843	0.00867	0.01156	0.01940	0.09732	0.02250	0.73451	0.02785	0.00538	0.00546	0.00909	0.00367	0.00362
21	0.01384	0.01402	0.02634	0.05814	0.46203	0.01379	0.25529	0.01776	0.01335	0.01866	0.01200	0.01695	0.01002	0.00556	0.00622	0.00185	0.00783	0.03488	0.00299	0.00850
22	0.01312	0.08182	0.02173	0.33418	0.40354	0.01427	0.01646	0.01660	0.01246	0.01686	0.01044	0.01439	0.00847	0.00542	0.00560	0.00177	0.00719	0.00499	0.00273	0.00795
23	0.00926	0.00666	0.00921	0.01049	0.01186	0.00661	0.00914	0.01188	0.01338	0.01733	0.03208	0.06515	0.06667	0.01600	0.00798	0.00264	0.00524	0.68773	0.00536	0.00533
24	0.00709	0.00506	0.00675	0.00810	0.00843	0.00472	0.00540	0.00810	0.01113	0.01484	0.03205	0.79184	0.03846	0.01822	0.00742	0.00236	0.00337	0.01653	0.00540	0.00472

[dist]
# distance from previous block
# <min> <max>
0	12

[block]
# block no. 1 follows, 40 sequences, length 14
# corresponding to MSA columns:
# 54-67
name=unknown_B
#
# <colnr> <probs for GDERKNQSTAVLIFYWHMCP>
#	G	D	E	R	K	N	Q	S	T	A	V	L	I	F	Y	W	H	M	C	P
0	0.00813	0.00592	0.00766	0.00738	0.00874	0.00545	0.00555	0.01070	0.01589	0.02221	0.65096	0.08083	0.09912	0.01252	0.00693	0.00189	0.00288	0.03558	0.00625	0.00541
1	0.01206	0.01034	0.01206	0.00861	0.01378	0.00775	0.00689	0.01464	0.01206	0.01895	0.01034	0.01206	0.00861	0.00431	0.00431	0.00086	0.00431	0.00345	0.00345	0.83118
2	0.13532	0.02542	0.01537	0.01396	0.01704	0.66646	0.01055	0.02237	0.01556	0.01589	0.00886	0.01034	0.00732	0.00591	0.00501	0.00154	0.00965	0.00366	0.00308	0.00668
3	0.01421	0.01364	0.02328	0.07462	0.72182	0.01377	0.01776	0.01769	0.01316	0.01878	0.01091	0.01445	0.00914	0.00521	0.00576	0.00174	0.00695	0.00518	0.00286	0.00907
4	0.00910	0.00661	0.00899	0.01019	0.01159	0.00650	0.00884	0.01165	0.01337	0.01722	0.03383	0.06455	0.11168	0.01592	0.00791	0.00260	0.00509	0.64369	0.00536	0.00531
5	0.01376	0.01559	0.03375	0.02509	0.06843	0.01466	0.70064	0.01859	0.01370	0.01865	0.01172	0.01562	0.00884	0.00492	0.00681	0.00195	0.00965	0.00678	0.00294	0.00791
6	0.01272	0.01272	0.01781	0.01527	0.01527	0.01781	0.01272	0.01399	0.00891	0.01399	0.00763	0.01272	0.00763	0.01018	0.01908	0.00254	0.78499	0.00509	0.00254	0.00636
7	0.00801	0.00594	0.00747	0.00709	0.00855	0.00539	0.00532	0.01055	0.01595	0.02210	0.64492	0.04544	0.16700	0.01234	0.00686	0.00185	0.00278	0.01080	0.00624	0.00539
8	0.00721	0.00531	0.00675	0.00764	0.00838	0.00486	0.00525	0.00852	0.01219	0.01612	0.13379	0.57452	0.15451	0.01681	0.00726	0.00223	0.00322	0.01505	0.00553	0.00486
9	0.01084	0.00542	0.00542	0.00542	0.00678	0.00542	0.00407	0.01355	0.01220	0.02168	0.01897	0.02168	0.01491	0.00678	0.00407	0.00136	0.00271	0.00542	0.82791	0.00542
10	0.01446	0.01249	0.01315	0.01183	0.01512	0.01446	0.00920	0.03090	0.74885	0.02433	0.02367	0.02170	0.01775	0.00789	0.00592	0.00197	0.00460	0.00657	0.00592	0.00920
11	0.83671	0.01125	0.00855	0.00765	0.01125	0.01305	0.00630	0.01709	0.00990	0.02609	0.00810	0.00945	0.00630	0.00540	0.00360	0.00180	0.00450	0.00315	0.00360	0.00630
12	0.02172	0.02772	0.01648	0.01498	0.01798	0.77228	0.01124	0.02322	0.01648	0.01423	0.00899	0.01049	0.00749	0.00599	0.00524	0.00150	0.01049	0.00375	0.00300	0.00674
13	0.00804	0.00590	0.00753	0.00842	0.00935	0.00560	0.00618	0.03407	0.01265	0.01660	0.07177	0.49842	0.13280	0.01666	0.00738	0.00232	0.00375	0.14205	0.00546	0.00508

[dist]
# distance from previous block
# <min> <max>
1	3

[block]
# block no. 2 follows, 40 sequences, length 12
# corresponding to MSA columns:
# 71-82
name=unknown_C
#
# <colnr> <probs for GDERKNQSTAVLIFYWHMCP>
#	G	D	E	R	K	N	Q	S	T	A	V	L	I	F	Y	W	H	M	C	P
0	0.01301	0.16033	0.60444	0.01515	0.02293	0.01489	0.01890	0.01872	0.01241	0.05293	0.01063	0.01213	0.00772	0.00551	0.00523	0.00174	0.00802	0.00417	0.00269	0.00846
1	0.01370	0.05461	0.16718	0.05928	0.02632	0.01450	0.39812	0.08281	0.03784	0.01978	0.01305	0.04693	0.01051	0.00612	0.00633	0.00192	0.00848	0.02127	0.00331	0.00794
2	0.01005	0.00681	0.00945	0.00917	0.01014	0.00758	0.00691	0.01157	0.01000	0.07278	0.01801	0.07663	0.01798	0.20554	0.40177	0.00663	0.06748	0.04251	0.00375	0.00525
3	0.01603	0.41572	0.17725	0.01343	0.01900	0.09607	0.09175	0.01921	0.01298	0.07469	0.01023	0.01157	0.00814	0.00536	0.00476	0.00151	0.00743	0.00404	0.00296	0.00785
4	0.03209	0.05707	0.46460	0.09819	0.02295	0.02825	0.01713	0.01647	0.01183	0.01703	0.01194	0.01761	0.00995	0.00780	0.00746	0.06766	0.03329	0.06854	0.00278	0.00737
5	0.00719	0.00510	0.00672	0.00796	0.00828	0.00479	0.00526	0.00812	0.01093	0.01458	0.03101	0.73486	0.03715	0.07698	0.00910	0.00261	0.00354	0.01592	0.00526	0.00463
6	0.01137	0.01069	0.01839	0.58275	0.12064	0.01251	0.06344	0.01508	0.01195	0.01580	0.01183	0.05388	0.00973	0.00632	0.00590	0.00192	0.00742	0.00585	0.02778	0.00676
7	0.04370	0.07682	0.13117	0.01394	0.04876	0.10650	0.03326	0.17297	0.10567	0.16284	0.03737	0.01579	0.01202	0.00660	0.00555	0.00174	0.00668	0.00517	0.00472	0.00871
8	0.00709	0.00506	0.00675	0.00810	0.00843	0.00472	0.00540	0.00810	0.01113	0.01484	0.03205	0.79184	0.03846	0.01822	0.00742	0.00236	0.00337	0.01653	0.00540	0.00472
9	0.02392	0.00983	0.01310	0.01019	0.01436	0.00875	0.00836	0.06707	0.01723	0.64117	0.10242	0.02204	0.01855	0.00770	0.00596	0.00180	0.00479	0.00632	0.00703	0.00942
10	0.10254	0.01078	0.01219	0.03857	0.01476	0.00912	0.00742	0.05633	0.01268	0.02058	0.01030	0.01202	0.00840	0.00464	0.00437	0.00106	0.00458	0.00358	0.00356	0.66254
11	0.10947	0.02393	0.01556	0.07486	0.01888	0.59887	0.01101	0.02220	0.04474	0.01598	0.00959	0.01122	0.00779	0.00599	0.00514	0.00158	0.00938	0.00391	0.00315	0.00677

[dist]
# distance from previous block
# <min> <max>
0	5

[block]
# block no. 3 follows, 40 sequences, length 10
# corresponding to MSA columns:
# 88-97
name=unknown_D
#
# <colnr> <probs for GDERKNQSTAVLIFYWHMCP>
#	G	D	E	R	K	N	Q	S	T	A	V	L	I	F	Y	W	H	M	C	P
0	0.00868	0.00672	0.00977	0.00882	0.01054	0.00624	0.05869	0.01152	0.01584	0.02212	0.60604	0.04404	0.07717	0.01189	0.00697	0.00192	0.00351	0.07787	0.00601	0.00562
1	0.01325	0.01286	0.01746	0.01494	0.01538	0.01758	0.01240	0.04659	0.06254	0.01571	0.00905	0.01342	0.00845	0.00988	0.01757	0.00247	0.69560	0.00520	0.00293	0.00672
2	0.00819	0.00581	0.00690	0.00685	0.00820	0.00534	0.00506	0.01029	0.01406	0.01951	0.35757	0.09786	0.22065	0.06914	0.00825	0.00215	0.00315	0.03956	0.10632	0.00513
3	0.00867	0.00641	0.00816	0.00764	0.00914	0.00613	0.00575	0.01239	0.06852	0.02339	0.70422	0.04189	0.05223	0.01160	0.00679	0.00184	0.00288	0.01024	0.00637	0.00575
4	0.01677	0.01135	0.01625	0.33535	0.02611	0.01249	0.04707	0.17927	0.01634	0.17849	0.01472	0.01668	0.01038	0.00642	0.00570	0.00181	0.00647	0.00543	0.08500	0.00791
5	0.83671	0.01125	0.00855	0.00765	0.01125	0.01305	0.00630	0.01709	0.00990	0.02609	0.00810	0.00945	0.00630	0.00540	0.00360	0.00180	0.00450	0.00315	0.00360	0.00630
6	0.01557	0.69902	0.08693	0.01073	0.01588	0.06139	0.01091	0.01779	0.01210	0.01408	0.00831	0.00962	0.00746	0.00507	0.00395	0.00130	0.00663	0.00324	0.00251	0.00751
7	0.01053	0.06407	0.00971	0.00810	0.00940	0.00839	0.00598	0.05931	0.05007	0.01627	0.01936	0.06363	0.01982	0.34065	0.09499	0.00421	0.00618	0.08834	0.11577	0.00521
8	0.01528	0.74612	0.08114	0.01041	0.01563	0.02235	0.01075	0.01748	0.01185	0.01401	0.00825	0.00953	0.00746	0.00501	0.00385	0.00128	0.00638	0.00319	0.00249	0.00754
9	0.01390	0.30334	0.24477	0.01470	0.03979	0.01700	0.10655	0.05496	0.04577	0.01770	0.01196	0.03151	0.02431	0.00600	0.00548	0.00165	0.02723	0.00482	0.00302	0.02555

[dist]
# distance from previous block
# <min> <max>
0	10

[block]
# block no. 4 follows, 40 sequences, length 29
# corresponding to MSA columns:
# 117-145
name=unknown_E
#
# <colnr> <probs for GDERKNQSTAVLIFYWHMCP>
#	G	D	E	R	K	N	Q	S	T	A	V	L	I	F	Y	W	H	M	C	P
0	0.16046	0.04540	0.01388	0.01088	0.01455	0.01175	0.05045	0.09351	0.14248	0.21697	0.01905	0.10076	0.01552	0.00813	0.00559	0.00186	0.00508	0.03046	0.01879	0.03441
1	0.03353	0.06313	0.01588	0.01203	0.01589	0.09162	0.04269	0.18913	0.15882	0.12023	0.07061	0.01944	0.02802	0.00736	0.00588	0.00172	0.01809	0.02239	0.00511	0.07844
2	0.00939	0.00651	0.00792	0.00771	0.00836	0.00680	0.00514	0.06485	0.01064	0.01447	0.05070	0.10031	0.02166	0.45910	0.17132	0.03093	0.00731	0.00848	0.00388	0.00450
3	0.01225	0.01028	0.01199	0.00874	0.01359	0.00807	0.00698	0.04903	0.01313	0.02013	0.06758	0.01455	0.01221	0.00501	0.00457	0.00098	0.00429	0.00407	0.00378	0.72876
4	0.01267	0.18736	0.55724	0.01667	0.07923	0.01549	0.01883	0.01817	0.01226	0.01748	0.00999	0.01183	0.00753	0.00539	0.00517	0.00171	0.00798	0.00412	0.00249	0.00841
5	0.01441	0.01376	0.06321	0.07567	0.10700	0.01404	0.05374	0.10331	0.38808	0.02331	0.05183	0.01986	0.01568	0.02214	0.00640	0.00197	0.00581	0.00624	0.00487	0.00867
6	0.01495	0.03365	0.02234	0.09741	0.53006	0.01401	0.04908	0.05157	0.05998	0.05217	0.01231	0.01509	0.00981	0.00556	0.00578	0.00176	0.00684	0.00532	0.00336	0.00892
7	0.00861	0.00650	0.00801	0.00754	0.00914	0.00619	0.00568	0.01238	0.07932	0.02250	0.60960	0.04306	0.13566	0.01188	0.00678	0.00186	0.00293	0.01039	0.00624	0.00574
8	0.00841	0.00658	0.00770	0.00738	0.00909	0.00622	0.00554	0.01212	0.09314	0.02060	0.42207	0.07902	0.27516	0.01266	0.00679	0.00191	0.00303	0.01093	0.00598	0.00566
9	0.01414	0.01382	0.02357	0.03985	0.02314	0.01435	0.36052	0.03605	0.30227	0.03428	0.01710	0.01955	0.01315	0.00669	0.00684	0.00200	0.03120	0.02891	0.00429	0.00829
10	0.00723	0.00584	0.00643	0.00642	0.00811	0.00504	0.00476	0.00899	0.01390	0.01757	0.23353	0.10909	0.52415	0.01428	0.00691	0.00196	0.00293	0.01215	0.00565	0.00504
11	0.83671	0.01125	0.00855	0.00765	0.01125	0.01305	0.00630	0.01709	0.00990	0.02609	0.00810	0.00945	0.00630	0.00540	0.00360	0.00180	0.00450	0.00315	0.00360	0.00630
12	0.04263	0.08655	0.07719	0.01777	0.02318	0.01420	0.36781	0.09210	0.01522	0.15820	0.01502	0.01655	0.03358	0.00592	0.00609	0.00183	0.00777	0.00605	0.00404	0.00830
13	0.00840	0.00563	0.00663	0.00669	0.00684	0.00563	0.00398	0.00865	0.00914	0.01232	0.06507	0.08447	0.02371	0.64005	0.05995	0.03067	0.00574	0.00889	0.00377	0.00377
14	0.01173	0.01110	0.01879	0.61830	0.19757	0.01312	0.01652	0.01551	0.01198	0.01576	0.01047	0.01526	0.00807	0.00568	0.00580	0.00189	0.00757	0.00517	0.00265	0.00706
15	0.00716	0.00587	0.00631	0.00627	0.00805	0.00502	0.00467	0.00887	0.01382	0.01723	0.19994	0.08247	0.58556	0.01429	0.00689	0.00195	0.00292	0.01208	0.00560	0.00502
16	0.83671	0.01125	0.00855	0.00765	0.01125	0.01305	0.00630	0.01709	0.00990	0.02609	0.00810	0.00945	0.00630	0.00540	0.00360	0.00180	0.00450	0.00315	0.00360	0.00630
17	0.00733	0.00537	0.00689	0.00764	0.00842	0.00493	0.00530	0.00882	0.01267	0.01698	0.20892	0.52241	0.13033	0.01627	0.00722	0.00219	0.00317	0.01457	0.00564	0.00493
18	0.00918	0.00595	0.00671	0.00672	0.00820	0.00568	0.00510	0.01200	0.03784	0.02031	0.21845	0.08173	0.17707	0.01100	0.00587	0.00177	0.00304	0.05609	0.32188	0.00541
19	0.07576	0.01261	0.01710	0.01468	0.01496	0.01745	0.01223	0.01423	0.00898	0.01492	0.00767	0.01247	0.00753	0.00981	0.01790	0.00249	0.72528	0.00494	0.00263	0.00636
20	0.83671	0.01125	0.00855	0.00765	0.01125	0.01305	0.00630	0.01709	0.00990	0.02609	0.00810	0.00945	0.00630	0.00540	0.00360	0.00180	0.00450	0.00315	0.00360	0.00630
21	0.01272	0.01272	0.01781	0.01527	0.01527	0.01781	0.01272	0.01399	0.00891	0.01399	0.00763	0.01272	0.00763	0.01018	0.01908	0.00254	0.78499	0.00509	0.00254	0.00636
22	0.01387	0.06466	0.03315	0.02304	0.02875	0.01522	0.66069	0.01909	0.04576	0.01857	0.01205	0.01555	0.00913	0.00504	0.00663	0.00192	0.00935	0.00661	0.00304	0.00788
23	0.00782	0.00603	0.00716	0.00697	0.00853	0.00546	0.00519	0.01033	0.03377	0.02000	0.43427	0.09917	0.30760	0.01325	0.00688	0.00192	0.00291	0.01147	0.00596	0.00532
24	0.00861	0.00645	0.00918	0.00851	0.01006	0.00592	0.05138	0.01099	0.01487	0.03710	0.47685	0.20472	0.10703	0.01296	0.00696	0.00196	0.00339	0.01164	0.00590	0.00552
25	0.01206	0.01034	0.01206	0.00861	0.01378	0.00775	0.00689	0.01464	0.01206	0.01895	0.01034	0.01206	0.00861	0.00431	0.00431	0.00086	0.00431	0.00345	0.00345	0.83118
26	0.01069	0.00582	0.00819	0.00785	0.00830	0.00578	0.00536	0.04132	0.00871	0.01175	0.01053	0.01786	0.01035	0.04181	0.02133	0.73103	0.00510	0.00509	0.00275	0.04040
27	0.68227	0.01140	0.01027	0.00996	0.06074	0.01293	0.00744	0.01725	0.01038	0.04802	0.00883	0.01037	0.00691	0.00561	0.00454	0.00179	0.04000	0.00347	0.00361	0.04422
28	0.01715	0.55812	0.05596	0.01119	0.01617	0.04666	0.01071	0.18812	0.01565	0.01931	0.00959	0.01058	0.00803	0.00550	0.00435	0.00139	0.00650	0.00368	0.00329	0.00806

[dist]
# distance from previous block
# <min> <max>
0	1

[block]
# block no. 5 follows, 40 sequences, length 10
# corresponding to MSA columns:
# 147-156
name=unknown_F
#
# <colnr> <probs for GDERKNQSTAVLIFYWHMCP>
#	G	D	E	R	K	N	Q	S	T	A	V	L	I	F	Y	W	H	M	C	P
0	0.01453	0.01245	0.06242	0.01468	0.01899	0.01085	0.23381	0.04181	0.05360	0.14571	0.10305	0.07153	0.01829	0.00770	0.00662	0.00183	0.02904	0.03131	0.00459	0.11720
1	0.01694	0.17637	0.09893	0.01435	0.05607	0.05466	0.02921	0.11114	0.04624	0.13058	0.01276	0.01501	0.01009	0.00722	0.00829	0.00186	0.17485	0.02343	0.00391	0.00810
2	0.02336	0.01235	0.01466	0.01133	0.01568	0.01242	0.00933	0.33372	0.02095	0.40136	0.01881	0.01741	0.01249	0.00708	0.00572	0.00175	0.00542	0.00556	0.06099	0.00960
3	0.00888	0.00598	0.00834	0.01010	0.05918	0.00560	0.00645	0.01014	0.01165	0.06656	0.03001	0.68670	0.03485	0.01659	0.00720	0.00228	0.00372	0.01504	0.00535	0.00538
4	0.09624	0.05610	0.05414	0.01098	0.01558	0.01188	0.00953	0.13632	0.06625	0.45444	0.01878	0.01711	0.01244	0.00684	0.00551	0.00177	0.00537	0.00533	0.00606	0.00932
5	0.06158	0.00876	0.01180	0.12344	0.01679	0.00873	0.00935	0.01899	0.04109	0.28762	0.05319	0.03532	0.07943	0.01019	0.00645	0.00209	0.00519	0.20710	0.00558	0.00732
6	0.01010	0.00759	0.01085	0.05293	0.10067	0.00778	0.00869	0.01273	0.04974	0.04519	0.09029	0.31624	0.02963	0.03673	0.00853	0.02542	0.02990	0.14617	0.00490	0.00592
7	0.01594	0.01267	0.02418	0.24632	0.02945	0.01266	0.34425	0.01989	0.01382	0.20034	0.01408	0.01664	0.00987	0.00574	0.00630	0.00191	0.00800	0.00611	0.00388	0.00794
8	0.01098	0.01034	0.01744	0.78165	0.04005	0.01292	0.01615	0.01486	0.01163	0.01486	0.01034	0.01550	0.00775	0.00581	0.00581	0.00194	0.00775	0.00517	0.00258	0.00646
9	0.01461	0.01473	0.08967	0.16779	0.38775	0.01361	0.10001	0.05667	0.01389	0.06771	0.01182	0.01489	0.00911	0.00552	0.00588	0.00181	0.00740	0.00534	0.00323	0.00857

[dist]
# distance from previous block
# <min> <max>
0	9

[block]
# block no. 6 follows, 40 sequences, length 21
# corresponding to MSA columns:
# 166-186
name=unknown_G
#
# <colnr> <probs for GDERKNQSTAVLIFYWHMCP>
#	G	D	E	R	K	N	Q	S	T	A	V	L	I	F	Y	W	H	M	C	P
0	0.00777	0.00555	0.00754	0.00888	0.00952	0.00532	0.00659	0.00928	0.01181	0.01561	0.03167	0.57364	0.03696	0.01757	0.00761	0.00246	0.00397	0.22795	0.00539	0.00491
1	0.09668	0.25870	0.01995	0.01277	0.01642	0.47486	0.01038	0.02089	0.01445	0.01518	0.00863	0.01004	0.00737	0.00563	0.00463	0.00145	0.00864	0.00350	0.00290	0.00692
2	0.00966	0.00610	0.00778	0.00723	0.00878	0.00566	0.00547	0.01237	0.01586	0.06695	0.60767	0.03893	0.04677	0.01088	0.00640	0.00176	0.00287	0.00951	0.12361	0.00574
3	0.01555	0.79913	0.03047	0.00995	0.01493	0.02301	0.00995	0.01741	0.01182	0.01368	0.00808	0.00933	0.00746	0.00498	0.00373	0.00124	0.00622	0.00311	0.00249	0.00746
4	0.00713	0.00590	0.00625	0.00616	0.00801	0.00502	0.00462	0.00884	0.01386	0.01715	0.19088	0.05359	0.62412	0.01419	0.00687	0.00194	0.00291	0.01194	0.00559	0.00502
5	0.00714	0.00508	0.00673	0.00803	0.00835	0.00476	0.00532	0.00811	0.01103	0.01470	0.03150	0.76154	0.03777	0.04946	0.00831	0.00249	0.00346	0.01621	0.00532	0.00468
6	0.00740	0.00591	0.00663	0.00645	0.00818	0.00513	0.00484	0.00937	0.01451	0.01868	0.33104	0.05108	0.48301	0.01362	0.00687	0.00191	0.00287	0.01159	0.00579	0.00513
7	0.01643	0.01283	0.01372	0.01165	0.01511	0.01450	0.00927	0.26912	0.40046	0.02775	0.01955	0.01912	0.01467	0.00919	0.04241	0.00219	0.00556	0.00600	0.08158	0.00890
8	0.83671	0.01125	0.00855	0.00765	0.01125	0.01305	0.00630	0.01709	0.00990	0.02609	0.00810	0.00945	0.00630	0.00540	0.00360	0.00180	0.00450	0.00315	0.00360	0.00630
9	0.01248	0.01201	0.01687	0.01456	0.01456	0.01663	0.01201	0.01340	0.00878	0.01364	0.00786	0.01318	0.00786	0.01110	0.01942	0.07896	0.71303	0.00509	0.00254	0.00601
10	0.01451	0.01247	0.01375	0.08293	0.01756	0.01449	0.00993	0.06336	0.64630	0.02404	0.02197	0.02075	0.01645	0.00765	0.00590	0.00196	0.00498	0.00638	0.00560	0.00898
11	0.03934	0.01245	0.01748	0.08572	0.01742	0.01721	0.01283	0.01418	0.00919	0.01447	0.00790	0.01287	0.00760	0.00962	0.01736	0.00246	0.68792	0.00503	0.00258	0.00637
12	0.01265	0.01542	0.12578	0.13147	0.18706	0.03600	0.23252	0.01722	0.03437	0.01854	0.08989	0.01922	0.04039	0.00637	0.00621	0.00186	0.00761	0.00636	0.00334	0.00771
13	0.01862	0.01919	0.01595	0.01364	0.01682	0.36896	0.04851	0.16157	0.01691	0.05064	0.01203	0.01423	0.00969	0.01239	0.13098	0.00287	0.02756	0.00476	0.02398	0.03070
14	0.09046	0.01831	0.22951	0.01781	0.10214	0.03234	0.11210	0.05496	0.05228	0.07091	0.01165	0.01385	0.00889	0.00658	0.00812	0.00196	0.15162	0.00504	0.00338	0.00808
15	0.00768	0.00581	0.00709	0.00701	0.00841	0.00522	0.00516	0.00982	0.01481	0.01996	0.45563	0.14754	0.25751	0.01357	0.00694	0.00194	0.00289	0.01184	0.00597	0.00522
16	0.01365	0.01241	0.01458	0.20346	0.04311	0.09818	0.01110	0.07878	0.10434	0.03996	0.15485	0.03965	0.01936	0.02718	0.00836	0.00203	0.11118	0.00656	0.00426	0.00699
17	0.01280	0.01775	0.30236	0.04795	0.01956	0.01173	0.05641	0.02031	0.18795	0.07477	0.05363	0.07316	0.04147	0.00776	0.00591	0.00190	0.00629	0.00662	0.04367	0.00800
18	0.01167	0.01710	0.25329	0.06490	0.09467	0.01303	0.09471	0.01542	0.01154	0.01671	0.05102	0.04035	0.01264	0.08030	0.02750	0.00253	0.17649	0.00601	0.00299	0.00714
19	0.16191	0.25759	0.13994	0.01319	0.01774	0.15639	0.07027	0.01836	0.01229	0.01717	0.00888	0.01086	0.00737	0.00581	0.00597	0.00166	0.08065	0.00391	0.00282	0.00723
20	0.74895	0.04566	0.05824	0.00832	0.01230	0.01349	0.00743	0.01719	0.01013	0.02507	0.00825	0.00962	0.00642	0.00539	0.00373	0.00178	0.00483	0.00322	0.00348	0.00649

[dist]
# distance from previous block
# <min> <max>
0	1

[block]
# block no. 7 follows, 40 sequences, length 16
# corresponding to MSA columns:
# 188-203
name=unknown_H
#
# <colnr> <probs for GDERKNQSTAVLIFYWHMCP>
#	G	D	E	R	K	N	Q	S	T	A	V	L	I	F	Y	W	H	M	C	P
0	0.05378	0.01115	0.01776	0.13662	0.38182	0.01204	0.01384	0.01517	0.01200	0.01746	0.03615	0.01858	0.04698	0.01301	0.14168	0.00317	0.05246	0.00576	0.00312	0.00747
1	0.00943	0.00532	0.00786	0.00806	0.00833	0.00547	0.00563	0.00829	0.00848	0.01147	0.01416	0.10357	0.01476	0.02401	0.15410	0.56634	0.00676	0.03158	0.00304	0.00334
2	0.00894	0.00680	0.00894	0.00865	0.00900	0.00783	0.00611	0.00982	0.00896	0.01257	0.01677	0.07518	0.01821	0.40388	0.25633	0.00614	0.12020	0.00777	0.00337	0.00452
3	0.00737	0.00569	0.00673	0.00694	0.00828	0.00505	0.00502	0.00914	0.01375	0.01798	0.28057	0.24429	0.33886	0.01471	0.00701	0.00202	0.00299	0.01281	0.00573	0.00505
4	0.02059	0.08399	0.01701	0.01417	0.01716	0.67775	0.01075	0.02204	0.01573	0.01404	0.00939	0.01180	0.00818	0.04587	0.00636	0.00169	0.00992	0.00394	0.00299	0.00663
5	0.01206	0.01034	0.01206	0.00861	0.01378	0.00775	0.00689	0.01464	0.01206	0.01895	0.01034	0.01206	0.00861	0.00431	0.00431	0.00086	0.00431	0.00345	0.00345	0.83118
6	0.83671	0.01125	0.00855	0.00765	0.01125	0.01305	0.00630	0.01709	0.00990	0.02609	0.00810	0.00945	0.00630	0.00540	0.00360	0.00180	0.00450	0.00315	0.00360	0.00630
7	0.02157	0.01602	0.01715	0.01327	0.01783	0.01778	0.01092	0.68983	0.07835	0.03578	0.01465	0.01451	0.01045	0.00705	0.00582	0.00176	0.00627	0.00533	0.00582	0.00984
8	0.00736	0.00599	0.00657	0.00665	0.00846	0.00520	0.00514	0.00916	0.01375	0.01705	0.16050	0.05518	0.56941	0.01445	0.00700	0.00202	0.00319	0.09233	0.00555	0.00505
9	0.01488	0.01270	0.01338	0.01192	0.01528	0.01466	0.00930	0.06916	0.70992	0.02499	0.02314	0.02128	0.01733	0.00784	0.00591	0.00196	0.00470	0.00650	0.00591	0.00924
10	0.83671	0.01125	0.00855	0.00765	0.01125	0.01305	0.00630	0.01709	0.00990	0.02609	0.00810	0.00945	0.00630	0.00540	0.00360	0.00180	0.00450	0.00315	0.00360	0.00630
11	0.02584	0.01030	0.01374	0.01054	0.01504	0.00914	0.00870	0.07278	0.01731	0.71800	0.02238	0.01943	0.01411	0.00718	0.00585	0.00180	0.00504	0.00581	0.00711	0.00990
12	0.00918	0.00679	0.00917	0.00899	0.00984	0.00766	0.00672	0.03914	0.01008	0.01407	0.01709	0.02972	0.01740	0.26182	0.42967	0.00713	0.04717	0.05992	0.00348	0.00495
13	0.05129	0.01509	0.01704	0.01459	0.07242	0.01663	0.01116	0.53585	0.06921	0.08465	0.01451	0.01467	0.01043	0.00699	0.00627	0.00180	0.03713	0.00527	0.00549	0.00952
14	0.07991	0.01448	0.01443	0.01138	0.01568	0.09447	0.00918	0.30892	0.04462	0.10714	0.04789	0.01509	0.01192	0.00643	0.00530	0.00154	0.00583	0.00487	0.00499	0.19594
15	0.07320	0.00845	0.00981	0.05037	0.01211	0.00910	0.00697	0.02949	0.14655	0.08379	0.08185	0.11322	0.07986	0.15622	0.01099	0.00263	0.04394	0.00823	0.06693	0.00629

[dist]
# distance from previous block
# <min> <max>
2	22

[block]
# block no. 8 follows, 40 sequences, length 24
# corresponding to MSA columns:
# 228-251
name=unknown_I
#
# <colnr> <probs for GDERKNQSTAVLIFYWHMCP>
#	G	D	E	R	K	N	Q	S	T	A	V	L	I	F	Y	W	H	M	C	P
0	0.06624	0.28900	0.15320	0.01215	0.01724	0.11170	0.03105	0.02000	0.03224	0.12485	0.01142	0.01228	0.00877	0.00569	0.00507	0.00154	0.02461	0.00406	0.00347	0.06542
1	0.01253	0.05638	0.01128	0.00886	0.01128	0.03478	0.00701	0.11907	0.03290	0.07886	0.47327	0.03442	0.07561	0.01027	0.00637	0.00178	0.00396	0.00874	0.00596	0.00666
2	0.01319	0.00923	0.01163	0.01037	0.03022	0.00933	0.03566	0.05627	0.18169	0.12993	0.27628	0.03312	0.14311	0.01002	0.00666	0.00189	0.01960	0.00857	0.00593	0.00730
3	0.01206	0.01034	0.01206	0.00861	0.01378	0.00775	0.00689	0.01464	0.01206	0.01895	0.01034	0.01206	0.00861	0.00431	0.00431	0.00086	0.00431	0.00345	0.00345	0.83118
4	0.02268	0.01536	0.01688	0.01294	0.01757	0.01666	0.01069	0.63676	0.02579	0.14204	0.01526	0.01481	0.01054	0.00701	0.00582	0.00175	0.00619	0.00532	0.00602	0.00989
5	0.00846	0.00564	0.00634	0.00634	0.00634	0.00564	0.00352	0.00846	0.00846	0.01128	0.01832	0.03805	0.02114	0.79563	0.02960	0.00564	0.00564	0.00846	0.00352	0.00352
6	0.00842	0.00742	0.01079	0.00955	0.01188	0.00667	0.11175	0.01072	0.01369	0.01730	0.13256	0.06745	0.43552	0.01324	0.00706	0.00206	0.00429	0.11902	0.00516	0.00547
7	0.00709	0.00506	0.00675	0.00810	0.00843	0.00472	0.00540	0.00810	0.01113	0.01484	0.03205	0.79184	0.03846	0.01822	0.00742	0.00236	0.00337	0.01653	0.00540	0.00472
8	0.00782	0.00558	0.00759	0.00893	0.00959	0.00535	0.00667	0.00936	0.01186	0.01566	0.03165	0.55907	0.03686	0.01753	0.00762	0.00246	0.00401	0.24206	0.00538	0.00493
9	0.02551	0.01082	0.01407	0.01079	0.01531	0.00992	0.00891	0.13154	0.01820	0.65799	0.02164	0.01895	0.01374	0.00717	0.00584	0.00179	0.00516	0.00576	0.00700	0.00990
10	0.00758	0.00568	0.00703	0.00719	0.00842	0.00513	0.00521	0.00953	0.01420	0.01911	0.38544	0.25641	0.21907	0.01435	0.00702	0.00201	0.00297	0.01263	0.00588	0.00513
11	0.01387	0.01513	0.03068	0.02326	0.06634	0.01462	0.59480	0.02037	0.12031	0.01947	0.01345	0.01649	0.01014	0.00535	0.00667	0.00195	0.00890	0.00673	0.00337	0.00811
12	0.71094	0.05586	0.06681	0.00851	0.01258	0.01352	0.00769	0.01747	0.01034	0.04179	0.00861	0.00989	0.00663	0.00543	0.00380	0.00177	0.00491	0.00330	0.00353	0.00662
13	0.04835	0.03505	0.08586	0.03058	0.03669	0.15876	0.01103	0.05888	0.05138	0.11381	0.01249	0.02879	0.00988	0.00669	0.00720	0.00167	0.11951	0.00471	0.00386	0.17481
14	0.01624	0.01354	0.02116	0.05333	0.56482	0.03881	0.01577	0.02014	0.05230	0.12694	0.01326	0.01546	0.01031	0.00566	0.00576	0.00175	0.00665	0.00530	0.00366	0.00914
15	0.01187	0.00666	0.00867	0.00778	0.00975	0.00605	0.00597	0.01444	0.01599	0.16888	0.52588	0.05857	0.05830	0.01085	0.00648	0.00181	0.00320	0.00945	0.06309	0.00632
16	0.00918	0.00692	0.00861	0.00809	0.00974	0.00683	0.00617	0.01390	0.12256	0.02325	0.62359	0.04109	0.04871	0.01146	0.00676	0.00188	0.00311	0.03581	0.00629	0.00602
17	0.01613	0.00794	0.00965	0.00829	0.01099	0.00761	0.00654	0.02031	0.10166	0.28405	0.16719	0.02533	0.02299	0.00807	0.00547	0.00168	0.00373	0.00672	0.27820	0.00746
18	0.00837	0.00599	0.00815	0.00815	0.00877	0.00662	0.00577	0.00961	0.00899	0.01261	0.01667	0.02893	0.01718	0.34428	0.47553	0.00786	0.01160	0.00712	0.00328	0.00453
19	0.01047	0.00762	0.00983	0.00884	0.01068	0.00752	0.03449	0.11670	0.01666	0.02346	0.43354	0.16655	0.04044	0.01159	0.00658	0.00188	0.00365	0.01024	0.07316	0.00608
20	0.00831	0.00623	0.00935	0.00935	0.01038	0.00727	0.00727	0.01038	0.00935	0.01350	0.01558	0.02285	0.01454	0.04361	0.77259	0.00935	0.01558	0.00623	0.00312	0.00519
21	0.13165	0.02533	0.56140	0.01740	0.09590	0.01350	0.03947	0.01817	0.01207	0.01959	0.01018	0.01217	0.00744	0.00545	0.00531	0.00183	0.00787	0.00429	0.00268	0.00830
22	0.00750	0.00617	0.03477	0.00856	0.00930	0.00543	0.00625	0.00886	0.01093	0.01476	0.02883	0.62874	0.03380	0.04627	0.09865	0.00329	0.00513	0.03290	0.00496	0.00490
23	0.01617	0.01425	0.01727	0.06242	0.27959	0.14812	0.01263	0.03407	0.01432	0.12583	0.06999	0.04104	0.05387	0.00752	0.00706	0.00182	0.07608	0.00611	0.00401	0.00784

[dist]
# distance from previous block
# <min> <max>
1	3

[block]
# block no. 9 follows, 40 sequences, length 12
# corresponding to MSA columns:
# 255-266
name=unknown_J
#
# <colnr> <probs for GDERKNQSTAVLIFYWHMCP>
#	G	D	E	R	K	N	Q	S	T	A	V	L	I	F	Y	W	H	M	C	P
0	0.29206	0.46132	0.09204	0.00980	0.01465	0.01876	0.00980	0.01740	0.01121	0.01831	0.00831	0.00964	0.00706	0.00517	0.00385	0.00149	0.00586	0.00323	0.00286	0.00718
1	0.01798	0.02405	0.21595	0.01577	0.02065	0.33380	0.08172	0.08476	0.04576	0.06025	0.01140	0.01281	0.00861	0.00615	0.00607	0.00173	0.03662	0.00460	0.00344	0.00788
2	0.00817	0.00590	0.00772	0.00736	0.00867	0.00544	0.00548	0.01082	0.01617	0.02285	0.71639	0.08467	0.05397	0.01224	0.00689	0.00186	0.00278	0.01085	0.00635	0.00544
3	0.01223	0.14742	0.22930	0.01196	0.01666	0.01182	0.06850	0.01632	0.03067	0.07440	0.23623	0.02537	0.07911	0.00815	0.00586	0.00176	0.00577	0.00691	0.00432	0.00726
4	0.00823	0.00594	0.00777	0.00732	0.00869	0.00549	0.00549	0.01097	0.01646	0.02332	0.75629	0.04344	0.05487	0.01189	0.00686	0.00183	0.00274	0.01052	0.00640	0.00549
5	0.02100	0.01574	0.01683	0.01316	0.01761	0.01752	0.01078	0.63706	0.13205	0.03486	0.01537	0.01508	0.01103	0.00711	0.00583	0.00178	0.00614	0.00543	0.00583	0.00979
6	0.01439	0.01382	0.02360	0.03569	0.75936	0.01382	0.01785	0.01785	0.01324	0.01900	0.01094	0.01439	0.00921	0.00518	0.00576	0.00173	0.00691	0.00518	0.00288	0.00921
7	0.01782	0.01557	0.01535	0.01398	0.06296	0.12851	0.01037	0.31019	0.22090	0.02663	0.04244	0.07762	0.01542	0.00802	0.00592	0.00182	0.00619	0.00644	0.00522	0.00863
8	0.01207	0.06833	0.50298	0.01419	0.02051	0.01334	0.01680	0.01833	0.06977	0.01872	0.01230	0.01417	0.00924	0.00620	0.00628	0.00180	0.06613	0.00462	0.11622	0.00797
9	0.00937	0.00680	0.00915	0.00833	0.00891	0.00715	0.05098	0.00993	0.00924	0.01290	0.01776	0.03184	0.04265	0.50724	0.05672	0.06622	0.06712	0.00764	0.06581	0.00421
10	0.01713	0.01372	0.06121	0.01350	0.03666	0.01381	0.05266	0.18440	0.25352	0.13982	0.07706	0.01963	0.01632	0.00768	0.00697	0.00191	0.06353	0.00621	0.00542	0.00884
11	0.01409	0.01428	0.07776	0.03001	0.57847	0.01319	0.01651	0.01848	0.05943	0.04149	0.01241	0.01549	0.01016	0.00830	0.06276	0.00232	0.00748	0.00530	0.00319	0.00889

[dist]
# distance from previous block
# <min> <max>
0	37

# created by:
# /home/berkeley/.conda/envs/busco_data_prod/bin/msa2prfl.pl pipeline/OGs_align_augustus/33634/152518.fs
