[name]
unknown

[dist]
# distance from previous block
# <min> <max>
0	136

[block]
# block no. 0 follows, 35 sequences, length 9
# corresponding to MSA columns:
# 440-448
name=unknown_A
#
# <colnr> <probs for GDERKNQSTAVLIFYWHMCP>
#	G	D	E	R	K	N	Q	S	T	A	V	L	I	F	Y	W	H	M	C	P
0	0.19297	0.01052	0.01306	0.01540	0.14208	0.01105	0.01052	0.05650	0.04507	0.02308	0.06165	0.06311	0.06826	0.01160	0.00683	0.00232	0.00558	0.24810	0.00505	0.00724
1	0.06291	0.01383	0.01558	0.21763	0.06067	0.10227	0.01161	0.11378	0.01578	0.06668	0.01390	0.01820	0.01126	0.07952	0.00824	0.00218	0.00708	0.00550	0.06206	0.11131
2	0.00958	0.00914	0.07774	0.00850	0.01112	0.00672	0.00735	0.01246	0.01624	0.05118	0.38943	0.04815	0.30220	0.01324	0.00730	0.00205	0.00378	0.01133	0.00621	0.00627
3	0.01631	0.01381	0.01275	0.01157	0.01350	0.17452	0.00854	0.11448	0.11082	0.01817	0.01335	0.01757	0.01149	0.01476	0.01549	0.41070	0.00697	0.00545	0.00387	0.00589
4	0.05293	0.01382	0.01710	0.01385	0.01700	0.01582	0.05582	0.27627	0.07195	0.06506	0.01498	0.01705	0.01156	0.00913	0.01042	0.05407	0.17053	0.00585	0.09828	0.00851
5	0.00912	0.00642	0.00814	0.00904	0.01009	0.00616	0.00691	0.01100	0.01324	0.01769	0.06522	0.25132	0.12457	0.12040	0.01127	0.00303	0.00464	0.25473	0.06168	0.00533
6	0.01843	0.29865	0.11072	0.03275	0.01812	0.05427	0.01213	0.06884	0.01518	0.16659	0.01546	0.08607	0.01309	0.00796	0.00652	0.00184	0.05450	0.00594	0.00435	0.00859
7	0.00869	0.00659	0.00896	0.08009	0.01290	0.00646	0.00738	0.01081	0.01415	0.01891	0.21111	0.37275	0.11227	0.01622	0.00779	0.00238	0.00414	0.08690	0.00587	0.00564
8	0.01649	0.68147	0.07441	0.01170	0.01697	0.02408	0.01182	0.01879	0.01269	0.01526	0.00894	0.01063	0.00815	0.00587	0.00539	0.00150	0.06139	0.00362	0.00272	0.00813

[dist]
# distance from previous block
# <min> <max>
1	9

[block]
# block no. 1 follows, 35 sequences, length 8
# corresponding to MSA columns:
# 458-465
name=unknown_B
#
# <colnr> <probs for GDERKNQSTAVLIFYWHMCP>
#	G	D	E	R	K	N	Q	S	T	A	V	L	I	F	Y	W	H	M	C	P
0	0.01552	0.20251	0.38778	0.01516	0.02224	0.06115	0.01715	0.09887	0.01527	0.02068	0.01137	0.01322	0.00878	0.00782	0.03745	0.00212	0.00873	0.00451	0.00322	0.04643
1	0.04141	0.13670	0.15716	0.01652	0.02149	0.07207	0.18250	0.01840	0.01323	0.01841	0.01195	0.01542	0.00982	0.01104	0.09222	0.00284	0.08294	0.00542	0.04511	0.04537
2	0.01249	0.01227	0.02216	0.63685	0.04190	0.01443	0.13607	0.01691	0.01307	0.01691	0.01154	0.01695	0.00866	0.00617	0.00654	0.00212	0.00884	0.00595	0.00289	0.00730
3	0.00914	0.00649	0.00863	0.00863	0.00922	0.00708	0.00597	0.01032	0.00973	0.01357	0.01843	0.03286	0.01931	0.39662	0.40758	0.00826	0.01180	0.00796	0.00361	0.00479
4	0.00770	0.00562	0.00725	0.00856	0.00913	0.00518	0.00577	0.00886	0.01241	0.01630	0.03830	0.69184	0.12087	0.01944	0.00803	0.00253	0.00363	0.01751	0.00589	0.00518
5	0.00784	0.00557	0.00733	0.00869	0.00903	0.00523	0.00573	0.00886	0.01192	0.01590	0.03382	0.71706	0.04052	0.07769	0.00994	0.00285	0.00387	0.01736	0.00573	0.00505
6	0.01454	0.00843	0.01066	0.00926	0.01187	0.00794	0.00722	0.05392	0.05517	0.19134	0.46010	0.03926	0.08137	0.01145	0.00712	0.00200	0.00387	0.00988	0.00706	0.00752
7	0.71946	0.01208	0.01002	0.00872	0.01278	0.01360	0.00719	0.02023	0.01175	0.12054	0.01092	0.01176	0.00801	0.00614	0.00424	0.00196	0.00497	0.00382	0.00443	0.00738

[dist]
# distance from previous block
# <min> <max>
0	2

[block]
# block no. 2 follows, 35 sequences, length 17
# corresponding to MSA columns:
# 468-484
name=unknown_C
#
# <colnr> <probs for GDERKNQSTAVLIFYWHMCP>
#	G	D	E	R	K	N	Q	S	T	A	V	L	I	F	Y	W	H	M	C	P
0	0.13616	0.01504	0.01500	0.01265	0.01679	0.05824	0.01011	0.19376	0.32938	0.11644	0.01982	0.01876	0.01442	0.00777	0.00601	0.00201	0.00589	0.00601	0.00605	0.00970
1	0.29566	0.01505	0.05613	0.01177	0.01643	0.04464	0.01018	0.20502	0.01827	0.21111	0.01590	0.01738	0.01156	0.00739	0.00559	0.00198	0.00615	0.03524	0.00554	0.00901
2	0.01600	0.22866	0.05662	0.03841	0.09600	0.06390	0.12521	0.06136	0.12183	0.02027	0.01582	0.04211	0.01382	0.00761	0.00611	0.00192	0.00752	0.06427	0.00400	0.00854
3	0.24369	0.01338	0.01399	0.01120	0.01554	0.01431	0.00920	0.28961	0.02012	0.20122	0.01635	0.01625	0.01144	0.00717	0.00549	0.00189	0.00562	0.00526	0.08907	0.00921
4	0.06393	0.01327	0.01813	0.06479	0.02024	0.03756	0.13859	0.08841	0.16131	0.14814	0.02301	0.04681	0.07626	0.03072	0.00767	0.00222	0.02247	0.02249	0.00537	0.00862
5	0.00822	0.00609	0.00771	0.00831	0.00942	0.00558	0.00600	0.01011	0.01449	0.01934	0.25208	0.37848	0.17384	0.01694	0.00784	0.00234	0.00352	0.05798	0.00622	0.00549
6	0.07338	0.01054	0.01254	0.03681	0.01433	0.03222	0.00898	0.11749	0.01513	0.11101	0.03531	0.23593	0.02243	0.05972	0.07520	0.00321	0.09316	0.03025	0.00521	0.00714
7	0.00797	0.00597	0.00740	0.00804	0.00911	0.00540	0.00565	0.00965	0.01409	0.01862	0.20832	0.42645	0.21559	0.01730	0.00780	0.00233	0.00340	0.01534	0.00615	0.00540
8	0.00913	0.00654	0.00890	0.00890	0.00959	0.00723	0.00631	0.01050	0.00981	0.01377	0.01818	0.03148	0.01871	0.33592	0.46746	0.00860	0.01271	0.00776	0.00357	0.00494
9	0.01696	0.78087	0.03324	0.01085	0.01628	0.02510	0.01085	0.01900	0.01289	0.01493	0.00882	0.01018	0.00814	0.00543	0.00407	0.00136	0.00678	0.00339	0.00271	0.00814
10	0.00829	0.00604	0.00790	0.00903	0.00989	0.00565	0.00659	0.00996	0.01340	0.01770	0.10551	0.50006	0.11375	0.01838	0.00810	0.00254	0.00396	0.14188	0.00599	0.00538
11	0.04510	0.07162	0.11588	0.01654	0.05995	0.01644	0.08839	0.29067	0.02022	0.11484	0.01544	0.04518	0.01183	0.00856	0.02738	0.00219	0.02910	0.00611	0.00500	0.00954
12	0.07272	0.01261	0.05942	0.04899	0.13763	0.01170	0.03258	0.03501	0.12589	0.13871	0.13435	0.04929	0.04591	0.00988	0.03047	0.00226	0.00606	0.00743	0.00532	0.03375
13	0.01052	0.00799	0.06143	0.00919	0.01039	0.00641	0.00693	0.01117	0.01131	0.06604	0.02478	0.36994	0.02769	0.16453	0.01590	0.16885	0.00506	0.01199	0.00476	0.00512
14	0.26394	0.45946	0.02389	0.01012	0.01509	0.02035	0.00944	0.04585	0.01293	0.02047	0.00925	0.01063	0.00795	0.00560	0.00416	0.00153	0.00606	0.00352	0.00330	0.06645
15	0.04029	0.15179	0.11593	0.05251	0.04637	0.01541	0.01229	0.12093	0.12361	0.12897	0.05510	0.07685	0.01668	0.00824	0.00604	0.00194	0.00631	0.00667	0.00507	0.00899
16	0.01776	0.11330	0.07215	0.01601	0.10502	0.03780	0.06253	0.06571	0.05556	0.17575	0.05928	0.06746	0.04084	0.00801	0.00617	0.00185	0.00641	0.00683	0.00500	0.07657

[dist]
# distance from previous block
# <min> <max>
3	32

[block]
# block no. 3 follows, 35 sequences, length 9
# corresponding to MSA columns:
# 517-525
name=unknown_D
#
# <colnr> <probs for GDERKNQSTAVLIFYWHMCP>
#	G	D	E	R	K	N	Q	S	T	A	V	L	I	F	Y	W	H	M	C	P
0	0.01819	0.01540	0.07831	0.03705	0.01824	0.05150	0.01162	0.16425	0.11671	0.13767	0.02045	0.02282	0.05726	0.00864	0.00769	0.00199	0.07770	0.04651	0.00532	0.10268
1	0.01903	0.01806	0.01642	0.14594	0.02184	0.25731	0.01195	0.12996	0.07703	0.08385	0.03946	0.09270	0.01529	0.00866	0.00686	0.00198	0.03413	0.00676	0.00470	0.00808
2	0.01471	0.07541	0.03251	0.14702	0.02102	0.05831	0.03376	0.06799	0.10456	0.04568	0.07673	0.03674	0.04293	0.01051	0.05211	0.00241	0.06362	0.00651	0.00440	0.10309
3	0.01240	0.01073	0.01186	0.01106	0.01263	0.06746	0.00843	0.10753	0.01545	0.02036	0.12036	0.25088	0.10982	0.03547	0.05516	0.00287	0.12480	0.01102	0.00520	0.00650
4	0.10944	0.07742	0.05131	0.05604	0.19226	0.01467	0.04979	0.05349	0.06702	0.07246	0.01405	0.03025	0.01165	0.05311	0.00825	0.00215	0.05259	0.00570	0.00402	0.07430
5	0.01415	0.01288	0.01361	0.01019	0.01549	0.06492	0.00807	0.01805	0.06869	0.02074	0.01229	0.01384	0.01008	0.00514	0.00491	0.00109	0.00523	0.00405	0.00393	0.69266
6	0.01177	0.00805	0.01150	0.06584	0.01455	0.00761	0.06056	0.01439	0.01504	0.10346	0.15762	0.13326	0.20336	0.01294	0.00723	0.00218	0.00470	0.08533	0.07407	0.00654
7	0.01943	0.05636	0.01294	0.00974	0.01322	0.01078	0.00793	0.11654	0.07032	0.26046	0.04702	0.02189	0.01667	0.00775	0.00557	0.00176	0.00468	0.00618	0.30216	0.00861
8	0.01922	0.01317	0.04451	0.11367	0.06405	0.01293	0.03121	0.18780	0.06073	0.21414	0.07472	0.04496	0.03987	0.00856	0.00656	0.00202	0.00624	0.02226	0.02420	0.00917

[dist]
# distance from previous block
# <min> <max>
6	33

[block]
# block no. 4 follows, 35 sequences, length 16
# corresponding to MSA columns:
# 609-624
name=unknown_E
#
# <colnr> <probs for GDERKNQSTAVLIFYWHMCP>
#	G	D	E	R	K	N	Q	S	T	A	V	L	I	F	Y	W	H	M	C	P
0	0.07807	0.11637	0.01721	0.03586	0.01636	0.09258	0.02268	0.13990	0.05028	0.02260	0.08368	0.10962	0.04053	0.00961	0.00795	0.00200	0.10318	0.00732	0.00462	0.03960
1	0.06142	0.01288	0.04774	0.06089	0.01796	0.01208	0.01029	0.12919	0.11127	0.21571	0.01929	0.07177	0.01497	0.00981	0.04081	0.00225	0.00625	0.00651	0.00563	0.14329
2	0.10950	0.01410	0.03593	0.05577	0.02175	0.01374	0.20424	0.11054	0.06070	0.02395	0.03042	0.04719	0.01249	0.00685	0.00657	0.00185	0.03295	0.00621	0.02160	0.18364
3	0.43611	0.01286	0.01461	0.01245	0.03675	0.01398	0.09823	0.07439	0.08234	0.06587	0.01499	0.01610	0.03371	0.00674	0.00516	0.00197	0.00574	0.00519	0.05491	0.00789
4	0.01358	0.01134	0.01510	0.03793	0.01538	0.01407	0.01089	0.10324	0.01352	0.04573	0.01896	0.27179	0.02032	0.01336	0.01365	0.00255	0.35732	0.00984	0.00448	0.00697
5	0.01690	0.01343	0.02166	0.11046	0.02432	0.01347	0.22152	0.13012	0.07180	0.12230	0.01841	0.11415	0.01536	0.00823	0.00680	0.00204	0.00732	0.00787	0.00493	0.06892
6	0.06109	0.01060	0.01289	0.03871	0.01438	0.01148	0.00866	0.15936	0.01566	0.15799	0.01863	0.07800	0.01689	0.19929	0.08152	0.02246	0.07243	0.00753	0.00507	0.00737
7	0.47975	0.01234	0.01146	0.00962	0.01360	0.01345	0.00784	0.13943	0.01558	0.06792	0.10362	0.01671	0.01497	0.00711	0.00499	0.00188	0.00503	0.00504	0.00494	0.06472
8	0.00791	0.00636	0.00705	0.00705	0.00886	0.00550	0.00522	0.00983	0.01517	0.01924	0.23780	0.12169	0.49484	0.01560	0.00755	0.00214	0.00320	0.01330	0.00618	0.00550
9	0.01834	0.01453	0.01693	0.01636	0.10896	0.01594	0.01155	0.32611	0.23256	0.03064	0.05272	0.09007	0.01840	0.00905	0.00659	0.00204	0.00598	0.00755	0.00596	0.00973
10	0.07442	0.01149	0.01474	0.14266	0.04238	0.01235	0.01138	0.18126	0.01806	0.14050	0.05320	0.03037	0.01902	0.01128	0.03784	0.00251	0.00673	0.15301	0.02860	0.00821
11	0.01365	0.00773	0.01010	0.00897	0.01129	0.00712	0.00691	0.01707	0.04737	0.18800	0.51713	0.06773	0.04746	0.01188	0.00721	0.00202	0.00365	0.01038	0.00712	0.00722
12	0.01640	0.28384	0.07960	0.01760	0.02306	0.03980	0.26326	0.07048	0.01505	0.04085	0.01280	0.05482	0.01091	0.00671	0.00659	0.00187	0.03836	0.00610	0.00350	0.00842
13	0.01102	0.00551	0.00826	0.00826	0.00826	0.00551	0.00551	0.00826	0.00826	0.01102	0.01102	0.01928	0.01102	0.02204	0.02479	0.81543	0.00551	0.00551	0.00275	0.00275
14	0.00968	0.00770	0.01137	0.01102	0.01201	0.00940	0.00869	0.01183	0.01013	0.01480	0.01589	0.02351	0.01490	0.04292	0.65854	0.00925	0.11258	0.00664	0.00332	0.00583
15	0.11628	0.01119	0.01241	0.00916	0.01435	0.00910	0.00728	0.01604	0.01269	0.02132	0.01132	0.01395	0.00963	0.03647	0.00573	0.00128	0.00478	0.00394	0.00378	0.67927

[dist]
# distance from previous block
# <min> <max>
1	3

[block]
# block no. 5 follows, 35 sequences, length 11
# corresponding to MSA columns:
# 628-638
name=unknown_F
#
# <colnr> <probs for GDERKNQSTAVLIFYWHMCP>
#	G	D	E	R	K	N	Q	S	T	A	V	L	I	F	Y	W	H	M	C	P
0	0.20113	0.01613	0.01436	0.01225	0.01611	0.16558	0.00974	0.12798	0.10021	0.17465	0.01613	0.01658	0.01188	0.01097	0.07664	0.00269	0.00783	0.00528	0.00522	0.00863
1	0.75898	0.01175	0.00917	0.00838	0.01203	0.01353	0.00679	0.01789	0.01090	0.02752	0.01085	0.06921	0.00958	0.00697	0.00425	0.00201	0.00481	0.00456	0.00408	0.00674
2	0.01129	0.00772	0.00955	0.00969	0.01151	0.00744	0.00755	0.07894	0.01574	0.06688	0.09202	0.28028	0.17710	0.01605	0.00781	0.00242	0.00449	0.18104	0.00613	0.00633
3	0.00985	0.00608	0.00675	0.00678	0.00727	0.00604	0.00419	0.01084	0.01089	0.01618	0.05932	0.06385	0.02393	0.50265	0.02263	0.00455	0.00504	0.00879	0.21982	0.00456
4	0.00919	0.00652	0.00806	0.00781	0.00947	0.00585	0.00580	0.01159	0.01640	0.04933	0.45492	0.13363	0.22918	0.01437	0.00752	0.00210	0.00322	0.01253	0.00661	0.00591
5	0.02030	0.01564	0.01676	0.01360	0.01794	0.01748	0.01099	0.43743	0.26879	0.03445	0.06366	0.02014	0.01680	0.00829	0.00645	0.00199	0.00606	0.00657	0.00642	0.01023
6	0.14405	0.01447	0.01586	0.01251	0.01723	0.01538	0.01027	0.34327	0.08632	0.24904	0.01819	0.01718	0.01246	0.00752	0.00600	0.00195	0.00602	0.00570	0.00645	0.01014
7	0.06619	0.01588	0.01711	0.01332	0.01798	0.01733	0.01095	0.56263	0.02668	0.08798	0.06054	0.01770	0.01416	0.00787	0.00623	0.00190	0.00637	0.00600	0.03304	0.01012
8	0.01170	0.00927	0.01220	0.01188	0.04138	0.00961	0.04812	0.09974	0.05857	0.01956	0.02807	0.26298	0.09366	0.17886	0.01343	0.00317	0.03887	0.04739	0.00514	0.00640
9	0.01764	0.70825	0.03189	0.01121	0.01660	0.02459	0.01097	0.08536	0.01450	0.01731	0.00943	0.01066	0.00839	0.00564	0.00429	0.00141	0.00680	0.00361	0.00306	0.00839
10	0.44434	0.01732	0.16098	0.01283	0.04130	0.03723	0.03152	0.02168	0.09947	0.06157	0.01249	0.01354	0.00930	0.00634	0.00502	0.00199	0.00631	0.00450	0.00411	0.00813

[dist]
# distance from previous block
# <min> <max>
0	2

[block]
# block no. 6 follows, 35 sequences, length 15
# corresponding to MSA columns:
# 641-653,660,661
name=unknown_G
#
# <colnr> <probs for GDERKNQSTAVLIFYWHMCP>
#	G	D	E	R	K	N	Q	S	T	A	V	L	I	F	Y	W	H	M	C	P
0	0.01476	0.01297	0.05471	0.07194	0.01773	0.01422	0.01151	0.08962	0.15525	0.05968	0.06431	0.07823	0.01789	0.01088	0.02935	0.00245	0.21255	0.00730	0.06668	0.00797
1	0.00954	0.00658	0.00838	0.00800	0.00963	0.00597	0.00597	0.01214	0.01695	0.05569	0.54642	0.11570	0.14754	0.01380	0.00749	0.00207	0.00320	0.01211	0.00677	0.00604
2	0.01307	0.01223	0.02075	0.05117	0.37415	0.01212	0.09734	0.01689	0.03909	0.02023	0.08900	0.15775	0.04967	0.00943	0.00693	0.00208	0.00655	0.00903	0.00423	0.00830
3	0.00851	0.00636	0.00790	0.00774	0.00924	0.00575	0.00572	0.01097	0.01651	0.02253	0.50446	0.13503	0.20705	0.01446	0.00756	0.00210	0.00312	0.01266	0.00661	0.00575
4	0.01102	0.00551	0.00826	0.00826	0.00826	0.00551	0.00551	0.00826	0.00826	0.01102	0.01102	0.01928	0.01102	0.02204	0.02479	0.81543	0.00551	0.00551	0.00275	0.00275
5	0.01696	0.78087	0.03324	0.01085	0.01628	0.02510	0.01085	0.01900	0.01289	0.01493	0.00882	0.01018	0.00814	0.00543	0.00407	0.00136	0.00678	0.00339	0.00271	0.00814
6	0.07889	0.01206	0.01426	0.01163	0.01591	0.01217	0.00935	0.08258	0.22007	0.40545	0.02318	0.02170	0.01605	0.03847	0.00726	0.00218	0.00541	0.00646	0.00691	0.01003
7	0.04463	0.12763	0.16623	0.05657	0.02232	0.31555	0.05100	0.06151	0.06206	0.01914	0.01153	0.01322	0.00906	0.00639	0.00571	0.00178	0.00933	0.00464	0.00345	0.00826
8	0.05989	0.01675	0.18506	0.06692	0.02077	0.01314	0.05219	0.05203	0.19953	0.12907	0.07355	0.06806	0.01834	0.00840	0.00643	0.00208	0.00649	0.00713	0.00520	0.00894
9	0.00910	0.00629	0.00791	0.00868	0.00916	0.00620	0.00607	0.01016	0.01141	0.01508	0.02747	0.23849	0.03152	0.37968	0.01979	0.00437	0.00543	0.19357	0.00490	0.00471
10	0.05219	0.03715	0.17767	0.04908	0.06163	0.01434	0.09625	0.13313	0.09018	0.10667	0.06349	0.02092	0.05369	0.00763	0.00639	0.00200	0.00710	0.00654	0.00484	0.00910
11	0.01190	0.00881	0.01036	0.03462	0.01260	0.00808	0.00695	0.05871	0.03923	0.02387	0.25419	0.03009	0.07301	0.00903	0.00595	0.00161	0.00398	0.00762	0.16801	0.23137
12	0.01482	0.00974	0.06691	0.00970	0.01278	0.00761	0.00828	0.01800	0.01766	0.22918	0.47641	0.03742	0.04328	0.01098	0.00706	0.00199	0.00417	0.00950	0.00690	0.00762
13	0.07031	0.01363	0.01524	0.01325	0.04302	0.01470	0.01021	0.37182	0.06816	0.09217	0.01951	0.08834	0.01661	0.05111	0.00782	0.00226	0.00603	0.04542	0.04129	0.00910
14	0.01832	0.04238	0.15436	0.07866	0.02270	0.01492	0.07896	0.10430	0.22323	0.16751	0.01877	0.01876	0.01335	0.00726	0.00636	0.00203	0.00701	0.00616	0.00528	0.00970

[dist]
# distance from previous block
# <min> <max>
19	48

[block]
# block no. 7 follows, 35 sequences, length 15
# corresponding to MSA columns:
# 735-749
name=unknown_H
#
# <colnr> <probs for GDERKNQSTAVLIFYWHMCP>
#	G	D	E	R	K	N	Q	S	T	A	V	L	I	F	Y	W	H	M	C	P
0	0.05906	0.00971	0.01283	0.01039	0.01431	0.00864	0.00837	0.02537	0.01734	0.52929	0.14976	0.08213	0.02505	0.00957	0.00659	0.00201	0.00482	0.00802	0.00738	0.00935
1	0.25032	0.01017	0.01167	0.00965	0.01345	0.00992	0.00781	0.02283	0.01601	0.36465	0.19212	0.02462	0.02387	0.00853	0.00595	0.00197	0.00468	0.00677	0.00652	0.00851
2	0.31265	0.01328	0.01346	0.01099	0.01514	0.01444	0.00898	0.26163	0.03733	0.13118	0.10496	0.01858	0.01643	0.00772	0.00562	0.00195	0.00546	0.00574	0.00576	0.00874
3	0.01542	0.07084	0.01609	0.06968	0.05096	0.01523	0.01055	0.10657	0.39541	0.02436	0.02256	0.06997	0.03311	0.06113	0.00813	0.00235	0.00571	0.00749	0.00551	0.00893
4	0.10144	0.25246	0.02128	0.06821	0.01832	0.01618	0.05436	0.08318	0.01505	0.17946	0.01472	0.01720	0.01156	0.06058	0.05795	0.00263	0.00733	0.00531	0.00446	0.00832
5	0.01582	0.19040	0.07231	0.15791	0.15034	0.08779	0.03206	0.06743	0.02995	0.01953	0.06553	0.01656	0.01289	0.00688	0.00664	0.00186	0.04884	0.00543	0.00353	0.00829
6	0.28332	0.01364	0.01417	0.06249	0.01743	0.06821	0.02567	0.06782	0.01457	0.14419	0.01284	0.01402	0.00952	0.00637	0.00581	0.00176	0.03982	0.00454	0.00452	0.18929
7	0.01543	0.08384	0.35750	0.05434	0.02396	0.06364	0.07118	0.06389	0.01554	0.07509	0.06813	0.01947	0.01418	0.00727	0.00626	0.00198	0.00827	0.03743	0.00386	0.00874
8	0.01085	0.00691	0.00869	0.00808	0.01005	0.00619	0.00612	0.01336	0.01685	0.10670	0.46178	0.09303	0.20023	0.01348	0.00740	0.00206	0.00336	0.01171	0.00678	0.00636
9	0.01397	0.01311	0.02211	0.47385	0.21546	0.01487	0.07039	0.06501	0.01447	0.01927	0.01183	0.01651	0.00910	0.00618	0.00641	0.00204	0.00829	0.00579	0.00317	0.00817
10	0.00773	0.00552	0.00736	0.00883	0.00920	0.00515	0.00589	0.00883	0.01215	0.01619	0.03497	0.77291	0.04196	0.01987	0.00810	0.00258	0.00368	0.01803	0.00589	0.00515
11	0.01076	0.00641	0.00759	0.00737	0.00898	0.00611	0.00565	0.01365	0.01560	0.04404	0.33339	0.03877	0.06875	0.01089	0.00624	0.00184	0.00324	0.05459	0.35007	0.00605
12	0.01696	0.78087	0.03324	0.01085	0.01628	0.02510	0.01085	0.01900	0.01289	0.01493	0.00882	0.01018	0.00814	0.00543	0.00407	0.00136	0.00678	0.00339	0.00271	0.00814
13	0.01001	0.00686	0.00845	0.00880	0.01062	0.00622	0.00696	0.01209	0.01469	0.07298	0.10248	0.17673	0.31413	0.01623	0.00787	0.00241	0.00418	0.20626	0.00611	0.00592
14	0.03401	0.01499	0.13970	0.29075	0.06444	0.01284	0.01493	0.07201	0.01517	0.16930	0.03744	0.01976	0.01280	0.06513	0.00824	0.00234	0.00740	0.00604	0.00435	0.00837

[dist]
# distance from previous block
# <min> <max>
0	1

[block]
# block no. 8 follows, 35 sequences, length 13
# corresponding to MSA columns:
# 751-763
name=unknown_I
#
# <colnr> <probs for GDERKNQSTAVLIFYWHMCP>
#	G	D	E	R	K	N	Q	S	T	A	V	L	I	F	Y	W	H	M	C	P
0	0.06653	0.01391	0.01473	0.01201	0.01609	0.01505	0.00971	0.37609	0.13515	0.06415	0.04729	0.02652	0.15621	0.00950	0.00648	0.00200	0.00562	0.00752	0.00622	0.00923
1	0.54256	0.05015	0.09105	0.01071	0.01512	0.03555	0.00981	0.04869	0.01253	0.06818	0.01032	0.01177	0.00787	0.00643	0.00557	0.00198	0.05611	0.00399	0.00397	0.00761
2	0.11956	0.01243	0.01474	0.01167	0.01633	0.01234	0.00956	0.13993	0.10382	0.45966	0.02164	0.01949	0.01431	0.00767	0.00609	0.00198	0.00555	0.00602	0.00698	0.01024
3	0.02071	0.01310	0.01465	0.01194	0.01587	0.01396	0.00954	0.27857	0.18233	0.18847	0.02077	0.02139	0.01533	0.06246	0.00800	0.00223	0.00566	0.00646	0.09900	0.00957
4	0.02054	0.01273	0.01459	0.01203	0.01608	0.01329	0.00964	0.20779	0.22376	0.24245	0.05257	0.05446	0.07258	0.00930	0.00659	0.00204	0.00538	0.00762	0.00680	0.00976
5	0.01388	0.01388	0.01943	0.01666	0.01666	0.01943	0.01388	0.01527	0.00972	0.01527	0.00833	0.01388	0.00833	0.01110	0.02082	0.00278	0.76544	0.00555	0.00278	0.00694
6	0.01865	0.01541	0.06117	0.10405	0.02221	0.01557	0.06927	0.30570	0.13093	0.07977	0.01836	0.07634	0.01451	0.00830	0.00652	0.00204	0.00682	0.00702	0.02798	0.00939
7	0.00773	0.00552	0.00736	0.00883	0.00920	0.00515	0.00589	0.00883	0.01215	0.01619	0.03497	0.77291	0.04196	0.01987	0.00810	0.00258	0.00368	0.01803	0.00589	0.00515
8	0.01154	0.00788	0.00963	0.00946	0.01129	0.00755	0.00692	0.06317	0.05894	0.07609	0.09999	0.40026	0.09010	0.04007	0.00824	0.00239	0.00423	0.03214	0.00602	0.05407
9	0.82186	0.01227	0.00932	0.00834	0.01227	0.01423	0.00687	0.01865	0.01080	0.02846	0.00883	0.01031	0.00687	0.00589	0.00393	0.00196	0.00491	0.00344	0.00393	0.00687
10	0.01388	0.01388	0.01943	0.01666	0.01666	0.01943	0.01388	0.01527	0.00972	0.01527	0.00833	0.01388	0.00833	0.01110	0.02082	0.00278	0.76544	0.00555	0.00278	0.00694
11	0.09794	0.01353	0.02065	0.23506	0.14803	0.01458	0.10889	0.13670	0.01639	0.07917	0.01448	0.06064	0.01165	0.00717	0.00635	0.00204	0.00748	0.00647	0.00421	0.00855
12	0.05212	0.34371	0.07644	0.08249	0.02087	0.04338	0.06658	0.02232	0.05641	0.15887	0.01374	0.01464	0.01037	0.00627	0.00533	0.00173	0.00713	0.00484	0.00405	0.00871

[dist]
# distance from previous block
# <min> <max>
0	3

[block]
# block no. 9 follows, 35 sequences, length 11
# corresponding to MSA columns:
# 769-779
name=unknown_J
#
# <colnr> <probs for GDERKNQSTAVLIFYWHMCP>
#	G	D	E	R	K	N	Q	S	T	A	V	L	I	F	Y	W	H	M	C	P
0	0.26173	0.01929	0.24569	0.01307	0.01904	0.01422	0.01346	0.10884	0.06077	0.16445	0.01463	0.01492	0.01022	0.00670	0.00553	0.00198	0.00669	0.00492	0.00475	0.00911
1	0.00867	0.00642	0.00754	0.00726	0.00898	0.00575	0.00544	0.01117	0.01633	0.02231	0.43627	0.05039	0.29891	0.01363	0.00724	0.00201	0.00307	0.01172	0.07113	0.00575
2	0.01499	0.01213	0.01477	0.24113	0.02279	0.07041	0.01132	0.13162	0.09231	0.01943	0.01331	0.01775	0.01088	0.01217	0.01260	0.27930	0.00707	0.00565	0.00381	0.00655
3	0.01786	0.01296	0.01404	0.01204	0.01570	0.01436	0.00953	0.16469	0.40879	0.09521	0.04849	0.02267	0.01840	0.00835	0.00621	0.00200	0.00511	0.00681	0.10719	0.00960
4	0.00994	0.00631	0.00802	0.00835	0.00963	0.00576	0.00597	0.01180	0.01438	0.07721	0.20604	0.40416	0.12226	0.01595	0.00749	0.00226	0.00355	0.01415	0.06088	0.00588
5	0.02091	0.12227	0.07039	0.07476	0.04117	0.01456	0.09320	0.06799	0.09321	0.30914	0.01844	0.01821	0.01277	0.00698	0.00616	0.00193	0.00684	0.00594	0.00547	0.00966
6	0.01102	0.00551	0.00826	0.00826	0.00826	0.00551	0.00551	0.00826	0.00826	0.01102	0.01102	0.01928	0.01102	0.02204	0.02479	0.81543	0.00551	0.00551	0.00275	0.00275
7	0.02308	0.07589	0.01839	0.01307	0.01783	0.01742	0.01090	0.50248	0.02538	0.13570	0.01659	0.01648	0.01176	0.00746	0.00600	0.00183	0.00639	0.00564	0.07758	0.01015
8	0.01338	0.01203	0.01415	0.06769	0.06173	0.04508	0.00921	0.01686	0.04693	0.01998	0.01402	0.08096	0.01265	0.00649	0.00535	0.00132	0.00540	0.00545	0.00394	0.55738
9	0.03629	0.03489	0.04866	0.06559	0.02097	0.01538	0.10554	0.07955	0.29681	0.11947	0.03544	0.02007	0.01516	0.00789	0.00760	0.00212	0.06733	0.00657	0.00536	0.00930
10	0.02121	0.09570	0.06532	0.01476	0.01894	0.27049	0.01245	0.23187	0.05238	0.05486	0.01301	0.01411	0.01002	0.00726	0.00698	0.00184	0.06817	0.00495	0.02689	0.00879

[dist]
# distance from previous block
# <min> <max>
0	14

[block]
# block no. 10 follows, 35 sequences, length 38
# corresponding to MSA columns:
# 794-831
name=unknown_K
#
# <colnr> <probs for GDERKNQSTAVLIFYWHMCP>
#	G	D	E	R	K	N	Q	S	T	A	V	L	I	F	Y	W	H	M	C	P
0	0.01414	0.10883	0.50538	0.01576	0.02375	0.05174	0.01882	0.01986	0.01364	0.03555	0.01132	0.01310	0.00843	0.00583	0.00561	0.00176	0.00841	0.00442	0.00299	0.13068
1	0.01024	0.00805	0.00902	0.00868	0.00916	0.04475	0.00580	0.01106	0.01077	0.01442	0.09447	0.03628	0.02416	0.49852	0.12819	0.00580	0.06329	0.00860	0.00401	0.00473
2	0.01275	0.01348	0.06332	0.04802	0.01766	0.08827	0.10467	0.01599	0.03524	0.04096	0.14538	0.15049	0.11415	0.01150	0.00893	0.00220	0.10559	0.00971	0.00476	0.00692
3	0.00798	0.00571	0.00758	0.00866	0.00926	0.00532	0.00591	0.00946	0.01330	0.01803	0.17384	0.62881	0.04551	0.01850	0.00798	0.00246	0.00354	0.01673	0.00611	0.00532
4	0.02519	0.01074	0.01399	0.01098	0.01537	0.00978	0.00898	0.08065	0.03598	0.56773	0.08354	0.02345	0.01916	0.00825	0.00635	0.00194	0.00516	0.00675	0.05593	0.01008
5	0.01917	0.01531	0.01625	0.01360	0.01779	0.01736	0.01086	0.31112	0.44309	0.03200	0.02152	0.02024	0.01588	0.00820	0.00641	0.00205	0.00582	0.00658	0.00641	0.01034
6	0.76997	0.01217	0.00968	0.00854	0.01253	0.01391	0.00703	0.01945	0.01128	0.07512	0.00989	0.01104	0.00745	0.00602	0.00409	0.00196	0.00494	0.00363	0.00418	0.00713
7	0.13552	0.09479	0.01749	0.01213	0.01682	0.01662	0.01019	0.37001	0.02210	0.16714	0.01587	0.01576	0.01125	0.00717	0.00565	0.00184	0.00611	0.00529	0.05862	0.00964
8	0.11318	0.04705	0.01729	0.30603	0.04109	0.01367	0.04349	0.06512	0.07117	0.11148	0.01662	0.09754	0.01384	0.00809	0.00620	0.00208	0.00677	0.00689	0.00445	0.00795
9	0.01672	0.59328	0.10554	0.06115	0.01951	0.08035	0.01272	0.01943	0.01333	0.01560	0.00933	0.01105	0.00815	0.00564	0.00455	0.00150	0.00753	0.00373	0.00276	0.00814
10	0.69160	0.01278	0.01171	0.00987	0.01405	0.01440	0.04659	0.05928	0.01249	0.06446	0.01023	0.01153	0.00769	0.00606	0.00439	0.00197	0.00537	0.00394	0.00422	0.00739
11	0.01641	0.02262	0.28065	0.01537	0.02120	0.09251	0.03097	0.11701	0.25356	0.02455	0.01698	0.01739	0.01259	0.00720	0.00614	0.00198	0.00757	0.00570	0.04018	0.00940
12	0.00800	0.00639	0.00716	0.00709	0.00891	0.00555	0.00527	0.01003	0.01546	0.01981	0.28292	0.10170	0.46874	0.01529	0.00753	0.00212	0.00317	0.01305	0.00625	0.00555
13	0.01198	0.01128	0.01903	0.76180	0.04369	0.01409	0.01762	0.01621	0.01268	0.01621	0.01128	0.01691	0.00846	0.00634	0.00634	0.00211	0.00846	0.00564	0.00282	0.00705
14	0.00807	0.00592	0.00743	0.00838	0.00918	0.00547	0.00582	0.00943	0.01291	0.01693	0.09314	0.48954	0.16004	0.08087	0.00998	0.00277	0.00389	0.05923	0.00580	0.00519
15	0.01102	0.00551	0.00826	0.00826	0.00826	0.00551	0.00551	0.00826	0.00826	0.01102	0.01102	0.01928	0.01102	0.02204	0.02479	0.81543	0.00551	0.00551	0.00275	0.00275
16	0.01696	0.78087	0.03324	0.01085	0.01628	0.02510	0.01085	0.01900	0.01289	0.01493	0.00882	0.01018	0.00814	0.00543	0.00407	0.00136	0.00678	0.00339	0.00271	0.00814
17	0.00783	0.00644	0.00689	0.00678	0.00878	0.00550	0.00509	0.00976	0.01526	0.01903	0.21659	0.05794	0.58140	0.01536	0.00749	0.00211	0.00316	0.01295	0.00614	0.00550
18	0.01198	0.01128	0.01903	0.76180	0.04369	0.01409	0.01762	0.01621	0.01268	0.01621	0.01128	0.01691	0.00846	0.00634	0.00634	0.00211	0.00846	0.00564	0.00282	0.00705
19	0.01322	0.01250	0.02115	0.47270	0.29805	0.01418	0.01794	0.01718	0.01332	0.01787	0.01224	0.03954	0.01007	0.00650	0.00637	0.00204	0.00797	0.00602	0.00303	0.00809
20	0.02543	0.01567	0.01774	0.01360	0.01862	0.01655	0.01123	0.50966	0.02631	0.25162	0.01818	0.01715	0.01227	0.00769	0.00636	0.00192	0.00650	0.00591	0.00680	0.01079
21	0.73661	0.01166	0.00902	0.00814	0.01188	0.01330	0.00666	0.01765	0.01118	0.02728	0.01464	0.01562	0.08309	0.00695	0.00430	0.00198	0.00473	0.00448	0.00413	0.00671
22	0.06570	0.01329	0.01579	0.01242	0.01712	0.01337	0.01030	0.28933	0.02198	0.39210	0.02105	0.02188	0.01475	0.00830	0.00640	0.00200	0.00600	0.05100	0.00695	0.01027
23	0.01659	0.01293	0.01491	0.12989	0.02027	0.01476	0.01091	0.12990	0.40385	0.05949	0.02140	0.02126	0.01589	0.00794	0.00621	0.00203	0.00565	0.00655	0.09029	0.00928
24	0.06093	0.01115	0.01429	0.01116	0.01569	0.01030	0.00916	0.10159	0.01906	0.56047	0.09750	0.02312	0.01941	0.00828	0.00638	0.00196	0.00529	0.00671	0.00743	0.01012
25	0.01205	0.00635	0.00639	0.00631	0.00790	0.00647	0.00475	0.01585	0.05341	0.02381	0.02098	0.02365	0.01643	0.00746	0.00455	0.00152	0.00307	0.00598	0.76693	0.00615
26	0.00784	0.00572	0.00738	0.00849	0.00916	0.00526	0.00579	0.00919	0.01300	0.01726	0.11128	0.62120	0.11758	0.01875	0.00797	0.00247	0.00356	0.01685	0.00600	0.00526
27	0.04798	0.00773	0.00979	0.01098	0.05228	0.00779	0.00753	0.01422	0.07994	0.05510	0.03003	0.37100	0.06922	0.04753	0.05698	0.00302	0.00524	0.06637	0.05092	0.00635
28	0.01311	0.00918	0.01190	0.01016	0.01279	0.00935	0.08045	0.05689	0.12763	0.03946	0.14129	0.02830	0.05930	0.00876	0.00588	0.00181	0.00438	0.00758	0.36459	0.00720
29	0.00874	0.00667	0.00903	0.08787	0.01322	0.00681	0.00733	0.01124	0.05880	0.01676	0.03145	0.62341	0.03642	0.03984	0.00851	0.00260	0.00434	0.01577	0.00554	0.00563
30	0.02020	0.42265	0.02607	0.01332	0.01787	0.30863	0.01151	0.08068	0.01632	0.01729	0.00975	0.01110	0.00838	0.00605	0.00491	0.00151	0.00862	0.00386	0.00324	0.00806
31	0.01339	0.01596	0.10183	0.14961	0.02891	0.01506	0.32210	0.01774	0.01318	0.01842	0.01341	0.01790	0.02716	0.00950	0.05564	0.00271	0.13532	0.00660	0.02779	0.00777
32	0.01517	0.33069	0.28156	0.01467	0.02086	0.01958	0.03606	0.03593	0.08788	0.01871	0.01172	0.01336	0.00940	0.00651	0.00660	0.00183	0.07293	0.00460	0.00319	0.00874
33	0.44955	0.01362	0.01575	0.05239	0.09294	0.04763	0.08416	0.02103	0.01321	0.13799	0.01230	0.01375	0.00903	0.00617	0.00514	0.00197	0.00635	0.00470	0.00430	0.00803
34	0.13736	0.05904	0.10546	0.06309	0.13927	0.01427	0.02667	0.10307	0.01539	0.06585	0.04957	0.04307	0.01330	0.00729	0.00651	0.00191	0.04565	0.00578	0.03980	0.05766
35	0.06391	0.03407	0.03776	0.01312	0.01804	0.01188	0.07661	0.06512	0.01698	0.45794	0.01961	0.01857	0.01305	0.00732	0.00698	0.00192	0.04955	0.00591	0.00622	0.07545
36	0.05357	0.18581	0.08630	0.05515	0.01855	0.07866	0.01150	0.11832	0.09102	0.03667	0.09256	0.01873	0.01606	0.00729	0.00565	0.00174	0.00659	0.01673	0.00445	0.09467
37	0.05802	0.01045	0.05189	0.08826	0.01570	0.00952	0.00887	0.09327	0.01671	0.02397	0.32098	0.06530	0.07069	0.05355	0.00811	0.00216	0.00486	0.00890	0.00547	0.08330

[dist]
# distance from previous block
# <min> <max>
8	82

[block]
# block no. 11 follows, 35 sequences, length 20
# corresponding to MSA columns:
# 926-945
name=unknown_L
#
# <colnr> <probs for GDERKNQSTAVLIFYWHMCP>
#	G	D	E	R	K	N	Q	S	T	A	V	L	I	F	Y	W	H	M	C	P
0	0.02006	0.01723	0.10651	0.05868	0.02048	0.04612	0.01322	0.24376	0.05931	0.15919	0.01538	0.01627	0.01112	0.00781	0.00856	0.00203	0.13032	0.00559	0.00513	0.05325
1	0.04013	0.01374	0.01649	0.01368	0.01736	0.05510	0.08616	0.16051	0.21302	0.08796	0.09997	0.02644	0.02093	0.04737	0.02967	0.00251	0.00664	0.04785	0.00576	0.00872
2	0.10737	0.06002	0.01811	0.04665	0.10569	0.01647	0.01174	0.33877	0.06376	0.08150	0.01651	0.07620	0.01339	0.00807	0.00609	0.00196	0.00638	0.00644	0.00541	0.00947
3	0.09737	0.01275	0.01384	0.03079	0.03203	0.03236	0.00950	0.29038	0.05907	0.02714	0.02044	0.22538	0.02013	0.06691	0.00888	0.00244	0.02797	0.00916	0.00546	0.00799
4	0.01948	0.01012	0.01404	0.01347	0.09236	0.00961	0.00958	0.02199	0.01657	0.37463	0.16550	0.03031	0.11331	0.00990	0.00788	0.00205	0.06579	0.00811	0.00652	0.00879
5	0.01550	0.01254	0.05860	0.10237	0.05824	0.01191	0.04894	0.16112	0.04612	0.09433	0.14585	0.08432	0.05819	0.01049	0.00801	0.05591	0.00605	0.00821	0.00534	0.00798
6	0.02556	0.01324	0.01654	0.01287	0.01730	0.01356	0.01065	0.23693	0.02078	0.45019	0.02024	0.01883	0.01341	0.00813	0.00794	0.00203	0.08848	0.00609	0.00684	0.01037
7	0.01335	0.01311	0.01866	0.09707	0.01912	0.01796	0.01376	0.01515	0.01058	0.01604	0.05671	0.01643	0.01175	0.01071	0.01836	0.00265	0.63268	0.00595	0.00306	0.00689
8	0.11365	0.01535	0.06369	0.01312	0.01751	0.07900	0.04271	0.09145	0.14603	0.25552	0.01985	0.06662	0.01496	0.00823	0.00649	0.00203	0.02214	0.00659	0.00581	0.00926
9	0.48155	0.01381	0.01460	0.01291	0.05710	0.03776	0.06256	0.10315	0.01485	0.13014	0.01241	0.01336	0.00903	0.00634	0.00502	0.00195	0.00602	0.00458	0.00465	0.00822
10	0.21861	0.01320	0.05606	0.01160	0.01592	0.01243	0.02809	0.06633	0.01425	0.18981	0.01383	0.01507	0.01022	0.00765	0.00800	0.04596	0.08821	0.00486	0.00468	0.17523
11	0.00858	0.00647	0.00793	0.00757	0.00924	0.00582	0.00568	0.01121	0.01703	0.02323	0.55566	0.05103	0.23971	0.01379	0.00749	0.00203	0.00305	0.01198	0.00669	0.00582
12	0.01801	0.01896	0.07800	0.01626	0.02093	0.14215	0.13505	0.17995	0.20711	0.02572	0.05682	0.02010	0.03631	0.00771	0.00654	0.00198	0.00774	0.00659	0.00502	0.00907
13	0.07712	0.01588	0.01896	0.01446	0.01953	0.01684	0.06742	0.46958	0.02491	0.18591	0.01668	0.01640	0.01147	0.00737	0.00628	0.00194	0.00681	0.00584	0.00625	0.01035
14	0.00768	0.00570	0.00718	0.00837	0.00908	0.00519	0.00568	0.00889	0.01259	0.01638	0.04061	0.63569	0.17554	0.01914	0.00798	0.00249	0.00359	0.01714	0.00589	0.00519
15	0.02161	0.13663	0.01766	0.08728	0.01833	0.01339	0.01018	0.12498	0.01802	0.33990	0.06528	0.02018	0.01593	0.00756	0.00590	0.00183	0.00580	0.00601	0.07426	0.00926
16	0.00917	0.00639	0.00813	0.00813	0.00855	0.00681	0.00535	0.01000	0.00958	0.01320	0.01888	0.03539	0.02040	0.50763	0.29807	0.00764	0.01015	0.00833	0.00368	0.00452
17	0.01591	0.07316	0.01440	0.01149	0.01470	0.01368	0.00900	0.02713	0.43327	0.10519	0.02437	0.06788	0.02016	0.09266	0.00918	0.00253	0.00523	0.02796	0.02327	0.00881
18	0.01479	0.07386	0.01611	0.01174	0.05630	0.01138	0.00895	0.09253	0.01502	0.02231	0.01155	0.01329	0.00948	0.00513	0.00492	0.00113	0.00527	0.00405	0.00392	0.61826
19	0.06580	0.48269	0.04820	0.01242	0.01715	0.10675	0.01152	0.09523	0.01495	0.01870	0.00967	0.01127	0.00837	0.00629	0.00590	0.00162	0.06810	0.00394	0.00325	0.00820

[dist]
# distance from previous block
# <min> <max>
0	2

[block]
# block no. 12 follows, 35 sequences, length 7
# corresponding to MSA columns:
# 949-955
name=unknown_M
#
# <colnr> <probs for GDERKNQSTAVLIFYWHMCP>
#	G	D	E	R	K	N	Q	S	T	A	V	L	I	F	Y	W	H	M	C	P
0	0.82186	0.01227	0.00932	0.00834	0.01227	0.01423	0.00687	0.01865	0.01080	0.02846	0.00883	0.01031	0.00687	0.00589	0.00393	0.00196	0.00491	0.00344	0.00393	0.00687
1	0.01225	0.01261	0.06022	0.37643	0.03058	0.01383	0.08497	0.01584	0.01239	0.01722	0.01392	0.09090	0.01240	0.00852	0.00917	0.00223	0.14900	0.00699	0.06349	0.00704
2	0.01150	0.05227	0.01163	0.00969	0.01064	0.01020	0.00711	0.06093	0.01122	0.01558	0.01625	0.02858	0.01681	0.34466	0.17716	0.06617	0.10563	0.00727	0.03135	0.00535
3	0.00770	0.00565	0.00722	0.00848	0.00911	0.00518	0.00573	0.00887	0.01248	0.01633	0.03925	0.66874	0.14336	0.01932	0.00801	0.00251	0.00361	0.01735	0.00589	0.00518
4	0.00877	0.00609	0.00785	0.00811	0.00920	0.00568	0.00582	0.01107	0.01545	0.02193	0.41869	0.30892	0.04960	0.01500	0.00744	0.00216	0.00324	0.01338	0.07593	0.00568
5	0.02276	0.01710	0.01828	0.01432	0.01916	0.01904	0.01173	0.60572	0.14263	0.03780	0.01695	0.01660	0.01218	0.00778	0.00636	0.00194	0.00666	0.00595	0.00636	0.01067
6	0.02085	0.01508	0.01546	0.04578	0.01773	0.10693	0.01039	0.26455	0.08689	0.17348	0.08067	0.06691	0.01851	0.00877	0.00642	0.00195	0.00641	0.00704	0.03702	0.00917

[dist]
# distance from previous block
# <min> <max>
1	3

[block]
# block no. 13 follows, 35 sequences, length 17
# corresponding to MSA columns:
# 959-975
name=unknown_N
#
# <colnr> <probs for GDERKNQSTAVLIFYWHMCP>
#	G	D	E	R	K	N	Q	S	T	A	V	L	I	F	Y	W	H	M	C	P
0	0.01803	0.66395	0.03094	0.01161	0.01680	0.09747	0.01106	0.05786	0.01433	0.01636	0.00927	0.01058	0.00829	0.00566	0.00436	0.00141	0.00726	0.00359	0.00297	0.00821
1	0.24949	0.03515	0.07038	0.06261	0.16806	0.11219	0.10771	0.01958	0.01329	0.02130	0.01040	0.01339	0.00840	0.00635	0.00694	0.00200	0.07651	0.00492	0.00330	0.00803
2	0.01646	0.01471	0.06170	0.19734	0.14117	0.02941	0.10133	0.07678	0.12478	0.09657	0.01611	0.01825	0.01193	0.00676	0.00634	0.00200	0.00739	0.00612	0.05593	0.00892
3	0.00836	0.00603	0.00803	0.00933	0.01010	0.00571	0.00685	0.01000	0.01311	0.01733	0.06857	0.53722	0.07849	0.01880	0.00819	0.00261	0.00413	0.17584	0.00593	0.00536
4	0.01258	0.01171	0.01936	0.46534	0.03395	0.01379	0.10038	0.01790	0.08416	0.01815	0.01468	0.06094	0.01207	0.00755	0.00730	0.00215	0.05066	0.00674	0.05323	0.00735
5	0.00798	0.00572	0.00759	0.00866	0.00926	0.00532	0.00591	0.00947	0.01333	0.01807	0.17687	0.62566	0.04559	0.01847	0.00797	0.00246	0.00354	0.01670	0.00611	0.00532
6	0.01102	0.00551	0.00826	0.00826	0.00826	0.00551	0.00551	0.00826	0.00826	0.01102	0.01102	0.01928	0.01102	0.02204	0.02479	0.81543	0.00551	0.00551	0.00275	0.00275
7	0.01936	0.32701	0.07571	0.01427	0.01858	0.32523	0.01263	0.03949	0.01519	0.01622	0.00953	0.01140	0.00823	0.00650	0.00647	0.00166	0.07759	0.00403	0.00304	0.00786
8	0.04040	0.00938	0.01167	0.01046	0.01324	0.00909	0.00800	0.09874	0.05465	0.26394	0.07773	0.32115	0.02865	0.01295	0.00707	0.00221	0.00469	0.01126	0.00665	0.00806
9	0.01621	0.01323	0.06830	0.23826	0.10157	0.01293	0.01391	0.08518	0.09871	0.14066	0.01918	0.09630	0.01604	0.00879	0.00663	0.00213	0.00677	0.04170	0.00489	0.00860
10	0.07433	0.09239	0.01777	0.01289	0.01742	0.05650	0.01057	0.28132	0.22786	0.07004	0.01727	0.01689	0.01282	0.00735	0.00585	0.00186	0.00626	0.00558	0.00561	0.05941
11	0.54754	0.01417	0.01211	0.12603	0.01819	0.10098	0.00922	0.01888	0.01210	0.02451	0.00949	0.01166	0.00744	0.00596	0.00456	0.00188	0.00622	0.00387	0.00367	0.06153
12	0.10695	0.02013	0.22510	0.06765	0.02180	0.08781	0.04950	0.10078	0.03065	0.09792	0.04089	0.01646	0.01182	0.00705	0.00659	0.00197	0.04269	0.00541	0.05026	0.00857
13	0.01583	0.01593	0.01699	0.01463	0.01625	0.15171	0.01178	0.06409	0.01330	0.01809	0.01164	0.05731	0.01098	0.00966	0.01371	0.00223	0.40879	0.00585	0.05321	0.08802
14	0.01231	0.00963	0.02783	0.01296	0.01545	0.00935	0.10659	0.01680	0.09968	0.08207	0.02631	0.24443	0.02655	0.01921	0.12794	0.00370	0.00763	0.13928	0.00529	0.00700
15	0.01053	0.00678	0.00835	0.00818	0.00923	0.00638	0.00555	0.01171	0.01228	0.06516	0.13390	0.16475	0.03162	0.38145	0.01939	0.00410	0.00509	0.05917	0.00508	0.05129
16	0.01441	0.01142	0.01401	0.01206	0.01498	0.01217	0.00982	0.10053	0.10499	0.05261	0.08890	0.06590	0.02173	0.01044	0.00924	0.00209	0.14511	0.11555	0.00514	0.18890

[dist]
# distance from previous block
# <min> <max>
0	17

[block]
# block no. 14 follows, 35 sequences, length 7
# corresponding to MSA columns:
# 993-999
name=unknown_O
#
# <colnr> <probs for GDERKNQSTAVLIFYWHMCP>
#	G	D	E	R	K	N	Q	S	T	A	V	L	I	F	Y	W	H	M	C	P
0	0.01857	0.02174	0.02037	0.12020	0.07423	0.37218	0.06237	0.02091	0.01481	0.01626	0.01001	0.01347	0.00848	0.00746	0.00959	0.00203	0.19176	0.00500	0.00308	0.00749
1	0.00912	0.00658	0.00910	0.00910	0.00985	0.00733	0.00656	0.01062	0.00987	0.01391	0.01800	0.03049	0.01828	0.29246	0.51034	0.00884	0.01335	0.00761	0.00355	0.00505
2	0.10524	0.08877	0.13576	0.01547	0.02051	0.01467	0.15912	0.04548	0.10153	0.11122	0.01724	0.09936	0.01442	0.00811	0.00678	0.00207	0.03410	0.00706	0.00452	0.00857
3	0.37785	0.06107	0.04032	0.01199	0.03527	0.06732	0.04184	0.02210	0.07752	0.13829	0.03904	0.03650	0.01262	0.00707	0.00522	0.00194	0.00598	0.00526	0.00471	0.00807
4	0.01293	0.00979	0.01101	0.00945	0.01252	0.00951	0.00733	0.10845	0.11950	0.05317	0.21179	0.03734	0.21020	0.04131	0.00775	0.00206	0.00432	0.00925	0.00602	0.11629
5	0.12272	0.01368	0.03953	0.04199	0.20129	0.01379	0.16193	0.01936	0.08782	0.02236	0.10864	0.02343	0.01839	0.00791	0.00732	0.00211	0.04772	0.04753	0.00423	0.00825
6	0.10804	0.01792	0.04025	0.10739	0.02170	0.21170	0.10889	0.12028	0.01682	0.02287	0.01310	0.01560	0.01010	0.00657	0.00571	0.00182	0.00799	0.00526	0.15026	0.00773

[dist]
# distance from previous block
# <min> <max>
7	28

[block]
# block no. 15 follows, 35 sequences, length 10
# corresponding to MSA columns:
# 1042-1051
name=unknown_P
#
# <colnr> <probs for GDERKNQSTAVLIFYWHMCP>
#	G	D	E	R	K	N	Q	S	T	A	V	L	I	F	Y	W	H	M	C	P
0	0.06975	0.01524	0.07634	0.08323	0.01935	0.05774	0.01154	0.10010	0.29675	0.06333	0.07487	0.02146	0.01772	0.01045	0.05194	0.00254	0.00689	0.00650	0.00535	0.00887
1	0.01174	0.00861	0.01081	0.01070	0.01238	0.00916	0.00839	0.01637	0.13252	0.06749	0.10117	0.20959	0.09516	0.03854	0.00970	0.00258	0.07613	0.16640	0.00585	0.00673
2	0.01127	0.00692	0.00870	0.00824	0.01016	0.00627	0.00628	0.01377	0.01635	0.11182	0.38228	0.11562	0.16644	0.01338	0.00726	0.00208	0.00353	0.04308	0.06017	0.00638
3	0.00967	0.00605	0.00797	0.00802	0.00845	0.00615	0.00536	0.00964	0.01022	0.01406	0.07480	0.07569	0.04152	0.27806	0.14380	0.25169	0.00717	0.00840	0.02911	0.00416
4	0.01034	0.00866	0.01122	0.01051	0.01164	0.00988	0.00826	0.01295	0.04291	0.01889	0.21907	0.06351	0.15096	0.08030	0.05702	0.00316	0.19543	0.07415	0.00510	0.00605
5	0.16860	0.01188	0.01447	0.01073	0.01604	0.01023	0.06290	0.01823	0.01332	0.08996	0.01223	0.01372	0.00953	0.00527	0.00493	0.00132	0.00527	0.00424	0.00413	0.52301
6	0.01870	0.06782	0.01623	0.06002	0.01809	0.41017	0.01054	0.03733	0.03735	0.01818	0.05869	0.01767	0.03114	0.02601	0.00630	0.00175	0.00848	0.00524	0.07982	0.07048
