[name]
unknown

[dist]
# distance from previous block
# <min> <max>
0	586

[block]
# block no. 0 follows, 34 sequences, length 12
# corresponding to MSA columns:
# 704-715
name=unknown_A
#
# <colnr> <probs for GDERKNQSTAVLIFYWHMCP>
#	G	D	E	R	K	N	Q	S	T	A	V	L	I	F	Y	W	H	M	C	P
0	0.08028	0.05771	0.10028	0.06501	0.04664	0.04129	0.13517	0.04497	0.03492	0.12040	0.04513	0.07705	0.01620	0.00840	0.00693	0.00207	0.02836	0.04075	0.00458	0.04387
1	0.06877	0.09248	0.03921	0.01372	0.04399	0.01457	0.05285	0.14145	0.11850	0.14301	0.05961	0.01885	0.01518	0.00769	0.00654	0.02560	0.00612	0.00590	0.00534	0.12063
2	0.04481	0.04282	0.05789	0.08106	0.08470	0.04385	0.01104	0.08885	0.01570	0.07512	0.04534	0.21752	0.09555	0.01147	0.00715	0.00213	0.02450	0.00973	0.00501	0.03577
3	0.15525	0.01563	0.10247	0.03987	0.11897	0.01363	0.11404	0.08025	0.03507	0.08083	0.01573	0.04733	0.01318	0.02492	0.00684	0.00212	0.00711	0.04682	0.00438	0.07558
4	0.01719	0.05620	0.06562	0.06357	0.16413	0.03318	0.07769	0.05438	0.01574	0.16324	0.01946	0.12915	0.01731	0.00914	0.00673	0.00207	0.00695	0.04914	0.00485	0.04425
5	0.01532	0.01592	0.13741	0.09672	0.07327	0.03952	0.03980	0.07202	0.08092	0.08699	0.09418	0.02772	0.05741	0.00893	0.00673	0.00206	0.00681	0.06900	0.00493	0.06435
6	0.04675	0.08455	0.13273	0.04561	0.08451	0.05967	0.08086	0.01960	0.09337	0.02093	0.08400	0.06794	0.04293	0.00808	0.00625	0.00190	0.00693	0.00698	0.00422	0.10220
7	0.06662	0.01722	0.14083	0.07970	0.21594	0.03284	0.11037	0.04689	0.01499	0.06431	0.01490	0.04687	0.01240	0.00717	0.00641	0.00201	0.00777	0.03622	0.02777	0.04876
8	0.01159	0.01157	0.05307	0.38562	0.06954	0.01179	0.05668	0.01522	0.01320	0.01759	0.01846	0.19360	0.01827	0.01008	0.00698	0.00223	0.00729	0.04642	0.00385	0.04697
9	0.06129	0.00808	0.01201	0.18310	0.01825	0.00866	0.02659	0.01272	0.01102	0.05780	0.01684	0.06272	0.05802	0.01593	0.01597	0.40942	0.00615	0.00683	0.00359	0.00502
10	0.01325	0.01350	0.05604	0.43540	0.19957	0.01438	0.01756	0.01729	0.01328	0.01809	0.01226	0.01830	0.01003	0.00689	0.00735	0.00209	0.05593	0.02965	0.00310	0.05604
11	0.01713	0.01323	0.04119	0.15222	0.08430	0.04862	0.01215	0.02390	0.18441	0.17586	0.04756	0.06850	0.05655	0.00884	0.00660	0.00206	0.00628	0.00751	0.00546	0.03763

[dist]
# distance from previous block
# <min> <max>
0	26

[block]
# block no. 1 follows, 34 sequences, length 16
# corresponding to MSA columns:
# 753-768
name=unknown_B
#
# <colnr> <probs for GDERKNQSTAVLIFYWHMCP>
#	G	D	E	R	K	N	Q	S	T	A	V	L	I	F	Y	W	H	M	C	P
0	0.01482	0.01437	0.02511	0.05504	0.02386	0.01622	0.27548	0.03726	0.01345	0.05394	0.01584	0.05638	0.05016	0.00932	0.01285	0.00244	0.30443	0.00752	0.00368	0.00782
1	0.09606	0.01243	0.01832	0.21519	0.09007	0.02943	0.09533	0.06910	0.01578	0.10628	0.08705	0.07544	0.04500	0.00853	0.00662	0.00210	0.00693	0.00759	0.00470	0.00805
2	0.01277	0.00876	0.01286	0.01183	0.02822	0.00853	0.08009	0.04056	0.01480	0.08939	0.08977	0.09403	0.08615	0.08588	0.08983	0.00350	0.00677	0.13196	0.09757	0.00672
3	0.01375	0.00874	0.01095	0.01002	0.01272	0.00818	0.00798	0.04433	0.06191	0.13704	0.23227	0.10642	0.09572	0.01284	0.00737	0.00217	0.00451	0.13561	0.00649	0.08099
4	0.01662	0.15271	0.29190	0.04640	0.09456	0.01664	0.10381	0.04847	0.04891	0.09944	0.01376	0.01541	0.01014	0.00631	0.00609	0.00194	0.00829	0.00539	0.00376	0.00946
5	0.01739	0.41950	0.14140	0.01416	0.02012	0.02073	0.07688	0.09020	0.04323	0.05484	0.01221	0.01368	0.00979	0.00759	0.03113	0.00199	0.00793	0.00470	0.00361	0.00892
6	0.00958	0.00723	0.01022	0.00993	0.01136	0.00784	0.00755	0.01167	0.01063	0.01536	0.01773	0.05260	0.01723	0.11563	0.58170	0.00883	0.01457	0.00730	0.00363	0.07940
7	0.00935	0.00696	0.00837	0.00848	0.00966	0.00678	0.00592	0.01258	0.08174	0.01996	0.26474	0.24610	0.11449	0.16053	0.01253	0.00304	0.00408	0.01289	0.00602	0.00577
8	0.05875	0.28428	0.08963	0.05035	0.01992	0.16649	0.01266	0.10292	0.08521	0.05431	0.01276	0.01375	0.01002	0.00657	0.00539	0.00174	0.00788	0.00463	0.00398	0.00876
9	0.01613	0.00842	0.01056	0.00959	0.01217	0.00777	0.00727	0.05229	0.03187	0.25509	0.08299	0.26369	0.12350	0.03467	0.00791	0.00232	0.00444	0.01158	0.05012	0.00762
10	0.01893	0.01114	0.01220	0.01036	0.01354	0.07617	0.00815	0.05531	0.04532	0.27789	0.26421	0.03008	0.03067	0.00962	0.00658	0.00192	0.00498	0.00800	0.10659	0.00835
11	0.29183	0.01411	0.01573	0.28338	0.02620	0.05486	0.01241	0.15055	0.01614	0.06083	0.01201	0.01453	0.00886	0.00663	0.00559	0.00203	0.00710	0.00494	0.00422	0.00805
12	0.01983	0.09648	0.03580	0.06637	0.04984	0.16910	0.03270	0.13482	0.03360	0.10793	0.01372	0.01539	0.01052	0.00756	0.00754	0.03164	0.05507	0.00517	0.02469	0.08225
13	0.01056	0.00786	0.00949	0.00978	0.01147	0.00770	0.00752	0.09959	0.01604	0.02089	0.07429	0.32518	0.19427	0.01690	0.00800	0.00248	0.00451	0.16116	0.00610	0.00622
14	0.01051	0.00844	0.01056	0.01095	0.01240	0.04439	0.00874	0.01369	0.04614	0.01803	0.08787	0.10915	0.02876	0.02951	0.31813	0.00586	0.01049	0.21535	0.00491	0.00610
15	0.04620	0.01159	0.01489	0.01449	0.08053	0.05051	0.04414	0.07418	0.04922	0.16414	0.04030	0.08850	0.01910	0.07613	0.16844	0.00421	0.00879	0.03151	0.00518	0.00797

[dist]
# distance from previous block
# <min> <max>
3	6

[block]
# block no. 2 follows, 34 sequences, length 8
# corresponding to MSA columns:
# 775-782
name=unknown_C
#
# <colnr> <probs for GDERKNQSTAVLIFYWHMCP>
#	G	D	E	R	K	N	Q	S	T	A	V	L	I	F	Y	W	H	M	C	P
0	0.01158	0.00887	0.01034	0.00944	0.01168	0.00886	0.00706	0.06179	0.08123	0.02004	0.04431	0.12302	0.11979	0.13423	0.09809	0.00361	0.02763	0.02294	0.06710	0.12839
1	0.31269	0.14804	0.01660	0.04638	0.01647	0.03820	0.00945	0.08709	0.07166	0.13658	0.01645	0.01669	0.04512	0.00716	0.00520	0.00191	0.00591	0.00510	0.00487	0.00843
2	0.01852	0.09750	0.05049	0.03894	0.01797	0.06997	0.01068	0.16491	0.09588	0.10663	0.05952	0.01921	0.01520	0.04383	0.00718	0.00193	0.00646	0.00577	0.00512	0.16430
3	0.07097	0.01568	0.01503	0.06682	0.01794	0.19245	0.03671	0.08529	0.09435	0.02008	0.01545	0.02038	0.01332	0.08058	0.22174	0.00471	0.01098	0.00609	0.00409	0.00734
4	0.35220	0.01471	0.06404	0.06110	0.06752	0.01533	0.04673	0.06224	0.01359	0.10320	0.01188	0.01402	0.00902	0.00719	0.00788	0.00215	0.12997	0.00491	0.00415	0.00818
5	0.01212	0.00896	0.01289	0.01541	0.15305	0.00905	0.00955	0.04123	0.01374	0.06243	0.07270	0.14906	0.07131	0.11679	0.18657	0.00467	0.00832	0.04047	0.00480	0.00687
6	0.01641	0.20761	0.07549	0.20247	0.05398	0.13441	0.06046	0.02011	0.03654	0.04289	0.01268	0.04865	0.01076	0.00713	0.00663	0.00192	0.04482	0.00562	0.00339	0.00804
7	0.09541	0.02891	0.01717	0.01325	0.01775	0.07155	0.07974	0.10821	0.05929	0.16054	0.05039	0.01986	0.01474	0.02407	0.00709	0.00192	0.03015	0.02488	0.00520	0.16987

[dist]
# distance from previous block
# <min> <max>
1	18

[block]
# block no. 3 follows, 34 sequences, length 7
# corresponding to MSA columns:
# 801-807
name=unknown_D
#
# <colnr> <probs for GDERKNQSTAVLIFYWHMCP>
#	G	D	E	R	K	N	Q	S	T	A	V	L	I	F	Y	W	H	M	C	P
0	0.08084	0.01783	0.20513	0.06226	0.05172	0.01329	0.14111	0.07790	0.03070	0.06103	0.03212	0.13070	0.01591	0.00925	0.00744	0.03488	0.00758	0.00777	0.00424	0.00829
1	0.01121	0.03779	0.00958	0.00849	0.00943	0.00749	0.00584	0.01176	0.01071	0.06811	0.02124	0.07960	0.04723	0.37211	0.17205	0.10133	0.00814	0.00871	0.00416	0.00502
2	0.29353	0.01140	0.01186	0.05618	0.01552	0.01129	0.00809	0.06288	0.01388	0.05017	0.01768	0.07461	0.07082	0.00776	0.00529	0.00173	0.00508	0.00598	0.00450	0.27176
3	0.00831	0.00605	0.00771	0.00869	0.00948	0.00563	0.00608	0.00977	0.01328	0.01755	0.11116	0.48785	0.13130	0.07611	0.01004	0.00281	0.00399	0.07294	0.00595	0.00532
4	0.01512	0.08749	0.29128	0.01896	0.02514	0.11734	0.19589	0.01990	0.01431	0.01878	0.01331	0.07631	0.01150	0.00749	0.00749	0.00207	0.05949	0.00649	0.00323	0.00842
5	0.15092	0.01197	0.01707	0.42569	0.07551	0.01444	0.01454	0.04175	0.03261	0.02027	0.01273	0.04654	0.01047	0.00741	0.00716	0.00215	0.06420	0.00592	0.03122	0.00743
6	0.01440	0.00959	0.01234	0.08541	0.01611	0.00940	0.00878	0.01778	0.05653	0.16328	0.12638	0.08183	0.17745	0.01102	0.00788	0.00202	0.06179	0.00908	0.00572	0.12322

[dist]
# distance from previous block
# <min> <max>
0	3

[block]
# block no. 4 follows, 34 sequences, length 17
# corresponding to MSA columns:
# 811-827
name=unknown_E
#
# <colnr> <probs for GDERKNQSTAVLIFYWHMCP>
#	G	D	E	R	K	N	Q	S	T	A	V	L	I	F	Y	W	H	M	C	P
0	0.01758	0.01771	0.06426	0.13358	0.08827	0.12321	0.10522	0.10121	0.12882	0.06260	0.01619	0.05361	0.01295	0.00773	0.00718	0.00208	0.03787	0.00661	0.00445	0.00888
1	0.01545	0.01195	0.01575	0.05262	0.01829	0.01185	0.07023	0.09813	0.16093	0.08118	0.03464	0.13372	0.02007	0.00969	0.00667	0.00198	0.00580	0.05522	0.00545	0.19038
2	0.12631	0.00879	0.01018	0.00990	0.01203	0.00891	0.00734	0.07029	0.05205	0.11969	0.06576	0.42297	0.03134	0.01460	0.00715	0.00234	0.00446	0.01273	0.00612	0.00704
3	0.33492	0.01137	0.03362	0.00945	0.01273	0.01150	0.00768	0.10382	0.01508	0.04556	0.09723	0.11255	0.10047	0.05116	0.00732	0.00230	0.00494	0.00801	0.00517	0.02513
4	0.01577	0.01193	0.01652	0.05707	0.09514	0.05530	0.07465	0.05543	0.01609	0.13483	0.13200	0.04485	0.04713	0.06111	0.05358	0.00292	0.03385	0.07879	0.00522	0.00780
5	0.17616	0.00926	0.05243	0.00899	0.01137	0.00807	0.00723	0.01318	0.01349	0.05531	0.09624	0.31697	0.17918	0.01442	0.00698	0.00228	0.00428	0.01231	0.00559	0.00627
6	0.01444	0.05792	0.01617	0.01523	0.09508	0.01203	0.05260	0.06160	0.16400	0.07664	0.07953	0.22399	0.02717	0.01199	0.00716	0.00224	0.00556	0.06279	0.00570	0.00815
7	0.02306	0.01615	0.01765	0.01375	0.01831	0.01780	0.01132	0.56288	0.02695	0.08311	0.01650	0.01683	0.01183	0.00789	0.00683	0.00193	0.03608	0.00588	0.09499	0.01029
8	0.10943	0.07186	0.01452	0.01065	0.03749	0.01123	0.00828	0.06548	0.01479	0.02310	0.07904	0.04449	0.03885	0.00692	0.00529	0.00141	0.00499	0.00551	0.00438	0.44230
9	0.00911	0.00601	0.00791	0.00901	0.00977	0.00558	0.00623	0.01049	0.01303	0.05120	0.05654	0.64374	0.06336	0.01887	0.00804	0.00254	0.00384	0.03885	0.03028	0.00560
10	0.01213	0.01125	0.01880	0.64026	0.08274	0.01368	0.01696	0.01626	0.01326	0.01731	0.05584	0.01936	0.01221	0.00839	0.03400	0.00244	0.00854	0.00615	0.00317	0.00724
11	0.01508	0.01323	0.05641	0.32306	0.05238	0.01308	0.03325	0.08511	0.05012	0.07930	0.07850	0.01976	0.01491	0.00710	0.00633	0.00191	0.00704	0.00613	0.00435	0.13296
12	0.05530	0.01298	0.04995	0.08143	0.05726	0.01141	0.01080	0.07856	0.05830	0.07777	0.05289	0.02073	0.01495	0.00711	0.00584	0.00164	0.00579	0.04724	0.00468	0.34537
13	0.01987	0.01581	0.01755	0.01439	0.01815	0.01831	0.01164	0.37277	0.24461	0.03180	0.01803	0.01887	0.01377	0.03286	0.00951	0.00229	0.11756	0.00638	0.00588	0.00995
14	0.01194	0.00749	0.00958	0.00852	0.01084	0.00665	0.00654	0.01477	0.01767	0.12090	0.52537	0.04393	0.11689	0.01229	0.00730	0.00198	0.00351	0.01069	0.00692	0.05624
15	0.00852	0.00714	0.03483	0.00886	0.01018	0.00598	0.00672	0.01024	0.01369	0.01803	0.12995	0.39716	0.18992	0.04049	0.00922	0.02503	0.00407	0.06859	0.00587	0.00551
16	0.04780	0.35950	0.39929	0.01477	0.02233	0.01963	0.01755	0.01991	0.01331	0.01850	0.01034	0.01207	0.00818	0.00586	0.00517	0.00175	0.00820	0.00414	0.00280	0.00889

[dist]
# distance from previous block
# <min> <max>
0	2

[block]
# block no. 5 follows, 34 sequences, length 25
# corresponding to MSA columns:
# 830-845,847-855
name=unknown_F
#
# <colnr> <probs for GDERKNQSTAVLIFYWHMCP>
#	G	D	E	R	K	N	Q	S	T	A	V	L	I	F	Y	W	H	M	C	P
0	0.01743	0.03943	0.04409	0.15046	0.16809	0.07274	0.06523	0.08629	0.12787	0.08085	0.01584	0.03553	0.01238	0.00742	0.00724	0.00206	0.04721	0.00627	0.00441	0.00914
1	0.01122	0.00561	0.00842	0.00842	0.00842	0.00561	0.00561	0.00842	0.00842	0.01122	0.01122	0.01964	0.01122	0.02245	0.02525	0.81201	0.00561	0.00561	0.00281	0.00281
2	0.02149	0.01665	0.01738	0.01415	0.01867	0.04186	0.01140	0.40634	0.29188	0.06062	0.01980	0.01889	0.01441	0.00811	0.00649	0.00203	0.00644	0.00635	0.00646	0.01059
3	0.01320	0.01127	0.01318	0.00955	0.01509	0.00849	0.00760	0.01600	0.01336	0.02089	0.01237	0.04111	0.01079	0.00535	0.00491	0.00102	0.00475	0.00436	0.00391	0.78281
4	0.01019	0.00813	0.01159	0.11016	0.05780	0.00907	0.00883	0.01190	0.01114	0.01513	0.02180	0.07986	0.08050	0.23236	0.23174	0.02710	0.05462	0.00861	0.00383	0.00565
5	0.01333	0.07592	0.66045	0.01846	0.02761	0.01569	0.06010	0.02041	0.01370	0.02017	0.01152	0.01365	0.00828	0.00607	0.00610	0.00201	0.00947	0.00485	0.00276	0.00943
6	0.00928	0.00667	0.00777	0.00764	0.00952	0.00584	0.00567	0.01131	0.01567	0.05870	0.25928	0.15599	0.39223	0.01551	0.00766	0.00219	0.00339	0.01333	0.00644	0.00592
7	0.02274	0.01156	0.01605	0.20571	0.02363	0.01168	0.01171	0.08750	0.03784	0.42358	0.04175	0.02108	0.01508	0.00774	0.00646	0.00202	0.00629	0.00640	0.03149	0.00968
8	0.00980	0.00754	0.00938	0.04346	0.03715	0.00740	0.00710	0.01362	0.08121	0.02130	0.24505	0.20723	0.19064	0.01402	0.00731	0.00217	0.00386	0.01226	0.07316	0.00634
9	0.00940	0.00626	0.00705	0.00705	0.00705	0.00626	0.00392	0.00940	0.00940	0.01253	0.02036	0.04228	0.02349	0.77292	0.03289	0.00626	0.00626	0.00940	0.00392	0.00392
10	0.01296	0.03342	0.73944	0.01842	0.02797	0.01501	0.02387	0.02046	0.01364	0.02046	0.01160	0.01364	0.00818	0.00614	0.00614	0.00205	0.00955	0.00477	0.00273	0.00955
11	0.23845	0.01004	0.01109	0.00955	0.01291	0.01004	0.00759	0.05695	0.01630	0.23309	0.19195	0.08741	0.06901	0.01017	0.00629	0.00207	0.00459	0.00826	0.00632	0.00793
12	0.19978	0.01219	0.01426	0.01126	0.01602	0.01195	0.00928	0.10231	0.04220	0.48354	0.02085	0.01886	0.01362	0.00756	0.00595	0.00200	0.00555	0.00580	0.00691	0.01010
13	0.00819	0.00644	0.00749	0.00818	0.00972	0.00574	0.00618	0.00991	0.01408	0.01751	0.05145	0.26659	0.41220	0.01773	0.00804	0.00245	0.00388	0.13275	0.00599	0.00548
14	0.04030	0.01952	0.28860	0.01347	0.01915	0.01275	0.01425	0.13197	0.03801	0.11605	0.05446	0.02142	0.01540	0.03229	0.00696	0.00210	0.00679	0.02699	0.13061	0.00889
15	0.01083	0.00742	0.01027	0.00971	0.01120	0.00738	0.05067	0.01317	0.01415	0.04733	0.16171	0.29050	0.05863	0.01351	0.00783	0.00217	0.05069	0.01181	0.21487	0.00616
16	0.01040	0.00925	0.03128	0.03684	0.01375	0.03148	0.00942	0.01288	0.01158	0.01644	0.09153	0.02559	0.01938	0.03684	0.52209	0.00791	0.09635	0.00711	0.00374	0.00615
17	0.81856	0.01250	0.00950	0.00850	0.01250	0.01449	0.00700	0.01899	0.01100	0.02899	0.00900	0.01050	0.00700	0.00600	0.00400	0.00200	0.00500	0.00350	0.00400	0.00700
18	0.01599	0.01535	0.02623	0.03966	0.73262	0.01535	0.01983	0.01983	0.01471	0.02111	0.01215	0.01599	0.01023	0.00576	0.00640	0.00192	0.00768	0.00576	0.00320	0.01023
19	0.01671	0.29749	0.10507	0.01479	0.01918	0.12390	0.06929	0.01959	0.01416	0.04037	0.07414	0.01589	0.01336	0.00754	0.00830	0.00189	0.14161	0.00526	0.00345	0.00803
20	0.00940	0.00626	0.00705	0.00705	0.00705	0.00626	0.00392	0.00940	0.00940	0.01253	0.02036	0.04228	0.02349	0.77292	0.03289	0.00626	0.00626	0.00940	0.00392	0.00392
21	0.01446	0.05449	0.01818	0.06247	0.01806	0.05573	0.01224	0.05102	0.01234	0.01762	0.01079	0.01550	0.00981	0.01436	0.11461	0.00335	0.37903	0.00537	0.00327	0.12728
22	0.01502	0.01494	0.11972	0.13793	0.13059	0.01336	0.05129	0.02018	0.08138	0.10616	0.04853	0.03856	0.01514	0.03537	0.07419	0.00301	0.07517	0.00673	0.00424	0.00848
23	0.00905	0.00674	0.00756	0.00730	0.00937	0.00582	0.00549	0.01111	0.01584	0.05256	0.25255	0.07830	0.48486	0.01520	0.00760	0.00214	0.00332	0.01290	0.00641	0.00588
24	0.02424	0.01406	0.02176	0.01624	0.02149	0.01355	0.18462	0.15810	0.01968	0.40207	0.01994	0.01936	0.01325	0.00742	0.00725	0.00206	0.03163	0.00662	0.00636	0.01030

[dist]
# distance from previous block
# <min> <max>
3	5

[block]
# block no. 6 follows, 34 sequences, length 18
# corresponding to MSA columns:
# 861,862,867-870,877-888
name=unknown_G
#
# <colnr> <probs for GDERKNQSTAVLIFYWHMCP>
#	G	D	E	R	K	N	Q	S	T	A	V	L	I	F	Y	W	H	M	C	P
0	0.11965	0.01634	0.01748	0.06665	0.05803	0.09187	0.05026	0.15463	0.30487	0.02728	0.01792	0.01823	0.01349	0.00751	0.00619	0.00205	0.00684	0.00605	0.00528	0.00938
1	0.01599	0.01535	0.02623	0.03966	0.73262	0.01535	0.01983	0.01983	0.01471	0.02111	0.01215	0.01599	0.01023	0.00576	0.00640	0.00192	0.00768	0.00576	0.00320	0.01023
2	0.02102	0.01663	0.01774	0.01447	0.01896	0.05604	0.03373	0.33897	0.31028	0.07182	0.02010	0.01924	0.01465	0.00805	0.00651	0.00204	0.00657	0.00643	0.00633	0.01042
3	0.01383	0.01168	0.05686	0.01051	0.01358	0.01155	0.00870	0.02465	0.36283	0.02547	0.08666	0.02561	0.02158	0.00856	0.00591	0.00193	0.00446	0.00708	0.29020	0.00833
4	0.11467	0.01444	0.02255	0.14325	0.27831	0.01513	0.11328	0.10583	0.01620	0.06908	0.01335	0.01631	0.01018	0.00630	0.00624	0.00200	0.00759	0.00581	0.03032	0.00914
5	0.01498	0.35838	0.39175	0.01567	0.02329	0.01971	0.05580	0.01999	0.01351	0.01817	0.01053	0.01241	0.00832	0.00583	0.00535	0.00176	0.00847	0.00435	0.00277	0.00895
6	0.01078	0.00712	0.00875	0.00815	0.01002	0.00670	0.00618	0.01440	0.05152	0.06390	0.50573	0.04400	0.11492	0.01231	0.00713	0.00199	0.00330	0.01068	0.10594	0.00650
7	0.00827	0.00662	0.00742	0.00736	0.00930	0.00577	0.00561	0.01041	0.01581	0.02012	0.26327	0.05867	0.48481	0.01551	0.00771	0.00219	0.00337	0.05576	0.00633	0.00568
8	0.02101	0.11344	0.30574	0.01433	0.02121	0.01406	0.01552	0.05232	0.01638	0.33668	0.01756	0.01700	0.01175	0.00695	0.00607	0.00194	0.00735	0.00541	0.00520	0.01009
9	0.00906	0.00612	0.00715	0.00748	0.00756	0.00604	0.00438	0.00931	0.01005	0.01341	0.02373	0.20287	0.02775	0.60653	0.02744	0.00546	0.00571	0.01138	0.00438	0.00421
10	0.00923	0.00692	0.01038	0.01038	0.01154	0.00808	0.00808	0.01154	0.01038	0.01500	0.01731	0.02538	0.01615	0.04846	0.74732	0.01038	0.01731	0.00692	0.00346	0.00577
11	0.00923	0.00692	0.01038	0.01038	0.01154	0.00808	0.00808	0.01154	0.01038	0.01500	0.01731	0.02538	0.01615	0.04846	0.74732	0.01038	0.01731	0.00692	0.00346	0.00577
12	0.01045	0.02610	0.00921	0.00844	0.01045	0.00697	0.00647	0.03422	0.01622	0.06631	0.26562	0.15680	0.28603	0.01495	0.00761	0.00221	0.00379	0.05547	0.00641	0.00626
13	0.01122	0.00561	0.00842	0.00842	0.00842	0.00561	0.00561	0.00842	0.00842	0.01122	0.01122	0.01964	0.01122	0.02245	0.02525	0.81201	0.00561	0.00561	0.00281	0.00281
14	0.01599	0.01535	0.02623	0.03966	0.73262	0.01535	0.01983	0.01983	0.01471	0.02111	0.01215	0.01599	0.01023	0.00576	0.00640	0.00192	0.00768	0.00576	0.00320	0.01023
15	0.01639	0.01447	0.02013	0.02526	0.34704	0.07956	0.04162	0.05560	0.01597	0.07046	0.05154	0.06497	0.01768	0.03255	0.00755	0.00214	0.00718	0.07204	0.00438	0.05345
16	0.01848	0.22470	0.02038	0.01252	0.01691	0.05375	0.01053	0.12932	0.30129	0.07362	0.02125	0.02040	0.05387	0.00799	0.00591	0.00189	0.00615	0.00617	0.00542	0.00946
17	0.09810	0.04362	0.01822	0.01659	0.10298	0.18876	0.01184	0.26079	0.02067	0.06305	0.03554	0.01594	0.01185	0.02749	0.00663	0.00192	0.00767	0.00531	0.00484	0.05817

[dist]
# distance from previous block
# <min> <max>
0	1

[block]
# block no. 7 follows, 34 sequences, length 12
# corresponding to MSA columns:
# 891-902
name=unknown_H
#
# <colnr> <probs for GDERKNQSTAVLIFYWHMCP>
#	G	D	E	R	K	N	Q	S	T	A	V	L	I	F	Y	W	H	M	C	P
0	0.01398	0.01374	0.01763	0.01522	0.01620	0.06612	0.03925	0.04239	0.01204	0.01681	0.01643	0.05200	0.08186	0.01401	0.05880	0.03106	0.47506	0.00704	0.00351	0.00686
1	0.00971	0.00764	0.01131	0.01103	0.01207	0.00923	0.00867	0.01193	0.01034	0.01505	0.01644	0.02427	0.01540	0.04479	0.67563	0.00964	0.09074	0.00680	0.00340	0.00590
2	0.01684	0.09171	0.10087	0.05044	0.23388	0.01542	0.18466	0.04057	0.01511	0.10818	0.01409	0.01699	0.01083	0.00917	0.06048	0.00258	0.00903	0.00606	0.00381	0.00928
3	0.01599	0.01456	0.08425	0.06358	0.04199	0.01297	0.17882	0.09489	0.08367	0.10920	0.15704	0.05200	0.02336	0.00885	0.00709	0.00212	0.00702	0.02857	0.00534	0.00868
4	0.01003	0.00586	0.00816	0.00832	0.00881	0.00563	0.00571	0.00924	0.01129	0.01515	0.14549	0.15063	0.08107	0.01999	0.01800	0.47424	0.00467	0.00939	0.00433	0.00399
5	0.01572	0.01507	0.02573	0.09199	0.68245	0.01528	0.01969	0.01959	0.01458	0.02077	0.01210	0.01608	0.01012	0.00581	0.00640	0.00194	0.00774	0.00576	0.00317	0.01001
6	0.01758	0.01628	0.05637	0.23018	0.15410	0.09156	0.08412	0.08231	0.01618	0.10936	0.01443	0.04293	0.01129	0.00722	0.00713	0.00206	0.03781	0.00626	0.00407	0.00876
7	0.04758	0.01514	0.04632	0.19662	0.17924	0.04560	0.07926	0.08340	0.06000	0.02178	0.03976	0.02000	0.01311	0.00772	0.00808	0.00216	0.08437	0.03747	0.00390	0.00851
8	0.01016	0.00685	0.00990	0.09595	0.01325	0.00751	0.00737	0.01056	0.00993	0.01350	0.01631	0.05607	0.01669	0.21622	0.23932	0.24544	0.00953	0.00746	0.00341	0.00457
9	0.08888	0.01694	0.19122	0.12289	0.02265	0.01299	0.04857	0.08520	0.01519	0.02249	0.07226	0.02210	0.08400	0.00943	0.03373	0.00227	0.03694	0.00645	0.00408	0.10171
10	0.04589	0.04520	0.04510	0.07266	0.13118	0.01482	0.17728	0.11375	0.04484	0.05653	0.01356	0.01591	0.01037	0.00603	0.00618	0.00179	0.00753	0.00569	0.00412	0.18155
11	0.01630	0.09246	0.09469	0.03919	0.12562	0.01313	0.01233	0.04492	0.07582	0.11238	0.01750	0.04232	0.04110	0.00703	0.00582	0.00168	0.00617	0.00582	0.00450	0.24122

[dist]
# distance from previous block
# <min> <max>
0	214

# created by:
# /home/berkeley/.conda/envs/busco_data_prod/bin/msa2prfl.pl pipeline/OGs_align_augustus/33634/152628.fs
