[name]
unknown

[dist]
# distance from previous block
# <min> <max>
0	173

[block]
# block no. 0 follows, 41 sequences, length 24
# corresponding to MSA columns:
# 173-196
name=unknown_A
#
# <colnr> <probs for GDERKNQSTAVLIFYWHMCP>
#	G	D	E	R	K	N	Q	S	T	A	V	L	I	F	Y	W	H	M	C	P
0	0.00912	0.00652	0.00908	0.01025	0.01157	0.00648	0.00889	0.01176	0.01343	0.01762	0.09310	0.06265	0.03473	0.01545	0.00780	0.00256	0.00505	0.66332	0.00536	0.00528
1	0.00688	0.00580	0.00595	0.00592	0.00780	0.00488	0.00444	0.00843	0.01331	0.01610	0.11838	0.05399	0.70014	0.01425	0.00676	0.00192	0.00288	0.01192	0.00540	0.00488
2	0.01368	0.01310	0.02235	0.14264	0.65952	0.01346	0.01732	0.01713	0.01280	0.01810	0.01067	0.01431	0.00885	0.00519	0.00567	0.00173	0.00691	0.00509	0.00279	0.00867
3	0.67375	0.01079	0.00940	0.00806	0.01178	0.01193	0.00664	0.01907	0.01109	0.17661	0.01094	0.01136	0.00782	0.00567	0.00399	0.00177	0.00451	0.00364	0.00426	0.00692
4	0.00717	0.00571	0.00643	0.00647	0.00803	0.00497	0.00477	0.00892	0.01368	0.01750	0.25649	0.14515	0.46627	0.01412	0.00682	0.00194	0.00289	0.01211	0.00559	0.00497
5	0.00754	0.00547	0.00638	0.00672	0.00758	0.00505	0.00453	0.00868	0.01154	0.01523	0.12555	0.27205	0.23398	0.21728	0.01258	0.00294	0.00367	0.01190	0.03681	0.00451
6	0.00688	0.00580	0.00596	0.00592	0.00780	0.00488	0.00444	0.00844	0.01332	0.01613	0.12160	0.05393	0.69690	0.01423	0.00676	0.00192	0.00288	0.01192	0.00540	0.00488
7	0.00806	0.00593	0.00761	0.00744	0.00886	0.00547	0.00574	0.01059	0.01540	0.02123	0.57717	0.04708	0.14267	0.01257	0.00689	0.00192	0.00305	0.10096	0.00604	0.00531
8	0.02141	0.02584	0.01633	0.01454	0.01769	0.68009	0.01103	0.11410	0.01756	0.01679	0.00946	0.01075	0.00767	0.00602	0.00523	0.00150	0.00981	0.00387	0.00330	0.00702
9	0.01969	0.02455	0.01513	0.01378	0.01653	0.67852	0.01034	0.02132	0.01621	0.01513	0.10391	0.01442	0.01326	0.00663	0.00536	0.00151	0.00935	0.00453	0.00337	0.00647
10	0.01286	0.01233	0.01541	0.01358	0.01462	0.06019	0.02418	0.04444	0.10463	0.01628	0.01340	0.05259	0.01288	0.02574	0.04530	0.00266	0.45119	0.06768	0.00348	0.00654
11	0.83938	0.01106	0.00841	0.00752	0.01106	0.01283	0.00619	0.01681	0.00973	0.02566	0.00796	0.00929	0.00619	0.00531	0.00354	0.00177	0.00442	0.00310	0.00354	0.00619
12	0.01355	0.01335	0.02369	0.07493	0.45596	0.01344	0.18081	0.01836	0.07684	0.01899	0.04422	0.01636	0.01154	0.00558	0.00597	0.00179	0.00712	0.00581	0.00323	0.00843
13	0.01400	0.00949	0.01136	0.00844	0.01293	0.00747	0.00676	0.01650	0.01284	0.14923	0.04531	0.01533	0.01195	0.00526	0.00459	0.00109	0.00414	0.00427	0.07535	0.58370
14	0.01080	0.01017	0.01716	0.78523	0.03940	0.01271	0.01589	0.01461	0.01144	0.01461	0.01017	0.01525	0.00762	0.00572	0.00572	0.00191	0.00762	0.00508	0.00254	0.00635
15	0.00720	0.00540	0.00619	0.00674	0.00773	0.00486	0.00463	0.00833	0.01152	0.01478	0.04019	0.36232	0.33312	0.11486	0.00970	0.00253	0.00340	0.01308	0.03881	0.00460
16	0.01357	0.00702	0.00908	0.00788	0.01024	0.00627	0.00615	0.01601	0.01571	0.25288	0.42369	0.03536	0.10336	0.01022	0.00628	0.00177	0.00339	0.00878	0.05566	0.00669
17	0.01416	0.01359	0.02322	0.03511	0.76330	0.01359	0.01755	0.01755	0.01302	0.01869	0.01076	0.01416	0.00906	0.00510	0.00566	0.00170	0.00680	0.00510	0.00283	0.00906
18	0.00887	0.07773	0.00841	0.00666	0.00713	0.00704	0.00415	0.00909	0.00878	0.01152	0.01793	0.08088	0.02061	0.67959	0.02548	0.00496	0.00546	0.00832	0.00349	0.00389
19	0.00819	0.00604	0.00875	0.00875	0.00962	0.00691	0.00660	0.00993	0.00906	0.01295	0.01573	0.02472	0.01528	0.15655	0.66400	0.00864	0.01385	0.00646	0.00312	0.00486
20	0.01238	0.02333	0.44772	0.02013	0.05519	0.01377	0.30828	0.01818	0.01268	0.01822	0.01080	0.01349	0.00789	0.00518	0.00597	0.00185	0.00886	0.00527	0.00262	0.00818
21	0.01493	0.01258	0.01560	0.08264	0.01732	0.04370	0.04170	0.18124	0.07383	0.05078	0.01283	0.01717	0.01090	0.10754	0.01207	0.00237	0.21501	0.00550	0.00392	0.07836
22	0.00803	0.00591	0.00755	0.00732	0.00874	0.00543	0.00561	0.01056	0.01552	0.02146	0.60527	0.04626	0.14151	0.01242	0.00685	0.00189	0.00296	0.07531	0.00608	0.00531
23	0.01194	0.05832	0.13845	0.01135	0.01513	0.01213	0.01048	0.01718	0.14565	0.01799	0.04648	0.01850	0.05772	0.03825	0.00866	0.00183	0.15302	0.00538	0.00369	0.22786

[dist]
# distance from previous block
# <min> <max>
0	7

[block]
# block no. 1 follows, 41 sequences, length 29
# corresponding to MSA columns:
# 204-232
name=unknown_B
#
# <colnr> <probs for GDERKNQSTAVLIFYWHMCP>
#	G	D	E	R	K	N	Q	S	T	A	V	L	I	F	Y	W	H	M	C	P
0	0.01235	0.23530	0.40993	0.01431	0.02062	0.01499	0.06944	0.01700	0.01221	0.01673	0.01249	0.01875	0.01091	0.00667	0.00539	0.00177	0.00747	0.10317	0.00285	0.00766
1	0.01736	0.17669	0.15591	0.01263	0.01791	0.01290	0.09729	0.02106	0.03540	0.27704	0.04942	0.01611	0.01239	0.00609	0.00532	0.00162	0.00618	0.00510	0.00444	0.06913
2	0.01483	0.01768	0.29148	0.03499	0.14934	0.01151	0.04601	0.01996	0.06839	0.18140	0.01815	0.04109	0.06564	0.00691	0.00579	0.00182	0.00657	0.00593	0.00408	0.00843
3	0.01313	0.01471	0.03147	0.12876	0.03120	0.01422	0.64261	0.01781	0.01322	0.01781	0.01138	0.01540	0.00853	0.00494	0.00661	0.00193	0.00937	0.00652	0.00284	0.00753
4	0.01363	0.01508	0.03173	0.02622	0.17060	0.01430	0.60343	0.01817	0.01341	0.01839	0.01142	0.01518	0.00875	0.00487	0.00654	0.00188	0.00910	0.00643	0.00288	0.00797
5	0.01833	0.01489	0.11978	0.01315	0.01779	0.02795	0.08660	0.23545	0.03959	0.22658	0.01960	0.05475	0.06783	0.00767	0.00620	0.00183	0.02185	0.00639	0.00518	0.00859
6	0.00824	0.00625	0.00766	0.00735	0.00886	0.00590	0.00549	0.01160	0.06944	0.02116	0.53683	0.09917	0.16590	0.01233	0.00672	0.00187	0.00291	0.01078	0.00603	0.00552
7	0.00730	0.00591	0.00654	0.00666	0.00842	0.00516	0.00517	0.00910	0.01353	0.01680	0.15949	0.05450	0.55483	0.01425	0.00691	0.00201	0.00319	0.10981	0.00545	0.00497
8	0.01112	0.01063	0.01837	0.70497	0.07640	0.01285	0.05547	0.01497	0.01163	0.01503	0.01027	0.01520	0.00776	0.00564	0.00577	0.00190	0.00769	0.00517	0.00258	0.00657
9	0.01344	0.22958	0.13428	0.16604	0.31504	0.01584	0.01566	0.01697	0.01221	0.01642	0.00981	0.01270	0.00806	0.00521	0.00510	0.00163	0.00701	0.00441	0.00261	0.00800
10	0.00706	0.00584	0.00621	0.00620	0.00802	0.00499	0.00471	0.00874	0.01350	0.01660	0.15799	0.05368	0.62782	0.01414	0.00681	0.00194	0.00297	0.04243	0.00545	0.00493
11	0.00824	0.00585	0.00778	0.00778	0.00832	0.00638	0.00539	0.00931	0.00877	0.01223	0.01661	0.02962	0.01740	0.40396	0.41949	0.00745	0.01065	0.00717	0.00326	0.00432
12	0.07428	0.01584	0.12233	0.05544	0.02107	0.06861	0.21273	0.02131	0.23404	0.03141	0.01601	0.07400	0.01303	0.00695	0.00591	0.00190	0.00697	0.00643	0.00398	0.00776
13	0.01484	0.01280	0.02586	0.01908	0.02380	0.01187	0.49448	0.01860	0.01367	0.15957	0.01660	0.13154	0.01403	0.00719	0.00664	0.00196	0.00780	0.00797	0.00404	0.00764
14	0.00791	0.00578	0.00743	0.00715	0.00846	0.00530	0.00531	0.01039	0.01556	0.02175	0.65300	0.09898	0.10686	0.01236	0.00679	0.00185	0.00276	0.01091	0.00615	0.00530
15	0.02005	0.01233	0.01412	0.01114	0.01502	0.01289	0.00908	0.39293	0.05318	0.22274	0.11931	0.01989	0.01752	0.00761	0.00579	0.00173	0.00519	0.00609	0.04449	0.00890
16	0.01456	0.01408	0.02436	0.02895	0.47428	0.01415	0.18535	0.07171	0.07721	0.02031	0.01223	0.01503	0.00974	0.00539	0.00593	0.00177	0.00723	0.00560	0.00331	0.00879
17	0.01080	0.01017	0.01716	0.78523	0.03940	0.01271	0.01589	0.01461	0.01144	0.01461	0.01017	0.01525	0.00762	0.00572	0.00572	0.00191	0.00762	0.00508	0.00254	0.00635
18	0.01539	0.03554	0.01521	0.01082	0.01576	0.01160	0.04631	0.24318	0.01672	0.03744	0.01151	0.01269	0.00894	0.00516	0.00484	0.00120	0.00523	0.00415	0.00413	0.49417
19	0.01515	0.69378	0.02763	0.01004	0.01471	0.02148	0.00969	0.01895	0.11356	0.01490	0.01006	0.01085	0.00873	0.00529	0.00397	0.00132	0.00590	0.00353	0.00291	0.00758
20	0.01846	0.01706	0.01658	0.01608	0.11942	0.18092	0.01131	0.28294	0.23080	0.02540	0.01500	0.01523	0.01134	0.00667	0.00562	0.00173	0.00673	0.00520	0.00475	0.00877
21	0.00800	0.00587	0.00804	0.00801	0.00865	0.00562	0.04282	0.00906	0.01083	0.01465	0.13301	0.34711	0.03204	0.32181	0.01572	0.00349	0.00443	0.01179	0.00461	0.00445
22	0.01066	0.00533	0.00533	0.00533	0.00666	0.00533	0.00400	0.01333	0.01200	0.02132	0.01866	0.02132	0.01466	0.00666	0.00400	0.00133	0.00267	0.00533	0.83073	0.00533
23	0.02137	0.02726	0.01621	0.01474	0.01768	0.77602	0.01105	0.02284	0.01621	0.01400	0.00884	0.01031	0.00737	0.00589	0.00516	0.00147	0.01031	0.00368	0.00295	0.00663
24	0.00825	0.00580	0.00755	0.00755	0.00800	0.00626	0.00510	0.00916	0.00871	0.01206	0.01683	0.03080	0.01792	0.46407	0.36009	0.00716	0.00988	0.00735	0.00329	0.00419
25	0.00729	0.00522	0.00697	0.00805	0.00860	0.00489	0.00561	0.00864	0.01184	0.01593	0.13164	0.63740	0.03968	0.01691	0.00727	0.00227	0.00338	0.06817	0.00544	0.00480
26	0.01270	0.06209	0.68057	0.01556	0.02356	0.01333	0.01969	0.01880	0.01238	0.07366	0.01108	0.01250	0.00776	0.00553	0.00538	0.00178	0.00808	0.00429	0.00276	0.00850
27	0.72607	0.11987	0.01137	0.00783	0.01156	0.01418	0.00669	0.01686	0.00999	0.02398	0.00796	0.00928	0.00635	0.00525	0.00356	0.00169	0.00466	0.00309	0.00339	0.00635
28	0.07729	0.07131	0.01575	0.01401	0.11737	0.01412	0.00997	0.27558	0.12509	0.07028	0.05028	0.01950	0.07554	0.00734	0.00550	0.00173	0.00532	0.00587	0.02978	0.00837

[dist]
# distance from previous block
# <min> <max>
0	2

[block]
# block no. 2 follows, 41 sequences, length 38
# corresponding to MSA columns:
# 235-239,273-305
name=unknown_C
#
# <colnr> <probs for GDERKNQSTAVLIFYWHMCP>
#	G	D	E	R	K	N	Q	S	T	A	V	L	I	F	Y	W	H	M	C	P
0	0.00855	0.00636	0.00745	0.00699	0.00845	0.00597	0.00509	0.05158	0.01459	0.01962	0.39943	0.04351	0.23772	0.14740	0.01053	0.00247	0.00345	0.01017	0.00551	0.00516
1	0.05953	0.01118	0.01709	0.25279	0.02425	0.01117	0.13613	0.01668	0.07089	0.03306	0.01157	0.01440	0.00897	0.00551	0.00561	0.01821	0.00628	0.00480	0.00330	0.28859
2	0.01072	0.01505	0.25767	0.01195	0.01576	0.01030	0.03734	0.05629	0.07035	0.01680	0.01455	0.02082	0.01291	0.15438	0.26464	0.00490	0.00983	0.00588	0.00329	0.00658
3	0.00973	0.00501	0.00734	0.00737	0.00738	0.00501	0.00486	0.00753	0.00761	0.01014	0.01110	0.03778	0.01147	0.08184	0.02253	0.74758	0.00497	0.00551	0.00263	0.00261
4	0.63256	0.01189	0.01165	0.01271	0.14080	0.01335	0.00852	0.07485	0.01167	0.02529	0.00890	0.01048	0.00697	0.00540	0.00408	0.00175	0.00498	0.00360	0.00359	0.00697
5	0.18665	0.27281	0.18326	0.01453	0.11872	0.04394	0.01261	0.04885	0.01250	0.04526	0.00963	0.01111	0.00766	0.00532	0.00451	0.00158	0.00648	0.00381	0.00304	0.00774
6	0.42623	0.13543	0.01480	0.01143	0.05278	0.22699	0.00878	0.03442	0.01237	0.02043	0.00848	0.00991	0.00692	0.00543	0.00417	0.00160	0.00648	0.00340	0.00322	0.00672
7	0.01119	0.00926	0.01008	0.00927	0.01172	0.01000	0.00712	0.02084	0.40824	0.02208	0.22320	0.03300	0.16011	0.00997	0.00619	0.00189	0.00371	0.00846	0.02643	0.00724
8	0.01416	0.01359	0.02322	0.03511	0.76330	0.01359	0.01755	0.01755	0.01302	0.01869	0.01076	0.01416	0.00906	0.00510	0.00566	0.00170	0.00680	0.00510	0.00283	0.00906
9	0.00693	0.00514	0.00647	0.00753	0.00818	0.00468	0.00512	0.00801	0.01137	0.01477	0.03678	0.64801	0.18168	0.01724	0.00719	0.00225	0.00323	0.01543	0.00531	0.00468
10	0.00699	0.00580	0.00611	0.00604	0.00787	0.00493	0.00453	0.00865	0.01358	0.01674	0.17858	0.05293	0.63954	0.01401	0.00676	0.00191	0.00286	0.01178	0.00548	0.00493
11	0.00817	0.00613	0.00919	0.00919	0.01021	0.00715	0.00715	0.01021	0.00919	0.01328	0.01532	0.02247	0.01430	0.04290	0.77631	0.00919	0.01532	0.00613	0.00306	0.00511
12	0.01080	0.01017	0.01716	0.78523	0.03940	0.01271	0.01589	0.01461	0.01144	0.01461	0.01017	0.01525	0.00762	0.00572	0.00572	0.00191	0.00762	0.00508	0.00254	0.00635
13	0.01280	0.01270	0.01850	0.01847	0.14354	0.01684	0.01338	0.01442	0.00949	0.01461	0.00807	0.01280	0.00777	0.00917	0.01652	0.00236	0.65424	0.00502	0.00256	0.00674
14	0.00817	0.00603	0.00869	0.00861	0.00961	0.00672	0.00656	0.01016	0.01033	0.01476	0.14349	0.02714	0.02163	0.09773	0.58465	0.00763	0.01237	0.00703	0.00365	0.00503
15	0.02499	0.01081	0.01394	0.01069	0.01514	0.01001	0.00883	0.15092	0.01818	0.64167	0.02105	0.01848	0.01340	0.00704	0.00575	0.00176	0.00511	0.00565	0.00685	0.00973
16	0.01552	0.01293	0.01366	0.01190	0.01537	0.01483	0.00937	0.15300	0.62826	0.02601	0.02164	0.02003	0.01613	0.00761	0.00580	0.00190	0.00483	0.00624	0.00580	0.00917
17	0.00716	0.00513	0.00681	0.00783	0.00834	0.00477	0.00532	0.00845	0.01185	0.01603	0.15670	0.66599	0.04060	0.01685	0.00721	0.00223	0.00321	0.01524	0.00548	0.00477
18	0.00794	0.00602	0.00837	0.00837	0.00946	0.00662	0.00637	0.00972	0.00978	0.01347	0.02286	0.02928	0.14308	0.09945	0.58343	0.00765	0.01239	0.00733	0.00348	0.00493
19	0.00832	0.00555	0.00624	0.00624	0.00624	0.00555	0.00347	0.00832	0.00832	0.01109	0.01802	0.03743	0.02080	0.79898	0.02911	0.00555	0.00555	0.00832	0.00347	0.00347
20	0.00777	0.00583	0.00720	0.00686	0.00835	0.00526	0.00514	0.01017	0.01543	0.02113	0.59068	0.04570	0.22470	0.01237	0.00675	0.00183	0.00275	0.01076	0.00606	0.00526
21	0.00807	0.00547	0.00642	0.00661	0.00678	0.00538	0.00394	0.00845	0.00940	0.01264	0.07943	0.16802	0.02636	0.60216	0.02359	0.00469	0.00494	0.00984	0.00401	0.00382
22	0.02265	0.00907	0.01231	0.00966	0.01356	0.00789	0.00789	0.02494	0.01634	0.63942	0.14928	0.02346	0.02100	0.00787	0.00592	0.00177	0.00449	0.00654	0.00695	0.00899
23	0.01275	0.00678	0.00884	0.00777	0.00989	0.00615	0.00602	0.01532	0.01584	0.20988	0.50553	0.03488	0.04029	0.01006	0.00624	0.00175	0.00324	0.00872	0.08355	0.00648
24	0.01526	0.70186	0.07115	0.01035	0.01537	0.02162	0.01045	0.04328	0.03912	0.01490	0.00884	0.00994	0.00779	0.00510	0.00392	0.00130	0.00620	0.00332	0.00268	0.00755
25	0.08201	0.19487	0.02311	0.01938	0.22055	0.04397	0.11235	0.13578	0.01488	0.05717	0.01088	0.01280	0.00863	0.00562	0.00564	0.00165	0.03433	0.00468	0.00348	0.00821
26	0.01498	0.01530	0.02562	0.04717	0.02465	0.07481	0.43345	0.14312	0.05800	0.02092	0.01388	0.07522	0.01147	0.00647	0.00640	0.00189	0.00827	0.00689	0.00372	0.00776
27	0.01147	0.02959	0.76934	0.01630	0.02476	0.01328	0.02113	0.01811	0.01208	0.01811	0.01026	0.01208	0.00725	0.00543	0.00543	0.00181	0.00845	0.00423	0.00242	0.00845
28	0.02174	0.01602	0.01717	0.01316	0.01774	0.01774	0.01087	0.74423	0.02689	0.03605	0.01373	0.01373	0.00973	0.00687	0.00572	0.00172	0.00629	0.00515	0.00572	0.00973
29	0.01442	0.62552	0.19922	0.01128	0.01699	0.02049	0.01238	0.01735	0.01173	0.01452	0.00848	0.00984	0.00732	0.00502	0.00407	0.00136	0.00665	0.00333	0.00244	0.00760
30	0.00697	0.00498	0.00664	0.00796	0.00830	0.00465	0.00531	0.00796	0.01095	0.01460	0.03153	0.79525	0.03783	0.01792	0.00730	0.00232	0.00332	0.01626	0.00531	0.00465
31	0.83938	0.01106	0.00841	0.00752	0.01106	0.01283	0.00619	0.01681	0.00973	0.02566	0.00796	0.00929	0.00619	0.00531	0.00354	0.00177	0.00442	0.00310	0.00354	0.00619
32	0.00685	0.00559	0.00605	0.00638	0.00789	0.00480	0.00462	0.00822	0.01260	0.01543	0.06978	0.24078	0.56061	0.01528	0.00690	0.00203	0.00300	0.01308	0.00534	0.00480
33	0.00697	0.00498	0.00664	0.00796	0.00830	0.00465	0.00531	0.00796	0.01095	0.01460	0.03153	0.79525	0.03783	0.01792	0.00730	0.00232	0.00332	0.01626	0.00531	0.00465
34	0.01529	0.80242	0.02997	0.00979	0.01468	0.02263	0.00979	0.01713	0.01162	0.01346	0.00795	0.00918	0.00734	0.00489	0.00367	0.00122	0.00612	0.00306	0.00245	0.00734
35	0.00697	0.00498	0.00664	0.00796	0.00830	0.00465	0.00531	0.00796	0.01095	0.01460	0.03153	0.79525	0.03783	0.01792	0.00730	0.00232	0.00332	0.01626	0.00531	0.00465
36	0.00692	0.00580	0.00601	0.00596	0.00782	0.00490	0.00447	0.00852	0.01341	0.01634	0.14134	0.05358	0.67703	0.01415	0.00676	0.00192	0.00287	0.01187	0.00543	0.00490
37	0.01350	0.01543	0.03375	0.02411	0.02989	0.01446	0.74253	0.01832	0.01350	0.01832	0.01157	0.01543	0.00868	0.00482	0.00675	0.00193	0.00964	0.00675	0.00289	0.00771

[dist]
# distance from previous block
# <min> <max>
4	7

[block]
# block no. 3 follows, 41 sequences, length 60
# corresponding to MSA columns:
# 313-372
name=unknown_D
#
# <colnr> <probs for GDERKNQSTAVLIFYWHMCP>
#	G	D	E	R	K	N	Q	S	T	A	V	L	I	F	Y	W	H	M	C	P
0	0.01345	0.01551	0.12808	0.10655	0.58740	0.01346	0.01790	0.01734	0.01273	0.01820	0.01063	0.01397	0.00866	0.00521	0.00564	0.00174	0.00711	0.00497	0.00274	0.00871
1	0.01089	0.00687	0.00790	0.04436	0.05905	0.00692	0.00595	0.05909	0.01317	0.02070	0.02457	0.02622	0.14935	0.00795	0.00480	0.00152	0.00344	0.00652	0.53491	0.00581
2	0.00832	0.00555	0.00624	0.00624	0.00624	0.00555	0.00347	0.00832	0.00832	0.01109	0.01802	0.03743	0.02080	0.79898	0.02911	0.00555	0.00555	0.00832	0.00347	0.00347
3	0.01201	0.13882	0.66484	0.01538	0.02333	0.01461	0.01953	0.01797	0.01201	0.01746	0.00994	0.01167	0.00726	0.00536	0.00518	0.00173	0.00812	0.00406	0.00242	0.00830
4	0.02053	0.13628	0.01820	0.01396	0.01726	0.63259	0.01086	0.05718	0.01608	0.01500	0.00895	0.01032	0.00748	0.00580	0.00497	0.00145	0.00953	0.00367	0.00301	0.00688
5	0.00794	0.00572	0.00750	0.00730	0.00851	0.00529	0.00538	0.01039	0.01545	0.02176	0.65728	0.14909	0.05169	0.01257	0.00682	0.00187	0.00279	0.01118	0.00616	0.00529
6	0.01068	0.00601	0.00700	0.11556	0.01129	0.00637	0.00568	0.01351	0.01192	0.02038	0.01746	0.02047	0.01367	0.00653	0.00424	0.00141	0.00337	0.00530	0.71368	0.00548
7	0.01147	0.02959	0.76934	0.01630	0.02476	0.01328	0.02113	0.01811	0.01208	0.01811	0.01026	0.01208	0.00725	0.00543	0.00543	0.00181	0.00845	0.00423	0.00242	0.00845
8	0.00714	0.00514	0.00700	0.00814	0.00857	0.00500	0.00557	0.00828	0.01070	0.01441	0.02924	0.68602	0.03451	0.02145	0.11599	0.00329	0.00501	0.01483	0.00499	0.00471
9	0.01529	0.80242	0.02997	0.00979	0.01468	0.02263	0.00979	0.01713	0.01162	0.01346	0.00795	0.00918	0.00734	0.00489	0.00367	0.00122	0.00612	0.00306	0.00245	0.00734
10	0.00697	0.00498	0.00664	0.00796	0.00830	0.00465	0.00531	0.00796	0.01095	0.01460	0.03153	0.79525	0.03783	0.01792	0.00730	0.00232	0.00332	0.01626	0.00531	0.00465
11	0.00695	0.00580	0.00606	0.00599	0.00784	0.00491	0.00449	0.00857	0.01348	0.01651	0.15721	0.05331	0.66105	0.01409	0.00676	0.00191	0.00287	0.01183	0.00545	0.00491
12	0.00830	0.00563	0.00666	0.00666	0.00680	0.00577	0.00399	0.00859	0.00844	0.01140	0.01764	0.03532	0.01988	0.69212	0.13472	0.00606	0.00693	0.00801	0.00341	0.00370
13	0.01365	0.01444	0.01731	0.06584	0.01700	0.12441	0.01253	0.01510	0.00999	0.01385	0.00787	0.01238	0.00750	0.00915	0.01599	0.00232	0.62696	0.00482	0.00257	0.00632
14	0.01993	0.01408	0.01525	0.01189	0.01608	0.01518	0.00976	0.58400	0.02411	0.09050	0.02067	0.02002	0.11626	0.00796	0.00587	0.00175	0.00570	0.00618	0.00577	0.00904
15	0.01529	0.80242	0.02997	0.00979	0.01468	0.02263	0.00979	0.01713	0.01162	0.01346	0.00795	0.00918	0.00734	0.00489	0.00367	0.00122	0.00612	0.00306	0.00245	0.00734
16	0.01318	0.01246	0.02112	0.17907	0.57319	0.01296	0.01668	0.01661	0.01273	0.01779	0.01193	0.01769	0.01036	0.00592	0.00582	0.00180	0.00686	0.05262	0.00294	0.00828
17	0.00817	0.00581	0.00738	0.00699	0.00837	0.00536	0.00524	0.01079	0.01572	0.02236	0.66825	0.04216	0.09678	0.01155	0.00657	0.00178	0.00271	0.01014	0.05852	0.00536
18	0.01287	0.01310	0.01747	0.01501	0.01512	0.04772	0.01246	0.01413	0.00906	0.01377	0.00756	0.01243	0.00750	0.00985	0.01823	0.00246	0.75752	0.00495	0.00252	0.00627
19	0.01049	0.00811	0.01108	0.01028	0.01172	0.00959	0.00816	0.11428	0.01165	0.01654	0.01438	0.02033	0.01303	0.03481	0.59835	0.00753	0.08451	0.00589	0.00339	0.00586
20	0.01111	0.00663	0.00828	0.00774	0.00982	0.00594	0.00613	0.01334	0.01474	0.15516	0.29290	0.04473	0.25506	0.01214	0.00666	0.00194	0.00351	0.11088	0.02728	0.00599
21	0.00716	0.00506	0.00658	0.00772	0.00801	0.00477	0.00505	0.00801	0.01058	0.01411	0.02962	0.68814	0.03542	0.12832	0.01038	0.00278	0.00363	0.01514	0.00505	0.00448
22	0.01529	0.80242	0.02997	0.00979	0.01468	0.02263	0.00979	0.01713	0.01162	0.01346	0.00795	0.00918	0.00734	0.00489	0.00367	0.00122	0.00612	0.00306	0.00245	0.00734
23	0.01147	0.02959	0.76934	0.01630	0.02476	0.01328	0.02113	0.01811	0.01208	0.01811	0.01026	0.01208	0.00725	0.00543	0.00543	0.00181	0.00845	0.00423	0.00242	0.00845
24	0.00714	0.00583	0.00632	0.00625	0.00803	0.00501	0.00472	0.00891	0.01377	0.01723	0.21979	0.05245	0.57760	0.01388	0.00679	0.00192	0.00292	0.03096	0.00554	0.00497
25	0.00763	0.00583	0.00700	0.00671	0.00826	0.00520	0.00503	0.00989	0.01509	0.02033	0.51586	0.04701	0.30002	0.01267	0.00675	0.00185	0.00277	0.01095	0.00595	0.00520
26	0.00906	0.00653	0.00900	0.01023	0.01159	0.00647	0.00891	0.01162	0.01316	0.01701	0.03204	0.06392	0.07909	0.01572	0.00783	0.00259	0.00512	0.67960	0.00527	0.00524
27	0.68970	0.01082	0.00930	0.00801	0.01171	0.01202	0.00660	0.01885	0.01096	0.16208	0.01065	0.01116	0.00766	0.00564	0.00395	0.00177	0.00451	0.00359	0.00419	0.00685
28	0.83938	0.01106	0.00841	0.00752	0.01106	0.01283	0.00619	0.01681	0.00973	0.02566	0.00796	0.00929	0.00619	0.00531	0.00354	0.00177	0.00442	0.00310	0.00354	0.00619
29	0.00897	0.00640	0.00893	0.01025	0.01145	0.00637	0.00878	0.01141	0.01292	0.01684	0.03042	0.14646	0.03347	0.01604	0.00783	0.00260	0.00505	0.64535	0.00527	0.00520
30	0.00810	0.00585	0.00765	0.00720	0.00855	0.00540	0.00540	0.01079	0.01619	0.02294	0.76028	0.04273	0.05397	0.01169	0.00675	0.00180	0.00270	0.01034	0.00630	0.00540
31	0.00697	0.00498	0.00664	0.00796	0.00830	0.00465	0.00531	0.00796	0.01095	0.01460	0.03153	0.79525	0.03783	0.01792	0.00730	0.00232	0.00332	0.01626	0.00531	0.00465
32	0.01185	0.10593	0.69631	0.01566	0.02376	0.01421	0.02001	0.01802	0.01203	0.01765	0.01004	0.01179	0.00726	0.00538	0.00526	0.00175	0.00822	0.00411	0.00242	0.00834
33	0.01423	0.01229	0.01293	0.01164	0.01487	0.01423	0.00905	0.03039	0.75297	0.02393	0.02328	0.02134	0.01746	0.00776	0.00582	0.00194	0.00453	0.00647	0.00582	0.00905
34	0.02142	0.02581	0.01633	0.01453	0.01769	0.67785	0.01103	0.11623	0.01759	0.01685	0.00947	0.01076	0.00767	0.00602	0.00523	0.00151	0.00979	0.00387	0.00331	0.00703
35	0.06205	0.00619	0.00640	0.00634	0.00826	0.00552	0.00485	0.00932	0.01327	0.01727	0.15257	0.05075	0.57574	0.01355	0.00660	0.00194	0.00309	0.04596	0.00533	0.00502
36	0.03918	0.13180	0.01755	0.01431	0.06526	0.43033	0.01063	0.04236	0.06175	0.01623	0.04141	0.01434	0.03982	0.00660	0.00579	0.00158	0.04616	0.00455	0.00335	0.00699
37	0.01476	0.05858	0.29812	0.01757	0.12521	0.08873	0.05971	0.04881	0.01345	0.09071	0.01336	0.03768	0.03215	0.00660	0.00663	0.00181	0.06953	0.00524	0.00333	0.00804
38	0.00703	0.00581	0.00617	0.00608	0.00789	0.00494	0.00456	0.00873	0.01368	0.01697	0.20068	0.05254	0.61730	0.01392	0.00676	0.00190	0.00286	0.01172	0.00551	0.00494
39	0.00758	0.00541	0.00734	0.00866	0.00926	0.00517	0.00637	0.00902	0.01155	0.01528	0.03119	0.59737	0.03650	0.01735	0.00746	0.00241	0.00385	0.20813	0.00530	0.00481
40	0.06802	0.06442	0.01848	0.01433	0.04394	0.01335	0.16769	0.07119	0.25479	0.12743	0.05379	0.04699	0.01542	0.00709	0.00581	0.00184	0.00585	0.00640	0.00489	0.00827
41	0.09029	0.01072	0.01301	0.01036	0.01444	0.01047	0.00846	0.10254	0.12104	0.49388	0.04971	0.01920	0.01507	0.00719	0.00561	0.00179	0.00485	0.00575	0.00643	0.00917
42	0.00886	0.00630	0.00741	0.00695	0.00881	0.00566	0.00527	0.01148	0.04092	0.06701	0.39020	0.04571	0.34936	0.01244	0.00666	0.00186	0.00298	0.01065	0.00591	0.00556
43	0.01908	0.09587	0.01861	0.04326	0.07831	0.50721	0.04062	0.05028	0.06432	0.01604	0.01021	0.01176	0.00832	0.00585	0.00521	0.00154	0.00898	0.00415	0.00317	0.00721
44	0.01538	0.33429	0.31851	0.01286	0.01908	0.01732	0.01432	0.12100	0.01427	0.06826	0.01065	0.01164	0.00809	0.00553	0.00479	0.00156	0.00698	0.00399	0.00320	0.00827
45	0.01189	0.01142	0.02126	0.01953	0.12548	0.01112	0.30584	0.01617	0.04932	0.01816	0.01964	0.03552	0.01903	0.00947	0.00702	0.00218	0.00721	0.29878	0.00399	0.00697
46	0.06436	0.02497	0.10061	0.01423	0.01795	0.55111	0.01179	0.07069	0.06118	0.01718	0.01016	0.01136	0.00807	0.00599	0.00518	0.00157	0.00916	0.00398	0.00328	0.00717
47	0.01415	0.01308	0.01961	0.33740	0.33273	0.04418	0.01567	0.11927	0.01446	0.01929	0.01086	0.01439	0.00850	0.00563	0.00567	0.00178	0.00720	0.00504	0.00313	0.00795
48	0.00751	0.00544	0.00743	0.00897	0.02433	0.00517	0.00625	0.00885	0.01139	0.01513	0.03088	0.65016	0.03638	0.01728	0.00737	0.00237	0.00373	0.14126	0.00525	0.00485
49	0.01343	0.24564	0.22578	0.01371	0.01756	0.01757	0.01395	0.01635	0.01072	0.03769	0.00884	0.01164	0.00759	0.00719	0.01037	0.00192	0.32591	0.00425	0.00260	0.00727
50	0.01618	0.01296	0.03805	0.05228	0.10201	0.06479	0.06490	0.17831	0.06333	0.12639	0.03886	0.07082	0.01511	0.11927	0.00920	0.00233	0.00629	0.00664	0.00460	0.00769
51	0.01647	0.09879	0.08486	0.03329	0.18592	0.11888	0.05130	0.10013	0.01534	0.11642	0.05862	0.04240	0.02436	0.00684	0.00562	0.00170	0.00677	0.02025	0.00402	0.00802
52	0.02138	0.01706	0.01656	0.01314	0.01739	0.12423	0.01066	0.56023	0.07282	0.06775	0.01410	0.01403	0.01012	0.00680	0.00565	0.00170	0.00668	0.00506	0.00540	0.00925
53	0.01234	0.01432	0.15707	0.06415	0.03991	0.03930	0.05042	0.10930	0.12659	0.01997	0.02098	0.19144	0.04819	0.00995	0.00629	0.00200	0.00599	0.07015	0.00441	0.00723
54	0.04048	0.16407	0.02195	0.10696	0.27603	0.03929	0.04248	0.18482	0.03365	0.02141	0.01104	0.01320	0.00878	0.00562	0.00527	0.00165	0.00674	0.00472	0.00349	0.00837
55	0.01341	0.01075	0.01534	0.25158	0.15380	0.01192	0.01211	0.02039	0.23088	0.09069	0.06458	0.06848	0.01628	0.00750	0.00591	0.00189	0.00571	0.00660	0.00441	0.00778
56	0.04675	0.01165	0.01363	0.01185	0.03330	0.01245	0.02866	0.28511	0.15559	0.10419	0.05399	0.17937	0.01932	0.00942	0.00606	0.00190	0.00507	0.00797	0.00559	0.00815
57	0.14933	0.07333	0.01185	0.04731	0.01304	0.06728	0.02343	0.01493	0.07333	0.05446	0.02220	0.30486	0.06941	0.01107	0.00636	0.00197	0.03601	0.00926	0.00444	0.00611
58	0.01528	0.06565	0.04826	0.12365	0.07020	0.04369	0.09647	0.14811	0.07144	0.05840	0.01243	0.01411	0.00944	0.00561	0.00534	0.00155	0.00647	0.00482	0.00384	0.19523
59	0.21502	0.01142	0.01228	0.01032	0.01375	0.04983	0.03170	0.13133	0.05701	0.21119	0.01781	0.15245	0.01520	0.00834	0.00544	0.00183	0.00510	0.00676	0.00515	0.03806

[dist]
# distance from previous block
# <min> <max>
0	31

# created by:
# /home/berkeley/.conda/envs/busco_data_prod/bin/msa2prfl.pl pipeline/OGs_align_augustus/33634/152716.fs
