[name]
unknown

[dist]
# distance from previous block
# <min> <max>
0	272

[block]
# block no. 0 follows, 47 sequences, length 36
# corresponding to MSA columns:
# 343-378
name=unknown_A
#
# <colnr> <probs for GDERKNQSTAVLIFYWHMCP>
#	G	D	E	R	K	N	Q	S	T	A	V	L	I	F	Y	W	H	M	C	P
0	0.00753	0.00560	0.00721	0.00774	0.00904	0.00528	0.00635	0.00963	0.01255	0.01644	0.21977	0.08500	0.20893	0.01327	0.00667	0.00205	0.00364	0.36356	0.00504	0.00471
1	0.00679	0.00497	0.00618	0.00674	0.00748	0.00460	0.00472	0.00802	0.01096	0.01449	0.16141	0.39358	0.16683	0.11690	0.00905	0.00236	0.00324	0.06263	0.00477	0.00428
2	0.01170	0.31266	0.51525	0.01271	0.01923	0.01516	0.01552	0.01617	0.01085	0.01496	0.00859	0.01004	0.00663	0.00477	0.00437	0.00146	0.00693	0.00347	0.00221	0.00733
3	0.01582	0.01077	0.04258	0.24136	0.12034	0.01071	0.03003	0.12282	0.01418	0.26140	0.02863	0.03028	0.01126	0.00623	0.00533	0.00167	0.00574	0.02909	0.00425	0.00753
4	0.00768	0.00523	0.00666	0.00737	0.00797	0.00510	0.00507	0.05857	0.01078	0.01472	0.02535	0.64550	0.02938	0.01505	0.00735	0.06438	0.00327	0.01267	0.06347	0.00444
5	0.01078	0.00941	0.01148	0.06162	0.01401	0.00788	0.00709	0.01309	0.01058	0.01641	0.00909	0.01105	0.00760	0.00431	0.00487	0.00094	0.06025	0.00329	0.00298	0.73328
6	0.01249	0.01013	0.01096	0.00985	0.01258	0.01140	0.00765	0.02462	0.61775	0.05635	0.12120	0.02284	0.04386	0.00769	0.00543	0.00174	0.00387	0.00648	0.00539	0.00772
7	0.01101	0.00909	0.01068	0.00774	0.01221	0.00687	0.00617	0.01327	0.01089	0.03878	0.01021	0.03696	0.00873	0.00433	0.00399	0.00084	0.00385	0.00353	0.00324	0.79762
8	0.03340	0.00539	0.00694	0.00692	0.00740	0.00582	0.00473	0.00848	0.00789	0.01126	0.01459	0.02633	0.01536	0.41118	0.34719	0.06530	0.00870	0.00638	0.00294	0.00379
9	0.85377	0.01007	0.00765	0.00685	0.01007	0.01168	0.00564	0.01531	0.00886	0.02336	0.00725	0.00846	0.00564	0.00483	0.00322	0.00161	0.00403	0.00282	0.00322	0.00564
10	0.00634	0.00453	0.00604	0.00725	0.00755	0.00423	0.00483	0.00725	0.00997	0.01329	0.02870	0.81358	0.03444	0.01632	0.00665	0.00211	0.00302	0.01480	0.00483	0.00423
11	0.00717	0.00526	0.00672	0.00647	0.00769	0.00481	0.00481	0.00941	0.01411	0.01966	0.65452	0.09421	0.12313	0.01130	0.00618	0.00168	0.00251	0.00996	0.00558	0.00481
12	0.00983	0.00926	0.01562	0.80447	0.03587	0.01157	0.01446	0.01331	0.01041	0.01331	0.00926	0.01388	0.00694	0.00521	0.00521	0.00174	0.00694	0.00463	0.00231	0.00579
13	0.01594	0.01148	0.01256	0.01038	0.01336	0.03741	0.00829	0.38701	0.09737	0.09101	0.01506	0.01844	0.01219	0.09614	0.12334	0.00297	0.00667	0.02835	0.00466	0.00736
14	0.85377	0.01007	0.00765	0.00685	0.01007	0.01168	0.00564	0.01531	0.00886	0.02336	0.00725	0.00846	0.00564	0.00483	0.00322	0.00161	0.00403	0.00282	0.00322	0.00564
15	0.00737	0.00532	0.00696	0.00655	0.00778	0.00491	0.00491	0.00983	0.01474	0.02088	0.78175	0.03890	0.04914	0.01065	0.00614	0.00164	0.00246	0.00942	0.00573	0.00491
16	0.02336	0.00886	0.01209	0.00927	0.01329	0.00765	0.00765	0.02538	0.01491	0.78810	0.02055	0.01773	0.01289	0.00645	0.00524	0.00161	0.00443	0.00524	0.00645	0.00886
17	0.01080	0.00926	0.01080	0.00771	0.01234	0.00694	0.00617	0.01311	0.01080	0.01697	0.00926	0.01080	0.00771	0.00386	0.00386	0.00077	0.00386	0.00309	0.00309	0.84882
18	0.01392	0.82012	0.02729	0.00891	0.01337	0.02061	0.00891	0.01559	0.01058	0.01225	0.00724	0.00835	0.00668	0.00446	0.00334	0.00111	0.00557	0.00278	0.00223	0.00668
19	0.01139	0.01139	0.01595	0.01367	0.01367	0.01595	0.01139	0.01253	0.00798	0.01253	0.00684	0.01139	0.00684	0.00911	0.01709	0.00228	0.80745	0.00456	0.00228	0.00570
20	0.06755	0.00981	0.01268	0.00915	0.01375	0.00791	0.08594	0.01364	0.01083	0.01737	0.00926	0.01098	0.00759	0.00398	0.00405	0.00093	0.00439	0.00339	0.00305	0.70374
21	0.01104	0.16354	0.65864	0.01382	0.02096	0.01356	0.01746	0.01634	0.01092	0.01576	0.00898	0.01054	0.00661	0.00486	0.00467	0.00156	0.00733	0.00366	0.00220	0.00752
22	0.00732	0.00532	0.00690	0.00650	0.00775	0.00489	0.00488	0.00974	0.01463	0.02062	0.75373	0.03933	0.07732	0.01074	0.00614	0.00164	0.00246	0.00948	0.00570	0.00489
23	0.01289	0.01237	0.02114	0.03196	0.78450	0.01237	0.01598	0.01598	0.01186	0.01701	0.00980	0.01289	0.00825	0.00464	0.00516	0.00155	0.00619	0.00464	0.00258	0.00825
24	0.01911	0.01874	0.01443	0.01227	0.01550	0.40166	0.00956	0.28378	0.05142	0.07647	0.01184	0.04014	0.00930	0.00622	0.00501	0.00149	0.00728	0.00448	0.00404	0.00727
25	0.01042	0.00600	0.00794	0.00707	0.00883	0.00544	0.00544	0.01280	0.01477	0.16732	0.63646	0.03486	0.04222	0.00984	0.00597	0.00163	0.00283	0.00862	0.00587	0.00567
26	0.01142	0.01335	0.18016	0.01306	0.01700	0.01019	0.15602	0.11481	0.04177	0.03619	0.02017	0.03066	0.08169	0.00881	0.00604	0.00191	0.00609	0.24015	0.00394	0.00657
27	0.02950	0.03593	0.04927	0.03175	0.04101	0.43375	0.01070	0.13465	0.02835	0.01661	0.02374	0.01114	0.00807	0.00608	0.00650	0.00155	0.11776	0.00396	0.00309	0.00659
28	0.01348	0.69376	0.11394	0.00966	0.01442	0.01930	0.01006	0.01623	0.04420	0.01316	0.00809	0.00914	0.00708	0.00463	0.00361	0.00120	0.00575	0.00304	0.00236	0.00687
29	0.00757	0.00507	0.00578	0.00578	0.00581	0.00510	0.00327	0.00763	0.00760	0.01017	0.01632	0.03359	0.01872	0.78931	0.05389	0.00517	0.00537	0.00750	0.00314	0.00321
30	0.01394	0.13773	0.32488	0.01189	0.01697	0.06690	0.01266	0.05768	0.09088	0.12903	0.01380	0.04860	0.02819	0.00616	0.00507	0.00158	0.01829	0.00477	0.00351	0.00746
31	0.05094	0.04951	0.07709	0.05318	0.28822	0.01235	0.15286	0.06351	0.01261	0.11321	0.01165	0.02609	0.00918	0.00549	0.00569	0.00165	0.03717	0.01874	0.00327	0.00758
32	0.00828	0.00568	0.00747	0.00700	0.00850	0.00514	0.02159	0.01037	0.01357	0.07221	0.47678	0.12959	0.17365	0.01142	0.00616	0.00173	0.00289	0.02747	0.00543	0.00506
33	0.01679	0.00738	0.00960	0.00798	0.01062	0.00657	0.00620	0.01831	0.01278	0.47003	0.05215	0.02729	0.08715	0.19524	0.01037	0.00246	0.00435	0.04252	0.00543	0.00678
34	0.09127	0.06082	0.13689	0.04142	0.01587	0.03197	0.01012	0.15586	0.06941	0.29817	0.02803	0.01448	0.01062	0.00596	0.00490	0.00159	0.00539	0.00461	0.00467	0.00796
35	0.07050	0.42413	0.10346	0.06564	0.01615	0.04292	0.01024	0.11958	0.04808	0.01696	0.00907	0.01023	0.00738	0.00497	0.00404	0.00134	0.00582	0.00346	0.00289	0.03313

[dist]
# distance from previous block
# <min> <max>
1	27

[block]
# block no. 1 follows, 47 sequences, length 13
# corresponding to MSA columns:
# 406-418
name=unknown_B
#
# <colnr> <probs for GDERKNQSTAVLIFYWHMCP>
#	G	D	E	R	K	N	Q	S	T	A	V	L	I	F	Y	W	H	M	C	P
0	0.01163	0.04687	0.05614	0.52604	0.07881	0.03364	0.01347	0.10957	0.01251	0.01616	0.01123	0.01450	0.03651	0.00556	0.00513	0.00166	0.00662	0.00472	0.00279	0.00643
1	0.00720	0.00513	0.00588	0.00584	0.00647	0.00486	0.00375	0.00802	0.01005	0.01331	0.18683	0.06728	0.18011	0.45359	0.01733	0.00355	0.00394	0.00892	0.00410	0.00382
2	0.02779	0.04303	0.03822	0.20098	0.06060	0.06165	0.05867	0.24820	0.10846	0.06813	0.01245	0.01377	0.00916	0.00573	0.00511	0.00161	0.00615	0.00474	0.01802	0.00750
3	0.00750	0.00512	0.00614	0.00619	0.00635	0.00526	0.00378	0.00785	0.00780	0.01055	0.01646	0.06120	0.01853	0.65693	0.15427	0.00549	0.00646	0.00751	0.00316	0.00345
4	0.00815	0.00532	0.00695	0.00719	0.00778	0.00531	0.00496	0.00906	0.00966	0.05805	0.07963	0.32370	0.02579	0.25201	0.10938	0.02509	0.02262	0.03095	0.00413	0.00429
5	0.85377	0.01007	0.00765	0.00685	0.01007	0.01168	0.00564	0.01531	0.00886	0.02336	0.00725	0.00846	0.00564	0.00483	0.00322	0.00161	0.00403	0.00282	0.00322	0.00564
6	0.14786	0.02176	0.01373	0.01242	0.01503	0.62929	0.00946	0.01946	0.01345	0.01437	0.00786	0.00936	0.00655	0.00550	0.00519	0.00144	0.05523	0.00334	0.00274	0.00596
7	0.00767	0.00565	0.00722	0.00686	0.00814	0.00539	0.00513	0.01082	0.06403	0.02045	0.68310	0.08808	0.04601	0.01078	0.00612	0.00168	0.00260	0.00954	0.00565	0.00509
8	0.03588	0.08555	0.12026	0.14227	0.01639	0.02210	0.00964	0.01561	0.07231	0.11914	0.02984	0.06737	0.06264	0.05445	0.00681	0.00184	0.04535	0.00578	0.08047	0.00630
9	0.00715	0.00524	0.00665	0.00644	0.00761	0.00480	0.00475	0.00927	0.01379	0.01913	0.61118	0.10837	0.12891	0.03528	0.00679	0.00179	0.00260	0.01001	0.00548	0.00474
10	0.74668	0.01001	0.00903	0.00776	0.01098	0.01133	0.05244	0.01504	0.00946	0.02279	0.05798	0.01079	0.00862	0.00519	0.00359	0.00162	0.00422	0.00346	0.00335	0.00568
11	0.14167	0.04965	0.18709	0.04184	0.16991	0.06248	0.03336	0.05579	0.04138	0.03353	0.03887	0.01280	0.00922	0.00641	0.02391	0.00179	0.07595	0.00432	0.00300	0.00702
12	0.05100	0.55648	0.02220	0.00912	0.01333	0.06554	0.00846	0.03365	0.05076	0.03208	0.00869	0.00961	0.00743	0.00468	0.00367	0.00116	0.00543	0.00312	0.00273	0.11086

[dist]
# distance from previous block
# <min> <max>
0	21

[block]
# block no. 2 follows, 47 sequences, length 20
# corresponding to MSA columns:
# 451-470
name=unknown_C
#
# <colnr> <probs for GDERKNQSTAVLIFYWHMCP>
#	G	D	E	R	K	N	Q	S	T	A	V	L	I	F	Y	W	H	M	C	P
0	0.00715	0.00525	0.00670	0.00647	0.00768	0.00480	0.00480	0.00935	0.01402	0.01949	0.63768	0.10447	0.12995	0.01140	0.00619	0.00169	0.00252	0.01004	0.00556	0.00480
1	0.04029	0.04598	0.03353	0.03536	0.13247	0.01345	0.01028	0.26117	0.17708	0.03559	0.01318	0.01439	0.01019	0.00692	0.02644	0.00176	0.04790	0.01355	0.00412	0.07636
2	0.00708	0.00493	0.00641	0.00700	0.00772	0.00456	0.00489	0.00843	0.01136	0.03325	0.21986	0.50665	0.08239	0.04417	0.00721	0.00208	0.00300	0.02949	0.00504	0.00449
3	0.01673	0.10430	0.13882	0.04420	0.04710	0.04465	0.07348	0.12560	0.03394	0.25021	0.01328	0.01352	0.00932	0.00549	0.00494	0.00151	0.00595	0.00450	0.00411	0.05834
4	0.01273	0.20712	0.30338	0.04483	0.01925	0.01449	0.09441	0.04509	0.07183	0.05632	0.01040	0.01192	0.00794	0.00542	0.00577	0.00159	0.07315	0.00420	0.00284	0.00729
5	0.00639	0.00459	0.00607	0.00717	0.00755	0.00427	0.00482	0.00738	0.01025	0.01368	0.06622	0.75694	0.05344	0.01596	0.00661	0.00208	0.00298	0.01445	0.00488	0.00427
6	0.01123	0.01236	0.08089	0.26635	0.10606	0.01199	0.22255	0.03316	0.07491	0.01611	0.01220	0.04765	0.01016	0.00604	0.00600	0.00177	0.03447	0.03645	0.00294	0.00671
7	0.08979	0.04496	0.13994	0.11204	0.06447	0.04549	0.09288	0.21126	0.01492	0.09242	0.01103	0.01241	0.00800	0.00533	0.00496	0.00158	0.00636	0.00441	0.00360	0.03416
8	0.01155	0.00928	0.01168	0.02895	0.03079	0.03950	0.00847	0.05975	0.07449	0.07632	0.04350	0.18565	0.01688	0.01283	0.08858	0.00260	0.24140	0.02242	0.02943	0.00594
9	0.00832	0.00647	0.00917	0.00880	0.00965	0.00772	0.00682	0.03666	0.00882	0.01268	0.01338	0.02058	0.01280	0.11321	0.60671	0.00714	0.09782	0.00564	0.00286	0.00476
10	0.01477	0.39156	0.02142	0.01282	0.07814	0.17264	0.01027	0.05879	0.01180	0.01397	0.00783	0.00977	0.00697	0.00566	0.00655	0.00145	0.16294	0.00351	0.00253	0.00662
11	0.05031	0.00798	0.01016	0.00821	0.01139	0.00720	0.00664	0.04766	0.01453	0.48653	0.15354	0.02440	0.10282	0.00782	0.00536	0.00162	0.00386	0.00645	0.03609	0.00743
12	0.00707	0.00528	0.00657	0.00631	0.00761	0.00478	0.00471	0.00923	0.01394	0.01914	0.59753	0.07345	0.20235	0.01142	0.00617	0.00168	0.00252	0.00997	0.00551	0.00478
13	0.00713	0.00526	0.00666	0.00642	0.00766	0.00479	0.00477	0.00931	0.01400	0.01938	0.62509	0.09565	0.15172	0.01141	0.00618	0.00169	0.00252	0.01002	0.00554	0.00479
14	0.00647	0.00471	0.00604	0.00691	0.00745	0.00435	0.00468	0.00754	0.01055	0.01400	0.10532	0.62653	0.11378	0.04647	0.00732	0.00214	0.00300	0.01359	0.00486	0.00427
15	0.02229	0.00931	0.01213	0.00936	0.01326	0.00848	0.00771	0.10882	0.01580	0.66478	0.01946	0.01722	0.01246	0.00640	0.00516	0.00159	0.00448	0.00516	0.04747	0.00867
16	0.01077	0.00772	0.01046	0.00950	0.01084	0.00915	0.00760	0.06148	0.04197	0.08169	0.01363	0.01788	0.01172	0.02460	0.43593	0.00537	0.16039	0.00526	0.06841	0.00565
17	0.85377	0.01007	0.00765	0.00685	0.01007	0.01168	0.00564	0.01531	0.00886	0.02336	0.00725	0.00846	0.00564	0.00483	0.00322	0.00161	0.00403	0.00282	0.00322	0.00564
18	0.01981	0.00782	0.01021	0.00812	0.01141	0.00693	0.00661	0.02194	0.01387	0.58825	0.01962	0.01816	0.01301	0.00635	0.00482	0.00151	0.00391	0.00514	0.22469	0.00782
19	0.03327	0.07969	0.10123	0.04129	0.01686	0.01357	0.04056	0.33310	0.07244	0.18093	0.01364	0.01357	0.00957	0.00588	0.00502	0.00156	0.00566	0.00463	0.00461	0.02293

[dist]
# distance from previous block
# <min> <max>
0	1

[block]
# block no. 3 follows, 47 sequences, length 10
# corresponding to MSA columns:
# 472-481
name=unknown_D
#
# <colnr> <probs for GDERKNQSTAVLIFYWHMCP>
#	G	D	E	R	K	N	Q	S	T	A	V	L	I	F	Y	W	H	M	C	P
0	0.41451	0.08184	0.03504	0.00889	0.01225	0.01232	0.02784	0.11590	0.09034	0.05450	0.01225	0.09174	0.01051	0.00643	0.00427	0.00163	0.00455	0.00481	0.00386	0.00652
1	0.10355	0.48013	0.09656	0.00983	0.01440	0.01749	0.00969	0.14928	0.01309	0.05077	0.00895	0.00976	0.00722	0.00495	0.00390	0.00132	0.00559	0.00333	0.00304	0.00715
2	0.01287	0.01223	0.01512	0.40169	0.06319	0.13745	0.02917	0.03200	0.09236	0.06080	0.03229	0.02671	0.00989	0.00599	0.00579	0.00169	0.04627	0.00491	0.00314	0.00643
3	0.01179	0.01436	0.23281	0.04575	0.15357	0.01023	0.02396	0.05278	0.07890	0.07098	0.10920	0.01864	0.01495	0.08935	0.00739	0.00194	0.00566	0.00542	0.00358	0.04874
4	0.00706	0.00520	0.00682	0.00752	0.00840	0.00472	0.00535	0.00834	0.01047	0.01423	0.05837	0.61884	0.03185	0.01459	0.00640	0.00199	0.00327	0.09080	0.00469	0.09110
5	0.34205	0.13124	0.05988	0.03983	0.01443	0.08137	0.00879	0.20840	0.03476	0.02243	0.00924	0.01021	0.00709	0.00527	0.00411	0.00151	0.00548	0.00355	0.00350	0.00685
6	0.00647	0.00493	0.00595	0.00645	0.00742	0.00441	0.00455	0.00780	0.01149	0.01495	0.17529	0.41240	0.29065	0.01421	0.00639	0.00191	0.00279	0.01252	0.00500	0.00441
7	0.10034	0.01051	0.01200	0.04383	0.06937	0.04624	0.02198	0.01538	0.08939	0.01772	0.01062	0.02598	0.00877	0.00471	0.00422	0.00113	0.00454	0.00380	0.00326	0.50619
8	0.52061	0.09662	0.01151	0.00829	0.01174	0.05167	0.00693	0.12900	0.01224	0.06713	0.03634	0.01072	0.00825	0.00533	0.00383	0.00154	0.00468	0.00350	0.00366	0.00641
9	0.01321	0.13389	0.42027	0.01263	0.01834	0.05041	0.01419	0.09457	0.05786	0.07167	0.01107	0.01222	0.00821	0.00723	0.05044	0.00194	0.00719	0.00408	0.00305	0.00753

[dist]
# distance from previous block
# <min> <max>
1	15

[block]
# block no. 4 follows, 47 sequences, length 22
# corresponding to MSA columns:
# 514-535
name=unknown_E
#
# <colnr> <probs for GDERKNQSTAVLIFYWHMCP>
#	G	D	E	R	K	N	Q	S	T	A	V	L	I	F	Y	W	H	M	C	P
0	0.00880	0.00670	0.00804	0.00782	0.00945	0.00631	0.00567	0.09499	0.03573	0.01659	0.04248	0.50124	0.07598	0.01255	0.00595	0.00179	0.00346	0.01112	0.00463	0.14069
1	0.04333	0.10382	0.11297	0.09097	0.06316	0.03788	0.03160	0.10603	0.05786	0.07509	0.01176	0.04792	0.00949	0.00563	0.00485	0.00143	0.01547	0.00454	0.00345	0.17273
2	0.52886	0.01295	0.00943	0.00829	0.01144	0.18379	0.00657	0.01610	0.01049	0.02009	0.00818	0.00952	0.00652	0.00491	0.00364	0.00144	0.00511	0.00308	0.04840	0.10121
3	0.00732	0.00532	0.00689	0.00649	0.00775	0.00489	0.00487	0.00972	0.01461	0.02058	0.74929	0.03940	0.08178	0.01076	0.00614	0.00164	0.00246	0.00949	0.00569	0.00489
4	0.02748	0.00544	0.00695	0.00727	0.00821	0.00537	0.00543	0.00883	0.01121	0.01532	0.20333	0.26165	0.14613	0.04657	0.07413	0.02888	0.02625	0.10247	0.00461	0.00449
5	0.07441	0.01266	0.01453	0.10128	0.01717	0.03759	0.00999	0.38347	0.03157	0.13384	0.01215	0.01301	0.00878	0.00645	0.00673	0.00169	0.11789	0.00460	0.00444	0.00775
6	0.02096	0.00911	0.01187	0.00927	0.01297	0.00834	0.00759	0.10086	0.03242	0.60592	0.10596	0.01962	0.01664	0.00691	0.00534	0.00161	0.00434	0.00567	0.00621	0.00840
7	0.01010	0.00952	0.01610	0.73786	0.10042	0.01164	0.01459	0.01354	0.01054	0.01363	0.00930	0.01380	0.00705	0.00516	0.00520	0.00172	0.00688	0.00463	0.00234	0.00600
8	0.01705	0.10640	0.11076	0.01414	0.10778	0.08073	0.03829	0.18423	0.08243	0.18709	0.01325	0.01342	0.00954	0.00567	0.00496	0.00154	0.00601	0.00453	0.00416	0.00804
9	0.00911	0.00545	0.00641	0.00621	0.00685	0.00520	0.00391	0.00955	0.00902	0.09890	0.02126	0.11309	0.08566	0.57421	0.02032	0.00408	0.00456	0.00834	0.00384	0.00402
10	0.00737	0.00532	0.00696	0.00655	0.00778	0.00491	0.00491	0.00983	0.01474	0.02088	0.78175	0.03890	0.04914	0.01065	0.00614	0.00164	0.00246	0.00942	0.00573	0.00491
11	0.08446	0.13182	0.10346	0.01182	0.01537	0.35352	0.01033	0.04333	0.01307	0.10698	0.00966	0.01074	0.00751	0.00605	0.01702	0.00157	0.05985	0.00367	0.00311	0.00667
12	0.00905	0.00452	0.00678	0.00678	0.00678	0.00452	0.00452	0.00678	0.00678	0.00905	0.00905	0.01583	0.00905	0.01809	0.02035	0.84848	0.00452	0.00452	0.00226	0.00226
13	0.00744	0.00558	0.00837	0.00837	0.00930	0.00651	0.00651	0.00930	0.00837	0.01209	0.01395	0.02046	0.01302	0.03906	0.79635	0.00837	0.01395	0.00558	0.00279	0.00465
14	0.01945	0.02482	0.01476	0.01342	0.01610	0.79608	0.01006	0.02079	0.01476	0.01275	0.00805	0.00939	0.00671	0.00537	0.00470	0.00134	0.00939	0.00335	0.00268	0.00604
15	0.68472	0.01017	0.00877	0.00750	0.01090	0.01137	0.00618	0.06173	0.01066	0.13367	0.00947	0.01003	0.00687	0.00515	0.00363	0.00161	0.00419	0.00328	0.00380	0.00629
16	0.01197	0.01149	0.08391	0.05484	0.01483	0.01286	0.01096	0.01394	0.00977	0.10149	0.07603	0.01517	0.01156	0.01032	0.06409	0.00246	0.48006	0.00506	0.00308	0.00610
17	0.01196	0.00999	0.01141	0.00839	0.01285	0.00838	0.00673	0.09949	0.06239	0.01908	0.01041	0.01156	0.00838	0.00434	0.00410	0.00093	0.00409	0.00345	0.00347	0.69862
18	0.08683	0.14379	0.07242	0.00981	0.01300	0.05379	0.01831	0.12219	0.05642	0.12555	0.01350	0.09178	0.01159	0.00957	0.04194	0.09782	0.01611	0.00526	0.00382	0.00650
19	0.01053	0.00680	0.00867	0.00761	0.00903	0.00668	0.02997	0.05177	0.01066	0.10177	0.08248	0.02842	0.02916	0.40222	0.06418	0.00367	0.02448	0.02976	0.03211	0.06004
20	0.05440	0.04748	0.10123	0.23336	0.03833	0.01073	0.01067	0.11304	0.01320	0.12250	0.04026	0.01731	0.07645	0.00623	0.00496	0.00156	0.00542	0.00507	0.03589	0.06193
21	0.10351	0.26102	0.10580	0.03245	0.01529	0.07983	0.04113	0.01602	0.06046	0.01519	0.00880	0.01068	0.00738	0.00574	0.00637	0.01907	0.12552	0.00367	0.00267	0.07939

[dist]
# distance from previous block
# <min> <max>
6	31

[block]
# block no. 5 follows, 47 sequences, length 23
# corresponding to MSA columns:
# 572-594
name=unknown_F
#
# <colnr> <probs for GDERKNQSTAVLIFYWHMCP>
#	G	D	E	R	K	N	Q	S	T	A	V	L	I	F	Y	W	H	M	C	P
0	0.09117	0.04634	0.01213	0.04377	0.01310	0.02492	0.06117	0.09921	0.11755	0.05590	0.20881	0.02291	0.07543	0.00759	0.00556	0.00161	0.02903	0.00631	0.05504	0.02246
1	0.01168	0.16626	0.18388	0.01119	0.04596	0.01064	0.04481	0.02784	0.01066	0.08980	0.01397	0.16095	0.01342	0.04416	0.00838	0.12311	0.01784	0.00622	0.00325	0.00599
2	0.01397	0.06290	0.01640	0.16818	0.07674	0.11735	0.06578	0.07865	0.26141	0.03857	0.01347	0.01460	0.01028	0.00593	0.00551	0.00164	0.03274	0.00489	0.00371	0.00727
3	0.01634	0.00757	0.00992	0.00813	0.01100	0.00677	0.00651	0.04669	0.01500	0.43241	0.29501	0.02730	0.07777	0.00840	0.00562	0.00163	0.00365	0.00710	0.00603	0.00715
4	0.00933	0.00643	0.00803	0.00734	0.00902	0.00629	0.00560	0.01355	0.12603	0.07562	0.61627	0.03454	0.04169	0.00982	0.00595	0.00165	0.00284	0.00860	0.00572	0.00568
5	0.00691	0.00531	0.00632	0.00607	0.00750	0.00472	0.00455	0.00893	0.01365	0.01830	0.50493	0.04316	0.32757	0.01161	0.00615	0.00168	0.00253	0.01002	0.00539	0.00472
6	0.00655	0.00523	0.00573	0.00569	0.00712	0.00456	0.00415	0.00800	0.01207	0.01524	0.21267	0.08466	0.51828	0.07753	0.00782	0.00201	0.00281	0.01055	0.00490	0.00440
7	0.85377	0.01007	0.00765	0.00685	0.01007	0.01168	0.00564	0.01531	0.00886	0.02336	0.00725	0.00846	0.00564	0.00483	0.00322	0.00161	0.00403	0.00282	0.00322	0.00564
8	0.13515	0.01282	0.02467	0.01816	0.02234	0.01299	0.53429	0.01572	0.01135	0.01731	0.03783	0.01381	0.00895	0.00526	0.00706	0.00179	0.10553	0.00558	0.00279	0.00658
9	0.85377	0.01007	0.00765	0.00685	0.01007	0.01168	0.00564	0.01531	0.00886	0.02336	0.00725	0.00846	0.00564	0.00483	0.00322	0.00161	0.00403	0.00282	0.00322	0.00564
10	0.01945	0.02482	0.01476	0.01342	0.01610	0.79608	0.01006	0.02079	0.01476	0.01275	0.00805	0.00939	0.00671	0.00537	0.00470	0.00134	0.00939	0.00335	0.00268	0.00604
11	0.00966	0.00583	0.00770	0.00694	0.00857	0.00531	0.00531	0.01206	0.01476	0.13080	0.67269	0.03587	0.04394	0.01004	0.00601	0.00163	0.00274	0.00882	0.00583	0.00548
12	0.15878	0.00972	0.01167	0.00919	0.01304	0.00939	0.00756	0.09282	0.05537	0.55145	0.01765	0.01581	0.01149	0.00620	0.00491	0.00162	0.00447	0.00482	0.00574	0.00830
13	0.00734	0.00577	0.00767	0.00788	0.00846	0.00610	0.00575	0.00871	0.01107	0.01527	0.23015	0.45070	0.07242	0.01359	0.00798	0.00199	0.11810	0.01169	0.00471	0.00463
14	0.01334	0.70394	0.02562	0.12289	0.01659	0.01931	0.00971	0.01527	0.01056	0.01240	0.00753	0.00915	0.00672	0.00456	0.00361	0.00120	0.00577	0.00305	0.00224	0.00655
15	0.00992	0.00568	0.00683	0.11978	0.01081	0.00588	0.00546	0.01235	0.01111	0.05125	0.03455	0.05820	0.05520	0.00692	0.00426	0.00139	0.00320	0.00573	0.58638	0.00511
16	0.05382	0.00860	0.01123	0.00903	0.01250	0.00778	0.00729	0.06197	0.01447	0.60632	0.02076	0.13110	0.01547	0.00778	0.00536	0.00168	0.00428	0.00648	0.00602	0.00807
17	0.01126	0.01002	0.01562	0.69093	0.03304	0.01223	0.01381	0.12131	0.01243	0.01610	0.00972	0.01369	0.00722	0.00536	0.00521	0.00171	0.00677	0.00464	0.00273	0.00623
18	0.00696	0.00579	0.00719	0.12022	0.01137	0.00552	0.00575	0.00881	0.01213	0.01539	0.20438	0.10715	0.44708	0.01175	0.00606	0.00176	0.00325	0.01006	0.00467	0.00469
19	0.00662	0.00476	0.00622	0.00708	0.00760	0.00444	0.00487	0.00779	0.01071	0.01436	0.13706	0.60077	0.06977	0.05319	0.00751	0.00218	0.00309	0.04278	0.00488	0.00431
20	0.01729	0.00933	0.01135	0.00956	0.01272	0.00937	0.00762	0.07458	0.24649	0.37775	0.05148	0.09845	0.01749	0.00795	0.00547	0.00172	0.00422	0.02341	0.00579	0.00797
21	0.01509	0.01183	0.01926	0.02699	0.61156	0.01168	0.01421	0.05018	0.01296	0.15737	0.01186	0.01375	0.00912	0.00504	0.00517	0.00156	0.00585	0.00475	0.00339	0.00839
22	0.19491	0.05424	0.01592	0.05169	0.01678	0.10362	0.11704	0.21797	0.05626	0.05707	0.01080	0.01187	0.00808	0.00535	0.00469	0.00153	0.00602	0.00424	0.00376	0.05817

[dist]
# distance from previous block
# <min> <max>
2	8

[block]
# block no. 6 follows, 47 sequences, length 16
# corresponding to MSA columns:
# 603-605,612-624
name=unknown_G
#
# <colnr> <probs for GDERKNQSTAVLIFYWHMCP>
#	G	D	E	R	K	N	Q	S	T	A	V	L	I	F	Y	W	H	M	C	P
0	0.15174	0.07897	0.25061	0.04059	0.01643	0.01240	0.02412	0.15755	0.01330	0.05450	0.01478	0.03676	0.08640	0.00649	0.00521	0.00163	0.03312	0.00493	0.00348	0.00697
1	0.00633	0.00459	0.00598	0.00710	0.00751	0.00424	0.00477	0.00727	0.01011	0.01335	0.03052	0.75578	0.09107	0.01608	0.00661	0.00209	0.00299	0.01452	0.00483	0.00424
2	0.01501	0.06469	0.09898	0.11343	0.07965	0.02720	0.01007	0.02771	0.05079	0.28412	0.01888	0.07857	0.07461	0.02603	0.00574	0.00172	0.00521	0.00602	0.00436	0.00721
3	0.03376	0.23835	0.08941	0.02158	0.03200	0.01368	0.00956	0.08052	0.15944	0.09275	0.01444	0.03090	0.02607	0.00640	0.00507	0.00152	0.03075	0.04448	0.00381	0.06551
4	0.01465	0.01203	0.01273	0.01094	0.01419	0.01375	0.00865	0.21120	0.58879	0.02452	0.01904	0.01771	0.01415	0.00686	0.00528	0.00172	0.00452	0.00559	0.00528	0.00840
5	0.01357	0.73991	0.10441	0.00951	0.01429	0.01975	0.00996	0.01568	0.01062	0.01268	0.00745	0.00862	0.00667	0.00451	0.00350	0.00117	0.00578	0.00289	0.00222	0.00679
6	0.00714	0.00576	0.00642	0.00627	0.00790	0.00528	0.00474	0.00990	0.07440	0.01676	0.26833	0.06887	0.45534	0.01206	0.00613	0.00175	0.00277	0.03017	0.00514	0.00487
7	0.01698	0.01036	0.01253	0.09016	0.01540	0.03921	0.00860	0.12227	0.09577	0.30388	0.04004	0.01627	0.01216	0.00641	0.00588	0.00158	0.06217	0.00499	0.05965	0.07570
8	0.01644	0.12616	0.08140	0.08989	0.04283	0.05317	0.07642	0.23625	0.06794	0.13995	0.01256	0.01321	0.00908	0.00562	0.00499	0.00155	0.00614	0.00457	0.00403	0.00780
9	0.01274	0.01316	0.13210	0.15377	0.01897	0.01325	0.01229	0.07598	0.03719	0.09069	0.01019	0.01302	0.00808	0.00802	0.03351	0.00210	0.33503	0.00459	0.00305	0.02228
10	0.02063	0.01063	0.09047	0.00971	0.01389	0.00821	0.00869	0.05187	0.01487	0.61886	0.08067	0.01856	0.01503	0.00663	0.00528	0.00162	0.00465	0.00541	0.00591	0.00843
11	0.00710	0.00500	0.00642	0.00705	0.00781	0.00469	0.00499	0.00834	0.01077	0.03221	0.11591	0.46440	0.13497	0.06894	0.04742	0.00253	0.00373	0.05855	0.00476	0.00442
12	0.01237	0.22620	0.40728	0.03126	0.03358	0.06102	0.02640	0.01640	0.01136	0.04380	0.02771	0.01128	0.00801	0.00496	0.00452	0.00144	0.00674	0.00376	0.00255	0.05936
13	0.01417	0.00960	0.08903	0.07416	0.01412	0.00780	0.00849	0.01771	0.07119	0.30401	0.19445	0.04418	0.08103	0.00828	0.00560	0.00170	0.00434	0.03802	0.00520	0.00692
14	0.00757	0.00631	0.00691	0.00776	0.00849	0.06440	0.00552	0.00875	0.01087	0.01383	0.05710	0.58326	0.09538	0.01482	0.00649	0.00204	0.00363	0.08770	0.00470	0.00446
15	0.10432	0.00995	0.01458	0.26387	0.08933	0.01060	0.06798	0.08510	0.01300	0.17664	0.04368	0.01756	0.06867	0.00621	0.00517	0.00166	0.00558	0.00534	0.00389	0.00686

[dist]
# distance from previous block
# <min> <max>
1	7

[block]
# block no. 7 follows, 47 sequences, length 21
# corresponding to MSA columns:
# 649-669
name=unknown_H
#
# <colnr> <probs for GDERKNQSTAVLIFYWHMCP>
#	G	D	E	R	K	N	Q	S	T	A	V	L	I	F	Y	W	H	M	C	P
0	0.39729	0.01177	0.01189	0.04023	0.09418	0.07877	0.02608	0.11650	0.01264	0.09215	0.02858	0.04866	0.00954	0.00586	0.00437	0.00161	0.00511	0.00438	0.00376	0.00663
1	0.00881	0.00676	0.00893	0.04599	0.06933	0.00658	0.00657	0.01071	0.01225	0.06247	0.23908	0.11970	0.26635	0.01068	0.00668	0.00173	0.05911	0.00903	0.00463	0.04461
2	0.06481	0.03009	0.01720	0.20655	0.36918	0.02534	0.02671	0.04563	0.01231	0.06439	0.07759	0.01525	0.01159	0.00549	0.00511	0.00160	0.00587	0.00494	0.00317	0.00718
3	0.01373	0.01347	0.05200	0.16451	0.23941	0.11364	0.01247	0.05614	0.12394	0.06359	0.01241	0.04239	0.01002	0.00608	0.00587	0.00166	0.05304	0.00502	0.00335	0.00725
4	0.00738	0.00551	0.00688	0.00650	0.00786	0.00510	0.00488	0.01007	0.03931	0.01993	0.65147	0.03988	0.15394	0.01090	0.00612	0.00166	0.00254	0.00953	0.00559	0.00495
5	0.06351	0.00895	0.01100	0.07912	0.03319	0.01007	0.00796	0.18020	0.07330	0.01957	0.11739	0.08995	0.01802	0.06954	0.14864	0.00315	0.04978	0.00654	0.00408	0.00607
6	0.00673	0.00503	0.00624	0.00650	0.00753	0.00455	0.00466	0.00837	0.01239	0.01662	0.34642	0.31424	0.21519	0.01324	0.00632	0.00183	0.00270	0.01168	0.00521	0.00455
7	0.00782	0.00533	0.00697	0.00685	0.00803	0.00496	0.00506	0.00981	0.01315	0.05402	0.48825	0.20062	0.09438	0.01358	0.05515	0.00216	0.00339	0.01023	0.00533	0.00490
8	0.72926	0.01227	0.00871	0.00783	0.01097	0.12874	0.00630	0.01613	0.00974	0.02178	0.00737	0.00860	0.00580	0.00491	0.00344	0.00157	0.00483	0.00290	0.00314	0.00570
9	0.00983	0.00926	0.01562	0.80447	0.03587	0.01157	0.01446	0.01331	0.01041	0.01331	0.00926	0.01388	0.00694	0.00521	0.00521	0.00174	0.00694	0.00463	0.00231	0.00579
10	0.00983	0.00926	0.01562	0.80447	0.03587	0.01157	0.01446	0.01331	0.01041	0.01331	0.00926	0.01388	0.00694	0.00521	0.00521	0.00174	0.00694	0.00463	0.00231	0.00579
11	0.85377	0.01007	0.00765	0.00685	0.01007	0.01168	0.00564	0.01531	0.00886	0.02336	0.00725	0.00846	0.00564	0.00483	0.00322	0.00161	0.00403	0.00282	0.00322	0.00564
12	0.08997	0.01126	0.01341	0.01090	0.01356	0.01293	0.00898	0.25341	0.04270	0.18702	0.04649	0.01459	0.01105	0.00717	0.00828	0.00177	0.22375	0.00486	0.03049	0.00740
13	0.04938	0.00776	0.00990	0.00855	0.01127	0.00740	0.00692	0.01869	0.09067	0.35853	0.17487	0.02785	0.05768	0.01047	0.05459	0.00214	0.00453	0.08623	0.00558	0.00697
14	0.01229	0.01405	0.03073	0.02195	0.02722	0.01317	0.76558	0.01668	0.01229	0.01668	0.01054	0.01405	0.00790	0.00439	0.00615	0.00176	0.00878	0.00615	0.00263	0.00702
15	0.15546	0.00969	0.01157	0.00920	0.01299	0.00944	0.00754	0.07287	0.09700	0.53235	0.01795	0.01608	0.01179	0.00624	0.00492	0.00162	0.00442	0.00488	0.00572	0.00828
16	0.02310	0.00929	0.01235	0.00947	0.01351	0.00829	0.00782	0.08090	0.01562	0.73157	0.01994	0.01733	0.01259	0.00643	0.00523	0.00161	0.00453	0.00520	0.00635	0.00886
17	0.00757	0.00505	0.00568	0.00568	0.00568	0.00505	0.00316	0.00757	0.00757	0.01010	0.01641	0.03408	0.01893	0.81698	0.02651	0.00505	0.00505	0.00757	0.00316	0.00316
18	0.01295	0.01119	0.01178	0.01060	0.01354	0.01295	0.00824	0.02767	0.77509	0.02178	0.02120	0.01943	0.01590	0.00707	0.00530	0.00177	0.00412	0.00589	0.00530	0.00824
19	0.00797	0.00634	0.00730	0.00753	0.00926	0.00610	0.00613	0.02947	0.08687	0.01584	0.03954	0.04931	0.41545	0.01285	0.00642	0.00199	0.00364	0.27808	0.00488	0.00503
20	0.01275	0.01223	0.02088	0.06768	0.74988	0.01234	0.01591	0.01586	0.01179	0.01684	0.00977	0.01293	0.00819	0.00467	0.00516	0.00156	0.00622	0.00464	0.00257	0.00813

[dist]
# distance from previous block
# <min> <max>
0	11

[block]
# block no. 8 follows, 47 sequences, length 8
# corresponding to MSA columns:
# 681-688
name=unknown_I
#
# <colnr> <probs for GDERKNQSTAVLIFYWHMCP>
#	G	D	E	R	K	N	Q	S	T	A	V	L	I	F	Y	W	H	M	C	P
0	0.01045	0.02694	0.79000	0.01484	0.02254	0.01209	0.01924	0.01649	0.01099	0.01649	0.00935	0.01099	0.00660	0.00495	0.00495	0.00165	0.00770	0.00385	0.00220	0.00770
1	0.00665	0.00485	0.00595	0.00654	0.00715	0.00449	0.00439	0.00765	0.01044	0.01375	0.11915	0.44837	0.16666	0.15717	0.01002	0.00252	0.00325	0.01221	0.00464	0.00415
2	0.00983	0.00926	0.01562	0.80447	0.03587	0.01157	0.01446	0.01331	0.01041	0.01331	0.00926	0.01388	0.00694	0.00521	0.00521	0.00174	0.00694	0.00463	0.00231	0.00579
3	0.01106	0.16768	0.65466	0.01379	0.02091	0.01360	0.01741	0.01633	0.01092	0.01574	0.00897	0.01053	0.00661	0.00486	0.00466	0.00155	0.00732	0.00366	0.00220	0.00752
4	0.00661	0.00511	0.00686	0.00733	0.00814	0.00468	0.03571	0.00770	0.01036	0.01344	0.03263	0.57073	0.19811	0.05735	0.00756	0.00218	0.00328	0.01322	0.00466	0.00432
5	0.06633	0.01021	0.01080	0.00967	0.01231	0.01161	0.00750	0.08257	0.51251	0.02104	0.04148	0.02100	0.04735	0.06154	0.05871	0.00238	0.00484	0.00599	0.00485	0.00731
6	0.01396	0.01285	0.05094	0.13789	0.51085	0.05738	0.01458	0.01700	0.01214	0.10636	0.01085	0.01331	0.00845	0.00499	0.00514	0.00157	0.00634	0.00460	0.00298	0.00782
7	0.00699	0.00520	0.00708	0.05865	0.00992	0.00507	0.00602	0.00846	0.01083	0.01428	0.08130	0.51861	0.08768	0.01464	0.00658	0.00208	0.00352	0.14385	0.00473	0.00449

[dist]
# distance from previous block
# <min> <max>
1	30

[block]
# block no. 9 follows, 47 sequences, length 17
# corresponding to MSA columns:
# 719-735
name=unknown_J
#
# <colnr> <probs for GDERKNQSTAVLIFYWHMCP>
#	G	D	E	R	K	N	Q	S	T	A	V	L	I	F	Y	W	H	M	C	P
0	0.30890	0.25722	0.01710	0.01110	0.05328	0.18154	0.04090	0.01654	0.01090	0.01670	0.00767	0.00922	0.00646	0.00498	0.00438	0.00144	0.03950	0.00323	0.00271	0.00623
1	0.01380	0.00742	0.00955	0.00837	0.01076	0.00706	0.00666	0.04895	0.07809	0.27880	0.31462	0.07256	0.02977	0.00942	0.00586	0.00174	0.00366	0.08051	0.00577	0.00664
2	0.11159	0.09210	0.04034	0.08854	0.10141	0.01172	0.00974	0.12596	0.03113	0.29487	0.01384	0.01432	0.00980	0.02577	0.00532	0.00165	0.00524	0.00454	0.00441	0.00772
3	0.00834	0.00493	0.00557	0.00584	0.00674	0.00480	0.00418	0.01010	0.01070	0.01665	0.08195	0.18476	0.05776	0.11446	0.00771	0.00201	0.00302	0.04635	0.41966	0.00449
4	0.05457	0.00787	0.00992	0.07254	0.07079	0.04364	0.03434	0.01202	0.02883	0.04420	0.35839	0.04502	0.17899	0.00935	0.00573	0.00166	0.00388	0.00810	0.00466	0.00550
5	0.00780	0.00549	0.00681	0.00645	0.00793	0.00494	0.00491	0.00995	0.01393	0.05274	0.53841	0.04147	0.23300	0.01123	0.00614	0.00169	0.00267	0.03400	0.00551	0.00495
6	0.01221	0.35453	0.09060	0.18865	0.05485	0.06333	0.01121	0.01468	0.01075	0.01340	0.00963	0.06742	0.00882	0.00576	0.00493	0.00144	0.04137	0.00436	0.00251	0.03954
7	0.04214	0.01269	0.12256	0.04655	0.10675	0.00991	0.06535	0.06558	0.04571	0.01835	0.03869	0.01416	0.01007	0.00506	0.00469	0.00130	0.00528	0.02413	0.00322	0.35783
8	0.03174	0.12344	0.24904	0.03841	0.04568	0.04572	0.01216	0.14309	0.04631	0.07514	0.03557	0.05258	0.03057	0.00643	0.00547	0.00160	0.04128	0.00496	0.00352	0.00729
9	0.01154	0.27611	0.55040	0.01298	0.01966	0.01477	0.01600	0.01621	0.01086	0.01516	0.00868	0.01017	0.00662	0.00479	0.00444	0.00148	0.00703	0.00351	0.00221	0.00738
10	0.00654	0.00479	0.00617	0.00708	0.00770	0.00442	0.00494	0.00773	0.01077	0.01422	0.10029	0.60065	0.13077	0.01529	0.00657	0.00204	0.00303	0.05776	0.00491	0.00435
11	0.01306	0.11142	0.28205	0.05448	0.12043	0.05744	0.01302	0.01652	0.01191	0.13057	0.01548	0.04303	0.07228	0.00645	0.00505	0.00160	0.00616	0.02858	0.00330	0.00716
12	0.01280	0.00973	0.02817	0.17776	0.10321	0.03066	0.10264	0.03997	0.01239	0.16002	0.04174	0.16466	0.01615	0.00802	0.00565	0.00176	0.00555	0.04450	0.02807	0.00653
13	0.38368	0.01262	0.01215	0.00974	0.01350	0.01420	0.00804	0.43909	0.01767	0.02869	0.01021	0.01074	0.00745	0.00563	0.00434	0.00158	0.00499	0.00387	0.00434	0.00745
14	0.01122	0.14238	0.06803	0.06185	0.03097	0.03105	0.00901	0.04136	0.06057	0.06872	0.03630	0.18034	0.03302	0.00999	0.00569	0.00184	0.00496	0.19258	0.00411	0.00602
15	0.01548	0.01599	0.01266	0.01141	0.01420	0.31086	0.00874	0.02401	0.41861	0.04432	0.05700	0.01659	0.01408	0.00659	0.00511	0.00159	0.00605	0.00509	0.00436	0.00724
16	0.04337	0.10437	0.28137	0.01134	0.04381	0.01076	0.01148	0.03775	0.01196	0.12729	0.03415	0.01451	0.05066	0.00549	0.00462	0.00139	0.00549	0.00431	0.00338	0.19251

[dist]
# distance from previous block
# <min> <max>
2	11

[block]
# block no. 10 follows, 47 sequences, length 17
# corresponding to MSA columns:
# 747-763
name=unknown_K
#
# <colnr> <probs for GDERKNQSTAVLIFYWHMCP>
#	G	D	E	R	K	N	Q	S	T	A	V	L	I	F	Y	W	H	M	C	P
0	0.00983	0.00926	0.01562	0.80447	0.03587	0.01157	0.01446	0.01331	0.01041	0.01331	0.00926	0.01388	0.00694	0.00521	0.00521	0.00174	0.00694	0.00463	0.00231	0.00579
1	0.06300	0.00938	0.01148	0.00861	0.01286	0.00799	0.00703	0.05655	0.01331	0.38210	0.01464	0.01403	0.01010	0.00525	0.00454	0.00125	0.00423	0.00417	0.00478	0.36469
2	0.01188	0.04267	0.01844	0.23537	0.24366	0.01126	0.13049	0.01535	0.04067	0.06719	0.01335	0.09885	0.01179	0.00649	0.00548	0.00171	0.00620	0.02915	0.00317	0.00683
3	0.01283	0.01193	0.01892	0.09925	0.52489	0.02982	0.04312	0.01729	0.10384	0.03961	0.02579	0.01500	0.02362	0.00530	0.00524	0.00160	0.00600	0.00503	0.00309	0.00781
4	0.01004	0.00947	0.01599	0.75268	0.08605	0.01162	0.01456	0.01348	0.01051	0.01355	0.00929	0.01382	0.00703	0.00517	0.00520	0.00172	0.00689	0.00463	0.00233	0.00595
5	0.00762	0.00623	0.00818	0.01000	0.10238	0.00579	0.00678	0.00940	0.01163	0.01474	0.03708	0.15681	0.37172	0.01293	0.00639	0.00196	0.00373	0.21713	0.00455	0.00495
6	0.02912	0.17362	0.01499	0.09323	0.01483	0.17239	0.00886	0.03285	0.03877	0.04152	0.02837	0.01708	0.05907	0.03594	0.08656	0.03591	0.08506	0.02296	0.00307	0.00581
7	0.01420	0.26178	0.13478	0.01683	0.19632	0.01401	0.11145	0.01724	0.01187	0.13421	0.01190	0.01315	0.02973	0.00511	0.00474	0.00147	0.00619	0.00442	0.00308	0.00751
8	0.00645	0.00460	0.00608	0.00715	0.00749	0.00430	0.00477	0.00740	0.01013	0.01357	0.06913	0.73921	0.03460	0.04914	0.00744	0.00221	0.00307	0.01421	0.00481	0.00422
9	0.00647	0.00471	0.00611	0.00709	0.00763	0.00435	0.00487	0.00757	0.01055	0.01398	0.08492	0.66255	0.10498	0.01556	0.00658	0.00206	0.00300	0.03780	0.00490	0.00431
10	0.12904	0.07803	0.04047	0.15438	0.06458	0.05560	0.02673	0.15218	0.12116	0.08296	0.01215	0.01336	0.00911	0.00669	0.03035	0.00181	0.00599	0.00444	0.00376	0.00720
11	0.01361	0.19885	0.04229	0.03243	0.23263	0.01430	0.06610	0.08649	0.16278	0.03700	0.01295	0.01575	0.01064	0.00580	0.00495	0.00156	0.00572	0.04505	0.00347	0.00762
12	0.01266	0.00818	0.04797	0.00835	0.01079	0.00720	0.00687	0.04862	0.06489	0.22409	0.27048	0.11511	0.07817	0.01012	0.02392	0.00185	0.02121	0.00799	0.02514	0.00640
13	0.07627	0.00933	0.01160	0.00903	0.01275	0.00865	0.00735	0.11144	0.01499	0.52149	0.04800	0.01764	0.01329	0.04664	0.00609	0.00172	0.00447	0.00514	0.00565	0.06845
14	0.07490	0.05303	0.20513	0.01469	0.15018	0.02405	0.02898	0.08308	0.01322	0.17384	0.06408	0.01478	0.01144	0.01810	0.00525	0.00159	0.00571	0.00466	0.00377	0.04950
15	0.03264	0.12378	0.06643	0.06311	0.06621	0.06327	0.06560	0.08232	0.03670	0.08044	0.02912	0.05447	0.01136	0.00639	0.00564	0.00155	0.05724	0.02661	0.05994	0.06718
16	0.01249	0.09083	0.04461	0.01005	0.02280	0.01028	0.06284	0.12414	0.05435	0.08735	0.02543	0.09050	0.01448	0.19947	0.04194	0.00265	0.02574	0.00625	0.00384	0.06994

[dist]
# distance from previous block
# <min> <max>
1	27

[block]
# block no. 11 follows, 47 sequences, length 19
# corresponding to MSA columns:
# 791-809
name=unknown_L
#
# <colnr> <probs for GDERKNQSTAVLIFYWHMCP>
#	G	D	E	R	K	N	Q	S	T	A	V	L	I	F	Y	W	H	M	C	P
0	0.22829	0.11913	0.07764	0.02354	0.07170	0.02986	0.03624	0.03311	0.04189	0.14287	0.01155	0.01358	0.00902	0.02835	0.00586	0.02770	0.03055	0.01773	0.02233	0.02906
1	0.06400	0.08396	0.15841	0.04565	0.09499	0.03739	0.01111	0.04841	0.08440	0.20814	0.02700	0.01443	0.01034	0.02387	0.00581	0.00166	0.03854	0.00455	0.00390	0.03344
2	0.07829	0.09154	0.17632	0.03088	0.14315	0.01172	0.01137	0.08137	0.05860	0.11283	0.01493	0.01555	0.07144	0.00585	0.00479	0.00151	0.00543	0.00470	0.00360	0.07613
3	0.01365	0.01039	0.01601	0.34803	0.22773	0.01132	0.01279	0.08103	0.03696	0.14143	0.01348	0.01563	0.03724	0.00570	0.00524	0.00165	0.00598	0.00501	0.00349	0.00723
4	0.01380	0.01347	0.09248	0.01246	0.01599	0.13461	0.16316	0.01780	0.08147	0.14873	0.20344	0.04483	0.02013	0.00710	0.00558	0.00164	0.00588	0.00637	0.00432	0.00675
5	0.00706	0.00539	0.00651	0.00640	0.00772	0.00493	0.00473	0.00938	0.03747	0.01797	0.44997	0.14041	0.25892	0.01199	0.00618	0.00174	0.00263	0.01045	0.00534	0.00478
6	0.01298	0.06211	0.15681	0.08586	0.04305	0.02451	0.20568	0.11870	0.01274	0.04133	0.01033	0.01333	0.00812	0.03149	0.00771	0.00182	0.12754	0.00487	0.02403	0.00697
7	0.00652	0.00500	0.00584	0.00621	0.00723	0.00447	0.00436	0.00776	0.01129	0.01452	0.15191	0.32318	0.34171	0.07603	0.00790	0.00212	0.00294	0.01187	0.00484	0.00432
8	0.01065	0.01148	0.07990	0.54542	0.22368	0.01182	0.01523	0.01424	0.01082	0.01450	0.00940	0.01340	0.00724	0.00504	0.00517	0.00168	0.00681	0.00457	0.00237	0.00656
9	0.00755	0.00515	0.00619	0.00619	0.00637	0.00533	0.00380	0.00790	0.00773	0.01048	0.01594	0.03148	0.01780	0.66835	0.17359	0.00568	0.00675	0.00719	0.00309	0.00344
10	0.00655	0.00462	0.00598	0.00699	0.00725	0.00436	0.00456	0.00730	0.00958	0.01277	0.02668	0.68540	0.03189	0.14798	0.00991	0.00260	0.00335	0.01362	0.00456	0.00405
11	0.01009	0.00715	0.00919	0.09245	0.01254	0.00745	0.00712	0.12551	0.03560	0.05313	0.08132	0.39964	0.02624	0.01198	0.00609	0.00192	0.00403	0.07323	0.02977	0.00555
12	0.08300	0.01467	0.01393	0.05294	0.01590	0.15452	0.00932	0.42532	0.01905	0.08513	0.01286	0.06671	0.01018	0.00663	0.00506	0.00158	0.00604	0.00503	0.00452	0.00762
13	0.01045	0.00889	0.01043	0.00768	0.01197	0.00673	0.00607	0.01266	0.01073	0.01669	0.01076	0.07282	0.00978	0.00482	0.00407	0.00088	0.00379	0.00399	0.00322	0.78357
14	0.01142	0.00850	0.01101	0.06533	0.08621	0.00890	0.00797	0.09858	0.13482	0.07629	0.27966	0.02643	0.07880	0.01082	0.06986	0.00220	0.00484	0.00704	0.00482	0.00649
15	0.13394	0.08135	0.41595	0.10576	0.04134	0.01233	0.01454	0.03545	0.01130	0.08758	0.00998	0.01147	0.00718	0.00508	0.00464	0.00160	0.00653	0.00388	0.00284	0.00725
16	0.00698	0.00520	0.00626	0.00639	0.00728	0.00500	0.00448	0.00814	0.01026	0.01345	0.12214	0.13158	0.25197	0.23695	0.13763	0.00375	0.00518	0.02905	0.00416	0.00415
17	0.00857	0.00956	0.12173	0.00988	0.03279	0.00748	0.03449	0.03390	0.07341	0.01608	0.11195	0.35471	0.09162	0.03352	0.00698	0.00197	0.03139	0.01011	0.00433	0.00552
18	0.06562	0.00957	0.03114	0.07121	0.01477	0.00840	0.03021	0.01828	0.06643	0.27363	0.07650	0.01619	0.01317	0.00570	0.00476	0.00137	0.00445	0.00473	0.00448	0.27938

[dist]
# distance from previous block
# <min> <max>
1	10

[block]
# block no. 12 follows, 47 sequences, length 14
# corresponding to MSA columns:
# 820-833
name=unknown_M
#
# <colnr> <probs for GDERKNQSTAVLIFYWHMCP>
#	G	D	E	R	K	N	Q	S	T	A	V	L	I	F	Y	W	H	M	C	P
0	0.07020	0.04431	0.07782	0.02620	0.03208	0.03731	0.00846	0.03411	0.07366	0.10868	0.01133	0.01220	0.00868	0.00491	0.00465	0.00121	0.02702	0.00376	0.00355	0.40986
1	0.15181	0.10607	0.06424	0.03940	0.05342	0.06121	0.00933	0.12061	0.16075	0.10681	0.04011	0.01454	0.01118	0.00594	0.00467	0.00156	0.00523	0.01377	0.00408	0.02527
2	0.09428	0.01105	0.03563	0.46053	0.05257	0.05728	0.03203	0.01521	0.04147	0.04845	0.01004	0.01333	0.00765	0.00559	0.00590	0.00172	0.06972	0.00447	0.02692	0.00615
