[name]
unknown

[dist]
# distance from previous block
# <min> <max>
11	69

[block]
# block no. 0 follows, 42 sequences, length 11
# corresponding to MSA columns:
# 73-83
name=unknown_A
#
# <colnr> <probs for GDERKNQSTAVLIFYWHMCP>
#	G	D	E	R	K	N	Q	S	T	A	V	L	I	F	Y	W	H	M	C	P
0	0.01185	0.01198	0.06668	0.07468	0.02055	0.02323	0.29864	0.04975	0.01315	0.04547	0.03106	0.19755	0.04638	0.00864	0.00628	0.00191	0.00658	0.00850	0.07047	0.00665
1	0.00788	0.00612	0.00920	0.04233	0.01121	0.00600	0.05346	0.00963	0.01166	0.01580	0.13715	0.46719	0.03377	0.03734	0.07376	0.00285	0.00495	0.05987	0.00486	0.00500
2	0.01471	0.34489	0.08184	0.06744	0.14956	0.11521	0.01212	0.05562	0.01303	0.01592	0.01091	0.07429	0.01007	0.00621	0.00481	0.00152	0.00674	0.00482	0.00294	0.00736
3	0.01630	0.16441	0.06606	0.01713	0.18213	0.05630	0.05765	0.10477	0.07691	0.12509	0.01442	0.06922	0.01183	0.00661	0.00537	0.00167	0.00627	0.00559	0.00404	0.00821
4	0.00731	0.00520	0.00645	0.00713	0.00758	0.00490	0.00466	0.00821	0.01071	0.01425	0.09816	0.45780	0.09251	0.23316	0.01301	0.00308	0.00378	0.01297	0.00481	0.00433
5	0.00901	0.01002	0.12877	0.00896	0.01150	0.00730	0.00805	0.03566	0.06106	0.02040	0.40176	0.15531	0.09751	0.01133	0.00643	0.00187	0.00389	0.00988	0.00531	0.00598
6	0.01169	0.00793	0.00950	0.00903	0.01097	0.00804	0.00680	0.08385	0.14633	0.10019	0.15153	0.31615	0.06784	0.01243	0.00652	0.00201	0.00385	0.03313	0.00570	0.00650
7	0.26340	0.04685	0.11797	0.03783	0.01685	0.01485	0.01068	0.33098	0.01768	0.07546	0.01157	0.01222	0.00832	0.00601	0.00487	0.00171	0.00588	0.00430	0.00440	0.00816
8	0.00707	0.00502	0.00659	0.00763	0.00802	0.00471	0.00509	0.00812	0.01105	0.01486	0.09867	0.66648	0.03736	0.08006	0.00886	0.00249	0.00338	0.01483	0.00517	0.00455
9	0.01396	0.01267	0.02043	0.19179	0.39450	0.01347	0.06415	0.13064	0.01440	0.01983	0.01126	0.01470	0.00902	0.00778	0.05519	0.00220	0.00751	0.00519	0.00319	0.00810
10	0.01159	0.00989	0.01451	0.46781	0.02795	0.01165	0.01246	0.11426	0.06010	0.01792	0.01572	0.15507	0.01454	0.00839	0.00599	0.00195	0.00630	0.03366	0.00371	0.00654

[dist]
# distance from previous block
# <min> <max>
6	46

[block]
# block no. 1 follows, 42 sequences, length 13
# corresponding to MSA columns:
# 130-142
name=unknown_B
#
# <colnr> <probs for GDERKNQSTAVLIFYWHMCP>
#	G	D	E	R	K	N	Q	S	T	A	V	L	I	F	Y	W	H	M	C	P
0	0.01443	0.16586	0.21714	0.01289	0.01766	0.06123	0.06585	0.08789	0.01379	0.08670	0.03608	0.10645	0.01311	0.00731	0.00594	0.00171	0.04084	0.00590	0.00367	0.03554
1	0.01181	0.00867	0.00988	0.04933	0.01253	0.00941	0.00722	0.01989	0.33042	0.05814	0.11323	0.12147	0.05438	0.00929	0.00572	0.00182	0.00386	0.00795	0.15801	0.00698
2	0.02131	0.01102	0.01340	0.01069	0.01466	0.01097	0.00869	0.16020	0.16827	0.44257	0.06132	0.01974	0.01593	0.00731	0.00572	0.00177	0.00486	0.00594	0.00643	0.00921
3	0.01119	0.01005	0.01618	0.14187	0.27401	0.01045	0.05740	0.04883	0.01270	0.01734	0.05684	0.21069	0.05008	0.02826	0.00703	0.00200	0.02606	0.00845	0.00377	0.00681
4	0.01264	0.01190	0.07606	0.18607	0.17676	0.02456	0.08841	0.01591	0.01235	0.08660	0.01548	0.02479	0.01383	0.05856	0.04764	0.00252	0.00727	0.12809	0.00355	0.00700
5	0.01406	0.01116	0.01201	0.01069	0.01379	0.01248	0.00834	0.04510	0.58756	0.07542	0.06384	0.02447	0.07957	0.00831	0.00584	0.00188	0.00430	0.00693	0.00579	0.00845
6	0.00970	0.00757	0.00876	0.00860	0.01036	0.00789	0.00651	0.01602	0.24521	0.02001	0.22682	0.19085	0.10452	0.01185	0.00641	0.00197	0.00353	0.06041	0.04681	0.00621
7	0.05144	0.14905	0.39354	0.03908	0.03162	0.03959	0.01531	0.04393	0.01269	0.07109	0.01226	0.01651	0.00995	0.00642	0.00547	0.00175	0.02120	0.06821	0.00315	0.00774
8	0.00713	0.00507	0.00665	0.00758	0.00803	0.00476	0.00509	0.00829	0.01135	0.01533	0.14136	0.62147	0.03827	0.08066	0.00885	0.00247	0.00335	0.01448	0.00522	0.00459
9	0.00857	0.00544	0.00729	0.00797	0.00874	0.00512	0.00553	0.00982	0.01145	0.07654	0.09054	0.59765	0.03466	0.04404	0.05572	0.00272	0.00414	0.01379	0.00525	0.00503
10	0.01310	0.01432	0.11764	0.38611	0.10288	0.02881	0.07710	0.12690	0.01408	0.01896	0.01100	0.01440	0.00824	0.00566	0.00560	0.00179	0.00737	0.00502	0.03364	0.00737
11	0.01612	0.01333	0.03269	0.06782	0.23852	0.07405	0.01234	0.11318	0.07519	0.13226	0.01456	0.05810	0.01181	0.00856	0.04050	0.00212	0.07092	0.00574	0.00412	0.00809
12	0.00791	0.00598	0.00741	0.00768	0.00903	0.00563	0.00588	0.01052	0.04603	0.01831	0.29664	0.19301	0.20936	0.01387	0.00691	0.00205	0.00335	0.13968	0.00558	0.00517

[dist]
# distance from previous block
# <min> <max>
0	9

[block]
# block no. 2 follows, 42 sequences, length 27
# corresponding to MSA columns:
# 152-178
name=unknown_C
#
# <colnr> <probs for GDERKNQSTAVLIFYWHMCP>
#	G	D	E	R	K	N	Q	S	T	A	V	L	I	F	Y	W	H	M	C	P
0	0.00865	0.00602	0.00745	0.00768	0.00901	0.00563	0.00563	0.01112	0.05516	0.06080	0.20840	0.34175	0.18681	0.01421	0.00680	0.00205	0.00329	0.04861	0.00558	0.00535
1	0.51559	0.01531	0.13187	0.00992	0.01417	0.08591	0.00925	0.01901	0.06225	0.07607	0.01034	0.01120	0.00769	0.00559	0.00424	0.00173	0.00558	0.00369	0.00365	0.00693
2	0.01828	0.01248	0.01355	0.01141	0.01509	0.03841	0.00908	0.13844	0.42858	0.21930	0.02082	0.01902	0.01485	0.00727	0.00567	0.00182	0.00499	0.00589	0.00594	0.00910
3	0.01140	0.05442	0.01107	0.01004	0.05855	0.00955	0.00725	0.01809	0.24653	0.04172	0.26078	0.02883	0.07836	0.00882	0.00568	0.00171	0.00373	0.00750	0.12913	0.00684
4	0.01375	0.10043	0.08988	0.31930	0.23489	0.06212	0.01511	0.01718	0.01240	0.06752	0.01069	0.01374	0.00826	0.00544	0.00533	0.00170	0.00717	0.00467	0.00289	0.00754
5	0.00969	0.00492	0.00726	0.00726	0.00726	0.00492	0.00480	0.00738	0.00738	0.00984	0.01022	0.01821	0.01037	0.06336	0.02237	0.78976	0.00492	0.00507	0.00250	0.00250
6	0.04723	0.01227	0.01525	0.07999	0.14938	0.01334	0.01089	0.20792	0.21471	0.06967	0.01620	0.01878	0.01277	0.05188	0.00690	0.00198	0.00564	0.02899	0.00469	0.03151
7	0.06799	0.01463	0.01401	0.01228	0.01513	0.12867	0.00970	0.10278	0.41448	0.02205	0.01662	0.01659	0.01279	0.00743	0.00729	0.00189	0.11751	0.00540	0.00469	0.00805
8	0.05197	0.00993	0.01289	0.00985	0.01425	0.00871	0.00811	0.05541	0.01580	0.62743	0.01993	0.01771	0.01283	0.00657	0.00541	0.00163	0.00476	0.00527	0.00637	0.10516
9	0.28998	0.01046	0.01227	0.17431	0.01822	0.01132	0.00907	0.08912	0.01347	0.25115	0.01379	0.01544	0.00994	0.05120	0.00624	0.00198	0.00539	0.00475	0.00454	0.00737
10	0.01258	0.07534	0.37969	0.01729	0.02367	0.01399	0.24677	0.05872	0.01326	0.01872	0.05399	0.01457	0.01038	0.00569	0.00612	0.00179	0.03137	0.00528	0.00293	0.00785
11	0.00709	0.00527	0.00664	0.00747	0.00830	0.00482	0.00528	0.00846	0.01195	0.01568	0.12401	0.50824	0.18863	0.01607	0.00705	0.00216	0.00323	0.05959	0.00534	0.00474
12	0.00811	0.00579	0.00758	0.00859	0.00954	0.00556	0.00652	0.01015	0.03598	0.02972	0.03266	0.45679	0.10323	0.01613	0.00724	0.00232	0.00390	0.23991	0.00526	0.00502
13	0.01223	0.10438	0.25104	0.07861	0.07048	0.01219	0.05945	0.05298	0.03217	0.04336	0.06712	0.04204	0.06864	0.00698	0.00543	0.00171	0.00622	0.00589	0.07177	0.00730
14	0.01226	0.01003	0.01419	0.09680	0.22127	0.04436	0.01079	0.01446	0.01236	0.09250	0.05794	0.21820	0.07436	0.01000	0.00736	0.00194	0.08174	0.00857	0.00413	0.00674
15	0.00714	0.00534	0.00663	0.00711	0.00810	0.00484	0.00503	0.00873	0.01280	0.01703	0.25730	0.39663	0.21277	0.01500	0.00689	0.00204	0.00298	0.01328	0.00552	0.00484
16	0.01104	0.01284	0.11619	0.60363	0.09710	0.01278	0.01635	0.01505	0.01139	0.01514	0.00999	0.01443	0.00757	0.00565	0.00594	0.00186	0.02891	0.00489	0.00251	0.00674
17	0.22362	0.01258	0.09609	0.09646	0.01910	0.01120	0.14619	0.04080	0.01248	0.13427	0.01565	0.08215	0.04027	0.00738	0.00578	0.01836	0.00607	0.02057	0.00397	0.00700
18	0.00715	0.00526	0.00658	0.00720	0.00799	0.00482	0.00497	0.00851	0.01210	0.01610	0.19623	0.45660	0.16378	0.06535	0.00833	0.00231	0.00320	0.01352	0.00532	0.00469
19	0.84197	0.01088	0.00827	0.00740	0.01088	0.01262	0.00609	0.01654	0.00958	0.02525	0.00784	0.00914	0.00609	0.00522	0.00348	0.00174	0.00435	0.00305	0.00348	0.00609
20	0.05960	0.03712	0.03582	0.38919	0.07851	0.03285	0.01329	0.01489	0.03532	0.01513	0.00982	0.01414	0.00805	0.00792	0.02121	0.05924	0.15408	0.00481	0.00269	0.00631
21	0.05894	0.05935	0.18889	0.05989	0.01577	0.00953	0.01099	0.01450	0.01261	0.07515	0.13888	0.08667	0.02297	0.01198	0.05911	0.00245	0.00616	0.15547	0.00425	0.00645
22	0.00708	0.00509	0.00660	0.00763	0.00811	0.00475	0.00517	0.00816	0.01107	0.01471	0.07379	0.63174	0.07801	0.07502	0.00873	0.00248	0.00343	0.03872	0.00514	0.00456
23	0.01188	0.03715	0.01235	0.01040	0.01232	0.05500	0.00829	0.06632	0.16700	0.01976	0.22094	0.02797	0.13148	0.00986	0.00883	0.00193	0.17963	0.00751	0.00477	0.00658
24	0.01689	0.06951	0.04481	0.12388	0.25810	0.07641	0.01311	0.07445	0.07720	0.16991	0.01373	0.01496	0.01016	0.00590	0.00543	0.00169	0.00649	0.00497	0.00401	0.00840
25	0.02358	0.01021	0.01325	0.01024	0.01442	0.00939	0.00843	0.12905	0.01757	0.61791	0.06886	0.01983	0.01584	0.00723	0.00572	0.00174	0.00485	0.00587	0.00673	0.00930
26	0.21029	0.01055	0.01378	0.06147	0.05525	0.03228	0.07960	0.01482	0.01145	0.06167	0.06806	0.02132	0.10431	0.01061	0.06497	0.00246	0.14657	0.02051	0.00372	0.00631

[dist]
# distance from previous block
# <min> <max>
0	3

[block]
# block no. 3 follows, 42 sequences, length 23
# corresponding to MSA columns:
# 182-204
name=unknown_D
#
# <colnr> <probs for GDERKNQSTAVLIFYWHMCP>
#	G	D	E	R	K	N	Q	S	T	A	V	L	I	F	Y	W	H	M	C	P
0	0.09969	0.00965	0.01153	0.03410	0.01365	0.00859	0.00726	0.03748	0.02374	0.24789	0.01458	0.01642	0.01114	0.07484	0.02687	0.00188	0.00494	0.00464	0.00452	0.34659
1	0.05510	0.01134	0.01804	0.15432	0.15038	0.01283	0.11507	0.05504	0.01250	0.01808	0.09855	0.07101	0.01524	0.00786	0.00867	0.00197	0.17727	0.00648	0.00343	0.00683
2	0.01276	0.16351	0.57174	0.01493	0.02232	0.01448	0.04924	0.01816	0.01208	0.05611	0.01038	0.01190	0.00756	0.00531	0.00511	0.00168	0.00778	0.00414	0.00264	0.00816
3	0.00833	0.00643	0.00808	0.00791	0.00966	0.00547	0.00564	0.00989	0.01148	0.01621	0.08866	0.50834	0.03036	0.01326	0.00628	0.00183	0.00347	0.01188	0.00477	0.24207
4	0.01631	0.00818	0.01033	0.00858	0.01149	0.00759	0.00682	0.05695	0.04945	0.32321	0.27497	0.02674	0.02713	0.00839	0.00573	0.00167	0.00383	0.00707	0.10873	0.03682
5	0.00713	0.00562	0.00643	0.00644	0.00795	0.00492	0.00475	0.00892	0.01364	0.01763	0.29655	0.14212	0.43046	0.01373	0.00671	0.00190	0.00283	0.01180	0.00556	0.00492
6	0.60382	0.01285	0.07147	0.00901	0.01308	0.01289	0.00804	0.10813	0.01241	0.08944	0.00994	0.01076	0.00728	0.00557	0.00408	0.00174	0.00494	0.00361	0.00396	0.00700
7	0.02102	0.02682	0.01595	0.01450	0.01740	0.77963	0.01087	0.02247	0.01595	0.01377	0.00870	0.01015	0.00725	0.00580	0.00507	0.00145	0.01015	0.00362	0.00290	0.00652
8	0.00868	0.00658	0.00812	0.00771	0.00932	0.00641	0.00591	0.01287	0.10720	0.02175	0.57112	0.04172	0.10366	0.01149	0.00660	0.00185	0.00305	0.05427	0.00600	0.00570
9	0.00749	0.00558	0.00682	0.00680	0.00799	0.00507	0.00489	0.00937	0.01372	0.01853	0.41631	0.16768	0.21516	0.07898	0.00856	0.00219	0.00303	0.01136	0.00558	0.00490
10	0.01063	0.01000	0.01640	0.66391	0.03457	0.01263	0.01474	0.01396	0.01094	0.01429	0.01076	0.05372	0.00897	0.00669	0.00713	0.00196	0.09437	0.00554	0.00263	0.00616
11	0.01088	0.01019	0.01633	0.63764	0.03394	0.01234	0.01436	0.01429	0.01108	0.01475	0.00978	0.01441	0.00758	0.00582	0.00653	0.00181	0.07244	0.00481	0.00259	0.09842
12	0.00895	0.00627	0.00792	0.00737	0.00914	0.00552	0.00550	0.01115	0.01426	0.05878	0.44536	0.17116	0.11192	0.01179	0.00641	0.00177	0.00306	0.01037	0.00565	0.09763
13	0.00767	0.00556	0.00738	0.00838	0.00926	0.00528	0.00638	0.00938	0.01221	0.01613	0.11417	0.41845	0.09802	0.01601	0.00727	0.00229	0.00377	0.24221	0.00532	0.00486
14	0.01415	0.01010	0.01084	0.00980	0.01158	0.10367	0.00746	0.05292	0.01238	0.16381	0.01735	0.08802	0.01603	0.16085	0.16679	0.00396	0.07302	0.02563	0.04553	0.00612
15	0.01211	0.00673	0.00831	0.00770	0.00995	0.00590	0.00601	0.01393	0.01386	0.22219	0.12900	0.13602	0.32157	0.01245	0.00654	0.00195	0.00360	0.07021	0.00582	0.00615
16	0.00794	0.00621	0.00738	0.00676	0.00869	0.00537	0.00512	0.01018	0.01443	0.01967	0.44722	0.04266	0.28286	0.01160	0.00637	0.00171	0.00289	0.00998	0.00556	0.09741
17	0.01210	0.01092	0.01738	0.63980	0.09703	0.01312	0.01522	0.09609	0.01307	0.01705	0.01044	0.01475	0.00785	0.00570	0.00562	0.00184	0.00729	0.00501	0.00287	0.00684
18	0.01302	0.12737	0.45691	0.01386	0.02024	0.01446	0.01592	0.09977	0.10559	0.01970	0.01284	0.05325	0.01020	0.00635	0.00529	0.00174	0.00704	0.00499	0.00330	0.00819
19	0.01222	0.07028	0.55078	0.01421	0.02104	0.01314	0.01710	0.09797	0.01397	0.02010	0.10366	0.01563	0.01309	0.00623	0.00544	0.00174	0.00725	0.00494	0.00321	0.00802
20	0.01125	0.01095	0.10605	0.01132	0.01331	0.01051	0.01008	0.01371	0.01100	0.08621	0.12892	0.02088	0.01735	0.02045	0.27665	0.00448	0.23093	0.00609	0.00364	0.00622
21	0.01479	0.03300	0.13337	0.01162	0.04634	0.01011	0.00996	0.14204	0.02973	0.17648	0.06731	0.17137	0.01993	0.07538	0.00789	0.00217	0.00534	0.03085	0.00494	0.00738
22	0.05176	0.11505	0.01645	0.10603	0.01824	0.30781	0.03397	0.05860	0.07557	0.04765	0.01559	0.04373	0.07262	0.00697	0.00526	0.00163	0.00730	0.00530	0.00364	0.00686

[dist]
# distance from previous block
# <min> <max>
18	154

[block]
# block no. 4 follows, 42 sequences, length 40
# corresponding to MSA columns:
# 378-380,382-395,397-419
name=unknown_E
#
# <colnr> <probs for GDERKNQSTAVLIFYWHMCP>
#	G	D	E	R	K	N	Q	S	T	A	V	L	I	F	Y	W	H	M	C	P
0	0.07242	0.13715	0.14798	0.01156	0.01578	0.01458	0.01093	0.21736	0.08268	0.04846	0.01304	0.01547	0.01048	0.06050	0.08950	0.00270	0.03286	0.00489	0.00395	0.00770
1	0.01255	0.01010	0.05990	0.06389	0.01476	0.00923	0.03452	0.04152	0.17408	0.12851	0.16185	0.06176	0.15295	0.00972	0.00619	0.00188	0.00457	0.03965	0.00532	0.00704
2	0.03872	0.01400	0.11137	0.03184	0.01687	0.02912	0.04823	0.15594	0.01448	0.02121	0.01099	0.01287	0.00868	0.00737	0.05395	0.00177	0.00629	0.00416	0.00358	0.40857
3	0.00979	0.06985	0.01340	0.12188	0.08761	0.00917	0.06298	0.01272	0.04210	0.01681	0.10440	0.16599	0.18373	0.01022	0.00603	0.00183	0.00472	0.00904	0.06172	0.00599
4	0.01601	0.03335	0.11017	0.03595	0.08375	0.00956	0.01021	0.01913	0.04001	0.24978	0.01423	0.01500	0.01034	0.00664	0.00637	0.06615	0.00533	0.00458	0.00425	0.25919
5	0.05932	0.33107	0.25858	0.01251	0.01812	0.09889	0.03506	0.01886	0.01249	0.09276	0.01021	0.01127	0.00786	0.00533	0.00461	0.00152	0.00708	0.00382	0.00299	0.00768
6	0.00714	0.00505	0.00655	0.00752	0.00787	0.00476	0.00495	0.00810	0.01078	0.01448	0.08583	0.62379	0.03590	0.13676	0.01041	0.00273	0.00355	0.01436	0.00502	0.00445
7	0.01220	0.01167	0.02002	0.42460	0.37162	0.01294	0.03473	0.01579	0.01202	0.01630	0.01030	0.01452	0.00817	0.00532	0.00563	0.00178	0.00718	0.00505	0.00264	0.00750
8	0.01327	0.09415	0.04903	0.01710	0.02161	0.01343	0.37851	0.08441	0.05334	0.02769	0.01528	0.10996	0.01377	0.00728	0.00619	0.00186	0.00732	0.04989	0.00368	0.03223
9	0.06295	0.09529	0.01554	0.01149	0.01520	0.14030	0.00942	0.23406	0.08141	0.17247	0.01609	0.04812	0.01282	0.00742	0.00543	0.00171	0.00612	0.05108	0.00497	0.00811
10	0.00901	0.00604	0.00755	0.00700	0.00869	0.00542	0.00531	0.01136	0.01525	0.07895	0.54948	0.04296	0.20823	0.01176	0.00656	0.00180	0.00286	0.01020	0.00604	0.00552
11	0.01013	0.00700	0.00889	0.00954	0.01107	0.02753	0.00797	0.01239	0.01325	0.07522	0.08213	0.13117	0.09927	0.01443	0.00729	0.00234	0.00470	0.46487	0.00534	0.00547
12	0.01339	0.10674	0.58591	0.01485	0.02211	0.07310	0.01802	0.01875	0.01244	0.06923	0.01060	0.01196	0.00762	0.00544	0.00517	0.00169	0.00798	0.00410	0.00274	0.00815
13	0.33307	0.01118	0.01486	0.01160	0.01555	0.01142	0.15339	0.06946	0.01375	0.20136	0.09766	0.01673	0.01398	0.00636	0.00513	0.00177	0.00541	0.00532	0.00464	0.00737
14	0.00698	0.00557	0.00613	0.00627	0.00772	0.00485	0.00452	0.00843	0.01268	0.01591	0.15692	0.16750	0.49685	0.06432	0.00813	0.00217	0.00305	0.01203	0.00526	0.00472
15	0.06173	0.01289	0.01877	0.12423	0.02170	0.04279	0.18363	0.17482	0.02760	0.21712	0.04725	0.01658	0.01191	0.00628	0.00579	0.00178	0.00667	0.00566	0.00468	0.00813
16	0.01196	0.16846	0.63962	0.01489	0.02258	0.01472	0.01879	0.01765	0.01180	0.01700	0.00969	0.01137	0.00715	0.00525	0.00504	0.00168	0.00790	0.00395	0.00238	0.00812
17	0.00755	0.00570	0.00705	0.00780	0.00870	0.00545	0.00548	0.00995	0.06947	0.01605	0.10466	0.53761	0.14306	0.01572	0.00696	0.00216	0.00329	0.03298	0.00536	0.00502
18	0.01068	0.00764	0.01111	0.06707	0.04322	0.00756	0.04713	0.01366	0.03951	0.09429	0.16545	0.06234	0.13938	0.01435	0.08086	0.00271	0.00564	0.17641	0.00496	0.00604
19	0.01574	0.43960	0.03443	0.01018	0.01422	0.04206	0.00920	0.06409	0.10502	0.10469	0.01432	0.09830	0.01266	0.00698	0.00470	0.00152	0.00557	0.00532	0.00387	0.00756
20	0.01198	0.17296	0.63531	0.01485	0.02252	0.01477	0.01872	0.01764	0.01180	0.01697	0.00968	0.01135	0.00715	0.00525	0.00503	0.00168	0.00789	0.00395	0.00238	0.00811
21	0.00681	0.00530	0.00620	0.00684	0.00792	0.00468	0.00480	0.00807	0.01192	0.01510	0.07475	0.43143	0.36442	0.01585	0.00692	0.00209	0.00305	0.01389	0.00527	0.00468
22	0.01430	0.18824	0.40412	0.06773	0.02201	0.01430	0.05745	0.01887	0.01247	0.13273	0.01155	0.01280	0.00830	0.00547	0.00512	0.00167	0.00730	0.00435	0.00313	0.00810
23	0.05379	0.23747	0.09701	0.01259	0.01681	0.30933	0.01117	0.10752	0.07255	0.01789	0.01024	0.01122	0.00822	0.00571	0.00475	0.00149	0.00766	0.00387	0.00328	0.00743
24	0.06356	0.00728	0.00875	0.00861	0.01036	0.00720	0.00655	0.07992	0.03328	0.09570	0.11708	0.34757	0.08760	0.01327	0.00657	0.00207	0.00389	0.08935	0.00545	0.00592
25	0.01129	0.01089	0.01571	0.22920	0.02106	0.04327	0.04129	0.01363	0.01059	0.01464	0.05039	0.01966	0.01250	0.01231	0.09403	0.00292	0.32615	0.06151	0.00297	0.00601
26	0.08946	0.05640	0.18380	0.06443	0.15277	0.05204	0.01241	0.04436	0.01343	0.03508	0.15820	0.05109	0.04883	0.00742	0.00552	0.00173	0.00590	0.00619	0.00378	0.00714
27	0.01682	0.01839	0.10229	0.01279	0.04071	0.28844	0.01056	0.07038	0.04152	0.09519	0.09346	0.01574	0.01365	0.00631	0.00526	0.00149	0.00695	0.00480	0.00397	0.15128
28	0.00679	0.00571	0.00589	0.00584	0.00768	0.00481	0.00438	0.00834	0.01314	0.01595	0.12910	0.05292	0.69228	0.01397	0.00665	0.00189	0.00283	0.01170	0.00532	0.00481
29	0.02078	0.05892	0.03320	0.01271	0.06712	0.15595	0.00975	0.13982	0.01676	0.32792	0.01600	0.01561	0.01113	0.00638	0.00526	0.00160	0.00611	0.00491	0.08167	0.00839
30	0.04515	0.23234	0.33715	0.01258	0.01870	0.01492	0.01401	0.07605	0.01365	0.16727	0.01207	0.01258	0.00865	0.00563	0.00490	0.00161	0.00670	0.00418	0.00358	0.00829
31	0.01228	0.01325	0.02712	0.12967	0.02767	0.01328	0.51468	0.01633	0.01252	0.01694	0.01291	0.05899	0.01108	0.00647	0.00741	0.00199	0.06287	0.04451	0.00302	0.00702
32	0.02482	0.01026	0.01348	0.01034	0.01471	0.00928	0.00854	0.10679	0.01725	0.69004	0.02125	0.01853	0.01345	0.00694	0.00566	0.00174	0.00494	0.00559	0.00682	0.00958
33	0.06435	0.00917	0.01146	0.05189	0.06589	0.00916	0.00874	0.05957	0.10114	0.04887	0.02163	0.12501	0.04938	0.01000	0.00602	0.00189	0.00480	0.19086	0.00461	0.15556
34	0.09779	0.13681	0.34990	0.01357	0.01922	0.08216	0.06560	0.03648	0.01245	0.04029	0.01196	0.08719	0.01031	0.00652	0.00516	0.00172	0.00717	0.00521	0.00307	0.00743
35	0.01057	0.00949	0.01291	0.01175	0.01241	0.01226	0.00938	0.01354	0.09027	0.01447	0.01405	0.09714	0.01389	0.05110	0.23027	0.00435	0.37633	0.00665	0.00329	0.00587
36	0.00689	0.00567	0.00606	0.00606	0.00777	0.00484	0.00451	0.00851	0.01327	0.01646	0.18012	0.09088	0.60158	0.01395	0.00668	0.00190	0.00284	0.01179	0.00540	0.00484
37	0.01363	0.01203	0.01681	0.01429	0.01473	0.01632	0.01190	0.01496	0.00938	0.09076	0.00890	0.01301	0.00805	0.00956	0.01716	0.00239	0.71168	0.00500	0.00292	0.00650
38	0.02198	0.01085	0.01346	0.01045	0.01476	0.01025	0.00855	0.13597	0.10252	0.49639	0.01972	0.01775	0.01307	0.00673	0.00551	0.00166	0.00490	0.00541	0.00625	0.09381
39	0.19683	0.19352	0.04762	0.01197	0.01529	0.32266	0.01013	0.01867	0.01252	0.01629	0.00821	0.01001	0.00700	0.00593	0.00604	0.00159	0.10270	0.00354	0.00284	0.00661

[dist]
# distance from previous block
# <min> <max>
0	18

[block]
# block no. 5 follows, 42 sequences, length 19
# corresponding to MSA columns:
# 438-456
name=unknown_F
#
# <colnr> <probs for GDERKNQSTAVLIFYWHMCP>
#	G	D	E	R	K	N	Q	S	T	A	V	L	I	F	Y	W	H	M	C	P
0	0.01278	0.16945	0.59362	0.01452	0.02197	0.01447	0.01803	0.01820	0.01204	0.06057	0.01038	0.01178	0.00754	0.00534	0.00505	0.00167	0.00769	0.00404	0.00265	0.00819
1	0.00801	0.00614	0.00739	0.00701	0.00860	0.00571	0.00528	0.01119	0.06149	0.02079	0.54145	0.04374	0.22835	0.01195	0.00658	0.00181	0.00282	0.01036	0.00592	0.00540
2	0.00695	0.00571	0.00612	0.00602	0.00779	0.00488	0.00451	0.00866	0.01354	0.01690	0.21953	0.05137	0.60126	0.01362	0.00665	0.00187	0.00281	0.01149	0.00545	0.00488
3	0.00717	0.00508	0.00668	0.00785	0.00821	0.00481	0.00532	0.00816	0.01067	0.01419	0.02951	0.66180	0.03507	0.10075	0.00951	0.00265	0.00364	0.06941	0.00503	0.00449
4	0.01470	0.01193	0.01279	0.01126	0.01449	0.01356	0.00882	0.09326	0.61769	0.05199	0.06838	0.02157	0.01862	0.00777	0.00577	0.00187	0.00451	0.00646	0.00579	0.00877
5	0.01037	0.00698	0.00896	0.00849	0.00972	0.00743	0.00621	0.08868	0.01154	0.05924	0.05047	0.10770	0.01952	0.24588	0.32693	0.00580	0.00905	0.00774	0.00400	0.00528
6	0.74727	0.01126	0.00915	0.00795	0.01155	0.01290	0.00655	0.07873	0.01121	0.04926	0.00876	0.00982	0.00663	0.00541	0.00373	0.00174	0.00452	0.00330	0.00377	0.00650
7	0.01237	0.06205	0.01481	0.16731	0.08873	0.17503	0.03295	0.01466	0.01259	0.01501	0.01761	0.19914	0.01832	0.01050	0.02125	0.00207	0.00679	0.11905	0.00366	0.00609
8	0.02041	0.01482	0.01584	0.01226	0.01647	0.01635	0.01009	0.68219	0.02514	0.03416	0.01395	0.01418	0.01001	0.00674	0.00548	0.00165	0.00587	0.00508	0.08012	0.00918
9	0.06605	0.11641	0.01756	0.17081	0.15431	0.01373	0.02391	0.10054	0.11643	0.06589	0.01465	0.08970	0.01246	0.00701	0.00540	0.00176	0.00585	0.00594	0.00394	0.00766
10	0.01707	0.09750	0.01614	0.01175	0.01553	0.01588	0.00966	0.36642	0.26514	0.02714	0.01616	0.01629	0.01224	0.01003	0.07512	0.00237	0.00640	0.00536	0.00508	0.00869
11	0.00769	0.00567	0.00719	0.00696	0.00828	0.00517	0.00516	0.01003	0.01505	0.02084	0.60356	0.11173	0.14690	0.01242	0.00669	0.00183	0.00274	0.01093	0.00598	0.00517
12	0.01142	0.04709	0.49825	0.07251	0.02141	0.01147	0.01627	0.01644	0.01245	0.06121	0.09329	0.06594	0.03412	0.00710	0.00562	0.00180	0.00692	0.00585	0.00331	0.00755
13	0.06943	0.07461	0.15647	0.03525	0.01685	0.03684	0.03222	0.06090	0.04678	0.30653	0.01812	0.06937	0.03752	0.00723	0.00545	0.00175	0.00581	0.00586	0.00485	0.00816
14	0.00818	0.00546	0.00614	0.00614	0.00614	0.00546	0.00341	0.00818	0.00818	0.01091	0.01773	0.03683	0.02046	0.80222	0.02864	0.00546	0.00546	0.00818	0.00341	0.00341
15	0.00712	0.00508	0.00638	0.00731	0.00769	0.00477	0.00477	0.00793	0.01038	0.01370	0.03019	0.58101	0.08902	0.18313	0.01168	0.00293	0.00370	0.01403	0.00484	0.00434
16	0.01254	0.01209	0.02111	0.12624	0.49895	0.01225	0.09398	0.01580	0.01247	0.01735	0.01397	0.09046	0.03453	0.00655	0.00588	0.00179	0.00665	0.00645	0.00306	0.00789
17	0.02013	0.01138	0.04738	0.05776	0.07347	0.02240	0.01034	0.02421	0.10046	0.46174	0.01924	0.01938	0.01337	0.00722	0.00656	0.00184	0.05764	0.03110	0.00562	0.00877
18	0.02484	0.01023	0.01347	0.01032	0.01469	0.00925	0.00853	0.10394	0.01721	0.69295	0.02128	0.01856	0.01347	0.00694	0.00566	0.00174	0.00494	0.00560	0.00682	0.00958

[dist]
# distance from previous block
# <min> <max>
2	10

[block]
# block no. 6 follows, 42 sequences, length 9
# corresponding to MSA columns:
# 467-475
name=unknown_G
#
# <colnr> <probs for GDERKNQSTAVLIFYWHMCP>
#	G	D	E	R	K	N	Q	S	T	A	V	L	I	F	Y	W	H	M	C	P
0	0.01108	0.00615	0.00731	0.00680	0.00753	0.00593	0.00423	0.01145	0.00953	0.13983	0.01849	0.03383	0.01935	0.66734	0.02475	0.00483	0.00534	0.00776	0.00401	0.00446
1	0.01300	0.01845	0.26095	0.06650	0.23906	0.01388	0.14268	0.05023	0.04550	0.01853	0.01096	0.01372	0.00848	0.00567	0.00668	0.00183	0.06775	0.00508	0.00288	0.00816
2	0.00849	0.00630	0.00797	0.00746	0.00895	0.00606	0.00562	0.01229	0.07994	0.02265	0.70011	0.04022	0.05000	0.01117	0.00656	0.00178	0.00281	0.00985	0.00615	0.00562
3	0.00718	0.00564	0.00639	0.00646	0.00791	0.00497	0.00474	0.00883	0.01314	0.01681	0.23444	0.12954	0.43467	0.06175	0.00807	0.00214	0.00307	0.03406	0.00537	0.00481
4	0.00782	0.00575	0.00732	0.00693	0.00832	0.00525	0.00519	0.01034	0.01558	0.02174	0.68516	0.04339	0.13261	0.01181	0.00664	0.00178	0.00268	0.01037	0.00609	0.00525
5	0.01380	0.00679	0.00866	0.00753	0.00977	0.00619	0.00588	0.01631	0.01500	0.24893	0.36136	0.03008	0.03200	0.00895	0.00570	0.00165	0.00329	0.00763	0.20389	0.00659
6	0.01192	0.16081	0.64695	0.01495	0.02268	0.01463	0.01890	0.01766	0.01181	0.01705	0.00971	0.01140	0.00714	0.00526	0.00505	0.00168	0.00793	0.00396	0.00238	0.00813
7	0.17236	0.06696	0.14296	0.01141	0.01608	0.01427	0.01073	0.25167	0.10480	0.09880	0.01367	0.01389	0.00989	0.00622	0.00499	0.00170	0.00570	0.00462	0.04099	0.00828
8	0.02255	0.14515	0.01607	0.01023	0.01460	0.01160	0.00870	0.07266	0.06293	0.54731	0.01924	0.01719	0.01272	0.00663	0.00531	0.00166	0.00507	0.00522	0.00603	0.00913

[dist]
# distance from previous block
# <min> <max>
0	1

[block]
# block no. 7 follows, 42 sequences, length 13
# corresponding to MSA columns:
# 477-489
name=unknown_H
#
# <colnr> <probs for GDERKNQSTAVLIFYWHMCP>
#	G	D	E	R	K	N	Q	S	T	A	V	L	I	F	Y	W	H	M	C	P
0	0.13141	0.08349	0.04314	0.01111	0.01402	0.01402	0.00941	0.24640	0.04157	0.02315	0.03780	0.14178	0.01536	0.00904	0.00743	0.00191	0.12346	0.03394	0.00438	0.00718
1	0.00797	0.00587	0.00792	0.10248	0.01169	0.00605	0.00635	0.00937	0.01049	0.01412	0.02546	0.36786	0.07108	0.17242	0.06925	0.00331	0.00515	0.04959	0.04893	0.00466
2	0.21620	0.01733	0.06494	0.05955	0.01689	0.26262	0.01023	0.05986	0.01410	0.17120	0.01159	0.01243	0.00846	0.00611	0.00556	0.00169	0.04586	0.00416	0.00393	0.00729
3	0.76972	0.01077	0.00869	0.00763	0.01119	0.01224	0.00629	0.01751	0.01016	0.09123	0.00911	0.01003	0.00679	0.00538	0.00368	0.00174	0.00439	0.00328	0.00379	0.00640
4	0.01358	0.01292	0.02321	0.06465	0.02214	0.01447	0.32225	0.01654	0.01155	0.08256	0.01219	0.01568	0.03361	0.00733	0.01117	0.00211	0.31794	0.00595	0.00312	0.00702
5	0.06138	0.01410	0.12617	0.16087	0.04193	0.05889	0.02408	0.06850	0.05564	0.19744	0.09647	0.01800	0.01462	0.00682	0.00596	0.00179	0.02969	0.00551	0.00443	0.00771
6	0.00951	0.00697	0.00900	0.00977	0.01108	0.00714	0.00793	0.04855	0.07580	0.01745	0.02818	0.23878	0.03064	0.04984	0.00827	0.00254	0.00471	0.42318	0.00518	0.00548
7	0.02525	0.00958	0.01306	0.01001	0.01437	0.00827	0.00827	0.02743	0.01611	0.77102	0.02220	0.01915	0.01393	0.00697	0.00566	0.00174	0.00479	0.00566	0.00697	0.00958
8	0.01417	0.01381	0.01812	0.15332	0.19693	0.10904	0.01367	0.01641	0.01137	0.05528	0.00955	0.01326	0.00810	0.00732	0.01086	0.00201	0.33207	0.00484	0.00284	0.00705
9	0.01801	0.01330	0.05018	0.19231	0.09243	0.03543	0.03354	0.22511	0.03858	0.20679	0.02889	0.01592	0.01095	0.00635	0.00565	0.00175	0.00638	0.00529	0.00468	0.00845
10	0.00686	0.00490	0.00653	0.00784	0.00816	0.00457	0.00522	0.00784	0.01077	0.01437	0.03102	0.79855	0.03722	0.01763	0.00718	0.00229	0.00326	0.01600	0.00522	0.00457
11	0.02229	0.01027	0.01315	0.01004	0.01440	0.00919	0.00824	0.11345	0.01674	0.54960	0.04361	0.01815	0.01388	0.00669	0.00548	0.00161	0.00480	0.00540	0.00626	0.12674
12	0.01558	0.04340	0.33758	0.01688	0.12211	0.07602	0.03925	0.06089	0.04215	0.14854	0.01340	0.03660	0.01000	0.00611	0.00548	0.00173	0.00720	0.00502	0.00368	0.00840

[dist]
# distance from previous block
# <min> <max>
0	12

[block]
# block no. 8 follows, 42 sequences, length 58
# corresponding to MSA columns:
# 502-559
name=unknown_I
#
# <colnr> <probs for GDERKNQSTAVLIFYWHMCP>
#	G	D	E	R	K	N	Q	S	T	A	V	L	I	F	Y	W	H	M	C	P
0	0.01161	0.00873	0.01003	0.00908	0.01144	0.00922	0.00700	0.01989	0.33618	0.07043	0.35719	0.03215	0.07434	0.00969	0.00618	0.00184	0.00358	0.00833	0.00599	0.00711
1	0.01285	0.01081	0.01158	0.01065	0.01347	0.01225	0.00834	0.02593	0.60247	0.02244	0.05494	0.02688	0.06068	0.00871	0.00590	0.00193	0.00428	0.06160	0.03616	0.00812
2	0.00812	0.00623	0.00849	0.10555	0.01215	0.00612	0.00652	0.01071	0.01476	0.02042	0.56530	0.08882	0.10275	0.01138	0.00655	0.00183	0.00332	0.01004	0.00559	0.00534
3	0.00690	0.00570	0.00606	0.00600	0.00776	0.00485	0.00449	0.00856	0.01338	0.01659	0.19092	0.06432	0.61743	0.01379	0.00666	0.00188	0.00282	0.01162	0.00541	0.00485
4	0.01456	0.01362	0.01429	0.01138	0.01534	0.11008	0.03830	0.10049	0.17045	0.02039	0.01280	0.01383	0.01013	0.00583	0.00592	0.00140	0.06286	0.00445	0.00395	0.36991
5	0.01588	0.61278	0.11599	0.01044	0.01561	0.01941	0.01079	0.01830	0.01208	0.10931	0.00991	0.01064	0.00806	0.00515	0.00408	0.00134	0.00614	0.00348	0.00298	0.00765
6	0.02220	0.01384	0.01562	0.01205	0.01645	0.01468	0.00993	0.51267	0.05296	0.24588	0.01638	0.01543	0.01113	0.00685	0.00564	0.00171	0.00572	0.00529	0.00602	0.00955
7	0.02463	0.01096	0.03655	0.01040	0.01481	0.04321	0.00877	0.02691	0.01597	0.71371	0.02122	0.01852	0.01342	0.00686	0.00562	0.00173	0.00514	0.00552	0.00664	0.00940
8	0.01072	0.00683	0.00837	0.00757	0.00962	0.00634	0.00582	0.01413	0.07660	0.13126	0.43835	0.03959	0.20055	0.01112	0.00642	0.00181	0.00316	0.00957	0.00606	0.00611
9	0.01075	0.00655	0.00790	0.00742	0.00834	0.00666	0.00492	0.01249	0.06530	0.10796	0.01832	0.03143	0.01853	0.53979	0.12561	0.00521	0.00660	0.00744	0.00398	0.00482
10	0.02525	0.00958	0.01306	0.01001	0.01437	0.00827	0.00827	0.02743	0.01611	0.77102	0.02220	0.01915	0.01393	0.00697	0.00566	0.00174	0.00479	0.00566	0.00697	0.00958
11	0.00747	0.00556	0.00703	0.00766	0.00874	0.00513	0.00574	0.00922	0.01279	0.01683	0.19880	0.32531	0.20490	0.01512	0.00705	0.00214	0.00339	0.14680	0.00543	0.00489
12	0.01111	0.00687	0.00957	0.01032	0.01200	0.00670	0.00897	0.01365	0.01335	0.11191	0.02884	0.05789	0.03006	0.01446	0.00751	0.00248	0.00513	0.63803	0.00541	0.00574
13	0.12571	0.01033	0.01252	0.00975	0.01402	0.00963	0.00799	0.07069	0.05629	0.49849	0.01841	0.01674	0.01217	0.00643	0.00521	0.00164	0.00473	0.00505	0.00594	0.10827
14	0.01063	0.01000	0.01688	0.78870	0.03876	0.01250	0.01563	0.01438	0.01125	0.01438	0.01000	0.01500	0.00750	0.00563	0.00563	0.00188	0.00750	0.00500	0.00250	0.00625
15	0.00892	0.00583	0.00744	0.00696	0.00839	0.00541	0.00525	0.01155	0.01542	0.04993	0.64282	0.03854	0.04678	0.01071	0.00626	0.00171	0.00273	0.00939	0.11051	0.00546
16	0.01836	0.02231	0.01607	0.11199	0.01965	0.55758	0.01156	0.02072	0.04791	0.01426	0.00935	0.01151	0.00775	0.00634	0.00677	0.00164	0.10268	0.00408	0.00292	0.00655
17	0.01292	0.01185	0.02021	0.02801	0.55679	0.01176	0.07173	0.01610	0.01257	0.01838	0.01316	0.07360	0.01170	0.00613	0.00557	0.00169	0.00614	0.00599	0.10768	0.00802
18	0.01002	0.00620	0.00806	0.00739	0.00910	0.00562	0.00561	0.01247	0.01555	0.11612	0.59646	0.06981	0.09304	0.01135	0.00654	0.00180	0.00296	0.00995	0.00619	0.00578
19	0.00733	0.00549	0.00680	0.00698	0.00815	0.00496	0.00504	0.00920	0.01368	0.01841	0.38141	0.26810	0.21593	0.01396	0.00680	0.00195	0.00288	0.01229	0.00568	0.00496
20	0.00727	0.00532	0.00662	0.00729	0.00822	0.00482	0.00513	0.00866	0.01216	0.02610	0.14539	0.47821	0.21679	0.01571	0.00697	0.00211	0.00314	0.02990	0.00539	0.00481
21	0.15490	0.01081	0.01168	0.00870	0.01339	0.00951	0.00703	0.09820	0.01300	0.02147	0.01003	0.01145	0.00809	0.00464	0.00422	0.00109	0.00443	0.00348	0.00362	0.60026
22	0.02135	0.00912	0.01166	0.00936	0.01304	0.00843	0.00759	0.02524	0.10365	0.55179	0.02162	0.01969	0.01440	0.00697	0.00537	0.00169	0.00437	0.00567	0.15023	0.00875
23	0.01483	0.01110	0.01501	0.08427	0.01636	0.01357	0.01072	0.10809	0.01312	0.14630	0.07577	0.01783	0.03221	0.01013	0.04290	0.00238	0.36861	0.00574	0.00404	0.00703
24	0.02525	0.00958	0.01306	0.01001	0.01437	0.00827	0.00827	0.02743	0.01611	0.77102	0.02220	0.01915	0.01393	0.00697	0.00566	0.00174	0.00479	0.00566	0.00697	0.00958
25	0.00999	0.00619	0.00804	0.00738	0.00909	0.00561	0.00560	0.01242	0.01548	0.11597	0.58294	0.07597	0.10064	0.01143	0.00654	0.00180	0.00297	0.01001	0.00617	0.00577
26	0.00745	0.00539	0.00709	0.00773	0.00857	0.00502	0.00559	0.00919	0.01286	0.01747	0.28403	0.42956	0.07673	0.01516	0.00703	0.00212	0.00323	0.08533	0.00555	0.00489
27	0.02525	0.00958	0.01306	0.01001	0.01437	0.00827	0.00827	0.02743	0.01611	0.77102	0.02220	0.01915	0.01393	0.00697	0.00566	0.00174	0.00479	0.00566	0.00697	0.00958
28	0.02003	0.15640	0.01820	0.01369	0.01691	0.65361	0.01067	0.02154	0.01520	0.01368	0.00855	0.00996	0.00724	0.00564	0.00483	0.00141	0.00946	0.00352	0.00282	0.00664
29	0.84197	0.01088	0.00827	0.00740	0.01088	0.01262	0.00609	0.01654	0.00958	0.02525	0.00784	0.00914	0.00609	0.00522	0.00348	0.00174	0.00435	0.00305	0.00348	0.00609
30	0.74469	0.01073	0.00884	0.00771	0.01130	0.01211	0.00635	0.01784	0.01036	0.11408	0.00955	0.01033	0.00703	0.00543	0.00374	0.00174	0.00441	0.00336	0.00390	0.00651
31	0.00691	0.00506	0.00650	0.00751	0.00811	0.00465	0.00511	0.00807	0.01142	0.01508	0.08913	0.64813	0.13013	0.01675	0.00708	0.00220	0.00317	0.01504	0.00530	0.00465
32	0.00697	0.00562	0.00621	0.00627	0.00785	0.00486	0.00462	0.00863	0.01329	0.01678	0.21469	0.14007	0.51635	0.01403	0.00671	0.00192	0.00286	0.01198	0.00545	0.00486
33	0.02391	0.00988	0.01302	0.01018	0.01440	0.00895	0.00835	0.02772	0.10435	0.68198	0.02229	0.01937	0.01432	0.00705	0.00567	0.00176	0.00475	0.00574	0.00682	0.00950
34	0.03140	0.01442	0.10002	0.04719	0.02189	0.01227	0.29539	0.07864	0.01331	0.01919	0.01153	0.04613	0.00946	0.00569	0.00633	0.00163	0.05040	0.00552	0.00324	0.22634
35	0.01968	0.01410	0.01494	0.01158	0.01582	0.04616	0.00946	0.49242	0.03178	0.10500	0.01420	0.01433	0.01019	0.00641	0.00531	0.00155	0.00569	0.00488	0.06312	0.11339
36	0.75536	0.01061	0.00840	0.00741	0.01085	0.01201	0.00602	0.01605	0.00966	0.02423	0.00837	0.01042	0.00682	0.03721	0.00454	0.00183	0.00439	0.00327	0.00347	0.05908
37	0.15231	0.00938	0.01012	0.00895	0.01165	0.00975	0.00706	0.19648	0.01556	0.11763	0.02329	0.18639	0.09927	0.01002	0.00565	0.00186	0.00435	0.04054	0.08295	0.00681
38	0.01331	0.01444	0.02054	0.11418	0.02169	0.13052	0.20765	0.01589	0.01134	0.01484	0.00964	0.01393	0.00826	0.01013	0.07734	0.00265	0.29915	0.00529	0.00268	0.00651
39	0.01302	0.01304	0.01186	0.01144	0.01329	0.25366	0.04888	0.01481	0.01346	0.04677	0.05166	0.28533	0.02470	0.01200	0.00652	0.00202	0.00625	0.16109	0.00445	0.00573
40	0.00852	0.00585	0.00703	0.00689	0.00845	0.00527	0.00522	0.01061	0.01404	0.05461	0.34439	0.10885	0.27314	0.01254	0.00650	0.00187	0.00301	0.05031	0.06766	0.00526
41	0.02392	0.00928	0.01263	0.00979	0.01391	0.00804	0.00804	0.02613	0.01609	0.71327	0.07945	0.02092	0.01695	0.00732	0.00573	0.00174	0.00462	0.00601	0.00691	0.00925
42	0.00795	0.00835	0.10354	0.00906	0.01055	0.00612	0.00739	0.03636	0.01149	0.01558	0.02774	0.67048	0.03241	0.01568	0.00689	0.00220	0.00401	0.01410	0.00488	0.00523
43	0.05104	0.01016	0.01324	0.01019	0.01452	0.00921	0.00841	0.09022	0.01681	0.68273	0.02098	0.01834	0.01330	0.00689	0.00559	0.00174	0.00490	0.00552	0.00674	0.00947
44	0.02339	0.00903	0.01207	0.00941	0.01338	0.00789	0.00772	0.02562	0.01556	0.67647	0.02172	0.01938	0.01399	0.00691	0.00544	0.00169	0.00452	0.00561	0.11115	0.00903
45	0.01576	0.01181	0.01849	0.10030	0.37331	0.02792	0.04286	0.04992	0.01377	0.17983	0.01481	0.07406	0.01211	0.00771	0.03052	0.00199	0.00654	0.00604	0.00397	0.00826
46	0.01590	0.04900	0.14255	0.03853	0.25214	0.06801	0.10859	0.01942	0.01328	0.16846	0.01279	0.01465	0.00954	0.00709	0.03699	0.00201	0.02417	0.00507	0.00356	0.00826
47	0.01226	0.01199	0.01199	0.10864	0.01501	0.17536	0.00893	0.01389	0.01123	0.01441	0.01442	0.10618	0.01441	0.12880	0.04400	0.00273	0.16730	0.02301	0.10997	0.00547
48	0.01855	0.01237	0.01571	0.11233	0.12235	0.01317	0.01103	0.33580	0.01906	0.17005	0.01486	0.01566	0.01059	0.00639	0.00544	0.00168	0.00577	0.00518	0.09543	0.00859
49	0.00899	0.00713	0.01023	0.01200	0.14588	0.00675	0.00744	0.01172	0.01524	0.02151	0.59905	0.03743	0.07380	0.01044	0.00644	0.00176	0.00339	0.00931	0.00554	0.00594
50	0.01167	0.01000	0.01167	0.00834	0.01334	0.00750	0.00667	0.01417	0.01167	0.01834	0.01000	0.01167	0.00834	0.00417	0.00417	0.00083	0.00417	0.00333	0.00333	0.83663
51	0.00844	0.00617	0.00780	0.00738	0.00881	0.00592	0.00553	0.01201	0.07099	0.02222	0.65272	0.07394	0.04851	0.01134	0.00651	0.00179	0.00282	0.01000	0.03154	0.00554
52	0.00768	0.00562	0.00722	0.00722	0.00843	0.00517	0.00536	0.00990	0.01454	0.02005	0.52442	0.18137	0.12350	0.01308	0.00679	0.00191	0.00290	0.04385	0.00587	0.00511
53	0.06585	0.00687	0.00740	0.00669	0.00872	0.00689	0.00520	0.05197	0.02804	0.11674	0.09766	0.02187	0.01777	0.00708	0.00453	0.00147	0.00322	0.00570	0.53018	0.00614
54	0.00759	0.00554	0.00714	0.00717	0.00829	0.00509	0.00521	0.00975	0.01443	0.02000	0.53116	0.23056	0.10064	0.01322	0.00677	0.00191	0.00282	0.01174	0.00588	0.00509
55	0.01820	0.01059	0.01222	0.01026	0.01373	0.01107	0.00818	0.08062	0.33930	0.29561	0.02137	0.01977	0.01508	0.00719	0.00547	0.00176	0.00447	0.00587	0.11051	0.00874
56	0.56636	0.01118	0.01023	0.00851	0.01234	0.01217	0.00700	0.10235	0.01268	0.14291	0.01088	0.01138	0.00787	0.00561	0.00411	0.00168	0.00462	0.00371	0.00427	0.06014
57	0.00725	0.00520	0.00698	0.00826	0.00879	0.00492	0.00590	0.00853	0.01120	0.01483	0.03121	0.65376	0.04805	0.01720	0.00728	0.00233	0.00360	0.14480	0.00522	0.00468

[dist]
# distance from previous block
# <min> <max>
0	1

[block]
# block no. 9 follows, 42 sequences, length 10
# corresponding to MSA columns:
# 561-570
name=unknown_J
#
# <colnr> <probs for GDERKNQSTAVLIFYWHMCP>
#	G	D	E	R	K	N	Q	S	T	A	V	L	I	F	Y	W	H	M	C	P
0	0.00775	0.00570	0.00692	0.00692	0.00772	0.00576	0.00475	0.00873	0.00964	0.01268	0.02700	0.03674	0.20961	0.36538	0.25483	0.00565	0.00775	0.00847	0.00375	0.00425
1	0.01370	0.01308	0.02196	0.08599	0.68128	0.01334	0.01677	0.01766	0.04742	0.01835	0.01112	0.01433	0.00920	0.00518	0.00558	0.00170	0.00664	0.00508	0.00290	0.00873
2	0.00686	0.00490	0.00653	0.00784	0.00816	0.00457	0.00522	0.00784	0.01077	0.01437	0.03102	0.79855	0.03722	0.01763	0.00718	0.00229	0.00326	0.01600	0.00522	0.00457
3	0.01501	0.00830	0.00906	0.00776	0.01025	0.00853	0.00615	0.16534	0.04622	0.13373	0.01812	0.01920	0.01348	0.00670	0.00461	0.00148	0.00374	0.00532	0.51010	0.00691
4	0.01167	0.01000	0.01167	0.00834	0.01334	0.00750	0.00667	0.01417	0.01167	0.01834	0.01000	0.01167	0.00834	0.00417	0.00417	0.00083	0.00417	0.00333	0.00333	0.83663
5	0.00774	0.00594	0.00891	0.00924	0.01019	0.00565	0.05744	0.00940	0.01168	0.01570	0.10029	0.54677	0.03533	0.01671	0.03395	0.00248	0.00430	0.10824	0.00507	0.00495
6	0.00884	0.00705	0.00994	0.00949	0.01011	0.00856	0.00726	0.01030	0.00879	0.01272	0.01422	0.02331	0.01415	0.18962	0.49103	0.00713	0.15331	0.00626	0.00299	0.00490
7	0.01500	0.01024	0.01315	0.05896	0.01540	0.00943	0.00845	0.01732	0.01228	0.20058	0.01259	0.01380	0.00951	0.00577	0.00671	0.00136	0.11975	0.00424	0.00404	0.46143
8	0.01200	0.01166	0.01601	0.01354	0.01433	0.01530	0.01122	0.01346	0.00909	0.01422	0.00816	0.01271	0.00786	0.01065	0.05469	0.00256	0.63762	0.00475	0.00262	0.12757
9	0.13521	0.52822	0.18070	0.01063	0.01598	0.01895	0.01143	0.01701	0.01126	0.01595	0.00830	0.00964	0.00704	0.00498	0.00395	0.00140	0.00625	0.00325	0.00256	0.00728

[dist]
# distance from previous block
# <min> <max>
0	1

[block]
# block no. 10 follows, 42 sequences, length 8
# corresponding to MSA columns:
# 572-579
name=unknown_K
#
# <colnr> <probs for GDERKNQSTAVLIFYWHMCP>
#	G	D	E	R	K	N	Q	S	T	A	V	L	I	F	Y	W	H	M	C	P
0	0.01307	0.00988	0.01709	0.07448	0.01856	0.00914	0.22408	0.01601	0.01335	0.15317	0.12495	0.16586	0.02117	0.00853	0.00620	0.00180	0.00572	0.00821	0.00454	0.10421
1	0.01556	0.59645	0.02442	0.00947	0.01370	0.01817	0.00892	0.01732	0.01203	0.12305	0.01263	0.10312	0.01171	0.00663	0.00433	0.00141	0.00552	0.00492	0.00340	0.00725
2	0.01480	0.10258	0.01304	0.00938	0.01247	0.01075	0.00766	0.07717	0.17522	0.18325	0.21846	0.02803	0.08739	0.00887	0.00583	0.00175	0.00426	0.02591	0.00566	0.00751
3	0.01035	0.00624	0.00837	0.00914	0.04058	0.00588	0.00619	0.01164	0.01153	0.12393	0.05596	0.39184	0.02941	0.17525	0.01131	0.00284	0.00425	0.08490	0.00504	0.00533
4	0.01764	0.01782	0.01746	0.13972	0.02142	0.33088	0.11435	0.08210	0.01548	0.10527	0.01510	0.01646	0.06826	0.00651	0.00562	0.00167	0.00808	0.00529	0.00372	0.00711
