[name]
unknown

[dist]
# distance from previous block
# <min> <max>
0	27

[block]
# block no. 0 follows, 35 sequences, length 39
# corresponding to MSA columns:
# 64-102
name=unknown_A
#
# <colnr> <probs for GDERKNQSTAVLIFYWHMCP>
#	G	D	E	R	K	N	Q	S	T	A	V	L	I	F	Y	W	H	M	C	P
0	0.01616	0.01342	0.01855	0.19818	0.23262	0.05846	0.01421	0.07226	0.04092	0.09376	0.09833	0.02157	0.01696	0.00745	0.00640	0.00193	0.00692	0.02434	0.00445	0.05311
1	0.01610	0.01241	0.01907	0.14166	0.26365	0.01282	0.03202	0.02086	0.08211	0.13546	0.09915	0.02107	0.01724	0.00742	0.00704	0.00196	0.04007	0.00651	0.00462	0.05876
2	0.01270	0.01273	0.02428	0.15263	0.07120	0.01291	0.31524	0.01654	0.01373	0.01837	0.01899	0.08370	0.04617	0.05256	0.00932	0.00250	0.03718	0.08816	0.00378	0.00734
3	0.00768	0.00636	0.00673	0.00678	0.00872	0.00541	0.00503	0.00941	0.01468	0.01800	0.13747	0.11344	0.60640	0.01601	0.00754	0.00216	0.00322	0.01352	0.00601	0.00541
4	0.02099	0.01620	0.01821	0.01447	0.01904	0.01793	0.04242	0.49154	0.19321	0.03484	0.01853	0.05192	0.01419	0.00831	0.00650	0.00200	0.00653	0.00670	0.00621	0.01026
5	0.01492	0.01697	0.03664	0.02629	0.03243	0.01619	0.68353	0.02010	0.01474	0.02010	0.01264	0.01697	0.00957	0.00560	0.00807	0.00217	0.04400	0.00740	0.00319	0.00848
6	0.01600	0.04378	0.55788	0.01718	0.04311	0.01428	0.02023	0.05270	0.01493	0.14051	0.01378	0.01483	0.00948	0.00638	0.00606	0.00198	0.00851	0.00501	0.00371	0.00966
7	0.01567	0.01250	0.01311	0.01190	0.01491	0.03899	0.00903	0.02846	0.50875	0.07932	0.02521	0.08192	0.02083	0.09882	0.00956	0.00262	0.00530	0.00807	0.00611	0.00891
8	0.00923	0.00615	0.00692	0.00692	0.00692	0.00615	0.00384	0.00923	0.00923	0.01230	0.01999	0.04151	0.02306	0.77705	0.03229	0.00615	0.00615	0.00923	0.00384	0.00384
9	0.01802	0.61354	0.02992	0.01209	0.01689	0.15404	0.01124	0.01996	0.01365	0.01505	0.00897	0.01056	0.00815	0.00588	0.00510	0.00147	0.04109	0.00361	0.00282	0.00795
10	0.01374	0.19296	0.55887	0.01692	0.02532	0.01702	0.05244	0.01987	0.01336	0.01899	0.01090	0.01287	0.00813	0.00587	0.00567	0.00187	0.00888	0.00454	0.00271	0.00907
11	0.01129	0.00719	0.00805	0.00766	0.00943	0.00730	0.00579	0.01632	0.11304	0.02473	0.29193	0.03265	0.03322	0.00967	0.00587	0.00177	0.00325	0.00819	0.39613	0.00651
12	0.00912	0.00635	0.00796	0.00768	0.00915	0.00588	0.00571	0.01189	0.01679	0.02403	0.55715	0.09043	0.10482	0.01298	0.00717	0.00198	0.00305	0.01138	0.10062	0.00588
13	0.01534	0.01194	0.01747	0.20157	0.19653	0.04422	0.03047	0.04988	0.01484	0.12364	0.01960	0.20895	0.01852	0.00987	0.00678	0.00212	0.00670	0.00888	0.00460	0.00806
14	0.01272	0.03281	0.74418	0.01808	0.02746	0.01473	0.02344	0.02009	0.01339	0.02009	0.01138	0.01339	0.00804	0.00603	0.00603	0.00201	0.00938	0.00469	0.00268	0.00938
15	0.02370	0.03023	0.01798	0.01634	0.01961	0.75158	0.01226	0.02533	0.01798	0.01553	0.00981	0.01144	0.00817	0.00654	0.00572	0.00163	0.01144	0.00409	0.00327	0.00735
16	0.01248	0.01002	0.06754	0.01201	0.01479	0.00827	0.05339	0.01585	0.01589	0.10515	0.22628	0.05119	0.03682	0.01350	0.00784	0.00243	0.00556	0.32811	0.00599	0.00689
17	0.01410	0.12807	0.55333	0.04941	0.02571	0.01586	0.02029	0.02087	0.04509	0.05249	0.01231	0.01396	0.00892	0.00616	0.00582	0.00193	0.00862	0.00475	0.00309	0.00921
18	0.01439	0.26654	0.32930	0.01360	0.01976	0.01595	0.01520	0.01855	0.01337	0.07242	0.01580	0.14830	0.01469	0.00844	0.00579	0.00190	0.00723	0.00678	0.00365	0.00833
19	0.00905	0.00608	0.00697	0.00714	0.00718	0.00603	0.00408	0.00918	0.00957	0.01275	0.02173	0.12669	0.02526	0.68887	0.02947	0.00573	0.00586	0.01025	0.00408	0.00400
20	0.10966	0.50844	0.20430	0.01233	0.01855	0.02130	0.01347	0.01922	0.01277	0.01776	0.00945	0.01098	0.00797	0.00563	0.00453	0.00159	0.00720	0.00371	0.00285	0.00829
21	0.00953	0.00681	0.00943	0.01090	0.01206	0.00671	0.00903	0.01195	0.01393	0.01821	0.03397	0.26519	0.03801	0.01817	0.00858	0.00283	0.00524	0.50794	0.00585	0.00565
22	0.04171	0.12145	0.08129	0.01361	0.01877	0.01836	0.01214	0.45062	0.04108	0.06638	0.01643	0.04751	0.02673	0.00786	0.00605	0.00188	0.00676	0.00599	0.00552	0.00984
23	0.01292	0.06337	0.14428	0.05527	0.01791	0.09778	0.01195	0.01575	0.01300	0.01736	0.01780	0.24333	0.01862	0.01065	0.00807	0.00202	0.09755	0.00859	0.00392	0.13987
24	0.01437	0.21850	0.45399	0.01564	0.03761	0.01663	0.01816	0.02005	0.02930	0.04629	0.04138	0.01456	0.01082	0.00624	0.00558	0.00181	0.00803	0.00475	0.00318	0.03310
25	0.01444	0.22076	0.52357	0.01606	0.02419	0.01763	0.01962	0.05935	0.01420	0.01992	0.01096	0.01269	0.00822	0.00597	0.00555	0.00184	0.00859	0.00442	0.00290	0.00914
26	0.02846	0.01080	0.01472	0.01129	0.01619	0.00932	0.00932	0.03092	0.01816	0.74187	0.02503	0.02159	0.01570	0.00785	0.00638	0.00196	0.00540	0.00638	0.00785	0.01080
27	0.01056	0.00761	0.00906	0.00858	0.01060	0.00731	0.00646	0.01509	0.11501	0.06343	0.37018	0.11977	0.20498	0.01349	0.00734	0.00211	0.00353	0.01170	0.00660	0.00659
28	0.01922	0.02860	0.05848	0.09206	0.15052	0.01239	0.03049	0.02413	0.09830	0.29185	0.03469	0.03993	0.04785	0.00806	0.00695	0.00203	0.03273	0.00681	0.00549	0.00940
29	0.01578	0.57185	0.23189	0.01287	0.01940	0.02220	0.01437	0.01930	0.01303	0.01637	0.00954	0.01108	0.00811	0.00559	0.00462	0.00154	0.00751	0.00375	0.00270	0.00849
30	0.02505	0.01182	0.01482	0.01185	0.01643	0.01142	0.00963	0.06200	0.19842	0.52912	0.02479	0.02184	0.01642	0.00803	0.00640	0.00201	0.00537	0.00655	0.00743	0.01060
31	0.00813	0.00634	0.00737	0.00734	0.00901	0.00559	0.00542	0.01024	0.01561	0.02041	0.33371	0.13839	0.37923	0.01525	0.00756	0.00213	0.00318	0.01315	0.00634	0.00559
32	0.04059	0.12133	0.06866	0.03929	0.12194	0.01626	0.29064	0.02206	0.07225	0.10446	0.01429	0.01653	0.01075	0.00618	0.00676	0.00198	0.02697	0.00615	0.00391	0.00900
33	0.01497	0.01711	0.03743	0.02674	0.03316	0.01604	0.71444	0.02032	0.01497	0.02032	0.01283	0.01711	0.00963	0.00535	0.00749	0.00214	0.01070	0.00749	0.00321	0.00856
34	0.00901	0.00606	0.00698	0.00719	0.00724	0.00601	0.00414	0.00917	0.00964	0.01286	0.02213	0.14588	0.02576	0.66900	0.02884	0.00564	0.00580	0.01048	0.00414	0.00403
35	0.10765	0.02333	0.36713	0.01740	0.07716	0.07406	0.03487	0.01849	0.01308	0.01982	0.01357	0.10439	0.01221	0.00816	0.00749	0.00211	0.08124	0.00633	0.00332	0.00821
36	0.02334	0.01598	0.01922	0.01538	0.04453	0.01699	0.05495	0.49171	0.04394	0.15892	0.03842	0.01764	0.01323	0.00763	0.00646	0.00194	0.00679	0.00614	0.00632	0.01046
37	0.01471	0.01894	0.11974	0.02573	0.03249	0.01589	0.63397	0.02029	0.01479	0.02029	0.01267	0.01668	0.00944	0.00543	0.00732	0.00212	0.01054	0.00716	0.00315	0.00865
38	0.63147	0.01217	0.01190	0.02879	0.09762	0.01368	0.02353	0.01798	0.01145	0.02619	0.01131	0.06900	0.00999	0.00692	0.00464	0.00201	0.00532	0.00493	0.00394	0.00715

[dist]
# distance from previous block
# <min> <max>
0	74

[block]
# block no. 1 follows, 35 sequences, length 8
# corresponding to MSA columns:
# 177-184
name=unknown_B
#
# <colnr> <probs for GDERKNQSTAVLIFYWHMCP>
#	G	D	E	R	K	N	Q	S	T	A	V	L	I	F	Y	W	H	M	C	P
0	0.00854	0.00743	0.05755	0.00913	0.01024	0.00590	0.00692	0.01029	0.01236	0.01732	0.03171	0.63451	0.03667	0.01749	0.00753	0.00241	0.00399	0.01572	0.09875	0.00553
1	0.02393	0.10674	0.02006	0.01365	0.01874	0.01874	0.01150	0.52955	0.02605	0.14404	0.01597	0.01560	0.01123	0.00739	0.00608	0.00185	0.00672	0.00554	0.00615	0.01048
2	0.02022	0.02130	0.01608	0.01439	0.01741	0.40644	0.01108	0.07106	0.08501	0.07346	0.01413	0.01623	0.01142	0.01465	0.14366	0.00335	0.04294	0.00523	0.00414	0.00778
3	0.00816	0.00657	0.00732	0.00760	0.00926	0.00592	0.00552	0.01064	0.05196	0.01826	0.12558	0.25386	0.43390	0.01639	0.00761	0.00225	0.00341	0.01414	0.00604	0.00562
4	0.01005	0.14242	0.06538	0.00871	0.01163	0.00967	0.00768	0.01262	0.01524	0.01988	0.28815	0.07855	0.28201	0.01258	0.00682	0.00197	0.00422	0.01057	0.00550	0.00634
5	0.01528	0.01319	0.02115	0.02568	0.34799	0.01331	0.09496	0.02144	0.15173	0.07340	0.01936	0.13917	0.01732	0.00863	0.00675	0.00208	0.00664	0.00819	0.00457	0.00914
6	0.10046	0.04580	0.01666	0.03481	0.01777	0.05177	0.02511	0.28150	0.13753	0.08732	0.01893	0.07251	0.03363	0.00866	0.00677	0.00202	0.03729	0.00674	0.00559	0.00913
7	0.09470	0.01263	0.08593	0.01114	0.01378	0.04057	0.00941	0.07493	0.01453	0.06087	0.13567	0.15943	0.02529	0.11569	0.01165	0.00270	0.08958	0.00892	0.00491	0.02769

[dist]
# distance from previous block
# <min> <max>
6	36

[block]
# block no. 2 follows, 35 sequences, length 8
# corresponding to MSA columns:
# 221-228
name=unknown_C
#
# <colnr> <probs for GDERKNQSTAVLIFYWHMCP>
#	G	D	E	R	K	N	Q	S	T	A	V	L	I	F	Y	W	H	M	C	P
0	0.01065	0.00805	0.00960	0.00924	0.01121	0.00777	0.00679	0.05438	0.09347	0.02169	0.18607	0.33043	0.06744	0.01388	0.00708	0.00210	0.00392	0.01224	0.04629	0.09770
1	0.05894	0.11576	0.17804	0.01446	0.05030	0.01397	0.06372	0.07136	0.05828	0.09542	0.05255	0.04889	0.01544	0.00925	0.03606	0.00224	0.00706	0.01918	0.08062	0.00846
2	0.01712	0.01166	0.01837	0.24067	0.02612	0.01220	0.11278	0.05301	0.08245	0.21366	0.02019	0.12884	0.01658	0.00885	0.00678	0.00214	0.00687	0.00806	0.00518	0.00845
3	0.00795	0.00574	0.00758	0.00896	0.00954	0.00537	0.00624	0.00926	0.01251	0.01651	0.03654	0.66547	0.08165	0.01943	0.00813	0.00258	0.00386	0.08158	0.00588	0.00523
4	0.01662	0.18187	0.06212	0.07674	0.23888	0.08720	0.08262	0.05913	0.06190	0.01978	0.01200	0.01463	0.00978	0.00629	0.00658	0.00186	0.04448	0.00524	0.00340	0.00888
5	0.12055	0.04827	0.01889	0.16817	0.04140	0.05237	0.06704	0.20435	0.05779	0.11601	0.03478	0.01687	0.01193	0.00700	0.00604	0.00196	0.00712	0.00569	0.00489	0.00887
6	0.00993	0.00713	0.00844	0.00883	0.01014	0.00701	0.00640	0.06073	0.04532	0.01943	0.06051	0.37643	0.13893	0.07116	0.00925	0.00261	0.00415	0.06597	0.08178	0.00585
7	0.01091	0.06705	0.07175	0.06311	0.01793	0.01063	0.13374	0.01488	0.05394	0.01936	0.13766	0.10577	0.24488	0.01146	0.00705	0.00209	0.00573	0.01024	0.00493	0.00688

[dist]
# distance from previous block
# <min> <max>
4	21

[block]
# block no. 3 follows, 35 sequences, length 14
# corresponding to MSA columns:
# 252-265
name=unknown_D
#
# <colnr> <probs for GDERKNQSTAVLIFYWHMCP>
#	G	D	E	R	K	N	Q	S	T	A	V	L	I	F	Y	W	H	M	C	P
0	0.07689	0.08558	0.04887	0.06084	0.09751	0.02898	0.19595	0.03784	0.05327	0.12991	0.01476	0.01671	0.01102	0.00709	0.02224	0.00205	0.00767	0.00580	0.03502	0.06202
1	0.01031	0.00687	0.00852	0.00838	0.00997	0.00640	0.00616	0.04089	0.01598	0.06390	0.32236	0.26456	0.13917	0.01466	0.00740	0.00216	0.00353	0.01288	0.04976	0.00612
2	0.01207	0.04117	0.04174	0.01322	0.03582	0.01069	0.09084	0.09719	0.04485	0.02161	0.13920	0.33784	0.03167	0.01332	0.00785	0.00225	0.03433	0.01193	0.00539	0.00704
3	0.04771	0.08265	0.05652	0.04491	0.03834	0.05015	0.06130	0.09604	0.01676	0.15894	0.10948	0.02236	0.04615	0.03493	0.00700	0.00194	0.00632	0.00646	0.00505	0.10699
4	0.01670	0.01145	0.01565	0.04400	0.01667	0.03106	0.04680	0.04664	0.03442	0.20554	0.05032	0.14160	0.04077	0.01305	0.05095	0.00274	0.21020	0.00844	0.00517	0.00783
5	0.00823	0.00601	0.00794	0.00861	0.00945	0.00580	0.00606	0.00991	0.01314	0.01785	0.18161	0.42620	0.09309	0.05007	0.12139	0.00371	0.00561	0.01428	0.00567	0.00537
6	0.04475	0.03851	0.09291	0.08813	0.07293	0.03472	0.06429	0.10489	0.14553	0.08507	0.05765	0.07308	0.01791	0.00869	0.00654	0.00208	0.00674	0.04183	0.00501	0.00872
7	0.04979	0.06936	0.20005	0.01551	0.02115	0.04077	0.11986	0.09702	0.10570	0.10332	0.05724	0.04019	0.03648	0.00766	0.00633	0.00199	0.00735	0.00657	0.00470	0.00896
8	0.00936	0.00615	0.00806	0.00882	0.00982	0.00565	0.00624	0.01094	0.01364	0.06555	0.13510	0.53952	0.09274	0.01773	0.00788	0.00244	0.00375	0.04476	0.00617	0.00569
9	0.08755	0.01549	0.05553	0.01628	0.02040	0.09099	0.21611	0.07189	0.04548	0.06614	0.01920	0.11120	0.05358	0.01160	0.06046	0.00269	0.03529	0.00790	0.00439	0.00784
10	0.05054	0.14304	0.24293	0.08989	0.05375	0.10729	0.01579	0.10911	0.05138	0.06038	0.01263	0.01415	0.00947	0.00643	0.00572	0.00185	0.00813	0.00484	0.00377	0.00891
11	0.01266	0.01054	0.02913	0.01239	0.01458	0.01094	0.07778	0.07499	0.06179	0.04640	0.16140	0.10533	0.04749	0.11496	0.05297	0.00322	0.10540	0.04605	0.00511	0.00687
12	0.01162	0.00628	0.00692	0.00685	0.00811	0.00609	0.00479	0.01356	0.01257	0.06711	0.02466	0.10840	0.05943	0.19772	0.01193	0.00281	0.00399	0.00843	0.43314	0.00562
13	0.07135	0.11009	0.13864	0.17166	0.09240	0.09904	0.10257	0.04181	0.01462	0.05469	0.01251	0.01650	0.00993	0.00650	0.00601	0.00194	0.00840	0.02961	0.00345	0.00830

[dist]
# distance from previous block
# <min> <max>
10	56

[block]
# block no. 4 follows, 35 sequences, length 10
# corresponding to MSA columns:
# 323-331,333
name=unknown_E
#
# <colnr> <probs for GDERKNQSTAVLIFYWHMCP>
#	G	D	E	R	K	N	Q	S	T	A	V	L	I	F	Y	W	H	M	C	P
0	0.01511	0.01327	0.01932	0.49083	0.03507	0.05651	0.05470	0.05456	0.06779	0.07620	0.01353	0.01727	0.01001	0.00687	0.00704	0.00210	0.04242	0.00583	0.00372	0.00786
1	0.02062	0.08820	0.01888	0.01501	0.01826	0.40251	0.01186	0.12101	0.07221	0.01980	0.01370	0.01512	0.03857	0.00774	0.00780	0.00186	0.10987	0.00506	0.00394	0.00798
2	0.06737	0.22402	0.02149	0.07299	0.01971	0.24368	0.04143	0.05971	0.01607	0.11835	0.01267	0.01393	0.00976	0.00642	0.00536	0.00169	0.00804	0.00463	0.04454	0.00815
3	0.30213	0.01090	0.01156	0.00969	0.01340	0.01113	0.00773	0.07799	0.01528	0.28133	0.03725	0.05565	0.05605	0.07399	0.00790	0.00235	0.00516	0.00658	0.00579	0.00815
4	0.01073	0.00850	0.00961	0.00871	0.01140	0.00801	0.00672	0.01601	0.14910	0.03943	0.24160	0.04383	0.28341	0.01228	0.00698	0.00198	0.00379	0.03026	0.00611	0.10154
5	0.03041	0.20175	0.10219	0.01206	0.01610	0.07065	0.01095	0.06344	0.11995	0.05242	0.03987	0.01999	0.01466	0.08123	0.13426	0.00358	0.00863	0.00580	0.00415	0.00790
6	0.01298	0.01076	0.01224	0.07055	0.01604	0.01162	0.00891	0.02318	0.37377	0.03938	0.08315	0.09374	0.14987	0.01078	0.00674	0.00210	0.00470	0.00917	0.00593	0.05439
7	0.00970	0.00824	0.00879	0.00978	0.01064	0.06972	0.00675	0.01211	0.06631	0.01691	0.03213	0.65154	0.03737	0.01789	0.00777	0.00246	0.00444	0.01603	0.00571	0.00571
8	0.01063	0.00714	0.00971	0.01018	0.01131	0.00720	0.00783	0.01259	0.01390	0.07605	0.13546	0.37867	0.03867	0.01666	0.00899	0.00254	0.06150	0.17897	0.00596	0.00603
9	0.03984	0.15202	0.10373	0.03430	0.07792	0.05855	0.08064	0.12710	0.03340	0.18885	0.01494	0.01568	0.01081	0.00671	0.00632	0.00187	0.02787	0.00539	0.00467	0.00939

[dist]
# distance from previous block
# <min> <max>
18	79

[block]
# block no. 5 follows, 35 sequences, length 6
# corresponding to MSA columns:
# 418-423
name=unknown_F
#
# <colnr> <probs for GDERKNQSTAVLIFYWHMCP>
#	G	D	E	R	K	N	Q	S	T	A	V	L	I	F	Y	W	H	M	C	P
0	0.05655	0.01240	0.03852	0.02820	0.01494	0.06711	0.00915	0.11274	0.08815	0.14644	0.05028	0.18212	0.05468	0.03141	0.05533	0.00271	0.00637	0.00904	0.02596	0.00788
1	0.01041	0.11108	0.01194	0.00945	0.01124	0.00942	0.00738	0.01362	0.08030	0.01783	0.08302	0.25937	0.10958	0.10205	0.01017	0.00275	0.00479	0.13417	0.00535	0.00607
2	0.01344	0.00774	0.00915	0.00836	0.01049	0.00761	0.00637	0.01767	0.10863	0.11939	0.21293	0.03198	0.08023	0.01110	0.00791	0.07852	0.00383	0.00812	0.24975	0.00679
3	0.01962	0.07392	0.01874	0.12764	0.08307	0.17613	0.01263	0.09571	0.18276	0.12170	0.01652	0.01717	0.01229	0.00712	0.00606	0.00190	0.00753	0.00560	0.00484	0.00905
4	0.19655	0.12186	0.18665	0.01471	0.08520	0.01496	0.01314	0.09559	0.01536	0.02420	0.10953	0.02100	0.01709	0.00773	0.00572	0.00194	0.00649	0.04988	0.00420	0.00818
5	0.02097	0.02062	0.11599	0.01527	0.02022	0.19023	0.06472	0.23985	0.02087	0.12967	0.08411	0.01824	0.01516	0.00753	0.00635	0.00189	0.00803	0.00597	0.00517	0.00915

[dist]
# distance from previous block
# <min> <max>
10	35

[block]
# block no. 6 follows, 35 sequences, length 29
# corresponding to MSA columns:
# 478-506
name=unknown_G
#
# <colnr> <probs for GDERKNQSTAVLIFYWHMCP>
#	G	D	E	R	K	N	Q	S	T	A	V	L	I	F	Y	W	H	M	C	P
0	0.01519	0.15148	0.31847	0.01416	0.02073	0.01506	0.02869	0.08396	0.03795	0.06458	0.01541	0.06474	0.02888	0.00723	0.00579	0.00180	0.00726	0.00576	0.00389	0.10899
1	0.01354	0.01024	0.01176	0.01087	0.01343	0.01097	0.00829	0.04222	0.31032	0.07523	0.11818	0.19785	0.08060	0.01215	0.00746	0.00220	0.02998	0.01038	0.00626	0.02808
2	0.01208	0.00964	0.01635	0.08322	0.01867	0.00931	0.16778	0.01552	0.03150	0.08185	0.23739	0.20961	0.05638	0.01185	0.00741	0.00218	0.00567	0.01113	0.00550	0.00695
3	0.06276	0.05770	0.01454	0.05430	0.01648	0.16026	0.00950	0.05274	0.12995	0.10630	0.14416	0.04482	0.07536	0.00907	0.00625	0.00190	0.00620	0.00726	0.00536	0.03509
4	0.06653	0.01494	0.01764	0.19460	0.02418	0.13555	0.05958	0.05433	0.01609	0.26168	0.01599	0.01723	0.01122	0.00712	0.00684	0.00198	0.04543	0.00564	0.03487	0.00857
5	0.06593	0.00732	0.00935	0.00921	0.01103	0.00683	0.00675	0.01502	0.01442	0.18288	0.15127	0.42809	0.03680	0.01505	0.00733	0.00230	0.00403	0.01331	0.00639	0.00669
6	0.00781	0.00565	0.00733	0.00863	0.00915	0.00525	0.00582	0.00895	0.01229	0.01620	0.03683	0.67587	0.09799	0.04517	0.00888	0.00267	0.00377	0.03080	0.00582	0.00514
7	0.06592	0.01242	0.01742	0.01610	0.10556	0.01215	0.07404	0.08297	0.09993	0.30788	0.05640	0.04397	0.01746	0.00815	0.00647	0.00201	0.00602	0.02890	0.00608	0.03014
8	0.01249	0.00804	0.00978	0.00966	0.01140	0.00804	0.00706	0.07797	0.08455	0.09175	0.08607	0.43296	0.03351	0.01483	0.00723	0.00227	0.00416	0.01312	0.07828	0.00682
9	0.06960	0.00755	0.00891	0.00867	0.01043	0.00744	0.00638	0.01440	0.08033	0.06303	0.31301	0.21746	0.09695	0.05666	0.00861	0.00239	0.00382	0.01182	0.00623	0.00633
10	0.01483	0.01355	0.02141	0.17571	0.41728	0.01455	0.01664	0.05930	0.08724	0.02096	0.01388	0.01759	0.01127	0.01012	0.07599	0.00273	0.00831	0.00592	0.00362	0.00908
11	0.03957	0.01224	0.01444	0.01198	0.01547	0.06492	0.02987	0.04424	0.08942	0.32696	0.09454	0.02631	0.06635	0.00930	0.00784	0.00206	0.07656	0.02551	0.03361	0.00882
12	0.01787	0.01073	0.01267	0.01076	0.01416	0.01071	0.00856	0.16370	0.10069	0.22060	0.13032	0.09213	0.13452	0.01116	0.00693	0.00209	0.00488	0.03221	0.00673	0.00857
13	0.01266	0.00701	0.00712	0.00681	0.00861	0.00725	0.00518	0.04758	0.06603	0.02459	0.02082	0.02328	0.01624	0.00749	0.00467	0.00155	0.00329	0.00600	0.71741	0.00643
14	0.01845	0.01228	0.01727	0.07328	0.20670	0.01258	0.01236	0.09589	0.08634	0.21203	0.09487	0.02344	0.02989	0.04767	0.00819	0.00221	0.02495	0.00692	0.00550	0.00920
15	0.16998	0.01549	0.02087	0.11024	0.40118	0.08862	0.03170	0.02007	0.01409	0.05345	0.01166	0.01468	0.00932	0.00596	0.00582	0.00191	0.00751	0.00515	0.00348	0.00884
16	0.01676	0.01731	0.01655	0.01458	0.01613	0.23376	0.01161	0.01927	0.04561	0.04280	0.08205	0.01785	0.01465	0.00944	0.01269	0.00221	0.35103	0.00582	0.06272	0.00717
17	0.01293	0.03135	0.67814	0.01889	0.02799	0.01486	0.08801	0.02011	0.01354	0.02011	0.01152	0.01374	0.00818	0.00596	0.00616	0.00202	0.00950	0.00495	0.00273	0.00930
18	0.04154	0.01626	0.01654	0.07381	0.06003	0.13133	0.01130	0.28245	0.05873	0.09385	0.06079	0.02018	0.01519	0.07950	0.00868	0.00230	0.00720	0.00621	0.00528	0.00881
19	0.08009	0.02577	0.01625	0.01479	0.01795	0.58674	0.01115	0.02407	0.05728	0.01802	0.07832	0.01540	0.01354	0.00721	0.00580	0.00172	0.00981	0.00490	0.00384	0.00734
20	0.01570	0.01507	0.02575	0.03894	0.73748	0.01507	0.01947	0.01947	0.01444	0.02073	0.01193	0.01570	0.01005	0.00565	0.00628	0.00188	0.00754	0.00565	0.00314	0.01005
21	0.12582	0.01199	0.01643	0.01814	0.19921	0.01236	0.01163	0.02261	0.05975	0.25701	0.11022	0.02135	0.01837	0.00805	0.00753	0.00203	0.07657	0.00644	0.00545	0.00905
22	0.01522	0.01142	0.01547	0.08013	0.01746	0.03177	0.02355	0.06258	0.01397	0.13148	0.08318	0.08509	0.01850	0.01615	0.12372	0.00352	0.24729	0.00750	0.00458	0.00741
23	0.00905	0.00596	0.00718	0.00750	0.00762	0.00586	0.00451	0.00911	0.01000	0.01336	0.03892	0.20516	0.02706	0.51755	0.02554	0.08087	0.00546	0.01092	0.00428	0.00409
24	0.01546	0.01170	0.01281	0.01183	0.01470	0.05596	0.00953	0.08163	0.23520	0.09465	0.16379	0.03885	0.02986	0.01145	0.00718	0.00225	0.00543	0.18321	0.00634	0.00815
25	0.01547	0.01493	0.02216	0.11638	0.30358	0.06177	0.10085	0.06381	0.08855	0.02126	0.01510	0.07161	0.01297	0.00716	0.00646	0.00195	0.00754	0.00672	0.00390	0.05780
26	0.02254	0.08505	0.01850	0.06260	0.03713	0.02965	0.01149	0.14528	0.04428	0.33913	0.01787	0.01771	0.01243	0.00791	0.00825	0.00202	0.11698	0.00578	0.00578	0.00962
27	0.33776	0.06407	0.01636	0.03928	0.08160	0.06955	0.05425	0.03477	0.06523	0.09040	0.01302	0.01554	0.01035	0.05048	0.00721	0.00219	0.03083	0.00500	0.00420	0.00789
28	0.45696	0.01114	0.01243	0.01155	0.05470	0.01192	0.07333	0.01657	0.01319	0.02553	0.15989	0.02371	0.09029	0.00825	0.00546	0.00200	0.00505	0.00654	0.00462	0.00688

[dist]
# distance from previous block
# <min> <max>
2	15

[block]
# block no. 7 follows, 35 sequences, length 8
# corresponding to MSA columns:
# 522-529
name=unknown_H
#
# <colnr> <probs for GDERKNQSTAVLIFYWHMCP>
#	G	D	E	R	K	N	Q	S	T	A	V	L	I	F	Y	W	H	M	C	P
0	0.00803	0.00575	0.00763	0.00863	0.00927	0.00536	0.00591	0.00960	0.01356	0.01844	0.20481	0.59666	0.04631	0.01820	0.00795	0.00244	0.00351	0.01644	0.00615	0.00536
1	0.01001	0.00643	0.00767	0.00799	0.00936	0.00620	0.00620	0.01249	0.01425	0.02085	0.16895	0.07393	0.10982	0.08157	0.00907	0.00247	0.00401	0.17709	0.26601	0.00563
2	0.09572	0.09601	0.16451	0.05158	0.02113	0.03382	0.09543	0.07869	0.01624	0.18233	0.08856	0.01879	0.01540	0.00715	0.00606	0.00193	0.00711	0.00595	0.00478	0.00882
3	0.06373	0.00973	0.01263	0.01148	0.01332	0.01106	0.00903	0.01793	0.06727	0.16597	0.02123	0.19626	0.02000	0.01763	0.12811	0.00359	0.17771	0.00886	0.03718	0.00730
4	0.00849	0.00602	0.00762	0.00845	0.00905	0.00573	0.00580	0.00972	0.01235	0.01644	0.09812	0.40294	0.07672	0.21005	0.01419	0.00344	0.00445	0.08995	0.00547	0.00499
5	0.03786	0.13977	0.07621	0.11910	0.06416	0.07474	0.09272	0.12099	0.01683	0.09205	0.05173	0.01656	0.01240	0.00662	0.00594	0.00182	0.00760	0.00553	0.00419	0.05318
6	0.05619	0.03541	0.09046	0.10086	0.07175	0.01454	0.09183	0.08340	0.11933	0.09424	0.01833	0.05086	0.03283	0.00842	0.00768	0.00215	0.06923	0.03925	0.00462	0.00863
7	0.01885	0.01124	0.01566	0.14809	0.02053	0.01245	0.01144	0.05894	0.05073	0.29111	0.06133	0.02110	0.01574	0.01272	0.08863	0.00302	0.13800	0.00646	0.00539	0.00857

[dist]
# distance from previous block
# <min> <max>
2	20

[block]
# block no. 8 follows, 35 sequences, length 22
# corresponding to MSA columns:
# 553-574
name=unknown_I
#
# <colnr> <probs for GDERKNQSTAVLIFYWHMCP>
#	G	D	E	R	K	N	Q	S	T	A	V	L	I	F	Y	W	H	M	C	P
0	0.01849	0.11384	0.14036	0.02615	0.04366	0.05974	0.01246	0.08008	0.11635	0.17452	0.01897	0.01881	0.04976	0.00724	0.00587	0.00180	0.00663	0.00569	0.00495	0.09465
1	0.04333	0.01405	0.07090	0.06297	0.13446	0.04828	0.02951	0.07271	0.09402	0.12977	0.13294	0.02628	0.06297	0.02953	0.00724	0.00211	0.00624	0.01889	0.00525	0.00854
2	0.01103	0.08235	0.01178	0.03453	0.01220	0.03276	0.00743	0.06442	0.01530	0.02014	0.21259	0.27197	0.07991	0.07170	0.00910	0.00247	0.00471	0.04389	0.00556	0.00616
3	0.01647	0.01261	0.01399	0.01227	0.01546	0.01382	0.00964	0.29034	0.21225	0.02893	0.06823	0.19496	0.02460	0.01153	0.00697	0.00218	0.00539	0.04533	0.00628	0.00875
4	0.13038	0.01461	0.05836	0.08702	0.40121	0.01426	0.03310	0.03810	0.05307	0.02200	0.01603	0.01951	0.05523	0.00690	0.00611	0.00198	0.00695	0.02257	0.00371	0.00891
5	0.01500	0.09518	0.25886	0.01830	0.02447	0.03543	0.20032	0.03623	0.05823	0.03734	0.01244	0.01493	0.00955	0.00653	0.00784	0.00199	0.09448	0.00554	0.00336	0.06397
6	0.01381	0.00791	0.01001	0.00925	0.01152	0.00737	0.00702	0.05840	0.01615	0.18657	0.18716	0.24232	0.14783	0.01569	0.04628	0.00260	0.00475	0.01183	0.00648	0.00704
7	0.07667	0.00902	0.01096	0.00901	0.01253	0.00835	0.00727	0.02385	0.01578	0.41596	0.02224	0.02161	0.01531	0.00754	0.00546	0.00178	0.00442	0.00600	0.31760	0.00864
8	0.01576	0.11685	0.09427	0.03523	0.11015	0.05835	0.08847	0.01869	0.01400	0.12574	0.01822	0.11916	0.01703	0.10061	0.00952	0.00250	0.00718	0.03609	0.00430	0.00788
9	0.01188	0.00672	0.00841	0.00849	0.00999	0.00635	0.00616	0.01442	0.03692	0.11638	0.13922	0.36374	0.03464	0.01397	0.00688	0.00214	0.00368	0.01233	0.19131	0.00637
10	0.00795	0.00596	0.00712	0.00779	0.00876	0.00541	0.00533	0.00925	0.01304	0.01686	0.10556	0.40083	0.25567	0.10735	0.01071	0.00281	0.00376	0.01497	0.00575	0.00514
11	0.04840	0.01413	0.01823	0.52287	0.03551	0.08995	0.01552	0.09814	0.05944	0.02000	0.01238	0.01631	0.00931	0.00663	0.00619	0.00204	0.00823	0.00549	0.00354	0.00768
12	0.07374	0.00950	0.01088	0.00969	0.01219	0.00986	0.00751	0.10592	0.12334	0.04593	0.44237	0.05949	0.04190	0.01120	0.00691	0.00202	0.00403	0.00957	0.00658	0.00736
13	0.00803	0.00574	0.00766	0.00885	0.00943	0.00538	0.00612	0.00949	0.01309	0.01764	0.13373	0.63596	0.04422	0.01878	0.00804	0.00251	0.00369	0.05029	0.00604	0.00530
14	0.06445	0.01108	0.01155	0.01073	0.01364	0.01250	0.00841	0.02635	0.44444	0.02534	0.02403	0.02645	0.01908	0.00880	0.00595	0.00202	0.00454	0.05852	0.21363	0.00846
15	0.01141	0.00891	0.01200	0.09833	0.11826	0.00872	0.00924	0.01476	0.05880	0.07335	0.09175	0.11394	0.33089	0.01253	0.00710	0.00212	0.00474	0.01080	0.00541	0.00695
16	0.06929	0.01751	0.01561	0.01374	0.01586	0.28751	0.06271	0.01792	0.01331	0.01616	0.01296	0.02017	0.01237	0.17010	0.09835	0.00375	0.11591	0.00592	0.02445	0.00640
17	0.01696	0.78087	0.03324	0.01085	0.01628	0.02510	0.01085	0.01900	0.01289	0.01493	0.00882	0.01018	0.00814	0.00543	0.00407	0.00136	0.00678	0.00339	0.00271	0.00814
18	0.01696	0.78087	0.03324	0.01085	0.01628	0.02510	0.01085	0.01900	0.01289	0.01493	0.00882	0.01018	0.00814	0.00543	0.00407	0.00136	0.00678	0.00339	0.00271	0.00814
19	0.01396	0.06865	0.01402	0.05912	0.01533	0.01087	0.00806	0.08944	0.03803	0.04327	0.03714	0.02238	0.01501	0.20442	0.01223	0.00260	0.00570	0.00591	0.00423	0.32961
20	0.01444	0.07128	0.04111	0.38252	0.05289	0.04698	0.01443	0.07205	0.08779	0.03867	0.06835	0.03953	0.01473	0.00757	0.00654	0.00202	0.02088	0.00633	0.00400	0.00787
21	0.02235	0.06248	0.07469	0.01967	0.20640	0.01430	0.01369	0.16500	0.01886	0.31197	0.01759	0.01744	0.01219	0.00694	0.00618	0.00190	0.00666	0.00574	0.00561	0.01033

[dist]
# distance from previous block
# <min> <max>
1	17

[block]
# block no. 9 follows, 35 sequences, length 25
# corresponding to MSA columns:
# 597-599,601-610,614-625
name=unknown_J
#
# <colnr> <probs for GDERKNQSTAVLIFYWHMCP>
#	G	D	E	R	K	N	Q	S	T	A	V	L	I	F	Y	W	H	M	C	P
0	0.02454	0.01709	0.01862	0.01428	0.01934	0.01867	0.01179	0.64993	0.02870	0.10798	0.01618	0.01585	0.01126	0.00764	0.00635	0.00191	0.00683	0.00578	0.00649	0.01079
1	0.06234	0.01608	0.02748	0.02041	0.02577	0.01627	0.39443	0.19527	0.08720	0.02610	0.01559	0.05535	0.01235	0.00700	0.00693	0.00209	0.00853	0.00732	0.00449	0.00899
2	0.02556	0.01266	0.01554	0.01222	0.01695	0.01245	0.00999	0.17017	0.13314	0.48592	0.02317	0.02063	0.01529	0.00792	0.00638	0.00198	0.00566	0.00637	0.00732	0.01067
3	0.01403	0.05326	0.02407	0.01838	0.02054	0.01788	0.19362	0.01656	0.01136	0.01668	0.01009	0.01512	0.00911	0.01120	0.05717	0.00290	0.46828	0.00596	0.00295	0.03085
4	0.01758	0.55065	0.14223	0.01237	0.01836	0.02215	0.01286	0.08733	0.01488	0.05515	0.01067	0.01175	0.00877	0.00586	0.00471	0.00154	0.00714	0.00397	0.00332	0.00873
5	0.01505	0.01536	0.01422	0.01281	0.01528	0.16454	0.01002	0.02247	0.26925	0.01980	0.02821	0.02812	0.18519	0.01046	0.00941	0.00217	0.15725	0.00770	0.00494	0.00776
6	0.01227	0.00731	0.00897	0.00808	0.01047	0.00641	0.00622	0.01466	0.01675	0.16271	0.35709	0.04720	0.29131	0.01307	0.00727	0.00204	0.00354	0.01116	0.00676	0.00670
7	0.01465	0.01405	0.02454	0.11582	0.51766	0.01426	0.08564	0.01854	0.01432	0.02000	0.01416	0.02168	0.01253	0.00691	0.00666	0.00204	0.00777	0.07623	0.00339	0.00914
8	0.01623	0.01602	0.17646	0.01474	0.01963	0.01187	0.11309	0.05794	0.10668	0.17532	0.05744	0.16571	0.02066	0.00976	0.00686	0.00214	0.00661	0.00874	0.00537	0.00873
9	0.00833	0.00585	0.00717	0.00792	0.00830	0.00558	0.00504	0.00911	0.01138	0.01510	0.05632	0.42309	0.07805	0.30900	0.01729	0.00390	0.00457	0.01414	0.00515	0.00469
10	0.01271	0.01104	0.01122	0.01020	0.01220	0.11322	0.00784	0.05771	0.01735	0.04347	0.42465	0.03660	0.08037	0.01503	0.07988	0.00278	0.04201	0.00930	0.00583	0.00659
11	0.01748	0.11473	0.23910	0.09110	0.02315	0.05989	0.05060	0.07459	0.01571	0.16081	0.01603	0.08105	0.01283	0.00766	0.00614	0.00195	0.00770	0.00630	0.00433	0.00884
12	0.01582	0.01218	0.05095	0.13146	0.10581	0.03772	0.04166	0.01857	0.01410	0.18359	0.02203	0.14251	0.06137	0.05189	0.00915	0.00236	0.06205	0.00844	0.02049	0.00784
13	0.45130	0.25275	0.01888	0.01051	0.01501	0.01792	0.03876	0.05274	0.01277	0.04892	0.00986	0.01127	0.00791	0.00599	0.00472	0.00180	0.02362	0.00386	0.00374	0.00767
14	0.01029	0.00666	0.00841	0.00824	0.00983	0.00605	0.00606	0.01240	0.01546	0.08699	0.33479	0.20616	0.16684	0.06173	0.00908	0.00243	0.00368	0.03249	0.00641	0.00600
15	0.00810	0.00758	0.04197	0.00763	0.00975	0.00591	0.00610	0.01023	0.01490	0.01901	0.20740	0.14550	0.46260	0.01538	0.00750	0.00216	0.00352	0.01313	0.00598	0.00566
16	0.01630	0.08820	0.04812	0.01134	0.01664	0.08385	0.00963	0.10878	0.02938	0.04286	0.03319	0.01442	0.01112	0.00579	0.00517	0.00130	0.00603	0.00441	0.00416	0.45929
17	0.01364	0.00749	0.01028	0.00979	0.01167	0.00732	0.00751	0.01568	0.01370	0.19301	0.10745	0.16964	0.02825	0.09200	0.21539	0.00482	0.00812	0.07194	0.00562	0.00671
18	0.01230	0.00896	0.01031	0.00985	0.01196	0.00914	0.00735	0.12227	0.11535	0.04869	0.09621	0.33246	0.13935	0.01446	0.00729	0.00224	0.00428	0.01259	0.02790	0.00703
19	0.01046	0.00868	0.01045	0.01209	0.08065	0.05296	0.00774	0.03073	0.01373	0.01814	0.13312	0.34137	0.05422	0.11780	0.05157	0.00324	0.00564	0.03626	0.00523	0.00592
20	0.03215	0.19494	0.20107	0.05692	0.17561	0.01673	0.01589	0.01844	0.01302	0.01864	0.01054	0.01327	0.00871	0.00613	0.00685	0.00176	0.08083	0.00457	0.00298	0.12094
21	0.01151	0.00869	0.01055	0.00952	0.01143	0.00913	0.00738	0.04496	0.07133	0.06197	0.28076	0.04121	0.22268	0.05438	0.02856	0.00256	0.10077	0.01012	0.00588	0.00661
22	0.01284	0.00811	0.00972	0.00920	0.01144	0.00771	0.00690	0.05382	0.07731	0.13962	0.12237	0.27771	0.20921	0.01446	0.00735	0.00222	0.00406	0.01255	0.00642	0.00697
23	0.01392	0.07966	0.02380	0.37070	0.16189	0.01532	0.12852	0.05098	0.01418	0.01872	0.01292	0.05746	0.01085	0.00678	0.00641	0.00203	0.00817	0.00643	0.00327	0.00800
24	0.05069	0.11251	0.05166	0.11866	0.01937	0.01308	0.05744	0.01681	0.04406	0.06544	0.06871	0.07385	0.05844	0.05382	0.03241	0.00263	0.07492	0.07401	0.00437	0.00714

[dist]
# distance from previous block
# <min> <max>
1	21

[block]
# block no. 10 follows, 35 sequences, length 36
# corresponding to MSA columns:
# 670-696,700-708
name=unknown_K
#
# <colnr> <probs for GDERKNQSTAVLIFYWHMCP>
#	G	D	E	R	K	N	Q	S	T	A	V	L	I	F	Y	W	H	M	C	P
0	0.01624	0.01382	0.04864	0.05719	0.01766	0.06710	0.00997	0.08169	0.11175	0.10462	0.05240	0.08487	0.01672	0.00789	0.00595	0.00168	0.00581	0.00651	0.00502	0.28446
1	0.01827	0.26688	0.11809	0.07736	0.06481	0.06208	0.03996	0.05573	0.04086	0.13838	0.01349	0.01460	0.01018	0.00625	0.00549	0.00172	0.00735	0.00485	0.00401	0.04966
2	0.01098	0.00834	0.01009	0.02247	0.01230	0.00852	0.00747	0.01694	0.19984	0.04083	0.11665	0.39848	0.03518	0.01469	0.00736	0.00229	0.00418	0.02972	0.00607	0.04762
3	0.01417	0.00904	0.04714	0.01011	0.01253	0.00766	0.00799	0.01752	0.06884	0.20676	0.14424	0.36505	0.03464	0.01408	0.00732	0.00226	0.00440	0.01245	0.00646	0.00733
4	0.01581	0.01017	0.01203	0.01034	0.01341	0.01024	0.00822	0.15184	0.09156	0.15181	0.23585	0.03621	0.13897	0.01294	0.04332	0.00245	0.00521	0.03502	0.00657	0.00804
5	0.02095	0.01555	0.01646	0.01332	0.01748	0.14075	0.05470	0.17448	0.05533	0.21633	0.06935	0.06613	0.03443	0.00850	0.00642	0.00188	0.00674	0.00698	0.00583	0.06838
6	0.01202	0.00629	0.00880	0.00836	0.00931	0.00597	0.00593	0.01129	0.01170	0.08525	0.16653	0.02851	0.07650	0.01833	0.01811	0.50612	0.00480	0.00743	0.00436	0.00440
7	0.00826	0.00597	0.00769	0.00886	0.00956	0.00562	0.00628	0.00960	0.01251	0.01637	0.03636	0.51273	0.11195	0.09276	0.01050	0.00293	0.00422	0.12701	0.00568	0.00516
8	0.05337	0.01399	0.01411	0.01172	0.01572	0.13786	0.00929	0.05938	0.05117	0.39041	0.04096	0.07675	0.05272	0.00889	0.00633	0.00193	0.00616	0.00712	0.00637	0.03574
9	0.04493	0.00813	0.01061	0.00917	0.01188	0.00739	0.00716	0.01859	0.01751	0.27174	0.43253	0.06973	0.04195	0.01126	0.00700	0.00201	0.00392	0.00972	0.00712	0.00764
10	0.00878	0.00662	0.00822	0.00897	0.00999	0.00645	0.00628	0.01204	0.09138	0.01875	0.13798	0.53122	0.09463	0.01735	0.00778	0.00241	0.00369	0.01554	0.00611	0.00582
11	0.01511	0.01361	0.02298	0.27593	0.47276	0.01446	0.01835	0.01896	0.01405	0.05517	0.01237	0.01639	0.00981	0.00599	0.00631	0.00196	0.00773	0.00568	0.00327	0.00910
12	0.01335	0.01381	0.02836	0.02083	0.02573	0.01295	0.49700	0.01797	0.01554	0.02176	0.18000	0.02460	0.02173	0.00726	0.00725	0.00206	0.00833	0.00829	0.06542	0.00776
13	0.00786	0.00569	0.00743	0.00859	0.00919	0.00526	0.00583	0.00921	0.01295	0.01731	0.11651	0.64679	0.08620	0.01886	0.00799	0.00248	0.00357	0.01700	0.00601	0.00526
14	0.02846	0.01080	0.01472	0.01129	0.01619	0.00932	0.00932	0.03092	0.01816	0.74187	0.02503	0.02159	0.01570	0.00785	0.00638	0.00196	0.00540	0.00638	0.00785	0.01080
15	0.01006	0.00679	0.00846	0.00786	0.00976	0.00608	0.00596	0.01269	0.01715	0.07615	0.52482	0.04870	0.21502	0.01332	0.00740	0.00203	0.00322	0.01155	0.00679	0.00619
16	0.01844	0.01889	0.01626	0.03574	0.01843	0.24025	0.01135	0.07084	0.39337	0.02285	0.01856	0.01850	0.01429	0.00804	0.00731	0.00203	0.06485	0.00598	0.00510	0.00895
17	0.01513	0.25867	0.40465	0.01772	0.09070	0.07379	0.01838	0.02010	0.01369	0.01823	0.01054	0.01248	0.00827	0.00585	0.00543	0.00177	0.00857	0.00434	0.00278	0.00891
18	0.05165	0.32447	0.38745	0.01439	0.02170	0.01846	0.01689	0.02026	0.01337	0.06240	0.01109	0.01249	0.00849	0.00590	0.00519	0.00175	0.00791	0.00423	0.00306	0.00886
19	0.01703	0.01846	0.01412	0.01265	0.01553	0.31085	0.00974	0.09359	0.07995	0.01961	0.02942	0.02926	0.24606	0.01028	0.00756	0.00196	0.06429	0.00767	0.00469	0.00728
20	0.01067	0.00613	0.00679	0.00663	0.00814	0.00591	0.00497	0.01358	0.01491	0.02394	0.26023	0.03332	0.06484	0.00966	0.00559	0.00168	0.00298	0.00812	0.50600	0.00591
21	0.01424	0.01476	0.02851	0.14543	0.22285	0.01489	0.33789	0.01891	0.03051	0.01953	0.01387	0.06280	0.01171	0.00670	0.00734	0.00211	0.02881	0.00728	0.00335	0.00850
22	0.04740	0.01562	0.03697	0.06126	0.19397	0.05052	0.23450	0.08808	0.04987	0.07688	0.01562	0.07219	0.01288	0.00719	0.00670	0.00204	0.00808	0.00710	0.00420	0.00893
23	0.00786	0.00635	0.00704	0.00743	0.00916	0.00553	0.00558	0.00955	0.01418	0.01745	0.08103	0.19171	0.51578	0.01679	0.00773	0.00229	0.00354	0.07970	0.00593	0.00539
24	0.01376	0.00774	0.01037	0.00920	0.01133	0.00738	0.00709	0.01632	0.01649	0.19352	0.42872	0.05304	0.04162	0.05461	0.07255	0.00294	0.03006	0.00969	0.00656	0.00700
25	0.04926	0.20056	0.16893	0.01419	0.02021	0.01593	0.07886	0.07647	0.03287	0.25867	0.01594	0.01594	0.01117	0.00660	0.00577	0.00184	0.00712	0.00529	0.00485	0.00950
26	0.01479	0.01304	0.05674	0.01159	0.01427	0.11947	0.04306	0.07438	0.01562	0.08807	0.04351	0.29827	0.02447	0.01193	0.00666	0.00207	0.00582	0.01032	0.13887	0.00705
27	0.48583	0.19015	0.05219	0.01160	0.02944	0.01698	0.06332	0.03945	0.01246	0.03619	0.00977	0.01137	0.00775	0.00583	0.00449	0.00184	0.00611	0.00395	0.00365	0.00765
28	0.33307	0.00908	0.00891	0.00835	0.01112	0.00936	0.00647	0.01563	0.01339	0.10476	0.10595	0.16462	0.16413	0.01145	0.00606	0.00211	0.00419	0.00928	0.00545	0.00661
29	0.00780	0.00558	0.00743	0.00878	0.00922	0.00520	0.00589	0.00902	0.01249	0.01674	0.07642	0.72989	0.04302	0.01947	0.00806	0.00254	0.00364	0.01765	0.00595	0.00520
30	0.01615	0.34089	0.10317	0.01532	0.07958	0.01851	0.06567	0.05198	0.09557	0.04817	0.02753	0.01681	0.04387	0.00664	0.00543	0.00170	0.00685	0.00529	0.00384	0.04703
31	0.01100	0.00844	0.01099	0.13924	0.01663	0.00891	0.00865	0.04588	0.10243	0.04010	0.09892	0.29805	0.12680	0.01414	0.00795	0.03311	0.00481	0.01192	0.00549	0.00652
32	0.00955	0.00685	0.00869	0.00843	0.00997	0.00648	0.00624	0.01305	0.05984	0.03964	0.52357	0.17205	0.08358	0.01393	0.00750	0.00211	0.00330	0.01232	0.00673	0.00617
33	0.01394	0.01321	0.02231	0.08408	0.08374	0.01371	0.22638	0.06877	0.04841	0.02080	0.06864	0.03843	0.01558	0.04835	0.05486	0.00275	0.08570	0.00709	0.00395	0.07930
34	0.08705	0.18722	0.06304	0.01538	0.06751	0.05961	0.08498	0.10654	0.04684	0.05437	0.04215	0.05760	0.03496	0.00811	0.00630	0.00193	0.02401	0.03976	0.00434	0.00832
35	0.01401	0.00889	0.01099	0.00999	0.01234	0.00884	0.00788	0.08475	0.03742	0.14429	0.18758	0.11196	0.15404	0.04624	0.00912	0.00240	0.04289	0.09298	0.00627	0.00714

[dist]
# distance from previous block
# <min> <max>
0	26

[block]
# block no. 11 follows, 35 sequences, length 29
# corresponding to MSA columns:
# 778-806
name=unknown_L
#
# <colnr> <probs for GDERKNQSTAVLIFYWHMCP>
#	G	D	E	R	K	N	Q	S	T	A	V	L	I	F	Y	W	H	M	C	P
0	0.03669	0.01778	0.24578	0.01494	0.06543	0.01162	0.03144	0.05155	0.01506	0.14902	0.02270	0.05232	0.10739	0.00874	0.00678	0.00198	0.02783	0.03815	0.00464	0.09015
1	0.03999	0.12013	0.02392	0.08644	0.05873	0.03983	0.14649	0.09660	0.05193	0.02059	0.01218	0.01623	0.01018	0.00762	0.00969	0.00210	0.19290	0.02248	0.00362	0.03835
2	0.01903	0.15026	0.07368	0.05100	0.04586	0.18900	0.04256	0.18436	0.01769	0.02188	0.01105	0.01331	0.00894	0.00725	0.00829	0.00192	0.13676	0.00491	0.00375	0.00850
3	0.01774	0.01102	0.01645	0.19600	0.02329	0.01082	0.06808	0.02177	0.06182	0.26591	0.02004	0.11354	0.01609	0.00840	0.00645	0.00196	0.00624	0.00744	0.00533	0.12162
4	0.09686	0.01014	0.01295	0.03700	0.01520	0.00978	0.04311	0.03752	0.07617	0.17043	0.08723	0.15161	0.02314	0.04499	0.00760	0.00217	0.00516	0.03404	0.00560	0.12929
5	0.00847	0.00617	0.00800	0.00841	0.00954	0.00571	0.00613	0.01063	0.01527	0.02085	0.36986	0.32173	0.10836	0.01612	0.00780	0.00229	0.00346	0.05919	0.00641	0.00561
6	0.01496	0.00911	0.01083	0.00983	0.01246	0.00910	0.00759	0.05244	0.15917	0.16627	0.16112	0.14805	0.08405	0.01166	0.00681	0.00209	0.00426	0.02855	0.09389	0.00779
7	0.01919	0.01455	0.02028	0.09799	0.32368	0.04933	0.01489	0.08412	0.10936	0.17712	0.01667	0.01788	0.01229	0.00679	0.00631	0.00195	0.00698	0.00594	0.00484	0.00985
8	0.01698	0.01202	0.01862	0.31949	0.02850	0.01384	0.06002	0.02126	0.06427	0.20572	0.01564	0.01832	0.01137	0.00873	0.02868	0.00241	0.13537	0.00608	0.00442	0.00828
9	0.03759	0.01011	0.01118	0.00931	0.01248	0.01034	0.00746	0.19745	0.01848	0.17752	0.01992	0.02076	0.01452	0.00751	0.00532	0.00170	0.00454	0.00590	0.41974	0.00820
10	0.00785	0.00608	0.00715	0.00763	0.00897	0.00539	0.00544	0.00950	0.01417	0.01822	0.16994	0.33552	0.34742	0.01701	0.00773	0.00229	0.00336	0.01486	0.00608	0.00539
11	0.40078	0.01321	0.01300	0.01200	0.04913	0.01483	0.00912	0.09320	0.22120	0.09127	0.01597	0.01592	0.01181	0.00701	0.00523	0.00201	0.00531	0.00511	0.00521	0.00867
12	0.00852	0.00598	0.00776	0.00825	0.00914	0.00559	0.00578	0.01048	0.01459	0.02037	0.33576	0.39509	0.04774	0.04761	0.00866	0.00242	0.00345	0.01428	0.04302	0.00549
13	0.00857	0.00599	0.00736	0.00791	0.00825	0.00590	0.00503	0.00927	0.01065	0.01420	0.02737	0.31449	0.06252	0.39152	0.08815	0.00500	0.00609	0.01249	0.00466	0.00457
14	0.06543	0.01134	0.01839	0.71208	0.04162	0.01410	0.01691	0.01637	0.01256	0.01702	0.01111	0.01648	0.00835	0.00631	0.00618	0.00210	0.00822	0.00549	0.00289	0.00704
15	0.02370	0.03023	0.01798	0.01634	0.01961	0.75158	0.01226	0.02533	0.01798	0.01553	0.00981	0.01144	0.00817	0.00654	0.00572	0.00163	0.01144	0.00409	0.00327	0.00735
16	0.00846	0.00630	0.00792	0.00824	0.00958	0.00576	0.00614	0.01065	0.01534	0.02056	0.33447	0.24265	0.19952	0.01591	0.00778	0.00227	0.00351	0.08299	0.00634	0.00562
17	0.02485	0.01100	0.01383	0.01084	0.01517	0.01031	0.00888	0.13347	0.01909	0.50669	0.02275	0.02098	0.01505	0.00773	0.00603	0.00187	0.00521	0.00619	0.15012	0.00993
18	0.28202	0.01127	0.01300	0.01035	0.01494	0.01089	0.00854	0.02700	0.01580	0.51387	0.01985	0.01799	0.01288	0.00722	0.00560	0.00196	0.00524	0.00544	0.00660	0.00954
19	0.02084	0.01616	0.01405	0.01207	0.01541	0.25430	0.00938	0.04635	0.01843	0.26090	0.23446	0.02583	0.02642	0.00896	0.00649	0.00186	0.00672	0.00714	0.00602	0.00820
20	0.01696	0.78087	0.03324	0.01085	0.01628	0.02510	0.01085	0.01900	0.01289	0.01493	0.00882	0.01018	0.00814	0.00543	0.00407	0.00136	0.00678	0.00339	0.00271	0.00814
