[name]
unknown

[dist]
# distance from previous block
# <min> <max>
0	201

[block]
# block no. 0 follows, 48 sequences, length 39
# corresponding to MSA columns:
# 201-239
name=unknown_A
#
# <colnr> <probs for GDERKNQSTAVLIFYWHMCP>
#	G	D	E	R	K	N	Q	S	T	A	V	L	I	F	Y	W	H	M	C	P
0	0.00969	0.00912	0.01539	0.80734	0.03534	0.01140	0.01425	0.01311	0.01026	0.01311	0.00912	0.01368	0.00684	0.00513	0.00513	0.00171	0.00684	0.00456	0.00228	0.00570
1	0.00625	0.00447	0.00595	0.00714	0.00744	0.00417	0.00476	0.00714	0.00982	0.01310	0.02828	0.81633	0.03394	0.01608	0.00655	0.00208	0.00298	0.01459	0.00476	0.00417
2	0.01815	0.01101	0.02011	0.01471	0.01922	0.00997	0.34753	0.02118	0.01354	0.44530	0.01584	0.01585	0.01051	0.00545	0.00556	0.00165	0.00628	0.00556	0.00467	0.00792
3	0.00969	0.00912	0.01539	0.80734	0.03534	0.01140	0.01425	0.01311	0.01026	0.01311	0.00912	0.01368	0.00684	0.00513	0.00513	0.00171	0.00684	0.00456	0.00228	0.00570
4	0.00803	0.00491	0.00626	0.00626	0.00628	0.00501	0.00388	0.00728	0.00730	0.00977	0.01384	0.06336	0.01550	0.46690	0.02274	0.31601	0.02432	0.00662	0.00284	0.00290
5	0.85592	0.00992	0.00754	0.00675	0.00992	0.01151	0.00556	0.01508	0.00873	0.02302	0.00714	0.00834	0.00556	0.00476	0.00318	0.00159	0.00397	0.00278	0.00318	0.00556
6	0.00983	0.00909	0.01533	0.69816	0.03241	0.01114	0.04628	0.01316	0.01031	0.01364	0.00963	0.01399	0.00730	0.00525	0.00537	0.00169	0.02779	0.00464	0.05931	0.00569
7	0.01191	0.01107	0.01692	0.16486	0.40323	0.01210	0.01307	0.01762	0.19289	0.01713	0.03918	0.01523	0.01102	0.00566	0.00573	0.00165	0.04504	0.00502	0.00322	0.00745
8	0.01316	0.22003	0.01865	0.06683	0.06205	0.14605	0.01086	0.01472	0.01001	0.01263	0.00737	0.01039	0.00677	0.00667	0.00987	0.00172	0.36995	0.00386	0.00232	0.00607
9	0.01121	0.00823	0.01143	0.21812	0.01739	0.00884	0.02865	0.14734	0.01370	0.07843	0.11726	0.21754	0.04499	0.00946	0.00575	0.00178	0.00473	0.04487	0.00436	0.00593
10	0.01064	0.00912	0.01064	0.00760	0.01216	0.00684	0.00608	0.01292	0.01064	0.01672	0.00912	0.01064	0.00760	0.00380	0.00380	0.00076	0.00380	0.00304	0.00304	0.85104
11	0.00746	0.00500	0.00571	0.00571	0.00575	0.00504	0.00325	0.00754	0.00750	0.01003	0.01606	0.03299	0.01840	0.78570	0.05975	0.00512	0.00536	0.00738	0.00309	0.00317
12	0.00733	0.00550	0.00825	0.00825	0.00916	0.00641	0.00641	0.00916	0.00825	0.01191	0.01374	0.02016	0.01283	0.03848	0.79934	0.00825	0.01374	0.00550	0.00275	0.00458
13	0.00969	0.00912	0.01539	0.80734	0.03534	0.01140	0.01425	0.01311	0.01026	0.01311	0.00912	0.01368	0.00684	0.00513	0.00513	0.00171	0.00684	0.00456	0.00228	0.00570
14	0.00640	0.00525	0.00568	0.00581	0.00740	0.00453	0.00447	0.00788	0.01186	0.01449	0.10244	0.07413	0.62528	0.01304	0.00619	0.00180	0.00283	0.09128	0.00483	0.00441
15	0.00748	0.00559	0.00763	0.07845	0.01015	0.00543	0.00569	0.00999	0.01414	0.01990	0.71521	0.03611	0.04468	0.01001	0.00597	0.00162	0.00282	0.00886	0.00535	0.00492
16	0.01847	0.00827	0.01084	0.00863	0.01187	0.00752	0.00700	0.08392	0.01544	0.51924	0.22579	0.02266	0.02200	0.00745	0.00540	0.00159	0.00395	0.00623	0.00606	0.00768
17	0.01998	0.00820	0.01064	0.00846	0.01187	0.00741	0.00689	0.02288	0.06548	0.60464	0.01967	0.01787	0.01298	0.00633	0.00489	0.00153	0.00400	0.00514	0.15313	0.00800
18	0.01463	0.62747	0.02394	0.00987	0.01370	0.16894	0.00913	0.01619	0.01108	0.01218	0.00727	0.00858	0.00660	0.00480	0.00426	0.00120	0.04853	0.00294	0.00228	0.00641
19	0.02044	0.01131	0.01417	0.01229	0.08384	0.01143	0.00923	0.31553	0.01795	0.40632	0.01587	0.01488	0.01059	0.00618	0.00542	0.00158	0.02407	0.00488	0.00543	0.00860
20	0.01056	0.01031	0.01597	0.64918	0.11765	0.05054	0.01408	0.01374	0.01053	0.01346	0.00902	0.01325	0.00697	0.00523	0.00557	0.00169	0.03944	0.00450	0.00233	0.00598
21	0.01818	0.00898	0.01166	0.01033	0.06434	0.00858	0.00776	0.14050	0.01535	0.42760	0.08665	0.01942	0.01543	0.00734	0.02044	0.00168	0.00448	0.02360	0.09995	0.00772
22	0.01065	0.00908	0.01158	0.05802	0.08291	0.00744	0.00733	0.01277	0.01044	0.01598	0.00915	0.01134	0.00769	0.00490	0.00509	0.05818	0.00423	0.00337	0.00289	0.66696
23	0.00969	0.00912	0.01539	0.80734	0.03534	0.01140	0.01425	0.01311	0.01026	0.01311	0.00912	0.01368	0.00684	0.00513	0.00513	0.00171	0.00684	0.00456	0.00228	0.00570
24	0.01372	0.82276	0.02689	0.00878	0.01317	0.02030	0.00878	0.01536	0.01043	0.01207	0.00713	0.00823	0.00658	0.00439	0.00329	0.00110	0.00549	0.00274	0.00219	0.00658
25	0.85592	0.00992	0.00754	0.00675	0.00992	0.01151	0.00556	0.01508	0.00873	0.02302	0.00714	0.00834	0.00556	0.00476	0.00318	0.00159	0.00397	0.00278	0.00318	0.00556
26	0.01131	0.01078	0.01832	0.38908	0.44092	0.01183	0.01506	0.01453	0.01103	0.01508	0.00941	0.01315	0.00753	0.00483	0.00510	0.00161	0.00644	0.00457	0.00242	0.00701
27	0.00943	0.00821	0.01081	0.00955	0.00991	0.01021	0.00728	0.01020	0.00790	0.01163	0.01115	0.02089	0.01203	0.34603	0.05843	0.00357	0.38290	0.00567	0.00268	0.06151
28	0.00667	0.00516	0.00608	0.00668	0.00761	0.00483	0.00465	0.00858	0.06217	0.01381	0.03516	0.48601	0.27862	0.04027	0.00693	0.00204	0.00299	0.01253	0.00474	0.00445
29	0.01052	0.05043	0.71769	0.01492	0.02224	0.01225	0.06936	0.01623	0.01091	0.01613	0.00922	0.01096	0.00659	0.00482	0.00491	0.00162	0.00759	0.00391	0.00220	0.00751
30	0.00722	0.00766	0.07793	0.11826	0.01254	0.00620	0.00704	0.00941	0.01151	0.01477	0.14420	0.07358	0.41317	0.01267	0.05932	0.00216	0.00438	0.00892	0.00418	0.00490
31	0.00671	0.00484	0.00635	0.00678	0.00753	0.00448	0.00478	0.00832	0.01204	0.01657	0.37809	0.43864	0.05886	0.01342	0.00631	0.00186	0.00271	0.01205	0.00517	0.00448
32	0.85592	0.00992	0.00754	0.00675	0.00992	0.01151	0.00556	0.01508	0.00873	0.02302	0.00714	0.00834	0.00556	0.00476	0.00318	0.00159	0.00397	0.00278	0.00318	0.00556
33	0.01309	0.01119	0.01179	0.01051	0.01347	0.01292	0.00820	0.06370	0.74142	0.02200	0.02046	0.01881	0.01532	0.00692	0.00522	0.00173	0.00414	0.00574	0.00522	0.00815
34	0.00735	0.00541	0.00781	0.00781	0.00857	0.00617	0.00587	0.00888	0.00812	0.01159	0.01415	0.02238	0.01379	0.16811	0.67104	0.00770	0.01229	0.00582	0.00281	0.00434
35	0.01784	0.21833	0.01754	0.01214	0.01521	0.60994	0.00964	0.01924	0.01354	0.01244	0.00774	0.00900	0.00660	0.00507	0.00430	0.00127	0.00834	0.00317	0.00253	0.00610
36	0.01064	0.00912	0.01064	0.00760	0.01216	0.00684	0.00608	0.01292	0.01064	0.01672	0.00912	0.01064	0.00760	0.00380	0.00380	0.00076	0.00380	0.00304	0.00304	0.85104
37	0.00634	0.00509	0.00570	0.00601	0.00735	0.00444	0.00445	0.00771	0.01150	0.01429	0.09976	0.21792	0.51423	0.01357	0.00624	0.00184	0.00281	0.06158	0.00483	0.00436
38	0.01777	0.00865	0.01107	0.00837	0.01241	0.00711	0.00682	0.01981	0.01312	0.47972	0.01836	0.01706	0.05767	0.00588	0.00475	0.00131	0.00407	0.00478	0.00512	0.29615

[dist]
# distance from previous block
# <min> <max>
0	2

[block]
# block no. 1 follows, 48 sequences, length 52
# corresponding to MSA columns:
# 242-293
name=unknown_B
#
# <colnr> <probs for GDERKNQSTAVLIFYWHMCP>
#	G	D	E	R	K	N	Q	S	T	A	V	L	I	F	Y	W	H	M	C	P
0	0.01426	0.04599	0.01758	0.13676	0.31556	0.01246	0.04014	0.15474	0.07351	0.09082	0.01248	0.04135	0.00987	0.00568	0.00513	0.00159	0.00577	0.00505	0.00360	0.00769
1	0.04392	0.57635	0.02323	0.00989	0.01382	0.10875	0.02601	0.05260	0.01157	0.04235	0.00801	0.00916	0.00692	0.00488	0.00431	0.00125	0.04462	0.00315	0.00259	0.00662
2	0.82031	0.01054	0.00784	0.00702	0.01018	0.04502	0.00574	0.01531	0.00898	0.02258	0.00718	0.00837	0.00560	0.00479	0.00324	0.00158	0.00419	0.00280	0.00315	0.00557
3	0.00773	0.00608	0.00826	0.00772	0.00918	0.00584	0.04716	0.01066	0.06542	0.01759	0.39485	0.11440	0.14156	0.04572	0.03384	0.00212	0.00363	0.06834	0.00496	0.00495
4	0.01270	0.01219	0.02083	0.03149	0.78767	0.01219	0.01575	0.01575	0.01168	0.01676	0.00965	0.01270	0.00813	0.00457	0.00508	0.00152	0.00610	0.00457	0.00254	0.00813
5	0.01029	0.02654	0.79309	0.01462	0.02221	0.01192	0.01896	0.01625	0.01083	0.01625	0.00921	0.01083	0.00650	0.00487	0.00487	0.00162	0.00758	0.00379	0.00217	0.00758
6	0.00664	0.00495	0.00617	0.00643	0.00743	0.00449	0.00461	0.00827	0.01222	0.01643	0.35387	0.32185	0.20173	0.01305	0.00623	0.00181	0.00266	0.01153	0.00514	0.00449
7	0.00997	0.00929	0.01505	0.73500	0.03334	0.01152	0.01369	0.01439	0.07999	0.01387	0.01019	0.01418	0.00764	0.00530	0.00514	0.00171	0.00659	0.00467	0.00255	0.00592
8	0.00736	0.00497	0.00636	0.00673	0.00751	0.00459	0.00466	0.00864	0.01120	0.04796	0.23404	0.42901	0.09225	0.10000	0.00841	0.00222	0.00307	0.01170	0.00489	0.00444
9	0.01601	0.08856	0.01746	0.04694	0.23041	0.43113	0.01168	0.01790	0.01278	0.01369	0.00830	0.01042	0.00705	0.00526	0.00549	0.00144	0.06262	0.00373	0.00254	0.00658
10	0.03041	0.01403	0.09979	0.05005	0.01481	0.14323	0.00933	0.19339	0.10002	0.04874	0.14580	0.05426	0.05937	0.00743	0.00526	0.00159	0.00545	0.00598	0.00430	0.00675
11	0.01267	0.46843	0.17524	0.01347	0.06402	0.01673	0.14149	0.01571	0.01087	0.01398	0.00827	0.01000	0.00688	0.00447	0.00419	0.00133	0.00645	0.00363	0.00229	0.01987
12	0.01063	0.00923	0.01542	0.72511	0.06699	0.01120	0.01391	0.01394	0.01059	0.06027	0.00982	0.01387	0.00725	0.00518	0.00513	0.00169	0.00666	0.00460	0.00254	0.00599
13	0.00792	0.00527	0.00632	0.00619	0.00757	0.00474	0.00459	0.00974	0.01256	0.06378	0.32337	0.16503	0.25804	0.01144	0.00584	0.00168	0.00268	0.00991	0.08851	0.00481
14	0.01147	0.01161	0.04523	0.30861	0.44086	0.01203	0.04270	0.01474	0.01105	0.01529	0.00939	0.01299	0.00756	0.00490	0.00548	0.00162	0.03034	0.00459	0.00243	0.00712
15	0.00733	0.00550	0.00825	0.00825	0.00916	0.00641	0.00641	0.00916	0.00825	0.01191	0.01374	0.02016	0.01283	0.03848	0.79934	0.00825	0.01374	0.00550	0.00275	0.00458
16	0.00891	0.00446	0.00668	0.00668	0.00668	0.00446	0.00446	0.00668	0.00668	0.00891	0.00891	0.01560	0.00891	0.01783	0.02005	0.85071	0.00446	0.00446	0.00223	0.00223
17	0.00666	0.00488	0.00635	0.00734	0.00804	0.00456	0.00537	0.00794	0.01058	0.01381	0.04617	0.54113	0.13465	0.01516	0.00658	0.00208	0.00328	0.16633	0.00477	0.00432
18	0.10858	0.01352	0.01490	0.01147	0.01551	0.01480	0.03792	0.61418	0.02143	0.07890	0.01220	0.01228	0.00860	0.00595	0.00496	0.00156	0.00550	0.00451	0.00491	0.00832
19	0.00799	0.00671	0.05426	0.00689	0.00855	0.00559	0.00566	0.01112	0.04558	0.02016	0.60208	0.03326	0.03974	0.00939	0.00561	0.00156	0.00280	0.00819	0.11973	0.00514
20	0.85592	0.00992	0.00754	0.00675	0.00992	0.01151	0.00556	0.01508	0.00873	0.02302	0.00714	0.00834	0.00556	0.00476	0.00318	0.00159	0.00397	0.00278	0.00318	0.00556
21	0.02302	0.00873	0.01191	0.00913	0.01310	0.00754	0.00754	0.02501	0.01469	0.79122	0.02024	0.01746	0.01270	0.00635	0.00516	0.00159	0.00437	0.00516	0.00635	0.00873
22	0.01168	0.01375	0.05461	0.02040	0.02546	0.01242	0.69740	0.01588	0.01204	0.01627	0.01285	0.01589	0.05472	0.00487	0.00602	0.00173	0.00825	0.00627	0.00271	0.00679
23	0.01064	0.00912	0.01064	0.00760	0.01216	0.00684	0.00608	0.01292	0.01064	0.01672	0.00912	0.01064	0.00760	0.00380	0.00380	0.00076	0.00380	0.00304	0.00304	0.85104
24	0.01847	0.01386	0.01482	0.01160	0.01552	0.01543	0.00950	0.65695	0.13941	0.03068	0.01363	0.01336	0.00979	0.00628	0.00515	0.00157	0.00540	0.00480	0.00515	0.00863
25	0.01352	0.57328	0.14523	0.01107	0.04361	0.01805	0.02759	0.07199	0.02781	0.01470	0.00830	0.00946	0.00701	0.00466	0.00384	0.00126	0.00589	0.00325	0.00249	0.00700
26	0.01006	0.00926	0.01464	0.63300	0.05849	0.01124	0.01300	0.01483	0.10886	0.01472	0.05326	0.01570	0.01030	0.00564	0.00519	0.00170	0.00621	0.00498	0.00285	0.00605
27	0.00730	0.00527	0.00691	0.00656	0.00777	0.00488	0.00496	0.00972	0.01443	0.02040	0.75877	0.03900	0.04776	0.01062	0.00609	0.00164	0.00250	0.03499	0.00562	0.00484
28	0.07250	0.00995	0.01325	0.04508	0.01502	0.00960	0.04986	0.12310	0.04774	0.53283	0.01737	0.01592	0.01133	0.00609	0.00508	0.00160	0.00484	0.00499	0.00556	0.00828
29	0.00912	0.00643	0.00953	0.08786	0.04320	0.00740	0.00698	0.00899	0.00799	0.01106	0.04284	0.01783	0.01138	0.09527	0.09604	0.40148	0.12522	0.00508	0.00253	0.00375
30	0.00625	0.00459	0.00588	0.00686	0.00738	0.00421	0.00465	0.00724	0.01020	0.01340	0.05187	0.69123	0.13640	0.01551	0.00647	0.00202	0.00291	0.01393	0.00479	0.00421
31	0.00655	0.00462	0.00600	0.00699	0.00728	0.00438	0.00465	0.00736	0.00952	0.01268	0.02621	0.65122	0.03119	0.14967	0.00983	0.00258	0.00339	0.04738	0.00449	0.00402
32	0.78219	0.00990	0.00787	0.00698	0.01006	0.01142	0.00570	0.04949	0.00936	0.02286	0.00746	0.00882	0.00584	0.00537	0.00397	0.03692	0.00407	0.00293	0.00323	0.00556
33	0.01018	0.01065	0.06391	0.08598	0.28349	0.00971	0.14763	0.01307	0.01121	0.01540	0.02631	0.20185	0.04028	0.00812	0.00574	0.00177	0.00575	0.04930	0.00325	0.00641
34	0.01480	0.00700	0.00900	0.00764	0.00973	0.00656	0.00569	0.03574	0.01146	0.36723	0.01919	0.02491	0.04769	0.30986	0.09743	0.00355	0.00555	0.00627	0.00467	0.00603
35	0.51775	0.01587	0.03903	0.00941	0.01255	0.30051	0.00765	0.01711	0.01094	0.01893	0.00751	0.00876	0.00598	0.00496	0.00377	0.00149	0.00604	0.00301	0.00294	0.00578
36	0.00663	0.00501	0.00613	0.00630	0.00739	0.00450	0.00455	0.00829	0.01236	0.01651	0.35823	0.26556	0.25423	0.01281	0.00620	0.00178	0.00263	0.01125	0.00514	0.00450
37	0.00808	0.00523	0.00680	0.00751	0.00828	0.00498	0.00520	0.00989	0.05666	0.08010	0.02715	0.69990	0.03102	0.01469	0.00635	0.00202	0.00316	0.01325	0.00493	0.00480
38	0.01064	0.00912	0.01064	0.00760	0.01216	0.00684	0.00608	0.01292	0.01064	0.01672	0.00912	0.01064	0.00760	0.00380	0.00380	0.00076	0.00380	0.00304	0.00304	0.85104
39	0.00921	0.00958	0.09390	0.05745	0.04004	0.00711	0.00826	0.01178	0.01109	0.01578	0.05244	0.09080	0.09977	0.00807	0.00516	0.00146	0.00437	0.13087	0.00361	0.33927
40	0.01140	0.00937	0.01251	0.01155	0.11307	0.00823	0.03546	0.01413	0.03939	0.06855	0.03964	0.03526	0.05730	0.00558	0.00519	0.00119	0.04849	0.00464	0.00345	0.47559
41	0.01014	0.00855	0.01008	0.00743	0.01150	0.00655	0.00590	0.01244	0.01121	0.01729	0.12318	0.01471	0.01360	0.00478	0.00413	0.00089	0.00360	0.00396	0.00342	0.72664
42	0.01289	0.01160	0.01435	0.13557	0.01796	0.06569	0.08391	0.09151	0.20194	0.01924	0.08728	0.09064	0.04896	0.00830	0.00653	0.00190	0.04982	0.00681	0.00439	0.04071
43	0.01060	0.00927	0.01486	0.47791	0.14332	0.01053	0.01254	0.01355	0.01076	0.04664	0.03924	0.04557	0.01038	0.00595	0.00564	0.00164	0.04018	0.02086	0.00282	0.07774
44	0.00928	0.01068	0.12012	0.05501	0.01560	0.00844	0.16925	0.01239	0.03140	0.01508	0.10004	0.02417	0.07117	0.15323	0.07754	0.00277	0.00638	0.03379	0.00330	0.08034
45	0.01254	0.01013	0.01322	0.01154	0.04279	0.04075	0.08310	0.17245	0.07784	0.05572	0.01476	0.01899	0.02897	0.04339	0.23903	0.00365	0.01931	0.03964	0.00376	0.06843
46	0.02861	0.02610	0.01225	0.15703	0.01667	0.01072	0.02749	0.03644	0.34231	0.06498	0.06130	0.03347	0.01481	0.05829	0.00641	0.00182	0.00469	0.00560	0.00425	0.08677
47	0.01257	0.01414	0.08767	0.02062	0.30391	0.08630	0.15975	0.04426	0.07729	0.01692	0.01340	0.05152	0.04482	0.00576	0.00529	0.00158	0.00645	0.00546	0.00307	0.03923
48	0.01347	0.01371	0.07580	0.13690	0.38103	0.05422	0.01389	0.13900	0.05402	0.01857	0.01036	0.01274	0.00818	0.00529	0.00556	0.00159	0.04052	0.00451	0.00303	0.00761
49	0.05208	0.01184	0.01368	0.01125	0.01402	0.09807	0.07736	0.19607	0.01487	0.13027	0.04499	0.01997	0.05900	0.00747	0.00678	0.00170	0.11157	0.06763	0.05465	0.00672
50	0.00852	0.00719	0.01021	0.05348	0.07118	0.00696	0.06361	0.03697	0.04901	0.01637	0.17722	0.20019	0.19572	0.04003	0.00661	0.00184	0.00391	0.00927	0.00438	0.03732
51	0.01271	0.01043	0.01239	0.04087	0.07973	0.02900	0.00798	0.16150	0.03018	0.03743	0.08826	0.01434	0.01220	0.00521	0.00453	0.00115	0.00449	0.00428	0.00375	0.43956

[dist]
# distance from previous block
# <min> <max>
5	166

# created by:
# /home/berkeley/.conda/envs/busco_data_prod/bin/msa2prfl.pl pipeline/OGs_align_augustus/33634/152998.fs
