[name]
unknown

[dist]
# distance from previous block
# <min> <max>
0	54

[block]
# block no. 0 follows, 41 sequences, length 11
# corresponding to MSA columns:
# 54-64
name=unknown_A
#
# <colnr> <probs for GDERKNQSTAVLIFYWHMCP>
#	G	D	E	R	K	N	Q	S	T	A	V	L	I	F	Y	W	H	M	C	P
0	0.00936	0.00743	0.00923	0.00839	0.01078	0.00652	0.02113	0.03453	0.01321	0.01807	0.13865	0.14317	0.17516	0.04439	0.00729	0.00196	0.00401	0.12930	0.00486	0.21258
1	0.26651	0.01108	0.01133	0.00986	0.01317	0.01219	0.00783	0.11066	0.23791	0.12827	0.04471	0.09159	0.01590	0.00793	0.00528	0.00187	0.00458	0.00626	0.00526	0.00781
2	0.08227	0.01951	0.01445	0.01250	0.01587	0.38527	0.00971	0.17864	0.05506	0.07434	0.01627	0.01649	0.08117	0.00707	0.00539	0.00164	0.00760	0.00505	0.00426	0.00744
3	0.01325	0.01254	0.02025	0.12324	0.50004	0.01281	0.01527	0.01641	0.01234	0.01782	0.01036	0.01381	0.00868	0.00539	0.00638	0.00165	0.06255	0.00482	0.00286	0.13954
4	0.01130	0.00952	0.01123	0.00828	0.01281	0.00729	0.00657	0.01386	0.01251	0.01928	0.12226	0.01647	0.01527	0.00535	0.00461	0.00099	0.00401	0.00443	0.00382	0.71014
5	0.01740	0.01386	0.01472	0.01228	0.01608	0.01571	0.00982	0.33126	0.44694	0.02904	0.01926	0.01813	0.01420	0.00738	0.00578	0.00185	0.00527	0.00591	0.00578	0.00934
6	0.00832	0.00630	0.00825	0.00861	0.00900	0.00674	0.00615	0.00941	0.01070	0.01460	0.08820	0.37330	0.03073	0.20880	0.01413	0.00313	0.10287	0.08150	0.00458	0.00468
7	0.00742	0.00568	0.00680	0.00682	0.00821	0.00506	0.00500	0.00937	0.01415	0.01879	0.38028	0.17677	0.30741	0.01378	0.00685	0.00194	0.00288	0.01199	0.00577	0.00506
8	0.01465	0.08556	0.20339	0.01858	0.13180	0.01400	0.17371	0.08484	0.06968	0.07724	0.05973	0.01620	0.01228	0.00602	0.00576	0.00177	0.00714	0.00556	0.00374	0.00835
9	0.01048	0.03529	0.01240	0.05196	0.07728	0.00901	0.03857	0.01203	0.04829	0.01477	0.08268	0.02292	0.08641	0.01631	0.10021	0.27253	0.07721	0.00637	0.02011	0.00516
10	0.11565	0.10628	0.23236	0.01694	0.17134	0.07887	0.01381	0.03875	0.03818	0.03219	0.01079	0.01323	0.00870	0.03841	0.00596	0.00178	0.00685	0.00434	0.00309	0.06247

[dist]
# distance from previous block
# <min> <max>
0	2

[block]
# block no. 1 follows, 41 sequences, length 36
# corresponding to MSA columns:
# 70-105
name=unknown_B
#
# <colnr> <probs for GDERKNQSTAVLIFYWHMCP>
#	G	D	E	R	K	N	Q	S	T	A	V	L	I	F	Y	W	H	M	C	P
0	0.17842	0.01392	0.03055	0.03709	0.13516	0.07349	0.06233	0.07071	0.01248	0.01972	0.00948	0.01223	0.00787	0.00634	0.00807	0.00178	0.18537	0.00442	0.00319	0.12737
1	0.00775	0.00551	0.00739	0.00862	0.00922	0.00530	0.00636	0.00917	0.01143	0.01510	0.03014	0.51660	0.03507	0.07557	0.00911	0.00266	0.00408	0.23102	0.00516	0.00475
2	0.01465	0.01230	0.01776	0.42416	0.08600	0.01417	0.03774	0.23033	0.04132	0.03259	0.01208	0.01540	0.00906	0.02063	0.00618	0.00190	0.00705	0.00527	0.00371	0.00769
3	0.00815	0.00557	0.00619	0.00619	0.00640	0.00547	0.00356	0.00831	0.00883	0.01156	0.02233	0.03933	0.10062	0.71437	0.02670	0.00516	0.00526	0.00872	0.00366	0.00361
4	0.00737	0.00529	0.00699	0.00769	0.00838	0.00491	0.00534	0.00897	0.01281	0.01755	0.28952	0.52884	0.04354	0.01572	0.00710	0.00214	0.00310	0.01417	0.00566	0.00491
5	0.00677	0.00574	0.00585	0.00594	0.00776	0.00482	0.00441	0.00819	0.01290	0.01540	0.05622	0.10323	0.71391	0.01471	0.00680	0.00196	0.00292	0.01234	0.00531	0.00482
6	0.01027	0.00790	0.00988	0.01051	0.01221	0.00837	0.00869	0.01629	0.20911	0.01861	0.02858	0.14365	0.02943	0.01393	0.00727	0.00241	0.00483	0.44644	0.00542	0.00619
7	0.10748	0.71389	0.02756	0.00953	0.01428	0.02154	0.00939	0.01709	0.01141	0.01482	0.00795	0.00919	0.00721	0.00494	0.00366	0.00128	0.00593	0.00306	0.00257	0.00721
8	0.02242	0.01067	0.01344	0.01073	0.01474	0.01023	0.00891	0.18891	0.01826	0.49135	0.02128	0.02326	0.01526	0.00799	0.00593	0.00184	0.00516	0.08604	0.03448	0.00908
9	0.01186	0.01017	0.01186	0.00847	0.01356	0.00762	0.00678	0.01440	0.01186	0.01864	0.01017	0.01186	0.00847	0.00424	0.00424	0.00085	0.00424	0.00339	0.00339	0.83395
10	0.01495	0.01561	0.01706	0.28633	0.15178	0.20612	0.01342	0.03262	0.16995	0.01748	0.01276	0.01508	0.00992	0.00611	0.00559	0.00177	0.00749	0.00503	0.00344	0.00751
11	0.01667	0.47243	0.02602	0.01303	0.04135	0.13558	0.08677	0.05756	0.01360	0.04790	0.00957	0.01094	0.00800	0.00522	0.00450	0.00139	0.00704	0.00385	0.00299	0.03557
12	0.05279	0.03473	0.03973	0.04694	0.01657	0.05519	0.05397	0.24647	0.08588	0.13818	0.01569	0.01808	0.01210	0.09519	0.00811	0.00215	0.00607	0.00557	0.05863	0.00797
13	0.02026	0.02752	0.10046	0.01491	0.01847	0.69069	0.01218	0.02231	0.01575	0.01446	0.00900	0.01051	0.00735	0.00584	0.00519	0.00151	0.01011	0.00374	0.00289	0.00683
14	0.00725	0.00525	0.00690	0.00804	0.00865	0.00490	0.00566	0.00853	0.01158	0.01532	0.06653	0.62695	0.09201	0.01715	0.00730	0.00230	0.00347	0.09209	0.00535	0.00476
15	0.01333	0.01462	0.13122	0.01340	0.01641	0.01408	0.03176	0.14334	0.01302	0.01896	0.01066	0.01455	0.00918	0.03727	0.09471	0.00286	0.30272	0.00499	0.00327	0.10964
16	0.01144	0.01059	0.09488	0.01016	0.01252	0.00912	0.00860	0.14488	0.01428	0.05321	0.03914	0.35539	0.09558	0.03480	0.02523	0.00234	0.05589	0.01072	0.00488	0.00635
17	0.00866	0.00675	0.00976	0.00949	0.01029	0.00809	0.00732	0.01038	0.00905	0.01309	0.01478	0.02307	0.01429	0.12394	0.61102	0.00806	0.09762	0.00625	0.00305	0.00505
18	0.00749	0.00816	0.09169	0.00789	0.00991	0.00576	0.00667	0.00947	0.01247	0.01614	0.10824	0.31765	0.34864	0.01446	0.00681	0.00205	0.00365	0.01255	0.00508	0.00522
19	0.01332	0.01277	0.02145	0.20996	0.45587	0.01351	0.07035	0.01830	0.09249	0.01826	0.01203	0.01529	0.00960	0.00551	0.00577	0.00179	0.00696	0.00536	0.00309	0.00832
20	0.01103	0.10841	0.54729	0.01388	0.02056	0.01269	0.01689	0.01613	0.01197	0.01702	0.01595	0.10258	0.06693	0.00745	0.00555	0.00181	0.00721	0.00603	0.00296	0.00764
21	0.00911	0.00572	0.00754	0.00807	0.00893	0.00564	0.00581	0.01054	0.01101	0.06384	0.02535	0.38541	0.02776	0.11668	0.13066	0.00370	0.00570	0.07843	0.08505	0.00503
22	0.07458	0.01207	0.01961	0.11804	0.54088	0.01247	0.01519	0.01612	0.01237	0.01829	0.01272	0.09816	0.01178	0.00657	0.00569	0.00180	0.00634	0.00615	0.00312	0.00805
23	0.01574	0.01269	0.02086	0.13975	0.43156	0.01308	0.05675	0.05842	0.01394	0.13363	0.01257	0.01512	0.00959	0.00575	0.00622	0.00178	0.03503	0.00529	0.00359	0.00862
24	0.01100	0.01043	0.01517	0.09638	0.01682	0.03827	0.05685	0.01309	0.00988	0.01406	0.01159	0.01799	0.01078	0.02135	0.29482	0.00483	0.32299	0.02495	0.00283	0.00592
25	0.01889	0.02227	0.01932	0.01801	0.09939	0.48123	0.10254	0.07176	0.01565	0.01657	0.00962	0.01179	0.00789	0.00610	0.00661	0.00166	0.07598	0.00443	0.00309	0.00721
26	0.00810	0.00585	0.00765	0.00720	0.00855	0.00540	0.00540	0.01079	0.01619	0.02294	0.76028	0.04273	0.05397	0.01169	0.00675	0.00180	0.00270	0.01034	0.00630	0.00540
27	0.01413	0.01216	0.01449	0.01549	0.15097	0.01343	0.01030	0.08864	0.47427	0.02344	0.05399	0.02247	0.06521	0.00780	0.00588	0.00187	0.00491	0.00663	0.00525	0.00868
28	0.01504	0.48425	0.03716	0.01053	0.01426	0.02942	0.00980	0.04129	0.01244	0.06447	0.06569	0.01361	0.01168	0.00649	0.00649	0.00153	0.12573	0.00427	0.03865	0.00719
29	0.00746	0.00548	0.00679	0.00714	0.00821	0.00498	0.00510	0.00924	0.01335	0.01807	0.30481	0.33699	0.19466	0.01453	0.00687	0.00201	0.00298	0.01284	0.03350	0.00498
30	0.00999	0.00627	0.00825	0.00752	0.00920	0.00572	0.00572	0.01264	0.01621	0.10321	0.68072	0.04022	0.04968	0.01120	0.00664	0.00180	0.00293	0.00985	0.00638	0.00586
31	0.01080	0.01017	0.01716	0.78523	0.03940	0.01271	0.01589	0.01461	0.01144	0.01461	0.01017	0.01525	0.00762	0.00572	0.00572	0.00191	0.00762	0.00508	0.00254	0.00635
32	0.01658	0.00855	0.01075	0.00906	0.01210	0.00804	0.00718	0.02107	0.13192	0.34627	0.25682	0.03041	0.09780	0.00933	0.00617	0.00182	0.00395	0.00790	0.00647	0.00781
33	0.01268	0.00728	0.00749	0.00676	0.00868	0.00760	0.00525	0.14671	0.01471	0.02401	0.01776	0.01994	0.01376	0.00670	0.00431	0.00140	0.00333	0.00530	0.68018	0.00613
34	0.01326	0.12061	0.60294	0.01499	0.02261	0.01422	0.01855	0.04328	0.01282	0.06977	0.01095	0.01229	0.00782	0.00553	0.00525	0.00173	0.00785	0.00422	0.00285	0.00845
35	0.01149	0.01146	0.09574	0.00916	0.01376	0.00795	0.00816	0.02805	0.01318	0.03991	0.16085	0.01943	0.03796	0.00626	0.00501	0.00121	0.00442	0.00520	0.00405	0.51674

[dist]
# distance from previous block
# <min> <max>
0	1

[block]
# block no. 2 follows, 41 sequences, length 44
# corresponding to MSA columns:
# 107-150
name=unknown_C
#
# <colnr> <probs for GDERKNQSTAVLIFYWHMCP>
#	G	D	E	R	K	N	Q	S	T	A	V	L	I	F	Y	W	H	M	C	P
0	0.01406	0.01251	0.01465	0.01271	0.01589	0.01447	0.05839	0.02843	0.65180	0.02285	0.02140	0.02033	0.01618	0.00772	0.00678	0.00198	0.05930	0.00638	0.00539	0.00877
1	0.00817	0.00613	0.00919	0.00919	0.01021	0.00715	0.00715	0.01021	0.00919	0.01328	0.01532	0.02247	0.01430	0.04290	0.77631	0.00919	0.01532	0.00613	0.00306	0.00511
2	0.03003	0.08152	0.06582	0.02800	0.01677	0.05088	0.01058	0.34513	0.09758	0.06036	0.03662	0.05516	0.01280	0.00729	0.00593	0.00171	0.03092	0.00561	0.00484	0.05244
3	0.03791	0.16450	0.01761	0.14239	0.04192	0.01456	0.01048	0.16738	0.11082	0.13631	0.01513	0.05067	0.01180	0.00676	0.00528	0.00168	0.00574	0.00539	0.01736	0.03631
4	0.03619	0.03869	0.31497	0.01402	0.01988	0.04383	0.04456	0.20316	0.08284	0.09740	0.01504	0.01546	0.03522	0.00645	0.00558	0.00178	0.00698	0.00511	0.00419	0.00865
5	0.02686	0.08790	0.26260	0.04773	0.01834	0.03488	0.01281	0.11738	0.10835	0.07451	0.01417	0.01749	0.01140	0.11500	0.02443	0.00241	0.00689	0.00525	0.00384	0.00777
6	0.00766	0.00551	0.00728	0.00764	0.00856	0.00512	0.00550	0.00965	0.01389	0.01924	0.42878	0.35886	0.04645	0.01445	0.00702	0.00205	0.00305	0.03838	0.00585	0.00508
7	0.01282	0.02256	0.42288	0.01975	0.18984	0.06151	0.03449	0.01902	0.08463	0.01854	0.02765	0.03807	0.01059	0.00611	0.00562	0.00180	0.00757	0.00516	0.00305	0.00834
8	0.02095	0.01268	0.01433	0.07754	0.01733	0.07784	0.00971	0.20712	0.06141	0.35159	0.01878	0.07508	0.01385	0.00766	0.00581	0.00179	0.00580	0.00619	0.00578	0.00875
9	0.02178	0.00986	0.04678	0.01017	0.01409	0.00804	0.00860	0.02405	0.01530	0.59922	0.02355	0.12679	0.01785	0.00884	0.00604	0.00188	0.00484	0.03697	0.00655	0.00880
10	0.72784	0.01327	0.00947	0.00851	0.01196	0.11690	0.00686	0.01764	0.01062	0.02407	0.00808	0.00943	0.00635	0.00539	0.00376	0.00173	0.00523	0.00318	0.00346	0.00625
11	0.00716	0.00581	0.00613	0.00618	0.00779	0.00504	0.00454	0.00854	0.01258	0.01533	0.08457	0.05269	0.59189	0.11635	0.00973	0.00243	0.00336	0.05006	0.00512	0.00470
12	0.03471	0.01627	0.16808	0.15624	0.16044	0.05036	0.10530	0.01796	0.05337	0.05070	0.04567	0.01556	0.01083	0.00630	0.00701	0.00188	0.08306	0.00534	0.00321	0.00769
13	0.06427	0.00658	0.00798	0.00792	0.00926	0.00647	0.00580	0.06106	0.01454	0.02092	0.38582	0.31963	0.04167	0.01326	0.00667	0.00199	0.00330	0.01171	0.00570	0.00547
14	0.01193	0.01224	0.04907	0.01401	0.01451	0.01550	0.01183	0.02530	0.00938	0.01427	0.01026	0.08828	0.01065	0.01138	0.02911	0.03090	0.62638	0.00608	0.00283	0.00611
15	0.01147	0.11818	0.57763	0.01429	0.02135	0.01332	0.01764	0.01700	0.01258	0.01822	0.11226	0.01591	0.01363	0.00622	0.00540	0.00174	0.00739	0.00492	0.00295	0.00790
16	0.00823	0.00582	0.00782	0.00896	0.00972	0.00570	0.00693	0.00987	0.01165	0.01533	0.02909	0.34174	0.03315	0.12341	0.01056	0.00291	0.00456	0.35472	0.00504	0.00478
17	0.04975	0.01982	0.39716	0.01390	0.02004	0.01115	0.07709	0.01889	0.01350	0.16707	0.11497	0.01788	0.01510	0.00652	0.00567	0.00178	0.00676	0.00550	0.00398	0.03346
18	0.00825	0.00582	0.00761	0.00761	0.00808	0.00629	0.00517	0.00920	0.00872	0.01210	0.01677	0.03050	0.01779	0.44886	0.37512	0.00723	0.01007	0.00730	0.00328	0.00423
19	0.01505	0.16689	0.05977	0.01061	0.04399	0.01146	0.00896	0.01807	0.03454	0.14661	0.01228	0.01303	0.00945	0.00506	0.00456	0.00120	0.00507	0.00394	0.00383	0.42564
20	0.01529	0.80242	0.02997	0.00979	0.01468	0.02263	0.00979	0.01713	0.01162	0.01346	0.00795	0.00918	0.00734	0.00489	0.00367	0.00122	0.00612	0.00306	0.00245	0.00734
21	0.83938	0.01106	0.00841	0.00752	0.01106	0.01283	0.00619	0.01681	0.00973	0.02566	0.00796	0.00929	0.00619	0.00531	0.00354	0.00177	0.00442	0.00310	0.00354	0.00619
22	0.05883	0.06732	0.27577	0.01406	0.01923	0.01512	0.04606	0.15027	0.13506	0.05302	0.01300	0.01406	0.00968	0.00659	0.00693	0.00186	0.09602	0.00489	0.00385	0.00836
23	0.01690	0.01185	0.01342	0.01037	0.01463	0.01145	0.00838	0.31235	0.01856	0.11735	0.01789	0.06899	0.06389	0.00728	0.00541	0.00149	0.00500	0.00586	0.00505	0.28387
24	0.01186	0.01017	0.01186	0.00847	0.01356	0.00762	0.00678	0.01440	0.01186	0.01864	0.01017	0.01186	0.00847	0.00424	0.00424	0.00085	0.00424	0.00339	0.00339	0.83395
25	0.03406	0.17459	0.01671	0.00978	0.01467	0.01312	0.00831	0.17961	0.01515	0.02166	0.01046	0.01167	0.00847	0.00499	0.00444	0.00114	0.00509	0.00371	0.00372	0.45864
26	0.02666	0.11288	0.15346	0.03434	0.06982	0.01223	0.11089	0.03047	0.02441	0.14252	0.08532	0.01669	0.01364	0.00602	0.00539	0.00159	0.00622	0.00525	0.00394	0.13827
27	0.01404	0.21697	0.41367	0.05034	0.05971	0.04291	0.01644	0.05900	0.01314	0.04880	0.01037	0.01195	0.00781	0.00546	0.00504	0.00165	0.00755	0.00412	0.00285	0.00817
28	0.00762	0.00604	0.00717	0.00693	0.00843	0.00558	0.00521	0.00962	0.01423	0.01884	0.38284	0.08862	0.36092	0.01320	0.00725	0.00191	0.03358	0.01122	0.00566	0.00514
29	0.00727	0.00574	0.00686	0.03906	0.00932	0.00522	0.00528	0.00887	0.01281	0.01641	0.17392	0.26764	0.37222	0.03376	0.00742	0.00211	0.00325	0.01261	0.00533	0.00491
30	0.03708	0.34369	0.05754	0.01510	0.06983	0.18784	0.11959	0.01892	0.03957	0.01570	0.01041	0.01344	0.00899	0.00568	0.00491	0.00154	0.00760	0.03231	0.00291	0.00736
31	0.01477	0.01361	0.04433	0.18649	0.18301	0.01350	0.24308	0.08406	0.04332	0.08475	0.01297	0.01624	0.00979	0.00576	0.00606	0.00185	0.00759	0.01715	0.00356	0.00810
32	0.00966	0.00507	0.00724	0.00724	0.00724	0.00507	0.00471	0.00760	0.00760	0.01013	0.01133	0.02084	0.01180	0.15397	0.02352	0.69106	0.00507	0.00554	0.00265	0.00265
33	0.00724	0.00516	0.00687	0.00803	0.00849	0.00486	0.00552	0.00843	0.01138	0.01524	0.08160	0.66994	0.03808	0.04224	0.00800	0.00241	0.00348	0.06302	0.00532	0.00470
34	0.04951	0.49160	0.08160	0.01228	0.06994	0.03985	0.01084	0.03539	0.01258	0.07083	0.03136	0.03489	0.01018	0.00588	0.00469	0.00146	0.02221	0.00420	0.00314	0.00756
35	0.00708	0.00506	0.00674	0.00789	0.00832	0.00472	0.00532	0.00824	0.01147	0.01543	0.10362	0.72080	0.03943	0.01730	0.00725	0.00227	0.00326	0.01568	0.00541	0.00472
36	0.00868	0.00573	0.00712	0.00677	0.00812	0.00538	0.00508	0.01137	0.01524	0.02257	0.59260	0.03789	0.04508	0.01056	0.00612	0.00169	0.00269	0.00921	0.19270	0.00538
37	0.01389	0.16477	0.38098	0.05049	0.09475	0.05017	0.03469	0.05793	0.02545	0.03621	0.01048	0.01234	0.00798	0.00562	0.00561	0.00170	0.03161	0.00432	0.00286	0.00816
38	0.03693	0.20243	0.13297	0.04508	0.01888	0.02805	0.07857	0.14515	0.14306	0.06571	0.01495	0.01552	0.03561	0.00632	0.00528	0.00169	0.00645	0.00508	0.00404	0.00822
39	0.01226	0.00935	0.01218	0.25656	0.02034	0.01073	0.00982	0.01953	0.24704	0.05387	0.06153	0.02063	0.01560	0.00862	0.03935	0.00210	0.00550	0.00596	0.18201	0.00703
40	0.00832	0.00562	0.00659	0.00679	0.00695	0.00562	0.00417	0.00865	0.00893	0.01189	0.01990	0.08528	0.02280	0.66659	0.03975	0.00515	0.00557	0.07397	0.00373	0.00373
41	0.12519	0.01087	0.01504	0.01930	0.31518	0.01146	0.01096	0.07772	0.01265	0.01910	0.01709	0.04611	0.08660	0.12553	0.03987	0.00266	0.04766	0.00639	0.00359	0.00703
42	0.16130	0.24010	0.06144	0.01397	0.11606	0.05561	0.04414	0.01801	0.06991	0.01867	0.03326	0.01273	0.00980	0.00542	0.00457	0.00149	0.00594	0.00414	0.00325	0.12020
43	0.11949	0.05556	0.13820	0.01377	0.03577	0.31054	0.03329	0.06274	0.03996	0.08768	0.01115	0.01215	0.00844	0.00581	0.00507	0.00160	0.00780	0.00415	0.00357	0.04327

[dist]
# distance from previous block
# <min> <max>
0	51

[block]
# block no. 3 follows, 41 sequences, length 30
# corresponding to MSA columns:
# 202-231
name=unknown_D
#
# <colnr> <probs for GDERKNQSTAVLIFYWHMCP>
#	G	D	E	R	K	N	Q	S	T	A	V	L	I	F	Y	W	H	M	C	P
0	0.06694	0.04140	0.05398	0.03208	0.20138	0.17465	0.06828	0.08497	0.04016	0.06135	0.05286	0.03238	0.01203	0.00625	0.00548	0.00166	0.00703	0.00524	0.00374	0.04817
1	0.03571	0.06537	0.04420	0.01285	0.04617	0.14350	0.01026	0.23429	0.04334	0.04864	0.01223	0.03234	0.00982	0.00697	0.01926	0.00166	0.04494	0.00468	0.00411	0.17967
2	0.07864	0.22453	0.05620	0.01469	0.08925	0.24180	0.03094	0.10955	0.01529	0.07395	0.01049	0.01164	0.00826	0.00567	0.00487	0.00153	0.00744	0.00406	0.00347	0.00775
3	0.04339	0.01275	0.05903	0.10751	0.29519	0.01159	0.01300	0.03759	0.04846	0.10947	0.01253	0.01444	0.00959	0.00541	0.00527	0.00156	0.00596	0.00473	0.00366	0.19888
4	0.05566	0.01151	0.01267	0.05361	0.01532	0.01276	0.00880	0.17741	0.32283	0.10704	0.01898	0.01860	0.01392	0.00709	0.00539	0.00177	0.00481	0.00569	0.13777	0.00839
5	0.00691	0.00572	0.00605	0.00613	0.00786	0.00487	0.00454	0.00843	0.01314	0.01608	0.12184	0.12319	0.62646	0.01454	0.00681	0.00196	0.00292	0.01230	0.00540	0.00487
6	0.05296	0.01083	0.01369	0.01059	0.01497	0.01019	0.00873	0.13696	0.04413	0.60319	0.02073	0.01831	0.01332	0.00701	0.00567	0.00177	0.00506	0.00559	0.00670	0.00959
7	0.00849	0.00596	0.00763	0.00715	0.00865	0.00543	0.00539	0.01105	0.01589	0.04448	0.67002	0.04323	0.12142	0.01183	0.00672	0.00181	0.00278	0.01037	0.00622	0.00547
8	0.01251	0.01251	0.01752	0.01502	0.01502	0.01752	0.01251	0.01377	0.00876	0.01377	0.00751	0.01251	0.00751	0.01001	0.01877	0.00250	0.78851	0.00501	0.00250	0.00626
9	0.01066	0.00533	0.00533	0.00533	0.00666	0.00533	0.00400	0.01333	0.01200	0.02132	0.01866	0.02132	0.01466	0.00666	0.00400	0.00133	0.00267	0.00533	0.83073	0.00533
10	0.00861	0.00660	0.00905	0.00983	0.08178	0.00616	0.00652	0.01131	0.01571	0.02211	0.64846	0.04064	0.08892	0.01121	0.00664	0.00180	0.00311	0.00993	0.00591	0.00572
11	0.02496	0.00989	0.01325	0.01027	0.01462	0.00876	0.00845	0.02803	0.06165	0.72157	0.02261	0.01958	0.01436	0.00712	0.00576	0.00178	0.00485	0.00580	0.00700	0.00969
12	0.83938	0.01106	0.00841	0.00752	0.01106	0.01283	0.00619	0.01681	0.00973	0.02566	0.00796	0.00929	0.00619	0.00531	0.00354	0.00177	0.00442	0.00310	0.00354	0.00619
13	0.00697	0.00498	0.00664	0.00796	0.00830	0.00465	0.00531	0.00796	0.01095	0.01460	0.03153	0.79525	0.03783	0.01792	0.00730	0.00232	0.00332	0.01626	0.00531	0.00465
14	0.83938	0.01106	0.00841	0.00752	0.01106	0.01283	0.00619	0.01681	0.00973	0.02566	0.00796	0.00929	0.00619	0.00531	0.00354	0.00177	0.00442	0.00310	0.00354	0.00619
15	0.01080	0.01017	0.01716	0.78523	0.03940	0.01271	0.01589	0.01461	0.01144	0.01461	0.01017	0.01525	0.00762	0.00572	0.00572	0.00191	0.00762	0.00508	0.00254	0.00635
16	0.02566	0.00973	0.01327	0.01018	0.01460	0.00841	0.00841	0.02788	0.01637	0.76726	0.02257	0.01947	0.01416	0.00708	0.00575	0.00177	0.00487	0.00575	0.00708	0.00973
17	0.01186	0.01017	0.01186	0.00847	0.01356	0.00762	0.00678	0.01440	0.01186	0.01864	0.01017	0.01186	0.00847	0.00424	0.00424	0.00085	0.00424	0.00339	0.00339	0.83395
18	0.00918	0.00630	0.00812	0.00760	0.00913	0.00593	0.00572	0.01242	0.05168	0.05866	0.64817	0.08240	0.04937	0.01162	0.00668	0.00183	0.00293	0.01026	0.00626	0.00574
19	0.00722	0.00516	0.00692	0.00825	0.00869	0.00486	0.00575	0.00840	0.01120	0.01488	0.03139	0.71370	0.03728	0.01768	0.00737	0.00236	0.00354	0.09533	0.00530	0.00472
20	0.00810	0.00585	0.00765	0.00720	0.00855	0.00540	0.00540	0.01079	0.01619	0.02294	0.76028	0.04273	0.05397	0.01169	0.00675	0.00180	0.00270	0.01034	0.00630	0.00540
21	0.02455	0.00998	0.01324	0.01032	0.01463	0.00897	0.00847	0.02812	0.08789	0.69509	0.02264	0.01965	0.01448	0.00715	0.00576	0.00179	0.00483	0.00582	0.00696	0.00967
22	0.00680	0.00566	0.00594	0.00616	0.00782	0.00480	0.00451	0.00817	0.01268	0.01531	0.05345	0.18107	0.63786	0.01507	0.00685	0.00200	0.00297	0.01278	0.00531	0.00480
23	0.02566	0.00973	0.01327	0.01018	0.01460	0.00841	0.00841	0.02788	0.01637	0.76726	0.02257	0.01947	0.01416	0.00708	0.00575	0.00177	0.00487	0.00575	0.00708	0.00973
24	0.00697	0.00498	0.00664	0.00796	0.00830	0.00465	0.00531	0.00796	0.01095	0.01460	0.03153	0.79525	0.03783	0.01792	0.00730	0.00232	0.00332	0.01626	0.00531	0.00465
25	0.00714	0.00590	0.00632	0.00647	0.00829	0.00508	0.00502	0.00880	0.01320	0.01602	0.08791	0.05567	0.63450	0.01452	0.00690	0.00201	0.00319	0.10281	0.00535	0.00491
26	0.01142	0.02810	0.72238	0.01563	0.02364	0.01280	0.02008	0.01782	0.01207	0.01831	0.01078	0.01264	0.00770	0.00551	0.00535	0.00178	0.00810	0.00429	0.05333	0.00826
27	0.01092	0.01008	0.01152	0.01068	0.01148	0.09066	0.00816	0.01274	0.03626	0.01336	0.01354	0.02204	0.01343	0.20310	0.30154	0.00557	0.21039	0.00610	0.00310	0.00533
28	0.64185	0.01138	0.04713	0.00810	0.01179	0.01175	0.00703	0.01763	0.01086	0.10082	0.03406	0.01220	0.00905	0.00578	0.00399	0.00175	0.00452	0.00378	0.04993	0.00660
29	0.05526	0.08044	0.01212	0.01189	0.07951	0.11241	0.00832	0.01297	0.01227	0.01589	0.03868	0.31109	0.02529	0.04987	0.00748	0.00223	0.00536	0.14888	0.00434	0.00572

[dist]
# distance from previous block
# <min> <max>
0	1

[block]
# block no. 4 follows, 41 sequences, length 13
# corresponding to MSA columns:
# 233-245
name=unknown_E
#
# <colnr> <probs for GDERKNQSTAVLIFYWHMCP>
#	G	D	E	R	K	N	Q	S	T	A	V	L	I	F	Y	W	H	M	C	P
0	0.01605	0.57921	0.10343	0.01123	0.01627	0.09413	0.01117	0.08147	0.01345	0.01597	0.00878	0.00998	0.00754	0.00522	0.00417	0.00135	0.00678	0.00342	0.00278	0.00760
1	0.01698	0.01269	0.01255	0.00995	0.01401	0.14922	0.00785	0.01925	0.01442	0.22507	0.10194	0.01732	0.01521	0.00621	0.00512	0.00133	0.00535	0.00492	0.00467	0.35593
2	0.04215	0.00759	0.00833	0.00768	0.00990	0.00727	0.00594	0.11579	0.01534	0.05211	0.15383	0.11580	0.38981	0.01266	0.00653	0.00193	0.00361	0.03234	0.00553	0.00588
3	0.01622	0.15304	0.24372	0.01399	0.05300	0.15524	0.01333	0.03254	0.06127	0.12509	0.03218	0.03403	0.01160	0.00653	0.00531	0.00168	0.00718	0.02240	0.00372	0.00795
4	0.02419	0.00941	0.01280	0.00993	0.01409	0.00815	0.00815	0.02644	0.01636	0.70472	0.08456	0.02142	0.01750	0.00747	0.00584	0.00177	0.00468	0.00614	0.00701	0.00937
5	0.00773	0.00578	0.00717	0.00692	0.00834	0.00522	0.00515	0.01004	0.01516	0.02074	0.55764	0.09058	0.21306	0.01270	0.00678	0.00186	0.00278	0.01109	0.00601	0.00522
6	0.01449	0.07795	0.35006	0.01538	0.02155	0.01293	0.14938	0.05606	0.01402	0.13189	0.06236	0.01753	0.01266	0.00638	0.00578	0.00181	0.00736	0.03050	0.00373	0.00818
7	0.01037	0.00868	0.01099	0.01044	0.01128	0.01036	0.00798	0.01422	0.14669	0.01549	0.01966	0.16236	0.02054	0.19215	0.05111	0.00338	0.21392	0.08055	0.00413	0.00570
8	0.00707	0.00576	0.00626	0.00622	0.00794	0.00495	0.00463	0.00878	0.01364	0.01710	0.21559	0.09019	0.56386	0.01403	0.00678	0.00192	0.00287	0.01190	0.00553	0.00495
9	0.01142	0.01080	0.01827	0.64696	0.17283	0.01287	0.01619	0.01516	0.01173	0.01537	0.01028	0.01505	0.00789	0.00560	0.00571	0.00187	0.00747	0.00509	0.00260	0.00685
10	0.01507	0.09913	0.05202	0.07964	0.43918	0.04708	0.06390	0.10083	0.01448	0.01959	0.01071	0.01350	0.00869	0.00535	0.00550	0.00167	0.00712	0.00490	0.00309	0.00855
11	0.01374	0.01151	0.01615	0.12759	0.11944	0.05744	0.07508	0.09483	0.01317	0.07426	0.01347	0.01916	0.01164	0.12125	0.15186	0.00370	0.05947	0.00583	0.00355	0.00685
12	0.01080	0.01017	0.01716	0.78523	0.03940	0.01271	0.01589	0.01461	0.01144	0.01461	0.01017	0.01525	0.00762	0.00572	0.00572	0.00191	0.00762	0.00508	0.00254	0.00635

[dist]
# distance from previous block
# <min> <max>
0	1

[block]
# block no. 5 follows, 41 sequences, length 20
# corresponding to MSA columns:
# 247-266
name=unknown_F
#
# <colnr> <probs for GDERKNQSTAVLIFYWHMCP>
#	G	D	E	R	K	N	Q	S	T	A	V	L	I	F	Y	W	H	M	C	P
0	0.01331	0.01164	0.01776	0.59844	0.03460	0.06496	0.06260	0.01686	0.01243	0.09597	0.01150	0.01538	0.00838	0.00582	0.00575	0.00186	0.00765	0.00517	0.00308	0.00683
1	0.60475	0.01406	0.11227	0.04207	0.01482	0.01342	0.00912	0.09533	0.01197	0.02530	0.00899	0.01040	0.00678	0.00551	0.00412	0.00178	0.00530	0.00355	0.00358	0.00689
2	0.02526	0.01038	0.01367	0.01048	0.01492	0.00936	0.00866	0.10142	0.01745	0.69219	0.02166	0.01888	0.01370	0.00706	0.00575	0.00176	0.00501	0.00569	0.00694	0.00973
3	0.00714	0.00573	0.00590	0.00590	0.00737	0.00500	0.00413	0.00824	0.01189	0.01439	0.04826	0.05077	0.58141	0.20480	0.01218	0.00281	0.00354	0.01116	0.00486	0.00450
4	0.02137	0.02726	0.01621	0.01474	0.01768	0.77602	0.01105	0.02284	0.01621	0.01400	0.00884	0.01031	0.00737	0.00589	0.00516	0.00147	0.01031	0.00368	0.00295	0.00663
5	0.01276	0.01313	0.11010	0.16759	0.02131	0.06848	0.10987	0.03849	0.01309	0.09356	0.01863	0.23942	0.01816	0.00967	0.00633	0.00200	0.00655	0.04004	0.00408	0.00674
6	0.01376	0.01185	0.01885	0.40432	0.24776	0.04123	0.04118	0.01720	0.01272	0.09328	0.01225	0.01673	0.00954	0.00597	0.00579	0.00184	0.00720	0.02781	0.00321	0.00752
7	0.01350	0.01543	0.03375	0.02411	0.02989	0.01446	0.74253	0.01832	0.01350	0.01832	0.01157	0.01543	0.00868	0.00482	0.00675	0.00193	0.00964	0.00675	0.00289	0.00771
8	0.00772	0.00771	0.08527	0.00907	0.01038	0.00577	0.00736	0.00954	0.01153	0.01558	0.05990	0.60435	0.03484	0.01615	0.00715	0.00228	0.00403	0.09118	0.00505	0.00514
9	0.01439	0.01516	0.09409	0.04832	0.23020	0.08803	0.02965	0.13234	0.08748	0.02062	0.01622	0.11801	0.01491	0.00815	0.00601	0.00187	0.00656	0.05608	0.00402	0.00790
10	0.01056	0.00647	0.00902	0.00860	0.00983	0.00692	0.00641	0.01213	0.00994	0.11435	0.01696	0.02575	0.01588	0.22424	0.48848	0.00729	0.01151	0.00662	0.00370	0.00533
11	0.00697	0.00498	0.00664	0.00796	0.00830	0.00465	0.00531	0.00796	0.01095	0.01460	0.03153	0.79525	0.03783	0.01792	0.00730	0.00232	0.00332	0.01626	0.00531	0.00465
12	0.01200	0.06148	0.47129	0.09350	0.02285	0.01313	0.01682	0.06746	0.06168	0.01876	0.01353	0.09743	0.01143	0.00703	0.00562	0.00185	0.00729	0.00576	0.00319	0.00790
13	0.08641	0.10131	0.15904	0.10584	0.23161	0.01470	0.12025	0.05410	0.03943	0.01919	0.01077	0.01335	0.00841	0.00537	0.00539	0.00174	0.00721	0.00483	0.00300	0.00805
14	0.00853	0.00866	0.09116	0.00996	0.01178	0.00781	0.00866	0.01107	0.00950	0.01380	0.01478	0.02135	0.01354	0.03886	0.69319	0.00840	0.01458	0.00592	0.00299	0.00547
15	0.01186	0.01651	0.21919	0.04832	0.13294	0.01230	0.21131	0.01693	0.05144	0.01831	0.08716	0.01810	0.01391	0.01010	0.08935	0.00264	0.02275	0.00602	0.00325	0.00759
16	0.09755	0.01092	0.01426	0.11565	0.16107	0.01034	0.01003	0.05162	0.01257	0.01987	0.01075	0.01315	0.00868	0.00499	0.00469	0.00132	0.00520	0.00412	0.05335	0.38989
17	0.01229	0.01074	0.01561	0.36364	0.02605	0.01246	0.05165	0.11355	0.11758	0.01912	0.02946	0.12242	0.03355	0.00825	0.00656	0.00197	0.03702	0.00715	0.00395	0.00697
18	0.02923	0.01028	0.04695	0.40483	0.02597	0.01111	0.01205	0.10005	0.01294	0.01770	0.01434	0.09782	0.01294	0.04955	0.03892	0.02250	0.00676	0.02188	0.05788	0.00629
19	0.27258	0.01245	0.01565	0.09663	0.25824	0.02919	0.01156	0.08595	0.01324	0.05495	0.01053	0.01263	0.00821	0.00541	0.00486	0.00165	0.00582	0.00430	0.00354	0.09262

[dist]
# distance from previous block
# <min> <max>
1	7

[block]
# block no. 6 follows, 41 sequences, length 6
# corresponding to MSA columns:
# 277-282
name=unknown_G
#
# <colnr> <probs for GDERKNQSTAVLIFYWHMCP>
#	G	D	E	R	K	N	Q	S	T	A	V	L	I	F	Y	W	H	M	C	P
0	0.18460	0.08623	0.01462	0.01171	0.06833	0.05203	0.03194	0.11814	0.01495	0.20658	0.01447	0.01498	0.01049	0.00614	0.00481	0.00162	0.00530	0.00469	0.14059	0.00779
1	0.23571	0.01233	0.01613	0.01920	0.29873	0.01261	0.01148	0.10507	0.01428	0.14916	0.01233	0.01356	0.00920	0.00564	0.00503	0.00167	0.00561	0.00457	0.00412	0.06358
2	0.01066	0.00533	0.00533	0.00533	0.00666	0.00533	0.00400	0.01333	0.01200	0.02132	0.01866	0.02132	0.01466	0.00666	0.00400	0.00133	0.00267	0.00533	0.83073	0.00533
3	0.01503	0.01026	0.01095	0.00949	0.01225	0.04225	0.00744	0.12563	0.20475	0.12032	0.17383	0.02399	0.02248	0.00804	0.00556	0.00170	0.00428	0.00662	0.18757	0.00756
4	0.00724	0.00581	0.00646	0.00630	0.00802	0.00503	0.00472	0.00914	0.01417	0.01813	0.30964	0.05063	0.50761	0.01349	0.00676	0.00188	0.00283	0.01145	0.00566	0.00503
5	0.00947	0.00694	0.00887	0.00947	0.01099	0.00686	0.00790	0.06096	0.01387	0.01799	0.06572	0.09453	0.14863	0.05292	0.00852	0.00255	0.00476	0.45842	0.00527	0.00539

[dist]
# distance from previous block
# <min> <max>
0	371

# created by:
# /home/berkeley/.conda/envs/busco_data_prod/bin/msa2prfl.pl pipeline/OGs_align_augustus/33634/152906.fs
