[name]
unknown

[dist]
# distance from previous block
# <min> <max>
0	100

[block]
# block no. 0 follows, 49 sequences, length 8
# corresponding to MSA columns:
# 112-119
name=unknown_A
#
# <colnr> <probs for GDERKNQSTAVLIFYWHMCP>
#	G	D	E	R	K	N	Q	S	T	A	V	L	I	F	Y	W	H	M	C	P
0	0.00648	0.00470	0.00602	0.00682	0.00739	0.00438	0.00474	0.00759	0.01027	0.01360	0.10114	0.54164	0.11341	0.08061	0.00797	0.00223	0.00313	0.06910	0.00464	0.00414
1	0.01122	0.21035	0.08276	0.03652	0.02521	0.04021	0.00863	0.09269	0.01132	0.02720	0.01441	0.20752	0.01497	0.07886	0.03281	0.00212	0.07296	0.02116	0.00331	0.00576
2	0.01115	0.01190	0.07803	0.36603	0.11596	0.04966	0.02941	0.01674	0.17155	0.01554	0.01161	0.01414	0.00891	0.00554	0.00551	0.00165	0.04257	0.00467	0.03290	0.00655
3	0.00629	0.00465	0.00590	0.00677	0.00741	0.00426	0.00472	0.00741	0.01040	0.01362	0.08020	0.59562	0.16789	0.01486	0.00636	0.00198	0.00292	0.04979	0.00475	0.00420
4	0.00727	0.00523	0.00667	0.00738	0.00802	0.00508	0.00510	0.06911	0.01106	0.01482	0.06591	0.71342	0.03218	0.01477	0.00632	0.00199	0.00312	0.01331	0.00477	0.00450
5	0.04664	0.01189	0.04619	0.01378	0.10219	0.02921	0.10011	0.25695	0.08920	0.03992	0.01459	0.13285	0.01300	0.03732	0.02518	0.00193	0.02175	0.00628	0.00403	0.00702
6	0.01173	0.01184	0.01600	0.44943	0.02650	0.10796	0.07329	0.04931	0.06930	0.01449	0.00965	0.01299	0.00751	0.00569	0.00659	0.00170	0.11273	0.00455	0.00266	0.00605
7	0.05885	0.01225	0.08816	0.13135	0.01691	0.07376	0.00911	0.05352	0.04637	0.07327	0.01027	0.01167	0.00786	0.00466	0.00431	0.00121	0.00515	0.00366	0.00321	0.38445

[dist]
# distance from previous block
# <min> <max>
0	1

[block]
# block no. 1 follows, 49 sequences, length 7
# corresponding to MSA columns:
# 121-127
name=unknown_B
#
# <colnr> <probs for GDERKNQSTAVLIFYWHMCP>
#	G	D	E	R	K	N	Q	S	T	A	V	L	I	F	Y	W	H	M	C	P
0	0.01378	0.05890	0.16212	0.01003	0.03660	0.00918	0.00929	0.05704	0.01214	0.18869	0.01171	0.01225	0.00856	0.00474	0.00432	0.00119	0.00480	0.00376	0.02746	0.36344
1	0.00811	0.10657	0.00831	0.00610	0.00670	0.00688	0.00400	0.00844	0.00777	0.01021	0.01465	0.02901	0.01648	0.66227	0.08105	0.00467	0.00561	0.00663	0.00293	0.00360
2	0.27017	0.01128	0.01039	0.00856	0.01209	0.10754	0.00683	0.01830	0.11366	0.15695	0.01175	0.01194	0.00871	0.00508	0.00408	0.00134	0.00459	0.00368	0.00385	0.22920
3	0.01961	0.01813	0.01421	0.01189	0.01521	0.39887	0.00934	0.28541	0.01767	0.14435	0.01128	0.01147	0.00821	0.00568	0.00482	0.00142	0.00710	0.00400	0.00405	0.00726
4	0.01144	0.18921	0.58586	0.01305	0.01964	0.01370	0.01602	0.06672	0.01147	0.01623	0.00886	0.01025	0.00657	0.00479	0.00450	0.00149	0.00692	0.00358	0.00234	0.00735
5	0.01478	0.01372	0.04002	0.01104	0.01418	0.12618	0.00898	0.23045	0.36401	0.02193	0.01583	0.01671	0.01227	0.00835	0.05046	0.00198	0.00586	0.03122	0.00450	0.00753
6	0.42107	0.01201	0.01080	0.00892	0.01237	0.08348	0.00727	0.21294	0.01405	0.15746	0.01066	0.01086	0.00759	0.00537	0.00409	0.00153	0.00488	0.00366	0.00412	0.00686

[dist]
# distance from previous block
# <min> <max>
0	1

[block]
# block no. 2 follows, 49 sequences, length 8
# corresponding to MSA columns:
# 129-136
name=unknown_C
#
# <colnr> <probs for GDERKNQSTAVLIFYWHMCP>
#	G	D	E	R	K	N	Q	S	T	A	V	L	I	F	Y	W	H	M	C	P
0	0.01713	0.05993	0.04096	0.01109	0.03980	0.01031	0.07305	0.08861	0.13563	0.36097	0.01643	0.01670	0.01176	0.06266	0.00644	0.00178	0.00498	0.00510	0.00483	0.03183
1	0.00717	0.00650	0.06161	0.00789	0.00919	0.00525	0.00654	0.00913	0.01139	0.01537	0.19372	0.34439	0.07931	0.01319	0.00634	0.00197	0.00356	0.20813	0.00470	0.00464
2	0.15966	0.00934	0.01118	0.08334	0.01434	0.00882	0.00743	0.07038	0.01249	0.29894	0.01283	0.01292	0.00897	0.00510	0.00434	0.00132	0.00438	0.00395	0.00427	0.26598
3	0.00844	0.08335	0.00877	0.00758	0.00890	0.07429	0.00582	0.00990	0.01115	0.01414	0.09520	0.34174	0.14087	0.01217	0.00582	0.00180	0.00381	0.11759	0.04398	0.00467
4	0.77057	0.01147	0.08877	0.00745	0.01103	0.01139	0.00684	0.01498	0.00882	0.02200	0.00725	0.00847	0.00557	0.00471	0.00330	0.00157	0.00428	0.00284	0.00303	0.00568
5	0.01190	0.12213	0.47076	0.01328	0.06488	0.01163	0.01445	0.01617	0.01111	0.10912	0.04220	0.01299	0.00936	0.00740	0.05952	0.00197	0.00695	0.00415	0.00284	0.00720
6	0.08876	0.00609	0.00708	0.00661	0.00739	0.00642	0.00444	0.01024	0.00830	0.09221	0.01483	0.02679	0.01545	0.54739	0.09420	0.00442	0.04559	0.00636	0.00332	0.00412
7	0.01306	0.25426	0.27978	0.01095	0.01589	0.03131	0.01166	0.10254	0.06564	0.06447	0.07210	0.01316	0.01098	0.00546	0.00448	0.00142	0.00575	0.00414	0.00324	0.02972

[dist]
# distance from previous block
# <min> <max>
4	24

[block]
# block no. 3 follows, 49 sequences, length 27
# corresponding to MSA columns:
# 161-187
name=unknown_D
#
# <colnr> <probs for GDERKNQSTAVLIFYWHMCP>
#	G	D	E	R	K	N	Q	S	T	A	V	L	I	F	Y	W	H	M	C	P
0	0.00914	0.00783	0.00927	0.00964	0.04779	0.06538	0.03228	0.05871	0.04514	0.01537	0.06243	0.46538	0.02575	0.02680	0.00628	0.00188	0.00409	0.04886	0.00432	0.05367
1	0.02755	0.01108	0.04656	0.02894	0.05399	0.06839	0.22452	0.01411	0.06305	0.04213	0.04290	0.22961	0.03995	0.00856	0.00663	0.00179	0.07292	0.00783	0.00356	0.00595
2	0.01398	0.22067	0.13553	0.05852	0.04753	0.10321	0.02522	0.11235	0.05316	0.06936	0.01121	0.03700	0.00925	0.00687	0.03197	0.00170	0.03164	0.02075	0.00319	0.00687
3	0.04631	0.10337	0.46014	0.01374	0.06397	0.04029	0.01468	0.11502	0.04622	0.01799	0.01007	0.02823	0.00774	0.00524	0.00466	0.00153	0.00659	0.00404	0.00278	0.00737
4	0.01522	0.06786	0.00992	0.00736	0.00997	0.00782	0.00595	0.06168	0.04595	0.30841	0.01744	0.04873	0.01309	0.02504	0.00487	0.00148	0.00365	0.00518	0.33376	0.00661
5	0.01244	0.01121	0.01973	0.22534	0.44224	0.01158	0.11303	0.01563	0.01143	0.07327	0.01025	0.01325	0.00798	0.00474	0.00515	0.00158	0.00639	0.00474	0.00272	0.00729
6	0.00706	0.00519	0.00664	0.00645	0.00768	0.00477	0.00491	0.00927	0.01365	0.01889	0.62156	0.06036	0.13723	0.01105	0.00605	0.00167	0.00259	0.06493	0.00537	0.00468
7	0.00623	0.00446	0.00593	0.00699	0.00735	0.00416	0.00470	0.00723	0.01003	0.01346	0.08428	0.76102	0.03450	0.01543	0.00642	0.00202	0.00289	0.01399	0.00476	0.00416
8	0.00673	0.00510	0.00620	0.00604	0.00732	0.00457	0.00449	0.00867	0.01313	0.01774	0.50955	0.09902	0.27002	0.01149	0.00600	0.00166	0.00248	0.00999	0.00524	0.00457
9	0.00653	0.00505	0.00595	0.00593	0.00722	0.00447	0.00437	0.00825	0.01252	0.01651	0.37684	0.14662	0.35732	0.01211	0.00603	0.00170	0.00253	0.01049	0.00508	0.00447
10	0.85801	0.00978	0.00743	0.00665	0.00978	0.01134	0.00548	0.01486	0.00861	0.02269	0.00704	0.00821	0.00548	0.00469	0.00313	0.00156	0.00391	0.00274	0.00313	0.00548
11	0.02269	0.00861	0.01174	0.00900	0.01291	0.00743	0.00743	0.02464	0.01447	0.79425	0.01995	0.01721	0.01252	0.00626	0.00509	0.00156	0.00430	0.00509	0.00626	0.00861
12	0.85801	0.00978	0.00743	0.00665	0.00978	0.01134	0.00548	0.01486	0.00861	0.02269	0.00704	0.00821	0.00548	0.00469	0.00313	0.00156	0.00391	0.00274	0.00313	0.00548
13	0.85801	0.00978	0.00743	0.00665	0.00978	0.01134	0.00548	0.01486	0.00861	0.02269	0.00704	0.00821	0.00548	0.00469	0.00313	0.00156	0.00391	0.00274	0.00313	0.00548
14	0.00616	0.00440	0.00587	0.00704	0.00733	0.00411	0.00469	0.00704	0.00968	0.01291	0.02787	0.81899	0.03344	0.01584	0.00645	0.00205	0.00293	0.01438	0.00469	0.00411
15	0.85801	0.00978	0.00743	0.00665	0.00978	0.01134	0.00548	0.01486	0.00861	0.02269	0.00704	0.00821	0.00548	0.00469	0.00313	0.00156	0.00391	0.00274	0.00313	0.00548
16	0.00943	0.00471	0.00471	0.00471	0.00589	0.00471	0.00353	0.01178	0.01060	0.01885	0.01650	0.01885	0.01296	0.00589	0.00353	0.00118	0.00236	0.00471	0.85036	0.00471
17	0.01014	0.02616	0.79609	0.01441	0.02189	0.01174	0.01868	0.01601	0.01068	0.01601	0.00907	0.01068	0.00641	0.00480	0.00480	0.00160	0.00747	0.00374	0.00214	0.00747
18	0.00614	0.00473	0.00562	0.00624	0.00714	0.00421	0.00436	0.00726	0.01066	0.01359	0.07680	0.47127	0.33518	0.01435	0.00624	0.00189	0.00276	0.01263	0.00474	0.00421
19	0.00616	0.00440	0.00587	0.00704	0.00733	0.00411	0.00469	0.00704	0.00968	0.01291	0.02787	0.81899	0.03344	0.01584	0.00645	0.00205	0.00293	0.01438	0.00469	0.00411
20	0.01252	0.01201	0.02053	0.03104	0.79074	0.01201	0.01552	0.01552	0.01151	0.01652	0.00951	0.01252	0.00801	0.00451	0.00501	0.00150	0.00601	0.00451	0.00250	0.00801
21	0.01488	0.62252	0.02342	0.00976	0.01365	0.21795	0.00894	0.01642	0.01130	0.01202	0.00723	0.00837	0.00650	0.00455	0.00358	0.00114	0.00635	0.00284	0.00228	0.00633
22	0.00769	0.00490	0.00653	0.00704	0.00782	0.00452	0.00493	0.00899	0.01109	0.07637	0.19626	0.58186	0.03496	0.01386	0.00624	0.00191	0.00292	0.01248	0.00501	0.00461
23	0.05166	0.00790	0.01023	0.00824	0.01135	0.00719	0.00667	0.04264	0.03035	0.50669	0.21990	0.02272	0.03705	0.00740	0.00525	0.00158	0.00378	0.00616	0.00586	0.00738
24	0.00699	0.00488	0.00644	0.00741	0.00794	0.00472	0.00543	0.00821	0.00996	0.01331	0.02562	0.47276	0.02958	0.12264	0.00909	0.00249	0.00367	0.22468	0.03005	0.00414
25	0.01783	0.01305	0.01411	0.01110	0.01476	0.01437	0.00914	0.68067	0.02218	0.02986	0.01362	0.04704	0.01073	0.00684	0.00516	0.00157	0.00531	0.04091	0.03365	0.00810
26	0.82527	0.00973	0.00760	0.00674	0.00990	0.01119	0.00555	0.01525	0.00884	0.05292	0.00755	0.00857	0.00575	0.00476	0.00321	0.00156	0.00393	0.00283	0.00325	0.00560

[dist]
# distance from previous block
# <min> <max>
0	2

[block]
# block no. 4 follows, 49 sequences, length 45
# corresponding to MSA columns:
# 190-234
name=unknown_E
#
# <colnr> <probs for GDERKNQSTAVLIFYWHMCP>
#	G	D	E	R	K	N	Q	S	T	A	V	L	I	F	Y	W	H	M	C	P
0	0.00719	0.00497	0.00576	0.00569	0.00621	0.00477	0.00362	0.00801	0.00965	0.01312	0.20569	0.05724	0.10859	0.49056	0.01759	0.00356	0.00391	0.00825	0.03194	0.00369
1	0.02822	0.01115	0.01427	0.24514	0.15715	0.05262	0.01107	0.09303	0.23976	0.03108	0.01365	0.04042	0.01087	0.02305	0.00549	0.00170	0.00556	0.00515	0.00362	0.00700
2	0.01464	0.37200	0.03939	0.02885	0.17403	0.21215	0.01068	0.04010	0.03919	0.01402	0.00845	0.00993	0.00719	0.00475	0.00413	0.00128	0.00648	0.00343	0.00254	0.00677
3	0.00652	0.00514	0.00587	0.00569	0.00716	0.00450	0.00427	0.00830	0.01280	0.01669	0.38892	0.04367	0.44911	0.01168	0.00597	0.00165	0.00248	0.00997	0.00509	0.00450
4	0.01146	0.25583	0.07141	0.01107	0.01313	0.01537	0.00999	0.01389	0.05721	0.01325	0.05063	0.01304	0.00986	0.04240	0.01088	0.00188	0.38583	0.00432	0.00259	0.00596
5	0.00685	0.00511	0.00613	0.00593	0.00725	0.00459	0.00443	0.00884	0.01313	0.01791	0.49941	0.06687	0.27644	0.01110	0.00588	0.00162	0.00246	0.00961	0.04185	0.00459
6	0.00640	0.00526	0.00566	0.00569	0.00725	0.00461	0.00427	0.00819	0.03346	0.01474	0.14512	0.09773	0.59598	0.01255	0.00601	0.00173	0.00267	0.03342	0.00482	0.00444
7	0.01352	0.82533	0.02650	0.00865	0.01298	0.02001	0.00865	0.01514	0.01027	0.01190	0.00703	0.00811	0.00649	0.00433	0.00324	0.00108	0.00541	0.00270	0.00216	0.00649
8	0.00731	0.00522	0.00717	0.00829	0.00910	0.00509	0.00663	0.00905	0.01093	0.01440	0.05243	0.36696	0.03149	0.01461	0.00673	0.00219	0.00388	0.42939	0.00470	0.00444
9	0.01352	0.82533	0.02650	0.00865	0.01298	0.02001	0.00865	0.01514	0.01027	0.01190	0.00703	0.00811	0.00649	0.00433	0.00324	0.00108	0.00541	0.00270	0.00216	0.00649
10	0.01328	0.01171	0.01220	0.01073	0.01371	0.04668	0.02425	0.07669	0.68144	0.02139	0.01925	0.01788	0.01443	0.00668	0.00513	0.00168	0.00442	0.00554	0.00498	0.00793
11	0.00605	0.00513	0.00523	0.00520	0.00688	0.00430	0.00390	0.00740	0.01170	0.01408	0.09810	0.04797	0.74155	0.01265	0.00598	0.00170	0.00255	0.01057	0.00475	0.00430
12	0.01330	0.77449	0.07546	0.00902	0.01355	0.01948	0.00929	0.01520	0.01030	0.01216	0.00716	0.00827	0.00648	0.00436	0.00334	0.00111	0.00554	0.00277	0.00216	0.00655
13	0.00687	0.00507	0.00642	0.00627	0.00743	0.00462	0.00463	0.00891	0.01335	0.01844	0.59059	0.13685	0.14905	0.01137	0.00603	0.00166	0.00248	0.01001	0.00534	0.00462
14	0.01701	0.01306	0.01393	0.01119	0.01484	0.01465	0.00907	0.52465	0.27662	0.02829	0.01496	0.01438	0.01088	0.00633	0.00509	0.00158	0.00504	0.00494	0.00509	0.00840
15	0.01889	0.02410	0.01433	0.01303	0.01563	0.80199	0.00977	0.02019	0.01433	0.01238	0.00782	0.00912	0.00651	0.00521	0.00456	0.00130	0.00912	0.00326	0.00261	0.00586
16	0.00616	0.00440	0.00587	0.00704	0.00733	0.00411	0.00469	0.00704	0.00968	0.01291	0.02787	0.81899	0.03344	0.01584	0.00645	0.00205	0.00293	0.01438	0.00469	0.00411
17	0.01889	0.02410	0.01433	0.01303	0.01563	0.80199	0.00977	0.02019	0.01433	0.01238	0.00782	0.00912	0.00651	0.00521	0.00456	0.00130	0.00912	0.00326	0.00261	0.00586
18	0.00955	0.00899	0.01517	0.81013	0.03483	0.01123	0.01404	0.01292	0.01011	0.01292	0.00899	0.01348	0.00674	0.00506	0.00506	0.00169	0.00674	0.00449	0.00225	0.00562
19	0.01194	0.01364	0.02984	0.02131	0.02643	0.01279	0.77238	0.01620	0.01194	0.01620	0.01023	0.01364	0.00767	0.00426	0.00597	0.00171	0.00853	0.00597	0.00256	0.00682
20	0.00735	0.00490	0.00552	0.00552	0.00552	0.00490	0.00306	0.00735	0.00735	0.00980	0.01593	0.03309	0.01838	0.82229	0.02574	0.00490	0.00490	0.00735	0.00306	0.00306
21	0.00616	0.00440	0.00587	0.00704	0.00733	0.00411	0.00469	0.00704	0.00968	0.01291	0.02787	0.81899	0.03344	0.01584	0.00645	0.00205	0.00293	0.01438	0.00469	0.00411
22	0.00735	0.00490	0.00552	0.00552	0.00552	0.00490	0.00306	0.00735	0.00735	0.00980	0.01593	0.03309	0.01838	0.82229	0.02574	0.00490	0.00490	0.00735	0.00306	0.00306
23	0.00955	0.00899	0.01517	0.81013	0.03483	0.01123	0.01404	0.01292	0.01011	0.01292	0.00899	0.01348	0.00674	0.00506	0.00506	0.00169	0.00674	0.00449	0.00225	0.00562
24	0.03142	0.01278	0.14561	0.11799	0.02034	0.01040	0.20082	0.05436	0.01253	0.20105	0.02698	0.01897	0.01152	0.00630	0.00567	0.00172	0.02219	0.08863	0.00374	0.00695
25	0.01529	0.01089	0.01640	0.08446	0.38698	0.01106	0.01203	0.08611	0.07946	0.21002	0.02795	0.01474	0.01046	0.00543	0.00506	0.00155	0.00537	0.00484	0.00392	0.00795
26	0.01352	0.82533	0.02650	0.00865	0.01298	0.02001	0.00865	0.01514	0.01027	0.01190	0.00703	0.00811	0.00649	0.00433	0.00324	0.00108	0.00541	0.00270	0.00216	0.00649
27	0.00698	0.00516	0.00652	0.00618	0.00745	0.00470	0.00463	0.00921	0.01390	0.01930	0.67927	0.03938	0.15713	0.01070	0.00597	0.00161	0.00241	0.00937	0.00544	0.00470
28	0.85801	0.00978	0.00743	0.00665	0.00978	0.01134	0.00548	0.01486	0.00861	0.02269	0.00704	0.00821	0.00548	0.00469	0.00313	0.00156	0.00391	0.00274	0.00313	0.00548
29	0.06137	0.01230	0.04331	0.17633	0.24162	0.01259	0.18482	0.11701	0.04896	0.01825	0.01022	0.01287	0.00788	0.00500	0.00541	0.00162	0.02560	0.00477	0.00295	0.00713
30	0.03893	0.01143	0.01266	0.00948	0.01370	0.01111	0.00774	0.37167	0.01684	0.05340	0.01083	0.01146	0.00815	0.00496	0.00440	0.00116	0.00463	0.00380	0.00409	0.39958
31	0.01252	0.01201	0.02053	0.03104	0.79074	0.01201	0.01552	0.01552	0.01151	0.01652	0.00951	0.01252	0.00801	0.00451	0.00501	0.00150	0.00601	0.00451	0.00250	0.00801
32	0.02182	0.00892	0.01173	0.00904	0.01284	0.00802	0.00745	0.08854	0.01511	0.69508	0.01913	0.01685	0.01220	0.00623	0.00502	0.00154	0.00433	0.00502	0.04271	0.00844
33	0.01047	0.03631	0.39497	0.01293	0.07605	0.01031	0.01301	0.02986	0.10813	0.04086	0.11016	0.07339	0.03060	0.02406	0.00557	0.00170	0.00564	0.00571	0.00340	0.00688
34	0.00861	0.00557	0.00663	0.00623	0.00764	0.00541	0.00472	0.01185	0.07166	0.04124	0.47026	0.03073	0.05497	0.00877	0.00519	0.00149	0.00256	0.00756	0.24382	0.00509
35	0.02269	0.00861	0.01174	0.00900	0.01291	0.00743	0.00743	0.02464	0.01447	0.79425	0.01995	0.01721	0.01252	0.00626	0.00509	0.00156	0.00430	0.00509	0.00626	0.00861
36	0.02202	0.00859	0.01153	0.00888	0.01268	0.00754	0.00732	0.04481	0.01456	0.73958	0.01958	0.01714	0.01243	0.00624	0.00502	0.00155	0.00425	0.00505	0.04278	0.00844
37	0.01570	0.01380	0.17322	0.07233	0.25961	0.02797	0.02840	0.03488	0.01263	0.29144	0.01311	0.01381	0.00917	0.00527	0.00501	0.00156	0.00586	0.00456	0.00380	0.00789
38	0.00780	0.00501	0.00570	0.00562	0.00573	0.00498	0.00319	0.00786	0.00756	0.03266	0.01605	0.03263	0.01821	0.79851	0.02514	0.00481	0.00488	0.00729	0.00316	0.00323
39	0.00642	0.00514	0.00573	0.00559	0.00710	0.00446	0.00419	0.00811	0.01257	0.01613	0.32650	0.04460	0.51187	0.01188	0.00597	0.00166	0.00250	0.01010	0.00502	0.00446
40	0.01254	0.01397	0.03954	0.27858	0.07915	0.26385	0.01153	0.01528	0.02679	0.01376	0.01278	0.02157	0.01182	0.00705	0.00531	0.00169	0.00696	0.16909	0.00296	0.00577
41	0.04615	0.03146	0.28519	0.03651	0.07370	0.06001	0.10633	0.04823	0.05383	0.19115	0.01223	0.01298	0.00860	0.00522	0.00495	0.00157	0.00644	0.00444	0.00348	0.00751
42	0.00964	0.00908	0.01534	0.78547	0.05876	0.01126	0.01409	0.01300	0.01016	0.01303	0.00900	0.01345	0.00678	0.00504	0.00505	0.00168	0.00672	0.00449	0.00226	0.00569
43	0.00843	0.00553	0.00674	0.00677	0.00805	0.00541	0.00534	0.04325	0.01272	0.01854	0.29457	0.07681	0.06499	0.01012	0.00550	0.00167	0.00306	0.17553	0.24213	0.00484
44	0.09495	0.03694	0.01367	0.01175	0.10328	0.02196	0.06659	0.02697	0.01125	0.10788	0.01080	0.01316	0.00869	0.00481	0.00456	0.00120	0.02119	0.03104	0.00334	0.40597

[dist]
# distance from previous block
# <min> <max>
0	16

[block]
# block no. 5 follows, 49 sequences, length 49
# corresponding to MSA columns:
# 251-299
name=unknown_F
#
# <colnr> <probs for GDERKNQSTAVLIFYWHMCP>
#	G	D	E	R	K	N	Q	S	T	A	V	L	I	F	Y	W	H	M	C	P
0	0.35567	0.05328	0.01150	0.04122	0.05099	0.01037	0.06171	0.04615	0.02106	0.01717	0.00899	0.03748	0.00792	0.00844	0.00836	0.21141	0.03623	0.00410	0.00287	0.00509
1	0.00794	0.00546	0.00691	0.00692	0.00824	0.00516	0.00546	0.01037	0.02897	0.03885	0.40442	0.06756	0.12173	0.01106	0.00596	0.00175	0.00302	0.17725	0.07814	0.00483
2	0.01330	0.09091	0.10881	0.08093	0.23784	0.13061	0.03336	0.04722	0.17466	0.01668	0.01139	0.01282	0.00894	0.00522	0.00481	0.00151	0.00627	0.00436	0.00308	0.00728
3	0.00681	0.00516	0.00628	0.00600	0.00734	0.00462	0.00450	0.00887	0.01350	0.01834	0.57276	0.04096	0.26423	0.01106	0.00597	0.00162	0.00244	0.00959	0.00531	0.00462
4	0.01141	0.01048	0.05159	0.05970	0.04877	0.01079	0.02172	0.02121	0.47788	0.03854	0.08163	0.02306	0.07233	0.00750	0.00534	0.00171	0.00432	0.04021	0.00466	0.00715
5	0.01390	0.00895	0.01100	0.00810	0.01228	0.00722	0.00656	0.01603	0.01151	0.23269	0.01196	0.01238	0.00886	0.00461	0.00453	0.00102	0.03010	0.00362	0.00388	0.59081
6	0.01015	0.00972	0.01374	0.01206	0.01227	0.01332	0.00994	0.01143	0.00783	0.01207	0.00828	0.01315	0.00806	0.01574	0.20284	0.00361	0.62350	0.00466	0.00233	0.00529
7	0.00914	0.00774	0.01016	0.00932	0.00985	0.00952	0.00723	0.01126	0.06611	0.01357	0.10599	0.05001	0.01790	0.20755	0.07560	0.00318	0.30491	0.05281	0.02333	0.00483
8	0.39169	0.00938	0.01107	0.02691	0.23958	0.01007	0.00828	0.01485	0.01014	0.05376	0.01022	0.01205	0.00802	0.00495	0.00388	0.00147	0.00429	0.00378	0.16940	0.00621
9	0.01229	0.07830	0.01805	0.06732	0.47501	0.07500	0.01286	0.01493	0.01150	0.01544	0.01109	0.01691	0.01008	0.00561	0.00496	0.00150	0.00593	0.09071	0.00275	0.06975
10	0.00651	0.00503	0.00595	0.00597	0.00722	0.00446	0.00438	0.00821	0.01243	0.01639	0.36476	0.16878	0.34723	0.01224	0.00605	0.00171	0.00255	0.01061	0.00507	0.00446
11	0.01179	0.01313	0.02789	0.08651	0.08853	0.01260	0.64963	0.01588	0.01175	0.01596	0.01007	0.01354	0.00762	0.00435	0.00582	0.00169	0.00818	0.00573	0.00253	0.00682
12	0.01293	0.59010	0.12351	0.00966	0.01416	0.01774	0.00984	0.01715	0.13530	0.01393	0.00949	0.01019	0.00793	0.00480	0.00375	0.00125	0.00545	0.00333	0.00264	0.00686
13	0.00971	0.00822	0.01285	0.03909	0.33900	0.00826	0.01012	0.01177	0.01053	0.01442	0.01694	0.09353	0.01781	0.17114	0.00980	0.00245	0.00519	0.21004	0.00337	0.00573
14	0.04122	0.61400	0.03763	0.00875	0.01287	0.03915	0.00838	0.01588	0.06745	0.01358	0.00849	0.00945	0.00736	0.00455	0.00350	0.00114	0.00519	0.00304	0.02382	0.07455
15	0.07193	0.00938	0.02917	0.00879	0.01211	0.00882	0.00723	0.11756	0.10336	0.31913	0.10698	0.05489	0.04914	0.00714	0.00505	0.00154	0.00408	0.00586	0.00520	0.07262
16	0.01508	0.36393	0.14126	0.01053	0.01513	0.01619	0.01036	0.22877	0.07145	0.06658	0.01057	0.01099	0.00810	0.00519	0.00425	0.00136	0.00560	0.00375	0.00344	0.00747
17	0.00750	0.00485	0.00562	0.00562	0.00562	0.00485	0.00320	0.00728	0.00728	0.00970	0.01522	0.03132	0.01742	0.74167	0.02514	0.08986	0.00485	0.00706	0.00298	0.00298
18	0.00723	0.00538	0.00793	0.00793	0.00877	0.00622	0.00608	0.00891	0.00807	0.01160	0.01372	0.02084	0.01307	0.09598	0.74478	0.00789	0.01291	0.00556	0.00274	0.00441
19	0.01415	0.01076	0.01560	0.38047	0.14755	0.01203	0.01231	0.21098	0.01440	0.11563	0.01125	0.01345	0.00814	0.00538	0.00505	0.00160	0.00602	0.00458	0.00351	0.00714
20	0.08012	0.08254	0.08758	0.03194	0.04643	0.07189	0.39865	0.10774	0.01299	0.01790	0.00962	0.01195	0.00732	0.00466	0.00516	0.00157	0.00739	0.00481	0.00283	0.00690
21	0.00735	0.00490	0.00552	0.00552	0.00552	0.00490	0.00306	0.00735	0.00735	0.00980	0.01593	0.03309	0.01838	0.82229	0.02574	0.00490	0.00490	0.00735	0.00306	0.00306
22	0.01475	0.10624	0.01702	0.09015	0.14517	0.15565	0.01112	0.11282	0.01261	0.07337	0.00928	0.01144	0.00752	0.00606	0.00758	0.00162	0.20376	0.00410	0.00299	0.00674
23	0.00714	0.00501	0.00628	0.00625	0.00735	0.00464	0.00463	0.00916	0.01284	0.01814	0.49208	0.16150	0.11766	0.01111	0.00582	0.00165	0.00255	0.02980	0.09178	0.00461
24	0.00658	0.00515	0.00597	0.00576	0.00720	0.00453	0.00432	0.00843	0.01296	0.01707	0.43077	0.04305	0.40702	0.01153	0.00597	0.00165	0.00247	0.00989	0.00514	0.00453
25	0.00634	0.00486	0.00549	0.00585	0.00701	0.00428	0.00419	0.00764	0.01108	0.01427	0.10342	0.30645	0.42568	0.01322	0.00599	0.00178	0.00266	0.01145	0.05405	0.00428
26	0.08118	0.01318	0.01403	0.01087	0.01474	0.01448	0.00896	0.64581	0.02163	0.07729	0.01239	0.01239	0.00876	0.00597	0.00487	0.00151	0.00526	0.00446	0.03399	0.00824
27	0.85801	0.00978	0.00743	0.00665	0.00978	0.01134	0.00548	0.01486	0.00861	0.02269	0.00704	0.00821	0.00548	0.00469	0.00313	0.00156	0.00391	0.00274	0.00313	0.00548
28	0.00616	0.00440	0.00587	0.00704	0.00733	0.00411	0.00469	0.00704	0.00968	0.01291	0.02787	0.81899	0.03344	0.01584	0.00645	0.00205	0.00293	0.01438	0.00469	0.00411
29	0.01352	0.82533	0.02650	0.00865	0.01298	0.02001	0.00865	0.01514	0.01027	0.01190	0.00703	0.00811	0.00649	0.00433	0.00324	0.00108	0.00541	0.00270	0.00216	0.00649
30	0.01889	0.02410	0.01433	0.01303	0.01563	0.80199	0.00977	0.02019	0.01433	0.01238	0.00782	0.00912	0.00651	0.00521	0.00456	0.00130	0.00912	0.00326	0.00261	0.00586
31	0.00631	0.00514	0.00559	0.00547	0.00704	0.00441	0.00411	0.00791	0.01232	0.01554	0.26061	0.04557	0.57813	0.01211	0.00597	0.00167	0.00251	0.01024	0.00494	0.00441
32	0.01093	0.15413	0.58626	0.01498	0.07894	0.01314	0.04268	0.01584	0.01072	0.01539	0.00882	0.01050	0.00658	0.00469	0.00461	0.00151	0.00706	0.00370	0.00218	0.00733
33	0.02269	0.00861	0.01174	0.00900	0.01291	0.00743	0.00743	0.02464	0.01447	0.79425	0.01995	0.01721	0.01252	0.00626	0.00509	0.00156	0.00430	0.00509	0.00626	0.00861
34	0.00955	0.00899	0.01517	0.81013	0.03483	0.01123	0.01404	0.01292	0.01011	0.01292	0.00899	0.01348	0.00674	0.00506	0.00506	0.00169	0.00674	0.00449	0.00225	0.00562
35	0.00933	0.00875	0.01455	0.76098	0.03312	0.01081	0.01342	0.01257	0.01020	0.01297	0.01157	0.01563	0.05449	0.00553	0.00511	0.00169	0.00649	0.00487	0.00240	0.00554
36	0.00801	0.00485	0.00706	0.00706	0.00741	0.00520	0.00498	0.00763	0.00728	0.01005	0.01148	0.01923	0.01142	0.12123	0.32446	0.42381	0.00801	0.00514	0.00250	0.00320
37	0.00664	0.00476	0.00635	0.00707	0.00771	0.00446	0.00506	0.00809	0.01118	0.01521	0.24259	0.52278	0.03705	0.01410	0.00637	0.00195	0.00295	0.08640	0.00494	0.00435
38	0.01889	0.02410	0.01433	0.01303	0.01563	0.80199	0.00977	0.02019	0.01433	0.01238	0.00782	0.00912	0.00651	0.00521	0.00456	0.00130	0.00912	0.00326	0.00261	0.00586
39	0.07740	0.01357	0.07171	0.01094	0.01515	0.01335	0.00954	0.50683	0.01979	0.19121	0.01321	0.01283	0.00905	0.00592	0.00491	0.00154	0.00532	0.00448	0.00496	0.00830
40	0.00952	0.00669	0.00828	0.00831	0.00987	0.00683	0.00648	0.01418	0.18791	0.07457	0.17078	0.23202	0.04176	0.01153	0.00608	0.00191	0.00358	0.18903	0.00507	0.00559
41	0.00666	0.00487	0.00629	0.00667	0.00753	0.00449	0.00481	0.00830	0.01193	0.01623	0.35321	0.37269	0.11429	0.01311	0.00622	0.00184	0.00275	0.04861	0.00506	0.00443
42	0.00786	0.00555	0.00652	0.00619	0.00735	0.02482	0.00458	0.01006	0.01325	0.01919	0.58782	0.03349	0.03887	0.05902	0.00672	0.00171	0.00270	0.00812	0.15150	0.00468
43	0.21322	0.01459	0.07127	0.01130	0.03616	0.06273	0.00949	0.47407	0.01836	0.02694	0.01039	0.01094	0.00757	0.00556	0.00456	0.00152	0.00555	0.00399	0.00417	0.00761
44	0.00629	0.00450	0.00592	0.00696	0.00732	0.00421	0.00469	0.00723	0.00983	0.01309	0.05394	0.72131	0.05077	0.05138	0.00730	0.00216	0.00303	0.03133	0.00465	0.00410
45	0.01309	0.00648	0.00866	0.00737	0.00960	0.00579	0.00579	0.01531	0.01437	0.31584	0.49474	0.02992	0.03427	0.00878	0.00563	0.00158	0.00312	0.00759	0.00583	0.00624
46	0.01067	0.14626	0.52775	0.01396	0.03681	0.01261	0.08905	0.01541	0.01102	0.01572	0.06654	0.01261	0.00963	0.00508	0.00477	0.00153	0.00685	0.00421	0.00244	0.00707
47	0.00817	0.00701	0.03527	0.11564	0.01218	0.00678	0.00674	0.01168	0.09852	0.01683	0.34931	0.06159	0.07452	0.12431	0.00858	0.00215	0.00384	0.04738	0.00447	0.00504
48	0.01419	0.69524	0.02440	0.00909	0.01321	0.06524	0.00870	0.06179	0.01136	0.02660	0.00776	0.00885	0.00687	0.00531	0.02231	0.00130	0.00581	0.00295	0.00245	0.00657

[dist]
# distance from previous block
# <min> <max>
5	12

[block]
# block no. 6 follows, 49 sequences, length 41
# corresponding to MSA columns:
# 312-352
name=unknown_G
#
# <colnr> <probs for GDERKNQSTAVLIFYWHMCP>
#	G	D	E	R	K	N	Q	S	T	A	V	L	I	F	Y	W	H	M	C	P
0	0.01295	0.76334	0.02488	0.00839	0.01251	0.01882	0.00829	0.01455	0.01037	0.01203	0.01037	0.01118	0.06560	0.00497	0.00345	0.00113	0.00519	0.00331	0.00235	0.00632
1	0.01015	0.00863	0.01012	0.00745	0.01162	0.00653	0.00589	0.01229	0.01042	0.01620	0.01047	0.07375	0.00952	0.00469	0.00396	0.00085	0.00368	0.00389	0.00313	0.78676
2	0.04418	0.04333	0.11713	0.01118	0.01551	0.02673	0.01013	0.44001	0.05724	0.15040	0.02604	0.01321	0.00973	0.00593	0.00492	0.00153	0.00548	0.00452	0.00468	0.00814
3	0.01304	0.01122	0.01245	0.01083	0.01387	0.01281	0.03884	0.08115	0.69517	0.02174	0.01955	0.01816	0.01462	0.00670	0.00517	0.00170	0.00430	0.00564	0.00503	0.00800
4	0.00617	0.00513	0.00539	0.00533	0.00695	0.00435	0.00400	0.00764	0.01199	0.01476	0.17342	0.04686	0.66581	0.01240	0.00597	0.00169	0.00253	0.01042	0.00484	0.00435
5	0.00605	0.00513	0.00522	0.00520	0.00687	0.00430	0.00390	0.00740	0.01170	0.01407	0.09642	0.04800	0.74324	0.01266	0.00598	0.00170	0.00255	0.01058	0.00475	0.00430
6	0.01049	0.00899	0.01049	0.00749	0.01198	0.00674	0.00599	0.01273	0.01049	0.01648	0.00899	0.01049	0.00749	0.00374	0.00374	0.00075	0.00374	0.00300	0.00300	0.85320
7	0.00652	0.00478	0.00592	0.00663	0.00726	0.00448	0.00460	0.00749	0.00980	0.01271	0.03017	0.44473	0.18490	0.14510	0.03638	0.00267	0.00367	0.07380	0.00436	0.00403
8	0.00628	0.00512	0.00555	0.00548	0.00702	0.00439	0.00410	0.00783	0.01219	0.01531	0.23663	0.06324	0.58473	0.01225	0.00598	0.00169	0.00253	0.01037	0.00492	0.00439
9	0.01352	0.82533	0.02650	0.00865	0.01298	0.02001	0.00865	0.01514	0.01027	0.01190	0.00703	0.00811	0.00649	0.00433	0.00324	0.00108	0.00541	0.00270	0.00216	0.00649
10	0.85801	0.00978	0.00743	0.00665	0.00978	0.01134	0.00548	0.01486	0.00861	0.02269	0.00704	0.00821	0.00548	0.00469	0.00313	0.00156	0.00391	0.00274	0.00313	0.00548
11	0.85801	0.00978	0.00743	0.00665	0.00978	0.01134	0.00548	0.01486	0.00861	0.02269	0.00704	0.00821	0.00548	0.00469	0.00313	0.00156	0.00391	0.00274	0.00313	0.00548
12	0.01258	0.01086	0.01143	0.01029	0.01315	0.01258	0.00800	0.02687	0.78161	0.02115	0.02058	0.01887	0.01544	0.00686	0.00515	0.00172	0.00400	0.00572	0.00515	0.00800
13	0.01014	0.02616	0.79609	0.01441	0.02189	0.01174	0.01868	0.01601	0.01068	0.01601	0.00907	0.01068	0.00641	0.00480	0.00480	0.00160	0.00747	0.00374	0.00214	0.00747
14	0.82293	0.00973	0.00761	0.00675	0.00991	0.01118	0.00556	0.01528	0.00885	0.05509	0.00758	0.00859	0.00577	0.00476	0.00321	0.00156	0.00393	0.00284	0.00326	0.00561
15	0.00701	0.00476	0.00562	0.00595	0.00604	0.00467	0.00353	0.00726	0.00802	0.01070	0.01936	0.25891	0.02271	0.59056	0.02020	0.00408	0.00434	0.00937	0.00353	0.00336
16	0.01309	0.01175	0.01761	0.33794	0.22496	0.04193	0.07257	0.17021	0.01366	0.03289	0.01003	0.01288	0.00763	0.00509	0.00510	0.00159	0.00649	0.00459	0.00300	0.00701
17	0.85801	0.00978	0.00743	0.00665	0.00978	0.01134	0.00548	0.01486	0.00861	0.02269	0.00704	0.00821	0.00548	0.00469	0.00313	0.00156	0.00391	0.00274	0.00313	0.00548
18	0.01190	0.01355	0.02933	0.02103	0.02596	0.01288	0.74537	0.01605	0.01179	0.01605	0.01010	0.01355	0.00764	0.00443	0.00634	0.00172	0.03706	0.00591	0.00255	0.00677
19	0.04651	0.00936	0.01206	0.00927	0.01318	0.00861	0.00766	0.12127	0.01551	0.67321	0.01856	0.01629	0.01181	0.00619	0.00502	0.00156	0.00445	0.00495	0.00601	0.00851
20	0.00955	0.00899	0.01517	0.81013	0.03483	0.01123	0.01404	0.01292	0.01011	0.01292	0.00899	0.01348	0.00674	0.00506	0.00506	0.00169	0.00674	0.00449	0.00225	0.00562
21	0.00706	0.00511	0.00662	0.00647	0.00756	0.00473	0.00481	0.00917	0.01342	0.01876	0.63016	0.11705	0.07230	0.03664	0.00668	0.00177	0.00262	0.03911	0.00533	0.00463
22	0.00598	0.00512	0.00512	0.00512	0.00683	0.00427	0.00384	0.00726	0.01153	0.01366	0.05123	0.04866	0.78869	0.01281	0.00598	0.00171	0.00256	0.01067	0.00470	0.00427
23	0.00613	0.00471	0.00562	0.00626	0.00715	0.00420	0.00437	0.00723	0.01060	0.01352	0.06950	0.48561	0.32812	0.01442	0.00625	0.00190	0.00277	0.01271	0.00473	0.00420
24	0.01049	0.00899	0.01049	0.00749	0.01198	0.00674	0.00599	0.01273	0.01049	0.01648	0.00899	0.01049	0.00749	0.00374	0.00374	0.00075	0.00374	0.00300	0.00300	0.85320
25	0.07650	0.00984	0.01485	0.62008	0.07935	0.04432	0.02886	0.01342	0.01021	0.01386	0.00908	0.01349	0.00713	0.03259	0.00560	0.00176	0.00655	0.00443	0.00238	0.00571
26	0.00641	0.00522	0.00579	0.00583	0.00709	0.00475	0.00424	0.00764	0.01108	0.01385	0.11767	0.14945	0.52002	0.08001	0.00806	0.00203	0.03154	0.01052	0.00456	0.00424
27	0.01283	0.01099	0.01157	0.01034	0.01324	0.01269	0.00806	0.05477	0.75330	0.02155	0.02027	0.01862	0.01518	0.00683	0.00514	0.00171	0.00406	0.00567	0.00514	0.00803
28	0.01971	0.01338	0.01469	0.01126	0.01529	0.01452	0.00930	0.66817	0.02246	0.13943	0.01324	0.01286	0.00915	0.00610	0.00506	0.00152	0.00539	0.00463	0.00523	0.00860
29	0.00943	0.00471	0.00471	0.00471	0.00589	0.00471	0.00353	0.01178	0.01060	0.01885	0.01650	0.01885	0.01296	0.00589	0.00353	0.00118	0.00236	0.00471	0.85036	0.00471
30	0.00735	0.00490	0.00552	0.00552	0.00552	0.00490	0.00306	0.00735	0.00735	0.00980	0.01593	0.03309	0.01838	0.82229	0.02574	0.00490	0.00490	0.00735	0.00306	0.00306
31	0.01021	0.02498	0.73501	0.01432	0.02121	0.01204	0.01809	0.01571	0.01045	0.01571	0.00888	0.01071	0.00642	0.00512	0.00573	0.00165	0.07051	0.00379	0.00214	0.00732
32	0.00943	0.00471	0.00471	0.00471	0.00589	0.00471	0.00353	0.01178	0.01060	0.01885	0.01650	0.01885	0.01296	0.00589	0.00353	0.00118	0.00236	0.00471	0.85036	0.00471
33	0.01780	0.01346	0.01437	0.01135	0.01514	0.01502	0.00927	0.61364	0.18634	0.02957	0.01395	0.01358	0.01007	0.00624	0.00508	0.00156	0.00523	0.00480	0.00508	0.00847
34	0.00624	0.00448	0.00594	0.00708	0.00745	0.00418	0.00481	0.00719	0.00982	0.01303	0.02856	0.76278	0.05700	0.01567	0.00646	0.00205	0.00299	0.04543	0.00469	0.00414
35	0.01295	0.49419	0.27317	0.01078	0.01609	0.01695	0.01197	0.08456	0.01163	0.01504	0.00815	0.00930	0.00665	0.00464	0.00391	0.00129	0.00609	0.00320	0.00242	0.00700
36	0.01698	0.00998	0.01178	0.00981	0.01297	0.01030	0.00792	0.24435	0.15207	0.28810	0.01912	0.10996	0.01541	0.00794	0.00538	0.00169	0.00449	0.05862	0.00542	0.00771
37	0.00735	0.00490	0.00552	0.00552	0.00552	0.00490	0.00306	0.00735	0.00735	0.00980	0.01593	0.03309	0.01838	0.82229	0.02574	0.00490	0.00490	0.00735	0.00306	0.00306
38	0.01101	0.00905	0.01057	0.00765	0.01206	0.00700	0.00612	0.01372	0.04100	0.04481	0.00984	0.01106	0.00798	0.00396	0.00385	0.00082	0.00378	0.00318	0.00320	0.78935
39	0.01049	0.00899	0.01049	0.00749	0.01198	0.00674	0.00599	0.01273	0.01049	0.01648	0.00899	0.01049	0.00749	0.00374	0.00374	0.00075	0.00374	0.00300	0.00300	0.85320
40	0.01372	0.01221	0.02340	0.01692	0.02164	0.01132	0.50148	0.04729	0.04047	0.13655	0.01202	0.01393	0.00871	0.00467	0.00549	0.00156	0.00700	0.00540	0.00337	0.11288

[dist]
# distance from previous block
# <min> <max>
0	1

[block]
# block no. 7 follows, 49 sequences, length 31
# corresponding to MSA columns:
# 355-382,399-401
name=unknown_H
#
# <colnr> <probs for GDERKNQSTAVLIFYWHMCP>
#	G	D	E	R	K	N	Q	S	T	A	V	L	I	F	Y	W	H	M	C	P
0	0.01220	0.01140	0.01870	0.12279	0.33954	0.01190	0.14268	0.01811	0.19655	0.03815	0.01335	0.01521	0.02542	0.00531	0.00523	0.00162	0.00593	0.00519	0.00326	0.00744
1	0.07852	0.01231	0.01300	0.01042	0.01398	0.03754	0.00847	0.42304	0.14518	0.13533	0.05914	0.01507	0.01225	0.00635	0.00497	0.00156	0.00494	0.00491	0.00506	0.00797
2	0.00733	0.00498	0.00588	0.00586	0.00603	0.00505	0.00353	0.00768	0.00789	0.01070	0.06593	0.03194	0.01966	0.68310	0.10992	0.00504	0.00569	0.00726	0.00319	0.00333
3	0.01147	0.00930	0.01200	0.00861	0.01311	0.00724	0.06244	0.01385	0.01088	0.07266	0.00987	0.01120	0.00787	0.00396	0.00401	0.00088	0.00414	0.00337	0.00320	0.72994
4	0.00732	0.00523	0.00720	0.00837	0.00917	0.00511	0.00672	0.00905	0.01083	0.01421	0.02723	0.37313	0.03090	0.01475	0.00676	0.00221	0.00394	0.44876	0.00467	0.00443
5	0.00943	0.00471	0.00471	0.00471	0.00589	0.00471	0.00353	0.01178	0.01060	0.01885	0.01650	0.01885	0.01296	0.00589	0.00353	0.00118	0.00236	0.00471	0.85036	0.00471
6	0.01258	0.01086	0.01143	0.01029	0.01315	0.01258	0.00800	0.02687	0.78161	0.02115	0.02058	0.01887	0.01544	0.00686	0.00515	0.00172	0.00400	0.00572	0.00515	0.00800
7	0.00612	0.00507	0.00536	0.00540	0.00695	0.00431	0.00401	0.00749	0.01169	0.01433	0.12985	0.10411	0.65238	0.01276	0.00601	0.00172	0.00257	0.01078	0.00479	0.00431
8	0.02244	0.00901	0.01198	0.00919	0.01311	0.00803	0.00759	0.07878	0.01515	0.73916	0.01939	0.01684	0.01223	0.00625	0.00508	0.00156	0.00439	0.00505	0.00617	0.00861
9	0.01116	0.11031	0.65778	0.01360	0.02049	0.01291	0.01696	0.07069	0.01158	0.01672	0.00908	0.01051	0.00657	0.00484	0.00466	0.00154	0.00712	0.00369	0.00235	0.00745
10	0.01258	0.01086	0.01143	0.01029	0.01315	0.01258	0.00800	0.02687	0.78161	0.02115	0.02058	0.01887	0.01544	0.00686	0.00515	0.00172	0.00400	0.00572	0.00515	0.00800
11	0.01049	0.00899	0.01049	0.00749	0.01198	0.00674	0.00599	0.01273	0.01049	0.01648	0.00899	0.01049	0.00749	0.00374	0.00374	0.00075	0.00374	0.00300	0.00300	0.85320
12	0.00955	0.00899	0.01517	0.81013	0.03483	0.01123	0.01404	0.01292	0.01011	0.01292	0.00899	0.01348	0.00674	0.00506	0.00506	0.00169	0.00674	0.00449	0.00225	0.00562
13	0.00993	0.01010	0.01956	0.04611	0.12587	0.00963	0.36974	0.01287	0.01125	0.01510	0.01865	0.19944	0.09359	0.00805	0.00594	0.00177	0.00615	0.02696	0.00329	0.00602
14	0.01049	0.00899	0.01049	0.00749	0.01198	0.00674	0.00599	0.01273	0.01049	0.01648	0.00899	0.01049	0.00749	0.00374	0.00374	0.00075	0.00374	0.00300	0.00300	0.85320
15	0.01490	0.01955	0.48292	0.01244	0.01850	0.01063	0.01435	0.07487	0.01288	0.27061	0.01284	0.01291	0.00856	0.00537	0.00491	0.00158	0.00630	0.00424	0.00369	0.00793
16	0.01115	0.04100	0.01589	0.01311	0.01326	0.01565	0.01097	0.01228	0.00784	0.01216	0.00665	0.01095	0.00663	0.00868	0.01610	0.00217	0.78334	0.00436	0.00221	0.00557
17	0.00943	0.00471	0.00471	0.00471	0.00589	0.00471	0.00353	0.01178	0.01060	0.01885	0.01650	0.01885	0.01296	0.00589	0.00353	0.00118	0.00236	0.00471	0.85036	0.00471
18	0.00628	0.00513	0.00554	0.00544	0.00701	0.00440	0.00408	0.00784	0.01223	0.01534	0.23831	0.04590	0.60056	0.01218	0.00597	0.00168	0.00252	0.01028	0.00492	0.00440
19	0.02147	0.01018	0.01266	0.00975	0.01367	0.00981	0.00804	0.22800	0.03802	0.56619	0.01785	0.01588	0.01153	0.00622	0.00508	0.00156	0.00464	0.00496	0.00590	0.00859
20	0.00722	0.00542	0.00813	0.00813	0.00903	0.00632	0.00632	0.00903	0.00813	0.01174	0.01354	0.01987	0.01264	0.03792	0.80225	0.00813	0.01354	0.00542	0.00271	0.00451
21	0.02192	0.00844	0.01149	0.00887	0.01264	0.00730	0.00730	0.02390	0.01447	0.75608	0.05783	0.01823	0.01425	0.00646	0.00513	0.00157	0.00421	0.00529	0.00622	0.00842
22	0.01066	0.00856	0.01234	0.01016	0.01200	0.00898	0.13467	0.16649	0.01176	0.01594	0.01409	0.03983	0.01401	0.34958	0.12001	0.00389	0.03331	0.02517	0.00339	0.00517
23	0.00669	0.00523	0.00616	0.00652	0.00780	0.00476	0.00498	0.00852	0.02916	0.01479	0.13733	0.20500	0.38923	0.01317	0.00623	0.00187	0.00301	0.14028	0.00481	0.00445
24	0.00654	0.00486	0.00610	0.00640	0.00733	0.00441	0.00457	0.00812	0.01195	0.01611	0.34759	0.34972	0.18176	0.01299	0.00616	0.00180	0.00264	0.01151	0.00506	0.00441
25	0.00813	0.00954	0.11707	0.01149	0.01391	0.00724	0.18805	0.01054	0.01042	0.01419	0.02115	0.49104	0.02358	0.01156	0.00614	0.00192	0.00493	0.04004	0.00385	0.00522
26	0.00873	0.00441	0.00655	0.00655	0.00655	0.00441	0.00434	0.00662	0.00662	0.00882	0.00906	0.01604	0.00915	0.04813	0.01999	0.82067	0.00441	0.00450	0.00223	0.00223
27	0.01076	0.01204	0.15088	0.00877	0.01378	0.00765	0.00830	0.01364	0.01063	0.03754	0.00930	0.01070	0.00743	0.00400	0.00397	0.00092	0.00443	0.00319	0.00293	0.67913
28	0.01159	0.01236	0.07653	0.22139	0.52291	0.01183	0.04027	0.01494	0.01112	0.01559	0.00937	0.01266	0.00757	0.00465	0.00504	0.00156	0.00638	0.00449	0.00241	0.00734
29	0.01353	0.01901	0.44509	0.01267	0.01807	0.03231	0.02806	0.03337	0.03440	0.19764	0.02408	0.02596	0.00956	0.00592	0.00585	0.00165	0.06604	0.01594	0.00340	0.00744
30	0.00812	0.00621	0.00720	0.06445	0.00850	0.02952	0.00464	0.00849	0.00779	0.01028	0.01451	0.02935	0.01633	0.67947	0.02295	0.00437	0.06457	0.00681	0.00293	0.00351

[dist]
# distance from previous block
# <min> <max>
1	3

[block]
# block no. 8 follows, 49 sequences, length 81
# corresponding to MSA columns:
# 405-485
name=unknown_I
#
# <colnr> <probs for GDERKNQSTAVLIFYWHMCP>
#	G	D	E	R	K	N	Q	S	T	A	V	L	I	F	Y	W	H	M	C	P
0	0.01174	0.01196	0.06426	0.16790	0.40342	0.01187	0.02596	0.01755	0.18582	0.01694	0.02502	0.01447	0.01003	0.00525	0.00507	0.00159	0.00576	0.00483	0.00309	0.00746
1	0.01261	0.01145	0.01870	0.02709	0.65210	0.01154	0.01399	0.03506	0.05805	0.03835	0.06209	0.01468	0.01122	0.00512	0.00508	0.00152	0.00559	0.00490	0.00303	0.00783
2	0.00647	0.00469	0.00617	0.00716	0.00774	0.00439	0.00510	0.00766	0.01034	0.01366	0.06996	0.61174	0.09369	0.01505	0.00646	0.00204	0.00311	0.11557	0.00474	0.00423
3	0.01378	0.78667	0.02591	0.00886	0.01311	0.05774	0.00871	0.01539	0.01047	0.01192	0.00707	0.00816	0.00649	0.00437	0.00331	0.00109	0.00559	0.00273	0.00218	0.00646
4	0.01309	0.01176	0.01608	0.03194	0.40853	0.05077	0.01175	0.03490	0.22346	0.04626	0.01307	0.01432	0.01025	0.00528	0.00490	0.00150	0.00529	0.00470	0.02836	0.06378
5	0.01352	0.82533	0.02650	0.00865	0.01298	0.02001	0.00865	0.01514	0.01027	0.01190	0.00703	0.00811	0.00649	0.00433	0.00324	0.00108	0.00541	0.00270	0.00216	0.00649
6	0.01752	0.09586	0.01549	0.01082	0.01467	0.01515	0.00904	0.63175	0.02133	0.02828	0.01450	0.02910	0.06051	0.00652	0.00496	0.00150	0.00530	0.00495	0.00473	0.00801
7	0.01106	0.00897	0.01054	0.00756	0.01203	0.00677	0.00606	0.01329	0.01067	0.05290	0.00950	0.01080	0.00773	0.00386	0.00381	0.00079	0.00377	0.00309	0.00315	0.81365
8	0.01143	0.16259	0.53454	0.01340	0.01965	0.02688	0.06113	0.01625	0.02448	0.04160	0.02081	0.01116	0.00748	0.00495	0.00488	0.00153	0.02375	0.00386	0.00242	0.00720
9	0.01202	0.32893	0.01979	0.01147	0.01316	0.01725	0.01012	0.01333	0.00873	0.01206	0.00679	0.00991	0.00658	0.00708	0.01138	0.00177	0.49776	0.00375	0.00219	0.00591
10	0.00808	0.00578	0.00806	0.00912	0.01028	0.00575	0.00792	0.01041	0.01182	0.01547	0.07720	0.05576	0.03033	0.01373	0.00692	0.00228	0.00451	0.70719	0.00472	0.00466
11	0.01261	0.01238	0.02434	0.09369	0.23254	0.01208	0.42988	0.01655	0.03112	0.06765	0.01083	0.01369	0.00820	0.00460	0.00555	0.00164	0.00729	0.00538	0.00282	0.00718
12	0.00878	0.00439	0.00659	0.00659	0.00659	0.00439	0.00439	0.00659	0.00659	0.00878	0.00878	0.01537	0.00878	0.01757	0.01976	0.85288	0.00439	0.00439	0.00220	0.00220
13	0.00684	0.00509	0.00636	0.00618	0.00739	0.00462	0.00458	0.00888	0.01336	0.01834	0.57759	0.10812	0.19137	0.01130	0.00601	0.00165	0.00247	0.00990	0.00532	0.00462
14	0.00781	0.00568	0.00768	0.00746	0.00790	0.00651	0.00538	0.00865	0.00779	0.01111	0.01353	0.02347	0.01390	0.31636	0.36893	0.06212	0.08595	0.00593	0.02990	0.00394
