[name]
unknown

[dist]
# distance from previous block
# <min> <max>
0	421

[block]
# block no. 0 follows, 48 sequences, length 10
# corresponding to MSA columns:
# 560-569
name=unknown_A
#
# <colnr> <probs for GDERKNQSTAVLIFYWHMCP>
#	G	D	E	R	K	N	Q	S	T	A	V	L	I	F	Y	W	H	M	C	P
0	0.01024	0.00997	0.01954	0.01569	0.01892	0.00953	0.39790	0.01360	0.01196	0.01591	0.01857	0.03532	0.01839	0.00913	0.00656	0.00204	0.00674	0.37051	0.00363	0.00585
1	0.00920	0.00803	0.00961	0.01025	0.09560	0.06528	0.00688	0.01220	0.05663	0.01906	0.54365	0.03130	0.05644	0.00925	0.00629	0.00162	0.04038	0.00794	0.00488	0.00549
2	0.00710	0.00524	0.00664	0.00629	0.00757	0.00477	0.00472	0.00938	0.01415	0.01969	0.68789	0.03979	0.14604	0.01082	0.00605	0.00163	0.00244	0.00948	0.00553	0.00477
3	0.01534	0.18401	0.01586	0.01113	0.01424	0.30632	0.00892	0.02229	0.33580	0.01621	0.01323	0.01321	0.01042	0.00581	0.00460	0.00145	0.00628	0.00424	0.00364	0.00700
4	0.01266	0.00874	0.01046	0.00771	0.01194	0.00678	0.00619	0.01480	0.01150	0.16474	0.01456	0.01494	0.06868	0.00500	0.00424	0.00099	0.00382	0.00405	0.00381	0.62441
5	0.00862	0.00633	0.06725	0.00712	0.00774	0.00524	0.00535	0.00771	0.00725	0.00985	0.01081	0.01955	0.01113	0.20170	0.05387	0.55474	0.00522	0.00514	0.00245	0.00295
6	0.01361	0.26670	0.25603	0.01201	0.01702	0.07393	0.05329	0.05220	0.13328	0.05864	0.01113	0.01182	0.00849	0.00519	0.00452	0.00146	0.00630	0.00399	0.00308	0.00732
7	0.00726	0.00524	0.00686	0.00646	0.00767	0.00484	0.00484	0.00968	0.01452	0.02058	0.78496	0.03833	0.04841	0.01049	0.00605	0.00161	0.00242	0.00928	0.00565	0.00484
8	0.01365	0.02001	0.43285	0.01407	0.06455	0.01254	0.01468	0.24321	0.01527	0.05860	0.05299	0.01321	0.00985	0.00562	0.00504	0.00159	0.00648	0.00445	0.00347	0.00787
9	0.43863	0.00962	0.00991	0.00808	0.01166	0.00996	0.00667	0.05888	0.01221	0.36820	0.01329	0.01264	0.00893	0.00555	0.00417	0.00159	0.00423	0.00394	0.00470	0.00715

[dist]
# distance from previous block
# <min> <max>
0	3

[block]
# block no. 1 follows, 48 sequences, length 28
# corresponding to MSA columns:
# 573-600
name=unknown_B
#
# <colnr> <probs for GDERKNQSTAVLIFYWHMCP>
#	G	D	E	R	K	N	Q	S	T	A	V	L	I	F	Y	W	H	M	C	P
0	0.40588	0.04257	0.12052	0.01576	0.25122	0.03444	0.01082	0.01585	0.01030	0.03822	0.00854	0.01027	0.00672	0.00476	0.00409	0.00155	0.00533	0.00354	0.00287	0.00675
1	0.00673	0.00522	0.00613	0.00590	0.00734	0.00462	0.00443	0.00866	0.01328	0.01761	0.46128	0.04321	0.37394	0.01160	0.00606	0.00167	0.00250	0.00996	0.00526	0.00462
2	0.01397	0.78634	0.02632	0.00898	0.01329	0.05583	0.00883	0.01560	0.01061	0.01209	0.00717	0.00828	0.00659	0.00443	0.00335	0.00111	0.00566	0.00277	0.00222	0.00656
3	0.00733	0.00550	0.00825	0.00825	0.00916	0.00641	0.00641	0.00916	0.00825	0.01191	0.01374	0.02016	0.01283	0.03848	0.79934	0.00825	0.01374	0.00550	0.00275	0.00458
4	0.01446	0.46027	0.08480	0.01012	0.01429	0.09823	0.00957	0.03667	0.15424	0.05670	0.01077	0.01118	0.00865	0.00515	0.00406	0.00132	0.00573	0.00363	0.00310	0.00705
5	0.01242	0.01190	0.02032	0.10421	0.71716	0.01212	0.01561	0.01550	0.01155	0.01642	0.00960	0.01279	0.00801	0.00462	0.00508	0.00154	0.00617	0.00457	0.00252	0.00790
6	0.00625	0.00447	0.00595	0.00714	0.00744	0.00417	0.00476	0.00714	0.00982	0.01310	0.02828	0.81633	0.03394	0.01608	0.00655	0.00208	0.00298	0.01459	0.00476	0.00417
7	0.00669	0.00522	0.00607	0.00586	0.00732	0.00460	0.00439	0.00858	0.01318	0.01739	0.43692	0.04358	0.39845	0.01168	0.00606	0.00167	0.00251	0.01002	0.00523	0.00460
8	0.01213	0.19946	0.32825	0.04666	0.11634	0.03600	0.03108	0.03399	0.03983	0.03970	0.06142	0.01300	0.01015	0.00526	0.00468	0.00149	0.00635	0.00423	0.00279	0.00719
9	0.01410	0.04682	0.04711	0.01961	0.22407	0.07943	0.22299	0.12903	0.08403	0.03438	0.01187	0.01477	0.00944	0.00541	0.00533	0.00160	0.00676	0.03240	0.00332	0.00750
10	0.00746	0.00497	0.00560	0.00560	0.00560	0.00497	0.00311	0.00746	0.00746	0.00995	0.01617	0.03358	0.01865	0.81967	0.02612	0.00497	0.00497	0.00746	0.00311	0.00311
11	0.85592	0.00992	0.00754	0.00675	0.00992	0.01151	0.00556	0.01508	0.00873	0.02302	0.00714	0.00834	0.00556	0.00476	0.00318	0.00159	0.00397	0.00278	0.00318	0.00556
12	0.01677	0.01199	0.01282	0.01024	0.01360	0.01319	0.00837	0.55042	0.06738	0.02852	0.01416	0.01542	0.01064	0.00640	0.00488	0.00151	0.00487	0.02626	0.17476	0.00778
13	0.01548	0.01357	0.01796	0.01508	0.07540	0.05751	0.17865	0.33145	0.15128	0.02384	0.03920	0.01562	0.01137	0.00605	0.00540	0.00163	0.00614	0.02231	0.00426	0.00780
14	0.01010	0.01006	0.06051	0.09373	0.19673	0.00927	0.05673	0.03585	0.03379	0.01595	0.05144	0.20993	0.04002	0.00819	0.00596	0.00166	0.04246	0.00731	0.00345	0.10687
15	0.00614	0.00491	0.00550	0.00597	0.00713	0.00427	0.00424	0.00728	0.01095	0.01356	0.04255	0.35456	0.48649	0.01422	0.00626	0.00187	0.00275	0.01232	0.00476	0.00427
16	0.01342	0.26936	0.04095	0.00987	0.01368	0.02882	0.00859	0.08384	0.34160	0.01851	0.01379	0.01365	0.01078	0.00560	0.00441	0.00139	0.00482	0.00429	0.00385	0.10876
17	0.03206	0.13622	0.19351	0.02507	0.06523	0.01181	0.08086	0.07301	0.02320	0.03699	0.01112	0.01250	0.03420	0.00488	0.00450	0.00131	0.00568	0.00404	0.00297	0.24084
18	0.01458	0.25839	0.26162	0.01098	0.01610	0.01369	0.01164	0.08757	0.04760	0.16094	0.01159	0.01207	0.00852	0.00614	0.02709	0.00162	0.00606	0.00392	0.00341	0.03646
19	0.00667	0.00481	0.00639	0.00743	0.00802	0.00453	0.00538	0.00793	0.01052	0.01391	0.06395	0.59464	0.07668	0.01529	0.00660	0.00209	0.00326	0.15281	0.00480	0.00431
20	0.00684	0.00501	0.00646	0.00685	0.00778	0.00463	0.00502	0.00856	0.01219	0.01652	0.34717	0.33124	0.12660	0.01321	0.00634	0.00187	0.00286	0.08119	0.00513	0.00452
21	0.01474	0.14538	0.23487	0.03766	0.05088	0.01207	0.10385	0.03571	0.04269	0.22431	0.01319	0.04071	0.00977	0.00562	0.00493	0.00156	0.00608	0.00479	0.00365	0.00755
22	0.00993	0.00936	0.01582	0.74549	0.09532	0.01146	0.01437	0.01332	0.01037	0.01340	0.00916	0.01360	0.00694	0.00509	0.00513	0.00170	0.00678	0.00456	0.00230	0.00589
23	0.00675	0.00507	0.00617	0.00672	0.00769	0.00466	0.00496	0.00808	0.01094	0.01407	0.09860	0.29408	0.27326	0.09246	0.00835	0.00226	0.00331	0.14361	0.00467	0.00427
24	0.07401	0.02312	0.62977	0.01439	0.04416	0.01170	0.04246	0.01624	0.03836	0.01686	0.01017	0.03813	0.00777	0.00529	0.00486	0.00164	0.00702	0.00425	0.00247	0.00733
25	0.01349	0.06811	0.01677	0.36738	0.18731	0.06717	0.01265	0.06153	0.03604	0.10474	0.01085	0.01330	0.00814	0.00523	0.00496	0.00158	0.00631	0.00446	0.00309	0.00690
26	0.00856	0.00613	0.00735	0.00764	0.00857	0.03448	0.00553	0.01041	0.03699	0.06173	0.16505	0.47123	0.03146	0.01289	0.00649	0.00189	0.03233	0.03550	0.05090	0.00487
27	0.01301	0.00994	0.01086	0.00966	0.01243	0.01101	0.00753	0.04819	0.55383	0.09811	0.07201	0.05108	0.06405	0.00780	0.00536	0.00172	0.00391	0.00655	0.00531	0.00762

[dist]
# distance from previous block
# <min> <max>
1	6

[block]
# block no. 2 follows, 48 sequences, length 27
# corresponding to MSA columns:
# 607-633
name=unknown_C
#
# <colnr> <probs for GDERKNQSTAVLIFYWHMCP>
#	G	D	E	R	K	N	Q	S	T	A	V	L	I	F	Y	W	H	M	C	P
0	0.03327	0.10377	0.04553	0.08801	0.09842	0.02255	0.00978	0.01413	0.06206	0.02821	0.12111	0.03956	0.01552	0.00721	0.00711	0.00163	0.15149	0.04610	0.00334	0.10120
1	0.01157	0.01124	0.04708	0.27905	0.30442	0.02756	0.01305	0.01527	0.05209	0.03542	0.01036	0.01331	0.00821	0.00595	0.03062	0.00171	0.00625	0.00442	0.00276	0.11966
2	0.01323	0.00633	0.00849	0.00792	0.00985	0.00568	0.00602	0.01478	0.01226	0.32646	0.07727	0.37012	0.04189	0.01142	0.00592	0.00184	0.00357	0.04849	0.02237	0.00609
3	0.01123	0.01123	0.01572	0.01347	0.01347	0.01572	0.01123	0.01235	0.00786	0.01235	0.00674	0.01123	0.00674	0.00898	0.01684	0.00225	0.81028	0.00449	0.00225	0.00561
4	0.00997	0.00934	0.01499	0.64316	0.04857	0.01119	0.01314	0.01310	0.01017	0.01356	0.00897	0.01314	0.00695	0.00523	0.00578	0.00163	0.06168	0.00438	0.00237	0.10268
5	0.00773	0.00502	0.00663	0.00663	0.00691	0.00530	0.00440	0.00781	0.00754	0.01033	0.01391	0.02573	0.01484	0.41408	0.25950	0.18371	0.00753	0.00623	0.00281	0.00337
6	0.00629	0.00457	0.00590	0.00690	0.00735	0.00422	0.00464	0.00724	0.01005	0.01327	0.04956	0.70223	0.10392	0.03890	0.00706	0.00212	0.00299	0.01389	0.00474	0.00417
7	0.00969	0.00912	0.01539	0.80734	0.03534	0.01140	0.01425	0.01311	0.01026	0.01311	0.00912	0.01368	0.00684	0.00513	0.00513	0.00171	0.00684	0.00456	0.00228	0.00570
8	0.00990	0.00933	0.01576	0.75403	0.08704	0.01145	0.01435	0.01329	0.01036	0.01336	0.00916	0.01361	0.00693	0.00509	0.00513	0.00170	0.00679	0.00456	0.00230	0.00587
9	0.60220	0.03890	0.06287	0.00983	0.06509	0.07510	0.00784	0.05607	0.01042	0.02144	0.00779	0.00909	0.00608	0.00486	0.00365	0.00155	0.00492	0.00311	0.00309	0.00610
10	0.00670	0.00531	0.00645	0.00665	0.00797	0.00510	0.00512	0.00821	0.01053	0.01335	0.03629	0.08927	0.42346	0.03573	0.23241	0.00374	0.00607	0.08908	0.00416	0.00441
11	0.00746	0.00500	0.00570	0.00570	0.00574	0.00503	0.00324	0.00753	0.00749	0.01003	0.01607	0.03304	0.01842	0.78845	0.05702	0.00511	0.00532	0.00738	0.00309	0.00317
12	0.00746	0.00497	0.00560	0.00560	0.00560	0.00497	0.00311	0.00746	0.00746	0.00995	0.01617	0.03358	0.01865	0.81967	0.02612	0.00497	0.00497	0.00746	0.00311	0.00311
13	0.01938	0.01346	0.01466	0.01132	0.01530	0.01469	0.00932	0.65218	0.04784	0.10765	0.01351	0.01323	0.00947	0.00620	0.00510	0.00154	0.00538	0.00472	0.02645	0.00861
14	0.01123	0.01123	0.01572	0.01347	0.01347	0.01572	0.01123	0.01235	0.00786	0.01235	0.00674	0.01123	0.00674	0.00898	0.01684	0.00225	0.81028	0.00449	0.00225	0.00561
15	0.00969	0.00912	0.01539	0.80734	0.03534	0.01140	0.01425	0.01311	0.01026	0.01311	0.00912	0.01368	0.00684	0.00513	0.00513	0.00171	0.00684	0.00456	0.00228	0.00570
16	0.01326	0.71737	0.12830	0.00955	0.01437	0.01919	0.01013	0.01548	0.01048	0.01262	0.00741	0.00858	0.00657	0.00445	0.00350	0.00117	0.00576	0.00288	0.00219	0.00672
17	0.00657	0.00474	0.00621	0.00728	0.00778	0.00445	0.00513	0.00766	0.01014	0.01335	0.02926	0.62926	0.08327	0.04574	0.00733	0.00221	0.00327	0.11744	0.00470	0.00422
18	0.07342	0.19443	0.08901	0.01153	0.01492	0.30060	0.01010	0.04835	0.08228	0.03762	0.00942	0.01057	0.00762	0.00559	0.00553	0.00146	0.08441	0.00364	0.00294	0.00657
19	0.01127	0.01308	0.18600	0.04857	0.23336	0.00982	0.05920	0.01528	0.05704	0.07691	0.11271	0.12284	0.01707	0.00720	0.00543	0.00167	0.00547	0.00654	0.00360	0.00694
20	0.00627	0.00504	0.00562	0.00603	0.00733	0.00439	0.00444	0.00753	0.01118	0.01375	0.04367	0.26363	0.52423	0.01393	0.00627	0.00187	0.00285	0.06288	0.00476	0.00431
21	0.00734	0.00515	0.00652	0.00732	0.00793	0.00499	0.00503	0.05875	0.01084	0.01475	0.02653	0.71544	0.03102	0.01482	0.00628	0.00200	0.00312	0.01334	0.05434	0.00451
22	0.01353	0.67304	0.05549	0.03207	0.06626	0.03974	0.00981	0.01581	0.03047	0.01283	0.00781	0.00909	0.00693	0.00453	0.00361	0.00119	0.00571	0.00305	0.00231	0.00673
23	0.01259	0.00831	0.06261	0.03541	0.01214	0.00715	0.05203	0.01484	0.01179	0.22848	0.06699	0.20833	0.01914	0.00885	0.00589	0.00169	0.04518	0.01987	0.17260	0.00611
24	0.00873	0.00590	0.00819	0.00779	0.00926	0.00601	0.00605	0.01066	0.01046	0.07738	0.16195	0.07207	0.05183	0.02515	0.42808	0.00514	0.00881	0.03085	0.00387	0.06184
25	0.01063	0.05598	0.65944	0.01401	0.02086	0.01210	0.04148	0.01682	0.06245	0.01654	0.01020	0.01166	0.00738	0.00501	0.00483	0.00160	0.00713	0.00399	0.03042	0.00747
26	0.07174	0.01232	0.01860	0.06096	0.33187	0.05030	0.12537	0.08312	0.03300	0.14499	0.01174	0.01337	0.00876	0.00510	0.00510	0.00158	0.00615	0.00474	0.00350	0.00769

[dist]
# distance from previous block
# <min> <max>
0	16

[block]
# block no. 3 follows, 48 sequences, length 53
# corresponding to MSA columns:
# 650-702
name=unknown_D
#
# <colnr> <probs for GDERKNQSTAVLIFYWHMCP>
#	G	D	E	R	K	N	Q	S	T	A	V	L	I	F	Y	W	H	M	C	P
0	0.72520	0.03571	0.00901	0.03189	0.02972	0.02990	0.00629	0.01507	0.00913	0.02169	0.00737	0.00873	0.00581	0.00473	0.00335	0.00153	0.00427	0.00290	0.00308	0.04463
1	0.03864	0.03659	0.31680	0.03591	0.18819	0.06698	0.13011	0.01669	0.03246	0.03629	0.01007	0.01212	0.00764	0.00484	0.00496	0.00156	0.00697	0.00433	0.02367	0.02519
2	0.07926	0.01122	0.01659	0.02110	0.43466	0.01079	0.02838	0.04405	0.03564	0.01798	0.00977	0.01198	0.00802	0.00450	0.00459	0.00132	0.00525	0.00407	0.00292	0.24790
3	0.00744	0.00502	0.00585	0.00599	0.00613	0.00499	0.00363	0.00774	0.00813	0.01085	0.04173	0.08059	0.02125	0.69006	0.02299	0.00451	0.00476	0.06158	0.00340	0.00334
4	0.00736	0.00539	0.00769	0.00769	0.00841	0.00611	0.00572	0.00880	0.00808	0.01150	0.01425	0.02299	0.01406	0.20309	0.63641	0.00756	0.01190	0.00591	0.00282	0.00427
5	0.00625	0.00447	0.00595	0.00714	0.00744	0.00417	0.00476	0.00714	0.00982	0.01310	0.02828	0.81633	0.03394	0.01608	0.00655	0.00208	0.00298	0.01459	0.00476	0.00417
6	0.00733	0.00550	0.00825	0.00825	0.00916	0.00641	0.00641	0.00916	0.00825	0.01191	0.01374	0.02016	0.01283	0.03848	0.79934	0.00825	0.01374	0.00550	0.00275	0.00458
7	0.01276	0.01102	0.01160	0.01044	0.01334	0.01276	0.00812	0.02727	0.77840	0.02146	0.02088	0.01914	0.01566	0.00696	0.00522	0.00174	0.00406	0.00580	0.00522	0.00812
8	0.85592	0.00992	0.00754	0.00675	0.00992	0.01151	0.00556	0.01508	0.00873	0.02302	0.00714	0.00834	0.00556	0.00476	0.00318	0.00159	0.00397	0.00278	0.00318	0.00556
9	0.00969	0.00912	0.01539	0.80734	0.03534	0.01140	0.01425	0.01311	0.01026	0.01311	0.00912	0.01368	0.00684	0.00513	0.00513	0.00171	0.00684	0.00456	0.00228	0.00570
10	0.85592	0.00992	0.00754	0.00675	0.00992	0.01151	0.00556	0.01508	0.00873	0.02302	0.00714	0.00834	0.00556	0.00476	0.00318	0.00159	0.00397	0.00278	0.00318	0.00556
11	0.01064	0.00912	0.01064	0.00760	0.01216	0.00684	0.00608	0.01292	0.01064	0.01672	0.00912	0.01064	0.00760	0.00380	0.00380	0.00076	0.00380	0.00304	0.00304	0.85104
12	0.01951	0.01437	0.01540	0.01181	0.01591	0.01591	0.00975	0.77056	0.02412	0.03234	0.01232	0.01232	0.00873	0.00616	0.00513	0.00154	0.00565	0.00462	0.00513	0.00873
13	0.01951	0.01437	0.01540	0.01181	0.01591	0.01591	0.00975	0.77056	0.02412	0.03234	0.01232	0.01232	0.00873	0.00616	0.00513	0.00154	0.00565	0.00462	0.00513	0.00873
14	0.45401	0.07456	0.11668	0.00911	0.01323	0.01191	0.02783	0.07101	0.01135	0.15288	0.01011	0.01065	0.00727	0.00511	0.00397	0.00156	0.00488	0.00353	0.00363	0.00671
15	0.02067	0.01250	0.01424	0.01092	0.01498	0.01314	0.00902	0.52331	0.02099	0.28400	0.01495	0.01403	0.01004	0.00622	0.00514	0.00156	0.00522	0.00480	0.00554	0.00873
16	0.00702	0.00502	0.00684	0.00803	0.00866	0.00483	0.00610	0.00848	0.01058	0.01396	0.02785	0.52633	0.03225	0.01535	0.00675	0.00219	0.00365	0.29697	0.00475	0.00438
17	0.01123	0.01123	0.01572	0.01347	0.01347	0.01572	0.01123	0.01235	0.00786	0.01235	0.00674	0.01123	0.00674	0.00898	0.01684	0.00225	0.81028	0.00449	0.00225	0.00561
18	0.00700	0.00504	0.00673	0.00781	0.00850	0.00482	0.00592	0.00842	0.01058	0.01386	0.02889	0.47800	0.07494	0.03833	0.00728	0.00225	0.00364	0.27894	0.00470	0.00435
19	0.85592	0.00992	0.00754	0.00675	0.00992	0.01151	0.00556	0.01508	0.00873	0.02302	0.00714	0.00834	0.00556	0.00476	0.00318	0.00159	0.00397	0.00278	0.00318	0.00556
20	0.01123	0.01123	0.01572	0.01347	0.01347	0.01572	0.01123	0.01235	0.00786	0.01235	0.00674	0.01123	0.00674	0.00898	0.01684	0.00225	0.81028	0.00449	0.00225	0.00561
21	0.00625	0.00447	0.00595	0.00714	0.00744	0.00417	0.00476	0.00714	0.00982	0.01310	0.02828	0.81633	0.03394	0.01608	0.00655	0.00208	0.00298	0.01459	0.00476	0.00417
22	0.00647	0.00519	0.00577	0.00567	0.00719	0.00450	0.00424	0.00812	0.01258	0.01606	0.29371	0.06778	0.52017	0.01225	0.00607	0.00170	0.00255	0.01042	0.00506	0.00450
23	0.01064	0.00912	0.01064	0.00760	0.01216	0.00684	0.00608	0.01292	0.01064	0.01672	0.00912	0.01064	0.00760	0.00380	0.00380	0.00076	0.00380	0.00304	0.00304	0.85104
24	0.00746	0.00497	0.00560	0.00560	0.00560	0.00497	0.00311	0.00746	0.00746	0.00995	0.01617	0.03358	0.01865	0.81967	0.02612	0.00497	0.00497	0.00746	0.00311	0.00311
25	0.01022	0.00889	0.02836	0.00993	0.01174	0.00961	0.02442	0.04217	0.30688	0.01724	0.02128	0.23004	0.02087	0.03476	0.02345	0.00218	0.07811	0.10914	0.00452	0.00617
26	0.00762	0.00515	0.00611	0.00634	0.00657	0.00515	0.00411	0.00807	0.00830	0.01099	0.01829	0.03827	0.02075	0.66414	0.02244	0.00447	0.00493	0.15144	0.00342	0.00342
27	0.01301	0.01153	0.01171	0.01055	0.01344	0.04275	0.00819	0.02701	0.74927	0.02112	0.02039	0.01877	0.01532	0.00690	0.00520	0.00172	0.00426	0.00571	0.00512	0.00804
28	0.01675	0.01026	0.01703	0.13595	0.20137	0.00994	0.11780	0.01954	0.01295	0.36764	0.02903	0.01565	0.01072	0.00554	0.00528	0.00161	0.00571	0.00513	0.00430	0.00781
29	0.00872	0.00459	0.00688	0.00688	0.00699	0.00470	0.00470	0.00699	0.00688	0.00929	0.00951	0.01616	0.00940	0.02039	0.11693	0.74598	0.00561	0.00459	0.00229	0.00252
30	0.00625	0.00447	0.00595	0.00714	0.00744	0.00417	0.00476	0.00714	0.00982	0.01310	0.02828	0.81633	0.03394	0.01608	0.00655	0.00208	0.00298	0.01459	0.00476	0.00417
31	0.01211	0.01384	0.03028	0.02163	0.02682	0.01298	0.76903	0.01644	0.01211	0.01644	0.01038	0.01384	0.00779	0.00433	0.00606	0.00173	0.00865	0.00606	0.00260	0.00692
32	0.01310	0.12805	0.16610	0.04385	0.36477	0.04398	0.08986	0.01650	0.01164	0.06036	0.00982	0.01201	0.00774	0.00472	0.00488	0.00150	0.00659	0.00430	0.00264	0.00757
33	0.01606	0.00733	0.00977	0.00804	0.01081	0.00655	0.00642	0.01860	0.03696	0.44303	0.34342	0.02633	0.02788	0.00812	0.00554	0.00160	0.00354	0.00692	0.00602	0.00707
34	0.00736	0.00493	0.00563	0.00573	0.00575	0.00491	0.00325	0.00744	0.00766	0.01021	0.01718	0.09878	0.01993	0.75274	0.02449	0.00473	0.00481	0.00806	0.00325	0.00320
35	0.11769	0.56931	0.02343	0.03050	0.04932	0.06365	0.05557	0.01566	0.01061	0.01396	0.00754	0.00899	0.00661	0.00451	0.00365	0.00124	0.00578	0.00311	0.00238	0.00649
36	0.00765	0.00517	0.00651	0.00617	0.00738	0.00483	0.00463	0.01007	0.01388	0.02033	0.65429	0.03506	0.04242	0.00972	0.00563	0.00154	0.00242	0.00851	0.14895	0.00483
37	0.01064	0.00912	0.01064	0.00760	0.01216	0.00684	0.00608	0.01292	0.01064	0.01672	0.00912	0.01064	0.00760	0.00380	0.00380	0.00076	0.00380	0.00304	0.00304	0.85104
38	0.00625	0.00447	0.00595	0.00714	0.00744	0.00417	0.00476	0.00714	0.00982	0.01310	0.02828	0.81633	0.03394	0.01608	0.00655	0.00208	0.00298	0.01459	0.00476	0.00417
39	0.00726	0.00524	0.00686	0.00646	0.00767	0.00484	0.00484	0.00968	0.01452	0.02058	0.78496	0.03833	0.04841	0.01049	0.00605	0.00161	0.00242	0.00928	0.00565	0.00484
40	0.00643	0.00521	0.00571	0.00558	0.00716	0.00449	0.00419	0.00807	0.01256	0.01592	0.27664	0.04599	0.55964	0.01223	0.00606	0.00170	0.00254	0.01035	0.00504	0.00449
41	0.01211	0.01384	0.03028	0.02163	0.02682	0.01298	0.76903	0.01644	0.01211	0.01644	0.01038	0.01384	0.00779	0.00433	0.00606	0.00173	0.00865	0.00606	0.00260	0.00692
42	0.00704	0.00503	0.00685	0.00804	0.00868	0.00484	0.00613	0.00850	0.01060	0.01398	0.02785	0.52150	0.03222	0.01534	0.00676	0.00219	0.00366	0.30167	0.00475	0.00438
43	0.01276	0.01102	0.01160	0.01044	0.01334	0.01276	0.00812	0.02727	0.77840	0.02146	0.02088	0.01914	0.01566	0.00696	0.00522	0.00174	0.00406	0.00580	0.00522	0.00812
44	0.01462	0.69132	0.02485	0.00951	0.01361	0.14853	0.00897	0.01621	0.01110	0.01215	0.00726	0.00840	0.00659	0.00454	0.00351	0.00113	0.00611	0.00284	0.00227	0.00648
45	0.01372	0.82276	0.02689	0.00878	0.01317	0.02030	0.00878	0.01536	0.01043	0.01207	0.00713	0.00823	0.00658	0.00439	0.00329	0.00110	0.00549	0.00274	0.00219	0.00658
46	0.01029	0.02654	0.79309	0.01462	0.02221	0.01192	0.01896	0.01625	0.01083	0.01625	0.00921	0.01083	0.00650	0.00487	0.00487	0.00162	0.00758	0.00379	0.00217	0.00758
47	0.01270	0.01219	0.02083	0.03149	0.78767	0.01219	0.01575	0.01575	0.01168	0.01676	0.00965	0.01270	0.00813	0.00457	0.00508	0.00152	0.00610	0.00457	0.00254	0.00813
48	0.00745	0.00504	0.00592	0.00592	0.00603	0.00515	0.00351	0.00767	0.00756	0.01019	0.01588	0.03196	0.01795	0.72558	0.11925	0.00537	0.00603	0.00723	0.00307	0.00329
49	0.00641	0.00474	0.00660	0.00749	0.00796	0.00441	0.02563	0.00740	0.00994	0.01321	0.02845	0.77297	0.05422	0.01567	0.00652	0.00206	0.00312	0.01425	0.00470	0.00425
50	0.00789	0.00482	0.00592	0.00592	0.00592	0.00482	0.00351	0.00723	0.00723	0.00964	0.01403	0.02829	0.01579	0.58375	0.02433	0.25381	0.00482	0.00658	0.00285	0.00285
51	0.01258	0.01207	0.02062	0.06108	0.75898	0.01216	0.01569	0.01565	0.01163	0.01662	0.00963	0.01274	0.00808	0.00459	0.00508	0.00153	0.00612	0.00457	0.00253	0.00804
52	0.32123	0.32535	0.08399	0.00979	0.03604	0.01482	0.04374	0.03185	0.01027	0.01752	0.00778	0.00913	0.00642	0.00457	0.00364	0.00135	0.00517	0.00311	0.00270	0.06153

[dist]
# distance from previous block
# <min> <max>
0	9

[block]
# block no. 4 follows, 48 sequences, length 35
# corresponding to MSA columns:
# 712-746
name=unknown_E
#
# <colnr> <probs for GDERKNQSTAVLIFYWHMCP>
#	G	D	E	R	K	N	Q	S	T	A	V	L	I	F	Y	W	H	M	C	P
0	0.01040	0.21084	0.02041	0.01303	0.01623	0.01171	0.28758	0.01287	0.01061	0.01392	0.01450	0.21414	0.01471	0.01184	0.11137	0.00253	0.00713	0.00730	0.00306	0.00584
1	0.01511	0.12195	0.01506	0.01211	0.05895	0.23294	0.00910	0.04371	0.34563	0.04154	0.01410	0.01401	0.01091	0.00586	0.00474	0.00148	0.00586	0.00447	0.00390	0.03858
2	0.00625	0.00447	0.00595	0.00714	0.00744	0.00417	0.00476	0.00714	0.00982	0.01310	0.02828	0.81633	0.03394	0.01608	0.00655	0.00208	0.00298	0.01459	0.00476	0.00417
3	0.01322	0.25080	0.37918	0.03619	0.03109	0.05941	0.01360	0.01695	0.01136	0.10674	0.01034	0.03148	0.00801	0.00522	0.00450	0.00146	0.00653	0.00394	0.00278	0.00720
4	0.01039	0.06969	0.45346	0.09438	0.02036	0.02911	0.02946	0.01466	0.01021	0.01463	0.00938	0.01221	0.00740	0.00957	0.10710	0.00250	0.09237	0.00413	0.00228	0.00669
5	0.01342	0.00892	0.00995	0.00840	0.01054	0.00956	0.00639	0.29132	0.04319	0.07151	0.01507	0.02086	0.01318	0.24903	0.07953	0.00309	0.00552	0.00564	0.12875	0.00611
6	0.01190	0.05464	0.15096	0.25952	0.04158	0.03456	0.07350	0.01505	0.01087	0.09905	0.01270	0.01519	0.05319	0.00727	0.03567	0.00194	0.10818	0.00488	0.00290	0.00644
7	0.13117	0.04964	0.01361	0.20188	0.08151	0.02617	0.04594	0.03371	0.02168	0.09176	0.10121	0.03447	0.01408	0.04908	0.02975	0.00202	0.04486	0.01789	0.00349	0.00607
8	0.00709	0.00507	0.00694	0.00810	0.00877	0.00492	0.00621	0.00860	0.01058	0.01398	0.02747	0.49166	0.03164	0.01587	0.02639	0.00235	0.00395	0.31132	0.00470	0.00440
9	0.09714	0.00939	0.01104	0.00940	0.01265	0.00961	0.00763	0.02351	0.28384	0.37319	0.01988	0.02099	0.01465	0.00715	0.00517	0.00171	0.00425	0.07545	0.00550	0.00784
10	0.00868	0.00701	0.00905	0.14832	0.04143	0.04701	0.00724	0.00980	0.01020	0.01302	0.08288	0.07275	0.15455	0.04600	0.07208	0.18646	0.00537	0.07035	0.00343	0.00437
11	0.01096	0.02451	0.68147	0.01519	0.02238	0.01187	0.10017	0.01659	0.01111	0.04465	0.00974	0.01140	0.00687	0.00487	0.00501	0.00164	0.00758	0.00409	0.00237	0.00755
12	0.01917	0.02445	0.01454	0.01322	0.01586	0.79907	0.00991	0.02049	0.01454	0.01256	0.00793	0.00925	0.00661	0.00529	0.00463	0.00132	0.00925	0.00330	0.00264	0.00595
13	0.02134	0.00865	0.01148	0.00895	0.01265	0.00772	0.00734	0.04773	0.03657	0.67778	0.05394	0.01835	0.01427	0.00653	0.00513	0.00157	0.00423	0.00533	0.04205	0.00837
14	0.01225	0.01174	0.02002	0.14653	0.67612	0.01207	0.01553	0.01536	0.01147	0.01622	0.00957	0.01284	0.00794	0.00465	0.00509	0.00155	0.00621	0.00457	0.00250	0.00777
15	0.01372	0.82276	0.02689	0.00878	0.01317	0.02030	0.00878	0.01536	0.01043	0.01207	0.00713	0.00823	0.00658	0.00439	0.00329	0.00110	0.00549	0.00274	0.00219	0.00658
16	0.00610	0.00520	0.00525	0.00524	0.00695	0.00435	0.00393	0.00744	0.01178	0.01407	0.07478	0.04904	0.76265	0.01292	0.00606	0.00173	0.00259	0.01078	0.00479	0.00435
17	0.00610	0.00520	0.00525	0.00524	0.00695	0.00435	0.00393	0.00744	0.01178	0.01407	0.07496	0.04903	0.76247	0.01292	0.00606	0.00173	0.00259	0.01078	0.00479	0.00435
18	0.02266	0.00895	0.01200	0.00924	0.01318	0.00791	0.00762	0.04554	0.03496	0.75021	0.02004	0.01737	0.01267	0.00636	0.00516	0.00159	0.00439	0.00516	0.00629	0.00872
19	0.00937	0.00482	0.00496	0.00492	0.00612	0.00479	0.00369	0.01176	0.01108	0.01925	0.08138	0.02075	0.01612	0.00636	0.00379	0.00123	0.00239	0.00516	0.77726	0.00479
20	0.79938	0.01098	0.03686	0.00723	0.01056	0.03525	0.00618	0.01529	0.00899	0.02246	0.00724	0.00846	0.00562	0.00478	0.00328	0.00158	0.00426	0.00283	0.00312	0.00564
21	0.00740	0.00495	0.00562	0.00568	0.00570	0.00493	0.00320	0.00744	0.00759	0.01012	0.01683	0.07665	0.01950	0.77546	0.02504	0.00482	0.00486	0.00785	0.00320	0.00317
22	0.01300	0.70512	0.02403	0.00850	0.01253	0.04175	0.00825	0.01460	0.01069	0.01229	0.01230	0.01298	0.09593	0.00540	0.00365	0.00118	0.00527	0.00369	0.00250	0.00631
23	0.00972	0.00810	0.01167	0.02940	0.14986	0.00739	0.03554	0.01208	0.01157	0.02747	0.20900	0.03911	0.02058	0.05417	0.07277	0.00213	0.00502	0.03376	0.00371	0.25694
24	0.01361	0.13928	0.13906	0.05949	0.34818	0.06928	0.01363	0.04548	0.05145	0.05792	0.01029	0.01210	0.00812	0.00495	0.00476	0.00148	0.00628	0.00418	0.00286	0.00759
25	0.01273	0.01203	0.02017	0.09362	0.69608	0.01227	0.01539	0.04544	0.01206	0.01708	0.00971	0.01276	0.00805	0.00468	0.00509	0.00154	0.00614	0.00457	0.00262	0.00795
26	0.01276	0.01102	0.01160	0.01044	0.01334	0.01276	0.00812	0.02727	0.77840	0.02146	0.02088	0.01914	0.01566	0.00696	0.00522	0.00174	0.00406	0.00580	0.00522	0.00812
27	0.00746	0.00497	0.00560	0.00560	0.00560	0.00497	0.00311	0.00746	0.00746	0.00995	0.01617	0.03358	0.01865	0.81967	0.02612	0.00497	0.00497	0.00746	0.00311	0.00311
28	0.00627	0.00509	0.00560	0.00595	0.00732	0.00442	0.00442	0.00756	0.01129	0.01381	0.04487	0.21902	0.56254	0.01376	0.00625	0.00186	0.00284	0.06804	0.00476	0.00433
29	0.00746	0.00497	0.00560	0.00560	0.00560	0.00497	0.00311	0.00746	0.00746	0.00995	0.01617	0.03358	0.01865	0.81967	0.02612	0.00497	0.00497	0.00746	0.00311	0.00311
30	0.01884	0.01241	0.01479	0.08659	0.05662	0.01334	0.00994	0.47365	0.04100	0.19914	0.01389	0.01381	0.00960	0.00605	0.00514	0.00157	0.00545	0.00477	0.00501	0.00840
31	0.01551	0.55970	0.02282	0.01024	0.01406	0.27693	0.00915	0.01705	0.01178	0.01223	0.00740	0.00857	0.00659	0.00469	0.00373	0.00117	0.00673	0.00293	0.00234	0.00638
32	0.01045	0.00721	0.00850	0.00822	0.00994	0.00745	0.00626	0.06761	0.18389	0.07592	0.10960	0.27955	0.04788	0.01088	0.00578	0.00182	0.00354	0.07330	0.07631	0.00589
33	0.01424	0.58902	0.12373	0.01012	0.01485	0.03971	0.02621	0.06027	0.01166	0.05677	0.00852	0.00946	0.00706	0.00469	0.00380	0.00124	0.00588	0.00321	0.00261	0.00695
34	0.00733	0.00550	0.00825	0.00825	0.00916	0.00641	0.00641	0.00916	0.00825	0.01191	0.01374	0.02016	0.01283	0.03848	0.79934	0.00825	0.01374	0.00550	0.00275	0.00458

[dist]
# distance from previous block
# <min> <max>
0	20

[block]
# block no. 5 follows, 48 sequences, length 28
# corresponding to MSA columns:
# 767-794
name=unknown_F
#
# <colnr> <probs for GDERKNQSTAVLIFYWHMCP>
#	G	D	E	R	K	N	Q	S	T	A	V	L	I	F	Y	W	H	M	C	P
0	0.00705	0.00563	0.00673	0.00672	0.00812	0.00530	0.00530	0.00886	0.01236	0.01601	0.25857	0.04586	0.39939	0.01228	0.00676	0.00183	0.04149	0.14225	0.00489	0.00461
1	0.49003	0.02556	0.01453	0.01376	0.13817	0.01240	0.13523	0.05138	0.01050	0.02073	0.00832	0.01026	0.00656	0.00489	0.00462	0.00162	0.03829	0.00377	0.00301	0.00637
2	0.01186	0.01441	0.18923	0.05273	0.03618	0.01320	0.02352	0.08088	0.14334	0.02847	0.02630	0.03299	0.01013	0.00793	0.02730	0.00202	0.28452	0.00497	0.00320	0.00682
3	0.00775	0.00553	0.00764	0.00879	0.00972	0.00546	0.00728	0.00970	0.01122	0.01467	0.02716	0.24275	0.03033	0.03487	0.00743	0.00236	0.00430	0.55378	0.00469	0.00455
4	0.00733	0.00550	0.00825	0.00825	0.00916	0.00641	0.00641	0.00916	0.00825	0.01191	0.01374	0.02016	0.01283	0.03848	0.79934	0.00825	0.01374	0.00550	0.00275	0.00458
5	0.01053	0.01015	0.05741	0.08286	0.01492	0.00757	0.00761	0.01313	0.01062	0.01635	0.00913	0.01094	0.00746	0.00399	0.00399	0.00090	0.00431	0.00323	0.00292	0.72200
6	0.01474	0.01925	0.12203	0.01402	0.01773	0.36788	0.15260	0.01920	0.12076	0.01571	0.07583	0.01416	0.01161	0.00572	0.00513	0.00152	0.00761	0.00474	0.00318	0.00656
7	0.00653	0.00522	0.00584	0.00568	0.00721	0.00453	0.00426	0.00826	0.01279	0.01645	0.33493	0.04511	0.50101	0.01203	0.00606	0.00169	0.00253	0.01023	0.00511	0.00453
8	0.00714	0.00486	0.00632	0.00680	0.00756	0.00451	0.00477	0.00865	0.01159	0.03422	0.27872	0.48049	0.05653	0.01342	0.00619	0.00186	0.00279	0.01202	0.04704	0.00453
9	0.01125	0.01083	0.01875	0.39693	0.39348	0.01186	0.05399	0.01454	0.01103	0.01502	0.00944	0.01322	0.00750	0.00482	0.00515	0.00162	0.00658	0.00464	0.00242	0.00692
10	0.00630	0.00521	0.00553	0.00545	0.00708	0.00443	0.00409	0.00783	0.01226	0.01520	0.19807	0.04718	0.63866	0.01250	0.00606	0.00171	0.00256	0.01052	0.00494	0.00443
11	0.01085	0.01025	0.02111	0.05379	0.02000	0.00985	0.45880	0.01278	0.01008	0.01358	0.00979	0.01446	0.00814	0.00921	0.01103	0.30619	0.00706	0.00541	0.00245	0.00518
12	0.01270	0.01219	0.02083	0.03149	0.78767	0.01219	0.01575	0.01575	0.01168	0.01676	0.00965	0.01270	0.00813	0.00457	0.00508	0.00152	0.00610	0.00457	0.00254	0.00813
13	0.01446	0.00812	0.00972	0.00903	0.05604	0.00815	0.00656	0.17363	0.01439	0.19266	0.04211	0.06243	0.01442	0.04879	0.00576	0.00163	0.00390	0.00565	0.31598	0.00657
14	0.00795	0.00556	0.00708	0.00659	0.00800	0.00517	0.00498	0.01067	0.03950	0.04950	0.67512	0.03774	0.10176	0.01041	0.00599	0.00163	0.00256	0.00912	0.00559	0.00506
15	0.01276	0.01102	0.01160	0.01044	0.01334	0.01276	0.00812	0.02727	0.77840	0.02146	0.02088	0.01914	0.01566	0.00696	0.00522	0.00174	0.00406	0.00580	0.00522	0.00812
16	0.00821	0.00650	0.00836	0.00823	0.00934	0.02689	0.00624	0.01136	0.09904	0.01365	0.07567	0.06932	0.01746	0.08863	0.51982	0.00618	0.01032	0.00646	0.00341	0.00492
17	0.01940	0.02202	0.01456	0.01279	0.01574	0.62984	0.00978	0.14738	0.01617	0.05226	0.00925	0.01015	0.00725	0.00548	0.00474	0.00137	0.00842	0.00361	0.00324	0.00655
18	0.01235	0.01279	0.02329	0.01744	0.02177	0.01290	0.48414	0.02049	0.29901	0.01832	0.01431	0.01583	0.01073	0.00531	0.00574	0.00173	0.00693	0.00596	0.00358	0.00737
19	0.01290	0.00673	0.00879	0.00754	0.00980	0.00616	0.00591	0.01577	0.05400	0.28374	0.46590	0.03048	0.05292	0.00896	0.00570	0.00161	0.00317	0.00773	0.00584	0.00633
20	0.01192	0.01249	0.01677	0.51335	0.14660	0.14911	0.04897	0.01496	0.01131	0.01373	0.00905	0.01276	0.00704	0.00503	0.00508	0.00161	0.00723	0.00441	0.00240	0.00617
21	0.59872	0.00977	0.00902	0.00758	0.01101	0.01060	0.00625	0.04659	0.01093	0.23117	0.01088	0.01096	0.00761	0.00525	0.00379	0.00159	0.00414	0.00349	0.00411	0.00654
22	0.00981	0.00601	0.00706	0.00668	0.00876	0.00523	0.00534	0.01145	0.01240	0.16846	0.06542	0.04403	0.49020	0.01178	0.00604	0.00180	0.00328	0.12587	0.00510	0.00528
23	0.00746	0.00497	0.00560	0.00560	0.00560	0.00497	0.00311	0.00746	0.00746	0.00995	0.01617	0.03358	0.01865	0.81967	0.02612	0.00497	0.00497	0.00746	0.00311	0.00311
24	0.85592	0.00992	0.00754	0.00675	0.00992	0.01151	0.00556	0.01508	0.00873	0.02302	0.00714	0.00834	0.00556	0.00476	0.00318	0.00159	0.00397	0.00278	0.00318	0.00556
25	0.00751	0.00503	0.00575	0.00582	0.00589	0.00503	0.00341	0.00765	0.00772	0.01027	0.01682	0.03502	0.01930	0.77199	0.02499	0.00482	0.00496	0.05161	0.00320	0.00320
26	0.01412	0.21452	0.12514	0.01106	0.01510	0.09227	0.01017	0.11463	0.31346	0.01890	0.01353	0.01348	0.01040	0.00577	0.00463	0.00150	0.00561	0.00438	0.00379	0.00753
27	0.58261	0.05455	0.13529	0.00944	0.04851	0.01175	0.00850	0.01549	0.00959	0.04558	0.00867	0.01086	0.00690	0.00511	0.00374	0.00159	0.00476	0.02784	0.00309	0.00613

[dist]
# distance from previous block
# <min> <max>
0	1

[block]
# block no. 6 follows, 48 sequences, length 27
# corresponding to MSA columns:
# 796-822
name=unknown_G
#
# <colnr> <probs for GDERKNQSTAVLIFYWHMCP>
#	G	D	E	R	K	N	Q	S	T	A	V	L	I	F	Y	W	H	M	C	P
0	0.01564	0.38131	0.02021	0.01039	0.01420	0.01737	0.00928	0.32027	0.04462	0.02076	0.01053	0.01251	0.00873	0.00589	0.00512	0.00142	0.05644	0.03434	0.00360	0.00737
1	0.01921	0.02312	0.01465	0.01303	0.01587	0.69561	0.00989	0.11958	0.01581	0.01517	0.00851	0.00966	0.00689	0.00540	0.00469	0.00135	0.00878	0.00348	0.00297	0.00632
2	0.00626	0.00519	0.00531	0.00528	0.00695	0.00438	0.00396	0.00768	0.01187	0.01452	0.10396	0.04762	0.70759	0.01259	0.00598	0.00171	0.00258	0.01052	0.03168	0.00438
3	0.85592	0.00992	0.00754	0.00675	0.00992	0.01151	0.00556	0.01508	0.00873	0.02302	0.00714	0.00834	0.00556	0.00476	0.00318	0.00159	0.00397	0.00278	0.00318	0.00556
4	0.01229	0.01206	0.02214	0.02672	0.51962	0.01182	0.21954	0.01564	0.01173	0.01686	0.01040	0.01351	0.00843	0.00461	0.00523	0.00155	0.00650	0.00499	0.06881	0.00754
5	0.01530	0.01162	0.01431	0.01118	0.01462	0.01229	0.08450	0.43111	0.01862	0.06325	0.04655	0.04189	0.14433	0.00764	0.00591	0.00162	0.03796	0.00625	0.00472	0.02631
6	0.02252	0.00954	0.01241	0.00951	0.01350	0.00874	0.00786	0.13161	0.01604	0.68271	0.01911	0.01673	0.01213	0.00632	0.00516	0.00158	0.00455	0.00508	0.00618	0.00873
7	0.00746	0.00497	0.00560	0.00560	0.00560	0.00497	0.00311	0.00746	0.00746	0.00995	0.01617	0.03358	0.01865	0.81967	0.02612	0.00497	0.00497	0.00746	0.00311	0.00311
8	0.01064	0.00912	0.01064	0.00760	0.01216	0.00684	0.00608	0.01292	0.01064	0.01672	0.00912	0.01064	0.00760	0.00380	0.00380	0.00076	0.00380	0.00304	0.00304	0.85104
9	0.02302	0.00873	0.01191	0.00913	0.01310	0.00754	0.00754	0.02501	0.01469	0.79122	0.02024	0.01746	0.01270	0.00635	0.00516	0.00159	0.00437	0.00516	0.00635	0.00873
10	0.00674	0.00542	0.00604	0.00585	0.00743	0.00482	0.00440	0.00892	0.03961	0.01661	0.32224	0.04423	0.48571	0.01186	0.00603	0.00169	0.00258	0.01008	0.00511	0.00465
11	0.01211	0.01384	0.03028	0.02163	0.02682	0.01298	0.76903	0.01644	0.01211	0.01644	0.01038	0.01384	0.00779	0.00433	0.00606	0.00173	0.00865	0.00606	0.00260	0.00692
12	0.02302	0.00873	0.01191	0.00913	0.01310	0.00754	0.00754	0.02501	0.01469	0.79122	0.02024	0.01746	0.01270	0.00635	0.00516	0.00159	0.00437	0.00516	0.00635	0.00873
13	0.01770	0.00796	0.01035	0.00833	0.01139	0.00726	0.00673	0.07462	0.01507	0.48043	0.22136	0.02271	0.02187	0.00740	0.00529	0.00156	0.00381	0.00618	0.06253	0.00744
14	0.01064	0.00912	0.01064	0.00760	0.01216	0.00684	0.00608	0.01292	0.01064	0.01672	0.00912	0.01064	0.00760	0.00380	0.00380	0.00076	0.00380	0.00304	0.00304	0.85104
15	0.01986	0.01380	0.01505	0.01154	0.01563	0.01507	0.00953	0.69531	0.02317	0.10893	0.01312	0.01284	0.00913	0.00618	0.00514	0.00154	0.00552	0.00467	0.00526	0.00873
16	0.00746	0.00497	0.00560	0.00560	0.00560	0.00497	0.00311	0.00746	0.00746	0.00995	0.01617	0.03358	0.01865	0.81967	0.02612	0.00497	0.00497	0.00746	0.00311	0.00311
17	0.04106	0.01122	0.01261	0.00944	0.01371	0.01072	0.00771	0.32028	0.01647	0.10736	0.01156	0.01199	0.00855	0.00506	0.00447	0.00119	0.00461	0.00390	0.00425	0.39385
18	0.01559	0.01627	0.17292	0.01408	0.01896	0.01405	0.16165	0.42565	0.03580	0.02530	0.04046	0.01345	0.00974	0.00572	0.00530	0.00160	0.00647	0.00494	0.00406	0.00798
19	0.01632	0.01171	0.01269	0.01045	0.01382	0.01295	0.00840	0.33431	0.33213	0.10116	0.01695	0.01615	0.01230	0.00649	0.00505	0.00160	0.00462	0.00517	0.06955	0.00818
20	0.00746	0.00497	0.00560	0.00560	0.00560	0.00497	0.00311	0.00746	0.00746	0.00995	0.01617	0.03358	0.01865	0.81967	0.02612	0.00497	0.00497	0.00746	0.00311	0.00311
21	0.01134	0.00923	0.01121	0.02805	0.04495	0.00756	0.00693	0.03333	0.03824	0.04888	0.03352	0.01354	0.00994	0.00462	0.00418	0.00097	0.00403	0.02432	0.00339	0.66177
22	0.00830	0.00751	0.02689	0.00920	0.08413	0.03022	0.00635	0.01154	0.08284	0.01759	0.34180	0.03644	0.29727	0.01018	0.00582	0.00165	0.00332	0.00874	0.00483	0.00538
23	0.00944	0.00735	0.00896	0.00712	0.01014	0.00595	0.00556	0.01178	0.01252	0.03958	0.36205	0.02341	0.02629	0.00691	0.00486	0.00117	0.00319	0.00593	0.00432	0.44348
24	0.00656	0.00460	0.00586	0.00675	0.00697	0.00437	0.00434	0.00723	0.00922	0.01229	0.02518	0.61604	0.03003	0.22170	0.01156	0.00282	0.00349	0.01276	0.00434	0.00390
25	0.48084	0.03885	0.04288	0.06425	0.05064	0.03440	0.02418	0.14368	0.01198	0.02228	0.00861	0.01007	0.00661	0.00512	0.00420	0.00157	0.02192	0.00349	0.01805	0.00637
26	0.54169	0.01155	0.02825	0.01050	0.07550	0.06238	0.04722	0.03883	0.02872	0.07677	0.00930	0.01043	0.00703	0.00500	0.00387	0.00156	0.00485	0.00351	0.02677	0.00627

[dist]
# distance from previous block
# <min> <max>
0	19

[block]
# block no. 7 follows, 48 sequences, length 29
# corresponding to MSA columns:
# 842-870
name=unknown_H
#
# <colnr> <probs for GDERKNQSTAVLIFYWHMCP>
#	G	D	E	R	K	N	Q	S	T	A	V	L	I	F	Y	W	H	M	C	P
0	0.01423	0.07324	0.01625	0.03256	0.24404	0.01223	0.02618	0.11321	0.19701	0.09585	0.01394	0.03373	0.01089	0.00572	0.00492	0.00150	0.00510	0.00492	0.00396	0.09054
1	0.16891	0.28800	0.05507	0.01362	0.14716	0.13889	0.02720	0.01665	0.03802	0.03006	0.00911	0.02988	0.00779	0.00507	0.00411	0.00139	0.00595	0.00372	0.00276	0.00665
2	0.00868	0.00593	0.00825	0.06833	0.01130	0.00604	0.00708	0.01064	0.02795	0.07088	0.02513	0.40816	0.02775	0.01352	0.00677	0.00211	0.02615	0.25578	0.00462	0.00493
3	0.04166	0.00847	0.01251	0.40423	0.02311	0.00909	0.01025	0.01485	0.01133	0.16106	0.05125	0.05501	0.01208	0.00620	0.00501	0.00157	0.00530	0.02308	0.02477	0.11918
4	0.00956	0.00478	0.00478	0.00478	0.00598	0.00478	0.00359	0.01196	0.01076	0.01913	0.01674	0.01913	0.01315	0.00598	0.00359	0.00120	0.00239	0.00478	0.84816	0.00478
5	0.00634	0.00453	0.00605	0.00724	0.00758	0.00424	0.00491	0.00729	0.00991	0.01319	0.02823	0.78427	0.03375	0.01599	0.00657	0.00210	0.00305	0.04580	0.00476	0.00419
6	0.00606	0.00520	0.00520	0.00520	0.00693	0.00433	0.00390	0.00736	0.01170	0.01386	0.05198	0.04938	0.78558	0.01299	0.00606	0.00173	0.00260	0.01083	0.00476	0.00433
7	0.01064	0.00912	0.01064	0.00760	0.01216	0.00684	0.00608	0.01292	0.01064	0.01672	0.00912	0.01064	0.00760	0.00380	0.00380	0.00076	0.00380	0.00304	0.00304	0.85104
8	0.01028	0.00683	0.00897	0.00779	0.00919	0.00753	0.06933	0.02963	0.01070	0.01808	0.01445	0.01722	0.01154	0.00634	0.00602	0.00142	0.13648	0.00484	0.61817	0.00519
9	0.02302	0.00873	0.01191	0.00913	0.01310	0.00754	0.00754	0.02501	0.01469	0.79122	0.02024	0.01746	0.01270	0.00635	0.00516	0.00159	0.00437	0.00516	0.00635	0.00873
10	0.00612	0.00520	0.00528	0.00526	0.00697	0.00436	0.00394	0.00747	0.01183	0.01418	0.08689	0.04885	0.75048	0.01288	0.00606	0.00173	0.00259	0.01076	0.00481	0.00436
11	0.01372	0.82276	0.02689	0.00878	0.01317	0.02030	0.00878	0.01536	0.01043	0.01207	0.00713	0.00823	0.00658	0.00439	0.00329	0.00110	0.00549	0.00274	0.00219	0.00658
12	0.01211	0.01384	0.03028	0.02163	0.02682	0.01298	0.76903	0.01644	0.01211	0.01644	0.01038	0.01384	0.00779	0.00433	0.00606	0.00173	0.00865	0.00606	0.00260	0.00692
13	0.01372	0.82276	0.02689	0.00878	0.01317	0.02030	0.00878	0.01536	0.01043	0.01207	0.00713	0.00823	0.00658	0.00439	0.00329	0.00110	0.00549	0.00274	0.00219	0.00658
14	0.01197	0.00895	0.01066	0.00777	0.01215	0.00685	0.00622	0.01418	0.01109	0.10680	0.01092	0.03260	0.00889	0.00442	0.00403	0.00089	0.00384	0.00359	0.00347	0.73072
15	0.00733	0.00550	0.00825	0.00825	0.00916	0.00641	0.00641	0.00916	0.00825	0.01191	0.01374	0.02016	0.01283	0.03848	0.79934	0.00825	0.01374	0.00550	0.00275	0.00458
16	0.00746	0.00497	0.00560	0.00560	0.00560	0.00497	0.00311	0.00746	0.00746	0.00995	0.01617	0.03358	0.01865	0.81967	0.02612	0.00497	0.00497	0.00746	0.00311	0.00311
17	0.00969	0.00912	0.01539	0.80734	0.03534	0.01140	0.01425	0.01311	0.01026	0.01311	0.00912	0.01368	0.00684	0.00513	0.00513	0.00171	0.00684	0.00456	0.00228	0.00570
18	0.00801	0.00573	0.00794	0.00890	0.01003	0.00565	0.00759	0.01029	0.01206	0.01592	0.12999	0.10177	0.03236	0.01379	0.00691	0.00224	0.00431	0.60694	0.00485	0.00471
19	0.01276	0.01102	0.01160	0.01044	0.01334	0.01276	0.00812	0.02727	0.77840	0.02146	0.02088	0.01914	0.01566	0.00696	0.00522	0.00174	0.00406	0.00580	0.00522	0.00812
20	0.00969	0.00912	0.01539	0.80734	0.03534	0.01140	0.01425	0.01311	0.01026	0.01311	0.00912	0.01368	0.00684	0.00513	0.00513	0.00171	0.00684	0.00456	0.00228	0.00570
21	0.01372	0.82276	0.02689	0.00878	0.01317	0.02030	0.00878	0.01536	0.01043	0.01207	0.00713	0.00823	0.00658	0.00439	0.00329	0.00110	0.00549	0.00274	0.00219	0.00658
22	0.00713	0.00524	0.00668	0.00632	0.00759	0.00479	0.00474	0.00943	0.01422	0.01985	0.70608	0.03952	0.12775	0.01076	0.00605	0.00163	0.00244	0.00945	0.00555	0.00479
23	0.02302	0.00873	0.01191	0.00913	0.01310	0.00754	0.00754	0.02501	0.01469	0.79122	0.02024	0.01746	0.01270	0.00635	0.00516	0.00159	0.00437	0.00516	0.00635	0.00873
24	0.05118	0.00986	0.01223	0.00967	0.01242	0.01031	0.00790	0.03201	0.01008	0.01605	0.04106	0.01195	0.00895	0.00600	0.00846	0.00137	0.28576	0.00384	0.00293	0.45795
