[name]
unknown

[dist]
# distance from previous block
# <min> <max>
0	257

[block]
# block no. 0 follows, 47 sequences, length 42
# corresponding to MSA columns:
# 282-323
name=unknown_A
#
# <colnr> <probs for GDERKNQSTAVLIFYWHMCP>
#	G	D	E	R	K	N	Q	S	T	A	V	L	I	F	Y	W	H	M	C	P
0	0.00674	0.00489	0.00644	0.00746	0.00808	0.00459	0.00538	0.00803	0.01074	0.01419	0.07389	0.58107	0.09115	0.01542	0.00667	0.00211	0.00326	0.14062	0.00488	0.00438
1	0.05926	0.01983	0.45845	0.06613	0.02004	0.01126	0.01463	0.07562	0.01223	0.08810	0.01048	0.01175	0.00747	0.00505	0.00477	0.00153	0.00648	0.00393	0.00300	0.11999
2	0.03544	0.01307	0.11204	0.01285	0.01744	0.03818	0.17113	0.02185	0.09887	0.36975	0.01595	0.01555	0.01082	0.00572	0.00529	0.00162	0.00588	0.00514	0.00465	0.03875
3	0.00886	0.00536	0.00642	0.00658	0.00776	0.00513	0.00477	0.01106	0.04039	0.06878	0.11833	0.31654	0.09457	0.01184	0.02329	0.00185	0.00313	0.00970	0.25066	0.00499
4	0.00703	0.00483	0.00622	0.00710	0.00768	0.00448	0.00486	0.00800	0.01022	0.03804	0.02989	0.63413	0.10473	0.06979	0.00792	0.00227	0.00323	0.04046	0.00477	0.00434
5	0.01156	0.00746	0.01019	0.00932	0.01107	0.00742	0.05031	0.11148	0.01287	0.14166	0.03991	0.42682	0.02468	0.03786	0.00722	0.00204	0.03279	0.04463	0.00489	0.00581
6	0.01495	0.01277	0.05645	0.14625	0.02336	0.04125	0.32138	0.06877	0.01343	0.19357	0.01333	0.01636	0.00979	0.00561	0.00565	0.00171	0.00708	0.03732	0.00370	0.00726
7	0.00654	0.00470	0.00602	0.00705	0.00759	0.00435	0.00485	0.00762	0.01032	0.01371	0.03098	0.66221	0.11920	0.01549	0.00651	0.00205	0.00304	0.04794	0.03554	0.00430
8	0.01289	0.01178	0.01262	0.01113	0.01383	0.08598	0.05922	0.05469	0.48249	0.01944	0.01910	0.04108	0.01589	0.07442	0.00722	0.00204	0.00510	0.05924	0.00464	0.00721
9	0.01467	0.01061	0.01558	0.01227	0.01523	0.04744	0.16694	0.06081	0.04715	0.22011	0.20218	0.02067	0.01952	0.00737	0.00721	0.00173	0.11271	0.00627	0.00461	0.00692
10	0.01237	0.01102	0.01144	0.00851	0.01291	0.08522	0.00676	0.04826	0.01191	0.03646	0.00956	0.01091	0.00779	0.00418	0.00403	0.00088	0.00450	0.00324	0.00323	0.70681
11	0.01522	0.55434	0.02320	0.01043	0.01411	0.22610	0.00938	0.01677	0.01151	0.01240	0.00743	0.00883	0.00670	0.00501	0.00463	0.00125	0.06082	0.00306	0.00235	0.00644
12	0.01295	0.01119	0.01178	0.01060	0.01354	0.01295	0.00824	0.02767	0.77509	0.02178	0.02120	0.01943	0.01590	0.00707	0.00530	0.00177	0.00412	0.00589	0.00530	0.00824
13	0.01440	0.03150	0.35601	0.03314	0.01992	0.10715	0.11100	0.03554	0.03479	0.16128	0.01245	0.03846	0.00918	0.00566	0.00518	0.00163	0.00708	0.00478	0.00336	0.00750
14	0.03441	0.01044	0.01667	0.08390	0.01838	0.01058	0.22694	0.01944	0.20756	0.15459	0.10216	0.02060	0.05693	0.00668	0.00561	0.00171	0.00551	0.00632	0.00444	0.00714
15	0.00640	0.00529	0.00562	0.00554	0.00719	0.00450	0.00415	0.00796	0.01246	0.01547	0.20250	0.04781	0.63177	0.01267	0.00615	0.00173	0.00260	0.01067	0.00502	0.00450
16	0.01179	0.01132	0.01948	0.30537	0.49551	0.01211	0.03893	0.01506	0.01136	0.01569	0.00963	0.01328	0.00777	0.00483	0.00520	0.00162	0.00654	0.00468	0.00249	0.00734
17	0.01424	0.01589	0.17426	0.05361	0.07310	0.05719	0.33922	0.01816	0.01244	0.15495	0.01177	0.01370	0.00843	0.00508	0.00579	0.00168	0.02469	0.00517	0.00321	0.00743
18	0.10708	0.00898	0.01164	0.00902	0.01297	0.00806	0.00745	0.02436	0.01430	0.71101	0.01920	0.01679	0.01216	0.00628	0.00503	0.00161	0.00439	0.00499	0.00612	0.00854
19	0.01045	0.02694	0.79000	0.01484	0.02254	0.01209	0.01924	0.01649	0.01099	0.01649	0.00935	0.01099	0.00660	0.00495	0.00495	0.00165	0.00770	0.00385	0.00220	0.00770
20	0.08506	0.07270	0.08120	0.04162	0.07233	0.01000	0.02939	0.05201	0.01340	0.36488	0.06509	0.06224	0.01398	0.00663	0.00506	0.00161	0.00496	0.00549	0.00475	0.00760
21	0.01500	0.00878	0.05594	0.00937	0.01230	0.00732	0.05026	0.02655	0.02974	0.35096	0.12717	0.12427	0.07118	0.00938	0.00685	0.05900	0.01665	0.00735	0.00518	0.00674
22	0.00644	0.00475	0.00605	0.00694	0.00757	0.00435	0.00479	0.00757	0.01068	0.01403	0.08693	0.61314	0.15733	0.01535	0.00654	0.00203	0.00297	0.03333	0.00490	0.00432
23	0.01272	0.01220	0.02082	0.07583	0.74199	0.01233	0.01590	0.01583	0.01178	0.01680	0.00976	0.01295	0.00817	0.00467	0.00516	0.00156	0.00623	0.00464	0.00256	0.00811
24	0.04518	0.06549	0.01605	0.01249	0.07469	0.02527	0.13274	0.05940	0.04187	0.09474	0.05510	0.01488	0.03009	0.00524	0.00475	0.00130	0.00515	0.00465	0.00364	0.30728
25	0.00865	0.00560	0.00756	0.00745	0.00857	0.00570	0.00552	0.01014	0.01014	0.08667	0.09593	0.15378	0.10153	0.12155	0.34132	0.00497	0.00791	0.00821	0.00401	0.00480
26	0.00826	0.00631	0.00809	0.00919	0.05355	0.00643	0.00609	0.01169	0.15054	0.01507	0.05841	0.46866	0.04339	0.04413	0.00798	0.05936	0.00360	0.02957	0.00459	0.00507
27	0.03073	0.01188	0.01904	0.07194	0.60516	0.02603	0.01454	0.04040	0.01230	0.04659	0.01138	0.01606	0.00976	0.00547	0.00525	0.00162	0.00607	0.05498	0.00296	0.00782
28	0.01383	0.14541	0.05577	0.13758	0.13387	0.07699	0.11396	0.11871	0.03642	0.03035	0.02392	0.01268	0.00858	0.00549	0.00585	0.00159	0.06435	0.00454	0.00302	0.00710
29	0.01163	0.00943	0.01134	0.05473	0.06543	0.02742	0.00736	0.04915	0.01197	0.06759	0.01617	0.04399	0.10423	0.00588	0.00458	0.00115	0.00428	0.00488	0.00359	0.49521
30	0.05079	0.01246	0.08138	0.07031	0.04647	0.05090	0.08744	0.10522	0.03346	0.33098	0.06534	0.01635	0.01262	0.00610	0.00525	0.00162	0.00566	0.00518	0.00470	0.00778
31	0.01450	0.00946	0.01011	0.00835	0.01099	0.01007	0.00664	0.34652	0.02702	0.05905	0.01725	0.01889	0.05618	0.05264	0.00587	0.00164	0.00416	0.00532	0.32860	0.00673
32	0.00751	0.00585	0.00697	0.00653	0.00822	0.00528	0.00498	0.01014	0.04619	0.01842	0.45059	0.04025	0.26481	0.01093	0.00599	0.00165	0.00276	0.03573	0.00523	0.06198
33	0.16302	0.01908	0.01136	0.00905	0.01248	0.05435	0.03942	0.03313	0.04661	0.15422	0.07175	0.03396	0.03828	0.00638	0.00498	0.00143	0.02446	0.03138	0.00413	0.24052
34	0.30158	0.00911	0.01009	0.00824	0.01160	0.00910	0.00672	0.02641	0.01204	0.34365	0.04279	0.03853	0.03622	0.00643	0.00504	0.00158	0.03859	0.00480	0.00474	0.08272
35	0.00676	0.00480	0.00636	0.00745	0.00786	0.00457	0.00521	0.00781	0.01005	0.01334	0.02739	0.62872	0.03234	0.09025	0.00857	0.00243	0.00347	0.12373	0.00467	0.00421
36	0.00767	0.00546	0.00722	0.00797	0.00881	0.00534	0.00615	0.00957	0.03330	0.01500	0.12514	0.28334	0.04612	0.08621	0.00901	0.03262	0.00390	0.29797	0.00471	0.00449
37	0.01290	0.01304	0.08483	0.01312	0.05898	0.05359	0.09506	0.13852	0.26584	0.01983	0.01645	0.09928	0.01415	0.06273	0.02604	0.00210	0.00582	0.00636	0.00415	0.00719
38	0.01070	0.01077	0.02041	0.01545	0.01908	0.01025	0.42537	0.05739	0.04064	0.01729	0.07811	0.13736	0.11680	0.00797	0.00613	0.00179	0.00631	0.00820	0.00373	0.00626
39	0.00654	0.00482	0.00616	0.00708	0.00775	0.00444	0.00499	0.00771	0.01070	0.01400	0.07139	0.58486	0.15864	0.01535	0.00658	0.00205	0.00308	0.07465	0.00488	0.00434
40	0.01248	0.01448	0.14133	0.09970	0.10329	0.01228	0.31737	0.06240	0.04607	0.05188	0.05569	0.01511	0.01062	0.00540	0.00592	0.00170	0.02844	0.00548	0.00314	0.00722
41	0.16545	0.01259	0.03939	0.05444	0.01379	0.14938	0.00870	0.06667	0.01174	0.08662	0.01377	0.09085	0.03945	0.05370	0.00832	0.00196	0.15016	0.02350	0.00354	0.00598

[dist]
# distance from previous block
# <min> <max>
0	9

[block]
# block no. 1 follows, 47 sequences, length 30
# corresponding to MSA columns:
# 333-362
name=unknown_B
#
# <colnr> <probs for GDERKNQSTAVLIFYWHMCP>
#	G	D	E	R	K	N	Q	S	T	A	V	L	I	F	Y	W	H	M	C	P
0	0.01849	0.06433	0.01580	0.01150	0.01549	0.01476	0.03310	0.51843	0.09737	0.11038	0.03791	0.01437	0.01109	0.00632	0.00516	0.00157	0.00541	0.00494	0.00510	0.00848
1	0.07792	0.01205	0.03791	0.01304	0.01708	0.01194	0.19569	0.14806	0.17681	0.17345	0.01497	0.01538	0.01078	0.00732	0.04191	0.00197	0.00615	0.00525	0.00444	0.02785
2	0.04562	0.14864	0.01641	0.10713	0.10612	0.10636	0.01013	0.01501	0.03454	0.01462	0.00905	0.01173	0.00777	0.00767	0.05818	0.00190	0.13400	0.00391	0.00267	0.15854
3	0.01160	0.06220	0.11544	0.00873	0.01307	0.00819	0.00802	0.01430	0.01169	0.09641	0.10827	0.05274	0.01450	0.00575	0.00453	0.00117	0.00432	0.00474	0.00367	0.45066
4	0.05588	0.01502	0.19853	0.01264	0.01773	0.01124	0.11414	0.16438	0.01497	0.27728	0.01375	0.01382	0.00933	0.00556	0.00512	0.00158	0.00600	0.00470	0.00435	0.05399
5	0.00872	0.00630	0.00764	0.00706	0.00854	0.02711	0.00534	0.01169	0.04995	0.05693	0.68937	0.03619	0.04472	0.01014	0.00602	0.00163	0.00282	0.00889	0.00566	0.00529
6	0.00983	0.00926	0.01562	0.80447	0.03587	0.01157	0.01446	0.01331	0.01041	0.01331	0.00926	0.01388	0.00694	0.00521	0.00521	0.00174	0.00694	0.00463	0.00231	0.00579
7	0.01242	0.01396	0.02697	0.01986	0.02392	0.04776	0.57629	0.01600	0.01150	0.01565	0.00966	0.01329	0.00763	0.00541	0.00835	0.00185	0.17451	0.00569	0.00256	0.00671
8	0.00699	0.00533	0.00689	0.00725	0.00818	0.00523	0.00539	0.00855	0.01126	0.01506	0.18848	0.31466	0.18529	0.01673	0.09873	0.00270	0.03274	0.07129	0.00469	0.00455
9	0.04315	0.00944	0.01176	0.00928	0.01298	0.00900	0.00759	0.10620	0.09080	0.54753	0.01908	0.01720	0.01258	0.00641	0.00506	0.00159	0.00437	0.00515	0.07242	0.00840
10	0.12031	0.00897	0.01143	0.00892	0.01275	0.00817	0.00735	0.03702	0.01436	0.65430	0.04880	0.01737	0.01339	0.00642	0.00504	0.00161	0.00433	0.00511	0.00602	0.00833
11	0.00691	0.00517	0.00647	0.00682	0.00791	0.00473	0.00509	0.00863	0.01232	0.01638	0.29390	0.26817	0.21953	0.01337	0.00642	0.00190	0.00296	0.10361	0.00514	0.00458
12	0.00691	0.00499	0.00661	0.00744	0.00816	0.00469	0.00545	0.00841	0.01137	0.01525	0.17890	0.48787	0.07121	0.01470	0.00662	0.00206	0.00321	0.14665	0.00501	0.00448
13	0.00657	0.00470	0.00629	0.00739	0.00783	0.00441	0.00512	0.00770	0.01043	0.01396	0.07629	0.70412	0.03502	0.01580	0.00666	0.00211	0.00313	0.07326	0.00489	0.00432
14	0.01043	0.00990	0.01649	0.62313	0.14849	0.01204	0.01445	0.01365	0.01044	0.01381	0.00914	0.01353	0.00713	0.00543	0.00615	0.00175	0.07090	0.00462	0.00235	0.00615
15	0.01128	0.01056	0.01787	0.07669	0.54804	0.01062	0.03625	0.01398	0.01138	0.01597	0.01379	0.18280	0.01371	0.00715	0.00551	0.00169	0.00564	0.00684	0.00304	0.00720
16	0.01163	0.01104	0.01874	0.28858	0.50114	0.01185	0.01506	0.01480	0.01122	0.01556	0.00980	0.01355	0.00802	0.00632	0.03954	0.00191	0.00678	0.00468	0.00250	0.00727
17	0.00634	0.00508	0.00569	0.00606	0.00734	0.00442	0.00441	0.00763	0.01146	0.01424	0.08304	0.27719	0.49793	0.01402	0.00633	0.00188	0.00281	0.03485	0.00488	0.00439
18	0.13567	0.00983	0.01068	0.00898	0.01132	0.03395	0.00701	0.11871	0.05508	0.05779	0.07781	0.03245	0.01411	0.14787	0.01020	0.00218	0.11868	0.00529	0.00384	0.13855
19	0.13833	0.01295	0.07670	0.01801	0.28300	0.05792	0.04693	0.06559	0.02828	0.08604	0.05273	0.04854	0.01152	0.00583	0.00494	0.00157	0.00563	0.00501	0.00351	0.04697
20	0.01018	0.00957	0.01334	0.03579	0.01262	0.01280	0.00966	0.01138	0.00848	0.01268	0.03556	0.07318	0.01217	0.08841	0.06567	0.00288	0.55765	0.02000	0.00274	0.00524
21	0.00825	0.00489	0.00709	0.00713	0.00753	0.00509	0.00504	0.00760	0.00771	0.01044	0.01421	0.05126	0.06044	0.04629	0.24364	0.49468	0.00709	0.00573	0.00270	0.00319
22	0.05629	0.09828	0.06664	0.07784	0.10698	0.04854	0.00997	0.08848	0.07991	0.09828	0.01239	0.04968	0.00998	0.00567	0.00468	0.00142	0.00532	0.00458	0.00363	0.17146
23	0.04111	0.01304	0.01886	0.02413	0.47740	0.05367	0.04626	0.11642	0.06794	0.05683	0.01129	0.01324	0.00889	0.00524	0.00538	0.00158	0.02263	0.00470	0.00333	0.00805
24	0.00735	0.00496	0.00624	0.00670	0.00708	0.00484	0.00435	0.00805	0.00917	0.03066	0.04343	0.38554	0.04065	0.33696	0.07679	0.00375	0.00470	0.01075	0.00407	0.00397
25	0.01406	0.43745	0.07843	0.01189	0.08389	0.09973	0.01005	0.01701	0.05666	0.03951	0.00920	0.01031	0.00769	0.00476	0.00400	0.00123	0.00587	0.00339	0.00272	0.10214
26	0.04880	0.06837	0.05120	0.01082	0.08236	0.00892	0.00830	0.01816	0.02088	0.31584	0.06562	0.05280	0.01375	0.01567	0.00506	0.00145	0.00450	0.00511	0.00452	0.19785
27	0.03461	0.04096	0.05738	0.01044	0.01430	0.06504	0.03250	0.05643	0.06437	0.42175	0.04321	0.01598	0.01224	0.00625	0.00561	0.00157	0.04290	0.00491	0.00503	0.06452
28	0.01394	0.13227	0.07012	0.01081	0.01440	0.01226	0.05454	0.02173	0.33479	0.14668	0.04226	0.01892	0.01440	0.00843	0.04827	0.00202	0.00543	0.03669	0.00451	0.00755
29	0.01144	0.01184	0.02295	0.21201	0.20118	0.01210	0.34559	0.01501	0.01148	0.01562	0.01112	0.06430	0.00940	0.00552	0.00600	0.00174	0.02729	0.00594	0.00267	0.00680

[dist]
# distance from previous block
# <min> <max>
0	90

[block]
# block no. 2 follows, 47 sequences, length 24
# corresponding to MSA columns:
# 453-476
name=unknown_C
#
# <colnr> <probs for GDERKNQSTAVLIFYWHMCP>
#	G	D	E	R	K	N	Q	S	T	A	V	L	I	F	Y	W	H	M	C	P
0	0.01108	0.00819	0.01250	0.38104	0.02266	0.00906	0.03114	0.01444	0.05827	0.12376	0.04004	0.12726	0.08179	0.00829	0.00565	0.00181	0.00533	0.04781	0.00387	0.00600
1	0.00974	0.00581	0.00755	0.00759	0.00891	0.00541	0.00557	0.02725	0.02719	0.13900	0.16961	0.43634	0.07355	0.01303	0.00627	0.00192	0.00327	0.04141	0.00528	0.00531
2	0.10717	0.00915	0.03036	0.00950	0.01275	0.00852	0.04899	0.03875	0.08061	0.34810	0.17117	0.02356	0.02033	0.00758	0.00539	0.00169	0.00434	0.05939	0.00539	0.00725
3	0.01469	0.02946	0.29221	0.01368	0.01877	0.10031	0.09718	0.13779	0.08261	0.10056	0.01319	0.01392	0.03011	0.00581	0.00547	0.00163	0.02667	0.00471	0.00358	0.00764
4	0.01123	0.20503	0.61875	0.01351	0.02048	0.01401	0.01692	0.01629	0.01090	0.01554	0.00887	0.01040	0.00662	0.00484	0.00459	0.00153	0.00722	0.00361	0.00221	0.00747
5	0.01253	0.01048	0.01369	0.01001	0.01455	0.00902	0.09286	0.09700	0.05571	0.04694	0.01084	0.01209	0.00851	0.00445	0.00440	0.00106	0.00466	0.00384	0.00351	0.58387
6	0.01108	0.08961	0.29965	0.01087	0.01533	0.01037	0.03324	0.06794	0.03563	0.06336	0.17906	0.06351	0.08347	0.00764	0.00533	0.00163	0.00531	0.00639	0.00388	0.00670
7	0.01201	0.01031	0.01567	0.47754	0.07684	0.01240	0.01295	0.08805	0.01175	0.05645	0.00982	0.01337	0.00754	0.00592	0.00707	0.00175	0.13533	0.00460	0.00286	0.03778
8	0.04606	0.00823	0.00948	0.00794	0.01065	0.00786	0.00625	0.16032	0.01511	0.10454	0.24308	0.07730	0.14243	0.00886	0.00544	0.00154	0.00365	0.00744	0.00502	0.12880
9	0.00724	0.00528	0.00681	0.00651	0.00772	0.00485	0.00485	0.00955	0.01431	0.02006	0.69699	0.08079	0.09332	0.01110	0.00617	0.00167	0.00250	0.00980	0.00563	0.00485
10	0.01072	0.01014	0.01734	0.64466	0.08806	0.01197	0.08014	0.04778	0.01132	0.01475	0.00955	0.01376	0.00721	0.00514	0.00529	0.00172	0.00699	0.00476	0.00249	0.00621
11	0.01276	0.01137	0.01203	0.01245	0.11221	0.11479	0.00840	0.18816	0.06181	0.01934	0.08817	0.16338	0.09082	0.04887	0.00697	0.00186	0.02840	0.00756	0.00429	0.00638
12	0.20059	0.01445	0.05217	0.01048	0.01417	0.16342	0.00876	0.16103	0.09359	0.21187	0.01323	0.01295	0.00935	0.00584	0.00468	0.00157	0.00568	0.00424	0.00445	0.00749
13	0.00824	0.00594	0.00705	0.00685	0.00845	0.00554	0.00520	0.01114	0.07711	0.05968	0.30361	0.13188	0.28762	0.01183	0.00614	0.00178	0.00295	0.04855	0.00528	0.00515
14	0.01679	0.00764	0.00983	0.00806	0.01109	0.00678	0.00647	0.01934	0.04854	0.46753	0.16017	0.02723	0.15406	0.00839	0.00553	0.00164	0.00372	0.00700	0.02290	0.00728
15	0.24311	0.03448	0.01226	0.13600	0.01634	0.02188	0.00862	0.13118	0.10480	0.18425	0.01316	0.01376	0.00948	0.00725	0.04030	0.00193	0.00541	0.00440	0.00425	0.00713
16	0.00813	0.00591	0.00704	0.00719	0.00830	0.02585	0.00518	0.03377	0.01254	0.04785	0.27567	0.39426	0.12239	0.01310	0.00627	0.00186	0.00311	0.01160	0.00515	0.00486
17	0.00969	0.00626	0.00732	0.00670	0.00873	0.00563	0.00519	0.02572	0.04323	0.13408	0.25060	0.04040	0.39292	0.01112	0.00599	0.00172	0.00304	0.03085	0.00536	0.00546
18	0.06621	0.01039	0.01267	0.00984	0.01381	0.01012	0.00810	0.20008	0.05189	0.53378	0.01797	0.01608	0.01169	0.00634	0.00513	0.00161	0.00470	0.00501	0.00593	0.00866
19	0.01761	0.01136	0.05695	0.08005	0.06270	0.01062	0.05105	0.14589	0.09461	0.33848	0.06318	0.01714	0.01335	0.00633	0.00532	0.00164	0.00523	0.00536	0.00505	0.00809
20	0.00765	0.00513	0.00656	0.00690	0.00789	0.00465	0.00490	0.00911	0.01188	0.06304	0.24193	0.43860	0.14485	0.01368	0.00635	0.00190	0.00289	0.01216	0.00518	0.00473
21	0.10383	0.00868	0.01110	0.00870	0.01243	0.00784	0.00715	0.02339	0.01401	0.65507	0.01897	0.01694	0.01221	0.00626	0.00492	0.00158	0.00424	0.00497	0.06946	0.00824
22	0.01275	0.03822	0.05783	0.13908	0.30488	0.05435	0.03331	0.05770	0.04356	0.06389	0.02613	0.11960	0.01259	0.00671	0.00532	0.00165	0.00591	0.00602	0.00336	0.00712
23	0.04472	0.06874	0.08202	0.08810	0.06258	0.01090	0.05620	0.01381	0.05286	0.04384	0.11835	0.11218	0.02827	0.03064	0.00799	0.00190	0.14037	0.02692	0.00356	0.00605

[dist]
# distance from previous block
# <min> <max>
2	15

[block]
# block no. 3 follows, 47 sequences, length 17
# corresponding to MSA columns:
# 492-508
name=unknown_D
#
# <colnr> <probs for GDERKNQSTAVLIFYWHMCP>
#	G	D	E	R	K	N	Q	S	T	A	V	L	I	F	Y	W	H	M	C	P
0	0.22934	0.09259	0.01560	0.01246	0.06261	0.18654	0.11082	0.01817	0.06354	0.08176	0.02725	0.01246	0.00910	0.00532	0.00447	0.00151	0.00607	0.00416	0.04968	0.00657
1	0.13268	0.05930	0.09958	0.03105	0.19836	0.10189	0.07944	0.07956	0.03920	0.01850	0.00967	0.01148	0.00764	0.00489	0.00465	0.00146	0.00623	0.00405	0.00300	0.10738
2	0.01009	0.00550	0.00765	0.00729	0.00770	0.00566	0.00505	0.08091	0.00851	0.01136	0.00938	0.01551	0.00903	0.01694	0.01888	0.76592	0.00464	0.00454	0.00255	0.00290
3	0.01179	0.04221	0.01275	0.00892	0.01338	0.05811	0.04546	0.03546	0.01151	0.01700	0.00939	0.01098	0.00775	0.00411	0.00404	0.00090	0.00456	0.00332	0.01768	0.68067
4	0.01072	0.07897	0.66235	0.01375	0.02092	0.01217	0.01727	0.01610	0.01095	0.01625	0.00919	0.01080	0.00671	0.00481	0.00473	0.00153	0.00718	0.00370	0.00229	0.08962
5	0.00655	0.00475	0.00634	0.00729	0.00780	0.00455	0.00506	0.00768	0.01019	0.01362	0.06123	0.63736	0.07398	0.01805	0.08360	0.00269	0.00410	0.03615	0.00467	0.00433
6	0.00717	0.00499	0.00633	0.00708	0.00743	0.00485	0.00485	0.00801	0.00944	0.01251	0.02389	0.38536	0.02782	0.31608	0.01419	0.00327	0.00410	0.14449	0.00420	0.00393
7	0.03881	0.05358	0.01922	0.01401	0.01787	0.08414	0.29352	0.06741	0.01394	0.16425	0.11428	0.01940	0.04959	0.00640	0.00557	0.00164	0.00634	0.01906	0.00407	0.00691
8	0.00812	0.00539	0.00624	0.00630	0.00670	0.00545	0.00401	0.03772	0.00906	0.01258	0.01824	0.13494	0.02021	0.54240	0.05036	0.00419	0.00490	0.03467	0.08476	0.00380
9	0.00632	0.00515	0.00560	0.00577	0.00721	0.00442	0.00422	0.00769	0.01183	0.01466	0.12692	0.18752	0.56760	0.01348	0.00624	0.00181	0.00269	0.01151	0.00493	0.00442
10	0.08889	0.01430	0.08748	0.01096	0.01455	0.15523	0.02727	0.12840	0.07809	0.19655	0.06546	0.01717	0.01315	0.00800	0.04091	0.00191	0.00621	0.03380	0.00442	0.00724
11	0.01599	0.01299	0.04428	0.04451	0.01835	0.07170	0.19338	0.11094	0.16915	0.19323	0.01589	0.01788	0.01186	0.00632	0.00553	0.00170	0.00620	0.04798	0.00444	0.00768
12	0.02825	0.00767	0.00846	0.03516	0.01041	0.04995	0.00606	0.03468	0.02479	0.22274	0.01770	0.05096	0.01391	0.00832	0.04038	0.00177	0.00427	0.03425	0.39412	0.00615
13	0.05864	0.00983	0.01166	0.00934	0.01281	0.04280	0.00756	0.12649	0.01568	0.49548	0.09291	0.06202	0.01644	0.00725	0.00528	0.00162	0.00454	0.00590	0.00580	0.00795
14	0.09391	0.01460	0.04841	0.01436	0.03080	0.09358	0.21293	0.22614	0.09864	0.09590	0.01258	0.01343	0.00914	0.00556	0.00523	0.00163	0.00655	0.00492	0.00404	0.00766
15	0.01762	0.11963	0.05308	0.01238	0.01601	0.18962	0.03361	0.32951	0.01732	0.06231	0.01047	0.01142	0.00797	0.00601	0.00611	0.00154	0.08989	0.00417	0.00381	0.00751
16	0.07032	0.01067	0.04845	0.08862	0.05149	0.00945	0.06201	0.04075	0.05121	0.32038	0.01437	0.01448	0.00997	0.00542	0.00487	0.00146	0.00508	0.00457	0.00442	0.18201

[dist]
# distance from previous block
# <min> <max>
0	4

[block]
# block no. 4 follows, 47 sequences, length 40
# corresponding to MSA columns:
# 513-552
name=unknown_E
#
# <colnr> <probs for GDERKNQSTAVLIFYWHMCP>
#	G	D	E	R	K	N	Q	S	T	A	V	L	I	F	Y	W	H	M	C	P
0	0.01879	0.07618	0.07396	0.01240	0.01648	0.22816	0.04527	0.30172	0.01775	0.14166	0.01183	0.01212	0.00853	0.00573	0.00496	0.00149	0.00681	0.00428	0.00415	0.00776
1	0.01333	0.01335	0.22942	0.00987	0.01448	0.00819	0.00990	0.01638	0.01207	0.21353	0.09882	0.01692	0.01387	0.04059	0.00628	0.02944	0.00500	0.00479	0.00397	0.23981
2	0.06556	0.21208	0.19365	0.01308	0.01794	0.06687	0.15273	0.08597	0.01260	0.03622	0.01063	0.04055	0.00888	0.00554	0.00478	0.00152	0.00663	0.02641	0.00297	0.03540
3	0.01584	0.06980	0.01742	0.01272	0.01578	0.01121	0.17295	0.01803	0.01199	0.31240	0.01534	0.10186	0.01241	0.00750	0.00799	0.00180	0.17743	0.00615	0.00424	0.00712
4	0.00995	0.00949	0.01635	0.76656	0.03545	0.01165	0.05085	0.01347	0.01050	0.01347	0.00932	0.01389	0.00699	0.00517	0.00525	0.00174	0.00703	0.00470	0.00233	0.00585
5	0.01118	0.06015	0.59790	0.01323	0.01966	0.01137	0.01620	0.01623	0.01131	0.07339	0.05567	0.01364	0.00999	0.00767	0.05839	0.00207	0.00747	0.00434	0.00276	0.00737
6	0.00722	0.00542	0.00682	0.00767	0.00851	0.00527	0.00558	0.00959	0.07531	0.01457	0.04182	0.53371	0.11468	0.01480	0.00656	0.00208	0.00334	0.12750	0.00488	0.00469
7	0.06301	0.01078	0.01259	0.00981	0.01369	0.03900	0.00806	0.20643	0.01682	0.50949	0.01733	0.01573	0.01133	0.00627	0.00506	0.00158	0.00484	0.00490	0.03483	0.00846
8	0.00798	0.00575	0.00753	0.00798	0.00856	0.00604	0.00606	0.00922	0.00959	0.01280	0.02103	0.09888	0.02331	0.33036	0.08615	0.00394	0.04562	0.30119	0.00385	0.00414
9	0.04794	0.00710	0.00977	0.05903	0.12859	0.00724	0.00746	0.06021	0.01156	0.01621	0.09504	0.39124	0.05038	0.04568	0.03620	0.00224	0.00439	0.01013	0.00423	0.00535
10	0.00642	0.00462	0.00610	0.00720	0.00761	0.00430	0.00488	0.00744	0.01027	0.01367	0.05951	0.73959	0.06134	0.01594	0.00662	0.00209	0.00302	0.03022	0.00487	0.00428
11	0.00640	0.00456	0.00603	0.00718	0.00746	0.00427	0.00475	0.00727	0.00985	0.01314	0.02811	0.77582	0.03369	0.05510	0.00761	0.00226	0.00312	0.01445	0.00475	0.00418
12	0.02998	0.01263	0.01713	0.04366	0.05349	0.09558	0.19921	0.20084	0.01509	0.06771	0.03913	0.07347	0.01333	0.07465	0.00735	0.00197	0.00645	0.03764	0.00390	0.00679
13	0.01183	0.01619	0.31860	0.01521	0.09830	0.01008	0.11842	0.03159	0.01181	0.11042	0.01527	0.18989	0.01392	0.00756	0.00555	0.00175	0.00622	0.00686	0.00346	0.00706
14	0.00693	0.00495	0.00669	0.00778	0.00837	0.00472	0.00572	0.00832	0.01082	0.01442	0.08388	0.56969	0.03442	0.01542	0.00674	0.00215	0.00342	0.19625	0.00489	0.00442
15	0.14493	0.01234	0.01172	0.01017	0.01327	0.11038	0.00813	0.14119	0.25113	0.12449	0.04869	0.01886	0.01408	0.00699	0.00506	0.00168	0.00505	0.05973	0.00477	0.00735
16	0.02962	0.12352	0.61035	0.01356	0.02038	0.01313	0.01673	0.05168	0.01157	0.03405	0.00952	0.01101	0.00695	0.00561	0.01948	0.00170	0.00731	0.00380	0.00247	0.00755
17	0.04186	0.01230	0.01313	0.01114	0.01442	0.04986	0.03663	0.16737	0.48656	0.06308	0.03505	0.01743	0.01408	0.00671	0.00523	0.00169	0.00483	0.00550	0.00506	0.00809
18	0.00889	0.00575	0.00721	0.00701	0.00863	0.00519	0.00548	0.01086	0.01320	0.10268	0.32550	0.09614	0.24640	0.01186	0.00624	0.00182	0.00312	0.12352	0.00535	0.00514
19	0.61073	0.00917	0.00811	0.00712	0.01014	0.01015	0.00580	0.01599	0.01022	0.12956	0.06680	0.01287	0.01044	0.00656	0.02716	0.00179	0.00419	0.00382	0.04343	0.00597
20	0.04274	0.08511	0.11270	0.06212	0.01583	0.05477	0.01009	0.09402	0.31399	0.01970	0.04484	0.01987	0.02831	0.00703	0.00516	0.00169	0.00529	0.06530	0.00418	0.00725
21	0.01335	0.01062	0.02780	0.01188	0.04036	0.03066	0.07395	0.13360	0.02872	0.10052	0.10489	0.01884	0.01493	0.08769	0.01034	0.00209	0.20569	0.00568	0.07197	0.00642
22	0.00689	0.00482	0.00639	0.00743	0.00782	0.00461	0.00519	0.00782	0.00991	0.01315	0.02649	0.58225	0.03115	0.10465	0.00940	0.03171	0.00357	0.12805	0.00455	0.00413
23	0.08096	0.01079	0.01797	0.01814	0.21886	0.01070	0.21344	0.03018	0.05754	0.04264	0.01574	0.13533	0.05074	0.00708	0.00579	0.00170	0.02583	0.00676	0.00346	0.04636
24	0.01342	0.05115	0.12337	0.01062	0.01550	0.01071	0.05343	0.14876	0.06025	0.06353	0.01119	0.01212	0.00851	0.00484	0.00453	0.00122	0.00515	0.00393	0.00360	0.39418
25	0.01220	0.01262	0.04570	0.01575	0.01842	0.01381	0.27755	0.10017	0.01170	0.01649	0.01154	0.04249	0.03749	0.02317	0.01087	0.00202	0.33286	0.00577	0.00294	0.00644
26	0.00733	0.00497	0.00585	0.00604	0.00620	0.00489	0.00361	0.00770	0.00860	0.01157	0.08096	0.17958	0.02428	0.60234	0.02115	0.00423	0.00446	0.00907	0.00368	0.00350
27	0.16217	0.04149	0.01436	0.01098	0.01465	0.15188	0.09924	0.06116	0.01267	0.13938	0.01146	0.04162	0.00907	0.00592	0.01394	0.00150	0.02446	0.00438	0.00365	0.17601
28	0.02541	0.27348	0.04654	0.03727	0.01590	0.09854	0.07531	0.09151	0.10015	0.07395	0.03835	0.01288	0.01009	0.00538	0.00454	0.00139	0.00588	0.00422	0.00347	0.07575
29	0.00774	0.00502	0.00659	0.00730	0.00809	0.00462	0.00513	0.00893	0.01089	0.07102	0.08072	0.61266	0.09043	0.01489	0.00649	0.00203	0.00313	0.04465	0.00501	0.00465
30	0.05154	0.01084	0.01726	0.05739	0.29972	0.01061	0.09399	0.05858	0.01352	0.25235	0.07000	0.01624	0.01249	0.00573	0.00528	0.00161	0.00558	0.00526	0.00415	0.00786
31	0.23528	0.01154	0.01847	0.09974	0.02022	0.02192	0.31203	0.01608	0.04703	0.03502	0.03876	0.01340	0.00918	0.00496	0.00495	0.00160	0.00626	0.00483	0.00313	0.09562
32	0.00657	0.00476	0.00612	0.00711	0.00761	0.00444	0.00489	0.00758	0.01020	0.01342	0.04030	0.62137	0.10648	0.06985	0.00797	0.00229	0.00324	0.06683	0.00473	0.00422
33	0.00750	0.00528	0.00686	0.00683	0.00730	0.00563	0.00464	0.00844	0.00842	0.01170	0.07178	0.02893	0.01877	0.44321	0.33613	0.00614	0.00845	0.00690	0.00320	0.00389
34	0.13830	0.01076	0.01223	0.02622	0.01364	0.11130	0.08477	0.03186	0.04933	0.20420	0.06267	0.14976	0.02729	0.00824	0.00537	0.00173	0.00517	0.04619	0.00451	0.00647
35	0.10738	0.01245	0.01420	0.07181	0.10749	0.12592	0.05241	0.05258	0.11798	0.21290	0.01540	0.01677	0.03007	0.00623	0.00508	0.00163	0.00574	0.03237	0.00425	0.00735
36	0.23822	0.00875	0.01014	0.00830	0.01168	0.00851	0.00674	0.02084	0.03916	0.46451	0.04406	0.05473	0.01343	0.00666	0.00474	0.00163	0.00409	0.00522	0.04112	0.00746
37	0.00659	0.00466	0.00607	0.00714	0.00757	0.00437	0.00487	0.00762	0.01011	0.01357	0.02887	0.69331	0.06476	0.03935	0.00713	0.00217	0.00313	0.04857	0.03589	0.00425
38	0.06612	0.01273	0.02094	0.06822	0.07265	0.07549	0.36778	0.04294	0.04509	0.04063	0.06360	0.01559	0.01134	0.00536	0.00543	0.00164	0.00690	0.00555	0.06528	0.00673
39	0.01495	0.65889	0.02464	0.00954	0.01377	0.11324	0.00899	0.04235	0.01167	0.03167	0.00788	0.00890	0.00693	0.00466	0.00363	0.00116	0.00597	0.00298	0.00251	0.02567

[dist]
# distance from previous block
# <min> <max>
2	12

[block]
# block no. 5 follows, 47 sequences, length 20
# corresponding to MSA columns:
# 565-584
name=unknown_F
#
# <colnr> <probs for GDERKNQSTAVLIFYWHMCP>
#	G	D	E	R	K	N	Q	S	T	A	V	L	I	F	Y	W	H	M	C	P
0	0.01017	0.05967	0.01112	0.13583	0.01474	0.04140	0.00790	0.02543	0.10201	0.03445	0.04558	0.21757	0.06604	0.00960	0.00555	0.00171	0.00454	0.08485	0.00407	0.11776
1	0.01351	0.06297	0.01955	0.10439	0.50472	0.02700	0.03083	0.03697	0.01224	0.07330	0.01101	0.01449	0.00905	0.00518	0.00510	0.00155	0.00609	0.02943	0.00298	0.02965
2	0.00737	0.00532	0.00696	0.00655	0.00778	0.00491	0.00491	0.00983	0.01474	0.02088	0.78175	0.03890	0.04914	0.01065	0.00614	0.00164	0.00246	0.00942	0.00573	0.00491
3	0.01244	0.01158	0.02113	0.32987	0.17591	0.01223	0.24463	0.05420	0.01224	0.05916	0.01055	0.01388	0.00792	0.00497	0.00549	0.00169	0.00716	0.00513	0.00284	0.00697
4	0.01005	0.00955	0.05922	0.01053	0.08681	0.04115	0.00773	0.08090	0.08133	0.02005	0.38247	0.03086	0.14020	0.00913	0.00575	0.00164	0.00392	0.00783	0.00485	0.00604
5	0.10703	0.01212	0.11138	0.01090	0.01517	0.00997	0.05702	0.11865	0.01463	0.39965	0.01661	0.01830	0.01187	0.00657	0.00520	0.00168	0.00528	0.06501	0.00503	0.00793
6	0.02298	0.00948	0.01247	0.00956	0.01360	0.00858	0.00790	0.10596	0.01595	0.70605	0.01967	0.01716	0.01245	0.00642	0.00523	0.00161	0.00457	0.00518	0.00631	0.00886
7	0.00715	0.00514	0.00690	0.00777	0.00856	0.00490	0.00590	0.00881	0.01153	0.01544	0.17158	0.41888	0.05611	0.01458	0.00670	0.00210	0.00344	0.23499	0.00499	0.00453
8	0.01184	0.01117	0.01849	0.36953	0.26445	0.01255	0.07866	0.06270	0.04372	0.01629	0.01010	0.01359	0.00792	0.00532	0.00594	0.00170	0.05153	0.00481	0.00273	0.00695
9	0.02310	0.00929	0.01235	0.00947	0.01351	0.00828	0.00782	0.08025	0.01561	0.73224	0.01995	0.01734	0.01259	0.00643	0.00523	0.00161	0.00453	0.00520	0.00635	0.00886
10	0.01563	0.00879	0.01047	0.00892	0.01162	0.00883	0.00701	0.18906	0.07852	0.25739	0.05442	0.19407	0.01867	0.00878	0.00541	0.00168	0.00407	0.00743	0.10208	0.00715
11	0.27844	0.00841	0.00799	0.00703	0.00953	0.00917	0.00561	0.11525	0.06044	0.06337	0.01377	0.01495	0.01045	0.00579	0.00391	0.00144	0.00359	0.00428	0.37053	0.00606
12	0.13914	0.01165	0.05301	0.01215	0.01612	0.01097	0.16243	0.16588	0.01483	0.22425	0.03559	0.01862	0.01226	0.00651	0.00527	0.00170	0.00561	0.07292	0.02370	0.00739
13	0.00788	0.00531	0.00659	0.00708	0.00794	0.00500	0.00488	0.00954	0.04756	0.06257	0.05680	0.50980	0.13291	0.10023	0.00853	0.00231	0.00331	0.01228	0.00481	0.00465
14	0.00820	0.00550	0.00703	0.00719	0.00851	0.00504	0.00552	0.01003	0.01258	0.07090	0.27353	0.22242	0.18608	0.01284	0.00639	0.00191	0.00318	0.14302	0.00523	0.00491
15	0.01507	0.07702	0.16858	0.05202	0.06632	0.01283	0.05584	0.17222	0.03692	0.14740	0.01290	0.01547	0.00987	0.00628	0.00613	0.00167	0.07221	0.04405	0.00384	0.02337
16	0.00855	0.00763	0.05744	0.00820	0.00933	0.00738	0.00641	0.01123	0.09038	0.01278	0.01599	0.02765	0.01625	0.37130	0.23317	0.00508	0.05012	0.05320	0.00328	0.00464
17	0.00653	0.00469	0.00611	0.00708	0.00759	0.00435	0.00486	0.00750	0.01035	0.01367	0.06690	0.64899	0.10813	0.01573	0.00705	0.03035	0.00306	0.03801	0.00479	0.00423
18	0.06818	0.07198	0.21355	0.01074	0.01540	0.01205	0.01071	0.23659	0.01544	0.11532	0.05291	0.01403	0.01082	0.00579	0.00473	0.00149	0.00541	0.00445	0.06980	0.06061
19	0.01316	0.27113	0.21665	0.01245	0.05913	0.01504	0.01192	0.11257	0.14699	0.01811	0.01246	0.01527	0.01027	0.00597	0.00470	0.00154	0.00586	0.05601	0.00334	0.00745

[dist]
# distance from previous block
# <min> <max>
0	13

[block]
# block no. 6 follows, 47 sequences, length 20
# corresponding to MSA columns:
# 598-617
name=unknown_G
#
# <colnr> <probs for GDERKNQSTAVLIFYWHMCP>
#	G	D	E	R	K	N	Q	S	T	A	V	L	I	F	Y	W	H	M	C	P
0	0.01437	0.18112	0.09532	0.01404	0.15117	0.03382	0.03409	0.03206	0.01211	0.14875	0.02432	0.01247	0.00907	0.00501	0.00476	0.00132	0.02203	0.00402	0.00335	0.19679
1	0.04419	0.26742	0.24191	0.01247	0.01765	0.01425	0.12245	0.01721	0.07902	0.05327	0.04204	0.01273	0.00970	0.00516	0.00461	0.00147	0.00621	0.00426	0.00297	0.04102
2	0.05161	0.00644	0.00795	0.00744	0.00926	0.00601	0.00560	0.04339	0.01297	0.18528	0.20741	0.28450	0.12870	0.01144	0.00593	0.00180	0.00330	0.00995	0.00534	0.00568
3	0.01190	0.10444	0.08578	0.15169	0.01815	0.01174	0.05232	0.15815	0.06042	0.01843	0.01703	0.09574	0.04720	0.00812	0.00546	0.00175	0.00558	0.11618	0.02344	0.00650
4	0.08173	0.07638	0.09350	0.01945	0.04992	0.01032	0.02195	0.05222	0.03567	0.10062	0.16751	0.07677	0.06007	0.00794	0.00639	0.00166	0.08688	0.00633	0.00409	0.04061
5	0.00744	0.00499	0.00572	0.00585	0.00588	0.00496	0.00334	0.00754	0.00783	0.01044	0.01773	0.11773	0.02060	0.73106	0.02437	0.00473	0.00483	0.00835	0.00334	0.00327
6	0.01444	0.01062	0.01942	0.21027	0.05457	0.01054	0.27925	0.01774	0.01252	0.22633	0.03681	0.01601	0.01059	0.00544	0.00549	0.00167	0.00650	0.00549	0.04920	0.00709
7	0.13498	0.20835	0.05255	0.01028	0.01426	0.05586	0.05213	0.08620	0.09117	0.05265	0.01060	0.01164	0.00838	0.00612	0.02712	0.00158	0.02794	0.00385	0.00335	0.14099
8	0.00652	0.00466	0.00623	0.00734	0.00775	0.00437	0.00504	0.00760	0.01037	0.01387	0.07343	0.72586	0.03507	0.01587	0.00665	0.00210	0.00309	0.05501	0.00489	0.00430
9	0.00680	0.00524	0.00621	0.00611	0.00746	0.00465	0.00453	0.00867	0.01320	0.01753	0.42834	0.10948	0.33870	0.01214	0.00619	0.00173	0.00258	0.01050	0.00530	0.00465
10	0.01164	0.05878	0.08369	0.01046	0.01531	0.05587	0.09860	0.01444	0.01122	0.01637	0.00923	0.01098	0.00752	0.00414	0.00425	0.00102	0.00521	0.00352	0.00288	0.57487
11	0.04547	0.00843	0.01001	0.03636	0.01197	0.00800	0.00669	0.08640	0.04846	0.05459	0.01780	0.23868	0.04710	0.01886	0.00585	0.00154	0.03656	0.00724	0.00407	0.30593
12	0.00786	0.00579	0.00777	0.00842	0.00965	0.00560	0.02231	0.01009	0.02683	0.01546	0.06085	0.19992	0.14131	0.01368	0.00666	0.00213	0.00399	0.40161	0.04530	0.00475
13	0.00640	0.00481	0.00593	0.00665	0.00744	0.00434	0.00461	0.00757	0.01095	0.01425	0.10967	0.53181	0.23686	0.01491	0.00646	0.00197	0.00286	0.01325	0.00492	0.00434
14	0.04038	0.04747	0.18719	0.01404	0.01864	0.12538	0.16711	0.07741	0.12239	0.09795	0.02851	0.01383	0.00991	0.00562	0.00539	0.00162	0.02136	0.00481	0.00358	0.00741
15	0.03128	0.00617	0.00741	0.00692	0.00849	0.00604	0.00527	0.03158	0.07317	0.01982	0.52622	0.03657	0.15565	0.01201	0.04862	0.00203	0.00337	0.00887	0.00532	0.00521
16	0.01492	0.00733	0.00957	0.00858	0.01089	0.00683	0.00663	0.05721	0.04011	0.35298	0.05423	0.30070	0.02298	0.02948	0.00638	0.00192	0.00395	0.05308	0.00557	0.00668
17	0.04851	0.04620	0.09659	0.10568	0.12581	0.01292	0.19056	0.17936	0.01463	0.08297	0.03831	0.01395	0.00964	0.00538	0.00528	0.00162	0.00655	0.00500	0.00353	0.00752
18	0.11365	0.05625	0.06892	0.07111	0.01963	0.01225	0.23754	0.08574	0.07658	0.18726	0.01305	0.01399	0.00926	0.00538	0.00515	0.00165	0.00624	0.00497	0.00391	0.00746
19	0.01199	0.00721	0.00718	0.00661	0.00814	0.06261	0.00512	0.01420	0.01140	0.10035	0.01595	0.01791	0.01233	0.00629	0.00491	0.00135	0.06455	0.00476	0.63173	0.00543

[dist]
# distance from previous block
# <min> <max>
2	4

[block]
# block no. 7 follows, 47 sequences, length 19
# corresponding to MSA columns:
# 622-640
name=unknown_H
#
# <colnr> <probs for GDERKNQSTAVLIFYWHMCP>
#	G	D	E	R	K	N	Q	S	T	A	V	L	I	F	Y	W	H	M	C	P
0	0.01668	0.36905	0.04556	0.01073	0.01465	0.08960	0.03194	0.09922	0.01322	0.17718	0.01080	0.01138	0.00827	0.00557	0.00538	0.00142	0.07474	0.00384	0.00349	0.00727
1	0.01186	0.17257	0.58321	0.01363	0.02030	0.08099	0.01655	0.01670	0.01124	0.01539	0.00885	0.01037	0.00662	0.00489	0.00463	0.00152	0.00745	0.00361	0.00225	0.00737
2	0.01439	0.23707	0.16792	0.01213	0.01682	0.04227	0.10762	0.08253	0.06053	0.11913	0.05047	0.03215	0.01119	0.00573	0.00482	0.00150	0.00606	0.00474	0.00355	0.01938
3	0.00945	0.01362	0.26884	0.01021	0.01378	0.00884	0.01030	0.03462	0.14220	0.01797	0.18986	0.16833	0.05126	0.02958	0.00618	0.00184	0.00475	0.00783	0.00420	0.00632
4	0.01437	0.00676	0.00912	0.00806	0.01033	0.00604	0.00627	0.01628	0.01361	0.36410	0.23633	0.20687	0.02869	0.01020	0.00589	0.00177	0.00357	0.03940	0.00581	0.00653
5	0.10251	0.00855	0.01211	0.03850	0.01327	0.00848	0.13413	0.07863	0.01339	0.10514	0.17400	0.02351	0.09834	0.00735	0.00516	0.00158	0.00437	0.00644	0.15843	0.00609
6	0.01149	0.17800	0.24300	0.01212	0.01661	0.01263	0.09999	0.03295	0.10119	0.03535	0.09754	0.07070	0.03148	0.00679	0.00541	0.00161	0.02712	0.00573	0.00341	0.00686
7	0.07138	0.00624	0.00709	0.00665	0.00791	0.00619	0.00464	0.01160	0.06395	0.08183	0.20777	0.06015	0.09500	0.33158	0.01393	0.00303	0.00393	0.00793	0.00444	0.00477
8	0.00864	0.00713	0.00749	0.00816	0.00894	0.08555	0.00603	0.00992	0.01063	0.01356	0.02348	0.33466	0.02653	0.16376	0.01019	0.00263	0.00453	0.22345	0.04032	0.00440
9	0.01293	0.59328	0.24541	0.01061	0.01599	0.01817	0.01186	0.01585	0.01070	0.01346	0.00784	0.00911	0.00666	0.00460	0.00380	0.00127	0.00618	0.00309	0.00222	0.00697
10	0.01162	0.00699	0.00879	0.00766	0.00970	0.00670	0.00600	0.10020	0.01568	0.15162	0.51636	0.03209	0.03655	0.00936	0.00582	0.00163	0.00323	0.02767	0.03630	0.00603
11	0.00706	0.00494	0.00598	0.00647	0.00682	0.00475	0.00418	0.00771	0.00925	0.01223	0.04988	0.31949	0.08241	0.39431	0.01601	0.00348	0.00403	0.05312	0.00407	0.00379
12	0.01456	0.01101	0.01382	0.01142	0.01419	0.03573	0.06426	0.23192	0.12000	0.10541	0.01422	0.01615	0.01111	0.01549	0.22385	0.00354	0.07682	0.00521	0.00417	0.00712
13	0.04173	0.33126	0.38236	0.01226	0.01819	0.01573	0.03684	0.07705	0.01190	0.01642	0.00875	0.01010	0.00682	0.00484	0.00433	0.00144	0.00662	0.00354	0.00250	0.00731
14	0.00769	0.00504	0.00650	0.00707	0.00794	0.00458	0.00494	0.00892	0.01113	0.07132	0.11929	0.56695	0.12999	0.01453	0.00642	0.00198	0.00301	0.01298	0.00506	0.00467
15	0.01743	0.00843	0.01034	0.00842	0.01147	0.00810	0.00679	0.10674	0.06906	0.39328	0.10985	0.02013	0.01706	0.00689	0.00501	0.00154	0.00390	0.00564	0.18243	0.00750
16	0.01300	0.01428	0.12798	0.01290	0.03361	0.08595	0.08656	0.17736	0.07950	0.01905	0.02798	0.07553	0.01292	0.03329	0.08773	0.00251	0.06179	0.03759	0.00368	0.00677
17	0.08620	0.01163	0.01190	0.01014	0.01262	0.06788	0.00811	0.26718	0.09227	0.02192	0.01793	0.07627	0.10054	0.00811	0.00689	0.00172	0.12422	0.00602	0.06174	0.00672
18	0.01268	0.01266	0.06954	0.00987	0.01402	0.06871	0.00845	0.10412	0.06157	0.01842	0.01012	0.01151	0.00814	0.00499	0.00539	0.00117	0.07381	0.00366	0.00331	0.49788

[dist]
# distance from previous block
# <min> <max>
0	24

[block]
# block no. 8 follows, 47 sequences, length 18
# corresponding to MSA columns:
# 665-682
name=unknown_I
#
# <colnr> <probs for GDERKNQSTAVLIFYWHMCP>
#	G	D	E	R	K	N	Q	S	T	A	V	L	I	F	Y	W	H	M	C	P
0	0.00665	0.00494	0.00608	0.00651	0.00737	0.00450	0.00454	0.00799	0.01147	0.01520	0.22674	0.38749	0.20837	0.06799	0.00774	0.00211	0.00292	0.01206	0.00495	0.00437
1	0.01504	0.15668	0.01492	0.01049	0.01371	0.14004	0.00850	0.03692	0.40117	0.09022	0.04720	0.01635	0.01371	0.00640	0.00488	0.00156	0.00522	0.00499	0.00445	0.00754
2	0.01357	0.04455	0.04927	0.01456	0.12252	0.01005	0.15115	0.01672	0.03288	0.17246	0.10063	0.01767	0.03794	0.00604	0.00573	0.00151	0.04141	0.00543	0.00391	0.15200
3	0.01507	0.01055	0.01436	0.01178	0.01376	0.01240	0.04320	0.14253	0.01260	0.19802	0.01239	0.01527	0.00989	0.05280	0.09018	0.00273	0.32674	0.00507	0.00386	0.00680
4	0.00860	0.00569	0.00720	0.00752	0.00856	0.00547	0.00565	0.01042	0.03500	0.06664	0.10338	0.21054	0.10221	0.18757	0.01086	0.00270	0.00397	0.20867	0.00467	0.00467
5	0.09892	0.04684	0.04548	0.01027	0.03726	0.00957	0.06010	0.01741	0.10000	0.14325	0.01295	0.03994	0.01013	0.00530	0.00450	0.00130	0.00462	0.00441	0.00384	0.34393
6	0.01295	0.03391	0.10321	0.01295	0.01688	0.04571	0.16792	0.04562	0.17884	0.07907	0.08046	0.01827	0.01423	0.00644	0.00595	0.00164	0.04583	0.03552	0.00393	0.09066
7	0.00710	0.00538	0.00628	0.00640	0.00748	0.00502	0.00455	0.00897	0.04240	0.01527	0.21883	0.18173	0.27149	0.15570	0.00986	0.00240	0.00323	0.03867	0.00477	0.00444
8	0.00806	0.00555	0.00677	0.00633	0.00792	0.00494	0.00480	0.01013	0.01385	0.07034	0.50101	0.04101	0.27758	0.01116	0.00609	0.00167	0.00265	0.00963	0.00550	0.00502
9	0.01335	0.10036	0.18295	0.08881	0.02052	0.01321	0.16715	0.08510	0.10304	0.07851	0.01181	0.01329	0.00877	0.00543	0.00565	0.00161	0.04404	0.00470	0.00332	0.04837
10	0.00727	0.00505	0.00626	0.00670	0.00706	0.00498	0.00445	0.00802	0.00918	0.01226	0.05729	0.25165	0.04338	0.41383	0.05758	0.00389	0.00475	0.08865	0.00393	0.00382
11	0.00945	0.00643	0.00738	0.00739	0.00869	0.00657	0.00539	0.10894	0.06502	0.01829	0.04920	0.39721	0.04930	0.01141	0.00555	0.00176	0.00326	0.00998	0.22347	0.00530
12	0.00757	0.00510	0.00698	0.04327	0.00935	0.00488	0.00566	0.00881	0.01058	0.05406	0.05893	0.65303	0.03240	0.01494	0.00652	0.00207	0.00337	0.06303	0.00484	0.00461
13	0.03455	0.05260	0.11976	0.04277	0.01996	0.03233	0.32826	0.04649	0.01207	0.04036	0.01373	0.05677	0.04438	0.00607	0.00591	0.00167	0.04263	0.00585	0.08726	0.00658
14	0.00813	0.00651	0.04770	0.00636	0.00822	0.00521	0.00523	0.01037	0.01291	0.04736	0.33003	0.03707	0.29004	0.01026	0.00562	0.00161	0.00287	0.00871	0.15077	0.00502
15	0.00707	0.00530	0.00648	0.00710	0.00805	0.00500	0.00524	0.00875	0.03230	0.01418	0.06493	0.31726	0.23106	0.10148	0.00872	0.00237	0.00351	0.16211	0.00470	0.00441
16	0.14094	0.01049	0.01375	0.14017	0.06374	0.08570	0.11692	0.03486	0.01197	0.03523	0.10758	0.15365	0.01788	0.00800	0.00542	0.00174	0.00555	0.03686	0.00368	0.00586
17	0.05196	0.24556	0.01752	0.04604	0.01487	0.07183	0.00914	0.12790	0.06027	0.20836	0.01226	0.01258	0.00908	0.00594	0.00572	0.00152	0.08392	0.00416	0.00398	0.00741

[dist]
# distance from previous block
# <min> <max>
0	2

[block]
# block no. 9 follows, 47 sequences, length 31
# corresponding to MSA columns:
# 685-715
name=unknown_J
#
# <colnr> <probs for GDERKNQSTAVLIFYWHMCP>
#	G	D	E	R	K	N	Q	S	T	A	V	L	I	F	Y	W	H	M	C	P
