[name]
unknown

[dist]
# distance from previous block
# <min> <max>
5	130

[block]
# block no. 0 follows, 45 sequences, length 24
# corresponding to MSA columns:
# 159-182
name=unknown_A
#
# <colnr> <probs for GDERKNQSTAVLIFYWHMCP>
#	G	D	E	R	K	N	Q	S	T	A	V	L	I	F	Y	W	H	M	C	P
0	0.27442	0.03275	0.03611	0.01312	0.13936	0.02622	0.00925	0.09529	0.05244	0.19197	0.01250	0.01289	0.00905	0.00552	0.00457	0.00157	0.00504	0.00420	0.00420	0.06950
1	0.04608	0.03981	0.13047	0.01420	0.12089	0.01145	0.02383	0.08236	0.12755	0.32338	0.01626	0.01567	0.01123	0.00608	0.00523	0.00166	0.00548	0.00500	0.00484	0.00855
2	0.13216	0.20747	0.01620	0.11427	0.01610	0.07111	0.00894	0.06624	0.01175	0.04722	0.00987	0.02397	0.00850	0.05176	0.00657	0.00166	0.06616	0.00406	0.00310	0.13289
3	0.23611	0.06622	0.17699	0.07247	0.01640	0.09897	0.01053	0.06616	0.01258	0.07827	0.05832	0.01348	0.01041	0.00575	0.00455	0.00159	0.00586	0.00421	0.05434	0.00677
4	0.01346	0.14542	0.10681	0.06842	0.01547	0.05885	0.00964	0.09789	0.05453	0.09625	0.04034	0.15321	0.01538	0.03549	0.02493	0.00191	0.00571	0.00646	0.00396	0.04587
5	0.10966	0.12910	0.17221	0.05692	0.01779	0.01281	0.06088	0.07206	0.01315	0.24940	0.01277	0.01326	0.00895	0.00575	0.00544	0.00164	0.04208	0.00442	0.00397	0.00774
6	0.01463	0.01294	0.16918	0.05451	0.01597	0.00979	0.01026	0.04135	0.16452	0.23570	0.06817	0.05771	0.06597	0.00747	0.00547	0.00170	0.00502	0.00622	0.00483	0.04859
7	0.00925	0.00752	0.04618	0.06729	0.01227	0.00709	0.03121	0.01105	0.01085	0.07085	0.04519	0.43285	0.04902	0.01335	0.03127	0.00220	0.07653	0.01072	0.06000	0.00531
8	0.06879	0.01184	0.01951	0.08493	0.56550	0.01204	0.03842	0.01635	0.01207	0.05226	0.01156	0.01628	0.00983	0.00555	0.00535	0.00168	0.00620	0.05093	0.00301	0.00790
9	0.03540	0.00605	0.00724	0.06461	0.00990	0.00598	0.00541	0.01303	0.01269	0.09198	0.22867	0.02663	0.07094	0.00795	0.00489	0.00150	0.00311	0.00666	0.39187	0.00548
10	0.01046	0.06589	0.00948	0.00836	0.03254	0.00698	0.00587	0.03289	0.01165	0.11650	0.10896	0.31108	0.05330	0.17552	0.01044	0.00256	0.00406	0.02347	0.00470	0.00531
11	0.01236	0.00693	0.00916	0.06630	0.01192	0.00663	0.00669	0.01474	0.04957	0.22807	0.13252	0.17421	0.13467	0.03538	0.03390	0.02918	0.00428	0.03222	0.00520	0.00607
12	0.05526	0.00903	0.01147	0.06747	0.01427	0.00896	0.00791	0.02227	0.16783	0.39495	0.15981	0.02195	0.02006	0.00741	0.00549	0.00171	0.00430	0.00618	0.00580	0.00786
13	0.01399	0.00731	0.00949	0.00864	0.01071	0.00696	0.00654	0.08587	0.01344	0.27609	0.05741	0.34465	0.02396	0.04162	0.06449	0.00251	0.00475	0.00971	0.00541	0.00646
14	0.05661	0.04005	0.01617	0.01487	0.11736	0.14421	0.05593	0.11442	0.02800	0.16643	0.01289	0.04122	0.01037	0.04046	0.00782	0.00185	0.11493	0.00512	0.00394	0.00734
15	0.01201	0.00998	0.12001	0.04721	0.01325	0.00789	0.00877	0.01411	0.01149	0.19528	0.03279	0.31692	0.05112	0.05012	0.00816	0.00211	0.07881	0.00924	0.00455	0.00618
16	0.01310	0.00929	0.01161	0.00996	0.01243	0.00984	0.06225	0.07263	0.28037	0.11250	0.03217	0.07440	0.01701	0.15678	0.03627	0.00262	0.00505	0.00682	0.06805	0.00684
17	0.40933	0.06301	0.01389	0.01126	0.04781	0.10224	0.08470	0.05139	0.01202	0.07485	0.06026	0.01263	0.01005	0.00563	0.00461	0.00162	0.02042	0.00415	0.00359	0.00653
18	0.01321	0.00922	0.01123	0.04702	0.01345	0.00949	0.02838	0.07764	0.24327	0.14420	0.12828	0.08331	0.11569	0.00881	0.00573	0.00174	0.00418	0.00753	0.00529	0.04234
19	0.05530	0.01365	0.11712	0.07258	0.13622	0.01191	0.01155	0.17577	0.06604	0.14067	0.02537	0.01482	0.02254	0.00590	0.00527	0.00158	0.01568	0.00478	0.00415	0.09911
20	0.00808	0.00593	0.00763	0.06563	0.01006	0.00602	0.00572	0.04038	0.01107	0.01482	0.12716	0.25704	0.07171	0.24287	0.05310	0.00326	0.00472	0.05596	0.00433	0.00453
21	0.04343	0.01504	0.16496	0.01327	0.08836	0.04875	0.01115	0.16083	0.12610	0.10232	0.07003	0.01613	0.01308	0.00623	0.00514	0.00159	0.00556	0.00503	0.03948	0.06351
22	0.03814	0.00908	0.03234	0.13964	0.03657	0.00918	0.00835	0.12794	0.05857	0.04277	0.19329	0.09949	0.05657	0.05023	0.00673	0.00188	0.00453	0.00736	0.04440	0.03292
23	0.28491	0.02263	0.01125	0.05515	0.07127	0.00957	0.00767	0.01696	0.01168	0.19932	0.03762	0.04105	0.04298	0.00612	0.00454	0.00152	0.00444	0.00476	0.00416	0.16238

[dist]
# distance from previous block
# <min> <max>
21	38

[block]
# block no. 1 follows, 45 sequences, length 7
# corresponding to MSA columns:
# 226-232
name=unknown_B
#
# <colnr> <probs for GDERKNQSTAVLIFYWHMCP>
#	G	D	E	R	K	N	Q	S	T	A	V	L	I	F	Y	W	H	M	C	P
0	0.08008	0.00698	0.00773	0.00678	0.00908	0.00675	0.00529	0.01549	0.06103	0.13056	0.13956	0.02123	0.01863	0.00681	0.00451	0.00141	0.00320	0.00554	0.38079	0.08856
1	0.01108	0.00956	0.01620	0.44766	0.13856	0.01071	0.07330	0.01427	0.01132	0.05016	0.01284	0.09227	0.01100	0.00646	0.00546	0.00175	0.00632	0.00597	0.06877	0.00635
2	0.01264	0.00658	0.00896	0.00814	0.00987	0.00646	0.00614	0.01421	0.01120	0.24945	0.07795	0.08975	0.01930	0.17241	0.27697	0.00475	0.00775	0.00713	0.00452	0.00582
3	0.15532	0.00602	0.00659	0.00679	0.00803	0.00598	0.00485	0.00960	0.01121	0.01708	0.19618	0.31175	0.13484	0.09216	0.00808	0.00223	0.00332	0.01054	0.00473	0.00469
4	0.05707	0.00841	0.01081	0.05057	0.01313	0.00831	0.00755	0.07965	0.04351	0.34535	0.02031	0.16736	0.01742	0.04778	0.07030	0.00252	0.00535	0.03218	0.00528	0.00713
5	0.03958	0.00907	0.05161	0.13727	0.09009	0.00859	0.00936	0.04620	0.01182	0.15481	0.01834	0.19631	0.03344	0.05456	0.11167	0.00291	0.00635	0.00759	0.00409	0.00633
6	0.06071	0.01189	0.03830	0.01290	0.05145	0.07117	0.11163	0.08586	0.05505	0.27150	0.01790	0.12112	0.01483	0.00779	0.00565	0.00177	0.00568	0.04243	0.00483	0.00754

[dist]
# distance from previous block
# <min> <max>
3	12

[block]
# block no. 2 follows, 45 sequences, length 21
# corresponding to MSA columns:
# 248-268
name=unknown_C
#
# <colnr> <probs for GDERKNQSTAVLIFYWHMCP>
#	G	D	E	R	K	N	Q	S	T	A	V	L	I	F	Y	W	H	M	C	P
0	0.02559	0.05326	0.03867	0.03373	0.01349	0.09867	0.00811	0.12230	0.01496	0.21493	0.10168	0.02988	0.06222	0.04876	0.02186	0.00190	0.00536	0.02127	0.03954	0.04383
1	0.09082	0.24961	0.13039	0.00921	0.01314	0.01241	0.00893	0.01585	0.06359	0.07558	0.05558	0.07893	0.07409	0.00711	0.00466	0.00151	0.00485	0.00558	0.04794	0.05020
2	0.01614	0.37486	0.02048	0.05201	0.01555	0.06410	0.00942	0.20635	0.07860	0.05883	0.01135	0.01273	0.00918	0.04221	0.00548	0.00158	0.00589	0.00413	0.00365	0.00745
3	0.05757	0.00787	0.00960	0.00826	0.01103	0.00711	0.00634	0.04477	0.03022	0.26415	0.02267	0.24164	0.07092	0.04487	0.00649	0.00183	0.00398	0.00818	0.00508	0.14741
4	0.01850	0.01226	0.11681	0.01071	0.01489	0.03928	0.03743	0.03915	0.06635	0.44528	0.04482	0.05130	0.06380	0.00735	0.00552	0.00170	0.00516	0.00611	0.00544	0.00812
5	0.01206	0.00674	0.00874	0.00788	0.00995	0.00623	0.00616	0.01499	0.05440	0.21484	0.40834	0.08202	0.07461	0.01043	0.00615	0.00178	0.00335	0.05923	0.00590	0.00621
6	0.01454	0.52742	0.14480	0.01152	0.01654	0.07196	0.05645	0.07354	0.01247	0.01525	0.00848	0.00979	0.00712	0.00487	0.00412	0.00133	0.00657	0.00344	0.00258	0.00720
7	0.05777	0.24296	0.35659	0.01388	0.01996	0.01543	0.11648	0.08640	0.01258	0.01777	0.00939	0.01101	0.00717	0.00500	0.00474	0.00155	0.00708	0.00401	0.00268	0.00755
8	0.01068	0.00544	0.00774	0.00748	0.00807	0.00538	0.00521	0.03175	0.00874	0.08309	0.01293	0.09850	0.01269	0.03032	0.04443	0.61012	0.00488	0.00592	0.00313	0.00348
9	0.00929	0.00602	0.00728	0.00744	0.00881	0.00584	0.00557	0.01232	0.08297	0.06983	0.13095	0.28821	0.11087	0.01211	0.00603	0.00188	0.00327	0.08041	0.14556	0.00536
10	0.07713	0.11384	0.51902	0.01325	0.01988	0.01326	0.01584	0.06272	0.01234	0.08978	0.01050	0.01157	0.00748	0.00526	0.00482	0.00162	0.00695	0.00395	0.00295	0.00784
11	0.00888	0.00479	0.00678	0.00682	0.00689	0.00475	0.00447	0.00728	0.00763	0.01023	0.04515	0.05640	0.01397	0.14518	0.02071	0.63415	0.00458	0.00587	0.00276	0.00269
12	0.05768	0.10151	0.39711	0.01196	0.01761	0.01212	0.01357	0.08034	0.01308	0.11374	0.05803	0.01432	0.01095	0.00579	0.00487	0.00159	0.00617	0.00448	0.06750	0.00757
13	0.05857	0.04005	0.23759	0.13987	0.05830	0.01201	0.08315	0.07057	0.05205	0.13233	0.01255	0.01484	0.00932	0.04811	0.00638	0.00188	0.00659	0.00486	0.00350	0.00748
14	0.10867	0.01268	0.03609	0.13415	0.01710	0.12102	0.00951	0.07541	0.14226	0.10261	0.01621	0.01718	0.06277	0.00839	0.04389	0.00204	0.04861	0.00515	0.02937	0.00688
15	0.01167	0.00969	0.03598	0.05954	0.01464	0.00960	0.07818	0.05168	0.23113	0.07390	0.30608	0.02705	0.05111	0.00835	0.00588	0.00174	0.00439	0.00739	0.00515	0.00685
16	0.00714	0.04809	0.00746	0.00739	0.00800	0.00538	0.00510	0.00821	0.01061	0.01416	0.09750	0.64226	0.03434	0.06788	0.00797	0.00228	0.00334	0.01359	0.00481	0.00449
17	0.10273	0.00982	0.01441	0.21511	0.02037	0.01009	0.07975	0.04691	0.02846	0.32401	0.08074	0.01763	0.01358	0.00632	0.00534	0.00171	0.00548	0.00543	0.00469	0.00743
18	0.09154	0.01053	0.05220	0.00875	0.01298	0.00865	0.00741	0.05016	0.06659	0.11258	0.08781	0.01538	0.01323	0.00550	0.00455	0.00123	0.00424	0.00440	0.00410	0.43816
19	0.09721	0.04474	0.01209	0.00922	0.01251	0.00965	0.00743	0.11455	0.05098	0.40104	0.01679	0.03501	0.01214	0.03557	0.00791	0.11047	0.00473	0.00523	0.00521	0.00750
20	0.12804	0.00929	0.03218	0.01006	0.02686	0.02487	0.06579	0.04141	0.06827	0.15646	0.19212	0.17955	0.02457	0.00922	0.00567	0.00179	0.00436	0.00803	0.00497	0.00648

[dist]
# distance from previous block
# <min> <max>
21	76

[block]
# block no. 3 follows, 45 sequences, length 7
# corresponding to MSA columns:
# 347,348,351-355
name=unknown_D
#
# <colnr> <probs for GDERKNQSTAVLIFYWHMCP>
#	G	D	E	R	K	N	Q	S	T	A	V	L	I	F	Y	W	H	M	C	P
0	0.12891	0.05652	0.01064	0.00897	0.01142	0.09789	0.00705	0.01618	0.06413	0.15898	0.03620	0.22263	0.05517	0.00984	0.00550	0.00179	0.00466	0.06937	0.00465	0.02950
1	0.25592	0.01146	0.01140	0.00957	0.01317	0.01254	0.00766	0.14182	0.30885	0.02400	0.01430	0.01420	0.01082	0.00596	0.00460	0.00158	0.00445	0.00450	0.00447	0.13872
2	0.00846	0.00632	0.00815	0.00796	0.00921	0.00625	0.00597	0.01062	0.03513	0.03984	0.28005	0.29810	0.07969	0.01244	0.00725	0.00189	0.06755	0.04543	0.00502	0.06466
3	0.02022	0.01258	0.13338	0.01049	0.01532	0.00923	0.00977	0.08249	0.01504	0.51396	0.01737	0.01593	0.01132	0.00608	0.00519	0.00156	0.00514	0.00487	0.00546	0.10459
4	0.01507	0.55039	0.02314	0.05475	0.01513	0.01794	0.00926	0.01904	0.13002	0.10231	0.01141	0.01183	0.00912	0.00529	0.00409	0.00135	0.00545	0.00377	0.00330	0.00734
5	0.01123	0.00687	0.00915	0.13103	0.01358	0.00656	0.00693	0.01335	0.01326	0.18832	0.20857	0.08927	0.26000	0.01035	0.00601	0.00177	0.00381	0.00886	0.00517	0.00590
6	0.01156	0.00654	0.00840	0.00772	0.00956	0.00613	0.00587	0.04861	0.01391	0.18304	0.29224	0.19717	0.08197	0.01269	0.05023	0.00216	0.00393	0.00941	0.04293	0.00593

[dist]
# distance from previous block
# <min> <max>
0	1

[block]
# block no. 4 follows, 45 sequences, length 8
# corresponding to MSA columns:
# 357-364
name=unknown_E
#
# <colnr> <probs for GDERKNQSTAVLIFYWHMCP>
#	G	D	E	R	K	N	Q	S	T	A	V	L	I	F	Y	W	H	M	C	P
0	0.21610	0.00931	0.01096	0.01036	0.07128	0.00932	0.00764	0.08453	0.01410	0.26934	0.12498	0.02290	0.07199	0.00764	0.00520	0.00171	0.00433	0.04604	0.00511	0.00716
1	0.01253	0.05031	0.01005	0.00789	0.01049	0.00761	0.00621	0.01616	0.09658	0.16798	0.22875	0.09428	0.02499	0.00830	0.00527	0.00153	0.00354	0.00706	0.11660	0.12387
2	0.01467	0.06379	0.01243	0.00986	0.01293	0.01147	0.00785	0.05955	0.40481	0.16643	0.06202	0.07618	0.05830	0.00813	0.00550	0.00175	0.00424	0.00678	0.00544	0.00786
3	0.00978	0.00723	0.05069	0.00814	0.00973	0.00609	0.00632	0.06271	0.01213	0.09569	0.02756	0.51441	0.08595	0.01343	0.00625	0.00197	0.00366	0.01189	0.06091	0.00544
4	0.01326	0.01042	0.01459	0.22381	0.07119	0.01139	0.04870	0.21533	0.01526	0.06255	0.01855	0.10056	0.08187	0.00832	0.00610	0.00183	0.02551	0.05974	0.00414	0.00687
5	0.09061	0.01161	0.05865	0.06762	0.12330	0.05237	0.00967	0.06886	0.01356	0.20754	0.07681	0.01693	0.01329	0.03454	0.00578	0.00166	0.00524	0.00501	0.04328	0.09368
6	0.09290	0.00937	0.01227	0.02687	0.01371	0.00927	0.04264	0.04945	0.07249	0.40344	0.02126	0.09639	0.06616	0.00803	0.00613	0.00178	0.04818	0.00657	0.00542	0.00767
7	0.08562	0.00768	0.00955	0.09564	0.07492	0.03699	0.00727	0.01179	0.01075	0.08020	0.02222	0.27917	0.09881	0.07998	0.00884	0.06774	0.00455	0.00898	0.00406	0.00525

[dist]
# distance from previous block
# <min> <max>
22	80

[block]
# block no. 5 follows, 45 sequences, length 29
# corresponding to MSA columns:
# 453-481
name=unknown_F
#
# <colnr> <probs for GDERKNQSTAVLIFYWHMCP>
#	G	D	E	R	K	N	Q	S	T	A	V	L	I	F	Y	W	H	M	C	P
0	0.04495	0.03547	0.09356	0.04026	0.04779	0.05844	0.00893	0.03786	0.07562	0.10691	0.05157	0.11890	0.05293	0.04502	0.00688	0.02814	0.00508	0.03996	0.00414	0.09758
1	0.06933	0.14226	0.07974	0.02579	0.07882	0.01274	0.11959	0.10949	0.01330	0.11907	0.01392	0.02712	0.03850	0.01064	0.11385	0.00257	0.00728	0.00513	0.00363	0.00723
2	0.28445	0.09494	0.01324	0.03709	0.03409	0.09804	0.05489	0.04797	0.01202	0.01934	0.06341	0.01621	0.07684	0.00615	0.00445	0.00150	0.00516	0.00468	0.04153	0.08398
3	0.04324	0.09295	0.01574	0.01408	0.14746	0.05485	0.05436	0.06551	0.03720	0.13107	0.03721	0.09941	0.02216	0.00717	0.00559	0.02709	0.00529	0.00580	0.01547	0.11833
4	0.01403	0.06474	0.08383	0.01096	0.01485	0.04714	0.03255	0.05443	0.32076	0.09365	0.01701	0.06787	0.01356	0.00677	0.00515	0.00159	0.00506	0.00560	0.00449	0.13596
5	0.03843	0.10189	0.01668	0.07314	0.06659	0.13402	0.09976	0.09705	0.01293	0.03913	0.01332	0.01723	0.04373	0.08392	0.12610	0.00297	0.01827	0.00523	0.00324	0.00638
6	0.01386	0.17542	0.09100	0.04195	0.01617	0.01422	0.03265	0.09808	0.04585	0.06766	0.01032	0.01205	0.00826	0.00602	0.00729	0.00154	0.17362	0.00412	0.00326	0.17665
7	0.20808	0.06601	0.04329	0.01129	0.01462	0.15377	0.01942	0.25506	0.01563	0.02248	0.01087	0.06225	0.00924	0.00669	0.00589	0.00166	0.07826	0.00467	0.00379	0.00703
8	0.00721	0.00542	0.00678	0.00724	0.00827	0.00500	0.00519	0.00912	0.03545	0.01603	0.19343	0.44013	0.15036	0.01423	0.00654	0.00197	0.00308	0.04577	0.00513	0.03368
9	0.00839	0.00715	0.00919	0.00910	0.01019	0.05624	0.06612	0.01006	0.03701	0.01435	0.06170	0.52122	0.06196	0.01516	0.03083	0.05555	0.00444	0.01207	0.00449	0.00478
10	0.13533	0.05935	0.08488	0.01369	0.12613	0.02035	0.01772	0.15973	0.03407	0.18631	0.01283	0.01348	0.00934	0.00686	0.02892	0.01472	0.00575	0.00443	0.00418	0.06192
11	0.01119	0.00814	0.04293	0.00807	0.01028	0.00727	0.00647	0.08452	0.06168	0.11672	0.30136	0.08802	0.13268	0.08678	0.00806	0.00207	0.00378	0.00865	0.00532	0.00602
12	0.00738	0.00553	0.00688	0.00693	0.00811	0.00516	0.00505	0.00987	0.04674	0.01843	0.43534	0.24608	0.15293	0.01276	0.00643	0.00184	0.00279	0.01127	0.00550	0.00495
13	0.01245	0.01698	0.25537	0.14235	0.06959	0.04779	0.04870	0.08269	0.17702	0.01875	0.01389	0.06647	0.01121	0.00648	0.00542	0.00175	0.00655	0.00551	0.00350	0.00753
14	0.08506	0.04334	0.09885	0.08625	0.01738	0.02352	0.01891	0.22026	0.03815	0.24370	0.02640	0.04968	0.01150	0.00658	0.00520	0.00167	0.00558	0.00523	0.00476	0.00799
15	0.00857	0.00564	0.00685	0.00694	0.00838	0.00503	0.00514	0.01008	0.01229	0.09271	0.14568	0.26593	0.30683	0.03774	0.00710	0.00203	0.00321	0.05961	0.00523	0.00501
16	0.00795	0.00519	0.00580	0.00580	0.00588	0.00519	0.00328	0.00810	0.00802	0.01102	0.01695	0.03417	0.01915	0.76036	0.02583	0.00495	0.00503	0.00763	0.05632	0.00336
17	0.06978	0.22886	0.05168	0.05575	0.03880	0.01373	0.05760	0.05628	0.13617	0.10211	0.07650	0.01651	0.02414	0.00772	0.04053	0.00188	0.00576	0.00503	0.00392	0.00723
18	0.01627	0.09932	0.17698	0.01228	0.03925	0.04626	0.05904	0.05690	0.01371	0.28070	0.04457	0.10253	0.01412	0.00713	0.00535	0.00167	0.00581	0.00600	0.00444	0.00769
19	0.05972	0.00901	0.01192	0.00924	0.01325	0.00791	0.00761	0.02481	0.01494	0.71115	0.02217	0.01946	0.04967	0.00691	0.00535	0.00167	0.00446	0.00557	0.00642	0.00877
20	0.00806	0.00566	0.00675	0.00677	0.00833	0.00502	0.00516	0.00979	0.01287	0.06573	0.21689	0.15518	0.37149	0.01311	0.00646	0.00189	0.00308	0.08746	0.00531	0.00497
21	0.01379	0.04536	0.10368	0.03950	0.14693	0.04931	0.01074	0.03875	0.04748	0.15880	0.01534	0.10247	0.01345	0.06341	0.08229	0.00262	0.04907	0.00615	0.00385	0.00702
22	0.01620	0.05001	0.04552	0.06801	0.22008	0.01130	0.01115	0.07090	0.10795	0.24520	0.08448	0.01778	0.01454	0.00636	0.00536	0.00165	0.00528	0.00545	0.00462	0.00815
23	0.03074	0.00969	0.05999	0.00927	0.01297	0.00792	0.00794	0.02205	0.05296	0.52722	0.10565	0.02259	0.05409	0.04394	0.00650	0.00184	0.00447	0.00618	0.00594	0.00804
24	0.00907	0.00556	0.00706	0.00686	0.00750	0.00555	0.00457	0.00973	0.00945	0.07333	0.10054	0.07983	0.02183	0.43529	0.14186	0.06009	0.00614	0.00777	0.00380	0.00417
25	0.05095	0.01062	0.01124	0.00829	0.01286	0.05790	0.00659	0.01413	0.01130	0.01752	0.00936	0.01092	0.00778	0.00412	0.00400	0.00087	0.00435	0.00319	0.00316	0.75083
26	0.34732	0.07046	0.17660	0.01057	0.01483	0.03623	0.03579	0.10007	0.03470	0.02123	0.01150	0.06520	0.00997	0.00643	0.00457	0.00170	0.00557	0.03708	0.00346	0.00672
27	0.01247	0.05853	0.00984	0.00839	0.01028	0.00683	0.00656	0.01412	0.01240	0.23110	0.09325	0.31189	0.02730	0.05058	0.00725	0.00211	0.00402	0.12183	0.00527	0.00597
28	0.03886	0.16302	0.15118	0.04265	0.09020	0.01229	0.03947	0.05017	0.04575	0.14203	0.04938	0.08349	0.01321	0.00660	0.00505	0.00158	0.00560	0.00551	0.00381	0.05017

[dist]
# distance from previous block
# <min> <max>
10	17

[block]
# block no. 6 follows, 45 sequences, length 22
# corresponding to MSA columns:
# 508-529
name=unknown_G
#
# <colnr> <probs for GDERKNQSTAVLIFYWHMCP>
#	G	D	E	R	K	N	Q	S	T	A	V	L	I	F	Y	W	H	M	C	P
0	0.09355	0.02710	0.01302	0.01155	0.08152	0.00974	0.02303	0.09087	0.04234	0.26052	0.01565	0.05087	0.01221	0.00889	0.06168	0.00204	0.00547	0.02780	0.00462	0.15752
1	0.01272	0.01213	0.01796	0.05838	0.44897	0.06176	0.04313	0.03785	0.01240	0.01705	0.04305	0.01728	0.01164	0.07750	0.00727	0.00187	0.00619	0.02496	0.00304	0.08484
2	0.01182	0.01164	0.01201	0.01197	0.08188	0.15769	0.00808	0.01289	0.01003	0.01282	0.01172	0.02061	0.01215	0.31647	0.03158	0.00318	0.18490	0.00555	0.00289	0.08014
3	0.69678	0.01043	0.00895	0.00777	0.01093	0.01198	0.00639	0.01531	0.00924	0.02248	0.00763	0.00921	0.00612	0.00528	0.00466	0.00164	0.07546	0.00309	0.00322	0.08341
4	0.01396	0.72880	0.11049	0.00985	0.01481	0.02028	0.01035	0.01617	0.01095	0.01311	0.00770	0.00891	0.00688	0.00465	0.00362	0.00121	0.00598	0.00299	0.00229	0.00700
5	0.00917	0.00592	0.00829	0.00803	0.00904	0.00645	0.00597	0.01063	0.00903	0.08076	0.01561	0.02427	0.01490	0.22572	0.53346	0.00717	0.01126	0.00622	0.00330	0.00480
6	0.01267	0.01448	0.03167	0.02262	0.02805	0.01357	0.75837	0.01719	0.01267	0.01719	0.01086	0.01448	0.00814	0.00452	0.00633	0.00181	0.00905	0.00633	0.00271	0.00724
7	0.00969	0.00497	0.00512	0.00523	0.00640	0.00494	0.00387	0.01204	0.01117	0.01943	0.01863	0.09293	0.01577	0.00723	0.00404	0.00134	0.00256	0.00595	0.76376	0.00494
8	0.01836	0.09339	0.01709	0.01427	0.04978	0.54920	0.04055	0.05650	0.08263	0.01527	0.00984	0.01102	0.00799	0.00557	0.00488	0.00144	0.00849	0.00388	0.00308	0.00677
9	0.01983	0.01699	0.04838	0.01218	0.01607	0.21498	0.01008	0.39119	0.02008	0.13835	0.04922	0.01409	0.01106	0.00640	0.00527	0.00157	0.00661	0.00476	0.00477	0.00813
10	0.02122	0.00968	0.01245	0.00952	0.01373	0.00856	0.00781	0.06891	0.05125	0.57450	0.01880	0.01686	0.01231	0.00622	0.00517	0.00152	0.00454	0.00503	0.00594	0.14597
11	0.00865	0.00618	0.00865	0.00989	0.01112	0.00618	0.00865	0.01112	0.01236	0.01606	0.02842	0.06055	0.03089	0.01483	0.00741	0.00247	0.00494	0.74174	0.00494	0.00494
12	0.04415	0.01423	0.09755	0.01103	0.01563	0.05875	0.00980	0.26591	0.01731	0.25629	0.01408	0.01376	0.00972	0.00586	0.00503	0.00149	0.00558	0.00450	0.00484	0.14450
13	0.00895	0.00569	0.00683	0.00695	0.00849	0.00499	0.00513	0.01029	0.01193	0.11954	0.03943	0.33251	0.36195	0.01391	0.00645	0.00196	0.00321	0.04148	0.00521	0.00512
14	0.00803	0.00553	0.00673	0.00665	0.00690	0.00589	0.00426	0.00857	0.00815	0.01137	0.01609	0.03079	0.01759	0.59137	0.17596	0.00558	0.03519	0.00715	0.04444	0.00374
15	0.01568	0.01191	0.01667	0.01918	0.29565	0.01229	0.03451	0.08824	0.24607	0.15022	0.01584	0.01613	0.01176	0.00598	0.00536	0.00166	0.00537	0.00528	0.00446	0.03774
16	0.01831	0.03389	0.04270	0.08683	0.13132	0.01014	0.04295	0.07147	0.01457	0.40052	0.05120	0.04460	0.01355	0.00658	0.00545	0.00167	0.00538	0.00567	0.00502	0.00820
17	0.00827	0.00518	0.00690	0.00770	0.00846	0.00478	0.00538	0.00941	0.01098	0.08505	0.04486	0.66954	0.05231	0.01559	0.00672	0.00212	0.00330	0.04346	0.00515	0.00484
18	0.01340	0.01228	0.01931	0.09859	0.53579	0.01243	0.01444	0.08275	0.03490	0.01878	0.01057	0.01330	0.00860	0.00497	0.00518	0.00153	0.00608	0.00465	0.00301	0.09943
19	0.31536	0.02650	0.04137	0.15783	0.18985	0.03272	0.01088	0.01733	0.01134	0.13435	0.01061	0.01233	0.00788	0.00527	0.00456	0.00165	0.00558	0.00410	0.00343	0.00706
20	0.04812	0.05081	0.01444	0.03907	0.04856	0.01219	0.03172	0.11559	0.27939	0.22724	0.01730	0.01649	0.01236	0.00633	0.00518	0.00164	0.00493	0.00519	0.00508	0.05836
21	0.36719	0.11534	0.01224	0.00835	0.01199	0.05812	0.00692	0.02991	0.01075	0.03573	0.00956	0.04917	0.00832	0.00546	0.00425	0.00139	0.02614	0.00376	0.00328	0.23215

[dist]
# distance from previous block
# <min> <max>
0	6

[block]
# block no. 7 follows, 45 sequences, length 15
# corresponding to MSA columns:
# 537-551
name=unknown_H
#
# <colnr> <probs for GDERKNQSTAVLIFYWHMCP>
#	G	D	E	R	K	N	Q	S	T	A	V	L	I	F	Y	W	H	M	C	P
0	0.06220	0.01400	0.01669	0.15602	0.22924	0.14310	0.03060	0.12470	0.04862	0.08260	0.01197	0.03551	0.00944	0.00586	0.00522	0.00164	0.00660	0.00490	0.00358	0.00752
1	0.07437	0.01450	0.05790	0.04500	0.04026	0.04916	0.01035	0.43220	0.03995	0.14016	0.01329	0.01339	0.00935	0.00612	0.00516	0.00161	0.00584	0.00466	0.00486	0.03188
2	0.01255	0.00950	0.01128	0.00813	0.01283	0.00724	0.00653	0.01490	0.01159	0.10092	0.01081	0.01191	0.00853	0.00427	0.00413	0.00089	0.00404	0.00342	0.00356	0.75299
3	0.01202	0.01123	0.01901	0.43234	0.11329	0.01264	0.14340	0.09596	0.01288	0.01725	0.03227	0.01483	0.00905	0.00557	0.00591	0.00176	0.03151	0.00519	0.01711	0.00677
4	0.01506	0.57131	0.06072	0.01125	0.01594	0.01826	0.10094	0.01736	0.01160	0.10256	0.00956	0.01063	0.00778	0.00494	0.00439	0.00134	0.02261	0.00367	0.00285	0.00722
5	0.00896	0.00577	0.00743	0.00692	0.00846	0.00523	0.00522	0.01122	0.01456	0.09265	0.57500	0.09029	0.12525	0.01124	0.00628	0.00173	0.00279	0.00984	0.00582	0.00535
6	0.17489	0.00936	0.01162	0.00910	0.01310	0.00865	0.00751	0.02426	0.01423	0.64315	0.01867	0.01653	0.01192	0.00634	0.00502	0.00166	0.00449	0.00494	0.00604	0.00853
7	0.01448	0.01519	0.07711	0.04075	0.13270	0.15165	0.12930	0.07721	0.11172	0.06277	0.06014	0.06603	0.01387	0.00674	0.00559	0.00169	0.00666	0.01522	0.00383	0.00734
8	0.02093	0.01009	0.01297	0.01088	0.04625	0.00966	0.00844	0.12452	0.09389	0.51912	0.06974	0.01896	0.01532	0.00689	0.00546	0.00167	0.00466	0.00565	0.00613	0.00877
9	0.00652	0.00530	0.00577	0.00595	0.00743	0.00456	0.00435	0.00793	0.01220	0.01512	0.12859	0.18693	0.56288	0.01389	0.00643	0.00187	0.00277	0.01186	0.00509	0.00456
10	0.00910	0.00629	0.00715	0.00675	0.00870	0.00572	0.00512	0.01188	0.07570	0.09905	0.18895	0.10194	0.42948	0.01205	0.00621	0.00180	0.00304	0.01024	0.00539	0.00545
11	0.01876	0.25380	0.05184	0.01186	0.04987	0.03394	0.05149	0.08259	0.03435	0.33797	0.01447	0.01401	0.01015	0.00573	0.00483	0.00151	0.00563	0.00452	0.00451	0.00818
12	0.05256	0.01183	0.04692	0.06293	0.01582	0.05629	0.00940	0.12178	0.01519	0.42500	0.01616	0.01563	0.01087	0.00655	0.00621	0.00169	0.07135	0.00493	0.04078	0.00812
13	0.00723	0.00542	0.00678	0.00743	0.00855	0.00502	0.00572	0.00889	0.01196	0.01546	0.12536	0.26994	0.25101	0.03239	0.00726	0.00216	0.00349	0.21626	0.00504	0.00463
14	0.18134	0.03183	0.01213	0.05392	0.06409	0.00957	0.00764	0.04690	0.01139	0.01920	0.00925	0.01097	0.00753	0.00443	0.00406	0.00112	0.00448	0.00338	0.00320	0.51357

[dist]
# distance from previous block
# <min> <max>
3	9

[block]
# block no. 8 follows, 45 sequences, length 37
# corresponding to MSA columns:
# 564-600
name=unknown_I
#
# <colnr> <probs for GDERKNQSTAVLIFYWHMCP>
#	G	D	E	R	K	N	Q	S	T	A	V	L	I	F	Y	W	H	M	C	P
0	0.00723	0.00546	0.00690	0.00712	0.00836	0.00498	0.02055	0.00896	0.01227	0.01628	0.19777	0.27084	0.26823	0.01355	0.00647	0.00193	0.00315	0.08812	0.04711	0.00472
1	0.01316	0.21882	0.30668	0.01243	0.01756	0.01352	0.05384	0.03197	0.01206	0.10507	0.04188	0.04882	0.01187	0.00658	0.00564	0.00165	0.04460	0.04328	0.00327	0.00728
2	0.01439	0.09619	0.11417	0.21541	0.15459	0.07736	0.01340	0.13242	0.06446	0.05059	0.01117	0.01313	0.00848	0.00551	0.00509	0.00161	0.00668	0.00449	0.00329	0.00756
3	0.00956	0.00656	0.00788	0.00796	0.00942	0.00650	0.00588	0.02923	0.12879	0.07429	0.09341	0.36539	0.12083	0.02511	0.00660	0.00201	0.00347	0.05115	0.04037	0.00558
4	0.01722	0.05757	0.13272	0.05667	0.05573	0.05854	0.01206	0.44052	0.07211	0.02636	0.01217	0.01285	0.00891	0.00601	0.00521	0.00161	0.00639	0.00461	0.00431	0.00842
5	0.00748	0.00548	0.00701	0.00663	0.00794	0.00501	0.00497	0.00989	0.01491	0.02084	0.70484	0.04122	0.12127	0.01123	0.00633	0.00170	0.00255	0.00987	0.00582	0.00501
6	0.02181	0.01309	0.01529	0.01190	0.01598	0.13236	0.08172	0.13110	0.01651	0.47802	0.01695	0.01577	0.01118	0.00623	0.00540	0.00162	0.00600	0.00510	0.00547	0.00849
7	0.64930	0.01035	0.00922	0.00858	0.05092	0.01117	0.00647	0.01539	0.00967	0.02251	0.00800	0.00941	0.00635	0.00478	0.00355	0.00150	0.00424	0.00306	0.00326	0.16228
8	0.01596	0.00962	0.01309	0.01031	0.04170	0.00793	0.05740	0.01835	0.01293	0.30618	0.01639	0.01625	0.05011	0.00555	0.00484	0.00127	0.00456	0.00471	0.00453	0.39829
9	0.84927	0.01038	0.00789	0.00706	0.01038	0.01204	0.00581	0.01578	0.00914	0.02408	0.00747	0.00872	0.00581	0.00498	0.00332	0.00166	0.00415	0.00291	0.00332	0.00581
10	0.00780	0.00524	0.00604	0.00604	0.00610	0.00530	0.00348	0.00792	0.00786	0.01055	0.01674	0.03419	0.01911	0.75987	0.07825	0.00543	0.00582	0.00767	0.00323	0.00336
11	0.00647	0.00544	0.00561	0.00557	0.00733	0.00458	0.00418	0.00795	0.01253	0.01520	0.12611	0.05051	0.70353	0.01333	0.00634	0.00180	0.00270	0.01117	0.00508	0.00458
12	0.01688	0.02046	0.01322	0.01243	0.01471	0.59032	0.00939	0.01838	0.01438	0.01386	0.04538	0.10232	0.01435	0.00795	0.00539	0.00159	0.00818	0.08161	0.00336	0.00584
13	0.01514	0.00759	0.00915	0.00779	0.01048	0.00709	0.00616	0.05412	0.06004	0.31238	0.08970	0.05508	0.15470	0.00858	0.00536	0.00163	0.00363	0.00712	0.17736	0.00690
14	0.01026	0.00847	0.01195	0.21948	0.12784	0.00932	0.00910	0.04472	0.08088	0.01487	0.04383	0.02430	0.01513	0.34118	0.01454	0.00317	0.00573	0.00635	0.00334	0.00554
15	0.00669	0.00496	0.00625	0.00697	0.00773	0.00452	0.00483	0.00798	0.01150	0.01522	0.16465	0.53349	0.17518	0.01520	0.00667	0.00203	0.00294	0.01356	0.00515	0.00452
16	0.01427	0.04391	0.01626	0.14909	0.10883	0.06318	0.04852	0.13621	0.30928	0.02087	0.01494	0.01577	0.01134	0.00616	0.00532	0.00169	0.00587	0.00521	0.01541	0.00784
17	0.05648	0.03620	0.10357	0.03549	0.18903	0.06915	0.02509	0.08738	0.06015	0.08174	0.01148	0.01279	0.00879	0.00517	0.00484	0.00143	0.00587	0.00424	0.00351	0.19761
18	0.06051	0.03824	0.18927	0.01253	0.06115	0.02289	0.01129	0.13551	0.09561	0.21584	0.05613	0.01572	0.01235	0.00617	0.00514	0.00162	0.00556	0.00492	0.00453	0.04502
19	0.00767	0.00531	0.00664	0.00677	0.00720	0.00552	0.00448	0.00848	0.00861	0.01190	0.01897	0.11019	0.04865	0.44339	0.24273	0.00558	0.00742	0.00800	0.03859	0.00393
20	0.00677	0.00506	0.00629	0.00681	0.00772	0.00458	0.00479	0.00821	0.01200	0.01590	0.22710	0.43354	0.21252	0.01456	0.00660	0.00197	0.00287	0.01291	0.00522	0.00458
21	0.09498	0.01356	0.06703	0.01284	0.01671	0.08279	0.15864	0.11043	0.11853	0.12903	0.07076	0.05595	0.03089	0.00688	0.00548	0.00171	0.00598	0.00602	0.00440	0.00737
22	0.01618	0.17500	0.04635	0.01383	0.10061	0.05309	0.06002	0.16826	0.04424	0.13943	0.01307	0.01531	0.01032	0.04981	0.04995	0.00213	0.01644	0.01442	0.00394	0.00762
23	0.05254	0.01082	0.04265	0.36827	0.06333	0.01219	0.05122	0.06352	0.01119	0.03198	0.01051	0.01598	0.00892	0.10246	0.00981	0.00225	0.12825	0.00510	0.00285	0.00616
24	0.00842	0.00534	0.00681	0.00719	0.00826	0.00490	0.00517	0.00994	0.01192	0.07785	0.15995	0.44093	0.12468	0.01382	0.00640	0.00196	0.00311	0.03800	0.06041	0.00495
25	0.03118	0.01525	0.11186	0.10860	0.09599	0.16026	0.08150	0.04199	0.01341	0.14084	0.04446	0.04222	0.05271	0.00657	0.00557	0.00166	0.01788	0.00552	0.01543	0.00707
26	0.01554	0.09536	0.04619	0.01587	0.16609	0.21279	0.01100	0.08522	0.16096	0.04612	0.01397	0.06040	0.01186	0.00667	0.00519	0.00161	0.00647	0.02745	0.00377	0.00747
27	0.00810	0.00571	0.00700	0.00694	0.00818	0.00535	0.00503	0.01038	0.05403	0.04421	0.32841	0.20737	0.18488	0.05457	0.00809	0.03793	0.00309	0.01058	0.00523	0.00492
28	0.00855	0.00542	0.00704	0.00745	0.00853	0.00495	0.00538	0.00999	0.01194	0.09132	0.15436	0.47168	0.12363	0.01435	0.00659	0.00202	0.00322	0.05328	0.00530	0.00500
29	0.01264	0.01183	0.04526	0.15402	0.21298	0.05395	0.11709	0.01645	0.05605	0.08159	0.10761	0.06723	0.02583	0.00683	0.00568	0.00172	0.00613	0.00636	0.00368	0.00706
30	0.01766	0.05271	0.04858	0.01575	0.08586	0.25340	0.09755	0.19655	0.01612	0.07920	0.01077	0.01219	0.00823	0.00593	0.00628	0.00161	0.07598	0.00449	0.00360	0.00753
31	0.68190	0.04449	0.01018	0.00898	0.05306	0.01252	0.00688	0.05770	0.01058	0.06092	0.00859	0.00967	0.00656	0.00512	0.00365	0.00163	0.00446	0.00324	0.00352	0.00635
32	0.01245	0.05032	0.04003	0.01073	0.08124	0.00893	0.00796	0.11230	0.01505	0.10355	0.28972	0.04659	0.06743	0.00814	0.00551	0.00154	0.00413	0.00693	0.00485	0.12262
33	0.01274	0.05449	0.01739	0.02828	0.06750	0.00984	0.20709	0.01532	0.01225	0.14027	0.07753	0.16448	0.01768	0.02851	0.00677	0.00180	0.03624	0.00745	0.00405	0.09033
34	0.06160	0.01004	0.01226	0.04981	0.04139	0.00894	0.00784	0.06352	0.05006	0.20676	0.01312	0.01353	0.00961	0.00510	0.00457	0.00124	0.00451	0.00409	0.00423	0.42780
35	0.01697	0.01109	0.01455	0.01419	0.16575	0.01024	0.00952	0.15650	0.01518	0.23820	0.01359	0.01392	0.00980	0.00535	0.00491	0.00135	0.00498	0.00444	0.00447	0.28501
36	0.01180	0.05553	0.06372	0.00887	0.01357	0.00873	0.00775	0.03402	0.03840	0.03672	0.01119	0.01402	0.00943	0.00488	0.00432	0.00104	0.00446	0.04049	0.00338	0.62767

[dist]
# distance from previous block
# <min> <max>
1	11

[block]
# block no. 9 follows, 45 sequences, length 71
# corresponding to MSA columns:
# 615-685
name=unknown_J
#
# <colnr> <probs for GDERKNQSTAVLIFYWHMCP>
#	G	D	E	R	K	N	Q	S	T	A	V	L	I	F	Y	W	H	M	C	P
0	0.08259	0.01288	0.04382	0.12228	0.36901	0.03015	0.05412	0.08073	0.04678	0.04054	0.01084	0.01324	0.00850	0.00515	0.00513	0.00160	0.00623	0.00464	0.00317	0.05862
1	0.01244	0.04232	0.01924	0.07305	0.38764	0.01190	0.08436	0.03432	0.04760	0.01735	0.01173	0.06329	0.01029	0.00568	0.00552	0.00155	0.02402	0.00533	0.00305	0.13931
2	0.03197	0.01081	0.05003	0.11046	0.12554	0.01027	0.19764	0.04261	0.02563	0.03288	0.03382	0.14767	0.01697	0.03231	0.00673	0.00200	0.00622	0.10633	0.00364	0.00646
3	0.01267	0.01261	0.04014	0.14616	0.31888	0.04562	0.03527	0.01897	0.21178	0.01767	0.01367	0.04537	0.01121	0.00622	0.00594	0.00174	0.03950	0.00548	0.00343	0.00767
4	0.00757	0.00566	0.00661	0.00633	0.00785	0.00519	0.00476	0.01018	0.04267	0.01905	0.44305	0.04177	0.29440	0.01137	0.00611	0.00170	0.00266	0.00977	0.06827	0.00501
5	0.00954	0.00582	0.00769	0.00724	0.00871	0.00531	0.00541	0.01173	0.01437	0.11794	0.54940	0.16980	0.04323	0.01143	0.00630	0.00177	0.00289	0.01011	0.00584	0.00547
6	0.00733	0.00543	0.00683	0.00658	0.00788	0.00493	0.00490	0.00957	0.01440	0.01988	0.61022	0.09037	0.16825	0.01177	0.00637	0.00174	0.00260	0.01032	0.00570	0.00493
7	0.01435	0.81458	0.02813	0.00918	0.01378	0.02124	0.00918	0.01607	0.01091	0.01263	0.00746	0.00861	0.00689	0.00459	0.00344	0.00115	0.00574	0.00287	0.00230	0.00689
8	0.00780	0.00523	0.00597	0.00597	0.00601	0.00527	0.00340	0.00788	0.00784	0.01049	0.01681	0.03454	0.01926	0.77894	0.05938	0.00535	0.00559	0.00772	0.00324	0.00332
9	0.02041	0.01504	0.01611	0.01235	0.01665	0.01665	0.01020	0.75997	0.02524	0.03383	0.01289	0.01289	0.00913	0.00644	0.00537	0.00161	0.00591	0.00483	0.00537	0.00913
10	0.02041	0.01504	0.01611	0.01235	0.01665	0.01665	0.01020	0.75997	0.02524	0.03383	0.01289	0.01289	0.00913	0.00644	0.00537	0.00161	0.00591	0.00483	0.00537	0.00913
11	0.01113	0.00954	0.01113	0.00795	0.01272	0.00716	0.00636	0.01352	0.01113	0.01749	0.00954	0.01113	0.00795	0.00398	0.00398	0.00080	0.00398	0.00318	0.00318	0.84417
12	0.02005	0.02558	0.01521	0.01383	0.01659	0.78980	0.01037	0.02143	0.01521	0.01314	0.00830	0.00968	0.00691	0.00553	0.00484	0.00138	0.00968	0.00346	0.00277	0.00622
13	0.00735	0.00619	0.00646	0.00626	0.00816	0.00568	0.00473	0.01054	0.10574	0.01626	0.13075	0.04647	0.60123	0.01252	0.00623	0.00180	0.00289	0.01050	0.00515	0.00508
14	0.02408	0.00914	0.01246	0.00955	0.01370	0.00789	0.00789	0.02616	0.01536	0.78158	0.02118	0.01827	0.01329	0.00664	0.00540	0.00166	0.00457	0.00540	0.00664	0.00914
15	0.01329	0.01275	0.02179	0.03295	0.77787	0.01275	0.01647	0.01647	0.01222	0.01754	0.01010	0.01329	0.00850	0.00478	0.00531	0.00159	0.00638	0.00478	0.00266	0.00850
16	0.01300	0.51744	0.31341	0.01149	0.01735	0.01793	0.01321	0.01642	0.01107	0.01428	0.00828	0.00964	0.00686	0.00478	0.00407	0.00136	0.00657	0.00328	0.00229	0.00728
17	0.00865	0.00618	0.00865	0.00989	0.01112	0.00618	0.00865	0.01112	0.01236	0.01606	0.02842	0.06055	0.03089	0.01483	0.00741	0.00247	0.00494	0.74174	0.00494	0.00494
18	0.01174	0.01174	0.01644	0.01409	0.01409	0.01644	0.01174	0.01292	0.00822	0.01292	0.00705	0.01174	0.00705	0.00940	0.01762	0.00235	0.80153	0.00470	0.00235	0.00587
19	0.00760	0.00549	0.00718	0.00675	0.00802	0.00506	0.00506	0.01013	0.01519	0.02153	0.77503	0.04010	0.05065	0.01097	0.00633	0.00169	0.00253	0.00971	0.00591	0.00506
20	0.84927	0.01038	0.00789	0.00706	0.01038	0.01204	0.00581	0.01578	0.00914	0.02408	0.00747	0.00872	0.00581	0.00498	0.00332	0.00166	0.00415	0.00291	0.00332	0.00581
21	0.01174	0.01174	0.01644	0.01409	0.01409	0.01644	0.01174	0.01292	0.00822	0.01292	0.00705	0.01174	0.00705	0.00940	0.01762	0.00235	0.80153	0.00470	0.00235	0.00587
22	0.00654	0.00467	0.00623	0.00747	0.00779	0.00436	0.00498	0.00747	0.01028	0.01370	0.02959	0.80785	0.03550	0.01682	0.00685	0.00218	0.00311	0.01526	0.00498	0.00436
23	0.01014	0.00954	0.01610	0.79845	0.03697	0.01193	0.01491	0.01371	0.01073	0.01371	0.00954	0.01431	0.00716	0.00537	0.00537	0.00179	0.00716	0.00477	0.00239	0.00596
24	0.02041	0.01504	0.01611	0.01235	0.01665	0.01665	0.01020	0.75997	0.02524	0.03383	0.01289	0.01289	0.00913	0.00644	0.00537	0.00161	0.00591	0.00483	0.00537	0.00913
25	0.01335	0.01153	0.01214	0.01092	0.01396	0.01335	0.00850	0.02852	0.76817	0.02245	0.02185	0.02003	0.01639	0.00728	0.00546	0.00182	0.00425	0.00607	0.00546	0.00850
26	0.00642	0.00544	0.00555	0.00552	0.00730	0.00457	0.00414	0.00786	0.01242	0.01494	0.09979	0.05093	0.73000	0.01343	0.00634	0.00180	0.00271	0.01123	0.00504	0.00457
27	0.00635	0.00542	0.00546	0.00549	0.00726	0.00453	0.00410	0.00770	0.01218	0.01448	0.05371	0.07193	0.75585	0.01368	0.00636	0.00182	0.00273	0.01143	0.00498	0.00453
28	0.84927	0.01038	0.00789	0.00706	0.01038	0.01204	0.00581	0.01578	0.00914	0.02408	0.00747	0.00872	0.00581	0.00498	0.00332	0.00166	0.00415	0.00291	0.00332	0.00581
29	0.01301	0.52035	0.31062	0.01147	0.01731	0.01796	0.01317	0.01642	0.01107	0.01426	0.00827	0.00963	0.00686	0.00478	0.00406	0.00135	0.00656	0.00328	0.00229	0.00728
30	0.01795	0.01117	0.01281	0.01054	0.01410	0.01183	0.00847	0.18930	0.31736	0.26505	0.06711	0.01915	0.01595	0.00713	0.00548	0.00172	0.00461	0.00581	0.00584	0.00862
31	0.00765	0.00568	0.00731	0.00787	0.00914	0.00534	0.00636	0.00972	0.01279	0.01678	0.21543	0.13419	0.20354	0.01383	0.00685	0.00210	0.00366	0.32174	0.00519	0.00482
32	0.01165	0.00659	0.00676	0.00617	0.00790	0.00684	0.00477	0.13071	0.01347	0.02220	0.01678	0.01889	0.01303	0.00628	0.00401	0.00131	0.00304	0.00498	0.70898	0.00566
33	0.01024	0.00964	0.01628	0.77461	0.06004	0.01195	0.01496	0.01380	0.01078	0.01383	0.00956	0.01428	0.00720	0.00535	0.00537	0.00178	0.00713	0.00477	0.00239	0.00604
34	0.00681	0.00553	0.00609	0.00615	0.00780	0.00480	0.00475	0.00850	0.01277	0.01591	0.17895	0.05057	0.56721	0.01326	0.00646	0.00186	0.00293	0.08982	0.00514	0.00467
35	0.00660	0.00470	0.00621	0.00739	0.00769	0.00440	0.00490	0.00749	0.01015	0.01354	0.02896	0.76942	0.03471	0.05633	0.00787	0.00233	0.00322	0.01489	0.00490	0.00430
36	0.01093	0.02674	0.73492	0.01502	0.02265	0.01252	0.01912	0.01773	0.05903	0.01734	0.01040	0.01188	0.00740	0.00524	0.00512	0.00171	0.00770	0.00410	0.00247	0.00797
37	0.00778	0.00532	0.00644	0.00644	0.00664	0.00552	0.00398	0.00818	0.00798	0.01084	0.01638	0.03216	0.01823	0.64861	0.18830	0.00593	0.00714	0.00737	0.00317	0.00358
38	0.01235	0.01137	0.02200	0.01640	0.02040	0.01084	0.44882	0.01690	0.06926	0.06837	0.09042	0.05397	0.01528	0.00628	0.00591	0.00173	0.00665	0.00682	0.10938	0.00683
39	0.74121	0.05278	0.00958	0.00771	0.01090	0.03032	0.00642	0.01577	0.00931	0.02263	0.00747	0.00890	0.00596	0.00522	0.00414	0.00167	0.04792	0.00302	0.00320	0.00588
40	0.01203	0.01121	0.01567	0.01346	0.01369	0.01536	0.01115	0.01325	0.00855	0.04742	0.00824	0.01299	0.00790	0.02877	0.05220	0.00267	0.71213	0.00485	0.00259	0.00591
41	0.01376	0.31098	0.22195	0.04612	0.06421	0.10605	0.01267	0.01742	0.04477	0.03302	0.00943	0.01093	0.00761	0.00515	0.00482	0.00143	0.03031	0.00369	0.00266	0.05298
42	0.00808	0.00605	0.00756	0.00709	0.00854	0.00581	0.00534	0.01174	0.08499	0.02132	0.67480	0.03872	0.07794	0.01074	0.00625	0.00171	0.00270	0.00944	0.00583	0.00536
43	0.01265	0.06983	0.06096	0.08341	0.23173	0.02511	0.01148	0.07713	0.01244	0.06830	0.01498	0.16951	0.01455	0.04328	0.00739	0.00193	0.06470	0.02014	0.00358	0.00690
44	0.01014	0.00954	0.01610	0.79845	0.03697	0.01193	0.01491	0.01371	0.01073	0.01371	0.00954	0.01431	0.00716	0.00537	0.00537	0.00179	0.00716	0.00477	0.00239	0.00596
45	0.00730	0.00604	0.00676	0.00647	0.00811	0.00565	0.00492	0.00969	0.05115	0.01686	0.25873	0.04497	0.49431	0.01233	0.00679	0.00180	0.03770	0.01030	0.00516	0.00494
46	0.02005	0.02558	0.01521	0.01383	0.01659	0.78980	0.01037	0.02143	0.01521	0.01314	0.00830	0.00968	0.00691	0.00553	0.00484	0.00138	0.00968	0.00346	0.00277	0.00622
47	0.01174	0.01174	0.01644	0.01409	0.01409	0.01644	0.01174	0.01292	0.00822	0.01292	0.00705	0.01174	0.00705	0.00940	0.01762	0.00235	0.80153	0.00470	0.00235	0.00587
48	0.00747	0.00546	0.00701	0.00667	0.00795	0.00500	0.00499	0.00986	0.01482	0.02075	0.69723	0.06371	0.10628	0.01135	0.00635	0.00171	0.00256	0.01000	0.00581	0.00500
49	0.84927	0.01038	0.00789	0.00706	0.01038	0.01204	0.00581	0.01578	0.00914	0.02408	0.00747	0.00872	0.00581	0.00498	0.00332	0.00166	0.00415	0.00291	0.00332	0.00581
50	0.01435	0.81458	0.02813	0.00918	0.01378	0.02124	0.00918	0.01607	0.01091	0.01263	0.00746	0.00861	0.00689	0.00459	0.00344	0.00115	0.00574	0.00287	0.00230	0.00689
51	0.00932	0.00466	0.00699	0.00699	0.00699	0.00466	0.00466	0.00699	0.00699	0.00932	0.00932	0.01632	0.00932	0.01865	0.02098	0.84382	0.00466	0.00466	0.00233	0.00233
52	0.84927	0.01038	0.00789	0.00706	0.01038	0.01204	0.00581	0.01578	0.00914	0.02408	0.00747	0.00872	0.00581	0.00498	0.00332	0.00166	0.00415	0.00291	0.00332	0.00581
53	0.01335	0.01153	0.01214	0.01092	0.01396	0.01335	0.00850	0.02852	0.76817	0.02245	0.02185	0.02003	0.01639	0.00728	0.00546	0.00182	0.00425	0.00607	0.00546	0.00850
54	0.01267	0.01448	0.03167	0.02262	0.02805	0.01357	0.75837	0.01719	0.01267	0.01719	0.01086	0.01448	0.00814	0.00452	0.00633	0.00181	0.00905	0.00633	0.00271	0.00724
55	0.00781	0.00520	0.00585	0.00585	0.00585	0.00520	0.00325	0.00781	0.00781	0.01041	0.01691	0.03513	0.01952	0.81135	0.02732	0.00520	0.00520	0.00781	0.00325	0.00325
56	0.84927	0.01038	0.00789	0.00706	0.01038	0.01204	0.00581	0.01578	0.00914	0.02408	0.00747	0.00872	0.00581	0.00498	0.00332	0.00166	0.00415	0.00291	0.00332	0.00581
57	0.00865	0.00618	0.00865	0.00989	0.01112	0.00618	0.00865	0.01112	0.01236	0.01606	0.02842	0.06055	0.03089	0.01483	0.00741	0.00247	0.00494	0.74174	0.00494	0.00494
58	0.00654	0.00467	0.00623	0.00747	0.00779	0.00436	0.00498	0.00747	0.01028	0.01370	0.02959	0.80785	0.03550	0.01682	0.00685	0.00218	0.00311	0.01526	0.00498	0.00436
59	0.00636	0.00536	0.00552	0.00565	0.00731	0.00451	0.00417	0.00768	0.01203	0.01442	0.05177	0.13110	0.69793	0.01393	0.00640	0.00185	0.00276	0.01174	0.00498	0.00451
