[name]
unknown

[dist]
# distance from previous block
# <min> <max>
0	211

[block]
# block no. 0 follows, 47 sequences, length 52
# corresponding to MSA columns:
# 216-267
name=unknown_A
#
# <colnr> <probs for GDERKNQSTAVLIFYWHMCP>
#	G	D	E	R	K	N	Q	S	T	A	V	L	I	F	Y	W	H	M	C	P
0	0.06138	0.01011	0.01161	0.00926	0.01296	0.00973	0.00755	0.15539	0.09113	0.12176	0.01426	0.01778	0.01162	0.01744	0.00539	0.00143	0.02563	0.07686	0.00430	0.33442
1	0.01237	0.00986	0.01330	0.27643	0.08960	0.03338	0.01052	0.08594	0.09617	0.09263	0.07361	0.04357	0.08469	0.00737	0.00579	0.00172	0.02879	0.02369	0.00396	0.00661
2	0.01244	0.01500	0.10695	0.04028	0.12131	0.01304	0.52241	0.04755	0.03525	0.01744	0.01069	0.01368	0.00806	0.00465	0.00581	0.00171	0.00803	0.00561	0.00276	0.00733
3	0.01032	0.00990	0.01560	0.46869	0.02655	0.01269	0.03518	0.01326	0.03093	0.01340	0.00982	0.05268	0.00854	0.00702	0.00908	0.00193	0.26093	0.00519	0.00252	0.00579
4	0.01295	0.01119	0.01178	0.01060	0.01354	0.01295	0.00824	0.02767	0.77509	0.02178	0.02120	0.01943	0.01590	0.00707	0.00530	0.00177	0.00412	0.00589	0.00530	0.00824
5	0.01314	0.01262	0.02033	0.03829	0.06624	0.01330	0.30761	0.08336	0.32733	0.01996	0.01492	0.01600	0.01124	0.00579	0.00589	0.00174	0.02487	0.00575	0.00393	0.00769
6	0.01437	0.07121	0.01709	0.25627	0.02223	0.01413	0.06834	0.32145	0.03082	0.02150	0.01095	0.01335	0.00835	0.00798	0.05803	0.00209	0.04636	0.00472	0.00360	0.00717
7	0.01080	0.00926	0.01080	0.00771	0.01234	0.00694	0.00617	0.01311	0.01080	0.01697	0.00926	0.01080	0.00771	0.00386	0.00386	0.00077	0.00386	0.00309	0.00309	0.84882
8	0.00643	0.00543	0.00560	0.00563	0.00737	0.00466	0.00429	0.00809	0.02669	0.01448	0.07128	0.04964	0.70983	0.01306	0.00619	0.00179	0.00277	0.04741	0.00487	0.00450
9	0.00800	0.00598	0.00750	0.00701	0.00843	0.00581	0.00529	0.01183	0.09998	0.02098	0.69648	0.03672	0.04541	0.01024	0.00605	0.00165	0.00264	0.00902	0.00568	0.00529
10	0.01274	0.01097	0.01160	0.01045	0.01333	0.01265	0.00812	0.02700	0.74664	0.02175	0.04966	0.02016	0.01714	0.00720	0.00533	0.00176	0.00406	0.00602	0.00532	0.00812
11	0.85377	0.01007	0.00765	0.00685	0.01007	0.01168	0.00564	0.01531	0.00886	0.02336	0.00725	0.00846	0.00564	0.00483	0.00322	0.00161	0.00403	0.00282	0.00322	0.00564
12	0.01441	0.01160	0.01237	0.01075	0.01392	0.01322	0.00847	0.13899	0.63088	0.05482	0.01986	0.01832	0.01471	0.00692	0.00528	0.00173	0.00438	0.00568	0.00533	0.00836
13	0.01985	0.01407	0.01525	0.01174	0.01586	0.01543	0.00968	0.69069	0.04611	0.08793	0.01335	0.01309	0.00936	0.00629	0.00521	0.00157	0.00559	0.00476	0.00530	0.00884
14	0.00737	0.00532	0.00696	0.00655	0.00778	0.00491	0.00491	0.00983	0.01474	0.02088	0.78175	0.03890	0.04914	0.01065	0.00614	0.00164	0.00246	0.00942	0.00573	0.00491
15	0.00654	0.00498	0.00590	0.00630	0.00727	0.00447	0.00441	0.00780	0.01131	0.01465	0.16675	0.34558	0.30704	0.07297	0.00784	0.00212	0.00293	0.01196	0.00487	0.00433
16	0.39848	0.00941	0.01008	0.00817	0.01184	0.00947	0.00674	0.02083	0.01218	0.44265	0.01454	0.01354	0.00962	0.00572	0.00433	0.00161	0.00425	0.00415	0.00499	0.00741
17	0.00777	0.00525	0.00646	0.00664	0.00787	0.00469	0.00479	0.00923	0.01198	0.07210	0.20429	0.35012	0.26275	0.01337	0.00628	0.00186	0.00288	0.01174	0.00515	0.00477
18	0.01219	0.01150	0.01941	0.05364	0.67578	0.01153	0.01472	0.01522	0.01213	0.01732	0.09427	0.01577	0.01268	0.00532	0.00527	0.00156	0.00580	0.00516	0.00291	0.00781
19	0.00745	0.00555	0.00824	0.00824	0.00912	0.00644	0.00634	0.00921	0.00833	0.01199	0.01407	0.02113	0.01331	0.07741	0.75839	0.00821	0.01351	0.00568	0.00281	0.00458
20	0.01507	0.10603	0.01905	0.11017	0.39364	0.12686	0.01299	0.01763	0.01239	0.12174	0.01067	0.01264	0.00834	0.00504	0.00490	0.00150	0.00643	0.00432	0.00306	0.00755
21	0.52240	0.28535	0.01471	0.00792	0.01153	0.05873	0.00700	0.01571	0.00978	0.01900	0.00729	0.00848	0.00605	0.00474	0.00335	0.00143	0.00485	0.00284	0.00286	0.00602
22	0.85377	0.01007	0.00765	0.00685	0.01007	0.01168	0.00564	0.01531	0.00886	0.02336	0.00725	0.00846	0.00564	0.00483	0.00322	0.00161	0.00403	0.00282	0.00322	0.00564
23	0.00733	0.00532	0.00690	0.00650	0.00775	0.00489	0.00488	0.00974	0.01463	0.02063	0.75447	0.03932	0.07658	0.01074	0.00614	0.00164	0.00246	0.00948	0.00570	0.00489
24	0.00761	0.00544	0.00749	0.00860	0.00949	0.00531	0.00695	0.00949	0.01142	0.01505	0.06705	0.32503	0.03255	0.01488	0.00695	0.00226	0.00405	0.45094	0.00486	0.00460
25	0.00729	0.00521	0.00712	0.00827	0.00900	0.00504	0.00642	0.00891	0.01102	0.01456	0.05204	0.45220	0.03291	0.01527	0.00687	0.00223	0.00380	0.34247	0.00485	0.00450
26	0.02198	0.00880	0.01165	0.00906	0.01285	0.00784	0.00744	0.04570	0.03571	0.68908	0.02007	0.01775	0.01289	0.00643	0.00512	0.00159	0.00431	0.00521	0.06800	0.00855
27	0.02242	0.00932	0.01224	0.00950	0.01345	0.00846	0.00781	0.06212	0.07118	0.69462	0.02020	0.01759	0.01291	0.00648	0.00524	0.00162	0.00447	0.00526	0.00630	0.00882
28	0.01392	0.82012	0.02729	0.00891	0.01337	0.02061	0.00891	0.01559	0.01058	0.01225	0.00724	0.00835	0.00668	0.00446	0.00334	0.00111	0.00557	0.00278	0.00223	0.00668
29	0.01295	0.01119	0.01178	0.01060	0.01354	0.01295	0.00824	0.02767	0.77509	0.02178	0.02120	0.01943	0.01590	0.00707	0.00530	0.00177	0.00412	0.00589	0.00530	0.00824
30	0.00634	0.00453	0.00604	0.00725	0.00755	0.00423	0.00483	0.00725	0.00997	0.01329	0.02870	0.81358	0.03444	0.01632	0.00665	0.00211	0.00302	0.01480	0.00483	0.00423
31	0.32519	0.00796	0.00831	0.00733	0.01000	0.00813	0.00581	0.01650	0.01133	0.25199	0.03788	0.13485	0.01455	0.00740	0.00449	0.00163	0.00371	0.00584	0.13084	0.00626
32	0.01980	0.01459	0.01563	0.01198	0.01615	0.01615	0.00990	0.76713	0.02448	0.03282	0.01250	0.01250	0.00886	0.00625	0.00521	0.00156	0.00573	0.00469	0.00521	0.00886
33	0.00744	0.00558	0.00837	0.00837	0.00930	0.00651	0.00651	0.00930	0.00837	0.01209	0.01395	0.02046	0.01302	0.03906	0.79635	0.00837	0.01395	0.00558	0.00279	0.00465
34	0.85377	0.01007	0.00765	0.00685	0.01007	0.01168	0.00564	0.01531	0.00886	0.02336	0.00725	0.00846	0.00564	0.00483	0.00322	0.00161	0.00403	0.00282	0.00322	0.00564
35	0.01980	0.01459	0.01563	0.01198	0.01615	0.01615	0.00990	0.76713	0.02448	0.03282	0.01250	0.01250	0.00886	0.00625	0.00521	0.00156	0.00573	0.00469	0.00521	0.00886
36	0.00718	0.00513	0.00701	0.00821	0.00888	0.00495	0.00629	0.00870	0.01080	0.01423	0.02824	0.50434	0.03261	0.01552	0.00687	0.00223	0.00375	0.31577	0.00482	0.00446
37	0.02326	0.00903	0.01219	0.00934	0.01338	0.00790	0.00772	0.04706	0.01519	0.76603	0.02031	0.01757	0.01277	0.00644	0.00524	0.00161	0.00447	0.00522	0.00641	0.00886
38	0.01061	0.00975	0.01627	0.42218	0.27784	0.01093	0.01398	0.01378	0.01114	0.01489	0.01239	0.02080	0.01109	0.00650	0.00551	0.00178	0.00635	0.12497	0.00280	0.00643
39	0.00894	0.02829	0.00800	0.00715	0.00796	0.00707	0.00490	0.07161	0.04067	0.01300	0.01543	0.02765	0.01619	0.50362	0.21268	0.00534	0.00727	0.00665	0.00330	0.00430
40	0.01228	0.01124	0.01652	0.01971	0.32778	0.01171	0.06947	0.01953	0.29367	0.01830	0.01514	0.01836	0.01251	0.05136	0.00650	0.00184	0.00539	0.03580	0.00374	0.04917
41	0.01483	0.58719	0.02372	0.06826	0.01561	0.17371	0.00957	0.03103	0.01167	0.01283	0.00765	0.00905	0.00675	0.00473	0.00378	0.00121	0.00643	0.00307	0.00238	0.00653
42	0.01443	0.01006	0.01521	0.01194	0.01520	0.04169	0.19108	0.05950	0.05710	0.22907	0.22927	0.04641	0.02248	0.00757	0.00578	0.00168	0.00517	0.02448	0.00495	0.00693
43	0.01098	0.01154	0.06753	0.49002	0.07274	0.01186	0.11926	0.04559	0.04359	0.01555	0.01011	0.01367	0.00763	0.00509	0.00525	0.00166	0.00686	0.00476	0.00265	0.05365
44	0.01006	0.00948	0.01602	0.74776	0.09082	0.01163	0.01457	0.01350	0.01052	0.01358	0.00930	0.01381	0.00704	0.00516	0.00520	0.00172	0.00689	0.00463	0.00233	0.00597
45	0.00650	0.00498	0.00601	0.00676	0.00771	0.00449	0.00489	0.00773	0.01092	0.01384	0.03777	0.43802	0.31992	0.01491	0.00652	0.00201	0.00307	0.09476	0.00483	0.00436
46	0.01144	0.00978	0.01342	0.14170	0.05157	0.02888	0.05285	0.06603	0.14610	0.04133	0.06016	0.10048	0.01710	0.00961	0.03031	0.00209	0.10760	0.09926	0.00396	0.00634
47	0.02653	0.01178	0.04571	0.05106	0.07990	0.03286	0.04661	0.16896	0.11948	0.17777	0.03801	0.01781	0.06802	0.00643	0.00518	0.00156	0.00516	0.00537	0.00455	0.08725
48	0.00807	0.00587	0.00706	0.00673	0.00823	0.00555	0.00505	0.01126	0.08169	0.04092	0.46504	0.09518	0.19417	0.01102	0.00601	0.00170	0.00274	0.00957	0.02895	0.00517
49	0.26604	0.04643	0.05694	0.06926	0.01506	0.10156	0.00986	0.05192	0.01035	0.01720	0.00778	0.01036	0.00657	0.00641	0.00847	0.00177	0.27862	0.00376	0.00277	0.02886
50	0.06411	0.14390	0.06941	0.01232	0.02687	0.32632	0.04092	0.13959	0.02821	0.03907	0.00947	0.01052	0.00745	0.00523	0.00454	0.00138	0.00716	0.00370	0.00319	0.05664
51	0.05562	0.01200	0.01270	0.10006	0.03690	0.09650	0.00917	0.15318	0.23728	0.05399	0.01444	0.01558	0.01109	0.00994	0.09439	0.00239	0.02938	0.00492	0.04338	0.00710

[dist]
# distance from previous block
# <min> <max>
0	2

[block]
# block no. 1 follows, 47 sequences, length 25
# corresponding to MSA columns:
# 270-294
name=unknown_B
#
# <colnr> <probs for GDERKNQSTAVLIFYWHMCP>
#	G	D	E	R	K	N	Q	S	T	A	V	L	I	F	Y	W	H	M	C	P
0	0.00642	0.00479	0.00600	0.00685	0.00756	0.00436	0.00477	0.00755	0.01070	0.01390	0.06888	0.57702	0.20510	0.01527	0.00653	0.00202	0.00297	0.04011	0.00487	0.00432
1	0.00661	0.00513	0.00601	0.00614	0.00740	0.00453	0.00447	0.00822	0.01243	0.01620	0.29360	0.21215	0.37243	0.01301	0.00626	0.00180	0.00266	0.01129	0.00514	0.00453
2	0.78052	0.00996	0.00804	0.00706	0.01036	0.01133	0.00582	0.01620	0.00940	0.09082	0.00842	0.00928	0.00628	0.00498	0.00340	0.00161	0.00406	0.00303	0.00351	0.00592
3	0.13253	0.00869	0.01093	0.00863	0.01219	0.00796	0.00699	0.02247	0.01345	0.61766	0.01841	0.01793	0.01246	0.07773	0.00684	0.00191	0.00443	0.00512	0.00573	0.00793
4	0.32122	0.10118	0.01402	0.00979	0.01364	0.01502	0.00825	0.41251	0.01730	0.02714	0.01002	0.01058	0.00745	0.00554	0.00429	0.00153	0.00510	0.00380	0.00416	0.00745
5	0.85377	0.01007	0.00765	0.00685	0.01007	0.01168	0.00564	0.01531	0.00886	0.02336	0.00725	0.00846	0.00564	0.00483	0.00322	0.00161	0.00403	0.00282	0.00322	0.00564
6	0.01122	0.20347	0.62025	0.01352	0.02050	0.01399	0.01694	0.01629	0.01090	0.01555	0.00888	0.01041	0.00662	0.00484	0.00459	0.00153	0.00722	0.00361	0.00221	0.00747
7	0.00739	0.00537	0.00738	0.00769	0.00841	0.00576	0.00572	0.00878	0.00900	0.01234	0.01958	0.13436	0.04791	0.19560	0.40136	0.00585	0.00906	0.10068	0.00347	0.00429
8	0.01980	0.01459	0.01563	0.01198	0.01615	0.01615	0.00990	0.76713	0.02448	0.03282	0.01250	0.01250	0.00886	0.00625	0.00521	0.00156	0.00573	0.00469	0.00521	0.00886
9	0.01392	0.82012	0.02729	0.00891	0.01337	0.02061	0.00891	0.01559	0.01058	0.01225	0.00724	0.00835	0.00668	0.00446	0.00334	0.00111	0.00557	0.00278	0.00223	0.00668
10	0.00740	0.00511	0.00634	0.00648	0.00673	0.00529	0.00412	0.00793	0.00803	0.01092	0.01726	0.12092	0.01936	0.54584	0.20109	0.00547	0.00686	0.00795	0.00327	0.00362
11	0.01288	0.04538	0.02606	0.01869	0.02322	0.01290	0.55219	0.01768	0.07946	0.06433	0.01258	0.01646	0.00984	0.00543	0.00645	0.00178	0.04427	0.04016	0.00317	0.00707
12	0.01310	0.00990	0.08436	0.01063	0.07467	0.00869	0.00807	0.09577	0.04047	0.16469	0.01534	0.02104	0.01320	0.23765	0.08349	0.00318	0.02561	0.00566	0.07823	0.00625
13	0.00703	0.00529	0.00589	0.00594	0.00747	0.00456	0.00438	0.00844	0.01200	0.04586	0.13490	0.18390	0.52954	0.01317	0.00620	0.00180	0.00276	0.01125	0.00501	0.00461
14	0.01140	0.00918	0.01321	0.01369	0.13163	0.02920	0.09763	0.06426	0.07422	0.04929	0.06674	0.10016	0.04468	0.00890	0.00574	0.00178	0.00492	0.15831	0.10878	0.00628
15	0.01266	0.41010	0.20691	0.12257	0.01923	0.01622	0.03939	0.01613	0.03474	0.03961	0.00901	0.01072	0.00724	0.00497	0.00464	0.00143	0.03139	0.00365	0.00249	0.00690
16	0.01029	0.01071	0.08218	0.01748	0.27604	0.00990	0.01136	0.01367	0.06144	0.01609	0.05407	0.11371	0.07704	0.00911	0.00708	0.00187	0.09356	0.12431	0.00361	0.00647
17	0.00663	0.00474	0.00636	0.00746	0.00792	0.00447	0.00523	0.00780	0.01050	0.01403	0.07715	0.68154	0.03490	0.01574	0.00667	0.00211	0.00318	0.09434	0.00489	0.00434
18	0.01332	0.33120	0.25287	0.05494	0.13592	0.02858	0.01337	0.04442	0.01171	0.05559	0.00927	0.01079	0.00732	0.00486	0.00439	0.00142	0.00638	0.00369	0.00262	0.00737
19	0.10101	0.11442	0.27871	0.11899	0.03566	0.03217	0.03188	0.05756	0.01220	0.15386	0.01102	0.01215	0.00786	0.00524	0.00470	0.00157	0.00631	0.00407	0.00327	0.00733
20	0.00874	0.00770	0.00967	0.01125	0.09556	0.06276	0.02196	0.01037	0.01111	0.01435	0.04435	0.37324	0.09290	0.01350	0.02621	0.00216	0.03757	0.14731	0.00425	0.00507
21	0.01492	0.08694	0.25273	0.04321	0.01667	0.01118	0.01172	0.04028	0.05836	0.25916	0.01502	0.08437	0.01170	0.00685	0.00594	0.00168	0.06231	0.00539	0.00406	0.00752
22	0.00906	0.07928	0.01430	0.07818	0.01477	0.00861	0.16338	0.01186	0.03147	0.01676	0.28320	0.21966	0.02881	0.00965	0.00592	0.00175	0.00460	0.00899	0.00426	0.00550
23	0.03350	0.09023	0.32364	0.01230	0.01705	0.07849	0.04674	0.07814	0.01199	0.05273	0.01092	0.01349	0.00868	0.02499	0.17147	0.00304	0.00856	0.00435	0.00288	0.00682
24	0.01469	0.47842	0.13552	0.01075	0.01533	0.11444	0.01068	0.11273	0.01299	0.01567	0.00891	0.01085	0.00762	0.00516	0.00410	0.00132	0.00635	0.02475	0.00274	0.00698

[dist]
# distance from previous block
# <min> <max>
7	15

[block]
# block no. 2 follows, 47 sequences, length 33
# corresponding to MSA columns:
# 310-342
name=unknown_C
#
# <colnr> <probs for GDERKNQSTAVLIFYWHMCP>
#	G	D	E	R	K	N	Q	S	T	A	V	L	I	F	Y	W	H	M	C	P
0	0.02748	0.23274	0.17139	0.01488	0.15718	0.01431	0.02462	0.11452	0.07354	0.01789	0.01169	0.07332	0.01014	0.00593	0.00471	0.00150	0.00579	0.00482	0.00317	0.03038
1	0.00958	0.00885	0.04820	0.05324	0.08312	0.00905	0.00926	0.04226	0.05532	0.01568	0.04548	0.21195	0.04455	0.02863	0.00842	0.00211	0.13331	0.18137	0.00399	0.00563
2	0.03060	0.07001	0.01337	0.01023	0.01361	0.02469	0.00827	0.21417	0.37148	0.07896	0.01680	0.01611	0.01246	0.00639	0.00493	0.00158	0.00461	0.00506	0.06186	0.03482
3	0.01928	0.00899	0.01167	0.00876	0.01298	0.00742	0.00717	0.02139	0.01357	0.53715	0.01687	0.01547	0.01121	0.00560	0.00479	0.00134	0.00424	0.00454	0.00535	0.28222
4	0.06026	0.01122	0.04013	0.07366	0.17344	0.01032	0.03064	0.11793	0.01358	0.15338	0.02913	0.01349	0.00961	0.00515	0.00476	0.00138	0.00516	0.00435	0.00382	0.23861
5	0.01348	0.06215	0.52140	0.01376	0.02026	0.01299	0.03637	0.16267	0.01393	0.07889	0.01075	0.01176	0.00756	0.00528	0.00497	0.00161	0.00699	0.00413	0.00312	0.00794
6	0.00760	0.00620	0.00695	0.00691	0.00853	0.00603	0.00519	0.01131	0.13964	0.01600	0.12903	0.15593	0.38866	0.01386	0.05196	0.00220	0.00364	0.03037	0.00490	0.00510
7	0.00838	0.00580	0.00802	0.00776	0.00805	0.00661	0.00555	0.00847	0.00765	0.01071	0.01246	0.02204	0.01290	0.25382	0.26692	0.24287	0.09990	0.00574	0.00269	0.00367
8	0.01635	0.01627	0.01459	0.01251	0.01456	0.29421	0.00997	0.16377	0.01412	0.05537	0.00968	0.01178	0.00792	0.00759	0.02598	0.00185	0.27048	0.00422	0.04223	0.00653
9	0.00748	0.00548	0.00806	0.00814	0.00904	0.00629	0.00627	0.00930	0.00859	0.01250	0.01501	0.07014	0.01438	0.03611	0.71017	0.00765	0.01273	0.00612	0.04191	0.00463
10	0.00656	0.00469	0.00628	0.00740	0.00782	0.00440	0.00512	0.00766	0.01037	0.01385	0.06598	0.71505	0.03482	0.01588	0.00667	0.00211	0.00313	0.07302	0.00488	0.00431
11	0.01128	0.01074	0.01995	0.51023	0.03164	0.01191	0.24227	0.01525	0.03011	0.05038	0.01046	0.01425	0.00773	0.00506	0.00550	0.00174	0.00731	0.00515	0.00268	0.00636
12	0.01555	0.00849	0.01247	0.30703	0.02090	0.00888	0.00989	0.01855	0.03503	0.34610	0.03729	0.01964	0.01286	0.00659	0.00525	0.00168	0.00518	0.05222	0.06940	0.00702
13	0.00697	0.00506	0.00634	0.00644	0.00748	0.00460	0.00464	0.00843	0.01232	0.01657	0.37291	0.22594	0.21179	0.01317	0.00736	0.06701	0.00279	0.01070	0.00504	0.00443
14	0.00744	0.00528	0.00713	0.00821	0.00891	0.00515	0.00636	0.00897	0.01069	0.01407	0.02694	0.37558	0.03076	0.09521	0.00889	0.00254	0.00407	0.36475	0.00465	0.00439
15	0.00744	0.00558	0.00837	0.00837	0.00930	0.00651	0.00651	0.00930	0.00837	0.01209	0.01395	0.02046	0.01302	0.03906	0.79635	0.00837	0.01395	0.00558	0.00279	0.00465
16	0.01399	0.01540	0.05733	0.01527	0.01796	0.16001	0.19333	0.05934	0.05609	0.03898	0.00965	0.01236	0.00788	0.00671	0.00982	0.00186	0.30974	0.00479	0.00290	0.00660
17	0.01155	0.00959	0.01593	0.63269	0.12334	0.01128	0.01397	0.01483	0.01103	0.09091	0.01044	0.01415	0.00769	0.00526	0.00520	0.00170	0.00660	0.00469	0.00276	0.00639
18	0.00983	0.00926	0.01562	0.80447	0.03587	0.01157	0.01446	0.01331	0.01041	0.01331	0.00926	0.01388	0.00694	0.00521	0.00521	0.00174	0.00694	0.00463	0.00231	0.00579
19	0.06742	0.02110	0.01427	0.01256	0.01556	0.55235	0.00964	0.15295	0.07470	0.01761	0.00980	0.01066	0.00773	0.00562	0.00475	0.00143	0.00803	0.00375	0.00336	0.00668
20	0.01322	0.07460	0.02117	0.05335	0.66357	0.01317	0.01509	0.05314	0.01234	0.01732	0.00972	0.01255	0.00812	0.00472	0.00502	0.00152	0.00614	0.00450	0.00267	0.00808
21	0.05716	0.00602	0.00772	0.00789	0.00875	0.00609	0.02978	0.00965	0.00964	0.01336	0.02034	0.04222	0.02241	0.40975	0.01646	0.00364	0.00500	0.31617	0.00383	0.00411
22	0.01684	0.32726	0.02003	0.01313	0.07424	0.43988	0.01008	0.01844	0.01294	0.01289	0.00788	0.00926	0.00682	0.00496	0.00421	0.00127	0.00769	0.00324	0.00250	0.00645
23	0.01080	0.00926	0.01080	0.00771	0.01234	0.00694	0.00617	0.01311	0.01080	0.01697	0.00926	0.01080	0.00771	0.00386	0.00386	0.00077	0.00386	0.00309	0.00309	0.84882
24	0.00653	0.00467	0.00625	0.00726	0.00761	0.00450	0.00490	0.00747	0.00967	0.01298	0.02650	0.68769	0.03138	0.06786	0.08542	0.00291	0.00422	0.01345	0.00453	0.00420
25	0.00905	0.00452	0.00678	0.00678	0.00678	0.00452	0.00452	0.00678	0.00678	0.00905	0.00905	0.01583	0.00905	0.01809	0.02035	0.84848	0.00452	0.00452	0.00226	0.00226
26	0.01945	0.02482	0.01476	0.01342	0.01610	0.79608	0.01006	0.02079	0.01476	0.01275	0.00805	0.00939	0.00671	0.00537	0.00470	0.00134	0.00939	0.00335	0.00268	0.00604
27	0.01443	0.18363	0.08744	0.01203	0.01594	0.12130	0.07244	0.12433	0.23557	0.01870	0.01296	0.01363	0.01009	0.00743	0.04604	0.00188	0.00658	0.00455	0.00366	0.00737
28	0.00668	0.00493	0.00617	0.00662	0.00745	0.00450	0.00463	0.00809	0.01165	0.01560	0.26100	0.40984	0.17031	0.04874	0.00727	0.00203	0.00287	0.01218	0.00503	0.00442
29	0.00706	0.00508	0.00668	0.00677	0.00771	0.00470	0.00489	0.00904	0.01328	0.01855	0.55058	0.27672	0.04463	0.01239	0.00630	0.00178	0.00263	0.01107	0.00546	0.00470
30	0.00706	0.00531	0.00654	0.00623	0.00759	0.00478	0.00467	0.00924	0.01402	0.01917	0.59831	0.04172	0.23365	0.01129	0.00615	0.00167	0.00250	0.00981	0.00551	0.00478
31	0.29505	0.00899	0.01023	0.00826	0.01181	0.00877	0.00678	0.02087	0.01291	0.47767	0.07481	0.01631	0.01330	0.00624	0.00464	0.00161	0.00415	0.00476	0.00533	0.00750
32	0.80504	0.05707	0.00879	0.00697	0.01026	0.01220	0.00583	0.01532	0.00896	0.02272	0.00725	0.00845	0.00570	0.00481	0.00323	0.00158	0.00412	0.00282	0.00317	0.00570

[dist]
# distance from previous block
# <min> <max>
0	19

[block]
# block no. 3 follows, 47 sequences, length 59
# corresponding to MSA columns:
# 362-420
name=unknown_D
#
# <colnr> <probs for GDERKNQSTAVLIFYWHMCP>
#	G	D	E	R	K	N	Q	S	T	A	V	L	I	F	Y	W	H	M	C	P
0	0.04356	0.04725	0.22713	0.02095	0.33616	0.01231	0.06105	0.05853	0.02768	0.06496	0.02387	0.01291	0.00879	0.00504	0.00502	0.00156	0.00635	0.00449	0.00299	0.02939
1	0.04145	0.00966	0.01103	0.00821	0.01243	0.02772	0.00656	0.04672	0.01203	0.16012	0.01167	0.01298	0.00908	0.03754	0.00509	0.00118	0.00424	0.00373	0.00379	0.57477
2	0.00756	0.00506	0.00573	0.00572	0.00577	0.00504	0.00323	0.00767	0.00788	0.01056	0.04911	0.03429	0.02022	0.78253	0.02564	0.00490	0.00494	0.00765	0.00327	0.00323
3	0.00634	0.00453	0.00604	0.00725	0.00755	0.00423	0.00483	0.00725	0.00997	0.01329	0.02870	0.81358	0.03444	0.01632	0.00665	0.00211	0.00302	0.01480	0.00483	0.00423
4	0.85377	0.01007	0.00765	0.00685	0.01007	0.01168	0.00564	0.01531	0.00886	0.02336	0.00725	0.00846	0.00564	0.00483	0.00322	0.00161	0.00403	0.00282	0.00322	0.00564
5	0.01140	0.01084	0.01808	0.01411	0.01730	0.02930	0.30893	0.07543	0.09948	0.01802	0.10022	0.04249	0.04520	0.04307	0.06417	0.00238	0.02864	0.04291	0.02168	0.00636
6	0.00809	0.00596	0.00748	0.00695	0.00837	0.00572	0.00525	0.04228	0.04980	0.02104	0.67522	0.05834	0.06447	0.01052	0.00608	0.00166	0.00269	0.00925	0.00564	0.00520
7	0.01419	0.49908	0.02144	0.00981	0.01369	0.06606	0.00882	0.04672	0.24077	0.01589	0.01167	0.01189	0.00953	0.00536	0.00408	0.00134	0.00538	0.00382	0.00329	0.00719
8	0.00999	0.00861	0.01386	0.05317	0.26436	0.00882	0.04324	0.01255	0.01153	0.01565	0.01958	0.11562	0.02052	0.01037	0.00670	0.00203	0.03488	0.33871	0.00378	0.00603
9	0.00642	0.00541	0.00607	0.05722	0.00898	0.00483	0.00477	0.00782	0.01147	0.01390	0.04612	0.16914	0.61340	0.01317	0.00617	0.00181	0.00298	0.01119	0.00467	0.00446
10	0.85377	0.01007	0.00765	0.00685	0.01007	0.01168	0.00564	0.01531	0.00886	0.02336	0.00725	0.00846	0.00564	0.00483	0.00322	0.00161	0.00403	0.00282	0.00322	0.00564
11	0.01214	0.00986	0.01008	0.00950	0.01168	0.06623	0.00716	0.02061	0.41966	0.07035	0.02207	0.23813	0.02003	0.00941	0.00554	0.00179	0.00413	0.00808	0.04669	0.00685
12	0.02084	0.00951	0.01204	0.00957	0.01333	0.00905	0.00779	0.05958	0.16764	0.58449	0.02024	0.01786	0.01332	0.00655	0.00522	0.00163	0.00439	0.00533	0.02296	0.00866
13	0.00746	0.00519	0.00655	0.00658	0.00695	0.00541	0.00431	0.00821	0.00843	0.01160	0.07186	0.06730	0.02018	0.50016	0.24234	0.00560	0.00729	0.00748	0.00332	0.00376
14	0.01154	0.02274	0.56501	0.01442	0.02095	0.01255	0.06473	0.06270	0.14006	0.01836	0.01160	0.01269	0.00837	0.00534	0.00510	0.00167	0.00705	0.00439	0.00292	0.00781
15	0.37456	0.27799	0.13442	0.00877	0.01302	0.01419	0.00880	0.01587	0.01011	0.05116	0.00858	0.00971	0.00679	0.00485	0.00363	0.00144	0.00504	0.00316	0.04151	0.00640
16	0.01559	0.54550	0.04413	0.01051	0.01449	0.26703	0.00956	0.01727	0.01192	0.01252	0.00755	0.00876	0.00669	0.00476	0.00382	0.00120	0.00684	0.00299	0.00237	0.00651
17	0.00748	0.00543	0.00673	0.00674	0.00744	0.00558	0.00465	0.00891	0.03351	0.01272	0.09135	0.06953	0.11170	0.36062	0.22581	0.00494	0.00677	0.02231	0.00367	0.00411
18	0.00691	0.00538	0.00636	0.00680	0.00801	0.00496	0.00506	0.00893	0.04421	0.01511	0.12392	0.29510	0.33513	0.01379	0.00640	0.00194	0.00306	0.09938	0.00495	0.00461
19	0.02312	0.00925	0.01232	0.00945	0.01349	0.00823	0.00781	0.07540	0.01555	0.73717	0.02000	0.01737	0.01262	0.00643	0.00524	0.00161	0.00452	0.00520	0.00636	0.00886
20	0.01295	0.01119	0.01178	0.01060	0.01354	0.01295	0.00824	0.02767	0.77509	0.02178	0.02120	0.01943	0.01590	0.00707	0.00530	0.00177	0.00412	0.00589	0.00530	0.00824
21	0.79777	0.00999	0.00795	0.00701	0.01029	0.01141	0.00578	0.01599	0.00927	0.07494	0.00815	0.00908	0.00613	0.00494	0.00336	0.00161	0.00406	0.00298	0.00344	0.00586
22	0.00760	0.00515	0.00610	0.00615	0.00631	0.00525	0.00376	0.00791	0.00786	0.01057	0.01665	0.03372	0.01879	0.69500	0.10992	0.00529	0.00601	0.04136	0.00319	0.00339
23	0.85377	0.01007	0.00765	0.00685	0.01007	0.01168	0.00564	0.01531	0.00886	0.02336	0.00725	0.00846	0.00564	0.00483	0.00322	0.00161	0.00403	0.00282	0.00322	0.00564
24	0.06363	0.01049	0.01365	0.01197	0.04599	0.01229	0.00940	0.12612	0.01284	0.20441	0.06439	0.05161	0.01271	0.00805	0.00996	0.00189	0.32412	0.00544	0.00413	0.00691
25	0.00997	0.00920	0.01308	0.01165	0.01197	0.01238	0.00951	0.01125	0.00807	0.01227	0.00933	0.01462	0.00901	0.01959	0.28232	0.03121	0.51199	0.00490	0.00245	0.00523
26	0.00674	0.00480	0.00623	0.00722	0.00764	0.00455	0.00497	0.00770	0.00994	0.01314	0.02779	0.59279	0.05994	0.12613	0.00942	0.00254	0.00349	0.09624	0.00460	0.00415
27	0.20692	0.00886	0.01061	0.00843	0.01209	0.00836	0.00694	0.02225	0.01329	0.56638	0.01735	0.01578	0.01131	0.00606	0.00468	0.00158	0.00421	0.00467	0.06234	0.00788
28	0.00801	0.00606	0.00765	0.00832	0.00953	0.00606	0.00657	0.01134	0.10435	0.01583	0.08016	0.27961	0.11532	0.01370	0.00661	0.00211	0.00378	0.30506	0.00494	0.00501
29	0.01080	0.00926	0.01080	0.00771	0.01234	0.00694	0.00617	0.01311	0.01080	0.01697	0.00926	0.01080	0.00771	0.00386	0.00386	0.00077	0.00386	0.00309	0.00309	0.84882
30	0.00655	0.00524	0.00682	0.00711	0.00820	0.00469	0.03700	0.00779	0.01090	0.01390	0.05313	0.47090	0.31973	0.01449	0.00643	0.00195	0.00311	0.01286	0.00476	0.00443
31	0.00697	0.00501	0.00674	0.00790	0.00854	0.00478	0.00590	0.00836	0.01067	0.01403	0.02929	0.54948	0.06235	0.01559	0.00680	0.00219	0.00356	0.24259	0.00482	0.00441
32	0.00983	0.00926	0.01562	0.80447	0.03587	0.01157	0.01446	0.01331	0.01041	0.01331	0.00926	0.01388	0.00694	0.00521	0.00521	0.00174	0.00694	0.00463	0.00231	0.00579
33	0.01404	0.08831	0.23501	0.06849	0.25938	0.14089	0.01451	0.04211	0.01249	0.06277	0.00987	0.01174	0.00762	0.00503	0.00487	0.00152	0.00701	0.00408	0.00276	0.00750
34	0.01146	0.01283	0.11103	0.10068	0.28132	0.01249	0.02739	0.04547	0.01088	0.01561	0.01075	0.07912	0.00989	0.00799	0.03301	0.00203	0.21305	0.00542	0.00273	0.00683
35	0.00884	0.00466	0.00699	0.00699	0.00710	0.00478	0.00478	0.00710	0.00699	0.00943	0.00967	0.01642	0.00955	0.02076	0.11900	0.74168	0.00572	0.00466	0.00233	0.00257
36	0.01054	0.01013	0.01625	0.52269	0.07672	0.01280	0.02750	0.01365	0.02635	0.01359	0.00895	0.01331	0.00721	0.00619	0.00825	0.00186	0.21097	0.00467	0.00239	0.00599
37	0.01408	0.01059	0.08438	0.00875	0.01331	0.00751	0.00775	0.01668	0.01219	0.23284	0.05641	0.01435	0.01142	0.00507	0.00448	0.00114	0.00430	0.00412	0.00409	0.48655
38	0.03279	0.68126	0.05524	0.00953	0.01389	0.08736	0.00933	0.01638	0.03048	0.01295	0.00775	0.00883	0.00689	0.00463	0.00357	0.00118	0.00591	0.00296	0.00237	0.00668
39	0.00760	0.00545	0.00748	0.00865	0.00954	0.00532	0.00701	0.00944	0.01126	0.01472	0.02853	0.33101	0.04802	0.01506	0.00697	0.00228	0.00411	0.46814	0.00481	0.00458
40	0.01408	0.12913	0.20170	0.01163	0.01615	0.03439	0.01127	0.14092	0.32072	0.04520	0.01465	0.01443	0.01091	0.00600	0.00491	0.00160	0.00559	0.00469	0.00408	0.00795
41	0.01027	0.02600	0.75711	0.01452	0.02191	0.01176	0.01864	0.01610	0.01095	0.01636	0.01016	0.04466	0.00776	0.00542	0.00502	0.00167	0.00750	0.00431	0.00231	0.00755
42	0.42506	0.07694	0.13857	0.00964	0.01389	0.01230	0.03660	0.05207	0.06054	0.11511	0.01048	0.01110	0.00766	0.00521	0.00409	0.00159	0.00505	0.00369	0.00358	0.00682
43	0.01070	0.06432	0.71583	0.01491	0.02233	0.01256	0.05571	0.01646	0.01104	0.01630	0.00930	0.01102	0.00667	0.00490	0.00493	0.00163	0.00765	0.00391	0.00222	0.00761
44	0.04218	0.00889	0.01198	0.00921	0.01322	0.00775	0.00761	0.02515	0.01477	0.77078	0.02024	0.01752	0.01273	0.00641	0.00519	0.00161	0.00442	0.00518	0.00637	0.00879
45	0.00993	0.00934	0.01557	0.70425	0.06519	0.01160	0.01406	0.01320	0.01031	0.01340	0.00958	0.02755	0.00758	0.00621	0.02078	0.00189	0.04655	0.00482	0.00238	0.00584
46	0.03997	0.01203	0.08367	0.01531	0.18354	0.01035	0.03182	0.10095	0.03502	0.39755	0.02688	0.01553	0.01117	0.00588	0.00518	0.00160	0.00532	0.00497	0.00486	0.00842
47	0.00648	0.00466	0.00617	0.00734	0.00775	0.00436	0.00504	0.00750	0.01018	0.01348	0.02952	0.73419	0.06205	0.01607	0.00667	0.00212	0.00313	0.06421	0.00483	0.00427
48	0.00642	0.00459	0.00613	0.00734	0.00768	0.00430	0.00497	0.00739	0.01005	0.01338	0.02866	0.78402	0.03427	0.01624	0.00667	0.00213	0.00309	0.04358	0.00483	0.00425
49	0.01027	0.02600	0.75711	0.01452	0.02191	0.01176	0.01864	0.01610	0.01095	0.01636	0.01016	0.04466	0.00776	0.00542	0.00502	0.00167	0.00750	0.00431	0.00231	0.00755
50	0.04978	0.53445	0.10818	0.01253	0.10823	0.01793	0.01084	0.07736	0.01185	0.01546	0.00821	0.00954	0.00700	0.00470	0.00389	0.00128	0.00582	0.00328	0.00255	0.00712
51	0.00971	0.00485	0.00485	0.00485	0.00607	0.00485	0.00364	0.01213	0.01092	0.01942	0.01699	0.01942	0.01335	0.00607	0.00364	0.00121	0.00243	0.00485	0.84589	0.00485
52	0.00890	0.00583	0.00807	0.00900	0.01017	0.00568	0.00748	0.01091	0.01169	0.06713	0.02737	0.23959	0.02991	0.01432	0.00693	0.00228	0.00434	0.52056	0.00492	0.00493
53	0.01030	0.00973	0.01646	0.68617	0.15050	0.01169	0.01470	0.01372	0.01063	0.01387	0.00934	0.01373	0.00714	0.00512	0.00520	0.00171	0.00683	0.00463	0.00235	0.00616
54	0.00749	0.00559	0.00699	0.00659	0.00796	0.00522	0.00496	0.01037	0.04926	0.02014	0.66250	0.03931	0.13249	0.01078	0.00610	0.00166	0.00255	0.00944	0.00561	0.00501
55	0.06491	0.00509	0.00577	0.00636	0.00726	0.00505	0.00455	0.00988	0.01035	0.01650	0.02255	0.41360	0.02393	0.01139	0.00524	0.00173	0.00292	0.03881	0.33951	0.00460
56	0.00742	0.00513	0.00638	0.00651	0.00677	0.00533	0.00416	0.00797	0.00801	0.01092	0.01704	0.10960	0.01904	0.54287	0.21555	0.00558	0.00705	0.00781	0.00323	0.00364
57	0.00740	0.00555	0.00830	0.00833	0.00924	0.00644	0.00646	0.00923	0.00842	0.01213	0.01442	0.04563	0.01370	0.03834	0.77128	0.00817	0.01360	0.00587	0.00285	0.00464
58	0.00983	0.00926	0.01562	0.80447	0.03587	0.01157	0.01446	0.01331	0.01041	0.01331	0.00926	0.01388	0.00694	0.00521	0.00521	0.00174	0.00694	0.00463	0.00231	0.00579

[dist]
# distance from previous block
# <min> <max>
0	18

[block]
# block no. 4 follows, 47 sequences, length 15
# corresponding to MSA columns:
# 464-478
name=unknown_E
#
# <colnr> <probs for GDERKNQSTAVLIFYWHMCP>
#	G	D	E	R	K	N	Q	S	T	A	V	L	I	F	Y	W	H	M	C	P
0	0.01439	0.75224	0.02622	0.00930	0.01360	0.08679	0.00901	0.01604	0.01094	0.01229	0.00731	0.00844	0.00669	0.00453	0.00346	0.00113	0.00590	0.00283	0.00227	0.00663
1	0.00971	0.00485	0.00485	0.00485	0.00607	0.00485	0.00364	0.01213	0.01092	0.01942	0.01699	0.01942	0.01335	0.00607	0.00364	0.00121	0.00243	0.00485	0.84589	0.00485
2	0.00964	0.00890	0.01477	0.73629	0.03329	0.01101	0.01350	0.01282	0.01017	0.01303	0.00987	0.01561	0.00797	0.07449	0.00702	0.00202	0.00678	0.00488	0.00239	0.00556
3	0.01872	0.00990	0.01195	0.00986	0.01340	0.01002	0.00792	0.02640	0.35432	0.44595	0.02084	0.01849	0.01423	0.00672	0.00526	0.00168	0.00429	0.00553	0.00593	0.00859
4	0.00999	0.00723	0.00824	0.00782	0.00967	0.00712	0.00597	0.17296	0.01410	0.04824	0.03313	0.29617	0.28668	0.01254	0.00614	0.00187	0.00364	0.05801	0.00498	0.00551
5	0.01836	0.11165	0.01547	0.01205	0.01505	0.57456	0.00938	0.04903	0.01439	0.05767	0.00930	0.01039	0.00749	0.00535	0.00452	0.00132	0.00805	0.00351	0.04369	0.02878
6	0.01035	0.00965	0.01589	0.63077	0.13349	0.01155	0.01412	0.01433	0.05094	0.01433	0.01062	0.01568	0.00843	0.00556	0.00528	0.00174	0.00661	0.03185	0.00260	0.00621
7	0.00664	0.00529	0.00585	0.00577	0.00725	0.00462	0.00429	0.00822	0.01240	0.01575	0.25249	0.04619	0.50994	0.06404	0.00748	0.00195	0.00280	0.02957	0.00498	0.00447
8	0.01127	0.01200	0.02401	0.01767	0.02193	0.01144	0.53973	0.01617	0.08416	0.01758	0.12171	0.02033	0.06404	0.00608	0.00607	0.00174	0.00707	0.00689	0.00346	0.00668
9	0.00661	0.00503	0.00565	0.00595	0.00686	0.00454	0.00403	0.00755	0.01044	0.01319	0.07064	0.24296	0.36540	0.21424	0.01135	0.00267	0.00333	0.01105	0.00446	0.00407
10	0.11732	0.00991	0.01214	0.00942	0.01338	0.00946	0.00778	0.14189	0.01574	0.58125	0.01776	0.01584	0.01143	0.00623	0.00500	0.00160	0.00459	0.00487	0.00588	0.00849
11	0.01249	0.01175	0.01962	0.20943	0.57780	0.01235	0.01536	0.04847	0.01208	0.01685	0.00979	0.01310	0.00797	0.00484	0.00517	0.00159	0.00634	0.00464	0.00263	0.00771
12	0.01132	0.00615	0.00813	0.00719	0.00907	0.00564	0.00557	0.01364	0.01426	0.20342	0.51989	0.03186	0.03672	0.01076	0.04396	0.00193	0.00348	0.00798	0.05318	0.00584
13	0.01625	0.07339	0.03086	0.01092	0.01424	0.17209	0.00884	0.06588	0.36746	0.14365	0.03150	0.01610	0.01291	0.00641	0.00503	0.00159	0.00549	0.00500	0.00466	0.00774
14	0.03532	0.01292	0.08695	0.06170	0.07320	0.07716	0.01020	0.09149	0.06272	0.41028	0.01596	0.01522	0.01073	0.00599	0.00512	0.00160	0.00554	0.00481	0.00493	0.00817

[dist]
# distance from previous block
# <min> <max>
1	7

[block]
# block no. 5 follows, 47 sequences, length 11
# corresponding to MSA columns:
# 486-496
name=unknown_F
#
# <colnr> <probs for GDERKNQSTAVLIFYWHMCP>
#	G	D	E	R	K	N	Q	S	T	A	V	L	I	F	Y	W	H	M	C	P
0	0.73023	0.01067	0.03389	0.00767	0.01103	0.01162	0.02348	0.03412	0.03151	0.02308	0.03756	0.01025	0.00776	0.00515	0.00357	0.00162	0.00424	0.00332	0.00338	0.00586
1	0.04695	0.00841	0.00924	0.00815	0.01045	0.02453	0.00633	0.07267	0.20712	0.05812	0.33432	0.02582	0.02776	0.00808	0.00531	0.00157	0.00349	0.00681	0.08802	0.04684
2	0.01082	0.03423	0.06082	0.04189	0.03996	0.00892	0.05201	0.08569	0.10850	0.06064	0.18001	0.18752	0.07590	0.00961	0.00579	0.00176	0.00435	0.02068	0.00465	0.00625
3	0.00690	0.00531	0.00633	0.00626	0.00766	0.00474	0.00474	0.00882	0.01320	0.01746	0.40643	0.07805	0.34415	0.01216	0.00624	0.00176	0.00270	0.05715	0.00527	0.00467
4	0.07116	0.05145	0.01443	0.01054	0.01461	0.01367	0.00872	0.48675	0.01964	0.10713	0.01273	0.03263	0.00946	0.00603	0.00485	0.00146	0.00516	0.00458	0.00478	0.12021
5	0.01103	0.12824	0.59865	0.01409	0.02103	0.01296	0.06282	0.01619	0.01101	0.01598	0.00914	0.01083	0.00675	0.00479	0.00475	0.00153	0.00726	0.00381	0.00228	0.05686
6	0.01270	0.00920	0.01099	0.00795	0.01249	0.00705	0.00639	0.01497	0.01142	0.13356	0.01096	0.01185	0.00850	0.00425	0.00407	0.00090	0.00394	0.00341	0.00359	0.72182
7	0.00761	0.00640	0.03914	0.00784	0.00906	0.00620	0.00620	0.00981	0.02648	0.01448	0.20099	0.05109	0.04498	0.10982	0.42965	0.00560	0.00913	0.00709	0.00369	0.00474
8	0.01329	0.03208	0.16530	0.01962	0.30181	0.01156	0.06904	0.06135	0.07214	0.09839	0.06240	0.01657	0.04120	0.00585	0.00527	0.00161	0.00591	0.00527	0.00356	0.00776
9	0.00671	0.00499	0.00631	0.00705	0.00791	0.00459	0.00514	0.00810	0.01125	0.01471	0.12604	0.44735	0.20028	0.01467	0.00655	0.00202	0.00311	0.11386	0.00494	0.00443
10	0.01398	0.45765	0.21253	0.01076	0.01591	0.01693	0.01143	0.09869	0.03902	0.04723	0.00940	0.01028	0.00749	0.00493	0.00410	0.00133	0.00598	0.00347	0.00284	0.02605

[dist]
# distance from previous block
# <min> <max>
0	2

[block]
# block no. 6 follows, 47 sequences, length 9
# corresponding to MSA columns:
# 499-507
name=unknown_G
#
# <colnr> <probs for GDERKNQSTAVLIFYWHMCP>
#	G	D	E	R	K	N	Q	S	T	A	V	L	I	F	Y	W	H	M	C	P
0	0.01386	0.01235	0.01224	0.01088	0.01389	0.06657	0.00848	0.07762	0.67207	0.02192	0.01971	0.01827	0.01479	0.00689	0.00525	0.00172	0.00459	0.00563	0.00511	0.00813
1	0.12809	0.09843	0.10424	0.01735	0.24307	0.05962	0.04172	0.10175	0.04151	0.01875	0.02710	0.01260	0.00894	0.00712	0.04849	0.00192	0.02469	0.00430	0.00307	0.00723
2	0.00905	0.00452	0.00678	0.00678	0.00678	0.00452	0.00452	0.00678	0.00678	0.00905	0.00905	0.01583	0.00905	0.01809	0.02035	0.84848	0.00452	0.00452	0.00226	0.00226
3	0.01545	0.35470	0.10172	0.01063	0.01476	0.13440	0.00993	0.12257	0.03964	0.07887	0.01130	0.06382	0.00964	0.00593	0.00442	0.00140	0.00609	0.00435	0.00333	0.00707
4	0.11647	0.00823	0.00971	0.00855	0.01062	0.00882	0.00662	0.11140	0.04823	0.15632	0.06656	0.08630	0.01644	0.12999	0.15352	0.00342	0.04209	0.00634	0.00432	0.00605
5	0.01801	0.01270	0.07605	0.01283	0.09291	0.04019	0.02950	0.18259	0.01562	0.30897	0.01424	0.01402	0.00983	0.00558	0.00498	0.00145	0.00536	0.00455	0.00466	0.14595
6	0.13103	0.01292	0.04399	0.01098	0.01448	0.04960	0.03917	0.36877	0.06617	0.06244	0.01478	0.11362	0.01264	0.00744	0.00519	0.00168	0.00534	0.02774	0.00460	0.00743
7	0.00807	0.05729	0.00766	0.00663	0.00721	0.00624	0.00454	0.00877	0.00889	0.01181	0.06787	0.03537	0.02133	0.55948	0.06337	0.00439	0.00537	0.10845	0.00347	0.00380
8	0.00992	0.04579	0.03558	0.00921	0.03905	0.00741	0.04831	0.04611	0.01379	0.06472	0.42077	0.03042	0.05224	0.01089	0.05619	0.00205	0.00435	0.03696	0.06055	0.00570

[dist]
# distance from previous block
# <min> <max>
0	14

# created by:
# /home/berkeley/.conda/envs/busco_data_prod/bin/msa2prfl.pl pipeline/OGs_align_augustus/33634/153213.fs
