[name]
unknown

[dist]
# distance from previous block
# <min> <max>
1	57

[block]
# block no. 0 follows, 46 sequences, length 53
# corresponding to MSA columns:
# 86-138
name=unknown_A
#
# <colnr> <probs for GDERKNQSTAVLIFYWHMCP>
#	G	D	E	R	K	N	Q	S	T	A	V	L	I	F	Y	W	H	M	C	P
0	0.06389	0.00841	0.00995	0.00839	0.01115	0.00839	0.00667	0.08773	0.11509	0.26163	0.23776	0.02359	0.02336	0.00770	0.00528	0.00161	0.00374	0.00639	0.10218	0.00710
1	0.00750	0.00557	0.00821	0.00828	0.00913	0.00639	0.00632	0.00922	0.00855	0.01223	0.01517	0.06752	0.01482	0.08137	0.70487	0.00794	0.01301	0.00632	0.00297	0.00461
2	0.03420	0.00996	0.01262	0.00977	0.01378	0.00934	0.00804	0.14733	0.03936	0.60776	0.02014	0.01784	0.03121	0.00667	0.00531	0.00164	0.00466	0.00535	0.00621	0.00882
3	0.00825	0.00665	0.00969	0.00929	0.01003	0.00819	0.00730	0.00992	0.00839	0.01226	0.01304	0.01983	0.01242	0.07028	0.62445	0.00728	0.14956	0.00558	0.00276	0.00483
4	0.00905	0.00464	0.00679	0.00679	0.00679	0.00464	0.00447	0.00696	0.00696	0.00928	0.00984	0.01770	0.01006	0.08825	0.02121	0.77234	0.00464	0.00486	0.00238	0.00238
5	0.01268	0.01221	0.02103	0.12771	0.66790	0.01248	0.03661	0.01591	0.01187	0.01679	0.00990	0.01324	0.00820	0.00477	0.00527	0.00160	0.00645	0.00475	0.00259	0.00803
6	0.01347	0.01013	0.02471	0.01031	0.01273	0.08065	0.06787	0.04461	0.03623	0.18471	0.22507	0.10388	0.06728	0.00908	0.00694	0.00176	0.08171	0.00759	0.00487	0.00641
7	0.60334	0.05744	0.01148	0.01117	0.11308	0.09726	0.00779	0.01625	0.01015	0.02106	0.00779	0.00928	0.00625	0.00492	0.00370	0.00157	0.00506	0.00316	0.00307	0.00618
8	0.01048	0.00992	0.01642	0.65804	0.07651	0.01209	0.03642	0.01458	0.05491	0.01429	0.01008	0.01427	0.00768	0.00549	0.00578	0.00177	0.03769	0.00482	0.00255	0.00619
9	0.01254	0.01135	0.01654	0.01416	0.03074	0.01496	0.05163	0.01403	0.00919	0.07714	0.02975	0.01305	0.00873	0.00872	0.01519	0.00219	0.65625	0.00491	0.00279	0.00615
10	0.05332	0.11334	0.24268	0.01273	0.01704	0.32032	0.02813	0.01795	0.04401	0.01501	0.01088	0.08073	0.00961	0.00622	0.00485	0.00154	0.00753	0.00465	0.00285	0.00663
11	0.01161	0.29355	0.33422	0.06070	0.08555	0.01445	0.01388	0.01534	0.01113	0.01507	0.03824	0.06337	0.01031	0.00580	0.00465	0.00151	0.00639	0.00458	0.00259	0.00706
12	0.01297	0.05282	0.09456	0.05583	0.01631	0.09203	0.03898	0.08710	0.01218	0.03534	0.01141	0.05061	0.02200	0.00697	0.00797	0.00164	0.20094	0.02649	0.00315	0.17071
13	0.05281	0.01016	0.01271	0.00982	0.01382	0.00966	0.00809	0.18065	0.01695	0.57593	0.04091	0.01716	0.01303	0.00657	0.00526	0.00163	0.00470	0.00523	0.00614	0.00876
14	0.00939	0.00741	0.00854	0.00782	0.00945	0.03091	0.00598	0.03917	0.13183	0.02119	0.55407	0.03287	0.03902	0.00967	0.00624	0.00167	0.02684	0.00830	0.04393	0.00570
15	0.00769	0.00513	0.00577	0.00577	0.00577	0.00513	0.00320	0.00769	0.00769	0.01025	0.01666	0.03460	0.01922	0.81421	0.02691	0.00513	0.00513	0.00769	0.00320	0.00320
16	0.01228	0.40333	0.42555	0.01220	0.01845	0.01639	0.01454	0.01631	0.01096	0.01469	0.00847	0.00989	0.00674	0.00478	0.00425	0.00142	0.00679	0.00339	0.00225	0.00732
17	0.00660	0.00475	0.00628	0.00734	0.00780	0.00442	0.00503	0.00772	0.01065	0.01423	0.09054	0.69693	0.05784	0.01593	0.00671	0.00211	0.00308	0.04269	0.00498	0.00438
18	0.00767	0.00520	0.00616	0.00616	0.00630	0.00534	0.00370	0.00794	0.00781	0.01055	0.01629	0.03258	0.01834	0.70127	0.13865	0.00562	0.00644	0.00739	0.00315	0.00342
19	0.00787	0.00542	0.00625	0.00614	0.00614	0.00564	0.00359	0.00792	0.00771	0.01036	0.01621	0.03353	0.01865	0.77694	0.02647	0.00500	0.04213	0.00755	0.00316	0.00332
20	0.00998	0.00940	0.01586	0.80150	0.03641	0.01175	0.01468	0.01351	0.01057	0.01351	0.00940	0.01409	0.00705	0.00529	0.00529	0.00176	0.00705	0.00470	0.00235	0.00587
21	0.01329	0.01313	0.02137	0.05098	0.69905	0.04870	0.04323	0.01641	0.01215	0.01696	0.00988	0.01299	0.00825	0.00475	0.00525	0.00157	0.00655	0.00471	0.00262	0.00816
22	0.01763	0.02111	0.01364	0.01216	0.01504	0.59973	0.00919	0.01995	0.05630	0.01443	0.00968	0.01096	0.00791	0.00540	0.00462	0.00131	0.00807	0.00362	0.05978	0.10947
23	0.01096	0.00940	0.01096	0.00783	0.01253	0.00705	0.00626	0.01331	0.01096	0.01723	0.00940	0.01096	0.00783	0.00392	0.00392	0.00078	0.00392	0.00313	0.00313	0.84653
24	0.00769	0.00513	0.00577	0.00577	0.00577	0.00513	0.00320	0.00769	0.00769	0.01025	0.01666	0.03460	0.01922	0.81421	0.02691	0.00513	0.00513	0.00769	0.00320	0.00320
25	0.26842	0.01328	0.07913	0.04103	0.25434	0.04476	0.03811	0.01548	0.01037	0.01800	0.00857	0.01131	0.00712	0.00612	0.01725	0.00183	0.15130	0.00408	0.00273	0.00679
26	0.85155	0.01022	0.00777	0.00695	0.01022	0.01186	0.00573	0.01554	0.00900	0.02372	0.00736	0.00859	0.00573	0.00491	0.00327	0.00164	0.00409	0.00286	0.00327	0.00573
27	0.01120	0.02607	0.71060	0.01525	0.02275	0.01255	0.05344	0.05665	0.01195	0.01764	0.00971	0.01139	0.00688	0.00507	0.00509	0.00167	0.00776	0.00406	0.00242	0.00784
28	0.00754	0.00536	0.00687	0.00687	0.00737	0.00570	0.00466	0.00841	0.00830	0.01135	0.01801	0.02993	0.06591	0.44226	0.34230	0.00630	0.00870	0.00708	0.00316	0.00391
29	0.01404	0.01074	0.01158	0.01028	0.01328	0.01212	0.00803	0.02694	0.65028	0.09974	0.02120	0.01955	0.01568	0.00705	0.00527	0.00174	0.00412	0.00585	0.05428	0.00823
30	0.00703	0.00533	0.00648	0.00631	0.00765	0.00478	0.00469	0.00906	0.01372	0.01853	0.50310	0.10014	0.26985	0.01202	0.00628	0.00174	0.00259	0.01045	0.00548	0.00478
31	0.00773	0.00522	0.00611	0.00632	0.00648	0.00520	0.00392	0.00807	0.00834	0.01107	0.01860	0.07354	0.02130	0.68108	0.02362	0.00466	0.00500	0.09682	0.00348	0.00345
32	0.06996	0.00885	0.01139	0.00890	0.01266	0.00801	0.00732	0.04914	0.01470	0.63738	0.01943	0.01744	0.01257	0.00640	0.00503	0.00159	0.00431	0.00512	0.09140	0.00839
33	0.85155	0.01022	0.00777	0.00695	0.01022	0.01186	0.00573	0.01554	0.00900	0.02372	0.00736	0.00859	0.00573	0.00491	0.00327	0.00164	0.00409	0.00286	0.00327	0.00573
34	0.00697	0.00499	0.00651	0.00755	0.00800	0.00476	0.00511	0.03657	0.01069	0.01426	0.02850	0.77994	0.03396	0.01617	0.00669	0.00213	0.00317	0.01463	0.00492	0.00448
35	0.04773	0.41675	0.34332	0.01162	0.01745	0.01672	0.01333	0.05086	0.01150	0.01567	0.00849	0.00980	0.00681	0.00483	0.00416	0.00140	0.00650	0.00337	0.00243	0.00727
36	0.01133	0.02562	0.65164	0.01588	0.02311	0.05520	0.11029	0.01700	0.01153	0.01656	0.00956	0.01145	0.00687	0.00498	0.00516	0.00167	0.00804	0.00417	0.00231	0.00764
37	0.01253	0.00653	0.00832	0.00724	0.00932	0.00603	0.00564	0.03545	0.01462	0.22318	0.42690	0.02968	0.03281	0.00876	0.00553	0.00158	0.00311	0.00751	0.14910	0.00615
38	0.00672	0.00490	0.00636	0.00727	0.00792	0.00455	0.00513	0.00799	0.01104	0.01462	0.11320	0.57692	0.11848	0.01541	0.00669	0.00208	0.00312	0.07816	0.00500	0.00444
39	0.08982	0.01067	0.01540	0.13501	0.23235	0.01107	0.03308	0.10920	0.01355	0.19625	0.01312	0.01525	0.00982	0.03995	0.02603	0.00194	0.00585	0.00489	0.02922	0.00754
40	0.00793	0.00600	0.00795	0.00813	0.00851	0.00665	0.00590	0.00893	0.00905	0.01241	0.01964	0.23080	0.02213	0.28362	0.14335	0.00423	0.10567	0.10115	0.00368	0.00426
41	0.00674	0.00503	0.00630	0.00694	0.00783	0.00459	0.00498	0.00817	0.01163	0.01531	0.17696	0.43556	0.20845	0.01460	0.00658	0.00199	0.00300	0.06576	0.00508	0.00451
42	0.01768	0.01746	0.10284	0.01389	0.03652	0.25970	0.08287	0.07793	0.01415	0.20067	0.01200	0.01300	0.00878	0.00677	0.02335	0.00178	0.09507	0.00451	0.00373	0.00731
43	0.01731	0.01632	0.01445	0.01233	0.01518	0.25472	0.00976	0.19804	0.20066	0.07134	0.01316	0.01362	0.01004	0.00670	0.00689	0.00168	0.12149	0.00466	0.00417	0.00749
44	0.00769	0.00513	0.00577	0.00577	0.00577	0.00513	0.00320	0.00769	0.00769	0.01025	0.01666	0.03460	0.01922	0.81421	0.02691	0.00513	0.00513	0.00769	0.00320	0.00320
45	0.06180	0.01232	0.03433	0.23033	0.35807	0.03616	0.05461	0.05318	0.05622	0.03685	0.01070	0.01349	0.00836	0.00516	0.00518	0.00165	0.00644	0.00472	0.00297	0.00746
46	0.00767	0.00514	0.00585	0.00582	0.00591	0.00512	0.00332	0.00784	0.00817	0.01098	0.06751	0.03492	0.02127	0.76058	0.02553	0.00489	0.00495	0.00781	0.00338	0.00332
47	0.01604	0.03356	0.01418	0.01203	0.04435	0.01436	0.00929	0.29811	0.42513	0.04838	0.01743	0.01653	0.01287	0.00669	0.00529	0.00169	0.00491	0.00538	0.00519	0.00857
48	0.01296	0.19412	0.19763	0.02399	0.06375	0.01339	0.08075	0.10101	0.02275	0.02950	0.04069	0.01249	0.00938	0.00506	0.00466	0.00137	0.00602	0.00416	0.00308	0.17323
49	0.02966	0.11020	0.15561	0.01186	0.01661	0.01516	0.01122	0.41609	0.07758	0.07417	0.01267	0.01284	0.00914	0.00595	0.00498	0.00156	0.00588	0.00448	0.01598	0.00837
50	0.01370	0.68256	0.06948	0.01042	0.01492	0.01974	0.05359	0.01577	0.01072	0.01295	0.00764	0.00913	0.00686	0.00481	0.00441	0.00126	0.04974	0.00318	0.00229	0.00681
51	0.00646	0.00525	0.00572	0.00584	0.00733	0.00452	0.00429	0.00791	0.01220	0.01519	0.15742	0.16175	0.56073	0.01348	0.00632	0.00182	0.00271	0.01149	0.00504	0.00452
52	0.03730	0.19318	0.12798	0.03462	0.01660	0.01282	0.07617	0.04585	0.09176	0.26008	0.04244	0.01500	0.01149	0.00583	0.00491	0.00156	0.00562	0.00477	0.00423	0.00778

[dist]
# distance from previous block
# <min> <max>
0	10

[block]
# block no. 1 follows, 46 sequences, length 6
# corresponding to MSA columns:
# 150-155
name=unknown_B
#
# <colnr> <probs for GDERKNQSTAVLIFYWHMCP>
#	G	D	E	R	K	N	Q	S	T	A	V	L	I	F	Y	W	H	M	C	P
0	0.01614	0.00818	0.01017	0.00854	0.01113	0.00827	0.00688	0.01957	0.09749	0.35193	0.02129	0.02076	0.07873	0.00740	0.00630	0.00164	0.09103	0.00572	0.22172	0.00714
1	0.10376	0.23473	0.41321	0.01199	0.01806	0.01443	0.01395	0.05422	0.01150	0.01723	0.00884	0.01023	0.00680	0.00488	0.00434	0.00147	0.00649	0.00350	0.00256	0.05780
2	0.10413	0.21175	0.09435	0.00980	0.01427	0.03511	0.04248	0.01566	0.03541	0.04851	0.01132	0.01244	0.03932	0.00509	0.00450	0.00126	0.02567	0.00380	0.00307	0.28204
3	0.28764	0.03672	0.15679	0.01172	0.08254	0.01132	0.00997	0.08052	0.03617	0.12862	0.01101	0.01233	0.00821	0.00679	0.00620	0.09372	0.00529	0.00402	0.00359	0.00684
4	0.00769	0.00513	0.00577	0.00577	0.00577	0.00513	0.00320	0.00769	0.00769	0.01025	0.01666	0.03460	0.01922	0.81421	0.02691	0.00513	0.00513	0.00769	0.00320	0.00320
5	0.00748	0.00509	0.00577	0.00588	0.00603	0.00501	0.00341	0.00765	0.00820	0.01082	0.02030	0.10528	0.07252	0.68802	0.02369	0.00463	0.00477	0.00858	0.00347	0.00339

[dist]
# distance from previous block
# <min> <max>
6	10

[block]
# block no. 2 follows, 46 sequences, length 29
# corresponding to MSA columns:
# 166-194
name=unknown_C
#
# <colnr> <probs for GDERKNQSTAVLIFYWHMCP>
#	G	D	E	R	K	N	Q	S	T	A	V	L	I	F	Y	W	H	M	C	P
0	0.01506	0.66266	0.02506	0.00953	0.01387	0.04778	0.00908	0.06885	0.04972	0.04341	0.00896	0.00972	0.00764	0.00489	0.00374	0.00122	0.00569	0.00323	0.00280	0.00707
1	0.01185	0.00608	0.00669	0.00626	0.00799	0.00606	0.00478	0.01534	0.08366	0.12504	0.01894	0.07223	0.01516	0.00700	0.00428	0.00140	0.00295	0.00575	0.59276	0.00577
2	0.01866	0.01412	0.03137	0.06319	0.01744	0.01520	0.01024	0.60178	0.07159	0.05873	0.01320	0.01336	0.00940	0.00624	0.00525	0.00159	0.00573	0.00479	0.00502	0.03311
3	0.08106	0.03232	0.07388	0.01475	0.10516	0.06944	0.11109	0.21154	0.04746	0.02175	0.01168	0.01340	0.00898	0.00576	0.00562	0.00160	0.05168	0.00466	0.12088	0.00729
4	0.00726	0.00537	0.00681	0.00687	0.00796	0.00501	0.00499	0.00962	0.03794	0.01845	0.47867	0.25556	0.11063	0.01253	0.00635	0.00181	0.00273	0.01112	0.00547	0.00486
5	0.01267	0.01293	0.06806	0.12203	0.38249	0.01256	0.07355	0.05980	0.13919	0.01835	0.01340	0.01549	0.03440	0.00557	0.00537	0.00166	0.00619	0.00520	0.00325	0.00783
6	0.00729	0.00537	0.00683	0.00662	0.00788	0.00491	0.00496	0.00953	0.01420	0.01967	0.61609	0.08950	0.14236	0.01161	0.00630	0.00173	0.00262	0.03203	0.00562	0.00487
7	0.00916	0.00818	0.03351	0.06079	0.01306	0.00932	0.03289	0.02713	0.03984	0.01365	0.01278	0.01836	0.01158	0.04273	0.48677	0.00600	0.14383	0.00542	0.01967	0.00535
8	0.02220	0.01061	0.01317	0.01019	0.01425	0.01027	0.00838	0.21411	0.06026	0.55018	0.01881	0.01674	0.01221	0.00653	0.00531	0.00163	0.00482	0.00521	0.00616	0.00896
9	0.00803	0.00592	0.00842	0.00825	0.00962	0.00546	0.05384	0.00987	0.01220	0.04698	0.20446	0.31785	0.15655	0.01326	0.00654	0.00197	0.00356	0.11726	0.00504	0.00493
10	0.01158	0.01330	0.11611	0.17936	0.33928	0.01150	0.09413	0.01514	0.01148	0.01626	0.01057	0.04501	0.00887	0.00523	0.00524	0.00158	0.00651	0.00501	0.00267	0.10118
11	0.01127	0.12232	0.55043	0.01455	0.02113	0.01348	0.07806	0.01625	0.01101	0.01599	0.00916	0.01110	0.00688	0.00514	0.00566	0.00162	0.05844	0.00398	0.00231	0.04123
12	0.85155	0.01022	0.00777	0.00695	0.01022	0.01186	0.00573	0.01554	0.00900	0.02372	0.00736	0.00859	0.00573	0.00491	0.00327	0.00164	0.00409	0.00286	0.00327	0.00573
13	0.01582	0.01179	0.01266	0.01063	0.01395	0.01317	0.00848	0.26754	0.41370	0.07437	0.01822	0.01731	0.01338	0.00677	0.00520	0.00167	0.00459	0.00545	0.07700	0.00832
14	0.00730	0.00566	0.00674	0.00689	0.00827	0.00526	0.00523	0.00980	0.05388	0.01691	0.27029	0.16756	0.30439	0.01290	0.00640	0.00188	0.00302	0.09754	0.00521	0.00486
15	0.01133	0.00615	0.00787	0.00698	0.00890	0.00557	0.00540	0.01366	0.01437	0.19149	0.47547	0.03292	0.07834	0.00943	0.00572	0.00161	0.00295	0.00814	0.10786	0.00585
16	0.00769	0.00513	0.00577	0.00577	0.00577	0.00513	0.00320	0.00769	0.00769	0.01025	0.01666	0.03460	0.01922	0.81421	0.02691	0.00513	0.00513	0.00769	0.00320	0.00320
17	0.05657	0.00944	0.01079	0.00778	0.01240	0.00731	0.00623	0.01343	0.01086	0.01758	0.00929	0.01083	0.00772	0.00397	0.00388	0.00083	0.00392	0.00312	0.00314	0.80090
18	0.01100	0.00999	0.01641	0.52327	0.17689	0.01183	0.01403	0.01413	0.01094	0.03795	0.03209	0.01522	0.02353	0.00586	0.00635	0.00177	0.07471	0.00497	0.00267	0.00639
19	0.00789	0.00944	0.15206	0.00771	0.01035	0.00618	0.00735	0.01062	0.01261	0.01742	0.25811	0.05625	0.29141	0.01041	0.00580	0.00170	0.00364	0.03312	0.09261	0.00531
20	0.01096	0.00940	0.01096	0.00783	0.01253	0.00705	0.00626	0.01331	0.01096	0.01723	0.00940	0.01096	0.00783	0.00392	0.00392	0.00078	0.00392	0.00313	0.00313	0.84653
21	0.00680	0.00483	0.00621	0.00702	0.00757	0.00451	0.00479	0.00799	0.01084	0.01468	0.13788	0.56831	0.07734	0.06622	0.00785	0.00223	0.00311	0.02753	0.02991	0.00436
22	0.00692	0.00515	0.00619	0.00657	0.00770	0.00460	0.00474	0.00836	0.01191	0.02845	0.18016	0.34364	0.31771	0.01405	0.00645	0.00192	0.00289	0.03289	0.00511	0.00459
23	0.01006	0.00911	0.01353	0.52023	0.02741	0.01085	0.01189	0.01542	0.15257	0.01554	0.04459	0.02122	0.08765	0.00695	0.00550	0.00179	0.00584	0.03033	0.00338	0.00613
24	0.00703	0.00536	0.00645	0.00623	0.00763	0.00479	0.00465	0.00908	0.01382	0.01859	0.50685	0.06694	0.29962	0.01187	0.00626	0.00172	0.00257	0.01028	0.00548	0.00479
25	0.01175	0.02230	0.52740	0.06560	0.04401	0.01304	0.04182	0.08636	0.03688	0.01794	0.01001	0.01196	0.00735	0.00557	0.00618	0.00173	0.07555	0.00427	0.00266	0.00764
26	0.79462	0.01014	0.00808	0.00712	0.01045	0.01158	0.00587	0.01624	0.00942	0.07607	0.00829	0.00923	0.00623	0.00502	0.00341	0.00164	0.00412	0.00303	0.00350	0.00595
27	0.03486	0.02744	0.01269	0.00946	0.01344	0.04746	0.00766	0.12855	0.04153	0.01930	0.00997	0.01143	0.00811	0.00503	0.00548	0.00115	0.08125	0.00363	0.00343	0.52814
28	0.00655	0.00478	0.00620	0.00730	0.00782	0.00443	0.00504	0.00762	0.01046	0.01373	0.03170	0.68056	0.11512	0.01609	0.00673	0.00213	0.00314	0.06134	0.00491	0.00435

[dist]
# distance from previous block
# <min> <max>
0	5

[block]
# block no. 3 follows, 46 sequences, length 20
# corresponding to MSA columns:
# 200-219
name=unknown_D
#
# <colnr> <probs for GDERKNQSTAVLIFYWHMCP>
#	G	D	E	R	K	N	Q	S	T	A	V	L	I	F	Y	W	H	M	C	P
0	0.41407	0.00928	0.00963	0.00796	0.01146	0.00945	0.00653	0.01953	0.01207	0.36250	0.03984	0.01585	0.04880	0.00624	0.00442	0.00164	0.00415	0.00458	0.00489	0.00710
1	0.00681	0.00530	0.00620	0.00615	0.00753	0.00468	0.00454	0.00862	0.01313	0.01726	0.37149	0.12795	0.37620	0.01259	0.00630	0.00177	0.00264	0.01087	0.00531	0.00468
2	0.36687	0.00890	0.00861	0.00748	0.01040	0.00958	0.00602	0.03724	0.09258	0.17437	0.01415	0.01452	0.01033	0.00582	0.00406	0.00155	0.00382	0.00425	0.21292	0.00654
3	0.01285	0.01474	0.02931	0.02125	0.02611	0.05942	0.67119	0.01692	0.01235	0.01644	0.01031	0.01381	0.00788	0.00481	0.00684	0.00179	0.05835	0.00597	0.00265	0.00699
4	0.00644	0.00460	0.00613	0.00736	0.00767	0.00429	0.00491	0.00736	0.01012	0.01350	0.02914	0.81076	0.03497	0.01656	0.00675	0.00215	0.00307	0.01503	0.00491	0.00429
5	0.00643	0.00465	0.00609	0.00724	0.00764	0.00430	0.00485	0.00737	0.01023	0.01354	0.03057	0.76604	0.07876	0.01638	0.00672	0.00213	0.00304	0.01480	0.00491	0.00430
6	0.01060	0.02735	0.78682	0.01507	0.02288	0.01228	0.01953	0.01674	0.01116	0.01674	0.00949	0.01116	0.00670	0.00502	0.00502	0.00167	0.00781	0.00391	0.00223	0.00781
7	0.01315	0.01136	0.01195	0.01076	0.01375	0.01315	0.00837	0.02809	0.77168	0.02211	0.02152	0.01972	0.01614	0.00717	0.00538	0.00179	0.00418	0.00598	0.00538	0.00837
8	0.12555	0.01055	0.01118	0.00923	0.01293	0.01077	0.00732	0.04374	0.35605	0.04972	0.01515	0.01493	0.01155	0.00570	0.00459	0.00141	0.00414	0.00452	0.00436	0.29661
9	0.00644	0.00460	0.00613	0.00736	0.00767	0.00429	0.00491	0.00736	0.01012	0.01350	0.02914	0.81076	0.03497	0.01656	0.00675	0.00215	0.00307	0.01503	0.00491	0.00429
10	0.00644	0.00460	0.00613	0.00736	0.00767	0.00429	0.00491	0.00736	0.01012	0.01350	0.02914	0.81076	0.03497	0.01656	0.00675	0.00215	0.00307	0.01503	0.00491	0.00429
11	0.01741	0.02032	0.01351	0.01229	0.01497	0.54337	0.00929	0.02222	0.20241	0.01570	0.01213	0.01279	0.00960	0.00593	0.00484	0.00146	0.00770	0.00415	0.06332	0.00660
12	0.00659	0.00471	0.00630	0.00753	0.00790	0.00442	0.00516	0.00762	0.01027	0.01366	0.02906	0.75722	0.03464	0.01642	0.00679	0.00217	0.00320	0.06711	0.00490	0.00433
13	0.00725	0.00547	0.00676	0.00701	0.00811	0.00515	0.00509	0.00970	0.05669	0.01714	0.31893	0.31895	0.16741	0.01322	0.00640	0.00189	0.00290	0.03182	0.00528	0.00484
14	0.01975	0.02520	0.01498	0.01362	0.01634	0.79299	0.01021	0.02111	0.01498	0.01294	0.00817	0.00953	0.00681	0.00545	0.00477	0.00136	0.00953	0.00340	0.00272	0.00613
15	0.00761	0.00543	0.00729	0.00729	0.00782	0.00595	0.00510	0.00867	0.00814	0.01138	0.01526	0.02688	0.01587	0.38215	0.45439	0.00701	0.01017	0.00656	0.00300	0.00405
16	0.01828	0.00938	0.01186	0.00885	0.01320	0.00779	0.00723	0.04769	0.01375	0.43789	0.01579	0.01487	0.01075	0.00544	0.00473	0.00128	0.00430	0.00439	0.00508	0.35745
17	0.01946	0.01432	0.01532	0.01185	0.01593	0.01586	0.00976	0.70763	0.05408	0.03239	0.01321	0.01322	0.00944	0.00637	0.00524	0.00158	0.00563	0.00481	0.03510	0.00882
18	0.00644	0.00460	0.00613	0.00736	0.00767	0.00429	0.00491	0.00736	0.01012	0.01350	0.02914	0.81076	0.03497	0.01656	0.00675	0.00215	0.00307	0.01503	0.00491	0.00429
19	0.00736	0.00548	0.00651	0.00658	0.00805	0.00489	0.00504	0.00916	0.01283	0.03620	0.26583	0.12434	0.37372	0.01290	0.00640	0.00186	0.00297	0.09991	0.00522	0.00477

[dist]
# distance from previous block
# <min> <max>
0	4

[block]
# block no. 4 follows, 46 sequences, length 13
# corresponding to MSA columns:
# 224-236
name=unknown_E
#
# <colnr> <probs for GDERKNQSTAVLIFYWHMCP>
#	G	D	E	R	K	N	Q	S	T	A	V	L	I	F	Y	W	H	M	C	P
0	0.01871	0.00932	0.01146	0.00942	0.01285	0.00917	0.00757	0.02490	0.25527	0.45794	0.05736	0.01969	0.01586	0.00692	0.00528	0.00166	0.00417	0.00571	0.05838	0.00835
1	0.01315	0.01136	0.01195	0.01076	0.01375	0.01315	0.00837	0.02809	0.77168	0.02211	0.02152	0.01972	0.01614	0.00717	0.00538	0.00179	0.00418	0.00598	0.00538	0.00837
2	0.01975	0.02520	0.01498	0.01362	0.01634	0.79299	0.01021	0.02111	0.01498	0.01294	0.00817	0.00953	0.00681	0.00545	0.00477	0.00136	0.00953	0.00340	0.00272	0.00613
3	0.02335	0.00958	0.01263	0.00968	0.01379	0.00864	0.00800	0.09997	0.01611	0.70931	0.02004	0.01746	0.01267	0.00652	0.00531	0.00163	0.00463	0.00526	0.00642	0.00900
4	0.01890	0.01011	0.01251	0.01010	0.01370	0.01015	0.02899	0.09758	0.23884	0.40786	0.01970	0.01801	0.01348	0.00662	0.00524	0.00165	0.00451	0.00545	0.06815	0.00846
5	0.00998	0.00940	0.01586	0.80150	0.03641	0.01175	0.01468	0.01351	0.01057	0.01351	0.00940	0.01409	0.00705	0.00529	0.00529	0.00176	0.00705	0.00470	0.00235	0.00587
6	0.00837	0.00622	0.00810	0.00828	0.00876	0.00681	0.00624	0.00947	0.00938	0.01265	0.01962	0.06976	0.02175	0.37272	0.06628	0.00399	0.09998	0.25371	0.00370	0.00420
7	0.00937	0.00838	0.01317	0.35029	0.16094	0.00916	0.01103	0.01221	0.01201	0.01601	0.18682	0.04609	0.12764	0.00786	0.00566	0.00172	0.00517	0.00698	0.00360	0.00589
8	0.00863	0.00753	0.01164	0.11616	0.18980	0.00751	0.03321	0.01065	0.01123	0.01493	0.05706	0.33666	0.15165	0.01120	0.00609	0.00187	0.00442	0.01014	0.00402	0.00559
9	0.02084	0.01043	0.05706	0.08751	0.01639	0.00905	0.00924	0.04935	0.06201	0.59211	0.01885	0.01715	0.01218	0.00637	0.00530	0.00166	0.00496	0.00520	0.00577	0.00858
10	0.02125	0.00845	0.01148	0.00899	0.01264	0.00735	0.00735	0.02336	0.01511	0.66861	0.13621	0.02127	0.01869	0.00719	0.00546	0.00164	0.00419	0.00596	0.00643	0.00839
11	0.63920	0.01163	0.04683	0.08668	0.01390	0.04209	0.00774	0.01594	0.03516	0.02153	0.00816	0.00977	0.00634	0.00519	0.00416	0.00167	0.03165	0.00328	0.00315	0.00595
12	0.17181	0.15149	0.10255	0.01158	0.08948	0.01201	0.00955	0.04987	0.01201	0.14951	0.01083	0.01160	0.00813	0.00497	0.00426	0.00136	0.00511	0.00372	0.00353	0.18665

[dist]
# distance from previous block
# <min> <max>
1	34

[block]
# block no. 5 follows, 46 sequences, length 40
# corresponding to MSA columns:
# 271-310
name=unknown_F
#
# <colnr> <probs for GDERKNQSTAVLIFYWHMCP>
#	G	D	E	R	K	N	Q	S	T	A	V	L	I	F	Y	W	H	M	C	P
0	0.07870	0.01121	0.02795	0.04241	0.20785	0.03600	0.02731	0.02979	0.22651	0.01907	0.09120	0.05069	0.03947	0.00700	0.00576	0.00168	0.03846	0.00592	0.00398	0.04904
1	0.00733	0.00487	0.00609	0.00688	0.00756	0.00454	0.00471	0.00863	0.01036	0.01493	0.02586	0.61404	0.02941	0.01389	0.00600	0.00190	0.00298	0.01245	0.17783	0.03974
2	0.00941	0.00588	0.00742	0.00758	0.00865	0.00559	0.00533	0.05778	0.01175	0.09991	0.07781	0.50130	0.06230	0.10272	0.00868	0.00234	0.00357	0.01195	0.00498	0.00504
3	0.01058	0.02659	0.75449	0.04804	0.02345	0.01226	0.01933	0.01661	0.01114	0.01661	0.00948	0.01128	0.00671	0.00503	0.00503	0.00168	0.00778	0.00394	0.00224	0.00773
4	0.00769	0.00513	0.00577	0.00577	0.00577	0.00513	0.00320	0.00769	0.00769	0.01025	0.01666	0.03460	0.01922	0.81421	0.02691	0.00513	0.00513	0.00769	0.00320	0.00320
5	0.85155	0.01022	0.00777	0.00695	0.01022	0.01186	0.00573	0.01554	0.00900	0.02372	0.00736	0.00859	0.00573	0.00491	0.00327	0.00164	0.00409	0.00286	0.00327	0.00573
6	0.00677	0.00484	0.00629	0.00740	0.00783	0.00461	0.00499	0.00822	0.03605	0.01398	0.02851	0.75954	0.03367	0.01592	0.00661	0.00211	0.00309	0.01441	0.03071	0.00445
7	0.00998	0.00940	0.01586	0.80150	0.03641	0.01175	0.01468	0.01351	0.01057	0.01351	0.00940	0.01409	0.00705	0.00529	0.00529	0.00176	0.00705	0.00470	0.00235	0.00587
8	0.00998	0.00940	0.01586	0.80150	0.03641	0.01175	0.01468	0.01351	0.01057	0.01351	0.00940	0.01409	0.00705	0.00529	0.00529	0.00176	0.00705	0.00470	0.00235	0.00587
9	0.02372	0.00900	0.01227	0.00941	0.01350	0.00777	0.00777	0.02576	0.01513	0.78489	0.02086	0.01799	0.01309	0.00654	0.00532	0.00164	0.00450	0.00532	0.00654	0.00900
10	0.01248	0.01426	0.03119	0.02228	0.02763	0.01337	0.76203	0.01693	0.01248	0.01693	0.01070	0.01426	0.00802	0.00446	0.00624	0.00178	0.00891	0.00624	0.00267	0.00713
11	0.85155	0.01022	0.00777	0.00695	0.01022	0.01186	0.00573	0.01554	0.00900	0.02372	0.00736	0.00859	0.00573	0.00491	0.00327	0.00164	0.00409	0.00286	0.00327	0.00573
12	0.01096	0.00940	0.01096	0.00783	0.01253	0.00705	0.00626	0.01331	0.01096	0.01723	0.00940	0.01096	0.00783	0.00392	0.00392	0.00078	0.00392	0.00313	0.00313	0.84653
13	0.01413	0.81739	0.02770	0.00905	0.01357	0.02092	0.00905	0.01583	0.01074	0.01244	0.00735	0.00848	0.00678	0.00452	0.00339	0.00113	0.00565	0.00283	0.00226	0.00678
14	0.85155	0.01022	0.00777	0.00695	0.01022	0.01186	0.00573	0.01554	0.00900	0.02372	0.00736	0.00859	0.00573	0.00491	0.00327	0.00164	0.00409	0.00286	0.00327	0.00573
15	0.57928	0.01002	0.00937	0.00785	0.01140	0.01081	0.00647	0.04399	0.01134	0.24840	0.01152	0.01150	0.00801	0.00544	0.00394	0.00163	0.00427	0.00365	0.00430	0.00680
16	0.00730	0.00512	0.00616	0.00668	0.00740	0.00485	0.00469	0.00844	0.01038	0.01390	0.06106	0.28516	0.16253	0.21989	0.01166	0.00280	0.00369	0.10576	0.06834	0.00420
17	0.01929	0.01441	0.01541	0.01200	0.01609	0.01602	0.00985	0.67840	0.11137	0.03202	0.01371	0.01351	0.00982	0.00644	0.00530	0.00161	0.00563	0.00490	0.00530	0.00892
18	0.02372	0.00900	0.01227	0.00941	0.01350	0.00777	0.00777	0.02576	0.01513	0.78489	0.02086	0.01799	0.01309	0.00654	0.00532	0.00164	0.00450	0.00532	0.00654	0.00900
19	0.02010	0.01481	0.01587	0.01216	0.01639	0.01639	0.01005	0.76360	0.02486	0.03332	0.01269	0.01269	0.00899	0.00635	0.00529	0.00159	0.00582	0.00476	0.00529	0.00899
20	0.01133	0.01077	0.01829	0.46694	0.36044	0.01210	0.01535	0.01469	0.01121	0.01514	0.00963	0.01365	0.00762	0.00504	0.00526	0.00168	0.00671	0.00470	0.00247	0.00696
21	0.00755	0.00566	0.00850	0.00850	0.00944	0.00661	0.00661	0.00944	0.00850	0.01227	0.01416	0.02077	0.01322	0.03965	0.79326	0.00850	0.01416	0.00566	0.00283	0.00472
22	0.01984	0.01133	0.01303	0.01019	0.01395	0.01171	0.00836	0.37611	0.04590	0.30139	0.01652	0.01575	0.01130	0.00642	0.00510	0.00157	0.00486	0.00502	0.11322	0.00845
23	0.00813	0.00592	0.00828	0.00819	0.00920	0.00661	0.00635	0.00985	0.00934	0.03103	0.03611	0.02713	0.08070	0.09655	0.51733	0.00645	0.04411	0.05761	0.02635	0.00474
24	0.01001	0.00729	0.00945	0.00959	0.01113	0.00684	0.02528	0.01214	0.03712	0.03483	0.23805	0.12573	0.10936	0.01381	0.00735	0.00235	0.00442	0.32371	0.00563	0.00590
25	0.57729	0.00982	0.00926	0.00777	0.01131	0.01050	0.00640	0.01893	0.01103	0.27590	0.01183	0.01170	0.00816	0.00545	0.00395	0.00164	0.00422	0.00368	0.00436	0.00681
26	0.81707	0.00999	0.00770	0.00697	0.01012	0.01155	0.00569	0.01521	0.00904	0.02330	0.00825	0.04132	0.00692	0.00538	0.00341	0.00166	0.00405	0.00336	0.00334	0.00567
27	0.00769	0.00513	0.00577	0.00577	0.00577	0.00513	0.00320	0.00769	0.00769	0.01025	0.01666	0.03460	0.01922	0.81421	0.02691	0.00513	0.00513	0.00769	0.00320	0.00320
28	0.04102	0.38278	0.01974	0.01012	0.01346	0.09270	0.00893	0.04123	0.04645	0.11582	0.06502	0.01310	0.01117	0.00614	0.00596	0.00147	0.11048	0.00413	0.00340	0.00686
29	0.55392	0.01015	0.00962	0.00801	0.01158	0.01094	0.00660	0.06621	0.01182	0.24931	0.01169	0.01163	0.00811	0.00548	0.00400	0.00163	0.00432	0.00371	0.00437	0.00690
30	0.01267	0.01094	0.01150	0.01038	0.01329	0.01255	0.00807	0.02667	0.71902	0.02157	0.02374	0.02188	0.06903	0.00760	0.00544	0.00179	0.00408	0.00634	0.00535	0.00810
31	0.02035	0.01440	0.01562	0.01197	0.01619	0.01580	0.00989	0.71246	0.02418	0.08542	0.01326	0.01306	0.00927	0.00636	0.00529	0.00159	0.00573	0.00480	0.00538	0.00899
32	0.01975	0.02520	0.01498	0.01362	0.01634	0.79299	0.01021	0.02111	0.01498	0.01294	0.00817	0.00953	0.00681	0.00545	0.00477	0.00136	0.00953	0.00340	0.00272	0.00613
33	0.00741	0.00535	0.00700	0.00670	0.00788	0.00494	0.00498	0.00979	0.01462	0.02064	0.72448	0.09503	0.04881	0.01122	0.00627	0.00170	0.00254	0.00995	0.00575	0.00494
34	0.00880	0.00710	0.01130	0.01088	0.04301	0.00672	0.12670	0.01116	0.04601	0.04916	0.02727	0.47475	0.10730	0.01287	0.00644	0.00200	0.00426	0.03440	0.00455	0.00535
35	0.08111	0.00908	0.01196	0.00924	0.01327	0.00805	0.00763	0.02505	0.01471	0.73213	0.01992	0.01734	0.01258	0.00643	0.00517	0.00164	0.00447	0.00515	0.00632	0.00877
36	0.81462	0.01017	0.00797	0.00706	0.01037	0.01168	0.00582	0.01600	0.00927	0.05768	0.00796	0.00901	0.00605	0.00498	0.00336	0.00164	0.00411	0.00297	0.00342	0.00587
37	0.01203	0.01134	0.01942	0.04527	0.55197	0.01149	0.06608	0.01485	0.01164	0.01642	0.01249	0.06767	0.01171	0.00677	0.00643	0.02389	0.03645	0.06372	0.00292	0.00743
38	0.00782	0.00703	0.04045	0.04613	0.10596	0.00628	0.00740	0.00976	0.02976	0.01439	0.02719	0.50919	0.10715	0.02915	0.00675	0.00206	0.00391	0.03014	0.00438	0.00513
39	0.00856	0.00734	0.02931	0.00877	0.00927	0.00815	0.00666	0.00963	0.00901	0.01293	0.01848	0.24333	0.04562	0.21761	0.06458	0.00327	0.22259	0.00861	0.06170	0.00459

[dist]
# distance from previous block
# <min> <max>
1	3

[block]
# block no. 6 follows, 46 sequences, length 22
# corresponding to MSA columns:
# 315-336
name=unknown_G
#
# <colnr> <probs for GDERKNQSTAVLIFYWHMCP>
#	G	D	E	R	K	N	Q	S	T	A	V	L	I	F	Y	W	H	M	C	P
0	0.00665	0.00516	0.00596	0.00627	0.00751	0.00455	0.00456	0.00795	0.01177	0.01491	0.14533	0.25197	0.42698	0.01409	0.00691	0.03078	0.00290	0.03639	0.00494	0.00443
1	0.04403	0.04556	0.01361	0.01118	0.08080	0.07181	0.03436	0.01573	0.04561	0.05185	0.01029	0.01167	0.00829	0.00445	0.00426	0.00106	0.00487	0.00361	0.00326	0.53368
2	0.00703	0.00556	0.00640	0.00606	0.00773	0.00482	0.00457	0.00894	0.01334	0.01760	0.38572	0.04384	0.40841	0.01177	0.00614	0.00168	0.00265	0.01006	0.00525	0.04243
3	0.01553	0.03637	0.01594	0.05043	0.23243	0.01245	0.01121	0.27462	0.03662	0.09609	0.03205	0.02094	0.03904	0.00715	0.00551	0.00170	0.00553	0.09414	0.00438	0.00786
4	0.85155	0.01022	0.00777	0.00695	0.01022	0.01186	0.00573	0.01554	0.00900	0.02372	0.00736	0.00859	0.00573	0.00491	0.00327	0.00164	0.00409	0.00286	0.00327	0.00573
5	0.01315	0.01136	0.01195	0.01076	0.01375	0.01315	0.00837	0.02809	0.77168	0.02211	0.02152	0.01972	0.01614	0.00717	0.00538	0.00179	0.00418	0.00598	0.00538	0.00837
6	0.01168	0.01173	0.01566	0.01361	0.01378	0.04461	0.01132	0.01292	0.00861	0.01293	0.00833	0.01456	0.00843	0.00945	0.01624	0.00229	0.72379	0.05183	0.00249	0.00574
7	0.05485	0.00942	0.01233	0.00949	0.01356	0.00848	0.00784	0.07286	0.01552	0.70769	0.01982	0.01730	0.01254	0.00647	0.00524	0.00163	0.00457	0.00519	0.00634	0.00887
8	0.01157	0.01157	0.01619	0.01388	0.01388	0.01619	0.01157	0.01272	0.00810	0.01272	0.00694	0.01157	0.00694	0.00925	0.01735	0.00231	0.80453	0.00463	0.00231	0.00578
9	0.02243	0.01107	0.01355	0.01039	0.01453	0.01084	0.00858	0.28863	0.01860	0.51714	0.01795	0.01611	0.01163	0.00647	0.00531	0.00162	0.00497	0.00512	0.00610	0.00899
10	0.00765	0.00529	0.00660	0.00660	0.00688	0.00558	0.00424	0.00822	0.00793	0.01087	0.01590	0.03039	0.01739	0.57837	0.26025	0.00615	0.00788	0.00707	0.00309	0.00367
11	0.00736	0.00540	0.00690	0.00653	0.00782	0.00494	0.00489	0.00975	0.01468	0.02053	0.70838	0.04059	0.12036	0.01106	0.00624	0.00167	0.00251	0.00971	0.00573	0.00494
12	0.01227	0.01273	0.02567	0.01903	0.02349	0.01219	0.56289	0.07690	0.01332	0.01795	0.01407	0.06397	0.01243	0.00657	0.00632	0.00187	0.00782	0.10037	0.00329	0.00684
13	0.04386	0.01198	0.01384	0.01072	0.01475	0.01239	0.00882	0.40563	0.03899	0.33517	0.03813	0.01566	0.01191	0.00654	0.00527	0.00162	0.00510	0.00510	0.00576	0.00877
14	0.00883	0.00731	0.01000	0.00929	0.00964	0.00909	0.00705	0.00990	0.00812	0.01177	0.01273	0.02233	0.01319	0.27695	0.30963	0.00551	0.25530	0.00599	0.00279	0.00457
15	0.03790	0.08246	0.01417	0.18458	0.06339	0.01241	0.00996	0.07710	0.28496	0.01910	0.05168	0.03746	0.04049	0.00730	0.00532	0.00174	0.00509	0.05367	0.00416	0.00705
16	0.17465	0.09611	0.04218	0.01124	0.03471	0.01518	0.00932	0.36807	0.15330	0.02635	0.01253	0.01270	0.00933	0.00595	0.00472	0.00159	0.00526	0.00439	0.00444	0.00798
17	0.03544	0.00508	0.00661	0.03716	0.00861	0.00498	0.00511	0.00816	0.01003	0.01394	0.07471	0.56571	0.03040	0.08488	0.00912	0.05615	0.00348	0.01233	0.02389	0.00424
18	0.05326	0.35939	0.28182	0.01275	0.06405	0.02933	0.01293	0.07184	0.01216	0.04505	0.00915	0.01036	0.00720	0.00495	0.00429	0.00142	0.00638	0.00356	0.00271	0.00741
19	0.06644	0.41413	0.17336	0.01192	0.01687	0.01639	0.11403	0.04951	0.01169	0.01585	0.03164	0.03782	0.00917	0.00531	0.00437	0.00143	0.00625	0.00420	0.00271	0.00693
20	0.00756	0.00533	0.00686	0.00685	0.00801	0.00494	0.00503	0.00947	0.01300	0.04086	0.42923	0.22508	0.14045	0.01425	0.05652	0.00223	0.00346	0.01072	0.00531	0.00485
21	0.06683	0.06274	0.07289	0.05669	0.29717	0.01166	0.08160	0.01691	0.03867	0.09145	0.02937	0.01357	0.00953	0.00503	0.00493	0.00149	0.00582	0.00456	0.00323	0.12587

[dist]
# distance from previous block
# <min> <max>
4	17

[block]
# block no. 7 follows, 46 sequences, length 12
# corresponding to MSA columns:
# 379-390
name=unknown_H
#
# <colnr> <probs for GDERKNQSTAVLIFYWHMCP>
#	G	D	E	R	K	N	Q	S	T	A	V	L	I	F	Y	W	H	M	C	P
0	0.00704	0.00501	0.00593	0.00629	0.00678	0.00474	0.00403	0.00775	0.00977	0.01285	0.08941	0.28985	0.14787	0.36119	0.01536	0.00334	0.00385	0.01078	0.00424	0.00391
1	0.01040	0.00729	0.01080	0.01333	0.18833	0.00703	0.00797	0.01251	0.03055	0.09861	0.19314	0.28821	0.02761	0.01177	0.02335	0.04504	0.00417	0.00939	0.00459	0.00591
2	0.10233	0.14757	0.28454	0.01229	0.04010	0.01267	0.04204	0.01884	0.07294	0.15724	0.01201	0.01256	0.00870	0.00529	0.00465	0.00154	0.00597	0.00412	0.00346	0.05113
3	0.01080	0.05112	0.09693	0.07556	0.11500	0.00879	0.00956	0.03596	0.03333	0.08738	0.08937	0.20669	0.10937	0.00976	0.00577	0.00179	0.00469	0.03763	0.00423	0.00627
4	0.01349	0.00747	0.00947	0.00816	0.01058	0.00714	0.00639	0.01779	0.13361	0.26205	0.42103	0.02962	0.03300	0.00889	0.00581	0.00167	0.00339	0.00766	0.00598	0.00678
5	0.00781	0.00769	0.07331	0.05047	0.08231	0.00637	0.00777	0.00994	0.03153	0.01464	0.05193	0.57995	0.02876	0.01346	0.00633	0.00201	0.00397	0.01217	0.00439	0.00518
6	0.05846	0.04648	0.14100	0.04952	0.33895	0.04242	0.07209	0.01709	0.03299	0.08205	0.01201	0.04014	0.00990	0.00570	0.00521	0.00164	0.00639	0.02721	0.00313	0.00762
7	0.00803	0.00582	0.00862	0.00912	0.04810	0.00637	0.00645	0.00946	0.00931	0.01325	0.11628	0.02314	0.01777	0.07611	0.51183	0.10595	0.01054	0.00613	0.00318	0.00457
8	0.00998	0.00940	0.01586	0.80150	0.03641	0.01175	0.01468	0.01351	0.01057	0.01351	0.00940	0.01409	0.00705	0.00529	0.00529	0.00176	0.00705	0.00470	0.00235	0.00587
9	0.03938	0.13947	0.07942	0.16853	0.04440	0.10212	0.02658	0.08776	0.06294	0.13009	0.01238	0.01480	0.00955	0.00598	0.00525	0.00161	0.02572	0.03324	0.00360	0.00718
10	0.01208	0.04698	0.36653	0.12559	0.13265	0.03099	0.05680	0.01694	0.03920	0.06456	0.04945	0.01405	0.00999	0.00544	0.00519	0.00165	0.00691	0.00466	0.00291	0.00746
11	0.00890	0.00716	0.00888	0.01060	0.09000	0.05240	0.00680	0.01029	0.01095	0.04139	0.02446	0.56428	0.02800	0.01351	0.00630	0.00197	0.00399	0.05530	0.00450	0.05031

[dist]
# distance from previous block
# <min> <max>
3	12

[block]
# block no. 8 follows, 46 sequences, length 31
# corresponding to MSA columns:
# 403-433
name=unknown_I
#
# <colnr> <probs for GDERKNQSTAVLIFYWHMCP>
#	G	D	E	R	K	N	Q	S	T	A	V	L	I	F	Y	W	H	M	C	P
0	0.01466	0.01059	0.01174	0.01031	0.01328	0.01167	0.00805	0.10376	0.49190	0.13424	0.02137	0.11128	0.01713	0.00809	0.00552	0.00179	0.00427	0.00681	0.00549	0.00805
1	0.01691	0.02019	0.01538	0.07313	0.01722	0.51164	0.01090	0.03939	0.01315	0.01350	0.00807	0.01049	0.00692	0.00644	0.00807	0.00164	0.21432	0.00386	0.00266	0.00610
2	0.01338	0.51677	0.18562	0.01032	0.01521	0.03943	0.01093	0.01646	0.03500	0.04222	0.04500	0.01218	0.02734	0.00531	0.00411	0.00133	0.00592	0.00376	0.00275	0.00698
3	0.72068	0.01095	0.00904	0.00777	0.01119	0.01257	0.00641	0.13328	0.01149	0.02523	0.00820	0.00923	0.00624	0.00513	0.00359	0.00163	0.00436	0.00316	0.00359	0.00624
4	0.01060	0.02735	0.78682	0.01507	0.02288	0.01228	0.01953	0.01674	0.01116	0.01674	0.00949	0.01116	0.00670	0.00502	0.00502	0.00167	0.00781	0.00391	0.00223	0.00781
5	0.00660	0.00469	0.00619	0.00732	0.00764	0.00442	0.00490	0.00751	0.01001	0.01333	0.02817	0.72791	0.03364	0.07576	0.00826	0.00238	0.00328	0.03897	0.00478	0.00423
6	0.02257	0.00905	0.01234	0.04101	0.01431	0.00806	0.00802	0.04375	0.01519	0.71104	0.04375	0.01837	0.01388	0.00662	0.00534	0.00164	0.00457	0.00541	0.00632	0.00875
7	0.08361	0.00909	0.01194	0.00923	0.01326	0.00807	0.00762	0.02502	0.01469	0.72983	0.01988	0.01731	0.01255	0.00642	0.00517	0.00164	0.00447	0.00514	0.00631	0.00876
8	0.00769	0.00513	0.00577	0.00577	0.00577	0.00513	0.00320	0.00769	0.00769	0.01025	0.01666	0.03460	0.01922	0.81421	0.02691	0.00513	0.00513	0.00769	0.00320	0.00320
9	0.00708	0.00553	0.00600	0.00591	0.00751	0.00494	0.00442	0.00926	0.04114	0.01655	0.21430	0.07732	0.49211	0.01214	0.00604	0.00173	0.00269	0.01028	0.07032	0.00476
10	0.04927	0.01195	0.04429	0.01054	0.01475	0.01139	0.00898	0.31165	0.01847	0.42184	0.01671	0.01538	0.01100	0.00634	0.00519	0.00161	0.00509	0.00495	0.02184	0.00876
11	0.00755	0.00566	0.00850	0.00850	0.00944	0.00661	0.00661	0.00944	0.00850	0.01227	0.01416	0.02077	0.01322	0.03965	0.79326	0.00850	0.01416	0.00566	0.00283	0.00472
12	0.06732	0.00906	0.01203	0.00928	0.01332	0.00799	0.00766	0.02523	0.01481	0.74480	0.02015	0.01750	0.01270	0.00646	0.00521	0.00164	0.00448	0.00519	0.00637	0.00882
13	0.00858	0.04375	0.01182	0.00945	0.01156	0.00716	0.14313	0.02267	0.01253	0.01696	0.21858	0.20050	0.19114	0.01076	0.00602	0.00176	0.00402	0.00977	0.06459	0.00526
14	0.02211	0.01006	0.01268	0.00981	0.01378	0.00953	0.00808	0.17089	0.04095	0.58179	0.01912	0.01707	0.01239	0.00651	0.00525	0.00161	0.00467	0.00521	0.03967	0.00881
15	0.00865	0.00659	0.00650	0.00640	0.00660	0.06364	0.00379	0.00865	0.00819	0.01040	0.01569	0.03189	0.01784	0.71783	0.02498	0.04319	0.00543	0.00723	0.00313	0.00338
16	0.01096	0.00940	0.01096	0.00783	0.01253	0.00705	0.00626	0.01331	0.01096	0.01723	0.00940	0.01096	0.00783	0.00392	0.00392	0.00078	0.00392	0.00313	0.00313	0.84653
17	0.01434	0.26606	0.02025	0.01476	0.13225	0.10407	0.04331	0.06321	0.06843	0.03349	0.01002	0.01253	0.00863	0.04061	0.00769	0.00172	0.14447	0.00426	0.00296	0.00695
18	0.16519	0.01474	0.01345	0.01163	0.03407	0.21930	0.03603	0.09948	0.12215	0.21214	0.01371	0.01353	0.00983	0.00591	0.00485	0.00158	0.00606	0.00443	0.00442	0.00749
19	0.00790	0.00507	0.00568	0.00574	0.00592	0.00506	0.00336	0.00827	0.00826	0.01165	0.01739	0.07355	0.01931	0.66731	0.02283	0.00446	0.00467	0.00772	0.11237	0.00348
20	0.00669	0.00479	0.00639	0.00739	0.00787	0.00448	0.00511	0.00791	0.01089	0.01468	0.13202	0.66524	0.03678	0.01567	0.00671	0.00210	0.00308	0.05276	0.00503	0.00442
21	0.03895	0.00783	0.00987	0.00799	0.01114	0.00714	0.00647	0.02141	0.03545	0.50699	0.01943	0.01835	0.01314	0.00640	0.00477	0.00151	0.00385	0.00516	0.26651	0.00764
22	0.00644	0.00460	0.00613	0.00736	0.00767	0.00429	0.00491	0.00736	0.01012	0.01350	0.02914	0.81076	0.03497	0.01656	0.00675	0.00215	0.00307	0.01503	0.00491	0.00429
23	0.00715	0.00539	0.00661	0.00630	0.00770	0.00485	0.00473	0.00934	0.01418	0.01935	0.58435	0.04254	0.24513	0.01150	0.00624	0.00170	0.00254	0.00999	0.00558	0.00485
24	0.01413	0.81739	0.02770	0.00905	0.01357	0.02092	0.00905	0.01583	0.01074	0.01244	0.00735	0.00848	0.00678	0.00452	0.00339	0.00113	0.00565	0.00283	0.00226	0.00678
25	0.01315	0.01136	0.01195	0.01076	0.01375	0.01315	0.00837	0.02809	0.77168	0.02211	0.02152	0.01972	0.01614	0.00717	0.00538	0.00179	0.00418	0.00598	0.00538	0.00837
26	0.00756	0.00562	0.00829	0.00829	0.00916	0.00650	0.00635	0.00931	0.00844	0.01212	0.01435	0.02181	0.01367	0.09812	0.73540	0.00824	0.01348	0.00582	0.00286	0.00461
27	0.01472	0.64356	0.08299	0.00994	0.01467	0.01962	0.00998	0.12261	0.01279	0.01574	0.00827	0.00928	0.00709	0.00482	0.00379	0.00124	0.00584	0.00318	0.00269	0.00718
28	0.01280	0.01083	0.01157	0.01035	0.01320	0.01236	0.00806	0.05763	0.65379	0.02249	0.10698	0.02166	0.01966	0.00755	0.00547	0.00177	0.00406	0.00633	0.00543	0.00801
29	0.00663	0.00481	0.00630	0.00733	0.00787	0.00447	0.00509	0.00779	0.01070	0.01419	0.07710	0.65483	0.09120	0.01584	0.00672	0.00211	0.00313	0.06454	0.00496	0.00439
30	0.10340	0.04525	0.09745	0.05595	0.08872	0.07091	0.08215	0.17894	0.07272	0.11049	0.01209	0.01309	0.00887	0.00571	0.00541	0.00164	0.03108	0.00458	0.00386	0.00769

[dist]
# distance from previous block
# <min> <max>
0	1

[block]
# block no. 9 follows, 46 sequences, length 14
# corresponding to MSA columns:
# 435-448
name=unknown_J
#
# <colnr> <probs for GDERKNQSTAVLIFYWHMCP>
#	G	D	E	R	K	N	Q	S	T	A	V	L	I	F	Y	W	H	M	C	P
0	0.85155	0.01022	0.00777	0.00695	0.01022	0.01186	0.00573	0.01554	0.00900	0.02372	0.00736	0.00859	0.00573	0.00491	0.00327	0.00164	0.00409	0.00286	0.00327	0.00573
1	0.00739	0.00514	0.00658	0.00683	0.00782	0.00472	0.00489	0.00911	0.01257	0.03603	0.35669	0.35814	0.11524	0.01321	0.00636	0.00186	0.00280	0.01175	0.02813	0.00475
2	0.01040	0.00973	0.04266	0.06274	0.14235	0.00806	0.00882	0.01287	0.01086	0.01616	0.01259	0.12617	0.01201	0.00807	0.05073	0.00166	0.00514	0.00537	0.00320	0.45042
3	0.01975	0.02520	0.01498	0.01362	0.01634	0.79299	0.01021	0.02111	0.01498	0.01294	0.00817	0.00953	0.00681	0.00545	0.00477	0.00136	0.00953	0.00340	0.00272	0.00613
