[name]
unknown

[dist]
# distance from previous block
# <min> <max>
0	26

[block]
# block no. 0 follows, 36 sequences, length 8
# corresponding to MSA columns:
# 33-40
name=unknown_A
#
# <colnr> <probs for GDERKNQSTAVLIFYWHMCP>
#	G	D	E	R	K	N	Q	S	T	A	V	L	I	F	Y	W	H	M	C	P
0	0.05637	0.03473	0.04071	0.06663	0.01883	0.01205	0.10138	0.04629	0.12411	0.05913	0.06091	0.04244	0.01922	0.02506	0.03531	0.00242	0.02721	0.12137	0.00474	0.10110
1	0.01375	0.01070	0.04754	0.00984	0.01365	0.00903	0.00816	0.01925	0.13573	0.10901	0.24807	0.02687	0.02769	0.00841	0.00603	0.00165	0.00436	0.00712	0.04303	0.25012
2	0.13966	0.01358	0.13791	0.03097	0.03565	0.01098	0.01061	0.08962	0.04151	0.06416	0.08687	0.14799	0.08335	0.01313	0.06423	0.00268	0.00638	0.00842	0.00488	0.00742
3	0.01050	0.00706	0.00942	0.08959	0.01357	0.00702	0.00780	0.01321	0.01481	0.05563	0.23482	0.11891	0.09745	0.01286	0.00704	0.00216	0.00430	0.15682	0.13099	0.00604
4	0.02413	0.01226	0.01711	0.01323	0.01800	0.01171	0.08554	0.08308	0.13732	0.49391	0.02269	0.02059	0.01501	0.00755	0.00639	0.00197	0.00592	0.00646	0.00688	0.01024
5	0.00894	0.00698	0.00952	0.01113	0.08756	0.00649	0.00710	0.01120	0.01503	0.02053	0.34770	0.26754	0.14778	0.01448	0.00741	0.00214	0.00365	0.01289	0.00597	0.00597
6	0.01255	0.01241	0.02143	0.02114	0.18138	0.03386	0.22510	0.01588	0.01405	0.01907	0.09405	0.10928	0.07582	0.01196	0.05674	0.00264	0.04628	0.03480	0.00410	0.00746
7	0.00916	0.00719	0.00843	0.00838	0.01002	0.00707	0.00616	0.01331	0.11795	0.01989	0.23415	0.18840	0.23398	0.04774	0.05691	0.00282	0.00444	0.01205	0.00592	0.00602

[dist]
# distance from previous block
# <min> <max>
8	21

[block]
# block no. 1 follows, 36 sequences, length 10
# corresponding to MSA columns:
# 63-72
name=unknown_B
#
# <colnr> <probs for GDERKNQSTAVLIFYWHMCP>
#	G	D	E	R	K	N	Q	S	T	A	V	L	I	F	Y	W	H	M	C	P
0	0.01201	0.00757	0.01001	0.00910	0.01092	0.00740	0.00706	0.01455	0.01637	0.13341	0.46886	0.08679	0.08435	0.01254	0.00832	0.00209	0.06569	0.02989	0.00650	0.00659
1	0.02034	0.07528	0.08638	0.01236	0.01688	0.01113	0.07384	0.04986	0.01582	0.36346	0.05915	0.02021	0.01538	0.00881	0.00796	0.08633	0.00604	0.00611	0.05598	0.00868
2	0.01352	0.00797	0.01054	0.07059	0.01393	0.00767	0.00777	0.01680	0.06078	0.18858	0.22691	0.20717	0.10342	0.01272	0.00711	0.00214	0.00428	0.02473	0.00632	0.00706
3	0.01335	0.08835	0.07753	0.30746	0.02719	0.04407	0.04094	0.01960	0.14577	0.01859	0.01551	0.06528	0.01287	0.00758	0.00650	0.00199	0.03368	0.00632	0.05978	0.00763
4	0.03856	0.01160	0.09743	0.20515	0.02107	0.01023	0.01150	0.04291	0.05479	0.01992	0.12375	0.10156	0.14900	0.01115	0.00685	0.00216	0.00575	0.07509	0.00477	0.00678
5	0.01519	0.01399	0.08599	0.01124	0.01634	0.01131	0.00981	0.14292	0.08379	0.03956	0.01341	0.01502	0.01055	0.00722	0.00701	0.07501	0.00558	0.00465	0.00429	0.42710
6	0.01396	0.01379	0.02014	0.48761	0.08062	0.08573	0.08269	0.06097	0.01462	0.01848	0.05240	0.01762	0.01148	0.00656	0.00634	0.00200	0.00835	0.00589	0.00331	0.00745
7	0.01639	0.07516	0.08203	0.01428	0.09699	0.01128	0.03337	0.05409	0.03053	0.19399	0.05759	0.11662	0.02901	0.08216	0.00864	0.00227	0.00588	0.00766	0.00504	0.07701
8	0.01239	0.01151	0.01988	0.55686	0.10632	0.01339	0.08308	0.01649	0.01289	0.01739	0.01212	0.01711	0.00926	0.00616	0.00616	0.00200	0.00794	0.00574	0.07607	0.00725
9	0.01803	0.13409	0.13107	0.10856	0.03964	0.05537	0.01329	0.07287	0.18433	0.15577	0.01680	0.01706	0.01222	0.00692	0.00584	0.00188	0.00688	0.00547	0.00476	0.00915

[dist]
# distance from previous block
# <min> <max>
2	9

[block]
# block no. 2 follows, 36 sequences, length 10
# corresponding to MSA columns:
# 82-91
name=unknown_C
#
# <colnr> <probs for GDERKNQSTAVLIFYWHMCP>
#	G	D	E	R	K	N	Q	S	T	A	V	L	I	F	Y	W	H	M	C	P
0	0.09887	0.47953	0.08350	0.01169	0.01694	0.08590	0.01132	0.06017	0.01427	0.07281	0.01050	0.01149	0.00857	0.00582	0.00458	0.00154	0.00699	0.00385	0.00341	0.00824
1	0.09578	0.07378	0.01746	0.05774	0.18331	0.01406	0.01153	0.08211	0.15621	0.02282	0.01660	0.07248	0.02649	0.00740	0.00571	0.00179	0.00580	0.00619	0.00438	0.13836
2	0.01545	0.01224	0.01569	0.07677	0.18730	0.06313	0.01147	0.07925	0.01591	0.11369	0.09308	0.02804	0.16401	0.00987	0.00809	0.03630	0.04947	0.00763	0.00482	0.00781
3	0.01499	0.07487	0.02345	0.10646	0.17075	0.01567	0.16903	0.07178	0.11867	0.02109	0.01423	0.01717	0.01126	0.00809	0.03462	0.00227	0.06224	0.00604	0.04879	0.00851
4	0.05811	0.01141	0.01697	0.07353	0.01831	0.04308	0.14279	0.01610	0.08572	0.01674	0.01284	0.01784	0.01102	0.01492	0.07720	0.24604	0.10745	0.00590	0.01791	0.00610
5	0.01692	0.06337	0.20339	0.04415	0.06206	0.05651	0.07548	0.08645	0.21338	0.09045	0.01660	0.01713	0.01218	0.00685	0.00612	0.00195	0.00740	0.00574	0.00456	0.00935
6	0.00929	0.00676	0.00835	0.00896	0.00997	0.00657	0.00626	0.08004	0.01407	0.01870	0.07330	0.58482	0.09104	0.04002	0.00840	0.00250	0.00394	0.01555	0.00583	0.00564
7	0.01129	0.01121	0.06748	0.07830	0.01738	0.00996	0.06966	0.01723	0.14839	0.02128	0.20733	0.15327	0.04767	0.01069	0.00681	0.00202	0.00522	0.02135	0.00523	0.08822
8	0.01097	0.00829	0.01102	0.08540	0.01436	0.00921	0.00844	0.09071	0.01405	0.01972	0.09271	0.28305	0.02686	0.01947	0.14575	0.00365	0.06310	0.01053	0.07648	0.00623
9	0.00886	0.00615	0.00840	0.00862	0.00938	0.00646	0.00616	0.00973	0.01030	0.01399	0.02376	0.14481	0.09505	0.15124	0.33632	0.13303	0.00986	0.00921	0.00394	0.00473

[dist]
# distance from previous block
# <min> <max>
6	11

[block]
# block no. 3 follows, 36 sequences, length 18
# corresponding to MSA columns:
# 103-120
name=unknown_D
#
# <colnr> <probs for GDERKNQSTAVLIFYWHMCP>
#	G	D	E	R	K	N	Q	S	T	A	V	L	I	F	Y	W	H	M	C	P
0	0.12393	0.01778	0.15130	0.05728	0.02362	0.04855	0.20834	0.02206	0.08671	0.11863	0.01418	0.01600	0.01037	0.00664	0.00726	0.00206	0.06698	0.00576	0.00404	0.00851
1	0.00837	0.00573	0.00747	0.00823	0.00858	0.00561	0.00541	0.00909	0.01101	0.01484	0.05969	0.43293	0.03281	0.21930	0.08012	0.06247	0.00547	0.01333	0.00488	0.00464
2	0.06619	0.01764	0.01590	0.01333	0.01730	0.17461	0.01057	0.27546	0.19162	0.07983	0.06094	0.01824	0.01513	0.00773	0.00606	0.00188	0.00687	0.00588	0.00562	0.00919
3	0.01955	0.03888	0.02834	0.01450	0.01753	0.32096	0.01152	0.14770	0.09685	0.03321	0.01389	0.04943	0.01168	0.00817	0.00819	0.00193	0.12884	0.00559	0.03523	0.00801
4	0.01088	0.00710	0.00902	0.00939	0.01063	0.00688	0.00667	0.08298	0.01450	0.07544	0.07474	0.59625	0.03718	0.01697	0.00761	0.00238	0.00403	0.01520	0.00604	0.00610
5	0.01403	0.36135	0.29465	0.01443	0.02077	0.01813	0.07616	0.01815	0.01295	0.01712	0.01254	0.08970	0.01146	0.00698	0.00540	0.00176	0.00763	0.00561	0.00301	0.00818
6	0.02228	0.01663	0.01721	0.06754	0.01998	0.09831	0.01152	0.37883	0.12827	0.14917	0.01720	0.01691	0.01218	0.00745	0.00619	0.00190	0.00691	0.00575	0.00591	0.00985
7	0.00949	0.00602	0.00792	0.00872	0.00951	0.00561	0.00601	0.01076	0.01256	0.07282	0.07818	0.56875	0.03827	0.09546	0.01022	0.00282	0.00403	0.04160	0.00580	0.00544
8	0.00786	0.00565	0.00723	0.00839	0.00889	0.00529	0.00565	0.00893	0.01186	0.01564	0.03472	0.59981	0.09282	0.11188	0.01083	0.00294	0.00397	0.04715	0.00554	0.00495
9	0.01075	0.00908	0.01311	0.01336	0.08680	0.00899	0.06962	0.01589	0.13036	0.02203	0.31217	0.17370	0.08448	0.01213	0.00718	0.00210	0.00451	0.01099	0.00580	0.00695
10	0.10514	0.01695	0.10321	0.13832	0.03130	0.01513	0.45949	0.01912	0.01374	0.02021	0.01178	0.01565	0.00881	0.00553	0.00664	0.00206	0.00939	0.00634	0.00312	0.00807
11	0.01098	0.00807	0.00904	0.00946	0.01075	0.05533	0.00671	0.01342	0.05761	0.08070	0.10011	0.52141	0.05978	0.01618	0.00748	0.00232	0.00426	0.01440	0.00592	0.00606
12	0.15904	0.12931	0.01797	0.01177	0.01631	0.01345	0.07639	0.07140	0.02781	0.31421	0.03394	0.01753	0.01302	0.00687	0.00550	0.00182	0.00580	0.00548	0.06352	0.00887
13	0.04216	0.06594	0.01358	0.00946	0.01393	0.01010	0.00754	0.01783	0.08606	0.06480	0.06151	0.01879	0.01484	0.07310	0.00735	0.00168	0.00486	0.00511	0.00435	0.47701
14	0.05539	0.08000	0.01547	0.01138	0.01542	0.06177	0.00922	0.15460	0.11919	0.17643	0.06403	0.07138	0.04020	0.00844	0.00597	0.00182	0.00563	0.00676	0.00568	0.09121
15	0.06358	0.01507	0.10711	0.02729	0.04141	0.06544	0.04275	0.08889	0.13951	0.02290	0.08667	0.02702	0.14618	0.00914	0.00679	0.00198	0.03511	0.00740	0.05797	0.00780
16	0.04347	0.06500	0.01210	0.00926	0.01205	0.01094	0.00741	0.19119	0.01796	0.06587	0.14514	0.08958	0.02342	0.00918	0.00572	0.00177	0.00442	0.00752	0.27060	0.00740
17	0.01043	0.00842	0.06145	0.00901	0.01106	0.00704	0.00741	0.01280	0.01306	0.07423	0.12771	0.13839	0.14326	0.06578	0.20691	0.00439	0.00752	0.00980	0.07527	0.00606

[dist]
# distance from previous block
# <min> <max>
35	104

[block]
# block no. 4 follows, 36 sequences, length 16
# corresponding to MSA columns:
# 256-271
name=unknown_E
#
# <colnr> <probs for GDERKNQSTAVLIFYWHMCP>
#	G	D	E	R	K	N	Q	S	T	A	V	L	I	F	Y	W	H	M	C	P
0	0.01396	0.12069	0.06645	0.07993	0.05596	0.01392	0.05358	0.08382	0.06373	0.03044	0.01825	0.04604	0.01702	0.01149	0.04851	0.00253	0.04603	0.16210	0.02236	0.04318
1	0.05229	0.08764	0.12019	0.03912	0.08547	0.02973	0.01160	0.01914	0.11866	0.02028	0.01626	0.05277	0.04372	0.00687	0.00546	0.00160	0.00594	0.00559	0.00393	0.27372
2	0.01105	0.00864	0.01113	0.01082	0.01213	0.04566	0.04647	0.03618	0.01336	0.05278	0.06871	0.45969	0.04853	0.01605	0.00932	0.04392	0.05710	0.03728	0.00531	0.00589
3	0.10578	0.00914	0.01125	0.00938	0.01290	0.00836	0.00750	0.02196	0.01595	0.40968	0.11082	0.07978	0.11546	0.00992	0.00631	0.00197	0.00448	0.00819	0.04281	0.00836
4	0.01520	0.01095	0.01547	0.10104	0.08541	0.01141	0.04723	0.13055	0.06103	0.10831	0.02335	0.16319	0.02238	0.01144	0.00713	0.00227	0.00613	0.16424	0.00538	0.00788
5	0.24102	0.02961	0.01694	0.05129	0.08723	0.08851	0.07885	0.02195	0.08689	0.13232	0.01525	0.01882	0.01208	0.00733	0.00637	0.00202	0.04007	0.05085	0.00449	0.00813
6	0.06136	0.01194	0.01370	0.01084	0.01495	0.01206	0.00885	0.25827	0.02016	0.29648	0.01928	0.01878	0.01333	0.00736	0.00568	0.00178	0.00526	0.00573	0.18299	0.03120
7	0.00869	0.00577	0.00762	0.00866	0.00938	0.00532	0.00592	0.00996	0.01263	0.05362	0.07379	0.67072	0.06767	0.01840	0.00781	0.00245	0.00365	0.01660	0.00594	0.00540
8	0.11675	0.01471	0.06505	0.01238	0.01684	0.05868	0.01068	0.14672	0.04266	0.34656	0.01798	0.01746	0.01233	0.00918	0.04011	0.00231	0.04878	0.00556	0.00586	0.00939
9	0.07532	0.00848	0.01053	0.01009	0.04319	0.00828	0.00723	0.04224	0.01424	0.22604	0.05833	0.13054	0.02119	0.10411	0.05837	0.00294	0.00544	0.00814	0.15806	0.00722
10	0.00818	0.00571	0.00748	0.00829	0.00890	0.00543	0.00566	0.00909	0.01191	0.01587	0.08911	0.47258	0.10529	0.07075	0.06224	0.08445	0.00475	0.01420	0.00526	0.00486
11	0.00811	0.00603	0.00721	0.00770	0.00873	0.00554	0.00539	0.00952	0.01305	0.01697	0.14254	0.29186	0.24109	0.15280	0.01196	0.00297	0.00394	0.05398	0.00558	0.00505
12	0.06322	0.15289	0.17794	0.08860	0.07406	0.01697	0.05047	0.14890	0.05534	0.02259	0.01314	0.05034	0.01082	0.00707	0.00641	0.00191	0.04129	0.00559	0.00381	0.00863
13	0.02148	0.01460	0.08264	0.08407	0.05546	0.01321	0.04595	0.14447	0.11293	0.32989	0.01943	0.01879	0.01320	0.00725	0.00628	0.00196	0.00649	0.00606	0.00593	0.00990
14	0.01148	0.06306	0.09970	0.03136	0.01744	0.01113	0.12936	0.04849	0.06256	0.01873	0.02370	0.38917	0.02541	0.01280	0.00740	0.00225	0.02263	0.01167	0.00470	0.00696
15	0.26962	0.08572	0.09909	0.01495	0.04366	0.05117	0.12672	0.14549	0.01571	0.02525	0.01102	0.01282	0.00845	0.00592	0.00530	0.00181	0.00713	0.00468	0.00386	0.06163

[dist]
# distance from previous block
# <min> <max>
7	20

[block]
# block no. 5 follows, 36 sequences, length 31
# corresponding to MSA columns:
# 309-339
name=unknown_F
#
# <colnr> <probs for GDERKNQSTAVLIFYWHMCP>
#	G	D	E	R	K	N	Q	S	T	A	V	L	I	F	Y	W	H	M	C	P
0	0.00902	0.00632	0.00878	0.00889	0.00994	0.00684	0.00667	0.01071	0.01093	0.01559	0.05246	0.10088	0.07877	0.06078	0.45011	0.06861	0.01141	0.00838	0.06967	0.00524
1	0.01652	0.01585	0.13744	0.14253	0.03915	0.01429	0.01370	0.12246	0.17098	0.11851	0.07132	0.01985	0.01565	0.00786	0.00737	0.00205	0.06435	0.00624	0.00497	0.00892
2	0.00802	0.00768	0.06322	0.00888	0.01031	0.00587	0.00691	0.00981	0.01289	0.01711	0.09600	0.53303	0.16257	0.01727	0.00765	0.00237	0.00390	0.01539	0.00563	0.00548
3	0.07638	0.05609	0.11834	0.06800	0.01940	0.01361	0.07186	0.18029	0.01781	0.04901	0.17895	0.04880	0.02181	0.00844	0.00658	0.00195	0.02385	0.00706	0.02371	0.00805
4	0.01509	0.01856	0.17873	0.04845	0.05050	0.06990	0.14129	0.13740	0.07357	0.02349	0.10626	0.05176	0.04088	0.00802	0.00657	0.00199	0.00755	0.00713	0.00445	0.00842
5	0.66135	0.01150	0.00995	0.04305	0.01359	0.01305	0.00736	0.01743	0.01082	0.02575	0.00961	0.01178	0.00771	0.00898	0.06407	0.00250	0.00591	0.00376	0.00375	0.06808
6	0.02013	0.13820	0.01968	0.04539	0.05746	0.16046	0.01166	0.20386	0.17561	0.08300	0.01566	0.01587	0.01179	0.00702	0.00579	0.00180	0.00721	0.00530	0.00492	0.00919
7	0.00819	0.00594	0.00784	0.00903	0.00984	0.00559	0.00662	0.00983	0.01303	0.01722	0.08674	0.51704	0.09569	0.01825	0.00800	0.00253	0.00399	0.16351	0.00585	0.00528
8	0.01740	0.18492	0.06270	0.10690	0.05468	0.07282	0.04870	0.16660	0.04230	0.04866	0.01278	0.01512	0.01009	0.00634	0.00557	0.00168	0.00723	0.01813	0.00401	0.11335
9	0.02100	0.11345	0.02321	0.01738	0.08285	0.01917	0.09824	0.48748	0.02413	0.03220	0.01360	0.01460	0.01007	0.00677	0.00608	0.00183	0.00732	0.00553	0.00514	0.00994
10	0.01510	0.00962	0.01306	0.06808	0.01512	0.01087	0.00929	0.02847	0.04569	0.18464	0.06904	0.02461	0.01772	0.12576	0.14537	0.00410	0.15993	0.00688	0.03952	0.00713
11	0.00898	0.00642	0.00881	0.01012	0.01113	0.00624	0.00807	0.01114	0.01358	0.01794	0.07771	0.35218	0.03944	0.01786	0.00827	0.00268	0.00471	0.38341	0.00583	0.00547
12	0.01457	0.01297	0.02365	0.21277	0.05743	0.01328	0.28236	0.05612	0.04058	0.08127	0.01695	0.12811	0.01472	0.00804	0.00691	0.00212	0.00797	0.00813	0.00410	0.00795
13	0.00796	0.00573	0.00763	0.00901	0.00961	0.00540	0.00640	0.00934	0.01240	0.01637	0.03534	0.63763	0.06971	0.01901	0.00803	0.00256	0.00392	0.12301	0.00578	0.00517
14	0.01666	0.78478	0.03265	0.01066	0.01599	0.02465	0.01066	0.01866	0.01266	0.01466	0.00866	0.00999	0.00800	0.00533	0.00400	0.00133	0.00666	0.00333	0.00267	0.00800
15	0.01825	0.01483	0.01860	0.24797	0.12222	0.06589	0.01390	0.23615	0.03521	0.08535	0.01372	0.01583	0.01011	0.00659	0.00606	0.00185	0.00733	0.00541	0.00447	0.07025
16	0.02262	0.01200	0.01451	0.01173	0.01598	0.01204	0.00948	0.12897	0.20695	0.40090	0.07740	0.02276	0.01895	0.00825	0.00636	0.00197	0.00525	0.00675	0.00707	0.01005
17	0.02795	0.01060	0.01446	0.01109	0.01591	0.00916	0.00916	0.03036	0.01783	0.74648	0.02458	0.02121	0.01542	0.00771	0.00627	0.00193	0.00530	0.00627	0.00771	0.01060
18	0.01442	0.00836	0.01191	0.01042	0.01294	0.00773	0.06081	0.04131	0.01570	0.20346	0.18730	0.22417	0.06544	0.02912	0.00761	0.00221	0.00459	0.03576	0.04960	0.00713
19	0.01589	0.10065	0.17254	0.10898	0.02062	0.01373	0.01296	0.07646	0.12807	0.11178	0.01508	0.01708	0.01143	0.00953	0.00926	0.15160	0.00675	0.00541	0.00419	0.00798
20	0.02427	0.01184	0.01445	0.01137	0.01577	0.01157	0.00930	0.18268	0.07678	0.45468	0.02205	0.02019	0.01469	0.00767	0.00606	0.00188	0.00536	0.00613	0.09321	0.01003
21	0.00768	0.00583	0.00708	0.00781	0.00888	0.00523	0.00546	0.00917	0.01342	0.01742	0.13795	0.45092	0.26578	0.01742	0.00768	0.00232	0.00338	0.01540	0.00593	0.00523
22	0.02020	0.02411	0.01747	0.01565	0.01824	0.50088	0.01207	0.02394	0.11358	0.01668	0.01148	0.01338	0.00956	0.00763	0.00881	0.00191	0.16864	0.00473	0.00354	0.00750
23	0.00757	0.00549	0.00716	0.00849	0.00899	0.00508	0.00570	0.00870	0.01211	0.01598	0.03664	0.71975	0.09694	0.01922	0.00791	0.00250	0.00358	0.01735	0.00578	0.00508
24	0.00800	0.00552	0.00721	0.00834	0.00863	0.00524	0.00544	0.00871	0.01126	0.01502	0.03071	0.61769	0.03659	0.14244	0.01266	0.04676	0.00410	0.01566	0.00530	0.00473
25	0.01292	0.01107	0.01292	0.00923	0.01477	0.00831	0.00738	0.01569	0.01292	0.02030	0.01107	0.01292	0.00923	0.00461	0.00461	0.00092	0.00461	0.00369	0.00369	0.81912
26	0.01456	0.26649	0.12678	0.01117	0.01667	0.01493	0.01088	0.01885	0.06773	0.04879	0.07001	0.01580	0.01358	0.00610	0.00502	0.00142	0.00587	0.00467	0.00382	0.27687
27	0.01623	0.07477	0.04643	0.08466	0.01919	0.01264	0.02195	0.13407	0.04527	0.08701	0.01375	0.02849	0.01074	0.00606	0.00536	0.00145	0.00584	0.00487	0.00439	0.37681
28	0.05082	0.01491	0.01589	0.10771	0.01968	0.10948	0.01146	0.20899	0.07114	0.08056	0.03302	0.06925	0.02834	0.00921	0.00813	0.00210	0.10206	0.04411	0.00495	0.00820
29	0.08725	0.01238	0.04448	0.01190	0.04072	0.02869	0.00938	0.17381	0.05763	0.16691	0.08135	0.10372	0.08777	0.04083	0.00745	0.00218	0.00544	0.02402	0.00584	0.00823
30	0.21741	0.01355	0.04449	0.11339	0.05293	0.01376	0.01097	0.12278	0.12210	0.11984	0.01496	0.01576	0.01093	0.00660	0.00547	0.00186	0.00593	0.00509	0.00482	0.09735

[dist]
# distance from previous block
# <min> <max>
1	17

[block]
# block no. 6 follows, 36 sequences, length 10
# corresponding to MSA columns:
# 357-366
name=unknown_G
#
# <colnr> <probs for GDERKNQSTAVLIFYWHMCP>
#	G	D	E	R	K	N	Q	S	T	A	V	L	I	F	Y	W	H	M	C	P
0	0.01652	0.05955	0.07713	0.01680	0.08056	0.01385	0.14719	0.13347	0.01585	0.11511	0.03496	0.02133	0.01400	0.14571	0.02993	0.00289	0.05604	0.00660	0.00436	0.00815
1	0.20536	0.02005	0.01417	0.01275	0.01603	0.37759	0.00982	0.02285	0.06913	0.08141	0.04875	0.01541	0.01224	0.00964	0.05729	0.00234	0.00875	0.00483	0.00417	0.00742
2	0.36016	0.05306	0.01471	0.01249	0.05776	0.10961	0.00951	0.10980	0.01574	0.18353	0.01324	0.01360	0.00953	0.00646	0.00505	0.00185	0.00625	0.00449	0.00481	0.00838
3	0.02368	0.01745	0.01870	0.01434	0.01932	0.01932	0.01184	0.72139	0.02929	0.03927	0.01496	0.01496	0.01060	0.00748	0.00623	0.00187	0.00686	0.00561	0.00623	0.01060
4	0.00811	0.00604	0.00754	0.00780	0.00903	0.00548	0.00561	0.01015	0.01502	0.02026	0.36358	0.29267	0.19457	0.01563	0.00755	0.00218	0.00321	0.01381	0.00628	0.00548
5	0.00846	0.00583	0.00779	0.00847	0.00888	0.00590	0.00571	0.00925	0.01056	0.01431	0.02533	0.38544	0.02907	0.20570	0.17425	0.06630	0.00711	0.01239	0.00456	0.00469
6	0.32896	0.15406	0.27015	0.01287	0.01899	0.01586	0.04485	0.01952	0.01237	0.05700	0.01048	0.01198	0.00790	0.00582	0.00486	0.00185	0.00693	0.00411	0.00338	0.00807
7	0.00778	0.00593	0.00716	0.00770	0.00889	0.00531	0.00545	0.00944	0.01394	0.01819	0.19737	0.37604	0.28075	0.01678	0.00762	0.00226	0.00331	0.01477	0.00602	0.00531
8	0.00759	0.00542	0.00723	0.00868	0.00904	0.00506	0.00578	0.00868	0.01193	0.01591	0.03434	0.77697	0.04121	0.01952	0.00795	0.00253	0.00361	0.01771	0.00578	0.00506
9	0.02221	0.09138	0.01915	0.05211	0.02015	0.54059	0.01215	0.13407	0.01882	0.01903	0.01046	0.01198	0.00844	0.00649	0.00561	0.00165	0.01001	0.00428	0.00362	0.00781

[dist]
# distance from previous block
# <min> <max>
0	1

[block]
# block no. 7 follows, 36 sequences, length 38
# corresponding to MSA columns:
# 368-405
name=unknown_H
#
# <colnr> <probs for GDERKNQSTAVLIFYWHMCP>
#	G	D	E	R	K	N	Q	S	T	A	V	L	I	F	Y	W	H	M	C	P
0	0.01277	0.01146	0.01787	0.32323	0.06725	0.01271	0.07801	0.01700	0.04814	0.01863	0.01292	0.01691	0.01020	0.00656	0.00723	0.00186	0.08246	0.00551	0.11312	0.13615
1	0.30963	0.00873	0.00830	0.00775	0.01027	0.00937	0.00604	0.01677	0.04643	0.06092	0.11674	0.07544	0.02043	0.00843	0.00503	0.00183	0.00387	0.00660	0.27087	0.00654
2	0.01438	0.01354	0.02188	0.09110	0.43326	0.01405	0.06615	0.02056	0.14628	0.02061	0.01627	0.08499	0.01419	0.00737	0.00645	0.00200	0.00691	0.00704	0.00390	0.00909
3	0.01726	0.01388	0.01528	0.01403	0.05048	0.01569	0.01054	0.12904	0.56365	0.06326	0.02322	0.02162	0.01723	0.00814	0.00631	0.00206	0.00534	0.00673	0.00624	0.01000
4	0.12873	0.01324	0.05090	0.01891	0.22896	0.01227	0.01226	0.02028	0.02890	0.16738	0.01507	0.03078	0.02321	0.00674	0.00664	0.00179	0.06048	0.00538	0.00436	0.16373
5	0.00998	0.04731	0.01065	0.01051	0.01221	0.00774	0.00907	0.01269	0.01463	0.01901	0.11790	0.06336	0.10472	0.01593	0.00810	0.00261	0.00521	0.51682	0.00571	0.00583
6	0.82504	0.01205	0.00916	0.00819	0.01205	0.01398	0.00675	0.01832	0.01060	0.02795	0.00868	0.01012	0.00675	0.00578	0.00386	0.00193	0.00482	0.00337	0.00386	0.00675
7	0.08703	0.01542	0.11695	0.28304	0.15165	0.01434	0.01562	0.12858	0.01567	0.05605	0.01469	0.01737	0.04366	0.00675	0.00602	0.00197	0.00735	0.00563	0.00382	0.00839
8	0.01193	0.01114	0.01870	0.62019	0.12861	0.01334	0.01671	0.01580	0.01264	0.01648	0.01282	0.07083	0.01086	0.00709	0.00634	0.00208	0.00786	0.00641	0.00302	0.00716
9	0.00874	0.00661	0.00918	0.09156	0.01352	0.00670	0.00778	0.01107	0.03430	0.01741	0.09382	0.50568	0.03776	0.01681	0.00776	0.00247	0.00441	0.11329	0.00556	0.00558
10	0.00758	0.00547	0.00718	0.00856	0.00901	0.00507	0.00573	0.00869	0.01204	0.01595	0.03578	0.74117	0.07608	0.01933	0.00792	0.00251	0.00359	0.01748	0.00578	0.00507
11	0.01390	0.02398	0.43956	0.15840	0.09300	0.01411	0.07667	0.01975	0.01358	0.07106	0.01228	0.01487	0.00881	0.00602	0.00614	0.00199	0.00871	0.00520	0.00310	0.00888
12	0.08376	0.01085	0.01665	0.48594	0.03230	0.01276	0.04900	0.01676	0.06445	0.01899	0.09771	0.02196	0.04876	0.00749	0.00626	0.00206	0.00701	0.00655	0.00375	0.00699
13	0.01082	0.00541	0.00812	0.00812	0.00812	0.00541	0.00541	0.00812	0.00812	0.01082	0.01082	0.01894	0.01082	0.02165	0.02435	0.81872	0.00541	0.00541	0.00271	0.00271
14	0.00761	0.00587	0.00695	0.00763	0.00880	0.00522	0.00536	0.00906	0.01337	0.01709	0.10869	0.41636	0.33094	0.01738	0.00766	0.00230	0.00337	0.01526	0.00588	0.00522
15	0.01339	0.01268	0.01934	0.57016	0.03716	0.05069	0.06617	0.07883	0.01434	0.01824	0.01266	0.05564	0.01028	0.00697	0.00637	0.00206	0.00824	0.00623	0.00328	0.00727
16	0.01468	0.01633	0.03059	0.02288	0.02809	0.07996	0.53787	0.01921	0.01491	0.01932	0.01576	0.02528	0.01375	0.00736	0.00741	0.00219	0.00977	0.12320	0.00359	0.00785
17	0.01292	0.01107	0.01292	0.00923	0.01477	0.00831	0.00738	0.01569	0.01292	0.02030	0.01107	0.01292	0.00923	0.00461	0.00461	0.00092	0.00461	0.00369	0.00369	0.81912
18	0.00921	0.00651	0.00818	0.00904	0.00986	0.00636	0.00625	0.07215	0.01352	0.01832	0.03196	0.67375	0.03730	0.01787	0.00763	0.00242	0.00387	0.01608	0.04413	0.00559
19	0.00995	0.00762	0.00964	0.03647	0.01195	0.00774	0.00733	0.01504	0.13289	0.02285	0.42140	0.15465	0.04560	0.01326	0.00736	0.00216	0.00383	0.07748	0.00636	0.00643
20	0.01722	0.48607	0.09405	0.01343	0.01877	0.05137	0.06283	0.11595	0.01519	0.01893	0.01005	0.01169	0.00846	0.00601	0.00564	0.00160	0.04694	0.00419	0.00321	0.00840
21	0.01490	0.00852	0.01156	0.03816	0.04604	0.00798	0.00817	0.03243	0.03076	0.22143	0.15331	0.25550	0.03015	0.01372	0.04234	0.00244	0.00508	0.01045	0.00605	0.06100
22	0.04781	0.08595	0.24775	0.01729	0.13280	0.02533	0.01504	0.03731	0.04500	0.19507	0.03955	0.01661	0.01230	0.00655	0.00580	0.00183	0.00695	0.00529	0.00441	0.05136
23	0.01640	0.03029	0.14509	0.05607	0.06243	0.01276	0.16834	0.02162	0.07169	0.17796	0.08041	0.03565	0.01616	0.00733	0.00690	0.00197	0.03109	0.00669	0.00467	0.04647
24	0.00737	0.00627	0.00635	0.00642	0.00844	0.00525	0.00478	0.00893	0.01410	0.01679	0.06178	0.09329	0.70718	0.01595	0.00739	0.00212	0.00318	0.01336	0.00579	0.00525
25	0.01508	0.03139	0.26176	0.08926	0.02299	0.08523	0.07286	0.03455	0.04088	0.10279	0.01773	0.11019	0.01560	0.00878	0.00653	0.00208	0.00779	0.06220	0.00417	0.00815
26	0.01546	0.04577	0.16789	0.11909	0.05505	0.08928	0.01357	0.02100	0.11058	0.11698	0.01881	0.05876	0.04706	0.01169	0.07910	0.00275	0.00816	0.00650	0.00430	0.00819
27	0.01177	0.01107	0.01869	0.76606	0.04291	0.01384	0.01730	0.01592	0.01246	0.01592	0.01107	0.01661	0.00831	0.00623	0.00623	0.00208	0.00831	0.00554	0.00277	0.00692
28	0.01397	0.01543	0.03194	0.02347	0.02843	0.01531	0.56565	0.01835	0.01378	0.01896	0.01383	0.07979	0.01193	0.00720	0.00915	0.00222	0.11139	0.00796	0.00331	0.00791
29	0.06058	0.33821	0.10675	0.02832	0.03175	0.22162	0.01265	0.09934	0.01586	0.01898	0.01002	0.01148	0.00826	0.00598	0.00498	0.00159	0.00817	0.00400	0.00328	0.00816
30	0.01551	0.00816	0.01035	0.00927	0.01188	0.00744	0.00717	0.05225	0.01613	0.26256	0.15123	0.18396	0.15655	0.03734	0.00789	0.00225	0.00432	0.04184	0.00656	0.00735
31	0.00882	0.00637	0.00833	0.00784	0.00931	0.00588	0.00588	0.01176	0.01764	0.02499	0.73888	0.04654	0.05879	0.01274	0.00735	0.00196	0.00294	0.01127	0.00686	0.00588
32	0.08549	0.01547	0.09895	0.01767	0.05593	0.01340	0.22389	0.06967	0.01559	0.23985	0.01596	0.01796	0.01151	0.04273	0.00824	0.00221	0.04563	0.00619	0.00474	0.00894
33	0.01401	0.00944	0.01332	0.01329	0.06927	0.00993	0.03311	0.01712	0.08197	0.15042	0.05030	0.27173	0.04831	0.01333	0.01019	0.06066	0.11083	0.01035	0.00529	0.00713
34	0.00853	0.00585	0.00712	0.00775	0.00796	0.00571	0.00486	0.00909	0.01043	0.01388	0.02600	0.32945	0.03052	0.44774	0.02135	0.00452	0.00508	0.04513	0.00465	0.00437
35	0.00921	0.00701	0.00962	0.01078	0.07641	0.00659	0.00711	0.01176	0.01586	0.02209	0.47871	0.16241	0.08323	0.03642	0.00811	0.00220	0.00366	0.03667	0.00615	0.00601
36	0.04633	0.34573	0.19129	0.01420	0.02005	0.05613	0.07911	0.02064	0.01366	0.10905	0.01164	0.01298	0.00901	0.00607	0.00581	0.00172	0.04017	0.00449	0.00341	0.00850
37	0.11778	0.30430	0.24557	0.06716	0.02120	0.08721	0.01459	0.04468	0.01360	0.01892	0.00992	0.01174	0.00793	0.00581	0.00496	0.00170	0.00776	0.00403	0.00299	0.00815

[dist]
# distance from previous block
# <min> <max>
0	2

[block]
# block no. 8 follows, 36 sequences, length 9
# corresponding to MSA columns:
# 408-416
name=unknown_I
#
# <colnr> <probs for GDERKNQSTAVLIFYWHMCP>
#	G	D	E	R	K	N	Q	S	T	A	V	L	I	F	Y	W	H	M	C	P
0	0.06916	0.01274	0.05647	0.01227	0.01603	0.01226	0.04677	0.14488	0.16877	0.09803	0.05699	0.05592	0.10341	0.01036	0.00672	0.00214	0.00562	0.10739	0.00577	0.00830
1	0.12262	0.00910	0.01377	0.10521	0.01761	0.00925	0.11040	0.01432	0.01270	0.07881	0.02401	0.40564	0.02570	0.01296	0.00695	0.00228	0.00549	0.01180	0.00493	0.00646
2	0.01229	0.01161	0.01964	0.66126	0.14360	0.01398	0.01757	0.01638	0.01271	0.01656	0.01117	0.01644	0.00853	0.00613	0.00622	0.00204	0.00818	0.00554	0.00281	0.00735
3	0.06983	0.38186	0.02145	0.01052	0.01457	0.01666	0.00966	0.04812	0.01428	0.10862	0.01796	0.02623	0.03289	0.00861	0.00544	0.00182	0.00591	0.15133	0.04656	0.00769
4	0.06462	0.02038	0.28147	0.08944	0.12799	0.01438	0.04685	0.12439	0.01626	0.13462	0.01378	0.01529	0.00977	0.00637	0.00602	0.00195	0.00771	0.00528	0.00412	0.00933
5	0.00756	0.00553	0.00712	0.00838	0.00896	0.00509	0.00565	0.00871	0.01221	0.01602	0.03791	0.68810	0.12777	0.01906	0.00788	0.00248	0.00356	0.01715	0.00578	0.00509
6	0.01167	0.01108	0.01963	0.38760	0.11172	0.01219	0.12738	0.01522	0.01289	0.01706	0.01687	0.19542	0.01641	0.00912	0.00681	0.00216	0.00745	0.00869	0.00357	0.00705
7	0.17921	0.41999	0.09753	0.01361	0.01919	0.01994	0.13686	0.01892	0.01266	0.01877	0.00961	0.01153	0.00799	0.00546	0.00475	0.00165	0.00722	0.00418	0.00299	0.00793
8	0.17527	0.02162	0.31023	0.01615	0.02260	0.05666	0.13942	0.02114	0.01389	0.12574	0.01336	0.01578	0.00978	0.00637	0.00587	0.00198	0.00804	0.02370	0.00381	0.00858

[dist]
# distance from previous block
# <min> <max>
3	9

[block]
# block no. 9 follows, 36 sequences, length 11
# corresponding to MSA columns:
# 426-436
name=unknown_J
#
# <colnr> <probs for GDERKNQSTAVLIFYWHMCP>
#	G	D	E	R	K	N	Q	S	T	A	V	L	I	F	Y	W	H	M	C	P
0	0.01275	0.01178	0.01193	0.00978	0.01379	0.09409	0.00775	0.01529	0.01428	0.01967	0.09846	0.02767	0.09758	0.00828	0.00576	0.00145	0.00516	0.07973	0.00443	0.46038
1	0.11018	0.69539	0.02993	0.01038	0.01554	0.02342	0.01021	0.01862	0.01242	0.01620	0.00866	0.01001	0.00785	0.00538	0.00398	0.00140	0.00645	0.00334	0.00280	0.00785
2	0.00848	0.00638	0.00803	0.00864	0.00991	0.00571	0.00617	0.00995	0.01245	0.01665	0.03453	0.50034	0.12369	0.04738	0.00850	0.00246	0.00398	0.08200	0.00546	0.09928
3	0.17811	0.17819	0.25146	0.01232	0.01806	0.01512	0.01307	0.02074	0.04728	0.13184	0.01350	0.01558	0.01043	0.06137	0.00702	0.00212	0.00677	0.00478	0.00392	0.00832
4	0.05905	0.01291	0.01994	0.26361	0.32344	0.01403	0.01582	0.02081	0.10329	0.08524	0.01421	0.01701	0.01084	0.00634	0.00609	0.00197	0.00705	0.00568	0.00385	0.00882
5	0.00775	0.00561	0.00736	0.00864	0.00922	0.00522	0.00595	0.00903	0.01241	0.01642	0.05930	0.66254	0.09122	0.01890	0.00793	0.00250	0.00368	0.05536	0.00582	0.00514
6	0.13015	0.01161	0.01500	0.01310	0.06673	0.01129	0.03916	0.08668	0.04421	0.41194	0.01984	0.01886	0.01339	0.00717	0.00580	0.00189	0.00550	0.00581	0.08241	0.00947
7	0.07290	0.01070	0.01458	0.14971	0.05886	0.01084	0.03815	0.02003	0.10358	0.15912	0.05911	0.06500	0.07306	0.00872	0.00627	0.00195	0.00565	0.03483	0.00510	0.10183
8	0.01805	0.01408	0.01958	0.19049	0.18281	0.04355	0.05202	0.14655	0.09247	0.12920	0.01569	0.01743	0.01151	0.00674	0.00621	0.00194	0.00712	0.00586	0.02958	0.00913
9	0.00781	0.00560	0.00738	0.00872	0.00920	0.00525	0.00597	0.00900	0.01206	0.01598	0.03460	0.67433	0.06298	0.04963	0.00893	0.00268	0.00385	0.06528	0.00570	0.00506
10	0.11129	0.06175	0.25289	0.12881	0.02469	0.01460	0.07669	0.04742	0.03366	0.13353	0.01333	0.01508	0.00955	0.00651	0.00651	0.00199	0.04406	0.00517	0.00388	0.00861

[dist]
# distance from previous block
# <min> <max>
1	33

[block]
# block no. 10 follows, 36 sequences, length 16
# corresponding to MSA columns:
# 470-485
name=unknown_K
#
# <colnr> <probs for GDERKNQSTAVLIFYWHMCP>
#	G	D	E	R	K	N	Q	S	T	A	V	L	I	F	Y	W	H	M	C	P
0	0.01482	0.01401	0.02192	0.10658	0.31476	0.01468	0.10375	0.02298	0.23361	0.02157	0.01591	0.01799	0.01242	0.00643	0.00629	0.00194	0.00698	0.00613	0.00409	0.05316
1	0.01797	0.01611	0.02063	0.12089	0.19165	0.11014	0.06243	0.14212	0.05691	0.07826	0.01345	0.01592	0.01039	0.00779	0.02231	0.00215	0.09232	0.00564	0.00411	0.00880
2	0.08887	0.01100	0.01519	0.01645	0.18494	0.01036	0.01045	0.02195	0.03105	0.30429	0.11939	0.02278	0.01941	0.04457	0.00728	0.00204	0.00540	0.00650	0.00564	0.07243
3	0.18475	0.01465	0.07474	0.02027	0.25761	0.01344	0.01322	0.07634	0.04317	0.18531	0.01467	0.01560	0.01069	0.00633	0.00564	0.00186	0.00628	0.00517	0.00464	0.04561
4	0.00755	0.00560	0.00705	0.00821	0.00892	0.00510	0.00558	0.00873	0.01237	0.01609	0.03997	0.63669	0.17785	0.01879	0.00784	0.00245	0.00353	0.01682	0.00578	0.00510
5	0.01486	0.12346	0.11788	0.01766	0.11504	0.01413	0.11912	0.02072	0.12629	0.08488	0.02038	0.08143	0.05034	0.00858	0.00641	0.00202	0.00681	0.05708	0.00443	0.00847
6	0.01722	0.36122	0.13984	0.01324	0.01854	0.01891	0.04656	0.10283	0.01532	0.09391	0.04441	0.01468	0.01154	0.00733	0.01938	0.00186	0.05598	0.00485	0.00383	0.00857
7	0.00816	0.00596	0.00776	0.00883	0.00972	0.00557	0.00647	0.00983	0.01326	0.01748	0.11059	0.47695	0.12948	0.01791	0.00794	0.00248	0.00389	0.14651	0.00589	0.00530
8	0.00985	0.00661	0.00905	0.00878	0.01005	0.00696	0.00662	0.01210	0.01262	0.04636	0.22303	0.03222	0.02863	0.10847	0.38082	0.00633	0.01016	0.00815	0.06752	0.00568
9	0.01732	0.01702	0.07835	0.08044	0.22981	0.07376	0.07594	0.16546	0.04544	0.05719	0.05253	0.01720	0.01275	0.00692	0.00694	0.00194	0.04175	0.00592	0.00422	0.00908
10	0.00868	0.00604	0.00787	0.00835	0.00939	0.00568	0.00612	0.01090	0.01477	0.02076	0.34475	0.32703	0.04649	0.01534	0.00747	0.00223	0.00346	0.07940	0.06970	0.00555
11	0.00979	0.00776	0.01141	0.01096	0.01183	0.00953	0.00863	0.01160	0.00983	0.01435	0.01495	0.02236	0.01408	0.03937	0.59298	0.05413	0.14122	0.00640	0.00320	0.00561
12	0.01226	0.26082	0.05952	0.07016	0.01732	0.01412	0.07206	0.01558	0.04749	0.01761	0.10298	0.24060	0.02432	0.01059	0.00623	0.00195	0.00586	0.00924	0.00429	0.00700
13	0.01699	0.00857	0.01076	0.00931	0.01167	0.00809	0.00685	0.07250	0.01502	0.28838	0.08660	0.12856	0.02466	0.26618	0.01502	0.00337	0.00524	0.00908	0.00596	0.00719
14	0.02317	0.01045	0.01415	0.01209	0.04872	0.00963	0.00930	0.07583	0.01785	0.51386	0.11227	0.02392	0.02027	0.01128	0.06516	0.00256	0.00611	0.00684	0.00694	0.00958
15	0.01588	0.04999	0.01827	0.19349	0.11592	0.04331	0.04619	0.17371	0.01782	0.05747	0.12205	0.03504	0.02985	0.00782	0.00627	0.00190	0.00665	0.00672	0.04350	0.00816

[dist]
# distance from previous block
# <min> <max>
1	2

[block]
# block no. 11 follows, 36 sequences, length 10
# corresponding to MSA columns:
# 488-497
name=unknown_L
#
# <colnr> <probs for GDERKNQSTAVLIFYWHMCP>
#	G	D	E	R	K	N	Q	S	T	A	V	L	I	F	Y	W	H	M	C	P
0	0.00835	0.00607	0.00777	0.00857	0.00951	0.00570	0.00626	0.01005	0.01339	0.01775	0.15810	0.36387	0.13130	0.08605	0.01003	0.00275	0.00404	0.13942	0.00578	0.00523
1	0.01345	0.10709	0.01593	0.01007	0.01506	0.01133	0.00837	0.01599	0.01257	0.01911	0.01051	0.01262	0.00898	0.00529	0.00600	0.00114	0.07575	0.00381	0.00347	0.64345
2	0.01359	0.06860	0.01707	0.37819	0.02830	0.03372	0.01315	0.04078	0.10152	0.05435	0.01790	0.08760	0.03837	0.00854	0.00670	0.00206	0.02849	0.03138	0.00406	0.02563
3	0.00819	0.00606	0.00733	0.00753	0.00863	0.00554	0.00526	0.00987	0.01399	0.01867	0.28272	0.23999	0.20933	0.13505	0.01131	0.00278	0.00365	0.01305	0.00584	0.00519
4	0.08611	0.00823	0.01087	0.05237	0.03308	0.00873	0.02148	0.01341	0.03414	0.06145	0.09576	0.30803	0.08087	0.01588	0.05212	0.03159	0.06343	0.01120	0.00507	0.00616
5	0.09331	0.19725	0.18357	0.05036	0.08944	0.12084	0.07505	0.03936	0.01436	0.06573	0.01128	0.01312	0.00872	0.00592	0.00543	0.00177	0.00808	0.00461	0.00335	0.00844
6	0.05609	0.00911	0.01120	0.05144	0.01391	0.00913	0.00793	0.09612	0.04032	0.19549	0.14670	0.19053	0.02739	0.01094	0.00647	0.00202	0.00454	0.00936	0.10376	0.00757
7	0.00803	0.00579	0.00751	0.00862	0.00927	0.00543	0.00604	0.00938	0.01250	0.01653	0.07625	0.54350	0.09554	0.07495	0.00970	0.00276	0.00396	0.09343	0.00569	0.00511
8	0.01535	0.05359	0.21740	0.14555	0.16772	0.04003	0.05606	0.10313	0.03323	0.04093	0.03796	0.01605	0.01105	0.00653	0.00651	0.00194	0.02905	0.00551	0.00360	0.00883
9	0.11291	0.17496	0.15488	0.01352	0.01869	0.06043	0.06460	0.05517	0.04782	0.06971	0.05225	0.01526	0.01201	0.00664	0.00624	0.00178	0.05121	0.00499	0.00388	0.07305

[dist]
# distance from previous block
# <min> <max>
2	28

[block]
# block no. 12 follows, 36 sequences, length 7
# corresponding to MSA columns:
# 526-532
name=unknown_M
#
# <colnr> <probs for GDERKNQSTAVLIFYWHMCP>
#	G	D	E	R	K	N	Q	S	T	A	V	L	I	F	Y	W	H	M	C	P
0	0.01012	0.00653	0.00832	0.00851	0.01005	0.00593	0.00636	0.01208	0.01464	0.09115	0.21422	0.30266	0.18475	0.01567	0.00758	0.00228	0.00374	0.08326	0.00624	0.00592
1	0.01266	0.06275	0.05902	0.04241	0.16325	0.03833	0.07756	0.03253	0.01339	0.03469	0.02071	0.32104	0.02211	0.01164	0.00776	0.00218	0.05603	0.01036	0.00428	0.00729
2	0.05107	0.05998	0.20910	0.07291	0.07221	0.06460	0.07937	0.06624	0.01564	0.13188	0.07632	0.01771	0.01395	0.00677	0.00603	0.00187	0.00750	0.00570	0.00423	0.03692
3	0.05218	0.01420	0.05327	0.08428	0.21635	0.03891	0.01337	0.13013	0.09326	0.09312	0.01807	0.10883	0.01570	0.00856	0.00638	0.00203	0.00653	0.03123	0.00477	0.00882
4	0.01047	0.00648	0.00777	0.00767	0.00862	0.00617	0.00506	0.01128	0.01132	0.08905	0.02935	0.16818	0.13741	0.40740	0.06282	0.00462	0.00570	0.01078	0.00482	0.00503
5	0.05310	0.01018	0.01315	0.03833	0.06173	0.01085	0.03189	0.04965	0.15011	0.09342	0.13200	0.05627	0.06957	0.04493	0.08123	0.00297	0.03857	0.00796	0.04651	0.00757
6	0.03602	0.10754	0.05100	0.04820	0.09347	0.01430	0.04950	0.09904	0.08316	0.15244	0.11710	0.03996	0.01884	0.00811	0.00701	0.00194	0.05193	0.00666	0.00508	0.00868

[dist]
# distance from previous block
# <min> <max>
0	2

[block]
# block no. 13 follows, 36 sequences, length 24
# corresponding to MSA columns:
# 535-558
name=unknown_N
#
# <colnr> <probs for GDERKNQSTAVLIFYWHMCP>
#	G	D	E	R	K	N	Q	S	T	A	V	L	I	F	Y	W	H	M	C	P
0	0.17405	0.04613	0.06256	0.07741	0.05044	0.05357	0.04780	0.01745	0.01266	0.02059	0.01038	0.01284	0.00844	0.00561	0.00577	0.00154	0.04695	0.00422	0.00340	0.33820
1	0.00936	0.00624	0.00793	0.00869	0.00942	0.00601	0.00585	0.01125	0.04971	0.05497	0.04618	0.55938	0.03598	0.14415	0.01170	0.00304	0.00416	0.01497	0.00561	0.00541
2	0.05141	0.02984	0.16890	0.01578	0.08886	0.04946	0.03681	0.08890	0.02814	0.13623	0.07822	0.08083	0.01719	0.00844	0.00716	0.00199	0.05839	0.00684	0.03813	0.00846
3	0.05965	0.01449	0.06393	0.05778	0.40146	0.01351	0.06806	0.05002	0.01446	0.10479	0.01312	0.01611	0.01025	0.00730	0.00769	0.07191	0.00720	0.00559	0.00373	0.00894
4	0.01055	0.00759	0.01989	0.00983	0.04621	0.00701	0.00697	0.04998	0.01547	0.04602	0.25753	0.23279	0.11670	0.01337	0.00698	0.00207	0.00381	0.03028	0.11072	0.00624
5	0.01508	0.01238	0.04931	0.01761	0.14349	0.01149	0.10678	0.13134	0.01667	0.09336	0.06282	0.19299	0.03906	0.01029	0.00682	0.00208	0.00612	0.02907	0.04517	0.00808
6	0.15440	0.16134	0.06542	0.06060	0.06447	0.10143	0.04239	0.03141	0.04081	0.11458	0.01278	0.01520	0.01015	0.04479	0.00750	0.00205	0.05386	0.00492	0.00389	0.00801
7	0.09854	0.33767	0.19116	0.08654	0.02180	0.01915	0.05121	0.06311	0.01358	0.01916	0.01006	0.01219	0.00812	0.00596	0.00563	0.00174	0.03887	0.00428	0.00304	0.00818
8	0.00828	0.00568	0.00699	0.00782	0.00814	0.00545	0.00497	0.00907	0.01101	0.01487	0.02923	0.46155	0.05203	0.29252	0.01632	0.00373	0.00444	0.01398	0.03929	0.00464
9	0.12198	0.01741	0.13711	0.02847	0.02153	0.01526	0.15045	0.20287	0.10612	0.07994	0.04653	0.01729	0.01289	0.00692	0.00616	0.00198	0.00719	0.00597	0.00484	0.00909
10	0.31521	0.01362	0.01715	0.14880	0.16829	0.06064	0.07253	0.01805	0.01265	0.02185	0.01137	0.04654	0.00961	0.00634	0.00537	0.00190	0.00678	0.00522	0.00348	0.05460
11	0.01294	0.00808	0.01014	0.00931	0.01085	0.00844	0.00675	0.09421	0.01295	0.10712	0.01972	0.07702	0.01935	0.31946	0.24969	0.00607	0.00920	0.00812	0.00454	0.00604
12	0.01311	0.01396	0.09910	0.01244	0.01597	0.05813	0.06463	0.11132	0.11178	0.02248	0.11779	0.14772	0.14272	0.01138	0.00692	0.00210	0.00579	0.02987	0.00532	0.00748
13	0.17184	0.05814	0.26270	0.01501	0.02134	0.01494	0.09701	0.12794	0.01602	0.13811	0.01342	0.01439	0.00946	0.00631	0.00570	0.00192	0.00743	0.00504	0.00427	0.00902
14	0.00794	0.00567	0.00763	0.00908	0.00959	0.00536	0.00640	0.00928	0.01228	0.01630	0.03415	0.67544	0.04044	0.01919	0.00805	0.00258	0.00392	0.11577	0.00578	0.00516
15	0.01216	0.00783	0.00956	0.00863	0.01095	0.00741	0.00664	0.01656	0.10366	0.12871	0.42788	0.04241	0.16892	0.01203	0.00707	0.00200	0.00356	0.01036	0.00673	0.00694
16	0.01253	0.04808	0.59340	0.04176	0.08037	0.01417	0.03297	0.01884	0.01315	0.01929	0.01265	0.06188	0.01020	0.00674	0.00605	0.00199	0.00864	0.00555	0.00288	0.00888
17	0.05988	0.05426	0.29054	0.01789	0.09905	0.04628	0.07634	0.02166	0.03474	0.15114	0.01412	0.01551	0.01021	0.00649	0.00652	0.00193	0.04187	0.00525	0.03735	0.00896
18	0.00859	0.00619	0.00812	0.00800	0.00926	0.00573	0.00586	0.01118	0.01657	0.02329	0.60699	0.18328	0.05550	0.01401	0.00746	0.00207	0.00307	0.01247	0.00666	0.00573
19	0.00801	0.00608	0.00739	0.00761	0.00895	0.00545	0.00550	0.01000	0.01493	0.01985	0.32676	0.26073	0.26484	0.01563	0.00753	0.00217	0.00320	0.01370	0.00622	0.00545
20	0.01588	0.71799	0.03047	0.01049	0.01540	0.02297	0.01024	0.01780	0.01260	0.01477	0.01086	0.07573	0.01084	0.00655	0.00434	0.00144	0.00640	0.00456	0.00293	0.00774
21	0.00964	0.07343	0.01179	0.01033	0.01169	0.00806	0.04840	0.01135	0.01237	0.01619	0.02838	0.37439	0.03241	0.12791	0.01121	0.00300	0.00519	0.19371	0.00506	0.00550
22	0.03951	0.33820	0.09448	0.01406	0.05981	0.14700	0.01223	0.08492	0.01544	0.05717	0.01088	0.01213	0.00880	0.00586	0.00497	0.00153	0.00747	0.00410	0.00349	0.07795
23	0.02129	0.01391	0.05219	0.04669	0.05636	0.01349	0.01137	0.22892	0.11070	0.27886	0.02082	0.02022	0.03786	0.00982	0.04629	0.00238	0.00668	0.00628	0.00610	0.00979

[dist]
# distance from previous block
# <min> <max>
3	7

[block]
# block no. 14 follows, 36 sequences, length 9
# corresponding to MSA columns:
# 566-574
name=unknown_O
#
# <colnr> <probs for GDERKNQSTAVLIFYWHMCP>
#	G	D	E	R	K	N	Q	S	T	A	V	L	I	F	Y	W	H	M	C	P
0	0.00886	0.00644	0.00828	0.00837	0.00934	0.00627	0.00577	0.01023	0.01145	0.01592	0.10445	0.26530	0.02995	0.23931	0.16954	0.00488	0.00702	0.01107	0.00465	0.07290
1	0.01213	0.01029	0.01249	0.17543	0.01901	0.04761	0.00988	0.08293	0.09703	0.02144	0.17896	0.17383	0.06836	0.01174	0.00699	0.00215	0.00544	0.05206	0.00533	0.00688
2	0.00839	0.00627	0.00779	0.00758	0.00909	0.00567	0.00562	0.01086	0.01637	0.02238	0.52700	0.11527	0.20675	0.01402	0.00741	0.00204	0.00305	0.01226	0.00653	0.00567
3	0.01933	0.08638	0.02212	0.11081	0.13023	0.38280	0.08388	0.05860	0.01641	0.01777	0.01061	0.01315	0.00861	0.00612	0.00584	0.00174	0.00963	0.00478	0.00325	0.00794
