[name]
unknown

[dist]
# distance from previous block
# <min> <max>
0	732

[block]
# block no. 0 follows, 53 sequences, length 186
# corresponding to MSA columns:
# 734-919
name=unknown_A
#
# <colnr> <probs for GDERKNQSTAVLIFYWHMCP>
#	G	D	E	R	K	N	Q	S	T	A	V	L	I	F	Y	W	H	M	C	P
0	0.00897	0.00605	0.00735	0.00714	0.00863	0.00597	0.00567	0.05733	0.06176	0.06505	0.21178	0.03660	0.12564	0.08786	0.00736	0.00198	0.00349	0.21983	0.06665	0.00490
1	0.01057	0.01948	0.00881	0.00922	0.05964	0.08223	0.00631	0.02603	0.04267	0.14576	0.02134	0.48637	0.02279	0.01112	0.00552	0.00173	0.00388	0.02693	0.00435	0.00526
2	0.01322	0.06342	0.01771	0.01440	0.09073	0.01198	0.22308	0.05514	0.28112	0.11837	0.01388	0.01441	0.01032	0.00542	0.00545	0.00156	0.04387	0.00499	0.00377	0.00715
3	0.01242	0.01004	0.01704	0.06383	0.01777	0.00893	0.28597	0.01523	0.01102	0.15686	0.01074	0.01231	0.00794	0.00429	0.00478	0.00125	0.01754	0.00430	0.00318	0.33456
4	0.01048	0.00980	0.01557	0.40856	0.30318	0.01109	0.01285	0.01521	0.13633	0.01468	0.01044	0.01324	0.00812	0.00487	0.00478	0.00154	0.00571	0.00444	0.00265	0.00648
5	0.00979	0.07627	0.75749	0.01328	0.02015	0.01160	0.01706	0.01508	0.01007	0.01489	0.00845	0.00994	0.00606	0.00451	0.00445	0.00148	0.00694	0.00347	0.00202	0.00700
6	0.01014	0.10062	0.68001	0.01338	0.01999	0.01196	0.05409	0.02979	0.01035	0.01506	0.00850	0.01002	0.00616	0.00450	0.00446	0.00147	0.00689	0.00356	0.00209	0.00697
7	0.01333	0.78233	0.02416	0.00820	0.01226	0.01816	0.00810	0.01488	0.00996	0.06175	0.00742	0.00821	0.00650	0.00421	0.00318	0.00105	0.00505	0.00270	0.00229	0.00626
8	0.00580	0.00485	0.00505	0.00500	0.00655	0.00410	0.00375	0.00715	0.01125	0.01377	0.15119	0.04459	0.69697	0.01179	0.00565	0.00160	0.00240	0.00989	0.00455	0.00410
9	0.01120	0.01154	0.02203	0.09757	0.27170	0.01167	0.36665	0.03476	0.01112	0.01541	0.03874	0.01320	0.00865	0.00471	0.00589	0.00157	0.05942	0.00505	0.00252	0.00659
10	0.00972	0.00853	0.01400	0.05603	0.37314	0.00859	0.03780	0.01228	0.01084	0.01478	0.01657	0.05265	0.01684	0.00846	0.00562	0.00179	0.00516	0.33795	0.00330	0.00595
11	0.00742	0.00530	0.00738	0.00848	0.00946	0.00526	0.00722	0.00942	0.01073	0.01399	0.02546	0.16905	0.02812	0.01347	0.00653	0.00216	0.00416	0.65766	0.00441	0.00432
12	0.00593	0.00424	0.00564	0.00658	0.00696	0.00395	0.00445	0.00692	0.00964	0.01298	0.11331	0.73970	0.03313	0.01439	0.00605	0.00189	0.00271	0.01303	0.00453	0.00395
13	0.01828	0.00936	0.01142	0.00892	0.01223	0.00920	0.00725	0.26905	0.01619	0.44024	0.09018	0.01728	0.01405	0.04659	0.00583	0.00162	0.00431	0.00511	0.00534	0.00753
14	0.02144	0.00813	0.01109	0.00850	0.01220	0.00702	0.00702	0.02329	0.01368	0.80552	0.01886	0.01627	0.01183	0.00592	0.00481	0.00148	0.00407	0.00481	0.00592	0.00813
15	0.12794	0.01247	0.09885	0.09181	0.05656	0.02903	0.34462	0.05192	0.01111	0.01638	0.01089	0.01653	0.00919	0.00541	0.00508	0.00163	0.00653	0.09517	0.00277	0.00610
16	0.00818	0.00566	0.00691	0.00631	0.00779	0.00541	0.00481	0.05932	0.03482	0.04684	0.57987	0.03283	0.11014	0.00924	0.00539	0.00149	0.00257	0.00801	0.05952	0.00490
17	0.01046	0.01046	0.01464	0.01255	0.01255	0.01464	0.01046	0.01150	0.00732	0.01150	0.00627	0.01046	0.00627	0.00837	0.01569	0.00209	0.82328	0.00418	0.00209	0.00523
18	0.00697	0.00581	0.00624	0.00599	0.00770	0.00557	0.00457	0.02726	0.11814	0.01450	0.08803	0.03813	0.55223	0.01329	0.08195	0.00218	0.00364	0.00875	0.00438	0.00466
19	0.86579	0.00924	0.00702	0.00629	0.00924	0.01072	0.00518	0.01405	0.00813	0.02144	0.00666	0.00776	0.00518	0.00444	0.00296	0.00148	0.00370	0.00259	0.00296	0.00518
20	0.01229	0.01047	0.01103	0.00981	0.01258	0.01207	0.00766	0.07378	0.74454	0.02064	0.01895	0.01743	0.01418	0.00644	0.00486	0.00161	0.00388	0.00533	0.00486	0.00760
21	0.00996	0.00941	0.01554	0.55135	0.20768	0.01093	0.03207	0.01396	0.07548	0.01372	0.00955	0.01296	0.00736	0.00478	0.00480	0.00156	0.00604	0.00438	0.00242	0.00605
22	0.01808	0.02185	0.01339	0.01207	0.01461	0.76159	0.00909	0.01935	0.01355	0.06218	0.00812	0.00911	0.00652	0.00499	0.00434	0.00125	0.00833	0.00319	0.00268	0.00571
23	0.02968	0.00976	0.01143	0.00919	0.01232	0.00998	0.00741	0.35876	0.01669	0.30501	0.01651	0.14265	0.01323	0.00724	0.00494	0.00152	0.00434	0.00593	0.02608	0.00732
24	0.01326	0.75803	0.02396	0.00857	0.01250	0.09406	0.00828	0.01476	0.01007	0.01129	0.00672	0.00776	0.00614	0.00417	0.00318	0.00104	0.00544	0.00261	0.00208	0.00608
25	0.01530	0.04286	0.01343	0.01095	0.05137	0.01258	0.00847	0.44513	0.01658	0.08973	0.01168	0.01417	0.00934	0.09801	0.04730	0.00215	0.09539	0.00459	0.00404	0.00694
26	0.01195	0.01084	0.01758	0.03895	0.18470	0.06956	0.25032	0.04002	0.01174	0.08474	0.01421	0.06087	0.01299	0.00680	0.00544	0.00166	0.00610	0.16199	0.00329	0.00625
27	0.00770	0.00550	0.00770	0.00880	0.00990	0.00550	0.00770	0.00990	0.01100	0.01430	0.02531	0.05391	0.02751	0.01320	0.00660	0.00220	0.00440	0.77004	0.00440	0.00440
28	0.12507	0.01331	0.20188	0.08370	0.08534	0.01034	0.04896	0.08837	0.04843	0.21784	0.01205	0.01304	0.00854	0.00518	0.00456	0.00151	0.00537	0.01587	0.00361	0.00703
29	0.01140	0.46837	0.23440	0.00946	0.01438	0.01457	0.01030	0.01413	0.00985	0.01307	0.00750	0.00872	0.00628	0.00411	0.00355	0.00110	0.00536	0.00287	0.00218	0.15840
30	0.00683	0.00512	0.00768	0.00768	0.00853	0.00597	0.00597	0.00853	0.00768	0.01110	0.01280	0.01878	0.01195	0.03585	0.81308	0.00768	0.01280	0.00512	0.00256	0.00427
31	0.00576	0.00483	0.00501	0.00500	0.00653	0.00408	0.00374	0.00706	0.01110	0.01348	0.11893	0.06629	0.70791	0.01196	0.00566	0.00161	0.00241	0.01005	0.00452	0.00408
32	0.00808	0.00426	0.00622	0.00622	0.00628	0.00431	0.00415	0.00644	0.00639	0.00857	0.00923	0.01638	0.00939	0.09501	0.06973	0.72562	0.00475	0.00448	0.00218	0.00229
33	0.00913	0.00849	0.01426	0.76876	0.06097	0.01048	0.01306	0.01227	0.00962	0.01249	0.00871	0.01285	0.00658	0.00478	0.00474	0.00157	0.00623	0.00425	0.02540	0.00537
34	0.00903	0.00850	0.01434	0.82054	0.03292	0.01062	0.01327	0.01221	0.00956	0.01221	0.00850	0.01274	0.00637	0.00478	0.00478	0.00159	0.00637	0.00425	0.00212	0.00531
35	0.00998	0.00990	0.01409	0.70655	0.03025	0.08475	0.01262	0.01349	0.04799	0.01254	0.00893	0.01261	0.00675	0.00487	0.00474	0.00156	0.00645	0.00420	0.00229	0.00544
36	0.01616	0.01741	0.01553	0.01470	0.11597	0.41859	0.08161	0.13765	0.06389	0.04562	0.00962	0.01077	0.00750	0.00507	0.00480	0.00137	0.02026	0.00389	0.00308	0.00651
37	0.01280	0.70657	0.09836	0.00896	0.01322	0.06866	0.00914	0.01469	0.00999	0.01164	0.00688	0.00796	0.00613	0.00419	0.00329	0.00108	0.00552	0.00268	0.00207	0.00618
38	0.82435	0.00990	0.00734	0.00658	0.00951	0.04992	0.00537	0.01430	0.00840	0.02097	0.00669	0.00781	0.00522	0.00446	0.00302	0.00147	0.00394	0.00261	0.00293	0.00519
39	0.00633	0.00507	0.00569	0.00559	0.00701	0.00456	0.00417	0.00846	0.04989	0.01527	0.29329	0.09637	0.45861	0.01126	0.00564	0.00160	0.00246	0.00963	0.00473	0.00435
40	0.01027	0.01023	0.01366	0.01188	0.01210	0.04563	0.00980	0.01141	0.00762	0.01146	0.00720	0.01151	0.00704	0.01194	0.12288	0.00281	0.68104	0.00426	0.00217	0.00511
41	0.00574	0.00485	0.00496	0.00493	0.00651	0.00407	0.00370	0.00703	0.01110	0.01340	0.10758	0.04519	0.74080	0.01192	0.00565	0.00161	0.00241	0.00997	0.00450	0.00407
42	0.00579	0.00462	0.00521	0.00566	0.00676	0.00403	0.00408	0.00690	0.01026	0.01270	0.03945	0.33373	0.48915	0.01320	0.00585	0.00176	0.00262	0.03981	0.00444	0.00399
43	0.01785	0.02278	0.01354	0.01231	0.01478	0.81284	0.00924	0.01909	0.01354	0.01170	0.00739	0.00862	0.00616	0.00493	0.00431	0.00123	0.00862	0.00308	0.00246	0.00554
44	0.00614	0.00474	0.00561	0.00566	0.00683	0.00420	0.00414	0.00772	0.01167	0.01537	0.35555	0.18340	0.34844	0.01166	0.00573	0.00163	0.00242	0.01012	0.00478	0.00420
45	0.69403	0.00961	0.00822	0.00702	0.01014	0.01085	0.00578	0.10156	0.01025	0.09358	0.00830	0.00895	0.00611	0.00472	0.00333	0.00147	0.00391	0.00298	0.00343	0.00578
46	0.01183	0.06390	0.02074	0.02697	0.66583	0.01192	0.09962	0.01472	0.01085	0.01530	0.00892	0.01168	0.00744	0.00422	0.00473	0.00142	0.00591	0.00430	0.00235	0.00735
47	0.01189	0.01027	0.01081	0.00973	0.01243	0.01189	0.00757	0.02540	0.79357	0.01999	0.01945	0.01783	0.01459	0.00648	0.00486	0.00162	0.00378	0.00540	0.00486	0.00757
48	0.00819	0.00415	0.00620	0.00625	0.00626	0.00414	0.00416	0.00625	0.00636	0.00848	0.00914	0.05217	0.00938	0.01653	0.01810	0.82124	0.00409	0.00459	0.00218	0.00216
49	0.01034	0.02367	0.75663	0.01330	0.02015	0.01084	0.01698	0.01566	0.01032	0.06540	0.00923	0.01048	0.00642	0.00463	0.00456	0.00151	0.00687	0.00361	0.00227	0.00713
50	0.01183	0.01136	0.01940	0.02934	0.80221	0.01136	0.01467	0.01467	0.01088	0.01562	0.00899	0.01183	0.00757	0.00426	0.00473	0.00142	0.00568	0.00426	0.00237	0.00757
51	0.00579	0.00428	0.00543	0.00635	0.00685	0.00391	0.00430	0.00669	0.00945	0.01232	0.03010	0.69582	0.16227	0.01449	0.00602	0.00189	0.00271	0.01299	0.00444	0.00391
52	0.00782	0.00634	0.00999	0.00947	0.01114	0.00608	0.11318	0.01018	0.01147	0.01515	0.16112	0.04431	0.10592	0.01123	0.00620	0.00194	0.00433	0.45518	0.00428	0.00466
53	0.00641	0.00431	0.00575	0.00672	0.00713	0.00400	0.00453	0.00728	0.00932	0.04189	0.02606	0.79849	0.03087	0.01464	0.00605	0.00192	0.00282	0.01326	0.00449	0.00404
54	0.02144	0.00813	0.01109	0.00850	0.01220	0.00702	0.00702	0.02329	0.01368	0.80552	0.01886	0.01627	0.01183	0.00592	0.00481	0.00148	0.00407	0.00481	0.00592	0.00813
55	0.02144	0.00813	0.01109	0.00850	0.01220	0.00702	0.00702	0.02329	0.01368	0.80552	0.01886	0.01627	0.01183	0.00592	0.00481	0.00148	0.00407	0.00481	0.00592	0.00813
56	0.00936	0.00883	0.01494	0.72688	0.12398	0.01071	0.01344	0.01250	0.00971	0.01261	0.00855	0.01263	0.00651	0.00472	0.00477	0.00157	0.00629	0.00425	0.00215	0.00558
57	0.00641	0.00487	0.00590	0.00564	0.00693	0.00436	0.00423	0.00834	0.01270	0.01720	0.56351	0.03894	0.28250	0.01050	0.00564	0.00154	0.00231	0.00910	0.00500	0.00436
58	0.00566	0.00480	0.00489	0.00496	0.00649	0.00403	0.00368	0.00685	0.01078	0.01287	0.04701	0.09587	0.75131	0.01229	0.00568	0.00163	0.00244	0.01031	0.00444	0.00403
59	0.01012	0.00610	0.00777	0.00690	0.00869	0.00581	0.00533	0.01356	0.10072	0.16837	0.56445	0.03002	0.03538	0.00867	0.00539	0.00151	0.00277	0.00755	0.00534	0.00554
60	0.02025	0.00859	0.01120	0.00875	0.01234	0.00790	0.00717	0.05613	0.10048	0.68535	0.01861	0.01624	0.01198	0.00597	0.00481	0.00149	0.00409	0.00485	0.00575	0.00807
61	0.00605	0.00486	0.00540	0.00526	0.00670	0.00420	0.00395	0.00763	0.01184	0.01515	0.31740	0.04231	0.52989	0.01127	0.00564	0.00157	0.00236	0.00957	0.00473	0.00420
62	0.00959	0.02472	0.80726	0.01362	0.02069	0.01110	0.01766	0.01514	0.01009	0.01514	0.00858	0.01009	0.00605	0.00454	0.00454	0.00151	0.00706	0.00353	0.00202	0.00706
63	0.01785	0.02278	0.01354	0.01231	0.01478	0.81284	0.00924	0.01909	0.01354	0.01170	0.00739	0.00862	0.00616	0.00493	0.00431	0.00123	0.00862	0.00308	0.00246	0.00554
64	0.00991	0.00850	0.00991	0.00708	0.01133	0.00637	0.00566	0.01203	0.00991	0.01557	0.00850	0.00991	0.00708	0.00354	0.00354	0.00071	0.00354	0.00283	0.00283	0.86124
65	0.01376	0.01528	0.26209	0.01571	0.10725	0.01072	0.21772	0.07692	0.01231	0.20332	0.01157	0.01260	0.00807	0.00479	0.00494	0.00151	0.00632	0.00453	0.00330	0.00729
66	0.01278	0.83490	0.02505	0.00818	0.01227	0.01891	0.00818	0.01431	0.00971	0.01125	0.00664	0.00767	0.00613	0.00409	0.00307	0.00102	0.00511	0.00256	0.00204	0.00613
67	0.00666	0.00488	0.00625	0.00590	0.00708	0.00447	0.00443	0.00882	0.01329	0.01859	0.73017	0.03666	0.11497	0.00999	0.00564	0.00151	0.00227	0.00878	0.00519	0.00447
68	0.00589	0.00484	0.00506	0.00501	0.00654	0.00411	0.00375	0.00727	0.01126	0.01395	0.15860	0.04384	0.67101	0.01161	0.00560	0.00159	0.00239	0.00975	0.02382	0.00411
69	0.01951	0.00771	0.01047	0.00817	0.01153	0.00669	0.00669	0.02141	0.01366	0.70166	0.12199	0.01884	0.01623	0.00642	0.00492	0.00148	0.00383	0.00531	0.00583	0.00766
70	0.00570	0.00484	0.00491	0.00490	0.00649	0.00406	0.00367	0.00696	0.01102	0.01320	0.08314	0.04552	0.76537	0.01200	0.00565	0.00161	0.00241	0.01002	0.00448	0.00406
71	0.09832	0.01252	0.01328	0.01033	0.01402	0.01380	0.00851	0.62949	0.05620	0.07814	0.01186	0.01172	0.00838	0.00566	0.00461	0.00145	0.00497	0.00422	0.00468	0.00782
72	0.02144	0.00813	0.01109	0.00850	0.01220	0.00702	0.00702	0.02329	0.01368	0.80552	0.01886	0.01627	0.01183	0.00592	0.00481	0.00148	0.00407	0.00481	0.00592	0.00813
73	0.00903	0.00850	0.01434	0.82054	0.03292	0.01062	0.01327	0.01221	0.00956	0.01221	0.00850	0.01274	0.00637	0.00478	0.00478	0.00159	0.00637	0.00425	0.00212	0.00531
74	0.01003	0.04739	0.04932	0.00745	0.01182	0.00718	0.00636	0.01229	0.00991	0.01535	0.00841	0.00982	0.00699	0.00361	0.00357	0.00076	0.00378	0.00285	0.00276	0.78035
75	0.00793	0.00673	0.00803	0.00791	0.00884	0.08220	0.00603	0.00936	0.00814	0.01094	0.01228	0.01847	0.01163	0.08292	0.66015	0.03504	0.01160	0.00501	0.00256	0.00423
76	0.78556	0.00964	0.00772	0.00673	0.00977	0.01111	0.00555	0.08714	0.00949	0.02227	0.00711	0.00812	0.00546	0.00456	0.00313	0.00147	0.00385	0.00275	0.00313	0.00546
77	0.01071	0.01171	0.02493	0.01834	0.02258	0.01104	0.66096	0.01445	0.01124	0.01515	0.01216	0.01943	0.01048	0.00549	0.00579	0.00171	0.00748	0.12750	0.00273	0.00612
78	0.00903	0.00850	0.01434	0.82054	0.03292	0.01062	0.01327	0.01221	0.00956	0.01221	0.00850	0.01274	0.00637	0.00478	0.00478	0.00159	0.00637	0.00425	0.00212	0.00531
79	0.02144	0.00813	0.01109	0.00850	0.01220	0.00702	0.00702	0.02329	0.01368	0.80552	0.01886	0.01627	0.01183	0.00592	0.00481	0.00148	0.00407	0.00481	0.00592	0.00813
80	0.00687	0.00499	0.00648	0.00609	0.00725	0.00466	0.00457	0.00935	0.02927	0.01918	0.78394	0.03534	0.04448	0.00970	0.00562	0.00151	0.00229	0.00858	0.00525	0.00457
81	0.00584	0.00417	0.00554	0.00663	0.00691	0.00389	0.00441	0.00666	0.00912	0.01215	0.02617	0.81634	0.03139	0.02785	0.00639	0.00198	0.00280	0.01348	0.00441	0.00387
82	0.01183	0.01136	0.01940	0.02934	0.80221	0.01136	0.01467	0.01467	0.01088	0.01562	0.00899	0.01183	0.00757	0.00426	0.00473	0.00142	0.00568	0.00426	0.00237	0.00757
83	0.00694	0.00466	0.00535	0.00535	0.00539	0.00471	0.00306	0.00704	0.00699	0.00937	0.01494	0.03060	0.01708	0.78869	0.06726	0.00480	0.00508	0.00685	0.00288	0.00297
84	0.03526	0.00799	0.01050	0.00817	0.01161	0.00712	0.00671	0.04837	0.01354	0.69011	0.01807	0.01610	0.01162	0.00585	0.00463	0.00144	0.00393	0.00472	0.08653	0.00773
85	0.01139	0.01255	0.02362	0.01893	0.09524	0.04329	0.50022	0.01450	0.01040	0.01431	0.00872	0.01206	0.00701	0.00510	0.00786	0.00169	0.19947	0.00507	0.00234	0.00623
86	0.00738	0.00593	0.00874	0.00842	0.00915	0.00729	0.00666	0.00899	0.00763	0.01116	0.01181	0.01751	0.01109	0.03167	0.69180	0.00683	0.13608	0.00498	0.00249	0.00441
87	0.01172	0.01012	0.01065	0.00959	0.01227	0.01168	0.00746	0.02489	0.77231	0.01980	0.02024	0.01860	0.03593	0.00664	0.00488	0.00162	0.00375	0.00553	0.00485	0.00747
88	0.79936	0.06173	0.00823	0.00644	0.00948	0.01119	0.00539	0.01420	0.00831	0.03211	0.00683	0.00788	0.00533	0.00444	0.00299	0.00145	0.00379	0.00262	0.00294	0.00528
89	0.01488	0.00672	0.00805	0.00671	0.00913	0.00638	0.00537	0.06845	0.02821	0.35106	0.01677	0.01674	0.01185	0.00574	0.00409	0.00130	0.00324	0.00461	0.42440	0.00632
90	0.02835	0.01290	0.02256	0.01732	0.05846	0.08931	0.50382	0.05292	0.01218	0.11092	0.01107	0.03796	0.00847	0.00478	0.00529	0.00155	0.00714	0.00535	0.00303	0.00659
91	0.01680	0.00988	0.01131	0.00903	0.01220	0.01032	0.00735	0.34005	0.09042	0.26210	0.01513	0.01473	0.01061	0.00685	0.03178	0.00163	0.00456	0.00461	0.13324	0.00740
92	0.00569	0.00475	0.00497	0.00512	0.00654	0.00402	0.00376	0.00687	0.01069	0.01292	0.05888	0.15779	0.67664	0.01247	0.00571	0.00166	0.00247	0.01056	0.00445	0.00402
93	0.02098	0.00887	0.01155	0.00886	0.01257	0.00812	0.00732	0.13078	0.01492	0.69629	0.01782	0.01559	0.01131	0.00589	0.00480	0.00147	0.00424	0.00474	0.00576	0.00813
94	0.68251	0.01031	0.00859	0.00733	0.01045	0.02589	0.00602	0.16729	0.01107	0.02299	0.00762	0.00852	0.00578	0.00470	0.00334	0.00147	0.00410	0.00294	0.00331	0.00577
95	0.00903	0.00850	0.01434	0.82054	0.03292	0.01062	0.01327	0.01221	0.00956	0.01221	0.00850	0.01274	0.00637	0.00478	0.00478	0.00159	0.00637	0.00425	0.00212	0.00531
96	0.00696	0.00468	0.00552	0.00552	0.00562	0.00478	0.00328	0.00712	0.00702	0.00946	0.01467	0.02951	0.01658	0.72393	0.11667	0.02051	0.00558	0.00669	0.00284	0.00304
97	0.01189	0.01027	0.01081	0.00973	0.01243	0.01189	0.00757	0.02540	0.79357	0.01999	0.01945	0.01783	0.01459	0.00648	0.00486	0.00162	0.00378	0.00540	0.00486	0.00757
98	0.01047	0.00848	0.00997	0.00715	0.01137	0.00640	0.00573	0.01258	0.01009	0.05392	0.00900	0.01022	0.00731	0.00366	0.00360	0.00075	0.00357	0.00293	0.00298	0.81983
99	0.86579	0.00924	0.00702	0.00629	0.00924	0.01072	0.00518	0.01405	0.00813	0.02144	0.00666	0.00776	0.00518	0.00444	0.00296	0.00148	0.00370	0.00259	0.00296	0.00518
100	0.01189	0.01027	0.01081	0.00973	0.01243	0.01189	0.00757	0.02540	0.79357	0.01999	0.01945	0.01783	0.01459	0.00648	0.00486	0.00162	0.00378	0.00540	0.00486	0.00757
101	0.00695	0.00463	0.00521	0.00521	0.00521	0.00463	0.00290	0.00695	0.00695	0.00927	0.01506	0.03128	0.01738	0.83203	0.02433	0.00463	0.00463	0.00695	0.00290	0.00290
102	0.01189	0.01027	0.01081	0.00973	0.01243	0.01189	0.00757	0.02540	0.79357	0.01999	0.01945	0.01783	0.01459	0.00648	0.00486	0.00162	0.00378	0.00540	0.00486	0.00757
103	0.01785	0.02278	0.01354	0.01231	0.01478	0.81284	0.00924	0.01909	0.01354	0.01170	0.00739	0.00862	0.00616	0.00493	0.00431	0.00123	0.00862	0.00308	0.00246	0.00554
104	0.01128	0.01289	0.02820	0.02015	0.02498	0.01209	0.78485	0.01531	0.01128	0.01531	0.00967	0.01289	0.00725	0.00403	0.00564	0.00161	0.00806	0.00564	0.00242	0.00645
105	0.00565	0.00484	0.00484	0.00484	0.00646	0.00403	0.00363	0.00686	0.01089	0.01291	0.04842	0.04600	0.80027	0.01210	0.00565	0.00161	0.00242	0.01009	0.00444	0.00403
106	0.01189	0.01027	0.01081	0.00973	0.01243	0.01189	0.00757	0.02540	0.79357	0.01999	0.01945	0.01783	0.01459	0.00648	0.00486	0.00162	0.00378	0.00540	0.00486	0.00757
107	0.01212	0.01117	0.01897	0.04799	0.75375	0.01118	0.01435	0.01493	0.01096	0.04509	0.00935	0.01202	0.00770	0.00433	0.00474	0.00143	0.00563	0.00428	0.00249	0.00754
108	0.01159	0.01335	0.02753	0.01978	0.02451	0.04910	0.74900	0.01548	0.01139	0.01514	0.00956	0.01270	0.00720	0.00407	0.00558	0.00159	0.00808	0.00552	0.00242	0.00640
109	0.00695	0.00463	0.00521	0.00521	0.00521	0.00463	0.00290	0.00695	0.00695	0.00927	0.01506	0.03128	0.01738	0.83203	0.02433	0.00463	0.00463	0.00695	0.00290	0.00290
110	0.00960	0.00908	0.01537	0.65826	0.19070	0.01077	0.01356	0.01272	0.00983	0.01291	0.00860	0.01256	0.00662	0.00467	0.00477	0.00156	0.00623	0.00425	0.00217	0.00577
111	0.00959	0.02472	0.80726	0.01362	0.02069	0.01110	0.01766	0.01514	0.01009	0.01514	0.00858	0.01009	0.00605	0.00454	0.00454	0.00151	0.00706	0.00353	0.00202	0.00706
112	0.00991	0.00850	0.00991	0.00708	0.01133	0.00637	0.00566	0.01203	0.00991	0.01557	0.00850	0.00991	0.00708	0.00354	0.00354	0.00071	0.00354	0.00283	0.00283	0.86124
113	0.00903	0.00850	0.01434	0.82054	0.03292	0.01062	0.01327	0.01221	0.00956	0.01221	0.00850	0.01274	0.00637	0.00478	0.00478	0.00159	0.00637	0.00425	0.00212	0.00531
114	0.00592	0.00426	0.00561	0.00652	0.00694	0.00395	0.00441	0.00691	0.00968	0.01297	0.10897	0.71440	0.06312	0.01431	0.00603	0.00188	0.00270	0.01293	0.00452	0.00395
115	0.00582	0.00416	0.00555	0.00666	0.00693	0.00388	0.00444	0.00666	0.00915	0.01220	0.02634	0.82891	0.03161	0.01497	0.00610	0.00194	0.00277	0.01359	0.00444	0.00388
116	0.00580	0.00481	0.00508	0.00510	0.00657	0.00409	0.00379	0.00712	0.01112	0.01366	0.14228	0.09298	0.65714	0.01199	0.00568	0.00162	0.00242	0.01012	0.00454	0.00409
117	0.00610	0.00486	0.00547	0.00531	0.00673	0.00423	0.00399	0.00773	0.01196	0.01544	0.35159	0.04184	0.49552	0.01116	0.00564	0.00157	0.00235	0.00950	0.00477	0.00423
118	0.01189	0.01027	0.01081	0.00973	0.01243	0.01189	0.00757	0.02540	0.79357	0.01999	0.01945	0.01783	0.01459	0.00648	0.00486	0.00162	0.00378	0.00540	0.00486	0.00757
119	0.01278	0.83490	0.02505	0.00818	0.01227	0.01891	0.00818	0.01431	0.00971	0.01125	0.00664	0.00767	0.00613	0.00409	0.00307	0.00102	0.00511	0.00256	0.00204	0.00613
120	0.00999	0.00857	0.00995	0.00719	0.01137	0.00660	0.00574	0.01259	0.04264	0.01576	0.00895	0.01024	0.00739	0.00366	0.00359	0.00075	0.00355	0.00294	0.00292	0.82559
121	0.00989	0.00896	0.01434	0.74391	0.03121	0.01102	0.01288	0.08548	0.01078	0.01391	0.00878	0.01262	0.00654	0.00487	0.00478	0.00158	0.00627	0.00425	0.00238	0.00558
122	0.01052	0.00885	0.00950	0.00866	0.01090	0.00990	0.00658	0.02064	0.57968	0.01816	0.06972	0.05854	0.04675	0.08535	0.00680	0.00189	0.00366	0.00623	0.00460	0.03308
123	0.01278	0.83490	0.02505	0.00818	0.01227	0.01891	0.00818	0.01431	0.00971	0.01125	0.00664	0.00767	0.00613	0.00409	0.00307	0.00102	0.00511	0.00256	0.00204	0.00613
124	0.01720	0.01192	0.01466	0.05122	0.05187	0.01294	0.04512	0.49295	0.01827	0.16418	0.01211	0.01240	0.00852	0.00574	0.00552	0.00150	0.05727	0.00444	0.00446	0.00770
125	0.01128	0.01289	0.02820	0.02015	0.02498	0.01209	0.78485	0.01531	0.01128	0.01531	0.00967	0.01289	0.00725	0.00403	0.00564	0.00161	0.00806	0.00564	0.00242	0.00645
126	0.01945	0.00889	0.01137	0.00865	0.01244	0.00799	0.00712	0.12493	0.01436	0.59475	0.01647	0.01477	0.01069	0.00557	0.00463	0.00137	0.00416	0.00447	0.00535	0.12256
127	0.00664	0.00488	0.00621	0.00588	0.00706	0.00446	0.00441	0.00878	0.01323	0.01846	0.71513	0.03686	0.13009	0.01003	0.00564	0.00152	0.00227	0.00881	0.00517	0.00446
128	0.01040	0.00989	0.01537	0.47112	0.24455	0.04782	0.01289	0.01320	0.00999	0.02676	0.00885	0.01252	0.00704	0.00627	0.04255	0.00183	0.04646	0.00424	0.00229	0.00595
129	0.00959	0.02472	0.80726	0.01362	0.02069	0.01110	0.01766	0.01514	0.01009	0.01514	0.00858	0.01009	0.00605	0.00454	0.00454	0.00151	0.00706	0.00353	0.00202	0.00706
130	0.01994	0.01055	0.01259	0.00965	0.01341	0.01061	0.00797	0.37434	0.01773	0.44876	0.01546	0.01406	0.01013	0.00583	0.00479	0.00146	0.00462	0.00457	0.00539	0.00813
131	0.01869	0.01165	0.01341	0.04770	0.01491	0.01239	0.00869	0.53118	0.01935	0.25218	0.01346	0.01291	0.00911	0.00574	0.00479	0.00145	0.00497	0.00445	0.00498	0.00800
132	0.00736	0.00517	0.00696	0.00687	0.00763	0.00575	0.00507	0.02953	0.00813	0.01181	0.01357	0.02150	0.01318	0.22372	0.52471	0.00616	0.00963	0.00548	0.08373	0.00406
133	0.00719	0.00520	0.00669	0.00620	0.00743	0.00490	0.00468	0.03811	0.01386	0.01958	0.77019	0.03480	0.04371	0.00962	0.00561	0.00150	0.00237	0.00848	0.00524	0.00465
134	0.01785	0.02278	0.01354	0.01231	0.01478	0.81284	0.00924	0.01909	0.01354	0.01170	0.00739	0.00862	0.00616	0.00493	0.00431	0.00123	0.00862	0.00308	0.00246	0.00554
135	0.00641	0.00483	0.00596	0.00594	0.00711	0.00437	0.00447	0.00822	0.01216	0.01637	0.45917	0.12870	0.24799	0.01121	0.00575	0.00163	0.00249	0.05801	0.00489	0.00430
136	0.00991	0.00850	0.00991	0.00708	0.01133	0.00637	0.00566	0.01203	0.00991	0.01557	0.00850	0.00991	0.00708	0.00354	0.00354	0.00071	0.00354	0.00283	0.00283	0.86124
137	0.00718	0.00539	0.00671	0.00629	0.00760	0.00518	0.00474	0.01043	0.08720	0.01885	0.67806	0.03467	0.09023	0.00961	0.00556	0.00152	0.00241	0.00843	0.00517	0.00477
138	0.00567	0.00484	0.00487	0.00486	0.00647	0.00404	0.00365	0.00690	0.01094	0.01303	0.06209	0.04581	0.78652	0.01206	0.00565	0.00161	0.00242	0.01006	0.00445	0.00404
139	0.06047	0.00819	0.01090	0.00840	0.01206	0.00720	0.00694	0.02287	0.01342	0.76928	0.01829	0.01588	0.01152	0.00585	0.00472	0.00148	0.00405	0.00470	0.00578	0.00800
140	0.00673	0.00454	0.00528	0.00549	0.00555	0.00449	0.00320	0.00689	0.00738	0.00984	0.01726	0.18657	0.02015	0.67295	0.02078	0.00411	0.00427	0.00824	0.00320	0.00309
141	0.00946	0.00465	0.00483	0.00470	0.00594	0.00458	0.00355	0.01167	0.01030	0.05635	0.03765	0.01824	0.01315	0.00570	0.00348	0.00114	0.00232	0.00459	0.79306	0.00464
142	0.01301	0.79737	0.02451	0.00837	0.01238	0.05561	0.00823	0.01453	0.00989	0.01127	0.00668	0.00771	0.00613	0.00413	0.00312	0.00103	0.00527	0.00258	0.00206	0.00611
143	0.01749	0.01305	0.01396	0.01086	0.01456	0.01450	0.00892	0.70394	0.10591	0.02903	0.01234	0.01216	0.00883	0.00582	0.00479	0.00145	0.00510	0.00442	0.00479	0.00807
144	0.01278	0.83490	0.02505	0.00818	0.01227	0.01891	0.00818	0.01431	0.00971	0.01125	0.00664	0.00767	0.00613	0.00409	0.00307	0.00102	0.00511	0.00256	0.00204	0.00613
145	0.01838	0.01305	0.01414	0.01084	0.01466	0.01433	0.00895	0.73775	0.02191	0.07943	0.01194	0.01178	0.00836	0.00575	0.00478	0.00144	0.00518	0.00434	0.00485	0.00813
146	0.00991	0.00850	0.00991	0.00708	0.01133	0.00637	0.00566	0.01203	0.00991	0.01557	0.00850	0.00991	0.00708	0.00354	0.00354	0.00071	0.00354	0.00283	0.00283	0.86124
147	0.00601	0.00425	0.00566	0.00674	0.00709	0.00400	0.00462	0.00696	0.00929	0.01246	0.02604	0.76189	0.03093	0.01466	0.00607	0.00194	0.00286	0.06149	0.02310	0.00393
148	0.01122	0.06555	0.09848	0.15044	0.05368	0.02488	0.47548	0.01495	0.01087	0.03389	0.00934	0.01225	0.00703	0.00427	0.00516	0.00155	0.00732	0.00490	0.00239	0.00637
149	0.00750	0.00595	0.00766	0.00746	0.00803	0.03126	0.00549	0.00861	0.00761	0.01058	0.01280	0.02165	0.01299	0.27845	0.48021	0.00609	0.07553	0.00555	0.00262	0.00396
150	0.00670	0.00488	0.00630	0.00595	0.00710	0.00448	0.00446	0.00890	0.01338	0.01882	0.75790	0.03628	0.08711	0.00990	0.00564	0.00151	0.00226	0.00872	0.00522	0.00448
151	0.01278	0.83490	0.02505	0.00818	0.01227	0.01891	0.00818	0.01431	0.00971	0.01125	0.00664	0.00767	0.00613	0.00409	0.00307	0.00102	0.00511	0.00256	0.00204	0.00613
152	0.00690	0.00482	0.00593	0.00565	0.00684	0.00444	0.00424	0.00901	0.01272	0.01816	0.59711	0.03470	0.14029	0.00952	0.00534	0.00147	0.00227	0.00828	0.11786	0.00444
153	0.02144	0.00813	0.01109	0.00850	0.01220	0.00702	0.00702	0.02329	0.01368	0.80552	0.01886	0.01627	0.01183	0.00592	0.00481	0.00148	0.00407	0.00481	0.00592	0.00813
154	0.00565	0.00484	0.00484	0.00484	0.00646	0.00403	0.00363	0.00686	0.01089	0.01291	0.04842	0.04600	0.80027	0.01210	0.00565	0.00161	0.00242	0.01009	0.00444	0.00403
155	0.00991	0.00850	0.00991	0.00708	0.01133	0.00637	0.00566	0.01203	0.00991	0.01557	0.00850	0.00991	0.00708	0.00354	0.00354	0.00071	0.00354	0.00283	0.00283	0.86124
156	0.05003	0.00796	0.01002	0.00793	0.01109	0.00740	0.00648	0.09456	0.01380	0.53976	0.06688	0.01694	0.01340	0.00604	0.00458	0.00142	0.00379	0.00487	0.12577	0.00727
157	0.01785	0.02278	0.01354	0.01231	0.01478	0.81284	0.00924	0.01909	0.01354	0.01170	0.00739	0.00862	0.00616	0.00493	0.00431	0.00123	0.00862	0.00308	0.00246	0.00554
158	0.01729	0.02160	0.01329	0.01207	0.01455	0.73702	0.00908	0.01968	0.08738	0.01248	0.00853	0.00949	0.00695	0.00507	0.00436	0.00127	0.00816	0.00330	0.00269	0.00573
159	0.01170	0.01122	0.01917	0.06591	0.76665	0.01132	0.01460	0.01456	0.01082	0.01546	0.00897	0.01187	0.00752	0.00428	0.00473	0.00143	0.00571	0.00426	0.00235	0.00747
160	0.86579	0.00924	0.00702	0.00629	0.00924	0.01072	0.00518	0.01405	0.00813	0.02144	0.00666	0.00776	0.00518	0.00444	0.00296	0.00148	0.00370	0.00259	0.00296	0.00518
161	0.01141	0.01093	0.01864	0.14792	0.68691	0.01125	0.01446	0.01430	0.01068	0.01510	0.00892	0.01197	0.00739	0.00434	0.00474	0.00145	0.00578	0.00426	0.00233	0.00723
162	0.00676	0.00531	0.00716	0.00764	0.00798	0.00583	0.00548	0.00802	0.03003	0.01216	0.02193	0.60609	0.02560	0.03204	0.07533	0.00249	0.12086	0.01118	0.00393	0.00419
163	0.01817	0.01339	0.01434	0.01100	0.01482	0.01482	0.00908	0.78627	0.02247	0.03012	0.01148	0.01148	0.00813	0.00574	0.00478	0.00143	0.00526	0.00430	0.00478	0.00813
164	0.00565	0.00484	0.00484	0.00484	0.00646	0.00403	0.00363	0.00686	0.01089	0.01291	0.04842	0.04600	0.80027	0.01210	0.00565	0.00161	0.00242	0.01009	0.00444	0.00403
165	0.86579	0.00924	0.00702	0.00629	0.00924	0.01072	0.00518	0.01405	0.00813	0.02144	0.00666	0.00776	0.00518	0.00444	0.00296	0.00148	0.00370	0.00259	0.00296	0.00518
166	0.00582	0.00416	0.00555	0.00666	0.00693	0.00388	0.00444	0.00666	0.00915	0.01220	0.02634	0.82891	0.03161	0.01497	0.00610	0.00194	0.00277	0.01359	0.00444	0.00388
167	0.00671	0.00463	0.00613	0.00697	0.00765	0.00436	0.00513	0.00799	0.01004	0.03271	0.07616	0.53701	0.07351	0.01372	0.00607	0.00192	0.00309	0.17250	0.01953	0.00415
168	0.00691	0.00516	0.00768	0.00779	0.00866	0.00593	0.00614	0.00866	0.00800	0.01140	0.01399	0.02210	0.01342	0.03370	0.73675	0.00716	0.01201	0.07752	0.00273	0.00428
169	0.00827	0.00417	0.00625	0.00625	0.00627	0.00419	0.00419	0.00627	0.00625	0.00836	0.00839	0.01461	0.00837	0.01697	0.03385	0.84465	0.00432	0.00417	0.00208	0.00212
170	0.00620	0.00438	0.00576	0.00673	0.00707	0.00418	0.00463	0.00709	0.00909	0.01207	0.02475	0.63120	0.02926	0.12133	0.00854	0.00232	0.00321	0.10415	0.00423	0.00382
171	0.00582	0.00416	0.00555	0.00666	0.00693	0.00388	0.00444	0.00666	0.00915	0.01220	0.02634	0.82891	0.03161	0.01497	0.00610	0.00194	0.00277	0.01359	0.00444	0.00388
172	0.02098	0.00889	0.01156	0.00886	0.01258	0.00814	0.00732	0.13244	0.01494	0.69459	0.01780	0.01558	0.01130	0.00589	0.00480	0.00147	0.00424	0.00473	0.00575	0.00813
173	0.00903	0.00850	0.01434	0.82054	0.03292	0.01062	0.01327	0.01221	0.00956	0.01221	0.00850	0.01274	0.00637	0.00478	0.00478	0.00159	0.00637	0.00425	0.00212	0.00531
174	0.00959	0.02472	0.80726	0.01362	0.02069	0.01110	0.01766	0.01514	0.01009	0.01514	0.00858	0.01009	0.00605	0.00454	0.00454	0.00151	0.00706	0.00353	0.00202	0.00706
175	0.00669	0.00490	0.00628	0.00597	0.00714	0.00449	0.00450	0.00885	0.01325	0.01852	0.71761	0.03699	0.11020	0.01005	0.00566	0.00153	0.00232	0.02541	0.00517	0.00447
176	0.00589	0.00421	0.00563	0.00674	0.00704	0.00394	0.00456	0.00678	0.00922	0.01228	0.02630	0.79990	0.03146	0.01491	0.00612	0.00195	0.00283	0.04190	0.00444	0.00390
177	0.00888	0.00827	0.01383	0.76874	0.03128	0.01023	0.01272	0.01201	0.00981	0.01265	0.05881	0.01420	0.00883	0.00510	0.00483	0.00159	0.00611	0.00453	0.00232	0.00526
178	0.00618	0.00449	0.00591	0.00691	0.00747	0.00422	0.00501	0.00732	0.00968	0.01268	0.02823	0.60157	0.10356	0.01435	0.00616	0.00196	0.00306	0.16282	0.00443	0.00400
179	0.00903	0.00850	0.01434	0.82054	0.03292	0.01062	0.01327	0.01221	0.00956	0.01221	0.00850	0.01274	0.00637	0.00478	0.00478	0.00159	0.00637	0.00425	0.00212	0.00531
180	0.86579	0.00924	0.00702	0.00629	0.00924	0.01072	0.00518	0.01405	0.00813	0.02144	0.00666	0.00776	0.00518	0.00444	0.00296	0.00148	0.00370	0.00259	0.00296	0.00518
181	0.01189	0.01101	0.06151	0.01013	0.03405	0.01131	0.00817	0.12604	0.52571	0.02026	0.03772	0.01938	0.08803	0.00680	0.00492	0.00158	0.00408	0.00562	0.00457	0.00721
182	0.00707	0.00507	0.00581	0.00551	0.00708	0.00440	0.00417	0.00871	0.01205	0.06563	0.32504	0.04029	0.47019	0.01085	0.00559	0.00156	0.00246	0.00922	0.00484	0.00447
183	0.01743	0.07862	0.01491	0.01057	0.01440	0.03420	0.00882	0.65453	0.02048	0.04446	0.01102	0.01114	0.00796	0.00549	0.00458	0.00136	0.00523	0.00408	0.00444	0.04628
184	0.00900	0.00841	0.01404	0.76163	0.03132	0.01049	0.01294	0.01209	0.00956	0.01229	0.00921	0.01459	0.00735	0.00526	0.00515	0.00163	0.02790	0.03964	0.00223	0.00527
185	0.01591	0.15450	0.04392	0.00934	0.01265	0.06277	0.00804	0.08883	0.13952	0.29991	0.05273	0.02859	0.01208	0.00602	0.00504	0.00144	0.04264	0.00462	0.00436	0.00710

[dist]
# distance from previous block
# <min> <max>
0	1

[block]
# block no. 1 follows, 53 sequences, length 25
# corresponding to MSA columns:
# 921-945
name=unknown_B
#
# <colnr> <probs for GDERKNQSTAVLIFYWHMCP>
#	G	D	E	R	K	N	Q	S	T	A	V	L	I	F	Y	W	H	M	C	P
0	0.01121	0.14329	0.17844	0.00917	0.01390	0.00973	0.03069	0.01435	0.03543	0.07018	0.00933	0.01038	0.00730	0.00411	0.00386	0.00103	0.00469	0.00323	0.00281	0.43689
1	0.00830	0.00415	0.00623	0.00623	0.00623	0.00415	0.00415	0.00623	0.00623	0.00830	0.00830	0.01453	0.00830	0.01660	0.01868	0.86094	0.00415	0.00415	0.00208	0.00208
2	0.01209	0.52266	0.24238	0.00985	0.01465	0.03081	0.01077	0.05878	0.01066	0.01347	0.00865	0.00966	0.02862	0.00455	0.00367	0.00120	0.00566	0.00315	0.00227	0.00644
3	0.00857	0.00529	0.00692	0.00628	0.00775	0.00481	0.00479	0.01073	0.01344	0.11823	0.66885	0.03369	0.07327	0.00938	0.00553	0.00150	0.00249	0.00822	0.00531	0.00495
4	0.01369	0.00795	0.00964	0.00737	0.01082	0.00676	0.00594	0.06537	0.01215	0.26246	0.06574	0.01471	0.01182	0.00509	0.00413	0.00110	0.00356	0.00413	0.11217	0.37539
5	0.00676	0.00489	0.00639	0.00601	0.00714	0.00451	0.00451	0.00902	0.01353	0.01917	0.79969	0.03570	0.04510	0.00977	0.00564	0.00150	0.00225	0.00864	0.00526	0.00451
6	0.01278	0.83490	0.02505	0.00818	0.01227	0.01891	0.00818	0.01431	0.00971	0.01125	0.00664	0.00767	0.00613	0.00409	0.00307	0.00102	0.00511	0.00256	0.00204	0.00613
7	0.00582	0.00416	0.00555	0.00666	0.00693	0.00388	0.00444	0.00666	0.00915	0.01220	0.02634	0.82891	0.03161	0.01497	0.00610	0.00194	0.00277	0.01359	0.00444	0.00388
8	0.00695	0.00463	0.00521	0.00521	0.00521	0.00463	0.00290	0.00695	0.00695	0.00927	0.01506	0.03128	0.01738	0.83203	0.02433	0.00463	0.00463	0.00695	0.00290	0.00290
9	0.00669	0.00452	0.00529	0.00555	0.00561	0.00446	0.00325	0.00688	0.00746	0.00995	0.01767	0.21608	0.02067	0.64273	0.02010	0.00401	0.00420	0.00849	0.00325	0.00312
10	0.00940	0.00656	0.00950	0.00875	0.00980	0.00783	0.00700	0.01099	0.00837	0.11153	0.01227	0.01681	0.01081	0.02660	0.55253	0.00579	0.17276	0.00489	0.00289	0.00495
11	0.00903	0.00850	0.01434	0.82054	0.03292	0.01062	0.01327	0.01221	0.00956	0.01221	0.00850	0.01274	0.00637	0.00478	0.00478	0.00159	0.00637	0.00425	0.00212	0.00531
12	0.01230	0.71326	0.14248	0.00900	0.01353	0.01774	0.00960	0.01444	0.00977	0.01183	0.00694	0.00803	0.00612	0.00416	0.00329	0.00110	0.00540	0.00270	0.00204	0.00627
13	0.00984	0.00797	0.00940	0.00696	0.01076	0.00611	0.00552	0.01190	0.01034	0.04473	0.07083	0.03405	0.03892	0.00469	0.00389	0.00086	0.00340	0.00387	0.00323	0.71272
14	0.01022	0.11173	0.62210	0.01501	0.11848	0.01199	0.01624	0.01499	0.01015	0.01477	0.00842	0.01005	0.00625	0.00446	0.00440	0.00145	0.00667	0.00352	0.00207	0.00703
15	0.00959	0.02472	0.80726	0.01362	0.02069	0.01110	0.01766	0.01514	0.01009	0.01514	0.00858	0.01009	0.00605	0.00454	0.00454	0.00151	0.00706	0.00353	0.00202	0.00706
16	0.00579	0.00429	0.00541	0.00631	0.00684	0.00391	0.00428	0.00669	0.00949	0.01234	0.03058	0.67864	0.17914	0.01442	0.00601	0.00188	0.00271	0.01292	0.00444	0.00391
17	0.01162	0.01744	0.39393	0.01999	0.35940	0.01085	0.01541	0.01566	0.01076	0.08593	0.00967	0.01140	0.00723	0.00454	0.00465	0.00147	0.00619	0.00396	0.00252	0.00738
18	0.01179	0.01285	0.11848	0.05027	0.65336	0.01115	0.01474	0.01495	0.01084	0.04260	0.00926	0.01179	0.00749	0.00437	0.00471	0.00144	0.00582	0.00419	0.00244	0.00746
19	0.01804	0.03761	0.03938	0.01016	0.01386	0.03541	0.06326	0.15079	0.08806	0.44143	0.01611	0.01585	0.01109	0.00590	0.00484	0.00150	0.00481	0.02928	0.00496	0.00766
20	0.01038	0.05912	0.64431	0.01401	0.02054	0.01143	0.11375	0.01542	0.01036	0.04407	0.00901	0.01056	0.00642	0.00451	0.00462	0.00150	0.00699	0.00380	0.00221	0.00698
21	0.01005	0.02234	0.68320	0.06712	0.06891	0.01096	0.01687	0.01517	0.01021	0.03901	0.00891	0.01056	0.00634	0.00458	0.00458	0.00151	0.00684	0.00366	0.00216	0.00701
22	0.01667	0.02804	0.24184	0.01152	0.06663	0.00874	0.02663	0.01970	0.01234	0.47570	0.03402	0.01445	0.01051	0.00543	0.00473	0.00148	0.00509	0.00447	0.00440	0.00763
23	0.01258	0.01172	0.04872	0.01574	0.02006	0.01053	0.48637	0.06594	0.01225	0.12502	0.05023	0.04034	0.01053	0.00502	0.00531	0.00152	0.00654	0.00558	0.00327	0.06272
24	0.06036	0.00864	0.01109	0.00927	0.03902	0.00826	0.00723	0.06842	0.08304	0.55795	0.04229	0.01652	0.01251	0.03112	0.00554	0.00159	0.01937	0.00488	0.00530	0.00759

[dist]
# distance from previous block
# <min> <max>
0	716

# created by:
# /home/berkeley/.conda/envs/busco_data_prod/bin/msa2prfl.pl pipeline/OGs_align_augustus/33634/153603.fs
