[name]
unknown

[dist]
# distance from previous block
# <min> <max>
0	25

[block]
# block no. 0 follows, 51 sequences, length 37
# corresponding to MSA columns:
# 26-62
name=unknown_A
#
# <colnr> <probs for GDERKNQSTAVLIFYWHMCP>
#	G	D	E	R	K	N	Q	S	T	A	V	L	I	F	Y	W	H	M	C	P
0	0.00876	0.10357	0.00940	0.00710	0.00879	0.03580	0.00575	0.01088	0.01298	0.04796	0.50568	0.03446	0.07249	0.00960	0.00553	0.00158	0.00327	0.10663	0.00478	0.00498
1	0.01696	0.11493	0.04485	0.01227	0.01560	0.45088	0.05012	0.18151	0.03874	0.01661	0.00895	0.00995	0.00708	0.00513	0.00448	0.00133	0.00746	0.00360	0.00305	0.00651
2	0.01192	0.02899	0.11144	0.00966	0.03852	0.00928	0.00841	0.16169	0.01274	0.01876	0.00932	0.01054	0.00735	0.00424	0.00405	0.00101	0.00454	0.00334	0.00316	0.54105
3	0.01194	0.01145	0.01954	0.09142	0.73714	0.01162	0.01497	0.01488	0.01108	0.01578	0.00920	0.01224	0.00769	0.00442	0.00487	0.00147	0.00589	0.00438	0.00241	0.00760
4	0.02205	0.00836	0.01140	0.00874	0.01254	0.00722	0.00722	0.02395	0.01407	0.80004	0.01939	0.01673	0.01216	0.00608	0.00494	0.00152	0.00418	0.00494	0.00608	0.00836
5	0.00704	0.00520	0.00755	0.00755	0.00831	0.00595	0.00571	0.00855	0.00780	0.01115	0.01348	0.02106	0.01305	0.14476	0.70095	0.00747	0.01202	0.00552	0.00268	0.00420
6	0.01019	0.00873	0.01019	0.00728	0.01165	0.00655	0.00582	0.01237	0.01019	0.01601	0.00873	0.01019	0.00728	0.00364	0.00364	0.00073	0.00364	0.00291	0.00291	0.85734
7	0.00599	0.00428	0.00570	0.00684	0.00713	0.00399	0.00456	0.00684	0.00941	0.01254	0.02709	0.82409	0.03250	0.01540	0.00627	0.00200	0.00285	0.01397	0.00456	0.00399
8	0.02150	0.00858	0.01146	0.00886	0.01261	0.00763	0.00729	0.03939	0.05180	0.74662	0.01926	0.01670	0.01223	0.00611	0.00494	0.00153	0.00419	0.00496	0.00601	0.00833
9	0.13415	0.56398	0.04920	0.00830	0.01246	0.01634	0.00806	0.03877	0.01021	0.01433	0.00728	0.00838	0.00634	0.00426	0.00330	0.00111	0.00494	0.00276	0.00242	0.10341
10	0.01988	0.01075	0.07364	0.00957	0.01370	0.00905	0.00841	0.16780	0.01532	0.55328	0.01659	0.01497	0.01073	0.00582	0.00485	0.00148	0.00463	0.00464	0.00539	0.04948
11	0.01177	0.21038	0.30021	0.01831	0.27967	0.04158	0.04186	0.01535	0.01073	0.01466	0.00849	0.01044	0.00682	0.00446	0.00441	0.00140	0.00640	0.00371	0.00223	0.00713
12	0.00609	0.00435	0.00582	0.00696	0.00729	0.00408	0.00474	0.00702	0.00951	0.01266	0.02703	0.78360	0.03228	0.01530	0.00630	0.00201	0.00294	0.05345	0.00456	0.00402
13	0.01303	0.01107	0.01222	0.01055	0.01356	0.01262	0.03570	0.12285	0.66139	0.02173	0.01858	0.01731	0.01387	0.00648	0.00502	0.00164	0.00424	0.00542	0.00490	0.00781
14	0.00797	0.00550	0.00678	0.00629	0.00780	0.00507	0.00477	0.01060	0.05088	0.06969	0.55379	0.03667	0.19528	0.01011	0.00570	0.00157	0.00255	0.00877	0.00526	0.00493
15	0.06217	0.01163	0.01301	0.01110	0.05164	0.02540	0.00857	0.34804	0.18562	0.20856	0.01492	0.01415	0.01048	0.00595	0.00483	0.00153	0.00478	0.00468	0.00495	0.00800
16	0.00587	0.00475	0.00521	0.00558	0.00680	0.00410	0.00400	0.00698	0.01062	0.01304	0.04244	0.29845	0.54822	0.01340	0.00596	0.00177	0.00261	0.01154	0.00456	0.00410
17	0.00599	0.00428	0.00570	0.00684	0.00713	0.00399	0.00456	0.00684	0.00941	0.01254	0.02709	0.82409	0.03250	0.01540	0.00627	0.00200	0.00285	0.01397	0.00456	0.00399
18	0.01288	0.76747	0.08629	0.00885	0.01329	0.01882	0.00917	0.01478	0.01002	0.01187	0.00699	0.00808	0.00630	0.00424	0.00327	0.00109	0.00541	0.00271	0.00210	0.00638
19	0.00608	0.00434	0.00581	0.00695	0.00728	0.00407	0.00472	0.00700	0.00950	0.01265	0.02703	0.78683	0.03230	0.01531	0.00630	0.00201	0.00293	0.05030	0.00456	0.00402
20	0.00705	0.00522	0.00660	0.00622	0.00748	0.00487	0.00467	0.00969	0.04150	0.01918	0.70211	0.03696	0.10969	0.01013	0.00577	0.00156	0.00239	0.00890	0.00532	0.00471
21	0.01160	0.01326	0.02900	0.02071	0.02568	0.01243	0.77879	0.01574	0.01160	0.01574	0.00994	0.01326	0.00746	0.00414	0.00580	0.00166	0.00829	0.00580	0.00249	0.00663
22	0.01186	0.01323	0.02816	0.02019	0.02502	0.01259	0.73318	0.04551	0.01197	0.01626	0.00994	0.01315	0.00747	0.00430	0.00597	0.00166	0.02460	0.00572	0.00257	0.00667
23	0.02179	0.00878	0.01167	0.00894	0.01276	0.00785	0.00739	0.08294	0.01477	0.74005	0.01880	0.01634	0.01187	0.00607	0.00494	0.00152	0.00428	0.00490	0.00599	0.00836
24	0.01423	0.01080	0.01130	0.00972	0.01265	0.03688	0.00768	0.15640	0.48736	0.09704	0.01777	0.01673	0.01308	0.00634	0.00483	0.00156	0.00420	0.00514	0.07869	0.00759
25	0.01811	0.02256	0.01455	0.01291	0.01560	0.73812	0.03952	0.05634	0.01428	0.01309	0.00789	0.00918	0.00647	0.00507	0.00451	0.00129	0.00867	0.00333	0.00265	0.00586
26	0.00694	0.00519	0.00773	0.00782	0.00865	0.00597	0.00602	0.00862	0.00802	0.01150	0.01425	0.08208	0.01386	0.03518	0.74530	0.00744	0.01236	0.00594	0.00278	0.00436
27	0.01197	0.01148	0.01960	0.08174	0.74654	0.01163	0.01499	0.01492	0.01110	0.01583	0.00921	0.01222	0.00770	0.00441	0.00487	0.00147	0.00588	0.00438	0.00242	0.00763
28	0.01160	0.01326	0.02900	0.02071	0.02568	0.01243	0.77879	0.01574	0.01160	0.01574	0.00994	0.01326	0.00746	0.00414	0.00580	0.00166	0.00829	0.00580	0.00249	0.00663
29	0.00705	0.00539	0.00626	0.00665	0.00779	0.00515	0.00474	0.00970	0.10782	0.03053	0.03366	0.44480	0.28593	0.01311	0.00593	0.00183	0.00289	0.01151	0.00465	0.00461
30	0.01209	0.01160	0.01981	0.05015	0.77723	0.01166	0.01505	0.01502	0.01116	0.01597	0.00923	0.01219	0.00775	0.00439	0.00487	0.00146	0.00586	0.00438	0.00243	0.00773
31	0.01216	0.01168	0.01995	0.03016	0.79664	0.01168	0.01508	0.01508	0.01119	0.01605	0.00924	0.01216	0.00778	0.00438	0.00487	0.00146	0.00584	0.00438	0.00243	0.00778
32	0.86201	0.00950	0.00722	0.00646	0.00950	0.01102	0.00532	0.01445	0.00836	0.02205	0.00684	0.00798	0.00532	0.00456	0.00304	0.00152	0.00380	0.00266	0.00304	0.00532
33	0.02205	0.00836	0.01140	0.00874	0.01254	0.00722	0.00722	0.02395	0.01407	0.80004	0.01939	0.01673	0.01216	0.00608	0.00494	0.00152	0.00418	0.00494	0.00608	0.00836
34	0.01836	0.02342	0.01393	0.01266	0.01519	0.80756	0.00950	0.01962	0.01393	0.01203	0.00760	0.00886	0.00633	0.00506	0.00443	0.00127	0.00886	0.00317	0.00253	0.00570
35	0.00986	0.02542	0.80183	0.01401	0.02127	0.01141	0.01816	0.01556	0.01038	0.01556	0.00882	0.01038	0.00623	0.00467	0.00467	0.00156	0.00726	0.00363	0.00208	0.00726
36	0.05151	0.00860	0.01138	0.00876	0.01254	0.00765	0.00723	0.05112	0.01419	0.74467	0.01867	0.01624	0.01179	0.00602	0.00487	0.00152	0.00421	0.00484	0.00593	0.00826

[dist]
# distance from previous block
# <min> <max>
0	10

[block]
# block no. 1 follows, 51 sequences, length 38
# corresponding to MSA columns:
# 73-110
name=unknown_B
#
# <colnr> <probs for GDERKNQSTAVLIFYWHMCP>
#	G	D	E	R	K	N	Q	S	T	A	V	L	I	F	Y	W	H	M	C	P
0	0.01222	0.01056	0.01111	0.01000	0.01278	0.01222	0.00778	0.02611	0.78776	0.02056	0.02000	0.01833	0.01500	0.00667	0.00500	0.00167	0.00389	0.00556	0.00500	0.00778
1	0.01216	0.01168	0.01995	0.03016	0.79664	0.01168	0.01508	0.01508	0.01119	0.01605	0.00924	0.01216	0.00778	0.00438	0.00487	0.00146	0.00584	0.00438	0.00243	0.00778
2	0.01305	0.01078	0.01144	0.01008	0.01299	0.01236	0.00790	0.09232	0.70032	0.04188	0.01926	0.01772	0.01434	0.00658	0.00499	0.00165	0.00403	0.00544	0.00502	0.00784
3	0.00599	0.00428	0.00570	0.00684	0.00713	0.00399	0.00456	0.00684	0.00941	0.01254	0.02709	0.82409	0.03250	0.01540	0.00627	0.00200	0.00285	0.01397	0.00456	0.00399
4	0.01836	0.02342	0.01393	0.01266	0.01519	0.80756	0.00950	0.01962	0.01393	0.01203	0.00760	0.00886	0.00633	0.00506	0.00443	0.00127	0.00886	0.00317	0.00253	0.00570
5	0.00928	0.00873	0.01474	0.81548	0.03385	0.01092	0.01365	0.01256	0.00983	0.01256	0.00873	0.01310	0.00655	0.00491	0.00491	0.00164	0.00655	0.00437	0.00218	0.00546
6	0.86201	0.00950	0.00722	0.00646	0.00950	0.01102	0.00532	0.01445	0.00836	0.02205	0.00684	0.00798	0.00532	0.00456	0.00304	0.00152	0.00380	0.00266	0.00304	0.00532
7	0.00655	0.00576	0.00681	0.05196	0.07633	0.00517	0.00526	0.00805	0.01112	0.01348	0.04402	0.04237	0.68316	0.01133	0.00568	0.00164	0.00300	0.00952	0.00425	0.00453
8	0.01923	0.01289	0.01420	0.01089	0.01480	0.01394	0.00900	0.65739	0.02164	0.15591	0.01303	0.01260	0.00898	0.00593	0.00492	0.00148	0.00521	0.00451	0.00511	0.00836
9	0.01070	0.04397	0.71503	0.01364	0.02054	0.01194	0.01716	0.08154	0.01146	0.01680	0.00903	0.01044	0.00641	0.00476	0.00465	0.00154	0.00705	0.00368	0.00232	0.00733
10	0.00697	0.00477	0.00571	0.00603	0.00626	0.00469	0.00384	0.00744	0.00823	0.01092	0.03538	0.18546	0.03902	0.55484	0.01877	0.00385	0.00428	0.08663	0.00352	0.00339
11	0.00590	0.00498	0.00511	0.00508	0.00670	0.00419	0.00381	0.00723	0.01142	0.01380	0.11056	0.04643	0.73354	0.01225	0.00581	0.00165	0.00248	0.01025	0.00463	0.00419
12	0.00665	0.00501	0.00615	0.00586	0.00716	0.00451	0.00440	0.00869	0.01319	0.01801	0.59718	0.03951	0.24430	0.01068	0.00580	0.00158	0.00236	0.00928	0.00519	0.00451
13	0.00761	0.00544	0.00756	0.00870	0.00969	0.00539	0.00738	0.00965	0.01101	0.01436	0.02619	0.17833	0.02896	0.01387	0.00671	0.00222	0.00426	0.64371	0.00453	0.00444
14	0.02130	0.00920	0.01188	0.00915	0.01294	0.00851	0.00754	0.13296	0.03625	0.66821	0.01831	0.01606	0.01169	0.00607	0.00494	0.00152	0.00435	0.00488	0.00589	0.00835
15	0.02205	0.00836	0.01140	0.00874	0.01254	0.00722	0.00722	0.02395	0.01407	0.80004	0.01939	0.01673	0.01216	0.00608	0.00494	0.00152	0.00418	0.00494	0.00608	0.00836
16	0.01314	0.83025	0.02575	0.00841	0.01261	0.01945	0.00841	0.01472	0.00999	0.01156	0.00683	0.00788	0.00631	0.00420	0.00315	0.00105	0.00526	0.00263	0.00210	0.00631
17	0.01802	0.00926	0.01128	0.00926	0.01264	0.00927	0.00745	0.02484	0.33134	0.48040	0.01964	0.01739	0.01333	0.00632	0.00497	0.00158	0.00406	0.00519	0.00564	0.00812
18	0.00999	0.04369	0.76339	0.01377	0.02085	0.01162	0.01766	0.01582	0.03048	0.01560	0.00906	0.01052	0.00645	0.00471	0.00464	0.00155	0.00713	0.00366	0.00215	0.00725
19	0.01019	0.00873	0.01019	0.00728	0.01165	0.00655	0.00582	0.01237	0.01019	0.01601	0.00873	0.01019	0.00728	0.00364	0.00364	0.00073	0.00364	0.00291	0.00291	0.85734
20	0.00595	0.00442	0.00555	0.00646	0.00703	0.00402	0.00439	0.00689	0.00978	0.01270	0.03178	0.66337	0.19018	0.01479	0.00618	0.00193	0.00278	0.01323	0.00456	0.00402
21	0.01053	0.02448	0.75814	0.01372	0.02079	0.01118	0.01755	0.01603	0.01058	0.05893	0.00940	0.01073	0.00655	0.00475	0.00468	0.00155	0.00709	0.00370	0.00230	0.00732
22	0.00581	0.00498	0.00498	0.00498	0.00664	0.00415	0.00373	0.00705	0.01120	0.01328	0.04978	0.04729	0.79464	0.01245	0.00581	0.00166	0.00249	0.01037	0.00456	0.00415
23	0.00603	0.00434	0.00572	0.00674	0.00712	0.00403	0.00453	0.00697	0.00969	0.01292	0.06508	0.75653	0.06206	0.01503	0.00623	0.00196	0.00281	0.01359	0.00460	0.00403
24	0.00599	0.00428	0.00570	0.00684	0.00713	0.00399	0.00456	0.00684	0.00941	0.01254	0.02709	0.82409	0.03250	0.01540	0.00627	0.00200	0.00285	0.01397	0.00456	0.00399
25	0.01075	0.01075	0.01505	0.01290	0.01290	0.01505	0.01075	0.01183	0.00753	0.01183	0.00645	0.01075	0.00645	0.00860	0.01613	0.00215	0.81830	0.00430	0.00215	0.00538
26	0.00597	0.00434	0.00564	0.00668	0.00709	0.00401	0.00449	0.00686	0.00956	0.01261	0.02904	0.75704	0.09828	0.01514	0.00623	0.00197	0.00282	0.01366	0.00456	0.00401
27	0.01019	0.00873	0.01019	0.00728	0.01165	0.00655	0.00582	0.01237	0.01019	0.01601	0.00873	0.01019	0.00728	0.00364	0.00364	0.00073	0.00364	0.00291	0.00291	0.85734
28	0.00599	0.00428	0.00570	0.00684	0.00713	0.00399	0.00456	0.00684	0.00941	0.01254	0.02709	0.82409	0.03250	0.01540	0.00627	0.00200	0.00285	0.01397	0.00456	0.00399
29	0.00599	0.00428	0.00570	0.00684	0.00713	0.00399	0.00456	0.00684	0.00941	0.01254	0.02709	0.82409	0.03250	0.01540	0.00627	0.00200	0.00285	0.01397	0.00456	0.00399
30	0.00987	0.00479	0.00496	0.00481	0.00610	0.00473	0.00364	0.01214	0.01051	0.06153	0.01622	0.01823	0.01257	0.00575	0.00352	0.00117	0.00239	0.00460	0.80767	0.00479
31	0.00986	0.02542	0.80183	0.01401	0.02127	0.01141	0.01816	0.01556	0.01038	0.01556	0.00882	0.01038	0.00623	0.00467	0.00467	0.00156	0.00726	0.00363	0.00208	0.00726
32	0.01314	0.83025	0.02575	0.00841	0.01261	0.01945	0.00841	0.01472	0.00999	0.01156	0.00683	0.00788	0.00631	0.00420	0.00315	0.00105	0.00526	0.00263	0.00210	0.00631
33	0.01216	0.01168	0.01995	0.03016	0.79664	0.01168	0.01508	0.01508	0.01119	0.01605	0.00924	0.01216	0.00778	0.00438	0.00487	0.00146	0.00584	0.00438	0.00243	0.00778
34	0.01836	0.02342	0.01393	0.01266	0.01519	0.80756	0.00950	0.01962	0.01393	0.01203	0.00760	0.00886	0.00633	0.00506	0.00443	0.00127	0.00886	0.00317	0.00253	0.00570
35	0.05184	0.00526	0.00653	0.00614	0.00742	0.00495	0.00463	0.00944	0.01349	0.01952	0.71664	0.03571	0.08044	0.00987	0.00565	0.00155	0.00240	0.00863	0.00524	0.00465
36	0.01007	0.00857	0.01007	0.00737	0.01157	0.00650	0.00593	0.01226	0.01025	0.01594	0.00964	0.01257	0.00838	0.00416	0.00380	0.00081	0.00369	0.04289	0.00300	0.81252
37	0.00763	0.00571	0.00826	0.00808	0.00912	0.00662	0.00631	0.04932	0.00870	0.01244	0.01309	0.01891	0.01208	0.03523	0.76562	0.00756	0.01276	0.00522	0.00275	0.00460

[dist]
# distance from previous block
# <min> <max>
0	29

[block]
# block no. 2 follows, 51 sequences, length 48
# corresponding to MSA columns:
# 140-187
name=unknown_C
#
# <colnr> <probs for GDERKNQSTAVLIFYWHMCP>
#	G	D	E	R	K	N	Q	S	T	A	V	L	I	F	Y	W	H	M	C	P
0	0.00691	0.00502	0.00650	0.00613	0.00731	0.00462	0.00460	0.00918	0.01379	0.01943	0.76177	0.03717	0.07882	0.01015	0.00580	0.00155	0.00233	0.00895	0.00537	0.00462
1	0.00730	0.00502	0.00578	0.00569	0.00569	0.00521	0.00331	0.00735	0.00716	0.00963	0.01509	0.03123	0.01737	0.79179	0.02463	0.00465	0.04004	0.00702	0.00294	0.00308
2	0.00685	0.00494	0.00647	0.00626	0.00732	0.00456	0.00463	0.00900	0.01340	0.01890	0.70734	0.12572	0.04480	0.01065	0.00585	0.00160	0.00238	0.00946	0.00531	0.00456
3	0.01144	0.00898	0.01049	0.00767	0.01185	0.00721	0.00615	0.07432	0.01143	0.06274	0.01014	0.03479	0.00840	0.00431	0.00390	0.00087	0.00379	0.00348	0.00331	0.71474
4	0.03858	0.01345	0.01444	0.01109	0.01500	0.01482	0.00916	0.73167	0.02239	0.06192	0.01199	0.01191	0.00844	0.00588	0.00487	0.00148	0.00532	0.00440	0.00492	0.00829
5	0.01216	0.01168	0.01995	0.03016	0.79664	0.01168	0.01508	0.01508	0.01119	0.01605	0.00924	0.01216	0.00778	0.00438	0.00487	0.00146	0.00584	0.00438	0.00243	0.00778
6	0.00675	0.00515	0.00622	0.00605	0.00733	0.00472	0.00450	0.00907	0.04113	0.01734	0.49400	0.10808	0.24944	0.01105	0.00581	0.00162	0.00247	0.00962	0.00509	0.00456
7	0.02205	0.00836	0.01140	0.00874	0.01254	0.00722	0.00722	0.02395	0.01407	0.80004	0.01939	0.01673	0.01216	0.00608	0.00494	0.00152	0.00418	0.00494	0.00608	0.00836
8	0.00599	0.00428	0.00570	0.00684	0.00713	0.00399	0.00456	0.00684	0.00941	0.01254	0.02709	0.82409	0.03250	0.01540	0.00627	0.00200	0.00285	0.01397	0.00456	0.00399
9	0.86201	0.00950	0.00722	0.00646	0.00950	0.01102	0.00532	0.01445	0.00836	0.02205	0.00684	0.00798	0.00532	0.00456	0.00304	0.00152	0.00380	0.00266	0.00304	0.00532
10	0.00928	0.00873	0.01474	0.81548	0.03385	0.01092	0.01365	0.01256	0.00983	0.01256	0.00873	0.01310	0.00655	0.00491	0.00491	0.00164	0.00655	0.00437	0.00218	0.00546
11	0.02205	0.00836	0.01140	0.00874	0.01254	0.00722	0.00722	0.02395	0.01407	0.80004	0.01939	0.01673	0.01216	0.00608	0.00494	0.00152	0.00418	0.00494	0.00608	0.00836
12	0.00916	0.00458	0.00458	0.00458	0.00573	0.00458	0.00344	0.01145	0.01031	0.01832	0.01603	0.01832	0.01260	0.00573	0.00344	0.00115	0.00229	0.00458	0.85457	0.00458
13	0.86201	0.00950	0.00722	0.00646	0.00950	0.01102	0.00532	0.01445	0.00836	0.02205	0.00684	0.00798	0.00532	0.00456	0.00304	0.00152	0.00380	0.00266	0.00304	0.00532
14	0.00696	0.00502	0.00657	0.00618	0.00734	0.00464	0.00464	0.00927	0.01391	0.01971	0.79405	0.03671	0.04637	0.01005	0.00580	0.00155	0.00232	0.00889	0.00541	0.00464
15	0.01766	0.01326	0.01417	0.01110	0.01485	0.01476	0.00909	0.66046	0.14457	0.02932	0.01310	0.01284	0.00941	0.00602	0.00493	0.00151	0.00517	0.00460	0.00493	0.00827
16	0.00928	0.00873	0.01474	0.81548	0.03385	0.01092	0.01365	0.01256	0.00983	0.01256	0.00873	0.01310	0.00655	0.00491	0.00491	0.00164	0.00655	0.00437	0.00218	0.00546
17	0.01149	0.00903	0.01056	0.00763	0.01193	0.00715	0.00614	0.06243	0.01127	0.06685	0.00961	0.01071	0.00766	0.00394	0.00380	0.00083	0.00379	0.00314	0.00324	0.74880
18	0.00696	0.00502	0.00657	0.00618	0.00734	0.00464	0.00464	0.00927	0.01391	0.01971	0.79405	0.03671	0.04637	0.01005	0.00580	0.00155	0.00232	0.00889	0.00541	0.00464
19	0.00593	0.00498	0.00515	0.00511	0.00671	0.00420	0.00383	0.00729	0.01149	0.01397	0.13007	0.04615	0.71392	0.01219	0.00581	0.00165	0.00247	0.01021	0.00465	0.00420
20	0.02051	0.01084	0.01294	0.00992	0.01378	0.01090	0.00819	0.37055	0.01821	0.44759	0.01591	0.01447	0.01042	0.00600	0.00493	0.00150	0.00474	0.00470	0.00555	0.00836
21	0.01496	0.00643	0.00777	0.00654	0.00890	0.00598	0.00521	0.03505	0.01223	0.35662	0.01738	0.01748	0.01231	0.00588	0.00412	0.00132	0.00318	0.00473	0.46760	0.00631
22	0.01892	0.01339	0.01451	0.01113	0.01505	0.01468	0.00919	0.72722	0.02247	0.08489	0.01233	0.01214	0.00862	0.00591	0.00492	0.00148	0.00532	0.00446	0.00500	0.00836
23	0.00602	0.00499	0.00527	0.00520	0.00677	0.00424	0.00390	0.00746	0.01170	0.01445	0.18613	0.04535	0.65756	0.01201	0.00581	0.00164	0.00246	0.01010	0.00472	0.00424
24	0.01088	0.00922	0.00992	0.00915	0.01149	0.01042	0.00702	0.02194	0.61219	0.01930	0.07852	0.10782	0.05462	0.00812	0.00523	0.00169	0.00360	0.00692	0.00496	0.00698
25	0.01593	0.01227	0.01316	0.01075	0.01415	0.01375	0.00873	0.48109	0.29040	0.02658	0.01532	0.01607	0.01159	0.00652	0.00503	0.00158	0.00484	0.03933	0.00493	0.00798
26	0.01814	0.08153	0.01467	0.01217	0.01488	0.71375	0.00931	0.01946	0.01365	0.04782	0.00808	0.00915	0.00659	0.00505	0.00436	0.00126	0.00839	0.00321	0.00266	0.00586
27	0.01105	0.31832	0.51940	0.01197	0.01812	0.01434	0.01461	0.01525	0.01023	0.01411	0.00810	0.00947	0.00625	0.00450	0.00412	0.00137	0.00653	0.00327	0.00208	0.00691
28	0.09013	0.00921	0.01136	0.03812	0.01325	0.03721	0.00745	0.04359	0.02855	0.64248	0.01734	0.01548	0.01113	0.00588	0.00477	0.00152	0.00444	0.00467	0.00551	0.00790
29	0.01868	0.01376	0.01475	0.01131	0.01524	0.01524	0.00934	0.78025	0.02311	0.03097	0.01180	0.01180	0.00836	0.00590	0.00492	0.00147	0.00541	0.00442	0.00492	0.00836
30	0.01160	0.01326	0.02900	0.02071	0.02568	0.01243	0.77879	0.01574	0.01160	0.01574	0.00994	0.01326	0.00746	0.00414	0.00580	0.00166	0.00829	0.00580	0.00249	0.00663
31	0.00599	0.00428	0.00570	0.00684	0.00713	0.00399	0.00456	0.00684	0.00941	0.01254	0.02709	0.82409	0.03250	0.01540	0.00627	0.00200	0.00285	0.01397	0.00456	0.00399
32	0.28362	0.01123	0.01508	0.08653	0.42979	0.04044	0.01147	0.03825	0.01064	0.01799	0.00845	0.01078	0.00686	0.00455	0.00427	0.00149	0.00534	0.00379	0.00269	0.00675
33	0.01395	0.17619	0.02996	0.01033	0.04239	0.01266	0.03131	0.24365	0.07589	0.04392	0.01054	0.01122	0.00817	0.00480	0.00420	0.00118	0.00481	0.00373	0.00356	0.26753
34	0.01158	0.01211	0.02416	0.01779	0.02207	0.01170	0.58544	0.01700	0.13510	0.03529	0.01292	0.06849	0.01045	0.00535	0.00568	0.00168	0.00712	0.00629	0.00311	0.00668
35	0.00581	0.00498	0.00498	0.00498	0.00664	0.00415	0.00373	0.00705	0.01120	0.01328	0.04978	0.04729	0.79464	0.01245	0.00581	0.00166	0.00249	0.01037	0.00456	0.00415
36	0.01180	0.22398	0.11392	0.11078	0.01967	0.10334	0.22548	0.01500	0.02689	0.01388	0.03352	0.04457	0.02557	0.00526	0.00473	0.00145	0.00664	0.00476	0.00257	0.00618
37	0.19124	0.01174	0.01458	0.01176	0.03356	0.03659	0.11869	0.24301	0.06144	0.15229	0.01169	0.01228	0.00842	0.00558	0.00547	0.00157	0.06454	0.00436	0.00405	0.00714
38	0.00728	0.00531	0.00711	0.00804	0.00909	0.00514	0.00668	0.00917	0.01106	0.01433	0.05738	0.18771	0.12739	0.01362	0.00654	0.00211	0.00389	0.50920	0.00457	0.00439
39	0.01107	0.01056	0.01797	0.32840	0.50696	0.01139	0.01454	0.01412	0.01067	0.01473	0.00905	0.01252	0.00732	0.00458	0.00488	0.00153	0.00611	0.00437	0.00234	0.00690
40	0.03279	0.16712	0.28761	0.00932	0.01330	0.03433	0.01001	0.01216	0.01066	0.01427	0.06704	0.10673	0.20012	0.00791	0.00484	0.00152	0.00493	0.00643	0.00318	0.00573
41	0.01147	0.01397	0.11057	0.05478	0.23729	0.01205	0.45473	0.01541	0.01128	0.01568	0.00958	0.01263	0.00737	0.00430	0.00538	0.00159	0.00743	0.00511	0.00241	0.00697
42	0.00581	0.00498	0.00498	0.00498	0.00664	0.00415	0.00373	0.00705	0.01120	0.01328	0.04978	0.04729	0.79464	0.01245	0.00581	0.00166	0.00249	0.01037	0.00456	0.00415
43	0.00986	0.02542	0.80183	0.01401	0.02127	0.01141	0.01816	0.01556	0.01038	0.01556	0.00882	0.01038	0.00623	0.00467	0.00467	0.00156	0.00726	0.00363	0.00208	0.00726
44	0.01248	0.01333	0.02553	0.04320	0.14419	0.06264	0.55903	0.01613	0.01173	0.04724	0.01003	0.01294	0.00760	0.00434	0.00551	0.00160	0.00773	0.00534	0.00262	0.00679
45	0.00599	0.00428	0.00570	0.00684	0.00713	0.00399	0.00456	0.00684	0.00941	0.01254	0.02709	0.82409	0.03250	0.01540	0.00627	0.00200	0.00285	0.01397	0.00456	0.00399
46	0.00599	0.00428	0.00570	0.00684	0.00713	0.00399	0.00456	0.00684	0.00941	0.01254	0.02709	0.82409	0.03250	0.01540	0.00627	0.00200	0.00285	0.01397	0.00456	0.00399
47	0.00593	0.00494	0.00518	0.00522	0.00674	0.00419	0.00388	0.00725	0.01135	0.01385	0.12060	0.09670	0.67248	0.01240	0.00584	0.00167	0.00250	0.01046	0.00465	0.00419

[dist]
# distance from previous block
# <min> <max>
0	0

# created by:
# /home/berkeley/.conda/envs/busco_data_prod/bin/msa2prfl.pl pipeline/OGs_align_augustus/33634/153736.fs
