[name]
unknown

[dist]
# distance from previous block
# <min> <max>
3	95

[block]
# block no. 0 follows, 42 sequences, length 15
# corresponding to MSA columns:
# 140-154
name=unknown_A
#
# <colnr> <probs for GDERKNQSTAVLIFYWHMCP>
#	G	D	E	R	K	N	Q	S	T	A	V	L	I	F	Y	W	H	M	C	P
0	0.20752	0.04680	0.07874	0.07660	0.10598	0.01143	0.02978	0.04629	0.01294	0.19880	0.03120	0.05868	0.01185	0.00748	0.02575	0.00192	0.00579	0.00531	0.00422	0.03294
1	0.01323	0.01271	0.01713	0.01598	0.09284	0.05789	0.03614	0.01488	0.01013	0.04247	0.00919	0.01385	0.00853	0.04709	0.01484	0.00229	0.50871	0.00497	0.00282	0.07430
2	0.10179	0.03324	0.02975	0.10353	0.21516	0.03207	0.05301	0.03157	0.07583	0.18791	0.05139	0.01766	0.01288	0.00636	0.00549	0.00176	0.00594	0.02235	0.00427	0.00803
3	0.06036	0.01181	0.01933	0.30130	0.42146	0.01273	0.01554	0.01677	0.01226	0.05965	0.01087	0.01434	0.00853	0.00535	0.00548	0.00175	0.00674	0.00493	0.00296	0.00784
4	0.01869	0.01067	0.01451	0.01106	0.01535	0.00978	0.06839	0.12638	0.01559	0.34447	0.01641	0.01653	0.01154	0.00974	0.08564	0.00229	0.00629	0.00514	0.00516	0.20638
5	0.00971	0.00637	0.00742	0.00692	0.00885	0.00580	0.00527	0.01243	0.05045	0.09694	0.29076	0.06199	0.32525	0.01169	0.00629	0.00180	0.00306	0.00995	0.07338	0.00568
6	0.01829	0.01300	0.01443	0.01176	0.01538	0.01409	0.00958	0.51353	0.05169	0.07288	0.04621	0.10068	0.01651	0.00883	0.00601	0.00184	0.00552	0.06560	0.00565	0.00851
7	0.01777	0.01233	0.01506	0.01171	0.01543	0.01307	0.08493	0.41691	0.02027	0.08075	0.01525	0.01617	0.01112	0.00651	0.00526	0.00161	0.00544	0.00532	0.23694	0.00816
8	0.00827	0.00629	0.00814	0.00802	0.00899	0.00648	0.00596	0.01051	0.02868	0.01881	0.38446	0.25497	0.08077	0.01292	0.00787	0.00198	0.08469	0.01108	0.04588	0.00523
9	0.01520	0.01361	0.08563	0.18063	0.23484	0.01285	0.05288	0.09794	0.09145	0.11915	0.01377	0.01558	0.01016	0.00591	0.00562	0.00176	0.00652	0.00526	0.02294	0.00831
10	0.00823	0.00542	0.00648	0.00660	0.00686	0.00544	0.00409	0.00849	0.00878	0.01197	0.01961	0.10116	0.04972	0.53092	0.09514	0.07117	0.00589	0.00842	0.04191	0.00373
11	0.02010	0.01207	0.01358	0.01070	0.01453	0.01268	0.00875	0.39817	0.04806	0.22353	0.01702	0.01664	0.01188	0.00681	0.00533	0.00164	0.00510	0.00530	0.15938	0.00875
12	0.04089	0.01108	0.01262	0.03434	0.04166	0.04299	0.00809	0.09110	0.03190	0.04832	0.01280	0.07692	0.01124	0.00698	0.02347	0.00146	0.02913	0.00494	0.00383	0.46625
13	0.06859	0.22238	0.01749	0.01105	0.03224	0.08069	0.00902	0.22176	0.10512	0.03617	0.01403	0.01533	0.02762	0.04099	0.00581	0.00171	0.00574	0.00475	0.07185	0.00765
14	0.42710	0.04144	0.07100	0.05669	0.05690	0.04529	0.00919	0.03359	0.01144	0.10049	0.01161	0.01348	0.02797	0.03486	0.00581	0.00188	0.03659	0.00420	0.00365	0.00681

[dist]
# distance from previous block
# <min> <max>
3	65

[block]
# block no. 1 follows, 42 sequences, length 17
# corresponding to MSA columns:
# 220-236
name=unknown_B
#
# <colnr> <probs for GDERKNQSTAVLIFYWHMCP>
#	G	D	E	R	K	N	Q	S	T	A	V	L	I	F	Y	W	H	M	C	P
0	0.05470	0.00938	0.01237	0.04744	0.01469	0.00864	0.00819	0.05391	0.01565	0.58244	0.05068	0.03655	0.01526	0.00722	0.00554	0.00173	0.00471	0.00589	0.05626	0.00873
1	0.01755	0.01181	0.01317	0.01085	0.01431	0.01261	0.00868	0.34176	0.15605	0.14091	0.04733	0.09598	0.05282	0.00854	0.00582	0.00179	0.00494	0.00699	0.03971	0.00840
2	0.12505	0.01039	0.01235	0.00980	0.01371	0.01018	0.00802	0.13781	0.04596	0.45658	0.04921	0.01813	0.01403	0.00690	0.00532	0.00171	0.00472	0.00543	0.05601	0.00868
3	0.05651	0.01451	0.01588	0.01222	0.01665	0.01569	0.01009	0.59533	0.02399	0.15981	0.01475	0.01428	0.01016	0.00673	0.00554	0.00170	0.00588	0.00508	0.00577	0.00943
4	0.02304	0.00984	0.01318	0.01059	0.03541	0.00864	0.00839	0.05632	0.01610	0.63056	0.04854	0.01904	0.01464	0.00685	0.00557	0.00167	0.00477	0.00560	0.00647	0.07478
5	0.01530	0.77432	0.02899	0.00976	0.01456	0.02208	0.00967	0.04583	0.01203	0.01412	0.00805	0.00921	0.00731	0.00489	0.00369	0.00122	0.00603	0.00309	0.00253	0.00731
6	0.21155	0.01235	0.01524	0.11973	0.21505	0.04324	0.01140	0.10661	0.07303	0.08045	0.01302	0.05186	0.01050	0.00636	0.00517	0.00176	0.00583	0.00519	0.00394	0.00772
7	0.01445	0.01140	0.01262	0.01165	0.04558	0.01259	0.00871	0.16507	0.40694	0.04650	0.05447	0.06559	0.07308	0.00850	0.00582	0.00184	0.00457	0.00709	0.03528	0.00823
8	0.10792	0.00677	0.00767	0.00701	0.00911	0.00636	0.00541	0.01267	0.01419	0.10870	0.36392	0.03810	0.24011	0.01082	0.00606	0.00178	0.00316	0.00910	0.03538	0.00575
9	0.01376	0.01217	0.02005	0.16389	0.41610	0.01271	0.06247	0.05468	0.01330	0.06342	0.01466	0.01738	0.06437	0.00620	0.00628	0.00178	0.03981	0.00566	0.00330	0.00800
10	0.00694	0.00546	0.00616	0.00649	0.00777	0.00480	0.00461	0.00829	0.01230	0.01551	0.12391	0.26642	0.43513	0.06025	0.00807	0.00220	0.00310	0.01267	0.00523	0.00468
11	0.00937	0.00508	0.00727	0.00732	0.00752	0.00518	0.00496	0.00805	0.00799	0.01107	0.01240	0.05254	0.01254	0.08475	0.10414	0.59463	0.00585	0.00577	0.05050	0.00306
12	0.06552	0.28970	0.07876	0.08934	0.03999	0.08978	0.07536	0.09577	0.04387	0.04963	0.01049	0.01207	0.00828	0.00557	0.00510	0.00157	0.02418	0.00423	0.00324	0.00755
13	0.04402	0.05631	0.01148	0.07528	0.01373	0.00933	0.00765	0.01726	0.16319	0.13473	0.06585	0.20927	0.04709	0.01063	0.00698	0.05971	0.00442	0.00831	0.00490	0.04986
14	0.09586	0.12527	0.01726	0.02969	0.09800	0.01446	0.03612	0.19102	0.13900	0.07432	0.04195	0.01533	0.01195	0.00690	0.02036	0.00176	0.00571	0.00498	0.00441	0.06563
15	0.10713	0.04494	0.09339	0.03570	0.05732	0.12334	0.08176	0.16457	0.11063	0.09271	0.02646	0.01444	0.01049	0.00614	0.00534	0.00171	0.00673	0.00493	0.00421	0.00807
16	0.24451	0.07632	0.02521	0.07246	0.01531	0.03242	0.02313	0.16099	0.03797	0.03336	0.06407	0.09212	0.01421	0.00864	0.03282	0.00199	0.01789	0.00576	0.00414	0.03666

[dist]
# distance from previous block
# <min> <max>
1	29

[block]
# block no. 2 follows, 42 sequences, length 6
# corresponding to MSA columns:
# 307-312
name=unknown_C
#
# <colnr> <probs for GDERKNQSTAVLIFYWHMCP>
#	G	D	E	R	K	N	Q	S	T	A	V	L	I	F	Y	W	H	M	C	P
0	0.01260	0.03958	0.06058	0.03599	0.15449	0.01010	0.03344	0.07725	0.05491	0.08201	0.22511	0.08677	0.06253	0.00873	0.00598	0.00176	0.00490	0.00768	0.00476	0.03082
1	0.01385	0.01057	0.01422	0.18668	0.01970	0.03620	0.06827	0.08913	0.12969	0.11871	0.12640	0.05144	0.05431	0.04721	0.00710	0.00201	0.00562	0.00702	0.00474	0.00713
2	0.01344	0.06051	0.05389	0.01097	0.01428	0.01154	0.04834	0.09399	0.26200	0.07855	0.08926	0.13768	0.05745	0.00910	0.00591	0.00183	0.00480	0.00783	0.00514	0.03348
3	0.00794	0.00556	0.00754	0.08719	0.01089	0.00560	0.00595	0.00911	0.01069	0.01470	0.06738	0.47353	0.02957	0.10677	0.01015	0.05421	0.00397	0.01205	0.07262	0.00457
4	0.01244	0.01208	0.09854	0.06908	0.11012	0.02708	0.04720	0.05777	0.05505	0.07539	0.05035	0.12091	0.01662	0.08409	0.08330	0.00292	0.05915	0.00715	0.00391	0.00684
5	0.67443	0.09214	0.08859	0.00851	0.01262	0.01363	0.00795	0.01670	0.01000	0.02329	0.00807	0.00941	0.00631	0.00520	0.00369	0.00169	0.00492	0.00316	0.00326	0.00643

[dist]
# distance from previous block
# <min> <max>
1	2

[block]
# block no. 3 follows, 42 sequences, length 12
# corresponding to MSA columns:
# 315-326
name=unknown_D
#
# <colnr> <probs for GDERKNQSTAVLIFYWHMCP>
#	G	D	E	R	K	N	Q	S	T	A	V	L	I	F	Y	W	H	M	C	P
0	0.04023	0.05702	0.26950	0.01388	0.01950	0.01351	0.08292	0.12358	0.14266	0.15859	0.01493	0.01509	0.01054	0.00614	0.00549	0.00176	0.00660	0.00508	0.00432	0.00864
1	0.04519	0.01483	0.14933	0.11429	0.07422	0.01200	0.20775	0.05933	0.01382	0.18357	0.01445	0.06114	0.01103	0.00635	0.00587	0.00183	0.00708	0.00602	0.00394	0.00795
2	0.75909	0.01075	0.00876	0.00767	0.01124	0.01218	0.00632	0.01765	0.01024	0.10093	0.00929	0.01016	0.00689	0.00540	0.00370	0.00174	0.00440	0.00331	0.00384	0.00645
3	0.00725	0.00562	0.00660	0.00658	0.00803	0.00497	0.00485	0.00916	0.01392	0.01832	0.36290	0.14382	0.36080	0.01348	0.00671	0.00189	0.00282	0.01166	0.00565	0.00497
4	0.02027	0.02010	0.01631	0.09229	0.01948	0.37150	0.01119	0.30988	0.01965	0.04976	0.01123	0.01230	0.00844	0.00620	0.00537	0.00160	0.00812	0.00441	0.00409	0.00782
5	0.03565	0.49387	0.09979	0.01057	0.01549	0.01840	0.01048	0.09273	0.04033	0.10057	0.01100	0.01159	0.00869	0.00545	0.00430	0.00141	0.00596	0.00380	0.02211	0.00782
6	0.01030	0.00635	0.00781	0.00727	0.00909	0.00582	0.00551	0.01294	0.03979	0.12004	0.37446	0.10725	0.18606	0.01150	0.00632	0.00181	0.00309	0.00994	0.06883	0.00582
7	0.02052	0.05434	0.01412	0.01027	0.01415	0.01061	0.03987	0.17243	0.01703	0.39990	0.01840	0.01761	0.01252	0.00663	0.00525	0.00162	0.00493	0.00535	0.16591	0.00852
8	0.00949	0.00499	0.00712	0.00712	0.00712	0.00499	0.00462	0.00748	0.00748	0.00998	0.01120	0.02063	0.01169	0.15954	0.02318	0.68767	0.00499	0.00548	0.00262	0.00262
9	0.01918	0.01455	0.01477	0.01179	0.01567	0.06594	0.00956	0.51061	0.08600	0.05904	0.01726	0.01711	0.05503	0.00720	0.00553	0.00168	0.00578	0.00552	0.06908	0.00870
10	0.01465	0.08817	0.04345	0.07921	0.06096	0.03635	0.05959	0.13298	0.01444	0.05711	0.01099	0.01270	0.00858	0.00520	0.00514	0.00134	0.02132	0.00422	0.00359	0.33999
11	0.04221	0.39208	0.02386	0.03162	0.01732	0.14125	0.09144	0.11352	0.03921	0.01750	0.00990	0.01146	0.00821	0.00658	0.03027	0.00170	0.00732	0.00404	0.00312	0.00738

[dist]
# distance from previous block
# <min> <max>
1	3

[block]
# block no. 4 follows, 42 sequences, length 18
# corresponding to MSA columns:
# 330,333-349
name=unknown_E
#
# <colnr> <probs for GDERKNQSTAVLIFYWHMCP>
#	G	D	E	R	K	N	Q	S	T	A	V	L	I	F	Y	W	H	M	C	P
0	0.00883	0.00681	0.00947	0.01007	0.05040	0.00768	0.00696	0.01021	0.00950	0.01355	0.01771	0.15228	0.01883	0.21205	0.29025	0.00542	0.09926	0.02663	0.03919	0.00492
1	0.00921	0.00586	0.00742	0.00761	0.00899	0.00528	0.00560	0.01084	0.01295	0.10069	0.17703	0.35696	0.19815	0.01439	0.00683	0.00206	0.00334	0.05584	0.00560	0.00535
2	0.02071	0.00853	0.01140	0.00908	0.01266	0.00746	0.00737	0.02296	0.01573	0.57117	0.15422	0.02478	0.05315	0.00806	0.00579	0.00173	0.00423	0.00670	0.04586	0.00841
3	0.01861	0.01438	0.01532	0.01239	0.01639	0.01615	0.01002	0.47799	0.30136	0.03098	0.01705	0.01633	0.01243	0.00709	0.00567	0.00177	0.00554	0.00555	0.00567	0.00932
4	0.10406	0.00913	0.01160	0.00918	0.01302	0.00828	0.00752	0.02422	0.01506	0.59216	0.05646	0.01944	0.01510	0.00698	0.00533	0.00170	0.00444	0.00558	0.08212	0.00863
5	0.02155	0.01551	0.01673	0.01283	0.01733	0.01708	0.01060	0.71930	0.02604	0.06511	0.01386	0.01374	0.00975	0.00676	0.00563	0.00169	0.00614	0.00509	0.00568	0.00957
6	0.01505	0.80561	0.02949	0.00963	0.01444	0.02227	0.00963	0.01685	0.01143	0.01324	0.00782	0.00903	0.00722	0.00481	0.00361	0.00120	0.00602	0.00301	0.00241	0.00722
7	0.01505	0.80561	0.02949	0.00963	0.01444	0.02227	0.00963	0.01685	0.01143	0.01324	0.00782	0.00903	0.00722	0.00481	0.00361	0.00120	0.00602	0.00301	0.00241	0.00722
8	0.04576	0.01171	0.01826	0.30779	0.37397	0.03727	0.01480	0.01583	0.01202	0.01702	0.01073	0.01457	0.00863	0.00571	0.00574	0.02036	0.00668	0.00490	0.06091	0.00734
9	0.01403	0.01227	0.01244	0.01128	0.01419	0.05482	0.00869	0.07897	0.57102	0.02274	0.02245	0.11620	0.01857	0.00871	0.00586	0.00191	0.00474	0.00731	0.00550	0.00829
10	0.03485	0.00654	0.00818	0.00753	0.00950	0.00591	0.00573	0.01332	0.01445	0.17244	0.35066	0.14887	0.17648	0.01181	0.00643	0.00186	0.00326	0.01022	0.00595	0.00599
11	0.01176	0.01116	0.01892	0.53001	0.28860	0.01280	0.01619	0.01537	0.01179	0.01575	0.01020	0.01463	0.00799	0.00542	0.00561	0.00181	0.00722	0.00501	0.00260	0.00716
12	0.00767	0.00606	0.00699	0.00725	0.00863	0.00570	0.00524	0.01058	0.08643	0.01697	0.16330	0.31016	0.31568	0.01432	0.00674	0.00201	0.00312	0.01249	0.00544	0.00519
13	0.00969	0.00492	0.00727	0.00727	0.00727	0.00492	0.00481	0.00738	0.00738	0.00984	0.01021	0.01818	0.01036	0.06210	0.02236	0.79110	0.00492	0.00507	0.00250	0.00250
14	0.01516	0.73119	0.06402	0.01017	0.01506	0.05847	0.01022	0.01717	0.01167	0.01348	0.00797	0.00922	0.00722	0.00489	0.00376	0.00124	0.00633	0.00309	0.00243	0.00724
15	0.01205	0.00707	0.00888	0.00796	0.01007	0.00667	0.00613	0.01572	0.08629	0.17379	0.43024	0.07179	0.07988	0.01043	0.00625	0.00179	0.00330	0.00904	0.04623	0.00645
16	0.01285	0.02205	0.47535	0.04825	0.02256	0.01215	0.08175	0.04060	0.03509	0.08092	0.04673	0.01462	0.01043	0.00575	0.00549	0.00172	0.00735	0.00485	0.00325	0.06822
17	0.01473	0.01262	0.01741	0.05364	0.08725	0.01371	0.13070	0.09898	0.39538	0.05261	0.01802	0.01828	0.01350	0.00733	0.02038	0.00198	0.00598	0.00603	0.02296	0.00850

[dist]
# distance from previous block
# <min> <max>
3	46

[block]
# block no. 5 follows, 42 sequences, length 17
# corresponding to MSA columns:
# 418-434
name=unknown_F
#
# <colnr> <probs for GDERKNQSTAVLIFYWHMCP>
#	G	D	E	R	K	N	Q	S	T	A	V	L	I	F	Y	W	H	M	C	P
0	0.01051	0.11542	0.02664	0.00874	0.01062	0.02283	0.00691	0.01225	0.01237	0.07129	0.18420	0.33226	0.03009	0.03105	0.00738	0.00197	0.04853	0.01023	0.00478	0.05193
1	0.06221	0.02817	0.03846	0.14681	0.01823	0.01134	0.02427	0.09038	0.06808	0.11524	0.12693	0.01962	0.03519	0.00727	0.00660	0.00172	0.07454	0.00577	0.00440	0.11477
2	0.04121	0.01589	0.19557	0.04472	0.06012	0.01265	0.01212	0.13820	0.20835	0.06505	0.01853	0.01860	0.07395	0.00691	0.00550	0.00174	0.00577	0.00560	0.00440	0.06511
3	0.00921	0.05003	0.00903	0.00786	0.00894	0.03807	0.02354	0.01029	0.01092	0.03444	0.09822	0.21620	0.08813	0.30910	0.04433	0.00353	0.00510	0.02406	0.00430	0.00469
4	0.01318	0.09547	0.17839	0.21320	0.13805	0.01333	0.01425	0.09495	0.02905	0.04776	0.08112	0.01696	0.02782	0.00632	0.00547	0.00172	0.00655	0.00530	0.00347	0.00762
5	0.64293	0.01143	0.00987	0.00846	0.01211	0.01296	0.00694	0.10565	0.04949	0.08055	0.01031	0.01099	0.00763	0.00565	0.00401	0.00174	0.00461	0.00364	0.00411	0.00690
6	0.01259	0.01115	0.01549	0.01342	0.01376	0.01494	0.01098	0.01381	0.00932	0.06849	0.01095	0.07968	0.01101	0.04985	0.01710	0.00254	0.62965	0.00607	0.00307	0.00614
7	0.01621	0.08979	0.08758	0.01593	0.09321	0.01511	0.10663	0.18446	0.20260	0.08053	0.01491	0.01547	0.01110	0.00636	0.00602	0.00176	0.03395	0.00535	0.00440	0.00863
8	0.24105	0.06202	0.01494	0.01191	0.01510	0.25636	0.00959	0.17474	0.01533	0.03914	0.00960	0.01101	0.00761	0.00631	0.00633	0.00170	0.10255	0.00395	0.00365	0.00713
9	0.05009	0.00650	0.00837	0.00802	0.00881	0.00691	0.02747	0.00986	0.00947	0.01352	0.05208	0.03344	0.04604	0.42264	0.18614	0.00533	0.03745	0.05987	0.00359	0.00439
10	0.00836	0.00609	0.00779	0.00713	0.00876	0.00549	0.00538	0.01100	0.01544	0.02216	0.67697	0.03882	0.04811	0.01073	0.00634	0.00168	0.00278	0.00945	0.03282	0.07472
11	0.01103	0.00763	0.00851	0.00783	0.00891	0.02817	0.00536	0.10255	0.01193	0.05332	0.07967	0.03247	0.02103	0.49670	0.07608	0.00456	0.00610	0.02916	0.00411	0.00490
12	0.01638	0.00993	0.01083	0.00901	0.01196	0.01049	0.00721	0.25590	0.09094	0.12740	0.01775	0.01831	0.01305	0.00678	0.00490	0.00155	0.00426	0.00535	0.37040	0.00760
13	0.00973	0.00612	0.00752	0.00701	0.00864	0.00573	0.00531	0.01262	0.03828	0.07642	0.47805	0.05505	0.10131	0.01055	0.00607	0.00171	0.00289	0.00914	0.15219	0.00566
14	0.03773	0.12073	0.03558	0.03279	0.04889	0.11885	0.09390	0.06282	0.04495	0.26581	0.01500	0.01525	0.01069	0.00605	0.00523	0.00162	0.00636	0.00496	0.06474	0.00805
15	0.00822	0.00600	0.00792	0.00748	0.00818	0.00594	0.03811	0.00920	0.01007	0.01366	0.13258	0.07172	0.06725	0.47464	0.11123	0.00481	0.00611	0.00874	0.00395	0.00421
16	0.01917	0.10948	0.01800	0.01423	0.03360	0.48077	0.02801	0.12785	0.01623	0.01708	0.00954	0.01122	0.00788	0.00717	0.03032	0.00177	0.05336	0.00402	0.00322	0.00706

[dist]
# distance from previous block
# <min> <max>
1	4

[block]
# block no. 6 follows, 42 sequences, length 39
# corresponding to MSA columns:
# 439-477
name=unknown_G
#
# <colnr> <probs for GDERKNQSTAVLIFYWHMCP>
#	G	D	E	R	K	N	Q	S	T	A	V	L	I	F	Y	W	H	M	C	P
0	0.01763	0.10331	0.01688	0.09456	0.01852	0.15515	0.01058	0.24308	0.21575	0.04686	0.01441	0.01474	0.01084	0.00649	0.00533	0.00167	0.00652	0.00493	0.00451	0.00823
1	0.00763	0.00522	0.00683	0.00787	0.00851	0.00497	0.00564	0.00913	0.01155	0.01598	0.07934	0.55931	0.03519	0.01574	0.00689	0.00219	0.00343	0.11677	0.09303	0.00478
2	0.00701	0.00541	0.00633	0.00672	0.00788	0.00481	0.00476	0.00844	0.01245	0.01601	0.16894	0.31681	0.35265	0.04588	0.00770	0.00215	0.00307	0.01291	0.00532	0.00473
3	0.01902	0.00809	0.01088	0.00897	0.01213	0.00713	0.00714	0.02119	0.01534	0.50129	0.18174	0.10669	0.02480	0.00905	0.00596	0.00179	0.00409	0.00771	0.03903	0.00796
4	0.01699	0.01261	0.01336	0.01101	0.01449	0.01404	0.00885	0.38282	0.25289	0.02896	0.01738	0.01728	0.01288	0.00699	0.00534	0.00169	0.00497	0.00551	0.16340	0.00854
5	0.64058	0.01152	0.01004	0.00850	0.01222	0.01297	0.00700	0.13055	0.01278	0.09501	0.01003	0.01073	0.00735	0.00562	0.00401	0.00173	0.00468	0.00360	0.00413	0.00695
6	0.10124	0.01285	0.01355	0.01073	0.01451	0.01402	0.00879	0.48643	0.02128	0.08169	0.01446	0.01488	0.01045	0.00658	0.00509	0.00163	0.00523	0.00494	0.16324	0.00840
7	0.06718	0.00813	0.00920	0.00852	0.00969	0.00914	0.00603	0.01496	0.17696	0.04389	0.01730	0.02766	0.01695	0.42466	0.06162	0.00419	0.07766	0.00691	0.00396	0.00540
8	0.01505	0.80561	0.02949	0.00963	0.01444	0.02227	0.00963	0.01685	0.01143	0.01324	0.00782	0.00903	0.00722	0.00481	0.00361	0.00120	0.00602	0.00301	0.00241	0.00722
9	0.10065	0.10569	0.46693	0.01513	0.07104	0.07852	0.01628	0.01774	0.01199	0.01796	0.00989	0.01167	0.00747	0.00535	0.00490	0.00166	0.00746	0.00398	0.03796	0.00773
10	0.01735	0.01506	0.01602	0.04078	0.06411	0.09150	0.01097	0.31500	0.23051	0.02557	0.01470	0.01525	0.01115	0.00712	0.00709	0.00182	0.09744	0.00527	0.00473	0.00853
11	0.00858	0.00588	0.00743	0.00707	0.00857	0.00531	0.00529	0.01086	0.01498	0.06082	0.54427	0.10720	0.16808	0.01224	0.00663	0.00183	0.00285	0.01071	0.00599	0.00538
12	0.01116	0.01037	0.01689	0.31052	0.29493	0.01147	0.01382	0.01423	0.01186	0.01605	0.04133	0.02019	0.09036	0.00977	0.07174	0.00243	0.03692	0.00600	0.00306	0.00692
13	0.00721	0.00529	0.00642	0.00708	0.00779	0.00489	0.00481	0.00826	0.01112	0.01448	0.07905	0.41850	0.19471	0.16577	0.01114	0.00278	0.00362	0.03768	0.00494	0.00446
14	0.00991	0.00572	0.00828	0.00802	0.00802	0.00624	0.00555	0.00806	0.00754	0.01027	0.01020	0.01827	0.01043	0.08473	0.02218	0.67765	0.08832	0.00517	0.00253	0.00292
15	0.01555	0.62159	0.02655	0.01066	0.01486	0.05358	0.01006	0.07862	0.01260	0.01518	0.00830	0.00980	0.00744	0.00555	0.00542	0.00139	0.08947	0.00341	0.00271	0.00728
16	0.00943	0.00630	0.00802	0.00746	0.00914	0.00561	0.00549	0.01148	0.01385	0.07693	0.40859	0.18228	0.06730	0.06689	0.00795	0.00203	0.00330	0.01016	0.00554	0.09223
17	0.01208	0.01049	0.01680	0.58579	0.03298	0.01252	0.04530	0.09230	0.01290	0.03822	0.01121	0.01557	0.00850	0.00884	0.07117	0.00246	0.00801	0.00518	0.00302	0.00665
18	0.01431	0.01098	0.01212	0.01064	0.01345	0.01226	0.00833	0.16386	0.37370	0.05266	0.08470	0.10338	0.02030	0.00883	0.00623	0.00187	0.02927	0.00732	0.05784	0.00798
19	0.51021	0.01063	0.01121	0.20975	0.01862	0.01216	0.00886	0.03407	0.01101	0.08164	0.00976	0.01166	0.00725	0.00546	0.00429	0.00174	0.00524	0.00382	0.00355	0.03907
20	0.01429	0.05430	0.16482	0.26104	0.21776	0.03682	0.01555	0.04553	0.01308	0.10673	0.01161	0.01412	0.00861	0.00558	0.00545	0.00174	0.00709	0.00478	0.00321	0.00791
21	0.01274	0.00874	0.03381	0.00866	0.01138	0.00797	0.03185	0.07435	0.07787	0.10429	0.02204	0.13966	0.06902	0.00859	0.00527	0.00162	0.00400	0.00729	0.27635	0.09451
22	0.00869	0.00580	0.00738	0.00727	0.00864	0.00525	0.00534	0.01070	0.01417	0.07165	0.41983	0.23390	0.15383	0.01315	0.00671	0.00192	0.00299	0.01159	0.00586	0.00534
23	0.01599	0.01103	0.01662	0.28623	0.03755	0.01206	0.07384	0.12541	0.01503	0.20353	0.06666	0.01761	0.01280	0.00675	0.00664	0.00184	0.05970	0.00567	0.01742	0.00762
24	0.01436	0.03749	0.06051	0.01083	0.01426	0.01210	0.00918	0.12433	0.33856	0.08799	0.07942	0.03895	0.07993	0.00877	0.00593	0.00188	0.00479	0.05725	0.00545	0.00803
25	0.00696	0.00539	0.00616	0.00670	0.00778	0.00481	0.00468	0.00810	0.01155	0.01447	0.04212	0.33753	0.38658	0.09906	0.00922	0.00244	0.00335	0.03351	0.00503	0.00455
26	0.08930	0.01223	0.08968	0.04391	0.04447	0.04146	0.00929	0.04114	0.03701	0.10724	0.10401	0.01744	0.01486	0.00918	0.07058	0.00209	0.00599	0.00503	0.00407	0.25101
27	0.11452	0.00992	0.01251	0.00977	0.01390	0.00917	0.00804	0.06876	0.01600	0.61033	0.05385	0.01875	0.01458	0.00697	0.00546	0.00174	0.00473	0.00554	0.00647	0.00900
28	0.01242	0.01262	0.01893	0.01572	0.01633	0.01692	0.09011	0.01402	0.00911	0.01402	0.00781	0.01262	0.00751	0.00931	0.01722	0.00240	0.70903	0.00511	0.00250	0.00631
29	0.10618	0.01464	0.06888	0.01358	0.01817	0.01429	0.11901	0.32109	0.05014	0.14782	0.01386	0.01433	0.00980	0.00633	0.00599	0.00176	0.03594	0.00513	0.00482	0.02824
30	0.04229	0.31297	0.34460	0.01278	0.01888	0.02902	0.01435	0.08012	0.06358	0.01820	0.01032	0.01146	0.00802	0.00543	0.00469	0.00156	0.00692	0.00391	0.00294	0.00795
31	0.06877	0.01022	0.01158	0.00859	0.01331	0.00843	0.00687	0.01612	0.07473	0.04503	0.01136	0.01254	0.00912	0.00463	0.00430	0.00102	0.00423	0.00365	0.00367	0.68182
32	0.00764	0.00574	0.00707	0.00673	0.00821	0.00517	0.00505	0.00998	0.01515	0.02072	0.58701	0.04507	0.23139	0.01219	0.00664	0.00180	0.00270	0.01060	0.00595	0.00517
33	0.01385	0.01049	0.01167	0.01034	0.01324	0.01154	0.00806	0.04827	0.49109	0.09233	0.19691	0.02554	0.02509	0.00846	0.00593	0.00185	0.00412	0.00715	0.00595	0.00814
34	0.17508	0.01268	0.01377	0.01080	0.01496	0.01344	0.00890	0.37482	0.01978	0.25094	0.01518	0.01461	0.01037	0.00653	0.00518	0.00170	0.00532	0.00487	0.03227	0.00879
35	0.01266	0.00712	0.00925	0.00815	0.01028	0.00660	0.00629	0.05394	0.01610	0.19893	0.48701	0.09911	0.04019	0.01070	0.00640	0.00180	0.00340	0.00933	0.00626	0.00648
36	0.10621	0.14959	0.05126	0.01209	0.01639	0.06223	0.06177	0.23545	0.01686	0.15912	0.01282	0.01332	0.00933	0.00616	0.00556	0.00165	0.03792	0.00459	0.02955	0.00815
37	0.00808	0.00549	0.00628	0.00625	0.00646	0.00540	0.00367	0.00843	0.00921	0.01235	0.09839	0.05130	0.04971	0.67773	0.02518	0.00489	0.00503	0.00866	0.00380	0.00368
38	0.01919	0.02085	0.01647	0.01417	0.01683	0.42059	0.01115	0.20173	0.01695	0.01914	0.00961	0.01147	0.00786	0.00693	0.00818	0.00173	0.18220	0.00427	0.00348	0.00720

[dist]
# distance from previous block
# <min> <max>
4	5

[block]
# block no. 7 follows, 42 sequences, length 17
# corresponding to MSA columns:
# 483-499
name=unknown_H
#
# <colnr> <probs for GDERKNQSTAVLIFYWHMCP>
#	G	D	E	R	K	N	Q	S	T	A	V	L	I	F	Y	W	H	M	C	P
0	0.04936	0.00676	0.04057	0.06169	0.01069	0.00613	0.00631	0.01083	0.01143	0.01746	0.07183	0.40113	0.02689	0.01211	0.00586	0.00190	0.00361	0.01065	0.23962	0.00517
1	0.00700	0.00514	0.00657	0.00742	0.00812	0.00471	0.00511	0.00831	0.01187	0.01578	0.15021	0.57553	0.14115	0.01619	0.00702	0.00215	0.00311	0.01451	0.00538	0.00471
2	0.01271	0.00680	0.00887	0.00796	0.01003	0.00621	0.00610	0.01531	0.03282	0.22345	0.40017	0.13354	0.05487	0.01083	0.00630	0.00182	0.00336	0.00945	0.04297	0.00644
3	0.01804	0.01410	0.01500	0.01227	0.01617	0.01589	0.00989	0.42274	0.35753	0.03006	0.01777	0.01690	0.01302	0.00715	0.00567	0.00179	0.00540	0.00565	0.00567	0.00927
4	0.34491	0.01212	0.01243	0.00995	0.01401	0.01299	0.00821	0.25945	0.01693	0.23689	0.01371	0.01337	0.00942	0.00621	0.00479	0.00172	0.00508	0.00444	0.00516	0.00821
5	0.18065	0.01452	0.01503	0.01173	0.01603	0.01607	0.00969	0.57139	0.02268	0.06930	0.01283	0.01294	0.00911	0.00647	0.00521	0.00170	0.00577	0.00470	0.00528	0.00890
6	0.01119	0.00851	0.01192	0.01053	0.01201	0.00977	0.04008	0.08914	0.01171	0.05326	0.06634	0.02250	0.01584	0.12459	0.35949	0.00562	0.13173	0.00633	0.00366	0.00583
7	0.01505	0.80561	0.02949	0.00963	0.01444	0.02227	0.00963	0.01685	0.01143	0.01324	0.00782	0.00903	0.00722	0.00481	0.00361	0.00120	0.00602	0.00301	0.00241	0.00722
8	0.75575	0.01256	0.00908	0.00815	0.01157	0.09318	0.00660	0.01717	0.01025	0.02404	0.00793	0.00925	0.00622	0.00528	0.00365	0.00171	0.00496	0.00311	0.00342	0.00614
9	0.00773	0.00575	0.00734	0.00825	0.00891	0.00576	0.00568	0.01032	0.08895	0.01514	0.02866	0.64024	0.03301	0.04162	0.06141	0.00281	0.00428	0.01406	0.00507	0.00502
10	0.01120	0.00652	0.00787	0.00732	0.00926	0.00604	0.00564	0.01400	0.04588	0.14093	0.26493	0.08281	0.17299	0.01077	0.00603	0.00178	0.00325	0.03888	0.15792	0.00598
11	0.01097	0.01036	0.01751	0.70949	0.11526	0.01259	0.01580	0.01468	0.01142	0.01480	0.01006	0.01489	0.00765	0.00556	0.00562	0.00185	0.00742	0.00500	0.00253	0.00653
12	0.00702	0.00539	0.00633	0.00675	0.00787	0.00481	0.00476	0.00840	0.01233	0.01587	0.16010	0.33278	0.33793	0.05344	0.00792	0.00220	0.00310	0.01298	0.00529	0.00471
13	0.00978	0.00489	0.00733	0.00733	0.00733	0.00489	0.00489	0.00733	0.00733	0.00978	0.00978	0.01711	0.00978	0.01955	0.02199	0.83627	0.00489	0.00489	0.00244	0.00244
14	0.01539	0.76067	0.02871	0.00991	0.01461	0.06597	0.00970	0.01718	0.01170	0.01327	0.00787	0.00909	0.00722	0.00487	0.00370	0.00122	0.00626	0.00304	0.00244	0.00718
15	0.01103	0.00837	0.00965	0.00869	0.01081	0.00880	0.00669	0.08449	0.21852	0.02392	0.44068	0.03219	0.03658	0.00967	0.00611	0.00177	0.00347	0.00832	0.06354	0.00668
16	0.13942	0.01232	0.06650	0.01293	0.09385	0.02942	0.00998	0.05942	0.03426	0.45867	0.01734	0.01622	0.01151	0.00638	0.00530	0.00173	0.00536	0.00505	0.00551	0.00883

[dist]
# distance from previous block
# <min> <max>
0	1

[block]
# block no. 8 follows, 42 sequences, length 10
# corresponding to MSA columns:
# 501-510
name=unknown_I
#
# <colnr> <probs for GDERKNQSTAVLIFYWHMCP>
#	G	D	E	R	K	N	Q	S	T	A	V	L	I	F	Y	W	H	M	C	P
0	0.01721	0.01326	0.01434	0.01184	0.01548	0.01476	0.00957	0.41098	0.27012	0.02951	0.07971	0.02077	0.01682	0.00786	0.00585	0.00181	0.00527	0.04037	0.00569	0.00879
1	0.49039	0.01132	0.01320	0.12136	0.12407	0.01269	0.04625	0.04720	0.01134	0.02241	0.01004	0.01383	0.00827	0.00580	0.00454	0.00180	0.00550	0.03990	0.00339	0.00670
2	0.01397	0.01680	0.15052	0.01712	0.02178	0.06080	0.27807	0.07579	0.12014	0.03511	0.01424	0.01886	0.01153	0.00684	0.00716	0.00194	0.07231	0.06565	0.00364	0.00771
3	0.00997	0.00520	0.00543	0.00562	0.00679	0.00515	0.00412	0.01236	0.01165	0.02004	0.02017	0.13209	0.01768	0.00814	0.00440	0.00145	0.00271	0.00678	0.71511	0.00515
4	0.00816	0.00616	0.00793	0.00846	0.00927	0.00629	0.00613	0.01081	0.07363	0.01671	0.16770	0.45793	0.03604	0.04864	0.00846	0.00233	0.04043	0.07453	0.00524	0.00515
5	0.01328	0.01315	0.01895	0.24666	0.26104	0.08053	0.04869	0.04422	0.02694	0.01676	0.02658	0.01475	0.00944	0.00749	0.03438	0.00210	0.11971	0.00513	0.00292	0.00728
6	0.01629	0.01574	0.05172	0.01240	0.01605	0.12402	0.01012	0.16605	0.47397	0.02415	0.01844	0.01756	0.01380	0.00709	0.00560	0.00179	0.00579	0.00561	0.00514	0.00866
7	0.00734	0.00546	0.00639	0.00673	0.00765	0.00501	0.00463	0.00850	0.01154	0.01492	0.12830	0.24713	0.27076	0.20819	0.01223	0.00289	0.00366	0.03932	0.00490	0.00446
8	0.00976	0.00791	0.01071	0.04838	0.11895	0.00824	0.00801	0.01280	0.07671	0.03021	0.08735	0.06916	0.17317	0.14820	0.09348	0.00330	0.03940	0.04421	0.00424	0.00579
9	0.01547	0.03657	0.01233	0.00985	0.01281	0.00903	0.04186	0.07667	0.09487	0.26071	0.19110	0.13215	0.06289	0.00969	0.00612	0.00183	0.00434	0.00839	0.00588	0.00744

[dist]
# distance from previous block
# <min> <max>
1	17

[block]
# block no. 9 follows, 42 sequences, length 31
# corresponding to MSA columns:
# 528-558
name=unknown_J
#
# <colnr> <probs for GDERKNQSTAVLIFYWHMCP>
#	G	D	E	R	K	N	Q	S	T	A	V	L	I	F	Y	W	H	M	C	P
0	0.18748	0.01102	0.01408	0.01284	0.08248	0.02717	0.07390	0.05321	0.01245	0.07917	0.03846	0.10659	0.01326	0.00723	0.00625	0.00167	0.07246	0.00586	0.00391	0.19050
1	0.01708	0.01485	0.01495	0.04151	0.08252	0.21756	0.03756	0.08027	0.04629	0.15978	0.08466	0.02068	0.08955	0.00769	0.00657	0.00174	0.05885	0.00603	0.00448	0.00738
2	0.01553	0.00956	0.01153	0.00912	0.01299	0.00853	0.00728	0.04415	0.11848	0.24024	0.12375	0.02153	0.05373	0.00707	0.00534	0.00146	0.00418	0.00587	0.00530	0.29436
3	0.01321	0.08092	0.01331	0.00861	0.01342	0.00909	0.00708	0.03610	0.01240	0.07391	0.01106	0.01232	0.00887	0.00458	0.00426	0.00097	0.00439	0.00358	0.02862	0.65329
4	0.00763	0.00571	0.00710	0.00692	0.00832	0.00518	0.00519	0.00990	0.01481	0.02020	0.53371	0.09106	0.21457	0.01264	0.00671	0.00186	0.00282	0.03466	0.00588	0.00513
5	0.15028	0.01184	0.01257	0.01037	0.01379	0.01287	0.00834	0.34812	0.08034	0.08840	0.08277	0.08646	0.01655	0.00798	0.00545	0.00176	0.00490	0.00633	0.04297	0.00794
6	0.04718	0.02806	0.01412	0.01132	0.01367	0.01243	0.03255	0.16420	0.01423	0.17622	0.01461	0.01929	0.01217	0.12707	0.02918	0.00262	0.20605	0.02103	0.04689	0.00712
7	0.01639	0.00769	0.01002	0.00845	0.01120	0.00694	0.00667	0.03916	0.01553	0.36510	0.27332	0.07966	0.04392	0.00932	0.00596	0.00175	0.00377	0.00795	0.07989	0.00732
8	0.02846	0.01173	0.01678	0.22682	0.16995	0.02908	0.05643	0.07888	0.14297	0.08691	0.01449	0.01642	0.01085	0.00609	0.00550	0.00175	0.00615	0.00536	0.07759	0.00780
9	0.00814	0.00564	0.00706	0.00706	0.00737	0.00595	0.00456	0.00877	0.00846	0.01159	0.01689	0.03218	0.01844	0.56200	0.26610	0.00659	0.00850	0.00750	0.00329	0.00392
10	0.01925	0.01403	0.01519	0.01221	0.01626	0.01555	0.00990	0.45018	0.26878	0.09170	0.01735	0.01646	0.01246	0.00707	0.00566	0.00177	0.00550	0.00555	0.00577	0.00935
11	0.01253	0.00998	0.01176	0.00844	0.01340	0.00755	0.00677	0.01501	0.01195	0.06589	0.01077	0.01214	0.00869	0.00434	0.00426	0.00089	0.00421	0.00348	0.00356	0.78437
12	0.02106	0.02584	0.01603	0.01436	0.01740	0.71168	0.01086	0.08718	0.01688	0.01571	0.00913	0.01045	0.00746	0.00588	0.00512	0.00147	0.00980	0.00375	0.00314	0.00680
13	0.64494	0.08198	0.01134	0.00834	0.01209	0.01392	0.00703	0.10455	0.01197	0.04856	0.00896	0.00997	0.00685	0.00543	0.00382	0.00169	0.00473	0.00337	0.00375	0.00672
14	0.01402	0.15016	0.06646	0.27740	0.20662	0.01409	0.03681	0.04448	0.01278	0.08364	0.01128	0.01401	0.00866	0.00548	0.00523	0.00167	0.00672	0.00473	0.02813	0.00762
15	0.02760	0.00608	0.00805	0.00806	0.00882	0.00668	0.00577	0.02650	0.00934	0.01329	0.01714	0.09555	0.01789	0.28211	0.43416	0.00695	0.01048	0.00752	0.00341	0.00460
16	0.00815	0.00569	0.00732	0.00720	0.00847	0.00520	0.00529	0.01033	0.01458	0.04341	0.52253	0.19843	0.11650	0.01289	0.00672	0.00189	0.00287	0.01140	0.00593	0.00524
17	0.00866	0.00545	0.00726	0.00800	0.00883	0.00503	0.00560	0.00995	0.01182	0.08266	0.09759	0.62493	0.04970	0.01600	0.00700	0.00219	0.00339	0.03537	0.00547	0.00511
18	0.01583	0.00914	0.01114	0.00943	0.01226	0.00907	0.00741	0.13822	0.09921	0.24418	0.25706	0.09533	0.02824	0.02900	0.00667	0.00190	0.00419	0.00805	0.00612	0.00755
19	0.41675	0.01309	0.01254	0.01012	0.01413	0.01465	0.00835	0.35824	0.01779	0.06902	0.01123	0.01170	0.00812	0.00603	0.00460	0.00172	0.00523	0.00413	0.00467	0.00790
20	0.01371	0.01097	0.01210	0.01096	0.01379	0.01242	0.00854	0.08553	0.51603	0.04916	0.02231	0.09062	0.01835	0.01173	0.07492	0.00257	0.00547	0.02719	0.00546	0.00815
21	0.00920	0.00618	0.00830	0.00863	0.00935	0.00631	0.00618	0.01043	0.01139	0.08207	0.09268	0.55387	0.03289	0.04227	0.00891	0.00232	0.08556	0.01314	0.00512	0.00521
22	0.04428	0.66926	0.02686	0.01023	0.01474	0.12799	0.00968	0.01763	0.01200	0.01373	0.00795	0.00919	0.00719	0.00497	0.00381	0.00126	0.00654	0.00310	0.00251	0.00709
23	0.24638	0.07238	0.01486	0.01114	0.01488	0.09771	0.00918	0.28043	0.04500	0.09224	0.01177	0.01233	0.00873	0.00632	0.00560	0.00170	0.05272	0.00430	0.00444	0.00789
24	0.01467	0.01213	0.01617	0.09144	0.15206	0.01358	0.03505	0.12126	0.26514	0.06111	0.02966	0.01890	0.01348	0.03695	0.00775	0.00202	0.07550	0.02051	0.00447	0.00814
25	0.00922	0.00611	0.00807	0.00838	0.00949	0.00593	0.00627	0.01085	0.01247	0.08355	0.15491	0.39924	0.10325	0.01467	0.00756	0.00216	0.04392	0.10322	0.00540	0.00532
26	0.01192	0.01033	0.01662	0.59898	0.03320	0.01238	0.03930	0.07997	0.01264	0.04063	0.01121	0.01564	0.00851	0.00899	0.07440	0.00249	0.00804	0.00518	0.00298	0.00659
27	0.00686	0.00490	0.00653	0.00784	0.00816	0.00457	0.00522	0.00784	0.01077	0.01437	0.03102	0.79855	0.03722	0.01763	0.00718	0.00229	0.00326	0.01600	0.00522	0.00457
28	0.00950	0.00500	0.00736	0.00736	0.00752	0.00502	0.00500	0.00755	0.00772	0.01027	0.01254	0.01933	0.04875	0.02075	0.07035	0.73987	0.00544	0.00532	0.00262	0.00273
29	0.01431	0.38560	0.02187	0.09290	0.06782	0.09824	0.03089	0.01700	0.03251	0.01541	0.01001	0.01195	0.00844	0.00518	0.00434	0.00134	0.00622	0.00385	0.07648	0.09565
30	0.00813	0.00608	0.00812	0.00810	0.00926	0.00630	0.00608	0.01091	0.05305	0.01728	0.28390	0.14049	0.06923	0.04395	0.28543	0.00458	0.00743	0.02171	0.00475	0.00522

[dist]
# distance from previous block
# <min> <max>
0	36

[block]
# block no. 10 follows, 42 sequences, length 9
# corresponding to MSA columns:
# 625-633
name=unknown_K
#
# <colnr> <probs for GDERKNQSTAVLIFYWHMCP>
#	G	D	E	R	K	N	Q	S	T	A	V	L	I	F	Y	W	H	M	C	P
0	0.14633	0.12045	0.05984	0.05937	0.01661	0.16816	0.03549	0.10805	0.05860	0.04040	0.05878	0.01437	0.01149	0.00612	0.00487	0.00159	0.00638	0.00456	0.04951	0.02903
1	0.05535	0.01180	0.03260	0.22690	0.21723	0.01232	0.03678	0.13355	0.01461	0.07092	0.03225	0.01871	0.07780	0.00755	0.02604	0.00196	0.00650	0.00576	0.00378	0.00759
2	0.06397	0.00643	0.00707	0.00676	0.00844	0.00646	0.00511	0.01434	0.06408	0.06851	0.18230	0.09949	0.02469	0.00872	0.00504	0.00160	0.00307	0.00732	0.41082	0.00577
3	0.01268	0.00879	0.03858	0.00882	0.01131	0.00814	0.00717	0.08779	0.09934	0.12967	0.30426	0.08538	0.06393	0.00993	0.00607	0.00180	0.00384	0.02589	0.07983	0.00677
4	0.01232	0.01163	0.01936	0.29241	0.41993	0.01280	0.01551	0.01546	0.01172	0.01622	0.01064	0.01567	0.00907	0.05654	0.00786	0.00203	0.05543	0.00521	0.00271	0.00747
5	0.01399	0.01281	0.05857	0.10312	0.01812	0.01336	0.03364	0.14697	0.39038	0.02313	0.05813	0.02043	0.01602	0.05742	0.00720	0.00208	0.00546	0.00618	0.00492	0.00809
6	0.00815	0.00590	0.00825	0.00834	0.00909	0.00657	0.00619	0.00965	0.00908	0.01274	0.01681	0.02897	0.01707	0.24772	0.52175	0.00762	0.01177	0.05645	0.00327	0.00459
7	0.04239	0.01554	0.14947	0.04596	0.06893	0.01348	0.09069	0.14644	0.22593	0.09033	0.04211	0.01698	0.01287	0.00652	0.00568	0.00181	0.00620	0.00560	0.00455	0.00851
8	0.71347	0.01146	0.00941	0.00819	0.01177	0.01320	0.00672	0.09465	0.04899	0.02624	0.00920	0.01020	0.00702	0.00551	0.00382	0.00174	0.00455	0.00343	0.00382	0.00660

[dist]
# distance from previous block
# <min> <max>
0	9

[block]
# block no. 11 follows, 42 sequences, length 15
# corresponding to MSA columns:
# 643-657
name=unknown_L
#
# <colnr> <probs for GDERKNQSTAVLIFYWHMCP>
#	G	D	E	R	K	N	Q	S	T	A	V	L	I	F	Y	W	H	M	C	P
0	0.01209	0.01174	0.01650	0.06581	0.01588	0.01620	0.01203	0.01357	0.00898	0.01404	0.00822	0.01301	0.00782	0.00937	0.01674	0.00235	0.69237	0.00495	0.05221	0.00611
1	0.01156	0.02638	0.08352	0.08334	0.09743	0.05152	0.06590	0.04772	0.01437	0.03699	0.29121	0.04659	0.04986	0.00871	0.00669	0.00182	0.04194	0.02344	0.00439	0.00662
2	0.02020	0.02111	0.01569	0.01414	0.04175	0.48064	0.01061	0.12764	0.01697	0.09910	0.04533	0.01332	0.01046	0.00653	0.00607	0.00160	0.05320	0.00447	0.00386	0.00730
3	0.01445	0.02931	0.08259	0.08989	0.05166	0.04517	0.05307	0.16851	0.15387	0.05947	0.01692	0.10998	0.01476	0.07559	0.00776	0.00214	0.00608	0.00680	0.00441	0.00757
4	0.01285	0.01162	0.01835	0.30047	0.34047	0.01272	0.01471	0.08553	0.04167	0.01842	0.01287	0.08151	0.01120	0.00658	0.00574	0.00181	0.00656	0.00600	0.00327	0.00765
5	0.00946	0.00597	0.00787	0.00773	0.00852	0.00621	0.00537	0.01050	0.00944	0.07693	0.01839	0.10326	0.01910	0.37043	0.30950	0.00619	0.00883	0.00791	0.00374	0.00466
6	0.06145	0.00944	0.00925	0.00814	0.01055	0.05487	0.00636	0.14721	0.05278	0.08722	0.01745	0.05367	0.01379	0.00707	0.00467	0.00152	0.00412	0.00557	0.43820	0.00667
7	0.04462	0.07567	0.01027	0.00817	0.01039	0.00899	0.00658	0.08280	0.07476	0.03719	0.12539	0.08944	0.12612	0.01087	0.02565	0.00196	0.00418	0.08026	0.17054	0.00613
8	0.03367	0.00962	0.01295	0.04034	0.01402	0.05453	0.12185	0.04955	0.03534	0.06018	0.10980	0.15598	0.02204	0.17164	0.01067	0.00256	0.00548	0.00831	0.04218	0.03929
9	0.01896	0.01277	0.01320	0.01059	0.01420	0.08363	0.00853	0.31533	0.01942	0.18964	0.07954	0.01786	0.01466	0.00696	0.00535	0.00159	0.00533	0.00543	0.12662	0.05038
10	0.12741	0.06462	0.01350	0.00991	0.01366	0.01052	0.04145	0.03468	0.10881	0.37105	0.05987	0.01854	0.01477	0.00679	0.00519	0.00170	0.00470	0.00547	0.07919	0.00816
11	0.00815	0.00550	0.00651	0.00651	0.00682	0.00547	0.00401	0.00879	0.00963	0.01327	0.12930	0.07500	0.02560	0.57491	0.06743	0.00482	0.00540	0.00866	0.03031	0.00390
12	0.03555	0.03315	0.01143	0.00952	0.01170	0.01011	0.00753	0.13241	0.03147	0.14586	0.02060	0.13137	0.06797	0.05425	0.06678	0.00259	0.10167	0.00735	0.11198	0.00670
13	0.03747	0.00965	0.04652	0.07488	0.03104	0.00906	0.05644	0.03817	0.10261	0.10852	0.19330	0.07128	0.02368	0.07691	0.02600	0.00226	0.00509	0.00739	0.04699	0.03274
14	0.07983	0.10059	0.01662	0.01158	0.01545	0.05956	0.06701	0.18922	0.04724	0.07588	0.05377	0.01506	0.01180	0.01973	0.00630	0.00162	0.05724	0.00486	0.02009	0.14654

[dist]
# distance from previous block
# <min> <max>
1	15

[block]
# block no. 12 follows, 42 sequences, length 9
# corresponding to MSA columns:
# 673-681
name=unknown_M
#
# <colnr> <probs for GDERKNQSTAVLIFYWHMCP>
#	G	D	E	R	K	N	Q	S	T	A	V	L	I	F	Y	W	H	M	C	P
0	0.01135	0.00907	0.01196	0.16486	0.01704	0.04135	0.03402	0.05079	0.06506	0.05663	0.11823	0.20199	0.02292	0.01194	0.04954	0.00233	0.04482	0.02419	0.05572	0.00616
1	0.00744	0.00552	0.00657	0.00668	0.00798	0.00496	0.00487	0.00932	0.01353	0.01825	0.32644	0.21075	0.28159	0.01346	0.00660	0.00190	0.00285	0.01172	0.05460	0.00496
2	0.01164	0.00684	0.00883	0.00815	0.01008	0.00634	0.00631	0.04442	0.01526	0.16253	0.38621	0.14077	0.08992	0.01178	0.00657	0.00190	0.00350	0.06676	0.00604	0.00615
3	0.01707	0.01162	0.01270	0.01054	0.01389	0.01268	0.00845	0.29319	0.23052	0.10821	0.01815	0.01805	0.01334	0.00824	0.03268	0.00194	0.00515	0.00557	0.16965	0.00836
4	0.76115	0.01075	0.00875	0.00766	0.01123	0.01219	0.00631	0.01762	0.01022	0.09905	0.00926	0.01013	0.00687	0.00540	0.00370	0.00174	0.00440	0.00331	0.00383	0.00644
5	0.05134	0.01497	0.01656	0.01293	0.01724	0.01659	0.03989	0.57728	0.14079	0.03249	0.01469	0.01459	0.01060	0.00675	0.00560	0.00173	0.00598	0.00526	0.00545	0.00925
6	0.08235	0.02755	0.70764	0.01530	0.02320	0.01303	0.01954	0.01771	0.01168	0.01846	0.00991	0.01165	0.00704	0.00534	0.00519	0.00178	0.00798	0.00406	0.00247	0.00813
7	0.01661	0.60203	0.02556	0.01021	0.01475	0.06929	0.00957	0.04516	0.05606	0.08966	0.01038	0.01096	0.00855	0.00532	0.00410	0.00133	0.00608	0.00358	0.00320	0.00759
8	0.57219	0.01459	0.07572	0.01026	0.03345	0.10212	0.00867	0.03871	0.03281	0.02287	0.00879	0.01022	0.00687	0.00560	0.00462	0.00174	0.03731	0.00349	0.00339	0.00659

[dist]
# distance from previous block
# <min> <max>
0	1

[block]
# block no. 13 follows, 42 sequences, length 12
# corresponding to MSA columns:
# 683-694
name=unknown_N
#
# <colnr> <probs for GDERKNQSTAVLIFYWHMCP>
#	G	D	E	R	K	N	Q	S	T	A	V	L	I	F	Y	W	H	M	C	P
0	0.05166	0.01131	0.01477	0.22480	0.12133	0.05315	0.02886	0.08939	0.06442	0.01969	0.04361	0.01860	0.01253	0.00674	0.00593	0.00175	0.03998	0.03867	0.12579	0.02701
1	0.00881	0.00592	0.00721	0.00687	0.00850	0.00529	0.00516	0.01094	0.01447	0.07229	0.41877	0.10353	0.25347	0.01227	0.00651	0.00183	0.00291	0.01062	0.03925	0.00539
2	0.01014	0.00721	0.01031	0.04520	0.01184	0.00768	0.04139	0.01222	0.01177	0.06715	0.16783	0.05351	0.04845	0.11797	0.16460	0.00381	0.07317	0.06520	0.07508	0.00546
3	0.00750	0.00555	0.00695	0.00748	0.00850	0.00514	0.00551	0.00916	0.01259	0.01664	0.20969	0.29842	0.19210	0.06798	0.00848	0.00234	0.00347	0.12237	0.00533	0.00480
4	0.00917	0.00525	0.00771	0.00771	0.00799	0.00553	0.00536	0.00815	0.00787	0.01078	0.01188	0.02007	0.01182	0.08837	0.23261	0.54059	0.00776	0.00547	0.00268	0.00324
5	0.04705	0.59609	0.06099	0.01057	0.01532	0.07726	0.01023	0.09657	0.01335	0.01635	0.00861	0.00973	0.00743	0.00514	0.00401	0.00132	0.00639	0.00333	0.00283	0.00743
6	0.00747	0.00561	0.00697	0.00735	0.00857	0.00512	0.00552	0.00934	0.01332	0.01762	0.27784	0.24545	0.24200	0.01441	0.00694	0.00205	0.00321	0.11072	0.00554	0.00495
7	0.07841	0.03980	0.05574	0.05288	0.02257	0.24014	0.30424	0.02008	0.01391	0.10205	0.01133	0.01337	0.00844	0.00541	0.00564	0.00171	0.00853	0.00508	0.00333	0.00735
