[name]
unknown

[dist]
# distance from previous block
# <min> <max>
0	413

[block]
# block no. 0 follows, 48 sequences, length 6
# corresponding to MSA columns:
# 536-541
name=unknown_A
#
# <colnr> <probs for GDERKNQSTAVLIFYWHMCP>
#	G	D	E	R	K	N	Q	S	T	A	V	L	I	F	Y	W	H	M	C	P
0	0.00805	0.00622	0.00646	0.00653	0.00682	0.05687	0.00406	0.00842	0.00831	0.01071	0.01705	0.13647	0.01943	0.59044	0.08896	0.00463	0.00574	0.00798	0.00327	0.00356
1	0.01499	0.27817	0.21129	0.04605	0.05460	0.09001	0.01196	0.11314	0.01321	0.10638	0.01011	0.01101	0.00763	0.00509	0.00443	0.00141	0.00634	0.00374	0.00311	0.00733
2	0.01365	0.04281	0.10451	0.14670	0.14904	0.01107	0.10995	0.06891	0.03586	0.15986	0.06428	0.01678	0.04167	0.00588	0.00525	0.00161	0.00591	0.00531	0.00370	0.00724
3	0.00780	0.00580	0.03322	0.00714	0.00836	0.00491	0.00548	0.00941	0.01123	0.05779	0.12326	0.41070	0.15046	0.01313	0.00612	0.00189	0.00318	0.07187	0.06351	0.00473
4	0.00647	0.00469	0.00611	0.00707	0.00755	0.00443	0.00487	0.00747	0.00989	0.01305	0.02885	0.62560	0.09548	0.06364	0.04419	0.00252	0.00366	0.05571	0.00457	0.00417
5	0.12324	0.06682	0.17793	0.03632	0.08572	0.06805	0.07352	0.09732	0.01236	0.07048	0.02816	0.01358	0.00919	0.05150	0.03560	0.00200	0.03381	0.00443	0.00317	0.00679

[dist]
# distance from previous block
# <min> <max>
1	18

[block]
# block no. 1 follows, 48 sequences, length 20
# corresponding to MSA columns:
# 560-579
name=unknown_B
#
# <colnr> <probs for GDERKNQSTAVLIFYWHMCP>
#	G	D	E	R	K	N	Q	S	T	A	V	L	I	F	Y	W	H	M	C	P
0	0.03604	0.29232	0.23777	0.01071	0.01571	0.05637	0.01123	0.03999	0.01140	0.07077	0.00917	0.01030	0.00721	0.00485	0.00455	0.00131	0.03400	0.00341	0.00276	0.14012
1	0.01092	0.06793	0.02831	0.05742	0.01205	0.10644	0.00714	0.07526	0.03818	0.04205	0.30761	0.05715	0.12929	0.02034	0.00578	0.00163	0.00437	0.01799	0.00451	0.00565
2	0.00679	0.00515	0.00625	0.00614	0.00741	0.00461	0.00454	0.00870	0.01316	0.01772	0.47954	0.12176	0.27584	0.01184	0.00611	0.00170	0.00253	0.01031	0.00528	0.00461
3	0.01520	0.46084	0.06515	0.01109	0.04156	0.15779	0.00984	0.12586	0.01322	0.01566	0.00830	0.00939	0.00699	0.00482	0.00397	0.00123	0.00626	0.00325	0.00274	0.03682
4	0.00675	0.00486	0.00649	0.00748	0.00810	0.00459	0.00545	0.00811	0.01075	0.01430	0.10115	0.55902	0.06202	0.01504	0.00659	0.00208	0.00327	0.16476	0.00484	0.00435
5	0.01444	0.28724	0.18111	0.05846	0.04187	0.04135	0.01120	0.06582	0.06191	0.13065	0.01106	0.01174	0.00832	0.00511	0.00438	0.00139	0.00582	0.00384	0.00326	0.05104
6	0.01362	0.07958	0.19381	0.05066	0.16223	0.07705	0.09460	0.10130	0.03993	0.06870	0.01183	0.06252	0.00967	0.00578	0.00507	0.00158	0.00652	0.00502	0.00321	0.00733
7	0.00625	0.00447	0.00595	0.00714	0.00744	0.00417	0.00476	0.00714	0.00982	0.01310	0.02828	0.81633	0.03394	0.01608	0.00655	0.00208	0.00298	0.01459	0.00476	0.00417
8	0.01081	0.00978	0.01621	0.60090	0.18141	0.01148	0.01411	0.01452	0.03875	0.03862	0.01000	0.01381	0.00760	0.00513	0.00512	0.00167	0.00651	0.00463	0.00257	0.00636
9	0.01455	0.01399	0.14736	0.13469	0.20146	0.01191	0.05149	0.15888	0.03478	0.13351	0.01188	0.01332	0.00862	0.00529	0.00508	0.00157	0.00611	0.00459	0.00358	0.03733
10	0.00931	0.00593	0.00820	0.00826	0.00946	0.00562	0.03272	0.04859	0.01151	0.10756	0.05199	0.57318	0.02940	0.01367	0.00631	0.00199	0.00358	0.06271	0.00492	0.00510
11	0.02007	0.01165	0.01341	0.01039	0.01425	0.01209	0.00855	0.42607	0.04630	0.31532	0.01581	0.01484	0.01069	0.00625	0.00507	0.00155	0.00494	0.00487	0.04938	0.00850
12	0.00891	0.00446	0.00668	0.00668	0.00668	0.00446	0.00446	0.00668	0.00668	0.00891	0.00891	0.01560	0.00891	0.01783	0.02005	0.85071	0.00446	0.00446	0.00223	0.00223
13	0.26966	0.01617	0.01152	0.01075	0.03812	0.35422	0.00803	0.06372	0.06762	0.01833	0.00981	0.01096	0.00776	0.00535	0.00418	0.00144	0.00629	0.00359	0.08638	0.00611
14	0.79530	0.00987	0.00810	0.06410	0.01174	0.01150	0.00618	0.01494	0.00884	0.02231	0.00729	0.00872	0.00565	0.00479	0.00332	0.00160	0.00417	0.00291	0.00311	0.00557
15	0.00683	0.00516	0.00603	0.00589	0.00727	0.00459	0.00439	0.00871	0.01294	0.01736	0.40779	0.08136	0.34984	0.01159	0.00596	0.00167	0.00252	0.00997	0.04553	0.00459
16	0.01064	0.00912	0.01064	0.00760	0.01216	0.00684	0.00608	0.01292	0.01064	0.01672	0.00912	0.01064	0.00760	0.00380	0.00380	0.00076	0.00380	0.00304	0.00304	0.85104
17	0.03156	0.09829	0.05038	0.00948	0.01300	0.06014	0.01842	0.07898	0.12559	0.04573	0.11163	0.01641	0.01447	0.00695	0.02833	0.00154	0.02816	0.01423	0.00382	0.24288
18	0.01277	0.03793	0.14100	0.15202	0.11321	0.03506	0.06358	0.13386	0.03378	0.03359	0.03111	0.01299	0.00884	0.00558	0.00611	0.00158	0.08379	0.00449	0.00309	0.08564
19	0.00982	0.04703	0.01184	0.10661	0.01328	0.01048	0.00826	0.04931	0.00980	0.01398	0.06698	0.04729	0.01399	0.14247	0.13441	0.00334	0.25063	0.00577	0.04960	0.00512

[dist]
# distance from previous block
# <min> <max>
0	1

[block]
# block no. 2 follows, 48 sequences, length 37
# corresponding to MSA columns:
# 581-617
name=unknown_C
#
# <colnr> <probs for GDERKNQSTAVLIFYWHMCP>
#	G	D	E	R	K	N	Q	S	T	A	V	L	I	F	Y	W	H	M	C	P
0	0.00974	0.00922	0.01570	0.79076	0.03516	0.01143	0.03018	0.01318	0.01030	0.01318	0.00915	0.01368	0.00686	0.00511	0.00515	0.00171	0.00688	0.00459	0.00229	0.00573
1	0.10854	0.00984	0.01151	0.03769	0.01357	0.00908	0.00729	0.11924	0.03021	0.24922	0.01289	0.01293	0.00919	0.00510	0.00439	0.00126	0.00435	0.00397	0.00434	0.34538
2	0.01148	0.07562	0.07958	0.05489	0.03634	0.03463	0.10409	0.01704	0.19963	0.05531	0.04458	0.14404	0.03109	0.00793	0.00583	0.00172	0.03497	0.03114	0.00390	0.02619
3	0.01070	0.00692	0.00859	0.00757	0.00951	0.00677	0.00586	0.07357	0.08377	0.11787	0.55961	0.03194	0.03787	0.00931	0.00579	0.00162	0.00307	0.00808	0.00566	0.00593
4	0.00891	0.00446	0.00668	0.00668	0.00668	0.00446	0.00446	0.00668	0.00668	0.00891	0.00891	0.01560	0.00891	0.01783	0.02005	0.85071	0.00446	0.00446	0.00223	0.00223
5	0.01107	0.01081	0.01940	0.35596	0.29634	0.01162	0.14198	0.01445	0.01116	0.01508	0.01057	0.01594	0.00877	0.00532	0.00538	0.00169	0.00676	0.04842	0.00257	0.00670
6	0.00698	0.00510	0.00634	0.00689	0.00754	0.00502	0.00487	0.00812	0.01017	0.01381	0.05703	0.45795	0.15493	0.07768	0.00832	0.00218	0.04663	0.03888	0.07726	0.00429
7	0.00632	0.00451	0.00603	0.00722	0.00755	0.00422	0.00488	0.00726	0.00989	0.01317	0.02824	0.79154	0.03379	0.01601	0.00657	0.00209	0.00303	0.03872	0.00476	0.00419
8	0.00637	0.00455	0.00597	0.00698	0.00741	0.00423	0.00472	0.00741	0.01024	0.01375	0.08147	0.71979	0.06235	0.01539	0.00644	0.00202	0.00291	0.01391	0.01984	0.00423
9	0.67364	0.01063	0.00923	0.07648	0.01290	0.02734	0.00686	0.09901	0.01069	0.02300	0.00791	0.00926	0.00604	0.00496	0.00359	0.00159	0.00451	0.00315	0.00331	0.00593
10	0.00755	0.00541	0.00779	0.00775	0.00872	0.00612	0.00600	0.00949	0.00900	0.01333	0.07513	0.02149	0.01568	0.03298	0.65598	0.00701	0.01170	0.00572	0.08853	0.00462
11	0.00820	0.00767	0.07559	0.05173	0.01153	0.00644	0.00765	0.05625	0.01184	0.01598	0.11385	0.38069	0.02922	0.01279	0.00631	0.00200	0.00410	0.18859	0.00452	0.00504
12	0.01269	0.00906	0.01085	0.00785	0.01232	0.00696	0.00632	0.01492	0.01131	0.14486	0.01096	0.01177	0.00844	0.00422	0.00402	0.00090	0.00389	0.00339	0.00359	0.71169
13	0.01787	0.01138	0.01297	0.01024	0.01408	0.01176	0.00832	0.29673	0.19924	0.24170	0.01622	0.01520	0.01137	0.00613	0.00501	0.00151	0.00470	0.00487	0.00526	0.10544
14	0.01555	0.01815	0.05828	0.01837	0.24559	0.35611	0.01204	0.07700	0.01350	0.01560	0.01032	0.01223	0.03501	0.00575	0.00605	0.00152	0.08510	0.00420	0.00282	0.00682
15	0.01412	0.01075	0.01636	0.28663	0.22690	0.02495	0.03766	0.07783	0.04153	0.16223	0.01235	0.02790	0.00926	0.00561	0.00542	0.00164	0.02315	0.00493	0.00351	0.00727
16	0.13477	0.30085	0.03607	0.00986	0.01393	0.01523	0.02573	0.23460	0.01482	0.12587	0.01119	0.01249	0.00867	0.00555	0.00428	0.00143	0.00526	0.02824	0.00384	0.00732
17	0.01059	0.07535	0.08337	0.63280	0.03140	0.01239	0.01398	0.05443	0.01107	0.01434	0.00914	0.01293	0.00689	0.00510	0.00496	0.00164	0.00673	0.00435	0.00242	0.00610
18	0.00986	0.00939	0.01616	0.64088	0.03156	0.01131	0.08295	0.01318	0.01055	0.01387	0.05110	0.01498	0.00926	0.00555	0.00582	0.00173	0.04648	0.00495	0.01470	0.00575
19	0.04699	0.11822	0.22897	0.08154	0.05366	0.01183	0.08198	0.04820	0.01248	0.23067	0.02911	0.01351	0.00942	0.00535	0.00486	0.00155	0.00607	0.00446	0.00363	0.00748
20	0.03451	0.01190	0.08185	0.01159	0.01577	0.02787	0.10253	0.07112	0.06275	0.45422	0.01635	0.01549	0.01089	0.00601	0.00564	0.00162	0.03726	0.00501	0.00501	0.02260
21	0.01161	0.00857	0.01077	0.07289	0.01364	0.00953	0.00843	0.01796	0.27011	0.10239	0.08430	0.03097	0.04776	0.00938	0.00681	0.00192	0.07384	0.20792	0.00474	0.00646
22	0.00775	0.00493	0.00652	0.00721	0.00796	0.00455	0.00500	0.00884	0.01047	0.08049	0.05603	0.65612	0.07293	0.01547	0.02759	0.00217	0.00334	0.01313	0.00488	0.00461
23	0.01427	0.03261	0.25835	0.08244	0.07008	0.01113	0.14811	0.03502	0.04731	0.21288	0.02895	0.01434	0.00977	0.00538	0.00521	0.00163	0.00645	0.00486	0.00361	0.00760
24	0.01123	0.07360	0.01613	0.65668	0.04967	0.01179	0.01327	0.01438	0.01069	0.08022	0.00993	0.01355	0.00736	0.00516	0.00499	0.00165	0.00650	0.00447	0.00263	0.00609
25	0.01301	0.01140	0.01921	0.15925	0.60072	0.01169	0.01485	0.01604	0.01168	0.07749	0.01040	0.01324	0.00827	0.00481	0.00509	0.00156	0.00608	0.00462	0.00280	0.00777
26	0.00969	0.00912	0.01539	0.80734	0.03534	0.01140	0.01425	0.01311	0.01026	0.01311	0.00912	0.01368	0.00684	0.00513	0.00513	0.00171	0.00684	0.00456	0.00228	0.00570
27	0.09843	0.01102	0.01694	0.14143	0.06518	0.02849	0.18156	0.07301	0.02922	0.26899	0.02643	0.01470	0.00992	0.00548	0.00516	0.00163	0.00596	0.00500	0.00411	0.00735
28	0.01240	0.02359	0.66385	0.01372	0.02070	0.01119	0.01707	0.01770	0.01147	0.14446	0.01103	0.01193	0.00753	0.00512	0.00492	0.00162	0.00705	0.00402	0.00286	0.00777
29	0.00735	0.00543	0.00792	0.00792	0.00873	0.00624	0.00601	0.00895	0.00815	0.01167	0.01404	0.02180	0.01354	0.13429	0.70451	0.00785	0.01267	0.00574	0.00279	0.00440
30	0.05257	0.00880	0.04060	0.22605	0.08412	0.00914	0.02555	0.01283	0.01078	0.07936	0.12868	0.03957	0.03038	0.04491	0.00867	0.08204	0.07456	0.03240	0.00342	0.00557
31	0.01292	0.28981	0.37210	0.03065	0.07723	0.04154	0.01399	0.01669	0.01118	0.07608	0.00938	0.01064	0.00716	0.00483	0.00438	0.00143	0.00656	0.00361	0.00256	0.00728
32	0.01562	0.05217	0.03963	0.00869	0.01153	0.00781	0.00715	0.06948	0.01316	0.37582	0.02141	0.24982	0.03772	0.01031	0.03376	0.00194	0.00447	0.00783	0.02480	0.00689
33	0.00744	0.00568	0.00715	0.05461	0.00958	0.00549	0.00550	0.04949	0.01232	0.01632	0.22989	0.33099	0.20433	0.01268	0.00616	0.00184	0.00316	0.02779	0.00487	0.00473
34	0.03054	0.05906	0.06500	0.12594	0.05746	0.02414	0.17820	0.01625	0.02871	0.14414	0.07376	0.02943	0.02426	0.00573	0.00527	0.00153	0.01588	0.00527	0.00355	0.10588
35	0.04819	0.01172	0.02165	0.08733	0.02208	0.01152	0.40739	0.06439	0.02959	0.15926	0.01327	0.04447	0.01018	0.00570	0.00586	0.00172	0.02185	0.02316	0.00362	0.00705
36	0.00989	0.00738	0.01032	0.00944	0.01030	0.00892	0.00748	0.01147	0.00950	0.08044	0.09064	0.07722	0.01625	0.04633	0.29707	0.00433	0.25402	0.00623	0.03756	0.00521

[dist]
# distance from previous block
# <min> <max>
3	18

[block]
# block no. 3 follows, 48 sequences, length 30
# corresponding to MSA columns:
# 637-666
name=unknown_D
#
# <colnr> <probs for GDERKNQSTAVLIFYWHMCP>
#	G	D	E	R	K	N	Q	S	T	A	V	L	I	F	Y	W	H	M	C	P
0	0.03453	0.06154	0.09326	0.01087	0.01446	0.09695	0.00951	0.12273	0.21637	0.13516	0.04646	0.01501	0.01198	0.00629	0.00568	0.00157	0.05907	0.00474	0.00427	0.04954
1	0.05594	0.28358	0.18679	0.05228	0.01603	0.01416	0.01077	0.09657	0.06203	0.10294	0.02960	0.01230	0.00914	0.00584	0.00503	0.03710	0.00562	0.00396	0.00330	0.00704
2	0.00939	0.00964	0.05538	0.69080	0.03202	0.01076	0.01357	0.01273	0.01034	0.01331	0.01209	0.05030	0.04680	0.00599	0.00522	0.00172	0.00650	0.00527	0.00251	0.00566
3	0.24710	0.04652	0.01198	0.00965	0.01296	0.01344	0.00780	0.18806	0.36562	0.02390	0.01460	0.01418	0.01094	0.00607	0.00455	0.00163	0.00445	0.00457	0.00451	0.00748
4	0.01141	0.02461	0.12824	0.01394	0.13879	0.03636	0.04998	0.03483	0.06275	0.06730	0.04599	0.09378	0.05295	0.00806	0.00549	0.00168	0.00527	0.12729	0.00380	0.08749
5	0.04914	0.01501	0.16047	0.12320	0.15096	0.01281	0.22375	0.12899	0.05138	0.01893	0.01055	0.01288	0.00792	0.00500	0.00525	0.00164	0.00691	0.00483	0.00300	0.00735
6	0.01105	0.20264	0.62363	0.01333	0.02021	0.01377	0.01671	0.01605	0.01074	0.01533	0.00875	0.01026	0.00652	0.00477	0.00452	0.00151	0.00712	0.00356	0.00217	0.00736
7	0.01177	0.01321	0.07746	0.01834	0.02294	0.01158	0.55815	0.01612	0.04526	0.04970	0.01338	0.11263	0.01147	0.00601	0.00596	0.00176	0.00750	0.00690	0.00311	0.00676
8	0.04481	0.07063	0.23564	0.08083	0.04569	0.05052	0.06182	0.03141	0.13831	0.12933	0.05123	0.01472	0.01118	0.00569	0.00496	0.00160	0.00601	0.00472	0.00361	0.00731
9	0.01231	0.00991	0.01025	0.00950	0.01187	0.06317	0.00742	0.05930	0.36587	0.07319	0.03882	0.11706	0.07951	0.00915	0.00558	0.00179	0.00428	0.09139	0.02284	0.00677
10	0.00677	0.00517	0.00711	0.04967	0.00932	0.00533	0.00570	0.00781	0.00971	0.01305	0.02581	0.71945	0.03066	0.01502	0.00717	0.00208	0.05798	0.01337	0.00446	0.00435
11	0.01061	0.00983	0.01545	0.62017	0.03035	0.01243	0.01344	0.06439	0.01080	0.01429	0.00894	0.01318	0.00695	0.00585	0.00709	0.00179	0.14154	0.00455	0.00247	0.00589
12	0.01211	0.01384	0.03028	0.02163	0.02682	0.01298	0.76903	0.01644	0.01211	0.01644	0.01038	0.01384	0.00779	0.00433	0.00606	0.00173	0.00865	0.00606	0.00260	0.00692
13	0.00630	0.00521	0.00552	0.00544	0.00707	0.00443	0.00408	0.00781	0.01224	0.01516	0.19359	0.04725	0.64316	0.01251	0.00606	0.00171	0.00256	0.01053	0.00494	0.00443
14	0.00724	0.00527	0.00663	0.00729	0.00802	0.00505	0.00506	0.06097	0.01128	0.01501	0.08019	0.65303	0.08607	0.01478	0.00638	0.00199	0.00310	0.01326	0.00485	0.00455
15	0.00703	0.00521	0.00655	0.00627	0.00754	0.00473	0.00468	0.00921	0.01389	0.01920	0.63702	0.06764	0.16980	0.01110	0.00607	0.00165	0.00247	0.00972	0.00547	0.00473
16	0.01372	0.82276	0.02689	0.00878	0.01317	0.02030	0.00878	0.01536	0.01043	0.01207	0.00713	0.00823	0.00658	0.00439	0.00329	0.00110	0.00549	0.00274	0.00219	0.00658
17	0.00798	0.00534	0.00652	0.00644	0.00784	0.00474	0.00474	0.00961	0.01243	0.08346	0.28627	0.23339	0.28744	0.01235	0.00610	0.00177	0.00279	0.01076	0.00520	0.00484
18	0.01064	0.00912	0.01064	0.00760	0.01216	0.00684	0.00608	0.01292	0.01064	0.01672	0.00912	0.01064	0.00760	0.00380	0.00380	0.00076	0.00380	0.00304	0.00304	0.85104
19	0.00969	0.00912	0.01539	0.80734	0.03534	0.01140	0.01425	0.01311	0.01026	0.01311	0.00912	0.01368	0.00684	0.00513	0.00513	0.00171	0.00684	0.00456	0.00228	0.00570
20	0.01276	0.01102	0.01160	0.01044	0.01334	0.01276	0.00812	0.02727	0.77840	0.02146	0.02088	0.01914	0.01566	0.00696	0.00522	0.00174	0.00406	0.00580	0.00522	0.00812
21	0.01787	0.01415	0.01271	0.01065	0.01369	0.25538	0.03423	0.15624	0.03794	0.21821	0.01448	0.04768	0.01096	0.00629	0.00485	0.00147	0.00592	0.00488	0.12538	0.00703
22	0.01278	0.00875	0.01045	0.00768	0.01189	0.00682	0.00617	0.01501	0.01137	0.15523	0.01164	0.01246	0.00890	0.00441	0.00403	0.00094	0.00380	0.00354	0.06301	0.64113
23	0.19412	0.39476	0.06598	0.00939	0.01356	0.01660	0.00885	0.16070	0.06165	0.01914	0.00913	0.00989	0.00735	0.00500	0.00384	0.00136	0.00523	0.00337	0.00316	0.00693
24	0.00925	0.00675	0.00812	0.00742	0.00918	0.00665	0.00578	0.09720	0.06206	0.03763	0.48860	0.03649	0.13242	0.01026	0.00595	0.00168	0.00311	0.06053	0.00540	0.00550
25	0.03202	0.00936	0.01230	0.05017	0.12169	0.00791	0.02238	0.01387	0.01110	0.06907	0.01294	0.01427	0.06260	0.00483	0.00432	0.00108	0.00432	0.00407	0.00327	0.53844
26	0.00645	0.00457	0.00598	0.00693	0.00726	0.00430	0.00460	0.00736	0.00991	0.01329	0.08018	0.67963	0.03335	0.09990	0.00856	0.00235	0.00315	0.01347	0.00465	0.00410
27	0.00731	0.00497	0.00572	0.00580	0.00594	0.00495	0.00340	0.00751	0.00784	0.01042	0.01842	0.08865	0.05168	0.69529	0.05761	0.00478	0.00512	0.00802	0.00328	0.00330
28	0.01247	0.01131	0.02014	0.10976	0.09625	0.01225	0.28357	0.01576	0.03350	0.08361	0.01097	0.01397	0.00853	0.00591	0.00807	0.00178	0.19392	0.00519	0.06642	0.00663
29	0.01497	0.08463	0.04685	0.01358	0.01656	0.29283	0.13294	0.08514	0.04523	0.01566	0.00996	0.03505	0.00842	0.00614	0.00686	0.00159	0.13988	0.00452	0.03278	0.00641

[dist]
# distance from previous block
# <min> <max>
0	1

[block]
# block no. 4 follows, 48 sequences, length 43
# corresponding to MSA columns:
# 668-710
name=unknown_E
#
# <colnr> <probs for GDERKNQSTAVLIFYWHMCP>
#	G	D	E	R	K	N	Q	S	T	A	V	L	I	F	Y	W	H	M	C	P
0	0.01196	0.20534	0.30558	0.01079	0.01641	0.01200	0.02350	0.01548	0.01092	0.05990	0.00935	0.01059	0.00725	0.00449	0.00419	0.00122	0.00571	0.00342	0.00270	0.27920
1	0.04295	0.04042	0.08579	0.36551	0.06109	0.01115	0.01185	0.10653	0.02524	0.05627	0.02413	0.09054	0.03098	0.00672	0.00517	0.00169	0.00583	0.01848	0.00330	0.00638
2	0.00670	0.00540	0.00600	0.00587	0.00743	0.00480	0.00439	0.00884	0.04134	0.01625	0.28302	0.07525	0.49223	0.01209	0.00605	0.00171	0.00261	0.01030	0.00506	0.00463
3	0.01160	0.01241	0.02424	0.15596	0.10090	0.01311	0.43235	0.01508	0.01100	0.01518	0.00945	0.01324	0.00747	0.00530	0.00769	0.00180	0.14875	0.00538	0.00247	0.00660
4	0.01271	0.01098	0.01755	0.23601	0.17055	0.04030	0.14642	0.05897	0.03919	0.09382	0.01317	0.10120	0.01120	0.00638	0.00560	0.00169	0.01817	0.00598	0.00334	0.00679
5	0.01264	0.00782	0.00924	0.03709	0.01109	0.00801	0.00655	0.20221	0.01440	0.11997	0.02103	0.25441	0.05040	0.00959	0.00533	0.00168	0.00389	0.03423	0.18432	0.00611
6	0.00721	0.00520	0.00701	0.00806	0.00888	0.00500	0.00632	0.00886	0.01104	0.01450	0.06294	0.39329	0.07436	0.01479	0.00675	0.00217	0.00373	0.35068	0.00479	0.00446
7	0.01141	0.01785	0.37227	0.01519	0.12868	0.01135	0.03594	0.09905	0.08737	0.01905	0.10793	0.01698	0.04202	0.00615	0.00519	0.00162	0.00602	0.00519	0.00338	0.00736
8	0.01084	0.01086	0.01566	0.67732	0.08222	0.09046	0.01391	0.01402	0.01078	0.01329	0.00904	0.01317	0.00690	0.00511	0.00508	0.00166	0.00703	0.00443	0.00233	0.00588
9	0.00789	0.00542	0.00675	0.00659	0.00795	0.00493	0.00491	0.00998	0.02587	0.06443	0.41884	0.17654	0.20267	0.01178	0.00609	0.00174	0.00275	0.02465	0.00532	0.00490
10	0.00625	0.00447	0.00595	0.00714	0.00744	0.00417	0.00476	0.00714	0.00982	0.01310	0.02828	0.81633	0.03394	0.01608	0.00655	0.00208	0.00298	0.01459	0.00476	0.00417
11	0.00734	0.00547	0.00811	0.00811	0.00898	0.00634	0.00624	0.00908	0.00821	0.01181	0.01387	0.02085	0.01313	0.07866	0.75957	0.00808	0.01329	0.00560	0.00277	0.00451
12	0.00757	0.00549	0.00633	0.00626	0.00778	0.00491	0.00464	0.00958	0.04099	0.05874	0.21149	0.18679	0.40587	0.01240	0.00607	0.00176	0.00278	0.01067	0.00507	0.00480
13	0.00885	0.00448	0.00664	0.00664	0.00664	0.00448	0.00440	0.00672	0.00672	0.00896	0.00921	0.01634	0.00932	0.05099	0.02030	0.81574	0.00448	0.00458	0.00226	0.00226
14	0.02249	0.00959	0.01244	0.00954	0.01353	0.00881	0.00788	0.13834	0.01612	0.67586	0.01904	0.01668	0.01210	0.00632	0.00516	0.00158	0.00456	0.00508	0.00617	0.00873
15	0.00767	0.00620	0.00712	0.00698	0.00852	0.03381	0.02135	0.00964	0.01263	0.01653	0.26587	0.04342	0.32576	0.01153	0.00604	0.00176	0.00330	0.14751	0.05965	0.00470
16	0.01057	0.00924	0.01544	0.72827	0.06775	0.01122	0.01394	0.01389	0.01057	0.05652	0.00976	0.01385	0.00722	0.00517	0.00513	0.00169	0.00667	0.00459	0.00252	0.00598
17	0.01208	0.01265	0.01559	0.01344	0.01373	0.10013	0.01108	0.01323	0.00858	0.01237	0.00686	0.01101	0.00672	0.00858	0.01552	0.00215	0.72396	0.00436	0.00229	0.00565
18	0.01064	0.00912	0.01064	0.00760	0.01216	0.00684	0.00608	0.01292	0.01064	0.01672	0.00912	0.01064	0.00760	0.00380	0.00380	0.00076	0.00380	0.00304	0.00304	0.85104
19	0.10563	0.00887	0.01166	0.05326	0.01402	0.00815	0.00772	0.02335	0.01384	0.67110	0.01831	0.01634	0.01166	0.00612	0.00496	0.00159	0.00446	0.00489	0.00581	0.00825
20	0.01767	0.01253	0.01346	0.01052	0.01415	0.01365	0.00862	0.61222	0.02153	0.05638	0.01565	0.01565	0.05977	0.00659	0.00503	0.00152	0.00505	0.00506	0.09693	0.00801
21	0.61038	0.01123	0.00985	0.00823	0.01168	0.01280	0.00679	0.23686	0.01325	0.02576	0.00866	0.00950	0.00649	0.00517	0.00375	0.00157	0.00446	0.00332	0.00375	0.00649
22	0.00733	0.00550	0.00825	0.00825	0.00916	0.00641	0.00641	0.00916	0.00825	0.01191	0.01374	0.02016	0.01283	0.03848	0.79934	0.00825	0.01374	0.00550	0.00275	0.00458
23	0.00726	0.00524	0.00686	0.00646	0.00767	0.00484	0.00484	0.00968	0.01452	0.02058	0.78496	0.03833	0.04841	0.01049	0.00605	0.00161	0.00242	0.00928	0.00565	0.00484
24	0.01211	0.01384	0.03028	0.02163	0.02682	0.01298	0.76903	0.01644	0.01211	0.01644	0.01038	0.01384	0.00779	0.00433	0.00606	0.00173	0.00865	0.00606	0.00260	0.00692
25	0.85592	0.00992	0.00754	0.00675	0.00992	0.01151	0.00556	0.01508	0.00873	0.02302	0.00714	0.00834	0.00556	0.00476	0.00318	0.00159	0.00397	0.00278	0.00318	0.00556
26	0.00683	0.00539	0.00630	0.00679	0.00823	0.00486	0.00545	0.00846	0.01160	0.01432	0.04179	0.10796	0.47305	0.01362	0.00645	0.00197	0.00335	0.26437	0.00475	0.00445
27	0.01919	0.02380	0.01460	0.01313	0.01587	0.74824	0.00990	0.06917	0.01516	0.01384	0.00822	0.00945	0.00675	0.00534	0.00466	0.00134	0.00902	0.00339	0.00281	0.00613
28	0.01372	0.82276	0.02689	0.00878	0.01317	0.02030	0.00878	0.01536	0.01043	0.01207	0.00713	0.00823	0.00658	0.00439	0.00329	0.00110	0.00549	0.00274	0.00219	0.00658
29	0.00624	0.00452	0.00590	0.00701	0.00741	0.00418	0.00470	0.00716	0.00996	0.01315	0.02997	0.76167	0.08750	0.01586	0.00651	0.00206	0.00295	0.01432	0.00476	0.00418
30	0.01112	0.00583	0.00763	0.00751	0.00906	0.00534	0.00570	0.01276	0.01184	0.20987	0.08955	0.34926	0.05533	0.01174	0.00588	0.00184	0.00340	0.09379	0.09705	0.00551
31	0.01433	0.01001	0.01112	0.00972	0.01263	0.01099	0.00769	0.07230	0.49224	0.15060	0.04785	0.02046	0.01621	0.00711	0.00518	0.00168	0.00406	0.03145	0.06660	0.00778
32	0.01003	0.00850	0.00993	0.00734	0.01140	0.00649	0.00582	0.01226	0.01109	0.01694	0.08952	0.01574	0.05840	0.00502	0.00416	0.00090	0.00359	0.00413	0.00341	0.71533
33	0.00710	0.00485	0.00578	0.00609	0.00626	0.00474	0.00369	0.00752	0.00859	0.01154	0.06952	0.25711	0.02494	0.53798	0.01923	0.00393	0.00424	0.00961	0.00375	0.00352
34	0.00661	0.00498	0.00629	0.00674	0.00766	0.00470	0.00488	0.00800	0.01084	0.01430	0.14721	0.34595	0.22710	0.03552	0.11113	0.00281	0.00433	0.04199	0.00459	0.00437
35	0.01115	0.00792	0.00933	0.00871	0.01043	0.00780	0.00649	0.07519	0.12725	0.04629	0.32936	0.10825	0.08654	0.01196	0.00801	0.09347	0.00390	0.03635	0.00545	0.00615
36	0.00854	0.00632	0.00781	0.00713	0.00867	0.00621	0.00543	0.06617	0.06927	0.02149	0.67480	0.03508	0.04322	0.00993	0.00593	0.00162	0.00277	0.00869	0.00558	0.00536
37	0.00737	0.00495	0.00579	0.00589	0.00607	0.00492	0.00354	0.00776	0.00831	0.01133	0.06737	0.12149	0.02195	0.62570	0.04862	0.00443	0.00481	0.00824	0.02801	0.00344
38	0.00699	0.00478	0.00624	0.00699	0.00765	0.00439	0.00482	0.00815	0.01074	0.04304	0.12753	0.63249	0.08744	0.01478	0.00640	0.00198	0.00293	0.01329	0.00494	0.00444
39	0.10847	0.05012	0.07198	0.01064	0.01457	0.08484	0.00922	0.29297	0.06434	0.19788	0.01368	0.03628	0.00999	0.00614	0.00483	0.00155	0.00547	0.00464	0.00461	0.00778
40	0.04274	0.14252	0.22086	0.01121	0.01560	0.05623	0.01127	0.08811	0.01276	0.17041	0.03110	0.01405	0.00984	0.00604	0.00583	0.00155	0.08212	0.02993	0.00356	0.04425
41	0.00972	0.08079	0.02880	0.03871	0.01084	0.00925	0.00723	0.01114	0.00898	0.05883	0.04713	0.02104	0.01386	0.21922	0.26665	0.00464	0.14956	0.00564	0.00301	0.00495
42	0.01000	0.03616	0.03865	0.00849	0.01031	0.00840	0.00687	0.09117	0.08286	0.04049	0.17768	0.10488	0.08974	0.09984	0.07165	0.00263	0.05709	0.05316	0.00438	0.00555

[dist]
# distance from previous block
# <min> <max>
4	67

[block]
# block no. 5 follows, 48 sequences, length 29
# corresponding to MSA columns:
# 778-806
name=unknown_F
#
# <colnr> <probs for GDERKNQSTAVLIFYWHMCP>
#	G	D	E	R	K	N	Q	S	T	A	V	L	I	F	Y	W	H	M	C	P
0	0.04254	0.14421	0.07444	0.04475	0.07463	0.01104	0.00867	0.11598	0.03394	0.04883	0.05578	0.10286	0.01412	0.00753	0.01998	0.00163	0.02074	0.00562	0.16637	0.00636
1	0.01245	0.47428	0.05721	0.04331	0.01336	0.01502	0.00851	0.05827	0.01217	0.04572	0.13942	0.01721	0.07190	0.00627	0.00429	0.00133	0.00489	0.00476	0.00329	0.00635
2	0.01143	0.00792	0.00907	0.00872	0.01048	0.05313	0.00681	0.06514	0.08456	0.12008	0.14419	0.20665	0.03830	0.01136	0.00658	0.03476	0.00414	0.16600	0.00495	0.00571
3	0.01763	0.11653	0.03207	0.03419	0.05939	0.02909	0.02504	0.32452	0.04017	0.19544	0.02851	0.01488	0.01065	0.00616	0.00521	0.00154	0.02129	0.02514	0.00458	0.00795
4	0.04734	0.06146	0.09007	0.05830	0.08640	0.02272	0.03436	0.04882	0.13281	0.15522	0.04437	0.07153	0.03685	0.00698	0.00553	0.00164	0.03685	0.01380	0.03793	0.00702
5	0.00711	0.00540	0.00709	0.00789	0.05294	0.00500	0.00522	0.00881	0.01215	0.01654	0.36213	0.27085	0.15183	0.05461	0.00720	0.00194	0.00296	0.01073	0.00494	0.00466
6	0.01561	0.10001	0.03622	0.02333	0.01477	0.05907	0.00886	0.30744	0.09759	0.05502	0.01175	0.01220	0.00888	0.00544	0.00478	0.00133	0.01832	0.00408	0.00405	0.21125
7	0.01285	0.36545	0.14657	0.06317	0.16546	0.01540	0.03506	0.03044	0.04090	0.03362	0.00920	0.01083	0.00750	0.00470	0.00426	0.00135	0.00597	0.00370	0.00258	0.04099
8	0.03449	0.17411	0.28059	0.01296	0.03491	0.01272	0.10746	0.03339	0.04164	0.16910	0.01160	0.01234	0.00836	0.00506	0.00471	0.00149	0.00623	0.00420	0.00330	0.04134
9	0.01129	0.00962	0.04424	0.07941	0.01378	0.05702	0.04630	0.05142	0.10464	0.10052	0.21042	0.04836	0.16993	0.00876	0.00563	0.00167	0.00443	0.02185	0.00465	0.00609
10	0.00643	0.00465	0.00612	0.00716	0.00765	0.00433	0.00497	0.00752	0.01030	0.01365	0.06494	0.68084	0.07852	0.01550	0.00654	0.00206	0.00305	0.06672	0.00480	0.00425
11	0.01229	0.27902	0.18414	0.04888	0.04454	0.03074	0.19694	0.04579	0.02385	0.01524	0.01012	0.05509	0.00865	0.00535	0.00495	0.00151	0.01872	0.00472	0.00262	0.00684
12	0.01181	0.18528	0.31700	0.01220	0.03796	0.03145	0.05008	0.01573	0.04123	0.07207	0.01579	0.04066	0.10330	0.00643	0.00530	0.00156	0.03717	0.00509	0.00304	0.00685
13	0.00776	0.00540	0.00665	0.00628	0.00775	0.00483	0.00473	0.00980	0.01359	0.06058	0.51564	0.06739	0.24822	0.01115	0.00602	0.00166	0.00260	0.00966	0.00541	0.00489
14	0.01221	0.02385	0.67520	0.01380	0.02083	0.01126	0.01723	0.01757	0.01141	0.13320	0.01087	0.01183	0.00744	0.00510	0.00492	0.00162	0.00710	0.00400	0.00280	0.00776
15	0.02265	0.00933	0.01228	0.00941	0.01340	0.00843	0.00778	0.10451	0.01569	0.71030	0.01940	0.01692	0.01228	0.00633	0.00516	0.00158	0.00450	0.00510	0.00622	0.00873
16	0.01372	0.82276	0.02689	0.00878	0.01317	0.02030	0.00878	0.01536	0.01043	0.01207	0.00713	0.00823	0.00658	0.00439	0.00329	0.00110	0.00549	0.00274	0.00219	0.00658
17	0.01476	0.01011	0.01140	0.00952	0.01247	0.01082	0.00759	0.24043	0.24412	0.13127	0.19812	0.02143	0.02084	0.00744	0.00533	0.00161	0.00412	0.00615	0.03499	0.00749
18	0.00734	0.00547	0.00810	0.00810	0.00897	0.00634	0.00623	0.00907	0.00820	0.01180	0.01388	0.02089	0.01315	0.08117	0.75709	0.00807	0.01326	0.00560	0.00277	0.00450
19	0.10838	0.00590	0.00787	0.00752	0.00793	0.00663	0.00543	0.00841	0.00712	0.01107	0.00865	0.01443	0.00842	0.01609	0.04790	0.62264	0.09586	0.00430	0.00236	0.00309
20	0.00960	0.00508	0.00529	0.00531	0.00653	0.00511	0.00402	0.03268	0.01113	0.01901	0.01769	0.06397	0.01486	0.00688	0.00394	0.00130	0.00261	0.03745	0.74268	0.00486
21	0.00640	0.00458	0.00600	0.00707	0.00744	0.00429	0.00477	0.00731	0.00984	0.01304	0.02845	0.71019	0.06199	0.06282	0.00770	0.00225	0.00315	0.04392	0.00466	0.00413
22	0.01345	0.01173	0.01175	0.01046	0.01336	0.05543	0.00815	0.07767	0.65362	0.02164	0.01942	0.01813	0.01459	0.00678	0.00512	0.00168	0.00439	0.00554	0.03920	0.00791
23	0.09233	0.01323	0.01661	0.09507	0.39437	0.11863	0.01240	0.11387	0.01328	0.01829	0.01196	0.01401	0.05305	0.00544	0.00491	0.00153	0.00613	0.00460	0.00306	0.00722
24	0.00634	0.00461	0.00599	0.00690	0.00742	0.00425	0.00470	0.00744	0.01049	0.01397	0.11202	0.66649	0.10002	0.01521	0.00645	0.00200	0.00288	0.01369	0.00486	0.00425
25	0.00625	0.00447	0.00595	0.00714	0.00744	0.00417	0.00476	0.00714	0.00982	0.01310	0.02828	0.81633	0.03394	0.01608	0.00655	0.00208	0.00298	0.01459	0.00476	0.00417
26	0.05167	0.47033	0.06322	0.05609	0.01509	0.04661	0.00941	0.06841	0.01219	0.14906	0.01001	0.01061	0.00776	0.00497	0.00398	0.00131	0.00558	0.00348	0.00318	0.00704
27	0.38436	0.19160	0.01423	0.00905	0.01257	0.11432	0.00766	0.14818	0.04337	0.02084	0.00870	0.00956	0.00688	0.00508	0.00381	0.00144	0.00527	0.00328	0.00332	0.00649
28	0.00609	0.00509	0.00531	0.00549	0.00701	0.00431	0.00403	0.00733	0.01141	0.01375	0.04838	0.16594	0.67135	0.01346	0.00614	0.00179	0.00266	0.01140	0.00476	0.00431

[dist]
# distance from previous block
# <min> <max>
0	46

[block]
# block no. 6 follows, 48 sequences, length 34
# corresponding to MSA columns:
# 853-886
name=unknown_G
#
# <colnr> <probs for GDERKNQSTAVLIFYWHMCP>
#	G	D	E	R	K	N	Q	S	T	A	V	L	I	F	Y	W	H	M	C	P
0	0.01182	0.05450	0.05888	0.01947	0.02410	0.01319	0.60841	0.01568	0.01153	0.01574	0.01055	0.04369	0.00858	0.00518	0.00678	0.00175	0.07481	0.00599	0.00261	0.00672
1	0.01372	0.82276	0.02689	0.00878	0.01317	0.02030	0.00878	0.01536	0.01043	0.01207	0.00713	0.00823	0.00658	0.00439	0.00329	0.00110	0.00549	0.00274	0.00219	0.00658
2	0.01123	0.01123	0.01572	0.01347	0.01347	0.01572	0.01123	0.01235	0.00786	0.01235	0.00674	0.01123	0.00674	0.00898	0.01684	0.00225	0.81028	0.00449	0.00225	0.00561
3	0.00733	0.00550	0.00825	0.00825	0.00916	0.00641	0.00641	0.00916	0.00825	0.01191	0.01374	0.02016	0.01283	0.03848	0.79934	0.00825	0.01374	0.00550	0.00275	0.00458
4	0.01249	0.01073	0.01136	0.01024	0.01306	0.01236	0.00796	0.02638	0.73995	0.02142	0.05935	0.02011	0.01731	0.00714	0.00526	0.00173	0.00398	0.00598	0.00524	0.00796
5	0.01148	0.00837	0.01050	0.00887	0.01060	0.00887	0.02227	0.09183	0.02845	0.08395	0.04308	0.02310	0.01467	0.29981	0.01467	0.00283	0.14482	0.03737	0.00365	0.13082
6	0.04282	0.22935	0.01656	0.08240	0.01549	0.09933	0.00901	0.15032	0.05350	0.16036	0.01326	0.04836	0.01078	0.00632	0.00468	0.00150	0.00558	0.03937	0.00395	0.00706
7	0.01211	0.01384	0.03028	0.02163	0.02682	0.01298	0.76903	0.01644	0.01211	0.01644	0.01038	0.01384	0.00779	0.00433	0.00606	0.00173	0.00865	0.00606	0.00260	0.00692
8	0.01064	0.00912	0.01064	0.00760	0.01216	0.00684	0.00608	0.01292	0.01064	0.01672	0.00912	0.01064	0.00760	0.00380	0.00380	0.00076	0.00380	0.00304	0.00304	0.85104
9	0.85592	0.00992	0.00754	0.00675	0.00992	0.01151	0.00556	0.01508	0.00873	0.02302	0.00714	0.00834	0.00556	0.00476	0.00318	0.00159	0.00397	0.00278	0.00318	0.00556
10	0.00645	0.00470	0.00609	0.00697	0.00756	0.00434	0.00484	0.00763	0.01068	0.01420	0.12417	0.60991	0.11069	0.01499	0.00646	0.00200	0.00295	0.04620	0.00487	0.00429
11	0.01199	0.01360	0.02951	0.06200	0.02725	0.01289	0.73025	0.01627	0.01202	0.01627	0.01032	0.01383	0.00774	0.00437	0.00601	0.00173	0.00856	0.00598	0.00258	0.00686
12	0.01001	0.00945	0.01598	0.72372	0.11642	0.01149	0.01441	0.01339	0.01041	0.01350	0.00918	0.01357	0.00698	0.00507	0.00512	0.00169	0.00676	0.00456	0.00231	0.00596
13	0.01028	0.00745	0.01122	0.01072	0.01273	0.00739	0.09107	0.01393	0.08184	0.08067	0.05398	0.04543	0.02524	0.01165	0.00660	0.00214	0.00497	0.51234	0.00471	0.00561
14	0.00811	0.00582	0.00722	0.00687	0.00828	0.00556	0.00519	0.01124	0.07714	0.04336	0.52228	0.06854	0.11922	0.04499	0.00687	0.00183	0.00288	0.04417	0.00536	0.00508
15	0.02598	0.01058	0.08614	0.01335	0.03319	0.00958	0.21348	0.01302	0.04992	0.01496	0.01715	0.12250	0.05133	0.01241	0.09452	0.03484	0.08178	0.10621	0.00333	0.00573
16	0.01061	0.04372	0.05570	0.51512	0.07533	0.01231	0.05230	0.01519	0.09416	0.01449	0.01029	0.01372	0.00790	0.00543	0.00577	0.00170	0.05267	0.00466	0.00262	0.00630
17	0.00701	0.00502	0.00678	0.00766	0.00838	0.00479	0.00576	0.00861	0.01128	0.01516	0.17266	0.45419	0.03547	0.01447	0.00661	0.00207	0.00336	0.22134	0.00492	0.00445
18	0.04722	0.12031	0.48570	0.04507	0.02085	0.01342	0.08307	0.09536	0.01219	0.01761	0.00930	0.01095	0.00683	0.00491	0.00475	0.00156	0.00704	0.00394	0.00257	0.00736
19	0.19497	0.17229	0.35600	0.01257	0.06862	0.01341	0.01298	0.04778	0.01110	0.05411	0.00905	0.01030	0.00681	0.00486	0.00424	0.00150	0.00607	0.00352	0.00274	0.00709
20	0.00627	0.00458	0.00591	0.00690	0.00740	0.00421	0.00467	0.00727	0.01023	0.01349	0.06255	0.69969	0.11693	0.01550	0.00648	0.00203	0.00291	0.01395	0.00480	0.00421
21	0.00700	0.00508	0.00660	0.00655	0.00759	0.00468	0.00478	0.00904	0.01340	0.01870	0.59257	0.20469	0.07655	0.01179	0.00616	0.00172	0.00255	0.01048	0.00542	0.00468
22	0.01163	0.01360	0.10554	0.27133	0.11406	0.08316	0.06761	0.03415	0.03107	0.01466	0.00986	0.04404	0.00833	0.00624	0.00743	0.00176	0.16167	0.00488	0.00259	0.00638
23	0.00969	0.00912	0.01539	0.80734	0.03534	0.01140	0.01425	0.01311	0.01026	0.01311	0.00912	0.01368	0.00684	0.00513	0.00513	0.00171	0.00684	0.00456	0.00228	0.00570
24	0.00821	0.00598	0.00668	0.00642	0.00787	0.00600	0.00487	0.01145	0.09543	0.01737	0.19133	0.07447	0.26796	0.00995	0.00586	0.00161	0.04071	0.00828	0.22452	0.00502
25	0.01372	0.82276	0.02689	0.00878	0.01317	0.02030	0.00878	0.01536	0.01043	0.01207	0.00713	0.00823	0.00658	0.00439	0.00329	0.00110	0.00549	0.00274	0.00219	0.00658
26	0.05022	0.01067	0.04227	0.04135	0.01464	0.03436	0.04046	0.12801	0.03105	0.39934	0.08635	0.03080	0.01443	0.00648	0.00513	0.00156	0.00486	0.00535	0.00519	0.04749
27	0.04230	0.45683	0.11492	0.04399	0.05436	0.04397	0.01010	0.01541	0.01074	0.03023	0.00819	0.00959	0.00691	0.00449	0.00381	0.00119	0.00564	0.00316	0.00247	0.13171
28	0.00625	0.00447	0.00595	0.00714	0.00744	0.00417	0.00476	0.00714	0.00982	0.01310	0.02828	0.81633	0.03394	0.01608	0.00655	0.00208	0.00298	0.01459	0.00476	0.00417
29	0.01029	0.00824	0.01079	0.00961	0.01035	0.01015	0.00750	0.05282	0.04557	0.03406	0.05848	0.01990	0.01367	0.17773	0.13332	0.03574	0.30391	0.00563	0.04714	0.00510
30	0.03590	0.09528	0.11341	0.10306	0.19697	0.09204	0.08138	0.04666	0.07186	0.09806	0.01121	0.01276	0.00847	0.00514	0.00490	0.00154	0.00644	0.00441	0.00317	0.00733
31	0.01103	0.01093	0.01534	0.01320	0.01325	0.01524	0.01098	0.01219	0.00788	0.01233	0.00709	0.01168	0.00705	0.01048	0.05671	0.00255	0.76970	0.00454	0.00227	0.00556
32	0.00622	0.00477	0.00564	0.00632	0.00718	0.00426	0.00437	0.00724	0.01049	0.01330	0.03732	0.48654	0.33228	0.04039	0.00698	0.00204	0.00289	0.01287	0.00471	0.00420
33	0.01076	0.08545	0.12421	0.05595	0.08593	0.01056	0.13917	0.01478	0.06251	0.04382	0.22950	0.02236	0.02068	0.00707	0.00574	0.00165	0.02526	0.04444	0.00374	0.00644

[dist]
# distance from previous block
# <min> <max>
0	1

[block]
# block no. 7 follows, 48 sequences, length 37
# corresponding to MSA columns:
# 888-924
name=unknown_H
#
# <colnr> <probs for GDERKNQSTAVLIFYWHMCP>
#	G	D	E	R	K	N	Q	S	T	A	V	L	I	F	Y	W	H	M	C	P
0	0.04333	0.11180	0.16198	0.12141	0.07264	0.07851	0.02292	0.16420	0.05358	0.08459	0.01091	0.01216	0.00811	0.00544	0.00507	0.00154	0.02690	0.00418	0.00339	0.00733
1	0.01039	0.01953	0.45802	0.01439	0.01991	0.01143	0.14321	0.01585	0.06408	0.01674	0.08883	0.04042	0.01246	0.00610	0.00600	0.00170	0.05580	0.00525	0.00289	0.00700
2	0.57572	0.01174	0.01044	0.00886	0.01200	0.09608	0.05585	0.05756	0.01068	0.04507	0.00856	0.00988	0.00660	0.00510	0.00410	0.00157	0.02813	0.00337	0.04278	0.00593
3	0.00702	0.00517	0.00650	0.00643	0.00755	0.00475	0.00475	0.00896	0.01305	0.01788	0.50960	0.12656	0.15872	0.05653	0.00727	0.00191	0.00276	0.04479	0.00523	0.00459
4	0.01107	0.03833	0.22476	0.01516	0.01991	0.01090	0.30243	0.01560	0.05394	0.04244	0.01410	0.10805	0.01258	0.00672	0.00561	0.00172	0.00672	0.06056	0.00317	0.04622
5	0.00720	0.00499	0.00606	0.00624	0.00651	0.00506	0.00393	0.00769	0.00814	0.01092	0.01925	0.14833	0.05585	0.53583	0.14780	0.00492	0.00599	0.00836	0.00337	0.00356
6	0.00756	0.00616	0.00808	0.00793	0.00923	0.02810	0.04756	0.00946	0.01226	0.01624	0.28375	0.25073	0.15570	0.01246	0.00630	0.00187	0.00349	0.12354	0.00487	0.00471
7	0.01189	0.01320	0.02789	0.02013	0.02491	0.01252	0.68516	0.01653	0.05369	0.01635	0.01127	0.01522	0.00882	0.04952	0.00712	0.00191	0.00820	0.00612	0.00277	0.00678
8	0.00731	0.00498	0.00571	0.00574	0.00595	0.00489	0.00340	0.00765	0.00845	0.01129	0.09001	0.07815	0.05814	0.66214	0.02223	0.00435	0.00452	0.00818	0.00351	0.00339
9	0.06601	0.00921	0.01152	0.00917	0.01280	0.00876	0.00748	0.06120	0.12157	0.56103	0.06162	0.01810	0.01451	0.00657	0.00511	0.00161	0.00426	0.00532	0.00592	0.00826
10	0.00780	0.00536	0.00607	0.00607	0.00630	0.00546	0.00367	0.00873	0.05030	0.01088	0.01703	0.03411	0.01908	0.73079	0.02392	0.00465	0.00491	0.04808	0.00331	0.00347
11	0.01097	0.01011	0.01637	0.54172	0.20545	0.01157	0.01389	0.05506	0.01136	0.01520	0.00942	0.01321	0.00728	0.00498	0.00504	0.00161	0.00644	0.00448	0.00254	0.05329
12	0.00886	0.00449	0.00674	0.00674	0.00677	0.00453	0.00453	0.00677	0.00674	0.00902	0.00908	0.01576	0.00905	0.01855	0.04748	0.82106	0.00478	0.00449	0.00225	0.00231
13	0.00796	0.00566	0.00735	0.00819	0.00948	0.00549	0.00698	0.01012	0.01169	0.01541	0.03104	0.05262	0.17560	0.01318	0.00656	0.00213	0.00409	0.53871	0.08308	0.00465
14	0.01917	0.02445	0.01454	0.01322	0.01586	0.79907	0.00991	0.02049	0.01454	0.01256	0.00793	0.00925	0.00661	0.00529	0.00463	0.00132	0.00925	0.00330	0.00264	0.00595
15	0.00956	0.00478	0.00478	0.00478	0.00598	0.00478	0.00359	0.01196	0.01076	0.01913	0.01674	0.01913	0.01315	0.00598	0.00359	0.00120	0.00239	0.00478	0.84816	0.00478
16	0.00718	0.00470	0.00628	0.00725	0.00775	0.00435	0.00492	0.00813	0.01009	0.05609	0.02784	0.77218	0.03276	0.01554	0.00647	0.00206	0.00305	0.01407	0.00485	0.00442
17	0.00625	0.00447	0.00595	0.00714	0.00744	0.00417	0.00476	0.00714	0.00982	0.01310	0.02828	0.81633	0.03394	0.01608	0.00655	0.00208	0.00298	0.01459	0.00476	0.00417
18	0.00786	0.00581	0.00759	0.00826	0.00939	0.00577	0.00661	0.01079	0.07227	0.01618	0.16622	0.23832	0.05958	0.01336	0.00658	0.00209	0.00374	0.34975	0.00494	0.00486
19	0.00969	0.00912	0.01539	0.80734	0.03534	0.01140	0.01425	0.01311	0.01026	0.01311	0.00912	0.01368	0.00684	0.00513	0.00513	0.00171	0.00684	0.00456	0.00228	0.00570
20	0.01029	0.02654	0.79309	0.01462	0.02221	0.01192	0.01896	0.01625	0.01083	0.01625	0.00921	0.01083	0.00650	0.00487	0.00487	0.00162	0.00758	0.00379	0.00217	0.00758
21	0.00693	0.00473	0.00574	0.00632	0.00677	0.00450	0.00414	0.00782	0.00963	0.01321	0.06525	0.42963	0.08273	0.23877	0.01168	0.00276	0.00342	0.01116	0.08083	0.00398
22	0.01305	0.06150	0.03629	0.01033	0.04274	0.06789	0.03222	0.14085	0.01326	0.01873	0.00951	0.01086	0.00765	0.00442	0.00420	0.00104	0.00496	0.00348	0.00325	0.51376
23	0.00706	0.00537	0.00749	0.00795	0.00892	0.00496	0.03411	0.00846	0.01052	0.01406	0.05158	0.55436	0.07226	0.01429	0.00642	0.00201	0.00347	0.12958	0.00461	0.05252
24	0.07090	0.14388	0.01762	0.19920	0.13186	0.08614	0.04581	0.07242	0.04548	0.01609	0.00940	0.01194	0.00764	0.00626	0.02881	0.00173	0.06620	0.00413	0.00279	0.03169
25	0.11933	0.00833	0.00957	0.02801	0.01135	0.00848	0.00655	0.09178	0.08732	0.26468	0.07732	0.06217	0.01564	0.00695	0.00474	0.00155	0.00384	0.00563	0.17994	0.00683
26	0.00782	0.00548	0.00626	0.00595	0.00767	0.00474	0.00450	0.00949	0.01271	0.07982	0.26447	0.06812	0.48072	0.01181	0.00600	0.00170	0.00270	0.01003	0.00516	0.00484
27	0.00769	0.00559	0.00705	0.00676	0.00831	0.00502	0.02389	0.00960	0.01247	0.04142	0.28740	0.12657	0.28143	0.01151	0.00596	0.00172	0.00298	0.07220	0.05644	0.02598
28	0.00969	0.00912	0.01539	0.80734	0.03534	0.01140	0.01425	0.01311	0.01026	0.01311	0.00912	0.01368	0.00684	0.00513	0.00513	0.00171	0.00684	0.00456	0.00228	0.00570
29	0.00727	0.00491	0.00634	0.00707	0.00785	0.00450	0.00499	0.00844	0.01070	0.05439	0.07267	0.58553	0.13613	0.01473	0.00641	0.00200	0.00306	0.05361	0.00489	0.00450
30	0.00891	0.00446	0.00668	0.00668	0.00668	0.00446	0.00446	0.00668	0.00668	0.00891	0.00891	0.01560	0.00891	0.01783	0.02005	0.85071	0.00446	0.00446	0.00223	0.00223
31	0.01372	0.82276	0.02689	0.00878	0.01317	0.02030	0.00878	0.01536	0.01043	0.01207	0.00713	0.00823	0.00658	0.00439	0.00329	0.00110	0.00549	0.00274	0.00219	0.00658
32	0.01276	0.01102	0.01160	0.01044	0.01334	0.01276	0.00812	0.02727	0.77840	0.02146	0.02088	0.01914	0.01566	0.00696	0.00522	0.00174	0.00406	0.00580	0.00522	0.00812
33	0.00799	0.00654	0.03768	0.00832	0.00947	0.00696	0.00678	0.01001	0.00867	0.01311	0.01356	0.01912	0.01226	0.03088	0.61058	0.00665	0.06049	0.00527	0.12086	0.00478
