[name]
unknown

[dist]
# distance from previous block
# <min> <max>
1	1268

[block]
# block no. 0 follows, 45 sequences, length 16
# corresponding to MSA columns:
# 1492-1507
name=unknown_A
#
# <colnr> <probs for GDERKNQSTAVLIFYWHMCP>
#	G	D	E	R	K	N	Q	S	T	A	V	L	I	F	Y	W	H	M	C	P
0	0.25127	0.01185	0.03540	0.11609	0.08720	0.05099	0.02320	0.09939	0.05913	0.14319	0.01324	0.06394	0.01047	0.00636	0.00487	0.00170	0.00543	0.00504	0.00406	0.00716
1	0.04146	0.07529	0.01539	0.34589	0.04078	0.01252	0.01145	0.01776	0.13824	0.11377	0.01353	0.05041	0.01071	0.00666	0.00640	0.00179	0.08220	0.00531	0.00359	0.00684
2	0.01148	0.01452	0.19001	0.01444	0.01896	0.01085	0.24310	0.03966	0.05772	0.04062	0.19923	0.02014	0.01890	0.00666	0.00621	0.00170	0.03515	0.00628	0.00377	0.06057
3	0.38313	0.01198	0.01698	0.01701	0.19268	0.01268	0.18134	0.01749	0.08355	0.02083	0.01024	0.01219	0.00799	0.00505	0.00468	0.00170	0.00580	0.00443	0.00323	0.00702
4	0.07876	0.04115	0.01375	0.19020	0.01926	0.08759	0.00999	0.05085	0.36788	0.06138	0.01574	0.01608	0.01177	0.00634	0.00514	0.00172	0.00556	0.00508	0.00428	0.00750
5	0.01014	0.00954	0.01610	0.79845	0.03697	0.01193	0.01491	0.01371	0.01073	0.01371	0.00954	0.01431	0.00716	0.00537	0.00537	0.00179	0.00716	0.00477	0.00239	0.00596
6	0.00994	0.00601	0.00777	0.00805	0.00926	0.00572	0.00574	0.01237	0.07588	0.13558	0.07532	0.56763	0.03136	0.01403	0.00647	0.00204	0.00340	0.01257	0.00534	0.00551
7	0.01217	0.01068	0.01301	0.01247	0.07836	0.01159	0.05634	0.05708	0.45788	0.02077	0.05128	0.02517	0.15353	0.00812	0.00569	0.00178	0.00448	0.00699	0.00497	0.00761
8	0.01538	0.01469	0.15647	0.02114	0.30435	0.01167	0.10878	0.01992	0.07005	0.20296	0.01369	0.01481	0.00991	0.00545	0.00544	0.00167	0.00640	0.00508	0.00377	0.00839
9	0.23080	0.01344	0.07975	0.01054	0.01487	0.01285	0.00933	0.31701	0.01739	0.22311	0.01337	0.01309	0.00916	0.00601	0.00483	0.00164	0.00529	0.00441	0.00491	0.00819
10	0.01677	0.04896	0.01512	0.06199	0.01665	0.01504	0.00983	0.36176	0.28566	0.05528	0.01568	0.01547	0.01155	0.00672	0.00581	0.00171	0.03734	0.00519	0.00500	0.00847
11	0.57987	0.01210	0.08580	0.01033	0.07444	0.01154	0.00835	0.01746	0.01050	0.13230	0.00988	0.01073	0.00721	0.00522	0.00396	0.00166	0.00476	0.00352	0.00364	0.00672
12	0.13635	0.01061	0.01393	0.01088	0.04234	0.00936	0.10097	0.04860	0.01202	0.07730	0.01046	0.01189	0.00814	0.00453	0.00439	0.00118	0.00485	0.00383	0.00348	0.48486
13	0.01453	0.01306	0.01704	0.11832	0.31696	0.08721	0.01268	0.14157	0.06979	0.04614	0.01307	0.07814	0.01118	0.00657	0.00578	0.00169	0.02934	0.00563	0.00361	0.00768
14	0.00735	0.00571	0.00684	0.00721	0.00874	0.00520	0.00585	0.00928	0.01271	0.01609	0.15136	0.05312	0.40397	0.01365	0.00672	0.00203	0.00348	0.27082	0.00511	0.00476
15	0.01620	0.20607	0.10633	0.01323	0.09219	0.01445	0.01097	0.11999	0.12515	0.17077	0.02638	0.01424	0.01075	0.00606	0.00549	0.00159	0.04333	0.00463	0.00413	0.00808

[dist]
# distance from previous block
# <min> <max>
1	10

[block]
# block no. 1 follows, 45 sequences, length 6
# corresponding to MSA columns:
# 1518-1523
name=unknown_B
#
# <colnr> <probs for GDERKNQSTAVLIFYWHMCP>
#	G	D	E	R	K	N	Q	S	T	A	V	L	I	F	Y	W	H	M	C	P
0	0.14824	0.01023	0.02915	0.01116	0.06415	0.06604	0.03355	0.01608	0.10027	0.10595	0.08562	0.23618	0.02055	0.00945	0.00603	0.00183	0.03672	0.00798	0.00447	0.00635
1	0.01209	0.00984	0.01538	0.05828	0.37287	0.01013	0.01161	0.04055	0.01202	0.06967	0.01628	0.22430	0.01611	0.00854	0.00641	0.00179	0.05412	0.00761	0.04538	0.00701
2	0.00791	0.16373	0.00988	0.00617	0.00853	0.00780	0.00508	0.00934	0.01198	0.01413	0.04520	0.04324	0.62528	0.01183	0.00578	0.00168	0.00331	0.00967	0.00446	0.00499
3	0.68530	0.01022	0.00852	0.00723	0.01084	0.01109	0.00592	0.01534	0.00953	0.02279	0.00788	0.00919	0.00623	0.00479	0.00345	0.00149	0.00412	0.00296	0.00329	0.16982
4	0.49504	0.00960	0.00961	0.06255	0.01296	0.01028	0.00692	0.01751	0.01093	0.20715	0.01255	0.06545	0.00983	0.00617	0.00424	0.00167	0.00438	0.00449	0.00417	0.04451
5	0.01442	0.33035	0.09077	0.00961	0.01444	0.01391	0.00916	0.04490	0.04041	0.11200	0.01077	0.01144	0.00845	0.00488	0.00416	0.00120	0.00520	0.00358	0.00335	0.26700

[dist]
# distance from previous block
# <min> <max>
0	2

[block]
# block no. 2 follows, 45 sequences, length 28
# corresponding to MSA columns:
# 1526-1553
name=unknown_C
#
# <colnr> <probs for GDERKNQSTAVLIFYWHMCP>
#	G	D	E	R	K	N	Q	S	T	A	V	L	I	F	Y	W	H	M	C	P
0	0.00881	0.00671	0.00843	0.00841	0.04500	0.00668	0.02858	0.01112	0.08761	0.01395	0.10157	0.05396	0.05034	0.49210	0.01876	0.00380	0.00479	0.00781	0.00384	0.03775
1	0.08769	0.01185	0.04517	0.01239	0.08465	0.01221	0.00925	0.10822	0.37113	0.09780	0.04692	0.01949	0.05563	0.00707	0.00531	0.00174	0.00467	0.00579	0.00498	0.00804
2	0.00956	0.00751	0.01111	0.19365	0.11048	0.00764	0.00888	0.01188	0.01211	0.05761	0.16309	0.20888	0.11035	0.01008	0.00597	0.00180	0.00444	0.01874	0.00428	0.04196
3	0.01328	0.01503	0.19294	0.01258	0.01693	0.01219	0.07999	0.09483	0.31541	0.05773	0.04483	0.01938	0.02383	0.00687	0.00549	0.00176	0.00560	0.03367	0.03977	0.00789
4	0.01295	0.01143	0.06512	0.04395	0.22113	0.00920	0.01042	0.01582	0.01202	0.10056	0.03629	0.01358	0.00999	0.00484	0.00469	0.00123	0.00502	0.00418	0.00342	0.41419
5	0.01883	0.10301	0.04683	0.01402	0.03705	0.56839	0.03586	0.06477	0.01507	0.03576	0.00903	0.01032	0.00730	0.00545	0.00482	0.00141	0.00874	0.00369	0.00296	0.00670
6	0.01399	0.00945	0.01142	0.00830	0.01294	0.00732	0.00670	0.01630	0.01206	0.18590	0.01211	0.01270	0.00913	0.00456	0.00429	0.00099	0.00411	0.00367	0.00394	0.66012
7	0.04475	0.01113	0.07904	0.00998	0.02876	0.00854	0.00861	0.04890	0.01354	0.34915	0.01539	0.01618	0.01103	0.00579	0.00488	0.00139	0.00474	0.03276	0.00475	0.30067
8	0.00829	0.00506	0.00641	0.00641	0.00647	0.00513	0.00394	0.00766	0.00760	0.01019	0.01427	0.02807	0.01579	0.50201	0.07553	0.27892	0.00563	0.00665	0.00293	0.00305
9	0.00775	0.00537	0.00678	0.00744	0.00829	0.00508	0.00519	0.00972	0.05197	0.04474	0.10329	0.57705	0.09864	0.01483	0.00656	0.00204	0.00313	0.01327	0.02402	0.00486
10	0.03945	0.04245	0.02032	0.04994	0.24104	0.01239	0.17613	0.05946	0.05159	0.19062	0.01320	0.01463	0.00968	0.00554	0.00586	0.00168	0.03494	0.00518	0.00385	0.02204
11	0.01464	0.05834	0.16575	0.14288	0.04895	0.03570	0.02934	0.15002	0.03498	0.11842	0.06733	0.01531	0.01169	0.00641	0.00636	0.00171	0.07585	0.00499	0.00381	0.00750
12	0.01014	0.00954	0.01610	0.79845	0.03697	0.01193	0.01491	0.01371	0.01073	0.01371	0.00954	0.01431	0.00716	0.00537	0.00537	0.00179	0.00716	0.00477	0.00239	0.00596
13	0.01190	0.10389	0.12475	0.00965	0.01278	0.07767	0.00880	0.05460	0.03567	0.08046	0.16859	0.13986	0.10160	0.00948	0.00566	0.00172	0.00492	0.03728	0.00444	0.00629
14	0.01827	0.08585	0.22868	0.01237	0.01771	0.01196	0.06110	0.12831	0.01511	0.34460	0.01491	0.01448	0.01000	0.00587	0.00520	0.00163	0.00609	0.00476	0.00461	0.00848
15	0.00773	0.00592	0.00743	0.00734	0.00850	0.00582	0.00542	0.01050	0.06236	0.01850	0.42789	0.22975	0.12592	0.01242	0.00685	0.00186	0.03446	0.01084	0.00540	0.00508
16	0.00797	0.00541	0.00747	0.00747	0.00796	0.00590	0.00526	0.00860	0.00811	0.01131	0.01444	0.02497	0.01480	0.29023	0.42201	0.13514	0.00988	0.00626	0.00292	0.00391
17	0.01491	0.50129	0.18262	0.01102	0.01612	0.08021	0.01148	0.05761	0.01236	0.05573	0.00901	0.01001	0.00734	0.00498	0.00411	0.00133	0.00646	0.00339	0.00273	0.00729
18	0.01386	0.01217	0.05964	0.35334	0.17432	0.01231	0.08063	0.10119	0.01344	0.10977	0.01156	0.01428	0.00845	0.00544	0.00543	0.00171	0.00676	0.00495	0.00331	0.00742
19	0.00965	0.00588	0.00701	0.00655	0.00819	0.00527	0.00484	0.01135	0.01287	0.12454	0.25877	0.08047	0.26988	0.10582	0.00854	0.00214	0.00322	0.00938	0.06040	0.00521
20	0.01328	0.01007	0.01428	0.04609	0.27222	0.04671	0.01104	0.03892	0.01268	0.12783	0.01763	0.02809	0.02636	0.05444	0.07010	0.00259	0.00645	0.19037	0.00398	0.00688
21	0.01984	0.01347	0.15412	0.01258	0.05746	0.01012	0.03597	0.07849	0.05572	0.47882	0.01755	0.01631	0.01153	0.00621	0.00537	0.00167	0.00551	0.00513	0.00534	0.00878
22	0.01396	0.01254	0.11650	0.27328	0.13548	0.01108	0.06057	0.04428	0.02722	0.17602	0.02375	0.05790	0.01101	0.00623	0.00549	0.00174	0.00634	0.00556	0.00367	0.00740
23	0.01134	0.01093	0.02074	0.43713	0.03081	0.01192	0.27080	0.01506	0.01141	0.04388	0.01083	0.01506	0.00823	0.00793	0.06876	0.00234	0.00829	0.00541	0.00270	0.00643
24	0.01521	0.13693	0.04199	0.05845	0.15366	0.01210	0.13547	0.01867	0.05373	0.21265	0.03157	0.07978	0.01285	0.00648	0.00537	0.00165	0.00588	0.00591	0.00402	0.00763
25	0.03990	0.01522	0.22096	0.02702	0.16660	0.01075	0.06440	0.04153	0.01353	0.28566	0.05056	0.01575	0.01164	0.00586	0.00535	0.00167	0.00609	0.00507	0.00420	0.00823
26	0.01193	0.02112	0.45915	0.03591	0.02234	0.01240	0.15602	0.04920	0.08224	0.03905	0.02405	0.04042	0.00988	0.00579	0.00547	0.00175	0.00736	0.00517	0.00305	0.00772
27	0.00920	0.00729	0.00926	0.00865	0.01049	0.02734	0.05063	0.01143	0.04781	0.05820	0.04287	0.34229	0.20192	0.01244	0.00653	0.00188	0.02455	0.03978	0.00468	0.08277

[dist]
# distance from previous block
# <min> <max>
1	4

[block]
# block no. 3 follows, 45 sequences, length 17
# corresponding to MSA columns:
# 1558-1574
name=unknown_D
#
# <colnr> <probs for GDERKNQSTAVLIFYWHMCP>
#	G	D	E	R	K	N	Q	S	T	A	V	L	I	F	Y	W	H	M	C	P
0	0.01671	0.01335	0.03445	0.02015	0.30125	0.11082	0.09064	0.01924	0.01318	0.22659	0.01292	0.01434	0.00956	0.00606	0.00614	0.04572	0.00643	0.00485	0.00377	0.04384
1	0.01205	0.01308	0.12387	0.01485	0.13903	0.02222	0.07134	0.01616	0.07235	0.05119	0.06356	0.04644	0.01272	0.00598	0.00573	0.00146	0.04714	0.00514	0.00347	0.27223
2	0.08300	0.01494	0.08450	0.17840	0.09665	0.14160	0.11564	0.01684	0.01205	0.05772	0.00996	0.01245	0.00768	0.00517	0.00540	0.00156	0.03090	0.00436	0.00292	0.11824
3	0.01223	0.01088	0.05704	0.10873	0.10217	0.01075	0.03299	0.04911	0.25817	0.06747	0.13561	0.06348	0.03770	0.00786	0.00570	0.00178	0.00494	0.02153	0.00460	0.00727
4	0.01279	0.08728	0.03334	0.00898	0.02710	0.00914	0.00740	0.03298	0.03109	0.08553	0.01176	0.01273	0.02536	0.00467	0.00423	0.00101	0.00437	0.00369	0.00352	0.59302
5	0.00636	0.00540	0.00548	0.00555	0.00728	0.00452	0.00413	0.00769	0.01213	0.01446	0.05300	0.09356	0.73467	0.01377	0.00637	0.00183	0.00274	0.01155	0.00498	0.00452
6	0.01389	0.01469	0.12693	0.11258	0.21395	0.03360	0.01312	0.15376	0.18913	0.02107	0.01343	0.01479	0.01020	0.00586	0.00526	0.00167	0.00605	0.00494	0.03704	0.00803
7	0.00680	0.00546	0.00607	0.00592	0.00753	0.00473	0.00444	0.00859	0.01331	0.01706	0.31693	0.04745	0.51154	0.01264	0.00634	0.00177	0.00265	0.01074	0.00532	0.00473
8	0.01265	0.01121	0.05218	0.01023	0.01333	0.01152	0.00837	0.02434	0.55699	0.06110	0.08158	0.02410	0.09288	0.00803	0.00559	0.00180	0.00418	0.00671	0.00534	0.00785
9	0.00698	0.00498	0.00673	0.00798	0.00848	0.00474	0.00575	0.00823	0.01071	0.01419	0.02934	0.65244	0.03454	0.01640	0.00697	0.00224	0.00349	0.16634	0.00497	0.00448
10	0.01113	0.00954	0.01113	0.00795	0.01272	0.00716	0.00636	0.01352	0.01113	0.01749	0.00954	0.01113	0.00795	0.00398	0.00398	0.00080	0.00398	0.00318	0.00318	0.84417
11	0.01491	0.73710	0.02686	0.00964	0.01405	0.09672	0.00930	0.01660	0.01133	0.01268	0.00754	0.00872	0.00689	0.00468	0.00358	0.00117	0.00613	0.00293	0.00234	0.00682
12	0.76692	0.01209	0.08406	0.00787	0.01164	0.01208	0.00719	0.01590	0.00935	0.02339	0.00769	0.00898	0.00591	0.00499	0.00350	0.00166	0.00452	0.00301	0.00322	0.00602
13	0.01910	0.01444	0.01500	0.01478	0.13477	0.17287	0.01021	0.13717	0.14871	0.25381	0.01561	0.01519	0.01112	0.00620	0.00528	0.00161	0.00606	0.00493	0.00481	0.00832
14	0.00867	0.00725	0.03294	0.00808	0.00988	0.00660	0.02861	0.04152	0.07674	0.02075	0.53172	0.11158	0.07300	0.01080	0.00623	0.00175	0.00324	0.00955	0.00551	0.00557
15	0.01155	0.01066	0.01730	0.04093	0.50797	0.01093	0.01311	0.01457	0.03614	0.01694	0.06367	0.15928	0.01629	0.00770	0.00631	0.00176	0.04716	0.00704	0.00336	0.00734
16	0.01279	0.10276	0.44903	0.01367	0.01997	0.01313	0.05680	0.04741	0.10642	0.06582	0.01185	0.01280	0.00864	0.00538	0.00501	0.00161	0.00681	0.00433	0.00314	0.05265

[dist]
# distance from previous block
# <min> <max>
1	13

[block]
# block no. 4 follows, 45 sequences, length 22
# corresponding to MSA columns:
# 1616-1637
name=unknown_E
#
# <colnr> <probs for GDERKNQSTAVLIFYWHMCP>
#	G	D	E	R	K	N	Q	S	T	A	V	L	I	F	Y	W	H	M	C	P
0	0.00982	0.00889	0.01423	0.03629	0.03685	0.00881	0.18198	0.01474	0.13995	0.01867	0.25166	0.09796	0.10210	0.00946	0.00623	0.00183	0.00478	0.04491	0.00467	0.00615
1	0.02306	0.01077	0.01347	0.01033	0.01452	0.01032	0.00853	0.23003	0.01811	0.57384	0.01887	0.01678	0.01213	0.00659	0.00539	0.00165	0.00494	0.00524	0.00629	0.00913
2	0.00878	0.00521	0.00751	0.00744	0.00767	0.00558	0.00517	0.00791	0.00754	0.01034	0.01153	0.01994	0.01166	0.13291	0.20869	0.50079	0.03023	0.00536	0.00259	0.00316
3	0.01120	0.01589	0.24310	0.04834	0.11171	0.01126	0.21784	0.05500	0.01262	0.01761	0.05548	0.12639	0.03476	0.00717	0.00583	0.00179	0.00681	0.00688	0.00326	0.00705
4	0.01227	0.01078	0.01104	0.01009	0.01283	0.03369	0.00778	0.02452	0.60889	0.02071	0.02633	0.05798	0.12286	0.00852	0.00563	0.00182	0.00414	0.00712	0.00530	0.00770
5	0.01449	0.01213	0.01302	0.01170	0.03349	0.01387	0.00897	0.14600	0.62963	0.02416	0.02011	0.01871	0.01502	0.00709	0.00544	0.00178	0.00457	0.00584	0.00538	0.00860
6	0.01113	0.00954	0.01113	0.00795	0.01272	0.00716	0.00636	0.01352	0.01113	0.01749	0.00954	0.01113	0.00795	0.00398	0.00398	0.00080	0.00398	0.00318	0.00318	0.84417
7	0.00718	0.00508	0.00693	0.00777	0.00826	0.00509	0.00551	0.00827	0.00983	0.01325	0.02468	0.48185	0.02842	0.09720	0.16125	0.02958	0.00573	0.08546	0.00432	0.00433
8	0.01535	0.60404	0.02394	0.00953	0.01373	0.05277	0.00897	0.03549	0.03776	0.09340	0.01075	0.03473	0.00940	0.00561	0.00403	0.00131	0.00565	0.02337	0.00310	0.00708
9	0.00692	0.00546	0.00624	0.00604	0.00760	0.00478	0.00453	0.00882	0.01360	0.01774	0.38635	0.04633	0.44169	0.01239	0.00634	0.00176	0.00263	0.01058	0.00541	0.00478
10	0.04393	0.00865	0.01135	0.00891	0.01271	0.00753	0.00730	0.02330	0.01476	0.65409	0.02544	0.02267	0.11944	0.00757	0.00547	0.00168	0.00430	0.00616	0.00632	0.00840
11	0.01107	0.00978	0.05616	0.09601	0.22090	0.00906	0.03077	0.01458	0.06299	0.06943	0.11037	0.21014	0.02106	0.00889	0.00578	0.00178	0.00491	0.00806	0.04161	0.00664
12	0.19152	0.04663	0.08274	0.12147	0.06152	0.01199	0.02803	0.10847	0.07396	0.12844	0.07234	0.01604	0.01250	0.00621	0.00496	0.00168	0.00539	0.01472	0.00411	0.00728
13	0.00635	0.00541	0.00546	0.00550	0.00727	0.00453	0.00411	0.00770	0.01217	0.01448	0.05358	0.07617	0.75170	0.01370	0.00636	0.00182	0.00273	0.01146	0.00498	0.00453
14	0.01987	0.12607	0.01748	0.01167	0.01600	0.01655	0.00986	0.59404	0.02240	0.09421	0.01283	0.01275	0.00917	0.00620	0.00510	0.00155	0.00577	0.00461	0.00505	0.00882
15	0.01380	0.01394	0.02645	0.05435	0.21186	0.01374	0.44158	0.12049	0.01424	0.01946	0.01090	0.01396	0.00833	0.00489	0.00591	0.00173	0.00788	0.00568	0.00306	0.00776
16	0.55686	0.01089	0.01077	0.00948	0.03417	0.03633	0.07217	0.06075	0.01115	0.02220	0.01475	0.01563	0.11373	0.00625	0.00424	0.00168	0.00473	0.00457	0.00359	0.00605
17	0.00847	0.00612	0.00761	0.00815	0.00902	0.00607	0.00571	0.11244	0.01236	0.01651	0.02726	0.69696	0.03182	0.01537	0.00664	0.00210	0.00350	0.01381	0.00504	0.00503
18	0.02357	0.00996	0.01297	0.00994	0.01411	0.00911	0.00821	0.12852	0.01674	0.67728	0.02002	0.01752	0.01271	0.00662	0.00539	0.00165	0.00475	0.00532	0.00647	0.00913
19	0.11826	0.46074	0.06747	0.01227	0.06653	0.12580	0.05163	0.01693	0.01150	0.01496	0.00807	0.00957	0.00693	0.00481	0.00401	0.00134	0.00645	0.00334	0.00253	0.00685
20	0.01706	0.12492	0.01993	0.09744	0.04404	0.08144	0.15753	0.09348	0.02744	0.21989	0.01291	0.01398	0.00931	0.00579	0.00593	0.00164	0.05076	0.00489	0.00396	0.00764
21	0.01230	0.00766	0.00922	0.00810	0.01047	0.00743	0.00637	0.06878	0.10920	0.17149	0.32331	0.03409	0.16482	0.00993	0.00601	0.00174	0.00351	0.03331	0.00576	0.00649

[dist]
# distance from previous block
# <min> <max>
5	73

[block]
# block no. 5 follows, 45 sequences, length 16
# corresponding to MSA columns:
# 1717-1732
name=unknown_F
#
# <colnr> <probs for GDERKNQSTAVLIFYWHMCP>
#	G	D	E	R	K	N	Q	S	T	A	V	L	I	F	Y	W	H	M	C	P
0	0.01441	0.01441	0.10275	0.05392	0.31388	0.06609	0.03268	0.11995	0.01423	0.07428	0.03573	0.04739	0.01165	0.00632	0.00564	0.00166	0.02017	0.03002	0.00355	0.03128
1	0.10744	0.03328	0.11716	0.03090	0.01559	0.01109	0.03129	0.12170	0.09478	0.20219	0.01385	0.01418	0.00993	0.00641	0.00573	0.04598	0.00528	0.00452	0.00434	0.12434
2	0.00995	0.02055	0.52029	0.01324	0.01890	0.01042	0.03584	0.01505	0.03335	0.01671	0.05524	0.11666	0.01520	0.03476	0.00634	0.00194	0.00666	0.05881	0.00313	0.00696
3	0.00654	0.00467	0.00623	0.00747	0.00779	0.00436	0.00498	0.00747	0.01028	0.01370	0.02959	0.80785	0.03550	0.01682	0.00685	0.00218	0.00311	0.01526	0.00498	0.00436
4	0.00932	0.00466	0.00699	0.00699	0.00699	0.00466	0.00466	0.00699	0.00699	0.00932	0.00932	0.01632	0.00932	0.01865	0.02098	0.84382	0.00466	0.00466	0.00233	0.00233
5	0.01435	0.81458	0.02813	0.00918	0.01378	0.02124	0.00918	0.01607	0.01091	0.01263	0.00746	0.00861	0.00689	0.00459	0.00344	0.00115	0.00574	0.00287	0.00230	0.00689
6	0.00754	0.00547	0.00724	0.00787	0.00889	0.00518	0.00612	0.00950	0.01263	0.01696	0.26304	0.27024	0.09493	0.01411	0.00683	0.00209	0.00349	0.24781	0.00526	0.00478
7	0.01188	0.00981	0.01164	0.01089	0.05199	0.04077	0.04721	0.05664	0.23574	0.03661	0.01686	0.03830	0.01546	0.29759	0.01387	0.00299	0.04202	0.00647	0.02558	0.02768
8	0.01014	0.00954	0.01610	0.79845	0.03697	0.01193	0.01491	0.01371	0.01073	0.01371	0.00954	0.01431	0.00716	0.00537	0.00537	0.00179	0.00716	0.00477	0.00239	0.00596
9	0.01165	0.00933	0.01102	0.00798	0.01256	0.00710	0.00638	0.01403	0.01154	0.05799	0.04550	0.01285	0.01020	0.00444	0.00416	0.00088	0.00394	0.00360	0.00349	0.76137
10	0.00654	0.00467	0.00623	0.00747	0.00779	0.00436	0.00498	0.00747	0.01028	0.01370	0.02959	0.80785	0.03550	0.01682	0.00685	0.00218	0.00311	0.01526	0.00498	0.00436
11	0.00765	0.00989	0.16232	0.00797	0.01074	0.00629	0.00762	0.01034	0.01289	0.01722	0.27637	0.08635	0.34180	0.01124	0.00612	0.00177	0.00373	0.00957	0.00474	0.00538
12	0.80684	0.01011	0.00774	0.00696	0.01017	0.01169	0.00571	0.01561	0.00924	0.02388	0.00798	0.00929	0.00622	0.00505	0.00334	0.00164	0.00407	0.00301	0.04568	0.00577
13	0.01538	0.48866	0.02256	0.01026	0.01440	0.10460	0.00927	0.11771	0.03346	0.01630	0.00886	0.00998	0.00756	0.00515	0.00453	0.00127	0.03751	0.00339	0.00294	0.08624
14	0.00929	0.00515	0.00565	0.00552	0.00678	0.00502	0.00414	0.01180	0.01243	0.02046	0.24242	0.02598	0.02471	0.00766	0.00452	0.00138	0.00251	0.00640	0.59317	0.00502
15	0.01480	0.05541	0.04900	0.16029	0.34152	0.03463	0.01374	0.12683	0.05324	0.08133	0.01171	0.01374	0.00896	0.00543	0.00523	0.00162	0.00631	0.00473	0.00345	0.00802

[dist]
# distance from previous block
# <min> <max>
0	1

[block]
# block no. 6 follows, 45 sequences, length 7
# corresponding to MSA columns:
# 1734-1740
name=unknown_G
#
# <colnr> <probs for GDERKNQSTAVLIFYWHMCP>
#	G	D	E	R	K	N	Q	S	T	A	V	L	I	F	Y	W	H	M	C	P
0	0.00687	0.00490	0.00660	0.00785	0.00830	0.00464	0.00555	0.00804	0.01060	0.01407	0.02941	0.69234	0.03479	0.01651	0.00694	0.00223	0.00340	0.12755	0.00498	0.00445
1	0.01098	0.02099	0.48152	0.09982	0.06836	0.01187	0.12109	0.01574	0.01112	0.01601	0.00979	0.01266	0.00735	0.00626	0.00675	0.07805	0.00762	0.00449	0.00237	0.00715
2	0.00687	0.00487	0.00607	0.00690	0.00723	0.00460	0.00445	0.00758	0.00974	0.01287	0.02785	0.54686	0.08187	0.23170	0.01236	0.00297	0.00365	0.01297	0.00451	0.00407
3	0.00668	0.00483	0.00621	0.00715	0.00765	0.00448	0.00482	0.00772	0.01070	0.01421	0.08981	0.63992	0.09958	0.05953	0.00789	0.00227	0.00315	0.01408	0.00496	0.00437
4	0.04976	0.10105	0.02113	0.02742	0.60571	0.01326	0.01449	0.01619	0.01187	0.01728	0.00965	0.01242	0.00817	0.00471	0.00493	0.00149	0.00604	0.00438	0.00268	0.06739
5	0.00797	0.00515	0.00598	0.00598	0.00598	0.00515	0.00340	0.00772	0.00772	0.01029	0.01611	0.03313	0.01843	0.72713	0.02665	0.09430	0.00515	0.00747	0.00315	0.00315
6	0.06185	0.31050	0.33511	0.01174	0.01748	0.01526	0.01320	0.01829	0.06503	0.08945	0.01069	0.01147	0.00808	0.00521	0.00445	0.00150	0.00633	0.00379	0.00298	0.00759

[dist]
# distance from previous block
# <min> <max>
1	2

[block]
# block no. 7 follows, 45 sequences, length 46
# corresponding to MSA columns:
# 1743-1788
name=unknown_H
#
# <colnr> <probs for GDERKNQSTAVLIFYWHMCP>
#	G	D	E	R	K	N	Q	S	T	A	V	L	I	F	Y	W	H	M	C	P
0	0.01268	0.01364	0.10893	0.07626	0.27793	0.01181	0.14057	0.01612	0.01187	0.05845	0.02959	0.01384	0.00927	0.00531	0.00626	0.00160	0.06824	0.00487	0.00295	0.12982
1	0.07678	0.24784	0.48458	0.01354	0.04517	0.01492	0.01563	0.01663	0.01107	0.01633	0.00887	0.01043	0.00681	0.00494	0.00450	0.00154	0.00697	0.00360	0.00237	0.00749
2	0.59385	0.01000	0.00930	0.00783	0.01141	0.01076	0.00646	0.01899	0.01106	0.25855	0.01172	0.01168	0.00813	0.00550	0.00396	0.00166	0.00428	0.00368	0.00435	0.00684
3	0.01201	0.01156	0.02025	0.25531	0.43946	0.01218	0.08724	0.01540	0.01184	0.01629	0.01116	0.01668	0.00948	0.00556	0.00556	0.00173	0.00677	0.05138	0.00273	0.00741
4	0.05004	0.00863	0.01050	0.01007	0.01250	0.00901	0.00842	0.05017	0.20553	0.15500	0.02388	0.03842	0.02205	0.01066	0.00629	0.00209	0.00471	0.35990	0.00532	0.00681
5	0.00913	0.00661	0.00818	0.00754	0.00920	0.00652	0.00573	0.01372	0.13851	0.04894	0.62466	0.03603	0.04370	0.01021	0.00616	0.00171	0.00289	0.00896	0.00586	0.00577
6	0.00781	0.00520	0.00585	0.00585	0.00585	0.00520	0.00325	0.00781	0.00781	0.01041	0.01691	0.03513	0.01952	0.81135	0.02732	0.00520	0.00520	0.00781	0.00325	0.00325
7	0.00932	0.00466	0.00699	0.00699	0.00699	0.00466	0.00466	0.00699	0.00699	0.00932	0.00932	0.01632	0.00932	0.01865	0.02098	0.84382	0.00466	0.00466	0.00233	0.00233
8	0.01174	0.01174	0.01644	0.01409	0.01409	0.01644	0.01174	0.01292	0.00822	0.01292	0.00705	0.01174	0.00705	0.00940	0.01762	0.00235	0.80153	0.00470	0.00235	0.00587
9	0.02041	0.01504	0.01611	0.01235	0.01665	0.01665	0.01020	0.75997	0.02524	0.03383	0.01289	0.01289	0.00913	0.00644	0.00537	0.00161	0.00591	0.00483	0.00537	0.00913
10	0.02073	0.01451	0.01579	0.01210	0.01639	0.01587	0.01000	0.69492	0.02436	0.10011	0.01362	0.01336	0.00950	0.00646	0.00537	0.00162	0.00579	0.00488	0.00548	0.00913
11	0.02392	0.00939	0.01262	0.00967	0.01383	0.00827	0.00799	0.05841	0.01580	0.74872	0.02081	0.01803	0.01310	0.00664	0.00540	0.00166	0.00463	0.00537	0.00659	0.00913
12	0.01174	0.01174	0.01644	0.01409	0.01409	0.01644	0.01174	0.01292	0.00822	0.01292	0.00705	0.01174	0.00705	0.00940	0.01762	0.00235	0.80153	0.00470	0.00235	0.00587
13	0.00733	0.00549	0.00658	0.00695	0.00830	0.00501	0.00542	0.00917	0.01250	0.01636	0.17731	0.15010	0.32974	0.01342	0.00651	0.00196	0.00324	0.17933	0.05054	0.00473
14	0.00681	0.00486	0.00654	0.00778	0.00821	0.00459	0.00545	0.00794	0.01054	0.01400	0.02944	0.71263	0.03492	0.01656	0.00692	0.00222	0.00335	0.10782	0.00498	0.00443
15	0.84927	0.01038	0.00789	0.00706	0.01038	0.01204	0.00581	0.01578	0.00914	0.02408	0.00747	0.00872	0.00581	0.00498	0.00332	0.00166	0.00415	0.00291	0.00332	0.00581
16	0.01324	0.02302	0.57222	0.01457	0.02129	0.01193	0.05145	0.01839	0.01193	0.15057	0.01157	0.01271	0.00801	0.00558	0.00589	0.00173	0.05048	0.00437	0.00306	0.00800
17	0.12382	0.01096	0.01280	0.00999	0.01396	0.01099	0.00823	0.25194	0.01765	0.42282	0.05005	0.01638	0.01272	0.00657	0.00517	0.00165	0.00484	0.00511	0.00581	0.00855
18	0.00685	0.00497	0.00654	0.00769	0.00827	0.00466	0.00548	0.00806	0.01076	0.01414	0.03137	0.63095	0.09349	0.01625	0.00690	0.00220	0.00337	0.12861	0.00498	0.00446
19	0.01077	0.02777	0.78354	0.01530	0.02323	0.01247	0.01983	0.01700	0.01133	0.01700	0.00963	0.01133	0.00680	0.00510	0.00510	0.00170	0.00793	0.00397	0.00227	0.00793
20	0.01245	0.01284	0.04887	0.03434	0.06259	0.08374	0.12795	0.01721	0.14939	0.02841	0.01437	0.09973	0.01288	0.00799	0.00860	0.00191	0.20258	0.01853	0.04895	0.00668
21	0.00848	0.00753	0.04227	0.08835	0.08728	0.00701	0.00820	0.02632	0.03910	0.01509	0.02445	0.48189	0.04645	0.01324	0.00667	0.01646	0.00429	0.06721	0.00436	0.00534
22	0.00980	0.00829	0.01313	0.01732	0.29715	0.00874	0.00983	0.01189	0.00985	0.01405	0.01317	0.02034	0.01252	0.14676	0.37725	0.00546	0.00995	0.00571	0.00285	0.00594
23	0.84927	0.01038	0.00789	0.00706	0.01038	0.01204	0.00581	0.01578	0.00914	0.02408	0.00747	0.00872	0.00581	0.00498	0.00332	0.00166	0.00415	0.00291	0.00332	0.00581
24	0.09670	0.00815	0.00915	0.00767	0.01039	0.00814	0.00615	0.12066	0.01449	0.24214	0.07560	0.01898	0.01506	0.00664	0.00461	0.00149	0.00373	0.00525	0.33815	0.00685
25	0.01171	0.07316	0.01750	0.05309	0.22713	0.01405	0.01206	0.01359	0.00967	0.01403	0.00928	0.01426	0.00875	0.05738	0.08231	0.00275	0.36547	0.00486	0.00253	0.00644
26	0.00654	0.00467	0.00623	0.00747	0.00779	0.00436	0.00498	0.00747	0.01028	0.01370	0.02959	0.80785	0.03550	0.01682	0.00685	0.00218	0.00311	0.01526	0.00498	0.00436
27	0.01372	0.01134	0.01194	0.01059	0.01360	0.01300	0.00828	0.09212	0.64372	0.02327	0.02072	0.01939	0.01554	0.00713	0.00532	0.00176	0.00426	0.00588	0.07015	0.00828
28	0.00678	0.00581	0.00624	0.00614	0.00781	0.00527	0.00472	0.00822	0.01213	0.01474	0.07740	0.04944	0.67553	0.01332	0.00700	0.00187	0.04617	0.04187	0.00487	0.00464
29	0.84927	0.01038	0.00789	0.00706	0.01038	0.01204	0.00581	0.01578	0.00914	0.02408	0.00747	0.00872	0.00581	0.00498	0.00332	0.00166	0.00415	0.00291	0.00332	0.00581
30	0.01113	0.00954	0.01113	0.00795	0.01272	0.00716	0.00636	0.01352	0.01113	0.01749	0.00954	0.01113	0.00795	0.00398	0.00398	0.00080	0.00398	0.00318	0.00318	0.84417
31	0.01270	0.00949	0.01129	0.00814	0.01284	0.00724	0.00655	0.01505	0.01164	0.11023	0.01095	0.01200	0.00860	0.00430	0.00415	0.00090	0.00405	0.00345	0.00360	0.74282
32	0.00744	0.00553	0.00696	0.00697	0.00813	0.00518	0.00508	0.00998	0.04556	0.01884	0.47795	0.23434	0.12277	0.01257	0.00643	0.00183	0.00277	0.01113	0.00556	0.00498
33	0.01383	0.05015	0.42113	0.01748	0.13753	0.01259	0.08218	0.06495	0.01298	0.11957	0.01147	0.01283	0.00819	0.00527	0.00524	0.00166	0.00714	0.00451	0.00314	0.00816
34	0.54434	0.14452	0.01356	0.00889	0.01267	0.01389	0.04775	0.08857	0.01149	0.05996	0.00885	0.00989	0.00681	0.00512	0.00381	0.00158	0.00487	0.00340	0.00348	0.00655
35	0.84927	0.01038	0.00789	0.00706	0.01038	0.01204	0.00581	0.01578	0.00914	0.02408	0.00747	0.00872	0.00581	0.00498	0.00332	0.00166	0.00415	0.00291	0.00332	0.00581
36	0.00781	0.00520	0.00585	0.00585	0.00585	0.00520	0.00325	0.00781	0.00781	0.01041	0.01691	0.03513	0.01952	0.81135	0.02732	0.00520	0.00520	0.00781	0.00325	0.00325
37	0.00768	0.00572	0.00848	0.00848	0.00938	0.00663	0.00652	0.00949	0.00858	0.01235	0.01452	0.02185	0.01375	0.08212	0.74867	0.00844	0.01388	0.00586	0.00290	0.00471
38	0.00767	0.00575	0.00863	0.00863	0.00959	0.00671	0.00671	0.00959	0.00863	0.01246	0.01438	0.02109	0.01342	0.04026	0.79008	0.00863	0.01438	0.00575	0.00288	0.00479
39	0.01435	0.81458	0.02813	0.00918	0.01378	0.02124	0.00918	0.01607	0.01091	0.01263	0.00746	0.00861	0.00689	0.00459	0.00344	0.00115	0.00574	0.00287	0.00230	0.00689
40	0.05314	0.01131	0.01272	0.01009	0.01371	0.01184	0.00829	0.38406	0.01919	0.23221	0.01619	0.01695	0.01161	0.00669	0.00510	0.00160	0.00488	0.02993	0.14231	0.00818
41	0.00768	0.00571	0.00842	0.00842	0.00931	0.00660	0.00645	0.00945	0.00857	0.01231	0.01457	0.02213	0.01387	0.09761	0.73335	0.00837	0.01370	0.00590	0.00290	0.00468
42	0.00827	0.00591	0.00805	0.00910	0.01017	0.00584	0.00762	0.01037	0.01189	0.01553	0.05370	0.13243	0.05194	0.07653	0.00883	0.00261	0.00464	0.56699	0.00485	0.00475
43	0.84927	0.01038	0.00789	0.00706	0.01038	0.01204	0.00581	0.01578	0.00914	0.02408	0.00747	0.00872	0.00581	0.00498	0.00332	0.00166	0.00415	0.00291	0.00332	0.00581
44	0.01455	0.25765	0.16926	0.01549	0.15612	0.06771	0.01256	0.05973	0.12257	0.05819	0.01155	0.01248	0.00901	0.00539	0.00471	0.00150	0.00628	0.00418	0.00325	0.00782
45	0.08922	0.10173	0.19912	0.01318	0.04462	0.19305	0.01217	0.08555	0.01309	0.01731	0.01152	0.01550	0.02795	0.00666	0.00626	0.00168	0.09036	0.06113	0.00306	0.00684

[dist]
# distance from previous block
# <min> <max>
0	8

[block]
# block no. 8 follows, 45 sequences, length 12
# corresponding to MSA columns:
# 1797-1808
name=unknown_I
#
# <colnr> <probs for GDERKNQSTAVLIFYWHMCP>
#	G	D	E	R	K	N	Q	S	T	A	V	L	I	F	Y	W	H	M	C	P
0	0.10103	0.11482	0.15026	0.01445	0.10497	0.01412	0.05086	0.14721	0.11040	0.09643	0.01244	0.01319	0.00925	0.00576	0.00533	0.00164	0.03156	0.00452	0.00383	0.00795
1	0.01352	0.51895	0.26882	0.01140	0.01696	0.06147	0.01265	0.01667	0.01128	0.01405	0.00820	0.00954	0.00686	0.00481	0.00405	0.00134	0.00666	0.00325	0.00231	0.00719
2	0.00756	0.00512	0.00678	0.00726	0.00780	0.00528	0.00506	0.00866	0.00934	0.01326	0.02088	0.32988	0.02296	0.15962	0.24365	0.03550	0.00682	0.00969	0.09058	0.00429
3	0.09345	0.01272	0.01719	0.02068	0.36077	0.01327	0.01217	0.26639	0.01650	0.04596	0.04681	0.01403	0.01055	0.00567	0.00514	0.00158	0.00568	0.00481	0.00392	0.04270
4	0.01156	0.19815	0.18611	0.01183	0.07290	0.01222	0.01072	0.03845	0.06539	0.01808	0.19231	0.01833	0.01828	0.00640	0.00491	0.00145	0.00518	0.00521	0.00361	0.11890
5	0.00666	0.00523	0.00602	0.00628	0.00756	0.00459	0.00454	0.00813	0.01229	0.01571	0.19474	0.26283	0.41842	0.01397	0.00648	0.00189	0.00279	0.01211	0.00517	0.00459
6	0.01167	0.17240	0.55943	0.01456	0.02151	0.01421	0.07274	0.01725	0.03828	0.01640	0.00976	0.01137	0.00726	0.00504	0.00490	0.00161	0.00748	0.00401	0.00242	0.00771
7	0.03990	0.01340	0.05849	0.02499	0.48363	0.04454	0.04926	0.01894	0.04932	0.14646	0.01239	0.01412	0.00944	0.00526	0.00529	0.00163	0.00625	0.00487	0.00347	0.00835
8	0.01253	0.03399	0.33702	0.16506	0.04635	0.01128	0.01460	0.01707	0.03954	0.12844	0.01374	0.06482	0.01115	0.00680	0.00591	0.00179	0.03926	0.03997	0.00336	0.00730
9	0.01282	0.00680	0.00855	0.00741	0.00955	0.00636	0.00579	0.05388	0.01502	0.21089	0.40525	0.02947	0.03225	0.00877	0.00556	0.00160	0.00321	0.00750	0.16303	0.00628
10	0.07416	0.05127	0.01814	0.01446	0.04935	0.12350	0.18943	0.05857	0.18223	0.12842	0.01487	0.04713	0.01151	0.00623	0.00538	0.00168	0.00642	0.00555	0.00415	0.00756
11	0.06162	0.01224	0.01947	0.12129	0.41099	0.01262	0.07530	0.10370	0.01375	0.10024	0.01144	0.01374	0.00873	0.00524	0.00531	0.00165	0.00632	0.00488	0.00340	0.00807

[dist]
# distance from previous block
# <min> <max>
0	1

[block]
# block no. 9 follows, 45 sequences, length 321
# corresponding to MSA columns:
# 1810-1919,1969-2179
name=unknown_J
#
# <colnr> <probs for GDERKNQSTAVLIFYWHMCP>
#	G	D	E	R	K	N	Q	S	T	A	V	L	I	F	Y	W	H	M	C	P
0	0.00821	0.00600	0.00765	0.00707	0.00885	0.00535	0.03145	0.01020	0.01341	0.06289	0.32603	0.07002	0.35761	0.01272	0.02763	0.00197	0.00337	0.02916	0.00530	0.00512
1	0.00974	0.00661	0.00787	0.00723	0.00909	0.00637	0.00552	0.01378	0.11973	0.08612	0.42321	0.03633	0.17597	0.01028	0.00597	0.00170	0.00298	0.00884	0.05685	0.00579
2	0.01402	0.01420	0.02123	0.03066	0.68086	0.09867	0.02851	0.01703	0.01256	0.01704	0.00991	0.01291	0.00832	0.00486	0.00528	0.00157	0.00679	0.00466	0.00267	0.00823
3	0.01495	0.18359	0.25984	0.01646	0.15297	0.01423	0.05608	0.09943	0.01355	0.12285	0.01127	0.01241	0.00834	0.00527	0.00493	0.00156	0.00658	0.00431	0.00331	0.00807
4	0.01352	0.01319	0.02157	0.03230	0.75204	0.03911	0.01627	0.01664	0.01232	0.01739	0.01004	0.01316	0.00845	0.00481	0.00530	0.00159	0.00649	0.00474	0.00266	0.00843
5	0.01297	0.03525	0.02854	0.02037	0.02525	0.01297	0.62994	0.01698	0.01252	0.06059	0.01239	0.06250	0.01003	0.00552	0.00653	0.00182	0.02896	0.00668	0.00306	0.00713
6	0.01409	0.01164	0.01676	0.06765	0.38613	0.04880	0.01217	0.01731	0.03929	0.11696	0.06149	0.01542	0.01189	0.00545	0.00514	0.00148	0.00561	0.00488	0.00357	0.15427
7	0.00781	0.00520	0.00585	0.00585	0.00585	0.00520	0.00325	0.00781	0.00781	0.01041	0.01691	0.03513	0.01952	0.81135	0.02732	0.00520	0.00520	0.00781	0.00325	0.00325
8	0.01104	0.05420	0.68971	0.01553	0.02300	0.01294	0.06730	0.01688	0.01133	0.01676	0.00957	0.01145	0.00690	0.00515	0.00542	0.00170	0.02691	0.00410	0.00230	0.00780
9	0.01014	0.00954	0.01610	0.79845	0.03697	0.01193	0.01491	0.01371	0.01073	0.01371	0.00954	0.01431	0.00716	0.00537	0.00537	0.00179	0.00716	0.00477	0.00239	0.00596
10	0.00694	0.00516	0.00614	0.00683	0.00788	0.00468	0.00500	0.00832	0.01132	0.01469	0.03797	0.38469	0.31145	0.01469	0.00653	0.00202	0.00314	0.09867	0.05937	0.00453
11	0.00860	0.00647	0.03489	0.00721	0.00886	0.00548	0.00574	0.01124	0.01507	0.06244	0.70726	0.03790	0.04708	0.01053	0.00624	0.00169	0.00283	0.00927	0.00582	0.00539
12	0.00677	0.00495	0.00636	0.00708	0.00778	0.00455	0.00490	0.00813	0.01166	0.01564	0.20882	0.54147	0.12194	0.01507	0.00667	0.00202	0.00293	0.01351	0.00520	0.00455
13	0.01403	0.01187	0.01252	0.01106	0.01422	0.01367	0.00866	0.09854	0.69705	0.02354	0.02099	0.01934	0.01569	0.00720	0.00545	0.00180	0.00441	0.00595	0.00545	0.00856
14	0.01329	0.01275	0.02179	0.03295	0.77787	0.01275	0.01647	0.01647	0.01222	0.01754	0.01010	0.01329	0.00850	0.00478	0.00531	0.00159	0.00638	0.00478	0.00266	0.00850
15	0.03518	0.14483	0.56777	0.01390	0.02084	0.01346	0.03697	0.01754	0.01156	0.07573	0.01017	0.01147	0.00733	0.00512	0.00486	0.00162	0.00727	0.00395	0.00265	0.00779
16	0.01101	0.02610	0.68912	0.01622	0.02384	0.01261	0.11258	0.01702	0.01150	0.01702	0.00979	0.01173	0.00697	0.00503	0.00525	0.00171	0.00807	0.00426	0.00232	0.00785
17	0.09469	0.00875	0.01137	0.00910	0.01276	0.00786	0.00739	0.02318	0.01425	0.63010	0.02090	0.10471	0.01509	0.00762	0.00538	0.00172	0.00437	0.00627	0.00617	0.00832
18	0.00716	0.00490	0.00658	0.00771	0.00820	0.00459	0.00534	0.00824	0.01057	0.03390	0.02928	0.72983	0.03457	0.01640	0.00686	0.00219	0.00329	0.07084	0.00502	0.00453
19	0.01191	0.06410	0.63642	0.01554	0.04113	0.01270	0.06307	0.01750	0.01165	0.06229	0.01030	0.01185	0.00731	0.00512	0.00512	0.00167	0.00765	0.00416	0.00257	0.00793
20	0.00771	0.00550	0.00757	0.00881	0.00963	0.00536	0.00701	0.00949	0.01143	0.01501	0.02894	0.39523	0.03296	0.01572	0.00716	0.00234	0.00412	0.41638	0.00496	0.00468
21	0.00781	0.00520	0.00585	0.00585	0.00585	0.00520	0.00325	0.00781	0.00781	0.01041	0.01691	0.03513	0.01952	0.81135	0.02732	0.00520	0.00520	0.00781	0.00325	0.00325
22	0.07136	0.01045	0.01476	0.01458	0.16694	0.00982	0.02817	0.07082	0.01493	0.51563	0.01734	0.01625	0.01148	0.00611	0.00528	0.00165	0.00510	0.00511	0.00547	0.00876
23	0.04976	0.47760	0.04318	0.00943	0.01275	0.01621	0.00882	0.01407	0.01003	0.01324	0.00943	0.01238	0.00867	0.01488	0.22374	0.00335	0.05990	0.00383	0.00251	0.00622
24	0.02005	0.02558	0.01521	0.01383	0.01659	0.78980	0.01037	0.02143	0.01521	0.01314	0.00830	0.00968	0.00691	0.00553	0.00484	0.00138	0.00968	0.00346	0.00277	0.00622
25	0.01081	0.00799	0.00973	0.00761	0.01103	0.00642	0.00598	0.01321	0.01293	0.07927	0.28370	0.02272	0.03721	0.00685	0.00497	0.00120	0.00349	0.00582	0.00446	0.46460
26	0.00781	0.00520	0.00585	0.00585	0.00585	0.00520	0.00325	0.00781	0.00781	0.01041	0.01691	0.03513	0.01952	0.81135	0.02732	0.00520	0.00520	0.00781	0.00325	0.00325
27	0.01329	0.01275	0.02179	0.03295	0.77787	0.01275	0.01647	0.01647	0.01222	0.01754	0.01010	0.01329	0.00850	0.00478	0.00531	0.00159	0.00638	0.00478	0.00266	0.00850
28	0.01271	0.01110	0.04688	0.01125	0.03635	0.01131	0.03505	0.08193	0.40861	0.04897	0.17278	0.02444	0.04098	0.00801	0.00571	0.00177	0.00443	0.02486	0.00524	0.00762
29	0.01474	0.01595	0.11875	0.01951	0.06193	0.04619	0.44942	0.08456	0.01401	0.10300	0.01188	0.01411	0.00860	0.00506	0.00588	0.00173	0.00803	0.00561	0.00333	0.00772
30	0.00642	0.00540	0.00563	0.00570	0.00738	0.00461	0.00425	0.00780	0.01204	0.01450	0.06375	0.09822	0.68963	0.01469	0.03395	0.00207	0.00315	0.01135	0.00493	0.00454
31	0.00638	0.00531	0.00557	0.00577	0.00734	0.00450	0.00422	0.00767	0.01192	0.01437	0.05037	0.17388	0.65605	0.01412	0.00643	0.00187	0.00278	0.01196	0.00498	0.00450
32	0.01829	0.01384	0.03706	0.07428	0.05419	0.01445	0.07747	0.44403	0.07278	0.11779	0.01385	0.01426	0.00980	0.00616	0.00546	0.00166	0.00608	0.00509	0.00485	0.00861
33	0.01565	0.01251	0.01307	0.01122	0.01457	0.03546	0.00887	0.17963	0.54767	0.07051	0.01957	0.01815	0.01443	0.00702	0.00542	0.00176	0.00476	0.00570	0.00544	0.00860
34	0.01317	0.01264	0.02159	0.05988	0.75180	0.01272	0.01642	0.01638	0.01217	0.01740	0.01008	0.01332	0.00846	0.00480	0.00532	0.00160	0.00640	0.00478	0.00265	0.00841
35	0.00686	0.00546	0.00616	0.00598	0.00757	0.00475	0.00449	0.00871	0.01346	0.01741	0.35300	0.04687	0.47525	0.01251	0.00634	0.00176	0.00264	0.01066	0.00537	0.00475
36	0.01309	0.00948	0.01133	0.00819	0.01287	0.00727	0.00659	0.01543	0.01177	0.13309	0.01130	0.01221	0.00876	0.00438	0.00419	0.00093	0.00406	0.00352	0.00370	0.71783
37	0.01397	0.67980	0.13827	0.01020	0.01523	0.03917	0.01077	0.01634	0.01108	0.01328	0.00780	0.00904	0.00688	0.00469	0.00372	0.00123	0.00616	0.00305	0.00230	0.00702
38	0.78554	0.01155	0.00845	0.00758	0.01086	0.07182	0.00616	0.01621	0.00960	0.02324	0.00754	0.00879	0.00590	0.00503	0.00344	0.00164	0.00458	0.00295	0.00328	0.00584
39	0.47184	0.01116	0.01048	0.00887	0.01240	0.01248	0.00723	0.13625	0.14402	0.11918	0.01251	0.01252	0.00909	0.00582	0.00427	0.00168	0.00450	0.00407	0.00443	0.00721
40	0.01161	0.01033	0.01637	0.32130	0.28229	0.01145	0.01342	0.05974	0.03884	0.01682	0.01255	0.04076	0.01079	0.00826	0.05213	0.00215	0.00674	0.04503	0.03252	0.00690
41	0.01335	0.01153	0.01214	0.01092	0.01396	0.01335	0.00850	0.02852	0.76817	0.02245	0.02185	0.02003	0.01639	0.00728	0.00546	0.00182	0.00425	0.00607	0.00546	0.00850
42	0.01360	0.01165	0.01228	0.01097	0.01405	0.01347	0.00856	0.05436	0.74192	0.02286	0.02153	0.01978	0.01613	0.00725	0.00546	0.00181	0.00431	0.00603	0.00546	0.00852
43	0.01717	0.00760	0.01024	0.00838	0.01132	0.00670	0.00670	0.01943	0.01529	0.46270	0.33746	0.02743	0.02896	0.00846	0.00579	0.00167	0.00371	0.00721	0.00634	0.00743
44	0.00767	0.00575	0.00863	0.00863	0.00959	0.00671	0.00671	0.00959	0.00863	0.01246	0.01438	0.02109	0.01342	0.04026	0.79008	0.00863	0.01438	0.00575	0.00288	0.00479
45	0.01048	0.00989	0.01672	0.71442	0.11830	0.01202	0.01508	0.01402	0.01090	0.01413	0.00960	0.01420	0.00730	0.00530	0.00536	0.00177	0.00707	0.00477	0.00242	0.00624
46	0.01211	0.00806	0.00720	0.00665	0.00838	0.08059	0.00509	0.09598	0.01318	0.02089	0.01613	0.01825	0.01260	0.00621	0.00403	0.00130	0.00356	0.00484	0.66939	0.00557
47	0.84927	0.01038	0.00789	0.00706	0.01038	0.01204	0.00581	0.01578	0.00914	0.02408	0.00747	0.00872	0.00581	0.00498	0.00332	0.00166	0.00415	0.00291	0.00332	0.00581
48	0.01255	0.26756	0.04427	0.05680	0.01511	0.01285	0.00852	0.04076	0.06076	0.01657	0.00979	0.01116	0.00811	0.00460	0.00407	0.00109	0.00495	0.00345	0.00304	0.41396
49	0.00656	0.00477	0.00613	0.00719	0.00766	0.00441	0.00482	0.00751	0.01041	0.01368	0.03188	0.69707	0.11676	0.04442	0.00752	0.00225	0.00314	0.01456	0.00492	0.00434
50	0.00641	0.00544	0.00553	0.00550	0.00729	0.00456	0.00413	0.00783	0.01239	0.01486	0.09096	0.05107	0.73888	0.01346	0.00634	0.00181	0.00271	0.01125	0.00503	0.00456
51	0.01435	0.81458	0.02813	0.00918	0.01378	0.02124	0.00918	0.01607	0.01091	0.01263	0.00746	0.00861	0.00689	0.00459	0.00344	0.00115	0.00574	0.00287	0.00230	0.00689
52	0.00654	0.00467	0.00623	0.00747	0.00779	0.00436	0.00498	0.00747	0.01028	0.01370	0.02959	0.80785	0.03550	0.01682	0.00685	0.00218	0.00311	0.01526	0.00498	0.00436
53	0.01001	0.00500	0.00500	0.00500	0.00625	0.00500	0.00375	0.01251	0.01126	0.02001	0.01751	0.02001	0.01376	0.00625	0.00375	0.00125	0.00250	0.00500	0.84115	0.00500
54	0.01007	0.00907	0.01455	0.61231	0.03104	0.01100	0.01342	0.01416	0.05687	0.01466	0.01360	0.02278	0.01188	0.00714	0.00573	0.00191	0.00659	0.13425	0.00302	0.00594
55	0.84927	0.01038	0.00789	0.00706	0.01038	0.01204	0.00581	0.01578	0.00914	0.02408	0.00747	0.00872	0.00581	0.00498	0.00332	0.00166	0.00415	0.00291	0.00332	0.00581
56	0.01113	0.00954	0.01113	0.00795	0.01272	0.00716	0.00636	0.01352	0.01113	0.01749	0.00954	0.01113	0.00795	0.00398	0.00398	0.00080	0.00398	0.00318	0.00318	0.84417
57	0.01177	0.01182	0.01687	0.01433	0.01448	0.01636	0.03267	0.01304	0.00835	0.01304	0.00715	0.01182	0.00708	0.00926	0.01730	0.00233	0.77932	0.00474	0.00236	0.00591
58	0.00732	0.00527	0.00693	0.00694	0.00796	0.00488	0.00504	0.00943	0.01390	0.01946	0.57830	0.24272	0.04665	0.01252	0.00647	0.00182	0.00269	0.01117	0.00566	0.00488
