[name]
unknown

[dist]
# distance from previous block
# <min> <max>
0	358

[block]
# block no. 0 follows, 46 sequences, length 11
# corresponding to MSA columns:
# 375-385
name=unknown_A
#
# <colnr> <probs for GDERKNQSTAVLIFYWHMCP>
#	G	D	E	R	K	N	Q	S	T	A	V	L	I	F	Y	W	H	M	C	P
0	0.00852	0.00608	0.00852	0.00974	0.01095	0.00608	0.00852	0.01095	0.01217	0.01582	0.02799	0.05963	0.03042	0.01460	0.00730	0.00243	0.00487	0.74565	0.00487	0.00487
1	0.01071	0.00910	0.01068	0.00774	0.01219	0.00690	0.00617	0.01307	0.01126	0.01752	0.06587	0.01306	0.01092	0.00442	0.00409	0.00085	0.00381	0.00360	0.00333	0.78473
2	0.00630	0.00514	0.00558	0.00592	0.00729	0.00442	0.00427	0.00752	0.01150	0.01406	0.04665	0.26576	0.56866	0.01429	0.00639	0.00189	0.00279	0.01225	0.00491	0.00442
3	0.13557	0.59562	0.02327	0.00915	0.01346	0.01902	0.00870	0.11406	0.01235	0.01681	0.00805	0.00905	0.00692	0.00482	0.00362	0.00126	0.00545	0.00309	0.00280	0.00692
4	0.00628	0.00525	0.00547	0.00564	0.00722	0.00444	0.00414	0.00755	0.01177	0.01417	0.05004	0.16036	0.67188	0.01385	0.00632	0.00184	0.00273	0.01172	0.00491	0.00444
5	0.01684	0.12535	0.01615	0.04035	0.03980	0.48501	0.00974	0.01924	0.05385	0.01413	0.00905	0.01041	0.00751	0.00517	0.00453	0.00129	0.00774	0.00351	0.00285	0.12748
6	0.00960	0.02766	0.10338	0.14108	0.04269	0.00913	0.04081	0.05776	0.05814	0.01572	0.01799	0.27970	0.01838	0.01434	0.12163	0.00285	0.00659	0.02296	0.00369	0.00589
7	0.00668	0.00475	0.00601	0.00692	0.00726	0.00447	0.00452	0.00744	0.00976	0.01290	0.02818	0.61080	0.07773	0.17371	0.01069	0.00271	0.00345	0.01334	0.00457	0.00409
8	0.00998	0.00940	0.01586	0.80150	0.03641	0.01175	0.01468	0.01351	0.01057	0.01351	0.00940	0.01409	0.00705	0.00529	0.00529	0.00176	0.00705	0.00470	0.00235	0.00587
9	0.01352	0.17275	0.10347	0.01081	0.05778	0.01140	0.00925	0.01806	0.12486	0.14574	0.14673	0.01805	0.01695	0.00633	0.00487	0.00144	0.00474	0.00516	0.00419	0.12390
10	0.00959	0.05940	0.31023	0.01088	0.01519	0.00960	0.01158	0.01312	0.00998	0.01466	0.01137	0.01539	0.00975	0.04286	0.30824	0.00424	0.00949	0.00453	0.00262	0.12727

[dist]
# distance from previous block
# <min> <max>
2	11

[block]
# block no. 1 follows, 46 sequences, length 13
# corresponding to MSA columns:
# 397-409
name=unknown_B
#
# <colnr> <probs for GDERKNQSTAVLIFYWHMCP>
#	G	D	E	R	K	N	Q	S	T	A	V	L	I	F	Y	W	H	M	C	P
0	0.01039	0.00878	0.01035	0.00772	0.01187	0.00671	0.00608	0.01264	0.01113	0.01716	0.05575	0.07717	0.01247	0.00534	0.00428	0.00094	0.00376	0.00447	0.00343	0.72957
1	0.01300	0.27526	0.38078	0.01174	0.01742	0.01381	0.01346	0.01683	0.01163	0.10910	0.04436	0.04879	0.01066	0.00582	0.00467	0.00152	0.00627	0.00449	0.00304	0.00735
2	0.01388	0.01012	0.02881	0.03649	0.22903	0.00952	0.08491	0.06953	0.01351	0.18638	0.05981	0.13331	0.08516	0.00803	0.00572	0.00172	0.00518	0.00730	0.00437	0.00724
3	0.00753	0.00531	0.00685	0.00666	0.00765	0.00512	0.00483	0.00892	0.01182	0.01622	0.38256	0.03515	0.14495	0.10687	0.12514	0.10234	0.00477	0.00843	0.00454	0.00435
4	0.01041	0.00983	0.01662	0.69671	0.13790	0.01186	0.01489	0.01388	0.01077	0.01402	0.00947	0.01396	0.00723	0.00521	0.00528	0.00174	0.00694	0.00470	0.00239	0.00621
5	0.01464	0.03490	0.27379	0.04373	0.15196	0.03474	0.07505	0.03710	0.06399	0.18147	0.01329	0.03001	0.00974	0.00567	0.00525	0.00165	0.00652	0.00491	0.00362	0.00796
6	0.01505	0.26681	0.03991	0.01022	0.01352	0.01498	0.00896	0.23259	0.01446	0.07996	0.01156	0.01456	0.00977	0.09003	0.07968	0.00250	0.08027	0.00453	0.00363	0.00699
7	0.01191	0.01286	0.02477	0.01873	0.02271	0.04443	0.51926	0.01557	0.01217	0.01621	0.01375	0.02294	0.01238	0.00692	0.00729	0.00194	0.07234	0.15422	0.00309	0.00653
8	0.01310	0.01461	0.17881	0.19484	0.27151	0.01184	0.08171	0.01737	0.03942	0.10849	0.01152	0.01384	0.00855	0.00519	0.00531	0.00167	0.00671	0.00480	0.00305	0.00767
9	0.01454	0.01282	0.02131	0.09108	0.41938	0.05412	0.16411	0.01773	0.01259	0.12328	0.01147	0.01390	0.00876	0.00500	0.00543	0.00163	0.00680	0.00503	0.00316	0.00788
10	0.00998	0.00940	0.01586	0.80150	0.03641	0.01175	0.01468	0.01351	0.01057	0.01351	0.00940	0.01409	0.00705	0.00529	0.00529	0.00176	0.00705	0.00470	0.00235	0.00587
11	0.00877	0.00646	0.00697	0.00673	0.00716	0.03628	0.00424	0.04683	0.00894	0.01177	0.01582	0.03083	0.01749	0.64759	0.11831	0.00521	0.00643	0.00713	0.00325	0.00380
12	0.03342	0.00887	0.01317	0.01642	0.27787	0.00833	0.00953	0.01507	0.01215	0.17626	0.05199	0.22198	0.04763	0.00869	0.00557	0.00168	0.00453	0.00778	0.00431	0.07474

[dist]
# distance from previous block
# <min> <max>
0	3

[block]
# block no. 2 follows, 46 sequences, length 44
# corresponding to MSA columns:
# 413-456
name=unknown_C
#
# <colnr> <probs for GDERKNQSTAVLIFYWHMCP>
#	G	D	E	R	K	N	Q	S	T	A	V	L	I	F	Y	W	H	M	C	P
0	0.01499	0.55219	0.02316	0.00963	0.01404	0.05738	0.00893	0.13582	0.01325	0.01639	0.00849	0.00951	0.00726	0.00479	0.00383	0.00117	0.00567	0.00320	0.00287	0.10741
1	0.01135	0.00732	0.00964	0.00884	0.05342	0.00635	0.00638	0.01377	0.01393	0.15040	0.43343	0.02794	0.03184	0.00819	0.00550	0.00146	0.00337	0.00712	0.00516	0.19460
2	0.09268	0.39306	0.21595	0.01171	0.04824	0.03868	0.01171	0.05465	0.03207	0.04444	0.00917	0.01026	0.00732	0.00496	0.00413	0.00140	0.00612	0.00347	0.00277	0.00723
3	0.00773	0.00521	0.00656	0.00709	0.00794	0.00486	0.00494	0.00895	0.03904	0.04616	0.04406	0.48182	0.18482	0.01525	0.00819	0.10285	0.00326	0.01214	0.00470	0.00445
4	0.00737	0.00540	0.00690	0.00653	0.00783	0.00494	0.00490	0.00975	0.01469	0.02055	0.70986	0.04057	0.11887	0.01105	0.00624	0.00167	0.00251	0.00971	0.00573	0.00494
5	0.01475	0.73072	0.02631	0.00955	0.01387	0.10539	0.00917	0.01641	0.01121	0.01249	0.00744	0.00860	0.00679	0.00462	0.00354	0.00116	0.00608	0.00289	0.00231	0.00671
6	0.01241	0.06664	0.15014	0.23330	0.17880	0.01308	0.17620	0.05512	0.01226	0.03713	0.01015	0.01310	0.00771	0.00499	0.00532	0.00166	0.00720	0.00480	0.00271	0.00728
7	0.00730	0.00540	0.00681	0.00646	0.00778	0.00491	0.00484	0.00962	0.01453	0.02017	0.67035	0.04119	0.15862	0.01119	0.00624	0.00168	0.00252	0.00980	0.00568	0.00491
8	0.00644	0.00513	0.00578	0.00612	0.00739	0.00447	0.00440	0.00778	0.01177	0.01479	0.12451	0.28454	0.47009	0.01409	0.00640	0.00188	0.00278	0.01218	0.00501	0.00447
9	0.01970	0.01279	0.16062	0.01206	0.05868	0.00909	0.03192	0.03318	0.01401	0.53599	0.01753	0.01681	0.01161	0.03396	0.00603	0.00176	0.00540	0.00511	0.00526	0.00848
10	0.00891	0.00924	0.11646	0.05727	0.07726	0.00698	0.02940	0.01107	0.01092	0.05783	0.02427	0.47165	0.07319	0.01222	0.00617	0.00195	0.00444	0.01099	0.00423	0.00557
11	0.01413	0.81739	0.02770	0.00905	0.01357	0.02092	0.00905	0.01583	0.01074	0.01244	0.00735	0.00848	0.00678	0.00452	0.00339	0.00113	0.00565	0.00283	0.00226	0.00678
12	0.01291	0.07096	0.58323	0.01375	0.02057	0.01253	0.01664	0.05754	0.04088	0.10551	0.01128	0.01219	0.00791	0.00532	0.00499	0.00164	0.00706	0.00413	0.00301	0.00797
13	0.01357	0.07428	0.27075	0.05862	0.13217	0.01257	0.15915	0.06190	0.01281	0.11060	0.01256	0.01415	0.03190	0.00537	0.00528	0.00164	0.00693	0.00488	0.00317	0.00770
14	0.00909	0.00463	0.00690	0.00687	0.00694	0.00461	0.00461	0.00705	0.00731	0.00981	0.04950	0.01730	0.01132	0.01797	0.01991	0.80193	0.00448	0.00485	0.00248	0.00244
15	0.00998	0.00940	0.01586	0.80150	0.03641	0.01175	0.01468	0.01351	0.01057	0.01351	0.00940	0.01409	0.00705	0.00529	0.00529	0.00176	0.00705	0.00470	0.00235	0.00587
16	0.01466	0.04381	0.06178	0.06801	0.31976	0.05393	0.10250	0.05053	0.10427	0.10941	0.01259	0.01419	0.00954	0.00535	0.00528	0.00162	0.00639	0.00493	0.00349	0.00797
17	0.01005	0.00907	0.04335	0.01711	0.27264	0.00820	0.05293	0.01232	0.01149	0.04800	0.03854	0.32725	0.06803	0.01055	0.00606	0.00187	0.00479	0.04752	0.00399	0.00623
18	0.01249	0.01302	0.06217	0.08063	0.02034	0.04297	0.26647	0.07896	0.20290	0.01973	0.12777	0.01888	0.01616	0.00637	0.00574	0.00173	0.00633	0.00618	0.00398	0.00716
19	0.41609	0.01198	0.01142	0.01114	0.08078	0.09139	0.02923	0.06991	0.08112	0.06072	0.01133	0.03719	0.00936	0.05124	0.00556	0.00183	0.00516	0.00437	0.00369	0.00650
20	0.01239	0.20025	0.22181	0.07196	0.06642	0.01409	0.10670	0.05738	0.10019	0.01662	0.01122	0.03265	0.00907	0.00615	0.00576	0.04613	0.00649	0.00466	0.00293	0.00713
21	0.02865	0.00661	0.00851	0.04978	0.04668	0.00627	0.00623	0.03396	0.01276	0.11107	0.21055	0.13815	0.24004	0.01146	0.00699	0.05936	0.00357	0.00911	0.00488	0.00540
22	0.01303	0.36601	0.28441	0.05440	0.01950	0.01642	0.08452	0.07577	0.01217	0.01605	0.00893	0.01057	0.00706	0.00487	0.00447	0.00145	0.00678	0.00377	0.00254	0.00729
23	0.01464	0.19298	0.07459	0.01335	0.08491	0.09999	0.03165	0.06959	0.30312	0.04166	0.01409	0.01423	0.01086	0.00587	0.00485	0.00155	0.00580	0.00464	0.00387	0.00776
24	0.00876	0.00651	0.00826	0.00877	0.02888	0.00660	0.00650	0.01245	0.12551	0.04259	0.09916	0.25564	0.12740	0.01581	0.09468	0.00273	0.00481	0.13472	0.00482	0.00540
25	0.01269	0.01223	0.01839	0.39103	0.21936	0.06897	0.08002	0.08960	0.01286	0.01678	0.01001	0.01347	0.00775	0.00520	0.00529	0.00166	0.00700	0.00475	0.01600	0.00693
26	0.03245	0.01144	0.08596	0.06059	0.28789	0.01020	0.06441	0.01511	0.04051	0.04047	0.01676	0.02915	0.01599	0.00827	0.00595	0.00191	0.00597	0.25653	0.00358	0.00687
27	0.01436	0.04072	0.21424	0.01737	0.14993	0.15042	0.11791	0.04108	0.04148	0.08738	0.01236	0.05522	0.01006	0.00597	0.00531	0.00164	0.00715	0.01673	0.00324	0.00742
28	0.01030	0.00751	0.01106	0.05866	0.17002	0.00731	0.00879	0.01263	0.01266	0.08942	0.17743	0.12109	0.10821	0.01058	0.00618	0.00188	0.00433	0.17136	0.00462	0.00596
29	0.01926	0.02439	0.01505	0.01363	0.01620	0.74680	0.01029	0.02061	0.01457	0.01293	0.00810	0.00965	0.00682	0.00567	0.00551	0.00142	0.05680	0.00348	0.00270	0.00611
30	0.02997	0.01178	0.04781	0.03659	0.21732	0.04059	0.03224	0.05921	0.07110	0.32472	0.01779	0.01755	0.05648	0.00628	0.00531	0.00164	0.00543	0.00536	0.00466	0.00817
31	0.00753	0.00602	0.00874	0.01025	0.09233	0.00564	0.03218	0.00913	0.01147	0.01545	0.15907	0.47779	0.11711	0.01350	0.00642	0.00195	0.00347	0.01222	0.00474	0.00497
32	0.01336	0.01432	0.02942	0.02111	0.02633	0.01372	0.67499	0.10336	0.01391	0.01883	0.01093	0.01408	0.00813	0.00468	0.00613	0.00176	0.00855	0.00607	0.00298	0.00735
33	0.01458	0.01247	0.02016	0.05436	0.46080	0.04293	0.10959	0.03855	0.02996	0.12042	0.01234	0.03847	0.00986	0.00544	0.00541	0.00163	0.00638	0.00528	0.00335	0.00801
34	0.01210	0.02232	0.44987	0.01650	0.06175	0.11511	0.14558	0.01709	0.03144	0.01626	0.01096	0.05682	0.00886	0.00567	0.00532	0.00168	0.00779	0.00497	0.00263	0.00732
35	0.00722	0.00572	0.00701	0.00731	0.04418	0.00512	0.00510	0.00924	0.01357	0.01804	0.43026	0.04314	0.36157	0.01163	0.00619	0.00171	0.00275	0.01002	0.00528	0.00492
36	0.08048	0.00903	0.01215	0.01532	0.25827	0.00898	0.02186	0.03579	0.08071	0.01732	0.02946	0.07063	0.32101	0.00912	0.00559	0.00172	0.00432	0.00784	0.00405	0.00636
37	0.15369	0.08800	0.09163	0.02504	0.18171	0.01169	0.05302	0.01915	0.04821	0.23340	0.02491	0.01445	0.02132	0.00560	0.00483	0.00160	0.00546	0.00463	0.00397	0.00770
38	0.00939	0.00788	0.01071	0.01190	0.14372	0.00682	0.00741	0.01126	0.01079	0.01563	0.01798	0.35535	0.01960	0.00949	0.00536	0.00151	0.00396	0.00852	0.00381	0.33893
39	0.02581	0.01082	0.01563	0.01960	0.35083	0.01104	0.01143	0.16603	0.01466	0.08214	0.04652	0.06174	0.05674	0.00906	0.04914	0.00206	0.00584	0.04937	0.00400	0.00753
40	0.01266	0.01203	0.02044	0.07698	0.69632	0.01217	0.01573	0.01578	0.01196	0.01697	0.01086	0.01560	0.00946	0.00527	0.00535	0.00163	0.00625	0.04379	0.00272	0.00804
41	0.01816	0.01227	0.04015	0.01983	0.32427	0.05448	0.05149	0.03371	0.01379	0.35564	0.01473	0.01505	0.01031	0.00558	0.00529	0.00160	0.00585	0.00496	0.00439	0.00845
42	0.01629	0.01235	0.01920	0.02459	0.48743	0.05220	0.05795	0.01912	0.01306	0.22590	0.01287	0.01430	0.00955	0.00523	0.00529	0.00159	0.00612	0.00490	0.00369	0.00835
43	0.06179	0.01509	0.17825	0.04556	0.37418	0.01199	0.14040	0.01575	0.01161	0.01715	0.01123	0.05577	0.00967	0.00561	0.00537	0.00169	0.00673	0.02190	0.00275	0.00753

[dist]
# distance from previous block
# <min> <max>
0	16

[block]
# block no. 3 follows, 46 sequences, length 52
# corresponding to MSA columns:
# 473-524
name=unknown_D
#
# <colnr> <probs for GDERKNQSTAVLIFYWHMCP>
#	G	D	E	R	K	N	Q	S	T	A	V	L	I	F	Y	W	H	M	C	P
0	0.08320	0.22553	0.12819	0.00994	0.01418	0.12210	0.00942	0.01648	0.01220	0.08658	0.10319	0.01406	0.01267	0.00561	0.00442	0.00134	0.00562	0.00416	0.00337	0.13773
1	0.01320	0.04431	0.00889	0.00707	0.00915	0.00746	0.00538	0.04738	0.06675	0.17925	0.01727	0.02158	0.01422	0.18750	0.00943	0.00223	0.00395	0.00554	0.31564	0.03379
2	0.01386	0.28127	0.11988	0.04086	0.17892	0.01517	0.09833	0.07076	0.02792	0.05271	0.01001	0.01172	0.00795	0.00489	0.00466	0.00144	0.00632	0.00414	0.00291	0.04626
3	0.03364	0.07214	0.33077	0.01214	0.01782	0.01099	0.04728	0.02870	0.02896	0.27014	0.02162	0.01381	0.00963	0.00550	0.00496	0.00156	0.00607	0.00443	0.00391	0.07592
4	0.01036	0.01268	0.24700	0.01046	0.01398	0.00768	0.03107	0.01336	0.01163	0.11533	0.02421	0.26138	0.10811	0.01078	0.00603	0.00192	0.00504	0.09860	0.00423	0.00615
5	0.01051	0.00805	0.01092	0.00940	0.01152	0.00797	0.07873	0.16426	0.01534	0.03603	0.29211	0.21690	0.09492	0.01080	0.00615	0.00178	0.00398	0.00962	0.00513	0.00588
6	0.01733	0.21044	0.08221	0.01426	0.12130	0.01331	0.07253	0.07866	0.03450	0.28386	0.01365	0.01375	0.00971	0.00550	0.00488	0.00152	0.00576	0.00456	0.00415	0.00810
7	0.01204	0.05853	0.47443	0.01820	0.12467	0.01271	0.15507	0.01708	0.01168	0.05163	0.01019	0.01218	0.00746	0.00492	0.00521	0.00165	0.00756	0.00446	0.00256	0.00777
8	0.00932	0.00695	0.01016	0.27676	0.01818	0.00742	0.00874	0.01157	0.01154	0.07313	0.08693	0.18520	0.13363	0.03287	0.00666	0.00200	0.00471	0.10473	0.00419	0.00531
9	0.01408	0.01287	0.02091	0.06610	0.57488	0.03394	0.07204	0.07078	0.01315	0.05444	0.01064	0.01333	0.00851	0.00494	0.00531	0.00159	0.00649	0.00482	0.00299	0.00817
10	0.01427	0.06373	0.30581	0.11374	0.03259	0.01156	0.04288	0.06512	0.01311	0.19419	0.06554	0.01518	0.01144	0.00592	0.00542	0.00165	0.02170	0.00483	0.00371	0.00760
11	0.00688	0.00498	0.00652	0.00753	0.00816	0.00468	0.00543	0.00814	0.01077	0.01418	0.05978	0.55484	0.10006	0.04025	0.00740	0.00224	0.00340	0.14547	0.00488	0.00441
12	0.09390	0.13487	0.05695	0.05378	0.17916	0.01245	0.12873	0.01888	0.01241	0.23989	0.01255	0.01353	0.00905	0.00524	0.00494	0.00158	0.00599	0.00463	0.00374	0.00773
13	0.05459	0.01505	0.23145	0.04759	0.10955	0.03174	0.02622	0.02778	0.01304	0.32393	0.02878	0.04284	0.01126	0.00613	0.00520	0.00166	0.00588	0.00509	0.00427	0.00795
14	0.01292	0.08954	0.21540	0.06566	0.13823	0.01303	0.17261	0.07697	0.04837	0.05266	0.01204	0.05730	0.00975	0.00574	0.00533	0.00166	0.00682	0.00532	0.00313	0.00752
15	0.00726	0.00797	0.09602	0.04090	0.01046	0.00579	0.00662	0.00950	0.01243	0.01630	0.23869	0.13452	0.37054	0.01178	0.00612	0.00178	0.00345	0.01009	0.00474	0.00503
16	0.01230	0.01162	0.07436	0.01537	0.20466	0.00962	0.03506	0.01662	0.10034	0.06736	0.04502	0.03891	0.01181	0.00545	0.00485	0.00133	0.00495	0.00480	0.00357	0.33200
17	0.03022	0.10445	0.35066	0.06694	0.05307	0.06874	0.01396	0.03882	0.03430	0.14094	0.01215	0.04217	0.00922	0.00578	0.00495	0.00161	0.00664	0.00455	0.00329	0.00754
18	0.01215	0.00839	0.03248	0.03018	0.16001	0.00776	0.00871	0.01513	0.06708	0.17576	0.07605	0.30789	0.02343	0.01046	0.00597	0.00186	0.00432	0.04105	0.00477	0.00656
19	0.01214	0.04412	0.37078	0.03339	0.29101	0.01265	0.10757	0.01673	0.01171	0.03605	0.01001	0.01235	0.00762	0.00487	0.00521	0.00163	0.00724	0.00449	0.00253	0.00790
20	0.01662	0.05204	0.03337	0.04105	0.24189	0.03325	0.02574	0.04456	0.06840	0.29119	0.02627	0.05972	0.02894	0.00654	0.00530	0.00163	0.00535	0.00566	0.00449	0.00801
21	0.01326	0.06132	0.33148	0.05080	0.01964	0.01157	0.10303	0.04222	0.04053	0.14815	0.01389	0.09273	0.01122	0.00660	0.00569	0.00172	0.02956	0.00564	0.00352	0.00744
22	0.01352	0.00713	0.00967	0.00848	0.01084	0.00648	0.03940	0.01591	0.04788	0.29599	0.09348	0.24487	0.12750	0.01056	0.00590	0.00180	0.00377	0.00925	0.04115	0.00643
23	0.01268	0.28061	0.21297	0.01198	0.07314	0.01339	0.01134	0.01581	0.01122	0.05187	0.00933	0.01069	0.00749	0.00458	0.00419	0.00122	0.00568	0.00345	0.00274	0.25563
24	0.01502	0.01207	0.16583	0.01142	0.06947	0.00821	0.00987	0.01787	0.01290	0.31262	0.06835	0.10580	0.05059	0.00748	0.00534	0.00160	0.00484	0.00634	0.00468	0.10967
25	0.00962	0.00684	0.01061	0.01034	0.04846	0.00628	0.09785	0.01135	0.01160	0.10821	0.06342	0.43904	0.12975	0.01259	0.00635	0.00194	0.00403	0.01149	0.00477	0.00546
26	0.01405	0.01163	0.08736	0.12313	0.32638	0.01018	0.01275	0.01697	0.01232	0.19758	0.01617	0.08665	0.04800	0.00671	0.00542	0.00168	0.00565	0.00600	0.00378	0.00759
27	0.01442	0.08195	0.25535	0.01199	0.01690	0.01101	0.07800	0.06356	0.04690	0.21073	0.05635	0.04769	0.06812	0.00682	0.00532	0.00165	0.00579	0.00575	0.00416	0.00754
28	0.05069	0.03335	0.23845	0.04519	0.16559	0.02501	0.05725	0.02990	0.03239	0.02805	0.10959	0.13037	0.01695	0.00742	0.00544	0.00171	0.00582	0.00655	0.00344	0.00685
29	0.00836	0.00698	0.01055	0.33686	0.01969	0.00770	0.00896	0.01108	0.01253	0.01694	0.35290	0.10565	0.06284	0.00920	0.00589	0.00176	0.00445	0.00815	0.00425	0.00526
30	0.01366	0.60649	0.08224	0.03582	0.01477	0.01816	0.00974	0.01666	0.06435	0.04229	0.01008	0.04699	0.00898	0.00540	0.00394	0.00131	0.00560	0.00385	0.00276	0.00691
31	0.01336	0.01156	0.01950	0.19125	0.38749	0.01197	0.09767	0.03857	0.04954	0.08653	0.03286	0.01492	0.01002	0.00531	0.00540	0.00165	0.00636	0.00513	0.00322	0.00768
32	0.00949	0.01410	0.28676	0.01218	0.06306	0.00868	0.01147	0.06624	0.01189	0.01653	0.02030	0.33899	0.04160	0.01071	0.00596	0.00191	0.00529	0.06481	0.00383	0.00620
33	0.00649	0.00467	0.00607	0.00716	0.00755	0.00434	0.00477	0.00739	0.01014	0.01340	0.03017	0.72510	0.08308	0.05312	0.00764	0.00226	0.00314	0.01444	0.00483	0.00425
34	0.07335	0.01513	0.04965	0.04083	0.03608	0.22624	0.00929	0.10651	0.03000	0.06993	0.02029	0.01260	0.00893	0.00811	0.06681	0.00194	0.02907	0.00405	0.00347	0.18775
35	0.05241	0.01113	0.01735	0.22370	0.35897	0.01196	0.03214	0.04961	0.08252	0.05019	0.01229	0.05286	0.01014	0.00582	0.00527	0.00168	0.00599	0.00531	0.00323	0.00743
36	0.00636	0.00534	0.00553	0.00552	0.00722	0.00450	0.00413	0.00779	0.01224	0.01485	0.11519	0.07184	0.69489	0.01326	0.00626	0.00179	0.00267	0.01113	0.00499	0.00450
37	0.80641	0.01016	0.00802	0.00709	0.01040	0.01164	0.00584	0.01610	0.00933	0.06522	0.00810	0.00910	0.00613	0.00500	0.00338	0.00164	0.00411	0.00300	0.00345	0.00590
38	0.01975	0.02520	0.01498	0.01362	0.01634	0.79299	0.01021	0.02111	0.01498	0.01294	0.00817	0.00953	0.00681	0.00545	0.00477	0.00136	0.00953	0.00340	0.00272	0.00613
39	0.00751	0.00695	0.04407	0.02394	0.03077	0.00595	0.00614	0.01022	0.06490	0.01573	0.13813	0.22579	0.33032	0.01352	0.03397	0.00210	0.00374	0.02642	0.00475	0.00508
40	0.00739	0.00540	0.00694	0.00656	0.00784	0.00495	0.00492	0.00980	0.01475	0.02070	0.72602	0.04031	0.10262	0.01099	0.00624	0.00167	0.00251	0.00968	0.00575	0.00495
41	0.01416	0.64549	0.06073	0.01001	0.01423	0.01974	0.00984	0.06965	0.01153	0.01417	0.00780	0.00921	0.00695	0.00513	0.00495	0.00130	0.08253	0.00319	0.00248	0.00690
42	0.01212	0.20446	0.07100	0.00875	0.01341	0.01081	0.00795	0.02636	0.01126	0.04472	0.01026	0.04601	0.00891	0.00484	0.00407	0.00104	0.00463	0.00375	0.00310	0.50255
43	0.01556	0.01717	0.22185	0.01282	0.01771	0.01424	0.03298	0.33994	0.21698	0.03515	0.01420	0.01424	0.01028	0.00616	0.00527	0.00167	0.00599	0.00490	0.00444	0.00846
44	0.00818	0.00590	0.00751	0.00700	0.00842	0.00563	0.00528	0.01156	0.06969	0.03467	0.71040	0.03768	0.04680	0.01047	0.00616	0.00167	0.00265	0.00923	0.00580	0.00530
45	0.01064	0.00903	0.01061	0.00772	0.01211	0.00686	0.00615	0.01301	0.01133	0.01759	0.07957	0.01357	0.01167	0.00454	0.00413	0.00086	0.00379	0.00372	0.00338	0.76974
46	0.00704	0.00541	0.00640	0.00624	0.00765	0.00483	0.00469	0.00897	0.01339	0.01777	0.42444	0.04480	0.34106	0.04194	0.00706	0.00188	0.00277	0.04365	0.00531	0.00471
47	0.02010	0.01397	0.01546	0.01193	0.01593	0.01538	0.00986	0.64103	0.02291	0.11988	0.01336	0.01326	0.00937	0.00651	0.00588	0.00163	0.04461	0.00482	0.00529	0.00883
48	0.01497	0.10910	0.02323	0.02121	0.24669	0.21099	0.23555	0.04565	0.01324	0.01612	0.00952	0.01199	0.00771	0.00486	0.00520	0.00153	0.00780	0.00462	0.00272	0.00728
49	0.01616	0.45411	0.04111	0.01104	0.01488	0.31787	0.00973	0.01847	0.04841	0.01320	0.00839	0.00949	0.00723	0.00502	0.00406	0.00126	0.00713	0.00323	0.00259	0.00663
50	0.01060	0.02735	0.78682	0.01507	0.02288	0.01228	0.01953	0.01674	0.01116	0.01674	0.00949	0.01116	0.00670	0.00502	0.00502	0.00167	0.00781	0.00391	0.00223	0.00781
51	0.01481	0.54923	0.15757	0.01035	0.01539	0.01791	0.01083	0.07096	0.01223	0.08409	0.00932	0.01011	0.00749	0.00492	0.00399	0.00130	0.00594	0.00338	0.00286	0.00732

[dist]
# distance from previous block
# <min> <max>
11	38

[block]
# block no. 4 follows, 46 sequences, length 90
# corresponding to MSA columns:
# 563-652
name=unknown_E
#
# <colnr> <probs for GDERKNQSTAVLIFYWHMCP>
#	G	D	E	R	K	N	Q	S	T	A	V	L	I	F	Y	W	H	M	C	P
0	0.10607	0.13391	0.09979	0.02693	0.15658	0.01243	0.08020	0.03052	0.05356	0.05285	0.01035	0.01193	0.00815	0.00480	0.00453	0.00139	0.00563	0.00403	0.00309	0.19326
1	0.01374	0.27786	0.17327	0.05556	0.03135	0.01554	0.03273	0.08653	0.20152	0.04371	0.01249	0.01307	0.00958	0.00556	0.00467	0.00152	0.00588	0.00432	0.00347	0.00764
2	0.31067	0.08869	0.05699	0.01443	0.18915	0.01283	0.01002	0.10677	0.01279	0.13584	0.01072	0.01165	0.00798	0.00525	0.00438	0.00157	0.00521	0.00393	0.00370	0.00743
3	0.00840	0.00669	0.00874	0.00918	0.05690	0.00577	0.00623	0.00999	0.01062	0.01504	0.02164	0.46693	0.02449	0.01172	0.00579	0.00170	0.00363	0.05101	0.00420	0.27134
4	0.02754	0.00836	0.01218	0.06084	0.01310	0.01033	0.04307	0.01070	0.00928	0.01346	0.01633	0.31570	0.01815	0.01415	0.08038	0.00272	0.32643	0.00870	0.00338	0.00519
5	0.01184	0.00918	0.01056	0.00936	0.01103	0.03593	0.02188	0.08754	0.18544	0.05194	0.01597	0.02228	0.01435	0.24969	0.11552	0.00363	0.08158	0.00603	0.05034	0.00592
6	0.01157	0.01157	0.01619	0.01388	0.01388	0.01619	0.01157	0.01272	0.00810	0.01272	0.00694	0.01157	0.00694	0.00925	0.01735	0.00231	0.80453	0.00463	0.00231	0.00578
7	0.01258	0.21293	0.01900	0.01266	0.01391	0.05297	0.01088	0.01388	0.00907	0.01266	0.00710	0.01070	0.00689	0.00790	0.01330	0.00198	0.56909	0.00412	0.00232	0.00605
8	0.01151	0.21136	0.57480	0.01399	0.02092	0.01435	0.05111	0.01654	0.01112	0.01575	0.00904	0.01068	0.00678	0.00488	0.00470	0.00155	0.00736	0.00376	0.00226	0.00754
9	0.00688	0.00494	0.00653	0.00706	0.00777	0.00459	0.00494	0.00847	0.01218	0.01678	0.34818	0.48237	0.04132	0.01411	0.00653	0.00194	0.00282	0.01270	0.00530	0.00459
10	0.00644	0.00460	0.00613	0.00736	0.00767	0.00429	0.00491	0.00736	0.01012	0.01350	0.02914	0.81076	0.03497	0.01656	0.00675	0.00215	0.00307	0.01503	0.00491	0.00429
11	0.01007	0.00776	0.01152	0.01031	0.01058	0.00963	0.03346	0.00976	0.00771	0.01113	0.00884	0.01470	0.00865	0.01637	0.09323	0.40624	0.31886	0.00476	0.00237	0.00406
12	0.00993	0.00907	0.01506	0.63955	0.07373	0.01094	0.01384	0.01327	0.01089	0.01406	0.01223	0.02091	0.01065	0.00666	0.00559	0.00185	0.00668	0.11648	0.00274	0.00586
13	0.00652	0.00557	0.00562	0.00557	0.00739	0.00478	0.00419	0.00835	0.03857	0.01471	0.06826	0.04954	0.73660	0.01312	0.00622	0.00178	0.00273	0.01094	0.00495	0.00461
14	0.33305	0.49625	0.03326	0.00835	0.01246	0.01732	0.00796	0.01574	0.01008	0.01681	0.00739	0.00857	0.00638	0.00468	0.00337	0.00133	0.00510	0.00286	0.00265	0.00640
15	0.85155	0.01022	0.00777	0.00695	0.01022	0.01186	0.00573	0.01554	0.00900	0.02372	0.00736	0.00859	0.00573	0.00491	0.00327	0.00164	0.00409	0.00286	0.00327	0.00573
16	0.00756	0.00564	0.00839	0.00839	0.00929	0.00655	0.00647	0.00937	0.00846	0.01219	0.01426	0.02132	0.01345	0.07037	0.76286	0.00836	0.01380	0.00574	0.00285	0.00466
17	0.01060	0.02735	0.78682	0.01507	0.02288	0.01228	0.01953	0.01674	0.01116	0.01674	0.00949	0.01116	0.00670	0.00502	0.00502	0.00167	0.00781	0.00391	0.00223	0.00781
18	0.01096	0.00940	0.01096	0.00783	0.01253	0.00705	0.00626	0.01331	0.01096	0.01723	0.00940	0.01096	0.00783	0.00392	0.00392	0.00078	0.00392	0.00313	0.00313	0.84653
19	0.01110	0.11445	0.50483	0.01271	0.01875	0.01233	0.01506	0.01703	0.08737	0.03254	0.09738	0.01571	0.02637	0.00600	0.00503	0.00162	0.00645	0.00478	0.00308	0.00740
20	0.01052	0.00994	0.01683	0.66848	0.16524	0.01189	0.01495	0.01398	0.01082	0.01416	0.00949	0.01392	0.00728	0.00519	0.00528	0.00173	0.00691	0.00470	0.00240	0.00631
21	0.85155	0.01022	0.00777	0.00695	0.01022	0.01186	0.00573	0.01554	0.00900	0.02372	0.00736	0.00859	0.00573	0.00491	0.00327	0.00164	0.00409	0.00286	0.00327	0.00573
22	0.01127	0.00886	0.01175	0.00975	0.01212	0.04386	0.09468	0.09765	0.04569	0.06885	0.49064	0.03005	0.03481	0.00891	0.00597	0.00166	0.00413	0.00795	0.00528	0.00612
23	0.01665	0.01423	0.01977	0.13575	0.07329	0.16476	0.23708	0.04176	0.01370	0.21133	0.01260	0.01413	0.00898	0.00538	0.00548	0.00164	0.00736	0.00507	0.00369	0.00736
24	0.00865	0.00589	0.00760	0.00705	0.00853	0.00553	0.00536	0.01169	0.04960	0.06286	0.68852	0.03778	0.04597	0.01048	0.00617	0.00168	0.00272	0.02276	0.00582	0.00536
25	0.02360	0.00919	0.01239	0.00950	0.01359	0.00806	0.00785	0.05067	0.01546	0.75953	0.02058	0.01781	0.01295	0.00654	0.00532	0.00163	0.00454	0.00530	0.00650	0.00900
26	0.85155	0.01022	0.00777	0.00695	0.01022	0.01186	0.00573	0.01554	0.00900	0.02372	0.00736	0.00859	0.00573	0.00491	0.00327	0.00164	0.00409	0.00286	0.00327	0.00573
27	0.01189	0.01150	0.01609	0.01376	0.01387	0.01597	0.01146	0.01307	0.00829	0.03351	0.00731	0.01174	0.00711	0.00918	0.01703	0.00229	0.78299	0.00464	0.00243	0.00587
28	0.00998	0.00940	0.01586	0.80150	0.03641	0.01175	0.01468	0.01351	0.01057	0.01351	0.00940	0.01409	0.00705	0.00529	0.00529	0.00176	0.00705	0.00470	0.00235	0.00587
29	0.39201	0.00968	0.01078	0.00866	0.01242	0.00974	0.02717	0.02097	0.01233	0.42531	0.01457	0.01371	0.00967	0.00576	0.00443	0.00164	0.00444	0.00425	0.00498	0.00749
30	0.00755	0.00566	0.00850	0.00850	0.00944	0.00661	0.00661	0.00944	0.00850	0.01227	0.01416	0.02077	0.01322	0.03965	0.79326	0.00850	0.01416	0.00566	0.00283	0.00472
31	0.00769	0.00513	0.00577	0.00577	0.00577	0.00513	0.00320	0.00769	0.00769	0.01025	0.01666	0.03460	0.01922	0.81421	0.02691	0.00513	0.00513	0.00769	0.00320	0.00320
32	0.00648	0.00462	0.00612	0.00731	0.00760	0.00432	0.00485	0.00737	0.01004	0.01339	0.02872	0.78501	0.03444	0.04303	0.00742	0.00225	0.00314	0.01479	0.00485	0.00426
33	0.01300	0.01178	0.01609	0.05122	0.33647	0.01285	0.01191	0.02254	0.42296	0.01974	0.01618	0.01672	0.01252	0.00607	0.00531	0.00170	0.00518	0.00540	0.00410	0.00827
34	0.49036	0.15090	0.01305	0.00906	0.01240	0.21937	0.00747	0.01706	0.01087	0.01897	0.00757	0.00882	0.00619	0.00498	0.00369	0.00148	0.00579	0.00300	0.00296	0.00601
35	0.01419	0.00714	0.00993	0.00866	0.01103	0.00692	0.00690	0.01615	0.01176	0.32113	0.06536	0.02215	0.01600	0.04777	0.34166	0.00466	0.00849	0.03049	0.00459	0.04498
36	0.76786	0.01010	0.00822	0.00720	0.01055	0.01145	0.00593	0.01657	0.00962	0.10067	0.00873	0.00954	0.00647	0.00507	0.00348	0.00164	0.00413	0.00311	0.00360	0.00606
37	0.00777	0.00562	0.00700	0.00675	0.00774	0.00545	0.00479	0.01026	0.05419	0.01807	0.49985	0.08621	0.03935	0.19639	0.02547	0.00262	0.00344	0.00921	0.00508	0.00471
38	0.00726	0.00548	0.00806	0.00874	0.00953	0.00521	0.04711	0.00873	0.01073	0.01423	0.02786	0.59038	0.03242	0.01544	0.00685	0.00219	0.00381	0.18659	0.00478	0.00458
39	0.00644	0.00460	0.00613	0.00736	0.00767	0.00429	0.00491	0.00736	0.01012	0.01350	0.02914	0.81076	0.03497	0.01656	0.00675	0.00215	0.00307	0.01503	0.00491	0.00429
40	0.01725	0.02578	0.22550	0.01401	0.01813	0.58005	0.01276	0.01992	0.01394	0.01398	0.00853	0.00998	0.00678	0.00533	0.00484	0.00145	0.00906	0.00354	0.00259	0.00659
41	0.01198	0.01345	0.02888	0.02086	0.02585	0.01259	0.69074	0.01619	0.01244	0.01674	0.01372	0.01806	0.05103	0.00535	0.00628	0.00181	0.00841	0.03584	0.00288	0.00689
42	0.02372	0.00900	0.01227	0.00941	0.01350	0.00777	0.00777	0.02576	0.01513	0.78489	0.02086	0.01799	0.01309	0.00654	0.00532	0.00164	0.00450	0.00532	0.00654	0.00900
43	0.00649	0.00487	0.00597	0.00673	0.00748	0.00441	0.00462	0.00759	0.01085	0.01407	0.08127	0.53400	0.23455	0.04206	0.00726	0.00212	0.00300	0.01341	0.00491	0.00435
44	0.00687	0.00552	0.00623	0.00654	0.00813	0.00488	0.00520	0.00851	0.01215	0.01492	0.07537	0.07100	0.54607	0.01367	0.00652	0.00195	0.00322	0.19374	0.00494	0.00458
45	0.01728	0.01659	0.01403	0.01233	0.01527	0.33814	0.03868	0.16110	0.05088	0.09366	0.01511	0.02205	0.01323	0.00767	0.00553	0.00169	0.00709	0.15869	0.00415	0.00683
46	0.00756	0.00563	0.00833	0.00833	0.00922	0.00652	0.00640	0.00933	0.00845	0.01215	0.01431	0.02160	0.01358	0.08627	0.74713	0.00829	0.01362	0.00579	0.00285	0.00463
47	0.37082	0.01055	0.01102	0.00887	0.01264	0.01103	0.00732	0.15331	0.01429	0.33085	0.01373	0.01310	0.00926	0.00582	0.00445	0.00163	0.00456	0.00419	0.00494	0.00762
48	0.00973	0.00854	0.01168	0.01001	0.01254	0.00850	0.12169	0.06252	0.17085	0.01783	0.06258	0.11268	0.30748	0.01056	0.00611	0.00184	0.00430	0.04983	0.00472	0.00600
49	0.01990	0.01192	0.05790	0.01218	0.01640	0.01089	0.10837	0.15248	0.03840	0.44500	0.01672	0.01590	0.01111	0.00632	0.00608	0.00169	0.04970	0.00525	0.00531	0.00849
50	0.00777	0.00510	0.00583	0.00583	0.00583	0.00510	0.00328	0.00764	0.00764	0.01019	0.01624	0.03357	0.01866	0.77023	0.02656	0.05161	0.00510	0.00752	0.00315	0.00315
51	0.00721	0.00577	0.00666	0.00768	0.00816	0.04791	0.00520	0.00821	0.01056	0.01373	0.05408	0.73961	0.03393	0.01575	0.00662	0.00209	0.00340	0.01420	0.00482	0.00442
52	0.05956	0.00869	0.01177	0.26103	0.01966	0.00978	0.01033	0.10753	0.04788	0.01798	0.01961	0.03415	0.04582	0.00966	0.00605	0.00201	0.00552	0.31301	0.00405	0.00590
53	0.01520	0.01371	0.08507	0.02289	0.39063	0.04012	0.10595	0.03396	0.02466	0.16827	0.01229	0.01392	0.00917	0.00514	0.00530	0.00159	0.00638	0.00487	0.00348	0.03742
54	0.01280	0.00975	0.01598	0.56060	0.13181	0.01116	0.01368	0.01601	0.01156	0.14867	0.01147	0.01464	0.00828	0.00543	0.00528	0.00171	0.00650	0.00481	0.00312	0.00675
55	0.22572	0.08768	0.07846	0.01720	0.13965	0.05453	0.24795	0.01680	0.01141	0.04474	0.00949	0.01171	0.00738	0.00487	0.00507	0.00163	0.02142	0.00444	0.00288	0.00698
56	0.00764	0.00576	0.00851	0.00846	0.00933	0.00673	0.00652	0.00941	0.00844	0.01217	0.01415	0.02134	0.01342	0.08181	0.73449	0.00818	0.03038	0.00575	0.00284	0.00466
57	0.01468	0.04152	0.03363	0.01964	0.27725	0.10048	0.07506	0.11566	0.22848	0.02000	0.01333	0.01442	0.01035	0.00568	0.00525	0.00162	0.00622	0.00498	0.00374	0.00803
58	0.05384	0.00595	0.00750	0.00776	0.00915	0.00568	0.00617	0.01019	0.01260	0.01775	0.29173	0.16189	0.08568	0.01247	0.00640	0.00196	0.00353	0.25130	0.00504	0.04342
59	0.00660	0.00478	0.00626	0.00723	0.00775	0.00443	0.00497	0.00776	0.01082	0.01445	0.11283	0.65999	0.08041	0.01569	0.00668	0.00208	0.00303	0.03483	0.00501	0.00440
60	0.01264	0.01380	0.02854	0.02505	0.23318	0.01315	0.55861	0.01674	0.01236	0.01703	0.01049	0.01394	0.00812	0.00453	0.00596	0.00172	0.00819	0.00582	0.00266	0.00747
61	0.01108	0.00950	0.01102	0.00799	0.01260	0.00738	0.00638	0.01413	0.05301	0.01750	0.01007	0.01145	0.00829	0.00410	0.00400	0.00084	0.00393	0.00329	0.00326	0.80020
62	0.01096	0.00940	0.01096	0.00783	0.01253	0.00705	0.00626	0.01331	0.01096	0.01723	0.00940	0.01096	0.00783	0.00392	0.00392	0.00078	0.00392	0.00313	0.00313	0.84653
63	0.00763	0.00534	0.00685	0.00685	0.00723	0.00571	0.00456	0.00838	0.00801	0.01105	0.01567	0.02910	0.01683	0.50647	0.33139	0.00646	0.00871	0.00688	0.00306	0.00381
64	0.00772	0.00520	0.00604	0.00619	0.00632	0.00519	0.00376	0.00798	0.00819	0.01088	0.01814	0.06293	0.02080	0.71246	0.02439	0.00477	0.00503	0.07719	0.00342	0.00340
65	0.00835	0.00599	0.00831	0.00950	0.01068	0.00595	0.00821	0.01068	0.01206	0.01566	0.02867	0.10045	0.04880	0.01468	0.00725	0.00240	0.00472	0.68796	0.00487	0.00483
66	0.01920	0.02405	0.01525	0.04060	0.04283	0.72624	0.01056	0.03432	0.01492	0.01348	0.00836	0.00986	0.00691	0.00543	0.00481	0.00139	0.00927	0.00352	0.00275	0.00625
67	0.01279	0.01226	0.02093	0.10546	0.71052	0.01248	0.01608	0.01597	0.01190	0.01691	0.00989	0.01318	0.00825	0.00476	0.00524	0.00159	0.00635	0.00471	0.00259	0.00814
68	0.01243	0.43575	0.39440	0.01195	0.01807	0.01674	0.01411	0.01627	0.01094	0.01452	0.00838	0.00978	0.00674	0.00476	0.00418	0.00139	0.00670	0.00335	0.00225	0.00728
69	0.08861	0.00620	0.00740	0.00690	0.00854	0.00599	0.00530	0.02528	0.01398	0.06258	0.52484	0.06039	0.06807	0.01007	0.00578	0.00168	0.00292	0.03320	0.05697	0.00530
70	0.00852	0.00608	0.00852	0.00974	0.01095	0.00608	0.00852	0.01095	0.01217	0.01582	0.02799	0.05963	0.03042	0.01460	0.00730	0.00243	0.00487	0.74565	0.00487	0.00487
71	0.09595	0.00982	0.01232	0.00953	0.01357	0.00919	0.00787	0.11573	0.01579	0.62551	0.01867	0.01652	0.01194	0.00638	0.00513	0.00163	0.00462	0.00503	0.00610	0.00871
72	0.53017	0.01093	0.01000	0.00835	0.01191	0.03773	0.00685	0.10055	0.01244	0.20996	0.01126	0.01136	0.00792	0.00548	0.00404	0.00162	0.00456	0.00369	0.00427	0.00690
73	0.00718	0.00537	0.00667	0.00640	0.00773	0.00485	0.00478	0.00937	0.01417	0.01945	0.59704	0.06797	0.20642	0.01156	0.00626	0.00171	0.00255	0.01009	0.00559	0.00485
74	0.02372	0.00900	0.01227	0.00941	0.01350	0.00777	0.00777	0.02576	0.01513	0.78489	0.02086	0.01799	0.01309	0.00654	0.00532	0.00164	0.00450	0.00532	0.00654	0.00900
75	0.01238	0.01497	0.07247	0.02189	0.02737	0.01331	0.72148	0.01692	0.01241	0.01692	0.01063	0.01409	0.00795	0.00449	0.00617	0.00178	0.00885	0.00611	0.00265	0.00717
76	0.00644	0.00460	0.00613	0.00736	0.00767	0.00429	0.00491	0.00736	0.01012	0.01350	0.02914	0.81076	0.03497	0.01656	0.00675	0.00215	0.00307	0.01503	0.00491	0.00429
77	0.01422	0.34153	0.30324	0.01198	0.01764	0.01670	0.01312	0.18968	0.01417	0.01886	0.00937	0.01044	0.00726	0.00513	0.00443	0.00144	0.00648	0.00367	0.00295	0.00767
78	0.01325	0.56088	0.16953	0.01197	0.01722	0.01828	0.11356	0.01615	0.01106	0.01385	0.00820	0.00977	0.00694	0.00461	0.00408	0.00132	0.00650	0.00349	0.00231	0.00702
79	0.00768	0.00515	0.00592	0.00592	0.00597	0.00521	0.00339	0.00778	0.00773	0.01036	0.01652	0.03384	0.01889	0.77190	0.06877	0.00531	0.00562	0.00758	0.00318	0.00329
80	0.01424	0.80218	0.02746	0.00913	0.01362	0.03574	0.00907	0.01593	0.01082	0.01245	0.00737	0.00850	0.00678	0.00454	0.00342	0.00114	0.00573	0.00284	0.00227	0.00677
81	0.01060	0.02735	0.78682	0.01507	0.02288	0.01228	0.01953	0.01674	0.01116	0.01674	0.00949	0.01116	0.00670	0.00502	0.00502	0.00167	0.00781	0.00391	0.00223	0.00781
82	0.01456	0.01581	0.17165	0.01804	0.02357	0.01226	0.44494	0.05276	0.01329	0.16065	0.01245	0.01429	0.00876	0.00504	0.00579	0.00173	0.00774	0.00555	0.00343	0.00769
83	0.00644	0.00460	0.00613	0.00736	0.00767	0.00429	0.00491	0.00736	0.01012	0.01350	0.02914	0.81076	0.03497	0.01656	0.00675	0.00215	0.00307	0.01503	0.00491	0.00429
84	0.00755	0.00566	0.00850	0.00850	0.00944	0.00661	0.00661	0.00944	0.00850	0.01227	0.01416	0.02077	0.01322	0.03965	0.79326	0.00850	0.01416	0.00566	0.00283	0.00472
85	0.01279	0.01237	0.02045	0.02891	0.63501	0.01325	0.01534	0.01556	0.01129	0.01640	0.00937	0.01279	0.00810	0.00558	0.00754	0.00171	0.15839	0.00469	0.00256	0.00788
86	0.00748	0.00540	0.00707	0.00665	0.00790	0.00499	0.00499	0.00998	0.01496	0.02120	0.77844	0.03949	0.04988	0.01081	0.00624	0.00166	0.00249	0.00956	0.00582	0.00499
87	0.01334	0.01229	0.07379	0.01061	0.01413	0.01192	0.03495	0.24514	0.26920	0.02307	0.03689	0.02428	0.19106	0.00816	0.00557	0.00172	0.00476	0.00671	0.00490	0.00751
88	0.85155	0.01022	0.00777	0.00695	0.01022	0.01186	0.00573	0.01554	0.00900	0.02372	0.00736	0.00859	0.00573	0.00491	0.00327	0.00164	0.00409	0.00286	0.00327	0.00573
89	0.04119	0.07727	0.34786	0.01782	0.20895	0.01256	0.03094	0.06426	0.01269	0.09299	0.03705	0.01316	0.00936	0.00532	0.00501	0.00160	0.00654	0.00443	0.00311	0.00789

[dist]
# distance from previous block
# <min> <max>
0	8

[block]
# block no. 5 follows, 46 sequences, length 69
# corresponding to MSA columns:
# 661-729
name=unknown_F
#
# <colnr> <probs for GDERKNQSTAVLIFYWHMCP>
#	G	D	E	R	K	N	Q	S	T	A	V	L	I	F	Y	W	H	M	C	P
0	0.04675	0.44628	0.06535	0.01204	0.07047	0.04381	0.02613	0.11920	0.09283	0.01743	0.00997	0.01088	0.00816	0.00514	0.00419	0.00137	0.00583	0.00371	0.00309	0.00737
1	0.04297	0.07278	0.71274	0.01441	0.02185	0.01277	0.01839	0.01664	0.01105	0.01676	0.00928	0.01091	0.00666	0.00499	0.00486	0.00164	0.00754	0.00380	0.00227	0.00767
2	0.01308	0.01256	0.02146	0.03245	0.78123	0.01256	0.01622	0.01622	0.01204	0.01727	0.00994	0.01308	0.00837	0.00471	0.00523	0.00157	0.00628	0.00471	0.00262	0.00837
3	0.00755	0.00566	0.00850	0.00850	0.00944	0.00661	0.00661	0.00944	0.00850	0.01227	0.01416	0.02077	0.01322	0.03965	0.79326	0.00850	0.01416	0.00566	0.00283	0.00472
4	0.00644	0.00460	0.00613	0.00736	0.00767	0.00429	0.00491	0.00736	0.01012	0.01350	0.02914	0.81076	0.03497	0.01656	0.00675	0.00215	0.00307	0.01503	0.00491	0.00429
5	0.00625	0.00536	0.00536	0.00536	0.00714	0.00446	0.00402	0.00759	0.01205	0.01428	0.05355	0.05088	0.77909	0.01339	0.00625	0.00179	0.00268	0.01116	0.00491	0.00446
6	0.02372	0.00900	0.01227	0.00941	0.01350	0.00777	0.00777	0.02576	0.01513	0.78489	0.02086	0.01799	0.01309	0.00654	0.00532	0.00164	0.00450	0.00532	0.00654	0.00900
7	0.01315	0.01136	0.01195	0.01076	0.01375	0.01315	0.00837	0.02809	0.77168	0.02211	0.02152	0.01972	0.01614	0.00717	0.00538	0.00179	0.00418	0.00598	0.00538	0.00837
8	0.02010	0.01481	0.01587	0.01216	0.01639	0.01639	0.01005	0.76360	0.02486	0.03332	0.01269	0.01269	0.00899	0.00635	0.00529	0.00159	0.00582	0.00476	0.00529	0.00899
9	0.01060	0.02735	0.78682	0.01507	0.02288	0.01228	0.01953	0.01674	0.01116	0.01674	0.00949	0.01116	0.00670	0.00502	0.00502	0.00167	0.00781	0.00391	0.00223	0.00781
10	0.01248	0.01426	0.03119	0.02228	0.02763	0.01337	0.76203	0.01693	0.01248	0.01693	0.01070	0.01426	0.00802	0.00446	0.00624	0.00178	0.00891	0.00624	0.00267	0.00713
11	0.01096	0.00940	0.01096	0.00783	0.01253	0.00705	0.00626	0.01331	0.01096	0.01723	0.00940	0.01096	0.00783	0.00392	0.00392	0.00078	0.00392	0.00313	0.00313	0.84653
12	0.00666	0.00535	0.00601	0.00641	0.00786	0.00471	0.00491	0.00811	0.01176	0.01441	0.04531	0.17621	0.53285	0.01411	0.00651	0.00195	0.00311	0.13436	0.00490	0.00450
13	0.00985	0.00493	0.00493	0.00493	0.00616	0.00493	0.00370	0.01232	0.01109	0.01971	0.01725	0.01971	0.01355	0.00616	0.00370	0.00123	0.00246	0.00493	0.84356	0.00493
14	0.46151	0.00973	0.00988	0.00816	0.01177	0.01013	0.00671	0.02044	0.03981	0.35384	0.01374	0.01308	0.00930	0.00570	0.00424	0.00164	0.00427	0.00404	0.00477	0.00724
15	0.00759	0.00552	0.00775	0.00775	0.00844	0.00620	0.00568	0.00896	0.00828	0.01172	0.01484	0.02455	0.01486	0.25132	0.58383	0.00757	0.01169	0.00622	0.00293	0.00431
16	0.01157	0.01157	0.01619	0.01388	0.01388	0.01619	0.01157	0.01272	0.00810	0.01272	0.00694	0.01157	0.00694	0.00925	0.01735	0.00231	0.80453	0.00463	0.00231	0.00578
17	0.01270	0.01148	0.01930	0.11717	0.59793	0.01170	0.01504	0.01578	0.01200	0.04486	0.01193	0.01763	0.01041	0.00575	0.00543	0.00167	0.00617	0.07233	0.00294	0.00779
18	0.65552	0.15773	0.01177	0.00768	0.01115	0.05465	0.00657	0.01589	0.00963	0.02110	0.00740	0.00862	0.00597	0.00487	0.00337	0.00153	0.00466	0.00288	0.00306	0.00594
19	0.01141	0.20855	0.61271	0.01369	0.02074	0.01426	0.01713	0.01653	0.01107	0.01575	0.00900	0.01055	0.00672	0.00491	0.00465	0.00155	0.00732	0.00366	0.00224	0.00758
20	0.00918	0.00459	0.00689	0.00689	0.00689	0.00459	0.00459	0.00689	0.00689	0.00918	0.00918	0.01607	0.00918	0.01837	0.02066	0.84619	0.00459	0.00459	0.00230	0.00230
21	0.00650	0.00517	0.00587	0.00633	0.00760	0.00454	0.00464	0.00782	0.01153	0.01433	0.06400	0.29055	0.47204	0.01440	0.00648	0.00194	0.00295	0.06393	0.00493	0.00445
22	0.01358	0.12633	0.13189	0.01471	0.05575	0.04277	0.16834	0.03831	0.28533	0.04776	0.01425	0.01485	0.01076	0.00570	0.00520	0.00164	0.00626	0.00508	0.00373	0.00776
23	0.01090	0.07326	0.62020	0.03598	0.03935	0.01226	0.01729	0.01623	0.01112	0.01645	0.00935	0.01110	0.00687	0.00488	0.00482	0.00155	0.00722	0.00380	0.00234	0.09504
24	0.01831	0.01427	0.01747	0.01733	0.20432	0.03344	0.03055	0.51539	0.02079	0.05723	0.01217	0.01296	0.00892	0.00588	0.00529	0.00158	0.00605	0.00477	0.00455	0.00872
25	0.01692	0.07260	0.19246	0.01227	0.01718	0.01347	0.04313	0.27962	0.09539	0.16764	0.02805	0.01433	0.01053	0.00604	0.00517	0.00161	0.00591	0.00481	0.00452	0.00835
