[name]
unknown

[dist]
# distance from previous block
# <min> <max>
0	13

[block]
# block no. 0 follows, 44 sequences, length 8
# corresponding to MSA columns:
# 13-20
name=unknown_A
#
# <colnr> <probs for GDERKNQSTAVLIFYWHMCP>
#	G	D	E	R	K	N	Q	S	T	A	V	L	I	F	Y	W	H	M	C	P
0	0.00940	0.03084	0.17219	0.01144	0.05871	0.00831	0.00970	0.05707	0.04171	0.01655	0.02262	0.45386	0.02490	0.01240	0.00628	0.00201	0.00477	0.04691	0.00431	0.00600
1	0.01284	0.00667	0.00904	0.04974	0.01122	0.00631	0.00638	0.01438	0.01211	0.25579	0.09617	0.27533	0.02508	0.13333	0.05735	0.00284	0.00481	0.00948	0.00515	0.00598
2	0.01608	0.05784	0.08071	0.06427	0.10815	0.12708	0.13030	0.10778	0.04553	0.12430	0.01428	0.01550	0.04463	0.00612	0.00586	0.00168	0.03324	0.00519	0.00377	0.00769
3	0.06467	0.08631	0.20093	0.01601	0.17377	0.05971	0.01268	0.09987	0.03279	0.04291	0.12640	0.03277	0.01528	0.00649	0.00523	0.00163	0.00604	0.00532	0.00367	0.00752
4	0.00685	0.00483	0.00626	0.00732	0.00759	0.00457	0.00477	0.00765	0.01003	0.01337	0.02795	0.67942	0.03341	0.14612	0.01035	0.00271	0.00351	0.01426	0.00477	0.00424
5	0.01280	0.01425	0.09433	0.33578	0.12343	0.06034	0.11764	0.07625	0.05168	0.01729	0.01071	0.01393	0.00817	0.00557	0.00596	0.00177	0.03503	0.00498	0.00292	0.00717
6	0.08031	0.01377	0.01469	0.09063	0.04928	0.15505	0.03747	0.12667	0.05891	0.27545	0.03416	0.01536	0.01127	0.00625	0.00527	0.00165	0.00620	0.00495	0.00475	0.00792
7	0.08896	0.01085	0.03815	0.01237	0.07420	0.01052	0.04722	0.16411	0.06807	0.20071	0.03800	0.18839	0.01725	0.00866	0.00568	0.00181	0.00496	0.00745	0.00505	0.00758

[dist]
# distance from previous block
# <min> <max>
2	12

[block]
# block no. 1 follows, 44 sequences, length 19
# corresponding to MSA columns:
# 33-51
name=unknown_B
#
# <colnr> <probs for GDERKNQSTAVLIFYWHMCP>
#	G	D	E	R	K	N	Q	S	T	A	V	L	I	F	Y	W	H	M	C	P
0	0.27594	0.05096	0.05269	0.01343	0.10686	0.13132	0.03550	0.07069	0.02838	0.16840	0.01166	0.01231	0.00852	0.00557	0.00466	0.00162	0.00600	0.00413	0.00393	0.00745
1	0.03924	0.28142	0.05977	0.13769	0.04706	0.05812	0.08743	0.08459	0.01298	0.07503	0.01006	0.01201	0.00791	0.00553	0.00562	0.00157	0.05938	0.00424	0.00309	0.00724
2	0.00897	0.04344	0.00900	0.00795	0.00957	0.03730	0.00606	0.03859	0.02691	0.01778	0.28516	0.20892	0.10829	0.01464	0.07981	0.00246	0.00463	0.04039	0.00491	0.04524
3	0.05538	0.16009	0.06784	0.01311	0.06405	0.01314	0.09324	0.11884	0.03921	0.24476	0.06536	0.01592	0.01274	0.00612	0.00516	0.00161	0.00572	0.00511	0.00453	0.00807
4	0.12508	0.06103	0.30024	0.01420	0.05256	0.01305	0.08339	0.10195	0.04954	0.13007	0.01217	0.01302	0.00867	0.00555	0.00507	0.00169	0.00656	0.00450	0.00366	0.00801
5	0.16103	0.00911	0.01133	0.00905	0.01280	0.00842	0.00739	0.02315	0.01429	0.58073	0.05357	0.05552	0.01502	0.00716	0.00524	0.00171	0.00440	0.00573	0.00607	0.00829
6	0.04717	0.01344	0.09697	0.01871	0.28113	0.03004	0.01230	0.10222	0.09593	0.10125	0.01846	0.02052	0.09140	0.00699	0.00552	0.00173	0.00569	0.03847	0.00410	0.00796
7	0.01671	0.13107	0.08676	0.02770	0.10249	0.01279	0.04793	0.08297	0.09383	0.22657	0.01432	0.01452	0.01034	0.00579	0.00529	0.00156	0.02017	0.00473	0.00430	0.09018
8	0.01046	0.00803	0.01063	0.01033	0.04215	0.00809	0.05387	0.03409	0.18433	0.06520	0.11712	0.29524	0.11488	0.01158	0.00629	0.00193	0.00399	0.01033	0.00516	0.00627
9	0.00800	0.00544	0.00707	0.00782	0.00861	0.00513	0.00551	0.03315	0.01169	0.04618	0.08473	0.62438	0.06409	0.01565	0.00682	0.00214	0.00335	0.05016	0.00521	0.00487
10	0.05469	0.04322	0.01442	0.16629	0.04354	0.06276	0.01010	0.12671	0.15280	0.19750	0.04121	0.03656	0.01291	0.00670	0.00534	0.00171	0.00561	0.00544	0.00470	0.00780
11	0.01419	0.10683	0.13222	0.06955	0.28671	0.12279	0.12818	0.04511	0.01303	0.01687	0.00982	0.01239	0.00786	0.00505	0.00525	0.00160	0.00755	0.00457	0.00271	0.00771
12	0.00804	0.00523	0.00680	0.00760	0.00842	0.00478	0.00531	0.00918	0.01113	0.07211	0.03221	0.63523	0.11736	0.01586	0.00681	0.00214	0.00329	0.03849	0.00519	0.00484
13	0.01322	0.01343	0.05190	0.07046	0.68937	0.01292	0.03537	0.01663	0.01231	0.01759	0.01023	0.01350	0.00849	0.00489	0.00542	0.00164	0.00665	0.00486	0.00267	0.00845
14	0.00729	0.00573	0.00726	0.06599	0.01039	0.00542	0.00596	0.00907	0.01231	0.01587	0.16470	0.24886	0.30340	0.01375	0.00664	0.00200	0.00345	0.10206	0.00502	0.00481
15	0.03275	0.01036	0.09418	0.04257	0.01471	0.00820	0.03821	0.01865	0.01350	0.36667	0.07685	0.14727	0.04757	0.00904	0.00613	0.00184	0.02183	0.03698	0.00532	0.00738
16	0.00721	0.00530	0.00686	0.00793	0.00860	0.00507	0.00566	0.00900	0.04193	0.01467	0.03129	0.61825	0.08529	0.01618	0.00694	0.00221	0.00344	0.11440	0.00508	0.00469
17	0.00968	0.00806	0.00911	0.04101	0.01163	0.00862	0.00676	0.01693	0.32458	0.01822	0.07160	0.24021	0.18873	0.01154	0.00617	0.00194	0.00369	0.01000	0.00521	0.00632
18	0.01482	0.20732	0.10194	0.01350	0.01802	0.06921	0.13832	0.10453	0.20704	0.03538	0.01358	0.01491	0.01059	0.00595	0.00515	0.00163	0.00651	0.02002	0.00376	0.00781

[dist]
# distance from previous block
# <min> <max>
0	15

[block]
# block no. 2 follows, 44 sequences, length 41
# corresponding to MSA columns:
# 68-108
name=unknown_C
#
# <colnr> <probs for GDERKNQSTAVLIFYWHMCP>
#	G	D	E	R	K	N	Q	S	T	A	V	L	I	F	Y	W	H	M	C	P
0	0.04616	0.03744	0.01363	0.01022	0.01425	0.01127	0.00843	0.23113	0.06531	0.40053	0.03143	0.01670	0.01256	0.00657	0.00525	0.00162	0.00489	0.00518	0.03674	0.04069
1	0.04685	0.01252	0.08478	0.01521	0.15832	0.02467	0.06405	0.05925	0.03306	0.17550	0.09441	0.01683	0.01403	0.00595	0.00523	0.00151	0.00543	0.00518	0.00421	0.17299
2	0.01376	0.01706	0.23456	0.10670	0.09038	0.01265	0.26628	0.06081	0.01327	0.10124	0.01200	0.01472	0.00879	0.00538	0.00574	0.00177	0.00768	0.01621	0.00321	0.00780
3	0.01261	0.10003	0.41965	0.01510	0.02105	0.01428	0.11393	0.08981	0.03800	0.01819	0.01045	0.01281	0.00803	0.02754	0.00691	0.00183	0.07469	0.00457	0.00282	0.00769
4	0.01061	0.00890	0.01393	0.38619	0.02452	0.01008	0.06717	0.01497	0.09689	0.04390	0.01737	0.15395	0.03543	0.00813	0.00574	0.00186	0.00575	0.02060	0.06787	0.00615
5	0.04504	0.01464	0.16515	0.04778	0.13619	0.01185	0.14037	0.06865	0.10794	0.07175	0.06116	0.07701	0.01422	0.00680	0.00567	0.00177	0.00627	0.00623	0.00386	0.00764
6	0.00709	0.00534	0.00695	0.00815	0.03378	0.00494	0.00549	0.00842	0.01140	0.01502	0.10276	0.51586	0.16501	0.02991	0.00718	0.00216	0.00330	0.05752	0.00503	0.00468
7	0.14286	0.00985	0.01210	0.00962	0.01355	0.00936	0.00797	0.09268	0.01545	0.55434	0.01912	0.01913	0.01303	0.00697	0.00529	0.00173	0.00473	0.04764	0.00603	0.00854
8	0.01158	0.00930	0.01510	0.44667	0.02703	0.01052	0.07735	0.01558	0.05986	0.08430	0.05801	0.07357	0.01363	0.00684	0.00559	0.00179	0.00610	0.00620	0.06461	0.00638
9	0.01404	0.22439	0.13248	0.09582	0.01940	0.01630	0.06646	0.11320	0.03438	0.04547	0.00994	0.01215	0.00796	0.00627	0.00766	0.00173	0.17763	0.00439	0.00304	0.00728
10	0.03791	0.00824	0.00998	0.00851	0.01113	0.00806	0.00671	0.08733	0.09540	0.21775	0.36246	0.03001	0.07535	0.00916	0.00591	0.00172	0.00367	0.00777	0.00596	0.00696
11	0.00692	0.00493	0.00654	0.00760	0.00797	0.00473	0.00515	0.00791	0.01018	0.01362	0.02784	0.65287	0.03296	0.09506	0.05518	0.00291	0.00412	0.04438	0.00476	0.00437
12	0.01093	0.02820	0.78016	0.01554	0.02360	0.01266	0.02014	0.01727	0.01151	0.01727	0.00978	0.01151	0.00691	0.00518	0.00518	0.00173	0.00806	0.00403	0.00230	0.00806
13	0.01352	0.01026	0.01309	0.01096	0.01356	0.01094	0.06470	0.29110	0.01678	0.05064	0.06907	0.19908	0.08598	0.01234	0.06189	0.00236	0.05365	0.00841	0.00484	0.00684
14	0.28588	0.00968	0.01118	0.00890	0.01284	0.00935	0.00734	0.02322	0.01359	0.53860	0.01708	0.01547	0.01108	0.00621	0.00481	0.00169	0.00450	0.00468	0.00568	0.00821
15	0.01116	0.00761	0.00896	0.00811	0.01022	0.00773	0.00624	0.01716	0.22183	0.09944	0.38861	0.03195	0.07700	0.00945	0.00589	0.00172	0.00327	0.00812	0.06902	0.00650
16	0.00687	0.00512	0.00622	0.00691	0.00770	0.00468	0.00478	0.00799	0.01109	0.01435	0.07936	0.44864	0.23320	0.09791	0.00897	0.00241	0.00331	0.04112	0.00493	0.00442
17	0.00771	0.00521	0.00702	0.00807	0.00873	0.00491	0.00582	0.00902	0.01116	0.04274	0.05452	0.62103	0.03493	0.01615	0.00699	0.00223	0.00352	0.14037	0.00515	0.00473
18	0.02093	0.01291	0.01473	0.01153	0.01564	0.01361	0.00954	0.48102	0.04172	0.24954	0.01670	0.01769	0.01198	0.00712	0.00559	0.00171	0.00550	0.04773	0.00581	0.00901
19	0.00910	0.00591	0.00742	0.00688	0.00855	0.00530	0.00522	0.01133	0.01467	0.09633	0.52259	0.06156	0.20156	0.01143	0.00635	0.00175	0.00284	0.00992	0.00585	0.00543
20	0.01319	0.01174	0.05884	0.12229	0.14267	0.06699	0.02512	0.05630	0.01270	0.10778	0.01666	0.17570	0.01599	0.02175	0.00728	0.00196	0.07354	0.05885	0.00391	0.00676
21	0.01501	0.14046	0.13752	0.10893	0.02000	0.05977	0.09899	0.06871	0.03650	0.14418	0.01405	0.01821	0.01118	0.00647	0.00535	0.00170	0.00660	0.07378	0.02519	0.00740
22	0.23187	0.04300	0.30888	0.04451	0.01955	0.11465	0.07824	0.06716	0.01248	0.01954	0.00930	0.01102	0.00695	0.00524	0.00476	0.00167	0.00715	0.00395	0.00291	0.00718
23	0.01436	0.76422	0.07410	0.00970	0.01457	0.02103	0.00998	0.01638	0.01110	0.01310	0.00771	0.00891	0.00699	0.00470	0.00360	0.00120	0.00597	0.00298	0.00233	0.00706
24	0.09675	0.00942	0.04117	0.01458	0.17818	0.00900	0.00981	0.05189	0.03546	0.04327	0.02183	0.18359	0.04899	0.01082	0.00616	0.00203	0.00494	0.22141	0.00434	0.00636
25	0.01642	0.21547	0.11992	0.04131	0.03307	0.01291	0.03489	0.02059	0.09440	0.26527	0.03231	0.01658	0.04171	0.00623	0.00500	0.00157	0.00552	0.00498	0.00435	0.02748
26	0.08848	0.02657	0.01266	0.03565	0.01436	0.00944	0.00829	0.09631	0.01548	0.52965	0.01959	0.04599	0.01396	0.00736	0.00544	0.00174	0.00483	0.04984	0.00595	0.00843
27	0.00776	0.00528	0.00602	0.00609	0.00624	0.00523	0.00355	0.00795	0.00836	0.01107	0.02012	0.08124	0.06517	0.69541	0.04476	0.00499	0.00525	0.00853	0.00350	0.00349
28	0.04317	0.04941	0.34491	0.01531	0.02147	0.01206	0.19429	0.01965	0.01281	0.21472	0.01297	0.01392	0.00892	0.00542	0.00544	0.00172	0.00723	0.00491	0.00360	0.00809
29	0.04355	0.00992	0.01637	0.71800	0.08112	0.01217	0.01487	0.01418	0.01093	0.01458	0.00964	0.01425	0.00730	0.00540	0.00537	0.00180	0.00710	0.00477	0.00248	0.00621
30	0.01704	0.01784	0.01539	0.01324	0.01566	0.35471	0.03976	0.13139	0.01473	0.04464	0.01039	0.01273	0.00856	0.00987	0.08078	0.00235	0.16555	0.00444	0.03426	0.00667
31	0.00824	0.00602	0.00773	0.00822	0.00946	0.00584	0.00660	0.01068	0.04228	0.01680	0.19185	0.09487	0.14604	0.06107	0.00872	0.03280	0.00402	0.32882	0.00506	0.00489
32	0.01734	0.01224	0.01421	0.01153	0.01500	0.09607	0.08092	0.15970	0.10227	0.23835	0.04752	0.08139	0.08261	0.00804	0.00575	0.00174	0.00552	0.00680	0.00523	0.00775
33	0.01234	0.01353	0.02900	0.02098	0.02593	0.01271	0.66472	0.01659	0.01264	0.01743	0.01256	0.06184	0.01026	0.00544	0.00631	0.00183	0.00843	0.00689	0.05353	0.00704
34	0.00663	0.00479	0.00628	0.00747	0.00788	0.00444	0.00501	0.00760	0.01055	0.01396	0.03151	0.76109	0.07887	0.01689	0.00693	0.00219	0.00314	0.01527	0.00506	0.00444
35	0.01244	0.01190	0.01972	0.14933	0.53556	0.02643	0.03984	0.01552	0.01211	0.01684	0.03872	0.04217	0.01130	0.03735	0.00640	0.00182	0.00645	0.00554	0.00288	0.00767
36	0.01140	0.00865	0.01034	0.00796	0.01171	0.00704	0.00629	0.03400	0.02349	0.07050	0.21264	0.02081	0.04027	0.00647	0.00489	0.00117	0.00372	0.00543	0.00434	0.50889
37	0.00802	0.00596	0.00820	0.00823	0.00921	0.00655	0.00617	0.03662	0.00980	0.01358	0.01988	0.13209	0.07269	0.10768	0.52153	0.00676	0.01096	0.00774	0.00350	0.00480
38	0.00888	0.00742	0.00998	0.00953	0.01077	0.05332	0.03470	0.01091	0.00942	0.01320	0.01413	0.02030	0.01296	0.03557	0.66804	0.00767	0.02463	0.00568	0.03784	0.00507
39	0.11155	0.01226	0.01298	0.01090	0.01400	0.09573	0.03807	0.16068	0.08605	0.18210	0.01762	0.03808	0.04126	0.05509	0.00732	0.00199	0.04144	0.06076	0.00478	0.00733
40	0.03952	0.21255	0.06330	0.01120	0.01553	0.02619	0.00998	0.35416	0.08522	0.06056	0.01306	0.03692	0.01017	0.00631	0.00490	0.00154	0.00570	0.00473	0.01691	0.02155

[dist]
# distance from previous block
# <min> <max>
1	9

[block]
# block no. 3 follows, 44 sequences, length 63
# corresponding to MSA columns:
# 119-181
name=unknown_D
#
# <colnr> <probs for GDERKNQSTAVLIFYWHMCP>
#	G	D	E	R	K	N	Q	S	T	A	V	L	I	F	Y	W	H	M	C	P
0	0.06567	0.10590	0.03477	0.04711	0.06552	0.01077	0.08580	0.01711	0.03714	0.14928	0.04132	0.05888	0.01221	0.00596	0.00491	0.00143	0.00521	0.00513	0.00388	0.24200
1	0.01925	0.01438	0.01544	0.01215	0.01618	0.01596	0.00992	0.63749	0.11152	0.03209	0.01491	0.04939	0.01133	0.00712	0.00553	0.00169	0.00567	0.00553	0.00545	0.00898
2	0.01607	0.01372	0.09616	0.03120	0.03936	0.04550	0.05786	0.13104	0.06877	0.17459	0.01356	0.01401	0.00981	0.00550	0.00504	0.00143	0.00565	0.00454	0.00426	0.26193
3	0.01062	0.05848	0.01313	0.12343	0.07630	0.09877	0.04837	0.03967	0.01207	0.01508	0.02125	0.38187	0.05690	0.01116	0.00606	0.00189	0.00535	0.00992	0.00396	0.00571
4	0.01157	0.01114	0.01863	0.23585	0.23973	0.01278	0.08778	0.01440	0.01086	0.01515	0.01082	0.01705	0.00962	0.04350	0.03169	0.00227	0.17802	0.03973	0.00270	0.00670
5	0.03664	0.00913	0.01230	0.08349	0.05760	0.00962	0.03073	0.14062	0.01340	0.08187	0.01474	0.03750	0.01249	0.02637	0.22925	0.00369	0.00794	0.03421	0.08089	0.07751
6	0.01291	0.01188	0.05707	0.08959	0.09411	0.01129	0.01045	0.05183	0.10950	0.05727	0.01178	0.01357	0.00930	0.00581	0.00671	0.00149	0.11938	0.00440	0.00351	0.31816
7	0.00697	0.00544	0.00635	0.00652	0.00790	0.00482	0.00485	0.00868	0.01294	0.01671	0.25412	0.18221	0.39499	0.01369	0.00659	0.00191	0.00290	0.05231	0.00533	0.00475
8	0.00862	0.00634	0.00957	0.00936	0.01076	0.00587	0.08199	0.01028	0.01153	0.06107	0.03059	0.48182	0.12355	0.01450	0.00683	0.00214	0.00407	0.11106	0.00492	0.00512
9	0.84691	0.01054	0.00801	0.00717	0.01054	0.01223	0.00590	0.01603	0.00928	0.02446	0.00759	0.00886	0.00590	0.00506	0.00337	0.00169	0.00422	0.00295	0.00337	0.00590
10	0.00955	0.00686	0.00830	0.00865	0.00993	0.00706	0.00618	0.01440	0.21013	0.06265	0.02745	0.54971	0.02956	0.01389	0.00650	0.00209	0.00356	0.01242	0.00529	0.00583
11	0.01391	0.01649	0.05762	0.25375	0.02226	0.30019	0.01211	0.01633	0.01201	0.01362	0.00964	0.01331	0.00807	0.01115	0.12064	0.00274	0.10302	0.00444	0.00263	0.00608
12	0.00664	0.00474	0.00633	0.00759	0.00791	0.00443	0.00506	0.00759	0.01044	0.01392	0.03005	0.80485	0.03606	0.01708	0.00696	0.00221	0.00316	0.01550	0.00506	0.00443
13	0.00721	0.00516	0.00690	0.00808	0.00865	0.00492	0.00589	0.00852	0.01091	0.01440	0.02988	0.57571	0.05177	0.04583	0.00786	0.00239	0.00369	0.19270	0.00499	0.00454
14	0.01074	0.00987	0.01440	0.01197	0.01336	0.03951	0.13622	0.03950	0.01033	0.01426	0.05489	0.02282	0.01476	0.27555	0.09821	0.00382	0.21490	0.00645	0.00314	0.00530
15	0.00670	0.00477	0.00631	0.00752	0.00782	0.00447	0.00498	0.00761	0.01033	0.01377	0.02947	0.77041	0.03533	0.05251	0.00789	0.00235	0.00326	0.01516	0.00498	0.00438
16	0.00668	0.00485	0.00630	0.00739	0.00787	0.00448	0.00499	0.00774	0.01084	0.01436	0.06697	0.70677	0.09761	0.01653	0.00689	0.00216	0.00310	0.01490	0.00511	0.00448
17	0.00794	0.00586	0.00746	0.00701	0.00840	0.00552	0.00527	0.01107	0.05052	0.02164	0.70956	0.04020	0.07672	0.01107	0.00639	0.00173	0.00266	0.00975	0.00594	0.00529
18	0.01256	0.11776	0.57553	0.01483	0.02198	0.01385	0.05887	0.06234	0.01254	0.04599	0.01023	0.01172	0.00738	0.00523	0.00508	0.00166	0.00761	0.00414	0.00269	0.00801
19	0.04994	0.07131	0.01688	0.01389	0.01689	0.60979	0.05185	0.02072	0.01448	0.03584	0.00880	0.01035	0.00724	0.00570	0.00548	0.00148	0.04625	0.00373	0.00289	0.00647
20	0.01105	0.01166	0.05970	0.63336	0.12557	0.03787	0.01546	0.01472	0.01127	0.01457	0.00972	0.01408	0.00741	0.00537	0.00541	0.00177	0.00730	0.00476	0.00246	0.00649
21	0.00734	0.00524	0.00713	0.00839	0.00901	0.00503	0.00627	0.00880	0.01112	0.01470	0.02966	0.56320	0.03454	0.01642	0.00714	0.00231	0.00377	0.25027	0.00505	0.00462
22	0.02361	0.01063	0.01349	0.01034	0.01459	0.01003	0.00854	0.19179	0.01787	0.60975	0.01960	0.01732	0.01254	0.00670	0.00548	0.00168	0.00495	0.00535	0.00645	0.00928
23	0.01173	0.19865	0.61664	0.01419	0.02151	0.01460	0.01779	0.01706	0.01142	0.01630	0.00930	0.01091	0.00693	0.00507	0.00481	0.00160	0.00757	0.00379	0.00231	0.00783
24	0.00793	0.00529	0.00595	0.00595	0.00595	0.00529	0.00330	0.00793	0.00793	0.01057	0.01718	0.03568	0.01982	0.80840	0.02775	0.00529	0.00529	0.00793	0.00330	0.00330
25	0.01193	0.01193	0.01670	0.01431	0.01431	0.01670	0.01193	0.01312	0.00835	0.01312	0.00716	0.01193	0.00716	0.00954	0.01789	0.00239	0.79843	0.00477	0.00239	0.00596
26	0.10835	0.01503	0.01322	0.01091	0.01434	0.18112	0.00872	0.34180	0.01864	0.08888	0.01291	0.01349	0.00949	0.00617	0.00486	0.00154	0.00600	0.00447	0.13243	0.00763
27	0.01046	0.02395	0.62290	0.01456	0.02138	0.01149	0.05242	0.01602	0.01191	0.01756	0.08858	0.05896	0.01314	0.00642	0.00547	0.00176	0.00728	0.00538	0.00285	0.00752
28	0.00676	0.00487	0.00644	0.00765	0.00809	0.00455	0.00525	0.00783	0.01066	0.01410	0.03112	0.72561	0.06917	0.01681	0.00697	0.00222	0.00326	0.05913	0.00506	0.00447
29	0.01104	0.02744	0.73789	0.01596	0.02387	0.01272	0.06164	0.01728	0.01159	0.01728	0.00985	0.01169	0.00698	0.00515	0.00525	0.00173	0.00812	0.00416	0.00233	0.00802
30	0.04538	0.00581	0.00709	0.00781	0.00862	0.00584	0.00552	0.00949	0.05321	0.01501	0.03088	0.58419	0.12634	0.01524	0.00709	0.00213	0.03456	0.02606	0.00491	0.00483
31	0.00706	0.00512	0.00687	0.00785	0.00848	0.00494	0.00563	0.00841	0.01090	0.01456	0.07109	0.55516	0.07296	0.01876	0.08642	0.00287	0.00449	0.09894	0.00489	0.00459
32	0.04609	0.04843	0.01440	0.01066	0.01489	0.01348	0.00872	0.34205	0.15632	0.04857	0.01366	0.01376	0.01021	0.00590	0.00493	0.00144	0.00505	0.00455	0.00470	0.23218
33	0.01314	0.09557	0.36979	0.01345	0.05394	0.01223	0.01412	0.08498	0.01327	0.07486	0.03552	0.01568	0.01062	0.00593	0.00509	0.00157	0.00642	0.04521	0.00334	0.12528
34	0.01658	0.05284	0.18784	0.01544	0.09327	0.01184	0.12273	0.10081	0.01463	0.24430	0.03588	0.02810	0.01128	0.00598	0.00546	0.00166	0.00636	0.00527	0.00425	0.03546
35	0.12682	0.21456	0.38182	0.01239	0.01844	0.01517	0.01410	0.10559	0.01289	0.03807	0.00964	0.01084	0.00724	0.00524	0.00457	0.00157	0.00666	0.00375	0.00294	0.00768
36	0.01161	0.00903	0.01410	0.47644	0.06270	0.01030	0.01216	0.04189	0.01210	0.09650	0.01688	0.12067	0.05574	0.00786	0.00576	0.00186	0.00605	0.02845	0.00358	0.00632
37	0.10736	0.01514	0.12493	0.06521	0.01877	0.08951	0.09390	0.09830	0.03806	0.27393	0.01420	0.01441	0.00974	0.00590	0.00526	0.00169	0.00642	0.00483	0.00445	0.00799
38	0.01528	0.37268	0.06578	0.01005	0.01393	0.11220	0.00921	0.08731	0.03825	0.06299	0.01205	0.04950	0.01020	0.00601	0.00435	0.00139	0.00581	0.00438	0.11160	0.00701
39	0.09781	0.03043	0.05802	0.03369	0.05678	0.00915	0.01723	0.01644	0.03045	0.12210	0.04139	0.01363	0.01043	0.00505	0.00450	0.00123	0.00466	0.00406	0.00375	0.43920
40	0.01397	0.01658	0.11223	0.05599	0.01606	0.26211	0.04366	0.06154	0.04880	0.01662	0.04087	0.03809	0.01252	0.08470	0.05534	0.00236	0.00751	0.00530	0.09949	0.00625
41	0.00713	0.00552	0.00649	0.00630	0.00780	0.00489	0.00471	0.00913	0.01396	0.01850	0.43607	0.07110	0.36378	0.01250	0.00645	0.00179	0.00267	0.01076	0.00556	0.00489
42	0.01955	0.04820	0.03728	0.01116	0.01509	0.05461	0.04396	0.13022	0.08623	0.38201	0.05395	0.02019	0.01492	0.00717	0.00556	0.00171	0.00540	0.04885	0.00557	0.00837
43	0.00793	0.00529	0.00595	0.00595	0.00595	0.00529	0.00330	0.00793	0.00793	0.01057	0.01718	0.03568	0.01982	0.80840	0.02775	0.00529	0.00529	0.00793	0.00330	0.00330
44	0.10785	0.00978	0.01134	0.00871	0.01278	0.00879	0.00706	0.09252	0.01406	0.24889	0.05630	0.01546	0.01229	0.00572	0.00466	0.00132	0.00428	0.00450	0.04409	0.32959
45	0.00974	0.00666	0.00785	0.00742	0.00942	0.00623	0.00581	0.01311	0.09115	0.09998	0.25215	0.04309	0.32476	0.01175	0.00636	0.00186	0.00331	0.08806	0.00556	0.00572
46	0.03530	0.01357	0.06045	0.10350	0.28437	0.08534	0.08371	0.05622	0.05736	0.01767	0.01395	0.13740	0.01293	0.00715	0.00565	0.00176	0.00649	0.00653	0.00337	0.00729
47	0.00668	0.00481	0.00633	0.00747	0.00789	0.00446	0.00502	0.00771	0.01072	0.01427	0.06036	0.74108	0.06962	0.01670	0.00691	0.00218	0.00312	0.01510	0.00510	0.00446
48	0.01111	0.06516	0.74470	0.01525	0.02314	0.01308	0.01963	0.01722	0.01149	0.01706	0.00968	0.01138	0.00691	0.00516	0.00510	0.00170	0.00795	0.00398	0.00230	0.00801
49	0.01272	0.01272	0.02577	0.27698	0.03060	0.01288	0.46534	0.01685	0.01238	0.06245	0.01122	0.01488	0.00826	0.00501	0.00605	0.00182	0.00828	0.00585	0.00289	0.00704
50	0.01096	0.03419	0.09306	0.06040	0.03680	0.03827	0.12625	0.01356	0.01040	0.04986	0.01257	0.01799	0.01101	0.07194	0.30534	0.03577	0.05724	0.00551	0.00293	0.00595
51	0.00677	0.00484	0.00648	0.00774	0.00811	0.00454	0.00529	0.00782	0.01057	0.01406	0.02998	0.75975	0.03577	0.01696	0.00699	0.00223	0.00328	0.05931	0.00506	0.00446
52	0.00964	0.00704	0.00928	0.00994	0.01149	0.00720	0.00852	0.05389	0.05918	0.01824	0.09750	0.05434	0.03114	0.01375	0.00719	0.00235	0.00480	0.58385	0.00517	0.00549
53	0.00914	0.01557	0.34860	0.01069	0.01497	0.00846	0.01177	0.01337	0.01370	0.01983	0.43512	0.02782	0.03177	0.00851	0.00588	0.00172	0.00499	0.00728	0.00437	0.00643
54	0.84691	0.01054	0.00801	0.00717	0.01054	0.01223	0.00590	0.01603	0.00928	0.02446	0.00759	0.00886	0.00590	0.00506	0.00337	0.00169	0.00422	0.00295	0.00337	0.00590
55	0.01798	0.01320	0.01422	0.01140	0.01523	0.01448	0.00926	0.47314	0.19897	0.07500	0.01950	0.01864	0.07902	0.00740	0.00557	0.00171	0.00523	0.00583	0.00552	0.00870
56	0.00779	0.00584	0.00876	0.00876	0.00974	0.00681	0.00681	0.00974	0.00876	0.01266	0.01460	0.02142	0.01363	0.04089	0.78680	0.00876	0.01460	0.00584	0.00292	0.00487
57	0.01747	0.31284	0.05622	0.01240	0.01602	0.44014	0.01060	0.01923	0.01339	0.01333	0.00813	0.00960	0.00701	0.00540	0.00492	0.00137	0.03933	0.00337	0.00259	0.00664
58	0.01259	0.01552	0.15111	0.11034	0.41815	0.01298	0.16607	0.01667	0.01219	0.01723	0.01027	0.01352	0.00812	0.00492	0.00558	0.00170	0.00738	0.00503	0.00261	0.00800
59	0.00774	0.00554	0.00715	0.00677	0.00792	0.00516	0.00496	0.01005	0.01467	0.02071	0.69467	0.04021	0.04822	0.09237	0.00860	0.00208	0.00285	0.00966	0.00573	0.00496
60	0.00789	0.00533	0.00715	0.00802	0.00854	0.00519	0.00554	0.00891	0.01063	0.05707	0.02853	0.72444	0.03347	0.01615	0.00737	0.00219	0.03933	0.01445	0.00503	0.00477
61	0.11648	0.08154	0.34234	0.01270	0.01840	0.04914	0.03153	0.08056	0.05581	0.14323	0.01220	0.01275	0.00865	0.00562	0.00494	0.00166	0.00659	0.00428	0.00364	0.00795
62	0.04570	0.00951	0.01254	0.00969	0.01378	0.00852	0.00798	0.06691	0.01599	0.68766	0.04867	0.01881	0.01447	0.00686	0.00546	0.00169	0.00463	0.00555	0.00656	0.00903

[dist]
# distance from previous block
# <min> <max>
5	8

[block]
# block no. 4 follows, 44 sequences, length 40
# corresponding to MSA columns:
# 190-229
name=unknown_E
#
# <colnr> <probs for GDERKNQSTAVLIFYWHMCP>
#	G	D	E	R	K	N	Q	S	T	A	V	L	I	F	Y	W	H	M	C	P
0	0.05685	0.00770	0.00947	0.00894	0.01044	0.00855	0.00679	0.08247	0.07503	0.04860	0.01957	0.17696	0.04925	0.09929	0.26452	0.00452	0.05341	0.00790	0.00409	0.00566
1	0.00790	0.00556	0.00727	0.00732	0.00779	0.00598	0.00503	0.00884	0.00848	0.01170	0.01656	0.03066	0.01766	0.44790	0.35082	0.00665	0.00925	0.03737	0.00321	0.00404
2	0.05171	0.04682	0.06736	0.06732	0.16702	0.01318	0.09387	0.20976	0.01600	0.14590	0.01259	0.01377	0.00914	0.00558	0.00528	0.00161	0.00624	0.00484	0.00408	0.05793
3	0.00910	0.00644	0.00779	0.00721	0.00824	0.00640	0.00487	0.05030	0.00948	0.01317	0.01534	0.04593	0.01633	0.45036	0.16308	0.06148	0.00681	0.00676	0.00332	0.10758
4	0.00789	0.00533	0.00626	0.00646	0.00661	0.00532	0.00396	0.00820	0.00853	0.01135	0.01917	0.10235	0.02203	0.66467	0.03655	0.00486	0.00523	0.06808	0.00359	0.00356
5	0.00780	0.00558	0.00762	0.00865	0.00954	0.00540	0.00684	0.00971	0.01211	0.01612	0.12909	0.34988	0.03590	0.01533	0.00716	0.00229	0.00396	0.35704	0.00517	0.00480
6	0.10008	0.07763	0.16673	0.01358	0.08151	0.01392	0.01183	0.26118	0.04207	0.16001	0.01304	0.01328	0.00925	0.00590	0.00505	0.00164	0.00595	0.00453	0.00438	0.00845
7	0.01565	0.01421	0.02003	0.05862	0.02051	0.11242	0.25952	0.18554	0.01579	0.08209	0.01423	0.09264	0.01213	0.00716	0.00644	0.00180	0.03971	0.03022	0.00397	0.00732
8	0.00663	0.00481	0.00626	0.00742	0.00786	0.00444	0.00499	0.00761	0.01060	0.01398	0.03210	0.74346	0.09612	0.01681	0.00692	0.00218	0.00313	0.01517	0.00506	0.00444
9	0.00830	0.00716	0.05035	0.02799	0.01029	0.00621	0.00659	0.06982	0.01259	0.01711	0.15177	0.54808	0.03413	0.01427	0.00661	0.00205	0.00367	0.01279	0.00503	0.00519
10	0.03760	0.20641	0.12321	0.03750	0.02132	0.01480	0.29690	0.06742	0.01330	0.07982	0.04252	0.01398	0.00998	0.00530	0.00531	0.00163	0.00718	0.00510	0.00325	0.00748
11	0.01462	0.01147	0.01236	0.01096	0.01415	0.01302	0.00857	0.02874	0.69150	0.09648	0.02212	0.02017	0.01634	0.00733	0.00554	0.00183	0.00435	0.00610	0.00566	0.00869
12	0.00772	0.00557	0.00729	0.00686	0.00814	0.00514	0.00514	0.01029	0.01543	0.02186	0.77152	0.04072	0.05144	0.01115	0.00643	0.00171	0.00257	0.00986	0.00600	0.00514
13	0.01030	0.00969	0.01635	0.79530	0.03755	0.01211	0.01514	0.01393	0.01090	0.01393	0.00969	0.01453	0.00727	0.00545	0.00545	0.00182	0.00727	0.00484	0.00242	0.00606
14	0.03780	0.42637	0.30134	0.01191	0.01766	0.01683	0.04427	0.01627	0.01133	0.01509	0.01099	0.01226	0.04646	0.00533	0.00438	0.00145	0.00658	0.00391	0.00251	0.00724
15	0.06317	0.11565	0.05813	0.01177	0.01563	0.26246	0.00992	0.11335	0.11288	0.16541	0.01324	0.01319	0.00973	0.00601	0.00493	0.00155	0.00675	0.00433	0.00419	0.00771
16	0.00811	0.00581	0.00639	0.00613	0.00803	0.00496	0.00464	0.00971	0.01307	0.07805	0.15785	0.07194	0.57998	0.01294	0.00638	0.00182	0.00290	0.01090	0.00534	0.00506
17	0.11238	0.00941	0.01216	0.00943	0.01356	0.00846	0.00779	0.02544	0.01493	0.69760	0.02002	0.01752	0.01268	0.00657	0.00526	0.00169	0.00459	0.00521	0.00639	0.00892
18	0.01365	0.50525	0.21583	0.07520	0.01849	0.01830	0.01258	0.05728	0.01198	0.01522	0.00861	0.01015	0.00712	0.00496	0.00419	0.00139	0.00652	0.00346	0.00250	0.00731
19	0.01113	0.00537	0.00559	0.00539	0.00686	0.00528	0.00410	0.01364	0.01171	0.07156	0.01804	0.02021	0.01394	0.00638	0.00392	0.00130	0.00268	0.00511	0.78242	0.00537
20	0.01917	0.00930	0.01177	0.00961	0.01305	0.00876	0.00787	0.14535	0.01658	0.44246	0.07661	0.05234	0.07801	0.00870	0.00586	0.00179	0.00456	0.07401	0.00613	0.00806
21	0.01252	0.02495	0.61130	0.01577	0.02311	0.01284	0.09247	0.07025	0.01286	0.05776	0.01075	0.01231	0.00755	0.00530	0.00534	0.00173	0.00785	0.00441	0.00280	0.00814
22	0.01299	0.00713	0.00914	0.00793	0.01024	0.00656	0.00622	0.03962	0.03720	0.23660	0.44101	0.03425	0.09527	0.00992	0.00612	0.00173	0.00338	0.02207	0.00609	0.00651
23	0.02287	0.01182	0.01423	0.01091	0.01519	0.01179	0.00901	0.33666	0.01987	0.46207	0.01793	0.01623	0.01170	0.00666	0.00547	0.00167	0.00522	0.00524	0.00620	0.00928
24	0.00779	0.00584	0.00876	0.00876	0.00974	0.00681	0.00681	0.00974	0.00876	0.01266	0.01460	0.02142	0.01363	0.04089	0.78680	0.00876	0.01460	0.00584	0.00292	0.00487
25	0.01360	0.05865	0.16833	0.11428	0.15492	0.01312	0.14431	0.09749	0.03903	0.05123	0.01123	0.01340	0.00847	0.00521	0.00533	0.00162	0.00689	0.00479	0.00320	0.08490
26	0.01687	0.01367	0.05453	0.05474	0.01614	0.03642	0.00974	0.43734	0.09940	0.02784	0.01443	0.01512	0.01063	0.00644	0.00512	0.00160	0.00546	0.00498	0.16143	0.00809
27	0.00705	0.00516	0.00672	0.00781	0.00852	0.00483	0.00569	0.00838	0.01114	0.01452	0.03326	0.55009	0.13594	0.01622	0.00700	0.00222	0.00349	0.16233	0.00505	0.00457
28	0.07321	0.12083	0.08026	0.01438	0.13505	0.02474	0.01086	0.17721	0.12610	0.06502	0.01259	0.01327	0.00959	0.00563	0.00485	0.00151	0.00558	0.00442	0.00397	0.11093
29	0.00763	0.00537	0.00657	0.00680	0.00798	0.00483	0.00489	0.00927	0.01267	0.04263	0.25701	0.31995	0.23983	0.01372	0.00651	0.00191	0.00291	0.01205	0.03260	0.00487
30	0.12287	0.07857	0.09908	0.01222	0.07280	0.03129	0.01013	0.15315	0.03223	0.25634	0.04275	0.01611	0.03618	0.00639	0.00506	0.00164	0.00543	0.00496	0.00472	0.00809
31	0.01775	0.43711	0.06271	0.01101	0.04631	0.01633	0.00990	0.07474	0.01360	0.24387	0.01239	0.01235	0.00917	0.00546	0.00441	0.00141	0.00563	0.00397	0.00390	0.00797
32	0.02283	0.00892	0.01200	0.00933	0.01324	0.00772	0.00761	0.02482	0.01512	0.70647	0.02307	0.02103	0.05291	0.04085	0.00647	0.00185	0.00457	0.00590	0.00652	0.00879
33	0.01446	0.01165	0.02135	0.15106	0.06586	0.01154	0.31409	0.02995	0.05213	0.16849	0.05021	0.01933	0.01286	0.00622	0.00602	0.00182	0.00697	0.04458	0.00395	0.00745
34	0.03425	0.03925	0.15676	0.07462	0.30055	0.01287	0.12090	0.01879	0.09065	0.07998	0.01226	0.01425	0.00929	0.00534	0.00543	0.00170	0.00675	0.00502	0.00325	0.00811
35	0.00842	0.00607	0.00832	0.00942	0.01062	0.00597	0.00802	0.01073	0.01251	0.01631	0.06875	0.12340	0.07402	0.01496	0.00736	0.00241	0.00461	0.59808	0.00508	0.00495
36	0.00748	0.00534	0.00729	0.00855	0.00923	0.00515	0.00652	0.00904	0.01126	0.01485	0.02959	0.51421	0.03423	0.01629	0.00718	0.00233	0.00389	0.29786	0.00504	0.00466
37	0.00962	0.00856	0.01087	0.05409	0.10654	0.05088	0.00905	0.01173	0.01211	0.01540	0.02952	0.08516	0.21588	0.01210	0.00754	0.00210	0.06964	0.27940	0.00427	0.00553
38	0.00760	0.00518	0.00621	0.00665	0.00681	0.00509	0.00411	0.00801	0.00891	0.01186	0.02157	0.26217	0.02519	0.53449	0.02059	0.00424	0.00465	0.04907	0.00391	0.00372
39	0.04048	0.36113	0.08044	0.01084	0.01554	0.08160	0.03490	0.09708	0.01357	0.09978	0.01031	0.01111	0.00809	0.00515	0.00434	0.00133	0.00608	0.00370	0.00334	0.11119

[dist]
# distance from previous block
# <min> <max>
2	4

[block]
# block no. 5 follows, 44 sequences, length 8
# corresponding to MSA columns:
# 235-242
name=unknown_F
#
# <colnr> <probs for GDERKNQSTAVLIFYWHMCP>
#	G	D	E	R	K	N	Q	S	T	A	V	L	I	F	Y	W	H	M	C	P
0	0.04573	0.04786	0.10608	0.01472	0.06508	0.01262	0.13933	0.10276	0.08619	0.19708	0.01443	0.03315	0.01069	0.00631	0.00632	0.00173	0.06263	0.00534	0.00425	0.03769
1	0.01461	0.10293	0.51655	0.01348	0.02026	0.01243	0.01608	0.01944	0.01247	0.20268	0.01242	0.01295	0.00852	0.00551	0.00508	0.00166	0.00700	0.00427	0.00339	0.00825
2	0.00739	0.00532	0.00661	0.00741	0.00782	0.00521	0.00485	0.00902	0.05721	0.01365	0.02638	0.56566	0.03083	0.21182	0.01200	0.00295	0.00376	0.01304	0.00466	0.00441
3	0.06337	0.01282	0.09173	0.04367	0.07359	0.06270	0.08746	0.07972	0.02960	0.10867	0.06377	0.11366	0.04269	0.00935	0.03447	0.00207	0.04310	0.02653	0.00411	0.00693
4	0.01735	0.09597	0.22132	0.01260	0.01779	0.03788	0.06477	0.08751	0.06891	0.27859	0.03372	0.01532	0.01129	0.00607	0.00528	0.00165	0.00622	0.00495	0.00448	0.00834
5	0.00784	0.00565	0.00782	0.00782	0.00846	0.00630	0.00563	0.00913	0.00848	0.01196	0.01547	0.02621	0.01571	0.29883	0.53171	0.00759	0.01147	0.00654	0.00305	0.00434
6	0.00955	0.00612	0.00737	0.00691	0.00884	0.00539	0.00538	0.01153	0.01391	0.12275	0.29534	0.04444	0.36168	0.01201	0.00639	0.00183	0.00313	0.06635	0.00562	0.00547
7	0.05105	0.01322	0.07029	0.06067	0.08976	0.02994	0.25824	0.04363	0.05722	0.19764	0.04128	0.03699	0.01204	0.00605	0.00574	0.00176	0.00671	0.00590	0.00410	0.00779

[dist]
# distance from previous block
# <min> <max>
0	1

[block]
# block no. 6 follows, 44 sequences, length 9
# corresponding to MSA columns:
# 244-252
name=unknown_G
#
# <colnr> <probs for GDERKNQSTAVLIFYWHMCP>
#	G	D	E	R	K	N	Q	S	T	A	V	L	I	F	Y	W	H	M	C	P
0	0.01423	0.06931	0.11173	0.03896	0.15875	0.05195	0.03714	0.18935	0.05355	0.02050	0.01258	0.01612	0.01043	0.09609	0.00789	0.00202	0.02106	0.00505	0.07590	0.00740
1	0.01175	0.01121	0.01795	0.20765	0.31297	0.01321	0.01406	0.01438	0.01057	0.01508	0.00967	0.01406	0.00837	0.00975	0.08354	0.00256	0.22881	0.00492	0.00257	0.00691
2	0.01347	0.12144	0.10186	0.01003	0.01489	0.01171	0.00916	0.09006	0.12170	0.04911	0.01202	0.01274	0.00936	0.00509	0.00451	0.00123	0.00499	0.00395	0.00369	0.39898
3	0.05378	0.32014	0.30324	0.01270	0.01830	0.04621	0.04682	0.05418	0.04209	0.01674	0.00943	0.01086	0.00747	0.00527	0.00494	0.00153	0.03234	0.00380	0.00269	0.00747
4	0.00947	0.00473	0.00710	0.00710	0.00710	0.00473	0.00473	0.00710	0.00710	0.00947	0.00947	0.01657	0.00947	0.01894	0.02131	0.84138	0.00473	0.00473	0.00237	0.00237
5	0.01044	0.01098	0.11456	0.05609	0.07779	0.00891	0.04665	0.04989	0.07750	0.04315	0.18345	0.08764	0.15656	0.00959	0.00606	0.00182	0.00480	0.04309	0.00454	0.00646
6	0.00758	0.00562	0.00711	0.00707	0.00822	0.00533	0.00515	0.01002	0.03977	0.01863	0.45213	0.19110	0.12234	0.04536	0.04759	0.00234	0.00350	0.01074	0.00543	0.00498
7	0.01197	0.14611	0.09622	0.18769	0.12633	0.04277	0.07959	0.01612	0.06767	0.01649	0.10316	0.01811	0.01434	0.02899	0.00596	0.00176	0.00638	0.02024	0.00322	0.00688
8	0.28671	0.24178	0.14183	0.01039	0.01513	0.01505	0.03146	0.09039	0.01250	0.09544	0.00997	0.01081	0.00753	0.00527	0.00421	0.00154	0.00566	0.00366	0.00342	0.00727

[dist]
# distance from previous block
# <min> <max>
9	32

[block]
# block no. 7 follows, 44 sequences, length 27
# corresponding to MSA columns:
# 285-311
name=unknown_H
#
# <colnr> <probs for GDERKNQSTAVLIFYWHMCP>
#	G	D	E	R	K	N	Q	S	T	A	V	L	I	F	Y	W	H	M	C	P
0	0.10393	0.01233	0.01569	0.01412	0.08744	0.02460	0.08144	0.24124	0.06861	0.04736	0.03352	0.03417	0.04937	0.00722	0.00711	0.00179	0.11692	0.00561	0.04006	0.00749
1	0.03298	0.06770	0.01277	0.01149	0.08385	0.06215	0.00806	0.08089	0.01342	0.16239	0.01902	0.28571	0.01870	0.00952	0.00558	0.00170	0.00478	0.00817	0.00459	0.10654
2	0.27509	0.01140	0.01457	0.10478	0.24464	0.01236	0.01092	0.12747	0.01327	0.05998	0.01178	0.06944	0.00995	0.00622	0.00490	0.00171	0.00546	0.00507	0.00367	0.00732
3	0.07255	0.00975	0.01240	0.01033	0.03229	0.00923	0.00816	0.12360	0.01593	0.51611	0.02023	0.09290	0.01498	0.00779	0.00554	0.00175	0.00472	0.02722	0.00605	0.00847
4	0.04757	0.17321	0.10047	0.04244	0.01730	0.01501	0.05434	0.25157	0.08264	0.10198	0.05135	0.01466	0.01153	0.00614	0.00508	0.00160	0.00589	0.00485	0.00431	0.00806
5	0.03354	0.51630	0.13213	0.04387	0.01728	0.01786	0.06465	0.01740	0.01165	0.08670	0.00955	0.01074	0.00768	0.00497	0.00421	0.00138	0.00630	0.00365	0.00280	0.00732
6	0.00662	0.00555	0.00576	0.00577	0.00755	0.00470	0.00437	0.00812	0.01266	0.01532	0.10912	0.05186	0.69348	0.01364	0.00648	0.00185	0.00282	0.03454	0.00513	0.00466
7	0.01130	0.00969	0.01130	0.00807	0.01292	0.00727	0.00646	0.01373	0.01130	0.01776	0.00969	0.01130	0.00807	0.00404	0.00404	0.00081	0.00404	0.00323	0.00323	0.84173
8	0.02123	0.01445	0.01586	0.01216	0.01650	0.01569	0.01004	0.65665	0.02426	0.13586	0.01424	0.01384	0.00985	0.00657	0.00546	0.00164	0.00581	0.00499	0.00563	0.00927
9	0.00851	0.00675	0.00954	0.03344	0.02602	0.00702	0.03022	0.01101	0.04315	0.01621	0.12632	0.30318	0.05913	0.01366	0.00767	0.00218	0.06140	0.22457	0.00481	0.00521
10	0.01237	0.01155	0.05568	0.39273	0.23333	0.01175	0.01439	0.01573	0.01164	0.07063	0.01062	0.01400	0.00815	0.00536	0.00567	0.00167	0.03078	0.00470	0.00288	0.08637
11	0.00691	0.00496	0.00666	0.00765	0.00816	0.00471	0.00530	0.00817	0.01105	0.01493	0.12087	0.64314	0.03665	0.01747	0.04621	0.00249	0.00374	0.04132	0.00507	0.00456
12	0.00685	0.00551	0.00611	0.00602	0.00763	0.00477	0.00449	0.00859	0.01329	0.01693	0.27878	0.07811	0.51757	0.01310	0.00646	0.00182	0.00272	0.01115	0.00536	0.00477
13	0.26359	0.01452	0.08734	0.06293	0.08702	0.06567	0.06424	0.13651	0.08180	0.06966	0.01154	0.01270	0.00856	0.00564	0.00485	0.00169	0.00604	0.00440	0.00381	0.00750
14	0.01204	0.02158	0.44287	0.11498	0.02608	0.01318	0.20182	0.07020	0.01279	0.01813	0.01032	0.01280	0.00746	0.00517	0.00555	0.00176	0.00809	0.00479	0.00266	0.00772
15	0.01639	0.01504	0.01353	0.01176	0.01497	0.17042	0.00922	0.19982	0.38691	0.02339	0.01720	0.01743	0.01316	0.00696	0.00537	0.00170	0.00577	0.02214	0.04074	0.00808
16	0.00664	0.00474	0.00633	0.00759	0.00791	0.00443	0.00506	0.00759	0.01044	0.01392	0.03005	0.80485	0.03606	0.01708	0.00696	0.00221	0.00316	0.01550	0.00506	0.00443
17	0.02032	0.01366	0.01612	0.01248	0.01665	0.06883	0.07997	0.34805	0.05741	0.26040	0.01689	0.01625	0.03365	0.00662	0.00555	0.00167	0.00597	0.00539	0.00540	0.00871
18	0.00776	0.00581	0.00856	0.00856	0.00951	0.00669	0.00660	0.00961	0.00881	0.01262	0.01570	0.02279	0.03225	0.07363	0.73489	0.00844	0.01391	0.00607	0.00299	0.00479
19	0.02446	0.00928	0.01265	0.00970	0.01392	0.00801	0.00801	0.02657	0.01560	0.77817	0.02151	0.01856	0.01350	0.00675	0.00548	0.00169	0.00464	0.00548	0.00675	0.00928
20	0.01409	0.01308	0.01294	0.01161	0.01444	0.08711	0.00905	0.02714	0.63893	0.02121	0.01980	0.01874	0.01505	0.00738	0.00638	0.00185	0.06212	0.00581	0.00506	0.00822
21	0.01128	0.10252	0.70886	0.01495	0.02268	0.01351	0.01912	0.01718	0.01147	0.01684	0.00957	0.01125	0.00691	0.00513	0.00502	0.00167	0.00785	0.00392	0.00230	0.00796
22	0.00707	0.00509	0.00679	0.00800	0.00857	0.00481	0.00577	0.00835	0.01095	0.01444	0.03090	0.62202	0.06714	0.01653	0.00705	0.00226	0.00352	0.16115	0.00505	0.00456
23	0.01208	0.27379	0.54456	0.01359	0.02059	0.01545	0.01675	0.01697	0.01137	0.01587	0.00909	0.01064	0.00693	0.00502	0.00465	0.00155	0.00736	0.00368	0.00231	0.00772
24	0.01030	0.00969	0.01635	0.79530	0.03755	0.01211	0.01514	0.01393	0.01090	0.01393	0.00969	0.01453	0.00727	0.00545	0.00545	0.00182	0.00727	0.00484	0.00242	0.00606
25	0.00644	0.00552	0.00552	0.00552	0.00736	0.00460	0.00414	0.00782	0.01243	0.01473	0.05523	0.05247	0.77218	0.01381	0.00644	0.00184	0.00276	0.01151	0.00506	0.00460
26	0.00772	0.00557	0.00729	0.00686	0.00814	0.00514	0.00514	0.01029	0.01543	0.02186	0.77152	0.04072	0.05144	0.01115	0.00643	0.00171	0.00257	0.00986	0.00600	0.00514

[dist]
# distance from previous block
# <min> <max>
0	0

# created by:
# /home/berkeley/.conda/envs/busco_data_prod/bin/msa2prfl.pl pipeline/OGs_align_augustus/33634/154009.fs
