[name]
unknown

[dist]
# distance from previous block
# <min> <max>
1	158

[block]
# block no. 0 follows, 38 sequences, length 28
# corresponding to MSA columns:
# 181-183,186-210
name=unknown_A
#
# <colnr> <probs for GDERKNQSTAVLIFYWHMCP>
#	G	D	E	R	K	N	Q	S	T	A	V	L	I	F	Y	W	H	M	C	P
0	0.01578	0.41473	0.02321	0.02872	0.04303	0.03838	0.00993	0.07942	0.05631	0.03734	0.01380	0.01469	0.05126	0.00607	0.00469	0.00141	0.00597	0.00443	0.00357	0.14726
1	0.01280	0.09133	0.01305	0.01038	0.03655	0.01093	0.00766	0.01888	0.21932	0.06601	0.13611	0.06721	0.02386	0.15932	0.03809	0.00286	0.00526	0.00765	0.00501	0.06773
2	0.09794	0.01624	0.09943	0.04476	0.12965	0.01569	0.01308	0.31402	0.06217	0.06001	0.03781	0.01560	0.01149	0.00698	0.00652	0.00189	0.04752	0.00537	0.00473	0.00909
3	0.06329	0.04114	0.06204	0.16030	0.14413	0.05012	0.05399	0.16789	0.15369	0.02362	0.01399	0.01573	0.01061	0.00645	0.00584	0.00188	0.00702	0.00543	0.00416	0.00867
4	0.00900	0.00564	0.00724	0.00743	0.00757	0.00569	0.00468	0.00863	0.00896	0.01205	0.01835	0.13408	0.02063	0.41017	0.09088	0.22673	0.00626	0.00873	0.00359	0.00369
5	0.01311	0.00909	0.01105	0.00954	0.01193	0.00915	0.03348	0.13146	0.06236	0.07660	0.06152	0.04943	0.13657	0.17145	0.06330	0.03035	0.00578	0.02221	0.05246	0.03916
6	0.01363	0.01038	0.01168	0.01055	0.01337	0.01129	0.00821	0.02455	0.43379	0.07993	0.23679	0.03109	0.05141	0.00974	0.00649	0.00200	0.00420	0.02635	0.00634	0.00822
7	0.00807	0.00587	0.00684	0.00696	0.00783	0.00546	0.00463	0.00924	0.01225	0.01615	0.19328	0.16461	0.21099	0.30301	0.01595	0.00348	0.00411	0.01153	0.00509	0.00465
8	0.00907	0.00611	0.00909	0.00909	0.00985	0.00688	0.00680	0.00993	0.00917	0.01299	0.01478	0.02286	0.01413	0.06634	0.54984	0.21619	0.01297	0.00622	0.00308	0.00461
9	0.01247	0.01069	0.01247	0.00891	0.01426	0.00802	0.00713	0.01515	0.01247	0.01960	0.01069	0.01247	0.00891	0.00446	0.00446	0.00089	0.00446	0.00356	0.00356	0.82536
10	0.02061	0.02394	0.01573	0.01406	0.01722	0.55530	0.01068	0.10164	0.05836	0.01838	0.01427	0.01524	0.05205	0.00699	0.00556	0.00163	0.00916	0.00481	0.04708	0.00730
11	0.01056	0.00954	0.01053	0.01032	0.01161	0.11404	0.00788	0.01250	0.01066	0.01394	0.01531	0.02271	0.01439	0.08126	0.61669	0.00831	0.01480	0.00621	0.00323	0.00550
12	0.00748	0.00593	0.00675	0.00708	0.00859	0.00520	0.00520	0.00913	0.01366	0.01724	0.15113	0.23299	0.44579	0.01575	0.00730	0.00214	0.00324	0.04453	0.00573	0.00514
13	0.01733	0.64280	0.02869	0.01131	0.01606	0.16872	0.01055	0.01919	0.01317	0.01426	0.00855	0.00988	0.00773	0.00535	0.00417	0.00134	0.00730	0.00335	0.00268	0.00757
14	0.02200	0.01463	0.01742	0.05980	0.07876	0.01560	0.01161	0.46625	0.02346	0.18391	0.01708	0.01693	0.02967	0.00725	0.00605	0.00183	0.00634	0.00572	0.00586	0.00983
15	0.07361	0.02827	0.04178	0.05004	0.23012	0.06845	0.01254	0.10451	0.12923	0.10949	0.01600	0.04696	0.01260	0.00699	0.00575	0.00184	0.00631	0.00583	0.04089	0.00877
16	0.01456	0.01396	0.02382	0.10588	0.68468	0.01421	0.01830	0.01817	0.01354	0.01925	0.01126	0.01500	0.00939	0.00542	0.00596	0.00181	0.00723	0.00536	0.00295	0.00926
17	0.01557	0.01330	0.01452	0.01367	0.05480	0.01521	0.01014	0.08513	0.64686	0.02586	0.02301	0.02143	0.01727	0.00794	0.00610	0.00201	0.00503	0.00662	0.00595	0.00958
18	0.01096	0.00993	0.00920	0.00885	0.01066	0.12402	0.00666	0.03859	0.01572	0.02008	0.30488	0.12390	0.19481	0.01246	0.00677	0.00194	0.00446	0.04151	0.04882	0.00581
19	0.01845	0.01327	0.02265	0.02158	0.20826	0.01268	0.21121	0.06276	0.01541	0.24216	0.01562	0.01757	0.01141	0.03209	0.00740	0.00199	0.02663	0.00608	0.00456	0.04821
20	0.01242	0.05266	0.24725	0.10172	0.05547	0.01345	0.25824	0.01724	0.01316	0.01815	0.01474	0.08107	0.01312	0.00747	0.00652	0.00204	0.00832	0.06596	0.00324	0.00776
21	0.83108	0.01163	0.00884	0.00791	0.01163	0.01350	0.00651	0.01768	0.01024	0.02699	0.00838	0.00977	0.00651	0.00558	0.00372	0.00186	0.00465	0.00326	0.00372	0.00651
22	0.01136	0.01069	0.01804	0.77412	0.04143	0.01337	0.01671	0.01537	0.01203	0.01537	0.01069	0.01604	0.00802	0.00601	0.00601	0.00200	0.00802	0.00535	0.00267	0.00668
23	0.01174	0.01108	0.01874	0.69383	0.11872	0.01347	0.01690	0.01571	0.01221	0.01584	0.01076	0.01591	0.00818	0.00594	0.00601	0.00198	0.00792	0.00535	0.00271	0.00699
24	0.00730	0.00605	0.00639	0.00641	0.00827	0.00514	0.00477	0.00897	0.01401	0.01720	0.14690	0.09844	0.61926	0.01507	0.00714	0.00204	0.00305	0.01272	0.00572	0.00514
25	0.05464	0.01242	0.01416	0.01075	0.01557	0.01169	0.00873	0.23024	0.03784	0.16449	0.01501	0.03070	0.01122	0.00629	0.00530	0.00145	0.00522	0.00494	0.00514	0.35419
26	0.01447	0.01227	0.01991	0.02684	0.46651	0.01208	0.04551	0.01839	0.05476	0.08401	0.06117	0.06967	0.07236	0.00771	0.00629	0.00188	0.00617	0.00721	0.00413	0.00867
27	0.04533	0.11441	0.25308	0.01522	0.07279	0.02791	0.04269	0.08567	0.01516	0.16504	0.03924	0.06958	0.01335	0.00722	0.00576	0.00184	0.00687	0.00592	0.00428	0.00864

[dist]
# distance from previous block
# <min> <max>
4	7

[block]
# block no. 1 follows, 38 sequences, length 11
# corresponding to MSA columns:
# 229-239
name=unknown_B
#
# <colnr> <probs for GDERKNQSTAVLIFYWHMCP>
#	G	D	E	R	K	N	Q	S	T	A	V	L	I	F	Y	W	H	M	C	P
0	0.01736	0.15532	0.06166	0.07350	0.05548	0.08925	0.01106	0.09385	0.11942	0.13608	0.01791	0.01892	0.05132	0.03659	0.00649	0.00190	0.00642	0.00562	0.03356	0.00827
1	0.01197	0.01026	0.01188	0.00865	0.01369	0.00775	0.00689	0.01454	0.01259	0.01929	0.01537	0.01670	0.07778	0.00546	0.00470	0.00100	0.00432	0.00441	0.00375	0.74899
2	0.01164	0.00983	0.01097	0.01014	0.01238	0.01082	0.00782	0.06708	0.27226	0.02080	0.05319	0.14449	0.24361	0.01216	0.00801	0.00214	0.07999	0.00997	0.00554	0.00715
3	0.01349	0.00765	0.00972	0.00829	0.01103	0.00664	0.00647	0.01598	0.01613	0.21254	0.38266	0.03736	0.14653	0.01071	0.00657	0.00181	0.00362	0.00918	0.00638	0.08724
4	0.01329	0.18106	0.17399	0.01528	0.02002	0.04455	0.17146	0.01686	0.01300	0.03324	0.01717	0.09555	0.05324	0.00851	0.00706	0.00196	0.06025	0.06260	0.00350	0.00740
5	0.01411	0.41920	0.38727	0.01365	0.02063	0.01898	0.01614	0.01852	0.01246	0.01655	0.00956	0.01115	0.00767	0.00543	0.00477	0.00159	0.00764	0.00382	0.00256	0.00829
6	0.00831	0.00623	0.00793	0.00892	0.01021	0.00584	0.00711	0.01026	0.01318	0.01678	0.04055	0.25946	0.24082	0.01683	0.00779	0.00247	0.00427	0.32226	0.00557	0.00523
7	0.12112	0.01423	0.01610	0.01274	0.01665	0.01587	0.01054	0.38345	0.02079	0.18758	0.01471	0.01498	0.01043	0.00757	0.00783	0.00195	0.12346	0.00527	0.00553	0.00922
8	0.01389	0.10685	0.47987	0.01682	0.02422	0.01478	0.11727	0.04614	0.01374	0.05875	0.01249	0.01577	0.00951	0.00619	0.00585	0.00189	0.00837	0.03582	0.00314	0.00863
9	0.09528	0.00784	0.00959	0.00843	0.01103	0.00727	0.00657	0.01681	0.01567	0.23989	0.33579	0.08634	0.11364	0.01096	0.00649	0.00193	0.00376	0.00932	0.00640	0.00699
10	0.01138	0.00593	0.00692	0.00709	0.00844	0.00567	0.00515	0.01351	0.01268	0.09184	0.02485	0.29392	0.02405	0.01127	0.00562	0.00182	0.00328	0.00975	0.45103	0.00580

[dist]
# distance from previous block
# <min> <max>
3	7

[block]
# block no. 2 follows, 38 sequences, length 15
# corresponding to MSA columns:
# 248-262
name=unknown_C
#
# <colnr> <probs for GDERKNQSTAVLIFYWHMCP>
#	G	D	E	R	K	N	Q	S	T	A	V	L	I	F	Y	W	H	M	C	P
0	0.01657	0.02011	0.10414	0.05222	0.28374	0.20269	0.16191	0.05165	0.01512	0.01893	0.01104	0.01393	0.00877	0.00566	0.00603	0.00180	0.00888	0.00525	0.00310	0.00846
1	0.05726	0.00586	0.00696	0.00778	0.00868	0.00554	0.00535	0.00917	0.01198	0.01649	0.07470	0.52236	0.16673	0.06138	0.00863	0.00250	0.00358	0.01464	0.00542	0.00499
2	0.06369	0.12774	0.01599	0.09849	0.03373	0.01257	0.00956	0.06212	0.08555	0.05524	0.01406	0.01853	0.01190	0.00768	0.00660	0.06331	0.00557	0.05862	0.00398	0.24508
3	0.01184	0.01144	0.01581	0.01384	0.01422	0.01541	0.01140	0.01329	0.00980	0.01462	0.01525	0.01983	0.09632	0.01566	0.11677	0.00349	0.58540	0.00630	0.00306	0.00624
4	0.01023	0.00656	0.00861	0.00815	0.00985	0.00603	0.00629	0.01288	0.01639	0.09072	0.55437	0.07256	0.08368	0.01263	0.00713	0.00200	0.00334	0.07605	0.00651	0.00603
5	0.00918	0.00704	0.00814	0.00820	0.00983	0.00674	0.00611	0.06945	0.04102	0.01903	0.12630	0.26183	0.29477	0.03970	0.00799	0.00229	0.00379	0.06722	0.00570	0.00567
6	0.01248	0.02825	0.61821	0.01873	0.02708	0.01421	0.15855	0.01909	0.01299	0.01909	0.01106	0.01338	0.00791	0.00559	0.00598	0.00193	0.00913	0.00496	0.00264	0.00874
7	0.01270	0.01101	0.01389	0.05405	0.01661	0.00913	0.04279	0.03844	0.03968	0.01995	0.01234	0.04615	0.01057	0.00541	0.00492	0.00115	0.00497	0.00459	0.00375	0.64789
8	0.11630	0.01085	0.01316	0.05758	0.01492	0.04557	0.00962	0.04686	0.03183	0.07921	0.01350	0.01843	0.01172	0.05729	0.26074	0.00481	0.19168	0.00563	0.00368	0.00660
9	0.01456	0.01396	0.02382	0.10573	0.68483	0.01421	0.01830	0.01817	0.01354	0.01925	0.01126	0.01500	0.00939	0.00542	0.00596	0.00181	0.00723	0.00536	0.00295	0.00926
10	0.20933	0.01165	0.01611	0.23049	0.18508	0.01263	0.01259	0.04388	0.01370	0.15487	0.04459	0.01630	0.01143	0.00634	0.00551	0.00188	0.00623	0.00522	0.00414	0.00800
11	0.00900	0.00716	0.01040	0.01016	0.01111	0.00855	0.00795	0.01096	0.00989	0.01420	0.01804	0.06665	0.04724	0.03827	0.60152	0.00810	0.10477	0.00717	0.00339	0.00547
12	0.01674	0.01254	0.01429	0.01055	0.01569	0.01134	0.00857	0.23536	0.01767	0.08037	0.01282	0.01368	0.00976	0.00553	0.00505	0.00124	0.00517	0.00432	0.00461	0.51469
13	0.01136	0.01069	0.01804	0.77412	0.04143	0.01337	0.01671	0.01537	0.01203	0.01537	0.01069	0.01604	0.00802	0.00601	0.00601	0.00200	0.00802	0.00535	0.00267	0.00668
14	0.01672	0.64699	0.09878	0.01098	0.01644	0.02147	0.01129	0.01917	0.01273	0.08378	0.01003	0.01095	0.00838	0.00542	0.00424	0.00140	0.00654	0.00360	0.00302	0.00807

[dist]
# distance from previous block
# <min> <max>
2	6

[block]
# block no. 3 follows, 38 sequences, length 11
# corresponding to MSA columns:
# 269-279
name=unknown_D
#
# <colnr> <probs for GDERKNQSTAVLIFYWHMCP>
#	G	D	E	R	K	N	Q	S	T	A	V	L	I	F	Y	W	H	M	C	P
0	0.01444	0.01441	0.01247	0.06269	0.01507	0.23751	0.00881	0.09162	0.01685	0.02055	0.28765	0.02810	0.04894	0.05635	0.05626	0.00252	0.00705	0.00745	0.00480	0.00647
1	0.01482	0.01301	0.08055	0.01180	0.01618	0.01098	0.04253	0.16750	0.04590	0.07364	0.03280	0.10410	0.01639	0.00964	0.03316	0.00198	0.00598	0.05799	0.00476	0.25629
2	0.83108	0.01163	0.00884	0.00791	0.01163	0.01350	0.00651	0.01768	0.01024	0.02699	0.00838	0.00977	0.00651	0.00558	0.00372	0.00186	0.00465	0.00326	0.00372	0.00651
3	0.01136	0.01069	0.01804	0.77412	0.04143	0.01337	0.01671	0.01537	0.01203	0.01537	0.01069	0.01604	0.00802	0.00601	0.00601	0.00200	0.00802	0.00535	0.00267	0.00668
4	0.00922	0.00637	0.00762	0.00724	0.00909	0.00562	0.00545	0.01138	0.01537	0.07391	0.37289	0.09102	0.33559	0.01352	0.00706	0.00198	0.00313	0.01163	0.00620	0.00572
5	0.01187	0.01095	0.01827	0.48290	0.21069	0.01256	0.01593	0.01552	0.01259	0.01668	0.01398	0.05616	0.01249	0.00750	0.00630	0.00205	0.00735	0.07587	0.00317	0.00718
6	0.00842	0.00615	0.00790	0.00746	0.00893	0.00563	0.00560	0.01116	0.01680	0.02357	0.69957	0.04585	0.10542	0.01250	0.00710	0.00190	0.00285	0.01101	0.00655	0.00563
7	0.01357	0.11268	0.08045	0.29470	0.18298	0.06953	0.07758	0.01720	0.01299	0.01671	0.01193	0.06106	0.01028	0.00645	0.00586	0.00186	0.00782	0.00577	0.00295	0.00763
8	0.00843	0.00650	0.00883	0.01011	0.05450	0.00609	0.00666	0.01005	0.01203	0.01647	0.07819	0.49077	0.07746	0.01914	0.09349	0.00303	0.00516	0.01333	0.00506	0.07470
9	0.01259	0.01249	0.11261	0.05909	0.09390	0.01052	0.01093	0.06084	0.13395	0.06352	0.15342	0.13409	0.06887	0.03706	0.00734	0.00213	0.00530	0.00874	0.00507	0.00753
10	0.11320	0.23689	0.05963	0.12487	0.15950	0.09019	0.01303	0.04956	0.01369	0.04890	0.01106	0.01421	0.00916	0.00602	0.00511	0.00170	0.00707	0.02504	0.00329	0.00791

[dist]
# distance from previous block
# <min> <max>
0	40

[block]
# block no. 4 follows, 38 sequences, length 15
# corresponding to MSA columns:
# 320-334
name=unknown_E
#
# <colnr> <probs for GDERKNQSTAVLIFYWHMCP>
#	G	D	E	R	K	N	Q	S	T	A	V	L	I	F	Y	W	H	M	C	P
0	0.06709	0.01187	0.03265	0.04621	0.06087	0.01148	0.03558	0.05204	0.05161	0.11708	0.01348	0.01558	0.01056	0.01004	0.08034	0.00240	0.09295	0.00493	0.00408	0.27917
1	0.01706	0.07746	0.01591	0.05885	0.01750	0.07150	0.01020	0.11927	0.41795	0.07102	0.01967	0.01898	0.01469	0.00743	0.00579	0.00188	0.00575	0.00593	0.03416	0.00901
2	0.01283	0.01219	0.02070	0.46691	0.33715	0.01375	0.01744	0.01666	0.01272	0.01716	0.01095	0.01556	0.00865	0.00574	0.00599	0.00191	0.00766	0.00535	0.00280	0.00787
3	0.01191	0.01100	0.01792	0.17216	0.30763	0.01117	0.05132	0.01509	0.01332	0.01807	0.04363	0.07318	0.11219	0.00871	0.00644	0.00195	0.00631	0.06554	0.00378	0.04866
4	0.01818	0.11891	0.17207	0.06275	0.02127	0.01493	0.08470	0.18004	0.03125	0.17734	0.03166	0.03416	0.01201	0.00681	0.00585	0.00183	0.00699	0.00565	0.00465	0.00895
5	0.00764	0.00546	0.00734	0.00873	0.00922	0.00516	0.00613	0.00892	0.01183	0.01571	0.03298	0.68998	0.03911	0.01855	0.00776	0.00249	0.00376	0.10870	0.00558	0.00497
6	0.00861	0.00609	0.00818	0.00938	0.01017	0.00595	0.00723	0.01031	0.01223	0.01609	0.03068	0.35521	0.03504	0.11949	0.01100	0.00304	0.00475	0.33623	0.00531	0.00502
7	0.00990	0.01082	0.09902	0.17292	0.11326	0.00910	0.01142	0.01297	0.01330	0.01807	0.15926	0.21945	0.10410	0.01129	0.00671	0.00206	0.00537	0.01003	0.00448	0.00649
8	0.12289	0.01569	0.13669	0.05058	0.33116	0.01310	0.07609	0.01888	0.01310	0.09362	0.01263	0.01614	0.01006	0.05550	0.00730	0.00211	0.00709	0.00537	0.00349	0.00851
9	0.00896	0.00625	0.00844	0.00949	0.01059	0.00609	0.00764	0.01125	0.01352	0.01834	0.12603	0.26721	0.03780	0.01607	0.00771	0.00247	0.00442	0.37470	0.05765	0.00537
10	0.30417	0.01112	0.01244	0.00993	0.01427	0.01104	0.00820	0.06787	0.01548	0.46045	0.01787	0.01642	0.01172	0.00679	0.00524	0.00186	0.00505	0.00505	0.00607	0.00895
11	0.01627	0.05809	0.30005	0.01597	0.05944	0.01416	0.06065	0.13883	0.08302	0.11955	0.01579	0.06436	0.01226	0.00717	0.00598	0.00190	0.00716	0.00600	0.00435	0.00902
12	0.00959	0.01074	0.10907	0.10604	0.01622	0.00917	0.01020	0.02998	0.01230	0.01654	0.02794	0.34706	0.12919	0.01364	0.00851	0.00228	0.09498	0.03604	0.00448	0.00602
13	0.00756	0.00619	0.00672	0.00682	0.00871	0.00535	0.00527	0.00937	0.01410	0.01734	0.13593	0.05753	0.59014	0.01506	0.00724	0.00210	0.00330	0.09037	0.00570	0.00520
14	0.01241	0.06135	0.11353	0.06052	0.04466	0.01050	0.04450	0.01577	0.01266	0.01871	0.01370	0.01558	0.05351	0.00548	0.00503	0.00128	0.00567	0.00456	0.00339	0.49718

[dist]
# distance from previous block
# <min> <max>
0	1

[block]
# block no. 5 follows, 38 sequences, length 20
# corresponding to MSA columns:
# 336-355
name=unknown_F
#
# <colnr> <probs for GDERKNQSTAVLIFYWHMCP>
#	G	D	E	R	K	N	Q	S	T	A	V	L	I	F	Y	W	H	M	C	P
0	0.04330	0.01783	0.08128	0.03728	0.34938	0.12488	0.06495	0.10447	0.04901	0.05173	0.01241	0.01459	0.00967	0.00594	0.00589	0.00180	0.00772	0.00522	0.00367	0.00897
1	0.00884	0.00641	0.00797	0.00882	0.00967	0.00636	0.00611	0.04594	0.06791	0.01751	0.03101	0.65683	0.03568	0.01697	0.00733	0.00234	0.00371	0.01526	0.03980	0.00553
2	0.01553	0.01652	0.02258	0.01802	0.06044	0.14942	0.26616	0.04226	0.05397	0.01931	0.01177	0.01427	0.00933	0.00554	0.00632	0.00162	0.03458	0.00527	0.00345	0.24363
3	0.07827	0.04420	0.04646	0.01105	0.01478	0.04846	0.00931	0.32885	0.01999	0.02700	0.06454	0.06081	0.18316	0.00978	0.00616	0.00189	0.00557	0.02654	0.00532	0.00785
4	0.01136	0.01069	0.01804	0.77412	0.04143	0.01337	0.01671	0.01537	0.01203	0.01537	0.01069	0.01604	0.00802	0.00601	0.00601	0.00200	0.00802	0.00535	0.00267	0.00668
5	0.01440	0.01421	0.10555	0.02430	0.38380	0.01203	0.02998	0.01883	0.06343	0.09557	0.05186	0.05737	0.08678	0.00771	0.00622	0.00189	0.00628	0.00698	0.00414	0.00867
6	0.01415	0.13411	0.13627	0.07669	0.10468	0.01388	0.07657	0.07231	0.05733	0.06214	0.12563	0.06654	0.01869	0.00772	0.00600	0.00184	0.00648	0.00673	0.00421	0.00802
7	0.01136	0.01069	0.01804	0.77412	0.04143	0.01337	0.01671	0.01537	0.01203	0.01537	0.01069	0.01604	0.00802	0.00601	0.00601	0.00200	0.00802	0.00535	0.00267	0.00668
8	0.00835	0.04321	0.00939	0.01025	0.06553	0.00657	0.00664	0.00980	0.01235	0.01623	0.07282	0.53871	0.14529	0.01627	0.00725	0.00225	0.00380	0.01455	0.00530	0.00545
9	0.01582	0.02029	0.30965	0.01667	0.06130	0.05254	0.11349	0.05769	0.01503	0.15463	0.04710	0.04494	0.04897	0.00722	0.00617	0.00191	0.00754	0.00628	0.00417	0.00858
10	0.01427	0.01398	0.08412	0.13818	0.22358	0.03107	0.13728	0.01805	0.01396	0.09829	0.07405	0.02051	0.04851	0.00884	0.04689	0.00232	0.00776	0.00646	0.00382	0.00806
11	0.01332	0.02158	0.43329	0.07727	0.05743	0.01191	0.01741	0.01850	0.01343	0.10461	0.01767	0.02404	0.04630	0.00794	0.00623	0.00203	0.00754	0.10753	0.00372	0.00824
12	0.01923	0.01228	0.05152	0.05842	0.16645	0.01106	0.04699	0.08426	0.01614	0.32843	0.02110	0.09199	0.04821	0.00816	0.00626	0.00192	0.00599	0.00714	0.00545	0.00899
13	0.01494	0.06140	0.29261	0.02054	0.21751	0.01298	0.04803	0.01948	0.01404	0.12642	0.06978	0.01914	0.01412	0.00676	0.00600	0.00187	0.00719	0.03456	0.00383	0.00878
14	0.01513	0.05842	0.24753	0.05699	0.05001	0.01236	0.09845	0.01933	0.01390	0.16888	0.04986	0.04829	0.01545	0.00801	0.00685	0.00201	0.03938	0.07673	0.00422	0.00820
15	0.01938	0.07369	0.10929	0.05711	0.10978	0.01290	0.07244	0.05568	0.01523	0.32021	0.01681	0.04126	0.01215	0.00705	0.00671	0.00189	0.04854	0.00589	0.00492	0.00906
16	0.01558	0.01904	0.28323	0.05055	0.26789	0.01284	0.01705	0.02077	0.05109	0.14916	0.01539	0.03201	0.02529	0.00649	0.00595	0.00188	0.00717	0.00561	0.00386	0.00914
17	0.01788	0.01437	0.08322	0.06403	0.10607	0.06856	0.10995	0.04235	0.02943	0.24982	0.01925	0.08654	0.02725	0.00815	0.00638	0.00197	0.00688	0.04453	0.00490	0.00846
18	0.01549	0.04489	0.12237	0.04386	0.16833	0.01254	0.04680	0.07641	0.08022	0.13234	0.01701	0.08974	0.01419	0.01131	0.08082	0.00266	0.00746	0.00666	0.00438	0.02251
19	0.01963	0.05039	0.14894	0.01729	0.12972	0.02882	0.07000	0.07839	0.04634	0.30324	0.01723	0.03608	0.01229	0.00681	0.00599	0.00186	0.00673	0.00584	0.00504	0.00938

[dist]
# distance from previous block
# <min> <max>
3	49

[block]
# block no. 6 follows, 38 sequences, length 13
# corresponding to MSA columns:
# 405-417
name=unknown_G
#
# <colnr> <probs for GDERKNQSTAVLIFYWHMCP>
#	G	D	E	R	K	N	Q	S	T	A	V	L	I	F	Y	W	H	M	C	P
0	0.09159	0.01406	0.01590	0.01420	0.08368	0.05140	0.01051	0.25692	0.07885	0.26874	0.01713	0.01648	0.01188	0.00692	0.00575	0.00180	0.00599	0.00541	0.00579	0.03699
1	0.11870	0.01327	0.01640	0.08570	0.08618	0.01442	0.04122	0.20534	0.18090	0.13422	0.01699	0.03305	0.01260	0.00714	0.00584	0.00191	0.00600	0.00586	0.00524	0.00902
2	0.30075	0.01284	0.01322	0.01058	0.01495	0.01359	0.00867	0.22748	0.06183	0.18346	0.01459	0.01442	0.01031	0.00651	0.00510	0.00177	0.00531	0.00472	0.00531	0.08462
3	0.14565	0.01636	0.01697	0.08741	0.14547	0.14997	0.01206	0.22836	0.01825	0.08724	0.02862	0.01448	0.01030	0.00648	0.00557	0.00179	0.00709	0.00496	0.00444	0.00852
4	0.20216	0.01529	0.01487	0.07916	0.08571	0.14145	0.01075	0.18665	0.05745	0.02506	0.08007	0.01844	0.01445	0.00731	0.00559	0.00185	0.00657	0.03489	0.00447	0.00781
5	0.01571	0.01402	0.02166	0.03091	0.58254	0.05474	0.01613	0.01900	0.01448	0.07961	0.07970	0.01787	0.01419	0.00621	0.00604	0.00179	0.00679	0.00584	0.00368	0.00909
6	0.01554	0.01450	0.02390	0.03505	0.69149	0.01465	0.01789	0.07641	0.01488	0.02114	0.01157	0.01485	0.00959	0.00551	0.00596	0.00179	0.00710	0.00536	0.00323	0.00959
7	0.01598	0.01401	0.02400	0.03391	0.64656	0.01383	0.05329	0.01951	0.01405	0.08795	0.01251	0.01548	0.01001	0.00554	0.00602	0.00181	0.00711	0.00551	0.00340	0.00952
8	0.65206	0.01222	0.01226	0.01427	0.17381	0.01367	0.00914	0.01785	0.01100	0.02538	0.00902	0.01089	0.00718	0.00554	0.00421	0.00185	0.00520	0.00372	0.00356	0.00718
9	0.08413	0.01340	0.02140	0.10035	0.55441	0.01356	0.01624	0.01780	0.01313	0.01988	0.01095	0.01434	0.00907	0.00536	0.00563	0.00173	0.00677	0.00501	0.00307	0.08375
10	0.01489	0.01429	0.02442	0.03692	0.75106	0.01429	0.01846	0.01846	0.01370	0.01965	0.01132	0.01489	0.00953	0.00536	0.00596	0.00179	0.00715	0.00536	0.00298	0.00953
11	0.10936	0.01382	0.02231	0.06814	0.63203	0.01416	0.01699	0.01823	0.01322	0.02030	0.01095	0.01435	0.00911	0.00542	0.00570	0.00181	0.00690	0.00512	0.00305	0.00905
12	0.62660	0.01173	0.01173	0.13161	0.08427	0.01355	0.00922	0.01739	0.01084	0.02448	0.00901	0.01123	0.00703	0.00563	0.00429	0.00188	0.00541	0.00378	0.00349	0.00682

[dist]
# distance from previous block
# <min> <max>
0	3

# created by:
# /home/berkeley/.conda/envs/busco_data_prod/bin/msa2prfl.pl pipeline/OGs_align_augustus/33634/154049.fs
