[name]
unknown

[dist]
# distance from previous block
# <min> <max>
0	375

[block]
# block no. 0 follows, 44 sequences, length 16
# corresponding to MSA columns:
# 416-431
name=unknown_A
#
# <colnr> <probs for GDERKNQSTAVLIFYWHMCP>
#	G	D	E	R	K	N	Q	S	T	A	V	L	I	F	Y	W	H	M	C	P
0	0.00920	0.00697	0.01021	0.01268	0.10288	0.00694	0.00947	0.01168	0.01238	0.01632	0.02671	0.10983	0.02898	0.01398	0.00723	0.00238	0.00506	0.59694	0.00474	0.00541
1	0.05050	0.01385	0.01469	0.01174	0.01572	0.01538	0.00954	0.49159	0.23308	0.03003	0.01531	0.01490	0.01117	0.00662	0.00534	0.00166	0.00537	0.00512	0.00531	0.04307
2	0.01774	0.01746	0.01331	0.01179	0.01468	0.37482	0.00903	0.09458	0.13155	0.10942	0.04994	0.07129	0.04579	0.00751	0.00541	0.00162	0.00689	0.00575	0.00436	0.00707
3	0.05070	0.32168	0.23397	0.01411	0.01980	0.01665	0.16968	0.08248	0.01279	0.01745	0.00940	0.01116	0.00739	0.00498	0.00475	0.00153	0.00710	0.00414	0.00274	0.00752
4	0.01186	0.12965	0.51106	0.01639	0.02342	0.01410	0.18450	0.01718	0.01176	0.01672	0.00977	0.01186	0.00723	0.00498	0.00524	0.00168	0.00802	0.00442	0.00241	0.00776
5	0.00657	0.00503	0.00603	0.00683	0.00771	0.00449	0.00472	0.00768	0.01117	0.01422	0.03932	0.52789	0.30703	0.01588	0.00677	0.00208	0.00302	0.01403	0.00506	0.00449
6	0.01292	0.01148	0.01790	0.49528	0.14336	0.01325	0.04653	0.15916	0.01408	0.01864	0.01049	0.01410	0.00791	0.00554	0.00549	0.00175	0.00699	0.00493	0.00307	0.00712
7	0.01510	0.16897	0.02538	0.01646	0.02114	0.04113	0.38271	0.01930	0.06868	0.13586	0.01345	0.04420	0.01047	0.00566	0.00561	0.00168	0.00726	0.00582	0.00360	0.00753
8	0.01050	0.00960	0.01525	0.64238	0.03274	0.01174	0.01389	0.01528	0.09048	0.01508	0.01272	0.01935	0.01041	0.00652	0.00565	0.00188	0.00676	0.07056	0.00298	0.00623
9	0.00975	0.00780	0.00849	0.00806	0.02937	0.00755	0.00609	0.15114	0.03834	0.01924	0.08112	0.04286	0.50678	0.01193	0.00626	0.00183	0.00363	0.04887	0.00514	0.00577
10	0.01244	0.00994	0.01486	0.44373	0.02660	0.01194	0.01236	0.09243	0.01248	0.08436	0.01322	0.10950	0.01149	0.00763	0.00729	0.00191	0.11174	0.00618	0.00344	0.00648
11	0.01153	0.10339	0.01083	0.00865	0.01050	0.00807	0.00667	0.01419	0.07906	0.15092	0.02504	0.44876	0.02649	0.01274	0.00619	0.00198	0.00397	0.05992	0.00507	0.00602
12	0.00686	0.00509	0.00646	0.00741	0.00816	0.00468	0.00527	0.00812	0.01123	0.01460	0.05962	0.54977	0.18415	0.01601	0.00690	0.00215	0.00326	0.09063	0.00509	0.00455
13	0.03080	0.35157	0.13916	0.10787	0.02130	0.06919	0.15693	0.03603	0.01211	0.01536	0.00904	0.01121	0.00730	0.00494	0.00470	0.00150	0.00724	0.00409	0.00256	0.00710
14	0.01817	0.02092	0.01693	0.01442	0.01774	0.47680	0.09969	0.08572	0.16200	0.01749	0.01182	0.01275	0.00924	0.00592	0.00527	0.00156	0.00835	0.00450	0.00356	0.00715
15	0.01398	0.35554	0.22556	0.01419	0.01969	0.10977	0.15756	0.01745	0.01207	0.01496	0.00893	0.01077	0.00722	0.00490	0.00468	0.00147	0.00755	0.00397	0.00246	0.00726

[dist]
# distance from previous block
# <min> <max>
0	1

[block]
# block no. 1 follows, 44 sequences, length 51
# corresponding to MSA columns:
# 433-483
name=unknown_B
#
# <colnr> <probs for GDERKNQSTAVLIFYWHMCP>
#	G	D	E	R	K	N	Q	S	T	A	V	L	I	F	Y	W	H	M	C	P
0	0.00960	0.00996	0.00787	0.00752	0.00951	0.17395	0.00564	0.01112	0.01342	0.01524	0.12660	0.04190	0.52452	0.01173	0.00611	0.00173	0.00427	0.00959	0.00468	0.00504
1	0.01030	0.00969	0.01635	0.79530	0.03755	0.01211	0.01514	0.01393	0.01090	0.01393	0.00969	0.01453	0.00727	0.00545	0.00545	0.00182	0.00727	0.00484	0.00242	0.00606
2	0.00968	0.00764	0.00807	0.00720	0.00952	0.00733	0.00560	0.17013	0.01563	0.01980	0.12840	0.04259	0.52420	0.01193	0.00623	0.00178	0.00344	0.00989	0.00526	0.00568
3	0.00940	0.00676	0.00894	0.00974	0.01107	0.00684	0.00812	0.07795	0.01328	0.01743	0.02769	0.21805	0.03039	0.01473	0.00722	0.00237	0.00471	0.51498	0.00507	0.00528
4	0.01050	0.00960	0.01586	0.41697	0.23206	0.01076	0.01340	0.01362	0.01178	0.01588	0.09779	0.09927	0.01561	0.00714	0.00570	0.00179	0.00610	0.00652	0.00317	0.00649
5	0.10622	0.01405	0.01651	0.01261	0.01696	0.01514	0.07703	0.53025	0.02165	0.11560	0.01328	0.01341	0.00931	0.00624	0.00533	0.00167	0.00595	0.00491	0.00514	0.00875
6	0.01264	0.49882	0.12220	0.00998	0.01407	0.05069	0.00988	0.01480	0.01119	0.01367	0.01277	0.18151	0.01328	0.00746	0.00453	0.00148	0.00572	0.00581	0.00294	0.00655
7	0.00723	0.00613	0.00717	0.00738	0.03826	0.00540	0.01947	0.00922	0.02638	0.01622	0.16525	0.04799	0.58053	0.01277	0.00641	0.00183	0.00309	0.02920	0.00508	0.00498
8	0.05020	0.23318	0.04460	0.08647	0.02214	0.01572	0.31255	0.01819	0.11229	0.01678	0.01117	0.01339	0.00878	0.00522	0.00554	0.00166	0.02688	0.00503	0.00299	0.00723
9	0.01184	0.18356	0.01823	0.48613	0.02816	0.01418	0.01265	0.04681	0.08001	0.01571	0.04445	0.01491	0.01011	0.00576	0.00508	0.00167	0.00643	0.00477	0.00297	0.00659
10	0.00781	0.00949	0.11333	0.00918	0.01203	0.00670	0.09100	0.01015	0.01203	0.01525	0.03999	0.16587	0.46218	0.01214	0.00636	0.00189	0.00427	0.01058	0.00443	0.00535
11	0.01520	0.12270	0.05000	0.07117	0.32047	0.22531	0.02553	0.01883	0.06976	0.01603	0.01026	0.01239	0.00842	0.00528	0.00504	0.00154	0.00730	0.00432	0.00286	0.00758
12	0.01162	0.01068	0.01551	0.18259	0.01875	0.01423	0.01184	0.01336	0.00940	0.04548	0.01038	0.08458	0.01006	0.00922	0.01369	0.00222	0.52180	0.00579	0.00282	0.00598
13	0.01162	0.05749	0.55289	0.01769	0.05771	0.01329	0.17855	0.01724	0.01183	0.01715	0.00998	0.01217	0.00728	0.00502	0.00539	0.00172	0.00814	0.00454	0.00242	0.00789
14	0.01651	0.01446	0.06251	0.01326	0.01715	0.01494	0.08771	0.42969	0.07524	0.02655	0.01650	0.01714	0.07843	0.00732	0.00704	0.00178	0.09531	0.00569	0.00461	0.00816
15	0.01375	0.03386	0.22649	0.15441	0.02363	0.13551	0.14322	0.05802	0.01317	0.05334	0.02997	0.03708	0.00966	0.00601	0.00599	0.00173	0.03885	0.00512	0.00305	0.00714
16	0.12881	0.04930	0.01513	0.01317	0.08373	0.05192	0.00978	0.31346	0.19893	0.06039	0.01420	0.01421	0.01052	0.00628	0.00508	0.00166	0.00551	0.00481	0.00474	0.00837
17	0.01277	0.01338	0.02658	0.02318	0.18726	0.01297	0.47609	0.04923	0.01301	0.01787	0.01258	0.08586	0.01089	0.00599	0.00649	0.00183	0.02674	0.00681	0.00306	0.00742
18	0.01165	0.01187	0.03915	0.42614	0.16299	0.01272	0.15875	0.01645	0.07468	0.01613	0.01110	0.01480	0.00848	0.00534	0.00563	0.00179	0.00727	0.00525	0.00279	0.00703
19	0.03506	0.11484	0.33862	0.01728	0.13713	0.04773	0.09217	0.01852	0.01241	0.11958	0.01119	0.01263	0.00820	0.00524	0.00513	0.00163	0.00719	0.00442	0.00306	0.00798
20	0.01076	0.01562	0.25110	0.40065	0.11351	0.01224	0.01626	0.01495	0.01112	0.01535	0.01058	0.04859	0.00859	0.00600	0.00598	0.00181	0.04240	0.00507	0.00253	0.00688
21	0.00705	0.00571	0.00629	0.00625	0.00787	0.00507	0.00464	0.00923	0.04253	0.01669	0.22439	0.11651	0.50201	0.01321	0.00645	0.00184	0.00281	0.01126	0.00531	0.00488
22	0.01335	0.01544	0.10581	0.16512	0.47991	0.09310	0.01619	0.01682	0.01236	0.01659	0.00991	0.01308	0.00803	0.00508	0.00533	0.00164	0.00714	0.00462	0.00262	0.00787
23	0.01223	0.05705	0.51044	0.01329	0.01957	0.01188	0.01568	0.01850	0.09050	0.08707	0.09785	0.01623	0.01354	0.00620	0.00531	0.00171	0.00664	0.00499	0.00346	0.00785
24	0.01615	0.01946	0.01265	0.01206	0.01411	0.54637	0.00885	0.01742	0.01391	0.01352	0.01507	0.25395	0.01594	0.00914	0.00554	0.00165	0.00778	0.00719	0.00350	0.00574
25	0.01328	0.01847	0.21709	0.03682	0.13618	0.17564	0.12343	0.01677	0.01270	0.03534	0.02898	0.11225	0.02463	0.00698	0.00579	0.00173	0.01760	0.00614	0.00312	0.00706
26	0.01266	0.13090	0.51531	0.01523	0.02216	0.01443	0.10041	0.09389	0.01307	0.01846	0.00997	0.01166	0.00732	0.00519	0.00512	0.00165	0.00767	0.00424	0.00268	0.00796
27	0.01322	0.01324	0.02381	0.02946	0.54407	0.01347	0.17604	0.01656	0.01214	0.01731	0.01014	0.01361	0.00842	0.00523	0.00675	0.00174	0.07878	0.00519	0.00268	0.00812
28	0.00703	0.00530	0.00650	0.00671	0.00786	0.00477	0.00484	0.00878	0.01307	0.01744	0.34528	0.27861	0.24651	0.01371	0.00660	0.00190	0.00281	0.01205	0.00545	0.00477
29	0.01498	0.01577	0.02068	0.02926	0.61039	0.18043	0.01539	0.01782	0.01307	0.01684	0.00986	0.01270	0.00829	0.00502	0.00529	0.00157	0.00720	0.00457	0.00272	0.00813
30	0.00763	0.00596	0.00872	0.17832	0.01462	0.00626	0.00756	0.00933	0.01081	0.01427	0.03911	0.55669	0.02971	0.01428	0.00667	0.00214	0.00420	0.07436	0.00450	0.00484
31	0.11352	0.02313	0.01471	0.01311	0.01615	0.61937	0.00999	0.09739	0.01581	0.01678	0.00882	0.01006	0.00713	0.00565	0.00480	0.00146	0.00880	0.00359	0.00315	0.00658
32	0.01149	0.01056	0.01713	0.02472	0.52536	0.01037	0.01292	0.01438	0.01300	0.01822	0.16365	0.02404	0.10339	0.00727	0.00575	0.00168	0.00527	0.01970	0.00365	0.00744
33	0.01217	0.01292	0.02584	0.18989	0.09646	0.01295	0.46113	0.01682	0.04593	0.01716	0.04505	0.01597	0.01038	0.00522	0.00609	0.00181	0.00802	0.00609	0.00295	0.00715
34	0.00664	0.00474	0.00633	0.00759	0.00791	0.00443	0.00506	0.00759	0.01044	0.01392	0.03005	0.80485	0.03606	0.01708	0.00696	0.00221	0.00316	0.01550	0.00506	0.00443
35	0.01130	0.00969	0.01130	0.00807	0.01292	0.00727	0.00646	0.01373	0.01130	0.01776	0.00969	0.01130	0.00807	0.00404	0.00404	0.00081	0.00404	0.00323	0.00323	0.84173
36	0.00794	0.00570	0.00837	0.00837	0.00917	0.00650	0.00632	0.00935	0.00855	0.01220	0.01441	0.02230	0.01384	0.10855	0.65380	0.07834	0.01293	0.00594	0.00291	0.00452
37	0.00664	0.00474	0.00633	0.00759	0.00791	0.00443	0.00506	0.00759	0.01044	0.01392	0.03005	0.80485	0.03606	0.01708	0.00696	0.00221	0.00316	0.01550	0.00506	0.00443
38	0.00772	0.00557	0.00729	0.00686	0.00814	0.00514	0.00514	0.01029	0.01543	0.02186	0.77152	0.04072	0.05144	0.01115	0.00643	0.00171	0.00257	0.00986	0.00600	0.00514
39	0.38207	0.00993	0.01070	0.00865	0.01250	0.00999	0.00713	0.03402	0.01302	0.43813	0.01532	0.01425	0.01012	0.00601	0.00456	0.00169	0.00448	0.00437	0.00526	0.00781
40	0.02028	0.02331	0.01557	0.01365	0.01680	0.60083	0.01045	0.18095	0.03613	0.01813	0.00978	0.01080	0.00775	0.00586	0.00505	0.00147	0.00887	0.00388	0.00345	0.00702
41	0.00731	0.00556	0.00673	0.00644	0.00790	0.00497	0.00483	0.00951	0.01448	0.01961	0.54545	0.04443	0.27891	0.01199	0.00643	0.00175	0.00263	0.01038	0.00571	0.00497
42	0.01019	0.00916	0.09011	0.00932	0.01211	0.00694	0.07473	0.01309	0.01432	0.10502	0.42174	0.03476	0.15668	0.00987	0.00620	0.00174	0.00400	0.00872	0.00525	0.00602
43	0.01093	0.02820	0.78016	0.01554	0.02360	0.01266	0.02014	0.01727	0.01151	0.01727	0.00978	0.01151	0.00691	0.00518	0.00518	0.00173	0.00806	0.00403	0.00230	0.00806
44	0.00705	0.00555	0.00636	0.00616	0.00774	0.00486	0.00462	0.00900	0.01386	0.01812	0.39576	0.04688	0.42954	0.01254	0.00644	0.00178	0.00267	0.01072	0.00551	0.00486
45	0.00667	0.00487	0.00628	0.00733	0.00786	0.00448	0.00496	0.00774	0.01088	0.01436	0.06584	0.68612	0.11967	0.01645	0.00688	0.00215	0.00309	0.01480	0.00510	0.00448
46	0.01363	0.24841	0.30320	0.09411	0.02083	0.02482	0.03663	0.11866	0.01340	0.02764	0.00976	0.01140	0.00747	0.00520	0.00475	0.00152	0.00688	0.00396	0.00288	0.04483
47	0.04271	0.00751	0.01000	0.01057	0.07939	0.00713	0.00736	0.01207	0.01224	0.05411	0.18273	0.22420	0.02779	0.01082	0.00654	0.00181	0.03929	0.10616	0.00462	0.15296
48	0.03247	0.25343	0.29039	0.01125	0.01691	0.01371	0.01230	0.01650	0.03041	0.04471	0.01003	0.01151	0.00795	0.00648	0.03915	0.00168	0.00650	0.00369	0.00281	0.18810
49	0.03152	0.23910	0.04800	0.00934	0.01287	0.06185	0.00825	0.03619	0.04354	0.20083	0.21138	0.02048	0.02074	0.00714	0.00504	0.00152	0.00488	0.00566	0.02455	0.00712
50	0.01172	0.21288	0.58347	0.01386	0.02095	0.01458	0.01722	0.01687	0.01150	0.01633	0.02798	0.01157	0.00802	0.00520	0.00481	0.00159	0.00740	0.00391	0.00240	0.00773

[dist]
# distance from previous block
# <min> <max>
1	12

[block]
# block no. 2 follows, 44 sequences, length 176
# corresponding to MSA columns:
# 496-671
name=unknown_C
#
# <colnr> <probs for GDERKNQSTAVLIFYWHMCP>
#	G	D	E	R	K	N	Q	S	T	A	V	L	I	F	Y	W	H	M	C	P
0	0.01222	0.17410	0.40686	0.01663	0.02326	0.01471	0.24329	0.01715	0.01184	0.01648	0.00974	0.01196	0.00734	0.00490	0.00524	0.00165	0.00798	0.00455	0.00245	0.00764
1	0.01479	0.72866	0.04565	0.00957	0.01423	0.02058	0.00953	0.04649	0.01185	0.02885	0.02329	0.00981	0.00809	0.00492	0.00372	0.00122	0.00580	0.00321	0.00262	0.00712
2	0.63925	0.01408	0.04511	0.00878	0.01224	0.15388	0.00738	0.01696	0.01058	0.02189	0.00884	0.01007	0.02215	0.00535	0.00380	0.00164	0.00539	0.00328	0.00326	0.00605
3	0.10132	0.13075	0.01371	0.00934	0.01276	0.01064	0.00779	0.08720	0.01421	0.35193	0.01901	0.14295	0.01599	0.00837	0.00532	0.00174	0.00469	0.04945	0.00525	0.00757
4	0.06148	0.01021	0.01267	0.00990	0.01396	0.02718	0.00812	0.08383	0.04062	0.62564	0.03557	0.01799	0.01355	0.00674	0.00539	0.00168	0.00480	0.00539	0.00634	0.00894
5	0.05258	0.01137	0.01598	0.03151	0.13650	0.02667	0.11477	0.02141	0.28356	0.10703	0.06246	0.05211	0.01639	0.00726	0.00571	0.00181	0.00542	0.03507	0.00461	0.00778
6	0.01389	0.64804	0.06067	0.00942	0.01427	0.01889	0.00937	0.01596	0.01113	0.01382	0.00802	0.00928	0.00716	0.00459	0.00366	0.00114	0.00565	0.00302	0.00247	0.13957
7	0.01039	0.00878	0.08485	0.00832	0.01088	0.00687	0.00721	0.01399	0.06485	0.11086	0.42520	0.03344	0.11453	0.01126	0.04225	0.00204	0.00409	0.00834	0.00538	0.02647
8	0.05332	0.65320	0.08612	0.01002	0.01481	0.05270	0.01011	0.04084	0.01169	0.01444	0.00797	0.00916	0.00701	0.00483	0.00375	0.00126	0.00611	0.00310	0.00250	0.00708
9	0.01996	0.05729	0.01463	0.01331	0.13414	0.00970	0.00926	0.06041	0.01507	0.48602	0.06593	0.05928	0.01567	0.00713	0.00549	0.00167	0.00487	0.00600	0.00564	0.00853
10	0.10389	0.01369	0.02059	0.01674	0.06452	0.10351	0.32291	0.03395	0.05464	0.08855	0.04264	0.03605	0.04693	0.00633	0.00574	0.00176	0.00706	0.01967	0.00373	0.00712
11	0.01091	0.01289	0.13745	0.60944	0.03357	0.01226	0.01543	0.04886	0.01169	0.01553	0.00986	0.01388	0.00733	0.00541	0.00536	0.00176	0.00723	0.00467	0.00257	0.03388
12	0.02978	0.01211	0.04300	0.08375	0.45444	0.01201	0.02578	0.07682	0.03856	0.01802	0.01190	0.01716	0.01052	0.13272	0.00893	0.00223	0.00628	0.00535	0.00310	0.00755
13	0.44529	0.05040	0.13243	0.00943	0.01345	0.01252	0.00891	0.01880	0.15882	0.03890	0.01198	0.01341	0.00928	0.00584	0.00426	0.00171	0.00489	0.02178	0.03105	0.00686
14	0.01224	0.01448	0.14091	0.15560	0.48052	0.01237	0.02862	0.01603	0.01218	0.01728	0.04977	0.01479	0.01036	0.00533	0.00544	0.00168	0.00670	0.00501	0.00276	0.00791
15	0.17846	0.01389	0.01424	0.01117	0.01520	0.01546	0.00920	0.58000	0.02184	0.03181	0.01225	0.01261	0.00884	0.00625	0.00498	0.00163	0.00550	0.00454	0.04368	0.00843
16	0.02017	0.00831	0.01121	0.00893	0.01238	0.00727	0.00724	0.02240	0.01547	0.58211	0.19983	0.02387	0.02253	0.00779	0.00567	0.00168	0.00410	0.00652	0.02431	0.00821
17	0.00762	0.00557	0.00715	0.00675	0.00808	0.00510	0.00506	0.01009	0.01519	0.02130	0.71485	0.04165	0.10846	0.01136	0.00643	0.00172	0.00259	0.00999	0.00593	0.00510
18	0.00712	0.00568	0.00646	0.00665	0.00828	0.00503	0.00524	0.00891	0.01292	0.01617	0.16211	0.05245	0.50937	0.01364	0.00666	0.00196	0.00319	0.15820	0.00520	0.00477
19	0.01368	0.01234	0.01948	0.25907	0.43271	0.01333	0.01524	0.13330	0.01406	0.01927	0.01054	0.01374	0.00833	0.00530	0.00542	0.00168	0.00664	0.00486	0.00305	0.00796
20	0.01356	0.01171	0.01233	0.01109	0.01418	0.01356	0.00863	0.02897	0.76455	0.02281	0.02219	0.02034	0.01664	0.00740	0.00555	0.00185	0.00431	0.00616	0.00555	0.00863
21	0.01846	0.01372	0.01464	0.01143	0.01539	0.01495	0.00937	0.63740	0.02354	0.03124	0.01978	0.01934	0.13040	0.00770	0.00561	0.00167	0.00549	0.00596	0.00539	0.00853
22	0.01345	0.01219	0.01548	0.01298	0.01645	0.01360	0.12706	0.02714	0.64520	0.02196	0.02042	0.01945	0.01531	0.00695	0.00569	0.00185	0.00509	0.00621	0.00510	0.00843
23	0.01080	0.01021	0.01727	0.67435	0.15454	0.01225	0.01539	0.01437	0.01114	0.01455	0.00978	0.01437	0.00748	0.00536	0.00544	0.00179	0.00714	0.00485	0.00247	0.00647
24	0.01308	0.01419	0.02938	0.08484	0.08769	0.01373	0.60282	0.05137	0.01327	0.01799	0.01096	0.01452	0.00827	0.00477	0.00623	0.00181	0.00868	0.00611	0.00285	0.00744
25	0.01355	0.01191	0.01388	0.01465	0.13487	0.01346	0.00992	0.02703	0.64513	0.02201	0.02029	0.01925	0.01537	0.00699	0.00552	0.00181	0.00466	0.00596	0.00510	0.00863
26	0.00669	0.00553	0.00586	0.00578	0.00751	0.00471	0.00433	0.00830	0.01300	0.01609	0.19240	0.05022	0.63416	0.01330	0.00644	0.00182	0.00273	0.01119	0.00524	0.00471
27	0.00790	0.00538	0.00644	0.00644	0.00661	0.00555	0.00392	0.00824	0.00807	0.01094	0.01673	0.03319	0.01874	0.67434	0.16034	0.00589	0.00691	0.00756	0.00324	0.00358
28	0.00681	0.00488	0.00648	0.00747	0.00795	0.00454	0.00507	0.00802	0.01123	0.01518	0.14777	0.68353	0.03850	0.01614	0.00687	0.00213	0.00307	0.01460	0.00521	0.00454
29	0.08013	0.01033	0.01172	0.00864	0.01326	0.00878	0.00699	0.09592	0.01311	0.09187	0.01101	0.01199	0.00854	0.00465	0.00428	0.00105	0.00432	0.00360	0.00382	0.60600
30	0.00907	0.00879	0.00768	0.00732	0.00913	0.12892	0.00549	0.01085	0.01389	0.01685	0.28331	0.04184	0.41372	0.01163	0.00620	0.00173	0.00382	0.00970	0.00501	0.00505
31	0.01114	0.00977	0.01241	0.01184	0.13323	0.00789	0.00785	0.01358	0.01160	0.01745	0.01459	0.01600	0.08890	0.00520	0.00451	0.00105	0.00429	0.00436	0.00334	0.62102
32	0.84691	0.01054	0.00801	0.00717	0.01054	0.01223	0.00590	0.01603	0.00928	0.02446	0.00759	0.00886	0.00590	0.00506	0.00337	0.00169	0.00422	0.00295	0.00337	0.00590
33	0.00698	0.00499	0.00672	0.00798	0.00845	0.00472	0.00565	0.00818	0.01077	0.01430	0.02986	0.68683	0.03531	0.01676	0.00705	0.00226	0.00346	0.13016	0.00505	0.00452
34	0.00743	0.00544	0.00698	0.00686	0.00804	0.00498	0.00504	0.00964	0.01437	0.01997	0.59013	0.16308	0.11306	0.01232	0.00652	0.00181	0.00268	0.01090	0.00577	0.00498
35	0.01291	0.48488	0.03374	0.07152	0.01530	0.04324	0.00926	0.01498	0.01088	0.01356	0.00918	0.01160	0.00820	0.01044	0.12815	0.00240	0.00730	0.00361	0.00256	0.10628
36	0.14853	0.05824	0.01268	0.00956	0.01311	0.01188	0.00781	0.18428	0.13630	0.16176	0.11240	0.01793	0.01601	0.00680	0.00502	0.00161	0.00454	0.00532	0.02453	0.06170
37	0.02982	0.11477	0.25601	0.01650	0.13288	0.01431	0.05576	0.05413	0.13961	0.05235	0.01218	0.01352	0.00931	0.00589	0.00614	0.00171	0.06916	0.00466	0.00332	0.00798
38	0.01244	0.10027	0.46562	0.01656	0.12064	0.01389	0.01660	0.05225	0.11572	0.01844	0.01148	0.01279	0.00859	0.00545	0.00511	0.00167	0.00702	0.00436	0.00295	0.00816
39	0.00664	0.00474	0.00633	0.00759	0.00791	0.00443	0.00506	0.00759	0.01044	0.01392	0.03005	0.80485	0.03606	0.01708	0.00696	0.00221	0.00316	0.01550	0.00506	0.00443
40	0.01149	0.00974	0.01414	0.12851	0.20994	0.01039	0.02216	0.01576	0.11435	0.06237	0.09510	0.02576	0.17778	0.00829	0.00676	0.00180	0.06771	0.00700	0.00409	0.00687
41	0.01235	0.00966	0.01141	0.00820	0.01300	0.00733	0.00658	0.01475	0.01165	0.07834	0.01063	0.01188	0.00851	0.00425	0.00415	0.00088	0.00409	0.00341	0.00351	0.77542
42	0.36095	0.01650	0.01350	0.01138	0.01490	0.25072	0.05268	0.16804	0.02893	0.02261	0.00944	0.01058	0.00727	0.00555	0.00449	0.00160	0.00660	0.00379	0.00363	0.00685
43	0.01424	0.73938	0.09792	0.00990	0.01488	0.02075	0.01033	0.01641	0.01112	0.01324	0.00778	0.00900	0.00699	0.00471	0.00365	0.00122	0.00604	0.00302	0.00233	0.00709
44	0.00676	0.00483	0.00646	0.00773	0.00809	0.00453	0.00527	0.00780	0.01055	0.01405	0.02998	0.76375	0.03580	0.01697	0.00699	0.00223	0.00327	0.05543	0.00506	0.00446
45	0.00756	0.00557	0.00708	0.00670	0.00805	0.00508	0.00502	0.00999	0.01507	0.02101	0.68549	0.04213	0.13801	0.01147	0.00643	0.00173	0.00259	0.01006	0.00589	0.00508
46	0.79814	0.01047	0.00829	0.00732	0.01074	0.01198	0.00603	0.01665	0.00965	0.06916	0.00842	0.00943	0.00635	0.00516	0.00350	0.00169	0.00424	0.00310	0.00357	0.00610
47	0.01122	0.00946	0.01020	0.00933	0.01185	0.01040	0.00720	0.02174	0.49000	0.02133	0.18261	0.02966	0.14380	0.00919	0.00587	0.00182	0.00371	0.00778	0.00556	0.00727
48	0.02037	0.02598	0.01545	0.01404	0.01685	0.78652	0.01053	0.02177	0.01545	0.01334	0.00843	0.00983	0.00702	0.00562	0.00492	0.00140	0.00983	0.00351	0.00281	0.00632
49	0.01349	0.01295	0.02213	0.03346	0.77440	0.01295	0.01673	0.01673	0.01241	0.01781	0.01025	0.01349	0.00864	0.00486	0.00540	0.00162	0.00648	0.00486	0.00270	0.00864
50	0.01443	0.77994	0.05902	0.00958	0.01438	0.02121	0.00977	0.01636	0.01109	0.01301	0.00767	0.00886	0.00699	0.00469	0.00357	0.00119	0.00592	0.00296	0.00233	0.00704
51	0.01959	0.01471	0.01572	0.01231	0.01647	0.01638	0.01009	0.64075	0.14295	0.03252	0.01453	0.01424	0.01044	0.00668	0.00547	0.00167	0.00573	0.00511	0.00547	0.00917
52	0.00836	0.00600	0.00855	0.00843	0.00941	0.00700	0.00657	0.01036	0.00917	0.01389	0.01476	0.02080	0.01338	0.03395	0.62684	0.00728	0.04902	0.00567	0.13558	0.00495
53	0.00697	0.00505	0.00665	0.00782	0.00840	0.00474	0.00558	0.00820	0.01093	0.01436	0.03185	0.62732	0.09354	0.01650	0.00701	0.00223	0.00343	0.12984	0.00505	0.00454
54	0.00662	0.00547	0.00581	0.00585	0.00751	0.00466	0.00434	0.00812	0.01265	0.01556	0.14345	0.11051	0.62318	0.01373	0.00648	0.00185	0.00277	0.01161	0.00518	0.00466
55	0.00682	0.00492	0.00671	0.00778	0.00820	0.00481	0.00534	0.00793	0.01017	0.01372	0.02760	0.68046	0.03250	0.02086	0.13077	0.00325	0.00498	0.01397	0.00472	0.00450
56	0.01146	0.07252	0.61683	0.01635	0.02380	0.01337	0.13611	0.01724	0.01170	0.01703	0.00985	0.01185	0.00713	0.00506	0.00528	0.00171	0.00811	0.00434	0.00238	0.00788
57	0.01241	0.01165	0.01962	0.02936	0.65270	0.01160	0.01488	0.01528	0.01210	0.01719	0.01340	0.13913	0.01299	0.00680	0.00565	0.00171	0.00595	0.00655	0.00307	0.00797
58	0.00664	0.00474	0.00633	0.00759	0.00791	0.00443	0.00506	0.00759	0.01044	0.01392	0.03005	0.80485	0.03606	0.01708	0.00696	0.00221	0.00316	0.01550	0.00506	0.00443
59	0.01130	0.00969	0.01130	0.00807	0.01292	0.00727	0.00646	0.01373	0.01130	0.01776	0.00969	0.01130	0.00807	0.00404	0.00404	0.00081	0.00404	0.00323	0.00323	0.84173
60	0.01989	0.03073	0.04408	0.01033	0.01446	0.01062	0.00874	0.12034	0.15968	0.41913	0.01892	0.01729	0.01282	0.00656	0.00529	0.00164	0.00482	0.00527	0.03113	0.05829
61	0.01093	0.02820	0.78016	0.01554	0.02360	0.01266	0.02014	0.01727	0.01151	0.01727	0.00978	0.01151	0.00691	0.00518	0.00518	0.00173	0.00806	0.00403	0.00230	0.00806
62	0.00802	0.00598	0.00840	0.00829	0.00896	0.00688	0.00614	0.00942	0.00853	0.01214	0.01493	0.02468	0.01494	0.23889	0.55390	0.00756	0.04851	0.00633	0.00300	0.00451
63	0.01458	0.81168	0.02857	0.00933	0.01399	0.02157	0.00933	0.01632	0.01108	0.01283	0.00758	0.00875	0.00700	0.00466	0.00350	0.00117	0.00583	0.00292	0.00233	0.00700
64	0.01956	0.01537	0.01724	0.01593	0.13717	0.04982	0.01138	0.60680	0.02309	0.03082	0.01244	0.01301	0.00907	0.00624	0.00542	0.00162	0.00624	0.00484	0.00490	0.00904
65	0.01030	0.00969	0.01635	0.79530	0.03755	0.01211	0.01514	0.01393	0.01090	0.01393	0.00969	0.01453	0.00727	0.00545	0.00545	0.00182	0.00727	0.00484	0.00242	0.00606
66	0.00806	0.00594	0.00759	0.00711	0.00850	0.00564	0.00535	0.01140	0.05986	0.02192	0.72708	0.03951	0.04938	0.01092	0.00638	0.00172	0.00268	0.00964	0.00597	0.00535
67	0.01324	0.01292	0.02262	0.07708	0.63732	0.01300	0.09290	0.01690	0.02830	0.01765	0.01055	0.01383	0.00869	0.00492	0.00551	0.00166	0.00676	0.00505	0.00275	0.00835
68	0.02416	0.00975	0.01295	0.00992	0.01415	0.00872	0.00820	0.08429	0.01640	0.71933	0.02084	0.01812	0.01316	0.00673	0.00548	0.00168	0.00475	0.00544	0.00665	0.00928
69	0.00879	0.00628	0.00879	0.01004	0.01130	0.00628	0.00879	0.01130	0.01255	0.01632	0.02887	0.06150	0.03138	0.01506	0.00753	0.00251	0.00502	0.73770	0.00502	0.00502
70	0.01025	0.02448	0.65730	0.01428	0.02110	0.01135	0.01775	0.01573	0.01134	0.01673	0.01300	0.13747	0.01153	0.00707	0.00546	0.00180	0.00728	0.00585	0.00274	0.00748
71	0.00743	0.00535	0.00703	0.00705	0.00808	0.00495	0.00512	0.00957	0.01411	0.01976	0.57546	0.24277	0.04737	0.01271	0.00657	0.00185	0.00273	0.01135	0.00575	0.00495
72	0.01429	0.74927	0.08844	0.00982	0.01476	0.02086	0.01019	0.01640	0.01111	0.01318	0.00775	0.00897	0.00699	0.00471	0.00363	0.00121	0.00601	0.00300	0.00233	0.00708
73	0.01107	0.02734	0.74014	0.01531	0.02310	0.01271	0.01954	0.01788	0.05075	0.01755	0.01043	0.01197	0.00741	0.00530	0.00520	0.00173	0.00786	0.00414	0.00247	0.00809
74	0.01328	0.01225	0.02079	0.16875	0.61789	0.01264	0.01616	0.01655	0.01225	0.04201	0.01052	0.01384	0.00855	0.00503	0.00541	0.00166	0.00656	0.00488	0.00278	0.00820
75	0.01130	0.00969	0.01130	0.00807	0.01292	0.00727	0.00646	0.01373	0.01130	0.01776	0.00969	0.01130	0.00807	0.00404	0.00404	0.00081	0.00404	0.00323	0.00323	0.84173
76	0.01438	0.01220	0.01337	0.01259	0.05957	0.01391	0.00931	0.11207	0.63477	0.02384	0.02043	0.01910	0.01532	0.00715	0.00553	0.00181	0.00464	0.00594	0.00537	0.00870
77	0.01151	0.15259	0.66083	0.01455	0.02207	0.01408	0.01843	0.01712	0.01144	0.01656	0.00943	0.01107	0.00692	0.00510	0.00491	0.00164	0.00770	0.00385	0.00231	0.00789
78	0.01299	0.34453	0.43067	0.01285	0.01931	0.01652	0.01519	0.06071	0.01217	0.01648	0.00909	0.01048	0.00708	0.00505	0.00452	0.00149	0.00703	0.00363	0.00250	0.00770
79	0.00788	0.00578	0.00868	0.00868	0.00960	0.00671	0.00671	0.00960	0.00868	0.01249	0.01434	0.02116	0.01341	0.03974	0.74691	0.05215	0.01409	0.00578	0.00289	0.00474
80	0.06264	0.01464	0.01527	0.01206	0.01614	0.02918	0.00986	0.58974	0.14191	0.03165	0.01417	0.01396	0.01023	0.00659	0.00535	0.00167	0.00570	0.00498	0.00532	0.00894
81	0.01458	0.81168	0.02857	0.00933	0.01399	0.02157	0.00933	0.01632	0.01108	0.01283	0.00758	0.00875	0.00700	0.00466	0.00350	0.00117	0.00583	0.00292	0.00233	0.00700
82	0.00644	0.00552	0.00552	0.00552	0.00736	0.00460	0.00414	0.00782	0.01243	0.01473	0.05523	0.05247	0.77218	0.01381	0.00644	0.00184	0.00276	0.01151	0.00506	0.00460
83	0.84691	0.01054	0.00801	0.00717	0.01054	0.01223	0.00590	0.01603	0.00928	0.02446	0.00759	0.00886	0.00590	0.00506	0.00337	0.00169	0.00422	0.00295	0.00337	0.00590
84	0.84691	0.01054	0.00801	0.00717	0.01054	0.01223	0.00590	0.01603	0.00928	0.02446	0.00759	0.00886	0.00590	0.00506	0.00337	0.00169	0.00422	0.00295	0.00337	0.00590
85	0.00957	0.00536	0.00678	0.00725	0.00825	0.00500	0.00512	0.01103	0.01128	0.10555	0.02616	0.52801	0.02821	0.01334	0.00605	0.00193	0.00319	0.01187	0.20089	0.00515
86	0.01436	0.76522	0.07314	0.00970	0.01456	0.02104	0.00997	0.01638	0.01110	0.01309	0.00771	0.00891	0.00699	0.00469	0.00360	0.00120	0.00596	0.00298	0.00233	0.00706
87	0.01364	0.01368	0.05637	0.03046	0.65028	0.01303	0.04495	0.06045	0.01313	0.01867	0.01084	0.02995	0.00915	0.00522	0.00546	0.00165	0.00656	0.00511	0.00290	0.00851
88	0.01282	0.01501	0.04882	0.02281	0.02838	0.01376	0.73824	0.01746	0.01284	0.01746	0.01100	0.01463	0.00824	0.00461	0.00641	0.00184	0.00917	0.00638	0.00275	0.00737
89	0.00644	0.00552	0.00552	0.00552	0.00736	0.00460	0.00414	0.00782	0.01243	0.01473	0.05523	0.05247	0.77218	0.01381	0.00644	0.00184	0.00276	0.01151	0.00506	0.00460
90	0.01333	0.01532	0.03079	0.02221	0.02752	0.05979	0.69570	0.01794	0.02773	0.01732	0.01109	0.01453	0.00836	0.00471	0.00633	0.00181	0.00913	0.00625	0.00282	0.00732
91	0.01093	0.02820	0.78016	0.01554	0.02360	0.01266	0.02014	0.01727	0.01151	0.01727	0.00978	0.01151	0.00691	0.00518	0.00518	0.00173	0.00806	0.00403	0.00230	0.00806
92	0.00664	0.00474	0.00633	0.00759	0.00791	0.00443	0.00506	0.00759	0.01044	0.01392	0.03005	0.80485	0.03606	0.01708	0.00696	0.00221	0.00316	0.01550	0.00506	0.00443
93	0.00840	0.00748	0.01146	0.01060	0.05665	0.00681	0.12459	0.01083	0.01344	0.01765	0.26736	0.04097	0.34244	0.01105	0.00643	0.00182	0.00406	0.04764	0.00485	0.00547
94	0.01093	0.02820	0.78016	0.01554	0.02360	0.01266	0.02014	0.01727	0.01151	0.01727	0.00978	0.01151	0.00691	0.00518	0.00518	0.00173	0.00806	0.00403	0.00230	0.00806
95	0.02446	0.00928	0.01265	0.00970	0.01392	0.00801	0.00801	0.02657	0.01560	0.77817	0.02151	0.01856	0.01350	0.00675	0.00548	0.00169	0.00464	0.00548	0.00675	0.00928
96	0.00762	0.00557	0.00715	0.00675	0.00808	0.00510	0.00507	0.01009	0.01520	0.02130	0.71522	0.04165	0.10809	0.01135	0.00643	0.00172	0.00259	0.00999	0.00593	0.00510
97	0.00772	0.00557	0.00729	0.00686	0.00814	0.00514	0.00514	0.01029	0.01543	0.02186	0.77152	0.04072	0.05144	0.01115	0.00643	0.00171	0.00257	0.00986	0.00600	0.00514
98	0.00664	0.00474	0.00633	0.00759	0.00791	0.00443	0.00506	0.00759	0.01044	0.01392	0.03005	0.80485	0.03606	0.01708	0.00696	0.00221	0.00316	0.01550	0.00506	0.00443
99	0.01130	0.00969	0.01130	0.00807	0.01292	0.00727	0.00646	0.01373	0.01130	0.01776	0.00969	0.01130	0.00807	0.00404	0.00404	0.00081	0.00404	0.00323	0.00323	0.84173
100	0.00830	0.00600	0.00818	0.00934	0.01051	0.00589	0.00790	0.01051	0.01225	0.01586	0.03113	0.16367	0.09103	0.01524	0.00736	0.00242	0.00458	0.57989	0.00503	0.00490
101	0.01314	0.01134	0.01192	0.01076	0.01377	0.01303	0.00836	0.02772	0.71994	0.02233	0.02415	0.02225	0.06145	0.00778	0.00560	0.00185	0.00422	0.00648	0.00552	0.00839
102	0.01179	0.01185	0.01788	0.11791	0.01850	0.01586	0.07109	0.01357	0.00904	0.01357	0.00780	0.01249	0.00726	0.00861	0.01535	0.00227	0.63175	0.00491	0.00242	0.00609
103	0.01465	0.01122	0.01765	0.06671	0.43422	0.01075	0.01302	0.01754	0.01273	0.15258	0.01318	0.01679	0.01061	0.00567	0.00532	0.00156	0.00573	0.04579	0.00362	0.14067
104	0.01217	0.28318	0.50160	0.01346	0.02006	0.01575	0.01626	0.01678	0.01123	0.01564	0.00895	0.01063	0.00695	0.00520	0.00518	0.00157	0.04178	0.00370	0.00232	0.00762
105	0.00930	0.00777	0.01216	0.28995	0.08904	0.00856	0.01097	0.01194	0.01151	0.01510	0.02063	0.19726	0.02176	0.01116	0.00648	0.00212	0.00556	0.25926	0.00390	0.00559
106	0.00793	0.00529	0.00595	0.00595	0.00595	0.00529	0.00330	0.00793	0.00793	0.01057	0.01718	0.03568	0.01982	0.80840	0.02775	0.00529	0.00529	0.00793	0.00330	0.00330
107	0.01282	0.30191	0.18611	0.01361	0.05262	0.01553	0.10080	0.03227	0.12887	0.01663	0.01288	0.07973	0.01122	0.00629	0.00495	0.00159	0.00628	0.00528	0.00319	0.00742
108	0.01965	0.01210	0.01712	0.01478	0.09156	0.04488	0.12781	0.09320	0.10925	0.38464	0.01746	0.01677	0.01190	0.00623	0.00561	0.00171	0.00586	0.00552	0.00527	0.00870
109	0.00648	0.00536	0.00569	0.00595	0.00748	0.00457	0.00433	0.00778	0.01202	0.01456	0.05006	0.20680	0.62119	0.01448	0.00655	0.00192	0.00284	0.01232	0.00506	0.00457
110	0.84691	0.01054	0.00801	0.00717	0.01054	0.01223	0.00590	0.01603	0.00928	0.02446	0.00759	0.00886	0.00590	0.00506	0.00337	0.00169	0.00422	0.00295	0.00337	0.00590
111	0.00659	0.00553	0.00573	0.00568	0.00746	0.00467	0.00426	0.00812	0.01278	0.01557	0.13997	0.05108	0.68691	0.01349	0.00644	0.00183	0.00274	0.01131	0.00517	0.00467
112	0.01191	0.01116	0.01858	0.20011	0.33881	0.01182	0.08381	0.01649	0.09307	0.01710	0.01435	0.05536	0.01279	0.00687	0.00582	0.00183	0.00638	0.08309	0.00330	0.00735
113	0.01488	0.00958	0.01167	0.00852	0.01319	0.00747	0.00688	0.01722	0.01247	0.22470	0.01291	0.01328	0.00955	0.00477	0.00443	0.00105	0.00420	0.00384	0.00419	0.61519
114	0.01130	0.00969	0.01130	0.00807	0.01292	0.00727	0.00646	0.01373	0.01130	0.01776	0.00969	0.01130	0.00807	0.00404	0.00404	0.00081	0.00404	0.00323	0.00323	0.84173
115	0.01349	0.01295	0.02213	0.03346	0.77440	0.01295	0.01673	0.01673	0.01241	0.01781	0.01025	0.01349	0.00864	0.00486	0.00540	0.00162	0.00648	0.00486	0.00270	0.00864
116	0.84691	0.01054	0.00801	0.00717	0.01054	0.01223	0.00590	0.01603	0.00928	0.02446	0.00759	0.00886	0.00590	0.00506	0.00337	0.00169	0.00422	0.00295	0.00337	0.00590
117	0.00848	0.00578	0.00729	0.00679	0.00835	0.00522	0.00513	0.01081	0.01490	0.06542	0.59737	0.04153	0.17967	0.01137	0.00638	0.00174	0.00273	0.00990	0.00588	0.00529
118	0.00664	0.00474	0.00633	0.00759	0.00791	0.00443	0.00506	0.00759	0.01044	0.01392	0.03005	0.80485	0.03606	0.01708	0.00696	0.00221	0.00316	0.01550	0.00506	0.00443
119	0.00674	0.00482	0.00644	0.00770	0.00806	0.00451	0.00523	0.00776	0.01054	0.01403	0.02999	0.77039	0.03584	0.01699	0.00698	0.00223	0.00325	0.04898	0.00506	0.00446
120	0.01029	0.00949	0.01344	0.01200	0.01235	0.01272	0.00976	0.01170	0.00848	0.01285	0.01021	0.01626	0.00997	0.05257	0.29278	0.00478	0.48700	0.00528	0.00261	0.00547
121	0.84691	0.01054	0.00801	0.00717	0.01054	0.01223	0.00590	0.01603	0.00928	0.02446	0.00759	0.00886	0.00590	0.00506	0.00337	0.00169	0.00422	0.00295	0.00337	0.00590
122	0.01130	0.00969	0.01130	0.00807	0.01292	0.00727	0.00646	0.01373	0.01130	0.01776	0.00969	0.01130	0.00807	0.00404	0.00404	0.00081	0.00404	0.00323	0.00323	0.84173
123	0.01130	0.00969	0.01130	0.00807	0.01292	0.00727	0.00646	0.01373	0.01130	0.01776	0.00969	0.01130	0.00807	0.00404	0.00404	0.00081	0.00404	0.00323	0.00323	0.84173
124	0.84691	0.01054	0.00801	0.00717	0.01054	0.01223	0.00590	0.01603	0.00928	0.02446	0.00759	0.00886	0.00590	0.00506	0.00337	0.00169	0.00422	0.00295	0.00337	0.00590
125	0.01356	0.01171	0.01233	0.01109	0.01418	0.01356	0.00863	0.02897	0.76455	0.02281	0.02219	0.02034	0.01664	0.00740	0.00555	0.00185	0.00431	0.00616	0.00555	0.00863
126	0.84691	0.01054	0.00801	0.00717	0.01054	0.01223	0.00590	0.01603	0.00928	0.02446	0.00759	0.00886	0.00590	0.00506	0.00337	0.00169	0.00422	0.00295	0.00337	0.00590
127	0.01349	0.01295	0.02213	0.03346	0.77440	0.01295	0.01673	0.01673	0.01241	0.01781	0.01025	0.01349	0.00864	0.00486	0.00540	0.00162	0.00648	0.00486	0.00270	0.00864
128	0.01356	0.01171	0.01233	0.01109	0.01418	0.01356	0.00863	0.02897	0.76455	0.02281	0.02219	0.02034	0.01664	0.00740	0.00555	0.00185	0.00431	0.00616	0.00555	0.00863
129	0.00675	0.00482	0.00645	0.00772	0.00808	0.00452	0.00525	0.00778	0.01055	0.01404	0.02999	0.76611	0.03581	0.01697	0.00699	0.00223	0.00326	0.05314	0.00506	0.00446
130	0.00664	0.00474	0.00633	0.00759	0.00791	0.00443	0.00506	0.00759	0.01044	0.01392	0.03005	0.80485	0.03606	0.01708	0.00696	0.00221	0.00316	0.01550	0.00506	0.00443
131	0.02446	0.00928	0.01265	0.00970	0.01392	0.00801	0.00801	0.02657	0.01560	0.77817	0.02151	0.01856	0.01350	0.00675	0.00548	0.00169	0.00464	0.00548	0.00675	0.00928
132	0.01030	0.00969	0.01635	0.79530	0.03755	0.01211	0.01514	0.01393	0.01090	0.01393	0.00969	0.01453	0.00727	0.00545	0.00545	0.00182	0.00727	0.00484	0.00242	0.00606
133	0.02446	0.00928	0.01265	0.00970	0.01392	0.00801	0.00801	0.02657	0.01560	0.77817	0.02151	0.01856	0.01350	0.00675	0.00548	0.00169	0.00464	0.00548	0.00675	0.00928
134	0.01016	0.00508	0.00508	0.00508	0.00635	0.00508	0.00381	0.01270	0.01143	0.02033	0.01778	0.02033	0.01397	0.00635	0.00381	0.00127	0.00254	0.00508	0.83867	0.00508
135	0.02446	0.00928	0.01265	0.00970	0.01392	0.00801	0.00801	0.02657	0.01560	0.77817	0.02151	0.01856	0.01350	0.00675	0.00548	0.00169	0.00464	0.00548	0.00675	0.00928
136	0.01602	0.01630	0.01974	0.02674	0.52211	0.22423	0.01452	0.01869	0.01343	0.06168	0.01042	0.01279	0.00848	0.00518	0.00527	0.00156	0.00729	0.00453	0.00297	0.00804
137	0.01338	0.01631	0.07468	0.02238	0.06615	0.07479	0.61374	0.01775	0.01297	0.01714	0.01071	0.01407	0.00811	0.00472	0.00619	0.00179	0.00903	0.00598	0.00273	0.00738
138	0.01373	0.01179	0.01242	0.01113	0.01424	0.01364	0.00867	0.04592	0.74732	0.02307	0.02198	0.02017	0.01647	0.00738	0.00555	0.00184	0.00435	0.00613	0.00555	0.00864
139	0.01569	0.61127	0.02558	0.01154	0.05420	0.17572	0.00996	0.01745	0.01203	0.01319	0.00789	0.00921	0.00709	0.00487	0.00388	0.00124	0.00667	0.00314	0.00245	0.00695
140	0.02361	0.00903	0.01220	0.00943	0.01347	0.00784	0.00776	0.02575	0.01536	0.73323	0.02129	0.01866	0.01352	0.00672	0.00538	0.00166	0.00451	0.00546	0.05608	0.00903
141	0.00968	0.00613	0.00717	0.00658	0.00863	0.00530	0.00505	0.01153	0.01382	0.13804	0.26077	0.04363	0.43952	0.01190	0.00629	0.00178	0.00300	0.01006	0.00561	0.00550
142	0.00793	0.00529	0.00595	0.00595	0.00595	0.00529	0.00330	0.00793	0.00793	0.01057	0.01718	0.03568	0.01982	0.80840	0.02775	0.00529	0.00529	0.00793	0.00330	0.00330
143	0.00661	0.00487	0.00620	0.00726	0.00782	0.00446	0.00491	0.00763	0.01075	0.01405	0.03405	0.68539	0.15293	0.01656	0.00688	0.00215	0.00310	0.01486	0.00506	0.00446
144	0.01349	0.01295	0.02213	0.03346	0.77440	0.01295	0.01673	0.01673	0.01241	0.01781	0.01025	0.01349	0.00864	0.00486	0.00540	0.00162	0.00648	0.00486	0.00270	0.00864
145	0.00671	0.00479	0.00638	0.00755	0.00792	0.00447	0.00507	0.00775	0.01073	0.01439	0.07402	0.75953	0.03697	0.01673	0.00693	0.00218	0.00313	0.01516	0.00512	0.00447
146	0.02365	0.01028	0.01323	0.01018	0.01440	0.00953	0.00840	0.14246	0.03178	0.64537	0.02018	0.01772	0.01289	0.00673	0.00548	0.00168	0.00485	0.00540	0.00652	0.00926
147	0.41536	0.00988	0.01045	0.00850	0.01231	0.01002	0.00701	0.02156	0.01260	0.41994	0.01489	0.01395	0.00989	0.00595	0.00448	0.00169	0.00444	0.00428	0.00514	0.00767
148	0.01222	0.01034	0.01177	0.00882	0.01336	0.00884	0.00704	0.06018	0.13174	0.01955	0.01188	0.01285	0.00951	0.00472	0.00436	0.00102	0.00420	0.00380	0.00373	0.66010
149	0.01195	0.01325	0.02808	0.02031	0.02520	0.01237	0.63553	0.01613	0.01304	0.01760	0.07510	0.01977	0.07214	0.00585	0.00643	0.00183	0.00816	0.00711	0.00320	0.00696
150	0.00664	0.00474	0.00633	0.00759	0.00791	0.00443	0.00506	0.00759	0.01044	0.01392	0.03005	0.80485	0.03606	0.01708	0.00696	0.00221	0.00316	0.01550	0.00506	0.00443
151	0.14095	0.00636	0.00740	0.00691	0.00853	0.00627	0.00526	0.01120	0.01446	0.02227	0.65023	0.03566	0.04421	0.01018	0.00594	0.00171	0.00283	0.00876	0.00558	0.00526
152	0.01287	0.01471	0.03217	0.02298	0.02849	0.01379	0.75460	0.01746	0.01287	0.01746	0.01103	0.01471	0.00827	0.00460	0.00643	0.00184	0.00919	0.00643	0.00276	0.00735
153	0.01030	0.00781	0.01075	0.01092	0.01277	0.00805	0.04347	0.07232	0.07310	0.01832	0.02625	0.05222	0.02738	0.01329	0.00716	0.00236	0.00524	0.58756	0.00499	0.00575
154	0.00855	0.00638	0.00788	0.00750	0.00757	0.00722	0.00495	0.00890	0.00806	0.01114	0.01538	0.03078	0.01732	0.62087	0.08622	0.00510	0.13195	0.00726	0.00313	0.00385
155	0.00644	0.00552	0.00552	0.00552	0.00736	0.00460	0.00414	0.00782	0.01243	0.01473	0.05523	0.05247	0.77218	0.01381	0.00644	0.00184	0.00276	0.01151	0.00506	0.00460
156	0.84691	0.01054	0.00801	0.00717	0.01054	0.01223	0.00590	0.01603	0.00928	0.02446	0.00759	0.00886	0.00590	0.00506	0.00337	0.00169	0.00422	0.00295	0.00337	0.00590
157	0.01400	0.68729	0.14790	0.01031	0.01552	0.02016	0.01105	0.01647	0.01115	0.01353	0.00793	0.00918	0.00698	0.00475	0.00377	0.00126	0.00618	0.00309	0.00233	0.00716
158	0.84691	0.01054	0.00801	0.00717	0.01054	0.01223	0.00590	0.01603	0.00928	0.02446	0.00759	0.00886	0.00590	0.00506	0.00337	0.00169	0.00422	0.00295	0.00337	0.00590
159	0.02446	0.00928	0.01265	0.00970	0.01392	0.00801	0.00801	0.02657	0.01560	0.77817	0.02151	0.01856	0.01350	0.00675	0.00548	0.00169	0.00464	0.00548	0.00675	0.00928
160	0.01299	0.01244	0.02121	0.15442	0.65741	0.01282	0.01648	0.01629	0.01217	0.01719	0.01017	0.01366	0.00842	0.00495	0.00541	0.00165	0.00660	0.00486	0.00265	0.00823
161	0.00677	0.00499	0.00639	0.00745	0.00808	0.00460	0.00520	0.00791	0.01092	0.01423	0.03396	0.62855	0.15257	0.01641	0.00692	0.00218	0.00324	0.07009	0.00506	0.00450
162	0.00746	0.00556	0.00694	0.00659	0.00799	0.00504	0.00495	0.00980	0.01484	0.02045	0.62963	0.04305	0.19421	0.01167	0.00643	0.00174	0.00261	0.01019	0.00582	0.00504
163	0.01030	0.00969	0.01635	0.79530	0.03755	0.01211	0.01514	0.01393	0.01090	0.01393	0.00969	0.01453	0.00727	0.00545	0.00545	0.00182	0.00727	0.00484	0.00242	0.00606
164	0.01458	0.81168	0.02857	0.00933	0.01399	0.02157	0.00933	0.01632	0.01108	0.01283	0.00758	0.00875	0.00700	0.00466	0.00350	0.00117	0.00583	0.00292	0.00233	0.00700
165	0.02219	0.00861	0.01145	0.00897	0.01272	0.00755	0.00735	0.02437	0.01494	0.65785	0.02092	0.01884	0.01357	0.00668	0.00522	0.00162	0.00431	0.00542	0.13883	0.00861
166	0.00793	0.00529	0.00595	0.00595	0.00595	0.00529	0.00330	0.00793	0.00793	0.01057	0.01718	0.03568	0.01982	0.80840	0.02775	0.00529	0.00529	0.00793	0.00330	0.00330
167	0.01327	0.12946	0.55903	0.01401	0.02102	0.01381	0.01697	0.07634	0.01290	0.07864	0.01069	0.01183	0.00763	0.00534	0.00500	0.00164	0.00733	0.00407	0.00291	0.00811
168	0.00664	0.00474	0.00633	0.00759	0.00791	0.00443	0.00506	0.00759	0.01044	0.01392	0.03005	0.80485	0.03606	0.01708	0.00696	0.00221	0.00316	0.01550	0.00506	0.00443
169	0.02446	0.00928	0.01265	0.00970	0.01392	0.00801	0.00801	0.02657	0.01560	0.77817	0.02151	0.01856	0.01350	0.00675	0.00548	0.00169	0.00464	0.00548	0.00675	0.00928
170	0.01305	0.01250	0.02133	0.13852	0.67279	0.01284	0.01651	0.01635	0.01221	0.01728	0.01018	0.01364	0.00845	0.00494	0.00540	0.00165	0.00659	0.00486	0.00266	0.00828
171	0.01277	0.02379	0.57899	0.01777	0.14178	0.01222	0.01832	0.01816	0.01208	0.09747	0.01109	0.01257	0.00787	0.00529	0.00525	0.00171	0.00745	0.00431	0.00283	0.00828
172	0.01349	0.01295	0.02213	0.03346	0.77440	0.01295	0.01673	0.01673	0.01241	0.01781	0.01025	0.01349	0.00864	0.00486	0.00540	0.00162	0.00648	0.00486	0.00270	0.00864
