[name]
unknown

[dist]
# distance from previous block
# <min> <max>
0	400

[block]
# block no. 0 follows, 48 sequences, length 73
# corresponding to MSA columns:
# 464-536
name=unknown_A
#
# <colnr> <probs for GDERKNQSTAVLIFYWHMCP>
#	G	D	E	R	K	N	Q	S	T	A	V	L	I	F	Y	W	H	M	C	P
0	0.34363	0.08447	0.16403	0.00947	0.01370	0.01200	0.00927	0.09507	0.04242	0.08334	0.02583	0.01310	0.00904	0.00557	0.00421	0.00155	0.00501	0.03421	0.00354	0.04053
1	0.00990	0.02982	0.11868	0.00977	0.03526	0.03954	0.06146	0.04297	0.03989	0.04600	0.08405	0.05976	0.18237	0.20594	0.01054	0.00246	0.00499	0.00737	0.00380	0.00543
2	0.01149	0.10688	0.09778	0.00908	0.01221	0.01025	0.00814	0.18513	0.04491	0.03734	0.07226	0.15537	0.16155	0.00923	0.00538	0.00164	0.00444	0.03121	0.00432	0.03140
3	0.25123	0.07740	0.16443	0.00994	0.01397	0.01266	0.00948	0.05897	0.27972	0.02042	0.01443	0.01445	0.04075	0.00593	0.00445	0.00161	0.00486	0.00445	0.00378	0.00705
4	0.01404	0.09635	0.12353	0.03447	0.18301	0.06815	0.01168	0.20151	0.09101	0.02042	0.07115	0.01425	0.01162	0.00572	0.00491	0.00149	0.00581	0.00465	0.00361	0.03263
5	0.01342	0.03132	0.01888	0.03267	0.39054	0.04371	0.11177	0.04400	0.08172	0.07315	0.05364	0.01547	0.01146	0.00540	0.00520	0.00155	0.00592	0.01558	0.00337	0.04125
6	0.01672	0.01246	0.01347	0.01094	0.01456	0.01378	0.00882	0.39318	0.33120	0.07871	0.01625	0.01540	0.01179	0.00643	0.00513	0.00160	0.00486	0.00509	0.00519	0.03444
7	0.00758	0.00493	0.00568	0.00568	0.00568	0.00493	0.00322	0.00740	0.00740	0.00987	0.01558	0.03213	0.01787	0.75501	0.02563	0.07317	0.00493	0.00722	0.00304	0.00304
8	0.01510	0.01549	0.25266	0.04652	0.10510	0.01094	0.07182	0.12276	0.01382	0.22392	0.01385	0.06175	0.01040	0.00605	0.00521	0.00163	0.00607	0.00521	0.00393	0.00778
9	0.01511	0.10613	0.36019	0.01257	0.01824	0.01358	0.02560	0.25553	0.01547	0.11261	0.01129	0.01186	0.00797	0.00539	0.00484	0.00154	0.00638	0.00414	0.00361	0.00796
10	0.00638	0.00454	0.00602	0.00708	0.00738	0.00431	0.00471	0.00725	0.00959	0.01283	0.02684	0.72907	0.03201	0.07391	0.03959	0.00253	0.00355	0.01372	0.00457	0.00411
11	0.77467	0.01058	0.00844	0.00788	0.03392	0.03487	0.00615	0.04329	0.00956	0.02287	0.00744	0.00864	0.00578	0.00482	0.00335	0.00158	0.00425	0.00292	0.00321	0.00576
12	0.00752	0.00523	0.00682	0.00659	0.00776	0.00481	0.00488	0.00969	0.01380	0.04046	0.63887	0.14484	0.06688	0.01122	0.00610	0.00168	0.00256	0.00994	0.00552	0.00484
13	0.01190	0.25559	0.02680	0.00899	0.01126	0.09498	0.00773	0.01428	0.04186	0.01542	0.12858	0.01626	0.01477	0.00665	0.00634	0.00145	0.14253	0.00467	0.18415	0.00578
14	0.04747	0.09831	0.26221	0.01227	0.06739	0.01167	0.01173	0.09791	0.04325	0.11920	0.01116	0.01191	0.00821	0.00500	0.00453	0.00138	0.00562	0.00390	0.00339	0.17349
15	0.01592	0.01206	0.09574	0.01089	0.04586	0.01018	0.00917	0.12001	0.16636	0.24712	0.01518	0.01466	0.01075	0.00564	0.00483	0.00142	0.00476	0.00456	0.00461	0.20027
16	0.00619	0.00469	0.00572	0.00654	0.00728	0.00422	0.00449	0.00721	0.01041	0.01334	0.03569	0.57658	0.26890	0.01511	0.00640	0.00197	0.00286	0.01341	0.00476	0.00422
17	0.00950	0.00575	0.00711	0.00647	0.00796	0.00568	0.04784	0.04245	0.01200	0.01941	0.15399	0.07001	0.02021	0.00730	0.00441	0.00137	0.00292	0.00624	0.56433	0.00504
18	0.01172	0.08424	0.49804	0.04469	0.08361	0.01282	0.04627	0.10081	0.01237	0.01757	0.01008	0.03676	0.00783	0.00530	0.00491	0.00159	0.00695	0.00433	0.00264	0.00747
19	0.02153	0.00999	0.01255	0.00975	0.01366	0.00956	0.00801	0.16778	0.07757	0.58452	0.01878	0.01661	0.01218	0.00636	0.00516	0.00159	0.00459	0.00511	0.00603	0.00868
20	0.00895	0.00568	0.00594	0.00567	0.00744	0.00526	0.00432	0.01153	0.06041	0.07203	0.03520	0.03442	0.40673	0.00964	0.00507	0.00153	0.00275	0.00795	0.30443	0.00505
21	0.01697	0.10483	0.09971	0.01190	0.05673	0.03298	0.04507	0.06063	0.11639	0.33108	0.01596	0.04747	0.01165	0.00626	0.00519	0.00158	0.01805	0.00513	0.00459	0.00785
22	0.01948	0.01026	0.01380	0.08392	0.05791	0.02687	0.03936	0.12702	0.03643	0.48126	0.01778	0.01674	0.03247	0.00621	0.00520	0.00160	0.00509	0.00517	0.00530	0.00815
23	0.00691	0.00503	0.00644	0.00703	0.00779	0.00472	0.00496	0.02897	0.01154	0.01553	0.20875	0.52608	0.09512	0.01418	0.00637	0.00194	0.00295	0.03622	0.00498	0.00448
24	0.76321	0.01089	0.03029	0.00831	0.03486	0.02922	0.02881	0.01530	0.00911	0.02221	0.00739	0.00872	0.00575	0.00476	0.00340	0.00158	0.00439	0.00297	0.00310	0.00574
25	0.00891	0.00446	0.00668	0.00668	0.00668	0.00446	0.00446	0.00668	0.00668	0.00891	0.00891	0.01560	0.00891	0.01783	0.02005	0.85071	0.00446	0.00446	0.00223	0.00223
26	0.01470	0.01313	0.05810	0.01719	0.24095	0.01337	0.01140	0.23578	0.28449	0.03514	0.01450	0.01483	0.01093	0.00591	0.00513	0.00161	0.00531	0.00498	0.00426	0.00828
27	0.01415	0.01197	0.01507	0.08278	0.19487	0.08223	0.02089	0.05638	0.18861	0.11247	0.03784	0.01535	0.01142	0.00707	0.02552	0.00183	0.10544	0.00500	0.00381	0.00732
28	0.01592	0.00895	0.01118	0.00825	0.01256	0.00714	0.00670	0.01808	0.01237	0.34732	0.01387	0.01355	0.00978	0.00489	0.00438	0.00111	0.00404	0.00394	0.00445	0.49150
29	0.01636	0.01281	0.01363	0.01117	0.01471	0.01444	0.00899	0.42349	0.37632	0.02726	0.01632	0.01551	0.01197	0.00653	0.00517	0.00163	0.00491	0.00517	0.00517	0.00844
30	0.04474	0.01256	0.09066	0.17851	0.31070	0.01145	0.06366	0.06295	0.01218	0.08087	0.01045	0.01283	0.00797	0.00489	0.00497	0.00153	0.00612	0.00445	0.00300	0.07552
31	0.00610	0.00520	0.00525	0.00524	0.00695	0.00435	0.00393	0.00743	0.01178	0.01406	0.07376	0.04905	0.76367	0.01292	0.00606	0.00173	0.00259	0.01078	0.00479	0.00435
32	0.01211	0.01384	0.03028	0.02163	0.02682	0.01298	0.76903	0.01644	0.01211	0.01644	0.01038	0.01384	0.00779	0.00433	0.00606	0.00173	0.00865	0.00606	0.00260	0.00692
33	0.01422	0.01299	0.11183	0.14587	0.04151	0.01106	0.30200	0.03962	0.01261	0.20401	0.01314	0.01603	0.00958	0.00547	0.00554	0.00169	0.00688	0.03517	0.00356	0.00723
34	0.01243	0.01642	0.22486	0.02107	0.22053	0.01233	0.29526	0.06020	0.01250	0.04029	0.02763	0.01333	0.00865	0.00484	0.00542	0.00163	0.00727	0.00504	0.00280	0.00752
35	0.01745	0.00929	0.01121	0.00904	0.01224	0.00922	0.00731	0.18807	0.08924	0.35293	0.15089	0.02023	0.01833	0.00705	0.00519	0.00156	0.00413	0.00578	0.07317	0.00768
36	0.00616	0.00483	0.00558	0.00619	0.00719	0.00425	0.00434	0.00725	0.01074	0.01347	0.03992	0.43949	0.40326	0.01456	0.00631	0.00191	0.00279	0.01274	0.00476	0.00425
37	0.01115	0.00935	0.01149	0.00955	0.07420	0.00729	0.00689	0.01348	0.01084	0.03820	0.00947	0.01099	0.00778	0.00393	0.00394	0.00084	0.00400	0.00322	0.00309	0.76028
38	0.01042	0.04956	0.06203	0.00982	0.01179	0.00970	0.00833	0.01224	0.00983	0.07222	0.04439	0.16422	0.01494	0.01320	0.12547	0.00269	0.22871	0.00640	0.00335	0.14068
39	0.25912	0.00919	0.01065	0.00852	0.01221	0.00894	0.00701	0.02231	0.05311	0.53253	0.01656	0.01496	0.01083	0.00593	0.00460	0.00160	0.00424	0.00452	0.00539	0.00780
40	0.00647	0.00459	0.00586	0.00678	0.00708	0.00432	0.00442	0.00721	0.00946	0.01255	0.02701	0.64064	0.06176	0.16421	0.01014	0.00260	0.00333	0.01312	0.00446	0.00398
41	0.01742	0.01539	0.26589	0.01331	0.07629	0.01019	0.04075	0.08066	0.01387	0.39160	0.01486	0.01441	0.00984	0.00565	0.00509	0.00160	0.00580	0.00466	0.00447	0.00825
42	0.78843	0.04304	0.03977	0.00714	0.01054	0.01188	0.00622	0.01514	0.00888	0.02231	0.00723	0.00843	0.00564	0.00475	0.00325	0.00157	0.00417	0.00282	0.00310	0.00568
43	0.01111	0.01101	0.01675	0.51928	0.19546	0.06368	0.02494	0.01416	0.01071	0.01386	0.00901	0.01300	0.00711	0.00528	0.00593	0.00168	0.06391	0.00450	0.00236	0.00625
44	0.01372	0.82276	0.02689	0.00878	0.01317	0.02030	0.00878	0.01536	0.01043	0.01207	0.00713	0.00823	0.00658	0.00439	0.00329	0.00110	0.00549	0.00274	0.00219	0.00658
45	0.00668	0.00517	0.00611	0.00610	0.00744	0.00459	0.00456	0.00847	0.01273	0.01674	0.36577	0.12471	0.36034	0.01228	0.00615	0.00174	0.00264	0.03809	0.00515	0.00455
46	0.00610	0.00520	0.00525	0.00524	0.00695	0.00435	0.00393	0.00744	0.01179	0.01407	0.07526	0.04903	0.76217	0.01292	0.00606	0.00173	0.00259	0.01078	0.00479	0.00435
47	0.85592	0.00992	0.00754	0.00675	0.00992	0.01151	0.00556	0.01508	0.00873	0.02302	0.00714	0.00834	0.00556	0.00476	0.00318	0.00159	0.00397	0.00278	0.00318	0.00556
48	0.00625	0.00447	0.00595	0.00714	0.00744	0.00417	0.00476	0.00714	0.00982	0.01310	0.02828	0.81633	0.03394	0.01608	0.00655	0.00208	0.00298	0.01459	0.00476	0.00417
49	0.02302	0.00873	0.01191	0.00913	0.01310	0.00754	0.00754	0.02501	0.01469	0.79122	0.02024	0.01746	0.01270	0.00635	0.00516	0.00159	0.00437	0.00516	0.00635	0.00873
50	0.01029	0.02654	0.79309	0.01462	0.02221	0.01192	0.01896	0.01625	0.01083	0.01625	0.00921	0.01083	0.00650	0.00487	0.00487	0.00162	0.00758	0.00379	0.00217	0.00758
51	0.01276	0.01102	0.01160	0.01044	0.01334	0.01276	0.00812	0.02727	0.77840	0.02146	0.02088	0.01914	0.01566	0.00696	0.00522	0.00174	0.00406	0.00580	0.00522	0.00812
52	0.85592	0.00992	0.00754	0.00675	0.00992	0.01151	0.00556	0.01508	0.00873	0.02302	0.00714	0.00834	0.00556	0.00476	0.00318	0.00159	0.00397	0.00278	0.00318	0.00556
53	0.01951	0.01437	0.01540	0.01181	0.01591	0.01591	0.00975	0.77056	0.02412	0.03234	0.01232	0.01232	0.00873	0.00616	0.00513	0.00154	0.00565	0.00462	0.00513	0.00873
54	0.85592	0.00992	0.00754	0.00675	0.00992	0.01151	0.00556	0.01508	0.00873	0.02302	0.00714	0.00834	0.00556	0.00476	0.00318	0.00159	0.00397	0.00278	0.00318	0.00556
55	0.01270	0.01219	0.02083	0.03149	0.78767	0.01219	0.01575	0.01575	0.01168	0.01676	0.00965	0.01270	0.00813	0.00457	0.00508	0.00152	0.00610	0.00457	0.00254	0.00813
56	0.01276	0.01102	0.01160	0.01044	0.01334	0.01276	0.00812	0.02727	0.77840	0.02146	0.02088	0.01914	0.01566	0.00696	0.00522	0.00174	0.00406	0.00580	0.00522	0.00812
57	0.81138	0.00986	0.00777	0.00687	0.01009	0.01130	0.00566	0.01561	0.00905	0.06410	0.00784	0.00882	0.00594	0.00485	0.00328	0.00159	0.00399	0.00291	0.00335	0.00573
58	0.02265	0.00933	0.01228	0.00941	0.01340	0.00843	0.00778	0.10388	0.01568	0.71094	0.01940	0.01692	0.01228	0.00633	0.00516	0.00158	0.00450	0.00510	0.00622	0.00873
59	0.00746	0.00497	0.00560	0.00560	0.00560	0.00497	0.00311	0.00746	0.00746	0.00995	0.01617	0.03358	0.01865	0.81967	0.02612	0.00497	0.00497	0.00746	0.00311	0.00311
60	0.04777	0.00717	0.00892	0.00752	0.00997	0.00674	0.00596	0.06220	0.01443	0.29579	0.32948	0.02549	0.02675	0.00791	0.00523	0.00154	0.00337	0.00665	0.12063	0.00649
61	0.00623	0.00497	0.00558	0.00592	0.00716	0.00432	0.00425	0.00749	0.01135	0.01420	0.10751	0.29058	0.48489	0.01375	0.00622	0.00183	0.00270	0.01188	0.00484	0.00432
62	0.01064	0.00912	0.01064	0.00760	0.01216	0.00684	0.00608	0.01292	0.01064	0.01672	0.00912	0.01064	0.00760	0.00380	0.00380	0.00076	0.00380	0.00304	0.00304	0.85104
63	0.00650	0.00524	0.00582	0.00586	0.00740	0.00456	0.00447	0.00811	0.01226	0.01539	0.20561	0.06889	0.54725	0.01264	0.00616	0.00177	0.00274	0.06991	0.00495	0.00447
64	0.00631	0.00461	0.00595	0.00700	0.00751	0.00426	0.00480	0.00731	0.01013	0.01328	0.03110	0.69348	0.12452	0.01563	0.00651	0.00205	0.00300	0.04358	0.00476	0.00421
65	0.01239	0.01399	0.02738	0.01995	0.02445	0.06031	0.63896	0.01621	0.01187	0.01595	0.01013	0.01351	0.00779	0.00481	0.00676	0.00173	0.07314	0.00572	0.02823	0.00669
66	0.06989	0.11704	0.05801	0.14097	0.04823	0.04695	0.01003	0.12805	0.06744	0.19385	0.01281	0.01367	0.00933	0.00755	0.05259	0.00194	0.00608	0.00440	0.00392	0.00725
67	0.00625	0.00447	0.00595	0.00714	0.00744	0.00417	0.00476	0.00714	0.00982	0.01310	0.02828	0.81633	0.03394	0.01608	0.00655	0.00208	0.00298	0.01459	0.00476	0.00417
68	0.00634	0.00460	0.00601	0.00711	0.00757	0.00427	0.00488	0.00735	0.01008	0.01328	0.03012	0.71515	0.09382	0.01573	0.00654	0.00207	0.00304	0.05308	0.00476	0.00421
69	0.01390	0.15181	0.18602	0.05000	0.10314	0.04421	0.16320	0.01795	0.05282	0.13806	0.01174	0.02487	0.00885	0.00519	0.00496	0.00154	0.00655	0.00465	0.00318	0.00735
70	0.01723	0.01819	0.01668	0.01764	0.20856	0.38753	0.04510	0.12459	0.04462	0.05641	0.01021	0.01155	0.00800	0.00531	0.00492	0.00145	0.00749	0.00412	0.00325	0.00715
71	0.01110	0.00911	0.01069	0.00766	0.01219	0.00687	0.00613	0.01337	0.01079	0.04546	0.00953	0.01089	0.00779	0.00389	0.00385	0.00079	0.00382	0.00312	0.00316	0.81979
72	0.01163	0.01231	0.02454	0.05039	0.02317	0.01188	0.55243	0.04606	0.06439	0.01751	0.08046	0.01802	0.05032	0.00557	0.00592	0.00171	0.00731	0.00644	0.00323	0.00672

[dist]
# distance from previous block
# <min> <max>
1	5

[block]
# block no. 1 follows, 48 sequences, length 105
# corresponding to MSA columns:
# 542-646
name=unknown_B
#
# <colnr> <probs for GDERKNQSTAVLIFYWHMCP>
#	G	D	E	R	K	N	Q	S	T	A	V	L	I	F	Y	W	H	M	C	P
0	0.00692	0.00512	0.00652	0.00719	0.00790	0.00494	0.00500	0.00913	0.06727	0.01521	0.17787	0.57894	0.06022	0.01420	0.00634	0.00195	0.00293	0.01277	0.00497	0.00460
1	0.00805	0.00545	0.00715	0.03746	0.00828	0.00583	0.00488	0.00891	0.00810	0.03817	0.01517	0.02742	0.01590	0.47896	0.30263	0.00591	0.00818	0.00656	0.00306	0.00394
2	0.16132	0.00880	0.01095	0.00859	0.01233	0.00811	0.00708	0.02292	0.01356	0.63781	0.01795	0.01600	0.01153	0.00607	0.00478	0.00157	0.00423	0.00475	0.03356	0.00807
3	0.00815	0.00526	0.00663	0.00687	0.00789	0.00497	0.00492	0.01026	0.04140	0.06277	0.24339	0.40104	0.05965	0.01233	0.00593	0.00180	0.00287	0.01096	0.09807	0.00486
4	0.00696	0.00523	0.00644	0.00614	0.00748	0.00471	0.00460	0.00909	0.01380	0.01887	0.59848	0.04114	0.23596	0.01113	0.00605	0.00164	0.00247	0.00967	0.00542	0.00471
5	0.00638	0.00456	0.00610	0.00723	0.00760	0.00427	0.00493	0.00740	0.01009	0.01348	0.05660	0.75147	0.03427	0.01578	0.00656	0.00208	0.00304	0.04914	0.00479	0.00422
6	0.02119	0.00888	0.01159	0.00913	0.01286	0.00811	0.00746	0.02480	0.11274	0.66260	0.02019	0.01774	0.01310	0.00641	0.00511	0.00159	0.00425	0.00523	0.03853	0.00850
7	0.01064	0.00912	0.01064	0.00760	0.01216	0.00684	0.00608	0.01292	0.01064	0.01672	0.00912	0.01064	0.00760	0.00380	0.00380	0.00076	0.00380	0.00304	0.00304	0.85104
8	0.01276	0.01102	0.01160	0.01044	0.01334	0.01276	0.00812	0.02727	0.77840	0.02146	0.02088	0.01914	0.01566	0.00696	0.00522	0.00174	0.00406	0.00580	0.00522	0.00812
9	0.00969	0.00912	0.01539	0.80734	0.03534	0.01140	0.01425	0.01311	0.01026	0.01311	0.00912	0.01368	0.00684	0.00513	0.00513	0.00171	0.00684	0.00456	0.00228	0.00570
10	0.01029	0.02654	0.79309	0.01462	0.02221	0.01192	0.01896	0.01625	0.01083	0.01625	0.00921	0.01083	0.00650	0.00487	0.00487	0.00162	0.00758	0.00379	0.00217	0.00758
11	0.00625	0.00447	0.00595	0.00714	0.00744	0.00417	0.00476	0.00714	0.00982	0.01310	0.02828	0.81633	0.03394	0.01608	0.00655	0.00208	0.00298	0.01459	0.00476	0.00417
12	0.02302	0.00873	0.01191	0.00913	0.01310	0.00754	0.00754	0.02501	0.01469	0.79122	0.02024	0.01746	0.01270	0.00635	0.00516	0.00159	0.00437	0.00516	0.00635	0.00873
13	0.00737	0.00512	0.00625	0.00623	0.00656	0.00528	0.00398	0.00794	0.00808	0.01097	0.04673	0.03122	0.04720	0.57558	0.20522	0.00549	0.00684	0.00720	0.00319	0.00357
14	0.01211	0.01384	0.03028	0.02163	0.02682	0.01298	0.76903	0.01644	0.01211	0.01644	0.01038	0.01384	0.00779	0.00433	0.00606	0.00173	0.00865	0.00606	0.00260	0.00692
15	0.00606	0.00520	0.00520	0.00520	0.00693	0.00433	0.00390	0.00736	0.01170	0.01386	0.05198	0.04938	0.78558	0.01299	0.00606	0.00173	0.00260	0.01083	0.00476	0.00433
16	0.15396	0.01159	0.01284	0.01098	0.01283	0.06613	0.00891	0.16532	0.01242	0.07462	0.01141	0.10200	0.01043	0.00808	0.00940	0.00187	0.31200	0.00534	0.00359	0.00631
17	0.01100	0.05452	0.66518	0.01457	0.02162	0.01220	0.06783	0.01684	0.03601	0.03904	0.00991	0.01140	0.00707	0.00493	0.00491	0.00161	0.00737	0.00401	0.00242	0.00755
18	0.00974	0.00958	0.01735	0.01331	0.01631	0.03193	0.34005	0.01296	0.01347	0.01852	0.42234	0.02673	0.02936	0.00763	0.00601	0.00166	0.00535	0.00769	0.00422	0.00579
19	0.00791	0.00521	0.00632	0.00629	0.00679	0.00508	0.00414	0.00875	0.00971	0.03602	0.18745	0.06103	0.02652	0.51838	0.01872	0.00380	0.00431	0.07576	0.00396	0.00384
20	0.01159	0.08056	0.48439	0.01550	0.02190	0.01241	0.20769	0.01653	0.01141	0.05611	0.02795	0.01239	0.00813	0.00491	0.00510	0.00161	0.00741	0.00449	0.00257	0.00734
21	0.25198	0.00906	0.01071	0.00847	0.01223	0.00863	0.00700	0.02228	0.01305	0.58005	0.01664	0.01495	0.01074	0.00591	0.00461	0.00159	0.00426	0.00451	0.00548	0.00786
22	0.00625	0.00447	0.00595	0.00714	0.00744	0.00417	0.00476	0.00714	0.00982	0.01310	0.02828	0.81633	0.03394	0.01608	0.00655	0.00208	0.00298	0.01459	0.00476	0.00417
23	0.82956	0.01006	0.00779	0.00691	0.01011	0.01165	0.00569	0.03889	0.00922	0.02331	0.00731	0.00846	0.00566	0.00481	0.00324	0.00159	0.00402	0.00284	0.00324	0.00566
24	0.09695	0.00993	0.01383	0.02984	0.04470	0.00968	0.09596	0.07384	0.08774	0.39484	0.05361	0.01762	0.03527	0.00630	0.00515	0.00162	0.00487	0.00538	0.00510	0.00776
25	0.15769	0.01205	0.01289	0.01039	0.01392	0.01335	0.00849	0.36591	0.15676	0.14146	0.01397	0.01362	0.00997	0.00622	0.00532	0.00162	0.03893	0.00460	0.00488	0.00796
26	0.00661	0.00530	0.00598	0.00618	0.00769	0.00466	0.00481	0.00823	0.01203	0.01501	0.14742	0.07940	0.52540	0.01297	0.00626	0.00184	0.00295	0.13792	0.00488	0.00446
27	0.82394	0.00988	0.00771	0.00684	0.01004	0.01136	0.00563	0.01546	0.00896	0.05252	0.00765	0.00869	0.00583	0.00482	0.00325	0.00159	0.00398	0.00287	0.00330	0.00568
28	0.01123	0.00576	0.00769	0.00756	0.00902	0.00521	0.00552	0.01263	0.01169	0.23510	0.09851	0.48654	0.02857	0.01242	0.00600	0.00187	0.00330	0.01105	0.03476	0.00555
29	0.01331	0.01284	0.01808	0.10169	0.46749	0.07686	0.02459	0.05931	0.14044	0.01770	0.01149	0.01359	0.00916	0.00517	0.00509	0.00157	0.00610	0.00470	0.00311	0.00772
30	0.01472	0.00960	0.01031	0.00860	0.01134	0.01036	0.00688	0.29215	0.14224	0.08168	0.01607	0.01652	0.01192	0.00623	0.00454	0.00144	0.00400	0.00492	0.33943	0.00706
31	0.01429	0.00706	0.00905	0.00778	0.01022	0.00651	0.00610	0.01731	0.07502	0.34109	0.24922	0.09992	0.05826	0.00879	0.00549	0.00163	0.00342	0.00753	0.06467	0.00664
32	0.04262	0.00501	0.00501	0.00496	0.00623	0.00505	0.00374	0.01194	0.01090	0.01937	0.06203	0.01985	0.01495	0.00620	0.00372	0.00124	0.00245	0.00497	0.76494	0.00482
33	0.00675	0.00520	0.00617	0.00598	0.00737	0.00462	0.00447	0.00868	0.01324	0.01766	0.46872	0.06987	0.33937	0.01168	0.00607	0.00168	0.00251	0.01008	0.00527	0.00462
34	0.00741	0.00541	0.00698	0.00661	0.00784	0.00508	0.00495	0.01017	0.03952	0.02033	0.73141	0.06686	0.04679	0.01058	0.00604	0.00164	0.00250	0.00936	0.00560	0.00492
35	0.85592	0.00992	0.00754	0.00675	0.00992	0.01151	0.00556	0.01508	0.00873	0.02302	0.00714	0.00834	0.00556	0.00476	0.00318	0.00159	0.00397	0.00278	0.00318	0.00556
36	0.85592	0.00992	0.00754	0.00675	0.00992	0.01151	0.00556	0.01508	0.00873	0.02302	0.00714	0.00834	0.00556	0.00476	0.00318	0.00159	0.00397	0.00278	0.00318	0.00556
37	0.00677	0.00523	0.00618	0.00594	0.00736	0.00463	0.00446	0.00873	0.01337	0.01783	0.48508	0.04285	0.35001	0.01151	0.00606	0.00166	0.00249	0.00991	0.00529	0.00463
38	0.01339	0.74152	0.05557	0.00893	0.01346	0.01914	0.00901	0.01525	0.01045	0.01252	0.00734	0.00848	0.00664	0.00437	0.00339	0.00110	0.00546	0.00280	0.00225	0.05893
39	0.00889	0.00705	0.00946	0.09585	0.03754	0.03019	0.00864	0.02760	0.01219	0.01585	0.10083	0.07353	0.04928	0.01212	0.00654	0.00211	0.00480	0.48805	0.00444	0.00504
40	0.01132	0.00693	0.00901	0.00887	0.01073	0.00687	0.00734	0.01507	0.11107	0.15717	0.14293	0.04139	0.02714	0.04915	0.00723	0.00215	0.00423	0.37041	0.00515	0.00583
41	0.01592	0.04688	0.02010	0.01496	0.01904	0.14143	0.26629	0.23672	0.12094	0.04756	0.01219	0.01329	0.00907	0.00544	0.00530	0.00158	0.00698	0.00500	0.00381	0.00750
42	0.01211	0.01384	0.03028	0.02163	0.02682	0.01298	0.76903	0.01644	0.01211	0.01644	0.01038	0.01384	0.00779	0.00433	0.00606	0.00173	0.00865	0.00606	0.00260	0.00692
43	0.01846	0.01182	0.01901	0.01403	0.01845	0.01139	0.26813	0.19944	0.01605	0.34609	0.01499	0.01500	0.01008	0.00561	0.00546	0.00162	0.00613	0.00534	0.00478	0.00811
44	0.00660	0.00517	0.00597	0.00587	0.00728	0.00454	0.00436	0.00836	0.01281	0.01673	0.36892	0.09309	0.41778	0.01210	0.00609	0.00170	0.00255	0.01039	0.00515	0.00454
45	0.02302	0.00873	0.01191	0.00913	0.01310	0.00754	0.00754	0.02501	0.01469	0.79122	0.02024	0.01746	0.01270	0.00635	0.00516	0.00159	0.00437	0.00516	0.00635	0.00873
46	0.00625	0.00447	0.00595	0.00714	0.00744	0.00417	0.00476	0.00714	0.00982	0.01310	0.02828	0.81633	0.03394	0.01608	0.00655	0.00208	0.00298	0.01459	0.00476	0.00417
47	0.10381	0.00885	0.01148	0.00890	0.01279	0.00793	0.00735	0.02404	0.01411	0.71671	0.01897	0.01658	0.01201	0.00620	0.00497	0.00159	0.00433	0.00493	0.00604	0.00842
48	0.01073	0.01036	0.01635	0.53031	0.23274	0.04460	0.01402	0.01384	0.01080	0.01405	0.01011	0.05100	0.00845	0.00550	0.00516	0.00166	0.00656	0.00498	0.00248	0.00628
49	0.01426	0.01481	0.01911	0.04075	0.47800	0.20017	0.06770	0.01691	0.01233	0.03988	0.00978	0.01242	0.00804	0.00612	0.03619	0.00176	0.00730	0.00443	0.00269	0.00735
50	0.01064	0.00912	0.01064	0.00760	0.01216	0.00684	0.00608	0.01292	0.01064	0.01672	0.00912	0.01064	0.00760	0.00380	0.00380	0.00076	0.00380	0.00304	0.00304	0.85104
51	0.01123	0.01123	0.01572	0.01347	0.01347	0.01572	0.01123	0.01235	0.00786	0.01235	0.00674	0.01123	0.00674	0.00898	0.01684	0.00225	0.81028	0.00449	0.00225	0.00561
52	0.00684	0.00521	0.00608	0.00586	0.00729	0.00462	0.00439	0.00879	0.01318	0.01768	0.44525	0.04226	0.35877	0.01137	0.00596	0.00165	0.00249	0.00976	0.03792	0.00462
53	0.00688	0.00518	0.00636	0.00617	0.00746	0.00467	0.00459	0.00891	0.01349	0.01834	0.54446	0.08944	0.24226	0.01150	0.00609	0.00167	0.00250	0.01002	0.00536	0.00467
54	0.00662	0.00538	0.00589	0.00573	0.00734	0.00473	0.00431	0.00865	0.03525	0.01610	0.27080	0.04517	0.54178	0.01207	0.00604	0.00170	0.00259	0.01022	0.00504	0.00460
55	0.08025	0.00867	0.01134	0.00880	0.01261	0.00771	0.00726	0.02383	0.01413	0.70903	0.01920	0.01689	0.01222	0.00623	0.00496	0.00157	0.00426	0.00498	0.03769	0.00836
56	0.01276	0.01102	0.01160	0.01044	0.01334	0.01276	0.00812	0.02727	0.77840	0.02146	0.02088	0.01914	0.01566	0.00696	0.00522	0.00174	0.00406	0.00580	0.00522	0.00812
57	0.01064	0.00912	0.01064	0.00760	0.01216	0.00684	0.00608	0.01292	0.01064	0.01672	0.00912	0.01064	0.00760	0.00380	0.00380	0.00076	0.00380	0.00304	0.00304	0.85104
58	0.85592	0.00992	0.00754	0.00675	0.00992	0.01151	0.00556	0.01508	0.00873	0.02302	0.00714	0.00834	0.00556	0.00476	0.00318	0.00159	0.00397	0.00278	0.00318	0.00556
59	0.00969	0.00912	0.01539	0.80734	0.03534	0.01140	0.01425	0.01311	0.01026	0.01311	0.00912	0.01368	0.00684	0.00513	0.00513	0.00171	0.00684	0.00456	0.00228	0.00570
60	0.00629	0.00449	0.00598	0.00712	0.00745	0.00419	0.00477	0.00723	0.00999	0.01336	0.05430	0.78957	0.03443	0.01588	0.00653	0.00207	0.00296	0.01440	0.00479	0.00419
61	0.00703	0.00515	0.00659	0.00640	0.00757	0.00472	0.00474	0.00917	0.01372	0.01907	0.62683	0.12481	0.12237	0.01136	0.00611	0.00168	0.00250	0.01002	0.00546	0.00472
62	0.01372	0.82276	0.02689	0.00878	0.01317	0.02030	0.00878	0.01536	0.01043	0.01207	0.00713	0.00823	0.00658	0.00439	0.00329	0.00110	0.00549	0.00274	0.00219	0.00658
63	0.01123	0.01123	0.01572	0.01347	0.01347	0.01572	0.01123	0.01235	0.00786	0.01235	0.00674	0.01123	0.00674	0.00898	0.01684	0.00225	0.81028	0.00449	0.00225	0.00561
64	0.00625	0.00447	0.00595	0.00714	0.00744	0.00417	0.00476	0.00714	0.00982	0.01310	0.02828	0.81633	0.03394	0.01608	0.00655	0.00208	0.00298	0.01459	0.00476	0.00417
65	0.01090	0.02261	0.57804	0.01557	0.04854	0.01216	0.10971	0.01758	0.10357	0.01692	0.01078	0.01227	0.00782	0.00505	0.00507	0.00165	0.00724	0.00434	0.00260	0.00759
66	0.01854	0.08271	0.01548	0.01290	0.01560	0.71913	0.00987	0.01988	0.01404	0.01252	0.00784	0.00924	0.00661	0.00533	0.00488	0.00133	0.03223	0.00330	0.00260	0.00599
67	0.01276	0.01102	0.01160	0.01044	0.01334	0.01276	0.00812	0.02727	0.77840	0.02146	0.02088	0.01914	0.01566	0.00696	0.00522	0.00174	0.00406	0.00580	0.00522	0.00812
68	0.01270	0.01219	0.02083	0.03149	0.78767	0.01219	0.01575	0.01575	0.01168	0.01676	0.00965	0.01270	0.00813	0.00457	0.00508	0.00152	0.00610	0.00457	0.00254	0.00813
69	0.85592	0.00992	0.00754	0.00675	0.00992	0.01151	0.00556	0.01508	0.00873	0.02302	0.00714	0.00834	0.00556	0.00476	0.00318	0.00159	0.00397	0.00278	0.00318	0.00556
70	0.00746	0.00497	0.00560	0.00560	0.00560	0.00497	0.00311	0.00746	0.00746	0.00995	0.01617	0.03358	0.01865	0.81967	0.02612	0.00497	0.00497	0.00746	0.00311	0.00311
71	0.01683	0.01461	0.01499	0.01226	0.01507	0.11776	0.00997	0.41911	0.09237	0.02392	0.01125	0.01232	0.00865	0.00680	0.00787	0.00170	0.19831	0.00453	0.00413	0.00756
72	0.00631	0.00454	0.00600	0.00715	0.00753	0.00423	0.00485	0.00727	0.00996	0.01320	0.02909	0.76410	0.06048	0.01590	0.00655	0.00208	0.00302	0.03879	0.00476	0.00419
73	0.01055	0.03788	0.01589	0.70711	0.05170	0.03949	0.01380	0.03818	0.01090	0.01377	0.00913	0.01327	0.00692	0.00513	0.00505	0.00167	0.00682	0.00446	0.00239	0.00590
74	0.04731	0.01345	0.04296	0.01454	0.11225	0.08089	0.07648	0.12980	0.31155	0.06347	0.01468	0.01492	0.01102	0.00606	0.00556	0.00165	0.03649	0.00501	0.00418	0.00774
75	0.01026	0.00637	0.00808	0.00807	0.00973	0.00617	0.00641	0.01340	0.08971	0.13394	0.11574	0.19358	0.10822	0.01176	0.00613	0.00193	0.00367	0.22346	0.03782	0.00554
76	0.01190	0.01166	0.02070	0.21715	0.51137	0.01210	0.10951	0.01520	0.01139	0.01584	0.00961	0.01308	0.00777	0.00468	0.00521	0.00159	0.00659	0.00475	0.00248	0.00739
77	0.00757	0.00530	0.00723	0.00722	0.00795	0.00586	0.00529	0.00903	0.00850	0.01240	0.04113	0.02395	0.01550	0.22471	0.51001	0.00657	0.01017	0.00604	0.08133	0.00425
78	0.00627	0.00447	0.00595	0.00712	0.00741	0.00418	0.00473	0.00715	0.00978	0.01304	0.02807	0.80248	0.03367	0.03029	0.00690	0.00213	0.00301	0.01446	0.00473	0.00415
79	0.00718	0.00524	0.00675	0.00637	0.00762	0.00481	0.00478	0.00953	0.01434	0.02013	0.73620	0.03906	0.09745	0.01066	0.00605	0.00162	0.00243	0.00938	0.00559	0.00481
80	0.00673	0.00480	0.00650	0.00769	0.00819	0.00458	0.00559	0.00796	0.01029	0.01363	0.02802	0.63801	0.03290	0.01563	0.00668	0.00215	0.00339	0.18823	0.00475	0.00430
81	0.01372	0.82276	0.02689	0.00878	0.01317	0.02030	0.00878	0.01536	0.01043	0.01207	0.00713	0.00823	0.00658	0.00439	0.00329	0.00110	0.00549	0.00274	0.00219	0.00658
82	0.01029	0.02654	0.79309	0.01462	0.02221	0.01192	0.01896	0.01625	0.01083	0.01625	0.00921	0.01083	0.00650	0.00487	0.00487	0.00162	0.00758	0.00379	0.00217	0.00758
83	0.02302	0.00873	0.01191	0.00913	0.01310	0.00754	0.00754	0.02501	0.01469	0.79122	0.02024	0.01746	0.01270	0.00635	0.00516	0.00159	0.00437	0.00516	0.00635	0.00873
84	0.01372	0.82276	0.02689	0.00878	0.01317	0.02030	0.00878	0.01536	0.01043	0.01207	0.00713	0.00823	0.00658	0.00439	0.00329	0.00110	0.00549	0.00274	0.00219	0.00658
85	0.00969	0.00912	0.01539	0.80734	0.03534	0.01140	0.01425	0.01311	0.01026	0.01311	0.00912	0.01368	0.00684	0.00513	0.00513	0.00171	0.00684	0.00456	0.00228	0.00570
86	0.00827	0.00591	0.00827	0.00945	0.01063	0.00591	0.00827	0.01063	0.01181	0.01536	0.02717	0.05788	0.02953	0.01417	0.00709	0.00236	0.00472	0.75313	0.00472	0.00472
87	0.00625	0.00447	0.00595	0.00714	0.00744	0.00417	0.00476	0.00714	0.00982	0.01310	0.02828	0.81633	0.03394	0.01608	0.00655	0.00208	0.00298	0.01459	0.00476	0.00417
88	0.07936	0.01405	0.01484	0.01144	0.01548	0.01560	0.00945	0.71649	0.02302	0.03167	0.01195	0.01203	0.00850	0.00606	0.00499	0.00154	0.00553	0.00449	0.00499	0.00850
89	0.00795	0.00568	0.00790	0.00909	0.01013	0.00563	0.00772	0.01008	0.01150	0.01500	0.02734	0.17727	0.03022	0.01447	0.00700	0.00232	0.00445	0.63687	0.00473	0.00464
90	0.01372	0.82276	0.02689	0.00878	0.01317	0.02030	0.00878	0.01536	0.01043	0.01207	0.00713	0.00823	0.00658	0.00439	0.00329	0.00110	0.00549	0.00274	0.00219	0.00658
91	0.00746	0.00497	0.00560	0.00560	0.00560	0.00497	0.00311	0.00746	0.00746	0.00995	0.01617	0.03358	0.01865	0.81967	0.02612	0.00497	0.00497	0.00746	0.00311	0.00311
92	0.01029	0.02654	0.79309	0.01462	0.02221	0.01192	0.01896	0.01625	0.01083	0.01625	0.00921	0.01083	0.00650	0.00487	0.00487	0.00162	0.00758	0.00379	0.00217	0.00758
93	0.01205	0.02132	0.52125	0.03372	0.07011	0.01164	0.14040	0.01709	0.01148	0.09704	0.01058	0.01220	0.00747	0.00493	0.00512	0.00163	0.00731	0.00437	0.00270	0.00759
94	0.01086	0.05577	0.73708	0.01421	0.02155	0.01208	0.01818	0.01652	0.01095	0.04316	0.00952	0.01097	0.00672	0.00491	0.00483	0.00160	0.00739	0.00380	0.00231	0.00759
95	0.00614	0.00489	0.00551	0.00601	0.00714	0.00426	0.00426	0.00727	0.01092	0.01354	0.04211	0.36864	0.47269	0.01428	0.00627	0.00188	0.00276	0.01239	0.00476	0.00426
96	0.01779	0.13991	0.01643	0.01259	0.01529	0.62795	0.00984	0.01914	0.01345	0.01247	0.00773	0.00925	0.00662	0.00543	0.00533	0.00136	0.06754	0.00331	0.00255	0.00602
97	0.01311	0.01414	0.10664	0.05276	0.25866	0.01224	0.34303	0.04268	0.01239	0.07734	0.01082	0.01339	0.00813	0.00471	0.00549	0.00164	0.00725	0.00518	0.00290	0.00752
98	0.00614	0.00514	0.00534	0.00542	0.00701	0.00434	0.00401	0.00745	0.01167	0.01411	0.08451	0.11213	0.68889	0.01313	0.00610	0.00176	0.00262	0.01107	0.00481	0.00434
99	0.00671	0.00479	0.00616	0.00669	0.00743	0.00443	0.00468	0.00820	0.01156	0.01589	0.28303	0.47226	0.08940	0.01360	0.00623	0.00187	0.00274	0.01217	0.03773	0.00443
100	0.01372	0.12354	0.15302	0.04408	0.02220	0.01315	0.38035	0.05275	0.01251	0.11820	0.01109	0.01299	0.00807	0.00481	0.00530	0.00160	0.00728	0.00500	0.00307	0.00727
101	0.01028	0.00872	0.06705	0.00820	0.01013	0.06420	0.00666	0.04164	0.01280	0.10253	0.24333	0.29621	0.05668	0.01090	0.00581	0.00174	0.00385	0.00950	0.03432	0.00546
102	0.00748	0.00566	0.00713	0.00779	0.00906	0.00542	0.00633	0.00982	0.04173	0.01519	0.08278	0.16461	0.23748	0.01361	0.00659	0.00208	0.00371	0.36404	0.00482	0.00468
103	0.01097	0.00972	0.01079	0.00782	0.01231	0.03791	0.00623	0.01322	0.01079	0.01656	0.00907	0.01059	0.00756	0.00386	0.00383	0.00078	0.00401	0.00305	0.00302	0.81790
104	0.01481	0.15915	0.14672	0.13452	0.03740	0.04503	0.01122	0.09973	0.08120	0.16252	0.02308	0.01331	0.00945	0.00548	0.00472	0.00149	0.00580	0.00430	0.00367	0.03641

[dist]
# distance from previous block
# <min> <max>
0	9

[block]
# block no. 2 follows, 48 sequences, length 27
# corresponding to MSA columns:
# 656-682
name=unknown_C
#
# <colnr> <probs for GDERKNQSTAVLIFYWHMCP>
#	G	D	E	R	K	N	Q	S	T	A	V	L	I	F	Y	W	H	M	C	P
0	0.19674	0.16092	0.36227	0.01270	0.04438	0.01355	0.05713	0.01599	0.03192	0.01702	0.00871	0.01032	0.00671	0.00494	0.00477	0.00155	0.03735	0.00363	0.00252	0.00688
1	0.00969	0.00912	0.01539	0.80734	0.03534	0.01140	0.01425	0.01311	0.01026	0.01311	0.00912	0.01368	0.00684	0.00513	0.00513	0.00171	0.00684	0.00456	0.00228	0.00570
2	0.01319	0.01421	0.01646	0.31636	0.05102	0.23027	0.11197	0.05204	0.06172	0.01499	0.01184	0.03885	0.03312	0.00580	0.00519	0.00160	0.00723	0.00500	0.00291	0.00622
3	0.01308	0.01118	0.01178	0.01051	0.01346	0.01291	0.00820	0.06240	0.74274	0.02198	0.02048	0.01882	0.01534	0.00692	0.00522	0.00173	0.00414	0.00575	0.00522	0.00815
4	0.00731	0.00531	0.00749	0.00797	0.00872	0.00569	0.00609	0.00886	0.00921	0.01264	0.01974	0.19314	0.02122	0.11489	0.38928	0.00542	0.00872	0.16031	0.00361	0.00436
5	0.00625	0.00447	0.00595	0.00714	0.00744	0.00417	0.00476	0.00714	0.00982	0.01310	0.02828	0.81633	0.03394	0.01608	0.00655	0.00208	0.00298	0.01459	0.00476	0.00417
6	0.00746	0.00497	0.00560	0.00560	0.00560	0.00497	0.00311	0.00746	0.00746	0.00995	0.01617	0.03358	0.01865	0.81967	0.02612	0.00497	0.00497	0.00746	0.00311	0.00311
7	0.01951	0.01437	0.01540	0.01181	0.01591	0.01591	0.00975	0.77056	0.02412	0.03234	0.01232	0.01232	0.00873	0.00616	0.00513	0.00154	0.00565	0.00462	0.00513	0.00873
8	0.02302	0.00873	0.01191	0.00913	0.01310	0.00754	0.00754	0.02501	0.01469	0.79122	0.02024	0.01746	0.01270	0.00635	0.00516	0.00159	0.00437	0.00516	0.00635	0.00873
9	0.01276	0.01102	0.01160	0.01044	0.01334	0.01276	0.00812	0.02727	0.77840	0.02146	0.02088	0.01914	0.01566	0.00696	0.00522	0.00174	0.00406	0.00580	0.00522	0.00812
10	0.00827	0.00591	0.00827	0.00945	0.01063	0.00591	0.00827	0.01063	0.01181	0.01536	0.02717	0.05788	0.02953	0.01417	0.00709	0.00236	0.00472	0.75313	0.00472	0.00472
11	0.01276	0.01102	0.01160	0.01044	0.01334	0.01276	0.00812	0.02727	0.77840	0.02146	0.02088	0.01914	0.01566	0.00696	0.00522	0.00174	0.00406	0.00580	0.00522	0.00812
12	0.01873	0.01415	0.01596	0.01224	0.01633	0.01558	0.04933	0.68793	0.06736	0.03087	0.01272	0.01280	0.00908	0.00611	0.00519	0.00156	0.00571	0.00476	0.00501	0.00860
13	0.01255	0.01228	0.02166	0.05250	0.68683	0.01225	0.09438	0.01574	0.01169	0.01663	0.00971	0.01285	0.00806	0.00456	0.00518	0.00155	0.00638	0.00473	0.00254	0.00793
14	0.00726	0.00524	0.00686	0.00646	0.00767	0.00484	0.00484	0.00968	0.01452	0.02058	0.78496	0.03833	0.04841	0.01049	0.00605	0.00161	0.00242	0.00928	0.00565	0.00484
15	0.01735	0.03730	0.10023	0.14528	0.04676	0.00993	0.10866	0.02034	0.01296	0.42548	0.01513	0.01519	0.01006	0.00560	0.00518	0.00161	0.00578	0.00493	0.00447	0.00778
16	0.01270	0.01219	0.02083	0.03149	0.78767	0.01219	0.01575	0.01575	0.01168	0.01676	0.00965	0.01270	0.00813	0.00457	0.00508	0.00152	0.00610	0.00457	0.00254	0.00813
17	0.00625	0.00447	0.00595	0.00714	0.00744	0.00417	0.00476	0.00714	0.00982	0.01310	0.02828	0.81633	0.03394	0.01608	0.00655	0.00208	0.00298	0.01459	0.00476	0.00417
18	0.01200	0.01458	0.07464	0.02122	0.02655	0.01291	0.72541	0.01643	0.01204	0.01643	0.01031	0.01367	0.00771	0.00436	0.00599	0.00172	0.00859	0.00592	0.00257	0.00696
19	0.00969	0.00912	0.01539	0.80734	0.03534	0.01140	0.01425	0.01311	0.01026	0.01311	0.00912	0.01368	0.00684	0.00513	0.00513	0.00171	0.00684	0.00456	0.00228	0.00570
20	0.02302	0.00873	0.01191	0.00913	0.01310	0.00754	0.00754	0.02501	0.01469	0.79122	0.02024	0.01746	0.01270	0.00635	0.00516	0.00159	0.00437	0.00516	0.00635	0.00873
21	0.01889	0.01378	0.01474	0.01137	0.01529	0.01522	0.00937	0.72339	0.02329	0.03152	0.01259	0.01274	0.00900	0.00615	0.00504	0.00152	0.00544	0.00463	0.05755	0.00848
22	0.00625	0.00447	0.00595	0.00714	0.00744	0.00417	0.00476	0.00714	0.00982	0.01310	0.02828	0.81633	0.03394	0.01608	0.00655	0.00208	0.00298	0.01459	0.00476	0.00417
23	0.01235	0.03416	0.01804	0.13530	0.42528	0.01235	0.02820	0.07958	0.05607	0.01754	0.05192	0.03074	0.01096	0.00575	0.00592	0.00162	0.05875	0.00507	0.00306	0.00734
24	0.01596	0.40549	0.04991	0.01183	0.05130	0.26047	0.00996	0.11209	0.01350	0.01515	0.00823	0.00937	0.00693	0.00492	0.00408	0.00126	0.00678	0.00328	0.00272	0.00677
25	0.01074	0.00921	0.01068	0.00773	0.01221	0.00711	0.00617	0.01358	0.04617	0.01694	0.00966	0.01103	0.00797	0.00395	0.00387	0.00081	0.00381	0.00317	0.00314	0.81203
26	0.00889	0.00580	0.00764	0.00738	0.03243	0.00529	0.00536	0.01118	0.01419	0.09669	0.61627	0.03648	0.11227	0.01013	0.00593	0.00162	0.00275	0.00887	0.00554	0.00528

[dist]
# distance from previous block
# <min> <max>
4	6

[block]
# block no. 3 follows, 48 sequences, length 31
# corresponding to MSA columns:
# 689-719
name=unknown_D
#
# <colnr> <probs for GDERKNQSTAVLIFYWHMCP>
#	G	D	E	R	K	N	Q	S	T	A	V	L	I	F	Y	W	H	M	C	P
0	0.01692	0.01372	0.04372	0.01307	0.08138	0.05077	0.00998	0.37230	0.23588	0.08587	0.01482	0.01450	0.01078	0.00618	0.00512	0.00159	0.00538	0.00490	0.00480	0.00833
1	0.01407	0.12408	0.04674	0.01185	0.01440	0.04314	0.01016	0.19415	0.17215	0.01905	0.01117	0.01263	0.00902	0.00698	0.00893	0.00176	0.28460	0.00448	0.00354	0.00709
2	0.01237	0.01185	0.02023	0.11732	0.70444	0.01210	0.01558	0.01546	0.01153	0.01636	0.00959	0.01281	0.00799	0.00463	0.00509	0.00154	0.00618	0.00457	0.00251	0.00786
3	0.00742	0.00515	0.00647	0.00647	0.00677	0.00545	0.00419	0.00802	0.00772	0.01059	0.01537	0.02918	0.01674	0.56341	0.27977	0.00605	0.00785	0.00682	0.00299	0.00359
4	0.12037	0.01111	0.01794	0.01433	0.05928	0.01081	0.26008	0.06573	0.05963	0.27553	0.04310	0.01545	0.01122	0.00557	0.00524	0.00164	0.00582	0.00529	0.00434	0.00752
5	0.01332	0.01090	0.01162	0.01037	0.01333	0.01248	0.00809	0.02714	0.73694	0.06324	0.02085	0.01905	0.01550	0.00693	0.00522	0.00173	0.00408	0.00577	0.00528	0.00815
6	0.01166	0.00849	0.01023	0.00762	0.01160	0.00663	0.00607	0.01393	0.01172	0.11303	0.12699	0.01564	0.01436	0.00512	0.00431	0.00099	0.00366	0.00424	0.00384	0.61986
7	0.01411	0.06851	0.23616	0.08411	0.27197	0.01199	0.01423	0.06591	0.01258	0.15478	0.01137	0.01279	0.00831	0.00511	0.00493	0.00155	0.00620	0.00434	0.00324	0.00782
8	0.11741	0.01204	0.01447	0.01504	0.16376	0.06212	0.06993	0.03347	0.38251	0.03072	0.01540	0.03628	0.01208	0.00613	0.00500	0.00166	0.00514	0.00525	0.00408	0.00749
9	0.00625	0.00447	0.00595	0.00714	0.00744	0.00417	0.00476	0.00714	0.00982	0.01310	0.02828	0.81633	0.03394	0.01608	0.00655	0.00208	0.00298	0.01459	0.00476	0.00417
10	0.01046	0.00950	0.07818	0.03881	0.17295	0.00818	0.00913	0.05414	0.04887	0.07151	0.19767	0.16800	0.09311	0.00916	0.00566	0.00170	0.00427	0.00808	0.00436	0.00626
11	0.01211	0.01384	0.03028	0.02163	0.02682	0.01298	0.76903	0.01644	0.01211	0.01644	0.01038	0.01384	0.00779	0.00433	0.00606	0.00173	0.00865	0.00606	0.00260	0.00692
12	0.01273	0.01425	0.09887	0.11357	0.08255	0.09201	0.13646	0.11270	0.01223	0.01628	0.00984	0.01404	0.00835	0.08070	0.00950	0.00204	0.16974	0.00486	0.00282	0.00646
13	0.00735	0.00543	0.00792	0.00792	0.00872	0.00624	0.00601	0.00895	0.00815	0.01167	0.01404	0.02182	0.01355	0.13504	0.70377	0.00784	0.01266	0.00574	0.00279	0.00440
14	0.00655	0.00479	0.00623	0.00723	0.00786	0.00446	0.00518	0.00775	0.01046	0.01371	0.04930	0.59007	0.12654	0.01528	0.00656	0.00207	0.00318	0.12373	0.00478	0.00429
15	0.00716	0.00485	0.00569	0.00598	0.00606	0.00477	0.00352	0.00738	0.00805	0.01073	0.01918	0.22813	0.02245	0.61994	0.02125	0.00426	0.00448	0.00923	0.00352	0.00337
16	0.00718	0.00562	0.00587	0.00578	0.00744	0.00515	0.00434	0.00983	0.07750	0.01571	0.10674	0.07095	0.53279	0.01151	0.00570	0.00167	0.00270	0.00966	0.10913	0.00475
17	0.01064	0.00912	0.01064	0.00760	0.01216	0.00684	0.00608	0.01292	0.01064	0.01672	0.00912	0.01064	0.00760	0.00380	0.00380	0.00076	0.00380	0.00304	0.00304	0.85104
18	0.02156	0.00904	0.01238	0.00967	0.01314	0.00855	0.00800	0.02344	0.01384	0.69495	0.01857	0.01669	0.01196	0.00668	0.00660	0.00167	0.10398	0.00508	0.00584	0.00835
19	0.01265	0.01233	0.02164	0.03065	0.72242	0.01226	0.08034	0.01581	0.01172	0.01674	0.00971	0.01280	0.00810	0.00455	0.00516	0.00154	0.00631	0.00470	0.00254	0.00802
20	0.00822	0.00665	0.00929	0.00879	0.00930	0.00814	0.00672	0.00948	0.00798	0.01156	0.01275	0.02126	0.01282	0.21155	0.44827	0.00616	0.18814	0.00573	0.00272	0.00447
21	0.01270	0.01219	0.02083	0.03149	0.78767	0.01219	0.01575	0.01575	0.01168	0.01676	0.00965	0.01270	0.00813	0.00457	0.00508	0.00152	0.00610	0.00457	0.00254	0.00813
22	0.01342	0.75406	0.09299	0.00928	0.01395	0.01958	0.00966	0.01544	0.01046	0.01243	0.00731	0.00846	0.00658	0.00443	0.00343	0.00114	0.00567	0.00283	0.00219	0.00667
23	0.01140	0.00583	0.00634	0.00588	0.00756	0.00581	0.00452	0.01478	0.07724	0.11483	0.05078	0.01976	0.01484	0.00630	0.00403	0.00131	0.00278	0.00511	0.63536	0.00556
24	0.00781	0.00621	0.00917	0.00889	0.00970	0.00756	0.00701	0.00956	0.00820	0.01197	0.01288	0.01905	0.01207	0.03484	0.70262	0.00750	0.11220	0.00537	0.00269	0.00471
25	0.00625	0.00447	0.00595	0.00714	0.00744	0.00417	0.00476	0.00714	0.00982	0.01310	0.02828	0.81633	0.03394	0.01608	0.00655	0.00208	0.00298	0.01459	0.00476	0.00417
26	0.01694	0.00840	0.01052	0.00862	0.01173	0.00796	0.00692	0.06010	0.12559	0.42869	0.16598	0.02409	0.08589	0.00777	0.00541	0.00162	0.00387	0.00648	0.00586	0.00754
27	0.00979	0.00782	0.05163	0.00880	0.01052	0.00776	0.00722	0.10419	0.01054	0.05112	0.01370	0.01958	0.01236	0.09757	0.53285	0.02971	0.01096	0.00542	0.00320	0.00526
28	0.00714	0.00505	0.00630	0.00661	0.00767	0.00456	0.00477	0.00865	0.01184	0.04311	0.24884	0.36224	0.21808	0.01335	0.00626	0.00186	0.00282	0.03120	0.00507	0.00458
29	0.00635	0.00463	0.00600	0.00700	0.00751	0.00427	0.00480	0.00740	0.01028	0.01356	0.06127	0.67727	0.11296	0.01546	0.00650	0.00204	0.00298	0.04071	0.00480	0.00423
30	0.01872	0.06075	0.01523	0.01289	0.01567	0.66883	0.00988	0.08895	0.01504	0.01435	0.00826	0.00954	0.00681	0.00543	0.00495	0.00136	0.03084	0.00343	0.00284	0.00622

[dist]
# distance from previous block
# <min> <max>
0	3

[block]
# block no. 4 follows, 48 sequences, length 107
# corresponding to MSA columns:
# 723-829
name=unknown_E
#
# <colnr> <probs for GDERKNQSTAVLIFYWHMCP>
#	G	D	E	R	K	N	Q	S	T	A	V	L	I	F	Y	W	H	M	C	P
0	0.01129	0.06944	0.62330	0.01360	0.02011	0.01194	0.01672	0.01634	0.01100	0.06845	0.01067	0.01360	0.00814	0.00560	0.00541	0.00166	0.03985	0.04292	0.00259	0.00737
