[name]
unknown

[dist]
# distance from previous block
# <min> <max>
0	108

[block]
# block no. 0 follows, 48 sequences, length 44
# corresponding to MSA columns:
# 127-170
name=unknown_A
#
# <colnr> <probs for GDERKNQSTAVLIFYWHMCP>
#	G	D	E	R	K	N	Q	S	T	A	V	L	I	F	Y	W	H	M	C	P
0	0.00892	0.00660	0.00922	0.02861	0.07926	0.00651	0.00801	0.02782	0.01243	0.03506	0.14826	0.04639	0.09800	0.03141	0.00697	0.00212	0.00435	0.43026	0.00464	0.00518
1	0.01932	0.01242	0.01397	0.01081	0.01474	0.01314	0.00887	0.50626	0.06238	0.20645	0.01441	0.01389	0.00998	0.00642	0.00544	0.02144	0.00515	0.00474	0.00526	0.04491
2	0.85592	0.00992	0.00754	0.00675	0.00992	0.01151	0.00556	0.01508	0.00873	0.02302	0.00714	0.00834	0.00556	0.00476	0.00318	0.00159	0.00397	0.00278	0.00318	0.00556
3	0.01029	0.02654	0.79309	0.01462	0.02221	0.01192	0.01896	0.01625	0.01083	0.01625	0.00921	0.01083	0.00650	0.00487	0.00487	0.00162	0.00758	0.00379	0.00217	0.00758
4	0.00726	0.00524	0.00686	0.00646	0.00767	0.00484	0.00484	0.00968	0.01452	0.02058	0.78496	0.03833	0.04841	0.01049	0.00605	0.00161	0.00242	0.00928	0.00565	0.00484
5	0.00726	0.00524	0.00686	0.00646	0.00767	0.00484	0.00484	0.00968	0.01452	0.02058	0.78496	0.03833	0.04841	0.01049	0.00605	0.00161	0.00242	0.00928	0.00565	0.00484
6	0.00746	0.00497	0.00560	0.00560	0.00560	0.00497	0.00311	0.00746	0.00746	0.00995	0.01617	0.03358	0.01865	0.81967	0.02612	0.00497	0.00497	0.00746	0.00311	0.00311
7	0.01917	0.02445	0.01454	0.01322	0.01586	0.79907	0.00991	0.02049	0.01454	0.01256	0.00793	0.00925	0.00661	0.00529	0.00463	0.00132	0.00925	0.00330	0.00264	0.00595
8	0.01276	0.01102	0.01160	0.01044	0.01334	0.01276	0.00812	0.02727	0.77840	0.02146	0.02088	0.01914	0.01566	0.00696	0.00522	0.00174	0.00406	0.00580	0.00522	0.00812
9	0.77639	0.01035	0.00829	0.00723	0.01049	0.01193	0.00596	0.08691	0.01020	0.02391	0.00764	0.00871	0.00586	0.00490	0.00336	0.00158	0.00413	0.00295	0.00336	0.00586
10	0.00827	0.00591	0.00827	0.00945	0.01063	0.00591	0.00827	0.01063	0.01181	0.01536	0.02717	0.05788	0.02953	0.01417	0.00709	0.00236	0.00472	0.75313	0.00472	0.00472
11	0.00726	0.00524	0.00686	0.00646	0.00767	0.00484	0.00484	0.00968	0.01452	0.02058	0.78496	0.03833	0.04841	0.01049	0.00605	0.00161	0.00242	0.00928	0.00565	0.00484
12	0.85592	0.00992	0.00754	0.00675	0.00992	0.01151	0.00556	0.01508	0.00873	0.02302	0.00714	0.00834	0.00556	0.00476	0.00318	0.00159	0.00397	0.00278	0.00318	0.00556
13	0.00733	0.00550	0.00825	0.00825	0.00916	0.00641	0.00641	0.00916	0.00825	0.01191	0.01374	0.02016	0.01283	0.03848	0.79934	0.00825	0.01374	0.00550	0.00275	0.00458
14	0.01064	0.00912	0.01064	0.00760	0.01216	0.00684	0.00608	0.01292	0.01064	0.01672	0.00912	0.01064	0.00760	0.00380	0.00380	0.00076	0.00380	0.00304	0.00304	0.85104
15	0.01029	0.02654	0.79309	0.01462	0.02221	0.01192	0.01896	0.01625	0.01083	0.01625	0.00921	0.01083	0.00650	0.00487	0.00487	0.00162	0.00758	0.00379	0.00217	0.00758
16	0.02257	0.00945	0.01235	0.00947	0.01346	0.00861	0.00782	0.12027	0.01589	0.69426	0.01923	0.01681	0.01219	0.00633	0.00516	0.00158	0.00453	0.00509	0.00620	0.00873
17	0.00625	0.00447	0.00595	0.00714	0.00744	0.00417	0.00476	0.00714	0.00982	0.01310	0.02828	0.81633	0.03394	0.01608	0.00655	0.00208	0.00298	0.01459	0.00476	0.00417
18	0.01610	0.01268	0.01348	0.01112	0.01462	0.01432	0.00893	0.39542	0.40480	0.02685	0.01664	0.01576	0.01223	0.00656	0.00518	0.00164	0.00485	0.00522	0.00518	0.00842
19	0.01372	0.82276	0.02689	0.00878	0.01317	0.02030	0.00878	0.01536	0.01043	0.01207	0.00713	0.00823	0.00658	0.00439	0.00329	0.00110	0.00549	0.00274	0.00219	0.00658
20	0.01064	0.00912	0.01064	0.00760	0.01216	0.00684	0.00608	0.01292	0.01064	0.01672	0.00912	0.01064	0.00760	0.00380	0.00380	0.00076	0.00380	0.00304	0.00304	0.85104
21	0.01951	0.01437	0.01540	0.01181	0.01591	0.01591	0.00975	0.77056	0.02412	0.03234	0.01232	0.01232	0.00873	0.00616	0.00513	0.00154	0.00565	0.00462	0.00513	0.00873
22	0.00733	0.00550	0.00825	0.00825	0.00916	0.00641	0.00641	0.00916	0.00825	0.01191	0.01374	0.02016	0.01283	0.03848	0.79934	0.00825	0.01374	0.00550	0.00275	0.00458
23	0.01182	0.00972	0.01465	0.55107	0.02838	0.01149	0.02951	0.12622	0.03952	0.04706	0.01105	0.01424	0.00816	0.00544	0.00504	0.00164	0.00617	0.00469	0.06782	0.00631
24	0.81811	0.00987	0.00774	0.00686	0.01007	0.01133	0.00565	0.01553	0.00900	0.05789	0.00774	0.00875	0.00588	0.00484	0.00327	0.00159	0.00399	0.00289	0.00332	0.00570
25	0.01211	0.01384	0.03028	0.02163	0.02682	0.01298	0.76903	0.01644	0.01211	0.01644	0.01038	0.01384	0.00779	0.00433	0.00606	0.00173	0.00865	0.00606	0.00260	0.00692
26	0.00606	0.00520	0.00520	0.00520	0.00693	0.00433	0.00390	0.00736	0.01170	0.01386	0.05198	0.04938	0.78558	0.01299	0.00606	0.00173	0.00260	0.01083	0.00476	0.00433
27	0.00625	0.00447	0.00595	0.00714	0.00744	0.00417	0.00476	0.00714	0.00982	0.01310	0.02828	0.81633	0.03394	0.01608	0.00655	0.00208	0.00298	0.01459	0.00476	0.00417
28	0.00721	0.00524	0.00678	0.00640	0.00763	0.00482	0.00480	0.00958	0.01440	0.02027	0.75169	0.03883	0.08188	0.01060	0.00605	0.00162	0.00243	0.00935	0.00561	0.00482
29	0.00630	0.00449	0.00594	0.00708	0.00736	0.00420	0.00469	0.00716	0.00972	0.01296	0.02776	0.78253	0.03328	0.05077	0.00739	0.00221	0.00306	0.01428	0.00469	0.00412
30	0.01276	0.01102	0.01160	0.01044	0.01334	0.01276	0.00812	0.02727	0.77840	0.02146	0.02088	0.01914	0.01566	0.00696	0.00522	0.00174	0.00406	0.00580	0.00522	0.00812
31	0.00781	0.00560	0.00742	0.00729	0.00794	0.00616	0.00518	0.03519	0.00848	0.01183	0.01468	0.02536	0.01506	0.35617	0.45590	0.00668	0.00988	0.00627	0.00298	0.00413
32	0.01064	0.00912	0.01064	0.00760	0.01216	0.00684	0.00608	0.01292	0.01064	0.01672	0.00912	0.01064	0.00760	0.00380	0.00380	0.00076	0.00380	0.00304	0.00304	0.85104
33	0.00658	0.00470	0.00633	0.00752	0.00797	0.00445	0.00534	0.00772	0.01015	0.01347	0.02810	0.69167	0.03321	0.01576	0.00664	0.00213	0.00326	0.13597	0.00476	0.00426
34	0.00651	0.00524	0.00581	0.00575	0.00730	0.00455	0.00436	0.00818	0.01252	0.01588	0.26381	0.04654	0.53882	0.01232	0.00610	0.00173	0.00264	0.04243	0.00502	0.00450
35	0.85592	0.00992	0.00754	0.00675	0.00992	0.01151	0.00556	0.01508	0.00873	0.02302	0.00714	0.00834	0.00556	0.00476	0.00318	0.00159	0.00397	0.00278	0.00318	0.00556
36	0.01917	0.02445	0.01454	0.01322	0.01586	0.79907	0.00991	0.02049	0.01454	0.01256	0.00793	0.00925	0.00661	0.00529	0.00463	0.00132	0.00925	0.00330	0.00264	0.00595
37	0.00733	0.00550	0.00825	0.00825	0.00916	0.00641	0.00641	0.00916	0.00825	0.01191	0.01374	0.02016	0.01283	0.03848	0.79934	0.00825	0.01374	0.00550	0.00275	0.00458
38	0.85592	0.00992	0.00754	0.00675	0.00992	0.01151	0.00556	0.01508	0.00873	0.02302	0.00714	0.00834	0.00556	0.00476	0.00318	0.00159	0.00397	0.00278	0.00318	0.00556
39	0.00726	0.00524	0.00686	0.00646	0.00767	0.00484	0.00484	0.00968	0.01452	0.02058	0.78496	0.03833	0.04841	0.01049	0.00605	0.00161	0.00242	0.00928	0.00565	0.00484
40	0.01064	0.00912	0.01064	0.00760	0.01216	0.00684	0.00608	0.01292	0.01064	0.01672	0.00912	0.01064	0.00760	0.00380	0.00380	0.00076	0.00380	0.00304	0.00304	0.85104
41	0.09403	0.41968	0.02007	0.00956	0.01365	0.01713	0.00865	0.27494	0.01515	0.05087	0.00964	0.01025	0.00761	0.00514	0.00399	0.00132	0.00529	0.00353	0.02222	0.00727
42	0.01042	0.13136	0.20117	0.01148	0.01516	0.01051	0.07989	0.04817	0.01162	0.01560	0.01647	0.03028	0.01638	0.06908	0.00716	0.00206	0.00592	0.28760	0.00341	0.02628
43	0.01477	0.20479	0.26273	0.01203	0.01695	0.11745	0.01230	0.17173	0.06144	0.04720	0.01028	0.01110	0.00779	0.00535	0.00481	0.00147	0.02338	0.00385	0.00319	0.00741

[dist]
# distance from previous block
# <min> <max>
0	1

[block]
# block no. 1 follows, 48 sequences, length 75
# corresponding to MSA columns:
# 172-246
name=unknown_B
#
# <colnr> <probs for GDERKNQSTAVLIFYWHMCP>
#	G	D	E	R	K	N	Q	S	T	A	V	L	I	F	Y	W	H	M	C	P
0	0.01017	0.01116	0.09916	0.06882	0.30221	0.00962	0.06459	0.01366	0.04808	0.01599	0.05483	0.14192	0.07800	0.00802	0.00560	0.00173	0.00537	0.05111	0.00341	0.00656
1	0.01372	0.82276	0.02689	0.00878	0.01317	0.02030	0.00878	0.01536	0.01043	0.01207	0.00713	0.00823	0.00658	0.00439	0.00329	0.00110	0.00549	0.00274	0.00219	0.00658
2	0.01346	0.05627	0.48261	0.03516	0.01977	0.01128	0.05132	0.04098	0.01222	0.18442	0.03606	0.01329	0.00931	0.00537	0.00497	0.00160	0.00660	0.00437	0.00330	0.00765
3	0.00878	0.00718	0.00807	0.00777	0.00822	0.06559	0.00545	0.00922	0.00838	0.01100	0.01517	0.07069	0.04152	0.36026	0.16558	0.09237	0.10121	0.00665	0.00297	0.00390
4	0.70761	0.07825	0.00982	0.00753	0.01071	0.07397	0.00625	0.01549	0.00931	0.02113	0.00720	0.00844	0.00574	0.00484	0.00351	0.00154	0.01711	0.00284	0.00304	0.00567
5	0.00624	0.00453	0.00589	0.00698	0.00740	0.00418	0.00469	0.00716	0.00998	0.01316	0.03027	0.75194	0.09704	0.01582	0.00651	0.00205	0.00295	0.01427	0.00476	0.00418
6	0.01049	0.00893	0.01041	0.00751	0.01186	0.00675	0.00594	0.01267	0.01049	0.01641	0.00945	0.01170	0.00811	0.04148	0.00483	0.00095	0.00385	0.00324	0.00304	0.81188
7	0.01244	0.03679	0.01865	0.02621	0.60962	0.01159	0.01366	0.01605	0.06713	0.04041	0.01315	0.06744	0.03254	0.00579	0.00516	0.00157	0.00557	0.00546	0.00305	0.00773
8	0.00880	0.00750	0.00823	0.00795	0.00859	0.08350	0.00567	0.00975	0.00850	0.01117	0.01374	0.02421	0.01429	0.36531	0.34132	0.00578	0.06262	0.00605	0.00286	0.00416
9	0.00756	0.00522	0.00611	0.00606	0.00612	0.00542	0.00362	0.00772	0.00759	0.01023	0.01607	0.05615	0.01840	0.72831	0.06087	0.00493	0.03573	0.00748	0.00311	0.00330
10	0.01029	0.02654	0.79309	0.01462	0.02221	0.01192	0.01896	0.01625	0.01083	0.01625	0.00921	0.01083	0.00650	0.00487	0.00487	0.00162	0.00758	0.00379	0.00217	0.00758
11	0.05813	0.01417	0.01504	0.01157	0.01564	0.01571	0.00956	0.73567	0.02341	0.03191	0.01208	0.01214	0.00858	0.00610	0.00504	0.00154	0.00557	0.00453	0.00504	0.00858
12	0.02881	0.14664	0.05355	0.04517	0.14198	0.08287	0.01097	0.33955	0.03857	0.02222	0.01060	0.01181	0.00820	0.00643	0.02912	0.00167	0.00632	0.00418	0.00367	0.00768
13	0.01307	0.12862	0.18475	0.03163	0.24255	0.04699	0.07605	0.08414	0.08719	0.01745	0.01043	0.01220	0.00820	0.00513	0.00521	0.00154	0.03004	0.00434	0.00290	0.00754
14	0.00668	0.00522	0.00605	0.00584	0.00731	0.00459	0.00438	0.00856	0.01315	0.01731	0.42858	0.04370	0.40683	0.01171	0.00606	0.00167	0.00251	0.01003	0.00522	0.00459
15	0.01166	0.01250	0.02281	0.01745	0.01997	0.01438	0.38051	0.01434	0.00993	0.01434	0.00851	0.01250	0.00725	0.00671	0.01158	0.00199	0.41964	0.00525	0.00242	0.00625
16	0.00625	0.00521	0.00545	0.00539	0.00704	0.00441	0.00404	0.00771	0.01212	0.01488	0.16297	0.04771	0.67396	0.01262	0.00606	0.00171	0.00257	0.01059	0.00490	0.00441
17	0.02195	0.01046	0.01297	0.00995	0.01396	0.01010	0.00822	0.25292	0.01757	0.55923	0.01782	0.01589	0.01149	0.00629	0.00515	0.00157	0.00476	0.00499	0.00598	0.00873
18	0.85592	0.00992	0.00754	0.00675	0.00992	0.01151	0.00556	0.01508	0.00873	0.02302	0.00714	0.00834	0.00556	0.00476	0.00318	0.00159	0.00397	0.00278	0.00318	0.00556
19	0.00628	0.00449	0.00598	0.00713	0.00745	0.00419	0.00477	0.00721	0.00995	0.01331	0.04922	0.79480	0.03434	0.01592	0.00654	0.00207	0.00296	0.01444	0.00479	0.00419
20	0.00653	0.00522	0.00585	0.00569	0.00722	0.00453	0.00427	0.00827	0.01280	0.01648	0.33820	0.04506	0.49773	0.01202	0.00606	0.00169	0.00253	0.01022	0.00511	0.00453
21	0.00726	0.00524	0.00686	0.00646	0.00767	0.00484	0.00484	0.00968	0.01452	0.02058	0.78496	0.03833	0.04841	0.01049	0.00605	0.00161	0.00242	0.00928	0.00565	0.00484
22	0.01953	0.01310	0.01439	0.01108	0.01503	0.01418	0.00914	0.62752	0.02213	0.14005	0.01366	0.01338	0.00951	0.00618	0.00506	0.00153	0.00531	0.00470	0.04596	0.00854
23	0.01424	0.11091	0.38390	0.01322	0.01895	0.05998	0.04011	0.26096	0.01536	0.02079	0.00995	0.01104	0.00728	0.00524	0.00481	0.00152	0.00686	0.00399	0.00317	0.00772
24	0.00741	0.00561	0.00840	0.00835	0.00925	0.00660	0.00651	0.00923	0.00824	0.01192	0.01360	0.01998	0.01270	0.03788	0.78338	0.00812	0.02999	0.00548	0.00274	0.00460
25	0.01884	0.01388	0.01485	0.01150	0.01545	0.01538	0.00946	0.70862	0.06004	0.03136	0.01288	0.01288	0.00921	0.00619	0.00508	0.00154	0.00546	0.00468	0.03413	0.00856
26	0.00956	0.04596	0.05105	0.00709	0.00820	0.00642	0.00531	0.01020	0.03771	0.06312	0.07274	0.02439	0.01624	0.34224	0.02972	0.25195	0.00485	0.00605	0.00324	0.00398
27	0.01189	0.15300	0.26985	0.01724	0.07747	0.01380	0.29952	0.01685	0.06124	0.01600	0.01010	0.01221	0.00771	0.00470	0.00509	0.00158	0.00730	0.00466	0.00256	0.00724
28	0.01074	0.01035	0.01425	0.01218	0.01269	0.01372	0.01002	0.01197	0.00814	0.01265	0.00787	0.01278	0.00777	0.04783	0.06716	0.00261	0.63988	0.00455	0.00240	0.09044
29	0.01951	0.01437	0.01540	0.01181	0.01591	0.01591	0.00975	0.77056	0.02412	0.03234	0.01232	0.01232	0.00873	0.00616	0.00513	0.00154	0.00565	0.00462	0.00513	0.00873
30	0.01123	0.01123	0.01572	0.01347	0.01347	0.01572	0.01123	0.01235	0.00786	0.01235	0.00674	0.01123	0.00674	0.00898	0.01684	0.00225	0.81028	0.00449	0.00225	0.00561
31	0.00891	0.00446	0.00668	0.00668	0.00668	0.00446	0.00446	0.00668	0.00668	0.00891	0.00891	0.01560	0.00891	0.01783	0.02005	0.85071	0.00446	0.00446	0.00223	0.00223
32	0.01946	0.01822	0.01370	0.05016	0.01588	0.47021	0.00935	0.04363	0.05670	0.23478	0.01233	0.01243	0.00891	0.00570	0.00485	0.00145	0.00736	0.00407	0.00389	0.00693
33	0.02232	0.00986	0.01261	0.00966	0.01366	0.00922	0.00798	0.17425	0.01658	0.63931	0.01866	0.01643	0.01191	0.00631	0.00515	0.00158	0.00462	0.00505	0.00611	0.00873
34	0.00978	0.00811	0.01298	0.01191	0.07692	0.00794	0.14284	0.01325	0.07548	0.04741	0.37107	0.02887	0.06903	0.00900	0.00685	0.04089	0.02639	0.03100	0.00451	0.00577
35	0.01203	0.01160	0.01932	0.17187	0.39235	0.01234	0.11283	0.01721	0.14227	0.01671	0.01148	0.01409	0.00909	0.00518	0.00557	0.00164	0.02904	0.00497	0.00295	0.00744
36	0.01951	0.01437	0.01540	0.01181	0.01591	0.01591	0.00975	0.77056	0.02412	0.03234	0.01232	0.01232	0.00873	0.00616	0.00513	0.00154	0.00565	0.00462	0.00513	0.00873
37	0.00625	0.00447	0.00595	0.00714	0.00744	0.00417	0.00476	0.00714	0.00982	0.01310	0.02828	0.81633	0.03394	0.01608	0.00655	0.00208	0.00298	0.01459	0.00476	0.00417
38	0.60025	0.01068	0.00957	0.00801	0.01145	0.01195	0.00660	0.16579	0.01242	0.10788	0.00958	0.01011	0.00696	0.00521	0.00378	0.00158	0.00434	0.00340	0.00391	0.00653
39	0.01410	0.35439	0.13736	0.01490	0.14900	0.03709	0.07469	0.03561	0.03048	0.09269	0.00994	0.01117	0.00783	0.00482	0.00438	0.00138	0.00613	0.00387	0.00286	0.00731
40	0.00891	0.00446	0.00668	0.00668	0.00668	0.00446	0.00446	0.00668	0.00668	0.00891	0.00891	0.01560	0.00891	0.01783	0.02005	0.85071	0.00446	0.00446	0.00223	0.00223
41	0.00632	0.00451	0.00603	0.00722	0.00755	0.00423	0.00488	0.00726	0.00989	0.01318	0.02824	0.79024	0.03379	0.01601	0.00657	0.00209	0.00304	0.03999	0.00476	0.00419
42	0.01374	0.01247	0.07338	0.05223	0.40596	0.01153	0.08135	0.03060	0.10000	0.12369	0.01257	0.01431	0.00957	0.00612	0.02831	0.00179	0.00620	0.00490	0.00339	0.00788
43	0.01373	0.08933	0.37044	0.04481	0.08341	0.03421	0.05746	0.10783	0.01302	0.10877	0.01073	0.01196	0.00773	0.00519	0.00508	0.00157	0.01981	0.00418	0.00309	0.00763
44	0.01437	0.01290	0.05195	0.06210	0.03652	0.11654	0.01066	0.04449	0.01120	0.15456	0.03382	0.01344	0.00938	0.00841	0.03763	0.00208	0.36562	0.00461	0.00328	0.00645
45	0.36332	0.05425	0.01223	0.02506	0.01366	0.42499	0.00815	0.01789	0.01188	0.01686	0.00759	0.00891	0.00618	0.00503	0.00398	0.00143	0.00686	0.00309	0.00284	0.00581
46	0.00694	0.00523	0.00641	0.00611	0.00746	0.00470	0.00458	0.00905	0.01375	0.01874	0.58489	0.04134	0.24963	0.01117	0.00606	0.00165	0.00247	0.00970	0.00541	0.00470
47	0.01064	0.00912	0.01064	0.00760	0.01216	0.00684	0.00608	0.01292	0.01064	0.01672	0.00912	0.01064	0.00760	0.00380	0.00380	0.00076	0.00380	0.00304	0.00304	0.85104
48	0.16262	0.00893	0.01118	0.00873	0.01257	0.00821	0.00721	0.02334	0.01369	0.66246	0.01805	0.01593	0.01150	0.00608	0.00483	0.00159	0.00430	0.00476	0.00582	0.00820
49	0.00668	0.00492	0.00634	0.00722	0.00799	0.00458	0.00530	0.00803	0.01084	0.01418	0.08495	0.48960	0.15788	0.01481	0.00654	0.00205	0.00321	0.15571	0.00482	0.00435
50	0.00801	0.00556	0.00719	0.00703	0.00754	0.00620	0.00499	0.00903	0.00822	0.01210	0.01448	0.02452	0.01462	0.33783	0.30608	0.03120	0.06357	0.00607	0.12173	0.00403
51	0.82959	0.01038	0.00776	0.00695	0.01011	0.03629	0.00569	0.01525	0.00891	0.02269	0.00717	0.00836	0.00559	0.00478	0.00322	0.00158	0.00414	0.00279	0.00316	0.00557
52	0.00670	0.00514	0.00613	0.00606	0.00736	0.00457	0.00448	0.00852	0.01293	0.01721	0.42398	0.12825	0.32600	0.01205	0.00611	0.00171	0.00255	0.01045	0.00522	0.00457
53	0.01372	0.82276	0.02689	0.00878	0.01317	0.02030	0.00878	0.01536	0.01043	0.01207	0.00713	0.00823	0.00658	0.00439	0.00329	0.00110	0.00549	0.00274	0.00219	0.00658
54	0.01276	0.01102	0.01160	0.01044	0.01334	0.01276	0.00812	0.02727	0.77840	0.02146	0.02088	0.01914	0.01566	0.00696	0.00522	0.00174	0.00406	0.00580	0.00522	0.00812
55	0.00969	0.00912	0.01539	0.80734	0.03534	0.01140	0.01425	0.01311	0.01026	0.01311	0.00912	0.01368	0.00684	0.00513	0.00513	0.00171	0.00684	0.00456	0.00228	0.00570
56	0.01310	0.00897	0.05413	0.08345	0.01446	0.03012	0.00923	0.05174	0.01298	0.21065	0.02122	0.03642	0.01984	0.01000	0.00604	0.00197	0.00510	0.37716	0.02722	0.00621
57	0.00620	0.00475	0.00569	0.00640	0.00725	0.00424	0.00444	0.00727	0.01061	0.01352	0.05108	0.51404	0.31645	0.01482	0.00636	0.00194	0.00282	0.01308	0.00478	0.00424
58	0.01276	0.01102	0.01160	0.01044	0.01334	0.01276	0.00812	0.02727	0.77840	0.02146	0.02088	0.01914	0.01566	0.00696	0.00522	0.00174	0.00406	0.00580	0.00522	0.00812
59	0.01270	0.01219	0.02083	0.03149	0.78767	0.01219	0.01575	0.01575	0.01168	0.01676	0.00965	0.01270	0.00813	0.00457	0.00508	0.00152	0.00610	0.00457	0.00254	0.00813
60	0.03473	0.01073	0.01620	0.32333	0.32440	0.04744	0.01325	0.03268	0.01159	0.01565	0.03580	0.01761	0.03937	0.00593	0.00521	0.00165	0.00613	0.04887	0.00283	0.00660
61	0.00612	0.00496	0.00544	0.00582	0.00709	0.00428	0.00418	0.00729	0.01110	0.01362	0.04438	0.29531	0.54456	0.01398	0.00622	0.00185	0.00272	0.01203	0.00476	0.00428
62	0.00969	0.00912	0.01539	0.80734	0.03534	0.01140	0.01425	0.01311	0.01026	0.01311	0.00912	0.01368	0.00684	0.00513	0.00513	0.00171	0.00684	0.00456	0.00228	0.00570
63	0.01373	0.04360	0.50303	0.01341	0.01965	0.03716	0.01540	0.21857	0.01468	0.05770	0.01048	0.01143	0.00740	0.00529	0.00491	0.00158	0.00691	0.00404	0.00318	0.00787
64	0.03637	0.03954	0.01321	0.07739	0.03542	0.01087	0.04403	0.01315	0.05264	0.06482	0.03623	0.19308	0.01615	0.01047	0.03243	0.00215	0.26776	0.04506	0.00352	0.00571
65	0.85592	0.00992	0.00754	0.00675	0.00992	0.01151	0.00556	0.01508	0.00873	0.02302	0.00714	0.00834	0.00556	0.00476	0.00318	0.00159	0.00397	0.00278	0.00318	0.00556
66	0.02100	0.01129	0.01341	0.01036	0.01433	0.01143	0.00853	0.34928	0.05562	0.42413	0.01683	0.01531	0.01112	0.00630	0.00515	0.00157	0.00491	0.00496	0.00577	0.00870
67	0.00745	0.00524	0.00658	0.00681	0.00798	0.00479	0.00511	0.00913	0.01210	0.04521	0.26872	0.24508	0.21145	0.03443	0.00682	0.00195	0.00305	0.10841	0.00505	0.00463
68	0.00634	0.00447	0.00592	0.00708	0.00740	0.00418	0.00473	0.00728	0.00985	0.01326	0.02797	0.79458	0.03337	0.01580	0.00647	0.00206	0.00296	0.01432	0.02777	0.00418
69	0.85592	0.00992	0.00754	0.00675	0.00992	0.01151	0.00556	0.01508	0.00873	0.02302	0.00714	0.00834	0.00556	0.00476	0.00318	0.00159	0.00397	0.00278	0.00318	0.00556
70	0.01209	0.01172	0.01923	0.23477	0.56888	0.03358	0.01519	0.01518	0.01139	0.01569	0.00946	0.01286	0.00775	0.00474	0.00508	0.00157	0.00638	0.00453	0.00247	0.00743
71	0.00626	0.00516	0.00552	0.00569	0.00721	0.00442	0.00426	0.00763	0.01165	0.01420	0.08569	0.12843	0.63084	0.01325	0.00617	0.00180	0.00274	0.04991	0.00481	0.00436
72	0.01014	0.06534	0.69324	0.01366	0.02058	0.01175	0.01730	0.01551	0.01082	0.01583	0.01172	0.03601	0.04486	0.00557	0.00490	0.00162	0.00710	0.00439	0.00237	0.00728
73	0.04838	0.00551	0.00636	0.00630	0.00696	0.00555	0.00428	0.00869	0.00974	0.01372	0.17076	0.05639	0.09600	0.43199	0.01670	0.00345	0.02694	0.05882	0.01954	0.00392
74	0.05060	0.14009	0.16508	0.03675	0.08116	0.12759	0.02347	0.01721	0.02263	0.13852	0.03292	0.04950	0.01029	0.00567	0.00463	0.00144	0.00598	0.00447	0.00332	0.07866

[dist]
# distance from previous block
# <min> <max>
0	17

[block]
# block no. 2 follows, 48 sequences, length 25
# corresponding to MSA columns:
# 264-288
name=unknown_C
#
# <colnr> <probs for GDERKNQSTAVLIFYWHMCP>
#	G	D	E	R	K	N	Q	S	T	A	V	L	I	F	Y	W	H	M	C	P
0	0.04110	0.13264	0.24101	0.01448	0.13149	0.01183	0.05430	0.03274	0.03774	0.06879	0.01207	0.03583	0.01025	0.02508	0.00533	0.00161	0.00591	0.05625	0.00308	0.07847
1	0.00684	0.00507	0.00569	0.00581	0.00659	0.00475	0.00387	0.00761	0.00958	0.01218	0.05041	0.10606	0.31109	0.36982	0.05374	0.00352	0.00426	0.02535	0.00396	0.00381
2	0.01312	0.07822	0.23041	0.01203	0.01649	0.03462	0.09278	0.12855	0.05658	0.09527	0.15021	0.03966	0.01634	0.00656	0.00521	0.00159	0.00574	0.00559	0.00394	0.00711
3	0.01438	0.72565	0.02539	0.00932	0.01350	0.11504	0.00892	0.01599	0.01093	0.01213	0.00723	0.00836	0.00659	0.00450	0.00345	0.00112	0.00595	0.00281	0.00225	0.00651
4	0.01064	0.00912	0.01064	0.00760	0.01216	0.00684	0.00608	0.01292	0.01064	0.01672	0.00912	0.01064	0.00760	0.00380	0.00380	0.00076	0.00380	0.00304	0.00304	0.85104
5	0.01917	0.02445	0.01454	0.01322	0.01586	0.79907	0.00991	0.02049	0.01454	0.01256	0.00793	0.00925	0.00661	0.00529	0.00463	0.00132	0.00925	0.00330	0.00264	0.00595
6	0.01112	0.01217	0.09750	0.03638	0.40375	0.01094	0.06116	0.01476	0.05369	0.01608	0.01433	0.10285	0.03067	0.00708	0.00610	0.00173	0.05037	0.05919	0.00308	0.00706
7	0.00973	0.01026	0.08348	0.36287	0.02320	0.01017	0.04287	0.01503	0.15736	0.01527	0.01657	0.14014	0.03682	0.00780	0.00551	0.00180	0.00563	0.04601	0.00343	0.00606
8	0.01878	0.02381	0.01460	0.01323	0.01575	0.76064	0.00998	0.02009	0.01421	0.01255	0.00787	0.00935	0.00662	0.00547	0.00523	0.00137	0.04855	0.00336	0.00262	0.00593
9	0.00631	0.00451	0.00600	0.00711	0.00745	0.00421	0.00477	0.00729	0.01008	0.01351	0.07022	0.77320	0.03474	0.01577	0.00652	0.00206	0.00295	0.01429	0.00481	0.00421
10	0.00729	0.00527	0.00690	0.00655	0.00776	0.00488	0.00495	0.00971	0.01444	0.02041	0.76047	0.03896	0.04780	0.01061	0.00609	0.00164	0.00250	0.03332	0.00562	0.00484
11	0.02259	0.00933	0.03814	0.00931	0.01340	0.00769	0.00792	0.02471	0.01456	0.76520	0.01987	0.01724	0.01249	0.00630	0.00515	0.00159	0.00447	0.00511	0.00621	0.00869
12	0.01079	0.03686	0.44284	0.01815	0.16551	0.01166	0.13385	0.01543	0.01114	0.01605	0.01110	0.06702	0.00935	0.00568	0.00522	0.00166	0.00705	0.02084	0.00253	0.00727
13	0.00726	0.00524	0.00686	0.00646	0.00767	0.00484	0.00484	0.00968	0.01452	0.02058	0.78496	0.03833	0.04841	0.01049	0.00605	0.00161	0.00242	0.00928	0.00565	0.00484
14	0.01796	0.01361	0.01453	0.01149	0.01532	0.01519	0.00938	0.60043	0.19676	0.02985	0.01428	0.01388	0.01031	0.00634	0.00515	0.00159	0.00528	0.00489	0.00515	0.00859
15	0.03762	0.01007	0.01120	0.01051	0.05524	0.01076	0.00770	0.05040	0.46008	0.02011	0.04625	0.04972	0.06525	0.00710	0.00506	0.00157	0.00400	0.00595	0.00464	0.13676
16	0.01264	0.01217	0.01959	0.06723	0.66611	0.03038	0.01482	0.01628	0.05414	0.01675	0.01019	0.01296	0.00843	0.00472	0.00504	0.00152	0.00602	0.00456	0.00269	0.03374
17	0.01244	0.11311	0.27885	0.03599	0.14554	0.01305	0.08710	0.07140	0.10669	0.03834	0.04061	0.01355	0.00996	0.00532	0.00495	0.00156	0.00632	0.00459	0.00311	0.00752
18	0.00791	0.00629	0.00758	0.00741	0.03136	0.00592	0.00537	0.01138	0.09956	0.01847	0.42851	0.05601	0.22596	0.01030	0.00582	0.00162	0.00285	0.00891	0.00512	0.05364
19	0.01131	0.00963	0.01422	0.19606	0.16685	0.02523	0.05515	0.01638	0.15442	0.06102	0.19484	0.02151	0.01943	0.00687	0.00545	0.00166	0.00511	0.02425	0.00398	0.00664
20	0.00792	0.00605	0.00785	0.00794	0.04622	0.00582	0.00560	0.01130	0.07645	0.02014	0.64983	0.03604	0.07899	0.01003	0.00594	0.00163	0.00274	0.00884	0.00542	0.00524
21	0.00736	0.00539	0.00770	0.00770	0.00843	0.00612	0.00573	0.00881	0.00809	0.01151	0.01424	0.02292	0.01403	0.19902	0.64044	0.00757	0.01194	0.00590	0.00282	0.00428
22	0.33585	0.01895	0.01189	0.01077	0.01361	0.50100	0.00827	0.01844	0.01234	0.01652	0.00763	0.00891	0.00621	0.00509	0.00408	0.00142	0.00725	0.00311	0.00284	0.00580
23	0.01370	0.03431	0.10571	0.04240	0.42518	0.01156	0.10100	0.01723	0.02655	0.13176	0.03292	0.01407	0.00978	0.00506	0.00517	0.00157	0.00616	0.00485	0.00319	0.00783
24	0.74268	0.03620	0.00869	0.00719	0.01044	0.01186	0.00595	0.03567	0.04698	0.04417	0.00831	0.00922	0.00636	0.00494	0.00339	0.00158	0.00408	0.00304	0.00338	0.00589

[dist]
# distance from previous block
# <min> <max>
1	2

[block]
# block no. 3 follows, 48 sequences, length 21
# corresponding to MSA columns:
# 291-311
name=unknown_D
#
# <colnr> <probs for GDERKNQSTAVLIFYWHMCP>
#	G	D	E	R	K	N	Q	S	T	A	V	L	I	F	Y	W	H	M	C	P
0	0.05561	0.01262	0.01456	0.06013	0.08061	0.01387	0.00991	0.49175	0.07824	0.06419	0.01358	0.03821	0.01045	0.00648	0.00514	0.00161	0.00539	0.02489	0.00470	0.00806
1	0.01141	0.00968	0.01102	0.00828	0.01253	0.00826	0.00660	0.04990	0.14212	0.01824	0.01127	0.01217	0.00903	0.00445	0.00410	0.00096	0.00393	0.00358	0.00351	0.66897
2	0.01191	0.01160	0.01796	0.31776	0.42509	0.05149	0.01446	0.01566	0.05499	0.01546	0.01001	0.01326	0.00800	0.00495	0.00508	0.00160	0.00642	0.00457	0.00260	0.00712
3	0.00614	0.00520	0.00530	0.00527	0.00697	0.00436	0.00395	0.00750	0.01186	0.01426	0.09586	0.04872	0.74145	0.01284	0.00606	0.00173	0.00259	0.01074	0.00482	0.00436
4	0.00670	0.00506	0.00619	0.00625	0.00741	0.00455	0.00456	0.00847	0.01269	0.01703	0.41142	0.21276	0.25333	0.01243	0.00616	0.00175	0.00259	0.01089	0.00520	0.00455
5	0.05744	0.00878	0.01173	0.00903	0.01297	0.00771	0.00746	0.02460	0.01444	0.75948	0.01970	0.01709	0.01241	0.00629	0.00508	0.00159	0.00435	0.00506	0.00622	0.00860
6	0.00730	0.00514	0.00646	0.00648	0.00691	0.00534	0.00429	0.00808	0.00837	0.01143	0.06015	0.05782	0.05603	0.47322	0.25577	0.00552	0.00729	0.00738	0.00328	0.00374
7	0.01355	0.76710	0.02612	0.00910	0.01319	0.01999	0.00895	0.01516	0.01025	0.01209	0.00711	0.00844	0.00660	0.00470	0.00422	0.00118	0.06068	0.00286	0.00220	0.00652
8	0.00956	0.00478	0.00478	0.00478	0.00598	0.00478	0.00359	0.01196	0.01076	0.01913	0.01674	0.01913	0.01315	0.00598	0.00359	0.00120	0.00239	0.00478	0.84816	0.00478
9	0.85592	0.00992	0.00754	0.00675	0.00992	0.01151	0.00556	0.01508	0.00873	0.02302	0.00714	0.00834	0.00556	0.00476	0.00318	0.00159	0.00397	0.00278	0.00318	0.00556
10	0.00801	0.00582	0.00790	0.00894	0.01019	0.00572	0.00775	0.01024	0.01180	0.01518	0.03012	0.05687	0.11957	0.01403	0.00697	0.00229	0.00447	0.66473	0.00473	0.00468
11	0.01270	0.01219	0.02083	0.03149	0.78767	0.01219	0.01575	0.01575	0.01168	0.01676	0.00965	0.01270	0.00813	0.00457	0.00508	0.00152	0.00610	0.00457	0.00254	0.00813
12	0.00957	0.00875	0.01099	0.01004	0.01045	0.05372	0.00779	0.01064	0.00833	0.01174	0.01166	0.05082	0.01211	0.19627	0.23074	0.00442	0.33876	0.00576	0.00270	0.00474
13	0.01917	0.02445	0.01454	0.01322	0.01586	0.79907	0.00991	0.02049	0.01454	0.01256	0.00793	0.00925	0.00661	0.00529	0.00463	0.00132	0.00925	0.00330	0.00264	0.00595
14	0.00606	0.00520	0.00520	0.00520	0.00693	0.00433	0.00390	0.00736	0.01170	0.01386	0.05198	0.04938	0.78558	0.01299	0.00606	0.00173	0.00260	0.01083	0.00476	0.00433
15	0.00640	0.00521	0.00567	0.00556	0.00714	0.00448	0.00417	0.00802	0.01250	0.01577	0.26035	0.04624	0.57602	0.01228	0.00606	0.00170	0.00255	0.01039	0.00502	0.00448
16	0.00969	0.00912	0.01539	0.80734	0.03534	0.01140	0.01425	0.01311	0.01026	0.01311	0.00912	0.01368	0.00684	0.00513	0.00513	0.00171	0.00684	0.00456	0.00228	0.00570
17	0.00776	0.00611	0.03441	0.00795	0.00913	0.00636	0.00642	0.00982	0.00871	0.01314	0.01404	0.01969	0.01266	0.03249	0.65348	0.00697	0.01184	0.00533	0.12900	0.00471
18	0.00659	0.00461	0.00585	0.00671	0.00693	0.00439	0.00430	0.00723	0.00916	0.01222	0.02490	0.59786	0.02967	0.24036	0.01201	0.00289	0.00353	0.01260	0.00430	0.00387
19	0.01217	0.00623	0.00817	0.00721	0.00922	0.00560	0.00557	0.01426	0.01380	0.26024	0.40141	0.10594	0.06352	0.00958	0.00569	0.00163	0.00309	0.00832	0.05239	0.00597
20	0.18409	0.04070	0.14166	0.02953	0.05793	0.07636	0.05236	0.14329	0.01325	0.10155	0.01193	0.01309	0.03409	0.00699	0.03706	0.00185	0.03947	0.00432	0.00351	0.00696

[dist]
# distance from previous block
# <min> <max>
0	1

[block]
# block no. 4 follows, 48 sequences, length 17
# corresponding to MSA columns:
# 313-329
name=unknown_E
#
# <colnr> <probs for GDERKNQSTAVLIFYWHMCP>
#	G	D	E	R	K	N	Q	S	T	A	V	L	I	F	Y	W	H	M	C	P
0	0.01137	0.01102	0.03925	0.12828	0.25694	0.01233	0.05382	0.01381	0.01004	0.03460	0.00998	0.03899	0.00880	0.00843	0.05330	0.00218	0.26705	0.00500	0.02833	0.00648
1	0.43644	0.08779	0.06704	0.01295	0.14896	0.08218	0.03228	0.01625	0.01042	0.05223	0.00846	0.00990	0.00664	0.00480	0.00394	0.00151	0.00536	0.00341	0.00298	0.00645
2	0.00722	0.00521	0.00682	0.00648	0.00766	0.00482	0.00484	0.00958	0.01434	0.02029	0.75552	0.06860	0.04785	0.01071	0.00607	0.00163	0.00244	0.00949	0.00561	0.00482
3	0.01057	0.02355	0.64223	0.03189	0.06018	0.01181	0.07080	0.01633	0.03063	0.01644	0.00983	0.01165	0.00710	0.00491	0.00495	0.00162	0.00733	0.00409	0.02664	0.00746
4	0.00640	0.00455	0.00598	0.00699	0.00732	0.00426	0.00465	0.00731	0.00991	0.01328	0.06869	0.71651	0.03361	0.07466	0.00796	0.00227	0.00309	0.01378	0.00469	0.00413
5	0.01284	0.01016	0.01097	0.00980	0.01257	0.01142	0.00768	0.04350	0.58581	0.07509	0.02329	0.02229	0.08720	0.00762	0.00550	0.00173	0.01872	0.02086	0.02532	0.00763
6	0.00721	0.00520	0.00681	0.00649	0.00765	0.00480	0.00484	0.00954	0.01426	0.02016	0.74271	0.08177	0.04761	0.01080	0.00608	0.00164	0.00245	0.00958	0.00560	0.00480
7	0.00726	0.00524	0.00686	0.00646	0.00767	0.00484	0.00484	0.00968	0.01452	0.02058	0.78496	0.03833	0.04841	0.01049	0.00605	0.00161	0.00242	0.00928	0.00565	0.00484
8	0.01064	0.00912	0.01064	0.00760	0.01216	0.00684	0.00608	0.01292	0.01064	0.01672	0.00912	0.01064	0.00760	0.00380	0.00380	0.00076	0.00380	0.00304	0.00304	0.85104
9	0.00751	0.00545	0.00733	0.00726	0.00775	0.00609	0.00513	0.00852	0.00789	0.01107	0.01457	0.02572	0.01517	0.37841	0.43657	0.00662	0.03573	0.00632	0.00289	0.00397
10	0.01446	0.71495	0.02525	0.00933	0.01353	0.09869	0.00893	0.04140	0.01130	0.01281	0.00739	0.00847	0.00666	0.00454	0.00349	0.00114	0.00587	0.00286	0.00234	0.00659
11	0.00735	0.00542	0.00784	0.00784	0.00861	0.00619	0.00590	0.00890	0.00813	0.01161	0.01412	0.02223	0.01373	0.15887	0.68018	0.00774	0.01239	0.00580	0.00280	0.00435
12	0.01422	0.74896	0.02575	0.00919	0.01342	0.09230	0.00888	0.01584	0.01081	0.01212	0.00721	0.00833	0.00659	0.00447	0.00342	0.00112	0.00584	0.00280	0.00224	0.00653
13	0.00624	0.00451	0.00590	0.00701	0.00741	0.00418	0.00470	0.00716	0.00995	0.01315	0.02989	0.76440	0.08483	0.01587	0.00652	0.00206	0.00295	0.01433	0.00476	0.00418
14	0.01203	0.07297	0.38558	0.04067	0.09546	0.01132	0.04126	0.03671	0.01165	0.07711	0.03149	0.01233	0.00860	0.00494	0.00473	0.00145	0.00627	0.00407	0.00286	0.13850
15	0.01794	0.01334	0.01598	0.01553	0.15736	0.15173	0.07182	0.08271	0.06486	0.29132	0.01396	0.01418	0.00992	0.00584	0.00575	0.00158	0.04936	0.00476	0.00429	0.00777
16	0.04469	0.01742	0.01387	0.01183	0.01472	0.34819	0.00926	0.31278	0.01732	0.02086	0.01118	0.06545	0.00944	0.00656	0.00555	0.00151	0.05077	0.00467	0.02708	0.00685

[dist]
# distance from previous block
# <min> <max>
1	4

[block]
# block no. 5 follows, 48 sequences, length 31
# corresponding to MSA columns:
# 334-364
name=unknown_F
#
# <colnr> <probs for GDERKNQSTAVLIFYWHMCP>
#	G	D	E	R	K	N	Q	S	T	A	V	L	I	F	Y	W	H	M	C	P
0	0.06923	0.00548	0.00663	0.00727	0.02464	0.00515	0.00503	0.00912	0.01089	0.05484	0.10596	0.46206	0.18823	0.01331	0.00605	0.00189	0.00305	0.01172	0.00477	0.00469
1	0.01309	0.09865	0.30781	0.01566	0.05977	0.02917	0.20322	0.05734	0.01223	0.08772	0.01041	0.01208	0.00765	0.00493	0.00527	0.00156	0.02434	0.00444	0.00289	0.04176
2	0.00805	0.00521	0.00770	0.00765	0.00814	0.00582	0.00562	0.00820	0.00759	0.01066	0.01180	0.01877	0.01142	0.06581	0.44011	0.33616	0.02994	0.00516	0.00255	0.00362
3	0.01313	0.65842	0.14192	0.01063	0.03554	0.01862	0.03225	0.01554	0.01057	0.01295	0.00761	0.00890	0.00665	0.00447	0.00366	0.00121	0.00591	0.00304	0.00221	0.00679
4	0.85592	0.00992	0.00754	0.00675	0.00992	0.01151	0.00556	0.01508	0.00873	0.02302	0.00714	0.00834	0.00556	0.00476	0.00318	0.00159	0.00397	0.00278	0.00318	0.00556
5	0.00626	0.00495	0.00564	0.00601	0.00719	0.00433	0.00430	0.00753	0.01134	0.01431	0.12195	0.31566	0.44478	0.01380	0.00623	0.00184	0.00271	0.01197	0.00486	0.00433
6	0.00746	0.00497	0.00560	0.00560	0.00560	0.00497	0.00311	0.00746	0.00746	0.00995	0.01617	0.03358	0.01865	0.81967	0.02612	0.00497	0.00497	0.00746	0.00311	0.00311
7	0.00647	0.00501	0.00558	0.00581	0.00710	0.00439	0.00421	0.00789	0.01160	0.01491	0.14640	0.22586	0.46385	0.01298	0.00604	0.00177	0.00265	0.01116	0.05194	0.00439
8	0.01951	0.01437	0.01540	0.01181	0.01591	0.01591	0.00975	0.77056	0.02412	0.03234	0.01232	0.01232	0.00873	0.00616	0.00513	0.00154	0.00565	0.00462	0.00513	0.00873
9	0.01917	0.02445	0.01454	0.01322	0.01586	0.79907	0.00991	0.02049	0.01454	0.01256	0.00793	0.00925	0.00661	0.00529	0.00463	0.00132	0.00925	0.00330	0.00264	0.00595
10	0.85592	0.00992	0.00754	0.00675	0.00992	0.01151	0.00556	0.01508	0.00873	0.02302	0.00714	0.00834	0.00556	0.00476	0.00318	0.00159	0.00397	0.00278	0.00318	0.00556
11	0.01064	0.00912	0.01064	0.00760	0.01216	0.00684	0.00608	0.01292	0.01064	0.01672	0.00912	0.01064	0.00760	0.00380	0.00380	0.00076	0.00380	0.00304	0.00304	0.85104
12	0.85592	0.00992	0.00754	0.00675	0.00992	0.01151	0.00556	0.01508	0.00873	0.02302	0.00714	0.00834	0.00556	0.00476	0.00318	0.00159	0.00397	0.00278	0.00318	0.00556
13	0.01434	0.73237	0.02549	0.00928	0.01347	0.10848	0.00891	0.01594	0.01089	0.01213	0.00722	0.00835	0.00659	0.00449	0.00344	0.00112	0.00591	0.00281	0.00225	0.00651
14	0.01064	0.00912	0.01064	0.00760	0.01216	0.00684	0.00608	0.01292	0.01064	0.01672	0.00912	0.01064	0.00760	0.00380	0.00380	0.00076	0.00380	0.00304	0.00304	0.85104
15	0.01198	0.01137	0.08517	0.01056	0.01366	0.01080	0.04737	0.09814	0.37335	0.04280	0.12359	0.10060	0.03201	0.00802	0.00548	0.00172	0.00445	0.00692	0.00483	0.00719
16	0.00864	0.00656	0.00955	0.01081	0.04991	0.00658	0.03224	0.01146	0.04053	0.01553	0.02560	0.10493	0.02756	0.01324	0.00685	0.00226	0.00477	0.61335	0.00457	0.00505
17	0.01688	0.00699	0.00882	0.00735	0.01006	0.00634	0.00594	0.01904	0.01295	0.44145	0.01907	0.01976	0.01356	0.00651	0.00459	0.00146	0.00356	0.03483	0.35391	0.00694
18	0.05070	0.04559	0.03389	0.03655	0.01638	0.01150	0.12030	0.20319	0.06426	0.26088	0.03652	0.01488	0.01100	0.00577	0.00505	0.00153	0.00538	0.00492	0.00465	0.06706
19	0.03408	0.03648	0.11762	0.01733	0.23319	0.01112	0.07277	0.08533	0.02686	0.29304	0.01371	0.01410	0.00960	0.00540	0.00508	0.00157	0.00574	0.00473	0.00412	0.00813
20	0.01276	0.01102	0.01160	0.01044	0.01334	0.01276	0.00812	0.02727	0.77840	0.02146	0.02088	0.01914	0.01566	0.00696	0.00522	0.00174	0.00406	0.00580	0.00522	0.00812
21	0.00628	0.00521	0.00549	0.00542	0.00706	0.00442	0.00407	0.00778	0.01220	0.01505	0.18212	0.04742	0.65470	0.01255	0.00606	0.00171	0.00257	0.01055	0.00492	0.00442
22	0.01320	0.16226	0.23163	0.01994	0.31201	0.05477	0.05218	0.01669	0.01159	0.06505	0.00970	0.01157	0.00760	0.00476	0.00473	0.00148	0.00657	0.00408	0.00263	0.00757
23	0.01821	0.01420	0.01512	0.01186	0.01572	0.05142	0.03263	0.60297	0.11922	0.02929	0.01324	0.01323	0.00957	0.00616	0.00512	0.00155	0.00564	0.00476	0.02172	0.00839
24	0.00618	0.00504	0.00546	0.00570	0.00709	0.00433	0.00415	0.00746	0.01145	0.01410	0.09092	0.21736	0.57590	0.01352	0.00617	0.00180	0.00267	0.01156	0.00482	0.00433
25	0.01116	0.01110	0.02029	0.39432	0.27095	0.01199	0.17626	0.01465	0.01111	0.01497	0.00956	0.01340	0.00745	0.00478	0.00531	0.00166	0.00699	0.00488	0.00243	0.00673
26	0.00881	0.00538	0.00823	0.00913	0.07330	0.00560	0.00585	0.00807	0.00751	0.01033	0.01036	0.01698	0.01008	0.04487	0.20776	0.55037	0.00686	0.00481	0.00241	0.00332
27	0.02115	0.00843	0.01158	0.03952	0.01349	0.00744	0.00757	0.02317	0.01433	0.69648	0.05548	0.04835	0.01493	0.00686	0.00525	0.00161	0.00432	0.00568	0.00610	0.00826
28	0.00655	0.00514	0.00601	0.00657	0.00780	0.00460	0.00500	0.00795	0.01121	0.01395	0.04066	0.25783	0.43269	0.01406	0.00640	0.00195	0.00312	0.15936	0.00476	0.00437
29	0.09642	0.01632	0.06437	0.01215	0.04483	0.27519	0.02552	0.10319	0.10107	0.14412	0.01368	0.01388	0.03870	0.00599	0.00506	0.00153	0.02257	0.00444	0.00390	0.00706
30	0.00937	0.02883	0.01428	0.13391	0.01710	0.00831	0.18744	0.01207	0.03435	0.04424	0.03307	0.35719	0.02144	0.01043	0.00607	0.00190	0.00518	0.06549	0.00389	0.00546

[dist]
# distance from previous block
# <min> <max>
1	70

[block]
# block no. 6 follows, 48 sequences, length 61
# corresponding to MSA columns:
# 435-495
name=unknown_G
#
# <colnr> <probs for GDERKNQSTAVLIFYWHMCP>
#	G	D	E	R	K	N	Q	S	T	A	V	L	I	F	Y	W	H	M	C	P
0	0.01159	0.01096	0.01829	0.09625	0.61393	0.01107	0.01404	0.01449	0.01172	0.01643	0.05773	0.01720	0.07257	0.00564	0.00522	0.00156	0.00567	0.00534	0.00287	0.00742
1	0.01064	0.00912	0.01064	0.00760	0.01216	0.00684	0.00608	0.01292	0.01064	0.01672	0.00912	0.01064	0.00760	0.00380	0.00380	0.00076	0.00380	0.00304	0.00304	0.85104
2	0.00615	0.00519	0.00532	0.00532	0.00699	0.00436	0.00398	0.00751	0.01184	0.01428	0.09897	0.06539	0.72141	0.01290	0.00607	0.00173	0.00260	0.01081	0.00482	0.00436
3	0.00746	0.00497	0.00560	0.00560	0.00560	0.00497	0.00311	0.00746	0.00746	0.00995	0.01617	0.03358	0.01865	0.81967	0.02612	0.00497	0.00497	0.00746	0.00311	0.00311
4	0.85592	0.00992	0.00754	0.00675	0.00992	0.01151	0.00556	0.01508	0.00873	0.02302	0.00714	0.00834	0.00556	0.00476	0.00318	0.00159	0.00397	0.00278	0.00318	0.00556
5	0.00606	0.00520	0.00520	0.00520	0.00693	0.00433	0.00390	0.00736	0.01170	0.01386	0.05198	0.04938	0.78558	0.01299	0.00606	0.00173	0.00260	0.01083	0.00476	0.00433
6	0.00956	0.00478	0.00478	0.00478	0.00598	0.00478	0.00359	0.01196	0.01076	0.01913	0.01674	0.01913	0.01315	0.00598	0.00359	0.00120	0.00239	0.00478	0.84816	0.00478
7	0.00636	0.00454	0.00608	0.00727	0.00762	0.00426	0.00496	0.00734	0.00993	0.01322	0.02822	0.77478	0.03370	0.01597	0.00658	0.00210	0.00307	0.05505	0.00476	0.00420
8	0.85592	0.00992	0.00754	0.00675	0.00992	0.01151	0.00556	0.01508	0.00873	0.02302	0.00714	0.00834	0.00556	0.00476	0.00318	0.00159	0.00397	0.00278	0.00318	0.00556
9	0.01918	0.02400	0.01458	0.01315	0.01586	0.76367	0.00991	0.05440	0.01497	0.01345	0.00813	0.00939	0.00671	0.00533	0.00465	0.00133	0.00909	0.00336	0.00276	0.00607
10	0.01211	0.01384	0.03028	0.02163	0.02682	0.01298	0.76903	0.01644	0.01211	0.01644	0.01038	0.01384	0.00779	0.00433	0.00606	0.00173	0.00865	0.00606	0.00260	0.00692
11	0.00617	0.00480	0.00561	0.00625	0.00721	0.00424	0.00437	0.00725	0.01068	0.01345	0.03916	0.46440	0.37884	0.01466	0.00633	0.00192	0.00280	0.01286	0.00476	0.00424
12	0.00625	0.00447	0.00595	0.00714	0.00744	0.00417	0.00476	0.00714	0.00982	0.01310	0.02828	0.81633	0.03394	0.01608	0.00655	0.00208	0.00298	0.01459	0.00476	0.00417
13	0.02269	0.00926	0.01224	0.00938	0.01336	0.00833	0.00775	0.09523	0.01558	0.71974	0.01950	0.01698	0.01233	0.00633	0.00516	0.00158	0.00449	0.00511	0.00624	0.00873
14	0.00625	0.00449	0.00593	0.00708	0.00743	0.00417	0.00473	0.00715	0.00989	0.01312	0.02908	0.79047	0.05928	0.01597	0.00653	0.00207	0.00296	0.01446	0.00476	0.00417
15	0.02293	0.00887	0.01200	0.00920	0.01317	0.00775	0.00760	0.04368	0.01492	0.77221	0.02004	0.01734	0.01260	0.00635	0.00516	0.00159	0.00440	0.00515	0.00632	0.00873
16	0.02254	0.00880	0.01182	0.00909	0.01299	0.00773	0.00750	0.04787	0.01487	0.74606	0.01990	0.01735	0.01259	0.00633	0.00512	0.00158	0.00435	0.00513	0.02977	0.00862
17	0.85592	0.00992	0.00754	0.00675	0.00992	0.01151	0.00556	0.01508	0.00873	0.02302	0.00714	0.00834	0.00556	0.00476	0.00318	0.00159	0.00397	0.00278	0.00318	0.00556
18	0.14208	0.00917	0.01145	0.00891	0.01278	0.00851	0.00736	0.05888	0.01428	0.64533	0.01799	0.01591	0.01149	0.00611	0.00487	0.00159	0.00437	0.00479	0.00584	0.00828
19	0.01313	0.01177	0.01691	0.09099	0.40191	0.01267	0.01263	0.09387	0.25374	0.01946	0.01340	0.01477	0.01044	0.00553	0.00513	0.00161	0.00548	0.00496	0.00362	0.00797
20	0.01276	0.01102	0.01160	0.01044	0.01334	0.01276	0.00812	0.02727	0.77840	0.02146	0.02088	0.01914	0.01566	0.00696	0.00522	0.00174	0.00406	0.00580	0.00522	0.00812
