[name]
unknown

[dist]
# distance from previous block
# <min> <max>
0	165

[block]
# block no. 0 follows, 46 sequences, length 18
# corresponding to MSA columns:
# 197-214
name=unknown_A
#
# <colnr> <probs for GDERKNQSTAVLIFYWHMCP>
#	G	D	E	R	K	N	Q	S	T	A	V	L	I	F	Y	W	H	M	C	P
0	0.01114	0.01235	0.13856	0.09107	0.03808	0.04007	0.03306	0.05518	0.15167	0.03936	0.21244	0.02595	0.06745	0.00811	0.00569	0.00174	0.00509	0.05199	0.00437	0.00664
1	0.01289	0.01236	0.02110	0.08176	0.73347	0.01251	0.01613	0.01605	0.01194	0.01703	0.00991	0.01315	0.00829	0.00475	0.00524	0.00158	0.00633	0.00471	0.00260	0.00821
2	0.00697	0.00526	0.00645	0.00651	0.00773	0.00474	0.00480	0.00884	0.01316	0.01765	0.41198	0.18707	0.25251	0.01272	0.00637	0.00181	0.00272	0.03263	0.00536	0.00471
3	0.01469	0.50239	0.02222	0.01119	0.05583	0.18579	0.00930	0.03284	0.01217	0.01369	0.03976	0.05891	0.01035	0.00575	0.00415	0.00130	0.00625	0.00411	0.00275	0.00656
4	0.01919	0.00896	0.01145	0.00928	0.01274	0.00847	0.00749	0.02396	0.17070	0.51737	0.13076	0.02146	0.01905	0.00729	0.00546	0.00167	0.00414	0.00607	0.00620	0.00829
5	0.19409	0.01184	0.01238	0.01003	0.01370	0.01289	0.00817	0.32835	0.13958	0.14813	0.01654	0.01590	0.05242	0.00659	0.00494	0.00165	0.00481	0.00500	0.00506	0.00795
6	0.01172	0.10258	0.14956	0.01146	0.06729	0.01101	0.00985	0.05536	0.17140	0.05243	0.10423	0.07679	0.09306	0.00777	0.00528	0.00162	0.00480	0.00648	0.00418	0.05315
7	0.00681	0.00538	0.00614	0.00595	0.00749	0.00470	0.00446	0.00868	0.01338	0.01745	0.38546	0.04566	0.44520	0.01221	0.00624	0.00173	0.00259	0.01043	0.00533	0.00470
8	0.02356	0.00926	0.01243	0.00953	0.01363	0.00816	0.00787	0.05901	0.01557	0.75103	0.02049	0.01775	0.01290	0.00653	0.00532	0.00163	0.00456	0.00529	0.00649	0.00900
9	0.01334	0.06107	0.31890	0.01740	0.21073	0.01152	0.01448	0.03538	0.03123	0.13284	0.01352	0.07014	0.01108	0.00633	0.00524	0.00167	0.00625	0.02772	0.00340	0.00778
10	0.03950	0.01091	0.03633	0.00908	0.01350	0.00942	0.00753	0.10990	0.11874	0.06933	0.01217	0.01278	0.00937	0.00491	0.00439	0.00113	0.00436	0.00389	0.00391	0.51886
11	0.00766	0.00526	0.00645	0.00665	0.00693	0.00537	0.00432	0.00823	0.00840	0.01130	0.01826	0.08971	0.02053	0.56956	0.13455	0.00515	0.00626	0.07831	0.00343	0.00366
12	0.01319	0.01205	0.05764	0.40372	0.07922	0.03104	0.01275	0.21664	0.01472	0.01982	0.01098	0.01386	0.00820	0.00560	0.00512	0.00164	0.00637	0.00466	0.07586	0.00692
13	0.06777	0.18339	0.15087	0.01224	0.01657	0.11445	0.10387	0.11026	0.01377	0.04214	0.08116	0.04284	0.02626	0.00620	0.00493	0.00154	0.00638	0.00503	0.00341	0.00690
14	0.01724	0.03911	0.34919	0.01245	0.01818	0.02984	0.04220	0.02113	0.01319	0.38237	0.01486	0.01442	0.00980	0.00572	0.00516	0.00164	0.00626	0.00463	0.00432	0.00828
15	0.00718	0.00568	0.00654	0.00655	0.00813	0.00515	0.00509	0.00948	0.03899	0.01686	0.26839	0.04758	0.42743	0.01256	0.00636	0.00184	0.00298	0.11319	0.00520	0.00481
16	0.01143	0.01101	0.01899	0.42451	0.34229	0.01227	0.05531	0.01479	0.01122	0.01522	0.00963	0.01363	0.00764	0.00510	0.00560	0.00170	0.02542	0.00478	0.00248	0.00697
17	0.01412	0.06870	0.26766	0.09855	0.10464	0.04895	0.10214	0.04937	0.03356	0.13128	0.01159	0.01312	0.00840	0.00535	0.00537	0.00164	0.02012	0.00457	0.00322	0.00765

[dist]
# distance from previous block
# <min> <max>
0	8

[block]
# block no. 1 follows, 46 sequences, length 42
# corresponding to MSA columns:
# 223-264
name=unknown_B
#
# <colnr> <probs for GDERKNQSTAVLIFYWHMCP>
#	G	D	E	R	K	N	Q	S	T	A	V	L	I	F	Y	W	H	M	C	P
0	0.39184	0.04917	0.01189	0.04712	0.01353	0.10040	0.00787	0.05302	0.01124	0.08537	0.00913	0.01052	0.00710	0.00553	0.00536	0.00157	0.08921	0.00353	0.00338	0.09321
1	0.51831	0.04988	0.06145	0.00772	0.01091	0.01089	0.00674	0.01492	0.06450	0.02070	0.03079	0.07311	0.09841	0.00699	0.00420	0.00168	0.00416	0.00512	0.00366	0.00584
2	0.01033	0.04015	0.08818	0.01163	0.08416	0.00849	0.05419	0.01309	0.01293	0.06823	0.32291	0.05320	0.07279	0.00859	0.00640	0.00165	0.05312	0.01913	0.00438	0.06641
3	0.40673	0.01023	0.01129	0.11839	0.06721	0.01125	0.00841	0.03293	0.08836	0.16506	0.01193	0.01267	0.00863	0.00549	0.00433	0.00165	0.00476	0.00406	0.00397	0.02265
4	0.01096	0.00940	0.01096	0.00783	0.01253	0.00705	0.00626	0.01331	0.01096	0.01723	0.00940	0.01096	0.00783	0.00392	0.00392	0.00078	0.00392	0.00313	0.00313	0.84653
5	0.01035	0.00937	0.01539	0.13555	0.40769	0.00961	0.01212	0.01279	0.01117	0.01543	0.01645	0.28686	0.01730	0.00886	0.00576	0.00180	0.00529	0.00825	0.00336	0.00661
6	0.00655	0.00466	0.00618	0.00736	0.00767	0.00437	0.00493	0.00747	0.01007	0.01342	0.02859	0.75890	0.03419	0.04989	0.00761	0.00228	0.00320	0.03357	0.00484	0.00426
7	0.00742	0.00539	0.00699	0.00662	0.00787	0.00496	0.00495	0.00984	0.01477	0.02081	0.73840	0.05418	0.07594	0.01101	0.00625	0.00168	0.00251	0.00972	0.00577	0.00496
8	0.82060	0.01018	0.00794	0.00704	0.01035	0.01171	0.00580	0.01592	0.00923	0.05218	0.00787	0.00894	0.00600	0.00497	0.00335	0.00164	0.00410	0.00295	0.00339	0.00585
9	0.00691	0.00493	0.00586	0.00640	0.00682	0.00465	0.00408	0.00753	0.00946	0.01233	0.02811	0.37711	0.14947	0.33492	0.01473	0.00328	0.00383	0.01147	0.00423	0.00389
10	0.00644	0.00460	0.00613	0.00736	0.00767	0.00429	0.00491	0.00736	0.01012	0.01350	0.02914	0.81076	0.03497	0.01656	0.00675	0.00215	0.00307	0.01503	0.00491	0.00429
11	0.02360	0.00918	0.01238	0.00949	0.01359	0.00805	0.00784	0.04947	0.01544	0.76074	0.02059	0.01782	0.01295	0.00654	0.00532	0.00163	0.00454	0.00530	0.00650	0.00900
12	0.01748	0.02031	0.01488	0.01321	0.01558	0.50326	0.01022	0.07080	0.10853	0.01542	0.00992	0.01138	0.00814	0.00641	0.00715	0.00160	0.15198	0.00404	0.00315	0.00654
13	0.18629	0.13030	0.12162	0.01409	0.12878	0.11603	0.01107	0.11104	0.09894	0.01981	0.01040	0.01148	0.00813	0.00534	0.00450	0.00154	0.00608	0.00393	0.00331	0.00731
14	0.01413	0.81739	0.02770	0.00905	0.01357	0.02092	0.00905	0.01583	0.01074	0.01244	0.00735	0.00848	0.00678	0.00452	0.00339	0.00113	0.00565	0.00283	0.00226	0.00678
15	0.01110	0.02349	0.03514	0.00900	0.04384	0.00747	0.00704	0.01360	0.01156	0.04059	0.09183	0.01427	0.01245	0.00481	0.00428	0.00097	0.00403	0.00397	0.00346	0.65712
16	0.02252	0.00983	0.01272	0.00982	0.01382	0.00914	0.00810	0.14632	0.01648	0.63258	0.01927	0.01723	0.01242	0.00775	0.03478	0.00188	0.00508	0.00524	0.00620	0.00884
17	0.02347	0.00939	0.01251	0.00959	0.01369	0.00835	0.00792	0.07579	0.01579	0.73394	0.02030	0.01763	0.01281	0.00653	0.00531	0.00163	0.00459	0.00528	0.00646	0.00900
18	0.01181	0.01221	0.07333	0.35873	0.34914	0.01221	0.01521	0.05428	0.01209	0.01656	0.02829	0.01399	0.00872	0.00521	0.00527	0.00166	0.00660	0.00477	0.00269	0.00721
19	0.01422	0.01258	0.02067	0.08016	0.54070	0.01281	0.07170	0.10952	0.01372	0.05653	0.01084	0.01343	0.00856	0.00502	0.00532	0.00160	0.00639	0.00486	0.00313	0.00822
20	0.00755	0.00566	0.00850	0.00850	0.00944	0.00661	0.00661	0.00944	0.00850	0.01227	0.01416	0.02077	0.01322	0.03965	0.79326	0.00850	0.01416	0.00566	0.00283	0.00472
21	0.02372	0.00900	0.01227	0.00941	0.01350	0.00777	0.00777	0.02576	0.01513	0.78489	0.02086	0.01799	0.01309	0.00654	0.00532	0.00164	0.00450	0.00532	0.00654	0.00900
22	0.01173	0.07956	0.66693	0.01446	0.02162	0.06879	0.01795	0.01716	0.01148	0.02994	0.00945	0.01099	0.00683	0.00505	0.00490	0.00161	0.00773	0.00382	0.00235	0.00764
23	0.00918	0.00459	0.00689	0.00689	0.00689	0.00459	0.00459	0.00689	0.00689	0.00918	0.00918	0.01607	0.00918	0.01837	0.02066	0.84619	0.00459	0.00459	0.00230	0.00230
24	0.01315	0.01136	0.01195	0.01076	0.01375	0.01315	0.00837	0.02809	0.77168	0.02211	0.02152	0.01972	0.01614	0.00717	0.00538	0.00179	0.00418	0.00598	0.00538	0.00837
25	0.75023	0.01035	0.00915	0.04764	0.06682	0.01190	0.00692	0.01549	0.00929	0.02276	0.00765	0.00918	0.00598	0.00491	0.00351	0.00164	0.00439	0.00308	0.00318	0.00592
26	0.01218	0.01164	0.01983	0.25610	0.56463	0.01232	0.01578	0.01543	0.01161	0.01618	0.00978	0.01338	0.00799	0.00488	0.00525	0.00163	0.00650	0.00471	0.00254	0.00765
27	0.02304	0.00949	0.01250	0.00965	0.01370	0.00857	0.00795	0.07588	0.04673	0.70274	0.02033	0.01771	0.01293	0.00656	0.00532	0.00164	0.00457	0.00531	0.00641	0.00897
28	0.01100	0.00537	0.00578	0.00549	0.00686	0.00524	0.00405	0.01311	0.01108	0.09636	0.01754	0.02139	0.01421	0.10670	0.00675	0.00176	0.00300	0.00531	0.65391	0.00513
29	0.01288	0.01158	0.13455	0.19213	0.02957	0.00953	0.02871	0.04177	0.07602	0.17484	0.05599	0.06229	0.09843	0.00746	0.00544	0.00171	0.00530	0.00635	0.03854	0.00688
30	0.01536	0.01240	0.07136	0.29016	0.18396	0.05417	0.01305	0.05743	0.01312	0.21829	0.01264	0.01437	0.00898	0.00554	0.00524	0.00165	0.00634	0.00474	0.00367	0.00754
31	0.01438	0.78457	0.02722	0.00917	0.01368	0.02073	0.00909	0.04641	0.01132	0.01329	0.00757	0.00865	0.00687	0.00460	0.00347	0.00115	0.00566	0.00291	0.00239	0.00687
32	0.81047	0.01029	0.00818	0.00729	0.01040	0.01207	0.00601	0.01540	0.00895	0.02318	0.00734	0.00873	0.00578	0.00512	0.00396	0.00167	0.04324	0.00295	0.00322	0.00573
33	0.00634	0.00517	0.00561	0.00589	0.00730	0.00444	0.00427	0.00762	0.01168	0.01434	0.07375	0.23678	0.57030	0.01407	0.00637	0.00187	0.00277	0.01205	0.00494	0.00444
34	0.01039	0.06736	0.12181	0.62724	0.03286	0.01247	0.02733	0.01416	0.01069	0.01393	0.00929	0.01331	0.00700	0.00518	0.00514	0.00171	0.00709	0.00449	0.00233	0.00622
35	0.00756	0.00563	0.00831	0.00831	0.00919	0.00651	0.00638	0.00932	0.00844	0.01214	0.01433	0.02171	0.01362	0.09216	0.74130	0.00827	0.01355	0.00580	0.00286	0.00462
36	0.01099	0.02591	0.71883	0.01462	0.02201	0.01224	0.01852	0.05581	0.01202	0.01777	0.03669	0.01224	0.00834	0.00530	0.00508	0.00167	0.00752	0.00415	0.00252	0.00778
37	0.00659	0.00475	0.00625	0.00719	0.00769	0.00441	0.00489	0.00777	0.01092	0.01469	0.14396	0.66799	0.06213	0.01558	0.00665	0.00206	0.00297	0.01407	0.00505	0.00441
38	0.00990	0.00929	0.01550	0.73257	0.06105	0.01139	0.01417	0.01329	0.01070	0.01368	0.01174	0.01599	0.04773	0.00569	0.00533	0.00176	0.00679	0.00504	0.00249	0.00589
39	0.01038	0.02092	0.51933	0.07515	0.07571	0.01126	0.01625	0.01600	0.05324	0.01697	0.06518	0.01702	0.05453	0.00617	0.00527	0.00170	0.00674	0.01800	0.00288	0.00730
40	0.00776	0.00520	0.00618	0.00609	0.00733	0.00482	0.00451	0.00991	0.01308	0.01897	0.40304	0.11024	0.15822	0.01064	0.00567	0.00162	0.00257	0.00921	0.21012	0.00482
41	0.01291	0.21842	0.20498	0.01345	0.06909	0.06149	0.07847	0.01717	0.07116	0.03118	0.01016	0.01156	0.00804	0.00484	0.00454	0.00136	0.00627	0.00391	0.00284	0.16815

[dist]
# distance from previous block
# <min> <max>
0	1

[block]
# block no. 2 follows, 46 sequences, length 18
# corresponding to MSA columns:
# 266-283
name=unknown_C
#
# <colnr> <probs for GDERKNQSTAVLIFYWHMCP>
#	G	D	E	R	K	N	Q	S	T	A	V	L	I	F	Y	W	H	M	C	P
0	0.01371	0.01246	0.09062	0.01875	0.32065	0.01021	0.01186	0.01741	0.05533	0.12621	0.01194	0.01332	0.00916	0.00490	0.00483	0.00136	0.00534	0.00431	0.00345	0.26419
1	0.01032	0.21656	0.15849	0.00990	0.01330	0.04285	0.05115	0.01282	0.01119	0.01474	0.03620	0.22140	0.09778	0.00895	0.00516	0.00163	0.00510	0.00757	0.06898	0.00590
2	0.01266	0.24726	0.23046	0.04491	0.01668	0.03755	0.01215	0.04459	0.01114	0.05221	0.01069	0.06915	0.00959	0.03084	0.00753	0.00176	0.14651	0.00476	0.00283	0.00674
3	0.00682	0.00489	0.00647	0.00710	0.00775	0.00455	0.00494	0.00831	0.01187	0.01628	0.30042	0.53153	0.04037	0.01448	0.00656	0.00197	0.00286	0.01305	0.00524	0.00455
4	0.04895	0.01908	0.45632	0.01351	0.01891	0.01034	0.10183	0.01434	0.01105	0.01632	0.01533	0.17998	0.03404	0.00785	0.00554	0.00181	0.00656	0.02846	0.00304	0.00673
5	0.04361	0.06356	0.23391	0.03626	0.01810	0.03060	0.06336	0.10044	0.02833	0.30826	0.01420	0.01409	0.00961	0.00572	0.00510	0.00162	0.00613	0.00464	0.00433	0.00812
6	0.01942	0.01100	0.07815	0.04413	0.07454	0.00947	0.00996	0.02217	0.03069	0.52025	0.04036	0.01700	0.01258	0.00661	0.00639	0.00170	0.07678	0.00521	0.00528	0.00830
7	0.00662	0.00474	0.00630	0.00724	0.00771	0.00441	0.00492	0.00782	0.01096	0.01484	0.15954	0.67654	0.03756	0.01556	0.00666	0.00206	0.00297	0.01408	0.00507	0.00441
8	0.01146	0.09597	0.27869	0.02836	0.08604	0.01222	0.11895	0.01617	0.06763	0.03812	0.03659	0.05246	0.03593	0.00769	0.03805	0.00196	0.04397	0.00546	0.01720	0.00708
9	0.01470	0.20696	0.20202	0.01450	0.11007	0.03183	0.06539	0.05723	0.02570	0.15155	0.02928	0.04587	0.01054	0.00581	0.00491	0.00154	0.00617	0.00481	0.00349	0.00762
10	0.02083	0.00821	0.01101	0.00879	0.01226	0.00718	0.00712	0.02281	0.01429	0.64172	0.02125	0.08934	0.01510	0.00741	0.00529	0.00164	0.00417	0.00615	0.08725	0.00818
11	0.01924	0.09632	0.01612	0.01321	0.01609	0.72366	0.01011	0.02064	0.01460	0.01289	0.00810	0.00944	0.00681	0.00536	0.00464	0.00134	0.00919	0.00335	0.00268	0.00619
12	0.04782	0.13196	0.15154	0.10263	0.06359	0.04486	0.05482	0.01674	0.01143	0.13250	0.04060	0.01345	0.00960	0.00616	0.00711	0.00170	0.14881	0.00452	0.00317	0.00699
13	0.01413	0.81739	0.02770	0.00905	0.01357	0.02092	0.00905	0.01583	0.01074	0.01244	0.00735	0.00848	0.00678	0.00452	0.00339	0.00113	0.00565	0.00283	0.00226	0.00678
14	0.01244	0.07872	0.01252	0.00808	0.01271	0.00831	0.00665	0.01470	0.01134	0.08935	0.01030	0.01141	0.00824	0.00422	0.00400	0.00089	0.00412	0.00331	0.00338	0.69530
15	0.07253	0.23094	0.20882	0.12657	0.08918	0.08885	0.01298	0.04740	0.04724	0.01624	0.00936	0.01117	0.00740	0.00509	0.00453	0.00150	0.00664	0.00382	0.00268	0.00708
16	0.00810	0.00554	0.00726	0.00676	0.00811	0.00509	0.00509	0.01058	0.01497	0.05024	0.74963	0.03867	0.04848	0.01065	0.00620	0.00166	0.00257	0.00940	0.00585	0.00514
17	0.01242	0.01185	0.01592	0.01355	0.01410	0.01604	0.01125	0.08102	0.05309	0.01511	0.00829	0.01213	0.00765	0.00887	0.01558	0.00222	0.68723	0.00472	0.00275	0.00622

[dist]
# distance from previous block
# <min> <max>
0	14

[block]
# block no. 3 follows, 46 sequences, length 54
# corresponding to MSA columns:
# 298-351
name=unknown_D
#
# <colnr> <probs for GDERKNQSTAVLIFYWHMCP>
#	G	D	E	R	K	N	Q	S	T	A	V	L	I	F	Y	W	H	M	C	P
0	0.85155	0.01022	0.00777	0.00695	0.01022	0.01186	0.00573	0.01554	0.00900	0.02372	0.00736	0.00859	0.00573	0.00491	0.00327	0.00164	0.00409	0.00286	0.00327	0.00573
1	0.00635	0.00536	0.00549	0.00546	0.00720	0.00451	0.00409	0.00778	0.01228	0.01484	0.11200	0.04996	0.72030	0.01318	0.00625	0.00178	0.00266	0.01103	0.00498	0.00451
2	0.00660	0.00509	0.00608	0.00678	0.00782	0.00457	0.00495	0.00787	0.01118	0.01410	0.03939	0.40076	0.35082	0.01499	0.00660	0.00203	0.00311	0.09793	0.00490	0.00443
3	0.00715	0.00539	0.00661	0.00630	0.00769	0.00485	0.00473	0.00933	0.01418	0.01934	0.58369	0.04255	0.24579	0.01150	0.00624	0.00170	0.00254	0.00999	0.00557	0.00485
4	0.00755	0.00566	0.00850	0.00850	0.00944	0.00661	0.00661	0.00944	0.00850	0.01227	0.01416	0.02077	0.01322	0.03965	0.79326	0.00850	0.01416	0.00566	0.00283	0.00472
5	0.00755	0.00566	0.00850	0.00850	0.00944	0.00661	0.00661	0.00944	0.00850	0.01227	0.01416	0.02077	0.01322	0.03965	0.79326	0.00850	0.01416	0.00566	0.00283	0.00472
6	0.01096	0.00940	0.01096	0.00783	0.01253	0.00705	0.00626	0.01331	0.01096	0.01723	0.00940	0.01096	0.00783	0.00392	0.00392	0.00078	0.00392	0.00313	0.00313	0.84653
7	0.00828	0.00515	0.00550	0.00541	0.00681	0.00480	0.00406	0.01042	0.01218	0.01840	0.18690	0.03313	0.24943	0.00929	0.00499	0.00149	0.00253	0.00775	0.41865	0.00480
8	0.00769	0.00513	0.00577	0.00577	0.00577	0.00513	0.00320	0.00769	0.00769	0.01025	0.01666	0.03460	0.01922	0.81421	0.02691	0.00513	0.00513	0.00769	0.00320	0.00320
9	0.85155	0.01022	0.00777	0.00695	0.01022	0.01186	0.00573	0.01554	0.00900	0.02372	0.00736	0.00859	0.00573	0.00491	0.00327	0.00164	0.00409	0.00286	0.00327	0.00573
10	0.01561	0.01072	0.01522	0.01193	0.01558	0.03127	0.15661	0.05479	0.16557	0.24613	0.01798	0.07036	0.02578	0.04710	0.00655	0.00181	0.00536	0.00619	0.00474	0.09069
11	0.03306	0.00936	0.09932	0.00896	0.01098	0.00768	0.06912	0.01254	0.08647	0.03351	0.12348	0.02826	0.02034	0.41607	0.01638	0.00344	0.00524	0.00703	0.00372	0.00505
12	0.01094	0.01311	0.16510	0.00975	0.01509	0.00830	0.03468	0.01411	0.01105	0.01712	0.00946	0.01111	0.00761	0.00415	0.00421	0.00099	0.00486	0.00339	0.00294	0.65201
13	0.02010	0.01481	0.01587	0.01216	0.01639	0.01639	0.01005	0.76360	0.02486	0.03332	0.01269	0.01269	0.00899	0.00635	0.00529	0.00159	0.00582	0.00476	0.00529	0.00899
14	0.00767	0.00520	0.00613	0.00613	0.00626	0.00533	0.00366	0.00792	0.00780	0.01052	0.01632	0.03273	0.01841	0.70955	0.13046	0.00558	0.00635	0.00741	0.00315	0.00341
15	0.01178	0.00850	0.00990	0.00867	0.01034	0.00930	0.00645	0.25983	0.01363	0.01850	0.01463	0.02339	0.01411	0.32591	0.23674	0.00490	0.00791	0.00614	0.00379	0.00556
16	0.85155	0.01022	0.00777	0.00695	0.01022	0.01186	0.00573	0.01554	0.00900	0.02372	0.00736	0.00859	0.00573	0.00491	0.00327	0.00164	0.00409	0.00286	0.00327	0.00573
17	0.57344	0.01191	0.08179	0.00842	0.01216	0.01163	0.00758	0.09131	0.01163	0.08619	0.05320	0.01177	0.00927	0.00553	0.00397	0.00164	0.00455	0.00373	0.00379	0.00647
18	0.04064	0.01311	0.01414	0.04701	0.01610	0.01481	0.00949	0.42658	0.31006	0.02786	0.01578	0.01533	0.01155	0.00657	0.00527	0.00168	0.00520	0.00517	0.00513	0.00852
19	0.00962	0.00828	0.01395	0.01273	0.01471	0.00851	0.16666	0.01236	0.01187	0.01578	0.02250	0.04586	0.02365	0.01200	0.00797	0.00229	0.07665	0.52500	0.00418	0.00542
20	0.01413	0.81739	0.02770	0.00905	0.01357	0.02092	0.00905	0.01583	0.01074	0.01244	0.00735	0.00848	0.00678	0.00452	0.00339	0.00113	0.00565	0.00283	0.00226	0.00678
21	0.01413	0.81739	0.02770	0.00905	0.01357	0.02092	0.00905	0.01583	0.01074	0.01244	0.00735	0.00848	0.00678	0.00452	0.00339	0.00113	0.00565	0.00283	0.00226	0.00678
22	0.00836	0.00670	0.01033	0.00920	0.01022	0.00721	0.09257	0.00973	0.00860	0.01199	0.01447	0.02532	0.01482	0.35444	0.35072	0.00605	0.04540	0.00652	0.00294	0.00442
23	0.00646	0.00470	0.00609	0.00715	0.00763	0.00433	0.00483	0.00747	0.01047	0.01384	0.05731	0.71224	0.10589	0.01606	0.00668	0.00210	0.00301	0.01447	0.00494	0.00433
24	0.00998	0.00940	0.01586	0.80150	0.03641	0.01175	0.01468	0.01351	0.01057	0.01351	0.00940	0.01409	0.00705	0.00529	0.00529	0.00176	0.00705	0.00470	0.00235	0.00587
25	0.01413	0.81739	0.02770	0.00905	0.01357	0.02092	0.00905	0.01583	0.01074	0.01244	0.00735	0.00848	0.00678	0.00452	0.00339	0.00113	0.00565	0.00283	0.00226	0.00678
26	0.03275	0.01369	0.01459	0.05300	0.01648	0.04244	0.00968	0.52366	0.13092	0.04944	0.01451	0.04967	0.01107	0.00682	0.00531	0.00165	0.00559	0.00533	0.00504	0.00837
27	0.00676	0.00538	0.00606	0.00589	0.00745	0.00468	0.00442	0.00858	0.01326	0.01715	0.35402	0.04616	0.47683	0.01232	0.00624	0.00173	0.00260	0.01050	0.00529	0.00468
28	0.02005	0.03800	0.04314	0.01184	0.01616	0.02921	0.01006	0.60553	0.02251	0.12999	0.01341	0.01315	0.00934	0.00626	0.00522	0.00158	0.00578	0.00472	0.00521	0.00883
29	0.00799	0.00683	0.00827	0.00792	0.03515	0.00662	0.00580	0.00961	0.01145	0.01520	0.13559	0.03615	0.39020	0.05378	0.04824	0.00221	0.09559	0.00850	0.00424	0.11065
30	0.01227	0.01463	0.13723	0.11624	0.44335	0.01256	0.12555	0.01652	0.03882	0.01688	0.01033	0.01332	0.00819	0.00487	0.00536	0.00165	0.00691	0.00486	0.00263	0.00782
31	0.01245	0.01105	0.01819	0.02701	0.62794	0.01105	0.01375	0.01545	0.01185	0.01775	0.01139	0.01439	0.00940	0.00500	0.00493	0.00150	0.00553	0.00475	0.16894	0.00769
32	0.01413	0.81739	0.02770	0.00905	0.01357	0.02092	0.00905	0.01583	0.01074	0.01244	0.00735	0.00848	0.00678	0.00452	0.00339	0.00113	0.00565	0.00283	0.00226	0.00678
33	0.00792	0.00550	0.00721	0.00673	0.00805	0.00506	0.00506	0.01041	0.01497	0.04202	0.75779	0.03890	0.04888	0.01069	0.00621	0.00166	0.00255	0.00944	0.00584	0.00510
34	0.01060	0.02735	0.78682	0.01507	0.02288	0.01228	0.01953	0.01674	0.01116	0.01674	0.00949	0.01116	0.00670	0.00502	0.00502	0.00167	0.00781	0.00391	0.00223	0.00781
35	0.85155	0.01022	0.00777	0.00695	0.01022	0.01186	0.00573	0.01554	0.00900	0.02372	0.00736	0.00859	0.00573	0.00491	0.00327	0.00164	0.00409	0.00286	0.00327	0.00573
36	0.00644	0.00460	0.00613	0.00736	0.00767	0.00429	0.00491	0.00736	0.01012	0.01350	0.02914	0.81076	0.03497	0.01656	0.00675	0.00215	0.00307	0.01503	0.00491	0.00429
37	0.06167	0.00658	0.00657	0.00610	0.00785	0.00694	0.00471	0.08247	0.06267	0.02136	0.01652	0.01840	0.01283	0.00617	0.00393	0.00133	0.00298	0.00486	0.66050	0.00558
38	0.01172	0.01198	0.01903	0.02882	0.04456	0.05331	0.23195	0.01416	0.03077	0.01405	0.00993	0.01519	0.00901	0.08062	0.04836	0.03185	0.33070	0.00540	0.00264	0.00596
39	0.01062	0.00900	0.03249	0.01052	0.05987	0.00926	0.02478	0.07351	0.23037	0.01682	0.01802	0.10589	0.01722	0.25706	0.09791	0.00354	0.00591	0.00718	0.00405	0.00598
40	0.00755	0.00566	0.00850	0.00850	0.00944	0.00661	0.00661	0.00944	0.00850	0.01227	0.01416	0.02077	0.01322	0.03965	0.79326	0.00850	0.01416	0.00566	0.00283	0.00472
41	0.00998	0.00940	0.01586	0.80150	0.03641	0.01175	0.01468	0.01351	0.01057	0.01351	0.00940	0.01409	0.00705	0.00529	0.00529	0.00176	0.00705	0.00470	0.00235	0.00587
42	0.27618	0.03973	0.01210	0.06558	0.01425	0.01315	0.00823	0.13748	0.22535	0.03555	0.01301	0.01447	0.01021	0.04793	0.00661	0.00189	0.06267	0.00459	0.00407	0.00696
43	0.01980	0.02336	0.01510	0.01368	0.03049	0.67321	0.01022	0.09576	0.01592	0.04184	0.00910	0.01021	0.00728	0.00556	0.00485	0.00140	0.00893	0.00363	0.00311	0.00656
44	0.00644	0.00460	0.00613	0.00736	0.00767	0.00429	0.00491	0.00736	0.01012	0.01350	0.02914	0.81076	0.03497	0.01656	0.00675	0.00215	0.00307	0.01503	0.00491	0.00429
45	0.00756	0.00565	0.00841	0.00841	0.00933	0.00656	0.00650	0.00939	0.00847	0.01221	0.01424	0.02119	0.01340	0.06323	0.76992	0.00839	0.01389	0.00573	0.00284	0.00467
46	0.01061	0.01005	0.01647	0.60834	0.12547	0.01231	0.01439	0.01418	0.03191	0.01414	0.00957	0.01388	0.00746	0.00565	0.00645	0.00179	0.08390	0.00473	0.00246	0.00624
47	0.01975	0.02520	0.01498	0.01362	0.01634	0.79299	0.01021	0.02111	0.01498	0.01294	0.00817	0.00953	0.00681	0.00545	0.00477	0.00136	0.00953	0.00340	0.00272	0.00613
48	0.00677	0.00536	0.00609	0.00594	0.00747	0.00468	0.00444	0.00859	0.01324	0.01718	0.35877	0.06134	0.45661	0.01236	0.00625	0.00174	0.00261	0.01056	0.00529	0.00468
49	0.00998	0.00940	0.01586	0.80150	0.03641	0.01175	0.01468	0.01351	0.01057	0.01351	0.00940	0.01409	0.00705	0.00529	0.00529	0.00176	0.00705	0.00470	0.00235	0.00587
50	0.00797	0.00611	0.00909	0.05813	0.01075	0.00675	0.04001	0.00946	0.00854	0.01190	0.01452	0.02459	0.01456	0.29003	0.45679	0.00666	0.01051	0.00629	0.00292	0.00440
51	0.00723	0.00521	0.00688	0.00715	0.00811	0.00486	0.00529	0.00919	0.01309	0.01808	0.45171	0.28857	0.05698	0.01307	0.00650	0.00190	0.00291	0.08311	0.00542	0.00474
52	0.01402	0.70061	0.05233	0.00941	0.01394	0.04526	0.00930	0.01633	0.03622	0.01314	0.00801	0.00909	0.00714	0.00463	0.00358	0.00116	0.00573	0.00300	0.00242	0.04466
53	0.04175	0.30316	0.09818	0.07078	0.06426	0.01427	0.01045	0.06428	0.01147	0.04736	0.01098	0.01510	0.00963	0.03364	0.12066	0.00262	0.03438	0.03749	0.00293	0.00660

[dist]
# distance from previous block
# <min> <max>
2	11

[block]
# block no. 4 follows, 46 sequences, length 18
# corresponding to MSA columns:
# 363-380
name=unknown_E
#
# <colnr> <probs for GDERKNQSTAVLIFYWHMCP>
#	G	D	E	R	K	N	Q	S	T	A	V	L	I	F	Y	W	H	M	C	P
0	0.01283	0.01222	0.02033	0.09425	0.66600	0.01254	0.01555	0.01683	0.06527	0.01730	0.01071	0.01363	0.00881	0.00493	0.00525	0.00160	0.00620	0.00480	0.00279	0.00817
1	0.01199	0.00667	0.00708	0.00643	0.00825	0.00685	0.00504	0.12750	0.01341	0.05642	0.01715	0.02017	0.01351	0.00655	0.00416	0.00135	0.00316	0.03483	0.64373	0.00573
2	0.00693	0.00520	0.00642	0.00650	0.00766	0.00469	0.00473	0.00877	0.01310	0.01767	0.42272	0.22391	0.22672	0.01280	0.00636	0.00181	0.00267	0.01124	0.00538	0.00469
3	0.00657	0.00470	0.00625	0.00727	0.00770	0.00438	0.00492	0.00770	0.01074	0.01448	0.12490	0.71219	0.03687	0.01583	0.00668	0.00209	0.00299	0.01433	0.00502	0.00438
4	0.01096	0.00940	0.01096	0.00783	0.01253	0.00705	0.00626	0.01331	0.01096	0.01723	0.00940	0.01096	0.00783	0.00392	0.00392	0.00078	0.00392	0.00313	0.00313	0.84653
5	0.00985	0.00493	0.00493	0.00493	0.00616	0.00493	0.00370	0.01232	0.01109	0.01971	0.01725	0.01971	0.01355	0.00616	0.00370	0.00123	0.00246	0.00493	0.84356	0.00493
6	0.01315	0.01136	0.01195	0.01076	0.01375	0.01315	0.00837	0.02809	0.77168	0.02211	0.02152	0.01972	0.01614	0.00717	0.00538	0.00179	0.00418	0.00598	0.00538	0.00837
7	0.01502	0.00927	0.01138	0.00833	0.01284	0.00728	0.00674	0.01727	0.01229	0.26123	0.01304	0.01320	0.00950	0.00475	0.00436	0.00105	0.00410	0.00383	0.00422	0.58031
8	0.00644	0.00460	0.00613	0.00736	0.00767	0.00429	0.00491	0.00736	0.01012	0.01350	0.02914	0.81076	0.03497	0.01656	0.00675	0.00215	0.00307	0.01503	0.00491	0.00429
9	0.02250	0.01095	0.01348	0.01033	0.01447	0.01067	0.00854	0.27407	0.01840	0.53197	0.01811	0.01621	0.01171	0.00648	0.00531	0.00162	0.00494	0.00513	0.00612	0.00899
10	0.00755	0.00568	0.00648	0.00626	0.00779	0.00526	0.00470	0.01032	0.06017	0.01822	0.35718	0.06373	0.32458	0.01130	0.00596	0.00169	0.00268	0.00967	0.08578	0.00497
11	0.00726	0.00535	0.00680	0.00653	0.00779	0.00488	0.00486	0.00952	0.01430	0.01986	0.64189	0.08865	0.13966	0.01148	0.00627	0.00171	0.00255	0.01010	0.00565	0.00488
12	0.01308	0.01256	0.02146	0.03245	0.78123	0.01256	0.01622	0.01622	0.01204	0.01727	0.00994	0.01308	0.00837	0.00471	0.00523	0.00157	0.00628	0.00471	0.00262	0.00837
13	0.00700	0.00527	0.00532	0.00531	0.00697	0.00457	0.00398	0.00860	0.01195	0.01557	0.06901	0.04435	0.60470	0.01188	0.00574	0.00167	0.00263	0.00987	0.17103	0.00457
14	0.00653	0.00474	0.00618	0.00730	0.00779	0.00440	0.00501	0.00756	0.01040	0.01368	0.03130	0.70373	0.10227	0.01618	0.00673	0.00213	0.00312	0.05170	0.00491	0.00434
15	0.01073	0.02643	0.73375	0.01557	0.02321	0.01235	0.07168	0.01676	0.01125	0.01676	0.00957	0.01138	0.00679	0.00498	0.00511	0.00168	0.00789	0.00407	0.00226	0.00776
16	0.01361	0.01132	0.01525	0.01286	0.01387	0.01474	0.01067	0.10719	0.01093	0.09423	0.00954	0.01296	0.00823	0.01058	0.06474	0.00255	0.57235	0.00478	0.00315	0.00644
17	0.00759	0.00503	0.00598	0.00630	0.00733	0.00469	0.00456	0.00940	0.01189	0.01714	0.21105	0.28241	0.14998	0.01194	0.00577	0.00174	0.00275	0.02780	0.22198	0.00467

[dist]
# distance from previous block
# <min> <max>
5	10

[block]
# block no. 5 follows, 46 sequences, length 55
# corresponding to MSA columns:
# 392-446
name=unknown_F
#
# <colnr> <probs for GDERKNQSTAVLIFYWHMCP>
#	G	D	E	R	K	N	Q	S	T	A	V	L	I	F	Y	W	H	M	C	P
0	0.01058	0.12816	0.11306	0.01029	0.04260	0.01025	0.03199	0.03693	0.09290	0.03458	0.25719	0.05119	0.09947	0.00828	0.00562	0.00161	0.01816	0.00697	0.00429	0.03586
1	0.69372	0.04201	0.00957	0.00772	0.01099	0.01250	0.00642	0.05953	0.01004	0.02304	0.00774	0.00907	0.00611	0.00515	0.00412	0.00161	0.04389	0.00307	0.00330	0.04040
2	0.04349	0.14803	0.14948	0.13810	0.07924	0.21654	0.04647	0.07037	0.01311	0.03481	0.00931	0.01124	0.00727	0.00517	0.00477	0.00151	0.00737	0.00395	0.00279	0.00696
3	0.07277	0.01095	0.01640	0.24946	0.07815	0.01367	0.05432	0.01405	0.02773	0.01474	0.00858	0.01253	0.00731	0.00688	0.01036	0.00194	0.35245	0.00459	0.00254	0.04057
4	0.00724	0.00517	0.00705	0.00827	0.00893	0.00498	0.00629	0.00874	0.01091	0.01439	0.02870	0.52264	0.03322	0.01581	0.00696	0.00226	0.00376	0.29528	0.00489	0.00451
5	0.01455	0.02628	0.17527	0.01242	0.01650	0.02938	0.10539	0.08738	0.08056	0.19453	0.01669	0.13816	0.01410	0.02900	0.00654	0.00185	0.03314	0.00660	0.00430	0.00737
6	0.83098	0.03005	0.00826	0.00700	0.01031	0.01208	0.00581	0.01555	0.00904	0.02344	0.00736	0.00859	0.00575	0.00490	0.00327	0.00162	0.00413	0.00286	0.00325	0.00575
7	0.01098	0.01012	0.01679	0.04836	0.45640	0.00998	0.05021	0.01392	0.01284	0.01807	0.22910	0.02277	0.06390	0.00693	0.00563	0.00163	0.00517	0.00652	0.00364	0.00705
8	0.01278	0.01222	0.01220	0.10805	0.05071	0.14927	0.00894	0.07512	0.24116	0.01925	0.16938	0.02282	0.08051	0.00768	0.00549	0.00166	0.00525	0.00634	0.00445	0.00673
9	0.00779	0.00547	0.00644	0.00613	0.00767	0.00489	0.00462	0.00984	0.01359	0.04468	0.42556	0.04123	0.31038	0.01121	0.00600	0.00167	0.00263	0.00961	0.07567	0.00493
10	0.01443	0.01169	0.01245	0.01088	0.01407	0.01334	0.00855	0.11964	0.64912	0.05326	0.02039	0.01878	0.01513	0.00704	0.00537	0.00176	0.00440	0.00580	0.00541	0.00847
11	0.00688	0.00538	0.00623	0.00602	0.00753	0.00473	0.00452	0.00881	0.01355	0.01784	0.42598	0.04503	0.40445	0.01206	0.00624	0.00172	0.00258	0.01034	0.00538	0.00473
12	0.00643	0.00536	0.00561	0.00555	0.00725	0.00454	0.00416	0.00794	0.01248	0.01531	0.16176	0.04918	0.67023	0.01300	0.00625	0.00177	0.00265	0.01092	0.00505	0.00454
13	0.01975	0.02520	0.01498	0.01362	0.01634	0.79299	0.01021	0.02111	0.01498	0.01294	0.00817	0.00953	0.00681	0.00545	0.00477	0.00136	0.00953	0.00340	0.00272	0.00613
14	0.00998	0.00940	0.01586	0.80150	0.03641	0.01175	0.01468	0.01351	0.01057	0.01351	0.00940	0.01409	0.00705	0.00529	0.00529	0.00176	0.00705	0.00470	0.00235	0.00587
15	0.02010	0.01481	0.01587	0.01216	0.01639	0.01639	0.01005	0.76360	0.02486	0.03332	0.01269	0.01269	0.00899	0.00635	0.00529	0.00159	0.00582	0.00476	0.00529	0.00899
16	0.01205	0.35146	0.47540	0.01260	0.01906	0.01582	0.01523	0.01637	0.01099	0.01498	0.00861	0.01006	0.00673	0.00482	0.00435	0.00145	0.00693	0.00346	0.00224	0.00739
17	0.00634	0.00536	0.00548	0.00545	0.00719	0.00450	0.00409	0.00776	0.01226	0.01477	0.10500	0.05007	0.72734	0.01321	0.00625	0.00178	0.00266	0.01104	0.00497	0.00450
18	0.00748	0.00540	0.00707	0.00665	0.00790	0.00499	0.00499	0.00998	0.01496	0.02120	0.77844	0.03949	0.04988	0.01081	0.00624	0.00166	0.00249	0.00956	0.00582	0.00499
19	0.85155	0.01022	0.00777	0.00695	0.01022	0.01186	0.00573	0.01554	0.00900	0.02372	0.00736	0.00859	0.00573	0.00491	0.00327	0.00164	0.00409	0.00286	0.00327	0.00573
20	0.00998	0.00940	0.01586	0.80150	0.03641	0.01175	0.01468	0.01351	0.01057	0.01351	0.00940	0.01409	0.00705	0.00529	0.00529	0.00176	0.00705	0.00470	0.00235	0.00587
21	0.01096	0.00940	0.01096	0.00783	0.01253	0.00705	0.00626	0.01331	0.01096	0.01723	0.00940	0.01096	0.00783	0.00392	0.00392	0.00078	0.00392	0.00313	0.00313	0.84653
22	0.00644	0.00460	0.00613	0.00736	0.00767	0.00429	0.00491	0.00736	0.01012	0.01350	0.02914	0.81076	0.03497	0.01656	0.00675	0.00215	0.00307	0.01503	0.00491	0.00429
23	0.11003	0.00912	0.01180	0.00915	0.01315	0.00820	0.00756	0.02470	0.01449	0.70554	0.01945	0.01701	0.01232	0.00637	0.00510	0.00164	0.00446	0.00506	0.00620	0.00866
24	0.02372	0.00900	0.01227	0.00941	0.01350	0.00777	0.00777	0.02576	0.01513	0.78489	0.02086	0.01799	0.01309	0.00654	0.00532	0.00164	0.00450	0.00532	0.00654	0.00900
25	0.00838	0.00599	0.00836	0.00958	0.01074	0.00597	0.00828	0.01072	0.01204	0.01567	0.02807	0.10894	0.03072	0.01473	0.00727	0.00242	0.00475	0.69769	0.00487	0.00483
26	0.00647	0.00461	0.00613	0.00733	0.00762	0.00431	0.00487	0.00737	0.01007	0.01342	0.02886	0.79324	0.03461	0.03456	0.00720	0.00221	0.00311	0.01486	0.00487	0.00427
27	0.02362	0.00915	0.01237	0.00948	0.01357	0.00800	0.00783	0.04579	0.01539	0.76450	0.02063	0.01785	0.01298	0.00654	0.00532	0.00163	0.00453	0.00530	0.00651	0.00900
28	0.01975	0.02520	0.01498	0.01362	0.01634	0.79299	0.01021	0.02111	0.01498	0.01294	0.00817	0.00953	0.00681	0.00545	0.00477	0.00136	0.00953	0.00340	0.00272	0.00613
29	0.01413	0.81739	0.02770	0.00905	0.01357	0.02092	0.00905	0.01583	0.01074	0.01244	0.00735	0.00848	0.00678	0.00452	0.00339	0.00113	0.00565	0.00283	0.00226	0.00678
30	0.85155	0.01022	0.00777	0.00695	0.01022	0.01186	0.00573	0.01554	0.00900	0.02372	0.00736	0.00859	0.00573	0.00491	0.00327	0.00164	0.00409	0.00286	0.00327	0.00573
31	0.02372	0.00900	0.01227	0.00941	0.01350	0.00777	0.00777	0.02576	0.01513	0.78489	0.02086	0.01799	0.01309	0.00654	0.00532	0.00164	0.00450	0.00532	0.00654	0.00900
32	0.01350	0.46311	0.04180	0.01117	0.06151	0.01725	0.00945	0.01976	0.26036	0.01623	0.03029	0.01325	0.01096	0.00556	0.00427	0.00140	0.00519	0.00416	0.00339	0.00739
33	0.00735	0.00540	0.00689	0.00652	0.00782	0.00493	0.00489	0.00973	0.01466	0.02048	0.70333	0.04067	0.12544	0.01108	0.00624	0.00168	0.00251	0.00973	0.00573	0.00493
34	0.00757	0.00557	0.00804	0.00804	0.00882	0.00636	0.00604	0.00915	0.00836	0.01193	0.01458	0.02309	0.01422	0.16946	0.66483	0.00793	0.01265	0.00600	0.00289	0.00447
35	0.02010	0.01481	0.01587	0.01216	0.01639	0.01639	0.01005	0.76360	0.02486	0.03332	0.01269	0.01269	0.00899	0.00635	0.00529	0.00159	0.00582	0.00476	0.00529	0.00899
36	0.01021	0.00603	0.00737	0.00666	0.00860	0.00533	0.00513	0.01224	0.01386	0.16029	0.36658	0.03820	0.27656	0.01062	0.00594	0.00168	0.00292	0.00906	0.04715	0.00556
37	0.01413	0.81739	0.02770	0.00905	0.01357	0.02092	0.00905	0.01583	0.01074	0.01244	0.00735	0.00848	0.00678	0.00452	0.00339	0.00113	0.00565	0.00283	0.00226	0.00678
38	0.00653	0.00537	0.00575	0.00565	0.00731	0.00458	0.00424	0.00813	0.01272	0.01587	0.21981	0.04827	0.61184	0.01280	0.00625	0.00176	0.00264	0.01079	0.00512	0.00458
39	0.04955	0.57482	0.04008	0.01011	0.01425	0.14125	0.00944	0.06336	0.01217	0.01438	0.00785	0.00904	0.00688	0.00491	0.00407	0.00125	0.02415	0.00310	0.00257	0.00678
40	0.01985	0.01469	0.01573	0.01211	0.01630	0.01628	0.00999	0.73778	0.05108	0.03292	0.01300	0.01294	0.00924	0.00638	0.00529	0.00159	0.00576	0.00480	0.00529	0.00897
41	0.00633	0.00505	0.00567	0.00618	0.00736	0.00439	0.00438	0.00749	0.01126	0.01396	0.04354	0.36261	0.47382	0.01469	0.00645	0.00193	0.00284	0.01275	0.00491	0.00439
42	0.00756	0.00562	0.00829	0.00829	0.00916	0.00649	0.00635	0.00931	0.00843	0.01212	0.01435	0.02183	0.01368	0.09912	0.73442	0.00824	0.01347	0.00582	0.00286	0.00460
43	0.00760	0.00699	0.05435	0.00986	0.06775	0.00595	0.00698	0.00934	0.01120	0.01533	0.14854	0.49931	0.05350	0.01364	0.00678	0.00200	0.02793	0.04330	0.00464	0.00500
44	0.00783	0.00531	0.00632	0.00654	0.00678	0.00533	0.00424	0.00831	0.00851	0.01130	0.01863	0.03875	0.02108	0.65251	0.04175	0.00472	0.00530	0.13975	0.00349	0.00354
45	0.01100	0.01304	0.16344	0.52027	0.06734	0.01169	0.01486	0.03481	0.02955	0.04237	0.03480	0.01453	0.00889	0.00550	0.00527	0.00172	0.00682	0.00476	0.00275	0.00659
46	0.13432	0.04502	0.01513	0.53185	0.05457	0.06614	0.01254	0.01513	0.01093	0.05325	0.00951	0.01290	0.00717	0.00525	0.00488	0.00168	0.00658	0.00429	0.00272	0.00615
47	0.82431	0.01018	0.00792	0.00703	0.01033	0.01172	0.00579	0.01588	0.00920	0.04876	0.00781	0.00890	0.00597	0.00496	0.00334	0.00164	0.00410	0.00294	0.00338	0.00583
48	0.05386	0.01158	0.04452	0.26123	0.39931	0.01175	0.03715	0.01562	0.01170	0.05400	0.04166	0.01446	0.00970	0.00524	0.00522	0.00165	0.00629	0.00486	0.00288	0.00732
49	0.00700	0.00511	0.00668	0.00776	0.00835	0.00491	0.00552	0.00871	0.04166	0.01420	0.02950	0.64866	0.05902	0.01580	0.00675	0.00216	0.00335	0.11541	0.00492	0.00455
50	0.01001	0.00920	0.03895	0.06813	0.01409	0.00908	0.08419	0.06219	0.07315	0.04277	0.04902	0.08036	0.32772	0.01007	0.00724	0.00184	0.09349	0.00837	0.00425	0.00587
51	0.01177	0.01310	0.13591	0.08590	0.17298	0.01001	0.09922	0.01515	0.01161	0.05173	0.02969	0.04046	0.00991	0.00515	0.00496	0.00139	0.00582	0.00474	0.00305	0.28745
52	0.01294	0.00949	0.01008	0.00886	0.01138	0.01051	0.00694	0.15776	0.33348	0.02336	0.07991	0.02002	0.01674	0.00700	0.00490	0.00157	0.00381	0.00571	0.26842	0.00713
53	0.03248	0.31473	0.27608	0.01231	0.04312	0.04009	0.03047	0.05022	0.04538	0.01641	0.04081	0.01179	0.00915	0.00516	0.00442	0.00141	0.00628	0.00387	0.00278	0.05304
54	0.04896	0.10395	0.40891	0.01226	0.03523	0.02865	0.01344	0.01520	0.01144	0.05385	0.06778	0.12687	0.01417	0.00707	0.00509	0.00164	0.00609	0.00579	0.00318	0.03045

[dist]
# distance from previous block
# <min> <max>
0	3

[block]
# block no. 6 follows, 46 sequences, length 48
# corresponding to MSA columns:
# 450-497
name=unknown_G
#
# <colnr> <probs for GDERKNQSTAVLIFYWHMCP>
#	G	D	E	R	K	N	Q	S	T	A	V	L	I	F	Y	W	H	M	C	P
0	0.01355	0.07499	0.05469	0.01147	0.03184	0.02979	0.00931	0.06077	0.60465	0.02131	0.01883	0.01771	0.01421	0.00672	0.00519	0.00171	0.00472	0.00548	0.00485	0.00820
1	0.01261	0.00956	0.01297	0.00970	0.01375	0.02417	0.09606	0.01517	0.01253	0.13090	0.14372	0.01728	0.01585	0.00559	0.00482	0.00119	0.00447	0.00494	0.00403	0.46071
2	0.01200	0.14036	0.53428	0.01523	0.07958	0.01318	0.03771	0.01690	0.01151	0.05785	0.02804	0.01204	0.00824	0.00513	0.00488	0.00159	0.00710	0.00409	0.00260	0.00768
3	0.05020	0.09922	0.18775	0.01165	0.01641	0.01402	0.01127	0.25130	0.16336	0.12153	0.01397	0.01379	0.01003	0.00599	0.00497	0.00161	0.00569	0.00460	0.00439	0.00825
4	0.01946	0.00782	0.01026	0.00824	0.01147	0.00693	0.00667	0.02159	0.01413	0.56086	0.06024	0.03778	0.01563	0.00692	0.00505	0.00156	0.00392	0.00568	0.18799	0.00779
5	0.00883	0.00541	0.00620	0.00590	0.00742	0.00499	0.00446	0.01102	0.01297	0.05815	0.31095	0.03434	0.20667	0.00961	0.00533	0.00154	0.00263	0.00814	0.29037	0.00505
6	0.05660	0.01215	0.05872	0.31721	0.38017	0.01241	0.01493	0.05541	0.01197	0.01704	0.00973	0.01310	0.00768	0.00504	0.00514	0.00165	0.00651	0.00457	0.00267	0.00730
7	0.01352	0.01176	0.03666	0.11746	0.44153	0.01154	0.07147	0.04258	0.01266	0.09791	0.01340	0.01767	0.02900	0.00586	0.00548	0.00168	0.00623	0.05258	0.00329	0.00773
8	0.02031	0.01447	0.01566	0.01200	0.01623	0.01589	0.00992	0.72075	0.02429	0.07697	0.01317	0.01300	0.00923	0.00636	0.00529	0.00159	0.00574	0.00479	0.00536	0.00899
9	0.01348	0.37190	0.02142	0.17373	0.03630	0.05289	0.02169	0.07063	0.02987	0.01468	0.00858	0.01097	0.00731	0.00571	0.00645	0.00154	0.13975	0.00385	0.00262	0.00664
10	0.00799	0.00554	0.00707	0.00660	0.00803	0.00504	0.00498	0.01032	0.01461	0.05132	0.65842	0.04002	0.13822	0.01095	0.00620	0.00168	0.00260	0.00959	0.00574	0.00509
11	0.00697	0.00538	0.00636	0.00611	0.00758	0.00477	0.00458	0.00898	0.01375	0.01832	0.47719	0.04422	0.35293	0.01188	0.00624	0.00171	0.00257	0.01022	0.00544	0.00477
12	0.00687	0.00538	0.00621	0.00600	0.00752	0.00473	0.00450	0.00878	0.01351	0.01774	0.41595	0.04518	0.41453	0.01210	0.00624	0.00172	0.00259	0.01036	0.00536	0.00473
13	0.01128	0.00927	0.01006	0.00954	0.01175	0.01043	0.00721	0.02195	0.53409	0.01983	0.02312	0.21508	0.02062	0.00943	0.00561	0.00184	0.00380	0.00814	0.05982	0.00714
14	0.85155	0.01022	0.00777	0.00695	0.01022	0.01186	0.00573	0.01554	0.00900	0.02372	0.00736	0.00859	0.00573	0.00491	0.00327	0.00164	0.00409	0.00286	0.00327	0.00573
15	0.00748	0.00540	0.00707	0.00665	0.00790	0.00499	0.00499	0.00998	0.01496	0.02120	0.77844	0.03949	0.04988	0.01081	0.00624	0.00166	0.00249	0.00956	0.00582	0.00499
16	0.01096	0.00940	0.01096	0.00783	0.01253	0.00705	0.00626	0.01331	0.01096	0.01723	0.00940	0.01096	0.00783	0.00392	0.00392	0.00078	0.00392	0.00313	0.00313	0.84653
17	0.01307	0.00954	0.01089	0.00920	0.01180	0.01010	0.00727	0.25647	0.14183	0.05326	0.38009	0.02683	0.02983	0.00862	0.00576	0.00166	0.00392	0.00727	0.00560	0.00698
18	0.01309	0.01220	0.04256	0.05801	0.56627	0.01140	0.01425	0.01616	0.01194	0.05638	0.01038	0.01298	0.00842	0.00471	0.00502	0.00146	0.00589	0.00447	0.00288	0.14154
19	0.01899	0.11360	0.01780	0.01329	0.05234	0.18556	0.05364	0.33687	0.01841	0.12118	0.01186	0.01228	0.00869	0.00577	0.00500	0.00150	0.00664	0.00438	0.00424	0.00796
20	0.00755	0.00566	0.00850	0.00850	0.00944	0.00661	0.00661	0.00944	0.00850	0.01227	0.01416	0.02077	0.01322	0.03965	0.79326	0.00850	0.01416	0.00566	0.00283	0.00472
21	0.01269	0.01216	0.02075	0.13013	0.68663	0.01246	0.01603	0.01588	0.01185	0.01679	0.00987	0.01321	0.00821	0.00478	0.00524	0.00159	0.00638	0.00471	0.00258	0.00806
22	0.00655	0.00468	0.00626	0.00749	0.00784	0.00439	0.00510	0.00755	0.01023	0.01362	0.02908	0.77096	0.03472	0.01646	0.00678	0.00216	0.00316	0.05374	0.00491	0.00432
23	0.01219	0.05263	0.01242	0.00934	0.04877	0.02672	0.00709	0.03722	0.01199	0.05891	0.05625	0.01304	0.01062	0.00465	0.00423	0.00098	0.00425	0.00375	0.00346	0.62148
24	0.01220	0.00823	0.00967	0.00896	0.01109	0.00856	0.00678	0.07426	0.25050	0.13114	0.10368	0.28813	0.04308	0.01071	0.00593	0.00186	0.00376	0.00934	0.00542	0.00669
25	0.05962	0.08774	0.38684	0.01263	0.01851	0.02584	0.01396	0.17796	0.01460	0.13619	0.01158	0.01213	0.00811	0.00549	0.00489	0.00160	0.00653	0.00415	0.00360	0.00802
26	0.01029	0.00554	0.00768	0.00745	0.00799	0.00565	0.00517	0.01015	0.08788	0.05243	0.01181	0.04437	0.01103	0.01649	0.01774	0.68240	0.00449	0.00514	0.00294	0.00336
27	0.00691	0.00519	0.00640	0.00650	0.00765	0.00468	0.00472	0.00871	0.01301	0.01751	0.40624	0.23609	0.23124	0.01291	0.00637	0.00182	0.00268	0.01134	0.00536	0.00468
28	0.01610	0.01373	0.02057	0.02223	0.33691	0.04212	0.14343	0.24096	0.01629	0.07790	0.01163	0.01340	0.00878	0.00532	0.00541	0.00161	0.00659	0.00499	0.00372	0.00830
