[name]
unknown

[dist]
# distance from previous block
# <min> <max>
0	202

[block]
# block no. 0 follows, 38 sequences, length 36
# corresponding to MSA columns:
# 216-251
name=unknown_A
#
# <colnr> <probs for GDERKNQSTAVLIFYWHMCP>
#	G	D	E	R	K	N	Q	S	T	A	V	L	I	F	Y	W	H	M	C	P
0	0.01508	0.04076	0.01562	0.11283	0.09383	0.04206	0.01119	0.14950	0.22310	0.03914	0.02273	0.05548	0.08610	0.00893	0.00627	0.00198	0.00590	0.05624	0.00501	0.00825
1	0.23151	0.11576	0.01419	0.01011	0.01368	0.04072	0.00852	0.17979	0.01635	0.05458	0.05122	0.02624	0.11114	0.00891	0.00557	0.00190	0.00540	0.09224	0.00482	0.00735
2	0.03447	0.09431	0.27460	0.03271	0.02264	0.01428	0.16293	0.09436	0.01483	0.08364	0.01400	0.07324	0.01135	0.00680	0.00594	0.00186	0.00764	0.00605	0.00374	0.04062
3	0.01855	0.22239	0.02042	0.07610	0.01906	0.27325	0.01121	0.13514	0.08388	0.01948	0.01161	0.01297	0.00936	0.00708	0.02261	0.00177	0.00809	0.00439	0.00369	0.03895
4	0.01481	0.01159	0.01659	0.04986	0.24720	0.01233	0.01215	0.13417	0.03197	0.08194	0.01886	0.22867	0.01846	0.01017	0.00778	0.00207	0.08005	0.00870	0.00460	0.00802
5	0.01282	0.08595	0.01431	0.00904	0.01437	0.00954	0.00743	0.01542	0.01245	0.01908	0.01047	0.01220	0.00880	0.00452	0.00440	0.00093	0.00465	0.00353	0.00347	0.74662
6	0.01098	0.01015	0.01593	0.52790	0.07717	0.01154	0.01389	0.01443	0.01245	0.01619	0.01904	0.02254	0.13064	0.00735	0.00604	0.00189	0.00680	0.00639	0.00326	0.08543
7	0.00727	0.00607	0.00634	0.00634	0.00824	0.00513	0.00473	0.00891	0.01398	0.01705	0.13276	0.08515	0.64726	0.01507	0.00713	0.00203	0.00304	0.01268	0.00570	0.00513
8	0.00792	0.00584	0.00760	0.00836	0.00928	0.00525	0.00574	0.00928	0.01207	0.01649	0.09027	0.64895	0.03822	0.01692	0.00732	0.00225	0.00353	0.01528	0.00548	0.08396
9	0.00825	0.08124	0.00932	0.00831	0.00945	0.00683	0.00606	0.00954	0.01206	0.01551	0.03530	0.55657	0.15365	0.01683	0.00725	0.00228	0.00380	0.04725	0.00529	0.00522
10	0.01234	0.00728	0.00991	0.01020	0.01198	0.00701	0.00852	0.01475	0.01417	0.13980	0.09810	0.05479	0.03214	0.09663	0.01019	0.00286	0.00524	0.45222	0.00576	0.00613
11	0.75248	0.01189	0.01034	0.01071	0.08284	0.01357	0.00767	0.01776	0.01057	0.02628	0.00866	0.01027	0.00681	0.00556	0.00394	0.00185	0.00489	0.00346	0.00365	0.00681
12	0.01196	0.01047	0.01562	0.08557	0.01841	0.00966	0.12732	0.07318	0.01374	0.01938	0.01802	0.24644	0.01828	0.00928	0.00614	0.00173	0.00563	0.00856	0.00420	0.29640
13	0.01175	0.01460	0.14196	0.57687	0.03793	0.01364	0.08623	0.01635	0.01235	0.01635	0.01085	0.01550	0.00806	0.00587	0.00607	0.00199	0.00837	0.00537	0.00269	0.00719
14	0.01206	0.01151	0.01979	0.62235	0.15835	0.01359	0.04545	0.01604	0.01239	0.01623	0.01085	0.01586	0.00831	0.00587	0.00605	0.00197	0.00796	0.00542	0.00274	0.00721
15	0.08477	0.01427	0.01508	0.01187	0.01602	0.01564	0.00973	0.52370	0.02376	0.06781	0.01525	0.01568	0.01101	0.00707	0.00554	0.00175	0.00576	0.00531	0.14080	0.00917
16	0.83108	0.01163	0.00884	0.00791	0.01163	0.01350	0.00651	0.01768	0.01024	0.02699	0.00838	0.00977	0.00651	0.00558	0.00372	0.00186	0.00465	0.00326	0.00372	0.00651
17	0.01489	0.01429	0.02442	0.03692	0.75106	0.01429	0.01846	0.01846	0.01370	0.01965	0.01132	0.01489	0.00953	0.00536	0.00596	0.00179	0.00715	0.00536	0.00298	0.00953
18	0.02025	0.01555	0.01658	0.01331	0.01766	0.01743	0.01080	0.49984	0.26370	0.03370	0.01776	0.01709	0.01292	0.00753	0.00605	0.00188	0.00601	0.00587	0.00605	0.01000
19	0.02287	0.01685	0.01805	0.01384	0.01866	0.01866	0.01143	0.73100	0.02828	0.03791	0.01444	0.01444	0.01023	0.00722	0.00602	0.00181	0.00662	0.00542	0.00602	0.01023
20	0.00732	0.00616	0.00639	0.00651	0.00849	0.00523	0.00500	0.00895	0.01372	0.01640	0.05853	0.05872	0.68940	0.01535	0.00721	0.00209	0.00325	0.07057	0.00558	0.00512
21	0.01380	0.01442	0.05787	0.02124	0.07596	0.01300	0.44807	0.04359	0.01510	0.05081	0.13501	0.04914	0.01837	0.00700	0.00690	0.00198	0.00809	0.00776	0.00399	0.00789
22	0.01258	0.14062	0.02238	0.53933	0.06403	0.01532	0.09134	0.01634	0.01236	0.01575	0.01049	0.01496	0.00815	0.00575	0.00577	0.00188	0.00795	0.00518	0.00271	0.00712
23	0.00851	0.00615	0.00804	0.00757	0.00899	0.00568	0.00568	0.01135	0.01703	0.02412	0.74788	0.04494	0.05676	0.01230	0.00710	0.00189	0.00284	0.01088	0.00662	0.00568
24	0.00838	0.00605	0.00792	0.00766	0.00896	0.00559	0.00567	0.01103	0.01642	0.02316	0.66927	0.12630	0.05489	0.01302	0.00716	0.00195	0.00291	0.01156	0.00651	0.00559
25	0.00875	0.00583	0.00656	0.00656	0.00656	0.00583	0.00365	0.00875	0.00875	0.01166	0.01895	0.03937	0.02187	0.78858	0.03062	0.00583	0.00583	0.00875	0.00365	0.00365
26	0.08288	0.01455	0.02042	0.01943	0.13932	0.04375	0.10044	0.09545	0.04221	0.01996	0.01045	0.01397	0.00887	0.00799	0.01203	0.00220	0.34958	0.00537	0.00336	0.00778
27	0.01431	0.01370	0.02336	0.15880	0.63374	0.01414	0.01817	0.01795	0.01342	0.01895	0.01121	0.01508	0.00928	0.00547	0.00597	0.00182	0.00729	0.00536	0.00293	0.00906
28	0.00969	0.00692	0.00969	0.01108	0.01246	0.00692	0.00969	0.01246	0.01385	0.01800	0.03185	0.06786	0.03462	0.01662	0.00831	0.00277	0.00554	0.71057	0.00554	0.00554
29	0.02249	0.01662	0.01785	0.01366	0.01849	0.01826	0.01128	0.70464	0.02770	0.03724	0.01430	0.01437	0.01018	0.00712	0.00596	0.00177	0.00654	0.00535	0.00593	0.04024
30	0.01182	0.00994	0.01174	0.00869	0.01339	0.00763	0.00689	0.01452	0.01323	0.02035	0.13257	0.01784	0.01682	0.00575	0.00489	0.00106	0.00419	0.00477	0.00407	0.68984
31	0.01241	0.01205	0.01698	0.01478	0.01496	0.01662	0.01223	0.01386	0.00929	0.01439	0.00926	0.01489	0.00908	0.01625	0.14291	0.00380	0.65168	0.00546	0.00273	0.00638
32	0.01253	0.02834	0.63623	0.02042	0.14590	0.01402	0.02160	0.01895	0.01287	0.01915	0.01088	0.01306	0.00794	0.00566	0.00576	0.00189	0.00860	0.00460	0.00261	0.00900
33	0.01496	0.01292	0.01360	0.01224	0.01564	0.01496	0.00952	0.03197	0.74019	0.02516	0.02448	0.02244	0.01836	0.00816	0.00612	0.00204	0.00476	0.00680	0.00612	0.00952
34	0.00756	0.00533	0.00691	0.00808	0.00837	0.00504	0.00526	0.00844	0.01106	0.01475	0.03081	0.66144	0.03683	0.14610	0.01147	0.00300	0.00388	0.01572	0.00526	0.00468
35	0.00875	0.00583	0.00656	0.00656	0.00656	0.00583	0.00365	0.00875	0.00875	0.01166	0.01895	0.03937	0.02187	0.78858	0.03062	0.00583	0.00583	0.00875	0.00365	0.00365

[dist]
# distance from previous block
# <min> <max>
0	1

[block]
# block no. 1 follows, 38 sequences, length 30
# corresponding to MSA columns:
# 253-282
name=unknown_B
#
# <colnr> <probs for GDERKNQSTAVLIFYWHMCP>
#	G	D	E	R	K	N	Q	S	T	A	V	L	I	F	Y	W	H	M	C	P
0	0.00785	0.00563	0.00738	0.00838	0.00899	0.00531	0.00573	0.02504	0.01270	0.01714	0.13708	0.65937	0.04160	0.01763	0.00756	0.00235	0.00347	0.01593	0.00575	0.00512
1	0.05535	0.14527	0.49814	0.01455	0.02202	0.01467	0.01750	0.01931	0.01282	0.07369	0.01125	0.01264	0.00821	0.00566	0.00526	0.00173	0.00770	0.00425	0.00304	0.06693
2	0.27509	0.01317	0.01358	0.01109	0.01512	0.01449	0.00905	0.22498	0.12968	0.11682	0.01461	0.01474	0.01067	0.00685	0.00590	0.00184	0.04445	0.00489	0.00514	0.06785
3	0.01605	0.01426	0.01416	0.01258	0.01606	0.06489	0.00980	0.08363	0.63913	0.02542	0.02273	0.02108	0.01705	0.00796	0.00607	0.00199	0.00530	0.00650	0.00591	0.00941
4	0.01996	0.05695	0.02077	0.01543	0.01991	0.18418	0.14964	0.19025	0.01815	0.13438	0.01329	0.01441	0.00981	0.00641	0.00652	0.00173	0.04572	0.00520	0.00444	0.08284
5	0.03081	0.01690	0.08625	0.01562	0.02074	0.01634	0.13525	0.40089	0.10425	0.06613	0.01572	0.01721	0.01158	0.00707	0.00622	0.00191	0.00709	0.02531	0.00523	0.00948
6	0.00899	0.00696	0.00867	0.00866	0.01039	0.00617	0.00615	0.01131	0.04850	0.01728	0.06254	0.52724	0.03224	0.01458	0.00681	0.00203	0.00375	0.01307	0.00518	0.19948
7	0.01532	0.29932	0.11455	0.01753	0.13294	0.01817	0.09435	0.05723	0.15627	0.01954	0.01302	0.01433	0.01036	0.00594	0.00533	0.00170	0.00694	0.00495	0.00356	0.00867
8	0.00986	0.00905	0.01338	0.12325	0.13019	0.00939	0.04568	0.01215	0.01276	0.01651	0.03471	0.14516	0.31981	0.01197	0.00800	0.00210	0.07519	0.01019	0.00437	0.00626
9	0.01423	0.01076	0.01660	0.16741	0.23911	0.01138	0.01300	0.06898	0.01405	0.10712	0.01700	0.09056	0.01520	0.01402	0.12410	0.00319	0.00799	0.05340	0.00412	0.00778
10	0.00953	0.00744	0.00915	0.00920	0.01064	0.00793	0.00678	0.01458	0.17313	0.01809	0.11226	0.24892	0.08199	0.06098	0.19633	0.00422	0.00692	0.01070	0.00514	0.00608
11	0.01120	0.00799	0.00927	0.00823	0.01053	0.00766	0.00637	0.12309	0.01773	0.05970	0.38002	0.04312	0.26744	0.01221	0.00688	0.00192	0.00360	0.01037	0.00624	0.00642
12	0.02177	0.34483	0.02182	0.01115	0.01581	0.11361	0.00982	0.02383	0.01507	0.34395	0.01532	0.01462	0.01091	0.00631	0.00504	0.00158	0.00642	0.00456	0.00481	0.00874
13	0.01839	0.02141	0.01695	0.01649	0.07161	0.43490	0.01208	0.02155	0.08073	0.01626	0.01239	0.01727	0.01105	0.00800	0.00853	0.00192	0.15799	0.06182	0.00347	0.00720
14	0.02049	0.02360	0.01620	0.01451	0.01781	0.51023	0.01105	0.07658	0.21180	0.01918	0.01374	0.01421	0.01077	0.00680	0.00565	0.00170	0.00891	0.00477	0.00412	0.00789
15	0.01650	0.12629	0.01701	0.04668	0.01688	0.01328	0.00923	0.19489	0.01667	0.07191	0.01215	0.01325	0.00942	0.00552	0.00494	0.00129	0.00550	0.00422	0.00425	0.41012
16	0.00792	0.00549	0.00680	0.00762	0.00782	0.00528	0.00477	0.00853	0.01036	0.01381	0.02720	0.47226	0.03228	0.34149	0.01729	0.00386	0.00447	0.01360	0.00477	0.00437
17	0.01132	0.00710	0.00866	0.00813	0.00985	0.00689	0.00611	0.07784	0.01608	0.07169	0.34622	0.18739	0.03829	0.01183	0.00649	0.00190	0.00346	0.01031	0.16422	0.00622
18	0.01324	0.01725	0.14298	0.16832	0.03142	0.01489	0.43047	0.01814	0.01319	0.01814	0.01137	0.01542	0.00859	0.00574	0.00758	0.00205	0.06428	0.00622	0.00286	0.00785
19	0.00872	0.00593	0.00704	0.00704	0.00721	0.00609	0.00425	0.00906	0.00889	0.01202	0.01851	0.03692	0.02081	0.67316	0.14459	0.00643	0.00743	0.00839	0.00358	0.00391
20	0.01676	0.02021	0.17556	0.01767	0.02315	0.13099	0.22662	0.07394	0.15607	0.07593	0.01485	0.01605	0.01090	0.00631	0.00621	0.00190	0.00832	0.00579	0.00408	0.00868
21	0.00733	0.00598	0.00648	0.00661	0.00832	0.00513	0.00486	0.00895	0.01384	0.01716	0.14734	0.15861	0.55776	0.01536	0.00719	0.00207	0.00308	0.01308	0.00572	0.00513
22	0.00968	0.00552	0.00762	0.00760	0.00793	0.00547	0.00511	0.00841	0.00909	0.01207	0.05358	0.02665	0.08181	0.13363	0.07135	0.53539	0.00572	0.00678	0.00327	0.00332
23	0.01546	0.67405	0.14422	0.01136	0.01709	0.02228	0.01215	0.01817	0.01230	0.01491	0.00874	0.01012	0.00770	0.00523	0.00415	0.00138	0.00681	0.00341	0.00257	0.00790
24	0.00849	0.00579	0.00684	0.00699	0.00725	0.00566	0.00424	0.00907	0.01039	0.01406	0.12757	0.15588	0.02975	0.55576	0.02362	0.00473	0.00503	0.01036	0.00438	0.00413
25	0.01247	0.01069	0.01247	0.00891	0.01426	0.00802	0.00713	0.01515	0.01247	0.01960	0.01069	0.01247	0.00891	0.00446	0.00446	0.00089	0.00446	0.00356	0.00356	0.82536
26	0.64471	0.03166	0.01109	0.00903	0.01301	0.01432	0.00749	0.12902	0.01344	0.06528	0.01010	0.01104	0.00755	0.00592	0.00420	0.00184	0.00503	0.00373	0.00424	0.00731
27	0.07738	0.68256	0.02894	0.01035	0.01537	0.02269	0.01009	0.06523	0.01314	0.01669	0.00877	0.00998	0.00780	0.00532	0.00399	0.00136	0.00631	0.00337	0.00289	0.00780
28	0.01116	0.04676	0.01221	0.12598	0.01556	0.00883	0.02828	0.01292	0.01124	0.06980	0.05403	0.04680	0.01840	0.15805	0.22302	0.07960	0.00883	0.05911	0.00384	0.00559
29	0.01505	0.29657	0.06097	0.01158	0.01512	0.16995	0.01027	0.04794	0.01350	0.01592	0.03081	0.01917	0.01294	0.05267	0.15333	0.00336	0.00918	0.05147	0.00330	0.00689

[dist]
# distance from previous block
# <min> <max>
7	96

[block]
# block no. 2 follows, 38 sequences, length 15
# corresponding to MSA columns:
# 379-393
name=unknown_C
#
# <colnr> <probs for GDERKNQSTAVLIFYWHMCP>
#	G	D	E	R	K	N	Q	S	T	A	V	L	I	F	Y	W	H	M	C	P
0	0.12609	0.01917	0.01594	0.21686	0.04446	0.36472	0.01212	0.02072	0.01472	0.07105	0.03323	0.01395	0.00973	0.00632	0.00547	0.00175	0.00850	0.00460	0.00349	0.00711
1	0.06572	0.00736	0.00793	0.00722	0.00945	0.00712	0.00556	0.05493	0.01433	0.07412	0.11737	0.06587	0.12440	0.00924	0.00537	0.00166	0.00347	0.00760	0.36134	0.04993
2	0.25148	0.01103	0.01190	0.01000	0.01373	0.01157	0.00806	0.05889	0.16986	0.26657	0.10805	0.02055	0.01816	0.00765	0.00553	0.00190	0.00470	0.00598	0.00593	0.00846
3	0.01827	0.01039	0.01224	0.00996	0.01340	0.01026	0.00801	0.22238	0.01950	0.24843	0.16896	0.02852	0.11505	0.00929	0.00622	0.00183	0.00463	0.00763	0.07673	0.00828
4	0.00742	0.00556	0.00672	0.00754	0.00837	0.00504	0.00513	0.00856	0.01206	0.01553	0.05888	0.49182	0.24262	0.08387	0.00947	0.00260	0.00355	0.01495	0.00545	0.00486
5	0.00995	0.00654	0.00789	0.00737	0.00934	0.00576	0.00559	0.01216	0.01555	0.10105	0.37389	0.07431	0.32181	0.01315	0.00701	0.00196	0.00319	0.01129	0.00627	0.00591
6	0.00864	0.00606	0.00764	0.00764	0.00808	0.00640	0.00504	0.00944	0.00923	0.01262	0.01931	0.03444	0.04283	0.50269	0.28762	0.00706	0.00935	0.00807	0.00356	0.00430
7	0.00844	0.00615	0.00793	0.00749	0.00894	0.00564	0.00561	0.01120	0.01684	0.02368	0.70935	0.04566	0.09557	0.01246	0.00710	0.00190	0.00285	0.01098	0.00656	0.00564
8	0.00792	0.00596	0.00688	0.00711	0.00825	0.00544	0.00500	0.00928	0.01268	0.01633	0.15111	0.16654	0.30847	0.20306	0.01298	0.00304	0.00392	0.05594	0.00527	0.00482
9	0.01768	0.60546	0.02814	0.01135	0.01621	0.10881	0.01059	0.10922	0.01482	0.01724	0.00924	0.01040	0.00804	0.00553	0.00431	0.00138	0.00697	0.00357	0.00307	0.00795
10	0.02222	0.00902	0.01227	0.01014	0.01375	0.00788	0.00805	0.02424	0.01584	0.57573	0.02602	0.20587	0.02093	0.01021	0.00644	0.00200	0.00472	0.00873	0.00699	0.00894
11	0.01348	0.02124	0.27860	0.02259	0.02962	0.01479	0.49113	0.01920	0.01369	0.01920	0.01171	0.01504	0.00862	0.00529	0.00663	0.00199	0.00972	0.00621	0.00287	0.00838
12	0.01866	0.53335	0.02636	0.01159	0.01620	0.20208	0.01048	0.02054	0.01386	0.08406	0.01004	0.01096	0.00840	0.00562	0.00445	0.00140	0.00738	0.00364	0.00316	0.00778
13	0.01555	0.19032	0.42289	0.01488	0.02198	0.01721	0.01706	0.19155	0.01638	0.02258	0.01116	0.01247	0.00827	0.00596	0.00539	0.00175	0.00781	0.00442	0.00339	0.00897
14	0.01490	0.01505	0.01358	0.01051	0.01531	0.19153	0.00822	0.01730	0.01358	0.01842	0.01035	0.01208	0.00863	0.00488	0.00469	0.00105	0.00601	0.00364	0.00345	0.62681

[dist]
# distance from previous block
# <min> <max>
4	11

[block]
# block no. 3 follows, 38 sequences, length 8
# corresponding to MSA columns:
# 405-412
name=unknown_D
#
# <colnr> <probs for GDERKNQSTAVLIFYWHMCP>
#	G	D	E	R	K	N	Q	S	T	A	V	L	I	F	Y	W	H	M	C	P
0	0.02003	0.01528	0.01869	0.01451	0.01914	0.09893	0.13293	0.17979	0.13290	0.19859	0.01689	0.01684	0.01202	0.00666	0.00600	0.00177	0.00684	0.00571	0.00529	0.09121
1	0.10855	0.01196	0.01632	0.26602	0.09713	0.01366	0.01271	0.15544	0.01526	0.09555	0.01298	0.01604	0.00989	0.01084	0.09041	0.00279	0.04729	0.00531	0.00401	0.00784
2	0.00788	0.00566	0.00720	0.00822	0.00882	0.00535	0.00573	0.00904	0.01159	0.01519	0.03333	0.48316	0.10715	0.14988	0.01164	0.00303	0.00414	0.11296	0.00525	0.00479
3	0.01456	0.01115	0.01350	0.01179	0.01410	0.01297	0.00943	0.02219	0.29096	0.12055	0.09867	0.02607	0.10215	0.00992	0.00993	0.00216	0.20921	0.00738	0.00537	0.00794
4	0.07429	0.29518	0.21615	0.01412	0.01989	0.12411	0.06653	0.09077	0.01465	0.01918	0.01002	0.01159	0.00797	0.00568	0.00501	0.00163	0.00787	0.00414	0.00310	0.00812
5	0.01354	0.00867	0.01021	0.00938	0.01191	0.00863	0.00716	0.01961	0.21621	0.16897	0.13130	0.18169	0.16393	0.01201	0.00673	0.00206	0.00400	0.01034	0.00625	0.00740
6	0.00932	0.00624	0.00797	0.00772	0.00924	0.00565	0.00572	0.01161	0.01555	0.06970	0.47150	0.18388	0.14594	0.01361	0.00714	0.00201	0.00314	0.01198	0.00634	0.00575
7	0.07488	0.01276	0.01477	0.06927	0.05507	0.01398	0.01034	0.20448	0.25702	0.12882	0.02054	0.05861	0.03659	0.00810	0.00601	0.00195	0.00552	0.00662	0.00565	0.00901

[dist]
# distance from previous block
# <min> <max>
0	1

[block]
# block no. 4 follows, 38 sequences, length 20
# corresponding to MSA columns:
# 414-433
name=unknown_E
#
# <colnr> <probs for GDERKNQSTAVLIFYWHMCP>
#	G	D	E	R	K	N	Q	S	T	A	V	L	I	F	Y	W	H	M	C	P
0	0.09122	0.00954	0.01245	0.01043	0.01423	0.00874	0.00870	0.02427	0.01593	0.51782	0.04966	0.03005	0.01966	0.00932	0.00635	0.00205	0.00508	0.14898	0.00671	0.00881
1	0.01142	0.00975	0.01409	0.07354	0.04217	0.01140	0.03999	0.01467	0.06339	0.03857	0.14274	0.16709	0.02585	0.01196	0.01075	0.00232	0.22797	0.08127	0.00456	0.00649
2	0.01594	0.01239	0.03877	0.35958	0.08780	0.01354	0.01415	0.11952	0.03692	0.14038	0.01391	0.01672	0.01019	0.00843	0.04079	0.00231	0.05097	0.00553	0.00407	0.00808
3	0.09278	0.00969	0.08628	0.00953	0.01209	0.00810	0.00829	0.01411	0.01350	0.08833	0.28124	0.06934	0.02984	0.02032	0.22529	0.00416	0.00772	0.00806	0.00495	0.00638
4	0.02287	0.02406	0.01650	0.01454	0.01778	0.56933	0.01114	0.02456	0.01664	0.16501	0.01215	0.01293	0.00921	0.00669	0.00635	0.00167	0.05258	0.00439	0.00396	0.00761
5	0.01296	0.01211	0.04377	0.01246	0.09077	0.00960	0.00914	0.01733	0.08535	0.02014	0.01214	0.01373	0.00987	0.00497	0.00483	0.00114	0.00494	0.00411	0.00372	0.62693
6	0.05061	0.25033	0.03399	0.09035	0.05234	0.25292	0.01205	0.08147	0.03583	0.01769	0.01002	0.01199	0.00833	0.00625	0.00607	0.00166	0.06308	0.00419	0.00322	0.00762
7	0.00738	0.00585	0.00666	0.00714	0.00856	0.00513	0.00519	0.00889	0.01323	0.01656	0.09667	0.29410	0.44162	0.01627	0.00734	0.00219	0.00328	0.04319	0.00565	0.00508
8	0.01314	0.01114	0.01444	0.01333	0.04550	0.04382	0.03548	0.04191	0.04456	0.05866	0.05504	0.11159	0.01795	0.14334	0.01547	0.00287	0.28900	0.00770	0.02856	0.00648
9	0.00875	0.00598	0.00721	0.00740	0.00837	0.00558	0.00503	0.00993	0.01208	0.04773	0.12473	0.24888	0.19241	0.24004	0.04569	0.00354	0.00458	0.01199	0.00514	0.00492
10	0.01438	0.05382	0.46750	0.01567	0.02230	0.01544	0.01790	0.16270	0.01564	0.02240	0.04175	0.01433	0.01023	0.00680	0.00731	0.00194	0.09277	0.00495	0.00343	0.00873
11	0.00837	0.00614	0.00785	0.00742	0.00890	0.00562	0.00556	0.01108	0.01669	0.02333	0.67866	0.04624	0.12648	0.01259	0.00710	0.00191	0.00286	0.01106	0.00652	0.00562
12	0.00875	0.00583	0.00656	0.00656	0.00656	0.00583	0.00365	0.00875	0.00875	0.01166	0.01895	0.03937	0.02187	0.78858	0.03062	0.00583	0.00583	0.00875	0.00365	0.00365
13	0.00760	0.00600	0.00644	0.00647	0.00793	0.00528	0.00455	0.00892	0.01292	0.01608	0.12122	0.09347	0.49059	0.17211	0.01191	0.00281	0.00362	0.01196	0.00530	0.00484
14	0.01564	0.01730	0.01806	0.01571	0.01654	0.21730	0.01275	0.01702	0.01130	0.01454	0.00827	0.01254	0.00786	0.00937	0.01593	0.00234	0.57317	0.00489	0.00276	0.00669
15	0.01489	0.01429	0.02442	0.03692	0.75106	0.01429	0.01846	0.01846	0.01370	0.01965	0.01132	0.01489	0.00953	0.00536	0.00596	0.00179	0.00715	0.00536	0.00298	0.00953
16	0.01143	0.00832	0.01007	0.00884	0.01095	0.00831	0.00684	0.15742	0.01931	0.02692	0.59901	0.03875	0.04732	0.01127	0.00688	0.00187	0.00361	0.00977	0.00650	0.00660
17	0.01608	0.79220	0.03152	0.01029	0.01544	0.02380	0.01029	0.01801	0.01222	0.01415	0.00836	0.00965	0.00772	0.00515	0.00386	0.00129	0.00643	0.00322	0.00257	0.00772
18	0.66409	0.01059	0.00864	0.00804	0.01136	0.01197	0.00663	0.01623	0.01096	0.02499	0.01614	0.02054	0.08577	0.00768	0.00453	0.00197	0.00458	0.07493	0.00410	0.00627
19	0.01605	0.36745	0.28380	0.01342	0.01982	0.01930	0.01472	0.16310	0.01565	0.02070	0.01045	0.01169	0.00819	0.00577	0.00495	0.00161	0.00733	0.00409	0.00326	0.00864

[dist]
# distance from previous block
# <min> <max>
0	2

[block]
# block no. 5 follows, 38 sequences, length 24
# corresponding to MSA columns:
# 436-459
name=unknown_F
#
# <colnr> <probs for GDERKNQSTAVLIFYWHMCP>
#	G	D	E	R	K	N	Q	S	T	A	V	L	I	F	Y	W	H	M	C	P
0	0.00738	0.00533	0.00699	0.00821	0.00871	0.00494	0.00553	0.00855	0.01194	0.01589	0.07401	0.70403	0.07965	0.01829	0.00762	0.00239	0.00343	0.01652	0.00564	0.00494
1	0.02068	0.01576	0.01682	0.01340	0.01782	0.01763	0.01090	0.53733	0.22552	0.03438	0.01723	0.01666	0.01248	0.00748	0.00605	0.00187	0.00610	0.00580	0.00605	0.01003
2	0.01467	0.40691	0.24177	0.01272	0.01861	0.01908	0.01365	0.02120	0.16273	0.01787	0.01241	0.01319	0.00989	0.00594	0.00487	0.00162	0.00681	0.00432	0.00330	0.00844
3	0.01369	0.33912	0.46365	0.01437	0.02175	0.01795	0.01740	0.01863	0.01251	0.01707	0.00981	0.01147	0.00766	0.00549	0.00496	0.00165	0.00790	0.00395	0.00255	0.00842
4	0.01688	0.01390	0.02311	0.01779	0.02103	0.01559	0.24521	0.07531	0.01385	0.15775	0.01279	0.01564	0.00980	0.00791	0.01196	0.00223	0.32124	0.00602	0.00394	0.00806
5	0.01475	0.01469	0.02671	0.03453	0.60242	0.01448	0.16527	0.01863	0.01380	0.01957	0.01149	0.01517	0.00945	0.00530	0.00619	0.00184	0.00777	0.00572	0.00299	0.00924
6	0.01077	0.01075	0.00951	0.00933	0.01110	0.16259	0.00699	0.01247	0.01321	0.01559	0.06708	0.12477	0.28268	0.02166	0.20960	0.00402	0.00820	0.00964	0.00449	0.00555
7	0.01689	0.58930	0.06759	0.01091	0.01603	0.02080	0.01072	0.02068	0.08714	0.09292	0.01175	0.01225	0.00955	0.00573	0.00442	0.00146	0.00626	0.00395	0.00344	0.00823
8	0.01033	0.00585	0.00675	0.00669	0.00803	0.00601	0.00507	0.01301	0.01256	0.02089	0.11010	0.02550	0.02052	0.01554	0.16166	0.00317	0.00556	0.00644	0.55075	0.00557
9	0.01310	0.01409	0.02875	0.31473	0.03530	0.01450	0.45385	0.01776	0.01336	0.01776	0.01160	0.01615	0.00870	0.00544	0.00668	0.00202	0.00932	0.00642	0.00290	0.00756
10	0.01209	0.01144	0.01936	0.62185	0.18801	0.01356	0.01707	0.01601	0.01237	0.01625	0.01082	0.01580	0.00833	0.00588	0.00600	0.00196	0.00784	0.00535	0.00274	0.00727
11	0.01542	0.35727	0.23389	0.01219	0.01770	0.01690	0.01299	0.01943	0.06375	0.09332	0.01201	0.01344	0.00947	0.00737	0.00679	0.08572	0.00676	0.00432	0.00333	0.00792
12	0.00745	0.00611	0.00656	0.00645	0.00833	0.00522	0.00484	0.00929	0.01451	0.01815	0.22658	0.05477	0.58179	0.01453	0.00711	0.00200	0.00300	0.01226	0.00584	0.00522
13	0.01260	0.01541	0.11418	0.02013	0.02530	0.01270	0.45214	0.01729	0.01431	0.01965	0.10403	0.02685	0.01845	0.00771	0.00711	0.00211	0.00843	0.11028	0.00378	0.00753
14	0.01721	0.01520	0.06245	0.01703	0.02175	0.01491	0.24470	0.12443	0.21336	0.12459	0.01706	0.01784	0.01242	0.00695	0.00733	0.00201	0.06052	0.00636	0.00485	0.00902
15	0.01320	0.01235	0.02287	0.05281	0.02235	0.01211	0.37300	0.08875	0.01445	0.02010	0.01647	0.11230	0.01498	0.08903	0.00912	0.00238	0.00755	0.00805	0.10102	0.00711
16	0.00997	0.00661	0.00773	0.00717	0.00929	0.00574	0.00547	0.01206	0.01531	0.10689	0.30224	0.04881	0.41395	0.01326	0.00698	0.00196	0.00322	0.01126	0.00618	0.00591
17	0.01600	0.01493	0.05772	0.10480	0.02121	0.09156	0.09862	0.12668	0.16084	0.07213	0.01889	0.05159	0.01607	0.00865	0.00649	0.00205	0.00703	0.11182	0.00480	0.00811
18	0.01547	0.36483	0.27158	0.01324	0.01936	0.01729	0.04746	0.01924	0.01303	0.10417	0.01254	0.05469	0.01036	0.00636	0.00510	0.00166	0.00711	0.00491	0.00333	0.00827
19	0.01193	0.02704	0.60566	0.01724	0.02504	0.01344	0.09453	0.01823	0.01255	0.01855	0.01148	0.01419	0.00854	0.00967	0.08340	0.00271	0.00976	0.00493	0.00266	0.00845
20	0.00756	0.00578	0.00700	0.00784	0.00896	0.00522	0.00571	0.00903	0.01273	0.01619	0.05828	0.41396	0.30119	0.01711	0.00753	0.00232	0.00356	0.09937	0.00560	0.00505
21	0.01712	0.07312	0.12530	0.05261	0.05928	0.13974	0.16221	0.02274	0.11908	0.12615	0.01511	0.03539	0.01151	0.00656	0.00601	0.00185	0.00789	0.00580	0.00408	0.00844
22	0.01403	0.36176	0.37771	0.01430	0.02120	0.01836	0.04701	0.01916	0.04368	0.01719	0.01038	0.01194	0.00819	0.00554	0.00498	0.00165	0.00770	0.00412	0.00273	0.00837
23	0.20790	0.01007	0.02532	0.00989	0.03224	0.00996	0.00764	0.08975	0.03091	0.16417	0.06436	0.11567	0.12607	0.04442	0.03366	0.00240	0.00508	0.00798	0.00532	0.00720

[dist]
# distance from previous block
# <min> <max>
1	33

[block]
# block no. 6 follows, 38 sequences, length 10
# corresponding to MSA columns:
# 493-502
name=unknown_G
#
# <colnr> <probs for GDERKNQSTAVLIFYWHMCP>
#	G	D	E	R	K	N	Q	S	T	A	V	L	I	F	Y	W	H	M	C	P
0	0.01091	0.15998	0.21932	0.01083	0.01477	0.01125	0.01111	0.01409	0.01237	0.01701	0.02282	0.18848	0.08700	0.04465	0.00708	0.00211	0.00570	0.06821	0.08572	0.00662
1	0.04007	0.29698	0.11895	0.01273	0.01670	0.11291	0.01193	0.05916	0.04159	0.01723	0.01219	0.08902	0.01147	0.00781	0.00734	0.00180	0.12587	0.00543	0.00332	0.00750
2	0.01044	0.00703	0.00826	0.00772	0.00978	0.00638	0.00585	0.05242	0.01563	0.09365	0.25983	0.13708	0.33616	0.01355	0.00701	0.00201	0.00345	0.01161	0.00611	0.00604
3	0.09672	0.01584	0.09037	0.05755	0.01884	0.04841	0.03692	0.12282	0.07559	0.02096	0.01108	0.01390	0.00905	0.00801	0.01116	0.00214	0.31240	0.00508	0.00360	0.03956
4	0.01139	0.00787	0.00943	0.00912	0.01126	0.00774	0.00721	0.01621	0.14386	0.09348	0.17827	0.07864	0.20097	0.03756	0.00785	0.00228	0.00416	0.16013	0.00600	0.00655
5	0.01946	0.04160	0.04876	0.11058	0.02060	0.07939	0.01186	0.36176	0.04788	0.10047	0.01463	0.01586	0.01076	0.01042	0.07630	0.00254	0.00791	0.00537	0.00496	0.00888
6	0.00884	0.00604	0.00761	0.00761	0.00809	0.00642	0.00507	0.00979	0.00932	0.01315	0.01798	0.03269	0.01903	0.47438	0.29183	0.00693	0.00933	0.00773	0.05379	0.00438
7	0.01224	0.00918	0.01152	0.01033	0.01166	0.01084	0.00805	0.12458	0.01287	0.01896	0.01528	0.02240	0.01402	0.14486	0.24299	0.00494	0.16347	0.00627	0.14941	0.00614
8	0.00805	0.00621	0.00895	0.14473	0.01455	0.00640	0.00756	0.00962	0.01161	0.01536	0.02916	0.64779	0.03413	0.01656	0.00738	0.00237	0.00430	0.01501	0.00507	0.00521
9	0.01496	0.01292	0.01360	0.01224	0.01564	0.01496	0.00952	0.03197	0.74019	0.02516	0.02448	0.02244	0.01836	0.00816	0.00612	0.00204	0.00476	0.00680	0.00612	0.00952

[dist]
# distance from previous block
# <min> <max>
0	10

[block]
# block no. 7 follows, 38 sequences, length 16
# corresponding to MSA columns:
# 513-528
name=unknown_H
#
# <colnr> <probs for GDERKNQSTAVLIFYWHMCP>
#	G	D	E	R	K	N	Q	S	T	A	V	L	I	F	Y	W	H	M	C	P
0	0.02287	0.01685	0.01805	0.01384	0.01866	0.01866	0.01143	0.73100	0.02828	0.03791	0.01444	0.01444	0.01023	0.00722	0.00602	0.00181	0.00662	0.00542	0.00602	0.01023
1	0.00711	0.00609	0.00609	0.00609	0.00813	0.00508	0.00457	0.00863	0.01371	0.01625	0.06094	0.05789	0.74862	0.01524	0.00711	0.00203	0.00305	0.01270	0.00559	0.00508
2	0.00859	0.00645	0.00967	0.00967	0.01074	0.00752	0.00752	0.01074	0.00967	0.01396	0.01611	0.02363	0.01504	0.04512	0.76474	0.00967	0.01611	0.00645	0.00322	0.00537
3	0.01608	0.79220	0.03152	0.01029	0.01544	0.02380	0.01029	0.01801	0.01222	0.01415	0.00836	0.00965	0.00772	0.00515	0.00386	0.00129	0.00643	0.00322	0.00257	0.00772
4	0.01420	0.01465	0.01792	0.01549	0.01605	0.09040	0.01273	0.01674	0.06595	0.01532	0.00930	0.01365	0.00868	0.00993	0.01731	0.00248	0.64414	0.00525	0.00294	0.00684
5	0.02287	0.01685	0.01805	0.01384	0.01866	0.01866	0.01143	0.73100	0.02828	0.03791	0.01444	0.01444	0.01023	0.00722	0.00602	0.00181	0.00662	0.00542	0.00602	0.01023
6	0.00744	0.00611	0.00655	0.00644	0.00833	0.00522	0.00483	0.00926	0.01448	0.01808	0.22030	0.05489	0.58812	0.01455	0.00711	0.00200	0.00300	0.01227	0.00583	0.00522
7	0.00871	0.00598	0.00730	0.00730	0.00755	0.00623	0.00456	0.00922	0.00897	0.01221	0.01828	0.03564	0.02025	0.61240	0.20459	0.00674	0.00827	0.00820	0.00355	0.00405
8	0.01276	0.16311	0.63153	0.01596	0.02420	0.01568	0.02016	0.01887	0.01262	0.01820	0.01037	0.01217	0.00764	0.00562	0.00539	0.00180	0.00846	0.00423	0.00255	0.00869
9	0.16616	0.01092	0.01335	0.01043	0.01493	0.01030	0.00861	0.07396	0.01674	0.58123	0.02045	0.01822	0.01313	0.00711	0.00564	0.00186	0.00514	0.00552	0.00671	0.00959
10	0.00827	0.00581	0.00658	0.00675	0.00719	0.00557	0.00412	0.00876	0.01024	0.01334	0.05158	0.13983	0.15136	0.52920	0.02280	0.00460	0.00495	0.01059	0.00433	0.00412
11	0.02287	0.01685	0.01805	0.01384	0.01866	0.01866	0.01143	0.73100	0.02828	0.03791	0.01444	0.01444	0.01023	0.00722	0.00602	0.00181	0.00662	0.00542	0.00602	0.01023
12	0.01426	0.01365	0.02328	0.16838	0.62452	0.01413	0.01815	0.01791	0.01340	0.01889	0.01120	0.01509	0.00926	0.00548	0.00597	0.00183	0.00730	0.00536	0.00292	0.00902
13	0.00887	0.00600	0.00750	0.00723	0.00860	0.00560	0.00538	0.01156	0.01585	0.02308	0.55938	0.08288	0.07098	0.01184	0.00663	0.00184	0.00288	0.01037	0.14793	0.00560
14	0.00864	0.00642	0.00808	0.00762	0.00918	0.00600	0.00573	0.01193	0.04624	0.02340	0.65182	0.04527	0.12219	0.01241	0.00706	0.00191	0.00294	0.01089	0.00650	0.00578
15	0.01464	0.01614	0.03383	0.02433	0.03009	0.01554	0.66020	0.05893	0.01479	0.02012	0.01213	0.01600	0.00914	0.00541	0.00755	0.00204	0.04083	0.00693	0.00319	0.00817

[dist]
# distance from previous block
# <min> <max>
0	1

[block]
# block no. 8 follows, 38 sequences, length 68
# corresponding to MSA columns:
# 530-538,540-598
name=unknown_I
#
# <colnr> <probs for GDERKNQSTAVLIFYWHMCP>
#	G	D	E	R	K	N	Q	S	T	A	V	L	I	F	Y	W	H	M	C	P
0	0.01425	0.01261	0.02090	0.30438	0.38165	0.01393	0.01675	0.01771	0.01295	0.06603	0.01162	0.01554	0.00919	0.00616	0.00711	0.00194	0.07047	0.00539	0.00313	0.00829
1	0.00729	0.00538	0.00683	0.00800	0.00863	0.00492	0.00542	0.00842	0.01188	0.01551	0.03779	0.66353	0.15792	0.01824	0.00758	0.00237	0.00342	0.01637	0.00558	0.00492
2	0.00802	0.00642	0.00725	0.00733	0.00901	0.00585	0.00544	0.01076	0.05968	0.01843	0.20284	0.17427	0.41254	0.01479	0.00718	0.00209	0.00326	0.03353	0.00584	0.00547
3	0.01295	0.01083	0.01289	0.00940	0.01439	0.00870	0.00756	0.01553	0.01241	0.04128	0.01091	0.01276	0.00903	0.00493	0.00546	0.00103	0.05301	0.00375	0.00362	0.74959
4	0.01510	0.01470	0.04634	0.14728	0.03002	0.01393	0.46194	0.02012	0.04249	0.10204	0.01363	0.01672	0.00991	0.00561	0.00665	0.00197	0.00881	0.00651	0.00360	0.03263
5	0.00846	0.00677	0.01009	0.22372	0.01792	0.00727	0.00871	0.01034	0.01166	0.01536	0.02684	0.56850	0.03085	0.01524	0.00721	0.00232	0.00476	0.01380	0.00477	0.00539
6	0.01451	0.01221	0.01331	0.00992	0.01487	0.03515	0.00796	0.15643	0.01583	0.02284	0.01469	0.01580	0.05778	0.00577	0.00497	0.00117	0.00500	0.00454	0.00417	0.58310
7	0.01656	0.01246	0.01366	0.01177	0.01526	0.01382	0.00928	0.14557	0.46176	0.09464	0.11573	0.02382	0.02162	0.00847	0.00622	0.00197	0.00486	0.00703	0.00629	0.00921
8	0.00780	0.00569	0.00741	0.00834	0.00917	0.00529	0.00601	0.00941	0.01295	0.01724	0.15498	0.49655	0.11522	0.01710	0.00760	0.00235	0.00359	0.10241	0.00575	0.00512
9	0.01244	0.02684	0.56652	0.06855	0.02811	0.01418	0.16119	0.01885	0.01295	0.01885	0.01106	0.01362	0.00794	0.00561	0.00601	0.00194	0.00908	0.00503	0.00265	0.00859
10	0.02122	0.04864	0.01847	0.01763	0.10235	0.56058	0.01238	0.09603	0.01749	0.01766	0.01000	0.01170	0.00821	0.00628	0.00585	0.00162	0.02869	0.00422	0.00336	0.00762
11	0.00760	0.00543	0.00729	0.00869	0.00915	0.00512	0.00606	0.00884	0.01178	0.01566	0.03301	0.70254	0.03920	0.01859	0.00775	0.00248	0.00372	0.09655	0.00558	0.00496
12	0.00748	0.00525	0.00693	0.00827	0.00866	0.00491	0.00553	0.00860	0.01156	0.01563	0.03263	0.75484	0.03883	0.01838	0.00754	0.00240	0.00346	0.01665	0.03752	0.00491
13	0.02174	0.11614	0.01871	0.01490	0.01824	0.67958	0.01147	0.02333	0.01649	0.01466	0.00919	0.01071	0.00775	0.00608	0.00525	0.00152	0.01034	0.00380	0.00304	0.00706
14	0.01259	0.00842	0.00988	0.00869	0.01122	0.00815	0.00683	0.13244	0.01732	0.10685	0.25831	0.04039	0.26779	0.01400	0.05438	0.00242	0.00468	0.02286	0.00604	0.00674
15	0.00740	0.00529	0.00706	0.00846	0.00884	0.00495	0.00571	0.00850	0.01159	0.01544	0.03312	0.76286	0.03963	0.01878	0.00770	0.00245	0.00355	0.03819	0.00558	0.00491
16	0.01031	0.00791	0.00889	0.00799	0.01023	0.00759	0.00617	0.13014	0.01750	0.02309	0.33490	0.04534	0.34183	0.01270	0.00692	0.00194	0.00356	0.01074	0.00608	0.00618
17	0.05006	0.01595	0.06652	0.01511	0.01990	0.01600	0.13085	0.29076	0.24512	0.06050	0.01712	0.01720	0.01247	0.00700	0.00612	0.00193	0.00663	0.00601	0.00530	0.00943
18	0.02035	0.01443	0.01667	0.11402	0.02068	0.01598	0.01143	0.41150	0.16152	0.12467	0.01707	0.01697	0.01210	0.00727	0.00604	0.00188	0.00626	0.00575	0.00578	0.00962
19	0.01194	0.00709	0.00634	0.00624	0.00775	0.05434	0.00468	0.01466	0.01290	0.02193	0.01896	0.02168	0.01493	0.00696	0.00428	0.00141	0.00332	0.00550	0.76938	0.00569
20	0.07259	0.11054	0.05077	0.01507	0.06369	0.34648	0.01171	0.18000	0.01804	0.03689	0.01108	0.01233	0.00871	0.00624	0.00529	0.00163	0.00832	0.00432	0.02828	0.00803
21	0.00958	0.00689	0.00954	0.01086	0.01227	0.00684	0.00947	0.01230	0.01384	0.01793	0.03312	0.06742	0.06578	0.01656	0.00826	0.00274	0.00543	0.68011	0.00554	0.00552
22	0.01241	0.09559	0.69592	0.01657	0.02514	0.01480	0.02122	0.01896	0.01266	0.01864	0.01059	0.01244	0.00763	0.00567	0.00556	0.00185	0.00868	0.00434	0.00254	0.00879
23	0.01489	0.01429	0.02442	0.03692	0.75106	0.01429	0.01846	0.01846	0.01370	0.01965	0.01132	0.01489	0.00953	0.00536	0.00596	0.00179	0.00715	0.00536	0.00298	0.00953
24	0.02115	0.01266	0.01477	0.01161	0.01568	0.01304	0.00947	0.37237	0.02265	0.25031	0.16815	0.02253	0.02120	0.00833	0.00625	0.00184	0.00539	0.00673	0.00657	0.00930
25	0.00870	0.00603	0.00758	0.00758	0.00794	0.00639	0.00492	0.00940	0.00905	0.01242	0.01802	0.03419	0.01962	0.54402	0.27211	0.00709	0.00921	0.00799	0.00351	0.00421
26	0.00733	0.00524	0.00698	0.00838	0.00873	0.00489	0.00558	0.00838	0.01152	0.01536	0.03316	0.78466	0.03979	0.01885	0.00768	0.00244	0.00349	0.01710	0.00558	0.00489
27	0.00875	0.00583	0.00656	0.00656	0.00656	0.00583	0.00365	0.00875	0.00875	0.01166	0.01895	0.03937	0.02187	0.78858	0.03062	0.00583	0.00583	0.00875	0.00365	0.00365
28	0.01608	0.79220	0.03152	0.01029	0.01544	0.02380	0.01029	0.01801	0.01222	0.01415	0.00836	0.00965	0.00772	0.00515	0.00386	0.00129	0.00643	0.00322	0.00257	0.00772
29	0.00952	0.00728	0.00887	0.00828	0.01005	0.00719	0.00626	0.01466	0.13739	0.02391	0.59380	0.04182	0.08412	0.01175	0.00693	0.00192	0.00317	0.01029	0.00649	0.00629
30	0.01270	0.00701	0.00912	0.00810	0.01001	0.00641	0.00605	0.01495	0.01569	0.18606	0.46394	0.03852	0.04155	0.14059	0.01078	0.00254	0.00385	0.00944	0.00631	0.00636
31	0.02287	0.01685	0.01805	0.01384	0.01866	0.01866	0.01143	0.73100	0.02828	0.03791	0.01444	0.01444	0.01023	0.00722	0.00602	0.00181	0.00662	0.00542	0.00602	0.01023
32	0.01467	0.01407	0.02402	0.08320	0.70651	0.01424	0.01835	0.01827	0.01359	0.01938	0.01128	0.01496	0.00943	0.00540	0.00596	0.00180	0.00720	0.00536	0.00296	0.00935
33	0.00784	0.00563	0.00744	0.00803	0.00884	0.00523	0.00562	0.00966	0.01389	0.01914	0.34149	0.46554	0.04711	0.01602	0.00743	0.00221	0.00321	0.01442	0.00603	0.00523
34	0.00903	0.00631	0.00899	0.00899	0.01012	0.00720	0.00697	0.01129	0.01016	0.01538	0.01670	0.02343	0.01510	0.03877	0.63799	0.00829	0.01390	0.00631	0.13968	0.00541
35	0.00722	0.00604	0.00628	0.00633	0.00822	0.00511	0.00471	0.00880	0.01379	0.01671	0.10437	0.10266	0.65862	0.01527	0.00714	0.00205	0.00306	0.01285	0.00565	0.00511
36	0.02577	0.01219	0.01517	0.01163	0.01633	0.01174	0.00961	0.23668	0.02049	0.54324	0.02099	0.01869	0.01351	0.00738	0.00604	0.00184	0.00556	0.00586	0.00702	0.01024
37	0.01408	0.01192	0.01295	0.01205	0.01511	0.01362	0.00955	0.02872	0.61914	0.02397	0.02571	0.03001	0.02107	0.00957	0.00649	0.00216	0.00489	0.12409	0.00602	0.00886
38	0.01608	0.79220	0.03152	0.01029	0.01544	0.02380	0.01029	0.01801	0.01222	0.01415	0.00836	0.00965	0.00772	0.00515	0.00386	0.00129	0.00643	0.00322	0.00257	0.00772
39	0.02175	0.01628	0.01769	0.01359	0.01823	0.01793	0.01122	0.65159	0.02639	0.03566	0.01391	0.01425	0.01004	0.00718	0.00651	0.00178	0.04012	0.00528	0.00571	0.06489
40	0.11643	0.02093	0.01566	0.01347	0.01719	0.38018	0.01050	0.16579	0.07778	0.10647	0.01312	0.01349	0.00979	0.00664	0.00547	0.00171	0.00813	0.00460	0.00450	0.00815
41	0.01247	0.01069	0.01247	0.00891	0.01426	0.00802	0.00713	0.01515	0.01247	0.01960	0.01069	0.01247	0.00891	0.00446	0.00446	0.00089	0.00446	0.00356	0.00356	0.82536
42	0.01084	0.00990	0.00954	0.00889	0.01059	0.13213	0.00667	0.01346	0.01703	0.02256	0.62479	0.03926	0.04859	0.01128	0.00682	0.00184	0.00417	0.00971	0.00604	0.00589
43	0.01541	0.66536	0.15250	0.01144	0.01721	0.02216	0.01228	0.01819	0.01230	0.01497	0.00877	0.01016	0.00770	0.00524	0.00417	0.00139	0.00684	0.00342	0.00257	0.00792
44	0.01457	0.00972	0.01206	0.01136	0.01410	0.00982	0.00966	0.18118	0.01748	0.09882	0.02720	0.04741	0.05681	0.01283	0.00730	0.00233	0.00559	0.40891	0.00575	0.04710
45	0.08656	0.01445	0.02612	0.01912	0.02440	0.01399	0.42075	0.11000	0.01628	0.15404	0.04298	0.01734	0.01194	0.00609	0.00649	0.00195	0.00805	0.00652	0.00440	0.00853
46	0.07169	0.01433	0.01534	0.01245	0.01636	0.01580	0.01002	0.52087	0.06902	0.03265	0.01780	0.14301	0.01543	0.00911	0.00615	0.00193	0.00586	0.00731	0.00580	0.00906
47	0.00858	0.00639	0.00936	0.00926	0.01040	0.00717	0.00717	0.01086	0.01108	0.01592	0.15675	0.02773	0.02306	0.03881	0.61913	0.00817	0.01356	0.00730	0.00388	0.00543
48	0.01207	0.03112	0.75741	0.01715	0.02604	0.01397	0.02223	0.01905	0.01270	0.01905	0.01080	0.01270	0.00762	0.00572	0.00572	0.00191	0.00889	0.00445	0.00254	0.00889
49	0.00748	0.00534	0.00715	0.00855	0.00896	0.00501	0.00584	0.00863	0.01166	0.01552	0.03307	0.73966	0.03946	0.01871	0.00772	0.00246	0.00362	0.06063	0.00558	0.00493
50	0.01121	0.00561	0.00561	0.00561	0.00701	0.00561	0.00421	0.01402	0.01262	0.02243	0.01962	0.02243	0.01542	0.00701	0.00421	0.00140	0.00280	0.00561	0.82198	0.00561
51	0.02244	0.01542	0.01696	0.01309	0.01767	0.01672	0.01078	0.60544	0.02631	0.11922	0.06155	0.01705	0.01369	0.00757	0.00609	0.00182	0.00621	0.00583	0.00622	0.00995
52	0.01608	0.79220	0.03152	0.01029	0.01544	0.02380	0.01029	0.01801	0.01222	0.01415	0.00836	0.00965	0.00772	0.00515	0.00386	0.00129	0.00643	0.00322	0.00257	0.00772
53	0.01387	0.00896	0.01158	0.01150	0.01383	0.00910	0.00989	0.13415	0.01664	0.10578	0.02802	0.05353	0.02830	0.01400	0.00767	0.00250	0.00567	0.51233	0.00584	0.00686
54	0.00711	0.00609	0.00609	0.00609	0.00813	0.00508	0.00457	0.00863	0.01371	0.01625	0.06094	0.05789	0.74862	0.01524	0.00711	0.00203	0.00305	0.01270	0.00559	0.00508
55	0.01608	0.79220	0.03152	0.01029	0.01544	0.02380	0.01029	0.01801	0.01222	0.01415	0.00836	0.00965	0.00772	0.00515	0.00386	0.00129	0.00643	0.00322	0.00257	0.00772
56	0.00851	0.00615	0.00804	0.00757	0.00899	0.00568	0.00568	0.01135	0.01703	0.02412	0.74788	0.04494	0.05676	0.01230	0.00710	0.00189	0.00284	0.01088	0.00662	0.00568
57	0.00851	0.00615	0.00804	0.00757	0.00899	0.00568	0.00568	0.01135	0.01703	0.02412	0.74788	0.04494	0.05676	0.01230	0.00710	0.00189	0.00284	0.01088	0.00662	0.00568
58	0.00765	0.00577	0.00676	0.00731	0.00831	0.00524	0.00506	0.00888	0.01228	0.01572	0.08562	0.32400	0.29318	0.14533	0.01128	0.00284	0.00376	0.04085	0.00533	0.00482
59	0.01541	0.66536	0.15250	0.01144	0.01721	0.02216	0.01228	0.01819	0.01230	0.01497	0.00877	0.01016	0.00770	0.00524	0.00417	0.00139	0.00684	0.00342	0.00257	0.00792
60	0.00860	0.00629	0.00811	0.00791	0.00923	0.00595	0.00583	0.01176	0.04767	0.02271	0.59720	0.16724	0.05226	0.01321	0.00715	0.00199	0.00303	0.01174	0.00643	0.00571
61	0.02038	0.01445	0.01591	0.01252	0.01669	0.01568	0.01022	0.53285	0.05834	0.08220	0.13775	0.02029	0.01867	0.00813	0.00620	0.00183	0.00581	0.00643	0.00622	0.00944
62	0.21917	0.01248	0.01006	0.00893	0.01176	0.13565	0.00698	0.09879	0.01455	0.02393	0.01409	0.01597	0.01102	0.00643	0.00451	0.00156	0.00512	0.00462	0.35020	0.04419
63	0.00802	0.00628	0.00646	0.00631	0.00846	0.00525	0.00477	0.00958	0.01387	0.05015	0.05923	0.05618	0.71496	0.01488	0.00706	0.00202	0.00314	0.01239	0.00567	0.00532
64	0.00875	0.00758	0.04397	0.01001	0.01144	0.00782	0.00819	0.01112	0.00981	0.01420	0.01587	0.02313	0.01470	0.04331	0.72993	0.00931	0.01578	0.00635	0.00319	0.00553
65	0.60513	0.04726	0.01070	0.00849	0.01224	0.01342	0.00705	0.07660	0.01247	0.07480	0.01084	0.01193	0.00818	0.00594	0.00411	0.00179	0.00477	0.00382	0.07342	0.00704
66	0.11326	0.00871	0.01100	0.01215	0.07463	0.00878	0.00890	0.01549	0.07280	0.05588	0.06996	0.16081	0.02724	0.01244	0.00682	0.00224	0.00491	0.26841	0.00518	0.06037
67	0.16628	0.06483	0.05197	0.06838	0.26048	0.03550	0.02611	0.04881	0.01344	0.05653	0.01295	0.07660	0.01133	0.00668	0.00542	0.00177	0.00629	0.00562	0.00367	0.07734

[dist]
# distance from previous block
# <min> <max>
4	80

[block]
# block no. 9 follows, 38 sequences, length 18
# corresponding to MSA columns:
# 686-703
name=unknown_J
#
# <colnr> <probs for GDERKNQSTAVLIFYWHMCP>
#	G	D	E	R	K	N	Q	S	T	A	V	L	I	F	Y	W	H	M	C	P
0	0.20627	0.11270	0.20773	0.01344	0.01891	0.03955	0.07765	0.10235	0.01425	0.05407	0.01172	0.03961	0.00934	0.00632	0.00547	0.00179	0.02196	0.00484	0.00367	0.04834
1	0.04056	0.28805	0.17539	0.01426	0.07594	0.01580	0.04374	0.01984	0.01352	0.14750	0.03639	0.01428	0.01084	0.00587	0.00509	0.00159	0.00659	0.00459	0.00373	0.07642
2	0.25689	0.13113	0.14366	0.01286	0.01807	0.10071	0.07807	0.07122	0.01366	0.02166	0.00994	0.01161	0.00780	0.00556	0.00484	0.00166	0.00697	0.00407	0.00337	0.09623
