[name]
unknown

[dist]
# distance from previous block
# <min> <max>
5	70

[block]
# block no. 0 follows, 41 sequences, length 16
# corresponding to MSA columns:
# 71-86
name=unknown_A
#
# <colnr> <probs for GDERKNQSTAVLIFYWHMCP>
#	G	D	E	R	K	N	Q	S	T	A	V	L	I	F	Y	W	H	M	C	P
0	0.01114	0.01460	0.18983	0.48449	0.03174	0.01256	0.01579	0.01676	0.08561	0.01684	0.05611	0.01676	0.01127	0.00621	0.00572	0.00188	0.00721	0.00534	0.00306	0.00705
1	0.18480	0.00750	0.00945	0.10923	0.01333	0.00862	0.00732	0.01163	0.00930	0.01542	0.01296	0.02045	0.01224	0.13989	0.32657	0.08812	0.00953	0.00556	0.00310	0.00500
2	0.83938	0.01106	0.00841	0.00752	0.01106	0.01283	0.00619	0.01681	0.00973	0.02566	0.00796	0.00929	0.00619	0.00531	0.00354	0.00177	0.00442	0.00310	0.00354	0.00619
3	0.00879	0.00513	0.00716	0.00745	0.00771	0.00498	0.00499	0.00808	0.00954	0.01289	0.11047	0.22690	0.02371	0.08313	0.01700	0.44159	0.00430	0.00889	0.00379	0.00350
4	0.01252	0.01202	0.03829	0.27135	0.39785	0.01239	0.04765	0.01555	0.01190	0.01639	0.01050	0.01487	0.00864	0.00692	0.00756	0.09336	0.00703	0.00513	0.00269	0.00740
5	0.45726	0.12571	0.13150	0.01072	0.01518	0.06903	0.05291	0.01726	0.01110	0.02110	0.00947	0.03914	0.00792	0.00575	0.00430	0.00171	0.00598	0.00401	0.00320	0.00677
6	0.01276	0.00947	0.01053	0.00968	0.01211	0.01018	0.00739	0.09390	0.31334	0.06210	0.08328	0.18867	0.08098	0.01053	0.00613	0.00193	0.00406	0.00902	0.06659	0.00734
7	0.00751	0.00537	0.00701	0.00813	0.00867	0.00510	0.00575	0.00871	0.01115	0.01470	0.03102	0.54587	0.06860	0.10484	0.00982	0.00272	0.00390	0.14140	0.00510	0.00463
8	0.01097	0.03039	0.13485	0.09006	0.11228	0.02859	0.01056	0.01209	0.00984	0.01337	0.01118	0.01784	0.01038	0.09333	0.06042	0.33394	0.00687	0.00520	0.00267	0.00517
9	0.01347	0.01326	0.02289	0.02910	0.50903	0.01395	0.11051	0.01659	0.01228	0.01763	0.01126	0.04944	0.01006	0.00646	0.00806	0.00189	0.13719	0.00580	0.00290	0.00822
10	0.04550	0.00580	0.00746	0.00855	0.00930	0.00569	0.00635	0.00958	0.01131	0.01552	0.02874	0.46254	0.03321	0.09438	0.00948	0.00271	0.00418	0.22987	0.00503	0.00479
11	0.01084	0.00783	0.01048	0.00975	0.01132	0.00888	0.00761	0.14480	0.01227	0.01713	0.01449	0.02035	0.01302	0.03396	0.55879	0.09086	0.01262	0.00583	0.00349	0.00569
12	0.01815	0.01749	0.01810	0.01470	0.01838	0.27569	0.15621	0.08396	0.12853	0.11643	0.03961	0.01705	0.01254	0.04890	0.00704	0.00192	0.00773	0.00559	0.00429	0.00767
13	0.01259	0.01193	0.01112	0.01016	0.01276	0.16986	0.00786	0.01496	0.05232	0.01640	0.03924	0.12083	0.01850	0.01046	0.00749	0.08547	0.00565	0.14238	0.00402	0.24603
14	0.56672	0.01248	0.01186	0.08942	0.08960	0.05417	0.00892	0.07330	0.01191	0.02404	0.00896	0.01077	0.00696	0.00548	0.00423	0.00176	0.00544	0.00369	0.00351	0.00679
15	0.01419	0.47886	0.18717	0.01280	0.01837	0.01897	0.08502	0.01879	0.08658	0.01599	0.01035	0.01164	0.00847	0.00529	0.00457	0.00149	0.00681	0.00402	0.00282	0.00779

[dist]
# distance from previous block
# <min> <max>
0	2

[block]
# block no. 1 follows, 41 sequences, length 20
# corresponding to MSA columns:
# 89-93,95-109
name=unknown_B
#
# <colnr> <probs for GDERKNQSTAVLIFYWHMCP>
#	G	D	E	R	K	N	Q	S	T	A	V	L	I	F	Y	W	H	M	C	P
0	0.00762	0.00574	0.00648	0.00634	0.00753	0.00521	0.00440	0.00901	0.01259	0.01641	0.25633	0.04618	0.33182	0.24432	0.01333	0.00295	0.00362	0.01045	0.00506	0.00460
1	0.01416	0.01359	0.02322	0.03511	0.76330	0.01359	0.01755	0.01755	0.01302	0.01869	0.01076	0.01416	0.00906	0.00510	0.00566	0.00170	0.00680	0.00510	0.00283	0.00906
2	0.00823	0.00556	0.00648	0.00662	0.00678	0.00551	0.00398	0.00859	0.00922	0.01236	0.06539	0.10048	0.02474	0.65395	0.02507	0.00493	0.00518	0.03931	0.00387	0.00376
3	0.83938	0.01106	0.00841	0.00752	0.01106	0.01283	0.00619	0.01681	0.00973	0.02566	0.00796	0.00929	0.00619	0.00531	0.00354	0.00177	0.00442	0.00310	0.00354	0.00619
4	0.01266	0.06360	0.01752	0.27501	0.19303	0.01358	0.01317	0.01974	0.22968	0.01810	0.01441	0.01696	0.01135	0.00903	0.06595	0.00239	0.00703	0.00544	0.00361	0.00773
5	0.00903	0.01022	0.12901	0.01172	0.07045	0.00800	0.00924	0.01125	0.01050	0.01486	0.01989	0.29253	0.02154	0.11970	0.17380	0.00405	0.04556	0.00951	0.02351	0.00563
6	0.00947	0.00746	0.01091	0.01316	0.15225	0.00719	0.00847	0.01229	0.01498	0.02095	0.47042	0.04173	0.04120	0.01128	0.00677	0.00195	0.00399	0.15402	0.00543	0.00606
7	0.83938	0.01106	0.00841	0.00752	0.01106	0.01283	0.00619	0.01681	0.00973	0.02566	0.00796	0.00929	0.00619	0.00531	0.00354	0.00177	0.00442	0.00310	0.00354	0.00619
8	0.01231	0.01705	0.26664	0.05289	0.05775	0.01201	0.10306	0.04755	0.14886	0.02063	0.08536	0.01860	0.01488	0.00659	0.00565	0.00178	0.00639	0.00579	0.10845	0.00776
9	0.01529	0.80242	0.02997	0.00979	0.01468	0.02263	0.00979	0.01713	0.01162	0.01346	0.00795	0.00918	0.00734	0.00489	0.00367	0.00122	0.00612	0.00306	0.00245	0.00734
10	0.01324	0.01927	0.36409	0.04475	0.02124	0.01122	0.09920	0.01822	0.02974	0.11745	0.06389	0.01759	0.04360	0.00630	0.00565	0.00172	0.00688	0.00544	0.00366	0.10688
11	0.07364	0.01356	0.01165	0.01045	0.01241	0.22314	0.00777	0.03793	0.01273	0.13479	0.01533	0.04527	0.01449	0.25791	0.01400	0.00299	0.07026	0.03163	0.00401	0.00605
12	0.83938	0.01106	0.00841	0.00752	0.01106	0.01283	0.00619	0.01681	0.00973	0.02566	0.00796	0.00929	0.00619	0.00531	0.00354	0.00177	0.00442	0.00310	0.00354	0.00619
13	0.01794	0.02158	0.01403	0.01286	0.01502	0.56394	0.00946	0.01912	0.01408	0.01338	0.01084	0.01628	0.01031	0.16810	0.03389	0.00258	0.04287	0.00475	0.00304	0.00593
14	0.01290	0.01261	0.05488	0.14561	0.46457	0.01227	0.01545	0.03859	0.01329	0.01875	0.04958	0.02000	0.01315	0.00652	0.00583	0.00180	0.00650	0.06380	0.03591	0.00800
15	0.00817	0.00613	0.00919	0.00919	0.01021	0.00715	0.00715	0.01021	0.00919	0.01328	0.01532	0.02247	0.01430	0.04290	0.77631	0.00919	0.01532	0.00613	0.00306	0.00511
16	0.00819	0.00604	0.00875	0.00875	0.00962	0.00691	0.00660	0.00993	0.00906	0.01295	0.01573	0.02472	0.01527	0.15644	0.66411	0.00864	0.01385	0.00646	0.00312	0.00486
17	0.01147	0.02959	0.76934	0.01630	0.02476	0.01328	0.02113	0.01811	0.01208	0.01811	0.01026	0.01208	0.00725	0.00543	0.00543	0.00181	0.00845	0.00423	0.00242	0.00845
18	0.05786	0.42316	0.02288	0.01185	0.01583	0.35353	0.01017	0.01963	0.01355	0.01429	0.00834	0.00968	0.00730	0.00535	0.00432	0.00136	0.00788	0.00334	0.00272	0.00697
19	0.01098	0.00954	0.01148	0.09750	0.03593	0.03074	0.00806	0.01525	0.11502	0.01842	0.09674	0.15201	0.04912	0.00849	0.00558	0.00156	0.00454	0.00733	0.00431	0.31741

[dist]
# distance from previous block
# <min> <max>
0	28

[block]
# block no. 2 follows, 41 sequences, length 14
# corresponding to MSA columns:
# 138-151
name=unknown_C
#
# <colnr> <probs for GDERKNQSTAVLIFYWHMCP>
#	G	D	E	R	K	N	Q	S	T	A	V	L	I	F	Y	W	H	M	C	P
0	0.01548	0.29841	0.05266	0.01156	0.01562	0.10151	0.01012	0.04333	0.35357	0.01914	0.01536	0.01515	0.01206	0.00640	0.00496	0.00162	0.00596	0.00480	0.00414	0.00816
1	0.01098	0.06939	0.38352	0.01291	0.01789	0.05380	0.01425	0.01516	0.01112	0.01562	0.01212	0.01643	0.01026	0.04901	0.27775	0.00450	0.01072	0.00495	0.00272	0.00691
2	0.01032	0.00924	0.05356	0.01006	0.01290	0.00757	0.07949	0.01346	0.04766	0.04720	0.21349	0.19548	0.02835	0.06618	0.00779	0.00200	0.00453	0.00901	0.00473	0.17697
3	0.01180	0.00821	0.01071	0.00967	0.01093	0.00928	0.00741	0.06438	0.01154	0.09888	0.03832	0.07533	0.07378	0.17909	0.19342	0.02210	0.15791	0.00744	0.00406	0.00574
4	0.78346	0.01065	0.00829	0.00755	0.01088	0.01228	0.00614	0.01622	0.00982	0.02492	0.00955	0.06210	0.00832	0.00616	0.00379	0.00181	0.00435	0.00398	0.00366	0.00609
5	0.01299	0.01440	0.03076	0.08037	0.02932	0.01377	0.63569	0.01758	0.01332	0.01796	0.01280	0.01891	0.01033	0.00567	0.00675	0.00198	0.00918	0.05774	0.00304	0.00744
6	0.01331	0.05564	0.02285	0.01738	0.01944	0.04786	0.22486	0.01564	0.01060	0.01509	0.00877	0.01310	0.00783	0.00806	0.01392	0.00223	0.48869	0.00536	0.00263	0.00675
7	0.01080	0.01017	0.01716	0.78523	0.03940	0.01271	0.01589	0.01461	0.01144	0.01461	0.01017	0.01525	0.00762	0.00572	0.00572	0.00191	0.00762	0.00508	0.00254	0.00635
8	0.00966	0.00515	0.00773	0.00773	0.00789	0.00531	0.00531	0.00789	0.00773	0.01047	0.01079	0.01819	0.01063	0.02352	0.14189	0.70288	0.00661	0.00515	0.00258	0.00290
9	0.01149	0.00941	0.01057	0.00966	0.01205	0.01029	0.00742	0.02165	0.42429	0.02349	0.35206	0.03088	0.03375	0.00951	0.00623	0.00188	0.00371	0.00820	0.00603	0.00742
10	0.01147	0.02959	0.76934	0.01630	0.02476	0.01328	0.02113	0.01811	0.01208	0.01811	0.01026	0.01208	0.00725	0.00543	0.00543	0.00181	0.00845	0.00423	0.00242	0.00845
11	0.00913	0.00695	0.00896	0.00812	0.00983	0.00678	0.00594	0.01068	0.00959	0.01394	0.01486	0.02439	0.01483	0.26328	0.35757	0.00601	0.00960	0.00611	0.00327	0.21016
12	0.10375	0.01305	0.01868	0.07699	0.34464	0.04716	0.04496	0.06827	0.01443	0.19306	0.01330	0.01481	0.00979	0.00576	0.00549	0.00174	0.00641	0.00505	0.00407	0.00860
13	0.10661	0.22536	0.01435	0.05120	0.01223	0.01137	0.00727	0.01334	0.01373	0.01988	0.39756	0.05622	0.03245	0.00899	0.00549	0.00166	0.00413	0.00743	0.00467	0.00605

[dist]
# distance from previous block
# <min> <max>
0	3

[block]
# block no. 3 follows, 41 sequences, length 28
# corresponding to MSA columns:
# 155-182
name=unknown_D
#
# <colnr> <probs for GDERKNQSTAVLIFYWHMCP>
#	G	D	E	R	K	N	Q	S	T	A	V	L	I	F	Y	W	H	M	C	P
0	0.05906	0.01021	0.01143	0.01182	0.08202	0.08621	0.00812	0.01272	0.01116	0.04177	0.02323	0.04570	0.20005	0.07841	0.02911	0.12433	0.14838	0.00716	0.00367	0.00547
1	0.01392	0.38925	0.06911	0.01184	0.01509	0.04317	0.02606	0.01635	0.05323	0.01419	0.00917	0.01188	0.00825	0.00791	0.00967	0.08531	0.20207	0.00410	0.00268	0.00673
2	0.06764	0.06098	0.30702	0.09171	0.02150	0.27563	0.01473	0.01868	0.01320	0.01641	0.01073	0.05640	0.00902	0.00630	0.00527	0.00170	0.00835	0.00469	0.00285	0.00720
3	0.00868	0.00585	0.00714	0.00703	0.00759	0.00599	0.00464	0.00996	0.03290	0.01432	0.13641	0.03328	0.02399	0.43537	0.13898	0.05263	0.00636	0.00786	0.05674	0.00427
4	0.09507	0.45436	0.24585	0.01167	0.01747	0.01865	0.01285	0.05634	0.01239	0.01724	0.00895	0.01029	0.00733	0.00520	0.00429	0.00148	0.00665	0.00352	0.00272	0.00769
5	0.33071	0.01114	0.01147	0.00930	0.01320	0.01157	0.00759	0.15347	0.01424	0.13129	0.01229	0.01339	0.00924	0.00943	0.08207	0.00233	0.00590	0.00422	0.00438	0.16276
6	0.01831	0.13408	0.01748	0.01211	0.01619	0.05326	0.01001	0.33201	0.27180	0.05170	0.01618	0.01567	0.01204	0.00683	0.00542	0.00171	0.00581	0.00523	0.00517	0.00899
7	0.01402	0.01408	0.06491	0.01691	0.02104	0.01355	0.30693	0.17581	0.06285	0.02160	0.01607	0.14129	0.01455	0.00822	0.00736	0.00200	0.06250	0.02459	0.00409	0.00763
8	0.00705	0.00579	0.00621	0.00614	0.00791	0.00495	0.00459	0.00875	0.01366	0.01702	0.20640	0.06982	0.59392	0.01397	0.00677	0.00191	0.00286	0.01180	0.00552	0.00495
9	0.04143	0.01085	0.01317	0.00960	0.01455	0.00900	0.03488	0.07883	0.01360	0.09561	0.01170	0.01284	0.00908	0.00481	0.00459	0.00109	0.00469	0.00389	0.00395	0.62184
10	0.01274	0.01014	0.01195	0.00858	0.01362	0.00767	0.00688	0.01526	0.01215	0.06648	0.01096	0.01235	0.00884	0.00442	0.00433	0.00091	0.00428	0.00354	0.00362	0.78128
11	0.01339	0.04655	0.40715	0.01750	0.03904	0.01359	0.20406	0.04033	0.05560	0.05836	0.01203	0.01385	0.00872	0.00547	0.00572	0.00179	0.00801	0.00506	0.00312	0.04065
12	0.00994	0.00497	0.00745	0.00745	0.00745	0.00497	0.00497	0.00745	0.00745	0.00994	0.00994	0.01739	0.00994	0.01987	0.02235	0.83358	0.00497	0.00497	0.00248	0.00248
13	0.01206	0.01205	0.01809	0.01524	0.01586	0.01591	0.08650	0.01365	0.00947	0.01432	0.01034	0.09149	0.01068	0.01028	0.01639	0.00243	0.62988	0.00632	0.00282	0.00624
14	0.37561	0.00849	0.00806	0.00788	0.01012	0.00914	0.00603	0.05649	0.01182	0.02119	0.04540	0.27978	0.10113	0.01107	0.00548	0.00199	0.00397	0.02610	0.00458	0.00569
15	0.00994	0.00497	0.00745	0.00745	0.00745	0.00497	0.00497	0.00745	0.00745	0.00994	0.00994	0.01739	0.00994	0.01987	0.02235	0.83358	0.00497	0.00497	0.00248	0.00248
16	0.00824	0.00593	0.00805	0.00922	0.01021	0.00574	0.00739	0.01023	0.01252	0.01644	0.07039	0.32756	0.06776	0.01629	0.00757	0.00245	0.00432	0.39933	0.00534	0.00503
17	0.01396	0.01206	0.01730	0.01439	0.01588	0.01515	0.07792	0.01774	0.11098	0.09180	0.03681	0.01591	0.01136	0.00890	0.01382	0.00225	0.48528	0.00562	0.02581	0.00706
18	0.01648	0.01430	0.02023	0.01574	0.01886	0.01655	0.15965	0.31795	0.01737	0.02421	0.01132	0.01393	0.00893	0.00753	0.01038	0.00202	0.27737	0.00543	0.03379	0.00796
19	0.00916	0.00699	0.00868	0.00917	0.01066	0.00707	0.00730	0.01348	0.13067	0.01823	0.13260	0.18338	0.11510	0.03146	0.00764	0.00234	0.00419	0.29071	0.00547	0.00569
20	0.01568	0.01419	0.01402	0.01228	0.01526	0.10946	0.00967	0.14885	0.40907	0.02298	0.01793	0.01815	0.01385	0.01106	0.08408	0.00261	0.06189	0.00576	0.00493	0.00827
21	0.01529	0.80242	0.02997	0.00979	0.01468	0.02263	0.00979	0.01713	0.01162	0.01346	0.00795	0.00918	0.00734	0.00489	0.00367	0.00122	0.00612	0.00306	0.00245	0.00734
22	0.02055	0.06610	0.17032	0.01351	0.06035	0.01274	0.01218	0.18776	0.01739	0.35650	0.01643	0.01569	0.01101	0.00644	0.00554	0.00173	0.00612	0.00509	0.00528	0.00928
23	0.01094	0.00916	0.01167	0.01219	0.10859	0.00878	0.00813	0.01628	0.16865	0.02023	0.20399	0.12126	0.04128	0.00911	0.00589	0.00167	0.00413	0.02400	0.00487	0.20918
24	0.09868	0.01026	0.01150	0.00837	0.01329	0.00817	0.00672	0.01466	0.01164	0.01938	0.00994	0.01159	0.00823	0.00435	0.00416	0.00094	0.00426	0.00336	0.00340	0.74710
25	0.28345	0.11994	0.04325	0.01061	0.01465	0.05552	0.03166	0.09921	0.13913	0.10732	0.01338	0.01364	0.00996	0.00610	0.00470	0.00170	0.00550	0.00444	0.02810	0.00775
26	0.07125	0.07176	0.35384	0.01584	0.06821	0.01423	0.06535	0.15717	0.01510	0.04662	0.01241	0.01592	0.00971	0.00631	0.00552	0.00180	0.00727	0.04987	0.00352	0.00830
27	0.13322	0.06959	0.11068	0.01321	0.04968	0.02318	0.10194	0.01879	0.08299	0.09428	0.05533	0.01530	0.01195	0.00594	0.00551	0.00161	0.02862	0.00490	0.00387	0.16942

[dist]
# distance from previous block
# <min> <max>
7	13

[block]
# block no. 4 follows, 41 sequences, length 19
# corresponding to MSA columns:
# 196-214
name=unknown_E
#
# <colnr> <probs for GDERKNQSTAVLIFYWHMCP>
#	G	D	E	R	K	N	Q	S	T	A	V	L	I	F	Y	W	H	M	C	P
0	0.01025	0.00918	0.02480	0.03331	0.09055	0.02888	0.03135	0.02913	0.09819	0.01877	0.19189	0.05901	0.17247	0.01416	0.08845	0.00271	0.02164	0.06416	0.00478	0.00631
1	0.01331	0.05899	0.09059	0.04070	0.09872	0.01168	0.07646	0.03221	0.08872	0.08228	0.01683	0.10298	0.04311	0.00758	0.00651	0.00172	0.05936	0.00644	0.00395	0.15788
2	0.00973	0.00920	0.04070	0.01058	0.06318	0.00837	0.03520	0.01508	0.17643	0.01888	0.13917	0.06634	0.33491	0.01102	0.00636	0.00187	0.00404	0.00946	0.00512	0.03436
3	0.03867	0.00882	0.00992	0.00904	0.01138	0.03388	0.00706	0.12507	0.01547	0.07925	0.16585	0.18801	0.07829	0.01127	0.00626	0.00188	0.00427	0.08726	0.04582	0.07252
4	0.01550	0.09759	0.19582	0.01541	0.11611	0.02705	0.01309	0.06264	0.11185	0.13076	0.01423	0.01521	0.01063	0.00649	0.00650	0.00176	0.07773	0.00495	0.06838	0.00829
5	0.15164	0.06769	0.02692	0.01397	0.09523	0.10330	0.02281	0.03555	0.03565	0.04745	0.12572	0.01692	0.01527	0.00750	0.00818	0.00183	0.18052	0.00527	0.00374	0.03483
6	0.02005	0.01456	0.01725	0.01328	0.01764	0.01569	0.06701	0.53908	0.06621	0.09155	0.06599	0.01675	0.01348	0.00711	0.00588	0.00176	0.00609	0.00575	0.00566	0.00924
7	0.01622	0.39681	0.02334	0.01219	0.01556	0.11061	0.01079	0.11967	0.01360	0.01679	0.00876	0.01081	0.00772	0.00660	0.00800	0.00165	0.20667	0.00393	0.00298	0.00732
8	0.02111	0.01013	0.01247	0.01020	0.01389	0.03352	0.00817	0.02558	0.13868	0.51511	0.08178	0.06742	0.01908	0.00817	0.00592	0.00182	0.00472	0.00680	0.00657	0.00887
9	0.11106	0.01023	0.01182	0.00985	0.05750	0.00846	0.00724	0.01455	0.01169	0.01930	0.01186	0.02945	0.03204	0.00502	0.00438	0.00107	0.00435	0.00399	0.00347	0.64267
10	0.00992	0.03737	0.03830	0.00894	0.01059	0.00766	0.00721	0.01192	0.01050	0.07426	0.06851	0.02581	0.04715	0.12370	0.48413	0.00679	0.01135	0.00670	0.00370	0.00550
11	0.02677	0.07980	0.09718	0.09340	0.10781	0.03346	0.10174	0.08509	0.09229	0.10345	0.03737	0.01623	0.02201	0.00610	0.00554	0.00169	0.00652	0.00532	0.00399	0.07424
12	0.01600	0.07049	0.01600	0.03663	0.01617	0.21628	0.01041	0.09174	0.21183	0.01942	0.07124	0.01661	0.01394	0.00766	0.00808	0.00184	0.15877	0.00534	0.00411	0.00745
13	0.01739	0.01653	0.01670	0.01411	0.01620	0.22204	0.02999	0.11252	0.01422	0.09894	0.01203	0.01426	0.03248	0.00817	0.01127	0.00201	0.34529	0.00502	0.00364	0.00718
14	0.00871	0.00657	0.00891	0.00837	0.01003	0.00605	0.04916	0.01128	0.04246	0.04754	0.29233	0.24933	0.21069	0.01333	0.00683	0.00199	0.00348	0.01184	0.00560	0.00550
15	0.63780	0.01200	0.00958	0.00842	0.01184	0.06467	0.00682	0.06036	0.01196	0.05304	0.06908	0.01268	0.01060	0.00602	0.00412	0.00175	0.00482	0.00394	0.00398	0.00650
16	0.12956	0.03578	0.06107	0.01117	0.01458	0.01071	0.08103	0.01423	0.01120	0.03308	0.01585	0.10610	0.06333	0.00991	0.05117	0.00213	0.11592	0.00624	0.00356	0.22338
17	0.01308	0.01223	0.01693	0.04404	0.06842	0.05638	0.13768	0.07752	0.17252	0.02055	0.14264	0.08304	0.02059	0.00923	0.02332	0.00208	0.08055	0.00740	0.00447	0.00731
18	0.09172	0.10591	0.12206	0.01316	0.05957	0.09568	0.06897	0.01594	0.03286	0.01854	0.17398	0.02241	0.08656	0.00788	0.00646	0.00176	0.05962	0.00631	0.00384	0.00677

[dist]
# distance from previous block
# <min> <max>
3	10

[block]
# block no. 5 follows, 41 sequences, length 16
# corresponding to MSA columns:
# 225-240
name=unknown_F
#
# <colnr> <probs for GDERKNQSTAVLIFYWHMCP>
#	G	D	E	R	K	N	Q	S	T	A	V	L	I	F	Y	W	H	M	C	P
0	0.01164	0.05381	0.23957	0.05871	0.05301	0.01288	0.01382	0.01508	0.01122	0.01642	0.01229	0.05676	0.01142	0.00794	0.00892	0.00191	0.20699	0.06803	0.00302	0.13658
1	0.02038	0.02565	0.01593	0.01444	0.01718	0.70676	0.01090	0.02190	0.01584	0.01435	0.03928	0.01174	0.00927	0.00634	0.00590	0.00154	0.04896	0.00402	0.00306	0.00656
2	0.01142	0.01173	0.06197	0.01750	0.13476	0.01001	0.21316	0.01444	0.01226	0.01722	0.01650	0.15682	0.01634	0.00901	0.00707	0.04417	0.00636	0.08237	0.00360	0.15326
3	0.01630	0.01332	0.01410	0.01206	0.01566	0.01520	0.00956	0.22742	0.55256	0.02727	0.02065	0.01924	0.01533	0.00751	0.00579	0.00188	0.00501	0.00610	0.00579	0.00924
4	0.01259	0.01136	0.01840	0.01485	0.01805	0.03805	0.26803	0.05869	0.11407	0.05672	0.02103	0.30073	0.02080	0.01027	0.00666	0.00204	0.00623	0.00993	0.00455	0.00696
5	0.00938	0.00721	0.01007	0.00961	0.01120	0.00752	0.04094	0.01223	0.05456	0.04430	0.08867	0.13263	0.15561	0.02158	0.22559	0.00415	0.04725	0.10729	0.00459	0.00562
6	0.01108	0.01045	0.01766	0.72240	0.10003	0.01278	0.01602	0.01486	0.01157	0.01496	0.01022	0.01516	0.00775	0.00567	0.00571	0.00189	0.00756	0.00508	0.00257	0.00658
7	0.01725	0.01474	0.08521	0.03313	0.01867	0.01377	0.10931	0.36968	0.01902	0.06319	0.01269	0.01449	0.00946	0.00802	0.00800	0.11571	0.00656	0.00515	0.00441	0.07154
8	0.01080	0.01017	0.01716	0.78523	0.03940	0.01271	0.01589	0.01461	0.01144	0.01461	0.01017	0.01525	0.00762	0.00572	0.00572	0.00191	0.00762	0.00508	0.00254	0.00635
9	0.59925	0.01139	0.01016	0.00860	0.01231	0.01270	0.00707	0.11762	0.01312	0.11600	0.03802	0.01234	0.00938	0.00597	0.00422	0.00176	0.00467	0.00396	0.00436	0.00707
10	0.00832	0.00599	0.00881	0.00881	0.00967	0.00685	0.00667	0.00984	0.00899	0.01284	0.01514	0.02335	0.01452	0.10521	0.65555	0.07170	0.01370	0.00623	0.00305	0.00477
11	0.45016	0.01525	0.01394	0.04852	0.14186	0.18509	0.03518	0.01825	0.01196	0.02111	0.00886	0.01082	0.00709	0.00541	0.00447	0.00170	0.00648	0.00378	0.00322	0.00684
12	0.00836	0.00784	0.05478	0.11413	0.01358	0.00674	0.00758	0.01114	0.01447	0.01970	0.44490	0.06657	0.18603	0.01128	0.00655	0.00186	0.00379	0.00981	0.00531	0.00557
13	0.47528	0.25071	0.01483	0.00820	0.01167	0.01473	0.00712	0.01563	0.01000	0.01980	0.00823	0.01037	0.00706	0.00718	0.00616	0.11561	0.00501	0.00334	0.00306	0.00603
14	0.17411	0.02079	0.01504	0.01301	0.01633	0.41237	0.01017	0.19807	0.01727	0.02157	0.00981	0.01106	0.00773	0.00621	0.00562	0.00164	0.04416	0.00399	0.00372	0.00729
15	0.05767	0.00807	0.00985	0.00921	0.01061	0.00893	0.00698	0.04204	0.06968	0.01728	0.10163	0.15625	0.06094	0.12401	0.12608	0.00357	0.11170	0.01993	0.00430	0.05127

[dist]
# distance from previous block
# <min> <max>
5	13

[block]
# block no. 6 follows, 41 sequences, length 18
# corresponding to MSA columns:
# 254-271
name=unknown_G
#
# <colnr> <probs for GDERKNQSTAVLIFYWHMCP>
#	G	D	E	R	K	N	Q	S	T	A	V	L	I	F	Y	W	H	M	C	P
0	0.05008	0.04136	0.11909	0.01172	0.05331	0.00990	0.04679	0.01581	0.04258	0.01930	0.07903	0.01517	0.01271	0.00537	0.00484	0.00127	0.00517	0.00450	0.00354	0.45845
1	0.04444	0.52625	0.14907	0.01122	0.01643	0.07885	0.01151	0.01826	0.04622	0.01534	0.00918	0.01039	0.00779	0.00519	0.00419	0.00138	0.00664	0.00347	0.00270	0.03150
2	0.03551	0.07420	0.02272	0.12293	0.18124	0.01305	0.22699	0.03622	0.01335	0.11183	0.01350	0.06531	0.01104	0.00618	0.00584	0.00177	0.00705	0.00611	0.00359	0.04159
3	0.00819	0.00603	0.00872	0.00872	0.00957	0.00689	0.00656	0.00991	0.00905	0.01293	0.01576	0.02488	0.01535	0.16478	0.65586	0.00860	0.01375	0.00648	0.00313	0.00484
4	0.00854	0.00588	0.00883	0.00883	0.00963	0.00669	0.00669	0.00963	0.00883	0.01258	0.01419	0.02140	0.01338	0.03807	0.61820	0.18208	0.01315	0.00588	0.00294	0.00456
5	0.00963	0.00768	0.00892	0.00894	0.01065	0.00800	0.00672	0.01592	0.24772	0.01932	0.15894	0.26945	0.12123	0.01302	0.00672	0.00209	0.00370	0.06947	0.00564	0.00625
6	0.01333	0.01489	0.03149	0.02249	0.02821	0.01376	0.66653	0.01792	0.01333	0.01835	0.01143	0.01506	0.00866	0.00476	0.00649	0.00182	0.00908	0.00640	0.00294	0.09306
7	0.01171	0.01217	0.09066	0.09060	0.01742	0.00874	0.00921	0.01481	0.01184	0.01816	0.01018	0.01224	0.00826	0.00452	0.00452	0.00106	0.00503	0.00365	0.00320	0.66204
8	0.54621	0.01400	0.01178	0.04135	0.01463	0.13666	0.04512	0.01918	0.08782	0.02278	0.00996	0.01125	0.00773	0.00565	0.00429	0.00175	0.00578	0.00381	0.00361	0.00664
9	0.01525	0.01348	0.01706	0.01423	0.01577	0.01732	0.01178	0.22065	0.07208	0.02083	0.01049	0.01355	0.00891	0.00895	0.01409	0.00224	0.50704	0.00516	0.00367	0.00745
10	0.01137	0.00905	0.01177	0.04482	0.01407	0.00746	0.03693	0.01383	0.01251	0.05550	0.10300	0.13617	0.01861	0.00745	0.00525	0.00132	0.00432	0.00652	0.00415	0.49591
11	0.00951	0.00653	0.00954	0.11181	0.01382	0.00691	0.00788	0.01144	0.01117	0.07337	0.02330	0.33817	0.02484	0.02227	0.22346	0.00419	0.00759	0.08429	0.00444	0.00546
12	0.01541	0.04174	0.01585	0.31722	0.02471	0.14674	0.01203	0.12108	0.01462	0.08986	0.01235	0.01547	0.00953	0.01175	0.12435	0.00289	0.00877	0.00500	0.00358	0.00705
13	0.10201	0.01334	0.06726	0.04642	0.02694	0.08810	0.02321	0.05820	0.09200	0.10568	0.01673	0.03972	0.01452	0.00796	0.00593	0.00180	0.02361	0.12936	0.00439	0.13280
14	0.09875	0.01149	0.05445	0.34897	0.18014	0.01174	0.01370	0.01683	0.01222	0.11439	0.01335	0.07581	0.01097	0.00666	0.00560	0.00186	0.00647	0.00580	0.00350	0.00731
15	0.03900	0.01686	0.13233	0.02060	0.21980	0.09061	0.14017	0.09948	0.03088	0.01933	0.01198	0.01642	0.01011	0.10127	0.00881	0.00222	0.02363	0.00547	0.00328	0.00775
16	0.06927	0.01153	0.07408	0.22457	0.07909	0.01085	0.05242	0.01737	0.01297	0.18144	0.05707	0.03792	0.07850	0.00763	0.00647	0.00189	0.04410	0.02136	0.00419	0.00728
17	0.06870	0.04214	0.22442	0.24070	0.12992	0.04174	0.03917	0.03987	0.01239	0.01785	0.01007	0.01311	0.00775	0.00558	0.00581	0.00176	0.03538	0.00455	0.00279	0.05630

[dist]
# distance from previous block
# <min> <max>
12	134

# created by:
# /home/berkeley/.conda/envs/busco_data_prod/bin/msa2prfl.pl pipeline/OGs_align_augustus/33634/154482.fs
