[name]
unknown

[dist]
# distance from previous block
# <min> <max>
0	1115

[block]
# block no. 0 follows, 41 sequences, length 20
# corresponding to MSA columns:
# 1219-1238
name=unknown_A
#
# <colnr> <probs for GDERKNQSTAVLIFYWHMCP>
#	G	D	E	R	K	N	Q	S	T	A	V	L	I	F	Y	W	H	M	C	P
0	0.01258	0.00700	0.00957	0.03310	0.01221	0.00666	0.00800	0.01476	0.01334	0.19145	0.02877	0.20636	0.05664	0.01350	0.00701	0.00227	0.00464	0.32804	0.03792	0.00619
1	0.01446	0.00823	0.01005	0.00893	0.01144	0.00800	0.00704	0.08990	0.07079	0.21049	0.18040	0.12017	0.08383	0.01050	0.00621	0.00188	0.00402	0.06121	0.08540	0.00705
2	0.01627	0.01344	0.01593	0.01573	0.12113	0.14220	0.07533	0.09627	0.02960	0.14912	0.01824	0.21216	0.01707	0.00925	0.00667	0.00189	0.03966	0.00797	0.00458	0.00748
3	0.01909	0.01468	0.04521	0.01272	0.01684	0.04590	0.03883	0.39602	0.13211	0.12232	0.01740	0.08296	0.01364	0.00781	0.00588	0.00181	0.00597	0.00635	0.00552	0.00893
4	0.00705	0.00504	0.00671	0.00791	0.00831	0.00470	0.00532	0.00817	0.01134	0.01521	0.08499	0.74004	0.03901	0.01746	0.00726	0.00228	0.00327	0.01583	0.00538	0.00470
5	0.01302	0.14678	0.40816	0.05092	0.06604	0.01445	0.10162	0.01831	0.03632	0.05030	0.01168	0.03674	0.00912	0.00580	0.00542	0.00175	0.00765	0.00493	0.00291	0.00809
6	0.01422	0.01338	0.02214	0.10882	0.58590	0.01380	0.04234	0.05879	0.04888	0.01949	0.01149	0.01463	0.00934	0.00538	0.00572	0.00174	0.00684	0.00522	0.00311	0.00877
7	0.01511	0.01141	0.01760	0.09463	0.19897	0.02374	0.09799	0.07099	0.03148	0.15789	0.01872	0.11506	0.05597	0.00806	0.00660	0.00188	0.03898	0.00721	0.01991	0.00779
8	0.00900	0.00746	0.00836	0.00820	0.00974	0.03825	0.00629	0.04581	0.01390	0.01800	0.20934	0.15183	0.27957	0.01512	0.05066	0.00243	0.03884	0.07663	0.00521	0.00537
9	0.01366	0.01432	0.07099	0.19810	0.08148	0.07251	0.18705	0.01936	0.12983	0.05689	0.04315	0.04731	0.01281	0.00663	0.00624	0.00188	0.02037	0.00621	0.00368	0.00754
10	0.01355	0.01252	0.04777	0.26605	0.31058	0.01289	0.01482	0.06614	0.07866	0.04840	0.06163	0.01711	0.01247	0.00617	0.00576	0.00180	0.00655	0.00555	0.00357	0.00801
11	0.02137	0.02726	0.01621	0.01474	0.01768	0.77602	0.01105	0.02284	0.01621	0.01400	0.00884	0.01031	0.00737	0.00589	0.00516	0.00147	0.01031	0.00368	0.00295	0.00663
12	0.01776	0.06232	0.15064	0.04443	0.02022	0.01162	0.16349	0.04598	0.01451	0.31450	0.01719	0.05577	0.01287	0.00700	0.00593	0.00184	0.00666	0.03413	0.00473	0.00839
13	0.00930	0.00868	0.04861	0.07900	0.05978	0.00786	0.07488	0.03970	0.01237	0.01656	0.03877	0.44429	0.05804	0.01346	0.00687	0.00216	0.00495	0.06433	0.00459	0.00579
14	0.01175	0.05744	0.08867	0.01258	0.05614	0.00878	0.07066	0.01429	0.01258	0.11402	0.02375	0.31568	0.02485	0.01225	0.00668	0.00213	0.00531	0.15126	0.00473	0.00648
15	0.01080	0.01017	0.01716	0.78523	0.03940	0.01271	0.01589	0.01461	0.01144	0.01461	0.01017	0.01525	0.00762	0.00572	0.00572	0.00191	0.00762	0.00508	0.00254	0.00635
16	0.03227	0.01383	0.15521	0.01120	0.01546	0.01075	0.01049	0.17125	0.05260	0.21744	0.08844	0.08978	0.07356	0.00882	0.00599	0.00186	0.00535	0.02221	0.00539	0.00810
17	0.01377	0.08003	0.06668	0.08544	0.51177	0.01437	0.11066	0.01743	0.01280	0.01787	0.01056	0.01387	0.00866	0.00511	0.00563	0.00171	0.00726	0.00509	0.00276	0.00851
18	0.01058	0.00974	0.01322	0.01188	0.01272	0.04764	0.03678	0.01225	0.00946	0.01350	0.01227	0.01927	0.01184	0.09045	0.37505	0.00583	0.29326	0.00581	0.00288	0.00556
19	0.01761	0.01147	0.04668	0.01103	0.01560	0.00966	0.06306	0.09174	0.04026	0.28964	0.08772	0.01834	0.01528	0.00645	0.00546	0.00151	0.00511	0.00547	0.00523	0.25269

[dist]
# distance from previous block
# <min> <max>
0	12

[block]
# block no. 1 follows, 41 sequences, length 23
# corresponding to MSA columns:
# 1251-1258,1277-1291
name=unknown_B
#
# <colnr> <probs for GDERKNQSTAVLIFYWHMCP>
#	G	D	E	R	K	N	Q	S	T	A	V	L	I	F	Y	W	H	M	C	P
0	0.01669	0.50740	0.04015	0.01123	0.01562	0.13034	0.01029	0.08282	0.07241	0.03020	0.01011	0.01104	0.00848	0.00562	0.00470	0.00142	0.02699	0.00373	0.00316	0.00762
1	0.01390	0.35270	0.34795	0.01432	0.04706	0.01712	0.05313	0.01831	0.02647	0.04582	0.01011	0.01158	0.00790	0.00527	0.00479	0.00157	0.00725	0.00400	0.00272	0.00803
2	0.01259	0.01014	0.01194	0.00856	0.01361	0.00767	0.00686	0.01511	0.01210	0.05817	0.01082	0.01226	0.00877	0.00439	0.00432	0.00090	0.00427	0.00351	0.00358	0.79043
3	0.01590	0.04654	0.21465	0.05272	0.03363	0.02757	0.02397	0.18006	0.13735	0.11311	0.03009	0.07078	0.01342	0.00731	0.00572	0.00182	0.00632	0.00599	0.00457	0.00848
4	0.01394	0.01308	0.02186	0.13322	0.56863	0.01349	0.04211	0.06343	0.01365	0.01911	0.01155	0.03892	0.00980	0.00569	0.00576	0.00176	0.00687	0.00551	0.00306	0.00855
5	0.00840	0.00558	0.00668	0.00668	0.00681	0.00571	0.00402	0.00850	0.00837	0.01129	0.01717	0.03428	0.01929	0.65475	0.12190	0.05904	0.00673	0.00783	0.00335	0.00361
6	0.00855	0.00725	0.04877	0.00969	0.01110	0.00623	0.00825	0.01093	0.01284	0.01715	0.11911	0.27136	0.03556	0.01536	0.00745	0.00240	0.00456	0.39292	0.00525	0.00527
7	0.01348	0.35815	0.38300	0.01297	0.01935	0.01673	0.01515	0.01768	0.01210	0.04238	0.01085	0.01410	0.00900	0.00585	0.00483	0.00161	0.00715	0.04504	0.00276	0.00784
8	0.02172	0.01667	0.01711	0.01325	0.01773	0.06116	0.01088	0.70292	0.02628	0.03479	0.01345	0.01354	0.00959	0.00681	0.00569	0.00170	0.00652	0.00507	0.00556	0.00955
9	0.01147	0.02959	0.76934	0.01630	0.02476	0.01328	0.02113	0.01811	0.01208	0.01811	0.01026	0.01208	0.00725	0.00543	0.00543	0.00181	0.00845	0.00423	0.00242	0.00845
10	0.00743	0.00553	0.00704	0.00762	0.00861	0.00514	0.00553	0.00910	0.01268	0.01687	0.20952	0.37482	0.18153	0.01693	0.04808	0.00251	0.00387	0.06683	0.00542	0.00493
11	0.02225	0.08237	0.08138	0.01132	0.01612	0.01147	0.02398	0.09798	0.05772	0.50611	0.01915	0.01737	0.01259	0.00672	0.00556	0.00173	0.00551	0.00538	0.00598	0.00933
12	0.00697	0.00498	0.00664	0.00796	0.00830	0.00465	0.00531	0.00796	0.01095	0.01460	0.03153	0.79525	0.03783	0.01792	0.00730	0.00232	0.00332	0.01626	0.00531	0.00465
13	0.01338	0.30852	0.02013	0.01161	0.01384	0.08030	0.01000	0.01491	0.01049	0.01343	0.00961	0.01415	0.00929	0.06315	0.12466	0.00312	0.26587	0.00454	0.00266	0.00635
14	0.01486	0.17411	0.41625	0.02835	0.02096	0.02971	0.02953	0.05761	0.03262	0.11298	0.01184	0.01288	0.00858	0.00576	0.00541	0.00170	0.02084	0.00437	0.00330	0.00836
15	0.01452	0.10705	0.38823	0.01533	0.02152	0.01410	0.10598	0.01961	0.03953	0.13294	0.01230	0.01369	0.00889	0.00604	0.00663	0.00182	0.07543	0.00480	0.00333	0.00827
16	0.00706	0.00548	0.00644	0.00697	0.00816	0.00486	0.00499	0.00848	0.01252	0.01596	0.12319	0.36202	0.36387	0.01564	0.00701	0.00210	0.00311	0.03190	0.00542	0.00483
17	0.06694	0.01268	0.05460	0.04506	0.17721	0.03858	0.01108	0.08812	0.13032	0.15836	0.10576	0.02096	0.05075	0.00733	0.00573	0.00178	0.00548	0.00616	0.00488	0.00822
18	0.04263	0.01295	0.04291	0.29371	0.11265	0.05280	0.03948	0.11593	0.01513	0.17711	0.03058	0.01589	0.01049	0.00618	0.00567	0.00180	0.00680	0.00525	0.00410	0.00794
19	0.00886	0.00562	0.00733	0.00774	0.00837	0.00547	0.00542	0.03513	0.01092	0.01479	0.06452	0.31783	0.06999	0.06156	0.01283	0.25313	0.00408	0.05378	0.04839	0.00424
20	0.06923	0.05533	0.02228	0.06620	0.36880	0.03115	0.14669	0.04402	0.01327	0.06665	0.01174	0.01533	0.00956	0.04721	0.00685	0.00193	0.00704	0.00534	0.00327	0.00810
21	0.01713	0.11510	0.01897	0.01348	0.03076	0.10245	0.13632	0.10601	0.01574	0.17816	0.09552	0.07030	0.01649	0.00741	0.00603	0.00171	0.02366	0.00637	0.00461	0.03377
22	0.01037	0.00668	0.00829	0.00773	0.00939	0.00630	0.00576	0.05859	0.01522	0.08922	0.40009	0.15727	0.10961	0.05399	0.00778	0.00207	0.00339	0.01042	0.03203	0.00579

[dist]
# distance from previous block
# <min> <max>
5	7

[block]
# block no. 2 follows, 41 sequences, length 10
# corresponding to MSA columns:
# 1300-1309
name=unknown_C
#
# <colnr> <probs for GDERKNQSTAVLIFYWHMCP>
#	G	D	E	R	K	N	Q	S	T	A	V	L	I	F	Y	W	H	M	C	P
0	0.00744	0.00523	0.00692	0.00779	0.00835	0.00503	0.00536	0.00878	0.01140	0.01571	0.12103	0.56687	0.03606	0.04835	0.07681	0.00295	0.00437	0.01380	0.04297	0.00477
1	0.00811	0.00585	0.00807	0.00819	0.00885	0.00644	0.00588	0.00944	0.00909	0.01274	0.01759	0.09643	0.01837	0.26818	0.48235	0.00748	0.01130	0.00770	0.00339	0.00457
2	0.16291	0.02858	0.07769	0.01255	0.05939	0.01179	0.05466	0.07271	0.05322	0.11125	0.01219	0.01332	0.00920	0.00565	0.00555	0.00153	0.04466	0.00437	0.00396	0.25482
3	0.01178	0.04729	0.10895	0.03952	0.01454	0.01001	0.02275	0.04961	0.11612	0.06697	0.24192	0.05127	0.07420	0.01099	0.05122	0.00222	0.02231	0.00752	0.00487	0.04595
4	0.00844	0.00573	0.00739	0.00804	0.00901	0.00536	0.00590	0.00995	0.01222	0.04943	0.11803	0.38593	0.11954	0.08592	0.00917	0.00254	0.00382	0.14328	0.00533	0.00499
5	0.01226	0.00755	0.00918	0.00839	0.01066	0.00721	0.00647	0.01649	0.12729	0.17209	0.25849	0.11384	0.18025	0.01148	0.00650	0.00192	0.00361	0.03363	0.00605	0.00664
6	0.01598	0.05914	0.33726	0.04979	0.07633	0.09431	0.05862	0.11736	0.01510	0.10484	0.01198	0.01330	0.00862	0.00579	0.00550	0.00173	0.00775	0.00466	0.00351	0.00844
7	0.05961	0.01002	0.01040	0.00995	0.01164	0.08995	0.00756	0.08350	0.03293	0.07215	0.02167	0.33436	0.02263	0.01351	0.04292	0.00237	0.06644	0.04166	0.06061	0.00613
8	0.31315	0.09126	0.10293	0.01426	0.05284	0.10377	0.13803	0.01866	0.05397	0.02016	0.00994	0.01181	0.00781	0.00556	0.00528	0.00175	0.03418	0.00428	0.00319	0.00717
9	0.11337	0.00929	0.01016	0.00891	0.01148	0.05167	0.00690	0.05149	0.03841	0.21672	0.27574	0.10610	0.02916	0.03691	0.00677	0.00195	0.00429	0.00807	0.00574	0.00687

[dist]
# distance from previous block
# <min> <max>
0	10

[block]
# block no. 3 follows, 41 sequences, length 32
# corresponding to MSA columns:
# 1320-1351
name=unknown_D
#
# <colnr> <probs for GDERKNQSTAVLIFYWHMCP>
#	G	D	E	R	K	N	Q	S	T	A	V	L	I	F	Y	W	H	M	C	P
0	0.01148	0.00740	0.00912	0.00808	0.01050	0.00665	0.00630	0.04518	0.01408	0.11504	0.20786	0.07800	0.15751	0.01244	0.04057	0.04251	0.00427	0.05489	0.03505	0.13306
1	0.10358	0.14009	0.06907	0.13041	0.05313	0.01247	0.03834	0.01731	0.03039	0.09520	0.04401	0.01429	0.01065	0.00554	0.00485	0.00148	0.00570	0.00445	0.00358	0.21547
2	0.01456	0.01100	0.01294	0.01169	0.02712	0.04014	0.03914	0.14882	0.21157	0.09352	0.07748	0.16947	0.02300	0.01032	0.00637	0.00199	0.00506	0.08267	0.00552	0.00760
3	0.00857	0.00557	0.00692	0.00741	0.00819	0.00515	0.00498	0.00953	0.01113	0.06628	0.04895	0.45108	0.13012	0.19440	0.01207	0.00295	0.00386	0.01302	0.00504	0.00477
4	0.00916	0.00632	0.00787	0.00812	0.00933	0.00611	0.00588	0.04651	0.04601	0.04553	0.19593	0.42303	0.08062	0.01436	0.00682	0.00208	0.00344	0.03510	0.04227	0.00550
5	0.36159	0.01216	0.01738	0.01340	0.01767	0.01258	0.23034	0.04542	0.03915	0.13944	0.01246	0.01398	0.00912	0.00741	0.04262	0.00218	0.00668	0.00496	0.00404	0.00739
6	0.00705	0.00504	0.00671	0.00791	0.00831	0.00470	0.00532	0.00816	0.01131	0.01518	0.08203	0.74309	0.03895	0.01749	0.00726	0.00229	0.00328	0.01585	0.00538	0.00470
7	0.00773	0.00525	0.00650	0.00720	0.00777	0.00497	0.00482	0.00896	0.01132	0.01576	0.11289	0.46261	0.06583	0.14685	0.01050	0.00268	0.00353	0.01284	0.09737	0.00462
8	0.15737	0.01137	0.01242	0.01055	0.01407	0.01218	0.00848	0.16954	0.20914	0.20421	0.01957	0.08310	0.01555	0.00819	0.00561	0.00189	0.00488	0.03789	0.00565	0.00834
9	0.01251	0.01251	0.01752	0.01502	0.01502	0.01752	0.01251	0.01377	0.00876	0.01377	0.00751	0.01251	0.00751	0.01001	0.01877	0.00250	0.78851	0.00501	0.00250	0.00626
10	0.01465	0.19111	0.31718	0.01237	0.01859	0.01386	0.01358	0.04902	0.03478	0.11124	0.01180	0.01266	0.00876	0.00542	0.00489	0.00150	0.00649	0.00411	0.00342	0.16456
11	0.02137	0.02726	0.01621	0.01474	0.01768	0.77602	0.01105	0.02284	0.01621	0.01400	0.00884	0.01031	0.00737	0.00589	0.00516	0.00147	0.01031	0.00368	0.00295	0.00663
12	0.11925	0.00954	0.04459	0.00948	0.01215	0.00898	0.00787	0.07326	0.08295	0.08966	0.07539	0.15900	0.07704	0.02424	0.03070	0.00228	0.00487	0.12041	0.00507	0.04327
13	0.01494	0.76367	0.02889	0.00966	0.01438	0.02179	0.00957	0.01682	0.01184	0.01392	0.04456	0.01081	0.00961	0.00522	0.00382	0.00125	0.00595	0.00341	0.00263	0.00725
14	0.00732	0.00575	0.00661	0.00654	0.00811	0.00504	0.00485	0.00923	0.01414	0.01841	0.33981	0.11226	0.41424	0.01365	0.00680	0.00191	0.00285	0.01172	0.00571	0.00504
15	0.05337	0.01156	0.01560	0.31564	0.02488	0.01284	0.02564	0.22473	0.01694	0.16156	0.04668	0.01673	0.01164	0.00655	0.00564	0.00180	0.00627	0.00541	0.02862	0.00789
16	0.01214	0.00775	0.00977	0.00995	0.04527	0.00744	0.00725	0.06731	0.05010	0.14188	0.06424	0.24280	0.17814	0.02773	0.00714	0.00214	0.00419	0.10282	0.00555	0.00640
17	0.02009	0.26258	0.01917	0.01067	0.01507	0.01544	0.00930	0.20190	0.05963	0.27133	0.01561	0.01497	0.01111	0.00635	0.00501	0.00157	0.00550	0.00477	0.04118	0.00874
18	0.01264	0.00683	0.00895	0.00793	0.01009	0.00611	0.00612	0.01501	0.01567	0.22173	0.46247	0.08386	0.09739	0.01106	0.00651	0.00183	0.00333	0.00961	0.00637	0.00647
19	0.00739	0.00556	0.00648	0.00672	0.00803	0.00496	0.00486	0.00912	0.01324	0.01752	0.23238	0.25045	0.33626	0.01423	0.00674	0.00197	0.00295	0.01236	0.05382	0.00496
20	0.09122	0.04361	0.10520	0.08246	0.01947	0.04937	0.04500	0.22464	0.03532	0.21259	0.01432	0.01465	0.00996	0.00638	0.00568	0.00176	0.02006	0.00497	0.00477	0.00857
21	0.00762	0.00551	0.00710	0.00779	0.00847	0.00526	0.00535	0.00955	0.04040	0.01678	0.21108	0.52648	0.03988	0.07012	0.00862	0.00240	0.00337	0.01387	0.00545	0.00492
22	0.00713	0.00509	0.00663	0.00772	0.00812	0.00476	0.00513	0.00814	0.01104	0.01473	0.06653	0.67299	0.05714	0.08473	0.00914	0.00256	0.00347	0.01517	0.00520	0.00459
23	0.09421	0.10261	0.01430	0.04374	0.01435	0.01041	0.04604	0.04440	0.01399	0.27336	0.10466	0.08960	0.04048	0.02936	0.05123	0.00230	0.00558	0.00691	0.00511	0.00735
24	0.01299	0.33591	0.47629	0.01372	0.02076	0.01699	0.01664	0.01772	0.01190	0.01627	0.00935	0.01093	0.00728	0.00522	0.00474	0.00158	0.00753	0.00376	0.00243	0.00801
25	0.00919	0.00574	0.00778	0.00847	0.00935	0.00544	0.00626	0.01032	0.01169	0.06720	0.07272	0.41166	0.04649	0.04155	0.00966	0.09524	0.00406	0.16717	0.00511	0.00490
26	0.01110	0.00924	0.01017	0.00987	0.01206	0.01011	0.00746	0.02071	0.42635	0.02003	0.03007	0.24006	0.11402	0.01173	0.00643	0.00208	0.00403	0.04172	0.00559	0.00716
27	0.05485	0.63139	0.10382	0.01133	0.01658	0.02065	0.06154	0.01729	0.01171	0.01486	0.00844	0.00991	0.00737	0.00496	0.00406	0.00136	0.00651	0.00343	0.00253	0.00742
28	0.01379	0.08551	0.01301	0.00920	0.01241	0.00878	0.03756	0.01681	0.04131	0.18984	0.33145	0.04187	0.02982	0.00852	0.00581	0.00161	0.00413	0.00734	0.00547	0.13578
29	0.01639	0.35867	0.17077	0.01256	0.01790	0.04931	0.04572	0.14241	0.01501	0.07620	0.01151	0.01363	0.00923	0.00593	0.00488	0.00156	0.00682	0.02992	0.00350	0.00806
30	0.01341	0.18442	0.07580	0.09632	0.01635	0.01215	0.00972	0.01781	0.11859	0.12556	0.06940	0.19891	0.02008	0.00926	0.00570	0.00182	0.00518	0.00783	0.00454	0.00715
31	0.05736	0.12839	0.01221	0.00860	0.01111	0.00943	0.00694	0.04993	0.01393	0.14937	0.16444	0.17167	0.09480	0.04374	0.00699	0.00202	0.00428	0.05316	0.00522	0.00642

[dist]
# distance from previous block
# <min> <max>
3	24

[block]
# block no. 4 follows, 41 sequences, length 6
# corresponding to MSA columns:
# 1376-1381
name=unknown_E
#
# <colnr> <probs for GDERKNQSTAVLIFYWHMCP>
#	G	D	E	R	K	N	Q	S	T	A	V	L	I	F	Y	W	H	M	C	P
0	0.04340	0.01159	0.06006	0.19749	0.04858	0.05452	0.08019	0.01669	0.02835	0.13028	0.08807	0.11402	0.01842	0.00985	0.03707	0.00221	0.00660	0.04150	0.00423	0.00689
1	0.05138	0.02617	0.01445	0.04876	0.03696	0.03213	0.06231	0.09784	0.08178	0.24583	0.09230	0.02254	0.04404	0.00759	0.00575	0.00175	0.00529	0.03436	0.03804	0.05073
2	0.00852	0.00623	0.00784	0.00807	0.00924	0.00572	0.00561	0.04041	0.01177	0.01616	0.07241	0.52921	0.03156	0.06929	0.00886	0.03342	0.00374	0.01274	0.00490	0.11430
3	0.01246	0.00717	0.00925	0.00829	0.01053	0.00652	0.00648	0.03754	0.01552	0.18708	0.37783	0.09831	0.09401	0.01126	0.00653	0.00187	0.00361	0.06235	0.00611	0.03726
4	0.01392	0.07964	0.15577	0.09093	0.12839	0.05665	0.06304	0.07089	0.03668	0.06345	0.01407	0.10390	0.01239	0.00879	0.03733	0.00213	0.04465	0.00621	0.00355	0.00761
5	0.05320	0.01279	0.07611	0.04176	0.07133	0.04471	0.01088	0.02203	0.04314	0.35983	0.01630	0.01651	0.01139	0.00712	0.00768	0.00186	0.13685	0.00523	0.05295	0.00831

[dist]
# distance from previous block
# <min> <max>
1	4

[block]
# block no. 5 follows, 41 sequences, length 19
# corresponding to MSA columns:
# 1386-1404
name=unknown_F
#
# <colnr> <probs for GDERKNQSTAVLIFYWHMCP>
#	G	D	E	R	K	N	Q	S	T	A	V	L	I	F	Y	W	H	M	C	P
0	0.04943	0.00678	0.00804	0.00785	0.00953	0.00663	0.00597	0.01279	0.09047	0.03822	0.36932	0.14553	0.15457	0.01244	0.00663	0.00196	0.00331	0.05903	0.00577	0.00571
1	0.07095	0.17484	0.11479	0.03912	0.11860	0.01328	0.03947	0.01897	0.06573	0.14777	0.03924	0.07475	0.01427	0.00726	0.00540	0.00175	0.00590	0.03600	0.00409	0.00781
2	0.03371	0.01606	0.19810	0.03159	0.05353	0.08572	0.03623	0.03985	0.01223	0.02904	0.01534	0.15872	0.01499	0.01051	0.03634	0.00228	0.14141	0.04140	0.03619	0.00677
3	0.14339	0.01893	0.23696	0.03643	0.17281	0.09759	0.06184	0.01829	0.01241	0.05545	0.01055	0.01280	0.00812	0.00581	0.00619	0.00179	0.06395	0.00451	0.02444	0.00775
4	0.44320	0.00846	0.00783	0.00761	0.00990	0.00917	0.00578	0.01358	0.01078	0.05179	0.05493	0.24729	0.05588	0.04336	0.00614	0.00210	0.00400	0.00811	0.00443	0.00566
5	0.00857	0.00588	0.00746	0.00795	0.00895	0.00551	0.00559	0.01035	0.04213	0.03984	0.08096	0.49266	0.06828	0.04842	0.00853	0.04220	0.00361	0.03606	0.03137	0.04567
6	0.04758	0.05103	0.30666	0.01338	0.01921	0.01219	0.06494	0.06696	0.01325	0.06013	0.02493	0.01561	0.01019	0.00607	0.00584	0.00163	0.03955	0.03901	0.00341	0.19843
7	0.01031	0.00662	0.00831	0.00844	0.00988	0.00624	0.00606	0.04763	0.04211	0.10282	0.06130	0.52454	0.08743	0.01477	0.00682	0.00212	0.00366	0.01315	0.00553	0.03225
8	0.00745	0.00555	0.00688	0.00768	0.00845	0.00524	0.00527	0.00933	0.04776	0.01566	0.09107	0.55287	0.14424	0.05414	0.00816	0.00236	0.00337	0.01432	0.00532	0.00489
9	0.07836	0.00714	0.00817	0.00751	0.00946	0.00711	0.00578	0.04221	0.05416	0.05804	0.38280	0.03408	0.11446	0.01144	0.03776	0.00205	0.00372	0.00843	0.12136	0.00595
10	0.08191	0.12598	0.06091	0.06484	0.03562	0.02428	0.08520	0.10415	0.11413	0.09761	0.06487	0.01634	0.01305	0.00656	0.00600	0.00173	0.04463	0.00529	0.00422	0.04269
11	0.01984	0.02277	0.01582	0.07054	0.01881	0.54800	0.01105	0.06878	0.11164	0.04227	0.01158	0.01263	0.00907	0.00622	0.00534	0.00159	0.00893	0.00431	0.00360	0.00722
12	0.00751	0.00514	0.00688	0.00809	0.00856	0.00480	0.00550	0.00858	0.01115	0.03406	0.03126	0.75517	0.03709	0.01758	0.00728	0.00232	0.00341	0.03548	0.00535	0.00479
13	0.06685	0.07175	0.19149	0.02614	0.03982	0.02072	0.01113	0.08498	0.01332	0.11341	0.07543	0.01931	0.01444	0.09821	0.06976	0.03838	0.02832	0.00555	0.00391	0.00708
14	0.01241	0.04783	0.12969	0.35704	0.06571	0.01376	0.14059	0.04527	0.08024	0.01763	0.01212	0.01606	0.00933	0.00590	0.00582	0.00187	0.00761	0.02064	0.00307	0.00742
15	0.00787	0.00558	0.00705	0.00785	0.00835	0.00538	0.00523	0.03872	0.01141	0.01529	0.06366	0.59669	0.03453	0.15093	0.01094	0.00282	0.00379	0.01415	0.00506	0.00469
16	0.01587	0.30003	0.07597	0.01178	0.01599	0.07645	0.06884	0.03211	0.05217	0.14166	0.03493	0.08311	0.01346	0.00876	0.04301	0.00199	0.00673	0.00567	0.00392	0.00753
17	0.05618	0.01473	0.14196	0.05372	0.07176	0.01199	0.08546	0.13423	0.04369	0.16942	0.02945	0.02922	0.01155	0.00630	0.00552	0.00171	0.00619	0.00538	0.04476	0.07678
18	0.04891	0.19881	0.09011	0.01217	0.05187	0.03907	0.01042	0.10808	0.14784	0.12414	0.03457	0.01738	0.04364	0.02558	0.00573	0.00174	0.00573	0.00522	0.00442	0.02456

[dist]
# distance from previous block
# <min> <max>
0	28

[block]
# block no. 6 follows, 41 sequences, length 25
# corresponding to MSA columns:
# 1433-1457
name=unknown_G
#
# <colnr> <probs for GDERKNQSTAVLIFYWHMCP>
#	G	D	E	R	K	N	Q	S	T	A	V	L	I	F	Y	W	H	M	C	P
0	0.01330	0.23071	0.32430	0.01329	0.03003	0.03472	0.02497	0.01952	0.13109	0.01777	0.01172	0.01280	0.00910	0.00553	0.00491	0.00156	0.00677	0.00422	0.00311	0.10060
1	0.04328	0.09142	0.43755	0.01386	0.04008	0.01288	0.01549	0.03377	0.05470	0.06524	0.04482	0.01634	0.05067	0.00631	0.00532	0.00171	0.00681	0.00497	0.00339	0.05139
2	0.11539	0.17896	0.25417	0.03092	0.08878	0.05624	0.01356	0.03554	0.02477	0.01834	0.05308	0.01482	0.03794	0.00631	0.00570	0.00170	0.04854	0.00465	0.00310	0.00748
3	0.09385	0.01248	0.08914	0.09796	0.02921	0.01135	0.01076	0.09787	0.05699	0.28258	0.04180	0.04066	0.02423	0.00764	0.00638	0.00188	0.04750	0.03449	0.00508	0.00814
4	0.01481	0.05627	0.10569	0.09267	0.14689	0.01294	0.11196	0.03426	0.15568	0.12387	0.05190	0.01893	0.01381	0.00661	0.00585	0.00183	0.00646	0.02711	0.00420	0.00827
5	0.56602	0.01047	0.00948	0.00817	0.01173	0.01148	0.00667	0.01967	0.05334	0.18122	0.01262	0.01292	0.00907	0.00591	0.00416	0.00175	0.00441	0.00400	0.05987	0.00704
6	0.00835	0.00648	0.00771	0.04430	0.01017	0.00620	0.00581	0.01159	0.06640	0.01956	0.34583	0.04391	0.30687	0.01200	0.00651	0.00186	0.00322	0.03377	0.05396	0.00548
7	0.05761	0.05499	0.16618	0.01268	0.01588	0.01182	0.08077	0.01453	0.04190	0.01581	0.01260	0.01786	0.01117	0.07179	0.27862	0.00472	0.11619	0.00548	0.00298	0.00642
8	0.01591	0.19270	0.01845	0.07186	0.01678	0.21638	0.01065	0.01777	0.01274	0.07765	0.06034	0.01457	0.01150	0.00917	0.05175	0.00217	0.18486	0.00471	0.00328	0.00678
9	0.01750	0.01109	0.01269	0.01060	0.01408	0.01160	0.00845	0.17652	0.25670	0.22340	0.08550	0.04874	0.08023	0.00860	0.00598	0.00185	0.00467	0.00710	0.00612	0.00858
10	0.00739	0.00568	0.02073	0.00819	0.00883	0.00509	0.00587	0.00862	0.01113	0.01474	0.03120	0.61584	0.06636	0.07065	0.00880	0.00255	0.00376	0.09473	0.00513	0.00471
11	0.13705	0.05878	0.02254	0.01639	0.02058	0.01570	0.28770	0.16161	0.08302	0.02256	0.01182	0.01401	0.00910	0.00623	0.00734	0.00190	0.10667	0.00544	0.00374	0.00780
12	0.00753	0.00589	0.00674	0.00683	0.00833	0.00527	0.00500	0.02864	0.01368	0.01760	0.21842	0.22365	0.40306	0.01441	0.00685	0.00199	0.00304	0.01245	0.00556	0.00505
13	0.00766	0.00550	0.00661	0.00713	0.00808	0.00508	0.00506	0.00895	0.01185	0.01569	0.10711	0.30610	0.23030	0.10717	0.00997	0.02783	0.00357	0.06825	0.05344	0.00465
14	0.01187	0.02732	0.67810	0.01575	0.02352	0.01307	0.01978	0.05658	0.01294	0.01901	0.01179	0.01568	0.00910	0.00621	0.00562	0.00186	0.00812	0.05258	0.00278	0.00831
15	0.01912	0.02238	0.01741	0.01506	0.01783	0.50008	0.05403	0.08734	0.04713	0.01665	0.00984	0.01177	0.00811	0.00670	0.00766	0.00172	0.14256	0.00434	0.00324	0.00702
16	0.00747	0.00544	0.00710	0.00806	0.00876	0.00514	0.00570	0.00920	0.02772	0.01625	0.13632	0.57153	0.07394	0.01647	0.00722	0.00225	0.00341	0.07768	0.00546	0.00491
17	0.01315	0.00734	0.00928	0.00858	0.01080	0.00676	0.00668	0.05784	0.01481	0.21619	0.15617	0.21001	0.16467	0.01251	0.00666	0.00201	0.00391	0.08014	0.00596	0.00651
18	0.01386	0.30582	0.42962	0.01365	0.02045	0.01708	0.01605	0.08936	0.01337	0.01821	0.00978	0.01120	0.00752	0.00538	0.00483	0.00159	0.00740	0.00390	0.00275	0.00818
19	0.00896	0.04486	0.03892	0.00832	0.00990	0.00638	0.00656	0.01073	0.01252	0.06015	0.12256	0.40388	0.14877	0.01466	0.00686	0.00212	0.00379	0.07936	0.00528	0.00540
20	0.01291	0.20946	0.19623	0.09750	0.04167	0.01332	0.03568	0.02966	0.01258	0.06709	0.04974	0.11021	0.01422	0.00724	0.00529	0.00166	0.00617	0.00601	0.02764	0.05568
21	0.03769	0.01215	0.04940	0.08094	0.01694	0.05259	0.02731	0.05637	0.01335	0.07156	0.04196	0.04285	0.01158	0.00572	0.00493	0.00129	0.00530	0.00469	0.00381	0.45958
22	0.07008	0.11892	0.12287	0.02336	0.03813	0.06727	0.06067	0.08512	0.07308	0.07641	0.07072	0.05076	0.03289	0.00692	0.00535	0.00165	0.00608	0.00566	0.00408	0.07998
23	0.10339	0.00865	0.00981	0.00867	0.01131	0.00871	0.00681	0.08577	0.08623	0.16899	0.17460	0.10094	0.09812	0.00982	0.00587	0.00184	0.00397	0.02591	0.07363	0.00696
24	0.03936	0.00973	0.06163	0.01041	0.04828	0.00830	0.03504	0.05497	0.01424	0.17299	0.09237	0.02516	0.03644	0.00784	0.00539	0.00168	0.00449	0.06633	0.26310	0.04224

[dist]
# distance from previous block
# <min> <max>
4	29

[block]
# block no. 7 follows, 41 sequences, length 7
# corresponding to MSA columns:
# 1490-1496
name=unknown_H
#
# <colnr> <probs for GDERKNQSTAVLIFYWHMCP>
#	G	D	E	R	K	N	Q	S	T	A	V	L	I	F	Y	W	H	M	C	P
0	0.06682	0.06768	0.05325	0.03055	0.04543	0.04931	0.02882	0.09416	0.13337	0.06714	0.08023	0.01670	0.01410	0.00657	0.00593	0.00159	0.04765	0.00513	0.00428	0.18127
1	0.00788	0.00551	0.00668	0.00718	0.00814	0.00514	0.00515	0.00947	0.01222	0.01675	0.15063	0.30489	0.16828	0.09512	0.00902	0.00241	0.00347	0.07512	0.10211	0.00481
2	0.04516	0.00691	0.00995	0.01076	0.06593	0.00664	0.04533	0.01129	0.01193	0.06380	0.11475	0.44485	0.03138	0.07342	0.02828	0.00255	0.00446	0.01212	0.00496	0.00554
3	0.13119	0.07861	0.06374	0.05523	0.06872	0.07560	0.02787	0.11032	0.06698	0.10758	0.01236	0.01342	0.00931	0.00595	0.00555	0.00162	0.03798	0.00447	0.00400	0.11952
4	0.00881	0.00577	0.00786	0.00754	0.00804	0.00568	0.03161	0.00867	0.00929	0.01243	0.07298	0.06968	0.06613	0.34824	0.05905	0.25753	0.00552	0.00792	0.00354	0.00369
5	0.00843	0.00589	0.00740	0.00802	0.00886	0.00571	0.00561	0.05962	0.01285	0.01774	0.12941	0.57867	0.03633	0.01544	0.00686	0.00213	0.00339	0.01384	0.06866	0.00515
6	0.00928	0.00732	0.03966	0.01032	0.06545	0.00640	0.00707	0.01131	0.03081	0.05586	0.12575	0.41707	0.03255	0.11139	0.00963	0.00256	0.00417	0.04288	0.00502	0.00549

[dist]
# distance from previous block
# <min> <max>
4	37

[block]
# block no. 8 follows, 41 sequences, length 21
# corresponding to MSA columns:
# 1534-1554
name=unknown_I
#
# <colnr> <probs for GDERKNQSTAVLIFYWHMCP>
#	G	D	E	R	K	N	Q	S	T	A	V	L	I	F	Y	W	H	M	C	P
0	0.09746	0.18585	0.06981	0.06042	0.01709	0.01595	0.01045	0.19510	0.18266	0.05334	0.01472	0.04824	0.01170	0.00680	0.00513	0.00171	0.00572	0.00523	0.00442	0.00818
1	0.01697	0.11161	0.26186	0.01327	0.01905	0.01440	0.03930	0.22679	0.01712	0.13645	0.04316	0.01467	0.01101	0.00621	0.00540	0.00167	0.00664	0.00488	0.00429	0.04525
2	0.01521	0.01583	0.01190	0.01115	0.01331	0.34287	0.00829	0.06609	0.01535	0.04963	0.11110	0.22728	0.06784	0.01046	0.00609	0.00180	0.00654	0.00856	0.00450	0.00619
3	0.01395	0.01244	0.02152	0.17735	0.42616	0.01279	0.09856	0.01778	0.03093	0.06993	0.01293	0.01783	0.01061	0.00598	0.00593	0.00183	0.00701	0.04497	0.00328	0.00821
4	0.00940	0.08410	0.01048	0.05783	0.01164	0.00772	0.00700	0.01096	0.01185	0.05509	0.07851	0.47134	0.06802	0.01431	0.00712	0.00213	0.03048	0.05170	0.00492	0.00544
5	0.01102	0.00888	0.01398	0.16739	0.01867	0.01030	0.06836	0.01457	0.06212	0.06260	0.01434	0.01935	0.01215	0.02489	0.39357	0.00561	0.07676	0.00587	0.00334	0.00623
6	0.04013	0.00937	0.01155	0.00921	0.01282	0.00883	0.00750	0.11018	0.01634	0.46665	0.02014	0.01903	0.01357	0.00690	0.00524	0.00165	0.00445	0.00551	0.22243	0.00850
7	0.01991	0.01237	0.01420	0.01142	0.01514	0.01297	0.00925	0.42118	0.02108	0.21028	0.01870	0.09549	0.01532	0.05041	0.00723	0.00204	0.00556	0.04289	0.00587	0.00867
8	0.01147	0.02959	0.76934	0.01630	0.02476	0.01328	0.02113	0.01811	0.01208	0.01811	0.01026	0.01208	0.00725	0.00543	0.00543	0.00181	0.00845	0.00423	0.00242	0.00845
9	0.00738	0.00569	0.00678	0.00702	0.00838	0.00508	0.00521	0.00919	0.01354	0.01764	0.26233	0.21375	0.33883	0.01448	0.00695	0.00203	0.00309	0.06202	0.00561	0.00499
10	0.00710	0.00512	0.00676	0.00801	0.00849	0.00478	0.00551	0.00822	0.01120	0.01481	0.03287	0.70911	0.07635	0.01760	0.00731	0.00232	0.00342	0.06102	0.00531	0.00470
11	0.02216	0.01474	0.01528	0.01204	0.01614	0.09557	0.00973	0.40839	0.02152	0.25478	0.01613	0.01642	0.01143	0.05042	0.00696	0.00192	0.00625	0.00535	0.00571	0.00905
12	0.01108	0.00910	0.00928	0.00866	0.01080	0.04688	0.00657	0.15904	0.04954	0.01963	0.03656	0.19783	0.32448	0.04767	0.00757	0.00213	0.00433	0.03761	0.00522	0.00602
13	0.00736	0.00533	0.00688	0.00774	0.00842	0.00496	0.00541	0.00873	0.01199	0.01602	0.15213	0.52079	0.09989	0.05784	0.00836	0.00240	0.00343	0.06219	0.00537	0.00476
14	0.01134	0.00650	0.00826	0.00820	0.00962	0.00614	0.00592	0.05103	0.01323	0.14069	0.10687	0.44040	0.03137	0.04996	0.00762	0.00220	0.00371	0.01196	0.07914	0.00584
15	0.08086	0.01441	0.03931	0.01790	0.02294	0.04185	0.41027	0.02030	0.11168	0.07743	0.01341	0.01540	0.00997	0.00542	0.00594	0.00177	0.00761	0.00583	0.00370	0.09398
16	0.01683	0.01212	0.01601	0.09910	0.05838	0.01359	0.03557	0.24029	0.06796	0.13920	0.01462	0.01681	0.01115	0.02901	0.09932	0.00284	0.10904	0.00555	0.00455	0.00807
17	0.12237	0.08799	0.24474	0.02521	0.10669	0.01469	0.01369	0.16996	0.07348	0.04264	0.01218	0.01333	0.00909	0.00590	0.00511	0.00171	0.00647	0.00454	0.03186	0.00835
18	0.10971	0.29393	0.06572	0.02361	0.02607	0.01553	0.06775	0.02874	0.09197	0.11654	0.01233	0.01303	0.00947	0.00553	0.00466	0.00151	0.00583	0.00427	0.00373	0.10007
19	0.04543	0.08650	0.08165	0.08934	0.04318	0.01114	0.09192	0.04761	0.03876	0.09629	0.12818	0.11177	0.05425	0.00995	0.03702	0.00213	0.00604	0.00749	0.00436	0.00700
20	0.01501	0.03175	0.03306	0.04724	0.04745	0.05650	0.00930	0.13339	0.01518	0.13430	0.08324	0.02096	0.06831	0.01308	0.12729	0.00283	0.04166	0.00596	0.00450	0.10899

[dist]
# distance from previous block
# <min> <max>
0	45

[block]
# block no. 9 follows, 41 sequences, length 11
# corresponding to MSA columns:
# 1602-1612
name=unknown_J
#
# <colnr> <probs for GDERKNQSTAVLIFYWHMCP>
#	G	D	E	R	K	N	Q	S	T	A	V	L	I	F	Y	W	H	M	C	P
0	0.03720	0.14491	0.08348	0.01327	0.08293	0.08623	0.01063	0.11496	0.04204	0.13911	0.05287	0.06181	0.01359	0.00685	0.00526	0.00159	0.00598	0.00544	0.00431	0.08754
1	0.12693	0.05022	0.06955	0.03360	0.14018	0.03493	0.01050	0.07635	0.08384	0.11828	0.15223	0.04563	0.01912	0.00747	0.00553	0.00176	0.00532	0.00618	0.00466	0.00772
2	0.06206	0.08158	0.08625	0.06884	0.18915	0.02856	0.04508	0.06042	0.13756	0.06228	0.03615	0.01642	0.01192	0.02727	0.02844	0.00208	0.03881	0.00531	0.00381	0.00800
3	0.03095	0.06813	0.18479	0.00997	0.01387	0.00924	0.00977	0.01528	0.03630	0.09647	0.25167	0.08713	0.08215	0.00916	0.00588	0.00174	0.00476	0.00773	0.00476	0.07023
4	0.06958	0.51618	0.10924	0.01096	0.01579	0.07731	0.01090	0.04169	0.01228	0.01573	0.00869	0.01023	0.00753	0.00614	0.02260	0.00157	0.02868	0.00345	0.00270	0.02875
5	0.28188	0.06144	0.01196	0.19136	0.01751	0.01121	0.00874	0.01419	0.03682	0.01842	0.01464	0.19407	0.01462	0.00908	0.00621	0.03620	0.02523	0.00687	0.00365	0.03590
6	0.00803	0.00596	0.00763	0.00828	0.00939	0.00569	0.00629	0.01048	0.04332	0.01761	0.20276	0.32608	0.12858	0.01514	0.00719	0.00221	0.00363	0.18101	0.00555	0.00517
7	0.01385	0.51002	0.30972	0.01225	0.01849	0.01910	0.01408	0.01750	0.01179	0.01522	0.00883	0.01027	0.00730	0.00510	0.00434	0.00145	0.00700	0.00350	0.00243	0.00776
8	0.01366	0.12522	0.05005	0.08176	0.01692	0.04231	0.08848	0.03427	0.03826	0.13835	0.04633	0.14882	0.13329	0.00935	0.00596	0.00183	0.00560	0.00810	0.00450	0.00693
9	0.00713	0.00516	0.00676	0.00788	0.00844	0.00480	0.00543	0.00834	0.01154	0.01532	0.08133	0.66262	0.08740	0.01718	0.00725	0.00228	0.00334	0.04769	0.00537	0.00474
10	0.00704	0.00504	0.00670	0.00791	0.00831	0.00470	0.00532	0.00815	0.01130	0.01516	0.07993	0.74527	0.03890	0.01751	0.00726	0.00229	0.00328	0.01587	0.00538	0.00470

[dist]
# distance from previous block
# <min> <max>
0	1

[block]
# block no. 10 follows, 41 sequences, length 7
# corresponding to MSA columns:
# 1614-1620
name=unknown_K
#
# <colnr> <probs for GDERKNQSTAVLIFYWHMCP>
#	G	D	E	R	K	N	Q	S	T	A	V	L	I	F	Y	W	H	M	C	P
0	0.01219	0.01365	0.05174	0.08825	0.02437	0.05541	0.41821	0.01617	0.01387	0.01855	0.17157	0.05536	0.01939	0.00703	0.00654	0.00189	0.00769	0.00752	0.00368	0.00693
1	0.06565	0.00917	0.01109	0.00910	0.01248	0.00874	0.00733	0.07639	0.06495	0.38238	0.12303	0.02500	0.08446	0.00824	0.00568	0.00175	0.00425	0.00673	0.08554	0.00805
2	0.00916	0.00581	0.00712	0.00715	0.00840	0.00532	0.00511	0.01084	0.01295	0.07596	0.22683	0.26292	0.15875	0.09203	0.00882	0.00231	0.00337	0.01137	0.08055	0.00522
3	0.10232	0.01215	0.01380	0.01081	0.01510	0.05264	0.00886	0.17910	0.01797	0.49967	0.01854	0.01678	0.01208	0.00680	0.00550	0.00174	0.00543	0.00526	0.00623	0.00923
4	0.08550	0.01012	0.01414	0.15236	0.12268	0.01004	0.02785	0.03821	0.01277	0.09659	0.05484	0.04369	0.03655	0.00932	0.06564	0.00218	0.00619	0.00559	0.00387	0.20187
5	0.00835	0.00590	0.00838	0.00838	0.00908	0.00661	0.00613	0.00956	0.00885	0.01251	0.01551	0.02549	0.01544	0.21402	0.54533	0.07403	0.01226	0.00654	0.00311	0.00452
6	0.01094	0.01011	0.01689	0.64189	0.10010	0.01217	0.01536	0.01460	0.01175	0.01522	0.01223	0.02009	0.01028	0.00667	0.00593	0.00196	0.00732	0.07716	0.00284	0.00648

[dist]
# distance from previous block
# <min> <max>
0	2

[block]
# block no. 11 follows, 41 sequences, length 26
# corresponding to MSA columns:
# 1623-1648
name=unknown_L
#
# <colnr> <probs for GDERKNQSTAVLIFYWHMCP>
#	G	D	E	R	K	N	Q	S	T	A	V	L	I	F	Y	W	H	M	C	P
0	0.01400	0.01339	0.02295	0.13065	0.58220	0.01372	0.07111	0.04890	0.01346	0.01889	0.01087	0.01437	0.00887	0.00523	0.00575	0.00174	0.00709	0.00522	0.00292	0.00864
1	0.01310	0.01210	0.02010	0.31377	0.33382	0.01349	0.04800	0.01709	0.04635	0.04173	0.01126	0.01499	0.00892	0.00593	0.00687	0.00187	0.07461	0.00524	0.00298	0.00776
2	0.01526	0.47340	0.11312	0.01372	0.01906	0.06446	0.14949	0.06096	0.01321	0.01628	0.00929	0.01102	0.00773	0.00512	0.00466	0.00147	0.00731	0.00405	0.00275	0.00764
3	0.01170	0.00999	0.01169	0.00842	0.01335	0.00753	0.00672	0.01425	0.01204	0.01882	0.04138	0.01315	0.01037	0.00455	0.00434	0.00089	0.00417	0.00368	0.00351	0.79947
4	0.05092	0.01531	0.14137	0.06797	0.01983	0.01282	0.06068	0.22744	0.02818	0.29358	0.01586	0.01569	0.01067	0.00644	0.00567	0.00178	0.00636	0.00526	0.00517	0.00900
5	0.08869	0.16153	0.01692	0.01112	0.01518	0.05980	0.00935	0.25441	0.12924	0.08859	0.01592	0.01695	0.03542	0.00690	0.00518	0.00166	0.00571	0.02967	0.00476	0.04300
6	0.08020	0.19285	0.29990	0.01224	0.01799	0.01451	0.01326	0.07956	0.04446	0.07526	0.02242	0.04683	0.01038	0.00620	0.00498	0.00163	0.00642	0.00472	0.00353	0.06267
7	0.01385	0.24379	0.31534	0.04568	0.01930	0.03595	0.01402	0.01912	0.08364	0.07334	0.07245	0.01526	0.01257	0.00616	0.00510	0.00165	0.00669	0.00474	0.00343	0.00790
8	0.01171	0.05684	0.70683	0.01645	0.02464	0.01368	0.05581	0.01809	0.01213	0.01796	0.01024	0.01213	0.00732	0.00538	0.00543	0.00180	0.00843	0.00431	0.00244	0.00838
9	0.03456	0.04660	0.29569	0.01469	0.08531	0.01081	0.07483	0.01611	0.01315	0.06438	0.14382	0.05866	0.05131	0.00759	0.00575	0.00178	0.00614	0.00659	0.05486	0.00735
10	0.01147	0.02959	0.76934	0.01630	0.02476	0.01328	0.02113	0.01811	0.01208	0.01811	0.01026	0.01208	0.00725	0.00543	0.00543	0.00181	0.00845	0.00423	0.00242	0.00845
11	0.00926	0.00590	0.00733	0.04697	0.00952	0.00590	0.00543	0.01072	0.01083	0.04852	0.02467	0.20869	0.08730	0.22066	0.08184	0.00351	0.00516	0.02870	0.17423	0.00487
12	0.00836	0.00559	0.00713	0.00737	0.00846	0.00516	0.00529	0.01027	0.01356	0.04523	0.33638	0.34255	0.09421	0.01385	0.00673	0.00198	0.00304	0.01230	0.06734	0.00520
13	0.07354	0.02527	0.58968	0.01496	0.02208	0.01324	0.01820	0.04229	0.01244	0.06145	0.01088	0.01252	0.00778	0.00585	0.00608	0.00184	0.05316	0.00432	0.01621	0.00822
14	0.02169	0.02595	0.01599	0.01440	0.01745	0.71878	0.01085	0.02322	0.01622	0.07017	0.00986	0.01100	0.00787	0.00598	0.00520	0.00150	0.00991	0.00384	0.00326	0.00686
15	0.01047	0.00637	0.00813	0.00818	0.00961	0.00590	0.00592	0.04392	0.01346	0.12560	0.14385	0.45804	0.10911	0.01456	0.00687	0.00210	0.00354	0.01292	0.00573	0.00574
16	0.05188	0.00601	0.00690	0.00669	0.00747	0.00594	0.00438	0.01051	0.01078	0.04711	0.17123	0.06610	0.02646	0.43472	0.01877	0.02663	0.00449	0.00832	0.08114	0.00446
17	0.07564	0.17287	0.01813	0.01262	0.01590	0.30977	0.09020	0.01754	0.01361	0.01555	0.01653	0.09012	0.08152	0.00789	0.00539	0.00167	0.00742	0.03775	0.00343	0.00645
18	0.01750	0.00925	0.01109	0.00917	0.01232	0.00905	0.00734	0.12432	0.08475	0.30005	0.14822	0.02493	0.05905	0.00821	0.00567	0.00172	0.00419	0.00677	0.14849	0.00792
19	0.00717	0.00519	0.00681	0.00796	0.00851	0.00483	0.00552	0.00839	0.01151	0.01526	0.07062	0.65729	0.08639	0.01723	0.00728	0.00229	0.00339	0.06427	0.00536	0.00474
20	0.01509	0.00912	0.04318	0.04146	0.01216	0.00855	0.00720	0.10405	0.05252	0.17015	0.01832	0.01999	0.01372	0.03668	0.00573	0.00170	0.00421	0.00550	0.42364	0.00703
21	0.05523	0.01244	0.01442	0.06895	0.01700	0.01324	0.00971	0.38356	0.02032	0.20979	0.01653	0.01853	0.01218	0.03441	0.00643	0.00190	0.00568	0.03669	0.05434	0.00866
22	0.01606	0.00905	0.01117	0.00968	0.01250	0.00893	0.00771	0.12318	0.08512	0.25096	0.19419	0.11007	0.02720	0.01006	0.00627	0.00190	0.00433	0.06943	0.03459	0.00759
23	0.00939	0.00596	0.00823	0.00859	0.00973	0.00545	0.02783	0.01073	0.01191	0.10260	0.03217	0.59489	0.09761	0.01590	0.00707	0.00222	0.00371	0.03520	0.00544	0.00537
24	0.01294	0.00980	0.01435	0.10070	0.04871	0.01018	0.09309	0.05959	0.15324	0.10320	0.04736	0.24043	0.02201	0.01039	0.00646	0.00203	0.00534	0.04809	0.00496	0.00713
25	0.07269	0.00971	0.04759	0.03400	0.01246	0.00897	0.00746	0.13552	0.01453	0.03189	0.17090	0.10461	0.05809	0.12152	0.04655	0.00262	0.00518	0.00777	0.00465	0.10330

[dist]
# distance from previous block
# <min> <max>
0	16

[block]
# block no. 12 follows, 41 sequences, length 13
# corresponding to MSA columns:
# 1665-1677
name=unknown_M
#
# <colnr> <probs for GDERKNQSTAVLIFYWHMCP>
#	G	D	E	R	K	N	Q	S	T	A	V	L	I	F	Y	W	H	M	C	P
0	0.03937	0.01405	0.01198	0.01040	0.01330	0.22727	0.00808	0.09665	0.03815	0.16094	0.15859	0.02397	0.09144	0.00824	0.00567	0.00167	0.00578	0.00649	0.07088	0.00710
1	0.01163	0.01011	0.01859	0.17186	0.02244	0.01003	0.25602	0.01489	0.01331	0.07724	0.14610	0.15679	0.04759	0.00897	0.00656	0.00196	0.00633	0.00878	0.00424	0.00657
2	0.04035	0.12149	0.03740	0.01580	0.15536	0.04031	0.03615	0.11971	0.09728	0.11427	0.01375	0.01506	0.01059	0.00593	0.00518	0.00155	0.00589	0.01668	0.00419	0.14306
3	0.08103	0.03345	0.03793	0.12891	0.01963	0.01181	0.10696	0.07800	0.07799	0.17330	0.09561	0.06731	0.01683	0.00765	0.00635	0.00187	0.03648	0.00658	0.00470	0.00759
4	0.00807	0.00544	0.00631	0.00655	0.00661	0.00538	0.00380	0.00825	0.00880	0.01173	0.02049	0.17597	0.02391	0.65620	0.02513	0.00496	0.00514	0.00977	0.00380	0.00368
5	0.01163	0.00876	0.01306	0.37652	0.02437	0.00989	0.01102	0.01577	0.08426	0.09713	0.10983	0.17478	0.02102	0.00923	0.00617	0.00196	0.00556	0.00816	0.00436	0.00652
6	0.02650	0.08170	0.23781	0.19618	0.04552	0.01380	0.03600	0.08393	0.01341	0.07789	0.01240	0.01667	0.00981	0.00719	0.01836	0.00198	0.06344	0.04640	0.00335	0.00765
7	0.09041	0.00943	0.01273	0.01342	0.11498	0.01017	0.00915	0.03103	0.01230	0.18402	0.01897	0.23943	0.01822	0.01028	0.00832	0.00203	0.15085	0.00826	0.04901	0.00697
8	0.01187	0.02627	0.60461	0.01751	0.02504	0.01372	0.13953	0.01790	0.01212	0.01790	0.01032	0.01265	0.00750	0.00560	0.00642	0.00187	0.05379	0.00469	0.00250	0.00820
9	0.68902	0.01041	0.00873	0.00782	0.01117	0.01170	0.00633	0.01712	0.01048	0.09652	0.01140	0.07785	0.00969	0.00657	0.00408	0.00182	0.00437	0.00449	0.00403	0.00640
10	0.00862	0.00649	0.00770	0.00753	0.00884	0.00614	0.00525	0.01111	0.07068	0.01654	0.16820	0.22216	0.10494	0.22227	0.01255	0.00287	0.00397	0.02413	0.00486	0.08516
11	0.01403	0.09300	0.56504	0.01492	0.02233	0.01418	0.01805	0.09655	0.01397	0.07928	0.01142	0.01259	0.00807	0.00567	0.00534	0.00175	0.00774	0.00435	0.00314	0.00860
12	0.00738	0.00553	0.00776	0.09119	0.01163	0.00551	0.00644	0.00868	0.01100	0.01460	0.02924	0.71173	0.03460	0.01661	0.00713	0.00228	0.00378	0.01506	0.00501	0.00483

[dist]
# distance from previous block
# <min> <max>
0	1

[block]
# block no. 13 follows, 41 sequences, length 8
# corresponding to MSA columns:
# 1679-1686
name=unknown_N
#
# <colnr> <probs for GDERKNQSTAVLIFYWHMCP>
#	G	D	E	R	K	N	Q	S	T	A	V	L	I	F	Y	W	H	M	C	P
0	0.00900	0.00593	0.00784	0.00852	0.00966	0.00570	0.00670	0.01116	0.01311	0.04150	0.17783	0.26750	0.03606	0.01431	0.00700	0.00220	0.00388	0.27091	0.09595	0.00526
1	0.00769	0.00589	0.00844	0.00881	0.00969	0.00552	0.05074	0.00906	0.01139	0.01506	0.05469	0.53819	0.09302	0.08481	0.00916	0.00256	0.00401	0.07141	0.00503	0.00482
2	0.01032	0.00968	0.01632	0.56191	0.03212	0.01127	0.07200	0.01385	0.01226	0.01586	0.09313	0.02227	0.09117	0.00718	0.00602	0.00190	0.00678	0.00649	0.00325	0.00620
