[name]
unknown

[dist]
# distance from previous block
# <min> <max>
9	627

[block]
# block no. 0 follows, 37 sequences, length 11
# corresponding to MSA columns:
# 645-655
name=unknown_A
#
# <colnr> <probs for GDERKNQSTAVLIFYWHMCP>
#	G	D	E	R	K	N	Q	S	T	A	V	L	I	F	Y	W	H	M	C	P
0	0.04181	0.01087	0.01490	0.20161	0.02186	0.01103	0.03200	0.06583	0.07280	0.21209	0.07416	0.06187	0.01676	0.00770	0.00604	0.00184	0.00578	0.00657	0.00515	0.12932
1	0.12583	0.17424	0.06019	0.05861	0.05849	0.01573	0.05138	0.14200	0.04546	0.11335	0.03837	0.01666	0.03548	0.00672	0.00543	0.00176	0.00630	0.00529	0.00446	0.03424
2	0.01615	0.22283	0.11017	0.06073	0.04318	0.01676	0.03381	0.18408	0.03236	0.04189	0.03823	0.01871	0.04733	0.00730	0.00608	0.00176	0.03137	0.03169	0.00413	0.05146
3	0.01498	0.01284	0.13923	0.03159	0.01526	0.00971	0.01011	0.07851	0.04302	0.15568	0.10800	0.02542	0.04834	0.02805	0.04160	0.00228	0.00577	0.02592	0.16282	0.04087
4	0.04009	0.39179	0.05935	0.01174	0.01664	0.06116	0.01090	0.10812	0.01524	0.11298	0.01162	0.01247	0.00918	0.00614	0.00557	0.00155	0.04713	0.00416	0.00383	0.07034
5	0.00786	0.00592	0.00685	0.00715	0.00824	0.00537	0.00491	0.00916	0.01284	0.01657	0.15056	0.24631	0.30184	0.17405	0.01230	0.00295	0.00377	0.01301	0.00544	0.00491
6	0.01603	0.13249	0.13180	0.05108	0.01800	0.04091	0.01198	0.13015	0.05883	0.09692	0.04617	0.08057	0.02847	0.00957	0.03032	0.00216	0.06872	0.00648	0.03123	0.00813
7	0.01660	0.16803	0.08412	0.01355	0.05636	0.01564	0.01144	0.15245	0.09551	0.09849	0.06067	0.04357	0.05181	0.00927	0.02792	0.00210	0.07296	0.00629	0.00473	0.00849
8	0.00927	0.00879	0.07395	0.00970	0.01118	0.00766	0.03421	0.01102	0.00998	0.01394	0.01783	0.06619	0.01857	0.35106	0.32274	0.00686	0.01050	0.00792	0.00351	0.00512
9	0.00865	0.00639	0.00929	0.00942	0.01034	0.00725	0.00710	0.01052	0.00991	0.01411	0.01818	0.09136	0.01817	0.11527	0.62445	0.00882	0.01427	0.00773	0.00353	0.00525
10	0.01548	0.27240	0.30699	0.08039	0.02322	0.07726	0.03718	0.08595	0.01460	0.01892	0.01045	0.01234	0.00813	0.00582	0.00528	0.00171	0.00814	0.00433	0.00300	0.00842

[dist]
# distance from previous block
# <min> <max>
6	44

[block]
# block no. 1 follows, 37 sequences, length 33
# corresponding to MSA columns:
# 717-749
name=unknown_B
#
# <colnr> <probs for GDERKNQSTAVLIFYWHMCP>
#	G	D	E	R	K	N	Q	S	T	A	V	L	I	F	Y	W	H	M	C	P
0	0.01492	0.01529	0.06995	0.05067	0.07184	0.06804	0.17559	0.10020	0.10093	0.04206	0.01998	0.06002	0.08227	0.05150	0.00862	0.00224	0.04626	0.00738	0.00428	0.00795
1	0.01035	0.00992	0.03523	0.01089	0.05876	0.03446	0.03816	0.03610	0.04139	0.01884	0.08725	0.10861	0.36684	0.01208	0.00671	0.00191	0.00453	0.01033	0.00508	0.10254
2	0.01609	0.09949	0.09049	0.20175	0.12902	0.01522	0.09297	0.12213	0.01583	0.08803	0.03452	0.01627	0.01101	0.00639	0.00619	0.00187	0.01946	0.00556	0.01920	0.00850
3	0.01698	0.13658	0.06834	0.17507	0.04456	0.03590	0.01253	0.18839	0.04906	0.08213	0.02948	0.01630	0.02429	0.00692	0.00600	0.01725	0.00674	0.00524	0.00429	0.07395
4	0.30121	0.04759	0.03677	0.01247	0.03488	0.08357	0.01009	0.01894	0.08945	0.02124	0.03476	0.01413	0.01055	0.00834	0.02613	0.00219	0.19322	0.00470	0.00369	0.04607
5	0.43156	0.01323	0.02830	0.00944	0.01302	0.08729	0.00758	0.03888	0.03890	0.02281	0.01079	0.01404	0.00917	0.06577	0.00774	0.05848	0.00564	0.00422	0.00375	0.12938
6	0.00852	0.00608	0.00816	0.00844	0.00903	0.00645	0.00587	0.00978	0.01021	0.01413	0.04820	0.19064	0.02451	0.28128	0.33361	0.00670	0.00974	0.00980	0.00406	0.00480
7	0.01215	0.00990	0.01535	0.29430	0.11489	0.01090	0.04347	0.01628	0.06503	0.04412	0.04833	0.11060	0.01726	0.06287	0.00795	0.00226	0.00623	0.00758	0.10359	0.00695
8	0.01560	0.01304	0.01999	0.35626	0.26968	0.02945	0.01609	0.08195	0.03161	0.08801	0.01296	0.01625	0.00976	0.00620	0.00609	0.00193	0.00745	0.00552	0.00367	0.00849
9	0.00771	0.00615	0.00691	0.00687	0.00860	0.00535	0.00509	0.00966	0.01487	0.01906	0.28040	0.11049	0.46757	0.01482	0.00727	0.00205	0.00307	0.01267	0.00603	0.00535
10	0.06564	0.01049	0.01396	0.01076	0.01545	0.00922	0.00888	0.02927	0.01718	0.71643	0.02340	0.02032	0.01475	0.00749	0.00604	0.00189	0.00519	0.00602	0.00740	0.01024
11	0.00746	0.00533	0.00710	0.00852	0.00888	0.00497	0.00568	0.00852	0.01172	0.01563	0.03374	0.78088	0.04049	0.01918	0.00781	0.00249	0.00355	0.01740	0.00568	0.00497
12	0.01445	0.01651	0.03612	0.02580	0.03199	0.01548	0.72446	0.01961	0.01445	0.01961	0.01238	0.01651	0.00929	0.00516	0.00722	0.00206	0.01032	0.00722	0.00310	0.00826
13	0.00869	0.00591	0.00667	0.00677	0.00694	0.00582	0.00391	0.00887	0.00944	0.01245	0.02317	0.09338	0.07195	0.67947	0.02791	0.00543	0.00558	0.00977	0.00398	0.00390
14	0.01269	0.01088	0.01269	0.00907	0.01451	0.00816	0.00725	0.01541	0.01269	0.01995	0.01088	0.01269	0.00907	0.00453	0.00453	0.00091	0.00453	0.00363	0.00363	0.82229
15	0.01637	0.78856	0.03208	0.01047	0.01571	0.02422	0.01047	0.01833	0.01244	0.01440	0.00851	0.00982	0.00786	0.00524	0.00393	0.00131	0.00655	0.00327	0.00262	0.00786
16	0.01950	0.01845	0.21225	0.01379	0.01934	0.01437	0.01351	0.30317	0.04155	0.17657	0.03802	0.01731	0.01269	0.00988	0.05911	0.00245	0.00755	0.00566	0.00530	0.00954
17	0.00795	0.00568	0.00766	0.00908	0.00965	0.00539	0.00653	0.00937	0.01220	0.01617	0.03347	0.63629	0.03942	0.01872	0.00794	0.00255	0.00397	0.15717	0.00567	0.00511
18	0.00755	0.00537	0.00707	0.00840	0.00873	0.00504	0.00555	0.00855	0.01153	0.01537	0.03277	0.73120	0.03926	0.07052	0.00938	0.00272	0.00371	0.01683	0.00555	0.00489
19	0.01432	0.01233	0.01675	0.07639	0.05998	0.01111	0.08168	0.11378	0.01512	0.02222	0.01191	0.01415	0.00947	0.00526	0.00523	0.00132	0.00582	0.00458	0.03269	0.48588
20	0.01553	0.69388	0.07056	0.01058	0.01581	0.02239	0.01076	0.01775	0.01257	0.01482	0.01224	0.01328	0.05723	0.00596	0.00425	0.00140	0.00645	0.00399	0.00282	0.00774
21	0.02623	0.01239	0.01543	0.01183	0.01661	0.01193	0.00977	0.23446	0.02083	0.54163	0.02137	0.01903	0.01376	0.00751	0.00615	0.00188	0.00566	0.00597	0.00715	0.01042
22	0.01519	0.01192	0.01385	0.02835	0.01565	0.04332	0.03397	0.14676	0.01651	0.07846	0.05959	0.10017	0.05319	0.00800	0.00577	0.00154	0.00530	0.00672	0.00483	0.35092
23	0.03156	0.06626	0.15070	0.18611	0.06905	0.01482	0.27141	0.01806	0.01317	0.01845	0.01119	0.01482	0.00860	0.00562	0.00653	0.00190	0.02971	0.00559	0.00294	0.07351
24	0.00850	0.00613	0.00803	0.00781	0.00911	0.00567	0.00576	0.01114	0.01656	0.02332	0.64599	0.14668	0.05539	0.01343	0.00730	0.00200	0.00298	0.01194	0.00659	0.00567
25	0.01513	0.01235	0.02198	0.01657	0.02088	0.01185	0.33570	0.07558	0.03909	0.10192	0.02041	0.06387	0.06495	0.00759	0.00645	0.00193	0.00697	0.00763	0.16133	0.00782
26	0.01277	0.01124	0.01846	0.05281	0.06673	0.04353	0.21052	0.03971	0.01290	0.03314	0.03120	0.11822	0.06644	0.03022	0.01186	0.19703	0.02515	0.00810	0.00376	0.00620
27	0.02879	0.01472	0.18126	0.01402	0.03082	0.01136	0.08111	0.01693	0.10101	0.04269	0.02036	0.21451	0.02027	0.07770	0.01018	0.00256	0.08130	0.03892	0.00431	0.00719
28	0.00761	0.00551	0.00723	0.00855	0.00910	0.00513	0.00590	0.00883	0.01204	0.01587	0.03563	0.68158	0.08958	0.01876	0.00782	0.00248	0.00366	0.06403	0.00568	0.00503
29	0.01358	0.04979	0.14987	0.14813	0.25411	0.01429	0.16075	0.01834	0.02871	0.01896	0.01305	0.01840	0.01073	0.00631	0.00626	0.00195	0.00805	0.04484	0.02549	0.00840
30	0.04606	0.32410	0.09096	0.03018	0.01777	0.10581	0.01150	0.05825	0.08542	0.15465	0.01373	0.01398	0.01036	0.00629	0.00509	0.00165	0.00688	0.00453	0.00417	0.00860
31	0.06842	0.02682	0.03156	0.19207	0.07026	0.01311	0.05255	0.10645	0.07090	0.28024	0.01702	0.01759	0.01175	0.00680	0.00601	0.00193	0.00654	0.00573	0.00520	0.00904
32	0.00845	0.00621	0.00753	0.00823	0.00911	0.00589	0.00563	0.04885	0.01279	0.01669	0.03626	0.53106	0.16366	0.09725	0.01003	0.00273	0.00390	0.01505	0.00550	0.00518

[dist]
# distance from previous block
# <min> <max>
0	31

[block]
# block no. 2 follows, 37 sequences, length 11
# corresponding to MSA columns:
# 781-791
name=unknown_C
#
# <colnr> <probs for GDERKNQSTAVLIFYWHMCP>
#	G	D	E	R	K	N	Q	S	T	A	V	L	I	F	Y	W	H	M	C	P
0	0.12343	0.03912	0.06643	0.04692	0.01812	0.04844	0.12270	0.01910	0.08020	0.10370	0.01868	0.07542	0.05454	0.06927	0.00789	0.00219	0.00640	0.00684	0.00436	0.08622
1	0.01185	0.08861	0.10605	0.01056	0.01415	0.01033	0.02909	0.05079	0.02654	0.03146	0.02158	0.07512	0.12167	0.03509	0.12385	0.09046	0.00725	0.00709	0.00393	0.13453
2	0.01456	0.05419	0.26566	0.01292	0.01899	0.03454	0.01334	0.11291	0.03938	0.04252	0.04984	0.03954	0.01266	0.00651	0.00552	0.00159	0.00656	0.00517	0.00397	0.25963
3	0.00986	0.00851	0.01322	0.38465	0.02554	0.00998	0.01155	0.01237	0.01170	0.01538	0.02035	0.32344	0.02188	0.05508	0.00890	0.00247	0.04486	0.01042	0.00396	0.00589
4	0.00829	0.00613	0.00725	0.00739	0.00880	0.00558	0.00547	0.01026	0.01431	0.01910	0.26607	0.14407	0.28483	0.07230	0.00903	0.00239	0.00350	0.06865	0.05130	0.00529
5	0.00889	0.00599	0.00698	0.00698	0.00709	0.00610	0.00409	0.00910	0.00899	0.01210	0.01901	0.03851	0.02158	0.71346	0.10165	0.00631	0.00695	0.00868	0.00367	0.00388
6	0.00852	0.00622	0.00767	0.00731	0.00887	0.00565	0.00548	0.01114	0.01644	0.02289	0.57409	0.04721	0.19090	0.01284	0.00708	0.00193	0.00293	0.01117	0.04601	0.00565
7	0.00792	0.00587	0.00745	0.00859	0.00926	0.00561	0.00585	0.01001	0.05606	0.01630	0.03532	0.68054	0.09187	0.01824	0.00767	0.00243	0.00360	0.01643	0.00572	0.00527
8	0.74184	0.01393	0.08769	0.00904	0.01339	0.01378	0.00832	0.01814	0.01068	0.02661	0.00878	0.01026	0.00675	0.00570	0.00400	0.00190	0.00519	0.00344	0.00366	0.00688
9	0.01576	0.70573	0.02953	0.01021	0.01489	0.02222	0.00993	0.01723	0.01197	0.01400	0.00873	0.01075	0.00815	0.00693	0.00604	0.08809	0.00642	0.00349	0.00262	0.00731
10	0.01523	0.01315	0.01384	0.01246	0.01592	0.01523	0.00969	0.03253	0.73563	0.02561	0.02491	0.02284	0.01869	0.00830	0.00623	0.00208	0.00484	0.00692	0.00623	0.00969

[dist]
# distance from previous block
# <min> <max>
0	6

[block]
# block no. 3 follows, 37 sequences, length 18
# corresponding to MSA columns:
# 798-815
name=unknown_D
#
# <colnr> <probs for GDERKNQSTAVLIFYWHMCP>
#	G	D	E	R	K	N	Q	S	T	A	V	L	I	F	Y	W	H	M	C	P
0	0.07986	0.00790	0.00949	0.00817	0.01081	0.00711	0.00632	0.01382	0.01579	0.06064	0.49338	0.03461	0.04121	0.01004	0.00632	0.00171	0.00350	0.00863	0.00589	0.17481
1	0.01602	0.72444	0.09316	0.01106	0.01662	0.02337	0.01150	0.01842	0.01248	0.01482	0.00872	0.01008	0.00785	0.00529	0.00409	0.00136	0.00676	0.00338	0.00262	0.00796
2	0.01222	0.02502	0.51998	0.01601	0.02308	0.01326	0.05437	0.01993	0.11167	0.02015	0.04701	0.08095	0.01429	0.00755	0.00617	0.00201	0.00780	0.00637	0.00355	0.00861
3	0.00833	0.00617	0.00777	0.00753	0.00898	0.00561	0.00558	0.01084	0.01630	0.02249	0.57244	0.11014	0.16801	0.01356	0.00727	0.00200	0.00298	0.01191	0.00648	0.00561
4	0.06365	0.01162	0.01467	0.01130	0.01602	0.01090	0.00933	0.14673	0.01909	0.59747	0.02184	0.01930	0.01396	0.00745	0.00604	0.00188	0.00544	0.00592	0.00716	0.01024
5	0.08638	0.01052	0.01382	0.01068	0.01535	0.00935	0.00882	0.02896	0.01700	0.69770	0.02300	0.02003	0.01453	0.00744	0.00598	0.00189	0.00517	0.00595	0.00730	0.01014
6	0.01420	0.05571	0.07457	0.02309	0.11816	0.04055	0.38848	0.01870	0.03456	0.01864	0.01336	0.07020	0.01151	0.00691	0.00802	0.00206	0.08287	0.00705	0.00327	0.00809
7	0.01339	0.01339	0.01875	0.01607	0.01607	0.01875	0.01339	0.01473	0.00937	0.01473	0.00804	0.01339	0.00804	0.01071	0.02009	0.00268	0.77367	0.00536	0.00268	0.00670
8	0.00843	0.00683	0.00775	0.00898	0.00951	0.05252	0.00607	0.00953	0.01207	0.01559	0.03221	0.73242	0.03843	0.01837	0.00767	0.00243	0.00402	0.01655	0.00552	0.00511
9	0.01514	0.06892	0.03072	0.02988	0.12718	0.16137	0.06869	0.05413	0.06035	0.03219	0.09244	0.08894	0.01895	0.08917	0.00876	0.00225	0.00703	0.00720	0.00418	0.03249
10	0.02712	0.01097	0.01455	0.01115	0.01590	0.00981	0.00921	0.08671	0.01844	0.69275	0.02338	0.02033	0.01477	0.00756	0.00615	0.00189	0.00533	0.00610	0.00746	0.01042
11	0.01704	0.71114	0.03064	0.01092	0.01604	0.05987	0.01060	0.05566	0.01353	0.01569	0.00888	0.01013	0.00799	0.00540	0.00412	0.00135	0.00678	0.00342	0.00283	0.00795
12	0.01144	0.00630	0.00742	0.00710	0.00868	0.00596	0.00526	0.01388	0.01428	0.08942	0.23542	0.09834	0.05629	0.05907	0.00742	0.00202	0.00335	0.00881	0.35358	0.00595
13	0.00774	0.00603	0.00702	0.00717	0.00868	0.00532	0.00523	0.00961	0.01456	0.01890	0.27308	0.20721	0.37693	0.01533	0.00735	0.00211	0.00313	0.01328	0.00602	0.00532
14	0.00868	0.00659	0.00803	0.00761	0.00929	0.00612	0.00572	0.01199	0.05296	0.02281	0.55450	0.04752	0.20946	0.01297	0.00717	0.00196	0.00303	0.01127	0.00648	0.00584
15	0.01339	0.01339	0.01875	0.01607	0.01607	0.01875	0.01339	0.01473	0.00937	0.01473	0.00804	0.01339	0.00804	0.01071	0.02009	0.00268	0.77367	0.00536	0.00268	0.00670
16	0.00877	0.00644	0.00924	0.00924	0.01013	0.00733	0.00691	0.01055	0.00966	0.01377	0.01694	0.02705	0.01661	0.18447	0.62384	0.00911	0.01443	0.00700	0.00336	0.00514
17	0.82811	0.01184	0.00900	0.00805	0.01184	0.01373	0.00663	0.01799	0.01042	0.02746	0.00852	0.00994	0.00663	0.00568	0.00379	0.00189	0.00474	0.00331	0.00379	0.00663

[dist]
# distance from previous block
# <min> <max>
0	1

[block]
# block no. 4 follows, 37 sequences, length 7
# corresponding to MSA columns:
# 817-823
name=unknown_E
#
# <colnr> <probs for GDERKNQSTAVLIFYWHMCP>
#	G	D	E	R	K	N	Q	S	T	A	V	L	I	F	Y	W	H	M	C	P
0	0.01329	0.01371	0.01970	0.38717	0.03062	0.09587	0.09561	0.01650	0.01227	0.01572	0.01073	0.01575	0.00878	0.01006	0.06732	0.00273	0.16892	0.00555	0.00284	0.00687
1	0.02363	0.01371	0.01590	0.01250	0.01709	0.01425	0.01022	0.32353	0.14345	0.32859	0.02030	0.01859	0.01375	0.00760	0.00615	0.00190	0.00579	0.00601	0.00674	0.01029
2	0.01141	0.00571	0.00571	0.00571	0.00713	0.00571	0.00428	0.01426	0.01284	0.02282	0.01997	0.02282	0.01569	0.00713	0.00428	0.00143	0.00285	0.00571	0.81886	0.00571
3	0.00773	0.00552	0.00742	0.00884	0.00931	0.00521	0.00616	0.00900	0.01199	0.01593	0.03359	0.69974	0.03989	0.01892	0.00789	0.00252	0.00379	0.09584	0.00568	0.00505
4	0.02239	0.01671	0.01788	0.01391	0.01865	0.01857	0.01142	0.65049	0.10600	0.03716	0.01581	0.01559	0.01131	0.00745	0.00613	0.00186	0.00653	0.00567	0.00613	0.01033
5	0.01725	0.07094	0.01661	0.17404	0.06178	0.01184	0.01105	0.02081	0.04970	0.23810	0.05350	0.01808	0.01361	0.00675	0.00627	0.00171	0.03803	0.00547	0.00476	0.17971
6	0.01530	0.01427	0.01545	0.01325	0.01677	0.09507	0.06989	0.06263	0.41658	0.02341	0.05941	0.07962	0.01938	0.00858	0.00629	0.00195	0.00586	0.00735	0.00543	0.06352

[dist]
# distance from previous block
# <min> <max>
0	9

[block]
# block no. 5 follows, 37 sequences, length 14
# corresponding to MSA columns:
# 833-846
name=unknown_F
#
# <colnr> <probs for GDERKNQSTAVLIFYWHMCP>
#	G	D	E	R	K	N	Q	S	T	A	V	L	I	F	Y	W	H	M	C	P
0	0.05042	0.10788	0.12108	0.01441	0.05534	0.01662	0.01249	0.29283	0.14273	0.02738	0.01652	0.05636	0.01357	0.00790	0.00593	0.00191	0.00645	0.03615	0.00494	0.00912
1	0.01762	0.05642	0.11085	0.11532	0.14265	0.01628	0.01441	0.30217	0.07468	0.04027	0.02747	0.02882	0.01163	0.00695	0.00602	0.00188	0.00699	0.00568	0.00459	0.00929
2	0.12296	0.00717	0.00770	0.00806	0.00970	0.00712	0.00584	0.01201	0.07100	0.01878	0.07183	0.36634	0.23949	0.01502	0.00692	0.00222	0.00366	0.01297	0.00551	0.00568
3	0.12704	0.01131	0.01316	0.01123	0.07335	0.00946	0.00810	0.01605	0.01248	0.02100	0.01060	0.01251	0.00878	0.00477	0.00455	0.00112	0.00478	0.00373	0.00360	0.64239
4	0.00950	0.00708	0.00841	0.00782	0.00966	0.00673	0.00593	0.04860	0.04842	0.02347	0.49256	0.04504	0.20340	0.01249	0.00700	0.00194	0.00322	0.01078	0.04191	0.00605
5	0.01044	0.00823	0.00994	0.00892	0.01127	0.00777	0.04507	0.11031	0.01568	0.03422	0.07341	0.16575	0.41289	0.04780	0.00820	0.00226	0.00423	0.01192	0.00560	0.00610
6	0.01062	0.00959	0.01050	0.01029	0.01168	0.11162	0.00786	0.01276	0.01203	0.01584	0.11816	0.06647	0.02159	0.03429	0.50945	0.00718	0.01306	0.00742	0.00388	0.00571
7	0.05302	0.00798	0.00950	0.00846	0.01057	0.00790	0.00654	0.09908	0.01800	0.05568	0.53055	0.03730	0.04432	0.01091	0.00663	0.00187	0.00354	0.00937	0.07223	0.00656
8	0.00888	0.00602	0.00712	0.00712	0.00727	0.00617	0.00426	0.00919	0.00903	0.01220	0.01888	0.03782	0.02128	0.68142	0.13328	0.00648	0.00740	0.00857	0.00365	0.00395
9	0.82811	0.01184	0.00900	0.00805	0.01184	0.01373	0.00663	0.01799	0.01042	0.02746	0.00852	0.00994	0.00663	0.00568	0.00379	0.00189	0.00474	0.00331	0.00379	0.00663
10	0.01553	0.05911	0.01602	0.19321	0.06130	0.29772	0.01139	0.01773	0.01435	0.01585	0.07779	0.02162	0.04628	0.11609	0.00942	0.00235	0.00813	0.00605	0.00352	0.00654
11	0.16942	0.01028	0.01297	0.05276	0.04557	0.01062	0.03497	0.06390	0.05144	0.20598	0.08937	0.08480	0.01896	0.01153	0.06691	0.00258	0.00605	0.00703	0.04707	0.00781
12	0.01340	0.05341	0.17934	0.01207	0.01753	0.04325	0.04233	0.03622	0.03167	0.04012	0.12614	0.01838	0.01672	0.00645	0.00550	0.00147	0.00600	0.00534	0.00402	0.34063
13	0.00930	0.00738	0.00760	0.00757	0.00915	0.04398	0.00555	0.02345	0.01422	0.01858	0.18076	0.14355	0.32003	0.04542	0.00851	0.03233	0.00381	0.02486	0.08861	0.00537

[dist]
# distance from previous block
# <min> <max>
4	14

[block]
# block no. 6 follows, 37 sequences, length 6
# corresponding to MSA columns:
# 861-866
name=unknown_G
#
# <colnr> <probs for GDERKNQSTAVLIFYWHMCP>
#	G	D	E	R	K	N	Q	S	T	A	V	L	I	F	Y	W	H	M	C	P
0	0.01195	0.00713	0.00819	0.00768	0.00956	0.00688	0.00576	0.04929	0.04049	0.09085	0.16857	0.11968	0.12888	0.05112	0.00740	0.00206	0.00362	0.00934	0.26528	0.00628
1	0.01315	0.00763	0.01017	0.01000	0.05708	0.00696	0.00708	0.01585	0.01654	0.17829	0.43266	0.03806	0.10375	0.01090	0.00672	0.00189	0.00368	0.00946	0.06319	0.00695
2	0.01667	0.10683	0.22837	0.01700	0.08299	0.04001	0.08820	0.10879	0.07383	0.10557	0.06059	0.01708	0.01333	0.00668	0.00596	0.00185	0.00736	0.00564	0.00426	0.00899
3	0.22323	0.01252	0.01813	0.01785	0.15926	0.01287	0.14716	0.04769	0.06660	0.09706	0.01518	0.05229	0.01212	0.00677	0.00564	0.00191	0.00620	0.00602	0.08341	0.00813
4	0.00789	0.00573	0.00705	0.00766	0.00840	0.00532	0.00515	0.00912	0.01245	0.01649	0.14967	0.40441	0.15439	0.16297	0.01206	0.00298	0.00382	0.01404	0.00548	0.00489
5	0.05517	0.04288	0.08785	0.01362	0.05374	0.05854	0.05960	0.11137	0.05195	0.07552	0.04845	0.16366	0.04474	0.00962	0.00665	0.00197	0.03070	0.00811	0.06818	0.00768

[dist]
# distance from previous block
# <min> <max>
2	44

[block]
# block no. 7 follows, 37 sequences, length 30
# corresponding to MSA columns:
# 911-919,923-930,932-944
name=unknown_H
#
# <colnr> <probs for GDERKNQSTAVLIFYWHMCP>
#	G	D	E	R	K	N	Q	S	T	A	V	L	I	F	Y	W	H	M	C	P
0	0.05609	0.04851	0.03490	0.11616	0.01695	0.01011	0.04788	0.04296	0.06087	0.03491	0.16011	0.14417	0.10815	0.03692	0.00751	0.00221	0.00522	0.05481	0.00500	0.00657
1	0.06189	0.35452	0.15008	0.01388	0.04880	0.04110	0.03593	0.10478	0.05115	0.06783	0.01179	0.01279	0.00922	0.00596	0.00501	0.00164	0.00701	0.00437	0.00365	0.00862
2	0.04557	0.05390	0.03167	0.01363	0.07641	0.04290	0.03307	0.06874	0.12611	0.14363	0.07779	0.07803	0.01919	0.00849	0.00607	0.00184	0.00560	0.04518	0.00521	0.11696
3	0.05524	0.01737	0.11393	0.01568	0.09039	0.11127	0.03541	0.09015	0.13476	0.07471	0.01555	0.01834	0.01231	0.00691	0.00581	0.00177	0.00683	0.04415	0.00442	0.14501
4	0.01608	0.09090	0.05668	0.06130	0.26780	0.05261	0.06293	0.07220	0.09891	0.05208	0.01366	0.02839	0.01098	0.00646	0.00643	0.00182	0.03769	0.00555	0.00382	0.05369
5	0.05968	0.04936	0.01898	0.19124	0.15991	0.01422	0.06662	0.02185	0.22086	0.03888	0.03016	0.01873	0.01313	0.00675	0.00596	0.00191	0.00651	0.01783	0.00417	0.05324
6	0.01008	0.00703	0.00880	0.00848	0.00982	0.00698	0.00626	0.01173	0.01358	0.07892	0.20453	0.20994	0.21507	0.09413	0.01099	0.00257	0.07800	0.01179	0.00560	0.00570
7	0.00904	0.00618	0.00777	0.00784	0.00911	0.00565	0.00565	0.01094	0.01446	0.05399	0.32677	0.25215	0.15570	0.07923	0.00937	0.00246	0.00353	0.02863	0.00604	0.00550
8	0.00792	0.00572	0.00751	0.00825	0.00906	0.00531	0.00581	0.00965	0.01370	0.01864	0.26425	0.49069	0.07432	0.01680	0.00762	0.00230	0.00339	0.03778	0.00602	0.00526
9	0.00847	0.00630	0.00784	0.00868	0.00953	0.00615	0.00607	0.01114	0.07653	0.01693	0.07334	0.51289	0.08908	0.08139	0.00959	0.00270	0.00393	0.05845	0.00562	0.00539
10	0.00901	0.00666	0.00984	0.04021	0.01183	0.00772	0.00770	0.01123	0.01007	0.01466	0.01648	0.02424	0.01529	0.06870	0.66170	0.00891	0.01493	0.00655	0.04879	0.00547
11	0.01368	0.24694	0.46910	0.01635	0.02400	0.01722	0.09491	0.01911	0.01295	0.01798	0.01043	0.01242	0.00795	0.00558	0.00543	0.00177	0.00847	0.00446	0.00265	0.00862
12	0.01116	0.00884	0.01101	0.05116	0.01375	0.00758	0.00725	0.01431	0.03587	0.03712	0.27307	0.08925	0.02931	0.00885	0.00593	0.00152	0.00409	0.00767	0.00501	0.37724
13	0.05508	0.01059	0.01492	0.26386	0.07462	0.01168	0.03679	0.09232	0.03404	0.08155	0.01535	0.02039	0.01239	0.10453	0.00889	0.00237	0.00634	0.00599	0.14107	0.00724
14	0.00876	0.00648	0.00945	0.00945	0.01041	0.00744	0.00717	0.01068	0.00972	0.01392	0.01675	0.02600	0.01615	0.13595	0.67174	0.00936	0.01512	0.00684	0.00333	0.00525
15	0.01576	0.01708	0.16676	0.03497	0.02112	0.01543	0.12245	0.08146	0.01380	0.11422	0.01307	0.04556	0.01060	0.00841	0.01140	0.00224	0.28767	0.00607	0.00379	0.00815
16	0.01390	0.01227	0.01600	0.01402	0.01487	0.05648	0.01146	0.01556	0.01062	0.07611	0.01161	0.01662	0.01049	0.01924	0.20820	0.00439	0.47253	0.00565	0.00327	0.00671
17	0.02045	0.01062	0.01363	0.01165	0.03880	0.05037	0.03926	0.02285	0.01649	0.43646	0.09858	0.04496	0.12686	0.00952	0.00653	0.00195	0.00527	0.03061	0.00652	0.00862
18	0.01493	0.00946	0.01096	0.00968	0.01272	0.00918	0.00787	0.15432	0.03515	0.16272	0.05651	0.04345	0.30754	0.01237	0.00699	0.00211	0.00468	0.12580	0.00617	0.00740
19	0.07108	0.08478	0.10950	0.04171	0.05511	0.05594	0.04606	0.11008	0.03297	0.11317	0.01319	0.01450	0.00990	0.00644	0.00593	0.02580	0.00658	0.00476	0.01815	0.17435
20	0.01900	0.22362	0.20474	0.01343	0.01932	0.03254	0.03430	0.12888	0.03309	0.19833	0.02708	0.01514	0.01114	0.00649	0.00551	0.00174	0.00698	0.00497	0.00452	0.00916
21	0.00864	0.00610	0.00770	0.00799	0.00928	0.00555	0.00585	0.01060	0.01452	0.04335	0.29693	0.30679	0.18508	0.01552	0.00746	0.00220	0.00339	0.05140	0.00613	0.00552
22	0.01518	0.01074	0.03861	0.01269	0.03662	0.00992	0.10660	0.04718	0.09806	0.18212	0.07080	0.09680	0.05537	0.17726	0.01198	0.00287	0.00587	0.00856	0.00529	0.00746
23	0.01592	0.01759	0.16650	0.01713	0.08831	0.05437	0.09849	0.13092	0.12285	0.07429	0.01932	0.08358	0.04370	0.00833	0.00643	0.00200	0.00708	0.02984	0.00464	0.00870
24	0.05990	0.01530	0.13166	0.15247	0.05818	0.01284	0.07476	0.10997	0.01636	0.26089	0.01717	0.01789	0.03109	0.00683	0.00609	0.00194	0.00698	0.00579	0.00490	0.00899
25	0.00772	0.00540	0.00724	0.00843	0.00886	0.00506	0.00567	0.00875	0.01200	0.01612	0.09187	0.68134	0.04044	0.01873	0.00857	0.04343	0.00358	0.01627	0.00562	0.00492
26	0.04226	0.03667	0.07172	0.06467	0.15409	0.07556	0.11552	0.06543	0.04478	0.17667	0.01601	0.01908	0.01218	0.00687	0.00613	0.00191	0.00730	0.04063	0.03376	0.00876
27	0.08550	0.06539	0.25046	0.01632	0.06131	0.11576	0.07763	0.06159	0.02946	0.13974	0.01377	0.03286	0.01030	0.00651	0.00577	0.00186	0.00786	0.00524	0.00400	0.00869
28	0.01578	0.04031	0.05725	0.21930	0.15995	0.08564	0.09488	0.05047	0.06321	0.07862	0.03374	0.01704	0.01155	0.00640	0.00606	0.00188	0.00763	0.00571	0.03631	0.00824
29	0.12747	0.11371	0.01253	0.00918	0.01088	0.01126	0.00723	0.01300	0.01117	0.01739	0.08174	0.08755	0.04804	0.14211	0.08526	0.03752	0.11052	0.00733	0.06040	0.00571

[dist]
# distance from previous block
# <min> <max>
4	9

[block]
# block no. 8 follows, 37 sequences, length 7
# corresponding to MSA columns:
# 962-968
name=unknown_I
#
# <colnr> <probs for GDERKNQSTAVLIFYWHMCP>
#	G	D	E	R	K	N	Q	S	T	A	V	L	I	F	Y	W	H	M	C	P
0	0.00992	0.00687	0.00852	0.00831	0.00990	0.00653	0.00617	0.01323	0.07030	0.06250	0.36586	0.17403	0.13136	0.05679	0.00858	0.00232	0.00361	0.04300	0.00621	0.00600
1	0.01375	0.00853	0.01095	0.01118	0.07277	0.00845	0.00764	0.04266	0.08495	0.14152	0.19235	0.08749	0.04536	0.08353	0.04492	0.00265	0.00495	0.00854	0.12068	0.00712
2	0.55049	0.01233	0.01129	0.00937	0.01355	0.01346	0.00771	0.11962	0.01417	0.13282	0.01179	0.01235	0.00854	0.00612	0.00450	0.00183	0.00507	0.00405	0.00465	0.05628
3	0.02996	0.15041	0.08424	0.07250	0.03753	0.01390	0.08742	0.07208	0.08785	0.02052	0.12569	0.02607	0.03493	0.07571	0.00830	0.00226	0.00639	0.05245	0.00432	0.00745
4	0.01016	0.00726	0.00930	0.00958	0.01139	0.00689	0.00771	0.01335	0.05459	0.04866	0.15388	0.17146	0.11498	0.01475	0.00755	0.00233	0.00442	0.28889	0.00582	0.05702
5	0.01503	0.01449	0.01755	0.15442	0.16629	0.11942	0.03531	0.01970	0.09655	0.03930	0.01356	0.03977	0.01115	0.00627	0.00570	0.00164	0.00688	0.00537	0.00373	0.22789
6	0.01497	0.04251	0.04426	0.01527	0.07072	0.03711	0.07872	0.05158	0.36080	0.05320	0.02209	0.11193	0.01887	0.00915	0.00647	0.00207	0.00593	0.04036	0.00529	0.00869

[dist]
# distance from previous block
# <min> <max>
9	178

[block]
# block no. 9 follows, 37 sequences, length 14
# corresponding to MSA columns:
# 1151-1164
name=unknown_J
#
# <colnr> <probs for GDERKNQSTAVLIFYWHMCP>
#	G	D	E	R	K	N	Q	S	T	A	V	L	I	F	Y	W	H	M	C	P
0	0.05551	0.06986	0.05403	0.04076	0.06646	0.10800	0.08203	0.14835	0.06214	0.10121	0.06285	0.01694	0.01343	0.00689	0.00627	0.00179	0.03009	0.00557	0.00455	0.06326
1	0.07823	0.10400	0.03440	0.01408	0.07709	0.05885	0.03412	0.07982	0.13380	0.09811	0.01707	0.09910	0.01465	0.00940	0.03325	0.00213	0.03211	0.00650	0.00463	0.06866
2	0.08517	0.05630	0.01634	0.09230	0.08499	0.14830	0.01111	0.10011	0.09124	0.05188	0.06244	0.03128	0.03997	0.00782	0.00674	0.01683	0.04164	0.00582	0.00432	0.04540
3	0.01389	0.01193	0.06904	0.06017	0.06363	0.01049	0.00999	0.10981	0.06693	0.07468	0.24009	0.02640	0.02601	0.05240	0.00761	0.00199	0.00521	0.00718	0.00520	0.13734
4	0.01224	0.01003	0.01087	0.03739	0.01323	0.06485	0.00803	0.01744	0.17126	0.06673	0.11608	0.22378	0.13302	0.01280	0.00759	0.00217	0.04181	0.03826	0.00561	0.00681
5	0.01234	0.00956	0.01256	0.05931	0.03855	0.01035	0.03458	0.06266	0.11327	0.05180	0.13027	0.07635	0.07739	0.17512	0.01363	0.02664	0.07556	0.00860	0.00488	0.00658
6	0.00971	0.00658	0.00735	0.00709	0.00914	0.00566	0.00528	0.01133	0.01414	0.09911	0.10280	0.12337	0.50857	0.05193	0.00833	0.00227	0.00350	0.01227	0.00588	0.00571
7	0.74639	0.01160	0.00921	0.00829	0.01190	0.01335	0.00674	0.04244	0.01115	0.02709	0.01038	0.06014	0.00896	0.00662	0.00413	0.00193	0.00473	0.00431	0.00399	0.00666
8	0.82811	0.01184	0.00900	0.00805	0.01184	0.01373	0.00663	0.01799	0.01042	0.02746	0.00852	0.00994	0.00663	0.00568	0.00379	0.00189	0.00474	0.00331	0.00379	0.00663
9	0.01029	0.00958	0.01792	0.01510	0.01770	0.00903	0.26537	0.01305	0.01301	0.01741	0.02587	0.41403	0.02856	0.01383	0.00768	0.00238	0.00626	0.10195	0.00474	0.00624
10	0.08380	0.05789	0.30897	0.01521	0.04236	0.01411	0.06748	0.05507	0.14505	0.03593	0.01707	0.05103	0.04513	0.00728	0.00588	0.00193	0.00702	0.00603	0.00398	0.02877
11	0.00783	0.00609	0.00696	0.00698	0.00850	0.00539	0.00505	0.00962	0.01436	0.01856	0.26627	0.14035	0.39433	0.07133	0.00905	0.00236	0.00330	0.01259	0.00587	0.00523
12	0.01249	0.03786	0.04822	0.11640	0.05697	0.03250	0.02771	0.04666	0.01432	0.02013	0.12116	0.04347	0.06598	0.00739	0.00570	0.00153	0.00552	0.00628	0.00412	0.32559
13	0.01158	0.03805	0.05939	0.04094	0.03377	0.04257	0.00886	0.04501	0.01441	0.05668	0.15041	0.32205	0.03168	0.01298	0.00690	0.00210	0.00494	0.05512	0.00524	0.05732

[dist]
# distance from previous block
# <min> <max>
1	12

[block]
# block no. 10 follows, 37 sequences, length 11
# corresponding to MSA columns:
# 1180-1190
name=unknown_K
#
# <colnr> <probs for GDERKNQSTAVLIFYWHMCP>
#	G	D	E	R	K	N	Q	S	T	A	V	L	I	F	Y	W	H	M	C	P
0	0.09390	0.05490	0.14932	0.10515	0.02068	0.03257	0.04009	0.11672	0.05145	0.05438	0.05948	0.06806	0.01449	0.00738	0.00575	0.00181	0.00649	0.00604	0.00424	0.10709
1	0.01696	0.20235	0.02183	0.09268	0.07955	0.06660	0.05093	0.14451	0.22007	0.02264	0.01497	0.01588	0.01162	0.00664	0.00564	0.00179	0.00682	0.00535	0.00435	0.00883
2	0.01322	0.00937	0.01144	0.01039	0.01217	0.01050	0.00781	0.05751	0.17465	0.08923	0.01972	0.05593	0.01802	0.22666	0.18643	0.00492	0.07307	0.00750	0.00468	0.00679
3	0.01560	0.01150	0.01282	0.01215	0.04941	0.04757	0.00892	0.02468	0.33800	0.14387	0.16917	0.05852	0.06210	0.00959	0.00649	0.00200	0.00479	0.00813	0.00620	0.00849
4	0.00925	0.00609	0.00778	0.00806	0.00922	0.00556	0.00570	0.01094	0.01387	0.06917	0.24301	0.38355	0.12795	0.05976	0.00879	0.00243	0.00355	0.01374	0.00601	0.00554
5	0.00758	0.00568	0.00704	0.00782	0.00877	0.00514	0.00544	0.00904	0.01310	0.01717	0.14579	0.49260	0.21799	0.01728	0.00758	0.00230	0.00334	0.01535	0.00584	0.00514
6	0.00939	0.00732	0.01029	0.00993	0.01063	0.00872	0.00750	0.01097	0.00956	0.01374	0.01596	0.02631	0.01594	0.21041	0.49620	0.00800	0.11366	0.00694	0.00330	0.00523
7	0.00769	0.00605	0.00683	0.00696	0.00847	0.00532	0.00502	0.00937	0.01403	0.01791	0.20784	0.17678	0.42810	0.06124	0.00875	0.00234	0.00330	0.01302	0.00580	0.00518
8	0.67001	0.01174	0.01033	0.00931	0.01245	0.01398	0.00772	0.01723	0.01051	0.02522	0.00994	0.01407	0.00859	0.00704	0.00622	0.00205	0.10599	0.04724	0.00376	0.00658
9	0.13738	0.13603	0.09002	0.01521	0.11302	0.01522	0.01198	0.07893	0.06911	0.16353	0.01401	0.01474	0.01042	0.00658	0.00628	0.00181	0.05807	0.00486	0.00441	0.04838
10	0.01590	0.10573	0.36163	0.01511	0.02156	0.14024	0.01622	0.09011	0.09647	0.02072	0.01239	0.01356	0.00934	0.00620	0.00558	0.00176	0.00819	0.00461	0.00349	0.05117

[dist]
# distance from previous block
# <min> <max>
0	17

[block]
# block no. 11 follows, 37 sequences, length 13
# corresponding to MSA columns:
# 1208-1220
name=unknown_L
#
# <colnr> <probs for GDERKNQSTAVLIFYWHMCP>
#	G	D	E	R	K	N	Q	S	T	A	V	L	I	F	Y	W	H	M	C	P
0	0.07314	0.08505	0.02032	0.01480	0.01892	0.08019	0.11038	0.31088	0.06565	0.02685	0.01443	0.06683	0.01197	0.00778	0.00704	0.00193	0.06433	0.00616	0.00470	0.00865
1	0.01628	0.08142	0.01960	0.25044	0.16020	0.01395	0.02849	0.06534	0.06850	0.13134	0.01414	0.01622	0.01053	0.00620	0.00578	0.00178	0.00673	0.00532	0.00409	0.09364
2	0.01366	0.01441	0.02540	0.07608	0.02414	0.01711	0.28730	0.01668	0.01154	0.01668	0.00992	0.01481	0.00853	0.00823	0.01410	0.00239	0.42280	0.00608	0.00284	0.00730
3	0.00795	0.00566	0.00749	0.00840	0.00881	0.00562	0.00565	0.00901	0.01086	0.01467	0.02800	0.50926	0.03267	0.16970	0.14201	0.00441	0.00622	0.01391	0.00489	0.00482
4	0.01550	0.03824	0.01416	0.01183	0.01498	0.01183	0.04558	0.07056	0.28627	0.13619	0.08636	0.14511	0.02469	0.01055	0.00668	0.00211	0.00506	0.05991	0.00606	0.00834
5	0.02107	0.02406	0.01888	0.01605	0.01947	0.48995	0.07509	0.13853	0.01822	0.01954	0.01085	0.01272	0.00871	0.00673	0.00681	0.00174	0.06688	0.00466	0.03236	0.00767
6	0.00944	0.00780	0.00816	0.00766	0.01002	0.00740	0.00586	0.05954	0.10544	0.01995	0.12376	0.05013	0.53495	0.01376	0.00703	0.00204	0.00354	0.01149	0.00589	0.00614
7	0.01085	0.00671	0.00895	0.00943	0.01066	0.00646	0.00704	0.01241	0.01295	0.11834	0.03317	0.48077	0.08646	0.01658	0.00817	0.00243	0.03742	0.11948	0.00581	0.00592
8	0.00840	0.00600	0.00818	0.00960	0.01037	0.00578	0.00732	0.01015	0.01265	0.01668	0.03322	0.50195	0.03843	0.01829	0.00806	0.00262	0.00437	0.28703	0.00566	0.00523
9	0.01238	0.01105	0.01802	0.47090	0.11904	0.01282	0.05029	0.01707	0.07668	0.01736	0.01286	0.01737	0.01002	0.00737	0.00736	0.06221	0.00731	0.00567	0.05712	0.00710
10	0.01207	0.00766	0.00936	0.00887	0.01035	0.00819	0.00658	0.05097	0.06196	0.07569	0.02091	0.13054	0.01976	0.15171	0.16986	0.00428	0.03898	0.00816	0.19797	0.00613
11	0.20548	0.01409	0.01291	0.01125	0.01457	0.10832	0.00881	0.21476	0.07229	0.07503	0.01779	0.15981	0.01604	0.00916	0.00578	0.00195	0.00585	0.00722	0.03101	0.00788
12	0.10004	0.05194	0.08523	0.01216	0.01692	0.01474	0.01080	0.28683	0.09587	0.16599	0.02052	0.01978	0.07676	0.00781	0.00588	0.00188	0.00594	0.00602	0.00564	0.00924

[dist]
# distance from previous block
# <min> <max>
4	11

[block]
# block no. 12 follows, 37 sequences, length 7
# corresponding to MSA columns:
# 1232-1238
name=unknown_M
#
# <colnr> <probs for GDERKNQSTAVLIFYWHMCP>
#	G	D	E	R	K	N	Q	S	T	A	V	L	I	F	Y	W	H	M	C	P
0	0.01924	0.01399	0.01563	0.05565	0.01812	0.01538	0.01052	0.36515	0.21315	0.09519	0.05618	0.02146	0.05588	0.00826	0.00627	0.00193	0.00579	0.00662	0.00609	0.00950
1	0.00901	0.00638	0.00893	0.00893	0.00986	0.00718	0.00667	0.01088	0.00994	0.01457	0.01721	0.02670	0.01653	0.16975	0.56780	0.00842	0.01339	0.00689	0.07579	0.00518
2	0.01817	0.25461	0.02193	0.06550	0.01889	0.22841	0.01178	0.10485	0.07760	0.01854	0.01102	0.01281	0.00915	0.00688	0.00724	0.00175	0.11501	0.00448	0.00351	0.00787
3	0.01380	0.01160	0.01327	0.00976	0.01500	0.00964	0.00782	0.07795	0.07002	0.02199	0.01229	0.01365	0.00993	0.00507	0.00480	0.00108	0.00475	0.00404	0.00404	0.68950
4	0.01693	0.04855	0.10171	0.02817	0.05943	0.06437	0.06203	0.12529	0.07872	0.13027	0.04572	0.04665	0.07076	0.00818	0.00670	0.00191	0.03824	0.00670	0.05122	0.00842
5	0.01650	0.06662	0.03602	0.03671	0.04119	0.01489	0.01062	0.22262	0.26807	0.04884	0.02184	0.09998	0.03638	0.00930	0.00632	0.00202	0.00567	0.04195	0.00558	0.00888
6	0.08853	0.03131	0.03531	0.05096	0.16873	0.12050	0.09781	0.08585	0.03117	0.04020	0.01305	0.01768	0.01097	0.02328	0.00687	0.00191	0.03334	0.04453	0.00379	0.09420

[dist]
# distance from previous block
# <min> <max>
4	18

[block]
# block no. 13 follows, 37 sequences, length 34
# corresponding to MSA columns:
# 1263-1296
name=unknown_N
#
# <colnr> <probs for GDERKNQSTAVLIFYWHMCP>
#	G	D	E	R	K	N	Q	S	T	A	V	L	I	F	Y	W	H	M	C	P
0	0.01229	0.05817	0.27045	0.01207	0.01708	0.01058	0.01259	0.03918	0.01424	0.06066	0.14310	0.14338	0.02314	0.00935	0.00619	0.00186	0.00591	0.02729	0.00444	0.12805
1	0.27507	0.07512	0.01448	0.01066	0.01473	0.01493	0.00880	0.15801	0.12738	0.02602	0.01439	0.01511	0.03396	0.00680	0.00577	0.00175	0.04784	0.00478	0.00451	0.13989
2	0.02992	0.01139	0.01525	0.13181	0.10419	0.01147	0.01095	0.08133	0.10415	0.17980	0.09242	0.04310	0.01755	0.00753	0.00602	0.00179	0.00559	0.00641	0.00519	0.13413
3	0.08981	0.03402	0.01637	0.09353	0.16139	0.01372	0.01143	0.18518	0.08346	0.07649	0.02725	0.06139	0.01445	0.09465	0.00877	0.00237	0.00619	0.00653	0.00469	0.00830
4	0.05382	0.00708	0.00811	0.00766	0.00952	0.00675	0.00571	0.01329	0.05589	0.06485	0.31655	0.08080	0.21359	0.07434	0.00871	0.00229	0.00357	0.01044	0.05108	0.00596
5	0.06661	0.02027	0.01798	0.05068	0.06012	0.31502	0.05145	0.16605	0.09192	0.08112	0.01356	0.01448	0.01020	0.00667	0.00582	0.00179	0.00833	0.00504	0.00443	0.00846
6	0.01318	0.01337	0.01981	0.58961	0.09805	0.08991	0.05698	0.01703	0.01303	0.01616	0.01087	0.01569	0.00832	0.00603	0.00612	0.00198	0.00850	0.00539	0.00281	0.00716
7	0.01661	0.05474	0.05952	0.01592	0.07661	0.01291	0.12367	0.08437	0.14400	0.16090	0.02028	0.13013	0.01722	0.01001	0.03117	0.00227	0.00667	0.01921	0.00514	0.00864
8	0.00744	0.00542	0.00701	0.00829	0.00882	0.00499	0.00558	0.00855	0.01195	0.01572	0.03662	0.70728	0.11223	0.01880	0.00775	0.00244	0.00351	0.01694	0.00568	0.00499
9	0.01787	0.01791	0.01717	0.05682	0.11578	0.30860	0.05174	0.02046	0.01564	0.09183	0.01743	0.02823	0.01606	0.00900	0.00654	0.00201	0.00835	0.18687	0.00421	0.00745
10	0.01208	0.01142	0.01931	0.66315	0.14507	0.01374	0.01726	0.01610	0.01249	0.01628	0.01097	0.01615	0.00838	0.00602	0.00611	0.00201	0.00803	0.00544	0.00277	0.00722
11	0.01156	0.01088	0.01836	0.77016	0.04216	0.01360	0.01700	0.01564	0.01224	0.01564	0.01088	0.01632	0.00816	0.00612	0.00612	0.00204	0.00816	0.00544	0.00272	0.00680
12	0.00885	0.00615	0.00778	0.00778	0.00816	0.00653	0.00508	0.00961	0.00923	0.01268	0.01828	0.03448	0.01983	0.52733	0.28538	0.00729	0.00958	0.00809	0.00356	0.00432
13	0.00868	0.00617	0.00824	0.00839	0.00895	0.00666	0.00581	0.00984	0.00964	0.01338	0.01937	0.10786	0.02076	0.35054	0.38047	0.00746	0.01074	0.00864	0.00370	0.00468
14	0.00831	0.00631	0.00898	0.01156	0.08419	0.00600	0.00713	0.00968	0.01201	0.01614	0.03144	0.68408	0.03721	0.01772	0.00765	0.00243	0.00399	0.03430	0.00541	0.00547
15	0.01039	0.00819	0.00962	0.00899	0.01105	0.00839	0.00688	0.01716	0.21694	0.02390	0.45751	0.04130	0.11124	0.01176	0.00698	0.00201	0.00354	0.03088	0.00646	0.00680
16	0.01544	0.01722	0.03256	0.06906	0.03083	0.07529	0.58528	0.05894	0.01534	0.02005	0.01219	0.01596	0.00917	0.00543	0.00696	0.00201	0.01005	0.00676	0.00325	0.00819
17	0.01442	0.01448	0.02672	0.14662	0.45742	0.01464	0.19775	0.01851	0.01381	0.01923	0.01164	0.01567	0.00936	0.00548	0.00636	0.00191	0.00818	0.00590	0.00300	0.00889
18	0.02327	0.01031	0.01338	0.01082	0.01490	0.00955	0.00872	0.02794	0.13019	0.55156	0.06548	0.06822	0.01964	0.00867	0.00633	0.00196	0.00492	0.00723	0.00720	0.00971
19	0.01302	0.01229	0.02077	0.37547	0.37573	0.01353	0.01717	0.01671	0.01302	0.01771	0.01256	0.06169	0.01083	0.00659	0.00619	0.00196	0.00746	0.00617	0.00305	0.00807
20	0.01415	0.22266	0.31756	0.01487	0.02111	0.01660	0.07232	0.05980	0.09728	0.01968	0.01416	0.05545	0.01192	0.00704	0.00569	0.00185	0.00748	0.02837	0.00352	0.00850
21	0.02453	0.01040	0.01368	0.01082	0.01514	0.00946	0.00882	0.02868	0.10121	0.60813	0.08192	0.02306	0.01898	0.00806	0.00625	0.00192	0.00498	0.00664	0.00735	0.00996
22	0.06088	0.01702	0.02326	0.05114	0.02366	0.11598	0.27081	0.17658	0.07508	0.02393	0.01307	0.01513	0.00988	0.00606	0.00616	0.00182	0.00820	0.00572	0.00410	0.09152
23	0.00909	0.00725	0.00830	0.00809	0.01006	0.00693	0.00626	0.01337	0.11278	0.02076	0.29360	0.05043	0.33239	0.01362	0.00722	0.00209	0.00352	0.08206	0.00612	0.00604
24	0.00805	0.00613	0.00673	0.00672	0.00788	0.00569	0.00455	0.00906	0.01167	0.01464	0.05405	0.04824	0.38339	0.32329	0.08020	0.00425	0.00534	0.01075	0.00472	0.00463
25	0.82811	0.01184	0.00900	0.00805	0.01184	0.01373	0.00663	0.01799	0.01042	0.02746	0.00852	0.00994	0.00663	0.00568	0.00379	0.00189	0.00474	0.00331	0.00379	0.00663
26	0.00740	0.00605	0.00654	0.00675	0.00846	0.00518	0.00494	0.00898	0.01384	0.01707	0.11614	0.18926	0.55632	0.01591	0.00734	0.00213	0.00316	0.01357	0.00578	0.00518
27	0.00780	0.00559	0.00741	0.00829	0.00895	0.00520	0.00571	0.00938	0.01330	0.01815	0.23433	0.57310	0.04537	0.01729	0.00765	0.00233	0.00336	0.01561	0.00598	0.00520
28	0.00880	0.00652	0.00838	0.00865	0.01021	0.00610	0.00698	0.01140	0.01554	0.02080	0.36152	0.05645	0.18488	0.01463	0.00765	0.00226	0.00389	0.25358	0.00615	0.00561
29	0.63361	0.01180	0.01045	0.00889	0.01291	0.01304	0.00733	0.05285	0.01266	0.17033	0.01188	0.01231	0.00848	0.00613	0.00436	0.00189	0.00492	0.00397	0.00464	0.00755
30	0.01622	0.01421	0.01437	0.01274	0.01630	0.04975	0.00994	0.08779	0.64595	0.02616	0.02339	0.02164	0.01753	0.00814	0.00619	0.00203	0.00528	0.00667	0.00608	0.00963
31	0.00811	0.00591	0.00773	0.00901	0.00963	0.00572	0.00632	0.01020	0.04963	0.01642	0.03314	0.66886	0.03882	0.01838	0.00780	0.00250	0.00383	0.08700	0.00571	0.00529
32	0.51994	0.01401	0.01220	0.01020	0.01430	0.05682	0.00835	0.19397	0.01591	0.08752	0.01135	0.01205	0.00832	0.00628	0.00465	0.00186	0.00562	0.00412	0.00463	0.00789
33	0.01072	0.07156	0.01422	0.01069	0.01320	0.04779	0.10306	0.01369	0.01636	0.02212	0.50951	0.03786	0.08342	0.01079	0.00687	0.00188	0.00462	0.00966	0.00567	0.00631

[dist]
# distance from previous block
# <min> <max>
0	1

[block]
# block no. 14 follows, 37 sequences, length 15
# corresponding to MSA columns:
# 1298-1312
name=unknown_O
#
# <colnr> <probs for GDERKNQSTAVLIFYWHMCP>
#	G	D	E	R	K	N	Q	S	T	A	V	L	I	F	Y	W	H	M	C	P
0	0.05395	0.07828	0.01958	0.06810	0.02024	0.07183	0.12998	0.09680	0.09528	0.15697	0.01566	0.01702	0.01166	0.01019	0.07714	0.00257	0.00796	0.00565	0.00461	0.05654
1	0.07848	0.01525	0.01948	0.22553	0.17987	0.12174	0.06135	0.09648	0.01488	0.02005	0.01140	0.01505	0.00914	0.00901	0.05864	0.00246	0.04472	0.00526	0.00337	0.00785
2	0.00902	0.00624	0.00825	0.00839	0.00910	0.00672	0.00600	0.01046	0.01007	0.01435	0.01945	0.06625	0.02015	0.30737	0.35867	0.00702	0.01033	0.04908	0.06825	0.00484
3	0.04957	0.00956	0.01400	0.20881	0.02093	0.01051	0.05245	0.04585	0.04749	0.07523	0.05373	0.26001	0.02319	0.01155	0.00753	0.00223	0.04555	0.05030	0.00475	0.00676
4	0.01684	0.32202	0.06439	0.01467	0.09731	0.04038	0.01182	0.15556	0.07175	0.02165	0.01253	0.01395	0.01013	0.00638	0.00565	0.00164	0.03949	0.00464	0.08071	0.00849
5	0.01047	0.00661	0.00861	0.00804	0.00976	0.00601	0.00605	0.01306	0.01664	0.10035	0.56338	0.11321	0.08862	0.01278	0.00716	0.00198	0.00321	0.01125	0.00667	0.00616
