[name]
unknown

[dist]
# distance from previous block
# <min> <max>
8	41

[block]
# block no. 0 follows, 40 sequences, length 9
# corresponding to MSA columns:
# 44-52
name=unknown_A
#
# <colnr> <probs for GDERKNQSTAVLIFYWHMCP>
#	G	D	E	R	K	N	Q	S	T	A	V	L	I	F	Y	W	H	M	C	P
0	0.01925	0.01237	0.01418	0.01121	0.01556	0.01248	0.00907	0.21527	0.21285	0.23102	0.01832	0.01726	0.01298	0.00677	0.00556	0.00165	0.00512	0.00542	0.00577	0.16790
1	0.73382	0.01246	0.00962	0.00845	0.01210	0.05188	0.00691	0.07207	0.01155	0.02629	0.00859	0.00984	0.00663	0.00555	0.00385	0.00178	0.00495	0.00334	0.00374	0.00659
2	0.00978	0.00672	0.00781	0.00717	0.00925	0.00603	0.00549	0.04306	0.01543	0.08607	0.32798	0.04599	0.38232	0.01260	0.00673	0.00189	0.00319	0.01070	0.00597	0.00580
3	0.01370	0.03317	0.01519	0.07604	0.01620	0.12002	0.01069	0.05850	0.01311	0.04114	0.15373	0.01953	0.01759	0.01167	0.06907	0.00262	0.31176	0.00602	0.00374	0.00652
4	0.01670	0.01199	0.01322	0.01155	0.01507	0.01332	0.00908	0.03041	0.60781	0.16668	0.02353	0.02133	0.01710	0.00776	0.00590	0.00194	0.00467	0.00643	0.00616	0.00934
5	0.01101	0.00872	0.01378	0.01127	0.01390	0.00836	0.14719	0.01553	0.08995	0.06792	0.49386	0.03445	0.03977	0.00985	0.00670	0.00187	0.00443	0.00913	0.00573	0.00659
6	0.01241	0.17821	0.62392	0.01530	0.02320	0.01534	0.01926	0.01822	0.01219	0.01750	0.00998	0.01171	0.00739	0.00542	0.00518	0.00173	0.00814	0.00407	0.00246	0.00838
7	0.83671	0.01125	0.00855	0.00765	0.01125	0.01305	0.00630	0.01709	0.00990	0.02609	0.00810	0.00945	0.00630	0.00540	0.00360	0.00180	0.00450	0.00315	0.00360	0.00630
8	0.01931	0.02084	0.01799	0.01501	0.01861	0.39250	0.09984	0.19573	0.06047	0.02118	0.04343	0.04315	0.01196	0.00691	0.00577	0.00169	0.00849	0.00541	0.00407	0.00765

[dist]
# distance from previous block
# <min> <max>
0	1

[block]
# block no. 1 follows, 40 sequences, length 34
# corresponding to MSA columns:
# 54-87
name=unknown_B
#
# <colnr> <probs for GDERKNQSTAVLIFYWHMCP>
#	G	D	E	R	K	N	Q	S	T	A	V	L	I	F	Y	W	H	M	C	P
0	0.00966	0.00705	0.00956	0.01059	0.07922	0.00674	0.00709	0.01275	0.05298	0.05260	0.40163	0.19207	0.07484	0.01248	0.00684	0.00198	0.00359	0.04653	0.00578	0.00603
1	0.02482	0.01194	0.01476	0.01131	0.01586	0.01157	0.00935	0.25538	0.02006	0.53152	0.02008	0.01793	0.01296	0.00713	0.00584	0.00178	0.00541	0.00565	0.00676	0.00989
2	0.83671	0.01125	0.00855	0.00765	0.01125	0.01305	0.00630	0.01709	0.00990	0.02609	0.00810	0.00945	0.00630	0.00540	0.00360	0.00180	0.00450	0.00315	0.00360	0.00630
3	0.10243	0.01450	0.01583	0.01293	0.04355	0.05861	0.03175	0.35827	0.03554	0.14511	0.01406	0.01421	0.01004	0.00635	0.00541	0.00164	0.00604	0.00488	0.00515	0.11368
4	0.01069	0.00987	0.01637	0.62630	0.08228	0.01187	0.01476	0.01419	0.01184	0.01535	0.03192	0.08949	0.02682	0.00726	0.00601	0.00196	0.00707	0.00651	0.00302	0.00642
5	0.02609	0.00990	0.01350	0.01035	0.01484	0.00855	0.00855	0.02834	0.01664	0.76338	0.02294	0.01979	0.01439	0.00720	0.00585	0.00180	0.00495	0.00585	0.00720	0.00990
6	0.02452	0.01016	0.01346	0.01058	0.01487	0.00918	0.00874	0.06332	0.04822	0.65651	0.02293	0.02197	0.01531	0.00768	0.00596	0.00185	0.00503	0.04310	0.00698	0.00963
7	0.07942	0.01337	0.04123	0.19459	0.16887	0.01389	0.21399	0.04357	0.03240	0.03191	0.01199	0.01675	0.00969	0.00627	0.00703	0.00196	0.06799	0.03425	0.00321	0.00762
8	0.00728	0.00514	0.00669	0.00785	0.00814	0.00485	0.00513	0.00815	0.01075	0.01434	0.03010	0.68471	0.03600	0.12871	0.01057	0.00283	0.00370	0.01538	0.00513	0.00455
9	0.01926	0.01526	0.11745	0.01244	0.01710	0.02873	0.01113	0.17909	0.26487	0.24255	0.01928	0.01797	0.01346	0.00713	0.00581	0.00185	0.00575	0.00571	0.00574	0.00942
10	0.01354	0.01308	0.02272	0.21424	0.54619	0.01365	0.05736	0.01717	0.01288	0.01798	0.01084	0.01473	0.00884	0.00532	0.00583	0.00179	0.00727	0.00527	0.00281	0.00847
11	0.01310	0.01893	0.23290	0.02424	0.18529	0.01388	0.36329	0.01808	0.01314	0.01854	0.01183	0.03782	0.00940	0.00553	0.00627	0.00189	0.00865	0.00608	0.00287	0.00825
12	0.01098	0.01034	0.01744	0.78165	0.04005	0.01292	0.01615	0.01486	0.01163	0.01486	0.01034	0.01550	0.00775	0.00581	0.00581	0.00194	0.00775	0.00517	0.00258	0.00646
13	0.01398	0.05431	0.44434	0.01670	0.02363	0.01345	0.15978	0.05515	0.01368	0.09330	0.01302	0.04953	0.00992	0.00620	0.00585	0.00186	0.00802	0.00552	0.00333	0.00842
14	0.01537	0.01511	0.13524	0.05651	0.34278	0.01267	0.07093	0.01898	0.01328	0.14964	0.01387	0.05408	0.01112	0.00657	0.00677	0.00187	0.05709	0.00586	0.00367	0.00861
15	0.01389	0.18632	0.16029	0.05490	0.02425	0.01539	0.32379	0.03503	0.01323	0.04747	0.01247	0.06389	0.01038	0.00607	0.00587	0.00180	0.00802	0.00606	0.00314	0.00776
16	0.01350	0.01692	0.15577	0.04484	0.06917	0.01345	0.46975	0.01823	0.01336	0.05449	0.01330	0.06529	0.01075	0.00602	0.00653	0.00194	0.00872	0.00685	0.00321	0.00791
17	0.01544	0.01735	0.21130	0.04226	0.28610	0.01308	0.10446	0.02032	0.05040	0.14276	0.01345	0.01526	0.00991	0.00584	0.00618	0.00183	0.02620	0.00534	0.00363	0.00886
18	0.01413	0.15503	0.44581	0.01544	0.02240	0.01465	0.09869	0.03805	0.01316	0.09127	0.01207	0.03289	0.00910	0.00589	0.00546	0.00176	0.00778	0.00488	0.00315	0.00838
19	0.00838	0.00596	0.00796	0.00796	0.00852	0.00652	0.00555	0.00950	0.00894	0.01248	0.01684	0.02985	0.01758	0.38974	0.43061	0.00764	0.01100	0.00726	0.00330	0.00442
20	0.01383	0.02501	0.57032	0.01573	0.02320	0.01247	0.06504	0.01960	0.01322	0.13178	0.04571	0.01503	0.01065	0.00602	0.00572	0.00184	0.00786	0.00498	0.00338	0.00860
21	0.01929	0.13046	0.09713	0.12045	0.02022	0.01266	0.04907	0.05561	0.03317	0.35432	0.01653	0.01645	0.01128	0.00637	0.00549	0.00174	0.00616	0.00521	0.02975	0.00865
22	0.01437	0.01315	0.02254	0.07094	0.59837	0.01310	0.06306	0.01777	0.01336	0.05595	0.01406	0.01697	0.04836	0.00580	0.00589	0.00177	0.00683	0.00569	0.00322	0.00879
23	0.01317	0.01252	0.02125	0.26370	0.51695	0.01330	0.01697	0.01673	0.01284	0.01785	0.03236	0.01558	0.01009	0.00557	0.00581	0.00179	0.00705	0.00533	0.00289	0.00826
24	0.01498	0.01511	0.09203	0.10554	0.19454	0.01337	0.31482	0.03580	0.01389	0.10889	0.01305	0.02845	0.00986	0.00567	0.00624	0.00188	0.00804	0.00607	0.00347	0.00832
25	0.01455	0.12544	0.17143	0.02336	0.24686	0.03751	0.21223	0.06542	0.01400	0.01907	0.01082	0.01350	0.00850	0.00529	0.00572	0.00174	0.00800	0.00514	0.00295	0.00845
26	0.00759	0.00624	0.00736	0.00831	0.04756	0.00553	0.00578	0.00926	0.01305	0.01622	0.07911	0.17513	0.50294	0.01481	0.00701	0.00208	0.00344	0.07810	0.00531	0.00517
27	0.01340	0.01788	0.25902	0.01898	0.14294	0.01234	0.16180	0.01912	0.08306	0.08090	0.04934	0.02020	0.08079	0.00683	0.00608	0.00187	0.00711	0.00631	0.00378	0.00824
28	0.01634	0.19791	0.08699	0.05226	0.09203	0.01469	0.07543	0.06910	0.05147	0.16454	0.01682	0.03152	0.05874	0.00690	0.00606	0.00174	0.03950	0.00563	0.00414	0.00819
29	0.01407	0.36138	0.14129	0.09922	0.03284	0.06613	0.01236	0.01885	0.10806	0.01629	0.01381	0.01606	0.04321	0.00638	0.00494	0.00161	0.00668	0.02607	0.00320	0.00756
30	0.05186	0.01754	0.01544	0.05172	0.01735	0.27289	0.01067	0.17482	0.05248	0.09490	0.01300	0.03296	0.01037	0.00951	0.05469	0.00227	0.10063	0.00509	0.00418	0.00763
31	0.01758	0.01317	0.05639	0.12329	0.06420	0.05139	0.10449	0.05708	0.06744	0.25712	0.01687	0.05629	0.01283	0.03092	0.00733	0.00201	0.04243	0.00625	0.00471	0.00821
32	0.01221	0.04970	0.01776	0.55082	0.07206	0.04399	0.01466	0.04609	0.01276	0.01643	0.05834	0.01653	0.01093	0.00642	0.00645	0.00189	0.04789	0.00536	0.00299	0.00675
33	0.50621	0.01150	0.01094	0.00900	0.01302	0.01231	0.00741	0.10642	0.01363	0.18995	0.01223	0.01245	0.00867	0.00592	0.00441	0.00173	0.00481	0.00402	0.00465	0.06074

[dist]
# distance from previous block
# <min> <max>
0	5

[block]
# block no. 2 follows, 40 sequences, length 11
# corresponding to MSA columns:
# 93-103
name=unknown_C
#
# <colnr> <probs for GDERKNQSTAVLIFYWHMCP>
#	G	D	E	R	K	N	Q	S	T	A	V	L	I	F	Y	W	H	M	C	P
0	0.10014	0.01047	0.01310	0.08803	0.09648	0.01120	0.01000	0.14045	0.08803	0.07393	0.02189	0.13445	0.05990	0.01001	0.00621	0.00203	0.00533	0.11610	0.00491	0.00734
1	0.07677	0.08984	0.05517	0.29722	0.07295	0.05657	0.01307	0.08315	0.01391	0.12053	0.01226	0.02874	0.00935	0.00637	0.00600	0.00181	0.04004	0.00500	0.00366	0.00759
2	0.00760	0.00609	0.00690	0.00717	0.00893	0.00539	0.00570	0.00948	0.01360	0.01685	0.12010	0.05703	0.51677	0.01477	0.00715	0.00212	0.00350	0.18029	0.00549	0.00507
3	0.13529	0.44977	0.10952	0.01036	0.01483	0.05113	0.01020	0.01646	0.01170	0.01625	0.01169	0.11701	0.01153	0.00696	0.00450	0.00156	0.00604	0.00512	0.00307	0.00702
4	0.12882	0.24532	0.02253	0.09166	0.17140	0.01603	0.08260	0.05483	0.01336	0.10571	0.01128	0.01306	0.00875	0.00551	0.00499	0.00165	0.00648	0.00453	0.00349	0.00801
5	0.04365	0.01486	0.01881	0.12658	0.34172	0.12288	0.01390	0.07678	0.01447	0.04416	0.01104	0.01363	0.00881	0.00549	0.00543	0.00161	0.00700	0.00469	0.00334	0.12114
6	0.00890	0.00899	0.11041	0.00775	0.00892	0.00672	0.00599	0.00982	0.00898	0.01225	0.01724	0.03452	0.01925	0.68732	0.02630	0.00512	0.00604	0.00789	0.00338	0.00422
7	0.06243	0.12260	0.14285	0.01599	0.05172	0.01337	0.21373	0.03732	0.01299	0.07771	0.01535	0.15632	0.01414	0.00789	0.00631	0.00189	0.02897	0.00723	0.00370	0.00749
8	0.10822	0.01628	0.12040	0.03472	0.10931	0.01481	0.07503	0.26807	0.09014	0.04155	0.01312	0.01424	0.00972	0.00612	0.00554	0.00176	0.00655	0.00505	0.00433	0.05503
9	0.01535	0.01511	0.08790	0.03915	0.01689	0.07166	0.01140	0.14089	0.18716	0.05822	0.01654	0.01840	0.04376	0.03931	0.03151	0.00236	0.18644	0.00580	0.00432	0.00784
10	0.01382	0.01380	0.11956	0.16320	0.06863	0.01227	0.09026	0.05531	0.12410	0.09718	0.11563	0.02094	0.03464	0.00735	0.00658	0.00190	0.03623	0.00640	0.00434	0.00784

[dist]
# distance from previous block
# <min> <max>
4	18

[block]
# block no. 3 follows, 40 sequences, length 25
# corresponding to MSA columns:
# 124-148
name=unknown_D
#
# <colnr> <probs for GDERKNQSTAVLIFYWHMCP>
#	G	D	E	R	K	N	Q	S	T	A	V	L	I	F	Y	W	H	M	C	P
0	0.08644	0.06247	0.03626	0.24907	0.07032	0.01144	0.03725	0.04387	0.01312	0.11635	0.05562	0.16021	0.01688	0.00849	0.00586	0.00191	0.00590	0.00737	0.00415	0.00701
1	0.01460	0.11588	0.05339	0.07240	0.19068	0.01564	0.25666	0.07535	0.10954	0.01995	0.01267	0.01508	0.00985	0.00561	0.00589	0.00179	0.00757	0.00563	0.00344	0.00837
2	0.07673	0.01120	0.01230	0.07895	0.01594	0.01263	0.00882	0.02458	0.48282	0.02223	0.05900	0.02196	0.01761	0.06692	0.00746	0.00215	0.00483	0.00633	0.00512	0.06243
3	0.07216	0.00639	0.00796	0.00756	0.00909	0.00631	0.00576	0.01119	0.01465	0.02153	0.53932	0.03842	0.08967	0.01648	0.12515	0.00300	0.00488	0.00940	0.00561	0.00547
4	0.83671	0.01125	0.00855	0.00765	0.01125	0.01305	0.00630	0.01709	0.00990	0.02609	0.00810	0.00945	0.00630	0.00540	0.00360	0.00180	0.00450	0.00315	0.00360	0.00630
5	0.00719	0.00514	0.00684	0.00803	0.00846	0.00479	0.00541	0.00835	0.01161	0.01560	0.09631	0.72543	0.03992	0.01766	0.00737	0.00231	0.00332	0.01600	0.00549	0.00479
6	0.00979	0.01008	0.08000	0.01274	0.06989	0.00815	0.11287	0.01325	0.01545	0.02189	0.52716	0.03450	0.04061	0.00982	0.00666	0.00184	0.00459	0.00904	0.00529	0.00638
7	0.01560	0.01306	0.01379	0.01206	0.01556	0.01500	0.00948	0.13652	0.64138	0.02616	0.02222	0.02054	0.01658	0.00775	0.00590	0.00194	0.00487	0.00638	0.00590	0.00931
8	0.09674	0.01083	0.01532	0.06612	0.16460	0.01030	0.01070	0.02433	0.01502	0.49824	0.01836	0.01749	0.01218	0.00654	0.00562	0.00179	0.00548	0.00542	0.00570	0.00920
9	0.01632	0.08642	0.38467	0.01409	0.03091	0.01255	0.03878	0.04101	0.01424	0.23264	0.06079	0.01633	0.01252	0.00637	0.00561	0.00178	0.00693	0.00516	0.00418	0.00870
10	0.01255	0.06530	0.48740	0.01650	0.02315	0.01399	0.11504	0.01785	0.01212	0.04419	0.01101	0.01355	0.00829	0.00828	0.05497	0.00236	0.07782	0.00483	0.00274	0.00807
11	0.00886	0.00641	0.00845	0.07614	0.01093	0.00668	0.00591	0.00977	0.00932	0.01278	0.01710	0.08681	0.01841	0.40818	0.18962	0.04951	0.00776	0.00778	0.00343	0.05615
12	0.01112	0.01187	0.08309	0.39947	0.18494	0.01161	0.01483	0.01481	0.01260	0.01712	0.10627	0.07708	0.01629	0.00736	0.00603	0.00190	0.00669	0.00663	0.00333	0.00698
13	0.01497	0.01344	0.06714	0.24523	0.23200	0.06900	0.02778	0.01821	0.01331	0.14052	0.01467	0.09187	0.01227	0.00707	0.00592	0.00186	0.00692	0.00627	0.00374	0.00782
14	0.01578	0.00978	0.01439	0.17810	0.12858	0.01001	0.01093	0.06560	0.01425	0.24246	0.02033	0.15200	0.04364	0.01105	0.05426	0.00239	0.00625	0.00766	0.00485	0.00769
15	0.01225	0.01161	0.01996	0.39575	0.10686	0.03335	0.15610	0.01595	0.01261	0.03752	0.03915	0.01954	0.01178	0.00875	0.05429	0.00240	0.00825	0.04380	0.00314	0.00695
16	0.07771	0.02184	0.37861	0.06711	0.03762	0.01387	0.08077	0.05097	0.06075	0.09283	0.04485	0.01772	0.01256	0.00729	0.00640	0.00217	0.00787	0.00568	0.00420	0.00917
17	0.01654	0.13817	0.20260	0.04387	0.06903	0.08256	0.08936	0.02037	0.02699	0.18375	0.01503	0.04694	0.02619	0.00653	0.00558	0.00174	0.00717	0.00548	0.00390	0.00820
18	0.01689	0.00950	0.01333	0.08798	0.07649	0.00916	0.03274	0.07115	0.01485	0.28887	0.02151	0.13903	0.04502	0.00863	0.00588	0.00181	0.00504	0.00746	0.10220	0.04247
19	0.01412	0.05970	0.16505	0.01334	0.01765	0.06421	0.10937	0.03047	0.08727	0.11740	0.05207	0.10276	0.08233	0.00882	0.00639	0.00192	0.02079	0.03437	0.00444	0.00753
20	0.04020	0.01643	0.12594	0.04475	0.11883	0.11563	0.05342	0.08823	0.06028	0.16166	0.01687	0.07404	0.03340	0.00777	0.01491	0.00191	0.00693	0.00617	0.00439	0.00821
21	0.07354	0.01159	0.06938	0.14233	0.04584	0.04455	0.02347	0.01595	0.01293	0.11345	0.05370	0.11221	0.07975	0.00834	0.00572	0.00174	0.00551	0.01943	0.00424	0.15632
22	0.01514	0.04277	0.11668	0.06335	0.19405	0.03839	0.01247	0.04048	0.02920	0.16832	0.08898	0.11702	0.01817	0.00811	0.00596	0.00183	0.00593	0.00704	0.00449	0.02163
23	0.07607	0.06098	0.12438	0.01302	0.04373	0.02234	0.02610	0.13800	0.10705	0.27553	0.01656	0.01603	0.01150	0.00662	0.00575	0.00178	0.01997	0.00518	0.00516	0.02426
24	0.09239	0.06069	0.04452	0.15289	0.05539	0.03384	0.05634	0.08705	0.06500	0.10837	0.11207	0.03742	0.01640	0.00708	0.00563	0.00177	0.00594	0.00597	0.00441	0.04681

[dist]
# distance from previous block
# <min> <max>
11	46

[block]
# block no. 4 follows, 40 sequences, length 18
# corresponding to MSA columns:
# 201-218
name=unknown_E
#
# <colnr> <probs for GDERKNQSTAVLIFYWHMCP>
#	G	D	E	R	K	N	Q	S	T	A	V	L	I	F	Y	W	H	M	C	P
0	0.01393	0.01453	0.09135	0.26999	0.21518	0.05440	0.04409	0.06292	0.01375	0.04977	0.01282	0.01573	0.03289	0.00589	0.00569	0.00174	0.00719	0.00519	0.00325	0.07970
1	0.01518	0.05685	0.03934	0.05027	0.59239	0.01403	0.01649	0.01844	0.01319	0.07833	0.01158	0.01446	0.00939	0.00557	0.00621	0.00175	0.03930	0.00510	0.00317	0.00897
2	0.01496	0.01422	0.09817	0.08264	0.35390	0.01242	0.05484	0.01965	0.07390	0.11935	0.01545	0.01720	0.04037	0.00608	0.00579	0.00176	0.00656	0.00558	0.00378	0.05339
3	0.01429	0.04357	0.02133	0.12225	0.52295	0.01348	0.01583	0.01834	0.05347	0.04852	0.01234	0.01596	0.01014	0.00568	0.00568	0.00173	0.00663	0.02066	0.00325	0.04390
4	0.01439	0.03896	0.01971	0.09182	0.34213	0.01221	0.07335	0.04577	0.02915	0.09228	0.04494	0.07187	0.01513	0.00740	0.00607	0.00185	0.00637	0.05508	0.00394	0.02758
5	0.01221	0.00902	0.01216	0.06434	0.09343	0.00937	0.00967	0.06747	0.07464	0.07905	0.06415	0.12311	0.10930	0.01185	0.00725	0.00217	0.03192	0.20702	0.00510	0.00677
6	0.23812	0.01188	0.01294	0.01226	0.08380	0.06216	0.00885	0.08631	0.01527	0.28787	0.08155	0.04499	0.01533	0.00724	0.00534	0.00179	0.00527	0.00566	0.00529	0.00808
7	0.01480	0.01054	0.01319	0.03848	0.01535	0.01000	0.03897	0.07429	0.15864	0.14103	0.01972	0.11029	0.03702	0.00795	0.00567	0.00163	0.00486	0.02155	0.00499	0.27104
8	0.00725	0.00521	0.00689	0.00806	0.00857	0.00486	0.00552	0.00847	0.01169	0.01560	0.08708	0.68483	0.06279	0.01755	0.00739	0.00232	0.00339	0.04224	0.00547	0.00481
9	0.02211	0.01629	0.01745	0.01338	0.01803	0.01803	0.01105	0.73997	0.02734	0.03665	0.01396	0.01396	0.00989	0.00698	0.00582	0.00175	0.00640	0.00524	0.00582	0.00989
10	0.00846	0.00564	0.00634	0.00634	0.00634	0.00564	0.00352	0.00846	0.00846	0.01128	0.01832	0.03805	0.02114	0.79563	0.02960	0.00564	0.00564	0.00846	0.00352	0.00352
11	0.17149	0.20702	0.01766	0.01050	0.01493	0.01537	0.00908	0.18440	0.05033	0.24376	0.01453	0.01407	0.01032	0.00630	0.00491	0.00166	0.00549	0.00457	0.00500	0.00860
12	0.14000	0.11916	0.10821	0.01002	0.01322	0.01042	0.00928	0.01486	0.01225	0.09009	0.02219	0.21369	0.05000	0.01115	0.00603	0.00205	0.00514	0.15125	0.00451	0.00647
13	0.13511	0.46790	0.12892	0.01069	0.01573	0.05008	0.01084	0.01826	0.01204	0.06766	0.00975	0.01130	0.00813	0.02660	0.00487	0.00158	0.00638	0.00364	0.00302	0.00748
14	0.16054	0.30235	0.10595	0.01097	0.01572	0.01679	0.02724	0.14836	0.01457	0.06183	0.01285	0.01439	0.03957	0.03940	0.00570	0.00176	0.00608	0.00448	0.00372	0.00770
15	0.07238	0.40735	0.28473	0.01206	0.01803	0.01802	0.01353	0.04778	0.01251	0.01752	0.00962	0.01109	0.00777	0.00536	0.00445	0.00152	0.00679	0.00372	0.03799	0.00779
16	0.13102	0.25763	0.30732	0.01282	0.03358	0.04521	0.01378	0.01767	0.01216	0.03761	0.02523	0.04281	0.01023	0.00627	0.00487	0.00168	0.00684	0.02264	0.00305	0.00761
17	0.06795	0.38349	0.31597	0.01232	0.01831	0.03530	0.01392	0.01743	0.01180	0.01624	0.00959	0.01210	0.00810	0.04866	0.00588	0.00176	0.00711	0.00389	0.00262	0.00760

[dist]
# distance from previous block
# <min> <max>
1	59

[block]
# block no. 5 follows, 40 sequences, length 51
# corresponding to MSA columns:
# 279-322,330-336
name=unknown_F
#
# <colnr> <probs for GDERKNQSTAVLIFYWHMCP>
#	G	D	E	R	K	N	Q	S	T	A	V	L	I	F	Y	W	H	M	C	P
0	0.06239	0.03947	0.05713	0.10599	0.31807	0.04322	0.01336	0.01739	0.01329	0.09842	0.06597	0.08125	0.01516	0.00721	0.00576	0.00180	0.00620	0.01685	0.00383	0.02723
1	0.03337	0.01155	0.03007	0.11534	0.32829	0.01118	0.01285	0.01684	0.05532	0.05130	0.03188	0.10490	0.01399	0.00702	0.00568	0.00170	0.00580	0.00635	0.00369	0.15289
2	0.04218	0.01341	0.03929	0.13833	0.39289	0.03643	0.01468	0.06581	0.06870	0.03633	0.01335	0.06166	0.01133	0.00644	0.00574	0.00179	0.00656	0.00579	0.00354	0.03573
3	0.04567	0.01075	0.01311	0.01434	0.16015	0.03373	0.00916	0.16328	0.01625	0.07219	0.12254	0.02997	0.16081	0.09671	0.00874	0.00225	0.00520	0.02311	0.00489	0.00717
4	0.00977	0.00960	0.06432	0.03174	0.17871	0.00833	0.00994	0.01289	0.05209	0.01712	0.05300	0.28590	0.13573	0.02796	0.00719	0.00217	0.00484	0.07774	0.00459	0.00637
5	0.01401	0.01332	0.02261	0.03391	0.71227	0.01329	0.01707	0.01742	0.01344	0.01927	0.05769	0.01621	0.01208	0.00560	0.00583	0.00173	0.00665	0.00552	0.00310	0.00898
6	0.01747	0.16015	0.01581	0.01132	0.01420	0.41626	0.00894	0.01939	0.01440	0.01628	0.01170	0.01351	0.00962	0.00604	0.00463	0.00141	0.00748	0.00411	0.24079	0.00649
7	0.01208	0.01042	0.01225	0.00884	0.01383	0.00809	0.00709	0.01462	0.01195	0.01878	0.01024	0.01208	0.00858	0.00450	0.00481	0.00092	0.03067	0.00350	0.00341	0.80333
8	0.06673	0.12216	0.08521	0.01182	0.01499	0.17138	0.01013	0.08652	0.09541	0.01799	0.01279	0.01734	0.01137	0.13916	0.04538	0.00272	0.07329	0.00514	0.00356	0.00692
9	0.01051	0.00646	0.00840	0.00762	0.00945	0.00585	0.00582	0.01309	0.01626	0.12099	0.61012	0.04118	0.09868	0.01146	0.00673	0.00183	0.00305	0.01002	0.00644	0.00603
10	0.01420	0.25265	0.39972	0.01440	0.03770	0.09227	0.01594	0.01857	0.01260	0.04091	0.01025	0.01200	0.00800	0.00713	0.03870	0.00196	0.00824	0.00405	0.00271	0.00798
11	0.01528	0.01231	0.01317	0.01173	0.01510	0.01405	0.00916	0.03072	0.69762	0.07603	0.02362	0.02156	0.01752	0.00784	0.00591	0.00196	0.00463	0.00652	0.00601	0.00925
12	0.04206	0.18727	0.01847	0.01134	0.01567	0.01583	0.00967	0.33987	0.01951	0.20292	0.01438	0.01447	0.01035	0.00747	0.00649	0.05965	0.00587	0.00484	0.00512	0.00874
13	0.00841	0.00566	0.00654	0.00658	0.00665	0.00572	0.00381	0.00857	0.00858	0.01151	0.01851	0.05680	0.02118	0.72814	0.07563	0.00578	0.00620	0.00853	0.00355	0.00366
14	0.00709	0.00506	0.00675	0.00810	0.00843	0.00472	0.00540	0.00810	0.01113	0.01484	0.03205	0.79184	0.03846	0.01822	0.00742	0.00236	0.00337	0.01653	0.00540	0.00472
15	0.01297	0.01031	0.01250	0.05723	0.01550	0.00813	0.00759	0.01561	0.01235	0.07078	0.01122	0.01282	0.00896	0.00460	0.00451	0.00099	0.00457	0.00372	0.00365	0.72199
16	0.01547	0.74409	0.02926	0.01008	0.01494	0.02241	0.00990	0.01836	0.06338	0.01443	0.00917	0.01019	0.00818	0.00518	0.00388	0.00129	0.00611	0.00335	0.00273	0.00758
17	0.01370	0.01253	0.02087	0.19154	0.38597	0.01284	0.06967	0.01709	0.01272	0.04826	0.01113	0.01457	0.00893	0.00548	0.00625	0.00171	0.04108	0.00510	0.00306	0.11748
18	0.04214	0.11490	0.43046	0.01497	0.02139	0.03758	0.05963	0.01903	0.01264	0.10034	0.01186	0.01430	0.00894	0.00623	0.00637	0.00183	0.06213	0.02393	0.00315	0.00818
19	0.01217	0.01046	0.01689	0.67941	0.03673	0.01275	0.01519	0.01683	0.06352	0.06248	0.01206	0.01621	0.00887	0.00605	0.00582	0.00193	0.00736	0.00531	0.00311	0.00687
20	0.01261	0.20772	0.58009	0.01521	0.02291	0.01573	0.03385	0.01819	0.01220	0.01733	0.00992	0.01167	0.00742	0.00538	0.00514	0.00171	0.00807	0.00408	0.00247	0.00832
21	0.01713	0.03675	0.14682	0.03184	0.18547	0.04316	0.10171	0.02074	0.01427	0.24482	0.03247	0.03568	0.01315	0.00684	0.00598	0.00184	0.00685	0.04154	0.00437	0.00858
22	0.10521	0.01815	0.28316	0.06844	0.09652	0.01220	0.08706	0.02037	0.01333	0.20585	0.01385	0.01556	0.00983	0.00604	0.00562	0.00185	0.00707	0.01750	0.00392	0.00846
23	0.01244	0.04901	0.22244	0.01414	0.08401	0.00992	0.04215	0.01581	0.01286	0.11783	0.02249	0.22289	0.06386	0.01047	0.00637	0.00202	0.00591	0.07380	0.00436	0.00723
24	0.01706	0.01569	0.19976	0.10786	0.17173	0.01147	0.02916	0.02124	0.03324	0.27670	0.01725	0.01782	0.04156	0.00650	0.00581	0.00183	0.00657	0.00556	0.00442	0.00877
25	0.03595	0.06223	0.12341	0.20840	0.10775	0.01202	0.07304	0.01799	0.01313	0.15725	0.01730	0.04991	0.05822	0.00722	0.00588	0.00187	0.00668	0.03017	0.00390	0.00769
26	0.01312	0.02321	0.52059	0.04631	0.02270	0.01188	0.04534	0.01844	0.01280	0.11720	0.01513	0.08728	0.02605	0.00710	0.00584	0.00190	0.00752	0.00594	0.00344	0.00822
27	0.01215	0.01383	0.12644	0.50332	0.16162	0.01308	0.01685	0.01662	0.02935	0.03589	0.01110	0.01510	0.00836	0.00575	0.00577	0.00188	0.00758	0.00510	0.00282	0.00740
28	0.01431	0.01679	0.21752	0.19690	0.05415	0.03792	0.12331	0.03288	0.02715	0.12941	0.04541	0.03462	0.03023	0.00660	0.00599	0.00187	0.00742	0.00592	0.00373	0.00786
29	0.01410	0.01177	0.02049	0.41084	0.20412	0.01278	0.10617	0.01780	0.01293	0.11429	0.01231	0.01583	0.00910	0.00573	0.00594	0.00187	0.00744	0.00547	0.00330	0.00773
30	0.00830	0.00577	0.00803	0.00970	0.04848	0.00547	0.00627	0.00954	0.01139	0.04560	0.02984	0.68538	0.03488	0.01820	0.04090	0.00261	0.00416	0.01504	0.00524	0.00519
31	0.01497	0.01399	0.08768	0.20167	0.19614	0.01316	0.13087	0.01972	0.06815	0.13366	0.01352	0.01597	0.01000	0.00610	0.00666	0.00190	0.04838	0.00557	0.00366	0.00824
32	0.05219	0.01272	0.06028	0.05819	0.18977	0.03167	0.13210	0.01928	0.01400	0.21022	0.05807	0.08758	0.01586	0.00753	0.00611	0.00188	0.00643	0.02356	0.00448	0.00809
33	0.01141	0.02880	0.72534	0.01601	0.02425	0.01305	0.02058	0.01788	0.01233	0.01827	0.01300	0.01459	0.04700	0.00601	0.00560	0.00185	0.00830	0.00472	0.00261	0.00840
34	0.01029	0.00554	0.00846	0.00910	0.04738	0.00556	0.00578	0.00818	0.00791	0.01065	0.01026	0.01762	0.01015	0.01992	0.03820	0.76904	0.00538	0.00508	0.00256	0.00294
35	0.01075	0.05018	0.26668	0.01377	0.08245	0.01051	0.01271	0.01488	0.04508	0.03397	0.05215	0.17172	0.13057	0.01028	0.00677	0.00199	0.03825	0.03625	0.00403	0.00702
36	0.01848	0.04512	0.30366	0.01521	0.05120	0.01178	0.08858	0.02275	0.01437	0.34658	0.01602	0.01593	0.01069	0.00617	0.00575	0.00181	0.00696	0.00524	0.00461	0.00908
37	0.01332	0.03167	0.34304	0.08783	0.06347	0.03343	0.12502	0.04058	0.04176	0.06565	0.03300	0.06947	0.01207	0.00674	0.00594	0.00188	0.00765	0.00601	0.00342	0.00804
38	0.01376	0.01559	0.03375	0.02510	0.06893	0.01466	0.70015	0.01859	0.01370	0.01865	0.01172	0.01562	0.00884	0.00492	0.00680	0.00195	0.00965	0.00677	0.00294	0.00792
39	0.01418	0.11935	0.50574	0.01560	0.04709	0.05160	0.01769	0.04195	0.04561	0.07140	0.01168	0.01291	0.00848	0.00574	0.00535	0.00175	0.00784	0.00440	0.00309	0.00855
40	0.01445	0.01207	0.06605	0.38960	0.14492	0.01210	0.01447	0.01893	0.06288	0.15407	0.03266	0.01761	0.02214	0.00637	0.00584	0.00187	0.00675	0.00557	0.00383	0.00780
41	0.00868	0.00637	0.00738	0.03890	0.01007	0.00567	0.00569	0.01053	0.01375	0.06682	0.13951	0.07931	0.51098	0.01372	0.00686	0.00200	0.00343	0.05940	0.00553	0.00540
42	0.01405	0.01347	0.02299	0.11009	0.68762	0.01373	0.01768	0.01755	0.01308	0.01859	0.01088	0.01450	0.00907	0.00524	0.00576	0.00175	0.00699	0.00518	0.00285	0.00894
43	0.01706	0.04549	0.16119	0.02002	0.21445	0.18868	0.04662	0.05781	0.01489	0.10990	0.01323	0.03375	0.01068	0.00648	0.00572	0.00175	0.00775	0.03261	0.00365	0.00827
44	0.01253	0.02732	0.63626	0.01739	0.02545	0.01346	0.11752	0.01885	0.01265	0.04889	0.01113	0.01304	0.00785	0.00551	0.00572	0.00186	0.00861	0.00471	0.00271	0.00855
45	0.01313	0.01283	0.01445	0.09404	0.16291	0.14027	0.01062	0.03641	0.01389	0.01803	0.08756	0.10416	0.04285	0.00825	0.00583	0.00167	0.00605	0.04712	0.00391	0.17602
46	0.00763	0.00561	0.00718	0.00785	0.00868	0.00527	0.00548	0.00966	0.03701	0.01755	0.23311	0.50891	0.09257	0.01589	0.00718	0.00217	0.00321	0.01425	0.00569	0.00509
47	0.01597	0.01935	0.29004	0.01592	0.05161	0.04047	0.10876	0.06366	0.11556	0.16114	0.04802	0.01693	0.01264	0.00645	0.00589	0.00184	0.00713	0.00558	0.00430	0.00872
48	0.00837	0.00606	0.00734	0.00694	0.00861	0.00540	0.00523	0.01068	0.01541	0.04514	0.50150	0.04680	0.28577	0.01267	0.00683	0.00187	0.00288	0.01094	0.00610	0.00544
49	0.01571	0.01178	0.01310	0.01139	0.01461	0.01316	0.00898	0.09132	0.48970	0.11056	0.10751	0.02302	0.02065	0.00827	0.00644	0.00193	0.03025	0.00678	0.00600	0.00882
50	0.00832	0.00618	0.00908	0.00908	0.01002	0.00712	0.00693	0.01021	0.00927	0.01330	0.01582	0.02421	0.01513	0.11113	0.70588	0.00901	0.01468	0.00643	0.00315	0.00504

[dist]
# distance from previous block
# <min> <max>
0	11

[block]
# block no. 6 follows, 40 sequences, length 6
# corresponding to MSA columns:
# 348-353
name=unknown_G
#
# <colnr> <probs for GDERKNQSTAVLIFYWHMCP>
#	G	D	E	R	K	N	Q	S	T	A	V	L	I	F	Y	W	H	M	C	P
0	0.02209	0.01836	0.01653	0.05075	0.01858	0.23975	0.01095	0.37859	0.02165	0.14509	0.01375	0.01394	0.00979	0.00667	0.00565	0.00169	0.00744	0.00489	0.00504	0.00879
1	0.00797	0.00579	0.00810	0.00850	0.00916	0.00625	0.00612	0.00940	0.00973	0.01354	0.02090	0.25312	0.02268	0.15627	0.42713	0.00668	0.01037	0.00964	0.00386	0.00479
2	0.01145	0.24043	0.01416	0.00808	0.00956	0.01047	0.00626	0.01063	0.00897	0.01135	0.01082	0.01846	0.01108	0.13961	0.01820	0.45314	0.00549	0.00502	0.00267	0.00415
3	0.01791	0.45308	0.02434	0.01150	0.01610	0.08108	0.01033	0.23286	0.06571	0.02124	0.01093	0.01162	0.00887	0.00584	0.00462	0.00146	0.00651	0.00402	0.00374	0.00824
4	0.59089	0.00941	0.00801	0.00778	0.01041	0.01058	0.00603	0.01443	0.01026	0.02276	0.01519	0.24127	0.01583	0.00920	0.00473	0.00197	0.00417	0.00711	0.00413	0.00583
5	0.01678	0.01260	0.06355	0.01178	0.01533	0.04077	0.02865	0.21230	0.04655	0.17391	0.01791	0.02070	0.03235	0.01823	0.23310	0.00406	0.00902	0.02960	0.00487	0.00793

[dist]
# distance from previous block
# <min> <max>
0	4

[block]
# block no. 7 follows, 40 sequences, length 13
# corresponding to MSA columns:
# 358-362,383-390
name=unknown_H
#
# <colnr> <probs for GDERKNQSTAVLIFYWHMCP>
#	G	D	E	R	K	N	Q	S	T	A	V	L	I	F	Y	W	H	M	C	P
0	0.01181	0.07102	0.01996	0.60987	0.10564	0.01387	0.05634	0.01555	0.01191	0.01537	0.01030	0.01494	0.00793	0.00564	0.00571	0.00187	0.00767	0.00511	0.00262	0.00687
1	0.01410	0.05594	0.29651	0.06084	0.09636	0.06039	0.01501	0.06865	0.10835	0.05214	0.06370	0.01692	0.01302	0.02818	0.00660	0.00191	0.02414	0.00533	0.00372	0.00819
2	0.00834	0.00587	0.00714	0.00763	0.00898	0.00534	0.00570	0.00997	0.01273	0.04862	0.08018	0.31168	0.29800	0.01605	0.02454	0.00233	0.00377	0.10589	0.03206	0.00517
3	0.01293	0.01249	0.06062	0.06570	0.03376	0.01261	0.08752	0.05626	0.33233	0.02175	0.11288	0.02530	0.02039	0.04242	0.00769	0.00215	0.03164	0.04881	0.00491	0.00783
4	0.00846	0.00575	0.00666	0.00653	0.00799	0.00528	0.00486	0.01077	0.01430	0.02050	0.35677	0.08407	0.22278	0.01172	0.00621	0.00178	0.00282	0.01006	0.20740	0.00528
5	0.01377	0.01556	0.13297	0.06774	0.13190	0.06934	0.03634	0.03073	0.12506	0.04695	0.01625	0.01745	0.06091	0.00628	0.00548	0.00160	0.00627	0.00529	0.00378	0.20633
6	0.01412	0.01372	0.02393	0.08356	0.66287	0.01382	0.06675	0.01771	0.01317	0.01870	0.01096	0.01455	0.00909	0.00520	0.00584	0.00176	0.00716	0.00529	0.00286	0.00894
7	0.54889	0.01158	0.01273	0.07081	0.13308	0.01279	0.02807	0.01811	0.01127	0.09116	0.01017	0.01179	0.00767	0.00555	0.00440	0.00180	0.00530	0.00397	0.00372	0.00714
8	0.01502	0.16026	0.01626	0.01117	0.01435	0.04838	0.00919	0.02351	0.34759	0.08751	0.07036	0.02127	0.05886	0.00808	0.00686	0.00184	0.08033	0.00618	0.00494	0.00806
9	0.01729	0.01420	0.01500	0.01312	0.01682	0.01547	0.01011	0.12893	0.57589	0.02728	0.02301	0.02246	0.01766	0.00879	0.00664	0.00223	0.00553	0.00677	0.00634	0.06647
10	0.00729	0.00591	0.00647	0.00633	0.00811	0.00509	0.00475	0.00916	0.01424	0.01806	0.27399	0.05210	0.54045	0.01385	0.00687	0.00192	0.00288	0.01173	0.00571	0.00509
11	0.50123	0.01137	0.01143	0.10519	0.01590	0.01316	0.00854	0.09228	0.01238	0.07366	0.01110	0.04938	0.00903	0.00667	0.00545	0.00189	0.05595	0.00457	0.00396	0.00686
12	0.01523	0.06701	0.11438	0.04501	0.29767	0.01451	0.16901	0.06867	0.06223	0.07062	0.01270	0.01493	0.00971	0.00560	0.00585	0.00179	0.00739	0.00544	0.00350	0.00875

[dist]
# distance from previous block
# <min> <max>
0	1

[block]
# block no. 8 follows, 40 sequences, length 27
# corresponding to MSA columns:
# 392-418
name=unknown_I
#
# <colnr> <probs for GDERKNQSTAVLIFYWHMCP>
#	G	D	E	R	K	N	Q	S	T	A	V	L	I	F	Y	W	H	M	C	P
0	0.00843	0.00573	0.00683	0.00683	0.00700	0.00590	0.00413	0.00877	0.00860	0.01164	0.01788	0.03558	0.02007	0.67328	0.15048	0.00624	0.00725	0.00809	0.00346	0.00380
1	0.00709	0.00506	0.00675	0.00810	0.00843	0.00472	0.00540	0.00810	0.01113	0.01484	0.03205	0.79184	0.03846	0.01822	0.00742	0.00236	0.00337	0.01653	0.00540	0.00472
2	0.01404	0.20007	0.47582	0.01508	0.02228	0.01527	0.07036	0.01914	0.01269	0.08735	0.01118	0.01257	0.00816	0.00551	0.00525	0.00171	0.00781	0.00436	0.00294	0.00841
3	0.01171	0.00956	0.04471	0.01472	0.12705	0.00864	0.07631	0.01497	0.06926	0.09015	0.05576	0.33772	0.02524	0.01233	0.00748	0.04077	0.00510	0.03705	0.00479	0.00666
4	0.01002	0.00672	0.00862	0.00781	0.00954	0.00633	0.00596	0.05021	0.01704	0.06795	0.67385	0.04049	0.05011	0.01135	0.00674	0.00182	0.00307	0.00996	0.00642	0.00598
5	0.01163	0.01103	0.01891	0.54854	0.19336	0.01276	0.04594	0.01531	0.01204	0.01591	0.01166	0.05596	0.00972	0.00629	0.00593	0.00192	0.00743	0.00584	0.00281	0.00702
6	0.01420	0.01374	0.08309	0.10487	0.14701	0.01216	0.26674	0.03438	0.01380	0.11220	0.04230	0.09961	0.01423	0.00712	0.00636	0.00192	0.00736	0.00719	0.00384	0.00786
7	0.01532	0.22470	0.08793	0.01864	0.06548	0.01683	0.32582	0.08429	0.04236	0.04648	0.01169	0.01387	0.00901	0.00537	0.00569	0.00172	0.00790	0.00537	0.00331	0.00819
8	0.00743	0.00523	0.00693	0.00809	0.00860	0.00492	0.00559	0.00873	0.01169	0.01586	0.08474	0.66775	0.03854	0.01722	0.00730	0.00230	0.00342	0.05613	0.03468	0.00484
9	0.03796	0.01102	0.05147	0.01036	0.01380	0.01013	0.00877	0.19960	0.01811	0.23571	0.17586	0.08192	0.02414	0.00930	0.00614	0.00187	0.00483	0.04834	0.04271	0.00796
10	0.04367	0.05412	0.01904	0.07161	0.25420	0.02903	0.05140	0.10632	0.07357	0.06686	0.06734	0.01678	0.01318	0.00648	0.00634	0.00175	0.04701	0.00550	0.00401	0.06180
11	0.01233	0.12265	0.54771	0.01574	0.02316	0.01442	0.08050	0.03688	0.01280	0.01817	0.01314	0.01476	0.05064	0.00597	0.00550	0.00178	0.00802	0.00485	0.00276	0.00821
12	0.00846	0.00564	0.00634	0.00634	0.00634	0.00564	0.00352	0.00846	0.00846	0.01128	0.01832	0.03805	0.02114	0.79563	0.02960	0.00564	0.00564	0.00846	0.00352	0.00352
13	0.01540	0.01133	0.01556	0.13694	0.07900	0.01074	0.03965	0.07065	0.04563	0.14794	0.01339	0.01485	0.00999	0.00562	0.00553	0.00146	0.02230	0.00471	0.00415	0.34516
14	0.01428	0.24295	0.46852	0.01414	0.02123	0.01610	0.01683	0.06023	0.01330	0.06623	0.01079	0.01204	0.00799	0.00556	0.00506	0.00167	0.00757	0.00412	0.00296	0.00844
15	0.00760	0.00548	0.00727	0.00829	0.00901	0.00515	0.00599	0.00915	0.01236	0.01652	0.13898	0.53533	0.07227	0.01680	0.00741	0.00232	0.00357	0.12600	0.00554	0.00494
16	0.05041	0.01018	0.01607	0.59530	0.03361	0.01199	0.01410	0.01724	0.01243	0.14404	0.01262	0.01612	0.00901	0.00606	0.00568	0.00189	0.00700	0.00520	0.02406	0.00702
17	0.40160	0.01315	0.01256	0.07803	0.04914	0.08719	0.00907	0.07767	0.05866	0.14409	0.01234	0.01309	0.00897	0.00605	0.00473	0.00178	0.00571	0.00429	0.00432	0.00753
18	0.08175	0.00725	0.00845	0.00774	0.00988	0.00694	0.00594	0.01422	0.06307	0.10853	0.39441	0.06537	0.18171	0.01130	0.00642	0.00188	0.00334	0.00964	0.00599	0.00618
19	0.12527	0.01446	0.01557	0.01235	0.01624	0.01629	0.01016	0.49654	0.04904	0.05726	0.04999	0.01521	0.01190	0.00734	0.00675	0.00184	0.07431	0.00529	0.00532	0.00887
20	0.03487	0.01123	0.01295	0.01035	0.01408	0.01131	0.00837	0.26358	0.06171	0.21424	0.14336	0.02283	0.05257	0.00802	0.00582	0.00171	0.00480	0.00650	0.04270	0.06898
21	0.05268	0.52692	0.25447	0.01187	0.01789	0.01964	0.01331	0.01771	0.01187	0.01571	0.00880	0.01024	0.00738	0.00516	0.00427	0.00145	0.00687	0.00347	0.00253	0.00775
22	0.02017	0.24431	0.01992	0.01299	0.03372	0.35566	0.01041	0.02281	0.05718	0.15268	0.01219	0.01260	0.00938	0.00601	0.00497	0.00151	0.00782	0.00415	0.00379	0.00773
23	0.00725	0.00518	0.00694	0.00829	0.00870	0.00487	0.00569	0.00839	0.01130	0.01503	0.03196	0.73846	0.03809	0.01806	0.00747	0.00238	0.00352	0.06825	0.00539	0.00477
24	0.00810	0.00596	0.00780	0.00890	0.01000	0.00567	0.00705	0.00996	0.01256	0.01618	0.03633	0.32389	0.16611	0.01659	0.00760	0.00244	0.00421	0.34022	0.00538	0.00505
25	0.00832	0.00618	0.00908	0.00908	0.01003	0.00713	0.00694	0.01021	0.00927	0.01330	0.01582	0.02419	0.01512	0.10994	0.70705	0.00902	0.01470	0.00643	0.00315	0.00504
26	0.00754	0.00592	0.00681	0.00659	0.00826	0.00519	0.00494	0.00963	0.01482	0.01943	0.40019	0.04983	0.41340	0.01334	0.00687	0.00190	0.00285	0.01141	0.00589	0.00519

[dist]
# distance from previous block
# <min> <max>
0	29

[block]
# block no. 9 follows, 40 sequences, length 39
# corresponding to MSA columns:
# 448-486
name=unknown_J
#
# <colnr> <probs for GDERKNQSTAVLIFYWHMCP>
#	G	D	E	R	K	N	Q	S	T	A	V	L	I	F	Y	W	H	M	C	P
0	0.01439	0.01382	0.02360	0.03569	0.75936	0.01382	0.01785	0.01785	0.01324	0.01900	0.01094	0.01439	0.00921	0.00518	0.00576	0.00173	0.00691	0.00518	0.00288	0.00921
1	0.01166	0.03008	0.76550	0.01657	0.02517	0.01351	0.02149	0.01842	0.01228	0.01842	0.01044	0.01228	0.00737	0.00552	0.00552	0.00184	0.00859	0.00430	0.00246	0.00859
2	0.01555	0.79913	0.03047	0.00995	0.01493	0.02301	0.00995	0.01741	0.01182	0.01368	0.00808	0.00933	0.00746	0.00498	0.00373	0.00124	0.00622	0.00311	0.00249	0.00746
3	0.00734	0.00533	0.00696	0.00807	0.00870	0.00495	0.00565	0.00864	0.01187	0.01572	0.08471	0.61826	0.09934	0.01731	0.00739	0.00232	0.00346	0.07367	0.00546	0.00484
4	0.00725	0.00600	0.00642	0.00657	0.00843	0.00516	0.00510	0.00894	0.01341	0.01626	0.08578	0.05665	0.63335	0.01478	0.00702	0.00205	0.00325	0.10315	0.00544	0.00499
5	0.00699	0.00571	0.00618	0.00646	0.00803	0.00490	0.00470	0.00843	0.01294	0.01591	0.08901	0.22192	0.55789	0.01537	0.00700	0.00205	0.00303	0.01315	0.00545	0.00490
6	0.01206	0.01034	0.01206	0.00861	0.01378	0.00775	0.00689	0.01464	0.01206	0.01895	0.01034	0.01206	0.00861	0.00431	0.00431	0.00086	0.00431	0.00345	0.00345	0.83118
7	0.05583	0.01403	0.01816	0.01507	0.01654	0.07864	0.08541	0.07116	0.01168	0.01729	0.00934	0.01330	0.00828	0.00861	0.01402	0.00223	0.49719	0.00509	0.05139	0.00676
8	0.01460	0.18989	0.02013	0.01363	0.01552	0.13076	0.03971	0.03224	0.01126	0.01443	0.00912	0.01386	0.00878	0.07276	0.01367	0.00231	0.38319	0.00480	0.00277	0.00657
9	0.00784	0.00575	0.00738	0.00769	0.00869	0.00576	0.00557	0.00943	0.01124	0.01532	0.09072	0.22773	0.17441	0.09565	0.25317	0.00471	0.00730	0.01058	0.04616	0.00490
10	0.01909	0.01479	0.01575	0.01277	0.01688	0.01663	0.01032	0.46020	0.31201	0.03179	0.01779	0.01701	0.01299	0.00734	0.00586	0.00183	0.00569	0.00576	0.00586	0.00962
11	0.00846	0.00564	0.00634	0.00634	0.00634	0.00564	0.00352	0.00846	0.00846	0.01128	0.01832	0.03805	0.02114	0.79563	0.02960	0.00564	0.00564	0.00846	0.00352	0.00352
12	0.00873	0.00685	0.01016	0.00991	0.01085	0.00828	0.00779	0.01073	0.00930	0.01355	0.01482	0.02188	0.01388	0.04042	0.70055	0.00870	0.08913	0.00612	0.00306	0.00530
13	0.01555	0.79913	0.03047	0.00995	0.01493	0.02301	0.00995	0.01741	0.01182	0.01368	0.00808	0.00933	0.00746	0.00498	0.00373	0.00124	0.00622	0.00311	0.00249	0.00746
14	0.00720	0.00514	0.00688	0.00823	0.00861	0.00482	0.00559	0.00829	0.01124	0.01497	0.03199	0.75621	0.03822	0.01811	0.00745	0.00238	0.00347	0.05105	0.00540	0.00475
15	0.00687	0.00589	0.00589	0.00589	0.00785	0.00491	0.00442	0.00835	0.01325	0.01571	0.05891	0.05596	0.75700	0.01473	0.00687	0.00196	0.00295	0.01227	0.00540	0.00491
16	0.01109	0.00690	0.00897	0.00830	0.01018	0.00651	0.00644	0.01452	0.05908	0.12367	0.53194	0.06298	0.04492	0.01154	0.00678	0.00192	0.00339	0.06824	0.00637	0.00627
17	0.01708	0.01267	0.01384	0.01189	0.01551	0.01414	0.00946	0.15523	0.51055	0.11619	0.02208	0.02140	0.01642	0.00789	0.00595	0.00193	0.00498	0.02744	0.00604	0.00930
18	0.01458	0.01503	0.02458	0.09414	0.49659	0.07634	0.15714	0.01819	0.01347	0.01819	0.01089	0.01442	0.00887	0.00525	0.00593	0.00177	0.00784	0.00539	0.00288	0.00851
19	0.02609	0.00990	0.01350	0.01035	0.01484	0.00855	0.00855	0.02834	0.01664	0.76338	0.02294	0.01979	0.01439	0.00720	0.00585	0.00180	0.00495	0.00585	0.00720	0.00990
20	0.01098	0.01034	0.01744	0.78165	0.04005	0.01292	0.01615	0.01486	0.01163	0.01486	0.01034	0.01550	0.00775	0.00581	0.00581	0.00194	0.00775	0.00517	0.00258	0.00646
21	0.83671	0.01125	0.00855	0.00765	0.01125	0.01305	0.00630	0.01709	0.00990	0.02609	0.00810	0.00945	0.00630	0.00540	0.00360	0.00180	0.00450	0.00315	0.00360	0.00630
22	0.01411	0.01353	0.02310	0.09709	0.70016	0.01374	0.01771	0.01760	0.01311	0.01866	0.01089	0.01448	0.00909	0.00523	0.00576	0.00174	0.00698	0.00518	0.00285	0.00898
23	0.02103	0.01575	0.01684	0.01316	0.01762	0.01753	0.01079	0.63991	0.12915	0.03491	0.01533	0.01505	0.01100	0.00711	0.00583	0.00178	0.00615	0.00542	0.00583	0.00979
24	0.83671	0.01125	0.00855	0.00765	0.01125	0.01305	0.00630	0.01709	0.00990	0.02609	0.00810	0.00945	0.00630	0.00540	0.00360	0.00180	0.00450	0.00315	0.00360	0.00630
25	0.01206	0.01034	0.01206	0.00861	0.01378	0.00775	0.00689	0.01464	0.01206	0.01895	0.01034	0.01206	0.00861	0.00431	0.00431	0.00086	0.00431	0.00345	0.00345	0.83118
26	0.00730	0.00519	0.00686	0.00811	0.00848	0.00489	0.00547	0.00833	0.01106	0.01473	0.03103	0.70158	0.03699	0.07233	0.00900	0.00261	0.00363	0.05248	0.00527	0.00467
27	0.00955	0.00745	0.00718	0.00705	0.00730	0.06873	0.00416	0.00967	0.00912	0.01152	0.01755	0.03579	0.02002	0.73064	0.02759	0.00530	0.00604	0.00807	0.00348	0.00379
28	0.01466	0.05533	0.01871	0.05111	0.12978	0.10127	0.01291	0.05930	0.04923	0.01679	0.00981	0.01336	0.00863	0.00813	0.01242	0.00211	0.40666	0.00494	0.01761	0.00723
29	0.00846	0.00564	0.00634	0.00634	0.00634	0.00564	0.00352	0.00846	0.00846	0.01128	0.01832	0.03805	0.02114	0.79563	0.02960	0.00564	0.00564	0.00846	0.00352	0.00352
30	0.07077	0.60256	0.02643	0.01028	0.01510	0.02096	0.00979	0.11490	0.01402	0.05547	0.00963	0.01049	0.00806	0.00538	0.00411	0.00138	0.00607	0.00354	0.00325	0.00784
31	0.01079	0.00652	0.00854	0.00770	0.00955	0.00591	0.00589	0.01341	0.01636	0.13118	0.62174	0.04047	0.07651	0.01131	0.00671	0.00183	0.00307	0.00990	0.00648	0.00611
32	0.01327	0.01355	0.07981	0.15788	0.05373	0.01530	0.05048	0.01580	0.01065	0.06718	0.01003	0.01449	0.00854	0.02601	0.01363	0.00233	0.43221	0.00526	0.00293	0.00695
33	0.01496	0.50223	0.21622	0.04227	0.01880	0.03462	0.01324	0.06808	0.01310	0.01655	0.00920	0.01067	0.00762	0.00531	0.00445	0.00146	0.00698	0.00365	0.00273	0.00787
34	0.07263	0.70530	0.06610	0.01012	0.01519	0.02183	0.01028	0.01744	0.01171	0.01479	0.00820	0.00949	0.00738	0.00503	0.00381	0.00131	0.00622	0.00317	0.00256	0.00744
35	0.00909	0.00613	0.00768	0.00729	0.00892	0.00551	0.00546	0.01137	0.01533	0.07257	0.49264	0.10840	0.20233	0.01272	0.00684	0.00190	0.00299	0.01108	0.00615	0.00560
