[name]
unknown

[dist]
# distance from previous block
# <min> <max>
0	22

[block]
# block no. 0 follows, 46 sequences, length 18
# corresponding to MSA columns:
# 22-39
name=unknown_A
#
# <colnr> <probs for GDERKNQSTAVLIFYWHMCP>
#	G	D	E	R	K	N	Q	S	T	A	V	L	I	F	Y	W	H	M	C	P
0	0.07761	0.00582	0.00720	0.00722	0.00854	0.00556	0.00539	0.01060	0.01269	0.06721	0.36031	0.28094	0.06140	0.01219	0.00616	0.00186	0.00309	0.05587	0.00528	0.00506
1	0.62584	0.01124	0.00983	0.00826	0.01179	0.01275	0.00681	0.18987	0.01292	0.05574	0.00913	0.00991	0.00677	0.00531	0.00382	0.00162	0.00451	0.00340	0.00387	0.00661
2	0.00733	0.00540	0.00686	0.00650	0.00781	0.00493	0.00487	0.00969	0.01462	0.02037	0.69171	0.04085	0.13713	0.01112	0.00624	0.00168	0.00252	0.00975	0.00571	0.00493
3	0.01096	0.00940	0.01096	0.00783	0.01253	0.00705	0.00626	0.01331	0.01096	0.01723	0.00940	0.01096	0.00783	0.00392	0.00392	0.00078	0.00392	0.00313	0.00313	0.84653
4	0.00651	0.00524	0.00580	0.00592	0.00737	0.00453	0.00434	0.00799	0.01227	0.01542	0.18279	0.17227	0.52417	0.01343	0.00633	0.00182	0.00271	0.01149	0.00508	0.00453
5	0.01610	0.01274	0.01851	0.06958	0.42507	0.01327	0.01340	0.25154	0.01626	0.09396	0.01180	0.01348	0.00893	0.00543	0.00526	0.00159	0.00601	0.00478	0.00381	0.00848
6	0.00644	0.00460	0.00613	0.00736	0.00767	0.00429	0.00491	0.00736	0.01012	0.01350	0.02914	0.81076	0.03497	0.01656	0.00675	0.00215	0.00307	0.01503	0.00491	0.00429
7	0.00651	0.00463	0.00611	0.00727	0.00756	0.00434	0.00481	0.00738	0.00998	0.01331	0.02843	0.76671	0.03407	0.06183	0.00789	0.00232	0.00318	0.01461	0.00481	0.00423
8	0.01039	0.00970	0.01366	0.01285	0.05430	0.01276	0.00978	0.01157	0.00843	0.01265	0.01050	0.06312	0.01099	0.11713	0.10547	0.00333	0.51955	0.00576	0.00266	0.00538
9	0.01060	0.02735	0.78682	0.01507	0.02288	0.01228	0.01953	0.01674	0.01116	0.01674	0.00949	0.01116	0.00670	0.00502	0.00502	0.00167	0.00781	0.00391	0.00223	0.00781
10	0.59162	0.01009	0.00934	0.00784	0.01138	0.01095	0.00647	0.05108	0.01135	0.22964	0.01124	0.01131	0.00786	0.00541	0.00391	0.00163	0.00428	0.00361	0.00424	0.00675
11	0.01042	0.02549	0.70863	0.01479	0.02215	0.01186	0.04986	0.01621	0.01127	0.01660	0.01215	0.01365	0.05261	0.00550	0.00515	0.00169	0.00755	0.00444	0.00241	0.00759
12	0.79677	0.01053	0.00830	0.00730	0.01063	0.01216	0.00601	0.06483	0.01004	0.02435	0.00771	0.00886	0.00594	0.00500	0.00340	0.00163	0.00420	0.00299	0.00340	0.00594
13	0.01146	0.01144	0.01474	0.21688	0.01947	0.08867	0.01175	0.01345	0.01006	0.01345	0.01110	0.01981	0.01076	0.00873	0.01138	0.00210	0.39170	0.12458	0.00278	0.00569
14	0.02738	0.01108	0.01393	0.01512	0.18810	0.03975	0.02473	0.08405	0.22603	0.04757	0.12338	0.02087	0.01763	0.00693	0.00537	0.00161	0.00488	0.04455	0.00440	0.09266
15	0.00708	0.00539	0.00650	0.00623	0.00765	0.00482	0.00467	0.00919	0.01401	0.01893	0.54042	0.04323	0.28932	0.01166	0.00624	0.00170	0.00255	0.01008	0.00552	0.00482
16	0.01294	0.01100	0.01157	0.01033	0.01328	0.01252	0.00806	0.07456	0.64888	0.02209	0.02404	0.02228	0.08959	0.00772	0.00546	0.00178	0.00415	0.00640	0.00533	0.00803
17	0.00836	0.00552	0.00704	0.00681	0.00818	0.00499	0.00505	0.01035	0.01363	0.07763	0.47106	0.18678	0.15068	0.01195	0.00626	0.00177	0.00278	0.01051	0.00557	0.00509

[dist]
# distance from previous block
# <min> <max>
0	67

[block]
# block no. 1 follows, 46 sequences, length 48
# corresponding to MSA columns:
# 107-154
name=unknown_B
#
# <colnr> <probs for GDERKNQSTAVLIFYWHMCP>
#	G	D	E	R	K	N	Q	S	T	A	V	L	I	F	Y	W	H	M	C	P
0	0.01066	0.02695	0.76410	0.01528	0.02302	0.01231	0.04186	0.01675	0.01120	0.01675	0.00952	0.01125	0.00674	0.00501	0.00506	0.00168	0.00785	0.00398	0.00225	0.00779
1	0.00686	0.00490	0.00661	0.00784	0.00833	0.00465	0.00563	0.00808	0.01053	0.01396	0.02891	0.66005	0.03405	0.01617	0.00686	0.00220	0.00343	0.16163	0.00490	0.00441
2	0.01288	0.01227	0.02048	0.08361	0.68220	0.01254	0.01563	0.01678	0.05961	0.01732	0.01063	0.01357	0.00877	0.00490	0.00525	0.00160	0.00620	0.00479	0.00277	0.00820
3	0.01936	0.02271	0.01555	0.01465	0.06748	0.61826	0.01059	0.13796	0.01634	0.01644	0.00900	0.01027	0.00726	0.00554	0.00488	0.00141	0.00873	0.00371	0.00312	0.00673
4	0.85155	0.01022	0.00777	0.00695	0.01022	0.01186	0.00573	0.01554	0.00900	0.02372	0.00736	0.00859	0.00573	0.00491	0.00327	0.00164	0.00409	0.00286	0.00327	0.00573
5	0.01124	0.02651	0.73529	0.01487	0.02245	0.01255	0.01890	0.06666	0.01208	0.01785	0.00970	0.01126	0.00685	0.00511	0.00504	0.00167	0.00768	0.00396	0.00244	0.00789
6	0.00756	0.00623	0.00720	0.00771	0.05632	0.00562	0.00528	0.04470	0.01307	0.01654	0.17300	0.08257	0.53071	0.01222	0.00616	0.00176	0.00304	0.01036	0.00494	0.00501
7	0.00756	0.00561	0.00824	0.00824	0.00909	0.00647	0.00629	0.00927	0.00842	0.01208	0.01440	0.02207	0.01378	0.11276	0.72092	0.00818	0.01331	0.00586	0.00287	0.00458
8	0.01028	0.00970	0.01640	0.72689	0.10868	0.01182	0.01483	0.01377	0.01071	0.01387	0.00945	0.01400	0.00718	0.00523	0.00528	0.00174	0.00697	0.00470	0.00238	0.00612
9	0.85155	0.01022	0.00777	0.00695	0.01022	0.01186	0.00573	0.01554	0.00900	0.02372	0.00736	0.00859	0.00573	0.00491	0.00327	0.00164	0.00409	0.00286	0.00327	0.00573
10	0.00973	0.00923	0.01328	0.05301	0.01373	0.02614	0.06712	0.01133	0.00997	0.01393	0.05537	0.22290	0.06879	0.01102	0.01125	0.00212	0.35856	0.03373	0.00345	0.00536
11	0.00644	0.00460	0.00613	0.00736	0.00767	0.00429	0.00491	0.00736	0.01012	0.01350	0.02914	0.81076	0.03497	0.01656	0.00675	0.00215	0.00307	0.01503	0.00491	0.00429
12	0.06700	0.09193	0.06319	0.00862	0.01101	0.03387	0.00737	0.03163	0.02589	0.09044	0.21997	0.19775	0.03911	0.01028	0.00570	0.00178	0.00417	0.07979	0.00468	0.00582
13	0.06460	0.02406	0.56883	0.06358	0.02192	0.07842	0.01689	0.07083	0.01230	0.01785	0.00947	0.01116	0.00683	0.00516	0.00493	0.00164	0.00753	0.00391	0.00257	0.00750
14	0.02110	0.01243	0.01430	0.01105	0.01516	0.01296	0.00910	0.44592	0.06076	0.31662	0.01624	0.01507	0.01092	0.00646	0.00530	0.00162	0.00523	0.00503	0.00577	0.00896
15	0.01102	0.11951	0.69826	0.01437	0.02179	0.01329	0.01831	0.01664	0.01111	0.01624	0.00924	0.01085	0.00671	0.00496	0.00483	0.00161	0.00756	0.00378	0.00224	0.00769
16	0.01368	0.58150	0.17754	0.01048	0.01557	0.01860	0.01115	0.05385	0.04793	0.01480	0.00872	0.00976	0.00732	0.00484	0.00391	0.00129	0.00602	0.00329	0.00256	0.00717
17	0.01725	0.01368	0.01394	0.01151	0.01510	0.06329	0.00922	0.36187	0.34704	0.06463	0.01664	0.01580	0.01215	0.00666	0.00530	0.00166	0.00528	0.00523	0.00523	0.00854
18	0.00852	0.00608	0.00852	0.00974	0.01095	0.00608	0.00852	0.01095	0.01217	0.01582	0.02799	0.05963	0.03042	0.01460	0.00730	0.00243	0.00487	0.74565	0.00487	0.00487
19	0.01975	0.02520	0.01498	0.01362	0.01634	0.79299	0.01021	0.02111	0.01498	0.01294	0.00817	0.00953	0.00681	0.00545	0.00477	0.00136	0.00953	0.00340	0.00272	0.00613
20	0.00943	0.00531	0.00590	0.00600	0.00723	0.00528	0.00461	0.02900	0.01188	0.01930	0.10329	0.08575	0.02092	0.00839	0.00464	0.00149	0.00285	0.08741	0.57637	0.00497
21	0.01262	0.01258	0.02278	0.01715	0.02093	0.01294	0.42533	0.09809	0.09621	0.01828	0.01334	0.07553	0.01142	0.04135	0.00818	0.00199	0.09431	0.00660	0.00341	0.00694
22	0.00670	0.00487	0.00637	0.00744	0.00802	0.00454	0.00526	0.00787	0.01066	0.01402	0.04834	0.62964	0.10673	0.01589	0.00675	0.00214	0.00323	0.10222	0.00492	0.00439
23	0.01651	0.01324	0.01609	0.06754	0.16763	0.01461	0.01119	0.40372	0.18760	0.02637	0.01390	0.01443	0.01033	0.00614	0.00530	0.00164	0.00563	0.00502	0.00459	0.00853
24	0.07128	0.43576	0.14182	0.01151	0.01631	0.09666	0.06502	0.07807	0.01241	0.01596	0.00845	0.00977	0.00697	0.00487	0.00414	0.00136	0.00653	0.00346	0.00265	0.00701
25	0.00850	0.00564	0.00736	0.00679	0.00824	0.00515	0.00514	0.01094	0.01489	0.07078	0.70796	0.03842	0.06871	0.01060	0.00618	0.00166	0.00263	0.00933	0.00584	0.00523
26	0.00909	0.00724	0.00840	0.00803	0.00974	0.00753	0.00602	0.01536	0.26422	0.01972	0.35110	0.16105	0.08994	0.01074	0.00604	0.00179	0.00316	0.00940	0.00546	0.00595
27	0.00861	0.00701	0.01034	0.16057	0.06589	0.00776	0.00870	0.01052	0.01057	0.01432	0.03790	0.30972	0.02342	0.05190	0.00834	0.00222	0.07673	0.15204	0.02838	0.00509
28	0.01310	0.01131	0.01228	0.06041	0.01523	0.01313	0.00880	0.04301	0.70784	0.02182	0.02057	0.01922	0.01541	0.00704	0.00537	0.00179	0.00440	0.00587	0.00519	0.00822
29	0.13842	0.01152	0.01526	0.01171	0.01581	0.06234	0.13610	0.06998	0.01443	0.44661	0.01585	0.01512	0.01050	0.00587	0.00515	0.00164	0.00561	0.00496	0.00509	0.00802
30	0.01022	0.00957	0.01584	0.70634	0.07561	0.01148	0.01420	0.01364	0.01068	0.01396	0.00943	0.01383	0.00717	0.00516	0.00519	0.00169	0.00680	0.00459	0.00242	0.06220
31	0.01593	0.53217	0.02303	0.01060	0.01448	0.27272	0.00940	0.01796	0.03723	0.01292	0.00809	0.00920	0.00710	0.00491	0.00391	0.00123	0.00687	0.00312	0.00252	0.00662
32	0.85155	0.01022	0.00777	0.00695	0.01022	0.01186	0.00573	0.01554	0.00900	0.02372	0.00736	0.00859	0.00573	0.00491	0.00327	0.00164	0.00409	0.00286	0.00327	0.00573
33	0.01247	0.01299	0.02558	0.20373	0.10811	0.01311	0.45975	0.06597	0.01282	0.01727	0.01045	0.01399	0.00790	0.00480	0.00585	0.00174	0.00800	0.00562	0.00277	0.00709
34	0.00863	0.00728	0.01072	0.08990	0.18339	0.00716	0.00826	0.01097	0.01276	0.01738	0.30908	0.12967	0.16399	0.01008	0.00598	0.00173	0.00389	0.00897	0.00449	0.00565
35	0.01653	0.01253	0.01481	0.09575	0.03853	0.01400	0.02465	0.39715	0.17249	0.06454	0.04084	0.01562	0.01185	0.00657	0.00570	0.00167	0.03048	0.00522	0.02290	0.00815
36	0.01240	0.01187	0.02023	0.20092	0.61807	0.01238	0.01589	0.01563	0.01172	0.01645	0.00982	0.01331	0.00808	0.00484	0.00525	0.00161	0.00645	0.00471	0.00256	0.00783
37	0.00689	0.00503	0.00679	0.00790	0.00831	0.00493	0.00561	0.00802	0.01032	0.01378	0.02823	0.68460	0.03342	0.01606	0.00718	0.00219	0.03044	0.11106	0.00481	0.00442
38	0.01098	0.02412	0.63980	0.01384	0.02105	0.01160	0.01714	0.04150	0.01159	0.01738	0.00958	0.01118	0.00695	0.00489	0.00486	0.00153	0.00714	0.00381	0.00248	0.13856
39	0.01443	0.01468	0.01823	0.01471	0.01782	0.20111	0.23359	0.03738	0.12290	0.06762	0.01434	0.11403	0.01255	0.00726	0.00681	0.00176	0.08401	0.00637	0.00365	0.00675
40	0.00826	0.00558	0.00732	0.00678	0.00817	0.00512	0.00512	0.01073	0.01497	0.05774	0.74220	0.03846	0.04812	0.01060	0.00619	0.00166	0.00259	0.00936	0.00585	0.00518
41	0.00757	0.00558	0.00809	0.00809	0.00890	0.00639	0.00611	0.00918	0.00838	0.01197	0.01453	0.02280	0.01410	0.15364	0.68048	0.00800	0.01283	0.00596	0.00289	0.00450
42	0.00670	0.00501	0.00623	0.00669	0.00761	0.00454	0.00473	0.00819	0.01200	0.01595	0.25639	0.40792	0.21045	0.01413	0.00648	0.00192	0.00281	0.01252	0.00518	0.00454
43	0.00998	0.00940	0.01586	0.80150	0.03641	0.01175	0.01468	0.01351	0.01057	0.01351	0.00940	0.01409	0.00705	0.00529	0.00529	0.00176	0.00705	0.00470	0.00235	0.00587
44	0.85155	0.01022	0.00777	0.00695	0.01022	0.01186	0.00573	0.01554	0.00900	0.02372	0.00736	0.00859	0.00573	0.00491	0.00327	0.00164	0.00409	0.00286	0.00327	0.00573
45	0.01931	0.01420	0.01554	0.01260	0.04127	0.01565	0.01001	0.64159	0.09703	0.05770	0.01375	0.01358	0.00981	0.00638	0.00530	0.00161	0.00563	0.00490	0.00525	0.00891
46	0.08433	0.01345	0.02218	0.08920	0.02237	0.04104	0.35243	0.13022	0.01320	0.01880	0.00983	0.01287	0.00765	0.00576	0.00772	0.00182	0.15200	0.00520	0.00303	0.00690
47	0.00664	0.00534	0.00593	0.00585	0.00740	0.00462	0.00436	0.00833	0.01288	0.01642	0.28040	0.07947	0.51835	0.01271	0.00627	0.00176	0.00264	0.01082	0.00520	0.00462

[dist]
# distance from previous block
# <min> <max>
0	5

[block]
# block no. 2 follows, 46 sequences, length 30
# corresponding to MSA columns:
# 160-189
name=unknown_C
#
# <colnr> <probs for GDERKNQSTAVLIFYWHMCP>
#	G	D	E	R	K	N	Q	S	T	A	V	L	I	F	Y	W	H	M	C	P
0	0.01229	0.01135	0.01923	0.30274	0.49718	0.01214	0.01544	0.01554	0.01161	0.03759	0.01006	0.01358	0.00804	0.00496	0.00525	0.00164	0.00650	0.00472	0.00263	0.00751
1	0.00709	0.00491	0.00609	0.00668	0.00688	0.00481	0.00421	0.00763	0.00889	0.01191	0.02247	0.40417	0.02640	0.39027	0.06016	0.00389	0.00465	0.01108	0.00400	0.00381
2	0.00791	0.00558	0.00650	0.00634	0.00782	0.00498	0.00473	0.00951	0.01244	0.05923	0.24114	0.06288	0.37354	0.11123	0.00883	0.00221	0.00320	0.06218	0.00503	0.00473
3	0.00958	0.00615	0.00726	0.00667	0.00861	0.00547	0.00510	0.03489	0.01371	0.12707	0.27577	0.08424	0.37239	0.01155	0.00611	0.00174	0.00300	0.00983	0.00544	0.00541
4	0.00644	0.00460	0.00613	0.00736	0.00767	0.00429	0.00491	0.00736	0.01012	0.01350	0.02914	0.81076	0.03497	0.01656	0.00675	0.00215	0.00307	0.01503	0.00491	0.00429
5	0.01096	0.00940	0.01096	0.00783	0.01253	0.00705	0.00626	0.01331	0.01096	0.01723	0.00940	0.01096	0.00783	0.00392	0.00392	0.00078	0.00392	0.00313	0.00313	0.84653
6	0.01351	0.67794	0.16170	0.01011	0.01521	0.01939	0.01090	0.01599	0.01082	0.01320	0.00773	0.00895	0.00677	0.00461	0.00368	0.00123	0.00603	0.00302	0.00226	0.00697
7	0.00677	0.00505	0.00624	0.00695	0.00779	0.00464	0.00497	0.00803	0.01107	0.01434	0.09002	0.42516	0.23088	0.06210	0.00783	0.00222	0.00324	0.09344	0.00487	0.00439
8	0.00644	0.00460	0.00613	0.00736	0.00767	0.00429	0.00491	0.00736	0.01012	0.01350	0.02914	0.81076	0.03497	0.01656	0.00675	0.00215	0.00307	0.01503	0.00491	0.00429
9	0.01249	0.01350	0.07271	0.10982	0.51834	0.01260	0.15033	0.01610	0.01191	0.01678	0.00999	0.01328	0.00806	0.00475	0.00541	0.00164	0.00693	0.00493	0.00257	0.00785
10	0.07115	0.01871	0.06202	0.01594	0.11090	0.33609	0.05347	0.10899	0.01396	0.01708	0.00891	0.01098	0.00728	0.00596	0.00691	0.00163	0.13615	0.00408	0.00296	0.00683
11	0.02182	0.01204	0.01415	0.01085	0.01501	0.01229	0.00896	0.41244	0.02023	0.39102	0.01658	0.01522	0.01094	0.00644	0.00530	0.00161	0.00519	0.00502	0.00589	0.00899
12	0.01142	0.00970	0.01120	0.00816	0.01274	0.00774	0.00652	0.04091	0.05630	0.01809	0.01023	0.01154	0.00836	0.00419	0.00405	0.00087	0.00400	0.00336	0.00334	0.76728
13	0.00771	0.00529	0.00681	0.00725	0.00829	0.00486	0.00534	0.00932	0.01212	0.05097	0.22455	0.37505	0.14942	0.01392	0.00654	0.00198	0.00314	0.09744	0.00521	0.00478
14	0.00730	0.00496	0.00588	0.00627	0.00636	0.00486	0.00374	0.00759	0.00845	0.01127	0.02057	0.27808	0.02416	0.56399	0.02058	0.00419	0.00448	0.00999	0.00374	0.00355
15	0.08950	0.03391	0.10631	0.02383	0.41687	0.02546	0.11429	0.06830	0.02541	0.03154	0.01023	0.01262	0.00809	0.00492	0.00512	0.00161	0.00654	0.00463	0.00293	0.00788
16	0.08949	0.01228	0.01942	0.05965	0.61819	0.01256	0.01462	0.06004	0.01243	0.01865	0.00984	0.01265	0.00810	0.00483	0.00503	0.00157	0.00603	0.00451	0.00283	0.02728
17	0.00768	0.00582	0.00780	0.00826	0.05843	0.00540	0.00563	0.01002	0.01424	0.01989	0.62091	0.08230	0.11167	0.01096	0.00620	0.00169	0.00279	0.00969	0.00548	0.00512
18	0.06272	0.01207	0.02252	0.05042	0.09423	0.01177	0.40726	0.03962	0.04865	0.09591	0.01378	0.09178	0.01143	0.00612	0.00582	0.00177	0.00697	0.00653	0.00351	0.00714
19	0.07917	0.01275	0.07949	0.01313	0.09500	0.03583	0.02982	0.12604	0.10574	0.34417	0.01605	0.01532	0.01098	0.00606	0.00515	0.00164	0.00536	0.00492	0.00500	0.00838
20	0.00882	0.00629	0.00910	0.01034	0.06046	0.00601	0.02993	0.01067	0.01153	0.05832	0.02818	0.34500	0.08303	0.01387	0.00673	0.00215	0.00420	0.29546	0.00477	0.00515
21	0.06961	0.01232	0.01903	0.04142	0.56162	0.01257	0.01407	0.10666	0.01360	0.08235	0.01099	0.01316	0.00863	0.00508	0.00512	0.00159	0.00595	0.00464	0.00330	0.00828
22	0.09060	0.01248	0.06111	0.11944	0.39615	0.01196	0.04274	0.05990	0.01271	0.12580	0.01133	0.01340	0.00856	0.00516	0.00510	0.00162	0.00609	0.00464	0.00333	0.00787
23	0.06936	0.01167	0.04800	0.04506	0.36232	0.01053	0.03173	0.01738	0.01215	0.16344	0.01173	0.01330	0.00887	0.00494	0.00489	0.00145	0.00550	0.00441	0.00348	0.16980
24	0.01559	0.14172	0.06519	0.08524	0.07206	0.13152	0.01065	0.03654	0.01282	0.18155	0.01355	0.01817	0.01119	0.00671	0.00578	0.00162	0.05324	0.09196	0.00371	0.04118
25	0.04255	0.20342	0.37889	0.05893	0.08113	0.01425	0.03697	0.04432	0.02971	0.04891	0.00987	0.01141	0.00745	0.00504	0.00469	0.00155	0.00675	0.00394	0.00269	0.00752
26	0.01560	0.13728	0.18709	0.11259	0.11107	0.01324	0.03021	0.12938	0.01404	0.18137	0.01213	0.01310	0.00868	0.00545	0.00496	0.00157	0.00623	0.00442	0.00368	0.00789
27	0.06085	0.06005	0.07163	0.05221	0.31567	0.01208	0.09369	0.05474	0.03205	0.08328	0.05445	0.01570	0.01139	0.00558	0.00518	0.00160	0.00598	0.02297	0.00339	0.03752
28	0.07935	0.01275	0.08745	0.13626	0.23989	0.01163	0.07143	0.05641	0.06416	0.05149	0.01131	0.01393	0.00884	0.00522	0.00502	0.00156	0.00599	0.01677	0.00320	0.11732
29	0.08375	0.06339	0.01704	0.10323	0.27353	0.01137	0.04648	0.03254	0.01264	0.21822	0.04413	0.03435	0.01145	0.00589	0.00530	0.00162	0.01845	0.00511	0.00388	0.00762

[dist]
# distance from previous block
# <min> <max>
0	83

# created by:
# /home/berkeley/.conda/envs/busco_data_prod/bin/msa2prfl.pl pipeline/OGs_align_augustus/33634/154563.fs
