[name]
unknown

[dist]
# distance from previous block
# <min> <max>
0	591

[block]
# block no. 0 follows, 41 sequences, length 106
# corresponding to MSA columns:
# 594-642,644-669,671,679-708
name=unknown_A
#
# <colnr> <probs for GDERKNQSTAVLIFYWHMCP>
#	G	D	E	R	K	N	Q	S	T	A	V	L	I	F	Y	W	H	M	C	P
0	0.00893	0.00638	0.00889	0.01021	0.01140	0.00634	0.00873	0.01136	0.01289	0.01680	0.03044	0.15630	0.03354	0.01607	0.00783	0.00259	0.00502	0.63581	0.00527	0.00519
1	0.04138	0.01144	0.01631	0.45639	0.08446	0.01356	0.01365	0.07967	0.18708	0.01928	0.01352	0.01627	0.01017	0.00623	0.00566	0.00188	0.00661	0.00535	0.00363	0.00747
2	0.00719	0.00572	0.00615	0.00616	0.00762	0.00501	0.00439	0.00855	0.01258	0.01568	0.14123	0.08994	0.51236	0.13992	0.01037	0.00251	0.00332	0.01147	0.00514	0.00467
3	0.01104	0.00871	0.01052	0.01083	0.01283	0.00944	0.00895	0.01883	0.29964	0.01962	0.02764	0.08660	0.02719	0.01280	0.00706	0.00235	0.00488	0.40889	0.00548	0.00670
4	0.01186	0.01017	0.01186	0.00847	0.01356	0.00762	0.00678	0.01440	0.01186	0.01864	0.01017	0.01186	0.00847	0.00424	0.00424	0.00085	0.00424	0.00339	0.00339	0.83395
5	0.00695	0.00504	0.00657	0.00779	0.00825	0.00466	0.00523	0.00798	0.01112	0.01467	0.03363	0.73643	0.09530	0.01765	0.00726	0.00229	0.00329	0.01593	0.00531	0.00466
6	0.83938	0.01106	0.00841	0.00752	0.01106	0.01283	0.00619	0.01681	0.00973	0.02566	0.00796	0.00929	0.00619	0.00531	0.00354	0.00177	0.00442	0.00310	0.00354	0.00619
7	0.02390	0.01257	0.01503	0.01152	0.01602	0.01262	0.00952	0.35101	0.02112	0.43742	0.01858	0.01688	0.01216	0.00698	0.00574	0.00175	0.00551	0.00548	0.00647	0.00973
8	0.83938	0.01106	0.00841	0.00752	0.01106	0.01283	0.00619	0.01681	0.00973	0.02566	0.00796	0.00929	0.00619	0.00531	0.00354	0.00177	0.00442	0.00310	0.00354	0.00619
9	0.01742	0.02109	0.02285	0.07619	0.06321	0.40986	0.27026	0.02035	0.01473	0.01582	0.01001	0.01269	0.00794	0.00546	0.00579	0.00168	0.00969	0.00495	0.00289	0.00712
10	0.01147	0.02959	0.76934	0.01630	0.02476	0.01328	0.02113	0.01811	0.01208	0.01811	0.01026	0.01208	0.00725	0.00543	0.00543	0.00181	0.00845	0.00423	0.00242	0.00845
11	0.00810	0.00585	0.00765	0.00720	0.00855	0.00540	0.00540	0.01079	0.01619	0.02294	0.76028	0.04273	0.05397	0.01169	0.00675	0.00180	0.00270	0.01034	0.00630	0.00540
12	0.83938	0.01106	0.00841	0.00752	0.01106	0.01283	0.00619	0.01681	0.00973	0.02566	0.00796	0.00929	0.00619	0.00531	0.00354	0.00177	0.00442	0.00310	0.00354	0.00619
13	0.01080	0.01017	0.01716	0.78523	0.03940	0.01271	0.01589	0.01461	0.01144	0.01461	0.01017	0.01525	0.00762	0.00572	0.00572	0.00191	0.00762	0.00508	0.00254	0.00635
14	0.02174	0.01602	0.01717	0.01316	0.01774	0.01774	0.01087	0.74423	0.02689	0.03605	0.01373	0.01373	0.00973	0.00687	0.00572	0.00172	0.00629	0.00515	0.00572	0.00973
15	0.01066	0.00533	0.00533	0.00533	0.00666	0.00533	0.00400	0.01333	0.01200	0.02132	0.01866	0.02132	0.01466	0.00666	0.00400	0.00133	0.00267	0.00533	0.83073	0.00533
16	0.00958	0.00901	0.01151	0.01032	0.01127	0.01095	0.00833	0.01097	0.01106	0.01491	0.05987	0.04737	0.35914	0.01229	0.01254	0.00221	0.38044	0.00869	0.00400	0.00553
17	0.00747	0.00564	0.00685	0.00691	0.00818	0.00508	0.00501	0.00937	0.01393	0.01864	0.37917	0.20298	0.25755	0.03788	0.00755	0.00206	0.00297	0.01202	0.00571	0.00501
18	0.00699	0.00509	0.00659	0.00772	0.00825	0.00469	0.00522	0.00809	0.01135	0.01499	0.06098	0.69540	0.10885	0.01736	0.00723	0.00227	0.00325	0.01563	0.00535	0.00469
19	0.01423	0.01802	0.21210	0.02732	0.44923	0.01401	0.06635	0.09379	0.01427	0.02033	0.01100	0.01367	0.00865	0.00535	0.00568	0.00174	0.00735	0.00499	0.00303	0.00889
20	0.00830	0.00562	0.00663	0.00663	0.00677	0.00576	0.00395	0.00857	0.00843	0.01138	0.01766	0.03545	0.01993	0.69874	0.12818	0.00603	0.00684	0.00803	0.00341	0.00368
21	0.01225	0.01177	0.02117	0.22247	0.29674	0.01221	0.16506	0.01583	0.01258	0.01731	0.01372	0.06046	0.01224	0.00679	0.00611	0.00189	0.00714	0.06323	0.03364	0.00741
22	0.76074	0.08658	0.01047	0.00774	0.01141	0.01377	0.00654	0.01684	0.00991	0.02450	0.00796	0.00928	0.00630	0.00527	0.00355	0.00172	0.00459	0.00309	0.00344	0.00630
23	0.01319	0.01210	0.01927	0.06995	0.50314	0.01250	0.01500	0.01817	0.11094	0.01890	0.01552	0.02325	0.01392	0.00720	0.00605	0.00189	0.00630	0.12081	0.00360	0.00830
24	0.01497	0.01367	0.01466	0.07134	0.08315	0.07636	0.01057	0.06734	0.53211	0.02264	0.01949	0.01893	0.01474	0.00717	0.00574	0.00187	0.00553	0.00594	0.00507	0.00869
25	0.00691	0.00577	0.00603	0.00602	0.00783	0.00488	0.00449	0.00848	0.01331	0.01624	0.13356	0.07926	0.65898	0.01430	0.00678	0.00193	0.00289	0.01203	0.00542	0.00488
26	0.00866	0.00618	0.00857	0.00989	0.01096	0.00610	0.00824	0.01088	0.01261	0.01649	0.03060	0.24715	0.03415	0.01633	0.00775	0.00256	0.00478	0.54772	0.00528	0.00511
27	0.00697	0.00498	0.00664	0.00796	0.00830	0.00465	0.00531	0.00796	0.01095	0.01460	0.03153	0.79525	0.03783	0.01792	0.00730	0.00232	0.00332	0.01626	0.00531	0.00465
28	0.01529	0.80242	0.02997	0.00979	0.01468	0.02263	0.00979	0.01713	0.01162	0.01346	0.00795	0.00918	0.00734	0.00489	0.00367	0.00122	0.00612	0.00306	0.00245	0.00734
29	0.01015	0.00540	0.00550	0.00547	0.00686	0.00529	0.00410	0.01270	0.01231	0.02083	0.06071	0.02572	0.08952	0.00769	0.00441	0.00142	0.00269	0.00625	0.70770	0.00529
30	0.83938	0.01106	0.00841	0.00752	0.01106	0.01283	0.00619	0.01681	0.00973	0.02566	0.00796	0.00929	0.00619	0.00531	0.00354	0.00177	0.00442	0.00310	0.00354	0.00619
31	0.00746	0.00582	0.00676	0.00653	0.00815	0.00513	0.00490	0.00956	0.01469	0.01937	0.42567	0.04860	0.39081	0.01302	0.00675	0.00186	0.00279	0.01117	0.00583	0.00513
32	0.01251	0.01251	0.01752	0.01502	0.01502	0.01752	0.01251	0.01377	0.00876	0.01377	0.00751	0.01251	0.00751	0.01001	0.01877	0.00250	0.78851	0.00501	0.00250	0.00626
33	0.01186	0.01017	0.01186	0.00847	0.01356	0.00762	0.00678	0.01440	0.01186	0.01864	0.01017	0.01186	0.00847	0.00424	0.00424	0.00085	0.00424	0.00339	0.00339	0.83395
34	0.83938	0.01106	0.00841	0.00752	0.01106	0.01283	0.00619	0.01681	0.00973	0.02566	0.00796	0.00929	0.00619	0.00531	0.00354	0.00177	0.00442	0.00310	0.00354	0.00619
35	0.00876	0.00691	0.01068	0.05445	0.06762	0.00794	0.00841	0.01100	0.00960	0.01375	0.01470	0.02145	0.01354	0.03802	0.67621	0.00823	0.01426	0.00599	0.00302	0.00547
36	0.01844	0.14462	0.13690	0.01375	0.01888	0.07781	0.04996	0.39921	0.04202	0.02662	0.01205	0.01279	0.00895	0.00617	0.00536	0.00165	0.00704	0.00468	0.00432	0.00878
37	0.83938	0.01106	0.00841	0.00752	0.01106	0.01283	0.00619	0.01681	0.00973	0.02566	0.00796	0.00929	0.00619	0.00531	0.00354	0.00177	0.00442	0.00310	0.00354	0.00619
38	0.01084	0.06922	0.05288	0.01175	0.01321	0.01265	0.01003	0.01335	0.05001	0.01526	0.02037	0.15715	0.09497	0.01161	0.01166	0.00224	0.33585	0.08275	0.00375	0.02045
39	0.37891	0.10588	0.10819	0.01047	0.01457	0.15692	0.00952	0.01856	0.01205	0.07948	0.01083	0.05237	0.00899	0.00620	0.00447	0.00169	0.00621	0.00426	0.00354	0.00689
40	0.26534	0.01284	0.01409	0.01125	0.01524	0.01387	0.04643	0.33777	0.01847	0.12938	0.01441	0.07115	0.01130	0.00714	0.00524	0.00180	0.00549	0.00552	0.00508	0.00819
41	0.00697	0.00498	0.00664	0.00796	0.00830	0.00465	0.00531	0.00796	0.01095	0.01460	0.03153	0.79525	0.03783	0.01792	0.00730	0.00232	0.00332	0.01626	0.00531	0.00465
42	0.01186	0.01017	0.01186	0.00847	0.01356	0.00762	0.00678	0.01440	0.01186	0.01864	0.01017	0.01186	0.00847	0.00424	0.00424	0.00085	0.00424	0.00339	0.00339	0.83395
43	0.00955	0.04869	0.00843	0.00723	0.00785	0.02853	0.00471	0.01006	0.00909	0.03393	0.01696	0.03239	0.01853	0.59758	0.13855	0.00564	0.00716	0.00750	0.00344	0.00419
44	0.00803	0.00542	0.00632	0.00661	0.00668	0.00535	0.00386	0.00824	0.00889	0.01185	0.02094	0.20140	0.02448	0.62998	0.02439	0.00485	0.00506	0.01004	0.00386	0.00372
45	0.01523	0.76052	0.02961	0.01113	0.05444	0.02215	0.01020	0.01715	0.01170	0.01374	0.00810	0.00944	0.00743	0.00490	0.00378	0.00125	0.00615	0.00317	0.00247	0.00743
46	0.25424	0.01222	0.04587	0.20730	0.02130	0.01315	0.05974	0.11277	0.05457	0.05007	0.01266	0.06818	0.01045	0.00692	0.00593	0.00190	0.04635	0.00547	0.00382	0.00709
47	0.00812	0.00628	0.00745	0.00713	0.00876	0.00586	0.00535	0.01139	0.06967	0.02053	0.47483	0.06574	0.26285	0.01241	0.00670	0.00186	0.00291	0.01074	0.00594	0.00548
48	0.01316	0.26845	0.50190	0.01421	0.02128	0.05548	0.01711	0.01805	0.01215	0.01646	0.00948	0.01109	0.00728	0.00529	0.00487	0.00161	0.00783	0.00384	0.00245	0.00802
49	0.01730	0.00930	0.01180	0.00916	0.01333	0.00758	0.00730	0.01949	0.01373	0.34748	0.01840	0.11697	0.01479	0.00726	0.00530	0.00144	0.00439	0.00610	0.00526	0.36360
50	0.01429	0.07648	0.48806	0.01515	0.04431	0.01409	0.01706	0.14019	0.01477	0.05947	0.01134	0.01259	0.00815	0.00564	0.00532	0.00169	0.00746	0.00436	0.00328	0.05632
51	0.01356	0.09548	0.40316	0.03933	0.07827	0.01486	0.11115	0.09907	0.05529	0.01996	0.01136	0.01319	0.00843	0.00558	0.00552	0.00176	0.00778	0.00476	0.00307	0.00841
52	0.00694	0.00580	0.00605	0.00599	0.00784	0.00491	0.00449	0.00856	0.01347	0.01648	0.15397	0.05336	0.66431	0.01410	0.00676	0.00191	0.00287	0.01184	0.00545	0.00491
53	0.01529	0.80242	0.02997	0.00979	0.01468	0.02263	0.00979	0.01713	0.01162	0.01346	0.00795	0.00918	0.00734	0.00489	0.00367	0.00122	0.00612	0.00306	0.00245	0.00734
54	0.00719	0.00525	0.00676	0.00758	0.00829	0.00482	0.00523	0.00859	0.01227	0.01645	0.18831	0.56030	0.11535	0.01625	0.00713	0.00217	0.00314	0.01458	0.00552	0.00482
55	0.00737	0.00502	0.00650	0.00768	0.00812	0.00472	0.00517	0.00855	0.01106	0.01533	0.03013	0.71121	0.03531	0.01670	0.00694	0.00222	0.00325	0.01507	0.09494	0.00472
56	0.00697	0.00498	0.00664	0.00796	0.00830	0.00465	0.00531	0.00796	0.01095	0.01460	0.03153	0.79525	0.03783	0.01792	0.00730	0.00232	0.00332	0.01626	0.00531	0.00465
57	0.00723	0.00581	0.00645	0.00629	0.00802	0.00503	0.00472	0.00912	0.01415	0.01810	0.30626	0.05069	0.51101	0.01350	0.00676	0.00188	0.00283	0.01146	0.00566	0.00503
58	0.01465	0.01250	0.01317	0.01173	0.01503	0.01442	0.00916	0.07026	0.71242	0.02460	0.02275	0.02092	0.01703	0.00771	0.00581	0.00193	0.00463	0.00639	0.00581	0.00909
59	0.01251	0.01251	0.01752	0.01502	0.01502	0.01752	0.01251	0.01377	0.00876	0.01377	0.00751	0.01251	0.00751	0.01001	0.01877	0.00250	0.78851	0.00501	0.00250	0.00626
60	0.00832	0.00555	0.00624	0.00624	0.00624	0.00555	0.00347	0.00832	0.00832	0.01109	0.01802	0.03743	0.02080	0.79898	0.02911	0.00555	0.00555	0.00832	0.00347	0.00347
61	0.01251	0.01251	0.01752	0.01502	0.01502	0.01752	0.01251	0.01377	0.00876	0.01377	0.00751	0.01251	0.00751	0.01001	0.01877	0.00250	0.78851	0.00501	0.00250	0.00626
62	0.00687	0.00538	0.00622	0.00689	0.00801	0.00474	0.00483	0.00809	0.01199	0.01502	0.04462	0.42825	0.39637	0.01622	0.00703	0.00213	0.00311	0.01418	0.00531	0.00474
63	0.01529	0.80242	0.02997	0.00979	0.01468	0.02263	0.00979	0.01713	0.01162	0.01346	0.00795	0.00918	0.00734	0.00489	0.00367	0.00122	0.00612	0.00306	0.00245	0.00734
64	0.01251	0.01251	0.01752	0.01502	0.01502	0.01752	0.01251	0.01377	0.00876	0.01377	0.00751	0.01251	0.00751	0.01001	0.01877	0.00250	0.78851	0.00501	0.00250	0.00626
65	0.01740	0.00791	0.01063	0.00878	0.01175	0.00699	0.00699	0.01985	0.01629	0.41736	0.36936	0.03040	0.03287	0.00925	0.00622	0.00178	0.00385	0.00791	0.00671	0.00770
66	0.06760	0.00980	0.01302	0.01004	0.01442	0.00863	0.00829	0.02731	0.01603	0.72904	0.02181	0.01894	0.01375	0.00699	0.00564	0.00177	0.00484	0.00562	0.00690	0.00955
67	0.13657	0.01276	0.01436	0.01116	0.01553	0.01324	0.00922	0.35061	0.02022	0.33357	0.01655	0.01546	0.01105	0.00674	0.00543	0.00175	0.00545	0.00511	0.00597	0.00924
68	0.00703	0.00503	0.00669	0.00792	0.00831	0.00469	0.00531	0.00812	0.01124	0.01507	0.07222	0.75322	0.03873	0.01757	0.00727	0.00229	0.00328	0.01593	0.00536	0.00469
69	0.01186	0.01017	0.01186	0.00847	0.01356	0.00762	0.00678	0.01440	0.01186	0.01864	0.01017	0.01186	0.00847	0.00424	0.00424	0.00085	0.00424	0.00339	0.00339	0.83395
70	0.01008	0.00894	0.01286	0.01176	0.01233	0.01171	0.00951	0.01178	0.00900	0.01349	0.01188	0.01809	0.01131	0.02843	0.44302	0.00625	0.35549	0.00563	0.00282	0.00561
71	0.00791	0.00538	0.00636	0.00676	0.00686	0.00528	0.00402	0.00821	0.00911	0.01214	0.02207	0.26474	0.02591	0.56470	0.02257	0.00458	0.00488	0.01070	0.00402	0.00382
72	0.01423	0.01229	0.01293	0.01164	0.01487	0.01423	0.00905	0.03039	0.75297	0.02393	0.02328	0.02134	0.01746	0.00776	0.00582	0.00194	0.00453	0.00647	0.00582	0.00905
73	0.01147	0.02959	0.76934	0.01630	0.02476	0.01328	0.02113	0.01811	0.01208	0.01811	0.01026	0.01208	0.00725	0.00543	0.00543	0.00181	0.00845	0.00423	0.00242	0.00845
74	0.01266	0.01209	0.02041	0.35287	0.42475	0.01338	0.01664	0.01615	0.01217	0.01675	0.01037	0.01455	0.00839	0.00556	0.00623	0.00182	0.03962	0.00509	0.00269	0.00779
75	0.01423	0.01229	0.01293	0.01164	0.01487	0.01423	0.00905	0.03039	0.75297	0.02393	0.02328	0.02134	0.01746	0.00776	0.00582	0.00194	0.00453	0.00647	0.00582	0.00905
76	0.28873	0.08647	0.01468	0.01125	0.01495	0.28390	0.00903	0.12214	0.01505	0.06311	0.00998	0.01093	0.00773	0.00576	0.00458	0.00158	0.00694	0.00375	0.00374	0.03573
77	0.00832	0.00555	0.00624	0.00624	0.00624	0.00555	0.00347	0.00832	0.00832	0.01109	0.01802	0.03743	0.02080	0.79898	0.02911	0.00555	0.00555	0.00832	0.00347	0.00347
78	0.01431	0.01325	0.02212	0.11589	0.63966	0.01357	0.01693	0.04760	0.01349	0.03235	0.01103	0.01435	0.00902	0.00527	0.00567	0.00172	0.00683	0.00511	0.00300	0.00880
79	0.83938	0.01106	0.00841	0.00752	0.01106	0.01283	0.00619	0.01681	0.00973	0.02566	0.00796	0.00929	0.00619	0.00531	0.00354	0.00177	0.00442	0.00310	0.00354	0.00619
80	0.01122	0.01078	0.01879	0.67920	0.08662	0.01290	0.06981	0.01508	0.01170	0.01516	0.01031	0.01519	0.00780	0.00561	0.00579	0.00189	0.00772	0.00521	0.00259	0.00663
81	0.00734	0.00582	0.00659	0.00640	0.00808	0.00507	0.00480	0.00932	0.01440	0.01868	0.36089	0.04973	0.45602	0.01328	0.00675	0.00187	0.00281	0.01133	0.00574	0.00507
82	0.00832	0.00555	0.00624	0.00624	0.00624	0.00555	0.00347	0.00832	0.00832	0.01109	0.01802	0.03743	0.02080	0.79898	0.02911	0.00555	0.00555	0.00832	0.00347	0.00347
83	0.00927	0.00654	0.00907	0.01034	0.01165	0.00654	0.00902	0.01191	0.01312	0.01728	0.02984	0.06288	0.03223	0.01545	0.00775	0.00258	0.00517	0.69751	0.03657	0.00527
84	0.01423	0.01229	0.01293	0.01164	0.01487	0.01423	0.00905	0.03039	0.75297	0.02393	0.02328	0.02134	0.01746	0.00776	0.00582	0.00194	0.00453	0.00647	0.00582	0.00905
85	0.01320	0.01277	0.01749	0.01488	0.01522	0.01754	0.01239	0.06787	0.01010	0.01542	0.00797	0.01260	0.00767	0.00978	0.01780	0.00244	0.73058	0.00502	0.00274	0.00651
86	0.01328	0.00976	0.01153	0.00843	0.01316	0.00754	0.00675	0.01579	0.01236	0.10041	0.01215	0.01339	0.00955	0.00473	0.00438	0.00098	0.00419	0.00379	0.06507	0.68277
87	0.01423	0.01229	0.01293	0.01164	0.01487	0.01423	0.00905	0.03039	0.75297	0.02393	0.02328	0.02134	0.01746	0.00776	0.00582	0.00194	0.00453	0.00647	0.00582	0.00905
88	0.01398	0.01341	0.02290	0.07376	0.72600	0.01354	0.01747	0.01740	0.01294	0.01848	0.01073	0.01421	0.00899	0.00513	0.00567	0.00171	0.00684	0.00510	0.00282	0.00892
89	0.02566	0.00973	0.01327	0.01018	0.01460	0.00841	0.00841	0.02788	0.01637	0.76726	0.02257	0.01947	0.01416	0.00708	0.00575	0.00177	0.00487	0.00575	0.00708	0.00973
90	0.00800	0.00584	0.00751	0.00709	0.00848	0.00535	0.00532	0.01060	0.01596	0.02238	0.70827	0.04364	0.10633	0.01190	0.00675	0.00181	0.00271	0.01047	0.00622	0.00535
91	0.00872	0.00650	0.00843	0.00939	0.01070	0.00643	0.00768	0.01174	0.06225	0.01679	0.03391	0.22066	0.13364	0.01555	0.00747	0.00242	0.00446	0.42263	0.00532	0.00532
92	0.01223	0.01290	0.02540	0.36696	0.03339	0.01383	0.37598	0.01641	0.01232	0.01641	0.01072	0.01519	0.00814	0.00550	0.00692	0.00195	0.05010	0.00591	0.00271	0.00702
93	0.00814	0.00581	0.00798	0.00930	0.01014	0.00565	0.00734	0.00998	0.01210	0.01591	0.03088	0.41569	0.03528	0.01682	0.00761	0.00248	0.00433	0.38430	0.00529	0.00497
94	0.00809	0.00578	0.00790	0.00909	0.00995	0.00559	0.00711	0.00996	0.01236	0.01637	0.08493	0.40386	0.03677	0.01649	0.00754	0.00243	0.00417	0.34128	0.00536	0.00499
95	0.00697	0.00498	0.00664	0.00796	0.00830	0.00465	0.00531	0.00796	0.01095	0.01460	0.03153	0.79525	0.03783	0.01792	0.00730	0.00232	0.00332	0.01626	0.00531	0.00465
96	0.16880	0.01124	0.01629	0.38196	0.09452	0.01284	0.05473	0.08415	0.01287	0.05037	0.01114	0.01521	0.00869	0.04658	0.00657	0.00203	0.00672	0.00501	0.00331	0.00696
97	0.01529	0.80242	0.02997	0.00979	0.01468	0.02263	0.00979	0.01713	0.01162	0.01346	0.00795	0.00918	0.00734	0.00489	0.00367	0.00122	0.00612	0.00306	0.00245	0.00734
98	0.00824	0.00587	0.00789	0.00789	0.00846	0.00644	0.00553	0.00938	0.00881	0.01232	0.01651	0.02905	0.01716	0.37555	0.44757	0.00759	0.01102	0.00709	0.00324	0.00438
99	0.00706	0.00522	0.00667	0.00759	0.00829	0.00482	0.00522	0.00830	0.01162	0.01531	0.08932	0.58716	0.15915	0.01781	0.03554	0.00247	0.00364	0.01475	0.00530	0.00475
100	0.01094	0.01031	0.01741	0.75407	0.06947	0.01274	0.01595	0.01474	0.01150	0.01478	0.01019	0.01520	0.00768	0.00569	0.00572	0.00190	0.00759	0.00508	0.00255	0.00647
101	0.00745	0.00542	0.00702	0.00747	0.00836	0.00499	0.00528	0.00923	0.01341	0.01833	0.35411	0.40935	0.09849	0.01493	0.00702	0.00206	0.00301	0.01335	0.00574	0.00499
102	0.01399	0.01021	0.01184	0.01068	0.01315	0.01083	0.00851	0.33286	0.01880	0.02518	0.08137	0.25267	0.02581	0.01216	0.00668	0.00207	0.00495	0.14562	0.00556	0.00706
103	0.01917	0.02273	0.12273	0.01490	0.01930	0.40916	0.08174	0.08502	0.01608	0.09389	0.01120	0.01237	0.00844	0.00584	0.00541	0.00158	0.00874	0.00438	0.00356	0.05378
104	0.00830	0.00685	0.00803	0.00806	0.00973	0.00676	0.00647	0.01094	0.05432	0.01680	0.10141	0.05132	0.43171	0.01387	0.00787	0.00213	0.06173	0.18316	0.00520	0.00532
105	0.06336	0.07238	0.01917	0.15233	0.11268	0.01609	0.04996	0.35439	0.01882	0.03874	0.01179	0.01361	0.00884	0.00623	0.00599	0.00176	0.03629	0.00495	0.00420	0.00844

[dist]
# distance from previous block
# <min> <max>
0	22

[block]
# block no. 1 follows, 41 sequences, length 28
# corresponding to MSA columns:
# 731-750,765-772
name=unknown_B
#
# <colnr> <probs for GDERKNQSTAVLIFYWHMCP>
#	G	D	E	R	K	N	Q	S	T	A	V	L	I	F	Y	W	H	M	C	P
0	0.04972	0.01553	0.13684	0.01242	0.03751	0.12764	0.03980	0.09875	0.04359	0.08061	0.26928	0.02351	0.02457	0.00799	0.00589	0.00175	0.00592	0.00663	0.00477	0.00728
1	0.01622	0.27170	0.27053	0.01344	0.01909	0.16443	0.01397	0.13366	0.01508	0.01868	0.00981	0.01108	0.00769	0.00558	0.00487	0.00154	0.00773	0.00390	0.00305	0.00795
2	0.01582	0.49362	0.04840	0.01041	0.01521	0.01855	0.00986	0.10332	0.01362	0.05493	0.00977	0.01086	0.00814	0.00534	0.00472	0.00132	0.03489	0.00360	0.00321	0.13440
3	0.05242	0.01048	0.01817	0.01380	0.01750	0.00970	0.28147	0.01435	0.01384	0.02001	0.26612	0.02633	0.07364	0.00781	0.00644	0.00172	0.02107	0.00758	0.00430	0.13324
4	0.00690	0.00526	0.00635	0.00722	0.00810	0.00471	0.00498	0.00805	0.01167	0.01489	0.04059	0.54119	0.28603	0.01674	0.00712	0.00219	0.00317	0.01482	0.00531	0.00471
5	0.00832	0.00601	0.00891	0.00891	0.00979	0.00690	0.00679	0.00990	0.00901	0.01290	0.01503	0.02282	0.01428	0.07926	0.67880	0.07437	0.01401	0.00615	0.00304	0.00482
6	0.01541	0.37641	0.02113	0.01100	0.01505	0.05219	0.00957	0.06001	0.34266	0.01928	0.01511	0.01487	0.01197	0.00631	0.00480	0.00158	0.00560	0.00471	0.00414	0.00819
7	0.01319	0.31190	0.38446	0.01510	0.02183	0.01691	0.12750	0.01778	0.01213	0.01643	0.00961	0.01152	0.00750	0.00514	0.00499	0.00161	0.00778	0.00418	0.00250	0.00793
8	0.01534	0.08551	0.20441	0.07428	0.27436	0.01341	0.04477	0.01984	0.04611	0.14789	0.01299	0.01458	0.00961	0.00566	0.00550	0.00173	0.00688	0.00495	0.00355	0.00864
9	0.01407	0.48918	0.21486	0.01361	0.01952	0.01905	0.12489	0.01756	0.01202	0.01536	0.00908	0.01086	0.00752	0.00502	0.00458	0.00148	0.00724	0.00392	0.00251	0.00768
10	0.00697	0.00498	0.00664	0.00796	0.00830	0.00465	0.00531	0.00796	0.01095	0.01460	0.03153	0.79525	0.03783	0.01792	0.00730	0.00232	0.00332	0.01626	0.00531	0.00465
11	0.01664	0.01645	0.06854	0.05407	0.04935	0.18826	0.12137	0.04265	0.12776	0.12635	0.01600	0.04403	0.01299	0.00735	0.00637	0.00186	0.03284	0.05518	0.00422	0.00774
12	0.01896	0.01692	0.01655	0.22035	0.05372	0.24982	0.01218	0.19141	0.01735	0.12945	0.01243	0.01393	0.00905	0.00622	0.00555	0.00170	0.00771	0.00476	0.00409	0.00784
13	0.01066	0.00533	0.00533	0.00533	0.00666	0.00533	0.00400	0.01333	0.01200	0.02132	0.01866	0.02132	0.01466	0.00666	0.00400	0.00133	0.00267	0.00533	0.83073	0.00533
14	0.00773	0.00576	0.00727	0.00765	0.00888	0.00530	0.00581	0.00974	0.01374	0.01833	0.30863	0.22790	0.20015	0.01449	0.00708	0.00210	0.00333	0.13537	0.00567	0.00507
15	0.02995	0.17266	0.23791	0.01613	0.11516	0.01516	0.04527	0.14024	0.01529	0.14080	0.01245	0.01334	0.00907	0.00576	0.00524	0.00166	0.00683	0.00460	0.00381	0.00866
16	0.01347	0.01289	0.02198	0.18771	0.61604	0.01341	0.01721	0.01696	0.01270	0.01786	0.01064	0.01438	0.00877	0.00522	0.00567	0.00174	0.00696	0.00509	0.00277	0.00851
17	0.00793	0.00575	0.00651	0.00632	0.00791	0.00515	0.00474	0.01010	0.01423	0.01955	0.35219	0.04461	0.34436	0.01209	0.00633	0.00178	0.00278	0.01030	0.13221	0.00515
18	0.01178	0.02742	0.65663	0.01750	0.02554	0.01346	0.13167	0.01815	0.01229	0.01815	0.01047	0.01259	0.00747	0.00534	0.00564	0.00183	0.00864	0.00461	0.00249	0.00834
19	0.00801	0.00638	0.00731	0.00778	0.00911	0.00618	0.00555	0.01149	0.12537	0.01632	0.03933	0.42261	0.28291	0.01518	0.00689	0.00213	0.00336	0.01332	0.00539	0.00538
20	0.00714	0.00581	0.00632	0.00619	0.00796	0.00499	0.00464	0.00894	0.01393	0.01757	0.25687	0.05156	0.56073	0.01370	0.00676	0.00189	0.00284	0.01158	0.00559	0.00499
21	0.14157	0.68116	0.02667	0.00944	0.01413	0.02113	0.00924	0.01708	0.01133	0.01533	0.00795	0.00919	0.00716	0.00496	0.00365	0.00131	0.00586	0.00306	0.00261	0.00716
22	0.00807	0.00563	0.00715	0.00736	0.00770	0.00587	0.00481	0.00881	0.00897	0.01226	0.01931	0.14923	0.02153	0.46088	0.24162	0.00611	0.00803	0.00890	0.00363	0.00412
23	0.01251	0.01251	0.01752	0.01502	0.01502	0.01752	0.01251	0.01377	0.00876	0.01377	0.00751	0.01251	0.00751	0.01001	0.01877	0.00250	0.78851	0.00501	0.00250	0.00626
24	0.01498	0.01517	0.02859	0.02084	0.02614	0.01499	0.53571	0.14238	0.09960	0.02195	0.01326	0.01581	0.00985	0.00550	0.00647	0.00189	0.00850	0.00645	0.00370	0.00821
25	0.01248	0.01687	0.27180	0.04519	0.01791	0.01183	0.01268	0.12918	0.14524	0.02280	0.19827	0.02335	0.05193	0.00798	0.00593	0.00183	0.00576	0.00662	0.00459	0.00777
26	0.00947	0.00805	0.01188	0.01389	0.16093	0.00785	0.03572	0.01195	0.01379	0.01874	0.27102	0.08980	0.18411	0.01153	0.00720	0.00197	0.03657	0.09452	0.00493	0.00607
27	0.01308	0.04338	0.21807	0.01339	0.01777	0.04490	0.04965	0.09711	0.16216	0.02055	0.01910	0.04140	0.01730	0.00912	0.00626	0.00204	0.00652	0.20626	0.00434	0.00761

[dist]
# distance from previous block
# <min> <max>
1	2

[block]
# block no. 2 follows, 41 sequences, length 22
# corresponding to MSA columns:
# 777-798
name=unknown_C
#
# <colnr> <probs for GDERKNQSTAVLIFYWHMCP>
#	G	D	E	R	K	N	Q	S	T	A	V	L	I	F	Y	W	H	M	C	P
0	0.20406	0.02078	0.10545	0.04455	0.12182	0.34035	0.01223	0.05524	0.01415	0.01889	0.00937	0.01118	0.00745	0.00564	0.00494	0.00164	0.00797	0.00394	0.00312	0.00723
1	0.71353	0.01168	0.00921	0.00805	0.01169	0.04726	0.00657	0.01757	0.01051	0.06544	0.00892	0.01003	0.00681	0.00538	0.00377	0.00171	0.00471	0.00329	0.00370	0.05018
2	0.00695	0.00562	0.00608	0.00633	0.00780	0.00486	0.00454	0.00828	0.01250	0.01538	0.08251	0.20483	0.54018	0.05810	0.00810	0.00220	0.00312	0.01264	0.00526	0.00474
3	0.01533	0.01379	0.02139	0.06389	0.56487	0.01430	0.01591	0.14419	0.05140	0.02177	0.01186	0.01448	0.00952	0.00556	0.00568	0.00172	0.00664	0.00517	0.00347	0.00905
4	0.00822	0.00556	0.00621	0.00621	0.00634	0.00550	0.00352	0.00831	0.00863	0.01138	0.02065	0.03859	0.06953	0.74733	0.02764	0.00531	0.00537	0.00857	0.00359	0.00356
5	0.01265	0.01014	0.01204	0.01092	0.01287	0.01192	0.00846	0.05307	0.37736	0.01895	0.01717	0.01931	0.01397	0.01536	0.11898	0.17041	0.09929	0.00588	0.00436	0.00687
6	0.01736	0.00951	0.01179	0.00886	0.01330	0.00772	0.00717	0.01978	0.01371	0.32358	0.01605	0.01589	0.01140	0.00563	0.00483	0.00127	0.00434	0.00454	0.08643	0.41685
7	0.00786	0.00583	0.00853	0.00887	0.00972	0.00650	0.00667	0.00963	0.00965	0.01362	0.01952	0.22284	0.02040	0.03642	0.57692	0.00741	0.01221	0.00876	0.00365	0.00499
8	0.02042	0.02579	0.01558	0.01429	0.01706	0.72523	0.01067	0.02186	0.01586	0.01404	0.01034	0.06200	0.00937	0.00669	0.00530	0.00153	0.00985	0.00451	0.00310	0.00650
9	0.02566	0.00973	0.01327	0.01018	0.01460	0.00841	0.00841	0.02788	0.01637	0.76726	0.02257	0.01947	0.01416	0.00708	0.00575	0.00177	0.00487	0.00575	0.00708	0.00973
10	0.83938	0.01106	0.00841	0.00752	0.01106	0.01283	0.00619	0.01681	0.00973	0.02566	0.00796	0.00929	0.00619	0.00531	0.00354	0.00177	0.00442	0.00310	0.00354	0.00619
11	0.01251	0.01251	0.01752	0.01502	0.01502	0.01752	0.01251	0.01377	0.00876	0.01377	0.00751	0.01251	0.00751	0.01001	0.01877	0.00250	0.78851	0.00501	0.00250	0.00626
12	0.00810	0.00585	0.00765	0.00720	0.00855	0.00540	0.00540	0.01079	0.01619	0.02294	0.76028	0.04273	0.05397	0.01169	0.00675	0.00180	0.00270	0.01034	0.00630	0.00540
13	0.00697	0.00498	0.00664	0.00796	0.00830	0.00465	0.00531	0.00796	0.01095	0.01460	0.03153	0.79525	0.03783	0.01792	0.00730	0.00232	0.00332	0.01626	0.00531	0.00465
14	0.83938	0.01106	0.00841	0.00752	0.01106	0.01283	0.00619	0.01681	0.00973	0.02566	0.00796	0.00929	0.00619	0.00531	0.00354	0.00177	0.00442	0.00310	0.00354	0.00619
15	0.02566	0.00973	0.01327	0.01018	0.01460	0.00841	0.00841	0.02788	0.01637	0.76726	0.02257	0.01947	0.01416	0.00708	0.00575	0.00177	0.00487	0.00575	0.00708	0.00973
16	0.01511	0.00664	0.00768	0.00677	0.00902	0.00624	0.00530	0.01764	0.01329	0.24227	0.01982	0.02077	0.01451	0.00679	0.00452	0.00146	0.00332	0.00546	0.58677	0.00664
17	0.00910	0.00650	0.00908	0.01040	0.01166	0.00648	0.00901	0.01165	0.01305	0.01698	0.03035	0.10316	0.03318	0.01591	0.00787	0.00262	0.00516	0.68733	0.00527	0.00523
18	0.00826	0.00578	0.00743	0.00743	0.00784	0.00619	0.00495	0.00908	0.00867	0.01197	0.01693	0.03141	0.01818	0.49446	0.33006	0.00701	0.00948	0.00744	0.00330	0.00413
19	0.00821	0.00563	0.00761	0.00866	0.00929	0.00549	0.00650	0.00939	0.01115	0.01471	0.02760	0.37043	0.03159	0.10838	0.01139	0.07583	0.00444	0.27435	0.00483	0.00455
20	0.00699	0.00554	0.00632	0.00683	0.00814	0.00486	0.00494	0.00838	0.01242	0.01553	0.07642	0.32150	0.44039	0.01566	0.00700	0.00210	0.00314	0.04367	0.00535	0.00481
21	0.01216	0.16868	0.63627	0.01513	0.02294	0.01497	0.01909	0.01794	0.01199	0.01728	0.00985	0.01155	0.00726	0.00534	0.00512	0.00171	0.00803	0.00402	0.00242	0.00825

[dist]
# distance from previous block
# <min> <max>
2	76

[block]
# block no. 3 follows, 41 sequences, length 127
# corresponding to MSA columns:
# 875-896,924-926,929-948,956-1006,1008-1038
name=unknown_D
#
# <colnr> <probs for GDERKNQSTAVLIFYWHMCP>
#	G	D	E	R	K	N	Q	S	T	A	V	L	I	F	Y	W	H	M	C	P
0	0.80086	0.04806	0.00942	0.00763	0.01123	0.01329	0.00636	0.01683	0.00982	0.02509	0.00796	0.00929	0.00625	0.00529	0.00355	0.00174	0.00450	0.00310	0.00349	0.00625
1	0.00999	0.00744	0.01098	0.25255	0.01862	0.00788	0.00888	0.01301	0.01470	0.06434	0.48027	0.03269	0.03701	0.00954	0.00636	0.00183	0.00438	0.00841	0.00516	0.00596
2	0.01374	0.01279	0.01945	0.15551	0.34941	0.01462	0.01483	0.06554	0.09334	0.01866	0.01153	0.01475	0.00944	0.00665	0.00848	0.00193	0.17283	0.00523	0.00323	0.00804
3	0.00768	0.00571	0.00715	0.00705	0.00836	0.00518	0.00519	0.00989	0.01482	0.02030	0.52108	0.15853	0.18165	0.01315	0.00683	0.00190	0.00283	0.01155	0.00597	0.00518
4	0.00697	0.00498	0.00664	0.00796	0.00830	0.00465	0.00531	0.00796	0.01095	0.01460	0.03153	0.79525	0.03783	0.01792	0.00730	0.00232	0.00332	0.01626	0.00531	0.00465
5	0.00817	0.00613	0.00919	0.00919	0.01021	0.00715	0.00715	0.01021	0.00919	0.01328	0.01532	0.02247	0.01430	0.04290	0.77631	0.00919	0.01532	0.00613	0.00306	0.00511
6	0.01423	0.01229	0.01293	0.01164	0.01487	0.01423	0.00905	0.03039	0.75297	0.02393	0.02328	0.02134	0.01746	0.00776	0.00582	0.00194	0.00453	0.00647	0.00582	0.00905
7	0.83938	0.01106	0.00841	0.00752	0.01106	0.01283	0.00619	0.01681	0.00973	0.02566	0.00796	0.00929	0.00619	0.00531	0.00354	0.00177	0.00442	0.00310	0.00354	0.00619
8	0.01529	0.80242	0.02997	0.00979	0.01468	0.02263	0.00979	0.01713	0.01162	0.01346	0.00795	0.00918	0.00734	0.00489	0.00367	0.00122	0.00612	0.00306	0.00245	0.00734
9	0.00817	0.00613	0.00919	0.00919	0.01021	0.00715	0.00715	0.01021	0.00919	0.01328	0.01532	0.02247	0.01430	0.04290	0.77631	0.00919	0.01532	0.00613	0.00306	0.00511
10	0.02174	0.01602	0.01717	0.01316	0.01774	0.01774	0.01087	0.74423	0.02689	0.03605	0.01373	0.01373	0.00973	0.00687	0.00572	0.00172	0.00629	0.00515	0.00572	0.00973
11	0.00827	0.00618	0.00882	0.09632	0.01317	0.00630	0.00801	0.01022	0.01186	0.01558	0.02864	0.42450	0.03253	0.01573	0.00736	0.00240	0.00456	0.28948	0.00498	0.00508
12	0.01147	0.02959	0.76934	0.01630	0.02476	0.01328	0.02113	0.01811	0.01208	0.01811	0.01026	0.01208	0.00725	0.00543	0.00543	0.00181	0.00845	0.00423	0.00242	0.00845
13	0.01782	0.35218	0.11110	0.01265	0.01713	0.33718	0.01160	0.02009	0.01380	0.04588	0.00921	0.01043	0.00763	0.00547	0.00459	0.00142	0.00810	0.00357	0.00285	0.00727
14	0.01529	0.80242	0.02997	0.00979	0.01468	0.02263	0.00979	0.01713	0.01162	0.01346	0.00795	0.00918	0.00734	0.00489	0.00367	0.00122	0.00612	0.00306	0.00245	0.00734
15	0.01080	0.01017	0.01716	0.78523	0.03940	0.01271	0.01589	0.01461	0.01144	0.01461	0.01017	0.01525	0.00762	0.00572	0.00572	0.00191	0.00762	0.00508	0.00254	0.00635
16	0.01251	0.01251	0.01752	0.01502	0.01502	0.01752	0.01251	0.01377	0.00876	0.01377	0.00751	0.01251	0.00751	0.01001	0.01877	0.00250	0.78851	0.00501	0.00250	0.00626
17	0.00697	0.00498	0.00664	0.00796	0.00830	0.00465	0.00531	0.00796	0.01095	0.01460	0.03153	0.79525	0.03783	0.01792	0.00730	0.00232	0.00332	0.01626	0.00531	0.00465
18	0.01078	0.00757	0.01000	0.01023	0.01227	0.00729	0.00877	0.05098	0.01405	0.04964	0.07002	0.05280	0.02943	0.01343	0.00722	0.00230	0.00504	0.53415	0.00522	0.09883
19	0.11583	0.01007	0.01305	0.01081	0.04510	0.00907	0.00844	0.02541	0.01522	0.60868	0.01970	0.01766	0.01272	0.00663	0.00541	0.00171	0.00486	0.00529	0.00629	0.05806
20	0.02566	0.00973	0.01327	0.01018	0.01460	0.00841	0.00841	0.02788	0.01637	0.76726	0.02257	0.01947	0.01416	0.00708	0.00575	0.00177	0.00487	0.00575	0.00708	0.00973
21	0.01147	0.02959	0.76934	0.01630	0.02476	0.01328	0.02113	0.01811	0.01208	0.01811	0.01026	0.01208	0.00725	0.00543	0.00543	0.00181	0.00845	0.00423	0.00242	0.00845
22	0.00715	0.00558	0.00651	0.00691	0.00822	0.00494	0.00503	0.00871	0.01290	0.01649	0.16480	0.28816	0.38390	0.01517	0.00698	0.00206	0.00310	0.04303	0.00547	0.00488
23	0.01186	0.01017	0.01186	0.00847	0.01356	0.00762	0.00678	0.01440	0.01186	0.01864	0.01017	0.01186	0.00847	0.00424	0.00424	0.00085	0.00424	0.00339	0.00339	0.83395
24	0.14168	0.05346	0.08312	0.05884	0.08287	0.01279	0.01092	0.17260	0.01622	0.24135	0.03462	0.01522	0.01113	0.00629	0.00525	0.00171	0.00574	0.00490	0.00482	0.03649
25	0.10387	0.01021	0.07228	0.01055	0.07832	0.02959	0.00799	0.01491	0.06617	0.02046	0.13197	0.02589	0.12294	0.00829	0.00568	0.00170	0.03069	0.00669	0.24551	0.00630
26	0.01895	0.01434	0.01862	0.10475	0.18142	0.01548	0.03238	0.43105	0.02100	0.08510	0.01330	0.01448	0.00966	0.00632	0.00574	0.00174	0.00653	0.00522	0.00477	0.00915
27	0.01186	0.01017	0.01186	0.00847	0.01356	0.00762	0.00678	0.01440	0.01186	0.01864	0.01017	0.01186	0.00847	0.00424	0.00424	0.00085	0.00424	0.00339	0.00339	0.83395
28	0.01513	0.75570	0.02924	0.01010	0.01470	0.02233	0.00995	0.01693	0.01145	0.01348	0.00793	0.00937	0.00735	0.00520	0.00456	0.00130	0.05239	0.00317	0.00245	0.00728
29	0.00802	0.00579	0.00758	0.00725	0.00853	0.00535	0.00539	0.01061	0.01585	0.02239	0.71285	0.09170	0.05292	0.01210	0.00678	0.00183	0.00274	0.01073	0.00623	0.00535
30	0.00697	0.00498	0.00664	0.00796	0.00830	0.00465	0.00531	0.00796	0.01095	0.01460	0.03153	0.79525	0.03783	0.01792	0.00730	0.00232	0.00332	0.01626	0.00531	0.00465
31	0.00708	0.00587	0.00624	0.00632	0.00815	0.00503	0.00485	0.00874	0.01331	0.01622	0.11376	0.05485	0.63940	0.01437	0.00686	0.00198	0.00309	0.07358	0.00539	0.00491
32	0.00866	0.00602	0.00747	0.00719	0.00863	0.00571	0.00548	0.01172	0.03886	0.02200	0.54854	0.04085	0.08273	0.01122	0.00638	0.00179	0.00291	0.05183	0.12652	0.00547
33	0.01147	0.02959	0.76934	0.01630	0.02476	0.01328	0.02113	0.01811	0.01208	0.01811	0.01026	0.01208	0.00725	0.00543	0.00543	0.00181	0.00845	0.00423	0.00242	0.00845
34	0.06121	0.01380	0.01552	0.01195	0.01643	0.01455	0.00987	0.48312	0.02276	0.26737	0.01626	0.01534	0.01097	0.00686	0.00563	0.00174	0.00575	0.00524	0.00605	0.00956
35	0.01423	0.01229	0.01293	0.01164	0.01487	0.01423	0.00905	0.03039	0.75297	0.02393	0.02328	0.02134	0.01746	0.00776	0.00582	0.00194	0.00453	0.00647	0.00582	0.00905
36	0.00819	0.00604	0.00876	0.00876	0.00964	0.00692	0.00662	0.00994	0.00907	0.01296	0.01571	0.02464	0.01524	0.15246	0.66804	0.00866	0.01390	0.00645	0.00312	0.00487
37	0.83938	0.01106	0.00841	0.00752	0.01106	0.01283	0.00619	0.01681	0.00973	0.02566	0.00796	0.00929	0.00619	0.00531	0.00354	0.00177	0.00442	0.00310	0.00354	0.00619
38	0.00869	0.00653	0.00813	0.00761	0.00918	0.00631	0.00574	0.01276	0.09408	0.02273	0.65320	0.04097	0.07934	0.01139	0.00665	0.00182	0.00290	0.01001	0.00621	0.00576
39	0.01277	0.01425	0.03070	0.02229	0.02747	0.01336	0.65966	0.01716	0.01321	0.01790	0.01381	0.10308	0.01196	0.00629	0.00681	0.00197	0.00893	0.00782	0.00316	0.00737
40	0.00826	0.00610	0.00821	0.05321	0.01037	0.00583	0.00602	0.01102	0.01591	0.02245	0.71592	0.04110	0.05123	0.01134	0.00669	0.00181	0.00299	0.01003	0.00607	0.00545
41	0.01251	0.01251	0.01752	0.01502	0.01502	0.01752	0.01251	0.01377	0.00876	0.01377	0.00751	0.01251	0.00751	0.01001	0.01877	0.00250	0.78851	0.00501	0.00250	0.00626
42	0.01528	0.01695	0.18457	0.01813	0.02414	0.01258	0.36519	0.04155	0.01394	0.14977	0.01314	0.01501	0.00934	0.00535	0.00601	0.00176	0.00792	0.00566	0.00366	0.09006
43	0.01974	0.01490	0.01607	0.01240	0.01692	0.01608	0.01016	0.58153	0.09285	0.03263	0.01416	0.01420	0.01029	0.00660	0.00554	0.00162	0.00586	0.00504	0.00542	0.11798
44	0.00972	0.00838	0.01317	0.41668	0.05029	0.00951	0.01132	0.01303	0.01359	0.01842	0.34104	0.02733	0.02811	0.00833	0.00617	0.00185	0.00542	0.00740	0.00421	0.00602
45	0.01192	0.06124	0.22704	0.03813	0.09295	0.01042	0.01198	0.01623	0.05081	0.08020	0.24424	0.02512	0.03620	0.06020	0.00740	0.00202	0.00557	0.00680	0.00433	0.00719
46	0.01127	0.02818	0.72429	0.01576	0.02380	0.01282	0.02020	0.01768	0.01232	0.01840	0.05462	0.01389	0.01001	0.00580	0.00551	0.00181	0.00811	0.00459	0.00264	0.00827
47	0.01080	0.01017	0.01716	0.78523	0.03940	0.01271	0.01589	0.01461	0.01144	0.01461	0.01017	0.01525	0.00762	0.00572	0.00572	0.00191	0.00762	0.00508	0.00254	0.00635
48	0.01147	0.02959	0.76934	0.01630	0.02476	0.01328	0.02113	0.01811	0.01208	0.01811	0.01026	0.01208	0.00725	0.00543	0.00543	0.00181	0.00845	0.00423	0.00242	0.00845
49	0.40434	0.01177	0.03516	0.01211	0.09755	0.01187	0.00892	0.05143	0.04764	0.24766	0.01369	0.01373	0.00961	0.00600	0.00470	0.00177	0.00503	0.00440	0.00469	0.00793
50	0.01023	0.00944	0.01557	0.67070	0.03479	0.01153	0.01429	0.01365	0.01145	0.01465	0.01440	0.09949	0.04197	0.00737	0.00593	0.00195	0.00697	0.00656	0.00295	0.00611
51	0.00832	0.00555	0.00624	0.00624	0.00624	0.00555	0.00347	0.00832	0.00832	0.01109	0.01802	0.03743	0.02080	0.79898	0.02911	0.00555	0.00555	0.00832	0.00347	0.00347
52	0.01386	0.01179	0.01247	0.01125	0.01434	0.01357	0.00874	0.02902	0.69828	0.02380	0.05407	0.02224	0.01890	0.00789	0.00580	0.00191	0.00439	0.00659	0.03229	0.00878
53	0.61242	0.10139	0.04759	0.00944	0.03323	0.01441	0.00802	0.08198	0.01168	0.02468	0.00866	0.00994	0.00677	0.00540	0.00390	0.00170	0.00504	0.00338	0.00354	0.00682
54	0.01422	0.01326	0.02096	0.01636	0.02054	0.01385	0.29552	0.05786	0.37404	0.04070	0.01866	0.05759	0.01461	0.00706	0.00625	0.00194	0.00656	0.00699	0.00468	0.00836
55	0.00800	0.00584	0.00751	0.00709	0.00849	0.00536	0.00532	0.01061	0.01596	0.02240	0.70962	0.04362	0.10497	0.01189	0.00675	0.00181	0.00271	0.01047	0.00623	0.00536
56	0.08559	0.09192	0.58552	0.01466	0.02210	0.01407	0.01804	0.04869	0.01258	0.04183	0.01039	0.01188	0.00747	0.00549	0.00514	0.00175	0.00770	0.00411	0.00280	0.00825
57	0.01724	0.04844	0.01654	0.24500	0.05425	0.03307	0.03392	0.14162	0.01585	0.22368	0.01633	0.02122	0.01267	0.00733	0.00589	0.00187	0.00641	0.08609	0.00465	0.00793
58	0.00854	0.00600	0.00748	0.00702	0.00862	0.00540	0.00530	0.01095	0.01552	0.05256	0.57723	0.04442	0.20539	0.01210	0.00671	0.00183	0.00283	0.01053	0.00612	0.00546
59	0.00807	0.00585	0.00761	0.00717	0.00853	0.00539	0.00538	0.01074	0.01613	0.02279	0.74661	0.04297	0.06774	0.01175	0.00675	0.00180	0.00270	0.01038	0.00628	0.00539
60	0.01358	0.01196	0.01814	0.50143	0.06323	0.01398	0.05748	0.16713	0.06015	0.02002	0.01182	0.01527	0.00878	0.00600	0.00578	0.00186	0.00724	0.00528	0.00343	0.00741
61	0.09297	0.01120	0.04764	0.64498	0.06637	0.01278	0.01521	0.01510	0.01136	0.01602	0.00998	0.01448	0.00753	0.00564	0.00549	0.00188	0.00731	0.00485	0.00265	0.00654
62	0.81315	0.01158	0.00866	0.00775	0.01127	0.03730	0.00635	0.01701	0.00994	0.02529	0.00799	0.00932	0.00623	0.00533	0.00359	0.00176	0.00461	0.00312	0.00352	0.00621
63	0.83938	0.01106	0.00841	0.00752	0.01106	0.01283	0.00619	0.01681	0.00973	0.02566	0.00796	0.00929	0.00619	0.00531	0.00354	0.00177	0.00442	0.00310	0.00354	0.00619
64	0.01199	0.01209	0.01705	0.69863	0.03695	0.09850	0.01534	0.01554	0.01197	0.01455	0.01002	0.01470	0.00760	0.00574	0.00566	0.00186	0.00793	0.00493	0.00259	0.00639
65	0.01059	0.00539	0.00551	0.00557	0.00691	0.00539	0.00424	0.01326	0.01205	0.02113	0.01920	0.02334	0.01551	0.00709	0.00418	0.00139	0.00279	0.03897	0.79214	0.00533
66	0.00697	0.00498	0.00664	0.00796	0.00830	0.00465	0.00531	0.00796	0.01095	0.01460	0.03153	0.79525	0.03783	0.01792	0.00730	0.00232	0.00332	0.01626	0.00531	0.00465
67	0.00676	0.00579	0.00579	0.00579	0.00773	0.00483	0.00435	0.00821	0.01304	0.01545	0.05794	0.05505	0.76098	0.01449	0.00676	0.00193	0.00290	0.01207	0.00531	0.00483
68	0.01186	0.01017	0.01186	0.00847	0.01356	0.00762	0.00678	0.01440	0.01186	0.01864	0.01017	0.01186	0.00847	0.00424	0.00424	0.00085	0.00424	0.00339	0.00339	0.83395
69	0.00851	0.00623	0.00807	0.00778	0.00921	0.00594	0.00600	0.01183	0.05030	0.02233	0.64378	0.04418	0.04990	0.01197	0.00683	0.00190	0.00307	0.09047	0.00616	0.00555
70	0.10173	0.00617	0.00648	0.00638	0.00678	0.00636	0.00377	0.00927	0.00848	0.01273	0.01689	0.03427	0.01915	0.70977	0.02624	0.00512	0.00542	0.00773	0.00347	0.00377
71	0.02566	0.00973	0.01327	0.01018	0.01460	0.00841	0.00841	0.02788	0.01637	0.76726	0.02257	0.01947	0.01416	0.00708	0.00575	0.00177	0.00487	0.00575	0.00708	0.00973
72	0.00697	0.00498	0.00664	0.00796	0.00830	0.00465	0.00531	0.00796	0.01095	0.01460	0.03153	0.79525	0.03783	0.01792	0.00730	0.00232	0.00332	0.01626	0.00531	0.00465
73	0.83938	0.01106	0.00841	0.00752	0.01106	0.01283	0.00619	0.01681	0.00973	0.02566	0.00796	0.00929	0.00619	0.00531	0.00354	0.00177	0.00442	0.00310	0.00354	0.00619
74	0.01247	0.01012	0.01672	0.69812	0.03661	0.01222	0.01504	0.01610	0.01199	0.09921	0.01156	0.01572	0.00836	0.00587	0.00572	0.00189	0.00731	0.00516	0.00305	0.00673
75	0.01864	0.01042	0.01249	0.01049	0.01404	0.01064	0.00835	0.02707	0.34124	0.35574	0.10580	0.02291	0.02009	0.00790	0.00589	0.00185	0.00447	0.00658	0.00644	0.00895
76	0.01350	0.01543	0.03375	0.02411	0.02989	0.01446	0.74253	0.01832	0.01350	0.01832	0.01157	0.01543	0.00868	0.00482	0.00675	0.00193	0.00964	0.00675	0.00289	0.00771
77	0.01147	0.02959	0.76934	0.01630	0.02476	0.01328	0.02113	0.01811	0.01208	0.01811	0.01026	0.01208	0.00725	0.00543	0.00543	0.00181	0.00845	0.00423	0.00242	0.00845
78	0.00697	0.00498	0.00664	0.00796	0.00830	0.00465	0.00531	0.00796	0.01095	0.01460	0.03153	0.79525	0.03783	0.01792	0.00730	0.00232	0.00332	0.01626	0.00531	0.00465
79	0.00697	0.00498	0.00664	0.00796	0.00830	0.00465	0.00531	0.00796	0.01095	0.01460	0.03153	0.79525	0.03783	0.01792	0.00730	0.00232	0.00332	0.01626	0.00531	0.00465
80	0.00697	0.00498	0.00664	0.00796	0.00830	0.00465	0.00531	0.00796	0.01095	0.01460	0.03153	0.79525	0.03783	0.01792	0.00730	0.00232	0.00332	0.01626	0.00531	0.00465
81	0.00676	0.00579	0.00579	0.00579	0.00773	0.00483	0.00435	0.00821	0.01304	0.01545	0.05794	0.05505	0.76098	0.01449	0.00676	0.00193	0.00290	0.01207	0.00531	0.00483
