[name]
unknown

[dist]
# distance from previous block
# <min> <max>
4	80

[block]
# block no. 0 follows, 37 sequences, length 14
# corresponding to MSA columns:
# 129-142
name=unknown_A
#
# <colnr> <probs for GDERKNQSTAVLIFYWHMCP>
#	G	D	E	R	K	N	Q	S	T	A	V	L	I	F	Y	W	H	M	C	P
0	0.24396	0.01376	0.01299	0.05464	0.01602	0.13103	0.00907	0.08114	0.01563	0.22264	0.06433	0.05033	0.01480	0.00899	0.03324	0.00217	0.00649	0.00575	0.00512	0.00790
1	0.11785	0.01567	0.11732	0.14666	0.02145	0.07917	0.03541	0.09831	0.01477	0.06336	0.01447	0.09901	0.01248	0.00764	0.00603	0.00186	0.02261	0.00616	0.02953	0.09021
2	0.13724	0.04818	0.05249	0.01734	0.10840	0.01363	0.18122	0.10288	0.01484	0.07922	0.01320	0.01700	0.01068	0.08386	0.00827	0.00220	0.00702	0.00564	0.00398	0.09271
3	0.10473	0.00964	0.01161	0.01012	0.03589	0.00881	0.00766	0.01992	0.05006	0.25343	0.06880	0.10352	0.04386	0.00852	0.00571	0.00173	0.00449	0.00707	0.06023	0.18419
4	0.27403	0.05761	0.01747	0.01714	0.17077	0.03407	0.07727	0.04922	0.01335	0.07796	0.01327	0.06512	0.01127	0.00703	0.00607	0.00190	0.04575	0.00564	0.04725	0.00781
5	0.01382	0.01158	0.01185	0.01053	0.01276	0.10033	0.02132	0.13399	0.01524	0.03567	0.04351	0.13494	0.06241	0.16054	0.05166	0.00310	0.03418	0.02806	0.04598	0.06855
6	0.01279	0.06158	0.32767	0.11362	0.18310	0.01391	0.07400	0.01760	0.01281	0.01811	0.01245	0.04119	0.01053	0.06549	0.00791	0.00222	0.00810	0.00574	0.00293	0.00825
7	0.01025	0.00846	0.01118	0.00942	0.01236	0.00741	0.06084	0.01350	0.05000	0.02032	0.20387	0.13008	0.15657	0.01071	0.00637	0.00174	0.00411	0.00944	0.04843	0.22494
8	0.01141	0.00571	0.00571	0.00571	0.00713	0.00571	0.00428	0.01426	0.01284	0.02282	0.01997	0.02282	0.01569	0.00713	0.00428	0.00143	0.00285	0.00571	0.81886	0.00571
9	0.09860	0.01299	0.01879	0.33516	0.24258	0.03462	0.01522	0.05014	0.06624	0.04962	0.01251	0.01576	0.00960	0.00616	0.00585	0.00193	0.00720	0.00532	0.00354	0.00816
10	0.01531	0.06577	0.01582	0.16607	0.01978	0.22307	0.01074	0.06405	0.01357	0.01578	0.01256	0.02046	0.01205	0.21917	0.01419	0.00298	0.09315	0.00582	0.00333	0.00634
11	0.01001	0.00751	0.00960	0.00917	0.00972	0.00861	0.00648	0.01188	0.06452	0.01379	0.01701	0.02988	0.01766	0.38724	0.21790	0.06103	0.10201	0.00747	0.00359	0.00492
12	0.01047	0.00728	0.00893	0.00924	0.01089	0.00712	0.00698	0.01438	0.11498	0.07392	0.07603	0.33989	0.15653	0.01541	0.00743	0.00233	0.00407	0.12192	0.00595	0.00623
13	0.06230	0.30606	0.04480	0.04000	0.04151	0.04456	0.08955	0.07530	0.10162	0.01993	0.04603	0.07511	0.01428	0.00730	0.00544	0.00175	0.00659	0.00599	0.00391	0.00796

[dist]
# distance from previous block
# <min> <max>
5	15

[block]
# block no. 1 follows, 37 sequences, length 19
# corresponding to MSA columns:
# 158-176
name=unknown_B
#
# <colnr> <probs for GDERKNQSTAVLIFYWHMCP>
#	G	D	E	R	K	N	Q	S	T	A	V	L	I	F	Y	W	H	M	C	P
0	0.06039	0.16359	0.02065	0.14438	0.02200	0.06484	0.08034	0.13284	0.04676	0.05838	0.04286	0.01543	0.01146	0.00628	0.00550	0.00168	0.00689	0.00511	0.00404	0.10657
1	0.11178	0.01593	0.01570	0.18313	0.05659	0.18291	0.01158	0.06083	0.10196	0.05557	0.01286	0.01465	0.00987	0.00623	0.00547	0.00171	0.00717	0.00478	0.00395	0.13731
2	0.01141	0.00571	0.00571	0.00571	0.00713	0.00571	0.00428	0.01426	0.01284	0.02282	0.01997	0.02282	0.01569	0.00713	0.00428	0.00143	0.00285	0.00571	0.81886	0.00571
3	0.06003	0.01603	0.01898	0.34084	0.09126	0.15677	0.04421	0.12568	0.01572	0.02013	0.01104	0.01449	0.00854	0.00644	0.00659	0.00193	0.04508	0.00512	0.00342	0.00770
4	0.01067	0.00758	0.00973	0.00912	0.00977	0.00860	0.00652	0.02861	0.01021	0.04289	0.01707	0.02998	0.01758	0.39818	0.21807	0.00604	0.11590	0.00746	0.04091	0.00510
5	0.05889	0.01125	0.01465	0.01193	0.04785	0.00997	0.03916	0.07639	0.01613	0.28840	0.07948	0.01881	0.01553	0.00668	0.00563	0.00157	0.00519	0.00556	0.00549	0.28144
6	0.01339	0.01339	0.01875	0.01607	0.01607	0.01875	0.01339	0.01473	0.00937	0.01473	0.00804	0.01339	0.00804	0.01071	0.02009	0.00268	0.77367	0.00536	0.00268	0.00670
7	0.07964	0.00655	0.00730	0.00713	0.00835	0.00638	0.00495	0.01086	0.01303	0.01906	0.27619	0.08224	0.13440	0.25801	0.01441	0.00322	0.00408	0.01003	0.04910	0.00506
8	0.00924	0.00620	0.00778	0.00772	0.00916	0.00565	0.00566	0.01146	0.01524	0.05689	0.39586	0.22019	0.15290	0.01401	0.00715	0.00205	0.00319	0.01232	0.05162	0.00572
9	0.01507	0.08158	0.02784	0.13228	0.31529	0.01532	0.25181	0.01907	0.01390	0.05116	0.01201	0.01556	0.00943	0.00552	0.00627	0.00189	0.00825	0.00588	0.00317	0.00869
10	0.01082	0.00855	0.01201	0.19403	0.08290	0.00927	0.00996	0.01473	0.07903	0.01804	0.02351	0.16302	0.05993	0.07792	0.00864	0.00244	0.00542	0.08631	0.12713	0.00635
11	0.01007	0.00882	0.01171	0.01091	0.01165	0.01058	0.00857	0.01165	0.01188	0.01657	0.13063	0.15388	0.15043	0.05824	0.04973	0.00296	0.29463	0.03686	0.00448	0.00575
12	0.31395	0.01193	0.01489	0.01630	0.19068	0.01205	0.01050	0.02289	0.01409	0.31298	0.01545	0.01553	0.01075	0.00638	0.00528	0.00188	0.00554	0.00496	0.00511	0.00887
13	0.01571	0.09573	0.12396	0.05154	0.08248	0.10171	0.01289	0.12945	0.13792	0.02231	0.05749	0.02298	0.05129	0.00813	0.00609	0.00191	0.00688	0.05874	0.00447	0.00834
14	0.08337	0.00830	0.00948	0.00879	0.01126	0.00814	0.00671	0.01720	0.12110	0.14789	0.16283	0.16984	0.19650	0.01233	0.00670	0.00207	0.00391	0.01049	0.00612	0.00695
15	0.05905	0.17822	0.07675	0.17535	0.02124	0.03498	0.01191	0.06141	0.03019	0.01972	0.12660	0.01833	0.01628	0.00723	0.00658	0.00177	0.06441	0.00551	0.00377	0.08072
16	0.29165	0.07952	0.01392	0.01003	0.01420	0.04471	0.00833	0.09888	0.01551	0.23937	0.04798	0.01597	0.01252	0.00672	0.00504	0.00176	0.00535	0.00488	0.03678	0.04689
17	0.10547	0.01334	0.01580	0.01325	0.01570	0.01603	0.01082	0.21455	0.06536	0.04588	0.01395	0.08073	0.01235	0.00941	0.01124	0.00219	0.29664	0.00627	0.00446	0.04657
18	0.09619	0.11252	0.08381	0.01743	0.12480	0.17091	0.04658	0.14073	0.08742	0.04452	0.01266	0.01388	0.00978	0.00631	0.00554	0.00177	0.00763	0.00485	0.00401	0.00866

[dist]
# distance from previous block
# <min> <max>
10	44

[block]
# block no. 2 follows, 37 sequences, length 15
# corresponding to MSA columns:
# 222-234,239,240
name=unknown_C
#
# <colnr> <probs for GDERKNQSTAVLIFYWHMCP>
#	G	D	E	R	K	N	Q	S	T	A	V	L	I	F	Y	W	H	M	C	P
0	0.01259	0.01359	0.03865	0.01567	0.01959	0.08941	0.28134	0.01577	0.01415	0.01837	0.09304	0.09564	0.11464	0.05803	0.00831	0.00216	0.00719	0.00862	0.00412	0.08912
1	0.01386	0.01399	0.02696	0.02483	0.20993	0.01384	0.36933	0.01796	0.01395	0.02000	0.05898	0.01845	0.01305	0.00632	0.00757	0.00197	0.06486	0.00672	0.08936	0.00808
2	0.01015	0.00637	0.00802	0.00809	0.00963	0.00570	0.00587	0.01190	0.01423	0.10863	0.20047	0.35236	0.20461	0.01538	0.00734	0.00219	0.00350	0.01353	0.00616	0.00587
3	0.00865	0.00598	0.00700	0.00709	0.00740	0.00599	0.00433	0.00908	0.00962	0.01276	0.02361	0.08773	0.08509	0.59108	0.10456	0.00579	0.00664	0.00955	0.00396	0.00410
4	0.01665	0.01320	0.01416	0.01245	0.01609	0.01501	0.00976	0.07703	0.63686	0.08020	0.02420	0.02217	0.01789	0.00819	0.00622	0.00205	0.00499	0.00677	0.00632	0.00979
5	0.29676	0.00932	0.00907	0.00796	0.01077	0.00989	0.00623	0.06512	0.01335	0.13301	0.01621	0.01934	0.01281	0.08878	0.00735	0.00216	0.00444	0.00527	0.27533	0.00683
6	0.23241	0.01501	0.01547	0.01216	0.01675	0.01650	0.01004	0.46426	0.02275	0.11587	0.01416	0.01416	0.00996	0.00694	0.00552	0.00186	0.00605	0.00501	0.00568	0.00943
7	0.06078	0.03214	0.09387	0.01531	0.08862	0.06273	0.01220	0.13839	0.01635	0.13691	0.07638	0.03890	0.01600	0.00980	0.03464	0.00230	0.11597	0.03572	0.00471	0.00829
8	0.01637	0.78856	0.03208	0.01047	0.01571	0.02422	0.01047	0.01833	0.01244	0.01440	0.00851	0.00982	0.00786	0.00524	0.00393	0.00131	0.00655	0.00327	0.00262	0.00786
9	0.56725	0.01196	0.01105	0.00925	0.01336	0.01306	0.00763	0.08242	0.01371	0.20089	0.01279	0.01295	0.00899	0.00628	0.00456	0.00189	0.00502	0.00418	0.00489	0.00786
10	0.01515	0.01217	0.01357	0.01261	0.05285	0.03775	0.00931	0.16807	0.20387	0.04855	0.05069	0.02687	0.11771	0.07366	0.04526	0.00269	0.06284	0.00740	0.03102	0.00797
11	0.00866	0.00588	0.00719	0.00718	0.00823	0.00539	0.00502	0.00907	0.01224	0.01583	0.16938	0.08587	0.29130	0.09156	0.01441	0.23933	0.00400	0.01025	0.00482	0.00440
12	0.01311	0.01246	0.02115	0.45450	0.34573	0.01401	0.01777	0.01700	0.01297	0.01752	0.01115	0.01582	0.00882	0.00583	0.00609	0.00194	0.00778	0.00545	0.00285	0.00805
13	0.00891	0.00677	0.00920	0.00969	0.01074	0.00667	0.03269	0.01202	0.08876	0.01766	0.09326	0.53365	0.03729	0.01683	0.00809	0.02639	0.00408	0.06602	0.00565	0.00564
14	0.01014	0.00559	0.00817	0.00817	0.00836	0.00578	0.00556	0.00858	0.00839	0.01137	0.01248	0.02166	0.01258	0.10079	0.15184	0.60126	0.00729	0.00588	0.00287	0.00325

[dist]
# distance from previous block
# <min> <max>
15	67

[block]
# block no. 3 follows, 37 sequences, length 20
# corresponding to MSA columns:
# 319-326,330-341
name=unknown_D
#
# <colnr> <probs for GDERKNQSTAVLIFYWHMCP>
#	G	D	E	R	K	N	Q	S	T	A	V	L	I	F	Y	W	H	M	C	P
0	0.24473	0.01278	0.07413	0.11839	0.09414	0.01199	0.01071	0.06570	0.01325	0.02229	0.07356	0.01851	0.01382	0.08831	0.00795	0.00221	0.00592	0.00537	0.00385	0.11241
1	0.00914	0.00885	0.07115	0.00842	0.01064	0.00704	0.00701	0.01280	0.06570	0.02109	0.40469	0.04364	0.19817	0.09362	0.00955	0.00239	0.00391	0.01040	0.00580	0.00598
2	0.10111	0.10536	0.14006	0.07606	0.01851	0.04280	0.01175	0.06957	0.10648	0.09360	0.06915	0.02040	0.01552	0.00749	0.00563	0.00187	0.00619	0.03875	0.06164	0.00806
3	0.01624	0.01062	0.01288	0.01174	0.04207	0.01137	0.00888	0.11191	0.14752	0.16334	0.07710	0.08863	0.07074	0.00977	0.00764	0.00200	0.08320	0.00784	0.10840	0.00811
4	0.00962	0.00709	0.00870	0.00886	0.01030	0.00688	0.00661	0.08527	0.01542	0.02059	0.20612	0.35000	0.14034	0.01558	0.00748	0.00226	0.00387	0.08321	0.00598	0.00583
5	0.01298	0.09426	0.09188	0.01486	0.09802	0.01295	0.03063	0.01654	0.04249	0.05046	0.17263	0.04673	0.02241	0.00924	0.00889	0.00202	0.15814	0.03418	0.07336	0.00734
6	0.01068	0.00761	0.00944	0.00877	0.01080	0.00715	0.00658	0.07224	0.01549	0.05217	0.27450	0.23850	0.09470	0.01543	0.05980	0.00253	0.00463	0.01117	0.00578	0.09203
7	0.01772	0.01790	0.18656	0.01295	0.01780	0.07625	0.01232	0.14951	0.14393	0.13963	0.06761	0.01933	0.01558	0.00744	0.00592	0.00185	0.00641	0.00590	0.08650	0.00889
8	0.32530	0.01579	0.01488	0.01387	0.06644	0.12884	0.01039	0.15160	0.01494	0.02438	0.01023	0.01280	0.00842	0.02751	0.00838	0.00208	0.14822	0.00450	0.00387	0.00756
9	0.12568	0.01545	0.01464	0.01199	0.01599	0.13988	0.00961	0.14022	0.07747	0.10024	0.01371	0.01515	0.01060	0.00681	0.00649	0.00168	0.06704	0.01692	0.00459	0.20585
10	0.01081	0.00865	0.01109	0.03815	0.01166	0.01034	0.00759	0.01309	0.08344	0.01424	0.01606	0.02821	0.01660	0.37413	0.09504	0.05555	0.18924	0.00728	0.00358	0.00525
11	0.00768	0.00559	0.00726	0.00828	0.00886	0.00535	0.00563	0.00883	0.01153	0.01527	0.03366	0.56878	0.10831	0.08223	0.08885	0.00349	0.00505	0.01513	0.00527	0.00494
12	0.00879	0.00606	0.00704	0.00722	0.00762	0.00594	0.00458	0.00938	0.01033	0.01361	0.05546	0.07460	0.08703	0.57775	0.02486	0.00498	0.00544	0.08086	0.00428	0.00417
13	0.01251	0.00652	0.00810	0.00755	0.00924	0.00632	0.00573	0.01468	0.01374	0.11781	0.19542	0.02783	0.02531	0.01403	0.08688	0.08634	0.00485	0.00712	0.34401	0.00601
14	0.67687	0.01226	0.01040	0.00891	0.01289	0.01386	0.00734	0.09140	0.01291	0.09094	0.01050	0.01137	0.00775	0.00602	0.00423	0.00189	0.00498	0.00378	0.00435	0.00734
15	0.00891	0.00624	0.00802	0.00809	0.00868	0.00651	0.00559	0.01008	0.01048	0.01439	0.09356	0.03843	0.02496	0.42543	0.23941	0.00640	0.00865	0.06751	0.00406	0.00460
16	0.07043	0.12222	0.50864	0.09494	0.02540	0.01520	0.01893	0.01911	0.01277	0.04330	0.01093	0.01295	0.00798	0.00582	0.00548	0.00187	0.00821	0.00443	0.00285	0.00854
17	0.36184	0.01614	0.17250	0.01248	0.01774	0.01287	0.08607	0.03550	0.01321	0.16054	0.01306	0.01402	0.00926	0.00611	0.00510	0.00190	0.00629	0.00468	0.04263	0.00807
18	0.01462	0.01044	0.01362	0.05091	0.04277	0.00957	0.03893	0.04107	0.07723	0.13600	0.09952	0.02427	0.09569	0.00780	0.00604	0.00161	0.01586	0.00659	0.03216	0.27530
19	0.01432	0.01002	0.01150	0.01012	0.01266	0.01034	0.00762	0.17036	0.11739	0.07322	0.02262	0.15270	0.04826	0.14773	0.04381	0.03335	0.00566	0.01884	0.01783	0.07165

[dist]
# distance from previous block
# <min> <max>
3	37

[block]
# block no. 4 follows, 37 sequences, length 16
# corresponding to MSA columns:
# 383-398
name=unknown_E
#
# <colnr> <probs for GDERKNQSTAVLIFYWHMCP>
#	G	D	E	R	K	N	Q	S	T	A	V	L	I	F	Y	W	H	M	C	P
0	0.11280	0.19173	0.04261	0.06992	0.15535	0.03969	0.04914	0.08885	0.09083	0.08357	0.01319	0.01453	0.01015	0.00616	0.00538	0.00177	0.00671	0.00494	0.00402	0.00867
1	0.01232	0.00922	0.00980	0.00910	0.01101	0.05567	0.00678	0.09793	0.04984	0.04932	0.26274	0.16997	0.06588	0.06571	0.00836	0.00223	0.00438	0.01010	0.09321	0.00643
2	0.01627	0.01322	0.01594	0.03085	0.06595	0.03558	0.04557	0.16613	0.16788	0.06346	0.01740	0.08367	0.01445	0.00754	0.00589	0.00170	0.00575	0.00640	0.00498	0.23136
3	0.01041	0.00666	0.00865	0.00792	0.00973	0.00605	0.00602	0.01317	0.01715	0.09498	0.63334	0.04407	0.09381	0.01221	0.00712	0.00193	0.00313	0.01070	0.00676	0.00619
4	0.82811	0.01184	0.00900	0.00805	0.01184	0.01373	0.00663	0.01799	0.01042	0.02746	0.00852	0.00994	0.00663	0.00568	0.00379	0.00189	0.00474	0.00331	0.00379	0.00663
5	0.01088	0.00891	0.01413	0.12022	0.08323	0.00945	0.06087	0.01393	0.01319	0.01787	0.02357	0.08096	0.02422	0.01517	0.06527	0.00301	0.03075	0.34995	0.04809	0.00633
6	0.01107	0.00683	0.00815	0.00759	0.00976	0.00600	0.00581	0.01321	0.01537	0.13435	0.25863	0.08631	0.34054	0.01323	0.00699	0.00201	0.00343	0.02465	0.03986	0.00620
7	0.01370	0.01222	0.02086	0.24320	0.07464	0.01404	0.15125	0.01698	0.01249	0.07263	0.01341	0.02011	0.01132	0.01035	0.05769	0.00272	0.18696	0.05466	0.00341	0.00736
8	0.21923	0.00891	0.00989	0.00902	0.01187	0.00901	0.00728	0.01861	0.04063	0.20103	0.10547	0.07754	0.04457	0.00994	0.00593	0.00202	0.00442	0.10590	0.10155	0.00717
9	0.01009	0.00559	0.00805	0.00805	0.00821	0.00575	0.00541	0.00855	0.00839	0.01134	0.01279	0.02265	0.01308	0.14060	0.13250	0.57976	0.00703	0.00604	0.00291	0.00323
10	0.01962	0.06502	0.01835	0.01499	0.01827	0.52060	0.06510	0.02143	0.01553	0.01537	0.01055	0.01414	0.00934	0.07472	0.00824	0.00197	0.03526	0.00462	0.00319	0.06370
11	0.00948	0.00802	0.00845	0.00923	0.01006	0.07223	0.00633	0.01163	0.05827	0.01636	0.06521	0.57194	0.03570	0.07539	0.00926	0.00261	0.00444	0.01459	0.00540	0.00540
12	0.06945	0.08361	0.24306	0.01445	0.02018	0.18198	0.03127	0.08957	0.01623	0.17375	0.01344	0.01398	0.00956	0.00637	0.00561	0.00179	0.00804	0.00472	0.00418	0.00876
13	0.06161	0.07015	0.01761	0.01396	0.01780	0.39946	0.04003	0.04362	0.03311	0.14232	0.01301	0.01448	0.01006	0.00661	0.00578	0.00167	0.02164	0.01831	0.00413	0.06464
14	0.12070	0.01203	0.01396	0.01073	0.01540	0.01126	0.03209	0.16724	0.01636	0.11212	0.01477	0.07243	0.01217	0.00678	0.00531	0.00151	0.00522	0.00546	0.00479	0.35969
15	0.12500	0.04805	0.01951	0.01476	0.01932	0.10754	0.14557	0.16470	0.14271	0.09040	0.01498	0.01563	0.01108	0.00655	0.00580	0.00183	0.00710	0.00547	0.00476	0.04921

[dist]
# distance from previous block
# <min> <max>
5	21

[block]
# block no. 5 follows, 37 sequences, length 17
# corresponding to MSA columns:
# 424-440
name=unknown_F
#
# <colnr> <probs for GDERKNQSTAVLIFYWHMCP>
#	G	D	E	R	K	N	Q	S	T	A	V	L	I	F	Y	W	H	M	C	P
0	0.03704	0.15226	0.25276	0.01244	0.01872	0.04452	0.01306	0.04553	0.01370	0.03717	0.02840	0.01319	0.00969	0.00554	0.00502	0.00145	0.00666	0.00417	0.00337	0.29531
1	0.06411	0.09611	0.14140	0.01236	0.01618	0.01228	0.05080	0.08139	0.06341	0.04452	0.02031	0.14840	0.02008	0.07473	0.00850	0.00244	0.00625	0.12493	0.00453	0.00727
2	0.01436	0.00899	0.01164	0.01046	0.01310	0.00865	0.03581	0.10245	0.01556	0.14151	0.02682	0.12467	0.07324	0.07696	0.00890	0.00245	0.00519	0.18847	0.07283	0.05793
3	0.01373	0.01159	0.01365	0.01161	0.07185	0.03654	0.00834	0.01639	0.01315	0.05336	0.01244	0.04527	0.01066	0.00542	0.00490	0.00111	0.00498	0.00447	0.00383	0.65668
4	0.00903	0.00668	0.00933	0.00932	0.01010	0.00757	0.00696	0.01064	0.00984	0.01387	0.01785	0.03071	0.01812	0.23875	0.49259	0.00810	0.04111	0.05085	0.00352	0.00506
5	0.02542	0.01087	0.01414	0.01115	0.01567	0.01004	0.00911	0.03028	0.13730	0.62994	0.02428	0.02117	0.01574	0.00770	0.00617	0.00192	0.00515	0.00628	0.00735	0.01030
6	0.07853	0.07748	0.01861	0.01450	0.01591	0.01828	0.01223	0.10394	0.01236	0.01885	0.01011	0.01566	0.00951	0.00974	0.01518	0.00241	0.51758	0.03859	0.00333	0.00720
7	0.05389	0.01408	0.04843	0.05944	0.02949	0.08538	0.01027	0.09503	0.09006	0.15855	0.01560	0.01673	0.01170	0.01076	0.08902	0.00254	0.00737	0.00516	0.00471	0.19180
8	0.10762	0.01069	0.01594	0.26918	0.02456	0.01185	0.09929	0.04530	0.05952	0.01922	0.01898	0.05731	0.05030	0.07420	0.00855	0.00248	0.00678	0.10749	0.00402	0.00672
9	0.13880	0.01584	0.01586	0.12236	0.10764	0.18524	0.01149	0.07444	0.01560	0.15058	0.01335	0.01479	0.00988	0.00632	0.00546	0.00175	0.00712	0.00482	0.04277	0.05589
10	0.00874	0.00839	0.07057	0.00828	0.01046	0.00639	0.00701	0.01176	0.01641	0.02282	0.57187	0.04509	0.16429	0.01243	0.00710	0.00195	0.00344	0.01082	0.00622	0.00595
11	0.01368	0.01088	0.01564	0.07384	0.07461	0.01150	0.08621	0.05360	0.21131	0.06667	0.08159	0.12642	0.02168	0.01186	0.03720	0.05375	0.00616	0.03067	0.00506	0.00769
12	0.02111	0.01269	0.01631	0.07702	0.04886	0.01309	0.04417	0.28029	0.02022	0.25651	0.01788	0.01806	0.01240	0.00710	0.00591	0.00182	0.00600	0.00581	0.12546	0.00929
13	0.01056	0.00696	0.00839	0.00855	0.01000	0.00667	0.00622	0.07112	0.01416	0.06458	0.06180	0.39415	0.14543	0.05199	0.00830	0.00240	0.00398	0.04590	0.07297	0.00586
14	0.01613	0.00963	0.04527	0.01064	0.03946	0.00844	0.00822	0.01971	0.08500	0.25968	0.08397	0.08169	0.05665	0.10509	0.01013	0.03546	0.00494	0.04097	0.07142	0.00751
15	0.01312	0.00894	0.01159	0.01201	0.07379	0.00895	0.00845	0.01879	0.16625	0.12268	0.28320	0.11185	0.05183	0.01149	0.00694	0.00208	0.00430	0.07010	0.00621	0.00745
16	0.01607	0.00986	0.01337	0.08781	0.01670	0.01000	0.04286	0.04902	0.09574	0.23186	0.02877	0.02882	0.18609	0.01233	0.04415	0.07014	0.03571	0.00771	0.00541	0.00760

[dist]
# distance from previous block
# <min> <max>
1	9

[block]
# block no. 6 follows, 37 sequences, length 19
# corresponding to MSA columns:
# 450-468
name=unknown_G
#
# <colnr> <probs for GDERKNQSTAVLIFYWHMCP>
#	G	D	E	R	K	N	Q	S	T	A	V	L	I	F	Y	W	H	M	C	P
0	0.11044	0.09561	0.01378	0.00989	0.01344	0.01061	0.03292	0.01842	0.05752	0.15198	0.06524	0.08656	0.05017	0.00890	0.00571	0.00179	0.00484	0.06254	0.06902	0.13062
1	0.01231	0.05365	0.05350	0.04000	0.07816	0.01232	0.01025	0.01996	0.26107	0.02039	0.08405	0.03197	0.15440	0.03985	0.00833	0.00222	0.05566	0.04922	0.00501	0.00764
2	0.00811	0.00602	0.00716	0.00725	0.00868	0.00541	0.00529	0.01018	0.01480	0.01997	0.32967	0.19738	0.28090	0.01454	0.00717	0.00206	0.00309	0.01265	0.05429	0.00541
3	0.00841	0.00600	0.00723	0.00731	0.00815	0.00578	0.00494	0.00934	0.01154	0.01520	0.12414	0.12050	0.19900	0.29281	0.09796	0.05620	0.00570	0.01056	0.00467	0.00458
4	0.02116	0.01458	0.01596	0.01279	0.01711	0.01593	0.01038	0.41191	0.21043	0.13420	0.01895	0.01809	0.01350	0.00762	0.00606	0.00189	0.00583	0.00598	0.04765	0.00998
5	0.63756	0.01172	0.01020	0.00885	0.01276	0.01310	0.00724	0.02101	0.06850	0.14181	0.01228	0.01268	0.00892	0.00619	0.00435	0.00191	0.00482	0.00405	0.00458	0.00747
6	0.40347	0.09304	0.01508	0.01066	0.01506	0.01642	0.00899	0.27610	0.01773	0.07470	0.01173	0.01233	0.00865	0.00636	0.00480	0.00181	0.00568	0.00428	0.00475	0.00836
7	0.10876	0.01345	0.06497	0.15256	0.02205	0.01329	0.06768	0.12853	0.05423	0.17640	0.04175	0.05828	0.01390	0.00776	0.00682	0.00201	0.04795	0.00636	0.00489	0.00837
8	0.05740	0.55085	0.13449	0.01174	0.01711	0.02111	0.01216	0.01884	0.01248	0.05364	0.00965	0.01106	0.00816	0.00580	0.00531	0.00155	0.05398	0.00373	0.00293	0.00803
9	0.78042	0.01215	0.00955	0.00841	0.01226	0.01404	0.00693	0.05996	0.01151	0.02812	0.00889	0.01023	0.00685	0.00578	0.00393	0.00189	0.00485	0.00344	0.00393	0.00685
10	0.01301	0.05219	0.01383	0.20102	0.01993	0.05162	0.01025	0.11983	0.02865	0.02132	0.12536	0.12489	0.04346	0.01013	0.00640	0.00199	0.00576	0.06286	0.08065	0.00683
11	0.07186	0.00665	0.00664	0.00652	0.00865	0.00591	0.00493	0.00982	0.01406	0.01830	0.13476	0.05358	0.60877	0.01439	0.00696	0.00204	0.00320	0.01196	0.00565	0.00535
12	0.07542	0.01111	0.01731	0.51655	0.07021	0.01366	0.01501	0.01606	0.01190	0.04169	0.01124	0.01611	0.00882	0.00921	0.05706	0.00259	0.09069	0.00537	0.00302	0.00696
13	0.01102	0.00814	0.01118	0.00997	0.01206	0.00824	0.05221	0.05992	0.04192	0.05883	0.17484	0.06088	0.14825	0.07527	0.23417	0.00462	0.00812	0.00907	0.00503	0.00627
14	0.01063	0.00532	0.00797	0.00797	0.00797	0.00532	0.00532	0.00797	0.00797	0.01063	0.01063	0.01861	0.01063	0.02127	0.02392	0.82190	0.00532	0.00532	0.00266	0.00266
15	0.06541	0.01330	0.02126	0.05078	0.22295	0.01359	0.16753	0.06703	0.11903	0.06855	0.05566	0.04127	0.01576	0.00743	0.00644	0.00200	0.00688	0.04209	0.00443	0.00863
16	0.00860	0.00597	0.00751	0.00796	0.00832	0.00606	0.00526	0.00941	0.01010	0.01361	0.02324	0.21735	0.02645	0.42738	0.14076	0.00551	0.00702	0.06081	0.00425	0.00443
17	0.01666	0.36133	0.03758	0.03186	0.01773	0.17452	0.05481	0.04453	0.05164	0.01744	0.08410	0.01535	0.01364	0.00675	0.00595	0.00164	0.04846	0.00490	0.00349	0.00763
18	0.14612	0.07163	0.03385	0.01065	0.01506	0.04034	0.00896	0.03597	0.11802	0.28801	0.05643	0.01821	0.01474	0.00699	0.00545	0.00174	0.00532	0.00541	0.00555	0.11156

[dist]
# distance from previous block
# <min> <max>
0	7

[block]
# block no. 7 follows, 37 sequences, length 21
# corresponding to MSA columns:
# 476-496
name=unknown_H
#
# <colnr> <probs for GDERKNQSTAVLIFYWHMCP>
#	G	D	E	R	K	N	Q	S	T	A	V	L	I	F	Y	W	H	M	C	P
0	0.30597	0.01721	0.01422	0.01210	0.01602	0.22235	0.03298	0.08047	0.08818	0.10498	0.01292	0.01349	0.00965	0.00641	0.00512	0.00179	0.00690	0.00449	0.00444	0.04033
1	0.22953	0.01217	0.04031	0.09985	0.01929	0.01212	0.07981	0.04360	0.01442	0.26107	0.05393	0.01833	0.01338	0.00717	0.00638	0.00198	0.04412	0.01656	0.01780	0.00818
2	0.00879	0.00595	0.00676	0.00673	0.00701	0.00582	0.00397	0.00898	0.00979	0.01292	0.05921	0.04134	0.09651	0.63658	0.02724	0.03971	0.00547	0.00926	0.00401	0.00391
3	0.01384	0.01239	0.09340	0.07346	0.21138	0.01050	0.01283	0.01794	0.04309	0.11717	0.22292	0.03015	0.02663	0.00909	0.00663	0.00200	0.00575	0.07786	0.00500	0.00799
4	0.01064	0.00657	0.00915	0.02391	0.01068	0.00633	0.04580	0.01245	0.01275	0.05532	0.09415	0.28545	0.02781	0.01339	0.00818	0.08489	0.00407	0.03038	0.25253	0.00555
5	0.18569	0.04773	0.05565	0.07903	0.01590	0.04287	0.00916	0.03512	0.09405	0.08843	0.17328	0.02601	0.09572	0.00871	0.00582	0.00191	0.00517	0.00697	0.01550	0.00729
6	0.35255	0.01232	0.01519	0.06109	0.13428	0.01377	0.04022	0.05999	0.01307	0.07123	0.01299	0.01856	0.01105	0.00747	0.00681	0.00206	0.08254	0.07318	0.00403	0.00758
7	0.09652	0.03500	0.01285	0.07228	0.01574	0.06401	0.00891	0.07221	0.20390	0.05780	0.20678	0.06732	0.04311	0.00938	0.00621	0.00195	0.00513	0.00777	0.00552	0.00762
8	0.00818	0.00599	0.00800	0.00912	0.01000	0.00580	0.00685	0.00987	0.01236	0.01626	0.03457	0.44276	0.11119	0.02103	0.08733	0.00330	0.00539	0.19137	0.00542	0.00521
9	0.01212	0.06188	0.40350	0.01383	0.01958	0.01271	0.01549	0.04692	0.04937	0.01930	0.06230	0.07211	0.01569	0.08143	0.03877	0.00262	0.03011	0.00643	0.00357	0.03225
10	0.77966	0.01216	0.00956	0.00841	0.01227	0.01405	0.00693	0.06064	0.01152	0.02813	0.00889	0.01023	0.00686	0.00578	0.00393	0.00189	0.00486	0.00345	0.00393	0.00686
11	0.01344	0.01354	0.01955	0.01652	0.01680	0.01860	0.04615	0.01496	0.00961	0.01496	0.00824	0.01354	0.00809	0.01046	0.01950	0.00265	0.73851	0.00544	0.00270	0.00677
12	0.01535	0.00868	0.01059	0.00928	0.01196	0.00842	0.00722	0.06701	0.09538	0.21353	0.24578	0.10658	0.07144	0.01070	0.00652	0.00194	0.00404	0.00915	0.08879	0.00761
13	0.21365	0.01053	0.01482	0.48956	0.03082	0.01270	0.01327	0.01557	0.01184	0.01870	0.01298	0.07120	0.01141	0.00747	0.00578	0.00207	0.00686	0.04083	0.00334	0.00657
14	0.26479	0.01923	0.29835	0.01250	0.01866	0.01260	0.01348	0.03475	0.01348	0.18551	0.01324	0.01380	0.00920	0.00611	0.00519	0.00185	0.00653	0.00448	0.00420	0.06205
15	0.09109	0.00681	0.00770	0.00731	0.00917	0.00641	0.00554	0.01142	0.01567	0.02257	0.47592	0.04585	0.24726	0.01267	0.00688	0.00196	0.00313	0.01081	0.00614	0.00569
16	0.09833	0.01305	0.01356	0.01200	0.01562	0.01492	0.00943	0.05949	0.59755	0.06235	0.02280	0.02110	0.01695	0.00796	0.00597	0.00204	0.00493	0.00646	0.00604	0.00945
17	0.39705	0.01127	0.01266	0.22340	0.02101	0.01280	0.01000	0.05204	0.01297	0.13077	0.01241	0.01428	0.00900	0.00624	0.00493	0.00191	0.00576	0.00457	0.04958	0.00736
18	0.00798	0.00817	0.08244	0.00903	0.01058	0.00598	0.00724	0.00983	0.01249	0.01664	0.07524	0.55389	0.14379	0.01690	0.00749	0.00234	0.00400	0.01507	0.00543	0.00546
19	0.09590	0.01034	0.01453	0.07871	0.22088	0.01054	0.01084	0.01739	0.05757	0.10160	0.16210	0.06195	0.07024	0.05207	0.00764	0.00217	0.00533	0.00775	0.00484	0.00761
20	0.01075	0.04048	0.01067	0.00942	0.01160	0.00895	0.00706	0.01624	0.18848	0.01944	0.10851	0.25693	0.05964	0.07566	0.00869	0.00235	0.00431	0.04311	0.00538	0.11233

[dist]
# distance from previous block
# <min> <max>
2	15

[block]
# block no. 8 follows, 37 sequences, length 18
# corresponding to MSA columns:
# 512-524,530-534
name=unknown_I
#
# <colnr> <probs for GDERKNQSTAVLIFYWHMCP>
#	G	D	E	R	K	N	Q	S	T	A	V	L	I	F	Y	W	H	M	C	P
0	0.08801	0.01540	0.01417	0.01270	0.03852	0.16384	0.00973	0.07817	0.18341	0.04692	0.01664	0.02079	0.01388	0.00750	0.00570	0.00173	0.00634	0.07703	0.00467	0.19483
1	0.01342	0.00896	0.01059	0.00994	0.01187	0.03613	0.00765	0.06255	0.01458	0.14758	0.05738	0.24926	0.15420	0.04997	0.00939	0.00242	0.06995	0.07193	0.00564	0.00659
2	0.00746	0.00533	0.00710	0.00852	0.00888	0.00497	0.00568	0.00852	0.01172	0.01563	0.03374	0.78088	0.04049	0.01918	0.00781	0.00249	0.00355	0.01740	0.00568	0.00497
3	0.01319	0.00669	0.00906	0.00843	0.00997	0.00622	0.00618	0.01318	0.01188	0.17087	0.05893	0.07945	0.14579	0.01837	0.06298	0.35550	0.00539	0.00801	0.00468	0.00524
4	0.02277	0.01690	0.01809	0.01398	0.01879	0.01875	0.01151	0.68310	0.07278	0.03777	0.01533	0.01520	0.01093	0.00741	0.00613	0.00185	0.00662	0.00560	0.00613	0.01037
5	0.16385	0.01216	0.01350	0.01079	0.01498	0.01255	0.00883	0.22085	0.05350	0.31015	0.01835	0.01753	0.01257	0.00717	0.00553	0.00184	0.00528	0.00547	0.09591	0.00920
6	0.16396	0.01589	0.01653	0.01288	0.01757	0.01758	0.01063	0.56878	0.02503	0.07129	0.01408	0.01417	0.00998	0.00707	0.00572	0.00185	0.00631	0.00516	0.00579	0.00975
7	0.01029	0.00773	0.00991	0.04124	0.01276	0.00784	0.00826	0.06108	0.05858	0.02085	0.19334	0.16876	0.09396	0.01456	0.00759	0.00236	0.00461	0.26431	0.00584	0.00614
8	0.01637	0.78856	0.03208	0.01047	0.01571	0.02422	0.01047	0.01833	0.01244	0.01440	0.00851	0.00982	0.00786	0.00524	0.00393	0.00131	0.00655	0.00327	0.00262	0.00786
9	0.23820	0.01282	0.01528	0.06633	0.11757	0.01487	0.01105	0.14183	0.05213	0.03901	0.01233	0.01544	0.01003	0.04221	0.00898	0.00219	0.14155	0.00512	0.04528	0.00780
10	0.01749	0.01364	0.01565	0.01322	0.01714	0.01519	0.04608	0.13124	0.53035	0.09512	0.02274	0.02116	0.01669	0.00794	0.00626	0.00202	0.00543	0.00666	0.00618	0.00979
11	0.00746	0.00607	0.00661	0.00678	0.00848	0.00521	0.00497	0.00910	0.01403	0.01743	0.14595	0.17518	0.54000	0.01571	0.00733	0.00212	0.00315	0.01341	0.00582	0.00521
12	0.01156	0.01088	0.01836	0.77016	0.04216	0.01360	0.01700	0.01564	0.01224	0.01564	0.01088	0.01632	0.00816	0.00612	0.00612	0.00204	0.00816	0.00544	0.00272	0.00680
13	0.00786	0.00582	0.00666	0.00711	0.00841	0.00517	0.00505	0.00909	0.01285	0.01652	0.06981	0.29317	0.39010	0.01647	0.00836	0.05767	0.00338	0.01336	0.05814	0.00499
14	0.01063	0.00532	0.00797	0.00797	0.00797	0.00532	0.00532	0.00797	0.00797	0.01063	0.01063	0.01861	0.01063	0.02127	0.02392	0.82190	0.00532	0.00532	0.00266	0.00266
15	0.01776	0.56670	0.06322	0.01210	0.01701	0.20345	0.01139	0.01987	0.01366	0.01478	0.00886	0.01027	0.00786	0.00553	0.00441	0.00140	0.00776	0.00350	0.00275	0.00773
16	0.06001	0.00643	0.00769	0.00827	0.00935	0.00636	0.00597	0.03185	0.01312	0.01935	0.12350	0.40837	0.03486	0.04962	0.00801	0.00238	0.00380	0.06901	0.12660	0.00545
17	0.06364	0.11691	0.05296	0.01252	0.01752	0.01494	0.03470	0.23521	0.04720	0.31675	0.01747	0.01655	0.01193	0.00697	0.00575	0.00181	0.00616	0.00543	0.00586	0.00972

[dist]
# distance from previous block
# <min> <max>
1	7

[block]
# block no. 9 follows, 37 sequences, length 11
# corresponding to MSA columns:
# 543-553
name=unknown_J
#
# <colnr> <probs for GDERKNQSTAVLIFYWHMCP>
#	G	D	E	R	K	N	Q	S	T	A	V	L	I	F	Y	W	H	M	C	P
0	0.21476	0.01043	0.01233	0.04259	0.04709	0.03216	0.00885	0.01684	0.01149	0.13800	0.01407	0.01909	0.01200	0.09969	0.15832	0.03815	0.10785	0.00557	0.00401	0.00671
1	0.01602	0.12223	0.10132	0.01949	0.14796	0.01462	0.17134	0.02149	0.10306	0.11482	0.01532	0.04435	0.01206	0.00647	0.00599	0.00182	0.00715	0.00604	0.00407	0.06439
2	0.01109	0.00636	0.00786	0.00738	0.00897	0.00624	0.05125	0.01386	0.01280	0.02168	0.02127	0.12117	0.01850	0.00857	0.00493	0.00161	0.00343	0.00733	0.65992	0.00578
3	0.10198	0.01386	0.11380	0.10041	0.09685	0.01163	0.13892	0.01788	0.01424	0.10286	0.14442	0.02419	0.03927	0.02167	0.00678	0.00205	0.00667	0.03043	0.00437	0.00772
4	0.06616	0.01125	0.01575	0.01732	0.16086	0.01340	0.01160	0.01648	0.10015	0.01751	0.01333	0.01910	0.01204	0.01545	0.11533	0.11008	0.23949	0.03432	0.00346	0.00693
5	0.01127	0.00789	0.00958	0.00905	0.01085	0.00793	0.00670	0.04316	0.13708	0.06764	0.35379	0.19026	0.04071	0.06535	0.00870	0.00233	0.00386	0.01101	0.00626	0.00660
6	0.00942	0.00723	0.00819	0.00828	0.00994	0.00688	0.00603	0.10214	0.01487	0.01900	0.04306	0.37979	0.33023	0.01610	0.00735	0.00223	0.00378	0.01398	0.00574	0.00576
7	0.05818	0.01470	0.01507	0.01252	0.01666	0.04572	0.00998	0.24843	0.35901	0.04771	0.01888	0.01812	0.01402	0.00741	0.00588	0.00185	0.00567	0.00584	0.00573	0.08862
8	0.05497	0.01122	0.01565	0.07384	0.05717	0.01074	0.04004	0.08668	0.01697	0.44078	0.02093	0.04298	0.01520	0.00802	0.00625	0.00196	0.00585	0.05387	0.00619	0.03071
9	0.01805	0.07998	0.14087	0.01421	0.04482	0.17676	0.03928	0.06898	0.01660	0.16109	0.13307	0.04543	0.01876	0.00782	0.00605	0.00181	0.00719	0.00631	0.00473	0.00821
10	0.15294	0.07633	0.14956	0.01520	0.08858	0.15454	0.01267	0.06943	0.08335	0.04958	0.01244	0.01364	0.00956	0.00616	0.00525	0.00173	0.00718	0.00453	0.02263	0.06469

[dist]
# distance from previous block
# <min> <max>
0	18

[block]
# block no. 10 follows, 37 sequences, length 14
# corresponding to MSA columns:
# 577-587,591-593
name=unknown_K
#
# <colnr> <probs for GDERKNQSTAVLIFYWHMCP>
#	G	D	E	R	K	N	Q	S	T	A	V	L	I	F	Y	W	H	M	C	P
0	0.21755	0.11241	0.11032	0.01162	0.01592	0.13389	0.01059	0.04935	0.03702	0.02133	0.04469	0.01395	0.01088	0.00646	0.00571	0.00169	0.04965	0.00441	0.04756	0.09500
1	0.82811	0.01184	0.00900	0.00805	0.01184	0.01373	0.00663	0.01799	0.01042	0.02746	0.00852	0.00994	0.00663	0.00568	0.00379	0.00189	0.00474	0.00331	0.00379	0.00663
2	0.01339	0.01339	0.01875	0.01607	0.01607	0.01875	0.01339	0.01473	0.00937	0.01473	0.00804	0.01339	0.00804	0.01071	0.02009	0.00268	0.77367	0.00536	0.00268	0.00670
3	0.04159	0.01218	0.01453	0.03309	0.06180	0.01288	0.00990	0.21253	0.17056	0.16001	0.16483	0.03868	0.02289	0.00866	0.00633	0.00193	0.00524	0.00720	0.00617	0.00897
4	0.16596	0.29658	0.11210	0.01238	0.01729	0.19724	0.01160	0.05851	0.01441	0.04977	0.01004	0.01125	0.00807	0.00586	0.00473	0.00161	0.00756	0.00384	0.00335	0.00784
5	0.08413	0.01092	0.04608	0.06820	0.01658	0.00928	0.00919	0.02220	0.01538	0.38672	0.08055	0.02318	0.07414	0.00785	0.00590	0.00179	0.00512	0.00639	0.00592	0.12048
6	0.00827	0.00624	0.00763	0.00729	0.00890	0.00561	0.00546	0.01079	0.01639	0.02233	0.55489	0.04937	0.24771	0.01334	0.00722	0.00196	0.00295	0.01158	0.00645	0.00561
7	0.01345	0.01136	0.01194	0.01159	0.01414	0.05455	0.00925	0.02377	0.39564	0.02219	0.02624	0.07334	0.02367	0.01111	0.00676	0.00223	0.00521	0.20767	0.06806	0.00784
8	0.10932	0.34510	0.06268	0.01027	0.01469	0.01724	0.00961	0.08926	0.06951	0.05414	0.01328	0.01432	0.01052	0.00621	0.00458	0.00157	0.00565	0.00442	0.14973	0.00791
9	0.00881	0.00651	0.00808	0.00869	0.00986	0.00620	0.00635	0.05457	0.01405	0.01850	0.11504	0.45193	0.15926	0.01683	0.00761	0.00235	0.00383	0.09021	0.00582	0.00551
10	0.01329	0.07891	0.29598	0.01454	0.07366	0.01213	0.01404	0.01883	0.07936	0.07718	0.08942	0.10693	0.01887	0.00842	0.00600	0.00191	0.00629	0.00707	0.06907	0.00811
11	0.08876	0.01162	0.01259	0.02763	0.03455	0.06693	0.02882	0.07377	0.10836	0.05368	0.07862	0.04592	0.07588	0.13557	0.03481	0.00277	0.02746	0.00721	0.00472	0.08034
12	0.00957	0.00574	0.00743	0.00772	0.00797	0.00570	0.00511	0.00919	0.00960	0.01307	0.01919	0.11792	0.02114	0.31718	0.02239	0.28954	0.00526	0.07482	0.04769	0.00378
13	0.01298	0.07625	0.11605	0.01110	0.03459	0.01021	0.00972	0.04648	0.06128	0.09848	0.31043	0.08755	0.05368	0.01012	0.00646	0.00189	0.00481	0.00864	0.00553	0.03374

[dist]
# distance from previous block
# <min> <max>
2	10

[block]
# block no. 11 follows, 37 sequences, length 20
# corresponding to MSA columns:
# 604-623
name=unknown_L
#
# <colnr> <probs for GDERKNQSTAVLIFYWHMCP>
#	G	D	E	R	K	N	Q	S	T	A	V	L	I	F	Y	W	H	M	C	P
0	0.38237	0.01446	0.01442	0.01174	0.01597	0.11225	0.06973	0.06382	0.01473	0.22610	0.01367	0.01395	0.00961	0.00634	0.00511	0.00186	0.00630	0.00465	0.00483	0.00810
1	0.26562	0.02066	0.31809	0.01598	0.05760	0.01400	0.10415	0.02020	0.04925	0.06319	0.01187	0.01351	0.00866	0.00590	0.00542	0.00194	0.00736	0.00475	0.00351	0.00834
2	0.01859	0.04304	0.05509	0.01385	0.01827	0.07303	0.09484	0.15171	0.17320	0.15505	0.04276	0.01962	0.01473	0.05066	0.00750	0.00208	0.00665	0.00617	0.00528	0.04791
3	0.00884	0.00618	0.00794	0.00794	0.00838	0.00662	0.00529	0.00971	0.00928	0.01281	0.01813	0.03365	0.01947	0.48913	0.32310	0.00750	0.01012	0.00796	0.00354	0.00441
4	0.00803	0.00580	0.00737	0.00783	0.00869	0.00538	0.00542	0.00968	0.01363	0.01851	0.28986	0.37478	0.10520	0.09882	0.01006	0.00262	0.00353	0.01383	0.00585	0.00514
5	0.01236	0.00704	0.00873	0.00842	0.01053	0.00624	0.00643	0.01410	0.01420	0.18739	0.06746	0.22580	0.28300	0.04187	0.00809	0.00233	0.00404	0.07951	0.00609	0.00636
6	0.02120	0.01612	0.01720	0.01367	0.01819	0.01802	0.01113	0.54759	0.21084	0.03524	0.01733	0.01679	0.01254	0.00759	0.00615	0.00190	0.00625	0.00587	0.00615	0.01022
7	0.44016	0.01346	0.01267	0.01042	0.01456	0.01508	0.00856	0.27032	0.04076	0.07363	0.01257	0.01315	0.00918	0.00652	0.00485	0.00186	0.00541	0.00446	0.03414	0.00826
8	0.44208	0.01410	0.01332	0.01081	0.01513	0.01583	0.00892	0.32870	0.01876	0.06263	0.01188	0.01248	0.00864	0.00649	0.00491	0.00187	0.00563	0.00440	0.00497	0.00844
9	0.01087	0.00869	0.01255	0.01383	0.09518	0.02947	0.06218	0.01357	0.04893	0.05384	0.02710	0.46638	0.02989	0.01624	0.04341	0.00267	0.00556	0.04814	0.00512	0.00638
10	0.01637	0.78856	0.03208	0.01047	0.01571	0.02422	0.01047	0.01833	0.01244	0.01440	0.00851	0.00982	0.00786	0.00524	0.00393	0.00131	0.00655	0.00327	0.00262	0.00786
11	0.37139	0.04051	0.01572	0.01421	0.10072	0.01449	0.05768	0.13632	0.01500	0.09856	0.01224	0.01359	0.00916	0.00630	0.00546	0.00187	0.03049	0.00465	0.04355	0.00810
12	0.01620	0.01787	0.17066	0.01711	0.05176	0.01519	0.13213	0.15188	0.19506	0.06087	0.01693	0.01963	0.01304	0.00751	0.00717	0.00205	0.05015	0.04103	0.00465	0.00912
13	0.00804	0.00618	0.00735	0.00717	0.00879	0.00549	0.00533	0.01031	0.01570	0.02093	0.43862	0.09269	0.32316	0.01405	0.00726	0.00201	0.00301	0.01215	0.00627	0.00549
14	0.01192	0.01123	0.01781	0.08073	0.39518	0.01102	0.03717	0.01486	0.01383	0.01837	0.03026	0.03154	0.28246	0.00923	0.00654	0.00194	0.00589	0.00829	0.00400	0.00775
15	0.01111	0.00677	0.00833	0.00769	0.00973	0.00604	0.00585	0.01347	0.01591	0.12777	0.37816	0.08124	0.23400	0.01264	0.00693	0.00196	0.00332	0.01087	0.05197	0.00624
16	0.01063	0.00532	0.00797	0.00797	0.00797	0.00532	0.00532	0.00797	0.00797	0.01063	0.01063	0.01861	0.01063	0.02127	0.02392	0.82190	0.00532	0.00532	0.00266	0.00266
17	0.13205	0.17488	0.02089	0.04333	0.01926	0.27294	0.06803	0.16160	0.01725	0.02170	0.01047	0.01201	0.00833	0.00611	0.00524	0.00168	0.00824	0.00435	0.00371	0.00793
18	0.13222	0.01058	0.04886	0.01080	0.01386	0.00968	0.04816	0.07242	0.05053	0.10980	0.05121	0.27788	0.05101	0.01166	0.00649	0.00210	0.00498	0.03405	0.00533	0.04838
19	0.07541	0.01434	0.01888	0.01565	0.04649	0.05640	0.14970	0.07734	0.26145	0.19023	0.01903	0.01870	0.01366	0.00705	0.00618	0.00196	0.00657	0.00623	0.00545	0.00927

[dist]
# distance from previous block
# <min> <max>
7	9

[block]
# block no. 12 follows, 37 sequences, length 12
# corresponding to MSA columns:
# 633-644
name=unknown_M
#
# <colnr> <probs for GDERKNQSTAVLIFYWHMCP>
#	G	D	E	R	K	N	Q	S	T	A	V	L	I	F	Y	W	H	M	C	P
0	0.01665	0.11634	0.01888	0.01431	0.05230	0.05315	0.06561	0.11316	0.26923	0.05618	0.01808	0.02057	0.01445	0.00745	0.00592	0.00183	0.00620	0.05213	0.00494	0.09263
1	0.01325	0.01336	0.01770	0.01487	0.01703	0.10013	0.14395	0.01697	0.08014	0.01801	0.07454	0.14206	0.04421	0.01044	0.01057	0.00221	0.22566	0.00834	0.03969	0.00687
2	0.21678	0.37450	0.05240	0.01110	0.01579	0.01875	0.03280	0.03729	0.06062	0.05480	0.01078	0.01195	0.00877	0.00596	0.00514	0.00165	0.04072	0.00400	0.00352	0.03267
3	0.01649	0.04593	0.09903	0.01316	0.01726	0.03068	0.09999	0.18442	0.01744	0.12081	0.08385	0.08100	0.01863	0.08816	0.00883	0.00231	0.00644	0.00737	0.05017	0.00800
4	0.29816	0.01170	0.01423	0.05375	0.01698	0.01159	0.08559	0.01718	0.03717	0.02228	0.01208	0.01646	0.01024	0.00617	0.00528	0.00164	0.02070	0.05081	0.00378	0.30421
5	0.01019	0.00720	0.00880	0.00814	0.01008	0.00684	0.00619	0.01432	0.09068	0.06508	0.52166	0.04401	0.15871	0.01227	0.00706	0.00196	0.00326	0.01065	0.00657	0.00635
6	0.09451	0.00962	0.04388	0.00962	0.01184	0.00934	0.00753	0.01722	0.21254	0.02125	0.15917	0.24764	0.06237	0.05586	0.00805	0.00236	0.00428	0.01062	0.00558	0.00672
7	0.02298	0.01391	0.01582	0.01243	0.01692	0.01465	0.01017	0.37981	0.11453	0.26304	0.01928	0.01810	0.01324	0.00753	0.00605	0.00186	0.00581	0.00591	0.04786	0.01008
8	0.01017	0.00651	0.00847	0.00915	0.01057	0.00602	0.00705	0.01197	0.01341	0.09219	0.03748	0.36526	0.16365	0.01666	0.00772	0.00245	0.00425	0.21539	0.00586	0.00576
9	0.06248	0.04625	0.04831	0.01146	0.06181	0.01105	0.00892	0.15125	0.01715	0.14973	0.11368	0.02170	0.01855	0.00762	0.00548	0.00172	0.00485	0.00614	0.24385	0.00798
10	0.14418	0.00972	0.01145	0.01237	0.08749	0.01019	0.00856	0.03704	0.14653	0.07147	0.07499	0.16477	0.07408	0.01101	0.00635	0.00210	0.00464	0.07268	0.04311	0.00727
11	0.01584	0.01018	0.01178	0.01047	0.01340	0.01053	0.00809	0.07315	0.26125	0.18307	0.06190	0.12703	0.09314	0.06224	0.00827	0.00234	0.00473	0.02817	0.00623	0.00816

[dist]
# distance from previous block
# <min> <max>
1	15

[block]
# block no. 13 follows, 37 sequences, length 13
# corresponding to MSA columns:
# 660-672
name=unknown_N
#
# <colnr> <probs for GDERKNQSTAVLIFYWHMCP>
#	G	D	E	R	K	N	Q	S	T	A	V	L	I	F	Y	W	H	M	C	P
0	0.11442	0.54835	0.02627	0.01066	0.01557	0.05640	0.01001	0.05621	0.01375	0.08533	0.01032	0.01116	0.00852	0.00567	0.00431	0.00147	0.00643	0.00369	0.00342	0.00804
1	0.07272	0.01190	0.05026	0.01118	0.01491	0.04823	0.03459	0.05402	0.04683	0.26105	0.03757	0.16840	0.05071	0.00996	0.00631	0.00196	0.00541	0.03162	0.00569	0.07667
2	0.18930	0.01388	0.01590	0.01515	0.10771	0.08583	0.06122	0.09788	0.05629	0.17563	0.06278	0.01984	0.05784	0.00741	0.00579	0.00188	0.00618	0.00601	0.00506	0.00840
3	0.24822	0.09740	0.04916	0.01349	0.01824	0.13989	0.12294	0.06585	0.01443	0.06590	0.01102	0.01257	0.00849	0.00575	0.00510	0.00169	0.00718	0.00444	0.00376	0.10449
4	0.03359	0.01451	0.01660	0.01652	0.14076	0.13551	0.05360	0.05939	0.07096	0.13683	0.10678	0.02040	0.02877	0.00723	0.00595	0.00172	0.00640	0.00611	0.03333	0.10503
5	0.01508	0.01299	0.04190	0.01173	0.01692	0.01112	0.05902	0.11853	0.08639	0.05400	0.01414	0.01636	0.01125	0.00591	0.00535	0.00137	0.00551	0.02655	0.00439	0.48149
6	0.00863	0.00633	0.00735	0.00758	0.00887	0.00597	0.00544	0.01110	0.05064	0.01833	0.16981	0.21915	0.23704	0.10613	0.00996	0.00258	0.00368	0.04196	0.07409	0.00536
