[name]
unknown

[dist]
# distance from previous block
# <min> <max>
0	6

[block]
# block no. 0 follows, 47 sequences, length 53
# corresponding to MSA columns:
# 6-58
name=unknown_A
#
# <colnr> <probs for GDERKNQSTAVLIFYWHMCP>
#	G	D	E	R	K	N	Q	S	T	A	V	L	I	F	Y	W	H	M	C	P
0	0.28169	0.01004	0.01037	0.00894	0.01205	0.01084	0.00731	0.15025	0.13422	0.10556	0.07392	0.02018	0.01487	0.00712	0.00483	0.00168	0.00435	0.09087	0.00462	0.04629
1	0.15105	0.01150	0.01651	0.02115	0.41806	0.01175	0.02730	0.08253	0.04846	0.07687	0.02718	0.01398	0.02447	0.00531	0.00486	0.00155	0.00538	0.00463	0.00346	0.04401
2	0.01321	0.01054	0.01533	0.55000	0.06423	0.04810	0.01296	0.08176	0.01255	0.12481	0.01111	0.01405	0.00800	0.00546	0.00518	0.00168	0.00656	0.00466	0.00318	0.00661
3	0.75585	0.01180	0.00849	0.00762	0.01078	0.10374	0.00616	0.01595	0.00955	0.02212	0.00734	0.00857	0.00577	0.00490	0.00340	0.00158	0.00466	0.00288	0.00316	0.00569
4	0.01019	0.00962	0.01627	0.71381	0.12373	0.01166	0.01464	0.01362	0.01058	0.01374	0.00932	0.01377	0.00710	0.00514	0.00520	0.00171	0.00685	0.00463	0.00234	0.00607
5	0.29237	0.00967	0.01104	0.00868	0.01255	0.00939	0.02265	0.05438	0.01284	0.39762	0.01431	0.01357	0.00963	0.00556	0.00444	0.00151	0.00438	0.00419	0.00486	0.10635
6	0.44748	0.03817	0.00968	0.00807	0.01101	0.05778	0.00644	0.08169	0.01143	0.08172	0.01266	0.15021	0.01172	0.00706	0.00428	0.00162	0.00440	0.00531	0.00386	0.04538
7	0.08876	0.00845	0.01077	0.00869	0.01207	0.00779	0.00704	0.02186	0.05857	0.54516	0.12629	0.04822	0.01830	0.00729	0.00525	0.00164	0.00405	0.00600	0.00595	0.00784
8	0.01759	0.01135	0.01395	0.01106	0.01459	0.01179	0.05588	0.36898	0.06849	0.21025	0.05195	0.10953	0.01507	0.00762	0.00549	0.00167	0.00504	0.00639	0.00533	0.00798
9	0.82219	0.01003	0.00782	0.00694	0.01019	0.01153	0.00572	0.01569	0.00909	0.05244	0.00776	0.00881	0.00592	0.00490	0.00330	0.00161	0.00404	0.00291	0.00335	0.00576
10	0.01456	0.01575	0.01368	0.01170	0.01455	0.35543	0.10126	0.01757	0.08407	0.06543	0.03788	0.02252	0.20842	0.00759	0.00537	0.00156	0.00662	0.00615	0.00378	0.00610
11	0.01289	0.01237	0.02114	0.03196	0.78450	0.01237	0.01598	0.01598	0.01186	0.01701	0.00980	0.01289	0.00825	0.00464	0.00516	0.00155	0.00619	0.00464	0.00258	0.00825
12	0.04093	0.00739	0.00992	0.00904	0.00951	0.00878	0.03375	0.00986	0.00826	0.01207	0.01388	0.06185	0.01512	0.38196	0.10506	0.00417	0.22891	0.03219	0.00299	0.00437
13	0.01042	0.00985	0.01668	0.65640	0.17935	0.01172	0.01475	0.01382	0.01069	0.01402	0.00936	0.01369	0.00719	0.00510	0.00520	0.00170	0.00680	0.00463	0.00236	0.00626
14	0.00797	0.00585	0.00773	0.00832	0.00960	0.00570	0.00691	0.01060	0.03564	0.01695	0.22968	0.08018	0.10601	0.01313	0.00674	0.00211	0.00388	0.43307	0.00506	0.00487
15	0.01505	0.01206	0.01283	0.01094	0.01425	0.01370	0.00868	0.22881	0.55386	0.04193	0.01882	0.01751	0.01391	0.00683	0.00527	0.00171	0.00457	0.00555	0.00530	0.00842
16	0.01117	0.00581	0.00781	0.00775	0.00917	0.00524	0.00562	0.01253	0.01178	0.22922	0.09612	0.52083	0.02982	0.01305	0.00621	0.00193	0.00336	0.01165	0.00536	0.00558
17	0.85377	0.01007	0.00765	0.00685	0.01007	0.01168	0.00564	0.01531	0.00886	0.02336	0.00725	0.00846	0.00564	0.00483	0.00322	0.00161	0.00403	0.00282	0.00322	0.00564
18	0.00634	0.00453	0.00604	0.00725	0.00755	0.00423	0.00483	0.00725	0.00997	0.01329	0.02870	0.81358	0.03444	0.01632	0.00665	0.00211	0.00302	0.01480	0.00483	0.00423
19	0.01080	0.00926	0.01080	0.00771	0.01234	0.00694	0.00617	0.01311	0.01080	0.01697	0.00926	0.01080	0.00771	0.00386	0.00386	0.00077	0.00386	0.00309	0.00309	0.84882
20	0.00909	0.00736	0.00841	0.00799	0.00962	0.03864	0.00620	0.01395	0.16634	0.02011	0.50999	0.03615	0.03853	0.01016	0.00604	0.00174	0.00334	0.09532	0.00541	0.00561
21	0.29802	0.00985	0.01087	0.00869	0.01240	0.00993	0.00716	0.10880	0.01394	0.42912	0.01512	0.01408	0.01002	0.00588	0.00453	0.00160	0.00441	0.00436	0.02352	0.00771
22	0.02274	0.00868	0.01175	0.00906	0.01296	0.00753	0.00747	0.02477	0.01472	0.75297	0.02038	0.01780	0.01291	0.00643	0.00516	0.00159	0.00434	0.00522	0.04482	0.00868
23	0.00745	0.00542	0.00703	0.00668	0.00790	0.00507	0.00499	0.01012	0.03207	0.02055	0.72894	0.07472	0.04768	0.01083	0.00615	0.00166	0.00252	0.00959	0.00568	0.00496
24	0.00743	0.00548	0.00714	0.00787	0.00901	0.00519	0.00635	0.00935	0.01202	0.01569	0.14959	0.19504	0.17609	0.01394	0.00673	0.00211	0.00369	0.35769	0.00496	0.00463
25	0.01945	0.02482	0.01476	0.01342	0.01610	0.79608	0.01006	0.02079	0.01476	0.01275	0.00805	0.00939	0.00671	0.00537	0.00470	0.00134	0.00939	0.00335	0.00268	0.00604
26	0.00971	0.00485	0.00485	0.00485	0.00607	0.00485	0.00364	0.01213	0.01092	0.01942	0.01699	0.01942	0.01335	0.00607	0.00364	0.00121	0.00243	0.00485	0.84589	0.00485
27	0.02282	0.00870	0.01180	0.00909	0.01301	0.00754	0.00749	0.02485	0.01475	0.75758	0.02040	0.01779	0.01291	0.00643	0.00517	0.00160	0.00435	0.00522	0.03978	0.00870
28	0.01392	0.82012	0.02729	0.00891	0.01337	0.02061	0.00891	0.01559	0.01058	0.01225	0.00724	0.00835	0.00668	0.00446	0.00334	0.00111	0.00557	0.00278	0.00223	0.00668
29	0.01945	0.02482	0.01476	0.01342	0.01610	0.79608	0.01006	0.02079	0.01476	0.01275	0.00805	0.00939	0.00671	0.00537	0.00470	0.00134	0.00939	0.00335	0.00268	0.00604
30	0.01773	0.01356	0.01447	0.01156	0.01536	0.01519	0.00940	0.54423	0.25075	0.02949	0.01512	0.01459	0.01098	0.00650	0.00524	0.00162	0.00525	0.00505	0.00524	0.00867
31	0.85377	0.01007	0.00765	0.00685	0.01007	0.01168	0.00564	0.01531	0.00886	0.02336	0.00725	0.00846	0.00564	0.00483	0.00322	0.00161	0.00403	0.00282	0.00322	0.00564
32	0.12580	0.00901	0.01154	0.00897	0.01290	0.00815	0.00741	0.02414	0.01416	0.69377	0.01891	0.01658	0.01200	0.00625	0.00499	0.00161	0.00438	0.00494	0.00605	0.00847
33	0.01289	0.01237	0.02114	0.03196	0.78450	0.01237	0.01598	0.01598	0.01186	0.01701	0.00980	0.01289	0.00825	0.00464	0.00516	0.00155	0.00619	0.00464	0.00258	0.00825
34	0.02013	0.02171	0.01434	0.01266	0.01563	0.63124	0.00965	0.05175	0.01518	0.14464	0.01034	0.01093	0.00784	0.00558	0.00481	0.00140	0.00840	0.00373	0.00342	0.00663
35	0.00634	0.00453	0.00604	0.00725	0.00755	0.00423	0.00483	0.00725	0.00997	0.01329	0.02870	0.81358	0.03444	0.01632	0.00665	0.00211	0.00302	0.01480	0.00483	0.00423
36	0.00898	0.00760	0.01106	0.02781	0.07733	0.00911	0.00839	0.01059	0.00895	0.01281	0.01408	0.06401	0.01437	0.11579	0.31356	0.00486	0.20661	0.07607	0.00297	0.00506
37	0.00626	0.00528	0.00542	0.00538	0.00710	0.00444	0.00404	0.00767	0.01211	0.01464	0.11343	0.04918	0.72136	0.01298	0.00615	0.00175	0.00262	0.01086	0.00491	0.00444
38	0.00630	0.00531	0.00548	0.00551	0.00722	0.00449	0.00418	0.00772	0.01201	0.01445	0.08587	0.04994	0.71762	0.01312	0.00620	0.00178	0.00272	0.04078	0.00488	0.00444
39	0.02210	0.01090	0.01335	0.01023	0.01431	0.01068	0.00845	0.28929	0.01831	0.51938	0.01768	0.01587	0.01146	0.00638	0.00523	0.00159	0.00489	0.00504	0.00601	0.00886
40	0.00737	0.00532	0.00696	0.00655	0.00778	0.00491	0.00491	0.00983	0.01474	0.02088	0.78175	0.03890	0.04914	0.01065	0.00614	0.00164	0.00246	0.00942	0.00573	0.00491
41	0.03525	0.00600	0.00617	0.00590	0.00748	0.00619	0.00451	0.04151	0.07503	0.01930	0.03362	0.02280	0.10399	0.00854	0.04040	0.00168	0.00329	0.00570	0.56738	0.00525
42	0.46156	0.01643	0.01102	0.03873	0.01362	0.35153	0.00788	0.01761	0.01147	0.01840	0.00767	0.00906	0.00615	0.00508	0.00393	0.00150	0.00646	0.00312	0.00296	0.00582
43	0.00688	0.00571	0.00597	0.00584	0.00759	0.00511	0.00438	0.00920	0.07137	0.01501	0.10474	0.04562	0.63816	0.01269	0.00660	0.03257	0.00281	0.01024	0.00485	0.00466
44	0.30891	0.01136	0.01569	0.05829	0.44068	0.01212	0.01191	0.01617	0.04639	0.01930	0.00941	0.01168	0.00763	0.00485	0.00448	0.00159	0.00537	0.00406	0.00292	0.00721
45	0.79196	0.00998	0.00798	0.00703	0.01031	0.01138	0.00579	0.01606	0.00931	0.08028	0.00824	0.00915	0.00618	0.00495	0.00337	0.00161	0.00406	0.00300	0.00346	0.00588
46	0.00983	0.00926	0.01562	0.80447	0.03587	0.01157	0.01446	0.01331	0.01041	0.01331	0.00926	0.01388	0.00694	0.00521	0.00521	0.00174	0.00694	0.00463	0.00231	0.00579
47	0.00634	0.00453	0.00604	0.00725	0.00755	0.00423	0.00483	0.00725	0.00997	0.01329	0.02870	0.81358	0.03444	0.01632	0.00665	0.00211	0.00302	0.01480	0.00483	0.00423
48	0.01945	0.02482	0.01476	0.01342	0.01610	0.79608	0.01006	0.02079	0.01476	0.01275	0.00805	0.00939	0.00671	0.00537	0.00470	0.00134	0.00939	0.00335	0.00268	0.00604
49	0.01033	0.00976	0.01652	0.67850	0.15794	0.01170	0.01471	0.01374	0.01065	0.01391	0.00934	0.01372	0.00716	0.00511	0.00520	0.00170	0.00682	0.00463	0.00236	0.00619
50	0.00656	0.00471	0.00641	0.00748	0.00789	0.00457	0.00518	0.00764	0.00986	0.01324	0.02692	0.68972	0.03174	0.01891	0.09960	0.00286	0.00438	0.04343	0.00459	0.00430
51	0.01080	0.00926	0.01080	0.00771	0.01234	0.00694	0.00617	0.01311	0.01080	0.01697	0.00926	0.01080	0.00771	0.00386	0.00386	0.00077	0.00386	0.00309	0.00309	0.84882
52	0.01932	0.01129	0.01596	0.01657	0.22858	0.01105	0.03333	0.19004	0.01614	0.38007	0.01544	0.01509	0.01054	0.00584	0.00524	0.00159	0.00534	0.00497	0.00498	0.00864

[dist]
# distance from previous block
# <min> <max>
0	1

[block]
# block no. 1 follows, 47 sequences, length 85
# corresponding to MSA columns:
# 60-144
name=unknown_B
#
# <colnr> <probs for GDERKNQSTAVLIFYWHMCP>
#	G	D	E	R	K	N	Q	S	T	A	V	L	I	F	Y	W	H	M	C	P
0	0.51095	0.01080	0.00982	0.00825	0.01160	0.01215	0.00676	0.20307	0.04323	0.06421	0.01047	0.01115	0.00776	0.00544	0.00393	0.00158	0.00436	0.00367	0.06413	0.00665
1	0.01144	0.00812	0.00968	0.00811	0.01055	0.00790	0.00636	0.18781	0.01641	0.06018	0.45032	0.04931	0.03251	0.00874	0.00561	0.00153	0.00350	0.00748	0.00530	0.10913
2	0.85377	0.01007	0.00765	0.00685	0.01007	0.01168	0.00564	0.01531	0.00886	0.02336	0.00725	0.00846	0.00564	0.00483	0.00322	0.00161	0.00403	0.00282	0.00322	0.00564
3	0.01392	0.82012	0.02729	0.00891	0.01337	0.02061	0.00891	0.01559	0.01058	0.01225	0.00724	0.00835	0.00668	0.00446	0.00334	0.00111	0.00557	0.00278	0.00223	0.00668
4	0.00812	0.00581	0.00800	0.00912	0.01020	0.00576	0.00775	0.01026	0.01163	0.01513	0.02788	0.12547	0.04905	0.04598	0.00787	0.00246	0.00459	0.63553	0.00474	0.00467
5	0.00768	0.00526	0.00661	0.00632	0.00751	0.00492	0.00472	0.00999	0.01375	0.01987	0.60519	0.03688	0.06306	0.04678	0.00676	0.00176	0.00263	0.02733	0.11814	0.00481
6	0.00751	0.00537	0.00738	0.00859	0.00940	0.00524	0.00687	0.00927	0.01112	0.01460	0.02806	0.38252	0.03189	0.01521	0.00696	0.00228	0.00403	0.43434	0.00481	0.00455
7	0.01812	0.00732	0.00931	0.00757	0.01052	0.00658	0.00611	0.02029	0.01338	0.49288	0.01918	0.01837	0.01307	0.00630	0.00462	0.00146	0.00366	0.00509	0.32885	0.00732
8	0.01684	0.01294	0.01383	0.01130	0.01492	0.01453	0.00911	0.42098	0.35815	0.04545	0.01656	0.01571	0.01208	0.00662	0.00525	0.00165	0.00498	0.00523	0.00528	0.00858
9	0.00755	0.00528	0.00673	0.00637	0.00761	0.00490	0.00478	0.00998	0.01433	0.02059	0.69618	0.03740	0.06278	0.01029	0.00592	0.00160	0.00246	0.00904	0.08130	0.00490
10	0.01268	0.01216	0.02077	0.08395	0.73412	0.01232	0.01588	0.01580	0.01176	0.01676	0.00976	0.01296	0.00816	0.00468	0.00516	0.00156	0.00624	0.00464	0.00256	0.00808
11	0.01289	0.01237	0.02114	0.03196	0.78450	0.01237	0.01598	0.01598	0.01186	0.01701	0.00980	0.01289	0.00825	0.00464	0.00516	0.00155	0.00619	0.00464	0.00258	0.00825
12	0.85377	0.01007	0.00765	0.00685	0.01007	0.01168	0.00564	0.01531	0.00886	0.02336	0.00725	0.00846	0.00564	0.00483	0.00322	0.00161	0.00403	0.00282	0.00322	0.00564
13	0.01289	0.01237	0.02114	0.03196	0.78450	0.01237	0.01598	0.01598	0.01186	0.01701	0.00980	0.01289	0.00825	0.00464	0.00516	0.00155	0.00619	0.00464	0.00258	0.00825
14	0.01080	0.00926	0.01080	0.00771	0.01234	0.00694	0.00617	0.01311	0.01080	0.01697	0.00926	0.01080	0.00771	0.00386	0.00386	0.00077	0.00386	0.00309	0.00309	0.84882
15	0.01137	0.23863	0.58644	0.01326	0.02009	0.01437	0.01648	0.01625	0.01088	0.01536	0.00878	0.01029	0.00662	0.00482	0.00452	0.00151	0.00713	0.00356	0.00221	0.00743
16	0.00634	0.00453	0.00604	0.00725	0.00755	0.00423	0.00483	0.00725	0.00997	0.01329	0.02870	0.81358	0.03444	0.01632	0.00665	0.00211	0.00302	0.01480	0.00483	0.00423
17	0.00983	0.00926	0.01562	0.80447	0.03587	0.01157	0.01446	0.01331	0.01041	0.01331	0.00926	0.01388	0.00694	0.00521	0.00521	0.00174	0.00694	0.00463	0.00231	0.00579
18	0.01289	0.01237	0.02114	0.03196	0.78450	0.01237	0.01598	0.01598	0.01186	0.01701	0.00980	0.01289	0.00825	0.00464	0.00516	0.00155	0.00619	0.00464	0.00258	0.00825
19	0.01289	0.01237	0.02114	0.03196	0.78450	0.01237	0.01598	0.01598	0.01186	0.01701	0.00980	0.01289	0.00825	0.00464	0.00516	0.00155	0.00619	0.00464	0.00258	0.00825
20	0.00740	0.00534	0.00700	0.00664	0.00786	0.00494	0.00501	0.00985	0.01466	0.02073	0.76060	0.03946	0.04860	0.01075	0.00617	0.00166	0.00252	0.03018	0.00571	0.00491
21	0.00856	0.00636	0.00885	0.00968	0.01076	0.00670	0.00835	0.01081	0.01171	0.01547	0.06045	0.05361	0.02881	0.03129	0.00833	0.00241	0.06708	0.64130	0.00461	0.00484
22	0.01080	0.00926	0.01080	0.00771	0.01234	0.00694	0.00617	0.01311	0.01080	0.01697	0.00926	0.01080	0.00771	0.00386	0.00386	0.00077	0.00386	0.00309	0.00309	0.84882
23	0.11856	0.00900	0.01158	0.00899	0.01292	0.00812	0.00742	0.02422	0.01421	0.70044	0.01902	0.01666	0.01206	0.00626	0.00501	0.00161	0.00439	0.00496	0.00608	0.00849
24	0.00708	0.00531	0.00656	0.00625	0.00760	0.00479	0.00468	0.00926	0.01405	0.01925	0.60750	0.04158	0.22441	0.01125	0.00615	0.00167	0.00250	0.00979	0.00552	0.00479
25	0.00710	0.00531	0.00659	0.00627	0.00762	0.00480	0.00470	0.00931	0.01411	0.01939	0.62194	0.04136	0.20988	0.01120	0.00614	0.00166	0.00250	0.00976	0.00554	0.00480
26	0.00673	0.00530	0.00608	0.00588	0.00739	0.00464	0.00441	0.00859	0.01323	0.01731	0.39928	0.04479	0.43383	0.01198	0.00615	0.00170	0.00255	0.01024	0.00526	0.00464
27	0.00983	0.00926	0.01562	0.80447	0.03587	0.01157	0.01446	0.01331	0.01041	0.01331	0.00926	0.01388	0.00694	0.00521	0.00521	0.00174	0.00694	0.00463	0.00231	0.00579
28	0.01229	0.01405	0.03073	0.02195	0.02722	0.01317	0.76558	0.01668	0.01229	0.01668	0.01054	0.01405	0.00790	0.00439	0.00615	0.00176	0.00878	0.00615	0.00263	0.00702
29	0.00983	0.00926	0.01562	0.80447	0.03587	0.01157	0.01446	0.01331	0.01041	0.01331	0.00926	0.01388	0.00694	0.00521	0.00521	0.00174	0.00694	0.00463	0.00231	0.00579
30	0.01289	0.01237	0.02114	0.03196	0.78450	0.01237	0.01598	0.01598	0.01186	0.01701	0.00980	0.01289	0.00825	0.00464	0.00516	0.00155	0.00619	0.00464	0.00258	0.00825
31	0.02048	0.01126	0.01352	0.01045	0.01436	0.01140	0.00861	0.30850	0.04739	0.39917	0.01637	0.01519	0.01096	0.00637	0.00562	0.00158	0.03635	0.00491	0.00559	0.05191
32	0.00863	0.00467	0.00647	0.00647	0.00647	0.00467	0.00414	0.00701	0.00701	0.00934	0.01112	0.02098	0.01183	0.24343	0.02209	0.61059	0.00467	0.00538	0.00251	0.00251
33	0.01006	0.00948	0.01602	0.74814	0.09045	0.01163	0.01457	0.01350	0.01052	0.01358	0.00930	0.01381	0.00704	0.00517	0.00520	0.00172	0.00689	0.00463	0.00233	0.00596
34	0.00983	0.00926	0.01562	0.80447	0.03587	0.01157	0.01446	0.01331	0.01041	0.01331	0.00926	0.01388	0.00694	0.00521	0.00521	0.00174	0.00694	0.00463	0.00231	0.00579
35	0.01208	0.01150	0.01952	0.18014	0.60950	0.01193	0.01526	0.01522	0.01169	0.01645	0.03994	0.01410	0.00960	0.00498	0.00520	0.00159	0.00619	0.00482	0.00265	0.00764
36	0.01271	0.45015	0.34778	0.01161	0.01735	0.05221	0.01331	0.01621	0.01094	0.01406	0.00816	0.00951	0.00665	0.00470	0.00408	0.00135	0.00664	0.00326	0.00224	0.00708
37	0.85377	0.01007	0.00765	0.00685	0.01007	0.01168	0.00564	0.01531	0.00886	0.02336	0.00725	0.00846	0.00564	0.00483	0.00322	0.00161	0.00403	0.00282	0.00322	0.00564
38	0.02794	0.00571	0.00718	0.00680	0.00822	0.00536	0.00515	0.01079	0.03543	0.04955	0.60559	0.07792	0.09423	0.01081	0.00607	0.00169	0.00272	0.02818	0.00556	0.00510
39	0.00751	0.00511	0.00596	0.00594	0.00613	0.00515	0.00355	0.00783	0.00812	0.01092	0.05602	0.03360	0.03984	0.68984	0.08953	0.00507	0.00560	0.00759	0.00330	0.00340
40	0.00629	0.00495	0.00569	0.00621	0.00730	0.00434	0.00439	0.00748	0.01115	0.01403	0.07440	0.39032	0.41605	0.01447	0.00637	0.00191	0.00280	0.01262	0.00487	0.00434
41	0.04140	0.00692	0.00986	0.00937	0.01021	0.00861	0.00746	0.01018	0.00831	0.01262	0.01226	0.01817	0.01149	0.03171	0.60894	0.00688	0.17275	0.00527	0.00270	0.00490
42	0.00757	0.00505	0.00568	0.00568	0.00568	0.00505	0.00316	0.00757	0.00757	0.01010	0.01641	0.03408	0.01893	0.81698	0.02651	0.00505	0.00505	0.00757	0.00316	0.00316
43	0.01045	0.02694	0.79000	0.01484	0.02254	0.01209	0.01924	0.01649	0.01099	0.01649	0.00935	0.01099	0.00660	0.00495	0.00495	0.00165	0.00770	0.00385	0.00220	0.00770
44	0.01392	0.82012	0.02729	0.00891	0.01337	0.02061	0.00891	0.01559	0.01058	0.01225	0.00724	0.00835	0.00668	0.00446	0.00334	0.00111	0.00557	0.00278	0.00223	0.00668
45	0.01952	0.02277	0.01493	0.01313	0.01611	0.63961	0.01003	0.17052	0.01671	0.01677	0.00894	0.01002	0.00714	0.00554	0.00480	0.00139	0.00866	0.00362	0.00319	0.00660
46	0.07479	0.00894	0.01181	0.00912	0.01309	0.00790	0.00753	0.02476	0.01453	0.74074	0.01972	0.01715	0.01244	0.00635	0.00511	0.00161	0.00441	0.00509	0.00625	0.00866
47	0.76034	0.00994	0.00815	0.00712	0.01043	0.01123	0.00587	0.01644	0.00954	0.10940	0.00875	0.00950	0.00646	0.00502	0.00345	0.00161	0.00407	0.00309	0.00359	0.00600
48	0.00751	0.00529	0.00683	0.00645	0.00768	0.00491	0.00484	0.00997	0.01451	0.02079	0.73504	0.03771	0.04695	0.01037	0.00599	0.00161	0.00246	0.00914	0.05705	0.00491
49	0.00615	0.00528	0.00528	0.00528	0.00703	0.00440	0.00396	0.00747	0.01187	0.01407	0.05276	0.05012	0.78238	0.01319	0.00615	0.00176	0.00264	0.01099	0.00484	0.00440
50	0.00737	0.00532	0.00696	0.00655	0.00778	0.00491	0.00491	0.00983	0.01474	0.02088	0.78175	0.03890	0.04914	0.01065	0.00614	0.00164	0.00246	0.00942	0.00573	0.00491
51	0.01945	0.02482	0.01476	0.01342	0.01610	0.79608	0.01006	0.02079	0.01476	0.01275	0.00805	0.00939	0.00671	0.00537	0.00470	0.00134	0.00939	0.00335	0.00268	0.00604
52	0.01501	0.01683	0.01272	0.01049	0.01417	0.39086	0.00806	0.01685	0.01272	0.01491	0.00867	0.01011	0.00722	0.00459	0.00426	0.00105	0.00655	0.00322	0.00289	0.43880
53	0.01289	0.01237	0.02114	0.03196	0.78450	0.01237	0.01598	0.01598	0.01186	0.01701	0.00980	0.01289	0.00825	0.00464	0.00516	0.00155	0.00619	0.00464	0.00258	0.00825
54	0.85377	0.01007	0.00765	0.00685	0.01007	0.01168	0.00564	0.01531	0.00886	0.02336	0.00725	0.00846	0.00564	0.00483	0.00322	0.00161	0.00403	0.00282	0.00322	0.00564
55	0.01045	0.02694	0.79000	0.01484	0.02254	0.01209	0.01924	0.01649	0.01099	0.01649	0.00935	0.01099	0.00660	0.00495	0.00495	0.00165	0.00770	0.00385	0.00220	0.00770
56	0.00839	0.00599	0.00839	0.00959	0.01079	0.00599	0.00839	0.01079	0.01199	0.01558	0.02757	0.05874	0.02997	0.01439	0.00719	0.00240	0.00480	0.74945	0.00480	0.00480
57	0.01289	0.01237	0.02114	0.03196	0.78450	0.01237	0.01598	0.01598	0.01186	0.01701	0.00980	0.01289	0.00825	0.00464	0.00516	0.00155	0.00619	0.00464	0.00258	0.00825
58	0.85377	0.01007	0.00765	0.00685	0.01007	0.01168	0.00564	0.01531	0.00886	0.02336	0.00725	0.00846	0.00564	0.00483	0.00322	0.00161	0.00403	0.00282	0.00322	0.00564
59	0.01980	0.01459	0.01563	0.01198	0.01615	0.01615	0.00990	0.76713	0.02448	0.03282	0.01250	0.01250	0.00886	0.00625	0.00521	0.00156	0.00573	0.00469	0.00521	0.00886
60	0.07941	0.00894	0.01179	0.00910	0.01308	0.00793	0.00752	0.02470	0.01450	0.73649	0.01965	0.01710	0.01240	0.00634	0.00510	0.00161	0.00440	0.00507	0.00623	0.00865
61	0.00659	0.00529	0.00588	0.00573	0.00730	0.00458	0.00430	0.00832	0.01290	0.01652	0.31504	0.04608	0.51857	0.01227	0.00615	0.00172	0.00257	0.01042	0.00516	0.00458
62	0.01587	0.01389	0.01319	0.01131	0.01456	0.12230	0.00891	0.21669	0.45764	0.04259	0.01712	0.01621	0.01274	0.00660	0.00519	0.00165	0.00527	0.00521	0.00494	0.00811
63	0.85377	0.01007	0.00765	0.00685	0.01007	0.01168	0.00564	0.01531	0.00886	0.02336	0.00725	0.00846	0.00564	0.00483	0.00322	0.00161	0.00403	0.00282	0.00322	0.00564
64	0.01080	0.00926	0.01080	0.00771	0.01234	0.00694	0.00617	0.01311	0.01080	0.01697	0.00926	0.01080	0.00771	0.00386	0.00386	0.00077	0.00386	0.00309	0.00309	0.84882
65	0.00759	0.00555	0.00715	0.00671	0.00800	0.00522	0.00504	0.01052	0.04405	0.02092	0.75243	0.03815	0.04786	0.01051	0.00611	0.00164	0.00252	0.00928	0.00572	0.00504
66	0.37955	0.00938	0.01018	0.00823	0.01191	0.00938	0.00679	0.02106	0.01231	0.46008	0.01484	0.01375	0.00978	0.00575	0.00437	0.00161	0.00426	0.00420	0.00506	0.00748
67	0.01289	0.01237	0.02114	0.03196	0.78450	0.01237	0.01598	0.01598	0.01186	0.01701	0.00980	0.01289	0.00825	0.00464	0.00516	0.00155	0.00619	0.00464	0.00258	0.00825
68	0.01045	0.02694	0.79000	0.01484	0.02254	0.01209	0.01924	0.01649	0.01099	0.01649	0.00935	0.01099	0.00660	0.00495	0.00495	0.00165	0.00770	0.00385	0.00220	0.00770
69	0.01120	0.00529	0.00564	0.00534	0.00686	0.00516	0.00408	0.01358	0.01136	0.10344	0.01738	0.01923	0.01330	0.00611	0.00381	0.00126	0.00265	0.00490	0.75413	0.00529
70	0.02336	0.00886	0.01209	0.00927	0.01329	0.00765	0.00765	0.02538	0.01491	0.78810	0.02055	0.01773	0.01289	0.00645	0.00524	0.00161	0.00443	0.00524	0.00645	0.00886
71	0.01323	0.66100	0.18030	0.01010	0.01521	0.01890	0.01098	0.01577	0.01066	0.01310	0.00766	0.00888	0.00667	0.00455	0.00366	0.00122	0.00600	0.00300	0.00222	0.00689
72	0.00648	0.00454	0.00600	0.00716	0.00750	0.00425	0.00479	0.00744	0.01001	0.01353	0.02824	0.78246	0.03362	0.01591	0.00653	0.00208	0.00300	0.01441	0.03779	0.00425
73	0.00905	0.00452	0.00678	0.00678	0.00678	0.00452	0.00452	0.00678	0.00678	0.00905	0.00905	0.01583	0.00905	0.01809	0.02035	0.84848	0.00452	0.00452	0.00226	0.00226
74	0.01080	0.00926	0.01080	0.00771	0.01234	0.00694	0.00617	0.01311	0.01080	0.01697	0.00926	0.01080	0.00771	0.00386	0.00386	0.00077	0.00386	0.00309	0.00309	0.84882
75	0.00997	0.00940	0.01587	0.76942	0.06983	0.01161	0.01453	0.01343	0.01048	0.01347	0.00928	0.01384	0.00700	0.00518	0.00520	0.00173	0.00691	0.00463	0.00233	0.00590
76	0.00620	0.00528	0.00534	0.00532	0.00706	0.00442	0.00399	0.00756	0.01198	0.01433	0.08085	0.04969	0.75412	0.01309	0.00615	0.00175	0.00263	0.01093	0.00487	0.00442
77	0.02314	0.00923	0.01231	0.00944	0.01347	0.00819	0.00780	0.07242	0.01551	0.74020	0.02004	0.01739	0.01264	0.00643	0.00524	0.00161	0.00451	0.00520	0.00637	0.00886
78	0.02055	0.01337	0.01488	0.01141	0.01554	0.01435	0.00942	0.60976	0.02245	0.19306	0.01421	0.01361	0.00971	0.00629	0.00522	0.00157	0.00545	0.00480	0.00547	0.00886
79	0.01947	0.02436	0.01480	0.01335	0.01610	0.76069	0.01005	0.05466	0.01520	0.01366	0.00825	0.00953	0.00681	0.00541	0.00472	0.00135	0.00923	0.00341	0.00280	0.00617
80	0.02269	0.00995	0.01276	0.00978	0.01383	0.00926	0.00808	0.16590	0.01672	0.64502	0.01902	0.01674	0.01213	0.00641	0.00523	0.00160	0.00468	0.00513	0.00621	0.00886
81	0.76170	0.01057	0.00853	0.00742	0.01074	0.01218	0.00611	0.09831	0.01059	0.02441	0.00783	0.00891	0.00599	0.00499	0.00344	0.00161	0.00422	0.00303	0.00344	0.00599
82	0.01961	0.01449	0.01552	0.01194	0.01608	0.01606	0.00985	0.74705	0.04487	0.03252	0.01274	0.01269	0.00905	0.00627	0.00521	0.00157	0.00569	0.00472	0.00521	0.00884
83	0.00618	0.00528	0.00532	0.00531	0.00705	0.00441	0.00398	0.00753	0.01194	0.01423	0.06990	0.04985	0.76514	0.01313	0.00615	0.00176	0.00263	0.01095	0.00486	0.00441
84	0.00704	0.00497	0.00659	0.00684	0.00764	0.00462	0.00486	0.00867	0.01249	0.01733	0.44791	0.34522	0.04149	0.01323	0.00699	0.04025	0.00277	0.01133	0.00522	0.00452

[dist]
# distance from previous block
# <min> <max>
0	0

# created by:
# /home/berkeley/.conda/envs/busco_data_prod/bin/msa2prfl.pl pipeline/OGs_align_augustus/33634/154718.fs
