[name]
unknown

[dist]
# distance from previous block
# <min> <max>
0	210

[block]
# block no. 0 follows, 46 sequences, length 41
# corresponding to MSA columns:
# 227-267
name=unknown_A
#
# <colnr> <probs for GDERKNQSTAVLIFYWHMCP>
#	G	D	E	R	K	N	Q	S	T	A	V	L	I	F	Y	W	H	M	C	P
0	0.00841	0.00601	0.00836	0.00941	0.01063	0.00597	0.00814	0.01085	0.01247	0.01640	0.10821	0.05748	0.03250	0.01420	0.00719	0.00235	0.00461	0.66697	0.00497	0.00488
1	0.01390	0.76593	0.07715	0.00944	0.01418	0.02036	0.00973	0.01589	0.01077	0.01272	0.00749	0.00865	0.00678	0.00456	0.00350	0.00117	0.00579	0.00290	0.00226	0.00685
2	0.85155	0.01022	0.00777	0.00695	0.01022	0.01186	0.00573	0.01554	0.00900	0.02372	0.00736	0.00859	0.00573	0.00491	0.00327	0.00164	0.00409	0.00286	0.00327	0.00573
3	0.02182	0.00844	0.01126	0.00879	0.01249	0.00738	0.00721	0.02392	0.01458	0.68003	0.02036	0.01823	0.01315	0.00649	0.00509	0.00158	0.00422	0.00526	0.12125	0.00844
4	0.00769	0.00513	0.00577	0.00577	0.00577	0.00513	0.00320	0.00769	0.00769	0.01025	0.01666	0.03460	0.01922	0.81421	0.02691	0.00513	0.00513	0.00769	0.00320	0.00320
5	0.01413	0.81739	0.02770	0.00905	0.01357	0.02092	0.00905	0.01583	0.01074	0.01244	0.00735	0.00848	0.00678	0.00452	0.00339	0.00113	0.00565	0.00283	0.00226	0.00678
6	0.00823	0.00585	0.00804	0.00916	0.01029	0.00578	0.00779	0.01047	0.01196	0.01573	0.04537	0.14653	0.04805	0.01451	0.00710	0.00234	0.00449	0.60726	0.02627	0.00480
7	0.00836	0.00597	0.00833	0.00955	0.01070	0.00594	0.00824	0.01067	0.01201	0.01564	0.02808	0.11842	0.03078	0.01476	0.00726	0.00241	0.00473	0.68847	0.00487	0.00482
8	0.01157	0.01157	0.01619	0.01388	0.01388	0.01619	0.01157	0.01272	0.00810	0.01272	0.00694	0.01157	0.00694	0.00925	0.01735	0.00231	0.80453	0.00463	0.00231	0.00578
9	0.00758	0.00557	0.00803	0.00803	0.00881	0.00636	0.00603	0.00914	0.00836	0.01193	0.01459	0.02312	0.01424	0.17147	0.66283	0.00792	0.01262	0.00601	0.00290	0.00446
10	0.85155	0.01022	0.00777	0.00695	0.01022	0.01186	0.00573	0.01554	0.00900	0.02372	0.00736	0.00859	0.00573	0.00491	0.00327	0.00164	0.00409	0.00286	0.00327	0.00573
11	0.01157	0.01157	0.01619	0.01388	0.01388	0.01619	0.01157	0.01272	0.00810	0.01272	0.00694	0.01157	0.00694	0.00925	0.01735	0.00231	0.80453	0.00463	0.00231	0.00578
12	0.01023	0.00709	0.00937	0.00986	0.01150	0.00720	0.00851	0.09187	0.01374	0.04406	0.05682	0.05237	0.02834	0.01329	0.00698	0.00228	0.00486	0.61116	0.00501	0.00545
13	0.01975	0.02520	0.01498	0.01362	0.01634	0.79299	0.01021	0.02111	0.01498	0.01294	0.00817	0.00953	0.00681	0.00545	0.00477	0.00136	0.00953	0.00340	0.00272	0.00613
14	0.02372	0.00900	0.01227	0.00941	0.01350	0.00777	0.00777	0.02576	0.01513	0.78489	0.02086	0.01799	0.01309	0.00654	0.00532	0.00164	0.00450	0.00532	0.00654	0.00900
15	0.00755	0.00507	0.00581	0.00594	0.00597	0.00504	0.00339	0.00765	0.00795	0.01060	0.01799	0.11756	0.02090	0.72895	0.02475	0.00481	0.00491	0.00847	0.00339	0.00332
16	0.00998	0.00940	0.01586	0.80150	0.03641	0.01175	0.01468	0.01351	0.01057	0.01351	0.00940	0.01409	0.00705	0.00529	0.00529	0.00176	0.00705	0.00470	0.00235	0.00587
17	0.01104	0.01196	0.02522	0.01873	0.02287	0.01121	0.58166	0.01465	0.01192	0.01611	0.01509	0.20402	0.01444	0.00734	0.00636	0.00187	0.00752	0.00833	0.00321	0.00645
18	0.36703	0.00951	0.01040	0.00839	0.01214	0.00947	0.00692	0.02152	0.01259	0.46922	0.01526	0.01409	0.01003	0.00586	0.00447	0.00164	0.00433	0.00430	0.00519	0.00764
19	0.01134	0.01046	0.01768	0.52293	0.28861	0.01193	0.01505	0.01470	0.01117	0.03197	0.00984	0.01384	0.00763	0.00512	0.00527	0.00169	0.00673	0.00472	0.00253	0.00679
20	0.02105	0.01320	0.03787	0.01131	0.01560	0.01332	0.00955	0.48846	0.02111	0.29016	0.01539	0.01446	0.01032	0.00637	0.00529	0.00161	0.00543	0.00492	0.00563	0.00896
21	0.00653	0.00467	0.00622	0.00730	0.00769	0.00436	0.00491	0.00759	0.01055	0.01417	0.09520	0.74276	0.03628	0.01606	0.00670	0.00210	0.00302	0.01455	0.00499	0.00436
22	0.85155	0.01022	0.00777	0.00695	0.01022	0.01186	0.00573	0.01554	0.00900	0.02372	0.00736	0.00859	0.00573	0.00491	0.00327	0.00164	0.00409	0.00286	0.00327	0.00573
23	0.01344	0.09790	0.01372	0.01066	0.01380	0.03585	0.00849	0.02659	0.66912	0.02082	0.01963	0.01824	0.01488	0.00684	0.00515	0.00171	0.00449	0.00557	0.00497	0.00814
24	0.00918	0.01006	0.11167	0.01061	0.01235	0.00964	0.02438	0.01179	0.02863	0.01351	0.01231	0.01792	0.01124	0.06146	0.41435	0.00547	0.18757	0.00529	0.03712	0.00544
25	0.00644	0.00460	0.00613	0.00736	0.00767	0.00429	0.00491	0.00736	0.01012	0.01350	0.02914	0.81076	0.03497	0.01656	0.00675	0.00215	0.00307	0.01503	0.00491	0.00429
26	0.00721	0.00539	0.00669	0.00636	0.00773	0.00487	0.00477	0.00945	0.01432	0.01967	0.61801	0.04201	0.21127	0.01138	0.00624	0.00169	0.00253	0.00991	0.00562	0.00487
27	0.00748	0.00540	0.00707	0.00665	0.00790	0.00499	0.00499	0.00998	0.01496	0.02120	0.77844	0.03949	0.04988	0.01081	0.00624	0.00166	0.00249	0.00956	0.00582	0.00499
28	0.85155	0.01022	0.00777	0.00695	0.01022	0.01186	0.00573	0.01554	0.00900	0.02372	0.00736	0.00859	0.00573	0.00491	0.00327	0.00164	0.00409	0.00286	0.00327	0.00573
29	0.00726	0.00531	0.00681	0.00661	0.00780	0.00487	0.00489	0.00948	0.01418	0.01974	0.63175	0.12298	0.11528	0.01166	0.00629	0.00173	0.00257	0.01029	0.00564	0.00487
30	0.01844	0.02308	0.01414	0.01287	0.01544	0.70875	0.00966	0.01992	0.01498	0.01382	0.09051	0.01274	0.01141	0.00602	0.00492	0.00139	0.00878	0.00406	0.00305	0.00601
31	0.01742	0.37489	0.02118	0.01076	0.01513	0.01842	0.00960	0.42811	0.01852	0.02395	0.01030	0.01080	0.00800	0.00553	0.00444	0.00138	0.00574	0.00389	0.00393	0.00800
32	0.04840	0.78436	0.02689	0.00896	0.01343	0.02055	0.00891	0.01582	0.01067	0.01290	0.00735	0.00848	0.00674	0.00454	0.00339	0.00115	0.00559	0.00283	0.00230	0.00674
33	0.01395	0.03926	0.45185	0.01669	0.14589	0.01233	0.01608	0.09774	0.01332	0.12622	0.01145	0.01254	0.00812	0.00531	0.00509	0.00163	0.00683	0.00430	0.00323	0.00817
34	0.01887	0.01604	0.09816	0.01243	0.01701	0.01586	0.01101	0.66160	0.04590	0.03121	0.01262	0.01274	0.00896	0.00623	0.00526	0.00160	0.00598	0.00471	0.00496	0.00885
35	0.00625	0.00536	0.00536	0.00536	0.00714	0.00446	0.00402	0.00759	0.01205	0.01428	0.05355	0.05088	0.77909	0.01339	0.00625	0.00179	0.00268	0.01116	0.00491	0.00446
36	0.01356	0.01068	0.01201	0.01128	0.04954	0.01191	0.00838	0.04522	0.57534	0.08193	0.10159	0.02120	0.01895	0.00737	0.00546	0.00175	0.00417	0.00622	0.00538	0.00807
37	0.01651	0.01450	0.20514	0.10148	0.13038	0.01048	0.07740	0.02009	0.01299	0.33613	0.01438	0.01487	0.00975	0.00559	0.00531	0.00166	0.00622	0.00490	0.00413	0.00812
38	0.01138	0.00723	0.00625	0.00601	0.00750	0.08926	0.00453	0.01372	0.01164	0.04500	0.01640	0.01856	0.01281	0.00610	0.00387	0.00126	0.00329	0.00478	0.72522	0.00519
39	0.01308	0.01256	0.02146	0.03245	0.78123	0.01256	0.01622	0.01622	0.01204	0.01727	0.00994	0.01308	0.00837	0.00471	0.00523	0.00157	0.00628	0.00471	0.00262	0.00837
40	0.79763	0.01014	0.00806	0.00711	0.01044	0.01159	0.00586	0.01621	0.00940	0.07330	0.00824	0.00920	0.00620	0.00501	0.00340	0.00164	0.00412	0.00302	0.00348	0.00594

[dist]
# distance from previous block
# <min> <max>
0	1

[block]
# block no. 1 follows, 46 sequences, length 6
# corresponding to MSA columns:
# 269-274
name=unknown_B
#
# <colnr> <probs for GDERKNQSTAVLIFYWHMCP>
#	G	D	E	R	K	N	Q	S	T	A	V	L	I	F	Y	W	H	M	C	P
0	0.01334	0.01225	0.11685	0.00939	0.01439	0.00866	0.00859	0.08041	0.01273	0.11675	0.01116	0.01204	0.00845	0.00461	0.00436	0.00108	0.00468	0.00366	0.00363	0.55298
1	0.01230	0.00935	0.01110	0.00800	0.01263	0.00712	0.00642	0.01461	0.01140	0.09756	0.01060	0.01170	0.00838	0.00419	0.00406	0.00087	0.00398	0.00336	0.00349	0.75888
2	0.00708	0.00517	0.00666	0.00675	0.00777	0.00474	0.00489	0.00903	0.01333	0.01841	0.50293	0.26436	0.10383	0.01268	0.00639	0.00181	0.00268	0.01128	0.00548	0.00474
3	0.00808	0.00577	0.00802	0.00924	0.01026	0.00571	0.00776	0.01020	0.01174	0.01533	0.02823	0.21788	0.03138	0.01502	0.00719	0.00237	0.00449	0.59172	0.00488	0.00475
4	0.01708	0.07816	0.01458	0.01149	0.01472	0.42347	0.00898	0.11772	0.05812	0.01721	0.01031	0.01140	0.00826	0.00544	0.00457	0.00131	0.00716	0.00376	0.06561	0.12065
5	0.01472	0.50069	0.02141	0.00979	0.01323	0.22000	0.00856	0.01610	0.01143	0.01227	0.00883	0.01230	0.00848	0.11465	0.00694	0.00173	0.00659	0.00364	0.00251	0.00613

[dist]
# distance from previous block
# <min> <max>
0	26

[block]
# block no. 2 follows, 46 sequences, length 49
# corresponding to MSA columns:
# 301-349
name=unknown_C
#
# <colnr> <probs for GDERKNQSTAVLIFYWHMCP>
#	G	D	E	R	K	N	Q	S	T	A	V	L	I	F	Y	W	H	M	C	P
0	0.01362	0.22124	0.34703	0.03218	0.04146	0.03742	0.10781	0.01765	0.01182	0.10702	0.01043	0.01176	0.00770	0.00502	0.00480	0.00154	0.00700	0.00412	0.00284	0.00753
1	0.01060	0.02735	0.78682	0.01507	0.02288	0.01228	0.01953	0.01674	0.01116	0.01674	0.00949	0.01116	0.00670	0.00502	0.00502	0.00167	0.00781	0.00391	0.00223	0.00781
2	0.00998	0.00940	0.01586	0.80150	0.03641	0.01175	0.01468	0.01351	0.01057	0.01351	0.00940	0.01409	0.00705	0.00529	0.00529	0.00176	0.00705	0.00470	0.00235	0.00587
3	0.00733	0.00565	0.00686	0.05397	0.00969	0.00544	0.00560	0.00948	0.04729	0.01484	0.03557	0.32279	0.30103	0.01340	0.00626	0.00194	0.00335	0.08349	0.06129	0.00474
4	0.05292	0.02496	0.01234	0.04733	0.01445	0.00986	0.00823	0.02478	0.23062	0.46098	0.01992	0.01904	0.01379	0.00681	0.00528	0.00170	0.00455	0.02834	0.00575	0.00837
5	0.01759	0.01030	0.01247	0.01056	0.01381	0.01053	0.00887	0.30269	0.01792	0.25775	0.01997	0.02898	0.01694	0.00899	0.00593	0.00187	0.00512	0.23647	0.00554	0.00770
6	0.00738	0.00533	0.00698	0.00672	0.00788	0.00492	0.00498	0.00972	0.01449	0.02045	0.70550	0.11457	0.04843	0.01137	0.00629	0.00171	0.00255	0.01009	0.00573	0.00492
7	0.01407	0.01689	0.28853	0.05409	0.14999	0.01165	0.06879	0.05674	0.08692	0.15359	0.03760	0.01488	0.01064	0.00567	0.00530	0.00167	0.00639	0.00493	0.00367	0.00800
8	0.53446	0.01103	0.01003	0.00843	0.01195	0.02937	0.00690	0.12070	0.04844	0.15775	0.01114	0.01134	0.00798	0.00551	0.00404	0.00163	0.00452	0.00371	0.00421	0.00688
9	0.00985	0.00493	0.00493	0.00493	0.00616	0.00493	0.00370	0.01232	0.01109	0.01971	0.01725	0.01971	0.01355	0.00616	0.00370	0.00123	0.00246	0.00493	0.84356	0.00493
10	0.01299	0.01247	0.02129	0.05525	0.75915	0.01254	0.01618	0.01614	0.01199	0.01716	0.00993	0.01311	0.00833	0.00473	0.00524	0.00158	0.00630	0.00471	0.00261	0.00830
11	0.00775	0.00510	0.00581	0.00581	0.00581	0.00510	0.00326	0.00766	0.00766	0.01021	0.01635	0.03385	0.01881	0.78198	0.02665	0.03919	0.00510	0.00756	0.00317	0.00317
12	0.00748	0.00540	0.00707	0.00665	0.00790	0.00499	0.00499	0.00998	0.01496	0.02120	0.77844	0.03949	0.04988	0.01081	0.00624	0.00166	0.00249	0.00956	0.00582	0.00499
13	0.01458	0.75439	0.02669	0.00941	0.01379	0.08232	0.00914	0.01625	0.01108	0.01248	0.00741	0.00856	0.00679	0.00460	0.00350	0.00115	0.00596	0.00287	0.00230	0.00673
14	0.01132	0.02370	0.62714	0.01472	0.02166	0.01159	0.07625	0.01683	0.01177	0.06322	0.06320	0.01377	0.01016	0.00547	0.00522	0.00168	0.00733	0.00456	0.00277	0.00764
15	0.00740	0.00540	0.00695	0.00656	0.00785	0.00495	0.00492	0.00981	0.01476	0.02072	0.72861	0.04027	0.10001	0.01099	0.00624	0.00167	0.00251	0.00967	0.00576	0.00495
16	0.00837	0.01333	0.29020	0.00955	0.01322	0.00752	0.01012	0.01192	0.01285	0.01807	0.34445	0.07581	0.14484	0.00943	0.00583	0.00171	0.00449	0.00807	0.00432	0.00589
17	0.01223	0.01165	0.10745	0.00897	0.01395	0.00796	0.00812	0.01541	0.03504	0.09205	0.01090	0.01194	0.00846	0.00441	0.00423	0.00101	0.00446	0.00353	0.00342	0.63482
18	0.19264	0.12019	0.01597	0.01183	0.01405	0.19670	0.03303	0.01624	0.01061	0.04050	0.00794	0.01035	0.00687	0.00658	0.00885	0.00175	0.29319	0.00380	0.00276	0.00613
19	0.00978	0.00543	0.00602	0.00576	0.00718	0.00530	0.00436	0.01258	0.03544	0.05101	0.22194	0.02584	0.04580	0.00766	0.00457	0.00140	0.00261	0.00640	0.53575	0.00520
20	0.01127	0.08805	0.01259	0.00795	0.01263	0.00840	0.00653	0.01356	0.01094	0.01676	0.00920	0.01072	0.00773	0.00397	0.00386	0.00082	0.00408	0.00310	0.00305	0.76478
21	0.00755	0.00566	0.00850	0.00850	0.00944	0.00661	0.00661	0.00944	0.00850	0.01227	0.01416	0.02077	0.01322	0.03965	0.79326	0.00850	0.01416	0.00566	0.00283	0.00472
22	0.00707	0.00751	0.08198	0.00672	0.00892	0.00539	0.00584	0.00925	0.01290	0.01675	0.28331	0.04333	0.46847	0.01174	0.00612	0.00173	0.00312	0.00994	0.00494	0.00496
23	0.00832	0.00594	0.00829	0.00950	0.01063	0.00591	0.00817	0.01060	0.01197	0.01559	0.02810	0.13275	0.03087	0.01479	0.00725	0.00241	0.00469	0.67453	0.00487	0.00481
24	0.01781	0.12732	0.01661	0.01279	0.03882	0.36667	0.00991	0.18772	0.13710	0.01903	0.01125	0.01183	0.00883	0.00578	0.00481	0.00146	0.00723	0.00408	0.00366	0.00728
25	0.04068	0.10274	0.35195	0.03675	0.10425	0.01255	0.01411	0.08103	0.01259	0.07834	0.01040	0.01174	0.00771	0.00504	0.00474	0.00149	0.00636	0.00396	0.00303	0.11055
26	0.09354	0.14882	0.53093	0.01290	0.01938	0.01333	0.01561	0.01692	0.02495	0.04789	0.00971	0.01110	0.00717	0.00569	0.01954	0.00171	0.00703	0.00376	0.00258	0.00745
27	0.00771	0.00556	0.00834	0.00834	0.00919	0.00641	0.00641	0.00919	0.00834	0.01197	0.01368	0.02031	0.01282	0.03758	0.71805	0.09004	0.01323	0.00556	0.00278	0.00448
28	0.00657	0.00481	0.00618	0.00702	0.00764	0.00441	0.00481	0.00777	0.01105	0.01470	0.14055	0.60957	0.12474	0.01536	0.00661	0.00203	0.00294	0.01378	0.00504	0.00441
29	0.01395	0.23870	0.08648	0.05251	0.10892	0.12162	0.11884	0.01729	0.05189	0.05952	0.01176	0.07419	0.01021	0.00594	0.00492	0.00153	0.00664	0.00506	0.00305	0.00699
30	0.01013	0.00870	0.01314	0.22136	0.11497	0.01029	0.01050	0.01334	0.08366	0.01398	0.01218	0.01789	0.01077	0.03955	0.18928	0.08716	0.10746	0.02708	0.00288	0.00569
31	0.00749	0.00556	0.00713	0.00756	0.00882	0.00521	0.00605	0.00956	0.01285	0.01700	0.27587	0.12435	0.19913	0.01331	0.00668	0.00202	0.00345	0.27802	0.00519	0.00476
32	0.00663	0.00527	0.00580	0.00611	0.00741	0.00465	0.00447	0.00786	0.01128	0.01386	0.04342	0.17393	0.51152	0.09888	0.00861	0.00226	0.00319	0.07577	0.00472	0.00434
33	0.01343	0.08472	0.22985	0.02147	0.32360	0.03556	0.07086	0.11152	0.01344	0.01857	0.01063	0.01270	0.01969	0.00512	0.00511	0.00158	0.00682	0.00452	0.00287	0.00795
34	0.01274	0.01565	0.17418	0.02552	0.50503	0.02998	0.01567	0.01808	0.11722	0.01774	0.01142	0.01354	0.00908	0.00513	0.00520	0.00162	0.00637	0.00469	0.00292	0.00821
35	0.00996	0.00915	0.01323	0.01251	0.04830	0.01202	0.00972	0.01152	0.00845	0.01275	0.01010	0.01548	0.00963	0.02173	0.34070	0.00486	0.43684	0.00506	0.00254	0.00546
36	0.03667	0.06026	0.01749	0.38435	0.21072	0.17361	0.01356	0.01593	0.01180	0.01453	0.00910	0.01243	0.00727	0.00512	0.00500	0.00159	0.00721	0.00427	0.00251	0.00658
37	0.00666	0.00527	0.00599	0.00602	0.00745	0.00461	0.00444	0.00831	0.01271	0.01635	0.27766	0.14642	0.45339	0.01299	0.00631	0.00179	0.00267	0.01116	0.00519	0.00461
38	0.01413	0.81739	0.02770	0.00905	0.01357	0.02092	0.00905	0.01583	0.01074	0.01244	0.00735	0.00848	0.00678	0.00452	0.00339	0.00113	0.00565	0.00283	0.00226	0.00678
39	0.00754	0.00546	0.00758	0.00764	0.00828	0.00606	0.00553	0.00883	0.00834	0.01174	0.01561	0.06236	0.01601	0.26619	0.53067	0.00720	0.01098	0.00670	0.00304	0.00425
40	0.00704	0.00539	0.00645	0.00618	0.00762	0.00480	0.00464	0.00911	0.01391	0.01870	0.51607	0.04361	0.31381	0.01174	0.00624	0.00171	0.00256	0.01014	0.00549	0.00480
41	0.00883	0.00574	0.00725	0.00668	0.00830	0.00516	0.00508	0.01106	0.01443	0.09424	0.56864	0.03953	0.18317	0.01088	0.00615	0.00168	0.00272	0.00945	0.00572	0.00528
42	0.01157	0.01157	0.01619	0.01388	0.01388	0.01619	0.01157	0.01272	0.00810	0.01272	0.00694	0.01157	0.00694	0.00925	0.01735	0.00231	0.80453	0.00463	0.00231	0.00578
43	0.85155	0.01022	0.00777	0.00695	0.01022	0.01186	0.00573	0.01554	0.00900	0.02372	0.00736	0.00859	0.00573	0.00491	0.00327	0.00164	0.00409	0.00286	0.00327	0.00573
44	0.01442	0.77945	0.02714	0.00919	0.01370	0.02070	0.00909	0.05118	0.01141	0.01342	0.00760	0.00868	0.00689	0.00461	0.00348	0.00115	0.00566	0.00292	0.00240	0.00689
45	0.01413	0.81739	0.02770	0.00905	0.01357	0.02092	0.00905	0.01583	0.01074	0.01244	0.00735	0.00848	0.00678	0.00452	0.00339	0.00113	0.00565	0.00283	0.00226	0.00678
46	0.01138	0.00938	0.01101	0.00788	0.01256	0.00707	0.00631	0.01372	0.01110	0.04238	0.00977	0.01119	0.00800	0.00400	0.00396	0.00081	0.00393	0.00320	0.00324	0.81908
47	0.00985	0.00493	0.00493	0.00493	0.00616	0.00493	0.00370	0.01232	0.01109	0.01971	0.01725	0.01971	0.01355	0.00616	0.00370	0.00123	0.00246	0.00493	0.84356	0.00493
48	0.00639	0.00535	0.00547	0.00545	0.00712	0.00452	0.00403	0.00773	0.01201	0.01449	0.09320	0.04946	0.70153	0.05110	0.00722	0.00194	0.00278	0.01090	0.00488	0.00443

[dist]
# distance from previous block
# <min> <max>
0	1

[block]
# block no. 3 follows, 46 sequences, length 47
# corresponding to MSA columns:
# 351-397
name=unknown_D
#
# <colnr> <probs for GDERKNQSTAVLIFYWHMCP>
#	G	D	E	R	K	N	Q	S	T	A	V	L	I	F	Y	W	H	M	C	P
0	0.00883	0.00570	0.00750	0.00688	0.00836	0.00522	0.00522	0.01129	0.01498	0.08476	0.71539	0.03770	0.04682	0.01045	0.00616	0.00166	0.00266	0.00921	0.00588	0.00532
1	0.01465	0.74518	0.02654	0.00946	0.01382	0.09130	0.00915	0.01631	0.01113	0.01248	0.00742	0.00858	0.00679	0.00461	0.00352	0.00115	0.00601	0.00288	0.00230	0.00672
2	0.85155	0.01022	0.00777	0.00695	0.01022	0.01186	0.00573	0.01554	0.00900	0.02372	0.00736	0.00859	0.00573	0.00491	0.00327	0.00164	0.00409	0.00286	0.00327	0.00573
3	0.01248	0.01263	0.05090	0.15809	0.62880	0.01242	0.01610	0.01580	0.01176	0.01663	0.00984	0.01317	0.00809	0.00482	0.00523	0.00161	0.00647	0.00468	0.00256	0.00794
4	0.01413	0.81739	0.02770	0.00905	0.01357	0.02092	0.00905	0.01583	0.01074	0.01244	0.00735	0.00848	0.00678	0.00452	0.00339	0.00113	0.00565	0.00283	0.00226	0.00678
5	0.00883	0.00570	0.00750	0.00688	0.00836	0.00522	0.00522	0.01129	0.01498	0.08476	0.71539	0.03770	0.04682	0.01045	0.00616	0.00166	0.00266	0.00921	0.00588	0.00532
6	0.00755	0.00566	0.00850	0.00850	0.00944	0.00661	0.00661	0.00944	0.00850	0.01227	0.01416	0.02077	0.01322	0.03965	0.79326	0.00850	0.01416	0.00566	0.00283	0.00472
7	0.01362	0.08928	0.56262	0.01339	0.02015	0.01206	0.01621	0.01854	0.01195	0.17608	0.01167	0.01236	0.00803	0.00530	0.00495	0.00162	0.00694	0.00411	0.00313	0.00797
8	0.01652	0.03727	0.03702	0.01066	0.01415	0.01256	0.00887	0.33299	0.16038	0.13741	0.06405	0.04587	0.01465	0.00985	0.07093	0.00222	0.00576	0.00573	0.00512	0.00799
9	0.02220	0.00904	0.01211	0.00922	0.01338	0.00768	0.00759	0.02428	0.01463	0.69320	0.01949	0.01715	0.01246	0.00623	0.00515	0.00153	0.00443	0.00506	0.00614	0.10904
10	0.01284	0.01324	0.02533	0.02840	0.48141	0.01288	0.31294	0.01651	0.01221	0.01714	0.01024	0.01355	0.00823	0.00461	0.00563	0.00165	0.00733	0.00532	0.00264	0.00788
11	0.01389	0.01362	0.13731	0.21469	0.31131	0.01170	0.03171	0.04426	0.01251	0.14067	0.01162	0.01384	0.00856	0.00525	0.00525	0.00165	0.00646	0.00472	0.00322	0.00776
12	0.01180	0.00754	0.01073	0.15869	0.01577	0.00766	0.02988	0.03703	0.04243	0.17450	0.02459	0.24511	0.09476	0.01076	0.00609	0.00193	0.00461	0.10537	0.00472	0.00604
13	0.85155	0.01022	0.00777	0.00695	0.01022	0.01186	0.00573	0.01554	0.00900	0.02372	0.00736	0.00859	0.00573	0.00491	0.00327	0.00164	0.00409	0.00286	0.00327	0.00573
14	0.01204	0.01137	0.01912	0.14135	0.59186	0.01166	0.01489	0.01513	0.01196	0.01677	0.04623	0.01695	0.03498	0.00563	0.00538	0.00163	0.00607	0.02652	0.00286	0.00763
15	0.00758	0.00554	0.00788	0.00788	0.00861	0.00627	0.00584	0.00904	0.00831	0.01181	0.01473	0.02390	0.01458	0.21510	0.61967	0.00773	0.01211	0.00612	0.00292	0.00438
16	0.01032	0.01000	0.01733	0.67605	0.03410	0.01219	0.08527	0.01378	0.01059	0.01378	0.00936	0.01394	0.00713	0.00547	0.00617	0.00180	0.05951	0.00484	0.00238	0.00599
17	0.03777	0.01185	0.01274	0.01100	0.01420	0.01334	0.00888	0.27450	0.40487	0.02518	0.01894	0.02195	0.01519	0.00774	0.00553	0.00180	0.00482	0.09639	0.00523	0.00808
18	0.00637	0.00534	0.00539	0.00539	0.00703	0.00452	0.00395	0.00760	0.01169	0.01395	0.05048	0.04952	0.71585	0.08004	0.00797	0.00206	0.00288	0.01087	0.00477	0.00436
19	0.01114	0.00966	0.01184	0.00988	0.07650	0.00751	0.00709	0.01355	0.01105	0.01723	0.00944	0.01114	0.00788	0.00398	0.00402	0.00085	0.00411	0.00326	0.00309	0.77677
20	0.00998	0.00940	0.01586	0.80150	0.03641	0.01175	0.01468	0.01351	0.01057	0.01351	0.00940	0.01409	0.00705	0.00529	0.00529	0.00176	0.00705	0.00470	0.00235	0.00587
21	0.01315	0.01136	0.01195	0.01076	0.01375	0.01315	0.00837	0.02809	0.77168	0.02211	0.02152	0.01972	0.01614	0.00717	0.00538	0.00179	0.00418	0.00598	0.00538	0.00837
22	0.01081	0.07429	0.74171	0.01471	0.02233	0.01279	0.01891	0.01669	0.01114	0.01649	0.00936	0.01100	0.00670	0.00499	0.00493	0.00164	0.00768	0.00384	0.00223	0.00775
23	0.85155	0.01022	0.00777	0.00695	0.01022	0.01186	0.00573	0.01554	0.00900	0.02372	0.00736	0.00859	0.00573	0.00491	0.00327	0.00164	0.00409	0.00286	0.00327	0.00573
24	0.00740	0.00540	0.00695	0.00657	0.00785	0.00495	0.00492	0.00982	0.01477	0.02075	0.73092	0.04024	0.09769	0.01098	0.00624	0.00167	0.00251	0.00967	0.00576	0.00495
25	0.02010	0.01481	0.01587	0.01216	0.01639	0.01639	0.01005	0.76360	0.02486	0.03332	0.01269	0.01269	0.00899	0.00635	0.00529	0.00159	0.00582	0.00476	0.00529	0.00899
26	0.01315	0.01136	0.01195	0.01076	0.01375	0.01315	0.00837	0.02809	0.77168	0.02211	0.02152	0.01972	0.01614	0.00717	0.00538	0.00179	0.00418	0.00598	0.00538	0.00837
27	0.01594	0.01274	0.01352	0.01132	0.01481	0.01445	0.00904	0.32326	0.47197	0.02661	0.01798	0.01690	0.01327	0.00684	0.00534	0.00171	0.00484	0.00549	0.00534	0.00862
28	0.01413	0.81739	0.02770	0.00905	0.01357	0.02092	0.00905	0.01583	0.01074	0.01244	0.00735	0.00848	0.00678	0.00452	0.00339	0.00113	0.00565	0.00283	0.00226	0.00678
29	0.00628	0.00523	0.00549	0.00569	0.00723	0.00443	0.00417	0.00755	0.01172	0.01415	0.04943	0.17936	0.65327	0.01393	0.00633	0.00185	0.00274	0.01181	0.00491	0.00443
30	0.00702	0.00505	0.00665	0.00697	0.00780	0.00468	0.00495	0.00882	0.01282	0.01778	0.44620	0.38147	0.04327	0.01336	0.00646	0.00188	0.00275	0.01199	0.00542	0.00468
31	0.85155	0.01022	0.00777	0.00695	0.01022	0.01186	0.00573	0.01554	0.00900	0.02372	0.00736	0.00859	0.00573	0.00491	0.00327	0.00164	0.00409	0.00286	0.00327	0.00573
32	0.00998	0.00940	0.01586	0.80150	0.03641	0.01175	0.01468	0.01351	0.01057	0.01351	0.00940	0.01409	0.00705	0.00529	0.00529	0.00176	0.00705	0.00470	0.00235	0.00587
33	0.00836	0.00601	0.00830	0.00936	0.01060	0.00595	0.00811	0.01076	0.01235	0.01611	0.07821	0.05796	0.06140	0.01431	0.00719	0.00236	0.00463	0.66825	0.00493	0.00486
34	0.00644	0.00460	0.00613	0.00736	0.00767	0.00429	0.00491	0.00736	0.01012	0.01350	0.02914	0.81076	0.03497	0.01656	0.00675	0.00215	0.00307	0.01503	0.00491	0.00429
35	0.00761	0.00556	0.00701	0.00738	0.00831	0.00534	0.00525	0.05766	0.01235	0.01667	0.20984	0.48786	0.09497	0.01498	0.03129	0.00217	0.00343	0.01244	0.00509	0.00480
36	0.00824	0.00634	0.00950	0.09434	0.01334	0.00646	0.03762	0.01047	0.01160	0.01525	0.05928	0.24943	0.02911	0.01355	0.00685	0.00223	0.00468	0.41224	0.00456	0.00492
37	0.01567	0.01426	0.01420	0.01216	0.01471	0.14244	0.00971	0.16787	0.29526	0.05194	0.01424	0.01473	0.01098	0.00718	0.00799	0.00179	0.18806	0.00498	0.00427	0.00756
38	0.01199	0.01156	0.01990	0.29235	0.45505	0.01236	0.06435	0.01572	0.03509	0.01612	0.01017	0.01371	0.00814	0.00497	0.00532	0.00166	0.00665	0.00485	0.00262	0.00744
39	0.01433	0.13334	0.23436	0.07709	0.05014	0.09797	0.01278	0.09383	0.15454	0.06307	0.01227	0.01306	0.00918	0.00563	0.00490	0.00158	0.00650	0.00435	0.00346	0.00764
40	0.01201	0.01215	0.01627	0.01484	0.06424	0.05042	0.01159	0.01335	0.00878	0.01322	0.00729	0.01155	0.00706	0.00857	0.01544	0.00216	0.68372	0.00452	0.00239	0.04044
41	0.01212	0.01113	0.01534	0.01318	0.01356	0.01504	0.01090	0.04374	0.00923	0.04825	0.00926	0.06430	0.00914	0.00949	0.01562	0.00224	0.68336	0.00534	0.00279	0.00596
42	0.01078	0.04602	0.03731	0.10265	0.10460	0.02495	0.03652	0.06205	0.13514	0.01724	0.02344	0.09612	0.15895	0.00973	0.02711	0.00195	0.00520	0.06382	0.03003	0.00637
43	0.02897	0.01118	0.06148	0.19791	0.06080	0.01265	0.02611	0.01467	0.06348	0.04927	0.03471	0.04577	0.01071	0.00935	0.05236	0.00232	0.30363	0.00534	0.00300	0.00628
44	0.11004	0.26749	0.18945	0.11689	0.01863	0.03621	0.01176	0.08048	0.03978	0.06915	0.01000	0.01128	0.00763	0.00519	0.00439	0.00150	0.00613	0.00378	0.00305	0.00715
45	0.20244	0.01243	0.06672	0.03865	0.06113	0.02870	0.06317	0.08905	0.11342	0.06554	0.01253	0.06085	0.01033	0.00666	0.00649	0.00174	0.10997	0.00508	0.00371	0.04140
46	0.14262	0.07704	0.06270	0.03969	0.01278	0.01036	0.03754	0.08093	0.03247	0.06412	0.10042	0.04425	0.01607	0.15450	0.07515	0.00285	0.03100	0.00583	0.00376	0.00591

[dist]
# distance from previous block
# <min> <max>
1	60

[block]
# block no. 4 follows, 46 sequences, length 24
# corresponding to MSA columns:
# 462-485
name=unknown_E
#
# <colnr> <probs for GDERKNQSTAVLIFYWHMCP>
#	G	D	E	R	K	N	Q	S	T	A	V	L	I	F	Y	W	H	M	C	P
0	0.05176	0.01343	0.12496	0.01589	0.16390	0.01092	0.08442	0.08435	0.05059	0.18685	0.01354	0.01530	0.01009	0.00561	0.00513	0.00155	0.00575	0.02855	0.00397	0.12342
1	0.04193	0.00760	0.01087	0.02538	0.01228	0.00690	0.07007	0.01509	0.01239	0.25738	0.06867	0.22481	0.09058	0.01022	0.00624	0.02488	0.00424	0.04120	0.00498	0.06428
2	0.00924	0.00869	0.04248	0.01213	0.08546	0.00825	0.08452	0.01345	0.14547	0.01566	0.02302	0.34111	0.06832	0.05891	0.04347	0.00242	0.01755	0.00984	0.00420	0.00583
3	0.20546	0.05389	0.12947	0.12685	0.01878	0.02210	0.10344	0.04805	0.01128	0.04029	0.00996	0.01265	0.00784	0.03345	0.02386	0.00180	0.00613	0.00417	0.01847	0.12205
4	0.01249	0.00997	0.01662	0.42166	0.02712	0.01089	0.12576	0.03853	0.03902	0.12168	0.06451	0.01655	0.01149	0.00639	0.02009	0.00182	0.00654	0.00535	0.00345	0.04007
5	0.01299	0.12218	0.01807	0.11596	0.01893	0.01239	0.13552	0.13839	0.04215	0.01869	0.01050	0.01255	0.00831	0.00605	0.03251	0.00157	0.00609	0.00428	0.00326	0.27956
6	0.01712	0.01261	0.01463	0.12689	0.01801	0.01409	0.00998	0.54981	0.02029	0.02710	0.01173	0.01336	0.00873	0.00784	0.00740	0.11778	0.00583	0.00473	0.00445	0.00761
7	0.01401	0.01146	0.01929	0.18087	0.49993	0.01172	0.03618	0.01710	0.01221	0.12879	0.01145	0.01404	0.00879	0.00508	0.00528	0.00162	0.00625	0.00484	0.00314	0.00793
8	0.00769	0.00513	0.00577	0.00577	0.00577	0.00513	0.00320	0.00769	0.00769	0.01025	0.01666	0.03460	0.01922	0.81421	0.02691	0.00513	0.00513	0.00769	0.00320	0.00320
9	0.00673	0.00480	0.00646	0.00769	0.00812	0.00454	0.00540	0.00786	0.01040	0.01382	0.02898	0.70745	0.03434	0.01629	0.00682	0.00219	0.00331	0.11552	0.00490	0.00437
10	0.01386	0.01159	0.01239	0.01056	0.01397	0.01278	0.00832	0.13364	0.55782	0.02308	0.01856	0.01749	0.01395	0.00660	0.00516	0.00162	0.00439	0.00541	0.00506	0.12374
11	0.01315	0.01136	0.01195	0.01076	0.01375	0.01315	0.00837	0.02809	0.77168	0.02211	0.02152	0.01972	0.01614	0.00717	0.00538	0.00179	0.00418	0.00598	0.00538	0.00837
12	0.01933	0.01761	0.01523	0.01247	0.01613	0.25001	0.00994	0.47037	0.09253	0.02612	0.01217	0.01241	0.00901	0.00615	0.00514	0.00154	0.00678	0.00447	0.00452	0.00807
13	0.01013	0.00950	0.01483	0.68141	0.03246	0.04056	0.01351	0.01320	0.01063	0.01339	0.01076	0.04728	0.00903	0.00658	0.00600	0.03534	0.00681	0.03038	0.00255	0.00564
14	0.00844	0.00634	0.00921	0.11832	0.01401	0.00662	0.00888	0.01082	0.01167	0.01519	0.02559	0.15434	0.02782	0.01359	0.00695	0.00230	0.00493	0.54552	0.00453	0.00493
15	0.00778	0.00673	0.00738	0.00792	0.00861	0.06129	0.00559	0.00879	0.01055	0.01342	0.02951	0.54629	0.15021	0.04045	0.00797	0.00214	0.06380	0.01256	0.00450	0.00453
16	0.01309	0.01020	0.01646	0.43477	0.05766	0.01135	0.09067	0.09691	0.01298	0.12227	0.01297	0.07437	0.01034	0.00631	0.00550	0.00175	0.00643	0.00573	0.00348	0.00675
17	0.00851	0.00753	0.01013	0.00964	0.01094	0.06491	0.10933	0.01007	0.01095	0.01439	0.02502	0.55870	0.05311	0.01321	0.00629	0.00196	0.00430	0.01210	0.06403	0.00487
18	0.00769	0.00513	0.00577	0.00577	0.00577	0.00513	0.00320	0.00769	0.00769	0.01025	0.01666	0.03460	0.01922	0.81421	0.02691	0.00513	0.00513	0.00769	0.00320	0.00320
19	0.02112	0.01316	0.01484	0.01138	0.01557	0.01395	0.00940	0.55420	0.02210	0.24662	0.01501	0.01420	0.01015	0.00640	0.00530	0.00160	0.00544	0.00492	0.00564	0.00899
20	0.01528	0.01084	0.13783	0.06565	0.01467	0.00789	0.00914	0.01806	0.01355	0.35267	0.20941	0.02328	0.02137	0.06802	0.00712	0.00192	0.00476	0.00629	0.00510	0.00713
21	0.65009	0.03409	0.00999	0.00824	0.01164	0.07301	0.00676	0.11887	0.01169	0.02390	0.00816	0.00922	0.00629	0.00514	0.00367	0.00159	0.00479	0.00316	0.00348	0.00623
22	0.01365	0.01429	0.01218	0.11939	0.01597	0.30804	0.00901	0.01667	0.06780	0.04272	0.24229	0.02236	0.02168	0.00771	0.00585	0.00162	0.03197	0.03685	0.00400	0.00594
23	0.07516	0.01276	0.07419	0.15844	0.24129	0.01299	0.08767	0.01719	0.12941	0.01718	0.01111	0.01374	0.00881	0.00580	0.00679	0.00177	0.11064	0.00485	0.00299	0.00723

[dist]
# distance from previous block
# <min> <max>
0	3

[block]
# block no. 5 follows, 46 sequences, length 11
# corresponding to MSA columns:
# 489-499
name=unknown_F
#
# <colnr> <probs for GDERKNQSTAVLIFYWHMCP>
#	G	D	E	R	K	N	Q	S	T	A	V	L	I	F	Y	W	H	M	C	P
0	0.01096	0.00940	0.01096	0.00783	0.01253	0.00705	0.00626	0.01331	0.01096	0.01723	0.00940	0.01096	0.00783	0.00392	0.00392	0.00078	0.00392	0.00313	0.00313	0.84653
1	0.03219	0.04090	0.07723	0.11489	0.14950	0.01145	0.12335	0.04941	0.08687	0.14227	0.01401	0.06497	0.01112	0.00608	0.00532	0.00165	0.00597	0.00556	0.00376	0.05350
2	0.01277	0.01282	0.11578	0.07874	0.29111	0.01013	0.01234	0.01595	0.01172	0.08715	0.01065	0.01263	0.00830	0.00469	0.00476	0.00133	0.00556	0.00412	0.00308	0.29636
3	0.33628	0.08295	0.01262	0.00962	0.01276	0.04233	0.00790	0.09936	0.21872	0.04498	0.01219	0.01261	0.00936	0.00607	0.00534	0.00167	0.07010	0.00415	0.00397	0.00701
4	0.01596	0.30571	0.04563	0.01044	0.01434	0.01306	0.05631	0.04367	0.01297	0.25130	0.01598	0.02196	0.01347	0.00718	0.00504	0.00162	0.00543	0.14847	0.00421	0.00722
5	0.01191	0.01083	0.01829	0.41869	0.28207	0.01210	0.05569	0.01559	0.03556	0.04949	0.01047	0.01405	0.00810	0.00528	0.00568	0.00171	0.02991	0.00485	0.00274	0.00699
6	0.00710	0.00539	0.00653	0.00624	0.00766	0.00482	0.00468	0.00923	0.01405	0.01903	0.55131	0.04306	0.27836	0.01162	0.00624	0.00170	0.00255	0.01006	0.00553	0.00482
7	0.00726	0.00539	0.00675	0.00641	0.00776	0.00489	0.00481	0.00954	0.01443	0.01994	0.64595	0.04157	0.18316	0.01128	0.00624	0.00169	0.00253	0.00985	0.00565	0.00489
8	0.00755	0.00566	0.00850	0.00850	0.00944	0.00661	0.00661	0.00944	0.00850	0.01227	0.01416	0.02077	0.01322	0.03965	0.79326	0.00850	0.01416	0.00566	0.00283	0.00472
9	0.00737	0.00558	0.00624	0.00617	0.00790	0.00484	0.00478	0.00905	0.01270	0.04579	0.17771	0.04844	0.54665	0.01279	0.00631	0.00182	0.00293	0.08301	0.00513	0.00477
10	0.01525	0.72308	0.02590	0.00909	0.01356	0.01938	0.00890	0.01699	0.01125	0.10256	0.00893	0.00959	0.00752	0.00476	0.00362	0.00119	0.00552	0.00312	0.00276	0.00704

[dist]
# distance from previous block
# <min> <max>
0	45

[block]
# block no. 6 follows, 46 sequences, length 18
# corresponding to MSA columns:
# 545-562
name=unknown_G
#
# <colnr> <probs for GDERKNQSTAVLIFYWHMCP>
#	G	D	E	R	K	N	Q	S	T	A	V	L	I	F	Y	W	H	M	C	P
0	0.85155	0.01022	0.00777	0.00695	0.01022	0.01186	0.00573	0.01554	0.00900	0.02372	0.00736	0.00859	0.00573	0.00491	0.00327	0.00164	0.00409	0.00286	0.00327	0.00573
1	0.02205	0.06845	0.01401	0.00991	0.01402	0.01041	0.00828	0.15499	0.04117	0.57199	0.01847	0.01643	0.01201	0.00638	0.00517	0.00160	0.00480	0.00506	0.00598	0.00882
2	0.00853	0.00485	0.00656	0.00656	0.00662	0.00491	0.00419	0.00734	0.00728	0.00976	0.01226	0.02324	0.01315	0.31560	0.06855	0.48399	0.00535	0.00581	0.00266	0.00278
3	0.01413	0.81739	0.02770	0.00905	0.01357	0.02092	0.00905	0.01583	0.01074	0.01244	0.00735	0.00848	0.00678	0.00452	0.00339	0.00113	0.00565	0.00283	0.00226	0.00678
4	0.00816	0.00583	0.00811	0.00933	0.01039	0.00578	0.00790	0.01034	0.01182	0.01542	0.02819	0.18822	0.03120	0.01494	0.00721	0.00238	0.00456	0.62058	0.00487	0.00477
5	0.00769	0.00513	0.00577	0.00577	0.00577	0.00513	0.00320	0.00769	0.00769	0.01025	0.01666	0.03460	0.01922	0.81421	0.02691	0.00513	0.00513	0.00769	0.00320	0.00320
6	0.01157	0.01157	0.01619	0.01388	0.01388	0.01619	0.01157	0.01272	0.00810	0.01272	0.00694	0.01157	0.00694	0.00925	0.01735	0.00231	0.80453	0.00463	0.00231	0.00578
7	0.01779	0.00857	0.01086	0.00847	0.01221	0.00734	0.00691	0.03827	0.01361	0.43047	0.01747	0.01797	0.01239	0.00613	0.00481	0.00139	0.00412	0.03501	0.11970	0.22652
8	0.79179	0.01014	0.00809	0.00713	0.01046	0.01156	0.00587	0.01628	0.00944	0.07867	0.00834	0.00927	0.00626	0.00503	0.00342	0.00164	0.00412	0.00304	0.00351	0.00596
9	0.01157	0.01157	0.01619	0.01388	0.01388	0.01619	0.01157	0.01272	0.00810	0.01272	0.00694	0.01157	0.00694	0.00925	0.01735	0.00231	0.80453	0.00463	0.00231	0.00578
10	0.00855	0.00566	0.00727	0.00672	0.00823	0.00514	0.00509	0.01089	0.01467	0.07678	0.64649	0.03910	0.12372	0.01076	0.00617	0.00167	0.00266	0.00942	0.00578	0.00523
11	0.01681	0.13533	0.25348	0.01290	0.06867	0.01226	0.01233	0.07056	0.04888	0.29613	0.01410	0.01387	0.00973	0.00567	0.00494	0.00157	0.00588	0.00447	0.00418	0.00823
12	0.00797	0.00602	0.00655	0.00644	0.00804	0.00559	0.00478	0.01040	0.07792	0.04463	0.05637	0.06224	0.46984	0.14520	0.00964	0.00239	0.00345	0.06298	0.00475	0.00481
13	0.00656	0.00469	0.00627	0.00750	0.00786	0.00440	0.00512	0.00757	0.01024	0.01363	0.02907	0.76646	0.03470	0.01645	0.00678	0.00216	0.00317	0.05812	0.00491	0.00433
14	0.01211	0.01275	0.06183	0.22323	0.46887	0.01243	0.10041	0.01565	0.01167	0.01626	0.00987	0.01337	0.00791	0.00484	0.00535	0.00165	0.00685	0.00484	0.00254	0.00758
15	0.01333	0.00960	0.07345	0.06948	0.12853	0.00810	0.03541	0.01580	0.01236	0.23239	0.05852	0.22951	0.01957	0.00912	0.00575	0.00179	0.00482	0.03202	0.03368	0.00679
16	0.02239	0.00871	0.01178	0.00913	0.01302	0.00753	0.00751	0.02442	0.01498	0.72484	0.04640	0.02020	0.04987	0.00700	0.00539	0.00164	0.00435	0.00572	0.00644	0.00866
17	0.01197	0.01143	0.01945	0.30832	0.51405	0.01227	0.01567	0.01525	0.01151	0.01592	0.00975	0.01345	0.00790	0.00492	0.00525	0.00164	0.00656	0.00471	0.00252	0.00748

[dist]
# distance from previous block
# <min> <max>
0	7

[block]
# block no. 7 follows, 46 sequences, length 21
# corresponding to MSA columns:
# 570-590
name=unknown_H
#
# <colnr> <probs for GDERKNQSTAVLIFYWHMCP>
#	G	D	E	R	K	N	Q	S	T	A	V	L	I	F	Y	W	H	M	C	P
0	0.05355	0.05105	0.21584	0.03338	0.12902	0.01123	0.11441	0.03193	0.01288	0.22258	0.06182	0.01535	0.01160	0.00568	0.00523	0.00164	0.00619	0.00501	0.00384	0.00777
1	0.01064	0.01168	0.10076	0.23260	0.03726	0.01098	0.17116	0.01370	0.01073	0.04075	0.01343	0.12054	0.01262	0.06046	0.00859	0.00211	0.10313	0.02976	0.00302	0.00608
2	0.79776	0.01017	0.00797	0.00701	0.01037	0.01155	0.00576	0.01540	0.00912	0.02330	0.00749	0.00874	0.00586	0.00484	0.00331	0.00158	0.00408	0.00288	0.00326	0.05953
3	0.01457	0.58233	0.02340	0.00950	0.01366	0.01864	0.00889	0.13312	0.06774	0.01695	0.05855	0.01193	0.01056	0.00540	0.00401	0.00128	0.00537	0.00379	0.00319	0.00713
4	0.00759	0.00553	0.00782	0.00782	0.00852	0.00624	0.00576	0.00900	0.00829	0.01177	0.01478	0.02422	0.01471	0.23279	0.60217	0.00766	0.01191	0.00617	0.00292	0.00434
5	0.00657	0.00470	0.00625	0.00728	0.00770	0.00438	0.00492	0.00768	0.01071	0.01443	0.11973	0.71751	0.03677	0.01587	0.00669	0.00209	0.00300	0.01437	0.00502	0.00438
6	0.00644	0.00524	0.00570	0.00583	0.00732	0.00450	0.00428	0.00786	0.01213	0.01505	0.14295	0.16722	0.56998	0.01355	0.00632	0.00183	0.00271	0.01155	0.00503	0.00450
7	0.00944	0.00584	0.00769	0.00698	0.00857	0.00532	0.00532	0.01188	0.01498	0.11334	0.68704	0.03690	0.04544	0.01029	0.00612	0.00166	0.00274	0.00905	0.00591	0.00547
8	0.85155	0.01022	0.00777	0.00695	0.01022	0.01186	0.00573	0.01554	0.00900	0.02372	0.00736	0.00859	0.00573	0.00491	0.00327	0.00164	0.00409	0.00286	0.00327	0.00573
9	0.00725	0.00539	0.00674	0.00640	0.00775	0.00489	0.00480	0.00952	0.01441	0.01988	0.64022	0.04166	0.18892	0.01130	0.00624	0.00169	0.00253	0.00987	0.00565	0.00489
10	0.01108	0.01085	0.01526	0.01323	0.01334	0.01503	0.01097	0.01233	0.00814	0.01267	0.00781	0.01268	0.00770	0.01293	0.11116	0.00306	0.70897	0.00475	0.00238	0.00565
11	0.23276	0.11462	0.01462	0.01088	0.01426	0.33861	0.00874	0.12455	0.01434	0.06828	0.00932	0.01016	0.00724	0.00540	0.00433	0.00145	0.00682	0.00351	0.00342	0.00669
12	0.01413	0.81739	0.02770	0.00905	0.01357	0.02092	0.00905	0.01583	0.01074	0.01244	0.00735	0.00848	0.00678	0.00452	0.00339	0.00113	0.00565	0.00283	0.00226	0.00678
13	0.04621	0.04136	0.14279	0.01203	0.03412	0.01116	0.05847	0.15747	0.03327	0.34947	0.04886	0.01588	0.01206	0.00616	0.00523	0.00163	0.00554	0.00506	0.00494	0.00829
14	0.00893	0.00695	0.00803	0.00754	0.00929	0.00710	0.00571	0.01459	0.21912	0.02018	0.41330	0.06626	0.13104	0.01016	0.00590	0.00171	0.00300	0.00879	0.04658	0.00581
15	0.00748	0.00540	0.00707	0.00665	0.00790	0.00499	0.00499	0.00998	0.01496	0.02120	0.77844	0.03949	0.04988	0.01081	0.00624	0.00166	0.00249	0.00956	0.00582	0.00499
16	0.01914	0.02201	0.01487	0.01325	0.01577	0.62436	0.01015	0.02054	0.01416	0.08636	0.00923	0.01058	0.00742	0.00601	0.00634	0.00150	0.10517	0.00373	0.00304	0.00636
17	0.01635	0.01134	0.03505	0.10595	0.31931	0.01096	0.03589	0.05444	0.04779	0.26910	0.03128	0.01566	0.01103	0.00570	0.00532	0.00163	0.00570	0.00510	0.00419	0.00820
18	0.01046	0.01065	0.03413	0.15967	0.04208	0.03016	0.10190	0.01271	0.01033	0.01440	0.07010	0.12380	0.03398	0.00882	0.01025	0.00200	0.30893	0.00674	0.00306	0.00580
19	0.01054	0.01020	0.01734	0.60498	0.07596	0.01245	0.06905	0.01382	0.01050	0.01388	0.00923	0.01374	0.00718	0.00567	0.00681	0.00182	0.10356	0.00480	0.00238	0.00610
20	0.79731	0.01017	0.00829	0.05816	0.01191	0.01185	0.00630	0.01541	0.00910	0.02306	0.00749	0.00894	0.00581	0.00493	0.00340	0.00164	0.00428	0.00298	0.00321	0.00573

[dist]
# distance from previous block
# <min> <max>
0	2

[block]
# block no. 8 follows, 46 sequences, length 51
# corresponding to MSA columns:
# 593-629,643-656
name=unknown_I
#
# <colnr> <probs for GDERKNQSTAVLIFYWHMCP>
#	G	D	E	R	K	N	Q	S	T	A	V	L	I	F	Y	W	H	M	C	P
0	0.13404	0.06246	0.01082	0.00967	0.03774	0.00931	0.02265	0.13798	0.01292	0.01898	0.02015	0.33154	0.02166	0.01108	0.00569	0.00190	0.00432	0.11285	0.02847	0.00576
1	0.09426	0.02203	0.01422	0.01275	0.01547	0.62829	0.00972	0.02047	0.01408	0.06577	0.00888	0.01013	0.00714	0.00568	0.00535	0.00146	0.05149	0.00355	0.00301	0.00627
2	0.00973	0.00585	0.00807	0.00815	0.00929	0.00590	0.00615	0.01122	0.01028	0.12378	0.02132	0.23711	0.02211	0.12372	0.26551	0.00456	0.00740	0.11054	0.00424	0.00505
3	0.01096	0.00940	0.01096	0.00783	0.01253	0.00705	0.00626	0.01331	0.01096	0.01723	0.00940	0.01096	0.00783	0.00392	0.00392	0.00078	0.00392	0.00313	0.00313	0.84653
4	0.00649	0.00516	0.00584	0.00610	0.00740	0.00450	0.00441	0.00790	0.01198	0.01515	0.16073	0.25531	0.46266	0.01384	0.00638	0.00186	0.00275	0.01196	0.00505	0.00450
5	0.00870	0.00658	0.00998	0.01050	0.01196	0.00651	0.06033	0.01121	0.01210	0.01580	0.02685	0.08906	0.02908	0.01399	0.00720	0.00238	0.00507	0.66298	0.00472	0.00500
6	0.01975	0.02520	0.01498	0.01362	0.01634	0.79299	0.01021	0.02111	0.01498	0.01294	0.00817	0.00953	0.00681	0.00545	0.00477	0.00136	0.00953	0.00340	0.00272	0.00613
7	0.00669	0.00478	0.00642	0.00765	0.00807	0.00451	0.00534	0.00780	0.01037	0.01378	0.02900	0.71987	0.03442	0.01633	0.00681	0.00218	0.00329	0.10344	0.00490	0.00436
8	0.01292	0.01396	0.01684	0.01412	0.01529	0.16555	0.10136	0.01441	0.00993	0.01305	0.00851	0.01357	0.00815	0.08021	0.01442	0.00232	0.48226	0.00486	0.00252	0.00578
9	0.01060	0.02735	0.78682	0.01507	0.02288	0.01228	0.01953	0.01674	0.01116	0.01674	0.00949	0.01116	0.00670	0.00502	0.00502	0.00167	0.00781	0.00391	0.00223	0.00781
10	0.00998	0.00940	0.01586	0.80150	0.03641	0.01175	0.01468	0.01351	0.01057	0.01351	0.00940	0.01409	0.00705	0.00529	0.00529	0.00176	0.00705	0.00470	0.00235	0.00587
11	0.00999	0.00594	0.00785	0.00711	0.00877	0.00540	0.00542	0.01236	0.01482	0.14082	0.63337	0.06303	0.04358	0.01034	0.00611	0.00168	0.00283	0.00909	0.00590	0.00559
12	0.00644	0.00460	0.00613	0.00736	0.00767	0.00429	0.00491	0.00736	0.01012	0.01350	0.02914	0.81076	0.03497	0.01656	0.00675	0.00215	0.00307	0.01503	0.00491	0.00429
13	0.02010	0.01481	0.01587	0.01216	0.01639	0.01639	0.01005	0.76360	0.02486	0.03332	0.01269	0.01269	0.00899	0.00635	0.00529	0.00159	0.00582	0.00476	0.00529	0.00899
