[name]
unknown

[dist]
# distance from previous block
# <min> <max>
0	60

[block]
# block no. 0 follows, 39 sequences, length 27
# corresponding to MSA columns:
# 73-99
name=unknown_A
#
# <colnr> <probs for GDERKNQSTAVLIFYWHMCP>
#	G	D	E	R	K	N	Q	S	T	A	V	L	I	F	Y	W	H	M	C	P
0	0.04437	0.06143	0.12773	0.05047	0.01750	0.01121	0.03539	0.07876	0.03142	0.18160	0.06662	0.05391	0.03634	0.00750	0.00568	0.00171	0.00571	0.02720	0.00473	0.15072
1	0.13752	0.02721	0.08112	0.01279	0.05736	0.03316	0.04218	0.07602	0.01405	0.14018	0.01242	0.01355	0.00929	0.00578	0.00572	0.00154	0.04448	0.00441	0.00411	0.27710
2	0.08129	0.12934	0.05965	0.01343	0.08595	0.04083	0.05409	0.04265	0.03059	0.14965	0.07574	0.01955	0.06821	0.00691	0.00540	0.00163	0.00573	0.00567	0.00440	0.11928
3	0.01925	0.06615	0.16886	0.01161	0.01655	0.01120	0.01125	0.09856	0.01682	0.35399	0.14344	0.02133	0.01925	0.00761	0.00591	0.00180	0.00566	0.00618	0.00572	0.00886
4	0.01475	0.14394	0.16190	0.01104	0.01633	0.01263	0.01071	0.09819	0.01406	0.08047	0.01240	0.01523	0.01016	0.08033	0.00728	0.00178	0.00598	0.00451	0.00374	0.29458
5	0.01601	0.06567	0.46416	0.01414	0.02116	0.01240	0.01652	0.02106	0.01382	0.22249	0.03984	0.01552	0.01119	0.00624	0.00561	0.00179	0.00723	0.00493	0.00400	0.03621
6	0.01550	0.43846	0.21621	0.01241	0.01822	0.01853	0.03455	0.06229	0.01371	0.06638	0.04558	0.01309	0.01051	0.00581	0.00478	0.00154	0.00681	0.00426	0.00325	0.00812
7	0.00874	0.04374	0.00896	0.00808	0.00969	0.00678	0.00628	0.01161	0.04703	0.01986	0.36009	0.15402	0.17211	0.01359	0.00703	0.00206	0.00352	0.10537	0.00583	0.00561
8	0.02166	0.07425	0.01701	0.01392	0.08624	0.05207	0.05393	0.02455	0.03752	0.46194	0.04402	0.05525	0.01547	0.00744	0.00591	0.00180	0.00577	0.00630	0.00587	0.00908
9	0.02528	0.01111	0.01451	0.01120	0.01557	0.01051	0.00926	0.12624	0.01804	0.62115	0.02127	0.01894	0.01365	0.00744	0.00663	0.00186	0.04474	0.00582	0.00688	0.00988
10	0.00905	0.00658	0.00887	0.00995	0.01119	0.00650	0.00822	0.01186	0.03753	0.01782	0.08984	0.21030	0.05967	0.01613	0.00784	0.00254	0.00472	0.47039	0.00556	0.00544
11	0.00820	0.00557	0.00657	0.00696	0.00706	0.00547	0.00413	0.00850	0.00938	0.01251	0.02263	0.25337	0.02654	0.57062	0.02364	0.00478	0.00507	0.01095	0.00413	0.00393
12	0.01690	0.70491	0.02909	0.01034	0.01529	0.04947	0.01005	0.01881	0.01258	0.07347	0.00946	0.01038	0.00815	0.00528	0.00402	0.00132	0.00638	0.00341	0.00293	0.00776
13	0.00893	0.00666	0.00835	0.00857	0.00994	0.00612	0.00606	0.05383	0.01289	0.01771	0.08590	0.57462	0.03449	0.01537	0.00697	0.00211	0.00370	0.01379	0.00532	0.11868
14	0.05336	0.01405	0.01722	0.01780	0.18623	0.01509	0.01182	0.34399	0.12341	0.08275	0.01643	0.06295	0.01299	0.00746	0.00592	0.00185	0.00599	0.00616	0.00522	0.00932
15	0.01417	0.01343	0.02035	0.02888	0.54693	0.04632	0.01518	0.04226	0.04547	0.02026	0.09460	0.02012	0.05256	0.00672	0.00602	0.00178	0.00641	0.00622	0.00369	0.00865
16	0.01395	0.01323	0.02184	0.03164	0.61454	0.01366	0.01644	0.01761	0.03980	0.01897	0.02613	0.06259	0.01223	0.00668	0.00698	0.00187	0.06368	0.00612	0.00324	0.00881
17	0.01542	0.01416	0.02266	0.06251	0.61534	0.01454	0.01697	0.10221	0.04010	0.02143	0.01190	0.01488	0.00969	0.00560	0.00587	0.00178	0.00692	0.00532	0.00337	0.00934
18	0.01445	0.01335	0.02132	0.05486	0.57690	0.01335	0.01592	0.07445	0.01449	0.02037	0.01491	0.01762	0.06411	0.00610	0.00586	0.00173	0.00657	0.00571	0.00338	0.05455
19	0.01569	0.01408	0.02199	0.12781	0.52141	0.01476	0.01660	0.15551	0.01601	0.02222	0.01163	0.01470	0.00931	0.00570	0.00587	0.00179	0.00704	0.00528	0.00346	0.00914
20	0.01578	0.01368	0.02103	0.08421	0.49546	0.01425	0.01572	0.09428	0.10871	0.05774	0.01365	0.01590	0.01070	0.00596	0.00589	0.00181	0.00664	0.00549	0.00382	0.00927
21	0.01598	0.01354	0.02111	0.02916	0.54574	0.01367	0.01556	0.10054	0.04463	0.07591	0.01560	0.01764	0.05152	0.00628	0.00594	0.00179	0.00650	0.00578	0.00386	0.00925
22	0.01422	0.01444	0.08000	0.15581	0.45502	0.01374	0.01657	0.07199	0.03792	0.02024	0.01209	0.01528	0.00962	0.00572	0.00576	0.00179	0.00695	0.00526	0.04888	0.00868
23	0.01601	0.01213	0.01817	0.02335	0.38777	0.01206	0.01316	0.04432	0.11030	0.14607	0.09906	0.02042	0.02830	0.00692	0.00599	0.00179	0.00573	0.00623	0.00463	0.03757
24	0.01744	0.01502	0.09326	0.02452	0.39474	0.04014	0.01491	0.06424	0.01527	0.18655	0.04905	0.01684	0.01253	0.00621	0.00586	0.00176	0.00660	0.00550	0.00424	0.02531
25	0.01449	0.06078	0.11312	0.02216	0.32955	0.01320	0.01424	0.05178	0.09928	0.06938	0.09285	0.01890	0.01568	0.00874	0.04827	0.00222	0.00681	0.00588	0.00403	0.00863
26	0.09282	0.05600	0.11186	0.01845	0.21107	0.01414	0.02506	0.06177	0.22825	0.04805	0.03767	0.01823	0.03758	0.00682	0.00565	0.00184	0.00598	0.00571	0.00433	0.00870

[dist]
# distance from previous block
# <min> <max>
6	70

[block]
# block no. 1 follows, 39 sequences, length 17
# corresponding to MSA columns:
# 170-186
name=unknown_B
#
# <colnr> <probs for GDERKNQSTAVLIFYWHMCP>
#	G	D	E	R	K	N	Q	S	T	A	V	L	I	F	Y	W	H	M	C	P
0	0.07186	0.01320	0.04852	0.01252	0.03854	0.06094	0.06368	0.09510	0.05198	0.11515	0.04607	0.09489	0.01489	0.00747	0.00596	0.00166	0.02582	0.00623	0.00456	0.22097
1	0.10447	0.15236	0.04542	0.01115	0.01491	0.12250	0.00955	0.06798	0.06041	0.17651	0.12439	0.01847	0.01699	0.00737	0.00600	0.00173	0.04169	0.00548	0.00477	0.00785
2	0.06606	0.12094	0.17262	0.01381	0.07012	0.01368	0.01238	0.04068	0.01355	0.16159	0.08427	0.01719	0.01411	0.00729	0.00750	0.00185	0.12398	0.00532	0.04510	0.00797
3	0.18727	0.07678	0.15360	0.06710	0.01721	0.07450	0.01127	0.06364	0.03189	0.02104	0.10980	0.02320	0.01750	0.03439	0.00638	0.00202	0.00627	0.08513	0.00400	0.00699
4	0.05945	0.03585	0.19454	0.01466	0.09258	0.04765	0.01257	0.17045	0.04387	0.07908	0.04162	0.03877	0.07139	0.06275	0.00751	0.00210	0.00647	0.00620	0.00437	0.00811
5	0.04628	0.21098	0.01618	0.01019	0.04046	0.01233	0.00821	0.04790	0.04880	0.18318	0.19550	0.02685	0.11254	0.00869	0.00568	0.00172	0.00468	0.00704	0.00525	0.00755
6	0.09094	0.01513	0.21663	0.05106	0.01722	0.01087	0.01181	0.07436	0.06707	0.04863	0.09126	0.13882	0.01979	0.01072	0.04051	0.00228	0.00624	0.03395	0.00439	0.04832
7	0.01287	0.13332	0.07901	0.01001	0.01307	0.04212	0.00879	0.01689	0.08881	0.09309	0.22502	0.05470	0.04432	0.05829	0.06531	0.00263	0.00590	0.03409	0.00490	0.00687
8	0.01677	0.23815	0.13046	0.01432	0.01956	0.01557	0.15021	0.09697	0.01506	0.14899	0.01486	0.05492	0.01213	0.00693	0.00566	0.00177	0.00698	0.03830	0.00410	0.00829
9	0.26288	0.20778	0.01791	0.11680	0.04342	0.12264	0.01034	0.01942	0.08851	0.01929	0.01041	0.01216	0.00844	0.00595	0.00509	0.00171	0.03266	0.00406	0.00334	0.00720
10	0.01288	0.09598	0.17110	0.09396	0.09407	0.04389	0.01276	0.01797	0.09263	0.01861	0.05086	0.02858	0.03995	0.00642	0.00538	0.00159	0.00626	0.00526	0.00355	0.19830
11	0.13626	0.00966	0.01303	0.01033	0.01395	0.00915	0.08139	0.02175	0.01415	0.37970	0.01887	0.01993	0.01348	0.06388	0.00713	0.00204	0.00508	0.00577	0.16649	0.00796
12	0.07559	0.06548	0.09100	0.05224	0.01816	0.10097	0.04715	0.08814	0.18603	0.07897	0.01598	0.01836	0.01255	0.01082	0.08383	0.00263	0.00768	0.03202	0.00438	0.00802
13	0.00886	0.00683	0.00988	0.00960	0.01068	0.00790	0.00742	0.01079	0.00952	0.01380	0.01538	0.02335	0.01464	0.09535	0.64315	0.00851	0.05846	0.00633	0.00318	0.03638
14	0.01777	0.04287	0.07199	0.01515	0.09286	0.05413	0.01173	0.31010	0.16868	0.04011	0.05194	0.01685	0.01350	0.00695	0.00576	0.00175	0.00621	0.00554	0.00501	0.06110
15	0.00845	0.00634	0.00950	0.00950	0.01056	0.00739	0.00739	0.01056	0.00950	0.01373	0.01584	0.02323	0.01478	0.04435	0.76873	0.00950	0.01584	0.00634	0.00317	0.00528
16	0.05360	0.12960	0.37870	0.01801	0.13457	0.01432	0.06899	0.01752	0.01281	0.01863	0.04671	0.01649	0.05268	0.00626	0.00554	0.00178	0.00742	0.00522	0.00301	0.00815

[dist]
# distance from previous block
# <min> <max>
0	1

[block]
# block no. 2 follows, 39 sequences, length 19
# corresponding to MSA columns:
# 188-206
name=unknown_C
#
# <colnr> <probs for GDERKNQSTAVLIFYWHMCP>
#	G	D	E	R	K	N	Q	S	T	A	V	L	I	F	Y	W	H	M	C	P
0	0.01408	0.18951	0.44262	0.01470	0.02146	0.01655	0.01699	0.09604	0.06133	0.01987	0.01123	0.01268	0.00849	0.00604	0.00595	0.00178	0.04463	0.00440	0.00310	0.00857
1	0.00787	0.00572	0.00756	0.00880	0.00960	0.00541	0.00658	0.00944	0.01221	0.01595	0.03488	0.50467	0.10710	0.01754	0.00768	0.00246	0.00398	0.22207	0.00548	0.00501
2	0.00721	0.00515	0.00686	0.00823	0.00858	0.00480	0.00549	0.00823	0.01132	0.01510	0.03259	0.78831	0.03911	0.01853	0.00755	0.00240	0.00343	0.01681	0.00549	0.00480
3	0.06742	0.34123	0.23484	0.01227	0.01793	0.01701	0.01314	0.01983	0.01277	0.15308	0.01166	0.01249	0.00879	0.00595	0.00555	0.00165	0.04855	0.00413	0.00347	0.00824
4	0.01077	0.00997	0.01664	0.70022	0.03748	0.01230	0.01532	0.01442	0.01177	0.01511	0.01274	0.09378	0.01104	0.00719	0.00608	0.00201	0.00743	0.00642	0.00292	0.00639
5	0.01119	0.00683	0.00854	0.00805	0.01018	0.00612	0.00640	0.01347	0.01522	0.14498	0.28901	0.04785	0.26975	0.01290	0.00700	0.00204	0.00367	0.12454	0.00615	0.00613
6	0.01012	0.00879	0.01443	0.01269	0.01469	0.00917	0.13802	0.01294	0.01322	0.01820	0.18669	0.06169	0.05044	0.01679	0.11921	0.00334	0.09029	0.20869	0.00461	0.00598
7	0.04586	0.11213	0.05571	0.01424	0.07143	0.14193	0.01123	0.03573	0.12365	0.22250	0.01530	0.01549	0.01125	0.00696	0.00693	0.00181	0.08974	0.00504	0.00459	0.00849
8	0.01036	0.01031	0.05082	0.01863	0.24318	0.00912	0.08094	0.01289	0.01264	0.01709	0.02717	0.32090	0.13775	0.01192	0.00679	0.00207	0.00537	0.01100	0.00431	0.00675
9	0.00743	0.00541	0.00706	0.00830	0.00891	0.00504	0.00583	0.00869	0.01178	0.01546	0.03512	0.63968	0.10805	0.01795	0.00756	0.00240	0.00360	0.09136	0.00549	0.00489
10	0.01285	0.01335	0.02202	0.13593	0.02339	0.03658	0.21515	0.01558	0.01122	0.01575	0.01095	0.06242	0.01007	0.00855	0.01270	0.00228	0.37512	0.00638	0.00290	0.00681
11	0.01728	0.14939	0.24879	0.01277	0.01841	0.01439	0.01321	0.11447	0.08961	0.18879	0.06298	0.01695	0.01366	0.00676	0.00555	0.00176	0.00641	0.00529	0.00465	0.00887
12	0.11315	0.02235	0.01655	0.01572	0.07239	0.48033	0.03458	0.09792	0.01655	0.01884	0.01107	0.05272	0.00959	0.00670	0.00541	0.00166	0.00885	0.00481	0.00354	0.00726
13	0.02137	0.11576	0.01838	0.01465	0.01793	0.68342	0.01128	0.02294	0.01622	0.01441	0.00904	0.01053	0.00761	0.00598	0.00516	0.00149	0.01017	0.00374	0.00299	0.00694
14	0.01226	0.01051	0.01226	0.00876	0.01401	0.00788	0.00701	0.01489	0.01226	0.01927	0.01051	0.01226	0.00876	0.00438	0.00438	0.00088	0.00438	0.00350	0.00350	0.82832
15	0.01605	0.18030	0.37143	0.01361	0.02012	0.01477	0.01529	0.02207	0.09685	0.17270	0.01431	0.01456	0.01021	0.00613	0.00536	0.00176	0.00701	0.00472	0.00391	0.00885
16	0.00830	0.00634	0.00910	0.01172	0.09417	0.00607	0.00737	0.00980	0.01181	0.01586	0.03001	0.62260	0.03517	0.01678	0.00742	0.00236	0.00406	0.09046	0.00519	0.00539
17	0.01541	0.01034	0.01174	0.00994	0.01310	0.01063	0.00788	0.17400	0.17036	0.14468	0.18618	0.03171	0.16897	0.00996	0.00638	0.00189	0.00439	0.00828	0.00621	0.00795
18	0.05358	0.25923	0.22305	0.01246	0.01777	0.09214	0.01281	0.09542	0.01502	0.05762	0.09527	0.01544	0.01364	0.00647	0.00514	0.00163	0.00689	0.00479	0.00369	0.00794

[dist]
# distance from previous block
# <min> <max>
0	3

[block]
# block no. 3 follows, 39 sequences, length 135
# corresponding to MSA columns:
# 210-297,308-317,322-336,345-366
name=unknown_D
#
# <colnr> <probs for GDERKNQSTAVLIFYWHMCP>
#	G	D	E	R	K	N	Q	S	T	A	V	L	I	F	Y	W	H	M	C	P
0	0.01264	0.01184	0.01909	0.46264	0.25230	0.01360	0.01609	0.01799	0.10085	0.01754	0.01233	0.01619	0.00956	0.00597	0.00591	0.00191	0.00724	0.00543	0.00313	0.00775
1	0.01473	0.01344	0.02070	0.02875	0.53122	0.01387	0.01536	0.06557	0.14045	0.02169	0.06303	0.01786	0.01401	0.00632	0.00596	0.00181	0.00631	0.00588	0.00389	0.00916
2	0.01280	0.01210	0.02019	0.39315	0.36019	0.01320	0.01657	0.01646	0.01259	0.01728	0.01079	0.01502	0.00861	0.00552	0.00578	0.00180	0.00726	0.00514	0.00282	0.06270
3	0.01413	0.01075	0.01569	0.16336	0.11043	0.01246	0.01192	0.02791	0.02348	0.14057	0.01911	0.02161	0.10701	0.01157	0.07035	0.00269	0.21936	0.00640	0.00396	0.00726
4	0.01352	0.01215	0.01357	0.10738	0.06659	0.06712	0.01008	0.06520	0.31786	0.02217	0.13900	0.02676	0.08291	0.00877	0.00621	0.00193	0.00535	0.02041	0.00519	0.00783
5	0.00843	0.00618	0.00817	0.00932	0.01047	0.00592	0.00752	0.01045	0.01290	0.01664	0.03618	0.28323	0.14816	0.01679	0.00780	0.00251	0.00445	0.39424	0.00547	0.00518
6	0.01514	0.01382	0.02194	0.09376	0.55697	0.01408	0.01643	0.10435	0.01498	0.02113	0.01140	0.01452	0.00929	0.00548	0.00577	0.00172	0.00686	0.00516	0.00330	0.06391
7	0.01179	0.00997	0.01174	0.00860	0.01339	0.00761	0.00683	0.01444	0.01280	0.01981	0.10011	0.01612	0.01444	0.00531	0.00469	0.00099	0.00419	0.00437	0.00387	0.72892
8	0.01191	0.01021	0.01184	0.00857	0.01361	0.00769	0.00684	0.01446	0.01234	0.01905	0.01381	0.01524	0.05845	0.00509	0.00455	0.00095	0.00429	0.00410	0.00364	0.77334
9	0.01484	0.01847	0.09200	0.02219	0.02787	0.10795	0.53659	0.02034	0.06297	0.01876	0.01231	0.01542	0.00929	0.00538	0.00660	0.00193	0.00960	0.00635	0.00316	0.00799
10	0.00776	0.00556	0.00740	0.00817	0.00893	0.00520	0.00581	0.00949	0.01327	0.01811	0.26856	0.49169	0.04422	0.01626	0.00741	0.00225	0.00337	0.06564	0.00582	0.00510
11	0.01203	0.00797	0.01107	0.01084	0.01296	0.00787	0.03654	0.01614	0.08447	0.10917	0.16614	0.05057	0.03334	0.01321	0.00742	0.00235	0.00499	0.40059	0.00583	0.00650
12	0.01105	0.01024	0.01714	0.72214	0.03866	0.01268	0.01592	0.01490	0.01196	0.01530	0.01202	0.01947	0.00979	0.00667	0.00608	0.00203	0.00771	0.05693	0.00283	0.00649
13	0.00817	0.00595	0.00772	0.00769	0.00896	0.00550	0.00574	0.01059	0.01548	0.02147	0.54756	0.16285	0.09836	0.01356	0.00714	0.00201	0.00307	0.05657	0.00621	0.00541
14	0.77433	0.01153	0.00903	0.00809	0.01172	0.01337	0.00662	0.01841	0.06351	0.02640	0.00939	0.01051	0.00725	0.00567	0.00383	0.00184	0.00458	0.00346	0.00383	0.00662
15	0.01624	0.01346	0.01423	0.01234	0.01596	0.01542	0.00973	0.16968	0.60386	0.02720	0.02213	0.02052	0.01648	0.00784	0.00600	0.00196	0.00504	0.00642	0.00600	0.00950
16	0.01509	0.01371	0.02048	0.07561	0.46738	0.01451	0.01531	0.08121	0.19325	0.02188	0.01451	0.01649	0.01145	0.00614	0.00590	0.00183	0.00646	0.00562	0.00391	0.00925
17	0.01421	0.01361	0.02323	0.12796	0.66697	0.01394	0.01794	0.01777	0.01326	0.01880	0.01105	0.01478	0.00918	0.00535	0.00586	0.00178	0.00713	0.00527	0.00289	0.00902
18	0.01502	0.01262	0.01330	0.01172	0.01513	0.01435	0.00919	0.11653	0.59485	0.02555	0.02585	0.02401	0.07853	0.00849	0.00609	0.00198	0.00477	0.00700	0.00596	0.00908
19	0.00860	0.00574	0.00748	0.05915	0.01059	0.00570	0.00618	0.01041	0.01192	0.01720	0.04556	0.47854	0.03122	0.01452	0.00664	0.00213	0.00369	0.06396	0.20561	0.00516
20	0.01013	0.00519	0.00760	0.00760	0.00760	0.00519	0.00501	0.00778	0.00778	0.01037	0.01097	0.01971	0.01121	0.08509	0.02370	0.75916	0.00519	0.00543	0.00265	0.00265
21	0.01216	0.06019	0.01075	0.00847	0.01089	0.00829	0.00668	0.01638	0.10601	0.13055	0.42156	0.03712	0.12607	0.01076	0.00649	0.00185	0.00361	0.00921	0.00618	0.00677
22	0.02209	0.02819	0.01676	0.01524	0.01828	0.76843	0.01143	0.02361	0.01676	0.01447	0.00914	0.01066	0.00762	0.00609	0.00533	0.00152	0.01066	0.00381	0.00305	0.00686
23	0.00859	0.00579	0.00673	0.00673	0.00682	0.00588	0.00393	0.00878	0.00868	0.01167	0.01838	0.03730	0.02089	0.72459	0.09685	0.00607	0.00665	0.00840	0.00355	0.00374
24	0.01492	0.07905	0.02757	0.01917	0.02394	0.01397	0.44753	0.01881	0.01417	0.11029	0.10220	0.01914	0.01513	0.00650	0.00741	0.00194	0.05970	0.00686	0.00389	0.00781
25	0.01398	0.20213	0.53354	0.01480	0.02236	0.01550	0.01809	0.01934	0.01275	0.07959	0.01114	0.01245	0.00811	0.00563	0.00523	0.00173	0.00788	0.00423	0.00291	0.00859
26	0.00771	0.00683	0.00746	0.00714	0.00890	0.00658	0.00551	0.00918	0.01295	0.01576	0.05361	0.05160	0.66285	0.01442	0.00849	0.00207	0.09703	0.01160	0.00514	0.00517
27	0.01148	0.00640	0.00648	0.00632	0.00794	0.00665	0.00478	0.01596	0.10289	0.02238	0.01988	0.02205	0.01552	0.00703	0.00437	0.00146	0.00299	0.00566	0.72378	0.00599
28	0.01687	0.11334	0.02547	0.02180	0.18899	0.12109	0.22992	0.11038	0.06058	0.03657	0.01219	0.01436	0.00952	0.00572	0.00589	0.00175	0.00808	0.00543	0.00357	0.00848
29	0.08045	0.00887	0.01140	0.05865	0.05863	0.00938	0.00980	0.10245	0.01473	0.02092	0.02407	0.09211	0.02475	0.01250	0.00693	0.00232	0.00544	0.39050	0.05977	0.00636
30	0.00924	0.00660	0.00920	0.01056	0.01180	0.00656	0.00903	0.01176	0.01333	0.01738	0.03147	0.15589	0.03466	0.01661	0.00809	0.00268	0.00520	0.62913	0.00545	0.00537
31	0.13438	0.03294	0.01959	0.08139	0.09544	0.15702	0.10909	0.01763	0.01205	0.01729	0.00924	0.01277	0.00787	0.00712	0.00995	0.00203	0.25935	0.00485	0.00292	0.00706
32	0.01117	0.01051	0.01774	0.77795	0.04073	0.01314	0.01642	0.01511	0.01182	0.01511	0.01051	0.01577	0.00788	0.00591	0.00591	0.00197	0.00788	0.00526	0.00263	0.00657
33	0.01692	0.16266	0.15609	0.01349	0.01875	0.15099	0.04035	0.16639	0.06522	0.02137	0.01158	0.01270	0.00900	0.00586	0.00520	0.00155	0.00733	0.00437	0.00370	0.12647
34	0.01265	0.00961	0.01238	0.10404	0.01664	0.00834	0.00827	0.01524	0.01224	0.08612	0.01381	0.06657	0.01195	0.01061	0.09727	0.00224	0.00619	0.00518	0.00384	0.49681
35	0.01282	0.14062	0.41853	0.01720	0.10999	0.04331	0.03851	0.01776	0.01327	0.01853	0.10194	0.01624	0.01375	0.00629	0.00557	0.00176	0.00754	0.00513	0.00309	0.00816
36	0.01252	0.01218	0.01705	0.01495	0.01512	0.01672	0.01252	0.01399	0.00962	0.01466	0.01067	0.01958	0.01101	0.01109	0.01802	0.00260	0.68545	0.09296	0.00294	0.00634
37	0.00851	0.00614	0.00811	0.00787	0.00926	0.00573	0.00607	0.01129	0.01635	0.02297	0.66307	0.04696	0.05311	0.01261	0.00712	0.00197	0.00312	0.09779	0.00638	0.00556
38	0.00887	0.00667	0.00928	0.01163	0.10085	0.00651	0.00716	0.01019	0.01120	0.01503	0.02591	0.37420	0.02981	0.22877	0.01362	0.00329	0.00482	0.12241	0.00464	0.00513
39	0.01646	0.11148	0.02780	0.08267	0.02598	0.01601	0.38245	0.15159	0.03236	0.07538	0.01289	0.01525	0.00952	0.00570	0.00620	0.00185	0.00823	0.00598	0.00382	0.00838
40	0.00858	0.00581	0.00683	0.00683	0.00696	0.00594	0.00405	0.00884	0.00871	0.01175	0.01829	0.03679	0.02067	0.69975	0.12138	0.00620	0.00698	0.00832	0.00353	0.00379
41	0.01045	0.00802	0.00899	0.00857	0.00993	0.00856	0.00596	0.01646	0.24938	0.01828	0.15658	0.08436	0.02788	0.34193	0.01651	0.00359	0.00469	0.00891	0.00504	0.00591
42	0.00779	0.00555	0.00735	0.00838	0.00899	0.00526	0.00594	0.00922	0.01216	0.01633	0.12519	0.53288	0.03928	0.07366	0.00920	0.00262	0.00380	0.11600	0.00548	0.00491
43	0.02523	0.01185	0.01479	0.01138	0.01597	0.01138	0.00939	0.21780	0.03361	0.55243	0.02090	0.01858	0.01348	0.00727	0.00594	0.00182	0.00542	0.00579	0.00692	0.01005
44	0.01186	0.03059	0.76153	0.01686	0.02560	0.01373	0.02185	0.01873	0.01249	0.01873	0.01061	0.01249	0.00749	0.00562	0.00562	0.00187	0.00874	0.00437	0.00250	0.00874
45	0.00721	0.00515	0.00686	0.00823	0.00858	0.00480	0.00549	0.00823	0.01132	0.01510	0.03259	0.78831	0.03911	0.01853	0.00755	0.00240	0.00343	0.01681	0.00549	0.00480
46	0.83394	0.01144	0.00869	0.00778	0.01144	0.01327	0.00640	0.01738	0.01006	0.02653	0.00823	0.00961	0.00640	0.00549	0.00366	0.00183	0.00457	0.00320	0.00366	0.00640
47	0.01471	0.01270	0.01337	0.01203	0.01538	0.01471	0.00936	0.03142	0.74459	0.02474	0.02407	0.02206	0.01805	0.00802	0.00602	0.00201	0.00468	0.00669	0.00602	0.00936
48	0.01304	0.14152	0.49703	0.01485	0.02192	0.01538	0.01750	0.02121	0.16413	0.01925	0.01304	0.01402	0.00969	0.00603	0.00543	0.00181	0.00754	0.00467	0.00323	0.00870
49	0.83394	0.01144	0.00869	0.00778	0.01144	0.01327	0.00640	0.01738	0.01006	0.02653	0.00823	0.00961	0.00640	0.00549	0.00366	0.00183	0.00457	0.00320	0.00366	0.00640
50	0.02242	0.01838	0.01759	0.01386	0.01833	0.13582	0.01127	0.62405	0.02607	0.03370	0.01341	0.01364	0.00967	0.00694	0.00582	0.00174	0.00716	0.00509	0.00547	0.00956
51	0.00728	0.00577	0.00658	0.00712	0.00851	0.00508	0.00521	0.00874	0.01286	0.01600	0.06597	0.29741	0.44904	0.01617	0.00726	0.00218	0.00331	0.06501	0.00551	0.00498
52	0.01581	0.79572	0.03099	0.01012	0.01518	0.02340	0.01012	0.01771	0.01202	0.01391	0.00822	0.00949	0.00759	0.00506	0.00379	0.00126	0.00632	0.00316	0.00253	0.00759
53	0.73283	0.10836	0.01145	0.00807	0.01190	0.01452	0.00686	0.01742	0.01031	0.02497	0.00823	0.00959	0.00655	0.00544	0.00368	0.00176	0.00479	0.00320	0.00352	0.00655
54	0.01970	0.02190	0.01838	0.01990	0.19817	0.42168	0.01287	0.11705	0.07846	0.01953	0.01155	0.01306	0.00924	0.00619	0.00559	0.00165	0.00872	0.00461	0.00365	0.00810
55	0.01705	0.01724	0.02731	0.02191	0.08658	0.15558	0.42074	0.02079	0.01462	0.10946	0.01261	0.01525	0.00940	0.00571	0.00693	0.00189	0.03928	0.00604	0.00352	0.00808
56	0.01185	0.01184	0.02193	0.59391	0.03833	0.01358	0.19175	0.01605	0.01235	0.01605	0.01087	0.01581	0.00815	0.00569	0.00617	0.00198	0.00839	0.00568	0.00272	0.00691
57	0.00732	0.00520	0.00683	0.00809	0.00840	0.00488	0.00533	0.00826	0.01109	0.01479	0.03143	0.72560	0.03764	0.08324	0.00943	0.00268	0.00362	0.01612	0.00533	0.00470
58	0.00784	0.00600	0.00718	0.00694	0.00852	0.00534	0.00518	0.01011	0.01540	0.02066	0.48067	0.07102	0.30701	0.01332	0.00700	0.00193	0.00288	0.01152	0.00611	0.00534
59	0.00726	0.00584	0.00651	0.00697	0.00849	0.00510	0.00517	0.00874	0.01294	0.01590	0.05058	0.24346	0.51150	0.01599	0.00723	0.00216	0.00331	0.07239	0.00549	0.00498
60	0.01231	0.01167	0.01979	0.53465	0.27514	0.01344	0.01699	0.01611	0.01236	0.01649	0.01071	0.01540	0.00837	0.00570	0.00589	0.00190	0.00760	0.00526	0.00273	0.00749
61	0.83394	0.01144	0.00869	0.00778	0.01144	0.01327	0.00640	0.01738	0.01006	0.02653	0.00823	0.00961	0.00640	0.00549	0.00366	0.00183	0.00457	0.00320	0.00366	0.00640
62	0.01266	0.01204	0.02044	0.45850	0.34851	0.01353	0.01717	0.01642	0.01253	0.01692	0.01078	0.01528	0.00852	0.00564	0.00589	0.00188	0.00751	0.00526	0.00276	0.00777
63	0.00902	0.00710	0.01031	0.00999	0.01083	0.00858	0.00776	0.01085	0.00937	0.01360	0.01508	0.02325	0.01448	0.10271	0.61434	0.00833	0.10960	0.00638	0.00313	0.00529
64	0.00997	0.00782	0.00924	0.00857	0.01053	0.00798	0.00652	0.01640	0.21100	0.02347	0.51139	0.03912	0.09227	0.01120	0.00672	0.00191	0.00331	0.00974	0.00631	0.00655
65	0.01434	0.05941	0.01434	0.00983	0.01488	0.05639	0.00799	0.10465	0.01444	0.02088	0.01075	0.01224	0.00878	0.00486	0.00459	0.00105	0.00514	0.00373	0.00372	0.62799
66	0.01611	0.01356	0.02273	0.03311	0.66380	0.01339	0.01698	0.01947	0.01389	0.11078	0.01263	0.01532	0.01002	0.00552	0.00587	0.00177	0.00678	0.00535	0.00347	0.00945
67	0.06720	0.01070	0.01283	0.01361	0.10220	0.07360	0.00944	0.10262	0.01289	0.01823	0.01400	0.01912	0.01239	0.02923	0.46734	0.00643	0.01244	0.00566	0.00350	0.00657
68	0.00719	0.00590	0.00633	0.00644	0.00816	0.00504	0.00475	0.00879	0.01362	0.01683	0.14216	0.14370	0.58049	0.01505	0.00706	0.00203	0.00302	0.01278	0.00562	0.00504
69	0.01363	0.02819	0.65447	0.01620	0.02436	0.01382	0.02017	0.07930	0.01403	0.06468	0.01168	0.01309	0.00813	0.00584	0.00566	0.00186	0.00833	0.00454	0.00307	0.00893
70	0.02243	0.01800	0.01763	0.01381	0.01833	0.11104	0.01126	0.64757	0.02644	0.03445	0.01357	0.01376	0.00976	0.00697	0.00584	0.00174	0.00702	0.00514	0.00556	0.00966
71	0.00718	0.00534	0.00670	0.00776	0.00846	0.00486	0.00529	0.00834	0.01187	0.01544	0.05180	0.62467	0.18537	0.01768	0.00742	0.00231	0.00333	0.01581	0.00551	0.00486
72	0.00721	0.00515	0.00686	0.00823	0.00858	0.00480	0.00549	0.00823	0.01132	0.01510	0.03259	0.78831	0.03911	0.01853	0.00755	0.00240	0.00343	0.01681	0.00549	0.00480
73	0.01158	0.01080	0.01808	0.57528	0.17123	0.01268	0.01584	0.01535	0.01254	0.01661	0.07266	0.01793	0.01217	0.00631	0.00599	0.00192	0.00730	0.00571	0.00301	0.00701
74	0.01464	0.01405	0.02400	0.03630	0.75528	0.01405	0.01815	0.01815	0.01347	0.01932	0.01112	0.01464	0.00937	0.00527	0.00585	0.00176	0.00703	0.00527	0.00293	0.00937
75	0.00845	0.00634	0.00950	0.00950	0.01056	0.00739	0.00739	0.01056	0.00950	0.01373	0.01584	0.02323	0.01478	0.04435	0.76873	0.00950	0.01584	0.00634	0.00317	0.00528
76	0.00709	0.00599	0.00613	0.00610	0.00805	0.00504	0.00457	0.00868	0.01372	0.01654	0.11028	0.05599	0.70216	0.01477	0.00699	0.00199	0.00298	0.01235	0.00557	0.00504
77	0.15613	0.01167	0.01214	0.01066	0.01391	0.01307	0.00843	0.11034	0.37649	0.04934	0.14126	0.02326	0.02149	0.00825	0.00579	0.00193	0.00459	0.01727	0.00571	0.00827
78	0.01340	0.02466	0.55559	0.01466	0.02195	0.01219	0.01781	0.04017	0.01361	0.11048	0.01825	0.01885	0.09851	0.00700	0.00583	0.00188	0.00752	0.00557	0.00356	0.00849
79	0.00845	0.00634	0.00950	0.00950	0.01056	0.00739	0.00739	0.01056	0.00950	0.01373	0.01584	0.02323	0.01478	0.04435	0.76873	0.00950	0.01584	0.00634	0.00317	0.00528
80	0.00837	0.00604	0.00790	0.00744	0.00883	0.00558	0.00558	0.01116	0.01674	0.02371	0.75216	0.04417	0.05580	0.01209	0.00697	0.00186	0.00279	0.01069	0.00651	0.00558
81	0.01716	0.01175	0.01341	0.01178	0.01521	0.01274	0.00954	0.13015	0.37688	0.16316	0.02375	0.02830	0.01902	0.00920	0.00636	0.00206	0.00515	0.12932	0.00615	0.00891
82	0.01102	0.00551	0.00551	0.00551	0.00689	0.00551	0.00413	0.01378	0.01240	0.02205	0.01929	0.02205	0.01516	0.00689	0.00413	0.00138	0.00276	0.00551	0.82500	0.00551
83	0.11739	0.01751	0.10011	0.01965	0.08396	0.06053	0.29303	0.17021	0.01622	0.02335	0.01147	0.01392	0.00865	0.00582	0.00640	0.00189	0.03245	0.00551	0.00363	0.00830
84	0.03730	0.00999	0.01065	0.01141	0.01318	0.10166	0.00965	0.01510	0.06271	0.01805	0.02736	0.05501	0.02884	0.01418	0.00753	0.00250	0.00601	0.55783	0.00513	0.00591
85	0.01102	0.00551	0.00551	0.00551	0.00689	0.00551	0.00413	0.01378	0.01240	0.02205	0.01929	0.02205	0.01516	0.00689	0.00413	0.00138	0.00276	0.00551	0.82500	0.00551
86	0.01296	0.01277	0.01956	0.46630	0.24935	0.05899	0.01642	0.01647	0.01244	0.01626	0.01044	0.01495	0.00830	0.00600	0.00668	0.00192	0.05487	0.00517	0.00274	0.00741
87	0.02141	0.01617	0.01880	0.01430	0.01903	0.01765	0.07146	0.65296	0.02616	0.03526	0.01417	0.01459	0.01013	0.00692	0.00595	0.00178	0.00668	0.00547	0.03138	0.00974
88	0.01201	0.00931	0.01112	0.00860	0.01279	0.00727	0.00672	0.01440	0.01284	0.06396	0.07761	0.11272	0.04016	0.00728	0.00517	0.00124	0.00413	0.00618	0.00429	0.58220
89	0.02024	0.12304	0.09720	0.01474	0.01867	0.58030	0.01236	0.03787	0.01596	0.01535	0.00929	0.01079	0.00765	0.00594	0.00519	0.00153	0.00983	0.00382	0.00299	0.00722
90	0.01471	0.01270	0.01337	0.01203	0.01538	0.01471	0.00936	0.03142	0.74459	0.02474	0.02407	0.02206	0.01805	0.00802	0.00602	0.00201	0.00468	0.00669	0.00602	0.00936
91	0.01285	0.03003	0.08854	0.01335	0.07670	0.01206	0.02600	0.06890	0.29914	0.02336	0.20916	0.02734	0.06970	0.00882	0.00623	0.00190	0.00497	0.00755	0.00535	0.00804
92	0.00721	0.00515	0.00686	0.00823	0.00858	0.00480	0.00549	0.00823	0.01132	0.01510	0.03259	0.78831	0.03911	0.01853	0.00755	0.00240	0.00343	0.01681	0.00549	0.00480
93	0.01389	0.01751	0.22522	0.01395	0.04327	0.01389	0.01300	0.07271	0.40368	0.02360	0.08006	0.02042	0.01739	0.00753	0.00597	0.00193	0.00587	0.00623	0.00495	0.00892
94	0.01224	0.01161	0.01968	0.54773	0.26254	0.01342	0.01696	0.01605	0.01233	0.01642	0.01070	0.01542	0.00834	0.00571	0.00589	0.00190	0.00762	0.00526	0.00272	0.00744
95	0.01683	0.67132	0.02868	0.01095	0.01568	0.14415	0.01033	0.01867	0.01278	0.01400	0.00837	0.00968	0.00759	0.00523	0.00404	0.00131	0.00703	0.00327	0.00261	0.00747
96	0.01965	0.01583	0.01605	0.01311	0.01680	0.11521	0.01057	0.29830	0.15396	0.11001	0.01537	0.01558	0.01137	0.00738	0.00739	0.00183	0.10003	0.00531	0.00516	0.06109
97	0.01160	0.00886	0.00957	0.00862	0.01063	0.07041	0.00659	0.06081	0.01729	0.07368	0.55021	0.03852	0.08774	0.01111	0.00670	0.00183	0.00386	0.00955	0.00618	0.00625
98	0.01934	0.01572	0.01593	0.01307	0.01715	0.06253	0.01050	0.40955	0.31489	0.03085	0.01785	0.01714	0.01312	0.00741	0.00592	0.00185	0.00603	0.00578	0.00578	0.00958
99	0.01159	0.01094	0.01849	0.68835	0.12706	0.01325	0.01663	0.01548	0.01202	0.01562	0.01059	0.01563	0.00806	0.00583	0.00591	0.00194	0.00778	0.00526	0.00266	0.00691
100	0.00740	0.00529	0.00709	0.00846	0.00888	0.00497	0.00583	0.00857	0.01151	0.01531	0.03249	0.72794	0.03869	0.01834	0.00760	0.00243	0.00360	0.07526	0.00549	0.00486
101	0.01174	0.00907	0.01228	0.01123	0.01239	0.03257	0.03124	0.01343	0.01072	0.07647	0.01673	0.02829	0.01641	0.16842	0.25283	0.00525	0.18740	0.09405	0.00373	0.00579
102	0.01032	0.00707	0.00785	0.00733	0.00792	0.00729	0.00453	0.09844	0.01097	0.01466	0.01809	0.03567	0.02009	0.69514	0.02711	0.00524	0.00583	0.00820	0.00387	0.00438
103	0.00860	0.00582	0.00752	0.00756	0.00872	0.00541	0.00549	0.01089	0.01487	0.03482	0.47655	0.25025	0.04700	0.01337	0.00688	0.00197	0.00301	0.01189	0.07392	0.00544
104	0.01368	0.01520	0.07292	0.11069	0.04273	0.07892	0.07381	0.05209	0.01192	0.01645	0.01071	0.06062	0.00992	0.00883	0.01271	0.00224	0.39068	0.00588	0.00301	0.00697
105	0.01102	0.00551	0.00551	0.00551	0.00689	0.00551	0.00413	0.01378	0.01240	0.02205	0.01929	0.02205	0.01516	0.00689	0.00413	0.00138	0.00276	0.00551	0.82500	0.00551
106	0.01452	0.01530	0.02610	0.03851	0.10830	0.08150	0.40074	0.07049	0.04324	0.01958	0.01477	0.11088	0.01303	0.00708	0.00663	0.00196	0.00838	0.00754	0.00362	0.00782
107	0.07004	0.30731	0.13402	0.01209	0.01736	0.06347	0.01177	0.17082	0.01628	0.12722	0.01206	0.01254	0.00903	0.00599	0.00491	0.00160	0.00670	0.00424	0.00403	0.00852
108	0.01102	0.00551	0.00551	0.00551	0.00689	0.00551	0.00413	0.01378	0.01240	0.02205	0.01929	0.02205	0.01516	0.00689	0.00413	0.00138	0.00276	0.00551	0.82500	0.00551
109	0.66521	0.01287	0.07245	0.00888	0.01308	0.01274	0.00798	0.01891	0.01112	0.11645	0.01030	0.01115	0.00751	0.00573	0.00411	0.00183	0.00498	0.00364	0.00401	0.00705
110	0.02134	0.01426	0.01557	0.01211	0.01636	0.01543	0.00995	0.55281	0.02439	0.11820	0.01596	0.01598	0.01130	0.00710	0.00567	0.00173	0.00581	0.00542	0.12120	0.00942
111	0.01959	0.03974	0.01768	0.06040	0.06385	0.01721	0.01157	0.48792	0.16622	0.03166	0.01554	0.01572	0.01138	0.00703	0.00587	0.00181	0.00626	0.00552	0.00545	0.00959
112	0.01117	0.01051	0.01774	0.77795	0.04073	0.01314	0.01642	0.01511	0.01182	0.01511	0.01051	0.01577	0.00788	0.00591	0.00591	0.00197	0.00788	0.00526	0.00263	0.00657
113	0.02186	0.01554	0.01687	0.01315	0.01770	0.01708	0.01079	0.58942	0.11548	0.09613	0.01618	0.01567	0.01143	0.00723	0.00593	0.00181	0.00616	0.00554	0.00605	0.00997
114	0.00837	0.00604	0.00790	0.00744	0.00883	0.00558	0.00558	0.01116	0.01674	0.02371	0.75216	0.04417	0.05580	0.01209	0.00697	0.00186	0.00279	0.01069	0.00651	0.00558
115	0.02627	0.01049	0.01399	0.01072	0.01531	0.00932	0.00886	0.07504	0.01764	0.71215	0.02273	0.01974	0.01434	0.00731	0.00595	0.00183	0.00513	0.00591	0.00723	0.01006
116	0.01939	0.01076	0.01433	0.01087	0.01538	0.03130	0.06071	0.02200	0.01530	0.38829	0.09294	0.01967	0.01649	0.00673	0.00564	0.00155	0.00514	0.00572	0.00566	0.25212
117	0.00719	0.00600	0.00627	0.00621	0.00811	0.00508	0.00465	0.00888	0.01396	0.01712	0.16257	0.05502	0.64950	0.01455	0.00699	0.00198	0.00296	0.01222	0.00564	0.00508
118	0.01216	0.01157	0.01993	0.60250	0.12557	0.01356	0.07649	0.03734	0.01268	0.01660	0.01082	0.01560	0.00822	0.00579	0.00599	0.00194	0.00791	0.00540	0.00279	0.00713
119	0.02106	0.01598	0.01784	0.01535	0.07969	0.01762	0.01163	0.60642	0.09697	0.03454	0.01491	0.01501	0.01078	0.00704	0.00592	0.00180	0.00637	0.00545	0.00568	0.00993
120	0.83394	0.01144	0.00869	0.00778	0.01144	0.01327	0.00640	0.01738	0.01006	0.02653	0.00823	0.00961	0.00640	0.00549	0.00366	0.00183	0.00457	0.00320	0.00366	0.00640
121	0.00854	0.00599	0.00774	0.00774	0.00818	0.00643	0.00519	0.00943	0.00898	0.01242	0.01746	0.03219	0.01867	0.47719	0.34121	0.00732	0.00999	0.00765	0.00341	0.00430
122	0.01315	0.01308	0.01884	0.01809	0.10695	0.01761	0.01358	0.01472	0.00960	0.01486	0.00818	0.01315	0.00796	0.00972	0.01773	0.00248	0.68565	0.00519	0.00263	0.00683
123	0.02412	0.00956	0.01277	0.00996	0.01422	0.00823	0.00817	0.02631	0.01650	0.66750	0.02785	0.02467	0.10587	0.00827	0.00608	0.00185	0.00478	0.00675	0.00709	0.00944
124	0.01689	0.01065	0.01496	0.01210	0.01571	0.01056	0.10265	0.02400	0.23593	0.26152	0.20020	0.02604	0.02499	0.00839	0.00635	0.00191	0.00502	0.00746	0.00616	0.00848
125	0.08436	0.01312	0.01482	0.01471	0.10667	0.01467	0.01034	0.16463	0.40945	0.02660	0.06287	0.01990	0.01671	0.00753	0.00584	0.00191	0.00520	0.00619	0.00545	0.00902
126	0.01138	0.01073	0.01812	0.73281	0.08422	0.01319	0.01653	0.01529	0.01192	0.01537	0.01055	0.01570	0.00797	0.00587	0.00591	0.00196	0.00783	0.00526	0.00265	0.00674
127	0.29140	0.01051	0.01207	0.00962	0.01390	0.01019	0.00794	0.02507	0.01468	0.51896	0.01838	0.01668	0.01194	0.00672	0.00520	0.00183	0.00488	0.00505	0.00612	0.00886
128	0.01477	0.54291	0.18084	0.01333	0.01925	0.02038	0.10195	0.01807	0.01235	0.01552	0.00917	0.01090	0.00774	0.00516	0.00456	0.00148	0.00727	0.00388	0.00258	0.00787
129	0.01117	0.01051	0.01774	0.77795	0.04073	0.01314	0.01642	0.01511	0.01182	0.01511	0.01051	0.01577	0.00788	0.00591	0.00591	0.00197	0.00788	0.00526	0.00263	0.00657
130	0.01166	0.01132	0.01718	0.68545	0.03755	0.05807	0.01557	0.01534	0.01198	0.01499	0.01075	0.01592	0.00829	0.00826	0.05231	0.00240	0.00853	0.00523	0.00269	0.00651
131	0.02363	0.01104	0.01624	0.01682	0.19600	0.01000	0.01100	0.02621	0.01608	0.57850	0.02035	0.01879	0.01335	0.00682	0.00592	0.00181	0.00552	0.00578	0.00625	0.00989
132	0.02171	0.01277	0.10571	0.01132	0.01592	0.00998	0.01018	0.11028	0.01701	0.48361	0.02254	0.10052	0.03403	0.00846	0.00610	0.00189	0.00545	0.00699	0.00632	0.00922
133	0.01167	0.01102	0.01864	0.67072	0.14404	0.01327	0.01667	0.01555	0.01206	0.01572	0.01060	0.01560	0.00810	0.00582	0.00590	0.00194	0.00776	0.00526	0.00267	0.00697
134	0.01698	0.01594	0.02140	0.02534	0.36835	0.16201	0.10121	0.02001	0.01427	0.10931	0.01274	0.01541	0.01008	0.00892	0.06971	0.00240	0.00859	0.00536	0.00352	0.00845

[dist]
# distance from previous block
# <min> <max>
0	4

# created by:
# /home/berkeley/.conda/envs/busco_data_prod/bin/msa2prfl.pl pipeline/OGs_align_augustus/33634/154882.fs
