[name]
unknown

[dist]
# distance from previous block
# <min> <max>
0	75

[block]
# block no. 0 follows, 48 sequences, length 10
# corresponding to MSA columns:
# 76-85
name=unknown_A
#
# <colnr> <probs for GDERKNQSTAVLIFYWHMCP>
#	G	D	E	R	K	N	Q	S	T	A	V	L	I	F	Y	W	H	M	C	P
0	0.07948	0.06811	0.01785	0.05255	0.03321	0.12952	0.18960	0.15559	0.04203	0.04330	0.10090	0.01513	0.01264	0.00591	0.00548	0.00157	0.03164	0.00509	0.00363	0.00676
1	0.09074	0.01386	0.01468	0.01341	0.08736	0.13675	0.05787	0.19497	0.21223	0.10528	0.01386	0.01393	0.01021	0.00586	0.00496	0.00158	0.00576	0.00470	0.00432	0.00768
2	0.00923	0.00769	0.00786	0.00808	0.04336	0.07494	0.00504	0.01130	0.09262	0.01252	0.06072	0.02929	0.04104	0.52988	0.04242	0.00396	0.00534	0.00693	0.00346	0.00431
3	0.01460	0.63247	0.02377	0.00966	0.01365	0.15481	0.00893	0.01701	0.06025	0.01276	0.00815	0.00911	0.00717	0.00471	0.00365	0.00118	0.00605	0.00304	0.00247	0.00657
4	0.02058	0.00881	0.01166	0.00883	0.01291	0.00740	0.00725	0.02262	0.01389	0.63827	0.01805	0.01612	0.01169	0.00585	0.00489	0.00142	0.00425	0.00474	0.00570	0.17508
5	0.00746	0.00497	0.00560	0.00560	0.00560	0.00497	0.00311	0.00746	0.00746	0.00995	0.01617	0.03358	0.01865	0.81967	0.02612	0.00497	0.00497	0.00746	0.00311	0.00311
6	0.01612	0.28535	0.14666	0.01197	0.07490	0.01304	0.01054	0.01842	0.01238	0.26583	0.01449	0.08301	0.01174	0.00662	0.00491	0.00160	0.00554	0.00512	0.00404	0.00772
7	0.01419	0.57634	0.09640	0.01165	0.08130	0.07836	0.01036	0.01635	0.01110	0.05120	0.00825	0.00939	0.00701	0.00462	0.00379	0.00123	0.00597	0.00316	0.00246	0.00687
8	0.01920	0.17350	0.07615	0.01106	0.05853	0.01162	0.00939	0.10454	0.01441	0.44721	0.01529	0.01426	0.01030	0.00572	0.00476	0.00148	0.00508	0.00448	0.00484	0.00818
9	0.06981	0.19364	0.08891	0.01434	0.13993	0.01302	0.09280	0.09605	0.01299	0.14780	0.01430	0.01497	0.06833	0.00566	0.00474	0.00149	0.00562	0.00472	0.00356	0.00731

[dist]
# distance from previous block
# <min> <max>
1	7

[block]
# block no. 1 follows, 48 sequences, length 79
# corresponding to MSA columns:
# 93-171
name=unknown_B
#
# <colnr> <probs for GDERKNQSTAVLIFYWHMCP>
#	G	D	E	R	K	N	Q	S	T	A	V	L	I	F	Y	W	H	M	C	P
0	0.37089	0.15256	0.01435	0.00946	0.01312	0.01406	0.05023	0.16563	0.11088	0.03952	0.01039	0.01100	0.00794	0.00527	0.00405	0.00152	0.00485	0.00376	0.00369	0.00683
1	0.28462	0.03236	0.10092	0.02636	0.01643	0.10490	0.16498	0.06511	0.01190	0.06067	0.01203	0.01335	0.05611	0.00554	0.00489	0.00160	0.02415	0.00445	0.00322	0.00643
2	0.31228	0.09932	0.23396	0.01207	0.08050	0.01314	0.01116	0.09530	0.06484	0.02031	0.00944	0.01057	0.00718	0.00504	0.00418	0.00155	0.00551	0.00362	0.00308	0.00696
3	0.01270	0.01219	0.02083	0.03149	0.78767	0.01219	0.01575	0.01575	0.01168	0.01676	0.00965	0.01270	0.00813	0.00457	0.00508	0.00152	0.00610	0.00457	0.00254	0.00813
4	0.00715	0.00524	0.00670	0.00634	0.00760	0.00479	0.00475	0.00946	0.01426	0.01994	0.71521	0.03938	0.11856	0.01073	0.00605	0.00163	0.00244	0.00943	0.00556	0.00479
5	0.01123	0.01123	0.01572	0.01347	0.01347	0.01572	0.01123	0.01235	0.00786	0.01235	0.00674	0.01123	0.00674	0.00898	0.01684	0.00225	0.81028	0.00449	0.00225	0.00561
6	0.00682	0.00523	0.00625	0.00599	0.00739	0.00465	0.00449	0.00883	0.01348	0.01810	0.51462	0.04240	0.32030	0.01141	0.00606	0.00166	0.00249	0.00985	0.00532	0.00465
7	0.00969	0.00912	0.01539	0.80734	0.03534	0.01140	0.01425	0.01311	0.01026	0.01311	0.00912	0.01368	0.00684	0.00513	0.00513	0.00171	0.00684	0.00456	0.00228	0.00570
8	0.00712	0.00519	0.00669	0.00642	0.00760	0.00477	0.00478	0.00937	0.01404	0.01967	0.68966	0.08812	0.09534	0.01100	0.00608	0.00165	0.00247	0.00971	0.00554	0.00477
9	0.01170	0.01311	0.02829	0.02034	0.02519	0.01229	0.70427	0.01586	0.01232	0.01679	0.07602	0.01592	0.01123	0.00485	0.00606	0.00172	0.00812	0.00633	0.00285	0.00674
10	0.01211	0.01384	0.03028	0.02163	0.02682	0.01298	0.76903	0.01644	0.01211	0.01644	0.01038	0.01384	0.00779	0.00433	0.00606	0.00173	0.00865	0.00606	0.00260	0.00692
11	0.00969	0.00912	0.01539	0.80734	0.03534	0.01140	0.01425	0.01311	0.01026	0.01311	0.00912	0.01368	0.00684	0.00513	0.00513	0.00171	0.00684	0.00456	0.00228	0.00570
12	0.01925	0.02212	0.01474	0.01289	0.01587	0.61752	0.00988	0.19438	0.01676	0.01714	0.00895	0.00996	0.00710	0.00549	0.00474	0.00137	0.00842	0.00361	0.00322	0.00659
13	0.80253	0.00987	0.00804	0.05725	0.01153	0.01150	0.00611	0.01496	0.00883	0.02240	0.00727	0.00867	0.00564	0.00479	0.00330	0.00160	0.00415	0.00289	0.00312	0.00557
14	0.00969	0.00912	0.01539	0.80734	0.03534	0.01140	0.01425	0.01311	0.01026	0.01311	0.00912	0.01368	0.00684	0.00513	0.00513	0.00171	0.00684	0.00456	0.00228	0.00570
15	0.01270	0.01219	0.02083	0.03149	0.78767	0.01219	0.01575	0.01575	0.01168	0.01676	0.00965	0.01270	0.00813	0.00457	0.00508	0.00152	0.00610	0.00457	0.00254	0.00813
16	0.01120	0.00724	0.00649	0.00608	0.00764	0.07301	0.00463	0.07552	0.01219	0.01967	0.01563	0.01773	0.01223	0.00593	0.00380	0.00123	0.00324	0.00464	0.70667	0.00521
17	0.00611	0.00501	0.00539	0.00570	0.00706	0.00429	0.00412	0.00731	0.01121	0.01366	0.04584	0.24822	0.59071	0.01379	0.00619	0.00182	0.00270	0.01180	0.00476	0.00429
18	0.01306	0.01096	0.01164	0.01038	0.01324	0.01255	0.00808	0.10357	0.65120	0.02207	0.02046	0.06872	0.01609	0.00745	0.00530	0.00174	0.00416	0.00623	0.00518	0.00794
19	0.01276	0.01102	0.01160	0.01044	0.01334	0.01276	0.00812	0.02727	0.77840	0.02146	0.02088	0.01914	0.01566	0.00696	0.00522	0.00174	0.00406	0.00580	0.00522	0.00812
20	0.00713	0.00524	0.00668	0.00632	0.00759	0.00479	0.00474	0.00944	0.01422	0.01986	0.70687	0.03951	0.12695	0.01076	0.00605	0.00163	0.00244	0.00944	0.00555	0.00479
21	0.01438	0.01307	0.05465	0.01801	0.02289	0.01177	0.53136	0.01892	0.06095	0.18028	0.01308	0.01482	0.00927	0.00494	0.00577	0.00170	0.00742	0.00576	0.00354	0.00740
22	0.85592	0.00992	0.00754	0.00675	0.00992	0.01151	0.00556	0.01508	0.00873	0.02302	0.00714	0.00834	0.00556	0.00476	0.00318	0.00159	0.00397	0.00278	0.00318	0.00556
23	0.00633	0.00452	0.00604	0.00723	0.00757	0.00423	0.00490	0.00728	0.00990	0.01319	0.02824	0.78706	0.03377	0.01600	0.00657	0.00209	0.00304	0.04308	0.00476	0.00419
24	0.02215	0.07785	0.01326	0.00916	0.01317	0.00882	0.00770	0.04213	0.01455	0.70693	0.01894	0.01656	0.01209	0.00618	0.00500	0.00154	0.00449	0.00494	0.00597	0.00855
25	0.01368	0.67492	0.08030	0.00945	0.01396	0.01901	0.00951	0.05176	0.06094	0.01394	0.00842	0.00932	0.00727	0.00467	0.00362	0.00120	0.00555	0.00311	0.00253	0.00686
26	0.01372	0.82276	0.02689	0.00878	0.01317	0.02030	0.00878	0.01536	0.01043	0.01207	0.00713	0.00823	0.00658	0.00439	0.00329	0.00110	0.00549	0.00274	0.00219	0.00658
27	0.00625	0.00447	0.00595	0.00714	0.00744	0.00417	0.00476	0.00714	0.00982	0.01310	0.02828	0.81633	0.03394	0.01608	0.00655	0.00208	0.00298	0.01459	0.00476	0.00417
28	0.01407	0.77095	0.02609	0.00907	0.01334	0.07084	0.00885	0.01570	0.01069	0.01210	0.00719	0.00830	0.00659	0.00445	0.00338	0.00111	0.00573	0.00278	0.00222	0.00654
29	0.00653	0.00504	0.00597	0.00617	0.00736	0.00448	0.00450	0.00810	0.01211	0.01582	0.27825	0.24471	0.34371	0.01302	0.00620	0.00180	0.00268	0.02405	0.00504	0.00446
30	0.01380	0.01185	0.01939	0.06477	0.63409	0.01197	0.01455	0.05686	0.02375	0.08312	0.01083	0.01322	0.00860	0.00487	0.00509	0.00154	0.00593	0.00464	0.00303	0.00810
31	0.00988	0.00924	0.01553	0.64826	0.13743	0.01104	0.01384	0.01309	0.01043	0.01361	0.01044	0.06563	0.00878	0.00576	0.00522	0.00171	0.00649	0.00521	0.00248	0.00594
32	0.00606	0.00520	0.00520	0.00520	0.00693	0.00433	0.00390	0.00736	0.01170	0.01386	0.05198	0.04938	0.78558	0.01299	0.00606	0.00173	0.00260	0.01083	0.00476	0.00433
33	0.00804	0.00495	0.00575	0.00630	0.00712	0.00489	0.00443	0.01031	0.05125	0.01616	0.02288	0.42771	0.02394	0.01121	0.00519	0.00168	0.00278	0.00986	0.37091	0.00465
34	0.01244	0.01193	0.02037	0.09724	0.72391	0.01212	0.01562	0.01552	0.01156	0.01645	0.00961	0.01278	0.00802	0.00462	0.00508	0.00154	0.00616	0.00457	0.00252	0.00792
35	0.02151	0.00869	0.01162	0.00907	0.01282	0.00774	0.00744	0.02433	0.06424	0.70014	0.06109	0.01869	0.01480	0.00661	0.00521	0.00160	0.00424	0.00542	0.00624	0.00848
36	0.00734	0.00487	0.00584	0.00613	0.00623	0.00481	0.00373	0.00747	0.00805	0.01072	0.01856	0.19083	0.02152	0.57488	0.02105	0.05918	0.00453	0.03747	0.00345	0.00333
37	0.01270	0.01219	0.02083	0.03149	0.78767	0.01219	0.01575	0.01575	0.01168	0.01676	0.00965	0.01270	0.00813	0.00457	0.00508	0.00152	0.00610	0.00457	0.00254	0.00813
38	0.01248	0.01207	0.02092	0.08138	0.70302	0.01218	0.05112	0.01561	0.01161	0.01651	0.00965	0.01282	0.00803	0.00460	0.00513	0.00155	0.00626	0.00464	0.00253	0.00791
39	0.01776	0.02082	0.01370	0.01221	0.01498	0.58954	0.00929	0.11573	0.05629	0.01568	0.01292	0.01357	0.07337	0.00614	0.00484	0.00141	0.00795	0.00424	0.00328	0.00628
40	0.00736	0.00493	0.00563	0.00573	0.00575	0.00491	0.00325	0.00743	0.00766	0.01022	0.01719	0.09991	0.01995	0.75158	0.02446	0.00473	0.00481	0.00807	0.00325	0.00320
41	0.01801	0.01355	0.01659	0.01455	0.10620	0.02731	0.06727	0.50210	0.06976	0.09260	0.01302	0.01331	0.00934	0.00589	0.00520	0.00157	0.00577	0.00482	0.00471	0.00844
42	0.00956	0.00478	0.00478	0.00478	0.00598	0.00478	0.00359	0.01196	0.01076	0.01913	0.01674	0.01913	0.01315	0.00598	0.00359	0.00120	0.00239	0.00478	0.84816	0.00478
43	0.01917	0.02445	0.01454	0.01322	0.01586	0.79907	0.00991	0.02049	0.01454	0.01256	0.00793	0.00925	0.00661	0.00529	0.00463	0.00132	0.00925	0.00330	0.00264	0.00595
44	0.85592	0.00992	0.00754	0.00675	0.00992	0.01151	0.00556	0.01508	0.00873	0.02302	0.00714	0.00834	0.00556	0.00476	0.00318	0.00159	0.00397	0.00278	0.00318	0.00556
45	0.02254	0.00951	0.01239	0.00950	0.01349	0.00870	0.00785	0.12797	0.01599	0.68641	0.01915	0.01675	0.01215	0.00632	0.00516	0.00158	0.00454	0.00509	0.00618	0.00873
46	0.00663	0.00517	0.00602	0.00591	0.00731	0.00456	0.00439	0.00843	0.01290	0.01694	0.39206	0.09234	0.39491	0.01202	0.00609	0.00170	0.00254	0.01034	0.00518	0.00456
47	0.01014	0.00876	0.01354	0.04833	0.01444	0.00882	0.16742	0.07801	0.11284	0.02046	0.42122	0.02733	0.03031	0.00812	0.00582	0.00165	0.00443	0.00753	0.00475	0.00607
48	0.01291	0.06472	0.01861	0.10202	0.49843	0.06172	0.01338	0.04963	0.01235	0.03384	0.03370	0.01506	0.05055	0.00539	0.00502	0.00152	0.00598	0.00485	0.00291	0.00740
49	0.01352	0.76889	0.02594	0.00892	0.01305	0.01979	0.00880	0.01516	0.01031	0.01222	0.00730	0.00858	0.00672	0.00464	0.00394	0.00115	0.04332	0.00286	0.01839	0.00650
50	0.01289	0.22603	0.29847	0.01319	0.08296	0.01403	0.01283	0.10760	0.05887	0.03476	0.01032	0.02316	0.00812	0.00512	0.00448	0.00142	0.00604	0.00394	0.00295	0.07283
51	0.01122	0.16570	0.55467	0.01403	0.05590	0.01349	0.01608	0.01700	0.07585	0.01598	0.00985	0.01116	0.00737	0.00495	0.00463	0.00154	0.00684	0.00381	0.00245	0.00748
52	0.04746	0.03720	0.03884	0.00831	0.00970	0.00708	0.00665	0.02236	0.02558	0.06381	0.10193	0.34626	0.02665	0.06313	0.00801	0.00215	0.05616	0.11923	0.00443	0.00506
53	0.83781	0.00997	0.00783	0.00728	0.02662	0.01153	0.00578	0.01510	0.00880	0.02289	0.00720	0.00843	0.00561	0.00476	0.00322	0.00159	0.00401	0.00282	0.00316	0.00561
54	0.01068	0.10983	0.62386	0.01467	0.07013	0.01251	0.01691	0.01571	0.01069	0.01554	0.00934	0.01175	0.00719	0.04317	0.00572	0.00172	0.00714	0.00390	0.00224	0.00730
55	0.00650	0.00521	0.00580	0.00565	0.00720	0.00452	0.00424	0.00820	0.01272	0.01629	0.31755	0.04538	0.51850	0.01209	0.00606	0.00169	0.00253	0.01027	0.00508	0.00452
56	0.00621	0.00515	0.00543	0.00547	0.00705	0.00438	0.00406	0.00760	0.01187	0.01454	0.13074	0.10286	0.65108	0.01294	0.00610	0.00174	0.00261	0.01093	0.00486	0.00438
57	0.01211	0.01384	0.03028	0.02163	0.02682	0.01298	0.76903	0.01644	0.01211	0.01644	0.01038	0.01384	0.00779	0.00433	0.00606	0.00173	0.00865	0.00606	0.00260	0.00692
58	0.00634	0.00453	0.00606	0.00725	0.00759	0.00425	0.00492	0.00730	0.00991	0.01320	0.02823	0.78188	0.03374	0.01599	0.00657	0.00210	0.00306	0.04813	0.00476	0.00419
59	0.01793	0.01426	0.01856	0.01389	0.01823	0.01529	0.17127	0.61014	0.02157	0.02895	0.01191	0.01264	0.00853	0.00577	0.00533	0.00158	0.00629	0.00493	0.00459	0.00834
60	0.85592	0.00992	0.00754	0.00675	0.00992	0.01151	0.00556	0.01508	0.00873	0.02302	0.00714	0.00834	0.00556	0.00476	0.00318	0.00159	0.00397	0.00278	0.00318	0.00556
61	0.01372	0.82276	0.02689	0.00878	0.01317	0.02030	0.00878	0.01536	0.01043	0.01207	0.00713	0.00823	0.00658	0.00439	0.00329	0.00110	0.00549	0.00274	0.00219	0.00658
62	0.01205	0.01368	0.02936	0.02111	0.02597	0.01315	0.72123	0.01618	0.01184	0.01618	0.01015	0.01368	0.00772	0.00462	0.00674	0.00176	0.05922	0.00596	0.00257	0.00684
63	0.00969	0.00912	0.01539	0.80734	0.03534	0.01140	0.01425	0.01311	0.01026	0.01311	0.00912	0.01368	0.00684	0.00513	0.00513	0.00171	0.00684	0.00456	0.00228	0.00570
64	0.01288	0.01245	0.07894	0.01140	0.01479	0.02317	0.05695	0.05341	0.56509	0.04463	0.01905	0.05519	0.01476	0.00697	0.00529	0.00173	0.00474	0.00596	0.00477	0.00783
65	0.07187	0.02150	0.01385	0.01272	0.03236	0.64697	0.00946	0.02018	0.01412	0.07948	0.02630	0.01062	0.00803	0.00544	0.00462	0.00137	0.00828	0.00359	0.00306	0.00618
66	0.00696	0.00532	0.00639	0.00611	0.00752	0.00480	0.00459	0.00921	0.02581	0.01839	0.53285	0.04164	0.28915	0.01125	0.00604	0.00165	0.00251	0.00973	0.00535	0.00473
67	0.01191	0.01152	0.01661	0.21494	0.34670	0.08425	0.02586	0.03010	0.01161	0.01536	0.05883	0.01605	0.01101	0.00645	0.00654	0.04694	0.04276	0.03321	0.00279	0.00656
68	0.01381	0.13728	0.30098	0.05248	0.10896	0.01422	0.04335	0.22091	0.01456	0.03165	0.01001	0.01142	0.00747	0.00513	0.00480	0.00152	0.00653	0.00410	0.00311	0.00771
69	0.00746	0.00497	0.00560	0.00560	0.00560	0.00497	0.00311	0.00746	0.00746	0.00995	0.01617	0.03358	0.01865	0.81967	0.02612	0.00497	0.00497	0.00746	0.00311	0.00311
70	0.00636	0.00453	0.00598	0.00703	0.00735	0.00424	0.00468	0.00728	0.00992	0.01328	0.06326	0.73792	0.03380	0.05870	0.00757	0.00222	0.00306	0.01396	0.00472	0.00414
71	0.00762	0.00592	0.00785	0.00780	0.02574	0.00602	0.00570	0.00989	0.02874	0.01799	0.50283	0.15346	0.07775	0.01222	0.03761	0.00200	0.07153	0.00944	0.00499	0.00491
72	0.04633	0.68548	0.07742	0.00939	0.01383	0.06993	0.00942	0.01575	0.01066	0.01281	0.00733	0.00848	0.00654	0.00450	0.00348	0.00117	0.00582	0.00285	0.00226	0.00657
73	0.01115	0.01496	0.16091	0.01870	0.02374	0.01177	0.54360	0.01539	0.01168	0.01608	0.01234	0.08302	0.01062	0.00580	0.00593	0.00177	0.00783	0.03521	0.00279	0.00672
74	0.01058	0.02475	0.69300	0.01637	0.08728	0.01199	0.05275	0.01622	0.01096	0.01630	0.00930	0.01113	0.00670	0.00482	0.00495	0.00162	0.00751	0.00396	0.00222	0.00760
75	0.00613	0.00520	0.00529	0.00527	0.00697	0.00436	0.00395	0.00749	0.01185	0.01422	0.09110	0.04879	0.74624	0.01286	0.00606	0.00173	0.00259	0.01075	0.00481	0.00436
76	0.00978	0.00615	0.00574	0.00565	0.00695	0.05644	0.00426	0.01198	0.01085	0.01776	0.01814	0.02048	0.06143	0.00913	0.07124	0.00184	0.00381	0.00513	0.66844	0.00481
77	0.01160	0.06224	0.07938	0.06283	0.03060	0.01185	0.00984	0.11099	0.08930	0.03632	0.11472	0.09360	0.01721	0.00850	0.00814	0.00182	0.19659	0.04431	0.00382	0.00634
78	0.07292	0.18570	0.13975	0.06394	0.14966	0.03470	0.01121	0.04662	0.01165	0.08176	0.00970	0.01115	0.00756	0.00473	0.00431	0.00134	0.00563	0.00369	0.00295	0.15104

[dist]
# distance from previous block
# <min> <max>
0	2

[block]
# block no. 2 follows, 48 sequences, length 6
# corresponding to MSA columns:
# 174-179
name=unknown_C
#
# <colnr> <probs for GDERKNQSTAVLIFYWHMCP>
#	G	D	E	R	K	N	Q	S	T	A	V	L	I	F	Y	W	H	M	C	P
0	0.06694	0.15361	0.14816	0.01072	0.01514	0.04107	0.01019	0.21604	0.06101	0.18140	0.01312	0.03878	0.00978	0.00593	0.00470	0.00151	0.00553	0.00451	0.00416	0.00769
1	0.01374	0.08045	0.05049	0.05324	0.02292	0.03945	0.45456	0.11790	0.01347	0.05169	0.01047	0.01296	0.00786	0.00496	0.00601	0.00165	0.04282	0.00525	0.00303	0.00709
2	0.00644	0.00512	0.00579	0.00582	0.00721	0.00446	0.00429	0.00803	0.01230	0.01577	0.26741	0.14193	0.47201	0.01263	0.00612	0.00174	0.00259	0.01084	0.00503	0.00446
3	0.00785	0.00650	0.01013	0.00855	0.01040	0.00598	0.11696	0.01044	0.01388	0.01928	0.59602	0.03587	0.11808	0.00984	0.00605	0.00164	0.00335	0.00897	0.00511	0.00509
4	0.00648	0.00474	0.00612	0.00692	0.00758	0.00438	0.00485	0.00773	0.01086	0.01443	0.14481	0.56785	0.12662	0.01477	0.00644	0.00199	0.00294	0.05127	0.00489	0.00432
5	0.01123	0.01123	0.01572	0.01347	0.01347	0.01572	0.01123	0.01235	0.00786	0.01235	0.00674	0.01123	0.00674	0.00898	0.01684	0.00225	0.81028	0.00449	0.00225	0.00561

[dist]
# distance from previous block
# <min> <max>
0	2

# created by:
# /home/berkeley/.conda/envs/busco_data_prod/bin/msa2prfl.pl pipeline/OGs_align_augustus/33634/154873.fs
