[name]
unknown

[dist]
# distance from previous block
# <min> <max>
0	33

[block]
# block no. 0 follows, 50 sequences, length 40
# corresponding to MSA columns:
# 42-81
name=unknown_A
#
# <colnr> <probs for GDERKNQSTAVLIFYWHMCP>
#	G	D	E	R	K	N	Q	S	T	A	V	L	I	F	Y	W	H	M	C	P
0	0.01301	0.01038	0.01670	0.02135	0.43718	0.01027	0.05665	0.06444	0.02326	0.11317	0.08823	0.01988	0.01444	0.00627	0.00529	0.00159	0.00533	0.08165	0.00363	0.00729
1	0.06097	0.00830	0.01047	0.01048	0.10501	0.00814	0.00716	0.08416	0.07320	0.21488	0.15049	0.03957	0.10151	0.05997	0.00641	0.00176	0.00397	0.00636	0.01952	0.02768
2	0.21627	0.01080	0.01185	0.01100	0.08283	0.01166	0.00808	0.23751	0.14640	0.13973	0.01559	0.01527	0.05972	0.00611	0.00461	0.00156	0.00450	0.00472	0.00448	0.00732
3	0.01225	0.01110	0.01806	0.02597	0.63203	0.01106	0.01346	0.01587	0.06443	0.04261	0.06064	0.01443	0.01103	0.00500	0.00496	0.00147	0.00541	0.00477	0.00298	0.04247
4	0.01419	0.01108	0.01737	0.02359	0.53686	0.01107	0.01274	0.06086	0.06548	0.14747	0.04098	0.01444	0.01062	0.00519	0.00499	0.00151	0.00535	0.00479	0.00352	0.00791
5	0.03209	0.01307	0.01948	0.01994	0.27848	0.07635	0.20025	0.12144	0.08150	0.08012	0.01146	0.01310	0.00870	0.00505	0.00526	0.00155	0.01651	0.00482	0.00336	0.00748
6	0.01101	0.00922	0.01400	0.01444	0.16420	0.00936	0.12114	0.01658	0.21870	0.06873	0.11727	0.15771	0.03961	0.00801	0.00551	0.00168	0.00458	0.00742	0.00423	0.00660
7	0.00912	0.00677	0.00890	0.00992	0.09728	0.00670	0.00650	0.02913	0.11658	0.06106	0.25965	0.26513	0.08221	0.01055	0.00574	0.00172	0.00332	0.00936	0.00480	0.00556
8	0.01203	0.01369	0.12346	0.02842	0.69138	0.01181	0.01571	0.01536	0.01124	0.01622	0.00932	0.01210	0.00769	0.00448	0.00491	0.00149	0.00611	0.00434	0.00242	0.00783
9	0.00723	0.00485	0.00554	0.00550	0.00560	0.00482	0.00316	0.00742	0.00781	0.01051	0.07887	0.03299	0.02048	0.75846	0.02378	0.00457	0.00463	0.00739	0.00322	0.00316
10	0.00970	0.00801	0.00891	0.00825	0.01030	0.00871	0.00632	0.01803	0.41839	0.01923	0.25550	0.06028	0.10766	0.00960	0.02688	0.00184	0.00352	0.00751	0.00507	0.00629
11	0.00609	0.00506	0.00532	0.00526	0.00685	0.00429	0.00394	0.00754	0.01183	0.01457	0.17610	0.04615	0.66541	0.01221	0.00589	0.00166	0.00250	0.01026	0.00477	0.00429
12	0.01333	0.82783	0.02612	0.00853	0.01279	0.01972	0.00853	0.01493	0.01013	0.01173	0.00693	0.00800	0.00640	0.00426	0.00320	0.00107	0.00533	0.00267	0.00213	0.00640
13	0.00973	0.00478	0.00488	0.00479	0.00604	0.00474	0.00361	0.01204	0.01058	0.04482	0.01637	0.01853	0.01276	0.00582	0.00354	0.00117	0.00239	0.00466	0.82398	0.00478
14	0.01369	0.01073	0.01272	0.01245	0.10497	0.01196	0.00875	0.20040	0.35739	0.04528	0.01509	0.01580	0.01164	0.02182	0.00744	0.09860	0.03473	0.00503	0.00430	0.00722
15	0.00921	0.03653	0.01248	0.00961	0.01222	0.00738	0.18008	0.01206	0.04751	0.06939	0.22873	0.03247	0.30379	0.00908	0.00569	0.00162	0.00410	0.00820	0.00441	0.00544
16	0.01034	0.00886	0.01034	0.00738	0.01181	0.00664	0.00591	0.01255	0.01034	0.01624	0.00886	0.01034	0.00738	0.00369	0.00369	0.00074	0.00369	0.00295	0.00295	0.85530
17	0.00698	0.00509	0.00656	0.00620	0.00740	0.00467	0.00465	0.00927	0.01394	0.01959	0.74587	0.03789	0.09251	0.01034	0.00588	0.00157	0.00236	0.00911	0.00543	0.00467
18	0.04516	0.39106	0.17121	0.01263	0.09276	0.11799	0.02973	0.01632	0.01106	0.05839	0.00847	0.00969	0.00686	0.00461	0.00400	0.00129	0.00621	0.00332	0.00249	0.00674
19	0.01333	0.82783	0.02612	0.00853	0.01279	0.01972	0.00853	0.01493	0.01013	0.01173	0.00693	0.00800	0.00640	0.00426	0.00320	0.00107	0.00533	0.00267	0.00213	0.00640
20	0.04277	0.01180	0.01910	0.06909	0.42182	0.01264	0.10290	0.09682	0.01206	0.03390	0.00944	0.01223	0.00766	0.00525	0.00659	0.00162	0.11968	0.00455	0.00279	0.00726
21	0.00690	0.00509	0.00645	0.00611	0.00735	0.00464	0.00458	0.00911	0.01375	0.01914	0.69526	0.03862	0.14340	0.01051	0.00588	0.00158	0.00237	0.00921	0.00538	0.00464
22	0.00631	0.00462	0.00598	0.00697	0.00757	0.00430	0.00496	0.00742	0.01006	0.01312	0.03061	0.60985	0.14055	0.01494	0.00636	0.00201	0.00306	0.11254	0.00462	0.00414
23	0.01310	0.77302	0.07894	0.00892	0.01339	0.01917	0.00920	0.01498	0.01015	0.01200	0.00707	0.00817	0.00639	0.00430	0.00330	0.00110	0.00547	0.00273	0.00213	0.00646
24	0.00819	0.00638	0.00795	0.00706	0.00921	0.00553	0.00554	0.01064	0.02803	0.01771	0.38631	0.06387	0.05493	0.00896	0.00536	0.00144	0.00311	0.10697	0.00454	0.25828
25	0.04811	0.03018	0.06578	0.00938	0.01341	0.00885	0.00821	0.06776	0.06374	0.60396	0.01779	0.01582	0.01151	0.00600	0.00489	0.00154	0.00452	0.00480	0.00555	0.00822
26	0.01778	0.01494	0.01544	0.01220	0.01591	0.13686	0.06603	0.52032	0.07430	0.04302	0.01218	0.01299	0.00902	0.00592	0.00502	0.00151	0.00609	0.01820	0.00445	0.00782
27	0.00725	0.00483	0.00544	0.00544	0.00544	0.00483	0.00302	0.00725	0.00725	0.00966	0.01571	0.03262	0.01812	0.82483	0.02537	0.00483	0.00483	0.00725	0.00302	0.00302
28	0.00993	0.02403	0.71863	0.01381	0.02048	0.01152	0.01739	0.01529	0.01049	0.01573	0.04088	0.01164	0.00800	0.00520	0.00549	0.00161	0.05653	0.00394	0.00225	0.00714
29	0.01274	0.01261	0.01984	0.02945	0.74375	0.06276	0.01493	0.01559	0.01153	0.01602	0.00927	0.01212	0.00780	0.00449	0.00491	0.00147	0.00612	0.00436	0.00247	0.00776
30	0.00722	0.00496	0.00607	0.00607	0.00629	0.00518	0.00381	0.00766	0.00744	0.01013	0.01513	0.02941	0.01673	0.63105	0.21725	0.00561	0.00693	0.00678	0.00293	0.00337
31	0.00615	0.00439	0.00587	0.00702	0.00734	0.00411	0.00475	0.00707	0.00961	0.01281	0.02743	0.79318	0.03281	0.01555	0.00638	0.00203	0.00295	0.04184	0.00463	0.00407
32	0.01159	0.01288	0.06510	0.07091	0.16631	0.06474	0.07179	0.01373	0.00942	0.01342	0.00774	0.01139	0.00687	0.00682	0.01111	0.00188	0.44148	0.00438	0.00229	0.00616
33	0.01271	0.67960	0.16896	0.00958	0.01442	0.01822	0.01036	0.01508	0.01020	0.01248	0.00730	0.00846	0.00638	0.00435	0.00348	0.00116	0.00571	0.00285	0.00213	0.00658
34	0.06273	0.00958	0.01473	0.47652	0.11479	0.01156	0.01244	0.02856	0.03097	0.05011	0.00974	0.01377	0.00771	0.00571	0.00641	0.00171	0.11338	0.02092	0.00265	0.00602
35	0.00595	0.00503	0.00514	0.00515	0.00678	0.00423	0.00385	0.00725	0.01144	0.01374	0.08340	0.06741	0.73848	0.01259	0.00590	0.00169	0.00253	0.01055	0.00467	0.00423
36	0.01234	0.01184	0.02023	0.03059	0.79373	0.01184	0.01530	0.01530	0.01135	0.01628	0.00938	0.01234	0.00790	0.00444	0.00493	0.00148	0.00592	0.00444	0.00247	0.00790
37	0.00708	0.00544	0.00690	0.00647	0.00766	0.00526	0.00492	0.00917	0.01323	0.01835	0.61225	0.03752	0.17621	0.01053	0.00652	0.00163	0.05206	0.00900	0.00513	0.00466
38	0.21101	0.15940	0.12187	0.01132	0.04009	0.33127	0.00979	0.01722	0.01155	0.03426	0.00791	0.00913	0.00636	0.00481	0.00400	0.00136	0.00673	0.00315	0.00263	0.00615
39	0.68284	0.01235	0.00889	0.00826	0.02765	0.16107	0.00641	0.01566	0.00961	0.02031	0.00714	0.00836	0.00565	0.00472	0.00339	0.00149	0.00487	0.00283	0.00297	0.00552

[dist]
# distance from previous block
# <min> <max>
0	1

[block]
# block no. 1 follows, 50 sequences, length 7
# corresponding to MSA columns:
# 83-89
name=unknown_B
#
# <colnr> <probs for GDERKNQSTAVLIFYWHMCP>
#	G	D	E	R	K	N	Q	S	T	A	V	L	I	F	Y	W	H	M	C	P
0	0.01270	0.01207	0.02050	0.02882	0.69736	0.01211	0.06379	0.06140	0.01211	0.01718	0.00958	0.01239	0.00791	0.00452	0.00500	0.00149	0.00605	0.00454	0.00262	0.00786
1	0.01242	0.00884	0.01085	0.01014	0.04915	0.00944	0.04634	0.02039	0.38668	0.11656	0.01902	0.09132	0.01525	0.00707	0.00490	0.00159	0.00389	0.00610	0.17316	0.00691
2	0.50325	0.01165	0.00928	0.00787	0.01119	0.13577	0.00630	0.01570	0.01012	0.07020	0.00827	0.00926	0.00641	0.00462	0.00355	0.00134	0.00466	0.00298	0.00318	0.17440
3	0.01607	0.05099	0.01276	0.01014	0.01295	0.26896	0.04420	0.04466	0.01419	0.23500	0.21729	0.01892	0.01888	0.00670	0.00503	0.00145	0.00559	0.00539	0.00441	0.00642
4	0.00710	0.00536	0.00689	0.00723	0.00842	0.00472	0.00519	0.00836	0.00988	0.01362	0.02368	0.59046	0.02750	0.01308	0.00588	0.00179	0.00321	0.08023	0.00429	0.17310
5	0.36707	0.00943	0.01151	0.00907	0.01272	0.00942	0.07955	0.01952	0.01164	0.40317	0.01350	0.01297	0.00902	0.00535	0.00430	0.00156	0.00448	0.00414	0.00455	0.00704
6	0.18290	0.20435	0.06262	0.01030	0.01441	0.01399	0.07248	0.20784	0.05700	0.07149	0.01026	0.01092	0.00775	0.00503	0.00419	0.00140	0.00522	0.00379	0.00354	0.05052

[dist]
# distance from previous block
# <min> <max>
0	1

[block]
# block no. 2 follows, 50 sequences, length 13
# corresponding to MSA columns:
# 91-103
name=unknown_C
#
# <colnr> <probs for GDERKNQSTAVLIFYWHMCP>
#	G	D	E	R	K	N	Q	S	T	A	V	L	I	F	Y	W	H	M	C	P
0	0.11080	0.00934	0.01054	0.00962	0.04869	0.05172	0.00716	0.10832	0.05144	0.29309	0.06966	0.15115	0.04135	0.00791	0.00507	0.00161	0.00427	0.00656	0.00490	0.00680
1	0.00683	0.00509	0.00635	0.00603	0.00731	0.00461	0.00452	0.00896	0.01357	0.01871	0.64593	0.03934	0.19301	0.01067	0.00588	0.00159	0.00239	0.00931	0.00532	0.00461
2	0.07611	0.01120	0.04919	0.01502	0.19710	0.01131	0.04643	0.04916	0.33584	0.05340	0.08921	0.01718	0.01465	0.00611	0.00499	0.00160	0.00469	0.00531	0.00414	0.00737
3	0.00628	0.00500	0.00563	0.00560	0.00700	0.00435	0.00415	0.00785	0.01207	0.01547	0.28370	0.11264	0.48841	0.01211	0.00593	0.00168	0.00250	0.01036	0.00490	0.00435
4	0.01608	0.01336	0.08521	0.01177	0.04985	0.03006	0.00972	0.34756	0.21604	0.11409	0.04392	0.01502	0.01184	0.00616	0.00501	0.00156	0.00510	0.00491	0.00473	0.00800
5	0.01087	0.00955	0.01393	0.50113	0.05543	0.01134	0.01185	0.09173	0.14829	0.01652	0.04020	0.01658	0.01070	0.00590	0.00510	0.00166	0.00579	0.03393	0.00322	0.00627
6	0.05782	0.22116	0.47826	0.01199	0.01798	0.01370	0.01420	0.07302	0.01142	0.04462	0.00896	0.01011	0.00667	0.00476	0.00430	0.00144	0.00642	0.00349	0.00253	0.00714
7	0.01392	0.05642	0.01815	0.12556	0.47296	0.09993	0.01315	0.01654	0.01177	0.10925	0.01023	0.01241	0.00802	0.00479	0.00481	0.00147	0.00612	0.00428	0.00287	0.00735
8	0.01524	0.14106	0.01428	0.01005	0.01336	0.07838	0.00821	0.10106	0.40395	0.13705	0.01619	0.01520	0.01197	0.00606	0.00471	0.00152	0.00478	0.00475	0.00456	0.00763
9	0.08947	0.01126	0.01838	0.12823	0.62512	0.01168	0.01421	0.01491	0.01091	0.01639	0.00909	0.01207	0.00751	0.00453	0.00477	0.00151	0.00582	0.00428	0.00249	0.00737
10	0.00677	0.00518	0.00630	0.00685	0.00777	0.00496	0.00486	0.00913	0.08132	0.01445	0.11215	0.48890	0.18423	0.01358	0.00611	0.00189	0.00291	0.03337	0.00476	0.00452
11	0.01195	0.01063	0.01485	0.01346	0.08551	0.01183	0.11485	0.11562	0.25267	0.01948	0.13820	0.03280	0.01671	0.00710	0.00704	0.00171	0.12875	0.00591	0.00409	0.00685
12	0.00667	0.00508	0.00613	0.00587	0.00721	0.00454	0.00440	0.00866	0.01320	0.01784	0.54670	0.04078	0.29278	0.01099	0.00588	0.00161	0.00241	0.00951	0.00520	0.00454

[dist]
# distance from previous block
# <min> <max>
1	3

[block]
# block no. 3 follows, 50 sequences, length 48
# corresponding to MSA columns:
# 107-154
name=unknown_D
#
# <colnr> <probs for GDERKNQSTAVLIFYWHMCP>
#	G	D	E	R	K	N	Q	S	T	A	V	L	I	F	Y	W	H	M	C	P
0	0.05147	0.03298	0.01256	0.00938	0.01310	0.00915	0.03211	0.13051	0.03914	0.51840	0.06221	0.01659	0.01317	0.00615	0.00493	0.00151	0.00444	0.00501	0.00548	0.03170
1	0.01138	0.21340	0.20040	0.01045	0.01452	0.01192	0.06071	0.04051	0.10421	0.05694	0.16481	0.03095	0.03675	0.00650	0.00480	0.00149	0.00510	0.01500	0.00359	0.00655
2	0.03681	0.00978	0.12684	0.00880	0.01191	0.00701	0.04450	0.03124	0.01138	0.11061	0.08227	0.21918	0.09238	0.00867	0.00517	0.00154	0.00412	0.00754	0.03180	0.14845
3	0.07657	0.01174	0.01155	0.01000	0.06302	0.14885	0.00732	0.03656	0.01177	0.08565	0.03405	0.01153	0.00881	0.00455	0.00409	0.00106	0.00484	0.00349	0.00328	0.46125
4	0.00853	0.00588	0.00657	0.00622	0.00675	0.00602	0.00393	0.09291	0.00931	0.01237	0.01673	0.03158	0.04159	0.68191	0.02189	0.00428	0.00482	0.03166	0.00334	0.00372
5	0.01904	0.01328	0.01450	0.01110	0.01509	0.01441	0.00916	0.68201	0.02217	0.10592	0.01263	0.01241	0.00882	0.00594	0.00495	0.00148	0.00531	0.00450	0.00505	0.03221
6	0.01234	0.01184	0.02023	0.03059	0.79373	0.01184	0.01530	0.01530	0.01135	0.01628	0.00938	0.01234	0.00790	0.00444	0.00493	0.00148	0.00592	0.00444	0.00247	0.00790
7	0.00941	0.00886	0.01495	0.81285	0.03433	0.01107	0.01384	0.01274	0.00997	0.01274	0.00886	0.01329	0.00664	0.00498	0.00498	0.00166	0.00664	0.00443	0.00221	0.00554
8	0.00803	0.00692	0.01219	0.01055	0.01225	0.00748	0.15664	0.01028	0.00874	0.01243	0.01271	0.01838	0.01150	0.03090	0.64884	0.00677	0.01238	0.00545	0.00264	0.00489
9	0.00605	0.00442	0.00570	0.00673	0.00717	0.00407	0.00453	0.00696	0.00975	0.01281	0.03003	0.73560	0.11729	0.01528	0.00631	0.00199	0.00285	0.01376	0.00463	0.00407
10	0.01234	0.01184	0.02023	0.03059	0.79373	0.01184	0.01530	0.01530	0.01135	0.01628	0.00938	0.01234	0.00790	0.00444	0.00493	0.00148	0.00592	0.00444	0.00247	0.00790
11	0.00712	0.00534	0.00801	0.00801	0.00890	0.00623	0.00623	0.00890	0.00801	0.01157	0.01335	0.01958	0.01246	0.03738	0.80507	0.00801	0.01335	0.00534	0.00267	0.00445
12	0.00607	0.00434	0.00578	0.00694	0.00723	0.00405	0.00463	0.00694	0.00954	0.01272	0.02747	0.82157	0.03297	0.01562	0.00636	0.00202	0.00289	0.01417	0.00463	0.00405
13	0.01388	0.01144	0.01210	0.01044	0.01353	0.01309	0.00825	0.19619	0.61261	0.02324	0.01841	0.01710	0.01369	0.00659	0.00505	0.00165	0.00429	0.00538	0.00505	0.00802
14	0.01234	0.01184	0.02023	0.03059	0.79373	0.01184	0.01530	0.01530	0.01135	0.01628	0.00938	0.01234	0.00790	0.00444	0.00493	0.00148	0.00592	0.00444	0.00247	0.00790
15	0.01177	0.01126	0.01920	0.18351	0.64528	0.01169	0.01501	0.01480	0.01108	0.01559	0.00927	0.01252	0.00765	0.00455	0.00494	0.00152	0.00606	0.00444	0.00242	0.00743
16	0.00732	0.00560	0.00826	0.00815	0.00895	0.00662	0.00632	0.00898	0.00796	0.01151	0.01311	0.01974	0.01242	0.07182	0.72959	0.00757	0.05360	0.00538	0.00266	0.00444
17	0.00607	0.00434	0.00578	0.00694	0.00723	0.00405	0.00463	0.00694	0.00954	0.01272	0.02747	0.82157	0.03297	0.01562	0.00636	0.00202	0.00289	0.01417	0.00463	0.00405
18	0.01234	0.01184	0.02023	0.03059	0.79373	0.01184	0.01530	0.01530	0.01135	0.01628	0.00938	0.01234	0.00790	0.00444	0.00493	0.00148	0.00592	0.00444	0.00247	0.00790
19	0.01234	0.01184	0.02023	0.03059	0.79373	0.01184	0.01530	0.01530	0.01135	0.01628	0.00938	0.01234	0.00790	0.00444	0.00493	0.00148	0.00592	0.00444	0.00247	0.00790
20	0.01176	0.01345	0.02941	0.02101	0.02605	0.01261	0.77563	0.01597	0.01176	0.01597	0.01008	0.01345	0.00756	0.00420	0.00588	0.00168	0.00840	0.00588	0.00252	0.00672
21	0.01232	0.01349	0.02830	0.02027	0.02524	0.01282	0.71672	0.07449	0.01266	0.01715	0.01023	0.01333	0.00763	0.00434	0.00581	0.00167	0.00818	0.00578	0.00271	0.00686
22	0.00607	0.00436	0.00576	0.00687	0.00721	0.00405	0.00459	0.00695	0.00961	0.01275	0.02835	0.79209	0.06189	0.01550	0.00634	0.00201	0.00288	0.01403	0.00463	0.00405
23	0.00995	0.00941	0.01592	0.66864	0.17432	0.01122	0.01411	0.01321	0.01022	0.01339	0.00895	0.01311	0.00688	0.00488	0.00497	0.00163	0.00651	0.00443	0.00226	0.00597
24	0.01351	0.79943	0.02570	0.00868	0.01289	0.04745	0.00857	0.01510	0.01027	0.01174	0.00696	0.00803	0.00640	0.00430	0.00324	0.00107	0.00546	0.00268	0.00215	0.00637
25	0.00713	0.00531	0.00786	0.00786	0.00870	0.00615	0.00604	0.00880	0.00797	0.01146	0.01349	0.02035	0.01279	0.08351	0.75940	0.00782	0.01285	0.00545	0.00269	0.00437
26	0.00623	0.00450	0.00594	0.00703	0.00747	0.00420	0.00488	0.00724	0.00980	0.01295	0.02857	0.71562	0.07200	0.01530	0.00638	0.00203	0.00302	0.07811	0.00462	0.00410
27	0.01005	0.00973	0.01509	0.47171	0.02527	0.01286	0.01259	0.01242	0.00897	0.01242	0.00787	0.01227	0.00660	0.00658	0.00984	0.00188	0.35174	0.00440	0.00220	0.00550
28	0.00699	0.00509	0.00658	0.00621	0.00741	0.00468	0.00466	0.00929	0.01397	0.01965	0.75265	0.03779	0.08570	0.01032	0.00588	0.00157	0.00236	0.00909	0.00544	0.00468
29	0.00637	0.00507	0.00572	0.00555	0.00703	0.00441	0.00417	0.00809	0.01250	0.01616	0.35692	0.04353	0.48360	0.01162	0.00589	0.00164	0.00245	0.00990	0.00498	0.00441
30	0.02129	0.00851	0.01146	0.00899	0.01267	0.00753	0.00745	0.05190	0.01443	0.71688	0.01981	0.01935	0.01326	0.00666	0.00513	0.00159	0.00431	0.05450	0.00602	0.00823
31	0.03516	0.01250	0.01338	0.01062	0.01424	0.03604	0.00865	0.48104	0.14236	0.14050	0.04371	0.01455	0.01145	0.00624	0.00498	0.00153	0.00501	0.00485	0.00508	0.00810
32	0.13149	0.31250	0.01792	0.01030	0.03303	0.11997	0.00867	0.25178	0.01471	0.04401	0.00905	0.00976	0.00713	0.00502	0.00401	0.00132	0.00564	0.00342	0.00334	0.00693
33	0.01225	0.01170	0.01967	0.05255	0.73593	0.01185	0.01492	0.01573	0.04656	0.01639	0.00986	0.01265	0.00819	0.00456	0.00494	0.00150	0.00585	0.00450	0.00258	0.00783
34	0.04242	0.03829	0.01667	0.01337	0.01663	0.38782	0.13594	0.17476	0.06196	0.01758	0.00976	0.01108	0.00763	0.00581	0.01765	0.00155	0.02717	0.00409	0.00321	0.00659
35	0.07526	0.01183	0.01243	0.01036	0.01369	0.01334	0.00831	0.31668	0.41095	0.04881	0.01610	0.01523	0.01182	0.00629	0.00490	0.00160	0.00454	0.00496	0.00493	0.00796
36	0.00713	0.00529	0.00775	0.00775	0.00855	0.00609	0.00590	0.00873	0.00793	0.01138	0.01359	0.02092	0.01304	0.11815	0.72510	0.00768	0.01248	0.00554	0.00271	0.00430
37	0.01118	0.02141	0.56665	0.01609	0.11557	0.01138	0.06082	0.04136	0.01134	0.05196	0.01031	0.01299	0.00778	0.00512	0.00493	0.00160	0.00694	0.03266	0.00255	0.00738
38	0.00668	0.00479	0.00646	0.00758	0.00818	0.00458	0.00566	0.00800	0.01020	0.01343	0.02781	0.56069	0.05384	0.01495	0.00651	0.00210	0.00341	0.24629	0.00462	0.00422
39	0.01032	0.00936	0.01495	0.52008	0.16708	0.01087	0.01275	0.05309	0.04086	0.01537	0.08641	0.01560	0.01126	0.00552	0.00507	0.00161	0.00593	0.00493	0.00283	0.00612
40	0.00712	0.00534	0.00801	0.00801	0.00890	0.00623	0.00623	0.00890	0.00801	0.01157	0.01335	0.01958	0.01246	0.03738	0.80507	0.00801	0.01335	0.00534	0.00267	0.00445
41	0.00721	0.00500	0.00630	0.00630	0.00660	0.00530	0.00409	0.00780	0.00750	0.01030	0.01492	0.02826	0.01623	0.56134	0.28626	0.00590	0.00768	0.00661	0.00290	0.00350
42	0.01650	0.01666	0.01545	0.03777	0.15566	0.32508	0.03245	0.19394	0.05443	0.04587	0.01021	0.01137	0.00790	0.00522	0.00475	0.00139	0.00685	0.00401	0.00337	0.05112
43	0.00628	0.00504	0.00562	0.00558	0.00698	0.00446	0.00413	0.00772	0.01144	0.01447	0.19649	0.07271	0.52472	0.05088	0.05919	0.00223	0.00332	0.00986	0.00460	0.00426
44	0.01523	0.05518	0.05020	0.01142	0.01396	0.07957	0.00971	0.17219	0.09838	0.14477	0.02509	0.01308	0.00950	0.00685	0.00857	0.00171	0.26929	0.00450	0.00380	0.00698
45	0.10133	0.27902	0.07095	0.01250	0.07036	0.12795	0.09468	0.06711	0.01219	0.10653	0.00951	0.01053	0.00736	0.00480	0.00422	0.00136	0.00611	0.00369	0.00301	0.00679
46	0.20981	0.12974	0.14577	0.00984	0.02785	0.08184	0.00915	0.01798	0.04083	0.21694	0.05604	0.01299	0.01036	0.00543	0.00427	0.00146	0.00517	0.00400	0.00373	0.00680
47	0.33763	0.20505	0.16758	0.02646	0.09879	0.03769	0.02340	0.02530	0.01003	0.01746	0.00777	0.00927	0.00621	0.00458	0.00378	0.00143	0.00542	0.00320	0.00259	0.00636

[dist]
# distance from previous block
# <min> <max>
0	9

# created by:
# /home/berkeley/.conda/envs/busco_data_prod/bin/msa2prfl.pl pipeline/OGs_align_augustus/33634/154915.fs
