[name]
unknown

[dist]
# distance from previous block
# <min> <max>
0	97

[block]
# block no. 0 follows, 49 sequences, length 35
# corresponding to MSA columns:
# 114-148
name=unknown_A
#
# <colnr> <probs for GDERKNQSTAVLIFYWHMCP>
#	G	D	E	R	K	N	Q	S	T	A	V	L	I	F	Y	W	H	M	C	P
0	0.00804	0.00744	0.04147	0.00719	0.00892	0.04942	0.00581	0.03857	0.01313	0.01719	0.34852	0.10089	0.25631	0.01108	0.00592	0.00170	0.00337	0.06528	0.00484	0.00489
1	0.01418	0.09503	0.15077	0.02893	0.14242	0.07209	0.03734	0.09383	0.20877	0.08671	0.01307	0.01356	0.00978	0.00550	0.00485	0.00153	0.00583	0.00452	0.00366	0.00763
2	0.01319	0.01585	0.23921	0.07076	0.14048	0.04362	0.01270	0.18186	0.07733	0.04673	0.06972	0.01462	0.01143	0.00574	0.00498	0.00155	0.00589	0.00472	0.03221	0.00740
3	0.00709	0.00525	0.00667	0.00633	0.00763	0.00475	0.00472	0.00925	0.01355	0.01893	0.62876	0.09634	0.11837	0.01074	0.00592	0.00160	0.00250	0.00945	0.00532	0.03682
4	0.01349	0.01327	0.05398	0.01599	0.08555	0.10428	0.21929	0.02579	0.01142	0.11247	0.02501	0.06436	0.01021	0.00671	0.00829	0.00177	0.21294	0.00549	0.00314	0.00655
5	0.00631	0.00476	0.00573	0.00633	0.00723	0.00427	0.00448	0.00736	0.01058	0.01351	0.07698	0.42678	0.32179	0.01439	0.00677	0.03414	0.00287	0.03691	0.00465	0.00415
6	0.01154	0.36131	0.44313	0.04214	0.01863	0.01520	0.01429	0.01553	0.01049	0.01417	0.00821	0.00970	0.00645	0.00461	0.00416	0.00139	0.00658	0.00333	0.00215	0.00699
7	0.74434	0.00947	0.00755	0.00673	0.00973	0.01082	0.00550	0.04089	0.00955	0.02241	0.04371	0.01188	0.05071	0.00544	0.00348	0.00157	0.00383	0.00352	0.00339	0.00549
8	0.00722	0.00520	0.00674	0.00709	0.00794	0.00495	0.00512	0.04068	0.01223	0.01677	0.33060	0.43196	0.03785	0.01313	0.00623	0.00186	0.00292	0.05185	0.00506	0.00459
9	0.02024	0.00823	0.01110	0.00861	0.01224	0.00709	0.00705	0.02226	0.01423	0.66274	0.10721	0.01919	0.01627	0.00659	0.00511	0.00152	0.00405	0.00543	0.00600	0.05484
10	0.00702	0.00476	0.00636	0.00715	0.00776	0.00444	0.00502	0.00827	0.01071	0.04098	0.14912	0.61707	0.03473	0.01451	0.00636	0.00198	0.00300	0.06145	0.00488	0.00440
11	0.00624	0.00454	0.00590	0.00696	0.00744	0.00421	0.00478	0.00723	0.00996	0.01309	0.03013	0.70620	0.10790	0.01545	0.00643	0.00203	0.00298	0.04970	0.00469	0.00415
12	0.01209	0.01272	0.02508	0.05902	0.36637	0.01238	0.40401	0.01576	0.01167	0.01620	0.00986	0.01313	0.00778	0.00440	0.00550	0.00161	0.00733	0.00526	0.00252	0.00730
13	0.00609	0.00509	0.00531	0.00533	0.00692	0.00431	0.00397	0.00745	0.01169	0.01423	0.11727	0.08560	0.68394	0.01273	0.00600	0.00171	0.00256	0.01072	0.00478	0.00431
14	0.00631	0.00510	0.00561	0.00556	0.00706	0.00440	0.00414	0.00788	0.01221	0.01547	0.25545	0.08242	0.54613	0.01226	0.00600	0.00169	0.00253	0.01042	0.00494	0.00440
15	0.01277	0.01205	0.01998	0.02953	0.73258	0.01217	0.01502	0.04415	0.04102	0.01727	0.01003	0.01274	0.00831	0.00465	0.00501	0.00151	0.00592	0.00455	0.00270	0.00803
16	0.01106	0.01106	0.01549	0.01328	0.01328	0.01549	0.01106	0.01217	0.00774	0.01217	0.00664	0.01106	0.00664	0.00885	0.01659	0.00221	0.81303	0.00443	0.00221	0.00553
17	0.01147	0.00581	0.00619	0.00566	0.00732	0.00580	0.00438	0.07015	0.01197	0.09648	0.01651	0.01819	0.01259	0.00594	0.00380	0.00124	0.00279	0.00474	0.70359	0.00539
18	0.01153	0.01276	0.09277	0.08173	0.01851	0.01364	0.16296	0.01565	0.10983	0.03542	0.00995	0.01292	0.00813	0.00690	0.01058	0.00193	0.38080	0.00486	0.00277	0.00639
19	0.07116	0.22541	0.48903	0.01232	0.01833	0.07299	0.01457	0.01603	0.01070	0.01518	0.00832	0.00974	0.00637	0.00471	0.00428	0.00145	0.00683	0.00337	0.00225	0.00697
20	0.01820	0.04136	0.01415	0.01095	0.01446	0.12605	0.00891	0.44745	0.03949	0.13031	0.01282	0.01314	0.00933	0.00832	0.06463	0.00197	0.00639	0.00448	0.01984	0.00775
21	0.00885	0.00610	0.00803	0.00802	0.00911	0.00600	0.01839	0.06468	0.01088	0.05967	0.02313	0.51576	0.03613	0.03427	0.00778	0.04783	0.03620	0.04866	0.00441	0.04611
22	0.01038	0.00895	0.01083	0.00783	0.01220	0.00681	0.02572	0.01263	0.01050	0.01635	0.00966	0.03792	0.00837	0.00417	0.00389	0.00082	0.00384	0.00346	0.00304	0.80264
23	0.25748	0.01214	0.01452	0.09279	0.04288	0.08703	0.13147	0.06341	0.14086	0.07789	0.01145	0.01260	0.00855	0.00534	0.00483	0.00161	0.02058	0.00436	0.00355	0.00668
24	0.16172	0.01146	0.01076	0.00981	0.01221	0.14621	0.02806	0.16577	0.02555	0.01951	0.02928	0.06786	0.01574	0.02283	0.00556	0.00179	0.00533	0.20869	0.04601	0.00585
25	0.00896	0.00578	0.00738	0.00669	0.00821	0.00543	0.00511	0.04315	0.01453	0.07909	0.65572	0.03412	0.04153	0.00961	0.00573	0.00156	0.00266	0.00841	0.05110	0.00522
26	0.01843	0.01066	0.01366	0.01160	0.05604	0.01080	0.04520	0.16776	0.20765	0.37581	0.01758	0.01623	0.01202	0.00618	0.00513	0.00160	0.00476	0.00515	0.00537	0.00834
27	0.85801	0.00978	0.00743	0.00665	0.00978	0.01134	0.00548	0.01486	0.00861	0.02269	0.00704	0.00821	0.00548	0.00469	0.00313	0.00156	0.00391	0.00274	0.00313	0.00548
28	0.01811	0.01310	0.01574	0.01204	0.01601	0.01410	0.08452	0.56423	0.06212	0.09820	0.01327	0.01335	0.00938	0.00594	0.00510	0.00154	0.00555	0.00481	0.03464	0.00826
29	0.00616	0.00440	0.00587	0.00704	0.00733	0.00411	0.00469	0.00704	0.00968	0.01291	0.02787	0.81899	0.03344	0.01584	0.00645	0.00205	0.00293	0.01438	0.00469	0.00411
30	0.00620	0.00443	0.00590	0.00701	0.00734	0.00413	0.00470	0.00714	0.00987	0.01321	0.05851	0.78750	0.03402	0.01562	0.00643	0.00203	0.00291	0.01416	0.00473	0.00413
31	0.85801	0.00978	0.00743	0.00665	0.00978	0.01134	0.00548	0.01486	0.00861	0.02269	0.00704	0.00821	0.00548	0.00469	0.00313	0.00156	0.00391	0.00274	0.00313	0.00548
32	0.00671	0.00483	0.00646	0.00747	0.00810	0.00458	0.00551	0.00807	0.01057	0.01402	0.08406	0.54537	0.06387	0.01486	0.00653	0.00207	0.00330	0.19459	0.00475	0.00430
33	0.01285	0.36776	0.26691	0.01063	0.01548	0.06309	0.01150	0.01591	0.01133	0.07612	0.06778	0.01360	0.01080	0.00547	0.00430	0.00138	0.00595	0.02955	0.00285	0.00674
34	0.01285	0.10134	0.04011	0.01145	0.07360	0.11702	0.03698	0.09403	0.07591	0.06720	0.21050	0.02126	0.07469	0.00726	0.00551	0.00152	0.03233	0.00592	0.00411	0.00642

[dist]
# distance from previous block
# <min> <max>
1	6

[block]
# block no. 1 follows, 49 sequences, length 16
# corresponding to MSA columns:
# 155-170
name=unknown_B
#
# <colnr> <probs for GDERKNQSTAVLIFYWHMCP>
#	G	D	E	R	K	N	Q	S	T	A	V	L	I	F	Y	W	H	M	C	P
0	0.31599	0.07764	0.03516	0.02305	0.05479	0.01218	0.09605	0.13618	0.01261	0.08332	0.05324	0.01234	0.00951	0.00532	0.00455	0.00152	0.02095	0.00413	0.00358	0.03789
1	0.00891	0.00732	0.00886	0.00863	0.03983	0.00780	0.00633	0.01401	0.20440	0.01860	0.36434	0.03108	0.15092	0.00939	0.00653	0.00168	0.06945	0.00784	0.02839	0.00568
2	0.00641	0.00459	0.00612	0.00707	0.00754	0.00430	0.00490	0.00759	0.01045	0.01408	0.13565	0.66553	0.03523	0.01496	0.00641	0.00200	0.00295	0.05517	0.00482	0.00423
3	0.01038	0.05639	0.67490	0.01405	0.02053	0.01251	0.01740	0.01553	0.01032	0.01540	0.00871	0.01062	0.00644	0.00525	0.00611	0.00165	0.10067	0.00378	0.00215	0.00721
4	0.00689	0.00516	0.00640	0.00609	0.00739	0.00466	0.00456	0.00903	0.01369	0.01881	0.62417	0.04020	0.21253	0.01089	0.00597	0.00162	0.00242	0.00948	0.00537	0.00466
5	0.01331	0.01070	0.01146	0.01020	0.01313	0.01221	0.00796	0.02671	0.72608	0.07711	0.02054	0.01875	0.01522	0.00682	0.00514	0.00170	0.00402	0.00567	0.00523	0.00805
6	0.01421	0.01604	0.01358	0.01215	0.01368	0.36626	0.00954	0.03717	0.03976	0.01307	0.00899	0.01198	0.00797	0.01193	0.14179	0.00276	0.26665	0.00412	0.00266	0.00569
7	0.01855	0.01145	0.01281	0.00998	0.01357	0.01212	0.00819	0.48561	0.01964	0.20675	0.01461	0.01432	0.01016	0.00609	0.00484	0.00148	0.00479	0.00470	0.13232	0.00802
8	0.00730	0.00497	0.00579	0.00579	0.00594	0.00504	0.00345	0.00754	0.00756	0.01013	0.01668	0.03207	0.03986	0.71182	0.11153	0.00517	0.00580	0.00723	0.00307	0.00326
9	0.13286	0.00903	0.01027	0.00764	0.01183	0.00752	0.00617	0.01513	0.01092	0.15439	0.01064	0.01135	0.00809	0.00432	0.00389	0.00101	0.00387	0.00333	0.00359	0.58413
10	0.01246	0.00910	0.00973	0.00855	0.01035	0.04365	0.00638	0.27247	0.01431	0.04744	0.03623	0.09829	0.01729	0.31463	0.01312	0.00290	0.00503	0.06828	0.00419	0.00557
11	0.01082	0.00899	0.01105	0.00922	0.06817	0.00703	0.00667	0.01306	0.01065	0.04082	0.01021	0.04694	0.00884	0.00442	0.00400	0.00089	0.00389	0.00368	0.00314	0.72751
12	0.03025	0.05059	0.07299	0.11253	0.01654	0.00987	0.05449	0.10252	0.04222	0.14225	0.07043	0.03122	0.04315	0.00593	0.00481	0.00140	0.00493	0.00499	0.00390	0.19499
13	0.06886	0.10231	0.01407	0.05111	0.01434	0.03282	0.03036	0.18041	0.09564	0.12821	0.07242	0.01505	0.02168	0.00594	0.00498	0.00143	0.02748	0.00464	0.00417	0.12408
14	0.05779	0.07086	0.07906	0.16918	0.05058	0.01213	0.03921	0.18184	0.08425	0.12664	0.01292	0.04929	0.00993	0.00591	0.00488	0.00156	0.00550	0.00488	0.00386	0.02972
15	0.10872	0.18622	0.15336	0.01105	0.03081	0.06844	0.02689	0.12260	0.08023	0.11143	0.01169	0.01318	0.00903	0.01969	0.00482	0.00154	0.00568	0.02397	0.00355	0.00711

[dist]
# distance from previous block
# <min> <max>
0	74

[block]
# block no. 2 follows, 49 sequences, length 41
# corresponding to MSA columns:
# 245-285
name=unknown_C
#
# <colnr> <probs for GDERKNQSTAVLIFYWHMCP>
#	G	D	E	R	K	N	Q	S	T	A	V	L	I	F	Y	W	H	M	C	P
0	0.07409	0.06387	0.05302	0.03009	0.14353	0.00896	0.00886	0.03200	0.04646	0.08564	0.12298	0.14481	0.02087	0.00941	0.02106	0.00185	0.00464	0.11768	0.00409	0.00610
1	0.10936	0.24919	0.19807	0.01032	0.01480	0.10539	0.01038	0.03590	0.03803	0.13011	0.02877	0.01225	0.02670	0.00533	0.00425	0.00141	0.00581	0.00384	0.00323	0.00685
2	0.19928	0.04809	0.01383	0.01213	0.10569	0.01154	0.04844	0.19427	0.03611	0.20653	0.01508	0.01505	0.06054	0.00592	0.00467	0.00155	0.00486	0.00471	0.00434	0.00736
3	0.03679	0.35420	0.08347	0.01132	0.01512	0.06056	0.06370	0.11749	0.05655	0.03378	0.00917	0.01052	0.00749	0.00545	0.00581	0.00145	0.11367	0.00375	0.00290	0.00682
4	0.05663	0.12641	0.51857	0.01293	0.01919	0.01284	0.04097	0.07296	0.01179	0.06860	0.00969	0.01086	0.00698	0.00491	0.00459	0.00153	0.00670	0.00378	0.00270	0.00738
5	0.00725	0.00530	0.00750	0.00750	0.00819	0.00598	0.00554	0.00863	0.00794	0.01128	0.01411	0.02302	0.01401	0.22485	0.61719	0.00736	0.01149	0.00588	0.00279	0.00417
6	0.01212	0.01366	0.04175	0.02224	0.12370	0.01273	0.64761	0.03100	0.01209	0.01654	0.01016	0.01342	0.00771	0.00434	0.00581	0.00167	0.00813	0.00571	0.00259	0.00702
7	0.11712	0.05623	0.01000	0.05039	0.01149	0.06670	0.05039	0.01098	0.01082	0.01485	0.04253	0.20432	0.17914	0.02890	0.00601	0.00186	0.00441	0.12503	0.00392	0.00490
8	0.01228	0.28680	0.33332	0.01293	0.06274	0.02621	0.01327	0.05994	0.06873	0.01569	0.00929	0.01063	0.00734	0.00511	0.00506	0.00146	0.05580	0.00367	0.00257	0.00714
9	0.00808	0.00578	0.00806	0.00912	0.01028	0.00575	0.00792	0.01041	0.01182	0.01547	0.07723	0.05576	0.03034	0.01373	0.00692	0.00228	0.00451	0.70716	0.00472	0.00466
10	0.00773	0.00562	0.00760	0.00863	0.00979	0.00549	0.00736	0.00981	0.01146	0.01477	0.02972	0.12031	0.11805	0.01399	0.00682	0.00223	0.00427	0.60711	0.00466	0.00456
11	0.01206	0.01139	0.01848	0.15054	0.56938	0.01197	0.01429	0.01661	0.11306	0.01657	0.01089	0.01351	0.00879	0.00490	0.00503	0.00156	0.00586	0.00466	0.00281	0.00763
12	0.02365	0.01059	0.01046	0.00987	0.01188	0.12789	0.00800	0.20709	0.01471	0.01904	0.01891	0.13125	0.01908	0.01005	0.00593	0.00183	0.02048	0.27599	0.06748	0.00581
13	0.00616	0.00440	0.00587	0.00704	0.00733	0.00411	0.00469	0.00704	0.00968	0.01291	0.02787	0.81899	0.03344	0.01584	0.00645	0.00205	0.00293	0.01438	0.00469	0.00411
14	0.07578	0.01013	0.01594	0.50304	0.22433	0.01170	0.01350	0.05869	0.01116	0.01570	0.00916	0.01275	0.00708	0.00495	0.00490	0.00162	0.00627	0.00437	0.00255	0.00639
15	0.01206	0.09780	0.53544	0.01420	0.02059	0.05377	0.10434	0.01682	0.01126	0.07352	0.00976	0.01119	0.00702	0.00483	0.00480	0.00155	0.00725	0.00398	0.00252	0.00731
16	0.00700	0.00528	0.00648	0.00616	0.00751	0.00482	0.00463	0.00939	0.03019	0.01877	0.60120	0.03988	0.21832	0.01083	0.00595	0.00162	0.00246	0.00942	0.00536	0.00472
17	0.30652	0.01919	0.01197	0.01084	0.01363	0.53097	0.00830	0.01837	0.01237	0.01591	0.00755	0.00881	0.00616	0.00503	0.00407	0.00139	0.00733	0.00308	0.00279	0.00573
18	0.00731	0.00537	0.00698	0.00714	0.00839	0.00504	0.00573	0.00952	0.01306	0.01769	0.43940	0.04550	0.14612	0.01185	0.00629	0.00184	0.00314	0.24980	0.00515	0.00466
19	0.01352	0.82533	0.02650	0.00865	0.01298	0.02001	0.00865	0.01514	0.01027	0.01190	0.00703	0.00811	0.00649	0.00433	0.00324	0.00108	0.00541	0.00270	0.00216	0.00649
20	0.08088	0.02123	0.01322	0.01193	0.01455	0.64890	0.00903	0.05878	0.01415	0.01460	0.00856	0.00986	0.00697	0.00526	0.00441	0.00133	0.00810	0.00338	0.05896	0.00590
21	0.01880	0.06929	0.01488	0.01254	0.01532	0.71005	0.00957	0.02016	0.01411	0.05854	0.00849	0.00954	0.00687	0.00522	0.00451	0.00131	0.00862	0.00333	0.00280	0.00606
22	0.00981	0.00745	0.01072	0.01380	0.24549	0.00722	0.00818	0.01234	0.01166	0.01763	0.14636	0.02530	0.03316	0.00730	0.00492	0.00148	0.00388	0.10765	0.26370	0.06195
23	0.00824	0.00542	0.00703	0.00648	0.00791	0.00494	0.00491	0.01053	0.01416	0.07762	0.68607	0.03690	0.09004	0.01018	0.00590	0.00160	0.00254	0.00893	0.00557	0.00503
24	0.85801	0.00978	0.00743	0.00665	0.00978	0.01134	0.00548	0.01486	0.00861	0.02269	0.00704	0.00821	0.00548	0.00469	0.00313	0.00156	0.00391	0.00274	0.00313	0.00548
25	0.00873	0.00441	0.00655	0.00655	0.00655	0.00441	0.00434	0.00661	0.00661	0.00882	0.00904	0.01600	0.00913	0.04621	0.01998	0.82269	0.00441	0.00450	0.00223	0.00223
26	0.00722	0.00542	0.00813	0.00813	0.00903	0.00632	0.00632	0.00903	0.00813	0.01174	0.01354	0.01987	0.01264	0.03792	0.80225	0.00813	0.01354	0.00542	0.00271	0.00451
27	0.01169	0.01249	0.02453	0.12086	0.06920	0.01266	0.50298	0.01677	0.10122	0.01616	0.01105	0.01403	0.00842	0.00492	0.00626	0.00172	0.04983	0.00559	0.00280	0.00681
28	0.01881	0.01396	0.01495	0.01155	0.01553	0.01549	0.00951	0.72804	0.07029	0.03121	0.01266	0.01255	0.00902	0.00612	0.00506	0.00153	0.00547	0.00462	0.00506	0.00856
29	0.01091	0.00788	0.00907	0.00861	0.01062	0.03457	0.00690	0.01630	0.21782	0.10446	0.23594	0.03500	0.07167	0.00985	0.00586	0.00181	0.00385	0.19769	0.00515	0.00604
30	0.01039	0.00718	0.01004	0.00893	0.01085	0.00724	0.05331	0.06248	0.03708	0.09840	0.02859	0.08908	0.03099	0.11316	0.26716	0.00416	0.00753	0.08099	0.00382	0.06861
31	0.00920	0.00740	0.00784	0.00837	0.00935	0.09360	0.00631	0.02074	0.01091	0.04523	0.02327	0.34787	0.02601	0.11475	0.00876	0.00239	0.00450	0.24461	0.00431	0.00459
32	0.55819	0.01152	0.00990	0.00832	0.01168	0.05874	0.00680	0.18595	0.01278	0.08170	0.00919	0.00982	0.00676	0.00515	0.00379	0.00154	0.00462	0.00335	0.00376	0.00643
33	0.01448	0.01167	0.01263	0.01062	0.01364	0.01330	0.00850	0.30060	0.39692	0.02416	0.03600	0.01786	0.05262	0.00708	0.00588	0.00167	0.05412	0.00554	0.00492	0.00781
34	0.00750	0.00588	0.03331	0.00661	0.00715	0.00561	0.00461	0.00830	0.00825	0.01134	0.07298	0.03048	0.01918	0.55270	0.16520	0.00501	0.02184	0.02716	0.00318	0.00370
35	0.01387	0.00800	0.00894	0.00754	0.00990	0.00831	0.00602	0.22955	0.01487	0.13158	0.04189	0.01742	0.01283	0.00804	0.05146	0.00175	0.00420	0.00491	0.41257	0.00636
36	0.01349	0.01313	0.06094	0.01134	0.01462	0.06524	0.03769	0.10321	0.55984	0.02101	0.01748	0.01666	0.01311	0.00648	0.00534	0.00167	0.02104	0.00529	0.00463	0.00780
37	0.01626	0.01064	0.01388	0.01208	0.07212	0.03142	0.07176	0.11776	0.16113	0.27412	0.01640	0.06140	0.01232	0.00630	0.00508	0.00153	0.00488	0.00542	0.00476	0.10075
38	0.06791	0.09491	0.01743	0.01219	0.01620	0.01370	0.14819	0.28851	0.14229	0.11063	0.01316	0.01341	0.00957	0.00558	0.00491	0.00153	0.00555	0.00473	0.00430	0.02530
39	0.00820	0.00605	0.00732	0.00742	0.00842	0.00613	0.00531	0.05710	0.09697	0.01621	0.18921	0.33913	0.03032	0.14429	0.00929	0.00236	0.00351	0.05324	0.00469	0.00482
40	0.00652	0.00527	0.00626	0.05511	0.00880	0.00480	0.00482	0.00815	0.01189	0.01519	0.23235	0.15117	0.44735	0.01213	0.00598	0.00172	0.00283	0.01042	0.00477	0.00446

[dist]
# distance from previous block
# <min> <max>
0	9

[block]
# block no. 3 follows, 49 sequences, length 8
# corresponding to MSA columns:
# 295-302
name=unknown_D
#
# <colnr> <probs for GDERKNQSTAVLIFYWHMCP>
#	G	D	E	R	K	N	Q	S	T	A	V	L	I	F	Y	W	H	M	C	P
0	0.01123	0.09693	0.35469	0.22745	0.02277	0.04202	0.03334	0.01520	0.01083	0.06506	0.01085	0.06802	0.00882	0.00569	0.00487	0.00159	0.00664	0.00471	0.00264	0.00664
1	0.01304	0.01395	0.09577	0.01127	0.01404	0.13540	0.00965	0.07473	0.29227	0.03622	0.01393	0.01512	0.01099	0.01126	0.12701	0.00265	0.10734	0.00482	0.00372	0.00684
2	0.01059	0.01130	0.02362	0.01771	0.02162	0.01063	0.56595	0.01410	0.01154	0.01555	0.01487	0.14940	0.01415	0.00718	0.00616	0.00183	0.00720	0.08733	0.00313	0.00615
3	0.00712	0.00500	0.00627	0.00641	0.00676	0.00518	0.00420	0.00778	0.00802	0.01087	0.01814	0.12062	0.05131	0.47528	0.24008	0.00534	0.00700	0.00776	0.00322	0.00364
4	0.01590	0.19840	0.05096	0.01317	0.01757	0.03772	0.21756	0.15812	0.05443	0.16878	0.01216	0.01282	0.00883	0.00518	0.00488	0.00149	0.00619	0.00461	0.00377	0.00748
5	0.00773	0.00817	0.09163	0.00830	0.01003	0.03289	0.00714	0.00975	0.00911	0.01240	0.01917	0.02408	0.13851	0.08025	0.51062	0.00595	0.01040	0.00615	0.00299	0.00474
6	0.01170	0.01288	0.02669	0.01906	0.02408	0.01180	0.64759	0.01563	0.01170	0.01624	0.01003	0.01313	0.00764	0.00418	0.00561	0.00155	0.00775	0.00548	0.00263	0.14464
7	0.01129	0.11008	0.10775	0.07680	0.14435	0.01132	0.11623	0.04422	0.07588	0.03929	0.13859	0.07280	0.01649	0.00657	0.00518	0.00158	0.00548	0.00596	0.00348	0.00665

[dist]
# distance from previous block
# <min> <max>
0	5

[block]
# block no. 4 follows, 49 sequences, length 15
# corresponding to MSA columns:
# 308-322
name=unknown_E
#
# <colnr> <probs for GDERKNQSTAVLIFYWHMCP>
#	G	D	E	R	K	N	Q	S	T	A	V	L	I	F	Y	W	H	M	C	P
0	0.00668	0.00606	0.05994	0.00764	0.00858	0.00482	0.00591	0.00815	0.01036	0.01402	0.10250	0.62999	0.03271	0.01440	0.00633	0.00200	0.00331	0.06754	0.00460	0.00444
1	0.37525	0.01004	0.00956	0.00803	0.01101	0.01109	0.00652	0.25986	0.01456	0.02455	0.11284	0.01659	0.06565	0.00648	0.00434	0.00154	0.00408	0.00479	0.04694	0.00628
2	0.01300	0.09821	0.15159	0.01164	0.01631	0.16943	0.10154	0.01586	0.01158	0.04112	0.00909	0.01061	0.00719	0.00443	0.00435	0.00118	0.00623	0.00358	0.00274	0.32031
3	0.07529	0.02019	0.01421	0.05802	0.07738	0.58349	0.01000	0.01938	0.01349	0.07075	0.00885	0.01016	0.00701	0.00519	0.00456	0.00138	0.00803	0.00352	0.00288	0.00619
4	0.01872	0.01082	0.01190	0.00962	0.01302	0.06785	0.00776	0.17624	0.13142	0.38334	0.03826	0.01652	0.01271	0.00632	0.00495	0.00153	0.00466	0.00502	0.07144	0.00790
5	0.00671	0.00513	0.00603	0.00582	0.00713	0.00458	0.00429	0.00849	0.01273	0.01694	0.44464	0.04170	0.33561	0.06921	0.00738	0.00187	0.00263	0.00961	0.00505	0.00445
6	0.00913	0.00530	0.00649	0.00610	0.00743	0.00500	0.00460	0.01133	0.01272	0.08030	0.42433	0.03059	0.03203	0.05387	0.00627	0.00167	0.00273	0.02868	0.26647	0.00496
7	0.00644	0.00482	0.00600	0.00660	0.00748	0.00439	0.00474	0.00779	0.01112	0.01458	0.16912	0.42838	0.22745	0.01395	0.00628	0.00190	0.00287	0.06692	0.00485	0.00431
8	0.00657	0.00490	0.00613	0.00646	0.00742	0.00446	0.00467	0.00816	0.01190	0.01595	0.32226	0.33214	0.19772	0.01304	0.00619	0.00181	0.00271	0.03807	0.00503	0.00441
9	0.00704	0.00537	0.00768	0.00768	0.00870	0.00601	0.00595	0.00876	0.00864	0.01203	0.01921	0.02420	0.12934	0.03415	0.68251	0.00716	0.01189	0.00621	0.00301	0.00448
10	0.01352	0.82533	0.02650	0.00865	0.01298	0.02001	0.00865	0.01514	0.01027	0.01190	0.00703	0.00811	0.00649	0.00433	0.00324	0.00108	0.00541	0.00270	0.00216	0.00649
11	0.01411	0.01012	0.01172	0.00864	0.01295	0.00887	0.00701	0.18781	0.01405	0.12407	0.01117	0.01176	0.00842	0.00461	0.00422	0.00103	0.00423	0.00363	0.00390	0.54767
12	0.03414	0.00713	0.00864	0.00786	0.00956	0.00729	0.00602	0.06146	0.07673	0.13776	0.18212	0.10783	0.09096	0.13202	0.00931	0.00223	0.04872	0.05991	0.00475	0.00557
13	0.01313	0.13872	0.26308	0.03437	0.02123	0.01273	0.29470	0.01714	0.01162	0.12913	0.01078	0.01241	0.00779	0.00475	0.00505	0.00156	0.00707	0.00462	0.00290	0.00720
14	0.01270	0.00961	0.01056	0.00951	0.01211	0.01061	0.00735	0.07408	0.50112	0.09425	0.02258	0.14007	0.05642	0.00840	0.00537	0.00174	0.00390	0.00713	0.00516	0.00733

[dist]
# distance from previous block
# <min> <max>
0	3

[block]
# block no. 5 follows, 49 sequences, length 21
# corresponding to MSA columns:
# 326-346
name=unknown_F
#
# <colnr> <probs for GDERKNQSTAVLIFYWHMCP>
#	G	D	E	R	K	N	Q	S	T	A	V	L	I	F	Y	W	H	M	C	P
0	0.07022	0.01028	0.01275	0.02953	0.04057	0.01061	0.04289	0.23370	0.09117	0.25181	0.01720	0.05633	0.03037	0.00694	0.00511	0.00162	0.00475	0.03953	0.03710	0.00753
1	0.01230	0.01251	0.01751	0.14061	0.34319	0.11079	0.05553	0.01526	0.03600	0.01488	0.01055	0.01574	0.00929	0.00608	0.00679	0.00169	0.11934	0.06254	0.00269	0.00671
2	0.81743	0.00999	0.00781	0.00689	0.01006	0.01155	0.00568	0.05158	0.00934	0.02313	0.00729	0.00840	0.00563	0.00476	0.00322	0.00156	0.00399	0.00283	0.00322	0.00563
3	0.01626	0.10346	0.07231	0.01324	0.07147	0.14212	0.04943	0.26876	0.10349	0.07288	0.01220	0.01337	0.00931	0.00573	0.00486	0.00149	0.00616	0.02199	0.00391	0.00755
4	0.00658	0.00482	0.00613	0.00699	0.00751	0.00460	0.00473	0.00817	0.04724	0.01359	0.07051	0.65883	0.06692	0.05873	0.00739	0.00215	0.00304	0.01311	0.00468	0.00428
5	0.01468	0.01131	0.04032	0.00980	0.01284	0.04607	0.00811	0.28262	0.16005	0.09611	0.13175	0.01961	0.01702	0.00810	0.03250	0.00179	0.00491	0.02728	0.06793	0.00721
6	0.00648	0.00479	0.00601	0.00658	0.00737	0.00439	0.00465	0.00780	0.01106	0.01466	0.19883	0.44032	0.17841	0.04166	0.00694	0.00200	0.00289	0.04606	0.00483	0.00427
7	0.01201	0.01151	0.01956	0.15495	0.65246	0.01197	0.01518	0.01503	0.01120	0.01585	0.00936	0.01264	0.00778	0.00469	0.00528	0.00155	0.02446	0.00450	0.00246	0.00757
8	0.02045	0.00795	0.01055	0.00827	0.01172	0.00697	0.00677	0.02247	0.01382	0.66332	0.01937	0.01749	0.01259	0.00620	0.00482	0.00150	0.00397	0.00502	0.14879	0.00795
9	0.00716	0.00511	0.00682	0.00687	0.00745	0.00540	0.00483	0.00834	0.00891	0.01243	0.12871	0.10092	0.02166	0.30126	0.34576	0.00550	0.00797	0.00745	0.00343	0.00402
10	0.01006	0.00956	0.01614	0.66799	0.08531	0.01145	0.05572	0.01406	0.05352	0.01381	0.00974	0.01373	0.00737	0.00507	0.00511	0.00168	0.00664	0.00464	0.00244	0.00598
11	0.00654	0.00492	0.00661	0.00752	0.00779	0.00499	0.00519	0.00744	0.00953	0.01285	0.02623	0.75660	0.03137	0.01530	0.00724	0.00207	0.06549	0.01361	0.00450	0.00422
12	0.04078	0.01125	0.01258	0.01157	0.06545	0.01250	0.00859	0.22488	0.40818	0.05888	0.07639	0.01769	0.01515	0.00666	0.00511	0.00163	0.00444	0.00547	0.00497	0.00786
13	0.01278	0.28566	0.09654	0.09826	0.26076	0.04250	0.05411	0.05280	0.01161	0.01514	0.00896	0.01157	0.00750	0.00476	0.00447	0.00141	0.00623	0.01542	0.00249	0.00704
14	0.01523	0.03347	0.25120	0.01232	0.05146	0.01037	0.04793	0.08762	0.06932	0.27193	0.08467	0.01617	0.01315	0.00600	0.00508	0.00158	0.00549	0.00500	0.00431	0.00771
15	0.00909	0.00554	0.00645	0.00598	0.00680	0.00529	0.00382	0.00971	0.00852	0.07848	0.01571	0.02826	0.01636	0.58932	0.04671	0.00407	0.00483	0.00652	0.07916	0.06939
16	0.00792	0.00597	0.00764	0.00756	0.00894	0.00590	0.01871	0.01128	0.09319	0.01740	0.32288	0.10377	0.11064	0.02495	0.03399	0.00207	0.00363	0.16740	0.04118	0.00498
17	0.01222	0.22690	0.27617	0.06973	0.08715	0.03309	0.05758	0.05223	0.10789	0.01608	0.01020	0.01160	0.00790	0.00497	0.00455	0.00147	0.00634	0.00400	0.00273	0.00718
18	0.01185	0.00890	0.01252	0.09884	0.05849	0.00945	0.06833	0.05820	0.17648	0.11657	0.04171	0.15921	0.06347	0.00920	0.02194	0.00190	0.03452	0.03762	0.00434	0.00647
19	0.00907	0.00900	0.07244	0.06254	0.20310	0.00854	0.01001	0.01146	0.00945	0.01342	0.01287	0.02038	0.01211	0.08286	0.35930	0.00479	0.03181	0.05853	0.00274	0.00559
20	0.01229	0.01377	0.15038	0.22495	0.31287	0.01200	0.04972	0.08568	0.03144	0.04350	0.01021	0.01279	0.00779	0.00495	0.00504	0.00158	0.00641	0.00449	0.00281	0.00732

[dist]
# distance from previous block
# <min> <max>
0	43

[block]
# block no. 6 follows, 49 sequences, length 29
# corresponding to MSA columns:
# 390-418
name=unknown_G
#
# <colnr> <probs for GDERKNQSTAVLIFYWHMCP>
#	G	D	E	R	K	N	Q	S	T	A	V	L	I	F	Y	W	H	M	C	P
0	0.00757	0.00552	0.00611	0.00601	0.00751	0.00493	0.00441	0.03512	0.01162	0.05430	0.08288	0.14775	0.48767	0.08993	0.00787	0.00205	0.00307	0.02645	0.00468	0.00454
1	0.01250	0.09815	0.04426	0.27137	0.13534	0.09727	0.01148	0.08892	0.04203	0.03185	0.05059	0.05172	0.01088	0.00585	0.00488	0.00152	0.00603	0.00488	0.00308	0.02739
2	0.01593	0.01117	0.01256	0.00965	0.01350	0.01117	0.00782	0.36447	0.06507	0.12062	0.03836	0.01429	0.01082	0.03415	0.00544	0.00144	0.00466	0.00449	0.00457	0.24984
3	0.11901	0.01200	0.03743	0.04957	0.12193	0.03317	0.00967	0.20516	0.16905	0.17093	0.01399	0.01397	0.01005	0.00577	0.00482	0.00157	0.00508	0.00460	0.00444	0.00778
4	0.05341	0.09125	0.11588	0.02892	0.06048	0.14871	0.04953	0.06523	0.22136	0.01757	0.01365	0.01711	0.01131	0.00630	0.00493	0.00160	0.00602	0.07627	0.00355	0.00691
5	0.00641	0.00509	0.00577	0.00584	0.00724	0.00446	0.00437	0.00799	0.01208	0.01540	0.24270	0.12433	0.48063	0.01252	0.00607	0.00174	0.00265	0.04537	0.00492	0.00440
6	0.00691	0.00485	0.00601	0.00648	0.00692	0.00466	0.00434	0.00778	0.00958	0.01280	0.11209	0.31354	0.06723	0.32869	0.01393	0.00312	0.00378	0.07930	0.00416	0.00384
7	0.01012	0.04681	0.58132	0.01427	0.06745	0.01119	0.03439	0.01546	0.03645	0.01646	0.08806	0.01469	0.03024	0.00557	0.00495	0.00159	0.00660	0.00458	0.00267	0.00713
8	0.01067	0.02468	0.71052	0.01430	0.02145	0.01185	0.04193	0.05483	0.01138	0.01685	0.00927	0.01084	0.00659	0.00482	0.00483	0.00158	0.00731	0.00383	0.00232	0.03016
9	0.00654	0.00499	0.00603	0.00628	0.00742	0.00448	0.00463	0.00813	0.01195	0.01568	0.27955	0.24563	0.30820	0.01288	0.00616	0.00180	0.00273	0.05755	0.00497	0.00441
10	0.01087	0.00926	0.01068	0.00778	0.01216	0.00736	0.00622	0.03583	0.05884	0.01722	0.00980	0.01106	0.00802	0.00401	0.00387	0.00083	0.00381	0.00321	0.00319	0.77598
11	0.00645	0.00501	0.00588	0.00594	0.00720	0.00443	0.00435	0.00808	0.01223	0.01601	0.32383	0.18740	0.37017	0.01244	0.00606	0.00173	0.00256	0.01078	0.00502	0.00443
12	0.01038	0.01248	0.14776	0.14245	0.19824	0.01075	0.07470	0.01467	0.07439	0.01623	0.12985	0.01717	0.01439	0.00791	0.05164	0.00202	0.05996	0.00535	0.00308	0.00658
13	0.00659	0.00491	0.00563	0.00595	0.00705	0.00441	0.00429	0.00794	0.01106	0.01450	0.12709	0.26185	0.35962	0.05442	0.00697	0.00194	0.00283	0.03802	0.07068	0.00427
14	0.01222	0.01179	0.01539	0.25624	0.09196	0.08598	0.03657	0.07493	0.08602	0.01563	0.01001	0.01298	0.00807	0.00629	0.00804	0.00174	0.21996	0.00454	0.03534	0.00631
15	0.01738	0.02175	0.01429	0.01282	0.01536	0.68830	0.04545	0.01884	0.01395	0.01289	0.03901	0.05680	0.00969	0.00597	0.00479	0.00138	0.00848	0.00425	0.00284	0.00577
16	0.01511	0.05866	0.01331	0.00957	0.01356	0.07881	0.00779	0.28174	0.01571	0.07278	0.01125	0.03879	0.00896	0.00530	0.00443	0.00118	0.00495	0.00408	0.00391	0.35008
17	0.34793	0.26366	0.10077	0.00880	0.01284	0.01414	0.00847	0.06956	0.01071	0.04672	0.00817	0.00926	0.00650	0.00483	0.00400	0.00140	0.02965	0.00312	0.00294	0.04654
18	0.00742	0.00515	0.00656	0.00695	0.00786	0.00485	0.00499	0.00868	0.01093	0.05883	0.13565	0.47123	0.18078	0.01367	0.00657	0.00191	0.03049	0.02814	0.00482	0.00455
19	0.00946	0.00606	0.00728	0.00665	0.00842	0.00561	0.00514	0.05449	0.01358	0.10640	0.35470	0.03676	0.24142	0.03510	0.00634	0.00173	0.00302	0.04401	0.04862	0.00523
20	0.05340	0.01218	0.01610	0.18069	0.12131	0.08042	0.10369	0.07104	0.21057	0.05600	0.01269	0.01415	0.00959	0.00559	0.00540	0.00163	0.03015	0.00483	0.00353	0.00706
21	0.04515	0.00755	0.00939	0.00763	0.01055	0.00698	0.00617	0.05391	0.01356	0.46022	0.06464	0.01841	0.01437	0.00634	0.00462	0.00145	0.00366	0.00512	0.25315	0.00713
22	0.00811	0.00501	0.00687	0.00729	0.00790	0.00495	0.00520	0.00872	0.00913	0.06049	0.02050	0.35168	0.02268	0.11068	0.13507	0.14500	0.00530	0.07748	0.00388	0.00406
23	0.00624	0.00454	0.00589	0.00680	0.00731	0.00419	0.00462	0.00731	0.01031	0.01370	0.10457	0.67105	0.10478	0.01502	0.00636	0.00198	0.00285	0.01352	0.00478	0.00419
24	0.01218	0.01048	0.06342	0.07620	0.01682	0.01026	0.17691	0.05311	0.01095	0.13163	0.01286	0.06449	0.01112	0.08018	0.08545	0.03241	0.13638	0.00578	0.00331	0.00605
25	0.01260	0.43350	0.16068	0.01273	0.01762	0.04474	0.19377	0.01562	0.01090	0.01390	0.00851	0.01029	0.00698	0.00448	0.00423	0.00133	0.00655	0.00376	0.03115	0.00666
26	0.00781	0.00553	0.00690	0.00725	0.00826	0.00547	0.00532	0.02697	0.07298	0.02544	0.13926	0.38007	0.08996	0.01384	0.03441	0.03584	0.00353	0.07331	0.05314	0.00471
27	0.12802	0.06215	0.01819	0.03342	0.16002	0.03716	0.19767	0.06169	0.04619	0.07644	0.08484	0.01481	0.01185	0.00556	0.00546	0.00159	0.03969	0.00501	0.00341	0.00682
28	0.03820	0.17464	0.13811	0.06090	0.04742	0.01208	0.03826	0.01642	0.07876	0.12649	0.06417	0.01606	0.05574	0.00618	0.00564	0.00153	0.07080	0.00480	0.00347	0.04033

[dist]
# distance from previous block
# <min> <max>
2	37

[block]
# block no. 7 follows, 49 sequences, length 11
# corresponding to MSA columns:
# 456-466
name=unknown_H
#
# <colnr> <probs for GDERKNQSTAVLIFYWHMCP>
#	G	D	E	R	K	N	Q	S	T	A	V	L	I	F	Y	W	H	M	C	P
0	0.03239	0.07958	0.01302	0.07372	0.08557	0.13569	0.00855	0.08087	0.15639	0.05288	0.07689	0.01757	0.05279	0.00635	0.00473	0.00147	0.00507	0.00508	0.10482	0.00653
1	0.18039	0.15867	0.12875	0.00964	0.01332	0.02777	0.00903	0.14246	0.07770	0.04168	0.01225	0.08944	0.01064	0.00878	0.06673	0.00204	0.00576	0.00485	0.00350	0.00658
2	0.00861	0.00662	0.00851	0.00947	0.09181	0.00677	0.00587	0.06848	0.01065	0.01439	0.09473	0.19754	0.09317	0.30749	0.01362	0.00292	0.04216	0.00867	0.00386	0.00464
3	0.01396	0.36380	0.17064	0.01006	0.01456	0.01474	0.01021	0.11534	0.04761	0.10062	0.08227	0.01334	0.01161	0.00552	0.00432	0.00137	0.00537	0.00413	0.00342	0.00709
4	0.01236	0.01025	0.01586	0.39051	0.07460	0.01146	0.08501	0.08616	0.09493	0.08158	0.01167	0.01411	0.00864	0.00538	0.00533	0.00162	0.02428	0.00476	0.01823	0.04327
5	0.00923	0.00714	0.00767	0.00783	0.00910	0.08156	0.00555	0.01039	0.01062	0.07848	0.02325	0.58706	0.02631	0.01272	0.00587	0.00180	0.00373	0.01130	0.00444	0.09595
6	0.01510	0.40177	0.04314	0.00924	0.01334	0.03007	0.00845	0.05132	0.12235	0.16409	0.01192	0.01188	0.00910	0.00511	0.00407	0.00127	0.00498	0.00374	0.00358	0.08547
7	0.01098	0.00904	0.08413	0.00892	0.01090	0.06806	0.00746	0.01279	0.01134	0.16273	0.02282	0.41530	0.02411	0.01185	0.00596	0.00190	0.00436	0.11725	0.00458	0.00551
8	0.01700	0.10067	0.05082	0.01007	0.01382	0.10950	0.00861	0.26155	0.03868	0.17368	0.01287	0.01298	0.00932	0.00558	0.00455	0.00137	0.00533	0.00419	0.08585	0.07358
9	0.01469	0.00973	0.01103	0.00901	0.01240	0.02720	0.00711	0.03785	0.29193	0.22872	0.03942	0.01717	0.01341	0.04263	0.00572	0.00156	0.00416	0.00497	0.00477	0.21651
10	0.08672	0.01714	0.01360	0.01170	0.01464	0.41643	0.07101	0.05156	0.08468	0.07643	0.01493	0.01533	0.09201	0.00618	0.00482	0.00147	0.00693	0.00466	0.00350	0.00627

[dist]
# distance from previous block
# <min> <max>
1	3

[block]
# block no. 8 follows, 49 sequences, length 33
# corresponding to MSA columns:
# 470-502
name=unknown_I
#
# <colnr> <probs for GDERKNQSTAVLIFYWHMCP>
#	G	D	E	R	K	N	Q	S	T	A	V	L	I	F	Y	W	H	M	C	P
0	0.00628	0.00447	0.00590	0.00692	0.00725	0.00419	0.00461	0.00720	0.00983	0.01318	0.07148	0.73285	0.03350	0.05727	0.00742	0.00217	0.00300	0.01371	0.00466	0.00409
1	0.01111	0.08983	0.67433	0.01374	0.02069	0.01271	0.01718	0.07375	0.01164	0.01689	0.00914	0.01058	0.00658	0.00486	0.00470	0.00155	0.00716	0.00372	0.00236	0.00748
2	0.01337	0.01282	0.01758	0.15187	0.43319	0.08995	0.01335	0.09672	0.08878	0.01760	0.01063	0.01293	0.00845	0.00506	0.00499	0.00153	0.00619	0.00451	0.00300	0.00747
3	0.01548	0.01630	0.01432	0.01239	0.01438	0.31564	0.00984	0.16119	0.05962	0.01652	0.00937	0.01150	0.00784	0.00848	0.05432	0.00204	0.25719	0.00414	0.00311	0.00633
4	0.00654	0.00467	0.00630	0.00747	0.00793	0.00443	0.00535	0.00770	0.01006	0.01333	0.02766	0.67370	0.03262	0.01549	0.00656	0.00211	0.00326	0.15592	0.00469	0.00421
5	0.01064	0.05888	0.52258	0.08807	0.12876	0.01209	0.06700	0.01553	0.01079	0.01559	0.00935	0.02153	0.00709	0.00487	0.00488	0.00158	0.00712	0.00414	0.00226	0.00725
6	0.01118	0.01150	0.01313	0.01127	0.01297	0.18709	0.14373	0.03444	0.01077	0.01308	0.01469	0.19060	0.01561	0.20747	0.02825	0.00264	0.07606	0.00732	0.00320	0.00500
7	0.00687	0.00490	0.00649	0.00747	0.00817	0.00466	0.00559	0.00831	0.01064	0.01418	0.07283	0.48940	0.07661	0.01453	0.00646	0.00206	0.00335	0.22406	0.02909	0.00433
8	0.06958	0.00848	0.00882	0.00767	0.01000	0.00904	0.00606	0.25691	0.05753	0.02223	0.02029	0.08200	0.11576	0.00771	0.00468	0.00150	0.00369	0.01597	0.28600	0.00609
9	0.06708	0.01721	0.30027	0.01234	0.01696	0.08604	0.07523	0.08524	0.08741	0.07912	0.02834	0.09787	0.01168	0.00649	0.00505	0.00163	0.00615	0.00541	0.00350	0.00697
10	0.01114	0.01101	0.13110	0.01010	0.01238	0.05778	0.06974	0.10793	0.01040	0.01381	0.00954	0.01392	0.00834	0.01324	0.05006	0.45186	0.00607	0.00442	0.00263	0.00454
11	0.01055	0.00598	0.00773	0.00697	0.00886	0.00537	0.00547	0.01266	0.01374	0.19340	0.44980	0.03614	0.15112	0.01005	0.00584	0.00165	0.00300	0.06060	0.00553	0.00555
12	0.01366	0.69909	0.08776	0.00945	0.01390	0.07952	0.00955	0.01560	0.01062	0.01227	0.00726	0.00840	0.00648	0.00443	0.00347	0.00114	0.00586	0.00283	0.00219	0.00652
13	0.01138	0.23985	0.42329	0.07281	0.01906	0.01371	0.01406	0.06265	0.01160	0.01595	0.06303	0.01217	0.00947	0.00516	0.00450	0.00146	0.00638	0.00394	0.00257	0.00695
14	0.00661	0.00473	0.00634	0.00731	0.00786	0.00446	0.00525	0.00791	0.01060	0.01423	0.12842	0.59578	0.03465	0.01482	0.00647	0.00204	0.00313	0.13030	0.00480	0.00428
15	0.01672	0.00959	0.01070	0.00894	0.01186	0.06906	0.00707	0.13593	0.03477	0.36321	0.07018	0.12975	0.09307	0.00837	0.00537	0.00162	0.00438	0.00695	0.00535	0.00710
16	0.15639	0.04211	0.12473	0.01455	0.01900	0.16485	0.27756	0.05261	0.01236	0.07487	0.00978	0.01147	0.00727	0.00483	0.00487	0.00155	0.00717	0.00436	0.00298	0.00670
17	0.01025	0.05980	0.57888	0.01461	0.02099	0.01167	0.13257	0.01528	0.01077	0.01560	0.01068	0.07634	0.00879	0.00559	0.00504	0.00163	0.00717	0.00489	0.00241	0.00706
18	0.01123	0.01178	0.02048	0.12157	0.02136	0.03762	0.33609	0.01504	0.07275	0.01478	0.01127	0.07468	0.00985	0.00664	0.00844	0.00184	0.20966	0.00592	0.00280	0.00620
19	0.02588	0.01105	0.07294	0.01250	0.06778	0.05585	0.08662	0.09016	0.03630	0.03881	0.07547	0.02033	0.01430	0.04584	0.18316	0.01640	0.07412	0.06312	0.00340	0.00598
20	0.01399	0.07710	0.07354	0.04034	0.46835	0.09597	0.01373	0.12484	0.01339	0.01782	0.00948	0.01166	0.00768	0.00482	0.00482	0.00146	0.00634	0.00419	0.00282	0.00766
21	0.00884	0.00558	0.00721	0.06822	0.00915	0.00581	0.00499	0.00982	0.00865	0.07464	0.01587	0.06339	0.01621	0.44396	0.16795	0.00458	0.00636	0.00671	0.06790	0.00416
22	0.01270	0.01405	0.02441	0.02007	0.12619	0.09751	0.48681	0.01697	0.06034	0.01616	0.01044	0.01311	0.00807	0.00452	0.00548	0.00157	0.00763	0.00526	0.00275	0.06598
23	0.18257	0.06518	0.01180	0.13232	0.05059	0.02675	0.03182	0.01236	0.00998	0.02761	0.09581	0.01861	0.01378	0.01327	0.16057	0.05242	0.03423	0.05192	0.00311	0.00528
24	0.00837	0.00802	0.07050	0.00956	0.01092	0.00785	0.05530	0.00993	0.00826	0.01186	0.01200	0.01894	0.01148	0.12610	0.42224	0.09170	0.10446	0.00535	0.00259	0.00459
25	0.01273	0.01417	0.25230	0.01144	0.01568	0.00972	0.06939	0.06764	0.11355	0.16087	0.11801	0.08746	0.01715	0.00723	0.00534	0.00166	0.00528	0.01908	0.00423	0.00708
26	0.01052	0.00934	0.01470	0.58667	0.08826	0.01118	0.01277	0.05802	0.06961	0.01464	0.01008	0.01387	0.00775	0.00608	0.00608	0.06103	0.00624	0.00458	0.00265	0.00592
27	0.08094	0.01257	0.01611	0.07634	0.13386	0.11573	0.11072	0.08192	0.04191	0.23713	0.01265	0.01345	0.00903	0.00546	0.00530	0.00157	0.02945	0.00461	0.00391	0.00734
28	0.01039	0.00886	0.07337	0.00939	0.01172	0.02344	0.06532	0.01413	0.11569	0.11901	0.11552	0.30549	0.07088	0.01048	0.00581	0.00179	0.00413	0.02408	0.00465	0.00585
29	0.08220	0.03768	0.05566	0.03753	0.01454	0.07660	0.02364	0.15172	0.01462	0.34032	0.01541	0.05116	0.01155	0.00663	0.00521	0.00160	0.02180	0.04000	0.00471	0.00742
30	0.07693	0.01048	0.01628	0.20337	0.37558	0.01102	0.02848	0.05637	0.01188	0.07661	0.01354	0.01570	0.07099	0.00553	0.00498	0.00158	0.00564	0.00494	0.00310	0.00702
31	0.04993	0.01206	0.07770	0.09263	0.03557	0.02500	0.33391	0.04237	0.05643	0.01638	0.03529	0.08223	0.07137	0.03000	0.00626	0.00179	0.01513	0.00651	0.00319	0.00624
32	0.13606	0.01307	0.13349	0.25404	0.19010	0.05018	0.01267	0.03045	0.01126	0.07935	0.03634	0.01296	0.00867	0.00515	0.00473	0.00158	0.00603	0.00427	0.00293	0.00668

[dist]
# distance from previous block
# <min> <max>
9	40

[block]
# block no. 9 follows, 49 sequences, length 38
# corresponding to MSA columns:
# 547-584
name=unknown_J
#
# <colnr> <probs for GDERKNQSTAVLIFYWHMCP>
#	G	D	E	R	K	N	Q	S	T	A	V	L	I	F	Y	W	H	M	C	P
0	0.01199	0.00913	0.02709	0.00897	0.01158	0.05553	0.03659	0.06948	0.08276	0.13175	0.18847	0.10348	0.07783	0.00877	0.00548	0.00160	0.00418	0.06633	0.00474	0.09424
1	0.03289	0.16202	0.17432	0.01083	0.01484	0.14650	0.01034	0.05441	0.08706	0.14266	0.07944	0.01420	0.01200	0.00589	0.00501	0.00148	0.03111	0.00439	0.00364	0.00697
2	0.13219	0.01177	0.06418	0.06241	0.01842	0.01061	0.22853	0.07800	0.01284	0.24425	0.01252	0.01336	0.00870	0.00509	0.00494	0.00154	0.00586	0.00468	0.00390	0.07620
3	0.01176	0.01138	0.01128	0.00926	0.04262	0.13909	0.00692	0.01388	0.01140	0.01603	0.05722	0.01203	0.00985	0.00443	0.00407	0.00092	0.00464	0.00348	0.00307	0.62667
4	0.01556	0.18928	0.06608	0.04779	0.08591	0.09746	0.01042	0.30537	0.04816	0.02095	0.01018	0.01114	0.00787	0.00523	0.00452	0.00137	0.00594	0.00392	0.00352	0.05932
5	0.01020	0.00987	0.01566	0.70292	0.10801	0.04208	0.01402	0.01346	0.01041	0.01325	0.00899	0.01322	0.00686	0.00501	0.00503	0.00165	0.00676	0.00445	0.00229	0.00586
6	0.00695	0.00513	0.00661	0.00733	0.00813	0.00493	0.00537	0.00902	0.05013	0.01495	0.15523	0.47967	0.08178	0.01398	0.00636	0.00198	0.00315	0.12993	0.00486	0.00451
7	0.05270	0.37474	0.42143	0.01152	0.01741	0.01534	0.01366	0.01558	0.01040	0.01454	0.00808	0.00944	0.00640	0.00459	0.00404	0.00137	0.00640	0.00324	0.00220	0.00695
8	0.04183	0.01211	0.01352	0.01046	0.01426	0.01281	0.00859	0.44533	0.06496	0.12500	0.01270	0.01275	0.00914	0.00586	0.00538	0.00144	0.04602	0.00437	0.00467	0.14879
9	0.00622	0.00445	0.00592	0.00700	0.00735	0.00415	0.00470	0.00719	0.00996	0.01335	0.07386	0.77173	0.03431	0.01551	0.00642	0.00203	0.00290	0.01406	0.00475	0.00415
10	0.00642	0.00459	0.00613	0.00709	0.00755	0.00430	0.00491	0.00759	0.01043	0.01404	0.13104	0.66681	0.03512	0.01498	0.00642	0.00201	0.00296	0.05857	0.00481	0.00423
11	0.08337	0.00828	0.00776	0.00729	0.00932	0.06965	0.00560	0.09090	0.05933	0.01705	0.07419	0.11259	0.38726	0.01064	0.00555	0.00169	0.00370	0.03610	0.00450	0.00521
12	0.01530	0.01045	0.01125	0.00973	0.01246	0.08199	0.00766	0.12525	0.20417	0.22466	0.01755	0.08859	0.01404	0.01241	0.13775	0.00271	0.00626	0.00589	0.00475	0.00712
13	0.05740	0.01393	0.01338	0.01569	0.23164	0.26309	0.00964	0.01742	0.07040	0.06441	0.01228	0.04767	0.01016	0.00575	0.00460	0.00143	0.00590	0.00460	0.14411	0.00651
14	0.01372	0.01280	0.02683	0.01926	0.02418	0.01190	0.64516	0.01760	0.01236	0.14560	0.01185	0.01423	0.00848	0.00459	0.00582	0.00168	0.00782	0.00582	0.00317	0.00712
15	0.00771	0.00536	0.00662	0.00711	0.00842	0.00488	0.00556	0.00923	0.01126	0.06240	0.03593	0.25064	0.31791	0.01354	0.00634	0.00197	0.00339	0.23233	0.00478	0.00461
16	0.18310	0.08046	0.02778	0.10662	0.12438	0.23008	0.02063	0.04938	0.02903	0.01627	0.01026	0.08103	0.00920	0.00590	0.00451	0.00150	0.00621	0.00456	0.00296	0.00616
17	0.01389	0.14839	0.07881	0.05127	0.01527	0.09778	0.03996	0.06403	0.23490	0.09883	0.06332	0.01664	0.04288	0.00623	0.00484	0.00152	0.00536	0.00501	0.00400	0.00706
18	0.00716	0.00527	0.00759	0.00769	0.00842	0.00595	0.00575	0.00865	0.00814	0.01157	0.01500	0.08477	0.01506	0.14270	0.63396	0.00721	0.01153	0.00639	0.00291	0.00429
19	0.00998	0.00488	0.00501	0.00489	0.00618	0.00483	0.00370	0.01232	0.01077	0.05119	0.01664	0.01878	0.01294	0.00591	0.00360	0.00119	0.00244	0.00473	0.81515	0.00488
20	0.01309	0.14098	0.24285	0.01549	0.06733	0.16121	0.18773	0.04979	0.01218	0.01536	0.00972	0.04344	0.00802	0.00517	0.00488	0.00150	0.00735	0.00452	0.00258	0.00682
