[name]
unknown

[dist]
# distance from previous block
# <min> <max>
0	37

[block]
# block no. 0 follows, 47 sequences, length 38
# corresponding to MSA columns:
# 40-77
name=unknown_A
#
# <colnr> <probs for GDERKNQSTAVLIFYWHMCP>
#	G	D	E	R	K	N	Q	S	T	A	V	L	I	F	Y	W	H	M	C	P
0	0.00854	0.00618	0.00853	0.00956	0.01073	0.00628	0.00824	0.02536	0.01201	0.01570	0.02692	0.10910	0.02938	0.01425	0.00733	0.00236	0.02174	0.66821	0.00475	0.00485
1	0.76901	0.00972	0.00784	0.00703	0.01012	0.01120	0.00576	0.01521	0.00902	0.04667	0.00813	0.00958	0.00638	0.00725	0.05820	0.00208	0.00473	0.00309	0.00329	0.00567
2	0.00664	0.00571	0.00643	0.00728	0.06091	0.00494	0.00486	0.00805	0.01172	0.01421	0.04790	0.10731	0.67023	0.01284	0.00612	0.00177	0.00291	0.01085	0.00468	0.00465
3	0.01718	0.01272	0.01354	0.01084	0.01441	0.01414	0.00881	0.52432	0.17765	0.02894	0.01483	0.01476	0.01085	0.00640	0.00504	0.00156	0.00500	0.00496	0.10581	0.00825
4	0.01005	0.00939	0.01535	0.74950	0.03432	0.01167	0.01403	0.01430	0.06336	0.01389	0.01008	0.01427	0.00756	0.00534	0.00521	0.00174	0.00675	0.00472	0.00252	0.00596
5	0.01277	0.59881	0.15238	0.00972	0.01446	0.01776	0.01026	0.01567	0.04151	0.01347	0.01130	0.01213	0.06075	0.00525	0.00388	0.00127	0.00566	0.00366	0.00253	0.00676
6	0.19196	0.01339	0.01368	0.01081	0.01469	0.01497	0.00889	0.55356	0.08001	0.03000	0.01210	0.01221	0.00874	0.00602	0.00481	0.00159	0.00525	0.00440	0.00481	0.00814
7	0.01086	0.00980	0.01566	0.57429	0.12553	0.01158	0.01373	0.06594	0.02772	0.01548	0.01123	0.01729	0.00923	0.00597	0.00536	0.00175	0.00654	0.06297	0.00280	0.00628
8	0.01183	0.01192	0.01561	0.01345	0.01376	0.04715	0.01112	0.01391	0.06136	0.01318	0.00788	0.01187	0.00746	0.00882	0.01577	0.00221	0.71970	0.00460	0.00250	0.00589
9	0.01289	0.01237	0.02114	0.03196	0.78450	0.01237	0.01598	0.01598	0.01186	0.01701	0.00980	0.01289	0.00825	0.00464	0.00516	0.00155	0.00619	0.00464	0.00258	0.00825
10	0.00983	0.00926	0.01562	0.80447	0.03587	0.01157	0.01446	0.01331	0.01041	0.01331	0.00926	0.01388	0.00694	0.00521	0.00521	0.00174	0.00694	0.00463	0.00231	0.00579
11	0.00983	0.00926	0.01562	0.80447	0.03587	0.01157	0.01446	0.01331	0.01041	0.01331	0.00926	0.01388	0.00694	0.00521	0.00521	0.00174	0.00694	0.00463	0.00231	0.00579
12	0.01258	0.02109	0.52019	0.01352	0.01929	0.01189	0.01569	0.05382	0.01176	0.11898	0.01142	0.04311	0.00865	0.00618	0.00660	0.00174	0.10835	0.00459	0.00302	0.00752
13	0.01295	0.01119	0.01178	0.01060	0.01354	0.01295	0.00824	0.02767	0.77509	0.02178	0.02120	0.01943	0.01590	0.00707	0.00530	0.00177	0.00412	0.00589	0.00530	0.00824
14	0.85377	0.01007	0.00765	0.00685	0.01007	0.01168	0.00564	0.01531	0.00886	0.02336	0.00725	0.00846	0.00564	0.00483	0.00322	0.00161	0.00403	0.00282	0.00322	0.00564
15	0.85377	0.01007	0.00765	0.00685	0.01007	0.01168	0.00564	0.01531	0.00886	0.02336	0.00725	0.00846	0.00564	0.00483	0.00322	0.00161	0.00403	0.00282	0.00322	0.00564
16	0.01198	0.01145	0.01950	0.26116	0.56239	0.01214	0.01553	0.01519	0.01143	0.01591	0.00964	0.01318	0.00786	0.00481	0.00517	0.00160	0.00641	0.00464	0.00250	0.00752
17	0.00989	0.00926	0.01556	0.73547	0.07169	0.01135	0.01417	0.01330	0.01065	0.01378	0.03921	0.01480	0.00864	0.00539	0.00524	0.00172	0.00673	0.00481	0.00246	0.00587
18	0.01706	0.01079	0.01529	0.01629	0.23048	0.03566	0.05017	0.08352	0.03006	0.31393	0.04475	0.01696	0.01239	0.04802	0.00631	0.00174	0.00532	0.00523	0.02094	0.03507
19	0.01191	0.01172	0.01855	0.01651	0.12539	0.07075	0.27511	0.07843	0.01323	0.01753	0.12332	0.03492	0.04597	0.09206	0.00796	0.00201	0.00639	0.02460	0.00353	0.02007
20	0.00885	0.04906	0.00850	0.00735	0.00825	0.03776	0.00520	0.01074	0.06891	0.01260	0.03339	0.06680	0.07397	0.38685	0.13011	0.00421	0.04480	0.00715	0.03107	0.00442
21	0.01109	0.01057	0.01483	0.51187	0.08941	0.07266	0.01267	0.04402	0.01153	0.01487	0.03659	0.01574	0.03883	0.00595	0.00579	0.00168	0.04913	0.00494	0.04183	0.00600
22	0.01289	0.01237	0.02114	0.03196	0.78450	0.01237	0.01598	0.01598	0.01186	0.01701	0.00980	0.01289	0.00825	0.00464	0.00516	0.00155	0.00619	0.00464	0.00258	0.00825
23	0.01289	0.01237	0.02114	0.03196	0.78450	0.01237	0.01598	0.01598	0.01186	0.01701	0.00980	0.01289	0.00825	0.00464	0.00516	0.00155	0.00619	0.00464	0.00258	0.00825
24	0.00983	0.00926	0.01562	0.80447	0.03587	0.01157	0.01446	0.01331	0.01041	0.01331	0.00926	0.01388	0.00694	0.00521	0.00521	0.00174	0.00694	0.00463	0.00231	0.00579
25	0.01257	0.01199	0.02039	0.03075	0.74619	0.01197	0.01543	0.01555	0.01176	0.01683	0.01073	0.05236	0.00954	0.00522	0.00523	0.00157	0.00603	0.00514	0.00269	0.00805
26	0.00755	0.00514	0.00615	0.00615	0.00631	0.00530	0.00374	0.00787	0.00771	0.01044	0.01598	0.03171	0.01790	0.68164	0.16044	0.00563	0.00660	0.00723	0.00309	0.00342
27	0.01021	0.08041	0.64310	0.01352	0.02011	0.01176	0.01680	0.01533	0.01084	0.01581	0.01149	0.10594	0.00990	0.00626	0.00504	0.00167	0.00699	0.00507	0.00251	0.00721
28	0.00987	0.00846	0.00871	0.00905	0.01032	0.09992	0.00685	0.08342	0.03653	0.01592	0.02462	0.42893	0.04005	0.01326	0.00635	0.00202	0.00447	0.18149	0.00462	0.00515
29	0.78848	0.01042	0.00828	0.00725	0.01055	0.01203	0.00597	0.07416	0.01009	0.02411	0.00766	0.00878	0.00589	0.00495	0.00338	0.00161	0.00416	0.00297	0.00338	0.00589
30	0.00983	0.00926	0.01562	0.80447	0.03587	0.01157	0.01446	0.01331	0.01041	0.01331	0.00926	0.01388	0.00694	0.00521	0.00521	0.00174	0.00694	0.00463	0.00231	0.00579
31	0.01158	0.01177	0.02127	0.01519	0.02015	0.01021	0.40503	0.01499	0.01158	0.01682	0.00993	0.01250	0.00781	0.00414	0.00506	0.00129	0.00644	0.00469	0.00285	0.40669
32	0.08149	0.00917	0.01103	0.00823	0.01252	0.00758	0.00668	0.01787	0.01218	0.30592	0.01332	0.01321	0.00949	0.00490	0.00432	0.00115	0.00409	0.00387	0.00435	0.46862
33	0.05032	0.00897	0.01193	0.00922	0.01319	0.00793	0.00760	0.02511	0.03572	0.74183	0.02013	0.01747	0.01274	0.00641	0.00517	0.00162	0.00441	0.00518	0.00631	0.00874
34	0.01427	0.01338	0.01120	0.01078	0.01273	0.29863	0.00860	0.01601	0.01289	0.10479	0.01802	0.03231	0.01780	0.07279	0.00785	0.00212	0.03078	0.30542	0.00400	0.00563
35	0.01295	0.01119	0.01178	0.01060	0.01354	0.01295	0.00824	0.02767	0.77509	0.02178	0.02120	0.01943	0.01590	0.00707	0.00530	0.00177	0.00412	0.00589	0.00530	0.00824
36	0.01289	0.01237	0.02114	0.03196	0.78450	0.01237	0.01598	0.01598	0.01186	0.01701	0.00980	0.01289	0.00825	0.00464	0.00516	0.00155	0.00619	0.00464	0.00258	0.00825
37	0.00645	0.00492	0.00597	0.00675	0.00765	0.00444	0.00483	0.00763	0.01081	0.01376	0.03712	0.47911	0.29877	0.01504	0.00652	0.00201	0.00304	0.07600	0.00483	0.00434

[dist]
# distance from previous block
# <min> <max>
0	4

[block]
# block no. 1 follows, 47 sequences, length 89
# corresponding to MSA columns:
# 82-170
name=unknown_B
#
# <colnr> <probs for GDERKNQSTAVLIFYWHMCP>
#	G	D	E	R	K	N	Q	S	T	A	V	L	I	F	Y	W	H	M	C	P
0	0.82438	0.01003	0.00781	0.00693	0.01019	0.01154	0.00571	0.01566	0.00908	0.05043	0.00772	0.00879	0.00590	0.00489	0.00329	0.00161	0.00404	0.00291	0.00334	0.00575
1	0.14452	0.04318	0.26108	0.01085	0.01553	0.01120	0.01119	0.07269	0.03065	0.13900	0.06226	0.01373	0.01077	0.00583	0.00546	0.00157	0.05833	0.00432	0.00365	0.09420
2	0.01282	0.01204	0.01953	0.02807	0.65360	0.01191	0.01449	0.03168	0.04605	0.01755	0.01030	0.01295	0.00855	0.00470	0.00503	0.00148	0.00584	0.00453	0.00281	0.09608
3	0.01021	0.00973	0.01660	0.69626	0.09723	0.01179	0.04034	0.01363	0.01054	0.01371	0.00929	0.01375	0.00708	0.00522	0.00549	0.00173	0.02434	0.00468	0.00235	0.00603
4	0.00697	0.00531	0.00641	0.00613	0.00753	0.00474	0.00460	0.00905	0.01380	0.01864	0.54164	0.04259	0.29065	0.01148	0.00615	0.00168	0.00252	0.00994	0.00544	0.00474
5	0.01284	0.01212	0.01566	0.02731	0.01475	0.05911	0.04309	0.09287	0.05398	0.03300	0.00928	0.01274	0.00814	0.01009	0.06389	0.00247	0.51474	0.00473	0.00292	0.00625
6	0.01082	0.01085	0.11066	0.02605	0.03038	0.00899	0.04442	0.01690	0.22368	0.06394	0.11655	0.16866	0.03905	0.00853	0.00551	0.00168	0.00444	0.00749	0.00445	0.09696
7	0.00721	0.00532	0.00674	0.00638	0.00768	0.00485	0.00479	0.00952	0.01436	0.01999	0.68597	0.04037	0.14547	0.01098	0.00614	0.00165	0.00248	0.00962	0.00561	0.00485
8	0.00983	0.00926	0.01562	0.80447	0.03587	0.01157	0.01446	0.01331	0.01041	0.01331	0.00926	0.01388	0.00694	0.00521	0.00521	0.00174	0.00694	0.00463	0.00231	0.00579
9	0.15174	0.00698	0.00735	0.00674	0.00868	0.00728	0.00522	0.03184	0.09325	0.05815	0.26924	0.02379	0.02406	0.00751	0.00469	0.00151	0.00306	0.00615	0.27712	0.00565
10	0.00983	0.00926	0.01562	0.80447	0.03587	0.01157	0.01446	0.01331	0.01041	0.01331	0.00926	0.01388	0.00694	0.00521	0.00521	0.00174	0.00694	0.00463	0.00231	0.00579
11	0.85377	0.01007	0.00765	0.00685	0.01007	0.01168	0.00564	0.01531	0.00886	0.02336	0.00725	0.00846	0.00564	0.00483	0.00322	0.00161	0.00403	0.00282	0.00322	0.00564
12	0.80505	0.01093	0.00807	0.00723	0.01042	0.05749	0.00590	0.01563	0.00921	0.02274	0.00730	0.00851	0.00570	0.00487	0.00331	0.00160	0.00434	0.00285	0.00319	0.00566
13	0.01820	0.02120	0.01480	0.01318	0.01545	0.59535	0.01015	0.01955	0.01349	0.06549	0.00867	0.01034	0.00715	0.00615	0.00707	0.00154	0.15949	0.00371	0.00286	0.00617
14	0.00979	0.00797	0.01072	0.01135	0.08334	0.00816	0.04703	0.08538	0.13189	0.01723	0.02460	0.35878	0.07736	0.02748	0.00653	0.00199	0.00422	0.07572	0.00458	0.00587
15	0.01289	0.01237	0.02114	0.03196	0.78450	0.01237	0.01598	0.01598	0.01186	0.01701	0.00980	0.01289	0.00825	0.00464	0.00516	0.00155	0.00619	0.00464	0.00258	0.00825
16	0.00811	0.00601	0.00756	0.00711	0.00727	0.00657	0.02086	0.00844	0.00777	0.01063	0.01504	0.03026	0.01697	0.66270	0.06776	0.00484	0.09838	0.00708	0.00302	0.00362
17	0.00983	0.00926	0.01562	0.80447	0.03587	0.01157	0.01446	0.01331	0.01041	0.01331	0.00926	0.01388	0.00694	0.00521	0.00521	0.00174	0.00694	0.00463	0.00231	0.00579
18	0.02336	0.00886	0.01209	0.00927	0.01329	0.00765	0.00765	0.02538	0.01491	0.78810	0.02055	0.01773	0.01289	0.00645	0.00524	0.00161	0.00443	0.00524	0.00645	0.00886
19	0.00688	0.00534	0.00778	0.00823	0.00905	0.00497	0.05509	0.00817	0.01045	0.01376	0.02954	0.63508	0.09817	0.01511	0.00661	0.00208	0.00350	0.07103	0.00469	0.00447
20	0.01011	0.00960	0.01583	0.68696	0.05592	0.01212	0.01414	0.01329	0.01017	0.01333	0.00898	0.01356	0.00697	0.00565	0.00662	0.00179	0.10217	0.00462	0.00232	0.00585
21	0.00634	0.00456	0.00602	0.00719	0.00754	0.00424	0.00481	0.00726	0.01003	0.01332	0.02946	0.78941	0.05813	0.01622	0.00663	0.00210	0.00301	0.01468	0.00483	0.00424
22	0.01245	0.38445	0.40878	0.01210	0.01809	0.05369	0.01414	0.01629	0.01099	0.01440	0.00833	0.00973	0.00664	0.00475	0.00421	0.00139	0.00682	0.00334	0.00224	0.00716
23	0.01479	0.01280	0.05028	0.01115	0.01466	0.01367	0.00920	0.22152	0.52906	0.03640	0.01833	0.01718	0.01355	0.00674	0.00526	0.00170	0.00472	0.00546	0.00514	0.00839
24	0.85377	0.01007	0.00765	0.00685	0.01007	0.01168	0.00564	0.01531	0.00886	0.02336	0.00725	0.00846	0.00564	0.00483	0.00322	0.00161	0.00403	0.00282	0.00322	0.00564
25	0.01948	0.02416	0.01481	0.01332	0.01610	0.74567	0.01005	0.06903	0.01539	0.01404	0.00834	0.00959	0.00685	0.00542	0.00473	0.00136	0.00915	0.00344	0.00285	0.00622
26	0.00756	0.00509	0.00588	0.00588	0.00595	0.00516	0.00341	0.00770	0.00763	0.01025	0.01623	0.03307	0.01849	0.75907	0.08382	0.00530	0.00571	0.00742	0.00313	0.00327
27	0.02008	0.01414	0.01535	0.01177	0.01593	0.01548	0.00972	0.70882	0.02373	0.09220	0.01314	0.01291	0.00917	0.00627	0.00521	0.00157	0.00563	0.00473	0.00531	0.00886
28	0.00905	0.00452	0.00678	0.00678	0.00678	0.00452	0.00452	0.00678	0.00678	0.00905	0.00905	0.01583	0.00905	0.01809	0.02035	0.84848	0.00452	0.00452	0.00226	0.00226
29	0.70078	0.01028	0.00889	0.04482	0.01193	0.01174	0.00649	0.06968	0.01044	0.07299	0.00858	0.00960	0.00640	0.00506	0.00359	0.00161	0.00431	0.00319	0.00353	0.00609
30	0.06933	0.01213	0.01266	0.01077	0.01410	0.01382	0.00857	0.24740	0.50172	0.02518	0.01770	0.01665	0.01313	0.00668	0.00514	0.00170	0.00460	0.00533	0.00514	0.00826
31	0.01057	0.02618	0.75252	0.01464	0.02211	0.01214	0.01871	0.01703	0.04780	0.01675	0.00992	0.01140	0.00704	0.00505	0.00496	0.00165	0.00752	0.00395	0.00235	0.00772
32	0.02792	0.00731	0.00841	0.00756	0.00941	0.04632	0.00580	0.01388	0.06765	0.12618	0.56865	0.03250	0.03878	0.00943	0.00583	0.00163	0.00323	0.00815	0.00559	0.00576
33	0.00956	0.00578	0.00623	0.00595	0.00742	0.00572	0.00444	0.02723	0.06995	0.04190	0.12474	0.04231	0.12529	0.06036	0.00606	0.00167	0.00290	0.00677	0.44059	0.00514
34	0.01760	0.01102	0.01256	0.01040	0.01392	0.01177	0.00834	0.15807	0.39154	0.27618	0.01944	0.01764	0.01366	0.00672	0.00526	0.00168	0.00451	0.00546	0.00566	0.00856
35	0.01094	0.00950	0.01567	0.67111	0.06906	0.01160	0.01392	0.01417	0.01063	0.06351	0.00987	0.01394	0.00738	0.00548	0.00588	0.00175	0.05221	0.00466	0.00259	0.00610
36	0.01289	0.01237	0.02114	0.03196	0.78450	0.01237	0.01598	0.01598	0.01186	0.01701	0.00980	0.01289	0.00825	0.00464	0.00516	0.00155	0.00619	0.00464	0.00258	0.00825
37	0.01151	0.00936	0.01033	0.00934	0.01179	0.01040	0.00722	0.02222	0.52729	0.03943	0.25127	0.02528	0.02588	0.00813	0.00555	0.00172	0.00363	0.00694	0.00546	0.00725
38	0.01014	0.00956	0.01617	0.72799	0.10998	0.01165	0.01461	0.01357	0.01056	0.01367	0.00931	0.01379	0.00707	0.00515	0.00520	0.00172	0.00687	0.00463	0.00234	0.00603
39	0.00648	0.00529	0.00572	0.00561	0.00723	0.00453	0.00421	0.00809	0.01263	0.01586	0.24491	0.04716	0.58911	0.01252	0.00615	0.00173	0.00259	0.01058	0.00507	0.00453
40	0.00654	0.00490	0.00685	0.00766	0.00820	0.00455	0.03094	0.00759	0.01015	0.01345	0.02930	0.74746	0.07139	0.01575	0.00660	0.00208	0.00320	0.01431	0.00476	0.00433
41	0.01384	0.72244	0.02523	0.00900	0.01318	0.06980	0.00870	0.01547	0.01092	0.01239	0.00988	0.01079	0.05074	0.00501	0.00359	0.00117	0.00565	0.00329	0.00241	0.00651
42	0.00729	0.00532	0.00685	0.00647	0.00773	0.00488	0.00485	0.00968	0.01456	0.02044	0.73464	0.03963	0.09653	0.01081	0.00614	0.00165	0.00247	0.00952	0.00567	0.00488
43	0.00961	0.00748	0.00850	0.00832	0.02776	0.05805	0.00609	0.01303	0.08920	0.05931	0.49516	0.11488	0.03806	0.01029	0.00598	0.00170	0.00340	0.03233	0.00533	0.00553
44	0.00752	0.00553	0.00829	0.00829	0.00917	0.00641	0.00641	0.00917	0.00829	0.01193	0.01370	0.02022	0.01282	0.03799	0.75679	0.05119	0.01347	0.00553	0.00276	0.00453
45	0.01945	0.02482	0.01476	0.01342	0.01610	0.79608	0.01006	0.02079	0.01476	0.01275	0.00805	0.00939	0.00671	0.00537	0.00470	0.00134	0.00939	0.00335	0.00268	0.00604
46	0.02291	0.00959	0.01253	0.00961	0.01366	0.00873	0.00794	0.11935	0.01612	0.69242	0.01953	0.01706	0.01238	0.00642	0.00523	0.00161	0.00460	0.00517	0.00629	0.00886
47	0.01893	0.01416	0.01514	0.01181	0.01582	0.01574	0.00969	0.67345	0.11957	0.03142	0.01360	0.01338	0.00975	0.00635	0.00522	0.00159	0.00553	0.00484	0.00522	0.00878
48	0.01932	0.04377	0.01506	0.01331	0.01603	0.77760	0.01003	0.02067	0.01466	0.01273	0.00803	0.00937	0.00671	0.00534	0.00466	0.00134	0.00930	0.00334	0.00267	0.00605
49	0.01945	0.02482	0.01476	0.01342	0.01610	0.79608	0.01006	0.02079	0.01476	0.01275	0.00805	0.00939	0.00671	0.00537	0.00470	0.00134	0.00939	0.00335	0.00268	0.00604
50	0.01045	0.02694	0.79000	0.01484	0.02254	0.01209	0.01924	0.01649	0.01099	0.01649	0.00935	0.01099	0.00660	0.00495	0.00495	0.00165	0.00770	0.00385	0.00220	0.00770
51	0.00634	0.00453	0.00604	0.00725	0.00755	0.00423	0.00483	0.00725	0.00997	0.01329	0.02870	0.81358	0.03444	0.01632	0.00665	0.00211	0.00302	0.01480	0.00483	0.00423
52	0.00732	0.00528	0.00691	0.00659	0.00777	0.00488	0.00491	0.00970	0.01450	0.02050	0.74336	0.07839	0.04839	0.01094	0.00617	0.00166	0.00249	0.00969	0.00569	0.00488
53	0.00983	0.00926	0.01562	0.80447	0.03587	0.01157	0.01446	0.01331	0.01041	0.01331	0.00926	0.01388	0.00694	0.00521	0.00521	0.00174	0.00694	0.00463	0.00231	0.00579
54	0.01295	0.01119	0.01178	0.01060	0.01354	0.01295	0.00824	0.02767	0.77509	0.02178	0.02120	0.01943	0.01590	0.00707	0.00530	0.00177	0.00412	0.00589	0.00530	0.00824
55	0.01369	0.01388	0.02036	0.02971	0.69119	0.10753	0.01526	0.01657	0.01221	0.01650	0.00958	0.01246	0.00806	0.00473	0.00510	0.00152	0.00658	0.00448	0.00259	0.00798
56	0.01323	0.01112	0.01178	0.01056	0.01354	0.01281	0.00823	0.02761	0.75472	0.04231	0.02118	0.01938	0.01582	0.00705	0.00530	0.00176	0.00413	0.00587	0.00533	0.00826
57	0.00633	0.00459	0.00598	0.00709	0.00751	0.00424	0.00476	0.00727	0.01013	0.01336	0.03072	0.74955	0.09717	0.01605	0.00661	0.00209	0.00299	0.01448	0.00483	0.00424
58	0.00737	0.00532	0.00696	0.00655	0.00778	0.00491	0.00491	0.00983	0.01474	0.02088	0.78175	0.03890	0.04914	0.01065	0.00614	0.00164	0.00246	0.00942	0.00573	0.00491
59	0.01289	0.01237	0.02114	0.03196	0.78450	0.01237	0.01598	0.01598	0.01186	0.01701	0.00980	0.01289	0.00825	0.00464	0.00516	0.00155	0.00619	0.00464	0.00258	0.00825
60	0.45696	0.01641	0.01109	0.00988	0.01294	0.33286	0.00773	0.06759	0.01231	0.01965	0.00793	0.00911	0.00629	0.00515	0.00396	0.00150	0.00634	0.00316	0.00313	0.00602
61	0.03880	0.00837	0.01083	0.00855	0.01206	0.00755	0.00699	0.03756	0.03125	0.60946	0.01951	0.01775	0.01280	0.00636	0.00492	0.00155	0.00410	0.00512	0.14837	0.00810
62	0.00642	0.00529	0.00564	0.00555	0.00720	0.00451	0.00417	0.00799	0.01250	0.01556	0.21210	0.04767	0.62211	0.01263	0.00615	0.00173	0.00260	0.01065	0.00503	0.00451
63	0.00860	0.00637	0.00769	0.00730	0.00874	0.00568	0.00538	0.01044	0.01501	0.02082	0.63573	0.04221	0.18093	0.01190	0.00671	0.00191	0.00301	0.01004	0.00598	0.00556
64	0.01037	0.00983	0.05195	0.01227	0.01498	0.00900	0.20410	0.11635	0.03373	0.01816	0.09372	0.30690	0.02329	0.01034	0.00619	0.00189	0.00522	0.06145	0.00428	0.00598
65	0.00664	0.00529	0.00595	0.00579	0.00733	0.00460	0.00434	0.00842	0.01302	0.01680	0.34484	0.04562	0.48859	0.01217	0.00615	0.00171	0.00257	0.01036	0.00520	0.00460
66	0.01392	0.82012	0.02729	0.00891	0.01337	0.02061	0.00891	0.01559	0.01058	0.01225	0.00724	0.00835	0.00668	0.00446	0.00334	0.00111	0.00557	0.00278	0.00223	0.00668
67	0.04854	0.00890	0.01195	0.00919	0.01320	0.00778	0.00759	0.02507	0.01472	0.76492	0.02014	0.01744	0.01267	0.00640	0.00518	0.00161	0.00442	0.00516	0.00635	0.00876
68	0.01428	0.01166	0.01362	0.01169	0.01383	0.03737	0.00944	0.07699	0.34791	0.10466	0.01515	0.01566	0.01165	0.00759	0.00932	0.00190	0.28038	0.00519	0.00430	0.00742
69	0.01211	0.00921	0.01093	0.00788	0.01244	0.00702	0.00633	0.01439	0.01123	0.09745	0.01043	0.01152	0.00825	0.00413	0.00400	0.00086	0.00392	0.00331	0.00344	0.76115
70	0.00757	0.00505	0.00568	0.00568	0.00568	0.00505	0.00316	0.00757	0.00757	0.01010	0.01641	0.03408	0.01893	0.81698	0.02651	0.00505	0.00505	0.00757	0.00316	0.00316
71	0.01114	0.01058	0.01797	0.47527	0.35489	0.01191	0.01511	0.01445	0.01103	0.01489	0.00949	0.01346	0.00750	0.00497	0.00518	0.00166	0.00662	0.00463	0.00243	0.00684
72	0.01466	0.03087	0.09438	0.01676	0.02141	0.02881	0.39274	0.10574	0.01373	0.13854	0.01253	0.04129	0.00948	0.00566	0.00628	0.00172	0.04876	0.00571	0.00354	0.00740
73	0.00965	0.00483	0.00718	0.00703	0.00731	0.00484	0.00484	0.00793	0.00732	0.04899	0.01001	0.01628	0.00955	0.01912	0.07954	0.74041	0.00525	0.00464	0.00252	0.00278
74	0.00747	0.00548	0.00785	0.00785	0.00860	0.00623	0.00586	0.00896	0.00821	0.01170	0.01443	0.02310	0.01417	0.19006	0.64691	0.00772	0.01222	0.00597	0.00286	0.00436
75	0.01056	0.04312	0.75687	0.01488	0.02246	0.01230	0.03602	0.01648	0.01102	0.01641	0.00933	0.01101	0.00663	0.00492	0.00494	0.00164	0.00768	0.00388	0.00221	0.00766
76	0.04598	0.01173	0.01569	0.01462	0.14127	0.03640	0.06545	0.19271	0.03111	0.36770	0.01539	0.01494	0.01047	0.00588	0.00520	0.00159	0.00548	0.00496	0.00500	0.00842
77	0.01121	0.01109	0.01546	0.01329	0.01329	0.01543	0.01100	0.01229	0.00796	0.01242	0.00730	0.01249	0.00742	0.04803	0.01754	0.00241	0.76880	0.00470	0.00232	0.00557
78	0.00744	0.00558	0.00837	0.00837	0.00930	0.00651	0.00651	0.00930	0.00837	0.01209	0.01395	0.02046	0.01302	0.03906	0.79635	0.00837	0.01395	0.00558	0.00279	0.00465
79	0.75993	0.01021	0.00832	0.00725	0.01057	0.01164	0.00598	0.05217	0.01001	0.07324	0.00836	0.00925	0.00626	0.00501	0.00345	0.00161	0.00414	0.00307	0.00353	0.00600
80	0.00841	0.00634	0.00898	0.06051	0.03716	0.00613	0.04150	0.01101	0.02449	0.03371	0.50157	0.03385	0.09301	0.04839	0.00684	0.00179	0.00338	0.00839	0.05937	0.00518
81	0.01261	0.01260	0.08959	0.06249	0.50829	0.01136	0.01417	0.01659	0.06411	0.06400	0.04223	0.05533	0.01177	0.00580	0.00527	0.00162	0.00581	0.00539	0.00319	0.00778
82	0.00652	0.00523	0.00583	0.00586	0.00734	0.00454	0.00436	0.00810	0.01241	0.01573	0.23315	0.12052	0.51308	0.01287	0.00622	0.00177	0.00267	0.02421	0.00506	0.00452
83	0.75889	0.06238	0.00907	0.00702	0.01039	0.01203	0.00588	0.01522	0.00907	0.02234	0.00735	0.00857	0.00581	0.00476	0.00326	0.00154	0.00412	0.00283	0.00315	0.04632
84	0.00959	0.00707	0.00973	0.04594	0.06152	0.00693	0.03234	0.04731	0.05206	0.06775	0.27614	0.19997	0.11591	0.01077	0.00604	0.00178	0.00371	0.03487	0.00494	0.00564
85	0.01292	0.01254	0.02046	0.03052	0.73398	0.03750	0.01543	0.01593	0.01205	0.01700	0.03523	0.01363	0.00955	0.00486	0.00517	0.00154	0.00617	0.00476	0.00269	0.00807
86	0.10758	0.01195	0.01934	0.06851	0.65899	0.01225	0.01474	0.01577	0.01145	0.01754	0.00948	0.01244	0.00789	0.00469	0.00494	0.00156	0.00598	0.00443	0.00264	0.00783
87	0.17793	0.01495	0.04019	0.02714	0.12288	0.21845	0.00970	0.07234	0.04297	0.16587	0.01148	0.01211	0.00846	0.00540	0.00462	0.00149	0.00612	0.00401	0.00377	0.05011
88	0.08591	0.03915	0.07865	0.01453	0.11693	0.02825	0.11800	0.10455	0.04639	0.20604	0.07791	0.01699	0.01322	0.00612	0.00521	0.00163	0.00564	0.02305	0.00427	0.00757

[dist]
# distance from previous block
# <min> <max>
1	26

[block]
# block no. 2 follows, 47 sequences, length 18
# corresponding to MSA columns:
# 197-214
name=unknown_C
#
# <colnr> <probs for GDERKNQSTAVLIFYWHMCP>
#	G	D	E	R	K	N	Q	S	T	A	V	L	I	F	Y	W	H	M	C	P
0	0.01118	0.08241	0.19874	0.01014	0.03769	0.00921	0.00957	0.01523	0.08282	0.11736	0.15829	0.08415	0.14505	0.00851	0.00542	0.00166	0.00459	0.00714	0.00431	0.00653
1	0.01347	0.25422	0.39220	0.01367	0.07675	0.01420	0.01431	0.04192	0.01184	0.10667	0.01019	0.01121	0.00756	0.00500	0.00454	0.00148	0.00651	0.00379	0.00284	0.00762
2	0.01105	0.07525	0.23230	0.01026	0.01395	0.05230	0.02554	0.01387	0.01161	0.10069	0.06626	0.25084	0.06287	0.00920	0.00547	0.00170	0.00515	0.00788	0.00389	0.03993
3	0.01415	0.01245	0.10716	0.01277	0.09797	0.01120	0.01003	0.15190	0.23008	0.12010	0.15669	0.01983	0.01842	0.00698	0.00537	0.00165	0.00480	0.00586	0.00484	0.00775
4	0.11740	0.05379	0.05916	0.02095	0.39471	0.01309	0.01259	0.15608	0.03810	0.04214	0.01048	0.01222	0.00823	0.00507	0.00479	0.00152	0.00569	0.00429	0.00332	0.03637
5	0.04103	0.01162	0.01894	0.02627	0.58145	0.01166	0.04160	0.05886	0.01276	0.04288	0.06875	0.03759	0.01215	0.00557	0.00525	0.00158	0.00576	0.00530	0.00318	0.00781
6	0.01871	0.06364	0.01557	0.01128	0.01525	0.01561	0.00939	0.66620	0.02265	0.03058	0.01250	0.01275	0.00905	0.00613	0.00498	0.00151	0.00548	0.00458	0.06573	0.00843
7	0.06809	0.17889	0.06187	0.01487	0.13300	0.12287	0.06521	0.16540	0.03609	0.09009	0.01075	0.01174	0.00820	0.00527	0.00469	0.00147	0.00633	0.00414	0.00349	0.00752
8	0.01165	0.01110	0.01706	0.05663	0.13216	0.01349	0.09032	0.06904	0.01053	0.01522	0.01023	0.07058	0.00969	0.00987	0.05930	0.00239	0.39609	0.00555	0.00280	0.00629
9	0.00898	0.00680	0.00817	0.00744	0.00915	0.00682	0.00569	0.06687	0.12086	0.02153	0.58384	0.03486	0.07860	0.00996	0.00596	0.00166	0.00293	0.00867	0.00559	0.00563
10	0.01077	0.01233	0.11035	0.03887	0.04063	0.01014	0.30834	0.01507	0.06901	0.03646	0.03501	0.13444	0.06116	0.00748	0.00583	0.00175	0.00626	0.03406	0.00350	0.05854
11	0.01174	0.06843	0.01648	0.49838	0.12753	0.01226	0.01306	0.01636	0.10693	0.06190	0.01137	0.01429	0.00858	0.00539	0.00508	0.00166	0.00624	0.00469	0.00297	0.00667
12	0.01289	0.01237	0.02114	0.03196	0.78450	0.01237	0.01598	0.01598	0.01186	0.01701	0.00980	0.01289	0.00825	0.00464	0.00516	0.00155	0.00619	0.00464	0.00258	0.00825
13	0.00703	0.00562	0.00818	0.00805	0.00912	0.00518	0.07248	0.00841	0.01081	0.01426	0.10492	0.48401	0.15821	0.06869	0.00782	0.00218	0.00355	0.01236	0.00461	0.00450
14	0.01856	0.05800	0.06615	0.01637	0.21845	0.01027	0.05677	0.02124	0.01344	0.44353	0.01562	0.01525	0.01060	0.00563	0.00514	0.00158	0.00543	0.00490	0.00468	0.00839
15	0.05989	0.01154	0.03693	0.01499	0.16757	0.05135	0.05984	0.08003	0.04369	0.33406	0.01609	0.07484	0.01218	0.00652	0.00525	0.00163	0.00539	0.00562	0.00468	0.00790
16	0.00983	0.00926	0.01562	0.80447	0.03587	0.01157	0.01446	0.01331	0.01041	0.01331	0.00926	0.01388	0.00694	0.00521	0.00521	0.00174	0.00694	0.00463	0.00231	0.00579
17	0.01271	0.01316	0.02784	0.02069	0.05556	0.01233	0.64561	0.01679	0.01257	0.06390	0.05555	0.01566	0.01060	0.00489	0.00605	0.00173	0.00805	0.00622	0.00304	0.00706

[dist]
# distance from previous block
# <min> <max>
0	5

[block]
# block no. 3 follows, 47 sequences, length 49
# corresponding to MSA columns:
# 220-268
name=unknown_D
#
# <colnr> <probs for GDERKNQSTAVLIFYWHMCP>
#	G	D	E	R	K	N	Q	S	T	A	V	L	I	F	Y	W	H	M	C	P
0	0.03879	0.00939	0.03345	0.52962	0.02799	0.01032	0.05712	0.01323	0.01075	0.03874	0.03408	0.01797	0.06804	0.04278	0.00619	0.00183	0.00621	0.00533	0.00285	0.04531
1	0.01110	0.01208	0.16514	0.01135	0.06822	0.00937	0.00968	0.07079	0.16407	0.05843	0.28191	0.06013	0.03938	0.00816	0.00558	0.00168	0.00446	0.00700	0.00466	0.00680
2	0.00735	0.06728	0.00832	0.00821	0.04316	0.00596	0.00547	0.00846	0.01031	0.01360	0.06696	0.56192	0.08422	0.07406	0.00775	0.00218	0.00345	0.01233	0.00446	0.00457
3	0.01298	0.49715	0.22905	0.01149	0.01677	0.01720	0.06931	0.04310	0.01134	0.01465	0.00850	0.00993	0.00701	0.00469	0.00406	0.00132	0.00630	0.00345	0.02470	0.00701
4	0.02943	0.07585	0.05543	0.01246	0.07410	0.01096	0.09975	0.11231	0.04480	0.07614	0.03354	0.01303	0.00968	0.00493	0.00464	0.00127	0.00521	0.00425	0.00357	0.32864
5	0.01407	0.01158	0.09470	0.08871	0.23196	0.01019	0.02972	0.03744	0.04367	0.20215	0.02973	0.08362	0.01328	0.02748	0.00635	0.00179	0.03286	0.02937	0.00395	0.00738
6	0.00649	0.00483	0.00597	0.00663	0.00738	0.00440	0.00456	0.00766	0.01093	0.01433	0.13287	0.49839	0.20984	0.05125	0.00737	0.00210	0.00295	0.01288	0.00488	0.00431
7	0.01286	0.55973	0.15551	0.00987	0.01455	0.04210	0.01031	0.01584	0.04565	0.01357	0.01174	0.01253	0.06630	0.00535	0.00396	0.00129	0.00577	0.00375	0.00258	0.00673
8	0.01252	0.19190	0.45416	0.01322	0.01900	0.03808	0.03468	0.01669	0.01104	0.06995	0.00944	0.01098	0.00712	0.00535	0.00583	0.00159	0.08478	0.00384	0.00254	0.00730
9	0.01273	0.01384	0.02999	0.02145	0.02667	0.01295	0.73563	0.01702	0.01239	0.04716	0.01093	0.01419	0.00810	0.00447	0.00611	0.00175	0.00861	0.00611	0.00278	0.00710
10	0.00742	0.00509	0.00599	0.00605	0.00637	0.00497	0.00376	0.00802	0.00922	0.01243	0.14544	0.09568	0.05122	0.57077	0.02034	0.00407	0.00438	0.03134	0.00382	0.00362
11	0.01885	0.01004	0.01192	0.00978	0.01314	0.06245	0.02000	0.05347	0.11414	0.46486	0.09771	0.02181	0.01738	0.00733	0.00544	0.00166	0.00468	0.05168	0.00575	0.00790
12	0.07910	0.01379	0.01594	0.01217	0.01634	0.01495	0.06721	0.59939	0.02170	0.08856	0.01259	0.01273	0.00886	0.00602	0.00514	0.00158	0.00574	0.00471	0.00496	0.00849
13	0.85377	0.01007	0.00765	0.00685	0.01007	0.01168	0.00564	0.01531	0.00886	0.02336	0.00725	0.00846	0.00564	0.00483	0.00322	0.00161	0.00403	0.00282	0.00322	0.00564
14	0.01007	0.00949	0.01604	0.74550	0.09301	0.01163	0.01458	0.01351	0.01052	0.01359	0.00930	0.01381	0.00704	0.00516	0.00520	0.00172	0.00688	0.00463	0.00233	0.00597
15	0.00646	0.00473	0.00602	0.00694	0.00750	0.00436	0.00474	0.00750	0.01043	0.01370	0.06671	0.62038	0.14193	0.04462	0.00729	0.00216	0.00306	0.03240	0.00481	0.00426
16	0.00665	0.00474	0.00633	0.00722	0.00758	0.00465	0.00487	0.00758	0.00946	0.01274	0.02516	0.60905	0.02958	0.11447	0.12062	0.00335	0.00481	0.01264	0.00435	0.00416
17	0.02283	0.00870	0.01180	0.00909	0.01301	0.00754	0.00750	0.02486	0.01475	0.75773	0.02040	0.01779	0.01291	0.00643	0.00517	0.00160	0.00435	0.00522	0.03962	0.00870
18	0.01142	0.00786	0.01115	0.03524	0.23879	0.00783	0.00827	0.03944	0.01256	0.06604	0.14908	0.02042	0.01777	0.00645	0.00472	0.00144	0.00390	0.00560	0.34572	0.00628
19	0.00640	0.00529	0.00562	0.00554	0.00719	0.00450	0.00415	0.00796	0.01246	0.01547	0.20251	0.04781	0.63176	0.01267	0.00615	0.00173	0.00260	0.01067	0.00502	0.00450
20	0.01818	0.01320	0.01429	0.01139	0.01521	0.01461	0.00927	0.50504	0.23164	0.08809	0.01553	0.01482	0.01112	0.00649	0.00524	0.00162	0.00518	0.00506	0.00533	0.00869
21	0.01980	0.01459	0.01563	0.01198	0.01615	0.01615	0.00990	0.76713	0.02448	0.03282	0.01250	0.01250	0.00886	0.00625	0.00521	0.00156	0.00573	0.00469	0.00521	0.00886
22	0.00983	0.00926	0.01562	0.80447	0.03587	0.01157	0.01446	0.01331	0.01041	0.01331	0.00926	0.01388	0.00694	0.00521	0.00521	0.00174	0.00694	0.00463	0.00231	0.00579
23	0.01080	0.00926	0.01080	0.00771	0.01234	0.00694	0.00617	0.01311	0.01080	0.01697	0.00926	0.01080	0.00771	0.00386	0.00386	0.00077	0.00386	0.00309	0.00309	0.84882
24	0.85377	0.01007	0.00765	0.00685	0.01007	0.01168	0.00564	0.01531	0.00886	0.02336	0.00725	0.00846	0.00564	0.00483	0.00322	0.00161	0.00403	0.00282	0.00322	0.00564
25	0.01229	0.01405	0.03073	0.02195	0.02722	0.01317	0.76558	0.01668	0.01229	0.01668	0.01054	0.01405	0.00790	0.00439	0.00615	0.00176	0.00878	0.00615	0.00263	0.00702
26	0.01826	0.01372	0.01483	0.01166	0.01540	0.01539	0.00957	0.61903	0.11456	0.03013	0.01344	0.01351	0.00976	0.00647	0.00571	0.00161	0.04188	0.00483	0.03169	0.00851
27	0.85377	0.01007	0.00765	0.00685	0.01007	0.01168	0.00564	0.01531	0.00886	0.02336	0.00725	0.00846	0.00564	0.00483	0.00322	0.00161	0.00403	0.00282	0.00322	0.00564
28	0.00983	0.00926	0.01562	0.80447	0.03587	0.01157	0.01446	0.01331	0.01041	0.01331	0.00926	0.01388	0.00694	0.00521	0.00521	0.00174	0.00694	0.00463	0.00231	0.00579
29	0.01556	0.00657	0.00795	0.00674	0.00916	0.00605	0.00536	0.01781	0.01263	0.34856	0.01851	0.01869	0.01315	0.00623	0.00432	0.00138	0.00329	0.00502	0.48645	0.00657
30	0.01392	0.82012	0.02729	0.00891	0.01337	0.02061	0.00891	0.01559	0.01058	0.01225	0.00724	0.00835	0.00668	0.00446	0.00334	0.00111	0.00557	0.00278	0.00223	0.00668
31	0.85377	0.01007	0.00765	0.00685	0.01007	0.01168	0.00564	0.01531	0.00886	0.02336	0.00725	0.00846	0.00564	0.00483	0.00322	0.00161	0.00403	0.00282	0.00322	0.00564
32	0.00775	0.00613	0.00981	0.00925	0.01045	0.00694	0.05546	0.00978	0.00862	0.01239	0.01373	0.02005	0.01269	0.03682	0.74539	0.00794	0.01362	0.00562	0.00278	0.00480
33	0.00625	0.00523	0.00544	0.00549	0.00712	0.00442	0.00408	0.00763	0.01196	0.01451	0.10339	0.09668	0.68356	0.01320	0.00618	0.00177	0.00265	0.01111	0.00490	0.00442
34	0.00634	0.00453	0.00604	0.00725	0.00755	0.00423	0.00483	0.00725	0.00997	0.01329	0.02870	0.81358	0.03444	0.01632	0.00665	0.00211	0.00302	0.01480	0.00483	0.00423
35	0.01045	0.02694	0.79000	0.01484	0.02254	0.01209	0.01924	0.01649	0.01099	0.01649	0.00935	0.01099	0.00660	0.00495	0.00495	0.00165	0.00770	0.00385	0.00220	0.00770
36	0.78966	0.07190	0.00915	0.00701	0.01032	0.01236	0.00589	0.01533	0.00899	0.02252	0.00725	0.00845	0.00572	0.00481	0.00323	0.00157	0.00415	0.00282	0.00315	0.00572
37	0.01340	0.01323	0.09625	0.04476	0.54059	0.01153	0.01458	0.03230	0.01216	0.08158	0.01064	0.01293	0.00840	0.00480	0.00503	0.00150	0.00599	0.00447	0.00296	0.08290
38	0.01045	0.02694	0.79000	0.01484	0.02254	0.01209	0.01924	0.01649	0.01099	0.01649	0.00935	0.01099	0.00660	0.00495	0.00495	0.00165	0.00770	0.00385	0.00220	0.00770
39	0.00634	0.00453	0.00604	0.00725	0.00755	0.00423	0.00483	0.00725	0.00997	0.01329	0.02870	0.81358	0.03444	0.01632	0.00665	0.00211	0.00302	0.01480	0.00483	0.00423
40	0.01409	0.04041	0.46750	0.03196	0.01961	0.03051	0.03332	0.04404	0.03251	0.19645	0.03193	0.01358	0.00951	0.00553	0.00505	0.00162	0.00664	0.00443	0.00348	0.00782
41	0.00757	0.00505	0.00568	0.00568	0.00568	0.00505	0.00316	0.00757	0.00757	0.01010	0.01641	0.03408	0.01893	0.81698	0.02651	0.00505	0.00505	0.00757	0.00316	0.00316
42	0.00744	0.00558	0.00837	0.00837	0.00930	0.00651	0.00651	0.00930	0.00837	0.01209	0.01395	0.02046	0.01302	0.03906	0.79635	0.00837	0.01395	0.00558	0.00279	0.00465
43	0.01321	0.01368	0.02468	0.02138	0.17082	0.04418	0.42741	0.09517	0.01318	0.01786	0.01083	0.04027	0.00884	0.00544	0.00665	0.00173	0.06875	0.00576	0.00294	0.00722
44	0.01126	0.01071	0.01820	0.44324	0.38593	0.01195	0.01517	0.01456	0.01109	0.01504	0.00951	0.01342	0.00755	0.00494	0.00518	0.00165	0.00659	0.00463	0.00244	0.00694
45	0.01175	0.01164	0.02168	0.02415	0.38323	0.01133	0.25957	0.01511	0.01202	0.01659	0.01414	0.02217	0.02957	0.00646	0.00586	0.00177	0.00671	0.13608	0.00304	0.00715
46	0.00695	0.00503	0.00670	0.00781	0.00850	0.00478	0.00585	0.00834	0.01073	0.01405	0.03020	0.52577	0.09017	0.01549	0.00678	0.00217	0.00353	0.23791	0.00482	0.00441
47	0.02023	0.08870	0.01532	0.01194	0.07069	0.07072	0.02895	0.09706	0.03486	0.46685	0.01621	0.01514	0.01091	0.00604	0.00527	0.00155	0.02137	0.00479	0.00513	0.00826
48	0.01251	0.01121	0.01698	0.05735	0.34921	0.01175	0.06937	0.01932	0.26037	0.04263	0.03183	0.05300	0.02830	0.00632	0.00539	0.00168	0.00540	0.00587	0.00379	0.00773

[dist]
# distance from previous block
# <min> <max>
0	229

# created by:
# /home/berkeley/.conda/envs/busco_data_prod/bin/msa2prfl.pl pipeline/OGs_align_augustus/33634/155028.fs
