[name]
unknown

[dist]
# distance from previous block
# <min> <max>
0	119

[block]
# block no. 0 follows, 47 sequences, length 9
# corresponding to MSA columns:
# 134-142
name=unknown_A
#
# <colnr> <probs for GDERKNQSTAVLIFYWHMCP>
#	G	D	E	R	K	N	Q	S	T	A	V	L	I	F	Y	W	H	M	C	P
0	0.00727	0.00524	0.00687	0.00662	0.00776	0.00485	0.00491	0.00957	0.01426	0.02012	0.70639	0.11643	0.04767	0.01121	0.00619	0.00169	0.00251	0.00996	0.00564	0.00485
1	0.15411	0.01227	0.01251	0.02719	0.03496	0.05081	0.00846	0.31621	0.16216	0.06591	0.04228	0.01474	0.01150	0.00623	0.00481	0.00159	0.00496	0.00476	0.05695	0.00760
2	0.01318	0.47861	0.30924	0.01113	0.01676	0.01669	0.01267	0.01650	0.01099	0.05912	0.00880	0.00988	0.00701	0.00475	0.00405	0.00134	0.00629	0.00332	0.00246	0.00719
3	0.01080	0.00926	0.01080	0.00771	0.01234	0.00694	0.00617	0.01311	0.01080	0.01697	0.00926	0.01080	0.00771	0.00386	0.00386	0.00077	0.00386	0.00309	0.00309	0.84882
4	0.00932	0.00746	0.01112	0.01072	0.06915	0.00723	0.08632	0.01310	0.08983	0.04389	0.42803	0.07413	0.06945	0.00966	0.00604	0.00173	0.00380	0.04821	0.00501	0.00578
5	0.01245	0.01239	0.02223	0.02743	0.53688	0.01223	0.18998	0.01631	0.04769	0.01703	0.01243	0.01513	0.04321	0.00508	0.00544	0.00162	0.00654	0.00533	0.00282	0.00779
6	0.01137	0.01289	0.08032	0.01684	0.02042	0.01230	0.41044	0.01482	0.01119	0.01616	0.04315	0.01620	0.01053	0.00622	0.00826	0.00182	0.18472	0.02882	0.08711	0.00640
7	0.32838	0.09329	0.01368	0.00988	0.01355	0.09551	0.02943	0.21385	0.03899	0.10245	0.01062	0.01107	0.00784	0.00545	0.00427	0.00153	0.00537	0.00380	0.00397	0.00708
8	0.01139	0.19918	0.54772	0.01425	0.02100	0.01406	0.09112	0.01631	0.01103	0.01558	0.00900	0.01072	0.00675	0.00478	0.00472	0.00154	0.00734	0.00384	0.00225	0.00741

[dist]
# distance from previous block
# <min> <max>
0	2

[block]
# block no. 1 follows, 47 sequences, length 15
# corresponding to MSA columns:
# 145-159
name=unknown_B
#
# <colnr> <probs for GDERKNQSTAVLIFYWHMCP>
#	G	D	E	R	K	N	Q	S	T	A	V	L	I	F	Y	W	H	M	C	P
0	0.85377	0.01007	0.00765	0.00685	0.01007	0.01168	0.00564	0.01531	0.00886	0.02336	0.00725	0.00846	0.00564	0.00483	0.00322	0.00161	0.00403	0.00282	0.00322	0.00564
1	0.00816	0.00619	0.00836	0.06898	0.01169	0.00629	0.00752	0.01106	0.05350	0.01617	0.14346	0.13325	0.09868	0.01283	0.00662	0.00211	0.00417	0.39119	0.00479	0.00498
2	0.01753	0.01946	0.01781	0.01536	0.05086	0.45465	0.14440	0.06004	0.01416	0.07366	0.00966	0.01134	0.00758	0.00561	0.00609	0.00154	0.07631	0.00422	0.00306	0.00665
3	0.01889	0.01042	0.01429	0.01438	0.17980	0.00983	0.00958	0.10473	0.05619	0.41954	0.01625	0.01551	0.01109	0.00581	0.00508	0.00152	0.00488	0.00487	0.00508	0.09226
4	0.00763	0.00540	0.00785	0.00785	0.00857	0.00611	0.00587	0.00881	0.00810	0.01151	0.01374	0.02172	0.01336	0.13694	0.61467	0.09736	0.01180	0.00572	0.00278	0.00420
5	0.00858	0.00726	0.00766	0.00721	0.00930	0.00732	0.00551	0.01452	0.26779	0.01748	0.13089	0.03848	0.43651	0.01083	0.00587	0.00175	0.00311	0.00909	0.00510	0.00575
6	0.10760	0.01363	0.01424	0.01124	0.01514	0.01522	0.00921	0.58295	0.12855	0.03026	0.01317	0.01305	0.00951	0.00622	0.00501	0.00160	0.00532	0.00466	0.00501	0.00843
7	0.00744	0.00558	0.00837	0.00837	0.00930	0.00651	0.00651	0.00930	0.00837	0.01209	0.01395	0.02046	0.01302	0.03906	0.79635	0.00837	0.01395	0.00558	0.00279	0.00465
8	0.01227	0.01161	0.01902	0.18720	0.54979	0.01227	0.01485	0.01668	0.09280	0.01677	0.01090	0.01379	0.00880	0.00501	0.00518	0.00161	0.00612	0.00477	0.00281	0.00775
9	0.00684	0.00528	0.00624	0.00605	0.00746	0.00468	0.00452	0.00877	0.01341	0.01783	0.45718	0.06776	0.35145	0.01187	0.00616	0.00170	0.00255	0.01024	0.00533	0.00468
10	0.01494	0.16313	0.01527	0.01050	0.01343	0.20150	0.00856	0.17228	0.10745	0.01953	0.15176	0.01677	0.01617	0.00672	0.00538	0.00149	0.03887	0.00502	0.02448	0.00676
11	0.01226	0.01013	0.01087	0.00971	0.01238	0.01139	0.00756	0.07993	0.54924	0.02212	0.13824	0.02303	0.04894	0.00775	0.00540	0.00171	0.00388	0.00650	0.03142	0.00753
12	0.01405	0.02418	0.01696	0.15962	0.04070	0.04558	0.14499	0.19915	0.16930	0.04512	0.03321	0.02831	0.03001	0.01838	0.00573	0.00172	0.00609	0.00558	0.00402	0.00731
13	0.01335	0.01059	0.01304	0.01083	0.01409	0.01127	0.06544	0.02295	0.45535	0.10183	0.05777	0.01829	0.01516	0.00662	0.00571	0.00162	0.03909	0.00557	0.00480	0.12663
14	0.01404	0.30659	0.03432	0.07099	0.01610	0.12481	0.04369	0.09125	0.09323	0.01616	0.01075	0.03499	0.00917	0.02686	0.00498	0.00145	0.00601	0.00420	0.00312	0.08730

[dist]
# distance from previous block
# <min> <max>
2	18

[block]
# block no. 2 follows, 47 sequences, length 36
# corresponding to MSA columns:
# 178-213
name=unknown_C
#
# <colnr> <probs for GDERKNQSTAVLIFYWHMCP>
#	G	D	E	R	K	N	Q	S	T	A	V	L	I	F	Y	W	H	M	C	P
0	0.04420	0.07324	0.07057	0.02747	0.03118	0.03752	0.22645	0.13892	0.08413	0.10140	0.02521	0.01383	0.00966	0.00558	0.00581	0.00161	0.04767	0.00497	0.00371	0.04685
1	0.02843	0.01084	0.01727	0.03165	0.27293	0.03499	0.13661	0.05179	0.03317	0.07360	0.01291	0.01779	0.01099	0.05000	0.15977	0.00311	0.00787	0.03616	0.00325	0.00688
2	0.22209	0.01199	0.01341	0.03256	0.01497	0.01298	0.05786	0.30554	0.12073	0.04673	0.02748	0.01312	0.00973	0.00574	0.00469	0.00155	0.00505	0.00445	0.00433	0.08499
3	0.01383	0.01159	0.01690	0.05310	0.01753	0.03118	0.20707	0.23223	0.07615	0.05504	0.01476	0.01821	0.03783	0.09873	0.08940	0.00273	0.00716	0.00579	0.00390	0.00688
4	0.01056	0.00771	0.00910	0.00796	0.00927	0.00810	0.03173	0.16972	0.05046	0.01635	0.05292	0.04026	0.01783	0.50511	0.03798	0.00390	0.00534	0.00698	0.00382	0.00489
5	0.04075	0.01372	0.06608	0.01181	0.01609	0.01352	0.04647	0.43324	0.09420	0.18820	0.01460	0.01415	0.01011	0.00616	0.00520	0.00161	0.00553	0.00489	0.00510	0.00855
6	0.00797	0.00574	0.00776	0.00784	0.04562	0.00533	0.00551	0.01045	0.01460	0.03651	0.72857	0.03720	0.04640	0.01027	0.00608	0.00163	0.00268	0.00910	0.00559	0.00516
7	0.00724	0.00556	0.00649	0.00648	0.00783	0.00509	0.00476	0.04505	0.01291	0.01691	0.27136	0.23026	0.33541	0.01282	0.00622	0.00180	0.00282	0.01112	0.00513	0.00473
8	0.00983	0.00926	0.01562	0.80447	0.03587	0.01157	0.01446	0.01331	0.01041	0.01331	0.00926	0.01388	0.00694	0.00521	0.00521	0.00174	0.00694	0.00463	0.00231	0.00579
9	0.00983	0.00926	0.01562	0.80447	0.03587	0.01157	0.01446	0.01331	0.01041	0.01331	0.00926	0.01388	0.00694	0.00521	0.00521	0.00174	0.00694	0.00463	0.00231	0.00579
10	0.00747	0.00547	0.00779	0.00779	0.00852	0.00619	0.00579	0.00893	0.00820	0.01166	0.01448	0.02340	0.01429	0.20690	0.63024	0.00765	0.01203	0.00601	0.00287	0.00433
11	0.01876	0.01453	0.01609	0.04584	0.08614	0.04293	0.01064	0.64291	0.02244	0.02991	0.01197	0.01248	0.00865	0.00603	0.00519	0.00156	0.00595	0.00464	0.00477	0.00858
12	0.01392	0.82012	0.02729	0.00891	0.01337	0.02061	0.00891	0.01559	0.01058	0.01225	0.00724	0.00835	0.00668	0.00446	0.00334	0.00111	0.00557	0.00278	0.00223	0.00668
13	0.00757	0.00505	0.00568	0.00568	0.00568	0.00505	0.00316	0.00757	0.00757	0.01010	0.01641	0.03408	0.01893	0.81698	0.02651	0.00505	0.00505	0.00757	0.00316	0.00316
14	0.00874	0.06017	0.00868	0.00730	0.00879	0.04610	0.00552	0.01103	0.03959	0.03750	0.39947	0.17785	0.10359	0.03420	0.02644	0.00196	0.00361	0.00943	0.00496	0.00508
15	0.00905	0.00452	0.00678	0.00678	0.00678	0.00452	0.00452	0.00678	0.00678	0.00905	0.00905	0.01583	0.00905	0.01809	0.02035	0.84848	0.00452	0.00452	0.00226	0.00226
16	0.00633	0.00460	0.00597	0.00707	0.00751	0.00424	0.00475	0.00727	0.01014	0.01336	0.03089	0.74429	0.10233	0.01603	0.00660	0.00208	0.00299	0.01446	0.00483	0.00424
17	0.01241	0.01057	0.01476	0.06453	0.01520	0.01313	0.04671	0.13907	0.01179	0.04958	0.04614	0.01492	0.01049	0.01304	0.14114	0.00304	0.37896	0.00509	0.00321	0.00622
18	0.15031	0.08492	0.23720	0.01242	0.06627	0.01210	0.01170	0.03555	0.07177	0.15541	0.01261	0.01482	0.00966	0.00609	0.00555	0.00167	0.05928	0.04175	0.00360	0.00731
19	0.01291	0.01260	0.01886	0.27633	0.07701	0.06845	0.16795	0.12168	0.03408	0.01715	0.01027	0.01399	0.00815	0.00592	0.00704	0.00176	0.11734	0.01885	0.00296	0.00670
20	0.00634	0.00453	0.00604	0.00725	0.00755	0.00423	0.00483	0.00725	0.00997	0.01329	0.02870	0.81358	0.03444	0.01632	0.00665	0.00211	0.00302	0.01480	0.00483	0.00423
21	0.04850	0.01200	0.06490	0.01103	0.01389	0.03772	0.05176	0.23205	0.06555	0.06044	0.01454	0.08667	0.01244	0.02134	0.01835	0.00186	0.10696	0.02321	0.10996	0.00684
22	0.04361	0.01231	0.10117	0.03358	0.08821	0.03195	0.01042	0.08943	0.08877	0.25448	0.01586	0.01928	0.01234	0.03534	0.00701	0.00186	0.07083	0.07158	0.00445	0.00752
23	0.01148	0.10623	0.24867	0.01164	0.03960	0.01054	0.02232	0.07293	0.01258	0.07242	0.07889	0.13773	0.01821	0.00862	0.00568	0.00176	0.01762	0.11269	0.00381	0.00658
24	0.00899	0.00630	0.00905	0.12038	0.03047	0.00689	0.00683	0.01062	0.00944	0.06365	0.07505	0.02459	0.01662	0.25538	0.32742	0.00533	0.00865	0.00628	0.00330	0.00476
25	0.01337	0.00911	0.01098	0.00811	0.01246	0.00719	0.00650	0.01593	0.03281	0.17756	0.01241	0.03216	0.00967	0.00479	0.00425	0.00101	0.00396	0.00390	0.00389	0.62994
26	0.79833	0.01014	0.00793	0.00710	0.01030	0.01177	0.00581	0.01612	0.05938	0.02326	0.00817	0.00918	0.00632	0.00498	0.00336	0.00162	0.00403	0.00302	0.00336	0.00581
27	0.01199	0.00667	0.00844	0.00746	0.00955	0.00619	0.00589	0.05362	0.01459	0.20403	0.39104	0.03327	0.09586	0.00953	0.00576	0.00166	0.00327	0.05748	0.06767	0.00601
28	0.00783	0.00553	0.00647	0.00611	0.00778	0.00484	0.00463	0.00970	0.01334	0.06813	0.37432	0.04300	0.40607	0.01162	0.00609	0.00170	0.00268	0.00991	0.00534	0.00492
29	0.00752	0.00577	0.00698	0.00679	0.00807	0.02320	0.00514	0.00972	0.01396	0.01911	0.58448	0.08004	0.13756	0.01138	0.00621	0.00172	0.00282	0.05926	0.00544	0.00483
30	0.01080	0.00926	0.01080	0.00771	0.01234	0.00694	0.00617	0.01311	0.01080	0.01697	0.00926	0.01080	0.00771	0.00386	0.00386	0.00077	0.00386	0.00309	0.00309	0.84882
31	0.01164	0.00923	0.01088	0.00782	0.01241	0.00699	0.00627	0.01393	0.01107	0.06857	0.01001	0.01126	0.00806	0.00403	0.00395	0.00083	0.00390	0.00323	0.00331	0.79261
32	0.00636	0.00461	0.00601	0.00708	0.00752	0.00426	0.00477	0.00735	0.01026	0.01359	0.05399	0.73094	0.09223	0.01590	0.00659	0.00207	0.00297	0.01434	0.00486	0.00426
33	0.01080	0.00926	0.01080	0.00771	0.01234	0.00694	0.00617	0.01311	0.01080	0.01697	0.00926	0.01080	0.00771	0.00386	0.00386	0.00077	0.00386	0.00309	0.00309	0.84882
34	0.01075	0.13596	0.57889	0.01298	0.01959	0.01247	0.01597	0.01570	0.01117	0.01622	0.06073	0.01248	0.00953	0.00519	0.00473	0.00152	0.00679	0.00402	0.00250	0.06282
35	0.01289	0.01237	0.02114	0.03196	0.78450	0.01237	0.01598	0.01598	0.01186	0.01701	0.00980	0.01289	0.00825	0.00464	0.00516	0.00155	0.00619	0.00464	0.00258	0.00825

[dist]
# distance from previous block
# <min> <max>
0	2

[block]
# block no. 3 follows, 47 sequences, length 57
# corresponding to MSA columns:
# 216-272
name=unknown_D
#
# <colnr> <probs for GDERKNQSTAVLIFYWHMCP>
#	G	D	E	R	K	N	Q	S	T	A	V	L	I	F	Y	W	H	M	C	P
0	0.01151	0.00996	0.05767	0.01240	0.01499	0.02497	0.18951	0.01413	0.02864	0.12989	0.01944	0.31266	0.01962	0.01017	0.00712	0.00193	0.07744	0.04775	0.00413	0.00607
1	0.01076	0.00697	0.00873	0.00795	0.01007	0.00639	0.00606	0.04405	0.05508	0.12685	0.20179	0.26794	0.02817	0.01050	0.00577	0.00168	0.00349	0.04899	0.00503	0.14371
2	0.00745	0.00537	0.00710	0.00699	0.00816	0.00502	0.00537	0.00981	0.01412	0.01977	0.64107	0.08447	0.04581	0.01145	0.00631	0.00176	0.00279	0.10677	0.00556	0.00486
3	0.57860	0.01081	0.01092	0.08215	0.10522	0.01229	0.00817	0.10472	0.01122	0.02283	0.00836	0.00996	0.00645	0.00501	0.00387	0.00161	0.00475	0.00342	0.00330	0.00635
4	0.01060	0.01041	0.01585	0.71387	0.07375	0.06140	0.01426	0.01392	0.01076	0.01346	0.00921	0.01355	0.00700	0.00519	0.00517	0.00170	0.00706	0.00455	0.00235	0.00593
5	0.00752	0.00503	0.00569	0.00574	0.00576	0.00501	0.00322	0.00756	0.00767	0.01023	0.01692	0.06623	0.01957	0.78396	0.02569	0.00493	0.00497	0.00787	0.00322	0.00320
6	0.04534	0.12056	0.05838	0.01185	0.01566	0.14334	0.01019	0.40448	0.04976	0.02395	0.01075	0.01146	0.00816	0.00597	0.00556	0.00153	0.05717	0.00416	0.00400	0.00772
7	0.01326	0.09623	0.08404	0.00965	0.01447	0.00974	0.04773	0.05574	0.01213	0.11595	0.01074	0.01171	0.00824	0.00450	0.00427	0.00109	0.00481	0.00364	0.00344	0.48862
8	0.01186	0.08145	0.48380	0.01262	0.01855	0.01164	0.03148	0.03288	0.05122	0.07696	0.01141	0.01393	0.00883	0.07810	0.00678	0.00187	0.00663	0.00435	0.00291	0.05273
9	0.00779	0.00540	0.00625	0.00612	0.00612	0.00565	0.00361	0.00785	0.00760	0.01023	0.01588	0.03282	0.01826	0.77217	0.02598	0.00490	0.04956	0.00741	0.00311	0.00330
10	0.00825	0.00620	0.00732	0.00714	0.00854	0.00549	0.00520	0.00984	0.01418	0.01924	0.48263	0.11309	0.26672	0.01265	0.00671	0.00195	0.00304	0.01068	0.00576	0.00537
11	0.01067	0.02552	0.72004	0.01446	0.02173	0.01217	0.01825	0.01750	0.07969	0.01697	0.01041	0.01175	0.00743	0.00514	0.00498	0.00166	0.00737	0.00403	0.00248	0.00775
12	0.04847	0.07969	0.03908	0.05709	0.05743	0.02381	0.07804	0.37638	0.02621	0.08428	0.01340	0.01414	0.03995	0.00609	0.00548	0.00159	0.03195	0.00485	0.00423	0.00783
13	0.00983	0.00926	0.01562	0.80447	0.03587	0.01157	0.01446	0.01331	0.01041	0.01331	0.00926	0.01388	0.00694	0.00521	0.00521	0.00174	0.00694	0.00463	0.00231	0.00579
14	0.01067	0.01067	0.01692	0.68391	0.03383	0.06150	0.08171	0.01408	0.01086	0.01357	0.00929	0.01361	0.00701	0.00514	0.00526	0.00171	0.00726	0.00468	0.00237	0.00591
15	0.03383	0.00923	0.01499	0.58568	0.09009	0.01096	0.02633	0.01372	0.03578	0.01489	0.06917	0.01772	0.01154	0.00602	0.00532	0.00174	0.00631	0.03787	0.00283	0.00597
16	0.07049	0.01280	0.12953	0.01185	0.01614	0.02762	0.11198	0.08700	0.01394	0.35009	0.01626	0.05123	0.01215	0.02402	0.00578	0.00176	0.00568	0.03932	0.00468	0.00767
17	0.00634	0.00453	0.00604	0.00725	0.00755	0.00423	0.00483	0.00725	0.00997	0.01329	0.02870	0.81358	0.03444	0.01632	0.00665	0.00211	0.00302	0.01480	0.00483	0.00423
18	0.01115	0.04699	0.48318	0.01645	0.02261	0.01304	0.21917	0.01611	0.01103	0.01601	0.00935	0.01177	0.00698	0.00520	0.00645	0.00172	0.08867	0.00451	0.00233	0.00728
19	0.00967	0.00879	0.01420	0.23287	0.23782	0.00951	0.03123	0.01213	0.01101	0.01498	0.07027	0.20654	0.05735	0.00867	0.00633	0.00180	0.04971	0.00775	0.00336	0.00601
20	0.00756	0.00511	0.00597	0.00597	0.00608	0.00521	0.00352	0.00776	0.00766	0.01032	0.01614	0.03259	0.01829	0.73185	0.11075	0.00541	0.00602	0.00735	0.00312	0.00332
21	0.00650	0.00463	0.00607	0.00708	0.00752	0.00431	0.00479	0.00758	0.01045	0.01409	0.09277	0.70672	0.05889	0.01551	0.00652	0.00204	0.00295	0.01401	0.02326	0.00431
22	0.05824	0.06206	0.01603	0.15106	0.01853	0.05259	0.14801	0.04214	0.09480	0.01701	0.07427	0.07507	0.01396	0.00693	0.00631	0.00170	0.08118	0.00591	0.06799	0.00619
23	0.00992	0.00942	0.01612	0.77849	0.03558	0.01162	0.03940	0.01342	0.01048	0.01342	0.00930	0.01389	0.00697	0.00518	0.00524	0.00174	0.00700	0.00468	0.00232	0.00583
24	0.00869	0.00548	0.00639	0.00611	0.00755	0.00517	0.00459	0.01129	0.03818	0.05024	0.34839	0.06475	0.14744	0.00957	0.00533	0.00155	0.00263	0.00819	0.26341	0.00506
25	0.03857	0.00807	0.01015	0.00816	0.01133	0.00743	0.00662	0.06823	0.01446	0.48521	0.07665	0.02001	0.03701	0.00682	0.00495	0.00153	0.00390	0.00554	0.17781	0.00754
26	0.01469	0.01064	0.06140	0.01061	0.05390	0.07868	0.00831	0.07188	0.02993	0.24960	0.17967	0.13374	0.02290	0.00879	0.00564	0.00170	0.00468	0.04138	0.00506	0.00682
27	0.01139	0.01139	0.01595	0.01367	0.01367	0.01595	0.01139	0.01253	0.00798	0.01253	0.00684	0.01139	0.00684	0.00911	0.01709	0.00228	0.80745	0.00456	0.00228	0.00570
28	0.10207	0.01316	0.17920	0.00923	0.01434	0.00860	0.00900	0.01459	0.01080	0.04936	0.00952	0.01087	0.00746	0.00430	0.00408	0.00109	0.00473	0.00331	0.00305	0.54124
29	0.01013	0.02387	0.67046	0.06421	0.02206	0.01142	0.01765	0.01569	0.01129	0.01668	0.07878	0.01369	0.01044	0.00548	0.00507	0.00165	0.00718	0.00440	0.00252	0.00732
30	0.00632	0.00464	0.00594	0.00698	0.00748	0.00425	0.00471	0.00728	0.01023	0.01340	0.03205	0.70741	0.13846	0.01588	0.00658	0.00207	0.00297	0.01427	0.00483	0.00425
31	0.09402	0.01205	0.01900	0.15093	0.02189	0.03425	0.27230	0.15399	0.01421	0.08301	0.03354	0.01663	0.03439	0.00588	0.00545	0.00170	0.00662	0.02956	0.00365	0.00693
32	0.10442	0.15364	0.03090	0.01278	0.08041	0.14148	0.00986	0.01545	0.01083	0.05522	0.05764	0.01280	0.01003	0.00796	0.04074	0.00195	0.24048	0.00425	0.00292	0.00625
33	0.01916	0.10340	0.01501	0.01025	0.01414	0.01334	0.00861	0.41400	0.01910	0.23170	0.01447	0.01407	0.01010	0.00608	0.00486	0.00149	0.00506	0.00464	0.08225	0.00824
34	0.03658	0.07522	0.24501	0.10609	0.08334	0.01183	0.05222	0.05688	0.02784	0.09595	0.04525	0.01357	0.00980	0.00544	0.00529	0.00155	0.03271	0.00445	0.00320	0.08779
35	0.01049	0.05216	0.01257	0.01001	0.01172	0.01022	0.05644	0.06518	0.01073	0.01601	0.05443	0.01697	0.01235	0.01627	0.23700	0.00358	0.19239	0.00510	0.14729	0.05908
36	0.00687	0.00483	0.00608	0.00665	0.00704	0.00459	0.00435	0.00779	0.01011	0.01366	0.15325	0.44504	0.04230	0.24846	0.01234	0.00288	0.00351	0.01173	0.00450	0.00404
37	0.01246	0.10926	0.01505	0.01423	0.16985	0.01147	0.03436	0.03806	0.22848	0.06712	0.05884	0.04521	0.03434	0.05881	0.00668	0.00190	0.00491	0.07777	0.00416	0.00703
38	0.01259	0.00958	0.01150	0.01011	0.01262	0.03515	0.05525	0.05559	0.32214	0.10926	0.11881	0.18402	0.02248	0.00909	0.00571	0.00178	0.00426	0.00797	0.00513	0.00694
39	0.00757	0.00505	0.00568	0.00568	0.00568	0.00505	0.00316	0.00757	0.00757	0.01010	0.01641	0.03408	0.01893	0.81698	0.02651	0.00505	0.00505	0.00757	0.00316	0.00316
40	0.00634	0.00453	0.00604	0.00725	0.00755	0.00423	0.00483	0.00725	0.00997	0.01329	0.02870	0.81358	0.03444	0.01632	0.00665	0.00211	0.00302	0.01480	0.00483	0.00423
41	0.01173	0.01835	0.32774	0.12060	0.04011	0.01268	0.26392	0.06057	0.06064	0.01743	0.01067	0.01304	0.00783	0.00500	0.00542	0.00170	0.00758	0.00490	0.00274	0.00734
42	0.03159	0.00886	0.03318	0.00927	0.01283	0.00753	0.00781	0.03316	0.01427	0.60805	0.03886	0.07202	0.01630	0.00782	0.00549	0.00171	0.00443	0.07277	0.00600	0.00803
43	0.01547	0.47944	0.07157	0.02351	0.01536	0.06024	0.02108	0.20701	0.01444	0.02636	0.00900	0.00993	0.00733	0.00502	0.00409	0.00130	0.00599	0.00348	0.00307	0.01632
44	0.01370	0.57651	0.19086	0.01047	0.01560	0.01837	0.01123	0.08335	0.01192	0.01502	0.00817	0.00930	0.00686	0.00472	0.00386	0.00127	0.00604	0.00319	0.00249	0.00710
45	0.03164	0.17179	0.09716	0.00935	0.01282	0.01062	0.00859	0.04788	0.06125	0.21601	0.08806	0.11338	0.04287	0.00818	0.00520	0.00164	0.00466	0.05748	0.00454	0.00687
46	0.22661	0.01193	0.09162	0.03931	0.05684	0.01085	0.07717	0.05013	0.09236	0.19874	0.03476	0.02621	0.02683	0.00614	0.00506	0.00167	0.01828	0.01412	0.00418	0.00720
47	0.00804	0.00567	0.00692	0.00733	0.00793	0.00565	0.00497	0.07586	0.01066	0.01420	0.02343	0.46170	0.02716	0.25976	0.01261	0.00298	0.00398	0.05244	0.00435	0.00435
48	0.06378	0.01278	0.05877	0.01343	0.01731	0.04408	0.20789	0.09319	0.18586	0.14583	0.03779	0.05114	0.01273	0.00643	0.00569	0.00171	0.02402	0.00581	0.00430	0.00748
49	0.01632	0.09752	0.01581	0.01267	0.08310	0.03709	0.06163	0.04285	0.02331	0.30549	0.08965	0.03916	0.01483	0.00709	0.00682	0.00168	0.11211	0.02107	0.00449	0.00732
50	0.01448	0.00808	0.01044	0.03469	0.05414	0.00797	0.00700	0.08375	0.05286	0.26868	0.09751	0.02521	0.01831	0.23759	0.02990	0.00278	0.00491	0.03048	0.00478	0.00644
51	0.01199	0.01136	0.01923	0.10731	0.63948	0.01156	0.01483	0.01493	0.01154	0.01631	0.01144	0.08497	0.01047	0.00575	0.00529	0.00162	0.00598	0.00555	0.00275	0.00764
52	0.01680	0.10657	0.05971	0.03160	0.10501	0.08324	0.05470	0.07132	0.09034	0.25133	0.01425	0.03277	0.01056	0.00608	0.00556	0.00159	0.04174	0.00490	0.00419	0.00773
53	0.01456	0.20855	0.24822	0.08422	0.07895	0.02595	0.01272	0.04815	0.01245	0.17788	0.03316	0.01301	0.00940	0.00536	0.00471	0.00150	0.00612	0.00420	0.00337	0.00751
54	0.06785	0.01121	0.05617	0.01490	0.14867	0.00996	0.12406	0.03840	0.06062	0.15923	0.04186	0.01495	0.01092	0.00679	0.02432	0.04735	0.00561	0.00484	0.00376	0.14852
55	0.09425	0.01065	0.01539	0.20023	0.26988	0.01117	0.01172	0.08413	0.02821	0.10006	0.01174	0.04438	0.00938	0.00556	0.00494	0.00156	0.00555	0.00481	0.00342	0.08296
56	0.17295	0.04622	0.02938	0.05364	0.05409	0.07193	0.00871	0.04165	0.06813	0.14856	0.08026	0.03236	0.01283	0.00654	0.00609	0.00162	0.09610	0.00483	0.00394	0.06017

[dist]
# distance from previous block
# <min> <max>
1	39

[block]
# block no. 4 follows, 47 sequences, length 14
# corresponding to MSA columns:
# 320-333
name=unknown_E
#
# <colnr> <probs for GDERKNQSTAVLIFYWHMCP>
#	G	D	E	R	K	N	Q	S	T	A	V	L	I	F	Y	W	H	M	C	P
0	0.21323	0.05221	0.01426	0.06213	0.13483	0.03743	0.03457	0.13230	0.07349	0.07274	0.07452	0.01443	0.01175	0.00582	0.00486	0.00157	0.01632	0.00461	0.00385	0.03510
1	0.18223	0.05150	0.01404	0.01260	0.10329	0.04199	0.07602	0.07907	0.04359	0.11754	0.07065	0.06593	0.01437	0.00682	0.00497	0.00161	0.00505	0.04861	0.00405	0.05605
2	0.22066	0.03084	0.01332	0.12350	0.11874	0.01061	0.05289	0.06126	0.03360	0.07529	0.01282	0.10832	0.01145	0.03760	0.00561	0.00175	0.00509	0.00552	0.00355	0.06758
3	0.26742	0.05058	0.03902	0.11526	0.03803	0.02863	0.00905	0.03755	0.11467	0.14079	0.01263	0.03405	0.00980	0.00621	0.00544	0.00169	0.06323	0.01533	0.00383	0.00677
4	0.33616	0.01130	0.05592	0.05763	0.01344	0.04129	0.00816	0.12771	0.01259	0.04434	0.09984	0.07407	0.01411	0.00712	0.00552	0.00170	0.06298	0.01610	0.00385	0.00617
5	0.00796	0.00529	0.00672	0.00691	0.00794	0.00488	0.00499	0.00946	0.01182	0.06325	0.25469	0.29688	0.12906	0.10226	0.00859	0.00224	0.00324	0.06415	0.00501	0.00466
6	0.06205	0.00851	0.01145	0.01413	0.21883	0.00883	0.00819	0.07489	0.05798	0.01593	0.01529	0.08138	0.01556	0.27839	0.01319	0.04562	0.00510	0.05557	0.00349	0.00562
7	0.01409	0.01231	0.02185	0.20802	0.09815	0.01265	0.31401	0.14019	0.01407	0.09529	0.01148	0.01401	0.00836	0.00512	0.00558	0.00168	0.00716	0.00531	0.00335	0.00733
8	0.01008	0.00542	0.00793	0.00766	0.00810	0.00567	0.00554	0.00893	0.00789	0.06769	0.01124	0.01858	0.01074	0.01817	0.08041	0.61965	0.05225	0.04800	0.00276	0.00329
9	0.00814	0.00518	0.00638	0.00662	0.00712	0.00499	0.00437	0.00866	0.00924	0.05104	0.04162	0.22394	0.06432	0.40779	0.01711	0.05302	0.00428	0.06832	0.00396	0.00389
10	0.12677	0.23810	0.11395	0.01067	0.01517	0.05271	0.03508	0.15679	0.01410	0.17343	0.01129	0.01158	0.00822	0.00534	0.00441	0.00146	0.00573	0.00390	0.00379	0.00749
11	0.06489	0.24946	0.28672	0.01130	0.01615	0.01413	0.01215	0.06256	0.01153	0.09984	0.00982	0.01122	0.00755	0.00612	0.00623	0.05106	0.06555	0.00377	0.00293	0.00701
12	0.01534	0.00972	0.01138	0.00993	0.01291	0.01026	0.00800	0.08708	0.34559	0.22951	0.07635	0.02513	0.01880	0.00808	0.00559	0.00178	0.00431	0.10690	0.00557	0.00775
13	0.05974	0.00958	0.06890	0.01307	0.16884	0.00848	0.00893	0.01496	0.09863	0.07525	0.32538	0.02714	0.05952	0.00818	0.00556	0.00166	0.00411	0.03098	0.00461	0.00648

[dist]
# distance from previous block
# <min> <max>
4	27

[block]
# block no. 5 follows, 47 sequences, length 61
# corresponding to MSA columns:
# 362-422
name=unknown_F
#
# <colnr> <probs for GDERKNQSTAVLIFYWHMCP>
#	G	D	E	R	K	N	Q	S	T	A	V	L	I	F	Y	W	H	M	C	P
0	0.01383	0.20363	0.19174	0.01161	0.01610	0.11160	0.04518	0.02560	0.05544	0.08660	0.01202	0.01348	0.03290	0.00568	0.00531	0.00145	0.05264	0.01650	0.00311	0.09558
1	0.01051	0.00832	0.05156	0.03950	0.13304	0.00740	0.00836	0.05889	0.01240	0.09777	0.11839	0.37251	0.02584	0.01107	0.00598	0.00184	0.00418	0.02190	0.00456	0.00597
2	0.05509	0.01229	0.19019	0.00944	0.01333	0.00842	0.00909	0.01515	0.10112	0.06606	0.16297	0.09968	0.03327	0.00744	0.00510	0.00151	0.00445	0.00626	0.00407	0.19507
3	0.01199	0.01152	0.01969	0.25164	0.50786	0.01220	0.05094	0.01565	0.03776	0.01610	0.01007	0.01345	0.00812	0.00487	0.00522	0.00162	0.00645	0.00475	0.00260	0.00749
4	0.01574	0.01243	0.01319	0.01101	0.01442	0.01406	0.00880	0.33907	0.43555	0.02637	0.01740	0.01651	0.01285	0.00669	0.00521	0.00166	0.00475	0.00535	0.03053	0.00840
5	0.01526	0.12207	0.08200	0.00963	0.01415	0.06219	0.00861	0.07199	0.04016	0.18725	0.01206	0.01235	0.00893	0.00499	0.00439	0.00121	0.00506	0.00382	0.00384	0.33007
6	0.04815	0.16325	0.05177	0.00951	0.01355	0.01117	0.00840	0.08149	0.04124	0.45293	0.01655	0.03647	0.01166	0.02408	0.00530	0.00161	0.00486	0.00491	0.00508	0.00801
7	0.01392	0.82012	0.02729	0.00891	0.01337	0.02061	0.00891	0.01559	0.01058	0.01225	0.00724	0.00835	0.00668	0.00446	0.00334	0.00111	0.00557	0.00278	0.00223	0.00668
8	0.00994	0.13731	0.16106	0.00892	0.01194	0.00898	0.00854	0.01235	0.01161	0.07715	0.13385	0.22140	0.13076	0.01003	0.00578	0.00171	0.02155	0.01718	0.00412	0.00581
9	0.01138	0.01398	0.18264	0.01835	0.24385	0.01074	0.10562	0.09313	0.01303	0.01820	0.07659	0.12334	0.05151	0.00729	0.00556	0.00169	0.00589	0.00670	0.00344	0.00706
10	0.00712	0.00509	0.00598	0.00603	0.00669	0.00480	0.00396	0.00809	0.01045	0.01395	0.21962	0.13772	0.16107	0.36941	0.01524	0.00323	0.00371	0.00956	0.00432	0.00396
11	0.01238	0.30384	0.47978	0.01246	0.01881	0.01483	0.01498	0.01667	0.01107	0.05765	0.00923	0.01044	0.00697	0.00486	0.00440	0.00146	0.00677	0.00355	0.00244	0.00741
12	0.01263	0.22710	0.48553	0.01308	0.01947	0.01430	0.03788	0.06140	0.01194	0.05715	0.00962	0.01086	0.00712	0.00496	0.00461	0.00151	0.00690	0.00377	0.00262	0.00755
13	0.00706	0.00637	0.04366	0.00722	0.00885	0.00518	0.00601	0.00892	0.01185	0.01512	0.11371	0.16572	0.37233	0.01331	0.00643	0.00195	0.00345	0.19337	0.00479	0.00468
14	0.07916	0.01075	0.04023	0.01221	0.05745	0.03361	0.09279	0.14704	0.03139	0.11391	0.11854	0.06257	0.02752	0.00833	0.00586	0.00178	0.01841	0.12720	0.00452	0.00672
15	0.01674	0.03855	0.01589	0.11774	0.01850	0.03046	0.12771	0.02210	0.18123	0.33101	0.03412	0.01696	0.01243	0.00609	0.00533	0.00166	0.00550	0.00540	0.00479	0.00779
16	0.00781	0.00580	0.00845	0.00834	0.00925	0.00683	0.00651	0.00968	0.00856	0.01270	0.01385	0.01994	0.01275	0.03499	0.69567	0.00751	0.05077	0.00547	0.07042	0.00472
17	0.00799	0.00562	0.00676	0.00659	0.00822	0.00501	0.00515	0.00992	0.01315	0.06498	0.31972	0.04510	0.35695	0.01198	0.00624	0.00179	0.00298	0.11167	0.00527	0.00492
18	0.01547	0.18602	0.14734	0.01239	0.01593	0.24131	0.01145	0.06594	0.01253	0.06850	0.00901	0.01063	0.00728	0.00599	0.00702	0.00157	0.16824	0.00378	0.00285	0.00676
19	0.31700	0.01294	0.05156	0.00932	0.01255	0.14092	0.00777	0.08768	0.03223	0.14223	0.07398	0.06540	0.01293	0.00658	0.00457	0.00160	0.00515	0.00490	0.00413	0.00654
20	0.00645	0.00462	0.00614	0.00718	0.00758	0.00430	0.00484	0.00752	0.01047	0.01409	0.10791	0.73210	0.03599	0.01572	0.00659	0.00206	0.00296	0.01424	0.00493	0.00430
21	0.01161	0.19469	0.51861	0.01335	0.01942	0.01446	0.01588	0.04174	0.01105	0.01573	0.00874	0.01052	0.00672	0.00533	0.00589	0.00160	0.09130	0.00372	0.00232	0.00731
22	0.01340	0.00994	0.01163	0.01028	0.06214	0.05755	0.02046	0.05072	0.07859	0.15019	0.16735	0.01984	0.04424	0.00651	0.00499	0.00135	0.00433	0.00547	0.00447	0.27655
23	0.01163	0.01078	0.02031	0.01519	0.01890	0.01031	0.40776	0.01463	0.01210	0.09675	0.02335	0.02453	0.22959	0.00750	0.00693	0.00178	0.07066	0.00731	0.00364	0.00636
24	0.00787	0.00585	0.00743	0.00812	0.00927	0.00575	0.00650	0.01042	0.05854	0.01519	0.07015	0.18021	0.14447	0.07828	0.00832	0.00239	0.00402	0.36774	0.00476	0.00473
25	0.05983	0.01173	0.01823	0.04370	0.15377	0.03890	0.20956	0.01787	0.16228	0.04717	0.09364	0.01760	0.01409	0.00630	0.00642	0.00173	0.07030	0.01622	0.00365	0.00704
26	0.22583	0.01498	0.01234	0.12121	0.01646	0.27331	0.00895	0.10435	0.03297	0.05941	0.07366	0.01328	0.01080	0.00585	0.00462	0.00154	0.00632	0.00422	0.00358	0.00634
27	0.01004	0.00575	0.00765	0.00725	0.00874	0.00523	0.00540	0.01198	0.01341	0.16098	0.42547	0.25628	0.03822	0.01149	0.00612	0.00177	0.00298	0.01018	0.00561	0.00545
28	0.01672	0.01221	0.09490	0.01113	0.01442	0.01155	0.00987	0.16381	0.06401	0.28246	0.07382	0.01652	0.01322	0.00769	0.02055	0.00186	0.16763	0.00522	0.00473	0.00768
29	0.01242	0.01217	0.01964	0.18018	0.51901	0.03944	0.04388	0.01587	0.03701	0.01607	0.00989	0.01315	0.00811	0.00507	0.00578	0.00163	0.04585	0.00469	0.00261	0.00752
30	0.01244	0.01235	0.07914	0.01406	0.01587	0.01379	0.11200	0.01455	0.00955	0.09496	0.00943	0.01297	0.00800	0.00981	0.06383	0.00248	0.50084	0.00485	0.00279	0.00630
31	0.02097	0.00940	0.01201	0.00957	0.01335	0.00887	0.00779	0.02591	0.18997	0.61162	0.02069	0.01812	0.01358	0.00659	0.00525	0.00165	0.00436	0.00539	0.00618	0.00872
32	0.10279	0.06471	0.01670	0.01263	0.01534	0.01518	0.08736	0.22468	0.11283	0.02091	0.01072	0.01251	0.00855	0.00682	0.00879	0.00181	0.26233	0.00463	0.00362	0.00710
33	0.45007	0.01173	0.01050	0.00889	0.01230	0.06279	0.00720	0.13919	0.11047	0.12386	0.01166	0.01178	0.00848	0.00559	0.00417	0.00161	0.00471	0.00386	0.00419	0.00694
34	0.00678	0.00469	0.00635	0.00746	0.00783	0.00444	0.00518	0.00759	0.00993	0.01319	0.02701	0.67017	0.03193	0.01625	0.00780	0.07006	0.00333	0.09125	0.00462	0.00413
35	0.00968	0.00712	0.00856	0.00808	0.00983	0.00733	0.00618	0.01545	0.23131	0.05654	0.40661	0.11493	0.03529	0.01023	0.00597	0.00177	0.00322	0.05043	0.00550	0.00597
36	0.01230	0.01236	0.04536	0.19384	0.50033	0.02935	0.01483	0.01676	0.09187	0.01661	0.01083	0.01365	0.00868	0.00504	0.00516	0.00161	0.00625	0.00471	0.00280	0.00765
37	0.01126	0.01071	0.01819	0.44484	0.38438	0.01194	0.01517	0.01455	0.01109	0.01503	0.00951	0.01342	0.00755	0.00494	0.00518	0.00165	0.00659	0.00463	0.00244	0.00693
38	0.16519	0.01394	0.07696	0.09523	0.01811	0.11968	0.09669	0.09353	0.01368	0.23892	0.01244	0.01305	0.00865	0.00551	0.00488	0.00160	0.00620	0.00442	0.00402	0.00727
39	0.01044	0.01171	0.10533	0.40151	0.25256	0.01110	0.01445	0.01383	0.01086	0.01477	0.01147	0.09738	0.01018	0.00618	0.00531	0.00171	0.00639	0.00561	0.00264	0.00657
40	0.05528	0.06297	0.66516	0.01458	0.02174	0.01254	0.06446	0.01640	0.01094	0.01667	0.00921	0.01093	0.00663	0.00488	0.00485	0.00163	0.00747	0.00389	0.00228	0.00750
41	0.01057	0.00670	0.00790	0.00748	0.00951	0.00633	0.00576	0.01399	0.12066	0.15906	0.07861	0.17049	0.30921	0.01154	0.00602	0.00183	0.00338	0.05992	0.00525	0.00580
42	0.11859	0.00950	0.01188	0.00922	0.01317	0.00885	0.00762	0.08840	0.01504	0.63478	0.01832	0.01621	0.01171	0.00624	0.00500	0.00161	0.00450	0.00491	0.00597	0.00849
43	0.10344	0.31036	0.01834	0.01056	0.01403	0.20806	0.03470	0.07687	0.09260	0.01638	0.01082	0.06240	0.00955	0.00590	0.00433	0.00141	0.00615	0.00430	0.00318	0.00660
44	0.58590	0.00999	0.00941	0.09142	0.01350	0.01142	0.00707	0.01752	0.09777	0.09798	0.01038	0.01121	0.00768	0.00529	0.00387	0.00164	0.00439	0.00360	0.00369	0.00627
45	0.00808	0.00516	0.00680	0.00761	0.00838	0.00493	0.00562	0.00945	0.01063	0.05505	0.02627	0.47966	0.02956	0.06632	0.00774	0.00227	0.00360	0.18600	0.07229	0.00459
46	0.00743	0.00506	0.00603	0.00616	0.00630	0.00513	0.00373	0.00774	0.00792	0.01067	0.01741	0.11447	0.01987	0.64133	0.11490	0.00513	0.00588	0.00810	0.00329	0.00344
47	0.01112	0.14648	0.61312	0.01451	0.02152	0.01347	0.07756	0.01637	0.01104	0.01586	0.00912	0.01084	0.00671	0.00483	0.00480	0.00158	0.00746	0.00387	0.00224	0.00749
48	0.00737	0.00506	0.00618	0.00636	0.00655	0.00517	0.00396	0.00781	0.00806	0.01090	0.01781	0.14662	0.02024	0.57067	0.15066	0.00516	0.00622	0.00831	0.00334	0.00356
49	0.71119	0.00941	0.00785	0.00700	0.00993	0.01067	0.00565	0.01506	0.00903	0.07134	0.00830	0.00983	0.00647	0.00633	0.00515	0.09069	0.00411	0.00316	0.00333	0.00549
50	0.00784	0.00627	0.00953	0.01048	0.09053	0.00595	0.05517	0.00969	0.01185	0.01638	0.28686	0.36695	0.03426	0.05464	0.00733	0.00202	0.00364	0.01092	0.00468	0.00501
51	0.16396	0.00984	0.01181	0.00922	0.01313	0.00949	0.00762	0.12397	0.01517	0.55605	0.01720	0.01544	0.01111	0.00615	0.00489	0.00160	0.00454	0.00475	0.00573	0.00831
52	0.00725	0.00500	0.00616	0.00645	0.00666	0.00506	0.00405	0.00774	0.00827	0.01117	0.01906	0.22291	0.02188	0.50906	0.13243	0.00481	0.00583	0.00906	0.00351	0.00363
53	0.01397	0.01502	0.09428	0.01158	0.01491	0.14107	0.00979	0.02479	0.52412	0.03925	0.01729	0.01658	0.01302	0.00662	0.00557	0.00170	0.03304	0.00520	0.00447	0.00775
54	0.00876	0.00650	0.00959	0.00926	0.01059	0.00629	0.08415	0.01155	0.09101	0.06467	0.02550	0.59577	0.02835	0.01347	0.00636	0.00201	0.00382	0.01235	0.00476	0.00524
55	0.00634	0.00453	0.00604	0.00725	0.00755	0.00423	0.00483	0.00725	0.00997	0.01329	0.02870	0.81358	0.03444	0.01632	0.00665	0.00211	0.00302	0.01480	0.00483	0.00423
56	0.80211	0.01000	0.00793	0.00700	0.01027	0.01143	0.00577	0.01593	0.00924	0.07094	0.00808	0.00904	0.00609	0.00493	0.00335	0.00161	0.00405	0.00297	0.00342	0.00584
57	0.01370	0.01577	0.03482	0.02101	0.16320	0.18496	0.40142	0.01707	0.01272	0.01580	0.01094	0.01566	0.00911	0.00531	0.00569	0.00167	0.00816	0.05331	0.00277	0.00690
58	0.01855	0.01323	0.01418	0.01146	0.01482	0.07626	0.00934	0.35542	0.11894	0.19143	0.01472	0.01501	0.01066	0.00678	0.00647	0.00167	0.08984	0.01811	0.00497	0.00815
59	0.01045	0.02694	0.79000	0.01484	0.02254	0.01209	0.01924	0.01649	0.01099	0.01649	0.00935	0.01099	0.00660	0.00495	0.00495	0.00165	0.00770	0.00385	0.00220	0.00770
60	0.12653	0.07262	0.24520	0.05555	0.09827	0.01199	0.02907	0.01842	0.06097	0.17630	0.01194	0.01284	0.00861	0.00551	0.00533	0.00163	0.04402	0.00426	0.00347	0.00747

[dist]
# distance from previous block
# <min> <max>
0	2

[block]
# block no. 6 follows, 47 sequences, length 74
# corresponding to MSA columns:
# 425-498
name=unknown_G
#
# <colnr> <probs for GDERKNQSTAVLIFYWHMCP>
#	G	D	E	R	K	N	Q	S	T	A	V	L	I	F	Y	W	H	M	C	P
0	0.08054	0.23452	0.25159	0.03301	0.01642	0.01303	0.02146	0.03514	0.01161	0.10345	0.03934	0.01203	0.00910	0.00508	0.00434	0.00139	0.00571	0.00382	0.00310	0.11532
1	0.08452	0.12468	0.03223	0.00995	0.01422	0.01315	0.00855	0.31795	0.01682	0.15774	0.01209	0.01217	0.00874	0.00545	0.00454	0.00137	0.00504	0.00406	0.00439	0.16234
2	0.00641	0.00458	0.00610	0.00721	0.00757	0.00427	0.00484	0.00740	0.01025	0.01374	0.07345	0.76755	0.03532	0.01598	0.00662	0.00209	0.00299	0.01448	0.00489	0.00427
3	0.51696	0.01195	0.01510	0.01178	0.01564	0.04129	0.22621	0.05222	0.01098	0.04189	0.00884	0.01055	0.00668	0.00484	0.00427	0.00164	0.00570	0.00396	0.00321	0.00630
4	0.03597	0.16501	0.22920	0.01354	0.06828	0.01308	0.08617	0.03735	0.11490	0.11100	0.02000	0.01313	0.00940	0.00527	0.00477	0.00151	0.00600	0.00438	0.00340	0.05762
5	0.16126	0.00934	0.01145	0.00979	0.04648	0.00902	0.00756	0.09183	0.01464	0.46011	0.10896	0.01800	0.01545	0.00658	0.00500	0.00161	0.00433	0.00525	0.00553	0.00781
6	0.00663	0.00474	0.00618	0.00722	0.00763	0.00447	0.00494	0.00760	0.00999	0.01322	0.02843	0.64309	0.06348	0.09206	0.00856	0.00240	0.00335	0.07715	0.00467	0.00418
7	0.04053	0.02555	0.08474	0.15403	0.01859	0.04135	0.04101	0.20694	0.16508	0.02105	0.01414	0.06068	0.01133	0.00716	0.02136	0.00178	0.00578	0.00537	0.06640	0.00711
8	0.07980	0.01273	0.08225	0.04592	0.21223	0.01255	0.14457	0.04569	0.01120	0.05085	0.01037	0.03291	0.00865	0.00752	0.04153	0.00206	0.17423	0.00500	0.01301	0.00692
9	0.00792	0.00575	0.00696	0.00719	0.00852	0.00543	0.00539	0.01054	0.07302	0.04729	0.16728	0.28537	0.24087	0.01309	0.00632	0.00192	0.00316	0.09391	0.00509	0.00497
10	0.76905	0.00995	0.00811	0.00709	0.01040	0.01127	0.00585	0.01634	0.00948	0.10138	0.00861	0.00940	0.00638	0.00500	0.00343	0.00161	0.00407	0.00307	0.00355	0.00597
11	0.01359	0.03989	0.10872	0.01578	0.07533	0.01486	0.12840	0.18609	0.04862	0.01900	0.00989	0.01240	0.00795	0.00667	0.00941	0.00185	0.28644	0.00476	0.00315	0.00719
12	0.01389	0.00844	0.00968	0.00909	0.04210	0.00888	0.00675	0.02103	0.30878	0.17720	0.01906	0.01881	0.01404	0.00647	0.00467	0.00152	0.00365	0.00533	0.31348	0.00713
13	0.01971	0.00964	0.01211	0.00980	0.01329	0.00929	0.00804	0.20308	0.01656	0.46887	0.01991	0.08407	0.01526	0.00794	0.00553	0.00171	0.00467	0.07655	0.00586	0.00810
14	0.01348	0.69618	0.07153	0.00972	0.01394	0.01966	0.00976	0.01536	0.01036	0.01253	0.00733	0.00880	0.00669	0.00493	0.00474	0.00126	0.08185	0.00302	0.00223	0.00665
15	0.01526	0.01445	0.09808	0.10025	0.13259	0.08619	0.19292	0.05751	0.04898	0.17311	0.01252	0.01399	0.00903	0.00536	0.00550	0.00164	0.01651	0.00498	0.00358	0.00755
16	0.00902	0.00600	0.00917	0.00885	0.01013	0.00553	0.07743	0.01048	0.01106	0.10760	0.06949	0.59681	0.03017	0.01366	0.00640	0.00199	0.00371	0.01252	0.00487	0.00509
17	0.09910	0.01400	0.01477	0.01142	0.01549	0.01549	0.00943	0.67509	0.02273	0.05294	0.01223	0.01226	0.00866	0.00612	0.00502	0.00157	0.00553	0.00453	0.00506	0.00855
18	0.00919	0.00683	0.00913	0.04708	0.08355	0.00664	0.00674	0.05571	0.02101	0.05264	0.35740	0.14557	0.14962	0.01058	0.00599	0.00172	0.00345	0.01662	0.00499	0.00553
19	0.00784	0.00585	0.00833	0.00855	0.00949	0.00567	0.04941	0.05338	0.01125	0.01505	0.06137	0.57907	0.03063	0.01465	0.00712	0.03648	0.00372	0.08280	0.00466	0.00467
20	0.01800	0.01138	0.08586	0.01005	0.01389	0.00981	0.00883	0.19517	0.05247	0.36906	0.11873	0.05111	0.01717	0.00724	0.00538	0.00163	0.00471	0.00595	0.00554	0.00801
21	0.01958	0.01039	0.01410	0.01262	0.09015	0.03049	0.05368	0.02425	0.16011	0.49884	0.01868	0.01713	0.01255	0.00624	0.00528	0.00164	0.00494	0.00531	0.00552	0.00850
22	0.11286	0.06588	0.39398	0.04829	0.06266	0.01188	0.01404	0.06017	0.03211	0.01819	0.04772	0.01694	0.01121	0.00620	0.00496	0.00168	0.00627	0.07492	0.00303	0.00701
23	0.01183	0.01144	0.05368	0.01461	0.04692	0.01267	0.15381	0.01388	0.00982	0.07571	0.01152	0.08998	0.01091	0.05631	0.01257	0.00222	0.39698	0.00604	0.00298	0.00611
24	0.02037	0.00844	0.01129	0.00890	0.01244	0.00749	0.00725	0.03711	0.03399	0.62649	0.14740	0.02120	0.01894	0.00716	0.00539	0.00162	0.00412	0.00594	0.00627	0.00819
25	0.03538	0.10379	0.47679	0.01404	0.02040	0.01326	0.08946	0.10552	0.01286	0.06599	0.01026	0.01155	0.00737	0.00509	0.00490	0.00159	0.00705	0.00412	0.00289	0.00768
26	0.09283	0.05921	0.01809	0.17457	0.30978	0.01231	0.07055	0.07555	0.01236	0.05183	0.01132	0.03030	0.00950	0.00567	0.00509	0.00164	0.00605	0.04309	0.00311	0.00715
27	0.01119	0.02595	0.72800	0.01461	0.02203	0.01242	0.01849	0.07659	0.01207	0.01780	0.00960	0.01112	0.00678	0.00505	0.00497	0.00164	0.00754	0.00392	0.00244	0.00779
28	0.08185	0.03852	0.01043	0.00861	0.01125	0.02809	0.00688	0.04878	0.10643	0.25798	0.16230	0.10925	0.02233	0.00862	0.00540	0.00170	0.00403	0.05313	0.02763	0.00678
29	0.01143	0.01018	0.10768	0.12131	0.03672	0.00843	0.05717	0.04127	0.04306	0.13311	0.07101	0.23636	0.03557	0.00930	0.00575	0.00180	0.00495	0.03340	0.02523	0.00627
30	0.01101	0.00975	0.01473	0.07015	0.09689	0.03958	0.10539	0.02444	0.01041	0.04273	0.04447	0.14313	0.01469	0.04780	0.01096	0.08247	0.20217	0.02041	0.00321	0.00560
31	0.00735	0.00495	0.00575	0.00597	0.00602	0.00490	0.00346	0.00751	0.00801	0.01068	0.01867	0.17731	0.02178	0.66987	0.02286	0.00451	0.00468	0.00890	0.00346	0.00335
32	0.01035	0.06080	0.60519	0.11833	0.02299	0.01200	0.01727	0.01563	0.01112	0.01613	0.05513	0.01291	0.00917	0.00530	0.00498	0.00163	0.00718	0.00423	0.00243	0.00723
33	0.12774	0.08185	0.50118	0.01245	0.01848	0.03175	0.01472	0.03622	0.01139	0.04894	0.04369	0.01216	0.00881	0.00601	0.02215	0.00174	0.00679	0.00398	0.00278	0.00718
34	0.01110	0.08627	0.01236	0.00783	0.01244	0.00824	0.00643	0.01335	0.01078	0.01652	0.00906	0.01057	0.00762	0.00391	0.00381	0.00080	0.00402	0.00306	0.00300	0.76884
35	0.00655	0.00499	0.00597	0.00653	0.00750	0.00450	0.00466	0.00780	0.01113	0.01429	0.10829	0.38126	0.30841	0.04995	0.00733	0.00209	0.00302	0.05653	0.00484	0.00434
36	0.00949	0.03925	0.05776	0.08580	0.05005	0.04035	0.05510	0.02751	0.04509	0.01534	0.14518	0.12925	0.05717	0.13141	0.06792	0.00272	0.01555	0.01589	0.00375	0.00540
37	0.01310	0.63141	0.20875	0.01032	0.01555	0.01858	0.01137	0.01581	0.01068	0.01326	0.00774	0.00898	0.00666	0.00457	0.00372	0.00124	0.00608	0.00304	0.00222	0.00692
38	0.00930	0.00614	0.00942	0.00888	0.01020	0.00669	0.03466	0.01096	0.00915	0.08585	0.01458	0.02106	0.01315	0.03205	0.59956	0.07452	0.01175	0.03398	0.00317	0.00495
39	0.05714	0.00681	0.00705	0.00653	0.00858	0.00649	0.00502	0.11408	0.01359	0.01777	0.10717	0.08714	0.52043	0.01170	0.00588	0.00173	0.00316	0.00973	0.00487	0.00513
40	0.01169	0.00980	0.01631	0.58563	0.17261	0.01135	0.01410	0.01495	0.01111	0.08758	0.01043	0.01406	0.00775	0.00522	0.00520	0.00169	0.00656	0.00469	0.00276	0.00653
41	0.07530	0.00606	0.00740	0.00779	0.00889	0.00621	0.00591	0.01038	0.05576	0.01642	0.16743	0.34954	0.08111	0.01300	0.00665	0.00200	0.03315	0.13734	0.00480	0.00487
