[name]
unknown

[dist]
# distance from previous block
# <min> <max>
0	76

[block]
# block no. 0 follows, 39 sequences, length 27
# corresponding to MSA columns:
# 82-108
name=unknown_A
#
# <colnr> <probs for GDERKNQSTAVLIFYWHMCP>
#	G	D	E	R	K	N	Q	S	T	A	V	L	I	F	Y	W	H	M	C	P
0	0.04373	0.00695	0.00877	0.00944	0.01069	0.00693	0.00718	0.07026	0.01342	0.04275	0.02943	0.47600	0.03322	0.01610	0.00736	0.00239	0.00432	0.19993	0.00550	0.00565
1	0.01441	0.21775	0.34672	0.01458	0.02116	0.01591	0.07872	0.04293	0.07351	0.05744	0.01201	0.01327	0.00904	0.00569	0.00527	0.00168	0.00739	0.00455	0.00326	0.05470
2	0.00730	0.00522	0.00695	0.00817	0.00860	0.00487	0.00550	0.00848	0.01177	0.01581	0.09186	0.72702	0.04049	0.01800	0.00750	0.00236	0.00338	0.01631	0.00557	0.00487
3	0.01969	0.01614	0.01612	0.01306	0.01726	0.08062	0.01051	0.43438	0.23785	0.03081	0.01652	0.01613	0.01215	0.00716	0.00583	0.00178	0.00623	0.00552	0.00559	0.04665
4	0.01985	0.05811	0.23613	0.01290	0.01858	0.01284	0.01304	0.17579	0.01755	0.31048	0.03494	0.03574	0.01280	0.00705	0.00580	0.00182	0.00642	0.00559	0.00528	0.00930
5	0.01988	0.10409	0.04823	0.01242	0.01670	0.05109	0.01060	0.22749	0.19614	0.19283	0.01733	0.01663	0.01244	0.00717	0.00624	0.00181	0.03875	0.00543	0.00545	0.00925
6	0.02114	0.01525	0.01657	0.01290	0.01729	0.01672	0.01058	0.61422	0.05891	0.06601	0.07581	0.01727	0.01438	0.00756	0.00601	0.00179	0.00606	0.00585	0.00603	0.00966
7	0.01420	0.01122	0.01908	0.28076	0.22085	0.01175	0.08851	0.01749	0.01320	0.13119	0.01579	0.12097	0.01367	0.00757	0.00623	0.00195	0.00683	0.00711	0.00386	0.00776
8	0.03268	0.01306	0.10067	0.04373	0.04939	0.04058	0.11218	0.01833	0.01391	0.18874	0.02070	0.10943	0.04106	0.00914	0.00638	0.00197	0.00633	0.11182	0.00469	0.07522
9	0.05011	0.04361	0.25646	0.01325	0.01901	0.01230	0.03651	0.06982	0.01487	0.29215	0.01523	0.01532	0.01042	0.00646	0.00634	0.00179	0.05017	0.00499	0.00465	0.07654
10	0.01241	0.01324	0.02679	0.23056	0.03094	0.01336	0.44609	0.01671	0.01309	0.01739	0.01499	0.01906	0.05885	0.00813	0.04958	0.00241	0.00926	0.00684	0.00307	0.00724
11	0.02439	0.03657	0.35801	0.10380	0.02500	0.01357	0.12869	0.09958	0.01439	0.04468	0.01361	0.08597	0.01123	0.00697	0.00603	0.00193	0.00786	0.00616	0.00343	0.00815
12	0.01494	0.01445	0.08119	0.18894	0.33289	0.01359	0.08474	0.07728	0.01463	0.07557	0.03606	0.01616	0.01081	0.00593	0.00600	0.00185	0.00730	0.00559	0.00353	0.00857
13	0.01429	0.01324	0.01736	0.04702	0.01666	0.04744	0.01244	0.01704	0.07059	0.06508	0.01032	0.01420	0.00907	0.00960	0.01626	0.00242	0.60148	0.00530	0.00321	0.00697
14	0.02079	0.01390	0.07111	0.09990	0.02161	0.06180	0.13274	0.02468	0.04992	0.41393	0.01816	0.01785	0.01211	0.00660	0.00606	0.00186	0.00681	0.00582	0.00537	0.00898
15	0.01752	0.05580	0.13243	0.04608	0.01985	0.03521	0.11944	0.10933	0.01561	0.22508	0.01720	0.11139	0.01397	0.00801	0.00677	0.00193	0.04448	0.00685	0.00473	0.00835
16	0.01158	0.00769	0.01126	0.03061	0.07601	0.00726	0.04343	0.01353	0.01304	0.12629	0.06663	0.28774	0.10116	0.07751	0.00895	0.00248	0.00477	0.09864	0.00524	0.00621
17	0.00748	0.00534	0.00715	0.00840	0.00890	0.00502	0.00583	0.00876	0.01188	0.01589	0.08071	0.67865	0.03981	0.01791	0.00756	0.00239	0.00355	0.07429	0.00555	0.00491
18	0.01079	0.00938	0.01488	0.33605	0.08552	0.01042	0.04736	0.05355	0.01282	0.01700	0.04209	0.25731	0.02007	0.04715	0.00765	0.00225	0.00619	0.00927	0.00391	0.00635
19	0.01367	0.21041	0.10919	0.28359	0.13375	0.05029	0.08578	0.01737	0.01262	0.01618	0.01012	0.01345	0.00807	0.00549	0.00542	0.00173	0.00780	0.00474	0.00269	0.00763
20	0.00904	0.00611	0.00762	0.00783	0.00920	0.00556	0.00580	0.01082	0.01364	0.06736	0.21272	0.26195	0.21576	0.05530	0.00840	0.00234	0.00360	0.08579	0.00576	0.00539
21	0.01234	0.10588	0.66061	0.01650	0.02477	0.01474	0.04859	0.01864	0.01250	0.01826	0.01043	0.01232	0.00756	0.00554	0.00549	0.00182	0.00855	0.00435	0.00252	0.00860
22	0.02334	0.00975	0.01280	0.01022	0.01426	0.00881	0.00829	0.02688	0.08258	0.60444	0.02429	0.06421	0.02758	0.00811	0.00597	0.00186	0.00477	0.00670	0.04572	0.00941
23	0.06803	0.05724	0.32935	0.07355	0.20663	0.01461	0.07623	0.01789	0.01237	0.01862	0.01037	0.01323	0.00806	0.00581	0.00659	0.00188	0.06372	0.00479	0.00274	0.00831
24	0.01384	0.01360	0.02226	0.26040	0.48018	0.04304	0.04641	0.01747	0.01311	0.01784	0.01089	0.01488	0.00883	0.00549	0.00590	0.00182	0.00755	0.00528	0.00284	0.00836
25	0.01126	0.00978	0.01588	0.58092	0.06415	0.01156	0.01420	0.01465	0.01219	0.04682	0.01702	0.09288	0.06895	0.00785	0.00615	0.00200	0.00692	0.00695	0.00333	0.00654
26	0.15272	0.01062	0.01315	0.01025	0.01469	0.00991	0.00847	0.06374	0.01642	0.60714	0.02049	0.01817	0.01311	0.00702	0.00559	0.00183	0.00504	0.00549	0.00667	0.00949

[dist]
# distance from previous block
# <min> <max>
3	8

[block]
# block no. 1 follows, 39 sequences, length 55
# corresponding to MSA columns:
# 118-172
name=unknown_B
#
# <colnr> <probs for GDERKNQSTAVLIFYWHMCP>
#	G	D	E	R	K	N	Q	S	T	A	V	L	I	F	Y	W	H	M	C	P
0	0.01576	0.22930	0.01959	0.01155	0.01531	0.01400	0.08495	0.07454	0.04418	0.15101	0.18756	0.02314	0.05221	0.00803	0.00637	0.00174	0.04157	0.00660	0.00488	0.00770
1	0.00837	0.00604	0.00790	0.00744	0.00883	0.00558	0.00558	0.01116	0.01674	0.02371	0.75216	0.04417	0.05580	0.01209	0.00697	0.00186	0.00279	0.01069	0.00651	0.00558
2	0.01226	0.01051	0.01226	0.00876	0.01401	0.00788	0.00701	0.01489	0.01226	0.01927	0.01051	0.01226	0.00876	0.00438	0.00438	0.00088	0.00438	0.00350	0.00350	0.82832
3	0.01471	0.01270	0.01337	0.01203	0.01538	0.01471	0.00936	0.03142	0.74459	0.02474	0.02407	0.02206	0.01805	0.00802	0.00602	0.00201	0.00468	0.00669	0.00602	0.00936
4	0.03743	0.07007	0.01335	0.09201	0.05840	0.02839	0.00898	0.13599	0.02983	0.05126	0.04737	0.27656	0.10385	0.01149	0.00636	0.00199	0.00508	0.00988	0.00489	0.00682
5	0.01151	0.07487	0.03069	0.00894	0.01253	0.00931	0.00736	0.01604	0.11126	0.03297	0.26234	0.02661	0.06736	0.00816	0.00562	0.00149	0.00409	0.00686	0.00491	0.29707
6	0.01485	0.11852	0.37676	0.05496	0.02261	0.08545	0.05436	0.04564	0.03076	0.07167	0.02980	0.01394	0.00967	0.00617	0.00612	0.00180	0.04068	0.00475	0.00324	0.00825
7	0.01321	0.20203	0.44750	0.05556	0.02404	0.03987	0.08993	0.01836	0.01270	0.01741	0.02196	0.01277	0.00846	0.00556	0.00537	0.00174	0.00823	0.00449	0.00264	0.00818
8	0.00831	0.00604	0.00782	0.00738	0.00880	0.00556	0.00553	0.01105	0.01660	0.02339	0.72292	0.04471	0.08524	0.01221	0.00698	0.00187	0.00280	0.01077	0.00647	0.00556
9	0.01182	0.00991	0.01591	0.25562	0.13246	0.01022	0.07960	0.01488	0.01343	0.07706	0.06030	0.03056	0.22416	0.00903	0.00643	0.00196	0.00602	0.02959	0.00417	0.00687
10	0.05396	0.06651	0.01975	0.12346	0.07712	0.05844	0.17093	0.01811	0.03937	0.11323	0.03976	0.13781	0.01580	0.00816	0.00656	0.00194	0.03014	0.00744	0.00410	0.00741
11	0.01526	0.01103	0.01791	0.24352	0.08967	0.01151	0.10970	0.07366	0.01484	0.16040	0.07799	0.02288	0.01583	0.00811	0.00713	0.04044	0.00669	0.06146	0.00440	0.00759
12	0.00721	0.00515	0.00686	0.00823	0.00858	0.00480	0.00549	0.00823	0.01132	0.01510	0.03259	0.78831	0.03911	0.01853	0.00755	0.00240	0.00343	0.01681	0.00549	0.00480
13	0.01117	0.01051	0.01774	0.77795	0.04073	0.01314	0.01642	0.01511	0.01182	0.01511	0.01051	0.01577	0.00788	0.00591	0.00591	0.00197	0.00788	0.00526	0.00263	0.00657
14	0.01560	0.01961	0.20317	0.06078	0.10658	0.06621	0.24208	0.12395	0.01561	0.04730	0.01188	0.01440	0.00883	0.00585	0.00655	0.00189	0.03229	0.00552	0.00342	0.00850
15	0.00761	0.00567	0.00755	0.04411	0.01040	0.00542	0.00631	0.00901	0.01183	0.01547	0.03452	0.59355	0.11795	0.01731	0.00747	0.00237	0.00380	0.08932	0.00535	0.00497
16	0.70208	0.01257	0.01046	0.03209	0.01343	0.05013	0.02213	0.05001	0.01130	0.02572	0.00868	0.01024	0.00675	0.00568	0.00426	0.00183	0.01884	0.00350	0.00367	0.00663
17	0.01212	0.02049	0.34627	0.01771	0.02329	0.01359	0.21886	0.01691	0.01227	0.01786	0.01302	0.09083	0.01133	0.00747	0.00821	0.00205	0.12427	0.00650	0.02924	0.00769
18	0.01226	0.01051	0.01226	0.00876	0.01401	0.00788	0.00701	0.01489	0.01226	0.01927	0.01051	0.01226	0.00876	0.00438	0.00438	0.00088	0.00438	0.00350	0.00350	0.82832
19	0.00758	0.00601	0.00681	0.00661	0.00835	0.00524	0.00496	0.00963	0.01487	0.01928	0.35506	0.05148	0.45566	0.01375	0.00698	0.00194	0.00291	0.01172	0.00593	0.00524
20	0.01259	0.01099	0.01497	0.40555	0.02773	0.01315	0.01257	0.02158	0.30757	0.01956	0.01670	0.01882	0.01258	0.00684	0.00581	0.00194	0.00617	0.00585	0.07142	0.00761
21	0.00757	0.00545	0.00702	0.00814	0.00864	0.00513	0.00546	0.02289	0.01161	0.01539	0.03277	0.69964	0.07086	0.05842	0.00866	0.00254	0.00359	0.01595	0.00540	0.00485
22	0.00860	0.00573	0.00645	0.00645	0.00645	0.00573	0.00358	0.00860	0.00860	0.01147	0.01863	0.03870	0.02150	0.79217	0.03010	0.00573	0.00573	0.00860	0.00358	0.00358
23	0.71812	0.01190	0.00982	0.00848	0.01229	0.01359	0.00699	0.09027	0.01214	0.05849	0.00947	0.01051	0.00712	0.00573	0.00398	0.00182	0.00479	0.00353	0.00404	0.00693
24	0.01186	0.03059	0.76153	0.01686	0.02560	0.01373	0.02185	0.01873	0.01249	0.01873	0.01061	0.01249	0.00749	0.00562	0.00562	0.00187	0.00874	0.00437	0.00250	0.00874
25	0.06425	0.07963	0.01824	0.23007	0.10132	0.29947	0.01299	0.04173	0.06593	0.01722	0.01081	0.01327	0.00861	0.00601	0.00540	0.00171	0.00826	0.00453	0.00321	0.00734
26	0.01130	0.00937	0.01077	0.00911	0.01224	0.03935	0.00692	0.01335	0.01254	0.04016	0.07793	0.24812	0.02180	0.00967	0.00626	0.00154	0.03698	0.00824	0.00440	0.41995
27	0.02480	0.01253	0.09264	0.01133	0.01635	0.00967	0.01020	0.06068	0.01697	0.64776	0.02157	0.01905	0.01367	0.00713	0.00591	0.00183	0.00549	0.00575	0.00675	0.00992
28	0.01748	0.61086	0.02746	0.01118	0.01581	0.17453	0.01033	0.01932	0.01316	0.04118	0.00896	0.01011	0.00785	0.00535	0.00419	0.00134	0.00716	0.00340	0.00281	0.00753
29	0.00955	0.00821	0.01243	0.38135	0.02421	0.00918	0.01071	0.01274	0.01394	0.01855	0.30378	0.03201	0.12144	0.00946	0.00646	0.00193	0.00529	0.00828	0.00450	0.00599
30	0.01117	0.01051	0.01774	0.77795	0.04073	0.01314	0.01642	0.01511	0.01182	0.01511	0.01051	0.01577	0.00788	0.00591	0.00591	0.00197	0.00788	0.00526	0.00263	0.00657
31	0.01456	0.24110	0.41134	0.05425	0.02257	0.01593	0.04446	0.01932	0.01284	0.09517	0.01133	0.01276	0.00835	0.00563	0.00521	0.00171	0.00768	0.00434	0.00304	0.00841
32	0.01117	0.01051	0.01774	0.77795	0.04073	0.01314	0.01642	0.01511	0.01182	0.01511	0.01051	0.01577	0.00788	0.00591	0.00591	0.00197	0.00788	0.00526	0.00263	0.00657
33	0.00721	0.00515	0.00686	0.00823	0.00858	0.00480	0.00549	0.00823	0.01132	0.01510	0.03259	0.78831	0.03911	0.01853	0.00755	0.00240	0.00343	0.01681	0.00549	0.00480
34	0.01135	0.01063	0.01751	0.73807	0.03941	0.01322	0.01606	0.01596	0.04998	0.01561	0.01122	0.01609	0.00841	0.00602	0.00592	0.00197	0.00772	0.00533	0.00280	0.00671
35	0.10203	0.09568	0.18885	0.05789	0.05448	0.01238	0.02483	0.03847	0.06579	0.04480	0.01792	0.14379	0.01717	0.00929	0.00596	0.00201	0.00615	0.10112	0.00406	0.00732
36	0.01068	0.01046	0.12561	0.04905	0.01335	0.00756	0.00862	0.01326	0.01307	0.09456	0.09628	0.15721	0.23019	0.05727	0.00812	0.00220	0.02210	0.00981	0.06440	0.00620
37	0.00736	0.00535	0.00697	0.00821	0.00879	0.00497	0.00569	0.00856	0.01171	0.01538	0.03524	0.66118	0.11049	0.01801	0.00754	0.00238	0.00354	0.06828	0.00549	0.00487
38	0.18853	0.01151	0.01326	0.01044	0.01477	0.01143	0.00860	0.16778	0.01761	0.44166	0.01964	0.01801	0.03620	0.00716	0.00551	0.00182	0.00517	0.00548	0.00624	0.00916
39	0.04879	0.01331	0.08055	0.34464	0.14170	0.02833	0.04547	0.01786	0.01272	0.11482	0.01272	0.03846	0.00988	0.00659	0.00677	0.00195	0.05878	0.00557	0.00343	0.00764
40	0.00943	0.00926	0.07209	0.12178	0.01598	0.00800	0.03680	0.05310	0.01293	0.01706	0.05079	0.37046	0.14168	0.01375	0.00749	0.03224	0.00492	0.01176	0.00468	0.00579
41	0.01314	0.10206	0.38132	0.01785	0.07351	0.01409	0.14479	0.01803	0.01276	0.05235	0.01307	0.08130	0.01101	0.00678	0.00631	0.00189	0.03249	0.00596	0.00311	0.00817
42	0.00817	0.00633	0.00912	0.00900	0.01027	0.00586	0.05263	0.01020	0.01370	0.01858	0.28507	0.37460	0.10283	0.01498	0.00730	0.00217	0.00371	0.05447	0.00568	0.00533
43	0.01423	0.09387	0.33132	0.04239	0.02202	0.01386	0.10641	0.08357	0.03672	0.07389	0.01367	0.03943	0.01088	0.00833	0.03086	0.03220	0.00787	0.02678	0.00354	0.00814
44	0.24572	0.07762	0.05092	0.04877	0.07469	0.03510	0.06396	0.02014	0.01343	0.22045	0.05274	0.04572	0.01315	0.00679	0.00528	0.00181	0.00584	0.00547	0.00454	0.00787
45	0.01377	0.15222	0.50227	0.01676	0.05433	0.03402	0.06365	0.04043	0.01324	0.04118	0.01079	0.01255	0.00798	0.00558	0.00543	0.00176	0.00822	0.00444	0.00282	0.00856
46	0.12135	0.04320	0.33293	0.04176	0.02110	0.01348	0.08596	0.03991	0.04386	0.04881	0.04530	0.01769	0.03488	0.00695	0.00654	0.00194	0.05591	0.02707	0.00351	0.00786
47	0.20440	0.08671	0.01509	0.11934	0.07883	0.02603	0.01011	0.03409	0.14624	0.11518	0.03803	0.04890	0.01341	0.00822	0.02969	0.00209	0.00588	0.00560	0.00442	0.00774
48	0.32393	0.05661	0.15624	0.01224	0.06177	0.01288	0.01089	0.04675	0.05055	0.10388	0.01451	0.04067	0.03274	0.00679	0.00499	0.00182	0.00568	0.02039	0.00409	0.03256
49	0.01223	0.03344	0.03575	0.01289	0.08728	0.00950	0.05723	0.08385	0.01430	0.07434	0.12607	0.16299	0.09067	0.10262	0.05215	0.00283	0.02119	0.00925	0.00480	0.00663
50	0.06735	0.00989	0.05954	0.00933	0.01176	0.04304	0.02930	0.03624	0.02923	0.04323	0.29345	0.11522	0.14559	0.04182	0.00750	0.00211	0.00444	0.03952	0.00535	0.00608
51	0.07071	0.07659	0.08488	0.05683	0.04691	0.01418	0.06360	0.08645	0.07572	0.14920	0.04893	0.04468	0.01344	0.00770	0.00795	0.00196	0.13189	0.00590	0.00440	0.00809
52	0.06595	0.06272	0.04783	0.02733	0.01876	0.07136	0.15563	0.08212	0.03783	0.22001	0.04275	0.01981	0.01370	0.04015	0.00748	0.00204	0.03589	0.03577	0.00473	0.00813
53	0.01235	0.09617	0.06721	0.03423	0.01544	0.01058	0.08505	0.07543	0.01509	0.06603	0.18661	0.13215	0.08880	0.01031	0.00641	0.00190	0.00527	0.05001	0.00492	0.03606
54	0.06658	0.06778	0.01233	0.01059	0.03553	0.04386	0.04496	0.01400	0.01298	0.09559	0.09733	0.31828	0.04942	0.04019	0.00732	0.00216	0.00480	0.04024	0.00499	0.03108

[dist]
# distance from previous block
# <min> <max>
4	41

[block]
# block no. 2 follows, 39 sequences, length 15
# corresponding to MSA columns:
# 214-228
name=unknown_C
#
# <colnr> <probs for GDERKNQSTAVLIFYWHMCP>
#	G	D	E	R	K	N	Q	S	T	A	V	L	I	F	Y	W	H	M	C	P
0	0.09249	0.04177	0.08884	0.07683	0.07389	0.03212	0.03749	0.06936	0.09909	0.21641	0.03597	0.01804	0.03484	0.00699	0.00613	0.00185	0.03258	0.00561	0.00480	0.02491
1	0.06686	0.04107	0.05463	0.01643	0.16945	0.03484	0.02777	0.07362	0.11061	0.14996	0.03505	0.05179	0.01395	0.03375	0.00646	0.00187	0.00583	0.00591	0.00462	0.09554
2	0.05831	0.08998	0.06647	0.01550	0.11400	0.02956	0.07001	0.07862	0.10649	0.13487	0.05752	0.02023	0.03075	0.00825	0.02895	0.00202	0.00639	0.03314	0.00460	0.04432
3	0.01528	0.04378	0.17580	0.05798	0.16577	0.01258	0.06258	0.08129	0.03288	0.12119	0.09531	0.01813	0.01489	0.00654	0.00584	0.00175	0.00656	0.00572	0.00418	0.07195
4	0.04016	0.01364	0.12063	0.06999	0.05461	0.01134	0.02996	0.04450	0.10216	0.16141	0.06607	0.03795	0.01490	0.00824	0.02923	0.00200	0.04376	0.00584	0.00457	0.13905
5	0.03972	0.08634	0.24743	0.04577	0.08299	0.01398	0.19099	0.01759	0.03879	0.01888	0.08110	0.03465	0.02714	0.00675	0.00658	0.00189	0.04218	0.00610	0.00332	0.00782
6	0.04262	0.04992	0.36197	0.07682	0.15503	0.01283	0.03246	0.01755	0.01275	0.04705	0.01454	0.03468	0.04788	0.00656	0.00570	0.00182	0.00730	0.02126	0.00316	0.04808
7	0.01559	0.27266	0.12527	0.04732	0.12817	0.08500	0.01282	0.04426	0.05159	0.05969	0.06295	0.01498	0.01228	0.00611	0.00514	0.00159	0.00676	0.00474	0.00352	0.03957
8	0.01305	0.06757	0.26226	0.01768	0.02369	0.01348	0.29412	0.01853	0.04920	0.04746	0.07603	0.01962	0.05665	0.00660	0.00626	0.00189	0.00790	0.00648	0.00355	0.00797
9	0.01055	0.04815	0.06703	0.01014	0.01245	0.00986	0.00829	0.01714	0.23909	0.01927	0.10760	0.32351	0.05943	0.01259	0.00694	0.00211	0.02279	0.01094	0.00533	0.00678
10	0.01013	0.00811	0.01171	0.01286	0.12798	0.00803	0.05057	0.01263	0.04986	0.01728	0.22303	0.03419	0.02826	0.36084	0.01714	0.00360	0.00531	0.00846	0.00439	0.00562
11	0.00845	0.00634	0.00950	0.00950	0.01056	0.00739	0.00739	0.01056	0.00950	0.01373	0.01584	0.02323	0.01478	0.04435	0.76873	0.00950	0.01584	0.00634	0.00317	0.00528
12	0.01352	0.01086	0.01176	0.01030	0.01326	0.01177	0.00807	0.16003	0.32196	0.02542	0.18373	0.03135	0.15317	0.00993	0.00637	0.00193	0.00434	0.00829	0.00601	0.00792
13	0.01324	0.01188	0.04688	0.16033	0.04695	0.01075	0.06017	0.01635	0.01256	0.07366	0.03586	0.01499	0.01048	0.00581	0.00651	0.00149	0.07550	0.00475	0.00354	0.38830
14	0.01923	0.00857	0.01115	0.00920	0.01269	0.00737	0.00732	0.02124	0.01537	0.47094	0.05246	0.12090	0.16251	0.01019	0.00631	0.00189	0.00435	0.00858	0.00655	0.04316

[dist]
# distance from previous block
# <min> <max>
0	1

[block]
# block no. 3 follows, 39 sequences, length 30
# corresponding to MSA columns:
# 230-259
name=unknown_D
#
# <colnr> <probs for GDERKNQSTAVLIFYWHMCP>
#	G	D	E	R	K	N	Q	S	T	A	V	L	I	F	Y	W	H	M	C	P
0	0.01995	0.01908	0.03213	0.01327	0.01704	0.27858	0.01058	0.27516	0.09794	0.06567	0.01606	0.05729	0.03213	0.00758	0.00579	0.00173	0.00741	0.00572	0.00482	0.03205
1	0.04817	0.09614	0.15116	0.04228	0.06192	0.13100	0.08424	0.04463	0.03159	0.06743	0.01175	0.01398	0.00924	0.03094	0.00609	0.00171	0.00734	0.00464	0.00345	0.15232
2	0.05495	0.12206	0.25326	0.03121	0.09577	0.01318	0.02856	0.02107	0.01371	0.23422	0.01396	0.01452	0.00986	0.00591	0.00535	0.00170	0.00667	0.00472	0.00409	0.06524
3	0.00745	0.00540	0.00708	0.00836	0.00880	0.00513	0.00562	0.00900	0.03566	0.01542	0.03231	0.76288	0.03841	0.01818	0.00750	0.00239	0.00347	0.01648	0.00551	0.00495
4	0.01145	0.01026	0.01480	0.04036	0.32506	0.03740	0.01115	0.01421	0.01411	0.01942	0.19675	0.08329	0.13453	0.00943	0.00630	0.00184	0.00508	0.00842	0.04903	0.00711
5	0.04561	0.03736	0.16335	0.04418	0.10144	0.05241	0.12359	0.05934	0.04430	0.16016	0.04571	0.01839	0.04696	0.00680	0.00624	0.00186	0.02376	0.00589	0.00424	0.00840
6	0.02298	0.00926	0.01250	0.00986	0.01374	0.00809	0.00797	0.02522	0.01645	0.61447	0.12636	0.02455	0.02084	0.05066	0.00741	0.00205	0.00475	0.00676	0.00700	0.00908
7	0.01117	0.01051	0.01774	0.77795	0.04073	0.01314	0.01642	0.01511	0.01182	0.01511	0.01051	0.01577	0.00788	0.00591	0.00591	0.00197	0.00788	0.00526	0.00263	0.00657
8	0.01672	0.01469	0.15742	0.13053	0.06381	0.01198	0.04865	0.02132	0.07175	0.25513	0.01776	0.04846	0.03186	0.00752	0.00720	0.00197	0.07406	0.00615	0.00459	0.00843
9	0.01815	0.03220	0.07057	0.12659	0.08104	0.05282	0.03499	0.02269	0.09859	0.28855	0.03868	0.01925	0.01372	0.04694	0.00748	0.00206	0.02643	0.00586	0.00494	0.00846
10	0.00857	0.00624	0.00707	0.00724	0.00899	0.00550	0.00554	0.01016	0.01316	0.05627	0.04819	0.12612	0.48527	0.06519	0.00866	0.00238	0.00370	0.12104	0.00546	0.00523
11	0.04789	0.00793	0.00956	0.00835	0.01037	0.00763	0.00599	0.03770	0.03862	0.26217	0.04151	0.07045	0.01990	0.36058	0.01677	0.00361	0.00513	0.00775	0.03167	0.00642
12	0.01824	0.05982	0.03663	0.10507	0.10420	0.02981	0.07912	0.05939	0.14885	0.24299	0.01708	0.01735	0.01216	0.00651	0.00583	0.00181	0.00633	0.00565	0.00492	0.03824
13	0.04046	0.01017	0.04169	0.01128	0.01232	0.03064	0.00916	0.01279	0.01001	0.03479	0.01478	0.04516	0.01500	0.18218	0.20415	0.00486	0.26044	0.05110	0.00337	0.00566
14	0.02177	0.01487	0.01636	0.01285	0.01732	0.01619	0.01051	0.50242	0.15037	0.14857	0.01734	0.01649	0.01216	0.00729	0.00594	0.00182	0.00596	0.00566	0.00615	0.00994
15	0.01219	0.00790	0.00951	0.00900	0.01070	0.00792	0.00662	0.09424	0.07266	0.09815	0.09711	0.23769	0.06355	0.16175	0.01183	0.02946	0.00458	0.05360	0.00541	0.00614
16	0.06082	0.11184	0.22810	0.07615	0.07722	0.01445	0.03305	0.10246	0.07513	0.06382	0.04335	0.01625	0.02927	0.00643	0.00549	0.00176	0.00670	0.00518	0.00386	0.03867
17	0.01422	0.01136	0.01762	0.33679	0.14495	0.01261	0.04272	0.06605	0.06170	0.09937	0.09694	0.01950	0.01511	0.00696	0.00645	0.00192	0.02782	0.00611	0.00407	0.00775
18	0.01905	0.01070	0.01286	0.01068	0.01429	0.01083	0.00854	0.08622	0.24789	0.32804	0.15937	0.02474	0.02304	0.00842	0.00616	0.00189	0.00463	0.00702	0.00664	0.00900
19	0.15375	0.01323	0.03281	0.23653	0.07572	0.04378	0.03998	0.14104	0.01555	0.14917	0.01301	0.01477	0.00932	0.00616	0.00551	0.00182	0.00666	0.00498	0.00424	0.03198
20	0.01936	0.03733	0.13573	0.06313	0.05471	0.01185	0.12602	0.05324	0.03109	0.35192	0.04326	0.01808	0.01310	0.00661	0.00603	0.00185	0.00668	0.00587	0.00513	0.00903
21	0.01131	0.01065	0.01799	0.74800	0.06959	0.01318	0.01649	0.01523	0.01189	0.01528	0.01054	0.01572	0.00794	0.00589	0.00591	0.00196	0.00785	0.00526	0.00264	0.00668
22	0.00721	0.00515	0.00686	0.00823	0.00858	0.00480	0.00549	0.00823	0.01132	0.01510	0.03259	0.78831	0.03911	0.01853	0.00755	0.00240	0.00343	0.01681	0.00549	0.00480
23	0.01751	0.13466	0.07370	0.04971	0.19157	0.01419	0.09324	0.04073	0.05950	0.21061	0.01574	0.01663	0.02678	0.00632	0.00599	0.00178	0.02274	0.00549	0.00429	0.00883
24	0.04895	0.03607	0.10431	0.28346	0.11920	0.03361	0.10868	0.09154	0.03060	0.05018	0.02975	0.01556	0.00997	0.00602	0.00587	0.00187	0.00758	0.00540	0.00345	0.00791
25	0.01434	0.02617	0.57575	0.01658	0.02440	0.01335	0.07918	0.04655	0.01375	0.11612	0.01252	0.01384	0.00864	0.00584	0.00579	0.00187	0.00828	0.00483	0.00329	0.00890
26	0.01184	0.01104	0.01854	0.60101	0.10756	0.01305	0.04853	0.04183	0.01265	0.01651	0.01197	0.05760	0.00986	0.00654	0.00604	0.00197	0.00760	0.00597	0.00295	0.00694
27	0.05959	0.03618	0.05129	0.16646	0.08422	0.04036	0.21756	0.03781	0.03470	0.10532	0.01379	0.05767	0.01104	0.00674	0.00684	0.00195	0.05074	0.00624	0.00371	0.00779
28	0.03057	0.01630	0.23193	0.19797	0.02472	0.02789	0.08774	0.01663	0.01234	0.07676	0.01460	0.10513	0.01265	0.01105	0.07774	0.00270	0.03597	0.00659	0.00342	0.00730
29	0.01279	0.01176	0.01888	0.37626	0.26073	0.01343	0.01573	0.04486	0.03661	0.01780	0.01294	0.01982	0.01104	0.00700	0.00690	0.00200	0.05344	0.06723	0.00321	0.00758

[dist]
# distance from previous block
# <min> <max>
4	77

[block]
# block no. 4 follows, 39 sequences, length 33
# corresponding to MSA columns:
# 338-370
name=unknown_E
#
# <colnr> <probs for GDERKNQSTAVLIFYWHMCP>
#	G	D	E	R	K	N	Q	S	T	A	V	L	I	F	Y	W	H	M	C	P
0	0.01597	0.55476	0.16036	0.01190	0.01747	0.07067	0.01239	0.06684	0.01348	0.01640	0.00912	0.01042	0.00774	0.00537	0.00437	0.00143	0.00706	0.00357	0.00279	0.00791
1	0.03574	0.16016	0.12927	0.12747	0.09922	0.03459	0.08344	0.01886	0.08462	0.04601	0.01386	0.01599	0.04051	0.00660	0.00680	0.00185	0.07857	0.00528	0.00333	0.00784
2	0.01651	0.07042	0.07313	0.07226	0.01803	0.02839	0.02313	0.13594	0.01473	0.16048	0.01474	0.01695	0.02864	0.01279	0.11411	0.00302	0.17923	0.00549	0.00420	0.00784
3	0.01914	0.04178	0.01220	0.06100	0.01436	0.00884	0.00793	0.02229	0.04927	0.40543	0.06004	0.02308	0.05548	0.00772	0.00557	0.00174	0.00454	0.00631	0.18509	0.00820
4	0.01907	0.01111	0.03237	0.06263	0.01628	0.06041	0.03437	0.02184	0.03660	0.38658	0.05387	0.14535	0.01900	0.00919	0.00671	0.00194	0.03596	0.00772	0.03085	0.00815
5	0.05359	0.01709	0.17822	0.08656	0.11109	0.03970	0.05903	0.15895	0.01627	0.11958	0.01652	0.01815	0.06003	0.00696	0.00616	0.00187	0.02241	0.01512	0.00421	0.00849
6	0.06619	0.00751	0.00911	0.03587	0.01157	0.00773	0.00694	0.04374	0.09238	0.06597	0.02706	0.46058	0.02948	0.05583	0.00812	0.00244	0.00427	0.05385	0.00536	0.00600
7	0.00924	0.06089	0.05025	0.00926	0.01087	0.00843	0.00760	0.01135	0.01012	0.01442	0.04648	0.02477	0.01661	0.14367	0.50958	0.00737	0.01233	0.00649	0.03486	0.00540
8	0.01796	0.05338	0.01710	0.09514	0.09821	0.03824	0.06116	0.06341	0.10001	0.24851	0.03183	0.01995	0.01374	0.03054	0.00782	0.05784	0.00620	0.02580	0.00491	0.00824
9	0.01691	0.03490	0.05418	0.09926	0.10082	0.08597	0.01246	0.18380	0.25483	0.04470	0.01591	0.01657	0.01198	0.00697	0.00629	0.00187	0.03356	0.00552	0.00466	0.00882
10	0.01522	0.00777	0.01025	0.06073	0.01327	0.00720	0.00742	0.01758	0.02537	0.29409	0.09972	0.17219	0.13614	0.01131	0.00648	0.00199	0.00426	0.04077	0.06113	0.00713
11	0.01358	0.02883	0.05898	0.18525	0.23404	0.01307	0.21338	0.01743	0.01318	0.05860	0.01374	0.07634	0.01173	0.00661	0.00627	0.00192	0.00764	0.01550	0.00334	0.02059
12	0.12320	0.01675	0.10853	0.08776	0.22663	0.07017	0.08843	0.13778	0.01545	0.02236	0.01188	0.01563	0.00954	0.00617	0.00572	0.00185	0.00741	0.03289	0.00356	0.00829
13	0.00935	0.00677	0.00862	0.00937	0.01046	0.00695	0.00734	0.01237	0.07096	0.01701	0.02908	0.23666	0.05467	0.10871	0.01045	0.00283	0.02426	0.30811	0.06064	0.00539
14	0.13993	0.01163	0.05273	0.01202	0.06441	0.01055	0.00941	0.09813	0.03007	0.34209	0.10217	0.05288	0.03237	0.00797	0.00579	0.00186	0.00509	0.00648	0.00585	0.00857
15	0.01145	0.01081	0.00952	0.00973	0.01114	0.17385	0.00696	0.01340	0.03976	0.03918	0.09752	0.43419	0.09127	0.01415	0.00685	0.00209	0.00502	0.01230	0.00512	0.00567
16	0.01452	0.07114	0.21164	0.01395	0.01869	0.13243	0.09528	0.05734	0.01521	0.06529	0.15434	0.02197	0.06824	0.00774	0.00633	0.00181	0.02606	0.00641	0.00409	0.00752
17	0.23040	0.01212	0.03616	0.01210	0.01642	0.01168	0.10184	0.10362	0.01567	0.29312	0.04511	0.02006	0.01395	0.00727	0.00567	0.00191	0.00576	0.05343	0.00536	0.00833
18	0.02248	0.01656	0.01775	0.01361	0.01834	0.01834	0.01124	0.73556	0.02780	0.03727	0.01420	0.01420	0.01006	0.00710	0.00592	0.00177	0.00651	0.00532	0.00592	0.01006
19	0.01392	0.01604	0.08106	0.02265	0.02845	0.01400	0.60886	0.01878	0.01416	0.04770	0.06238	0.01779	0.01226	0.00560	0.00685	0.00197	0.00921	0.00702	0.00336	0.00795
20	0.01246	0.01146	0.01036	0.00982	0.01130	0.18072	0.00714	0.03400	0.01299	0.03914	0.13420	0.08380	0.02295	0.20145	0.19753	0.00459	0.00868	0.00772	0.00415	0.00554
21	0.58079	0.01070	0.00971	0.00830	0.01203	0.01162	0.00681	0.01994	0.01190	0.20583	0.01268	0.01302	0.00901	0.00603	0.00425	0.00180	0.00456	0.00403	0.05972	0.00724
22	0.01581	0.79572	0.03099	0.01012	0.01518	0.02340	0.01012	0.01771	0.01202	0.01391	0.00822	0.00949	0.00759	0.00506	0.00379	0.00126	0.00632	0.00316	0.00253	0.00759
23	0.09063	0.09269	0.10309	0.05128	0.01579	0.06224	0.00993	0.06002	0.03981	0.11650	0.24562	0.02333	0.02409	0.00798	0.00571	0.00175	0.00544	0.00645	0.00488	0.03275
24	0.01117	0.01051	0.01774	0.77795	0.04073	0.01314	0.01642	0.01511	0.01182	0.01511	0.01051	0.01577	0.00788	0.00591	0.00591	0.00197	0.00788	0.00526	0.00263	0.00657
25	0.01227	0.00996	0.01167	0.00870	0.01327	0.00784	0.00682	0.01515	0.03686	0.04100	0.04151	0.03180	0.01257	0.05810	0.00638	0.00134	0.00442	0.00458	0.00387	0.67190
26	0.00736	0.00535	0.00694	0.00792	0.00856	0.00493	0.00542	0.00868	0.01230	0.01643	0.13992	0.61650	0.10328	0.01728	0.00742	0.00229	0.00330	0.01555	0.00564	0.00493
27	0.02171	0.01430	0.01592	0.01259	0.01699	0.01542	0.01027	0.42790	0.17908	0.19468	0.01834	0.01720	0.01279	0.00735	0.00594	0.00184	0.00579	0.00575	0.00625	0.00991
28	0.03010	0.01126	0.01303	0.05288	0.01531	0.03327	0.00897	0.12911	0.14003	0.23758	0.01873	0.01880	0.01345	0.00740	0.00650	0.00181	0.06266	0.00569	0.18508	0.00834
29	0.00938	0.00629	0.00769	0.00725	0.00902	0.00566	0.00553	0.01178	0.01552	0.07071	0.45031	0.04560	0.24349	0.01242	0.00680	0.00190	0.00308	0.03212	0.04973	0.00571
30	0.06299	0.01074	0.01635	0.28955	0.07036	0.01133	0.06757	0.04740	0.01420	0.22712	0.01809	0.01964	0.06040	0.00688	0.00585	0.00187	0.00634	0.00597	0.04959	0.00780
31	0.01146	0.00790	0.00962	0.00889	0.01061	0.00836	0.00663	0.05953	0.11515	0.06894	0.13162	0.03058	0.06182	0.18965	0.22060	0.00480	0.00767	0.00775	0.03228	0.00614
32	0.12442	0.04612	0.01560	0.01172	0.01577	0.01463	0.03766	0.38910	0.02064	0.11809	0.03799	0.03998	0.01295	0.03056	0.00627	0.00189	0.00575	0.00573	0.05652	0.00863

[dist]
# distance from previous block
# <min> <max>
0	64

[block]
# block no. 5 follows, 39 sequences, length 20
# corresponding to MSA columns:
# 435-454
name=unknown_F
#
# <colnr> <probs for GDERKNQSTAVLIFYWHMCP>
#	G	D	E	R	K	N	Q	S	T	A	V	L	I	F	Y	W	H	M	C	P
0	0.27561	0.06178	0.01474	0.06377	0.01645	0.04747	0.03289	0.09066	0.02888	0.12668	0.01318	0.01429	0.02872	0.00653	0.00610	0.00177	0.07111	0.00461	0.00420	0.09058
1	0.21444	0.09008	0.01625	0.01267	0.06198	0.05941	0.04422	0.11914	0.05531	0.16986	0.02350	0.01459	0.01067	0.00621	0.00507	0.00169	0.00582	0.00474	0.02315	0.06120
2	0.01132	0.00889	0.01236	0.07697	0.06539	0.01001	0.00940	0.01480	0.08664	0.06421	0.12108	0.26640	0.02680	0.01275	0.02107	0.00233	0.14520	0.03304	0.00482	0.00650
3	0.00818	0.00595	0.00775	0.00777	0.00903	0.00552	0.00583	0.01059	0.01536	0.02127	0.52628	0.17217	0.09536	0.01372	0.00717	0.00203	0.00314	0.07131	0.00618	0.00540
4	0.02325	0.00928	0.01246	0.00982	0.01370	0.00812	0.00793	0.02544	0.01619	0.62142	0.08437	0.02350	0.01860	0.06190	0.00764	0.00209	0.00482	0.00652	0.03386	0.00909
5	0.01550	0.01309	0.01382	0.01219	0.01568	0.01508	0.00955	0.10270	0.67203	0.02601	0.02307	0.02127	0.01724	0.00793	0.00601	0.00198	0.00487	0.00655	0.00601	0.00943
6	0.56351	0.01126	0.01055	0.00883	0.01280	0.01215	0.00728	0.05153	0.01283	0.24085	0.01290	0.01287	0.00896	0.00609	0.00442	0.00183	0.00479	0.00409	0.00482	0.00763
7	0.20408	0.01495	0.01544	0.01208	0.01656	0.01651	0.00998	0.52435	0.02306	0.08672	0.01352	0.01360	0.00957	0.00676	0.00541	0.00179	0.00597	0.00489	0.00551	0.00924
8	0.01144	0.00559	0.00810	0.00787	0.00827	0.00547	0.00534	0.00956	0.00865	0.07370	0.01259	0.04216	0.01224	0.07145	0.02168	0.67851	0.00512	0.00578	0.00312	0.00333
9	0.01969	0.01553	0.01669	0.07779	0.01953	0.04155	0.01124	0.48665	0.19392	0.03172	0.01603	0.01606	0.01167	0.00718	0.00592	0.00184	0.00633	0.00559	0.00557	0.00950
10	0.55782	0.01196	0.01070	0.00901	0.01282	0.01338	0.00741	0.15656	0.01423	0.09330	0.01137	0.01215	0.00835	0.00604	0.00432	0.00179	0.00488	0.00399	0.05253	0.00738
11	0.04288	0.00977	0.01104	0.03617	0.01313	0.03444	0.00777	0.12123	0.13163	0.08785	0.12164	0.20810	0.05649	0.01203	0.00787	0.07170	0.00469	0.00925	0.00545	0.00688
12	0.01095	0.00660	0.00849	0.00779	0.00968	0.00594	0.00592	0.01337	0.01597	0.13700	0.49826	0.09346	0.13923	0.01217	0.00686	0.00191	0.00321	0.01061	0.00643	0.00615
13	0.01395	0.01426	0.04937	0.14718	0.55244	0.01399	0.08649	0.01778	0.01323	0.01862	0.01109	0.01486	0.00904	0.00535	0.00596	0.00182	0.00750	0.00540	0.00287	0.00879
14	0.00816	0.00611	0.00785	0.00797	0.00894	0.00598	0.00579	0.00967	0.01326	0.01797	0.29353	0.28922	0.16716	0.01521	0.00906	0.05915	0.05211	0.01231	0.00547	0.00507
15	0.01016	0.00518	0.00762	0.00762	0.00762	0.00518	0.00503	0.00776	0.00776	0.01035	0.01084	0.01938	0.01103	0.07262	0.02358	0.77245	0.00518	0.00537	0.00264	0.00264
16	0.01752	0.53194	0.02667	0.01305	0.06255	0.16708	0.01097	0.07933	0.01436	0.01633	0.00909	0.01044	0.00791	0.00545	0.00440	0.00139	0.00723	0.00360	0.00294	0.00777
17	0.15867	0.01026	0.01242	0.09623	0.01628	0.01097	0.00907	0.09699	0.03609	0.22239	0.02109	0.12810	0.05910	0.00943	0.00677	0.00202	0.05387	0.03746	0.00523	0.00756
18	0.10123	0.06842	0.24180	0.01511	0.07455	0.03375	0.01398	0.23330	0.05527	0.05999	0.01335	0.04008	0.01027	0.00665	0.00550	0.00181	0.00684	0.00513	0.00420	0.00878
19	0.01857	0.05978	0.01670	0.01439	0.08046	0.08025	0.01065	0.30921	0.15912	0.07300	0.01673	0.05470	0.01322	0.00882	0.03300	0.00207	0.00653	0.00598	0.02794	0.00889

[dist]
# distance from previous block
# <min> <max>
6	17

[block]
# block no. 6 follows, 39 sequences, length 15
# corresponding to MSA columns:
# 492-506
name=unknown_G
#
# <colnr> <probs for GDERKNQSTAVLIFYWHMCP>
#	G	D	E	R	K	N	Q	S	T	A	V	L	I	F	Y	W	H	M	C	P
0	0.04363	0.01033	0.01660	0.27459	0.09524	0.01105	0.08605	0.02885	0.03286	0.10620	0.04018	0.12853	0.01741	0.00889	0.00641	0.00205	0.00645	0.07333	0.00421	0.00715
1	0.42837	0.06246	0.05011	0.00869	0.01259	0.01168	0.00761	0.01853	0.01224	0.14743	0.06066	0.01506	0.01208	0.00628	0.00445	0.00170	0.00469	0.00444	0.07953	0.05142
2	0.01355	0.01312	0.01784	0.01524	0.01567	0.01795	0.01266	0.05405	0.04871	0.01603	0.00897	0.01349	0.00843	0.01005	0.01798	0.00251	0.69874	0.00526	0.00295	0.00681
3	0.01418	0.10446	0.36931	0.01567	0.06727	0.01512	0.01596	0.12137	0.13508	0.02167	0.01427	0.05488	0.01138	0.00682	0.00565	0.00184	0.00711	0.00547	0.00375	0.00874
4	0.01554	0.64034	0.14038	0.01140	0.01691	0.06080	0.01196	0.01817	0.01233	0.01467	0.00863	0.01000	0.00758	0.00520	0.00415	0.00137	0.00691	0.00338	0.00255	0.00772
5	0.01117	0.01051	0.01774	0.77795	0.04073	0.01314	0.01642	0.01511	0.01182	0.01511	0.01051	0.01577	0.00788	0.00591	0.00591	0.00197	0.00788	0.00526	0.00263	0.00657
6	0.00772	0.00595	0.00666	0.00655	0.00824	0.00522	0.00489	0.00972	0.01448	0.01901	0.29859	0.07539	0.44132	0.01361	0.00684	0.00193	0.00292	0.01159	0.05414	0.00522
7	0.01245	0.01024	0.01159	0.01116	0.01372	0.01137	0.00897	0.02349	0.44941	0.02235	0.08737	0.03799	0.04503	0.01100	0.00676	0.00221	0.00471	0.21654	0.00588	0.00778
8	0.70254	0.06296	0.01103	0.00858	0.01221	0.01440	0.00719	0.05210	0.01101	0.02565	0.00850	0.00998	0.00672	0.00577	0.00452	0.00183	0.04132	0.00340	0.00364	0.00666
9	0.00796	0.00595	0.00745	0.00788	0.00899	0.00557	0.00568	0.01035	0.04345	0.01863	0.27941	0.36858	0.15139	0.01531	0.00723	0.00215	0.00327	0.03958	0.00585	0.00530
10	0.02304	0.11871	0.04389	0.01073	0.01534	0.01168	0.00937	0.08394	0.03704	0.51149	0.01985	0.01806	0.01316	0.00693	0.00554	0.00173	0.00534	0.00545	0.04929	0.00942
11	0.01054	0.00629	0.00852	0.00856	0.00942	0.00634	0.00631	0.01125	0.06347	0.03983	0.04456	0.05257	0.06636	0.04746	0.04465	0.43545	0.00530	0.12492	0.00393	0.00426
12	0.01447	0.01252	0.01638	0.09028	0.03864	0.06327	0.03674	0.04386	0.05183	0.08809	0.04780	0.01968	0.01339	0.03704	0.04944	0.00269	0.32569	0.03738	0.00378	0.00703
13	0.04707	0.01292	0.08795	0.01168	0.04897	0.00937	0.04435	0.01685	0.01271	0.08013	0.01158	0.01311	0.00906	0.00486	0.00479	0.00118	0.00526	0.00402	0.00367	0.57046
14	0.01747	0.14943	0.05290	0.08753	0.03113	0.05149	0.03133	0.16724	0.11708	0.12912	0.04801	0.01711	0.01322	0.00793	0.02880	0.00197	0.00657	0.00542	0.02781	0.00843

[dist]
# distance from previous block
# <min> <max>
4	59

[block]
# block no. 7 follows, 39 sequences, length 6
# corresponding to MSA columns:
# 566-571
name=unknown_H
#
# <colnr> <probs for GDERKNQSTAVLIFYWHMCP>
#	G	D	E	R	K	N	Q	S	T	A	V	L	I	F	Y	W	H	M	C	P
0	0.02069	0.00892	0.01139	0.00918	0.01272	0.00808	0.00743	0.05798	0.01638	0.47544	0.08999	0.02399	0.04994	0.00798	0.00572	0.00175	0.00435	0.00654	0.17301	0.00851
1	0.01934	0.01375	0.01505	0.01240	0.01644	0.01518	0.00996	0.29346	0.37049	0.13741	0.02028	0.01885	0.01457	0.00758	0.00597	0.00189	0.00541	0.00607	0.00617	0.00972
2	0.34302	0.01085	0.01133	0.00936	0.01325	0.01129	0.00765	0.06445	0.07121	0.31605	0.01660	0.01592	0.01143	0.00661	0.00491	0.00181	0.00474	0.00485	0.06644	0.00823
3	0.14717	0.01495	0.01585	0.01232	0.01687	0.01633	0.01018	0.53552	0.02370	0.12772	0.01445	0.01425	0.01008	0.00688	0.00557	0.00179	0.00602	0.00508	0.00575	0.00950
4	0.01982	0.00850	0.01099	0.00904	0.01252	0.00739	0.00724	0.02187	0.01544	0.49303	0.03149	0.08867	0.17214	0.00979	0.00617	0.00188	0.00432	0.00815	0.06331	0.00827
5	0.01523	0.68324	0.13839	0.01111	0.01671	0.02198	0.01184	0.01786	0.01209	0.01462	0.00857	0.00993	0.00757	0.00514	0.00406	0.00135	0.00668	0.00334	0.00252	0.00776

[dist]
# distance from previous block
# <min> <max>
0	1

[block]
# block no. 8 follows, 39 sequences, length 7
# corresponding to MSA columns:
# 573-579
name=unknown_I
#
# <colnr> <probs for GDERKNQSTAVLIFYWHMCP>
#	G	D	E	R	K	N	Q	S	T	A	V	L	I	F	Y	W	H	M	C	P
0	0.01409	0.01232	0.05916	0.01507	0.13451	0.01216	0.01056	0.02407	0.38030	0.06873	0.05430	0.07696	0.01876	0.00823	0.00594	0.00191	0.00497	0.00708	0.08237	0.00850
1	0.12833	0.00935	0.01156	0.00945	0.01303	0.00880	0.00763	0.02293	0.05097	0.43957	0.20698	0.02495	0.02419	0.00833	0.00591	0.00185	0.00438	0.00683	0.00657	0.00840
2	0.10269	0.01101	0.01657	0.15344	0.28510	0.01220	0.01315	0.01556	0.01226	0.01881	0.05162	0.02105	0.01383	0.00973	0.05506	0.00243	0.07965	0.06525	0.05334	0.00726
3	0.00963	0.00601	0.00781	0.00805	0.00931	0.00546	0.00577	0.01132	0.01362	0.09944	0.22862	0.42999	0.11197	0.01520	0.00716	0.00215	0.00339	0.01353	0.00597	0.00561
4	0.01008	0.00539	0.00768	0.00768	0.00806	0.00557	0.00536	0.00907	0.00869	0.01258	0.01252	0.01945	0.01174	0.02248	0.14403	0.57039	0.00656	0.00539	0.12382	0.00345
5	0.05802	0.17105	0.01855	0.10664	0.09887	0.04103	0.01096	0.15524	0.03415	0.10510	0.12663	0.01860	0.01670	0.00704	0.00551	0.00171	0.00596	0.00564	0.00454	0.00806
6	0.07039	0.00746	0.00939	0.00926	0.04290	0.00711	0.00668	0.01472	0.01392	0.15325	0.21182	0.12474	0.10916	0.01393	0.07786	0.00258	0.00487	0.00894	0.08609	0.02493

[dist]
# distance from previous block
# <min> <max>
0	78

[block]
# block no. 9 follows, 39 sequences, length 37
# corresponding to MSA columns:
# 660-665,708-719,724-742
name=unknown_J
#
# <colnr> <probs for GDERKNQSTAVLIFYWHMCP>
#	G	D	E	R	K	N	Q	S	T	A	V	L	I	F	Y	W	H	M	C	P
0	0.01171	0.01007	0.01300	0.03541	0.10803	0.01113	0.00945	0.01888	0.24943	0.02184	0.28812	0.02977	0.06578	0.00969	0.00782	0.00198	0.08716	0.00805	0.00531	0.00738
1	0.00763	0.00560	0.00776	0.00855	0.00903	0.00528	0.02997	0.00865	0.01103	0.01471	0.02991	0.65581	0.03559	0.12773	0.01073	0.00286	0.00398	0.01531	0.00513	0.00474
2	0.01352	0.04022	0.08789	0.18801	0.23469	0.01355	0.09188	0.01831	0.06972	0.05261	0.07518	0.01789	0.01353	0.00657	0.00677	0.00190	0.05027	0.00589	0.00354	0.00804
3	0.83394	0.01144	0.00869	0.00778	0.01144	0.01327	0.00640	0.01738	0.01006	0.02653	0.00823	0.00961	0.00640	0.00549	0.00366	0.00183	0.00457	0.00320	0.00366	0.00640
4	0.01294	0.01294	0.01811	0.01553	0.01553	0.01811	0.01294	0.01423	0.00906	0.01423	0.00776	0.01294	0.00776	0.01035	0.01941	0.00259	0.78134	0.00518	0.00259	0.00647
5	0.04224	0.01253	0.02018	0.07241	0.20207	0.01264	0.12491	0.05434	0.01484	0.28080	0.01562	0.01738	0.01127	0.00669	0.00719	0.00192	0.07242	0.01707	0.00464	0.00884
6	0.13069	0.06107	0.05026	0.01302	0.04797	0.08223	0.03461	0.08322	0.01554	0.31516	0.01631	0.01786	0.01189	0.00718	0.00635	0.00186	0.05093	0.04022	0.00510	0.00853
7	0.01103	0.01020	0.01704	0.71287	0.03831	0.01260	0.01584	0.01487	0.01198	0.01533	0.01228	0.02009	0.01010	0.00680	0.00610	0.00203	0.00768	0.06552	0.00287	0.00647
8	0.00754	0.00527	0.00692	0.00800	0.00853	0.00493	0.00543	0.00887	0.01204	0.01650	0.12032	0.65892	0.03998	0.01716	0.00731	0.00228	0.00332	0.01550	0.04624	0.00493
9	0.33641	0.00994	0.00943	0.00823	0.01133	0.01084	0.00661	0.08340	0.07550	0.10656	0.01535	0.01626	0.01146	0.00650	0.00447	0.00169	0.00422	0.00474	0.26997	0.00710
10	0.10722	0.01375	0.02168	0.17712	0.35187	0.03600	0.10698	0.04572	0.01327	0.01958	0.01069	0.01425	0.00859	0.00572	0.00637	0.00187	0.04295	0.00521	0.00306	0.00812
11	0.00907	0.00625	0.00771	0.00728	0.00888	0.00578	0.00548	0.01195	0.03279	0.04467	0.53591	0.05590	0.15302	0.01195	0.00669	0.00185	0.00294	0.01039	0.07580	0.00570
12	0.06586	0.04687	0.03771	0.01056	0.01525	0.00975	0.00906	0.02742	0.01622	0.66535	0.02148	0.01888	0.01368	0.00707	0.00572	0.00181	0.00518	0.00563	0.00677	0.00973
13	0.00938	0.00578	0.00698	0.00688	0.00707	0.00576	0.00414	0.00916	0.00895	0.03323	0.03828	0.03454	0.02027	0.60239	0.04550	0.14066	0.00578	0.00796	0.00360	0.00370
14	0.01294	0.01294	0.01811	0.01553	0.01553	0.01811	0.01294	0.01423	0.00906	0.01423	0.00776	0.01294	0.00776	0.01035	0.01941	0.00259	0.78134	0.00518	0.00259	0.00647
15	0.01265	0.01050	0.01230	0.00881	0.01404	0.00791	0.00705	0.01527	0.01239	0.03920	0.01086	0.01247	0.00892	0.00446	0.00442	0.00090	0.00440	0.00357	0.00361	0.80628
16	0.01434	0.01089	0.03778	0.01125	0.01387	0.01092	0.02076	0.26104	0.01774	0.06056	0.04376	0.28254	0.02425	0.01225	0.00723	0.00213	0.03461	0.09563	0.03119	0.00724
17	0.77131	0.01164	0.00992	0.00865	0.01222	0.01354	0.02882	0.01729	0.01014	0.02574	0.00833	0.00995	0.00655	0.00570	0.00448	0.00187	0.04040	0.00341	0.00359	0.00646
18	0.01521	0.17226	0.03741	0.25657	0.07191	0.13619	0.01319	0.05474	0.11674	0.01752	0.01184	0.01423	0.00940	0.00628	0.00602	0.00177	0.04299	0.00479	0.00333	0.00761
19	0.00984	0.00819	0.01152	0.01078	0.01130	0.01026	0.00837	0.01123	0.00925	0.01350	0.01425	0.04809	0.01440	0.14853	0.38366	0.02511	0.24664	0.00666	0.00312	0.00530
20	0.00884	0.00595	0.00775	0.00774	0.00892	0.00549	0.00558	0.01092	0.01469	0.05419	0.45556	0.26361	0.06373	0.04968	0.00816	0.00220	0.00322	0.01224	0.00609	0.00545
