[name]
unknown

[dist]
# distance from previous block
# <min> <max>
0	176

[block]
# block no. 0 follows, 46 sequences, length 11
# corresponding to MSA columns:
# 545-555
name=unknown_A
#
# <colnr> <probs for GDERKNQSTAVLIFYWHMCP>
#	G	D	E	R	K	N	Q	S	T	A	V	L	I	F	Y	W	H	M	C	P
0	0.00913	0.00718	0.00987	0.01022	0.01128	0.00803	0.00873	0.01177	0.03775	0.01599	0.09508	0.04774	0.02757	0.01303	0.00893	0.00232	0.14788	0.51781	0.00452	0.00516
1	0.01243	0.01183	0.02008	0.02816	0.60795	0.01208	0.05014	0.01543	0.01182	0.01680	0.01188	0.01843	0.01082	0.00613	0.00629	0.00173	0.05684	0.09055	0.00286	0.00775
2	0.00832	0.00644	0.00725	0.00671	0.00852	0.00603	0.00512	0.09599	0.01454	0.01905	0.31954	0.07395	0.38548	0.01174	0.00615	0.00173	0.00299	0.00998	0.00529	0.00518
3	0.00816	0.00642	0.00793	0.00776	0.00898	0.00663	0.00577	0.01181	0.12050	0.01811	0.35613	0.23851	0.10798	0.01195	0.00695	0.00186	0.05374	0.01033	0.00521	0.00529
4	0.17842	0.05504	0.01549	0.01145	0.01518	0.04999	0.09558	0.14810	0.01451	0.27957	0.01323	0.01341	0.00925	0.00601	0.00588	0.00166	0.07052	0.00458	0.00450	0.00764
5	0.00797	0.00632	0.00682	0.00658	0.00836	0.00585	0.00494	0.09523	0.01339	0.01681	0.09342	0.17903	0.51019	0.01296	0.00622	0.00182	0.00310	0.01099	0.00501	0.00499
6	0.07495	0.01222	0.08937	0.10279	0.01804	0.01102	0.06769	0.14058	0.06912	0.29596	0.01527	0.01530	0.01045	0.00597	0.00513	0.00165	0.00552	0.00495	0.04610	0.00790
7	0.00721	0.00572	0.00650	0.00669	0.00804	0.00535	0.00487	0.00982	0.08101	0.01565	0.14226	0.24850	0.36578	0.04021	0.00702	0.00199	0.00303	0.03053	0.00502	0.00481
8	0.00704	0.00514	0.00683	0.00758	0.00811	0.00502	0.00537	0.00834	0.01099	0.01492	0.16507	0.54175	0.03560	0.05361	0.00804	0.00223	0.03064	0.07437	0.00490	0.00447
9	0.01094	0.01068	0.01660	0.65145	0.13989	0.05361	0.01466	0.01429	0.01101	0.01401	0.00941	0.01371	0.00722	0.00521	0.00525	0.00171	0.00707	0.00463	0.00241	0.00624
10	0.03445	0.01102	0.01757	0.01383	0.01699	0.03674	0.27466	0.01785	0.18762	0.06850	0.02688	0.01859	0.01250	0.08800	0.09497	0.04245	0.02120	0.00596	0.00368	0.00655

[dist]
# distance from previous block
# <min> <max>
1	6

[block]
# block no. 1 follows, 46 sequences, length 43
# corresponding to MSA columns:
# 562-604
name=unknown_B
#
# <colnr> <probs for GDERKNQSTAVLIFYWHMCP>
#	G	D	E	R	K	N	Q	S	T	A	V	L	I	F	Y	W	H	M	C	P
0	0.13628	0.02849	0.02573	0.01101	0.01511	0.07368	0.09971	0.07294	0.10513	0.15388	0.01284	0.01328	0.00944	0.00531	0.00470	0.00142	0.00537	0.00434	0.00406	0.21729
1	0.04379	0.32981	0.39137	0.01332	0.04635	0.03316	0.04310	0.01643	0.01109	0.01529	0.00862	0.01018	0.00681	0.00480	0.00438	0.00146	0.00687	0.00356	0.00232	0.00730
2	0.01186	0.00899	0.01055	0.00771	0.01206	0.00692	0.00616	0.01419	0.01130	0.07702	0.01095	0.01225	0.00872	0.00431	0.00401	0.00089	0.00384	0.00345	0.07480	0.71002
3	0.00807	0.00655	0.00774	0.01896	0.00939	0.00623	0.01486	0.01184	0.11917	0.01797	0.29936	0.08034	0.30102	0.01113	0.00605	0.00173	0.00310	0.02683	0.00515	0.04452
4	0.00832	0.00684	0.00823	0.00722	0.00951	0.00602	0.03410	0.04842	0.01286	0.01688	0.16061	0.03931	0.39477	0.04541	0.00679	0.00178	0.00347	0.05130	0.00465	0.13349
5	0.00700	0.00482	0.00639	0.00735	0.00789	0.00448	0.00503	0.00811	0.01070	0.03417	0.08566	0.69819	0.05471	0.01575	0.00667	0.00209	0.00309	0.02839	0.00502	0.00448
6	0.03522	0.01088	0.01234	0.00983	0.01336	0.01130	0.00800	0.32810	0.07944	0.25252	0.04335	0.01790	0.04143	0.00683	0.00514	0.00159	0.00463	0.00540	0.10463	0.00809
7	0.01590	0.01186	0.01652	0.02515	0.04645	0.05689	0.16626	0.21156	0.01617	0.16998	0.07194	0.08607	0.01572	0.02836	0.00629	0.00180	0.00593	0.03517	0.00462	0.00736
8	0.03898	0.01189	0.12803	0.01005	0.01427	0.00916	0.00928	0.07904	0.05784	0.45391	0.07497	0.01813	0.01460	0.00660	0.00521	0.00163	0.00482	0.00534	0.04805	0.00820
9	0.01353	0.02337	0.07698	0.00984	0.01258	0.06771	0.02597	0.13871	0.09375	0.09714	0.01572	0.02141	0.01355	0.18083	0.07635	0.00294	0.00623	0.03439	0.08260	0.00641
10	0.01261	0.47645	0.35529	0.01164	0.01759	0.01719	0.01357	0.01622	0.01092	0.01430	0.00827	0.00964	0.00675	0.00474	0.00410	0.00137	0.00659	0.00329	0.00225	0.00723
11	0.00662	0.00474	0.00630	0.00724	0.00771	0.00442	0.00492	0.00782	0.01098	0.01486	0.16140	0.67462	0.03760	0.01555	0.00666	0.00206	0.00297	0.01406	0.00507	0.00442
12	0.01900	0.01570	0.04860	0.01212	0.01618	0.09713	0.01014	0.52167	0.11407	0.07111	0.01361	0.01345	0.00976	0.00631	0.00523	0.00159	0.00602	0.00476	0.00497	0.00856
13	0.01887	0.01416	0.01701	0.01300	0.01724	0.01535	0.09140	0.58202	0.08646	0.06936	0.01365	0.01373	0.00970	0.00622	0.00540	0.00163	0.00595	0.00505	0.00508	0.00874
14	0.00767	0.00519	0.00611	0.00611	0.00623	0.00531	0.00364	0.00791	0.00779	0.01051	0.01634	0.03283	0.01845	0.71541	0.12466	0.00556	0.00628	0.00743	0.00316	0.00340
15	0.63364	0.01171	0.00971	0.00832	0.01174	0.04359	0.00680	0.15538	0.03983	0.02502	0.00890	0.00979	0.00675	0.00528	0.00378	0.00162	0.00463	0.00335	0.00370	0.00644
16	0.00762	0.00541	0.00720	0.00720	0.00770	0.00591	0.00500	0.00861	0.00811	0.01131	0.01534	0.02732	0.01606	0.40648	0.43031	0.00690	0.00988	0.00662	0.00301	0.00400
17	0.00769	0.00513	0.00577	0.00577	0.00577	0.00513	0.00320	0.00769	0.00769	0.01025	0.01666	0.03460	0.01922	0.81421	0.02691	0.00513	0.00513	0.00769	0.00320	0.00320
18	0.01235	0.01561	0.13257	0.02155	0.11765	0.01310	0.50471	0.01777	0.07675	0.01739	0.01136	0.01415	0.00857	0.00480	0.00588	0.00174	0.00804	0.00571	0.00284	0.00748
19	0.01054	0.01005	0.01728	0.65720	0.14639	0.01193	0.04406	0.01404	0.01086	0.01420	0.00953	0.01395	0.00728	0.00517	0.00531	0.00173	0.00701	0.00476	0.00240	0.00629
20	0.20838	0.01327	0.01625	0.01375	0.07401	0.04731	0.13073	0.27770	0.05204	0.03811	0.01106	0.01219	0.00827	0.00541	0.00485	0.00157	0.00587	0.00445	0.00395	0.07083
21	0.42064	0.01096	0.01036	0.00895	0.01229	0.01240	0.00721	0.09753	0.26137	0.08878	0.01370	0.01346	0.01010	0.00594	0.00434	0.00168	0.00433	0.00429	0.00445	0.00721
22	0.00930	0.00585	0.00736	0.00672	0.00845	0.00523	0.00513	0.01148	0.01436	0.11753	0.52487	0.03920	0.20263	0.01082	0.00612	0.00169	0.00279	0.00936	0.00572	0.00539
23	0.04304	0.01041	0.01717	0.49410	0.27028	0.01184	0.01454	0.01497	0.01117	0.04835	0.00999	0.01374	0.00768	0.00514	0.00520	0.00169	0.00658	0.00466	0.00265	0.00679
24	0.01135	0.09063	0.54317	0.01628	0.02323	0.01326	0.19538	0.01671	0.01144	0.01643	0.00960	0.01167	0.00702	0.00485	0.00518	0.00165	0.00789	0.00437	0.00234	0.00756
25	0.08011	0.00640	0.00834	0.00933	0.01067	0.00653	0.00805	0.01120	0.01171	0.01625	0.02575	0.05422	0.02784	0.04826	0.00781	0.00248	0.00481	0.65071	0.00466	0.00487
26	0.00683	0.00499	0.00588	0.00637	0.00738	0.00450	0.00451	0.00823	0.01148	0.01532	0.13221	0.38315	0.28477	0.01379	0.00623	0.00188	0.00281	0.01209	0.08308	0.00450
27	0.01448	0.04538	0.01485	0.04770	0.07732	0.19769	0.05646	0.03996	0.25040	0.05758	0.08013	0.03959	0.01555	0.00697	0.00537	0.00165	0.00601	0.03163	0.00417	0.00712
28	0.00768	0.00514	0.00583	0.00581	0.00588	0.00512	0.00330	0.00781	0.00806	0.01082	0.05596	0.03485	0.02080	0.77276	0.02584	0.00495	0.00499	0.00778	0.00334	0.00330
29	0.07916	0.00557	0.00606	0.00617	0.00670	0.00559	0.00390	0.00845	0.00865	0.01235	0.02103	0.11759	0.08907	0.55323	0.02003	0.00409	0.00459	0.04045	0.00362	0.00372
30	0.01774	0.01322	0.01388	0.01105	0.01475	0.03431	0.00899	0.52751	0.11993	0.05717	0.01768	0.01724	0.07562	0.00703	0.00531	0.00161	0.00525	0.00545	0.03794	0.00829
31	0.01177	0.01131	0.01950	0.35270	0.44129	0.01225	0.04467	0.01512	0.01144	0.01569	0.00974	0.01355	0.00781	0.00494	0.00529	0.00166	0.00670	0.00476	0.00251	0.00728
32	0.01279	0.01105	0.01161	0.01048	0.01341	0.01270	0.00814	0.02703	0.73249	0.02171	0.02317	0.02133	0.05550	0.00749	0.00542	0.00179	0.00411	0.00624	0.00535	0.00817
33	0.00725	0.00514	0.00597	0.00606	0.00661	0.00488	0.00387	0.00802	0.00998	0.01323	0.15493	0.14218	0.15281	0.43666	0.01723	0.00358	0.00399	0.00957	0.00416	0.00386
34	0.07988	0.00660	0.00707	0.00674	0.00865	0.00643	0.00517	0.01211	0.10601	0.03797	0.22371	0.05902	0.34927	0.01093	0.00581	0.00174	0.00304	0.02821	0.03632	0.00532
35	0.04472	0.01319	0.06467	0.02595	0.52961	0.01254	0.04998	0.03694	0.10530	0.04787	0.01176	0.01385	0.00931	0.00514	0.00522	0.00162	0.00608	0.00485	0.00318	0.00822
36	0.00998	0.00940	0.01586	0.80150	0.03641	0.01175	0.01468	0.01351	0.01057	0.01351	0.00940	0.01409	0.00705	0.00529	0.00529	0.00176	0.00705	0.00470	0.00235	0.00587
37	0.01165	0.00979	0.01034	0.00940	0.01203	0.01094	0.00728	0.03400	0.55833	0.02086	0.07362	0.02585	0.14039	0.00834	0.00550	0.00176	0.00379	0.00697	0.04176	0.00739
38	0.02703	0.02759	0.17891	0.01580	0.10415	0.04822	0.17427	0.05483	0.01254	0.05802	0.01041	0.01227	0.00793	0.00471	0.00496	0.00141	0.00650	0.00434	0.00305	0.24305
39	0.01407	0.00894	0.01170	0.01068	0.09293	0.00747	0.00744	0.01621	0.01215	0.22637	0.04307	0.07057	0.01331	0.04430	0.00581	0.00143	0.00427	0.00517	0.00424	0.39988
40	0.78997	0.01084	0.00835	0.00738	0.01068	0.03285	0.00605	0.05119	0.00991	0.02389	0.00764	0.00881	0.00591	0.00499	0.00341	0.00163	0.00432	0.00297	0.00335	0.00589
41	0.01165	0.01364	0.06334	0.02025	0.05727	0.01214	0.59620	0.01575	0.01240	0.01680	0.03817	0.02920	0.07516	0.00562	0.00615	0.00177	0.00794	0.00671	0.00297	0.00688
42	0.01084	0.00986	0.01586	0.73444	0.03471	0.01214	0.01429	0.07724	0.01178	0.01519	0.00968	0.01398	0.00721	0.00538	0.00529	0.00175	0.00694	0.00470	0.00260	0.00614

[dist]
# distance from previous block
# <min> <max>
5	9

[block]
# block no. 2 follows, 46 sequences, length 42
# corresponding to MSA columns:
# 614-655
name=unknown_C
#
# <colnr> <probs for GDERKNQSTAVLIFYWHMCP>
#	G	D	E	R	K	N	Q	S	T	A	V	L	I	F	Y	W	H	M	C	P
0	0.24504	0.13623	0.37150	0.01152	0.01718	0.01363	0.01302	0.07974	0.01178	0.04302	0.00921	0.01040	0.00683	0.00508	0.00433	0.00158	0.00620	0.00358	0.00291	0.00722
1	0.00822	0.00665	0.00858	0.00850	0.00945	0.04836	0.00647	0.00989	0.00876	0.01211	0.01408	0.02152	0.01346	0.11338	0.67650	0.00779	0.01303	0.00574	0.00286	0.00465
2	0.01264	0.01380	0.01287	0.04226	0.01444	0.28704	0.08802	0.01527	0.05422	0.01529	0.13089	0.11420	0.07290	0.04508	0.01828	0.00194	0.00644	0.04495	0.00385	0.00563
3	0.00856	0.00518	0.00602	0.00581	0.00706	0.00494	0.00436	0.01100	0.01307	0.02031	0.40223	0.03058	0.05371	0.00871	0.00505	0.00146	0.00249	0.00744	0.39708	0.00494
4	0.01165	0.01183	0.01766	0.01470	0.01522	0.01592	0.08476	0.01313	0.00852	0.01313	0.00731	0.01183	0.00705	0.00878	0.01627	0.00226	0.72693	0.00478	0.00235	0.00591
5	0.01041	0.00589	0.00698	0.00644	0.00807	0.00568	0.00492	0.01351	0.05371	0.09843	0.34809	0.02812	0.02940	0.00827	0.00505	0.00149	0.00278	0.00703	0.35018	0.00555
6	0.00813	0.00631	0.00878	0.00846	0.00902	0.00749	0.00633	0.00940	0.00822	0.01177	0.01388	0.02338	0.01404	0.25150	0.47437	0.00672	0.11881	0.00609	0.00287	0.00444
7	0.00763	0.00559	0.00750	0.00783	0.02780	0.00525	0.00578	0.00992	0.01382	0.01920	0.53884	0.13545	0.05940	0.01198	0.00643	0.00184	0.00302	0.12229	0.00546	0.00496
8	0.01013	0.00969	0.01499	0.67260	0.04923	0.04516	0.01357	0.01330	0.01075	0.01356	0.01128	0.09158	0.00979	0.00638	0.00540	0.00178	0.00675	0.00565	0.00262	0.00579
9	0.01692	0.01133	0.01661	0.16274	0.02057	0.01170	0.12307	0.18001	0.04674	0.25079	0.01416	0.01493	0.00985	0.00590	0.00578	0.00165	0.03454	0.00508	0.00447	0.06317
10	0.01456	0.70460	0.05970	0.00961	0.01425	0.02010	0.00960	0.08881	0.01214	0.01466	0.00796	0.00901	0.00700	0.00472	0.00365	0.00120	0.00576	0.00306	0.00256	0.00704
11	0.78263	0.01017	0.00837	0.01997	0.03582	0.01169	0.00620	0.01565	0.00926	0.03597	0.00788	0.00917	0.00609	0.00496	0.00341	0.00163	0.00418	0.00303	0.01806	0.00585
12	0.00644	0.00462	0.00611	0.00731	0.00765	0.00430	0.00489	0.00737	0.01017	0.01351	0.02975	0.79183	0.05350	0.01648	0.00674	0.00214	0.00306	0.01493	0.00491	0.00430
13	0.24785	0.00994	0.01102	0.00881	0.01247	0.01006	0.00724	0.14226	0.01471	0.39090	0.01554	0.01470	0.01045	0.00603	0.00462	0.00159	0.00443	0.00452	0.07508	0.00776
14	0.58021	0.00961	0.00885	0.00752	0.01090	0.01037	0.00618	0.01817	0.01079	0.23176	0.01158	0.01175	0.00816	0.00542	0.00385	0.00161	0.00411	0.00364	0.04894	0.00658
15	0.01131	0.00842	0.00950	0.00842	0.01091	0.00872	0.02777	0.05009	0.28938	0.07456	0.07671	0.02995	0.25212	0.00903	0.00551	0.00169	0.00363	0.00757	0.10813	0.00657
16	0.00883	0.00590	0.00754	0.00695	0.00844	0.00553	0.00523	0.01171	0.04766	0.07424	0.63939	0.03735	0.07086	0.03873	0.00686	0.00179	0.00281	0.00910	0.00573	0.00534
17	0.00925	0.00742	0.00851	0.00803	0.00986	0.00774	0.00607	0.01586	0.28139	0.02001	0.35862	0.10899	0.11643	0.01037	0.00598	0.00177	0.00317	0.00900	0.00548	0.00606
18	0.01527	0.00842	0.00963	0.00833	0.01106	0.00866	0.00658	0.02195	0.27709	0.25594	0.01984	0.01919	0.01431	0.00663	0.00478	0.00155	0.00369	0.00541	0.29430	0.00738
19	0.01404	0.73877	0.02617	0.00921	0.01359	0.02016	0.00898	0.01703	0.08496	0.01338	0.00873	0.00958	0.00770	0.00478	0.00359	0.00120	0.00551	0.00313	0.00257	0.00694
20	0.01295	0.04176	0.13547	0.01725	0.12047	0.01098	0.25589	0.03592	0.01246	0.12011	0.01528	0.14249	0.01363	0.00720	0.00579	0.00177	0.00653	0.03329	0.00361	0.00715
21	0.01111	0.14142	0.67721	0.01420	0.02154	0.01353	0.01802	0.01661	0.01110	0.01612	0.00918	0.01077	0.00671	0.00495	0.00479	0.00160	0.00750	0.00375	0.00224	0.00766
22	0.00755	0.00566	0.00850	0.00850	0.00944	0.00661	0.00661	0.00944	0.00850	0.01227	0.01416	0.02077	0.01322	0.03965	0.79326	0.00850	0.01416	0.00566	0.00283	0.00472
23	0.01096	0.00940	0.01096	0.00783	0.01253	0.00705	0.00626	0.01331	0.01096	0.01723	0.00940	0.01096	0.00783	0.00392	0.00392	0.00078	0.00392	0.00313	0.00313	0.84653
24	0.01591	0.01044	0.05296	0.00916	0.01360	0.00822	0.00785	0.05739	0.03687	0.28960	0.01467	0.01557	0.01076	0.00551	0.00471	0.00126	0.00447	0.03072	0.00453	0.40579
25	0.00998	0.00940	0.01586	0.80150	0.03641	0.01175	0.01468	0.01351	0.01057	0.01351	0.00940	0.01409	0.00705	0.00529	0.00529	0.00176	0.00705	0.00470	0.00235	0.00587
26	0.00985	0.00593	0.00782	0.00705	0.00871	0.00539	0.00539	0.01227	0.01499	0.13235	0.66818	0.03636	0.04453	0.01019	0.00610	0.00166	0.00279	0.00894	0.00592	0.00557
27	0.02372	0.00900	0.01227	0.00941	0.01350	0.00777	0.00777	0.02576	0.01513	0.78489	0.02086	0.01799	0.01309	0.00654	0.00532	0.00164	0.00450	0.00532	0.00654	0.00900
28	0.00767	0.00515	0.00589	0.00585	0.00597	0.00511	0.00338	0.00791	0.00840	0.01132	0.09096	0.03507	0.02221	0.73585	0.02489	0.00479	0.00487	0.00787	0.00346	0.00338
29	0.01726	0.01064	0.01181	0.00968	0.01280	0.06435	0.00773	0.20432	0.05768	0.28245	0.21810	0.04182	0.02205	0.00783	0.00555	0.00163	0.00460	0.00644	0.00567	0.00758
30	0.00662	0.00478	0.00631	0.00741	0.00790	0.00446	0.00513	0.00774	0.01055	0.01398	0.05674	0.68654	0.07480	0.01604	0.00674	0.00213	0.00316	0.06965	0.00494	0.00437
31	0.00847	0.00583	0.02754	0.00797	0.00901	0.00506	0.00596	0.00984	0.01095	0.08913	0.02860	0.59479	0.05976	0.01493	0.00661	0.00210	0.00353	0.10000	0.00499	0.00492
32	0.14542	0.01598	0.01467	0.01230	0.01569	0.25314	0.08229	0.14516	0.15170	0.06476	0.01290	0.01450	0.01002	0.00612	0.00500	0.00161	0.00659	0.03099	0.00401	0.00717
33	0.01325	0.03886	0.02450	0.06581	0.32506	0.04096	0.32349	0.01730	0.04373	0.03872	0.01087	0.01377	0.00851	0.00481	0.00559	0.00166	0.00737	0.00530	0.00285	0.00761
34	0.00743	0.00504	0.00662	0.00741	0.00810	0.00469	0.00522	0.00867	0.01100	0.04459	0.10593	0.57009	0.07347	0.04417	0.00739	0.00219	0.00327	0.07515	0.00500	0.00457
35	0.00751	0.00566	0.00711	0.00795	0.00889	0.00555	0.00590	0.01016	0.08506	0.01492	0.03103	0.48671	0.11989	0.01486	0.00667	0.00213	0.00351	0.16672	0.00495	0.00483
36	0.01257	0.35279	0.44311	0.01236	0.01867	0.01567	0.01474	0.01672	0.01114	0.04502	0.00905	0.01032	0.00698	0.00488	0.00436	0.00145	0.00679	0.00352	0.00241	0.00743
37	0.01190	0.13070	0.38706	0.04939	0.04740	0.01387	0.23586	0.03307	0.01180	0.01646	0.00963	0.01192	0.00722	0.00482	0.00518	0.00163	0.00771	0.00452	0.00245	0.00743
38	0.00763	0.00526	0.00652	0.00655	0.00681	0.00551	0.00417	0.00816	0.00796	0.01087	0.01623	0.04649	0.01789	0.58600	0.23635	0.00599	0.00756	0.00728	0.00314	0.00364
39	0.05212	0.22372	0.07655	0.01062	0.01427	0.09078	0.00954	0.09268	0.09327	0.13195	0.05305	0.01482	0.03151	0.00641	0.00578	0.00156	0.07568	0.00459	0.00388	0.00723
40	0.04090	0.01339	0.07874	0.04761	0.22065	0.05866	0.01153	0.14148	0.12637	0.10108	0.06574	0.04392	0.01350	0.00646	0.00529	0.00164	0.00562	0.00546	0.00416	0.00781
41	0.01429	0.07128	0.30773	0.01532	0.06361	0.01285	0.13726	0.11115	0.03495	0.12405	0.01201	0.01360	0.00878	0.02674	0.00603	0.00174	0.02260	0.00474	0.00342	0.00783

[dist]
# distance from previous block
# <min> <max>
5	14

[block]
# block no. 3 follows, 46 sequences, length 81
# corresponding to MSA columns:
# 674-754
name=unknown_D
#
# <colnr> <probs for GDERKNQSTAVLIFYWHMCP>
#	G	D	E	R	K	N	Q	S	T	A	V	L	I	F	Y	W	H	M	C	P
0	0.01672	0.05682	0.04209	0.01144	0.01528	0.08056	0.04330	0.19600	0.06946	0.16320	0.01278	0.01327	0.00941	0.00597	0.00613	0.00150	0.08499	0.00445	0.00422	0.16238
1	0.01096	0.00995	0.01293	0.03895	0.04567	0.08596	0.12468	0.06492	0.01313	0.03640	0.10095	0.13388	0.15400	0.04599	0.00688	0.00191	0.00522	0.05633	0.02210	0.02918
2	0.01321	0.16762	0.11491	0.03605	0.01516	0.02707	0.00968	0.13195	0.16539	0.03191	0.07752	0.01672	0.04475	0.00627	0.00483	0.00146	0.00514	0.00494	0.00395	0.12146
3	0.00842	0.00555	0.02655	0.00688	0.00721	0.00525	0.00473	0.00787	0.00771	0.01038	0.01361	0.02614	0.01466	0.35649	0.08497	0.36239	0.00569	0.03953	0.00284	0.00313
4	0.03977	0.01026	0.05315	0.00903	0.01341	0.00814	0.00771	0.01940	0.06216	0.32453	0.01484	0.01454	0.01049	0.00618	0.02479	0.00146	0.00464	0.00429	0.00459	0.36663
5	0.01192	0.00971	0.01229	0.00964	0.04032	0.00796	0.04318	0.01529	0.06752	0.06555	0.02616	0.01353	0.02347	0.00467	0.00435	0.00102	0.00425	0.00395	0.00355	0.63167
6	0.00698	0.00495	0.00630	0.00718	0.00792	0.00455	0.00507	0.00816	0.01080	0.02941	0.04318	0.58125	0.16444	0.01541	0.00662	0.00207	0.00315	0.06983	0.01825	0.00448
7	0.12412	0.08441	0.20093	0.01186	0.02783	0.06472	0.05243	0.04741	0.12116	0.11853	0.07347	0.01577	0.01270	0.00610	0.00493	0.00162	0.00581	0.01501	0.00388	0.00732
8	0.01358	0.07461	0.22569	0.01765	0.19193	0.01347	0.06846	0.09363	0.17952	0.04988	0.01293	0.01393	0.00973	0.00554	0.00516	0.00164	0.00626	0.00478	0.00352	0.00810
9	0.01720	0.04712	0.01170	0.00914	0.01211	0.00858	0.00750	0.02013	0.06876	0.42759	0.01933	0.02028	0.03299	0.01356	0.16172	0.00301	0.03411	0.02955	0.04820	0.00743
10	0.00643	0.00488	0.00593	0.00669	0.00751	0.00438	0.00463	0.00756	0.01096	0.01411	0.07196	0.53386	0.27145	0.01529	0.00657	0.00201	0.00292	0.01355	0.00495	0.00438
11	0.01264	0.01008	0.06558	0.06825	0.07131	0.00881	0.11045	0.02642	0.05980	0.17182	0.26643	0.02523	0.06459	0.00774	0.00577	0.00169	0.00487	0.00699	0.00474	0.00681
12	0.01255	0.24663	0.22072	0.06413	0.30255	0.01486	0.03615	0.01611	0.01137	0.01553	0.00907	0.01136	0.00740	0.00476	0.00468	0.00149	0.00661	0.00401	0.00240	0.00760
13	0.00978	0.00602	0.00854	0.00816	0.00941	0.00652	0.00624	0.01146	0.00935	0.11494	0.01546	0.02216	0.01399	0.13486	0.56654	0.00694	0.01137	0.00586	0.02729	0.00510
14	0.01239	0.01409	0.03066	0.04936	0.02793	0.01331	0.73606	0.01681	0.01241	0.01681	0.01065	0.01425	0.00799	0.00449	0.00621	0.00178	0.00885	0.00619	0.00266	0.00709
15	0.04964	0.66387	0.02495	0.00965	0.01385	0.13761	0.00909	0.01662	0.01131	0.01298	0.00747	0.00864	0.00674	0.00468	0.00360	0.00119	0.00618	0.00292	0.00237	0.00664
16	0.01096	0.00940	0.01096	0.00783	0.01253	0.00705	0.00626	0.01331	0.01096	0.01723	0.00940	0.01096	0.00783	0.00392	0.00392	0.00078	0.00392	0.00313	0.00313	0.84653
17	0.01927	0.01085	0.01358	0.01204	0.07987	0.01088	0.00894	0.24084	0.07883	0.36002	0.09284	0.01829	0.01538	0.00680	0.00540	0.00163	0.00482	0.00558	0.00567	0.00849
18	0.01512	0.01515	0.12128	0.02197	0.39347	0.09146	0.01376	0.07711	0.01367	0.12489	0.01368	0.01505	0.04822	0.00566	0.00523	0.00158	0.00635	0.00489	0.00345	0.00800
19	0.02043	0.00822	0.01096	0.00869	0.01211	0.00723	0.00701	0.02229	0.01400	0.62549	0.02182	0.02111	0.05286	0.06889	0.03430	0.00213	0.00470	0.00579	0.04399	0.00799
20	0.01413	0.81739	0.02770	0.00905	0.01357	0.02092	0.00905	0.01583	0.01074	0.01244	0.00735	0.00848	0.00678	0.00452	0.00339	0.00113	0.00565	0.00283	0.00226	0.00678
21	0.01295	0.01241	0.02079	0.05653	0.64281	0.01263	0.05129	0.01734	0.08749	0.01761	0.01111	0.01384	0.00908	0.00496	0.00530	0.00161	0.00623	0.00491	0.00288	0.00823
22	0.00640	0.00529	0.00561	0.00569	0.00727	0.00450	0.00421	0.00781	0.01216	0.01492	0.12627	0.12520	0.62956	0.01344	0.00630	0.00181	0.00270	0.01138	0.00500	0.00450
23	0.01541	0.01110	0.01232	0.01049	0.01359	0.01210	0.00837	0.27906	0.28775	0.10025	0.04168	0.09886	0.03317	0.00835	0.00561	0.00177	0.00462	0.04221	0.00539	0.00789
24	0.01655	0.01105	0.01806	0.10017	0.39878	0.01080	0.04683	0.01939	0.01302	0.29115	0.01382	0.01499	0.00991	0.00541	0.00531	0.00162	0.00584	0.00499	0.00400	0.00829
25	0.00637	0.00536	0.00553	0.00548	0.00722	0.00452	0.00411	0.00782	0.01234	0.01497	0.12558	0.04975	0.70663	0.01313	0.00625	0.00177	0.00266	0.01100	0.00500	0.00452
26	0.01247	0.01410	0.02838	0.12738	0.02831	0.04846	0.62681	0.01666	0.01233	0.01629	0.01041	0.01402	0.00783	0.00461	0.00604	0.00176	0.00869	0.00590	0.00263	0.00691
27	0.04346	0.01324	0.01925	0.14147	0.40675	0.05641	0.05724	0.16255	0.01441	0.01981	0.01026	0.01287	0.00810	0.00515	0.00522	0.00161	0.00656	0.00467	0.00313	0.00783
28	0.01296	0.38063	0.29786	0.01434	0.09395	0.05383	0.04766	0.01650	0.01130	0.01468	0.00856	0.01021	0.00697	0.00476	0.00435	0.00141	0.00682	0.00358	0.00233	0.00729
29	0.00644	0.00460	0.00613	0.00736	0.00767	0.00429	0.00491	0.00736	0.01012	0.01350	0.02914	0.81076	0.03497	0.01656	0.00675	0.00215	0.00307	0.01503	0.00491	0.00429
30	0.01437	0.78388	0.02716	0.00924	0.01369	0.05357	0.00910	0.01605	0.01092	0.01246	0.00738	0.00852	0.00679	0.00456	0.00345	0.00114	0.00582	0.00285	0.00228	0.00676
31	0.01241	0.21510	0.48632	0.01504	0.09549	0.01414	0.01605	0.01696	0.01136	0.05710	0.00963	0.01107	0.00723	0.00495	0.00467	0.00153	0.00696	0.00380	0.00251	0.00768
32	0.01315	0.01136	0.01195	0.01076	0.01375	0.01315	0.00837	0.02809	0.77168	0.02211	0.02152	0.01972	0.01614	0.00717	0.00538	0.00179	0.00418	0.00598	0.00538	0.00837
33	0.01274	0.01119	0.01364	0.05261	0.15050	0.01260	0.01007	0.02437	0.55974	0.02050	0.01923	0.02043	0.01510	0.00705	0.00545	0.00179	0.00473	0.04550	0.00472	0.00806
34	0.01610	0.14908	0.27450	0.01284	0.01829	0.04193	0.09470	0.02005	0.03432	0.26753	0.01328	0.01348	0.00922	0.00545	0.00498	0.00158	0.00646	0.00449	0.00380	0.00791
35	0.00836	0.00632	0.00743	0.00681	0.00851	0.00596	0.00520	0.08414	0.01507	0.02032	0.48394	0.04026	0.26553	0.01114	0.00614	0.00169	0.00288	0.00956	0.00549	0.00523
36	0.00655	0.00468	0.00626	0.00749	0.00784	0.00439	0.00510	0.00755	0.01023	0.01362	0.02908	0.77033	0.03472	0.01646	0.00678	0.00216	0.00316	0.05435	0.00491	0.00432
37	0.01406	0.01245	0.01511	0.05302	0.01532	0.05009	0.01055	0.24265	0.01435	0.01992	0.08554	0.01472	0.01183	0.00814	0.01137	0.00195	0.40352	0.00511	0.00359	0.00671
38	0.01294	0.01381	0.05405	0.09356	0.51887	0.05019	0.14625	0.01638	0.01210	0.01667	0.00993	0.01312	0.00806	0.00476	0.00538	0.00162	0.00702	0.00488	0.00259	0.00782
39	0.01315	0.01136	0.01195	0.01076	0.01375	0.01315	0.00837	0.02809	0.77168	0.02211	0.02152	0.01972	0.01614	0.00717	0.00538	0.00179	0.00418	0.00598	0.00538	0.00837
40	0.00631	0.00533	0.00545	0.00547	0.00719	0.00448	0.00409	0.00768	0.01211	0.01454	0.08277	0.07495	0.72487	0.01338	0.00626	0.00179	0.00268	0.01122	0.00495	0.00448
41	0.01367	0.71427	0.12679	0.00983	0.01478	0.01979	0.01041	0.01595	0.01080	0.01300	0.00763	0.00883	0.00677	0.00459	0.00360	0.00120	0.00594	0.00297	0.00226	0.00692
42	0.01917	0.14028	0.01711	0.01226	0.01584	0.37333	0.00989	0.28347	0.01785	0.04788	0.01011	0.01080	0.00780	0.00567	0.00476	0.00142	0.00745	0.00387	0.00370	0.00734
43	0.00766	0.00562	0.00721	0.00694	0.00817	0.00533	0.00515	0.01062	0.05324	0.02040	0.65711	0.12340	0.04651	0.01125	0.00625	0.00172	0.00264	0.00998	0.00570	0.00509
44	0.00644	0.00460	0.00613	0.00736	0.00767	0.00429	0.00491	0.00736	0.01012	0.01350	0.02914	0.81076	0.03497	0.01656	0.00675	0.00215	0.00307	0.01503	0.00491	0.00429
45	0.01106	0.04909	0.57829	0.01745	0.13635	0.01236	0.05376	0.01627	0.01120	0.01642	0.00984	0.01248	0.00753	0.03842	0.00597	0.00179	0.00745	0.00426	0.00235	0.00764
46	0.00998	0.00940	0.01586	0.80150	0.03641	0.01175	0.01468	0.01351	0.01057	0.01351	0.00940	0.01409	0.00705	0.00529	0.00529	0.00176	0.00705	0.00470	0.00235	0.00587
47	0.80639	0.01044	0.00903	0.00778	0.01116	0.01194	0.04643	0.01562	0.00918	0.02335	0.00754	0.00889	0.00585	0.00488	0.00343	0.00164	0.00435	0.00304	0.00324	0.00580
48	0.00976	0.01987	0.51196	0.01228	0.01786	0.01008	0.01455	0.01518	0.04677	0.01836	0.24648	0.02026	0.02040	0.00690	0.00541	0.00168	0.00601	0.00574	0.00348	0.00697
49	0.01369	0.01185	0.02012	0.06365	0.60023	0.01175	0.05306	0.01673	0.01230	0.09323	0.01285	0.01524	0.04066	0.00526	0.00534	0.00161	0.00612	0.00512	0.00309	0.00810
50	0.00644	0.00460	0.00613	0.00736	0.00767	0.00429	0.00491	0.00736	0.01012	0.01350	0.02914	0.81076	0.03497	0.01656	0.00675	0.00215	0.00307	0.01503	0.00491	0.00429
51	0.01361	0.70086	0.13968	0.00993	0.01494	0.01964	0.01059	0.01596	0.01080	0.01307	0.00766	0.00888	0.00677	0.00460	0.00363	0.00121	0.00597	0.00299	0.00226	0.00694
52	0.01463	0.35334	0.11483	0.01511	0.13377	0.12524	0.05914	0.07200	0.03731	0.01589	0.00918	0.01069	0.00756	0.00496	0.00444	0.00139	0.00672	0.00378	0.00273	0.00729
53	0.00644	0.00460	0.00613	0.00736	0.00767	0.00429	0.00491	0.00736	0.01012	0.01350	0.02914	0.81076	0.03497	0.01656	0.00675	0.00215	0.00307	0.01503	0.00491	0.00429
54	0.00805	0.00600	0.00755	0.00706	0.00848	0.00580	0.00532	0.01178	0.09016	0.02129	0.70323	0.03753	0.04653	0.01045	0.00615	0.00168	0.00266	0.00920	0.00578	0.00532
55	0.05226	0.09056	0.38476	0.01323	0.01910	0.02612	0.04544	0.17704	0.05333	0.07231	0.01130	0.01214	0.00812	0.00545	0.00494	0.00161	0.00669	0.00424	0.00341	0.00793
56	0.01150	0.01260	0.09458	0.36119	0.34338	0.01221	0.01547	0.01574	0.05220	0.01586	0.01029	0.01369	0.00805	0.00512	0.00524	0.00168	0.00665	0.00469	0.00261	0.00724
57	0.02010	0.01481	0.01587	0.01216	0.01639	0.01639	0.01005	0.76360	0.02486	0.03332	0.01269	0.01269	0.00899	0.00635	0.00529	0.00159	0.00582	0.00476	0.00529	0.00899
58	0.05535	0.22593	0.06417	0.01681	0.13342	0.15516	0.19091	0.01780	0.01235	0.06658	0.00970	0.01153	0.00769	0.00488	0.00481	0.00148	0.00719	0.00426	0.00283	0.00714
59	0.01393	0.70005	0.08480	0.00965	0.01435	0.01977	0.00983	0.03096	0.05007	0.01367	0.00834	0.00934	0.00730	0.00473	0.00366	0.00122	0.00575	0.00311	0.00248	0.00699
60	0.00644	0.00460	0.00613	0.00736	0.00767	0.00429	0.00491	0.00736	0.01012	0.01350	0.02914	0.81076	0.03497	0.01656	0.00675	0.00215	0.00307	0.01503	0.00491	0.00429
61	0.02010	0.01481	0.01587	0.01216	0.01639	0.01639	0.01005	0.76360	0.02486	0.03332	0.01269	0.01269	0.00899	0.00635	0.00529	0.00159	0.00582	0.00476	0.00529	0.00899
62	0.01458	0.04952	0.09171	0.10491	0.10728	0.02490	0.01133	0.24889	0.05698	0.07279	0.05460	0.02005	0.04472	0.00706	0.00542	0.00169	0.00571	0.06612	0.00422	0.00753
63	0.01254	0.01397	0.02928	0.02114	0.02625	0.01335	0.68714	0.01804	0.08792	0.01745	0.01177	0.01480	0.00883	0.00473	0.00615	0.00178	0.00844	0.00621	0.00294	0.00725
64	0.02010	0.01481	0.01587	0.01216	0.01639	0.01639	0.01005	0.76360	0.02486	0.03332	0.01269	0.01269	0.00899	0.00635	0.00529	0.00159	0.00582	0.00476	0.00529	0.00899
65	0.01272	0.01240	0.02180	0.10792	0.63738	0.01255	0.08519	0.01602	0.01193	0.01687	0.00996	0.01329	0.00821	0.00474	0.00533	0.00161	0.00660	0.00485	0.00260	0.00801
66	0.00966	0.00675	0.00944	0.01072	0.08639	0.00656	0.00763	0.01247	0.04442	0.07328	0.26264	0.14336	0.03313	0.01179	0.00646	0.00198	0.00397	0.25862	0.00509	0.00562
67	0.00769	0.00513	0.00577	0.00577	0.00577	0.00513	0.00320	0.00769	0.00769	0.01025	0.01666	0.03460	0.01922	0.81421	0.02691	0.00513	0.00513	0.00769	0.00320	0.00320
68	0.00755	0.00566	0.00850	0.00850	0.00944	0.00661	0.00661	0.00944	0.00850	0.01227	0.01416	0.02077	0.01322	0.03965	0.79326	0.00850	0.01416	0.00566	0.00283	0.00472
69	0.01281	0.01185	0.01856	0.06390	0.55637	0.01233	0.01403	0.01836	0.16725	0.01818	0.01259	0.01476	0.01011	0.00530	0.00520	0.00161	0.00573	0.00498	0.03797	0.00811
70	0.01257	0.01410	0.06272	0.05946	0.02479	0.01341	0.51716	0.04240	0.12883	0.01790	0.01214	0.01478	0.00914	0.00520	0.00643	0.00179	0.04087	0.00589	0.00312	0.00729
71	0.02372	0.00900	0.01227	0.00941	0.01350	0.00777	0.00777	0.02576	0.01513	0.78489	0.02086	0.01799	0.01309	0.00654	0.00532	0.00164	0.00450	0.00532	0.00654	0.00900
72	0.01329	0.01134	0.01900	0.24173	0.50004	0.01186	0.01496	0.01642	0.01194	0.09251	0.01088	0.01385	0.00848	0.00505	0.00526	0.00163	0.00631	0.00477	0.00293	0.00775
73	0.01373	0.01222	0.02018	0.09902	0.63401	0.01245	0.01532	0.05669	0.01275	0.05717	0.01060	0.01341	0.00853	0.00494	0.00525	0.00159	0.00623	0.00474	0.00294	0.00822
74	0.01336	0.01102	0.01204	0.01082	0.01362	0.01273	0.00852	0.02638	0.65977	0.05804	0.02099	0.02101	0.01614	0.00759	0.00611	0.00184	0.04730	0.03937	0.00525	0.00810
75	0.01919	0.10391	0.01625	0.01316	0.01607	0.71627	0.01010	0.02059	0.01456	0.01289	0.00809	0.00943	0.00681	0.00536	0.00463	0.00134	0.00915	0.00335	0.00268	0.00619
76	0.03439	0.01451	0.01643	0.01253	0.01680	0.01587	0.05037	0.68646	0.02360	0.05655	0.01276	0.01288	0.00901	0.00623	0.00531	0.00160	0.00591	0.00482	0.00515	0.00883
77	0.00985	0.00493	0.00493	0.00493	0.00616	0.00493	0.00370	0.01232	0.01109	0.01971	0.01725	0.01971	0.01355	0.00616	0.00370	0.00123	0.00246	0.00493	0.84356	0.00493
78	0.00985	0.00493	0.00493	0.00493	0.00616	0.00493	0.00370	0.01232	0.01109	0.01971	0.01725	0.01971	0.01355	0.00616	0.00370	0.00123	0.00246	0.00493	0.84356	0.00493
79	0.01168	0.00760	0.00917	0.00804	0.01025	0.00753	0.00625	0.07615	0.13032	0.13448	0.43867	0.03194	0.08732	0.00945	0.00589	0.00168	0.00333	0.00811	0.00575	0.00638
80	0.00696	0.00531	0.00639	0.00627	0.00762	0.00474	0.00465	0.00892	0.01352	0.01812	0.46096	0.11512	0.29775	0.01223	0.00629	0.00175	0.00261	0.01062	0.00542	0.00474

[dist]
# distance from previous block
# <min> <max>
0	207

# created by:
# /home/berkeley/.conda/envs/busco_data_prod/bin/msa2prfl.pl pipeline/OGs_align_augustus/33634/155142.fs
