[name]
unknown

[dist]
# distance from previous block
# <min> <max>
0	195

[block]
# block no. 0 follows, 47 sequences, length 44
# corresponding to MSA columns:
# 227-270
name=unknown_A
#
# <colnr> <probs for GDERKNQSTAVLIFYWHMCP>
#	G	D	E	R	K	N	Q	S	T	A	V	L	I	F	Y	W	H	M	C	P
0	0.00808	0.00590	0.00796	0.00900	0.01027	0.00577	0.00778	0.01033	0.01197	0.01538	0.03104	0.05755	0.13365	0.01422	0.00705	0.00231	0.00450	0.64769	0.00480	0.00474
1	0.01849	0.01019	0.01450	0.01237	0.06414	0.00983	0.08677	0.09116	0.11648	0.42041	0.04763	0.01958	0.01432	0.00673	0.00546	0.00168	0.00501	0.04162	0.00543	0.00820
2	0.16687	0.17818	0.01588	0.01099	0.06962	0.01207	0.03352	0.05251	0.03116	0.35902	0.01398	0.01348	0.00971	0.00555	0.00451	0.00151	0.00492	0.00428	0.00451	0.00772
3	0.02336	0.00886	0.01209	0.00927	0.01329	0.00765	0.00765	0.02538	0.01491	0.78810	0.02055	0.01773	0.01289	0.00645	0.00524	0.00161	0.00443	0.00524	0.00645	0.00886
4	0.00819	0.00514	0.00612	0.00589	0.00700	0.00491	0.00432	0.01042	0.01279	0.01941	0.45043	0.03178	0.03414	0.08162	0.00712	0.00180	0.00268	0.00769	0.29383	0.00473
5	0.01370	0.01305	0.06668	0.21118	0.22512	0.03803	0.04827	0.15114	0.10324	0.04801	0.01245	0.01437	0.02017	0.00557	0.00523	0.00164	0.00625	0.00488	0.00346	0.00756
6	0.01156	0.00975	0.01056	0.00958	0.01211	0.01097	0.00741	0.02324	0.58840	0.02142	0.19261	0.02444	0.03941	0.00800	0.00551	0.00174	0.00372	0.00679	0.00539	0.00741
7	0.00625	0.00491	0.00566	0.00626	0.00729	0.00431	0.00439	0.00736	0.01093	0.01368	0.04079	0.42988	0.41035	0.01474	0.00640	0.00194	0.00283	0.01289	0.00484	0.00431
8	0.00634	0.00453	0.00604	0.00725	0.00755	0.00423	0.00483	0.00725	0.00997	0.01329	0.02870	0.81358	0.03444	0.01632	0.00665	0.00211	0.00302	0.01480	0.00483	0.00423
9	0.01120	0.05771	0.59591	0.05906	0.02195	0.04553	0.03361	0.01744	0.07851	0.01645	0.01027	0.01179	0.00747	0.00513	0.00494	0.00163	0.00734	0.00406	0.00251	0.00751
10	0.01117	0.00800	0.10301	0.00654	0.00884	0.00603	0.00598	0.01401	0.01133	0.09631	0.01640	0.01820	0.01246	0.00597	0.00396	0.00131	0.00328	0.00477	0.65683	0.00561
11	0.00664	0.00521	0.00607	0.00653	0.00780	0.00464	0.00493	0.00810	0.01162	0.01459	0.09317	0.23843	0.43002	0.01397	0.00644	0.00194	0.00306	0.12752	0.00489	0.00445
12	0.85377	0.01007	0.00765	0.00685	0.01007	0.01168	0.00564	0.01531	0.00886	0.02336	0.00725	0.00846	0.00564	0.00483	0.00322	0.00161	0.00403	0.00282	0.00322	0.00564
13	0.01045	0.02694	0.79000	0.01484	0.02254	0.01209	0.01924	0.01649	0.01099	0.01649	0.00935	0.01099	0.00660	0.00495	0.00495	0.00165	0.00770	0.00385	0.00220	0.00770
14	0.01410	0.79436	0.02688	0.00906	0.01345	0.04572	0.00895	0.01576	0.01072	0.01227	0.00727	0.00839	0.00668	0.00448	0.00339	0.00112	0.00569	0.00280	0.00224	0.00666
15	0.01032	0.00861	0.01035	0.05421	0.01281	0.00752	0.00664	0.02887	0.09050	0.01851	0.19665	0.01867	0.01851	0.00595	0.00466	0.00115	0.00376	0.00502	0.00395	0.49332
16	0.05013	0.14720	0.13324	0.02393	0.02689	0.12976	0.04630	0.10224	0.20447	0.03886	0.01231	0.01291	0.00943	0.00576	0.00519	0.00156	0.03452	0.00436	0.00357	0.00737
17	0.00983	0.00926	0.01562	0.80447	0.03587	0.01157	0.01446	0.01331	0.01041	0.01331	0.00926	0.01388	0.00694	0.00521	0.00521	0.00174	0.00694	0.00463	0.00231	0.00579
18	0.01063	0.06442	0.70760	0.01414	0.02150	0.01221	0.01798	0.01625	0.01096	0.01631	0.00924	0.01086	0.00667	0.00486	0.00481	0.00157	0.00737	0.00375	0.00225	0.05663
19	0.85377	0.01007	0.00765	0.00685	0.01007	0.01168	0.00564	0.01531	0.00886	0.02336	0.00725	0.00846	0.00564	0.00483	0.00322	0.00161	0.00403	0.00282	0.00322	0.00564
20	0.00634	0.00457	0.00601	0.00716	0.00753	0.00424	0.00479	0.00726	0.01006	0.01333	0.02987	0.77652	0.07075	0.01616	0.00662	0.00210	0.00300	0.01462	0.00483	0.00424
21	0.00916	0.00737	0.01204	0.08644	0.06567	0.00716	0.11257	0.01158	0.01246	0.05433	0.28364	0.22470	0.05542	0.01023	0.00609	0.00180	0.00431	0.02501	0.00452	0.00552
22	0.01313	0.04641	0.02122	0.08109	0.61643	0.01274	0.05886	0.04104	0.01221	0.03263	0.01000	0.01292	0.00819	0.00475	0.00514	0.00156	0.00631	0.00466	0.00271	0.00798
23	0.01295	0.01119	0.01178	0.01060	0.01354	0.01295	0.00824	0.02767	0.77509	0.02178	0.02120	0.01943	0.01590	0.00707	0.00530	0.00177	0.00412	0.00589	0.00530	0.00824
24	0.01080	0.00926	0.01080	0.00771	0.01234	0.00694	0.00617	0.01311	0.01080	0.01697	0.00926	0.01080	0.00771	0.00386	0.00386	0.00077	0.00386	0.00309	0.00309	0.84882
25	0.00995	0.03188	0.09952	0.07591	0.10867	0.00881	0.01052	0.06967	0.01222	0.01643	0.01997	0.16217	0.02084	0.01153	0.02892	0.00218	0.00553	0.29545	0.00394	0.00589
26	0.00983	0.00926	0.01562	0.80447	0.03587	0.01157	0.01446	0.01331	0.01041	0.01331	0.00926	0.01388	0.00694	0.00521	0.00521	0.00174	0.00694	0.00463	0.00231	0.00579
27	0.00979	0.00579	0.00817	0.00870	0.00979	0.00566	0.00712	0.01086	0.01079	0.08326	0.02221	0.08790	0.02328	0.01474	0.01039	0.22140	0.00459	0.44682	0.00429	0.00447
28	0.02297	0.00895	0.01207	0.00932	0.01330	0.00786	0.00768	0.02547	0.04399	0.75879	0.02057	0.01779	0.01301	0.00647	0.00524	0.00162	0.00442	0.00526	0.00640	0.00884
29	0.01243	0.01426	0.11627	0.05097	0.58258	0.01241	0.10246	0.01605	0.01176	0.01680	0.00981	0.01282	0.00797	0.00467	0.00525	0.00159	0.00669	0.00472	0.00253	0.00797
30	0.02102	0.00827	0.01125	0.00899	0.01250	0.00718	0.00727	0.02288	0.01423	0.68134	0.02167	0.12739	0.01586	0.00781	0.00543	0.00168	0.00424	0.00656	0.00622	0.00822
31	0.00657	0.00469	0.00630	0.00751	0.00791	0.00442	0.00523	0.00764	0.01019	0.01355	0.02858	0.73040	0.03395	0.01610	0.00671	0.00215	0.00322	0.09576	0.00483	0.00429
32	0.00731	0.00509	0.00686	0.00799	0.02901	0.00475	0.00543	0.00858	0.01086	0.04014	0.10443	0.61190	0.06210	0.01486	0.00652	0.00204	0.00319	0.05941	0.00491	0.00460
33	0.00919	0.11266	0.07712	0.00811	0.00986	0.00832	0.00681	0.01067	0.00881	0.03946	0.01358	0.02228	0.01346	0.28286	0.32569	0.02893	0.00883	0.00568	0.00290	0.00477
34	0.01127	0.00948	0.00780	0.00779	0.00918	0.18063	0.00593	0.01318	0.01166	0.01621	0.01755	0.07599	0.01651	0.06605	0.00632	0.00178	0.00461	0.13470	0.39840	0.00494
35	0.01270	0.01068	0.01123	0.01014	0.01295	0.01231	0.00788	0.02644	0.71445	0.02160	0.02086	0.01943	0.01569	0.00699	0.00517	0.00172	0.00399	0.00581	0.07200	0.00797
36	0.01374	0.01258	0.02179	0.07213	0.43674	0.01275	0.18010	0.09183	0.01318	0.05562	0.01064	0.01336	0.00834	0.00499	0.00572	0.00163	0.02899	0.00500	0.00302	0.00785
37	0.85377	0.01007	0.00765	0.00685	0.01007	0.01168	0.00564	0.01531	0.00886	0.02336	0.00725	0.00846	0.00564	0.00483	0.00322	0.00161	0.00403	0.00282	0.00322	0.00564
38	0.00744	0.00558	0.00837	0.00837	0.00930	0.00651	0.00651	0.00930	0.00837	0.01209	0.01395	0.02046	0.01302	0.03906	0.79635	0.00837	0.01395	0.00558	0.00279	0.00465
39	0.15048	0.04718	0.09464	0.03634	0.01546	0.01184	0.05077	0.16925	0.09248	0.21490	0.01404	0.01404	0.00987	0.00580	0.00477	0.00159	0.00520	0.00457	0.04913	0.00766
40	0.01195	0.01316	0.02774	0.06776	0.09780	0.01259	0.61233	0.01603	0.01208	0.01640	0.01130	0.03424	0.00913	0.00502	0.00604	0.00176	0.00818	0.02682	0.00272	0.00694
41	0.01486	0.07503	0.05798	0.13294	0.03272	0.06583	0.05002	0.24414	0.23178	0.02185	0.01346	0.01416	0.01007	0.00593	0.00509	0.00161	0.00596	0.00482	0.00406	0.00770
42	0.00845	0.00557	0.00721	0.00732	0.00860	0.00494	0.00521	0.00986	0.01114	0.07632	0.12989	0.52841	0.03106	0.01301	0.00606	0.00183	0.00315	0.01166	0.02178	0.10852
43	0.04581	0.08711	0.27182	0.06376	0.04054	0.01290	0.09729	0.12733	0.05405	0.13186	0.01195	0.01290	0.00852	0.00537	0.00500	0.00160	0.00645	0.00448	0.00353	0.00772

[dist]
# distance from previous block
# <min> <max>
0	3

[block]
# block no. 1 follows, 47 sequences, length 11
# corresponding to MSA columns:
# 274-284
name=unknown_B
#
# <colnr> <probs for GDERKNQSTAVLIFYWHMCP>
#	G	D	E	R	K	N	Q	S	T	A	V	L	I	F	Y	W	H	M	C	P
0	0.04463	0.29236	0.32000	0.01323	0.05588	0.01513	0.05471	0.04986	0.05394	0.04070	0.00979	0.01101	0.00756	0.00495	0.00445	0.00147	0.00643	0.00381	0.00273	0.00738
1	0.00709	0.00527	0.00659	0.00635	0.00763	0.00478	0.00473	0.00924	0.01394	0.01919	0.60344	0.08392	0.18570	0.01144	0.00617	0.00169	0.00252	0.01001	0.00551	0.00478
2	0.00765	0.00591	0.00710	0.00735	0.00851	0.00584	0.00529	0.01124	0.13512	0.01672	0.22388	0.38636	0.13324	0.01296	0.00623	0.00189	0.00300	0.01148	0.00514	0.00508
3	0.12459	0.02320	0.10852	0.01275	0.01612	0.60047	0.01062	0.01957	0.01355	0.01455	0.00811	0.00947	0.00656	0.00525	0.00454	0.00141	0.00850	0.00335	0.00269	0.00619
4	0.17215	0.17046	0.27065	0.01191	0.01682	0.09094	0.03628	0.10801	0.01244	0.01845	0.00874	0.01016	0.00677	0.00520	0.00489	0.00153	0.04116	0.00361	0.00283	0.00699
5	0.09776	0.00897	0.01169	0.00905	0.01301	0.00801	0.00747	0.02448	0.01436	0.71959	0.01935	0.01690	0.01224	0.00630	0.00506	0.00161	0.00440	0.00502	0.00616	0.00857
6	0.00700	0.00522	0.00652	0.00638	0.00760	0.00473	0.00471	0.00905	0.01359	0.01861	0.54551	0.13572	0.19247	0.01184	0.00621	0.00172	0.00256	0.01039	0.00545	0.00473
7	0.00757	0.00505	0.00568	0.00568	0.00568	0.00505	0.00316	0.00757	0.00757	0.01010	0.01641	0.03408	0.01893	0.81698	0.02651	0.00505	0.00505	0.00757	0.00316	0.00316
8	0.01218	0.11783	0.41562	0.01244	0.01790	0.01299	0.01398	0.08867	0.09267	0.04160	0.08007	0.01442	0.01181	0.00596	0.00543	0.00161	0.03952	0.00458	0.00326	0.00744
9	0.01086	0.09262	0.59881	0.01310	0.01959	0.01179	0.01616	0.01593	0.01156	0.04565	0.10390	0.01443	0.01204	0.00566	0.00496	0.00160	0.00675	0.00449	0.00279	0.00731
10	0.05735	0.49045	0.11586	0.01019	0.01453	0.07430	0.01010	0.01702	0.02840	0.08110	0.00901	0.00999	0.00738	0.00509	0.00460	0.00134	0.05033	0.00334	0.00275	0.00688

[dist]
# distance from previous block
# <min> <max>
1	4

[block]
# block no. 2 follows, 47 sequences, length 35
# corresponding to MSA columns:
# 289-323
name=unknown_C
#
# <colnr> <probs for GDERKNQSTAVLIFYWHMCP>
#	G	D	E	R	K	N	Q	S	T	A	V	L	I	F	Y	W	H	M	C	P
0	0.10919	0.27743	0.06770	0.03802	0.06579	0.03516	0.01040	0.21647	0.01403	0.01966	0.00899	0.01048	0.00727	0.00557	0.00563	0.00150	0.09262	0.00375	0.00318	0.00716
1	0.06557	0.14454	0.59920	0.01367	0.02051	0.01338	0.04202	0.01629	0.01084	0.01631	0.00893	0.01054	0.00659	0.00485	0.00464	0.00157	0.00718	0.00370	0.00228	0.00739
2	0.00824	0.00595	0.00819	0.00931	0.01054	0.00589	0.00810	0.01057	0.01198	0.01549	0.02923	0.05818	0.07938	0.01431	0.00712	0.00236	0.00465	0.70096	0.00480	0.00477
3	0.00718	0.00532	0.00669	0.00635	0.00766	0.00483	0.00476	0.00945	0.01429	0.01980	0.66594	0.04068	0.16562	0.01105	0.00614	0.00166	0.00249	0.00967	0.00559	0.00483
4	0.00667	0.00521	0.00605	0.00602	0.00740	0.00459	0.00444	0.00841	0.01283	0.01676	0.34755	0.13028	0.40017	0.01250	0.00620	0.00175	0.00261	0.01077	0.00520	0.00459
5	0.00737	0.00532	0.00696	0.00655	0.00778	0.00491	0.00491	0.00983	0.01474	0.02088	0.78175	0.03890	0.04914	0.01065	0.00614	0.00164	0.00246	0.00942	0.00573	0.00491
6	0.01100	0.01045	0.01773	0.50861	0.32258	0.01188	0.01504	0.01433	0.01097	0.01473	0.00946	0.01350	0.00744	0.00499	0.00519	0.00166	0.00665	0.00463	0.00242	0.00673
7	0.01471	0.70670	0.02550	0.00955	0.01376	0.13120	0.00907	0.01634	0.01118	0.01232	0.00736	0.00850	0.00669	0.00459	0.00353	0.00115	0.00611	0.00287	0.00229	0.00659
8	0.00615	0.00528	0.00528	0.00528	0.00703	0.00440	0.00396	0.00747	0.01187	0.01407	0.05276	0.05012	0.78238	0.01319	0.00615	0.00176	0.00264	0.01099	0.00484	0.00440
9	0.01433	0.44360	0.16145	0.01139	0.04082	0.03673	0.03636	0.05027	0.01191	0.08802	0.00945	0.01041	0.00750	0.00481	0.00411	0.00130	0.00598	0.00350	0.00284	0.05521
10	0.00653	0.00497	0.00593	0.00652	0.00744	0.00448	0.00461	0.00770	0.01090	0.01394	0.08030	0.39640	0.30720	0.06652	0.00775	0.00216	0.00308	0.05450	0.00478	0.00429
11	0.00954	0.00843	0.01158	0.01044	0.01117	0.02895	0.02711	0.02909	0.00878	0.01264	0.01151	0.01832	0.01120	0.11931	0.37510	0.00535	0.28835	0.00540	0.00271	0.00503
12	0.01980	0.01459	0.01563	0.01198	0.01615	0.01615	0.00990	0.76713	0.02448	0.03282	0.01250	0.01250	0.00886	0.00625	0.00521	0.00156	0.00573	0.00469	0.00521	0.00886
13	0.00736	0.00526	0.00721	0.00841	0.00916	0.00510	0.00660	0.00900	0.01097	0.01443	0.02814	0.43969	0.03223	0.01536	0.00692	0.00225	0.00390	0.37870	0.00481	0.00451
14	0.00971	0.00485	0.00485	0.00485	0.00607	0.00485	0.00364	0.01213	0.01092	0.01942	0.01699	0.01942	0.01335	0.00607	0.00364	0.00121	0.00243	0.00485	0.84589	0.00485
15	0.01045	0.02694	0.79000	0.01484	0.02254	0.01209	0.01924	0.01649	0.01099	0.01649	0.00935	0.01099	0.00660	0.00495	0.00495	0.00165	0.00770	0.00385	0.00220	0.00770
16	0.01139	0.01139	0.01595	0.01367	0.01367	0.01595	0.01139	0.01253	0.00798	0.01253	0.00684	0.01139	0.00684	0.00911	0.01709	0.00228	0.80745	0.00456	0.00228	0.00570
17	0.01139	0.01139	0.01595	0.01367	0.01367	0.01595	0.01139	0.01253	0.00798	0.01253	0.00684	0.01139	0.00684	0.00911	0.01709	0.00228	0.80745	0.00456	0.00228	0.00570
18	0.00781	0.00564	0.00764	0.00845	0.00958	0.00547	0.00701	0.00997	0.01227	0.01623	0.17383	0.14483	0.08238	0.01382	0.00686	0.00218	0.00400	0.47232	0.00498	0.00472
19	0.00719	0.00518	0.00680	0.00668	0.00774	0.00479	0.00490	0.00937	0.01390	0.01954	0.64878	0.17569	0.04654	0.01165	0.00623	0.00172	0.00256	0.01037	0.00557	0.00479
20	0.01080	0.00926	0.01080	0.00771	0.01234	0.00694	0.00617	0.01311	0.01080	0.01697	0.00926	0.01080	0.00771	0.00386	0.00386	0.00077	0.00386	0.00309	0.00309	0.84882
21	0.00757	0.00505	0.00568	0.00568	0.00568	0.00505	0.00316	0.00757	0.00757	0.01010	0.01641	0.03408	0.01893	0.81698	0.02651	0.00505	0.00505	0.00757	0.00316	0.00316
22	0.01206	0.00927	0.01094	0.01021	0.03580	0.01034	0.00767	0.03851	0.38159	0.08237	0.12254	0.04347	0.04381	0.03817	0.07708	0.00246	0.05526	0.00658	0.00485	0.00698
23	0.85377	0.01007	0.00765	0.00685	0.01007	0.01168	0.00564	0.01531	0.00886	0.02336	0.00725	0.00846	0.00564	0.00483	0.00322	0.00161	0.00403	0.00282	0.00322	0.00564
24	0.01214	0.01161	0.01994	0.14192	0.60827	0.01189	0.04213	0.01530	0.01182	0.01667	0.05029	0.01444	0.01020	0.00503	0.00525	0.00159	0.00619	0.00494	0.00271	0.00767
25	0.00905	0.00560	0.00697	0.00643	0.00800	0.00510	0.00489	0.01132	0.01390	0.09376	0.51701	0.03581	0.13537	0.00998	0.00574	0.00160	0.00267	0.00863	0.11293	0.00522
26	0.01139	0.01139	0.01595	0.01367	0.01367	0.01595	0.01139	0.01253	0.00798	0.01253	0.00684	0.01139	0.00684	0.00911	0.01709	0.00228	0.80745	0.00456	0.00228	0.00570
27	0.00635	0.00528	0.00554	0.00548	0.00715	0.00448	0.00411	0.00785	0.01233	0.01515	0.16896	0.04833	0.66550	0.01278	0.00615	0.00174	0.00261	0.01074	0.00498	0.00448
28	0.63531	0.00975	0.00882	0.00748	0.01092	0.01062	0.00617	0.01796	0.01045	0.22455	0.01075	0.01090	0.00755	0.00526	0.00375	0.00161	0.00413	0.00346	0.00407	0.00649
29	0.00744	0.00558	0.00837	0.00837	0.00930	0.00651	0.00651	0.00930	0.00837	0.01209	0.01395	0.02046	0.01302	0.03906	0.79635	0.00837	0.01395	0.00558	0.00279	0.00465
30	0.00623	0.00523	0.00542	0.00547	0.00711	0.00441	0.00407	0.00759	0.01190	0.01439	0.09060	0.09889	0.69438	0.01325	0.00619	0.00178	0.00265	0.01115	0.00488	0.00441
31	0.01080	0.00926	0.01080	0.00771	0.01234	0.00694	0.00617	0.01311	0.01080	0.01697	0.00926	0.01080	0.00771	0.00386	0.00386	0.00077	0.00386	0.00309	0.00309	0.84882
32	0.07046	0.01895	0.01537	0.20012	0.08486	0.47950	0.02714	0.01820	0.01306	0.01400	0.00848	0.01077	0.00685	0.00521	0.00479	0.00148	0.00819	0.00378	0.00262	0.00616
33	0.60191	0.06313	0.01105	0.05277	0.04702	0.01289	0.00738	0.11763	0.01132	0.02310	0.00819	0.00950	0.00633	0.00501	0.00370	0.00158	0.00462	0.00325	0.00335	0.00627
34	0.01250	0.01198	0.02044	0.12919	0.69028	0.01227	0.01579	0.01565	0.01168	0.01655	0.00973	0.01301	0.00808	0.00471	0.00516	0.00157	0.00628	0.00464	0.00254	0.00794

[dist]
# distance from previous block
# <min> <max>
0	3

[block]
# block no. 3 follows, 47 sequences, length 88
# corresponding to MSA columns:
# 327-414
name=unknown_D
#
# <colnr> <probs for GDERKNQSTAVLIFYWHMCP>
#	G	D	E	R	K	N	Q	S	T	A	V	L	I	F	Y	W	H	M	C	P
0	0.00709	0.00531	0.00657	0.00625	0.00761	0.00479	0.00469	0.00928	0.01407	0.01929	0.61178	0.04152	0.22010	0.01124	0.00615	0.00167	0.00250	0.00978	0.00552	0.00479
1	0.00643	0.00474	0.00602	0.00684	0.00749	0.00434	0.00470	0.00758	0.01083	0.01428	0.11826	0.59927	0.15982	0.01515	0.00651	0.00200	0.00289	0.01356	0.00494	0.00434
2	0.85377	0.01007	0.00765	0.00685	0.01007	0.01168	0.00564	0.01531	0.00886	0.02336	0.00725	0.00846	0.00564	0.00483	0.00322	0.00161	0.00403	0.00282	0.00322	0.00564
3	0.00633	0.00458	0.00599	0.00713	0.00752	0.00424	0.00478	0.00727	0.01009	0.01334	0.03020	0.76605	0.08101	0.01612	0.00662	0.00209	0.00300	0.01457	0.00483	0.00424
4	0.01980	0.01459	0.01563	0.01198	0.01615	0.01615	0.00990	0.76713	0.02448	0.03282	0.01250	0.01250	0.00886	0.00625	0.00521	0.00156	0.00573	0.00469	0.00521	0.00886
5	0.01289	0.01237	0.02114	0.03196	0.78450	0.01237	0.01598	0.01598	0.01186	0.01701	0.00980	0.01289	0.00825	0.00464	0.00516	0.00155	0.00619	0.00464	0.00258	0.00825
6	0.00632	0.00464	0.00593	0.00696	0.00748	0.00425	0.00471	0.00728	0.01025	0.01341	0.03219	0.70292	0.14286	0.01586	0.00658	0.00206	0.00297	0.01425	0.00483	0.00425
7	0.02336	0.00886	0.01209	0.00927	0.01329	0.00765	0.00765	0.02538	0.01491	0.78810	0.02055	0.01773	0.01289	0.00645	0.00524	0.00161	0.00443	0.00524	0.00645	0.00886
8	0.00983	0.00926	0.01562	0.80447	0.03587	0.01157	0.01446	0.01331	0.01041	0.01331	0.00926	0.01388	0.00694	0.00521	0.00521	0.00174	0.00694	0.00463	0.00231	0.00579
9	0.00836	0.00569	0.00639	0.00599	0.00790	0.00487	0.00457	0.00999	0.01280	0.10342	0.19767	0.04415	0.54549	0.01190	0.00605	0.00172	0.00280	0.01002	0.00520	0.00501
10	0.02052	0.01135	0.01337	0.01048	0.01440	0.01161	0.00858	0.30457	0.12842	0.39336	0.01762	0.01601	0.01181	0.00646	0.00524	0.00162	0.00487	0.00512	0.00582	0.00877
11	0.01181	0.33080	0.47326	0.01253	0.01874	0.01548	0.01503	0.01602	0.01074	0.01474	0.00846	0.00999	0.00664	0.00489	0.00471	0.00146	0.03176	0.00346	0.00221	0.00725
12	0.00929	0.00584	0.00770	0.00749	0.00903	0.00540	0.00594	0.01153	0.01371	0.10603	0.43597	0.07371	0.09627	0.01145	0.00630	0.00184	0.00325	0.17848	0.00549	0.00527
13	0.00815	0.00581	0.00696	0.00673	0.00743	0.00605	0.00454	0.05598	0.00933	0.01250	0.01966	0.03103	0.10353	0.47376	0.22144	0.00531	0.00711	0.00727	0.00338	0.00404
14	0.03997	0.00985	0.01228	0.00951	0.01337	0.00937	0.00783	0.18164	0.01655	0.56259	0.01832	0.01652	0.01191	0.00635	0.00509	0.00158	0.00457	0.00504	0.05913	0.00854
15	0.01032	0.00980	0.01671	0.67755	0.14407	0.01172	0.02917	0.01376	0.01066	0.01391	0.00936	0.01374	0.00715	0.00511	0.00522	0.00171	0.00687	0.00466	0.00236	0.00617
16	0.00983	0.00926	0.01562	0.80447	0.03587	0.01157	0.01446	0.01331	0.01041	0.01331	0.00926	0.01388	0.00694	0.00521	0.00521	0.00174	0.00694	0.00463	0.00231	0.00579
17	0.00634	0.00453	0.00604	0.00725	0.00755	0.00423	0.00483	0.00725	0.00997	0.01329	0.02870	0.81358	0.03444	0.01632	0.00665	0.00211	0.00302	0.01480	0.00483	0.00423
18	0.01229	0.01405	0.03073	0.02195	0.02722	0.01317	0.76558	0.01668	0.01229	0.01668	0.01054	0.01405	0.00790	0.00439	0.00615	0.00176	0.00878	0.00615	0.00263	0.00702
19	0.00727	0.00527	0.00686	0.00656	0.00775	0.00486	0.00488	0.00960	0.01436	0.02022	0.71442	0.08813	0.06809	0.01107	0.00617	0.00167	0.00250	0.00980	0.00565	0.00486
20	0.01229	0.01405	0.03073	0.02195	0.02722	0.01317	0.76558	0.01668	0.01229	0.01668	0.01054	0.01405	0.00790	0.00439	0.00615	0.00176	0.00878	0.00615	0.00263	0.00702
21	0.01045	0.02694	0.79000	0.01484	0.02254	0.01209	0.01924	0.01649	0.01099	0.01649	0.00935	0.01099	0.00660	0.00495	0.00495	0.00165	0.00770	0.00385	0.00220	0.00770
22	0.00983	0.00926	0.01562	0.80447	0.03587	0.01157	0.01446	0.01331	0.01041	0.01331	0.00926	0.01388	0.00694	0.00521	0.00521	0.00174	0.00694	0.00463	0.00231	0.00579
23	0.00633	0.00458	0.00599	0.00713	0.00752	0.00424	0.00478	0.00727	0.01009	0.01334	0.03022	0.76537	0.08168	0.01612	0.00662	0.00209	0.00300	0.01456	0.00483	0.00424
24	0.01295	0.01119	0.01178	0.01060	0.01354	0.01295	0.00824	0.02767	0.77509	0.02178	0.02120	0.01943	0.01590	0.00707	0.00530	0.00177	0.00412	0.00589	0.00530	0.00824
25	0.01197	0.01160	0.01640	0.36657	0.21709	0.07354	0.03457	0.05018	0.08616	0.01605	0.01315	0.01585	0.05298	0.00574	0.00524	0.00165	0.00642	0.00507	0.00299	0.00676
26	0.01170	0.01815	0.27212	0.01969	0.02573	0.01283	0.52830	0.01662	0.01188	0.01662	0.01016	0.01308	0.00749	0.00457	0.00576	0.00172	0.00844	0.00542	0.00250	0.00724
27	0.00619	0.00528	0.00532	0.00531	0.00705	0.00441	0.00398	0.00754	0.01195	0.01425	0.07213	0.04982	0.76290	0.01312	0.00615	0.00176	0.00263	0.01095	0.00486	0.00441
28	0.05583	0.00889	0.01176	0.00914	0.01303	0.00790	0.00752	0.02463	0.03705	0.71450	0.04032	0.01797	0.01366	0.00651	0.00518	0.00162	0.00435	0.00527	0.00626	0.00861
29	0.01342	0.14987	0.24891	0.02737	0.01995	0.12170	0.17277	0.06421	0.06335	0.01646	0.00994	0.01172	0.00768	0.00523	0.00554	0.00158	0.04606	0.00433	0.00276	0.00714
30	0.12283	0.01014	0.01180	0.00930	0.01315	0.05812	0.00761	0.04041	0.01438	0.63041	0.01798	0.01597	0.01154	0.00618	0.00496	0.00159	0.00473	0.00482	0.00579	0.00830
31	0.00648	0.00517	0.00580	0.00590	0.00730	0.00449	0.00433	0.00800	0.01226	0.01558	0.22422	0.16862	0.48734	0.01307	0.00623	0.00179	0.00266	0.01122	0.00505	0.00449
32	0.00956	0.00812	0.03384	0.15797	0.03662	0.02893	0.03123	0.01230	0.01213	0.03985	0.12192	0.04052	0.02486	0.01135	0.02162	0.00217	0.00541	0.39198	0.00422	0.00539
33	0.18434	0.19514	0.30035	0.01396	0.10959	0.03050	0.02511	0.03269	0.01088	0.01720	0.00850	0.01019	0.00670	0.00493	0.00466	0.00152	0.03059	0.00357	0.00255	0.00704
34	0.01882	0.00819	0.01092	0.00876	0.01199	0.00743	0.00710	0.02140	0.04582	0.55517	0.17680	0.02296	0.04407	0.00761	0.00577	0.00165	0.02537	0.00628	0.00609	0.00781
35	0.00692	0.00525	0.00603	0.00588	0.00733	0.00465	0.00439	0.00880	0.01304	0.01741	0.37540	0.06690	0.38588	0.01172	0.00601	0.00168	0.00256	0.01004	0.05547	0.00465
36	0.24952	0.21187	0.21034	0.01199	0.01690	0.06052	0.11682	0.03834	0.01110	0.01769	0.00843	0.01002	0.00660	0.00478	0.00423	0.00150	0.00634	0.00362	0.00267	0.00671
37	0.01415	0.00887	0.01077	0.00796	0.01220	0.00700	0.00641	0.01639	0.01192	0.22692	0.01282	0.01323	0.00948	0.00470	0.00422	0.00103	0.00392	0.00378	0.05723	0.56700
38	0.00924	0.10082	0.06254	0.03988	0.15042	0.00889	0.05742	0.01131	0.01064	0.01445	0.01947	0.42515	0.02156	0.01070	0.00572	0.00181	0.00466	0.00972	0.02991	0.00570
39	0.75832	0.10213	0.00989	0.00708	0.01045	0.01270	0.00601	0.01534	0.00906	0.02210	0.00725	0.00845	0.00576	0.00479	0.00324	0.00155	0.00420	0.00282	0.00311	0.00576
40	0.00737	0.00532	0.00696	0.00655	0.00778	0.00491	0.00491	0.00983	0.01474	0.02088	0.78175	0.03890	0.04914	0.01065	0.00614	0.00164	0.00246	0.00942	0.00573	0.00491
41	0.36653	0.00936	0.01025	0.00827	0.01196	0.00932	0.00682	0.02122	0.01241	0.47208	0.01505	0.01390	0.00989	0.00578	0.00440	0.00161	0.00426	0.00424	0.00511	0.00753
42	0.00737	0.00532	0.00696	0.00655	0.00778	0.00491	0.00491	0.00983	0.01474	0.02088	0.78175	0.03890	0.04914	0.01065	0.00614	0.00164	0.00246	0.00942	0.00573	0.00491
43	0.00717	0.00530	0.00669	0.00639	0.00767	0.00482	0.00477	0.00942	0.01420	0.01970	0.65657	0.06087	0.15477	0.01116	0.00616	0.00167	0.00250	0.00979	0.00558	0.00482
44	0.00736	0.00596	0.00661	0.00633	0.00804	0.00555	0.00478	0.01060	0.09962	0.01736	0.30742	0.04266	0.43552	0.01159	0.00605	0.00172	0.00274	0.00985	0.00521	0.00502
45	0.01073	0.02515	0.70156	0.01436	0.02152	0.01219	0.01799	0.01776	0.09783	0.01709	0.01069	0.01195	0.00765	0.00519	0.00499	0.00166	0.00729	0.00408	0.00255	0.00776
46	0.01984	0.00803	0.01038	0.00824	0.01157	0.00720	0.00672	0.04391	0.01419	0.57338	0.01942	0.01799	0.01289	0.00635	0.00484	0.00151	0.00397	0.00512	0.21660	0.00786
47	0.01453	0.01589	0.17529	0.01235	0.01670	0.03450	0.03760	0.23481	0.35621	0.02340	0.01554	0.01525	0.01144	0.00626	0.00521	0.00167	0.00562	0.00507	0.00447	0.00820
48	0.01139	0.01139	0.01595	0.01367	0.01367	0.01595	0.01139	0.01253	0.00798	0.01253	0.00684	0.01139	0.00684	0.00911	0.01709	0.00228	0.80745	0.00456	0.00228	0.00570
49	0.00827	0.00586	0.00800	0.00903	0.01006	0.00586	0.00764	0.01033	0.01136	0.01480	0.02597	0.05521	0.02839	0.12937	0.00996	0.00278	0.00483	0.64316	0.00456	0.00456
50	0.00971	0.00485	0.00485	0.00485	0.00607	0.00485	0.00364	0.01213	0.01092	0.01942	0.01699	0.01942	0.01335	0.00607	0.00364	0.00121	0.00243	0.00485	0.84589	0.00485
51	0.00839	0.00599	0.00839	0.00959	0.01079	0.00599	0.00839	0.01079	0.01199	0.01558	0.02757	0.05874	0.02997	0.01439	0.00719	0.00240	0.00480	0.74945	0.00480	0.00480
52	0.01021	0.00683	0.00805	0.00721	0.00899	0.00685	0.00556	0.09818	0.06960	0.04891	0.45889	0.02983	0.03369	0.00882	0.00544	0.00155	0.00301	0.00756	0.17508	0.00573
53	0.03455	0.00612	0.00837	0.00951	0.01077	0.00617	0.00831	0.01093	0.01189	0.01583	0.02694	0.05719	0.02922	0.01409	0.00707	0.00237	0.00477	0.72634	0.00475	0.00482
54	0.00983	0.00926	0.01562	0.80447	0.03587	0.01157	0.01446	0.01331	0.01041	0.01331	0.00926	0.01388	0.00694	0.00521	0.00521	0.00174	0.00694	0.00463	0.00231	0.00579
55	0.85377	0.01007	0.00765	0.00685	0.01007	0.01168	0.00564	0.01531	0.00886	0.02336	0.00725	0.00846	0.00564	0.00483	0.00322	0.00161	0.00403	0.00282	0.00322	0.00564
56	0.00975	0.00585	0.00772	0.00696	0.00860	0.00532	0.00532	0.01214	0.01477	0.13497	0.66855	0.03575	0.04375	0.01002	0.00601	0.00163	0.00275	0.00880	0.00584	0.00550
57	0.01222	0.01917	0.34406	0.06769	0.02456	0.01296	0.32124	0.10167	0.01302	0.01822	0.01018	0.01259	0.00741	0.00489	0.00548	0.00169	0.00787	0.00493	0.00273	0.00743
58	0.01349	0.01222	0.02093	0.03026	0.71188	0.01212	0.04177	0.01657	0.01206	0.06306	0.01046	0.01322	0.00851	0.00474	0.00520	0.00156	0.00617	0.00473	0.00281	0.00824
59	0.01398	0.01083	0.02757	0.00998	0.01344	0.01069	0.03581	0.27582	0.10632	0.06299	0.20851	0.02001	0.01983	0.00696	0.00525	0.00148	0.00447	0.00581	0.00489	0.15538
60	0.82453	0.01023	0.00793	0.00703	0.01028	0.01184	0.00579	0.04167	0.00941	0.02370	0.00744	0.00860	0.00575	0.00488	0.00329	0.00161	0.00409	0.00289	0.00329	0.00575
61	0.02161	0.01081	0.01318	0.01020	0.01421	0.01065	0.00840	0.25943	0.06355	0.50393	0.01805	0.01618	0.01180	0.00642	0.00523	0.00161	0.00482	0.00510	0.00599	0.00882
62	0.01783	0.01313	0.01436	0.06235	0.05925	0.07286	0.00970	0.39728	0.08850	0.13348	0.02990	0.03101	0.01122	0.00642	0.00519	0.00159	0.00557	0.00508	0.02722	0.00808
63	0.01295	0.01119	0.01178	0.01060	0.01354	0.01295	0.00824	0.02767	0.77509	0.02178	0.02120	0.01943	0.01590	0.00707	0.00530	0.00177	0.00412	0.00589	0.00530	0.00824
64	0.00878	0.00641	0.00769	0.00718	0.00890	0.00623	0.00551	0.01291	0.13177	0.05466	0.46956	0.03768	0.17422	0.01050	0.00601	0.00171	0.00292	0.03634	0.00550	0.00551
65	0.01373	0.01157	0.01221	0.01076	0.01384	0.01332	0.00843	0.11171	0.68979	0.02304	0.02021	0.01864	0.01510	0.00697	0.00529	0.00174	0.00430	0.00575	0.00529	0.00831
66	0.01902	0.01420	0.01519	0.01182	0.01585	0.01579	0.00971	0.68310	0.10979	0.03157	0.01349	0.01329	0.00966	0.00634	0.00522	0.00159	0.00555	0.00482	0.00522	0.00879
67	0.01714	0.01159	0.01275	0.01011	0.01350	0.01247	0.00823	0.48815	0.04405	0.09860	0.10154	0.01713	0.01463	0.00677	0.00511	0.00154	0.00474	0.00534	0.11878	0.00785
68	0.00740	0.00529	0.00683	0.00658	0.00763	0.00494	0.00483	0.00952	0.01369	0.01924	0.64617	0.06312	0.04461	0.10258	0.00851	0.00207	0.00285	0.03408	0.00538	0.00469
69	0.00770	0.00639	0.00839	0.16170	0.01351	0.03519	0.00698	0.00953	0.03107	0.01365	0.03821	0.59303	0.02787	0.01340	0.00625	0.00199	0.00403	0.01207	0.00430	0.00472
70	0.85377	0.01007	0.00765	0.00685	0.01007	0.01168	0.00564	0.01531	0.00886	0.02336	0.00725	0.00846	0.00564	0.00483	0.00322	0.00161	0.00403	0.00282	0.00322	0.00564
71	0.01130	0.00819	0.02137	0.09775	0.01214	0.04487	0.00665	0.08671	0.06136	0.04078	0.13974	0.02121	0.03269	0.00689	0.00464	0.00144	0.00385	0.00566	0.38698	0.00577
72	0.00757	0.00505	0.00568	0.00568	0.00568	0.00505	0.00316	0.00757	0.00757	0.01010	0.01641	0.03408	0.01893	0.81698	0.02651	0.00505	0.00505	0.00757	0.00316	0.00316
73	0.01325	0.01355	0.09735	0.12291	0.27314	0.01197	0.26674	0.01699	0.01208	0.10401	0.01115	0.01377	0.00833	0.00486	0.00548	0.00166	0.00710	0.00513	0.00297	0.00754
74	0.01769	0.02910	0.01483	0.06202	0.03671	0.04671	0.00979	0.43167	0.18316	0.09233	0.01450	0.01433	0.01045	0.00626	0.00517	0.00160	0.00551	0.00490	0.00492	0.00836
75	0.01472	0.70578	0.02549	0.00956	0.01376	0.13209	0.00908	0.01634	0.01118	0.01232	0.00736	0.00850	0.00669	0.00459	0.00354	0.00115	0.00612	0.00287	0.00229	0.00659
76	0.01408	0.01119	0.01384	0.01068	0.03138	0.01045	0.06133	0.26017	0.01545	0.04281	0.01142	0.01376	0.00917	0.02832	0.00526	0.00131	0.00494	0.02394	0.00388	0.42662
77	0.01250	0.01003	0.01673	0.49634	0.20599	0.01124	0.03034	0.01570	0.01142	0.12330	0.01100	0.01420	0.00810	0.00523	0.00522	0.00167	0.00645	0.00475	0.00296	0.00682
78	0.01238	0.01052	0.01123	0.01025	0.01293	0.01205	0.00790	0.04477	0.66843	0.02111	0.02182	0.10950	0.01782	0.00810	0.00545	0.00180	0.00404	0.00687	0.00524	0.00780
79	0.01011	0.00980	0.01734	0.71554	0.03488	0.01175	0.09982	0.01369	0.01063	0.01369	0.00940	0.01390	0.00705	0.00511	0.00531	0.00174	0.00715	0.00480	0.00235	0.00593
80	0.04681	0.01173	0.01428	0.01110	0.01508	0.02652	0.05361	0.27772	0.10421	0.35831	0.01662	0.01546	0.01121	0.00626	0.00521	0.00162	0.00518	0.00507	0.00549	0.00852
81	0.01065	0.02547	0.70371	0.01565	0.02307	0.01222	0.10406	0.01651	0.01114	0.01651	0.00948	0.01134	0.00675	0.00488	0.00508	0.00166	0.00782	0.00411	0.00225	0.00762
82	0.00743	0.00499	0.00572	0.00586	0.00589	0.00496	0.00335	0.00754	0.00785	0.01046	0.01781	0.12267	0.02070	0.72599	0.02425	0.00472	0.00482	0.00839	0.00335	0.00328
83	0.00771	0.00531	0.00665	0.00719	0.00763	0.00528	0.00513	0.00863	0.00935	0.01233	0.02161	0.13107	0.02446	0.45240	0.01767	0.00381	0.00473	0.26128	0.00391	0.00384
84	0.01908	0.01323	0.01417	0.01134	0.01506	0.05735	0.00936	0.51555	0.02092	0.15573	0.01531	0.01845	0.01181	0.00716	0.00541	0.00165	0.00561	0.08934	0.00523	0.00824
85	0.01023	0.00989	0.01239	0.01088	0.01243	0.08446	0.09343	0.05818	0.01151	0.01482	0.02337	0.26418	0.16689	0.01104	0.00860	0.00193	0.18758	0.00902	0.00382	0.00537
86	0.00652	0.00520	0.00584	0.00586	0.00731	0.00452	0.00433	0.00812	0.01247	0.01592	0.25780	0.13369	0.48839	0.01282	0.00621	0.00176	0.00263	0.01098	0.00509	0.00452
87	0.13342	0.01494	0.01754	0.01647	0.12442	0.19388	0.12937	0.03756	0.01136	0.01598	0.00833	0.01118	0.00706	0.00619	0.00853	0.00176	0.24858	0.00430	0.00269	0.00643

[dist]
# distance from previous block
# <min> <max>
0	8

# created by:
# /home/berkeley/.conda/envs/busco_data_prod/bin/msa2prfl.pl pipeline/OGs_align_augustus/33634/155156.fs
