[name]
unknown

[dist]
# distance from previous block
# <min> <max>
5	62

[block]
# block no. 0 follows, 48 sequences, length 22
# corresponding to MSA columns:
# 67-88
name=unknown_A
#
# <colnr> <probs for GDERKNQSTAVLIFYWHMCP>
#	G	D	E	R	K	N	Q	S	T	A	V	L	I	F	Y	W	H	M	C	P
0	0.00627	0.00507	0.00557	0.00574	0.00713	0.00437	0.00419	0.00765	0.01175	0.01468	0.15234	0.18935	0.54153	0.01321	0.00615	0.00178	0.00264	0.01130	0.00489	0.00437
1	0.02109	0.15931	0.01489	0.00923	0.01329	0.01041	0.00791	0.06921	0.01448	0.60061	0.01733	0.01544	0.01133	0.00598	0.00481	0.00149	0.00465	0.00468	0.00551	0.00834
2	0.01315	0.67260	0.02389	0.00856	0.01298	0.01782	0.00828	0.01491	0.01047	0.01293	0.00750	0.00868	0.00677	0.00428	0.00339	0.00104	0.00518	0.00280	0.00235	0.16243
3	0.00768	0.00902	0.15200	0.00930	0.01124	0.00618	0.00856	0.01000	0.01068	0.01444	0.02439	0.41232	0.02739	0.01337	0.00642	0.00209	0.00442	0.26124	0.00427	0.00499
4	0.00952	0.00693	0.00843	0.00744	0.00919	0.00688	0.00575	0.15011	0.01630	0.02275	0.64236	0.03353	0.04109	0.00969	0.00588	0.00160	0.00302	0.00842	0.00555	0.00556
5	0.01259	0.01250	0.02257	0.02967	0.64725	0.01234	0.15477	0.01587	0.01176	0.01670	0.00979	0.01291	0.00806	0.00453	0.00526	0.00156	0.00657	0.00485	0.00255	0.00790
6	0.01285	0.01051	0.01135	0.00993	0.01272	0.01182	0.00778	0.14595	0.51369	0.02308	0.16049	0.02156	0.02057	0.00748	0.00536	0.00168	0.00402	0.00625	0.00529	0.00762
7	0.01231	0.01389	0.15583	0.01121	0.01498	0.01261	0.01012	0.02523	0.63674	0.02050	0.01873	0.01761	0.01397	0.00658	0.00516	0.00172	0.00471	0.00543	0.00466	0.00802
8	0.00744	0.00589	0.00870	0.01164	0.15144	0.00565	0.00679	0.00873	0.01017	0.01377	0.02484	0.66801	0.02917	0.01395	0.00628	0.00198	0.00355	0.01274	0.00435	0.00490
9	0.85592	0.00992	0.00754	0.00675	0.00992	0.01151	0.00556	0.01508	0.00873	0.02302	0.00714	0.00834	0.00556	0.00476	0.00318	0.00159	0.00397	0.00278	0.00318	0.00556
10	0.01064	0.00912	0.01064	0.00760	0.01216	0.00684	0.00608	0.01292	0.01064	0.01672	0.00912	0.01064	0.00760	0.00380	0.00380	0.00076	0.00380	0.00304	0.00304	0.85104
11	0.01253	0.01180	0.01997	0.03007	0.74588	0.01180	0.01510	0.01554	0.01163	0.01689	0.01003	0.01304	0.00840	0.00465	0.00500	0.00151	0.00590	0.00458	0.04774	0.00795
12	0.85592	0.00992	0.00754	0.00675	0.00992	0.01151	0.00556	0.01508	0.00873	0.02302	0.00714	0.00834	0.00556	0.00476	0.00318	0.00159	0.00397	0.00278	0.00318	0.00556
13	0.00802	0.00573	0.00798	0.00917	0.01024	0.00569	0.00784	0.01020	0.01157	0.01508	0.02730	0.15127	0.03007	0.01441	0.00702	0.00233	0.00451	0.66219	0.00473	0.00466
14	0.01372	0.82276	0.02689	0.00878	0.01317	0.02030	0.00878	0.01536	0.01043	0.01207	0.00713	0.00823	0.00658	0.00439	0.00329	0.00110	0.00549	0.00274	0.00219	0.00658
15	0.01270	0.01219	0.02083	0.03149	0.78767	0.01219	0.01575	0.01575	0.01168	0.01676	0.00965	0.01270	0.00813	0.00457	0.00508	0.00152	0.00610	0.00457	0.00254	0.00813
16	0.00617	0.00523	0.00534	0.00539	0.00710	0.00440	0.00410	0.00751	0.01170	0.01393	0.05084	0.04977	0.75084	0.01305	0.00611	0.00176	0.00270	0.04495	0.00476	0.00435
17	0.00624	0.00452	0.00590	0.00701	0.00741	0.00418	0.00470	0.00716	0.00996	0.01315	0.02995	0.76231	0.08687	0.01586	0.00652	0.00206	0.00295	0.01432	0.00476	0.00418
18	0.01211	0.01384	0.03028	0.02163	0.02682	0.01298	0.76903	0.01644	0.01211	0.01644	0.01038	0.01384	0.00779	0.00433	0.00606	0.00173	0.00865	0.00606	0.00260	0.00692
19	0.01736	0.01414	0.01573	0.08481	0.08588	0.07012	0.01070	0.52590	0.01994	0.02643	0.01112	0.01216	0.00822	0.00596	0.00569	0.00156	0.04902	0.00448	0.00427	0.02650
20	0.00797	0.00560	0.00741	0.00764	0.00896	0.00530	0.00623	0.01025	0.01314	0.03784	0.38329	0.04688	0.11011	0.01214	0.00646	0.00193	0.00344	0.31537	0.00520	0.00485
21	0.32850	0.25186	0.01552	0.00894	0.01264	0.03222	0.00776	0.18445	0.08033	0.02149	0.00952	0.01016	0.00748	0.00517	0.00386	0.00144	0.00491	0.00345	0.00349	0.00680

[dist]
# distance from previous block
# <min> <max>
1	6

[block]
# block no. 1 follows, 48 sequences, length 59
# corresponding to MSA columns:
# 95-153
name=unknown_B
#
# <colnr> <probs for GDERKNQSTAVLIFYWHMCP>
#	G	D	E	R	K	N	Q	S	T	A	V	L	I	F	Y	W	H	M	C	P
0	0.17080	0.04818	0.02014	0.03263	0.27095	0.04201	0.21941	0.02963	0.01143	0.05117	0.00956	0.01201	0.00755	0.00490	0.00551	0.00161	0.04809	0.00454	0.00286	0.00703
1	0.05218	0.04234	0.01596	0.01324	0.08021	0.03886	0.02614	0.55650	0.04395	0.06170	0.01214	0.01242	0.00877	0.00588	0.00499	0.00153	0.00568	0.00453	0.00466	0.00833
2	0.00631	0.00514	0.00560	0.00582	0.00729	0.00444	0.00436	0.00768	0.01161	0.01426	0.09202	0.15869	0.58469	0.01336	0.00620	0.00182	0.00278	0.05875	0.00482	0.00436
3	0.01693	0.01462	0.07926	0.01155	0.01542	0.04870	0.00992	0.54690	0.07368	0.02745	0.01404	0.09228	0.01143	0.00705	0.00524	0.00161	0.00559	0.00556	0.00474	0.00801
4	0.00714	0.00524	0.00669	0.00633	0.00759	0.00479	0.00474	0.00944	0.01423	0.01989	0.70954	0.03947	0.12426	0.01075	0.00605	0.00163	0.00244	0.00944	0.00556	0.00479
5	0.01276	0.01102	0.01160	0.01044	0.01334	0.01276	0.00812	0.02727	0.77840	0.02146	0.02088	0.01914	0.01566	0.00696	0.00522	0.00174	0.00406	0.00580	0.00522	0.00812
6	0.01917	0.02445	0.01454	0.01322	0.01586	0.79907	0.00991	0.02049	0.01454	0.01256	0.00793	0.00925	0.00661	0.00529	0.00463	0.00132	0.00925	0.00330	0.00264	0.00595
7	0.01372	0.82276	0.02689	0.00878	0.01317	0.02030	0.00878	0.01536	0.01043	0.01207	0.00713	0.00823	0.00658	0.00439	0.00329	0.00110	0.00549	0.00274	0.00219	0.00658
8	0.85592	0.00992	0.00754	0.00675	0.00992	0.01151	0.00556	0.01508	0.00873	0.02302	0.00714	0.00834	0.00556	0.00476	0.00318	0.00159	0.00397	0.00278	0.00318	0.00556
9	0.02302	0.00873	0.01191	0.00913	0.01310	0.00754	0.00754	0.02501	0.01469	0.79122	0.02024	0.01746	0.01270	0.00635	0.00516	0.00159	0.00437	0.00516	0.00635	0.00873
10	0.01276	0.01102	0.01160	0.01044	0.01334	0.01276	0.00812	0.02727	0.77840	0.02146	0.02088	0.01914	0.01566	0.00696	0.00522	0.00174	0.00406	0.00580	0.00522	0.00812
11	0.00606	0.00520	0.00520	0.00520	0.00693	0.00433	0.00390	0.00736	0.01170	0.01386	0.05198	0.04938	0.78558	0.01299	0.00606	0.00173	0.00260	0.01083	0.00476	0.00433
12	0.00625	0.00447	0.00595	0.00714	0.00744	0.00417	0.00476	0.00714	0.00982	0.01310	0.02828	0.81633	0.03394	0.01608	0.00655	0.00208	0.00298	0.01459	0.00476	0.00417
13	0.01210	0.01107	0.01786	0.37028	0.37475	0.01224	0.01445	0.09514	0.01239	0.01682	0.00970	0.01309	0.00763	0.00499	0.00511	0.00161	0.00637	0.00457	0.00270	0.00712
14	0.01891	0.01384	0.01631	0.01339	0.06468	0.01498	0.05070	0.63452	0.02209	0.07967	0.01256	0.01276	0.00890	0.00597	0.00518	0.00155	0.00575	0.00473	0.00491	0.00859
15	0.00705	0.00527	0.00657	0.00635	0.00768	0.00479	0.00483	0.00922	0.01373	0.01877	0.57628	0.04195	0.21233	0.01127	0.00612	0.00168	0.00260	0.05339	0.00540	0.00472
16	0.01080	0.01058	0.01178	0.01065	0.01189	0.12526	0.00849	0.01314	0.05475	0.01330	0.03128	0.01643	0.01117	0.01927	0.30815	0.00424	0.25691	0.02068	0.00286	0.05836
17	0.00679	0.00514	0.00627	0.00618	0.00743	0.00461	0.00456	0.00871	0.01314	0.01773	0.48192	0.13601	0.25900	0.01189	0.00612	0.00171	0.00254	0.01037	0.00529	0.00461
18	0.01393	0.75155	0.04949	0.00922	0.01360	0.06587	0.00916	0.01569	0.01068	0.01223	0.00724	0.00837	0.00658	0.00446	0.00342	0.00113	0.00577	0.00281	0.00222	0.00658
19	0.01917	0.02445	0.01454	0.01322	0.01586	0.79907	0.00991	0.02049	0.01454	0.01256	0.00793	0.00925	0.00661	0.00529	0.00463	0.00132	0.00925	0.00330	0.00264	0.00595
20	0.02141	0.00878	0.01174	0.00893	0.01298	0.00745	0.00735	0.02344	0.01416	0.69073	0.01880	0.01658	0.01204	0.00602	0.00498	0.00148	0.00429	0.00488	0.00592	0.11802
21	0.02302	0.00873	0.01191	0.00913	0.01310	0.00754	0.00754	0.02501	0.01469	0.79122	0.02024	0.01746	0.01270	0.00635	0.00516	0.00159	0.00437	0.00516	0.00635	0.00873
22	0.02302	0.00873	0.01191	0.00913	0.01310	0.00754	0.00754	0.02501	0.01469	0.79122	0.02024	0.01746	0.01270	0.00635	0.00516	0.00159	0.00437	0.00516	0.00635	0.00873
23	0.01254	0.01203	0.02054	0.07310	0.74732	0.01215	0.01567	0.01561	0.01161	0.01657	0.00962	0.01275	0.00806	0.00460	0.00508	0.00153	0.00614	0.00457	0.00253	0.00800
24	0.00716	0.00524	0.00671	0.00634	0.00760	0.00480	0.00476	0.00948	0.01427	0.01998	0.71952	0.03931	0.11423	0.01071	0.00605	0.00162	0.00244	0.00942	0.00557	0.00480
25	0.00637	0.00455	0.00609	0.00728	0.00763	0.00427	0.00497	0.00735	0.00994	0.01323	0.02822	0.77170	0.03368	0.01596	0.00658	0.00210	0.00308	0.05804	0.00476	0.00420
26	0.00734	0.00522	0.00666	0.00630	0.00753	0.00481	0.00472	0.00971	0.01417	0.02018	0.70604	0.03771	0.08026	0.01034	0.00591	0.00159	0.00243	0.00909	0.05518	0.00481
27	0.01353	0.72792	0.09859	0.00944	0.01409	0.03903	0.00976	0.01558	0.01057	0.01248	0.00735	0.00850	0.00658	0.00446	0.00347	0.00115	0.00578	0.00286	0.00220	0.00666
28	0.00630	0.00514	0.00560	0.00586	0.00731	0.00444	0.00439	0.00765	0.01151	0.01407	0.06910	0.16689	0.59061	0.01348	0.00622	0.00183	0.00281	0.06767	0.00479	0.00435
29	0.02268	0.00928	0.01225	0.00939	0.01337	0.00836	0.00776	0.09784	0.01561	0.71709	0.01947	0.01696	0.01231	0.00633	0.00516	0.00158	0.00449	0.00511	0.00623	0.00873
30	0.01219	0.01179	0.02047	0.15479	0.62680	0.01211	0.05591	0.01536	0.01148	0.01616	0.00961	0.01292	0.00790	0.00465	0.00514	0.00156	0.00635	0.00465	0.00250	0.00768
31	0.01049	0.00861	0.00948	0.00860	0.01086	0.00935	0.00664	0.05198	0.40770	0.02077	0.27194	0.02860	0.11609	0.00878	0.00559	0.00169	0.00343	0.00747	0.00530	0.00664
32	0.01211	0.01384	0.03028	0.02163	0.02682	0.01298	0.76903	0.01644	0.01211	0.01644	0.01038	0.01384	0.00779	0.00433	0.00606	0.00173	0.00865	0.00606	0.00260	0.00692
33	0.01372	0.82276	0.02689	0.00878	0.01317	0.02030	0.00878	0.01536	0.01043	0.01207	0.00713	0.00823	0.00658	0.00439	0.00329	0.00110	0.00549	0.00274	0.00219	0.00658
34	0.01242	0.33172	0.33128	0.01366	0.04332	0.01552	0.11198	0.05637	0.01158	0.01554	0.00874	0.01036	0.00687	0.00468	0.00444	0.00143	0.00676	0.00375	0.00240	0.00719
35	0.01037	0.02599	0.75989	0.01493	0.02241	0.01196	0.05160	0.01626	0.01089	0.01626	0.00926	0.01096	0.00656	0.00485	0.00493	0.00163	0.00763	0.00389	0.00219	0.00755
36	0.00720	0.00524	0.00677	0.00639	0.00763	0.00482	0.00479	0.00956	0.01438	0.02023	0.74749	0.03889	0.08609	0.01062	0.00605	0.00162	0.00243	0.00936	0.00560	0.00482
37	0.85592	0.00992	0.00754	0.00675	0.00992	0.01151	0.00556	0.01508	0.00873	0.02302	0.00714	0.00834	0.00556	0.00476	0.00318	0.00159	0.00397	0.00278	0.00318	0.00556
38	0.01372	0.82276	0.02689	0.00878	0.01317	0.02030	0.00878	0.01536	0.01043	0.01207	0.00713	0.00823	0.00658	0.00439	0.00329	0.00110	0.00549	0.00274	0.00219	0.00658
39	0.85592	0.00992	0.00754	0.00675	0.00992	0.01151	0.00556	0.01508	0.00873	0.02302	0.00714	0.00834	0.00556	0.00476	0.00318	0.00159	0.00397	0.00278	0.00318	0.00556
40	0.01276	0.01102	0.01160	0.01044	0.01334	0.01276	0.00812	0.02727	0.77840	0.02146	0.02088	0.01914	0.01566	0.00696	0.00522	0.00174	0.00406	0.00580	0.00522	0.00812
41	0.01276	0.01102	0.01160	0.01044	0.01334	0.01276	0.00812	0.02727	0.77840	0.02146	0.02088	0.01914	0.01566	0.00696	0.00522	0.00174	0.00406	0.00580	0.00522	0.00812
42	0.01951	0.01437	0.01540	0.01181	0.01591	0.01591	0.00975	0.77056	0.02412	0.03234	0.01232	0.01232	0.00873	0.00616	0.00513	0.00154	0.00565	0.00462	0.00513	0.00873
43	0.00726	0.00524	0.00686	0.00646	0.00767	0.00484	0.00484	0.00968	0.01452	0.02058	0.78496	0.03833	0.04841	0.01049	0.00605	0.00161	0.00242	0.00928	0.00565	0.00484
44	0.01918	0.00821	0.01089	0.00870	0.01205	0.00738	0.00705	0.02215	0.06936	0.58436	0.17084	0.02169	0.01994	0.00721	0.00534	0.00160	0.00396	0.00602	0.00613	0.00792
45	0.00726	0.00524	0.00686	0.00646	0.00767	0.00484	0.00484	0.00968	0.01452	0.02058	0.78496	0.03833	0.04841	0.01049	0.00605	0.00161	0.00242	0.00928	0.00565	0.00484
46	0.00644	0.00454	0.00590	0.00691	0.00716	0.00429	0.00451	0.00719	0.00947	0.01262	0.02644	0.69750	0.03162	0.13807	0.00952	0.00252	0.00328	0.01351	0.00451	0.00401
47	0.01223	0.00607	0.00663	0.00600	0.00782	0.00602	0.00466	0.04763	0.04293	0.14065	0.01726	0.01857	0.01299	0.00608	0.00397	0.00129	0.00291	0.00488	0.64570	0.00571
48	0.85592	0.00992	0.00754	0.00675	0.00992	0.01151	0.00556	0.01508	0.00873	0.02302	0.00714	0.00834	0.00556	0.00476	0.00318	0.00159	0.00397	0.00278	0.00318	0.00556
49	0.01029	0.02654	0.79309	0.01462	0.02221	0.01192	0.01896	0.01625	0.01083	0.01625	0.00921	0.01083	0.00650	0.00487	0.00487	0.00162	0.00758	0.00379	0.00217	0.00758
50	0.00625	0.00447	0.00595	0.00714	0.00744	0.00417	0.00476	0.00714	0.00982	0.01310	0.02828	0.81633	0.03394	0.01608	0.00655	0.00208	0.00298	0.01459	0.00476	0.00417
51	0.00624	0.00449	0.00592	0.00707	0.00742	0.00417	0.00473	0.00715	0.00990	0.01313	0.02924	0.78538	0.06427	0.01595	0.00653	0.00207	0.00296	0.01444	0.00476	0.00417
52	0.00969	0.00912	0.01539	0.80734	0.03534	0.01140	0.01425	0.01311	0.01026	0.01311	0.00912	0.01368	0.00684	0.00513	0.00513	0.00171	0.00684	0.00456	0.00228	0.00570
53	0.01047	0.02531	0.71899	0.01530	0.02266	0.01202	0.09182	0.01627	0.01096	0.01627	0.00932	0.01113	0.00662	0.00482	0.00499	0.00164	0.00769	0.00401	0.00221	0.00752
54	0.02302	0.00873	0.01191	0.00913	0.01310	0.00754	0.00754	0.02501	0.01469	0.79122	0.02024	0.01746	0.01270	0.00635	0.00516	0.00159	0.00437	0.00516	0.00635	0.00873
55	0.01029	0.02654	0.79309	0.01462	0.02221	0.01192	0.01896	0.01625	0.01083	0.01625	0.00921	0.01083	0.00650	0.00487	0.00487	0.00162	0.00758	0.00379	0.00217	0.00758
56	0.01277	0.04344	0.06250	0.02625	0.54586	0.01252	0.09900	0.01708	0.08105	0.03350	0.01086	0.01324	0.00872	0.00481	0.00513	0.00156	0.00622	0.00475	0.00284	0.00792
57	0.00641	0.00458	0.00614	0.00733	0.00770	0.00431	0.00504	0.00742	0.00998	0.01328	0.02819	0.75597	0.03359	0.01592	0.00659	0.00211	0.00312	0.07336	0.00476	0.00421
58	0.00653	0.00607	0.03992	0.00606	0.00780	0.00476	0.00484	0.00824	0.01212	0.01538	0.21020	0.11334	0.52185	0.01236	0.00605	0.00173	0.00281	0.01051	0.00485	0.00457

[dist]
# distance from previous block
# <min> <max>
0	1

[block]
# block no. 2 follows, 48 sequences, length 29
# corresponding to MSA columns:
# 155-183
name=unknown_C
#
# <colnr> <probs for GDERKNQSTAVLIFYWHMCP>
#	G	D	E	R	K	N	Q	S	T	A	V	L	I	F	Y	W	H	M	C	P
0	0.01406	0.38461	0.12498	0.01104	0.01525	0.10052	0.05831	0.01681	0.02974	0.09035	0.02890	0.01436	0.01001	0.00572	0.00469	0.00142	0.02495	0.05456	0.00300	0.00673
1	0.01375	0.01361	0.08839	0.01823	0.02322	0.01163	0.53804	0.01768	0.01232	0.15722	0.01222	0.01451	0.00878	0.00613	0.03816	0.00196	0.00799	0.00568	0.00325	0.00721
2	0.01006	0.00954	0.01590	0.68366	0.10157	0.01176	0.01418	0.01330	0.01023	0.01339	0.00901	0.01343	0.00695	0.00534	0.00592	0.00173	0.06127	0.00456	0.00230	0.00591
3	0.00629	0.00510	0.00559	0.00569	0.00713	0.00439	0.00418	0.00772	0.01190	0.01488	0.17203	0.15735	0.55379	0.01301	0.00613	0.00176	0.00262	0.01111	0.00491	0.00439
4	0.01123	0.01123	0.01572	0.01347	0.01347	0.01572	0.01123	0.01235	0.00786	0.01235	0.00674	0.01123	0.00674	0.00898	0.01684	0.00225	0.81028	0.00449	0.00225	0.00561
5	0.01064	0.00912	0.01064	0.00760	0.01216	0.00684	0.00608	0.01292	0.01064	0.01672	0.00912	0.01064	0.00760	0.00380	0.00380	0.00076	0.00380	0.00304	0.00304	0.85104
6	0.01157	0.01272	0.02716	0.01990	0.02453	0.01197	0.66133	0.01561	0.01207	0.01628	0.01276	0.02008	0.01086	0.00572	0.00620	0.00182	0.00809	0.11182	0.00290	0.00661
7	0.01232	0.01056	0.01122	0.01012	0.01289	0.01212	0.00786	0.02585	0.71692	0.02139	0.08238	0.02069	0.01830	0.00725	0.00529	0.00173	0.00393	0.00608	0.00526	0.00786
8	0.00624	0.00519	0.00547	0.00556	0.00716	0.00442	0.00418	0.00764	0.01179	0.01432	0.09787	0.08914	0.66699	0.01304	0.00613	0.00177	0.00269	0.04121	0.00482	0.00437
9	0.01097	0.00593	0.00679	0.00611	0.00820	0.00523	0.00474	0.01277	0.01236	0.19851	0.08434	0.03391	0.37043	0.00959	0.00526	0.00156	0.00295	0.00795	0.20689	0.00551
10	0.01479	0.23768	0.21721	0.04483	0.03452	0.01325	0.13015	0.01813	0.01190	0.21258	0.01164	0.01243	0.00835	0.00504	0.00471	0.00149	0.00629	0.00425	0.00332	0.00743
11	0.85592	0.00992	0.00754	0.00675	0.00992	0.01151	0.00556	0.01508	0.00873	0.02302	0.00714	0.00834	0.00556	0.00476	0.00318	0.00159	0.00397	0.00278	0.00318	0.00556
12	0.00881	0.00453	0.00679	0.00679	0.00685	0.00459	0.00459	0.00685	0.00679	0.00912	0.00924	0.01591	0.00918	0.01923	0.07291	0.79357	0.00509	0.00453	0.00226	0.00239
13	0.00969	0.00912	0.01539	0.80734	0.03534	0.01140	0.01425	0.01311	0.01026	0.01311	0.00912	0.01368	0.00684	0.00513	0.00513	0.00171	0.00684	0.00456	0.00228	0.00570
14	0.00685	0.00492	0.00597	0.00660	0.00756	0.00440	0.00466	0.00797	0.01072	0.04148	0.03630	0.49539	0.29749	0.01459	0.00634	0.00195	0.00295	0.03465	0.00482	0.00441
15	0.02302	0.00873	0.01191	0.00913	0.01310	0.00754	0.00754	0.02501	0.01469	0.79122	0.02024	0.01746	0.01270	0.00635	0.00516	0.00159	0.00437	0.00516	0.00635	0.00873
16	0.00972	0.00763	0.01124	0.16492	0.01585	0.00805	0.06985	0.04153	0.10715	0.05862	0.08223	0.35772	0.02329	0.01048	0.00590	0.00185	0.00446	0.00952	0.00433	0.00566
17	0.05019	0.11670	0.04354	0.04287	0.13938	0.03625	0.04433	0.16884	0.11490	0.15284	0.01343	0.03229	0.01016	0.00580	0.00487	0.00154	0.00549	0.00477	0.00408	0.00773
18	0.01362	0.00943	0.04021	0.01045	0.06169	0.00905	0.00788	0.03352	0.27289	0.21485	0.11615	0.08876	0.08263	0.00824	0.00546	0.00169	0.00402	0.00703	0.00520	0.00723
19	0.02302	0.00873	0.01191	0.00913	0.01310	0.00754	0.00754	0.02501	0.01469	0.79122	0.02024	0.01746	0.01270	0.00635	0.00516	0.00159	0.00437	0.00516	0.00635	0.00873
20	0.01151	0.01179	0.01646	0.42156	0.08642	0.09786	0.05255	0.01456	0.03419	0.01360	0.00894	0.01277	0.00722	0.00596	0.00767	0.00177	0.18218	0.00453	0.00244	0.00604
21	0.01230	0.15547	0.26651	0.03959	0.23850	0.01319	0.06051	0.03120	0.02686	0.04878	0.01131	0.01306	0.03565	0.00518	0.00502	0.00153	0.02086	0.00438	0.00270	0.00741
22	0.01951	0.03396	0.07634	0.00921	0.01311	0.00820	0.00815	0.02245	0.04948	0.57718	0.05703	0.01788	0.01396	0.00638	0.00502	0.00156	0.00442	0.00519	0.06289	0.00808
23	0.00625	0.00447	0.00595	0.00714	0.00744	0.00417	0.00476	0.00714	0.00982	0.01310	0.02828	0.81633	0.03394	0.01608	0.00655	0.00208	0.00298	0.01459	0.00476	0.00417
24	0.01008	0.06087	0.44435	0.01254	0.04363	0.01023	0.03426	0.01462	0.02444	0.03807	0.20391	0.04941	0.01844	0.00674	0.00520	0.00161	0.00584	0.00568	0.00333	0.00675
25	0.05779	0.09568	0.07342	0.03688	0.09763	0.05009	0.07286	0.09349	0.02506	0.32560	0.01384	0.01380	0.00957	0.00551	0.00489	0.00153	0.00567	0.00456	0.00432	0.00783
26	0.01787	0.01274	0.01532	0.01209	0.01551	0.04052	0.06095	0.42104	0.01856	0.16049	0.01377	0.01618	0.01046	0.00692	0.00670	0.00169	0.10109	0.05551	0.00472	0.00787
27	0.02126	0.00896	0.01177	0.00925	0.01294	0.00815	0.00755	0.08217	0.04140	0.65259	0.02019	0.07131	0.01393	0.00702	0.00525	0.00162	0.00436	0.00578	0.00611	0.00840
28	0.01198	0.01083	0.07137	0.11444	0.09450	0.04142	0.10374	0.02919	0.06774	0.11628	0.16625	0.06532	0.04131	0.03522	0.00622	0.00177	0.00533	0.00657	0.00404	0.00648

[dist]
# distance from previous block
# <min> <max>
0	12

[block]
# block no. 3 follows, 48 sequences, length 41
# corresponding to MSA columns:
# 196-236
name=unknown_D
#
# <colnr> <probs for GDERKNQSTAVLIFYWHMCP>
#	G	D	E	R	K	N	Q	S	T	A	V	L	I	F	Y	W	H	M	C	P
0	0.01302	0.15743	0.22315	0.01014	0.01504	0.04379	0.01034	0.03021	0.01178	0.12146	0.04726	0.03509	0.01046	0.00530	0.00443	0.00128	0.00536	0.00414	0.00330	0.24703
1	0.05471	0.17701	0.19910	0.01017	0.01478	0.02751	0.01026	0.01940	0.05679	0.30011	0.04306	0.01542	0.03804	0.00593	0.00468	0.00151	0.00528	0.00459	0.00416	0.00749
2	0.01322	0.01016	0.01607	0.06358	0.42595	0.01003	0.02603	0.04222	0.01234	0.14083	0.03842	0.04082	0.07961	0.05049	0.00641	0.00177	0.00533	0.00582	0.00361	0.00728
3	0.00786	0.00548	0.00614	0.00611	0.00638	0.00562	0.00364	0.00919	0.07537	0.01113	0.01724	0.07487	0.01922	0.70453	0.02322	0.00453	0.00479	0.00770	0.00338	0.00361
4	0.01005	0.08118	0.04373	0.63399	0.06033	0.01195	0.01355	0.01330	0.01024	0.01320	0.00923	0.01343	0.00719	0.00693	0.04998	0.00202	0.00711	0.00443	0.00231	0.00587
5	0.03767	0.19814	0.37492	0.01245	0.01815	0.05656	0.05674	0.01783	0.01165	0.15412	0.01066	0.01146	0.00768	0.00502	0.00458	0.00149	0.00660	0.00388	0.00300	0.00738
6	0.01413	0.68140	0.05264	0.02448	0.01444	0.06148	0.03122	0.01603	0.01087	0.04231	0.00788	0.00900	0.00686	0.00454	0.00361	0.00118	0.00584	0.00303	0.00239	0.00666
7	0.00632	0.00451	0.00603	0.00722	0.00754	0.00422	0.00487	0.00726	0.00989	0.01317	0.02825	0.79213	0.03380	0.01601	0.00657	0.00209	0.00303	0.03814	0.00476	0.00419
8	0.00719	0.00527	0.00714	0.00770	0.00841	0.00511	0.02255	0.00876	0.02553	0.01398	0.09288	0.42228	0.04270	0.12928	0.02761	0.00263	0.00395	0.15818	0.00451	0.00434
9	0.01602	0.02077	0.10537	0.09764	0.11047	0.47196	0.03405	0.03873	0.01337	0.01418	0.00857	0.01056	0.00690	0.00522	0.00510	0.00146	0.02678	0.00378	0.00260	0.00647
10	0.00615	0.00520	0.00532	0.00529	0.00698	0.00437	0.00397	0.00753	0.01190	0.01435	0.10490	0.04858	0.73236	0.01281	0.00606	0.00172	0.00259	0.01072	0.00483	0.00437
11	0.02302	0.00873	0.01191	0.00913	0.01310	0.00754	0.00754	0.02501	0.01469	0.79122	0.02024	0.01746	0.01270	0.00635	0.00516	0.00159	0.00437	0.00516	0.00635	0.00873
12	0.04275	0.01076	0.05893	0.52383	0.10012	0.01145	0.08937	0.01423	0.03281	0.01467	0.01040	0.01544	0.00829	0.00544	0.00522	0.00172	0.00671	0.03916	0.00256	0.00617
13	0.01276	0.01102	0.01160	0.01044	0.01334	0.01276	0.00812	0.02727	0.77840	0.02146	0.02088	0.01914	0.01566	0.00696	0.00522	0.00174	0.00406	0.00580	0.00522	0.00812
14	0.01276	0.01102	0.01160	0.01044	0.01334	0.01276	0.00812	0.02727	0.77840	0.02146	0.02088	0.01914	0.01566	0.00696	0.00522	0.00174	0.00406	0.00580	0.00522	0.00812
15	0.00625	0.00447	0.00595	0.00714	0.00744	0.00417	0.00476	0.00714	0.00982	0.01310	0.02828	0.81633	0.03394	0.01608	0.00655	0.00208	0.00298	0.01459	0.00476	0.00417
16	0.01951	0.01437	0.01540	0.01181	0.01591	0.01591	0.00975	0.77056	0.02412	0.03234	0.01232	0.01232	0.00873	0.00616	0.00513	0.00154	0.00565	0.00462	0.00513	0.00873
17	0.01951	0.01437	0.01540	0.01181	0.01591	0.01591	0.00975	0.77056	0.02412	0.03234	0.01232	0.01232	0.00873	0.00616	0.00513	0.00154	0.00565	0.00462	0.00513	0.00873
18	0.01270	0.01219	0.02083	0.03149	0.78767	0.01219	0.01575	0.01575	0.01168	0.01676	0.00965	0.01270	0.00813	0.00457	0.00508	0.00152	0.00610	0.00457	0.00254	0.00813
19	0.00636	0.00454	0.00608	0.00727	0.00762	0.00426	0.00495	0.00733	0.00993	0.01322	0.02822	0.77509	0.03370	0.01597	0.00658	0.00210	0.00307	0.05474	0.00476	0.00420
20	0.00672	0.00482	0.00641	0.00711	0.00776	0.00451	0.00506	0.00820	0.01144	0.01560	0.26427	0.51536	0.03812	0.01419	0.00644	0.00196	0.00294	0.06964	0.00504	0.00442
21	0.01354	0.01244	0.01144	0.01045	0.01303	0.14725	0.00799	0.03901	0.49709	0.04915	0.01944	0.12465	0.01630	0.00786	0.00529	0.00170	0.00486	0.00650	0.00476	0.00725
22	0.01155	0.07101	0.07423	0.01190	0.03517	0.01187	0.04362	0.06997	0.01040	0.06836	0.01091	0.01464	0.00940	0.01750	0.27507	0.00398	0.24663	0.00477	0.00293	0.00607
23	0.01231	0.16936	0.53636	0.01314	0.01961	0.01404	0.01572	0.13008	0.01277	0.01792	0.00930	0.01058	0.00685	0.00498	0.00463	0.00152	0.00691	0.00373	0.00262	0.00757
24	0.01270	0.01219	0.02083	0.03149	0.78767	0.01219	0.01575	0.01575	0.01168	0.01676	0.00965	0.01270	0.00813	0.00457	0.00508	0.00152	0.00610	0.00457	0.00254	0.00813
25	0.01306	0.38286	0.27632	0.01314	0.07126	0.05309	0.04187	0.03115	0.01126	0.03688	0.00863	0.01006	0.00693	0.00477	0.00442	0.00138	0.01989	0.00351	0.00243	0.00709
26	0.00959	0.00886	0.01271	0.05199	0.01285	0.01180	0.00945	0.01107	0.00819	0.01226	0.01013	0.04538	0.00991	0.01937	0.28936	0.00431	0.45979	0.00523	0.00252	0.00520
27	0.00746	0.00497	0.00560	0.00560	0.00560	0.00497	0.00311	0.00746	0.00746	0.00995	0.01617	0.03358	0.01865	0.81967	0.02612	0.00497	0.00497	0.00746	0.00311	0.00311
28	0.02283	0.00903	0.01209	0.00927	0.01325	0.00799	0.00766	0.06492	0.01519	0.75059	0.01982	0.01719	0.01249	0.00634	0.00516	0.00159	0.00443	0.00513	0.00629	0.00873
29	0.01266	0.01773	0.22840	0.13453	0.19978	0.14540	0.07529	0.01752	0.08896	0.01582	0.01035	0.01249	0.00797	0.00508	0.00505	0.00158	0.00714	0.00439	0.00269	0.00716
30	0.00625	0.00447	0.00595	0.00714	0.00744	0.00417	0.00476	0.00714	0.00982	0.01310	0.02828	0.81633	0.03394	0.01608	0.00655	0.00208	0.00298	0.01459	0.00476	0.00417
31	0.02184	0.00838	0.01128	0.00875	0.01247	0.00730	0.00719	0.02386	0.01434	0.72334	0.01993	0.01761	0.01274	0.00632	0.00502	0.00155	0.00419	0.00513	0.08036	0.00838
32	0.00726	0.00524	0.00686	0.00646	0.00767	0.00484	0.00484	0.00968	0.01452	0.02058	0.78496	0.03833	0.04841	0.01049	0.00605	0.00161	0.00242	0.00928	0.00565	0.00484
33	0.01511	0.58873	0.04377	0.00999	0.01413	0.15830	0.00933	0.08269	0.01237	0.01405	0.00779	0.00884	0.00678	0.00472	0.00373	0.00119	0.00623	0.00304	0.00253	0.00669
34	0.02302	0.00873	0.01191	0.00913	0.01310	0.00754	0.00754	0.02501	0.01469	0.79122	0.02024	0.01746	0.01270	0.00635	0.00516	0.00159	0.00437	0.00516	0.00635	0.00873
35	0.00726	0.00524	0.00686	0.00646	0.00767	0.00484	0.00484	0.00968	0.01452	0.02058	0.78496	0.03833	0.04841	0.01049	0.00605	0.00161	0.00242	0.00928	0.00565	0.00484
36	0.00724	0.00545	0.00775	0.00977	0.07671	0.00524	0.00646	0.00863	0.01040	0.01389	0.02641	0.58647	0.03074	0.01466	0.00653	0.00209	0.00362	0.16873	0.00456	0.00463
37	0.00969	0.00912	0.01539	0.80734	0.03534	0.01140	0.01425	0.01311	0.01026	0.01311	0.00912	0.01368	0.00684	0.00513	0.00513	0.00171	0.00684	0.00456	0.00228	0.00570
38	0.00626	0.00454	0.00592	0.00697	0.00741	0.00420	0.00470	0.00723	0.01010	0.01336	0.05070	0.73444	0.09388	0.01568	0.00650	0.00204	0.00293	0.01414	0.00479	0.00420
39	0.07117	0.01240	0.05406	0.23042	0.36025	0.03293	0.06375	0.05612	0.01171	0.01677	0.00936	0.01248	0.00745	0.00499	0.00542	0.00162	0.03490	0.00447	0.00264	0.00709
40	0.67276	0.05504	0.03273	0.00919	0.07258	0.01184	0.00704	0.01572	0.00944	0.06350	0.00812	0.00925	0.00623	0.00482	0.00349	0.00156	0.00435	0.00308	0.00321	0.00605

[dist]
# distance from previous block
# <min> <max>
0	4

[block]
# block no. 4 follows, 48 sequences, length 30
# corresponding to MSA columns:
# 241-270
name=unknown_E
#
# <colnr> <probs for GDERKNQSTAVLIFYWHMCP>
#	G	D	E	R	K	N	Q	S	T	A	V	L	I	F	Y	W	H	M	C	P
0	0.05801	0.01390	0.01501	0.01199	0.03852	0.01524	0.00959	0.68333	0.02251	0.03083	0.01187	0.01208	0.00852	0.00596	0.00499	0.00151	0.00551	0.00447	0.00488	0.04128
1	0.27553	0.05979	0.04489	0.06517	0.01523	0.22960	0.00894	0.13832	0.06392	0.01981	0.00937	0.01046	0.00726	0.00526	0.00425	0.00148	0.00612	0.00359	0.00332	0.02770
2	0.01848	0.12626	0.01616	0.01258	0.01552	0.66274	0.00976	0.05485	0.01446	0.01342	0.00803	0.00927	0.00671	0.00521	0.00448	0.00130	0.00860	0.00329	0.00270	0.00616
3	0.00625	0.00447	0.00595	0.00714	0.00744	0.00417	0.00476	0.00714	0.00982	0.01310	0.02828	0.81633	0.03394	0.01608	0.00655	0.00208	0.00298	0.01459	0.00476	0.00417
4	0.01427	0.66905	0.04840	0.00995	0.01423	0.12099	0.03376	0.01609	0.01103	0.01240	0.00740	0.00862	0.00662	0.00452	0.00360	0.00116	0.00614	0.00295	0.00227	0.00654
5	0.00967	0.00807	0.01148	0.01048	0.01107	0.01034	0.00842	0.01110	0.00854	0.04861	0.01248	0.09955	0.01234	0.02161	0.33359	0.00464	0.36393	0.00599	0.00291	0.00519
6	0.00611	0.00520	0.00527	0.00525	0.00696	0.00435	0.00394	0.00746	0.01181	0.01414	0.08204	0.04893	0.75535	0.01289	0.00606	0.00173	0.00259	0.01077	0.00480	0.00435
7	0.01202	0.01365	0.02969	0.05267	0.02715	0.01291	0.73921	0.01630	0.01204	0.01630	0.01033	0.01383	0.00775	0.00436	0.00602	0.00173	0.00858	0.00600	0.00258	0.00687
8	0.00646	0.00513	0.00581	0.00581	0.00722	0.00447	0.00429	0.00807	0.01238	0.01590	0.28080	0.12985	0.47056	0.01254	0.00611	0.00173	0.00258	0.01075	0.00504	0.00447
9	0.00611	0.00502	0.00539	0.00568	0.00706	0.00429	0.00411	0.00731	0.01123	0.01367	0.04606	0.24087	0.59792	0.01376	0.00619	0.00182	0.00269	0.01177	0.00476	0.00429
10	0.01260	0.01217	0.02102	0.05127	0.74151	0.01220	0.04209	0.01570	0.01166	0.01666	0.00966	0.01276	0.00808	0.00458	0.00512	0.00154	0.00620	0.00462	0.00254	0.00802
11	0.01139	0.01050	0.01748	0.05099	0.58057	0.01052	0.01349	0.01423	0.01183	0.01670	0.08281	0.05269	0.01501	0.00659	0.00544	0.00165	0.00552	0.08224	0.00313	0.00724
12	0.01554	0.01039	0.01497	0.01097	0.01541	0.00909	0.14093	0.09773	0.01354	0.24957	0.01300	0.01342	0.00928	0.00490	0.00474	0.00126	0.00502	0.00437	0.00417	0.36169
13	0.85592	0.00992	0.00754	0.00675	0.00992	0.01151	0.00556	0.01508	0.00873	0.02302	0.00714	0.00834	0.00556	0.00476	0.00318	0.00159	0.00397	0.00278	0.00318	0.00556
14	0.85592	0.00992	0.00754	0.00675	0.00992	0.01151	0.00556	0.01508	0.00873	0.02302	0.00714	0.00834	0.00556	0.00476	0.00318	0.00159	0.00397	0.00278	0.00318	0.00556
15	0.03150	0.01360	0.01719	0.01305	0.01708	0.01467	0.13201	0.57196	0.02091	0.04251	0.03543	0.02740	0.01019	0.00620	0.00552	0.00160	0.02124	0.00514	0.00467	0.00813
16	0.00625	0.00447	0.00595	0.00714	0.00744	0.00417	0.00476	0.00714	0.00982	0.01310	0.02828	0.81633	0.03394	0.01608	0.00655	0.00208	0.00298	0.01459	0.00476	0.00417
17	0.03603	0.01214	0.06855	0.38045	0.32230	0.03632	0.01459	0.04115	0.01142	0.01567	0.00935	0.01277	0.00734	0.00493	0.00502	0.00161	0.00655	0.00443	0.00251	0.00687
18	0.01391	0.65401	0.06938	0.01029	0.01482	0.05543	0.05962	0.04673	0.01131	0.01345	0.00772	0.00896	0.00675	0.00453	0.00370	0.00120	0.00600	0.00312	0.00236	0.00672
19	0.01951	0.01437	0.01540	0.01181	0.01591	0.01591	0.00975	0.77056	0.02412	0.03234	0.01232	0.01232	0.00873	0.00616	0.00513	0.00154	0.00565	0.00462	0.00513	0.00873
20	0.00735	0.00543	0.00791	0.00791	0.00871	0.00623	0.00599	0.00895	0.00815	0.01166	0.01405	0.02186	0.01357	0.13751	0.70132	0.00783	0.01263	0.00575	0.00279	0.00439
21	0.00625	0.00447	0.00595	0.00714	0.00744	0.00417	0.00476	0.00714	0.00982	0.01310	0.02828	0.81633	0.03394	0.01608	0.00655	0.00208	0.00298	0.01459	0.00476	0.00417
22	0.01288	0.25363	0.47432	0.01225	0.01846	0.01378	0.01459	0.01709	0.01120	0.11236	0.01000	0.01092	0.00730	0.00492	0.00445	0.00147	0.00658	0.00366	0.00270	0.00744
23	0.01176	0.13645	0.57319	0.02944	0.02037	0.04446	0.01627	0.06544	0.02722	0.01661	0.00930	0.01073	0.00685	0.00495	0.00467	0.00154	0.00714	0.00374	0.00245	0.00743
24	0.85592	0.00992	0.00754	0.00675	0.00992	0.01151	0.00556	0.01508	0.00873	0.02302	0.00714	0.00834	0.00556	0.00476	0.00318	0.00159	0.00397	0.00278	0.00318	0.00556
25	0.00746	0.00499	0.00568	0.00568	0.00571	0.00502	0.00321	0.00752	0.00749	0.01001	0.01609	0.03316	0.01847	0.79512	0.05042	0.00508	0.00525	0.00740	0.00310	0.00316
26	0.00627	0.00497	0.00565	0.00597	0.00719	0.00434	0.00429	0.00759	0.01146	0.01446	0.13649	0.29172	0.45416	0.01366	0.00622	0.00183	0.00270	0.01183	0.00488	0.00434
27	0.00751	0.00486	0.00652	0.00745	0.00806	0.00452	0.00522	0.00859	0.01030	0.06462	0.02766	0.70524	0.03220	0.01529	0.00650	0.00207	0.00320	0.07080	0.00486	0.00451
28	0.01419	0.58887	0.12221	0.01026	0.01477	0.14870	0.01026	0.01633	0.01116	0.01268	0.00753	0.00873	0.00658	0.00460	0.00372	0.00120	0.00638	0.00297	0.00227	0.00661
29	0.01202	0.01138	0.01927	0.02894	0.70587	0.01135	0.01460	0.01485	0.01149	0.01638	0.01160	0.09695	0.01083	0.00578	0.00523	0.00158	0.00577	0.00562	0.00277	0.00771

[dist]
# distance from previous block
# <min> <max>
0	1

[block]
# block no. 5 follows, 48 sequences, length 53
# corresponding to MSA columns:
# 272-324
name=unknown_F
#
# <colnr> <probs for GDERKNQSTAVLIFYWHMCP>
#	G	D	E	R	K	N	Q	S	T	A	V	L	I	F	Y	W	H	M	C	P
0	0.01413	0.01239	0.01881	0.02333	0.44922	0.01330	0.04260	0.16283	0.04266	0.04392	0.01056	0.01286	0.00847	0.00562	0.00673	0.00164	0.11511	0.00469	0.00323	0.00787
1	0.00656	0.00544	0.00567	0.00545	0.00718	0.00459	0.00400	0.00784	0.01130	0.01391	0.07311	0.04472	0.62664	0.09464	0.00796	0.00199	0.00292	0.00990	0.00451	0.06168
2	0.85592	0.00992	0.00754	0.00675	0.00992	0.01151	0.00556	0.01508	0.00873	0.02302	0.00714	0.00834	0.00556	0.00476	0.00318	0.00159	0.00397	0.00278	0.00318	0.00556
3	0.00724	0.00543	0.00674	0.00642	0.00775	0.00504	0.00481	0.00989	0.04277	0.01928	0.61247	0.06408	0.16702	0.01094	0.00604	0.00165	0.00253	0.00957	0.00546	0.00486
4	0.85592	0.00992	0.00754	0.00675	0.00992	0.01151	0.00556	0.01508	0.00873	0.02302	0.00714	0.00834	0.00556	0.00476	0.00318	0.00159	0.00397	0.00278	0.00318	0.00556
5	0.01199	0.01340	0.02904	0.02081	0.02581	0.01258	0.73198	0.01622	0.01205	0.01657	0.01069	0.01410	0.00805	0.00441	0.00594	0.00170	0.00835	0.00599	0.04353	0.00682
6	0.01076	0.00930	0.01122	0.00897	0.05651	0.00715	0.00663	0.01308	0.01070	0.01672	0.00915	0.01076	0.00763	0.00384	0.00387	0.00080	0.00393	0.00313	0.00301	0.80284
7	0.01187	0.01137	0.01923	0.22857	0.56431	0.01213	0.01518	0.01494	0.01116	0.01565	0.00940	0.01289	0.00774	0.00489	0.00557	0.00160	0.03905	0.00457	0.00246	0.00741
8	0.00955	0.00881	0.01464	0.67480	0.06847	0.01066	0.01321	0.01283	0.01083	0.01417	0.10116	0.01656	0.01183	0.00574	0.00524	0.00169	0.00628	0.00512	0.00269	0.00572
9	0.00683	0.00500	0.00611	0.00618	0.00727	0.00450	0.00447	0.00811	0.01188	0.01570	0.31508	0.18503	0.29246	0.01313	0.00758	0.08844	0.00279	0.01031	0.00483	0.00428
10	0.01039	0.02452	0.70104	0.01400	0.02097	0.01174	0.01757	0.01694	0.07475	0.01683	0.03692	0.01247	0.00871	0.00524	0.00494	0.00163	0.00711	0.00415	0.00254	0.00753
11	0.05120	0.02024	0.01485	0.01431	0.07428	0.54805	0.01035	0.01872	0.03646	0.01354	0.00822	0.01012	0.00698	0.00590	0.00672	0.00152	0.14610	0.00366	0.00267	0.00611
12	0.02072	0.00847	0.01123	0.00864	0.01245	0.00726	0.00709	0.02276	0.01397	0.65246	0.01884	0.01690	0.01222	0.00606	0.00490	0.00147	0.00416	0.00491	0.07109	0.09443
13	0.01283	0.01283	0.01944	0.14650	0.60513	0.08285	0.01500	0.01578	0.01173	0.01584	0.00942	0.01254	0.00780	0.00472	0.00505	0.00153	0.00649	0.00446	0.00251	0.00757
14	0.00622	0.00520	0.00541	0.00536	0.00703	0.00440	0.00402	0.00766	0.01206	0.01473	0.14672	0.04795	0.69030	0.01267	0.00606	0.00172	0.00258	0.01063	0.00488	0.00440
15	0.00656	0.00469	0.00631	0.00750	0.00793	0.00443	0.00530	0.00768	0.01013	0.01344	0.02811	0.70051	0.03326	0.01578	0.00663	0.00213	0.00324	0.12736	0.00476	0.00425
16	0.00671	0.00509	0.00618	0.00619	0.00740	0.00456	0.00454	0.00850	0.01279	0.01714	0.42089	0.18363	0.27313	0.01228	0.00615	0.00174	0.00258	0.01073	0.00521	0.00456
17	0.05029	0.00877	0.01176	0.00905	0.01299	0.00767	0.00748	0.02468	0.01449	0.76607	0.01981	0.01717	0.01247	0.00630	0.00509	0.00159	0.00435	0.00508	0.00625	0.00863
18	0.01917	0.02445	0.01454	0.01322	0.01586	0.79907	0.00991	0.02049	0.01454	0.01256	0.00793	0.00925	0.00661	0.00529	0.00463	0.00132	0.00925	0.00330	0.00264	0.00595
19	0.01276	0.01102	0.01160	0.01044	0.01334	0.01276	0.00812	0.02727	0.77840	0.02146	0.02088	0.01914	0.01566	0.00696	0.00522	0.00174	0.00406	0.00580	0.00522	0.00812
20	0.34240	0.01118	0.01130	0.00898	0.01275	0.01189	0.00739	0.27733	0.01523	0.15282	0.01130	0.01146	0.00804	0.00541	0.00424	0.00149	0.00460	0.00384	0.00436	0.09401
21	0.00827	0.00591	0.00827	0.00945	0.01063	0.00591	0.00827	0.01063	0.01181	0.01536	0.02717	0.05788	0.02953	0.01417	0.00709	0.00236	0.00472	0.75313	0.00472	0.00472
22	0.01372	0.82276	0.02689	0.00878	0.01317	0.02030	0.00878	0.01536	0.01043	0.01207	0.00713	0.00823	0.00658	0.00439	0.00329	0.00110	0.00549	0.00274	0.00219	0.00658
23	0.01339	0.01121	0.01224	0.01143	0.04826	0.01279	0.00854	0.06920	0.68259	0.04025	0.01987	0.01842	0.01486	0.00679	0.00521	0.00172	0.00425	0.00566	0.00512	0.00817
24	0.01372	0.82276	0.02689	0.00878	0.01317	0.02030	0.00878	0.01536	0.01043	0.01207	0.00713	0.00823	0.00658	0.00439	0.00329	0.00110	0.00549	0.00274	0.00219	0.00658
25	0.01270	0.01219	0.02083	0.03149	0.78767	0.01219	0.01575	0.01575	0.01168	0.01676	0.00965	0.01270	0.00813	0.00457	0.00508	0.00152	0.00610	0.00457	0.00254	0.00813
26	0.00611	0.00520	0.00526	0.00524	0.00696	0.00435	0.00393	0.00745	0.01180	0.01411	0.07902	0.04897	0.75839	0.01290	0.00606	0.00173	0.00259	0.01077	0.00480	0.00435
27	0.01270	0.01219	0.02083	0.03149	0.78767	0.01219	0.01575	0.01575	0.01168	0.01676	0.00965	0.01270	0.00813	0.00457	0.00508	0.00152	0.00610	0.00457	0.00254	0.00813
28	0.00614	0.00522	0.00531	0.00535	0.00706	0.00439	0.00406	0.00748	0.01170	0.01392	0.05108	0.04969	0.75826	0.01304	0.00610	0.00176	0.00268	0.03765	0.00476	0.00435
29	0.00777	0.00618	0.00956	0.00904	0.01006	0.00718	0.04081	0.00960	0.00837	0.01206	0.01329	0.01991	0.01249	0.06709	0.68746	0.00748	0.05871	0.00555	0.00273	0.00469
30	0.77052	0.01038	0.00834	0.00726	0.01053	0.01196	0.00599	0.09222	0.01030	0.02397	0.00767	0.00874	0.00588	0.00491	0.00338	0.00158	0.00414	0.00297	0.00338	0.00588
31	0.02048	0.01137	0.01336	0.01040	0.01432	0.01164	0.00854	0.34297	0.09669	0.38921	0.01693	0.01544	0.01131	0.00633	0.00515	0.00158	0.00488	0.00500	0.00572	0.00867
32	0.00988	0.00931	0.01573	0.75918	0.08204	0.01145	0.01434	0.01327	0.01035	0.01334	0.00915	0.01362	0.00692	0.00510	0.00513	0.00170	0.00679	0.00456	0.00230	0.00585
33	0.00726	0.00524	0.00686	0.00646	0.00767	0.00484	0.00484	0.00968	0.01452	0.02058	0.78496	0.03833	0.04841	0.01049	0.00605	0.00161	0.00242	0.00928	0.00565	0.00484
34	0.01173	0.01133	0.01966	0.27288	0.51028	0.01199	0.05764	0.01496	0.01126	0.01561	0.00953	0.01307	0.00771	0.00473	0.00515	0.00159	0.00647	0.00465	0.00246	0.00730
35	0.00726	0.00524	0.00686	0.00646	0.00767	0.00484	0.00484	0.00968	0.01452	0.02058	0.78496	0.03833	0.04841	0.01049	0.00605	0.00161	0.00242	0.00928	0.00565	0.00484
36	0.01385	0.76206	0.06072	0.00905	0.01357	0.01953	0.00920	0.01570	0.01058	0.03625	0.00763	0.00863	0.00677	0.00447	0.00342	0.00114	0.00555	0.00286	0.00232	0.00670
37	0.01943	0.01373	0.01512	0.04034	0.01639	0.01507	0.00974	0.68295	0.02286	0.09296	0.01284	0.01278	0.00898	0.00614	0.00514	0.00155	0.00559	0.00466	0.00513	0.00862
38	0.00737	0.00538	0.00716	0.00818	0.00918	0.00518	0.00663	0.00915	0.01121	0.01448	0.03097	0.27937	0.13658	0.01457	0.00679	0.00219	0.00391	0.43245	0.00474	0.00451
39	0.01628	0.38307	0.10157	0.01048	0.01485	0.11534	0.00994	0.12799	0.02720	0.13311	0.01043	0.01081	0.00797	0.00515	0.00421	0.00133	0.00601	0.00362	0.00336	0.00727
40	0.01308	0.01206	0.02050	0.03067	0.75909	0.01202	0.01544	0.01609	0.01179	0.04534	0.01004	0.01288	0.00830	0.00464	0.00508	0.00153	0.00603	0.00459	0.00268	0.00815
41	0.00722	0.00524	0.00680	0.00641	0.00764	0.00482	0.00481	0.00960	0.01442	0.02032	0.75727	0.03875	0.07627	0.01058	0.00605	0.00162	0.00243	0.00934	0.00561	0.00482
42	0.02235	0.00980	0.01257	0.00964	0.01363	0.00913	0.00796	0.16649	0.01648	0.64720	0.01874	0.01649	0.01195	0.00631	0.00515	0.00158	0.00461	0.00506	0.00612	0.00873
43	0.03173	0.04424	0.39842	0.01220	0.01797	0.01147	0.01352	0.13537	0.01399	0.25216	0.01291	0.01293	0.00870	0.00550	0.00492	0.00158	0.00618	0.00428	0.00391	0.00804
44	0.00606	0.00520	0.00520	0.00520	0.00693	0.00433	0.00390	0.00736	0.01170	0.01386	0.05198	0.04938	0.78558	0.01299	0.00606	0.00173	0.00260	0.01083	0.00476	0.00433
45	0.01029	0.02654	0.79309	0.01462	0.02221	0.01192	0.01896	0.01625	0.01083	0.01625	0.00921	0.01083	0.00650	0.00487	0.00487	0.00162	0.00758	0.00379	0.00217	0.00758
46	0.01220	0.22928	0.34671	0.04231	0.01982	0.01397	0.13420	0.01613	0.01101	0.06329	0.00984	0.02814	0.00771	0.00517	0.00520	0.00154	0.03959	0.00425	0.00257	0.00707
47	0.04264	0.00876	0.01180	0.00907	0.01302	0.00763	0.00749	0.02477	0.01455	0.77312	0.01993	0.01725	0.01253	0.00631	0.00511	0.00159	0.00436	0.00510	0.00628	0.00866
48	0.01029	0.02654	0.79309	0.01462	0.02221	0.01192	0.01896	0.01625	0.01083	0.01625	0.00921	0.01083	0.00650	0.00487	0.00487	0.00162	0.00758	0.00379	0.00217	0.00758
49	0.01246	0.01195	0.02039	0.09347	0.72757	0.01213	0.01563	0.01554	0.01157	0.01647	0.00961	0.01278	0.00802	0.00462	0.00508	0.00154	0.00616	0.00457	0.00252	0.00793
50	0.01548	0.18068	0.12095	0.01271	0.10452	0.01125	0.03815	0.02972	0.01238	0.28782	0.01538	0.09921	0.01259	0.00673	0.00496	0.00156	0.00528	0.02915	0.00410	0.00739
51	0.01227	0.01175	0.02005	0.14258	0.67995	0.01208	0.01553	0.01537	0.01148	0.01624	0.00958	0.01284	0.00794	0.00465	0.00509	0.00155	0.00620	0.00457	0.00250	0.00778
52	0.00827	0.00591	0.00827	0.00945	0.01063	0.00591	0.00827	0.01063	0.01181	0.01536	0.02717	0.05788	0.02953	0.01417	0.00709	0.00236	0.00472	0.75313	0.00472	0.00472

[dist]
# distance from previous block
# <min> <max>
0	6

[block]
# block no. 6 follows, 48 sequences, length 57
# corresponding to MSA columns:
# 331-387
name=unknown_G
#
# <colnr> <probs for GDERKNQSTAVLIFYWHMCP>
#	G	D	E	R	K	N	Q	S	T	A	V	L	I	F	Y	W	H	M	C	P
