[name]
unknown

[dist]
# distance from previous block
# <min> <max>
0	521

[block]
# block no. 0 follows, 42 sequences, length 17
# corresponding to MSA columns:
# 521-537
name=unknown_A
#
# <colnr> <probs for GDERKNQSTAVLIFYWHMCP>
#	G	D	E	R	K	N	Q	S	T	A	V	L	I	F	Y	W	H	M	C	P
0	0.01238	0.00804	0.01113	0.10082	0.01563	0.00830	0.00986	0.07345	0.01426	0.11753	0.02519	0.04798	0.02523	0.01255	0.00707	0.00232	0.00548	0.49139	0.00514	0.00624
1	0.01359	0.01125	0.01208	0.00930	0.01358	0.07647	0.00739	0.04717	0.01274	0.07875	0.01161	0.01343	0.00941	0.00906	0.09442	0.00195	0.00610	0.00393	0.00365	0.56411
2	0.01371	0.01258	0.02047	0.02970	0.61863	0.01268	0.01534	0.07512	0.01368	0.01930	0.01319	0.10492	0.01225	0.00662	0.00576	0.00174	0.00625	0.00629	0.00330	0.00846
3	0.01864	0.01782	0.01449	0.01369	0.07565	0.37745	0.00971	0.04042	0.01446	0.14120	0.01153	0.01306	0.00900	0.00734	0.00707	0.09829	0.00748	0.00423	0.00365	0.11484
4	0.01429	0.01208	0.01982	0.02859	0.59913	0.01183	0.01481	0.01728	0.01317	0.09789	0.01720	0.01915	0.09714	0.00629	0.00571	0.00171	0.00604	0.00588	0.00351	0.00850
5	0.74553	0.01078	0.00927	0.09804	0.01412	0.01261	0.00720	0.01629	0.00977	0.02399	0.00809	0.00982	0.00626	0.00527	0.00373	0.00176	0.00472	0.00327	0.00337	0.00611
6	0.01415	0.01390	0.02296	0.03348	0.71591	0.03978	0.04216	0.01748	0.01294	0.01821	0.01055	0.01384	0.00884	0.00503	0.00559	0.00167	0.00690	0.00502	0.00279	0.00879
7	0.84197	0.01088	0.00827	0.00740	0.01088	0.01262	0.00609	0.01654	0.00958	0.02525	0.00784	0.00914	0.00609	0.00522	0.00348	0.00174	0.00435	0.00305	0.00348	0.00609
8	0.84197	0.01088	0.00827	0.00740	0.01088	0.01262	0.00609	0.01654	0.00958	0.02525	0.00784	0.00914	0.00609	0.00522	0.00348	0.00174	0.00435	0.00305	0.00348	0.00609
9	0.01393	0.01337	0.02284	0.03454	0.76712	0.01337	0.01727	0.01727	0.01281	0.01839	0.01059	0.01393	0.00891	0.00501	0.00557	0.00167	0.00669	0.00501	0.00279	0.00891
10	0.02067	0.02545	0.01583	0.01425	0.01725	0.69856	0.01076	0.06138	0.05582	0.01544	0.00971	0.01090	0.00790	0.00595	0.00514	0.00149	0.00964	0.00385	0.00319	0.00681
11	0.01039	0.00955	0.01581	0.71114	0.03553	0.01180	0.01442	0.01376	0.01095	0.01404	0.01077	0.01717	0.00879	0.08457	0.00791	0.00223	0.00730	0.00532	0.00259	0.00597
12	0.01131	0.01069	0.01810	0.63392	0.18824	0.01268	0.01597	0.01497	0.01157	0.01520	0.01012	0.01478	0.00779	0.00550	0.00562	0.00183	0.00733	0.00500	0.00256	0.00680
13	0.01095	0.01034	0.01747	0.71396	0.11094	0.01259	0.01579	0.01467	0.01141	0.01478	0.01006	0.01490	0.00764	0.00557	0.00562	0.00186	0.00742	0.00500	0.00253	0.00652
14	0.84197	0.01088	0.00827	0.00740	0.01088	0.01262	0.00609	0.01654	0.00958	0.02525	0.00784	0.00914	0.00609	0.00522	0.00348	0.00174	0.00435	0.00305	0.00348	0.00609
15	0.01393	0.01337	0.02284	0.03454	0.76712	0.01337	0.01727	0.01727	0.01281	0.01839	0.01059	0.01393	0.00891	0.00501	0.00557	0.00167	0.00669	0.00501	0.00279	0.00891
16	0.37076	0.01868	0.01335	0.01345	0.08892	0.37627	0.00947	0.01943	0.01292	0.01913	0.00852	0.01009	0.00692	0.00548	0.00444	0.00160	0.00733	0.00352	0.00314	0.00658

[dist]
# distance from previous block
# <min> <max>
0	1

[block]
# block no. 1 follows, 42 sequences, length 104
# corresponding to MSA columns:
# 539-604,607-640,645-648
name=unknown_B
#
# <colnr> <probs for GDERKNQSTAVLIFYWHMCP>
#	G	D	E	R	K	N	Q	S	T	A	V	L	I	F	Y	W	H	M	C	P
0	0.01455	0.70289	0.12785	0.01048	0.01576	0.02105	0.01111	0.01698	0.01149	0.01385	0.00812	0.00940	0.00721	0.00489	0.00384	0.00128	0.00632	0.00316	0.00240	0.00737
1	0.32220	0.02007	0.09076	0.01165	0.01524	0.37682	0.00984	0.01918	0.01318	0.01889	0.04830	0.01164	0.00922	0.00584	0.00460	0.00161	0.00743	0.00381	0.00323	0.00649
2	0.09723	0.08136	0.64235	0.01470	0.02228	0.01366	0.01850	0.01762	0.01161	0.01827	0.00971	0.01140	0.00703	0.00530	0.00503	0.00174	0.00775	0.00396	0.00249	0.00801
3	0.05978	0.02692	0.68458	0.01519	0.02300	0.01276	0.01921	0.01831	0.01200	0.06244	0.01068	0.01215	0.00747	0.00543	0.00526	0.00178	0.00788	0.00418	0.00271	0.00826
4	0.01789	0.01933	0.01451	0.01292	0.01589	0.39946	0.00993	0.12499	0.19395	0.01908	0.01352	0.01461	0.01074	0.01060	0.09524	0.00247	0.00880	0.00476	0.00397	0.00735
5	0.01359	0.01302	0.02223	0.11233	0.69199	0.01328	0.01710	0.01697	0.01265	0.01797	0.01053	0.01404	0.00877	0.00508	0.00558	0.00169	0.00677	0.00501	0.00276	0.00864
6	0.01063	0.01000	0.01688	0.78870	0.03876	0.01250	0.01563	0.01438	0.01125	0.01438	0.01000	0.01500	0.00750	0.00563	0.00563	0.00188	0.00750	0.00500	0.00250	0.00625
7	0.01220	0.19893	0.57868	0.01496	0.02239	0.01514	0.04896	0.01762	0.01184	0.01683	0.00965	0.01139	0.00721	0.00520	0.00502	0.00166	0.00786	0.00401	0.00240	0.00805
8	0.00686	0.00490	0.00653	0.00784	0.00816	0.00457	0.00522	0.00784	0.01077	0.01437	0.03102	0.79855	0.03722	0.01763	0.00718	0.00229	0.00326	0.01600	0.00522	0.00457
9	0.01065	0.05288	0.61678	0.01420	0.02121	0.01198	0.01766	0.01612	0.01189	0.01716	0.01624	0.06801	0.08727	0.00706	0.00554	0.00181	0.00734	0.00569	0.00286	0.00766
10	0.00816	0.00557	0.00669	0.00669	0.00688	0.00576	0.00410	0.00854	0.00835	0.01132	0.01722	0.03402	0.01924	0.65714	0.17206	0.00614	0.00729	0.00777	0.00333	0.00372
11	0.01393	0.01337	0.02284	0.03454	0.76712	0.01337	0.01727	0.01727	0.01281	0.01839	0.01059	0.01393	0.00891	0.00501	0.00557	0.00167	0.00669	0.00501	0.00279	0.00891
12	0.01129	0.02911	0.77306	0.01604	0.02436	0.01307	0.02079	0.01782	0.01188	0.01782	0.01010	0.01188	0.00713	0.00535	0.00535	0.00178	0.00832	0.00416	0.00238	0.00832
13	0.01436	0.43341	0.26581	0.01165	0.01745	0.01724	0.01288	0.03251	0.01214	0.06711	0.00998	0.01148	0.00805	0.02362	0.00495	0.00152	0.00659	0.00374	0.00284	0.04267
14	0.84197	0.01088	0.00827	0.00740	0.01088	0.01262	0.00609	0.01654	0.00958	0.02525	0.00784	0.00914	0.00609	0.00522	0.00348	0.00174	0.00435	0.00305	0.00348	0.00609
15	0.01328	0.01518	0.03321	0.02372	0.02941	0.01423	0.74668	0.01803	0.01328	0.01803	0.01139	0.01518	0.00854	0.00474	0.00664	0.00190	0.00949	0.00664	0.00285	0.00759
16	0.01134	0.02878	0.75533	0.01622	0.02448	0.01310	0.03820	0.01783	0.01192	0.01783	0.01013	0.01196	0.00716	0.00533	0.00538	0.00178	0.00835	0.00422	0.00239	0.00830
17	0.00804	0.00603	0.00904	0.00904	0.01005	0.00703	0.00703	0.01005	0.00904	0.01306	0.01507	0.02211	0.01407	0.04221	0.77992	0.00904	0.01507	0.00603	0.00301	0.00502
18	0.17363	0.01024	0.01245	0.00974	0.01394	0.00970	0.00804	0.07503	0.01563	0.58469	0.01899	0.01694	0.01220	0.00663	0.00526	0.00174	0.00481	0.00514	0.00624	0.00894
19	0.01297	0.01458	0.03131	0.11251	0.03050	0.01403	0.66183	0.01760	0.01305	0.01760	0.01122	0.01516	0.00842	0.00485	0.00652	0.00189	0.00926	0.00645	0.00281	0.00743
20	0.00793	0.00575	0.00747	0.00704	0.00839	0.00530	0.00528	0.01055	0.01585	0.02237	0.74533	0.04236	0.07204	0.01158	0.00664	0.00177	0.00266	0.01022	0.00617	0.00530
21	0.00835	0.00682	0.01022	0.00917	0.01088	0.00636	0.09133	0.01109	0.03571	0.01927	0.39987	0.22268	0.12139	0.01239	0.00674	0.00193	0.00367	0.01125	0.00545	0.00544
22	0.01162	0.01101	0.01867	0.56211	0.25759	0.01276	0.01612	0.01525	0.01172	0.01558	0.01018	0.01468	0.00793	0.00544	0.00561	0.00181	0.00726	0.00501	0.00259	0.00705
23	0.00907	0.00648	0.00907	0.01036	0.01166	0.00648	0.00907	0.01166	0.01296	0.01684	0.02980	0.06348	0.03239	0.01555	0.00777	0.00259	0.00518	0.72924	0.00518	0.00518
24	0.00686	0.00490	0.00653	0.00784	0.00816	0.00457	0.00522	0.00784	0.01077	0.01437	0.03102	0.79855	0.03722	0.01763	0.00718	0.00229	0.00326	0.01600	0.00522	0.00457
25	0.84197	0.01088	0.00827	0.00740	0.01088	0.01262	0.00609	0.01654	0.00958	0.02525	0.00784	0.00914	0.00609	0.00522	0.00348	0.00174	0.00435	0.00305	0.00348	0.00609
26	0.02041	0.10715	0.01734	0.01400	0.01709	0.70151	0.01075	0.02189	0.01548	0.01372	0.00861	0.01003	0.00725	0.00570	0.00492	0.00142	0.00972	0.00356	0.00285	0.00660
27	0.84197	0.01088	0.00827	0.00740	0.01088	0.01262	0.00609	0.01654	0.00958	0.02525	0.00784	0.00914	0.00609	0.00522	0.00348	0.00174	0.00435	0.00305	0.00348	0.00609
28	0.01063	0.01000	0.01688	0.78870	0.03876	0.01250	0.01563	0.01438	0.01125	0.01438	0.01000	0.01500	0.00750	0.00563	0.00563	0.00188	0.00750	0.00500	0.00250	0.00625
29	0.00865	0.00523	0.00624	0.00680	0.00772	0.00495	0.00479	0.01036	0.01169	0.03554	0.07081	0.41587	0.07123	0.01288	0.00593	0.00187	0.00301	0.01134	0.30008	0.00499
30	0.01284	0.04980	0.67293	0.01523	0.02304	0.01284	0.01917	0.01878	0.01230	0.09538	0.01128	0.01255	0.00783	0.00550	0.00533	0.00176	0.00789	0.00428	0.00285	0.00841
31	0.01671	0.00723	0.00911	0.00782	0.01042	0.00657	0.00614	0.01896	0.01394	0.36401	0.07060	0.10173	0.01910	0.00821	0.00524	0.00164	0.00368	0.00687	0.31486	0.00716
32	0.00861	0.00687	0.01103	0.01005	0.01136	0.00750	0.08269	0.01055	0.00933	0.01320	0.01516	0.02397	0.01462	0.17140	0.56863	0.00768	0.01281	0.00647	0.00307	0.00501
33	0.01049	0.00525	0.00525	0.00525	0.00656	0.00525	0.00393	0.01311	0.01180	0.02098	0.01836	0.02098	0.01442	0.00656	0.00393	0.00131	0.00262	0.00525	0.83346	0.00525
34	0.00812	0.00571	0.00744	0.00744	0.00789	0.00616	0.00503	0.00902	0.00857	0.01188	0.01654	0.03023	0.01760	0.46176	0.36519	0.00706	0.00976	0.00722	0.00323	0.00413
35	0.01505	0.80561	0.02949	0.00963	0.01444	0.02227	0.00963	0.01685	0.01143	0.01324	0.00782	0.00903	0.00722	0.00481	0.00361	0.00120	0.00602	0.00301	0.00241	0.00722
36	0.75668	0.09285	0.01046	0.00763	0.01125	0.01362	0.00646	0.01657	0.00977	0.02401	0.00783	0.00913	0.00621	0.00518	0.00350	0.00169	0.00453	0.00304	0.00337	0.00621
37	0.00901	0.00714	0.01026	0.01204	0.14647	0.00676	0.00746	0.01176	0.01527	0.02159	0.60632	0.03728	0.06587	0.01040	0.00644	0.00176	0.00339	0.00929	0.00555	0.00595
38	0.01584	0.01291	0.01309	0.01155	0.01487	0.06399	0.00902	0.05017	0.61032	0.10034	0.02162	0.01987	0.01597	0.00742	0.00567	0.00185	0.00491	0.00607	0.00566	0.00884
39	0.01063	0.01000	0.01688	0.78870	0.03876	0.01250	0.01563	0.01438	0.01125	0.01438	0.01000	0.01500	0.00750	0.00563	0.00563	0.00188	0.00750	0.00500	0.00250	0.00625
40	0.00759	0.00564	0.00717	0.00821	0.00883	0.00554	0.00560	0.01011	0.08774	0.01531	0.03018	0.71835	0.03515	0.01660	0.00703	0.00225	0.00339	0.01500	0.00528	0.00502
41	0.66290	0.01010	0.00840	0.00741	0.01073	0.01133	0.00606	0.01724	0.01050	0.10015	0.01051	0.01153	0.00785	0.00555	0.00376	0.00169	0.00420	0.00357	0.10017	0.00635
42	0.01276	0.01323	0.01598	0.01403	0.01440	0.10442	0.01141	0.01399	0.00969	0.01365	0.00998	0.09316	0.01045	0.01018	0.01575	0.00233	0.61984	0.00592	0.00280	0.00604
43	0.00665	0.00570	0.00570	0.00570	0.00760	0.00475	0.00428	0.00808	0.01283	0.01520	0.05701	0.05416	0.76483	0.01425	0.00665	0.00190	0.00285	0.01188	0.00523	0.00475
44	0.01063	0.01000	0.01688	0.78870	0.03876	0.01250	0.01563	0.01438	0.01125	0.01438	0.01000	0.01500	0.00750	0.00563	0.00563	0.00188	0.00750	0.00500	0.00250	0.00625
45	0.84197	0.01088	0.00827	0.00740	0.01088	0.01262	0.00609	0.01654	0.00958	0.02525	0.00784	0.00914	0.00609	0.00522	0.00348	0.00174	0.00435	0.00305	0.00348	0.00609
46	0.01394	0.01324	0.02180	0.03216	0.68950	0.01344	0.01641	0.01857	0.08957	0.01892	0.01186	0.01466	0.00977	0.00528	0.00559	0.00170	0.00646	0.00515	0.00309	0.00891
47	0.00907	0.00648	0.00907	0.01036	0.01166	0.00648	0.00907	0.01166	0.01296	0.01684	0.02980	0.06348	0.03239	0.01555	0.00777	0.00259	0.00518	0.72924	0.00518	0.00518
48	0.01063	0.01000	0.01688	0.78870	0.03876	0.01250	0.01563	0.01438	0.01125	0.01438	0.01000	0.01500	0.00750	0.00563	0.00563	0.00188	0.00750	0.00500	0.00250	0.00625
49	0.01359	0.01302	0.02223	0.11233	0.69199	0.01328	0.01710	0.01697	0.01265	0.01797	0.01053	0.01404	0.00877	0.00508	0.00558	0.00169	0.00677	0.00501	0.00276	0.00864
50	0.01359	0.01302	0.02223	0.11233	0.69199	0.01328	0.01710	0.01697	0.01265	0.01797	0.01053	0.01404	0.00877	0.00508	0.00558	0.00169	0.00677	0.00501	0.00276	0.00864
51	0.00816	0.00709	0.05146	0.00759	0.00932	0.00576	0.00620	0.01103	0.01570	0.02230	0.72088	0.04031	0.05046	0.01115	0.00656	0.00177	0.00298	0.00983	0.00598	0.00548
52	0.00978	0.00489	0.00733	0.00733	0.00733	0.00489	0.00489	0.00733	0.00733	0.00978	0.00978	0.01711	0.00978	0.01955	0.02199	0.83627	0.00489	0.00489	0.00244	0.00244
53	0.00744	0.00573	0.00680	0.00653	0.00809	0.00509	0.00490	0.00961	0.01470	0.01964	0.48346	0.04685	0.33562	0.01260	0.00664	0.00182	0.00273	0.01085	0.00581	0.00509
54	0.39625	0.01363	0.01166	0.01014	0.01363	0.09287	0.00810	0.13468	0.22362	0.02517	0.01306	0.01327	0.00988	0.00620	0.00461	0.00175	0.00527	0.00436	0.00439	0.00747
55	0.02082	0.00910	0.01197	0.00962	0.01327	0.00829	0.00778	0.02447	0.09239	0.55312	0.14762	0.03817	0.02132	0.00801	0.00586	0.00177	0.00436	0.00669	0.00667	0.00869
56	0.84197	0.01088	0.00827	0.00740	0.01088	0.01262	0.00609	0.01654	0.00958	0.02525	0.00784	0.00914	0.00609	0.00522	0.00348	0.00174	0.00435	0.00305	0.00348	0.00609
57	0.01505	0.80561	0.02949	0.00963	0.01444	0.02227	0.00963	0.01685	0.01143	0.01324	0.00782	0.00903	0.00722	0.00481	0.00361	0.00120	0.00602	0.00301	0.00241	0.00722
58	0.00665	0.00570	0.00570	0.00570	0.00760	0.00475	0.00428	0.00808	0.01283	0.01520	0.05701	0.05416	0.76483	0.01425	0.00665	0.00190	0.00285	0.01188	0.00523	0.00475
59	0.00762	0.00574	0.00705	0.00672	0.00820	0.00516	0.00504	0.00995	0.01512	0.02064	0.57893	0.04521	0.23952	0.01222	0.00664	0.00180	0.00271	0.01062	0.00594	0.00516
60	0.00686	0.00490	0.00653	0.00784	0.00816	0.00457	0.00522	0.00784	0.01077	0.01437	0.03102	0.79855	0.03722	0.01763	0.00718	0.00229	0.00326	0.01600	0.00522	0.00457
61	0.00806	0.00563	0.00696	0.00674	0.00806	0.00519	0.00501	0.01046	0.01470	0.02097	0.53879	0.09064	0.12974	0.01160	0.00633	0.00176	0.00271	0.01013	0.11134	0.00519
62	0.45686	0.01275	0.01205	0.00980	0.01376	0.01426	0.00809	0.31055	0.01679	0.08074	0.01110	0.01158	0.00803	0.00596	0.00449	0.00172	0.00512	0.00404	0.00458	0.00773
63	0.00817	0.00640	0.00939	0.01241	0.13357	0.00615	0.00746	0.00964	0.01125	0.01519	0.02757	0.62067	0.03223	0.01541	0.00696	0.00220	0.00396	0.06121	0.00482	0.00533
64	0.01063	0.01000	0.01688	0.78870	0.03876	0.01250	0.01563	0.01438	0.01125	0.01438	0.01000	0.01500	0.00750	0.00563	0.00563	0.00188	0.00750	0.00500	0.00250	0.00625
65	0.01265	0.31122	0.50292	0.01371	0.02076	0.01641	0.01674	0.01747	0.01172	0.01616	0.00927	0.01084	0.00716	0.00515	0.00472	0.00157	0.00748	0.00374	0.00239	0.00792
66	0.00810	0.00577	0.00775	0.00775	0.00831	0.00633	0.00543	0.00922	0.00866	0.01211	0.01625	0.02864	0.01691	0.37952	0.44649	0.00745	0.01081	0.00699	0.00319	0.00431
67	0.01328	0.01518	0.03321	0.02372	0.02941	0.01423	0.74668	0.01803	0.01328	0.01803	0.01139	0.01518	0.00854	0.00474	0.00664	0.00190	0.00949	0.00664	0.00285	0.00759
68	0.01445	0.67235	0.07668	0.00992	0.01498	0.02014	0.01006	0.01664	0.01149	0.01407	0.00820	0.00949	0.00733	0.00478	0.00378	0.00120	0.00598	0.00312	0.00250	0.09284
69	0.36169	0.33509	0.15152	0.00982	0.01469	0.01660	0.01011	0.01689	0.01073	0.01909	0.00823	0.00958	0.00673	0.00508	0.00386	0.00153	0.00572	0.00323	0.00285	0.00694
70	0.01393	0.01337	0.02284	0.03454	0.76712	0.01337	0.01727	0.01727	0.01281	0.01839	0.01059	0.01393	0.00891	0.00501	0.00557	0.00167	0.00669	0.00501	0.00279	0.00891
71	0.01168	0.00654	0.00867	0.00777	0.00970	0.00591	0.00595	0.01413	0.01564	0.18611	0.55501	0.08500	0.04351	0.01090	0.00646	0.00180	0.00316	0.00956	0.00630	0.00620
72	0.01505	0.80561	0.02949	0.00963	0.01444	0.02227	0.00963	0.01685	0.01143	0.01324	0.00782	0.00903	0.00722	0.00481	0.00361	0.00120	0.00602	0.00301	0.00241	0.00722
73	0.00713	0.00572	0.00637	0.00621	0.00790	0.00496	0.00466	0.00901	0.01397	0.01791	0.31718	0.04970	0.50297	0.01324	0.00665	0.00185	0.00278	0.01125	0.00558	0.00496
74	0.00675	0.00569	0.00585	0.00584	0.00767	0.00479	0.00437	0.00825	0.01300	0.01569	0.10516	0.06993	0.69955	0.01414	0.00666	0.00190	0.00285	0.01185	0.00529	0.00479
75	0.01194	0.01164	0.01629	0.01426	0.01441	0.01599	0.01194	0.01332	0.00912	0.01393	0.00999	0.01825	0.01029	0.01051	0.01723	0.00248	0.70061	0.08899	0.00278	0.00604
76	0.01377	0.01321	0.02256	0.07025	0.73263	0.01333	0.01719	0.01713	0.01274	0.01820	0.01056	0.01398	0.00885	0.00504	0.00557	0.00168	0.00672	0.00501	0.00277	0.00879
77	0.00804	0.00603	0.00904	0.00904	0.01005	0.00703	0.00703	0.01005	0.00904	0.01306	0.01507	0.02211	0.01407	0.04221	0.77992	0.00904	0.01507	0.00603	0.00301	0.00502
78	0.01928	0.02097	0.01529	0.01343	0.01670	0.44047	0.01033	0.15961	0.20874	0.02033	0.01325	0.01357	0.01024	0.00645	0.00535	0.00161	0.00795	0.00460	0.00414	0.00771
79	0.02409	0.00984	0.01303	0.01016	0.01439	0.00886	0.00834	0.02768	0.09252	0.69392	0.02227	0.01934	0.01427	0.00703	0.00567	0.00176	0.00475	0.00573	0.00684	0.00951
80	0.01466	0.72552	0.10619	0.01029	0.01547	0.02132	0.01078	0.01695	0.01148	0.01371	0.00806	0.00932	0.00721	0.00487	0.00379	0.00126	0.00626	0.00313	0.00240	0.00733
81	0.01129	0.02911	0.77306	0.01604	0.02436	0.01307	0.02079	0.01782	0.01188	0.01782	0.01010	0.01188	0.00713	0.00535	0.00535	0.00178	0.00832	0.00416	0.00238	0.00832
82	0.02525	0.00958	0.01306	0.01001	0.01437	0.00827	0.00827	0.02743	0.01611	0.77102	0.02220	0.01915	0.01393	0.00697	0.00566	0.00174	0.00479	0.00566	0.00697	0.00958
83	0.01063	0.01000	0.01688	0.78870	0.03876	0.01250	0.01563	0.01438	0.01125	0.01438	0.01000	0.01500	0.00750	0.00563	0.00563	0.00188	0.00750	0.00500	0.00250	0.00625
84	0.02031	0.01990	0.01843	0.01479	0.01882	0.30675	0.09619	0.38771	0.02094	0.02520	0.01144	0.01243	0.00857	0.00616	0.00554	0.00162	0.00808	0.00470	0.00427	0.00818
85	0.00686	0.00490	0.00653	0.00784	0.00816	0.00457	0.00522	0.00784	0.01077	0.01437	0.03102	0.79855	0.03722	0.01763	0.00718	0.00229	0.00326	0.01600	0.00522	0.00457
86	0.01386	0.01356	0.02391	0.03343	0.69103	0.01346	0.09251	0.01735	0.01286	0.01835	0.01067	0.01406	0.00888	0.00499	0.00568	0.00169	0.00697	0.00518	0.00279	0.00878
87	0.02152	0.01120	0.01848	0.01378	0.01844	0.01013	0.20765	0.02500	0.04806	0.53472	0.01931	0.01816	0.01262	0.00640	0.00593	0.00179	0.00604	0.00596	0.00580	0.00901
88	0.00806	0.00593	0.00855	0.00855	0.00939	0.00677	0.00642	0.00973	0.00890	0.01270	0.01552	0.02460	0.01515	0.17071	0.65290	0.00844	0.01345	0.00639	0.00308	0.00475
89	0.79323	0.01195	0.05315	0.00791	0.01167	0.01265	0.00696	0.01662	0.00971	0.02481	0.00797	0.00930	0.00616	0.00523	0.00359	0.00174	0.00459	0.00311	0.00342	0.00623
90	0.01129	0.02911	0.77306	0.01604	0.02436	0.01307	0.02079	0.01782	0.01188	0.01782	0.01010	0.01188	0.00713	0.00535	0.00535	0.00178	0.00832	0.00416	0.00238	0.00832
91	0.00683	0.00499	0.00643	0.00759	0.00810	0.00459	0.00511	0.00786	0.01101	0.01446	0.03403	0.71215	0.12167	0.01724	0.00712	0.00224	0.00322	0.01552	0.00522	0.00459
92	0.01167	0.01000	0.01167	0.00834	0.01334	0.00750	0.00667	0.01417	0.01167	0.01834	0.01000	0.01167	0.00834	0.00417	0.00417	0.00083	0.00417	0.00333	0.00333	0.83663
93	0.01350	0.42578	0.31310	0.01228	0.01827	0.01788	0.01384	0.01857	0.08850	0.01606	0.01025	0.01136	0.00821	0.00531	0.00450	0.00150	0.00674	0.00380	0.00274	0.00782
94	0.01850	0.02119	0.01508	0.01352	0.01644	0.47829	0.01034	0.05643	0.24013	0.01768	0.01315	0.01368	0.01036	0.00659	0.00593	0.00165	0.04526	0.00458	0.00385	0.00736
95	0.02324	0.00913	0.01242	0.00967	0.01367	0.00793	0.00793	0.02548	0.01609	0.68415	0.10832	0.02181	0.01848	0.00749	0.00577	0.00174	0.00454	0.00618	0.00688	0.00908
96	0.01194	0.05688	0.01779	0.64857	0.08396	0.01289	0.01496	0.01546	0.01165	0.05800	0.01061	0.01482	0.00795	0.00562	0.00551	0.00181	0.00721	0.00492	0.00277	0.00667
97	0.00665	0.00570	0.00570	0.00570	0.00760	0.00475	0.00428	0.00808	0.01283	0.01520	0.05701	0.05416	0.76483	0.01425	0.00665	0.00190	0.00285	0.01188	0.00523	0.00475
98	0.01989	0.02709	0.10382	0.01468	0.01821	0.69066	0.01202	0.02193	0.01548	0.01424	0.00886	0.01035	0.00724	0.00575	0.00511	0.00149	0.00994	0.00369	0.00284	0.00673
99	0.01221	0.02662	0.60928	0.01783	0.06806	0.05720	0.09489	0.01808	0.01231	0.01764	0.01018	0.01224	0.00739	0.00529	0.00548	0.00177	0.00845	0.00443	0.00248	0.00817
100	0.01400	0.01209	0.01273	0.01145	0.01463	0.01400	0.00891	0.02990	0.75695	0.02354	0.02291	0.02100	0.01718	0.00764	0.00573	0.00191	0.00445	0.00636	0.00573	0.00891
101	0.02271	0.10394	0.01555	0.01067	0.01493	0.06287	0.00890	0.10390	0.06003	0.50915	0.01873	0.01687	0.01242	0.00665	0.00538	0.00166	0.00542	0.00519	0.00595	0.00906
102	0.00797	0.00581	0.00753	0.00726	0.00862	0.00537	0.00555	0.01054	0.01548	0.02161	0.65683	0.04461	0.09831	0.01202	0.00673	0.00185	0.00288	0.06972	0.00605	0.00526
103	0.01490	0.69939	0.04140	0.00988	0.01445	0.06456	0.00966	0.01683	0.01197	0.01390	0.05230	0.01108	0.00991	0.00527	0.00391	0.00126	0.00610	0.00349	0.00266	0.00709

[dist]
# distance from previous block
# <min> <max>
4	9

[block]
# block no. 2 follows, 42 sequences, length 11
# corresponding to MSA columns:
# 663-673
name=unknown_C
#
# <colnr> <probs for GDERKNQSTAVLIFYWHMCP>
#	G	D	E	R	K	N	Q	S	T	A	V	L	I	F	Y	W	H	M	C	P
0	0.01364	0.34669	0.39494	0.01315	0.01946	0.04883	0.01523	0.01775	0.01189	0.03563	0.00935	0.01084	0.00736	0.00532	0.00500	0.00155	0.02935	0.00373	0.00253	0.00777
1	0.01435	0.46861	0.13766	0.01415	0.01959	0.05360	0.18731	0.01753	0.01215	0.01507	0.00904	0.01096	0.00752	0.00492	0.00465	0.00146	0.00737	0.00407	0.00253	0.00744
2	0.01487	0.46881	0.07458	0.01188	0.01555	0.11331	0.01117	0.01682	0.01135	0.01368	0.00798	0.01014	0.00726	0.00617	0.00745	0.00157	0.19435	0.00362	0.00248	0.00696
3	0.00849	0.00539	0.00628	0.00646	0.00761	0.00501	0.00474	0.00932	0.01113	0.01532	0.03277	0.09379	0.30212	0.01404	0.00979	0.20108	0.00348	0.05852	0.20033	0.00433
4	0.54273	0.00943	0.00835	0.00742	0.01018	0.01038	0.00572	0.01588	0.01005	0.11326	0.01196	0.01698	0.01049	0.19576	0.00976	0.00263	0.00467	0.00459	0.00389	0.00588
5	0.00744	0.00541	0.00621	0.00649	0.00716	0.00505	0.00420	0.00823	0.01056	0.01366	0.08122	0.22369	0.22472	0.35237	0.01620	0.00351	0.00405	0.01117	0.00451	0.00417
6	0.01430	0.42998	0.17334	0.01147	0.01659	0.01827	0.01173	0.04908	0.19015	0.01749	0.01210	0.01263	0.00967	0.00567	0.00454	0.00151	0.00611	0.00412	0.00332	0.00794
7	0.00782	0.00551	0.00603	0.00603	0.00649	0.00529	0.00362	0.00816	0.00929	0.01194	0.02711	0.04097	0.19822	0.61406	0.02339	0.00461	0.00483	0.00907	0.00384	0.00373
8	0.01431	0.48241	0.04847	0.00958	0.01354	0.06536	0.00898	0.01649	0.01314	0.06802	0.18956	0.01778	0.01864	0.00664	0.00463	0.00141	0.00548	0.00498	0.00366	0.00692
9	0.01338	0.42962	0.33229	0.01331	0.01961	0.01791	0.07020	0.01734	0.01176	0.01547	0.00902	0.01066	0.00728	0.00503	0.00455	0.00149	0.00722	0.00375	0.00243	0.00770
10	0.00725	0.00579	0.00660	0.00706	0.00863	0.00514	0.00553	0.00890	0.01262	0.01550	0.04753	0.14182	0.50642	0.01495	0.00698	0.00211	0.00345	0.18366	0.00522	0.00483

[dist]
# distance from previous block
# <min> <max>
0	141

# created by:
# /home/berkeley/.conda/envs/busco_data_prod/bin/msa2prfl.pl pipeline/OGs_align_augustus/33634/155393.fs
