[name]
unknown

[dist]
# distance from previous block
# <min> <max>
0	183

[block]
# block no. 0 follows, 45 sequences, length 114
# corresponding to MSA columns:
# 216-329
name=unknown_A
#
# <colnr> <probs for GDERKNQSTAVLIFYWHMCP>
#	G	D	E	R	K	N	Q	S	T	A	V	L	I	F	Y	W	H	M	C	P
0	0.00911	0.00821	0.01213	0.28772	0.04655	0.03754	0.03819	0.01128	0.01078	0.01402	0.01926	0.37155	0.02097	0.01105	0.00670	0.00200	0.04215	0.04175	0.00370	0.00534
1	0.01652	0.04270	0.04769	0.07117	0.01729	0.01347	0.03833	0.26453	0.23653	0.12377	0.03287	0.01616	0.01230	0.00645	0.00533	0.00166	0.00540	0.00526	0.00493	0.03765
2	0.00880	0.00643	0.00866	0.00939	0.03885	0.00644	0.00707	0.01128	0.03897	0.04377	0.21007	0.20873	0.08615	0.01305	0.00721	0.00208	0.04069	0.24204	0.00506	0.00527
3	0.13804	0.01230	0.01171	0.06903	0.01468	0.14496	0.00792	0.05916	0.03980	0.09666	0.10384	0.01542	0.01349	0.00588	0.00470	0.00138	0.00524	0.00452	0.00396	0.24731
4	0.65527	0.02603	0.03683	0.03828	0.01266	0.02884	0.03325	0.01592	0.00985	0.05046	0.00930	0.04658	0.00768	0.00560	0.00384	0.00168	0.00469	0.00381	0.00340	0.00603
5	0.00832	0.00714	0.04440	0.03752	0.01095	0.00613	0.03492	0.01053	0.01232	0.04353	0.26570	0.19031	0.15342	0.01509	0.10320	0.00264	0.00494	0.00965	0.00470	0.03457
6	0.01682	0.04964	0.01459	0.04064	0.01555	0.07305	0.00936	0.32652	0.22556	0.05993	0.01510	0.01570	0.01142	0.03478	0.00645	0.00178	0.03582	0.00511	0.03414	0.00804
7	0.12370	0.01088	0.01236	0.00984	0.01346	0.01120	0.00796	0.26300	0.04421	0.29523	0.01573	0.01649	0.01137	0.06668	0.04300	0.00220	0.00542	0.00504	0.00522	0.03698
8	0.01430	0.11208	0.21772	0.09735	0.01938	0.02741	0.01245	0.18886	0.08120	0.04886	0.01154	0.01267	0.00862	0.00557	0.00511	0.00153	0.01978	0.00427	0.00356	0.10773
9	0.00787	0.00584	0.00743	0.00701	0.00846	0.00542	0.00530	0.01074	0.04107	0.02065	0.63800	0.06443	0.08033	0.01102	0.00627	0.00171	0.00275	0.03364	0.00569	0.03637
10	0.01017	0.00959	0.01611	0.78013	0.03644	0.01203	0.01483	0.01370	0.01067	0.01370	0.00948	0.01425	0.00715	0.00546	0.00565	0.00180	0.02571	0.00477	0.00238	0.00596
11	0.01512	0.01528	0.01511	0.01304	0.01523	0.19349	0.02772	0.10037	0.25355	0.01835	0.01276	0.01409	0.01024	0.00740	0.00922	0.00187	0.26131	0.00490	0.00377	0.00717
12	0.01505	0.71748	0.02654	0.00976	0.01412	0.11583	0.00933	0.01673	0.01144	0.01269	0.00757	0.00874	0.00689	0.00471	0.00362	0.00118	0.00623	0.00294	0.00235	0.00681
13	0.00932	0.00466	0.00699	0.00699	0.00699	0.00466	0.00466	0.00699	0.00699	0.00932	0.00932	0.01632	0.00932	0.01865	0.02098	0.84382	0.00466	0.00466	0.00233	0.00233
14	0.01456	0.01216	0.01304	0.01168	0.03200	0.01390	0.00897	0.15411	0.62293	0.02430	0.02004	0.01864	0.01496	0.00708	0.00544	0.00178	0.00458	0.00583	0.00538	0.00861
15	0.01106	0.01005	0.01646	0.12317	0.42256	0.01052	0.01288	0.01415	0.02762	0.01617	0.04873	0.04644	0.03021	0.01254	0.14703	0.00295	0.00745	0.02993	0.00308	0.00700
16	0.02688	0.17748	0.40464	0.01291	0.03198	0.01304	0.03167	0.01788	0.01186	0.13312	0.01096	0.01190	0.00796	0.00511	0.00472	0.00150	0.00657	0.00395	0.00306	0.08279
17	0.01087	0.02705	0.74328	0.01569	0.02349	0.01253	0.05938	0.01701	0.01140	0.01701	0.00970	0.01150	0.00687	0.00507	0.00517	0.00171	0.00799	0.00409	0.00229	0.00790
18	0.00689	0.00546	0.00619	0.00601	0.00758	0.00476	0.00451	0.00876	0.01352	0.01756	0.36769	0.04663	0.46047	0.01246	0.00634	0.00176	0.00264	0.01062	0.00539	0.00476
19	0.02889	0.01214	0.03414	0.11840	0.18415	0.01174	0.23402	0.04335	0.01331	0.22821	0.01329	0.01499	0.00946	0.00546	0.00588	0.00172	0.02375	0.00537	0.00383	0.00789
20	0.01695	0.04480	0.29034	0.03933	0.03187	0.01115	0.08023	0.04696	0.03054	0.33175	0.01481	0.01475	0.00993	0.00576	0.00531	0.00168	0.00637	0.00485	0.00430	0.00833
21	0.00668	0.00545	0.00590	0.00579	0.00745	0.00467	0.00434	0.00835	0.01302	0.01636	0.24552	0.04859	0.58338	0.01290	0.00634	0.00178	0.00267	0.01090	0.00523	0.00467
22	0.00768	0.00570	0.00834	0.00834	0.00920	0.00656	0.00636	0.00940	0.00854	0.01225	0.01464	0.02252	0.01404	0.11915	0.71204	0.00828	0.01344	0.00596	0.00291	0.00464
23	0.01536	0.35245	0.13860	0.01180	0.01599	0.22469	0.01119	0.06235	0.02690	0.01486	0.00882	0.01061	0.00751	0.02493	0.00563	0.00150	0.05361	0.00360	0.00269	0.00689
24	0.01259	0.01130	0.02107	0.01845	0.12442	0.01084	0.34450	0.06197	0.01313	0.07505	0.01673	0.16574	0.01579	0.00806	0.00626	0.00189	0.00667	0.07482	0.00379	0.00693
25	0.01113	0.00954	0.01113	0.00795	0.01272	0.00716	0.00636	0.01352	0.01113	0.01749	0.00954	0.01113	0.00795	0.00398	0.00398	0.00080	0.00398	0.00318	0.00318	0.84417
26	0.00700	0.00491	0.00630	0.00724	0.00753	0.00469	0.00480	0.00781	0.00980	0.01305	0.02636	0.56498	0.03122	0.21406	0.01198	0.00295	0.00376	0.06290	0.00455	0.00412
27	0.00766	0.00626	0.00840	0.00872	0.00914	0.00700	0.00640	0.00875	0.00993	0.01353	0.02622	0.52339	0.09575	0.01659	0.06180	0.00262	0.16673	0.01211	0.00430	0.00471
28	0.01104	0.08730	0.72638	0.01484	0.02252	0.01313	0.01903	0.01693	0.01130	0.01667	0.00947	0.01113	0.00681	0.00506	0.00497	0.00166	0.00777	0.00388	0.00227	0.00785
29	0.00654	0.00467	0.00623	0.00747	0.00779	0.00436	0.00498	0.00747	0.01028	0.01370	0.02959	0.80785	0.03550	0.01682	0.00685	0.00218	0.00311	0.01526	0.00498	0.00436
30	0.00757	0.00560	0.00718	0.00742	0.00870	0.00521	0.00585	0.00974	0.01348	0.01813	0.38043	0.11095	0.17541	0.01298	0.00667	0.00196	0.00327	0.20916	0.00540	0.00488
31	0.00825	0.00655	0.00987	0.13228	0.01371	0.00781	0.00788	0.01020	0.00886	0.01248	0.01355	0.02098	0.01275	0.10829	0.55947	0.00695	0.04669	0.00575	0.00281	0.00487
32	0.01233	0.16196	0.05838	0.25018	0.24477	0.01423	0.15224	0.01575	0.01158	0.01542	0.00956	0.01285	0.00766	0.00489	0.00516	0.00161	0.00705	0.00467	0.00250	0.00720
33	0.02400	0.00926	0.01254	0.00961	0.01377	0.00808	0.00794	0.04194	0.01558	0.76551	0.02100	0.01815	0.01320	0.00664	0.00540	0.00166	0.00460	0.00539	0.00662	0.00914
34	0.11915	0.01060	0.01265	0.00989	0.01393	0.01041	0.00815	0.17487	0.05149	0.50537	0.01792	0.01614	0.01171	0.00644	0.00515	0.00166	0.00478	0.00502	0.00594	0.00872
35	0.01393	0.01044	0.01160	0.01042	0.01329	0.01158	0.00821	0.05817	0.52649	0.10579	0.05508	0.05991	0.01919	0.00835	0.00570	0.00185	0.00428	0.06219	0.00555	0.00799
36	0.00778	0.00566	0.00713	0.00673	0.00809	0.00529	0.00506	0.01063	0.03956	0.02097	0.66919	0.03961	0.10309	0.01089	0.00621	0.00169	0.00260	0.00955	0.03513	0.00514
37	0.01174	0.01174	0.01644	0.01409	0.01409	0.01644	0.01174	0.01292	0.00822	0.01292	0.00705	0.01174	0.00705	0.00940	0.01762	0.00235	0.80153	0.00470	0.00235	0.00587
38	0.01014	0.00954	0.01610	0.79845	0.03697	0.01193	0.01491	0.01371	0.01073	0.01371	0.00954	0.01431	0.00716	0.00537	0.00537	0.00179	0.00716	0.00477	0.00239	0.00596
39	0.01054	0.00638	0.00856	0.00899	0.01066	0.00603	0.00754	0.01263	0.01258	0.13548	0.03076	0.13550	0.12460	0.01361	0.00690	0.00223	0.00440	0.45191	0.00522	0.00548
40	0.00961	0.00854	0.01211	0.01100	0.01143	0.01119	0.00882	0.01102	0.00837	0.01252	0.01111	0.01776	0.01088	0.08578	0.36535	0.00539	0.38587	0.00541	0.00266	0.00518
41	0.00846	0.00497	0.00634	0.00634	0.00634	0.00497	0.00386	0.00746	0.00746	0.00994	0.01366	0.02708	0.01515	0.47205	0.02461	0.36416	0.00497	0.00646	0.00286	0.00286
42	0.01546	0.60458	0.06033	0.01037	0.01484	0.13064	0.00992	0.07318	0.01263	0.01451	0.00809	0.00921	0.00706	0.00489	0.00387	0.00124	0.00642	0.00315	0.00259	0.00701
43	0.01403	0.01078	0.01235	0.00906	0.01368	0.00938	0.00733	0.18541	0.01462	0.06706	0.01101	0.01196	0.00854	0.00470	0.00438	0.00103	0.00445	0.00369	0.00389	0.60265
44	0.03370	0.01114	0.01474	0.33232	0.04881	0.01277	0.01156	0.15722	0.20172	0.09952	0.01439	0.01571	0.01046	0.00615	0.00535	0.00174	0.00584	0.00513	0.00417	0.00759
45	0.01126	0.12060	0.66763	0.01483	0.02228	0.01355	0.04443	0.01690	0.01133	0.01649	0.00942	0.01112	0.00686	0.00502	0.00495	0.00164	0.00771	0.00392	0.00229	0.00778
46	0.00750	0.00548	0.00704	0.00665	0.00796	0.00502	0.00499	0.00995	0.01497	0.02099	0.72050	0.04097	0.10551	0.01117	0.00633	0.00170	0.00255	0.00983	0.00584	0.00502
47	0.01237	0.01385	0.02993	0.02166	0.02677	0.01301	0.70164	0.01674	0.01265	0.01711	0.01219	0.01797	0.00987	0.00530	0.00642	0.00186	0.00874	0.06198	0.00288	0.00707
48	0.01239	0.01377	0.02903	0.11679	0.02861	0.01337	0.63920	0.01720	0.04116	0.01697	0.01112	0.01467	0.00834	0.00473	0.00618	0.00181	0.00864	0.00613	0.00278	0.00713
49	0.01079	0.00576	0.00584	0.00556	0.00704	0.00588	0.00424	0.06907	0.01231	0.02106	0.01716	0.01947	0.01341	0.00627	0.00387	0.00128	0.00276	0.00499	0.77791	0.00532
50	0.01335	0.01153	0.01214	0.01092	0.01396	0.01335	0.00850	0.02852	0.76817	0.02245	0.02185	0.02003	0.01639	0.00728	0.00546	0.00182	0.00425	0.00607	0.00546	0.00850
51	0.00654	0.00467	0.00623	0.00747	0.00779	0.00436	0.00498	0.00747	0.01028	0.01370	0.02959	0.80785	0.03550	0.01682	0.00685	0.00218	0.00311	0.01526	0.00498	0.00436
52	0.00653	0.00473	0.00617	0.00732	0.00775	0.00437	0.00491	0.00749	0.01043	0.01376	0.03146	0.75063	0.09151	0.01657	0.00681	0.00215	0.00308	0.01496	0.00498	0.00437
53	0.02041	0.01504	0.01611	0.01235	0.01665	0.01665	0.01020	0.75997	0.02524	0.03383	0.01289	0.01289	0.00913	0.00644	0.00537	0.00161	0.00591	0.00483	0.00537	0.00913
54	0.00644	0.00546	0.00568	0.00568	0.00743	0.00470	0.00428	0.00785	0.01196	0.01435	0.05135	0.04935	0.71801	0.01561	0.06565	0.00233	0.00360	0.01091	0.00483	0.00455
55	0.01329	0.01275	0.02179	0.03295	0.77787	0.01275	0.01647	0.01647	0.01222	0.01754	0.01010	0.01329	0.00850	0.00478	0.00531	0.00159	0.00638	0.00478	0.00266	0.00850
56	0.01389	0.01180	0.01244	0.01103	0.01416	0.01360	0.00863	0.08387	0.71195	0.02332	0.02117	0.01949	0.01584	0.00722	0.00546	0.00180	0.00437	0.00598	0.00546	0.00854
57	0.84927	0.01038	0.00789	0.00706	0.01038	0.01204	0.00581	0.01578	0.00914	0.02408	0.00747	0.00872	0.00581	0.00498	0.00332	0.00166	0.00415	0.00291	0.00332	0.00581
58	0.84927	0.01038	0.00789	0.00706	0.01038	0.01204	0.00581	0.01578	0.00914	0.02408	0.00747	0.00872	0.00581	0.00498	0.00332	0.00166	0.00415	0.00291	0.00332	0.00581
59	0.01001	0.00500	0.00500	0.00500	0.00625	0.00500	0.00375	0.01251	0.01126	0.02001	0.01751	0.02001	0.01376	0.00625	0.00375	0.00125	0.00250	0.00500	0.84115	0.00500
60	0.01405	0.01188	0.01253	0.01107	0.01422	0.01368	0.00867	0.10101	0.69455	0.02358	0.02096	0.01932	0.01567	0.00720	0.00545	0.00180	0.00441	0.00595	0.00545	0.00856
61	0.01077	0.02777	0.78354	0.01530	0.02323	0.01247	0.01983	0.01700	0.01133	0.01700	0.00963	0.01133	0.00680	0.00510	0.00510	0.00170	0.00793	0.00397	0.00227	0.00793
62	0.01505	0.71836	0.02655	0.00975	0.01412	0.11497	0.00933	0.01673	0.01143	0.01269	0.00756	0.00874	0.00689	0.00471	0.00361	0.00118	0.00622	0.00294	0.00235	0.00681
63	0.01001	0.00500	0.00500	0.00500	0.00625	0.00500	0.00375	0.01251	0.01126	0.02001	0.01751	0.02001	0.01376	0.00625	0.00375	0.00125	0.00250	0.00500	0.84115	0.00500
64	0.24657	0.01251	0.01667	0.03534	0.39573	0.01334	0.01220	0.16850	0.01401	0.02262	0.00993	0.01196	0.00786	0.00519	0.00477	0.00162	0.00568	0.00427	0.00339	0.00784
65	0.00767	0.00575	0.00863	0.00863	0.00959	0.00671	0.00671	0.00959	0.00863	0.01246	0.01438	0.02109	0.01342	0.04026	0.79008	0.00863	0.01438	0.00575	0.00288	0.00479
66	0.01001	0.00500	0.00500	0.00500	0.00625	0.00500	0.00375	0.01251	0.01126	0.02001	0.01751	0.02001	0.01376	0.00625	0.00375	0.00125	0.00250	0.00500	0.84115	0.00500
67	0.02041	0.01504	0.01611	0.01235	0.01665	0.01665	0.01020	0.75997	0.02524	0.03383	0.01289	0.01289	0.00913	0.00644	0.00537	0.00161	0.00591	0.00483	0.00537	0.00913
68	0.01267	0.01448	0.03167	0.02262	0.02805	0.01357	0.75837	0.01719	0.01267	0.01719	0.01086	0.01448	0.00814	0.00452	0.00633	0.00181	0.00905	0.00633	0.00271	0.00724
69	0.02041	0.01504	0.01611	0.01235	0.01665	0.01665	0.01020	0.75997	0.02524	0.03383	0.01289	0.01289	0.00913	0.00644	0.00537	0.00161	0.00591	0.00483	0.00537	0.00913
70	0.01371	0.01103	0.01414	0.01140	0.01455	0.01170	0.09737	0.26698	0.17512	0.02534	0.27067	0.02371	0.02448	0.00791	0.00583	0.00170	0.00480	0.00691	0.00525	0.00741
71	0.01117	0.01055	0.01678	0.43411	0.14962	0.01302	0.01393	0.03189	0.01063	0.01458	0.00933	0.01379	0.00767	0.00778	0.04251	0.00218	0.19675	0.00480	0.00251	0.00638
72	0.01202	0.01228	0.01553	0.01350	0.01383	0.08012	0.01111	0.01328	0.00885	0.01289	0.00791	0.01254	0.00770	0.01227	0.09671	0.00292	0.65360	0.00470	0.00244	0.00579
73	0.01341	0.01272	0.02140	0.05908	0.72692	0.01285	0.01621	0.04080	0.01260	0.01794	0.01017	0.01331	0.00848	0.00486	0.00532	0.00160	0.00639	0.00478	0.00274	0.00843
74	0.01335	0.01153	0.01214	0.01092	0.01396	0.01335	0.00850	0.02852	0.76817	0.02245	0.02185	0.02003	0.01639	0.00728	0.00546	0.00182	0.00425	0.00607	0.00546	0.00850
75	0.00850	0.00636	0.00772	0.00731	0.00731	0.00719	0.00475	0.00871	0.00788	0.01085	0.01517	0.03100	0.01732	0.66994	0.02561	0.00470	0.14562	0.00726	0.00309	0.00371
76	0.00760	0.00549	0.00718	0.00675	0.00802	0.00506	0.00506	0.01013	0.01519	0.02153	0.77503	0.04010	0.05065	0.01097	0.00633	0.00169	0.00253	0.00971	0.00591	0.00506
77	0.01329	0.01275	0.02179	0.03295	0.77787	0.01275	0.01647	0.01647	0.01222	0.01754	0.01010	0.01329	0.00850	0.00478	0.00531	0.00159	0.00638	0.00478	0.00266	0.00850
78	0.01113	0.00954	0.01113	0.00795	0.01272	0.00716	0.00636	0.01352	0.01113	0.01749	0.00954	0.01113	0.00795	0.00398	0.00398	0.00080	0.00398	0.00318	0.00318	0.84417
79	0.01213	0.01921	0.37711	0.01299	0.01835	0.01293	0.01386	0.02307	0.41009	0.01987	0.01607	0.01591	0.01185	0.00625	0.00529	0.00176	0.00599	0.00507	0.00395	0.00823
80	0.01125	0.00978	0.01210	0.03920	0.06956	0.00774	0.00742	0.01374	0.01120	0.01735	0.00958	0.01141	0.00796	0.00409	0.00413	0.00089	0.00427	0.00336	0.00311	0.75188
81	0.01361	0.01169	0.01661	0.11464	0.01975	0.01280	0.16054	0.02415	0.46123	0.07771	0.01800	0.01804	0.01330	0.00643	0.00562	0.00180	0.00562	0.00590	0.00460	0.00796
82	0.01054	0.00900	0.01434	0.02006	0.35674	0.00897	0.01183	0.01318	0.01210	0.01650	0.02027	0.11138	0.02124	0.01049	0.00641	0.00205	0.00541	0.33909	0.00392	0.00649
83	0.01282	0.01232	0.02070	0.02829	0.60116	0.01213	0.07104	0.01654	0.04716	0.01762	0.01234	0.01499	0.03797	0.00516	0.00534	0.00157	0.00617	0.00509	0.00292	0.06868
84	0.00742	0.00548	0.00693	0.00657	0.00791	0.00499	0.00492	0.00978	0.01477	0.02053	0.67258	0.04174	0.15373	0.01135	0.00633	0.00171	0.00256	0.00994	0.00578	0.00499
85	0.01304	0.34023	0.15959	0.01615	0.03791	0.01646	0.31191	0.01669	0.01172	0.01532	0.00926	0.01154	0.00741	0.00466	0.00493	0.00152	0.00746	0.00449	0.00247	0.00725
86	0.01169	0.11329	0.64013	0.01478	0.02210	0.01333	0.05245	0.01721	0.01148	0.04164	0.00983	0.01141	0.00708	0.00507	0.00498	0.00164	0.00763	0.00400	0.00243	0.00783
87	0.00760	0.00549	0.00718	0.00675	0.00802	0.00506	0.00506	0.01013	0.01519	0.02153	0.77503	0.04010	0.05065	0.01097	0.00633	0.00169	0.00253	0.00971	0.00591	0.00506
88	0.00700	0.00505	0.00666	0.00738	0.00809	0.00471	0.00526	0.00853	0.01193	0.01617	0.24550	0.50122	0.06576	0.01486	0.00673	0.00205	0.00307	0.07015	0.00525	0.00461
89	0.01258	0.05031	0.65261	0.01447	0.02172	0.04183	0.01793	0.01807	0.01188	0.09424	0.01069	0.01189	0.00746	0.00526	0.00507	0.00167	0.00759	0.00406	0.00273	0.00796
90	0.01694	0.00799	0.01080	0.00970	0.01255	0.00739	0.00821	0.04504	0.01435	0.40993	0.02474	0.03696	0.03778	0.01030	0.00628	0.00201	0.00473	0.32123	0.00583	0.00723
91	0.02408	0.00914	0.01246	0.00955	0.01370	0.00789	0.00789	0.02616	0.01536	0.78158	0.02118	0.01827	0.01329	0.00664	0.00540	0.00166	0.00457	0.00540	0.00664	0.00914
92	0.01368	0.01072	0.01796	0.38171	0.27137	0.01156	0.04578	0.01691	0.01210	0.14847	0.01180	0.01468	0.00870	0.00536	0.00540	0.00170	0.00654	0.00495	0.00323	0.00739
93	0.01067	0.00961	0.01612	0.75397	0.05418	0.01181	0.01472	0.01419	0.01092	0.03903	0.00994	0.01442	0.00739	0.00539	0.00537	0.00178	0.00705	0.00479	0.00253	0.00613
94	0.02408	0.00914	0.01246	0.00955	0.01370	0.00789	0.00789	0.02616	0.01536	0.78158	0.02118	0.01827	0.01329	0.00664	0.00540	0.00166	0.00457	0.00540	0.00664	0.00914
95	0.01329	0.01275	0.02179	0.03295	0.77787	0.01275	0.01647	0.01647	0.01222	0.01754	0.01010	0.01329	0.00850	0.00478	0.00531	0.00159	0.00638	0.00478	0.00266	0.00850
96	0.01838	0.04581	0.23874	0.01360	0.09401	0.01019	0.01231	0.02178	0.01363	0.43439	0.01632	0.01632	0.01106	0.00611	0.00527	0.00166	0.00579	0.02132	0.00476	0.00854
97	0.02408	0.00914	0.01246	0.00955	0.01370	0.00789	0.00789	0.02616	0.01536	0.78158	0.02118	0.01827	0.01329	0.00664	0.00540	0.00166	0.00457	0.00540	0.00664	0.00914
98	0.84927	0.01038	0.00789	0.00706	0.01038	0.01204	0.00581	0.01578	0.00914	0.02408	0.00747	0.00872	0.00581	0.00498	0.00332	0.00166	0.00415	0.00291	0.00332	0.00581
99	0.02041	0.01504	0.01611	0.01235	0.01665	0.01665	0.01020	0.75997	0.02524	0.03383	0.01289	0.01289	0.00913	0.00644	0.00537	0.00161	0.00591	0.00483	0.00537	0.00913
100	0.01443	0.01148	0.01231	0.01087	0.01404	0.01306	0.00851	0.05557	0.68355	0.08032	0.02146	0.01963	0.01588	0.00720	0.00545	0.00180	0.00433	0.00597	0.00555	0.00857
101	0.01014	0.00954	0.01610	0.79845	0.03697	0.01193	0.01491	0.01371	0.01073	0.01371	0.00954	0.01431	0.00716	0.00537	0.00537	0.00179	0.00716	0.00477	0.00239	0.00596
102	0.00781	0.00520	0.00585	0.00585	0.00585	0.00520	0.00325	0.00781	0.00781	0.01041	0.01691	0.03513	0.01952	0.81135	0.02732	0.00520	0.00520	0.00781	0.00325	0.00325
103	0.01001	0.00500	0.00500	0.00500	0.00625	0.00500	0.00375	0.01251	0.01126	0.02001	0.01751	0.02001	0.01376	0.00625	0.00375	0.00125	0.00250	0.00500	0.84115	0.00500
104	0.00865	0.00618	0.00865	0.00989	0.01112	0.00618	0.00865	0.01112	0.01236	0.01606	0.02842	0.06055	0.03089	0.01483	0.00741	0.00247	0.00494	0.74174	0.00494	0.00494
105	0.84927	0.01038	0.00789	0.00706	0.01038	0.01204	0.00581	0.01578	0.00914	0.02408	0.00747	0.00872	0.00581	0.00498	0.00332	0.00166	0.00415	0.00291	0.00332	0.00581
106	0.02203	0.01244	0.01450	0.01112	0.01535	0.01279	0.00918	0.43687	0.02089	0.36307	0.01654	0.01526	0.01096	0.00653	0.00538	0.00163	0.00532	0.00508	0.00593	0.00913
107	0.02408	0.00914	0.01246	0.00955	0.01370	0.00789	0.00789	0.02616	0.01536	0.78158	0.02118	0.01827	0.01329	0.00664	0.00540	0.00166	0.00457	0.00540	0.00664	0.00914
108	0.00932	0.00466	0.00699	0.00699	0.00699	0.00466	0.00466	0.00699	0.00699	0.00932	0.00932	0.01632	0.00932	0.01865	0.02098	0.84382	0.00466	0.00466	0.00233	0.00233
109	0.01014	0.00954	0.01610	0.79845	0.03697	0.01193	0.01491	0.01371	0.01073	0.01371	0.00954	0.01431	0.00716	0.00537	0.00537	0.00179	0.00716	0.00477	0.00239	0.00596
110	0.01158	0.02619	0.69067	0.01542	0.02296	0.01283	0.05328	0.07323	0.01245	0.01828	0.00994	0.01160	0.00704	0.00517	0.00518	0.00170	0.00783	0.00414	0.00252	0.00799
111	0.00710	0.00510	0.00673	0.00709	0.00791	0.00473	0.00503	0.00887	0.01287	0.01782	0.42233	0.40336	0.04348	0.01374	0.00658	0.00192	0.00281	0.01233	0.00547	0.00473
112	0.84927	0.01038	0.00789	0.00706	0.01038	0.01204	0.00581	0.01578	0.00914	0.02408	0.00747	0.00872	0.00581	0.00498	0.00332	0.00166	0.00415	0.00291	0.00332	0.00581
113	0.07166	0.01777	0.01824	0.03964	0.38800	0.32859	0.02653	0.01840	0.01321	0.01610	0.00919	0.01156	0.00764	0.00511	0.00501	0.00152	0.00764	0.00415	0.00274	0.00732

[dist]
# distance from previous block
# <min> <max>
0	1

[block]
# block no. 1 follows, 45 sequences, length 107
# corresponding to MSA columns:
# 331-437
name=unknown_B
#
# <colnr> <probs for GDERKNQSTAVLIFYWHMCP>
#	G	D	E	R	K	N	Q	S	T	A	V	L	I	F	Y	W	H	M	C	P
0	0.01341	0.01318	0.02146	0.06863	0.69277	0.04574	0.03317	0.01657	0.01229	0.01716	0.01001	0.01321	0.00836	0.00484	0.00532	0.00160	0.00662	0.00476	0.00265	0.00826
1	0.01805	0.02205	0.01630	0.05431	0.12958	0.58906	0.01158	0.01979	0.01411	0.01380	0.00854	0.01056	0.00717	0.00566	0.00574	0.00149	0.05917	0.00379	0.00271	0.00652
2	0.02408	0.00914	0.01246	0.00955	0.01370	0.00789	0.00789	0.02616	0.01536	0.78158	0.02118	0.01827	0.01329	0.00664	0.00540	0.00166	0.00457	0.00540	0.00664	0.00914
3	0.00781	0.00520	0.00585	0.00585	0.00585	0.00520	0.00325	0.00781	0.00781	0.01041	0.01691	0.03513	0.01952	0.81135	0.02732	0.00520	0.00520	0.00781	0.00325	0.00325
4	0.04600	0.01448	0.01961	0.17193	0.38061	0.14456	0.07580	0.05250	0.01299	0.01707	0.00978	0.01277	0.00788	0.00509	0.00525	0.00162	0.00720	0.00461	0.00278	0.00746
5	0.01287	0.20775	0.06910	0.04567	0.01575	0.07533	0.01168	0.01462	0.00970	0.01316	0.00751	0.01091	0.00699	0.00750	0.01190	0.00192	0.46485	0.00412	0.00236	0.00628
6	0.00665	0.00545	0.00586	0.00575	0.00744	0.00466	0.00432	0.00829	0.01295	0.01619	0.22757	0.04888	0.60144	0.01296	0.00634	0.00178	0.00267	0.01094	0.00521	0.00466
7	0.00654	0.00467	0.00623	0.00747	0.00779	0.00436	0.00498	0.00747	0.01028	0.01370	0.02959	0.80785	0.03550	0.01682	0.00685	0.00218	0.00311	0.01526	0.00498	0.00436
8	0.01361	0.22109	0.29347	0.01242	0.01761	0.10447	0.01299	0.03765	0.20187	0.01722	0.01207	0.01268	0.00930	0.00560	0.00475	0.00155	0.00661	0.00418	0.00321	0.00764
9	0.00856	0.00612	0.00855	0.00979	0.01098	0.00610	0.00850	0.01097	0.01227	0.01597	0.02847	0.09171	0.03109	0.01491	0.00739	0.00246	0.00487	0.71144	0.00494	0.00492
10	0.00760	0.00549	0.00718	0.00675	0.00802	0.00506	0.00506	0.01013	0.01519	0.02153	0.77503	0.04010	0.05065	0.01097	0.00633	0.00169	0.00253	0.00971	0.00591	0.00506
11	0.01114	0.01335	0.15181	0.54880	0.09499	0.01238	0.01562	0.06001	0.01185	0.01584	0.00981	0.01361	0.00733	0.00534	0.00532	0.00175	0.00715	0.00463	0.00257	0.00671
12	0.24890	0.01718	0.26010	0.04584	0.07850	0.01267	0.22903	0.01655	0.01114	0.01898	0.00941	0.01176	0.00705	0.00489	0.00498	0.00172	0.00704	0.00444	0.00273	0.00710
13	0.00744	0.00548	0.00696	0.00659	0.00792	0.00500	0.00494	0.00982	0.01482	0.02064	0.68379	0.04156	0.14245	0.01131	0.00633	0.00170	0.00256	0.00991	0.00579	0.00500
14	0.01767	0.02012	0.01745	0.03611	0.26504	0.45065	0.01244	0.08647	0.01505	0.01645	0.00932	0.01124	0.00764	0.00537	0.00505	0.00148	0.00821	0.00404	0.00296	0.00722
15	0.31753	0.06954	0.04056	0.01116	0.07726	0.05798	0.00862	0.04831	0.01277	0.28891	0.01285	0.01277	0.00898	0.00562	0.00446	0.00160	0.00513	0.00408	0.00437	0.00751
16	0.00875	0.01029	0.16419	0.01060	0.01304	0.00716	0.01033	0.01173	0.01183	0.01588	0.02482	0.16762	0.02677	0.01318	0.00686	0.00227	0.00526	0.47957	0.00441	0.00545
17	0.56003	0.28898	0.01490	0.00780	0.01156	0.01523	0.00698	0.01588	0.00975	0.02012	0.00747	0.00868	0.00619	0.00485	0.00336	0.00148	0.00470	0.00289	0.00297	0.00619
18	0.00733	0.00524	0.00714	0.00838	0.00904	0.00504	0.00636	0.00884	0.01106	0.01459	0.02915	0.52732	0.03377	0.01607	0.00706	0.00229	0.00380	0.28797	0.00497	0.00458
19	0.01077	0.02777	0.78354	0.01530	0.02323	0.01247	0.01983	0.01700	0.01133	0.01700	0.00963	0.01133	0.00680	0.00510	0.00510	0.00170	0.00793	0.00397	0.00227	0.00793
20	0.00760	0.00549	0.00718	0.00675	0.00802	0.00506	0.00506	0.01013	0.01519	0.02153	0.77503	0.04010	0.05065	0.01097	0.00633	0.00169	0.00253	0.00971	0.00591	0.00506
21	0.01001	0.00500	0.00500	0.00500	0.00625	0.00500	0.00375	0.01251	0.01126	0.02001	0.01751	0.02001	0.01376	0.00625	0.00375	0.00125	0.00250	0.00500	0.84115	0.00500
22	0.01381	0.00635	0.00724	0.00643	0.00851	0.00610	0.00503	0.01673	0.04389	0.21819	0.01865	0.01956	0.01375	0.00640	0.00425	0.00138	0.00311	0.00515	0.58926	0.00622
23	0.01335	0.01153	0.01214	0.01092	0.01396	0.01335	0.00850	0.02852	0.76817	0.02245	0.02185	0.02003	0.01639	0.00728	0.00546	0.00182	0.00425	0.00607	0.00546	0.00850
24	0.00661	0.00472	0.00631	0.00756	0.00790	0.00442	0.00511	0.00760	0.01035	0.01379	0.02954	0.78133	0.03534	0.01675	0.00687	0.00219	0.00318	0.04104	0.00498	0.00438
25	0.84927	0.01038	0.00789	0.00706	0.01038	0.01204	0.00581	0.01578	0.00914	0.02408	0.00747	0.00872	0.00581	0.00498	0.00332	0.00166	0.00415	0.00291	0.00332	0.00581
26	0.00865	0.00618	0.00865	0.00989	0.01112	0.00618	0.00865	0.01112	0.01236	0.01606	0.02842	0.06055	0.03089	0.01483	0.00741	0.00247	0.00494	0.74174	0.00494	0.00494
27	0.00652	0.00473	0.00617	0.00732	0.00774	0.00437	0.00491	0.00749	0.01043	0.01376	0.03150	0.74950	0.09261	0.01657	0.00681	0.00215	0.00308	0.01496	0.00498	0.00437
28	0.01551	0.05449	0.01387	0.01176	0.01478	0.25841	0.00912	0.02569	0.49456	0.01905	0.01689	0.01622	0.01295	0.00660	0.00517	0.00165	0.00603	0.00509	0.00446	0.00770
29	0.03220	0.01690	0.32075	0.01179	0.01748	0.01003	0.02598	0.04856	0.01305	0.25407	0.01383	0.03483	0.00988	0.00572	0.00503	0.00153	0.00589	0.00462	0.00402	0.16385
30	0.01103	0.04775	0.70904	0.01509	0.02265	0.01277	0.03595	0.01753	0.04767	0.01715	0.01019	0.01175	0.00729	0.00518	0.00510	0.00169	0.00772	0.00409	0.00243	0.00792
31	0.01267	0.01448	0.03167	0.02262	0.02805	0.01357	0.75837	0.01719	0.01267	0.01719	0.01086	0.01448	0.00814	0.00452	0.00633	0.00181	0.00905	0.00633	0.00271	0.00724
32	0.02408	0.00914	0.01246	0.00955	0.01370	0.00789	0.00789	0.02616	0.01536	0.78158	0.02118	0.01827	0.01329	0.00664	0.00540	0.00166	0.00457	0.00540	0.00664	0.00914
33	0.01073	0.00919	0.02772	0.10531	0.19789	0.00906	0.05165	0.01450	0.06958	0.05095	0.29553	0.04217	0.02617	0.04334	0.00681	0.00187	0.00484	0.02188	0.00432	0.00650
34	0.01331	0.04817	0.03040	0.02163	0.04174	0.01361	0.67544	0.01757	0.01272	0.05396	0.01120	0.01439	0.00835	0.00464	0.00615	0.00177	0.00864	0.00611	0.00289	0.00734
35	0.00654	0.00467	0.00623	0.00747	0.00779	0.00436	0.00498	0.00747	0.01028	0.01370	0.02959	0.80785	0.03550	0.01682	0.00685	0.00218	0.00311	0.01526	0.00498	0.00436
36	0.01359	0.01265	0.02152	0.03228	0.75618	0.01262	0.01623	0.01675	0.01231	0.03922	0.01041	0.01343	0.00864	0.00484	0.00532	0.00160	0.00633	0.00480	0.00277	0.00852
37	0.01241	0.09630	0.56912	0.01552	0.05398	0.01298	0.06764	0.01765	0.01175	0.07866	0.01047	0.01194	0.00750	0.00513	0.00507	0.00165	0.00747	0.00418	0.00267	0.00791
38	0.02408	0.00914	0.01246	0.00955	0.01370	0.00789	0.00789	0.02616	0.01536	0.78158	0.02118	0.01827	0.01329	0.00664	0.00540	0.00166	0.00457	0.00540	0.00664	0.00914
39	0.84927	0.01038	0.00789	0.00706	0.01038	0.01204	0.00581	0.01578	0.00914	0.02408	0.00747	0.00872	0.00581	0.00498	0.00332	0.00166	0.00415	0.00291	0.00332	0.00581
40	0.00654	0.00467	0.00623	0.00747	0.00779	0.00436	0.00498	0.00747	0.01028	0.01370	0.02959	0.80785	0.03550	0.01682	0.00685	0.00218	0.00311	0.01526	0.00498	0.00436
41	0.01820	0.01281	0.01420	0.01150	0.01518	0.01418	0.00932	0.36837	0.27966	0.14217	0.01702	0.01612	0.01219	0.00687	0.00587	0.00172	0.03502	0.00534	0.00548	0.00879
42	0.02398	0.00930	0.01256	0.00963	0.01379	0.00814	0.00796	0.04698	0.01564	0.76037	0.02094	0.01812	0.01317	0.00664	0.00540	0.00166	0.00461	0.00538	0.00661	0.00914
43	0.00767	0.00575	0.00863	0.00863	0.00959	0.00671	0.00671	0.00959	0.00863	0.01246	0.01438	0.02109	0.01342	0.04026	0.79008	0.00863	0.01438	0.00575	0.00288	0.00479
44	0.02005	0.02558	0.01521	0.01383	0.01659	0.78980	0.01037	0.02143	0.01521	0.01314	0.00830	0.00968	0.00691	0.00553	0.00484	0.00138	0.00968	0.00346	0.00277	0.00622
45	0.01174	0.01174	0.01644	0.01409	0.01409	0.01644	0.01174	0.01292	0.00822	0.01292	0.00705	0.01174	0.00705	0.00940	0.01762	0.00235	0.80153	0.00470	0.00235	0.00587
46	0.02005	0.02558	0.01521	0.01383	0.01659	0.78980	0.01037	0.02143	0.01521	0.01314	0.00830	0.00968	0.00691	0.00553	0.00484	0.00138	0.00968	0.00346	0.00277	0.00622
47	0.00654	0.00467	0.00623	0.00747	0.00779	0.00436	0.00498	0.00747	0.01028	0.01370	0.02959	0.80785	0.03550	0.01682	0.00685	0.00218	0.00311	0.01526	0.00498	0.00436
48	0.01435	0.81458	0.02813	0.00918	0.01378	0.02124	0.00918	0.01607	0.01091	0.01263	0.00746	0.00861	0.00689	0.00459	0.00344	0.00115	0.00574	0.00287	0.00230	0.00689
49	0.01335	0.01153	0.01214	0.01092	0.01396	0.01335	0.00850	0.02852	0.76817	0.02245	0.02185	0.02003	0.01639	0.00728	0.00546	0.00182	0.00425	0.00607	0.00546	0.00850
50	0.02041	0.01504	0.01611	0.01235	0.01665	0.01665	0.01020	0.75997	0.02524	0.03383	0.01289	0.01289	0.00913	0.00644	0.00537	0.00161	0.00591	0.00483	0.00537	0.00913
51	0.01098	0.01017	0.04204	0.55543	0.02992	0.01068	0.01282	0.01431	0.01104	0.04732	0.01004	0.01364	0.00759	0.00509	0.00504	0.00155	0.00634	0.00440	0.00274	0.19885
52	0.01111	0.08215	0.70378	0.01550	0.04935	0.01309	0.01897	0.01692	0.01133	0.01671	0.00950	0.01121	0.00687	0.00505	0.00499	0.00166	0.00772	0.00392	0.00228	0.00788
53	0.01080	0.01024	0.01418	0.01239	0.01247	0.01391	0.01004	0.01187	0.00820	0.01251	0.00916	0.01603	0.00946	0.13032	0.08833	0.00333	0.61360	0.00525	0.00253	0.00539
54	0.00767	0.00575	0.00863	0.00863	0.00959	0.00671	0.00671	0.00959	0.00863	0.01246	0.01438	0.02109	0.01342	0.04026	0.79008	0.00863	0.01438	0.00575	0.00288	0.00479
55	0.01600	0.00950	0.01200	0.00943	0.04024	0.00763	0.00729	0.01830	0.01274	0.30036	0.01387	0.01385	0.00995	0.00499	0.00455	0.00114	0.00428	0.00406	0.00444	0.50539
56	0.01616	0.01644	0.01877	0.02381	0.42786	0.21875	0.01356	0.13193	0.04711	0.01907	0.01055	0.01256	0.00851	0.00534	0.00520	0.00155	0.00709	0.00449	0.00322	0.00800
57	0.00741	0.00548	0.00692	0.00656	0.00791	0.00499	0.00492	0.00977	0.01476	0.02050	0.66947	0.04179	0.15685	0.01136	0.00633	0.00171	0.00256	0.00995	0.00577	0.00499
58	0.00656	0.00545	0.00574	0.00566	0.00738	0.00462	0.00425	0.00812	0.01275	0.01571	0.17862	0.04967	0.65069	0.01314	0.00634	0.00179	0.00269	0.01105	0.00514	0.00462
59	0.01451	0.01215	0.01315	0.01199	0.04310	0.01387	0.00908	0.14838	0.61757	0.02414	0.01993	0.01860	0.01490	0.00705	0.00544	0.00178	0.00460	0.00582	0.00534	0.00860
60	0.01335	0.01153	0.01214	0.01092	0.01396	0.01335	0.00850	0.02852	0.76817	0.02245	0.02185	0.02003	0.01639	0.00728	0.00546	0.00182	0.00425	0.00607	0.00546	0.00850
61	0.01014	0.00954	0.01610	0.79845	0.03697	0.01193	0.01491	0.01371	0.01073	0.01371	0.00954	0.01431	0.00716	0.00537	0.00537	0.00179	0.00716	0.00477	0.00239	0.00596
62	0.01512	0.01241	0.01313	0.01128	0.01463	0.01418	0.00892	0.21198	0.58183	0.02531	0.01960	0.01824	0.01457	0.00707	0.00544	0.00177	0.00466	0.00576	0.00544	0.00866
63	0.00767	0.00575	0.00863	0.00863	0.00959	0.00671	0.00671	0.00959	0.00863	0.01246	0.01438	0.02109	0.01342	0.04026	0.79008	0.00863	0.01438	0.00575	0.00288	0.00479
64	0.01329	0.53982	0.21850	0.01201	0.01753	0.01830	0.08381	0.01641	0.01118	0.01417	0.00833	0.00986	0.00699	0.00471	0.00414	0.00135	0.00661	0.00348	0.00233	0.00719
65	0.01395	0.72684	0.11236	0.00987	0.01483	0.02026	0.01037	0.01618	0.01095	0.01312	0.00770	0.00891	0.00688	0.00465	0.00363	0.00121	0.00599	0.00299	0.00229	0.00701
66	0.01014	0.00954	0.01610	0.79845	0.03697	0.01193	0.01491	0.01371	0.01073	0.01371	0.00954	0.01431	0.00716	0.00537	0.00537	0.00179	0.00716	0.00477	0.00239	0.00596
67	0.00654	0.00467	0.00623	0.00747	0.00779	0.00436	0.00498	0.00747	0.01028	0.01370	0.02959	0.80785	0.03550	0.01682	0.00685	0.00218	0.00311	0.01526	0.00498	0.00436
68	0.01522	0.16731	0.16163	0.06258	0.11545	0.20307	0.10744	0.01837	0.01275	0.07317	0.00999	0.01177	0.00774	0.00513	0.00495	0.00152	0.00760	0.00420	0.00284	0.00728
69	0.01335	0.01153	0.01214	0.01092	0.01396	0.01335	0.00850	0.02852	0.76817	0.02245	0.02185	0.02003	0.01639	0.00728	0.00546	0.00182	0.00425	0.00607	0.00546	0.00850
70	0.00641	0.00539	0.00556	0.00562	0.00732	0.00454	0.00418	0.00779	0.01224	0.01474	0.08289	0.09826	0.69937	0.01369	0.00638	0.00183	0.00274	0.01151	0.00502	0.00454
71	0.05501	0.08929	0.09914	0.01267	0.06552	0.02615	0.05826	0.07246	0.01453	0.42893	0.01584	0.01509	0.01061	0.00592	0.00513	0.00161	0.00562	0.00484	0.00494	0.00843
72	0.02005	0.02558	0.01521	0.01383	0.01659	0.78980	0.01037	0.02143	0.01521	0.01314	0.00830	0.00968	0.00691	0.00553	0.00484	0.00138	0.00968	0.00346	0.00277	0.00622
73	0.00760	0.00549	0.00718	0.00675	0.00802	0.00506	0.00506	0.01013	0.01519	0.02153	0.77503	0.04010	0.05065	0.01097	0.00633	0.00169	0.00253	0.00971	0.00591	0.00506
74	0.01033	0.00980	0.01674	0.74832	0.06456	0.01200	0.03544	0.01391	0.01084	0.01395	0.00960	0.01428	0.00723	0.00532	0.00539	0.00178	0.00718	0.00481	0.00240	0.00609
75	0.04922	0.17936	0.15874	0.05273	0.35664	0.04491	0.01442	0.01701	0.01187	0.05305	0.00980	0.01192	0.00786	0.00495	0.00480	0.00153	0.00651	0.00414	0.00273	0.00779
76	0.02408	0.00914	0.01246	0.00955	0.01370	0.00789	0.00789	0.02616	0.01536	0.78158	0.02118	0.01827	0.01329	0.00664	0.00540	0.00166	0.00457	0.00540	0.00664	0.00914
77	0.84927	0.01038	0.00789	0.00706	0.01038	0.01204	0.00581	0.01578	0.00914	0.02408	0.00747	0.00872	0.00581	0.00498	0.00332	0.00166	0.00415	0.00291	0.00332	0.00581
78	0.00642	0.00539	0.00558	0.00572	0.00739	0.00455	0.00427	0.00776	0.01207	0.01447	0.05159	0.11850	0.69304	0.01391	0.00641	0.00186	0.00281	0.02876	0.00498	0.00453
79	0.02003	0.01522	0.01684	0.01287	0.01719	0.03228	0.04607	0.70928	0.02443	0.03261	0.01270	0.01290	0.00904	0.00633	0.00541	0.00162	0.00613	0.00488	0.00519	0.00898
80	0.00760	0.00549	0.00718	0.00675	0.00802	0.00506	0.00506	0.01013	0.01519	0.02153	0.77503	0.04010	0.05065	0.01097	0.00633	0.00169	0.00253	0.00971	0.00591	0.00506
81	0.01001	0.00500	0.00500	0.00500	0.00625	0.00500	0.00375	0.01251	0.01126	0.02001	0.01751	0.02001	0.01376	0.00625	0.00375	0.00125	0.00250	0.00500	0.84115	0.00500
82	0.01132	0.00642	0.00656	0.00609	0.00776	0.00667	0.00468	0.09772	0.04499	0.02168	0.01717	0.01921	0.01335	0.00632	0.00401	0.00132	0.00296	0.00503	0.71113	0.00562
83	0.84927	0.01038	0.00789	0.00706	0.01038	0.01204	0.00581	0.01578	0.00914	0.02408	0.00747	0.00872	0.00581	0.00498	0.00332	0.00166	0.00415	0.00291	0.00332	0.00581
84	0.84927	0.01038	0.00789	0.00706	0.01038	0.01204	0.00581	0.01578	0.00914	0.02408	0.00747	0.00872	0.00581	0.00498	0.00332	0.00166	0.00415	0.00291	0.00332	0.00581
85	0.00634	0.00544	0.00544	0.00544	0.00725	0.00453	0.00408	0.00770	0.01224	0.01450	0.05438	0.05166	0.77569	0.01359	0.00634	0.00181	0.00272	0.01133	0.00498	0.00453
86	0.00658	0.00471	0.00627	0.00744	0.00780	0.00439	0.00499	0.00759	0.01048	0.01403	0.06067	0.77583	0.03613	0.01657	0.00683	0.00216	0.00309	0.01503	0.00502	0.00439
87	0.84927	0.01038	0.00789	0.00706	0.01038	0.01204	0.00581	0.01578	0.00914	0.02408	0.00747	0.00872	0.00581	0.00498	0.00332	0.00166	0.00415	0.00291	0.00332	0.00581
88	0.00660	0.00484	0.00620	0.00715	0.00773	0.00444	0.00487	0.00772	0.01093	0.01444	0.09268	0.64631	0.13453	0.01592	0.00674	0.00209	0.00302	0.01430	0.00506	0.00444
89	0.84927	0.01038	0.00789	0.00706	0.01038	0.01204	0.00581	0.01578	0.00914	0.02408	0.00747	0.00872	0.00581	0.00498	0.00332	0.00166	0.00415	0.00291	0.00332	0.00581
90	0.01077	0.02777	0.78354	0.01530	0.02323	0.01247	0.01983	0.01700	0.01133	0.01700	0.00963	0.01133	0.00680	0.00510	0.00510	0.00170	0.00793	0.00397	0.00227	0.00793
91	0.03651	0.12816	0.29834	0.01872	0.24055	0.02772	0.03128	0.01805	0.01214	0.12315	0.01102	0.01246	0.00822	0.00514	0.00495	0.00158	0.00666	0.00427	0.00304	0.00802
92	0.01244	0.14823	0.43851	0.01788	0.17428	0.01381	0.04393	0.01731	0.02706	0.04366	0.01009	0.01184	0.00763	0.00503	0.00494	0.00160	0.00712	0.00414	0.00259	0.00791
93	0.01279	0.14962	0.01553	0.01213	0.07595	0.07734	0.00916	0.04651	0.10920	0.04418	0.08135	0.02135	0.13732	0.00819	0.00783	0.00173	0.17342	0.00599	0.00380	0.00660
94	0.01435	0.81458	0.02813	0.00918	0.01378	0.02124	0.00918	0.01607	0.01091	0.01263	0.00746	0.00861	0.00689	0.00459	0.00344	0.00115	0.00574	0.00287	0.00230	0.00689
95	0.01014	0.00954	0.01610	0.79845	0.03697	0.01193	0.01491	0.01371	0.01073	0.01371	0.00954	0.01431	0.00716	0.00537	0.00537	0.00179	0.00716	0.00477	0.00239	0.00596
96	0.00736	0.00548	0.00685	0.00650	0.00787	0.00496	0.00488	0.00967	0.01463	0.02019	0.63840	0.04229	0.18812	0.01147	0.00633	0.00171	0.00257	0.01002	0.00573	0.00496
97	0.61199	0.01078	0.00967	0.00813	0.01171	0.01198	0.00671	0.11322	0.01219	0.14520	0.01034	0.01077	0.00742	0.00543	0.00391	0.00165	0.00444	0.00355	0.00411	0.00677
98	0.00664	0.00474	0.00634	0.00759	0.00795	0.00445	0.00516	0.00765	0.01038	0.01382	0.02953	0.77199	0.03528	0.01672	0.00688	0.00219	0.00320	0.05012	0.00498	0.00439
99	0.00659	0.00471	0.00629	0.00753	0.00787	0.00440	0.00507	0.00756	0.01033	0.01376	0.02956	0.79009	0.03539	0.01677	0.00686	0.00219	0.00316	0.03253	0.00498	0.00437
100	0.01174	0.01174	0.01644	0.01409	0.01409	0.01644	0.01174	0.01292	0.00822	0.01292	0.00705	0.01174	0.00705	0.00940	0.01762	0.00235	0.80153	0.00470	0.00235	0.00587
101	0.01196	0.01139	0.06211	0.01076	0.01384	0.01146	0.03975	0.03678	0.50037	0.02188	0.19357	0.02371	0.02316	0.00786	0.00567	0.00178	0.00433	0.00676	0.00524	0.00763
102	0.00660	0.00470	0.00621	0.00740	0.00769	0.00440	0.00490	0.00749	0.01016	0.01354	0.02898	0.77077	0.03474	0.05494	0.00783	0.00233	0.00321	0.01490	0.00490	0.00431
103	0.02363	0.00932	0.01247	0.00959	0.01369	0.00823	0.00791	0.05937	0.01573	0.73204	0.02072	0.01806	0.01311	0.00663	0.00536	0.00165	0.00459	0.00536	0.02348	0.00905
104	0.01395	0.01237	0.01244	0.01112	0.01419	0.05268	0.00866	0.05564	0.70224	0.02241	0.02083	0.01924	0.01564	0.00716	0.00543	0.00179	0.00458	0.00589	0.00532	0.00841
105	0.00759	0.00542	0.00743	0.00867	0.00945	0.00526	0.00681	0.00929	0.01131	0.01488	0.02901	0.43598	0.03321	0.01583	0.00713	0.00233	0.00402	0.37677	0.00496	0.00465
106	0.01215	0.19468	0.24091	0.01160	0.04493	0.01266	0.01152	0.03059	0.06329	0.01692	0.01003	0.01135	0.00800	0.00475	0.00436	0.00125	0.00567	0.00363	0.00290	0.30881

[dist]
# distance from previous block
# <min> <max>
0	1

[block]
# block no. 2 follows, 45 sequences, length 11
# corresponding to MSA columns:
# 439-449
name=unknown_C
#
# <colnr> <probs for GDERKNQSTAVLIFYWHMCP>
#	G	D	E	R	K	N	Q	S	T	A	V	L	I	F	Y	W	H	M	C	P
0	0.12479	0.02178	0.51209	0.01475	0.04467	0.01211	0.08173	0.01673	0.03529	0.01817	0.03515	0.01286	0.00880	0.00644	0.03082	0.00193	0.00739	0.00437	0.00270	0.00742
1	0.01174	0.01174	0.01644	0.01409	0.01409	0.01644	0.01174	0.01292	0.00822	0.01292	0.00705	0.01174	0.00705	0.00940	0.01762	0.00235	0.80153	0.00470	0.00235	0.00587
2	0.01113	0.00954	0.01113	0.00795	0.01272	0.00716	0.00636	0.01352	0.01113	0.01749	0.00954	0.01113	0.00795	0.00398	0.00398	0.00080	0.00398	0.00318	0.00318	0.84417
3	0.01077	0.02777	0.78354	0.01530	0.02323	0.01247	0.01983	0.01700	0.01133	0.01700	0.00963	0.01133	0.00680	0.00510	0.00510	0.00170	0.00793	0.00397	0.00227	0.00793
4	0.02041	0.01504	0.01611	0.01235	0.01665	0.01665	0.01020	0.75997	0.02524	0.03383	0.01289	0.01289	0.00913	0.00644	0.00537	0.00161	0.00591	0.00483	0.00537	0.00913
5	0.00753	0.00543	0.00711	0.00680	0.00800	0.00502	0.00506	0.00995	0.01487	0.02101	0.72547	0.09114	0.04964	0.01136	0.00637	0.00172	0.00257	0.01008	0.00585	0.00502
6	0.01113	0.00954	0.01113	0.00795	0.01272	0.00716	0.00636	0.01352	0.01113	0.01749	0.00954	0.01113	0.00795	0.00398	0.00398	0.00080	0.00398	0.00318	0.00318	0.84417
7	0.00712	0.00547	0.00652	0.00626	0.00773	0.00486	0.00469	0.00921	0.01408	0.01887	0.50248	0.04447	0.32486	0.01197	0.00634	0.00174	0.00260	0.01032	0.00556	0.00486
8	0.02005	0.02558	0.01521	0.01383	0.01659	0.78980	0.01037	0.02143	0.01521	0.01314	0.00830	0.00968	0.00691	0.00553	0.00484	0.00138	0.00968	0.00346	0.00277	0.00622
9	0.02408	0.00914	0.01246	0.00955	0.01370	0.00789	0.00789	0.02616	0.01536	0.78158	0.02118	0.01827	0.01329	0.00664	0.00540	0.00166	0.00457	0.00540	0.00664	0.00914
10	0.00654	0.00467	0.00623	0.00747	0.00779	0.00436	0.00498	0.00747	0.01028	0.01370	0.02959	0.80785	0.03550	0.01682	0.00685	0.00218	0.00311	0.01526	0.00498	0.00436

[dist]
# distance from previous block
# <min> <max>
0	14

[block]
# block no. 3 follows, 45 sequences, length 11
# corresponding to MSA columns:
# 464-474
name=unknown_D
#
# <colnr> <probs for GDERKNQSTAVLIFYWHMCP>
#	G	D	E	R	K	N	Q	S	T	A	V	L	I	F	Y	W	H	M	C	P
0	0.00760	0.00549	0.00718	0.00675	0.00802	0.00506	0.00506	0.01013	0.01519	0.02153	0.77503	0.04010	0.05065	0.01097	0.00633	0.00169	0.00253	0.00971	0.00591	0.00506
1	0.02108	0.01201	0.01423	0.01100	0.01502	0.01237	0.00907	0.35698	0.04374	0.35880	0.01643	0.01536	0.01105	0.00660	0.00587	0.00164	0.03997	0.00506	0.00572	0.03798
2	0.00760	0.00549	0.00718	0.00675	0.00802	0.00506	0.00506	0.01013	0.01519	0.02153	0.77503	0.04010	0.05065	0.01097	0.00633	0.00169	0.00253	0.00971	0.00591	0.00506
3	0.01335	0.03828	0.33426	0.01639	0.13273	0.01159	0.07914	0.05936	0.01306	0.10864	0.05884	0.01451	0.01090	0.00551	0.00522	0.00159	0.00654	0.00477	0.00336	0.08194
4	0.84927	0.01038	0.00789	0.00706	0.01038	0.01204	0.00581	0.01578	0.00914	0.02408	0.00747	0.00872	0.00581	0.00498	0.00332	0.00166	0.00415	0.00291	0.00332	0.00581
5	0.01335	0.01153	0.01214	0.01092	0.01396	0.01335	0.00850	0.02852	0.76817	0.02245	0.02185	0.02003	0.01639	0.00728	0.00546	0.00182	0.00425	0.00607	0.00546	0.00850
6	0.01134	0.00985	0.01215	0.01034	0.08596	0.00769	0.00733	0.01380	0.01124	0.01750	0.00959	0.01134	0.00800	0.00405	0.00410	0.00087	0.00421	0.00333	0.00313	0.76418
