[name]
unknown

[dist]
# distance from previous block
# <min> <max>
0	137

[block]
# block no. 0 follows, 48 sequences, length 18
# corresponding to MSA columns:
# 175-192
name=unknown_A
#
# <colnr> <probs for GDERKNQSTAVLIFYWHMCP>
#	G	D	E	R	K	N	Q	S	T	A	V	L	I	F	Y	W	H	M	C	P
0	0.00826	0.00617	0.00876	0.08663	0.01279	0.00634	0.00857	0.01066	0.01165	0.01504	0.02701	0.05304	0.07596	0.01322	0.00683	0.00226	0.00479	0.63272	0.00449	0.00479
1	0.01269	0.06279	0.01241	0.00970	0.01293	0.01198	0.00774	0.09498	0.47409	0.02111	0.08090	0.01807	0.01589	0.00653	0.00494	0.00152	0.00413	0.00535	0.00472	0.13754
2	0.00853	0.00698	0.01006	0.01159	0.14607	0.00715	0.00731	0.01071	0.01269	0.01804	0.47756	0.09567	0.03481	0.04324	0.00780	0.00184	0.08164	0.00835	0.00459	0.00537
3	0.01221	0.01142	0.01927	0.10509	0.66436	0.01164	0.01482	0.01525	0.01149	0.01656	0.01006	0.01321	0.00833	0.00472	0.00499	0.00152	0.00593	0.00458	0.05691	0.00768
4	0.01098	0.00908	0.01505	0.72986	0.03318	0.01103	0.01360	0.01426	0.01069	0.08864	0.01020	0.01405	0.00741	0.00525	0.00513	0.00170	0.00660	0.00462	0.00268	0.00599
5	0.00969	0.00912	0.01539	0.80734	0.03534	0.01140	0.01425	0.01311	0.01026	0.01311	0.00912	0.01368	0.00684	0.00513	0.00513	0.00171	0.00684	0.00456	0.00228	0.00570
6	0.01917	0.02251	0.01418	0.01269	0.01545	0.69300	0.00960	0.05705	0.01492	0.06062	0.00911	0.01015	0.00725	0.00541	0.00466	0.00135	0.00861	0.00352	0.02454	0.00622
7	0.10628	0.01108	0.01480	0.01271	0.01307	0.01524	0.01059	0.01266	0.00796	0.01355	0.00678	0.01090	0.00660	0.00851	0.01530	0.00217	0.71955	0.00430	0.00235	0.00561
8	0.85592	0.00992	0.00754	0.00675	0.00992	0.01151	0.00556	0.01508	0.00873	0.02302	0.00714	0.00834	0.00556	0.00476	0.00318	0.00159	0.00397	0.00278	0.00318	0.00556
9	0.00969	0.00912	0.01539	0.80734	0.03534	0.01140	0.01425	0.01311	0.01026	0.01311	0.00912	0.01368	0.00684	0.00513	0.00513	0.00171	0.00684	0.00456	0.00228	0.00570
10	0.01922	0.02290	0.01467	0.01300	0.01587	0.67854	0.00989	0.13593	0.01602	0.01560	0.00861	0.00972	0.00694	0.00542	0.00470	0.00136	0.00870	0.00351	0.00303	0.00638
11	0.01211	0.01159	0.01976	0.18332	0.64044	0.01204	0.01545	0.01523	0.01140	0.01605	0.00955	0.01289	0.00788	0.00468	0.00509	0.00156	0.00624	0.00457	0.00249	0.00765
12	0.01258	0.01211	0.02040	0.02998	0.72243	0.01249	0.01537	0.01546	0.01136	0.01639	0.00941	0.01258	0.00801	0.00494	0.00607	0.00158	0.07386	0.00456	0.00252	0.00792
13	0.78541	0.01115	0.00813	0.00729	0.01042	0.07787	0.00592	0.01554	0.00922	0.02214	0.00721	0.00841	0.00565	0.00481	0.00330	0.00157	0.00441	0.00282	0.00313	0.00559
14	0.00969	0.00912	0.01539	0.80734	0.03534	0.01140	0.01425	0.01311	0.01026	0.01311	0.00912	0.01368	0.00684	0.00513	0.00513	0.00171	0.00684	0.00456	0.00228	0.00570
15	0.85592	0.00992	0.00754	0.00675	0.00992	0.01151	0.00556	0.01508	0.00873	0.02302	0.00714	0.00834	0.00556	0.00476	0.00318	0.00159	0.00397	0.00278	0.00318	0.00556
16	0.01208	0.01160	0.01626	0.01536	0.10079	0.01534	0.01161	0.07579	0.00964	0.01451	0.00753	0.01148	0.00706	0.00825	0.01454	0.00211	0.65287	0.00451	0.00252	0.00615
17	0.00828	0.00661	0.00934	0.00817	0.00990	0.00641	0.06876	0.01222	0.10028	0.02033	0.63456	0.03413	0.04135	0.00958	0.00596	0.00164	0.00312	0.00862	0.00535	0.00538

[dist]
# distance from previous block
# <min> <max>
0	1

[block]
# block no. 1 follows, 48 sequences, length 85
# corresponding to MSA columns:
# 194-278
name=unknown_B
#
# <colnr> <probs for GDERKNQSTAVLIFYWHMCP>
#	G	D	E	R	K	N	Q	S	T	A	V	L	I	F	Y	W	H	M	C	P
0	0.01266	0.01268	0.01819	0.09707	0.54958	0.10528	0.01383	0.01547	0.01218	0.01631	0.08679	0.01494	0.01185	0.00530	0.00513	0.00153	0.00617	0.00489	0.00284	0.00732
1	0.01059	0.00988	0.01641	0.63104	0.03175	0.01151	0.08175	0.06069	0.01132	0.01486	0.00943	0.01340	0.00710	0.00503	0.00512	0.00164	0.00672	0.00459	0.00254	0.06464
2	0.00726	0.00524	0.00686	0.00646	0.00767	0.00484	0.00484	0.00968	0.01452	0.02058	0.78496	0.03833	0.04841	0.01049	0.00605	0.00161	0.00242	0.00928	0.00565	0.00484
3	0.01050	0.08327	0.01579	0.37646	0.02299	0.01325	0.01182	0.01302	0.02134	0.01343	0.05683	0.01402	0.00961	0.00681	0.00918	0.00183	0.29326	0.00469	0.01619	0.00572
4	0.00956	0.00478	0.00478	0.00478	0.00598	0.00478	0.00359	0.01196	0.01076	0.01913	0.01674	0.01913	0.01315	0.00598	0.00359	0.00120	0.00239	0.00478	0.84816	0.00478
5	0.01117	0.05757	0.00958	0.00750	0.00960	0.00716	0.00593	0.03632	0.06757	0.15576	0.52640	0.03069	0.03609	0.00901	0.00564	0.00158	0.00316	0.00777	0.00551	0.00598
6	0.07040	0.01359	0.01496	0.01176	0.01515	0.01561	0.00973	0.60213	0.02056	0.02856	0.01110	0.01190	0.00821	0.00652	0.00688	0.00166	0.13422	0.00448	0.00455	0.00803
7	0.01205	0.00963	0.01009	0.00918	0.01171	0.01099	0.00711	0.02386	0.60770	0.02095	0.01996	0.01914	0.01510	0.00674	0.00486	0.00162	0.00369	0.00557	0.19266	0.00738
8	0.33030	0.00902	0.00974	0.00820	0.01136	0.00923	0.00670	0.06713	0.01232	0.33172	0.01520	0.01851	0.01172	0.06288	0.00605	0.00189	0.00438	0.07213	0.00472	0.00680
9	0.06485	0.01117	0.01817	0.08135	0.61613	0.01142	0.01391	0.01518	0.01132	0.01711	0.01010	0.01308	0.00833	0.00475	0.00483	0.00151	0.00568	0.00448	0.07914	0.00750
10	0.01381	0.00714	0.01013	0.05992	0.08194	0.00670	0.00735	0.01558	0.01198	0.31668	0.02147	0.32723	0.02020	0.00987	0.00558	0.00176	0.00400	0.00870	0.06353	0.00644
11	0.00693	0.00580	0.00626	0.00574	0.00783	0.00479	0.00436	0.00854	0.01193	0.01524	0.14832	0.04190	0.56308	0.01124	0.00572	0.00157	0.00276	0.00942	0.00462	0.13394
12	0.06928	0.00918	0.01042	0.00754	0.01200	0.00716	0.00604	0.01307	0.01051	0.01716	0.00898	0.01048	0.00746	0.00387	0.00376	0.00082	0.00381	0.00302	0.00305	0.79239
13	0.01270	0.01219	0.02083	0.03149	0.78767	0.01219	0.01575	0.01575	0.01168	0.01676	0.00965	0.01270	0.00813	0.00457	0.00508	0.00152	0.00610	0.00457	0.00254	0.00813
14	0.01372	0.82276	0.02689	0.00878	0.01317	0.02030	0.00878	0.01536	0.01043	0.01207	0.00713	0.00823	0.00658	0.00439	0.00329	0.00110	0.00549	0.00274	0.00219	0.00658
15	0.01270	0.01219	0.02083	0.03149	0.78767	0.01219	0.01575	0.01575	0.01168	0.01676	0.00965	0.01270	0.00813	0.00457	0.00508	0.00152	0.00610	0.00457	0.00254	0.00813
16	0.02302	0.00873	0.01191	0.00913	0.01310	0.00754	0.00754	0.02501	0.01469	0.79122	0.02024	0.01746	0.01270	0.00635	0.00516	0.00159	0.00437	0.00516	0.00635	0.00873
17	0.00627	0.00521	0.00548	0.00541	0.00705	0.00442	0.00406	0.00776	0.01217	0.01500	0.17584	0.04751	0.66102	0.01257	0.00606	0.00171	0.00257	0.01057	0.00491	0.00442
18	0.01270	0.01215	0.02026	0.02948	0.70252	0.01258	0.01522	0.03015	0.01158	0.01667	0.00944	0.01256	0.00801	0.00500	0.00615	0.00159	0.07891	0.00457	0.00256	0.00791
19	0.00969	0.00912	0.01539	0.80734	0.03534	0.01140	0.01425	0.01311	0.01026	0.01311	0.00912	0.01368	0.00684	0.00513	0.00513	0.00171	0.00684	0.00456	0.00228	0.00570
20	0.00752	0.00504	0.00579	0.00587	0.00595	0.00504	0.00348	0.00769	0.00777	0.01033	0.01695	0.03530	0.01943	0.76248	0.02476	0.00479	0.00496	0.06041	0.00322	0.00322
21	0.00883	0.00825	0.01036	0.00890	0.01092	0.07793	0.10590	0.01145	0.03550	0.01756	0.39920	0.05348	0.21173	0.00983	0.00591	0.00165	0.00396	0.00871	0.00473	0.00517
22	0.00715	0.00524	0.00671	0.00634	0.00760	0.00480	0.00476	0.00947	0.01427	0.01997	0.71858	0.03933	0.11517	0.01072	0.00605	0.00162	0.00244	0.00942	0.00557	0.00480
23	0.00969	0.00912	0.01539	0.80734	0.03534	0.01140	0.01425	0.01311	0.01026	0.01311	0.00912	0.01368	0.00684	0.00513	0.00513	0.00171	0.00684	0.00456	0.00228	0.00570
24	0.01919	0.02374	0.01460	0.01312	0.01587	0.74346	0.00990	0.07375	0.01522	0.01396	0.00824	0.00947	0.00676	0.00535	0.00466	0.00134	0.00900	0.00340	0.00282	0.00615
25	0.00652	0.00534	0.00583	0.00608	0.00770	0.00466	0.00480	0.00804	0.01172	0.01417	0.04685	0.05114	0.62933	0.01324	0.00628	0.00186	0.00304	0.16424	0.00476	0.00441
26	0.00726	0.00524	0.00686	0.00646	0.00767	0.00484	0.00484	0.00968	0.01452	0.02058	0.78496	0.03833	0.04841	0.01049	0.00605	0.00161	0.00242	0.00928	0.00565	0.00484
27	0.01372	0.82276	0.02689	0.00878	0.01317	0.02030	0.00878	0.01536	0.01043	0.01207	0.00713	0.00823	0.00658	0.00439	0.00329	0.00110	0.00549	0.00274	0.00219	0.00658
28	0.01866	0.01148	0.01882	0.01388	0.01830	0.01089	0.26877	0.15430	0.01548	0.39123	0.01546	0.01531	0.01031	0.00562	0.00546	0.00163	0.00606	0.00537	0.00485	0.00811
29	0.09533	0.01383	0.01460	0.01128	0.01530	0.01531	0.00932	0.68397	0.02250	0.04999	0.01204	0.01208	0.00854	0.00604	0.00496	0.00155	0.00546	0.00447	0.00499	0.00844
30	0.02128	0.01153	0.01364	0.01046	0.01450	0.01170	0.00864	0.39526	0.01937	0.41435	0.01631	0.01491	0.01073	0.00626	0.00515	0.00156	0.00500	0.00489	0.00575	0.00873
31	0.00841	0.00606	0.00856	0.00846	0.01002	0.00559	0.05881	0.01018	0.01144	0.06948	0.03256	0.26500	0.23337	0.01316	0.00645	0.00201	0.00390	0.23693	0.00471	0.00490
32	0.01055	0.01051	0.01531	0.73543	0.03358	0.08273	0.01386	0.01378	0.01065	0.01306	0.00901	0.01328	0.00682	0.00514	0.00508	0.00167	0.00706	0.00445	0.00231	0.00572
33	0.01372	0.82276	0.02689	0.00878	0.01317	0.02030	0.00878	0.01536	0.01043	0.01207	0.00713	0.00823	0.00658	0.00439	0.00329	0.00110	0.00549	0.00274	0.00219	0.00658
34	0.00616	0.00483	0.00557	0.00616	0.00718	0.00425	0.00433	0.00725	0.01077	0.01348	0.04021	0.43037	0.41220	0.01453	0.00631	0.00191	0.00279	0.01270	0.00476	0.00425
35	0.01152	0.01106	0.01901	0.33033	0.47524	0.01191	0.03732	0.01475	0.01115	0.01535	0.00947	0.01311	0.00762	0.00478	0.00513	0.00160	0.00646	0.00461	0.00244	0.00716
36	0.01202	0.15886	0.59346	0.01314	0.01986	0.01293	0.01621	0.01689	0.01111	0.08572	0.00986	0.01100	0.00708	0.00493	0.00463	0.00153	0.00694	0.00374	0.00255	0.00752
37	0.02240	0.00927	0.01216	0.00934	0.01328	0.00840	0.00771	0.10569	0.01564	0.69497	0.01932	0.01694	0.01228	0.00632	0.00513	0.00158	0.00447	0.00509	0.02135	0.00866
38	0.01791	0.01313	0.01444	0.06766	0.01639	0.01458	0.00951	0.64808	0.02193	0.02978	0.01249	0.01303	0.00899	0.00607	0.00499	0.00152	0.00544	0.00463	0.08127	0.00815
39	0.01359	0.00665	0.00889	0.00753	0.00985	0.00593	0.00593	0.01584	0.01459	0.33006	0.47785	0.02995	0.03407	0.00883	0.00569	0.00160	0.00320	0.00763	0.00593	0.00640
40	0.00721	0.00539	0.00760	0.00762	0.00849	0.00601	0.00574	0.00875	0.00849	0.01186	0.01776	0.03837	0.08390	0.13323	0.61722	0.00714	0.01145	0.00638	0.00301	0.00437
41	0.01095	0.07797	0.64172	0.01493	0.02196	0.01252	0.10296	0.01637	0.01102	0.02975	0.00940	0.01112	0.00676	0.00481	0.00491	0.00160	0.00751	0.00400	0.00229	0.00746
42	0.01709	0.01917	0.10371	0.01319	0.01708	0.31177	0.06335	0.26815	0.09976	0.02074	0.01110	0.01183	0.00836	0.00564	0.00499	0.00150	0.00727	0.00425	0.00369	0.00735
43	0.00733	0.00550	0.00825	0.00825	0.00916	0.00641	0.00641	0.00916	0.00825	0.01191	0.01374	0.02016	0.01283	0.03848	0.79934	0.00825	0.01374	0.00550	0.00275	0.00458
44	0.01774	0.01005	0.01673	0.01258	0.01658	0.00923	0.22698	0.02130	0.06691	0.44456	0.08669	0.01843	0.01472	0.00618	0.00550	0.00164	0.00540	0.00584	0.00513	0.00781
45	0.00641	0.00458	0.00609	0.00704	0.00748	0.00427	0.00478	0.00753	0.01054	0.01424	0.14404	0.69730	0.03615	0.01522	0.00647	0.00201	0.00289	0.01377	0.00490	0.00427
46	0.01064	0.00912	0.01064	0.00760	0.01216	0.00684	0.00608	0.01292	0.01064	0.01672	0.00912	0.01064	0.00760	0.00380	0.00380	0.00076	0.00380	0.00304	0.00304	0.85104
47	0.01270	0.01219	0.02083	0.03149	0.78767	0.01219	0.01575	0.01575	0.01168	0.01676	0.00965	0.01270	0.00813	0.00457	0.00508	0.00152	0.00610	0.00457	0.00254	0.00813
48	0.00630	0.00488	0.00577	0.00644	0.00742	0.00435	0.00460	0.00746	0.01077	0.01357	0.03860	0.43273	0.36319	0.01461	0.00637	0.00195	0.00292	0.05905	0.00476	0.00427
49	0.00733	0.00550	0.00825	0.00825	0.00916	0.00641	0.00641	0.00916	0.00825	0.01191	0.01374	0.02016	0.01283	0.03848	0.79934	0.00825	0.01374	0.00550	0.00275	0.00458
50	0.00764	0.00538	0.00595	0.00593	0.00759	0.00459	0.00440	0.00892	0.01160	0.08411	0.04453	0.19455	0.57049	0.01299	0.00608	0.00179	0.00283	0.01104	0.00491	0.00470
51	0.01270	0.01219	0.02083	0.03149	0.78767	0.01219	0.01575	0.01575	0.01168	0.01676	0.00965	0.01270	0.00813	0.00457	0.00508	0.00152	0.00610	0.00457	0.00254	0.00813
52	0.01456	0.01602	0.01729	0.01441	0.01751	0.31683	0.21433	0.08484	0.01407	0.01610	0.01382	0.02298	0.01287	0.00734	0.00568	0.00171	0.00763	0.19248	0.00338	0.00615
53	0.00797	0.00656	0.01096	0.00982	0.01123	0.00718	0.10669	0.01000	0.00870	0.01237	0.01347	0.02029	0.01258	0.09017	0.63916	0.00715	0.01244	0.00571	0.00275	0.00478
54	0.00733	0.00550	0.00825	0.00825	0.00916	0.00641	0.00641	0.00916	0.00825	0.01191	0.01374	0.02016	0.01283	0.03848	0.79934	0.00825	0.01374	0.00550	0.00275	0.00458
55	0.01130	0.00645	0.00663	0.00601	0.00771	0.00672	0.00466	0.14410	0.01309	0.02143	0.01597	0.01794	0.01238	0.00601	0.00386	0.00126	0.00296	0.00475	0.70131	0.00547
56	0.00687	0.00523	0.00631	0.00604	0.00742	0.00467	0.00453	0.00892	0.01359	0.01835	0.54239	0.04199	0.29237	0.01132	0.00606	0.00165	0.00248	0.00979	0.00536	0.00467
57	0.06456	0.02356	0.61967	0.01368	0.02043	0.01253	0.01665	0.13681	0.01283	0.01925	0.00958	0.01091	0.00680	0.00507	0.00481	0.00161	0.00705	0.00386	0.00270	0.00764
58	0.02003	0.00785	0.01032	0.00816	0.01152	0.00693	0.00666	0.02210	0.01381	0.61954	0.01946	0.01783	0.01280	0.00627	0.00481	0.00150	0.00393	0.00508	0.19354	0.00785
59	0.02302	0.00873	0.01191	0.00913	0.01310	0.00754	0.00754	0.02501	0.01469	0.79122	0.02024	0.01746	0.01270	0.00635	0.00516	0.00159	0.00437	0.00516	0.00635	0.00873
60	0.00680	0.00523	0.00621	0.00597	0.00738	0.00464	0.00448	0.00878	0.01343	0.01797	0.50023	0.04262	0.33477	0.01146	0.00606	0.00166	0.00249	0.00988	0.00531	0.00464
61	0.01123	0.01123	0.01572	0.01347	0.01347	0.01572	0.01123	0.01235	0.00786	0.01235	0.00674	0.01123	0.00674	0.00898	0.01684	0.00225	0.81028	0.00449	0.00225	0.00561
62	0.07117	0.01332	0.02642	0.06876	0.02519	0.01304	0.60019	0.08442	0.01285	0.01813	0.01025	0.01331	0.00766	0.00457	0.00571	0.00170	0.00794	0.00560	0.00285	0.00691
63	0.00969	0.00912	0.01539	0.80734	0.03534	0.01140	0.01425	0.01311	0.01026	0.01311	0.00912	0.01368	0.00684	0.00513	0.00513	0.00171	0.00684	0.00456	0.00228	0.00570
64	0.00627	0.00515	0.00552	0.00554	0.00709	0.00440	0.00412	0.00773	0.01203	0.01491	0.17090	0.10202	0.61092	0.01280	0.00610	0.00174	0.00260	0.01084	0.00491	0.00440
65	0.00726	0.00524	0.00686	0.00646	0.00767	0.00484	0.00484	0.00968	0.01452	0.02058	0.78496	0.03833	0.04841	0.01049	0.00605	0.00161	0.00242	0.00928	0.00565	0.00484
66	0.00969	0.00912	0.01539	0.80734	0.03534	0.01140	0.01425	0.01311	0.01026	0.01311	0.00912	0.01368	0.00684	0.00513	0.00513	0.00171	0.00684	0.00456	0.00228	0.00570
67	0.37527	0.00916	0.00909	0.00775	0.01055	0.00989	0.00624	0.14730	0.01374	0.08928	0.24973	0.01909	0.01998	0.00692	0.00458	0.00159	0.00382	0.00532	0.00456	0.00616
68	0.00969	0.00912	0.01539	0.80734	0.03534	0.01140	0.01425	0.01311	0.01026	0.01311	0.00912	0.01368	0.00684	0.00513	0.00513	0.00171	0.00684	0.00456	0.00228	0.00570
69	0.01922	0.01478	0.01548	0.01313	0.06927	0.08605	0.01005	0.60372	0.02180	0.07685	0.01223	0.01239	0.00874	0.00598	0.00509	0.00152	0.00592	0.00453	0.00480	0.00843
70	0.02344	0.00809	0.01206	0.25794	0.12150	0.00865	0.00963	0.01396	0.05744	0.08596	0.29706	0.02414	0.04420	0.00745	0.00547	0.00164	0.00458	0.00656	0.00417	0.00608
71	0.01159	0.05850	0.58532	0.01390	0.04248	0.01195	0.01622	0.01781	0.09230	0.07033	0.01147	0.02631	0.00843	0.00536	0.00490	0.00162	0.00677	0.00427	0.00284	0.00763
72	0.24546	0.19341	0.03319	0.00877	0.01257	0.05021	0.00770	0.01949	0.02624	0.32221	0.01302	0.01314	0.00931	0.00555	0.00421	0.00148	0.00483	0.01784	0.00422	0.00714
73	0.00974	0.00919	0.01540	0.77922	0.03457	0.01155	0.01414	0.01308	0.01017	0.01308	0.00904	0.01359	0.00684	0.00527	0.00554	0.00173	0.03530	0.00456	0.00228	0.00570
74	0.01075	0.01016	0.01718	0.47540	0.32874	0.01145	0.01450	0.01393	0.01080	0.01454	0.01001	0.04173	0.00830	0.00530	0.00516	0.00165	0.00641	0.00492	0.00247	0.00660
75	0.01385	0.03840	0.01211	0.01016	0.01269	0.31263	0.03445	0.13463	0.01483	0.01680	0.09318	0.02387	0.20980	0.04286	0.00614	0.00165	0.00603	0.00625	0.00387	0.00581
76	0.01030	0.00910	0.01507	0.74466	0.03356	0.01107	0.01367	0.01362	0.01046	0.04672	0.00960	0.01374	0.00712	0.00514	0.00508	0.00167	0.00663	0.00453	0.00248	0.03578
77	0.05040	0.20758	0.24391	0.01066	0.01544	0.01286	0.01108	0.04105	0.12258	0.16680	0.05892	0.01427	0.01157	0.00571	0.00461	0.00150	0.00544	0.00441	0.00376	0.00743
78	0.01198	0.00878	0.01066	0.04208	0.01282	0.00700	0.00641	0.01411	0.01093	0.11632	0.01105	0.01325	0.00899	0.06079	0.00558	0.00120	0.00409	0.00369	0.00344	0.64684
79	0.01065	0.03750	0.01082	0.00755	0.01171	0.00711	0.00607	0.01292	0.01116	0.03474	0.09651	0.01382	0.01227	0.00463	0.00407	0.00089	0.00372	0.00378	0.00338	0.70671
80	0.01351	0.00903	0.04586	0.06359	0.01348	0.00734	0.00738	0.03314	0.01276	0.23099	0.15357	0.01818	0.01658	0.00601	0.00475	0.00128	0.00407	0.00501	0.04075	0.31272
81	0.01030	0.00985	0.04789	0.61045	0.03002	0.01068	0.01288	0.03555	0.01082	0.03206	0.01015	0.04169	0.00806	0.00541	0.00502	0.00160	0.00629	0.00472	0.00263	0.10393
82	0.00909	0.00777	0.01204	0.20341	0.05119	0.00837	0.09301	0.02792	0.00962	0.01277	0.02880	0.02527	0.05861	0.38337	0.01547	0.00323	0.03583	0.00652	0.00298	0.00472
83	0.08099	0.00876	0.01361	0.32879	0.02147	0.00959	0.11160	0.03391	0.01005	0.01433	0.01153	0.03672	0.01073	0.22239	0.01064	0.00252	0.00603	0.00552	0.00281	0.05799
84	0.06375	0.00984	0.04630	0.21972	0.08365	0.00922	0.02330	0.01551	0.03824	0.13615	0.02519	0.01500	0.00987	0.05594	0.00599	0.00163	0.00516	0.00449	0.02277	0.20826

[dist]
# distance from previous block
# <min> <max>
0	532

# created by:
# /home/berkeley/.conda/envs/busco_data_prod/bin/msa2prfl.pl pipeline/OGs_align_augustus/33634/155572.fs
