[name]
unknown

[dist]
# distance from previous block
# <min> <max>
0	248

[block]
# block no. 0 follows, 41 sequences, length 16
# corresponding to MSA columns:
# 257-272
name=unknown_A
#
# <colnr> <probs for GDERKNQSTAVLIFYWHMCP>
#	G	D	E	R	K	N	Q	S	T	A	V	L	I	F	Y	W	H	M	C	P
0	0.01077	0.03400	0.01003	0.00905	0.01127	0.04333	0.00710	0.05989	0.03047	0.04170	0.05102	0.24906	0.13902	0.01256	0.00648	0.00196	0.00443	0.14951	0.00495	0.12340
1	0.04648	0.01258	0.03562	0.06003	0.08924	0.05188	0.17826	0.04164	0.09088	0.08707	0.06265	0.10039	0.01599	0.00868	0.02964	0.00207	0.03091	0.00698	0.00415	0.04486
2	0.00790	0.00613	0.00704	0.00695	0.00854	0.00556	0.00514	0.04231	0.01431	0.01862	0.27495	0.17742	0.37668	0.01385	0.00680	0.00195	0.00306	0.01193	0.00564	0.00520
3	0.00939	0.00693	0.00979	0.04532	0.01150	0.00724	0.05032	0.01114	0.01134	0.03860	0.04085	0.34359	0.08277	0.05717	0.02813	0.00242	0.08111	0.01072	0.14636	0.00531
4	0.01329	0.04938	0.17245	0.28816	0.07004	0.06258	0.03800	0.09565	0.01368	0.01823	0.01110	0.03865	0.00890	0.00609	0.00584	0.00175	0.02750	0.00502	0.00307	0.07064
5	0.01653	0.10030	0.01604	0.01188	0.01568	0.01617	0.00966	0.23607	0.46072	0.02629	0.01882	0.01779	0.01410	0.00719	0.00556	0.00180	0.00521	0.00571	0.00542	0.00906
6	0.00817	0.00659	0.00781	0.06597	0.01096	0.00619	0.00601	0.03952	0.01439	0.01845	0.25328	0.04722	0.43747	0.01277	0.00669	0.00191	0.00344	0.04244	0.00540	0.00533
7	0.06856	0.13030	0.12805	0.01413	0.10076	0.01224	0.05471	0.01979	0.01332	0.22868	0.03084	0.01466	0.01072	0.00568	0.00508	0.00154	0.00589	0.00466	0.00413	0.14624
8	0.01914	0.16743	0.13120	0.01292	0.01813	0.01469	0.07422	0.17961	0.05038	0.25350	0.01509	0.01488	0.01053	0.00620	0.00539	0.00168	0.00635	0.00499	0.00478	0.00888
9	0.00828	0.00566	0.00689	0.00713	0.00770	0.00562	0.00483	0.00932	0.01035	0.01420	0.08658	0.12677	0.06708	0.40121	0.08815	0.00443	0.00558	0.07961	0.05632	0.00429
10	0.01163	0.04268	0.01848	0.63150	0.03530	0.01374	0.04917	0.04094	0.01189	0.01544	0.01007	0.01475	0.00773	0.00602	0.00669	0.00192	0.06775	0.00508	0.00267	0.00657
11	0.05128	0.08204	0.06341	0.08760	0.06986	0.07346	0.08743	0.11723	0.04560	0.21685	0.01494	0.04056	0.01109	0.00649	0.00556	0.00174	0.00661	0.00545	0.00449	0.00829
12	0.01484	0.00777	0.01060	0.01024	0.05562	0.00740	0.00721	0.04959	0.01321	0.24294	0.12317	0.04827	0.02102	0.11769	0.03576	0.17143	0.00515	0.04689	0.00497	0.00624
13	0.01063	0.00989	0.01656	0.73618	0.03745	0.01225	0.01522	0.01437	0.01174	0.01514	0.05746	0.01698	0.01055	0.00610	0.00578	0.00190	0.00731	0.00541	0.00278	0.00629
14	0.03336	0.04745	0.01768	0.24990	0.16341	0.06311	0.02690	0.07129	0.01403	0.15686	0.01377	0.04005	0.01088	0.00673	0.00620	0.00182	0.03844	0.02650	0.00388	0.00773
15	0.04590	0.01277	0.01794	0.04949	0.08285	0.03198	0.11699	0.16319	0.05934	0.33418	0.01693	0.01668	0.01154	0.00643	0.00580	0.00178	0.00623	0.00560	0.00535	0.00900

[dist]
# distance from previous block
# <min> <max>
1	15

[block]
# block no. 1 follows, 41 sequences, length 65
# corresponding to MSA columns:
# 288-291,301-318,325-367
name=unknown_B
#
# <colnr> <probs for GDERKNQSTAVLIFYWHMCP>
#	G	D	E	R	K	N	Q	S	T	A	V	L	I	F	Y	W	H	M	C	P
0	0.09565	0.01091	0.01301	0.01131	0.05224	0.01085	0.00860	0.14089	0.10310	0.31626	0.03837	0.03813	0.03509	0.00725	0.00547	0.00172	0.00484	0.00584	0.03715	0.06330
1	0.01531	0.07077	0.03695	0.10336	0.03772	0.01531	0.01082	0.16785	0.42895	0.02417	0.01806	0.01780	0.01354	0.00700	0.00562	0.00183	0.00552	0.00570	0.00500	0.00873
2	0.00755	0.00561	0.00703	0.00713	0.00832	0.00509	0.00518	0.00956	0.01422	0.01933	0.43577	0.24285	0.18357	0.01386	0.00689	0.00196	0.00290	0.01223	0.00585	0.00509
3	0.80978	0.01124	0.00872	0.00773	0.01130	0.01301	0.00636	0.04315	0.01036	0.02604	0.00817	0.00945	0.00632	0.00537	0.00362	0.00177	0.00449	0.00317	0.00362	0.00632
4	0.00790	0.00538	0.00644	0.00685	0.00698	0.00531	0.00413	0.00826	0.00916	0.01224	0.02215	0.27241	0.02592	0.53747	0.04106	0.00464	0.00510	0.01073	0.00403	0.00387
5	0.00804	0.00584	0.00757	0.00714	0.00851	0.00537	0.00535	0.01069	0.01606	0.02264	0.73195	0.04322	0.08249	0.01181	0.00675	0.00180	0.00271	0.01041	0.00626	0.00537
6	0.01186	0.01017	0.01186	0.00847	0.01356	0.00762	0.00678	0.01440	0.01186	0.01864	0.01017	0.01186	0.00847	0.00424	0.00424	0.00085	0.00424	0.00339	0.00339	0.83395
7	0.01423	0.01229	0.01293	0.01164	0.01487	0.01423	0.00905	0.03039	0.75297	0.02393	0.02328	0.02134	0.01746	0.00776	0.00582	0.00194	0.00453	0.00647	0.00582	0.00905
8	0.00922	0.00658	0.00922	0.01053	0.01185	0.00658	0.00922	0.01185	0.01317	0.01712	0.03029	0.06452	0.03292	0.01580	0.00790	0.00263	0.00527	0.72480	0.00527	0.00527
9	0.83938	0.01106	0.00841	0.00752	0.01106	0.01283	0.00619	0.01681	0.00973	0.02566	0.00796	0.00929	0.00619	0.00531	0.00354	0.00177	0.00442	0.00310	0.00354	0.00619
10	0.36278	0.01008	0.01088	0.00885	0.01276	0.01010	0.00728	0.02259	0.01341	0.42407	0.01632	0.01533	0.01088	0.00633	0.00475	0.00175	0.00458	0.00463	0.04459	0.00806
11	0.00697	0.00498	0.00664	0.00796	0.00830	0.00465	0.00531	0.00796	0.01095	0.01460	0.03153	0.79525	0.03783	0.01792	0.00730	0.00232	0.00332	0.01626	0.00531	0.00465
12	0.01251	0.01251	0.01752	0.01502	0.01502	0.01752	0.01251	0.01377	0.00876	0.01377	0.00751	0.01251	0.00751	0.01001	0.01877	0.00250	0.78851	0.00501	0.00250	0.00626
13	0.01648	0.12089	0.30198	0.01549	0.08492	0.01286	0.06572	0.02061	0.01364	0.24213	0.04094	0.01544	0.01128	0.00601	0.00546	0.00172	0.00681	0.00501	0.00403	0.00858
14	0.83938	0.01106	0.00841	0.00752	0.01106	0.01283	0.00619	0.01681	0.00973	0.02566	0.00796	0.00929	0.00619	0.00531	0.00354	0.00177	0.00442	0.00310	0.00354	0.00619
15	0.01251	0.01251	0.01752	0.01502	0.01502	0.01752	0.01251	0.01377	0.00876	0.01377	0.00751	0.01251	0.00751	0.01001	0.01877	0.00250	0.78851	0.00501	0.00250	0.00626
16	0.00865	0.00575	0.00756	0.00844	0.00945	0.00535	0.00630	0.01016	0.01205	0.06325	0.03376	0.49054	0.11982	0.01634	0.00728	0.00231	0.00382	0.17861	0.00541	0.00513
17	0.02099	0.06906	0.01766	0.01276	0.01699	0.01708	0.01067	0.56186	0.02332	0.10952	0.01378	0.01393	0.00985	0.00700	0.00661	0.00175	0.06745	0.00506	0.00539	0.00929
18	0.00697	0.00498	0.00664	0.00796	0.00830	0.00465	0.00531	0.00796	0.01095	0.01460	0.03153	0.79525	0.03783	0.01792	0.00730	0.00232	0.00332	0.01626	0.00531	0.00465
19	0.00873	0.00606	0.00731	0.00707	0.00868	0.00544	0.00533	0.01072	0.01419	0.06345	0.34631	0.07424	0.29520	0.06463	0.00826	0.00216	0.00328	0.05795	0.00571	0.00529
20	0.01361	0.01521	0.13298	0.20175	0.17006	0.01347	0.20462	0.01768	0.01255	0.07883	0.01146	0.01474	0.00865	0.00580	0.00703	0.00190	0.07338	0.00544	0.00304	0.00781
21	0.01470	0.01726	0.19507	0.15562	0.05010	0.04415	0.21701	0.04768	0.01345	0.11344	0.01208	0.01461	0.00878	0.00592	0.00687	0.00188	0.06480	0.00537	0.00334	0.00787
22	0.02460	0.01005	0.01332	0.01033	0.01460	0.00901	0.00848	0.08525	0.01701	0.67779	0.02221	0.05002	0.01475	0.00750	0.00581	0.00179	0.00492	0.00612	0.00690	0.00953
23	0.01254	0.01087	0.01801	0.48452	0.19697	0.01235	0.03126	0.01649	0.03731	0.06396	0.01265	0.03574	0.01016	0.00629	0.00583	0.00188	0.00703	0.02574	0.00316	0.00722
24	0.03149	0.05837	0.07743	0.12683	0.15957	0.03001	0.08030	0.10584	0.01506	0.19850	0.01462	0.05200	0.01115	0.00649	0.00570	0.00178	0.00662	0.00569	0.00423	0.00833
25	0.01437	0.07310	0.19169	0.10185	0.12040	0.03902	0.10733	0.10529	0.11208	0.03682	0.01327	0.03632	0.01037	0.00618	0.00567	0.00179	0.00719	0.00543	0.00359	0.00822
26	0.01545	0.01512	0.01035	0.00966	0.01177	0.34001	0.00726	0.01814	0.04345	0.01825	0.01459	0.01655	0.01161	0.00637	0.00457	0.00142	0.00606	0.00466	0.43866	0.00604
27	0.01591	0.69202	0.04691	0.01053	0.01529	0.11085	0.01022	0.01782	0.01217	0.01364	0.00811	0.00938	0.00734	0.00502	0.00389	0.00127	0.00667	0.00316	0.00250	0.00728
28	0.00947	0.00725	0.00936	0.00897	0.03673	0.00717	0.03545	0.03741	0.01278	0.03584	0.18055	0.05978	0.23851	0.20464	0.01278	0.00279	0.05161	0.00937	0.03426	0.00528
29	0.00960	0.00703	0.00853	0.00795	0.00971	0.00688	0.00601	0.03939	0.10517	0.04300	0.49972	0.09555	0.11592	0.01166	0.00661	0.00186	0.00318	0.01017	0.00607	0.00600
30	0.01157	0.00665	0.00850	0.00770	0.00977	0.00594	0.00596	0.01385	0.01531	0.17952	0.41485	0.07094	0.18063	0.01163	0.00660	0.00187	0.00331	0.03302	0.00620	0.00618
31	0.05455	0.01004	0.01250	0.00989	0.01368	0.00955	0.00807	0.14525	0.01769	0.46067	0.14467	0.02207	0.01981	0.00773	0.00576	0.00175	0.00464	0.00630	0.03667	0.00870
32	0.02174	0.01602	0.01717	0.01316	0.01774	0.01774	0.01087	0.74423	0.02689	0.03605	0.01373	0.01373	0.00973	0.00687	0.00572	0.00172	0.00629	0.00515	0.00572	0.00973
33	0.00715	0.00579	0.00635	0.00626	0.00798	0.00499	0.00468	0.00895	0.01389	0.01760	0.26088	0.07215	0.53575	0.01377	0.00677	0.00190	0.00285	0.01169	0.00560	0.00499
34	0.00831	0.00556	0.00632	0.00632	0.00634	0.00559	0.00356	0.00837	0.00834	0.01115	0.01795	0.03704	0.02063	0.77927	0.04859	0.00564	0.00580	0.00826	0.00346	0.00351
35	0.00810	0.00585	0.00765	0.00720	0.00855	0.00540	0.00540	0.01079	0.01619	0.02294	0.76028	0.04273	0.05397	0.01169	0.00675	0.00180	0.00270	0.01034	0.00630	0.00540
36	0.02137	0.02726	0.01621	0.01474	0.01768	0.77602	0.01105	0.02284	0.01621	0.01400	0.00884	0.01031	0.00737	0.00589	0.00516	0.00147	0.01031	0.00368	0.00295	0.00663
37	0.01186	0.01017	0.01186	0.00847	0.01356	0.00762	0.00678	0.01440	0.01186	0.01864	0.01017	0.01186	0.00847	0.00424	0.00424	0.00085	0.00424	0.00339	0.00339	0.83395
38	0.01818	0.01139	0.01372	0.01272	0.06731	0.01198	0.00937	0.06152	0.38600	0.27666	0.02204	0.05105	0.01620	0.00771	0.00584	0.00187	0.00484	0.00646	0.00601	0.00914
39	0.01350	0.01543	0.03375	0.02411	0.02989	0.01446	0.74253	0.01832	0.01350	0.01832	0.01157	0.01543	0.00868	0.00482	0.00675	0.00193	0.00964	0.00675	0.00289	0.00771
40	0.00832	0.00555	0.00624	0.00624	0.00624	0.00555	0.00347	0.00832	0.00832	0.01109	0.01802	0.03743	0.02080	0.79898	0.02911	0.00555	0.00555	0.00832	0.00347	0.00347
41	0.57935	0.01116	0.01029	0.00862	0.01245	0.01220	0.00711	0.08018	0.01273	0.20127	0.01189	0.01206	0.00837	0.00586	0.00424	0.00177	0.00469	0.00389	0.00456	0.00732
42	0.01288	0.01165	0.07098	0.00921	0.01451	0.00813	0.00802	0.01572	0.01222	0.07563	0.01112	0.01246	0.00881	0.00455	0.00444	0.00099	0.00461	0.00363	0.00359	0.70684
43	0.13473	0.05616	0.01595	0.04142	0.01660	0.34899	0.01068	0.05124	0.03995	0.03366	0.00945	0.01156	0.00786	0.00686	0.00813	0.00179	0.19084	0.00414	0.00320	0.00680
44	0.01175	0.08545	0.71590	0.01583	0.02403	0.01396	0.02031	0.01804	0.01204	0.01778	0.01010	0.01187	0.00725	0.00540	0.00531	0.00177	0.00828	0.00414	0.00242	0.00837
45	0.01529	0.80242	0.02997	0.00979	0.01468	0.02263	0.00979	0.01713	0.01162	0.01346	0.00795	0.00918	0.00734	0.00489	0.00367	0.00122	0.00612	0.00306	0.00245	0.00734
46	0.00774	0.00543	0.00698	0.00752	0.00786	0.00549	0.00494	0.00854	0.00956	0.01295	0.02301	0.34421	0.02649	0.33203	0.16621	0.00494	0.00655	0.01114	0.00414	0.00427
47	0.07786	0.40551	0.09248	0.01108	0.01587	0.01829	0.01070	0.13965	0.03161	0.09991	0.01104	0.01174	0.00862	0.00581	0.00505	0.00153	0.03763	0.00397	0.00365	0.00801
48	0.01418	0.01285	0.02100	0.14263	0.46249	0.01337	0.06005	0.05283	0.07909	0.04365	0.03344	0.01599	0.01102	0.00574	0.00579	0.00177	0.00669	0.00549	0.00343	0.00852
49	0.00817	0.00613	0.00919	0.00919	0.01021	0.00715	0.00715	0.01021	0.00919	0.01328	0.01532	0.02247	0.01430	0.04290	0.77631	0.00919	0.01532	0.00613	0.00306	0.00511
50	0.01186	0.01017	0.01186	0.00847	0.01356	0.00762	0.00678	0.01440	0.01186	0.01864	0.01017	0.01186	0.00847	0.00424	0.00424	0.00085	0.00424	0.00339	0.00339	0.83395
51	0.01162	0.01037	0.01768	0.71622	0.03782	0.01258	0.04639	0.01540	0.01176	0.05040	0.01081	0.01546	0.00798	0.00574	0.00576	0.00190	0.00758	0.00519	0.00277	0.00657
52	0.01468	0.04338	0.02054	0.01557	0.01985	0.01437	0.24882	0.05420	0.40673	0.04860	0.01809	0.01831	0.01352	0.00653	0.00599	0.00186	0.00634	0.00627	0.00471	0.03165
53	0.00766	0.00541	0.00663	0.00722	0.00765	0.00511	0.00460	0.00833	0.01002	0.01339	0.02647	0.44412	0.05658	0.32400	0.01574	0.00352	0.00421	0.01255	0.00452	0.03228
54	0.01214	0.07730	0.61365	0.01635	0.04071	0.01359	0.06489	0.01804	0.01240	0.03608	0.03591	0.01336	0.00913	0.00560	0.00546	0.00178	0.00806	0.00457	0.00270	0.00828
55	0.01772	0.01377	0.06789	0.17044	0.15962	0.04144	0.08088	0.09997	0.03047	0.23830	0.01464	0.01586	0.01029	0.00607	0.00578	0.00179	0.00680	0.00536	0.00437	0.00854
56	0.01529	0.80242	0.02997	0.00979	0.01468	0.02263	0.00979	0.01713	0.01162	0.01346	0.00795	0.00918	0.00734	0.00489	0.00367	0.00122	0.00612	0.00306	0.00245	0.00734
57	0.01065	0.00684	0.00932	0.02918	0.01129	0.00658	0.02553	0.03045	0.03443	0.10615	0.18352	0.32193	0.05055	0.01339	0.00683	0.00210	0.00398	0.10909	0.03229	0.00588
58	0.01938	0.07133	0.12844	0.04941	0.10758	0.01173	0.01193	0.05534	0.06551	0.37632	0.03402	0.01718	0.01265	0.00652	0.00557	0.00174	0.00584	0.00535	0.00517	0.00899
59	0.00990	0.00737	0.01089	0.02955	0.08440	0.00720	0.04251	0.02447	0.03891	0.05663	0.06485	0.45285	0.03075	0.01407	0.00696	0.00219	0.00444	0.10109	0.00506	0.00589
60	0.00701	0.00501	0.00668	0.00794	0.00831	0.00467	0.00531	0.00807	0.01115	0.01492	0.05926	0.76661	0.03845	0.01768	0.00728	0.00230	0.00329	0.01604	0.00535	0.00467
61	0.12747	0.01642	0.22634	0.13727	0.08638	0.01270	0.04722	0.05618	0.06457	0.07374	0.04074	0.01583	0.01097	0.03299	0.00655	0.00196	0.02628	0.00510	0.00358	0.00769
62	0.04947	0.09591	0.23759	0.04643	0.08216	0.03487	0.12741	0.04723	0.01373	0.16594	0.01269	0.01395	0.00910	0.00562	0.00544	0.00171	0.00720	0.00485	0.00367	0.03503
63	0.01525	0.01509	0.19667	0.01515	0.07175	0.02953	0.11348	0.01870	0.01342	0.22620	0.03595	0.16379	0.01644	0.00846	0.00653	0.00192	0.03185	0.00750	0.00447	0.00784
64	0.68614	0.07607	0.01099	0.00848	0.01201	0.08057	0.00703	0.01731	0.01044	0.02344	0.00803	0.00943	0.00641	0.00541	0.00398	0.00171	0.01966	0.00318	0.00338	0.00633

[dist]
# distance from previous block
# <min> <max>
0	2

[block]
# block no. 2 follows, 41 sequences, length 8
# corresponding to MSA columns:
# 370-377
name=unknown_C
#
# <colnr> <probs for GDERKNQSTAVLIFYWHMCP>
#	G	D	E	R	K	N	Q	S	T	A	V	L	I	F	Y	W	H	M	C	P
0	0.01019	0.00624	0.00810	0.00739	0.00908	0.00572	0.00563	0.01283	0.01592	0.10400	0.62889	0.03872	0.04693	0.01084	0.00645	0.00176	0.00293	0.00950	0.06301	0.00587
1	0.01642	0.69981	0.02802	0.01000	0.01484	0.02130	0.00974	0.05776	0.01282	0.07131	0.00937	0.01020	0.00798	0.00517	0.00394	0.00129	0.00603	0.00338	0.00297	0.00765
2	0.01348	0.00822	0.01075	0.00957	0.01118	0.00886	0.00744	0.01492	0.01190	0.21171	0.02520	0.15170	0.13490	0.09928	0.03422	0.00267	0.18701	0.00856	0.04214	0.00630
3	0.00916	0.00602	0.00761	0.00727	0.00881	0.00552	0.00552	0.01159	0.01511	0.06456	0.51061	0.08266	0.12482	0.01188	0.00657	0.00184	0.00300	0.04361	0.06831	0.00554
4	0.00821	0.00550	0.00627	0.00637	0.00640	0.00548	0.00361	0.00829	0.00852	0.01136	0.01907	0.09611	0.02211	0.73851	0.02742	0.00530	0.00537	0.00893	0.00361	0.00356
5	0.01624	0.00853	0.01069	0.03220	0.01261	0.00835	0.00727	0.02091	0.14996	0.30907	0.13989	0.08627	0.02334	0.07045	0.00772	0.00211	0.00429	0.00759	0.07495	0.00756
6	0.01186	0.01017	0.01186	0.00847	0.01356	0.00762	0.00678	0.01440	0.01186	0.01864	0.01017	0.01186	0.00847	0.00424	0.00424	0.00085	0.00424	0.00339	0.00339	0.83395
7	0.04105	0.11041	0.01746	0.03909	0.05179	0.07528	0.02845	0.26450	0.18361	0.07011	0.05010	0.01632	0.01311	0.00678	0.00546	0.00171	0.00603	0.00533	0.00486	0.00855

[dist]
# distance from previous block
# <min> <max>
5	16

[block]
# block no. 3 follows, 41 sequences, length 10
# corresponding to MSA columns:
# 396-405
name=unknown_D
#
# <colnr> <probs for GDERKNQSTAVLIFYWHMCP>
#	G	D	E	R	K	N	Q	S	T	A	V	L	I	F	Y	W	H	M	C	P
0	0.06433	0.14555	0.03121	0.01273	0.03987	0.16163	0.01028	0.18195	0.02621	0.03328	0.04600	0.01386	0.01077	0.01854	0.02268	0.00185	0.10568	0.00459	0.00377	0.06524
1	0.05923	0.05811	0.01543	0.06233	0.01543	0.08411	0.01034	0.04370	0.04586	0.01575	0.01052	0.01576	0.00981	0.09320	0.05853	0.00284	0.34809	0.00509	0.00306	0.04282
2	0.10688	0.05103	0.01448	0.28354	0.05744	0.01227	0.01094	0.08338	0.09502	0.06047	0.03258	0.07735	0.04233	0.00746	0.00549	0.00183	0.00570	0.00621	0.03856	0.00705
3	0.01187	0.00873	0.00937	0.00856	0.01056	0.00947	0.00635	0.07262	0.27720	0.02112	0.09382	0.02753	0.04840	0.17575	0.01047	0.00254	0.00422	0.00710	0.18773	0.00658
4	0.01293	0.00815	0.01157	0.05391	0.04061	0.00899	0.00840	0.01539	0.04001	0.17493	0.01635	0.02203	0.01402	0.12153	0.34770	0.00557	0.08142	0.00613	0.00399	0.00637
5	0.00799	0.00581	0.00734	0.00697	0.00826	0.00536	0.00512	0.01032	0.01517	0.02113	0.62460	0.04343	0.11923	0.08391	0.00879	0.00215	0.00298	0.01033	0.00594	0.00517
6	0.01290	0.25850	0.12643	0.01308	0.01762	0.01482	0.14188	0.05424	0.07714	0.01815	0.07843	0.06473	0.05721	0.00756	0.00555	0.00172	0.00629	0.03271	0.00373	0.00730
7	0.01054	0.00866	0.01010	0.00792	0.01175	0.00677	0.00615	0.01282	0.01210	0.01823	0.05629	0.10803	0.08783	0.00732	0.00495	0.00120	0.00384	0.00617	0.04900	0.57034
8	0.01351	0.05298	0.23526	0.01324	0.05770	0.01077	0.04240	0.03167	0.02350	0.12035	0.09621	0.05147	0.01590	0.00700	0.00579	0.00165	0.02308	0.02036	0.02213	0.15502
9	0.40452	0.06312	0.04952	0.01049	0.04612	0.01291	0.00860	0.05647	0.01199	0.08765	0.02888	0.01454	0.05167	0.00655	0.00573	0.00175	0.07650	0.00444	0.00387	0.05466

[dist]
# distance from previous block
# <min> <max>
3	7

[block]
# block no. 4 follows, 41 sequences, length 103
# corresponding to MSA columns:
# 413-477,481-518
name=unknown_E
#
# <colnr> <probs for GDERKNQSTAVLIFYWHMCP>
#	G	D	E	R	K	N	Q	S	T	A	V	L	I	F	Y	W	H	M	C	P
0	0.00957	0.00725	0.00884	0.03818	0.01100	0.00738	0.00651	0.08702	0.07995	0.01954	0.19835	0.35795	0.09561	0.03641	0.00741	0.00215	0.00378	0.01186	0.00547	0.00578
1	0.01610	0.01050	0.01317	0.04998	0.04740	0.00962	0.00861	0.13451	0.01595	0.19375	0.11410	0.01954	0.01661	0.00669	0.00538	0.00146	0.00481	0.02229	0.00498	0.30454
2	0.01147	0.02959	0.76934	0.01630	0.02476	0.01328	0.02113	0.01811	0.01208	0.01811	0.01026	0.01208	0.00725	0.00543	0.00543	0.00181	0.00845	0.00423	0.00242	0.00845
3	0.70216	0.01134	0.00954	0.00821	0.01191	0.01283	0.00676	0.07602	0.01169	0.09190	0.00971	0.01054	0.00718	0.00559	0.00391	0.00177	0.00461	0.00350	0.00403	0.00679
4	0.01404	0.01245	0.05244	0.05134	0.12022	0.01146	0.23636	0.06219	0.05177	0.11367	0.10728	0.05748	0.06769	0.00756	0.00629	0.00186	0.00648	0.00734	0.00438	0.00770
5	0.01823	0.00891	0.01098	0.03960	0.01308	0.00869	0.00754	0.12202	0.01603	0.32874	0.03968	0.02198	0.01545	0.00742	0.00530	0.00167	0.00441	0.04152	0.28096	0.00779
6	0.01080	0.01017	0.01716	0.78523	0.03940	0.01271	0.01589	0.01461	0.01144	0.01461	0.01017	0.01525	0.00762	0.00572	0.00572	0.00191	0.00762	0.00508	0.00254	0.00635
7	0.01208	0.01059	0.01346	0.02769	0.08357	0.00842	0.02263	0.01478	0.01199	0.01855	0.01025	0.01222	0.00851	0.00436	0.00445	0.00097	0.00465	0.00365	0.00331	0.72388
8	0.77449	0.03919	0.00956	0.00793	0.01136	0.01338	0.00659	0.01669	0.00976	0.02472	0.00794	0.00943	0.00629	0.00550	0.00420	0.00178	0.03830	0.00318	0.00346	0.00624
9	0.01037	0.00895	0.01175	0.01053	0.01053	0.01140	0.00789	0.01098	0.00853	0.01240	0.01288	0.02525	0.01430	0.41321	0.02406	0.00406	0.38838	0.00670	0.00299	0.00483
10	0.00832	0.00555	0.00624	0.00624	0.00624	0.00555	0.00347	0.00832	0.00832	0.01109	0.01802	0.03743	0.02080	0.79898	0.02911	0.00555	0.00555	0.00832	0.00347	0.00347
11	0.03878	0.01170	0.05453	0.57627	0.08724	0.01289	0.01519	0.04268	0.04470	0.04543	0.01132	0.01519	0.00842	0.00583	0.00564	0.00187	0.00721	0.00507	0.00302	0.00702
12	0.83938	0.01106	0.00841	0.00752	0.01106	0.01283	0.00619	0.01681	0.00973	0.02566	0.00796	0.00929	0.00619	0.00531	0.00354	0.00177	0.00442	0.00310	0.00354	0.00619
13	0.00810	0.00585	0.00765	0.00720	0.00855	0.00540	0.00540	0.01079	0.01619	0.02294	0.76028	0.04273	0.05397	0.01169	0.00675	0.00180	0.00270	0.01034	0.00630	0.00540
14	0.02447	0.00952	0.01275	0.00987	0.01407	0.00835	0.00812	0.04003	0.01624	0.69819	0.02211	0.01950	0.01411	0.00704	0.00562	0.00174	0.00473	0.00571	0.06840	0.00941
15	0.01487	0.01261	0.01330	0.01177	0.01512	0.01453	0.00921	0.09135	0.69097	0.02496	0.02247	0.02069	0.01680	0.00768	0.00581	0.00192	0.00468	0.00635	0.00581	0.00911
16	0.00771	0.00583	0.00711	0.00679	0.00831	0.00523	0.00509	0.01004	0.01528	0.02077	0.55647	0.04630	0.25914	0.01250	0.00675	0.00184	0.00276	0.01085	0.00601	0.00523
17	0.00812	0.00579	0.00752	0.00717	0.00847	0.00536	0.00535	0.01073	0.01579	0.02247	0.70011	0.07960	0.05190	0.01184	0.00669	0.00181	0.00273	0.01048	0.03270	0.00536
18	0.01773	0.01114	0.01270	0.01080	0.01433	0.01181	0.00862	0.09397	0.38008	0.24782	0.02394	0.02295	0.05319	0.00799	0.00583	0.00187	0.00467	0.02630	0.03541	0.00887
19	0.01416	0.01359	0.02322	0.03511	0.76330	0.01359	0.01755	0.01755	0.01302	0.01869	0.01076	0.01416	0.00906	0.00510	0.00566	0.00170	0.00680	0.00510	0.00283	0.00906
20	0.00697	0.00498	0.00664	0.00796	0.00830	0.00465	0.00531	0.00796	0.01095	0.01460	0.03153	0.79525	0.03783	0.01792	0.00730	0.00232	0.00332	0.01626	0.00531	0.00465
21	0.00827	0.00543	0.00638	0.00654	0.00658	0.00539	0.00380	0.00821	0.00858	0.01144	0.01908	0.12931	0.02209	0.64473	0.02592	0.06682	0.00523	0.00905	0.00362	0.00354
22	0.04536	0.02603	0.01585	0.01433	0.01736	0.72038	0.01080	0.02288	0.01603	0.04714	0.00941	0.01068	0.00763	0.00593	0.00514	0.00150	0.00991	0.00376	0.00314	0.00675
23	0.00854	0.00606	0.00681	0.00657	0.00847	0.00521	0.00494	0.01026	0.01376	0.07678	0.18810	0.10193	0.51481	0.01360	0.00672	0.00192	0.00305	0.01153	0.00564	0.00532
24	0.01033	0.00664	0.00856	0.00778	0.00957	0.00624	0.00594	0.01378	0.06030	0.10196	0.63792	0.03898	0.04756	0.01097	0.00659	0.00180	0.00304	0.00963	0.00635	0.00608
25	0.01516	0.01399	0.02575	0.14327	0.06417	0.03804	0.40333	0.04393	0.02723	0.11375	0.01273	0.01561	0.00933	0.00565	0.00682	0.00190	0.04198	0.00604	0.00350	0.00782
26	0.01186	0.01017	0.01186	0.00847	0.01356	0.00762	0.00678	0.01440	0.01186	0.01864	0.01017	0.01186	0.00847	0.00424	0.00424	0.00085	0.00424	0.00339	0.00339	0.83395
27	0.01442	0.12628	0.01600	0.03969	0.04286	0.01544	0.00975	0.04266	0.57752	0.02216	0.01995	0.01895	0.01518	0.00716	0.00550	0.00182	0.00499	0.00585	0.00511	0.00873
28	0.01350	0.01360	0.01599	0.16870	0.04128	0.13506	0.01204	0.03241	0.01169	0.03021	0.04410	0.03288	0.03742	0.02557	0.01208	0.00217	0.35617	0.00563	0.00310	0.00639
29	0.02462	0.01001	0.01330	0.01031	0.01458	0.00895	0.00847	0.08042	0.01694	0.68247	0.02227	0.05031	0.01478	0.00750	0.00581	0.00179	0.00491	0.00613	0.00691	0.00953
30	0.00900	0.00600	0.00794	0.00780	0.00848	0.00643	0.00542	0.01006	0.00908	0.04505	0.01695	0.02959	0.01744	0.40760	0.38080	0.00710	0.01013	0.00717	0.00343	0.00451
31	0.00826	0.00552	0.00625	0.00631	0.00632	0.00551	0.00354	0.00830	0.00842	0.01123	0.01857	0.06797	0.02148	0.76750	0.02823	0.00542	0.00546	0.00864	0.00354	0.00351
32	0.83938	0.01106	0.00841	0.00752	0.01106	0.01283	0.00619	0.01681	0.00973	0.02566	0.00796	0.00929	0.00619	0.00531	0.00354	0.00177	0.00442	0.00310	0.00354	0.00619
33	0.01345	0.01577	0.05159	0.02392	0.02977	0.01444	0.72503	0.01832	0.01347	0.01832	0.01154	0.01535	0.00864	0.00484	0.00672	0.00193	0.00961	0.00669	0.00288	0.00773
34	0.01416	0.01359	0.02322	0.03511	0.76330	0.01359	0.01755	0.01755	0.01302	0.01869	0.01076	0.01416	0.00906	0.00510	0.00566	0.00170	0.00680	0.00510	0.00283	0.00906
35	0.01529	0.80242	0.02997	0.00979	0.01468	0.02263	0.00979	0.01713	0.01162	0.01346	0.00795	0.00918	0.00734	0.00489	0.00367	0.00122	0.00612	0.00306	0.00245	0.00734
36	0.08122	0.00969	0.01267	0.00984	0.01411	0.00859	0.00811	0.02641	0.01579	0.68935	0.02281	0.02003	0.04010	0.00722	0.00563	0.00178	0.00477	0.00579	0.00677	0.00932
37	0.06626	0.00754	0.00982	0.00886	0.01129	0.00704	0.00699	0.01708	0.01436	0.29583	0.21322	0.16135	0.02976	0.01241	0.03990	0.00228	0.00451	0.07859	0.00601	0.00690
38	0.01350	0.01543	0.03375	0.02411	0.02989	0.01446	0.74253	0.01832	0.01350	0.01832	0.01157	0.01543	0.00868	0.00482	0.00675	0.00193	0.00964	0.00675	0.00289	0.00771
39	0.01102	0.00623	0.00734	0.00675	0.00843	0.00618	0.03429	0.01435	0.04470	0.04301	0.11757	0.02389	0.01977	0.00732	0.00460	0.00146	0.00309	0.00612	0.62815	0.00572
40	0.00985	0.00617	0.00769	0.00710	0.00884	0.00560	0.00540	0.01230	0.01533	0.09459	0.50976	0.04038	0.15655	0.01121	0.00640	0.00177	0.00294	0.00970	0.08270	0.00573
41	0.00753	0.00541	0.00716	0.00770	0.00851	0.00504	0.00546	0.00933	0.01334	0.01837	0.35504	0.44010	0.04485	0.01509	0.00707	0.00210	0.00310	0.03404	0.00575	0.00500
42	0.00720	0.00577	0.00645	0.00646	0.00810	0.00502	0.00484	0.00898	0.01372	0.01741	0.24073	0.10719	0.49915	0.01404	0.00683	0.00195	0.00295	0.03267	0.00557	0.00498
43	0.01303	0.01238	0.02113	0.34917	0.37618	0.01346	0.06623	0.04771	0.01299	0.01770	0.01069	0.01469	0.00846	0.00542	0.00576	0.00180	0.00732	0.00521	0.00284	0.00786
44	0.01153	0.01102	0.01919	0.66423	0.03745	0.01310	0.10454	0.04147	0.01225	0.01584	0.01047	0.01522	0.00783	0.00565	0.00584	0.00190	0.00782	0.00529	0.00270	0.00664
45	0.00757	0.00556	0.00716	0.00813	0.00900	0.00520	0.00603	0.00910	0.01205	0.01574	0.07967	0.43740	0.15233	0.03899	0.00795	0.00239	0.00374	0.18187	0.00531	0.00483
46	0.00939	0.00699	0.00869	0.03588	0.01056	0.00692	0.00628	0.01297	0.08019	0.05320	0.45824	0.04028	0.19537	0.01146	0.00705	0.00187	0.03326	0.00977	0.00580	0.00586
47	0.01567	0.11623	0.25001	0.13058	0.08290	0.01420	0.06032	0.10398	0.01451	0.13937	0.01246	0.01394	0.00895	0.00578	0.00544	0.00173	0.00715	0.00479	0.00364	0.00836
48	0.01560	0.76373	0.02929	0.01003	0.01483	0.06024	0.00985	0.01741	0.01185	0.01348	0.00800	0.00923	0.00734	0.00494	0.00374	0.00124	0.00633	0.00309	0.00247	0.00730
49	0.00713	0.00506	0.00668	0.00791	0.00825	0.00477	0.00528	0.00810	0.01082	0.01442	0.03051	0.71980	0.03645	0.07472	0.00891	0.00257	0.00353	0.03534	0.00517	0.00458
50	0.01992	0.12272	0.01753	0.01353	0.01664	0.55375	0.01059	0.05168	0.01555	0.04238	0.00974	0.01118	0.00800	0.00609	0.00565	0.00151	0.04797	0.00387	0.03482	0.00689
51	0.00803	0.00580	0.00698	0.00751	0.00833	0.00554	0.00543	0.00919	0.01099	0.01412	0.03187	0.14864	0.18958	0.31473	0.01567	0.00355	0.00459	0.20045	0.00459	0.00440
52	0.04970	0.27527	0.03835	0.00948	0.01441	0.05156	0.00843	0.03049	0.01221	0.01732	0.00934	0.01082	0.00793	0.00467	0.00413	0.00109	0.00533	0.00334	0.00308	0.44305
53	0.03999	0.00652	0.00757	0.00722	0.00897	0.00612	0.00542	0.01152	0.06364	0.02031	0.41400	0.10085	0.23841	0.01221	0.00654	0.00186	0.00303	0.01053	0.00573	0.02957
54	0.01460	0.06947	0.30192	0.01666	0.05131	0.08604	0.13244	0.04549	0.10996	0.05863	0.01255	0.01404	0.00937	0.00600	0.00627	0.00180	0.04690	0.00499	0.00337	0.00820
55	0.00764	0.00593	0.00706	0.00699	0.00857	0.00522	0.00520	0.00959	0.01383	0.01834	0.31325	0.16853	0.31363	0.01354	0.00676	0.00192	0.00305	0.03896	0.00558	0.04642
56	0.06284	0.01242	0.04234	0.11492	0.05130	0.09558	0.11652	0.01537	0.03498	0.01898	0.25346	0.02451	0.05174	0.00821	0.00710	0.00186	0.07027	0.00701	0.00411	0.00647
57	0.00794	0.00599	0.00730	0.00686	0.00843	0.00536	0.00510	0.01019	0.01486	0.02037	0.52397	0.04418	0.22063	0.05137	0.00776	0.00198	0.00295	0.01038	0.00580	0.03855
58	0.05061	0.00786	0.00864	0.00848	0.01016	0.04046	0.00655	0.07500	0.01443	0.04454	0.19331	0.20128	0.04628	0.01178	0.00624	0.00194	0.00402	0.11863	0.14397	0.00579
59	0.01290	0.25770	0.15199	0.01081	0.03118	0.01337	0.01047	0.01596	0.01185	0.01695	0.00951	0.01112	0.00792	0.00467	0.00430	0.00115	0.00562	0.00347	0.00291	0.41615
60	0.01219	0.01041	0.01104	0.01008	0.01288	0.01156	0.00779	0.02422	0.53911	0.02219	0.10060	0.02992	0.16493	0.00944	0.00609	0.00192	0.00404	0.00792	0.00577	0.00789
61	0.01204	0.00809	0.01061	0.00998	0.04016	0.00798	0.03513	0.06437	0.07918	0.09520	0.31680	0.05793	0.05833	0.01001	0.00620	0.00183	0.00395	0.06204	0.11358	0.00660
62	0.01080	0.01017	0.01716	0.78523	0.03940	0.01271	0.01589	0.01461	0.01144	0.01461	0.01017	0.01525	0.00762	0.00572	0.00572	0.00191	0.00762	0.00508	0.00254	0.00635
63	0.01355	0.05921	0.63610	0.01520	0.02296	0.01301	0.01894	0.01939	0.01264	0.11932	0.01183	0.01296	0.00819	0.00563	0.00540	0.00178	0.00787	0.00438	0.00305	0.00858
64	0.01714	0.11919	0.10582	0.01324	0.03955	0.03010	0.09759	0.09656	0.01487	0.20072	0.01342	0.01402	0.00971	0.00556	0.00519	0.00149	0.00620	0.00466	0.00421	0.20078
65	0.01659	0.63964	0.02717	0.01070	0.01531	0.11963	0.01004	0.07573	0.01343	0.01533	0.00853	0.00969	0.00753	0.00518	0.00403	0.00129	0.00667	0.00331	0.00277	0.00744
66	0.83938	0.01106	0.00841	0.00752	0.01106	0.01283	0.00619	0.01681	0.00973	0.02566	0.00796	0.00929	0.00619	0.00531	0.00354	0.00177	0.00442	0.00310	0.00354	0.00619
67	0.00697	0.00498	0.00664	0.00796	0.00830	0.00465	0.00531	0.00796	0.01095	0.01460	0.03153	0.79525	0.03783	0.01792	0.00730	0.00232	0.00332	0.01626	0.00531	0.00465
68	0.02566	0.00973	0.01327	0.01018	0.01460	0.00841	0.00841	0.02788	0.01637	0.76726	0.02257	0.01947	0.01416	0.00708	0.00575	0.00177	0.00487	0.00575	0.00708	0.00973
69	0.00865	0.00639	0.00910	0.04898	0.03213	0.00641	0.00842	0.01080	0.01231	0.01616	0.02919	0.31352	0.03272	0.01574	0.00752	0.00246	0.00475	0.42447	0.00508	0.00521
70	0.02174	0.01602	0.01717	0.01316	0.01774	0.01774	0.01087	0.74423	0.02689	0.03605	0.01373	0.01373	0.00973	0.00687	0.00572	0.00172	0.00629	0.00515	0.00572	0.00973
71	0.01857	0.01444	0.01538	0.01252	0.01653	0.01625	0.01010	0.44255	0.33374	0.03093	0.01777	0.01695	0.01300	0.00724	0.00576	0.00181	0.00555	0.00571	0.00576	0.00944
72	0.01080	0.01017	0.01716	0.78523	0.03940	0.01271	0.01589	0.01461	0.01144	0.01461	0.01017	0.01525	0.00762	0.00572	0.00572	0.00191	0.00762	0.00508	0.00254	0.00635
73	0.02137	0.02726	0.01621	0.01474	0.01768	0.77602	0.01105	0.02284	0.01621	0.01400	0.00884	0.01031	0.00737	0.00589	0.00516	0.00147	0.01031	0.00368	0.00295	0.00663
74	0.01907	0.01258	0.05348	0.05420	0.02173	0.01097	0.28281	0.02254	0.01486	0.38826	0.04705	0.01837	0.01310	0.00629	0.00615	0.00184	0.00685	0.00621	0.00506	0.00858
75	0.00817	0.00613	0.00919	0.00919	0.01021	0.00715	0.00715	0.01021	0.00919	0.01328	0.01532	0.02247	0.01430	0.04290	0.77631	0.00919	0.01532	0.00613	0.00306	0.00511
76	0.00706	0.00505	0.00675	0.00807	0.00845	0.00473	0.00548	0.00813	0.01105	0.01471	0.03147	0.76406	0.03762	0.01783	0.00733	0.00234	0.00340	0.04650	0.00531	0.00467
77	0.01881	0.06002	0.02939	0.01237	0.01648	0.04262	0.01025	0.38489	0.24799	0.07316	0.01702	0.01719	0.01265	0.00719	0.00566	0.00177	0.00581	0.02210	0.00548	0.00915
78	0.01334	0.03265	0.18588	0.01158	0.02947	0.00999	0.03197	0.03447	0.05530	0.09981	0.06134	0.04916	0.01352	0.00619	0.00518	0.00143	0.00544	0.00517	0.00398	0.34413
79	0.01396	0.12410	0.32785	0.01387	0.03942	0.01379	0.02769	0.04806	0.08592	0.09642	0.08927	0.01671	0.01395	0.00673	0.00631	0.00178	0.05705	0.00523	0.00379	0.00810
80	0.01172	0.06235	0.70781	0.01634	0.02453	0.01373	0.04972	0.01808	0.01211	0.01792	0.01022	0.01209	0.00731	0.00539	0.00541	0.00179	0.00840	0.00428	0.00244	0.00838
81	0.01087	0.01029	0.01755	0.76736	0.03917	0.01275	0.03295	0.01470	0.01149	0.01470	0.01020	0.01525	0.00765	0.00570	0.00574	0.00191	0.00767	0.00512	0.00255	0.00639
82	0.01592	0.02703	0.09203	0.14913	0.07943	0.01149	0.11112	0.06836	0.02961	0.21012	0.05811	0.04947	0.01381	0.00674	0.00584	0.00178	0.00639	0.00607	0.00441	0.05313
83	0.02175	0.00966	0.01325	0.02949	0.05184	0.00890	0.00880	0.02466	0.04755	0.56994	0.09329	0.02206	0.03488	0.00768	0.00623	0.00180	0.02651	0.00630	0.00646	0.00896
84	0.02510	0.01064	0.01383	0.01061	0.01505	0.00975	0.00876	0.13093	0.01788	0.66207	0.02130	0.01864	0.01352	0.00705	0.00575	0.00176	0.00507	0.00567	0.00688	0.00973
85	0.05653	0.01227	0.01367	0.01068	0.02840	0.02872	0.00847	0.23040	0.03058	0.13232	0.01326	0.01373	0.00981	0.00563	0.00493	0.00134	0.00510	0.00436	0.01872	0.37110
86	0.01057	0.00641	0.00820	0.00748	0.00935	0.00575	0.00570	0.01293	0.01551	0.13705	0.50772	0.07344	0.15435	0.01167	0.00662	0.00184	0.00309	0.01015	0.00623	0.00595
87	0.00751	0.00557	0.00703	0.00734	0.00845	0.00509	0.00534	0.00940	0.01369	0.01847	0.35091	0.30227	0.17777	0.01451	0.00699	0.00204	0.00306	0.04379	0.00573	0.00503
88	0.00877	0.00687	0.00980	0.00947	0.01019	0.00825	0.00724	0.01037	0.00899	0.01298	0.01474	0.02364	0.01448	0.16408	0.55266	0.00771	0.11537	0.00634	0.00306	0.00499
89	0.01515	0.01189	0.05020	0.27011	0.22753	0.01195	0.02988	0.01869	0.03038	0.18602	0.01426	0.04908	0.01101	0.00658	0.00637	0.00186	0.04147	0.00574	0.00384	0.00796
90	0.36803	0.01183	0.01200	0.00969	0.01369	0.01267	0.00799	0.21370	0.01623	0.23499	0.01392	0.01370	0.00963	0.00626	0.00475	0.00174	0.00499	0.00446	0.03165	0.00810
91	0.00697	0.00498	0.00664	0.00796	0.00830	0.00465	0.00531	0.00796	0.01095	0.01460	0.03153	0.79525	0.03783	0.01792	0.00730	0.00232	0.00332	0.01626	0.00531	0.00465
92	0.04338	0.01082	0.03880	0.15690	0.08726	0.01092	0.06155	0.09081	0.08069	0.08741	0.09108	0.09076	0.01805	0.00802	0.00585	0.00184	0.00556	0.02381	0.07920	0.00728
93	0.01812	0.01130	0.04801	0.11892	0.04451	0.02694	0.06241	0.03548	0.01402	0.35364	0.03005	0.03257	0.01308	0.04180	0.02085	0.00213	0.06610	0.00589	0.04619	0.00798
94	0.09491	0.00955	0.01244	0.00983	0.01392	0.00859	0.00812	0.02553	0.01566	0.64020	0.05373	0.02141	0.01596	0.00748	0.00569	0.00181	0.00475	0.03470	0.00666	0.00906
95	0.01399	0.01571	0.17523	0.24880	0.15199	0.01276	0.16110	0.01830	0.01289	0.11569	0.01220	0.01501	0.00886	0.00556	0.00586	0.00184	0.00770	0.00533	0.00323	0.00795
96	0.01626	0.28727	0.15674	0.04692	0.01941	0.08369	0.09130	0.03535	0.03132	0.13176	0.01258	0.01361	0.02249	0.00583	0.00531	0.00161	0.02267	0.00456	0.00346	0.00787
97	0.01527	0.05010	0.01228	0.00974	0.01239	0.00858	0.03338	0.01776	0.03943	0.29279	0.13646	0.17453	0.07462	0.01191	0.04013	0.00223	0.04680	0.00880	0.00564	0.00715
98	0.00891	0.00566	0.00713	0.03990	0.00830	0.00582	0.00467	0.00905	0.00897	0.01248	0.04828	0.03048	0.01861	0.46348	0.07468	0.16843	0.00584	0.00722	0.06835	0.00374
99	0.04931	0.09650	0.11574	0.10609	0.07311	0.04320	0.15151	0.03671	0.01301	0.07038	0.03463	0.13201	0.01428	0.00752	0.00576	0.00182	0.00672	0.00681	0.02769	0.00720
100	0.08626	0.10794	0.01838	0.11764	0.10765	0.09448	0.05241	0.08885	0.04144	0.20997	0.01369	0.01454	0.00989	0.00601	0.00530	0.00169	0.00654	0.00485	0.00428	0.00816
101	0.17563	0.02579	0.04705	0.03120	0.06180	0.05014	0.06185	0.10079	0.07710	0.21286	0.01572	0.04947	0.01204	0.00733	0.00596	0.02849	0.00582	0.01827	0.00474	0.00795
102	0.03102	0.03232	0.13446	0.01599	0.15515	0.01206	0.01206	0.06663	0.10156	0.09664	0.03067	0.10186	0.01441	0.02585	0.00731	0.00190	0.07253	0.00636	0.00413	0.07709

[dist]
# distance from previous block
# <min> <max>
1	13

[block]
# block no. 5 follows, 41 sequences, length 14
# corresponding to MSA columns:
# 532-545
name=unknown_F
#
# <colnr> <probs for GDERKNQSTAVLIFYWHMCP>
#	G	D	E	R	K	N	Q	S	T	A	V	L	I	F	Y	W	H	M	C	P
0	0.06686	0.20253	0.10592	0.01154	0.01661	0.04368	0.03705	0.14710	0.03686	0.09610	0.01178	0.01254	0.00895	0.00554	0.00479	0.00145	0.00605	0.00416	0.00388	0.17662
1	0.01949	0.01061	0.01378	0.10269	0.04545	0.01065	0.00948	0.16175	0.04428	0.36310	0.04656	0.02157	0.05037	0.06489	0.00752	0.00206	0.00541	0.00621	0.00570	0.00844
2	0.01729	0.06786	0.25131	0.01479	0.08088	0.06365	0.01363	0.09416	0.06870	0.20320	0.01462	0.01495	0.01037	0.00626	0.00569	0.00173	0.02302	0.00488	0.03439	0.00864
3	0.01371	0.07328	0.18853	0.03611	0.03591	0.04822	0.03917	0.03116	0.08930	0.11582	0.06711	0.06531	0.04375	0.08270	0.00829	0.00218	0.02463	0.02331	0.00419	0.00731
4	0.00691	0.00520	0.00641	0.00738	0.00814	0.00469	0.00505	0.00803	0.01151	0.01483	0.03860	0.59711	0.23141	0.01700	0.00716	0.00222	0.00321	0.01514	0.00531	0.00469
5	0.01125	0.01089	0.06767	0.33427	0.07887	0.01070	0.04171	0.05277	0.01354	0.04098	0.15322	0.04598	0.06832	0.00915	0.03464	0.00214	0.00648	0.00692	0.00385	0.00666
6	0.06152	0.06862	0.05680	0.02541	0.05177	0.01170	0.03929	0.07094	0.10852	0.30050	0.01905	0.07565	0.01494	0.00790	0.00603	0.00186	0.02309	0.04277	0.00528	0.00837
7	0.01507	0.01044	0.06220	0.01117	0.06715	0.02649	0.00862	0.01913	0.09617	0.25741	0.18183	0.03054	0.17089	0.00931	0.00613	0.00182	0.00449	0.00785	0.00570	0.00757
8	0.07185	0.00714	0.00857	0.00771	0.00995	0.00666	0.00595	0.01457	0.03749	0.16896	0.36207	0.07578	0.17900	0.01106	0.00632	0.00185	0.00338	0.00943	0.00599	0.00628
9	0.01191	0.01720	0.27651	0.26527	0.06269	0.01236	0.09017	0.01714	0.04787	0.04374	0.01361	0.01645	0.03645	0.00737	0.03432	0.00212	0.00781	0.00535	0.02420	0.00747
10	0.04479	0.15330	0.17231	0.07669	0.18515	0.03864	0.03971	0.10691	0.02895	0.08397	0.01162	0.01326	0.00880	0.00564	0.00524	0.00167	0.00693	0.00460	0.00346	0.00835
11	0.01118	0.01309	0.19772	0.01123	0.04998	0.00879	0.01031	0.01594	0.08795	0.08840	0.25636	0.03196	0.17467	0.00957	0.00619	0.00184	0.00474	0.00811	0.00499	0.00698
12	0.00741	0.00539	0.00740	0.00820	0.00878	0.00549	0.00577	0.00870	0.01033	0.01403	0.02656	0.49030	0.05204	0.06547	0.25053	0.00464	0.00720	0.01254	0.00451	0.00474
13	0.03763	0.07351	0.18228	0.07077	0.11780	0.03517	0.01336	0.10751	0.01538	0.26910	0.01457	0.01491	0.01009	0.00610	0.00544	0.00172	0.00652	0.00489	0.00447	0.00877

[dist]
# distance from previous block
# <min> <max>
5	8

[block]
# block no. 6 follows, 41 sequences, length 20
# corresponding to MSA columns:
# 554-573
name=unknown_G
#
# <colnr> <probs for GDERKNQSTAVLIFYWHMCP>
#	G	D	E	R	K	N	Q	S	T	A	V	L	I	F	Y	W	H	M	C	P
0	0.05540	0.03193	0.30684	0.04714	0.05528	0.02613	0.01400	0.10575	0.05152	0.10018	0.01441	0.08440	0.01170	0.00694	0.00550	0.00176	0.00654	0.00564	0.00390	0.06504
1	0.00805	0.00649	0.00725	0.00705	0.00883	0.00606	0.00528	0.01152	0.09712	0.01876	0.27899	0.09824	0.39931	0.01306	0.00669	0.00192	0.00305	0.01117	0.00569	0.00547
2	0.01319	0.16908	0.27855	0.01928	0.05820	0.01558	0.33003	0.01799	0.01265	0.01735	0.01041	0.01307	0.00796	0.00505	0.00568	0.00175	0.00845	0.00513	0.00265	0.00795
3	0.00817	0.00613	0.00919	0.00919	0.01021	0.00715	0.00715	0.01021	0.00919	0.01328	0.01532	0.02247	0.01430	0.04290	0.77631	0.00919	0.01532	0.00613	0.00306	0.00511
4	0.00738	0.00562	0.00679	0.00693	0.00822	0.00503	0.00503	0.00925	0.01387	0.01844	0.35161	0.23175	0.28105	0.01414	0.00689	0.00197	0.00292	0.01236	0.00573	0.00503
5	0.02178	0.06938	0.01757	0.01256	0.01714	0.01692	0.01049	0.60549	0.02454	0.12501	0.01443	0.01413	0.01011	0.00676	0.00558	0.00169	0.00611	0.00508	0.00566	0.00956
6	0.00765	0.00575	0.00707	0.00690	0.00831	0.00518	0.00511	0.00986	0.01489	0.02023	0.51115	0.11404	0.23691	0.01299	0.00680	0.00188	0.00281	0.01133	0.00595	0.00518
7	0.25474	0.17665	0.05089	0.00919	0.01337	0.01261	0.00827	0.02067	0.01287	0.29340	0.01438	0.01421	0.01016	0.00600	0.00451	0.00162	0.00497	0.00432	0.07940	0.00776
8	0.01878	0.14711	0.01754	0.03169	0.01623	0.09849	0.00987	0.42313	0.02069	0.02727	0.01284	0.01371	0.00971	0.00637	0.00508	0.00156	0.00622	0.00467	0.12075	0.00829
9	0.05249	0.01355	0.01731	0.06043	0.31740	0.11218	0.01285	0.01880	0.04867	0.10531	0.01340	0.01727	0.01104	0.00893	0.05933	0.00227	0.04606	0.03946	0.00364	0.03960
10	0.01520	0.08315	0.22597	0.01188	0.01665	0.03543	0.04458	0.01895	0.03393	0.22725	0.07227	0.09107	0.08256	0.00827	0.00581	0.00180	0.00590	0.00692	0.00465	0.00776
11	0.01483	0.05443	0.08262	0.01227	0.01607	0.07928	0.01040	0.04648	0.56782	0.02235	0.01987	0.01877	0.01498	0.00723	0.00562	0.00185	0.00550	0.00582	0.00510	0.00873
12	0.14221	0.00739	0.00920	0.00995	0.01174	0.00760	0.00857	0.01328	0.01270	0.05451	0.02640	0.07815	0.02792	0.01378	0.00708	0.00244	0.00505	0.55133	0.00508	0.00561
13	0.01394	0.07922	0.22044	0.12496	0.09241	0.01287	0.13533	0.01850	0.03686	0.11672	0.01424	0.04883	0.01148	0.00661	0.00583	0.00185	0.00722	0.04127	0.00354	0.00788
14	0.01272	0.02287	0.49804	0.01379	0.02098	0.01175	0.01625	0.05017	0.01289	0.05496	0.01098	0.01245	0.00801	0.00526	0.00514	0.00155	0.00706	0.00412	0.00305	0.22797
15	0.00741	0.00543	0.00681	0.00738	0.00822	0.00501	0.00517	0.00885	0.01236	0.01647	0.20464	0.40307	0.15563	0.08651	0.00908	0.00244	0.00339	0.04200	0.00537	0.00477
16	0.01523	0.20946	0.16941	0.01332	0.06754	0.01486	0.01202	0.08769	0.12924	0.10430	0.07531	0.03365	0.01450	0.00684	0.00555	0.00169	0.02159	0.00539	0.00420	0.00820
17	0.09622	0.12366	0.18003	0.03905	0.06406	0.01550	0.02508	0.22951	0.01616	0.03868	0.02999	0.02449	0.02815	0.00662	0.00611	0.00175	0.05810	0.00493	0.00384	0.00808
