[name]
unknown

[dist]
# distance from previous block
# <min> <max>
0	101

[block]
# block no. 0 follows, 46 sequences, length 15
# corresponding to MSA columns:
# 101-115
name=unknown_A
#
# <colnr> <probs for GDERKNQSTAVLIFYWHMCP>
#	G	D	E	R	K	N	Q	S	T	A	V	L	I	F	Y	W	H	M	C	P
0	0.00984	0.01959	0.50291	0.01312	0.01853	0.01002	0.01551	0.01463	0.01153	0.01641	0.01624	0.02884	0.01535	0.00852	0.00585	0.00195	0.00674	0.27448	0.00319	0.00674
1	0.00776	0.00688	0.00940	0.29607	0.01807	0.00723	0.00820	0.00997	0.01152	0.01410	0.03575	0.03804	0.44792	0.01051	0.00597	0.00182	0.00442	0.05740	0.00397	0.00500
2	0.00883	0.00751	0.00789	0.00750	0.00962	0.00765	0.00570	0.01517	0.28918	0.01743	0.07517	0.08017	0.42559	0.01117	0.00596	0.00180	0.00324	0.00940	0.00512	0.00590
3	0.01329	0.30496	0.01723	0.00975	0.01318	0.01544	0.00831	0.02258	0.44378	0.01843	0.01607	0.01562	0.01255	0.00614	0.00454	0.00151	0.00461	0.00476	0.05970	0.00756
4	0.00894	0.00710	0.00830	0.00857	0.00990	0.00756	0.00617	0.01505	0.28816	0.01701	0.06215	0.48536	0.02881	0.01286	0.00622	0.00199	0.00345	0.01147	0.00512	0.00581
5	0.01645	0.01187	0.02298	0.01672	0.02140	0.01090	0.44893	0.01992	0.01338	0.29721	0.01473	0.01589	0.01015	0.00530	0.00578	0.00170	0.00698	0.00584	0.04617	0.00770
6	0.01388	0.00942	0.01088	0.00901	0.01174	0.00970	0.00718	0.28703	0.04651	0.10383	0.34502	0.02752	0.07817	0.00878	0.00576	0.00165	0.00399	0.00734	0.00562	0.00695
7	0.54547	0.01170	0.01631	0.01254	0.01657	0.01241	0.28161	0.01605	0.01027	0.02124	0.00858	0.01066	0.00656	0.00474	0.00435	0.00169	0.00585	0.00409	0.00305	0.00624
8	0.01270	0.01364	0.02764	0.02599	0.30253	0.01307	0.48997	0.01668	0.01232	0.01706	0.01042	0.01383	0.00815	0.00455	0.00587	0.00171	0.00795	0.00568	0.00265	0.00758
9	0.00985	0.00493	0.00493	0.00493	0.00616	0.00493	0.00370	0.01232	0.01109	0.01971	0.01725	0.01971	0.01355	0.00616	0.00370	0.00123	0.00246	0.00493	0.84356	0.00493
10	0.54957	0.00978	0.00941	0.00785	0.01142	0.01037	0.00647	0.01927	0.01123	0.30138	0.01228	0.01202	0.00841	0.00550	0.00402	0.00164	0.00424	0.00376	0.00446	0.00692
11	0.01988	0.02141	0.01530	0.01309	0.01636	0.50970	0.01015	0.29196	0.01858	0.02037	0.00982	0.01069	0.00761	0.00578	0.00496	0.00144	0.00818	0.00390	0.00366	0.00717
12	0.01157	0.01249	0.02560	0.30653	0.03083	0.01278	0.48941	0.01568	0.01178	0.01568	0.01022	0.01420	0.00767	0.00476	0.00589	0.00177	0.00823	0.00568	0.00256	0.00667
13	0.00921	0.30157	0.01362	0.00679	0.00954	0.01050	0.00592	0.01075	0.01177	0.01407	0.08499	0.03465	0.44879	0.00998	0.00521	0.00154	0.00375	0.00801	0.00400	0.00534
14	0.52216	0.01186	0.01086	0.00893	0.01258	0.01338	0.00737	0.28874	0.01498	0.05121	0.00973	0.01038	0.00715	0.00548	0.00407	0.00162	0.00473	0.00363	0.00411	0.00702

[dist]
# distance from previous block
# <min> <max>
0	1

[block]
# block no. 1 follows, 46 sequences, length 17
# corresponding to MSA columns:
# 117-133
name=unknown_B
#
# <colnr> <probs for GDERKNQSTAVLIFYWHMCP>
#	G	D	E	R	K	N	Q	S	T	A	V	L	I	F	Y	W	H	M	C	P
0	0.14109	0.00985	0.01054	0.00923	0.01190	0.01055	0.00751	0.29299	0.01601	0.04005	0.02101	0.02958	0.11234	0.09463	0.00784	0.00218	0.00485	0.16678	0.00465	0.00641
1	0.01023	0.02452	0.68742	0.01388	0.02070	0.01137	0.01745	0.01559	0.01072	0.01592	0.01040	0.01414	0.00829	0.10800	0.00781	0.00211	0.00747	0.00439	0.00236	0.00723
2	0.00766	0.00516	0.00593	0.00588	0.00604	0.00511	0.00343	0.00798	0.00861	0.01164	0.11361	0.03522	0.02312	0.71196	0.02428	0.00468	0.00479	0.00793	0.00354	0.00343
3	0.11639	0.00531	0.00700	0.00690	0.00731	0.00552	0.00474	0.00799	0.00716	0.01103	0.00895	0.01512	0.00874	0.01665	0.01845	0.73871	0.00453	0.00437	0.00242	0.00273
4	0.01308	0.01256	0.02146	0.03245	0.78123	0.01256	0.01622	0.01622	0.01204	0.01727	0.00994	0.01308	0.00837	0.00471	0.00523	0.00157	0.00628	0.00471	0.00262	0.00837
5	0.01240	0.01364	0.02853	0.07884	0.15109	0.01312	0.58780	0.01658	0.01227	0.01675	0.01048	0.01406	0.00801	0.00456	0.00601	0.00175	0.00835	0.00588	0.00264	0.00724
6	0.00654	0.00491	0.00609	0.00699	0.00776	0.00447	0.00492	0.00767	0.01078	0.01387	0.03559	0.55442	0.23384	0.01557	0.00665	0.00207	0.00309	0.06547	0.00491	0.00438
7	0.01093	0.00667	0.00684	0.00645	0.00817	0.00711	0.00493	0.04166	0.17726	0.02070	0.01802	0.01947	0.01396	0.00639	0.00412	0.00137	0.00295	0.00515	0.63205	0.00582
8	0.01698	0.00910	0.06503	0.00899	0.01227	0.00726	0.00768	0.03698	0.01450	0.44797	0.20084	0.10814	0.02365	0.00853	0.00567	0.00170	0.00413	0.00726	0.00586	0.00745
9	0.01060	0.02735	0.78682	0.01507	0.02288	0.01228	0.01953	0.01674	0.01116	0.01674	0.00949	0.01116	0.00670	0.00502	0.00502	0.00167	0.00781	0.00391	0.00223	0.00781
10	0.01157	0.01157	0.01619	0.01388	0.01388	0.01619	0.01157	0.01272	0.00810	0.01272	0.00694	0.01157	0.00694	0.00925	0.01735	0.00231	0.80453	0.00463	0.00231	0.00578
11	0.85155	0.01022	0.00777	0.00695	0.01022	0.01186	0.00573	0.01554	0.00900	0.02372	0.00736	0.00859	0.00573	0.00491	0.00327	0.00164	0.00409	0.00286	0.00327	0.00573
12	0.00625	0.00536	0.00536	0.00536	0.00714	0.00446	0.00402	0.00759	0.01205	0.01428	0.05355	0.05088	0.77909	0.01339	0.00625	0.00179	0.00268	0.01116	0.00491	0.00446
13	0.10579	0.01280	0.01624	0.15266	0.04143	0.01408	0.07927	0.39730	0.03625	0.07477	0.01202	0.01317	0.00863	0.00582	0.00516	0.00165	0.00602	0.00475	0.00432	0.00789
14	0.01382	0.03316	0.01318	0.00926	0.01386	0.00848	0.05313	0.05754	0.01253	0.14794	0.01154	0.01238	0.00877	0.00455	0.00436	0.00104	0.00448	0.00377	0.00378	0.58244
15	0.01443	0.74208	0.02702	0.00976	0.01419	0.06905	0.03319	0.01620	0.01106	0.01261	0.00751	0.00873	0.00683	0.00458	0.00357	0.00117	0.00600	0.00297	0.00230	0.00675
16	0.81266	0.04771	0.00870	0.00705	0.01038	0.01228	0.00588	0.01555	0.00908	0.02320	0.00736	0.00858	0.00577	0.00489	0.00328	0.00161	0.00416	0.00286	0.00322	0.00577

[dist]
# distance from previous block
# <min> <max>
0	71

[block]
# block no. 2 follows, 46 sequences, length 33
# corresponding to MSA columns:
# 205-237
name=unknown_C
#
# <colnr> <probs for GDERKNQSTAVLIFYWHMCP>
#	G	D	E	R	K	N	Q	S	T	A	V	L	I	F	Y	W	H	M	C	P
0	0.01472	0.76810	0.02676	0.00907	0.01356	0.02012	0.00897	0.01644	0.01101	0.05953	0.00817	0.00906	0.00717	0.00465	0.00351	0.00116	0.00558	0.00298	0.00252	0.00692
1	0.01014	0.00969	0.01679	0.75400	0.03588	0.01184	0.06025	0.01372	0.01069	0.01372	0.00948	0.01410	0.00711	0.00523	0.00534	0.00176	0.00716	0.00479	0.00237	0.00595
2	0.01305	0.01266	0.02205	0.03183	0.73529	0.01261	0.06169	0.01627	0.01206	0.01725	0.00999	0.01316	0.00835	0.00469	0.00529	0.00158	0.00644	0.00480	0.00262	0.00830
3	0.01413	0.81739	0.02770	0.00905	0.01357	0.02092	0.00905	0.01583	0.01074	0.01244	0.00735	0.00848	0.00678	0.00452	0.00339	0.00113	0.00565	0.00283	0.00226	0.00678
4	0.00748	0.00540	0.00707	0.00665	0.00790	0.00499	0.00499	0.00998	0.01496	0.02120	0.77844	0.03949	0.04988	0.01081	0.00624	0.00166	0.00249	0.00956	0.00582	0.00499
5	0.00769	0.00513	0.00577	0.00577	0.00577	0.00513	0.00320	0.00769	0.00769	0.01025	0.01666	0.03460	0.01922	0.81421	0.02691	0.00513	0.00513	0.00769	0.00320	0.00320
6	0.00769	0.00513	0.00577	0.00577	0.00577	0.00513	0.00320	0.00769	0.00769	0.01025	0.01666	0.03460	0.01922	0.81421	0.02691	0.00513	0.00513	0.00769	0.00320	0.00320
7	0.00755	0.00566	0.00850	0.00850	0.00944	0.00661	0.00661	0.00944	0.00850	0.01227	0.01416	0.02077	0.01322	0.03965	0.79326	0.00850	0.01416	0.00566	0.00283	0.00472
8	0.01239	0.01484	0.06487	0.02196	0.02742	0.01332	0.72894	0.01693	0.01242	0.01693	0.01064	0.01412	0.00796	0.00448	0.00618	0.00178	0.00886	0.00613	0.00265	0.00716
9	0.07053	0.00978	0.01246	0.00961	0.01367	0.00907	0.00793	0.11613	0.01598	0.64880	0.01908	0.01680	0.01216	0.00643	0.00520	0.00163	0.00464	0.00511	0.00620	0.00881
10	0.01413	0.81739	0.02770	0.00905	0.01357	0.02092	0.00905	0.01583	0.01074	0.01244	0.00735	0.00848	0.00678	0.00452	0.00339	0.00113	0.00565	0.00283	0.00226	0.00678
11	0.01446	0.69915	0.06991	0.00974	0.01436	0.05651	0.00974	0.04959	0.01160	0.01364	0.00775	0.00887	0.00688	0.00468	0.00363	0.00119	0.00597	0.00300	0.00242	0.00691
12	0.05003	0.19873	0.51444	0.01299	0.01955	0.01415	0.01564	0.05199	0.01179	0.05112	0.00958	0.01083	0.00707	0.00504	0.00461	0.00155	0.00693	0.00373	0.00262	0.00760
13	0.01148	0.01126	0.01633	0.14776	0.07420	0.01504	0.01229	0.01380	0.04297	0.01361	0.00823	0.01247	0.00747	0.00816	0.01389	0.00214	0.57561	0.00471	0.00248	0.00610
14	0.00758	0.00557	0.00800	0.00800	0.00877	0.00634	0.00599	0.00912	0.00835	0.01190	0.01461	0.02328	0.01431	0.18058	0.65382	0.00788	0.01252	0.00603	0.00290	0.00444
15	0.00642	0.00536	0.00559	0.00554	0.00725	0.00454	0.00415	0.00792	0.01246	0.01525	0.15464	0.04929	0.67740	0.01303	0.00625	0.00177	0.00265	0.01093	0.00504	0.00454
16	0.01096	0.00940	0.01096	0.00783	0.01253	0.00705	0.00626	0.01331	0.01096	0.01723	0.00940	0.01096	0.00783	0.00392	0.00392	0.00078	0.00392	0.00313	0.00313	0.84653
17	0.00998	0.00940	0.01586	0.80150	0.03641	0.01175	0.01468	0.01351	0.01057	0.01351	0.00940	0.01409	0.00705	0.00529	0.00529	0.00176	0.00705	0.00470	0.00235	0.00587
18	0.02372	0.00900	0.01227	0.00941	0.01350	0.00777	0.00777	0.02576	0.01513	0.78489	0.02086	0.01799	0.01309	0.00654	0.00532	0.00164	0.00450	0.00532	0.00654	0.00900
19	0.00669	0.00482	0.00636	0.00736	0.00790	0.00450	0.00513	0.00790	0.01087	0.01452	0.11074	0.64276	0.06898	0.01567	0.00671	0.00210	0.00311	0.06448	0.00500	0.00442
20	0.00644	0.00460	0.00613	0.00736	0.00767	0.00429	0.00491	0.00736	0.01012	0.01350	0.02914	0.81076	0.03497	0.01656	0.00675	0.00215	0.00307	0.01503	0.00491	0.00429
21	0.00728	0.00535	0.00689	0.00774	0.00869	0.00505	0.00598	0.00886	0.01136	0.01472	0.06999	0.31835	0.17319	0.05245	0.00778	0.00230	0.00372	0.28090	0.00486	0.00452
22	0.01413	0.81739	0.02770	0.00905	0.01357	0.02092	0.00905	0.01583	0.01074	0.01244	0.00735	0.00848	0.00678	0.00452	0.00339	0.00113	0.00565	0.00283	0.00226	0.00678
23	0.00644	0.00460	0.00613	0.00736	0.00767	0.00429	0.00491	0.00736	0.01012	0.01350	0.02914	0.81076	0.03497	0.01656	0.00675	0.00215	0.00307	0.01503	0.00491	0.00429
24	0.01060	0.02735	0.78682	0.01507	0.02288	0.01228	0.01953	0.01674	0.01116	0.01674	0.00949	0.01116	0.00670	0.00502	0.00502	0.00167	0.00781	0.00391	0.00223	0.00781
25	0.01096	0.00940	0.01096	0.00783	0.01253	0.00705	0.00626	0.01331	0.01096	0.01723	0.00940	0.01096	0.00783	0.00392	0.00392	0.00078	0.00392	0.00313	0.00313	0.84653
26	0.01010	0.00951	0.01606	0.77312	0.06390	0.01178	0.01474	0.01361	0.01062	0.01365	0.00942	0.01406	0.00710	0.00526	0.00528	0.00175	0.00702	0.00470	0.00236	0.00597
27	0.00742	0.00540	0.00698	0.00659	0.00786	0.00496	0.00494	0.00986	0.01482	0.02087	0.74355	0.04004	0.08499	0.01093	0.00624	0.00167	0.00250	0.00964	0.00578	0.00496
28	0.00669	0.00537	0.00596	0.00582	0.00741	0.00465	0.00436	0.00843	0.01308	0.01674	0.31082	0.04684	0.52029	0.01247	0.00624	0.00174	0.00261	0.01059	0.00523	0.00465
29	0.01809	0.09819	0.07924	0.01333	0.01650	0.62024	0.01093	0.01986	0.01394	0.01319	0.00814	0.00967	0.00680	0.00551	0.00527	0.00141	0.04730	0.00345	0.00262	0.00631
30	0.03446	0.01339	0.01617	0.12570	0.18463	0.06324	0.01170	0.32727	0.08119	0.04341	0.01271	0.01502	0.00982	0.00611	0.00528	0.00164	0.00608	0.03008	0.00412	0.00798
31	0.00637	0.00527	0.00559	0.00571	0.00727	0.00448	0.00421	0.00775	0.01205	0.01475	0.10930	0.14362	0.62826	0.01357	0.00631	0.00182	0.00271	0.01151	0.00498	0.00448
32	0.01491	0.01197	0.01776	0.07786	0.05506	0.06109	0.20335	0.14348	0.03461	0.13746	0.01614	0.05876	0.01379	0.00746	0.00588	0.00181	0.00645	0.12080	0.00420	0.00717

[dist]
# distance from previous block
# <min> <max>
2	5

[block]
# block no. 3 follows, 46 sequences, length 29
# corresponding to MSA columns:
# 243-271
name=unknown_D
#
# <colnr> <probs for GDERKNQSTAVLIFYWHMCP>
#	G	D	E	R	K	N	Q	S	T	A	V	L	I	F	Y	W	H	M	C	P
0	0.01050	0.01001	0.01692	0.64805	0.12275	0.01213	0.03328	0.01387	0.01065	0.01399	0.00936	0.01384	0.00722	0.00542	0.00597	0.00177	0.05097	0.00473	0.00239	0.00619
1	0.01732	0.16590	0.01815	0.04849	0.11143	0.44223	0.01092	0.05157	0.01386	0.03358	0.00877	0.01040	0.00727	0.00538	0.00506	0.00141	0.03511	0.00367	0.00280	0.00670
2	0.00653	0.00464	0.00611	0.00725	0.00753	0.00435	0.00479	0.00738	0.00995	0.01327	0.02827	0.75652	0.03386	0.07230	0.00816	0.00236	0.00321	0.01452	0.00479	0.00422
3	0.00766	0.00542	0.00737	0.00737	0.00792	0.00596	0.00521	0.00867	0.00813	0.01138	0.01498	0.02604	0.01544	0.34279	0.46792	0.03400	0.01031	0.00642	0.00296	0.00405
4	0.01975	0.02520	0.01498	0.01362	0.01634	0.79299	0.01021	0.02111	0.01498	0.01294	0.00817	0.00953	0.00681	0.00545	0.00477	0.00136	0.00953	0.00340	0.00272	0.00613
5	0.01140	0.01032	0.03230	0.00889	0.01363	0.00796	0.03990	0.03957	0.03444	0.01790	0.00993	0.01144	0.00810	0.00415	0.00414	0.00091	0.00431	0.00343	0.00323	0.73407
6	0.01060	0.02735	0.78682	0.01507	0.02288	0.01228	0.01953	0.01674	0.01116	0.01674	0.00949	0.01116	0.00670	0.00502	0.00502	0.00167	0.00781	0.00391	0.00223	0.00781
7	0.01975	0.02520	0.01498	0.01362	0.01634	0.79299	0.01021	0.02111	0.01498	0.01294	0.00817	0.00953	0.00681	0.00545	0.00477	0.00136	0.00953	0.00340	0.00272	0.00613
8	0.00794	0.00642	0.00891	0.00820	0.00964	0.00626	0.07198	0.00999	0.03601	0.01466	0.10623	0.10461	0.23032	0.17356	0.08578	0.00315	0.01909	0.06707	0.02547	0.00471
9	0.00768	0.00515	0.00590	0.00590	0.00595	0.00520	0.00337	0.00777	0.00773	0.01035	0.01653	0.03391	0.01892	0.77597	0.06474	0.00529	0.00557	0.00759	0.00318	0.00328
10	0.00737	0.00557	0.00684	0.00661	0.00803	0.00511	0.00504	0.00984	0.03082	0.01916	0.53463	0.04314	0.22909	0.01161	0.00629	0.00174	0.00273	0.05593	0.00552	0.00492
11	0.07894	0.01142	0.01326	0.01018	0.01432	0.01140	0.00839	0.31608	0.01816	0.36197	0.01560	0.01458	0.01046	0.00610	0.00503	0.00154	0.00494	0.00472	0.00550	0.08742
12	0.05228	0.01295	0.03721	0.02583	0.52804	0.01279	0.04859	0.12754	0.01402	0.07355	0.01102	0.01318	0.00862	0.00508	0.00520	0.00159	0.00615	0.00473	0.00331	0.00832
13	0.06081	0.38159	0.36693	0.01183	0.01768	0.05033	0.01362	0.01645	0.01102	0.01504	0.00835	0.00974	0.00669	0.00481	0.00418	0.00141	0.00670	0.00334	0.00233	0.00716
14	0.85155	0.01022	0.00777	0.00695	0.01022	0.01186	0.00573	0.01554	0.00900	0.02372	0.00736	0.00859	0.00573	0.00491	0.00327	0.00164	0.00409	0.00286	0.00327	0.00573
15	0.71374	0.00999	0.00799	0.00720	0.01034	0.01146	0.00585	0.01616	0.08084	0.02291	0.01192	0.01259	0.06075	0.00571	0.00368	0.00166	0.00400	0.00373	0.00358	0.00589
16	0.85155	0.01022	0.00777	0.00695	0.01022	0.01186	0.00573	0.01554	0.00900	0.02372	0.00736	0.00859	0.00573	0.00491	0.00327	0.00164	0.00409	0.00286	0.00327	0.00573
17	0.02372	0.00900	0.01227	0.00941	0.01350	0.00777	0.00777	0.02576	0.01513	0.78489	0.02086	0.01799	0.01309	0.00654	0.00532	0.00164	0.00450	0.00532	0.00654	0.00900
18	0.85155	0.01022	0.00777	0.00695	0.01022	0.01186	0.00573	0.01554	0.00900	0.02372	0.00736	0.00859	0.00573	0.00491	0.00327	0.00164	0.00409	0.00286	0.00327	0.00573
19	0.01975	0.02520	0.01498	0.01362	0.01634	0.79299	0.01021	0.02111	0.01498	0.01294	0.00817	0.00953	0.00681	0.00545	0.00477	0.00136	0.00953	0.00340	0.00272	0.00613
20	0.01975	0.02520	0.01498	0.01362	0.01634	0.79299	0.01021	0.02111	0.01498	0.01294	0.00817	0.00953	0.00681	0.00545	0.00477	0.00136	0.00953	0.00340	0.00272	0.00613
21	0.00918	0.00459	0.00689	0.00689	0.00689	0.00459	0.00459	0.00689	0.00689	0.00918	0.00918	0.01607	0.00918	0.01837	0.02066	0.84619	0.00459	0.00459	0.00230	0.00230
22	0.15931	0.00920	0.01153	0.00900	0.01296	0.00844	0.00744	0.02409	0.01413	0.66022	0.01865	0.01645	0.01188	0.00628	0.00498	0.00164	0.00443	0.00491	0.00601	0.00846
23	0.01880	0.01392	0.01488	0.01152	0.01553	0.01527	0.00948	0.69260	0.02365	0.03153	0.01653	0.01628	0.08131	0.00701	0.00538	0.00161	0.00552	0.00536	0.00525	0.00857
24	0.85155	0.01022	0.00777	0.00695	0.01022	0.01186	0.00573	0.01554	0.00900	0.02372	0.00736	0.00859	0.00573	0.00491	0.00327	0.00164	0.00409	0.00286	0.00327	0.00573
25	0.00797	0.00614	0.00875	0.00852	0.00920	0.00727	0.00647	0.00944	0.00831	0.01195	0.01391	0.02240	0.01370	0.17831	0.57755	0.00728	0.08950	0.00593	0.00285	0.00455
26	0.01189	0.01249	0.06893	0.32366	0.02335	0.07340	0.01259	0.01570	0.08179	0.04050	0.01036	0.01379	0.00832	0.00821	0.04503	0.00219	0.23400	0.00471	0.00281	0.00629
27	0.01230	0.01549	0.10216	0.02160	0.02718	0.01327	0.69230	0.01692	0.01235	0.01692	0.01058	0.01397	0.00790	0.00451	0.00612	0.00177	0.00881	0.00602	0.00263	0.00719
28	0.62642	0.01044	0.00933	0.00788	0.01138	0.01156	0.00649	0.08761	0.01158	0.15983	0.01026	0.01064	0.00734	0.00533	0.00382	0.00163	0.00432	0.00348	0.00404	0.00661

[dist]
# distance from previous block
# <min> <max>
0	6

[block]
# block no. 4 follows, 46 sequences, length 66
# corresponding to MSA columns:
# 278-343
name=unknown_E
#
# <colnr> <probs for GDERKNQSTAVLIFYWHMCP>
#	G	D	E	R	K	N	Q	S	T	A	V	L	I	F	Y	W	H	M	C	P
0	0.01192	0.09068	0.56701	0.05446	0.02250	0.01295	0.07401	0.03776	0.01177	0.05446	0.01004	0.01170	0.00720	0.00506	0.00501	0.00164	0.00746	0.00413	0.00257	0.00767
1	0.01301	0.01910	0.36617	0.01713	0.11983	0.01235	0.12117	0.13186	0.01374	0.05440	0.01220	0.04968	0.00976	0.00599	0.00543	0.00171	0.00700	0.02848	0.00322	0.00778
2	0.01156	0.01179	0.01493	0.01289	0.01364	0.09711	0.05216	0.01299	0.00936	0.01306	0.03075	0.03743	0.01035	0.05306	0.10700	0.00303	0.49536	0.00530	0.00266	0.00558
3	0.06839	0.01109	0.01486	0.07551	0.01551	0.04024	0.04855	0.04996	0.01012	0.03737	0.01133	0.08272	0.02850	0.00954	0.03167	0.00224	0.44782	0.00567	0.00298	0.00593
4	0.01225	0.39673	0.43189	0.01225	0.01853	0.01632	0.01463	0.01632	0.01097	0.01473	0.00849	0.00991	0.00674	0.00479	0.00426	0.00142	0.00680	0.00340	0.00225	0.00733
5	0.01100	0.06524	0.07805	0.01305	0.01634	0.01029	0.22921	0.05440	0.07077	0.04279	0.06292	0.25164	0.01936	0.01027	0.03778	0.00209	0.00603	0.00847	0.00394	0.00635
6	0.00690	0.00516	0.00645	0.00716	0.00794	0.00486	0.00497	0.00881	0.04952	0.01513	0.13869	0.55749	0.13759	0.01484	0.00654	0.00201	0.00299	0.01327	0.00506	0.00462
7	0.00832	0.00571	0.00789	0.00900	0.01002	0.00558	0.00739	0.01028	0.01163	0.03754	0.02814	0.28956	0.03132	0.01497	0.00707	0.00232	0.00430	0.49923	0.00493	0.00481
8	0.01227	0.40056	0.42821	0.01222	0.01848	0.01636	0.01458	0.01631	0.01096	0.01471	0.00848	0.00989	0.00674	0.00479	0.00425	0.00142	0.00679	0.00340	0.00225	0.00733
9	0.00813	0.00596	0.00798	0.00899	0.01030	0.00581	0.00775	0.01038	0.01215	0.01556	0.03237	0.05813	0.15867	0.01440	0.00712	0.00232	0.00449	0.61983	0.00488	0.00480
10	0.00642	0.00526	0.00552	0.00565	0.00711	0.00451	0.00408	0.00764	0.01158	0.01408	0.06872	0.13278	0.61702	0.07631	0.00792	0.00208	0.00291	0.01127	0.00480	0.00436
11	0.01390	0.69586	0.05140	0.00945	0.01390	0.01971	0.00932	0.01730	0.10039	0.01372	0.00909	0.00989	0.00788	0.00485	0.00368	0.00123	0.00555	0.00323	0.00263	0.00701
12	0.00998	0.00940	0.01586	0.80150	0.03641	0.01175	0.01468	0.01351	0.01057	0.01351	0.00940	0.01409	0.00705	0.00529	0.00529	0.00176	0.00705	0.00470	0.00235	0.00587
13	0.01060	0.02735	0.78682	0.01507	0.02288	0.01228	0.01953	0.01674	0.01116	0.01674	0.00949	0.01116	0.00670	0.00502	0.00502	0.00167	0.00781	0.00391	0.00223	0.00781
14	0.02305	0.01006	0.01293	0.00991	0.01403	0.00935	0.00819	0.16105	0.01691	0.64709	0.01936	0.01702	0.01234	0.00651	0.00531	0.00163	0.00474	0.00521	0.00631	0.00900
15	0.01372	0.72433	0.11712	0.00976	0.01467	0.01990	0.01028	0.01594	0.01079	0.01294	0.00760	0.00880	0.00677	0.00458	0.00358	0.00119	0.00591	0.00295	0.00226	0.00691
16	0.45209	0.06931	0.01185	0.00948	0.01273	0.26655	0.00759	0.01827	0.01160	0.08580	0.00880	0.00971	0.00679	0.00520	0.00394	0.00151	0.00600	0.00325	0.00331	0.00621
17	0.01906	0.01381	0.01476	0.01143	0.01536	0.01524	0.00941	0.68776	0.02347	0.03194	0.01315	0.01340	0.00945	0.00633	0.00513	0.00155	0.00548	0.00478	0.08992	0.00858
18	0.01403	0.79475	0.04946	0.00922	0.01384	0.02067	0.00935	0.01586	0.01075	0.01256	0.00741	0.00856	0.00678	0.00454	0.00344	0.00115	0.00572	0.00286	0.00226	0.00681
19	0.02010	0.01481	0.01587	0.01216	0.01639	0.01639	0.01005	0.76360	0.02486	0.03332	0.01269	0.01269	0.00899	0.00635	0.00529	0.00159	0.00582	0.00476	0.00529	0.00899
20	0.00652	0.00464	0.00611	0.00725	0.00754	0.00435	0.00479	0.00738	0.00996	0.01328	0.02830	0.75852	0.03391	0.07024	0.00810	0.00235	0.00321	0.01453	0.00479	0.00422
21	0.01060	0.02735	0.78682	0.01507	0.02288	0.01228	0.01953	0.01674	0.01116	0.01674	0.00949	0.01116	0.00670	0.00502	0.00502	0.00167	0.00781	0.00391	0.00223	0.00781
22	0.85155	0.01022	0.00777	0.00695	0.01022	0.01186	0.00573	0.01554	0.00900	0.02372	0.00736	0.00859	0.00573	0.00491	0.00327	0.00164	0.00409	0.00286	0.00327	0.00573
23	0.00769	0.00513	0.00577	0.00577	0.00577	0.00513	0.00320	0.00769	0.00769	0.01025	0.01666	0.03460	0.01922	0.81421	0.02691	0.00513	0.00513	0.00769	0.00320	0.00320
24	0.00762	0.00561	0.00717	0.00684	0.00818	0.00525	0.00520	0.01041	0.03750	0.02049	0.66889	0.04068	0.09695	0.01106	0.00626	0.00171	0.00268	0.04672	0.00570	0.00505
25	0.00660	0.00472	0.00630	0.00746	0.00786	0.00442	0.00511	0.00767	0.01045	0.01397	0.06301	0.73540	0.03540	0.01620	0.00675	0.00214	0.00314	0.05411	0.00495	0.00436
26	0.01175	0.00804	0.00852	0.00792	0.01004	0.00881	0.00617	0.03645	0.33524	0.03890	0.01959	0.02153	0.01539	0.00703	0.00467	0.00155	0.00344	0.04278	0.40559	0.00658
27	0.01157	0.01157	0.01619	0.01388	0.01388	0.01619	0.01157	0.01272	0.00810	0.01272	0.00694	0.01157	0.00694	0.00925	0.01735	0.00231	0.80453	0.00463	0.00231	0.00578
28	0.02010	0.01481	0.01587	0.01216	0.01639	0.01639	0.01005	0.76360	0.02486	0.03332	0.01269	0.01269	0.00899	0.00635	0.00529	0.00159	0.00582	0.00476	0.00529	0.00899
29	0.00625	0.00536	0.00536	0.00536	0.00714	0.00446	0.00402	0.00759	0.01205	0.01428	0.05355	0.05088	0.77909	0.01339	0.00625	0.00179	0.00268	0.01116	0.00491	0.00446
30	0.02372	0.00900	0.01227	0.00941	0.01350	0.00777	0.00777	0.02576	0.01513	0.78489	0.02086	0.01799	0.01309	0.00654	0.00532	0.00164	0.00450	0.00532	0.00654	0.00900
31	0.85155	0.01022	0.00777	0.00695	0.01022	0.01186	0.00573	0.01554	0.00900	0.02372	0.00736	0.00859	0.00573	0.00491	0.00327	0.00164	0.00409	0.00286	0.00327	0.00573
32	0.85155	0.01022	0.00777	0.00695	0.01022	0.01186	0.00573	0.01554	0.00900	0.02372	0.00736	0.00859	0.00573	0.00491	0.00327	0.00164	0.00409	0.00286	0.00327	0.00573
33	0.01315	0.01136	0.01195	0.01076	0.01375	0.01315	0.00837	0.02809	0.77168	0.02211	0.02152	0.01972	0.01614	0.00717	0.00538	0.00179	0.00418	0.00598	0.00538	0.00837
34	0.85155	0.01022	0.00777	0.00695	0.01022	0.01186	0.00573	0.01554	0.00900	0.02372	0.00736	0.00859	0.00573	0.00491	0.00327	0.00164	0.00409	0.00286	0.00327	0.00573
35	0.02010	0.01481	0.01587	0.01216	0.01639	0.01639	0.01005	0.76360	0.02486	0.03332	0.01269	0.01269	0.00899	0.00635	0.00529	0.00159	0.00582	0.00476	0.00529	0.00899
36	0.85155	0.01022	0.00777	0.00695	0.01022	0.01186	0.00573	0.01554	0.00900	0.02372	0.00736	0.00859	0.00573	0.00491	0.00327	0.00164	0.00409	0.00286	0.00327	0.00573
37	0.00834	0.00596	0.00831	0.00953	0.01067	0.00593	0.00820	0.01064	0.01199	0.01562	0.02809	0.12510	0.03082	0.01477	0.00725	0.00241	0.00471	0.68197	0.00487	0.00482
38	0.85155	0.01022	0.00777	0.00695	0.01022	0.01186	0.00573	0.01554	0.00900	0.02372	0.00736	0.00859	0.00573	0.00491	0.00327	0.00164	0.00409	0.00286	0.00327	0.00573
39	0.02010	0.01481	0.01587	0.01216	0.01639	0.01639	0.01005	0.76360	0.02486	0.03332	0.01269	0.01269	0.00899	0.00635	0.00529	0.00159	0.00582	0.00476	0.00529	0.00899
40	0.00759	0.00552	0.00775	0.00775	0.00844	0.00621	0.00568	0.00896	0.00828	0.01172	0.01484	0.02452	0.01485	0.25008	0.58506	0.00758	0.01171	0.00621	0.00293	0.00431
41	0.00660	0.00481	0.00626	0.00735	0.00790	0.00447	0.00513	0.00770	0.01051	0.01378	0.03166	0.66368	0.11448	0.01605	0.00674	0.00213	0.00318	0.07830	0.00490	0.00436
42	0.00644	0.00460	0.00613	0.00736	0.00767	0.00429	0.00491	0.00736	0.01012	0.01350	0.02914	0.81076	0.03497	0.01656	0.00675	0.00215	0.00307	0.01503	0.00491	0.00429
43	0.01060	0.02735	0.78682	0.01507	0.02288	0.01228	0.01953	0.01674	0.01116	0.01674	0.00949	0.01116	0.00670	0.00502	0.00502	0.00167	0.00781	0.00391	0.00223	0.00781
44	0.01629	0.01706	0.01637	0.15564	0.12627	0.35155	0.03270	0.01841	0.01290	0.09056	0.00982	0.01206	0.00774	0.00586	0.00655	0.00162	0.10474	0.00423	0.00297	0.00667
45	0.00643	0.00464	0.00609	0.00726	0.00764	0.00430	0.00486	0.00737	0.01022	0.01354	0.03038	0.77204	0.07288	0.01640	0.00672	0.00213	0.00305	0.01483	0.00491	0.00430
46	0.01930	0.02435	0.01542	0.01489	0.06782	0.74046	0.01062	0.02078	0.01478	0.01323	0.00829	0.00977	0.00691	0.00540	0.00480	0.00138	0.00931	0.00349	0.00272	0.00628
47	0.01403	0.79428	0.04990	0.00922	0.01384	0.02067	0.00935	0.01586	0.01075	0.01256	0.00741	0.00856	0.00678	0.00454	0.00344	0.00115	0.00572	0.00286	0.00226	0.00681
48	0.01300	0.01126	0.01573	0.01335	0.01383	0.01520	0.01112	0.01426	0.00892	0.10368	0.00858	0.01232	0.00766	0.00893	0.01593	0.00223	0.71030	0.00471	0.00281	0.00616
49	0.00767	0.00518	0.00605	0.00605	0.00615	0.00528	0.00356	0.00787	0.00777	0.01046	0.01639	0.03314	0.01859	0.73280	0.10746	0.00548	0.00607	0.00748	0.00316	0.00336
50	0.01096	0.00940	0.01096	0.00783	0.01253	0.00705	0.00626	0.01331	0.01096	0.01723	0.00940	0.01096	0.00783	0.00392	0.00392	0.00078	0.00392	0.00313	0.00313	0.84653
51	0.01282	0.01233	0.02082	0.07039	0.69163	0.01276	0.01583	0.01585	0.01170	0.01677	0.00971	0.01303	0.00821	0.00505	0.00605	0.00163	0.06004	0.00470	0.00258	0.00807
52	0.01308	0.01256	0.02146	0.03245	0.78123	0.01256	0.01622	0.01622	0.01204	0.01727	0.00994	0.01308	0.00837	0.00471	0.00523	0.00157	0.00628	0.00471	0.00262	0.00837
53	0.00643	0.00464	0.00609	0.00726	0.00764	0.00430	0.00486	0.00737	0.01022	0.01354	0.03038	0.77204	0.07288	0.01640	0.00672	0.00213	0.00305	0.01483	0.00491	0.00430
54	0.00650	0.00537	0.00571	0.00562	0.00730	0.00457	0.00422	0.00808	0.01265	0.01570	0.20198	0.04855	0.62977	0.01286	0.00625	0.00176	0.00264	0.01083	0.00510	0.00457
55	0.01293	0.01414	0.02938	0.02115	0.02631	0.01352	0.68285	0.05799	0.05184	0.01809	0.01135	0.01445	0.00849	0.00470	0.00614	0.00177	0.00850	0.00615	0.00295	0.00729
56	0.01315	0.01136	0.01195	0.01076	0.01375	0.01315	0.00837	0.02809	0.77168	0.02211	0.02152	0.01972	0.01614	0.00717	0.00538	0.00179	0.00418	0.00598	0.00538	0.00837
57	0.00755	0.00566	0.00850	0.00850	0.00944	0.00661	0.00661	0.00944	0.00850	0.01227	0.01416	0.02077	0.01322	0.03965	0.79326	0.00850	0.01416	0.00566	0.00283	0.00472
58	0.02010	0.01481	0.01587	0.01216	0.01639	0.01639	0.01005	0.76360	0.02486	0.03332	0.01269	0.01269	0.00899	0.00635	0.00529	0.00159	0.00582	0.00476	0.00529	0.00899
59	0.00748	0.00540	0.00707	0.00665	0.00790	0.00499	0.00499	0.00998	0.01496	0.02120	0.77844	0.03949	0.04988	0.01081	0.00624	0.00166	0.00249	0.00956	0.00582	0.00499
60	0.00769	0.00513	0.00577	0.00577	0.00577	0.00513	0.00320	0.00769	0.00769	0.01025	0.01666	0.03460	0.01922	0.81421	0.02691	0.00513	0.00513	0.00769	0.00320	0.00320
61	0.01096	0.00940	0.01096	0.00783	0.01253	0.00705	0.00626	0.01331	0.01096	0.01723	0.00940	0.01096	0.00783	0.00392	0.00392	0.00078	0.00392	0.00313	0.00313	0.84653
62	0.01982	0.02295	0.01517	0.01331	0.01635	0.62538	0.01018	0.18136	0.01711	0.01734	0.00915	0.01022	0.00728	0.00564	0.00488	0.00141	0.00873	0.00370	0.00328	0.00675
63	0.01065	0.00877	0.01701	0.01351	0.01592	0.00837	0.31283	0.01184	0.01005	0.03096	0.01298	0.05993	0.01226	0.01197	0.01239	0.35547	0.00630	0.08108	0.00294	0.00478
64	0.01526	0.24193	0.18042	0.01370	0.08676	0.03703	0.03075	0.16486	0.08310	0.08029	0.01154	0.01224	0.00872	0.00543	0.00472	0.00150	0.00616	0.00419	0.00353	0.00789
65	0.05568	0.42450	0.15902	0.01287	0.01784	0.05486	0.15388	0.01635	0.01119	0.01465	0.00839	0.01019	0.00696	0.00480	0.00468	0.00142	0.02965	0.00375	0.00241	0.00692

[dist]
# distance from previous block
# <min> <max>
0	9

[block]
# block no. 5 follows, 46 sequences, length 104
# corresponding to MSA columns:
# 353-456
name=unknown_F
#
# <colnr> <probs for GDERKNQSTAVLIFYWHMCP>
#	G	D	E	R	K	N	Q	S	T	A	V	L	I	F	Y	W	H	M	C	P
0	0.01346	0.01366	0.04434	0.01914	0.02405	0.01285	0.55731	0.01951	0.13965	0.07999	0.01330	0.01540	0.00976	0.00509	0.00599	0.00177	0.00774	0.00607	0.00343	0.00750
1	0.02010	0.01481	0.01587	0.01216	0.01639	0.01639	0.01005	0.76360	0.02486	0.03332	0.01269	0.01269	0.00899	0.00635	0.00529	0.00159	0.00582	0.00476	0.00529	0.00899
2	0.01413	0.81739	0.02770	0.00905	0.01357	0.02092	0.00905	0.01583	0.01074	0.01244	0.00735	0.00848	0.00678	0.00452	0.00339	0.00113	0.00565	0.00283	0.00226	0.00678
3	0.00748	0.00540	0.00707	0.00665	0.00790	0.00499	0.00499	0.00998	0.01496	0.02120	0.77844	0.03949	0.04988	0.01081	0.00624	0.00166	0.00249	0.00956	0.00582	0.00499
4	0.00748	0.00540	0.00707	0.00665	0.00790	0.00499	0.00499	0.00998	0.01496	0.02120	0.77844	0.03949	0.04988	0.01081	0.00624	0.00166	0.00249	0.00956	0.00582	0.00499
5	0.00830	0.00627	0.00777	0.00725	0.00875	0.00617	0.00548	0.01260	0.12464	0.02133	0.66874	0.03662	0.04499	0.01028	0.00611	0.00168	0.00274	0.00904	0.00576	0.00548
6	0.03952	0.01480	0.06895	0.02142	0.02682	0.01326	0.69972	0.01688	0.01230	0.01714	0.01053	0.01392	0.00788	0.00450	0.00608	0.00177	0.00870	0.00601	0.00267	0.00712
7	0.01200	0.00936	0.01107	0.00796	0.01261	0.00711	0.00639	0.01432	0.01130	0.07940	0.01032	0.01153	0.00826	0.00413	0.00403	0.00085	0.00396	0.00331	0.00341	0.77870
8	0.00755	0.00566	0.00850	0.00850	0.00944	0.00661	0.00661	0.00944	0.00850	0.01227	0.01416	0.02077	0.01322	0.03965	0.79326	0.00850	0.01416	0.00566	0.00283	0.00472
9	0.01975	0.02520	0.01498	0.01362	0.01634	0.79299	0.01021	0.02111	0.01498	0.01294	0.00817	0.00953	0.00681	0.00545	0.00477	0.00136	0.00953	0.00340	0.00272	0.00613
10	0.02010	0.01481	0.01587	0.01216	0.01639	0.01639	0.01005	0.76360	0.02486	0.03332	0.01269	0.01269	0.00899	0.00635	0.00529	0.00159	0.00582	0.00476	0.00529	0.00899
11	0.00754	0.00591	0.00696	0.00736	0.00857	0.00576	0.00533	0.01082	0.12154	0.01576	0.10377	0.39401	0.22903	0.01375	0.00639	0.00197	0.00315	0.04231	0.00506	0.00502
12	0.00681	0.00499	0.00653	0.00740	0.00806	0.00452	0.00502	0.00784	0.01019	0.01380	0.02754	0.74599	0.03277	0.01554	0.00652	0.00204	0.00314	0.01407	0.00476	0.07250
13	0.01360	0.01158	0.01221	0.01085	0.01392	0.01336	0.00848	0.07580	0.72324	0.02284	0.02094	0.01927	0.01567	0.00712	0.00537	0.00178	0.00429	0.00590	0.00537	0.00841
14	0.00748	0.00550	0.00717	0.00820	0.00894	0.00543	0.00604	0.00989	0.07228	0.01474	0.02825	0.56926	0.03237	0.01534	0.00677	0.00219	0.00358	0.18689	0.00494	0.00476
15	0.01385	0.01263	0.02019	0.09179	0.61006	0.01305	0.01520	0.12433	0.01378	0.01929	0.01030	0.01311	0.00836	0.00499	0.00525	0.00159	0.00628	0.00472	0.00298	0.00826
16	0.00998	0.00940	0.01586	0.80150	0.03641	0.01175	0.01468	0.01351	0.01057	0.01351	0.00940	0.01409	0.00705	0.00529	0.00529	0.00176	0.00705	0.00470	0.00235	0.00587
17	0.00644	0.00460	0.00613	0.00736	0.00767	0.00429	0.00491	0.00736	0.01012	0.01350	0.02914	0.81076	0.03497	0.01656	0.00675	0.00215	0.00307	0.01503	0.00491	0.00429
18	0.01030	0.00741	0.00842	0.00769	0.00982	0.00747	0.00592	0.01609	0.23427	0.08451	0.28554	0.03396	0.21553	0.00985	0.00581	0.00171	0.00320	0.00837	0.03795	0.00618
19	0.00762	0.00875	0.12139	0.00963	0.01151	0.00624	0.06835	0.00971	0.01086	0.01487	0.08593	0.56743	0.02990	0.01344	0.00641	0.00201	0.00418	0.01226	0.00441	0.00509
20	0.01701	0.02071	0.01312	0.01207	0.01425	0.61511	0.00891	0.01822	0.01340	0.01249	0.00989	0.01408	0.00913	0.12544	0.07183	0.00249	0.00927	0.00421	0.00280	0.00559
21	0.02345	0.00942	0.01253	0.00961	0.01371	0.00840	0.00794	0.07978	0.01584	0.72987	0.02026	0.01761	0.01279	0.00653	0.00531	0.00163	0.00459	0.00528	0.00645	0.00900
22	0.01413	0.81739	0.02770	0.00905	0.01357	0.02092	0.00905	0.01583	0.01074	0.01244	0.00735	0.00848	0.00678	0.00452	0.00339	0.00113	0.00565	0.00283	0.00226	0.00678
23	0.01710	0.00974	0.01091	0.00880	0.01187	0.01007	0.00713	0.30866	0.01741	0.20404	0.01631	0.01657	0.01166	0.00632	0.00470	0.00146	0.00425	0.00495	0.32059	0.00747
24	0.00830	0.00627	0.00777	0.00725	0.00875	0.00617	0.00548	0.01260	0.12464	0.02133	0.66874	0.03662	0.04499	0.01028	0.00611	0.00168	0.00274	0.00904	0.00576	0.00548
25	0.00730	0.00540	0.00682	0.00646	0.00779	0.00491	0.00485	0.00963	0.01454	0.02020	0.67338	0.04114	0.15557	0.01118	0.00624	0.00168	0.00252	0.00979	0.00569	0.00491
26	0.00748	0.00540	0.00707	0.00665	0.00790	0.00499	0.00499	0.00998	0.01496	0.02120	0.77844	0.03949	0.04988	0.01081	0.00624	0.00166	0.00249	0.00956	0.00582	0.00499
27	0.00647	0.00463	0.00616	0.00734	0.00768	0.00432	0.00491	0.00745	0.01028	0.01374	0.05337	0.78582	0.03545	0.01638	0.00673	0.00213	0.00305	0.01485	0.00494	0.00432
28	0.01413	0.81739	0.02770	0.00905	0.01357	0.02092	0.00905	0.01583	0.01074	0.01244	0.00735	0.00848	0.00678	0.00452	0.00339	0.00113	0.00565	0.00283	0.00226	0.00678
29	0.01975	0.02520	0.01498	0.01362	0.01634	0.79299	0.01021	0.02111	0.01498	0.01294	0.00817	0.00953	0.00681	0.00545	0.00477	0.00136	0.00953	0.00340	0.00272	0.00613
30	0.01340	0.01267	0.07481	0.01110	0.01454	0.01301	0.00930	0.04465	0.67176	0.04264	0.02031	0.01882	0.01512	0.00696	0.00535	0.00177	0.00453	0.00576	0.00515	0.00835
31	0.02319	0.00984	0.01279	0.00981	0.01392	0.00902	0.00810	0.13270	0.01654	0.67596	0.01967	0.01723	0.01249	0.00651	0.00531	0.00163	0.00469	0.00524	0.00636	0.00900
32	0.00644	0.00460	0.00613	0.00736	0.00767	0.00429	0.00491	0.00736	0.01012	0.01350	0.02914	0.81076	0.03497	0.01656	0.00675	0.00215	0.00307	0.01503	0.00491	0.00429
33	0.01975	0.02520	0.01498	0.01362	0.01634	0.79299	0.01021	0.02111	0.01498	0.01294	0.00817	0.00953	0.00681	0.00545	0.00477	0.00136	0.00953	0.00340	0.00272	0.00613
34	0.01289	0.01032	0.01557	0.59742	0.03101	0.01225	0.01330	0.14748	0.01347	0.07949	0.01091	0.01416	0.00788	0.00558	0.00529	0.00172	0.00662	0.00476	0.00321	0.00668
35	0.00625	0.00536	0.00536	0.00536	0.00714	0.00446	0.00402	0.00759	0.01205	0.01428	0.05355	0.05088	0.77909	0.01339	0.00625	0.00179	0.00268	0.01116	0.00491	0.00446
36	0.02137	0.00848	0.01151	0.00901	0.01268	0.00737	0.00737	0.02348	0.01511	0.67421	0.13066	0.02111	0.01842	0.00716	0.00545	0.00164	0.00421	0.00593	0.00644	0.00842
37	0.01146	0.00713	0.00890	0.00787	0.00994	0.00694	0.00609	0.02924	0.13168	0.15695	0.51370	0.03215	0.03742	0.00941	0.00592	0.00168	0.00317	0.00817	0.00587	0.00629
38	0.01287	0.53410	0.29990	0.01121	0.01691	0.01782	0.01281	0.01616	0.01089	0.01398	0.00812	0.00944	0.00675	0.00470	0.00398	0.00133	0.00643	0.00321	0.00225	0.00715
39	0.01044	0.00968	0.01529	0.68690	0.03313	0.01195	0.01377	0.01562	0.12088	0.01475	0.01115	0.01491	0.00836	0.00556	0.00530	0.00177	0.00663	0.00488	0.00279	0.00623
40	0.00895	0.00524	0.00702	0.00766	0.00851	0.00480	0.00532	0.01003	0.01085	0.12530	0.02794	0.69586	0.03179	0.01511	0.00654	0.00207	0.00327	0.01362	0.00514	0.00498
41	0.01170	0.01055	0.01641	0.58785	0.04533	0.01284	0.03406	0.12230	0.01252	0.01648	0.00972	0.01367	0.00737	0.00573	0.00629	0.00178	0.07149	0.00474	0.00279	0.00640
42	0.00855	0.00660	0.00737	0.00696	0.00873	0.00627	0.00525	0.11763	0.01418	0.01836	0.19608	0.17537	0.38418	0.01238	0.00619	0.00179	0.00316	0.01057	0.00516	0.00520
43	0.01314	0.16082	0.38435	0.03866	0.01974	0.05741	0.04837	0.09402	0.02520	0.03455	0.00986	0.01127	0.00741	0.00506	0.00474	0.00149	0.00693	0.00392	0.00282	0.07023
44	0.02034	0.02208	0.01445	0.01282	0.01579	0.64021	0.00975	0.02206	0.02818	0.14995	0.01065	0.01121	0.00808	0.00567	0.00487	0.00142	0.00855	0.00379	0.00345	0.00668
45	0.01028	0.00881	0.01015	0.00747	0.01175	0.00667	0.00594	0.01248	0.01112	0.01680	0.01580	0.01675	0.11961	0.00529	0.00425	0.00093	0.00374	0.00430	0.00339	0.72448
46	0.01494	0.01225	0.01296	0.01112	0.01443	0.01399	0.00880	0.21815	0.57870	0.02501	0.01924	0.01791	0.01429	0.00696	0.00536	0.00174	0.00461	0.00566	0.00536	0.00853
47	0.00720	0.00539	0.00668	0.00636	0.00773	0.00487	0.00477	0.00944	0.01431	0.01964	0.61467	0.04206	0.21463	0.01139	0.00624	0.00169	0.00254	0.00992	0.00561	0.00487
48	0.04600	0.16887	0.03846	0.01171	0.01547	0.14173	0.01001	0.35774	0.01782	0.06156	0.01062	0.01138	0.00809	0.00602	0.00575	0.00153	0.07148	0.00410	0.00397	0.00771
49	0.01216	0.01332	0.02596	0.01935	0.02283	0.01435	0.50007	0.01546	0.01095	0.01546	0.00938	0.01332	0.00764	0.00613	0.01012	0.00197	0.28664	0.00568	0.00255	0.00666
50	0.00684	0.00497	0.00648	0.00706	0.00780	0.00457	0.00492	0.00829	0.01175	0.01602	0.26632	0.52147	0.07115	0.01440	0.00652	0.00196	0.00288	0.01294	0.00517	0.01851
51	0.01975	0.02520	0.01498	0.01362	0.01634	0.79299	0.01021	0.02111	0.01498	0.01294	0.00817	0.00953	0.00681	0.00545	0.00477	0.00136	0.00953	0.00340	0.00272	0.00613
52	0.02062	0.01397	0.01534	0.01176	0.01597	0.01514	0.00972	0.65666	0.02345	0.14225	0.01388	0.01346	0.00958	0.00637	0.00529	0.00159	0.00563	0.00484	0.00547	0.00899
53	0.00642	0.00470	0.00603	0.00710	0.00760	0.00432	0.00479	0.00739	0.01038	0.01360	0.03235	0.71068	0.13296	0.01614	0.00668	0.00210	0.00302	0.01452	0.00491	0.00432
54	0.00748	0.00540	0.00707	0.00665	0.00790	0.00499	0.00499	0.00998	0.01496	0.02120	0.77844	0.03949	0.04988	0.01081	0.00624	0.00166	0.00249	0.00956	0.00582	0.00499
55	0.02088	0.01354	0.01508	0.01156	0.01576	0.01452	0.00955	0.60316	0.02274	0.19675	0.01447	0.01385	0.00988	0.00639	0.00529	0.00160	0.00553	0.00488	0.00556	0.00899
56	0.01416	0.01186	0.01252	0.01096	0.01413	0.01362	0.00861	0.13469	0.66344	0.02374	0.02024	0.01870	0.01510	0.00705	0.00537	0.00176	0.00442	0.00580	0.00537	0.00846
57	0.00721	0.00539	0.00669	0.00637	0.00773	0.00487	0.00478	0.00946	0.01433	0.01970	0.62081	0.04197	0.20845	0.01137	0.00624	0.00169	0.00253	0.00991	0.00562	0.00487
58	0.00822	0.00587	0.00817	0.00939	0.01048	0.00583	0.00800	0.01043	0.01187	0.01548	0.02816	0.16850	0.03108	0.01489	0.00722	0.00239	0.00461	0.63976	0.00487	0.00478
59	0.02319	0.00984	0.01279	0.00981	0.01392	0.00902	0.00810	0.13270	0.01654	0.67596	0.01967	0.01723	0.01249	0.00651	0.00531	0.00163	0.00469	0.00524	0.00636	0.00900
60	0.02137	0.00848	0.01151	0.00901	0.01268	0.00737	0.00737	0.02348	0.01511	0.67421	0.13066	0.02111	0.01842	0.00716	0.00545	0.00164	0.00421	0.00593	0.00644	0.00842
61	0.02010	0.01481	0.01587	0.01216	0.01639	0.01639	0.01005	0.76360	0.02486	0.03332	0.01269	0.01269	0.00899	0.00635	0.00529	0.00159	0.00582	0.00476	0.00529	0.00899
62	0.01315	0.01136	0.01195	0.01076	0.01375	0.01315	0.00837	0.02809	0.77168	0.02211	0.02152	0.01972	0.01614	0.00717	0.00538	0.00179	0.00418	0.00598	0.00538	0.00837
63	0.01554	0.01082	0.01202	0.01045	0.01369	0.01193	0.00823	0.02757	0.60076	0.19444	0.02137	0.01933	0.01545	0.00703	0.00537	0.00176	0.00425	0.00583	0.00564	0.00851
64	0.01416	0.01186	0.01252	0.01096	0.01413	0.01362	0.00861	0.13469	0.66344	0.02374	0.02024	0.01870	0.01510	0.00705	0.00537	0.00176	0.00442	0.00580	0.00537	0.00846
65	0.00661	0.00472	0.00633	0.00755	0.00793	0.00444	0.00520	0.00765	0.01029	0.01368	0.02904	0.74993	0.03460	0.01640	0.00679	0.00217	0.00321	0.07420	0.00490	0.00434
66	0.00998	0.00940	0.01586	0.80150	0.03641	0.01175	0.01468	0.01351	0.01057	0.01351	0.00940	0.01409	0.00705	0.00529	0.00529	0.00176	0.00705	0.00470	0.00235	0.00587
67	0.00755	0.00566	0.00850	0.00850	0.00944	0.00661	0.00661	0.00944	0.00850	0.01227	0.01416	0.02077	0.01322	0.03965	0.79326	0.00850	0.01416	0.00566	0.00283	0.00472
68	0.01096	0.00940	0.01096	0.00783	0.01253	0.00705	0.00626	0.01331	0.01096	0.01723	0.00940	0.01096	0.00783	0.00392	0.00392	0.00078	0.00392	0.00313	0.00313	0.84653
69	0.78275	0.01060	0.00844	0.00738	0.01073	0.01223	0.00608	0.07744	0.01031	0.02451	0.00780	0.00893	0.00600	0.00503	0.00344	0.00163	0.00423	0.00302	0.00344	0.00600
70	0.00755	0.00566	0.00850	0.00850	0.00944	0.00661	0.00661	0.00944	0.00850	0.01227	0.01416	0.02077	0.01322	0.03965	0.79326	0.00850	0.01416	0.00566	0.00283	0.00472
71	0.00957	0.00742	0.00893	0.00956	0.01101	0.05277	0.00808	0.01252	0.04753	0.03335	0.13514	0.05103	0.03082	0.01300	0.00687	0.00221	0.00476	0.54529	0.00494	0.00521
72	0.01975	0.02520	0.01498	0.01362	0.01634	0.79299	0.01021	0.02111	0.01498	0.01294	0.00817	0.00953	0.00681	0.00545	0.00477	0.00136	0.00953	0.00340	0.00272	0.00613
73	0.01980	0.02369	0.01511	0.01341	0.01635	0.68043	0.01019	0.12872	0.01641	0.01589	0.00883	0.00999	0.00713	0.00558	0.00484	0.00139	0.00899	0.00360	0.00310	0.00654
74	0.01459	0.75323	0.02667	0.00942	0.01379	0.08345	0.00914	0.01626	0.01109	0.01248	0.00742	0.00857	0.00679	0.00460	0.00350	0.00115	0.00597	0.00287	0.00230	0.00673
75	0.00674	0.00468	0.00631	0.00745	0.00778	0.00441	0.00507	0.00751	0.00999	0.01330	0.02764	0.71558	0.03288	0.01659	0.00778	0.06284	0.00327	0.05128	0.00472	0.00418
