[name]
unknown

[dist]
# distance from previous block
# <min> <max>
4	33

[block]
# block no. 0 follows, 42 sequences, length 8
# corresponding to MSA columns:
# 59-66
name=unknown_A
#
# <colnr> <probs for GDERKNQSTAVLIFYWHMCP>
#	G	D	E	R	K	N	Q	S	T	A	V	L	I	F	Y	W	H	M	C	P
0	0.07221	0.01436	0.15910	0.01405	0.01881	0.01102	0.19423	0.06785	0.01388	0.19207	0.01858	0.06113	0.07367	0.00926	0.05203	0.00226	0.00706	0.00650	0.00427	0.00766
1	0.44825	0.17337	0.01495	0.05564	0.01468	0.01561	0.00837	0.17353	0.01368	0.02435	0.00918	0.01041	0.00715	0.00549	0.00410	0.00163	0.00527	0.00359	0.00367	0.00708
2	0.00952	0.00506	0.00759	0.00759	0.00774	0.00521	0.00521	0.00774	0.00759	0.01027	0.01057	0.01785	0.01042	0.02293	0.13502	0.71290	0.00641	0.00506	0.00253	0.00283
3	0.30947	0.13016	0.01328	0.00920	0.01273	0.06289	0.00757	0.06711	0.11421	0.03817	0.01490	0.06557	0.04973	0.00686	0.00457	0.00163	0.00496	0.00506	0.00401	0.07791
4	0.01352	0.37575	0.34940	0.01374	0.02006	0.04718	0.07527	0.01759	0.01196	0.01563	0.00913	0.01081	0.00729	0.00508	0.00467	0.00152	0.00746	0.00383	0.00245	0.00770
5	0.00763	0.00567	0.00710	0.00688	0.00824	0.00514	0.00511	0.00991	0.01492	0.02051	0.57071	0.10646	0.18589	0.01253	0.00668	0.00184	0.00274	0.01098	0.00593	0.00514
6	0.00711	0.00506	0.00640	0.00736	0.00772	0.00476	0.00480	0.00792	0.01039	0.01373	0.03005	0.59814	0.08111	0.17406	0.01143	0.00289	0.00368	0.01417	0.00486	0.00435
7	0.01681	0.01253	0.01372	0.01162	0.01509	0.01389	0.00931	0.30287	0.33625	0.07607	0.02019	0.07399	0.01626	0.00837	0.00590	0.00188	0.00510	0.04575	0.00571	0.00870

[dist]
# distance from previous block
# <min> <max>
0	1

[block]
# block no. 1 follows, 42 sequences, length 79
# corresponding to MSA columns:
# 68-146
name=unknown_B
#
# <colnr> <probs for GDERKNQSTAVLIFYWHMCP>
#	G	D	E	R	K	N	Q	S	T	A	V	L	I	F	Y	W	H	M	C	P
0	0.01686	0.01809	0.01635	0.01412	0.01591	0.30397	0.01125	0.12988	0.01411	0.01692	0.00914	0.01244	0.00808	0.03237	0.01176	0.00205	0.35224	0.00456	0.00314	0.00674
1	0.00740	0.00583	0.00674	0.00722	0.00874	0.00524	0.00567	0.00906	0.01250	0.01543	0.04553	0.12659	0.46450	0.04331	0.00781	0.00226	0.00364	0.21259	0.00515	0.00481
2	0.02134	0.01597	0.01661	0.01288	0.01727	0.05307	0.01057	0.67081	0.04315	0.06064	0.01382	0.01374	0.00980	0.00674	0.00561	0.00168	0.00629	0.00505	0.00555	0.00941
3	0.01154	0.00985	0.01152	0.00829	0.01316	0.00742	0.00662	0.01404	0.01182	0.01849	0.03716	0.01276	0.00995	0.00443	0.00426	0.00087	0.00411	0.00358	0.00344	0.80669
4	0.00846	0.00659	0.01017	0.00975	0.01083	0.00763	0.03379	0.01035	0.00917	0.01319	0.01484	0.04281	0.01405	0.03788	0.66885	0.03639	0.05092	0.00624	0.00302	0.00507
5	0.30444	0.00974	0.01063	0.00915	0.01259	0.00998	0.00758	0.04103	0.05496	0.31386	0.01799	0.02214	0.01398	0.00763	0.00515	0.00186	0.00464	0.10996	0.03516	0.00754
6	0.00900	0.00522	0.00762	0.03566	0.00881	0.00535	0.00546	0.00800	0.00833	0.01118	0.01471	0.16206	0.01583	0.07035	0.09435	0.51874	0.00573	0.00725	0.00307	0.00329
7	0.48855	0.01032	0.01034	0.00853	0.01239	0.01074	0.00704	0.02125	0.01240	0.34797	0.01405	0.01347	0.00949	0.00598	0.00442	0.00174	0.00454	0.00418	0.00499	0.00760
8	0.01779	0.01757	0.01543	0.01305	0.01588	0.28625	0.03271	0.26733	0.01747	0.02098	0.01168	0.01511	0.00989	0.08139	0.07709	0.00267	0.08175	0.00496	0.00385	0.00715
9	0.00858	0.00598	0.00770	0.00832	0.00939	0.00578	0.00652	0.01016	0.01171	0.03128	0.05617	0.13231	0.14751	0.16071	0.03557	0.02631	0.00485	0.32161	0.00480	0.00474
10	0.84197	0.01088	0.00827	0.00740	0.01088	0.01262	0.00609	0.01654	0.00958	0.02525	0.00784	0.00914	0.00609	0.00522	0.00348	0.00174	0.00435	0.00305	0.00348	0.00609
11	0.00783	0.00629	0.00706	0.00681	0.00857	0.00582	0.00512	0.01105	0.08336	0.01868	0.31470	0.06949	0.40929	0.01272	0.00658	0.00186	0.00294	0.01086	0.00563	0.00534
12	0.05065	0.00905	0.01209	0.00961	0.01345	0.00797	0.00781	0.02462	0.01538	0.64791	0.04945	0.09238	0.01726	0.00807	0.00576	0.00179	0.00455	0.00670	0.00666	0.00884
13	0.02341	0.00564	0.00653	0.00659	0.00723	0.00549	0.00431	0.00953	0.01042	0.02921	0.11505	0.12472	0.07395	0.43306	0.01814	0.00379	0.00439	0.03532	0.07895	0.00426
14	0.68274	0.01121	0.00956	0.00818	0.01185	0.01263	0.00674	0.08594	0.01181	0.10168	0.00982	0.01056	0.00721	0.00554	0.00390	0.00174	0.00457	0.00350	0.00404	0.00677
15	0.00686	0.00490	0.00653	0.00784	0.00816	0.00457	0.00522	0.00784	0.01077	0.01437	0.03102	0.79855	0.03722	0.01763	0.00718	0.00229	0.00326	0.01600	0.00522	0.00457
16	0.48047	0.01075	0.01022	0.00867	0.01219	0.01176	0.00706	0.09317	0.06352	0.15775	0.08255	0.01523	0.01297	0.00644	0.00453	0.00175	0.00447	0.00460	0.00472	0.00718
17	0.00738	0.00512	0.00638	0.00717	0.00736	0.00492	0.00451	0.00797	0.00975	0.01300	0.02577	0.49771	0.03060	0.32750	0.01566	0.00354	0.00413	0.01291	0.00451	0.00411
18	0.02038	0.01478	0.01580	0.01223	0.01644	0.01631	0.01007	0.67974	0.02509	0.03412	0.01396	0.01421	0.01002	0.00674	0.00547	0.00165	0.00586	0.00508	0.08289	0.00917
19	0.00758	0.00574	0.00698	0.00667	0.00817	0.00514	0.00500	0.00987	0.01501	0.02039	0.55498	0.04562	0.26362	0.01232	0.00664	0.00181	0.00271	0.01068	0.00591	0.00514
20	0.00755	0.00569	0.00698	0.00682	0.00823	0.00513	0.00509	0.00974	0.01465	0.01985	0.50351	0.09894	0.24797	0.01277	0.00670	0.00186	0.00280	0.02479	0.00584	0.00510
21	0.84197	0.01088	0.00827	0.00740	0.01088	0.01262	0.00609	0.01654	0.00958	0.02525	0.00784	0.00914	0.00609	0.00522	0.00348	0.00174	0.00435	0.00305	0.00348	0.00609
22	0.02525	0.00958	0.01306	0.01001	0.01437	0.00827	0.00827	0.02743	0.01611	0.77102	0.02220	0.01915	0.01393	0.00697	0.00566	0.00174	0.00479	0.00566	0.00697	0.00958
23	0.12922	0.00974	0.01245	0.00968	0.01392	0.00883	0.00799	0.02604	0.01528	0.67608	0.02037	0.01788	0.01293	0.00674	0.00538	0.00174	0.00473	0.00533	0.00652	0.00913
24	0.00978	0.00489	0.00733	0.00733	0.00733	0.00489	0.00489	0.00733	0.00733	0.00978	0.00978	0.01711	0.00978	0.01955	0.02199	0.83627	0.00489	0.00489	0.00244	0.00244
25	0.84197	0.01088	0.00827	0.00740	0.01088	0.01262	0.00609	0.01654	0.00958	0.02525	0.00784	0.00914	0.00609	0.00522	0.00348	0.00174	0.00435	0.00305	0.00348	0.00609
26	0.00665	0.00570	0.00570	0.00570	0.00760	0.00475	0.00428	0.00808	0.01283	0.01520	0.05701	0.05416	0.76483	0.01425	0.00665	0.00190	0.00285	0.01188	0.00523	0.00475
27	0.00891	0.00520	0.00668	0.00668	0.00668	0.00520	0.00409	0.00779	0.00779	0.01039	0.01409	0.02781	0.01558	0.44447	0.02560	0.38521	0.00520	0.00668	0.00297	0.00297
28	0.00769	0.00590	0.00714	0.00791	0.00885	0.00574	0.00551	0.01055	0.10140	0.01562	0.03447	0.57735	0.15905	0.01584	0.00692	0.00217	0.00334	0.01413	0.00529	0.00513
29	0.01501	0.01186	0.01276	0.01132	0.01461	0.01348	0.00885	0.02968	0.69025	0.09084	0.02284	0.02083	0.01689	0.00757	0.00572	0.00189	0.00448	0.00630	0.00584	0.00897
30	0.76844	0.01077	0.00870	0.00764	0.01120	0.01223	0.00629	0.01752	0.01017	0.09240	0.00913	0.01004	0.00680	0.00538	0.00368	0.00174	0.00439	0.00328	0.00380	0.00641
31	0.02070	0.01542	0.01650	0.01281	0.01719	0.01713	0.01053	0.68130	0.09463	0.03435	0.01439	0.01421	0.01028	0.00684	0.00564	0.00171	0.00603	0.00519	0.00564	0.00951
32	0.02023	0.01519	0.01623	0.01271	0.01701	0.01691	0.01042	0.63536	0.14134	0.03359	0.01499	0.01469	0.01077	0.00689	0.00564	0.00172	0.00592	0.00527	0.00564	0.00947
33	0.00683	0.00500	0.00642	0.00756	0.00809	0.00459	0.00510	0.00787	0.01104	0.01447	0.03433	0.70379	0.12985	0.01720	0.00712	0.00224	0.00321	0.01547	0.00522	0.00459
34	0.00778	0.00558	0.00748	0.00808	0.00902	0.00528	0.00609	0.00977	0.01330	0.01817	0.32242	0.33783	0.04249	0.01474	0.00709	0.00215	0.00344	0.16870	0.00560	0.00500
35	0.84197	0.01088	0.00827	0.00740	0.01088	0.01262	0.00609	0.01654	0.00958	0.02525	0.00784	0.00914	0.00609	0.00522	0.00348	0.00174	0.00435	0.00305	0.00348	0.00609
36	0.09879	0.00969	0.01263	0.00978	0.01405	0.00866	0.00808	0.02645	0.01552	0.70387	0.02091	0.01825	0.01323	0.00681	0.00546	0.00174	0.00475	0.00542	0.00665	0.00926
37	0.02308	0.01053	0.01319	0.01022	0.01433	0.01000	0.00841	0.18313	0.01797	0.54330	0.01996	0.01809	0.01303	0.00688	0.00550	0.00169	0.00490	0.00549	0.08109	0.00919
38	0.00784	0.00575	0.00734	0.00695	0.00833	0.00526	0.00521	0.01037	0.01563	0.02185	0.69502	0.04322	0.12268	0.01177	0.00664	0.00178	0.00267	0.01034	0.00610	0.00526
39	0.01393	0.01337	0.02284	0.03454	0.76712	0.01337	0.01727	0.01727	0.01281	0.01839	0.01059	0.01393	0.00891	0.00501	0.00557	0.00167	0.00669	0.00501	0.00279	0.00891
40	0.02513	0.00977	0.01318	0.01010	0.01446	0.00855	0.00835	0.04962	0.01643	0.74837	0.02193	0.01898	0.01380	0.00696	0.00566	0.00174	0.00483	0.00564	0.00692	0.00958
41	0.01167	0.01000	0.01167	0.00834	0.01334	0.00750	0.00667	0.01417	0.01167	0.01834	0.01000	0.01167	0.00834	0.00417	0.00417	0.00083	0.00417	0.00333	0.00333	0.83663
42	0.01063	0.01000	0.01688	0.78870	0.03876	0.01250	0.01563	0.01438	0.01125	0.01438	0.01000	0.01500	0.00750	0.00563	0.00563	0.00188	0.00750	0.00500	0.00250	0.00625
43	0.00707	0.00572	0.00628	0.00614	0.00786	0.00493	0.00460	0.00888	0.01381	0.01753	0.28038	0.05033	0.54001	0.01338	0.00665	0.00186	0.00279	0.01134	0.00553	0.00493
44	0.01176	0.01066	0.01695	0.61660	0.10032	0.01272	0.01484	0.08287	0.01288	0.01674	0.01234	0.01640	0.03931	0.00604	0.00566	0.00184	0.00711	0.00529	0.00293	0.00674
45	0.02084	0.01549	0.01658	0.01284	0.01724	0.01720	0.01056	0.69505	0.08066	0.03458	0.01421	0.01407	0.01013	0.00682	0.00564	0.00171	0.00606	0.00516	0.00564	0.00952
46	0.01362	0.01306	0.02229	0.10493	0.69914	0.01329	0.01712	0.01700	0.01267	0.01801	0.01053	0.01403	0.00878	0.00507	0.00558	0.00169	0.00676	0.00501	0.00276	0.00867
47	0.02102	0.02682	0.01595	0.01450	0.01740	0.77963	0.01087	0.02247	0.01595	0.01377	0.00870	0.01015	0.00725	0.00580	0.00507	0.00145	0.01015	0.00362	0.00290	0.00652
48	0.00686	0.00490	0.00653	0.00784	0.00816	0.00457	0.00522	0.00784	0.01077	0.01437	0.03102	0.79855	0.03722	0.01763	0.00718	0.00229	0.00326	0.01600	0.00522	0.00457
49	0.00751	0.00573	0.00689	0.00660	0.00813	0.00511	0.00495	0.00973	0.01485	0.02000	0.51739	0.04627	0.30146	0.01246	0.00664	0.00182	0.00272	0.01077	0.00586	0.00511
50	0.02139	0.01576	0.01689	0.01295	0.01745	0.01745	0.01070	0.74835	0.02646	0.03547	0.01351	0.01351	0.00957	0.00676	0.00563	0.00169	0.00619	0.00507	0.00563	0.00957
51	0.00718	0.00572	0.00643	0.00625	0.00792	0.00497	0.00469	0.00910	0.01407	0.01815	0.34047	0.04930	0.47953	0.01315	0.00665	0.00185	0.00277	0.01120	0.00561	0.00497
52	0.00665	0.00570	0.00570	0.00570	0.00760	0.00475	0.00428	0.00808	0.01283	0.01520	0.05701	0.05416	0.76483	0.01425	0.00665	0.00190	0.00285	0.01188	0.00523	0.00475
53	0.00818	0.00546	0.00614	0.00614	0.00614	0.00546	0.00341	0.00818	0.00818	0.01091	0.01773	0.03683	0.02046	0.80222	0.02864	0.00546	0.00546	0.00818	0.00341	0.00341
54	0.01049	0.00525	0.00525	0.00525	0.00656	0.00525	0.00393	0.01311	0.01180	0.02098	0.01836	0.02098	0.01442	0.00656	0.00393	0.00131	0.00262	0.00525	0.83346	0.00525
55	0.01129	0.02911	0.77306	0.01604	0.02436	0.01307	0.02079	0.01782	0.01188	0.01782	0.01010	0.01188	0.00713	0.00535	0.00535	0.00178	0.00832	0.00416	0.00238	0.00832
56	0.02525	0.00958	0.01306	0.01001	0.01437	0.00827	0.00827	0.02743	0.01611	0.77102	0.02220	0.01915	0.01393	0.00697	0.00566	0.00174	0.00479	0.00566	0.00697	0.00958
57	0.01419	0.01308	0.01259	0.01137	0.01435	0.09560	0.00878	0.02730	0.60803	0.02240	0.09055	0.02179	0.01946	0.00780	0.00574	0.00185	0.00490	0.00642	0.00547	0.00832
58	0.02525	0.00958	0.01306	0.01001	0.01437	0.00827	0.00827	0.02743	0.01611	0.77102	0.02220	0.01915	0.01393	0.00697	0.00566	0.00174	0.00479	0.00566	0.00697	0.00958
59	0.00665	0.00570	0.00570	0.00570	0.00760	0.00475	0.00428	0.00808	0.01283	0.01520	0.05701	0.05416	0.76483	0.01425	0.00665	0.00190	0.00285	0.01188	0.00523	0.00475
60	0.00806	0.00596	0.00867	0.00867	0.00954	0.00683	0.00656	0.00981	0.00893	0.01279	0.01542	0.02402	0.01490	0.14071	0.68255	0.00858	0.01383	0.00631	0.00307	0.00482
61	0.84197	0.01088	0.00827	0.00740	0.01088	0.01262	0.00609	0.01654	0.00958	0.02525	0.00784	0.00914	0.00609	0.00522	0.00348	0.00174	0.00435	0.00305	0.00348	0.00609
62	0.00778	0.00570	0.00730	0.00700	0.00832	0.00521	0.00521	0.01022	0.01533	0.02140	0.65525	0.08980	0.11620	0.01213	0.00667	0.00181	0.00271	0.01069	0.00605	0.00521
63	0.00665	0.00570	0.00570	0.00570	0.00760	0.00475	0.00428	0.00808	0.01283	0.01520	0.05701	0.05416	0.76483	0.01425	0.00665	0.00190	0.00285	0.01188	0.00523	0.00475
64	0.00740	0.00578	0.00683	0.00730	0.00877	0.00521	0.00570	0.00917	0.01285	0.01617	0.11242	0.16480	0.40942	0.01481	0.00701	0.00212	0.00347	0.19058	0.00531	0.00488
65	0.02426	0.01116	0.01404	0.01076	0.01515	0.01062	0.00889	0.21169	0.01875	0.58301	0.01998	0.01771	0.01282	0.00691	0.00565	0.00173	0.00515	0.00551	0.00662	0.00958
66	0.00679	0.00563	0.00594	0.00602	0.00773	0.00478	0.00446	0.00828	0.01291	0.01579	0.11825	0.12254	0.63285	0.01432	0.00670	0.00192	0.00287	0.01211	0.00531	0.00478
67	0.00689	0.00564	0.00608	0.00612	0.00779	0.00483	0.00453	0.00848	0.01317	0.01637	0.17411	0.11783	0.58042	0.01409	0.00670	0.00191	0.00285	0.01195	0.00539	0.00483
68	0.00706	0.00504	0.00677	0.00807	0.00849	0.00475	0.00558	0.00819	0.01098	0.01460	0.03090	0.72995	0.03677	0.01744	0.00724	0.00231	0.00344	0.08256	0.00522	0.00463
69	0.04960	0.01172	0.01809	0.01430	0.01777	0.05070	0.26363	0.08438	0.05445	0.07550	0.03878	0.19256	0.08482	0.00920	0.00632	0.00192	0.00623	0.00872	0.00442	0.00690
70	0.17033	0.02049	0.01485	0.01273	0.01623	0.40333	0.00995	0.24703	0.01806	0.02260	0.01004	0.01101	0.00776	0.00599	0.00496	0.00158	0.00787	0.00397	0.00385	0.00739
71	0.01314	0.01245	0.02111	0.10297	0.64191	0.01267	0.01630	0.01638	0.01257	0.01777	0.01205	0.05608	0.01081	0.00598	0.00571	0.00174	0.00655	0.02253	0.00294	0.00835
72	0.00801	0.00595	0.00767	0.00831	0.00962	0.00560	0.00672	0.01015	0.01326	0.01735	0.18884	0.15221	0.20095	0.01469	0.00721	0.00223	0.00389	0.32692	0.00541	0.00503
73	0.08908	0.07645	0.08644	0.01867	0.17932	0.17144	0.10607	0.09998	0.08367	0.01993	0.01128	0.01296	0.00883	0.00561	0.00528	0.00166	0.00738	0.00467	0.00340	0.00790
74	0.01514	0.13814	0.06893	0.01637	0.13025	0.01243	0.16010	0.03840	0.01404	0.17274	0.12195	0.05546	0.01719	0.00693	0.00571	0.00171	0.00611	0.00637	0.00425	0.00777
75	0.12535	0.01122	0.01166	0.00881	0.01335	0.04205	0.00706	0.08314	0.01299	0.02056	0.01169	0.01298	0.03555	0.00499	0.00434	0.00110	0.00459	0.00378	0.00362	0.58117
76	0.29326	0.04399	0.14695	0.01098	0.03598	0.01195	0.01012	0.08426	0.01359	0.21713	0.03028	0.01364	0.00995	0.00590	0.00474	0.00167	0.00541	0.00433	0.00438	0.05149
77	0.06176	0.08337	0.13026	0.01050	0.03047	0.02559	0.00922	0.03070	0.09841	0.01859	0.16611	0.19454	0.02478	0.01286	0.07553	0.00249	0.00573	0.00827	0.00437	0.00643
78	0.10532	0.07196	0.02958	0.31018	0.04396	0.03050	0.01130	0.03337	0.13280	0.04727	0.09907	0.01783	0.01447	0.00655	0.00532	0.00175	0.00584	0.00539	0.00382	0.02372

[dist]
# distance from previous block
# <min> <max>
0	7

[block]
# block no. 2 follows, 42 sequences, length 73
# corresponding to MSA columns:
# 154-226
name=unknown_C
#
# <colnr> <probs for GDERKNQSTAVLIFYWHMCP>
#	G	D	E	R	K	N	Q	S	T	A	V	L	I	F	Y	W	H	M	C	P
0	0.03511	0.34832	0.07773	0.01185	0.07270	0.01553	0.01013	0.06903	0.02925	0.06195	0.01211	0.01307	0.03703	0.00543	0.00443	0.00133	0.00560	0.00403	0.00333	0.18203
1	0.01358	0.08240	0.34103	0.01228	0.01862	0.01132	0.02793	0.01776	0.01235	0.11564	0.01148	0.01259	0.00846	0.00510	0.00487	0.00141	0.00629	0.00403	0.00331	0.28954
2	0.18456	0.15866	0.04478	0.00987	0.01425	0.09332	0.00854	0.08793	0.03618	0.03287	0.02476	0.01170	0.00888	0.00527	0.00433	0.00134	0.00552	0.00371	0.00353	0.26000
3	0.00918	0.00551	0.00701	0.00701	0.00780	0.00520	0.00479	0.00903	0.00985	0.05696	0.02634	0.13815	0.19445	0.16819	0.04534	0.28378	0.00467	0.00880	0.00396	0.00399
4	0.01720	0.36743	0.05003	0.01181	0.01579	0.32859	0.01030	0.06020	0.01422	0.01501	0.01149	0.01251	0.05208	0.00590	0.00457	0.00139	0.00761	0.00394	0.00296	0.00697
5	0.00914	0.01112	0.18851	0.00974	0.01227	0.00751	0.00927	0.01142	0.01051	0.01512	0.08093	0.08743	0.03118	0.07143	0.21077	0.13299	0.00789	0.03507	0.05239	0.00530
6	0.03511	0.07272	0.01663	0.01248	0.01612	0.20592	0.07411	0.05041	0.04299	0.25868	0.02985	0.01662	0.04371	0.00680	0.00631	0.00167	0.06168	0.00521	0.00454	0.03846
7	0.13021	0.01284	0.01863	0.01454	0.01865	0.03634	0.23008	0.08066	0.16045	0.15392	0.01613	0.01862	0.01224	0.00669	0.00603	0.00187	0.02234	0.04722	0.00458	0.00795
8	0.00856	0.00549	0.00747	0.00805	0.00863	0.00544	0.00570	0.00928	0.01010	0.04196	0.02332	0.35807	0.02617	0.13389	0.12470	0.12145	0.00579	0.08719	0.00431	0.00442
9	0.00854	0.00666	0.00958	0.00930	0.01005	0.00798	0.00714	0.01019	0.00888	0.01282	0.01457	0.02301	0.01419	0.14250	0.59079	0.00781	0.10186	0.00620	0.00301	0.00493
10	0.00826	0.00588	0.00758	0.00750	0.00788	0.00641	0.00505	0.00905	0.00852	0.01180	0.01641	0.03052	0.01765	0.49131	0.31157	0.00672	0.03328	0.00727	0.00323	0.00410
11	0.02502	0.00994	0.01329	0.01019	0.01455	0.00881	0.00841	0.06997	0.01672	0.72761	0.02169	0.01882	0.01367	0.00695	0.00566	0.00174	0.00487	0.00562	0.00689	0.00958
12	0.78447	0.01079	0.00861	0.00758	0.01113	0.01232	0.00625	0.01731	0.01004	0.07775	0.00885	0.00985	0.00665	0.00535	0.00364	0.00174	0.00438	0.00323	0.00373	0.00634
13	0.00804	0.00601	0.00897	0.00897	0.00995	0.00699	0.00694	0.01000	0.00902	0.01301	0.01514	0.02250	0.01424	0.06229	0.76007	0.00895	0.01482	0.00609	0.00303	0.00498
14	0.19208	0.01115	0.01289	0.01010	0.01430	0.01111	0.00834	0.17772	0.01696	0.46231	0.01741	0.01591	0.01140	0.00656	0.00521	0.00173	0.00500	0.00500	0.00597	0.00886
15	0.00804	0.00599	0.00758	0.00774	0.00902	0.00569	0.00587	0.01086	0.05055	0.01933	0.39801	0.19628	0.12825	0.01341	0.00686	0.00201	0.00324	0.11031	0.00573	0.00526
16	0.00818	0.00546	0.00614	0.00614	0.00614	0.00546	0.00341	0.00818	0.00818	0.01091	0.01773	0.03683	0.02046	0.80222	0.02864	0.00546	0.00546	0.00818	0.00341	0.00341
17	0.31179	0.01199	0.01181	0.00969	0.01311	0.01332	0.00781	0.33854	0.01711	0.04460	0.01201	0.01409	0.00937	0.05179	0.00702	0.05115	0.00516	0.00454	0.05782	0.00729
18	0.05451	0.01231	0.01454	0.01119	0.01557	0.01242	0.00924	0.33998	0.02035	0.42345	0.01788	0.01633	0.01174	0.00681	0.00556	0.00172	0.00538	0.00530	0.00625	0.00944
19	0.84197	0.01088	0.00827	0.00740	0.01088	0.01262	0.00609	0.01654	0.00958	0.02525	0.00784	0.00914	0.00609	0.00522	0.00348	0.00174	0.00435	0.00305	0.00348	0.00609
20	0.00716	0.00512	0.00656	0.00752	0.00809	0.00477	0.00514	0.00834	0.01126	0.01506	0.08355	0.59221	0.09827	0.06286	0.00830	0.00239	0.00337	0.03902	0.02638	0.00461
21	0.07267	0.01278	0.01471	0.01134	0.01572	0.01318	0.00937	0.39139	0.02095	0.35391	0.01694	0.01570	0.01125	0.00675	0.00551	0.00171	0.00547	0.00520	0.00608	0.00936
22	0.00818	0.00571	0.00733	0.00692	0.00825	0.00530	0.00519	0.01084	0.01557	0.02243	0.69956	0.04021	0.04975	0.01108	0.00640	0.00173	0.00265	0.00975	0.07784	0.00530
23	0.84197	0.01088	0.00827	0.00740	0.01088	0.01262	0.00609	0.01654	0.00958	0.02525	0.00784	0.00914	0.00609	0.00522	0.00348	0.00174	0.00435	0.00305	0.00348	0.00609
24	0.00801	0.00537	0.00684	0.00764	0.00849	0.00490	0.00532	0.00916	0.01145	0.05916	0.03457	0.58623	0.15879	0.03426	0.00751	0.00227	0.00339	0.03646	0.00528	0.00489
25	0.01542	0.01279	0.01352	0.01174	0.01517	0.01466	0.00925	0.16763	0.61692	0.02583	0.02110	0.01956	0.01572	0.00747	0.00571	0.00187	0.00479	0.00611	0.00571	0.00903
26	0.02102	0.02682	0.01595	0.01450	0.01740	0.77963	0.01087	0.02247	0.01595	0.01377	0.00870	0.01015	0.00725	0.00580	0.00507	0.00145	0.01015	0.00362	0.00290	0.00652
27	0.00710	0.00546	0.00650	0.00679	0.00802	0.00486	0.00488	0.00874	0.01307	0.01708	0.25461	0.28981	0.32375	0.01454	0.00682	0.00199	0.00293	0.01271	0.00551	0.00486
28	0.02372	0.00948	0.01273	0.00991	0.01404	0.00837	0.00813	0.02658	0.05136	0.69240	0.06490	0.02056	0.01634	0.00726	0.00572	0.00175	0.00465	0.00595	0.00686	0.00930
29	0.02139	0.01576	0.01689	0.01295	0.01745	0.01745	0.01070	0.74835	0.02646	0.03547	0.01351	0.01351	0.00957	0.00676	0.00563	0.00169	0.00619	0.00507	0.00563	0.00957
30	0.84197	0.01088	0.00827	0.00740	0.01088	0.01262	0.00609	0.01654	0.00958	0.02525	0.00784	0.00914	0.00609	0.00522	0.00348	0.00174	0.00435	0.00305	0.00348	0.00609
31	0.00742	0.00565	0.00682	0.00671	0.00812	0.00505	0.00496	0.00949	0.01437	0.01929	0.45477	0.12553	0.28527	0.01305	0.00670	0.00187	0.00278	0.01135	0.00577	0.00505
32	0.02022	0.01431	0.01543	0.01204	0.01618	0.01571	0.00988	0.60436	0.06776	0.07220	0.01494	0.01490	0.01067	0.00680	0.00549	0.00167	0.00571	0.00519	0.07740	0.00916
33	0.00796	0.00575	0.00752	0.00708	0.00841	0.00531	0.00531	0.01062	0.01593	0.02257	0.76415	0.04204	0.05310	0.01150	0.00664	0.00177	0.00265	0.01018	0.00619	0.00531
34	0.84197	0.01088	0.00827	0.00740	0.01088	0.01262	0.00609	0.01654	0.00958	0.02525	0.00784	0.00914	0.00609	0.00522	0.00348	0.00174	0.00435	0.00305	0.00348	0.00609
35	0.00681	0.00568	0.00594	0.00594	0.00771	0.00481	0.00443	0.00835	0.01309	0.01599	0.13478	0.08162	0.65739	0.01408	0.00667	0.00190	0.00284	0.01185	0.00533	0.00481
36	0.02347	0.00949	0.01246	0.00968	0.01373	0.00850	0.00796	0.06847	0.01627	0.64878	0.02129	0.01901	0.01373	0.00691	0.00548	0.00169	0.00464	0.00558	0.09375	0.00912
37	0.84197	0.01088	0.00827	0.00740	0.01088	0.01262	0.00609	0.01654	0.00958	0.02525	0.00784	0.00914	0.00609	0.00522	0.00348	0.00174	0.00435	0.00305	0.00348	0.00609
38	0.02139	0.01576	0.01689	0.01295	0.01745	0.01745	0.01070	0.74835	0.02646	0.03547	0.01351	0.01351	0.00957	0.00676	0.00563	0.00169	0.00619	0.00507	0.00563	0.00957
39	0.07015	0.01494	0.01605	0.01237	0.01680	0.01638	0.01022	0.64313	0.02457	0.09816	0.01392	0.01374	0.00974	0.00668	0.00551	0.00170	0.00596	0.00500	0.00562	0.00937
40	0.01089	0.00536	0.00545	0.00537	0.00677	0.00533	0.00405	0.01350	0.01192	0.04109	0.01846	0.02093	0.01441	0.00657	0.00398	0.00132	0.00268	0.00526	0.81131	0.00536
41	0.01967	0.00834	0.01127	0.00907	0.01244	0.00732	0.00732	0.02200	0.01605	0.52934	0.26178	0.02654	0.02658	0.00843	0.00598	0.00175	0.00410	0.00712	0.00672	0.00820
42	0.00686	0.00499	0.00648	0.00761	0.00812	0.00461	0.00514	0.00793	0.01110	0.01465	0.05160	0.70910	0.10678	0.01716	0.00712	0.00224	0.00321	0.01546	0.00525	0.00461
43	0.11252	0.01037	0.01295	0.01004	0.01432	0.00970	0.00829	0.10202	0.01649	0.61366	0.01975	0.01749	0.01263	0.00676	0.00542	0.00174	0.00489	0.00532	0.00645	0.00920
44	0.01505	0.80561	0.02949	0.00963	0.01444	0.02227	0.00963	0.01685	0.01143	0.01324	0.00782	0.00903	0.00722	0.00481	0.00361	0.00120	0.00602	0.00301	0.00241	0.00722
45	0.02525	0.00958	0.01306	0.01001	0.01437	0.00827	0.00827	0.02743	0.01611	0.77102	0.02220	0.01915	0.01393	0.00697	0.00566	0.00174	0.00479	0.00566	0.00697	0.00958
46	0.01328	0.01518	0.03321	0.02372	0.02941	0.01423	0.74668	0.01803	0.01328	0.01803	0.01139	0.01518	0.00854	0.00474	0.00664	0.00190	0.00949	0.00664	0.00285	0.00759
47	0.01843	0.36446	0.02182	0.01239	0.01612	0.45128	0.01033	0.02004	0.01399	0.01354	0.00832	0.00966	0.00724	0.00537	0.00444	0.00134	0.00836	0.00336	0.00269	0.00683
48	0.20200	0.03090	0.01331	0.01151	0.07883	0.01038	0.00855	0.05604	0.01428	0.40931	0.01599	0.01519	0.01081	0.00606	0.00496	0.00162	0.00489	0.00469	0.00528	0.09540
49	0.02118	0.01483	0.01556	0.01230	0.01650	0.06528	0.01001	0.47107	0.11598	0.17430	0.01606	0.01532	0.01122	0.00684	0.00561	0.00171	0.00596	0.00525	0.00572	0.00929
50	0.00686	0.00490	0.00653	0.00784	0.00816	0.00457	0.00522	0.00784	0.01077	0.01437	0.03102	0.79855	0.03722	0.01763	0.00718	0.00229	0.00326	0.01600	0.00522	0.00457
51	0.00813	0.00567	0.00723	0.00723	0.00760	0.00605	0.00477	0.00888	0.00851	0.01172	0.01674	0.03131	0.01806	0.51740	0.31019	0.00680	0.00906	0.00738	0.00326	0.00402
52	0.01076	0.00732	0.00910	0.00804	0.00996	0.00711	0.00620	0.11059	0.01735	0.06734	0.62075	0.03689	0.04501	0.01061	0.00645	0.00176	0.00325	0.00923	0.00616	0.00613
53	0.01374	0.01290	0.02048	0.02909	0.59814	0.01295	0.01520	0.01874	0.11526	0.01909	0.01223	0.01471	0.01000	0.00530	0.00547	0.00163	0.00616	0.00505	0.00324	0.08060
54	0.00692	0.00571	0.00613	0.00638	0.00808	0.00492	0.00486	0.00843	0.01266	0.01530	0.05190	0.11961	0.62484	0.01468	0.00682	0.00201	0.00313	0.08763	0.00522	0.00478
55	0.00686	0.00490	0.00653	0.00784	0.00816	0.00457	0.00522	0.00784	0.01077	0.01437	0.03102	0.79855	0.03722	0.01763	0.00718	0.00229	0.00326	0.01600	0.00522	0.00457
56	0.00667	0.00563	0.00577	0.00589	0.00765	0.00474	0.00436	0.00806	0.01265	0.01513	0.05476	0.11863	0.70182	0.01455	0.00670	0.00193	0.00289	0.01223	0.00523	0.00474
57	0.00953	0.00651	0.00829	0.00753	0.00920	0.00614	0.00574	0.05379	0.01648	0.05879	0.67188	0.03954	0.06261	0.01107	0.00653	0.00177	0.00296	0.00970	0.00618	0.00575
58	0.01150	0.02765	0.69531	0.01685	0.02489	0.01319	0.09708	0.01784	0.01203	0.01784	0.01023	0.01223	0.00728	0.00528	0.00548	0.00179	0.00844	0.00442	0.00243	0.00824
59	0.00676	0.00571	0.00586	0.00582	0.00767	0.00480	0.00437	0.00830	0.01310	0.01584	0.11825	0.05311	0.70320	0.01401	0.00665	0.00189	0.00283	0.01173	0.00531	0.00480
60	0.00818	0.00546	0.00614	0.00614	0.00614	0.00546	0.00341	0.00818	0.00818	0.01091	0.01773	0.03683	0.02046	0.80222	0.02864	0.00546	0.00546	0.00818	0.00341	0.00341
61	0.14418	0.00977	0.01236	0.00963	0.01386	0.00891	0.00795	0.02584	0.01516	0.66242	0.02011	0.01770	0.01279	0.00671	0.00534	0.00174	0.00473	0.00528	0.00646	0.00907
62	0.02139	0.01576	0.01689	0.01295	0.01745	0.01745	0.01070	0.74835	0.02646	0.03547	0.01351	0.01351	0.00957	0.00676	0.00563	0.00169	0.00619	0.00507	0.00563	0.00957
63	0.02525	0.00958	0.01306	0.01001	0.01437	0.00827	0.00827	0.02743	0.01611	0.77102	0.02220	0.01915	0.01393	0.00697	0.00566	0.00174	0.00479	0.00566	0.00697	0.00958
64	0.00684	0.00497	0.00646	0.00765	0.00811	0.00459	0.00514	0.00786	0.01095	0.01444	0.03327	0.73408	0.10023	0.01734	0.00714	0.00225	0.00323	0.01564	0.00522	0.00459
65	0.84197	0.01088	0.00827	0.00740	0.01088	0.01262	0.00609	0.01654	0.00958	0.02525	0.00784	0.00914	0.00609	0.00522	0.00348	0.00174	0.00435	0.00305	0.00348	0.00609
66	0.00667	0.00563	0.00577	0.00589	0.00765	0.00474	0.00436	0.00806	0.01265	0.01513	0.05476	0.11863	0.70182	0.01455	0.00670	0.00193	0.00289	0.01223	0.00523	0.00474
67	0.00817	0.00552	0.00644	0.00644	0.00655	0.00562	0.00379	0.00838	0.00827	0.01114	0.01745	0.03528	0.01979	0.72235	0.10760	0.00583	0.00647	0.00796	0.00337	0.00358
68	0.84197	0.01088	0.00827	0.00740	0.01088	0.01262	0.00609	0.01654	0.00958	0.02525	0.00784	0.00914	0.00609	0.00522	0.00348	0.00174	0.00435	0.00305	0.00348	0.00609
69	0.00717	0.00560	0.00650	0.00653	0.00799	0.00493	0.00480	0.00899	0.01369	0.01784	0.31823	0.15801	0.39215	0.01371	0.00672	0.00191	0.00284	0.01184	0.00559	0.00493
70	0.00665	0.00570	0.00570	0.00570	0.00760	0.00475	0.00428	0.00808	0.01283	0.01520	0.05701	0.05416	0.76483	0.01425	0.00665	0.00190	0.00285	0.01188	0.00523	0.00475
71	0.00789	0.00575	0.00742	0.00700	0.00836	0.00528	0.00525	0.01047	0.01575	0.02214	0.72349	0.04273	0.09403	0.01166	0.00664	0.00178	0.00267	0.01028	0.00614	0.00528
72	0.77091	0.01131	0.00902	0.00788	0.01145	0.01304	0.00649	0.07992	0.01104	0.02613	0.00833	0.00952	0.00640	0.00536	0.00367	0.00174	0.00451	0.00322	0.00367	0.00640

[dist]
# distance from previous block
# <min> <max>
2	5

[block]
# block no. 3 follows, 42 sequences, length 7
# corresponding to MSA columns:
# 232-238
name=unknown_D
#
# <colnr> <probs for GDERKNQSTAVLIFYWHMCP>
#	G	D	E	R	K	N	Q	S	T	A	V	L	I	F	Y	W	H	M	C	P
0	0.01111	0.01184	0.05526	0.01890	0.13481	0.01057	0.31116	0.01459	0.01292	0.01749	0.06085	0.11361	0.08855	0.00894	0.00663	0.00199	0.00675	0.10348	0.00379	0.00678
1	0.01697	0.01271	0.01375	0.01126	0.01474	0.01382	0.00902	0.49606	0.08256	0.02907	0.02164	0.13930	0.09540	0.00930	0.00599	0.00182	0.00524	0.00759	0.00553	0.00823
2	0.10745	0.14401	0.01863	0.01375	0.01723	0.51803	0.07058	0.02061	0.01435	0.01527	0.00869	0.01028	0.00723	0.00550	0.00481	0.00148	0.00884	0.00372	0.00288	0.00667
3	0.01735	0.10977	0.01768	0.01312	0.01665	0.24894	0.08849	0.08268	0.12969	0.10146	0.03381	0.05395	0.01358	0.00722	0.00555	0.00169	0.00704	0.03957	0.00425	0.00750
4	0.09804	0.00967	0.01151	0.00937	0.01300	0.00947	0.00759	0.05382	0.12926	0.44034	0.02001	0.01855	0.01359	0.00683	0.00520	0.00170	0.00442	0.00543	0.13371	0.00848
5	0.06537	0.12621	0.09805	0.01378	0.01831	0.04920	0.15377	0.13155	0.08395	0.09645	0.01331	0.01481	0.01010	0.00971	0.08836	0.00248	0.00775	0.00509	0.00391	0.00783
6	0.00817	0.00550	0.00638	0.00638	0.00646	0.00559	0.00371	0.00834	0.00825	0.01109	0.01751	0.03561	0.01993	0.73940	0.09075	0.00575	0.00625	0.00801	0.00338	0.00354

[dist]
# distance from previous block
# <min> <max>
0	10

# created by:
# /home/berkeley/.conda/envs/busco_data_prod/bin/msa2prfl.pl pipeline/OGs_align_augustus/33634/155806.fs
