[name]
unknown

[dist]
# distance from previous block
# <min> <max>
0	188

[block]
# block no. 0 follows, 42 sequences, length 37
# corresponding to MSA columns:
# 256-292
name=unknown_A
#
# <colnr> <probs for GDERKNQSTAVLIFYWHMCP>
#	G	D	E	R	K	N	Q	S	T	A	V	L	I	F	Y	W	H	M	C	P
0	0.01190	0.01014	0.01313	0.01151	0.01300	0.01225	0.00933	0.10995	0.05266	0.01784	0.05554	0.04336	0.02931	0.03603	0.17091	0.00361	0.29313	0.04288	0.00373	0.05980
1	0.01451	0.00824	0.01065	0.01039	0.05993	0.00774	0.00742	0.08707	0.01449	0.22737	0.06269	0.24418	0.06292	0.01056	0.00602	0.00184	0.00419	0.03097	0.07614	0.05269
2	0.07821	0.01026	0.01219	0.10169	0.01631	0.00883	0.00782	0.03802	0.01193	0.01897	0.00994	0.01193	0.00810	0.00451	0.00433	0.00106	0.00465	0.00357	0.00332	0.64437
3	0.01513	0.01845	0.26220	0.03045	0.15281	0.01340	0.03573	0.20542	0.03756	0.05525	0.01198	0.01336	0.00885	0.00563	0.00538	0.00163	0.00672	0.00466	0.00371	0.11169
4	0.01461	0.03967	0.01365	0.07477	0.10408	0.01066	0.00916	0.18818	0.03327	0.07660	0.01201	0.01566	0.00986	0.01181	0.01244	0.35315	0.00565	0.00498	0.00368	0.00612
5	0.00986	0.00654	0.00869	0.00890	0.01037	0.00629	0.00706	0.01202	0.03535	0.06423	0.10018	0.16021	0.04693	0.05369	0.05115	0.06699	0.00499	0.28291	0.00489	0.05876
6	0.01145	0.01018	0.06263	0.10243	0.05978	0.00958	0.07828	0.05089	0.01288	0.08064	0.09727	0.27508	0.03522	0.01071	0.00745	0.00201	0.07329	0.00941	0.00439	0.00643
7	0.01311	0.00976	0.01164	0.00852	0.01326	0.00748	0.00681	0.01552	0.01217	0.10816	0.01225	0.04225	0.01009	0.00501	0.00446	0.00100	0.00421	0.00409	0.00384	0.70637
8	0.00797	0.00592	0.00872	0.00881	0.00971	0.00679	0.00672	0.00980	0.00911	0.01303	0.01625	0.07295	0.01591	0.08250	0.68873	0.00841	0.01378	0.00679	0.00318	0.00491
9	0.08039	0.00744	0.00893	0.00794	0.01059	0.00673	0.00623	0.01606	0.01366	0.29286	0.07724	0.14375	0.26144	0.01123	0.00614	0.00190	0.00380	0.03126	0.00578	0.00664
10	0.01381	0.01245	0.02367	0.19968	0.09915	0.01283	0.33113	0.01751	0.01258	0.10667	0.01223	0.01569	0.00921	0.00760	0.04893	0.00228	0.05809	0.00584	0.00324	0.00741
11	0.00701	0.00513	0.00662	0.00770	0.00832	0.00474	0.00535	0.00821	0.01136	0.01493	0.06081	0.63192	0.12780	0.01686	0.00713	0.00224	0.00331	0.06063	0.00526	0.00466
12	0.02422	0.01123	0.01408	0.01080	0.01519	0.01072	0.00892	0.21975	0.01887	0.57480	0.01988	0.01765	0.01277	0.00691	0.00565	0.00173	0.00516	0.00550	0.00661	0.00958
13	0.01063	0.01000	0.01688	0.78870	0.03876	0.01250	0.01563	0.01438	0.01125	0.01438	0.01000	0.01500	0.00750	0.00563	0.00563	0.00188	0.00750	0.00500	0.00250	0.00625
14	0.00819	0.00575	0.00698	0.00723	0.00863	0.00514	0.00537	0.00985	0.01299	0.05813	0.17948	0.27424	0.30946	0.01445	0.00685	0.00204	0.00324	0.07140	0.00550	0.00510
15	0.01741	0.49740	0.02413	0.01156	0.01561	0.32199	0.01012	0.01908	0.01322	0.01345	0.00817	0.00947	0.00723	0.00520	0.00419	0.00130	0.00765	0.00325	0.00260	0.00695
16	0.01272	0.01115	0.01871	0.47608	0.29065	0.01253	0.01573	0.01623	0.01211	0.06453	0.01099	0.01490	0.00841	0.00550	0.00561	0.00180	0.00704	0.00505	0.00289	0.00739
17	0.01167	0.01000	0.01167	0.00834	0.01334	0.00750	0.00667	0.01417	0.01167	0.01834	0.01000	0.01167	0.00834	0.00417	0.00417	0.00083	0.00417	0.00333	0.00333	0.83663
18	0.03662	0.00900	0.05162	0.00841	0.01190	0.00712	0.00717	0.01823	0.01429	0.38322	0.03628	0.03369	0.33908	0.00999	0.00602	0.00181	0.00413	0.00821	0.00587	0.00733
19	0.77533	0.01081	0.00854	0.00748	0.01108	0.01221	0.00614	0.01635	0.00975	0.02469	0.00801	0.00934	0.00627	0.00514	0.00354	0.00167	0.00434	0.00307	0.00347	0.07276
20	0.01373	0.01186	0.01247	0.01124	0.01438	0.01366	0.00874	0.02911	0.72991	0.02324	0.02414	0.02220	0.04435	0.00788	0.00576	0.00191	0.00440	0.00656	0.00571	0.00876
21	0.00824	0.00545	0.00742	0.00783	0.00826	0.00562	0.00548	0.00869	0.00922	0.01250	0.01957	0.20296	0.02163	0.21977	0.20229	0.16846	0.00715	0.07175	0.00369	0.00403
22	0.00764	0.00546	0.00743	0.00874	0.00941	0.00525	0.00659	0.00920	0.01155	0.01525	0.03058	0.53681	0.03550	0.01689	0.00739	0.00239	0.00395	0.26996	0.00521	0.00479
23	0.00693	0.00495	0.00659	0.00779	0.00818	0.00462	0.00523	0.00801	0.01110	0.01489	0.07764	0.75044	0.03823	0.01724	0.00715	0.00225	0.00323	0.01563	0.00529	0.00462
24	0.00700	0.00501	0.00671	0.00785	0.00825	0.00477	0.00530	0.00807	0.01077	0.01446	0.05255	0.70769	0.03584	0.03679	0.05744	0.00278	0.00406	0.01500	0.00507	0.00460
25	0.00968	0.00571	0.00825	0.00812	0.00815	0.00621	0.00564	0.00809	0.00785	0.01068	0.01198	0.09317	0.01272	0.05820	0.02052	0.62395	0.08909	0.00613	0.00276	0.00310
26	0.01167	0.01000	0.01167	0.00834	0.01334	0.00750	0.00667	0.01417	0.01167	0.01834	0.01000	0.01167	0.00834	0.00417	0.00417	0.00083	0.00417	0.00333	0.00333	0.83663
27	0.21585	0.00705	0.00645	0.00615	0.00811	0.00760	0.00477	0.01498	0.05650	0.02219	0.01604	0.01806	0.01254	0.00629	0.00393	0.00145	0.00316	0.00477	0.57843	0.00568
28	0.01022	0.00586	0.00750	0.00729	0.00808	0.00570	0.00490	0.01053	0.00982	0.10272	0.03739	0.12534	0.06056	0.34813	0.09342	0.14002	0.00574	0.00835	0.00403	0.00441
29	0.00978	0.00489	0.00733	0.00733	0.00733	0.00489	0.00489	0.00733	0.00733	0.00978	0.00978	0.01711	0.00978	0.01955	0.02199	0.83627	0.00489	0.00489	0.00244	0.00244
30	0.07358	0.01545	0.01634	0.01260	0.01703	0.01715	0.01040	0.70181	0.02539	0.03482	0.01315	0.01323	0.00935	0.00666	0.00549	0.00169	0.00608	0.00494	0.00549	0.00935
31	0.01009	0.00822	0.00873	0.00826	0.01059	0.00842	0.00628	0.01710	0.30066	0.04193	0.04028	0.11027	0.38367	0.01178	0.00631	0.00193	0.00357	0.00994	0.00547	0.00649
32	0.05053	0.01093	0.01343	0.01040	0.01460	0.01055	0.00857	0.20658	0.01825	0.52164	0.01934	0.01751	0.01261	0.00683	0.00549	0.00170	0.00501	0.00540	0.05140	0.00922
33	0.00741	0.00529	0.00716	0.00847	0.00903	0.00505	0.00618	0.00879	0.01132	0.01498	0.03071	0.61554	0.03602	0.01711	0.00733	0.00236	0.00374	0.19357	0.00521	0.00472
34	0.02431	0.00938	0.01284	0.00996	0.01413	0.00820	0.00820	0.02648	0.01572	0.72985	0.02181	0.01932	0.01394	0.00888	0.04771	0.00214	0.00535	0.00568	0.00675	0.00933
35	0.02411	0.01020	0.01330	0.01033	0.01460	0.00935	0.00849	0.07730	0.07424	0.66240	0.02166	0.01891	0.01388	0.00700	0.00566	0.00175	0.00486	0.00567	0.00678	0.00952
36	0.07144	0.01173	0.03764	0.00956	0.01434	0.01008	0.00798	0.13614	0.05675	0.06831	0.01192	0.01280	0.00919	0.00507	0.00458	0.00118	0.00470	0.00394	0.00405	0.51859

[dist]
# distance from previous block
# <min> <max>
1	24

[block]
# block no. 1 follows, 42 sequences, length 53
# corresponding to MSA columns:
# 317-369
name=unknown_B
#
# <colnr> <probs for GDERKNQSTAVLIFYWHMCP>
#	G	D	E	R	K	N	Q	S	T	A	V	L	I	F	Y	W	H	M	C	P
0	0.68212	0.04802	0.03066	0.00835	0.01180	0.01328	0.00713	0.04700	0.01042	0.02404	0.00878	0.03224	0.00728	0.00586	0.00447	0.00177	0.04335	0.00363	0.00349	0.00631
1	0.01665	0.01183	0.04952	0.01278	0.01616	0.01174	0.10283	0.09000	0.10364	0.23789	0.06871	0.02081	0.01554	0.00783	0.00784	0.00191	0.12743	0.04154	0.04742	0.00793
2	0.00878	0.00577	0.00733	0.00769	0.00869	0.00525	0.00529	0.00989	0.01106	0.06825	0.04403	0.49480	0.06691	0.14257	0.01032	0.00264	0.00380	0.02978	0.00494	0.06220
3	0.04662	0.01004	0.01153	0.00830	0.01323	0.00772	0.00664	0.01427	0.01158	0.01863	0.00991	0.01156	0.00824	0.00421	0.00414	0.00087	0.00418	0.00332	0.00334	0.80166
4	0.01585	0.70394	0.02782	0.01012	0.01483	0.05111	0.00977	0.08335	0.01297	0.01527	0.00837	0.00948	0.00744	0.00503	0.00385	0.00126	0.00619	0.00322	0.00272	0.00741
5	0.02862	0.00727	0.00898	0.00806	0.01046	0.00623	0.00601	0.01211	0.01158	0.08312	0.05468	0.27605	0.05646	0.04416	0.02416	0.04654	0.00416	0.03177	0.00450	0.27506
6	0.11466	0.01316	0.04725	0.02156	0.34067	0.01302	0.04655	0.10719	0.05675	0.10084	0.01283	0.01532	0.01010	0.04500	0.00690	0.00193	0.02902	0.00513	0.00383	0.00829
7	0.00720	0.00522	0.00686	0.00808	0.00854	0.00498	0.00553	0.00877	0.03638	0.01479	0.03068	0.73818	0.03631	0.01719	0.00716	0.00229	0.00339	0.04846	0.00524	0.00475
8	0.00824	0.00531	0.00686	0.00777	0.00853	0.00497	0.00550	0.00960	0.01140	0.04908	0.03037	0.58592	0.06681	0.01565	0.00679	0.00217	0.00340	0.07325	0.09345	0.00493
9	0.09219	0.00974	0.01232	0.00988	0.01379	0.00910	0.00812	0.06028	0.04985	0.56165	0.04324	0.03766	0.01577	0.00762	0.00564	0.00180	0.00473	0.04142	0.00640	0.00880
10	0.00783	0.00518	0.00684	0.00786	0.00847	0.00478	0.00534	0.00889	0.01115	0.05482	0.03171	0.72370	0.06845	0.01691	0.00708	0.00224	0.00333	0.01526	0.00532	0.00485
11	0.00818	0.00546	0.00614	0.00614	0.00614	0.00546	0.00341	0.00818	0.00818	0.01091	0.01773	0.03683	0.02046	0.80222	0.02864	0.00546	0.00546	0.00818	0.00341	0.00341
12	0.47621	0.01063	0.01047	0.00874	0.01253	0.01131	0.00717	0.03761	0.06837	0.28591	0.01411	0.01363	0.00974	0.00605	0.00446	0.00175	0.00455	0.00425	0.00492	0.00760
13	0.01311	0.00948	0.01065	0.00947	0.01222	0.01003	0.00737	0.03797	0.37067	0.11502	0.20136	0.03019	0.12988	0.00937	0.00606	0.00185	0.00389	0.00792	0.00592	0.00758
14	0.84197	0.01088	0.00827	0.00740	0.01088	0.01262	0.00609	0.01654	0.00958	0.02525	0.00784	0.00914	0.00609	0.00522	0.00348	0.00174	0.00435	0.00305	0.00348	0.00609
15	0.02359	0.01141	0.01409	0.01089	0.01523	0.01109	0.00897	0.22506	0.05851	0.52958	0.01986	0.01771	0.01291	0.00694	0.00565	0.00174	0.00516	0.00553	0.00653	0.00954
16	0.00778	0.00538	0.00640	0.00663	0.00698	0.00520	0.00412	0.00844	0.01006	0.01351	0.12550	0.21037	0.06539	0.47735	0.01968	0.00406	0.00445	0.01040	0.00429	0.00400
17	0.00937	0.00638	0.00737	0.00698	0.00893	0.00571	0.00528	0.01186	0.05042	0.09897	0.22750	0.10988	0.40491	0.01274	0.00654	0.00188	0.00313	0.01086	0.00568	0.00560
18	0.00907	0.00648	0.00907	0.01036	0.01166	0.00648	0.00907	0.01166	0.01296	0.01684	0.02980	0.06348	0.03239	0.01555	0.00777	0.00259	0.00518	0.72924	0.00518	0.00518
19	0.01063	0.01000	0.01688	0.78870	0.03876	0.01250	0.01563	0.01438	0.01125	0.01438	0.01000	0.01500	0.00750	0.00563	0.00563	0.00188	0.00750	0.00500	0.00250	0.00625
20	0.46476	0.01313	0.01223	0.00995	0.01390	0.01484	0.00821	0.35295	0.01734	0.02995	0.01044	0.01115	0.00769	0.00593	0.00447	0.00172	0.00520	0.00398	0.00447	0.00769
21	0.02525	0.00958	0.01306	0.01001	0.01437	0.00827	0.00827	0.02743	0.01611	0.77102	0.02220	0.01915	0.01393	0.00697	0.00566	0.00174	0.00479	0.00566	0.00697	0.00958
22	0.84197	0.01088	0.00827	0.00740	0.01088	0.01262	0.00609	0.01654	0.00958	0.02525	0.00784	0.00914	0.00609	0.00522	0.00348	0.00174	0.00435	0.00305	0.00348	0.00609
23	0.01049	0.00525	0.00525	0.00525	0.00656	0.00525	0.00393	0.01311	0.01180	0.02098	0.01836	0.02098	0.01442	0.00656	0.00393	0.00131	0.00262	0.00525	0.83346	0.00525
24	0.01367	0.01164	0.01223	0.01105	0.01412	0.01340	0.00858	0.02865	0.70694	0.02322	0.02357	0.02183	0.03579	0.00776	0.00567	0.00188	0.00434	0.00645	0.04056	0.00865
25	0.00681	0.00571	0.00592	0.00586	0.00770	0.00482	0.00440	0.00838	0.01319	0.01607	0.14033	0.05273	0.68097	0.01393	0.00665	0.00188	0.00283	0.01168	0.00534	0.00482
26	0.02102	0.02682	0.01595	0.01450	0.01740	0.77963	0.01087	0.02247	0.01595	0.01377	0.00870	0.01015	0.00725	0.00580	0.00507	0.00145	0.01015	0.00362	0.00290	0.00652
27	0.01505	0.80561	0.02949	0.00963	0.01444	0.02227	0.00963	0.01685	0.01143	0.01324	0.00782	0.00903	0.00722	0.00481	0.00361	0.00120	0.00602	0.00301	0.00241	0.00722
28	0.00839	0.00603	0.00818	0.00935	0.01041	0.00590	0.00769	0.01044	0.01227	0.01595	0.03123	0.22918	0.07656	0.04635	0.00838	0.00259	0.00462	0.49641	0.00513	0.00495
29	0.00960	0.00489	0.00728	0.00736	0.00738	0.00487	0.00491	0.00736	0.00754	0.01006	0.01108	0.06502	0.01146	0.01943	0.02109	0.78513	0.00479	0.00557	0.00261	0.00257
30	0.01505	0.80561	0.02949	0.00963	0.01444	0.02227	0.00963	0.01685	0.01143	0.01324	0.00782	0.00903	0.00722	0.00481	0.00361	0.00120	0.00602	0.00301	0.00241	0.00722
31	0.01362	0.01150	0.01845	0.30502	0.34830	0.01244	0.01475	0.06692	0.01344	0.06488	0.03388	0.01574	0.01029	0.00574	0.00556	0.00174	0.00654	0.00522	0.03821	0.00777
32	0.04342	0.59043	0.07898	0.01264	0.08326	0.08102	0.01108	0.01740	0.01189	0.01448	0.00830	0.00976	0.00733	0.00496	0.00402	0.00132	0.00651	0.00332	0.00252	0.00736
33	0.00787	0.00549	0.00650	0.00658	0.00702	0.00537	0.00415	0.00858	0.00997	0.01337	0.12488	0.12191	0.08842	0.49819	0.06441	0.00451	0.00516	0.00950	0.00412	0.00400
34	0.01505	0.80561	0.02949	0.00963	0.01444	0.02227	0.00963	0.01685	0.01143	0.01324	0.00782	0.00903	0.00722	0.00481	0.00361	0.00120	0.00602	0.00301	0.00241	0.00722
35	0.07285	0.01235	0.02036	0.15097	0.48254	0.01269	0.05120	0.01784	0.01270	0.09595	0.01154	0.01437	0.00899	0.00532	0.00549	0.00173	0.00659	0.00502	0.00322	0.00829
36	0.01386	0.01491	0.06897	0.10048	0.24965	0.07157	0.23259	0.03564	0.01326	0.04151	0.01244	0.03644	0.01047	0.00618	0.00637	0.00184	0.03030	0.04270	0.00314	0.00769
37	0.00796	0.00575	0.00752	0.00708	0.00841	0.00531	0.00531	0.01062	0.01593	0.02257	0.76415	0.04204	0.05310	0.01150	0.00664	0.00177	0.00265	0.01018	0.00619	0.00531
38	0.01516	0.02238	0.49004	0.01523	0.05020	0.01213	0.03519	0.04084	0.04624	0.19785	0.01369	0.01422	0.00936	0.00584	0.00549	0.00177	0.00721	0.00473	0.00373	0.00868
39	0.01063	0.01000	0.01688	0.78870	0.03876	0.01250	0.01563	0.01438	0.01125	0.01438	0.01000	0.01500	0.00750	0.00563	0.00563	0.00188	0.00750	0.00500	0.00250	0.00625
40	0.01400	0.01209	0.01273	0.01145	0.01463	0.01400	0.00891	0.02990	0.75695	0.02354	0.02291	0.02100	0.01718	0.00764	0.00573	0.00191	0.00445	0.00636	0.00573	0.00891
41	0.01811	0.01865	0.01787	0.11474	0.22876	0.33955	0.01304	0.09373	0.01557	0.07157	0.01084	0.01278	0.00846	0.00574	0.00538	0.00161	0.00807	0.00447	0.00339	0.00768
42	0.01445	0.08019	0.04518	0.02058	0.18268	0.07250	0.23310	0.06061	0.12531	0.01891	0.01298	0.01630	0.01053	0.00612	0.00648	0.00180	0.04931	0.03160	0.00344	0.00793
43	0.01063	0.01000	0.01688	0.78870	0.03876	0.01250	0.01563	0.01438	0.01125	0.01438	0.01000	0.01500	0.00750	0.00563	0.00563	0.00188	0.00750	0.00500	0.00250	0.00625
44	0.01167	0.01000	0.01167	0.00834	0.01334	0.00750	0.00667	0.01417	0.01167	0.01834	0.01000	0.01167	0.00834	0.00417	0.00417	0.00083	0.00417	0.00333	0.00333	0.83663
45	0.00685	0.00494	0.00649	0.00772	0.00813	0.00458	0.00517	0.00785	0.01088	0.01441	0.03241	0.75879	0.07608	0.01745	0.00715	0.00226	0.00324	0.01578	0.00522	0.00458
46	0.02413	0.00960	0.01288	0.01000	0.01420	0.00849	0.00822	0.02706	0.05567	0.70881	0.04433	0.01993	0.01527	0.00714	0.00569	0.00175	0.00471	0.00583	0.00688	0.00941
47	0.06270	0.01360	0.01522	0.01177	0.01614	0.01442	0.00971	0.47974	0.04434	0.25009	0.01606	0.01517	0.01090	0.00677	0.00554	0.00171	0.00564	0.00518	0.00592	0.00938
48	0.73424	0.01263	0.02750	0.00895	0.03374	0.07229	0.00714	0.01706	0.01022	0.02398	0.00804	0.00942	0.00629	0.00527	0.00371	0.00172	0.00497	0.00318	0.00339	0.00626
49	0.01650	0.05445	0.20431	0.09331	0.15057	0.01185	0.03497	0.02046	0.03210	0.26566	0.01492	0.03639	0.01084	0.00629	0.00579	0.00176	0.02198	0.00529	0.00415	0.00843
50	0.00709	0.00519	0.00669	0.00758	0.00829	0.00478	0.00529	0.00844	0.01187	0.01576	0.13992	0.56570	0.12813	0.01624	0.00707	0.00218	0.00321	0.04649	0.00536	0.00473
51	0.10310	0.01342	0.01329	0.01148	0.01497	0.04979	0.00908	0.18104	0.48871	0.02581	0.01867	0.01766	0.01394	0.00711	0.00544	0.00182	0.00508	0.00561	0.00534	0.00864
52	0.00947	0.02518	0.01036	0.00930	0.01102	0.04163	0.02737	0.01234	0.05188	0.01584	0.13912	0.02706	0.04233	0.06229	0.39650	0.00556	0.00994	0.03894	0.00386	0.06000

[dist]
# distance from previous block
# <min> <max>
0	1

[block]
# block no. 2 follows, 42 sequences, length 14
# corresponding to MSA columns:
# 371-384
name=unknown_C
#
# <colnr> <probs for GDERKNQSTAVLIFYWHMCP>
#	G	D	E	R	K	N	Q	S	T	A	V	L	I	F	Y	W	H	M	C	P
0	0.04617	0.01279	0.06019	0.14683	0.03930	0.04468	0.09905	0.05851	0.06944	0.01881	0.01251	0.06135	0.01053	0.00593	0.00522	0.00150	0.00605	0.00521	0.00348	0.29247
1	0.01404	0.10605	0.07945	0.02082	0.02633	0.08291	0.55125	0.01828	0.01322	0.01710	0.01066	0.01383	0.00818	0.00488	0.00608	0.00177	0.00908	0.00580	0.00277	0.00750
2	0.09701	0.00955	0.01243	0.00967	0.01384	0.00855	0.00797	0.02584	0.01552	0.67707	0.04852	0.01912	0.01469	0.00698	0.00550	0.00174	0.00467	0.00560	0.00663	0.00911
3	0.00948	0.00604	0.00772	0.00762	0.00834	0.00614	0.00526	0.01077	0.10688	0.01367	0.08494	0.09267	0.07951	0.10474	0.01673	0.41985	0.00439	0.00745	0.00378	0.00402
4	0.17811	0.00991	0.01268	0.08576	0.09676	0.01010	0.00914	0.02064	0.07618	0.30025	0.10082	0.04482	0.01670	0.00721	0.00539	0.00178	0.00485	0.00593	0.00516	0.00781
5	0.00810	0.00537	0.00623	0.00638	0.00642	0.00533	0.00368	0.00811	0.00844	0.01125	0.01889	0.12169	0.02189	0.68062	0.02595	0.04048	0.00519	0.00892	0.00357	0.00350
6	0.00686	0.00490	0.00653	0.00784	0.00816	0.00457	0.00522	0.00784	0.01077	0.01437	0.03102	0.79855	0.03722	0.01763	0.00718	0.00229	0.00326	0.01600	0.00522	0.00457
7	0.44309	0.01025	0.01061	0.00868	0.01258	0.01050	0.00716	0.02186	0.01277	0.38948	0.01485	0.01403	0.00992	0.00607	0.00455	0.00174	0.00457	0.00432	0.00518	0.00780
8	0.16179	0.00766	0.00890	0.00804	0.01055	0.00729	0.00621	0.01594	0.01317	0.25608	0.11694	0.21152	0.13224	0.01082	0.00590	0.00190	0.00381	0.00912	0.00558	0.00654
9	0.01420	0.01525	0.03137	0.02251	0.02807	0.01459	0.66388	0.10019	0.01477	0.01999	0.01162	0.01499	0.00865	0.00497	0.00653	0.00187	0.00912	0.00646	0.00316	0.00781
10	0.00710	0.00497	0.00656	0.00780	0.00821	0.00467	0.00530	0.00822	0.01090	0.01476	0.03038	0.73615	0.03598	0.01704	0.00705	0.00225	0.00330	0.04080	0.04391	0.00462
11	0.01701	0.01306	0.01400	0.01164	0.01517	0.01457	0.00929	0.39576	0.28555	0.02874	0.01862	0.08609	0.01494	0.00803	0.00573	0.00180	0.00517	0.00651	0.03959	0.00871
12	0.08634	0.00882	0.01114	0.00913	0.01262	0.00809	0.00734	0.02265	0.04475	0.51351	0.04220	0.09917	0.05187	0.00836	0.00563	0.00179	0.00434	0.00690	0.04714	0.00822
13	0.78506	0.01079	0.00860	0.00758	0.01113	0.01232	0.00625	0.01730	0.01003	0.07722	0.00884	0.00984	0.00664	0.00535	0.00363	0.00174	0.00438	0.00323	0.00373	0.00634

[dist]
# distance from previous block
# <min> <max>
0	2

[block]
# block no. 3 follows, 42 sequences, length 7
# corresponding to MSA columns:
# 387-393
name=unknown_D
#
# <colnr> <probs for GDERKNQSTAVLIFYWHMCP>
#	G	D	E	R	K	N	Q	S	T	A	V	L	I	F	Y	W	H	M	C	P
0	0.00686	0.00490	0.00653	0.00784	0.00816	0.00457	0.00522	0.00784	0.01077	0.01437	0.03102	0.79855	0.03722	0.01763	0.00718	0.00229	0.00326	0.01600	0.00522	0.00457
1	0.55178	0.01084	0.01023	0.00853	0.01233	0.01171	0.00703	0.06972	0.01260	0.23967	0.01234	0.01231	0.00858	0.00583	0.00425	0.00174	0.00460	0.00393	0.00463	0.00733
2	0.00822	0.00566	0.00687	0.00656	0.00797	0.00522	0.00492	0.01069	0.01477	0.02125	0.53370	0.04009	0.14740	0.01103	0.00617	0.00171	0.00268	0.00956	0.15032	0.00522
3	0.01006	0.00571	0.00767	0.00822	0.00924	0.00522	0.00576	0.01125	0.01170	0.14632	0.02948	0.66263	0.03316	0.01577	0.00692	0.00219	0.00353	0.01420	0.00553	0.00544
4	0.00768	0.00567	0.00727	0.00806	0.00888	0.00546	0.00575	0.01005	0.05934	0.01662	0.15952	0.52658	0.06741	0.01562	0.00702	0.00218	0.00338	0.07306	0.00542	0.00503
5	0.01494	0.01442	0.02555	0.01846	0.02375	0.01383	0.44190	0.19174	0.01615	0.02225	0.01165	0.01417	0.00875	0.00512	0.00597	0.00166	0.00777	0.00569	0.00360	0.15264
6	0.00708	0.00503	0.00666	0.00789	0.00826	0.00474	0.00535	0.00809	0.01075	0.01431	0.03013	0.70624	0.03589	0.06553	0.00853	0.00250	0.00352	0.05984	0.00511	0.00454

[dist]
# distance from previous block
# <min> <max>
1	5

[block]
# block no. 4 follows, 42 sequences, length 39
# corresponding to MSA columns:
# 399-437
name=unknown_E
#
# <colnr> <probs for GDERKNQSTAVLIFYWHMCP>
#	G	D	E	R	K	N	Q	S	T	A	V	L	I	F	Y	W	H	M	C	P
0	0.04626	0.01059	0.12664	0.00949	0.01206	0.00815	0.00840	0.01269	0.07174	0.01510	0.02936	0.04917	0.05047	0.01313	0.02849	0.32582	0.03613	0.02343	0.00328	0.11960
1	0.00981	0.01109	0.14704	0.01062	0.01321	0.00892	0.02767	0.06891	0.01091	0.01553	0.01428	0.02117	0.01309	0.12150	0.47290	0.00657	0.01190	0.00589	0.00315	0.00584
2	0.01545	0.01086	0.01144	0.00965	0.01261	0.01196	0.00768	0.29416	0.19744	0.02706	0.01763	0.01817	0.01326	0.00689	0.00501	0.00160	0.00441	0.00545	0.32151	0.00776
3	0.00749	0.00558	0.00621	0.00616	0.00741	0.00502	0.00432	0.00868	0.01206	0.01554	0.17266	0.06458	0.40045	0.17944	0.01193	0.04259	0.00346	0.01035	0.03158	0.00447
4	0.18941	0.01006	0.01429	0.03343	0.10757	0.01001	0.07867	0.01905	0.01254	0.28520	0.01533	0.04662	0.01165	0.01047	0.07458	0.05738	0.00630	0.00550	0.00450	0.00743
5	0.00777	0.00517	0.00708	0.00811	0.00857	0.00495	0.00577	0.00838	0.01053	0.01392	0.02734	0.51452	0.04626	0.01758	0.01006	0.15975	0.00388	0.13138	0.00469	0.00427
6	0.84197	0.01088	0.00827	0.00740	0.01088	0.01262	0.00609	0.01654	0.00958	0.02525	0.00784	0.00914	0.00609	0.00522	0.00348	0.00174	0.00435	0.00305	0.00348	0.00609
7	0.01893	0.00885	0.01133	0.00937	0.01258	0.00830	0.00746	0.04244	0.09661	0.44683	0.11543	0.04525	0.02077	0.06581	0.00749	0.00206	0.00446	0.02921	0.03875	0.00808
8	0.02223	0.01188	0.01411	0.01102	0.01520	0.01201	0.00904	0.28726	0.08943	0.40621	0.01898	0.01736	0.01268	0.00694	0.00559	0.00172	0.00518	0.00550	0.03831	0.00934
9	0.02104	0.01472	0.01608	0.01240	0.01673	0.01604	0.01021	0.64864	0.02503	0.09828	0.05242	0.01545	0.01216	0.00702	0.00568	0.00170	0.00589	0.00538	0.00577	0.00935
10	0.00727	0.00520	0.00697	0.00809	0.00865	0.00490	0.00574	0.00864	0.01162	0.01559	0.11072	0.61902	0.03831	0.01669	0.00720	0.00227	0.00345	0.10960	0.00532	0.00473
11	0.13306	0.00969	0.01127	0.00869	0.01289	0.00843	0.00700	0.03327	0.01325	0.23951	0.06665	0.03729	0.01360	0.00607	0.00479	0.00135	0.00429	0.00483	0.00471	0.37936
12	0.00727	0.00520	0.00671	0.00758	0.00808	0.00484	0.00503	0.00826	0.01073	0.01448	0.06883	0.62424	0.03477	0.12502	0.01001	0.00264	0.00357	0.01416	0.00496	0.03363
13	0.00796	0.00575	0.00752	0.00708	0.00841	0.00531	0.00531	0.01062	0.01593	0.02257	0.76415	0.04204	0.05310	0.01150	0.00664	0.00177	0.00265	0.01018	0.00619	0.00531
14	0.15472	0.00852	0.01014	0.00852	0.01164	0.00806	0.00681	0.03646	0.01454	0.36162	0.16342	0.07942	0.09494	0.00898	0.00568	0.00180	0.00405	0.00739	0.00592	0.00737
15	0.01858	0.00899	0.01153	0.00979	0.01297	0.00852	0.00781	0.05705	0.10771	0.42602	0.07661	0.14911	0.02169	0.00955	0.00610	0.00190	0.00444	0.04718	0.00631	0.00814
16	0.00804	0.00603	0.00904	0.00904	0.01005	0.00703	0.00703	0.01005	0.00904	0.01306	0.01507	0.02211	0.01407	0.04221	0.77992	0.00904	0.01507	0.00603	0.00301	0.00502
17	0.01167	0.01000	0.01167	0.00834	0.01334	0.00750	0.00667	0.01417	0.01167	0.01834	0.01000	0.01167	0.00834	0.00417	0.00417	0.00083	0.00417	0.00333	0.00333	0.83663
18	0.00978	0.00675	0.00850	0.00878	0.01008	0.00692	0.00636	0.01371	0.14642	0.07626	0.02727	0.47034	0.04596	0.01827	0.11335	0.00310	0.00522	0.01195	0.00515	0.00582
19	0.01254	0.00762	0.01018	0.01041	0.01246	0.00758	0.00891	0.01642	0.08976	0.15595	0.02770	0.05099	0.02744	0.01316	0.00718	0.00237	0.00504	0.52237	0.00557	0.00637
20	0.01393	0.01337	0.02284	0.03454	0.76712	0.01337	0.01727	0.01727	0.01281	0.01839	0.01059	0.01393	0.00891	0.00501	0.00557	0.00167	0.00669	0.00501	0.00279	0.00891
21	0.01063	0.01000	0.01688	0.78870	0.03876	0.01250	0.01563	0.01438	0.01125	0.01438	0.01000	0.01500	0.00750	0.00563	0.00563	0.00188	0.00750	0.00500	0.00250	0.00625
22	0.00817	0.00563	0.00716	0.00703	0.00784	0.00562	0.00492	0.00938	0.01109	0.01540	0.23588	0.03467	0.09416	0.25363	0.17270	0.07176	0.00623	0.00827	0.03607	0.00440
23	0.01264	0.01066	0.01133	0.01040	0.01299	0.01211	0.00787	0.02528	0.59847	0.02120	0.02391	0.06651	0.04490	0.10570	0.00864	0.00236	0.00446	0.00730	0.00540	0.00785
24	0.04086	0.12510	0.01304	0.03972	0.01258	0.06506	0.00765	0.01355	0.01056	0.05886	0.01291	0.01812	0.01166	0.08044	0.32883	0.04483	0.00970	0.00505	0.00319	0.09830
25	0.00926	0.00533	0.00793	0.00805	0.00843	0.00559	0.00583	0.00843	0.00830	0.01128	0.01301	0.02273	0.01300	0.02498	0.21491	0.54612	0.00753	0.07307	0.00285	0.00336
26	0.01167	0.01000	0.01167	0.00834	0.01334	0.00750	0.00667	0.01417	0.01167	0.01834	0.01000	0.01167	0.00834	0.00417	0.00417	0.00083	0.00417	0.00333	0.00333	0.83663
27	0.01328	0.01518	0.03321	0.02372	0.02941	0.01423	0.74668	0.01803	0.01328	0.01803	0.01139	0.01518	0.00854	0.00474	0.00664	0.00190	0.00949	0.00664	0.00285	0.00759
28	0.01927	0.00811	0.01103	0.00943	0.01250	0.00715	0.00747	0.02114	0.01446	0.52014	0.02506	0.23762	0.02139	0.01039	0.00620	0.00194	0.00439	0.04800	0.00639	0.00795
29	0.00813	0.00573	0.00722	0.00723	0.00810	0.00548	0.00520	0.00984	0.01281	0.01763	0.38604	0.06794	0.05306	0.26602	0.01387	0.00308	0.00393	0.10892	0.00511	0.00465
30	0.00686	0.00490	0.00653	0.00784	0.00816	0.00457	0.00522	0.00784	0.01077	0.01437	0.03102	0.79855	0.03722	0.01763	0.00718	0.00229	0.00326	0.01600	0.00522	0.00457
31	0.84197	0.01088	0.00827	0.00740	0.01088	0.01262	0.00609	0.01654	0.00958	0.02525	0.00784	0.00914	0.00609	0.00522	0.00348	0.00174	0.00435	0.00305	0.00348	0.00609
32	0.00781	0.00528	0.00702	0.00802	0.00869	0.00492	0.00564	0.00908	0.01151	0.04471	0.07137	0.64290	0.05938	0.01660	0.00713	0.00225	0.00344	0.07404	0.00534	0.00486
33	0.01502	0.01157	0.01247	0.01107	0.01430	0.01307	0.00865	0.02900	0.65206	0.10042	0.02266	0.02081	0.01674	0.00752	0.00565	0.00187	0.00442	0.00625	0.03762	0.00884
34	0.00819	0.00557	0.00642	0.00655	0.00679	0.00552	0.00404	0.00854	0.00893	0.01176	0.02112	0.04052	0.06229	0.67823	0.02529	0.00497	0.00529	0.08264	0.00369	0.00367
35	0.02102	0.02682	0.01595	0.01450	0.01740	0.77963	0.01087	0.02247	0.01595	0.01377	0.00870	0.01015	0.00725	0.00580	0.00507	0.00145	0.01015	0.00362	0.00290	0.00652
36	0.00906	0.00535	0.00798	0.00798	0.00837	0.00575	0.00570	0.00842	0.00803	0.01110	0.01204	0.01952	0.01171	0.04624	0.32062	0.49165	0.00891	0.00541	0.00269	0.00348
37	0.84197	0.01088	0.00827	0.00740	0.01088	0.01262	0.00609	0.01654	0.00958	0.02525	0.00784	0.00914	0.00609	0.00522	0.00348	0.00174	0.00435	0.00305	0.00348	0.00609
38	0.02430	0.00937	0.01275	0.00985	0.01404	0.00811	0.00811	0.02650	0.01610	0.72979	0.06307	0.02041	0.01609	0.00722	0.00571	0.00174	0.00467	0.00591	0.00692	0.00934

[dist]
# distance from previous block
# <min> <max>
0	15

[block]
# block no. 5 follows, 42 sequences, length 8
# corresponding to MSA columns:
# 453-460
name=unknown_F
#
# <colnr> <probs for GDERKNQSTAVLIFYWHMCP>
#	G	D	E	R	K	N	Q	S	T	A	V	L	I	F	Y	W	H	M	C	P
0	0.00726	0.00524	0.00659	0.00742	0.00813	0.00485	0.00517	0.00824	0.01115	0.01449	0.05672	0.47740	0.18253	0.06913	0.00934	0.04756	0.00354	0.06579	0.00498	0.00448
1	0.00806	0.00577	0.00786	0.00888	0.00982	0.00557	0.00701	0.01005	0.01261	0.01683	0.14863	0.33688	0.03755	0.01568	0.00737	0.00234	0.00405	0.34470	0.00536	0.00497
2	0.84197	0.01088	0.00827	0.00740	0.01088	0.01262	0.00609	0.01654	0.00958	0.02525	0.00784	0.00914	0.00609	0.00522	0.00348	0.00174	0.00435	0.00305	0.00348	0.00609
3	0.00949	0.00584	0.00866	0.00845	0.00874	0.00654	0.00613	0.00864	0.00793	0.01104	0.01110	0.01815	0.01081	0.02527	0.24032	0.52771	0.07385	0.00522	0.00261	0.00350
4	0.02081	0.00939	0.01198	0.00953	0.01318	0.00875	0.00775	0.09739	0.04412	0.50078	0.11540	0.02174	0.01864	0.00751	0.00562	0.00170	0.00444	0.00616	0.08652	0.00859
5	0.12966	0.00974	0.01245	0.00968	0.01392	0.00883	0.00799	0.02603	0.01527	0.67567	0.02037	0.01787	0.01293	0.00674	0.00538	0.00174	0.00473	0.00533	0.00652	0.00913
6	0.11749	0.00772	0.00898	0.00806	0.01028	0.00776	0.00625	0.01599	0.11386	0.11385	0.47869	0.03225	0.03755	0.00964	0.00599	0.00178	0.00337	0.00821	0.00588	0.00641
7	0.01469	0.01293	0.01652	0.04754	0.01654	0.07884	0.05030	0.01817	0.10137	0.11187	0.01194	0.01476	0.00976	0.00985	0.04677	0.00245	0.41996	0.00523	0.00352	0.00699

[dist]
# distance from previous block
# <min> <max>
5	10

[block]
# block no. 6 follows, 42 sequences, length 42
# corresponding to MSA columns:
# 472-513
name=unknown_G
#
# <colnr> <probs for GDERKNQSTAVLIFYWHMCP>
#	G	D	E	R	K	N	Q	S	T	A	V	L	I	F	Y	W	H	M	C	P
0	0.00900	0.00621	0.00790	0.00737	0.00884	0.00592	0.00560	0.01133	0.01480	0.06235	0.53055	0.07073	0.14503	0.01160	0.00705	0.00182	0.03937	0.00995	0.03912	0.00548
1	0.00942	0.00616	0.00755	0.00703	0.00866	0.00579	0.00533	0.01250	0.04711	0.06327	0.51271	0.03800	0.11406	0.01064	0.00615	0.00172	0.00287	0.00921	0.12620	0.00564
2	0.07689	0.00590	0.00729	0.00785	0.00891	0.00560	0.00551	0.01002	0.01148	0.05239	0.10035	0.59011	0.03396	0.01496	0.00663	0.00211	0.00340	0.01336	0.00518	0.03810
3	0.01153	0.00982	0.01145	0.00825	0.01305	0.00742	0.00654	0.01393	0.01153	0.01804	0.01031	0.01267	0.00882	0.03591	0.00514	0.00102	0.00422	0.00353	0.00334	0.80349
4	0.00695	0.00496	0.00663	0.00794	0.00830	0.00465	0.00538	0.00799	0.01086	0.01447	0.03097	0.76902	0.03703	0.01755	0.00721	0.00230	0.00334	0.04465	0.00522	0.00460
5	0.00814	0.00597	0.00895	0.00895	0.00990	0.00692	0.00692	0.00990	0.00895	0.01288	0.01478	0.02183	0.01383	0.04095	0.73778	0.05504	0.01451	0.00597	0.00298	0.00488
6	0.26810	0.00957	0.01088	0.00908	0.01261	0.00947	0.00739	0.05037	0.01398	0.39729	0.04331	0.08357	0.01542	0.00783	0.00525	0.00182	0.00453	0.03612	0.00562	0.00779
7	0.40042	0.01183	0.01188	0.00959	0.01358	0.01273	0.00792	0.21470	0.01586	0.23132	0.01327	0.01304	0.00916	0.00611	0.00465	0.00173	0.00496	0.00430	0.00500	0.00797
8	0.72529	0.01047	0.00835	0.00742	0.01076	0.01197	0.00608	0.03478	0.01037	0.04546	0.00931	0.01058	0.00714	0.00543	0.00364	0.00170	0.00426	0.00336	0.07745	0.00620
9	0.00956	0.00613	0.00786	0.00726	0.00892	0.00557	0.00552	0.01196	0.01534	0.09534	0.57751	0.04144	0.12771	0.03158	0.00713	0.00189	0.00301	0.02460	0.00607	0.00562
10	0.05232	0.00979	0.01156	0.00951	0.01292	0.00975	0.00764	0.11783	0.12509	0.36086	0.02025	0.05236	0.01463	0.00735	0.00532	0.00170	0.00443	0.00595	0.16244	0.00830
11	0.00978	0.00489	0.00733	0.00733	0.00733	0.00489	0.00489	0.00733	0.00733	0.00978	0.00978	0.01711	0.00978	0.01955	0.02199	0.83627	0.00489	0.00489	0.00244	0.00244
12	0.01400	0.01209	0.01273	0.01145	0.01463	0.01400	0.00891	0.02990	0.75695	0.02354	0.02291	0.02100	0.01718	0.00764	0.00573	0.00191	0.00445	0.00636	0.00573	0.00891
13	0.00735	0.00527	0.00697	0.00807	0.00866	0.00498	0.00576	0.00866	0.01137	0.01509	0.07000	0.56983	0.06245	0.05433	0.00826	0.00245	0.00365	0.13701	0.00518	0.00467
14	0.02945	0.00587	0.00746	0.00719	0.00848	0.00551	0.00538	0.01053	0.01499	0.02134	0.63254	0.07324	0.06336	0.04962	0.00768	0.00200	0.00297	0.04129	0.00589	0.00519
15	0.00804	0.00603	0.00904	0.00904	0.01005	0.00703	0.00703	0.01005	0.00904	0.01306	0.01507	0.02211	0.01407	0.04221	0.77992	0.00904	0.01507	0.00603	0.00301	0.00502
16	0.01505	0.80561	0.02949	0.00963	0.01444	0.02227	0.00963	0.01685	0.01143	0.01324	0.00782	0.00903	0.00722	0.00481	0.00361	0.00120	0.00602	0.00301	0.00241	0.00722
17	0.01400	0.01209	0.01273	0.01145	0.01463	0.01400	0.00891	0.02990	0.75695	0.02354	0.02291	0.02100	0.01718	0.00764	0.00573	0.00191	0.00445	0.00636	0.00573	0.00891
18	0.00681	0.00507	0.00635	0.00737	0.00804	0.00461	0.00502	0.00789	0.01122	0.01455	0.03669	0.63599	0.19612	0.01689	0.00707	0.00220	0.00317	0.01510	0.00522	0.00461
19	0.00804	0.00603	0.00904	0.00904	0.01005	0.00703	0.00703	0.01005	0.00904	0.01306	0.01507	0.02211	0.01407	0.04221	0.77992	0.00904	0.01507	0.00603	0.00301	0.00502
20	0.09600	0.00969	0.01265	0.00979	0.01406	0.00865	0.00808	0.02648	0.01554	0.70641	0.02096	0.01829	0.01325	0.00681	0.00547	0.00174	0.00475	0.00543	0.00666	0.00928
21	0.01219	0.01214	0.01701	0.01462	0.01464	0.01696	0.01217	0.01345	0.00863	0.01353	0.00760	0.01258	0.00757	0.01074	0.03944	0.00264	0.77052	0.00496	0.00248	0.00612
22	0.01328	0.01518	0.03321	0.02372	0.02941	0.01423	0.74668	0.01803	0.01328	0.01803	0.01139	0.01518	0.00854	0.00474	0.00664	0.00190	0.00949	0.00664	0.00285	0.00759
23	0.01505	0.80561	0.02949	0.00963	0.01444	0.02227	0.00963	0.01685	0.01143	0.01324	0.00782	0.00903	0.00722	0.00481	0.00361	0.00120	0.00602	0.00301	0.00241	0.00722
24	0.01382	0.01319	0.02208	0.05839	0.70100	0.01338	0.01675	0.01788	0.05414	0.01854	0.01125	0.01436	0.00933	0.00518	0.00558	0.00169	0.00659	0.00509	0.00294	0.00883
25	0.01594	0.01499	0.11382	0.07118	0.22347	0.06895	0.04828	0.07299	0.06864	0.15482	0.07761	0.01733	0.01375	0.00636	0.00568	0.00173	0.00646	0.00554	0.00419	0.00828
26	0.01489	0.77314	0.06058	0.00990	0.01486	0.02188	0.01010	0.01689	0.01145	0.01343	0.00792	0.00915	0.00722	0.00484	0.00368	0.00123	0.00611	0.00306	0.00241	0.00727
27	0.01505	0.80561	0.02949	0.00963	0.01444	0.02227	0.00963	0.01685	0.01143	0.01324	0.00782	0.00903	0.00722	0.00481	0.00361	0.00120	0.00602	0.00301	0.00241	0.00722
28	0.01555	0.01193	0.08665	0.11010	0.16818	0.01021	0.05256	0.03845	0.01420	0.24482	0.08458	0.02275	0.08518	0.00739	0.00588	0.00179	0.00577	0.02149	0.00463	0.00790
29	0.01405	0.01203	0.02038	0.24817	0.35528	0.01292	0.07198	0.01733	0.01243	0.10070	0.01152	0.01479	0.00891	0.00577	0.00670	0.00182	0.06897	0.00520	0.00315	0.00790
30	0.00679	0.00527	0.00618	0.00687	0.00792	0.00467	0.00480	0.00801	0.01180	0.01493	0.05939	0.45048	0.36084	0.01599	0.00693	0.00210	0.00307	0.01403	0.00525	0.00467
31	0.80791	0.01099	0.00887	0.00852	0.04200	0.01266	0.00655	0.01657	0.00971	0.02497	0.00795	0.00934	0.00621	0.00522	0.00357	0.00174	0.00445	0.00313	0.00345	0.00621
32	0.00725	0.00534	0.00680	0.00725	0.00818	0.00488	0.00513	0.00894	0.01303	0.01763	0.31582	0.40620	0.14316	0.01482	0.00690	0.00203	0.00297	0.01320	0.00560	0.00488
33	0.05815	0.01157	0.01879	0.38128	0.23444	0.01358	0.04559	0.01532	0.01126	0.01611	0.00968	0.01396	0.00784	0.00607	0.00758	0.00191	0.13227	0.00495	0.00264	0.00702
34	0.02111	0.01562	0.01673	0.01289	0.01735	0.01732	0.01063	0.72112	0.05415	0.03501	0.01387	0.01379	0.00986	0.00679	0.00563	0.00170	0.00613	0.00512	0.00563	0.00955
35	0.01498	0.01257	0.01328	0.01165	0.01501	0.01445	0.00914	0.12489	0.66037	0.02512	0.02166	0.02001	0.01617	0.00752	0.00571	0.00188	0.00468	0.00619	0.00571	0.00900
36	0.02509	0.00983	0.01321	0.01013	0.01449	0.00864	0.00837	0.05650	0.01652	0.74135	0.02185	0.01893	0.01375	0.00696	0.00566	0.00174	0.00485	0.00564	0.00691	0.00958
37	0.00684	0.00496	0.00646	0.00767	0.00812	0.00459	0.00515	0.00786	0.01094	0.01443	0.03308	0.73956	0.09488	0.01736	0.00714	0.00225	0.00323	0.01567	0.00522	0.00459
38	0.01051	0.00788	0.00928	0.00933	0.01093	0.00836	0.00681	0.04398	0.25636	0.04824	0.02694	0.46332	0.02809	0.01413	0.02586	0.00229	0.00412	0.01176	0.00542	0.00639
39	0.00799	0.00545	0.00612	0.00618	0.00636	0.00535	0.00357	0.00816	0.00870	0.01144	0.02168	0.07470	0.08410	0.69820	0.02576	0.00500	0.00513	0.00887	0.00365	0.00358
40	0.72731	0.02776	0.02409	0.00788	0.01157	0.01240	0.00667	0.01766	0.01031	0.09896	0.00931	0.01019	0.00692	0.00539	0.00374	0.00173	0.00451	0.00333	0.00378	0.00651
41	0.02925	0.44300	0.19354	0.07487	0.01872	0.04865	0.01265	0.01756	0.01182	0.05775	0.00935	0.01091	0.00759	0.00537	0.00494	0.00149	0.03871	0.00368	0.00271	0.00743

[dist]
# distance from previous block
# <min> <max>
0	31

[block]
# block no. 7 follows, 42 sequences, length 25
# corresponding to MSA columns:
# 545-569
name=unknown_H
#
# <colnr> <probs for GDERKNQSTAVLIFYWHMCP>
#	G	D	E	R	K	N	Q	S	T	A	V	L	I	F	Y	W	H	M	C	P
0	0.01513	0.01274	0.01566	0.01304	0.01671	0.01415	0.09909	0.10197	0.56111	0.05461	0.02051	0.01944	0.01521	0.00716	0.00583	0.00188	0.00526	0.00624	0.00542	0.00884
1	0.01331	0.01277	0.02162	0.09693	0.60747	0.01284	0.04611	0.01685	0.02392	0.01801	0.01201	0.01519	0.02976	0.00531	0.00559	0.00167	0.00662	0.00521	0.00290	0.04589
2	0.01162	0.01000	0.01245	0.07412	0.04907	0.00849	0.00821	0.01510	0.05787	0.01821	0.01243	0.01681	0.01078	0.00546	0.00474	0.00117	0.00465	0.06237	0.00354	0.61291
3	0.00772	0.00600	0.00705	0.00673	0.00843	0.00527	0.00507	0.00972	0.01387	0.01847	0.35916	0.05906	0.32844	0.04813	0.00754	0.00198	0.00308	0.04245	0.00545	0.05638
4	0.00704	0.00491	0.00647	0.00771	0.00808	0.00460	0.00516	0.00810	0.01083	0.01470	0.03038	0.75944	0.03607	0.01707	0.00702	0.00224	0.00323	0.01546	0.04689	0.00460
5	0.06342	0.01574	0.01407	0.04722	0.01584	0.26269	0.00985	0.06567	0.06077	0.14057	0.01290	0.01460	0.01003	0.01062	0.08965	0.00253	0.12286	0.00475	0.02915	0.00708
6	0.38648	0.00941	0.00963	0.00827	0.01150	0.00976	0.00664	0.01888	0.03589	0.25834	0.07385	0.04940	0.03958	0.04274	0.00591	0.00195	0.00433	0.01547	0.00500	0.00698
7	0.00797	0.00529	0.00619	0.00655	0.00672	0.00520	0.00395	0.00842	0.00914	0.01254	0.02144	0.24592	0.02468	0.53226	0.02106	0.00430	0.00466	0.01014	0.05972	0.00385
8	0.13451	0.01179	0.01347	0.01065	0.01480	0.01210	0.00874	0.23274	0.09657	0.37934	0.01782	0.01637	0.01195	0.00674	0.00536	0.00174	0.00510	0.00521	0.00598	0.00903
9	0.08568	0.00933	0.01134	0.00959	0.01282	0.00916	0.00768	0.06672	0.11640	0.36043	0.12278	0.09415	0.02169	0.00885	0.00585	0.00185	0.00438	0.03724	0.00609	0.00798
10	0.05259	0.00819	0.01082	0.00907	0.01218	0.00732	0.00717	0.02082	0.01479	0.48832	0.12919	0.17183	0.02368	0.00959	0.00600	0.00185	0.00417	0.00818	0.00638	0.00786
11	0.01638	0.01024	0.01168	0.01001	0.01303	0.01080	0.00783	0.10089	0.30523	0.21592	0.02216	0.02411	0.04076	0.10674	0.00855	0.00227	0.00472	0.02903	0.05166	0.00801
12	0.00975	0.00634	0.00783	0.00744	0.00907	0.00602	0.00557	0.01179	0.05832	0.08633	0.16916	0.06744	0.28168	0.01675	0.09457	0.13804	0.00479	0.00903	0.00490	0.00521
13	0.23081	0.01022	0.01129	0.00951	0.01294	0.01052	0.00761	0.11434	0.08172	0.30162	0.01881	0.13551	0.01522	0.00819	0.00534	0.00183	0.00459	0.00656	0.00552	0.00785
14	0.43471	0.01115	0.01208	0.01017	0.01339	0.03498	0.09686	0.10064	0.01253	0.02324	0.01325	0.13291	0.01220	0.00736	0.00477	0.00180	0.00508	0.00589	0.06057	0.00640
15	0.00917	0.00534	0.00709	0.00738	0.00795	0.00504	0.00497	0.00896	0.00978	0.05987	0.02388	0.31133	0.09288	0.11935	0.01493	0.28963	0.00416	0.01012	0.00414	0.00402
16	0.28691	0.01032	0.05803	0.00962	0.01271	0.00978	0.04071	0.01709	0.07634	0.11872	0.05924	0.12342	0.01821	0.00881	0.00537	0.00191	0.00466	0.08521	0.04635	0.00661
17	0.01338	0.00804	0.00996	0.00939	0.01145	0.00809	0.00704	0.07168	0.13777	0.18917	0.02546	0.38966	0.02522	0.01409	0.04937	0.00243	0.00468	0.01067	0.00561	0.00683
18	0.02143	0.01000	0.01273	0.01006	0.01390	0.00943	0.00819	0.12657	0.05866	0.51111	0.13479	0.02197	0.01950	0.00767	0.00581	0.00175	0.00464	0.00631	0.00659	0.00888
19	0.78967	0.01056	0.00822	0.00738	0.01073	0.01217	0.00605	0.01617	0.00998	0.02508	0.05527	0.01121	0.00904	0.00562	0.00368	0.00174	0.00425	0.00349	0.00365	0.00605
20	0.01119	0.00783	0.01084	0.00992	0.01138	0.00902	0.00788	0.05792	0.01125	0.09351	0.05392	0.02216	0.03845	0.04067	0.47333	0.00629	0.11857	0.00621	0.00375	0.00591
21	0.01481	0.01358	0.03639	0.01177	0.01439	0.20244	0.03984	0.01879	0.11227	0.11956	0.03352	0.13352	0.01995	0.01151	0.04083	0.00228	0.00669	0.15646	0.00466	0.00672
22	0.05450	0.00964	0.01332	0.01044	0.01431	0.00884	0.05416	0.05620	0.02630	0.52118	0.10519	0.02209	0.01808	0.00748	0.00574	0.00176	0.00482	0.02490	0.03248	0.00856
23	0.43414	0.13677	0.09790	0.00981	0.01380	0.01462	0.00913	0.08796	0.03625	0.02241	0.01005	0.04250	0.00842	0.00616	0.00497	0.00172	0.04890	0.00410	0.00349	0.00689
24	0.04144	0.03394	0.00768	0.00789	0.00869	0.00587	0.00563	0.00904	0.01094	0.01496	0.04970	0.53101	0.06951	0.07712	0.03208	0.00267	0.00407	0.07814	0.00487	0.00474

[dist]
# distance from previous block
# <min> <max>
1	11

[block]
# block no. 8 follows, 42 sequences, length 52
# corresponding to MSA columns:
# 592-643
name=unknown_I
#
# <colnr> <probs for GDERKNQSTAVLIFYWHMCP>
#	G	D	E	R	K	N	Q	S	T	A	V	L	I	F	Y	W	H	M	C	P
0	0.07045	0.00680	0.00866	0.00793	0.00959	0.00635	0.00576	0.02397	0.01039	0.08731	0.05002	0.16307	0.01683	0.01394	0.01253	0.35559	0.00434	0.00691	0.00384	0.13571
1	0.01151	0.00902	0.01103	0.00860	0.01242	0.00747	0.00679	0.01380	0.01179	0.06009	0.06323	0.07571	0.01436	0.00949	0.07528	0.00186	0.03262	0.00520	0.00382	0.56592
2	0.00890	0.00582	0.00736	0.00722	0.00773	0.00608	0.00476	0.00962	0.00881	0.04534	0.01710	0.03143	0.01817	0.52888	0.26291	0.00641	0.00844	0.00740	0.00344	0.00419
3	0.00943	0.00692	0.00987	0.00929	0.01040	0.00775	0.02763	0.04054	0.00996	0.03696	0.01588	0.05216	0.01553	0.18557	0.49336	0.00708	0.04642	0.00673	0.00337	0.00514
4	0.09781	0.00764	0.00943	0.00851	0.01086	0.00723	0.00652	0.03519	0.01353	0.28430	0.11196	0.24005	0.04951	0.05961	0.00749	0.00215	0.00410	0.03178	0.00568	0.00666
5	0.70948	0.01124	0.00940	0.00809	0.01173	0.01277	0.00667	0.08501	0.01159	0.07785	0.00936	0.01024	0.00696	0.00549	0.00383	0.00174	0.00455	0.00342	0.00392	0.00666
