[name]
unknown

[dist]
# distance from previous block
# <min> <max>
0	455

[block]
# block no. 0 follows, 44 sequences, length 81
# corresponding to MSA columns:
# 457-513,545-568
name=unknown_A
#
# <colnr> <probs for GDERKNQSTAVLIFYWHMCP>
#	G	D	E	R	K	N	Q	S	T	A	V	L	I	F	Y	W	H	M	C	P
0	0.01883	0.01437	0.01640	0.01474	0.10400	0.01578	0.01089	0.58022	0.08901	0.03079	0.01412	0.01548	0.01063	0.00672	0.00553	0.00168	0.00587	0.03081	0.00513	0.00899
1	0.00941	0.00895	0.01526	0.01437	0.10242	0.00833	0.20964	0.01204	0.01245	0.01605	0.03210	0.08309	0.30797	0.01068	0.00654	0.00195	0.00534	0.13338	0.00416	0.00587
2	0.01318	0.01248	0.02041	0.10761	0.61233	0.01294	0.01563	0.01786	0.09917	0.01800	0.01158	0.01439	0.00942	0.00521	0.00542	0.00167	0.00631	0.00501	0.00300	0.00838
3	0.00744	0.00555	0.00702	0.00800	0.00863	0.00548	0.00547	0.01006	0.09758	0.01494	0.02914	0.71420	0.03381	0.01596	0.00680	0.00217	0.00330	0.01442	0.00512	0.00491
4	0.01059	0.00992	0.01637	0.72449	0.06542	0.01222	0.01487	0.01482	0.05011	0.01454	0.01036	0.01480	0.00781	0.00553	0.00545	0.00181	0.00708	0.00491	0.00260	0.00629
5	0.01362	0.60509	0.22675	0.01097	0.01652	0.01922	0.01218	0.01657	0.01119	0.01400	0.00816	0.00947	0.00697	0.00480	0.00394	0.00131	0.00642	0.00321	0.00232	0.00728
6	0.00679	0.00481	0.00628	0.00740	0.00768	0.00453	0.00486	0.00763	0.01015	0.01353	0.02856	0.71597	0.03418	0.10852	0.00936	0.00257	0.00341	0.01462	0.00486	0.00430
7	0.00649	0.00552	0.00558	0.00557	0.00739	0.00462	0.00418	0.00791	0.01253	0.01498	0.08044	0.05205	0.74681	0.01371	0.00644	0.00184	0.00275	0.01145	0.00510	0.00462
8	0.01038	0.00978	0.01650	0.77525	0.05694	0.01213	0.01518	0.01400	0.01094	0.01403	0.00970	0.01451	0.00730	0.00543	0.00545	0.00181	0.00725	0.00485	0.00243	0.00612
9	0.09631	0.01472	0.01702	0.03323	0.11185	0.15038	0.09628	0.17467	0.01626	0.21623	0.01324	0.01379	0.00940	0.00583	0.00528	0.00164	0.00662	0.00479	0.00440	0.00806
10	0.00772	0.00557	0.00729	0.00686	0.00814	0.00514	0.00514	0.01029	0.01543	0.02186	0.77152	0.04072	0.05144	0.01115	0.00643	0.00171	0.00257	0.00986	0.00600	0.00514
11	0.01030	0.00969	0.01635	0.79530	0.03755	0.01211	0.01514	0.01393	0.01090	0.01393	0.00969	0.01453	0.00727	0.00545	0.00545	0.00182	0.00727	0.00484	0.00242	0.00606
12	0.02315	0.01043	0.01454	0.01102	0.01535	0.00955	0.06272	0.11753	0.01666	0.62933	0.01969	0.01759	0.01258	0.00657	0.00555	0.00169	0.00514	0.00548	0.00629	0.00914
13	0.01248	0.00620	0.00666	0.00608	0.00789	0.00616	0.00471	0.06085	0.01280	0.10877	0.01792	0.01967	0.01362	0.00641	0.00411	0.00134	0.00300	0.00512	0.69038	0.00583
14	0.01349	0.01295	0.02213	0.03346	0.77440	0.01295	0.01673	0.01673	0.01241	0.01781	0.01025	0.01349	0.00864	0.00486	0.00540	0.00162	0.00648	0.00486	0.00270	0.00864
15	0.01356	0.01171	0.01233	0.01109	0.01418	0.01356	0.00863	0.02897	0.76455	0.02281	0.02219	0.02034	0.01664	0.00740	0.00555	0.00185	0.00431	0.00616	0.00555	0.00863
16	0.02399	0.00917	0.01250	0.00962	0.01376	0.00793	0.00793	0.02612	0.01560	0.75712	0.04239	0.01917	0.01455	0.00687	0.00551	0.00169	0.00458	0.00560	0.00673	0.00916
17	0.02350	0.01002	0.01409	0.01070	0.01500	0.00898	0.05331	0.07645	0.01613	0.68077	0.02029	0.01795	0.01289	0.00660	0.00554	0.00169	0.00501	0.00550	0.00642	0.00916
18	0.01189	0.11798	0.66301	0.01459	0.02210	0.01351	0.01841	0.01752	0.01162	0.04679	0.00999	0.01147	0.00718	0.00518	0.00500	0.00166	0.00766	0.00396	0.00248	0.00798
19	0.01093	0.02820	0.78016	0.01554	0.02360	0.01266	0.02014	0.01727	0.01151	0.01727	0.00978	0.01151	0.00691	0.00518	0.00518	0.00173	0.00806	0.00403	0.00230	0.00806
20	0.01030	0.00969	0.01635	0.79530	0.03755	0.01211	0.01514	0.01393	0.01090	0.01393	0.00969	0.01453	0.00727	0.00545	0.00545	0.00182	0.00727	0.00484	0.00242	0.00606
21	0.07673	0.01023	0.01289	0.00995	0.01413	0.00957	0.00822	0.13154	0.01665	0.62207	0.01940	0.01714	0.01240	0.00661	0.00534	0.00168	0.00481	0.00524	0.00634	0.00906
22	0.00757	0.00557	0.00708	0.00670	0.00805	0.00508	0.00503	0.01000	0.01508	0.02104	0.68875	0.04208	0.13472	0.01145	0.00643	0.00173	0.00259	0.01005	0.00589	0.00508
23	0.00658	0.00553	0.00571	0.00566	0.00744	0.00466	0.00425	0.00808	0.01274	0.01547	0.12950	0.05125	0.69745	0.01353	0.00644	0.00183	0.00274	0.01134	0.00516	0.00466
24	0.02339	0.01099	0.01371	0.01051	0.01477	0.01055	0.00868	0.23476	0.01847	0.56594	0.01911	0.01700	0.01229	0.00669	0.00547	0.00167	0.00503	0.00532	0.00638	0.00928
25	0.01309	0.01279	0.02256	0.11261	0.61945	0.01295	0.09307	0.01651	0.01230	0.01737	0.01028	0.01373	0.00845	0.00489	0.00551	0.00166	0.00684	0.00502	0.00268	0.00823
26	0.01093	0.02820	0.78016	0.01554	0.02360	0.01266	0.02014	0.01727	0.01151	0.01727	0.00978	0.01151	0.00691	0.00518	0.00518	0.00173	0.00806	0.00403	0.00230	0.00806
27	0.01826	0.01302	0.01393	0.01100	0.01465	0.01428	0.00897	0.59253	0.02247	0.03102	0.01461	0.04565	0.01118	0.00693	0.00522	0.00159	0.00526	0.00536	0.15575	0.00832
28	0.02446	0.00928	0.01265	0.00970	0.01392	0.00801	0.00801	0.02657	0.01560	0.77817	0.02151	0.01856	0.01350	0.00675	0.00548	0.00169	0.00464	0.00548	0.00675	0.00928
29	0.00733	0.00538	0.00749	0.05869	0.01052	0.00531	0.00649	0.00878	0.01091	0.01442	0.02849	0.59802	0.03323	0.01591	0.00698	0.00225	0.00382	0.16645	0.00488	0.00466
30	0.00644	0.00552	0.00552	0.00552	0.00736	0.00460	0.00414	0.00782	0.01243	0.01473	0.05523	0.05247	0.77218	0.01381	0.00644	0.00184	0.00276	0.01151	0.00506	0.00460
31	0.01030	0.00969	0.01635	0.79530	0.03755	0.01211	0.01514	0.01393	0.01090	0.01393	0.00969	0.01453	0.00727	0.00545	0.00545	0.00182	0.00727	0.00484	0.00242	0.00606
32	0.01435	0.01336	0.01269	0.01144	0.01449	0.10288	0.00885	0.02814	0.67799	0.02171	0.02060	0.01913	0.01553	0.00719	0.00547	0.00180	0.00495	0.00586	0.00523	0.00836
33	0.02435	0.00946	0.01277	0.00979	0.01401	0.00829	0.00809	0.04901	0.01591	0.75530	0.02125	0.01839	0.01337	0.00674	0.00548	0.00169	0.00468	0.00546	0.00671	0.00928
34	0.00746	0.00536	0.00581	0.00581	0.00640	0.00507	0.00357	0.00790	0.00936	0.01189	0.02925	0.04100	0.25848	0.55635	0.02099	0.00419	0.00448	0.00906	0.00386	0.00372
35	0.01250	0.01194	0.02034	0.26996	0.54565	0.01269	0.01624	0.01586	0.01194	0.01661	0.01008	0.01382	0.00821	0.00504	0.00541	0.00168	0.00672	0.00485	0.00261	0.00783
36	0.01234	0.32990	0.49074	0.01315	0.01990	0.01609	0.01598	0.01690	0.01134	0.01556	0.00893	0.01045	0.00694	0.00498	0.00453	0.00151	0.00720	0.00360	0.00231	0.00765
37	0.01272	0.02331	0.43450	0.01746	0.02377	0.11035	0.23174	0.01771	0.01226	0.01665	0.00986	0.01224	0.00733	0.00525	0.00605	0.00175	0.04228	0.00469	0.00250	0.00755
38	0.01478	0.50666	0.03954	0.01270	0.01712	0.06439	0.15241	0.01710	0.01169	0.04750	0.00891	0.01066	0.00754	0.00516	0.00529	0.00143	0.06353	0.00389	0.00264	0.00707
39	0.01297	0.07613	0.12916	0.02195	0.38560	0.01222	0.01385	0.03134	0.06091	0.05717	0.05404	0.07697	0.01396	0.00669	0.00546	0.00169	0.00592	0.02264	0.00347	0.00788
40	0.01207	0.01423	0.10308	0.01855	0.04179	0.01268	0.42556	0.01636	0.03556	0.03231	0.09926	0.03542	0.01399	0.00645	0.00767	0.00188	0.10633	0.00651	0.00325	0.00704
41	0.00967	0.00857	0.00938	0.00898	0.00978	0.09733	0.00660	0.01090	0.00939	0.01234	0.03139	0.02405	0.01504	0.27117	0.37043	0.00607	0.08500	0.00621	0.00305	0.00466
42	0.03063	0.00966	0.01574	0.68691	0.03421	0.01164	0.01411	0.01544	0.01141	0.10247	0.01101	0.01487	0.00796	0.00559	0.00541	0.00180	0.00690	0.00488	0.00294	0.00643
43	0.01319	0.01362	0.01800	0.01496	0.01615	0.09577	0.09730	0.05298	0.01052	0.01473	0.00836	0.01250	0.00766	0.00974	0.04733	0.00245	0.55090	0.00489	0.00265	0.00629
44	0.01150	0.01033	0.01635	0.70485	0.03516	0.01267	0.01459	0.09970	0.01260	0.01629	0.01008	0.01437	0.00750	0.00558	0.00545	0.00180	0.00712	0.00485	0.00277	0.00643
45	0.02037	0.02598	0.01545	0.01404	0.01685	0.78652	0.01053	0.02177	0.01545	0.01334	0.00843	0.00983	0.00702	0.00562	0.00492	0.00140	0.00983	0.00351	0.00281	0.00632
46	0.00781	0.00565	0.00742	0.00720	0.00849	0.00526	0.00554	0.01035	0.01503	0.02106	0.66938	0.04339	0.06554	0.01166	0.00656	0.00181	0.00286	0.09400	0.00587	0.00512
47	0.02446	0.00928	0.01265	0.00970	0.01392	0.00801	0.00801	0.02657	0.01560	0.77817	0.02151	0.01856	0.01350	0.00675	0.00548	0.00169	0.00464	0.00548	0.00675	0.00928
48	0.01349	0.01295	0.02213	0.03346	0.77440	0.01295	0.01673	0.01673	0.01241	0.01781	0.01025	0.01349	0.00864	0.00486	0.00540	0.00162	0.00648	0.00486	0.00270	0.00864
49	0.00664	0.00474	0.00633	0.00759	0.00791	0.00443	0.00506	0.00759	0.01044	0.01392	0.03005	0.80485	0.03606	0.01708	0.00696	0.00221	0.00316	0.01550	0.00506	0.00443
50	0.00664	0.00474	0.00633	0.00759	0.00791	0.00443	0.00506	0.00759	0.01044	0.01392	0.03005	0.80485	0.03606	0.01708	0.00696	0.00221	0.00316	0.01550	0.00506	0.00443
51	0.00793	0.00529	0.00595	0.00595	0.00595	0.00529	0.00330	0.00793	0.00793	0.01057	0.01718	0.03568	0.01982	0.80840	0.02775	0.00529	0.00529	0.00793	0.00330	0.00330
52	0.00699	0.00570	0.00629	0.00658	0.00829	0.00499	0.00523	0.00864	0.01246	0.01510	0.04905	0.05458	0.59857	0.01410	0.00670	0.00200	0.00329	0.18170	0.00505	0.00470
53	0.01224	0.01205	0.01669	0.01425	0.01440	0.01671	0.01187	0.03928	0.00896	0.01387	0.00737	0.01197	0.00723	0.00944	0.01745	0.00236	0.77053	0.00478	0.00249	0.00608
54	0.00854	0.00610	0.00850	0.00976	0.01090	0.00606	0.00835	0.01087	0.01231	0.01604	0.02900	0.14739	0.03192	0.01529	0.00746	0.00248	0.00481	0.65425	0.00502	0.00495
55	0.00689	0.00492	0.00661	0.00787	0.00830	0.00464	0.00549	0.00802	0.01068	0.01419	0.02991	0.71895	0.03552	0.01685	0.00702	0.00225	0.00338	0.09895	0.00506	0.00450
56	0.84691	0.01054	0.00801	0.00717	0.01054	0.01223	0.00590	0.01603	0.00928	0.02446	0.00759	0.00886	0.00590	0.00506	0.00337	0.00169	0.00422	0.00295	0.00337	0.00590
57	0.00779	0.00584	0.00876	0.00876	0.00974	0.00681	0.00681	0.00974	0.00876	0.01266	0.01460	0.02142	0.01363	0.04089	0.78680	0.00876	0.01460	0.00584	0.00292	0.00487
58	0.01166	0.00968	0.01134	0.00812	0.01295	0.00729	0.00650	0.01408	0.01142	0.03848	0.01001	0.01150	0.00822	0.00411	0.00408	0.00083	0.00405	0.00329	0.00333	0.81905
59	0.01890	0.01436	0.01533	0.01217	0.01621	0.01605	0.00992	0.57072	0.21411	0.03141	0.01541	0.01494	0.01115	0.00676	0.00548	0.00169	0.00557	0.00523	0.00548	0.00911
60	0.01145	0.01122	0.01578	0.01367	0.01378	0.01556	0.01134	0.01273	0.00840	0.01307	0.00802	0.01302	0.00790	0.01316	0.10674	0.00312	0.70785	0.00489	0.00245	0.00584
61	0.00793	0.00529	0.00595	0.00595	0.00595	0.00529	0.00330	0.00793	0.00793	0.01057	0.01718	0.03568	0.01982	0.80840	0.02775	0.00529	0.00529	0.00793	0.00330	0.00330
62	0.84691	0.01054	0.00801	0.00717	0.01054	0.01223	0.00590	0.01603	0.00928	0.02446	0.00759	0.00886	0.00590	0.00506	0.00337	0.00169	0.00422	0.00295	0.00337	0.00590
63	0.01287	0.01471	0.03217	0.02298	0.02849	0.01379	0.75460	0.01746	0.01287	0.01746	0.01103	0.01471	0.00827	0.00460	0.00643	0.00184	0.00919	0.00643	0.00276	0.00735
64	0.00812	0.00580	0.00798	0.00905	0.01007	0.00567	0.00741	0.01023	0.01234	0.01634	0.11498	0.24870	0.03489	0.01512	0.00726	0.00234	0.00426	0.46938	0.00514	0.00488
65	0.01116	0.02664	0.69373	0.01640	0.02416	0.01279	0.10501	0.01729	0.01167	0.01729	0.00993	0.01188	0.00706	0.00511	0.00532	0.00174	0.00819	0.00431	0.00235	0.00798
66	0.01138	0.00626	0.00638	0.00594	0.00757	0.00645	0.00457	0.09862	0.01307	0.02195	0.01724	0.01949	0.01343	0.00637	0.00400	0.00131	0.00294	0.00506	0.74239	0.00557
67	0.00727	0.00531	0.00688	0.00736	0.00831	0.00492	0.00540	0.00905	0.01280	0.01733	0.31898	0.35210	0.11783	0.01423	0.00676	0.00201	0.00309	0.09017	0.00542	0.00479
68	0.01349	0.01295	0.02213	0.03346	0.77440	0.01295	0.01673	0.01673	0.01241	0.01781	0.01025	0.01349	0.00864	0.00486	0.00540	0.00162	0.00648	0.00486	0.00270	0.00864
69	0.00664	0.00474	0.00633	0.00759	0.00791	0.00443	0.00506	0.00759	0.01044	0.01392	0.03005	0.80485	0.03606	0.01708	0.00696	0.00221	0.00316	0.01550	0.00506	0.00443
70	0.00698	0.00586	0.00594	0.00590	0.00776	0.00515	0.00442	0.00921	0.05720	0.01534	0.05157	0.06894	0.68716	0.01330	0.00633	0.00184	0.00286	0.01111	0.02830	0.00485
71	0.02324	0.00968	0.01271	0.00992	0.01402	0.00881	0.00814	0.04505	0.09351	0.68126	0.02137	0.01860	0.01372	0.00681	0.00549	0.00170	0.00464	0.00554	0.00659	0.00921
72	0.02120	0.01451	0.01589	0.01218	0.01653	0.01578	0.01006	0.66341	0.02436	0.12897	0.01416	0.01378	0.00981	0.00657	0.00546	0.00164	0.00583	0.00498	0.00562	0.00927
73	0.01280	0.01139	0.01190	0.00882	0.01345	0.08055	0.00701	0.03975	0.01228	0.03691	0.00998	0.01141	0.00815	0.00434	0.00420	0.00091	0.00466	0.00337	0.00335	0.71476
74	0.03420	0.10704	0.04592	0.03671	0.03213	0.20835	0.01045	0.01517	0.01093	0.01367	0.01010	0.04654	0.00949	0.01343	0.14918	0.00306	0.24002	0.00482	0.00273	0.00606
75	0.00792	0.00532	0.00613	0.00613	0.00619	0.00538	0.00353	0.00804	0.00798	0.01070	0.01701	0.03476	0.01942	0.75912	0.07649	0.00551	0.00588	0.00779	0.00328	0.00340
76	0.03298	0.01055	0.01225	0.00967	0.01354	0.01004	0.00783	0.21316	0.04564	0.17813	0.01664	0.04303	0.03000	0.03611	0.00599	0.00161	0.00475	0.05215	0.00485	0.27109
77	0.01184	0.22407	0.59226	0.01399	0.02120	0.01489	0.01744	0.01703	0.01140	0.01616	0.00923	0.01082	0.00693	0.00505	0.00476	0.00159	0.00750	0.00375	0.00231	0.00779
78	0.01349	0.01295	0.02213	0.03346	0.77440	0.01295	0.01673	0.01673	0.01241	0.01781	0.01025	0.01349	0.00864	0.00486	0.00540	0.00162	0.00648	0.00486	0.00270	0.00864
79	0.01030	0.00969	0.01635	0.79530	0.03755	0.01211	0.01514	0.01393	0.01090	0.01393	0.00969	0.01453	0.00727	0.00545	0.00545	0.00182	0.00727	0.00484	0.00242	0.00606
80	0.00712	0.00573	0.00646	0.00679	0.00845	0.00507	0.00543	0.00884	0.01255	0.01538	0.07012	0.05455	0.54943	0.01406	0.00674	0.00202	0.00337	0.20809	0.00508	0.00473

[dist]
# distance from previous block
# <min> <max>
0	1

[block]
# block no. 1 follows, 44 sequences, length 25
# corresponding to MSA columns:
# 570-594
name=unknown_B
#
# <colnr> <probs for GDERKNQSTAVLIFYWHMCP>
#	G	D	E	R	K	N	Q	S	T	A	V	L	I	F	Y	W	H	M	C	P
0	0.84691	0.01054	0.00801	0.00717	0.01054	0.01223	0.00590	0.01603	0.00928	0.02446	0.00759	0.00886	0.00590	0.00506	0.00337	0.00169	0.00422	0.00295	0.00337	0.00590
1	0.00779	0.00584	0.00876	0.00876	0.00974	0.00681	0.00681	0.00974	0.00876	0.01266	0.01460	0.02142	0.01363	0.04089	0.78680	0.00876	0.01460	0.00584	0.00292	0.00487
2	0.00664	0.00474	0.00633	0.00759	0.00791	0.00443	0.00506	0.00759	0.01044	0.01392	0.03005	0.80485	0.03606	0.01708	0.00696	0.00221	0.00316	0.01550	0.00506	0.00443
3	0.69006	0.01030	0.00890	0.00765	0.01119	0.01143	0.00631	0.01804	0.01048	0.16820	0.01025	0.01071	0.00735	0.00538	0.00378	0.00169	0.00430	0.00343	0.00402	0.00655
4	0.00722	0.00516	0.00699	0.00825	0.00882	0.00493	0.00607	0.00859	0.01101	0.01457	0.02973	0.60380	0.03479	0.01653	0.00711	0.00229	0.00367	0.21083	0.00505	0.00459
5	0.01006	0.00693	0.00857	0.00860	0.01049	0.00670	0.00712	0.04513	0.05529	0.07798	0.12030	0.04887	0.22936	0.01281	0.00675	0.00210	0.00410	0.32787	0.00533	0.00565
6	0.00663	0.00481	0.00626	0.00743	0.00786	0.00444	0.00499	0.00761	0.01060	0.01398	0.03204	0.74530	0.09432	0.01682	0.00692	0.00218	0.00313	0.01518	0.00506	0.00444
7	0.00664	0.00474	0.00633	0.00759	0.00791	0.00443	0.00506	0.00759	0.01044	0.01392	0.03005	0.80485	0.03606	0.01708	0.00696	0.00221	0.00316	0.01550	0.00506	0.00443
8	0.00685	0.00491	0.00651	0.00745	0.00795	0.00457	0.00508	0.00812	0.01141	0.01547	0.17460	0.65588	0.03906	0.01592	0.00686	0.00212	0.00305	0.01440	0.00524	0.00457
9	0.01623	0.07502	0.07585	0.01198	0.01598	0.06392	0.01029	0.26759	0.35648	0.02485	0.01623	0.01571	0.01210	0.00662	0.00529	0.00169	0.00563	0.00517	0.00485	0.00853
10	0.01277	0.35964	0.43860	0.01282	0.01933	0.01656	0.01527	0.03934	0.01176	0.01591	0.00895	0.01039	0.00702	0.00500	0.00448	0.00149	0.00705	0.00358	0.00241	0.00764
11	0.01327	0.14703	0.15817	0.07643	0.04070	0.01496	0.35760	0.07570	0.03088	0.01788	0.01056	0.01314	0.00804	0.00500	0.00554	0.00169	0.00787	0.00516	0.00286	0.00753
12	0.01634	0.02069	0.38816	0.01319	0.01901	0.10097	0.01429	0.02169	0.08468	0.24591	0.01433	0.01427	0.00982	0.00591	0.00527	0.00169	0.00688	0.00461	0.00400	0.00828
13	0.01296	0.46342	0.36265	0.01209	0.01826	0.01761	0.01414	0.01674	0.01127	0.01480	0.00856	0.00997	0.00696	0.00489	0.00425	0.00142	0.00682	0.00341	0.00232	0.00747
14	0.00757	0.00557	0.00708	0.00670	0.00805	0.00508	0.00503	0.01000	0.01508	0.02104	0.68857	0.04208	0.13491	0.01145	0.00643	0.00173	0.00259	0.01005	0.00589	0.00508
15	0.00679	0.00481	0.00628	0.00740	0.00768	0.00453	0.00486	0.00763	0.01015	0.01353	0.02856	0.71577	0.03418	0.10872	0.00937	0.00257	0.00341	0.01462	0.00486	0.00430
16	0.01127	0.00921	0.01053	0.01036	0.01255	0.01023	0.00826	0.02097	0.44218	0.01975	0.02519	0.12405	0.02350	0.01091	0.00633	0.00210	0.00440	0.23588	0.00533	0.00701
17	0.00664	0.00474	0.00633	0.00759	0.00791	0.00443	0.00506	0.00759	0.01044	0.01392	0.03005	0.80485	0.03606	0.01708	0.00696	0.00221	0.00316	0.01550	0.00506	0.00443
18	0.01107	0.00695	0.00882	0.00775	0.00970	0.00661	0.00600	0.08227	0.01641	0.11949	0.60479	0.03531	0.04265	0.01015	0.00622	0.00170	0.00316	0.00884	0.00605	0.00606
19	0.01356	0.01171	0.01233	0.01109	0.01418	0.01356	0.00863	0.02897	0.76455	0.02281	0.02219	0.02034	0.01664	0.00740	0.00555	0.00185	0.00431	0.00616	0.00555	0.00863
20	0.02037	0.02598	0.01545	0.01404	0.01685	0.78652	0.01053	0.02177	0.01545	0.01334	0.00843	0.00983	0.00702	0.00562	0.00492	0.00140	0.00983	0.00351	0.00281	0.00632
21	0.02018	0.01441	0.01562	0.01216	0.01637	0.01585	0.00999	0.61724	0.11045	0.08884	0.01477	0.01434	0.01044	0.00666	0.00547	0.00166	0.00570	0.00510	0.00556	0.00920
22	0.00706	0.00509	0.00674	0.00772	0.00836	0.00477	0.00552	0.00846	0.01149	0.01537	0.13383	0.56940	0.06989	0.01585	0.00694	0.00217	0.00330	0.10825	0.00519	0.00461
23	0.01404	0.01320	0.02201	0.03145	0.68903	0.01329	0.04137	0.07528	0.01348	0.01911	0.01051	0.01350	0.00867	0.00498	0.00544	0.00163	0.00653	0.00492	0.00292	0.00864
24	0.01804	0.02008	0.01427	0.01294	0.03078	0.48529	0.00972	0.16268	0.01701	0.01832	0.07109	0.04285	0.04421	0.00714	0.00533	0.00155	0.00784	0.02038	0.00378	0.00669

[dist]
# distance from previous block
# <min> <max>
5	8

[block]
# block no. 2 follows, 44 sequences, length 11
# corresponding to MSA columns:
# 604-614
name=unknown_C
#
# <colnr> <probs for GDERKNQSTAVLIFYWHMCP>
#	G	D	E	R	K	N	Q	S	T	A	V	L	I	F	Y	W	H	M	C	P
0	0.02011	0.06498	0.01621	0.01366	0.01671	0.67242	0.01046	0.09317	0.01622	0.01537	0.00884	0.01009	0.00724	0.00566	0.00490	0.00141	0.00925	0.00362	0.00304	0.00664
1	0.01194	0.01192	0.02045	0.06780	0.07935	0.01211	0.25908	0.01498	0.01134	0.01639	0.01057	0.01534	0.00905	0.00604	0.00806	0.00169	0.17035	0.03974	0.00289	0.23093
2	0.00790	0.00539	0.00647	0.00647	0.00665	0.00557	0.00395	0.00826	0.00808	0.01096	0.01670	0.03304	0.01867	0.66633	0.16826	0.00593	0.00701	0.00754	0.00323	0.00359
3	0.00779	0.00613	0.00710	0.00676	0.00842	0.00573	0.00510	0.01113	0.08481	0.01929	0.43398	0.04318	0.31684	0.01178	0.00635	0.00177	0.00281	0.01013	0.00561	0.00527
4	0.01169	0.00736	0.01055	0.00885	0.01112	0.00683	0.06347	0.04572	0.01570	0.15833	0.54547	0.03355	0.03948	0.00965	0.00622	0.00172	0.00360	0.00860	0.00586	0.00624
5	0.56757	0.01037	0.00975	0.00815	0.01182	0.01118	0.00672	0.05071	0.01185	0.24860	0.01196	0.01192	0.00830	0.00562	0.00409	0.00168	0.00442	0.00379	0.00446	0.00705
6	0.00664	0.00474	0.00633	0.00759	0.00791	0.00443	0.00506	0.00759	0.01044	0.01392	0.03005	0.80485	0.03606	0.01708	0.00696	0.00221	0.00316	0.01550	0.00506	0.00443
7	0.02264	0.01220	0.01446	0.01108	0.01537	0.01234	0.00916	0.38178	0.02049	0.41606	0.01741	0.01589	0.01144	0.00665	0.00547	0.00166	0.00530	0.00520	0.00612	0.00927
8	0.00664	0.00474	0.00633	0.00759	0.00791	0.00443	0.00506	0.00759	0.01044	0.01392	0.03005	0.80485	0.03606	0.01708	0.00696	0.00221	0.00316	0.01550	0.00506	0.00443
9	0.01336	0.01018	0.01053	0.00951	0.01217	0.03263	0.00742	0.05185	0.44867	0.06116	0.02213	0.02231	0.05085	0.00755	0.00523	0.00171	0.00410	0.02642	0.19470	0.00753
10	0.02160	0.01008	0.01261	0.01000	0.01390	0.00968	0.00815	0.09754	0.14229	0.54368	0.02063	0.01840	0.01363	0.00682	0.00541	0.00169	0.00462	0.00552	0.04476	0.00897

[dist]
# distance from previous block
# <min> <max>
0	6

[block]
# block no. 3 follows, 44 sequences, length 16
# corresponding to MSA columns:
# 621-636
name=unknown_D
#
# <colnr> <probs for GDERKNQSTAVLIFYWHMCP>
#	G	D	E	R	K	N	Q	S	T	A	V	L	I	F	Y	W	H	M	C	P
0	0.01607	0.01452	0.17093	0.01295	0.07816	0.04490	0.03537	0.01928	0.01305	0.25995	0.01351	0.01388	0.00957	0.00529	0.00496	0.00140	0.00569	0.00436	0.00408	0.27206
1	0.01610	0.68818	0.02612	0.00939	0.01398	0.01948	0.00913	0.01790	0.01177	0.13063	0.00972	0.01026	0.00800	0.00498	0.00380	0.00125	0.00565	0.00331	0.00301	0.00735
2	0.00849	0.00618	0.00838	0.00948	0.01081	0.00607	0.00821	0.01086	0.01253	0.01612	0.03215	0.06037	0.12373	0.01490	0.00739	0.00243	0.00474	0.64717	0.00503	0.00497
3	0.09649	0.00996	0.01230	0.00974	0.01359	0.00948	0.00795	0.13763	0.01617	0.53226	0.01964	0.08090	0.01399	0.00741	0.00541	0.00172	0.00469	0.00598	0.00610	0.00858
4	0.01030	0.00969	0.01635	0.79530	0.03755	0.01211	0.01514	0.01393	0.01090	0.01393	0.00969	0.01453	0.00727	0.00545	0.00545	0.00182	0.00727	0.00484	0.00242	0.00606
5	0.01387	0.67331	0.02532	0.00925	0.01348	0.01943	0.00889	0.01682	0.07343	0.01446	0.07757	0.01258	0.01179	0.00547	0.00393	0.00127	0.00541	0.00381	0.00293	0.00696
6	0.00661	0.00486	0.00620	0.00727	0.00782	0.00445	0.00492	0.00763	0.01074	0.01404	0.03392	0.68904	0.14936	0.01658	0.00688	0.00216	0.00310	0.01488	0.00506	0.00445
7	0.01429	0.00756	0.00942	0.00818	0.01053	0.00709	0.00638	0.07590	0.01443	0.26577	0.17743	0.03292	0.10820	0.13253	0.00933	0.00232	0.00418	0.07220	0.03487	0.00647
8	0.04514	0.01137	0.01200	0.01063	0.01371	0.07361	0.00873	0.15623	0.14639	0.08966	0.01923	0.02895	0.01721	0.00886	0.00581	0.00182	0.00528	0.22799	0.00488	0.11249
9	0.01404	0.58696	0.15484	0.01160	0.01689	0.01927	0.07191	0.04259	0.01181	0.01471	0.00842	0.00985	0.00717	0.00481	0.00409	0.00133	0.00648	0.00346	0.00247	0.00728
10	0.00749	0.00556	0.00697	0.00662	0.00800	0.00505	0.00496	0.00984	0.01489	0.02057	0.64202	0.04285	0.18175	0.01163	0.00643	0.00174	0.00261	0.01016	0.00583	0.00505
11	0.01412	0.42035	0.08116	0.00948	0.01332	0.01448	0.00897	0.01611	0.01174	0.14530	0.01545	0.19806	0.01495	0.00799	0.00479	0.00155	0.00518	0.00641	0.00373	0.00687
12	0.01216	0.01185	0.02113	0.17718	0.44775	0.01215	0.12894	0.01548	0.01201	0.01665	0.01205	0.08514	0.01078	0.00603	0.00571	0.00174	0.00675	0.00606	0.00287	0.00756
13	0.01142	0.01121	0.01754	0.01710	0.13182	0.01381	0.09181	0.01329	0.00975	0.01440	0.01133	0.11573	0.01152	0.01054	0.04471	0.00245	0.45607	0.00640	0.00284	0.00628
14	0.00697	0.00498	0.00670	0.00797	0.00843	0.00471	0.00563	0.00816	0.01076	0.01429	0.02987	0.69043	0.03534	0.01677	0.00705	0.00226	0.00345	0.12666	0.00505	0.00452
15	0.08910	0.01197	0.01704	0.27957	0.18675	0.01333	0.04308	0.21643	0.01515	0.02141	0.01153	0.04953	0.00934	0.00608	0.00536	0.00173	0.00637	0.00525	0.00353	0.00745

[dist]
# distance from previous block
# <min> <max>
0	4

[block]
# block no. 4 follows, 44 sequences, length 60
# corresponding to MSA columns:
# 641-700
name=unknown_E
#
# <colnr> <probs for GDERKNQSTAVLIFYWHMCP>
#	G	D	E	R	K	N	Q	S	T	A	V	L	I	F	Y	W	H	M	C	P
0	0.13116	0.01374	0.01474	0.01158	0.01539	0.01539	0.00956	0.53518	0.02113	0.07909	0.01257	0.01297	0.00905	0.00658	0.00606	0.00169	0.06463	0.00468	0.02635	0.00847
1	0.15777	0.21981	0.10556	0.01123	0.01574	0.11223	0.02609	0.16989	0.03314	0.05363	0.01020	0.01105	0.00786	0.00543	0.00447	0.00148	0.00626	0.00381	0.00352	0.04081
2	0.01884	0.02200	0.01539	0.06069	0.01788	0.57844	0.02615	0.08073	0.03421	0.03127	0.01079	0.01407	0.00910	0.00631	0.00521	0.00154	0.00882	0.04866	0.00328	0.00660
3	0.01256	0.14078	0.10589	0.01015	0.01483	0.03924	0.02666	0.06679	0.01270	0.01807	0.06627	0.01328	0.01102	0.00523	0.00490	0.00120	0.03087	0.00402	0.00329	0.41226
4	0.00895	0.00754	0.00983	0.00945	0.01028	0.04495	0.00730	0.01056	0.00894	0.01253	0.01359	0.02110	0.01311	0.11529	0.56868	0.00721	0.11706	0.00581	0.00288	0.00492
5	0.00702	0.00531	0.00652	0.00721	0.00809	0.00494	0.00502	0.00888	0.04423	0.01538	0.11869	0.52009	0.19800	0.01527	0.00672	0.00206	0.00306	0.01358	0.00519	0.00473
6	0.01037	0.00968	0.01622	0.69292	0.08894	0.01175	0.01465	0.01391	0.01128	0.01469	0.05555	0.01603	0.01002	0.00575	0.00551	0.00180	0.00693	0.00515	0.00266	0.00619
7	0.01349	0.01295	0.02213	0.03346	0.77440	0.01295	0.01673	0.01673	0.01241	0.01781	0.01025	0.01349	0.00864	0.00486	0.00540	0.00162	0.00648	0.00486	0.00270	0.00864
8	0.01349	0.01295	0.02213	0.03346	0.77440	0.01295	0.01673	0.01673	0.01241	0.01781	0.01025	0.01349	0.00864	0.00486	0.00540	0.00162	0.00648	0.00486	0.00270	0.00864
9	0.02434	0.00947	0.01277	0.00979	0.01401	0.00830	0.00809	0.04981	0.01592	0.75448	0.02124	0.01838	0.01336	0.00674	0.00548	0.00169	0.00468	0.00546	0.00671	0.00928
10	0.02100	0.00906	0.01133	0.00907	0.01264	0.02429	0.00736	0.02416	0.07066	0.57014	0.02062	0.01882	0.01368	0.00670	0.00518	0.00162	0.00435	0.00542	0.15548	0.00842
11	0.00664	0.00474	0.00633	0.00759	0.00791	0.00443	0.00506	0.00759	0.01044	0.01392	0.03005	0.80485	0.03606	0.01708	0.00696	0.00221	0.00316	0.01550	0.00506	0.00443
12	0.02070	0.00842	0.01090	0.00870	0.01219	0.00758	0.00707	0.02349	0.04721	0.57108	0.02068	0.01904	0.01374	0.00668	0.00510	0.00160	0.00414	0.00542	0.19797	0.00828
13	0.01415	0.00783	0.00979	0.00919	0.01153	0.00778	0.00760	0.06410	0.08405	0.21239	0.02335	0.06427	0.02098	0.01014	0.00598	0.00194	0.00438	0.27237	0.16147	0.00670
14	0.00953	0.00650	0.00725	0.00663	0.00874	0.00584	0.00511	0.05707	0.01413	0.09414	0.19072	0.04314	0.47828	0.01185	0.00619	0.00177	0.00311	0.00994	0.03457	0.00549
15	0.01121	0.01124	0.01747	0.68139	0.03538	0.06810	0.06990	0.01476	0.01138	0.01415	0.00970	0.01421	0.00732	0.00540	0.00549	0.00179	0.00760	0.00487	0.00248	0.00617
16	0.00782	0.00542	0.00624	0.00610	0.00751	0.00494	0.00455	0.00997	0.01348	0.01909	0.36514	0.06699	0.26095	0.01112	0.00589	0.00167	0.00264	0.00952	0.18601	0.00494
17	0.00730	0.00505	0.00625	0.00695	0.00716	0.00488	0.00442	0.00788	0.00939	0.01251	0.02424	0.43188	0.02860	0.37159	0.01630	0.00360	0.00418	0.03960	0.00427	0.00395
18	0.01326	0.01249	0.04490	0.23927	0.15988	0.01305	0.10850	0.10324	0.17101	0.03386	0.01415	0.02858	0.02094	0.00608	0.00562	0.00177	0.00646	0.00558	0.00367	0.00768
19	0.01296	0.01274	0.02242	0.11738	0.55046	0.01319	0.10990	0.01629	0.01206	0.01704	0.01010	0.01367	0.00835	0.00517	0.00629	0.00172	0.05455	0.00505	0.00266	0.00802
20	0.00840	0.00670	0.03423	0.00688	0.00844	0.02336	0.00542	0.01084	0.01388	0.01994	0.45551	0.08223	0.12000	0.01052	0.00587	0.00166	0.00298	0.00909	0.16889	0.00516
21	0.01130	0.00969	0.01130	0.00807	0.01292	0.00727	0.00646	0.01373	0.01130	0.01776	0.00969	0.01130	0.00807	0.00404	0.00404	0.00081	0.00404	0.00323	0.00323	0.84173
22	0.01269	0.40530	0.41841	0.01255	0.01897	0.01695	0.01494	0.01681	0.01130	0.01513	0.00872	0.01018	0.00695	0.00493	0.00437	0.00146	0.00699	0.00349	0.00232	0.00755
23	0.00797	0.00599	0.00818	0.00896	0.00970	0.00620	0.00699	0.00968	0.01156	0.01556	0.10565	0.38851	0.03357	0.01509	0.00802	0.00228	0.06999	0.27633	0.00492	0.00485
24	0.00913	0.00627	0.00778	0.00718	0.00888	0.00588	0.00546	0.01243	0.06907	0.07382	0.56579	0.03933	0.14613	0.01094	0.00630	0.00174	0.00287	0.00951	0.00589	0.00561
25	0.01144	0.13749	0.67531	0.01467	0.02226	0.01390	0.01863	0.01713	0.01145	0.01665	0.00948	0.01112	0.00692	0.00511	0.00495	0.00165	0.00775	0.00387	0.00231	0.00791
26	0.01441	0.76738	0.04341	0.00963	0.01420	0.02122	0.00964	0.01623	0.01099	0.01293	0.00761	0.00891	0.00700	0.00485	0.00404	0.00122	0.03402	0.00300	0.00233	0.00698
27	0.00798	0.00545	0.00658	0.00673	0.00698	0.00555	0.00432	0.00849	0.00856	0.01148	0.01834	0.04884	0.02062	0.62361	0.11133	0.00533	0.00628	0.08637	0.00347	0.00368
28	0.01071	0.00723	0.00855	0.00793	0.01004	0.00704	0.00615	0.01532	0.15929	0.11755	0.26743	0.07142	0.22398	0.01103	0.00623	0.00184	0.00340	0.05303	0.00567	0.00618
29	0.01229	0.30073	0.36981	0.01371	0.07291	0.01509	0.01442	0.01633	0.01158	0.01598	0.04216	0.01193	0.00909	0.00515	0.00457	0.00145	0.00662	0.00389	0.00257	0.06972
30	0.01326	0.01119	0.01552	0.35636	0.02520	0.01247	0.04388	0.20691	0.06955	0.02103	0.06829	0.01618	0.01189	0.00610	0.00542	0.00165	0.00610	0.00522	0.00380	0.09998
31	0.00815	0.00577	0.00659	0.00638	0.00815	0.00500	0.00482	0.00986	0.01324	0.07329	0.22198	0.10157	0.47663	0.01290	0.00643	0.00184	0.00293	0.02399	0.00541	0.00508
32	0.00946	0.00760	0.01001	0.02141	0.01109	0.00797	0.02454	0.01265	0.07744	0.03663	0.27244	0.13795	0.10063	0.01108	0.00791	0.00190	0.11571	0.06281	0.00485	0.06592
33	0.30224	0.10253	0.06084	0.01071	0.01479	0.03172	0.06416	0.11938	0.09107	0.11493	0.01251	0.03199	0.00953	0.00595	0.00461	0.00166	0.00541	0.00450	0.00409	0.00739
34	0.00689	0.00493	0.00659	0.00771	0.00818	0.00463	0.00535	0.00809	0.01101	0.01476	0.09170	0.68583	0.03699	0.01644	0.00696	0.00219	0.00325	0.06884	0.00514	0.00453
35	0.00667	0.00480	0.00633	0.00749	0.00789	0.00446	0.00503	0.00769	0.01069	0.01423	0.05692	0.74950	0.06462	0.01675	0.00692	0.00218	0.00313	0.01515	0.00509	0.00446
36	0.01336	0.01192	0.02061	0.24006	0.46172	0.01243	0.07064	0.01673	0.01226	0.07157	0.01097	0.01423	0.00858	0.00514	0.00550	0.00169	0.00676	0.00502	0.00292	0.00788
37	0.01639	0.51594	0.02303	0.00987	0.01421	0.01837	0.00913	0.15699	0.04999	0.08696	0.01102	0.01151	0.00878	0.00541	0.00416	0.00134	0.00554	0.00377	0.04000	0.00762
38	0.01168	0.01239	0.07387	0.42031	0.34482	0.01250	0.01617	0.01534	0.01158	0.01579	0.00993	0.01388	0.00781	0.00518	0.00541	0.00173	0.00699	0.00479	0.00253	0.00728
39	0.01841	0.07531	0.01646	0.01288	0.01581	0.29507	0.01036	0.20025	0.05785	0.07935	0.01107	0.01221	0.00864	0.00670	0.00745	0.00167	0.15498	0.00435	0.00381	0.00739
40	0.01193	0.01193	0.01670	0.01431	0.01431	0.01670	0.01193	0.01312	0.00835	0.01312	0.00716	0.01193	0.00716	0.00954	0.01789	0.00239	0.79843	0.00477	0.00239	0.00596
41	0.68126	0.01029	0.00895	0.00768	0.01122	0.01138	0.00633	0.01815	0.01055	0.17627	0.01039	0.01081	0.00743	0.00540	0.00380	0.00169	0.00430	0.00346	0.00405	0.00658
42	0.00772	0.00557	0.00729	0.00686	0.00814	0.00514	0.00514	0.01029	0.01543	0.02186	0.77152	0.04072	0.05144	0.01115	0.00643	0.00171	0.00257	0.00986	0.00600	0.00514
43	0.00720	0.00539	0.00756	0.00957	0.06509	0.00510	0.00601	0.00835	0.01063	0.01426	0.02855	0.72968	0.03391	0.01613	0.00685	0.00218	0.00345	0.03045	0.00488	0.00475
44	0.00661	0.00516	0.00600	0.00657	0.00766	0.00455	0.00463	0.00786	0.01168	0.01478	0.08654	0.40352	0.38467	0.01518	0.00668	0.00201	0.00294	0.01327	0.00512	0.00455
45	0.01788	0.01119	0.01272	0.01062	0.01417	0.01195	0.00849	0.13098	0.39320	0.26271	0.02051	0.01875	0.01449	0.00703	0.00544	0.00174	0.00459	0.00573	0.03903	0.00878
46	0.45948	0.01026	0.00994	0.00833	0.01176	0.01103	0.00681	0.11365	0.01345	0.18353	0.09362	0.01577	0.02917	0.00644	0.00448	0.00169	0.00433	0.00466	0.00467	0.00694
47	0.01087	0.00647	0.00823	0.00736	0.00933	0.00590	0.00567	0.01365	0.04124	0.16207	0.50888	0.03746	0.14024	0.01055	0.00622	0.00173	0.00304	0.00914	0.00600	0.00596
48	0.01337	0.01486	0.05478	0.02067	0.02575	0.01409	0.58460	0.07140	0.06953	0.01887	0.01178	0.01477	0.00887	0.00520	0.00680	0.00185	0.04600	0.00614	0.00313	0.00754
49	0.00664	0.00474	0.00633	0.00759	0.00791	0.00443	0.00506	0.00759	0.01044	0.01392	0.03005	0.80485	0.03606	0.01708	0.00696	0.00221	0.00316	0.01550	0.00506	0.00443
50	0.00798	0.00621	0.00747	0.00793	0.00947	0.00592	0.00640	0.01087	0.06683	0.01644	0.09919	0.10873	0.31871	0.01385	0.00683	0.00212	0.00376	0.29104	0.00516	0.00508
51	0.01321	0.01022	0.01148	0.02753	0.03109	0.01124	0.00807	0.07468	0.41491	0.07805	0.07982	0.02523	0.12476	0.00839	0.00598	0.00180	0.02449	0.00692	0.03449	0.00765
52	0.01288	0.16322	0.30398	0.03081	0.04647	0.01354	0.14795	0.03411	0.02810	0.06234	0.01147	0.01440	0.00906	0.06313	0.00673	0.00188	0.00707	0.00478	0.03067	0.00739
53	0.00819	0.00562	0.00724	0.00695	0.00829	0.00513	0.00517	0.01043	0.01453	0.05310	0.57994	0.13779	0.11311	0.01195	0.00646	0.00179	0.00275	0.01053	0.00583	0.00518
54	0.00846	0.00541	0.00696	0.00734	0.00839	0.00497	0.00527	0.01004	0.01227	0.07316	0.19846	0.43381	0.10700	0.01401	0.00653	0.00199	0.00313	0.03760	0.05018	0.00502
55	0.00982	0.01037	0.11271	0.09014	0.12974	0.00845	0.01039	0.02895	0.03757	0.03430	0.08879	0.28419	0.05078	0.01091	0.00621	0.00195	0.00493	0.06940	0.00423	0.00618
56	0.00949	0.00677	0.00852	0.00929	0.06426	0.00632	0.00639	0.05528	0.01318	0.07355	0.10266	0.25334	0.29266	0.01296	0.00646	0.00194	0.00362	0.06265	0.00512	0.00555
57	0.04132	0.49363	0.06571	0.01112	0.01525	0.09690	0.03842	0.06376	0.01226	0.01511	0.00904	0.03802	0.00820	0.00572	0.00516	0.00142	0.06541	0.00388	0.00273	0.00694
58	0.01241	0.03786	0.10679	0.05154	0.01580	0.02871	0.02488	0.03285	0.02129	0.06995	0.02104	0.03015	0.00991	0.02371	0.03740	0.00166	0.05199	0.00435	0.00337	0.41433
59	0.09529	0.04425	0.21643	0.04799	0.15873	0.03061	0.06700	0.03854	0.07399	0.15589	0.01285	0.01387	0.00929	0.00557	0.00517	0.00169	0.00644	0.00469	0.00368	0.00805

[dist]
# distance from previous block
# <min> <max>
1	16

[block]
# block no. 5 follows, 44 sequences, length 19
# corresponding to MSA columns:
# 717-735
name=unknown_F
#
# <colnr> <probs for GDERKNQSTAVLIFYWHMCP>
#	G	D	E	R	K	N	Q	S	T	A	V	L	I	F	Y	W	H	M	C	P
0	0.07335	0.00863	0.01205	0.09769	0.08697	0.00872	0.06280	0.04396	0.05375	0.08385	0.02714	0.19697	0.20190	0.01016	0.00594	0.00187	0.00466	0.00891	0.00444	0.00623
1	0.13366	0.05437	0.03185	0.07772	0.26620	0.01232	0.02301	0.07895	0.04979	0.06518	0.02334	0.01334	0.00935	0.00528	0.00485	0.00152	0.00556	0.00442	0.00349	0.13580
2	0.01472	0.05306	0.01458	0.06531	0.18810	0.01023	0.00993	0.06561	0.03274	0.20498	0.04959	0.04454	0.01438	0.07355	0.13131	0.00307	0.00687	0.00591	0.00422	0.00728
3	0.00791	0.00531	0.00606	0.00603	0.00614	0.00527	0.00346	0.00813	0.00858	0.01155	0.08289	0.03612	0.02257	0.73896	0.02589	0.00497	0.00505	0.00810	0.00354	0.00346
4	0.01337	0.01162	0.05700	0.15986	0.14383	0.03227	0.02538	0.12630	0.04237	0.08605	0.09889	0.11258	0.02893	0.00794	0.00609	0.00178	0.02756	0.00684	0.00418	0.00716
5	0.10914	0.08281	0.01807	0.24031	0.23894	0.01412	0.01290	0.16926	0.01431	0.03517	0.01036	0.01286	0.00802	0.00542	0.00503	0.00165	0.00625	0.00449	0.00331	0.00759
6	0.00861	0.00557	0.00720	0.00756	0.00862	0.00516	0.00537	0.01044	0.03298	0.08253	0.19279	0.49369	0.08987	0.01438	0.00664	0.00202	0.00317	0.01285	0.00543	0.00514
7	0.00864	0.00578	0.00758	0.00702	0.00846	0.00530	0.00530	0.01119	0.01544	0.06365	0.73008	0.03950	0.04934	0.01090	0.00638	0.00171	0.00269	0.00962	0.00604	0.00537
8	0.01192	0.01014	0.01207	0.00946	0.04753	0.00805	0.00714	0.05427	0.01213	0.01867	0.00990	0.01150	0.00817	0.00421	0.00418	0.00089	0.00425	0.00339	0.00333	0.75880
9	0.01538	0.01193	0.01411	0.08979	0.08588	0.03978	0.00993	0.24638	0.15147	0.07844	0.13181	0.01982	0.01738	0.00715	0.00557	0.00167	0.00527	0.01778	0.00490	0.04557
10	0.00669	0.00482	0.00635	0.00748	0.00790	0.00447	0.00503	0.00775	0.01078	0.01438	0.07166	0.73655	0.06265	0.01664	0.00691	0.00217	0.00312	0.01505	0.00511	0.00447
11	0.00793	0.00561	0.00719	0.00684	0.00819	0.00512	0.00511	0.01029	0.01487	0.03881	0.64252	0.08332	0.12046	0.01163	0.00644	0.00175	0.00267	0.01023	0.00588	0.00515
12	0.01161	0.01103	0.01873	0.48190	0.34066	0.01246	0.01579	0.01508	0.01152	0.01553	0.00992	0.01411	0.00783	0.00521	0.00543	0.00174	0.00694	0.00485	0.00254	0.00712
13	0.01019	0.05604	0.13597	0.01392	0.08945	0.00991	0.08912	0.01422	0.07722	0.01638	0.02138	0.21801	0.05427	0.01046	0.00647	0.00199	0.02247	0.14218	0.00397	0.00638
14	0.00697	0.00498	0.00670	0.00796	0.00842	0.00471	0.00562	0.00815	0.01076	0.01428	0.02987	0.69241	0.03535	0.01677	0.00704	0.00226	0.00344	0.12473	0.00505	0.00452
15	0.01099	0.01040	0.01761	0.62945	0.19796	0.01230	0.01549	0.01454	0.01123	0.01477	0.00981	0.01431	0.00757	0.00532	0.00544	0.00177	0.00710	0.00485	0.00248	0.00662
16	0.01830	0.02417	0.08126	0.01347	0.01659	0.64238	0.01084	0.02025	0.01510	0.01452	0.08347	0.01301	0.01137	0.00612	0.00509	0.00146	0.00896	0.00418	0.00308	0.00636
17	0.00685	0.00489	0.00646	0.00742	0.00787	0.00457	0.00501	0.00801	0.01110	0.01500	0.14174	0.66199	0.03781	0.04424	0.00762	0.00225	0.00315	0.01438	0.00514	0.00450
18	0.00712	0.00529	0.00668	0.00749	0.00822	0.00502	0.00517	0.00907	0.05125	0.01542	0.12072	0.59802	0.10915	0.01554	0.00677	0.00210	0.00311	0.01394	0.00520	0.00475

[dist]
# distance from previous block
# <min> <max>
5	7

[block]
# block no. 6 follows, 44 sequences, length 28
# corresponding to MSA columns:
# 743-770
name=unknown_G
#
# <colnr> <probs for GDERKNQSTAVLIFYWHMCP>
#	G	D	E	R	K	N	Q	S	T	A	V	L	I	F	Y	W	H	M	C	P
0	0.01280	0.19068	0.56005	0.01376	0.02079	0.01415	0.01689	0.01783	0.01175	0.07855	0.01028	0.01151	0.00746	0.00520	0.00485	0.00161	0.00731	0.00391	0.00267	0.00793
1	0.01051	0.00998	0.01256	0.01147	0.01219	0.07461	0.00921	0.01210	0.00914	0.01290	0.01105	0.01659	0.01044	0.02517	0.40817	0.00555	0.33502	0.00521	0.00269	0.00544
2	0.01488	0.73450	0.04842	0.00983	0.01446	0.07539	0.00971	0.01674	0.01140	0.01299	0.00770	0.00890	0.00700	0.00475	0.00364	0.00120	0.00617	0.00299	0.00236	0.00698
3	0.00888	0.00587	0.00745	0.00688	0.00849	0.00529	0.00522	0.01123	0.01497	0.08258	0.59685	0.04077	0.16238	0.01121	0.00635	0.00173	0.00277	0.00976	0.00591	0.00540
4	0.23214	0.01253	0.01302	0.01032	0.01433	0.03988	0.00849	0.30962	0.01792	0.26810	0.01421	0.01364	0.00968	0.00620	0.00491	0.00166	0.00525	0.00454	0.00524	0.00831
5	0.84691	0.01054	0.00801	0.00717	0.01054	0.01223	0.00590	0.01603	0.00928	0.02446	0.00759	0.00886	0.00590	0.00506	0.00337	0.00169	0.00422	0.00295	0.00337	0.00590
6	0.00817	0.00584	0.00645	0.00613	0.00805	0.00499	0.00465	0.00984	0.01327	0.07855	0.19234	0.04740	0.56940	0.01271	0.00636	0.00180	0.00288	0.01069	0.00538	0.00509
7	0.01720	0.01069	0.01244	0.01015	0.01368	0.01095	0.00814	0.17726	0.22629	0.24434	0.13120	0.02071	0.01877	0.00735	0.00553	0.00166	0.00448	0.00605	0.00578	0.06731
8	0.01491	0.76587	0.02780	0.00960	0.01416	0.06618	0.00940	0.01664	0.01133	0.01286	0.00763	0.00881	0.00700	0.00472	0.00358	0.00118	0.00606	0.00295	0.00236	0.00696
9	0.01091	0.00935	0.01083	0.00787	0.01247	0.00705	0.00627	0.01324	0.01140	0.01752	0.01341	0.01467	0.07055	0.00484	0.00423	0.00089	0.00393	0.00391	0.00338	0.77328
10	0.00793	0.00529	0.00595	0.00595	0.00595	0.00529	0.00330	0.00793	0.00793	0.01057	0.01718	0.03568	0.01982	0.80840	0.02775	0.00529	0.00529	0.00793	0.00330	0.00330
11	0.00673	0.00481	0.00643	0.00769	0.00805	0.00450	0.00521	0.00774	0.01052	0.01401	0.03000	0.77460	0.03587	0.01700	0.00698	0.00223	0.00324	0.04488	0.00506	0.00445
12	0.01287	0.01471	0.03217	0.02298	0.02849	0.01379	0.75460	0.01746	0.01287	0.01746	0.01103	0.01471	0.00827	0.00460	0.00643	0.00184	0.00919	0.00643	0.00276	0.00735
13	0.00772	0.00557	0.00729	0.00686	0.00814	0.00514	0.00514	0.01029	0.01543	0.02186	0.77152	0.04072	0.05144	0.01115	0.00643	0.00171	0.00257	0.00986	0.00600	0.00514
14	0.01591	0.01534	0.09522	0.01952	0.20030	0.09803	0.13812	0.03159	0.01291	0.16603	0.01187	0.01382	0.00894	0.00612	0.00762	0.00179	0.14060	0.00500	0.00347	0.00779
15	0.00708	0.00570	0.00639	0.00678	0.00820	0.00519	0.00501	0.00923	0.05570	0.01507	0.04393	0.27572	0.45613	0.01450	0.00662	0.00200	0.00313	0.06371	0.00509	0.00481
16	0.00667	0.00481	0.00632	0.00748	0.00789	0.00446	0.00502	0.00769	0.01069	0.01421	0.05498	0.74733	0.06880	0.01675	0.00692	0.00218	0.00313	0.01514	0.00509	0.00446
17	0.04334	0.04680	0.01789	0.15167	0.21817	0.01317	0.05848	0.11264	0.10050	0.08151	0.01279	0.01494	0.00986	0.00796	0.05271	0.00214	0.03892	0.00507	0.00368	0.00775
18	0.00718	0.00489	0.00636	0.00744	0.00794	0.00463	0.00515	0.00844	0.01079	0.01495	0.04601	0.65591	0.03370	0.01564	0.00663	0.00212	0.00319	0.05753	0.09694	0.00455
19	0.00680	0.00484	0.00643	0.00764	0.00798	0.00455	0.00516	0.00778	0.01043	0.01389	0.02943	0.73552	0.03512	0.05165	0.00790	0.00236	0.00334	0.04978	0.00498	0.00441
20	0.04096	0.00981	0.01588	0.49890	0.05975	0.01131	0.07323	0.01574	0.04753	0.06127	0.01198	0.01549	0.00894	0.00562	0.00527	0.00174	0.00645	0.00504	0.09864	0.00646
21	0.00704	0.00497	0.00639	0.00727	0.00790	0.00462	0.00504	0.00836	0.01133	0.01544	0.12585	0.58845	0.08682	0.01540	0.00668	0.00208	0.00307	0.03355	0.05517	0.00459
