[name]
unknown

[dist]
# distance from previous block
# <min> <max>
14	595

[block]
# block no. 0 follows, 39 sequences, length 14
# corresponding to MSA columns:
# 717-730
name=unknown_A
#
# <colnr> <probs for GDERKNQSTAVLIFYWHMCP>
#	G	D	E	R	K	N	Q	S	T	A	V	L	I	F	Y	W	H	M	C	P
0	0.06249	0.01059	0.01372	0.13987	0.01887	0.00956	0.03201	0.03900	0.01301	0.09218	0.01301	0.05624	0.01076	0.00588	0.00506	0.00136	0.00524	0.00492	0.00391	0.46230
1	0.01252	0.03136	0.19319	0.04870	0.01732	0.02249	0.06271	0.04300	0.01205	0.05441	0.03655	0.04092	0.01276	0.05652	0.03998	0.18543	0.03143	0.01616	0.00338	0.07912
2	0.25805	0.00991	0.01107	0.00912	0.01285	0.00985	0.00742	0.02307	0.05440	0.38799	0.06196	0.01880	0.01493	0.00707	0.00516	0.00180	0.00452	0.00543	0.08836	0.00824
3	0.01459	0.14322	0.01615	0.06521	0.05641	0.01107	0.00888	0.01708	0.01286	0.12406	0.01370	0.06609	0.01159	0.00609	0.00490	0.00132	0.00509	0.00497	0.02370	0.39299
4	0.01066	0.00993	0.03824	0.01157	0.01444	0.00932	0.13023	0.01680	0.16989	0.02232	0.39149	0.03472	0.09547	0.01005	0.00673	0.00193	0.00462	0.00916	0.00559	0.00684
5	0.00874	0.00599	0.00735	0.00758	0.00794	0.00612	0.00506	0.00946	0.00956	0.01280	0.02044	0.04153	0.02279	0.56786	0.11807	0.00569	0.00694	0.12811	0.00385	0.00411
6	0.00985	0.00817	0.01226	0.17383	0.01791	0.00983	0.01031	0.01277	0.03083	0.01505	0.01671	0.02791	0.01594	0.02689	0.37854	0.00583	0.09194	0.12617	0.00346	0.00582
7	0.01393	0.01351	0.01302	0.00986	0.01474	0.13677	0.00776	0.01637	0.01302	0.01846	0.01028	0.01199	0.00857	0.00467	0.00454	0.00099	0.00544	0.00356	0.00343	0.68911
8	0.01524	0.01280	0.01371	0.01167	0.01551	0.01399	0.00919	0.11386	0.53372	0.02533	0.02058	0.01945	0.01551	0.00729	0.00573	0.00179	0.00485	0.00598	0.00558	0.14823
9	0.14958	0.00870	0.04388	0.04971	0.01278	0.00796	0.02862	0.01331	0.01355	0.06725	0.24469	0.18762	0.09915	0.01159	0.00640	0.00202	0.00424	0.03765	0.00524	0.00605
10	0.01494	0.06544	0.51853	0.01509	0.02237	0.01289	0.03861	0.02032	0.01336	0.16974	0.01401	0.04514	0.01027	0.00644	0.00571	0.00186	0.00768	0.00520	0.00362	0.00877
11	0.01328	0.15442	0.37827	0.01861	0.02574	0.01580	0.27464	0.01863	0.01293	0.01799	0.01069	0.01322	0.00804	0.00530	0.00580	0.00181	0.00877	0.00510	0.00268	0.00827
12	0.00897	0.00573	0.00694	0.00706	0.00718	0.00573	0.00437	0.00877	0.00889	0.01182	0.01834	0.03767	0.02071	0.59256	0.02697	0.14480	0.00561	0.07074	0.00358	0.00358
13	0.02193	0.01317	0.09993	0.09178	0.01934	0.01059	0.01135	0.05274	0.03320	0.46952	0.02275	0.05313	0.03709	0.00861	0.00653	0.00211	0.00608	0.02422	0.00634	0.00958

[dist]
# distance from previous block
# <min> <max>
4	9

[block]
# block no. 1 follows, 39 sequences, length 21
# corresponding to MSA columns:
# 740-760
name=unknown_B
#
# <colnr> <probs for GDERKNQSTAVLIFYWHMCP>
#	G	D	E	R	K	N	Q	S	T	A	V	L	I	F	Y	W	H	M	C	P
0	0.00723	0.00600	0.00633	0.00625	0.00814	0.00510	0.00469	0.00896	0.01406	0.01735	0.18257	0.05466	0.62936	0.01447	0.00699	0.00197	0.00296	0.01216	0.00567	0.00510
1	0.01549	0.01464	0.15736	0.36012	0.08063	0.01228	0.04658	0.01958	0.01343	0.20170	0.01383	0.01617	0.00964	0.00612	0.00591	0.00190	0.00736	0.00534	0.00381	0.00810
2	0.04679	0.01312	0.05784	0.04136	0.14568	0.01163	0.11530	0.03481	0.01354	0.14044	0.01292	0.01479	0.00976	0.00575	0.00635	0.00161	0.05621	0.00499	0.02035	0.24675
3	0.03613	0.04329	0.32619	0.01389	0.01951	0.01150	0.09684	0.01798	0.04971	0.09896	0.06241	0.06989	0.11181	0.00823	0.00609	0.00192	0.00666	0.00708	0.00409	0.00781
4	0.32716	0.01058	0.01185	0.00950	0.01373	0.01040	0.00784	0.02456	0.01437	0.48651	0.01771	0.01621	0.01157	0.00664	0.00510	0.00183	0.00486	0.00493	0.00596	0.00870
5	0.01686	0.07250	0.27860	0.07075	0.02178	0.01293	0.07464	0.08330	0.01500	0.21409	0.03945	0.01626	0.01151	0.00692	0.00646	0.03373	0.00710	0.00531	0.00426	0.00855
6	0.01299	0.01216	0.01933	0.39308	0.17799	0.01400	0.04909	0.05245	0.05187	0.01788	0.01132	0.01532	0.00892	0.00630	0.00730	0.00193	0.08897	0.00532	0.00309	0.05068
7	0.01062	0.00838	0.01042	0.00992	0.01141	0.00966	0.00747	0.01661	0.23317	0.01658	0.01830	0.02493	0.01649	0.15934	0.35232	0.03753	0.03986	0.00674	0.00406	0.00617
8	0.83394	0.01144	0.00869	0.00778	0.01144	0.01327	0.00640	0.01738	0.01006	0.02653	0.00823	0.00961	0.00640	0.00549	0.00366	0.00183	0.00457	0.00320	0.00366	0.00640
9	0.00712	0.00600	0.00617	0.00612	0.00807	0.00505	0.00459	0.00873	0.01378	0.01668	0.12317	0.05575	0.68917	0.01471	0.00699	0.00198	0.00298	0.01232	0.00558	0.00505
10	0.01332	0.00652	0.00769	0.00696	0.00895	0.00614	0.00537	0.01599	0.01437	0.16348	0.20560	0.02728	0.02535	0.00829	0.00520	0.00159	0.00320	0.00691	0.46141	0.00640
11	0.01445	0.01386	0.02367	0.07621	0.71682	0.01400	0.01806	0.01799	0.01338	0.01909	0.01109	0.01470	0.00929	0.00530	0.00586	0.00177	0.00707	0.00527	0.00291	0.00922
12	0.00699	0.00599	0.00599	0.00599	0.00799	0.00499	0.00449	0.00849	0.01348	0.01598	0.05991	0.05691	0.75288	0.01498	0.00699	0.00200	0.00300	0.01248	0.00549	0.00499
13	0.00854	0.00636	0.00784	0.00735	0.00897	0.00587	0.00555	0.03338	0.01645	0.02263	0.59400	0.04572	0.19029	0.01250	0.00694	0.00188	0.00295	0.01087	0.00629	0.00561
14	0.01226	0.01051	0.01226	0.00876	0.01401	0.00788	0.00701	0.01489	0.01226	0.01927	0.01051	0.01226	0.00876	0.00438	0.00438	0.00088	0.00438	0.00350	0.00350	0.82832
15	0.01226	0.01051	0.01226	0.00876	0.01401	0.00788	0.00701	0.01489	0.01226	0.01927	0.01051	0.01226	0.00876	0.00438	0.00438	0.00088	0.00438	0.00350	0.00350	0.82832
16	0.01403	0.06992	0.10532	0.08306	0.23368	0.01283	0.09028	0.03213	0.03909	0.07124	0.07831	0.04180	0.01453	0.00653	0.00584	0.00174	0.00659	0.00598	0.00376	0.08334
17	0.75167	0.01201	0.03507	0.00827	0.01217	0.01298	0.00709	0.01819	0.01061	0.07512	0.00932	0.01041	0.00699	0.00562	0.00388	0.00183	0.00475	0.00343	0.00386	0.00673
18	0.01027	0.00514	0.00770	0.00770	0.00770	0.00514	0.00514	0.00770	0.00770	0.01027	0.01027	0.01798	0.01027	0.02054	0.02311	0.82794	0.00514	0.00514	0.00257	0.00257
19	0.04260	0.07324	0.05888	0.06422	0.14186	0.25888	0.01295	0.18663	0.01773	0.07119	0.01167	0.01308	0.00892	0.00615	0.00549	0.00168	0.00797	0.00460	0.00391	0.00835
20	0.01199	0.01140	0.05794	0.00945	0.01456	0.00814	0.00815	0.01488	0.01240	0.01909	0.01243	0.01728	0.01101	0.00556	0.00480	0.00111	0.00474	0.06903	0.00362	0.70240

[dist]
# distance from previous block
# <min> <max>
5	8

[block]
# block no. 2 follows, 39 sequences, length 18
# corresponding to MSA columns:
# 770-787
name=unknown_C
#
# <colnr> <probs for GDERKNQSTAVLIFYWHMCP>
#	G	D	E	R	K	N	Q	S	T	A	V	L	I	F	Y	W	H	M	C	P
0	0.03525	0.28304	0.14510	0.01325	0.01784	0.18326	0.03021	0.08265	0.01461	0.01788	0.03850	0.01467	0.01071	0.00662	0.00595	0.00166	0.05495	0.03301	0.00325	0.00759
1	0.01839	0.15249	0.09661	0.01208	0.01661	0.10236	0.01089	0.22637	0.07964	0.09706	0.01442	0.01487	0.01074	0.00649	0.00523	0.00163	0.00643	0.00483	0.09603	0.02681
2	0.04572	0.04550	0.01892	0.18330	0.19337	0.04852	0.04856	0.08446	0.14559	0.02072	0.01320	0.01541	0.01030	0.00611	0.00590	0.00177	0.02173	0.00522	0.00375	0.08196
3	0.01470	0.01162	0.03257	0.04931	0.23651	0.02970	0.03304	0.01906	0.08943	0.14152	0.14316	0.05492	0.05591	0.00817	0.00643	0.00185	0.02094	0.00719	0.00480	0.03917
4	0.01251	0.03856	0.06785	0.18802	0.17642	0.01225	0.06405	0.04278	0.04500	0.01882	0.06123	0.07987	0.01498	0.00732	0.00624	0.00181	0.02408	0.02048	0.00362	0.11410
5	0.00844	0.00585	0.00686	0.00695	0.00743	0.00569	0.00445	0.00922	0.01069	0.01427	0.13387	0.07332	0.08864	0.52473	0.02226	0.00450	0.00495	0.05932	0.00439	0.00418
6	0.08239	0.11660	0.19992	0.01545	0.10891	0.01396	0.03715	0.09883	0.01448	0.09000	0.01179	0.01311	0.00888	0.00557	0.00513	0.00158	0.00652	0.00441	0.00368	0.16163
7	0.01517	0.01293	0.01363	0.01213	0.01555	0.01492	0.00947	0.07277	0.70250	0.02547	0.02349	0.02160	0.01758	0.00797	0.00601	0.00199	0.00479	0.00661	0.00601	0.00940
8	0.01313	0.01383	0.07341	0.27222	0.45152	0.01348	0.01747	0.01700	0.01297	0.01806	0.03365	0.01576	0.01018	0.00571	0.00589	0.00184	0.00729	0.00537	0.00291	0.00831
9	0.01142	0.04361	0.07302	0.15620	0.19571	0.01113	0.03816	0.03832	0.03858	0.01755	0.01914	0.29215	0.01986	0.01031	0.00642	0.00203	0.00600	0.00936	0.00395	0.00708
10	0.01396	0.01595	0.03490	0.02493	0.03091	0.01496	0.73380	0.01894	0.01396	0.01894	0.01196	0.01595	0.00897	0.00499	0.00698	0.00199	0.00997	0.00698	0.00299	0.00798
11	0.01523	0.03589	0.01642	0.16629	0.17016	0.07929	0.01197	0.11041	0.01502	0.09242	0.01698	0.10514	0.04094	0.03339	0.03560	0.00224	0.00688	0.00681	0.00413	0.03480
12	0.00742	0.00572	0.00678	0.00712	0.00841	0.00508	0.00511	0.00911	0.01362	0.01772	0.23273	0.29699	0.33213	0.01540	0.00717	0.00210	0.00309	0.01345	0.00576	0.00508
13	0.01403	0.13426	0.02055	0.01653	0.08171	0.05964	0.01289	0.01563	0.01033	0.01465	0.00821	0.01243	0.00787	0.00885	0.01502	0.00225	0.55078	0.00480	0.00263	0.00692
14	0.01198	0.01340	0.11606	0.26990	0.05936	0.01242	0.07730	0.06035	0.08289	0.01825	0.01546	0.11614	0.01375	0.01121	0.07466	0.00268	0.02633	0.00702	0.00360	0.00725
15	0.00731	0.00527	0.00675	0.00787	0.00833	0.00490	0.00523	0.00829	0.01127	0.01485	0.03380	0.65573	0.10156	0.08733	0.00951	0.00266	0.00360	0.01569	0.00532	0.00471
16	0.01365	0.01482	0.04694	0.04213	0.09245	0.01407	0.49304	0.04490	0.01412	0.01924	0.01406	0.02165	0.01194	0.00669	0.00739	0.00207	0.03816	0.09150	0.00335	0.00780
17	0.01288	0.02779	0.58708	0.01859	0.05185	0.06004	0.12170	0.01904	0.01299	0.01852	0.01073	0.01294	0.00778	0.00555	0.00580	0.00186	0.00897	0.00474	0.00262	0.00854

[dist]
# distance from previous block
# <min> <max>
1	46

[block]
# block no. 3 follows, 39 sequences, length 34
# corresponding to MSA columns:
# 834-867
name=unknown_D
#
# <colnr> <probs for GDERKNQSTAVLIFYWHMCP>
#	G	D	E	R	K	N	Q	S	T	A	V	L	I	F	Y	W	H	M	C	P
0	0.01069	0.04028	0.05289	0.12504	0.10458	0.01086	0.03272	0.01425	0.05602	0.01776	0.12114	0.05380	0.20471	0.01020	0.00788	0.00202	0.09085	0.03342	0.00427	0.00663
1	0.06685	0.03077	0.09117	0.01179	0.01657	0.01333	0.01046	0.24916	0.10875	0.17583	0.05412	0.01714	0.01365	0.00689	0.00559	0.00171	0.00564	0.00541	0.00539	0.10977
2	0.00877	0.00642	0.00850	0.00832	0.00885	0.00714	0.00585	0.00990	0.00949	0.01330	0.05997	0.03101	0.01989	0.38553	0.34000	0.00692	0.05448	0.00757	0.00352	0.00458
3	0.28273	0.20185	0.13737	0.04939	0.09280	0.01557	0.01181	0.04186	0.01256	0.08989	0.01062	0.01198	0.00812	0.00563	0.00462	0.00170	0.00617	0.00401	0.00350	0.00783
4	0.01577	0.60408	0.07921	0.01177	0.03566	0.08905	0.01115	0.01839	0.03011	0.01470	0.00921	0.01075	0.00815	0.00673	0.03252	0.00167	0.00722	0.00356	0.00269	0.00761
5	0.81133	0.01141	0.00894	0.02894	0.01224	0.01326	0.00668	0.01732	0.01011	0.02622	0.00830	0.00978	0.00645	0.00550	0.00372	0.00183	0.00467	0.00326	0.00363	0.00641
6	0.04503	0.05762	0.13392	0.30021	0.19546	0.01324	0.01562	0.01789	0.01287	0.09197	0.02645	0.01530	0.00975	0.00587	0.00562	0.00181	0.00710	0.00505	0.00329	0.03594
7	0.01410	0.29786	0.12688	0.11732	0.09669	0.01706	0.05325	0.04378	0.09851	0.01820	0.05321	0.01521	0.01189	0.00608	0.00523	0.00167	0.00676	0.00495	0.00335	0.00800
8	0.01019	0.00883	0.01262	0.03759	0.01299	0.01133	0.00934	0.01186	0.00933	0.01373	0.01299	0.02077	0.01266	0.10535	0.39564	0.00635	0.29376	0.00610	0.00298	0.00559
9	0.01594	0.05275	0.01480	0.01238	0.01583	0.10417	0.00971	0.05753	0.59494	0.02349	0.02115	0.01980	0.01600	0.00762	0.00582	0.00190	0.00554	0.00612	0.00549	0.00901
10	0.01042	0.00682	0.00825	0.00770	0.00943	0.00602	0.00539	0.01172	0.01195	0.09141	0.07970	0.22883	0.12104	0.23224	0.01313	0.00295	0.00429	0.01031	0.00490	0.13351
11	0.05812	0.01260	0.04336	0.10340	0.24788	0.01258	0.02695	0.07394	0.03581	0.12811	0.05227	0.01923	0.01352	0.02892	0.00744	0.00198	0.05759	0.03026	0.00417	0.04188
12	0.04998	0.05982	0.22247	0.01449	0.04108	0.01630	0.01384	0.35665	0.09279	0.05448	0.01389	0.01431	0.01002	0.00657	0.00565	0.00180	0.00682	0.00502	0.00468	0.00934
13	0.00848	0.00622	0.00891	0.00891	0.00976	0.00707	0.00665	0.01018	0.00933	0.01329	0.01639	0.02626	0.01610	0.19055	0.62433	0.00877	0.01386	0.00678	0.00325	0.00495
14	0.01290	0.01351	0.06678	0.30818	0.14255	0.01313	0.23506	0.01700	0.01292	0.04534	0.01306	0.06872	0.01082	0.00643	0.00633	0.00196	0.00803	0.00655	0.00315	0.00756
15	0.04003	0.01206	0.01700	0.07245	0.19032	0.05534	0.05670	0.02170	0.05070	0.28478	0.07240	0.02042	0.01553	0.00759	0.00668	0.03316	0.00616	0.02355	0.00498	0.00846
16	0.01526	0.01063	0.01232	0.01149	0.01404	0.08629	0.02524	0.06991	0.03460	0.16927	0.04849	0.03869	0.02281	0.01598	0.11066	0.00321	0.00737	0.29143	0.00530	0.00701
17	0.02593	0.00989	0.01340	0.01033	0.01478	0.00857	0.00851	0.02823	0.01675	0.73064	0.02317	0.02020	0.01466	0.00730	0.00588	0.00181	0.00494	0.00593	0.03919	0.00989
18	0.01736	0.35683	0.02225	0.02620	0.01601	0.03666	0.01023	0.21724	0.02870	0.06418	0.05576	0.04467	0.01294	0.00715	0.00602	0.00164	0.05873	0.00515	0.00417	0.00811
19	0.04880	0.01600	0.19785	0.06762	0.11290	0.01183	0.05600	0.02215	0.08731	0.24401	0.04299	0.01869	0.03355	0.00679	0.00590	0.00187	0.00648	0.00581	0.00467	0.00879
20	0.01016	0.00731	0.01009	0.05176	0.06050	0.00739	0.04122	0.02464	0.01038	0.02722	0.05481	0.03239	0.01987	0.51502	0.02260	0.05338	0.00585	0.00780	0.03291	0.00470
21	0.01718	0.01301	0.05918	0.17365	0.12071	0.01288	0.01267	0.13118	0.13259	0.18706	0.01712	0.04422	0.01282	0.00825	0.02919	0.00212	0.00655	0.00603	0.00487	0.00873
22	0.01734	0.16686	0.12791	0.05978	0.20643	0.03590	0.05104	0.04638	0.03200	0.18037	0.01354	0.01472	0.00999	0.00590	0.00550	0.00172	0.00692	0.00496	0.00392	0.00882
23	0.01531	0.09478	0.17959	0.08097	0.18422	0.03862	0.11412	0.04675	0.04373	0.08552	0.01230	0.01451	0.00934	0.00600	0.00648	0.00184	0.04883	0.00517	0.00340	0.00850
24	0.01021	0.00542	0.00821	0.03935	0.00921	0.00558	0.00572	0.00816	0.00797	0.01065	0.01057	0.01816	0.01041	0.02118	0.06110	0.75163	0.00580	0.00520	0.00260	0.00287
25	0.01085	0.00924	0.01439	0.08924	0.19169	0.00935	0.06524	0.03372	0.01215	0.01651	0.06898	0.12644	0.04939	0.26094	0.01408	0.00317	0.00599	0.00862	0.00388	0.00613
26	0.05189	0.01351	0.04544	0.11923	0.14241	0.04457	0.11131	0.06271	0.03124	0.24000	0.01557	0.01764	0.01132	0.00642	0.00593	0.00183	0.00683	0.02535	0.00456	0.04224
27	0.01762	0.04044	0.13660	0.13880	0.20274	0.01461	0.01532	0.14702	0.03221	0.09893	0.01575	0.05434	0.01276	0.00785	0.00659	0.00215	0.00736	0.00624	0.00463	0.03805
28	0.01385	0.05458	0.04069	0.20988	0.06357	0.08537	0.06031	0.05662	0.04056	0.01718	0.01200	0.04743	0.01061	0.00784	0.00927	0.00203	0.20087	0.02843	0.00324	0.03566
29	0.28060	0.04430	0.03150	0.00984	0.01262	0.03586	0.00819	0.04456	0.01151	0.04564	0.04101	0.01658	0.01194	0.01925	0.26289	0.00438	0.06185	0.00493	0.00365	0.04889
30	0.01245	0.00939	0.01268	0.03571	0.04063	0.00848	0.05049	0.06417	0.01399	0.07870	0.06241	0.15249	0.07513	0.02764	0.02243	0.00197	0.00512	0.06223	0.00469	0.25921
31	0.06443	0.38908	0.06277	0.01188	0.04351	0.03366	0.01052	0.06843	0.06717	0.07998	0.02726	0.03583	0.01106	0.00639	0.00522	0.00157	0.03294	0.00460	0.00371	0.03996
32	0.10186	0.06406	0.04107	0.02851	0.01701	0.01267	0.08951	0.01860	0.04238	0.13765	0.01282	0.02797	0.01009	0.00658	0.00759	0.00170	0.13936	0.00495	0.00394	0.23167
33	0.12101	0.24422	0.05319	0.05396	0.10297	0.11622	0.01089	0.01875	0.01305	0.09675	0.02492	0.03878	0.01085	0.03595	0.00584	0.00176	0.00657	0.00475	0.00355	0.03603

[dist]
# distance from previous block
# <min> <max>
0	79

[block]
# block no. 4 follows, 39 sequences, length 18
# corresponding to MSA columns:
# 954-971
name=unknown_E
#
# <colnr> <probs for GDERKNQSTAVLIFYWHMCP>
#	G	D	E	R	K	N	Q	S	T	A	V	L	I	F	Y	W	H	M	C	P
0	0.05672	0.00799	0.01062	0.00942	0.01184	0.00753	0.03877	0.01540	0.02581	0.17869	0.07596	0.03526	0.12025	0.09826	0.04487	0.08148	0.00539	0.12332	0.00506	0.04735
1	0.01437	0.04835	0.05857	0.03019	0.05500	0.01400	0.01038	0.11219	0.41993	0.02359	0.02299	0.09212	0.05501	0.00877	0.00606	0.00196	0.00521	0.00735	0.00533	0.00862
2	0.01529	0.04221	0.05027	0.01115	0.01474	0.01212	0.00935	0.22656	0.01679	0.08049	0.01934	0.16251	0.05908	0.00936	0.00717	0.00179	0.07886	0.00746	0.00483	0.17063
3	0.03417	0.14581	0.30864	0.16814	0.02373	0.01373	0.01519	0.01754	0.01252	0.07524	0.01362	0.05214	0.03125	0.00654	0.00541	0.00176	0.00708	0.00523	0.00323	0.05903
4	0.01586	0.16618	0.16590	0.04622	0.01802	0.09359	0.02601	0.06756	0.02783	0.11480	0.01472	0.09036	0.01275	0.03825	0.00727	0.00195	0.05259	0.00595	0.02651	0.00768
5	0.00750	0.00559	0.00690	0.00766	0.00855	0.00515	0.00538	0.00882	0.01214	0.01577	0.08704	0.43415	0.22275	0.07346	0.02667	0.00268	0.00385	0.05571	0.00537	0.00487
6	0.01268	0.02945	0.71988	0.01650	0.02501	0.01345	0.02112	0.01929	0.01273	0.05997	0.01132	0.01291	0.00789	0.00571	0.00564	0.00187	0.00853	0.00446	0.00277	0.00881
7	0.04933	0.04642	0.02121	0.30259	0.18020	0.01341	0.15047	0.01682	0.04805	0.01763	0.01348	0.08920	0.01180	0.00686	0.00607	0.00194	0.00730	0.00658	0.00324	0.00742
8	0.01510	0.32976	0.33873	0.01306	0.01945	0.01680	0.01480	0.01971	0.04139	0.10168	0.01220	0.03195	0.00955	0.00601	0.00500	0.00165	0.00707	0.00447	0.00327	0.00836
9	0.00845	0.00634	0.00950	0.00950	0.01056	0.00739	0.00739	0.01056	0.00950	0.01373	0.01584	0.02323	0.01478	0.04435	0.76873	0.00950	0.01584	0.00634	0.00317	0.00528
10	0.01027	0.00514	0.00770	0.00770	0.00770	0.00514	0.00514	0.00770	0.00770	0.01027	0.01027	0.01798	0.01027	0.02054	0.02311	0.82794	0.00514	0.00514	0.00257	0.00257
11	0.04735	0.16357	0.04092	0.32319	0.15025	0.08200	0.01421	0.01679	0.01232	0.01600	0.01019	0.01392	0.00836	0.00789	0.04817	0.00219	0.02801	0.00468	0.00276	0.00724
12	0.00752	0.00597	0.00682	0.00710	0.00869	0.00526	0.00538	0.00929	0.01367	0.01722	0.15772	0.16356	0.45967	0.01522	0.00720	0.00212	0.00331	0.09352	0.00564	0.00511
13	0.00823	0.00604	0.00770	0.00729	0.00875	0.00552	0.00547	0.01088	0.01640	0.02290	0.67961	0.04551	0.12885	0.01239	0.00698	0.00187	0.00281	0.01088	0.00640	0.00552
14	0.01279	0.18375	0.44192	0.01643	0.02346	0.01545	0.14430	0.01798	0.01259	0.01758	0.01156	0.05486	0.00950	0.00610	0.00559	0.00180	0.00817	0.00526	0.00275	0.00815
15	0.12182	0.01249	0.01265	0.04535	0.01550	0.06622	0.00893	0.02585	0.38550	0.13261	0.06466	0.02174	0.04579	0.00787	0.00574	0.00191	0.00511	0.00632	0.00555	0.00839
16	0.35027	0.05102	0.01510	0.09184	0.03703	0.02846	0.04075	0.16747	0.01485	0.06206	0.01083	0.01243	0.00818	0.00605	0.00536	0.00178	0.03569	0.00432	0.00404	0.05248
17	0.09061	0.06561	0.14213	0.03245	0.03214	0.03229	0.04591	0.11777	0.07333	0.09310	0.05295	0.01713	0.01297	0.01015	0.06744	0.02222	0.03735	0.00540	0.04121	0.00786

[dist]
# distance from previous block
# <min> <max>
4	30

[block]
# block no. 5 follows, 39 sequences, length 11
# corresponding to MSA columns:
# 1005-1015
name=unknown_F
#
# <colnr> <probs for GDERKNQSTAVLIFYWHMCP>
#	G	D	E	R	K	N	Q	S	T	A	V	L	I	F	Y	W	H	M	C	P
0	0.20395	0.00768	0.00862	0.00780	0.01002	0.00767	0.00606	0.01423	0.01519	0.09144	0.51097	0.03386	0.04044	0.01010	0.00610	0.00185	0.00341	0.00850	0.00591	0.00618
1	0.01326	0.30176	0.50262	0.01447	0.02190	0.01716	0.01769	0.01837	0.01232	0.01702	0.00977	0.01142	0.00753	0.00542	0.00497	0.00166	0.00788	0.00394	0.00251	0.00833
2	0.00974	0.00859	0.01547	0.01313	0.01534	0.00917	0.17802	0.01253	0.01055	0.01495	0.01493	0.02152	0.01342	0.03511	0.58980	0.00774	0.01446	0.00649	0.00313	0.00591
3	0.34887	0.01124	0.01162	0.00977	0.01369	0.01195	0.00793	0.02483	0.18509	0.29172	0.01743	0.01635	0.01213	0.00675	0.00504	0.00187	0.00477	0.00502	0.00554	0.00843
4	0.01854	0.02297	0.01423	0.01306	0.01586	0.58910	0.00980	0.02006	0.01599	0.01483	0.02107	0.02153	0.18268	0.00818	0.00572	0.00163	0.00886	0.00585	0.00362	0.00642
5	0.01610	0.54520	0.02562	0.01101	0.01549	0.08600	0.01005	0.02144	0.18451	0.01650	0.01202	0.01254	0.01005	0.00585	0.00445	0.00146	0.00631	0.00405	0.00339	0.00794
6	0.00803	0.00615	0.00834	0.00814	0.00948	0.00562	0.03334	0.01018	0.01451	0.01978	0.40350	0.26955	0.15279	0.01419	0.00715	0.00205	0.00329	0.01266	0.00592	0.00535
7	0.01565	0.50037	0.02592	0.19107	0.02163	0.06259	0.01177	0.07972	0.01361	0.01625	0.00933	0.01144	0.00787	0.00550	0.00456	0.00149	0.00695	0.00388	0.00288	0.00752
8	0.01071	0.00835	0.00885	0.00858	0.01054	0.03384	0.00639	0.03459	0.17013	0.04134	0.11254	0.21291	0.21885	0.01254	0.00653	0.00200	0.00383	0.01075	0.08040	0.00634
9	0.05636	0.03347	0.05063	0.07327	0.04950	0.02916	0.00994	0.08946	0.13098	0.11625	0.02046	0.21911	0.01896	0.00999	0.00667	0.00201	0.03805	0.00838	0.02977	0.00757
10	0.01320	0.09721	0.11321	0.01223	0.02862	0.03738	0.08072	0.05864	0.07305	0.03348	0.08479	0.04694	0.04281	0.00777	0.00631	0.00176	0.05137	0.00638	0.19693	0.00719

[dist]
# distance from previous block
# <min> <max>
0	1

[block]
# block no. 6 follows, 39 sequences, length 12
# corresponding to MSA columns:
# 1017,1019-1029
name=unknown_G
#
# <colnr> <probs for GDERKNQSTAVLIFYWHMCP>
#	G	D	E	R	K	N	Q	S	T	A	V	L	I	F	Y	W	H	M	C	P
0	0.49780	0.01074	0.01266	0.01046	0.01377	0.01159	0.11436	0.01626	0.01054	0.06286	0.01005	0.01286	0.00804	0.00861	0.00828	0.17170	0.00552	0.00431	0.00354	0.00605
1	0.02021	0.01487	0.01613	0.01281	0.01689	0.01633	0.01039	0.62748	0.02536	0.03398	0.01693	0.12923	0.01437	0.00880	0.00616	0.00187	0.00605	0.00703	0.00585	0.00928
2	0.64277	0.12763	0.01200	0.00810	0.01188	0.01422	0.00691	0.01762	0.01070	0.04856	0.00931	0.01059	0.00731	0.00556	0.00378	0.00172	0.00475	0.00341	0.04653	0.00665
3	0.00860	0.00573	0.00645	0.00645	0.00645	0.00573	0.00358	0.00860	0.00860	0.01147	0.01863	0.03870	0.02150	0.79217	0.03010	0.00573	0.00573	0.00860	0.00358	0.00358
4	0.01146	0.01030	0.04532	0.00895	0.01308	0.00785	0.00733	0.04205	0.01327	0.01984	0.12311	0.08142	0.01891	0.05069	0.00657	0.00150	0.00443	0.00605	0.00416	0.52370
5	0.01104	0.00928	0.01445	0.38747	0.05108	0.01050	0.03218	0.01506	0.06085	0.04208	0.12645	0.10372	0.03533	0.03985	0.00734	0.00217	0.00612	0.03447	0.00410	0.00648
6	0.04833	0.01230	0.01625	0.01252	0.01682	0.01202	0.11610	0.21924	0.05565	0.07863	0.05442	0.06720	0.06055	0.00761	0.00586	0.00168	0.00566	0.00661	0.00492	0.19765
7	0.13708	0.06936	0.04955	0.06289	0.04326	0.02686	0.03469	0.10401	0.06911	0.08910	0.05847	0.01934	0.02479	0.00698	0.00540	0.00170	0.00567	0.04465	0.00444	0.14266
8	0.01326	0.11536	0.01829	0.21510	0.19857	0.03546	0.01245	0.01656	0.03547	0.05086	0.01866	0.02062	0.11962	0.00695	0.00559	0.00169	0.00620	0.00589	0.00354	0.09985
9	0.18603	0.05277	0.06781	0.26665	0.02471	0.08142	0.06506	0.01719	0.01212	0.04742	0.01119	0.04655	0.00921	0.00655	0.00624	0.00188	0.05723	0.00512	0.00323	0.03161
10	0.01208	0.07534	0.01369	0.14113	0.03341	0.00975	0.03726	0.01410	0.01220	0.10055	0.06110	0.14066	0.05874	0.16273	0.01135	0.00269	0.03144	0.03870	0.00431	0.03875
11	0.07206	0.01155	0.04413	0.09915	0.07925	0.01132	0.03536	0.14527	0.03017	0.14912	0.03390	0.13745	0.01852	0.00958	0.00633	0.00204	0.00583	0.09614	0.00504	0.00778

[dist]
# distance from previous block
# <min> <max>
4	26

[block]
# block no. 7 follows, 39 sequences, length 85
# corresponding to MSA columns:
# 1059-1143
name=unknown_H
#
# <colnr> <probs for GDERKNQSTAVLIFYWHMCP>
#	G	D	E	R	K	N	Q	S	T	A	V	L	I	F	Y	W	H	M	C	P
0	0.09541	0.01051	0.01502	0.08344	0.15354	0.01119	0.06422	0.03536	0.09181	0.01961	0.04411	0.16873	0.04863	0.01022	0.02705	0.00217	0.04398	0.00805	0.03488	0.03207
1	0.01317	0.06704	0.33148	0.09304	0.08811	0.01235	0.01548	0.01774	0.01289	0.06592	0.04182	0.01457	0.01043	0.00569	0.00536	0.00161	0.00691	0.00464	0.00325	0.18851
2	0.06505	0.12298	0.21281	0.06943	0.05672	0.03793	0.01372	0.03381	0.06617	0.04785	0.02507	0.01488	0.01021	0.00660	0.00692	0.00179	0.09903	0.01833	0.00338	0.08732
3	0.01052	0.00785	0.00993	0.05652	0.03764	0.00696	0.00690	0.01311	0.01408	0.04787	0.26642	0.06074	0.12043	0.00933	0.00588	0.00159	0.00381	0.00802	0.08599	0.22641
4	0.01484	0.46670	0.07230	0.01339	0.08490	0.01823	0.03013	0.01759	0.03014	0.05154	0.01228	0.08646	0.01147	0.00673	0.00521	0.00155	0.02978	0.00515	0.00322	0.03839
5	0.00885	0.00625	0.00770	0.00729	0.00774	0.00608	0.02880	0.00920	0.00911	0.01228	0.01892	0.08345	0.02162	0.68316	0.02680	0.00519	0.00568	0.00884	0.00368	0.03934
6	0.29509	0.09278	0.01399	0.06457	0.04406	0.03020	0.00872	0.05304	0.08955	0.15080	0.01413	0.01647	0.01109	0.08369	0.00731	0.00217	0.00552	0.00491	0.00441	0.00750
7	0.01829	0.24675	0.02053	0.01250	0.01660	0.11368	0.01056	0.24250	0.18697	0.02369	0.01383	0.01413	0.01078	0.00671	0.00577	0.00168	0.03714	0.00480	0.00445	0.00862
8	0.01266	0.05634	0.14598	0.07572	0.08087	0.01143	0.07506	0.02912	0.01266	0.01862	0.01088	0.01346	0.00876	0.00665	0.03799	0.00171	0.00676	0.00438	0.00314	0.38779
9	0.01559	0.17580	0.38404	0.01555	0.05007	0.01507	0.06067	0.03959	0.03333	0.13722	0.01274	0.01372	0.00917	0.00583	0.00542	0.00175	0.00751	0.00467	0.00351	0.00875
10	0.00846	0.00627	0.00918	0.00918	0.01013	0.00722	0.00699	0.01035	0.00941	0.01349	0.01613	0.02486	0.01549	0.12289	0.69116	0.00911	0.01478	0.00657	0.00321	0.00510
11	0.00846	0.00631	0.00935	0.00935	0.01036	0.00731	0.00720	0.01046	0.00946	0.01362	0.01598	0.02399	0.01512	0.08121	0.73233	0.00932	0.01534	0.00645	0.00319	0.00520
12	0.01496	0.05437	0.18590	0.28651	0.17282	0.01317	0.01630	0.01908	0.01321	0.14864	0.01281	0.01527	0.00927	0.00593	0.00574	0.00185	0.00732	0.00508	0.00348	0.00828
13	0.01414	0.01938	0.21754	0.15733	0.07545	0.10848	0.03673	0.04377	0.09593	0.01810	0.01163	0.01434	0.00909	0.00685	0.00819	0.00198	0.14502	0.00504	0.00317	0.00784
14	0.01565	0.01222	0.01288	0.01120	0.01448	0.01382	0.00882	0.17254	0.46817	0.02683	0.02120	0.02045	0.01590	0.00763	0.00566	0.00185	0.00471	0.00620	0.15096	0.00882
15	0.39135	0.00945	0.00987	0.00857	0.01156	0.00997	0.00677	0.01810	0.01143	0.22354	0.01344	0.01557	0.01024	0.03189	0.04914	0.15806	0.00543	0.00463	0.00443	0.00655
16	0.01027	0.00514	0.00770	0.00770	0.00770	0.00514	0.00514	0.00770	0.00770	0.01027	0.01027	0.01798	0.01027	0.02054	0.02311	0.82794	0.00514	0.00514	0.00257	0.00257
17	0.02209	0.02819	0.01676	0.01524	0.01828	0.76843	0.01143	0.02361	0.01676	0.01447	0.00914	0.01066	0.00762	0.00609	0.00533	0.00152	0.01066	0.00381	0.00305	0.00686
18	0.00735	0.00525	0.00703	0.00840	0.00881	0.00493	0.00574	0.00848	0.01146	0.01526	0.03251	0.74338	0.03880	0.01839	0.00759	0.00242	0.00356	0.06031	0.00549	0.00484
19	0.02141	0.02692	0.01687	0.01515	0.01822	0.71537	0.03313	0.02308	0.01650	0.01491	0.00963	0.01127	0.00796	0.00609	0.00534	0.00153	0.01033	0.00397	0.03549	0.00684
20	0.02153	0.02727	0.01639	0.01491	0.01789	0.73702	0.01119	0.02310	0.01676	0.01485	0.03973	0.01204	0.00960	0.00634	0.00540	0.00154	0.01034	0.00409	0.00319	0.00680
21	0.00744	0.00564	0.00693	0.00785	0.00887	0.00513	0.00570	0.00885	0.01233	0.01573	0.04135	0.45348	0.27174	0.01708	0.00745	0.00231	0.00356	0.10812	0.00548	0.00495
22	0.01427	0.01070	0.01265	0.00915	0.01431	0.00839	0.00737	0.04544	0.01341	0.10287	0.01209	0.01322	0.00947	0.00482	0.00462	0.00102	0.00454	0.00385	0.00403	0.70377
23	0.01422	0.13855	0.03673	0.07201	0.01509	0.10311	0.00884	0.12364	0.05483	0.01801	0.01506	0.06829	0.01443	0.20089	0.01231	0.04340	0.00643	0.00636	0.04139	0.00642
24	0.02081	0.00974	0.01259	0.01032	0.01364	0.00936	0.00819	0.09827	0.08094	0.42313	0.01950	0.02018	0.01384	0.01070	0.01008	0.19833	0.00519	0.02117	0.00588	0.00812
25	0.01269	0.01050	0.01467	0.10083	0.09017	0.01001	0.02618	0.01540	0.01196	0.05997	0.01196	0.01519	0.00992	0.01150	0.12485	0.00264	0.06701	0.00467	0.00343	0.39647
26	0.60970	0.11083	0.03552	0.00902	0.01295	0.05590	0.00783	0.04448	0.01140	0.02412	0.00878	0.01027	0.00701	0.00657	0.02434	0.00195	0.00563	0.00343	0.00352	0.00676
27	0.02212	0.01622	0.01736	0.01335	0.01798	0.01794	0.01102	0.71283	0.02732	0.03679	0.01436	0.01445	0.01022	0.00709	0.00586	0.00176	0.00639	0.00533	0.03171	0.00991
28	0.00795	0.00567	0.00736	0.00765	0.00865	0.00525	0.00547	0.01000	0.01435	0.02000	0.42218	0.34047	0.06859	0.01458	0.00712	0.00207	0.00305	0.01303	0.03134	0.00525
29	0.00721	0.00515	0.00686	0.00823	0.00858	0.00480	0.00549	0.00823	0.01132	0.01510	0.03259	0.78831	0.03911	0.01853	0.00755	0.00240	0.00343	0.01681	0.00549	0.00480
30	0.01277	0.01182	0.04338	0.61175	0.08096	0.01346	0.01600	0.06014	0.01308	0.04747	0.01125	0.01561	0.00837	0.00609	0.00619	0.00195	0.02425	0.00526	0.00304	0.00717
31	0.01168	0.01088	0.01530	0.01348	0.01370	0.01473	0.01098	0.01291	0.00907	0.01382	0.01011	0.01667	0.01006	0.06117	0.17289	0.03675	0.55153	0.00560	0.00276	0.00591
32	0.00788	0.00586	0.00723	0.00756	0.00868	0.00545	0.00550	0.00957	0.01310	0.01733	0.22393	0.22839	0.21934	0.10328	0.04263	0.00287	0.00413	0.07683	0.00544	0.00500
33	0.14582	0.15192	0.05298	0.19661	0.22018	0.03888	0.04090	0.01727	0.01214	0.01810	0.00978	0.01293	0.00800	0.00570	0.00585	0.00178	0.04613	0.00454	0.00288	0.00762
34	0.01765	0.01102	0.07503	0.01047	0.01410	0.00930	0.00907	0.02226	0.11003	0.34778	0.22592	0.02714	0.04539	0.00892	0.00677	0.00190	0.03526	0.00738	0.00628	0.00833
35	0.16093	0.06972	0.01743	0.03745	0.07651	0.01291	0.09158	0.06299	0.03507	0.14360	0.01301	0.01434	0.00976	0.00598	0.00590	0.00166	0.04893	0.00478	0.02851	0.15895
36	0.00728	0.00594	0.00645	0.00656	0.00829	0.00511	0.00489	0.00895	0.01373	0.01704	0.15453	0.12828	0.56189	0.01496	0.00708	0.00204	0.00308	0.03319	0.00563	0.00507
37	0.02013	0.02402	0.05963	0.01652	0.08561	0.51063	0.01221	0.05395	0.06818	0.04772	0.01132	0.01254	0.00895	0.00616	0.00546	0.00160	0.00915	0.00432	0.00353	0.03836
38	0.83394	0.01144	0.00869	0.00778	0.01144	0.01327	0.00640	0.01738	0.01006	0.02653	0.00823	0.00961	0.00640	0.00549	0.00366	0.00183	0.00457	0.00320	0.00366	0.00640
39	0.00756	0.00594	0.00683	0.00676	0.00838	0.00521	0.00501	0.00954	0.01461	0.01900	0.33450	0.11217	0.41521	0.01412	0.00703	0.00198	0.00295	0.01212	0.00590	0.00521
40	0.02104	0.02599	0.01628	0.01478	0.01787	0.66150	0.01113	0.02472	0.12001	0.01593	0.01126	0.01228	0.00910	0.00637	0.00543	0.00159	0.00982	0.00422	0.00347	0.00721
41	0.00990	0.00669	0.00855	0.00786	0.00956	0.00626	0.00596	0.04316	0.01692	0.06465	0.63154	0.06977	0.07243	0.01194	0.00689	0.00188	0.00311	0.01048	0.00646	0.00598
42	0.01226	0.01051	0.01226	0.00876	0.01401	0.00788	0.00701	0.01489	0.01226	0.01927	0.01051	0.01226	0.00876	0.00438	0.00438	0.00088	0.00438	0.00350	0.00350	0.82832
43	0.01027	0.00514	0.00770	0.00770	0.00770	0.00514	0.00514	0.00770	0.00770	0.01027	0.01027	0.01798	0.01027	0.02054	0.02311	0.82794	0.00514	0.00514	0.00257	0.00257
44	0.00771	0.00551	0.00743	0.00871	0.00930	0.00523	0.00627	0.00915	0.01203	0.01602	0.06784	0.61284	0.03896	0.01779	0.00764	0.00244	0.00379	0.15086	0.00553	0.00497
45	0.00845	0.00634	0.00950	0.00950	0.01056	0.00739	0.00739	0.01056	0.00950	0.01373	0.01584	0.02323	0.01478	0.04435	0.76873	0.00950	0.01584	0.00634	0.00317	0.00528
46	0.00889	0.00590	0.00706	0.00728	0.00804	0.00592	0.00508	0.01032	0.01123	0.01619	0.08204	0.15765	0.07954	0.26326	0.07023	0.00372	0.02167	0.05327	0.17795	0.00475
47	0.83394	0.01144	0.00869	0.00778	0.01144	0.01327	0.00640	0.01738	0.01006	0.02653	0.00823	0.00961	0.00640	0.00549	0.00366	0.00183	0.00457	0.00320	0.00366	0.00640
48	0.01196	0.00875	0.01057	0.01095	0.01289	0.03101	0.00930	0.07186	0.08268	0.03966	0.02757	0.05235	0.02802	0.01362	0.00736	0.00243	0.00541	0.50327	0.06401	0.00634
49	0.00835	0.00693	0.01130	0.01080	0.01210	0.00648	0.12010	0.01003	0.01179	0.01569	0.02981	0.60700	0.05626	0.03686	0.00806	0.00242	0.00455	0.03114	0.00504	0.00529
50	0.00862	0.00580	0.00670	0.00674	0.00683	0.00585	0.00395	0.00881	0.00878	0.01176	0.01882	0.03859	0.02146	0.72989	0.07060	0.00586	0.00629	0.02732	0.00361	0.00373
51	0.02386	0.01250	0.01501	0.01171	0.01620	0.01255	0.00961	0.26170	0.10278	0.43867	0.02041	0.01840	0.01352	0.00733	0.00594	0.00183	0.00548	0.00583	0.00671	0.00998
52	0.01768	0.01418	0.01504	0.01263	0.01651	0.01609	0.01008	0.30019	0.47100	0.02952	0.02030	0.01906	0.01500	0.00767	0.00598	0.00192	0.00538	0.00617	0.00598	0.00963
53	0.00860	0.00573	0.00645	0.00645	0.00645	0.00573	0.00358	0.00860	0.00860	0.01147	0.01863	0.03870	0.02150	0.79217	0.03010	0.00573	0.00573	0.00860	0.00358	0.00358
54	0.01501	0.00777	0.00860	0.00743	0.00990	0.00764	0.00585	0.10012	0.01494	0.14738	0.01900	0.02039	0.01420	0.00688	0.00466	0.00148	0.00364	0.00548	0.55738	0.04225
55	0.01027	0.00514	0.00770	0.00770	0.00770	0.00514	0.00514	0.00770	0.00770	0.01027	0.01027	0.01798	0.01027	0.02054	0.02311	0.82794	0.00514	0.00514	0.00257	0.00257
56	0.01294	0.01294	0.01811	0.01553	0.01553	0.01811	0.01294	0.01423	0.00906	0.01423	0.00776	0.01294	0.00776	0.01035	0.01941	0.00259	0.78134	0.00518	0.00259	0.00647
57	0.01997	0.01936	0.01417	0.01256	0.01557	0.41904	0.00954	0.02312	0.08299	0.16049	0.08428	0.01844	0.01541	0.04587	0.00685	0.00186	0.00779	0.00543	0.02987	0.00738
58	0.01186	0.03059	0.76153	0.01686	0.02560	0.01373	0.02185	0.01873	0.01249	0.01873	0.01061	0.01249	0.00749	0.00562	0.00562	0.00187	0.00874	0.00437	0.00250	0.00874
59	0.01581	0.79572	0.03099	0.01012	0.01518	0.02340	0.01012	0.01771	0.01202	0.01391	0.00822	0.00949	0.00759	0.00506	0.00379	0.00126	0.00632	0.00316	0.00253	0.00759
60	0.02209	0.02819	0.01676	0.01524	0.01828	0.76843	0.01143	0.02361	0.01676	0.01447	0.00914	0.01066	0.00762	0.00609	0.00533	0.00152	0.01066	0.00381	0.00305	0.00686
61	0.00899	0.00673	0.00956	0.00937	0.01036	0.00778	0.00714	0.03068	0.00988	0.01409	0.01594	0.02482	0.01537	0.14563	0.62346	0.00857	0.03654	0.00659	0.00329	0.00521
62	0.00830	0.00590	0.00796	0.00922	0.00997	0.00573	0.00706	0.00997	0.01208	0.01592	0.03097	0.42426	0.03560	0.07737	0.00955	0.00280	0.00446	0.31259	0.00532	0.00498
63	0.01071	0.00794	0.01064	0.00997	0.01156	0.00905	0.00777	0.12705	0.01239	0.01737	0.01575	0.02274	0.01444	0.08492	0.60005	0.00803	0.01371	0.00631	0.00364	0.00594
64	0.02248	0.01656	0.01775	0.01361	0.01834	0.01834	0.01124	0.73556	0.02780	0.03727	0.01420	0.01420	0.01006	0.00710	0.00592	0.00177	0.00651	0.00532	0.00592	0.01006
65	0.00781	0.00607	0.00663	0.00652	0.00838	0.00520	0.00488	0.00956	0.01409	0.03822	0.19098	0.09411	0.55798	0.01440	0.00699	0.00199	0.00304	0.01219	0.00574	0.00524
66	0.02209	0.02819	0.01676	0.01524	0.01828	0.76843	0.01143	0.02361	0.01676	0.01447	0.00914	0.01066	0.00762	0.00609	0.00533	0.00152	0.01066	0.00381	0.00305	0.00686
67	0.00845	0.00634	0.00950	0.00950	0.01056	0.00739	0.00739	0.01056	0.00950	0.01373	0.01584	0.02323	0.01478	0.04435	0.76873	0.00950	0.01584	0.00634	0.00317	0.00528
68	0.01336	0.01295	0.01754	0.01514	0.01676	0.08994	0.11096	0.01552	0.01193	0.04119	0.01578	0.07357	0.01593	0.01091	0.01258	0.00239	0.34976	0.16362	0.00367	0.00651
69	0.01294	0.01294	0.01811	0.01553	0.01553	0.01811	0.01294	0.01423	0.00906	0.01423	0.00776	0.01294	0.00776	0.01035	0.01941	0.00259	0.78134	0.00518	0.00259	0.00647
70	0.01377	0.03237	0.04464	0.09968	0.15781	0.01162	0.01134	0.10913	0.05061	0.07162	0.08569	0.07780	0.01816	0.06484	0.06236	0.02723	0.03021	0.01940	0.00432	0.00739
71	0.83394	0.01144	0.00869	0.00778	0.01144	0.01327	0.00640	0.01738	0.01006	0.02653	0.00823	0.00961	0.00640	0.00549	0.00366	0.00183	0.00457	0.00320	0.00366	0.00640
72	0.02525	0.01005	0.01340	0.01042	0.01481	0.00893	0.00856	0.02841	0.05984	0.68830	0.02322	0.02031	0.01486	0.00735	0.00588	0.00182	0.00493	0.00597	0.03782	0.00985
73	0.01549	0.01196	0.01601	0.04949	0.20228	0.02446	0.01074	0.05227	0.01403	0.12410	0.01262	0.01418	0.00974	0.00525	0.00513	0.00133	0.00551	0.00446	0.00396	0.41699
74	0.01464	0.01405	0.02400	0.03630	0.75528	0.01405	0.01815	0.01815	0.01347	0.01932	0.01112	0.01464	0.00937	0.00527	0.00585	0.00176	0.00703	0.00527	0.00293	0.00937
75	0.01254	0.01309	0.02422	0.17991	0.02703	0.01428	0.33473	0.01669	0.04247	0.01710	0.01510	0.03715	0.06104	0.00744	0.00931	0.00212	0.16861	0.00685	0.00319	0.00714
76	0.01027	0.00514	0.00770	0.00770	0.00770	0.00514	0.00514	0.00770	0.00770	0.01027	0.01027	0.01798	0.01027	0.02054	0.02311	0.82794	0.00514	0.00514	0.00257	0.00257
77	0.00845	0.00634	0.00950	0.00950	0.01056	0.00739	0.00739	0.01056	0.00950	0.01373	0.01584	0.02323	0.01478	0.04435	0.76873	0.00950	0.01584	0.00634	0.00317	0.00528
78	0.78342	0.01176	0.00926	0.00814	0.01187	0.01358	0.00671	0.06210	0.01117	0.02720	0.00861	0.00989	0.00663	0.00559	0.00380	0.00183	0.00470	0.00333	0.00380	0.00663
79	0.00793	0.00630	0.00715	0.00689	0.00868	0.00567	0.00518	0.01065	0.04641	0.01975	0.36236	0.04982	0.41510	0.01341	0.00694	0.00194	0.00298	0.01145	0.00596	0.00544
80	0.01308	0.01049	0.01235	0.00886	0.01408	0.00793	0.00710	0.01569	0.01253	0.06170	0.01125	0.01271	0.00910	0.00455	0.00447	0.00093	0.00442	0.00364	0.00372	0.78140
81	0.46152	0.01200	0.01164	0.00955	0.01360	0.01301	0.00787	0.16188	0.01528	0.20678	0.01330	0.01331	0.00930	0.00628	0.00467	0.00181	0.00503	0.00433	0.02085	0.00800
82	0.02006	0.01566	0.01619	0.01311	0.01721	0.08746	0.02789	0.37625	0.20880	0.09715	0.04616	0.01765	0.01407	0.00741	0.00596	0.00182	0.00624	0.00584	0.00575	0.00935
83	0.05002	0.20880	0.04170	0.03524	0.21610	0.01670	0.04108	0.14808	0.03838	0.04675	0.01195	0.01384	0.00952	0.00607	0.00590	0.00169	0.04558	0.00479	0.04934	0.00846
84	0.02050	0.01080	0.01539	0.01540	0.15401	0.01037	0.03159	0.07783	0.01596	0.39451	0.01879	0.01868	0.01302	0.00772	0.02376	0.00195	0.02630	0.00573	0.12870	0.00898

[dist]
# distance from previous block
# <min> <max>
0	23

[block]
# block no. 8 follows, 39 sequences, length 15
# corresponding to MSA columns:
# 1167-1181
name=unknown_I
#
# <colnr> <probs for GDERKNQSTAVLIFYWHMCP>
#	G	D	E	R	K	N	Q	S	T	A	V	L	I	F	Y	W	H	M	C	P
0	0.04498	0.29479	0.18500	0.05602	0.09239	0.03929	0.01361	0.10408	0.01444	0.06692	0.01113	0.01301	0.00881	0.02525	0.00560	0.00172	0.00700	0.00434	0.00336	0.00825
1	0.28557	0.01156	0.01468	0.05726	0.18891	0.01227	0.02434	0.04380	0.03196	0.14417	0.05532	0.01779	0.04873	0.00687	0.00575	0.00186	0.03153	0.00542	0.00437	0.00783
2	0.00835	0.00570	0.00681	0.00712	0.00737	0.00559	0.00444	0.00892	0.01003	0.01345	0.07724	0.19058	0.02828	0.53650	0.02266	0.00461	0.00504	0.04894	0.00429	0.00408
3	0.01200	0.08475	0.67839	0.01599	0.02417	0.01410	0.02035	0.01835	0.01262	0.01858	0.04043	0.01355	0.00945	0.00584	0.00554	0.00183	0.00833	0.00454	0.00266	0.00853
4	0.01752	0.03362	0.01894	0.12039	0.26948	0.01238	0.04555	0.05771	0.05461	0.22968	0.06693	0.01869	0.01434	0.00663	0.00597	0.00182	0.00624	0.00594	0.00469	0.00886
5	0.01387	0.00755	0.00964	0.00843	0.01080	0.00706	0.00656	0.01752	0.06889	0.21875	0.44498	0.03435	0.03876	0.01010	0.00640	0.00182	0.00352	0.00871	0.07526	0.00704
6	0.00992	0.00634	0.00819	0.00843	0.00933	0.00625	0.00611	0.01157	0.04786	0.05294	0.11555	0.18567	0.02955	0.20812	0.01521	0.11925	0.00469	0.14528	0.00484	0.00490
7	0.01423	0.01228	0.02060	0.33495	0.40345	0.01323	0.01666	0.01781	0.01309	0.07961	0.01190	0.01556	0.00921	0.00570	0.00589	0.00185	0.00721	0.00532	0.00317	0.00829
8	0.10594	0.01553	0.10645	0.06244	0.11164	0.06381	0.03021	0.13407	0.07899	0.13710	0.01736	0.01931	0.04860	0.00720	0.00577	0.00187	0.00648	0.03420	0.00460	0.00843
9	0.01187	0.01112	0.01392	0.04295	0.01487	0.07827	0.07859	0.04981	0.05994	0.01640	0.02035	0.13791	0.07852	0.12467	0.10258	0.00352	0.13638	0.00830	0.00394	0.00610
10	0.00794	0.00574	0.00745	0.00810	0.00888	0.00546	0.00567	0.00999	0.03551	0.01794	0.25295	0.47537	0.04255	0.05499	0.00848	0.00240	0.00345	0.03628	0.00572	0.00514
11	0.08313	0.01190	0.01393	0.05283	0.01609	0.04343	0.04501	0.14704	0.01497	0.04765	0.01568	0.05746	0.03835	0.06400	0.00800	0.00194	0.04751	0.03887	0.00422	0.24799
12	0.06580	0.04622	0.45219	0.01515	0.02143	0.01275	0.07460	0.01722	0.02772	0.01874	0.01550	0.06173	0.03251	0.00785	0.00632	0.00201	0.02725	0.08400	0.00326	0.00777
13	0.01332	0.01255	0.01839	0.33439	0.14398	0.04521	0.06568	0.05371	0.10444	0.01914	0.05296	0.01734	0.01224	0.00628	0.00590	0.00182	0.00698	0.00565	0.00359	0.07644
14	0.04377	0.00616	0.00745	0.00791	0.00854	0.00616	0.00556	0.00997	0.01085	0.01501	0.07480	0.16038	0.02897	0.39940	0.01864	0.00406	0.00505	0.17832	0.00453	0.00448

[dist]
# distance from previous block
# <min> <max>
0	2

[block]
# block no. 9 follows, 39 sequences, length 51
# corresponding to MSA columns:
# 1184-1200,1204-1237
name=unknown_J
#
# <colnr> <probs for GDERKNQSTAVLIFYWHMCP>
#	G	D	E	R	K	N	Q	S	T	A	V	L	I	F	Y	W	H	M	C	P
0	0.01331	0.03220	0.10715	0.35788	0.16606	0.01311	0.05993	0.01725	0.01278	0.07435	0.01293	0.01856	0.01037	0.00657	0.00638	0.00196	0.02759	0.05075	0.00323	0.00765
