[name]
unknown

[dist]
# distance from previous block
# <min> <max>
26	874

[block]
# block no. 0 follows, 42 sequences, length 39
# corresponding to MSA columns:
# 1032-1070
name=unknown_A
#
# <colnr> <probs for GDERKNQSTAVLIFYWHMCP>
#	G	D	E	R	K	N	Q	S	T	A	V	L	I	F	Y	W	H	M	C	P
0	0.01500	0.10604	0.13407	0.05788	0.09105	0.06982	0.09066	0.06726	0.09074	0.07936	0.01236	0.01377	0.00940	0.00566	0.00558	0.00160	0.02715	0.00470	0.00357	0.11431
1	0.07985	0.06017	0.09618	0.01310	0.03886	0.10241	0.04588	0.25821	0.01781	0.10984	0.08032	0.01563	0.01295	0.00660	0.00566	0.00167	0.02346	0.00511	0.00451	0.02176
2	0.01438	0.06663	0.10227	0.09133	0.05832	0.03421	0.03917	0.11756	0.01467	0.11620	0.03448	0.07536	0.07948	0.00761	0.00558	0.00167	0.00580	0.02260	0.00421	0.10846
3	0.07500	0.01454	0.10966	0.03359	0.08766	0.03059	0.01149	0.23586	0.03624	0.10378	0.09693	0.01779	0.03177	0.00730	0.00679	0.00180	0.08107	0.00558	0.00455	0.00802
4	0.16215	0.04345	0.03346	0.01054	0.03894	0.01133	0.00834	0.05362	0.17146	0.09205	0.09010	0.01954	0.03327	0.01234	0.11973	0.00281	0.03420	0.00563	0.00449	0.05253
5	0.18572	0.03421	0.05892	0.02756	0.05443	0.01215	0.03546	0.08805	0.01356	0.17143	0.04667	0.02029	0.04154	0.00780	0.00723	0.00191	0.11686	0.06448	0.00439	0.00735
6	0.01544	0.06663	0.17959	0.08154	0.17008	0.01395	0.06197	0.11083	0.07157	0.11618	0.01296	0.01443	0.00957	0.00600	0.00612	0.00176	0.04422	0.00500	0.00376	0.00841
7	0.01243	0.01196	0.02053	0.35897	0.39985	0.01315	0.04665	0.01594	0.01204	0.01650	0.01027	0.01440	0.00824	0.00541	0.00602	0.00179	0.03049	0.00507	0.00266	0.00763
8	0.08895	0.00953	0.01342	0.01308	0.09468	0.00964	0.10652	0.01629	0.15746	0.03683	0.15352	0.11391	0.14392	0.00958	0.00609	0.00188	0.00466	0.00856	0.00478	0.00670
9	0.01975	0.04506	0.13122	0.01392	0.01862	0.17793	0.10333	0.06938	0.01537	0.30376	0.01461	0.01470	0.01008	0.00619	0.00592	0.00170	0.03069	0.00496	0.00450	0.00829
10	0.01355	0.01442	0.02884	0.02828	0.34005	0.01387	0.43953	0.01771	0.01309	0.01818	0.01105	0.01465	0.00870	0.00486	0.00619	0.00180	0.00831	0.00596	0.00282	0.00815
11	0.00686	0.00490	0.00653	0.00784	0.00816	0.00457	0.00522	0.00784	0.01077	0.01437	0.03102	0.79855	0.03722	0.01763	0.00718	0.00229	0.00326	0.01600	0.00522	0.00457
12	0.01530	0.72691	0.06970	0.01000	0.01499	0.02113	0.01018	0.01738	0.01167	0.04771	0.00860	0.00964	0.00752	0.00494	0.00380	0.00126	0.00609	0.00319	0.00261	0.00739
13	0.01502	0.01380	0.08198	0.01127	0.01459	0.04212	0.00941	0.26311	0.23563	0.02371	0.01736	0.05266	0.01483	0.16703	0.01030	0.00253	0.00576	0.00639	0.00480	0.00770
14	0.00686	0.00490	0.00653	0.00784	0.00816	0.00457	0.00522	0.00784	0.01077	0.01437	0.03102	0.79855	0.03722	0.01763	0.00718	0.00229	0.00326	0.01600	0.00522	0.00457
15	0.00686	0.00490	0.00653	0.00784	0.00816	0.00457	0.00522	0.00784	0.01077	0.01437	0.03102	0.79855	0.03722	0.01763	0.00718	0.00229	0.00326	0.01600	0.00522	0.00457
16	0.01539	0.04133	0.30644	0.01411	0.01952	0.13266	0.07391	0.12452	0.01540	0.08251	0.07177	0.01545	0.01217	0.00624	0.00547	0.00169	0.00733	0.00503	0.04118	0.00786
17	0.01377	0.01321	0.02256	0.07052	0.73238	0.01333	0.01719	0.01713	0.01274	0.01819	0.01056	0.01398	0.00885	0.00504	0.00557	0.00168	0.00672	0.00501	0.00277	0.00879
18	0.02525	0.00958	0.01306	0.01001	0.01437	0.00827	0.00827	0.02743	0.01611	0.77102	0.02220	0.01915	0.01393	0.00697	0.00566	0.00174	0.00479	0.00566	0.00697	0.00958
19	0.23045	0.01673	0.16281	0.01422	0.07920	0.01475	0.03817	0.30003	0.04866	0.02685	0.01146	0.01248	0.00843	0.00591	0.00505	0.00174	0.00621	0.00447	0.00411	0.00827
20	0.01250	0.01423	0.19532	0.01411	0.01815	0.01032	0.17258	0.01587	0.01232	0.12745	0.01959	0.21639	0.04801	0.00951	0.00732	0.00201	0.07067	0.02258	0.00406	0.00700
21	0.00805	0.00598	0.00881	0.00881	0.00973	0.00691	0.00674	0.00990	0.00897	0.01289	0.01529	0.02331	0.01459	0.10446	0.71838	0.00875	0.01429	0.00621	0.00305	0.00489
22	0.02136	0.01667	0.01681	0.01308	0.01745	0.07988	0.01071	0.68890	0.02560	0.03369	0.01312	0.01324	0.00938	0.00668	0.00558	0.00167	0.00652	0.00495	0.00541	0.00932
23	0.01867	0.05579	0.04753	0.01662	0.11221	0.21786	0.07007	0.27284	0.01850	0.06173	0.01248	0.01508	0.00984	0.00639	0.00555	0.00166	0.00752	0.03740	0.00410	0.00817
24	0.00818	0.00546	0.00614	0.00614	0.00614	0.00546	0.00341	0.00818	0.00818	0.01091	0.01773	0.03683	0.02046	0.80222	0.02864	0.00546	0.00546	0.00818	0.00341	0.00341
25	0.00674	0.00536	0.00605	0.00660	0.00784	0.00468	0.00468	0.00798	0.01196	0.01485	0.04606	0.36762	0.45844	0.01568	0.00688	0.00206	0.00303	0.01361	0.00523	0.00468
26	0.01282	0.00831	0.01025	0.04419	0.01205	0.00862	0.00710	0.13322	0.04254	0.12039	0.10884	0.19186	0.02456	0.18631	0.01165	0.00274	0.02820	0.03510	0.00505	0.00620
27	0.10889	0.01461	0.04272	0.07684	0.06066	0.09444	0.07016	0.21265	0.03394	0.20900	0.01401	0.01447	0.00982	0.00616	0.00542	0.00172	0.00650	0.00496	0.00469	0.00835
28	0.01877	0.25088	0.02066	0.01441	0.07796	0.34204	0.01100	0.16678	0.01649	0.01837	0.00957	0.01081	0.00785	0.00564	0.00480	0.00144	0.00786	0.00385	0.00330	0.00754
29	0.00922	0.00780	0.01317	0.01220	0.01416	0.00747	0.15903	0.01176	0.01243	0.01634	0.02765	0.25141	0.06374	0.01383	0.00733	0.00233	0.00544	0.35448	0.00472	0.00549
30	0.01348	0.14923	0.25846	0.06594	0.11437	0.01324	0.08121	0.01742	0.01248	0.09817	0.01380	0.06217	0.01178	0.00678	0.00553	0.00177	0.00689	0.05623	0.00334	0.00771
31	0.06397	0.07041	0.15144	0.01438	0.07497	0.08350	0.03163	0.11947	0.09221	0.09924	0.01302	0.02901	0.01004	0.00645	0.00631	0.00172	0.07080	0.00486	0.00392	0.05267
32	0.08192	0.00927	0.05373	0.00912	0.01205	0.00791	0.00749	0.04268	0.04443	0.22723	0.11097	0.24812	0.03707	0.01032	0.00593	0.00184	0.00421	0.00885	0.00540	0.07144
33	0.08433	0.01228	0.05344	0.04159	0.02002	0.01094	0.26286	0.02031	0.04185	0.26442	0.01691	0.06266	0.02634	0.00659	0.00584	0.00180	0.00645	0.00633	0.00453	0.05052
34	0.04498	0.08592	0.10241	0.02939	0.12196	0.05087	0.05834	0.05595	0.17268	0.12596	0.05312	0.01737	0.02780	0.00648	0.00544	0.00171	0.00600	0.00544	0.00432	0.02388
35	0.03142	0.05638	0.12398	0.01201	0.04206	0.08703	0.01044	0.07144	0.05056	0.20751	0.11602	0.04224	0.01678	0.00726	0.00596	0.00167	0.03563	0.00574	0.00468	0.07118
36	0.03883	0.05185	0.07068	0.04595	0.01522	0.03973	0.00979	0.09106	0.09554	0.15436	0.03528	0.10022	0.01948	0.00972	0.00609	0.00196	0.00544	0.18034	0.00498	0.02347
37	0.03285	0.11296	0.07775	0.01151	0.03706	0.06678	0.00976	0.05553	0.10600	0.20424	0.04676	0.04826	0.01356	0.00682	0.00567	0.00160	0.03414	0.00533	0.00456	0.11887
38	0.02634	0.11243	0.15463	0.05955	0.08374	0.01188	0.01147	0.07706	0.03575	0.12614	0.12045	0.02129	0.05973	0.00726	0.00548	0.00167	0.00559	0.02501	0.00428	0.05026

[dist]
# distance from previous block
# <min> <max>
12	75

[block]
# block no. 1 follows, 42 sequences, length 17
# corresponding to MSA columns:
# 1149-1165
name=unknown_B
#
# <colnr> <probs for GDERKNQSTAVLIFYWHMCP>
#	G	D	E	R	K	N	Q	S	T	A	V	L	I	F	Y	W	H	M	C	P
0	0.05464	0.01170	0.03689	0.14173	0.10234	0.01211	0.14668	0.07021	0.01365	0.08746	0.09069	0.02194	0.01556	0.00758	0.00739	0.00194	0.09142	0.07498	0.00391	0.00717
1	0.07347	0.04203	0.08341	0.01862	0.14850	0.01342	0.21661	0.05990	0.12094	0.08779	0.01374	0.01535	0.01030	0.00582	0.00591	0.00178	0.02623	0.00545	0.04264	0.00809
2	0.22756	0.08955	0.05874	0.01331	0.09625	0.01197	0.09392	0.03634	0.01248	0.05360	0.09458	0.03961	0.01382	0.00616	0.00491	0.00158	0.00540	0.00514	0.00371	0.13137
3	0.11208	0.05944	0.07492	0.01827	0.25370	0.01320	0.01208	0.11030	0.10054	0.09282	0.02549	0.03388	0.01124	0.00613	0.00521	0.00167	0.00571	0.00509	0.00405	0.05420
4	0.01377	0.03677	0.18908	0.10778	0.27159	0.05442	0.09150	0.06980	0.04631	0.01875	0.01101	0.01361	0.00856	0.00548	0.00580	0.00173	0.02275	0.00490	0.00300	0.02340
5	0.16294	0.01067	0.01189	0.01153	0.07714	0.05458	0.00843	0.09058	0.01488	0.16404	0.14409	0.02551	0.03819	0.00821	0.00557	0.00176	0.00492	0.09480	0.00497	0.06529
6	0.01135	0.01131	0.07089	0.01356	0.11370	0.03772	0.06594	0.11525	0.01471	0.01947	0.12248	0.13684	0.18511	0.04725	0.00731	0.00202	0.00518	0.00889	0.00451	0.00652
7	0.00840	0.00593	0.00717	0.00709	0.00738	0.00614	0.00462	0.00905	0.00969	0.01320	0.12265	0.06252	0.02562	0.56900	0.02290	0.00448	0.04932	0.05692	0.00392	0.00399
8	0.01262	0.03816	0.07808	0.08960	0.15904	0.01197	0.09399	0.03143	0.17951	0.04267	0.03998	0.02242	0.09278	0.00727	0.00579	0.00179	0.00588	0.03137	0.02225	0.03339
9	0.01328	0.01518	0.03321	0.02372	0.02941	0.01423	0.74668	0.01803	0.01328	0.01803	0.01139	0.01518	0.00854	0.00474	0.00664	0.00190	0.00949	0.00664	0.00285	0.00759
10	0.01267	0.01060	0.01221	0.00881	0.01376	0.00853	0.00708	0.08994	0.01320	0.02011	0.01036	0.01186	0.00846	0.00443	0.00432	0.00092	0.00438	0.00351	0.00357	0.75127
11	0.01507	0.01279	0.05513	0.07162	0.21517	0.01174	0.02993	0.13500	0.05128	0.09601	0.04587	0.01543	0.01153	0.00575	0.00533	0.00152	0.00574	0.00498	0.00404	0.20607
12	0.04143	0.01247	0.01043	0.00993	0.01190	0.21405	0.00732	0.06439	0.04824	0.07059	0.02309	0.29544	0.07984	0.04754	0.00705	0.00203	0.00555	0.00927	0.03341	0.00602
13	0.00731	0.00520	0.00693	0.00815	0.00862	0.00495	0.00575	0.00850	0.01098	0.01456	0.02998	0.62773	0.03536	0.06659	0.00863	0.00254	0.00372	0.13480	0.00510	0.00460
14	0.01596	0.01095	0.01298	0.01214	0.06434	0.01168	0.00892	0.07455	0.39017	0.18115	0.13254	0.02278	0.02081	0.00784	0.00583	0.00182	0.00452	0.00661	0.00585	0.00855
15	0.56242	0.03527	0.05071	0.01206	0.10411	0.06483	0.00895	0.07000	0.01179	0.02368	0.00875	0.01024	0.00685	0.00534	0.00410	0.00170	0.00540	0.00353	0.00343	0.00686
16	0.73299	0.04872	0.00995	0.00806	0.01161	0.05231	0.00666	0.04256	0.01058	0.02447	0.00808	0.00934	0.00633	0.00529	0.00365	0.00170	0.00479	0.00315	0.00348	0.00629

[dist]
# distance from previous block
# <min> <max>
0	1

[block]
# block no. 2 follows, 42 sequences, length 33
# corresponding to MSA columns:
# 1167-1199
name=unknown_C
#
# <colnr> <probs for GDERKNQSTAVLIFYWHMCP>
#	G	D	E	R	K	N	Q	S	T	A	V	L	I	F	Y	W	H	M	C	P
0	0.01237	0.01077	0.03518	0.01122	0.04594	0.01127	0.00849	0.02315	0.46944	0.03919	0.18333	0.02686	0.05844	0.03091	0.00659	0.00196	0.00425	0.00735	0.00553	0.00778
1	0.00686	0.00490	0.00653	0.00784	0.00816	0.00457	0.00522	0.00784	0.01077	0.01437	0.03102	0.79855	0.03722	0.01763	0.00718	0.00229	0.00326	0.01600	0.00522	0.00457
2	0.01210	0.01143	0.01934	0.40512	0.37705	0.01266	0.01612	0.01561	0.01205	0.01635	0.01109	0.01650	0.00919	0.00575	0.00569	0.00181	0.00703	0.03492	0.00274	0.00745
3	0.08121	0.29499	0.01872	0.01010	0.01437	0.07046	0.00874	0.09707	0.10067	0.06680	0.02861	0.01286	0.01021	0.00562	0.00447	0.00138	0.00553	0.00406	0.00380	0.16033
4	0.00804	0.00603	0.00904	0.00904	0.01005	0.00703	0.00703	0.01005	0.00904	0.01306	0.01507	0.02211	0.01407	0.04221	0.77992	0.00904	0.01507	0.00603	0.00301	0.00502
5	0.01328	0.01518	0.03321	0.02372	0.02941	0.01423	0.74668	0.01803	0.01328	0.01803	0.01139	0.01518	0.00854	0.00474	0.00664	0.00190	0.00949	0.00664	0.00285	0.00759
6	0.00699	0.00500	0.00665	0.00774	0.00819	0.00466	0.00523	0.00818	0.01141	0.01538	0.12150	0.70518	0.03918	0.01687	0.00712	0.00222	0.00319	0.01528	0.00534	0.00466
7	0.01149	0.07060	0.73333	0.01570	0.02383	0.01356	0.02020	0.01777	0.01186	0.01758	0.00998	0.01173	0.00713	0.00532	0.00525	0.00175	0.00819	0.00410	0.00238	0.00826
8	0.84197	0.01088	0.00827	0.00740	0.01088	0.01262	0.00609	0.01654	0.00958	0.02525	0.00784	0.00914	0.00609	0.00522	0.00348	0.00174	0.00435	0.00305	0.00348	0.00609
9	0.00695	0.00549	0.00626	0.00654	0.00790	0.00480	0.00473	0.00848	0.01283	0.01632	0.17941	0.25764	0.43334	0.01468	0.00680	0.00198	0.00293	0.01270	0.00540	0.00480
10	0.01221	0.01282	0.02165	0.50258	0.03436	0.07154	0.23225	0.01608	0.01221	0.01542	0.01031	0.01469	0.00779	0.00538	0.00589	0.00185	0.00829	0.00538	0.00263	0.00667
11	0.00978	0.00489	0.00733	0.00733	0.00733	0.00489	0.00489	0.00733	0.00733	0.00978	0.00978	0.01711	0.00978	0.01955	0.02199	0.83627	0.00489	0.00489	0.00244	0.00244
12	0.00733	0.00523	0.00707	0.00837	0.00891	0.00498	0.00604	0.00865	0.01124	0.01489	0.03076	0.64232	0.03619	0.01719	0.00731	0.00235	0.00367	0.16759	0.00522	0.00470
13	0.01478	0.00749	0.00870	0.00760	0.00996	0.00733	0.00595	0.07312	0.05031	0.20855	0.08891	0.05403	0.01860	0.00764	0.00496	0.00156	0.00355	0.00629	0.41388	0.00681
14	0.02024	0.02073	0.01588	0.01352	0.01706	0.39253	0.01055	0.29685	0.11671	0.02322	0.01237	0.01283	0.00942	0.00640	0.00537	0.00160	0.00791	0.00453	0.00430	0.00798
15	0.00686	0.00490	0.00653	0.00784	0.00816	0.00457	0.00522	0.00784	0.01077	0.01437	0.03102	0.79855	0.03722	0.01763	0.00718	0.00229	0.00326	0.01600	0.00522	0.00457
16	0.00833	0.00553	0.00700	0.00700	0.00725	0.00578	0.00449	0.00855	0.00830	0.01131	0.01613	0.03084	0.01761	0.52075	0.21513	0.10404	0.00779	0.00726	0.00320	0.00370
17	0.01112	0.02738	0.71478	0.01561	0.02339	0.01257	0.01990	0.01735	0.01196	0.01775	0.01160	0.01582	0.00906	0.00612	0.00553	0.00184	0.00808	0.05947	0.00259	0.00808
18	0.02102	0.02682	0.01595	0.01450	0.01740	0.77963	0.01087	0.02247	0.01595	0.01377	0.00870	0.01015	0.00725	0.00580	0.00507	0.00145	0.01015	0.00362	0.00290	0.00652
19	0.84197	0.01088	0.00827	0.00740	0.01088	0.01262	0.00609	0.01654	0.00958	0.02525	0.00784	0.00914	0.00609	0.00522	0.00348	0.00174	0.00435	0.00305	0.00348	0.00609
20	0.00714	0.00512	0.00679	0.00764	0.00823	0.00476	0.00525	0.00856	0.01211	0.01649	0.22095	0.60256	0.04133	0.01604	0.00704	0.00215	0.00311	0.01449	0.00548	0.00476
21	0.02117	0.02251	0.01631	0.01389	0.01742	0.48260	0.01080	0.30536	0.02004	0.02223	0.01057	0.01146	0.00815	0.00617	0.00529	0.00154	0.00861	0.00419	0.00396	0.00771
22	0.84197	0.01088	0.00827	0.00740	0.01088	0.01262	0.00609	0.01654	0.00958	0.02525	0.00784	0.00914	0.00609	0.00522	0.00348	0.00174	0.00435	0.00305	0.00348	0.00609
23	0.00665	0.00570	0.00570	0.00570	0.00760	0.00475	0.00428	0.00808	0.01283	0.01520	0.05701	0.05416	0.76483	0.01425	0.00665	0.00190	0.00285	0.01188	0.00523	0.00475
24	0.00686	0.00490	0.00653	0.00784	0.00816	0.00457	0.00522	0.00784	0.01077	0.01437	0.03102	0.79855	0.03722	0.01763	0.00718	0.00229	0.00326	0.01600	0.00522	0.00457
25	0.02525	0.00958	0.01306	0.01001	0.01437	0.00827	0.00827	0.02743	0.01611	0.77102	0.02220	0.01915	0.01393	0.00697	0.00566	0.00174	0.00479	0.00566	0.00697	0.00958
26	0.01505	0.80561	0.02949	0.00963	0.01444	0.02227	0.00963	0.01685	0.01143	0.01324	0.00782	0.00903	0.00722	0.00481	0.00361	0.00120	0.00602	0.00301	0.00241	0.00722
27	0.01129	0.02911	0.77306	0.01604	0.02436	0.01307	0.02079	0.01782	0.01188	0.01782	0.01010	0.01188	0.00713	0.00535	0.00535	0.00178	0.00832	0.00416	0.00238	0.00832
28	0.00907	0.00648	0.00907	0.01036	0.01166	0.00648	0.00907	0.01166	0.01296	0.01684	0.02980	0.06348	0.03239	0.01555	0.00777	0.00259	0.00518	0.72924	0.00518	0.00518
29	0.84197	0.01088	0.00827	0.00740	0.01088	0.01262	0.00609	0.01654	0.00958	0.02525	0.00784	0.00914	0.00609	0.00522	0.00348	0.00174	0.00435	0.00305	0.00348	0.00609
30	0.00686	0.00490	0.00653	0.00784	0.00816	0.00457	0.00522	0.00784	0.01077	0.01437	0.03102	0.79855	0.03722	0.01763	0.00718	0.00229	0.00326	0.01600	0.00522	0.00457
31	0.84197	0.01088	0.00827	0.00740	0.01088	0.01262	0.00609	0.01654	0.00958	0.02525	0.00784	0.00914	0.00609	0.00522	0.00348	0.00174	0.00435	0.00305	0.00348	0.00609
32	0.01362	0.01300	0.02213	0.03337	0.73392	0.01299	0.01674	0.01686	0.01272	0.01821	0.01148	0.04825	0.01015	0.00557	0.00564	0.00170	0.00654	0.00549	0.00289	0.00872

[dist]
# distance from previous block
# <min> <max>
4	20

[block]
# block no. 3 follows, 42 sequences, length 55
# corresponding to MSA columns:
# 1220-1230,1232-1275
name=unknown_D
#
# <colnr> <probs for GDERKNQSTAVLIFYWHMCP>
#	G	D	E	R	K	N	Q	S	T	A	V	L	I	F	Y	W	H	M	C	P
0	0.42385	0.01082	0.01104	0.00903	0.01293	0.01136	0.00743	0.08370	0.03676	0.32049	0.01446	0.01384	0.00983	0.00612	0.00459	0.00174	0.00469	0.00435	0.00511	0.00785
1	0.00736	0.00526	0.00711	0.00841	0.00896	0.00500	0.00610	0.00870	0.01127	0.01493	0.03074	0.63190	0.03613	0.01716	0.00732	0.00235	0.00370	0.17770	0.00521	0.00471
2	0.00708	0.00544	0.00629	0.00660	0.00775	0.00486	0.00464	0.00843	0.01224	0.01570	0.15907	0.27198	0.35703	0.09597	0.00907	0.00236	0.00321	0.01245	0.00519	0.00465
3	0.06146	0.00970	0.01284	0.00993	0.01422	0.00862	0.00819	0.02701	0.03544	0.71788	0.02158	0.01876	0.01367	0.00691	0.00556	0.00175	0.00476	0.00556	0.00678	0.00940
4	0.01218	0.01240	0.01940	0.01593	0.01693	0.01604	0.13777	0.01400	0.00953	0.01436	0.00935	0.05520	0.00919	0.00939	0.01583	0.00236	0.61532	0.00582	0.00268	0.00632
5	0.00688	0.00497	0.00651	0.00769	0.00814	0.00460	0.00517	0.00793	0.01104	0.01466	0.05429	0.73449	0.07830	0.01726	0.00714	0.00225	0.00322	0.01560	0.00525	0.00460
6	0.01182	0.01113	0.01881	0.26852	0.40628	0.01183	0.03381	0.01500	0.01209	0.01654	0.01410	0.11042	0.03151	0.00697	0.00584	0.00182	0.00650	0.00656	0.00306	0.00740
7	0.01797	0.01603	0.20779	0.01333	0.04475	0.01228	0.01245	0.12685	0.13101	0.27570	0.01701	0.01728	0.01200	0.00690	0.00626	0.00182	0.04474	0.02197	0.00500	0.00886
8	0.01235	0.01232	0.01925	0.02268	0.33133	0.07659	0.14814	0.01514	0.01266	0.01681	0.01684	0.21648	0.01721	0.00883	0.00626	0.00190	0.00655	0.04793	0.00356	0.00715
9	0.58462	0.03358	0.02804	0.00982	0.03645	0.07913	0.00785	0.06116	0.02902	0.05398	0.00931	0.01045	0.00715	0.00559	0.00435	0.00172	0.02388	0.00353	0.00365	0.00671
10	0.00871	0.00660	0.00813	0.00760	0.00921	0.00645	0.00574	0.01309	0.11566	0.02233	0.62879	0.03981	0.08393	0.01112	0.00652	0.00180	0.00291	0.00975	0.00608	0.00577
11	0.01441	0.01242	0.01593	0.32125	0.12627	0.09322	0.01272	0.03653	0.14071	0.09936	0.01425	0.03465	0.01102	0.00770	0.03380	0.00206	0.00700	0.00546	0.00378	0.00745
12	0.84197	0.01088	0.00827	0.00740	0.01088	0.01262	0.00609	0.01654	0.00958	0.02525	0.00784	0.00914	0.00609	0.00522	0.00348	0.00174	0.00435	0.00305	0.00348	0.00609
13	0.01167	0.01000	0.01167	0.00834	0.01334	0.00750	0.00667	0.01417	0.01167	0.01834	0.01000	0.01167	0.00834	0.00417	0.00417	0.00083	0.00417	0.00333	0.00333	0.83663
14	0.00888	0.00711	0.00912	0.00858	0.00901	0.00828	0.00621	0.00973	0.00899	0.01242	0.01939	0.03038	0.10102	0.38128	0.17970	0.00514	0.17949	0.00744	0.00333	0.00450
15	0.00705	0.00499	0.00638	0.00750	0.00802	0.00463	0.00507	0.00816	0.01101	0.01482	0.03256	0.68850	0.09960	0.01670	0.00695	0.00220	0.00319	0.01502	0.05303	0.00463
16	0.00738	0.00573	0.00671	0.00646	0.00805	0.00506	0.00485	0.00948	0.01454	0.01927	0.44731	0.04747	0.37200	0.01274	0.00664	0.00183	0.00274	0.01094	0.00576	0.00506
17	0.01116	0.00677	0.00875	0.00783	0.00976	0.00633	0.00601	0.01455	0.06144	0.14475	0.59759	0.03701	0.04450	0.01053	0.00642	0.00177	0.00311	0.00921	0.00629	0.00623
18	0.06517	0.01022	0.01318	0.01016	0.01448	0.00934	0.00839	0.09383	0.01675	0.66594	0.02069	0.01814	0.01314	0.00686	0.00555	0.00174	0.00490	0.00548	0.00667	0.00940
19	0.01167	0.01000	0.01167	0.00834	0.01334	0.00750	0.00667	0.01417	0.01167	0.01834	0.01000	0.01167	0.00834	0.00417	0.00417	0.00083	0.00417	0.00333	0.00333	0.83663
20	0.00686	0.00490	0.00653	0.00784	0.00816	0.00457	0.00522	0.00784	0.01077	0.01437	0.03102	0.79855	0.03722	0.01763	0.00718	0.00229	0.00326	0.01600	0.00522	0.00457
21	0.02337	0.01259	0.01493	0.01144	0.01587	0.01275	0.00945	0.37879	0.02115	0.41252	0.01797	0.01640	0.01181	0.00686	0.00564	0.00172	0.00547	0.00537	0.00631	0.00957
22	0.01400	0.01209	0.01273	0.01145	0.01463	0.01400	0.00891	0.02990	0.75695	0.02354	0.02291	0.02100	0.01718	0.00764	0.00573	0.00191	0.00445	0.00636	0.00573	0.00891
23	0.00689	0.00497	0.00653	0.00770	0.00814	0.00461	0.00518	0.00796	0.01108	0.01474	0.06192	0.73128	0.07375	0.01722	0.00713	0.00225	0.00322	0.01556	0.00526	0.00461
24	0.01294	0.00968	0.01158	0.00940	0.01323	0.00856	0.00764	0.08894	0.05038	0.07304	0.02952	0.04625	0.01517	0.00875	0.03657	0.00172	0.00498	0.12402	0.00434	0.44329
25	0.02102	0.02682	0.01595	0.01450	0.01740	0.77963	0.01087	0.02247	0.01595	0.01377	0.00870	0.01015	0.00725	0.00580	0.00507	0.00145	0.01015	0.00362	0.00290	0.00652
26	0.00978	0.00489	0.00733	0.00733	0.00733	0.00489	0.00489	0.00733	0.00733	0.00978	0.00978	0.01711	0.00978	0.01955	0.02199	0.83627	0.00489	0.00489	0.00244	0.00244
27	0.01221	0.01115	0.13559	0.01106	0.04384	0.00819	0.03003	0.01578	0.04087	0.15620	0.23196	0.03081	0.10619	0.01270	0.08407	0.00257	0.00581	0.04919	0.00498	0.00683
28	0.01523	0.01616	0.01608	0.22108	0.12575	0.25722	0.01234	0.04792	0.15240	0.01725	0.01334	0.05662	0.01110	0.00666	0.00555	0.00173	0.00739	0.00541	0.00353	0.00724
29	0.01129	0.02911	0.77306	0.01604	0.02436	0.01307	0.02079	0.01782	0.01188	0.01782	0.01010	0.01188	0.00713	0.00535	0.00535	0.00178	0.00832	0.00416	0.00238	0.00832
30	0.00808	0.00546	0.00621	0.00624	0.00638	0.00539	0.00361	0.00830	0.00884	0.01180	0.05971	0.06538	0.04636	0.70611	0.02598	0.00503	0.00514	0.00869	0.00368	0.00360
31	0.01186	0.04812	0.21274	0.28041	0.17034	0.01350	0.07211	0.01603	0.01180	0.01641	0.02946	0.01427	0.00892	0.00580	0.00651	0.00183	0.06490	0.00496	0.00264	0.00740
32	0.01334	0.01277	0.02178	0.16835	0.63789	0.01322	0.01698	0.01676	0.01254	0.01767	0.01048	0.01412	0.00866	0.00512	0.00558	0.00171	0.00683	0.00501	0.00274	0.00844
33	0.00947	0.00500	0.00710	0.00710	0.00710	0.00500	0.00460	0.00750	0.00750	0.00999	0.01130	0.02090	0.01183	0.16997	0.02327	0.67659	0.00500	0.00552	0.00263	0.00263
34	0.01386	0.00851	0.01028	0.00954	0.01184	0.00865	0.00721	0.05040	0.22044	0.19712	0.05811	0.33123	0.02565	0.01159	0.00633	0.00200	0.00405	0.01015	0.00584	0.00721
35	0.01167	0.01000	0.01167	0.00834	0.01334	0.00750	0.00667	0.01417	0.01167	0.01834	0.01000	0.01167	0.00834	0.00417	0.00417	0.00083	0.00417	0.00333	0.00333	0.83663
36	0.06521	0.07910	0.03211	0.01198	0.01594	0.01503	0.05055	0.33755	0.14381	0.07141	0.03834	0.01587	0.01222	0.00674	0.00567	0.00170	0.02641	0.00527	0.05666	0.00843
37	0.00985	0.00709	0.00955	0.02525	0.02801	0.00657	0.05291	0.01223	0.03259	0.08451	0.06035	0.11843	0.33427	0.03090	0.00710	0.00208	0.00412	0.12256	0.04596	0.00566
38	0.01383	0.03590	0.01317	0.03093	0.01474	0.03735	0.00769	0.09717	0.01367	0.05644	0.01087	0.01220	0.00865	0.00471	0.00446	0.00104	0.00479	0.00369	0.00370	0.62499
39	0.01199	0.00673	0.00844	0.00751	0.00950	0.00633	0.00580	0.03036	0.03616	0.15669	0.45627	0.03284	0.03698	0.00957	0.00591	0.00168	0.00316	0.00824	0.15959	0.00625
40	0.00762	0.00554	0.00671	0.00705	0.00823	0.00508	0.00520	0.00941	0.01292	0.01742	0.23398	0.24374	0.23519	0.03789	0.00736	0.00210	0.00319	0.07953	0.06697	0.00489
41	0.00797	0.00665	0.00916	0.21358	0.01612	0.00685	0.00769	0.01010	0.01241	0.01599	0.15496	0.22648	0.26639	0.01235	0.00651	0.00197	0.00415	0.01080	0.00466	0.00520
42	0.00805	0.00599	0.00886	0.00886	0.00980	0.00693	0.00681	0.00993	0.00899	0.01293	0.01524	0.02304	0.01447	0.09011	0.73257	0.00882	0.01447	0.00617	0.00304	0.00492
43	0.01210	0.01200	0.01683	0.01449	0.01454	0.01673	0.01205	0.01337	0.00864	0.01352	0.00777	0.01280	0.00772	0.01145	0.05602	0.00279	0.75361	0.00498	0.00249	0.00610
44	0.84197	0.01088	0.00827	0.00740	0.01088	0.01262	0.00609	0.01654	0.00958	0.02525	0.00784	0.00914	0.00609	0.00522	0.00348	0.00174	0.00435	0.00305	0.00348	0.00609
45	0.01669	0.05302	0.01469	0.01174	0.01539	0.07784	0.00937	0.18208	0.43459	0.06241	0.01841	0.01743	0.01371	0.00698	0.00548	0.00174	0.00538	0.00553	0.00527	0.04224
46	0.09513	0.01261	0.01858	0.07147	0.41605	0.02913	0.03580	0.05712	0.07259	0.07436	0.05287	0.01592	0.01194	0.00587	0.00547	0.00172	0.00611	0.00528	0.00371	0.00827
47	0.01465	0.14662	0.09564	0.01522	0.06364	0.03354	0.18458	0.01827	0.03527	0.11015	0.01214	0.02741	0.00952	0.00554	0.00574	0.00154	0.03793	0.00492	0.00345	0.17424
48	0.01197	0.10866	0.42593	0.01452	0.03486	0.01382	0.03806	0.01624	0.01140	0.03210	0.02532	0.01454	0.03908	0.00699	0.00796	0.02821	0.13777	0.00475	0.02041	0.00740
49	0.01063	0.01000	0.01688	0.78870	0.03876	0.01250	0.01563	0.01438	0.01125	0.01438	0.01000	0.01500	0.00750	0.00563	0.00563	0.00188	0.00750	0.00500	0.00250	0.00625
50	0.01509	0.07870	0.15857	0.11436	0.21266	0.01262	0.06866	0.04112	0.01332	0.16306	0.01377	0.05955	0.01087	0.00627	0.00557	0.00175	0.00666	0.00557	0.00369	0.00814
51	0.01679	0.09787	0.20794	0.04698	0.08529	0.03767	0.11706	0.05520	0.01408	0.22937	0.01401	0.02992	0.01013	0.00597	0.00551	0.00172	0.00694	0.00518	0.00400	0.00835
52	0.00804	0.00581	0.00773	0.00877	0.00971	0.00565	0.00691	0.00979	0.01176	0.01533	0.03128	0.29429	0.09991	0.07434	0.03711	0.00287	0.00473	0.35616	0.00499	0.00481
53	0.00977	0.00845	0.01346	0.52857	0.02845	0.01007	0.01209	0.01263	0.01095	0.01438	0.01498	0.12729	0.01443	0.09445	0.00838	0.00233	0.00639	0.04063	0.03667	0.00562
54	0.01347	0.01260	0.05971	0.14769	0.44391	0.01212	0.01518	0.04159	0.01311	0.06266	0.02727	0.03449	0.01195	0.00732	0.02586	0.00198	0.00675	0.05098	0.00334	0.00803

[dist]
# distance from previous block
# <min> <max>
5	16

[block]
# block no. 4 follows, 42 sequences, length 27
# corresponding to MSA columns:
# 1292,1316-1341
name=unknown_E
#
# <colnr> <probs for GDERKNQSTAVLIFYWHMCP>
#	G	D	E	R	K	N	Q	S	T	A	V	L	I	F	Y	W	H	M	C	P
0	0.01306	0.05986	0.06608	0.09709	0.33089	0.05119	0.04971	0.01690	0.05860	0.01690	0.01257	0.06260	0.01131	0.00694	0.00713	0.00184	0.09659	0.03002	0.00309	0.00764
1	0.01391	0.01333	0.06565	0.16205	0.26406	0.01254	0.19239	0.04376	0.01353	0.08641	0.04794	0.01731	0.01161	0.00588	0.00594	0.00180	0.00719	0.02337	0.00343	0.00790
2	0.01621	0.01590	0.01812	0.14890	0.17625	0.18744	0.05331	0.11246	0.11652	0.04503	0.01241	0.01434	0.00959	0.00614	0.00614	0.00174	0.04301	0.00500	0.00366	0.00783
3	0.01643	0.31593	0.11869	0.03844	0.03065	0.10726	0.01158	0.12686	0.03971	0.07533	0.01149	0.01338	0.00923	0.00668	0.02013	0.00169	0.02255	0.02274	0.00349	0.00775
4	0.04939	0.05852	0.09546	0.01402	0.13773	0.01041	0.01051	0.05626	0.01379	0.13261	0.10564	0.06319	0.04532	0.00800	0.00586	0.00171	0.02042	0.06143	0.00440	0.10530
5	0.01507	0.42789	0.05012	0.01224	0.06321	0.07486	0.01034	0.09012	0.05736	0.01698	0.01134	0.05711	0.01018	0.00633	0.00516	0.00149	0.04328	0.00456	0.03500	0.00737
6	0.00818	0.00546	0.00614	0.00614	0.00614	0.00546	0.00341	0.00818	0.00818	0.01091	0.01773	0.03683	0.02046	0.80222	0.02864	0.00546	0.00546	0.00818	0.00341	0.00341
7	0.01167	0.01000	0.01167	0.00834	0.01334	0.00750	0.00667	0.01417	0.01167	0.01834	0.01000	0.01167	0.00834	0.00417	0.00417	0.00083	0.00417	0.00333	0.00333	0.83663
8	0.00825	0.00583	0.00731	0.00689	0.00831	0.00531	0.00512	0.01054	0.01499	0.04172	0.58678	0.04305	0.16459	0.05719	0.00787	0.00200	0.00291	0.01021	0.00590	0.00523
9	0.00718	0.00572	0.00643	0.00625	0.00792	0.00497	0.00469	0.00910	0.01407	0.01815	0.34021	0.04930	0.47980	0.01315	0.00665	0.00185	0.00277	0.01120	0.00561	0.00497
10	0.00719	0.00572	0.00645	0.00627	0.00793	0.00498	0.00470	0.00912	0.01410	0.01823	0.34794	0.04917	0.47202	0.01312	0.00665	0.00185	0.00277	0.01118	0.00562	0.00498
11	0.01554	0.01286	0.01359	0.01176	0.01522	0.01472	0.00928	0.17975	0.60459	0.02603	0.02095	0.01944	0.01559	0.00745	0.00571	0.00186	0.00482	0.00609	0.00571	0.00905
12	0.02139	0.01576	0.01689	0.01295	0.01745	0.01745	0.01070	0.74835	0.02646	0.03547	0.01351	0.01351	0.00957	0.00676	0.00563	0.00169	0.00619	0.00507	0.00563	0.00957
13	0.00806	0.00596	0.00868	0.00868	0.00957	0.00684	0.00659	0.00982	0.00894	0.01280	0.01540	0.02393	0.01486	0.13624	0.68697	0.00860	0.01388	0.00630	0.00306	0.00482
14	0.01148	0.06960	0.73429	0.01571	0.02384	0.01355	0.02021	0.01777	0.01186	0.01758	0.00998	0.01173	0.00713	0.00532	0.00526	0.00175	0.00820	0.00410	0.00238	0.00826
15	0.00824	0.00614	0.00780	0.00779	0.00925	0.00581	0.00615	0.01118	0.04116	0.02025	0.46959	0.04790	0.14863	0.01268	0.00687	0.00198	0.00332	0.17413	0.00581	0.00533
16	0.01473	0.00750	0.00928	0.00836	0.01097	0.00689	0.00684	0.04465	0.01433	0.27658	0.03139	0.03710	0.20247	0.01047	0.00606	0.00189	0.00409	0.15802	0.14162	0.00676
17	0.00777	0.00616	0.00685	0.00705	0.00867	0.00560	0.00530	0.05129	0.01313	0.01632	0.04575	0.23348	0.47913	0.01475	0.00682	0.00204	0.00335	0.07624	0.00524	0.00503
18	0.01391	0.01015	0.01613	0.29155	0.06658	0.01062	0.09727	0.06078	0.01385	0.16709	0.04743	0.04208	0.12285	0.00760	0.00598	0.00184	0.00610	0.00680	0.00424	0.00713
19	0.01488	0.77224	0.06144	0.00990	0.01487	0.02187	0.01011	0.01689	0.01145	0.01344	0.00792	0.00915	0.00722	0.00484	0.00369	0.00123	0.00612	0.00306	0.00241	0.00727
20	0.01593	0.01179	0.07027	0.28181	0.02479	0.01127	0.08435	0.04679	0.02934	0.25577	0.05051	0.01860	0.01268	0.00671	0.00629	0.00186	0.03514	0.02404	0.00437	0.00769
21	0.03955	0.01211	0.01750	0.16662	0.28596	0.01264	0.01303	0.14372	0.04028	0.11229	0.03447	0.01545	0.01080	0.00589	0.00548	0.00167	0.00609	0.00512	0.00398	0.06735
22	0.01641	0.01277	0.04447	0.05072	0.19336	0.01291	0.03064	0.15661	0.07336	0.15082	0.02718	0.03361	0.01173	0.00684	0.00700	0.00178	0.09241	0.00550	0.02150	0.05041
23	0.00746	0.00515	0.00635	0.00706	0.00724	0.00497	0.00440	0.00799	0.00960	0.01280	0.02498	0.45224	0.02960	0.37434	0.01694	0.00373	0.00426	0.01245	0.00440	0.00404
24	0.06850	0.04818	0.09855	0.01342	0.04419	0.16681	0.03915	0.11086	0.13102	0.15482	0.01537	0.01736	0.01175	0.00678	0.00546	0.00174	0.00666	0.04686	0.00448	0.00806
25	0.06557	0.01496	0.01726	0.06449	0.19546	0.11929	0.01220	0.22073	0.01666	0.11219	0.01198	0.01353	0.00905	0.00643	0.00685	0.00176	0.09450	0.00479	0.00407	0.00822
26	0.02988	0.00695	0.00894	0.00893	0.01027	0.00707	0.02164	0.08104	0.01237	0.03394	0.02596	0.30001	0.07828	0.10657	0.12410	0.00357	0.00601	0.12447	0.00467	0.00531

[dist]
# distance from previous block
# <min> <max>
0	2

[block]
# block no. 5 follows, 42 sequences, length 15
# corresponding to MSA columns:
# 1344-1358
name=unknown_F
#
# <colnr> <probs for GDERKNQSTAVLIFYWHMCP>
#	G	D	E	R	K	N	Q	S	T	A	V	L	I	F	Y	W	H	M	C	P
0	0.01172	0.03195	0.06993	0.01546	0.04875	0.04287	0.24459	0.01579	0.05077	0.01890	0.23384	0.02247	0.02198	0.00810	0.02200	0.00193	0.07299	0.00688	0.00394	0.05516
1	0.00878	0.00545	0.00779	0.00779	0.00819	0.00585	0.00547	0.00858	0.00818	0.01130	0.01340	0.02284	0.01351	0.17669	0.32615	0.34848	0.00907	0.00597	0.00285	0.00366
2	0.01197	0.01017	0.01584	0.07049	0.30512	0.01039	0.04389	0.01633	0.11545	0.05289	0.01936	0.26561	0.01922	0.00952	0.00616	0.00193	0.00537	0.00881	0.00415	0.00733
3	0.00772	0.00580	0.00763	0.00763	0.00877	0.00604	0.00572	0.00909	0.01007	0.01335	0.02833	0.03322	0.25384	0.09432	0.42186	0.06055	0.00972	0.00800	0.00372	0.00464
4	0.00739	0.00569	0.00686	0.00748	0.00879	0.00517	0.00576	0.00907	0.01255	0.01589	0.09124	0.24393	0.35301	0.01524	0.00706	0.00216	0.00352	0.18906	0.00528	0.00485
5	0.00976	0.26093	0.01389	0.00741	0.01005	0.01052	0.00632	0.01171	0.01340	0.01699	0.27269	0.03579	0.29024	0.01034	0.00568	0.00164	0.00380	0.00849	0.00464	0.00572
6	0.00855	0.01315	0.25113	0.00952	0.01322	0.00757	0.00991	0.01196	0.01339	0.01828	0.25967	0.06973	0.27083	0.01071	0.00625	0.00184	0.00455	0.00907	0.00462	0.00605
7	0.27888	0.55205	0.02272	0.00892	0.01331	0.01919	0.00850	0.01675	0.01084	0.01707	0.00783	0.00906	0.00686	0.00495	0.00357	0.00138	0.00549	0.00302	0.00275	0.00686
8	0.01192	0.02467	0.53701	0.01849	0.02597	0.01344	0.25238	0.01789	0.01233	0.01789	0.01051	0.01293	0.00758	0.00515	0.00576	0.00182	0.00869	0.00495	0.00253	0.00809
9	0.57674	0.01060	0.01102	0.25667	0.01978	0.01259	0.00914	0.01585	0.01011	0.02178	0.00853	0.01101	0.00654	0.00535	0.00417	0.00178	0.00536	0.00367	0.00317	0.00614
10	0.01078	0.01100	0.01802	0.01438	0.01658	0.01241	0.21500	0.01305	0.01126	0.01533	0.02434	0.02647	0.24937	0.00983	0.01139	0.00213	0.32148	0.00762	0.00345	0.00611
11	0.01168	0.01108	0.01878	0.54809	0.27114	0.01278	0.01615	0.01530	0.01175	0.01566	0.01019	0.01466	0.00795	0.00543	0.00561	0.00181	0.00724	0.00501	0.00259	0.00710
12	0.01145	0.01205	0.00953	0.00966	0.01107	0.25193	0.00693	0.01277	0.01308	0.01496	0.08842	0.40189	0.10863	0.01297	0.00641	0.00193	0.00536	0.01111	0.00456	0.00528
13	0.01754	0.01216	0.01972	0.02672	0.52695	0.01174	0.01440	0.02051	0.01386	0.25851	0.01429	0.01560	0.01051	0.00564	0.00560	0.00169	0.00608	0.00522	0.00412	0.00913
14	0.02114	0.02329	0.01625	0.01400	0.01741	0.53646	0.01082	0.25406	0.01930	0.02069	0.01023	0.01122	0.00799	0.00610	0.00525	0.00153	0.00889	0.00408	0.00377	0.00750

[dist]
# distance from previous block
# <min> <max>
0	2

[block]
# block no. 6 follows, 42 sequences, length 57
# corresponding to MSA columns:
# 1361-1371,1379-1424
name=unknown_G
#
# <colnr> <probs for GDERKNQSTAVLIFYWHMCP>
#	G	D	E	R	K	N	Q	S	T	A	V	L	I	F	Y	W	H	M	C	P
0	0.07663	0.00569	0.00549	0.00542	0.00690	0.00583	0.00411	0.01339	0.01162	0.02132	0.01752	0.02004	0.01376	0.00645	0.00390	0.00135	0.00276	0.00507	0.76745	0.00531
1	0.01101	0.00948	0.01455	0.22026	0.17859	0.01028	0.04173	0.01555	0.10846	0.01738	0.01782	0.18458	0.01689	0.00865	0.00587	0.00188	0.00550	0.02702	0.09779	0.00671
2	0.00686	0.00490	0.00653	0.00784	0.00816	0.00457	0.00522	0.00784	0.01077	0.01437	0.03102	0.79855	0.03722	0.01763	0.00718	0.00229	0.00326	0.01600	0.00522	0.00457
3	0.00768	0.00575	0.00704	0.00717	0.00846	0.00528	0.00542	0.00962	0.01355	0.01800	0.33155	0.11090	0.24963	0.07630	0.00861	0.00227	0.00336	0.11902	0.00546	0.00492
4	0.01324	0.01291	0.01924	0.44737	0.19008	0.07424	0.06738	0.07663	0.01336	0.01719	0.01041	0.01428	0.00803	0.00554	0.00564	0.00178	0.00757	0.00502	0.00288	0.00721
5	0.01414	0.02570	0.55244	0.01539	0.02252	0.06051	0.03409	0.15106	0.01492	0.04131	0.01099	0.01234	0.00780	0.00566	0.00542	0.00175	0.00797	0.00439	0.00313	0.00845
6	0.00686	0.00490	0.00653	0.00784	0.00816	0.00457	0.00522	0.00784	0.01077	0.01437	0.03102	0.79855	0.03722	0.01763	0.00718	0.00229	0.00326	0.01600	0.00522	0.00457
7	0.01382	0.01326	0.02264	0.05979	0.74273	0.01334	0.01722	0.01717	0.01276	0.01825	0.01057	0.01396	0.00887	0.00503	0.00557	0.00168	0.00671	0.00501	0.00278	0.00883
8	0.01244	0.01350	0.08001	0.30166	0.24795	0.03267	0.10195	0.03325	0.03319	0.01731	0.03141	0.01720	0.01056	0.00597	0.00581	0.00182	0.00729	0.03555	0.00300	0.00745
9	0.13541	0.00667	0.00712	0.00695	0.00887	0.00642	0.00522	0.01266	0.01202	0.11128	0.03120	0.22613	0.22721	0.01136	0.00566	0.00184	0.00338	0.00954	0.16544	0.00560
10	0.04076	0.07231	0.05972	0.26618	0.21950	0.04733	0.04157	0.04022	0.01244	0.01716	0.00998	0.01319	0.00798	0.00530	0.00547	0.00162	0.02274	0.00454	0.00283	0.10915
11	0.02186	0.01400	0.01567	0.01213	0.01651	0.01496	0.00998	0.52337	0.07188	0.21610	0.01627	0.01539	0.01115	0.00687	0.00564	0.00172	0.00573	0.00530	0.00597	0.00953
12	0.01292	0.07055	0.54190	0.01535	0.02236	0.01327	0.07583	0.03770	0.01275	0.07617	0.03943	0.01373	0.00958	0.00579	0.00579	0.00177	0.02929	0.00468	0.00300	0.00815
13	0.02107	0.02553	0.01606	0.01432	0.01740	0.69029	0.01085	0.10756	0.01718	0.01632	0.00926	0.01054	0.00752	0.00591	0.00514	0.00148	0.00968	0.00379	0.00322	0.00688
14	0.01063	0.01000	0.01688	0.78870	0.03876	0.01250	0.01563	0.01438	0.01125	0.01438	0.01000	0.01500	0.00750	0.00563	0.00563	0.00188	0.00750	0.00500	0.00250	0.00625
15	0.00686	0.00490	0.00653	0.00784	0.00816	0.00457	0.00522	0.00784	0.01077	0.01437	0.03102	0.79855	0.03722	0.01763	0.00718	0.00229	0.00326	0.01600	0.00522	0.00457
16	0.00686	0.00490	0.00653	0.00784	0.00816	0.00457	0.00522	0.00784	0.01077	0.01437	0.03102	0.79855	0.03722	0.01763	0.00718	0.00229	0.00326	0.01600	0.00522	0.00457
17	0.00686	0.00490	0.00653	0.00784	0.00816	0.00457	0.00522	0.00784	0.01077	0.01437	0.03102	0.79855	0.03722	0.01763	0.00718	0.00229	0.00326	0.01600	0.00522	0.00457
18	0.01810	0.01413	0.01504	0.01228	0.01620	0.01591	0.00990	0.42860	0.35158	0.03016	0.01769	0.01684	0.01296	0.00715	0.00567	0.00179	0.00542	0.00564	0.00567	0.00928
19	0.84197	0.01088	0.00827	0.00740	0.01088	0.01262	0.00609	0.01654	0.00958	0.02525	0.00784	0.00914	0.00609	0.00522	0.00348	0.00174	0.00435	0.00305	0.00348	0.00609
20	0.01400	0.01209	0.01273	0.01145	0.01463	0.01400	0.00891	0.02990	0.75695	0.02354	0.02291	0.02100	0.01718	0.00764	0.00573	0.00191	0.00445	0.00636	0.00573	0.00891
21	0.01167	0.01000	0.01167	0.00834	0.01334	0.00750	0.00667	0.01417	0.01167	0.01834	0.01000	0.01167	0.00834	0.00417	0.00417	0.00083	0.00417	0.00333	0.00333	0.83663
22	0.00675	0.00530	0.00612	0.00677	0.00788	0.00466	0.00475	0.00796	0.01180	0.01478	0.04399	0.42696	0.40044	0.01594	0.00692	0.00209	0.00306	0.01394	0.00522	0.00466
23	0.01328	0.01518	0.03321	0.02372	0.02941	0.01423	0.74668	0.01803	0.01328	0.01803	0.01139	0.01518	0.00854	0.00474	0.00664	0.00190	0.00949	0.00664	0.00285	0.00759
24	0.02102	0.02682	0.01595	0.01450	0.01740	0.77963	0.01087	0.02247	0.01595	0.01377	0.00870	0.01015	0.00725	0.00580	0.00507	0.00145	0.01015	0.00362	0.00290	0.00652
25	0.01939	0.06340	0.01614	0.01347	0.01671	0.50186	0.01041	0.10871	0.16096	0.01819	0.01198	0.01259	0.00945	0.00622	0.00519	0.00155	0.00836	0.00429	0.00374	0.00738
26	0.00686	0.00490	0.00653	0.00784	0.00816	0.00457	0.00522	0.00784	0.01077	0.01437	0.03102	0.79855	0.03722	0.01763	0.00718	0.00229	0.00326	0.01600	0.00522	0.00457
27	0.01466	0.18568	0.21205	0.01232	0.01730	0.03862	0.01226	0.14720	0.21781	0.02144	0.03954	0.01591	0.02835	0.00651	0.00519	0.00167	0.00616	0.00502	0.00406	0.00823
28	0.01129	0.02911	0.77306	0.01604	0.02436	0.01307	0.02079	0.01782	0.01188	0.01782	0.01010	0.01188	0.00713	0.00535	0.00535	0.00178	0.00832	0.00416	0.00238	0.00832
29	0.00686	0.00490	0.00653	0.00784	0.00816	0.00457	0.00522	0.00784	0.01077	0.01437	0.03102	0.79855	0.03722	0.01763	0.00718	0.00229	0.00326	0.01600	0.00522	0.00457
30	0.00978	0.00489	0.00733	0.00733	0.00733	0.00489	0.00489	0.00733	0.00733	0.00978	0.00978	0.01711	0.00978	0.01955	0.02199	0.83627	0.00489	0.00489	0.00244	0.00244
31	0.02124	0.01477	0.01612	0.01250	0.01688	0.01613	0.01028	0.60928	0.08339	0.11811	0.01525	0.01475	0.01067	0.00685	0.00564	0.00171	0.00589	0.00524	0.00579	0.00952
32	0.00686	0.00490	0.00653	0.00784	0.00816	0.00457	0.00522	0.00784	0.01077	0.01437	0.03102	0.79855	0.03722	0.01763	0.00718	0.00229	0.00326	0.01600	0.00522	0.00457
33	0.00686	0.00490	0.00653	0.00784	0.00816	0.00457	0.00522	0.00784	0.01077	0.01437	0.03102	0.79855	0.03722	0.01763	0.00718	0.00229	0.00326	0.01600	0.00522	0.00457
34	0.02102	0.02682	0.01595	0.01450	0.01740	0.77963	0.01087	0.02247	0.01595	0.01377	0.00870	0.01015	0.00725	0.00580	0.00507	0.00145	0.01015	0.00362	0.00290	0.00652
35	0.00818	0.00546	0.00614	0.00614	0.00614	0.00546	0.00341	0.00818	0.00818	0.01091	0.01773	0.03683	0.02046	0.80222	0.02864	0.00546	0.00546	0.00818	0.00341	0.00341
36	0.00759	0.00553	0.00643	0.00650	0.00786	0.00497	0.00476	0.00951	0.01343	0.01830	0.29441	0.17504	0.30275	0.01298	0.00642	0.00185	0.00283	0.01122	0.10265	0.00497
37	0.01333	0.01450	0.01264	0.01184	0.01373	0.30187	0.06657	0.04214	0.01354	0.01523	0.02027	0.40552	0.02245	0.01168	0.00628	0.00191	0.00650	0.01012	0.00416	0.00575
38	0.01167	0.01000	0.01167	0.00834	0.01334	0.00750	0.00667	0.01417	0.01167	0.01834	0.01000	0.01167	0.00834	0.00417	0.00417	0.00083	0.00417	0.00333	0.00333	0.83663
39	0.03944	0.47306	0.02579	0.01243	0.01682	0.03773	0.13572	0.01806	0.07126	0.03355	0.01142	0.01494	0.01001	0.00594	0.00501	0.00153	0.02558	0.05137	0.00308	0.00726
40	0.00731	0.00573	0.00661	0.00639	0.00801	0.00503	0.00479	0.00935	0.01438	0.01889	0.41115	0.04809	0.40839	0.01288	0.00664	0.00184	0.00275	0.01103	0.00571	0.00503
41	0.00818	0.00546	0.00614	0.00614	0.00614	0.00546	0.00341	0.00818	0.00818	0.01091	0.01773	0.03683	0.02046	0.80222	0.02864	0.00546	0.00546	0.00818	0.00341	0.00341
42	0.01505	0.80561	0.02949	0.00963	0.01444	0.02227	0.00963	0.01685	0.01143	0.01324	0.00782	0.00903	0.00722	0.00481	0.00361	0.00120	0.00602	0.00301	0.00241	0.00722
43	0.01505	0.80561	0.02949	0.00963	0.01444	0.02227	0.00963	0.01685	0.01143	0.01324	0.00782	0.00903	0.00722	0.00481	0.00361	0.00120	0.00602	0.00301	0.00241	0.00722
44	0.00686	0.00490	0.00653	0.00784	0.00816	0.00457	0.00522	0.00784	0.01077	0.01437	0.03102	0.79855	0.03722	0.01763	0.00718	0.00229	0.00326	0.01600	0.00522	0.00457
45	0.08346	0.06530	0.24761	0.02989	0.01865	0.06530	0.01295	0.19614	0.03865	0.16902	0.01325	0.01353	0.00928	0.00607	0.00522	0.00170	0.00666	0.00456	0.00428	0.00847
46	0.00730	0.00535	0.00686	0.00729	0.00821	0.00490	0.00516	0.00904	0.01318	0.01794	0.34494	0.39728	0.12238	0.01467	0.00689	0.00203	0.00296	0.01308	0.00564	0.00490
47	0.00818	0.00546	0.00614	0.00614	0.00614	0.00546	0.00341	0.00818	0.00818	0.01091	0.01773	0.03683	0.02046	0.80222	0.02864	0.00546	0.00546	0.00818	0.00341	0.00341
