[name]
unknown

[dist]
# distance from previous block
# <min> <max>
0	174

[block]
# block no. 0 follows, 48 sequences, length 37
# corresponding to MSA columns:
# 224-260
name=unknown_A
#
# <colnr> <probs for GDERKNQSTAVLIFYWHMCP>
#	G	D	E	R	K	N	Q	S	T	A	V	L	I	F	Y	W	H	M	C	P
0	0.00822	0.00564	0.00750	0.00788	0.00896	0.00560	0.00617	0.03609	0.01105	0.03243	0.07975	0.19033	0.11792	0.01744	0.11767	0.09646	0.00521	0.23685	0.00431	0.00452
1	0.00738	0.00546	0.00819	0.00819	0.00908	0.00635	0.00635	0.00908	0.00819	0.01181	0.01358	0.02000	0.01269	0.03777	0.77243	0.03733	0.01342	0.00546	0.00273	0.00450
2	0.09222	0.00719	0.00854	0.00848	0.01027	0.00744	0.00664	0.01504	0.16458	0.11019	0.07569	0.25826	0.02500	0.01118	0.00588	0.00194	0.00381	0.17690	0.00494	0.00581
3	0.04398	0.00861	0.01025	0.00891	0.01161	0.00869	0.00708	0.11853	0.14542	0.26122	0.06754	0.14503	0.05134	0.00893	0.00550	0.00174	0.00404	0.05859	0.02597	0.00703
4	0.35543	0.01069	0.01108	0.00888	0.01257	0.01133	0.00733	0.21658	0.01478	0.28473	0.01292	0.01246	0.00880	0.00567	0.00436	0.00158	0.00454	0.00407	0.00476	0.00746
5	0.00938	0.00683	0.00794	0.00741	0.00925	0.00681	0.00564	0.01430	0.19738	0.07172	0.31702	0.07874	0.19673	0.02538	0.00622	0.00177	0.00311	0.02338	0.00529	0.00572
6	0.01393	0.00674	0.00889	0.00750	0.00994	0.00596	0.00593	0.01607	0.01438	0.35040	0.40060	0.03024	0.08999	0.00891	0.00567	0.00161	0.00327	0.00763	0.00588	0.00647
7	0.00641	0.00509	0.00576	0.00586	0.00721	0.00444	0.00429	0.00794	0.01213	0.01550	0.24147	0.17644	0.46359	0.01286	0.00614	0.00176	0.00262	0.01106	0.00500	0.00444
8	0.24491	0.00874	0.00968	0.00829	0.01115	0.00892	0.00660	0.09413	0.03337	0.29304	0.01698	0.12439	0.01441	0.06360	0.00633	0.00192	0.00425	0.03779	0.00483	0.00668
9	0.01164	0.00665	0.00834	0.00767	0.00921	0.00668	0.00574	0.01464	0.14400	0.15133	0.13280	0.02519	0.01954	0.10364	0.01144	0.21315	0.00400	0.05750	0.06161	0.00523
10	0.02811	0.00530	0.00641	0.00655	0.00739	0.00514	0.00454	0.00929	0.04327	0.01592	0.29649	0.26596	0.07266	0.17664	0.01012	0.00244	0.00322	0.01014	0.02600	0.00442
11	0.80931	0.00986	0.00779	0.00688	0.01010	0.01129	0.00567	0.01564	0.00907	0.06601	0.00788	0.00885	0.00596	0.00485	0.00329	0.00159	0.00399	0.00291	0.00335	0.00573
12	0.05703	0.00668	0.00831	0.00755	0.00983	0.00606	0.00600	0.01454	0.01271	0.28502	0.11909	0.12601	0.20770	0.01047	0.00578	0.00178	0.00357	0.10053	0.00533	0.00601
13	0.01810	0.01196	0.01321	0.01051	0.01414	0.01291	0.00856	0.43436	0.16349	0.16864	0.01573	0.01508	0.01111	0.00633	0.00503	0.00156	0.00486	0.00495	0.07116	0.00831
14	0.00733	0.00550	0.00825	0.00825	0.00916	0.00641	0.00641	0.00916	0.00825	0.01191	0.01374	0.02016	0.01283	0.03848	0.79934	0.00825	0.01374	0.00550	0.00275	0.00458
15	0.02255	0.00884	0.01189	0.00919	0.01311	0.00778	0.00757	0.02511	0.04974	0.75588	0.02027	0.01754	0.01284	0.00638	0.00516	0.00159	0.00435	0.00519	0.00630	0.00870
16	0.02145	0.01040	0.01282	0.00987	0.01376	0.01010	0.00811	0.25948	0.01745	0.52892	0.01762	0.01632	0.01162	0.03034	0.00577	0.00167	0.00479	0.00506	0.00587	0.00856
17	0.00726	0.00524	0.00686	0.00646	0.00767	0.00484	0.00484	0.00968	0.01452	0.02058	0.78496	0.03833	0.04841	0.01049	0.00605	0.00161	0.00242	0.00928	0.00565	0.00484
18	0.01064	0.00912	0.01064	0.00760	0.01216	0.00684	0.00608	0.01292	0.01064	0.01672	0.00912	0.01064	0.00760	0.00380	0.00380	0.00076	0.00380	0.00304	0.00304	0.85104
19	0.00625	0.00447	0.00595	0.00714	0.00744	0.00417	0.00476	0.00714	0.00982	0.01310	0.02828	0.81633	0.03394	0.01608	0.00655	0.00208	0.00298	0.01459	0.00476	0.00417
20	0.00733	0.00550	0.00825	0.00825	0.00916	0.00641	0.00641	0.00916	0.00825	0.01191	0.01374	0.02016	0.01283	0.03848	0.79934	0.00825	0.01374	0.00550	0.00275	0.00458
21	0.01266	0.01231	0.02148	0.03081	0.73523	0.01225	0.06766	0.01579	0.01171	0.01674	0.00970	0.01278	0.00810	0.00455	0.00515	0.00154	0.00627	0.00467	0.00254	0.00804
22	0.00898	0.00571	0.00691	0.00633	0.00813	0.00502	0.00485	0.01090	0.01344	0.12482	0.39106	0.03977	0.33295	0.01090	0.00593	0.00166	0.00276	0.00932	0.00540	0.00518
23	0.00746	0.00497	0.00560	0.00560	0.00560	0.00497	0.00311	0.00746	0.00746	0.00995	0.01617	0.03358	0.01865	0.81967	0.02612	0.00497	0.00497	0.00746	0.00311	0.00311
24	0.00956	0.00478	0.00478	0.00478	0.00598	0.00478	0.00359	0.01196	0.01076	0.01913	0.01674	0.01913	0.01315	0.00598	0.00359	0.00120	0.00239	0.00478	0.84816	0.00478
25	0.01209	0.01364	0.02942	0.04024	0.06865	0.01290	0.71044	0.01632	0.01204	0.01638	0.01031	0.01377	0.00778	0.00436	0.00598	0.00172	0.00847	0.00594	0.00258	0.00696
26	0.01255	0.00749	0.00986	0.05232	0.01254	0.00754	0.00784	0.01683	0.13574	0.20874	0.14562	0.03614	0.02496	0.01000	0.00604	0.00192	0.00427	0.28805	0.00522	0.00633
27	0.01276	0.01102	0.01160	0.01044	0.01334	0.01276	0.00812	0.02727	0.77840	0.02146	0.02088	0.01914	0.01566	0.00696	0.00522	0.00174	0.00406	0.00580	0.00522	0.00812
28	0.85592	0.00992	0.00754	0.00675	0.00992	0.01151	0.00556	0.01508	0.00873	0.02302	0.00714	0.00834	0.00556	0.00476	0.00318	0.00159	0.00397	0.00278	0.00318	0.00556
29	0.00744	0.00505	0.00597	0.00597	0.00610	0.00518	0.00357	0.00770	0.00757	0.01022	0.01583	0.03170	0.01784	0.71032	0.13435	0.00543	0.00620	0.00719	0.00306	0.00332
30	0.85592	0.00992	0.00754	0.00675	0.00992	0.01151	0.00556	0.01508	0.00873	0.02302	0.00714	0.00834	0.00556	0.00476	0.00318	0.00159	0.00397	0.00278	0.00318	0.00556
31	0.85592	0.00992	0.00754	0.00675	0.00992	0.01151	0.00556	0.01508	0.00873	0.02302	0.00714	0.00834	0.00556	0.00476	0.00318	0.00159	0.00397	0.00278	0.00318	0.00556
32	0.01276	0.01102	0.01160	0.01044	0.01334	0.01276	0.00812	0.02727	0.77840	0.02146	0.02088	0.01914	0.01566	0.00696	0.00522	0.00174	0.00406	0.00580	0.00522	0.00812
33	0.01238	0.01062	0.01128	0.01017	0.01295	0.01222	0.00790	0.02605	0.72576	0.02140	0.07354	0.02047	0.01792	0.00720	0.00528	0.00173	0.00395	0.00604	0.00525	0.00790
34	0.01186	0.01295	0.02685	0.13136	0.13901	0.01264	0.55508	0.01588	0.01179	0.01603	0.01010	0.01365	0.00771	0.00447	0.00579	0.00170	0.00803	0.00563	0.00254	0.00693
35	0.00951	0.00887	0.01505	0.67476	0.03161	0.01068	0.04776	0.01285	0.01086	0.01416	0.10267	0.01666	0.01189	0.00574	0.00528	0.00170	0.00639	0.00520	0.00270	0.00565
36	0.01487	0.00888	0.01066	0.00877	0.01150	0.00891	0.00697	0.23556	0.03470	0.21588	0.31233	0.04392	0.02603	0.02985	0.00609	0.00169	0.00397	0.00689	0.00557	0.00696

[dist]
# distance from previous block
# <min> <max>
3	63

[block]
# block no. 1 follows, 48 sequences, length 130
# corresponding to MSA columns:
# 324-363,366-455
name=unknown_B
#
# <colnr> <probs for GDERKNQSTAVLIFYWHMCP>
#	G	D	E	R	K	N	Q	S	T	A	V	L	I	F	Y	W	H	M	C	P
0	0.01419	0.00766	0.04476	0.00834	0.01074	0.00638	0.00668	0.01632	0.03685	0.35770	0.08679	0.30028	0.02325	0.04689	0.00666	0.00192	0.00388	0.00888	0.00536	0.00647
1	0.01408	0.19778	0.15333	0.10895	0.15364	0.03650	0.02182	0.05380	0.01241	0.14210	0.04972	0.01343	0.01009	0.00533	0.00471	0.00148	0.00594	0.00434	0.00327	0.00728
2	0.05589	0.01142	0.01539	0.05390	0.26471	0.01226	0.03252	0.20263	0.16006	0.02143	0.03747	0.08337	0.01294	0.00661	0.00521	0.00164	0.00522	0.00577	0.00399	0.00756
3	0.00695	0.00506	0.00666	0.00767	0.00828	0.00491	0.00552	0.00883	0.04894	0.01415	0.05304	0.62279	0.03276	0.01511	0.00656	0.00210	0.00331	0.13806	0.00481	0.00448
4	0.01359	0.01115	0.01619	0.13245	0.23809	0.01192	0.05976	0.11591	0.19495	0.08007	0.06177	0.01636	0.01265	0.00592	0.00526	0.00163	0.00546	0.00530	0.00397	0.00762
5	0.01064	0.00912	0.01064	0.00760	0.01216	0.00684	0.00608	0.01292	0.01064	0.01672	0.00912	0.01064	0.00760	0.00380	0.00380	0.00076	0.00380	0.00304	0.00304	0.85104
6	0.00910	0.00650	0.00939	0.21349	0.01522	0.00672	0.00746	0.01165	0.01319	0.08077	0.47380	0.05548	0.05898	0.00903	0.00576	0.00166	0.00374	0.00795	0.00478	0.00534
7	0.02531	0.05139	0.39978	0.01566	0.14944	0.01110	0.03182	0.01667	0.01138	0.10675	0.01047	0.01182	0.00767	0.00481	0.00473	0.00146	0.00631	0.00397	0.00287	0.12659
8	0.29514	0.26676	0.03994	0.01056	0.05195	0.20714	0.00862	0.01694	0.03472	0.01649	0.00795	0.00916	0.00660	0.00484	0.00378	0.00137	0.00595	0.00311	0.00274	0.00624
9	0.23815	0.01029	0.01155	0.00911	0.01290	0.01043	0.00752	0.18772	0.01524	0.42384	0.01509	0.01396	0.00997	0.00590	0.00464	0.00158	0.00455	0.00442	0.00526	0.00791
10	0.01215	0.04778	0.04358	0.30411	0.24826	0.10830	0.02986	0.01497	0.01104	0.01428	0.00884	0.01219	0.00720	0.00526	0.00607	0.00160	0.08439	0.00428	0.00242	0.03340
11	0.00871	0.00706	0.00855	0.00729	0.01000	0.00569	0.00551	0.01056	0.01090	0.01594	0.10686	0.26043	0.04684	0.00884	0.00504	0.00133	0.00337	0.02413	0.00396	0.44899
12	0.00616	0.00512	0.00539	0.00549	0.00703	0.00435	0.00405	0.00750	0.01169	0.01423	0.09833	0.12999	0.65672	0.01315	0.00611	0.00176	0.00263	0.01112	0.00482	0.00435
13	0.01113	0.01112	0.05953	0.39690	0.10419	0.01200	0.01249	0.01862	0.28491	0.01665	0.01338	0.01537	0.01011	0.00571	0.00514	0.00170	0.00581	0.00496	0.00335	0.00692
14	0.00680	0.00523	0.00622	0.00597	0.00738	0.00465	0.00448	0.00880	0.01344	0.01801	0.50441	0.04256	0.33057	0.01145	0.00606	0.00166	0.00249	0.00987	0.00531	0.00465
15	0.01160	0.01015	0.01239	0.13186	0.06555	0.01176	0.00932	0.02183	0.50157	0.01899	0.05629	0.04137	0.01562	0.00809	0.03224	0.00196	0.03179	0.00591	0.00443	0.00728
16	0.00746	0.00497	0.00560	0.00560	0.00560	0.00497	0.00311	0.00746	0.00746	0.00995	0.01617	0.03358	0.01865	0.81967	0.02612	0.00497	0.00497	0.00746	0.00311	0.00311
17	0.01374	0.66757	0.05947	0.00943	0.01373	0.05832	0.00923	0.01682	0.08541	0.01320	0.00861	0.00946	0.00747	0.00471	0.00362	0.00120	0.00563	0.00312	0.00251	0.00675
18	0.42672	0.01071	0.01048	0.00866	0.01216	0.01173	0.00709	0.17589	0.08868	0.18349	0.01228	0.01211	0.00869	0.00560	0.00419	0.00159	0.00441	0.00395	0.00444	0.00713
19	0.32244	0.05422	0.01230	0.01010	0.01301	0.17490	0.03094	0.04214	0.18747	0.01921	0.01134	0.01303	0.00914	0.00592	0.00497	0.00161	0.04955	0.02779	0.00353	0.00639
20	0.00784	0.00587	0.00734	0.00687	0.00827	0.00570	0.00518	0.01156	0.09786	0.02054	0.68693	0.03645	0.05954	0.01015	0.00596	0.00163	0.00260	0.00893	0.00558	0.00519
21	0.18679	0.01298	0.01328	0.01051	0.01421	0.04864	0.00864	0.44891	0.01866	0.14292	0.01209	0.01212	0.00853	0.00596	0.00512	0.00157	0.03220	0.00427	0.00472	0.00787
22	0.12476	0.40150	0.01925	0.00919	0.01329	0.01587	0.00833	0.16909	0.01377	0.16523	0.01066	0.01082	0.00804	0.00517	0.00400	0.00134	0.00511	0.00358	0.00370	0.00729
23	0.01588	0.01321	0.01201	0.01026	0.01322	0.18602	0.00808	0.18905	0.16640	0.12984	0.09392	0.02072	0.08975	0.00739	0.00526	0.00158	0.00533	0.02019	0.00478	0.00711
24	0.00812	0.00607	0.00784	0.00870	0.00978	0.00620	0.00690	0.01161	0.11820	0.01534	0.02672	0.34432	0.02929	0.01390	0.00662	0.00217	0.00396	0.36448	0.00481	0.00499
25	0.06462	0.00951	0.02560	0.02204	0.01263	0.00732	0.00644	0.01313	0.01051	0.01705	0.00900	0.01055	0.00743	0.00391	0.00380	0.00085	0.00394	0.00307	0.00302	0.76560
26	0.00878	0.00450	0.00659	0.00659	0.00659	0.00450	0.00434	0.00675	0.00675	0.00901	0.00956	0.01721	0.00978	0.08961	0.02060	0.77500	0.00450	0.00473	0.00231	0.00231
27	0.01451	0.01178	0.03159	0.04121	0.21287	0.01222	0.01055	0.27602	0.13539	0.05622	0.11697	0.02900	0.01540	0.00655	0.00527	0.00159	0.00507	0.00557	0.00444	0.00777
28	0.00746	0.00497	0.00560	0.00560	0.00560	0.00497	0.00311	0.00746	0.00746	0.00995	0.01617	0.03358	0.01865	0.81967	0.02612	0.00497	0.00497	0.00746	0.00311	0.00311
29	0.01058	0.00990	0.04103	0.35921	0.19899	0.01043	0.02966	0.01447	0.06341	0.03729	0.11730	0.01789	0.01407	0.02718	0.02575	0.00190	0.00600	0.00542	0.00315	0.00638
30	0.01110	0.00926	0.01131	0.00810	0.01266	0.00706	0.03049	0.01344	0.01082	0.04262	0.00953	0.01097	0.00778	0.00390	0.00392	0.00082	0.00397	0.00321	0.00314	0.79591
31	0.01304	0.01007	0.01671	0.01284	0.01638	0.00970	0.27016	0.04168	0.13316	0.16626	0.12753	0.02353	0.12070	0.00721	0.00572	0.00168	0.00533	0.00689	0.00452	0.00687
32	0.01243	0.01341	0.02778	0.02010	0.02500	0.01283	0.66701	0.01784	0.09735	0.03473	0.01177	0.01451	0.00877	0.00466	0.00594	0.00173	0.00804	0.00601	0.00297	0.00710
33	0.01070	0.00954	0.01323	0.45524	0.02495	0.03670	0.01105	0.08584	0.05608	0.01579	0.01296	0.13461	0.01169	0.00686	0.00520	0.00164	0.00575	0.00595	0.00319	0.09303
34	0.01455	0.52407	0.14153	0.01038	0.01506	0.08923	0.01050	0.08907	0.01232	0.03959	0.00844	0.00941	0.00698	0.00478	0.00389	0.00126	0.00613	0.00321	0.00265	0.00695
35	0.00685	0.00500	0.00644	0.00657	0.00754	0.00459	0.00474	0.00869	0.01281	0.01767	0.48671	0.28476	0.10363	0.01246	0.00621	0.00177	0.00261	0.01108	0.00530	0.00459
36	0.00951	0.00832	0.01299	0.24605	0.21993	0.00886	0.01052	0.03579	0.01175	0.01592	0.14050	0.17847	0.06348	0.00850	0.00560	0.00172	0.00489	0.00767	0.00361	0.00591
37	0.00683	0.00508	0.00636	0.00636	0.00748	0.00461	0.00465	0.00873	0.01303	0.01778	0.49211	0.19875	0.18513	0.01210	0.00616	0.00173	0.00257	0.01065	0.00530	0.00461
38	0.00800	0.00553	0.00713	0.00665	0.00802	0.00514	0.00501	0.01067	0.03492	0.05206	0.69597	0.05228	0.06819	0.01041	0.00600	0.00163	0.00256	0.00917	0.00562	0.00506
39	0.03819	0.00912	0.01061	0.00766	0.01214	0.00703	0.00615	0.01369	0.01081	0.06167	0.00970	0.01096	0.00783	0.00398	0.00386	0.00083	0.00384	0.00315	0.00324	0.77553
40	0.85592	0.00992	0.00754	0.00675	0.00992	0.01151	0.00556	0.01508	0.00873	0.02302	0.00714	0.00834	0.00556	0.00476	0.00318	0.00159	0.00397	0.00278	0.00318	0.00556
41	0.01029	0.02654	0.79309	0.01462	0.02221	0.01192	0.01896	0.01625	0.01083	0.01625	0.00921	0.01083	0.00650	0.00487	0.00487	0.00162	0.00758	0.00379	0.00217	0.00758
42	0.01347	0.01115	0.01183	0.01048	0.01349	0.01279	0.00820	0.07091	0.71082	0.04550	0.02036	0.01869	0.01517	0.00690	0.00521	0.00172	0.00416	0.00571	0.00525	0.00818
43	0.02302	0.00873	0.01191	0.00913	0.01310	0.00754	0.00754	0.02501	0.01469	0.79122	0.02024	0.01746	0.01270	0.00635	0.00516	0.00159	0.00437	0.00516	0.00635	0.00873
44	0.00625	0.00447	0.00595	0.00714	0.00744	0.00417	0.00476	0.00714	0.00982	0.01310	0.02828	0.81633	0.03394	0.01608	0.00655	0.00208	0.00298	0.01459	0.00476	0.00417
45	0.02230	0.00988	0.01262	0.00967	0.01367	0.00925	0.00799	0.17696	0.01661	0.63655	0.01863	0.01642	0.01189	0.00631	0.00515	0.00158	0.00463	0.00505	0.00610	0.00873
46	0.00746	0.00497	0.00560	0.00560	0.00560	0.00497	0.00311	0.00746	0.00746	0.00995	0.01617	0.03358	0.01865	0.81967	0.02612	0.00497	0.00497	0.00746	0.00311	0.00311
47	0.00738	0.00531	0.00730	0.00730	0.00789	0.00590	0.00523	0.00856	0.00797	0.01121	0.01461	0.02495	0.01491	0.31730	0.52336	0.00708	0.01061	0.00620	0.00288	0.00406
48	0.01261	0.01081	0.01213	0.10682	0.01598	0.01253	0.00886	0.06795	0.61823	0.02105	0.04262	0.01868	0.01521	0.00680	0.00523	0.00172	0.00444	0.00569	0.00487	0.00776
49	0.01765	0.00772	0.01011	0.00821	0.01124	0.00698	0.00661	0.02050	0.05850	0.50292	0.19325	0.02244	0.02101	0.00729	0.00522	0.00157	0.00373	0.00610	0.08149	0.00746
50	0.01259	0.01163	0.03046	0.07841	0.39318	0.01219	0.01251	0.06795	0.23902	0.01866	0.01355	0.01563	0.01080	0.00711	0.04112	0.00192	0.00587	0.01611	0.00352	0.00777
51	0.01917	0.02445	0.01454	0.01322	0.01586	0.79907	0.00991	0.02049	0.01454	0.01256	0.00793	0.00925	0.00661	0.00529	0.00463	0.00132	0.00925	0.00330	0.00264	0.00595
52	0.01247	0.01263	0.01611	0.03566	0.28140	0.12089	0.03538	0.01539	0.05806	0.01524	0.01089	0.07297	0.00996	0.00645	0.00728	0.00160	0.16180	0.00506	0.00289	0.11788
53	0.01616	0.01233	0.01338	0.01105	0.01443	0.01391	0.00889	0.34348	0.38796	0.06926	0.01672	0.01587	0.01224	0.00665	0.00557	0.00166	0.03173	0.00522	0.00515	0.00833
54	0.01358	0.66808	0.06006	0.01033	0.05337	0.01872	0.00953	0.04100	0.03536	0.01362	0.00803	0.00913	0.00705	0.00454	0.00359	0.00117	0.00552	0.00305	0.00243	0.03183
55	0.01277	0.01342	0.06921	0.04829	0.60247	0.03890	0.01514	0.03955	0.01176	0.01661	0.00939	0.01235	0.00784	0.00506	0.00606	0.00159	0.07480	0.00447	0.00257	0.00776
56	0.01995	0.00890	0.01175	0.00893	0.01291	0.00765	0.00734	0.02197	0.01359	0.59767	0.01739	0.01578	0.01140	0.00588	0.00524	0.00143	0.02998	0.00468	0.00550	0.19208
57	0.00625	0.00521	0.00545	0.00539	0.00704	0.00441	0.00404	0.00772	0.01213	0.01489	0.16456	0.04768	0.67236	0.01261	0.00606	0.00171	0.00257	0.01059	0.00490	0.00441
58	0.01265	0.01084	0.01141	0.01022	0.01311	0.01244	0.00796	0.05113	0.71463	0.02145	0.02216	0.02043	0.05412	0.00724	0.00526	0.00173	0.00404	0.00601	0.00520	0.00795
59	0.85592	0.00992	0.00754	0.00675	0.00992	0.01151	0.00556	0.01508	0.00873	0.02302	0.00714	0.00834	0.00556	0.00476	0.00318	0.00159	0.00397	0.00278	0.00318	0.00556
60	0.00723	0.00524	0.00681	0.00642	0.00764	0.00483	0.00481	0.00961	0.01444	0.02037	0.76268	0.03866	0.07082	0.01057	0.00605	0.00162	0.00243	0.00933	0.00562	0.00483
61	0.02286	0.00899	0.01207	0.00925	0.01323	0.00792	0.00764	0.05876	0.01511	0.75686	0.01988	0.01723	0.01252	0.00634	0.00516	0.00159	0.00442	0.00514	0.00630	0.00873
62	0.01337	0.01133	0.01195	0.01057	0.01358	0.01305	0.00827	0.09477	0.70990	0.02245	0.02011	0.01852	0.01503	0.00689	0.00521	0.00172	0.00420	0.00569	0.00521	0.00818
63	0.00733	0.00550	0.00825	0.00825	0.00916	0.00641	0.00641	0.00916	0.00825	0.01191	0.01374	0.02016	0.01283	0.03848	0.79934	0.00825	0.01374	0.00550	0.00275	0.00458
64	0.01917	0.02445	0.01454	0.01322	0.01586	0.79907	0.00991	0.02049	0.01454	0.01256	0.00793	0.00925	0.00661	0.00529	0.00463	0.00132	0.00925	0.00330	0.00264	0.00595
65	0.00719	0.00524	0.00675	0.00637	0.00762	0.00481	0.00478	0.00953	0.01434	0.02015	0.73813	0.03903	0.09552	0.01065	0.00605	0.00162	0.00243	0.00938	0.00559	0.00481
66	0.00933	0.00819	0.01211	0.01073	0.01194	0.00982	0.07253	0.01245	0.09261	0.01339	0.01313	0.01958	0.01220	0.08832	0.36430	0.00505	0.20741	0.02863	0.00297	0.00530
67	0.01064	0.00912	0.01064	0.00760	0.01216	0.00684	0.00608	0.01292	0.01064	0.01672	0.00912	0.01064	0.00760	0.00380	0.00380	0.00076	0.00380	0.00304	0.00304	0.85104
68	0.01088	0.00894	0.01048	0.00789	0.01204	0.00711	0.00631	0.01389	0.05984	0.03856	0.01161	0.03924	0.01009	0.00494	0.00417	0.00096	0.00385	0.03761	0.00340	0.70820
69	0.01355	0.01262	0.02107	0.07720	0.48690	0.01289	0.13537	0.14260	0.01375	0.01909	0.01018	0.01288	0.00809	0.00484	0.00525	0.00157	0.00648	0.00482	0.00297	0.00788
70	0.01960	0.00840	0.01116	0.00900	0.01241	0.00759	0.00739	0.04529	0.04668	0.59039	0.10464	0.02282	0.01794	0.00744	0.00541	0.00166	0.00421	0.06395	0.00606	0.00797
71	0.85592	0.00992	0.00754	0.00675	0.00992	0.01151	0.00556	0.01508	0.00873	0.02302	0.00714	0.00834	0.00556	0.00476	0.00318	0.00159	0.00397	0.00278	0.00318	0.00556
72	0.00690	0.00520	0.00696	0.00709	0.00806	0.00475	0.02596	0.00839	0.01140	0.01549	0.25799	0.42176	0.10806	0.05260	0.00721	0.00200	0.00305	0.01168	0.00484	0.03063
73	0.00751	0.00576	0.00858	0.00848	0.00936	0.00683	0.00663	0.00931	0.00823	0.01193	0.01343	0.01975	0.01255	0.03715	0.76391	0.00797	0.04981	0.00545	0.00273	0.00463
74	0.00746	0.00497	0.00560	0.00560	0.00560	0.00497	0.00311	0.00746	0.00746	0.00995	0.01617	0.03358	0.01865	0.81967	0.02612	0.00497	0.00497	0.00746	0.00311	0.00311
75	0.01747	0.02159	0.01636	0.01399	0.01695	0.62310	0.11808	0.03550	0.01440	0.01401	0.05408	0.01168	0.00928	0.00547	0.00493	0.00140	0.00869	0.00408	0.00287	0.00608
76	0.01270	0.01219	0.02083	0.03149	0.78767	0.01219	0.01575	0.01575	0.01168	0.01676	0.00965	0.01270	0.00813	0.00457	0.00508	0.00152	0.00610	0.00457	0.00254	0.00813
77	0.00617	0.00520	0.00535	0.00531	0.00700	0.00438	0.00398	0.00757	0.01195	0.01446	0.11760	0.04839	0.71959	0.01277	0.00606	0.00172	0.00258	0.01069	0.00484	0.00438
78	0.01211	0.01384	0.03028	0.02163	0.02682	0.01298	0.76903	0.01644	0.01211	0.01644	0.01038	0.01384	0.00779	0.00433	0.00606	0.00173	0.00865	0.00606	0.00260	0.00692
79	0.00956	0.00478	0.00478	0.00478	0.00598	0.00478	0.00359	0.01196	0.01076	0.01913	0.01674	0.01913	0.01315	0.00598	0.00359	0.00120	0.00239	0.00478	0.84816	0.00478
80	0.00746	0.00497	0.00560	0.00560	0.00560	0.00497	0.00311	0.00746	0.00746	0.00995	0.01617	0.03358	0.01865	0.81967	0.02612	0.00497	0.00497	0.00746	0.00311	0.00311
81	0.00956	0.00478	0.00478	0.00478	0.00598	0.00478	0.00359	0.01196	0.01076	0.01913	0.01674	0.01913	0.01315	0.00598	0.00359	0.00120	0.00239	0.00478	0.84816	0.00478
82	0.00746	0.00497	0.00560	0.00560	0.00560	0.00497	0.00311	0.00746	0.00746	0.00995	0.01617	0.03358	0.01865	0.81967	0.02612	0.00497	0.00497	0.00746	0.00311	0.00311
83	0.01115	0.22523	0.60189	0.01317	0.01995	0.01401	0.01642	0.01603	0.01073	0.01521	0.00869	0.01018	0.00652	0.00475	0.00448	0.00149	0.00706	0.00353	0.00217	0.00733
84	0.01041	0.02573	0.74435	0.01507	0.02250	0.01198	0.06688	0.01626	0.01091	0.01626	0.00928	0.01103	0.00658	0.00484	0.00495	0.00163	0.00765	0.00394	0.00219	0.00754
85	0.01211	0.01384	0.03028	0.02163	0.02682	0.01298	0.76903	0.01644	0.01211	0.01644	0.01038	0.01384	0.00779	0.00433	0.00606	0.00173	0.00865	0.00606	0.00260	0.00692
86	0.00969	0.00912	0.01539	0.80734	0.03534	0.01140	0.01425	0.01311	0.01026	0.01311	0.00912	0.01368	0.00684	0.00513	0.00513	0.00171	0.00684	0.00456	0.00228	0.00570
87	0.00625	0.00449	0.00593	0.00708	0.00743	0.00417	0.00473	0.00715	0.00989	0.01312	0.02907	0.79067	0.05908	0.01597	0.00653	0.00207	0.00296	0.01446	0.00476	0.00417
88	0.08791	0.00955	0.01515	0.07780	0.40959	0.00974	0.03480	0.01299	0.01078	0.01599	0.01487	0.24815	0.01536	0.00800	0.00537	0.00171	0.00512	0.00739	0.00323	0.00652
89	0.07096	0.00901	0.01097	0.00819	0.01241	0.00744	0.00666	0.01813	0.01221	0.34213	0.01366	0.01335	0.00961	0.00493	0.00433	0.00116	0.00405	0.00391	0.00444	0.44246
90	0.43001	0.02652	0.01191	0.06179	0.04855	0.25904	0.01966	0.01656	0.01081	0.01798	0.00765	0.00940	0.00620	0.00516	0.00464	0.00154	0.05061	0.00328	0.00285	0.00584
91	0.01029	0.02654	0.79309	0.01462	0.02221	0.01192	0.01896	0.01625	0.01083	0.01625	0.00921	0.01083	0.00650	0.00487	0.00487	0.00162	0.00758	0.00379	0.00217	0.00758
92	0.01075	0.02368	0.64894	0.01385	0.02057	0.01207	0.01696	0.01828	0.15242	0.01721	0.01136	0.01237	0.00819	0.00526	0.00494	0.00165	0.00693	0.00416	0.00273	0.00768
93	0.00669	0.00522	0.00607	0.00586	0.00732	0.00460	0.00439	0.00858	0.01318	0.01738	0.43579	0.04359	0.39958	0.01168	0.00606	0.00167	0.00251	0.01002	0.00523	0.00460
94	0.01372	0.82276	0.02689	0.00878	0.01317	0.02030	0.00878	0.01536	0.01043	0.01207	0.00713	0.00823	0.00658	0.00439	0.00329	0.00110	0.00549	0.00274	0.00219	0.00658
95	0.00827	0.00591	0.00827	0.00945	0.01063	0.00591	0.00827	0.01063	0.01181	0.01536	0.02717	0.05788	0.02953	0.01417	0.00709	0.00236	0.00472	0.75313	0.00472	0.00472
96	0.01064	0.00912	0.01064	0.00760	0.01216	0.00684	0.00608	0.01292	0.01064	0.01672	0.00912	0.01064	0.00760	0.00380	0.00380	0.00076	0.00380	0.00304	0.00304	0.85104
97	0.00722	0.00521	0.00682	0.00649	0.00766	0.00481	0.00484	0.00957	0.01431	0.02024	0.75070	0.07356	0.04776	0.01074	0.00607	0.00164	0.00245	0.00952	0.00561	0.00481
98	0.00725	0.00489	0.00566	0.00586	0.00591	0.00484	0.00339	0.00741	0.00787	0.01049	0.01825	0.16833	0.02129	0.68133	0.02275	0.00448	0.00463	0.00869	0.00339	0.00329
99	0.00746	0.00499	0.00568	0.00568	0.00572	0.00502	0.00322	0.00752	0.00749	0.01001	0.01609	0.03313	0.01846	0.79355	0.05198	0.00508	0.00527	0.00740	0.00310	0.00316
100	0.00741	0.00511	0.00627	0.00622	0.00655	0.00525	0.00397	0.00806	0.00844	0.01157	0.10497	0.03146	0.02095	0.57048	0.17743	0.00523	0.00642	0.00728	0.00333	0.00360
101	0.00617	0.00516	0.00537	0.00541	0.00702	0.00436	0.00402	0.00753	0.01181	0.01434	0.10786	0.09283	0.68458	0.01298	0.00609	0.00174	0.00261	0.01093	0.00483	0.00436
102	0.01372	0.82276	0.02689	0.00878	0.01317	0.02030	0.00878	0.01536	0.01043	0.01207	0.00713	0.00823	0.00658	0.00439	0.00329	0.00110	0.00549	0.00274	0.00219	0.00658
103	0.01064	0.00912	0.01064	0.00760	0.01216	0.00684	0.00608	0.01292	0.01064	0.01672	0.00912	0.01064	0.00760	0.00380	0.00380	0.00076	0.00380	0.00304	0.00304	0.85104
104	0.01179	0.22193	0.46232	0.03513	0.06645	0.01394	0.01509	0.01686	0.05992	0.03708	0.00977	0.01109	0.00739	0.00492	0.00453	0.00150	0.00664	0.00377	0.00251	0.00738
105	0.00699	0.00529	0.00613	0.00636	0.00741	0.00498	0.00469	0.00815	0.01021	0.01285	0.03384	0.04418	0.35750	0.25243	0.07143	0.00329	0.00454	0.15154	0.00412	0.00407
106	0.01012	0.00592	0.00706	0.00696	0.00829	0.02654	0.00519	0.01194	0.01149	0.12218	0.13553	0.25634	0.02463	0.01274	0.07639	0.00223	0.00409	0.02460	0.24264	0.00516
107	0.01359	0.57494	0.15974	0.01072	0.03216	0.07381	0.01081	0.03265	0.02599	0.01357	0.00799	0.00916	0.00683	0.00463	0.00378	0.00124	0.00611	0.00311	0.00235	0.00683
108	0.01372	0.82276	0.02689	0.00878	0.01317	0.02030	0.00878	0.01536	0.01043	0.01207	0.00713	0.00823	0.00658	0.00439	0.00329	0.00110	0.00549	0.00274	0.00219	0.00658
109	0.01139	0.08227	0.01234	0.00801	0.01246	0.00870	0.00657	0.04619	0.04596	0.01719	0.00961	0.01088	0.00792	0.00410	0.00388	0.00087	0.00404	0.00321	0.00315	0.70125
110	0.01650	0.01313	0.02004	0.01492	0.01925	0.01346	0.28890	0.33997	0.07455	0.11244	0.01321	0.01431	0.00951	0.01825	0.00581	0.00168	0.00648	0.00534	0.00431	0.00793
111	0.00757	0.00541	0.00744	0.00843	0.00936	0.00528	0.00685	0.00952	0.01157	0.01534	0.11918	0.27251	0.03308	0.01427	0.00681	0.00219	0.00395	0.45182	0.00485	0.00458
112	0.02797	0.12285	0.07992	0.03247	0.12216	0.09996	0.09794	0.17922	0.04506	0.09466	0.01107	0.01225	0.00834	0.00542	0.00535	0.00153	0.03844	0.00438	0.00351	0.00750
113	0.33084	0.05025	0.01181	0.11799	0.01525	0.23626	0.00839	0.01573	0.01068	0.02735	0.00861	0.01094	0.00708	0.00914	0.10052	0.00233	0.02477	0.00357	0.00283	0.00566
114	0.00702	0.00519	0.00656	0.00631	0.00754	0.00473	0.00469	0.00919	0.01383	0.01913	0.63046	0.08495	0.15899	0.01119	0.00608	0.00166	0.00248	0.00982	0.00546	0.00473
115	0.06320	0.06489	0.01569	0.08229	0.01645	0.08400	0.03417	0.21981	0.10995	0.01969	0.01049	0.01228	0.00834	0.00662	0.00812	0.00174	0.22743	0.00443	0.00350	0.00690
116	0.01766	0.13639	0.09070	0.01250	0.01603	0.51749	0.01055	0.09562	0.01458	0.03111	0.00864	0.00974	0.00694	0.00523	0.00452	0.00135	0.00809	0.00344	0.00286	0.00653
117	0.00638	0.00517	0.00566	0.00562	0.00714	0.00445	0.00418	0.00795	0.01233	0.01555	0.23885	0.08469	0.55907	0.01251	0.00609	0.00172	0.00257	0.01062	0.00499	0.00445
118	0.06695	0.01088	0.01135	0.01017	0.01312	0.01252	0.00794	0.02642	0.70558	0.04539	0.01999	0.01840	0.01493	0.00680	0.00509	0.00173	0.00406	0.00559	0.00513	0.00798
119	0.00653	0.00476	0.00625	0.00717	0.00774	0.00434	0.00485	0.00751	0.00988	0.01333	0.02706	0.76485	0.03225	0.01529	0.00637	0.00200	0.00303	0.01385	0.00465	0.05828
120	0.01989	0.01376	0.01502	0.01151	0.01560	0.01500	0.00951	0.68916	0.02309	0.11519	0.01318	0.01288	0.00916	0.00618	0.00514	0.00155	0.00551	0.00468	0.00527	0.00873
121	0.00748	0.00573	0.00870	0.05930	0.01084	0.00673	0.00691	0.00941	0.00837	0.01199	0.01345	0.01974	0.01244	0.03635	0.74859	0.00783	0.01330	0.00544	0.00272	0.00465
122	0.01403	0.01229	0.01187	0.01065	0.01354	0.10355	0.00830	0.02586	0.61896	0.06944	0.01952	0.01900	0.01482	0.00693	0.00520	0.00170	0.00470	0.02685	0.00498	0.00781
123	0.00760	0.00524	0.00622	0.05682	0.00750	0.00539	0.00382	0.00782	0.00764	0.01015	0.01572	0.03231	0.01790	0.76763	0.02478	0.00477	0.00509	0.00728	0.00306	0.00327
124	0.00764	0.00635	0.05591	0.00617	0.00666	0.00542	0.00412	0.00802	0.00768	0.01035	0.01572	0.03212	0.01788	0.76761	0.02476	0.00476	0.00514	0.00723	0.00305	0.00339
125	0.01237	0.11074	0.02251	0.09628	0.45614	0.01308	0.15630	0.01550	0.01145	0.01580	0.00942	0.01239	0.00774	0.00453	0.00501	0.00150	0.00649	0.00458	0.00250	0.03569
126	0.01257	0.01090	0.01184	0.06136	0.01475	0.01268	0.00851	0.02636	0.72932	0.02093	0.02013	0.01879	0.01510	0.00684	0.00522	0.00174	0.00424	0.00572	0.00503	0.00797
127	0.30928	0.49690	0.04514	0.00834	0.01238	0.03092	0.00800	0.01539	0.00992	0.01606	0.00722	0.00837	0.00622	0.00455	0.00333	0.00129	0.00509	0.00280	0.00255	0.00625
128	0.01239	0.45958	0.28810	0.01090	0.01610	0.05169	0.01214	0.01555	0.01096	0.01397	0.04256	0.01157	0.00889	0.00508	0.00410	0.00134	0.00623	0.01965	0.00241	0.00678
129	0.00969	0.22987	0.21421	0.00917	0.01285	0.01076	0.00949	0.01271	0.01218	0.01664	0.32059	0.05875	0.04809	0.00774	0.00503	0.00150	0.00460	0.00640	0.00376	0.00597

[dist]
# distance from previous block
# <min> <max>
0	338

# created by:
# /home/berkeley/.conda/envs/busco_data_prod/bin/msa2prfl.pl pipeline/OGs_align_augustus/33634/156204.fs
