[name]
unknown

[dist]
# distance from previous block
# <min> <max>
0	134

[block]
# block no. 0 follows, 38 sequences, length 40
# corresponding to MSA columns:
# 134-173
name=unknown_A
#
# <colnr> <probs for GDERKNQSTAVLIFYWHMCP>
#	G	D	E	R	K	N	Q	S	T	A	V	L	I	F	Y	W	H	M	C	P
0	0.01328	0.00756	0.00983	0.00872	0.01103	0.00699	0.00687	0.04542	0.01720	0.18737	0.47964	0.04029	0.06930	0.01141	0.00690	0.00195	0.00370	0.05902	0.00667	0.00685
1	0.06852	0.58821	0.17597	0.01152	0.01732	0.02115	0.01245	0.01820	0.01219	0.01598	0.00885	0.01027	0.00762	0.00529	0.00422	0.00145	0.00681	0.00347	0.00264	0.00788
2	0.05804	0.01637	0.21569	0.04528	0.01913	0.01154	0.01276	0.05054	0.09191	0.36044	0.04434	0.01852	0.01391	0.00707	0.00589	0.00190	0.00618	0.00568	0.00551	0.00931
3	0.01411	0.10252	0.52937	0.01839	0.11489	0.01454	0.01941	0.01976	0.01317	0.08240	0.01174	0.01335	0.00850	0.00576	0.00559	0.00183	0.00810	0.00458	0.00302	0.00897
4	0.00829	0.00622	0.00787	0.00875	0.00997	0.00588	0.00677	0.01049	0.03045	0.01717	0.08087	0.31860	0.20716	0.01663	0.00768	0.00241	0.00404	0.23980	0.00564	0.00530
5	0.02168	0.01412	0.01977	0.01672	0.08428	0.06609	0.14969	0.11663	0.07245	0.34728	0.01823	0.01785	0.01245	0.00674	0.00620	0.00187	0.00684	0.00601	0.00560	0.00948
6	0.01692	0.01456	0.07132	0.17294	0.26546	0.04078	0.04486	0.09263	0.01570	0.15039	0.04527	0.01710	0.01206	0.00639	0.00605	0.00186	0.00711	0.00568	0.00415	0.00880
7	0.00859	0.00614	0.00832	0.00839	0.00901	0.00673	0.00591	0.00984	0.00941	0.01315	0.01812	0.07015	0.01900	0.33216	0.43973	0.00780	0.01145	0.00790	0.00351	0.00468
8	0.01257	0.01234	0.02218	0.49705	0.19243	0.01386	0.12991	0.01665	0.01273	0.01691	0.01106	0.01582	0.00852	0.00572	0.00617	0.00196	0.00817	0.00563	0.00280	0.00752
9	0.16333	0.01243	0.06105	0.03778	0.01651	0.01158	0.04041	0.06531	0.12585	0.28831	0.09868	0.02039	0.01733	0.00748	0.00578	0.00190	0.00538	0.00608	0.00574	0.00867
10	0.00782	0.00585	0.00783	0.00939	0.04070	0.00545	0.00619	0.00924	0.01241	0.01651	0.09917	0.58675	0.11158	0.01724	0.00752	0.00234	0.00361	0.03963	0.00556	0.00520
11	0.01405	0.01728	0.08645	0.02478	0.03106	0.01513	0.67931	0.01925	0.01409	0.01925	0.01207	0.01598	0.00902	0.00512	0.00700	0.00202	0.01005	0.00691	0.00301	0.00817
12	0.06960	0.12970	0.41887	0.01421	0.02117	0.01477	0.01635	0.07826	0.01453	0.14911	0.01286	0.01359	0.00904	0.00605	0.00541	0.00180	0.00743	0.00456	0.00376	0.00892
13	0.01299	0.08150	0.48304	0.01942	0.08202	0.01520	0.13428	0.01867	0.01276	0.01848	0.01069	0.01325	0.00804	0.00586	0.00674	0.00192	0.05899	0.00491	0.00266	0.00858
14	0.00855	0.00644	0.00802	0.00829	0.00963	0.00615	0.00619	0.01167	0.06565	0.01986	0.31335	0.25982	0.14898	0.01478	0.00733	0.00218	0.00348	0.08799	0.00602	0.00562
15	0.10036	0.01589	0.07482	0.02091	0.06466	0.01481	0.41594	0.03142	0.11447	0.04374	0.01361	0.01613	0.01022	0.00587	0.00677	0.00200	0.03011	0.00628	0.00367	0.00832
16	0.03691	0.05735	0.13559	0.07281	0.15482	0.03962	0.11537	0.01813	0.03748	0.06914	0.18021	0.02171	0.02022	0.00726	0.00616	0.00186	0.00674	0.00658	0.00413	0.00792
17	0.00887	0.00663	0.00861	0.00973	0.03244	0.00661	0.00652	0.05935	0.01266	0.01694	0.03089	0.62957	0.06117	0.04450	0.00868	0.00249	0.02845	0.01509	0.00537	0.00542
18	0.01783	0.01180	0.01556	0.15491	0.05481	0.06358	0.03601	0.07095	0.01541	0.25949	0.03647	0.10346	0.01695	0.00907	0.00724	0.00204	0.05458	0.05670	0.00514	0.00800
19	0.13042	0.01522	0.01971	0.03070	0.03541	0.09766	0.18459	0.08052	0.13672	0.13194	0.01496	0.01602	0.01101	0.00672	0.00688	0.00195	0.06100	0.00567	0.00452	0.00839
20	0.01586	0.16270	0.02440	0.07248	0.13329	0.03758	0.17220	0.12345	0.12897	0.02174	0.03945	0.01634	0.01209	0.00628	0.00588	0.00180	0.00724	0.00573	0.00396	0.00856
21	0.01083	0.01030	0.01843	0.42603	0.03078	0.01145	0.15031	0.01425	0.01231	0.01611	0.01698	0.22141	0.01672	0.00926	0.00667	0.00213	0.00722	0.00882	0.00352	0.00648
22	0.15180	0.01568	0.02857	0.02087	0.02633	0.04139	0.51497	0.05739	0.01451	0.05214	0.01204	0.01504	0.00894	0.00541	0.00638	0.00196	0.00885	0.00621	0.00350	0.00801
23	0.01226	0.01227	0.05252	0.06469	0.03709	0.01191	0.18109	0.02013	0.24327	0.02078	0.10277	0.11930	0.04793	0.00947	0.00675	0.00209	0.00611	0.03705	0.00487	0.00766
24	0.00861	0.00627	0.00801	0.00839	0.00913	0.00647	0.00580	0.01093	0.06242	0.01572	0.09696	0.31146	0.03031	0.21434	0.17245	0.00472	0.00675	0.01143	0.00475	0.00509
25	0.01426	0.00788	0.01049	0.01007	0.01240	0.00757	0.00821	0.01744	0.05687	0.22496	0.08078	0.11841	0.07514	0.01590	0.07429	0.00294	0.00575	0.24367	0.00599	0.00699
26	0.09788	0.01543	0.05962	0.02040	0.02608	0.01405	0.48021	0.04691	0.01476	0.14366	0.01375	0.01608	0.00981	0.00563	0.00649	0.00197	0.00857	0.00637	0.00393	0.00842
27	0.01420	0.01623	0.03550	0.02535	0.03144	0.01521	0.72921	0.01927	0.01420	0.01927	0.01217	0.01623	0.00913	0.00507	0.00710	0.00203	0.01014	0.00710	0.00304	0.00811
28	0.01695	0.04479	0.06941	0.14052	0.02163	0.01171	0.10761	0.01997	0.01392	0.27260	0.01946	0.10642	0.04092	0.00854	0.00753	0.00203	0.07587	0.00728	0.00480	0.00803
29	0.01983	0.02272	0.01600	0.01428	0.01732	0.48645	0.01092	0.08197	0.14526	0.01907	0.06058	0.01553	0.01303	0.00723	0.00638	0.00173	0.04499	0.00504	0.00408	0.00759
30	0.01207	0.03112	0.75741	0.01715	0.02604	0.01397	0.02223	0.01905	0.01270	0.01905	0.01080	0.01270	0.00762	0.00572	0.00572	0.00191	0.00889	0.00445	0.00254	0.00889
31	0.02247	0.02867	0.01705	0.01550	0.01860	0.76443	0.01162	0.02402	0.01705	0.01472	0.00930	0.01085	0.00775	0.00620	0.00542	0.00155	0.01085	0.00387	0.00310	0.00697
32	0.15621	0.15937	0.36599	0.01417	0.02078	0.01623	0.04538	0.09828	0.03446	0.02185	0.01080	0.01227	0.00810	0.00580	0.00515	0.00179	0.00741	0.00431	0.00326	0.00841
33	0.01066	0.00702	0.00978	0.01087	0.01239	0.00691	0.00935	0.01328	0.01391	0.06598	0.03141	0.11481	0.03369	0.01617	0.00812	0.00269	0.00537	0.61613	0.00567	0.00580
34	0.00846	0.00611	0.00799	0.00761	0.00897	0.00564	0.00567	0.01121	0.01677	0.02371	0.71424	0.07975	0.05596	0.01261	0.00712	0.00192	0.00287	0.01117	0.00657	0.00564
35	0.01360	0.01319	0.02342	0.13693	0.46992	0.01340	0.11999	0.01725	0.01339	0.01864	0.01355	0.06857	0.01219	0.00672	0.00633	0.00193	0.00740	0.03190	0.00321	0.00847
36	0.01465	0.06653	0.06361	0.02381	0.15606	0.01516	0.40614	0.02057	0.09645	0.03910	0.02886	0.01681	0.01124	0.00572	0.00648	0.00193	0.00841	0.00643	0.00352	0.00854
37	0.01182	0.02937	0.70510	0.01648	0.02485	0.01339	0.02107	0.01851	0.01300	0.01941	0.06226	0.01495	0.01105	0.00617	0.00581	0.00190	0.00847	0.00489	0.00283	0.00867
38	0.00841	0.00605	0.00775	0.00876	0.00942	0.00585	0.00599	0.05883	0.01269	0.01693	0.03185	0.73088	0.03772	0.01804	0.00756	0.00240	0.00371	0.01629	0.00561	0.00526
39	0.10881	0.39602	0.12557	0.01152	0.01653	0.10067	0.01133	0.01948	0.01303	0.09048	0.01126	0.03548	0.00942	0.00682	0.01944	0.00172	0.00703	0.00424	0.00335	0.00778

[dist]
# distance from previous block
# <min> <max>
4	36

[block]
# block no. 1 follows, 38 sequences, length 45
# corresponding to MSA columns:
# 210-254
name=unknown_B
#
# <colnr> <probs for GDERKNQSTAVLIFYWHMCP>
#	G	D	E	R	K	N	Q	S	T	A	V	L	I	F	Y	W	H	M	C	P
0	0.02126	0.19481	0.07150	0.01283	0.04955	0.03953	0.01096	0.09272	0.07997	0.34103	0.01739	0.01644	0.01209	0.00670	0.00550	0.00173	0.00608	0.00518	0.00537	0.00935
1	0.01453	0.01528	0.07642	0.09738	0.29288	0.09416	0.03951	0.04285	0.03976	0.04118	0.11578	0.02028	0.03934	0.00700	0.00607	0.00180	0.00689	0.00619	0.00388	0.03882
2	0.00836	0.00614	0.00783	0.00741	0.00890	0.00561	0.00556	0.01106	0.01667	0.02328	0.67457	0.04632	0.13060	0.01261	0.00710	0.00191	0.00286	0.01107	0.00651	0.00561
3	0.00865	0.00621	0.00845	0.00845	0.00910	0.00686	0.00600	0.00996	0.00931	0.01306	0.01723	0.02980	0.01772	0.33641	0.47712	0.00817	0.01209	0.00735	0.00339	0.00469
4	0.01489	0.01429	0.02442	0.03692	0.75106	0.01429	0.01846	0.01846	0.01370	0.01965	0.01132	0.01489	0.00953	0.00536	0.00596	0.00179	0.00715	0.00536	0.00298	0.00953
5	0.00990	0.00811	0.01268	0.04243	0.08593	0.00806	0.06934	0.01280	0.03802	0.01738	0.02766	0.33539	0.03050	0.01473	0.00757	0.00243	0.00535	0.26064	0.00501	0.00607
6	0.00830	0.00619	0.00774	0.00750	0.00905	0.00564	0.00572	0.01085	0.01609	0.02200	0.54980	0.04934	0.20374	0.01323	0.00718	0.00198	0.00307	0.06071	0.00632	0.00554
7	0.80400	0.01168	0.00900	0.00805	0.01177	0.01354	0.00661	0.01816	0.03445	0.02693	0.00891	0.01019	0.00691	0.00567	0.00380	0.00187	0.00466	0.00338	0.00380	0.00661
8	0.01247	0.01069	0.01247	0.00891	0.01426	0.00802	0.00713	0.01515	0.01247	0.01960	0.01069	0.01247	0.00891	0.00446	0.00446	0.00089	0.00446	0.00356	0.00356	0.82536
9	0.01049	0.00658	0.00856	0.00786	0.00965	0.00597	0.00597	0.01313	0.01666	0.10626	0.60062	0.06828	0.09238	0.01215	0.00700	0.00192	0.00313	0.01065	0.00662	0.00613
10	0.00748	0.00534	0.00716	0.00855	0.00897	0.00502	0.00585	0.00864	0.01167	0.01553	0.03307	0.73848	0.03945	0.01870	0.00772	0.00246	0.00362	0.06177	0.00558	0.00493
11	0.00769	0.00572	0.00716	0.00810	0.00902	0.00527	0.00583	0.00911	0.01246	0.01612	0.06593	0.46319	0.20739	0.04408	0.00840	0.00249	0.00371	0.10780	0.00555	0.00501
12	0.01428	0.01361	0.02283	0.16308	0.59560	0.01416	0.01776	0.01853	0.04597	0.01916	0.01180	0.01543	0.00966	0.00560	0.00597	0.00184	0.00719	0.00542	0.00307	0.00904
13	0.01540	0.01771	0.02719	0.02063	0.02488	0.17366	0.42282	0.01903	0.01428	0.01796	0.06293	0.01667	0.01202	0.00661	0.00857	0.00200	0.12050	0.00642	0.00325	0.00748
14	0.01542	0.44149	0.28253	0.01320	0.01948	0.07475	0.01459	0.04606	0.01336	0.01681	0.00951	0.01098	0.00778	0.00550	0.00470	0.00154	0.00762	0.00378	0.00273	0.00817
15	0.00917	0.00653	0.00834	0.00885	0.00995	0.00645	0.00635	0.01247	0.09340	0.04193	0.17481	0.47645	0.03900	0.01682	0.03356	0.00253	0.00406	0.03776	0.00583	0.00577
16	0.03145	0.34418	0.22275	0.01281	0.01872	0.01862	0.01349	0.17584	0.01622	0.04993	0.03630	0.01316	0.01018	0.00610	0.00503	0.00162	0.00693	0.00441	0.00367	0.00860
17	0.01333	0.27041	0.52919	0.01499	0.02271	0.01706	0.01847	0.01872	0.01255	0.01751	0.01003	0.01174	0.00765	0.00554	0.00513	0.00171	0.00812	0.00406	0.00255	0.00852
18	0.07669	0.00986	0.01296	0.01017	0.01439	0.00878	0.00833	0.02653	0.01675	0.62519	0.10508	0.02257	0.01911	0.00788	0.00602	0.00186	0.00483	0.00642	0.00711	0.00948
19	0.01464	0.01443	0.02363	0.03343	0.63186	0.04242	0.06022	0.01809	0.01386	0.01922	0.01448	0.01758	0.05695	0.00601	0.00608	0.00181	0.00721	0.00588	0.00315	0.00906
20	0.01479	0.08694	0.22930	0.01550	0.02101	0.01483	0.13899	0.13583	0.12814	0.03747	0.04011	0.08049	0.01444	0.00753	0.00612	0.00192	0.00716	0.00663	0.00424	0.00855
21	0.01906	0.02152	0.01548	0.01402	0.01726	0.42420	0.01067	0.02763	0.34533	0.01946	0.01619	0.01611	0.01257	0.00709	0.00574	0.00177	0.00808	0.00520	0.00447	0.00813
22	0.00851	0.00615	0.00804	0.00757	0.00899	0.00568	0.00568	0.01135	0.01703	0.02412	0.74788	0.04494	0.05676	0.01230	0.00710	0.00189	0.00284	0.01088	0.00662	0.00568
23	0.04828	0.04331	0.09351	0.03683	0.06639	0.20241	0.01219	0.18158	0.02966	0.16958	0.01492	0.04898	0.01141	0.00711	0.00577	0.00179	0.00745	0.00545	0.00471	0.00867
24	0.01486	0.01436	0.02481	0.03652	0.72561	0.01433	0.04360	0.01849	0.01372	0.01964	0.01135	0.01494	0.00951	0.00535	0.00600	0.00180	0.00725	0.00542	0.00298	0.00948
25	0.01175	0.07592	0.01917	0.71038	0.03926	0.01424	0.01617	0.01559	0.01205	0.01527	0.01050	0.01551	0.00799	0.00594	0.00583	0.00194	0.00789	0.00517	0.00266	0.00677
26	0.00772	0.00542	0.00714	0.00829	0.00884	0.00506	0.00572	0.00862	0.01157	0.01520	0.03380	0.60605	0.10379	0.01853	0.00899	0.07107	0.00373	0.06037	0.00533	0.00476
27	0.01322	0.08469	0.64434	0.01652	0.02467	0.07730	0.02050	0.01939	0.01303	0.01834	0.01050	0.01233	0.00764	0.00572	0.00556	0.00183	0.00888	0.00431	0.00259	0.00865
28	0.01001	0.00714	0.00834	0.00802	0.00848	0.00758	0.00519	0.06934	0.01081	0.01457	0.01990	0.14256	0.02257	0.56278	0.02457	0.00480	0.05528	0.00944	0.00406	0.00456
29	0.00713	0.00602	0.00617	0.00628	0.00818	0.00506	0.00466	0.00861	0.01353	0.01618	0.05862	0.11855	0.68946	0.01554	0.00716	0.00207	0.00308	0.01306	0.00559	0.00506
30	0.01770	0.01795	0.07937	0.04128	0.09611	0.17945	0.09033	0.09305	0.14179	0.09284	0.01641	0.02023	0.01310	0.00738	0.00618	0.00191	0.00766	0.06432	0.00446	0.00847
31	0.26669	0.04091	0.01611	0.04318	0.09109	0.16891	0.02925	0.13034	0.04814	0.07082	0.01168	0.01299	0.00892	0.00632	0.00558	0.00180	0.03072	0.00451	0.00409	0.00795
32	0.01386	0.08743	0.51882	0.01800	0.10307	0.01453	0.01910	0.02048	0.06446	0.06658	0.01246	0.01389	0.00906	0.00592	0.00564	0.00185	0.00797	0.00472	0.00316	0.00900
33	0.01044	0.00843	0.01220	0.01307	0.08509	0.00822	0.05935	0.07161	0.01455	0.01933	0.08805	0.28184	0.12434	0.01410	0.00735	0.00227	0.00492	0.16335	0.00526	0.00625
34	0.06679	0.05816	0.21340	0.01936	0.18413	0.03733	0.05432	0.10218	0.01542	0.14523	0.01344	0.01486	0.00984	0.00733	0.03045	0.00207	0.00759	0.00509	0.00400	0.00899
35	0.10700	0.06873	0.04072	0.05679	0.49856	0.01420	0.01554	0.01871	0.01345	0.06744	0.03555	0.01527	0.01084	0.00576	0.00560	0.00178	0.00662	0.00517	0.00342	0.00886
36	0.00999	0.00713	0.00931	0.07213	0.01234	0.00714	0.00690	0.01359	0.07740	0.05654	0.39911	0.16436	0.05940	0.06721	0.00863	0.00229	0.00387	0.01078	0.00588	0.00602
37	0.04198	0.16595	0.30185	0.01847	0.13286	0.10874	0.05011	0.05773	0.03428	0.01915	0.01080	0.01268	0.00842	0.00573	0.00540	0.00173	0.00810	0.00449	0.00303	0.00851
38	0.09709	0.03900	0.01785	0.06869	0.22137	0.01277	0.06228	0.05836	0.09067	0.12219	0.04914	0.02041	0.03305	0.07201	0.00792	0.00219	0.00617	0.00617	0.00442	0.00823
39	0.01465	0.01445	0.04779	0.02670	0.36129	0.03227	0.18977	0.04353	0.02959	0.04696	0.01357	0.04059	0.01143	0.02783	0.07019	0.00263	0.00849	0.00631	0.00344	0.00852
40	0.01090	0.00703	0.00823	0.00761	0.00992	0.00604	0.00575	0.01263	0.01382	0.12815	0.09867	0.12610	0.36681	0.06675	0.00846	0.00223	0.00379	0.03720	0.00564	0.07426
41	0.10163	0.03426	0.21886	0.01986	0.15789	0.01420	0.13888	0.07074	0.05999	0.10625	0.01343	0.01497	0.00981	0.00597	0.00584	0.00188	0.00744	0.00533	0.00387	0.00889
42	0.07627	0.03478	0.13211	0.01423	0.06347	0.02354	0.06943	0.04776	0.05747	0.29755	0.07856	0.03510	0.01620	0.01878	0.00633	0.00194	0.00615	0.00622	0.00530	0.00880
43	0.08267	0.01293	0.02034	0.02918	0.54120	0.01314	0.01537	0.01860	0.05622	0.04420	0.01458	0.07210	0.01308	0.00700	0.00599	0.00189	0.00641	0.03261	0.00365	0.00882
44	0.01337	0.02499	0.47769	0.01847	0.02597	0.01435	0.19965	0.06523	0.03821	0.02063	0.01212	0.01435	0.00878	0.00577	0.00605	0.00192	0.00873	0.00530	0.02972	0.00869

[dist]
# distance from previous block
# <min> <max>
1	55

[block]
# block no. 2 follows, 38 sequences, length 28
# corresponding to MSA columns:
# 328-355
name=unknown_C
#
# <colnr> <probs for GDERKNQSTAVLIFYWHMCP>
#	G	D	E	R	K	N	Q	S	T	A	V	L	I	F	Y	W	H	M	C	P
0	0.11781	0.01246	0.06128	0.01310	0.01766	0.01091	0.12653	0.04845	0.03747	0.36762	0.04408	0.05741	0.01581	0.00781	0.00612	0.00196	0.00601	0.03307	0.00570	0.00875
1	0.01465	0.05177	0.05150	0.01652	0.10034	0.10181	0.15898	0.05280	0.01602	0.07694	0.22245	0.02580	0.06770	0.00821	0.00642	0.00184	0.00661	0.00745	0.00464	0.00755
2	0.09006	0.01976	0.31923	0.04324	0.14840	0.01273	0.03776	0.03614	0.01392	0.17371	0.01424	0.04071	0.01057	0.00647	0.00577	0.00189	0.00719	0.00539	0.00395	0.00887
3	0.00860	0.00667	0.00789	0.00863	0.04475	0.00600	0.00590	0.01080	0.03941	0.04207	0.10588	0.22916	0.43258	0.01488	0.00712	0.00210	0.00347	0.01283	0.00563	0.00563
4	0.21002	0.01109	0.01419	0.24570	0.02268	0.01197	0.01086	0.05355	0.03884	0.29990	0.01572	0.01640	0.01072	0.00658	0.00549	0.00191	0.00596	0.00518	0.00499	0.00824
5	0.04455	0.10831	0.08697	0.05438	0.13136	0.01403	0.12700	0.04844	0.10146	0.08067	0.06475	0.04808	0.01587	0.00743	0.00607	0.00190	0.00668	0.03955	0.00424	0.00825
6	0.08756	0.01820	0.08911	0.08173	0.29598	0.17219	0.06073	0.03196	0.04368	0.01925	0.01190	0.03925	0.00994	0.00621	0.00577	0.00182	0.00790	0.00533	0.00328	0.00821
7	0.00821	0.00630	0.00665	0.00645	0.00856	0.00532	0.00488	0.00989	0.01417	0.05350	0.11746	0.05494	0.65352	0.01460	0.00706	0.00201	0.00313	0.01221	0.00577	0.00538
8	0.01808	0.01314	0.02016	0.04440	0.02090	0.04924	0.21992	0.12463	0.01717	0.21304	0.05134	0.02685	0.01713	0.00838	0.00675	0.00205	0.00717	0.12613	0.00520	0.00832
9	0.05686	0.03571	0.14708	0.06417	0.12107	0.08628	0.09836	0.11779	0.08132	0.11193	0.01401	0.01529	0.01025	0.00627	0.00588	0.00185	0.00754	0.00534	0.00417	0.00883
10	0.01004	0.03427	0.04461	0.01342	0.10148	0.00823	0.01019	0.01275	0.01356	0.01766	0.03276	0.10033	0.15291	0.01430	0.00752	0.00242	0.00535	0.40707	0.00501	0.00612
11	0.01420	0.01623	0.03550	0.02535	0.03144	0.01521	0.72921	0.01927	0.01420	0.01927	0.01217	0.01623	0.00913	0.00507	0.00710	0.00203	0.01014	0.00710	0.00304	0.00811
12	0.11698	0.01089	0.01561	0.04260	0.07670	0.01128	0.10148	0.06923	0.07371	0.07847	0.02148	0.03660	0.02024	0.01039	0.00679	0.00225	0.00621	0.28680	0.00491	0.00738
13	0.09075	0.15181	0.30209	0.04314	0.02225	0.04224	0.12244	0.01917	0.01307	0.08100	0.01251	0.05137	0.00999	0.00634	0.00555	0.00183	0.00772	0.00530	0.00332	0.00812
14	0.00916	0.00654	0.00908	0.01046	0.01161	0.00646	0.00876	0.01153	0.01332	0.01740	0.03215	0.23097	0.03580	0.01713	0.00817	0.00270	0.00507	0.55276	0.00555	0.00539
15	0.01393	0.01550	0.03291	0.10845	0.07609	0.01495	0.60779	0.01879	0.01393	0.01886	0.01196	0.01613	0.00903	0.00519	0.00691	0.00201	0.00973	0.00680	0.00300	0.00804
16	0.01682	0.01537	0.09363	0.12669	0.31117	0.03981	0.11102	0.02065	0.01429	0.17082	0.01379	0.01602	0.01013	0.00591	0.00609	0.00187	0.00754	0.00559	0.00383	0.00895
17	0.01549	0.01371	0.04595	0.25643	0.10846	0.07386	0.06877	0.03589	0.10405	0.11789	0.05014	0.02059	0.01407	0.00716	0.00621	0.00195	0.00716	0.03994	0.00423	0.00802
18	0.02443	0.01081	0.01388	0.01103	0.01542	0.01014	0.00899	0.02988	0.17095	0.59998	0.02389	0.02089	0.01563	0.00760	0.00606	0.00190	0.00504	0.00621	0.00716	0.01009
19	0.02263	0.01004	0.01428	0.01212	0.05185	0.00897	0.03503	0.02550	0.03518	0.55623	0.11094	0.05189	0.02052	0.00829	0.00627	0.00189	0.00506	0.00708	0.00686	0.00935
20	0.01381	0.14757	0.50719	0.04388	0.02470	0.01527	0.07943	0.01943	0.01302	0.06537	0.01136	0.01314	0.00825	0.00569	0.00557	0.00182	0.00834	0.00461	0.00291	0.00865
21	0.06429	0.01635	0.21697	0.01248	0.01825	0.01099	0.01251	0.06192	0.01619	0.47967	0.01893	0.01749	0.01223	0.00687	0.00584	0.00187	0.00620	0.00543	0.00584	0.00968
22	0.02318	0.00993	0.01314	0.01048	0.01453	0.00898	0.00857	0.04959	0.05322	0.57183	0.11936	0.02534	0.02116	0.00845	0.00627	0.00191	0.00487	0.03259	0.00715	0.00943
23	0.06768	0.01471	0.07090	0.25932	0.27987	0.03028	0.13787	0.01805	0.02943	0.01872	0.01129	0.01507	0.00883	0.00563	0.00600	0.00191	0.00790	0.00545	0.00299	0.00811
24	0.13784	0.01297	0.05058	0.03635	0.17079	0.03621	0.01141	0.05748	0.01545	0.34154	0.03116	0.04431	0.01325	0.00706	0.00573	0.00186	0.00589	0.00579	0.00532	0.00901
25	0.01626	0.00796	0.00998	0.00843	0.01152	0.00687	0.00669	0.01839	0.01590	0.34808	0.17319	0.03874	0.29080	0.01120	0.00663	0.00193	0.00393	0.00938	0.00661	0.00750
26	0.03489	0.00935	0.01351	0.01100	0.01435	0.00864	0.07649	0.02083	0.04185	0.35206	0.15328	0.03044	0.05727	0.07042	0.03339	0.00252	0.00552	0.05015	0.00612	0.00793
27	0.04132	0.01448	0.13176	0.01587	0.09033	0.01094	0.10364	0.02401	0.01550	0.40962	0.04987	0.01881	0.01399	0.00677	0.00607	0.00186	0.00641	0.00595	0.00548	0.02731

[dist]
# distance from previous block
# <min> <max>
0	9

# created by:
# /home/berkeley/.conda/envs/busco_data_prod/bin/msa2prfl.pl pipeline/OGs_align_augustus/33634/156235.fs
