[name]
unknown

[dist]
# distance from previous block
# <min> <max>
0	102

[block]
# block no. 0 follows, 43 sequences, length 37
# corresponding to MSA columns:
# 158-194
name=unknown_A
#
# <colnr> <probs for GDERKNQSTAVLIFYWHMCP>
#	G	D	E	R	K	N	Q	S	T	A	V	L	I	F	Y	W	H	M	C	P
0	0.01334	0.00947	0.01132	0.01083	0.04236	0.00975	0.00818	0.16920	0.13634	0.09049	0.02466	0.20668	0.07264	0.01092	0.00623	0.00195	0.00458	0.12007	0.00527	0.04572
1	0.01514	0.05843	0.05736	0.06250	0.03973	0.01457	0.01056	0.21783	0.30841	0.02377	0.01551	0.01573	0.01173	0.00660	0.00593	0.00170	0.04336	0.00516	0.00459	0.08138
2	0.01265	0.00879	0.01083	0.02226	0.03983	0.04476	0.02555	0.05535	0.04440	0.14716	0.05469	0.29702	0.05733	0.01274	0.04992	0.00224	0.00507	0.02147	0.00493	0.08302
3	0.05991	0.01211	0.01688	0.10831	0.22239	0.03511	0.05414	0.08743	0.09645	0.05993	0.01374	0.03682	0.01143	0.00660	0.00610	0.00174	0.04392	0.04402	0.00378	0.07920
4	0.01503	0.10033	0.28573	0.04739	0.02076	0.05183	0.08203	0.16619	0.03322	0.06273	0.01119	0.01274	0.00830	0.00598	0.00635	0.00173	0.07247	0.00459	0.00340	0.00800
5	0.00960	0.00819	0.01260	0.30763	0.10801	0.00891	0.01036	0.01190	0.01097	0.01475	0.05891	0.14071	0.05145	0.08525	0.05004	0.03788	0.00607	0.00742	0.00339	0.05595
6	0.05203	0.00804	0.00974	0.00873	0.01128	0.00761	0.00685	0.09715	0.01443	0.22012	0.06294	0.22207	0.13073	0.01124	0.00615	0.00190	0.00411	0.07406	0.00552	0.04533
7	0.20140	0.02852	0.03709	0.03491	0.18960	0.05663	0.01096	0.12593	0.08044	0.08881	0.03144	0.01469	0.01057	0.00627	0.00572	0.00173	0.04779	0.01573	0.00401	0.00777
8	0.01091	0.00817	0.00842	0.00785	0.00992	0.06205	0.00594	0.04212	0.05388	0.10576	0.16864	0.14824	0.32286	0.01195	0.00630	0.00184	0.00378	0.01012	0.00539	0.00583
9	0.01029	0.00636	0.00889	0.00845	0.01004	0.00674	0.00662	0.01225	0.01049	0.12329	0.02116	0.02523	0.10828	0.03147	0.53801	0.00663	0.01130	0.00657	0.04235	0.00557
10	0.07073	0.01310	0.01401	0.01209	0.04726	0.07306	0.00925	0.34922	0.01916	0.19843	0.01678	0.12240	0.01372	0.00793	0.00558	0.00174	0.00560	0.00636	0.00532	0.00827
11	0.05955	0.11129	0.25456	0.01855	0.02471	0.01449	0.40282	0.01746	0.01224	0.01753	0.01022	0.01292	0.00770	0.00488	0.00563	0.00175	0.00831	0.00519	0.00265	0.00756
12	0.00675	0.00482	0.00643	0.00771	0.00803	0.00450	0.00514	0.00771	0.01060	0.01414	0.03053	0.80175	0.03663	0.01735	0.00707	0.00225	0.00321	0.01574	0.00514	0.00450
13	0.22255	0.01348	0.01402	0.01100	0.01517	0.01474	0.00909	0.47050	0.02055	0.13668	0.01314	0.01303	0.00919	0.00631	0.00503	0.00168	0.00546	0.00458	0.00521	0.00858
14	0.01371	0.01316	0.02248	0.03399	0.77081	0.01316	0.01700	0.01700	0.01261	0.01809	0.01042	0.01371	0.00877	0.00493	0.00548	0.00164	0.00658	0.00493	0.00274	0.00877
15	0.02234	0.00976	0.01291	0.01014	0.01393	0.00915	0.00832	0.07867	0.02892	0.60651	0.06407	0.03441	0.01578	0.00747	0.00635	0.00176	0.04824	0.00595	0.00642	0.00889
16	0.01071	0.01010	0.01706	0.73435	0.09391	0.01237	0.01550	0.01437	0.01119	0.01445	0.00989	0.01469	0.00749	0.00549	0.00553	0.00183	0.00732	0.00492	0.00248	0.00635
17	0.00675	0.00482	0.00643	0.00771	0.00803	0.00450	0.00514	0.00771	0.01060	0.01414	0.03053	0.80175	0.03663	0.01735	0.00707	0.00225	0.00321	0.01574	0.00514	0.00450
18	0.02105	0.01551	0.01662	0.01274	0.01717	0.01717	0.01053	0.75235	0.02604	0.03490	0.01330	0.01330	0.00942	0.00665	0.00554	0.00166	0.00609	0.00499	0.00554	0.00942
19	0.21601	0.01107	0.01248	0.00997	0.01395	0.01127	0.00825	0.20078	0.01668	0.38295	0.01678	0.01718	0.01168	0.00679	0.00515	0.00174	0.00497	0.03822	0.00565	0.00842
20	0.00694	0.00490	0.00637	0.00747	0.00775	0.00462	0.00488	0.00776	0.01024	0.01365	0.02864	0.69140	0.03425	0.13094	0.01011	0.00270	0.00352	0.01464	0.00488	0.00433
21	0.00784	0.00566	0.00740	0.00697	0.00827	0.00523	0.00523	0.01045	0.01568	0.02221	0.76789	0.04137	0.05226	0.01132	0.00653	0.00174	0.00261	0.01002	0.00610	0.00523
22	0.01035	0.00624	0.00827	0.00756	0.00930	0.00571	0.00585	0.01289	0.01554	0.13036	0.61963	0.03929	0.04558	0.01090	0.00645	0.00178	0.00305	0.04927	0.00615	0.00582
23	0.01169	0.00802	0.00976	0.00952	0.01149	0.00821	0.00755	0.09480	0.13013	0.08837	0.07631	0.22968	0.06952	0.01256	0.00664	0.00211	0.00430	0.20751	0.00547	0.00636
24	0.01431	0.01216	0.01282	0.01138	0.01461	0.01402	0.00890	0.08250	0.70687	0.02403	0.02186	0.02012	0.01636	0.00745	0.00563	0.00186	0.00451	0.00617	0.00563	0.00881
25	0.09340	0.01173	0.01280	0.01078	0.01441	0.01281	0.00862	0.13293	0.40858	0.20311	0.01968	0.01809	0.01406	0.00701	0.00540	0.00179	0.00470	0.00561	0.00571	0.00876
26	0.33500	0.01099	0.01106	0.00920	0.01257	0.01191	0.00736	0.20376	0.04916	0.16056	0.01421	0.04637	0.01136	0.08533	0.00703	0.00209	0.00489	0.00512	0.00474	0.00729
27	0.02074	0.00882	0.01144	0.00919	0.01261	0.00803	0.00741	0.06705	0.01511	0.54218	0.02085	0.02244	0.01498	0.08810	0.00778	0.00208	0.00467	0.03890	0.08944	0.00819
28	0.84448	0.01071	0.00814	0.00728	0.01071	0.01242	0.00600	0.01628	0.00943	0.02485	0.00771	0.00900	0.00600	0.00514	0.00343	0.00171	0.00428	0.00300	0.00343	0.00600
29	0.00801	0.00554	0.00690	0.00690	0.00720	0.00584	0.00443	0.00861	0.00831	0.01138	0.01666	0.03189	0.01824	0.57574	0.25523	0.00643	0.00821	0.00742	0.00324	0.00383
30	0.00964	0.00563	0.00737	0.00771	0.00863	0.00521	0.00531	0.01075	0.01136	0.12387	0.08342	0.51522	0.03202	0.13457	0.01001	0.00261	0.00371	0.01268	0.00519	0.00509
31	0.01759	0.00863	0.01142	0.01016	0.01313	0.00816	0.00853	0.08899	0.01540	0.38077	0.02428	0.07086	0.02127	0.01053	0.00643	0.00205	0.00492	0.28334	0.00598	0.00755
32	0.02046	0.00974	0.01243	0.01030	0.01396	0.00935	0.00848	0.06013	0.15060	0.49836	0.02260	0.02495	0.01659	0.00813	0.00587	0.00186	0.00477	0.10639	0.00633	0.00871
33	0.80021	0.01077	0.00837	0.00750	0.01091	0.01250	0.00615	0.01698	0.04947	0.02476	0.00850	0.00962	0.00658	0.00527	0.00355	0.00172	0.00429	0.00317	0.00355	0.00615
34	0.54504	0.00950	0.00879	0.00781	0.01092	0.01029	0.00626	0.01699	0.01112	0.16592	0.05361	0.10638	0.01355	0.00724	0.00443	0.00178	0.00415	0.00537	0.00442	0.00643
35	0.01148	0.00984	0.01148	0.00820	0.01312	0.00738	0.00656	0.01395	0.01148	0.01805	0.00984	0.01148	0.00820	0.00410	0.00410	0.00082	0.00410	0.00328	0.00328	0.83922
36	0.00716	0.00557	0.00654	0.00669	0.00805	0.00489	0.00480	0.00869	0.01243	0.01624	0.19314	0.28414	0.32956	0.03773	0.00724	0.00202	0.00303	0.01211	0.00520	0.04478

[dist]
# distance from previous block
# <min> <max>
1	10

[block]
# block no. 1 follows, 43 sequences, length 44
# corresponding to MSA columns:
# 205-248
name=unknown_B
#
# <colnr> <probs for GDERKNQSTAVLIFYWHMCP>
#	G	D	E	R	K	N	Q	S	T	A	V	L	I	F	Y	W	H	M	C	P
0	0.05227	0.04865	0.06308	0.01077	0.01440	0.01274	0.00913	0.20552	0.25216	0.07042	0.09631	0.07224	0.01794	0.00780	0.00552	0.00173	0.00487	0.00638	0.00514	0.04293
1	0.00930	0.00563	0.00686	0.00704	0.00764	0.00545	0.00466	0.01008	0.00991	0.07364	0.02197	0.22005	0.02418	0.43425	0.01801	0.00383	0.00459	0.06988	0.05865	0.00438
2	0.07952	0.00973	0.01192	0.00973	0.01334	0.00945	0.00784	0.06075	0.14183	0.46208	0.07653	0.05926	0.01751	0.00769	0.00557	0.00177	0.00446	0.00632	0.00619	0.00851
3	0.08723	0.00983	0.01220	0.00973	0.01347	0.00932	0.00787	0.12498	0.01603	0.51809	0.02017	0.08857	0.01478	0.03388	0.00627	0.00188	0.00476	0.00628	0.00613	0.00851
4	0.01650	0.00776	0.00993	0.00859	0.01125	0.00719	0.00670	0.04388	0.04792	0.36710	0.10300	0.18897	0.02282	0.00955	0.00576	0.00178	0.00390	0.00818	0.12193	0.00730
5	0.01542	0.01098	0.01206	0.01028	0.01336	0.01199	0.00813	0.21489	0.31335	0.09262	0.09470	0.05111	0.01867	0.00788	0.00555	0.00174	0.00444	0.00649	0.09827	0.00807
6	0.06346	0.00610	0.00752	0.00726	0.00870	0.00577	0.00539	0.01125	0.01382	0.07055	0.45258	0.16547	0.08088	0.05183	0.00747	0.00203	0.00317	0.02584	0.00560	0.00531
7	0.84448	0.01071	0.00814	0.00728	0.01071	0.01242	0.00600	0.01628	0.00943	0.02485	0.00771	0.00900	0.00600	0.00514	0.00343	0.00171	0.00428	0.00300	0.00343	0.00600
8	0.01285	0.01093	0.01173	0.01060	0.01345	0.01244	0.00821	0.02647	0.64480	0.02302	0.13858	0.02389	0.02241	0.00811	0.00577	0.00186	0.00411	0.00685	0.00571	0.00821
9	0.07503	0.01043	0.01199	0.01001	0.01318	0.01081	0.00798	0.19780	0.11832	0.25652	0.01886	0.02356	0.01515	0.13182	0.00913	0.00237	0.00511	0.06873	0.00544	0.00778
10	0.04526	0.00534	0.00687	0.00786	0.00853	0.00508	0.00543	0.00908	0.01085	0.04922	0.02907	0.70881	0.03407	0.01627	0.00685	0.00221	0.00338	0.03586	0.00514	0.00481
11	0.01764	0.00786	0.00990	0.00837	0.01118	0.00745	0.00678	0.02054	0.04735	0.39379	0.02056	0.02224	0.01503	0.00737	0.00546	0.00164	0.02724	0.05302	0.30913	0.00746
12	0.02309	0.01225	0.01460	0.01119	0.01555	0.01233	0.00925	0.36305	0.02057	0.43192	0.01789	0.01628	0.01172	0.00676	0.00556	0.00169	0.00535	0.00530	0.00625	0.00942
13	0.01991	0.01046	0.01249	0.00987	0.01350	0.01034	0.00801	0.25541	0.01832	0.36481	0.06689	0.02079	0.04894	0.03482	0.00629	0.00179	0.00478	0.00599	0.07824	0.00837
14	0.02175	0.01439	0.01593	0.01221	0.01661	0.01551	0.01009	0.61852	0.02416	0.17138	0.01487	0.01432	0.01021	0.00669	0.00555	0.00167	0.00584	0.00509	0.00578	0.00942
15	0.02485	0.00943	0.01285	0.00985	0.01414	0.00814	0.00814	0.02699	0.01585	0.77465	0.02185	0.01885	0.01371	0.00685	0.00557	0.00171	0.00471	0.00557	0.00685	0.00943
16	0.04542	0.02157	0.01511	0.01310	0.01643	0.52533	0.01010	0.11989	0.01692	0.14785	0.01146	0.01193	0.00854	0.00601	0.00512	0.00152	0.00840	0.00408	0.00392	0.00732
17	0.01694	0.01094	0.01237	0.01064	0.01405	0.01181	0.00842	0.02815	0.51456	0.24597	0.02219	0.02012	0.01587	0.00728	0.00556	0.00181	0.00442	0.00602	0.03405	0.00884
18	0.00784	0.00522	0.00636	0.00674	0.00699	0.00508	0.00425	0.00800	0.00908	0.01198	0.02280	0.23260	0.07081	0.43086	0.01984	0.10122	0.00458	0.03818	0.00388	0.00369
19	0.02069	0.02640	0.01569	0.01427	0.01712	0.78313	0.01070	0.02212	0.01569	0.01355	0.00856	0.00999	0.00713	0.00571	0.00499	0.00143	0.00999	0.00357	0.00285	0.00642
20	0.01307	0.01494	0.03268	0.02334	0.02894	0.01401	0.75070	0.01774	0.01307	0.01774	0.01120	0.01494	0.00840	0.00467	0.00654	0.00187	0.00934	0.00654	0.00280	0.00747
21	0.01178	0.00651	0.00795	0.00719	0.00927	0.00585	0.00552	0.02527	0.01398	0.19008	0.22656	0.09782	0.23576	0.01107	0.00635	0.01883	0.00329	0.00919	0.10176	0.00597
22	0.00831	0.00580	0.00833	0.11003	0.01196	0.00611	0.00658	0.00892	0.00957	0.01266	0.02120	0.22768	0.08667	0.07225	0.13353	0.22585	0.00616	0.03058	0.00360	0.00419
23	0.01111	0.02865	0.77667	0.01579	0.02397	0.01286	0.02046	0.01754	0.01169	0.01754	0.00994	0.01169	0.00702	0.00526	0.00526	0.00175	0.00818	0.00409	0.00234	0.00818
24	0.01017	0.00759	0.00973	0.05826	0.01215	0.00752	0.03163	0.03621	0.11284	0.06983	0.35461	0.03657	0.21010	0.01044	0.00626	0.00180	0.00367	0.00903	0.00550	0.00610
25	0.01408	0.33437	0.18779	0.12125	0.08900	0.01634	0.01329	0.06975	0.01272	0.05032	0.00984	0.01160	0.00778	0.00519	0.00463	0.00149	0.00657	0.00393	0.00287	0.03718
26	0.01110	0.01052	0.01367	0.29891	0.04811	0.07713	0.03955	0.01603	0.14940	0.01603	0.01810	0.24230	0.01763	0.00927	0.00599	0.00193	0.00590	0.00823	0.00387	0.00632
27	0.01481	0.80869	0.02902	0.00948	0.01421	0.02191	0.00948	0.01658	0.01125	0.01303	0.00770	0.00888	0.00711	0.00474	0.00355	0.00118	0.00592	0.00296	0.00237	0.00711
28	0.08429	0.01155	0.04188	0.03276	0.15576	0.01061	0.01048	0.09948	0.01556	0.45484	0.01705	0.01621	0.01137	0.00626	0.00537	0.00170	0.00536	0.00513	0.00543	0.00892
29	0.01148	0.01061	0.01770	0.28985	0.37898	0.01142	0.01456	0.01460	0.01188	0.01620	0.01383	0.10140	0.01305	0.00727	0.00584	0.00185	0.00638	0.06289	0.00308	0.00713
30	0.00892	0.00637	0.00892	0.01020	0.01147	0.00637	0.00892	0.01147	0.01275	0.01657	0.02932	0.06247	0.03187	0.01530	0.00765	0.00255	0.00510	0.73354	0.00510	0.00510
31	0.01441	0.01291	0.02119	0.02546	0.42610	0.04080	0.13513	0.03439	0.01323	0.08617	0.01423	0.01869	0.03637	0.00633	0.00639	0.00178	0.04190	0.05306	0.00341	0.00805
32	0.01046	0.00984	0.01661	0.79205	0.03814	0.01230	0.01538	0.01415	0.01107	0.01415	0.00984	0.01477	0.00738	0.00554	0.00554	0.00185	0.00738	0.00492	0.00246	0.00615
33	0.01378	0.01190	0.01252	0.01127	0.01440	0.01378	0.00877	0.02943	0.76081	0.02317	0.02254	0.02066	0.01691	0.00751	0.00564	0.00188	0.00438	0.00626	0.00564	0.00877
34	0.01199	0.00973	0.01564	0.17182	0.04514	0.01097	0.11256	0.01479	0.01187	0.07650	0.06402	0.02434	0.01558	0.00835	0.00847	0.00199	0.16863	0.11812	0.10318	0.00632
35	0.01333	0.01234	0.01815	0.17128	0.15800	0.08798	0.13925	0.01712	0.06236	0.07247	0.01536	0.10466	0.01382	0.00763	0.00634	0.00187	0.02973	0.05764	0.00363	0.00704
36	0.01046	0.00984	0.01661	0.79205	0.03814	0.01230	0.01538	0.01415	0.01107	0.01415	0.00984	0.01477	0.00738	0.00554	0.00554	0.00185	0.00738	0.00492	0.00246	0.00615
37	0.01236	0.00982	0.01157	0.00831	0.01319	0.00743	0.00667	0.01480	0.01177	0.06751	0.01063	0.01197	0.00856	0.00428	0.00420	0.00088	0.00414	0.00343	0.00351	0.78498
38	0.00699	0.00499	0.00670	0.00799	0.00841	0.00471	0.00556	0.00813	0.01084	0.01441	0.03039	0.71986	0.03610	0.01712	0.00713	0.00228	0.00342	0.09525	0.00514	0.00457
39	0.01041	0.00866	0.01027	0.00781	0.01173	0.00675	0.00615	0.01287	0.01256	0.01897	0.19880	0.02035	0.04609	0.00624	0.00479	0.00109	0.00369	0.00524	0.00404	0.60351
40	0.01742	0.01337	0.01659	0.10159	0.01947	0.01469	0.07305	0.41427	0.14113	0.06385	0.01556	0.05700	0.01197	0.00707	0.00572	0.00177	0.00602	0.00592	0.00502	0.00852
41	0.69475	0.03545	0.01141	0.03343	0.05400	0.01285	0.05566	0.01636	0.00994	0.02334	0.00815	0.00981	0.00638	0.00510	0.00381	0.00171	0.00488	0.00339	0.00329	0.00628
42	0.01546	0.05305	0.01660	0.31542	0.13237	0.03273	0.01243	0.04446	0.08746	0.19625	0.03012	0.01624	0.01103	0.00608	0.00545	0.00173	0.00619	0.00518	0.00404	0.00771
43	0.00882	0.00570	0.00660	0.00650	0.00808	0.00510	0.00482	0.01064	0.01299	0.07489	0.18916	0.17211	0.32077	0.01232	0.00614	0.00181	0.00295	0.01056	0.13484	0.00519

[dist]
# distance from previous block
# <min> <max>
0	1

[block]
# block no. 2 follows, 43 sequences, length 23
# corresponding to MSA columns:
# 250-272
name=unknown_C
#
# <colnr> <probs for GDERKNQSTAVLIFYWHMCP>
#	G	D	E	R	K	N	Q	S	T	A	V	L	I	F	Y	W	H	M	C	P
0	0.01864	0.01399	0.01502	0.01211	0.01607	0.01561	0.00981	0.46806	0.28472	0.06073	0.01690	0.01612	0.01223	0.00696	0.00558	0.00174	0.00543	0.00546	0.00563	0.00919
1	0.01050	0.00952	0.01393	0.23722	0.04790	0.01994	0.06484	0.01470	0.09319	0.01711	0.11151	0.08871	0.06638	0.00837	0.00643	0.00180	0.04140	0.03834	0.00390	0.10432
2	0.07817	0.04140	0.04678	0.04941	0.05839	0.11104	0.09457	0.11676	0.09714	0.07861	0.01311	0.04335	0.01042	0.00628	0.00577	0.00164	0.03832	0.00512	0.00392	0.09980
3	0.04426	0.01540	0.15225	0.01512	0.03967	0.05997	0.10758	0.01473	0.01018	0.01492	0.00972	0.01523	0.00897	0.10760	0.01390	0.00249	0.35379	0.00519	0.00265	0.00638
4	0.02485	0.00943	0.01285	0.00985	0.01414	0.00814	0.00814	0.02699	0.01585	0.77465	0.02185	0.01885	0.01371	0.00685	0.00557	0.00171	0.00471	0.00557	0.00685	0.00943
5	0.01059	0.00819	0.01149	0.05400	0.08955	0.00831	0.03989	0.08284	0.05820	0.04826	0.11630	0.32353	0.07121	0.01287	0.03640	0.00222	0.00480	0.01034	0.00482	0.00619
6	0.09803	0.01093	0.01288	0.03746	0.04005	0.05159	0.00890	0.07282	0.07530	0.43216	0.01918	0.02091	0.01389	0.00734	0.00553	0.00179	0.00521	0.07199	0.00568	0.00836
7	0.01072	0.00594	0.00748	0.00729	0.00811	0.00568	0.00489	0.01117	0.00995	0.13445	0.02042	0.16464	0.02171	0.42532	0.01912	0.07736	0.00483	0.05211	0.00425	0.00455
8	0.38487	0.01032	0.01098	0.00888	0.01280	0.01051	0.00733	0.06144	0.01358	0.40518	0.01517	0.01422	0.01009	0.00609	0.00463	0.00171	0.00460	0.00441	0.00528	0.00792
9	0.01755	0.00908	0.01120	0.00931	0.01252	0.00869	0.00741	0.09799	0.10139	0.37067	0.11370	0.08913	0.10859	0.00913	0.00592	0.00179	0.00423	0.00766	0.00615	0.00789
10	0.09171	0.00925	0.01120	0.00936	0.01262	0.00906	0.00747	0.05538	0.12983	0.38218	0.13356	0.08636	0.02104	0.00834	0.00566	0.00179	0.00425	0.00694	0.00605	0.00798
11	0.01466	0.01130	0.01207	0.01066	0.01329	0.04573	0.00825	0.14519	0.38361	0.05120	0.01772	0.01943	0.01398	0.01011	0.00919	0.18657	0.00505	0.02988	0.00481	0.00727
12	0.37721	0.01038	0.01095	0.00895	0.01280	0.01070	0.00735	0.05147	0.05994	0.37516	0.01546	0.01450	0.01041	0.00615	0.00465	0.00172	0.00456	0.00448	0.00525	0.00791
13	0.08637	0.00863	0.00987	0.00876	0.01138	0.00884	0.00683	0.01949	0.22958	0.17603	0.23866	0.06918	0.08500	0.00929	0.00583	0.00181	0.00375	0.00784	0.00576	0.00709
14	0.11856	0.00973	0.01140	0.00945	0.01284	0.00967	0.00758	0.11638	0.08909	0.35231	0.07547	0.09486	0.05191	0.00834	0.00557	0.00178	0.00443	0.00682	0.00585	0.00796
15	0.46154	0.01235	0.01152	0.00947	0.01318	0.01391	0.00778	0.31348	0.01652	0.02876	0.05547	0.01267	0.01015	0.00612	0.00447	0.00169	0.00492	0.00422	0.00444	0.00733
16	0.12584	0.01068	0.01137	0.01009	0.01323	0.01181	0.00798	0.02505	0.46650	0.13076	0.05412	0.02242	0.04678	0.00778	0.00547	0.00185	0.00430	0.03040	0.00550	0.00805
17	0.07850	0.01038	0.01199	0.00992	0.01335	0.01061	0.00795	0.16400	0.15394	0.29308	0.08307	0.07039	0.05195	0.00817	0.00564	0.00178	0.00453	0.00669	0.00588	0.00818
18	0.00990	0.00650	0.00794	0.00781	0.00947	0.00614	0.00583	0.01301	0.08931	0.10824	0.19052	0.27507	0.19550	0.01301	0.00654	0.00197	0.00337	0.03853	0.00560	0.00574
19	0.00675	0.00482	0.00643	0.00771	0.00803	0.00450	0.00514	0.00771	0.01060	0.01414	0.03053	0.80175	0.03663	0.01735	0.00707	0.00225	0.00321	0.01574	0.00514	0.00450
20	0.09353	0.00930	0.01178	0.00968	0.01309	0.00918	0.00787	0.07537	0.05041	0.44105	0.01837	0.01832	0.01289	0.01473	0.18499	0.00338	0.00710	0.00541	0.00549	0.00805
21	0.01581	0.00761	0.00998	0.00871	0.01127	0.00701	0.00674	0.01843	0.05670	0.36883	0.12180	0.17772	0.06439	0.04283	0.05348	0.00241	0.00466	0.00863	0.00589	0.00712
22	0.57333	0.00950	0.00808	0.00744	0.01023	0.01073	0.00586	0.01604	0.06419	0.04398	0.01251	0.07894	0.01110	0.05716	0.00555	0.00197	0.00415	0.00486	0.06846	0.00594

[dist]
# distance from previous block
# <min> <max>
0	2

[block]
# block no. 3 follows, 43 sequences, length 48
# corresponding to MSA columns:
# 275-322
name=unknown_D
#
# <colnr> <probs for GDERKNQSTAVLIFYWHMCP>
#	G	D	E	R	K	N	Q	S	T	A	V	L	I	F	Y	W	H	M	C	P
0	0.01844	0.26589	0.01983	0.01206	0.01601	0.31492	0.01005	0.19944	0.01662	0.01889	0.00953	0.01054	0.00775	0.00555	0.00463	0.00138	0.00744	0.00371	0.00339	0.05395
1	0.01107	0.00940	0.01104	0.00816	0.01267	0.00713	0.00644	0.01339	0.01141	0.01770	0.01167	0.08144	0.01072	0.00527	0.00436	0.00095	0.00402	0.00438	0.00345	0.76533
2	0.00738	0.00548	0.00701	0.00753	0.00845	0.00512	0.00530	0.00927	0.03352	0.01647	0.20649	0.49402	0.09228	0.01568	0.02991	0.00224	0.00345	0.01311	0.00526	0.03203
3	0.01365	0.01017	0.01139	0.01007	0.01290	0.01112	0.00786	0.05089	0.46553	0.10041	0.21405	0.02554	0.02541	0.00840	0.00586	0.00182	0.00402	0.00711	0.00588	0.00795
4	0.02080	0.01043	0.01286	0.01030	0.01430	0.01011	0.00834	0.06076	0.22650	0.48559	0.02097	0.01869	0.01410	0.00688	0.00550	0.00171	0.00465	0.00561	0.00625	0.05565
5	0.10786	0.01107	0.01246	0.01028	0.01373	0.01159	0.00824	0.26778	0.09220	0.23225	0.04519	0.12985	0.01642	0.00834	0.00559	0.00179	0.00481	0.00679	0.00564	0.00813
6	0.00675	0.00482	0.00643	0.00771	0.00803	0.00450	0.00514	0.00771	0.01060	0.01414	0.03053	0.80175	0.03663	0.01735	0.00707	0.00225	0.00321	0.01574	0.00514	0.00450
7	0.70646	0.01123	0.00939	0.00806	0.01165	0.01280	0.00665	0.10601	0.01174	0.06101	0.00905	0.00998	0.00677	0.00540	0.00378	0.00171	0.00452	0.00336	0.00384	0.00657
8	0.01101	0.00617	0.00825	0.00798	0.00955	0.00562	0.00597	0.01294	0.01379	0.17401	0.31969	0.30567	0.03785	0.01271	0.00658	0.00195	0.00337	0.04518	0.00587	0.00583
9	0.27718	0.00887	0.00890	0.00792	0.01010	0.00954	0.00587	0.11026	0.03124	0.08333	0.04129	0.07791	0.01592	0.27488	0.01261	0.00298	0.00479	0.00641	0.00424	0.00578
10	0.02069	0.02640	0.01569	0.01427	0.01712	0.78313	0.01070	0.02212	0.01569	0.01355	0.00856	0.00999	0.00713	0.00571	0.00499	0.00143	0.00999	0.00357	0.00285	0.00642
11	0.00680	0.00555	0.00604	0.00622	0.00781	0.00478	0.00464	0.00831	0.01264	0.01559	0.11654	0.15056	0.57303	0.01427	0.00666	0.00194	0.00295	0.04571	0.00523	0.00472
12	0.39186	0.00934	0.00975	0.00826	0.01157	0.00956	0.00664	0.01926	0.01227	0.31700	0.05041	0.07535	0.01397	0.03538	0.00556	0.00189	0.00433	0.00547	0.00502	0.00710
13	0.00784	0.00514	0.00688	0.00792	0.00850	0.00477	0.00545	0.00893	0.01098	0.05676	0.03000	0.73051	0.03517	0.01669	0.00701	0.00223	0.00337	0.04183	0.00524	0.00480
14	0.00791	0.00593	0.00890	0.00890	0.00989	0.00692	0.00692	0.00989	0.00890	0.01286	0.01483	0.02176	0.01385	0.04154	0.78341	0.00890	0.01483	0.00593	0.00297	0.00494
15	0.04279	0.01196	0.01407	0.01093	0.01508	0.01215	0.00899	0.33532	0.04431	0.38043	0.05291	0.01735	0.01360	0.00695	0.00555	0.00170	0.00518	0.00549	0.00613	0.00912
16	0.35044	0.00765	0.00741	0.00735	0.00936	0.00803	0.00546	0.01208	0.01020	0.01920	0.01838	0.34171	0.01990	0.03048	0.00566	0.00193	0.00373	0.00862	0.06351	0.06889
17	0.01061	0.00657	0.00823	0.00739	0.00952	0.00572	0.00563	0.01271	0.01414	0.14362	0.35269	0.12504	0.17640	0.01112	0.00621	0.00173	0.00321	0.00963	0.00566	0.08416
18	0.00791	0.00593	0.00890	0.00890	0.00989	0.00692	0.00692	0.00989	0.00890	0.01286	0.01483	0.02176	0.01385	0.04154	0.78341	0.00890	0.01483	0.00593	0.00297	0.00494
19	0.01378	0.01190	0.01252	0.01127	0.01440	0.01378	0.00877	0.02943	0.76081	0.02317	0.02254	0.02066	0.01691	0.00751	0.00564	0.00188	0.00438	0.00626	0.00564	0.00877
20	0.04083	0.00815	0.00983	0.00830	0.01122	0.00723	0.00634	0.04609	0.01121	0.01688	0.01514	0.16904	0.01523	0.04370	0.14468	0.02688	0.00600	0.00648	0.00368	0.40310
21	0.01071	0.00781	0.00989	0.01023	0.01193	0.00811	0.00853	0.13059	0.04625	0.01938	0.02667	0.17810	0.02844	0.01393	0.00713	0.00233	0.00491	0.46403	0.00520	0.00585
22	0.01371	0.01316	0.02248	0.03399	0.77081	0.01316	0.01700	0.01700	0.01261	0.01809	0.01042	0.01371	0.00877	0.00493	0.00548	0.00164	0.00658	0.00493	0.00274	0.00877
23	0.01158	0.01048	0.01558	0.04075	0.05152	0.00991	0.14615	0.01699	0.15352	0.01868	0.05295	0.05021	0.01627	0.00729	0.00567	0.00162	0.00539	0.10528	0.00403	0.27613
24	0.01207	0.01119	0.01752	0.38933	0.19162	0.01288	0.04110	0.04203	0.12559	0.01718	0.01268	0.04315	0.01027	0.00632	0.00621	0.00184	0.04300	0.00557	0.00321	0.00722
25	0.02035	0.01472	0.01590	0.01240	0.01666	0.01624	0.01017	0.62131	0.11742	0.07481	0.01493	0.01453	0.01060	0.00677	0.00555	0.00169	0.00580	0.00518	0.00563	0.00934
26	0.01079	0.02547	0.66089	0.01455	0.02183	0.01206	0.01825	0.01715	0.04645	0.01772	0.03358	0.01615	0.06867	0.00621	0.00541	0.00177	0.00744	0.00494	0.00281	0.00786
27	0.00899	0.00535	0.00719	0.00726	0.00799	0.00518	0.00509	0.00874	0.00946	0.04784	0.02354	0.15266	0.16089	0.05988	0.10878	0.35996	0.00541	0.00824	0.00370	0.00387
28	0.02069	0.02640	0.01569	0.01427	0.01712	0.78313	0.01070	0.02212	0.01569	0.01355	0.00856	0.00999	0.00713	0.00571	0.00499	0.00143	0.00999	0.00357	0.00285	0.00642
29	0.01378	0.01190	0.01252	0.01127	0.01440	0.01378	0.00877	0.02943	0.76081	0.02317	0.02254	0.02066	0.01691	0.00751	0.00564	0.00188	0.00438	0.00626	0.00564	0.00877
30	0.00954	0.00486	0.00729	0.00729	0.00734	0.00491	0.00491	0.00734	0.00729	0.00977	0.00986	0.01706	0.00982	0.02027	0.05681	0.80055	0.00527	0.00486	0.00243	0.00252
31	0.00802	0.00575	0.00728	0.00689	0.00834	0.00523	0.00521	0.01044	0.01516	0.03646	0.63073	0.04313	0.15807	0.01172	0.00654	0.00178	0.00274	0.02535	0.00595	0.00523
32	0.84448	0.01071	0.00814	0.00728	0.01071	0.01242	0.00600	0.01628	0.00943	0.02485	0.00771	0.00900	0.00600	0.00514	0.00343	0.00171	0.00428	0.00300	0.00343	0.00600
33	0.02365	0.01135	0.01405	0.01077	0.01510	0.01100	0.00890	0.25657	0.01908	0.54051	0.01914	0.01709	0.01235	0.00679	0.00556	0.00170	0.00515	0.00538	0.00644	0.00942
34	0.00738	0.00546	0.00689	0.00692	0.00809	0.00497	0.00504	0.00941	0.01400	0.01916	0.48092	0.22137	0.16359	0.01317	0.00666	0.00188	0.00278	0.01163	0.00572	0.00497
35	0.00784	0.00566	0.00740	0.00697	0.00827	0.00523	0.00523	0.01045	0.01568	0.02221	0.76789	0.04137	0.05226	0.01132	0.00653	0.00174	0.00261	0.01002	0.00610	0.00523
36	0.84448	0.01071	0.00814	0.00728	0.01071	0.01242	0.00600	0.01628	0.00943	0.02485	0.00771	0.00900	0.00600	0.00514	0.00343	0.00171	0.00428	0.00300	0.00343	0.00600
37	0.12224	0.00958	0.01229	0.00955	0.01373	0.00865	0.00789	0.02572	0.01509	0.68555	0.02017	0.01768	0.01279	0.00665	0.00531	0.00171	0.00466	0.00526	0.00645	0.00902
38	0.00705	0.00563	0.00630	0.00613	0.00779	0.00489	0.00460	0.00892	0.01380	0.01776	0.33118	0.04869	0.49174	0.01298	0.00654	0.00182	0.00273	0.01104	0.00551	0.00489
39	0.01148	0.00984	0.01148	0.00820	0.01312	0.00738	0.00656	0.01395	0.01148	0.01805	0.00984	0.01148	0.00820	0.00410	0.00410	0.00082	0.00410	0.00328	0.00328	0.83922
40	0.01148	0.00984	0.01148	0.00820	0.01312	0.00738	0.00656	0.01395	0.01148	0.01805	0.00984	0.01148	0.00820	0.00410	0.00410	0.00082	0.00410	0.00328	0.00328	0.83922
41	0.00735	0.00538	0.00691	0.00708	0.00812	0.00493	0.00510	0.00931	0.01371	0.01885	0.45585	0.29156	0.11816	0.01356	0.00671	0.00192	0.00283	0.01206	0.00569	0.00493
42	0.00852	0.00625	0.00836	0.00942	0.01080	0.00609	0.00813	0.01088	0.01273	0.01630	0.03385	0.06092	0.15647	0.01508	0.00746	0.00243	0.00471	0.61145	0.00511	0.00503
43	0.84448	0.01071	0.00814	0.00728	0.01071	0.01242	0.00600	0.01628	0.00943	0.02485	0.00771	0.00900	0.00600	0.00514	0.00343	0.00171	0.00428	0.00300	0.00343	0.00600
44	0.00915	0.00507	0.00744	0.00738	0.00769	0.00512	0.00512	0.00802	0.00870	0.01191	0.12527	0.02114	0.01659	0.02069	0.10980	0.61333	0.00567	0.00573	0.00303	0.00313
45	0.02142	0.01031	0.01286	0.01029	0.01421	0.00999	0.00835	0.08203	0.18516	0.52050	0.04906	0.01967	0.01554	0.00715	0.00562	0.00175	0.00467	0.00585	0.00645	0.00912
46	0.02485	0.00943	0.01285	0.00985	0.01414	0.00814	0.00814	0.02699	0.01585	0.77465	0.02185	0.01885	0.01371	0.00685	0.00557	0.00171	0.00471	0.00557	0.00685	0.00943
47	0.02472	0.00963	0.01298	0.00995	0.01424	0.00845	0.00822	0.05163	0.01620	0.74952	0.02156	0.01866	0.01356	0.00685	0.00557	0.00171	0.00476	0.00555	0.00681	0.00943

[dist]
# distance from previous block
# <min> <max>
0	6

[block]
# block no. 4 follows, 43 sequences, length 7
# corresponding to MSA columns:
# 329-335
name=unknown_E
#
# <colnr> <probs for GDERKNQSTAVLIFYWHMCP>
#	G	D	E	R	K	N	Q	S	T	A	V	L	I	F	Y	W	H	M	C	P
0	0.40282	0.01364	0.01130	0.00996	0.01331	0.11685	0.00791	0.09251	0.23893	0.02380	0.01285	0.01307	0.00978	0.00608	0.00451	0.00172	0.00526	0.00425	0.00422	0.00722
1	0.56800	0.01351	0.09932	0.00930	0.01350	0.01301	0.00854	0.13633	0.01274	0.06763	0.00967	0.01056	0.00710	0.00550	0.00410	0.00171	0.00506	0.00359	0.00383	0.00700
2	0.09236	0.01241	0.04933	0.01056	0.01395	0.06409	0.00877	0.13960	0.12169	0.12678	0.04552	0.10415	0.01567	0.00802	0.00598	0.00173	0.03976	0.03045	0.00476	0.10443
3	0.00789	0.00554	0.00697	0.00748	0.00850	0.00506	0.00536	0.00926	0.01166	0.04091	0.10718	0.42049	0.15600	0.07615	0.00847	0.00234	0.00351	0.08083	0.00509	0.03129
4	0.00889	0.06782	0.00906	0.00795	0.00893	0.00695	0.00581	0.04477	0.01099	0.01455	0.05907	0.33441	0.04431	0.14025	0.05057	0.10043	0.00479	0.07156	0.00428	0.00463
5	0.05900	0.26599	0.01792	0.00999	0.01397	0.01477	0.00867	0.17489	0.07379	0.19140	0.10179	0.01676	0.01504	0.00662	0.00493	0.00155	0.00510	0.00506	0.00479	0.00797
6	0.01196	0.00864	0.01044	0.00814	0.01199	0.00686	0.00646	0.01427	0.01257	0.10627	0.10802	0.06240	0.06097	0.00700	0.00500	0.00124	0.00391	0.03275	0.00432	0.51680

[dist]
# distance from previous block
# <min> <max>
0	23

[block]
# block no. 5 follows, 43 sequences, length 42
# corresponding to MSA columns:
# 359-400
name=unknown_F
#
# <colnr> <probs for GDERKNQSTAVLIFYWHMCP>
#	G	D	E	R	K	N	Q	S	T	A	V	L	I	F	Y	W	H	M	C	P
0	0.01237	0.11318	0.64670	0.01472	0.02228	0.01356	0.01848	0.01803	0.01190	0.06441	0.01044	0.01183	0.00744	0.00530	0.00509	0.00169	0.00772	0.00406	0.00262	0.00814
1	0.02130	0.00966	0.01231	0.00946	0.01358	0.00860	0.00775	0.09063	0.01579	0.53175	0.01902	0.01746	0.01258	0.00641	0.00521	0.00154	0.00456	0.00516	0.08085	0.12637
2	0.01373	0.00672	0.00903	0.00845	0.01043	0.00606	0.00646	0.01513	0.01290	0.28720	0.08297	0.28259	0.07671	0.01289	0.00774	0.07304	0.00398	0.07217	0.00559	0.00621
3	0.00707	0.00509	0.00639	0.00725	0.00786	0.00473	0.00495	0.00820	0.01104	0.01467	0.07839	0.54180	0.13007	0.09017	0.00889	0.00245	0.00337	0.03718	0.02594	0.00450
4	0.00905	0.00768	0.01054	0.01010	0.01118	0.00845	0.04880	0.01250	0.11838	0.01608	0.07573	0.44152	0.05120	0.01346	0.00859	0.00216	0.13272	0.01157	0.00470	0.00559
5	0.34680	0.01035	0.01126	0.00904	0.01300	0.01044	0.00746	0.07239	0.01402	0.42929	0.01571	0.01460	0.01038	0.00617	0.00473	0.00171	0.00464	0.00452	0.00542	0.00808
6	0.14565	0.01119	0.01238	0.01031	0.01356	0.01225	0.00834	0.30684	0.05922	0.12183	0.01500	0.03965	0.01173	0.01430	0.17221	0.00325	0.00726	0.00536	0.02202	0.00765
7	0.01470	0.00899	0.01072	0.00958	0.01220	0.00920	0.00740	0.08842	0.20812	0.21732	0.02558	0.22064	0.07608	0.01217	0.04998	0.00231	0.00481	0.00876	0.00563	0.00739
8	0.00708	0.00506	0.00681	0.00810	0.00857	0.00479	0.00573	0.00829	0.01094	0.01452	0.03034	0.68720	0.03589	0.01703	0.00716	0.00230	0.00351	0.12696	0.00513	0.00459
9	0.00798	0.00564	0.00740	0.00737	0.00790	0.00605	0.00506	0.00903	0.00895	0.01246	0.06762	0.03019	0.01955	0.41322	0.36073	0.00668	0.00937	0.00725	0.00337	0.00419
10	0.00887	0.00570	0.00719	0.00782	0.00879	0.00564	0.00583	0.03624	0.01172	0.03114	0.02556	0.40047	0.02762	0.01552	0.05917	0.00250	0.00430	0.13026	0.20061	0.00505
11	0.00962	0.00481	0.00722	0.00722	0.00722	0.00481	0.00481	0.00722	0.00722	0.00962	0.00962	0.01684	0.00962	0.01924	0.02165	0.83886	0.00481	0.00481	0.00241	0.00241
12	0.01307	0.01494	0.03268	0.02334	0.02894	0.01401	0.75070	0.01774	0.01307	0.01774	0.01120	0.01494	0.00840	0.00467	0.00654	0.00187	0.00934	0.00654	0.00280	0.00747
13	0.00831	0.00579	0.00751	0.00831	0.00898	0.00575	0.00633	0.00970	0.01070	0.01406	0.02501	0.14916	0.02807	0.31305	0.01531	0.00357	0.00495	0.36661	0.00445	0.00436
14	0.01148	0.00984	0.01148	0.00820	0.01312	0.00738	0.00656	0.01395	0.01148	0.01805	0.00984	0.01148	0.00820	0.00410	0.00410	0.00082	0.00410	0.00328	0.00328	0.83922
15	0.01212	0.01212	0.01696	0.01454	0.01454	0.01696	0.01212	0.01333	0.00848	0.01333	0.00727	0.01212	0.00727	0.00969	0.01818	0.00242	0.79523	0.00485	0.00242	0.00606
16	0.00805	0.00537	0.00604	0.00604	0.00604	0.00537	0.00336	0.00805	0.00805	0.01074	0.01745	0.03624	0.02013	0.80536	0.02819	0.00537	0.00537	0.00805	0.00336	0.00336
17	0.00805	0.00537	0.00604	0.00604	0.00604	0.00537	0.00336	0.00805	0.00805	0.01074	0.01745	0.03624	0.02013	0.80536	0.02819	0.00537	0.00537	0.00805	0.00336	0.00336
18	0.02463	0.00977	0.01307	0.01002	0.01431	0.00865	0.00827	0.06797	0.01643	0.73286	0.02137	0.01854	0.01347	0.00684	0.00557	0.00171	0.00479	0.00554	0.00678	0.00942
19	0.00675	0.00482	0.00643	0.00771	0.00803	0.00450	0.00514	0.00771	0.01060	0.01414	0.03053	0.80175	0.03663	0.01735	0.00707	0.00225	0.00321	0.01574	0.00514	0.00450
20	0.02181	0.01530	0.01574	0.01229	0.01653	0.08997	0.01004	0.52896	0.02289	0.18801	0.01463	0.01414	0.01010	0.00660	0.00549	0.00165	0.00618	0.00497	0.00555	0.00913
21	0.00912	0.00512	0.00760	0.00760	0.00786	0.00537	0.00530	0.00793	0.00768	0.01049	0.01125	0.01882	0.01110	0.05412	0.21772	0.59460	0.00741	0.00522	0.00258	0.00309
22	0.00950	0.00769	0.01180	0.32975	0.03596	0.00864	0.01083	0.01245	0.01215	0.01627	0.09156	0.07915	0.02254	0.01029	0.00637	0.00207	0.00556	0.26577	0.05607	0.00558
23	0.01428	0.01169	0.01382	0.01196	0.01368	0.06108	0.00960	0.19127	0.01405	0.07067	0.01444	0.13808	0.01369	0.01386	0.11118	0.00294	0.27628	0.00670	0.00400	0.00673
24	0.01068	0.01007	0.01701	0.74020	0.08826	0.01236	0.01549	0.01435	0.01118	0.01442	0.00988	0.01469	0.00748	0.00550	0.00553	0.00183	0.00733	0.00492	0.00248	0.00633
25	0.01244	0.01345	0.10647	0.07168	0.23323	0.04877	0.04017	0.01587	0.03460	0.05435	0.13261	0.02046	0.06301	0.00747	0.00754	0.00182	0.11916	0.00611	0.00360	0.00719
26	0.01481	0.80869	0.02902	0.00948	0.01421	0.02191	0.00948	0.01658	0.01125	0.01303	0.00770	0.00888	0.00711	0.00474	0.00355	0.00118	0.00592	0.00296	0.00237	0.00711
27	0.00791	0.00593	0.00890	0.00890	0.00989	0.00692	0.00692	0.00989	0.00890	0.01286	0.01483	0.02176	0.01385	0.04154	0.78341	0.00890	0.01483	0.00593	0.00297	0.00494
28	0.11922	0.01144	0.06601	0.04718	0.04100	0.00984	0.05586	0.03797	0.01446	0.49858	0.01774	0.01729	0.01181	0.00644	0.00539	0.00174	0.00540	0.01859	0.00549	0.00856
29	0.01151	0.00995	0.01677	0.71851	0.03626	0.01206	0.03405	0.01512	0.01145	0.06626	0.01070	0.01505	0.00784	0.00560	0.00557	0.00184	0.00725	0.00501	0.00277	0.00641
30	0.84448	0.01071	0.00814	0.00728	0.01071	0.01242	0.00600	0.01628	0.00943	0.02485	0.00771	0.00900	0.00600	0.00514	0.00343	0.00171	0.00428	0.00300	0.00343	0.00600
31	0.76873	0.01215	0.00883	0.00793	0.01130	0.08329	0.00643	0.01682	0.01000	0.02381	0.00779	0.00909	0.00610	0.00519	0.00357	0.00169	0.00481	0.00305	0.00337	0.00604
32	0.00828	0.00606	0.00793	0.00776	0.00815	0.00678	0.00537	0.00914	0.00842	0.01176	0.01571	0.02883	0.01675	0.44715	0.32787	0.00657	0.06316	0.00699	0.00314	0.00417
33	0.01481	0.01296	0.02413	0.02405	0.29841	0.01247	0.31594	0.04057	0.01354	0.11166	0.01275	0.01531	0.00962	0.00522	0.00582	0.00172	0.00719	0.00569	0.06008	0.00809
34	0.00892	0.00637	0.00892	0.01020	0.01147	0.00637	0.00892	0.01147	0.01275	0.01657	0.02932	0.06247	0.03187	0.01530	0.00765	0.00255	0.00510	0.73354	0.00510	0.00510
35	0.00755	0.00560	0.00705	0.00680	0.00813	0.00509	0.00505	0.00986	0.01484	0.02048	0.60215	0.09506	0.16749	0.01217	0.00657	0.00180	0.00268	0.01068	0.00588	0.00509
36	0.01658	0.01064	0.01267	0.00937	0.01404	0.00915	0.00762	0.13563	0.01498	0.22229	0.01359	0.01374	0.00986	0.00524	0.00472	0.00119	0.00458	0.00416	0.00459	0.48534
37	0.01080	0.00615	0.00649	0.00613	0.00769	0.00626	0.00467	0.06339	0.03641	0.02192	0.12536	0.02312	0.01941	0.00720	0.00442	0.00140	0.00288	0.00588	0.63485	0.00557
38	0.01900	0.04059	0.01395	0.01175	0.01456	0.34192	0.00913	0.03573	0.01471	0.23762	0.04325	0.10943	0.01435	0.00792	0.00633	0.00169	0.06059	0.00596	0.00444	0.00708
39	0.01397	0.63260	0.19780	0.01090	0.01642	0.01987	0.01196	0.01680	0.01135	0.01405	0.00821	0.00952	0.00709	0.00486	0.00394	0.00131	0.00643	0.00322	0.00236	0.00735
40	0.01247	0.03232	0.08834	0.00938	0.01427	0.00908	0.00833	0.06788	0.03621	0.04409	0.06242	0.01413	0.01159	0.00510	0.00457	0.00111	0.00462	0.00410	0.00371	0.56628
41	0.04930	0.13793	0.05897	0.01178	0.01559	0.06324	0.03713	0.05912	0.46198	0.02109	0.01718	0.01661	0.01309	0.00660	0.00519	0.00172	0.00545	0.00527	0.00457	0.00820

[dist]
# distance from previous block
# <min> <max>
1	9

[block]
# block no. 6 follows, 43 sequences, length 87
# corresponding to MSA columns:
# 410-496
name=unknown_G
#
# <colnr> <probs for GDERKNQSTAVLIFYWHMCP>
#	G	D	E	R	K	N	Q	S	T	A	V	L	I	F	Y	W	H	M	C	P
0	0.01699	0.10962	0.09245	0.05134	0.03030	0.01343	0.03171	0.25124	0.04967	0.15947	0.09278	0.01726	0.01450	0.00669	0.00535	0.00164	0.00563	0.00538	0.03640	0.00816
1	0.01117	0.01124	0.06482	0.66936	0.03549	0.01235	0.04082	0.01496	0.01131	0.04336	0.01029	0.01467	0.00763	0.00563	0.00584	0.00185	0.02518	0.00495	0.00263	0.00645
2	0.01548	0.01275	0.01348	0.01162	0.01505	0.01457	0.00918	0.19904	0.58842	0.02592	0.02037	0.01893	0.01515	0.00731	0.00561	0.00183	0.00478	0.00596	0.00561	0.00892
3	0.02410	0.01062	0.01359	0.01042	0.01473	0.00992	0.00861	0.16955	0.01785	0.62927	0.02017	0.01776	0.01287	0.00681	0.00556	0.00170	0.00498	0.00545	0.00660	0.00942
4	0.10310	0.08432	0.01639	0.04625	0.07141	0.11384	0.03116	0.17164	0.01635	0.27114	0.01403	0.01402	0.00983	0.00604	0.00511	0.00162	0.00613	0.00465	0.00472	0.00824
5	0.00694	0.00502	0.00656	0.00745	0.00805	0.00465	0.00510	0.00824	0.01167	0.01570	0.17040	0.61485	0.08281	0.01602	0.00694	0.00213	0.00308	0.01443	0.00532	0.00465
6	0.01149	0.00663	0.00777	0.00701	0.00943	0.00569	0.00550	0.01323	0.01371	0.21243	0.10434	0.04377	0.48468	0.01200	0.00634	0.00185	0.00338	0.03913	0.00566	0.00597
7	0.00961	0.00728	0.00874	0.00899	0.01029	0.00772	0.00668	0.01496	0.23816	0.01689	0.05063	0.29696	0.02683	0.07136	0.00955	0.07718	0.00414	0.12345	0.00494	0.00564
8	0.01151	0.01142	0.01693	0.67782	0.08530	0.07545	0.01511	0.01499	0.01155	0.01436	0.00978	0.01430	0.00746	0.00551	0.00549	0.00180	0.00754	0.00481	0.00251	0.00635
9	0.00848	0.00682	0.00944	0.00930	0.01030	0.03152	0.00725	0.01041	0.00910	0.01290	0.01433	0.02100	0.01337	0.03913	0.72824	0.00841	0.04621	0.00582	0.00294	0.00504
10	0.06575	0.01325	0.01485	0.01151	0.01579	0.01401	0.00948	0.46253	0.04993	0.26156	0.01598	0.01506	0.01084	0.00666	0.00544	0.00169	0.00551	0.00511	0.00584	0.00921
11	0.00863	0.00553	0.00760	0.00773	0.00866	0.00542	0.00561	0.00979	0.01133	0.05603	0.20027	0.27061	0.06203	0.02052	0.17059	0.12447	0.00578	0.01004	0.00461	0.00473
12	0.09926	0.00671	0.00887	0.00847	0.01004	0.00743	0.00662	0.01233	0.01003	0.08726	0.04744	0.02127	0.01482	0.05048	0.53398	0.00667	0.01136	0.00578	0.04573	0.00547
13	0.00928	0.00669	0.00850	0.00909	0.01023	0.00673	0.00693	0.10898	0.01328	0.01762	0.02787	0.48844	0.03163	0.01534	0.00703	0.00225	0.00413	0.21547	0.00518	0.00533
14	0.09456	0.01190	0.01312	0.01049	0.01413	0.01264	0.00849	0.37168	0.05644	0.18454	0.06456	0.03678	0.01445	0.04123	0.00636	0.00185	0.00509	0.00571	0.03773	0.00826
15	0.01955	0.00973	0.01225	0.00964	0.01368	0.00881	0.00780	0.02409	0.14273	0.46461	0.05941	0.01898	0.01528	0.00669	0.00536	0.00158	0.00443	0.00550	0.00594	0.16395
16	0.00695	0.00541	0.00624	0.00669	0.00790	0.00481	0.00484	0.00831	0.01200	0.01515	0.09943	0.28181	0.39958	0.05702	0.00793	0.00221	0.00321	0.06077	0.00512	0.00462
17	0.01148	0.00984	0.01148	0.00820	0.01312	0.00738	0.00656	0.01395	0.01148	0.01805	0.00984	0.01148	0.00820	0.00410	0.00410	0.00082	0.00410	0.00328	0.00328	0.83922
18	0.00727	0.00544	0.00635	0.00644	0.00749	0.00495	0.00447	0.00865	0.01220	0.01602	0.24920	0.17002	0.28089	0.18267	0.01125	0.00264	0.00336	0.01110	0.00504	0.00452
19	0.01353	0.00678	0.00905	0.00820	0.01031	0.00607	0.00626	0.01552	0.01430	0.28462	0.28606	0.23309	0.04954	0.01145	0.00635	0.00188	0.00355	0.02088	0.00608	0.00650
20	0.02341	0.01077	0.01351	0.01040	0.01462	0.01026	0.00858	0.20466	0.01821	0.56685	0.01962	0.01755	0.01267	0.00679	0.00550	0.00169	0.00498	0.00541	0.03525	0.00928
21	0.01696	0.00952	0.01163	0.00983	0.01299	0.00966	0.00782	0.04918	0.25389	0.32120	0.15385	0.02344	0.02144	0.01028	0.06028	0.00227	0.00499	0.00659	0.00601	0.00815
22	0.05676	0.00742	0.00940	0.00855	0.01079	0.00692	0.00650	0.04937	0.01319	0.29641	0.03566	0.29968	0.07142	0.02952	0.00752	0.04930	0.00410	0.02544	0.00552	0.00651
23	0.01345	0.01057	0.04404	0.01026	0.01308	0.01066	0.00834	0.10226	0.32707	0.08997	0.07497	0.15410	0.02184	0.00955	0.00593	0.00190	0.00440	0.04646	0.04362	0.00755
24	0.54909	0.19147	0.03624	0.00869	0.01255	0.06735	0.00768	0.04228	0.01091	0.02156	0.00803	0.00927	0.00647	0.00515	0.00369	0.00157	0.00522	0.00313	0.00319	0.00646
25	0.01782	0.00808	0.01069	0.00887	0.01194	0.00723	0.00711	0.03131	0.03135	0.45208	0.22847	0.06157	0.05902	0.00911	0.00600	0.00178	0.00401	0.02943	0.00640	0.00771
26	0.01436	0.01177	0.01254	0.01120	0.01439	0.01348	0.00873	0.02930	0.72118	0.06314	0.02250	0.02057	0.01674	0.00748	0.00563	0.00187	0.00440	0.00622	0.00570	0.00880
27	0.09787	0.01581	0.01577	0.01234	0.01657	0.06890	0.01012	0.63393	0.02378	0.03251	0.01245	0.01267	0.00894	0.00644	0.00531	0.00165	0.00619	0.00470	0.00516	0.00890
28	0.04991	0.00973	0.01165	0.00987	0.01266	0.01037	0.00788	0.22802	0.04040	0.08494	0.01428	0.01721	0.01157	0.02019	0.30085	0.04378	0.00881	0.00518	0.02452	0.08815
29	0.00892	0.00637	0.00892	0.01020	0.01147	0.00637	0.00892	0.01147	0.01275	0.01657	0.02932	0.06247	0.03187	0.01530	0.00765	0.00255	0.00510	0.73354	0.00510	0.00510
30	0.00805	0.00540	0.00619	0.00619	0.00624	0.00545	0.00354	0.00815	0.00810	0.01085	0.01732	0.03551	0.01982	0.76661	0.06650	0.00555	0.00585	0.00795	0.00334	0.00344
31	0.02296	0.00910	0.01225	0.00953	0.01357	0.00785	0.00779	0.02508	0.01528	0.68158	0.02155	0.05233	0.01446	0.00717	0.00551	0.00168	0.00455	0.00589	0.03493	0.04694
32	0.00744	0.00539	0.00702	0.00716	0.00817	0.00497	0.00516	0.00947	0.01393	0.01933	0.50323	0.28686	0.07443	0.01337	0.00671	0.00191	0.00281	0.01193	0.00575	0.00497
