[name]
unknown

[dist]
# distance from previous block
# <min> <max>
0	118

[block]
# block no. 0 follows, 38 sequences, length 96
# corresponding to MSA columns:
# 139-172,175-179,181-196,203-219,221-244
name=unknown_A
#
# <colnr> <probs for GDERKNQSTAVLIFYWHMCP>
#	G	D	E	R	K	N	Q	S	T	A	V	L	I	F	Y	W	H	M	C	P
0	0.19399	0.04943	0.04935	0.01240	0.05908	0.03265	0.00995	0.15521	0.03064	0.09955	0.05651	0.02217	0.01531	0.00780	0.00558	0.00183	0.00567	0.09522	0.00480	0.09285
1	0.07229	0.01213	0.04454	0.18431	0.03818	0.01189	0.07689	0.09415	0.05087	0.18912	0.03527	0.02256	0.08472	0.00769	0.00610	0.00192	0.00627	0.02448	0.00486	0.03174
2	0.03894	0.11399	0.26010	0.01263	0.01872	0.01278	0.04025	0.03990	0.03742	0.03432	0.02791	0.04330	0.01096	0.00601	0.00519	0.00151	0.00640	0.00483	0.00347	0.28135
3	0.01135	0.00977	0.03529	0.04670	0.01361	0.00949	0.00809	0.05071	0.20738	0.02195	0.17450	0.05130	0.16730	0.01059	0.00643	0.00193	0.00431	0.05298	0.05671	0.05961
4	0.00762	0.00545	0.00730	0.00862	0.00912	0.00513	0.00601	0.00893	0.01200	0.01601	0.06457	0.67865	0.04001	0.01833	0.00772	0.00245	0.00367	0.08780	0.00563	0.00499
5	0.01038	0.00963	0.01718	0.27830	0.02505	0.01028	0.16797	0.01333	0.01204	0.01594	0.01914	0.27079	0.01984	0.05621	0.04414	0.00273	0.00725	0.00985	0.00379	0.00617
6	0.00875	0.00623	0.00794	0.00747	0.00902	0.00567	0.00562	0.01142	0.01665	0.03877	0.65358	0.04590	0.13534	0.01253	0.00707	0.00191	0.00291	0.01099	0.00652	0.00570
7	0.01489	0.01398	0.02332	0.03457	0.68413	0.01405	0.01755	0.04944	0.01424	0.02026	0.01247	0.05075	0.01097	0.00607	0.00604	0.00182	0.00695	0.00591	0.00323	0.00934
8	0.01339	0.01260	0.02123	0.19720	0.51874	0.01317	0.01671	0.01677	0.01302	0.01815	0.01294	0.06975	0.01170	0.03094	0.00686	0.00201	0.00704	0.00628	0.00311	0.00839
9	0.00819	0.00563	0.00744	0.00862	0.00921	0.00532	0.00590	0.00972	0.02998	0.03827	0.03261	0.72155	0.03834	0.01817	0.00761	0.00242	0.00363	0.03654	0.00565	0.00518
10	0.02021	0.01553	0.01656	0.01330	0.01764	0.01741	0.01079	0.49564	0.26798	0.03362	0.01782	0.01714	0.01297	0.00754	0.00605	0.00188	0.00599	0.00588	0.00605	0.00999
11	0.01619	0.13952	0.29907	0.01411	0.02067	0.01390	0.07202	0.05161	0.01424	0.15676	0.01309	0.01401	0.00943	0.00577	0.00542	0.00165	0.00711	0.00467	0.00382	0.13693
12	0.01755	0.04918	0.07720	0.04511	0.05156	0.26819	0.05650	0.03984	0.09582	0.07275	0.01383	0.05953	0.01160	0.00764	0.00765	0.00190	0.10686	0.00570	0.00383	0.00777
13	0.02699	0.01024	0.01396	0.01070	0.01536	0.00884	0.00884	0.02932	0.01722	0.75522	0.02373	0.02048	0.01489	0.00745	0.00605	0.00186	0.00512	0.00605	0.00745	0.01024
14	0.00961	0.00809	0.00895	0.00894	0.03351	0.00799	0.00649	0.01538	0.19956	0.02003	0.17343	0.05934	0.40058	0.01266	0.00683	0.00201	0.00358	0.01072	0.00583	0.00646
15	0.00807	0.00595	0.00766	0.00862	0.00946	0.00569	0.00617	0.01029	0.04705	0.01714	0.11259	0.53959	0.08666	0.01714	0.00757	0.00237	0.00368	0.09330	0.00572	0.00528
16	0.01247	0.01069	0.01247	0.00891	0.01426	0.00802	0.00713	0.01515	0.01247	0.01960	0.01069	0.01247	0.00891	0.00446	0.00446	0.00089	0.00446	0.00356	0.00356	0.82536
17	0.01531	0.01139	0.01346	0.01271	0.06692	0.01217	0.00930	0.18402	0.22712	0.07010	0.23657	0.02807	0.02753	0.00917	0.00640	0.00192	0.00479	0.02959	0.02510	0.00837
18	0.01228	0.01106	0.01873	0.67473	0.09210	0.01330	0.03179	0.01622	0.01240	0.04431	0.01127	0.01613	0.00842	0.00600	0.00603	0.00198	0.00789	0.00541	0.00289	0.00706
19	0.79129	0.01176	0.00960	0.00933	0.04768	0.01353	0.00710	0.01772	0.01041	0.02663	0.00852	0.01002	0.00666	0.00557	0.00383	0.00186	0.00478	0.00336	0.00369	0.00666
20	0.02287	0.01685	0.01805	0.01384	0.01866	0.01866	0.01143	0.73100	0.02828	0.03791	0.01444	0.01444	0.01023	0.00722	0.00602	0.00181	0.00662	0.00542	0.00602	0.01023
21	0.01861	0.04707	0.15562	0.01324	0.01864	0.06213	0.04542	0.14331	0.03078	0.20197	0.01507	0.01611	0.01093	0.00651	0.00594	0.00168	0.02246	0.01938	0.00472	0.16040
22	0.00862	0.03148	0.04162	0.00904	0.00986	0.00679	0.00673	0.00954	0.01075	0.01452	0.02564	0.50429	0.02987	0.08525	0.04764	0.09284	0.04301	0.01300	0.00461	0.00490
23	0.02615	0.01158	0.01479	0.01134	0.01603	0.01084	0.00937	0.17225	0.01947	0.60910	0.02184	0.01925	0.01394	0.00740	0.00604	0.00185	0.00542	0.00592	0.00715	0.01024
24	0.02699	0.01024	0.01396	0.01070	0.01536	0.00884	0.00884	0.02932	0.01722	0.75522	0.02373	0.02048	0.01489	0.00745	0.00605	0.00186	0.00512	0.00605	0.00745	0.01024
25	0.83108	0.01163	0.00884	0.00791	0.01163	0.01350	0.00651	0.01768	0.01024	0.02699	0.00838	0.00977	0.00651	0.00558	0.00372	0.00186	0.00465	0.00326	0.00372	0.00651
26	0.00834	0.00578	0.00750	0.00793	0.00830	0.00594	0.00525	0.00910	0.00979	0.01332	0.02228	0.26104	0.02523	0.34449	0.20588	0.03306	0.00766	0.01059	0.00409	0.00442
27	0.01608	0.79220	0.03152	0.01029	0.01544	0.02380	0.01029	0.01801	0.01222	0.01415	0.00836	0.00965	0.00772	0.00515	0.00386	0.00129	0.00643	0.00322	0.00257	0.00772
28	0.00733	0.00524	0.00698	0.00838	0.00873	0.00489	0.00558	0.00838	0.01152	0.01536	0.03316	0.78466	0.03979	0.01885	0.00768	0.00244	0.00349	0.01710	0.00558	0.00489
29	0.02271	0.01288	0.01508	0.01178	0.01601	0.01327	0.00961	0.36667	0.02166	0.31170	0.01851	0.01866	0.01299	0.04599	0.04061	0.00235	0.00628	0.00587	0.03781	0.00953
30	0.02447	0.01428	0.01646	0.01262	0.01737	0.01484	0.01042	0.45783	0.02398	0.31716	0.01806	0.01679	0.01204	0.00731	0.00603	0.00183	0.00604	0.00566	0.00657	0.01023
31	0.02651	0.01100	0.01444	0.01107	0.01574	0.00998	0.00914	0.11066	0.01850	0.67207	0.02266	0.01978	0.01435	0.00742	0.00605	0.00185	0.00529	0.00598	0.00728	0.01024
32	0.01124	0.01210	0.14581	0.06345	0.04062	0.00997	0.01136	0.01439	0.01128	0.06569	0.01647	0.02119	0.04086	0.02619	0.38404	0.00580	0.06528	0.00607	0.04156	0.00664
33	0.01596	0.43604	0.19148	0.01309	0.04108	0.07531	0.01311	0.04126	0.01343	0.04129	0.00993	0.01129	0.00815	0.00546	0.00464	0.00147	0.00717	0.00380	0.00296	0.06308
34	0.03879	0.00945	0.01227	0.01111	0.04907	0.00905	0.02887	0.02227	0.10976	0.31685	0.07222	0.02740	0.08094	0.00866	0.00598	0.00187	0.00461	0.04026	0.14235	0.00822
35	0.01057	0.00833	0.00963	0.00888	0.01101	0.00854	0.00678	0.04396	0.20843	0.02378	0.42877	0.05427	0.13023	0.01150	0.00681	0.00196	0.00353	0.00994	0.00632	0.00678
36	0.00740	0.00611	0.00650	0.00640	0.00830	0.00520	0.00480	0.00920	0.01440	0.01788	0.20302	0.05521	0.60552	0.01463	0.00711	0.00200	0.00300	0.01232	0.00580	0.00520
37	0.01265	0.01096	0.01336	0.01098	0.06870	0.00848	0.00797	0.01539	0.01256	0.01961	0.01074	0.01265	0.00896	0.00452	0.00457	0.00096	0.00465	0.00370	0.00352	0.76508
38	0.02613	0.01074	0.01421	0.01087	0.01556	0.00953	0.00897	0.08053	0.01785	0.67417	0.02255	0.01972	0.01432	0.00731	0.00599	0.00182	0.00520	0.00591	0.00719	0.04143
39	0.28739	0.01352	0.01589	0.10544	0.06362	0.07121	0.05250	0.03935	0.01216	0.05291	0.01077	0.01494	0.00901	0.00738	0.00864	0.00208	0.19094	0.03164	0.00351	0.00710
40	0.72477	0.01199	0.01072	0.04665	0.01417	0.01377	0.03511	0.04794	0.01125	0.02658	0.00889	0.01053	0.00685	0.00566	0.00406	0.00187	0.00511	0.00360	0.00374	0.00674
41	0.01462	0.01439	0.02302	0.15829	0.52605	0.04918	0.05249	0.01890	0.04901	0.01895	0.01180	0.01533	0.00960	0.00563	0.00601	0.00184	0.00750	0.00544	0.00309	0.00886
42	0.42687	0.01073	0.01112	0.00916	0.01319	0.01101	0.00753	0.02264	0.01373	0.35661	0.05138	0.01633	0.01276	0.00675	0.00494	0.00186	0.00478	0.00489	0.00555	0.00816
43	0.00736	0.00546	0.00687	0.00787	0.00862	0.00497	0.00539	0.00861	0.01230	0.01608	0.08346	0.59340	0.18221	0.01772	0.00753	0.00233	0.00336	0.01583	0.00565	0.00497
44	0.00841	0.00614	0.00789	0.00746	0.00892	0.00563	0.00559	0.01114	0.01678	0.02352	0.69545	0.04593	0.10957	0.01252	0.00710	0.00190	0.00285	0.01102	0.00654	0.00563
45	0.01445	0.01388	0.02311	0.03162	0.58022	0.01387	0.04989	0.01784	0.01327	0.01928	0.01105	0.01455	0.00933	0.00559	0.00676	0.00175	0.05873	0.00522	0.00303	0.10659
46	0.01496	0.01292	0.01360	0.01224	0.01564	0.01496	0.00952	0.03197	0.74019	0.02516	0.02448	0.02244	0.01836	0.00816	0.00612	0.00204	0.00476	0.00680	0.00612	0.00952
47	0.05581	0.75415	0.03042	0.01018	0.01525	0.02330	0.01011	0.01800	0.01213	0.01478	0.00836	0.00966	0.00766	0.00517	0.00385	0.00131	0.00635	0.00322	0.00263	0.00766
48	0.00729	0.00538	0.00683	0.00799	0.00862	0.00492	0.00541	0.00842	0.01189	0.01551	0.03791	0.66041	0.16097	0.01823	0.00758	0.00237	0.00341	0.01635	0.00558	0.00492
49	0.02170	0.01195	0.01429	0.01124	0.01533	0.01195	0.00917	0.29398	0.02132	0.33516	0.14449	0.02341	0.04144	0.00841	0.00625	0.00185	0.00524	0.00682	0.00671	0.00931
50	0.00758	0.00614	0.00674	0.00668	0.00853	0.00531	0.00507	0.00948	0.01455	0.01830	0.23171	0.05509	0.54382	0.01456	0.00716	0.00203	0.00310	0.04304	0.00584	0.00525
51	0.02556	0.01031	0.01464	0.01120	0.01577	0.00898	0.04049	0.02804	0.01708	0.68866	0.05698	0.02143	0.01659	0.00757	0.00614	0.00187	0.00523	0.00632	0.00721	0.00993
52	0.00886	0.00622	0.00690	0.00669	0.00840	0.00574	0.00503	0.01166	0.03881	0.02077	0.28680	0.04360	0.30679	0.01198	0.00636	0.00183	0.00297	0.01015	0.20488	0.00556
53	0.01247	0.01069	0.01247	0.00891	0.01426	0.00802	0.00713	0.01515	0.01247	0.01960	0.01069	0.01247	0.00891	0.00446	0.00446	0.00089	0.00446	0.00356	0.00356	0.82536
54	0.01693	0.15030	0.12910	0.01305	0.05162	0.01391	0.01160	0.12109	0.01542	0.15483	0.01485	0.07373	0.01216	0.00717	0.00615	0.00167	0.04497	0.00557	0.00438	0.15149
55	0.61890	0.07615	0.01166	0.00906	0.01271	0.11817	0.00743	0.01843	0.01144	0.02407	0.00898	0.01045	0.00716	0.00570	0.00399	0.00175	0.00558	0.00344	0.03831	0.00664
56	0.01296	0.00901	0.00933	0.00869	0.01103	0.00996	0.00668	0.02237	0.35120	0.02370	0.02189	0.02244	0.01679	0.00755	0.00510	0.00170	0.00371	0.00616	0.44231	0.00743
57	0.00859	0.00645	0.00967	0.00967	0.01074	0.00752	0.00752	0.01074	0.00967	0.01396	0.01611	0.02363	0.01504	0.04512	0.76474	0.00967	0.01611	0.00645	0.00322	0.00537
58	0.18499	0.01051	0.01295	0.01015	0.01463	0.00976	0.00838	0.02703	0.01585	0.61213	0.02072	0.01837	0.01325	0.00708	0.00559	0.00186	0.00503	0.00550	0.00671	0.00951
59	0.01136	0.01069	0.01804	0.77412	0.04143	0.01337	0.01671	0.01537	0.01203	0.01537	0.01069	0.01604	0.00802	0.00601	0.00601	0.00200	0.00802	0.00535	0.00267	0.00668
60	0.00811	0.00613	0.00748	0.00714	0.00874	0.00550	0.00536	0.01057	0.01607	0.02185	0.54988	0.04867	0.25618	0.01314	0.00710	0.00193	0.00290	0.01140	0.00632	0.00550
61	0.02699	0.01024	0.01396	0.01070	0.01536	0.00884	0.00884	0.02932	0.01722	0.75522	0.02373	0.02048	0.01489	0.00745	0.00605	0.00186	0.00512	0.00605	0.00745	0.01024
62	0.01247	0.01069	0.01247	0.00891	0.01426	0.00802	0.00713	0.01515	0.01247	0.01960	0.01069	0.01247	0.00891	0.00446	0.00446	0.00089	0.00446	0.00356	0.00356	0.82536
63	0.01136	0.01069	0.01804	0.77412	0.04143	0.01337	0.01671	0.01537	0.01203	0.01537	0.01069	0.01604	0.00802	0.00601	0.00601	0.00200	0.00802	0.00535	0.00267	0.00668
64	0.02287	0.01685	0.01805	0.01384	0.01866	0.01866	0.01143	0.73100	0.02828	0.03791	0.01444	0.01444	0.01023	0.00722	0.00602	0.00181	0.00662	0.00542	0.00602	0.01023
65	0.83108	0.01163	0.00884	0.00791	0.01163	0.01350	0.00651	0.01768	0.01024	0.02699	0.00838	0.00977	0.00651	0.00558	0.00372	0.00186	0.00465	0.00326	0.00372	0.00651
66	0.00733	0.00524	0.00698	0.00838	0.00873	0.00489	0.00558	0.00838	0.01152	0.01536	0.03316	0.78466	0.03979	0.01885	0.00768	0.00244	0.00349	0.01710	0.00558	0.00489
67	0.02629	0.01137	0.01466	0.01124	0.01592	0.01052	0.00928	0.14927	0.01911	0.63260	0.02214	0.01944	0.01409	0.00741	0.00604	0.00185	0.00538	0.00594	0.00720	0.01024
68	0.00942	0.00574	0.00786	0.00815	0.00892	0.00546	0.00571	0.00994	0.01186	0.05077	0.17009	0.32154	0.05976	0.01871	0.04878	0.23179	0.00452	0.01133	0.00494	0.00470
69	0.01448	0.01389	0.02341	0.05756	0.67365	0.01419	0.01776	0.01790	0.01344	0.01918	0.01257	0.01609	0.03076	0.00591	0.00663	0.00184	0.04297	0.00557	0.00303	0.00918
70	0.01641	0.01742	0.02131	0.02725	0.42274	0.19940	0.03003	0.03408	0.01415	0.01796	0.01076	0.01415	0.00918	0.00811	0.04437	0.00221	0.09398	0.00507	0.00305	0.00836
71	0.09869	0.00995	0.01217	0.01171	0.04605	0.01167	0.00853	0.08665	0.01184	0.01779	0.01566	0.02908	0.01636	0.30530	0.01883	0.00366	0.20098	0.08538	0.00382	0.00586
72	0.00721	0.00595	0.00633	0.00654	0.00826	0.00507	0.00479	0.00871	0.01349	0.01645	0.08663	0.17850	0.59989	0.01571	0.00720	0.00209	0.00311	0.01335	0.00563	0.00507
73	0.01608	0.79220	0.03152	0.01029	0.01544	0.02380	0.01029	0.01801	0.01222	0.01415	0.00836	0.00965	0.00772	0.00515	0.00386	0.00129	0.00643	0.00322	0.00257	0.00772
74	0.01062	0.00816	0.00957	0.00886	0.01087	0.00847	0.00675	0.01772	0.23449	0.02434	0.48626	0.03681	0.04271	0.01073	0.00663	0.00191	0.00341	0.00933	0.05554	0.00683
75	0.83108	0.01163	0.00884	0.00791	0.01163	0.01350	0.00651	0.01768	0.01024	0.02699	0.00838	0.00977	0.00651	0.00558	0.00372	0.00186	0.00465	0.00326	0.00372	0.00651
76	0.06447	0.01030	0.01372	0.01057	0.01518	0.00906	0.00873	0.02878	0.01689	0.72128	0.02302	0.01998	0.01450	0.00736	0.00594	0.00186	0.00510	0.00592	0.00727	0.01006
77	0.83108	0.01163	0.00884	0.00791	0.01163	0.01350	0.00651	0.01768	0.01024	0.02699	0.00838	0.00977	0.00651	0.00558	0.00372	0.00186	0.00465	0.00326	0.00372	0.00651
78	0.00851	0.00615	0.00804	0.00757	0.00899	0.00568	0.00568	0.01135	0.01703	0.02412	0.74788	0.04494	0.05676	0.01230	0.00710	0.00189	0.00284	0.01088	0.00662	0.00568
79	0.00764	0.00611	0.00683	0.00665	0.00845	0.00530	0.00499	0.00966	0.01496	0.01922	0.32002	0.05301	0.48768	0.01413	0.00710	0.00198	0.00297	0.01201	0.00598	0.00530
80	0.01608	0.79220	0.03152	0.01029	0.01544	0.02380	0.01029	0.01801	0.01222	0.01415	0.00836	0.00965	0.00772	0.00515	0.00386	0.00129	0.00643	0.00322	0.00257	0.00772
81	0.02109	0.01359	0.15214	0.04526	0.01768	0.00972	0.01135	0.02436	0.01524	0.48270	0.01985	0.01921	0.01327	0.01048	0.07521	0.00257	0.00685	0.00573	0.04453	0.00917
82	0.01608	0.79220	0.03152	0.01029	0.01544	0.02380	0.01029	0.01801	0.01222	0.01415	0.00836	0.00965	0.00772	0.00515	0.00386	0.00129	0.00643	0.00322	0.00257	0.00772
83	0.00859	0.00645	0.00967	0.00967	0.01074	0.00752	0.00752	0.01074	0.00967	0.01396	0.01611	0.02363	0.01504	0.04512	0.76474	0.00967	0.01611	0.00645	0.00322	0.00537
84	0.01136	0.01069	0.01804	0.77412	0.04143	0.01337	0.01671	0.01537	0.01203	0.01537	0.01069	0.01604	0.00802	0.00601	0.00601	0.00200	0.00802	0.00535	0.00267	0.00668
85	0.83108	0.01163	0.00884	0.00791	0.01163	0.01350	0.00651	0.01768	0.01024	0.02699	0.00838	0.00977	0.00651	0.00558	0.00372	0.00186	0.00465	0.00326	0.00372	0.00651
86	0.01892	0.02332	0.05175	0.01357	0.01764	0.49763	0.01077	0.02108	0.01544	0.01642	0.00980	0.01143	0.00810	0.00564	0.00514	0.00137	0.00881	0.00381	0.00321	0.25615
87	0.00842	0.00608	0.00796	0.00763	0.00897	0.00562	0.00567	0.01113	0.01661	0.02346	0.69337	0.10136	0.05547	0.01280	0.00714	0.00193	0.00289	0.01135	0.00654	0.00562
88	0.80640	0.01179	0.00912	0.00809	0.01185	0.01365	0.00667	0.03947	0.01079	0.02732	0.00856	0.00992	0.00663	0.00563	0.00379	0.00186	0.00471	0.00332	0.00379	0.00663
89	0.00845	0.00615	0.00795	0.00750	0.00895	0.00565	0.00562	0.01122	0.01687	0.02375	0.71534	0.04555	0.08954	0.01244	0.00710	0.00190	0.00285	0.01097	0.00657	0.00565
90	0.00791	0.00609	0.00723	0.00702	0.00864	0.00541	0.00523	0.01015	0.01548	0.02064	0.44573	0.08149	0.32977	0.01374	0.00713	0.00197	0.00295	0.01186	0.00617	0.00541
91	0.00742	0.00535	0.00706	0.00840	0.00887	0.00499	0.00572	0.00857	0.01172	0.01551	0.03429	0.72160	0.06999	0.01859	0.00768	0.00244	0.00356	0.04773	0.00558	0.00492
92	0.00875	0.00583	0.00656	0.00656	0.00656	0.00583	0.00365	0.00875	0.00875	0.01166	0.01895	0.03937	0.02187	0.78858	0.03062	0.00583	0.00583	0.00875	0.00365	0.00365
93	0.02247	0.02867	0.01705	0.01550	0.01860	0.76443	0.01162	0.02402	0.01705	0.01472	0.00930	0.01085	0.00775	0.00620	0.00542	0.00155	0.01085	0.00387	0.00310	0.00697
94	0.01170	0.01076	0.01476	0.01309	0.01312	0.01433	0.01039	0.01259	0.00929	0.01388	0.01239	0.08988	0.01355	0.15585	0.02078	0.03493	0.53290	0.00701	0.00309	0.00573
95	0.30779	0.04254	0.01400	0.01060	0.01500	0.01385	0.00882	0.22533	0.01774	0.26610	0.01510	0.01458	0.01034	0.00664	0.00514	0.00182	0.00543	0.00478	0.00554	0.00883

[dist]
# distance from previous block
# <min> <max>
0	1

[block]
# block no. 1 follows, 38 sequences, length 22
# corresponding to MSA columns:
# 246-267
name=unknown_B
#
# <colnr> <probs for GDERKNQSTAVLIFYWHMCP>
#	G	D	E	R	K	N	Q	S	T	A	V	L	I	F	Y	W	H	M	C	P
0	0.01744	0.13049	0.10138	0.01630	0.08351	0.13292	0.07796	0.09127	0.16791	0.07344	0.01452	0.01524	0.01103	0.00636	0.00565	0.00174	0.00730	0.00517	0.00419	0.03618
1	0.01272	0.06294	0.59407	0.01687	0.05346	0.04174	0.01971	0.01944	0.04930	0.01924	0.04682	0.01462	0.01061	0.00613	0.00572	0.00187	0.00828	0.00483	0.00295	0.00867
2	0.01678	0.70154	0.02955	0.01054	0.01554	0.04505	0.01023	0.01927	0.03945	0.05147	0.00975	0.01070	0.00847	0.00540	0.00410	0.00135	0.00644	0.00351	0.00296	0.00789
3	0.00867	0.00580	0.00659	0.00666	0.00668	0.00578	0.00376	0.00873	0.00891	0.01187	0.01976	0.08180	0.02289	0.74476	0.02931	0.00564	0.00570	0.00922	0.00376	0.00372
4	0.04618	0.05559	0.20155	0.01454	0.05010	0.03898	0.05889	0.05145	0.01395	0.06094	0.11493	0.01963	0.04276	0.00777	0.00797	0.00190	0.12584	0.00596	0.02416	0.05691
5	0.00835	0.00614	0.00781	0.00739	0.00888	0.00561	0.00554	0.01103	0.01663	0.02319	0.66632	0.04647	0.13891	0.01265	0.00710	0.00191	0.00286	0.01110	0.00650	0.00561
6	0.01525	0.01505	0.06866	0.05053	0.49470	0.01405	0.08810	0.07625	0.01484	0.04608	0.01309	0.05214	0.01103	0.00624	0.00615	0.00186	0.00729	0.00607	0.00348	0.00913
7	0.01435	0.01164	0.04680	0.29096	0.14316	0.01177	0.01353	0.01765	0.01353	0.13949	0.08181	0.02002	0.03876	0.00722	0.00699	0.00189	0.06093	0.00604	0.00403	0.06944
8	0.83108	0.01163	0.00884	0.00791	0.01163	0.01350	0.00651	0.01768	0.01024	0.02699	0.00838	0.00977	0.00651	0.00558	0.00372	0.00186	0.00465	0.00326	0.00372	0.00651
9	0.01608	0.79220	0.03152	0.01029	0.01544	0.02380	0.01029	0.01801	0.01222	0.01415	0.00836	0.00965	0.00772	0.00515	0.00386	0.00129	0.00643	0.00322	0.00257	0.00772
10	0.01136	0.01069	0.01804	0.77412	0.04143	0.01337	0.01671	0.01537	0.01203	0.01537	0.01069	0.01604	0.00802	0.00601	0.00601	0.00200	0.00802	0.00535	0.00267	0.00668
11	0.00770	0.00612	0.00691	0.00671	0.00849	0.00533	0.00503	0.00977	0.01510	0.01955	0.34852	0.05247	0.45898	0.01401	0.00710	0.00197	0.00296	0.01194	0.00602	0.00533
12	0.02699	0.01024	0.01396	0.01070	0.01536	0.00884	0.00884	0.02932	0.01722	0.75522	0.02373	0.02048	0.01489	0.00745	0.00605	0.00186	0.00512	0.00605	0.00745	0.01024
13	0.01420	0.01623	0.03550	0.02535	0.03144	0.01521	0.72921	0.01927	0.01420	0.01927	0.01217	0.01623	0.00913	0.00507	0.00710	0.00203	0.01014	0.00710	0.00304	0.00811
14	0.00749	0.00534	0.00709	0.00844	0.00883	0.00501	0.00571	0.00858	0.01153	0.01536	0.03262	0.72566	0.03894	0.04475	0.00848	0.00257	0.00367	0.04953	0.00552	0.00488
15	0.00732	0.00610	0.00638	0.00631	0.00825	0.00517	0.00473	0.00903	0.01420	0.01741	0.16222	0.05598	0.64662	0.01480	0.00711	0.00201	0.00302	0.01243	0.00574	0.00517
16	0.00732	0.00527	0.00694	0.00828	0.00870	0.00489	0.00554	0.00839	0.01161	0.01539	0.03431	0.75442	0.06928	0.01870	0.00765	0.00243	0.00347	0.01692	0.00558	0.00489
17	0.01207	0.03112	0.75741	0.01715	0.02604	0.01397	0.02223	0.01905	0.01270	0.01905	0.01080	0.01270	0.00762	0.00572	0.00572	0.00191	0.00889	0.00445	0.00254	0.00889
18	0.01347	0.01315	0.02327	0.31593	0.39830	0.01405	0.09968	0.01738	0.01312	0.01798	0.01118	0.01548	0.00891	0.00558	0.00611	0.00190	0.00782	0.00556	0.00287	0.00828
19	0.00730	0.00610	0.00635	0.00629	0.00824	0.00516	0.00472	0.00899	0.01415	0.01730	0.15226	0.05617	0.65665	0.01484	0.00711	0.00201	0.00302	0.01245	0.00572	0.00516
20	0.01573	0.01596	0.20163	0.01214	0.01667	0.01199	0.01191	0.19464	0.01788	0.11930	0.16247	0.02334	0.05294	0.00838	0.00673	0.00187	0.04292	0.00667	0.06862	0.00822
21	0.01206	0.00822	0.01075	0.01063	0.01251	0.00870	0.00860	0.08546	0.06490	0.07548	0.02457	0.14035	0.02454	0.02301	0.22836	0.00452	0.00837	0.23740	0.00510	0.00651

[dist]
# distance from previous block
# <min> <max>
4	7

[block]
# block no. 2 follows, 38 sequences, length 31
# corresponding to MSA columns:
# 289-291,293-320
name=unknown_C
#
# <colnr> <probs for GDERKNQSTAVLIFYWHMCP>
#	G	D	E	R	K	N	Q	S	T	A	V	L	I	F	Y	W	H	M	C	P
0	0.01190	0.02744	0.62541	0.01729	0.04447	0.01326	0.06183	0.01825	0.01307	0.01931	0.05993	0.03640	0.01188	0.00646	0.00595	0.00192	0.00837	0.00540	0.00293	0.00854
1	0.06558	0.00653	0.00802	0.00753	0.00914	0.00620	0.00569	0.01168	0.01642	0.02401	0.66894	0.04301	0.08106	0.01195	0.00686	0.00190	0.00297	0.01042	0.00638	0.00571
2	0.07194	0.32372	0.25899	0.01309	0.01913	0.01760	0.03835	0.02076	0.09757	0.06854	0.01220	0.01309	0.00938	0.00586	0.00497	0.00168	0.00694	0.00436	0.00340	0.00841
3	0.01374	0.19919	0.54274	0.01538	0.02315	0.01649	0.01880	0.07023	0.01372	0.01933	0.01052	0.01215	0.00783	0.00570	0.00532	0.00176	0.00818	0.00424	0.00280	0.00873
4	0.00733	0.00557	0.00678	0.00771	0.00865	0.00502	0.00538	0.00859	0.01231	0.01574	0.04223	0.52302	0.27225	0.01759	0.00751	0.00232	0.00341	0.03803	0.00558	0.00497
5	0.01580	0.19994	0.26467	0.01341	0.01957	0.01676	0.01408	0.18221	0.08879	0.02290	0.01242	0.01334	0.00945	0.00603	0.00526	0.00164	0.00690	0.00452	0.00381	0.09848
6	0.01394	0.21318	0.47771	0.01636	0.04673	0.01621	0.06429	0.01926	0.01292	0.05101	0.01089	0.01261	0.00813	0.00560	0.00538	0.00176	0.00815	0.00442	0.00282	0.00864
7	0.01575	0.01331	0.01404	0.01240	0.01594	0.01533	0.00971	0.10114	0.66975	0.02643	0.02349	0.02165	0.01756	0.00807	0.00611	0.00202	0.00494	0.00666	0.00611	0.00959
8	0.03989	0.10258	0.22296	0.01391	0.06852	0.01256	0.01299	0.03980	0.05277	0.23625	0.11994	0.01985	0.01748	0.00723	0.00579	0.00182	0.00614	0.00587	0.00490	0.00874
9	0.01136	0.01069	0.01804	0.77412	0.04143	0.01337	0.01671	0.01537	0.01203	0.01537	0.01069	0.01604	0.00802	0.00601	0.00601	0.00200	0.00802	0.00535	0.00267	0.00668
10	0.83108	0.01163	0.00884	0.00791	0.01163	0.01350	0.00651	0.01768	0.01024	0.02699	0.00838	0.00977	0.00651	0.00558	0.00372	0.00186	0.00465	0.00326	0.00372	0.00651
11	0.02101	0.07405	0.18403	0.01360	0.01933	0.01305	0.06235	0.11929	0.04072	0.36462	0.01768	0.01690	0.01182	0.00672	0.00588	0.00184	0.00660	0.00549	0.00545	0.00958
12	0.73111	0.01240	0.00994	0.04119	0.01347	0.03827	0.00735	0.05179	0.01140	0.02661	0.00879	0.01030	0.00680	0.00570	0.00399	0.00185	0.00509	0.00347	0.00377	0.00671
13	0.79979	0.01158	0.00904	0.00802	0.01178	0.01331	0.00661	0.01814	0.01051	0.05532	0.00897	0.01019	0.00684	0.00566	0.00381	0.00186	0.00467	0.00337	0.00387	0.00666
14	0.00875	0.00583	0.00656	0.00656	0.00656	0.00583	0.00365	0.00875	0.00875	0.01166	0.01895	0.03937	0.02187	0.78858	0.03062	0.00583	0.00583	0.00875	0.00365	0.00365
15	0.83108	0.01163	0.00884	0.00791	0.01163	0.01350	0.00651	0.01768	0.01024	0.02699	0.00838	0.00977	0.00651	0.00558	0.00372	0.00186	0.00465	0.00326	0.00372	0.00651
16	0.02287	0.01685	0.01805	0.01384	0.01866	0.01866	0.01143	0.73100	0.02828	0.03791	0.01444	0.01444	0.01023	0.00722	0.00602	0.00181	0.00662	0.00542	0.00602	0.01023
17	0.01496	0.01292	0.01360	0.01224	0.01564	0.01496	0.00952	0.03197	0.74019	0.02516	0.02448	0.02244	0.01836	0.00816	0.00612	0.00204	0.00476	0.00680	0.00612	0.00952
18	0.83108	0.01163	0.00884	0.00791	0.01163	0.01350	0.00651	0.01768	0.01024	0.02699	0.00838	0.00977	0.00651	0.00558	0.00372	0.00186	0.00465	0.00326	0.00372	0.00651
19	0.04572	0.00674	0.00869	0.00878	0.04078	0.00637	0.00621	0.01183	0.01644	0.02373	0.65417	0.04262	0.08166	0.01182	0.00690	0.00189	0.00311	0.01038	0.00629	0.00585
20	0.01977	0.12238	0.10565	0.06697	0.06711	0.04403	0.01235	0.21032	0.01797	0.21471	0.01514	0.01628	0.01102	0.04172	0.00677	0.00194	0.00673	0.00525	0.00486	0.00902
21	0.03620	0.06081	0.01850	0.01966	0.23979	0.04987	0.06368	0.03940	0.01407	0.08161	0.08250	0.12063	0.05780	0.00901	0.00750	0.00196	0.07736	0.00770	0.00423	0.00772
22	0.05532	0.05845	0.12401	0.12317	0.07044	0.01200	0.07844	0.01718	0.04430	0.03529	0.01420	0.04796	0.03572	0.00628	0.00547	0.00161	0.00637	0.00544	0.00351	0.25483
23	0.07061	0.01175	0.08028	0.06065	0.04033	0.04134	0.00925	0.04819	0.01404	0.13650	0.07498	0.12448	0.10378	0.07703	0.00822	0.00221	0.00540	0.00809	0.00484	0.07803
24	0.01769	0.01442	0.08028	0.01946	0.20918	0.03244	0.06264	0.07542	0.10121	0.19967	0.01784	0.05846	0.01403	0.00739	0.00615	0.00189	0.00644	0.02859	0.00487	0.04193
25	0.03626	0.01242	0.08926	0.08856	0.19365	0.01065	0.04950	0.01714	0.02673	0.09666	0.12385	0.07389	0.01937	0.00945	0.03963	0.00218	0.00638	0.00698	0.03922	0.05823
26	0.01669	0.11332	0.12800	0.02010	0.24926	0.01448	0.01407	0.12629	0.03552	0.10963	0.03010	0.03674	0.01192	0.00715	0.00646	0.03648	0.00658	0.00549	0.00409	0.02763
27	0.01537	0.05182	0.11761	0.14542	0.05326	0.01460	0.11962	0.11547	0.01497	0.08732	0.03269	0.03260	0.01116	0.00706	0.00792	0.00195	0.11343	0.00577	0.00382	0.04815
28	0.03134	0.01402	0.06731	0.13093	0.10258	0.03939	0.07635	0.08910	0.05518	0.09977	0.04546	0.05917	0.01370	0.00789	0.00816	0.00202	0.12108	0.00639	0.02215	0.00799
29	0.03998	0.01311	0.09708	0.03846	0.11444	0.01142	0.01098	0.08777	0.13723	0.03597	0.15786	0.02489	0.03801	0.05608	0.00754	0.00205	0.00547	0.02030	0.00477	0.09658
30	0.05435	0.10519	0.17286	0.04336	0.04313	0.02868	0.01210	0.06698	0.13152	0.09731	0.05625	0.01997	0.06932	0.00730	0.00563	0.00177	0.00606	0.00581	0.00446	0.06794

[dist]
# distance from previous block
# <min> <max>
2	319

# created by:
# /home/berkeley/.conda/envs/busco_data_prod/bin/msa2prfl.pl pipeline/OGs_align_augustus/33634/156462.fs
