[name]
unknown

[dist]
# distance from previous block
# <min> <max>
0	417

[block]
# block no. 0 follows, 50 sequences, length 13
# corresponding to MSA columns:
# 419-431
name=unknown_A
#
# <colnr> <probs for GDERKNQSTAVLIFYWHMCP>
#	G	D	E	R	K	N	Q	S	T	A	V	L	I	F	Y	W	H	M	C	P
0	0.00783	0.00559	0.00780	0.00894	0.01000	0.00556	0.00767	0.00997	0.01127	0.01469	0.02650	0.13666	0.02914	0.01396	0.00683	0.00227	0.00441	0.68178	0.00459	0.00453
1	0.08332	0.06064	0.54082	0.01345	0.01960	0.01186	0.09360	0.04746	0.01119	0.01704	0.04896	0.01192	0.00854	0.00498	0.00471	0.00156	0.00674	0.00408	0.00253	0.00700
2	0.09093	0.01359	0.01431	0.01105	0.01496	0.01509	0.00913	0.71186	0.02216	0.03064	0.01154	0.01164	0.00821	0.00587	0.00482	0.00150	0.00535	0.00433	0.00482	0.00821
3	0.01242	0.60928	0.23672	0.01008	0.01519	0.01750	0.01122	0.01516	0.01024	0.01283	0.00748	0.00868	0.00637	0.00439	0.00362	0.00121	0.00589	0.00294	0.00212	0.00666
4	0.01306	0.08285	0.04881	0.10018	0.49268	0.07471	0.03547	0.03866	0.01177	0.04158	0.00941	0.01190	0.00763	0.00464	0.00478	0.00146	0.00624	0.00422	0.00261	0.00736
5	0.05147	0.00515	0.00642	0.00635	0.00680	0.00542	0.00425	0.00834	0.02434	0.01118	0.03008	0.02336	0.01416	0.34693	0.16162	0.24430	0.00601	0.00576	0.03472	0.00336
6	0.00615	0.00506	0.00541	0.00532	0.00689	0.00432	0.00399	0.00766	0.01198	0.01493	0.21723	0.04555	0.62406	0.01208	0.00589	0.00166	0.00249	0.01018	0.00482	0.00432
7	0.00940	0.00634	0.00704	0.00656	0.00816	0.00654	0.00500	0.05940	0.13809	0.01971	0.26031	0.05463	0.06227	0.00803	0.00480	0.00145	0.00282	0.00679	0.32728	0.00538
8	0.01028	0.00652	0.00790	0.00700	0.00884	0.00635	0.00542	0.08068	0.05692	0.10684	0.47071	0.03034	0.07589	0.00885	0.00541	0.00153	0.00294	0.00760	0.09438	0.00560
9	0.00869	0.00549	0.00697	0.14394	0.01116	0.00577	0.00560	0.01120	0.01138	0.01797	0.22951	0.02284	0.02121	0.00688	0.00440	0.00136	0.00307	0.00582	0.47193	0.00481
10	0.01057	0.11733	0.62865	0.01426	0.02103	0.01263	0.09685	0.01570	0.01061	0.01533	0.00883	0.01054	0.00645	0.00462	0.00468	0.00153	0.00724	0.00380	0.00215	0.00719
11	0.10295	0.03941	0.07662	0.01319	0.08594	0.08877	0.11329	0.11793	0.09824	0.01882	0.01038	0.01164	0.00805	0.00481	0.00451	0.00135	0.00567	0.00403	0.00324	0.19116
12	0.24330	0.01077	0.01054	0.00969	0.05139	0.08243	0.00725	0.16104	0.07778	0.07906	0.19858	0.01765	0.01753	0.00655	0.00465	0.00153	0.00441	0.00511	0.00434	0.00641

[dist]
# distance from previous block
# <min> <max>
0	5

[block]
# block no. 1 follows, 50 sequences, length 11
# corresponding to MSA columns:
# 437-447
name=unknown_B
#
# <colnr> <probs for GDERKNQSTAVLIFYWHMCP>
#	G	D	E	R	K	N	Q	S	T	A	V	L	I	F	Y	W	H	M	C	P
0	0.01482	0.01497	0.06373	0.01520	0.01939	0.10594	0.30717	0.30212	0.01622	0.02112	0.01154	0.06272	0.00929	0.00572	0.00535	0.00158	0.00697	0.00544	0.00356	0.00714
1	0.00668	0.00494	0.00624	0.00621	0.00729	0.00450	0.00455	0.00858	0.01279	0.01756	0.52721	0.19222	0.15953	0.01163	0.00598	0.00167	0.00248	0.01026	0.00519	0.00450
2	0.01173	0.00796	0.00927	0.00816	0.01031	0.00830	0.00626	0.06593	0.26760	0.12850	0.30462	0.02621	0.02645	0.08746	0.00733	0.00192	0.00358	0.00688	0.00517	0.00636
3	0.00675	0.00541	0.00614	0.00643	0.00784	0.00498	0.00494	0.00898	0.05956	0.01438	0.07799	0.17249	0.45403	0.01281	0.00608	0.00184	0.00301	0.13714	0.00469	0.00450
4	0.00681	0.00509	0.00632	0.00601	0.00729	0.00460	0.00451	0.00893	0.01352	0.01860	0.63309	0.03952	0.20591	0.01071	0.00588	0.00159	0.00239	0.00934	0.00530	0.00460
5	0.01333	0.82783	0.02612	0.00853	0.01279	0.01972	0.00853	0.01493	0.01013	0.01173	0.00693	0.00800	0.00640	0.00426	0.00320	0.00107	0.00533	0.00267	0.00213	0.00640
6	0.00718	0.00529	0.00697	0.00775	0.00868	0.00501	0.00585	0.00897	0.03364	0.01390	0.02553	0.50537	0.02922	0.01390	0.00628	0.00200	0.00350	0.23840	0.00450	0.06808
7	0.01651	0.03614	0.06506	0.06900	0.10895	0.05989	0.08280	0.06073	0.07948	0.32509	0.01483	0.03613	0.01063	0.00578	0.00502	0.00155	0.00554	0.00499	0.00431	0.00757
8	0.01919	0.01443	0.01380	0.01216	0.05875	0.27669	0.04084	0.05602	0.07206	0.36352	0.01436	0.01377	0.00994	0.00568	0.00487	0.00147	0.00614	0.00443	0.00446	0.00742
9	0.65006	0.01169	0.01041	0.00876	0.01201	0.09420	0.07371	0.05869	0.01021	0.02126	0.00758	0.00888	0.00587	0.00472	0.00359	0.00152	0.00488	0.00313	0.00309	0.00573
10	0.13591	0.01731	0.01279	0.07105	0.01551	0.44676	0.00891	0.05357	0.01347	0.16461	0.01016	0.01085	0.00752	0.00529	0.00446	0.00141	0.00703	0.00363	0.00341	0.00635

[dist]
# distance from previous block
# <min> <max>
0	2

[block]
# block no. 2 follows, 50 sequences, length 17
# corresponding to MSA columns:
# 450-466
name=unknown_C
#
# <colnr> <probs for GDERKNQSTAVLIFYWHMCP>
#	G	D	E	R	K	N	Q	S	T	A	V	L	I	F	Y	W	H	M	C	P
0	0.01495	0.01295	0.10586	0.01242	0.01649	0.06487	0.18030	0.06974	0.12117	0.23622	0.01830	0.01807	0.09284	0.00625	0.00524	0.00159	0.00572	0.00556	0.00424	0.00724
1	0.00774	0.00589	0.00728	0.00673	0.00827	0.00561	0.00512	0.01127	0.09531	0.01944	0.61475	0.03485	0.08099	0.00970	0.00570	0.00156	0.00264	0.02372	0.00525	0.04815
2	0.01309	0.05467	0.04557	0.01379	0.04745	0.01308	0.19255	0.13553	0.36818	0.02030	0.01520	0.01616	0.01162	0.00590	0.00518	0.00163	0.00553	0.02297	0.00408	0.00753
3	0.01003	0.00949	0.01607	0.64746	0.19489	0.01124	0.01415	0.01328	0.01026	0.01349	0.00897	0.01309	0.00691	0.00487	0.00497	0.00162	0.00649	0.00443	0.00227	0.00604
4	0.00995	0.00923	0.01555	0.45340	0.23041	0.01036	0.04029	0.01281	0.01043	0.01379	0.01253	0.01755	0.05647	0.00624	0.00573	0.03525	0.00606	0.04544	0.00257	0.00594
5	0.01147	0.00937	0.01088	0.00848	0.04007	0.02973	0.00645	0.01367	0.01075	0.06993	0.00959	0.01083	0.00772	0.00393	0.00385	0.00084	0.00396	0.00316	0.00315	0.74219
6	0.00643	0.00514	0.00585	0.00624	0.00765	0.00456	0.00490	0.00790	0.01120	0.01374	0.04225	0.13187	0.52757	0.01322	0.00618	0.00187	0.00306	0.19149	0.00462	0.00428
7	0.06886	0.01459	0.01701	0.01470	0.08773	0.20637	0.17109	0.13771	0.03986	0.17544	0.01180	0.01257	0.00854	0.00524	0.00494	0.00150	0.00660	0.00450	0.00377	0.00718
8	0.02207	0.00895	0.01186	0.00909	0.01296	0.00802	0.00751	0.08869	0.01505	0.73168	0.01901	0.01654	0.01201	0.00615	0.00501	0.00154	0.00435	0.00497	0.00607	0.00848
9	0.01082	0.22499	0.60703	0.01280	0.01939	0.01360	0.01596	0.01557	0.01043	0.01478	0.00844	0.00990	0.00633	0.00462	0.00435	0.00145	0.00686	0.00343	0.00211	0.00713
10	0.02197	0.00911	0.01196	0.00917	0.01304	0.00826	0.00757	0.11094	0.01532	0.70905	0.01878	0.01639	0.01189	0.00615	0.00501	0.00154	0.00438	0.00495	0.00603	0.00848
11	0.02092	0.00921	0.01182	0.00924	0.01299	0.00861	0.00757	0.08894	0.10373	0.64233	0.01908	0.01673	0.01234	0.00622	0.00502	0.00156	0.00431	0.00504	0.00594	0.00841
12	0.00611	0.00494	0.00543	0.00556	0.00693	0.00426	0.00407	0.00747	0.01148	0.01437	0.16315	0.17781	0.54549	0.01275	0.00597	0.00172	0.00256	0.01090	0.00476	0.00426
13	0.00782	0.00559	0.00779	0.00894	0.01000	0.00556	0.00767	0.00997	0.01127	0.01468	0.02651	0.13726	0.02914	0.01396	0.00683	0.00227	0.00441	0.68120	0.00459	0.00453
14	0.01829	0.02123	0.01434	0.01259	0.01530	0.61367	0.00967	0.16445	0.01558	0.01587	0.00846	0.00966	0.00682	0.00548	0.00519	0.00137	0.04923	0.00351	0.00301	0.00628
15	0.01034	0.00886	0.01034	0.00738	0.01181	0.00664	0.00591	0.01255	0.01034	0.01624	0.00886	0.01034	0.00738	0.00369	0.00369	0.00074	0.00369	0.00295	0.00295	0.85530
16	0.04110	0.09626	0.10133	0.00849	0.01125	0.00916	0.00759	0.10146	0.06994	0.05518	0.30488	0.11533	0.04119	0.00848	0.00522	0.00157	0.00393	0.00717	0.00448	0.00597

[dist]
# distance from previous block
# <min> <max>
0	1

[block]
# block no. 3 follows, 50 sequences, length 8
# corresponding to MSA columns:
# 468-475
name=unknown_D
#
# <colnr> <probs for GDERKNQSTAVLIFYWHMCP>
#	G	D	E	R	K	N	Q	S	T	A	V	L	I	F	Y	W	H	M	C	P
0	0.17312	0.01227	0.01547	0.04086	0.05297	0.01349	0.12408	0.33503	0.11844	0.02405	0.01146	0.01238	0.00851	0.00554	0.00512	0.00158	0.02980	0.00451	0.00397	0.00734
1	0.01266	0.01281	0.01806	0.11469	0.54496	0.11378	0.01365	0.01538	0.01147	0.01535	0.00906	0.01185	0.00752	0.00453	0.00478	0.00142	0.00622	0.00416	0.00249	0.07515
2	0.00700	0.00669	0.07089	0.00629	0.00813	0.00502	0.00532	0.00911	0.01207	0.01644	0.30158	0.07811	0.34579	0.01057	0.00556	0.00160	0.00286	0.00901	0.09329	0.00468
3	0.00611	0.00481	0.00553	0.00588	0.00701	0.00422	0.00421	0.00739	0.01110	0.01410	0.14381	0.31855	0.42292	0.01334	0.00606	0.00179	0.00263	0.01160	0.00475	0.00422
4	0.02236	0.00848	0.01157	0.00887	0.01272	0.00733	0.00733	0.02429	0.01427	0.79719	0.01966	0.01697	0.01234	0.00617	0.00501	0.00154	0.00424	0.00501	0.00617	0.00848
5	0.00618	0.00442	0.00588	0.00687	0.00725	0.00412	0.00463	0.00720	0.01002	0.01348	0.10724	0.73964	0.03444	0.01505	0.00631	0.00198	0.00284	0.01363	0.00472	0.00412
6	0.00941	0.00886	0.01495	0.81285	0.03433	0.01107	0.01384	0.01274	0.00997	0.01274	0.00886	0.01329	0.00664	0.00498	0.00498	0.00166	0.00664	0.00443	0.00221	0.00554
7	0.08918	0.01125	0.01311	0.01137	0.07377	0.04201	0.00858	0.27159	0.01659	0.38912	0.01481	0.01391	0.00992	0.00581	0.00482	0.00151	0.00494	0.00453	0.00510	0.00808

[dist]
# distance from previous block
# <min> <max>
0	4

[block]
# block no. 4 follows, 50 sequences, length 22
# corresponding to MSA columns:
# 480-501
name=unknown_E
#
# <colnr> <probs for GDERKNQSTAVLIFYWHMCP>
#	G	D	E	R	K	N	Q	S	T	A	V	L	I	F	Y	W	H	M	C	P
0	0.45799	0.01235	0.11355	0.01053	0.05759	0.01136	0.05099	0.07253	0.05904	0.09703	0.00996	0.01075	0.00729	0.00499	0.00401	0.00156	0.00484	0.00364	0.00346	0.00655
1	0.08706	0.01327	0.01403	0.01267	0.07204	0.19127	0.10348	0.05142	0.16756	0.03269	0.03209	0.07242	0.01163	0.00602	0.00480	0.00146	0.00571	0.00508	0.00355	0.11174
2	0.01301	0.01158	0.01858	0.03869	0.06676	0.06067	0.30591	0.01820	0.15893	0.11653	0.03565	0.01970	0.04408	0.00624	0.00552	0.00167	0.00618	0.06151	0.00378	0.00684
3	0.00625	0.00459	0.00589	0.00675	0.00736	0.00423	0.00471	0.00740	0.01033	0.01364	0.10296	0.59834	0.13740	0.01459	0.00628	0.00195	0.00289	0.05557	0.00471	0.00416
4	0.01176	0.01345	0.02941	0.02101	0.02605	0.01261	0.77563	0.01597	0.01176	0.01597	0.01008	0.01345	0.00756	0.00420	0.00588	0.00168	0.00840	0.00588	0.00252	0.00672
5	0.00646	0.00515	0.00585	0.00591	0.00740	0.00454	0.00459	0.00813	0.01204	0.01524	0.22656	0.04649	0.50745	0.01219	0.00602	0.00174	0.00276	0.11226	0.00483	0.00438
6	0.00725	0.00483	0.00544	0.00544	0.00544	0.00483	0.00302	0.00725	0.00725	0.00966	0.01571	0.03262	0.01812	0.82483	0.02537	0.00483	0.00483	0.00725	0.00302	0.00302
7	0.01779	0.15050	0.01602	0.01216	0.01500	0.68106	0.00946	0.01912	0.01350	0.01212	0.00758	0.00883	0.00642	0.00500	0.00429	0.00125	0.00841	0.00312	0.00250	0.00588
8	0.00672	0.00491	0.00644	0.00746	0.00809	0.00473	0.00544	0.00841	0.03959	0.01353	0.02791	0.59671	0.06231	0.01476	0.00640	0.00206	0.00328	0.17228	0.00464	0.00432
9	0.01177	0.29725	0.43752	0.01183	0.01764	0.01461	0.01382	0.05554	0.06786	0.01558	0.00925	0.01033	0.00711	0.00479	0.00425	0.00141	0.00632	0.00352	0.00248	0.00713
10	0.01146	0.00889	0.05115	0.00961	0.01208	0.00827	0.06340	0.04940	0.21158	0.13848	0.02278	0.29210	0.06388	0.00983	0.00562	0.00178	0.00414	0.02451	0.00471	0.00631
11	0.01154	0.01090	0.01845	0.33323	0.40634	0.01180	0.06170	0.05763	0.01152	0.01574	0.00937	0.01276	0.00742	0.00472	0.00502	0.00156	0.00633	0.00453	0.00252	0.00694
12	0.01866	0.01053	0.01526	0.01436	0.15631	0.01016	0.07619	0.14809	0.04444	0.42924	0.01569	0.01504	0.01058	0.00568	0.00507	0.00154	0.00511	0.00492	0.00494	0.00820
13	0.01208	0.01158	0.01977	0.09860	0.72771	0.01178	0.01517	0.01507	0.01123	0.01598	0.00933	0.01242	0.00779	0.00449	0.00494	0.00150	0.00598	0.00444	0.00245	0.00769
14	0.00712	0.00516	0.00686	0.00743	0.00843	0.00491	0.00588	0.00904	0.01189	0.01597	0.27695	0.22109	0.09159	0.01294	0.00637	0.00195	0.00333	0.29374	0.00489	0.00448
15	0.05698	0.01237	0.01798	0.02519	0.59194	0.06119	0.01333	0.09240	0.01256	0.01797	0.00971	0.01214	0.00795	0.00471	0.00475	0.00146	0.00581	0.00429	0.03974	0.00755
16	0.01765	0.01499	0.11255	0.01161	0.01595	0.01441	0.01040	0.60492	0.06150	0.06705	0.01241	0.01239	0.00875	0.00588	0.00496	0.00152	0.00558	0.00447	0.00469	0.00831
17	0.01017	0.00960	0.01312	0.01149	0.01177	0.01292	0.00933	0.01203	0.05597	0.01224	0.00917	0.01474	0.00902	0.10110	0.10605	0.00310	0.58558	0.00487	0.00251	0.00522
18	0.01224	0.12300	0.03998	0.01478	0.14430	0.05982	0.12208	0.03305	0.23592	0.03301	0.01482	0.11889	0.01300	0.00663	0.00503	0.00158	0.00542	0.00594	0.00359	0.00690
19	0.00740	0.00542	0.00719	0.00811	0.00912	0.00530	0.00658	0.00957	0.03465	0.01457	0.05981	0.26568	0.09654	0.01382	0.00656	0.00212	0.00383	0.43456	0.00465	0.00451
20	0.01496	0.07441	0.01333	0.01004	0.01353	0.22542	0.00799	0.12356	0.14327	0.06213	0.02541	0.01227	0.00951	0.00521	0.00440	0.00124	0.00554	0.00389	0.00365	0.24026
21	0.01244	0.20005	0.45225	0.01221	0.01806	0.01397	0.01411	0.16689	0.01310	0.01810	0.02891	0.01093	0.00779	0.00502	0.00447	0.00145	0.00642	0.00375	0.00277	0.00731

[dist]
# distance from previous block
# <min> <max>
0	2

[block]
# block no. 5 follows, 50 sequences, length 26
# corresponding to MSA columns:
# 504-529
name=unknown_F
#
# <colnr> <probs for GDERKNQSTAVLIFYWHMCP>
#	G	D	E	R	K	N	Q	S	T	A	V	L	I	F	Y	W	H	M	C	P
0	0.01363	0.02752	0.04731	0.00826	0.01234	0.00767	0.00701	0.02799	0.05589	0.22683	0.06772	0.01447	0.01191	0.00509	0.00434	0.00112	0.00399	0.00414	0.00409	0.44869
1	0.00667	0.00494	0.00590	0.00589	0.00709	0.00445	0.00433	0.00845	0.01236	0.01676	0.39915	0.15384	0.28142	0.01151	0.00582	0.00165	0.00248	0.01000	0.05285	0.00445
2	0.00859	0.00675	0.00974	0.00906	0.04599	0.00648	0.06945	0.04290	0.04402	0.03085	0.55935	0.03313	0.07077	0.00928	0.00579	0.00160	0.00332	0.03258	0.00501	0.00533
3	0.00749	0.00539	0.00672	0.00656	0.00675	0.00590	0.00430	0.00796	0.00744	0.01025	0.01452	0.02819	0.01604	0.59323	0.19511	0.00533	0.06583	0.00662	0.00288	0.00351
4	0.00866	0.00433	0.00649	0.00649	0.00649	0.00433	0.00433	0.00649	0.00649	0.00866	0.00866	0.01515	0.00866	0.01732	0.01948	0.85498	0.00433	0.00433	0.00216	0.00216
5	0.01052	0.00976	0.01576	0.56835	0.18870	0.01146	0.01357	0.03659	0.06845	0.01462	0.00991	0.01345	0.00760	0.00503	0.00498	0.00162	0.00626	0.00452	0.00256	0.00628
6	0.00866	0.00433	0.00649	0.00649	0.00649	0.00433	0.00433	0.00649	0.00649	0.00866	0.00866	0.01515	0.00866	0.01732	0.01948	0.85498	0.00433	0.00433	0.00216	0.00216
7	0.00904	0.00671	0.00740	0.00690	0.00885	0.00660	0.00524	0.01368	0.20649	0.07710	0.14569	0.06814	0.36900	0.03890	0.00632	0.00178	0.00309	0.00868	0.00493	0.00549
8	0.01688	0.16652	0.01641	0.01085	0.01458	0.09279	0.00907	0.44792	0.13454	0.02427	0.01186	0.01193	0.00890	0.00570	0.00462	0.00142	0.00557	0.00420	0.00423	0.00774
9	0.04607	0.00955	0.02835	0.04527	0.01258	0.05657	0.00692	0.04023	0.03531	0.14306	0.17906	0.01745	0.01678	0.00586	0.00457	0.00123	0.00411	0.00481	0.00407	0.33816
10	0.01660	0.04489	0.01462	0.01354	0.09556	0.35839	0.00968	0.18392	0.13819	0.03486	0.03424	0.01248	0.00974	0.00565	0.00475	0.00142	0.00669	0.00419	0.00363	0.00696
11	0.01352	0.01338	0.01155	0.01045	0.01310	0.19823	0.00803	0.04604	0.51527	0.01849	0.01894	0.04121	0.05607	0.00694	0.00502	0.00160	0.00507	0.00555	0.00444	0.00710
12	0.00600	0.00482	0.00536	0.00572	0.00693	0.00418	0.00410	0.00719	0.01090	0.01353	0.07727	0.29743	0.51216	0.01348	0.00604	0.00179	0.00264	0.01163	0.00467	0.00418
13	0.21007	0.00874	0.01062	0.00835	0.01203	0.00819	0.00689	0.02213	0.01297	0.62356	0.01681	0.01498	0.01078	0.00582	0.00458	0.00154	0.00415	0.00449	0.00548	0.00779
14	0.00637	0.00460	0.00599	0.00693	0.00745	0.00431	0.00486	0.00745	0.00999	0.01318	0.06029	0.60465	0.09530	0.05232	0.00724	0.00214	0.00311	0.09512	0.00458	0.00410
15	0.00697	0.00509	0.00654	0.00618	0.00739	0.00467	0.00464	0.00924	0.01391	0.01951	0.73636	0.03803	0.10207	0.01037	0.00588	0.00158	0.00236	0.00913	0.00542	0.00467
16	0.01267	0.01084	0.01142	0.01020	0.01306	0.01252	0.00796	0.05761	0.75317	0.02129	0.01994	0.01832	0.01494	0.00673	0.00507	0.00168	0.00401	0.00559	0.00507	0.00791
17	0.05189	0.00950	0.01347	0.01023	0.01416	0.00870	0.09536	0.06878	0.04587	0.53314	0.01736	0.01600	0.02291	0.00583	0.00496	0.00151	0.00471	0.00496	0.00527	0.06541
18	0.06796	0.01190	0.01216	0.01029	0.01351	0.04756	0.00819	0.22623	0.43352	0.08914	0.01662	0.01561	0.01217	0.00630	0.00489	0.00160	0.00460	0.00499	0.00491	0.00785
19	0.07507	0.01073	0.01264	0.00975	0.01361	0.01080	0.00805	0.32191	0.01753	0.44381	0.01579	0.01441	0.01036	0.00600	0.00488	0.00152	0.00471	0.00466	0.00550	0.00828
20	0.00705	0.00510	0.00666	0.00627	0.00745	0.00470	0.00470	0.00941	0.01411	0.01999	0.79110	0.03723	0.04703	0.01019	0.00588	0.00157	0.00235	0.00901	0.00549	0.00470
21	0.00729	0.00537	0.00746	0.00739	0.00797	0.00611	0.00540	0.00850	0.00776	0.01100	0.01385	0.02332	0.01401	0.27997	0.53698	0.00683	0.03810	0.00590	0.00276	0.00404
22	0.01091	0.01091	0.01527	0.01309	0.01309	0.01527	0.01091	0.01200	0.00763	0.01200	0.00654	0.01091	0.00654	0.00872	0.01636	0.00218	0.81570	0.00436	0.00218	0.00545
23	0.00863	0.00438	0.00655	0.00660	0.00664	0.00438	0.00447	0.00664	0.00668	0.00889	0.00933	0.01670	0.00942	0.01718	0.01900	0.82274	0.00434	0.03291	0.00226	0.00226
24	0.03353	0.01362	0.04531	0.03479	0.01561	0.01431	0.00950	0.64913	0.02121	0.02896	0.01172	0.01209	0.00842	0.00578	0.00483	0.00146	0.00536	0.00437	0.03985	0.04014
25	0.00773	0.00574	0.00654	0.00662	0.00818	0.00529	0.00509	0.05096	0.02598	0.04573	0.03853	0.20015	0.44203	0.01266	0.00603	0.00182	0.00315	0.11836	0.00471	0.00470

[dist]
# distance from previous block
# <min> <max>
1	5

[block]
# block no. 6 follows, 50 sequences, length 6
# corresponding to MSA columns:
# 535-540
name=unknown_G
#
# <colnr> <probs for GDERKNQSTAVLIFYWHMCP>
#	G	D	E	R	K	N	Q	S	T	A	V	L	I	F	Y	W	H	M	C	P
0	0.04818	0.05356	0.04896	0.01076	0.01480	0.04099	0.00922	0.49134	0.01940	0.19360	0.01292	0.01255	0.00893	0.00581	0.00481	0.00148	0.00536	0.00437	0.00482	0.00813
1	0.14814	0.13607	0.04278	0.00859	0.01263	0.04864	0.00747	0.06605	0.01204	0.21378	0.01113	0.01134	0.00815	0.00481	0.00401	0.00122	0.00462	0.00353	0.00374	0.25127
2	0.01182	0.00881	0.01049	0.00757	0.01193	0.00673	0.00608	0.01400	0.01082	0.11286	0.01020	0.01116	0.00800	0.00400	0.00385	0.00084	0.00376	0.00321	0.00335	0.75053
3	0.01343	0.00883	0.01395	0.08519	0.04282	0.00861	0.14459	0.04404	0.06878	0.23949	0.22659	0.04605	0.02095	0.00707	0.00544	0.00161	0.00473	0.00649	0.00467	0.00667
4	0.01228	0.01199	0.02107	0.02972	0.72379	0.01191	0.08458	0.01536	0.01139	0.01626	0.00944	0.01244	0.00787	0.00442	0.00502	0.00150	0.00615	0.00457	0.00247	0.00779
5	0.00927	0.00642	0.00945	0.03932	0.01088	0.00594	0.07701	0.01151	0.01290	0.11373	0.38673	0.07648	0.16399	0.00982	0.00581	0.00166	0.00348	0.04540	0.00493	0.00526

[dist]
# distance from previous block
# <min> <max>
0	1

[block]
# block no. 7 follows, 50 sequences, length 6
# corresponding to MSA columns:
# 542-547
name=unknown_H
#
# <colnr> <probs for GDERKNQSTAVLIFYWHMCP>
#	G	D	E	R	K	N	Q	S	T	A	V	L	I	F	Y	W	H	M	C	P
0	0.01283	0.48688	0.27080	0.01080	0.01587	0.10081	0.01179	0.01573	0.01068	0.01307	0.00765	0.00891	0.00637	0.00451	0.00383	0.00125	0.00637	0.00305	0.00217	0.00664
1	0.01006	0.00952	0.01613	0.63870	0.20339	0.01125	0.01417	0.01331	0.01027	0.01353	0.00897	0.01308	0.00692	0.00486	0.00497	0.00162	0.00648	0.00443	0.00227	0.00606
2	0.01107	0.13844	0.01469	0.01065	0.01152	0.07537	0.00868	0.01202	0.00845	0.01145	0.00873	0.01513	0.00909	0.18943	0.01538	0.00253	0.44526	0.00465	0.00239	0.00508
3	0.05962	0.19197	0.04027	0.00924	0.01339	0.01087	0.03823	0.05083	0.01269	0.39057	0.01369	0.01308	0.00946	0.00520	0.00436	0.00133	0.00471	0.00407	0.00436	0.12207
4	0.01424	0.01239	0.01339	0.01342	0.13521	0.14715	0.03174	0.15834	0.13525	0.08096	0.18612	0.01860	0.01794	0.00662	0.00513	0.00151	0.00521	0.00553	0.00432	0.00694
5	0.00637	0.00453	0.00562	0.00637	0.00670	0.00427	0.00412	0.00704	0.00909	0.01197	0.02639	0.54069	0.09730	0.23201	0.01141	0.00275	0.00338	0.01199	0.00420	0.00379

[dist]
# distance from previous block
# <min> <max>
0	1

[block]
# block no. 8 follows, 50 sequences, length 11
# corresponding to MSA columns:
# 549-559
name=unknown_I
#
# <colnr> <probs for GDERKNQSTAVLIFYWHMCP>
#	G	D	E	R	K	N	Q	S	T	A	V	L	I	F	Y	W	H	M	C	P
0	0.08093	0.02905	0.15739	0.03635	0.01487	0.00893	0.03091	0.01769	0.04563	0.26089	0.02805	0.01330	0.00967	0.00507	0.00445	0.00133	0.00481	0.00408	0.00390	0.24271
1	0.37526	0.01512	0.01136	0.00987	0.01291	0.30940	0.02994	0.04334	0.03776	0.09942	0.00926	0.00999	0.00700	0.00508	0.00403	0.00145	0.00602	0.00338	0.00333	0.00609
2	0.01172	0.00857	0.00960	0.00888	0.01109	0.00938	0.00703	0.06554	0.38105	0.06727	0.04616	0.02656	0.01808	0.06360	0.00662	0.00193	0.00399	0.14366	0.10271	0.00655
3	0.01176	0.01345	0.02941	0.02101	0.02605	0.01261	0.77563	0.01597	0.01176	0.01597	0.01008	0.01345	0.00756	0.00420	0.00588	0.00168	0.00840	0.00588	0.00252	0.00672
4	0.00612	0.00506	0.00537	0.00529	0.00687	0.00431	0.00397	0.00760	0.01190	0.01475	0.19617	0.04586	0.64524	0.01214	0.00589	0.00166	0.00249	0.01022	0.00480	0.00431
5	0.00592	0.00492	0.00518	0.00540	0.00682	0.00418	0.00394	0.00711	0.01103	0.01333	0.04628	0.18948	0.65292	0.01317	0.00598	0.00175	0.00259	0.01119	0.00463	0.00418
6	0.09857	0.01794	0.01536	0.01262	0.01598	0.37317	0.08907	0.28091	0.01656	0.02021	0.00935	0.01040	0.00715	0.00528	0.00467	0.00142	0.00722	0.00388	0.00345	0.00677
7	0.00712	0.00534	0.00801	0.00801	0.00890	0.00623	0.00623	0.00890	0.00801	0.01157	0.01335	0.01958	0.01246	0.03738	0.80507	0.00801	0.01335	0.00534	0.00267	0.00445
8	0.01170	0.03991	0.30275	0.12677	0.10837	0.06471	0.20681	0.05111	0.01168	0.01585	0.00927	0.01173	0.00696	0.00467	0.00503	0.00157	0.00733	0.00440	0.00243	0.00693
9	0.01085	0.00632	0.00807	0.00723	0.00910	0.00595	0.00555	0.01407	0.08702	0.19205	0.46037	0.09303	0.06114	0.00948	0.00565	0.00161	0.00297	0.00826	0.00550	0.00578
10	0.01770	0.01358	0.01571	0.01208	0.01603	0.01491	0.06954	0.63898	0.10192	0.02910	0.01269	0.01277	0.00911	0.00592	0.00507	0.00153	0.00555	0.00472	0.00480	0.00828

[dist]
# distance from previous block
# <min> <max>
0	2

[block]
# block no. 9 follows, 50 sequences, length 12
# corresponding to MSA columns:
# 562-573
name=unknown_J
#
# <colnr> <probs for GDERKNQSTAVLIFYWHMCP>
#	G	D	E	R	K	N	Q	S	T	A	V	L	I	F	Y	W	H	M	C	P
0	0.31214	0.03785	0.05521	0.04485	0.01544	0.23247	0.08032	0.13504	0.01290	0.01931	0.00842	0.00979	0.00649	0.00495	0.00420	0.00147	0.00630	0.00354	0.00307	0.00624
1	0.01285	0.01464	0.07272	0.02509	0.47052	0.11298	0.18646	0.01607	0.01174	0.01566	0.00929	0.01204	0.00753	0.00449	0.00508	0.00151	0.00697	0.00456	0.00247	0.00733
2	0.00866	0.00433	0.00649	0.00649	0.00649	0.00433	0.00433	0.00649	0.00649	0.00866	0.00866	0.01515	0.00866	0.01732	0.01948	0.85498	0.00433	0.00433	0.00216	0.00216
3	0.00933	0.00516	0.00620	0.00651	0.00773	0.00506	0.00520	0.01145	0.01088	0.06275	0.02075	0.11936	0.01977	0.00931	0.00492	0.00162	0.00318	0.23226	0.45377	0.00479
4	0.00649	0.00464	0.00623	0.00718	0.00771	0.00438	0.00514	0.00776	0.01042	0.01399	0.12626	0.60795	0.03416	0.01464	0.00638	0.00200	0.00307	0.12266	0.00473	0.00421
5	0.00712	0.00478	0.00621	0.00674	0.00752	0.00437	0.00471	0.00839	0.01093	0.05517	0.19380	0.54560	0.09852	0.01370	0.00615	0.00187	0.00281	0.01227	0.00489	0.00443
6	0.26180	0.00671	0.00702	0.00661	0.00844	0.00700	0.00518	0.01170	0.04454	0.02010	0.42769	0.02898	0.06380	0.00862	0.00502	0.00161	0.00301	0.05351	0.02363	0.00501
7	0.81806	0.00986	0.00771	0.00680	0.00993	0.01140	0.00560	0.05270	0.00923	0.02282	0.00719	0.00829	0.00555	0.00469	0.00318	0.00154	0.00394	0.00279	0.00318	0.00555
8	0.00602	0.00505	0.00522	0.00518	0.00681	0.00426	0.00389	0.00740	0.01166	0.01417	0.13043	0.04681	0.71133	0.01236	0.00589	0.00167	0.00251	0.01036	0.00472	0.00426
9	0.07002	0.01119	0.01313	0.01200	0.09732	0.01192	0.00873	0.41408	0.01774	0.12456	0.06478	0.01608	0.03231	0.03449	0.04724	0.00196	0.00537	0.00503	0.00458	0.00747
10	0.07074	0.01147	0.02022	0.01781	0.16690	0.01094	0.31631	0.05628	0.01267	0.22246	0.01232	0.01364	0.00878	0.00487	0.00518	0.00156	0.00625	0.00501	0.00364	0.03294
11	0.56397	0.01019	0.00899	0.03091	0.01145	0.05067	0.00628	0.03353	0.01017	0.12965	0.00914	0.00987	0.00674	0.00481	0.00359	0.00144	0.00427	0.00317	0.00349	0.09766

[dist]
# distance from previous block
# <min> <max>
1	4

[block]
# block no. 10 follows, 50 sequences, length 30
# corresponding to MSA columns:
# 578-607
name=unknown_K
#
# <colnr> <probs for GDERKNQSTAVLIFYWHMCP>
#	G	D	E	R	K	N	Q	S	T	A	V	L	I	F	Y	W	H	M	C	P
0	0.69094	0.01153	0.01008	0.00856	0.01176	0.09809	0.07586	0.01535	0.00940	0.02067	0.00731	0.00868	0.00571	0.00464	0.00349	0.00153	0.00483	0.00304	0.00298	0.00556
1	0.10902	0.00950	0.03709	0.21044	0.01752	0.02470	0.04462	0.09671	0.01288	0.06652	0.22392	0.01890	0.01821	0.00639	0.00492	0.00150	0.00476	0.00541	0.00384	0.08314
2	0.00654	0.00541	0.00587	0.00552	0.00735	0.00453	0.00417	0.00812	0.01185	0.01510	0.20371	0.04227	0.56257	0.01130	0.00569	0.00157	0.00259	0.00951	0.00466	0.08166
3	0.03029	0.13102	0.03485	0.03738	0.03218	0.18597	0.11633	0.01655	0.01276	0.15081	0.15850	0.01802	0.01604	0.00626	0.00494	0.00147	0.00587	0.03072	0.00373	0.00630
4	0.86003	0.00964	0.00733	0.00655	0.00964	0.01118	0.00540	0.01465	0.00848	0.02236	0.00694	0.00810	0.00540	0.00463	0.00308	0.00154	0.00386	0.00270	0.00308	0.00540
5	0.01533	0.01588	0.01247	0.07722	0.02564	0.37676	0.00896	0.06300	0.16901	0.04978	0.01283	0.01508	0.01030	0.00603	0.00474	0.00146	0.00651	0.04201	0.08068	0.00632
6	0.00762	0.00561	0.00746	0.00839	0.00964	0.00544	0.00722	0.00972	0.01145	0.01464	0.03101	0.05464	0.17494	0.01355	0.00669	0.00218	0.00419	0.61649	0.00460	0.00452
7	0.01169	0.01324	0.02825	0.02036	0.02498	0.01282	0.71267	0.01564	0.01142	0.01564	0.00979	0.01324	0.00748	0.00457	0.00674	0.00172	0.07487	0.00576	0.00249	0.00662
8	0.00607	0.00434	0.00578	0.00694	0.00723	0.00405	0.00463	0.00694	0.00954	0.01272	0.02747	0.82157	0.03297	0.01562	0.00636	0.00202	0.00289	0.01417	0.00463	0.00405
9	0.00728	0.00551	0.00806	0.00797	0.00875	0.00645	0.00612	0.00887	0.00793	0.01142	0.01330	0.02041	0.01274	0.10621	0.70589	0.00751	0.04307	0.00547	0.00268	0.00436
10	0.01836	0.01424	0.01450	0.01136	0.01508	0.07112	0.00927	0.67108	0.05117	0.02895	0.01188	0.01211	0.00859	0.00630	0.00540	0.02773	0.00564	0.00444	0.00473	0.00807
11	0.00934	0.00640	0.00852	0.02673	0.07706	0.00608	0.00648	0.01173	0.03788	0.10139	0.26398	0.03691	0.18959	0.06015	0.00703	0.00191	0.00358	0.13522	0.00473	0.00529
12	0.01149	0.28779	0.52063	0.01218	0.01841	0.01411	0.01482	0.01578	0.01051	0.03962	0.00863	0.00990	0.00654	0.00463	0.00424	0.00141	0.00660	0.00339	0.00224	0.00708
13	0.01258	0.01269	0.01876	0.14710	0.59364	0.09843	0.01446	0.01541	0.01144	0.01530	0.00911	0.01211	0.00754	0.00460	0.00489	0.00149	0.00637	0.00430	0.00244	0.00731
14	0.15028	0.01221	0.01669	0.08750	0.46065	0.05905	0.01251	0.11113	0.01246	0.01864	0.00917	0.01149	0.00738	0.00475	0.00462	0.00150	0.00577	0.00409	0.00287	0.00725
15	0.08530	0.00652	0.00885	0.07540	0.09583	0.00657	0.00667	0.01069	0.01275	0.01888	0.53592	0.06485	0.03502	0.00887	0.00547	0.00158	0.00326	0.00779	0.00463	0.00515
16	0.01797	0.01325	0.01439	0.01118	0.01492	0.01470	0.00921	0.71386	0.02217	0.02978	0.01208	0.01259	0.00880	0.00857	0.07086	0.00203	0.00613	0.00456	0.00480	0.00815
17	0.01176	0.01345	0.02941	0.02101	0.02605	0.01261	0.77563	0.01597	0.01176	0.01597	0.01008	0.01345	0.00756	0.00420	0.00588	0.00168	0.00840	0.00588	0.00252	0.00672
18	0.01018	0.00771	0.01032	0.00844	0.01127	0.00691	0.06915	0.01369	0.09242	0.08829	0.23263	0.02680	0.11688	0.00776	0.00520	0.00142	0.00370	0.05132	0.00443	0.23149
19	0.00606	0.00440	0.00572	0.00677	0.00718	0.00406	0.00455	0.00696	0.00971	0.01279	0.02956	0.75126	0.10192	0.01534	0.00632	0.00199	0.00286	0.01384	0.00463	0.00406
20	0.01432	0.01425	0.06841	0.01619	0.02042	0.05693	0.37674	0.20696	0.01452	0.06554	0.01087	0.02386	0.00821	0.00538	0.00633	0.00164	0.07379	0.00519	0.00333	0.00711
21	0.73406	0.00979	0.00816	0.00706	0.01026	0.01108	0.00581	0.06071	0.00989	0.09332	0.00839	0.00913	0.00621	0.00485	0.00337	0.00154	0.00399	0.00302	0.00348	0.00586
22	0.01066	0.01053	0.01471	0.01267	0.01270	0.01463	0.01049	0.01174	0.00763	0.01190	0.00706	0.01191	0.00712	0.03735	0.04091	0.00245	0.76347	0.00449	0.00222	0.00534
23	0.01970	0.00834	0.01077	0.00856	0.01200	0.00766	0.00698	0.02318	0.10931	0.61586	0.01937	0.01734	0.01274	0.00620	0.00485	0.00152	0.00399	0.00505	0.09857	0.00799
24	0.73748	0.00947	0.00795	0.00689	0.01009	0.01062	0.00568	0.01606	0.00933	0.13572	0.00880	0.00939	0.00641	0.00485	0.00337	0.00154	0.00391	0.00304	0.00354	0.00585
25	0.10811	0.00925	0.03080	0.00846	0.01153	0.00918	0.00696	0.06311	0.22477	0.28433	0.03373	0.01671	0.01282	0.00614	0.00456	0.00152	0.00390	0.00489	0.15205	0.00721
26	0.00725	0.00483	0.00544	0.00544	0.00544	0.00483	0.00302	0.00725	0.00725	0.00966	0.01571	0.03262	0.01812	0.82483	0.02537	0.00483	0.00483	0.00725	0.00302	0.00302
27	0.01559	0.00838	0.01046	0.00897	0.02547	0.00856	0.00705	0.04569	0.14620	0.34810	0.06488	0.01944	0.05326	0.00697	0.00591	0.00157	0.07694	0.00549	0.13401	0.00708
28	0.01249	0.05326	0.04968	0.01300	0.06656	0.07796	0.11395	0.08433	0.26465	0.01867	0.10300	0.01763	0.01492	0.00644	0.00569	0.00160	0.04783	0.01903	0.02242	0.00688
29	0.00821	0.00544	0.00685	0.00709	0.00847	0.00498	0.00559	0.00988	0.01162	0.08575	0.13048	0.18136	0.25864	0.02670	0.00652	0.00195	0.00336	0.22756	0.00484	0.00472

[dist]
# distance from previous block
# <min> <max>
5	9

[block]
# block no. 11 follows, 50 sequences, length 13
# corresponding to MSA columns:
# 618-630
name=unknown_L
#
# <colnr> <probs for GDERKNQSTAVLIFYWHMCP>
#	G	D	E	R	K	N	Q	S	T	A	V	L	I	F	Y	W	H	M	C	P
0	0.01270	0.13571	0.11421	0.01295	0.11103	0.01192	0.06179	0.15683	0.01300	0.01833	0.00931	0.01077	0.00738	0.00446	0.00429	0.00119	0.00532	0.00367	0.00302	0.30213
1	0.13237	0.00925	0.01164	0.07333	0.01434	0.00901	0.00782	0.10245	0.01413	0.54946	0.01628	0.01496	0.01055	0.00585	0.00475	0.00155	0.00452	0.00460	0.00532	0.00784
2	0.01262	0.01338	0.02371	0.01771	0.02178	0.07585	0.51513	0.09426	0.01293	0.01695	0.01165	0.01738	0.00977	0.00571	0.00630	0.00172	0.04766	0.08598	0.00298	0.00654
3	0.00711	0.00496	0.00643	0.00651	0.00750	0.00465	0.00486	0.00916	0.01268	0.01799	0.51248	0.19681	0.03996	0.01123	0.00587	0.00169	0.00264	0.06997	0.07296	0.00456
4	0.00659	0.00450	0.00555	0.00631	0.00675	0.00425	0.00418	0.00750	0.00941	0.01291	0.02610	0.55095	0.08509	0.14472	0.00908	0.00236	0.00312	0.01177	0.09488	0.00396
5	0.00790	0.00543	0.00628	0.00598	0.00736	0.00524	0.00451	0.01103	0.07510	0.01874	0.41934	0.03243	0.14388	0.00913	0.00519	0.00149	0.00250	0.00782	0.22577	0.00487
6	0.00725	0.00483	0.00544	0.00544	0.00544	0.00483	0.00302	0.00725	0.00725	0.00966	0.01571	0.03262	0.01812	0.82483	0.02537	0.00483	0.00483	0.00725	0.00302	0.00302
7	0.01246	0.01086	0.11428	0.01076	0.01344	0.00972	0.06663	0.01476	0.01125	0.20758	0.10120	0.02132	0.13885	0.00802	0.00846	0.00176	0.23241	0.00604	0.00393	0.00626
8	0.23473	0.04982	0.46503	0.01283	0.01866	0.01190	0.10930	0.01548	0.01013	0.01739	0.00848	0.01015	0.00623	0.00462	0.00439	0.00156	0.00649	0.00366	0.00242	0.00673
9	0.01214	0.01163	0.01844	0.02269	0.43833	0.01242	0.09169	0.01777	0.20179	0.01692	0.01184	0.01384	0.00952	0.00545	0.00629	0.00163	0.09214	0.00488	0.00308	0.00751
10	0.01234	0.01173	0.01930	0.02848	0.71293	0.01190	0.01453	0.01646	0.09139	0.01676	0.01051	0.01298	0.00865	0.00468	0.00495	0.00150	0.00572	0.00456	0.00274	0.00789
11	0.24316	0.05560	0.06119	0.00877	0.01265	0.02683	0.04513	0.03723	0.01067	0.05593	0.04091	0.01198	0.00893	0.00485	0.00426	0.00124	0.02494	0.01620	0.00319	0.32634
12	0.14384	0.30401	0.08855	0.00945	0.01349	0.13191	0.00877	0.03662	0.02739	0.11227	0.00937	0.01001	0.00729	0.00478	0.00386	0.00127	0.00555	0.00327	0.00304	0.07526

[dist]
# distance from previous block
# <min> <max>
1	5

[block]
# block no. 12 follows, 50 sequences, length 11
# corresponding to MSA columns:
# 636-646
name=unknown_M
#
# <colnr> <probs for GDERKNQSTAVLIFYWHMCP>
#	G	D	E	R	K	N	Q	S	T	A	V	L	I	F	Y	W	H	M	C	P
0	0.03763	0.01062	0.07551	0.01126	0.11338	0.00815	0.00844	0.01587	0.03501	0.16348	0.01126	0.01205	0.00848	0.00446	0.00421	0.00111	0.00439	0.00367	0.00350	0.46752
1	0.01125	0.00853	0.01097	0.00907	0.01178	0.04357	0.07444	0.01346	0.02505	0.10476	0.01542	0.12578	0.01446	0.04782	0.00638	0.00158	0.04135	0.07559	0.08553	0.27320
2	0.12126	0.01208	0.02155	0.02439	0.44381	0.01201	0.26065	0.01543	0.01112	0.01696	0.00929	0.01215	0.00747	0.00439	0.00500	0.00155	0.00646	0.00468	0.00256	0.00719
3	0.00630	0.00453	0.00611	0.00696	0.00742	0.00434	0.00479	0.00745	0.00998	0.01355	0.12440	0.64333	0.03280	0.01702	0.08328	0.00254	0.00383	0.01266	0.00455	0.00417
4	0.00780	0.00597	0.00809	0.11061	0.01062	0.00683	0.00584	0.00875	0.00781	0.01071	0.01350	0.02519	0.01432	0.46142	0.21077	0.00498	0.07395	0.00619	0.00276	0.00389
5	0.00814	0.00538	0.00634	0.00592	0.00757	0.00474	0.00450	0.00998	0.01276	0.09202	0.36006	0.03897	0.36200	0.01063	0.00568	0.00159	0.00261	0.00906	0.04719	0.00485
6	0.00785	0.00600	0.00847	0.11602	0.01293	0.00618	0.00811	0.01009	0.01117	0.01434	0.02720	0.08445	0.12414	0.01253	0.00648	0.00212	0.00452	0.52848	0.00428	0.00464
7	0.01000	0.02578	0.79900	0.01421	0.02157	0.01158	0.01842	0.01579	0.01052	0.01579	0.00895	0.01052	0.00631	0.00474	0.00474	0.00158	0.00737	0.00368	0.00210	0.00737
8	0.00696	0.00509	0.00653	0.00617	0.00739	0.00466	0.00463	0.00922	0.01388	0.01945	0.73007	0.03812	0.10840	0.01039	0.00588	0.00158	0.00237	0.00914	0.00542	0.00466
9	0.86003	0.00964	0.00733	0.00655	0.00964	0.01118	0.00540	0.01465	0.00848	0.02236	0.00694	0.00810	0.00540	0.00463	0.00308	0.00154	0.00386	0.00270	0.00308	0.00540
10	0.01072	0.00952	0.01544	0.57578	0.16593	0.01116	0.01334	0.01479	0.07306	0.04706	0.01033	0.01370	0.00780	0.00508	0.00498	0.00163	0.00620	0.00455	0.00266	0.00627

[dist]
# distance from previous block
# <min> <max>
1	6

[block]
# block no. 13 follows, 50 sequences, length 15
# corresponding to MSA columns:
# 653-667
name=unknown_N
#
# <colnr> <probs for GDERKNQSTAVLIFYWHMCP>
#	G	D	E	R	K	N	Q	S	T	A	V	L	I	F	Y	W	H	M	C	P
0	0.43579	0.03022	0.01219	0.00923	0.01297	0.01021	0.11591	0.01643	0.01038	0.17107	0.01013	0.01090	0.00736	0.00473	0.00395	0.00144	0.00459	0.00364	0.00356	0.12530
1	0.11894	0.00778	0.00891	0.00735	0.01019	0.00725	0.00580	0.02920	0.07831	0.11037	0.30070	0.02153	0.02309	0.00681	0.00472	0.00134	0.00334	0.00567	0.00451	0.24420
2	0.00768	0.00559	0.00674	0.00648	0.00652	0.00616	0.00412	0.00790	0.00733	0.01004	0.01449	0.02938	0.01645	0.68882	0.06148	0.00466	0.10304	0.00681	0.00290	0.00338
3	0.10282	0.00968	0.01515	0.54783	0.17953	0.01137	0.01308	0.03668	0.01048	0.01504	0.00885	0.01250	0.00681	0.00487	0.00477	0.00161	0.00616	0.00425	0.00244	0.00607
4	0.00621	0.00465	0.00576	0.00636	0.00715	0.00421	0.00444	0.00744	0.01082	0.01422	0.17183	0.49008	0.22089	0.01390	0.00616	0.00186	0.00270	0.01234	0.00478	0.00421
5	0.09314	0.01060	0.01626	0.01393	0.11477	0.00968	0.19389	0.04352	0.02490	0.10993	0.01063	0.01212	0.00807	0.00443	0.00455	0.00128	0.00527	0.00417	0.00329	0.31558
6	0.01034	0.00886	0.01034	0.00738	0.01181	0.00664	0.00591	0.01255	0.01034	0.01624	0.00886	0.01034	0.00738	0.00369	0.00369	0.00074	0.00369	0.00295	0.00295	0.85530
7	0.01064	0.00953	0.01595	0.01240	0.01533	0.00946	0.28209	0.05661	0.14059	0.03218	0.22912	0.02285	0.02106	0.08414	0.00745	0.00192	0.00523	0.00671	0.03067	0.00607
8	0.01331	0.08910	0.05859	0.01066	0.01480	0.03002	0.14306	0.01617	0.02649	0.18161	0.09483	0.01507	0.01266	0.00521	0.00465	0.00127	0.00500	0.00462	0.00373	0.26914
9	0.00608	0.00495	0.00517	0.00528	0.00661	0.00427	0.00377	0.00715	0.01067	0.01291	0.04389	0.11924	0.62150	0.11621	0.00841	0.00212	0.00285	0.01045	0.00442	0.00404
10	0.01110	0.00874	0.01092	0.00795	0.01213	0.00679	0.03612	0.01338	0.01097	0.07801	0.06622	0.01292	0.01064	0.00438	0.00404	0.00090	0.00382	0.00367	0.00337	0.69392
11	0.00744	0.00559	0.00623	0.00625	0.00684	0.03397	0.00417	0.00842	0.01012	0.01351	0.24533	0.12518	0.06525	0.39440	0.01510	0.00318	0.00392	0.03722	0.00405	0.00385
12	0.01469	0.00872	0.01078	0.00792	0.01214	0.00689	0.00642	0.01680	0.01176	0.29876	0.01277	0.01273	0.00918	0.00459	0.00417	0.00103	0.00389	0.00370	0.00412	0.54894
13	0.04286	0.00941	0.01322	0.00996	0.01397	0.00844	0.07818	0.07641	0.01414	0.56959	0.01678	0.01537	0.01093	0.00568	0.00490	0.00147	0.00465	0.00478	0.00534	0.09392
14	0.09253	0.52317	0.24329	0.00995	0.01498	0.01661	0.01103	0.01514	0.01008	0.01388	0.00750	0.00872	0.00628	0.00443	0.00362	0.00126	0.00577	0.00296	0.00221	0.00658

[dist]
# distance from previous block
# <min> <max>
0	3

[block]
# block no. 14 follows, 50 sequences, length 41
# corresponding to MSA columns:
# 671-711
name=unknown_O
#
# <colnr> <probs for GDERKNQSTAVLIFYWHMCP>
#	G	D	E	R	K	N	Q	S	T	A	V	L	I	F	Y	W	H	M	C	P
0	0.06754	0.00855	0.01134	0.00874	0.01256	0.00753	0.00722	0.02377	0.01395	0.75540	0.01898	0.01649	0.01196	0.00609	0.00491	0.00154	0.00422	0.00489	0.00600	0.00832
1	0.04200	0.00934	0.01425	0.01059	0.01460	0.00810	0.15892	0.01791	0.01248	0.34001	0.07443	0.01572	0.01250	0.00535	0.00482	0.00135	0.00475	0.00485	0.00440	0.24363
2	0.07176	0.09563	0.01478	0.03746	0.07058	0.36151	0.00929	0.07110	0.05702	0.14888	0.01077	0.01131	0.00811	0.00529	0.00448	0.00139	0.00668	0.00378	0.00346	0.00672
3	0.01333	0.82783	0.02612	0.00853	0.01279	0.01972	0.00853	0.01493	0.01013	0.01173	0.00693	0.00800	0.00640	0.00426	0.00320	0.00107	0.00533	0.00267	0.00213	0.00640
4	0.00725	0.00483	0.00544	0.00544	0.00544	0.00483	0.00302	0.00725	0.00725	0.00966	0.01571	0.03262	0.01812	0.82483	0.02537	0.00483	0.00483	0.00725	0.00302	0.00302
5	0.01088	0.00865	0.01027	0.00757	0.01178	0.00663	0.00611	0.01308	0.01062	0.06006	0.01050	0.01342	0.00892	0.00443	0.00395	0.00088	0.00378	0.04774	0.00323	0.75751
6	0.00705	0.00510	0.00666	0.00627	0.00745	0.00470	0.00470	0.00941	0.01411	0.01999	0.79110	0.03723	0.04703	0.01019	0.00588	0.00157	0.00235	0.00901	0.00549	0.00470
7	0.01871	0.01338	0.01422	0.01111	0.01493	0.03972	0.00910	0.60150	0.09212	0.11345	0.01344	0.01303	0.00945	0.00605	0.00498	0.00151	0.00532	0.00461	0.00505	0.00834
8	0.00737	0.00527	0.00726	0.00832	0.00921	0.00516	0.00679	0.00923	0.01103	0.01452	0.06971	0.29153	0.03104	0.01414	0.00667	0.00217	0.00394	0.48756	0.00465	0.00443
9	0.01050	0.05587	0.07540	0.00934	0.01177	0.07449	0.06058	0.01404	0.10267	0.07121	0.11748	0.22825	0.06185	0.00923	0.00537	0.00165	0.00443	0.02556	0.05460	0.00569
10	0.01112	0.00636	0.00776	0.00672	0.00893	0.00567	0.00525	0.04164	0.01342	0.20959	0.29721	0.03290	0.25582	0.00939	0.00548	0.00155	0.00303	0.00794	0.03559	0.03463
11	0.01676	0.24560	0.01735	0.01012	0.01400	0.01542	0.00875	0.44223	0.04025	0.07997	0.05334	0.01274	0.01043	0.00575	0.00453	0.00139	0.00514	0.00428	0.00429	0.00766
12	0.03980	0.01144	0.08979	0.06066	0.07508	0.00938	0.03619	0.07293	0.07851	0.09292	0.01115	0.01220	0.00845	0.00465	0.00437	0.00121	0.00479	0.00387	0.00342	0.37919
13	0.14292	0.01147	0.01640	0.03754	0.44781	0.02871	0.02342	0.08105	0.01210	0.07773	0.00991	0.01184	0.00779	0.00477	0.00474	0.00146	0.01566	0.00413	0.00308	0.05746
14	0.01240	0.33650	0.04385	0.07682	0.01547	0.10686	0.03895	0.01421	0.00983	0.01221	0.00765	0.01035	0.00688	0.00771	0.05673	0.00191	0.22984	0.00366	0.00225	0.00592
15	0.03679	0.55565	0.10921	0.00905	0.01334	0.01663	0.00919	0.08002	0.01140	0.03642	0.00870	0.00974	0.00722	0.00465	0.00359	0.00119	0.00525	0.00316	0.07221	0.00657
16	0.00624	0.00497	0.00561	0.00573	0.00707	0.00434	0.00424	0.00772	0.01171	0.01487	0.21424	0.16505	0.48470	0.01256	0.00599	0.00173	0.00260	0.03149	0.00482	0.00431
17	0.01207	0.00671	0.00827	0.00721	0.00943	0.00615	0.00561	0.07582	0.01375	0.24389	0.23722	0.11245	0.22141	0.00985	0.00561	0.00163	0.00326	0.00839	0.00534	0.00592
18	0.00734	0.00554	0.00770	0.00756	0.00820	0.00636	0.00562	0.00861	0.00791	0.01118	0.01485	0.02337	0.04116	0.23512	0.52968	0.00662	0.06029	0.00595	0.00280	0.00414
19	0.00731	0.00523	0.00716	0.00806	0.00897	0.00508	0.00651	0.00921	0.01136	0.01513	0.15316	0.27133	0.03294	0.01370	0.00657	0.00210	0.00374	0.42323	0.00475	0.00445
20	0.00692	0.00557	0.00629	0.00648	0.00797	0.00519	0.00500	0.00952	0.07977	0.01480	0.10371	0.14190	0.44651	0.01245	0.00603	0.00181	0.00300	0.12770	0.00473	0.00462
