[name]
unknown

[dist]
# distance from previous block
# <min> <max>
2	326

[block]
# block no. 0 follows, 46 sequences, length 69
# corresponding to MSA columns:
# 366-434
name=unknown_A
#
# <colnr> <probs for GDERKNQSTAVLIFYWHMCP>
#	G	D	E	R	K	N	Q	S	T	A	V	L	I	F	Y	W	H	M	C	P
0	0.20818	0.01040	0.01246	0.05706	0.01490	0.01068	0.06540	0.06690	0.16299	0.10073	0.02673	0.04550	0.01137	0.00597	0.00470	0.00153	0.00471	0.00488	0.00414	0.18077
1	0.06091	0.03017	0.01339	0.15556	0.01768	0.03118	0.05081	0.02771	0.03696	0.11819	0.05612	0.02601	0.01160	0.00561	0.00497	0.00137	0.01822	0.01466	0.00368	0.31521
2	0.10142	0.03040	0.01486	0.03138	0.01555	0.04121	0.13579	0.01845	0.01296	0.27817	0.08666	0.01635	0.01336	0.00577	0.00500	0.00147	0.00520	0.00503	0.00442	0.17655
3	0.04961	0.01544	0.14410	0.11966	0.02018	0.07221	0.08789	0.19297	0.03042	0.03268	0.01058	0.01225	0.00792	0.00518	0.00494	0.00147	0.00640	0.00428	0.00341	0.17841
4	0.16836	0.01054	0.01455	0.01346	0.12864	0.01000	0.09122	0.02671	0.01181	0.14649	0.03250	0.01322	0.00957	0.00515	0.00510	0.00141	0.03654	0.00428	0.00367	0.26680
5	0.16464	0.01106	0.01615	0.01357	0.08712	0.01039	0.16975	0.04620	0.02807	0.15653	0.01179	0.01295	0.00870	0.00491	0.00476	0.00143	0.00542	0.00441	0.00375	0.23840
6	0.26321	0.01110	0.01276	0.01051	0.03546	0.04067	0.05689	0.09056	0.04193	0.29058	0.01365	0.01345	0.00947	0.00560	0.00463	0.00156	0.00497	0.00434	0.00460	0.08407
7	0.13677	0.01403	0.13055	0.06171	0.09747	0.03007	0.08642	0.11242	0.03211	0.10115	0.02314	0.01298	0.00892	0.00526	0.00486	0.00153	0.00588	0.00439	0.00359	0.12675
8	0.20577	0.04728	0.01274	0.02639	0.04705	0.07922	0.02745	0.09174	0.04993	0.18174	0.09901	0.01654	0.01397	0.00628	0.00478	0.00156	0.00500	0.01740	0.00441	0.06173
9	0.13487	0.04595	0.01326	0.01038	0.01398	0.23055	0.02752	0.12570	0.01444	0.11115	0.01389	0.01431	0.06600	0.00590	0.00465	0.00140	0.00597	0.00434	0.00385	0.15189
10	0.14115	0.17129	0.04707	0.01214	0.07173	0.04179	0.09174	0.06708	0.01197	0.01813	0.00932	0.02167	0.00773	0.00475	0.00428	0.00128	0.00549	0.00381	0.00302	0.26455
11	0.01744	0.06728	0.01537	0.01299	0.07238	0.17836	0.00970	0.33213	0.03509	0.07628	0.01326	0.07191	0.01097	0.00870	0.05231	0.00197	0.00679	0.00523	0.00426	0.00758
12	0.01058	0.00687	0.01025	0.01102	0.09436	0.00731	0.00754	0.01247	0.00981	0.12797	0.01491	0.02070	0.01318	0.09726	0.52356	0.00642	0.01108	0.00568	0.00339	0.00563
13	0.01084	0.00657	0.00818	0.00720	0.00844	0.00631	0.02323	0.03761	0.00977	0.12740	0.01641	0.02869	0.01666	0.55801	0.05507	0.00427	0.00547	0.00681	0.00374	0.05933
14	0.01302	0.01113	0.04120	0.01157	0.01478	0.01115	0.12037	0.11182	0.29491	0.06422	0.11655	0.02164	0.01809	0.09544	0.00792	0.00208	0.00511	0.00634	0.00468	0.02798
15	0.01308	0.55235	0.13700	0.01022	0.01528	0.01731	0.03662	0.01563	0.01090	0.01394	0.00809	0.00945	0.00697	0.00450	0.00381	0.00118	0.00583	0.00315	0.00240	0.13229
16	0.04515	0.01319	0.01808	0.04311	0.33647	0.06366	0.05737	0.14681	0.07836	0.10221	0.01229	0.01376	0.00934	0.00559	0.00560	0.00163	0.03073	0.00483	0.00374	0.00808
17	0.01231	0.01177	0.02006	0.22458	0.59515	0.01236	0.01584	0.01555	0.01167	0.01633	0.00981	0.01334	0.00804	0.00485	0.00525	0.00162	0.00647	0.00471	0.00255	0.00775
18	0.01242	0.01189	0.02026	0.19632	0.62253	0.01239	0.01590	0.01565	0.01172	0.01647	0.00983	0.01330	0.00809	0.00483	0.00524	0.00161	0.00644	0.00471	0.00256	0.00784
19	0.85155	0.01022	0.00777	0.00695	0.01022	0.01186	0.00573	0.01554	0.00900	0.02372	0.00736	0.00859	0.00573	0.00491	0.00327	0.00164	0.00409	0.00286	0.00327	0.00573
20	0.01060	0.02735	0.78682	0.01507	0.02288	0.01228	0.01953	0.01674	0.01116	0.01674	0.00949	0.01116	0.00670	0.00502	0.00502	0.00167	0.00781	0.00391	0.00223	0.00781
21	0.00739	0.00540	0.00693	0.00655	0.00784	0.00495	0.00491	0.00979	0.01474	0.02066	0.72226	0.04037	0.10640	0.01101	0.00624	0.00167	0.00251	0.00968	0.00575	0.00495
22	0.01843	0.02217	0.01443	0.01295	0.01561	0.63043	0.00982	0.07072	0.04916	0.01526	0.05917	0.01221	0.01018	0.00605	0.00531	0.00145	0.03307	0.00405	0.00320	0.00634
23	0.01076	0.06255	0.75299	0.01480	0.02247	0.01266	0.01907	0.01670	0.01114	0.01655	0.00939	0.01104	0.00670	0.00500	0.00495	0.00165	0.00772	0.00386	0.00223	0.00777
24	0.00644	0.00460	0.00613	0.00736	0.00767	0.00429	0.00491	0.00736	0.01012	0.01350	0.02914	0.81076	0.03497	0.01656	0.00675	0.00215	0.00307	0.01503	0.00491	0.00429
25	0.01119	0.01035	0.01745	0.21651	0.40927	0.01088	0.03693	0.01421	0.01158	0.01587	0.01378	0.07224	0.01306	0.00709	0.00568	0.00179	0.00613	0.11602	0.00304	0.00693
26	0.01782	0.01653	0.01596	0.01423	0.06615	0.31774	0.09945	0.02220	0.14689	0.18677	0.01492	0.01506	0.03006	0.00603	0.00524	0.00157	0.00702	0.00490	0.00408	0.00738
27	0.00644	0.00460	0.00613	0.00736	0.00767	0.00429	0.00491	0.00736	0.01012	0.01350	0.02914	0.81076	0.03497	0.01656	0.00675	0.00215	0.00307	0.01503	0.00491	0.00429
28	0.00644	0.00460	0.00613	0.00736	0.00767	0.00429	0.00491	0.00736	0.01012	0.01350	0.02914	0.81076	0.03497	0.01656	0.00675	0.00215	0.00307	0.01503	0.00491	0.00429
29	0.01173	0.01205	0.01625	0.61193	0.10312	0.12843	0.01416	0.01490	0.01137	0.01377	0.00926	0.01332	0.00714	0.00526	0.00520	0.00168	0.00735	0.00451	0.00243	0.00614
30	0.03093	0.12590	0.21222	0.01235	0.01688	0.21903	0.01185	0.08564	0.15446	0.06324	0.01200	0.01246	0.00905	0.00567	0.00481	0.00153	0.00687	0.00415	0.00349	0.00747
31	0.00938	0.00760	0.01063	0.00867	0.01096	0.00686	0.08805	0.04070	0.01208	0.01717	0.25632	0.05802	0.02521	0.21262	0.01091	0.00236	0.00436	0.00720	0.00411	0.20679
32	0.11077	0.13096	0.01404	0.00962	0.01312	0.01266	0.00795	0.11561	0.23902	0.18994	0.01540	0.01503	0.01130	0.00691	0.00577	0.05655	0.00469	0.00468	0.00466	0.03133
33	0.00925	0.00696	0.00839	0.00772	0.00939	0.00701	0.00586	0.08060	0.11290	0.02167	0.53736	0.09919	0.05188	0.01045	0.00608	0.00171	0.00306	0.00914	0.00562	0.00572
34	0.01201	0.07874	0.55793	0.01548	0.02242	0.01276	0.14171	0.01730	0.01161	0.06647	0.01028	0.01194	0.00734	0.00499	0.00513	0.00165	0.00763	0.00431	0.00259	0.00770
35	0.01165	0.01110	0.01887	0.38762	0.43726	0.01218	0.01551	0.01497	0.01136	0.01553	0.00969	0.01355	0.00776	0.00498	0.00526	0.00166	0.00663	0.00470	0.00249	0.00722
36	0.01476	0.67951	0.02537	0.00964	0.01391	0.09115	0.00915	0.03808	0.05174	0.01358	0.00832	0.00929	0.00734	0.00480	0.00368	0.00120	0.00594	0.00310	0.00255	0.00687
37	0.01117	0.00823	0.01048	0.02373	0.02721	0.00740	0.02611	0.07450	0.03087	0.07940	0.23200	0.09982	0.05484	0.00819	0.00537	0.00145	0.00384	0.01977	0.00462	0.27100
38	0.01202	0.01129	0.01887	0.06009	0.49767	0.01143	0.07199	0.01610	0.07379	0.01759	0.07039	0.03386	0.01416	0.00633	0.00558	0.00169	0.00590	0.06037	0.00328	0.00758
39	0.01097	0.01058	0.01846	0.54374	0.22865	0.01208	0.07127	0.01447	0.01109	0.01474	0.00964	0.01385	0.00746	0.00507	0.00534	0.00171	0.00699	0.00482	0.00244	0.00662
40	0.01194	0.01122	0.01889	0.06691	0.62876	0.01129	0.01446	0.01477	0.01168	0.01652	0.01278	0.13220	0.01228	0.00651	0.00546	0.00167	0.00584	0.00625	0.00295	0.00764
41	0.01015	0.00971	0.01685	0.75079	0.03584	0.01185	0.06332	0.01373	0.01069	0.01373	0.00948	0.01411	0.00711	0.00523	0.00535	0.00176	0.00717	0.00480	0.00237	0.00595
42	0.01172	0.27720	0.54675	0.01316	0.01994	0.01501	0.01622	0.01645	0.01103	0.01538	0.00881	0.01031	0.00672	0.00486	0.00451	0.00150	0.00713	0.00357	0.00224	0.00749
43	0.00684	0.00538	0.00617	0.00597	0.00750	0.00471	0.00448	0.00873	0.01344	0.01758	0.39949	0.04544	0.43109	0.01216	0.00624	0.00173	0.00259	0.01040	0.00534	0.00471
44	0.00679	0.00550	0.00611	0.00630	0.00793	0.00482	0.00496	0.00845	0.01235	0.01523	0.11825	0.05143	0.56829	0.01337	0.00645	0.00190	0.00307	0.14922	0.00499	0.00459
45	0.01262	0.01209	0.02062	0.14724	0.67006	0.01244	0.01599	0.01582	0.01182	0.01671	0.00986	0.01324	0.00818	0.00480	0.00524	0.00160	0.00639	0.00471	0.00258	0.00800
46	0.01285	0.01233	0.02104	0.08942	0.72606	0.01250	0.01611	0.01602	0.01193	0.01699	0.00990	0.01316	0.00828	0.00475	0.00524	0.00158	0.00634	0.00471	0.00260	0.00819
47	0.00748	0.00540	0.00707	0.00665	0.00790	0.00499	0.00499	0.00998	0.01496	0.02120	0.77844	0.03949	0.04988	0.01081	0.00624	0.00166	0.00249	0.00956	0.00582	0.00499
48	0.00625	0.00536	0.00536	0.00536	0.00714	0.00446	0.00402	0.00759	0.01205	0.01428	0.05355	0.05088	0.77909	0.01339	0.00625	0.00179	0.00268	0.01116	0.00491	0.00446
49	0.02313	0.01141	0.01267	0.01003	0.01392	0.12497	0.00813	0.02507	0.01511	0.66967	0.01896	0.01673	0.01215	0.00638	0.00523	0.00159	0.00525	0.00503	0.00597	0.00857
50	0.00757	0.00558	0.00809	0.00809	0.00889	0.00639	0.00610	0.00918	0.00838	0.01197	0.01453	0.02283	0.01411	0.15526	0.67887	0.00799	0.01281	0.00597	0.00289	0.00449
51	0.01025	0.00739	0.00962	0.01010	0.01177	0.00762	0.00875	0.12330	0.01406	0.01843	0.02571	0.05263	0.02723	0.01337	0.00700	0.00231	0.00501	0.63506	0.00493	0.00548
52	0.01315	0.01136	0.01195	0.01076	0.01375	0.01315	0.00837	0.02809	0.77168	0.02211	0.02152	0.01972	0.01614	0.00717	0.00538	0.00179	0.00418	0.00598	0.00538	0.00837
53	0.00675	0.00482	0.00649	0.00772	0.00816	0.00456	0.00545	0.00790	0.01043	0.01384	0.02897	0.69864	0.03429	0.01627	0.00683	0.00219	0.00334	0.12408	0.00490	0.00438
54	0.85155	0.01022	0.00777	0.00695	0.01022	0.01186	0.00573	0.01554	0.00900	0.02372	0.00736	0.00859	0.00573	0.00491	0.00327	0.00164	0.00409	0.00286	0.00327	0.00573
55	0.00646	0.00536	0.00565	0.00558	0.00727	0.00455	0.00418	0.00799	0.01255	0.01546	0.17729	0.04893	0.65461	0.01295	0.00625	0.00176	0.00265	0.01088	0.00506	0.00455
56	0.01413	0.81739	0.02770	0.00905	0.01357	0.02092	0.00905	0.01583	0.01074	0.01244	0.00735	0.00848	0.00678	0.00452	0.00339	0.00113	0.00565	0.00283	0.00226	0.00678
57	0.00764	0.00551	0.00728	0.00711	0.00835	0.00515	0.00552	0.01012	0.01455	0.02040	0.66643	0.04250	0.04698	0.01137	0.00639	0.00178	0.00285	0.11943	0.00568	0.00497
58	0.02010	0.01481	0.01587	0.01216	0.01639	0.01639	0.01005	0.76360	0.02486	0.03332	0.01269	0.01269	0.00899	0.00635	0.00529	0.00159	0.00582	0.00476	0.00529	0.00899
59	0.01093	0.01011	0.01652	0.62365	0.14585	0.01191	0.01441	0.04733	0.01144	0.01508	0.00962	0.01377	0.00736	0.00520	0.00523	0.00169	0.00677	0.00465	0.00255	0.03592
60	0.00642	0.00468	0.00605	0.00715	0.00761	0.00431	0.00481	0.00739	0.01033	0.01358	0.03177	0.72895	0.11508	0.01622	0.00669	0.00211	0.00303	0.01461	0.00491	0.00431
61	0.00761	0.00513	0.00596	0.00603	0.00611	0.00518	0.00351	0.00778	0.00787	0.01055	0.01715	0.07471	0.01966	0.72165	0.07572	0.00519	0.00560	0.00794	0.00327	0.00336
62	0.05315	0.01228	0.01311	0.01072	0.01442	0.01341	0.00860	0.29773	0.34849	0.04924	0.01617	0.01554	0.01196	0.00636	0.00508	0.00159	0.00476	0.00503	0.00502	0.10734
63	0.01097	0.08048	0.59039	0.01381	0.02084	0.01215	0.04289	0.01617	0.01115	0.01651	0.00936	0.01105	0.00692	0.00480	0.00478	0.00151	0.00712	0.00380	0.00238	0.13291
64	0.00823	0.00592	0.00811	0.00896	0.01021	0.00581	0.00766	0.01063	0.01271	0.01680	0.17446	0.05538	0.06384	0.01382	0.00705	0.00226	0.00432	0.57389	0.00505	0.00488
65	0.00740	0.00550	0.00698	0.00708	0.00838	0.00508	0.00554	0.00957	0.01354	0.01828	0.43591	0.08677	0.19005	0.01243	0.00649	0.00188	0.00306	0.16585	0.00539	0.00482
66	0.00763	0.00566	0.00799	0.00981	0.05918	0.00548	0.00692	0.00926	0.01108	0.01474	0.04450	0.47655	0.03197	0.01497	0.00683	0.00220	0.00390	0.27178	0.00477	0.00478
67	0.01433	0.00719	0.00844	0.00719	0.00966	0.00678	0.00569	0.08366	0.01407	0.25712	0.09075	0.02495	0.13048	0.00779	0.00495	0.00151	0.00343	0.00637	0.30915	0.00649
68	0.00961	0.00718	0.00798	0.00711	0.00914	0.00700	0.00551	0.15529	0.01552	0.02082	0.30446	0.03734	0.31725	0.01062	0.00589	0.00167	0.00321	0.00894	0.05990	0.00556

[dist]
# distance from previous block
# <min> <max>
0	1

[block]
# block no. 1 follows, 46 sequences, length 36
# corresponding to MSA columns:
# 436-471
name=unknown_B
#
# <colnr> <probs for GDERKNQSTAVLIFYWHMCP>
#	G	D	E	R	K	N	Q	S	T	A	V	L	I	F	Y	W	H	M	C	P
0	0.01279	0.25837	0.36805	0.01186	0.01741	0.08807	0.01334	0.01645	0.01170	0.05615	0.01376	0.01457	0.08463	0.00584	0.00465	0.00149	0.00664	0.00434	0.00279	0.00707
1	0.01318	0.03883	0.01249	0.01070	0.01374	0.01341	0.00839	0.02767	0.74574	0.02178	0.02103	0.01934	0.01582	0.00708	0.00531	0.00177	0.00423	0.00587	0.00527	0.00831
2	0.01178	0.01113	0.01842	0.34248	0.41896	0.01213	0.01493	0.01569	0.05226	0.01600	0.01033	0.01380	0.00824	0.00506	0.00523	0.00164	0.00642	0.00473	0.00267	0.02812
3	0.01413	0.81739	0.02770	0.00905	0.01357	0.02092	0.00905	0.01583	0.01074	0.01244	0.00735	0.00848	0.00678	0.00452	0.00339	0.00113	0.00565	0.00283	0.00226	0.00678
4	0.00638	0.00482	0.00591	0.00677	0.00751	0.00434	0.00465	0.00743	0.01069	0.01373	0.03628	0.58841	0.25271	0.01563	0.00660	0.00204	0.00295	0.01390	0.00491	0.00434
5	0.00708	0.00539	0.00651	0.00623	0.00765	0.00482	0.00467	0.00920	0.01402	0.01896	0.54430	0.04317	0.28542	0.01164	0.00624	0.00170	0.00255	0.01008	0.00553	0.00482
6	0.01000	0.00781	0.00873	0.00788	0.00998	0.00795	0.00607	0.13009	0.14149	0.02092	0.29169	0.07662	0.23886	0.01053	0.00598	0.00173	0.00338	0.00895	0.00536	0.00599
7	0.01308	0.01256	0.02146	0.03245	0.78123	0.01256	0.01622	0.01622	0.01204	0.01727	0.00994	0.01308	0.00837	0.00471	0.00523	0.00157	0.00628	0.00471	0.00262	0.00837
8	0.01308	0.01256	0.02146	0.03245	0.78123	0.01256	0.01622	0.01622	0.01204	0.01727	0.00994	0.01308	0.00837	0.00471	0.00523	0.00157	0.00628	0.00471	0.00262	0.00837
9	0.00852	0.00608	0.00852	0.00974	0.01095	0.00608	0.00852	0.01095	0.01217	0.01582	0.02799	0.05963	0.03042	0.01460	0.00730	0.00243	0.00487	0.74565	0.00487	0.00487
10	0.00831	0.00594	0.00726	0.00682	0.00825	0.00579	0.00515	0.01203	0.09040	0.02095	0.59273	0.03534	0.05853	0.00993	0.00584	0.00163	0.00266	0.00867	0.10846	0.00531
11	0.00878	0.00763	0.00915	0.00901	0.01013	0.08557	0.00697	0.01061	0.00915	0.01234	0.01356	0.01964	0.01257	0.03621	0.71409	0.00778	0.01370	0.00544	0.00282	0.00486
12	0.00777	0.00640	0.00997	0.00972	0.01065	0.00663	0.08196	0.00929	0.01013	0.01378	0.02346	0.51317	0.02686	0.01743	0.10468	0.00293	0.07379	0.06239	0.00420	0.00480
13	0.00758	0.00554	0.00784	0.00784	0.00856	0.00625	0.00580	0.00902	0.00830	0.01179	0.01476	0.02407	0.01465	0.22462	0.61025	0.00769	0.01200	0.00615	0.00292	0.00436
14	0.00644	0.00460	0.00613	0.00736	0.00767	0.00429	0.00491	0.00736	0.01012	0.01350	0.02914	0.81076	0.03497	0.01656	0.00675	0.00215	0.00307	0.01503	0.00491	0.00429
15	0.01239	0.00900	0.00959	0.00852	0.01089	0.00989	0.00664	0.12974	0.31460	0.02286	0.11056	0.02107	0.01830	0.00715	0.00491	0.00156	0.00365	0.00588	0.28591	0.00690
16	0.01783	0.01908	0.01382	0.01232	0.01528	0.45053	0.00942	0.05056	0.26800	0.06987	0.01366	0.01363	0.01043	0.00613	0.00503	0.00153	0.00727	0.00444	0.00397	0.00718
17	0.00755	0.00566	0.00850	0.00850	0.00944	0.00661	0.00661	0.00944	0.00850	0.01227	0.01416	0.02077	0.01322	0.03965	0.79326	0.00850	0.01416	0.00566	0.00283	0.00472
18	0.02372	0.00900	0.01227	0.00941	0.01350	0.00777	0.00777	0.02576	0.01513	0.78489	0.02086	0.01799	0.01309	0.00654	0.00532	0.00164	0.00450	0.00532	0.00654	0.00900
19	0.01406	0.01583	0.10081	0.07111	0.09615	0.15294	0.14537	0.05269	0.04782	0.05765	0.03578	0.01383	0.00961	0.00676	0.02171	0.00186	0.14101	0.00492	0.00311	0.00697
20	0.01463	0.01450	0.08593	0.02067	0.26567	0.03962	0.16411	0.12305	0.13052	0.06847	0.01284	0.01431	0.00968	0.00543	0.00544	0.00166	0.00656	0.00514	0.00364	0.00812
21	0.01752	0.02044	0.01662	0.01620	0.11198	0.49363	0.03828	0.07968	0.01435	0.01525	0.00868	0.01069	0.00725	0.00593	0.00671	0.00156	0.12179	0.00395	0.00286	0.00663
22	0.01421	0.01317	0.09291	0.01128	0.01620	0.01081	0.08460	0.22035	0.01515	0.05904	0.01100	0.01213	0.00831	0.00488	0.00471	0.00124	0.00536	0.00408	0.00375	0.40685
23	0.01213	0.35495	0.44677	0.01280	0.01917	0.01590	0.03961	0.01637	0.01103	0.01496	0.00864	0.01015	0.00678	0.00480	0.00439	0.00145	0.00695	0.00353	0.00226	0.00736
24	0.00666	0.00482	0.00633	0.00739	0.00792	0.00449	0.00516	0.00781	0.01066	0.01411	0.06626	0.65755	0.08650	0.01590	0.00674	0.00212	0.00317	0.07708	0.00495	0.00439
25	0.09389	0.00926	0.01186	0.00929	0.01323	0.00849	0.00764	0.02505	0.06668	0.66720	0.01975	0.01731	0.01267	0.00645	0.00515	0.00165	0.00444	0.00515	0.00618	0.00867
26	0.00810	0.00751	0.01139	0.00968	0.01201	0.00693	0.16254	0.01102	0.06843	0.01526	0.03741	0.19095	0.41451	0.01169	0.00628	0.00186	0.00417	0.01051	0.00448	0.00528
27	0.00795	0.00568	0.00787	0.00909	0.01006	0.00560	0.00754	0.00998	0.01161	0.01519	0.02830	0.26381	0.03166	0.01514	0.00715	0.00236	0.00438	0.54705	0.00488	0.00471
28	0.01108	0.00537	0.00581	0.00550	0.00702	0.00522	0.00419	0.01351	0.01176	0.09664	0.07000	0.02090	0.01600	0.00652	0.00403	0.00130	0.00267	0.00529	0.70185	0.00534
29	0.00807	0.00674	0.00719	0.00684	0.00880	0.00655	0.00520	0.01274	0.18679	0.01739	0.18422	0.04157	0.46530	0.01147	0.00605	0.00176	0.00299	0.00967	0.00519	0.00546
30	0.01975	0.02520	0.01498	0.01362	0.01634	0.79299	0.01021	0.02111	0.01498	0.01294	0.00817	0.00953	0.00681	0.00545	0.00477	0.00136	0.00953	0.00340	0.00272	0.00613
31	0.01356	0.01156	0.01218	0.01084	0.01390	0.01334	0.00847	0.07155	0.72756	0.02278	0.02100	0.01931	0.01572	0.00712	0.00537	0.00178	0.00428	0.00591	0.00537	0.00840
32	0.00682	0.00484	0.00639	0.00749	0.00788	0.00460	0.00518	0.00783	0.01013	0.01345	0.02774	0.64074	0.03283	0.09641	0.00884	0.00248	0.00349	0.10386	0.00473	0.00425
33	0.00988	0.01129	0.09491	0.01425	0.01761	0.00943	0.30265	0.01392	0.06791	0.01642	0.06804	0.26254	0.03355	0.00946	0.00626	0.00191	0.00595	0.04404	0.00386	0.00613
34	0.01420	0.01524	0.01792	0.20389	0.36198	0.22638	0.01384	0.01752	0.04959	0.01545	0.00990	0.01267	0.00802	0.00517	0.00512	0.00157	0.00725	0.00441	0.00272	0.00718
35	0.01413	0.81739	0.02770	0.00905	0.01357	0.02092	0.00905	0.01583	0.01074	0.01244	0.00735	0.00848	0.00678	0.00452	0.00339	0.00113	0.00565	0.00283	0.00226	0.00678

[dist]
# distance from previous block
# <min> <max>
0	29

[block]
# block no. 2 follows, 46 sequences, length 61
# corresponding to MSA columns:
# 501-530,534-564
name=unknown_C
#
# <colnr> <probs for GDERKNQSTAVLIFYWHMCP>
#	G	D	E	R	K	N	Q	S	T	A	V	L	I	F	Y	W	H	M	C	P
0	0.01042	0.00566	0.00573	0.00553	0.00697	0.00582	0.00420	0.04054	0.05530	0.02034	0.01733	0.01945	0.01353	0.00622	0.00385	0.00128	0.00268	0.00498	0.76490	0.00527
1	0.15437	0.01281	0.04045	0.29864	0.02356	0.06963	0.07275	0.17829	0.01421	0.07090	0.01055	0.01272	0.00770	0.00547	0.00498	0.00166	0.00648	0.00445	0.00347	0.00692
2	0.01841	0.19805	0.01771	0.01246	0.01554	0.56739	0.00991	0.01986	0.01383	0.04321	0.00845	0.00970	0.00706	0.00541	0.00489	0.00135	0.03424	0.00339	0.00276	0.00637
3	0.01236	0.26160	0.47272	0.01344	0.01992	0.01518	0.05292	0.06474	0.01199	0.01654	0.00912	0.01062	0.00694	0.00493	0.00461	0.00151	0.00709	0.00376	0.00246	0.00755
4	0.01463	0.74707	0.02657	0.00945	0.01381	0.08945	0.00915	0.01630	0.01112	0.01248	0.00742	0.00857	0.00679	0.00460	0.00351	0.00115	0.00600	0.00288	0.00230	0.00673
5	0.01096	0.00940	0.01096	0.00783	0.01253	0.00705	0.00626	0.01331	0.01096	0.01723	0.00940	0.01096	0.00783	0.00392	0.00392	0.00078	0.00392	0.00313	0.00313	0.84653
6	0.00850	0.00628	0.00830	0.00926	0.01050	0.00635	0.00773	0.01175	0.07924	0.01594	0.02868	0.17834	0.06129	0.01421	0.00700	0.00230	0.00442	0.52992	0.00492	0.00507
7	0.00743	0.00540	0.00699	0.00660	0.00787	0.00497	0.00495	0.00988	0.01484	0.02091	0.74804	0.03997	0.08046	0.01092	0.00624	0.00167	0.00250	0.00963	0.00578	0.00497
8	0.00998	0.00940	0.01586	0.80150	0.03641	0.01175	0.01468	0.01351	0.01057	0.01351	0.00940	0.01409	0.00705	0.00529	0.00529	0.00176	0.00705	0.00470	0.00235	0.00587
9	0.85155	0.01022	0.00777	0.00695	0.01022	0.01186	0.00573	0.01554	0.00900	0.02372	0.00736	0.00859	0.00573	0.00491	0.00327	0.00164	0.00409	0.00286	0.00327	0.00573
10	0.00663	0.00473	0.00635	0.00757	0.00796	0.00445	0.00523	0.00768	0.01030	0.01370	0.02904	0.74409	0.03456	0.01639	0.00680	0.00217	0.00323	0.07988	0.00490	0.00434
11	0.02372	0.00900	0.01227	0.00941	0.01350	0.00777	0.00777	0.02576	0.01513	0.78489	0.02086	0.01799	0.01309	0.00654	0.00532	0.00164	0.00450	0.00532	0.00654	0.00900
12	0.00651	0.00465	0.00620	0.00731	0.00768	0.00434	0.00491	0.00753	0.01044	0.01401	0.07873	0.75972	0.03595	0.01618	0.00671	0.00211	0.00303	0.01467	0.00497	0.00434
13	0.00998	0.00940	0.01586	0.80150	0.03641	0.01175	0.01468	0.01351	0.01057	0.01351	0.00940	0.01409	0.00705	0.00529	0.00529	0.00176	0.00705	0.00470	0.00235	0.00587
14	0.02057	0.01448	0.01534	0.01185	0.01600	0.04961	0.00975	0.63091	0.02310	0.13410	0.01360	0.01327	0.00945	0.00633	0.00527	0.00158	0.00580	0.00477	0.00534	0.00886
15	0.00644	0.00460	0.00613	0.00736	0.00767	0.00429	0.00491	0.00736	0.01012	0.01350	0.02914	0.81076	0.03497	0.01656	0.00675	0.00215	0.00307	0.01503	0.00491	0.00429
16	0.01103	0.00656	0.00672	0.00630	0.00799	0.00694	0.00483	0.06331	0.12963	0.02096	0.01761	0.01926	0.01366	0.00633	0.00406	0.00134	0.00295	0.00508	0.65974	0.00572
17	0.10880	0.01432	0.01500	0.01161	0.01574	0.01591	0.00959	0.68379	0.02316	0.03229	0.01212	0.01225	0.00864	0.00619	0.00507	0.00159	0.00563	0.00456	0.00507	0.00864
18	0.00644	0.00460	0.00613	0.00736	0.00767	0.00429	0.00491	0.00736	0.01012	0.01350	0.02914	0.81076	0.03497	0.01656	0.00675	0.00215	0.00307	0.01503	0.00491	0.00429
19	0.06508	0.01062	0.01572	0.67610	0.03315	0.06292	0.03539	0.01423	0.01081	0.01423	0.00922	0.01344	0.00697	0.00525	0.00515	0.00173	0.00707	0.00454	0.00244	0.00592
20	0.00648	0.00463	0.00617	0.00733	0.00768	0.00432	0.00491	0.00747	0.01032	0.01382	0.06056	0.77841	0.03559	0.01632	0.00673	0.00213	0.00304	0.01480	0.00495	0.00432
21	0.01184	0.22097	0.07355	0.01217	0.12461	0.01170	0.00932	0.01442	0.01133	0.01621	0.05864	0.01248	0.01027	0.00472	0.00420	0.00111	0.00490	0.00375	0.00294	0.39084
22	0.04098	0.01366	0.04147	0.01288	0.01701	0.01413	0.11869	0.40309	0.15916	0.06479	0.01599	0.01601	0.04430	0.00646	0.00542	0.00167	0.00577	0.00543	0.00481	0.00827
23	0.00736	0.00560	0.00693	0.00734	0.00874	0.00517	0.00593	0.00934	0.01264	0.01631	0.20018	0.08528	0.31164	0.01342	0.00666	0.00201	0.00346	0.28217	0.00509	0.00472
24	0.00771	0.00585	0.00721	0.00739	0.00852	0.00574	0.00533	0.01111	0.11176	0.01769	0.32308	0.35414	0.08854	0.01287	0.00633	0.00189	0.00296	0.01144	0.00533	0.00511
25	0.01060	0.02735	0.78682	0.01507	0.02288	0.01228	0.01953	0.01674	0.01116	0.01674	0.00949	0.01116	0.00670	0.00502	0.00502	0.00167	0.00781	0.00391	0.00223	0.00781
26	0.00755	0.00566	0.00850	0.00850	0.00944	0.00661	0.00661	0.00944	0.00850	0.01227	0.01416	0.02077	0.01322	0.03965	0.79326	0.00850	0.01416	0.00566	0.00283	0.00472
27	0.00771	0.00618	0.00672	0.00642	0.00821	0.00570	0.00485	0.05892	0.04342	0.01725	0.20002	0.09383	0.49695	0.01234	0.00618	0.00177	0.00293	0.01044	0.00514	0.00502
28	0.01322	0.01047	0.01349	0.01139	0.01334	0.01208	0.04211	0.23902	0.01480	0.05436	0.07155	0.15548	0.05095	0.00975	0.00927	0.00194	0.23780	0.02809	0.00431	0.00656
29	0.01273	0.25635	0.29845	0.01094	0.01668	0.01313	0.01203	0.01624	0.01128	0.07289	0.00968	0.01082	0.00750	0.00470	0.00427	0.00127	0.00589	0.00349	0.00280	0.22887
30	0.01013	0.00826	0.00959	0.00731	0.01109	0.00643	0.00574	0.01237	0.01127	0.01734	0.06358	0.05163	0.06330	0.00575	0.00433	0.00101	0.00358	0.00476	0.07810	0.62444
31	0.00758	0.00489	0.00654	0.00750	0.00805	0.00452	0.00510	0.00858	0.01045	0.06455	0.02859	0.75829	0.03352	0.01590	0.00665	0.00211	0.00316	0.01439	0.00502	0.00461
32	0.01112	0.01283	0.08876	0.34587	0.11687	0.02978	0.23238	0.01489	0.01142	0.01522	0.01109	0.06514	0.00925	0.00569	0.00562	0.00175	0.00737	0.00572	0.00264	0.00661
33	0.05066	0.01069	0.01752	0.33658	0.15717	0.01184	0.09267	0.02718	0.01173	0.14635	0.01132	0.01412	0.00837	0.00565	0.00633	0.00175	0.07496	0.00488	0.00322	0.00700
34	0.20320	0.01292	0.01354	0.01060	0.01460	0.01409	0.00875	0.48725	0.01990	0.14541	0.01276	0.01260	0.00890	0.00606	0.00485	0.00160	0.00524	0.00443	0.00504	0.00827
35	0.00644	0.00460	0.00613	0.00736	0.00767	0.00429	0.00491	0.00736	0.01012	0.01350	0.02914	0.81076	0.03497	0.01656	0.00675	0.00215	0.00307	0.01503	0.00491	0.00429
36	0.04743	0.03527	0.08661	0.07850	0.05057	0.03006	0.05477	0.03995	0.37615	0.02012	0.10840	0.01903	0.01665	0.00675	0.00533	0.00171	0.00514	0.00576	0.00436	0.00743
37	0.01413	0.81739	0.02770	0.00905	0.01357	0.02092	0.00905	0.01583	0.01074	0.01244	0.00735	0.00848	0.00678	0.00452	0.00339	0.00113	0.00565	0.00283	0.00226	0.00678
38	0.12399	0.01080	0.01398	0.04619	0.01567	0.01133	0.10452	0.09215	0.22104	0.11398	0.02910	0.06808	0.01309	0.00669	0.00539	0.00166	0.02100	0.00570	0.00445	0.09120
39	0.01821	0.01535	0.01557	0.01264	0.01559	0.14291	0.01029	0.41292	0.01856	0.07357	0.01109	0.01225	0.00840	0.00691	0.00812	0.00173	0.19936	0.00454	0.00423	0.00775
40	0.07728	0.00960	0.01218	0.00937	0.01346	0.00872	0.00772	0.08708	0.01525	0.61537	0.01844	0.01641	0.01187	0.00623	0.00508	0.00157	0.00454	0.00495	0.00597	0.06888
41	0.00755	0.00566	0.00850	0.00850	0.00944	0.00661	0.00661	0.00944	0.00850	0.01227	0.01416	0.02077	0.01322	0.03965	0.79326	0.00850	0.01416	0.00566	0.00283	0.00472
42	0.00748	0.00540	0.00707	0.00665	0.00790	0.00499	0.00499	0.00998	0.01496	0.02120	0.77844	0.03949	0.04988	0.01081	0.00624	0.00166	0.00249	0.00956	0.00582	0.00499
43	0.00998	0.00940	0.01586	0.80150	0.03641	0.01175	0.01468	0.01351	0.01057	0.01351	0.00940	0.01409	0.00705	0.00529	0.00529	0.00176	0.00705	0.00470	0.00235	0.00587
44	0.01247	0.01194	0.02035	0.18445	0.63402	0.01240	0.01592	0.01569	0.01175	0.01653	0.00984	0.01328	0.00811	0.00482	0.00524	0.00161	0.00643	0.00471	0.00256	0.00788
45	0.01486	0.01332	0.01244	0.01111	0.01413	0.13240	0.00861	0.02687	0.60555	0.07119	0.01943	0.01805	0.01451	0.00687	0.00528	0.00172	0.00503	0.00554	0.00505	0.00807
46	0.53254	0.01051	0.00997	0.00826	0.01186	0.01141	0.00681	0.11598	0.01263	0.21830	0.01149	0.01151	0.00802	0.00551	0.00405	0.00163	0.00442	0.00373	0.00437	0.00698
47	0.00737	0.00540	0.00691	0.00654	0.00783	0.00494	0.00490	0.00976	0.01471	0.02059	0.71410	0.04050	0.11461	0.01104	0.00624	0.00167	0.00251	0.00970	0.00574	0.00494
48	0.00761	0.00569	0.00731	0.00817	0.00945	0.00540	0.00677	0.00954	0.01189	0.01509	0.03558	0.14776	0.24917	0.01449	0.00693	0.00221	0.00401	0.44338	0.00488	0.00468
49	0.70188	0.01000	0.00858	0.00740	0.01082	0.01112	0.00609	0.01739	0.01011	0.16134	0.00980	0.01029	0.00706	0.00520	0.00364	0.00164	0.00416	0.00331	0.00386	0.00632
50	0.00693	0.00555	0.00623	0.00609	0.00769	0.00492	0.00461	0.00907	0.03228	0.01703	0.31432	0.04622	0.47433	0.01233	0.00625	0.00176	0.00271	0.03166	0.00525	0.00476
51	0.00644	0.00460	0.00613	0.00736	0.00767	0.00429	0.00491	0.00736	0.01012	0.01350	0.02914	0.81076	0.03497	0.01656	0.00675	0.00215	0.00307	0.01503	0.00491	0.00429
52	0.01308	0.01256	0.02146	0.03245	0.78123	0.01256	0.01622	0.01622	0.01204	0.01727	0.00994	0.01308	0.00837	0.00471	0.00523	0.00157	0.00628	0.00471	0.00262	0.00837
53	0.00705	0.00509	0.00671	0.00721	0.00804	0.00475	0.00524	0.00878	0.01238	0.01693	0.34123	0.39834	0.06487	0.01389	0.00657	0.00196	0.00298	0.07805	0.00528	0.00464
54	0.00851	0.00670	0.00929	0.00881	0.00925	0.00811	0.00663	0.00953	0.00812	0.01167	0.01308	0.02232	0.01332	0.23981	0.38757	0.04819	0.17598	0.00594	0.00280	0.00441
55	0.01477	0.11235	0.01708	0.03526	0.01517	0.06639	0.01059	0.21943	0.01367	0.03192	0.00923	0.01189	0.00782	0.00860	0.03989	0.00211	0.36936	0.00441	0.00324	0.00683
56	0.00750	0.00546	0.00690	0.00769	0.00846	0.00525	0.00546	0.05772	0.01143	0.01507	0.03012	0.62961	0.09893	0.01545	0.00665	0.00210	0.00336	0.07323	0.00493	0.00467
57	0.04019	0.24535	0.08652	0.01189	0.02855	0.31469	0.01026	0.08860	0.01376	0.05771	0.00924	0.01051	0.00746	0.00591	0.00524	0.04362	0.00720	0.00359	0.00299	0.00673
58	0.01186	0.01119	0.03395	0.08480	0.24825	0.01017	0.05922	0.01470	0.01127	0.02989	0.00971	0.01224	0.00795	0.00468	0.00538	0.00129	0.05023	0.00408	0.00287	0.38625
59	0.01355	0.19593	0.40345	0.01334	0.01946	0.03585	0.06694	0.07457	0.01263	0.07865	0.01022	0.01141	0.00753	0.00508	0.00476	0.00152	0.00694	0.00398	0.00289	0.03131
60	0.02711	0.00872	0.09071	0.07865	0.01292	0.00698	0.00776	0.01305	0.04577	0.12490	0.14927	0.24300	0.14854	0.01082	0.00594	0.00183	0.00404	0.00940	0.00477	0.00582

[dist]
# distance from previous block
# <min> <max>
0	5

[block]
# block no. 3 follows, 46 sequences, length 30
# corresponding to MSA columns:
# 570-599
name=unknown_D
#
# <colnr> <probs for GDERKNQSTAVLIFYWHMCP>
#	G	D	E	R	K	N	Q	S	T	A	V	L	I	F	Y	W	H	M	C	P
0	0.10598	0.10650	0.04274	0.01125	0.03032	0.10868	0.00930	0.27520	0.11528	0.09462	0.01287	0.01301	0.00951	0.00591	0.00474	0.00153	0.00569	0.00436	0.03474	0.00776
1	0.13550	0.21983	0.12791	0.01124	0.01537	0.26324	0.01034	0.03275	0.04812	0.07643	0.00975	0.01057	0.00760	0.00526	0.00433	0.00143	0.00682	0.00355	0.00309	0.00686
2	0.00761	0.00530	0.00680	0.00756	0.00806	0.00521	0.00549	0.00870	0.00990	0.01306	0.02406	0.26539	0.02752	0.31540	0.01450	0.00336	0.00445	0.25928	0.00425	0.00408
3	0.00904	0.08806	0.00972	0.00764	0.00950	0.02537	0.00591	0.01316	0.14522	0.01793	0.31296	0.14748	0.16651	0.01073	0.00585	0.00172	0.00338	0.00921	0.00502	0.00559
4	0.01336	0.55593	0.08692	0.00964	0.01425	0.01764	0.00952	0.01724	0.11098	0.01460	0.00962	0.01046	0.00812	0.00485	0.00385	0.00122	0.00545	0.00337	0.00277	0.10023
5	0.01170	0.00852	0.01014	0.09654	0.01389	0.00903	0.00757	0.01854	0.29570	0.11900	0.07311	0.06446	0.20500	0.00930	0.00575	0.00180	0.00405	0.03412	0.00507	0.00671
6	0.00677	0.00484	0.00646	0.00738	0.00792	0.00454	0.00515	0.00807	0.01114	0.01506	0.16642	0.62121	0.03741	0.01538	0.00669	0.00208	0.00308	0.06088	0.00507	0.00446
7	0.00933	0.00795	0.01229	0.07745	0.06329	0.00893	0.06959	0.01356	0.12135	0.01452	0.01429	0.01904	0.01240	0.02692	0.49741	0.00596	0.01117	0.00562	0.00314	0.00578
8	0.08589	0.18633	0.13084	0.01409	0.09272	0.35159	0.01149	0.01857	0.01276	0.03837	0.00869	0.01009	0.00705	0.00511	0.00446	0.00141	0.00755	0.00350	0.00271	0.00679
9	0.00812	0.00580	0.00806	0.00928	0.01032	0.00574	0.00782	0.01026	0.01178	0.01537	0.02821	0.20404	0.03130	0.01498	0.00720	0.00238	0.00452	0.60518	0.00488	0.00476
10	0.00662	0.00496	0.00614	0.00671	0.00759	0.00448	0.00470	0.00798	0.01164	0.01534	0.19614	0.45747	0.22187	0.01454	0.00651	0.00195	0.00285	0.01290	0.00510	0.00448
11	0.08083	0.09983	0.01881	0.37421	0.06945	0.01264	0.14758	0.01418	0.01077	0.01505	0.01080	0.07770	0.00943	0.00603	0.00557	0.00172	0.03105	0.00546	0.00270	0.00620
12	0.01413	0.81739	0.02770	0.00905	0.01357	0.02092	0.00905	0.01583	0.01074	0.01244	0.00735	0.00848	0.00678	0.00452	0.00339	0.00113	0.00565	0.00283	0.00226	0.00678
13	0.06489	0.01016	0.04462	0.20928	0.03312	0.00964	0.00932	0.06320	0.07214	0.01872	0.12753	0.01679	0.01459	0.00585	0.00485	0.00140	0.00485	0.00488	0.00362	0.28052
14	0.01396	0.77763	0.06590	0.00935	0.01404	0.02048	0.00957	0.01588	0.01076	0.01265	0.00746	0.00862	0.00678	0.00455	0.00347	0.00116	0.00576	0.00288	0.00226	0.00684
15	0.06414	0.00960	0.01125	0.00856	0.01274	0.00835	0.00690	0.04976	0.07591	0.21132	0.04084	0.01441	0.01127	0.00525	0.00449	0.00120	0.00412	0.00420	0.00437	0.45131
16	0.05640	0.01179	0.01877	0.01465	0.01824	0.03933	0.28630	0.10989	0.04303	0.12013	0.01592	0.08460	0.01389	0.00759	0.00643	0.00185	0.04213	0.09800	0.00408	0.00698
17	0.00748	0.00540	0.00707	0.00665	0.00790	0.00499	0.00499	0.00998	0.01496	0.02120	0.77844	0.03949	0.04988	0.01081	0.00624	0.00166	0.00249	0.00956	0.00582	0.00499
18	0.00871	0.00634	0.00790	0.00717	0.00873	0.00612	0.00547	0.08537	0.01588	0.02223	0.68276	0.03711	0.06491	0.01043	0.00614	0.00166	0.00283	0.00912	0.00574	0.00538
19	0.01633	0.01089	0.01240	0.01021	0.01344	0.01169	0.00821	0.28954	0.20296	0.15916	0.11870	0.01958	0.01728	0.00931	0.05594	0.00209	0.00521	0.00586	0.02324	0.00794
20	0.01978	0.02416	0.01507	0.01347	0.01635	0.71523	0.01020	0.09545	0.01597	0.01498	0.00862	0.00985	0.00703	0.00554	0.00482	0.00138	0.00916	0.00354	0.00298	0.00642
21	0.01251	0.00649	0.00717	0.00638	0.00829	0.00645	0.00498	0.08912	0.01332	0.12193	0.08058	0.02043	0.01605	0.00662	0.00428	0.00136	0.00307	0.00535	0.57975	0.00587
22	0.00642	0.00498	0.00584	0.00643	0.00745	0.00441	0.00452	0.00761	0.01126	0.01429	0.08320	0.42965	0.36543	0.01482	0.00650	0.00196	0.00286	0.01300	0.00496	0.00441
23	0.00841	0.00779	0.05859	0.12999	0.01381	0.00695	0.00786	0.04553	0.01298	0.01746	0.26922	0.17166	0.13353	0.01112	0.00617	0.00185	0.00405	0.08310	0.00465	0.00529
24	0.01366	0.00716	0.00930	0.00796	0.01035	0.00664	0.00625	0.01703	0.07797	0.28953	0.44938	0.03029	0.03415	0.00901	0.00584	0.00166	0.00334	0.00777	0.00604	0.00668
25	0.00655	0.00468	0.00623	0.00729	0.00769	0.00436	0.00492	0.00762	0.01061	0.01427	0.10416	0.73354	0.03646	0.01599	0.00670	0.00210	0.00301	0.01448	0.00500	0.00436
26	0.05610	0.11762	0.01645	0.01388	0.07766	0.52267	0.01012	0.02029	0.01398	0.09100	0.00945	0.01050	0.00751	0.00536	0.00463	0.00139	0.00805	0.00361	0.00307	0.00666
27	0.01060	0.02735	0.78682	0.01507	0.02288	0.01228	0.01953	0.01674	0.01116	0.01674	0.00949	0.01116	0.00670	0.00502	0.00502	0.00167	0.00781	0.00391	0.00223	0.00781
28	0.00677	0.00538	0.00614	0.00646	0.00790	0.00476	0.00496	0.00834	0.01211	0.01513	0.12024	0.15143	0.48551	0.01374	0.00648	0.00193	0.00306	0.13011	0.00500	0.00456
29	0.01184	0.01098	0.01104	0.01221	0.07604	0.17309	0.00901	0.01491	0.07434	0.03910	0.02171	0.13894	0.02251	0.01125	0.00631	0.00202	0.00567	0.34893	0.00433	0.00576

[dist]
# distance from previous block
# <min> <max>
1	6

[block]
# block no. 4 follows, 46 sequences, length 38
# corresponding to MSA columns:
# 607-644
name=unknown_E
#
# <colnr> <probs for GDERKNQSTAVLIFYWHMCP>
#	G	D	E	R	K	N	Q	S	T	A	V	L	I	F	Y	W	H	M	C	P
0	0.78076	0.07845	0.00945	0.00713	0.01051	0.01263	0.00601	0.01556	0.00914	0.02277	0.00736	0.00858	0.00581	0.00487	0.00328	0.00159	0.00422	0.00286	0.00319	0.00581
1	0.00731	0.00561	0.00688	0.00750	0.00888	0.00518	0.00610	0.00915	0.01208	0.01522	0.07545	0.11837	0.35481	0.01406	0.00675	0.00209	0.00366	0.33131	0.00494	0.00465
2	0.02058	0.01094	0.06132	0.01100	0.01550	0.00895	0.08164	0.05918	0.01475	0.56219	0.01781	0.01636	0.01156	0.00602	0.00527	0.00158	0.00514	0.00511	0.00556	0.07954
3	0.00755	0.00619	0.00764	0.00855	0.07320	0.00572	0.00566	0.01001	0.05163	0.01676	0.24664	0.14414	0.37275	0.01204	0.00618	0.00178	0.00306	0.01042	0.00499	0.00512
4	0.01826	0.09953	0.01582	0.01269	0.01570	0.56693	0.00982	0.05772	0.12508	0.01522	0.01025	0.01107	0.00827	0.00565	0.00475	0.00141	0.00820	0.00379	0.00319	0.00666
5	0.01160	0.01209	0.03658	0.32957	0.11822	0.01259	0.28719	0.01665	0.09016	0.01615	0.01119	0.01456	0.00849	0.00511	0.00563	0.00175	0.00736	0.00538	0.00281	0.00692
6	0.01719	0.09991	0.01785	0.01294	0.05686	0.06670	0.14648	0.01971	0.01315	0.30900	0.01372	0.01399	0.00971	0.00523	0.00495	0.00141	0.00577	0.00460	0.00420	0.17663
7	0.00708	0.00673	0.04761	0.00680	0.00864	0.00540	0.00551	0.00944	0.04893	0.01544	0.11809	0.16965	0.47010	0.01295	0.00627	0.00186	0.00317	0.04655	0.00488	0.00488
8	0.00749	0.00561	0.00708	0.00730	0.00868	0.00520	0.00586	0.00965	0.01329	0.01763	0.34499	0.04898	0.23767	0.01271	0.00658	0.00194	0.00330	0.24596	0.00527	0.00481
9	0.00857	0.00715	0.00980	0.00991	0.01045	0.00838	0.00790	0.01001	0.01019	0.01397	0.02324	0.32121	0.05795	0.01367	0.01006	0.00226	0.24344	0.22281	0.00412	0.00491
10	0.05600	0.01122	0.01558	0.01432	0.06010	0.01516	0.01122	0.01282	0.00848	0.01362	0.00822	0.05036	0.00833	0.00910	0.01535	0.00222	0.67448	0.00504	0.00251	0.00587
11	0.00644	0.00460	0.00613	0.00736	0.00767	0.00429	0.00491	0.00736	0.01012	0.01350	0.02914	0.81076	0.03497	0.01656	0.00675	0.00215	0.00307	0.01503	0.00491	0.00429
12	0.00644	0.00460	0.00613	0.00736	0.00767	0.00429	0.00491	0.00736	0.01012	0.01350	0.02914	0.81076	0.03497	0.01656	0.00675	0.00215	0.00307	0.01503	0.00491	0.00429
13	0.20556	0.01786	0.01315	0.01141	0.01463	0.35953	0.00891	0.16918	0.09195	0.04451	0.01064	0.01125	0.00814	0.00571	0.00462	0.00152	0.00687	0.00387	0.00375	0.00693
14	0.00998	0.00940	0.01586	0.80150	0.03641	0.01175	0.01468	0.01351	0.01057	0.01351	0.00940	0.01409	0.00705	0.00529	0.00529	0.00176	0.00705	0.00470	0.00235	0.00587
15	0.00633	0.00505	0.00568	0.00618	0.00736	0.00439	0.00438	0.00749	0.01126	0.01396	0.04353	0.36273	0.47370	0.01469	0.00645	0.00193	0.00284	0.01275	0.00491	0.00439
16	0.08310	0.05387	0.05612	0.08688	0.07277	0.11390	0.05097	0.18446	0.08491	0.03203	0.01078	0.01249	0.00838	0.00613	0.00672	0.00169	0.11959	0.00447	0.00350	0.00725
17	0.07836	0.39362	0.32438	0.01136	0.01699	0.01633	0.01288	0.01691	0.05709	0.01561	0.00906	0.01023	0.00724	0.00491	0.00415	0.00142	0.00629	0.00345	0.00252	0.00720
18	0.00768	0.00515	0.00589	0.00589	0.00593	0.00519	0.00335	0.00776	0.00772	0.01034	0.01655	0.03399	0.01896	0.78019	0.06057	0.00527	0.00552	0.00760	0.00319	0.00327
19	0.01908	0.06493	0.01559	0.01292	0.01603	0.59651	0.00997	0.12937	0.03400	0.01624	0.00914	0.01022	0.00738	0.00553	0.00476	0.00138	0.00849	0.00363	0.00315	0.03169
20	0.01077	0.06560	0.75006	0.01478	0.02243	0.01270	0.01902	0.01670	0.01114	0.01653	0.00938	0.01103	0.00670	0.00500	0.00494	0.00165	0.00771	0.00385	0.00223	0.00776
21	0.00873	0.00475	0.00655	0.00655	0.00655	0.00475	0.00417	0.00713	0.00713	0.00951	0.01144	0.02166	0.01221	0.25869	0.02255	0.59221	0.00475	0.00553	0.00257	0.00257
22	0.67244	0.06802	0.00930	0.00713	0.01037	0.01187	0.00596	0.03101	0.00985	0.05083	0.00880	0.00995	0.00680	0.00508	0.00343	0.00156	0.00412	0.00316	0.07439	0.00592
23	0.00925	0.00892	0.01673	0.01403	0.04420	0.00835	0.30431	0.01192	0.01189	0.01599	0.10431	0.28858	0.08625	0.01038	0.00642	0.00191	0.00548	0.04137	0.00404	0.00568
24	0.02926	0.00663	0.00723	0.00656	0.00842	0.00669	0.00507	0.08651	0.03865	0.09151	0.09253	0.05336	0.03272	0.00724	0.00447	0.00142	0.00310	0.00593	0.50693	0.00580
25	0.01491	0.01766	0.14268	0.01379	0.05371	0.24757	0.07925	0.07036	0.05031	0.07045	0.01492	0.01666	0.07402	0.04188	0.00679	0.00176	0.04806	0.00511	0.02331	0.00680
26	0.00711	0.00558	0.00646	0.00620	0.00775	0.00502	0.00466	0.00950	0.03870	0.01810	0.42586	0.04398	0.37823	0.01185	0.00621	0.00172	0.00263	0.01016	0.00539	0.00486
27	0.00644	0.00460	0.00613	0.00736	0.00767	0.00429	0.00491	0.00736	0.01012	0.01350	0.02914	0.81076	0.03497	0.01656	0.00675	0.00215	0.00307	0.01503	0.00491	0.00429
28	0.05938	0.18440	0.10854	0.03020	0.04289	0.08519	0.12657	0.04077	0.01200	0.11832	0.01022	0.01194	0.00790	0.00577	0.00676	0.00164	0.13300	0.00431	0.00311	0.00708
29	0.00653	0.00483	0.00610	0.00692	0.00760	0.00440	0.00476	0.00770	0.01102	0.01452	0.11915	0.58800	0.16843	0.01534	0.00660	0.00203	0.00293	0.01372	0.00501	0.00440
30	0.00772	0.00534	0.00694	0.00683	0.00799	0.00490	0.00501	0.00980	0.01375	0.04442	0.54952	0.20830	0.08538	0.01207	0.00632	0.00177	0.00270	0.01071	0.00559	0.00494
31	0.01768	0.00969	0.01210	0.07251	0.01480	0.00931	0.00803	0.17247	0.01548	0.33678	0.01656	0.05772	0.01213	0.00648	0.00502	0.00149	0.00462	0.00529	0.08123	0.14063
32	0.01132	0.01083	0.01821	0.45654	0.22644	0.01224	0.07762	0.01597	0.08788	0.01564	0.01087	0.01441	0.00839	0.00526	0.00536	0.00172	0.00672	0.00496	0.00275	0.00688
33	0.00776	0.00597	0.00889	0.00877	0.00967	0.00710	0.00686	0.00961	0.00848	0.01230	0.01379	0.02030	0.01289	0.03809	0.75340	0.00818	0.05476	0.00561	0.00281	0.00477
34	0.01216	0.01243	0.09622	0.12411	0.21355	0.02366	0.08623	0.01633	0.08074	0.07903	0.01852	0.01997	0.13089	0.00683	0.00623	0.00173	0.05485	0.00593	0.00346	0.00709
35	0.01123	0.00929	0.01089	0.00788	0.01239	0.00713	0.00630	0.02696	0.01150	0.03400	0.04693	0.01252	0.01000	0.00435	0.00408	0.00086	0.00389	0.00352	0.00337	0.77289
36	0.03480	0.01517	0.21517	0.01194	0.01679	0.02596	0.05108	0.10438	0.10642	0.30370	0.04904	0.01621	0.01239	0.00622	0.00528	0.00166	0.00571	0.00511	0.00476	0.00821
37	0.20196	0.19637	0.01632	0.01062	0.01426	0.22491	0.00883	0.19704	0.03876	0.03212	0.00950	0.01029	0.00748	0.00541	0.00428	0.00144	0.00633	0.00359	0.00350	0.00699

[dist]
# distance from previous block
# <min> <max>
0	1

[block]
# block no. 5 follows, 46 sequences, length 35
# corresponding to MSA columns:
# 646-680
name=unknown_F
#
# <colnr> <probs for GDERKNQSTAVLIFYWHMCP>
#	G	D	E	R	K	N	Q	S	T	A	V	L	I	F	Y	W	H	M	C	P
0	0.01289	0.21439	0.35252	0.01409	0.06909	0.05558	0.05693	0.01683	0.01157	0.05296	0.00954	0.01104	0.00733	0.00483	0.00460	0.00143	0.00679	0.00380	0.00262	0.09115
1	0.01247	0.31112	0.38976	0.05948	0.01956	0.05955	0.01445	0.01695	0.04360	0.01501	0.00915	0.01064	0.00716	0.00497	0.00445	0.00147	0.00693	0.00362	0.00241	0.00725
