[name]
unknown

[dist]
# distance from previous block
# <min> <max>
0	755

[block]
# block no. 0 follows, 48 sequences, length 71
# corresponding to MSA columns:
# 772-842
name=unknown_A
#
# <colnr> <probs for GDERKNQSTAVLIFYWHMCP>
#	G	D	E	R	K	N	Q	S	T	A	V	L	I	F	Y	W	H	M	C	P
0	0.03471	0.03453	0.26180	0.01040	0.01487	0.00924	0.01072	0.01770	0.07979	0.20928	0.14197	0.02012	0.01705	0.00675	0.00513	0.00158	0.00505	0.04513	0.00427	0.06990
1	0.01285	0.01156	0.16168	0.00944	0.01309	0.00841	0.00889	0.05714	0.09595	0.19113	0.28075	0.02275	0.02353	0.00735	0.00531	0.00155	0.00431	0.00619	0.00485	0.07327
2	0.05218	0.01365	0.19791	0.01022	0.01437	0.05388	0.00988	0.01942	0.10491	0.27390	0.14416	0.01842	0.01669	0.00653	0.00507	0.00157	0.00501	0.00530	0.00461	0.04232
3	0.03452	0.04743	0.21689	0.01005	0.01430	0.00967	0.00999	0.04521	0.11219	0.17076	0.17935	0.01898	0.01806	0.00656	0.00503	0.00152	0.00479	0.00539	0.00435	0.08495
4	0.03599	0.01468	0.29046	0.01032	0.01511	0.00886	0.01084	0.01684	0.05153	0.18353	0.13569	0.01795	0.03589	0.00622	0.00495	0.00148	0.00504	0.00509	0.00401	0.14551
5	0.00978	0.01344	0.28324	0.01037	0.01424	0.00798	0.05339	0.01351	0.01311	0.07681	0.41241	0.02576	0.02878	0.00787	0.00557	0.00162	0.00472	0.00687	0.00431	0.00621
6	0.07165	0.02762	0.28108	0.01092	0.01508	0.13398	0.01114	0.01631	0.06645	0.06936	0.15395	0.02033	0.05575	0.00699	0.00510	0.00161	0.00579	0.03669	0.00368	0.00650
7	0.00958	0.03409	0.33196	0.01251	0.07027	0.00923	0.05240	0.01354	0.01214	0.01757	0.25966	0.02091	0.04098	0.00673	0.00522	0.00153	0.00533	0.00582	0.00349	0.08703
8	0.00965	0.01125	0.18708	0.00883	0.01230	0.00733	0.00857	0.03301	0.02381	0.05350	0.40737	0.02534	0.02863	0.00769	0.00531	0.00147	0.00403	0.00658	0.00441	0.15385
9	0.01304	0.01206	0.10935	0.01545	0.18883	0.03050	0.07403	0.04947	0.02717	0.14190	0.12601	0.07218	0.01636	0.00658	0.00525	0.00154	0.00525	0.00590	0.00394	0.09518
10	0.01070	0.06375	0.58751	0.01452	0.02111	0.01207	0.10709	0.03481	0.01156	0.01677	0.06411	0.01304	0.00967	0.00521	0.00503	0.00161	0.00719	0.00442	0.00254	0.00729
11	0.00702	0.00511	0.00678	0.00784	0.00863	0.00486	0.00604	0.00853	0.01080	0.01406	0.03039	0.43779	0.11281	0.01500	0.00671	0.00216	0.00362	0.30271	0.00475	0.00440
12	0.26796	0.09770	0.01361	0.00989	0.01345	0.08066	0.00817	0.29242	0.12912	0.02416	0.01113	0.01145	0.00841	0.00560	0.00433	0.00152	0.00520	0.00394	0.00404	0.00723
13	0.00936	0.01481	0.31824	0.01054	0.01453	0.00922	0.01118	0.01415	0.08387	0.01781	0.27247	0.02296	0.06431	0.00763	0.00616	0.00164	0.06175	0.00622	0.00381	0.04934
14	0.00756	0.00680	0.06129	0.00866	0.01003	0.00558	0.00737	0.00954	0.01092	0.01448	0.02706	0.35473	0.06280	0.01400	0.00660	0.00214	0.00411	0.35766	0.00453	0.02415
15	0.01372	0.50395	0.13440	0.01010	0.01469	0.01727	0.01019	0.06958	0.13073	0.03636	0.01028	0.01083	0.00829	0.00503	0.00400	0.00132	0.00555	0.00356	0.00297	0.00717
16	0.02287	0.00898	0.01206	0.00925	0.01322	0.00791	0.00764	0.05815	0.01511	0.75749	0.01989	0.01724	0.01252	0.00634	0.00516	0.00159	0.00442	0.00514	0.00630	0.00873
17	0.00636	0.00455	0.00605	0.00707	0.00747	0.00424	0.00477	0.00741	0.01031	0.01388	0.10719	0.73519	0.03545	0.01549	0.00650	0.00203	0.00292	0.01403	0.00486	0.00424
18	0.01287	0.01223	0.02098	0.14261	0.47329	0.01259	0.13629	0.09419	0.01284	0.01779	0.00997	0.01299	0.00794	0.00478	0.00525	0.00159	0.00657	0.00481	0.00278	0.00764
19	0.06900	0.05840	0.55403	0.01277	0.01893	0.01126	0.03447	0.01582	0.01132	0.05648	0.09884	0.01412	0.01161	0.00555	0.00487	0.00160	0.00651	0.00443	0.00286	0.00712
20	0.00726	0.00524	0.00686	0.00646	0.00767	0.00484	0.00484	0.00968	0.01452	0.02058	0.78496	0.03833	0.04841	0.01049	0.00605	0.00161	0.00242	0.00928	0.00565	0.00484
21	0.00625	0.00447	0.00595	0.00714	0.00744	0.00417	0.00476	0.00714	0.00982	0.01310	0.02828	0.81633	0.03394	0.01608	0.00655	0.00208	0.00298	0.01459	0.00476	0.00417
22	0.01214	0.01254	0.06003	0.13858	0.62416	0.01209	0.03472	0.01542	0.01145	0.01622	0.00957	0.01277	0.00786	0.00466	0.00510	0.00156	0.00634	0.00457	0.00249	0.00773
23	0.01329	0.01339	0.02002	0.05104	0.68638	0.09423	0.01510	0.01617	0.01194	0.01622	0.00946	0.01237	0.00793	0.00466	0.00503	0.00151	0.00645	0.00444	0.00254	0.00783
24	0.02259	0.00942	0.01233	0.00945	0.01344	0.00856	0.00781	0.11562	0.01583	0.69898	0.01928	0.01684	0.01222	0.00633	0.00516	0.00158	0.00452	0.00509	0.00620	0.00873
25	0.00773	0.00498	0.00671	0.00762	0.00831	0.00466	0.00547	0.00892	0.01046	0.06839	0.02755	0.64846	0.03179	0.01511	0.00653	0.00209	0.00333	0.12244	0.00487	0.00457
26	0.00833	0.00615	0.00756	0.00709	0.00858	0.00608	0.00556	0.01006	0.01212	0.07046	0.24495	0.03909	0.36184	0.01278	0.04757	0.00211	0.08760	0.05236	0.00475	0.00495
27	0.01109	0.01118	0.01383	0.01205	0.01238	0.07462	0.00976	0.01212	0.00861	0.01222	0.01101	0.01609	0.06298	0.09332	0.01609	0.00242	0.60726	0.00516	0.00254	0.00529
28	0.11733	0.58337	0.10354	0.00945	0.01390	0.07335	0.00952	0.01578	0.01055	0.01389	0.00741	0.00859	0.00645	0.00455	0.00354	0.00123	0.00579	0.00290	0.00234	0.00652
29	0.85592	0.00992	0.00754	0.00675	0.00992	0.01151	0.00556	0.01508	0.00873	0.02302	0.00714	0.00834	0.00556	0.00476	0.00318	0.00159	0.00397	0.00278	0.00318	0.00556
30	0.00625	0.00447	0.00595	0.00714	0.00744	0.00417	0.00476	0.00714	0.00982	0.01310	0.02828	0.81633	0.03394	0.01608	0.00655	0.00208	0.00298	0.01459	0.00476	0.00417
31	0.01156	0.01142	0.02059	0.29688	0.39695	0.01205	0.14564	0.01496	0.01127	0.01545	0.00959	0.01323	0.00763	0.00472	0.00527	0.00162	0.00679	0.00482	0.00246	0.00708
32	0.01030	0.00975	0.01650	0.64906	0.18883	0.01156	0.01456	0.01365	0.01055	0.01386	0.00923	0.01348	0.00710	0.00502	0.00512	0.00167	0.00669	0.00456	0.00233	0.00620
33	0.85592	0.00992	0.00754	0.00675	0.00992	0.01151	0.00556	0.01508	0.00873	0.02302	0.00714	0.00834	0.00556	0.00476	0.00318	0.00159	0.00397	0.00278	0.00318	0.00556
34	0.00624	0.00450	0.00592	0.00706	0.00742	0.00417	0.00472	0.00715	0.00991	0.01313	0.02933	0.78223	0.06735	0.01594	0.00653	0.00207	0.00296	0.01442	0.00476	0.00417
35	0.01096	0.01086	0.01566	0.15307	0.01732	0.01496	0.01176	0.01248	0.00828	0.01248	0.00715	0.01166	0.00675	0.00830	0.01478	0.00215	0.66901	0.00450	0.00225	0.00563
36	0.00987	0.02424	0.71100	0.01384	0.02067	0.01111	0.01748	0.01530	0.01073	0.01592	0.01120	0.09484	0.00936	0.00604	0.00505	0.00167	0.00710	0.00492	0.00244	0.00723
37	0.03718	0.00769	0.00888	0.00755	0.01008	0.00768	0.00600	0.08098	0.10543	0.25019	0.09201	0.01964	0.01616	0.00663	0.00461	0.00146	0.00350	0.00538	0.32225	0.00671
38	0.02003	0.00820	0.01103	0.00871	0.01217	0.00722	0.00709	0.02244	0.03615	0.63721	0.15159	0.02109	0.01892	0.00708	0.00531	0.00160	0.00402	0.00589	0.00620	0.00805
39	0.01270	0.01219	0.02083	0.03149	0.78767	0.01219	0.01575	0.01575	0.01168	0.01676	0.00965	0.01270	0.00813	0.00457	0.00508	0.00152	0.00610	0.00457	0.00254	0.00813
40	0.02191	0.00849	0.01155	0.00894	0.01271	0.00735	0.00735	0.02392	0.01467	0.73679	0.07426	0.01894	0.01522	0.00664	0.00522	0.00159	0.00423	0.00545	0.00630	0.00846
41	0.00625	0.00447	0.00595	0.00714	0.00744	0.00417	0.00476	0.00714	0.00982	0.01310	0.02828	0.81633	0.03394	0.01608	0.00655	0.00208	0.00298	0.01459	0.00476	0.00417
42	0.01372	0.82276	0.02689	0.00878	0.01317	0.02030	0.00878	0.01536	0.01043	0.01207	0.00713	0.00823	0.00658	0.00439	0.00329	0.00110	0.00549	0.00274	0.00219	0.00658
43	0.01492	0.01272	0.01556	0.31951	0.08258	0.06898	0.01184	0.35320	0.01691	0.02198	0.01134	0.01337	0.02282	0.00571	0.00511	0.00159	0.00634	0.00462	0.00365	0.00723
44	0.20486	0.01059	0.01456	0.45236	0.06493	0.05069	0.04824	0.01417	0.01012	0.01565	0.00853	0.01202	0.00664	0.00525	0.00550	0.00169	0.06165	0.00416	0.00253	0.00586
45	0.01356	0.01103	0.03335	0.27002	0.02086	0.01210	0.01049	0.23148	0.17591	0.06080	0.09398	0.01713	0.01385	0.00642	0.00524	0.00165	0.00535	0.00534	0.00426	0.00718
46	0.02302	0.00873	0.01191	0.00913	0.01310	0.00754	0.00754	0.02501	0.01469	0.79122	0.02024	0.01746	0.01270	0.00635	0.00516	0.00159	0.00437	0.00516	0.00635	0.00873
47	0.01036	0.01004	0.01771	0.61648	0.14006	0.01168	0.09318	0.01383	0.01065	0.01397	0.00933	0.01356	0.00712	0.00497	0.00522	0.00169	0.00692	0.00472	0.00235	0.00617
48	0.00623	0.00454	0.00587	0.00694	0.00739	0.00418	0.00467	0.00717	0.01002	0.01318	0.03075	0.73634	0.11233	0.01575	0.00650	0.00205	0.00294	0.01419	0.00476	0.00418
49	0.00956	0.00478	0.00478	0.00478	0.00598	0.00478	0.00359	0.01196	0.01076	0.01913	0.01674	0.01913	0.01315	0.00598	0.00359	0.00120	0.00239	0.00478	0.84816	0.00478
50	0.00876	0.00484	0.00514	0.00519	0.00623	0.00474	0.00374	0.01075	0.01071	0.01763	0.08332	0.07989	0.05248	0.09224	0.00646	0.00171	0.00271	0.00640	0.59250	0.00455
51	0.00625	0.00447	0.00595	0.00714	0.00744	0.00417	0.00476	0.00714	0.00982	0.01310	0.02828	0.81633	0.03394	0.01608	0.00655	0.00208	0.00298	0.01459	0.00476	0.00417
52	0.02261	0.00939	0.01232	0.00944	0.01343	0.00852	0.00780	0.11232	0.01579	0.70234	0.01931	0.01686	0.01224	0.00633	0.00516	0.00158	0.00452	0.00510	0.00621	0.00873
53	0.01266	0.01450	0.14276	0.07749	0.31454	0.01202	0.26093	0.01652	0.01180	0.07103	0.01053	0.01319	0.00800	0.00470	0.00537	0.00162	0.00709	0.00497	0.00275	0.00753
54	0.01444	0.71993	0.02538	0.00924	0.01352	0.05962	0.00891	0.07372	0.01169	0.01366	0.00757	0.00860	0.00675	0.00457	0.00350	0.00114	0.00569	0.00292	0.00244	0.00672
55	0.00941	0.00481	0.00493	0.00490	0.00609	0.00479	0.00367	0.01180	0.01102	0.01923	0.06962	0.02045	0.01558	0.00629	0.00376	0.00122	0.00239	0.00509	0.79017	0.00479
56	0.01303	0.66272	0.18090	0.00995	0.01499	0.01862	0.01083	0.01554	0.01051	0.01291	0.00755	0.00875	0.00657	0.00449	0.00361	0.00120	0.00591	0.00295	0.00219	0.00679
57	0.01492	0.02476	0.38903	0.01380	0.01892	0.36660	0.01425	0.07008	0.01342	0.01569	0.00885	0.01022	0.00670	0.00515	0.00478	0.00148	0.00820	0.00363	0.00259	0.00693
58	0.01379	0.14118	0.15329	0.00938	0.01432	0.01004	0.00913	0.01656	0.01153	0.18651	0.01127	0.01180	0.00837	0.00465	0.00421	0.00115	0.00487	0.00359	0.00348	0.38087
59	0.01383	0.02054	0.45686	0.01314	0.01906	0.01266	0.01479	0.26208	0.01541	0.06090	0.01177	0.01424	0.00881	0.00588	0.00510	0.00164	0.00663	0.04532	0.00349	0.00786
60	0.00733	0.00550	0.00825	0.00825	0.00916	0.00641	0.00641	0.00916	0.00825	0.01191	0.01374	0.02016	0.01283	0.03848	0.79934	0.00825	0.01374	0.00550	0.00275	0.00458
61	0.01423	0.01222	0.01709	0.01832	0.26088	0.01295	0.08439	0.23468	0.19032	0.02254	0.06781	0.01598	0.01283	0.00597	0.00529	0.00160	0.00549	0.00534	0.00412	0.00795
62	0.01257	0.01191	0.01924	0.16152	0.53982	0.03378	0.04219	0.01644	0.06437	0.03291	0.01054	0.01336	0.00847	0.00488	0.00512	0.00157	0.00623	0.00469	0.00277	0.00762
63	0.00625	0.00447	0.00595	0.00714	0.00744	0.00417	0.00476	0.00714	0.00982	0.01310	0.02828	0.81633	0.03394	0.01608	0.00655	0.00208	0.00298	0.01459	0.00476	0.00417
64	0.00677	0.00523	0.00617	0.00594	0.00736	0.00463	0.00445	0.00872	0.01336	0.01780	0.48220	0.04289	0.35290	0.01152	0.00606	0.00166	0.00249	0.00992	0.00528	0.00463
65	0.01039	0.01153	0.09726	0.47982	0.14150	0.01140	0.04761	0.01477	0.06370	0.01508	0.04957	0.01488	0.00976	0.00538	0.00519	0.00167	0.00647	0.00487	0.00269	0.00643
66	0.06587	0.00879	0.01168	0.00901	0.01294	0.00775	0.00744	0.02450	0.01438	0.75170	0.01957	0.01699	0.01233	0.00627	0.00506	0.00159	0.00435	0.00504	0.00619	0.00857
67	0.00625	0.00447	0.00595	0.00714	0.00744	0.00417	0.00476	0.00714	0.00982	0.01310	0.02828	0.81633	0.03394	0.01608	0.00655	0.00208	0.00298	0.01459	0.00476	0.00417
68	0.00956	0.00478	0.00478	0.00478	0.00598	0.00478	0.00359	0.01196	0.01076	0.01913	0.01674	0.01913	0.01315	0.00598	0.00359	0.00120	0.00239	0.00478	0.84816	0.00478
69	0.07490	0.10459	0.28657	0.01281	0.06969	0.05784	0.01236	0.05775	0.04170	0.21549	0.01222	0.01250	0.00861	0.00534	0.00468	0.00153	0.00604	0.00410	0.00363	0.00765
70	0.01065	0.06921	0.69577	0.01401	0.02108	0.01244	0.01763	0.01698	0.06502	0.01639	0.00992	0.01128	0.00715	0.00500	0.00481	0.00160	0.00722	0.00388	0.00238	0.00757

[dist]
# distance from previous block
# <min> <max>
0	1

[block]
# block no. 1 follows, 48 sequences, length 29
# corresponding to MSA columns:
# 844-872
name=unknown_B
#
# <colnr> <probs for GDERKNQSTAVLIFYWHMCP>
#	G	D	E	R	K	N	Q	S	T	A	V	L	I	F	Y	W	H	M	C	P
0	0.38256	0.06698	0.16872	0.01215	0.06552	0.05380	0.07495	0.08880	0.01153	0.02036	0.00853	0.01001	0.00653	0.00487	0.00416	0.00155	0.00576	0.00358	0.00298	0.00664
1	0.00726	0.00524	0.00686	0.00646	0.00767	0.00484	0.00484	0.00968	0.01452	0.02058	0.78496	0.03833	0.04841	0.01049	0.00605	0.00161	0.00242	0.00928	0.00565	0.00484
2	0.01455	0.03502	0.01420	0.01155	0.01392	0.23960	0.00927	0.04695	0.01162	0.06494	0.00876	0.01089	0.00737	0.00629	0.00866	0.00153	0.28300	0.00381	0.00293	0.20513
3	0.00635	0.00460	0.00600	0.00693	0.00743	0.00426	0.00471	0.00745	0.01048	0.01400	0.11562	0.67551	0.08721	0.01523	0.00646	0.00201	0.00289	0.01373	0.00486	0.00426
4	0.00628	0.00509	0.00558	0.00571	0.00713	0.00438	0.00419	0.00769	0.01183	0.01479	0.16251	0.17171	0.54899	0.01310	0.00614	0.00177	0.00263	0.01120	0.00490	0.00438
5	0.00827	0.00754	0.06002	0.01120	0.08803	0.00657	0.00863	0.01058	0.01111	0.01489	0.04346	0.17721	0.06112	0.01514	0.08316	0.00270	0.00546	0.37560	0.00418	0.00512
6	0.00784	0.00542	0.00676	0.00632	0.00779	0.00487	0.00478	0.00998	0.01390	0.06016	0.58138	0.03967	0.21026	0.01083	0.00601	0.00164	0.00256	0.00940	0.00549	0.00494
7	0.01189	0.27944	0.21584	0.01006	0.01521	0.03633	0.01044	0.01536	0.04104	0.01515	0.00892	0.01020	0.00728	0.00444	0.00399	0.00115	0.00549	0.00325	0.00262	0.30191
8	0.01635	0.12418	0.11403	0.01120	0.01549	0.01452	0.01021	0.33550	0.19085	0.09509	0.01390	0.01360	0.01010	0.00596	0.00487	0.00154	0.00539	0.00458	0.00449	0.00815
9	0.58535	0.00978	0.01025	0.23431	0.04571	0.01150	0.00839	0.01455	0.00927	0.01999	0.00780	0.01001	0.00601	0.00486	0.00380	0.00162	0.00486	0.00335	0.00290	0.00569
10	0.01224	0.01465	0.14637	0.02647	0.53230	0.01227	0.10524	0.01652	0.05247	0.01689	0.01027	0.01288	0.00823	0.00472	0.00517	0.00158	0.00653	0.00469	0.00263	0.00790
11	0.01133	0.11942	0.24311	0.01710	0.09502	0.01268	0.29007	0.01566	0.02973	0.01615	0.06175	0.01519	0.03873	0.00530	0.00525	0.00159	0.00696	0.00523	0.00276	0.00698
12	0.00624	0.00450	0.00591	0.00704	0.00741	0.00418	0.00472	0.00716	0.00992	0.01314	0.02954	0.77544	0.07400	0.01591	0.00652	0.00207	0.00296	0.01439	0.00476	0.00418
13	0.85592	0.00992	0.00754	0.00675	0.00992	0.01151	0.00556	0.01508	0.00873	0.02302	0.00714	0.00834	0.00556	0.00476	0.00318	0.00159	0.00397	0.00278	0.00318	0.00556
14	0.01390	0.01899	0.41087	0.01499	0.02108	0.01109	0.20126	0.01847	0.01210	0.20869	0.01224	0.01322	0.00836	0.00511	0.00524	0.00164	0.00705	0.00469	0.00331	0.00770
15	0.00873	0.00461	0.00690	0.00694	0.00708	0.00470	0.00479	0.00708	0.00704	0.00945	0.01009	0.01768	0.01009	0.01968	0.09488	0.73624	0.00536	0.03371	0.00238	0.00255
16	0.01152	0.00559	0.00624	0.00572	0.00738	0.00540	0.00441	0.02788	0.01196	0.13367	0.09144	0.02061	0.01641	0.00647	0.00409	0.00130	0.00275	0.00527	0.62646	0.00545
17	0.85592	0.00992	0.00754	0.00675	0.00992	0.01151	0.00556	0.01508	0.00873	0.02302	0.00714	0.00834	0.00556	0.00476	0.00318	0.00159	0.00397	0.00278	0.00318	0.00556
18	0.00645	0.00460	0.00618	0.00737	0.00775	0.00433	0.00510	0.00748	0.01001	0.01332	0.02817	0.74348	0.03351	0.01589	0.00660	0.00211	0.00314	0.08552	0.00476	0.00422
19	0.01418	0.00648	0.00756	0.00657	0.00879	0.00620	0.00518	0.01722	0.06200	0.27194	0.01816	0.01859	0.01317	0.00616	0.00421	0.00136	0.00315	0.00497	0.51782	0.00629
20	0.01335	0.01240	0.02031	0.02960	0.71354	0.01255	0.01517	0.08825	0.01288	0.01826	0.00991	0.01266	0.00819	0.00472	0.00508	0.00153	0.00605	0.00458	0.00279	0.00819
21	0.00642	0.00503	0.00575	0.00622	0.00736	0.00448	0.00453	0.00762	0.01087	0.01352	0.04010	0.28046	0.43591	0.06654	0.00761	0.00211	0.00307	0.08350	0.00465	0.00424
22	0.05825	0.68777	0.02445	0.00919	0.01331	0.11020	0.00874	0.01594	0.01081	0.01270	0.00723	0.00835	0.00653	0.00451	0.00344	0.00115	0.00585	0.00281	0.00230	0.00646
23	0.01683	0.18351	0.15898	0.02838	0.10982	0.03058	0.01116	0.04589	0.02733	0.31803	0.01343	0.01333	0.00939	0.00541	0.00469	0.00148	0.00560	0.00427	0.00402	0.00786
24	0.01111	0.17839	0.41645	0.01324	0.06453	0.04070	0.01397	0.02938	0.02978	0.01534	0.01194	0.11305	0.01087	0.00648	0.00484	0.00158	0.00637	0.02237	0.00273	0.00690
25	0.85592	0.00992	0.00754	0.00675	0.00992	0.01151	0.00556	0.01508	0.00873	0.02302	0.00714	0.00834	0.00556	0.00476	0.00318	0.00159	0.00397	0.00278	0.00318	0.00556
26	0.01368	0.02369	0.49535	0.01370	0.01960	0.17777	0.01534	0.09547	0.03579	0.04787	0.01004	0.01116	0.00727	0.00521	0.00487	0.00155	0.00750	0.00389	0.00283	0.00742
27	0.01503	0.00705	0.00929	0.00779	0.01046	0.00616	0.00615	0.01699	0.01376	0.40232	0.24008	0.10299	0.08888	0.00892	0.00557	0.00162	0.00351	0.00763	0.00574	0.04006
28	0.01094	0.01016	0.01590	0.48455	0.19948	0.01183	0.01344	0.01635	0.15446	0.01549	0.01144	0.01448	0.00878	0.00535	0.00514	0.00167	0.00615	0.00480	0.00289	0.00670

[dist]
# distance from previous block
# <min> <max>
0	1

[block]
# block no. 2 follows, 48 sequences, length 30
# corresponding to MSA columns:
# 874-903
name=unknown_C
#
# <colnr> <probs for GDERKNQSTAVLIFYWHMCP>
#	G	D	E	R	K	N	Q	S	T	A	V	L	I	F	Y	W	H	M	C	P
0	0.01293	0.01218	0.02033	0.06208	0.71729	0.01235	0.01538	0.05451	0.01227	0.01742	0.00977	0.01272	0.00811	0.00468	0.00508	0.00153	0.00610	0.00457	0.00266	0.00806
1	0.01091	0.00608	0.00787	0.00694	0.00888	0.00543	0.00538	0.01308	0.01422	0.20510	0.51104	0.03467	0.13034	0.00980	0.00584	0.00162	0.00291	0.00848	0.00571	0.00571
2	0.00781	0.00622	0.00950	0.00817	0.00983	0.00576	0.09109	0.01045	0.01425	0.02011	0.69754	0.03556	0.04383	0.00979	0.00605	0.00163	0.00312	0.00892	0.00530	0.00508
3	0.04781	0.01138	0.01573	0.26986	0.19709	0.01234	0.01194	0.23391	0.01460	0.02037	0.01009	0.01247	0.00772	0.00513	0.00488	0.00150	0.00584	0.00432	0.00330	0.10973
4	0.01102	0.00763	0.00789	0.00736	0.00934	0.00842	0.00566	0.01894	0.36101	0.02019	0.01863	0.01914	0.01430	0.00643	0.00433	0.00144	0.00315	0.00525	0.46356	0.00631
5	0.01951	0.01437	0.01540	0.01181	0.01591	0.01591	0.00975	0.77056	0.02412	0.03234	0.01232	0.01232	0.00873	0.00616	0.00513	0.00154	0.00565	0.00462	0.00513	0.00873
6	0.01176	0.00646	0.00736	0.00652	0.00838	0.00639	0.00507	0.09885	0.01368	0.11490	0.20577	0.02288	0.02128	0.00715	0.00456	0.00139	0.00301	0.00592	0.44293	0.00572
7	0.02247	0.00857	0.01162	0.00895	0.01281	0.00743	0.00738	0.02447	0.01453	0.75961	0.02010	0.01753	0.01272	0.00634	0.00510	0.00157	0.00429	0.00514	0.04082	0.00857
8	0.00983	0.00576	0.00754	0.00679	0.00842	0.00526	0.00520	0.01218	0.01436	0.14044	0.62638	0.03409	0.04104	0.00961	0.00579	0.00159	0.00272	0.00841	0.04914	0.00544
9	0.00660	0.00522	0.00594	0.00576	0.00726	0.00456	0.00432	0.00840	0.01296	0.01686	0.37939	0.04444	0.45630	0.01188	0.00606	0.00168	0.00252	0.01014	0.00516	0.00456
10	0.01254	0.01079	0.01141	0.01028	0.01311	0.01244	0.00799	0.02655	0.74715	0.02143	0.05214	0.01993	0.01700	0.00711	0.00526	0.00174	0.00399	0.00594	0.00524	0.00799
11	0.01306	0.66885	0.17500	0.00991	0.01492	0.01868	0.01075	0.01554	0.01050	0.01288	0.00753	0.00873	0.00657	0.00448	0.00360	0.00120	0.00589	0.00295	0.00219	0.00678
12	0.00745	0.00501	0.00578	0.00578	0.00585	0.00508	0.00334	0.00758	0.00752	0.01009	0.01600	0.03264	0.01825	0.76498	0.08025	0.00520	0.00559	0.00732	0.00308	0.00321
13	0.85592	0.00992	0.00754	0.00675	0.00992	0.01151	0.00556	0.01508	0.00873	0.02302	0.00714	0.00834	0.00556	0.00476	0.00318	0.00159	0.00397	0.00278	0.00318	0.00556
14	0.01042	0.02574	0.75295	0.01441	0.02175	0.01196	0.01840	0.01682	0.05026	0.01652	0.00981	0.01126	0.00697	0.00498	0.00489	0.00163	0.00740	0.00389	0.00232	0.00761
15	0.01123	0.21388	0.55855	0.01373	0.02039	0.01397	0.06907	0.01605	0.01083	0.01528	0.00880	0.01043	0.00661	0.00472	0.00458	0.00151	0.00716	0.00370	0.00220	0.00730
16	0.01553	0.01247	0.01351	0.01123	0.01445	0.01431	0.00903	0.34324	0.40350	0.02547	0.01625	0.01569	0.01209	0.00676	0.00599	0.00169	0.06041	0.00521	0.00498	0.00821
17	0.01127	0.01044	0.01665	0.29728	0.05548	0.01229	0.09577	0.01383	0.00998	0.04727	0.00898	0.01265	0.00731	0.00616	0.00888	0.00176	0.26821	0.00454	0.00258	0.10863
18	0.02104	0.01150	0.13327	0.00998	0.01451	0.00822	0.00932	0.02365	0.01409	0.67082	0.01853	0.01643	0.01174	0.00612	0.00512	0.00159	0.00487	0.00495	0.00570	0.00855
19	0.00637	0.00458	0.00621	0.00727	0.00764	0.00442	0.00495	0.00737	0.00965	0.01296	0.02664	0.72647	0.03155	0.01860	0.09602	0.00278	0.00419	0.01356	0.00454	0.00421
20	0.13630	0.07075	0.01461	0.01136	0.01438	0.21951	0.03992	0.11673	0.11241	0.10673	0.01137	0.01207	0.00866	0.00598	0.00597	0.00158	0.09692	0.00414	0.00372	0.00690
21	0.00781	0.00602	0.00828	0.00917	0.09557	0.00565	0.00594	0.01014	0.01375	0.01931	0.62186	0.03591	0.08720	0.04293	0.00676	0.00175	0.00295	0.00877	0.00514	0.00511
22	0.00635	0.00454	0.00604	0.00708	0.00746	0.00423	0.00477	0.00738	0.01027	0.01380	0.09941	0.74319	0.03530	0.01555	0.00650	0.00204	0.00292	0.01409	0.00485	0.00423
23	0.00721	0.00583	0.00927	0.00965	0.03376	0.00550	0.09153	0.00864	0.01024	0.01370	0.02563	0.66211	0.02997	0.01430	0.00648	0.00204	0.00380	0.05125	0.00445	0.00463
24	0.01438	0.33736	0.21511	0.01181	0.01658	0.17664	0.04414	0.01783	0.05123	0.05716	0.00939	0.01041	0.00743	0.00493	0.00429	0.00136	0.00679	0.00356	0.00268	0.00692
25	0.00800	0.00631	0.00884	0.00848	0.00903	0.00760	0.00642	0.00928	0.00800	0.01152	0.01317	0.02187	0.01321	0.21842	0.48821	0.00649	0.14221	0.00580	0.00275	0.00440
26	0.00637	0.00465	0.00599	0.00683	0.00741	0.00428	0.00468	0.00752	0.01068	0.01421	0.13425	0.62357	0.12074	0.01497	0.00643	0.00198	0.00286	0.01344	0.00488	0.00428
27	0.01358	0.01224	0.04414	0.06739	0.56778	0.01169	0.08445	0.01674	0.01196	0.10393	0.01087	0.01334	0.00850	0.00479	0.00518	0.00156	0.00622	0.00475	0.00295	0.00794
28	0.01481	0.01396	0.01724	0.16122	0.34502	0.15509	0.01295	0.12135	0.03624	0.05753	0.01049	0.01263	0.00816	0.00518	0.00502	0.00153	0.00659	0.00441	0.00315	0.00742
29	0.11618	0.01297	0.05736	0.10566	0.02212	0.01269	0.34269	0.13241	0.01331	0.08360	0.01075	0.01297	0.00786	0.00515	0.00579	0.00169	0.04147	0.00502	0.00330	0.00702

[dist]
# distance from previous block
# <min> <max>
0	6

# created by:
# /home/berkeley/.conda/envs/busco_data_prod/bin/msa2prfl.pl pipeline/OGs_align_augustus/33634/156624.fs
