[name]
unknown

[dist]
# distance from previous block
# <min> <max>
0	83

[block]
# block no. 0 follows, 49 sequences, length 6
# corresponding to MSA columns:
# 83-88
name=unknown_A
#
# <colnr> <probs for GDERKNQSTAVLIFYWHMCP>
#	G	D	E	R	K	N	Q	S	T	A	V	L	I	F	Y	W	H	M	C	P
0	0.23709	0.00892	0.00928	0.00790	0.01083	0.00913	0.00633	0.08831	0.11565	0.02103	0.18586	0.01995	0.01838	0.00671	0.00458	0.00145	0.00375	0.04807	0.00419	0.19260
1	0.03892	0.01149	0.01725	0.20644	0.32507	0.01227	0.04715	0.15903	0.05127	0.01899	0.01036	0.01279	0.00807	0.00500	0.00495	0.00153	0.00592	0.00450	0.00311	0.05593
2	0.00722	0.00542	0.00813	0.00813	0.00903	0.00632	0.00632	0.00903	0.00813	0.01174	0.01354	0.01987	0.01264	0.03792	0.80225	0.00813	0.01354	0.00542	0.00271	0.00451
3	0.01944	0.01474	0.01485	0.01158	0.01548	0.09185	0.00947	0.64657	0.02219	0.08465	0.01228	0.01221	0.00868	0.00600	0.00501	0.00150	0.00582	0.00446	0.00491	0.00833
4	0.01144	0.01068	0.01710	0.04394	0.15737	0.05018	0.22075	0.06117	0.01222	0.03923	0.11449	0.02056	0.05255	0.10662	0.03363	0.00222	0.03022	0.00615	0.00336	0.00615
5	0.01041	0.14200	0.43770	0.01197	0.01751	0.01170	0.05201	0.01491	0.04811	0.01510	0.01348	0.01476	0.08347	0.00613	0.00541	0.04232	0.00618	0.00445	0.00261	0.05976

[dist]
# distance from previous block
# <min> <max>
4	7

[block]
# block no. 1 follows, 49 sequences, length 64
# corresponding to MSA columns:
# 96-159
name=unknown_B
#
# <colnr> <probs for GDERKNQSTAVLIFYWHMCP>
#	G	D	E	R	K	N	Q	S	T	A	V	L	I	F	Y	W	H	M	C	P
0	0.01248	0.01190	0.06742	0.23791	0.34589	0.03109	0.01343	0.01671	0.08571	0.08033	0.01121	0.01350	0.00859	0.00504	0.00497	0.00155	0.00596	0.00453	0.00300	0.03877
1	0.01617	0.00970	0.01150	0.00946	0.01247	0.01003	0.00774	0.25838	0.07096	0.25038	0.09885	0.02291	0.06429	0.00779	0.00576	0.00165	0.03444	0.06801	0.03217	0.00733
2	0.01892	0.00992	0.01185	0.00918	0.01284	0.00966	0.00752	0.26058	0.01662	0.39052	0.01612	0.01524	0.01091	0.00594	0.00477	0.00143	0.00442	0.00470	0.11069	0.07815
3	0.01224	0.01185	0.02057	0.09513	0.68794	0.01199	0.05512	0.01534	0.01142	0.01620	0.00951	0.01265	0.00789	0.00454	0.00506	0.00153	0.00620	0.00458	0.00248	0.00775
4	0.02170	0.01019	0.01271	0.00975	0.01370	0.00978	0.00805	0.23758	0.01712	0.57758	0.01773	0.01577	0.01140	0.00621	0.00508	0.00155	0.00466	0.00493	0.00592	0.00860
5	0.00982	0.00900	0.01489	0.73643	0.05685	0.01107	0.01356	0.02768	0.01044	0.01365	0.00938	0.01365	0.00708	0.00509	0.00499	0.00165	0.00651	0.00450	0.03803	0.00571
6	0.72731	0.00931	0.00769	0.00679	0.00982	0.01052	0.00556	0.01513	0.00950	0.07804	0.07273	0.01131	0.00949	0.00527	0.00351	0.00157	0.00381	0.00344	0.00356	0.00564
7	0.01799	0.01304	0.01480	0.05989	0.01657	0.01437	0.02572	0.56954	0.10850	0.08702	0.01347	0.01341	0.00954	0.00607	0.00509	0.00156	0.00542	0.00475	0.00494	0.00831
8	0.02906	0.01105	0.01550	0.07913	0.01572	0.03750	0.06538	0.06208	0.00954	0.01398	0.00822	0.01233	0.00745	0.01089	0.09622	0.00267	0.51045	0.00458	0.00251	0.00573
9	0.00644	0.00445	0.00575	0.00679	0.00718	0.00417	0.00456	0.00744	0.00977	0.01338	0.02728	0.72686	0.04760	0.02463	0.00643	0.00201	0.00290	0.01341	0.07480	0.00415
10	0.00943	0.00871	0.01420	0.70156	0.03141	0.01071	0.01295	0.01316	0.05057	0.01335	0.01116	0.08056	0.00941	0.00604	0.00518	0.00172	0.00628	0.00538	0.00260	0.00562
11	0.00857	0.00579	0.00729	0.00671	0.00822	0.00548	0.00510	0.01174	0.06934	0.07040	0.62695	0.03499	0.07492	0.00980	0.00578	0.00159	0.00263	0.00857	0.03091	0.00523
12	0.01106	0.01106	0.01549	0.01328	0.01328	0.01549	0.01106	0.01217	0.00774	0.01217	0.00664	0.01106	0.00664	0.00885	0.01659	0.00221	0.81303	0.00443	0.00221	0.00553
13	0.00732	0.00502	0.00609	0.00609	0.00630	0.00522	0.00379	0.00773	0.00753	0.01023	0.01540	0.03016	0.01711	0.64819	0.19810	0.00562	0.00682	0.00692	0.00299	0.00339
14	0.01240	0.01187	0.02023	0.03051	0.77404	0.01186	0.01529	0.01539	0.01157	0.01660	0.02611	0.01305	0.00886	0.00463	0.00503	0.00150	0.00593	0.00460	0.00257	0.00794
15	0.01172	0.01196	0.01657	0.01622	0.13417	0.05617	0.03070	0.01321	0.00878	0.01295	0.00723	0.01125	0.00687	0.00787	0.01390	0.00204	0.62572	0.00441	0.00229	0.00597
16	0.00971	0.00513	0.00582	0.00591	0.00721	0.00504	0.00467	0.01200	0.01109	0.05873	0.04440	0.05048	0.01769	0.00785	0.00442	0.00145	0.00290	0.14423	0.59637	0.00489
17	0.00918	0.00856	0.01415	0.72665	0.03194	0.01051	0.01301	0.01233	0.01020	0.01297	0.01263	0.04161	0.06389	0.00596	0.00517	0.00170	0.00632	0.00525	0.00250	0.00547
18	0.01153	0.02583	0.67204	0.01419	0.02089	0.13713	0.01727	0.01668	0.01126	0.01544	0.00887	0.01043	0.00642	0.00487	0.00477	0.00155	0.00773	0.00366	0.00221	0.00722
19	0.00673	0.00515	0.00617	0.00592	0.00730	0.00459	0.00444	0.00873	0.01332	0.01791	0.52455	0.04167	0.31272	0.01122	0.00597	0.00163	0.00245	0.00969	0.00526	0.00459
20	0.14724	0.00836	0.00922	0.00773	0.01056	0.00853	0.00624	0.10980	0.06732	0.27154	0.01612	0.01667	0.01164	0.00609	0.00434	0.00147	0.00378	0.02061	0.26596	0.00679
21	0.01208	0.02820	0.04024	0.07190	0.08784	0.01417	0.01158	0.01375	0.00897	0.07759	0.00826	0.01181	0.00725	0.00774	0.01308	0.00201	0.57042	0.00444	0.00257	0.00611
22	0.01539	0.00897	0.01068	0.00918	0.01137	0.04878	0.00718	0.01844	0.11278	0.33428	0.01768	0.04586	0.01467	0.16533	0.01062	0.00236	0.10300	0.05219	0.00467	0.00656
23	0.00682	0.00578	0.00598	0.00590	0.00765	0.00528	0.00442	0.00969	0.10511	0.01469	0.06454	0.09267	0.62912	0.01221	0.00590	0.00173	0.00276	0.01026	0.00477	0.00473
24	0.01210	0.01163	0.01883	0.17102	0.46301	0.02397	0.06093	0.03322	0.07724	0.01627	0.01027	0.01316	0.00830	0.00509	0.00575	0.00161	0.05287	0.00468	0.00273	0.00733
25	0.76650	0.03018	0.00810	0.00693	0.00994	0.02803	0.00570	0.01462	0.00874	0.02152	0.00746	0.00895	0.00597	0.00675	0.05258	0.00195	0.00466	0.00291	0.00307	0.00545
26	0.00842	0.00632	0.00929	0.03600	0.08248	0.00642	0.00853	0.01056	0.01107	0.01462	0.02331	0.10096	0.02510	0.01452	0.05533	0.03066	0.00526	0.54208	0.00419	0.00487
27	0.01366	0.04461	0.08210	0.01626	0.21898	0.11450	0.03612	0.12869	0.05673	0.01828	0.01007	0.01159	0.00799	0.00478	0.00460	0.00130	0.00586	0.00396	0.00312	0.21680
28	0.00822	0.00546	0.00672	0.00681	0.00806	0.00509	0.00494	0.01046	0.05735	0.08096	0.20766	0.35505	0.17392	0.01236	0.00597	0.00179	0.00290	0.01089	0.03045	0.00492
29	0.07846	0.08840	0.01425	0.01067	0.01360	0.16474	0.05531	0.08268	0.11056	0.11514	0.09780	0.01592	0.02972	0.00643	0.00576	0.00153	0.07244	0.00488	0.00394	0.02778
30	0.01274	0.01384	0.10643	0.04073	0.56026	0.06823	0.01449	0.01560	0.01138	0.04033	0.00962	0.01241	0.00789	0.00546	0.00587	0.05415	0.00626	0.00434	0.00256	0.00741
31	0.02219	0.00893	0.01186	0.00912	0.01300	0.00797	0.00753	0.07085	0.02418	0.72858	0.01943	0.01694	0.01232	0.00625	0.00507	0.00156	0.00435	0.00506	0.01627	0.00855
32	0.01007	0.01015	0.05590	0.04513	0.42047	0.00923	0.02891	0.01272	0.01151	0.01578	0.07169	0.07730	0.15901	0.00769	0.00546	0.00164	0.00501	0.04244	0.00334	0.00654
33	0.02378	0.01118	0.01667	0.10183	0.32978	0.01147	0.03696	0.16728	0.02303	0.17544	0.03573	0.02213	0.01038	0.00553	0.00509	0.00155	0.00555	0.00491	0.00389	0.00780
34	0.00767	0.00570	0.00747	0.00724	0.00759	0.00646	0.00507	0.00848	0.00783	0.01097	0.03154	0.02626	0.01581	0.44120	0.30379	0.00572	0.08801	0.00641	0.00291	0.00387
35	0.00645	0.00453	0.00602	0.00715	0.00755	0.00427	0.00494	0.00751	0.00988	0.01332	0.02735	0.72486	0.03232	0.01531	0.00639	0.00204	0.00306	0.07671	0.03616	0.00418
36	0.06180	0.10223	0.33290	0.01468	0.02005	0.16766	0.19014	0.02534	0.01167	0.01550	0.00881	0.01068	0.00670	0.00472	0.00478	0.00151	0.00760	0.00401	0.00242	0.00680
37	0.01545	0.44061	0.03578	0.07657	0.01613	0.08150	0.06410	0.01753	0.01164	0.18160	0.01032	0.01105	0.00790	0.00488	0.00413	0.00131	0.00585	0.00367	0.00312	0.00686
38	0.00716	0.00517	0.00676	0.00636	0.00755	0.00477	0.00477	0.00954	0.01431	0.02028	0.78808	0.03777	0.04771	0.01034	0.00596	0.00159	0.00239	0.00914	0.00557	0.00477
39	0.00645	0.00484	0.00640	0.00775	0.03650	0.00452	0.00504	0.00762	0.01930	0.01323	0.02977	0.69123	0.11863	0.01496	0.00633	0.00199	0.00302	0.01348	0.00462	0.00432
40	0.01303	0.06646	0.45745	0.01432	0.04301	0.03118	0.11087	0.01746	0.01159	0.15495	0.01137	0.02673	0.00821	0.00517	0.00494	0.00158	0.00684	0.00440	0.00300	0.00745
41	0.00858	0.00686	0.01005	0.01207	0.15888	0.00738	0.00745	0.01004	0.00885	0.01238	0.01448	0.02597	0.01493	0.28512	0.27459	0.00491	0.05035	0.07937	0.00295	0.00478
42	0.01230	0.01317	0.07714	0.02903	0.67201	0.01206	0.07850	0.01561	0.01149	0.01646	0.00954	0.01248	0.00787	0.00451	0.00507	0.00153	0.00632	0.00457	0.00248	0.00787
43	0.01542	0.04199	0.04450	0.14628	0.02217	0.01139	0.29912	0.08196	0.01330	0.25269	0.01298	0.01427	0.00898	0.00517	0.00534	0.00162	0.00655	0.00515	0.00381	0.00732
44	0.08814	0.00783	0.00985	0.00791	0.01115	0.00704	0.00644	0.02001	0.01341	0.53926	0.07780	0.02156	0.10101	0.00713	0.00499	0.00156	0.00382	0.00578	0.05797	0.00734
45	0.00671	0.00515	0.00614	0.00589	0.00728	0.00458	0.00442	0.00868	0.01326	0.01777	0.50839	0.04191	0.32897	0.01127	0.00597	0.00163	0.00245	0.00972	0.00524	0.00458
46	0.01157	0.00913	0.01066	0.00786	0.01216	0.00733	0.00628	0.01490	0.08162	0.07390	0.01086	0.01175	0.00859	0.00422	0.00397	0.00090	0.00381	0.00340	0.00343	0.71366
47	0.00863	0.00521	0.00603	0.00580	0.00613	0.00511	0.00343	0.00879	0.00794	0.07485	0.01627	0.03177	0.01790	0.75462	0.02403	0.00463	0.00485	0.00717	0.00333	0.00352
48	0.01192	0.01077	0.01189	0.07770	0.07027	0.06010	0.00868	0.02194	0.50220	0.01947	0.13061	0.02013	0.01836	0.00695	0.00521	0.00165	0.00445	0.00588	0.00462	0.00720
49	0.01139	0.01086	0.01876	0.16179	0.51720	0.01115	0.06865	0.01447	0.01154	0.01615	0.07455	0.01619	0.01169	0.00535	0.00522	0.00158	0.00597	0.02756	0.00278	0.00714
50	0.00788	0.00605	0.00802	0.00768	0.00801	0.00706	0.00550	0.00871	0.00770	0.01088	0.01362	0.02483	0.01446	0.40865	0.30906	0.00567	0.13327	0.00619	0.00280	0.00398
51	0.01260	0.01147	0.01241	0.06889	0.04053	0.05408	0.00897	0.02423	0.61249	0.01939	0.01785	0.01727	0.01355	0.00669	0.00581	0.00172	0.05456	0.00538	0.00453	0.00757
52	0.79786	0.00969	0.00774	0.00682	0.01000	0.01106	0.00562	0.01557	0.00903	0.07824	0.00797	0.00886	0.00598	0.00481	0.00327	0.00156	0.00394	0.00291	0.00335	0.00570
53	0.85801	0.00978	0.00743	0.00665	0.00978	0.01134	0.00548	0.01486	0.00861	0.02269	0.00704	0.00821	0.00548	0.00469	0.00313	0.00156	0.00391	0.00274	0.00313	0.00548
54	0.00790	0.00520	0.00566	0.00539	0.00693	0.00471	0.00406	0.00993	0.01174	0.01744	0.20534	0.03189	0.25922	0.00892	0.00486	0.00141	0.00251	0.00747	0.34338	0.05602
55	0.85801	0.00978	0.00743	0.00665	0.00978	0.01134	0.00548	0.01486	0.00861	0.02269	0.00704	0.00821	0.00548	0.00469	0.00313	0.00156	0.00391	0.00274	0.00313	0.00548
56	0.08318	0.00918	0.01452	0.69320	0.03138	0.01150	0.01312	0.01304	0.00984	0.01372	0.00868	0.01288	0.00663	0.00525	0.00557	0.00171	0.05435	0.00434	0.00232	0.00560
57	0.01143	0.01120	0.01594	0.01584	0.13693	0.01468	0.01151	0.01398	0.07542	0.01364	0.00830	0.01197	0.00762	0.00799	0.01376	0.00206	0.61455	0.00455	0.00251	0.00614
58	0.18815	0.00884	0.01088	0.00853	0.01229	0.00821	0.00704	0.02271	0.01331	0.64141	0.01739	0.01543	0.01112	0.00595	0.00470	0.00156	0.00423	0.00462	0.00564	0.00799
59	0.01088	0.01163	0.02430	0.01800	0.02214	0.01094	0.58238	0.01467	0.01217	0.01652	0.10124	0.02221	0.01511	0.00626	0.00610	0.00178	0.00731	0.10690	0.00318	0.00630
60	0.55739	0.00936	0.00898	0.00749	0.01091	0.00994	0.00618	0.01838	0.01072	0.30035	0.01169	0.01145	0.00801	0.00526	0.00383	0.00156	0.00405	0.00358	0.00426	0.00660
61	0.01226	0.01178	0.01993	0.07828	0.70319	0.01215	0.01519	0.01518	0.01123	0.01607	0.00933	0.01250	0.00786	0.00477	0.00562	0.00155	0.04841	0.00450	0.00247	0.00773
62	0.00957	0.00841	0.01514	0.01293	0.04354	0.00793	0.26819	0.02326	0.02883	0.05571	0.02201	0.38534	0.07617	0.01038	0.00608	0.00185	0.00507	0.01003	0.00398	0.00559
63	0.00899	0.00783	0.00978	0.17907	0.01479	0.05623	0.02328	0.04731	0.02070	0.01603	0.21146	0.14555	0.11906	0.01125	0.06009	0.00209	0.00494	0.00790	0.02309	0.03055

[dist]
# distance from previous block
# <min> <max>
0	23

[block]
# block no. 2 follows, 49 sequences, length 34
# corresponding to MSA columns:
# 183-216
name=unknown_C
#
# <colnr> <probs for GDERKNQSTAVLIFYWHMCP>
#	G	D	E	R	K	N	Q	S	T	A	V	L	I	F	Y	W	H	M	C	P
0	0.13971	0.01577	0.01536	0.01823	0.29677	0.28197	0.01102	0.09781	0.01347	0.01780	0.03993	0.01169	0.00877	0.00517	0.00462	0.00145	0.00657	0.00401	0.00303	0.00684
1	0.02121	0.00882	0.01164	0.00905	0.01278	0.00795	0.00743	0.06471	0.04770	0.67725	0.06173	0.01813	0.01436	0.00650	0.00513	0.00157	0.00425	0.00531	0.00611	0.00837
2	0.01364	0.00866	0.01051	0.00774	0.01190	0.00681	0.00624	0.01582	0.01154	0.22144	0.01227	0.01270	0.00911	0.00452	0.00409	0.00099	0.00382	0.00364	0.04896	0.58560
3	0.85801	0.00978	0.00743	0.00665	0.00978	0.01134	0.00548	0.01486	0.00861	0.02269	0.00704	0.00821	0.00548	0.00469	0.00313	0.00156	0.00391	0.00274	0.00313	0.00548
4	0.01641	0.39926	0.02017	0.01077	0.01439	0.32336	0.00922	0.12432	0.01376	0.01491	0.00806	0.00907	0.00680	0.00492	0.00401	0.00123	0.00687	0.00318	0.00274	0.00654
5	0.01270	0.01143	0.01857	0.03858	0.40726	0.03617	0.14614	0.04406	0.04492	0.04512	0.01157	0.01401	0.00912	0.00493	0.00495	0.00150	0.00585	0.00483	0.13107	0.00723
6	0.21352	0.00607	0.00599	0.00568	0.00733	0.00633	0.00438	0.01185	0.01125	0.02021	0.24861	0.02203	0.02171	0.00695	0.00417	0.00140	0.00274	0.00558	0.38926	0.00491
7	0.09984	0.00917	0.01419	0.44162	0.15959	0.01047	0.01227	0.01390	0.01064	0.05777	0.01179	0.01863	0.01006	0.00615	0.00510	0.00172	0.00591	0.10223	0.00292	0.00606
8	0.00852	0.00449	0.00639	0.00639	0.00639	0.00449	0.00415	0.00673	0.00673	0.00897	0.01009	0.01862	0.01054	0.16512	0.02086	0.69739	0.00449	0.00493	0.00236	0.00236
9	0.01049	0.00899	0.01049	0.00749	0.01198	0.00674	0.00599	0.01273	0.01049	0.01648	0.00899	0.01049	0.00749	0.00374	0.00374	0.00075	0.00374	0.00300	0.00300	0.85320
10	0.01020	0.01005	0.01865	0.01418	0.01751	0.00971	0.38055	0.01505	0.11299	0.01840	0.30784	0.02351	0.02393	0.00691	0.00586	0.00166	0.00560	0.00715	0.00404	0.00619
11	0.01322	0.01178	0.01991	0.02951	0.73668	0.01170	0.01496	0.01615	0.01172	0.07057	0.01024	0.01284	0.00832	0.00463	0.00501	0.00151	0.00589	0.00455	0.00276	0.00805
12	0.02092	0.00894	0.01175	0.00894	0.01293	0.00777	0.00736	0.06201	0.01444	0.65344	0.01812	0.01607	0.01166	0.00592	0.00491	0.00146	0.00430	0.00479	0.00577	0.11851
13	0.01239	0.00992	0.01063	0.00956	0.01222	0.01123	0.00743	0.02444	0.63820	0.05391	0.07739	0.02020	0.01754	0.00703	0.00509	0.00166	0.00378	0.00588	0.06397	0.00756
14	0.04953	0.01132	0.01922	0.10976	0.49542	0.01139	0.09299	0.01647	0.01167	0.11733	0.01078	0.01316	0.00832	0.00477	0.00504	0.00155	0.00604	0.00466	0.00300	0.00760
15	0.00906	0.00592	0.00711	0.00658	0.00832	0.00548	0.00502	0.01146	0.05333	0.11739	0.27153	0.03689	0.30896	0.05467	0.06220	0.00227	0.00373	0.01996	0.00497	0.00515
16	0.00705	0.00527	0.00657	0.00665	0.00780	0.00501	0.00509	0.00877	0.01155	0.01534	0.27199	0.04169	0.23653	0.11432	0.09515	0.00287	0.00437	0.14503	0.00455	0.00438
17	0.00687	0.00544	0.00755	0.05873	0.07440	0.00524	0.00605	0.00815	0.01015	0.01333	0.02883	0.58067	0.14811	0.01375	0.00617	0.00193	0.00337	0.01236	0.00436	0.00455
18	0.03516	0.63958	0.02202	0.00817	0.01168	0.01668	0.00774	0.01363	0.01003	0.01236	0.06154	0.01112	0.00963	0.00648	0.00558	0.11197	0.00503	0.00337	0.00243	0.00578
19	0.00638	0.00467	0.00605	0.00707	0.00766	0.00434	0.00501	0.00749	0.01016	0.01328	0.03077	0.62445	0.13118	0.01522	0.00646	0.00204	0.00310	0.10577	0.00469	0.00420
20	0.00652	0.00468	0.00619	0.00679	0.00741	0.00435	0.00472	0.00795	0.01136	0.01559	0.30409	0.53513	0.03863	0.01384	0.00628	0.00189	0.00273	0.01247	0.00501	0.00435
21	0.01446	0.01389	0.01699	0.06402	0.41547	0.16944	0.01252	0.08040	0.05539	0.05728	0.01128	0.04588	0.00939	0.00550	0.00500	0.00151	0.00630	0.00477	0.00315	0.00737
22	0.01889	0.02410	0.01433	0.01303	0.01563	0.80199	0.00977	0.02019	0.01433	0.01238	0.00782	0.00912	0.00651	0.00521	0.00456	0.00130	0.00912	0.00326	0.00261	0.00586
23	0.01777	0.00746	0.01002	0.00821	0.01121	0.00651	0.00656	0.01962	0.01371	0.55709	0.12253	0.11893	0.06096	0.00830	0.00541	0.00164	0.00379	0.00704	0.00590	0.00733
24	0.00918	0.01721	0.43362	0.05476	0.08663	0.00943	0.01376	0.01326	0.01094	0.01553	0.06551	0.12303	0.07981	0.00764	0.00531	0.00169	0.00586	0.03737	0.00305	0.00643
25	0.02197	0.00975	0.01245	0.00954	0.01348	0.00914	0.00788	0.17957	0.01640	0.63661	0.01833	0.01616	0.01171	0.00622	0.00508	0.00155	0.00456	0.00498	0.00601	0.00860
26	0.12808	0.02224	0.01343	0.01220	0.01487	0.69910	0.00921	0.01950	0.01359	0.01372	0.00772	0.00900	0.00638	0.00514	0.00437	0.00134	0.00844	0.00319	0.00267	0.00581
27	0.07942	0.00913	0.01258	0.01170	0.11391	0.00830	0.00835	0.02278	0.01368	0.63942	0.01769	0.01597	0.01144	0.00592	0.00494	0.00156	0.00450	0.00485	0.00555	0.00831
28	0.03742	0.02267	0.62671	0.01330	0.01975	0.01167	0.01621	0.01751	0.13162	0.01715	0.03175	0.01261	0.00890	0.00527	0.00484	0.00162	0.00668	0.00416	0.00273	0.00742
29	0.01273	0.00866	0.00985	0.00862	0.01099	0.00916	0.00679	0.18768	0.18186	0.09221	0.18122	0.08733	0.02218	0.00827	0.00527	0.00161	0.00377	0.03994	0.11524	0.00662
30	0.01244	0.01430	0.12122	0.02821	0.66200	0.04123	0.01572	0.01576	0.01151	0.01630	0.00939	0.01215	0.00775	0.00457	0.00496	0.00151	0.00631	0.00436	0.00246	0.00786
31	0.59780	0.05280	0.02165	0.01044	0.11220	0.01193	0.00745	0.04289	0.03850	0.05231	0.00859	0.00970	0.00663	0.00484	0.00362	0.00154	0.00439	0.00325	0.00325	0.00622
32	0.00650	0.00464	0.00626	0.00743	0.00787	0.00440	0.00528	0.00763	0.01002	0.01329	0.02768	0.68925	0.03271	0.01552	0.00654	0.00210	0.00323	0.14077	0.00469	0.00420
33	0.01415	0.66424	0.08659	0.00937	0.01392	0.01795	0.02292	0.01619	0.01076	0.09157	0.00856	0.00934	0.00711	0.00456	0.00360	0.00118	0.00552	0.00309	0.00258	0.00679

[dist]
# distance from previous block
# <min> <max>
0	3

[block]
# block no. 3 follows, 49 sequences, length 54
# corresponding to MSA columns:
# 220-273
name=unknown_D
#
# <colnr> <probs for GDERKNQSTAVLIFYWHMCP>
#	G	D	E	R	K	N	Q	S	T	A	V	L	I	F	Y	W	H	M	C	P
0	0.04089	0.00794	0.00978	0.06150	0.01223	0.00840	0.02527	0.03209	0.24895	0.08237	0.24587	0.10755	0.06020	0.00891	0.00554	0.00170	0.00371	0.02593	0.00495	0.00619
1	0.02581	0.48073	0.15856	0.01098	0.05457	0.01610	0.01061	0.05413	0.01163	0.12060	0.00953	0.01023	0.00746	0.00477	0.00395	0.00129	0.00564	0.00339	0.00289	0.00712
2	0.05754	0.07289	0.03624	0.01695	0.25329	0.15431	0.04534	0.05378	0.01252	0.11683	0.01289	0.12122	0.01150	0.00647	0.00495	0.00153	0.00591	0.00552	0.00343	0.00689
3	0.00633	0.00446	0.00589	0.00692	0.00730	0.00417	0.00466	0.00736	0.01002	0.01359	0.07796	0.74071	0.03372	0.01515	0.00633	0.00199	0.00288	0.01371	0.03267	0.00417
4	0.00757	0.00575	0.00821	0.00885	0.06493	0.00603	0.00605	0.00942	0.01033	0.01462	0.26075	0.02728	0.04311	0.11830	0.38034	0.00503	0.00816	0.00689	0.00369	0.00467
5	0.00618	0.00502	0.00548	0.00560	0.00701	0.00432	0.00411	0.00757	0.01167	0.01454	0.15831	0.16297	0.56380	0.01289	0.00605	0.00174	0.00259	0.01100	0.00483	0.00432
6	0.01576	0.09375	0.01471	0.04757	0.07864	0.01276	0.00912	0.24475	0.20073	0.14779	0.06993	0.01609	0.01332	0.00624	0.00496	0.00154	0.00483	0.00505	0.00468	0.00779
7	0.01160	0.01127	0.01547	0.01317	0.01344	0.01550	0.01097	0.06274	0.00881	0.01348	0.00700	0.01113	0.00677	0.00867	0.01583	0.00217	0.75943	0.00443	0.00240	0.00574
8	0.01510	0.00772	0.00969	0.00804	0.01081	0.00722	0.00641	0.06580	0.07709	0.36291	0.25153	0.02676	0.11245	0.00826	0.00545	0.00160	0.00359	0.00695	0.00571	0.00692
9	0.01224	0.01401	0.02792	0.02027	0.02506	0.06490	0.69042	0.01623	0.01208	0.01590	0.01075	0.01512	0.00847	0.00472	0.00592	0.00170	0.00841	0.03656	0.00265	0.00667
10	0.01525	0.00692	0.00885	0.00740	0.00995	0.00633	0.00589	0.01789	0.04332	0.38787	0.22182	0.02306	0.02201	0.00728	0.00497	0.00149	0.00335	0.00610	0.19353	0.00671
11	0.01889	0.02410	0.01433	0.01303	0.01563	0.80199	0.00977	0.02019	0.01433	0.01238	0.00782	0.00912	0.00651	0.00521	0.00456	0.00130	0.00912	0.00326	0.00261	0.00586
12	0.01261	0.00961	0.01611	0.38133	0.02502	0.01054	0.13503	0.04290	0.02150	0.15833	0.01321	0.03968	0.01052	0.00632	0.00586	0.00174	0.03930	0.06059	0.00342	0.00639
13	0.02246	0.00897	0.01196	0.00917	0.01309	0.00798	0.00758	0.07419	0.01509	0.74383	0.01943	0.01688	0.01226	0.00625	0.00508	0.00156	0.00439	0.00505	0.00618	0.00861
14	0.00894	0.00791	0.01011	0.00778	0.01125	0.00632	0.06850	0.01102	0.01110	0.01562	0.05173	0.02483	0.27707	0.00714	0.00477	0.00119	0.00368	0.00610	0.00364	0.46130
15	0.07581	0.01075	0.01710	0.02282	0.50242	0.01055	0.04336	0.01580	0.01166	0.09618	0.05062	0.01411	0.01045	0.00499	0.00483	0.00146	0.00531	0.00464	0.03375	0.06340
16	0.21570	0.01092	0.01946	0.01502	0.01875	0.01085	0.41214	0.01457	0.01106	0.01752	0.01324	0.02225	0.01204	0.00659	0.00551	0.00181	0.00652	0.17685	0.00318	0.00600
17	0.00955	0.00899	0.01517	0.81013	0.03483	0.01123	0.01404	0.01292	0.01011	0.01292	0.00899	0.01348	0.00674	0.00506	0.00506	0.00169	0.00674	0.00449	0.00225	0.00562
18	0.00955	0.00899	0.01517	0.81013	0.03483	0.01123	0.01404	0.01292	0.01011	0.01292	0.00899	0.01348	0.00674	0.00506	0.00506	0.00169	0.00674	0.00449	0.00225	0.00562
19	0.00955	0.00899	0.01517	0.81013	0.03483	0.01123	0.01404	0.01292	0.01011	0.01292	0.00899	0.01348	0.00674	0.00506	0.00506	0.00169	0.00674	0.00449	0.00225	0.00562
20	0.01258	0.01086	0.01143	0.01029	0.01315	0.01258	0.00800	0.02687	0.78161	0.02115	0.02058	0.01887	0.01544	0.00686	0.00515	0.00172	0.00400	0.00572	0.00515	0.00800
21	0.00723	0.00539	0.00801	0.00801	0.00887	0.00626	0.00617	0.00895	0.00809	0.01165	0.01365	0.02046	0.01290	0.07305	0.76747	0.00798	0.01316	0.00550	0.00272	0.00445
22	0.00955	0.00899	0.01517	0.81013	0.03483	0.01123	0.01404	0.01292	0.01011	0.01292	0.00899	0.01348	0.00674	0.00506	0.00506	0.00169	0.00674	0.00449	0.00225	0.00562
23	0.02269	0.00861	0.01174	0.00900	0.01291	0.00743	0.00743	0.02464	0.01447	0.79425	0.01995	0.01721	0.01252	0.00626	0.00509	0.00156	0.00430	0.00509	0.00626	0.00861
24	0.01106	0.01106	0.01549	0.01328	0.01328	0.01549	0.01106	0.01217	0.00774	0.01217	0.00664	0.01106	0.00664	0.00885	0.01659	0.00221	0.81303	0.00443	0.00221	0.00553
25	0.85801	0.00978	0.00743	0.00665	0.00978	0.01134	0.00548	0.01486	0.00861	0.02269	0.00704	0.00821	0.00548	0.00469	0.00313	0.00156	0.00391	0.00274	0.00313	0.00548
26	0.00955	0.00899	0.01517	0.81013	0.03483	0.01123	0.01404	0.01292	0.01011	0.01292	0.00899	0.01348	0.00674	0.00506	0.00506	0.00169	0.00674	0.00449	0.00225	0.00562
27	0.00602	0.00512	0.00518	0.00517	0.00686	0.00429	0.00388	0.00734	0.01163	0.01390	0.07784	0.04827	0.76193	0.01272	0.00598	0.00170	0.00255	0.01062	0.00473	0.00429
28	0.53967	0.01355	0.00961	0.00855	0.01150	0.21791	0.00677	0.06629	0.01121	0.02040	0.00807	0.00926	0.00634	0.00498	0.00365	0.00147	0.00530	0.00310	0.04663	0.00574
29	0.01294	0.00943	0.01238	0.01170	0.14265	0.00774	0.00784	0.01527	0.01135	0.15144	0.01098	0.01199	0.00845	0.00431	0.00419	0.00102	0.00422	0.00361	0.00348	0.56501
30	0.00723	0.00540	0.00804	0.00804	0.00891	0.00627	0.00621	0.00897	0.00810	0.01167	0.01363	0.02032	0.01284	0.06513	0.77532	0.00801	0.01324	0.00548	0.00272	0.00446
31	0.01094	0.00785	0.05066	0.01032	0.01253	0.00686	0.05931	0.01351	0.01209	0.14581	0.02362	0.04510	0.02373	0.01156	0.00649	0.00212	0.00500	0.54224	0.00466	0.00561
32	0.01817	0.01249	0.01466	0.14082	0.01837	0.01373	0.01000	0.53835	0.02017	0.14281	0.01280	0.01312	0.00888	0.00593	0.00506	0.00155	0.00557	0.00462	0.00478	0.00812
33	0.01634	0.01699	0.01800	0.01437	0.01767	0.28475	0.17796	0.23462	0.04725	0.01914	0.00998	0.01159	0.00775	0.00571	0.00635	0.00157	0.09525	0.00445	0.00336	0.00691
34	0.01049	0.00899	0.01049	0.00749	0.01198	0.00674	0.00599	0.01273	0.01049	0.01648	0.00899	0.01049	0.00749	0.00374	0.00374	0.00075	0.00374	0.00300	0.00300	0.85320
35	0.05546	0.00822	0.01078	0.00843	0.01200	0.00729	0.00692	0.02282	0.01380	0.67661	0.01904	0.01702	0.01228	0.00615	0.00483	0.00152	0.00407	0.00495	0.09975	0.00805
36	0.01106	0.01106	0.01549	0.01328	0.01328	0.01549	0.01106	0.01217	0.00774	0.01217	0.00664	0.01106	0.00664	0.00885	0.01659	0.00221	0.81303	0.00443	0.00221	0.00553
37	0.00624	0.00508	0.00539	0.00539	0.00684	0.00438	0.00393	0.00755	0.01149	0.01418	0.14200	0.07594	0.60507	0.07503	0.00752	0.00195	0.00273	0.01036	0.00468	0.00423
38	0.01014	0.02616	0.79609	0.01441	0.02189	0.01174	0.01868	0.01601	0.01068	0.01601	0.00907	0.01068	0.00641	0.00480	0.00480	0.00160	0.00747	0.00374	0.00214	0.00747
39	0.00649	0.00486	0.00601	0.00668	0.00753	0.00445	0.00483	0.00775	0.01072	0.01387	0.09569	0.41403	0.24180	0.04816	0.00716	0.00207	0.00309	0.10590	0.00469	0.00423
40	0.00619	0.00515	0.00541	0.00541	0.00703	0.00438	0.00409	0.00763	0.01185	0.01448	0.13613	0.04767	0.67742	0.01256	0.00601	0.00171	0.00261	0.03513	0.00480	0.00434
41	0.00823	0.00493	0.00652	0.00709	0.00789	0.00455	0.00494	0.00940	0.01057	0.10037	0.07688	0.63710	0.03102	0.01390	0.00612	0.00192	0.00302	0.01250	0.04836	0.00468
42	0.01361	0.01252	0.09323	0.01404	0.14438	0.01199	0.01031	0.08007	0.43046	0.08692	0.01675	0.01631	0.01243	0.00612	0.00503	0.00163	0.00479	0.00514	0.02632	0.00796
43	0.01067	0.02128	0.55091	0.01411	0.05646	0.03811	0.04974	0.01551	0.01133	0.03476	0.08425	0.01359	0.01073	0.00528	0.00491	0.00153	0.00670	0.00436	0.00267	0.06311
44	0.01235	0.05406	0.06184	0.07721	0.54153	0.02869	0.01399	0.03345	0.01167	0.03441	0.03550	0.01347	0.00938	0.00644	0.04312	0.00182	0.00636	0.00455	0.00271	0.00745
45	0.06973	0.10545	0.09781	0.20352	0.09423	0.06403	0.04771	0.03049	0.01163	0.15135	0.01065	0.01226	0.00784	0.00497	0.00461	0.00146	0.00598	0.00408	0.00315	0.06904
46	0.02940	0.08768	0.36582	0.01115	0.01620	0.01034	0.01237	0.03465	0.01229	0.20376	0.10024	0.01812	0.01406	0.00637	0.00498	0.00159	0.00566	0.05437	0.00377	0.00716
47	0.11818	0.01580	0.06530	0.01147	0.03139	0.27465	0.06482	0.01745	0.06284	0.04826	0.00968	0.01087	0.00760	0.00479	0.00435	0.00128	0.00625	0.00362	0.00306	0.23834
48	0.00708	0.00517	0.00665	0.00628	0.00751	0.00474	0.00471	0.00939	0.01413	0.01984	0.73916	0.03850	0.09691	0.01050	0.00596	0.00160	0.00240	0.00925	0.00551	0.00474
49	0.01437	0.01438	0.24027	0.01453	0.13579	0.00953	0.06826	0.01784	0.01230	0.25764	0.06431	0.01498	0.01150	0.00542	0.00497	0.00149	0.00561	0.00472	0.00382	0.09828
50	0.01296	0.01216	0.02017	0.02975	0.73949	0.01226	0.01513	0.06567	0.01232	0.01754	0.00969	0.01249	0.00805	0.00461	0.00501	0.00150	0.00598	0.00451	0.00267	0.00805
51	0.09372	0.01411	0.22245	0.01057	0.01518	0.02837	0.01053	0.06975	0.03999	0.38243	0.01540	0.01608	0.01073	0.00608	0.00491	0.00161	0.00532	0.04043	0.00459	0.00774
52	0.01247	0.13325	0.17815	0.01178	0.09996	0.01027	0.01012	0.04149	0.01247	0.13993	0.15874	0.01859	0.05566	0.00632	0.00482	0.00142	0.00486	0.00521	0.00379	0.09068
53	0.10016	0.17916	0.46826	0.04776	0.01878	0.01324	0.01430	0.01635	0.05004	0.03480	0.00931	0.01062	0.00695	0.00485	0.00436	0.00150	0.00641	0.00360	0.00250	0.00704

[dist]
# distance from previous block
# <min> <max>
2	9

[block]
# block no. 4 follows, 49 sequences, length 7
# corresponding to MSA columns:
# 283-289
name=unknown_E
#
# <colnr> <probs for GDERKNQSTAVLIFYWHMCP>
#	G	D	E	R	K	N	Q	S	T	A	V	L	I	F	Y	W	H	M	C	P
0	0.01174	0.01132	0.01968	0.13099	0.59424	0.01153	0.06872	0.01476	0.01126	0.01583	0.01050	0.05704	0.00922	0.00518	0.00516	0.00157	0.00611	0.00515	0.00259	0.00740
1	0.00698	0.00541	0.00696	0.00775	0.04524	0.00490	0.00528	0.00854	0.01137	0.01522	0.20389	0.35015	0.20227	0.01264	0.00605	0.00179	0.00300	0.04899	0.00470	0.04887
2	0.01506	0.01210	0.01283	0.01079	0.01410	0.01374	0.00860	0.30609	0.49834	0.02516	0.01743	0.01635	0.01288	0.00657	0.00511	0.00164	0.00459	0.00528	0.00511	0.00823
3	0.01176	0.01045	0.01621	0.52389	0.17786	0.01214	0.01358	0.14254	0.01270	0.01683	0.00962	0.01307	0.00730	0.00512	0.00505	0.00162	0.00640	0.00451	0.00277	0.00659
4	0.01201	0.01150	0.01962	0.16323	0.66249	0.01188	0.01527	0.01508	0.01128	0.01591	0.00942	0.01268	0.00779	0.00460	0.00501	0.00153	0.00613	0.00450	0.00246	0.00760
5	0.01206	0.01080	0.01929	0.33480	0.15713	0.01148	0.20948	0.05615	0.01195	0.07087	0.01121	0.01567	0.00880	0.00533	0.00538	0.00167	0.00674	0.04160	0.00292	0.00666
6	0.01464	0.01035	0.01512	0.01202	0.01524	0.04599	0.18304	0.14480	0.01472	0.20777	0.10582	0.09181	0.01816	0.00787	0.00569	0.00171	0.00541	0.08842	0.00465	0.00680

[dist]
# distance from previous block
# <min> <max>
8	17

# created by:
# /home/berkeley/.conda/envs/busco_data_prod/bin/msa2prfl.pl pipeline/OGs_align_augustus/33634/156724.fs
