[name]
unknown

[dist]
# distance from previous block
# <min> <max>
0	705

[block]
# block no. 0 follows, 42 sequences, length 25
# corresponding to MSA columns:
# 707-731
name=unknown_A
#
# <colnr> <probs for GDERKNQSTAVLIFYWHMCP>
#	G	D	E	R	K	N	Q	S	T	A	V	L	I	F	Y	W	H	M	C	P
0	0.00882	0.00630	0.00878	0.01008	0.01126	0.00626	0.00863	0.01122	0.01271	0.01656	0.02994	0.14719	0.03294	0.01578	0.00771	0.00256	0.00496	0.64802	0.00519	0.00511
1	0.01387	0.15204	0.02020	0.01719	0.14195	0.08824	0.01255	0.01558	0.01050	0.01433	0.00812	0.01181	0.00760	0.00778	0.01246	0.00202	0.44988	0.00449	0.00255	0.00684
2	0.00708	0.00500	0.00650	0.00757	0.00788	0.00472	0.00497	0.00797	0.01055	0.01410	0.04997	0.66736	0.03526	0.13041	0.01026	0.00273	0.00356	0.01471	0.00499	0.00442
3	0.00751	0.00544	0.00750	0.00826	0.00898	0.00543	0.00604	0.00913	0.01135	0.01551	0.13284	0.43942	0.03379	0.02208	0.18136	0.00377	0.00604	0.08586	0.00486	0.00484
4	0.01932	0.22313	0.02018	0.01295	0.01681	0.30856	0.04566	0.14618	0.01623	0.09722	0.01081	0.01170	0.00841	0.00592	0.00539	0.00151	0.03465	0.00412	0.00365	0.00759
5	0.00778	0.00567	0.00709	0.00757	0.00846	0.00535	0.00533	0.03584	0.01263	0.01691	0.19769	0.43743	0.12036	0.07193	0.00851	0.00234	0.00341	0.03550	0.00533	0.00488
6	0.05058	0.01303	0.01410	0.08152	0.01747	0.07966	0.04691	0.02473	0.46275	0.02102	0.01767	0.01754	0.01343	0.00661	0.00542	0.00173	0.00544	0.00550	0.00465	0.11025
7	0.00701	0.00501	0.00670	0.00801	0.00840	0.00470	0.00549	0.00810	0.01092	0.01454	0.03093	0.74813	0.03689	0.01749	0.00722	0.00231	0.00340	0.06493	0.00522	0.00461
8	0.01390	0.01539	0.05410	0.02105	0.08123	0.05126	0.43626	0.06456	0.04637	0.01853	0.01175	0.03349	0.00945	0.00607	0.00787	0.00192	0.10987	0.00617	0.00314	0.00759
9	0.01312	0.01308	0.09172	0.21432	0.03984	0.04505	0.01120	0.05432	0.01283	0.06086	0.01085	0.01307	0.00834	0.00506	0.00491	0.00135	0.00594	0.00413	0.00331	0.38670
10	0.19183	0.01098	0.01205	0.00920	0.01367	0.01027	0.00751	0.12981	0.01444	0.18413	0.01270	0.01302	0.00925	0.00539	0.00457	0.00135	0.00465	0.00404	0.00450	0.35664
11	0.26647	0.01260	0.01253	0.01057	0.01425	0.01424	0.00851	0.22061	0.29763	0.06322	0.01577	0.01530	0.01161	0.00664	0.00502	0.00179	0.00491	0.00498	0.00508	0.00827
12	0.24297	0.01089	0.01217	0.00987	0.01369	0.01124	0.00814	0.17485	0.01594	0.33725	0.01626	0.01696	0.01153	0.00916	0.05825	0.00226	0.00569	0.02930	0.00541	0.00818
13	0.00783	0.00581	0.00654	0.00629	0.00804	0.00507	0.00474	0.00977	0.01397	0.04055	0.30176	0.04741	0.46020	0.01273	0.00650	0.00182	0.00283	0.01080	0.04222	0.00511
14	0.04849	0.01170	0.01286	0.01135	0.01337	0.11464	0.05954	0.01594	0.12355	0.01766	0.12710	0.05398	0.15559	0.01000	0.00853	0.00197	0.15779	0.04536	0.00434	0.00623
15	0.05193	0.04488	0.01390	0.03056	0.04096	0.03416	0.05367	0.06047	0.14506	0.18985	0.03032	0.14696	0.02698	0.00903	0.00621	0.00189	0.02742	0.04521	0.03308	0.00748
16	0.02249	0.01184	0.01415	0.01103	0.01524	0.01190	0.00905	0.28124	0.08286	0.42569	0.01909	0.01738	0.01269	0.00694	0.00560	0.00172	0.00519	0.00550	0.03101	0.00939
17	0.01174	0.00851	0.06329	0.00961	0.05041	0.00675	0.00748	0.01432	0.01472	0.17157	0.37140	0.08888	0.13742	0.01063	0.00633	0.00181	0.00377	0.00922	0.00570	0.00644
18	0.01125	0.00795	0.01024	0.00958	0.01132	0.00881	0.00745	0.10228	0.08953	0.05973	0.01780	0.06347	0.01637	0.09208	0.42608	0.00607	0.01048	0.03936	0.00408	0.00609
19	0.84197	0.01088	0.00827	0.00740	0.01088	0.01262	0.00609	0.01654	0.00958	0.02525	0.00784	0.00914	0.00609	0.00522	0.00348	0.00174	0.00435	0.00305	0.00348	0.00609
20	0.01831	0.06433	0.11974	0.01447	0.01846	0.42022	0.05661	0.13142	0.01620	0.01810	0.01003	0.01159	0.00792	0.00594	0.00565	0.00158	0.03629	0.00417	0.03172	0.00728
21	0.00816	0.00555	0.00660	0.00660	0.00676	0.00571	0.00398	0.00848	0.00832	0.01125	0.01731	0.03450	0.01945	0.68184	0.14764	0.00602	0.00698	0.00784	0.00335	0.00367
22	0.01759	0.01317	0.01407	0.01151	0.01512	0.01464	0.00925	0.44610	0.21662	0.02977	0.01737	0.05629	0.01348	0.00752	0.00556	0.00174	0.00522	0.00598	0.09030	0.00870
23	0.27874	0.03829	0.01332	0.10574	0.01691	0.03945	0.00900	0.15609	0.01500	0.21507	0.01297	0.01340	0.00911	0.00596	0.00480	0.00167	0.00545	0.00437	0.00459	0.05007
24	0.05512	0.14536	0.04967	0.03629	0.01522	0.06642	0.00888	0.01956	0.11012	0.13898	0.03816	0.01455	0.01142	0.00569	0.00473	0.00138	0.00530	0.00438	0.00407	0.26469

[dist]
# distance from previous block
# <min> <max>
9	29

[block]
# block no. 1 follows, 42 sequences, length 10
# corresponding to MSA columns:
# 761-770
name=unknown_B
#
# <colnr> <probs for GDERKNQSTAVLIFYWHMCP>
#	G	D	E	R	K	N	Q	S	T	A	V	L	I	F	Y	W	H	M	C	P
0	0.68588	0.01195	0.00960	0.06014	0.01338	0.06357	0.00720	0.01754	0.05186	0.02367	0.00888	0.01026	0.00688	0.00542	0.00386	0.00174	0.00495	0.00340	0.00350	0.00629
1	0.37994	0.08774	0.01345	0.01015	0.01382	0.16226	0.00827	0.11064	0.07713	0.05647	0.01069	0.01139	0.00820	0.00575	0.00437	0.00162	0.00588	0.00381	0.00388	0.02453
2	0.01435	0.00927	0.01138	0.04476	0.01354	0.00959	0.00807	0.17124	0.08451	0.15024	0.18963	0.10317	0.04963	0.01179	0.04946	0.00228	0.00509	0.05917	0.00562	0.00719
3	0.00688	0.00516	0.00638	0.00723	0.00803	0.00467	0.00498	0.00808	0.01165	0.01513	0.08656	0.55588	0.22622	0.01635	0.00701	0.00215	0.00312	0.01455	0.00529	0.00467
4	0.01209	0.15060	0.44036	0.12459	0.02549	0.01465	0.12196	0.01721	0.01192	0.01662	0.00990	0.01233	0.00740	0.00521	0.00529	0.00172	0.00800	0.00444	0.00247	0.00775
5	0.00720	0.00503	0.00649	0.00749	0.00804	0.00469	0.00510	0.00846	0.01139	0.01559	0.09479	0.64327	0.07059	0.01616	0.00688	0.00215	0.00315	0.01454	0.06430	0.00469
6	0.00766	0.00570	0.00783	0.00841	0.00892	0.00604	0.00600	0.00880	0.01015	0.01389	0.04087	0.46408	0.04627	0.05695	0.20135	0.03096	0.05517	0.01191	0.00436	0.00468
7	0.07105	0.01133	0.01859	0.50785	0.06810	0.01310	0.11706	0.04780	0.05823	0.01733	0.01102	0.01487	0.00830	0.00562	0.00562	0.00185	0.00727	0.00518	0.00297	0.00686
8	0.01199	0.00963	0.01059	0.00867	0.01212	0.00906	0.00683	0.13256	0.11915	0.02126	0.05884	0.04850	0.19544	0.00834	0.00541	0.00149	0.00405	0.00687	0.04203	0.28718
9	0.01406	0.41283	0.09473	0.06751	0.01855	0.03438	0.09858	0.07710	0.01352	0.01719	0.09090	0.01442	0.01255	0.00582	0.00481	0.00150	0.00649	0.00465	0.00315	0.00727

[dist]
# distance from previous block
# <min> <max>
0	18

[block]
# block no. 2 follows, 42 sequences, length 48
# corresponding to MSA columns:
# 789-836
name=unknown_C
#
# <colnr> <probs for GDERKNQSTAVLIFYWHMCP>
#	G	D	E	R	K	N	Q	S	T	A	V	L	I	F	Y	W	H	M	C	P
0	0.05277	0.05656	0.02394	0.11548	0.04663	0.01168	0.00966	0.05570	0.23027	0.14251	0.04143	0.08131	0.02701	0.00807	0.00566	0.00183	0.00508	0.04319	0.00489	0.03632
1	0.48191	0.04102	0.01128	0.01073	0.08125	0.04762	0.00764	0.01756	0.09363	0.02223	0.04439	0.01399	0.01065	0.04710	0.00549	0.00187	0.00488	0.00422	0.00371	0.04882
2	0.05212	0.01180	0.01830	0.19783	0.20858	0.04084	0.11023	0.05892	0.01367	0.08521	0.09528	0.01768	0.01378	0.00681	0.00648	0.03924	0.00655	0.00571	0.00366	0.00731
3	0.00709	0.00523	0.00666	0.00753	0.00829	0.00480	0.00529	0.00845	0.01191	0.01571	0.13122	0.53711	0.15826	0.01616	0.00706	0.00217	0.00322	0.05376	0.00535	0.00473
4	0.01243	0.05018	0.13723	0.05356	0.20088	0.04087	0.06164	0.01690	0.07099	0.04255	0.16339	0.02190	0.03866	0.00736	0.00634	0.00178	0.03826	0.02379	0.00385	0.00743
5	0.01297	0.00959	0.01097	0.00984	0.01236	0.01001	0.00761	0.19046	0.16534	0.05350	0.10646	0.23683	0.05332	0.01099	0.00625	0.00191	0.00431	0.04160	0.00550	0.05016
6	0.00731	0.00552	0.00675	0.00688	0.00812	0.00496	0.00499	0.00919	0.01373	0.01838	0.37591	0.23877	0.25127	0.01385	0.00678	0.00194	0.00287	0.01215	0.00567	0.00496
7	0.03359	0.00880	0.01023	0.00909	0.01131	0.00930	0.00717	0.13327	0.05759	0.12149	0.02591	0.12934	0.14575	0.02414	0.00738	0.00194	0.07673	0.04038	0.13994	0.00663
8	0.01654	0.01288	0.01548	0.13331	0.01937	0.02465	0.03780	0.41118	0.07135	0.02719	0.07523	0.01734	0.01364	0.00905	0.04550	0.02241	0.00649	0.00565	0.02691	0.00802
9	0.01249	0.01005	0.01346	0.01144	0.02301	0.01051	0.09965	0.06685	0.27611	0.05648	0.23896	0.02776	0.03816	0.07982	0.00817	0.00216	0.00477	0.00764	0.00530	0.00720
10	0.01333	0.06225	0.25281	0.09751	0.05314	0.08799	0.13197	0.01745	0.01255	0.04094	0.01042	0.01269	0.00794	0.00510	0.00525	0.00155	0.00747	0.00445	0.00287	0.17232
11	0.01254	0.00850	0.01009	0.00920	0.01151	0.00880	0.00704	0.01972	0.28424	0.13160	0.28921	0.13121	0.03221	0.01025	0.00624	0.00188	0.00370	0.00890	0.00601	0.00714
12	0.00881	0.00653	0.00880	0.06606	0.04374	0.00672	0.03271	0.00949	0.00884	0.01185	0.01650	0.03282	0.01830	0.64900	0.05360	0.00503	0.00618	0.00767	0.00328	0.00408
13	0.33168	0.01167	0.01125	0.00926	0.01276	0.01295	0.00757	0.30349	0.01686	0.05529	0.01259	0.01348	0.00933	0.00614	0.00449	0.00164	0.00476	0.00435	0.16300	0.00742
14	0.01038	0.00951	0.00894	0.00841	0.01015	0.12798	0.00630	0.01366	0.07206	0.02009	0.45975	0.06476	0.11868	0.01068	0.00626	0.00175	0.00402	0.00910	0.03183	0.00569
15	0.00736	0.00557	0.00651	0.00655	0.00795	0.00496	0.00481	0.00924	0.01363	0.01814	0.32090	0.16939	0.33991	0.01340	0.00661	0.00189	0.00283	0.01159	0.04379	0.00496
16	0.01063	0.01000	0.01688	0.78870	0.03876	0.01250	0.01563	0.01438	0.01125	0.01438	0.01000	0.01500	0.00750	0.00563	0.00563	0.00188	0.00750	0.00500	0.00250	0.00625
17	0.02062	0.04625	0.01579	0.01173	0.01593	0.01521	0.00971	0.52755	0.04946	0.14414	0.01530	0.01502	0.01078	0.00672	0.00543	0.00166	0.00564	0.00513	0.06883	0.00912
18	0.00726	0.00519	0.00643	0.00715	0.00797	0.00476	0.00497	0.00868	0.01196	0.01620	0.13955	0.49792	0.16756	0.01530	0.00676	0.00207	0.00305	0.01361	0.06885	0.00476
19	0.01315	0.04284	0.04975	0.09192	0.04610	0.01036	0.13087	0.07790	0.01383	0.10660	0.05666	0.13752	0.04510	0.00854	0.00612	0.00182	0.02100	0.02568	0.10736	0.00687
20	0.01608	0.01163	0.01239	0.00995	0.01393	0.07737	0.00786	0.04568	0.15476	0.19341	0.04582	0.04555	0.01409	0.00649	0.00515	0.00142	0.00487	0.00527	0.00485	0.32342
21	0.00808	0.00551	0.00653	0.00651	0.00682	0.00545	0.00400	0.00870	0.00979	0.01335	0.15848	0.07234	0.02711	0.58658	0.05405	0.00476	0.00522	0.00883	0.00400	0.00389
22	0.01080	0.01017	0.01718	0.75032	0.07582	0.01255	0.01571	0.01453	0.01133	0.01458	0.01003	0.01495	0.00757	0.00560	0.00562	0.00187	0.00746	0.00500	0.00252	0.00639
23	0.00880	0.00680	0.00925	0.00894	0.01045	0.00628	0.04424	0.04498	0.01190	0.01630	0.05502	0.48686	0.02960	0.07440	0.00832	0.00228	0.00409	0.04873	0.00476	0.11799
24	0.01383	0.01159	0.01418	0.01163	0.01530	0.01212	0.07355	0.08445	0.40298	0.04297	0.09502	0.02033	0.01783	0.00708	0.00562	0.00168	0.00482	0.00612	0.00512	0.15379
25	0.76925	0.01128	0.00986	0.00844	0.01207	0.01289	0.04395	0.04387	0.01039	0.02526	0.00823	0.00961	0.00635	0.00526	0.00372	0.00175	0.00468	0.00331	0.00353	0.00630
26	0.26489	0.04194	0.10547	0.01114	0.01519	0.04273	0.01011	0.16752	0.08103	0.10233	0.01323	0.01545	0.01023	0.00675	0.00572	0.00181	0.05120	0.04124	0.00432	0.00770
27	0.01510	0.08933	0.07342	0.01770	0.19954	0.10212	0.01229	0.05159	0.21924	0.05113	0.02676	0.01613	0.02588	0.00665	0.00641	0.00175	0.06769	0.00521	0.00392	0.00814
28	0.01241	0.01229	0.04941	0.36254	0.26238	0.01315	0.02502	0.05819	0.03632	0.01732	0.01245	0.01596	0.03711	0.00613	0.00645	0.00184	0.05535	0.00530	0.00297	0.00741
29	0.01505	0.80561	0.02949	0.00963	0.01444	0.02227	0.00963	0.01685	0.01143	0.01324	0.00782	0.00903	0.00722	0.00481	0.00361	0.00120	0.00602	0.00301	0.00241	0.00722
30	0.01005	0.03277	0.01159	0.00984	0.01153	0.00814	0.07190	0.05397	0.01161	0.04391	0.10643	0.09181	0.02076	0.14582	0.33801	0.00546	0.00940	0.00760	0.00391	0.00550
31	0.00729	0.00529	0.00665	0.00719	0.00809	0.00484	0.00506	0.00890	0.01266	0.01718	0.25285	0.42961	0.15325	0.01487	0.00682	0.00204	0.00300	0.01323	0.03636	0.00484
32	0.01161	0.00651	0.00856	0.00774	0.00966	0.00586	0.00591	0.01394	0.01532	0.18648	0.49628	0.11234	0.07486	0.01123	0.00648	0.00182	0.00319	0.00983	0.00623	0.00615
33	0.00772	0.00573	0.00720	0.00686	0.00827	0.00520	0.00513	0.01014	0.01530	0.02116	0.63023	0.05892	0.17311	0.01209	0.00665	0.00180	0.00270	0.01058	0.00601	0.00520
34	0.66085	0.01079	0.00930	0.00809	0.01167	0.01210	0.00662	0.01913	0.06781	0.13255	0.01106	0.01149	0.00807	0.00566	0.00397	0.00175	0.00442	0.00368	0.00416	0.00681
35	0.01943	0.01390	0.01502	0.01196	0.01598	0.01531	0.00974	0.49586	0.18406	0.08644	0.01648	0.01599	0.01183	0.00695	0.00555	0.00172	0.00550	0.00540	0.05370	0.00918
36	0.01541	0.75986	0.02876	0.00982	0.01462	0.02199	0.00969	0.05922	0.01230	0.01453	0.00815	0.00929	0.00736	0.00493	0.00373	0.00123	0.00603	0.00313	0.00259	0.00736
37	0.05044	0.01441	0.01586	0.01219	0.01663	0.01552	0.01007	0.58466	0.02389	0.17637	0.01498	0.01444	0.01029	0.00674	0.00556	0.00170	0.00586	0.00511	0.00581	0.00945
38	0.84197	0.01088	0.00827	0.00740	0.01088	0.01262	0.00609	0.01654	0.00958	0.02525	0.00784	0.00914	0.00609	0.00522	0.00348	0.00174	0.00435	0.00305	0.00348	0.00609
39	0.03613	0.01344	0.01904	0.13291	0.31914	0.04793	0.04748	0.13735	0.08197	0.08961	0.01303	0.01490	0.00986	0.00582	0.00559	0.00173	0.00658	0.00517	0.00387	0.00846
40	0.00744	0.00579	0.00674	0.00702	0.00832	0.00531	0.00509	0.00961	0.04607	0.01663	0.18071	0.26194	0.33111	0.04672	0.00770	0.00216	0.00319	0.03815	0.00536	0.00495
41	0.01651	0.01102	0.01253	0.01048	0.01380	0.01170	0.00835	0.19777	0.26722	0.17004	0.16871	0.02409	0.04605	0.00828	0.00590	0.00180	0.00453	0.00685	0.00602	0.00835
42	0.00769	0.00566	0.00719	0.00698	0.00828	0.00517	0.00517	0.01002	0.01502	0.02081	0.60092	0.11816	0.14309	0.01246	0.00669	0.00184	0.00274	0.01097	0.00597	0.00517
43	0.00725	0.00516	0.00664	0.00760	0.00821	0.00482	0.00527	0.00852	0.01142	0.01535	0.09139	0.57488	0.09356	0.04823	0.00789	0.00233	0.00337	0.05841	0.03504	0.00466
44	0.01314	0.15717	0.44630	0.10322	0.06578	0.01457	0.01703	0.05139	0.01266	0.05352	0.01046	0.01229	0.00773	0.00541	0.00512	0.00168	0.00747	0.00422	0.00279	0.00805
45	0.00882	0.00571	0.00722	0.00708	0.00769	0.00569	0.00471	0.00968	0.01032	0.04489	0.17030	0.07810	0.02634	0.41059	0.13268	0.04717	0.00612	0.00845	0.00412	0.00431
46	0.05426	0.17787	0.18878	0.01191	0.01620	0.16081	0.01160	0.05448	0.01367	0.06088	0.05271	0.07802	0.01466	0.00769	0.00532	0.00170	0.00673	0.07200	0.00364	0.00705
47	0.20679	0.01217	0.06942	0.00960	0.01322	0.06861	0.00820	0.02857	0.06045	0.23073	0.12285	0.01953	0.01694	0.05294	0.00648	0.00190	0.00506	0.00548	0.00487	0.05619

[dist]
# distance from previous block
# <min> <max>
1	13

[block]
# block no. 3 follows, 42 sequences, length 52
# corresponding to MSA columns:
# 850-893,909-916
name=unknown_D
#
# <colnr> <probs for GDERKNQSTAVLIFYWHMCP>
#	G	D	E	R	K	N	Q	S	T	A	V	L	I	F	Y	W	H	M	C	P
0	0.01395	0.03466	0.11335	0.13155	0.05923	0.01207	0.13791	0.05896	0.12586	0.10405	0.07617	0.01837	0.01424	0.00645	0.00568	0.00177	0.00627	0.00585	0.06589	0.00770
1	0.03406	0.00575	0.00689	0.00683	0.00738	0.00572	0.00449	0.00987	0.00936	0.04676	0.04013	0.04808	0.01953	0.44514	0.02107	0.14870	0.00490	0.05695	0.07443	0.00396
2	0.01228	0.03054	0.26627	0.13800	0.22299	0.01218	0.04188	0.01711	0.04140	0.04754	0.10176	0.01723	0.01389	0.00616	0.00565	0.00176	0.00679	0.00545	0.00329	0.00783
3	0.01356	0.00984	0.03515	0.14416	0.09235	0.00949	0.03775	0.01797	0.10297	0.18074	0.15962	0.02708	0.12858	0.00839	0.00600	0.00181	0.00500	0.00729	0.00496	0.00727
4	0.00916	0.00759	0.01097	0.21343	0.06981	0.00805	0.00891	0.01250	0.05227	0.01831	0.29284	0.14258	0.09594	0.01035	0.00628	0.00188	0.00440	0.00917	0.01971	0.00584
5	0.01259	0.01314	0.02184	0.01735	0.01899	0.01637	0.22401	0.01484	0.00996	0.01484	0.00854	0.01314	0.00772	0.00838	0.01506	0.00230	0.56637	0.00542	0.00257	0.00657
6	0.01334	0.01013	0.01094	0.00958	0.01195	0.07310	0.05609	0.13623	0.08560	0.02210	0.01828	0.07714	0.01556	0.00781	0.00511	0.00162	0.00466	0.04668	0.38757	0.00652
7	0.01191	0.02603	0.66223	0.01488	0.02245	0.01216	0.01870	0.01785	0.01223	0.05799	0.03533	0.01350	0.00923	0.00563	0.00533	0.00174	0.00765	0.00444	0.02731	0.03341
8	0.01273	0.03384	0.01233	0.01141	0.05248	0.01173	0.00842	0.02357	0.47638	0.04502	0.17214	0.02678	0.05724	0.00863	0.00592	0.00186	0.00421	0.02186	0.00557	0.00790
9	0.00813	0.00566	0.00716	0.00716	0.00751	0.00601	0.00468	0.00884	0.00849	0.01167	0.01680	0.03165	0.01821	0.53499	0.29281	0.00672	0.00884	0.00743	0.00327	0.00398
10	0.84197	0.01088	0.00827	0.00740	0.01088	0.01262	0.00609	0.01654	0.00958	0.02525	0.00784	0.00914	0.00609	0.00522	0.00348	0.00174	0.00435	0.00305	0.00348	0.00609
11	0.01393	0.01337	0.02284	0.03454	0.76712	0.01337	0.01727	0.01727	0.01281	0.01839	0.01059	0.01393	0.00891	0.00501	0.00557	0.00167	0.00669	0.00501	0.00279	0.00891
12	0.01482	0.01230	0.01311	0.01138	0.01474	0.01392	0.00895	0.14490	0.57765	0.02526	0.05780	0.02053	0.01744	0.00757	0.00571	0.00183	0.00464	0.00624	0.00566	0.03556
13	0.79870	0.01081	0.00853	0.00754	0.01107	0.01239	0.00621	0.01712	0.00992	0.06476	0.00860	0.00967	0.00651	0.00532	0.00360	0.00174	0.00438	0.00319	0.00367	0.00628
14	0.01032	0.00556	0.00588	0.00572	0.00710	0.00553	0.00431	0.02903	0.01280	0.02156	0.14050	0.02427	0.02066	0.00737	0.00441	0.00139	0.00271	0.00605	0.67948	0.00535
15	0.01043	0.00979	0.01632	0.74979	0.03721	0.01212	0.01506	0.01407	0.01133	0.01442	0.01234	0.01695	0.04513	0.00606	0.00568	0.00188	0.00727	0.00534	0.00264	0.00618
16	0.01063	0.01000	0.01688	0.78870	0.03876	0.01250	0.01563	0.01438	0.01125	0.01438	0.01000	0.01500	0.00750	0.00563	0.00563	0.00188	0.00750	0.00500	0.00250	0.00625
17	0.12195	0.00839	0.03291	0.00748	0.01047	0.00727	0.00616	0.03549	0.01347	0.16421	0.06568	0.03648	0.41100	0.01058	0.00585	0.00179	0.00375	0.00860	0.00520	0.04327
18	0.01124	0.00921	0.01034	0.00953	0.01183	0.01007	0.00729	0.02112	0.42464	0.02270	0.31864	0.06801	0.03249	0.00967	0.00616	0.00187	0.00368	0.00836	0.00589	0.00726
19	0.01238	0.00998	0.01174	0.00842	0.01339	0.00754	0.00675	0.01487	0.01190	0.05783	0.01064	0.01206	0.00863	0.00431	0.00425	0.00088	0.00420	0.00346	0.00352	0.79323
20	0.84197	0.01088	0.00827	0.00740	0.01088	0.01262	0.00609	0.01654	0.00958	0.02525	0.00784	0.00914	0.00609	0.00522	0.00348	0.00174	0.00435	0.00305	0.00348	0.00609
21	0.01323	0.01555	0.05302	0.02351	0.02928	0.01420	0.72724	0.01802	0.01325	0.01802	0.01135	0.01509	0.00850	0.00476	0.00661	0.00189	0.00946	0.00657	0.00283	0.00761
22	0.00805	0.00597	0.00875	0.00875	0.00965	0.00687	0.00667	0.00986	0.00896	0.01285	0.01534	0.02360	0.01472	0.11911	0.70390	0.00868	0.01410	0.00625	0.00305	0.00486
23	0.00731	0.00531	0.00690	0.00748	0.00832	0.00491	0.00530	0.00898	0.01286	0.01747	0.29757	0.44718	0.09714	0.01510	0.00696	0.00208	0.00307	0.03561	0.00557	0.00487
24	0.02406	0.00945	0.01264	0.00982	0.01397	0.00833	0.00807	0.02678	0.04400	0.70381	0.02203	0.01932	0.01408	0.00697	0.00557	0.00173	0.00466	0.00566	0.04971	0.00933
25	0.01791	0.00925	0.01167	0.00997	0.03537	0.00889	0.00770	0.13767	0.02921	0.33752	0.22096	0.02450	0.02378	0.00807	0.00574	0.00170	0.00427	0.00674	0.09115	0.00795
26	0.01490	0.77614	0.05771	0.00987	0.01482	0.02192	0.01005	0.01689	0.01145	0.01341	0.00791	0.00914	0.00722	0.00483	0.00368	0.00123	0.00611	0.00305	0.00241	0.00726
27	0.01167	0.01000	0.01167	0.00834	0.01334	0.00750	0.00667	0.01417	0.01167	0.01834	0.01000	0.01167	0.00834	0.00417	0.00417	0.00083	0.00417	0.00333	0.00333	0.83663
28	0.01390	0.01288	0.02124	0.13421	0.51954	0.01333	0.05335	0.09119	0.01393	0.01939	0.01173	0.04824	0.01000	0.00581	0.00571	0.00174	0.00674	0.00558	0.00315	0.00836
29	0.84197	0.01088	0.00827	0.00740	0.01088	0.01262	0.00609	0.01654	0.00958	0.02525	0.00784	0.00914	0.00609	0.00522	0.00348	0.00174	0.00435	0.00305	0.00348	0.00609
30	0.01063	0.01000	0.01688	0.78870	0.03876	0.01250	0.01563	0.01438	0.01125	0.01438	0.01000	0.01500	0.00750	0.00563	0.00563	0.00188	0.00750	0.00500	0.00250	0.00625
31	0.02525	0.00958	0.01306	0.01001	0.01437	0.00827	0.00827	0.02743	0.01611	0.77102	0.02220	0.01915	0.01393	0.00697	0.00566	0.00174	0.00479	0.00566	0.00697	0.00958
32	0.00834	0.00582	0.00672	0.00656	0.00812	0.00516	0.00480	0.01001	0.01322	0.06051	0.23681	0.12477	0.37145	0.07635	0.00832	0.00216	0.00316	0.01099	0.03166	0.00507
33	0.00873	0.00623	0.00863	0.00984	0.01099	0.00617	0.00833	0.01106	0.01269	0.01661	0.05585	0.15754	0.03353	0.03016	0.00804	0.00257	0.00485	0.59790	0.00519	0.00507
34	0.00731	0.00567	0.00659	0.00647	0.00796	0.00502	0.00478	0.00922	0.01399	0.01838	0.37663	0.09105	0.37640	0.03659	0.00733	0.00197	0.00286	0.01123	0.00561	0.00496
35	0.25445	0.01151	0.01268	0.01002	0.01416	0.01182	0.00827	0.20652	0.01688	0.37498	0.01596	0.01491	0.01062	0.00642	0.00504	0.00173	0.00502	0.00477	0.00565	0.00859
36	0.02506	0.00989	0.01325	0.01016	0.01452	0.00873	0.00839	0.06367	0.01663	0.73404	0.02177	0.01887	0.01371	0.00695	0.00566	0.00174	0.00486	0.00563	0.00690	0.00958
37	0.00845	0.00651	0.00782	0.00742	0.00904	0.00628	0.00558	0.01250	0.10919	0.02104	0.51367	0.07442	0.17318	0.01176	0.00655	0.00183	0.00294	0.01025	0.00592	0.00564
38	0.01129	0.02911	0.77306	0.01604	0.02436	0.01307	0.02079	0.01782	0.01188	0.01782	0.01010	0.01188	0.00713	0.00535	0.00535	0.00178	0.00832	0.00416	0.00238	0.00832
39	0.01380	0.01324	0.02261	0.06356	0.73909	0.01334	0.01721	0.01716	0.01275	0.01823	0.01056	0.01397	0.00886	0.00504	0.00557	0.00168	0.00672	0.00501	0.00277	0.00881
40	0.01292	0.01431	0.03005	0.13435	0.03020	0.01397	0.61212	0.01795	0.04160	0.01771	0.01163	0.01538	0.00872	0.00498	0.00646	0.00189	0.00901	0.00639	0.00291	0.00745
41	0.01414	0.01404	0.02291	0.05679	0.66402	0.05147	0.05921	0.01748	0.01295	0.01801	0.01052	0.01385	0.00876	0.00506	0.00561	0.00168	0.00705	0.00504	0.00279	0.00863
42	0.00708	0.00501	0.00656	0.00771	0.00803	0.00473	0.00513	0.00799	0.01054	0.01404	0.02944	0.68829	0.03513	0.10866	0.00969	0.00266	0.00358	0.03627	0.00501	0.00445
43	0.00951	0.00609	0.00802	0.00734	0.00894	0.00557	0.00557	0.01212	0.01595	0.08942	0.69788	0.03999	0.04960	0.01110	0.00655	0.00177	0.00285	0.00977	0.00626	0.00569
44	0.00814	0.00596	0.00895	0.00895	0.00989	0.00691	0.00691	0.00989	0.00895	0.01287	0.01477	0.02182	0.01382	0.04090	0.73621	0.05675	0.01449	0.00596	0.00298	0.00488
45	0.00805	0.00598	0.00755	0.00731	0.00872	0.00560	0.00553	0.01098	0.04365	0.02103	0.57819	0.08730	0.12684	0.01222	0.00669	0.00186	0.00291	0.04828	0.00596	0.00534
46	0.00818	0.00585	0.00804	0.00925	0.01018	0.00570	0.00743	0.01017	0.01230	0.01622	0.06879	0.33737	0.03528	0.01611	0.00749	0.00243	0.00433	0.42466	0.00525	0.00496
47	0.02067	0.02541	0.01583	0.01425	0.01726	0.69550	0.01076	0.06472	0.05544	0.01554	0.00972	0.01091	0.00790	0.00595	0.00514	0.00149	0.00962	0.00385	0.00321	0.00682
48	0.01118	0.01089	0.01683	0.74768	0.03763	0.05315	0.01538	0.01481	0.01150	0.01435	0.00993	0.01475	0.00749	0.00564	0.00560	0.00185	0.00764	0.00493	0.00252	0.00627
49	0.01481	0.76346	0.02882	0.05091	0.01573	0.02175	0.00995	0.01672	0.01143	0.01330	0.00794	0.00934	0.00724	0.00486	0.00372	0.00124	0.00610	0.00311	0.00241	0.00717
50	0.02282	0.01270	0.01472	0.01155	0.01577	0.07426	0.03186	0.18242	0.07618	0.46845	0.01894	0.01722	0.01253	0.00681	0.00564	0.00172	0.00565	0.00545	0.00612	0.00921
51	0.05672	0.03165	0.04040	0.01221	0.01661	0.03064	0.04641	0.36153	0.04197	0.25453	0.01627	0.03935	0.01158	0.00690	0.00558	0.00173	0.00586	0.00550	0.00556	0.00899

[dist]
# distance from previous block
# <min> <max>
0	3

[block]
# block no. 4 follows, 42 sequences, length 43
# corresponding to MSA columns:
# 924-966
name=unknown_E
#
# <colnr> <probs for GDERKNQSTAVLIFYWHMCP>
#	G	D	E	R	K	N	Q	S	T	A	V	L	I	F	Y	W	H	M	C	P
0	0.25921	0.01778	0.05615	0.02481	0.01614	0.22489	0.00995	0.25368	0.01717	0.05515	0.01064	0.01148	0.00793	0.00596	0.00484	0.00165	0.00683	0.00406	0.00408	0.00760
1	0.05743	0.01250	0.01664	0.47276	0.09096	0.10242	0.03605	0.01734	0.06612	0.04193	0.01134	0.01473	0.00860	0.00576	0.00545	0.00179	0.00723	0.00491	0.01924	0.00682
2	0.00940	0.00720	0.00870	0.00863	0.01023	0.00701	0.00623	0.06418	0.10003	0.01808	0.08428	0.49617	0.03066	0.01357	0.00649	0.00198	0.00367	0.01209	0.00516	0.10625
3	0.01368	0.01137	0.01219	0.01102	0.01402	0.01297	0.00854	0.02786	0.66487	0.04365	0.06457	0.05379	0.01991	0.00824	0.00583	0.00191	0.00431	0.00695	0.00577	0.00855
4	0.00681	0.00571	0.00592	0.00587	0.00770	0.00482	0.00440	0.00838	0.01320	0.01608	0.14149	0.05271	0.67980	0.01392	0.00665	0.00188	0.00283	0.01167	0.00534	0.00482
5	0.05175	0.01442	0.01586	0.01219	0.01663	0.01555	0.01007	0.58587	0.02390	0.17392	0.01495	0.01442	0.01027	0.00674	0.00556	0.00170	0.00586	0.00511	0.00580	0.00945
6	0.02139	0.01576	0.01689	0.01295	0.01745	0.01745	0.01070	0.74835	0.02646	0.03547	0.01351	0.01351	0.00957	0.00676	0.00563	0.00169	0.00619	0.00507	0.00563	0.00957
7	0.01167	0.01000	0.01167	0.00834	0.01334	0.00750	0.00667	0.01417	0.01167	0.01834	0.01000	0.01167	0.00834	0.00417	0.00417	0.00083	0.00417	0.00333	0.00333	0.83663
8	0.00686	0.00490	0.00653	0.00784	0.00816	0.00457	0.00522	0.00784	0.01077	0.01437	0.03102	0.79855	0.03722	0.01763	0.00718	0.00229	0.00326	0.01600	0.00522	0.00457
9	0.01185	0.02837	0.73105	0.01587	0.02397	0.01331	0.02023	0.05841	0.01269	0.01880	0.01029	0.01197	0.00726	0.00542	0.00536	0.00178	0.00820	0.00421	0.00256	0.00839
10	0.02525	0.00958	0.01306	0.01001	0.01437	0.00827	0.00827	0.02743	0.01611	0.77102	0.02220	0.01915	0.01393	0.00697	0.00566	0.00174	0.00479	0.00566	0.00697	0.00958
11	0.01231	0.01231	0.01724	0.01477	0.01477	0.01724	0.01231	0.01354	0.00862	0.01354	0.00739	0.01231	0.00739	0.00985	0.01847	0.00246	0.79192	0.00492	0.00246	0.00616
12	0.01199	0.01139	0.01934	0.47784	0.33899	0.01286	0.01631	0.01557	0.01190	0.01603	0.01024	0.01456	0.00808	0.00537	0.00560	0.00179	0.00717	0.00501	0.00262	0.00735
13	0.04551	0.01385	0.01631	0.01247	0.01695	0.01456	0.05083	0.46905	0.05033	0.18561	0.01520	0.01483	0.01054	0.00654	0.00555	0.00168	0.00585	0.00517	0.00557	0.05359
14	0.04478	0.01518	0.07902	0.14342	0.02048	0.11858	0.05922	0.10608	0.01332	0.04505	0.01133	0.05519	0.00967	0.00757	0.00910	0.00195	0.22351	0.00538	0.02425	0.00693
15	0.01975	0.01054	0.01264	0.01049	0.01422	0.01071	0.00841	0.02804	0.34478	0.41367	0.02238	0.02003	0.01539	0.00725	0.00563	0.00180	0.00457	0.00596	0.03460	0.00913
16	0.00685	0.00555	0.00607	0.00627	0.00780	0.00478	0.00458	0.00833	0.01280	0.01592	0.13574	0.19415	0.54238	0.01457	0.00675	0.00196	0.00291	0.01246	0.00534	0.00478
17	0.01188	0.00984	0.01218	0.01080	0.01226	0.01196	0.00864	0.01764	0.21699	0.03817	0.15949	0.02282	0.04071	0.00918	0.01018	0.00200	0.28134	0.00658	0.11066	0.00668
18	0.00797	0.00540	0.00634	0.00655	0.00665	0.00539	0.00388	0.00822	0.00864	0.01157	0.01971	0.15709	0.02281	0.64041	0.06201	0.00513	0.00558	0.00932	0.00368	0.00367
19	0.08338	0.34374	0.02004	0.01024	0.01420	0.01631	0.00914	0.09952	0.03291	0.19862	0.01264	0.01301	0.00954	0.00616	0.00570	0.00156	0.07528	0.00421	0.03595	0.00783
20	0.01161	0.00787	0.00912	0.00832	0.01053	0.00794	0.00648	0.05543	0.16422	0.09016	0.27364	0.04729	0.13559	0.01021	0.00608	0.00181	0.00357	0.04555	0.09805	0.00654
21	0.00870	0.00777	0.06982	0.00819	0.02860	0.00612	0.00664	0.01164	0.01481	0.02157	0.54965	0.03627	0.06897	0.01023	0.00611	0.00171	0.00322	0.00891	0.12546	0.00562
22	0.64579	0.01057	0.00942	0.00803	0.01172	0.01158	0.00662	0.01916	0.01115	0.20439	0.01129	0.01155	0.00798	0.00564	0.00401	0.00174	0.00446	0.00367	0.00432	0.00693
23	0.00722	0.00526	0.00680	0.00738	0.00820	0.00484	0.00517	0.00882	0.01273	0.01726	0.28561	0.47111	0.10831	0.01522	0.00695	0.00207	0.00302	0.01362	0.00556	0.00484
24	0.01489	0.76136	0.02881	0.00992	0.01446	0.02199	0.00978	0.01667	0.01128	0.01326	0.00780	0.00921	0.00723	0.00510	0.00444	0.00127	0.04986	0.00312	0.00241	0.00716
25	0.00970	0.00855	0.00864	0.00807	0.00960	0.10825	0.00605	0.01220	0.01593	0.02140	0.66371	0.03780	0.04700	0.01075	0.00643	0.00173	0.00365	0.00931	0.00576	0.00547
26	0.81011	0.01094	0.00862	0.00768	0.01103	0.01280	0.00633	0.01643	0.00954	0.02480	0.00782	0.00926	0.00614	0.00540	0.00406	0.00177	0.03460	0.00312	0.00344	0.00610
27	0.00837	0.00585	0.00697	0.00699	0.00733	0.00609	0.00439	0.00954	0.04512	0.01209	0.01828	0.07605	0.02015	0.59073	0.15368	0.00571	0.00692	0.00817	0.00356	0.00402
28	0.01304	0.39135	0.42618	0.01305	0.01973	0.01736	0.01558	0.01737	0.01167	0.01568	0.00904	0.01055	0.00717	0.00510	0.00454	0.00151	0.00724	0.00362	0.00239	0.00781
29	0.02085	0.02592	0.01603	0.01442	0.01734	0.72236	0.01090	0.06113	0.01635	0.01493	0.00893	0.01038	0.00738	0.00594	0.00539	0.00148	0.02683	0.00373	0.00304	0.00668
30	0.01167	0.01000	0.01167	0.00834	0.01334	0.00750	0.00667	0.01417	0.01167	0.01834	0.01000	0.01167	0.00834	0.00417	0.00417	0.00083	0.00417	0.00333	0.00333	0.83663
31	0.00790	0.00641	0.00689	0.00669	0.00855	0.00594	0.00503	0.01127	0.09886	0.01783	0.19481	0.06866	0.48719	0.01277	0.00647	0.00187	0.00300	0.01079	0.03373	0.00535
32	0.00818	0.00546	0.00614	0.00614	0.00614	0.00546	0.00341	0.00818	0.00818	0.01091	0.01773	0.03683	0.02046	0.80222	0.02864	0.00546	0.00546	0.00818	0.00341	0.00341
33	0.02525	0.00958	0.01306	0.01001	0.01437	0.00827	0.00827	0.02743	0.01611	0.77102	0.02220	0.01915	0.01393	0.00697	0.00566	0.00174	0.00479	0.00566	0.00697	0.00958
34	0.01570	0.00807	0.00949	0.00814	0.01083	0.00786	0.00648	0.07443	0.07775	0.25378	0.08049	0.02474	0.06532	0.00791	0.00523	0.00163	0.00380	0.02564	0.30551	0.00720
35	0.00681	0.00506	0.00636	0.00740	0.00805	0.00461	0.00503	0.00788	0.01119	0.01454	0.03630	0.64722	0.18514	0.01694	0.00707	0.00221	0.00318	0.01516	0.00522	0.00461
36	0.01129	0.02911	0.77306	0.01604	0.02436	0.01307	0.02079	0.01782	0.01188	0.01782	0.01010	0.01188	0.00713	0.00535	0.00535	0.00178	0.00832	0.00416	0.00238	0.00832
37	0.00763	0.00586	0.00813	0.05077	0.04711	0.00572	0.00648	0.00921	0.01163	0.01560	0.11974	0.49954	0.09756	0.01687	0.05649	0.00258	0.00434	0.02478	0.00494	0.00502
38	0.06026	0.42528	0.07249	0.01280	0.01756	0.13643	0.10841	0.07707	0.01352	0.01669	0.00904	0.01057	0.00752	0.00517	0.00450	0.00144	0.00719	0.00383	0.00286	0.00736
39	0.00813	0.00616	0.00918	0.00910	0.01010	0.00720	0.00709	0.01015	0.00929	0.01342	0.04229	0.02261	0.01534	0.04034	0.73423	0.00863	0.03239	0.00616	0.00312	0.00506
40	0.14747	0.01287	0.09555	0.03131	0.01573	0.01093	0.00959	0.14591	0.01550	0.29807	0.01552	0.04322	0.01115	0.00646	0.00514	0.00164	0.00528	0.00504	0.00503	0.11858
41	0.01457	0.29751	0.33595	0.01299	0.01897	0.05809	0.03744	0.01843	0.01242	0.09820	0.01135	0.04045	0.00906	0.00579	0.00487	0.00158	0.00708	0.00440	0.00304	0.00781
42	0.02021	0.03589	0.03747	0.01095	0.01482	0.01013	0.03886	0.04476	0.04191	0.47156	0.03744	0.03255	0.01381	0.00719	0.00672	0.00175	0.07808	0.00567	0.03559	0.05464

[dist]
# distance from previous block
# <min> <max>
0	13

[block]
# block no. 5 follows, 42 sequences, length 41
# corresponding to MSA columns:
# 988-1028
name=unknown_F
#
# <colnr> <probs for GDERKNQSTAVLIFYWHMCP>
#	G	D	E	R	K	N	Q	S	T	A	V	L	I	F	Y	W	H	M	C	P
0	0.01663	0.11026	0.06421	0.10268	0.04401	0.01337	0.16195	0.13373	0.01529	0.18573	0.01461	0.04109	0.01124	0.00646	0.00566	0.00174	0.00664	0.02973	0.00424	0.03073
1	0.05970	0.14698	0.24431	0.01346	0.03650	0.04504	0.05850	0.11242	0.01441	0.12705	0.01180	0.01268	0.00861	0.00553	0.00502	0.00158	0.00670	0.00432	0.00366	0.08172
2	0.02033	0.01012	0.01257	0.01023	0.01397	0.00989	0.00824	0.05562	0.21633	0.46470	0.09629	0.02171	0.01855	0.00759	0.00577	0.00179	0.00454	0.00628	0.00650	0.00897
3	0.05351	0.01546	0.26004	0.03339	0.01713	0.01057	0.06223	0.01705	0.13636	0.02022	0.24010	0.02327	0.02313	0.00972	0.05147	0.00224	0.00622	0.00659	0.00421	0.00709
4	0.01393	0.01331	0.02232	0.03335	0.72830	0.01340	0.01684	0.01792	0.05120	0.01865	0.01122	0.01429	0.00934	0.00515	0.00558	0.00168	0.00657	0.00508	0.00294	0.00891
5	0.01491	0.01427	0.05727	0.01416	0.01799	0.07558	0.16016	0.17097	0.18530	0.04051	0.07334	0.05141	0.01725	0.00796	0.00613	0.00188	0.00641	0.07203	0.00471	0.00780
6	0.00692	0.00503	0.00654	0.00761	0.00814	0.00464	0.00515	0.00806	0.01132	0.01504	0.08768	0.68197	0.09733	0.01690	0.00710	0.00222	0.00319	0.01523	0.00530	0.00464
7	0.01286	0.00812	0.00995	0.00874	0.01112	0.00808	0.00679	0.04065	0.17410	0.16172	0.44574	0.03244	0.03685	0.00969	0.00623	0.00179	0.00354	0.00837	0.00622	0.00700
8	0.00879	0.00605	0.00881	0.00881	0.00986	0.00673	0.00671	0.01059	0.00957	0.05221	0.01747	0.11513	0.01713	0.07417	0.61168	0.00769	0.01267	0.00730	0.00350	0.00513
9	0.00804	0.00603	0.00904	0.00904	0.01005	0.00703	0.00703	0.01005	0.00904	0.01306	0.01507	0.02211	0.01407	0.04221	0.77992	0.00904	0.01507	0.00603	0.00301	0.00502
10	0.01153	0.02745	0.68468	0.01696	0.02496	0.01321	0.10751	0.01785	0.01205	0.01785	0.01025	0.01228	0.00730	0.00527	0.00550	0.00180	0.00846	0.00446	0.00243	0.00823
11	0.00718	0.00528	0.00706	0.00806	0.00846	0.00516	0.00553	0.00832	0.01114	0.01506	0.09506	0.69881	0.03739	0.01676	0.00760	0.00225	0.03595	0.01502	0.00520	0.00470
12	0.01471	0.73674	0.09544	0.01020	0.01532	0.02145	0.01062	0.01694	0.01147	0.01365	0.00803	0.00928	0.00721	0.00486	0.00376	0.00125	0.00622	0.00311	0.00240	0.00732
13	0.00725	0.00704	0.07452	0.00856	0.00960	0.00532	0.00660	0.00872	0.01087	0.01467	0.02916	0.72878	0.03455	0.01654	0.00702	0.00224	0.00371	0.01495	0.00497	0.00490
14	0.84197	0.01088	0.00827	0.00740	0.01088	0.01262	0.00609	0.01654	0.00958	0.02525	0.00784	0.00914	0.00609	0.00522	0.00348	0.00174	0.00435	0.00305	0.00348	0.00609
15	0.00686	0.00490	0.00653	0.00784	0.00816	0.00457	0.00522	0.00784	0.01077	0.01437	0.03102	0.79855	0.03722	0.01763	0.00718	0.00229	0.00326	0.01600	0.00522	0.00457
16	0.02102	0.02682	0.01595	0.01450	0.01740	0.77963	0.01087	0.02247	0.01595	0.01377	0.00870	0.01015	0.00725	0.00580	0.00507	0.00145	0.01015	0.00362	0.00290	0.00652
17	0.01231	0.01231	0.01724	0.01477	0.01477	0.01724	0.01231	0.01354	0.00862	0.01354	0.00739	0.01231	0.00739	0.00985	0.01847	0.00246	0.79192	0.00492	0.00246	0.00616
18	0.00796	0.00575	0.00752	0.00708	0.00841	0.00531	0.00531	0.01062	0.01593	0.02257	0.76415	0.04204	0.05310	0.01150	0.00664	0.00177	0.00265	0.01018	0.00619	0.00531
19	0.01414	0.01150	0.01231	0.01069	0.01381	0.01280	0.00841	0.17814	0.44135	0.02515	0.11286	0.02512	0.09195	0.00855	0.00590	0.00184	0.00445	0.00708	0.00571	0.00822
20	0.01063	0.01000	0.01688	0.78870	0.03876	0.01250	0.01563	0.01438	0.01125	0.01438	0.01000	0.01500	0.00750	0.00563	0.00563	0.00188	0.00750	0.00500	0.00250	0.00625
21	0.01112	0.01038	0.01742	0.56184	0.19375	0.01212	0.01529	0.01463	0.01164	0.01535	0.01180	0.04851	0.01004	0.00639	0.00577	0.00188	0.00706	0.03552	0.00278	0.00671
22	0.01081	0.00585	0.00818	0.00783	0.00823	0.00600	0.00540	0.07305	0.00903	0.01205	0.01011	0.01679	0.00976	0.01842	0.02054	0.76224	0.00500	0.00490	0.00273	0.00308
23	0.02006	0.01283	0.01452	0.01149	0.01549	0.01363	0.00937	0.40214	0.12958	0.21211	0.08358	0.01851	0.01561	0.00736	0.00574	0.00174	0.00528	0.00585	0.00602	0.00910
24	0.01318	0.05340	0.43109	0.08471	0.05899	0.01319	0.07143	0.01970	0.09883	0.08304	0.01265	0.01407	0.00911	0.00569	0.00548	0.00178	0.00741	0.00480	0.00323	0.00824
25	0.01331	0.03779	0.12042	0.01230	0.04183	0.01066	0.07572	0.05614	0.08463	0.05977	0.03008	0.01412	0.01045	0.00522	0.00495	0.00132	0.00549	0.00446	0.00372	0.40761
26	0.00942	0.00750	0.00865	0.00806	0.01000	0.00763	0.00613	0.01554	0.22127	0.02157	0.43667	0.03828	0.16546	0.01090	0.00639	0.00183	0.00319	0.00941	0.00590	0.00621
27	0.01408	0.05270	0.09339	0.01080	0.01395	0.01106	0.00955	0.13363	0.05463	0.12839	0.13621	0.12657	0.03249	0.00952	0.00722	0.00188	0.08364	0.04039	0.00493	0.03499
28	0.01140	0.01104	0.04200	0.66205	0.04903	0.01257	0.01507	0.05781	0.01222	0.01602	0.01022	0.01462	0.00768	0.00560	0.00554	0.00180	0.00726	0.00489	0.00273	0.05045
29	0.05143	0.01392	0.01548	0.01385	0.07387	0.01545	0.01045	0.43207	0.21959	0.02958	0.01641	0.01795	0.01259	0.00725	0.00567	0.00180	0.00564	0.04268	0.00533	0.00898
30	0.09769	0.00969	0.01264	0.00978	0.01406	0.00866	0.00808	0.02646	0.01553	0.70487	0.02093	0.01827	0.01324	0.00681	0.00547	0.00174	0.00475	0.00543	0.00666	0.00927
31	0.01849	0.02001	0.01345	0.01201	0.01474	0.48515	0.00914	0.11946	0.01637	0.01851	0.01173	0.01327	0.00933	0.00612	0.00487	0.00145	0.00776	0.00422	0.20730	0.00663
32	0.01103	0.00745	0.01005	0.01173	0.10393	0.00742	0.00803	0.05595	0.01303	0.05709	0.04051	0.16658	0.02427	0.06884	0.00793	0.00228	0.00457	0.23385	0.15953	0.00591
33	0.00700	0.00501	0.00666	0.00774	0.00819	0.00466	0.00523	0.00819	0.01143	0.01541	0.12427	0.70233	0.03924	0.01685	0.00711	0.00222	0.00319	0.01526	0.00535	0.00466
34	0.03428	0.00674	0.00880	0.04930	0.01124	0.00630	0.00639	0.01369	0.01395	0.18280	0.28276	0.21769	0.12021	0.01182	0.00642	0.00191	0.00359	0.01032	0.00575	0.00607
35	0.02019	0.01072	0.01446	0.03989	0.01624	0.00962	0.05129	0.10435	0.01582	0.42867	0.01710	0.01627	0.01149	0.00607	0.00534	0.00152	0.00517	0.00505	0.00550	0.21524
36	0.00811	0.00569	0.00739	0.00722	0.00846	0.00522	0.00531	0.01040	0.01487	0.03834	0.58218	0.17607	0.08429	0.01262	0.00671	0.00187	0.00282	0.01119	0.00599	0.00525
37	0.01170	0.01012	0.01196	0.00868	0.01341	0.00802	0.00697	0.01414	0.01151	0.01808	0.00986	0.01170	0.00829	0.00447	0.00492	0.00092	0.04580	0.00342	0.00329	0.79273
38	0.84197	0.01088	0.00827	0.00740	0.01088	0.01262	0.00609	0.01654	0.00958	0.02525	0.00784	0.00914	0.00609	0.00522	0.00348	0.00174	0.00435	0.00305	0.00348	0.00609
39	0.74663	0.01174	0.05343	0.00795	0.01165	0.01230	0.00697	0.01660	0.01007	0.03852	0.03657	0.01072	0.00806	0.00550	0.00375	0.00174	0.00453	0.00343	0.00358	0.00626
40	0.18724	0.09233	0.04574	0.05662	0.01641	0.05096	0.00965	0.19420	0.06990	0.20313	0.01397	0.01392	0.00989	0.00619	0.00497	0.00168	0.00569	0.00458	0.00475	0.00819

[dist]
# distance from previous block
# <min> <max>
0	2

[block]
# block no. 6 follows, 42 sequences, length 18
# corresponding to MSA columns:
# 1031-1048
name=unknown_G
#
# <colnr> <probs for GDERKNQSTAVLIFYWHMCP>
#	G	D	E	R	K	N	Q	S	T	A	V	L	I	F	Y	W	H	M	C	P
0	0.80085	0.01059	0.00822	0.00740	0.01071	0.01224	0.00603	0.01609	0.00947	0.02448	0.00793	0.00954	0.00628	0.00593	0.00440	0.04298	0.00438	0.00314	0.00343	0.00591
1	0.01167	0.01000	0.01167	0.00834	0.01334	0.00750	0.00667	0.01417	0.01167	0.01834	0.01000	0.01167	0.00834	0.00417	0.00417	0.00083	0.00417	0.00333	0.00333	0.83663
2	0.55809	0.01257	0.01125	0.00932	0.01316	0.01429	0.00769	0.26972	0.01542	0.02878	0.00980	0.01065	0.00730	0.00575	0.00423	0.00172	0.00499	0.00375	0.00423	0.00730
3	0.84197	0.01088	0.00827	0.00740	0.01088	0.01262	0.00609	0.01654	0.00958	0.02525	0.00784	0.00914	0.00609	0.00522	0.00348	0.00174	0.00435	0.00305	0.00348	0.00609
4	0.00894	0.00597	0.00783	0.00724	0.00874	0.00548	0.00548	0.01157	0.01594	0.06466	0.72242	0.04075	0.05090	0.01125	0.00658	0.00177	0.00277	0.00992	0.00624	0.00555
5	0.00694	0.00499	0.00645	0.00757	0.00797	0.00465	0.00503	0.00788	0.01071	0.01416	0.03164	0.69468	0.08136	0.07657	0.00877	0.00250	0.00340	0.01515	0.00509	0.00449
6	0.00772	0.00574	0.00719	0.00683	0.00826	0.00521	0.00512	0.01015	0.01536	0.02121	0.63355	0.04428	0.18454	0.01201	0.00664	0.00179	0.00269	0.01049	0.00602	0.00521
7	0.14690	0.00613	0.00629	0.00657	0.00789	0.00628	0.00478	0.01158	0.01098	0.01881	0.02216	0.25850	0.04953	0.05448	0.00641	0.00196	0.00333	0.02414	0.34824	0.00506
8	0.55966	0.01139	0.01030	0.00864	0.01233	0.01269	0.00711	0.15183	0.01355	0.11639	0.01103	0.01163	0.00801	0.00577	0.00416	0.00171	0.00467	0.00382	0.03820	0.00711
9	0.01212	0.08621	0.64914	0.01584	0.02361	0.01369	0.06349	0.01805	0.01206	0.04038	0.01037	0.01209	0.00743	0.00532	0.00530	0.00174	0.00811	0.00427	0.00255	0.00823
10	0.24565	0.19859	0.01693	0.01140	0.01494	0.37732	0.00927	0.03824	0.01344	0.01737	0.00839	0.00970	0.00698	0.00544	0.00432	0.00148	0.00752	0.00336	0.00302	0.00664
11	0.00988	0.00633	0.00861	0.04398	0.01021	0.00670	0.00625	0.01140	0.10699	0.01393	0.09617	0.04681	0.01807	0.04947	0.05967	0.44758	0.00528	0.04491	0.00359	0.00417
12	0.00734	0.00570	0.00667	0.00648	0.00804	0.00503	0.00484	0.00938	0.01436	0.01898	0.42142	0.07140	0.37426	0.01294	0.00666	0.00185	0.00276	0.01113	0.00573	0.00503
13	0.01499	0.01453	0.14775	0.01482	0.01948	0.01154	0.21466	0.09845	0.07128	0.15944	0.06193	0.11308	0.01625	0.00768	0.00612	0.00187	0.00651	0.00720	0.00454	0.00789
14	0.00805	0.00601	0.00893	0.00893	0.00989	0.00697	0.00689	0.00997	0.00901	0.01298	0.01518	0.02271	0.01433	0.07336	0.74913	0.00890	0.01468	0.00612	0.00303	0.00496
