[name]
unknown

[dist]
# distance from previous block
# <min> <max>
0	68

[block]
# block no. 0 follows, 44 sequences, length 21
# corresponding to MSA columns:
# 68-88
name=unknown_A
#
# <colnr> <probs for GDERKNQSTAVLIFYWHMCP>
#	G	D	E	R	K	N	Q	S	T	A	V	L	I	F	Y	W	H	M	C	P
0	0.01836	0.01985	0.01550	0.01532	0.09745	0.45871	0.01089	0.09279	0.04054	0.06130	0.01191	0.01569	0.01010	0.00669	0.00586	0.00162	0.04334	0.06354	0.00354	0.00699
1	0.04397	0.01050	0.01366	0.05880	0.13316	0.00957	0.00909	0.03101	0.04210	0.07639	0.01106	0.01273	0.00877	0.00494	0.00515	0.00123	0.04182	0.00396	0.00347	0.47862
2	0.04759	0.01034	0.01707	0.61733	0.17507	0.01228	0.01503	0.01455	0.01111	0.01512	0.00970	0.01409	0.00747	0.00532	0.00535	0.00177	0.00698	0.00476	0.00252	0.00654
3	0.00882	0.00731	0.00821	0.00824	0.04270	0.00709	0.00591	0.04708	0.13465	0.01853	0.19119	0.04137	0.43539	0.01150	0.00620	0.00180	0.00329	0.00971	0.00525	0.00576
4	0.00654	0.00514	0.00591	0.00653	0.00763	0.00452	0.00459	0.00771	0.01146	0.01433	0.04299	0.41802	0.41453	0.01540	0.00669	0.00202	0.00296	0.01345	0.00506	0.00452
5	0.02348	0.00906	0.01234	0.00953	0.01358	0.00784	0.00784	0.02561	0.01559	0.73381	0.06550	0.01986	0.01572	0.00701	0.00554	0.00169	0.00452	0.00574	0.00670	0.00904
6	0.00664	0.00474	0.00633	0.00759	0.00791	0.00443	0.00506	0.00759	0.01044	0.01392	0.03005	0.80485	0.03606	0.01708	0.00696	0.00221	0.00316	0.01550	0.00506	0.00443
7	0.00793	0.00529	0.00595	0.00595	0.00595	0.00529	0.00330	0.00793	0.00793	0.01057	0.01718	0.03568	0.01982	0.80840	0.02775	0.00529	0.00529	0.00793	0.00330	0.00330
8	0.01458	0.81168	0.02857	0.00933	0.01399	0.02157	0.00933	0.01632	0.01108	0.01283	0.00758	0.00875	0.00700	0.00466	0.00350	0.00117	0.00583	0.00292	0.00233	0.00700
9	0.00762	0.00557	0.00715	0.00676	0.00809	0.00510	0.00507	0.01010	0.01521	0.02132	0.71752	0.04161	0.10578	0.01135	0.00643	0.00172	0.00259	0.00998	0.00593	0.00510
10	0.01458	0.81168	0.02857	0.00933	0.01399	0.02157	0.00933	0.01632	0.01108	0.01283	0.00758	0.00875	0.00700	0.00466	0.00350	0.00117	0.00583	0.00292	0.00233	0.00700
11	0.80984	0.04623	0.00893	0.00727	0.01070	0.01265	0.00606	0.01604	0.00936	0.02394	0.00759	0.00885	0.00595	0.00504	0.00338	0.00166	0.00429	0.00295	0.00333	0.00595
12	0.01356	0.01171	0.01233	0.01109	0.01418	0.01356	0.00863	0.02897	0.76455	0.02281	0.02219	0.02034	0.01664	0.00740	0.00555	0.00185	0.00431	0.00616	0.00555	0.00863
13	0.00664	0.00474	0.00633	0.00759	0.00791	0.00443	0.00506	0.00759	0.01044	0.01392	0.03005	0.80485	0.03606	0.01708	0.00696	0.00221	0.00316	0.01550	0.00506	0.00443
14	0.01407	0.01196	0.01261	0.01120	0.01437	0.01380	0.00875	0.08042	0.71227	0.02362	0.02155	0.01983	0.01612	0.00734	0.00554	0.00183	0.00443	0.00607	0.00554	0.00867
15	0.01325	0.00947	0.06453	0.00943	0.04524	0.00717	0.00758	0.01564	0.01320	0.22082	0.11080	0.05519	0.18200	0.00831	0.00547	0.00152	0.00411	0.00698	0.00487	0.21442
16	0.02045	0.00982	0.01253	0.00944	0.01384	0.00843	0.00774	0.07453	0.01509	0.50878	0.01754	0.01610	0.01165	0.00596	0.00507	0.00143	0.00456	0.00480	0.00565	0.24658
17	0.01030	0.00969	0.01635	0.79530	0.03755	0.01211	0.01514	0.01393	0.01090	0.01393	0.00969	0.01453	0.00727	0.00545	0.00545	0.00182	0.00727	0.00484	0.00242	0.00606
18	0.20790	0.01105	0.01631	0.02237	0.44175	0.01139	0.03380	0.01538	0.01142	0.01914	0.01218	0.09276	0.01113	0.00624	0.00500	0.00168	0.00541	0.00555	0.06224	0.00728
19	0.01280	0.04387	0.22004	0.01195	0.04068	0.04482	0.01123	0.04104	0.20102	0.08283	0.20840	0.02169	0.02139	0.00742	0.00556	0.00171	0.00533	0.00616	0.00455	0.00750
20	0.01283	0.00674	0.00852	0.00746	0.00982	0.00591	0.00581	0.01484	0.01441	0.26891	0.28916	0.07240	0.23984	0.01072	0.00615	0.00176	0.00333	0.00914	0.00594	0.00632

[dist]
# distance from previous block
# <min> <max>
0	6

[block]
# block no. 1 follows, 44 sequences, length 13
# corresponding to MSA columns:
# 95-107
name=unknown_B
#
# <colnr> <probs for GDERKNQSTAVLIFYWHMCP>
#	G	D	E	R	K	N	Q	S	T	A	V	L	I	F	Y	W	H	M	C	P
0	0.01395	0.01263	0.05402	0.01197	0.04410	0.01300	0.00945	0.13644	0.48221	0.02339	0.04042	0.04501	0.01573	0.00725	0.00547	0.00174	0.00475	0.00602	0.00508	0.06738
1	0.01267	0.01146	0.07600	0.01072	0.03892	0.00885	0.04421	0.03009	0.05404	0.08966	0.03232	0.04982	0.01140	0.00558	0.00506	0.00124	0.02340	0.00468	0.00375	0.48614
2	0.05303	0.10700	0.50593	0.01524	0.06204	0.01345	0.04924	0.04289	0.01225	0.07476	0.01052	0.01192	0.00760	0.00524	0.00501	0.00166	0.00728	0.00415	0.00284	0.00797
3	0.00898	0.00669	0.00874	0.00946	0.01094	0.00676	0.00801	0.01273	0.08926	0.01751	0.11697	0.05425	0.08462	0.01374	0.00712	0.00230	0.00450	0.52686	0.00519	0.00537
4	0.00995	0.02143	0.02964	0.06565	0.10932	0.00917	0.03425	0.01468	0.15785	0.01682	0.04954	0.23100	0.09040	0.02796	0.00702	0.00205	0.02717	0.08545	0.00441	0.00623
5	0.01827	0.12000	0.06632	0.01158	0.03743	0.01220	0.02966	0.08289	0.14947	0.33284	0.03915	0.01792	0.01352	0.00672	0.00551	0.00168	0.01879	0.02245	0.00517	0.00843
6	0.00883	0.00694	0.01001	0.31469	0.01854	0.00785	0.00815	0.01049	0.00955	0.01277	0.01569	0.11081	0.01638	0.36488	0.01547	0.00338	0.00568	0.00740	0.04789	0.00460
7	0.00720	0.00538	0.00682	0.00776	0.00873	0.00500	0.00589	0.00870	0.01154	0.01480	0.03608	0.40325	0.22096	0.01568	0.00699	0.00220	0.00359	0.21973	0.00505	0.00464
8	0.01537	0.03599	0.05017	0.04558	0.27056	0.01198	0.14512	0.05407	0.03857	0.17934	0.01449	0.06956	0.01160	0.00636	0.00596	0.00174	0.02560	0.00596	0.00392	0.00806
9	0.01381	0.07768	0.08926	0.11897	0.34601	0.08565	0.06710	0.03269	0.03923	0.03514	0.01119	0.01477	0.00918	0.00551	0.00534	0.00165	0.00699	0.02916	0.00295	0.00774
10	0.00664	0.00474	0.00633	0.00759	0.00791	0.00443	0.00506	0.00759	0.01044	0.01392	0.03005	0.80485	0.03606	0.01708	0.00696	0.00221	0.00316	0.01550	0.00506	0.00443
11	0.01313	0.01183	0.01884	0.41754	0.20799	0.01330	0.06695	0.14986	0.01408	0.01882	0.01054	0.01404	0.00803	0.00545	0.00551	0.00174	0.00699	0.00497	0.00306	0.00734
12	0.06432	0.06520	0.28422	0.06621	0.16969	0.04822	0.05545	0.10670	0.05449	0.01954	0.01069	0.01254	0.00811	0.00537	0.00514	0.00166	0.00702	0.00444	0.00306	0.00792

[dist]
# distance from previous block
# <min> <max>
0	1

[block]
# block no. 2 follows, 44 sequences, length 23
# corresponding to MSA columns:
# 109-131
name=unknown_C
#
# <colnr> <probs for GDERKNQSTAVLIFYWHMCP>
#	G	D	E	R	K	N	Q	S	T	A	V	L	I	F	Y	W	H	M	C	P
0	0.04634	0.01304	0.05291	0.08267	0.24662	0.04122	0.11973	0.07731	0.05551	0.01934	0.10074	0.01692	0.01377	0.00633	0.00650	0.00174	0.06661	0.00559	0.01973	0.00739
1	0.00667	0.00552	0.00579	0.00573	0.00744	0.00470	0.00426	0.00818	0.01274	0.01565	0.15821	0.05030	0.64673	0.03536	0.00703	0.00192	0.00280	0.01117	0.00515	0.00465
2	0.01368	0.13026	0.01452	0.01055	0.01374	0.01430	0.00848	0.06625	0.55389	0.02135	0.03979	0.01952	0.01590	0.04607	0.00634	0.00190	0.00463	0.00580	0.00497	0.00807
3	0.00740	0.00598	0.00663	0.00639	0.00812	0.00543	0.00482	0.01019	0.06659	0.01784	0.30790	0.04602	0.46225	0.01241	0.00638	0.00180	0.00280	0.01054	0.00543	0.00508
4	0.84691	0.01054	0.00801	0.00717	0.01054	0.01223	0.00590	0.01603	0.00928	0.02446	0.00759	0.00886	0.00590	0.00506	0.00337	0.00169	0.00422	0.00295	0.00337	0.00590
5	0.00750	0.00556	0.00679	0.00660	0.00786	0.00509	0.00487	0.00949	0.01371	0.01860	0.48004	0.04387	0.21408	0.10600	0.00900	0.00220	0.00306	0.04547	0.00542	0.00480
6	0.00772	0.00557	0.00729	0.00686	0.00814	0.00514	0.00514	0.01029	0.01543	0.02186	0.77152	0.04072	0.05144	0.01115	0.00643	0.00171	0.00257	0.00986	0.00600	0.00514
7	0.84691	0.01054	0.00801	0.00717	0.01054	0.01223	0.00590	0.01603	0.00928	0.02446	0.00759	0.00886	0.00590	0.00506	0.00337	0.00169	0.00422	0.00295	0.00337	0.00590
8	0.84691	0.01054	0.00801	0.00717	0.01054	0.01223	0.00590	0.01603	0.00928	0.02446	0.00759	0.00886	0.00590	0.00506	0.00337	0.00169	0.00422	0.00295	0.00337	0.00590
9	0.02116	0.01456	0.01592	0.01221	0.01655	0.01586	0.01008	0.67015	0.02445	0.12210	0.01408	0.01373	0.00977	0.00657	0.00546	0.00164	0.00584	0.00498	0.00561	0.00927
10	0.01458	0.81168	0.02857	0.00933	0.01399	0.02157	0.00933	0.01632	0.01108	0.01283	0.00758	0.00875	0.00700	0.00466	0.00350	0.00117	0.00583	0.00292	0.00233	0.00700
11	0.00697	0.00495	0.00656	0.00749	0.00784	0.00483	0.00501	0.00789	0.00987	0.01328	0.02634	0.60000	0.03104	0.13555	0.10199	0.00344	0.00482	0.01325	0.00455	0.00432
12	0.01229	0.02709	0.01039	0.03215	0.03296	0.00700	0.00671	0.01472	0.01414	0.17580	0.36383	0.02798	0.05816	0.00831	0.00559	0.00151	0.00365	0.00714	0.00524	0.18535
13	0.01349	0.01295	0.02213	0.03346	0.77440	0.01295	0.01673	0.01673	0.01241	0.01781	0.01025	0.01349	0.00864	0.00486	0.00540	0.00162	0.00648	0.00486	0.00270	0.00864
14	0.01276	0.01438	0.03034	0.02196	0.02682	0.01413	0.66699	0.01695	0.01233	0.01695	0.01057	0.01438	0.00814	0.00518	0.00779	0.00190	0.10229	0.00624	0.00271	0.00719
15	0.01243	0.01481	0.14104	0.07844	0.45892	0.01243	0.10388	0.01629	0.01224	0.01731	0.01170	0.01717	0.01002	0.00572	0.00566	0.00175	0.00698	0.06249	0.00281	0.00794
16	0.01055	0.02553	0.68899	0.01451	0.02177	0.01177	0.01837	0.01644	0.01197	0.01781	0.09964	0.01496	0.01216	0.00588	0.00533	0.00173	0.00741	0.00472	0.00274	0.00771
17	0.01287	0.01471	0.03217	0.02298	0.02849	0.01379	0.75460	0.01746	0.01287	0.01746	0.01103	0.01471	0.00827	0.00460	0.00643	0.00184	0.00919	0.00643	0.00276	0.00735
18	0.00663	0.00479	0.00628	0.00748	0.00788	0.00444	0.00501	0.00760	0.01055	0.01396	0.03146	0.76274	0.07725	0.01690	0.00693	0.00219	0.00314	0.01528	0.00506	0.00444
19	0.84691	0.01054	0.00801	0.00717	0.01054	0.01223	0.00590	0.01603	0.00928	0.02446	0.00759	0.00886	0.00590	0.00506	0.00337	0.00169	0.00422	0.00295	0.00337	0.00590
20	0.01350	0.09071	0.45690	0.03683	0.04436	0.03047	0.04876	0.08423	0.03169	0.07134	0.01104	0.01236	0.00798	0.00537	0.00512	0.00164	0.00725	0.00428	0.00305	0.03311
21	0.12126	0.43910	0.02117	0.01034	0.01427	0.18714	0.00911	0.03500	0.08886	0.01590	0.00938	0.01027	0.00790	0.00524	0.00404	0.00136	0.00635	0.00342	0.00296	0.00693
22	0.03789	0.00656	0.00791	0.00737	0.00900	0.00632	0.00557	0.07480	0.01520	0.03721	0.50029	0.12815	0.12010	0.01143	0.00628	0.00178	0.00306	0.00994	0.00567	0.00547

[dist]
# distance from previous block
# <min> <max>
7	26

[block]
# block no. 3 follows, 44 sequences, length 13
# corresponding to MSA columns:
# 166-178
name=unknown_D
#
# <colnr> <probs for GDERKNQSTAVLIFYWHMCP>
#	G	D	E	R	K	N	Q	S	T	A	V	L	I	F	Y	W	H	M	C	P
0	0.68200	0.00995	0.00866	0.00759	0.01082	0.01112	0.03771	0.01483	0.00992	0.02266	0.01506	0.01581	0.12379	0.00639	0.00398	0.00172	0.00421	0.00442	0.00361	0.00577
1	0.00771	0.00554	0.00708	0.00797	0.00859	0.00537	0.00546	0.06417	0.01159	0.01546	0.02877	0.74500	0.03403	0.01628	0.00684	0.00217	0.00338	0.01470	0.00509	0.00479
2	0.00826	0.00623	0.00811	0.04333	0.01025	0.00620	0.00621	0.01176	0.08441	0.01958	0.45997	0.18951	0.04150	0.01202	0.00650	0.00190	0.00327	0.07011	0.00553	0.00536
3	0.15999	0.00986	0.01183	0.00949	0.01339	0.00957	0.00776	0.02518	0.12967	0.53633	0.01929	0.01721	0.01271	0.00657	0.00514	0.00171	0.00452	0.00517	0.00600	0.00862
4	0.00817	0.00565	0.00780	0.00780	0.00868	0.00633	0.00586	0.00994	0.00905	0.01354	0.01546	0.02327	0.01456	0.14418	0.55905	0.00712	0.01143	0.00602	0.13144	0.00468
5	0.01276	0.01226	0.01652	0.10714	0.26307	0.08442	0.01248	0.01512	0.01109	0.01586	0.01020	0.01383	0.00869	0.00670	0.00906	0.00181	0.25644	0.00474	0.13107	0.00674
6	0.05543	0.07975	0.05635	0.07260	0.07174	0.30679	0.04400	0.04407	0.01367	0.06150	0.01111	0.01287	0.00868	0.00559	0.00477	0.00149	0.00713	0.00420	0.13153	0.00673
7	0.51253	0.03093	0.04563	0.00824	0.01157	0.08308	0.00702	0.04234	0.01122	0.06056	0.01023	0.01147	0.00782	0.00544	0.00385	0.00158	0.00478	0.00358	0.13188	0.00623
8	0.01240	0.03329	0.20166	0.01675	0.17126	0.03781	0.10291	0.03004	0.04821	0.04850	0.07623	0.01805	0.03909	0.00620	0.00530	0.00163	0.00606	0.00552	0.13180	0.00729
9	0.00854	0.00689	0.03306	0.01048	0.08854	0.00610	0.03212	0.01040	0.01105	0.01600	0.02446	0.46428	0.04939	0.01236	0.00598	0.00188	0.00375	0.01113	0.17816	0.02543
10	0.00989	0.00640	0.00824	0.00748	0.00934	0.00569	0.04026	0.01143	0.01241	0.13236	0.12245	0.14248	0.33652	0.11917	0.00922	0.00232	0.00372	0.01020	0.00509	0.00532
11	0.31017	0.01553	0.11087	0.01103	0.01473	0.11237	0.00990	0.14854	0.01380	0.07437	0.03523	0.01214	0.00895	0.00622	0.00602	0.00172	0.09350	0.00411	0.00374	0.00705
12	0.01066	0.01368	0.19524	0.04524	0.13168	0.01017	0.07824	0.04379	0.03899	0.01820	0.13468	0.14071	0.04369	0.00845	0.00626	0.00181	0.03273	0.00748	0.03151	0.00678

[dist]
# distance from previous block
# <min> <max>
0	11

[block]
# block no. 4 follows, 44 sequences, length 24
# corresponding to MSA columns:
# 190-192,207-226,230
name=unknown_E
#
# <colnr> <probs for GDERKNQSTAVLIFYWHMCP>
#	G	D	E	R	K	N	Q	S	T	A	V	L	I	F	Y	W	H	M	C	P
0	0.01442	0.01362	0.06292	0.01449	0.01862	0.03251	0.20992	0.02478	0.42857	0.09209	0.01805	0.01787	0.01328	0.00641	0.00574	0.00181	0.00602	0.00598	0.00465	0.00826
1	0.01817	0.06902	0.01580	0.01200	0.01570	0.12320	0.00974	0.43633	0.13753	0.02664	0.01407	0.03769	0.01095	0.00819	0.03834	0.00192	0.00654	0.00513	0.00477	0.00827
2	0.00689	0.00511	0.00610	0.00677	0.00750	0.00469	0.00459	0.00783	0.01062	0.01361	0.03490	0.42534	0.24440	0.16036	0.01062	0.00268	0.00349	0.03545	0.00474	0.00429
3	0.01634	0.01331	0.01744	0.07904	0.33760	0.08776	0.01272	0.10934	0.08301	0.13978	0.04005	0.01554	0.01145	0.00593	0.00542	0.00165	0.00618	0.00512	0.00404	0.00827
4	0.05027	0.16321	0.14185	0.01656	0.17192	0.03608	0.03611	0.17816	0.01515	0.10821	0.01141	0.01251	0.00856	0.00557	0.00521	0.00158	0.02142	0.00438	0.00366	0.00819
5	0.01134	0.01102	0.01881	0.01794	0.15813	0.01220	0.19634	0.01362	0.01039	0.01483	0.03406	0.01885	0.01183	0.16243	0.05573	0.00299	0.23442	0.00602	0.00285	0.00622
6	0.00721	0.00527	0.00678	0.00732	0.00801	0.00519	0.00514	0.00840	0.01028	0.01368	0.06414	0.33861	0.13266	0.16031	0.16513	0.00399	0.00580	0.04329	0.00437	0.00440
7	0.53585	0.01142	0.01013	0.00882	0.01224	0.01314	0.00714	0.11082	0.20060	0.02527	0.01193	0.01226	0.00901	0.00583	0.00418	0.00172	0.00446	0.00400	0.00418	0.00700
8	0.01539	0.07824	0.38885	0.01447	0.01995	0.35969	0.01514	0.01922	0.01325	0.01522	0.00903	0.01058	0.00696	0.00534	0.00495	0.00155	0.00871	0.00372	0.00253	0.00721
9	0.01298	0.31003	0.36800	0.01315	0.03789	0.01539	0.03185	0.03706	0.01195	0.04740	0.01085	0.04192	0.00908	0.00577	0.00475	0.00156	0.00677	0.02329	0.00278	0.00754
10	0.01594	0.01903	0.06950	0.02070	0.15311	0.28739	0.29063	0.01918	0.01372	0.04362	0.01028	0.01271	0.00800	0.00512	0.00560	0.00163	0.00871	0.00494	0.00288	0.00732
11	0.00694	0.00526	0.00645	0.00714	0.00816	0.00478	0.00522	0.00837	0.01181	0.01520	0.10613	0.39738	0.27826	0.01522	0.00681	0.00208	0.00320	0.10182	0.00514	0.00462
12	0.01711	0.02019	0.01980	0.02168	0.27216	0.42950	0.10680	0.01954	0.01411	0.01536	0.00937	0.01168	0.00772	0.00523	0.00527	0.00153	0.00863	0.00433	0.00277	0.00723
13	0.01230	0.01168	0.04474	0.42931	0.25014	0.01271	0.01504	0.04700	0.03161	0.04003	0.01058	0.01421	0.00817	0.00560	0.00602	0.00177	0.04420	0.00487	0.00284	0.00718
14	0.00703	0.00513	0.00603	0.00654	0.00716	0.00476	0.00428	0.00783	0.01027	0.01327	0.05199	0.35655	0.21269	0.26564	0.01337	0.00308	0.00372	0.01198	0.00453	0.00414
15	0.00720	0.00547	0.00662	0.00650	0.00787	0.00490	0.00481	0.00922	0.01396	0.01876	0.46593	0.12145	0.28225	0.01260	0.00649	0.00181	0.00269	0.01096	0.00560	0.00490
16	0.02038	0.02544	0.01550	0.01397	0.01686	0.74740	0.01052	0.05910	0.01597	0.01441	0.00866	0.01000	0.00714	0.00567	0.00494	0.00142	0.00964	0.00358	0.00294	0.00647
17	0.00852	0.00515	0.00684	0.00684	0.00699	0.00530	0.00441	0.00788	0.00773	0.01046	0.01374	0.02594	0.01478	0.37851	0.14180	0.33625	0.00650	0.00635	0.00287	0.00317
18	0.01113	0.00771	0.00875	0.00797	0.01006	0.00799	0.00613	0.03507	0.23140	0.06753	0.30072	0.02959	0.07534	0.00892	0.00559	0.00167	0.00329	0.00758	0.16711	0.00646
19	0.00698	0.00499	0.00671	0.00798	0.00844	0.00472	0.00565	0.00818	0.01077	0.01430	0.02986	0.68727	0.03532	0.01676	0.00705	0.00226	0.00346	0.12972	0.00505	0.00452
20	0.04900	0.01001	0.01540	0.35333	0.17360	0.01125	0.01259	0.05050	0.01212	0.09050	0.01373	0.12374	0.01216	0.00728	0.00610	0.00183	0.04031	0.00630	0.00345	0.00680
21	0.00779	0.00584	0.00876	0.00876	0.00974	0.00681	0.00681	0.00974	0.00876	0.01266	0.01460	0.02142	0.01363	0.04089	0.78680	0.00876	0.01460	0.00584	0.00292	0.00487
22	0.00672	0.00518	0.00616	0.00676	0.00781	0.00461	0.00481	0.00803	0.01173	0.01500	0.10367	0.41218	0.33583	0.01518	0.00672	0.00203	0.00300	0.03486	0.00514	0.00458
23	0.02270	0.01115	0.01372	0.01056	0.01473	0.01088	0.00870	0.26862	0.01893	0.50741	0.04201	0.01743	0.01327	0.00682	0.00550	0.00167	0.00503	0.00543	0.00629	0.00915

[dist]
# distance from previous block
# <min> <max>
0	1

[block]
# block no. 5 follows, 44 sequences, length 59
# corresponding to MSA columns:
# 232-290
name=unknown_F
#
# <colnr> <probs for GDERKNQSTAVLIFYWHMCP>
#	G	D	E	R	K	N	Q	S	T	A	V	L	I	F	Y	W	H	M	C	P
0	0.03792	0.47359	0.07548	0.01462	0.14691	0.14063	0.01144	0.01731	0.01198	0.01439	0.00833	0.00993	0.00725	0.00489	0.00416	0.00133	0.00668	0.00342	0.00250	0.00721
1	0.00705	0.00519	0.00662	0.00725	0.00805	0.00483	0.00506	0.00877	0.02826	0.01624	0.22350	0.50977	0.11921	0.01499	0.00674	0.00204	0.00299	0.01341	0.00531	0.00472
2	0.01481	0.69844	0.02697	0.01008	0.01457	0.06596	0.02965	0.01739	0.05402	0.01355	0.00855	0.00963	0.00758	0.00487	0.00378	0.00124	0.00607	0.00323	0.00255	0.00706
3	0.00676	0.00527	0.00572	0.00607	0.00745	0.00459	0.00438	0.00810	0.01180	0.01489	0.04560	0.26074	0.51392	0.01421	0.00641	0.00191	0.00286	0.01218	0.06258	0.00459
4	0.01130	0.00969	0.01130	0.00807	0.01292	0.00727	0.00646	0.01373	0.01130	0.01776	0.00969	0.01130	0.00807	0.00404	0.00404	0.00081	0.00404	0.00323	0.00323	0.84173
5	0.00712	0.00555	0.00646	0.00623	0.00778	0.00489	0.00468	0.00914	0.01403	0.01853	0.43696	0.04621	0.38808	0.01239	0.00644	0.00177	0.00266	0.01063	0.00556	0.00489
6	0.01349	0.01295	0.02213	0.03346	0.77440	0.01295	0.01673	0.01673	0.01241	0.01781	0.01025	0.01349	0.00864	0.00486	0.00540	0.00162	0.00648	0.00486	0.00270	0.00864
7	0.01030	0.00969	0.01635	0.79530	0.03755	0.01211	0.01514	0.01393	0.01090	0.01393	0.00969	0.01453	0.00727	0.00545	0.00545	0.00182	0.00727	0.00484	0.00242	0.00606
8	0.84691	0.01054	0.00801	0.00717	0.01054	0.01223	0.00590	0.01603	0.00928	0.02446	0.00759	0.00886	0.00590	0.00506	0.00337	0.00169	0.00422	0.00295	0.00337	0.00590
9	0.01356	0.01171	0.01233	0.01109	0.01418	0.01356	0.00863	0.02897	0.76455	0.02281	0.02219	0.02034	0.01664	0.00740	0.00555	0.00185	0.00431	0.00616	0.00555	0.00863
10	0.00793	0.00529	0.00595	0.00595	0.00595	0.00529	0.00330	0.00793	0.00793	0.01057	0.01718	0.03568	0.01982	0.80840	0.02775	0.00529	0.00529	0.00793	0.00330	0.00330
11	0.00682	0.00550	0.00598	0.00593	0.00750	0.00475	0.00437	0.00839	0.01284	0.01615	0.21866	0.07528	0.54285	0.05172	0.00749	0.00199	0.00285	0.01109	0.00520	0.00466
12	0.01108	0.02715	0.72206	0.01612	0.02398	0.01275	0.07719	0.01728	0.01162	0.01728	0.00988	0.01176	0.00701	0.00513	0.00528	0.00174	0.00815	0.00422	0.00234	0.00800
13	0.00791	0.00535	0.00630	0.00630	0.00642	0.00548	0.00374	0.00815	0.00803	0.01083	0.01686	0.03390	0.01905	0.71284	0.12226	0.00572	0.00645	0.00767	0.00326	0.00350
14	0.01030	0.00969	0.01635	0.79530	0.03755	0.01211	0.01514	0.01393	0.01090	0.01393	0.00969	0.01453	0.00727	0.00545	0.00545	0.00182	0.00727	0.00484	0.00242	0.00606
15	0.01362	0.01138	0.01615	0.01459	0.06787	0.01201	0.13892	0.13911	0.24277	0.04225	0.01973	0.02864	0.01729	0.00862	0.00620	0.00197	0.00578	0.20079	0.00475	0.00757
16	0.78274	0.01091	0.00866	0.00759	0.01104	0.01259	0.00625	0.07352	0.01055	0.02523	0.00802	0.00919	0.00617	0.00518	0.00354	0.00168	0.00436	0.00310	0.00354	0.00617
17	0.00879	0.00628	0.00879	0.01004	0.01130	0.00628	0.00879	0.01130	0.01255	0.01632	0.02887	0.06150	0.03138	0.01506	0.00753	0.00251	0.00502	0.73770	0.00502	0.00502
18	0.00677	0.00512	0.00606	0.00674	0.00758	0.00463	0.00463	0.00781	0.01092	0.01390	0.03755	0.43262	0.29617	0.10360	0.00909	0.00243	0.00330	0.03183	0.00487	0.00438
19	0.02037	0.02598	0.01545	0.01404	0.01685	0.78652	0.01053	0.02177	0.01545	0.01334	0.00843	0.00983	0.00702	0.00562	0.00492	0.00140	0.00983	0.00351	0.00281	0.00632
20	0.00701	0.00555	0.00631	0.00612	0.00771	0.00484	0.00459	0.00892	0.01376	0.01791	0.37424	0.04724	0.45119	0.01262	0.00644	0.00178	0.00268	0.01077	0.00548	0.00484
21	0.01958	0.01416	0.01513	0.01173	0.01576	0.01562	0.00965	0.67539	0.02409	0.03283	0.01360	0.01388	0.00978	0.00652	0.00528	0.00160	0.00562	0.00493	0.09603	0.00882
22	0.01130	0.00969	0.01130	0.00807	0.01292	0.00727	0.00646	0.01373	0.01130	0.01776	0.00969	0.01130	0.00807	0.00404	0.00404	0.00081	0.00404	0.00323	0.00323	0.84173
23	0.00659	0.00547	0.00577	0.00583	0.00749	0.00465	0.00432	0.00807	0.01259	0.01542	0.12944	0.10966	0.63836	0.01378	0.00648	0.00186	0.00277	0.01164	0.00516	0.00465
24	0.84691	0.01054	0.00801	0.00717	0.01054	0.01223	0.00590	0.01603	0.00928	0.02446	0.00759	0.00886	0.00590	0.00506	0.00337	0.00169	0.00422	0.00295	0.00337	0.00590
25	0.01030	0.00969	0.01635	0.79530	0.03755	0.01211	0.01514	0.01393	0.01090	0.01393	0.00969	0.01453	0.00727	0.00545	0.00545	0.00182	0.00727	0.00484	0.00242	0.00606
26	0.01946	0.11558	0.01749	0.01379	0.01690	0.67407	0.03434	0.02101	0.01487	0.01342	0.00841	0.00986	0.00706	0.00548	0.00480	0.00139	0.00935	0.00354	0.00275	0.00643
27	0.01127	0.00541	0.00567	0.00544	0.00694	0.00531	0.00414	0.01378	0.01176	0.07919	0.01807	0.02019	0.01394	0.00638	0.00394	0.00130	0.00270	0.00511	0.77405	0.00541
28	0.02085	0.01507	0.01624	0.01245	0.01681	0.01661	0.01028	0.73224	0.02530	0.05880	0.01337	0.01327	0.00941	0.00655	0.00545	0.00164	0.00595	0.00493	0.00550	0.00927
29	0.01137	0.01190	0.02334	0.30739	0.02937	0.01262	0.37615	0.01512	0.01167	0.01561	0.01177	0.07584	0.00999	0.00619	0.00682	0.00189	0.05717	0.00645	0.00279	0.00656
30	0.01200	0.11928	0.55249	0.01607	0.09806	0.01336	0.01746	0.01715	0.01164	0.03619	0.00986	0.01155	0.00732	0.00506	0.00495	0.00160	0.00733	0.00397	0.00251	0.05214
31	0.01093	0.02820	0.78016	0.01554	0.02360	0.01266	0.02014	0.01727	0.01151	0.01727	0.00978	0.01151	0.00691	0.00518	0.00518	0.00173	0.00806	0.00403	0.00230	0.00806
32	0.01030	0.00969	0.01635	0.79530	0.03755	0.01211	0.01514	0.01393	0.01090	0.01393	0.00969	0.01453	0.00727	0.00545	0.00545	0.00182	0.00727	0.00484	0.00242	0.00606
33	0.01630	0.42898	0.02143	0.01095	0.01464	0.33188	0.00942	0.01788	0.01296	0.01318	0.01163	0.01258	0.06644	0.00576	0.00430	0.00132	0.00722	0.00383	0.00274	0.00653
34	0.01550	0.24359	0.28727	0.01144	0.01681	0.01354	0.01236	0.03931	0.01256	0.21233	0.01285	0.01446	0.00970	0.06787	0.00654	0.00183	0.00627	0.00442	0.00362	0.00774
35	0.00790	0.00540	0.00654	0.00654	0.00674	0.00561	0.00404	0.00831	0.00810	0.01101	0.01664	0.03269	0.01852	0.64750	0.18688	0.00601	0.00724	0.00749	0.00322	0.00363
36	0.03688	0.02765	0.75619	0.01528	0.02319	0.01265	0.01970	0.01723	0.01144	0.01749	0.00972	0.01143	0.00687	0.00518	0.00512	0.00173	0.00794	0.00400	0.00234	0.00799
37	0.01333	0.01538	0.18066	0.05712	0.33840	0.01199	0.11476	0.01762	0.03594	0.08824	0.04506	0.01606	0.02912	0.00565	0.00557	0.00170	0.00672	0.00537	0.00327	0.00804
38	0.00788	0.00573	0.00820	0.00825	0.00908	0.00643	0.00623	0.00938	0.00883	0.01243	0.01645	0.02588	0.03468	0.15343	0.59157	0.03846	0.01213	0.03733	0.00310	0.00454
39	0.01458	0.81168	0.02857	0.00933	0.01399	0.02157	0.00933	0.01632	0.01108	0.01283	0.00758	0.00875	0.00700	0.00466	0.00350	0.00117	0.00583	0.00292	0.00233	0.00700
40	0.01115	0.00982	0.01375	0.01557	0.17064	0.03215	0.01014	0.03043	0.01085	0.04177	0.01708	0.31002	0.01858	0.01112	0.01009	0.00209	0.26609	0.00881	0.00369	0.00615
41	0.01003	0.01381	0.23594	0.01292	0.10392	0.00880	0.04254	0.01372	0.03574	0.05454	0.05813	0.03117	0.33837	0.00919	0.00587	0.00177	0.00516	0.00779	0.00401	0.00658
42	0.01422	0.01355	0.01604	0.03453	0.04740	0.12615	0.01143	0.01621	0.03809	0.08018	0.00952	0.01287	0.00826	0.00911	0.03218	0.00227	0.51379	0.00473	0.00297	0.00649
43	0.20684	0.01579	0.01804	0.01900	0.22133	0.20645	0.11646	0.01754	0.01207	0.01767	0.00896	0.01151	0.00739	0.00557	0.00632	0.00170	0.09327	0.00430	0.00286	0.00696
44	0.00699	0.00552	0.00608	0.00594	0.00758	0.00480	0.00446	0.00880	0.01337	0.01725	0.28668	0.04747	0.50999	0.01267	0.00634	0.00178	0.00269	0.01073	0.03606	0.00480
45	0.01030	0.00969	0.01635	0.79530	0.03755	0.01211	0.01514	0.01393	0.01090	0.01393	0.00969	0.01453	0.00727	0.00545	0.00545	0.00182	0.00727	0.00484	0.00242	0.00606
46	0.01460	0.01817	0.26770	0.02117	0.28491	0.01333	0.05399	0.15103	0.03801	0.06722	0.01171	0.01336	0.00871	0.00545	0.00540	0.00168	0.00687	0.00476	0.00340	0.00853
47	0.01566	0.04024	0.01657	0.01827	0.24755	0.13741	0.02422	0.02251	0.26522	0.10340	0.04237	0.01660	0.01307	0.00625	0.00537	0.00166	0.00598	0.00529	0.00423	0.00813
48	0.00850	0.00598	0.00803	0.00899	0.00992	0.00597	0.00736	0.01036	0.01139	0.01489	0.02622	0.08710	0.02891	0.19814	0.01217	0.00314	0.00500	0.53870	0.00463	0.00460
49	0.00754	0.00553	0.00707	0.00675	0.00806	0.00506	0.00504	0.00992	0.01492	0.02080	0.66748	0.07436	0.12380	0.01167	0.00645	0.00175	0.00262	0.01027	0.00587	0.00506
50	0.01488	0.04556	0.46966	0.01516	0.06076	0.14264	0.01614	0.01943	0.01285	0.13596	0.01136	0.01236	0.00805	0.00547	0.00515	0.00164	0.00767	0.00418	0.00311	0.00796
51	0.01701	0.07212	0.01587	0.03342	0.24054	0.01025	0.01039	0.01980	0.02902	0.32968	0.14610	0.02005	0.01801	0.00676	0.00547	0.00164	0.00497	0.00585	0.00495	0.00811
52	0.00757	0.00541	0.00739	0.00865	0.00938	0.00523	0.00668	0.00920	0.01135	0.01496	0.02954	0.48245	0.03403	0.01620	0.00721	0.00234	0.00397	0.32872	0.00504	0.00468
53	0.01212	0.03729	0.02110	0.40123	0.23821	0.01285	0.14854	0.01572	0.01179	0.03409	0.01031	0.01419	0.00797	0.00514	0.00555	0.00174	0.00729	0.00509	0.00266	0.00711
54	0.03473	0.05844	0.11380	0.01717	0.21155	0.01175	0.04163	0.02167	0.12935	0.26134	0.03344	0.01624	0.01205	0.00603	0.00533	0.00168	0.00569	0.00518	0.00446	0.00848
55	0.01173	0.02409	0.57439	0.01697	0.05510	0.01300	0.11072	0.01720	0.01158	0.03771	0.01007	0.01222	0.00735	0.00547	0.00634	0.00179	0.06943	0.00446	0.00250	0.00786
56	0.00793	0.00529	0.00595	0.00595	0.00595	0.00529	0.00330	0.00793	0.00793	0.01057	0.01718	0.03568	0.01982	0.80840	0.02775	0.00529	0.00529	0.00793	0.00330	0.00330
57	0.06623	0.01044	0.01391	0.01361	0.14998	0.00954	0.00921	0.07401	0.01430	0.35342	0.01555	0.03216	0.01113	0.00590	0.00504	0.00148	0.00487	0.00489	0.00489	0.19944
58	0.01328	0.50197	0.23348	0.01179	0.01694	0.01849	0.02726	0.01629	0.01096	0.01416	0.00821	0.00994	0.00701	0.00529	0.00544	0.00145	0.08501	0.00347	0.00234	0.00719

[dist]
# distance from previous block
# <min> <max>
0	1

[block]
# block no. 6 follows, 44 sequences, length 10
# corresponding to MSA columns:
# 292-301
name=unknown_G
#
# <colnr> <probs for GDERKNQSTAVLIFYWHMCP>
#	G	D	E	R	K	N	Q	S	T	A	V	L	I	F	Y	W	H	M	C	P
0	0.00738	0.00543	0.00750	0.00807	0.00883	0.00567	0.00597	0.00887	0.00990	0.01345	0.02437	0.30867	0.07635	0.07302	0.34018	0.00518	0.00829	0.07422	0.00404	0.00461
1	0.10424	0.20252	0.01766	0.01227	0.01555	0.53329	0.00978	0.01994	0.01382	0.01437	0.00815	0.00948	0.00690	0.00534	0.00444	0.00138	0.00835	0.00332	0.00276	0.00643
2	0.00705	0.00496	0.00642	0.00744	0.00776	0.00473	0.00497	0.00792	0.01009	0.01342	0.02742	0.60100	0.03252	0.17346	0.01111	0.00284	0.00371	0.06423	0.00471	0.00425
3	0.01290	0.01096	0.01215	0.01177	0.05771	0.01242	0.00859	0.02592	0.62262	0.02233	0.08724	0.02173	0.01912	0.00753	0.00554	0.00180	0.00421	0.00637	0.04091	0.00817
4	0.00785	0.00560	0.00752	0.00752	0.00807	0.00614	0.00527	0.00894	0.00839	0.01174	0.01574	0.02769	0.01635	0.37860	0.45282	0.00723	0.01050	0.00676	0.00309	0.00418
5	0.01886	0.01387	0.01503	0.01189	0.01571	0.01525	0.00966	0.65687	0.02362	0.03165	0.01534	0.11816	0.01283	0.00794	0.00565	0.00171	0.00562	0.00631	0.00540	0.00863
6	0.00652	0.00553	0.00564	0.00561	0.00741	0.00464	0.00421	0.00798	0.01262	0.01518	0.10087	0.05172	0.72626	0.01364	0.00644	0.00183	0.00275	0.01140	0.00512	0.00464
7	0.84691	0.01054	0.00801	0.00717	0.01054	0.01223	0.00590	0.01603	0.00928	0.02446	0.00759	0.00886	0.00590	0.00506	0.00337	0.00169	0.00422	0.00295	0.00337	0.00590
8	0.84691	0.01054	0.00801	0.00717	0.01054	0.01223	0.00590	0.01603	0.00928	0.02446	0.00759	0.00886	0.00590	0.00506	0.00337	0.00169	0.00422	0.00295	0.00337	0.00590
9	0.01287	0.01471	0.03217	0.02298	0.02849	0.01379	0.75460	0.01746	0.01287	0.01746	0.01103	0.01471	0.00827	0.00460	0.00643	0.00184	0.00919	0.00643	0.00276	0.00735

[dist]
# distance from previous block
# <min> <max>
0	26

[block]
# block no. 7 follows, 44 sequences, length 7
# corresponding to MSA columns:
# 328-334
name=unknown_H
#
# <colnr> <probs for GDERKNQSTAVLIFYWHMCP>
#	G	D	E	R	K	N	Q	S	T	A	V	L	I	F	Y	W	H	M	C	P
0	0.00731	0.00627	0.00635	0.00620	0.00819	0.00569	0.00469	0.01039	0.10372	0.01571	0.05122	0.04857	0.68047	0.01303	0.00633	0.00184	0.00295	0.01086	0.00512	0.00509
1	0.02072	0.01527	0.01636	0.01254	0.01691	0.01691	0.01036	0.75622	0.02563	0.03436	0.01309	0.01309	0.00927	0.00654	0.00545	0.00164	0.00600	0.00491	0.00545	0.00927
2	0.00793	0.00529	0.00595	0.00595	0.00595	0.00529	0.00330	0.00793	0.00793	0.01057	0.01718	0.03568	0.01982	0.80840	0.02775	0.00529	0.00529	0.00793	0.00330	0.00330
3	0.01458	0.81168	0.02857	0.00933	0.01399	0.02157	0.00933	0.01632	0.01108	0.01283	0.00758	0.00875	0.00700	0.00466	0.00350	0.00117	0.00583	0.00292	0.00233	0.00700
4	0.00791	0.00545	0.00696	0.00672	0.00792	0.00508	0.00499	0.01034	0.01458	0.02105	0.62678	0.09979	0.04597	0.01108	0.00618	0.00170	0.00262	0.00977	0.10003	0.00508
5	0.00789	0.00534	0.00618	0.00610	0.00633	0.00526	0.00362	0.00834	0.00923	0.01252	0.14768	0.03655	0.02529	0.67048	0.02406	0.00467	0.00482	0.00826	0.00377	0.00362
6	0.01130	0.00969	0.01130	0.00807	0.01292	0.00727	0.00646	0.01373	0.01130	0.01776	0.00969	0.01130	0.00807	0.00404	0.00404	0.00081	0.00404	0.00323	0.00323	0.84173

[dist]
# distance from previous block
# <min> <max>
0	26

[block]
# block no. 8 follows, 44 sequences, length 13
# corresponding to MSA columns:
# 361-373
name=unknown_I
#
# <colnr> <probs for GDERKNQSTAVLIFYWHMCP>
#	G	D	E	R	K	N	Q	S	T	A	V	L	I	F	Y	W	H	M	C	P
0	0.01467	0.01190	0.03433	0.04886	0.17901	0.01206	0.07857	0.10822	0.21773	0.11058	0.04569	0.06684	0.01516	0.00721	0.00573	0.00178	0.00555	0.02344	0.00458	0.00807
1	0.84691	0.01054	0.00801	0.00717	0.01054	0.01223	0.00590	0.01603	0.00928	0.02446	0.00759	0.00886	0.00590	0.00506	0.00337	0.00169	0.00422	0.00295	0.00337	0.00590
2	0.00937	0.00477	0.00703	0.00703	0.00703	0.00477	0.00465	0.00715	0.00715	0.00954	0.00994	0.01775	0.01011	0.06750	0.02170	0.78995	0.00477	0.00493	0.00243	0.00243
3	0.01491	0.76643	0.02781	0.00960	0.01416	0.06563	0.00940	0.01664	0.01133	0.01286	0.00763	0.00881	0.00700	0.00472	0.00358	0.00118	0.00606	0.00295	0.00236	0.00696
4	0.01349	0.01295	0.02213	0.03346	0.77440	0.01295	0.01673	0.01673	0.01241	0.01781	0.01025	0.01349	0.00864	0.00486	0.00540	0.00162	0.00648	0.00486	0.00270	0.00864
5	0.01356	0.01171	0.01233	0.01109	0.01418	0.01356	0.00863	0.02897	0.76455	0.02281	0.02219	0.02034	0.01664	0.00740	0.00555	0.00185	0.00431	0.00616	0.00555	0.00863
6	0.00784	0.00565	0.00780	0.00780	0.00844	0.00629	0.00561	0.00912	0.00848	0.01194	0.01548	0.02630	0.01575	0.30346	0.52712	0.00757	0.01142	0.00656	0.00305	0.00433
7	0.01120	0.00569	0.00587	0.00559	0.00711	0.00570	0.00426	0.04467	0.01221	0.05228	0.01774	0.01995	0.01376	0.00638	0.00395	0.00130	0.00277	0.00509	0.76905	0.00543
8	0.00664	0.00474	0.00633	0.00759	0.00791	0.00443	0.00506	0.00759	0.01044	0.01392	0.03005	0.80485	0.03606	0.01708	0.00696	0.00221	0.00316	0.01550	0.00506	0.00443
9	0.01297	0.01339	0.02138	0.34379	0.17793	0.08734	0.20043	0.04659	0.01274	0.01636	0.01016	0.01386	0.00785	0.00518	0.00564	0.00174	0.00779	0.00512	0.00272	0.00705
10	0.00787	0.00550	0.00706	0.00706	0.00744	0.00589	0.00469	0.00864	0.00826	0.01139	0.01616	0.03005	0.01738	0.50532	0.32749	0.00666	0.00896	0.00710	0.00315	0.00392
11	0.00668	0.00498	0.00622	0.00707	0.00780	0.00452	0.00486	0.00786	0.01128	0.01472	0.09396	0.57602	0.20240	0.01588	0.00680	0.00209	0.00303	0.01416	0.00514	0.00452
12	0.03788	0.31417	0.05846	0.01315	0.09349	0.09345	0.01058	0.18326	0.01505	0.04141	0.00989	0.01098	0.00794	0.00524	0.00446	0.00136	0.00620	0.00378	0.00336	0.08589

[dist]
# distance from previous block
# <min> <max>
0	4

[block]
# block no. 9 follows, 44 sequences, length 47
# corresponding to MSA columns:
# 378-424
name=unknown_J
#
# <colnr> <probs for GDERKNQSTAVLIFYWHMCP>
#	G	D	E	R	K	N	Q	S	T	A	V	L	I	F	Y	W	H	M	C	P
0	0.04231	0.55265	0.18266	0.01052	0.01558	0.01826	0.01123	0.03482	0.01144	0.01477	0.00951	0.05676	0.00873	0.00557	0.00410	0.00137	0.00608	0.00395	0.00260	0.00708
1	0.00785	0.00558	0.00742	0.00742	0.00793	0.00608	0.00514	0.00887	0.00836	0.01166	0.01583	0.02823	0.01659	0.40739	0.42434	0.00710	0.01015	0.00684	0.00310	0.00412
2	0.01414	0.71747	0.11895	0.01008	0.01515	0.02050	0.01063	0.01644	0.01113	0.01336	0.00784	0.00908	0.00699	0.00473	0.00370	0.00123	0.00610	0.00305	0.00233	0.00712
3	0.01138	0.02539	0.64820	0.01539	0.04283	0.01280	0.01838	0.01895	0.12056	0.01808	0.01159	0.01284	0.00836	0.00549	0.00524	0.00174	0.00747	0.00436	0.00278	0.00816
4	0.00663	0.00553	0.00578	0.00572	0.00748	0.00468	0.00429	0.00818	0.01286	0.01576	0.15922	0.05076	0.66754	0.01342	0.00644	0.00182	0.00273	0.01127	0.00520	0.00468
5	0.01193	0.01193	0.01670	0.01431	0.01431	0.01670	0.01193	0.01312	0.00835	0.01312	0.00716	0.01193	0.00716	0.00954	0.01789	0.00239	0.79843	0.00477	0.00239	0.00596
6	0.00793	0.00529	0.00595	0.00595	0.00595	0.00529	0.00330	0.00793	0.00793	0.01057	0.01718	0.03568	0.01982	0.80840	0.02775	0.00529	0.00529	0.00793	0.00330	0.00330
7	0.00793	0.00529	0.00595	0.00595	0.00595	0.00529	0.00330	0.00793	0.00793	0.01057	0.01718	0.03568	0.01982	0.80840	0.02775	0.00529	0.00529	0.00793	0.00330	0.00330
8	0.84691	0.01054	0.00801	0.00717	0.01054	0.01223	0.00590	0.01603	0.00928	0.02446	0.00759	0.00886	0.00590	0.00506	0.00337	0.00169	0.00422	0.00295	0.00337	0.00590
9	0.01458	0.81168	0.02857	0.00933	0.01399	0.02157	0.00933	0.01632	0.01108	0.01283	0.00758	0.00875	0.00700	0.00466	0.00350	0.00117	0.00583	0.00292	0.00233	0.00700
10	0.01349	0.01295	0.02213	0.03346	0.77440	0.01295	0.01673	0.01673	0.01241	0.01781	0.01025	0.01349	0.00864	0.00486	0.00540	0.00162	0.00648	0.00486	0.00270	0.00864
11	0.01272	0.01096	0.01154	0.01045	0.01337	0.01248	0.00811	0.02645	0.67306	0.02199	0.04300	0.02398	0.09172	0.00811	0.00566	0.00185	0.00412	0.00678	0.00551	0.00815
12	0.01036	0.00935	0.01097	0.01002	0.01032	0.06581	0.00750	0.01112	0.00885	0.01208	0.01305	0.02496	0.01418	0.37277	0.06688	0.00401	0.30618	0.03393	0.00296	0.00468
13	0.01110	0.01710	0.31314	0.03646	0.18637	0.01055	0.02848	0.01526	0.01207	0.01778	0.09297	0.04365	0.01342	0.00595	0.00523	0.00154	0.00614	0.00516	0.00309	0.17457
14	0.84691	0.01054	0.00801	0.00717	0.01054	0.01223	0.00590	0.01603	0.00928	0.02446	0.00759	0.00886	0.00590	0.00506	0.00337	0.00169	0.00422	0.00295	0.00337	0.00590
15	0.84691	0.01054	0.00801	0.00717	0.01054	0.01223	0.00590	0.01603	0.00928	0.02446	0.00759	0.00886	0.00590	0.00506	0.00337	0.00169	0.00422	0.00295	0.00337	0.00590
16	0.02037	0.02598	0.01545	0.01404	0.01685	0.78652	0.01053	0.02177	0.01545	0.01334	0.00843	0.00983	0.00702	0.00562	0.00492	0.00140	0.00983	0.00351	0.00281	0.00632
17	0.01458	0.81168	0.02857	0.00933	0.01399	0.02157	0.00933	0.01632	0.01108	0.01283	0.00758	0.00875	0.00700	0.00466	0.00350	0.00117	0.00583	0.00292	0.00233	0.00700
18	0.00802	0.00600	0.00849	0.00838	0.00908	0.00693	0.00625	0.00948	0.00855	0.01220	0.01484	0.02426	0.01475	0.21687	0.57454	0.00765	0.04990	0.00627	0.00298	0.00456
19	0.01093	0.02820	0.78016	0.01554	0.02360	0.01266	0.02014	0.01727	0.01151	0.01727	0.00978	0.01151	0.00691	0.00518	0.00518	0.00173	0.00806	0.00403	0.00230	0.00806
20	0.00646	0.00548	0.00557	0.00565	0.00740	0.00459	0.00420	0.00781	0.01231	0.01468	0.05374	0.09696	0.72866	0.01400	0.00647	0.00186	0.00279	0.01174	0.00506	0.00459
21	0.05749	0.00577	0.00695	0.00690	0.00740	0.00617	0.00455	0.00897	0.00827	0.01204	0.01581	0.02964	0.01706	0.52113	0.26343	0.00616	0.00813	0.00698	0.00319	0.00395
22	0.01347	0.01477	0.12435	0.01153	0.01504	0.09856	0.01022	0.10097	0.32008	0.02151	0.12629	0.02345	0.01958	0.00796	0.00570	0.00179	0.00547	0.06691	0.00478	0.00755
23	0.01551	0.12294	0.01815	0.01305	0.01522	0.05272	0.01100	0.25333	0.01462	0.01993	0.00918	0.01177	0.00781	0.00773	0.01132	0.00193	0.39869	0.00450	0.00339	0.00719
24	0.01242	0.14550	0.39594	0.01259	0.03416	0.01236	0.01400	0.01667	0.01163	0.05935	0.01008	0.01145	0.00764	0.00487	0.00463	0.00139	0.00640	0.00374	0.00281	0.23236
25	0.01055	0.05737	0.01708	0.74858	0.03615	0.01267	0.01479	0.01407	0.01091	0.01386	0.00956	0.01419	0.00725	0.00540	0.00533	0.00178	0.00718	0.00473	0.00242	0.00611
26	0.01215	0.01030	0.01107	0.01005	0.01275	0.01160	0.00777	0.02455	0.59306	0.02218	0.15196	0.02568	0.06644	0.00841	0.00575	0.00183	0.00393	0.00710	0.00560	0.00780
27	0.00860	0.00715	0.00794	0.00882	0.07728	0.03550	0.00591	0.01026	0.01277	0.05179	0.08141	0.07391	0.55561	0.01238	0.00629	0.00182	0.00352	0.02886	0.00489	0.00529
28	0.79748	0.01159	0.05367	0.00766	0.01131	0.01226	0.00675	0.01610	0.00941	0.02403	0.00772	0.00901	0.00596	0.00507	0.00348	0.00169	0.00444	0.00302	0.00331	0.00603
29	0.01193	0.01193	0.01670	0.01431	0.01431	0.01670	0.01193	0.01312	0.00835	0.01312	0.00716	0.01193	0.00716	0.00954	0.01789	0.00239	0.79843	0.00477	0.00239	0.00596
30	0.01791	0.01267	0.01459	0.01283	0.06008	0.01393	0.00976	0.29011	0.29798	0.15277	0.01749	0.01669	0.01261	0.00691	0.00598	0.00175	0.03620	0.00546	0.00542	0.00887
31	0.00768	0.00557	0.00724	0.00682	0.00812	0.00513	0.00512	0.01022	0.01535	0.02166	0.75098	0.04106	0.07210	0.01122	0.00643	0.00172	0.00258	0.00991	0.00597	0.00513
32	0.01373	0.01348	0.06191	0.02028	0.31330	0.02710	0.01266	0.07085	0.30816	0.02071	0.03940	0.01678	0.01300	0.00638	0.00596	0.00175	0.03663	0.00546	0.00407	0.00838
33	0.12211	0.01493	0.01387	0.01133	0.01485	0.12569	0.00914	0.42568	0.05855	0.02750	0.01250	0.01315	0.00931	0.00634	0.00532	0.00161	0.02862	0.00454	0.08708	0.00788
34	0.01108	0.00942	0.01105	0.00803	0.01260	0.00719	0.00638	0.01341	0.01111	0.01737	0.01009	0.01240	0.00863	0.02994	0.03185	0.00122	0.00444	0.00346	0.00322	0.78710
35	0.01269	0.20019	0.47890	0.01297	0.01934	0.01391	0.01541	0.03966	0.01213	0.06635	0.04026	0.01346	0.00966	0.03586	0.00573	0.00173	0.00695	0.00428	0.00288	0.00764
36	0.01361	0.60784	0.17797	0.01072	0.01581	0.01928	0.01151	0.01627	0.01114	0.01390	0.02303	0.01005	0.00786	0.00509	0.00446	0.00134	0.03725	0.00335	0.00240	0.00713
37	0.01356	0.01171	0.01233	0.01109	0.01418	0.01356	0.00863	0.02897	0.76455	0.02281	0.02219	0.02034	0.01664	0.00740	0.00555	0.00185	0.00431	0.00616	0.00555	0.00863
38	0.00859	0.00747	0.02845	0.05702	0.11800	0.00692	0.00856	0.01084	0.01225	0.01600	0.07972	0.15962	0.21684	0.01257	0.00662	0.00206	0.00441	0.23401	0.00456	0.00547
39	0.03318	0.01329	0.08378	0.24661	0.20431	0.02832	0.15995	0.01766	0.01246	0.12995	0.01178	0.01444	0.00865	0.00531	0.00555	0.00174	0.00712	0.00512	0.00322	0.00757
40	0.00945	0.00943	0.01770	0.01437	0.03433	0.00872	0.32981	0.01213	0.01200	0.01573	0.02718	0.27028	0.19370	0.01063	0.00658	0.00195	0.00576	0.01040	0.00401	0.00583
41	0.00855	0.00493	0.00565	0.00623	0.00707	0.00478	0.00439	0.01035	0.01098	0.01738	0.02342	0.38070	0.02412	0.01128	0.00526	0.00170	0.00283	0.00987	0.45574	0.00478
42	0.01429	0.29911	0.14967	0.03370	0.13215	0.05927	0.01229	0.01976	0.15936	0.05291	0.01198	0.01288	0.00944	0.00549	0.00469	0.00152	0.00621	0.00424	0.00325	0.00779
43	0.01376	0.03676	0.37128	0.01878	0.12331	0.01250	0.19665	0.01855	0.01254	0.12602	0.01178	0.01350	0.00841	0.00521	0.00552	0.00172	0.00759	0.00491	0.00310	0.00811
44	0.00663	0.00481	0.00626	0.00741	0.00786	0.00444	0.00498	0.00761	0.01061	0.01399	0.03220	0.74041	0.09910	0.01680	0.00691	0.00218	0.00313	0.01516	0.00506	0.00444
45	0.00799	0.00526	0.00599	0.00599	0.00599	0.00526	0.00336	0.00790	0.00790	0.01053	0.01689	0.03495	0.01943	0.77844	0.02750	0.03702	0.00526	0.00781	0.00327	0.00327
46	0.04110	0.00745	0.00872	0.00754	0.01003	0.00634	0.00553	0.01102	0.01031	0.01542	0.01673	0.18546	0.01795	0.19895	0.01047	0.00230	0.00421	0.04843	0.00374	0.38831

[dist]
