[name]
unknown

[dist]
# distance from previous block
# <min> <max>
0	17

[block]
# block no. 0 follows, 40 sequences, length 11
# corresponding to MSA columns:
# 17-27
name=unknown_A
#
# <colnr> <probs for GDERKNQSTAVLIFYWHMCP>
#	G	D	E	R	K	N	Q	S	T	A	V	L	I	F	Y	W	H	M	C	P
0	0.46546	0.01236	0.01231	0.06941	0.01584	0.06407	0.04912	0.03572	0.06405	0.10261	0.01254	0.01534	0.00981	0.00640	0.00475	0.00186	0.00560	0.04157	0.00413	0.00705
1	0.01487	0.01093	0.01535	0.23419	0.14078	0.03246	0.01183	0.01969	0.10974	0.16359	0.12594	0.02081	0.01765	0.00708	0.00589	0.00180	0.00581	0.00615	0.00459	0.05085
2	0.01678	0.04508	0.02046	0.19325	0.22047	0.17841	0.06973	0.11421	0.01559	0.05453	0.01131	0.01391	0.00875	0.00580	0.00568	0.00173	0.00791	0.00496	0.00342	0.00801
3	0.01133	0.01058	0.01690	0.21940	0.35520	0.01098	0.01354	0.01430	0.01273	0.01693	0.02354	0.05989	0.19419	0.00828	0.00612	0.00187	0.00599	0.00743	0.00354	0.00724
4	0.01439	0.01154	0.01817	0.17441	0.36256	0.01146	0.01381	0.01750	0.01322	0.11681	0.01600	0.01820	0.06663	0.00619	0.00568	0.00168	0.00617	0.00558	0.00366	0.11633
5	0.18454	0.01110	0.01623	0.36706	0.10791	0.01262	0.04970	0.01756	0.05330	0.07122	0.01259	0.01711	0.00989	0.00630	0.00551	0.00191	0.00660	0.03821	0.00349	0.00714
6	0.01210	0.01095	0.01689	0.49086	0.12787	0.01285	0.01443	0.05114	0.10580	0.01763	0.01393	0.07535	0.01165	0.00700	0.00594	0.00194	0.00684	0.00622	0.00341	0.00720
7	0.26008	0.04937	0.01477	0.01149	0.01531	0.09871	0.06415	0.14998	0.10839	0.09057	0.01365	0.01425	0.01015	0.00627	0.00497	0.00173	0.00591	0.00472	0.06775	0.00778
8	0.22056	0.01329	0.01642	0.02071	0.33110	0.05283	0.01201	0.10283	0.04921	0.02273	0.03662	0.01729	0.06765	0.00655	0.00532	0.00177	0.00590	0.00537	0.00385	0.00799
9	0.01179	0.01024	0.01341	0.14774	0.12611	0.04510	0.01007	0.07017	0.04107	0.02133	0.32529	0.02763	0.04626	0.00854	0.00613	0.00175	0.00506	0.00744	0.00475	0.07013
10	0.01371	0.01192	0.01697	0.13757	0.29821	0.04633	0.01264	0.01698	0.02957	0.07050	0.04524	0.01806	0.04908	0.00751	0.03364	0.00188	0.00643	0.00546	0.00361	0.17469

[dist]
# distance from previous block
# <min> <max>
2	11

[block]
# block no. 1 follows, 40 sequences, length 6
# corresponding to MSA columns:
# 39-44
name=unknown_B
#
# <colnr> <probs for GDERKNQSTAVLIFYWHMCP>
#	G	D	E	R	K	N	Q	S	T	A	V	L	I	F	Y	W	H	M	C	P
0	0.01250	0.01230	0.01478	0.06059	0.18093	0.12298	0.02716	0.01596	0.07264	0.01721	0.07751	0.13670	0.06236	0.01217	0.06319	0.00250	0.05970	0.03799	0.00402	0.00680
1	0.01282	0.01130	0.01789	0.45857	0.06062	0.01299	0.06681	0.07707	0.01303	0.04055	0.01137	0.01613	0.00899	0.04471	0.00786	0.00205	0.06103	0.00535	0.00315	0.06773
2	0.01200	0.01012	0.01643	0.11617	0.38108	0.01044	0.01241	0.01369	0.01103	0.01529	0.01213	0.01974	0.01151	0.16110	0.01363	0.16163	0.00641	0.00579	0.00290	0.00649
3	0.01050	0.11472	0.01232	0.00924	0.01046	0.05348	0.00704	0.01172	0.00974	0.01283	0.01443	0.02471	0.01486	0.29605	0.29705	0.00589	0.08038	0.00634	0.00311	0.00511
4	0.01330	0.01187	0.01791	0.06422	0.39371	0.01165	0.01311	0.06532	0.03919	0.02000	0.05284	0.08633	0.01443	0.00680	0.00570	0.00164	0.00580	0.00621	0.00369	0.16626
5	0.01682	0.05559	0.01955	0.01930	0.19398	0.22473	0.07799	0.07396	0.16268	0.01973	0.01306	0.01444	0.01033	0.00598	0.00555	0.00165	0.00744	0.00499	0.00376	0.06846

[dist]
# distance from previous block
# <min> <max>
1	3

[block]
# block no. 2 follows, 40 sequences, length 40
# corresponding to MSA columns:
# 48-87
name=unknown_C
#
# <colnr> <probs for GDERKNQSTAVLIFYWHMCP>
#	G	D	E	R	K	N	Q	S	T	A	V	L	I	F	Y	W	H	M	C	P
0	0.01199	0.04564	0.01498	0.01397	0.09806	0.09829	0.10706	0.01486	0.07232	0.01526	0.01857	0.10045	0.04945	0.28315	0.02841	0.00331	0.00670	0.00784	0.00372	0.00598
1	0.07662	0.00686	0.00802	0.00758	0.00888	0.00708	0.00561	0.01061	0.01268	0.01826	0.29627	0.03885	0.19730	0.16148	0.05563	0.00306	0.06592	0.00924	0.00491	0.00510
2	0.20907	0.04425	0.01612	0.11498	0.11288	0.04353	0.04541	0.09586	0.12194	0.02204	0.01373	0.01825	0.01144	0.00703	0.00601	0.00191	0.04026	0.06379	0.00395	0.00756
3	0.01651	0.58695	0.02681	0.01128	0.01554	0.13233	0.01042	0.04950	0.01294	0.01479	0.00844	0.00998	0.00759	0.00564	0.00531	0.00141	0.07105	0.00346	0.00271	0.00737
4	0.04090	0.02741	0.13819	0.01279	0.05209	0.01093	0.03338	0.09950	0.01562	0.29051	0.04155	0.01631	0.01222	0.00621	0.00544	0.00160	0.00575	0.00507	0.00495	0.17957
5	0.01203	0.01609	0.20081	0.08249	0.10928	0.05834	0.03959	0.01815	0.13869	0.01948	0.14445	0.02429	0.09577	0.00796	0.00604	0.00185	0.00621	0.00682	0.00414	0.00753
6	0.00768	0.00588	0.00703	0.00683	0.00837	0.00524	0.00509	0.00987	0.01503	0.02012	0.46558	0.08337	0.31236	0.01323	0.00689	0.00190	0.00285	0.01145	0.00599	0.00524
7	0.01634	0.01308	0.02412	0.13137	0.23787	0.01280	0.26333	0.02008	0.01395	0.18744	0.01387	0.01622	0.01005	0.00563	0.00617	0.00185	0.00758	0.00591	0.00384	0.00851
8	0.01455	0.01734	0.17790	0.02548	0.36830	0.02965	0.10039	0.02044	0.10883	0.06019	0.01320	0.01526	0.01014	0.00570	0.00585	0.00181	0.00727	0.00538	0.00343	0.00891
9	0.01204	0.01145	0.01456	0.04618	0.02649	0.07973	0.07289	0.04646	0.05416	0.01908	0.24318	0.08925	0.04861	0.01015	0.00958	0.00204	0.19518	0.00806	0.00447	0.00643
10	0.01010	0.00505	0.00758	0.00758	0.00758	0.00505	0.00505	0.00758	0.00758	0.01010	0.01010	0.01768	0.01010	0.02020	0.02273	0.83081	0.00505	0.00505	0.00253	0.00253
11	0.01550	0.63445	0.08894	0.01097	0.01591	0.08708	0.01099	0.01777	0.01233	0.01428	0.00933	0.01207	0.00857	0.00558	0.00419	0.00138	0.00675	0.03385	0.00265	0.00740
12	0.08052	0.01128	0.01382	0.01124	0.01392	0.01248	0.00913	0.04646	0.03951	0.01818	0.01036	0.01400	0.00920	0.04001	0.04066	0.00216	0.29119	0.00453	0.00332	0.32803
13	0.01625	0.04941	0.02042	0.13888	0.32788	0.14082	0.02789	0.12317	0.06255	0.02023	0.01167	0.01412	0.00927	0.00583	0.00563	0.00172	0.00743	0.00498	0.00346	0.00838
14	0.01154	0.07344	0.01393	0.01579	0.20959	0.00913	0.00953	0.01357	0.01270	0.08116	0.05906	0.34368	0.06057	0.01212	0.00652	0.00203	0.00474	0.04953	0.00469	0.00667
15	0.01775	0.01412	0.01500	0.01250	0.01637	0.01600	0.01000	0.33554	0.43886	0.02962	0.01950	0.01837	0.01437	0.00750	0.00587	0.00187	0.00537	0.00600	0.00587	0.00950
16	0.01480	0.01017	0.01243	0.07093	0.01541	0.01046	0.00854	0.02156	0.24503	0.16846	0.10290	0.02298	0.03431	0.05519	0.00781	0.00198	0.04165	0.00641	0.00524	0.14374
17	0.01481	0.01393	0.07907	0.28248	0.12464	0.06553	0.01372	0.05606	0.12131	0.10071	0.01491	0.04925	0.01162	0.00678	0.00580	0.00186	0.00680	0.00577	0.01707	0.00789
18	0.01433	0.01605	0.13480	0.05769	0.12636	0.01344	0.33617	0.01927	0.04562	0.09090	0.04544	0.01676	0.01151	0.00595	0.00681	0.00191	0.03915	0.00615	0.00352	0.00817
19	0.02172	0.02772	0.01648	0.01498	0.01798	0.77228	0.01124	0.02322	0.01648	0.01423	0.00899	0.01049	0.00749	0.00599	0.00524	0.00150	0.01049	0.00375	0.00300	0.00674
20	0.00811	0.00588	0.00825	0.00902	0.00981	0.00614	0.00684	0.00981	0.01081	0.01470	0.02495	0.30911	0.02761	0.07152	0.28940	0.00518	0.00841	0.16504	0.00444	0.00496
21	0.01804	0.03822	0.17345	0.05283	0.12351	0.01207	0.07312	0.08261	0.01554	0.28108	0.05885	0.01752	0.01322	0.00651	0.00585	0.00180	0.00654	0.00563	0.00474	0.00887
22	0.01526	0.01406	0.02051	0.21587	0.32213	0.09461	0.07452	0.04476	0.01414	0.07881	0.04070	0.01591	0.01085	0.00589	0.00586	0.00179	0.00740	0.00543	0.00342	0.00808
23	0.00738	0.00567	0.00683	0.00763	0.00880	0.00513	0.00566	0.00885	0.01237	0.01562	0.04281	0.37078	0.33110	0.01644	0.00730	0.00225	0.00353	0.13155	0.00539	0.00490
24	0.83671	0.01125	0.00855	0.00765	0.01125	0.01305	0.00630	0.01709	0.00990	0.02609	0.00810	0.00945	0.00630	0.00540	0.00360	0.00180	0.00450	0.00315	0.00360	0.00630
25	0.00718	0.00513	0.00683	0.00803	0.00846	0.00479	0.00541	0.00833	0.01157	0.01554	0.09175	0.73014	0.03981	0.01770	0.00738	0.00232	0.00332	0.01604	0.00548	0.00479
26	0.01700	0.01464	0.06308	0.08392	0.05074	0.12580	0.09664	0.11955	0.01586	0.15213	0.05926	0.04121	0.01375	0.00781	0.00690	0.05396	0.00680	0.00591	0.05745	0.00758
27	0.12535	0.07546	0.01528	0.04306	0.06193	0.01173	0.05171	0.06075	0.04640	0.22749	0.08080	0.04307	0.01607	0.04455	0.00715	0.00198	0.03651	0.00607	0.03690	0.00773
28	0.06476	0.35864	0.02251	0.06873	0.04493	0.18286	0.01089	0.12894	0.01526	0.03947	0.00987	0.01122	0.00805	0.00566	0.00466	0.00149	0.00718	0.00388	0.00332	0.00767
29	0.01450	0.00948	0.01146	0.00871	0.01289	0.00776	0.00692	0.03899	0.01385	0.16828	0.10434	0.01893	0.01621	0.03647	0.00593	0.00140	0.00428	0.00513	0.04367	0.47080
30	0.06832	0.02677	0.01603	0.01456	0.01759	0.72887	0.01095	0.02287	0.01610	0.01491	0.00894	0.01043	0.00742	0.00596	0.00515	0.00152	0.01014	0.00371	0.00303	0.00672
31	0.05672	0.15237	0.04680	0.13935	0.01965	0.04373	0.01104	0.15470	0.03087	0.18654	0.01467	0.05887	0.01145	0.00711	0.00599	0.00177	0.04032	0.00546	0.00449	0.00809
32	0.01338	0.17017	0.05155	0.01177	0.04864	0.05631	0.00956	0.01666	0.07308	0.07533	0.05186	0.08883	0.09321	0.01110	0.05434	0.00228	0.11182	0.00681	0.02942	0.02389
33	0.01355	0.05474	0.08726	0.01341	0.07743	0.01171	0.04859	0.06866	0.10384	0.09875	0.12876	0.02694	0.15232	0.00900	0.00729	0.00189	0.07619	0.00735	0.00478	0.00753
34	0.05084	0.11230	0.06681	0.07072	0.05975	0.04280	0.08328	0.07848	0.06750	0.22861	0.02777	0.01748	0.01211	0.00671	0.00598	0.00180	0.02707	0.02698	0.00461	0.00839
35	0.01265	0.01031	0.01180	0.09045	0.07619	0.08408	0.00889	0.04208	0.08390	0.08219	0.02493	0.23418	0.09195	0.07595	0.00837	0.00232	0.00542	0.04312	0.00473	0.00649
36	0.04864	0.01169	0.01512	0.23028	0.16899	0.07606	0.01179	0.01593	0.03460	0.01793	0.04815	0.07070	0.01336	0.00686	0.00574	0.00169	0.02212	0.00583	0.07136	0.12317
37	0.05588	0.06753	0.19025	0.01554	0.10170	0.08813	0.03414	0.11952	0.01541	0.13731	0.01352	0.04767	0.01050	0.00640	0.00544	0.00168	0.00684	0.00513	0.00404	0.07338
38	0.08477	0.05050	0.01731	0.11314	0.04685	0.04335	0.08205	0.27526	0.01781	0.04813	0.01286	0.01460	0.00963	0.00612	0.00532	0.00166	0.00631	0.00499	0.10167	0.05767
39	0.04504	0.01047	0.01322	0.04429	0.01513	0.04191	0.08194	0.04477	0.10089	0.09188	0.10043	0.04923	0.13628	0.03406	0.03472	0.00212	0.00551	0.00735	0.00476	0.13601

[dist]
# distance from previous block
# <min> <max>
4	22

[block]
# block no. 3 follows, 40 sequences, length 15
# corresponding to MSA columns:
# 136-143,154-160
name=unknown_D
#
# <colnr> <probs for GDERKNQSTAVLIFYWHMCP>
#	G	D	E	R	K	N	Q	S	T	A	V	L	I	F	Y	W	H	M	C	P
0	0.01480	0.34806	0.06700	0.03320	0.05685	0.09429	0.02822	0.04543	0.03748	0.04329	0.13014	0.04770	0.01705	0.00702	0.00511	0.00157	0.00621	0.00551	0.00371	0.00735
1	0.01257	0.01285	0.14805	0.01297	0.09563	0.00887	0.01069	0.01597	0.01384	0.10103	0.18130	0.02544	0.04351	0.00780	0.00577	0.00162	0.00512	0.05854	0.00447	0.23394
2	0.01257	0.06527	0.06419	0.01244	0.01629	0.01041	0.16821	0.05941	0.03233	0.08619	0.09580	0.10076	0.18586	0.00947	0.00629	0.00184	0.00556	0.00854	0.00466	0.05392
3	0.01363	0.07107	0.44354	0.12302	0.03936	0.01362	0.05339	0.01960	0.05457	0.09557	0.01241	0.01407	0.00886	0.00580	0.00558	0.00182	0.00775	0.00478	0.00320	0.00837
4	0.00745	0.00529	0.00693	0.00792	0.00839	0.00499	0.00537	0.00862	0.01155	0.01555	0.11412	0.59657	0.03832	0.09996	0.00974	0.00266	0.00362	0.04294	0.00531	0.00471
5	0.09469	0.00631	0.00702	0.00690	0.00747	0.00660	0.00438	0.00973	0.00916	0.01376	0.05775	0.03352	0.02066	0.57847	0.11603	0.00548	0.00657	0.00775	0.00364	0.00412
6	0.01494	0.47307	0.08495	0.01154	0.01602	0.01913	0.03603	0.09997	0.01396	0.01791	0.08697	0.01415	0.01273	0.00639	0.00580	0.00154	0.06953	0.00451	0.00330	0.00755
7	0.00843	0.00651	0.00777	0.00754	0.00913	0.00620	0.00561	0.01210	0.09137	0.02066	0.43310	0.13047	0.21353	0.01287	0.00683	0.00194	0.00306	0.01121	0.00600	0.00565
8	0.01237	0.00985	0.01150	0.00844	0.01323	0.00750	0.00673	0.01482	0.01246	0.06400	0.01616	0.01710	0.08691	0.00557	0.00467	0.00103	0.00420	0.00451	0.00388	0.69505
9	0.01604	0.46417	0.02552	0.01172	0.01664	0.01822	0.09067	0.04529	0.06718	0.08344	0.01144	0.01236	0.00921	0.00537	0.00457	0.00140	0.00617	0.00414	0.00344	0.10299
10	0.01969	0.11275	0.01845	0.01257	0.01703	0.01620	0.05026	0.43031	0.06636	0.11434	0.01803	0.01771	0.06540	0.00726	0.00570	0.00173	0.00603	0.00573	0.00538	0.00907
11	0.11842	0.37958	0.10744	0.01073	0.01515	0.01711	0.01054	0.01774	0.01199	0.10316	0.01377	0.01468	0.06318	0.00661	0.00600	0.00164	0.08700	0.00445	0.00339	0.00743
12	0.01215	0.22793	0.03404	0.17423	0.05773	0.01341	0.00993	0.06685	0.01269	0.01624	0.05446	0.04598	0.07911	0.16042	0.01004	0.00245	0.00599	0.00645	0.00351	0.00638
13	0.00887	0.00763	0.00892	0.09777	0.01301	0.06224	0.00716	0.01047	0.01214	0.01558	0.07582	0.51143	0.07634	0.01483	0.00694	0.00216	0.00441	0.03191	0.00491	0.02746
14	0.08404	0.10697	0.07485	0.06628	0.11000	0.09824	0.08787	0.13620	0.10821	0.05339	0.01278	0.01411	0.00972	0.00602	0.00543	0.00174	0.00705	0.00494	0.00390	0.00827

[dist]
# distance from previous block
# <min> <max>
0	8

[block]
# block no. 4 follows, 40 sequences, length 22
# corresponding to MSA columns:
# 176-197
name=unknown_E
#
# <colnr> <probs for GDERKNQSTAVLIFYWHMCP>
#	G	D	E	R	K	N	Q	S	T	A	V	L	I	F	Y	W	H	M	C	P
0	0.01290	0.12897	0.09710	0.22374	0.20783	0.01413	0.04393	0.01727	0.05607	0.01716	0.01120	0.01428	0.00899	0.00675	0.03187	0.00192	0.00722	0.00480	0.00295	0.09091
1	0.04220	0.01087	0.03875	0.16539	0.15235	0.01040	0.03035	0.05253	0.01429	0.12572	0.11152	0.02439	0.09838	0.00777	0.00593	0.00178	0.00561	0.02324	0.00442	0.07412
2	0.01320	0.07689	0.13540	0.22828	0.04259	0.01144	0.04911	0.01665	0.01287	0.12823	0.01882	0.09742	0.05102	0.00858	0.00610	0.00196	0.00650	0.08377	0.00398	0.00718
3	0.01429	0.01549	0.01273	0.08569	0.04546	0.31284	0.00934	0.01602	0.01338	0.01523	0.01803	0.19083	0.05235	0.04873	0.00756	0.00199	0.03891	0.00764	0.06886	0.02464
4	0.01146	0.04382	0.01341	0.01023	0.01328	0.01044	0.00832	0.01363	0.01101	0.01675	0.04253	0.01554	0.01148	0.01365	0.15809	0.00295	0.17898	0.00464	0.00327	0.41654
5	0.00878	0.00658	0.00947	0.00993	0.01129	0.00634	0.03899	0.01119	0.01355	0.01805	0.17463	0.20464	0.06396	0.01514	0.00759	0.00239	0.00454	0.38211	0.00547	0.00534
6	0.02068	0.01771	0.05514	0.01544	0.05613	0.07705	0.05522	0.56911	0.02423	0.03203	0.01311	0.01373	0.00948	0.00662	0.00582	0.00174	0.00706	0.00517	0.00511	0.00942
7	0.01290	0.06058	0.47422	0.01442	0.04094	0.01225	0.01634	0.01858	0.04313	0.08397	0.10434	0.01708	0.01442	0.00645	0.00558	0.00175	0.00697	0.00521	0.00357	0.05729
8	0.01300	0.20852	0.33433	0.01326	0.01873	0.02919	0.01458	0.05808	0.04896	0.01810	0.02537	0.06500	0.01321	0.00768	0.00605	0.00183	0.03810	0.07494	0.00336	0.00770
9	0.01299	0.18032	0.48257	0.01686	0.09745	0.04605	0.01783	0.01803	0.01234	0.01717	0.01017	0.01226	0.00787	0.00692	0.03589	0.00200	0.00831	0.00421	0.00255	0.00822
10	0.01322	0.01309	0.06035	0.02877	0.02232	0.01147	0.39758	0.02896	0.02573	0.09310	0.04151	0.02676	0.17735	0.00787	0.00668	0.00195	0.00729	0.02453	0.00412	0.00736
11	0.01574	0.01622	0.16206	0.07834	0.24398	0.03662	0.09473	0.03292	0.04982	0.15547	0.01575	0.01721	0.04197	0.00623	0.00590	0.00182	0.00707	0.00565	0.00389	0.00861
12	0.00831	0.00623	0.00935	0.00935	0.01038	0.00727	0.00727	0.01038	0.00935	0.01350	0.01558	0.02285	0.01454	0.04361	0.77259	0.00935	0.01558	0.00623	0.00312	0.00519
13	0.00725	0.00564	0.00665	0.00737	0.00858	0.00504	0.00540	0.00867	0.01239	0.01554	0.04448	0.36371	0.37416	0.01634	0.00724	0.00221	0.00340	0.09567	0.00539	0.00488
14	0.01293	0.00853	0.01297	0.33073	0.02306	0.00923	0.01062	0.01591	0.01386	0.16868	0.22199	0.07069	0.02433	0.01015	0.03921	0.00222	0.00587	0.00752	0.00477	0.00673
15	0.01337	0.01251	0.01984	0.08890	0.45062	0.01190	0.03425	0.01664	0.01276	0.01863	0.01073	0.01380	0.00890	0.00496	0.00535	0.00149	0.00626	0.00469	0.00303	0.26137
16	0.05863	0.00648	0.00722	0.00783	0.00889	0.02991	0.00551	0.01120	0.01176	0.05423	0.02743	0.51612	0.04454	0.01421	0.00638	0.00207	0.00361	0.01253	0.16618	0.00528
17	0.00747	0.00578	0.00688	0.00743	0.00875	0.00519	0.00558	0.00913	0.01302	0.01658	0.12603	0.27055	0.35804	0.01563	0.00721	0.00217	0.00341	0.12066	0.00551	0.00499
18	0.01926	0.02622	0.10071	0.01549	0.11217	0.01177	0.04719	0.10495	0.08328	0.32218	0.01894	0.02132	0.01399	0.00740	0.00601	0.00188	0.00603	0.06675	0.00540	0.00907
19	0.01402	0.01334	0.02264	0.03397	0.71366	0.01331	0.01709	0.01743	0.01344	0.01926	0.05631	0.01616	0.01199	0.00559	0.00582	0.00173	0.00665	0.00551	0.00309	0.00898
20	0.01122	0.01048	0.01479	0.01312	0.01343	0.01414	0.01070	0.01268	0.00902	0.01373	0.01046	0.01683	0.01027	0.05359	0.24470	0.00471	0.52190	0.00557	0.00276	0.00589
21	0.75600	0.03105	0.01006	0.02654	0.04983	0.01333	0.00719	0.01709	0.01015	0.02517	0.00829	0.00983	0.00651	0.00539	0.00376	0.00178	0.00474	0.00330	0.00351	0.00648

[dist]
# distance from previous block
# <min> <max>
1	2

[block]
# block no. 5 follows, 40 sequences, length 26
# corresponding to MSA columns:
# 200-225
name=unknown_F
#
# <colnr> <probs for GDERKNQSTAVLIFYWHMCP>
#	G	D	E	R	K	N	Q	S	T	A	V	L	I	F	Y	W	H	M	C	P
0	0.03410	0.56768	0.02612	0.01131	0.01570	0.23193	0.01023	0.01903	0.01308	0.01409	0.00834	0.00965	0.00745	0.00527	0.00415	0.00133	0.00737	0.00329	0.00265	0.00724
1	0.00881	0.00662	0.00924	0.00894	0.00995	0.00746	0.00675	0.01051	0.00938	0.01362	0.01552	0.02455	0.01512	0.17578	0.54013	0.00769	0.05096	0.00642	0.02716	0.04538
2	0.03526	0.05197	0.08181	0.02483	0.42125	0.04596	0.01474	0.04936	0.07499	0.06353	0.05670	0.02846	0.01301	0.00626	0.00568	0.00175	0.00648	0.00555	0.00372	0.00868
3	0.01799	0.01166	0.01848	0.17594	0.32922	0.01172	0.01395	0.02132	0.02733	0.29044	0.01543	0.01672	0.01097	0.00609	0.00580	0.00180	0.00632	0.00545	0.00445	0.00891
4	0.01020	0.00660	0.00881	0.00969	0.01118	0.00647	0.00827	0.01274	0.01331	0.05548	0.03031	0.08305	0.06573	0.01444	0.00734	0.00242	0.00481	0.53327	0.11034	0.00555
5	0.02644	0.01303	0.14639	0.05665	0.01668	0.01005	0.03513	0.06251	0.01436	0.25983	0.11098	0.02329	0.01817	0.13626	0.01036	0.00248	0.03839	0.00649	0.00491	0.00760
6	0.01043	0.00846	0.01316	0.44457	0.02675	0.00995	0.01206	0.01372	0.01195	0.01649	0.01655	0.04687	0.01501	0.00988	0.03879	0.00230	0.00663	0.14161	0.14884	0.00597
7	0.01461	0.69799	0.02758	0.00961	0.01413	0.02078	0.00938	0.01659	0.01241	0.01491	0.10349	0.01368	0.01351	0.00586	0.00413	0.00132	0.00578	0.00405	0.00299	0.00721
8	0.00988	0.00789	0.00891	0.00831	0.01034	0.00789	0.00649	0.10368	0.05123	0.02000	0.15632	0.09338	0.37844	0.01305	0.00741	0.00202	0.04191	0.06142	0.00550	0.00594
9	0.01412	0.01546	0.09843	0.03377	0.68530	0.01379	0.01821	0.01790	0.01314	0.01894	0.01089	0.01418	0.00903	0.00522	0.00573	0.00174	0.00708	0.00509	0.00284	0.00915
10	0.01096	0.00879	0.01033	0.03196	0.01246	0.00950	0.00756	0.06230	0.25117	0.02110	0.18583	0.11303	0.10483	0.01526	0.10419	0.00293	0.00552	0.03004	0.00544	0.00680
11	0.02035	0.02550	0.01660	0.11274	0.02079	0.67546	0.01186	0.02215	0.01586	0.01431	0.00916	0.01113	0.00752	0.00597	0.00532	0.00155	0.01014	0.00393	0.00294	0.00671
12	0.01307	0.04043	0.03826	0.08097	0.04370	0.18523	0.00914	0.01533	0.01336	0.01715	0.13430	0.02054	0.04023	0.01095	0.07117	0.05100	0.00692	0.00568	0.07241	0.13016
13	0.01076	0.06253	0.13330	0.05749	0.01665	0.03555	0.07891	0.01357	0.01199	0.01579	0.01961	0.09430	0.02029	0.11216	0.03046	0.03761	0.00679	0.23245	0.00383	0.00594
14	0.01284	0.01423	0.03023	0.02210	0.02707	0.01354	0.61978	0.01713	0.01323	0.01799	0.01421	0.11455	0.01256	0.00678	0.00736	0.00203	0.03570	0.00803	0.00324	0.00739
15	0.00995	0.00869	0.05907	0.00984	0.01058	0.00879	0.00780	0.01020	0.00909	0.01273	0.01581	0.10830	0.04590	0.15465	0.06373	0.26091	0.18900	0.00727	0.00318	0.00450
16	0.04929	0.01160	0.01232	0.01095	0.01397	0.01311	0.00841	0.06202	0.54499	0.06685	0.02182	0.02278	0.01712	0.10815	0.00883	0.00241	0.00484	0.00656	0.00559	0.00843
17	0.01517	0.03773	0.40120	0.04676	0.02123	0.01151	0.04120	0.01989	0.01355	0.20801	0.04959	0.04227	0.01259	0.00660	0.00569	0.00179	0.00696	0.00546	0.00402	0.04877
18	0.04406	0.01467	0.09415	0.06462	0.02045	0.06403	0.16794	0.07638	0.10065	0.16379	0.01753	0.11509	0.01441	0.00777	0.00612	0.00191	0.00679	0.00703	0.00460	0.00802
19	0.01316	0.01283	0.02310	0.02830	0.47117	0.01254	0.16956	0.01680	0.01391	0.01968	0.14264	0.01979	0.01719	0.00631	0.00619	0.00180	0.00679	0.00648	0.00351	0.00826
20	0.00738	0.00516	0.00669	0.00782	0.00830	0.00482	0.00527	0.00857	0.01147	0.01563	0.06721	0.67864	0.05628	0.02962	0.00754	0.00232	0.00333	0.01534	0.05384	0.00479
21	0.01185	0.01483	0.16848	0.29062	0.21880	0.01242	0.02691	0.01660	0.04439	0.01819	0.10622	0.01840	0.01451	0.00644	0.00589	0.00185	0.00696	0.00576	0.00327	0.00762
22	0.01317	0.01240	0.01961	0.40302	0.31883	0.02836	0.01615	0.04747	0.05093	0.01787	0.01138	0.01523	0.00892	0.00573	0.00579	0.00184	0.00726	0.00522	0.00301	0.00783
23	0.01002	0.00768	0.01165	0.25036	0.05068	0.00827	0.01025	0.01246	0.01220	0.05224	0.02449	0.30067	0.04669	0.01271	0.00689	0.00223	0.00538	0.16478	0.00450	0.00585
24	0.14368	0.00720	0.00769	0.00697	0.00922	0.00709	0.00541	0.01546	0.01274	0.15030	0.07466	0.02506	0.11059	0.00888	0.00607	0.05563	0.00357	0.00635	0.33734	0.00609
25	0.04085	0.03727	0.03871	0.01113	0.04501	0.00993	0.00885	0.06868	0.07820	0.39146	0.11652	0.04771	0.06312	0.00836	0.00594	0.00182	0.00480	0.00693	0.00614	0.00857

[dist]
# distance from previous block
# <min> <max>
0	5

[block]
# block no. 6 follows, 40 sequences, length 11
# corresponding to MSA columns:
# 231-241
name=unknown_G
#
# <colnr> <probs for GDERKNQSTAVLIFYWHMCP>
#	G	D	E	R	K	N	Q	S	T	A	V	L	I	F	Y	W	H	M	C	P
0	0.01233	0.08655	0.01989	0.50774	0.19824	0.01415	0.01565	0.01645	0.04319	0.01608	0.01082	0.01493	0.00848	0.00568	0.00561	0.00183	0.00728	0.00503	0.00278	0.00729
1	0.00826	0.00605	0.00820	0.08171	0.01123	0.00636	0.00628	0.00945	0.01004	0.01348	0.02224	0.28447	0.02506	0.29561	0.14683	0.00469	0.00679	0.04463	0.00407	0.00458
2	0.01485	0.04164	0.01497	0.05719	0.19954	0.00995	0.01063	0.01714	0.01316	0.21245	0.03463	0.21020	0.01959	0.01159	0.04477	0.00234	0.03952	0.03353	0.00476	0.00753
3	0.13680	0.00860	0.00995	0.01030	0.04793	0.00894	0.00721	0.13824	0.01414	0.05242	0.02331	0.43555	0.02519	0.01274	0.00628	0.00207	0.00428	0.01107	0.03863	0.00633
4	0.00730	0.00527	0.00694	0.00803	0.00860	0.00491	0.00555	0.00860	0.01191	0.01591	0.11063	0.64260	0.07449	0.01727	0.00736	0.00230	0.00338	0.04859	0.00550	0.00484
5	0.01557	0.34039	0.07215	0.01442	0.09611	0.01770	0.04204	0.16780	0.06420	0.02037	0.01325	0.08686	0.01185	0.00691	0.00513	0.00162	0.00626	0.00552	0.00374	0.00810
6	0.01987	0.14533	0.11512	0.01127	0.01650	0.01283	0.01059	0.12291	0.01611	0.33200	0.01576	0.01513	0.01086	0.00616	0.00523	0.00157	0.00575	0.00476	0.00506	0.12720
7	0.05874	0.05140	0.28223	0.02064	0.21055	0.15735	0.04774	0.04446	0.01365	0.01851	0.01016	0.01244	0.00797	0.00568	0.00590	0.00175	0.03528	0.00449	0.00287	0.00817
8	0.01218	0.04194	0.10032	0.01529	0.01939	0.01222	0.25929	0.08399	0.01467	0.01986	0.12623	0.04092	0.14665	0.00858	0.00751	0.00194	0.07006	0.00781	0.00409	0.00707
9	0.00911	0.00755	0.01046	0.31445	0.02053	0.00816	0.00908	0.01170	0.01234	0.01621	0.03229	0.07206	0.31230	0.01018	0.00606	0.00188	0.00484	0.00864	0.12655	0.00559
10	0.01107	0.00908	0.01282	0.15486	0.11713	0.02265	0.02794	0.07305	0.01437	0.01986	0.18253	0.17950	0.05333	0.01007	0.00625	0.00189	0.00498	0.00895	0.08325	0.00643

[dist]
# distance from previous block
# <min> <max>
0	77

# created by:
# /home/berkeley/.conda/envs/busco_data_prod/bin/msa2prfl.pl pipeline/OGs_align_augustus/33634/157052.fs
