[name]
unknown

[dist]
# distance from previous block
# <min> <max>
7	515

[block]
# block no. 0 follows, 42 sequences, length 10
# corresponding to MSA columns:
# 530-539
name=unknown_A
#
# <colnr> <probs for GDERKNQSTAVLIFYWHMCP>
#	G	D	E	R	K	N	Q	S	T	A	V	L	I	F	Y	W	H	M	C	P
0	0.02899	0.06829	0.13261	0.04151	0.11027	0.01247	0.06837	0.03497	0.03812	0.12352	0.03349	0.05056	0.01164	0.00672	0.00702	0.00172	0.10565	0.00539	0.00370	0.11499
1	0.04662	0.19503	0.22278	0.06795	0.03652	0.03065	0.01275	0.05586	0.03337	0.11545	0.02629	0.01340	0.00958	0.00638	0.01826	0.00171	0.03068	0.00434	0.00347	0.06891
2	0.16514	0.20937	0.22648	0.03113	0.04309	0.08339	0.01257	0.04534	0.01251	0.06620	0.01048	0.01282	0.00836	0.00580	0.00497	0.00164	0.02378	0.02633	0.00315	0.00744
3	0.10471	0.19882	0.15128	0.01146	0.01606	0.12084	0.01090	0.03609	0.13508	0.06845	0.01274	0.03605	0.01018	0.00608	0.00478	0.00157	0.00628	0.00448	0.00365	0.06049
4	0.06450	0.15009	0.23105	0.01308	0.07482	0.01223	0.01213	0.01703	0.01212	0.13626	0.01511	0.15002	0.01362	0.00769	0.00561	0.00173	0.02636	0.00625	0.00375	0.04656
5	0.04133	0.17783	0.35444	0.12247	0.02248	0.07705	0.01546	0.06604	0.01297	0.01750	0.01038	0.01348	0.00824	0.00577	0.00506	0.00167	0.00751	0.02996	0.00280	0.00756
6	0.09646	0.31672	0.10730	0.01044	0.01427	0.15342	0.00974	0.01638	0.01206	0.01586	0.01236	0.12145	0.01190	0.00704	0.00460	0.00153	0.00621	0.00527	0.07043	0.00658
7	0.00768	0.00731	0.06919	0.00843	0.00984	0.00555	0.00659	0.00944	0.01165	0.01605	0.13096	0.57828	0.03517	0.01492	0.00677	0.00208	0.00365	0.01341	0.00501	0.05803
8	0.01086	0.12229	0.10057	0.09010	0.04092	0.01056	0.00956	0.07270	0.01499	0.02051	0.38198	0.02832	0.05709	0.00875	0.00584	0.00170	0.00471	0.00742	0.00465	0.00647
9	0.00915	0.11785	0.00942	0.00663	0.00730	0.00782	0.00428	0.00940	0.00864	0.01124	0.01634	0.03292	0.01860	0.69022	0.02513	0.00486	0.00553	0.00746	0.00327	0.00395

[dist]
# distance from previous block
# <min> <max>
0	7

[block]
# block no. 1 follows, 42 sequences, length 20
# corresponding to MSA columns:
# 547-566
name=unknown_B
#
# <colnr> <probs for GDERKNQSTAVLIFYWHMCP>
#	G	D	E	R	K	N	Q	S	T	A	V	L	I	F	Y	W	H	M	C	P
0	0.01159	0.07683	0.70036	0.01592	0.02392	0.01368	0.04612	0.01777	0.01190	0.01754	0.01000	0.01182	0.00719	0.00529	0.00529	0.00175	0.00822	0.00418	0.00240	0.00822
1	0.01477	0.74876	0.08393	0.01010	0.01517	0.02159	0.01045	0.01692	0.01147	0.01358	0.00799	0.00924	0.00722	0.00485	0.00374	0.00125	0.00619	0.00309	0.00241	0.00730
2	0.01280	0.09095	0.11145	0.00956	0.01493	0.00972	0.00888	0.01573	0.01195	0.06451	0.01056	0.01190	0.00842	0.00456	0.00436	0.00105	0.00492	0.00355	0.00334	0.59687
3	0.01007	0.00654	0.00783	0.00738	0.00813	0.00677	0.00487	0.06378	0.01012	0.05522	0.01719	0.03149	0.01815	0.56288	0.16114	0.00562	0.00721	0.00743	0.00370	0.00449
4	0.41165	0.01491	0.21639	0.00998	0.01449	0.01117	0.01025	0.01574	0.01128	0.02190	0.09376	0.01748	0.01355	0.00660	0.00468	0.00176	0.00529	0.05476	0.00359	0.06078
5	0.01446	0.66797	0.10750	0.01067	0.01552	0.02094	0.01100	0.01672	0.01129	0.01375	0.00803	0.00956	0.00722	0.00522	0.00483	0.00135	0.06103	0.00326	0.00241	0.00726
6	0.01255	0.35068	0.41356	0.01270	0.01914	0.01635	0.01507	0.01678	0.01176	0.01574	0.01222	0.01345	0.05665	0.00571	0.00471	0.00155	0.00700	0.00418	0.00258	0.00763
7	0.00984	0.00706	0.00858	0.00831	0.00957	0.00718	0.00613	0.11497	0.01374	0.01861	0.18836	0.17529	0.05025	0.20711	0.06012	0.00330	0.00503	0.09637	0.00491	0.00527
8	0.06700	0.06945	0.42146	0.01237	0.01824	0.01133	0.01435	0.01671	0.01237	0.09742	0.02003	0.02245	0.13398	0.00757	0.00551	0.00181	0.00644	0.05047	0.00358	0.00745
9	0.01373	0.35145	0.31465	0.01192	0.01788	0.01580	0.01344	0.01749	0.01221	0.07134	0.05181	0.01287	0.01029	0.00551	0.00464	0.00148	0.00652	0.00407	0.00300	0.05991
10	0.01234	0.24590	0.56547	0.01425	0.02159	0.01564	0.01768	0.01755	0.01176	0.01654	0.00946	0.01108	0.00715	0.00520	0.00486	0.00162	0.00768	0.00384	0.00238	0.00801
11	0.01394	0.30957	0.41031	0.01344	0.01985	0.09505	0.01547	0.01815	0.01223	0.03139	0.00938	0.01082	0.00732	0.00523	0.00470	0.00154	0.00760	0.00372	0.00254	0.00776
12	0.01014	0.14755	0.15191	0.01040	0.01362	0.01011	0.01033	0.01324	0.01288	0.01715	0.14548	0.03947	0.07250	0.01179	0.02660	0.00219	0.00559	0.28864	0.00431	0.00610
13	0.04408	0.13128	0.08633	0.00859	0.01138	0.00905	0.00775	0.01285	0.01342	0.05997	0.27819	0.11546	0.13875	0.01065	0.00599	0.00180	0.00415	0.04946	0.00487	0.00600
14	0.01240	0.04593	0.24983	0.01168	0.01616	0.03069	0.03657	0.10244	0.02430	0.06739	0.14615	0.04936	0.12612	0.00884	0.00597	0.00182	0.00574	0.04705	0.00441	0.00714
15	0.12160	0.17623	0.17472	0.01186	0.01646	0.02575	0.05910	0.13285	0.01423	0.03240	0.06514	0.01832	0.03498	0.00735	0.00584	0.03571	0.00615	0.05041	0.00369	0.00720
16	0.10912	0.28014	0.15185	0.03923	0.01619	0.10579	0.01089	0.02756	0.01231	0.06893	0.05137	0.01323	0.01040	0.00724	0.01879	0.05616	0.00659	0.00414	0.00317	0.00691
17	0.09522	0.23316	0.27567	0.01171	0.01724	0.01466	0.01264	0.04263	0.06463	0.12081	0.03335	0.01440	0.02922	0.00601	0.00484	0.00162	0.00620	0.00448	0.00363	0.00788
18	0.10383	0.38442	0.27369	0.01286	0.04277	0.01719	0.04001	0.01749	0.01162	0.03725	0.00920	0.01065	0.00736	0.00510	0.00441	0.00151	0.00672	0.00367	0.00267	0.00760
19	0.03538	0.21951	0.26688	0.01190	0.01724	0.07542	0.01257	0.03956	0.02358	0.08818	0.04870	0.01478	0.03157	0.00719	0.03122	0.00179	0.00687	0.00451	0.00338	0.05978

[dist]
# distance from previous block
# <min> <max>
6	32

[block]
# block no. 2 follows, 42 sequences, length 15
# corresponding to MSA columns:
# 604-618
name=unknown_C
#
# <colnr> <probs for GDERKNQSTAVLIFYWHMCP>
#	G	D	E	R	K	N	Q	S	T	A	V	L	I	F	Y	W	H	M	C	P
0	0.15014	0.20168	0.05766	0.01280	0.01751	0.01452	0.16133	0.07530	0.03240	0.13468	0.01256	0.01464	0.00968	0.00577	0.00500	0.00163	0.00623	0.02904	0.00385	0.05357
1	0.04939	0.19768	0.19084	0.05391	0.03496	0.08300	0.06855	0.03762	0.04205	0.11130	0.02865	0.01343	0.00966	0.00586	0.00557	0.00164	0.03875	0.00451	0.00342	0.01921
2	0.09562	0.17240	0.20336	0.01467	0.11518	0.01434	0.01277	0.06318	0.09346	0.09645	0.02693	0.01579	0.01107	0.00621	0.00506	0.00169	0.00613	0.03389	0.00375	0.00805
3	0.03926	0.01422	0.10868	0.02640	0.12283	0.05128	0.11599	0.05335	0.09718	0.07481	0.04794	0.07266	0.03866	0.00750	0.00634	0.00181	0.03812	0.02738	0.00402	0.05156
4	0.01393	0.01582	0.16412	0.01720	0.07067	0.01219	0.25512	0.06884	0.05971	0.07775	0.04057	0.02749	0.01136	0.00572	0.00575	0.00167	0.00701	0.00563	0.00368	0.13577
5	0.01307	0.01288	0.09482	0.01321	0.04414	0.06269	0.13610	0.01737	0.07395	0.10488	0.21328	0.02529	0.06220	0.00785	0.00599	0.00172	0.00568	0.02339	0.00460	0.07691
6	0.01249	0.01177	0.01832	0.05086	0.29398	0.01229	0.10627	0.01881	0.19802	0.01920	0.06850	0.02205	0.09570	0.00728	0.00646	0.00183	0.03768	0.00664	0.00399	0.00784
7	0.01271	0.01289	0.02434	0.17395	0.34004	0.01304	0.26161	0.01648	0.01257	0.01729	0.01181	0.05540	0.00999	0.00570	0.00603	0.00182	0.00761	0.00613	0.00288	0.00773
8	0.01319	0.00846	0.01029	0.00885	0.01122	0.00839	0.00691	0.17983	0.01795	0.12280	0.44106	0.09022	0.03690	0.01030	0.00632	0.00179	0.00378	0.00887	0.00609	0.00678
9	0.00943	0.00582	0.00876	0.00811	0.00853	0.00579	0.05571	0.00844	0.00808	0.01083	0.01274	0.02382	0.01344	0.28520	0.04473	0.47271	0.00569	0.00616	0.00282	0.00320
10	0.01162	0.13748	0.01440	0.13507	0.01671	0.11247	0.00990	0.01380	0.01235	0.01503	0.03249	0.15634	0.02114	0.01098	0.00674	0.00203	0.03919	0.24255	0.00392	0.00580
11	0.01313	0.01042	0.01214	0.00878	0.01370	0.00830	0.00706	0.07082	0.01303	0.05955	0.01092	0.01221	0.00873	0.00451	0.00436	0.00095	0.00435	0.00359	0.00370	0.72976
12	0.40070	0.07218	0.01189	0.13343	0.01593	0.10492	0.00832	0.01542	0.01097	0.01930	0.01233	0.14803	0.01198	0.00749	0.00467	0.00178	0.00550	0.00569	0.00348	0.00599
13	0.01039	0.00899	0.01368	0.06763	0.13200	0.00909	0.07822	0.01513	0.11277	0.02058	0.37254	0.03174	0.05515	0.00919	0.00633	0.00183	0.00461	0.03857	0.00496	0.00661
14	0.16113	0.37470	0.11261	0.01174	0.04320	0.11026	0.01079	0.04552	0.05356	0.01756	0.00936	0.01054	0.00772	0.00531	0.00424	0.00147	0.00645	0.00357	0.00297	0.00731

[dist]
# distance from previous block
# <min> <max>
3	9

[block]
# block no. 3 follows, 42 sequences, length 52
# corresponding to MSA columns:
# 628-657,659-680
name=unknown_D
#
# <colnr> <probs for GDERKNQSTAVLIFYWHMCP>
#	G	D	E	R	K	N	Q	S	T	A	V	L	I	F	Y	W	H	M	C	P
0	0.12066	0.06323	0.52618	0.01464	0.02147	0.01327	0.06804	0.01769	0.03915	0.01866	0.01105	0.04189	0.00861	0.00581	0.00519	0.00178	0.00743	0.00466	0.00279	0.00780
1	0.01060	0.07577	0.24281	0.01359	0.10484	0.01045	0.01203	0.01521	0.05686	0.01986	0.33074	0.02621	0.02790	0.00820	0.00586	0.00174	0.00526	0.02077	0.00429	0.00700
2	0.00686	0.00490	0.00653	0.00784	0.00816	0.00457	0.00522	0.00784	0.01077	0.01437	0.03102	0.79855	0.03722	0.01763	0.00718	0.00229	0.00326	0.01600	0.00522	0.00457
3	0.01316	0.41522	0.40333	0.01285	0.01943	0.01764	0.01524	0.01734	0.01166	0.01554	0.00897	0.01046	0.00718	0.00508	0.00448	0.00149	0.00717	0.00359	0.00239	0.00777
4	0.00867	0.00630	0.00889	0.00894	0.00993	0.00716	0.00706	0.01072	0.01010	0.01471	0.04501	0.02903	0.01821	0.06726	0.48290	0.00652	0.05167	0.11321	0.08865	0.00506
5	0.01505	0.80561	0.02949	0.00963	0.01444	0.02227	0.00963	0.01685	0.01143	0.01324	0.00782	0.00903	0.00722	0.00481	0.00361	0.00120	0.00602	0.00301	0.00241	0.00722
6	0.01749	0.01432	0.04404	0.01222	0.01703	0.05239	0.06887	0.31671	0.01849	0.09404	0.01260	0.01332	0.00927	0.00566	0.00519	0.00142	0.00595	0.00457	0.00451	0.28192
7	0.01917	0.01425	0.01629	0.12846	0.02021	0.01596	0.01114	0.53279	0.10032	0.06239	0.01434	0.01476	0.01024	0.00669	0.00564	0.00174	0.00615	0.00522	0.00523	0.00901
8	0.02525	0.00958	0.01306	0.01001	0.01437	0.00827	0.00827	0.02743	0.01611	0.77102	0.02220	0.01915	0.01393	0.00697	0.00566	0.00174	0.00479	0.00566	0.00697	0.00958
9	0.00804	0.00603	0.00904	0.00904	0.01005	0.00703	0.00703	0.01005	0.00904	0.01306	0.01507	0.02211	0.01407	0.04221	0.77992	0.00904	0.01507	0.00603	0.00301	0.00502
10	0.01424	0.36915	0.02245	0.05181	0.18789	0.01656	0.01121	0.01759	0.07210	0.05939	0.01473	0.01595	0.07264	0.00630	0.00545	0.00155	0.04529	0.00483	0.00327	0.00758
11	0.00862	0.00615	0.00855	0.00985	0.01094	0.00609	0.00828	0.01088	0.01251	0.01634	0.03005	0.21371	0.03338	0.01597	0.00765	0.00253	0.00479	0.58347	0.00519	0.00506
12	0.00814	0.00629	0.00913	0.00918	0.00998	0.00728	0.00702	0.00990	0.00963	0.01374	0.04765	0.17825	0.01975	0.03346	0.53302	0.00687	0.07400	0.00811	0.00354	0.00503
13	0.01056	0.00976	0.01430	0.01261	0.01321	0.01278	0.03792	0.01218	0.00895	0.01344	0.01086	0.01705	0.01046	0.04957	0.31212	0.00508	0.43522	0.00553	0.00272	0.00568
14	0.04326	0.01054	0.01417	0.12770	0.05696	0.01049	0.00990	0.11026	0.04416	0.45176	0.01819	0.01809	0.01236	0.03845	0.00651	0.00191	0.00546	0.00551	0.00564	0.00868
15	0.00781	0.00561	0.00761	0.00887	0.00966	0.00540	0.00686	0.00950	0.01178	0.01546	0.03127	0.45734	0.05709	0.01662	0.00742	0.00241	0.00408	0.32515	0.00521	0.00484
16	0.09037	0.05886	0.01452	0.09590	0.03438	0.05416	0.00988	0.09247	0.44151	0.02260	0.01737	0.01715	0.01313	0.00680	0.00534	0.00180	0.00537	0.00543	0.00476	0.00820
17	0.05163	0.01001	0.01230	0.00961	0.01375	0.00899	0.00785	0.08747	0.03942	0.35965	0.06087	0.01986	0.01501	0.00683	0.00533	0.00154	0.00461	0.04263	0.00552	0.23712
18	0.01177	0.12873	0.67767	0.01522	0.02309	0.01425	0.01936	0.01770	0.01182	0.01723	0.00981	0.01152	0.00714	0.00528	0.00512	0.00171	0.00802	0.00401	0.00238	0.00818
19	0.00978	0.00489	0.00733	0.00733	0.00733	0.00489	0.00489	0.00733	0.00733	0.00978	0.00978	0.01711	0.00978	0.01955	0.02199	0.83627	0.00489	0.00489	0.00244	0.00244
20	0.01167	0.01000	0.01167	0.00834	0.01334	0.00750	0.00667	0.01417	0.01167	0.01834	0.01000	0.01167	0.00834	0.00417	0.00417	0.00083	0.00417	0.00333	0.00333	0.83663
21	0.01824	0.01061	0.01183	0.00951	0.01282	0.01104	0.00771	0.32646	0.01891	0.18727	0.01713	0.01744	0.01227	0.00673	0.00502	0.00156	0.00459	0.00526	0.30760	0.00800
22	0.00686	0.00490	0.00653	0.00784	0.00816	0.00457	0.00522	0.00784	0.01077	0.01437	0.03102	0.79855	0.03722	0.01763	0.00718	0.00229	0.00326	0.01600	0.00522	0.00457
23	0.02108	0.01561	0.01671	0.01288	0.01733	0.01730	0.01062	0.71776	0.05756	0.03496	0.01391	0.01383	0.00989	0.00679	0.00563	0.00170	0.00612	0.00512	0.00563	0.00954
24	0.00760	0.00545	0.00607	0.00624	0.00680	0.00515	0.00388	0.00811	0.00978	0.01252	0.03006	0.14189	0.22312	0.48662	0.01989	0.00408	0.00447	0.01021	0.00414	0.00392
25	0.01527	0.77782	0.02905	0.00975	0.01455	0.02210	0.00967	0.04259	0.01196	0.01402	0.00802	0.00919	0.00730	0.00488	0.00368	0.00122	0.00602	0.00308	0.00252	0.00730
26	0.00745	0.00558	0.00639	0.00637	0.00746	0.00508	0.00440	0.00878	0.01221	0.01595	0.23666	0.10762	0.30385	0.23272	0.01280	0.00288	0.00356	0.01073	0.00499	0.00452
27	0.00733	0.00547	0.00681	0.00701	0.00815	0.00495	0.00505	0.00918	0.01363	0.01836	0.37771	0.28231	0.20532	0.01404	0.00681	0.00196	0.00289	0.01238	0.00568	0.00495
28	0.01211	0.01054	0.01723	0.55595	0.15635	0.01200	0.01476	0.01560	0.01183	0.05920	0.01081	0.01480	0.00818	0.00549	0.00550	0.00175	0.00694	0.00491	0.00287	0.07319
29	0.01505	0.80561	0.02949	0.00963	0.01444	0.02227	0.00963	0.01685	0.01143	0.01324	0.00782	0.00903	0.00722	0.00481	0.00361	0.00120	0.00602	0.00301	0.00241	0.00722
30	0.11622	0.21605	0.06202	0.01230	0.03064	0.27510	0.01037	0.07139	0.08775	0.05315	0.01086	0.01165	0.00859	0.00575	0.00468	0.00152	0.00717	0.00393	0.00347	0.00739
31	0.08359	0.00607	0.00796	0.10401	0.01218	0.00628	0.00659	0.00944	0.01072	0.01536	0.02631	0.62990	0.03072	0.01502	0.00665	0.00219	0.00389	0.01346	0.00473	0.00492
32	0.84197	0.01088	0.00827	0.00740	0.01088	0.01262	0.00609	0.01654	0.00958	0.02525	0.00784	0.00914	0.00609	0.00522	0.00348	0.00174	0.00435	0.00305	0.00348	0.00609
33	0.14254	0.12944	0.08495	0.01017	0.01453	0.03481	0.00926	0.04698	0.01404	0.35807	0.03298	0.03004	0.01245	0.01992	0.00543	0.00173	0.00538	0.01919	0.00497	0.02313
34	0.13828	0.05287	0.01108	0.00906	0.01165	0.16394	0.00714	0.03680	0.01440	0.11022	0.22836	0.02279	0.02257	0.00775	0.00518	0.00161	0.00499	0.01907	0.12587	0.00639
35	0.01063	0.01000	0.01688	0.78870	0.03876	0.01250	0.01563	0.01438	0.01125	0.01438	0.01000	0.01500	0.00750	0.00563	0.00563	0.00188	0.00750	0.00500	0.00250	0.00625
36	0.01504	0.01275	0.01487	0.01247	0.01594	0.01436	0.06319	0.17596	0.48858	0.02485	0.02138	0.02046	0.05339	0.00766	0.00623	0.00188	0.03064	0.00635	0.00536	0.00864
37	0.01136	0.01074	0.01829	0.53601	0.21473	0.01235	0.03750	0.01498	0.01197	0.01594	0.05388	0.01631	0.01052	0.00579	0.00570	0.00182	0.00708	0.00535	0.00279	0.00689
38	0.00811	0.00546	0.00630	0.00637	0.00644	0.00549	0.00369	0.00826	0.00836	0.01120	0.01829	0.07555	0.02101	0.72336	0.06531	0.00547	0.00583	0.00848	0.00348	0.00355
39	0.01167	0.01000	0.01167	0.00834	0.01334	0.00750	0.00667	0.01417	0.01167	0.01834	0.01000	0.01167	0.00834	0.00417	0.00417	0.00083	0.00417	0.00333	0.00333	0.83663
40	0.01126	0.00924	0.01290	0.01222	0.01301	0.01144	0.01027	0.01309	0.01095	0.05421	0.01906	0.08840	0.02014	0.01260	0.01260	0.00247	0.37101	0.30530	0.00401	0.00582
41	0.01667	0.04952	0.05881	0.01203	0.01604	0.01510	0.01014	0.24763	0.42311	0.06127	0.01859	0.01756	0.01368	0.00708	0.00558	0.00180	0.00529	0.00566	0.00541	0.00903
42	0.00822	0.00579	0.00744	0.00795	0.00917	0.00537	0.00611	0.01011	0.01309	0.04161	0.20875	0.27376	0.17621	0.01469	0.00705	0.00215	0.00356	0.18839	0.00550	0.00509
43	0.00844	0.00644	0.00869	0.00854	0.00949	0.00675	0.03375	0.01089	0.07333	0.01393	0.02196	0.21781	0.05170	0.25033	0.24675	0.00518	0.00779	0.00938	0.00398	0.00486
44	0.01461	0.00733	0.00995	0.00914	0.01152	0.00670	0.00747	0.01698	0.01485	0.29760	0.23833	0.08349	0.03179	0.01133	0.00663	0.00202	0.00420	0.21311	0.00614	0.00681
45	0.01261	0.00678	0.00901	0.00787	0.01001	0.00611	0.00611	0.01514	0.01598	0.22378	0.56469	0.03589	0.04257	0.01028	0.00637	0.00176	0.00323	0.00896	0.00640	0.00646
46	0.01963	0.00887	0.01125	0.00918	0.01258	0.00825	0.00735	0.02357	0.11219	0.48317	0.07501	0.02326	0.04745	0.03789	0.00647	0.00187	0.00432	0.00637	0.09300	0.00831
47	0.84197	0.01088	0.00827	0.00740	0.01088	0.01262	0.00609	0.01654	0.00958	0.02525	0.00784	0.00914	0.00609	0.00522	0.00348	0.00174	0.00435	0.00305	0.00348	0.00609
48	0.01575	0.01296	0.01371	0.01181	0.01530	0.01482	0.00933	0.19995	0.58406	0.02636	0.02068	0.01922	0.01538	0.00743	0.00570	0.00186	0.00487	0.00606	0.00570	0.00906
49	0.01328	0.01518	0.03321	0.02372	0.02941	0.01423	0.74668	0.01803	0.01328	0.01803	0.01139	0.01518	0.00854	0.00474	0.00664	0.00190	0.00949	0.00664	0.00285	0.00759
50	0.02525	0.00958	0.01306	0.01001	0.01437	0.00827	0.00827	0.02743	0.01611	0.77102	0.02220	0.01915	0.01393	0.00697	0.00566	0.00174	0.00479	0.00566	0.00697	0.00958
51	0.10133	0.27568	0.04802	0.00992	0.01408	0.01449	0.00889	0.04532	0.12927	0.18448	0.04971	0.03887	0.01330	0.00653	0.00479	0.00157	0.00512	0.00497	0.00444	0.03922

[dist]
# distance from previous block
# <min> <max>
0	1

[block]
# block no. 4 follows, 42 sequences, length 18
# corresponding to MSA columns:
# 682-699
name=unknown_E
#
# <colnr> <probs for GDERKNQSTAVLIFYWHMCP>
#	G	D	E	R	K	N	Q	S	T	A	V	L	I	F	Y	W	H	M	C	P
0	0.10193	0.04821	0.01472	0.01141	0.01558	0.06494	0.00904	0.07393	0.10476	0.31918	0.03025	0.01860	0.01392	0.00757	0.00593	0.00193	0.00576	0.00549	0.00586	0.14096
1	0.06242	0.31907	0.12719	0.06874	0.01801	0.06937	0.01147	0.11158	0.01431	0.13227	0.01127	0.01206	0.00848	0.00561	0.00466	0.00152	0.00648	0.00403	0.00360	0.00785
2	0.01748	0.19884	0.12500	0.06030	0.10387	0.12760	0.05280	0.03367	0.01380	0.19618	0.01244	0.01333	0.00914	0.00565	0.00510	0.00159	0.00701	0.00447	0.00370	0.00803
3	0.02102	0.02682	0.01595	0.01450	0.01740	0.77963	0.01087	0.02247	0.01595	0.01377	0.00870	0.01015	0.00725	0.00580	0.00507	0.00145	0.01015	0.00362	0.00290	0.00652
4	0.01321	0.01317	0.02419	0.23112	0.27311	0.01373	0.25504	0.05686	0.01321	0.01803	0.01078	0.01457	0.00842	0.00529	0.00622	0.00182	0.02507	0.00554	0.00288	0.00774
5	0.00687	0.00525	0.00631	0.00702	0.00798	0.00469	0.00489	0.00814	0.01191	0.01531	0.09769	0.47456	0.29723	0.01595	0.00695	0.00211	0.00307	0.01408	0.00530	0.00469
6	0.01420	0.01322	0.01367	0.01204	0.01518	0.08830	0.04546	0.02716	0.59282	0.02224	0.07566	0.02120	0.01843	0.00760	0.00578	0.00185	0.00513	0.00639	0.00534	0.00834
7	0.00752	0.00556	0.00692	0.00692	0.00809	0.00507	0.00500	0.00948	0.01396	0.01901	0.45182	0.18866	0.18286	0.05407	0.00788	0.00208	0.00295	0.01151	0.00568	0.00496
8	0.00862	0.00616	0.00852	0.00965	0.01080	0.00607	0.00810	0.01096	0.01291	0.01702	0.10185	0.17606	0.03517	0.01548	0.00757	0.00246	0.00464	0.54760	0.00529	0.00510
9	0.01347	0.01290	0.02201	0.14015	0.66512	0.01325	0.01704	0.01687	0.01260	0.01782	0.01050	0.01408	0.00872	0.00510	0.00558	0.00170	0.00680	0.00501	0.00275	0.00854
10	0.00771	0.00552	0.00749	0.00862	0.00937	0.00529	0.00653	0.00940	0.01202	0.01601	0.10235	0.47598	0.03714	0.01633	0.00733	0.00234	0.00385	0.25659	0.00530	0.00485
11	0.01947	0.04709	0.11419	0.01294	0.01783	0.01629	0.01168	0.52930	0.08175	0.07184	0.01408	0.01404	0.01001	0.00658	0.00553	0.00170	0.00624	0.00501	0.00517	0.00927
12	0.09571	0.32941	0.28145	0.01233	0.01801	0.09194	0.01333	0.06830	0.01289	0.01758	0.00909	0.01044	0.00724	0.00527	0.00448	0.00151	0.00706	0.00361	0.00277	0.00758
13	0.00702	0.00501	0.00672	0.00802	0.00842	0.00471	0.00551	0.00812	0.01094	0.01455	0.03093	0.74429	0.03686	0.01748	0.00723	0.00231	0.00341	0.06865	0.00522	0.00462
14	0.17709	0.01226	0.01458	0.01223	0.01418	0.01529	0.01012	0.17925	0.01323	0.05291	0.01007	0.01285	0.00834	0.00912	0.03734	0.00230	0.37763	0.00467	0.02955	0.00699
15	0.01244	0.01196	0.02066	0.36831	0.41169	0.01302	0.04880	0.01602	0.01214	0.01659	0.01036	0.01446	0.00827	0.00527	0.00564	0.00177	0.00717	0.00508	0.00266	0.00768
16	0.01204	0.00999	0.01098	0.01018	0.01274	0.01108	0.00794	0.04170	0.47888	0.02217	0.13918	0.06566	0.07451	0.00976	0.00616	0.00196	0.00412	0.06766	0.00569	0.00759
17	0.05398	0.01556	0.18061	0.07835	0.27348	0.01279	0.07334	0.03929	0.01219	0.04137	0.01111	0.01440	0.00891	0.00979	0.09420	0.00262	0.06233	0.00499	0.00294	0.00775

[dist]
# distance from previous block
# <min> <max>
8	30

[block]
# block no. 5 follows, 42 sequences, length 31
# corresponding to MSA columns:
# 733-753,755-764
name=unknown_F
#
# <colnr> <probs for GDERKNQSTAVLIFYWHMCP>
#	G	D	E	R	K	N	Q	S	T	A	V	L	I	F	Y	W	H	M	C	P
0	0.06981	0.36435	0.18149	0.01222	0.03144	0.03109	0.01219	0.19997	0.01527	0.02065	0.00979	0.01087	0.00775	0.00546	0.00454	0.00150	0.00652	0.00382	0.00329	0.00799
1	0.01490	0.57123	0.16516	0.01144	0.01689	0.01994	0.02871	0.08504	0.01296	0.01626	0.00885	0.01011	0.00745	0.00509	0.00419	0.00137	0.00654	0.00350	0.00271	0.00765
2	0.05179	0.57711	0.07087	0.01054	0.01545	0.02040	0.01035	0.15349	0.01419	0.01819	0.00902	0.01004	0.00761	0.00523	0.00409	0.00135	0.00612	0.00346	0.00305	0.00768
3	0.01461	0.48423	0.27501	0.01179	0.01773	0.01810	0.01323	0.01802	0.01196	0.07532	0.00973	0.01078	0.00773	0.00516	0.00435	0.00144	0.00668	0.00360	0.00276	0.00777
4	0.04104	0.57730	0.11137	0.01135	0.01633	0.10494	0.03812	0.01762	0.01200	0.01437	0.00831	0.00971	0.00723	0.00499	0.00408	0.00134	0.00681	0.00334	0.00251	0.00725
5	0.05339	0.28829	0.28499	0.01230	0.01779	0.07059	0.01326	0.01858	0.01232	0.11321	0.01118	0.03379	0.00886	0.00590	0.00519	0.00159	0.03371	0.00423	0.00315	0.00770
6	0.01248	0.01562	0.20100	0.06260	0.01753	0.04992	0.01174	0.07798	0.24913	0.02059	0.08455	0.09978	0.03657	0.00850	0.00589	0.00188	0.00574	0.02644	0.00450	0.00757
7	0.01518	0.35225	0.27169	0.01239	0.01797	0.01707	0.01344	0.07650	0.01308	0.09457	0.01048	0.01159	0.00808	0.00570	0.00553	0.00157	0.05789	0.00395	0.00313	0.00794
8	0.33207	0.09464	0.05886	0.08982	0.01575	0.01291	0.00926	0.02986	0.07086	0.08705	0.01322	0.05995	0.01128	0.00710	0.00547	0.00183	0.04673	0.04266	0.00386	0.00682
9	0.01486	0.65025	0.05790	0.01002	0.01490	0.06035	0.00985	0.01691	0.01172	0.01398	0.00819	0.00948	0.00733	0.00482	0.00382	0.00120	0.00614	0.00312	0.00253	0.09263
10	0.01447	0.01024	0.01218	0.00886	0.01373	0.00816	0.00715	0.05516	0.01320	0.14580	0.01224	0.01303	0.00934	0.00477	0.00450	0.00103	0.00438	0.00382	0.00407	0.65390
11	0.00975	0.00781	0.00897	0.00832	0.01033	0.00806	0.00634	0.01655	0.25675	0.02189	0.42689	0.03683	0.13798	0.01062	0.00634	0.00183	0.00327	0.00917	0.00591	0.00641
12	0.01012	0.00587	0.00777	0.00812	0.00934	0.00535	0.00585	0.01154	0.01231	0.14241	0.08974	0.52650	0.08122	0.01504	0.00688	0.00214	0.00353	0.04517	0.00559	0.00551
13	0.07873	0.11015	0.53081	0.01435	0.02107	0.03751	0.01711	0.03514	0.03139	0.01814	0.00990	0.01160	0.00739	0.00562	0.00571	0.00174	0.04903	0.00405	0.00265	0.00790
14	0.01689	0.01375	0.01623	0.01340	0.01572	0.04406	0.01101	0.26226	0.10036	0.08254	0.01243	0.01417	0.00975	0.00819	0.01122	0.00205	0.34869	0.00515	0.00427	0.00790
15	0.00953	0.00770	0.01163	0.37216	0.02245	0.00882	0.01009	0.01247	0.01207	0.01672	0.16490	0.02608	0.05223	0.04646	0.06969	0.00255	0.00615	0.03138	0.11130	0.00560
16	0.02002	0.01474	0.01447	0.01170	0.01545	0.11860	0.00938	0.37887	0.09048	0.15315	0.01571	0.01601	0.01142	0.03073	0.00613	0.00177	0.00603	0.00520	0.07157	0.00856
17	0.00712	0.00562	0.00610	0.00612	0.00751	0.00494	0.00435	0.00846	0.01238	0.01553	0.15418	0.09790	0.48615	0.14655	0.01038	0.00250	0.00329	0.01127	0.00506	0.00460
18	0.06868	0.09316	0.02612	0.01094	0.05520	0.03708	0.02246	0.06781	0.01324	0.09679	0.01115	0.01227	0.00872	0.00490	0.00449	0.00118	0.00508	0.00382	0.00371	0.45319
19	0.01231	0.01231	0.01724	0.01477	0.01477	0.01724	0.01231	0.01354	0.00862	0.01354	0.00739	0.01231	0.00739	0.00985	0.01847	0.00246	0.79192	0.00492	0.00246	0.00616
20	0.01144	0.01015	0.01322	0.10506	0.10501	0.03112	0.00926	0.02774	0.02044	0.01677	0.03820	0.03520	0.02473	0.07344	0.07080	0.00234	0.06112	0.00520	0.00332	0.33544
21	0.80781	0.01109	0.00863	0.00763	0.01116	0.01283	0.00629	0.04701	0.01028	0.02567	0.00807	0.00932	0.00624	0.00529	0.00357	0.00174	0.00443	0.00313	0.00357	0.00624
22	0.61046	0.01078	0.00945	0.00814	0.01157	0.01207	0.00666	0.09430	0.01249	0.07961	0.08734	0.01371	0.01187	0.00616	0.00419	0.00174	0.00440	0.00418	0.00424	0.00663
23	0.00958	0.00614	0.00787	0.00721	0.00892	0.00555	0.00549	0.01204	0.01557	0.09872	0.60056	0.04118	0.13683	0.01138	0.00654	0.00178	0.00290	0.00992	0.00615	0.00568
24	0.01995	0.02509	0.01604	0.09421	0.01960	0.70064	0.01136	0.02164	0.01546	0.01384	0.00883	0.01065	0.00728	0.00578	0.00513	0.00149	0.00988	0.00377	0.00286	0.00650
25	0.01063	0.01000	0.01688	0.78870	0.03876	0.01250	0.01563	0.01438	0.01125	0.01438	0.01000	0.01500	0.00750	0.00563	0.00563	0.00188	0.00750	0.00500	0.00250	0.00625
26	0.00729	0.00570	0.00661	0.00644	0.00801	0.00501	0.00481	0.00929	0.01424	0.01871	0.39601	0.07581	0.39581	0.01306	0.00666	0.00185	0.00277	0.01121	0.00569	0.00501
27	0.01425	0.00990	0.01593	0.59555	0.03271	0.01145	0.01380	0.01761	0.01246	0.20206	0.01303	0.01603	0.00910	0.00596	0.00563	0.00184	0.00683	0.00516	0.00361	0.00708
28	0.01754	0.00953	0.01087	0.00890	0.01198	0.00969	0.00717	0.21860	0.04038	0.22992	0.04060	0.01907	0.01421	0.00690	0.00501	0.00156	0.00425	0.00549	0.33060	0.00773
29	0.01036	0.00727	0.00939	0.00996	0.01148	0.00745	0.00845	0.08733	0.01389	0.01856	0.02641	0.05344	0.02791	0.07692	0.00897	0.00264	0.00514	0.54987	0.05907	0.00550
30	0.01188	0.01324	0.12358	0.01249	0.09262	0.00943	0.01011	0.01499	0.01166	0.01801	0.00994	0.01197	0.00817	0.00473	0.00524	0.00114	0.04662	0.00371	0.00309	0.58738

[dist]
# distance from previous block
# <min> <max>
0	3

[block]
# block no. 6 follows, 42 sequences, length 27
# corresponding to MSA columns:
# 768-794
name=unknown_G
#
# <colnr> <probs for GDERKNQSTAVLIFYWHMCP>
#	G	D	E	R	K	N	Q	S	T	A	V	L	I	F	Y	W	H	M	C	P
0	0.22509	0.04910	0.06699	0.05678	0.01736	0.44560	0.01059	0.03770	0.01390	0.01747	0.00874	0.01034	0.00702	0.00560	0.00469	0.00157	0.00818	0.00361	0.00304	0.00662
1	0.00689	0.00559	0.00612	0.00625	0.00782	0.00481	0.00459	0.00844	0.01300	0.01624	0.16531	0.16710	0.53952	0.01434	0.00673	0.00194	0.00288	0.01224	0.00538	0.00481
2	0.00884	0.00597	0.00768	0.00713	0.00868	0.00543	0.00539	0.01136	0.01567	0.06463	0.66121	0.04177	0.11187	0.01148	0.00658	0.00178	0.00279	0.01007	0.00616	0.00551
3	0.02498	0.01001	0.01333	0.01022	0.01458	0.00891	0.00844	0.07743	0.01683	0.71999	0.02160	0.01876	0.01363	0.00695	0.00566	0.00174	0.00489	0.00562	0.00687	0.00958
4	0.01444	0.01231	0.01297	0.01154	0.01480	0.01420	0.00901	0.07283	0.71330	0.02425	0.02234	0.02055	0.01672	0.00758	0.00572	0.00190	0.00456	0.00629	0.00572	0.00895
5	0.01017	0.00635	0.00925	0.00892	0.00903	0.00723	0.00657	0.00881	0.00804	0.01105	0.01106	0.02023	0.01129	0.01747	0.02015	0.61590	0.14546	0.06698	0.00268	0.00334
6	0.11969	0.01392	0.01508	0.01169	0.01604	0.01501	0.00966	0.51453	0.02234	0.18410	0.01461	0.01414	0.01005	0.00662	0.00538	0.00171	0.00569	0.00495	0.00565	0.00916
7	0.01585	0.50064	0.18304	0.01122	0.01670	0.01838	0.01188	0.06202	0.01298	0.10558	0.01035	0.01110	0.00814	0.00530	0.00434	0.00142	0.00637	0.00369	0.00313	0.00787
8	0.01485	0.09631	0.01577	0.12769	0.01848	0.01368	0.03525	0.05703	0.38074	0.10651	0.04969	0.02973	0.01544	0.00712	0.00556	0.00180	0.00528	0.00596	0.00494	0.00818
9	0.53570	0.01162	0.01251	0.04933	0.16995	0.01288	0.00927	0.06645	0.01179	0.06127	0.00961	0.01120	0.00737	0.00539	0.00427	0.00173	0.00513	0.00381	0.00361	0.00710
10	0.01403	0.06632	0.01857	0.09421	0.21803	0.04981	0.01300	0.01843	0.12634	0.05228	0.01168	0.01435	0.00961	0.00715	0.00959	0.00194	0.25877	0.00502	0.00329	0.00758
11	0.00945	0.00608	0.00800	0.00733	0.00892	0.00556	0.00556	0.01206	0.01595	0.08672	0.70055	0.04008	0.04974	0.01112	0.00655	0.00177	0.00284	0.00979	0.00626	0.00568
12	0.01323	0.01351	0.01585	0.09669	0.01717	0.12691	0.01164	0.04780	0.01092	0.01466	0.00985	0.05028	0.00941	0.01154	0.07303	0.00272	0.46037	0.00536	0.00285	0.00621
13	0.00725	0.00541	0.00676	0.00723	0.00827	0.00492	0.00521	0.00891	0.01292	0.01718	0.26184	0.36548	0.20648	0.01489	0.00692	0.00205	0.00307	0.04482	0.00552	0.00487
14	0.00915	0.00520	0.00736	0.00736	0.00752	0.00536	0.00492	0.00796	0.00779	0.01055	0.01233	0.02212	0.01275	0.18979	0.14735	0.52421	0.00667	0.00578	0.00274	0.00307
15	0.01638	0.63181	0.02647	0.01072	0.01510	0.19129	0.00991	0.01811	0.01244	0.01336	0.00802	0.00928	0.00723	0.00503	0.00394	0.00126	0.00694	0.00315	0.00252	0.00707
16	0.00869	0.00584	0.00690	0.00694	0.00853	0.00511	0.00508	0.01020	0.01291	0.08938	0.13431	0.27540	0.38158	0.01423	0.00671	0.00199	0.00314	0.01231	0.00552	0.00524
17	0.08843	0.01591	0.19144	0.08946	0.06478	0.01267	0.03787	0.14008	0.07899	0.20315	0.01454	0.01498	0.01013	0.00614	0.00542	0.00177	0.00631	0.00498	0.00445	0.00849
18	0.04393	0.14890	0.14467	0.01718	0.20694	0.01389	0.01279	0.06939	0.07599	0.08379	0.01210	0.01330	0.00932	0.00544	0.00496	0.00153	0.00603	0.00441	0.00356	0.12190
19	0.08402	0.01373	0.12554	0.01461	0.01902	0.01126	0.24676	0.01647	0.01245	0.10716	0.01943	0.05295	0.12316	0.00749	0.00694	0.00185	0.07224	0.00671	0.00378	0.05442
20	0.00776	0.00543	0.00724	0.04048	0.00966	0.00527	0.00591	0.00944	0.01194	0.01657	0.14778	0.49780	0.03588	0.01486	0.00677	0.00212	0.00346	0.08094	0.08582	0.00488
21	0.01503	0.12039	0.19896	0.09616	0.11177	0.08039	0.13778	0.10063	0.01431	0.05626	0.01094	0.01303	0.00825	0.00544	0.00542	0.00168	0.00768	0.00475	0.00316	0.00797
22	0.01884	0.01316	0.01625	0.18057	0.05543	0.01448	0.01154	0.39060	0.07156	0.14816	0.01468	0.01528	0.01033	0.00653	0.00564	0.00175	0.00615	0.00524	0.00505	0.00878
23	0.00839	0.00550	0.00718	0.00789	0.00855	0.00522	0.00553	0.00956	0.01118	0.05202	0.07873	0.46593	0.03333	0.16687	0.01126	0.00287	0.00397	0.10626	0.00502	0.00473
24	0.01600	0.29355	0.09595	0.04513	0.01609	0.04866	0.01047	0.12717	0.01467	0.11246	0.01374	0.01739	0.01127	0.00660	0.00489	0.00157	0.00597	0.06635	0.08455	0.00754
25	0.31774	0.05637	0.01278	0.08331	0.01556	0.01272	0.00849	0.10402	0.10915	0.17306	0.04524	0.01509	0.01165	0.00633	0.00479	0.00174	0.00499	0.00471	0.00467	0.00759
26	0.16176	0.01321	0.01659	0.01921	0.29031	0.03201	0.01167	0.18761	0.04842	0.05926	0.01177	0.01321	0.00907	0.00559	0.00506	0.00160	0.00578	0.00455	0.00396	0.09936

[dist]
# distance from previous block
# <min> <max>
4	18

[block]
# block no. 7 follows, 42 sequences, length 12
# corresponding to MSA columns:
# 816-827
name=unknown_H
#
# <colnr> <probs for GDERKNQSTAVLIFYWHMCP>
#	G	D	E	R	K	N	Q	S	T	A	V	L	I	F	Y	W	H	M	C	P
0	0.01431	0.01340	0.06310	0.01973	0.28037	0.03847	0.05345	0.05970	0.13610	0.07873	0.01849	0.01934	0.09046	0.00663	0.00562	0.00168	0.00588	0.00585	0.00405	0.08464
1	0.01469	0.01208	0.01769	0.04444	0.04114	0.05647	0.19582	0.03798	0.13827	0.13831	0.07683	0.02185	0.06075	0.05127	0.00775	0.00201	0.03747	0.00661	0.00448	0.03409
2	0.06725	0.08448	0.01958	0.23216	0.13801	0.01266	0.12360	0.02822	0.01271	0.12199	0.01334	0.01639	0.02833	0.00586	0.00544	0.00171	0.00658	0.02162	0.00350	0.05657
3	0.10240	0.07734	0.01341	0.00921	0.01373	0.09430	0.00750	0.01707	0.01241	0.10403	0.01084	0.01187	0.00853	0.00483	0.00432	0.00113	0.00507	0.00357	0.00364	0.49481
4	0.00979	0.00705	0.00852	0.00742	0.00967	0.00601	0.00542	0.01156	0.01230	0.05740	0.20987	0.12737	0.08472	0.16077	0.01011	0.00227	0.00385	0.00838	0.00465	0.25286
5	0.00873	0.00687	0.01025	0.00916	0.01015	0.00699	0.09034	0.01000	0.01004	0.01378	0.09979	0.11255	0.02308	0.40289	0.13019	0.00472	0.03355	0.00863	0.00375	0.00455
6	0.01872	0.01136	0.01318	0.01084	0.01450	0.01191	0.00870	0.17452	0.28311	0.27844	0.09445	0.02093	0.01809	0.00761	0.00577	0.00179	0.00474	0.00624	0.00617	0.00891
7	0.01042	0.00711	0.00896	0.00838	0.00947	0.00771	0.00604	0.01320	0.09227	0.07674	0.09638	0.02909	0.02066	0.33120	0.20558	0.00507	0.05507	0.00726	0.00410	0.00529
8	0.09243	0.05490	0.01459	0.01255	0.06728	0.06931	0.00937	0.17118	0.11580	0.19087	0.01704	0.10126	0.01388	0.00780	0.00595	0.00178	0.03472	0.00617	0.00501	0.00810
9	0.60586	0.01168	0.01269	0.01209	0.08649	0.01298	0.08579	0.01787	0.07176	0.02368	0.00972	0.01122	0.00754	0.00535	0.00420	0.00176	0.00513	0.00389	0.00353	0.00676
10	0.01299	0.01226	0.01713	0.16014	0.01958	0.01637	0.01276	0.09455	0.01108	0.01611	0.00855	0.01295	0.00765	0.00872	0.01464	0.00227	0.55794	0.00495	0.00282	0.00655
11	0.01773	0.09831	0.01595	0.01316	0.11212	0.01140	0.00954	0.08877	0.05877	0.26817	0.01601	0.01763	0.01206	0.00633	0.00520	0.00152	0.00516	0.04335	0.00481	0.19400

[dist]
# distance from previous block
# <min> <max>
0	4

[block]
# block no. 8 follows, 42 sequences, length 10
# corresponding to MSA columns:
# 832-841
name=unknown_I
#
# <colnr> <probs for GDERKNQSTAVLIFYWHMCP>
#	G	D	E	R	K	N	Q	S	T	A	V	L	I	F	Y	W	H	M	C	P
0	0.01632	0.36456	0.14790	0.01085	0.01580	0.01588	0.01088	0.02087	0.10930	0.18163	0.01375	0.01377	0.01026	0.00581	0.00464	0.00151	0.00579	0.00431	0.03809	0.00806
1	0.01132	0.02735	0.70309	0.01533	0.02334	0.01256	0.01949	0.01749	0.01186	0.01787	0.01009	0.01186	0.00724	0.00524	0.00524	0.00170	0.00794	0.00408	0.00246	0.08444
2	0.84197	0.01088	0.00827	0.00740	0.01088	0.01262	0.00609	0.01654	0.00958	0.02525	0.00784	0.00914	0.00609	0.00522	0.00348	0.00174	0.00435	0.00305	0.00348	0.00609
3	0.00812	0.00571	0.00745	0.00745	0.00790	0.00617	0.00504	0.00902	0.00857	0.01188	0.01653	0.03020	0.01758	0.45980	0.36713	0.00707	0.00979	0.00721	0.00323	0.00414
4	0.12907	0.00974	0.01245	0.00968	0.01392	0.00882	0.00799	0.02604	0.01528	0.67622	0.02038	0.01788	0.01293	0.00674	0.00538	0.00174	0.00473	0.00533	0.00652	0.00913
5	0.00804	0.00581	0.00780	0.00874	0.00977	0.00558	0.00695	0.01005	0.01272	0.01685	0.14760	0.29329	0.08420	0.01549	0.00733	0.00232	0.00402	0.34308	0.00536	0.00498
6	0.01554	0.56382	0.02889	0.01275	0.01772	0.01930	0.17094	0.01802	0.01224	0.07966	0.00984	0.01125	0.00809	0.00498	0.00445	0.00140	0.00667	0.00403	0.00290	0.00751
7	0.00978	0.00489	0.00733	0.00733	0.00733	0.00489	0.00489	0.00733	0.00733	0.00978	0.00978	0.01711	0.00978	0.01955	0.02199	0.83627	0.00489	0.00489	0.00244	0.00244
8	0.02034	0.01496	0.01652	0.11137	0.01989	0.04824	0.01112	0.56218	0.02319	0.09533	0.01361	0.01405	0.00959	0.00659	0.00561	0.00171	0.00641	0.00505	0.00523	0.00902
9	0.04502	0.11147	0.01526	0.10448	0.07160	0.01109	0.00905	0.06431	0.01254	0.01839	0.01133	0.06473	0.01007	0.00561	0.00465	0.00126	0.00507	0.00457	0.00336	0.42615

[dist]
# distance from previous block
# <min> <max>
0	2

[block]
# block no. 9 follows, 42 sequences, length 19
# corresponding to MSA columns:
# 844-862
name=unknown_J
#
# <colnr> <probs for GDERKNQSTAVLIFYWHMCP>
#	G	D	E	R	K	N	Q	S	T	A	V	L	I	F	Y	W	H	M	C	P
0	0.01649	0.12911	0.15600	0.01384	0.06040	0.01246	0.09329	0.03148	0.06346	0.23518	0.03795	0.01561	0.01164	0.00589	0.00529	0.00160	0.00610	0.00501	0.00427	0.09490
1	0.68211	0.01127	0.00961	0.00822	0.01189	0.01273	0.00677	0.09392	0.01193	0.09407	0.00973	0.01051	0.00717	0.00554	0.00390	0.00174	0.00458	0.00350	0.00402	0.00677
2	0.01226	0.01065	0.01581	0.39705	0.04787	0.01263	0.04295	0.10696	0.04849	0.01827	0.01397	0.03696	0.03901	0.00699	0.00697	0.00187	0.09012	0.00571	0.07874	0.00672
3	0.00738	0.00524	0.00699	0.00820	0.00869	0.00500	0.00583	0.00859	0.01100	0.01459	0.02982	0.60275	0.03508	0.07391	0.00885	0.00257	0.00379	0.15202	0.00508	0.00460
4	0.01775	0.00783	0.01057	0.00888	0.01180	0.00691	0.00700	0.01989	0.01529	0.45200	0.23168	0.13784	0.02828	0.00978	0.00615	0.00183	0.00397	0.00842	0.00650	0.00766
5	0.01408	0.01113	0.01170	0.01040	0.01335	0.01265	0.00812	0.10124	0.53560	0.02428	0.02104	0.02022	0.01585	0.00733	0.00537	0.00177	0.00428	0.00601	0.16732	0.00826
6	0.84197	0.01088	0.00827	0.00740	0.01088	0.01262	0.00609	0.01654	0.00958	0.02525	0.00784	0.00914	0.00609	0.00522	0.00348	0.00174	0.00435	0.00305	0.00348	0.00609
7	0.10220	0.63093	0.04435	0.00959	0.01431	0.01976	0.00942	0.01780	0.01168	0.08345	0.00919	0.01003	0.00771	0.00507	0.00383	0.00132	0.00579	0.00328	0.00293	0.00735
8	0.01311	0.09318	0.00995	0.00758	0.00958	0.16447	0.00594	0.01541	0.01261	0.01871	0.01529	0.01753	0.01221	0.00622	0.00413	0.00133	0.00451	0.00468	0.57784	0.00571
9	0.08327	0.23226	0.01925	0.01139	0.01567	0.03149	0.02819	0.34501	0.01843	0.09419	0.01225	0.01296	0.00926	0.00823	0.05242	0.00202	0.00658	0.00447	0.00441	0.00826
10	0.42194	0.01299	0.01476	0.06587	0.29138	0.07299	0.01117	0.01714	0.01137	0.02116	0.00905	0.01134	0.00731	0.00522	0.00451	0.00170	0.00586	0.00394	0.00312	0.00718
11	0.16185	0.06022	0.01248	0.01030	0.03510	0.07985	0.00773	0.17599	0.01403	0.06051	0.01328	0.01898	0.01192	0.19200	0.11926	0.00354	0.00723	0.00533	0.00392	0.00648
12	0.00711	0.00572	0.00634	0.00618	0.00788	0.00495	0.00464	0.00897	0.01391	0.01778	0.30463	0.04991	0.51561	0.01329	0.00665	0.00185	0.00278	0.01128	0.00557	0.00495
13	0.01266	0.00943	0.01309	0.03583	0.05355	0.01122	0.00943	0.08035	0.01153	0.09472	0.01346	0.01861	0.01178	0.06932	0.29537	0.00484	0.22020	0.00564	0.02262	0.00637
14	0.01024	0.00705	0.00933	0.03088	0.01085	0.00737	0.00685	0.01272	0.05254	0.09819	0.22343	0.32888	0.06178	0.01294	0.00804	0.00206	0.09471	0.01106	0.00530	0.00578
15	0.00954	0.00545	0.00760	0.00775	0.00807	0.00554	0.00527	0.00920	0.06674	0.01175	0.01495	0.16998	0.01571	0.01824	0.01783	0.60806	0.00454	0.00717	0.00324	0.00337
16	0.01584	0.09637	0.01757	0.14396	0.01990	0.13430	0.07859	0.10217	0.04382	0.11224	0.09986	0.03937	0.01505	0.00711	0.00628	0.00173	0.04868	0.00578	0.00413	0.00726
17	0.01517	0.01407	0.01242	0.01069	0.01377	0.22690	0.00820	0.02926	0.07198	0.09577	0.06116	0.12831	0.01620	0.00786	0.00590	0.00153	0.03799	0.00624	0.00423	0.23234
18	0.01704	0.12807	0.01851	0.08273	0.04182	0.09356	0.07621	0.18483	0.03280	0.12930	0.10261	0.01716	0.01463	0.00675	0.00586	0.00167	0.02874	0.00547	0.00443	0.00780

[dist]
# distance from previous block
# <min> <max>
10	26

[block]
# block no. 10 follows, 42 sequences, length 23
# corresponding to MSA columns:
# 908-930
name=unknown_K
#
# <colnr> <probs for GDERKNQSTAVLIFYWHMCP>
#	G	D	E	R	K	N	Q	S	T	A	V	L	I	F	Y	W	H	M	C	P
0	0.08965	0.01202	0.01719	0.08824	0.23575	0.01270	0.06626	0.04354	0.16185	0.02014	0.04153	0.01578	0.01172	0.00605	0.00604	0.00170	0.04747	0.00520	0.00370	0.11344
1	0.20450	0.01132	0.01272	0.07980	0.01597	0.01182	0.00867	0.22053	0.01657	0.18146	0.08261	0.01627	0.01339	0.00651	0.00509	0.00164	0.00506	0.00501	0.00495	0.09609
2	0.02223	0.01442	0.01606	0.01231	0.01678	0.01546	0.01017	0.59174	0.02421	0.19526	0.01540	0.01474	0.01052	0.00680	0.00564	0.00170	0.00589	0.00520	0.00592	0.00957
3	0.00780	0.00575	0.00729	0.00690	0.00830	0.00524	0.00518	0.01030	0.01553	0.02163	0.67414	0.04358	0.14369	0.01185	0.00664	0.00179	0.00268	0.01039	0.00607	0.00524
4	0.01129	0.02911	0.77306	0.01604	0.02436	0.01307	0.02079	0.01782	0.01188	0.01782	0.01010	0.01188	0.00713	0.00535	0.00535	0.00178	0.00832	0.00416	0.00238	0.00832
5	0.01505	0.80561	0.02949	0.00963	0.01444	0.02227	0.00963	0.01685	0.01143	0.01324	0.00782	0.00903	0.00722	0.00481	0.00361	0.00120	0.00602	0.00301	0.00241	0.00722
6	0.00707	0.00519	0.00663	0.00737	0.00814	0.00476	0.00511	0.00847	0.01218	0.01626	0.19390	0.53066	0.14189	0.01583	0.00699	0.00212	0.00307	0.01416	0.00544	0.00476
7	0.01588	0.01396	0.02883	0.02074	0.02614	0.01294	0.58627	0.02007	0.01390	0.18160	0.01374	0.01604	0.00971	0.00523	0.00643	0.00186	0.00847	0.00643	0.00374	0.00802
8	0.00966	0.00493	0.00724	0.00724	0.00724	0.00493	0.00478	0.00739	0.00739	0.00986	0.01037	0.01857	0.01057	0.07772	0.02249	0.77452	0.00493	0.00513	0.00252	0.00252
9	0.02139	0.01576	0.01689	0.01295	0.01745	0.01745	0.01070	0.74835	0.02646	0.03547	0.01351	0.01351	0.00957	0.00676	0.00563	0.00169	0.00619	0.00507	0.00563	0.00957
10	0.01150	0.00980	0.01148	0.00828	0.01311	0.00740	0.00660	0.01400	0.01187	0.01854	0.04528	0.01309	0.01043	0.00451	0.00428	0.00088	0.00410	0.00365	0.00347	0.79774
11	0.01514	0.01186	0.01258	0.01112	0.01425	0.03439	0.00867	0.09337	0.52036	0.09085	0.04785	0.07901	0.01866	0.00833	0.00583	0.00188	0.00465	0.00696	0.00573	0.00851
12	0.01129	0.02911	0.77306	0.01604	0.02436	0.01307	0.02079	0.01782	0.01188	0.01782	0.01010	0.01188	0.00713	0.00535	0.00535	0.00178	0.00832	0.00416	0.00238	0.00832
13	0.11245	0.08264	0.05948	0.00984	0.01443	0.01041	0.00868	0.02271	0.04239	0.42825	0.01670	0.01559	0.01129	0.00607	0.00498	0.00156	0.00495	0.00470	0.00528	0.13760
