[name]
unknown

[dist]
# distance from previous block
# <min> <max>
0	119

[block]
# block no. 0 follows, 40 sequences, length 57
# corresponding to MSA columns:
# 119-143,149-180
name=unknown_A
#
# <colnr> <probs for GDERKNQSTAVLIFYWHMCP>
#	G	D	E	R	K	N	Q	S	T	A	V	L	I	F	Y	W	H	M	C	P
0	0.00923	0.00720	0.02349	0.01053	0.01214	0.00677	0.02261	0.01192	0.01347	0.01749	0.05722	0.06206	0.09839	0.01540	0.00782	0.00256	0.00519	0.60582	0.00530	0.00543
1	0.02144	0.01669	0.08423	0.01327	0.01823	0.01643	0.01165	0.57422	0.04246	0.11983	0.01493	0.01468	0.01038	0.00690	0.00580	0.00177	0.00638	0.00526	0.00568	0.00976
2	0.08272	0.00634	0.00775	0.00742	0.00890	0.00610	0.00555	0.01127	0.01540	0.02282	0.62463	0.10682	0.04904	0.01187	0.00662	0.00187	0.00296	0.01039	0.00606	0.00549
3	0.01541	0.01296	0.01368	0.01203	0.01548	0.01491	0.00943	0.11879	0.65941	0.02585	0.02247	0.02074	0.01678	0.00778	0.00590	0.00194	0.00482	0.00641	0.00590	0.00929
4	0.00758	0.00573	0.00718	0.00788	0.00894	0.00509	0.00551	0.00886	0.01164	0.01544	0.03439	0.57820	0.15159	0.01633	0.00707	0.00217	0.00346	0.03855	0.00522	0.07918
5	0.01394	0.01412	0.03288	0.01483	0.01551	0.08490	0.01239	0.01543	0.01020	0.04557	0.03029	0.01370	0.00927	0.00963	0.01665	0.00238	0.64372	0.00514	0.00289	0.00656
6	0.01415	0.01230	0.01354	0.08114	0.01737	0.01433	0.00983	0.02946	0.68248	0.02347	0.02247	0.02114	0.01685	0.00770	0.00591	0.00197	0.00489	0.00645	0.00562	0.00896
7	0.01850	0.10538	0.01791	0.01302	0.01709	0.10937	0.03332	0.31129	0.26423	0.02663	0.01585	0.01564	0.01191	0.00687	0.00558	0.00174	0.00639	0.00531	0.00504	0.00894
8	0.01017	0.00747	0.00922	0.00997	0.04015	0.02477	0.00682	0.07599	0.01327	0.04851	0.06802	0.50625	0.05537	0.05062	0.00833	0.00236	0.02192	0.02985	0.00526	0.00568
9	0.76237	0.01116	0.00935	0.07733	0.01384	0.01303	0.00718	0.01689	0.01005	0.02508	0.00830	0.00999	0.00643	0.00544	0.00380	0.00181	0.00479	0.00333	0.00351	0.00631
10	0.01481	0.57302	0.03938	0.03241	0.01570	0.01920	0.00974	0.03896	0.01235	0.01561	0.00884	0.01028	0.00778	0.00493	0.00401	0.00121	0.00591	0.00333	0.00279	0.17974
11	0.00734	0.00608	0.00721	0.07635	0.01093	0.00560	0.00576	0.00895	0.01267	0.01566	0.07054	0.24221	0.48062	0.01473	0.00692	0.00206	0.00348	0.01268	0.00518	0.00502
12	0.01384	0.01311	0.02218	0.03314	0.69177	0.01307	0.01673	0.01723	0.01353	0.01939	0.07804	0.01701	0.01332	0.00579	0.00586	0.00174	0.00653	0.00566	0.00320	0.00888
13	0.00813	0.00608	0.00776	0.07702	0.01131	0.00589	0.00634	0.01006	0.01275	0.01707	0.14070	0.26605	0.22150	0.03315	0.00736	0.00216	0.00375	0.07925	0.07854	0.00513
14	0.01185	0.02878	0.69967	0.01729	0.02564	0.01361	0.08602	0.01844	0.01241	0.01844	0.01056	0.01258	0.00750	0.00547	0.00565	0.00185	0.00870	0.00453	0.00250	0.00853
15	0.00754	0.00568	0.00697	0.00715	0.00839	0.00511	0.00517	0.00945	0.01409	0.01886	0.36215	0.25705	0.24230	0.01444	0.00702	0.00202	0.00298	0.01269	0.00585	0.00511
16	0.01048	0.00622	0.00755	0.03141	0.00865	0.00627	0.00482	0.01133	0.00986	0.08433	0.01832	0.03225	0.01872	0.53212	0.09426	0.00501	0.00624	0.00754	0.10002	0.00460
17	0.01072	0.00545	0.00553	0.00551	0.00687	0.00542	0.00413	0.01343	0.01240	0.02176	0.05428	0.02272	0.01682	0.00702	0.00420	0.00138	0.00271	0.00566	0.78857	0.00542
18	0.01621	0.62907	0.08313	0.01094	0.01613	0.02159	0.01097	0.12179	0.01409	0.01735	0.00911	0.01022	0.00781	0.00531	0.00417	0.00136	0.00642	0.00350	0.00297	0.00790
19	0.01325	0.01303	0.08375	0.01170	0.01503	0.01282	0.00979	0.05963	0.51338	0.02267	0.02343	0.15706	0.02006	0.00945	0.00614	0.00202	0.00485	0.00806	0.00549	0.00838
20	0.02056	0.00892	0.01173	0.00944	0.01301	0.00800	0.00763	0.03517	0.04133	0.51240	0.17915	0.02592	0.04470	0.00841	0.00601	0.00179	0.00433	0.00702	0.04589	0.00858
21	0.01221	0.01082	0.01406	0.01004	0.01528	0.00838	0.07273	0.01500	0.01221	0.01892	0.01046	0.01239	0.00863	0.00436	0.00454	0.00096	0.00480	0.00375	0.00340	0.75705
22	0.01178	0.01124	0.01784	0.63302	0.10977	0.03049	0.01578	0.01611	0.04794	0.01570	0.01095	0.01551	0.00838	0.00596	0.00613	0.00192	0.02660	0.00520	0.00279	0.00687
23	0.01545	0.01303	0.01285	0.01150	0.01466	0.08044	0.00891	0.05083	0.53222	0.07235	0.02345	0.05255	0.04358	0.00827	0.00589	0.00191	0.00504	0.00680	0.03168	0.00860
24	0.02267	0.01128	0.01364	0.01068	0.01480	0.01111	0.00875	0.22808	0.04962	0.43881	0.01996	0.01845	0.01332	0.00711	0.00563	0.00174	0.00508	0.00565	0.10429	0.00933
25	0.01012	0.01628	0.32507	0.01166	0.03755	0.00939	0.01162	0.01343	0.02706	0.01480	0.01491	0.02616	0.01493	0.42242	0.01824	0.00384	0.00689	0.00657	0.00311	0.00595
26	0.02173	0.02746	0.01650	0.01495	0.01798	0.75546	0.01123	0.03921	0.01672	0.01473	0.00910	0.01056	0.00754	0.00601	0.00526	0.00150	0.01040	0.00378	0.00306	0.00681
27	0.00846	0.00564	0.00634	0.00634	0.00634	0.00564	0.00352	0.00846	0.00846	0.01128	0.01832	0.03805	0.02114	0.79563	0.02960	0.00564	0.00564	0.00846	0.00352	0.00352
28	0.00709	0.00506	0.00675	0.00810	0.00843	0.00472	0.00540	0.00810	0.01113	0.01484	0.03205	0.79184	0.03846	0.01822	0.00742	0.00236	0.00337	0.01653	0.00540	0.00472
29	0.02517	0.01057	0.01433	0.01195	0.05589	0.00951	0.00924	0.07839	0.01722	0.67087	0.02164	0.01908	0.01379	0.00707	0.00584	0.00179	0.00516	0.00577	0.00686	0.00986
30	0.00751	0.00564	0.00759	0.00864	0.00895	0.00572	0.00595	0.00854	0.01096	0.01478	0.03020	0.73280	0.03613	0.01761	0.00831	0.00238	0.06260	0.01566	0.00518	0.00485
31	0.01609	0.00701	0.00843	0.00739	0.00981	0.00650	0.00578	0.01851	0.01373	0.28937	0.02134	0.07579	0.01640	0.00774	0.00495	0.00159	0.00357	0.00637	0.47266	0.00699
32	0.02524	0.01062	0.01386	0.01070	0.01516	0.00970	0.00882	0.09728	0.04680	0.66369	0.02210	0.01930	0.01409	0.00720	0.00585	0.00180	0.00507	0.00582	0.00701	0.00987
33	0.02134	0.01556	0.01625	0.01268	0.01700	0.04778	0.01039	0.60337	0.04238	0.07422	0.01483	0.01486	0.01058	0.00696	0.00567	0.00172	0.00619	0.00525	0.06356	0.00943
34	0.67226	0.01402	0.01019	0.00905	0.01261	0.13014	0.00729	0.05266	0.01175	0.02477	0.00852	0.00982	0.00665	0.00557	0.00396	0.00175	0.00551	0.00334	0.00361	0.00654
35	0.04899	0.00978	0.01254	0.02899	0.03208	0.01027	0.00875	0.10507	0.10063	0.25887	0.01844	0.03235	0.01410	0.01970	0.26725	0.00440	0.00877	0.00603	0.00511	0.00789
36	0.00831	0.00623	0.00935	0.00935	0.01038	0.00727	0.00727	0.01038	0.00935	0.01350	0.01558	0.02285	0.01454	0.04361	0.77259	0.00935	0.01558	0.00623	0.00312	0.00519
37	0.01728	0.54804	0.02589	0.01131	0.01580	0.16876	0.01027	0.08139	0.04475	0.01621	0.00942	0.01047	0.00811	0.00547	0.00430	0.00137	0.00700	0.00356	0.00302	0.00760
38	0.47356	0.01744	0.01247	0.01186	0.05055	0.28389	0.00881	0.04807	0.01310	0.02194	0.00879	0.01024	0.00701	0.00566	0.00438	0.00169	0.00683	0.00354	0.00344	0.00674
39	0.01453	0.01239	0.01311	0.01172	0.01498	0.01425	0.00913	0.05961	0.68934	0.02480	0.05275	0.02225	0.01892	0.00801	0.00595	0.00196	0.00460	0.00668	0.00593	0.00908
40	0.01086	0.02436	0.06625	0.02793	0.17115	0.02263	0.01015	0.01552	0.11949	0.01883	0.12379	0.13973	0.14954	0.01044	0.00635	0.00192	0.00487	0.03852	0.00466	0.03299
41	0.00846	0.00564	0.00634	0.00634	0.00634	0.00564	0.00352	0.00846	0.00846	0.01128	0.01832	0.03805	0.02114	0.79563	0.02960	0.00564	0.00564	0.00846	0.00352	0.00352
42	0.01261	0.01256	0.01760	0.01512	0.01515	0.01755	0.01259	0.01391	0.00892	0.01398	0.00783	0.01297	0.00780	0.01100	0.03752	0.00271	0.76616	0.00512	0.00256	0.00633
43	0.01098	0.01034	0.01744	0.78165	0.04005	0.01292	0.01615	0.01486	0.01163	0.01486	0.01034	0.01550	0.00775	0.00581	0.00581	0.00194	0.00775	0.00517	0.00258	0.00646
44	0.02053	0.02554	0.01572	0.01431	0.01717	0.68815	0.01073	0.03901	0.01657	0.01528	0.05081	0.03707	0.01112	0.00673	0.00541	0.00155	0.00974	0.00456	0.00333	0.00668
45	0.00779	0.00618	0.00716	0.00765	0.00939	0.00556	0.00623	0.00970	0.01330	0.01633	0.04863	0.05949	0.49239	0.01522	0.00730	0.00222	0.00383	0.27118	0.00538	0.00507
46	0.01322	0.01234	0.01964	0.15577	0.44842	0.01213	0.01479	0.01653	0.01267	0.01828	0.01068	0.01399	0.00881	0.00507	0.00540	0.00154	0.00639	0.00474	0.00297	0.21661
47	0.71413	0.03600	0.01109	0.00893	0.01276	0.01379	0.04180	0.06860	0.01138	0.02610	0.00869	0.01006	0.00671	0.00547	0.00392	0.00179	0.00494	0.00347	0.00369	0.00666
48	0.00846	0.00564	0.00634	0.00634	0.00634	0.00564	0.00352	0.00846	0.00846	0.01128	0.01832	0.03805	0.02114	0.79563	0.02960	0.00564	0.00564	0.00846	0.00352	0.00352
49	0.01013	0.00673	0.00909	0.01000	0.01157	0.00657	0.00862	0.01268	0.01350	0.05836	0.03236	0.06010	0.09763	0.01501	0.00762	0.00250	0.00499	0.58213	0.04486	0.00557
50	0.00896	0.00624	0.00731	0.00702	0.00890	0.00547	0.00537	0.01097	0.01455	0.07701	0.28968	0.07081	0.40609	0.01334	0.00686	0.00195	0.00316	0.04492	0.00588	0.00551
51	0.01373	0.01569	0.03431	0.02451	0.03039	0.01471	0.73824	0.01863	0.01373	0.01863	0.01176	0.01569	0.00882	0.00490	0.00686	0.00196	0.00980	0.00686	0.00294	0.00784
52	0.68280	0.01099	0.00949	0.00816	0.01193	0.01219	0.00672	0.01923	0.01118	0.16607	0.01092	0.01141	0.00784	0.00574	0.00403	0.00180	0.00458	0.00366	0.00428	0.00698
53	0.83671	0.01125	0.00855	0.00765	0.01125	0.01305	0.00630	0.01709	0.00990	0.02609	0.00810	0.00945	0.00630	0.00540	0.00360	0.00180	0.00450	0.00315	0.00360	0.00630
54	0.01683	0.67934	0.02815	0.01032	0.01517	0.05191	0.00994	0.04719	0.01297	0.06934	0.00944	0.01032	0.00807	0.00526	0.00403	0.00131	0.00631	0.00342	0.00298	0.00771
55	0.01253	0.01069	0.01229	0.00904	0.01401	0.00865	0.00721	0.03345	0.08396	0.01989	0.01172	0.01304	0.00953	0.00472	0.00450	0.00099	0.00439	0.00379	0.00374	0.73186
56	0.05012	0.01269	0.03219	0.01283	0.05081	0.01373	0.00982	0.08460	0.48477	0.10162	0.02116	0.04862	0.01617	0.00790	0.00616	0.00194	0.02381	0.00647	0.00561	0.00896

[dist]
# distance from previous block
# <min> <max>
4	21

[block]
# block no. 1 follows, 40 sequences, length 8
# corresponding to MSA columns:
# 204-211
name=unknown_B
#
# <colnr> <probs for GDERKNQSTAVLIFYWHMCP>
#	G	D	E	R	K	N	Q	S	T	A	V	L	I	F	Y	W	H	M	C	P
0	0.68989	0.01171	0.01124	0.01265	0.14482	0.01318	0.00836	0.01723	0.01049	0.02482	0.00860	0.01033	0.00682	0.00536	0.00398	0.00179	0.00493	0.00351	0.00347	0.00682
1	0.68989	0.01171	0.01124	0.01265	0.14482	0.01318	0.00836	0.01723	0.01049	0.02482	0.00860	0.01033	0.00682	0.00536	0.00398	0.00179	0.00493	0.00351	0.00347	0.00682
2	0.01432	0.10274	0.43804	0.01702	0.07466	0.01540	0.06114	0.14750	0.03771	0.02143	0.01135	0.01293	0.00836	0.00574	0.00551	0.00177	0.00779	0.00463	0.00322	0.00873
3	0.02178	0.01497	0.01634	0.01265	0.01710	0.01631	0.01041	0.60144	0.05511	0.11689	0.01557	0.01525	0.01092	0.00703	0.00575	0.00174	0.00601	0.00537	0.03968	0.00968
4	0.00920	0.00635	0.00699	0.00658	0.00875	0.00539	0.00502	0.01093	0.01406	0.10041	0.14646	0.05027	0.58167	0.01351	0.00676	0.00193	0.00314	0.01132	0.00573	0.00554
5	0.09481	0.09514	0.01074	0.00814	0.00930	0.00853	0.00603	0.04680	0.00929	0.01346	0.00987	0.01572	0.00941	0.01633	0.01781	0.61213	0.00519	0.00465	0.00280	0.00383
6	0.83671	0.01125	0.00855	0.00765	0.01125	0.01305	0.00630	0.01709	0.00990	0.02609	0.00810	0.00945	0.00630	0.00540	0.00360	0.00180	0.00450	0.00315	0.00360	0.00630
7	0.46565	0.10775	0.04282	0.00918	0.01298	0.11947	0.00788	0.01704	0.01159	0.02123	0.01356	0.01452	0.08259	0.00632	0.00429	0.00166	0.00554	0.00421	0.00351	0.04820

[dist]
# distance from previous block
# <min> <max>
0	2

[block]
# block no. 2 follows, 40 sequences, length 13
# corresponding to MSA columns:
# 214-226
name=unknown_C
#
# <colnr> <probs for GDERKNQSTAVLIFYWHMCP>
#	G	D	E	R	K	N	Q	S	T	A	V	L	I	F	Y	W	H	M	C	P
0	0.01586	0.05654	0.01533	0.01436	0.13605	0.01110	0.02651	0.03609	0.14235	0.18932	0.01694	0.01966	0.01348	0.10094	0.06175	0.00263	0.00616	0.00571	0.00462	0.12462
1	0.00825	0.00571	0.00672	0.00677	0.00723	0.00554	0.00429	0.00903	0.01063	0.01429	0.16021	0.09302	0.07779	0.51571	0.02154	0.00435	0.00475	0.03567	0.00438	0.00413
2	0.10904	0.17201	0.16750	0.02925	0.01722	0.08988	0.02686	0.01857	0.01307	0.10516	0.05446	0.01399	0.01111	0.00580	0.00487	0.00152	0.00637	0.00435	0.00361	0.14535
3	0.01528	0.74682	0.08047	0.01040	0.01562	0.02236	0.01073	0.01748	0.01185	0.01400	0.00824	0.00953	0.00746	0.00501	0.00385	0.00128	0.00638	0.00319	0.00249	0.00754
4	0.01222	0.02934	0.72536	0.01640	0.02479	0.01375	0.02093	0.05714	0.01309	0.01939	0.01063	0.01237	0.00750	0.00560	0.00554	0.00184	0.00848	0.00435	0.00264	0.00866
5	0.00846	0.00564	0.00634	0.00634	0.00634	0.00564	0.00352	0.00846	0.00846	0.01128	0.01832	0.03805	0.02114	0.79563	0.02960	0.00564	0.00564	0.00846	0.00352	0.00352
6	0.01382	0.01314	0.01777	0.01505	0.01559	0.01784	0.01253	0.09871	0.01106	0.01664	0.00837	0.01287	0.00790	0.00981	0.01754	0.00245	0.69413	0.00511	0.00293	0.00677
7	0.01231	0.10243	0.01384	0.00886	0.01349	0.03370	0.00723	0.01473	0.01243	0.01832	0.06165	0.04532	0.01280	0.00552	0.00457	0.00105	0.00458	0.00443	0.00360	0.61915
8	0.01771	0.21948	0.06804	0.01519	0.02034	0.04411	0.19067	0.22541	0.04704	0.07828	0.01258	0.01372	0.00942	0.00588	0.00550	0.00168	0.00728	0.00508	0.00406	0.00854
9	0.01697	0.01896	0.01295	0.01229	0.01452	0.46558	0.00905	0.01836	0.01473	0.05809	0.01853	0.25476	0.04115	0.01013	0.00601	0.00180	0.00772	0.00810	0.00406	0.00624
10	0.01289	0.01092	0.01565	0.28218	0.08090	0.01250	0.03065	0.10117	0.11334	0.03691	0.10524	0.08340	0.01789	0.00826	0.00704	0.00197	0.06056	0.00701	0.00424	0.00729
11	0.01242	0.01223	0.01701	0.01464	0.01464	0.01696	0.01208	0.01361	0.00887	0.01380	0.00838	0.01450	0.00858	0.06519	0.01982	0.00276	0.73041	0.00532	0.00261	0.00616
12	0.01841	0.41574	0.02356	0.01215	0.01635	0.28093	0.01050	0.10418	0.03923	0.01690	0.00959	0.01067	0.00809	0.00566	0.00457	0.00141	0.00766	0.00369	0.00316	0.00755

[dist]
# distance from previous block
# <min> <max>
0	1

[block]
# block no. 3 follows, 40 sequences, length 10
# corresponding to MSA columns:
# 228-237
name=unknown_D
#
# <colnr> <probs for GDERKNQSTAVLIFYWHMCP>
#	G	D	E	R	K	N	Q	S	T	A	V	L	I	F	Y	W	H	M	C	P
0	0.01098	0.01034	0.01744	0.78165	0.04005	0.01292	0.01615	0.01486	0.01163	0.01486	0.01034	0.01550	0.00775	0.00581	0.00581	0.00194	0.00775	0.00517	0.00258	0.00646
1	0.83671	0.01125	0.00855	0.00765	0.01125	0.01305	0.00630	0.01709	0.00990	0.02609	0.00810	0.00945	0.00630	0.00540	0.00360	0.00180	0.00450	0.00315	0.00360	0.00630
2	0.00874	0.00726	0.00986	0.05435	0.01255	0.00696	0.05299	0.01185	0.05018	0.01848	0.21894	0.04809	0.31622	0.01280	0.00698	0.00207	0.00416	0.14656	0.00534	0.00563
3	0.00780	0.00561	0.00739	0.00761	0.00859	0.00520	0.00545	0.00990	0.01447	0.02015	0.48499	0.32378	0.04872	0.01426	0.00707	0.00203	0.00298	0.01277	0.00603	0.00520
4	0.02266	0.01540	0.01690	0.01296	0.01759	0.01671	0.01070	0.64072	0.02585	0.13800	0.01521	0.01477	0.01052	0.00701	0.00582	0.00175	0.00620	0.00532	0.00601	0.00989
5	0.00937	0.00669	0.00937	0.01071	0.01205	0.00669	0.00937	0.01205	0.01339	0.01740	0.03079	0.06560	0.03347	0.01606	0.00803	0.00268	0.00535	0.72021	0.00535	0.00535
6	0.02609	0.00990	0.01350	0.01035	0.01484	0.00855	0.00855	0.02834	0.01664	0.76338	0.02294	0.01979	0.01439	0.00720	0.00585	0.00180	0.00495	0.00585	0.00720	0.00990
7	0.02057	0.02486	0.01768	0.01822	0.13712	0.60949	0.01229	0.06123	0.01655	0.01621	0.00957	0.01130	0.00790	0.00592	0.00536	0.00155	0.00969	0.00406	0.00313	0.00731
8	0.01674	0.01504	0.01921	0.09872	0.31657	0.07861	0.01391	0.22595	0.06387	0.02358	0.01235	0.01436	0.00962	0.00594	0.00565	0.00169	0.00683	0.00505	0.00393	0.06237
9	0.67097	0.01203	0.01094	0.01094	0.08355	0.01365	0.00791	0.09442	0.01208	0.02654	0.00900	0.01040	0.00696	0.00555	0.00404	0.00179	0.00493	0.00357	0.00377	0.00696

[dist]
# distance from previous block
# <min> <max>
0	2

[block]
# block no. 4 follows, 40 sequences, length 44
# corresponding to MSA columns:
# 240-283
name=unknown_E
#
# <colnr> <probs for GDERKNQSTAVLIFYWHMCP>
#	G	D	E	R	K	N	Q	S	T	A	V	L	I	F	Y	W	H	M	C	P
0	0.01519	0.01095	0.01310	0.01037	0.03662	0.00936	0.00805	0.08561	0.05556	0.13026	0.01389	0.01554	0.01084	0.00555	0.00492	0.00122	0.00472	0.02506	0.00440	0.53879
1	0.12321	0.14169	0.01680	0.01256	0.01578	0.48904	0.00987	0.02040	0.01493	0.01651	0.07882	0.01327	0.01178	0.00631	0.00495	0.00153	0.00835	0.00421	0.00331	0.00668
2	0.01616	0.01255	0.01352	0.01182	0.01533	0.01419	0.00929	0.08692	0.62294	0.09461	0.02283	0.02090	0.01681	0.00775	0.00590	0.00194	0.00478	0.00640	0.00603	0.00932
3	0.02172	0.02772	0.01648	0.01498	0.01798	0.77228	0.01124	0.02322	0.01648	0.01423	0.00899	0.01049	0.00749	0.00599	0.00524	0.00150	0.01049	0.00375	0.00300	0.00674
4	0.22060	0.01249	0.01765	0.18073	0.34427	0.01368	0.01377	0.05244	0.05486	0.02107	0.01097	0.01378	0.00870	0.00561	0.00524	0.00180	0.00632	0.00475	0.00331	0.00794
5	0.01949	0.01551	0.02147	0.01602	0.02087	0.01635	0.20939	0.49349	0.02271	0.05229	0.01382	0.01491	0.00993	0.00641	0.00603	0.00179	0.00714	0.00571	0.03752	0.00915
6	0.01373	0.01569	0.03431	0.02451	0.03039	0.01471	0.73824	0.01863	0.01373	0.01863	0.01176	0.01569	0.00882	0.00490	0.00686	0.00196	0.00980	0.00686	0.00294	0.00784
7	0.00846	0.00564	0.00634	0.00634	0.00634	0.00564	0.00352	0.00846	0.00846	0.01128	0.01832	0.03805	0.02114	0.79563	0.02960	0.00564	0.00564	0.00846	0.00352	0.00352
8	0.00845	0.00568	0.00654	0.00654	0.00661	0.00574	0.00377	0.00858	0.00851	0.01142	0.01814	0.03706	0.02071	0.74630	0.07834	0.00588	0.00629	0.00831	0.00350	0.00363
9	0.00711	0.00582	0.00608	0.00614	0.00778	0.00500	0.00444	0.00847	0.01282	0.01561	0.08831	0.09698	0.60762	0.09101	0.00912	0.00234	0.00322	0.01206	0.00527	0.00479
10	0.01274	0.01063	0.01130	0.01047	0.01320	0.01196	0.00802	0.02526	0.55449	0.02235	0.02749	0.10727	0.08760	0.00955	0.00605	0.00197	0.00420	0.00809	0.05927	0.00808
11	0.00820	0.00608	0.00892	0.00904	0.00995	0.00693	0.00686	0.01005	0.00946	0.01349	0.01729	0.09590	0.01719	0.08786	0.65476	0.00846	0.01382	0.00733	0.00335	0.00504
12	0.11069	0.01869	0.30501	0.01286	0.01880	0.01229	0.01361	0.09994	0.05104	0.27727	0.01549	0.01518	0.01044	0.00636	0.00547	0.00182	0.00645	0.00491	0.00474	0.00895
13	0.01409	0.01327	0.07142	0.22910	0.26473	0.01228	0.05100	0.04117	0.01331	0.08085	0.01179	0.01466	0.00902	0.00545	0.00558	0.00167	0.00679	0.00497	0.00333	0.14554
14	0.01428	0.01529	0.03266	0.02347	0.02905	0.01453	0.67458	0.01891	0.01368	0.05418	0.01214	0.01577	0.00904	0.00522	0.00730	0.00198	0.04017	0.00674	0.00313	0.00788
15	0.01255	0.01055	0.01310	0.03538	0.04438	0.00830	0.01984	0.01524	0.01225	0.04059	0.01075	0.01255	0.00878	0.00449	0.00450	0.00098	0.00463	0.00370	0.00350	0.73394
16	0.01332	0.01309	0.01887	0.02929	0.01686	0.01753	0.06028	0.05769	0.01037	0.01567	0.00833	0.01304	0.00785	0.00956	0.01726	0.00245	0.67389	0.00522	0.00277	0.00667
17	0.00709	0.00506	0.00675	0.00810	0.00843	0.00472	0.00540	0.00810	0.01113	0.01484	0.03205	0.79184	0.03846	0.01822	0.00742	0.00236	0.00337	0.01653	0.00540	0.00472
18	0.02006	0.23551	0.02025	0.01363	0.01716	0.57046	0.01089	0.02166	0.01522	0.01408	0.00875	0.01017	0.00748	0.00572	0.00484	0.00143	0.00934	0.00357	0.00286	0.00694
19	0.09756	0.10106	0.01714	0.01375	0.01705	0.60142	0.01064	0.04729	0.01579	0.01608	0.00899	0.01040	0.00746	0.00587	0.00496	0.00151	0.00936	0.00368	0.00310	0.00688
20	0.01140	0.00848	0.01157	0.03600	0.11387	0.00852	0.00858	0.03451	0.10353	0.06648	0.40520	0.05356	0.03704	0.01039	0.00658	0.00191	0.00414	0.06572	0.00567	0.00682
21	0.00937	0.05904	0.01155	0.00987	0.01094	0.00952	0.00780	0.01113	0.00937	0.01337	0.01431	0.02207	0.01379	0.10725	0.55436	0.00758	0.11421	0.00609	0.00304	0.00534
22	0.01473	0.01223	0.01287	0.01142	0.01468	0.01397	0.00893	0.09455	0.61693	0.02505	0.02352	0.02198	0.03838	0.00794	0.00583	0.00191	0.00461	0.00655	0.05501	0.00892
23	0.00844	0.00605	0.00757	0.00717	0.00874	0.00547	0.00542	0.01091	0.01576	0.04092	0.58239	0.04577	0.19608	0.01242	0.00686	0.00187	0.00289	0.02359	0.00620	0.00548
24	0.00820	0.00568	0.00627	0.00627	0.00658	0.00552	0.00367	0.00844	0.00922	0.01198	0.02479	0.04091	0.13842	0.67117	0.02598	0.00505	0.00521	0.00906	0.00382	0.00374
25	0.75975	0.01112	0.00902	0.00790	0.01159	0.01262	0.00651	0.01816	0.01054	0.09609	0.00951	0.01043	0.00707	0.00557	0.00381	0.00180	0.00454	0.00341	0.00394	0.00664
26	0.01414	0.01335	0.02219	0.20974	0.34207	0.01431	0.11656	0.08559	0.05803	0.01973	0.01183	0.01517	0.00932	0.00581	0.00644	0.00186	0.03678	0.00550	0.00326	0.00831
27	0.00809	0.00583	0.00766	0.00755	0.00876	0.00541	0.00560	0.01056	0.01552	0.02179	0.61855	0.16188	0.05159	0.01302	0.00699	0.00194	0.00293	0.03476	0.00621	0.00536
28	0.00742	0.00620	0.00719	0.00816	0.05290	0.00543	0.00545	0.00896	0.01296	0.01602	0.07719	0.19678	0.54536	0.01473	0.00691	0.00202	0.00326	0.01261	0.00529	0.00515
29	0.11325	0.50076	0.09338	0.01071	0.01531	0.01938	0.01061	0.05149	0.01205	0.01672	0.00905	0.01091	0.00790	0.00799	0.05526	0.00199	0.04944	0.00364	0.00282	0.00734
30	0.83671	0.01125	0.00855	0.00765	0.01125	0.01305	0.00630	0.01709	0.00990	0.02609	0.00810	0.00945	0.00630	0.00540	0.00360	0.00180	0.00450	0.00315	0.00360	0.00630
31	0.00926	0.00798	0.07872	0.00900	0.01027	0.00635	0.00745	0.01003	0.01034	0.01379	0.02152	0.12743	0.04781	0.16984	0.01622	0.24525	0.00530	0.19516	0.00390	0.00438
32	0.06350	0.51113	0.18775	0.01175	0.01696	0.01986	0.01250	0.01729	0.01153	0.01548	0.00855	0.01029	0.00739	0.00561	0.00555	0.00153	0.07966	0.00356	0.00255	0.00754
33	0.01223	0.00876	0.01032	0.00929	0.01167	0.00912	0.00716	0.02004	0.28974	0.09310	0.41417	0.03311	0.03722	0.00996	0.00641	0.00188	0.00364	0.00861	0.00630	0.00729
34	0.00709	0.00506	0.00675	0.00810	0.00843	0.00472	0.00540	0.00810	0.01113	0.01484	0.03205	0.79184	0.03846	0.01822	0.00742	0.00236	0.00337	0.01653	0.00540	0.00472
35	0.01531	0.72426	0.05316	0.01111	0.01625	0.02218	0.05808	0.01752	0.01196	0.01415	0.00840	0.00984	0.00755	0.00499	0.00399	0.00131	0.00653	0.00339	0.00252	0.00752
36	0.02075	0.01128	0.01742	0.08819	0.14016	0.01074	0.07853	0.05932	0.01578	0.43942	0.03184	0.03199	0.01335	0.00680	0.00597	0.00182	0.00599	0.00601	0.00555	0.00910
37	0.00851	0.00616	0.00809	0.00907	0.01027	0.00591	0.00739	0.01035	0.01258	0.01614	0.03517	0.18239	0.17433	0.03430	0.00894	0.04415	0.00454	0.41156	0.00519	0.00498
38	0.01166	0.03008	0.76550	0.01657	0.02517	0.01351	0.02149	0.01842	0.01228	0.01842	0.01044	0.01228	0.00737	0.00552	0.00552	0.00184	0.00859	0.00430	0.00246	0.00859
39	0.01583	0.01313	0.01933	0.22236	0.36306	0.06255	0.01500	0.01985	0.05752	0.13459	0.01330	0.01571	0.01004	0.00588	0.00576	0.00179	0.00692	0.00527	0.00367	0.00844
40	0.01293	0.00845	0.01089	0.00989	0.01217	0.00850	0.04202	0.04093	0.16998	0.13385	0.13117	0.24889	0.02811	0.01130	0.00640	0.00199	0.00418	0.02843	0.08296	0.00697
41	0.01237	0.01090	0.01512	0.08362	0.04252	0.00910	0.08137	0.01530	0.01229	0.03121	0.01104	0.02473	0.00912	0.00480	0.00483	0.00114	0.00526	0.00425	0.00339	0.61766
42	0.00944	0.00743	0.00876	0.00829	0.00992	0.03193	0.00634	0.01364	0.09680	0.02274	0.60340	0.04141	0.04782	0.01153	0.00678	0.00189	0.00338	0.05642	0.00617	0.00593
43	0.22780	0.26535	0.05726	0.01141	0.03913	0.07502	0.03122	0.01808	0.08077	0.01856	0.01197	0.04005	0.01067	0.00723	0.00557	0.04333	0.00601	0.04021	0.00340	0.00695

[dist]
# distance from previous block
# <min> <max>
4	12

[block]
# block no. 5 follows, 40 sequences, length 19
# corresponding to MSA columns:
# 296-314
name=unknown_F
#
# <colnr> <probs for GDERKNQSTAVLIFYWHMCP>
#	G	D	E	R	K	N	Q	S	T	A	V	L	I	F	Y	W	H	M	C	P
0	0.01203	0.01171	0.06435	0.00917	0.01457	0.00815	0.00790	0.01490	0.01207	0.01891	0.01034	0.01207	0.00853	0.00439	0.00439	0.00093	0.00460	0.00350	0.00338	0.77409
1	0.00889	0.00848	0.06083	0.00913	0.01077	0.03070	0.01984	0.04273	0.01336	0.01777	0.16199	0.44447	0.10569	0.01469	0.00700	0.00214	0.00409	0.02665	0.00527	0.00551
2	0.01470	0.11042	0.06799	0.02475	0.39476	0.07733	0.04309	0.01958	0.10448	0.01855	0.03561	0.01516	0.01119	0.00594	0.00598	0.00173	0.03179	0.00516	0.00330	0.00849
3	0.04250	0.23324	0.33085	0.03843	0.01970	0.01471	0.01420	0.01801	0.01231	0.06907	0.01056	0.01197	0.00807	0.00529	0.00479	0.00151	0.00678	0.00392	0.00301	0.15108
4	0.00792	0.00655	0.00721	0.00665	0.00893	0.00544	0.00503	0.00979	0.01360	0.01760	0.18151	0.07127	0.48770	0.01273	0.00650	0.00178	0.00313	0.01074	0.00529	0.13063
5	0.00962	0.00986	0.09063	0.01061	0.05681	0.00810	0.00840	0.01395	0.08949	0.02110	0.43344	0.05098	0.09956	0.03800	0.00775	0.00202	0.02882	0.00915	0.00539	0.00632
6	0.00693	0.00565	0.00614	0.00653	0.00802	0.00486	0.00470	0.00827	0.01264	0.01546	0.05111	0.26974	0.54825	0.01574	0.00703	0.00208	0.00307	0.01351	0.00540	0.00486
7	0.01388	0.04896	0.14544	0.04702	0.32072	0.04055	0.07648	0.02011	0.14407	0.01924	0.03109	0.01579	0.01128	0.00607	0.00623	0.00182	0.03385	0.00542	0.00341	0.00856
8	0.09999	0.01428	0.01724	0.12904	0.09330	0.03882	0.04019	0.33898	0.06999	0.04509	0.01306	0.01456	0.00972	0.00724	0.02123	0.00197	0.02707	0.00515	0.00453	0.00855
9	0.00803	0.00581	0.00698	0.00676	0.00795	0.00533	0.00481	0.00956	0.01351	0.01812	0.37878	0.04414	0.23877	0.15616	0.01210	0.05937	0.00348	0.01025	0.00534	0.00477
10	0.01302	0.01260	0.07612	0.01187	0.01526	0.01252	0.03374	0.02475	0.48247	0.03709	0.04327	0.02281	0.04596	0.01351	0.12521	0.00310	0.00671	0.00666	0.00511	0.00822
11	0.00721	0.00581	0.00645	0.00672	0.00831	0.00505	0.00501	0.00880	0.01322	0.01643	0.12226	0.18142	0.51716	0.01513	0.00704	0.00206	0.00315	0.05831	0.00550	0.00496
12	0.01198	0.01151	0.01601	0.04805	0.01498	0.01570	0.01144	0.01317	0.00896	0.01361	0.00942	0.01679	0.00974	0.13214	0.02013	0.00300	0.62913	0.00562	0.00270	0.00592
13	0.02374	0.00996	0.01411	0.13030	0.01876	0.00923	0.00973	0.02624	0.01586	0.64697	0.02098	0.01913	0.01336	0.00698	0.00584	0.00182	0.00538	0.00574	0.00648	0.00936
14	0.02059	0.02535	0.01596	0.01449	0.01753	0.65443	0.01092	0.02442	0.13038	0.01580	0.01127	0.01223	0.00909	0.00629	0.00535	0.00157	0.00957	0.00419	0.00345	0.00712
15	0.01242	0.01088	0.01385	0.01282	0.12973	0.00870	0.00859	0.01514	0.01224	0.01896	0.01043	0.01242	0.00871	0.00444	0.00453	0.00100	0.00471	0.00372	0.00336	0.70335
16	0.00795	0.00621	0.00827	0.12773	0.01303	0.00625	0.00670	0.00944	0.01145	0.01479	0.05108	0.36508	0.18071	0.13160	0.01038	0.00270	0.00434	0.03269	0.00471	0.00489
17	0.02296	0.00936	0.01259	0.00992	0.01390	0.00825	0.00809	0.02572	0.03911	0.62559	0.13701	0.02353	0.02079	0.00795	0.00601	0.00181	0.00459	0.00660	0.00703	0.00919
18	0.04498	0.30813	0.25714	0.01210	0.01729	0.01561	0.01311	0.01745	0.06339	0.01727	0.03404	0.03772	0.01409	0.00756	0.00528	0.00177	0.00650	0.11574	0.00337	0.00746

[dist]
# distance from previous block
# <min> <max>
0	267

# created by:
# /home/berkeley/.conda/envs/busco_data_prod/bin/msa2prfl.pl pipeline/OGs_align_augustus/33634/157176.fs
