[name]
unknown

[dist]
# distance from previous block
# <min> <max>
14	195

[block]
# block no. 0 follows, 41 sequences, length 19
# corresponding to MSA columns:
# 232-250
name=unknown_A
#
# <colnr> <probs for GDERKNQSTAVLIFYWHMCP>
#	G	D	E	R	K	N	Q	S	T	A	V	L	I	F	Y	W	H	M	C	P
0	0.05905	0.06923	0.10327	0.07376	0.03987	0.01100	0.01013	0.04824	0.11076	0.13110	0.08395	0.10534	0.01852	0.00829	0.00563	0.00180	0.00518	0.03014	0.04367	0.04106
1	0.07068	0.04936	0.01713	0.09350	0.10318	0.04044	0.09705	0.14558	0.01531	0.06699	0.06151	0.06345	0.04098	0.02583	0.00626	0.00183	0.00611	0.02501	0.00418	0.06560
2	0.07429	0.05570	0.14106	0.03442	0.05997	0.01467	0.01205	0.24894	0.15717	0.12200	0.01515	0.01517	0.01089	0.00649	0.00544	0.00176	0.00606	0.00507	0.00480	0.00890
3	0.00901	0.00561	0.00727	0.05058	0.00852	0.00575	0.00468	0.00838	0.00820	0.01090	0.01484	0.02938	0.01637	0.48994	0.02550	0.28625	0.00547	0.00700	0.00308	0.00330
4	0.09567	0.01522	0.10634	0.09617	0.02160	0.04706	0.16298	0.11356	0.10421	0.11029	0.01437	0.04138	0.01090	0.00655	0.00608	0.00186	0.02790	0.00570	0.00415	0.00798
5	0.05768	0.18199	0.06227	0.11345	0.13417	0.01602	0.10399	0.17597	0.01560	0.06936	0.01143	0.01329	0.00870	0.00564	0.00528	0.00167	0.00685	0.00478	0.00364	0.00820
6	0.00726	0.00536	0.00732	0.05175	0.01008	0.00524	0.00593	0.00846	0.01091	0.01449	0.03009	0.67631	0.05696	0.03444	0.04394	0.00268	0.00416	0.01486	0.00501	0.00475
7	0.72785	0.01218	0.03397	0.00839	0.01220	0.01335	0.00716	0.09221	0.01159	0.02649	0.00864	0.00984	0.00659	0.00547	0.00383	0.00177	0.00475	0.00335	0.00373	0.00663
8	0.00707	0.00514	0.00666	0.00768	0.00827	0.00474	0.00523	0.00828	0.01169	0.01554	0.10949	0.64834	0.10686	0.01696	0.00719	0.00223	0.00322	0.01526	0.00541	0.00474
9	0.07772	0.20901	0.04702	0.01051	0.01337	0.08678	0.00902	0.08300	0.03912	0.01743	0.01455	0.12790	0.01433	0.01081	0.03592	0.07010	0.05477	0.04649	0.02575	0.00641
10	0.04166	0.12973	0.10401	0.03354	0.01670	0.03723	0.01038	0.10835	0.14052	0.12767	0.01418	0.01439	0.01053	0.00592	0.00501	0.00152	0.00568	0.00456	0.00433	0.18409
11	0.01267	0.07806	0.33022	0.25315	0.06212	0.05018	0.04448	0.04689	0.01264	0.01713	0.01012	0.01306	0.00762	0.00567	0.00589	0.00180	0.03345	0.00458	0.00266	0.00762
12	0.00741	0.00562	0.00687	0.00754	0.00851	0.00523	0.00528	0.00944	0.04657	0.01635	0.13565	0.48896	0.20386	0.01582	0.00703	0.00215	0.00319	0.01405	0.00547	0.00499
13	0.01142	0.00910	0.05066	0.00989	0.03537	0.00819	0.03385	0.09729	0.04599	0.05014	0.31126	0.10809	0.04579	0.00985	0.00604	0.00177	0.00402	0.00858	0.14623	0.00647
14	0.04644	0.17467	0.12966	0.04280	0.07678	0.01517	0.05099	0.19389	0.02873	0.11403	0.03838	0.03926	0.01163	0.00647	0.00533	0.00168	0.00635	0.00522	0.00418	0.00833
15	0.36274	0.01055	0.01106	0.00902	0.01282	0.01089	0.00737	0.08762	0.01412	0.33675	0.01537	0.01542	0.01069	0.03447	0.00559	0.00188	0.00475	0.00467	0.03634	0.00787
16	0.00725	0.00518	0.00694	0.00814	0.00863	0.00487	0.00566	0.00851	0.01151	0.01541	0.08232	0.67787	0.03852	0.01730	0.00732	0.00231	0.00345	0.07870	0.00537	0.00475
17	0.04892	0.10411	0.09298	0.09777	0.17234	0.02547	0.10954	0.03651	0.04330	0.10990	0.03548	0.01511	0.01062	0.00613	0.00653	0.00179	0.06680	0.00519	0.00355	0.00797
18	0.01510	0.08697	0.32939	0.10694	0.09839	0.06324	0.04349	0.05394	0.01367	0.11830	0.01188	0.01349	0.00859	0.00568	0.00543	0.00173	0.00757	0.00462	0.00331	0.00826

[dist]
# distance from previous block
# <min> <max>
0	9

[block]
# block no. 1 follows, 41 sequences, length 17
# corresponding to MSA columns:
# 260-276
name=unknown_B
#
# <colnr> <probs for GDERKNQSTAVLIFYWHMCP>
#	G	D	E	R	K	N	Q	S	T	A	V	L	I	F	Y	W	H	M	C	P
0	0.00787	0.00609	0.00675	0.00693	0.00827	0.00559	0.00489	0.04954	0.01257	0.01579	0.04227	0.27668	0.40290	0.11562	0.00973	0.00250	0.00356	0.01248	0.00510	0.00487
1	0.01565	0.06434	0.13322	0.03736	0.10000	0.03372	0.03381	0.07299	0.29663	0.10377	0.01666	0.01675	0.01235	0.00667	0.00599	0.00182	0.02957	0.00544	0.00454	0.00871
2	0.06341	0.01393	0.08115	0.04957	0.05403	0.02549	0.04951	0.18956	0.15998	0.15010	0.06423	0.01949	0.01495	0.00721	0.00578	0.00183	0.00586	0.03029	0.00510	0.00851
3	0.01314	0.01013	0.01199	0.00863	0.01365	0.00770	0.00693	0.01565	0.01228	0.08809	0.01132	0.01257	0.00900	0.00450	0.00438	0.00093	0.00429	0.00361	0.00373	0.75748
4	0.01591	0.01312	0.01388	0.01198	0.01551	0.01501	0.00946	0.18980	0.59083	0.02663	0.02115	0.01964	0.01573	0.00756	0.00580	0.00189	0.00492	0.00617	0.00580	0.00920
5	0.15197	0.12815	0.06561	0.03809	0.05156	0.07128	0.04342	0.06922	0.02780	0.04759	0.03718	0.03027	0.01049	0.00576	0.00477	0.00148	0.00587	0.00446	0.00360	0.20143
6	0.00703	0.00581	0.00617	0.00608	0.00789	0.00494	0.00456	0.00874	0.01368	0.01698	0.20118	0.05253	0.61679	0.01392	0.00676	0.00190	0.00286	0.01172	0.00551	0.00494
7	0.01350	0.01543	0.03375	0.02411	0.02989	0.01446	0.74253	0.01832	0.01350	0.01832	0.01157	0.01543	0.00868	0.00482	0.00675	0.00193	0.00964	0.00675	0.00289	0.00771
8	0.01472	0.05268	0.16124	0.18917	0.06761	0.01378	0.16709	0.10763	0.04130	0.09252	0.01298	0.03126	0.00973	0.00601	0.00582	0.00182	0.00745	0.00554	0.00361	0.00803
9	0.01198	0.01072	0.01671	0.07687	0.33139	0.03628	0.05269	0.01473	0.01288	0.03993	0.04858	0.17434	0.05029	0.00954	0.00637	0.00196	0.00591	0.08775	0.00394	0.00713
10	0.01850	0.01106	0.01275	0.01042	0.01394	0.01149	0.00839	0.22152	0.17236	0.24266	0.10720	0.02124	0.01840	0.00766	0.00569	0.00175	0.00469	0.00623	0.09545	0.00860
11	0.00701	0.00577	0.00619	0.00633	0.00804	0.00495	0.00475	0.00859	0.01314	0.01612	0.11660	0.11779	0.60243	0.01459	0.00686	0.00199	0.00303	0.04556	0.00540	0.00488
12	0.01352	0.01187	0.03088	0.01149	0.05093	0.03235	0.04737	0.04410	0.02629	0.05900	0.01118	0.01279	0.00893	0.00490	0.00515	0.00114	0.03150	0.00398	0.00360	0.58902
13	0.02089	0.01114	0.03753	0.03616	0.04640	0.01000	0.07473	0.07316	0.04136	0.47671	0.04727	0.03409	0.01559	0.00747	0.00599	0.00184	0.00556	0.03921	0.00599	0.00892
14	0.01150	0.00710	0.00929	0.00820	0.01063	0.00619	0.04595	0.01337	0.01384	0.18384	0.11280	0.14216	0.38783	0.01249	0.00661	0.00193	0.00374	0.01076	0.00567	0.00611
15	0.00730	0.00536	0.00689	0.00797	0.00855	0.00508	0.00541	0.00902	0.04212	0.01536	0.06122	0.69196	0.07828	0.01706	0.00719	0.00226	0.00332	0.01539	0.00537	0.00487
16	0.04206	0.06847	0.01701	0.01493	0.11968	0.11612	0.02923	0.15156	0.03274	0.29407	0.01565	0.01614	0.01125	0.03769	0.00640	0.00183	0.00635	0.00516	0.00500	0.00865

[dist]
# distance from previous block
# <min> <max>
3	21

[block]
# block no. 2 follows, 41 sequences, length 30
# corresponding to MSA columns:
# 330-359
name=unknown_C
#
# <colnr> <probs for GDERKNQSTAVLIFYWHMCP>
#	G	D	E	R	K	N	Q	S	T	A	V	L	I	F	Y	W	H	M	C	P
0	0.00804	0.00605	0.00752	0.00751	0.00892	0.00565	0.00569	0.01080	0.04277	0.01996	0.43820	0.13787	0.18473	0.01323	0.00689	0.00197	0.00313	0.07987	0.00587	0.00532
1	0.01240	0.00665	0.00855	0.00812	0.01010	0.00591	0.00612	0.01412	0.01371	0.22708	0.13865	0.29909	0.17795	0.01324	0.00670	0.00202	0.00364	0.03377	0.00595	0.00624
2	0.00957	0.00550	0.00599	0.00605	0.00686	0.00549	0.00414	0.01121	0.01081	0.01720	0.04895	0.03082	0.01963	0.31344	0.01403	0.00305	0.00392	0.04679	0.43193	0.00461
3	0.01756	0.01027	0.01215	0.01048	0.01369	0.01062	0.00819	0.06080	0.31694	0.29519	0.02354	0.13082	0.01888	0.03522	0.00678	0.00204	0.00460	0.00759	0.00613	0.00852
4	0.02387	0.14688	0.01616	0.01011	0.01462	0.01087	0.00865	0.02602	0.01555	0.63685	0.02004	0.01769	0.01298	0.00670	0.00539	0.00168	0.00508	0.00529	0.00628	0.00932
5	0.02003	0.01315	0.04526	0.01587	0.02092	0.01186	0.28187	0.09326	0.03472	0.37584	0.01725	0.01723	0.01156	0.00618	0.00611	0.00183	0.00689	0.00603	0.00521	0.00893
6	0.01423	0.01229	0.01293	0.01164	0.01487	0.01423	0.00905	0.03039	0.75297	0.02393	0.02328	0.02134	0.01746	0.00776	0.00582	0.00194	0.00453	0.00647	0.00582	0.00905
7	0.83938	0.01106	0.00841	0.00752	0.01106	0.01283	0.00619	0.01681	0.00973	0.02566	0.00796	0.00929	0.00619	0.00531	0.00354	0.00177	0.00442	0.00310	0.00354	0.00619
8	0.01915	0.01473	0.01571	0.01264	0.01675	0.01653	0.01025	0.49820	0.27714	0.03187	0.01702	0.01635	0.01239	0.00717	0.00576	0.00179	0.00569	0.00560	0.00576	0.00950
9	0.83938	0.01106	0.00841	0.00752	0.01106	0.01283	0.00619	0.01681	0.00973	0.02566	0.00796	0.00929	0.00619	0.00531	0.00354	0.00177	0.00442	0.00310	0.00354	0.00619
10	0.01416	0.01359	0.02322	0.03511	0.76330	0.01359	0.01755	0.01755	0.01302	0.01869	0.01076	0.01416	0.00906	0.00510	0.00566	0.00170	0.00680	0.00510	0.00283	0.00906
11	0.01423	0.01229	0.01293	0.01164	0.01487	0.01423	0.00905	0.03039	0.75297	0.02393	0.02328	0.02134	0.01746	0.00776	0.00582	0.00194	0.00453	0.00647	0.00582	0.00905
12	0.00697	0.00498	0.00664	0.00796	0.00830	0.00465	0.00531	0.00796	0.01095	0.01460	0.03153	0.79525	0.03783	0.01792	0.00730	0.00232	0.00332	0.01626	0.00531	0.00465
13	0.02485	0.00978	0.01308	0.01008	0.01437	0.00863	0.00831	0.05479	0.01658	0.70639	0.02205	0.01933	0.01401	0.00705	0.00567	0.00175	0.00483	0.00571	0.04318	0.00954
14	0.00818	0.00608	0.00895	0.00895	0.00989	0.00702	0.00685	0.01006	0.00912	0.01310	0.01554	0.02368	0.01482	0.10389	0.71604	0.00890	0.01453	0.00631	0.00310	0.00497
15	0.00865	0.00553	0.00738	0.00831	0.00910	0.00518	0.00596	0.01005	0.01178	0.06474	0.05230	0.60049	0.03527	0.01633	0.00713	0.00227	0.00362	0.10387	0.03695	0.00511
16	0.00865	0.00588	0.00749	0.00796	0.00908	0.00550	0.00573	0.01077	0.04240	0.06093	0.16953	0.45645	0.12383	0.01521	0.00701	0.00215	0.00338	0.04709	0.00562	0.00531
17	0.01186	0.01017	0.01186	0.00847	0.01356	0.00762	0.00678	0.01440	0.01186	0.01864	0.01017	0.01186	0.00847	0.00424	0.00424	0.00085	0.00424	0.00339	0.00339	0.83395
18	0.00854	0.00578	0.00739	0.00741	0.00869	0.00525	0.00539	0.01051	0.01413	0.06080	0.39507	0.27898	0.14300	0.01377	0.00687	0.00198	0.00304	0.01218	0.00590	0.00533
19	0.00795	0.00582	0.00706	0.00724	0.00859	0.00528	0.00541	0.00975	0.01341	0.03291	0.25494	0.17919	0.28501	0.06031	0.00827	0.00225	0.00338	0.09266	0.00553	0.00504
20	0.01325	0.02327	0.41286	0.01905	0.02603	0.04474	0.29665	0.06101	0.01366	0.01908	0.01091	0.01339	0.00795	0.00530	0.00594	0.00184	0.00886	0.00523	0.00281	0.00817
21	0.01558	0.01447	0.06034	0.07373	0.16102	0.03698	0.27549	0.08336	0.01472	0.11615	0.01392	0.01838	0.01093	0.00631	0.00649	0.00188	0.02551	0.05284	0.00377	0.00812
22	0.00697	0.00518	0.00650	0.00749	0.00819	0.00471	0.00512	0.00812	0.01158	0.01509	0.06463	0.61529	0.18631	0.01698	0.00717	0.00222	0.00321	0.01518	0.00535	0.00471
23	0.01168	0.01070	0.01711	0.15565	0.36553	0.01143	0.01343	0.01514	0.05325	0.01698	0.01642	0.21164	0.01645	0.00885	0.00680	0.00195	0.04815	0.00798	0.00356	0.00733
24	0.03080	0.01171	0.01785	0.39403	0.02866	0.04538	0.11606	0.07393	0.04187	0.08445	0.04754	0.01683	0.01116	0.00686	0.00667	0.04292	0.00713	0.00558	0.00358	0.00699
25	0.03924	0.04955	0.10890	0.05978	0.07837	0.06371	0.16587	0.08773	0.04297	0.16661	0.01454	0.04523	0.01108	0.00757	0.03140	0.00204	0.00742	0.00575	0.00411	0.00813
26	0.01164	0.06351	0.73689	0.01602	0.02431	0.01369	0.02064	0.01807	0.01206	0.01791	0.01016	0.01195	0.00725	0.00541	0.00536	0.00179	0.00835	0.00418	0.00242	0.00840
27	0.01637	0.01024	0.03156	0.05224	0.07433	0.00957	0.06920	0.06061	0.05504	0.28139	0.12495	0.08510	0.04321	0.00978	0.03178	0.00211	0.00556	0.02365	0.00544	0.00786
28	0.01512	0.07887	0.01355	0.07955	0.02895	0.00906	0.04252	0.01718	0.01342	0.27177	0.10004	0.15247	0.05018	0.09130	0.00843	0.00223	0.00500	0.00823	0.00516	0.00697
29	0.09253	0.01259	0.09545	0.06834	0.14016	0.01078	0.06172	0.04726	0.01350	0.17380	0.01636	0.06421	0.01382	0.00860	0.02905	0.00207	0.00633	0.08165	0.00427	0.05751

[dist]
# distance from previous block
# <min> <max>
1	39

[block]
# block no. 3 follows, 41 sequences, length 35
# corresponding to MSA columns:
# 399-433
name=unknown_D
#
# <colnr> <probs for GDERKNQSTAVLIFYWHMCP>
#	G	D	E	R	K	N	Q	S	T	A	V	L	I	F	Y	W	H	M	C	P
0	0.04073	0.09234	0.13743	0.08337	0.12121	0.01225	0.02570	0.03972	0.10179	0.08218	0.08028	0.07649	0.04665	0.00760	0.00563	0.00177	0.00576	0.00646	0.00412	0.02851
1	0.01101	0.00910	0.01419	0.41846	0.02645	0.00995	0.03637	0.01423	0.01281	0.05986	0.13600	0.02524	0.07537	0.00779	0.00598	0.00182	0.00595	0.04372	0.00385	0.08183
2	0.01135	0.01310	0.13493	0.10219	0.17570	0.01059	0.07384	0.05619	0.01385	0.01929	0.15727	0.11590	0.05222	0.00847	0.00614	0.00184	0.00593	0.00770	0.00398	0.02952
3	0.01091	0.03525	0.05510	0.05482	0.01425	0.00913	0.02189	0.03628	0.11857	0.01993	0.21176	0.07900	0.04481	0.03479	0.00652	0.00175	0.00450	0.02031	0.00464	0.21580
4	0.15962	0.01288	0.01767	0.14723	0.18602	0.01413	0.06825	0.20730	0.01574	0.03934	0.01149	0.01384	0.00876	0.00595	0.00576	0.00178	0.03207	0.00491	0.03932	0.00794
5	0.01080	0.01017	0.01716	0.78523	0.03940	0.01271	0.01589	0.01461	0.01144	0.01461	0.01017	0.01525	0.00762	0.00572	0.00572	0.00191	0.00762	0.00508	0.00254	0.00635
6	0.01186	0.01017	0.01186	0.00847	0.01356	0.00762	0.00678	0.01440	0.01186	0.01864	0.01017	0.01186	0.00847	0.00424	0.00424	0.00085	0.00424	0.00339	0.00339	0.83395
7	0.05066	0.01218	0.03796	0.47738	0.16206	0.01345	0.06644	0.07960	0.01315	0.01807	0.01058	0.01458	0.00806	0.00562	0.00567	0.00185	0.00738	0.00510	0.00294	0.00727
8	0.01997	0.00834	0.01121	0.00923	0.01252	0.00733	0.00736	0.02211	0.01541	0.52605	0.12678	0.12660	0.02292	0.00916	0.00601	0.00183	0.00425	0.00778	0.04691	0.00823
9	0.00698	0.00524	0.00647	0.00735	0.00816	0.00474	0.00506	0.00818	0.01179	0.01528	0.07859	0.55911	0.22895	0.01667	0.00713	0.00219	0.00317	0.01483	0.00536	0.00474
10	0.00759	0.00583	0.00694	0.00666	0.00823	0.00518	0.00500	0.00981	0.01499	0.02009	0.49293	0.04742	0.32310	0.01276	0.00675	0.00185	0.00277	0.01100	0.00592	0.00518
11	0.00721	0.00519	0.00687	0.00805	0.00858	0.00485	0.00560	0.00845	0.01152	0.01532	0.07470	0.66377	0.06604	0.01725	0.00730	0.00230	0.00343	0.07347	0.00536	0.00475
12	0.01192	0.00679	0.00888	0.00824	0.01010	0.00630	0.00621	0.01476	0.05130	0.18153	0.38941	0.21779	0.03970	0.01200	0.00662	0.00193	0.00341	0.01059	0.00620	0.00633
13	0.01186	0.01017	0.01186	0.00847	0.01356	0.00762	0.00678	0.01440	0.01186	0.01864	0.01017	0.01186	0.00847	0.00424	0.00424	0.00085	0.00424	0.00339	0.00339	0.83395
14	0.01803	0.01418	0.01507	0.01241	0.01632	0.01600	0.00997	0.39156	0.38561	0.03006	0.01845	0.01749	0.01355	0.00731	0.00577	0.00183	0.00542	0.00580	0.00577	0.00939
15	0.01080	0.01017	0.01716	0.78523	0.03940	0.01271	0.01589	0.01461	0.01144	0.01461	0.01017	0.01525	0.00762	0.00572	0.00572	0.00191	0.00762	0.00508	0.00254	0.00635
16	0.01147	0.02959	0.76934	0.01630	0.02476	0.01328	0.02113	0.01811	0.01208	0.01811	0.01026	0.01208	0.00725	0.00543	0.00543	0.00181	0.00845	0.00423	0.00242	0.00845
17	0.00697	0.00498	0.00664	0.00796	0.00830	0.00465	0.00531	0.00796	0.01095	0.01460	0.03153	0.79525	0.03783	0.01792	0.00730	0.00232	0.00332	0.01626	0.00531	0.00465
18	0.15186	0.00976	0.01199	0.00955	0.01348	0.00919	0.00781	0.04496	0.03385	0.52909	0.10086	0.02029	0.01722	0.00732	0.00551	0.00178	0.00459	0.00584	0.00636	0.00868
19	0.01139	0.05334	0.01075	0.04690	0.01239	0.00869	0.00737	0.05955	0.11169	0.08453	0.10040	0.31914	0.08301	0.01259	0.00653	0.00204	0.00419	0.05379	0.00536	0.00636
20	0.01350	0.01543	0.03375	0.02411	0.02989	0.01446	0.74253	0.01832	0.01350	0.01832	0.01157	0.01543	0.00868	0.00482	0.00675	0.00193	0.00964	0.00675	0.00289	0.00771
21	0.00773	0.00581	0.00716	0.00688	0.00834	0.00523	0.00514	0.01007	0.01525	0.02084	0.56494	0.07046	0.22598	0.01258	0.00677	0.00185	0.00277	0.01096	0.00602	0.00523
22	0.20981	0.00937	0.01037	0.03891	0.01287	0.00992	0.00743	0.11811	0.06000	0.13942	0.02071	0.29911	0.02024	0.01057	0.00579	0.00198	0.00448	0.00889	0.00515	0.00687
23	0.11071	0.09952	0.09969	0.01254	0.01734	0.01538	0.04660	0.30965	0.04639	0.15025	0.01369	0.01387	0.00974	0.00636	0.00556	0.00172	0.02262	0.00482	0.00479	0.00874
24	0.00872	0.00634	0.00806	0.00745	0.00897	0.00598	0.00563	0.04649	0.01662	0.02336	0.70313	0.04168	0.07269	0.01154	0.00670	0.00180	0.00288	0.01014	0.00624	0.00559
25	0.02006	0.00891	0.01162	0.00949	0.01301	0.00806	0.00762	0.02341	0.07942	0.51313	0.11697	0.07060	0.07402	0.00887	0.00604	0.00183	0.00434	0.00745	0.00664	0.00849
26	0.01363	0.01305	0.02226	0.15359	0.64896	0.01345	0.01729	0.01709	0.01277	0.01804	0.01067	0.01433	0.00883	0.00519	0.00567	0.00173	0.00693	0.00509	0.00279	0.00863
27	0.01492	0.13373	0.09168	0.08954	0.05324	0.01509	0.28307	0.11406	0.03655	0.06261	0.01277	0.04414	0.01009	0.00597	0.00583	0.00178	0.00760	0.00584	0.00354	0.00795
28	0.00709	0.00507	0.00674	0.00788	0.00832	0.00472	0.00532	0.00826	0.01150	0.01548	0.10808	0.71620	0.03953	0.01727	0.00724	0.00227	0.00325	0.01564	0.00541	0.00472
29	0.02150	0.01295	0.01466	0.01142	0.01557	0.01360	0.00937	0.43687	0.04341	0.24797	0.01711	0.01643	0.01177	0.00693	0.00555	0.00170	0.00544	0.00538	0.09311	0.00925
30	0.01248	0.01240	0.01782	0.07233	0.05977	0.01694	0.01305	0.01404	0.00920	0.01411	0.00789	0.01281	0.00761	0.00942	0.01707	0.00241	0.68668	0.00502	0.00252	0.00643
31	0.01538	0.01096	0.01304	0.01162	0.03900	0.01197	0.00886	0.25485	0.12611	0.08732	0.08038	0.04976	0.01783	0.06518	0.11357	0.02061	0.03621	0.02465	0.00508	0.00762
32	0.06639	0.00897	0.01091	0.00890	0.01233	0.00836	0.00718	0.08247	0.01570	0.41672	0.05074	0.05011	0.11888	0.00845	0.00563	0.00175	0.00430	0.00688	0.10735	0.00800
33	0.01471	0.01326	0.02245	0.05756	0.69725	0.01326	0.01698	0.01805	0.01317	0.06155	0.01142	0.01450	0.00931	0.00523	0.00567	0.00171	0.00671	0.00513	0.00307	0.00901
34	0.00795	0.00565	0.00701	0.05153	0.00894	0.00563	0.00486	0.00863	0.00979	0.01296	0.04455	0.27880	0.06250	0.44413	0.01910	0.00403	0.00475	0.01090	0.00417	0.00413

[dist]
# distance from previous block
# <min> <max>
0	2

[block]
# block no. 4 follows, 41 sequences, length 9
# corresponding to MSA columns:
# 436-444
name=unknown_E
#
# <colnr> <probs for GDERKNQSTAVLIFYWHMCP>
#	G	D	E	R	K	N	Q	S	T	A	V	L	I	F	Y	W	H	M	C	P
0	0.02054	0.01543	0.01649	0.01292	0.01728	0.01718	0.01058	0.63025	0.14283	0.03411	0.01526	0.01495	0.01096	0.00701	0.00574	0.00175	0.00601	0.00536	0.00574	0.00962
1	0.01167	0.00760	0.00982	0.05137	0.01182	0.00804	0.05380	0.01595	0.09457	0.05094	0.09668	0.02238	0.01801	0.00733	0.00555	0.00159	0.04154	0.00607	0.47911	0.00618
2	0.18187	0.01058	0.01173	0.09032	0.01546	0.01162	0.00844	0.13195	0.16263	0.09850	0.13940	0.02158	0.04422	0.00768	0.00544	0.00180	0.00471	0.00615	0.03846	0.00747
3	0.00915	0.00609	0.00724	0.00700	0.00877	0.00534	0.00522	0.01096	0.01396	0.09580	0.25100	0.16538	0.36602	0.01346	0.00674	0.00194	0.00311	0.01158	0.00578	0.00547
4	0.01082	0.00890	0.01024	0.00948	0.01152	0.00977	0.00725	0.01902	0.33415	0.02134	0.27416	0.07054	0.08062	0.03138	0.03725	0.00231	0.04015	0.00863	0.00560	0.00688
5	0.60081	0.01284	0.01075	0.00913	0.01288	0.05366	0.00747	0.16201	0.01375	0.05748	0.00975	0.01064	0.00728	0.00572	0.00415	0.00174	0.00512	0.00364	0.00409	0.00706
6	0.70120	0.01190	0.00989	0.00847	0.01219	0.01366	0.00698	0.13975	0.01263	0.02742	0.00894	0.01004	0.00679	0.00557	0.00391	0.00176	0.00474	0.00344	0.00391	0.00679
7	0.01497	0.12561	0.35327	0.01477	0.02106	0.01554	0.07855	0.22820	0.01663	0.02295	0.04673	0.01392	0.01032	0.00602	0.00546	0.00172	0.00735	0.00485	0.00360	0.00847
8	0.01438	0.42904	0.07723	0.16006	0.02087	0.01782	0.04921	0.01711	0.01186	0.05968	0.00968	0.01179	0.00793	0.00545	0.00529	0.00151	0.04763	0.00400	0.00281	0.04663

[dist]
# distance from previous block
# <min> <max>
0	1

[block]
# block no. 5 follows, 41 sequences, length 6
# corresponding to MSA columns:
# 446,449-453
name=unknown_F
#
# <colnr> <probs for GDERKNQSTAVLIFYWHMCP>
#	G	D	E	R	K	N	Q	S	T	A	V	L	I	F	Y	W	H	M	C	P
0	0.01152	0.01086	0.01615	0.01778	0.19733	0.04927	0.07309	0.01389	0.01154	0.01606	0.07953	0.04680	0.01633	0.06467	0.18215	0.00383	0.14735	0.03203	0.00335	0.00649
1	0.34970	0.01276	0.01503	0.01696	0.23003	0.01373	0.01070	0.17743	0.01503	0.09175	0.01133	0.01257	0.00850	0.00575	0.00483	0.00174	0.00556	0.00436	0.00413	0.00811
2	0.01174	0.00991	0.01385	0.01659	0.25505	0.00901	0.00975	0.01488	0.04378	0.04958	0.10519	0.02620	0.17924	0.00785	0.00566	0.00155	0.00464	0.00684	0.00421	0.22449
3	0.01350	0.01543	0.03375	0.02411	0.02989	0.01446	0.74253	0.01832	0.01350	0.01832	0.01157	0.01543	0.00868	0.00482	0.00675	0.00193	0.00964	0.00675	0.00289	0.00771
4	0.01322	0.01325	0.02439	0.20651	0.41551	0.01360	0.19488	0.01706	0.01277	0.01765	0.01082	0.01472	0.00863	0.00517	0.00594	0.00180	0.00769	0.00550	0.00278	0.00810
5	0.01291	0.01167	0.01801	0.22167	0.25616	0.03929	0.06699	0.01748	0.09107	0.04961	0.04687	0.08774	0.01502	0.00744	0.00603	0.00188	0.00649	0.03243	0.00372	0.00751

[dist]
# distance from previous block
# <min> <max>
0	1

[block]
# block no. 6 follows, 41 sequences, length 42
# corresponding to MSA columns:
# 455,458-498
name=unknown_G
#
# <colnr> <probs for GDERKNQSTAVLIFYWHMCP>
#	G	D	E	R	K	N	Q	S	T	A	V	L	I	F	Y	W	H	M	C	P
0	0.00930	0.00661	0.00820	0.00871	0.00979	0.00661	0.00615	0.04543	0.10452	0.04518	0.06134	0.60103	0.03383	0.01547	0.00696	0.00220	0.00364	0.01388	0.00550	0.00565
1	0.12164	0.14791	0.01669	0.01093	0.01504	0.07460	0.00923	0.15871	0.01638	0.31671	0.01486	0.01435	0.01035	0.00649	0.00565	0.00168	0.04058	0.00466	0.00507	0.00849
2	0.13342	0.01049	0.01594	0.50974	0.12433	0.01233	0.01383	0.01577	0.01161	0.04682	0.01080	0.01468	0.00818	0.00568	0.00531	0.00183	0.00671	0.00483	0.04093	0.00676
3	0.01159	0.00929	0.01278	0.24759	0.02048	0.00963	0.00986	0.01511	0.05059	0.05213	0.08386	0.04782	0.01586	0.00729	0.00622	0.00164	0.05162	0.04236	0.06132	0.24297
4	0.00764	0.00590	0.00795	0.00787	0.00914	0.00537	0.03431	0.00955	0.01355	0.01824	0.32644	0.31986	0.18432	0.01425	0.00695	0.00202	0.00324	0.01271	0.00561	0.00510
5	0.01529	0.80242	0.02997	0.00979	0.01468	0.02263	0.00979	0.01713	0.01162	0.01346	0.00795	0.00918	0.00734	0.00489	0.00367	0.00122	0.00612	0.00306	0.00245	0.00734
6	0.00735	0.00558	0.00678	0.00709	0.00831	0.00502	0.00515	0.00911	0.01345	0.01774	0.28332	0.28140	0.27670	0.01466	0.00696	0.00203	0.00304	0.03569	0.00564	0.00498
7	0.00751	0.00558	0.00700	0.00716	0.00832	0.00507	0.00517	0.00947	0.01404	0.01905	0.41130	0.26903	0.18212	0.01407	0.00691	0.00198	0.00292	0.01243	0.00582	0.00507
8	0.00765	0.00583	0.00703	0.00673	0.00827	0.00521	0.00505	0.00994	0.01515	0.02046	0.52783	0.04680	0.28797	0.01262	0.00675	0.00184	0.00276	0.01092	0.00597	0.00521
9	0.39283	0.01031	0.01080	0.00883	0.01270	0.01054	0.00726	0.04402	0.01347	0.37243	0.01550	0.01478	0.01045	0.00625	0.00466	0.00175	0.00460	0.00451	0.04640	0.00791
10	0.01585	0.01309	0.01385	0.01197	0.01549	0.01499	0.00945	0.18452	0.59620	0.02654	0.02122	0.01970	0.01579	0.00757	0.00580	0.00189	0.00491	0.00618	0.00580	0.00920
11	0.01230	0.01043	0.01210	0.00868	0.01374	0.00807	0.00696	0.04686	0.01253	0.01941	0.01033	0.01194	0.00853	0.00435	0.00430	0.00089	0.00433	0.00347	0.00349	0.79729
12	0.83938	0.01106	0.00841	0.00752	0.01106	0.01283	0.00619	0.01681	0.00973	0.02566	0.00796	0.00929	0.00619	0.00531	0.00354	0.00177	0.00442	0.00310	0.00354	0.00619
13	0.01080	0.01017	0.01716	0.78523	0.03940	0.01271	0.01589	0.01461	0.01144	0.01461	0.01017	0.01525	0.00762	0.00572	0.00572	0.00191	0.00762	0.00508	0.00254	0.00635
14	0.00737	0.00531	0.00681	0.00747	0.00814	0.00493	0.00510	0.00874	0.01220	0.01649	0.22011	0.48418	0.08816	0.08624	0.00908	0.00245	0.00333	0.01374	0.00540	0.00475
15	0.01582	0.00770	0.01011	0.00907	0.01157	0.00703	0.00700	0.03520	0.03625	0.34227	0.10839	0.27672	0.05966	0.01175	0.00649	0.00199	0.00408	0.03547	0.00621	0.00721
16	0.01381	0.01336	0.02301	0.04897	0.57608	0.01345	0.10145	0.01829	0.06732	0.01887	0.01252	0.01682	0.01053	0.00569	0.00589	0.00178	0.00692	0.03340	0.00315	0.00869
17	0.01071	0.00838	0.01094	0.01001	0.01057	0.01053	0.00790	0.01238	0.01003	0.01610	0.01483	0.08848	0.01419	0.07261	0.07833	0.00290	0.33214	0.00647	0.27699	0.00549
18	0.00869	0.00665	0.00907	0.10112	0.03883	0.00687	0.00704	0.00947	0.01076	0.01378	0.03039	0.13087	0.28663	0.01611	0.05048	0.21008	0.04550	0.00909	0.00393	0.00464
19	0.01499	0.12510	0.15260	0.05753	0.32619	0.03774	0.01525	0.12010	0.01465	0.03706	0.01163	0.04083	0.00962	0.00593	0.00540	0.00168	0.00690	0.00504	0.00329	0.00847
20	0.01865	0.06142	0.07852	0.01834	0.19629	0.04949	0.06729	0.12599	0.03131	0.24350	0.01544	0.01711	0.01136	0.00642	0.00570	0.00175	0.00652	0.03142	0.00462	0.00885
21	0.66589	0.01236	0.04453	0.04094	0.04207	0.01319	0.03441	0.05499	0.01106	0.02490	0.00869	0.01029	0.00668	0.00539	0.00402	0.00178	0.00511	0.00354	0.00351	0.00665
22	0.01616	0.34889	0.02222	0.01261	0.01559	0.22561	0.01083	0.01830	0.04141	0.01410	0.00868	0.01086	0.00779	0.00665	0.00821	0.00166	0.21687	0.00389	0.00273	0.00693
23	0.00805	0.00563	0.00699	0.00692	0.00763	0.00537	0.00465	0.00952	0.01258	0.01745	0.39246	0.12715	0.03942	0.31375	0.01537	0.00329	0.00386	0.01025	0.00510	0.00457
24	0.00859	0.00615	0.00758	0.00741	0.00759	0.00669	0.00479	0.00905	0.00851	0.01168	0.01678	0.03290	0.01865	0.60363	0.16599	0.00600	0.06303	0.00768	0.00332	0.00397
25	0.00764	0.00550	0.00704	0.00746	0.00829	0.00514	0.00526	0.00926	0.01283	0.01745	0.29975	0.33993	0.09230	0.10673	0.00964	0.00250	0.00342	0.04956	0.00545	0.00483
26	0.21768	0.01483	0.01507	0.01181	0.01614	0.01656	0.00975	0.56991	0.02278	0.03356	0.01235	0.01267	0.00888	0.00649	0.00520	0.00173	0.00585	0.00466	0.00520	0.00888
27	0.01338	0.05800	0.02132	0.41632	0.10213	0.01446	0.13888	0.11591	0.01402	0.01850	0.01077	0.01456	0.00821	0.00571	0.00605	0.00184	0.02427	0.00526	0.00306	0.00736
28	0.00868	0.00609	0.00747	0.00723	0.00879	0.00555	0.00538	0.01117	0.03550	0.05843	0.41892	0.15157	0.22792	0.01294	0.00675	0.00191	0.00300	0.01128	0.00593	0.00547
29	0.03082	0.14852	0.19625	0.01370	0.01876	0.10119	0.05491	0.14309	0.14667	0.05387	0.01313	0.01380	0.00988	0.00619	0.00559	0.00170	0.02499	0.00474	0.00389	0.00831
30	0.01263	0.01053	0.01304	0.01169	0.01345	0.01286	0.00928	0.02017	0.31480	0.05122	0.01691	0.01985	0.01404	0.05260	0.18487	0.00389	0.22071	0.00605	0.00424	0.00717
31	0.00792	0.00579	0.00728	0.00699	0.00826	0.00532	0.00512	0.01020	0.01501	0.02083	0.59410	0.07079	0.13209	0.07499	0.00855	0.00213	0.00297	0.01059	0.00592	0.00515
32	0.00778	0.00583	0.00721	0.00687	0.00835	0.00526	0.00515	0.01019	0.01545	0.02118	0.59563	0.04561	0.21972	0.01235	0.00675	0.00183	0.00275	0.01075	0.00607	0.00526
33	0.00779	0.00577	0.00687	0.00681	0.00824	0.00514	0.00498	0.00968	0.01400	0.03295	0.35548	0.15273	0.31258	0.04184	0.00762	0.00206	0.00300	0.01166	0.00570	0.00509
34	0.01529	0.80242	0.02997	0.00979	0.01468	0.02263	0.00979	0.01713	0.01162	0.01346	0.00795	0.00918	0.00734	0.00489	0.00367	0.00122	0.00612	0.00306	0.00245	0.00734
35	0.01147	0.02959	0.76934	0.01630	0.02476	0.01328	0.02113	0.01811	0.01208	0.01811	0.01026	0.01208	0.00725	0.00543	0.00543	0.00181	0.00845	0.00423	0.00242	0.00845
36	0.01825	0.00859	0.01139	0.00977	0.01292	0.00794	0.00801	0.02175	0.07446	0.42282	0.17085	0.03248	0.02577	0.00965	0.00635	0.00195	0.00448	0.13810	0.00649	0.00800
37	0.01529	0.80242	0.02997	0.00979	0.01468	0.02263	0.00979	0.01713	0.01162	0.01346	0.00795	0.00918	0.00734	0.00489	0.00367	0.00122	0.00612	0.00306	0.00245	0.00734
38	0.01423	0.01229	0.01293	0.01164	0.01487	0.01423	0.00905	0.03039	0.75297	0.02393	0.02328	0.02134	0.01746	0.00776	0.00582	0.00194	0.00453	0.00647	0.00582	0.00905
39	0.00800	0.00578	0.00779	0.00902	0.00992	0.00556	0.00707	0.00979	0.01212	0.01583	0.03266	0.40658	0.08233	0.01671	0.00755	0.00244	0.00420	0.34642	0.00529	0.00495
40	0.00734	0.00515	0.00663	0.00767	0.00796	0.00490	0.00503	0.00817	0.01045	0.01392	0.02854	0.60625	0.03395	0.18846	0.01208	0.00304	0.00387	0.03728	0.00491	0.00441
41	0.01416	0.40565	0.20308	0.01292	0.05522	0.01788	0.01267	0.05218	0.10673	0.01762	0.04389	0.01335	0.01085	0.00579	0.00470	0.00153	0.00637	0.00429	0.00321	0.00794

[dist]
# distance from previous block
# <min> <max>
0	2

[block]
# block no. 7 follows, 41 sequences, length 18
# corresponding to MSA columns:
# 518-535
name=unknown_H
#
# <colnr> <probs for GDERKNQSTAVLIFYWHMCP>
#	G	D	E	R	K	N	Q	S	T	A	V	L	I	F	Y	W	H	M	C	P
0	0.01281	0.06896	0.02208	0.01656	0.02038	0.01144	0.33923	0.01634	0.01344	0.07302	0.01966	0.03504	0.01875	0.00942	0.00691	0.00215	0.00727	0.29557	0.00413	0.00685
1	0.83938	0.01106	0.00841	0.00752	0.01106	0.01283	0.00619	0.01681	0.00973	0.02566	0.00796	0.00929	0.00619	0.00531	0.00354	0.00177	0.00442	0.00310	0.00354	0.00619
2	0.00843	0.00551	0.00632	0.00632	0.00632	0.00551	0.00357	0.00826	0.00826	0.01101	0.01747	0.03605	0.02005	0.74529	0.02865	0.06260	0.00551	0.00809	0.00340	0.00340
3	0.18306	0.01110	0.01763	0.29438	0.02574	0.01199	0.16769	0.01732	0.01221	0.12399	0.01382	0.01648	0.03803	0.00735	0.03397	0.00213	0.00711	0.00544	0.00359	0.00698
4	0.10275	0.10378	0.09136	0.04394	0.13378	0.02704	0.04324	0.13466	0.05657	0.08412	0.01217	0.01339	0.00922	0.00564	0.00507	0.00159	0.00614	0.00453	0.00387	0.11713
5	0.01287	0.41973	0.24829	0.01183	0.01737	0.01689	0.04409	0.01627	0.01218	0.01566	0.04491	0.01655	0.08913	0.00635	0.00479	0.00153	0.00649	0.00482	0.00292	0.00734
6	0.00728	0.00548	0.00679	0.00759	0.00859	0.00500	0.00552	0.00875	0.01227	0.01586	0.10034	0.42854	0.24760	0.01614	0.00717	0.00220	0.00338	0.10127	0.00539	0.00484
7	0.07173	0.27911	0.09779	0.09876	0.17483	0.01601	0.04137	0.01870	0.04541	0.08935	0.01124	0.01294	0.00880	0.00544	0.00489	0.00160	0.00648	0.00437	0.00322	0.00795
8	0.01638	0.03077	0.25348	0.07439	0.14824	0.01219	0.08672	0.02108	0.04239	0.23596	0.01451	0.01545	0.01013	0.00590	0.00570	0.00179	0.00699	0.00520	0.00403	0.00871
9	0.00724	0.00549	0.00669	0.00722	0.00832	0.00495	0.00519	0.00880	0.01281	0.01673	0.19246	0.36846	0.27311	0.01542	0.00704	0.00210	0.00314	0.04443	0.00551	0.00489
10	0.00829	0.00638	0.00764	0.00852	0.00926	0.03324	0.00601	0.03568	0.01234	0.01627	0.09395	0.61909	0.03677	0.01638	0.00716	0.00225	0.00377	0.06667	0.00532	0.00501
11	0.18672	0.01255	0.06934	0.11689	0.17659	0.03352	0.01207	0.01587	0.01155	0.04768	0.06525	0.01591	0.01188	0.01021	0.08284	0.00260	0.11316	0.00507	0.00331	0.00698
12	0.01406	0.01039	0.01229	0.00891	0.01388	0.00820	0.00718	0.05045	0.01314	0.11375	0.01190	0.01291	0.00925	0.00472	0.00450	0.00100	0.00441	0.00377	0.00396	0.69133
13	0.00817	0.00623	0.00700	0.00718	0.00867	0.00592	0.00523	0.01137	0.09347	0.01762	0.12870	0.25780	0.31510	0.01364	0.00654	0.00197	0.00315	0.01179	0.08511	0.00536
14	0.00983	0.01146	0.11524	0.07748	0.03532	0.00914	0.17294	0.01298	0.01219	0.01641	0.02311	0.28938	0.05746	0.01158	0.00683	0.00215	0.00612	0.12010	0.00410	0.00618
15	0.01814	0.00839	0.01162	0.04425	0.01382	0.00804	0.00803	0.02068	0.04551	0.43003	0.02099	0.10457	0.01646	0.01633	0.16996	0.03587	0.00703	0.00695	0.00560	0.00773
16	0.04998	0.01602	0.07397	0.15786	0.11869	0.07049	0.04188	0.30985	0.01811	0.02453	0.01140	0.01351	0.00859	0.00630	0.00638	0.00180	0.05352	0.00493	0.00393	0.00828
17	0.10312	0.01258	0.06762	0.01617	0.17450	0.01121	0.04364	0.07248	0.01429	0.21908	0.02682	0.01676	0.01152	0.00629	0.00572	0.00168	0.02797	0.02491	0.03660	0.10702

[dist]
# distance from previous block
# <min> <max>
0	21

[block]
# block no. 8 follows, 41 sequences, length 21
# corresponding to MSA columns:
# 576-596
name=unknown_I
#
# <colnr> <probs for GDERKNQSTAVLIFYWHMCP>
#	G	D	E	R	K	N	Q	S	T	A	V	L	I	F	Y	W	H	M	C	P
0	0.16727	0.08731	0.08416	0.13170	0.11972	0.01349	0.13607	0.05039	0.01257	0.01973	0.01109	0.01451	0.00887	0.00559	0.00513	0.00171	0.00659	0.02106	0.06103	0.04201
1	0.04884	0.01290	0.06760	0.07534	0.09310	0.02692	0.01100	0.09180	0.03886	0.15994	0.01370	0.01598	0.01049	0.00636	0.00634	0.00162	0.06777	0.02869	0.00419	0.21856
2	0.01172	0.00716	0.00903	0.00809	0.01049	0.00614	0.00609	0.01369	0.01328	0.15176	0.16730	0.27195	0.06631	0.01119	0.00609	0.00174	0.00362	0.00980	0.04141	0.18313
3	0.01310	0.01464	0.03126	0.13827	0.03132	0.01420	0.63353	0.01777	0.01319	0.01777	0.01136	0.01540	0.00852	0.00496	0.00660	0.00193	0.00934	0.00650	0.00284	0.00751
4	0.00875	0.00652	0.00809	0.00792	0.00931	0.00650	0.00596	0.06099	0.01336	0.01794	0.21471	0.12414	0.18566	0.09279	0.16351	0.00377	0.00602	0.05387	0.00496	0.00525
5	0.00736	0.00565	0.00674	0.00682	0.00819	0.00503	0.00498	0.00925	0.01395	0.01844	0.34865	0.19856	0.31772	0.01400	0.00686	0.00195	0.00290	0.01219	0.00573	0.00503
6	0.00738	0.00525	0.00697	0.00814	0.00861	0.00498	0.00568	0.00858	0.01125	0.01500	0.05851	0.62441	0.03670	0.06957	0.00881	0.00256	0.00369	0.10402	0.00522	0.00467
7	0.01761	0.00967	0.01181	0.00996	0.01325	0.00965	0.00791	0.02464	0.26485	0.33861	0.19909	0.02566	0.02479	0.00841	0.00601	0.00183	0.00423	0.00709	0.00647	0.00847
8	0.02140	0.01185	0.01401	0.01126	0.01536	0.01215	0.00913	0.18280	0.23860	0.38792	0.02088	0.01879	0.01419	0.00724	0.00577	0.00181	0.00507	0.00584	0.00641	0.00953
9	0.02566	0.00973	0.01327	0.01018	0.01460	0.00841	0.00841	0.02788	0.01637	0.76726	0.02257	0.01947	0.01416	0.00708	0.00575	0.00177	0.00487	0.00575	0.00708	0.00973
10	0.01423	0.01229	0.01293	0.01164	0.01487	0.01423	0.00905	0.03039	0.75297	0.02393	0.02328	0.02134	0.01746	0.00776	0.00582	0.00194	0.00453	0.00647	0.00582	0.00905
11	0.00916	0.00611	0.00794	0.00827	0.00969	0.00567	0.00647	0.01121	0.01365	0.07030	0.22540	0.22186	0.15771	0.01439	0.00712	0.00217	0.00373	0.20808	0.00568	0.00540
12	0.01342	0.01191	0.01551	0.17414	0.15844	0.01357	0.01190	0.02434	0.44468	0.02098	0.01815	0.01876	0.01382	0.00682	0.00572	0.00187	0.00553	0.00590	0.02613	0.00841
13	0.01610	0.06867	0.01897	0.04299	0.09198	0.04234	0.11197	0.18449	0.01610	0.07339	0.01189	0.01341	0.00909	0.00537	0.00522	0.00143	0.00625	0.00464	0.00394	0.27176
14	0.01851	0.01063	0.01383	0.01024	0.01504	0.00898	0.04126	0.07141	0.01491	0.33898	0.01577	0.01540	0.01099	0.00566	0.00510	0.00135	0.00490	0.00467	0.00510	0.38727
15	0.00777	0.00582	0.00728	0.00745	0.00880	0.00533	0.00569	0.00991	0.01421	0.01902	0.37293	0.15495	0.22516	0.01388	0.00700	0.00203	0.00322	0.11865	0.00576	0.00513
16	0.07154	0.34092	0.02409	0.25522	0.06224	0.01727	0.09575	0.04232	0.01226	0.01630	0.00941	0.01222	0.00768	0.00525	0.00483	0.00160	0.00691	0.00430	0.00274	0.00717
17	0.04450	0.01396	0.07612	0.20719	0.22951	0.01312	0.23790	0.01731	0.01284	0.04940	0.03509	0.01561	0.01001	0.00549	0.00595	0.00184	0.00768	0.00566	0.00307	0.00776
18	0.00897	0.00584	0.00755	0.00757	0.00886	0.00531	0.00550	0.01089	0.01403	0.07868	0.37233	0.30984	0.11525	0.01382	0.00687	0.00200	0.00311	0.01225	0.00591	0.00542
19	0.00781	0.00545	0.00684	0.00739	0.00801	0.00517	0.00508	0.00870	0.01107	0.01464	0.10909	0.31962	0.11787	0.20955	0.01367	0.06123	0.00404	0.07566	0.00476	0.00436
20	0.13978	0.01322	0.06013	0.07591	0.19954	0.03169	0.02597	0.12004	0.01506	0.18341	0.01419	0.01647	0.01062	0.00632	0.00539	0.00177	0.00605	0.03051	0.03565	0.00827

[dist]
# distance from previous block
# <min> <max>
1	30

[block]
# block no. 9 follows, 41 sequences, length 8
# corresponding to MSA columns:
# 635-642
name=unknown_J
#
# <colnr> <probs for GDERKNQSTAVLIFYWHMCP>
#	G	D	E	R	K	N	Q	S	T	A	V	L	I	F	Y	W	H	M	C	P
0	0.08173	0.06415	0.02893	0.04779	0.12408	0.05294	0.00893	0.02965	0.02507	0.06691	0.09910	0.12033	0.10370	0.08237	0.00802	0.00219	0.00518	0.03817	0.00434	0.00642
1	0.00862	0.00638	0.00796	0.05467	0.00999	0.00618	0.00536	0.00974	0.01028	0.01413	0.08826	0.14310	0.05005	0.38835	0.06961	0.00406	0.00550	0.00885	0.00397	0.10496
2	0.13197	0.01182	0.04530	0.05383	0.07446	0.02721	0.03231	0.04490	0.01289	0.04895	0.06887	0.01471	0.01188	0.00544	0.00479	0.00134	0.00512	0.00442	0.00371	0.39605
3	0.09987	0.16381	0.03927	0.08980	0.20120	0.13043	0.01215	0.01879	0.08459	0.01775	0.01156	0.01479	0.00975	0.00592	0.00502	0.00162	0.00667	0.03341	0.00323	0.05038
4	0.00832	0.00625	0.00786	0.00837	0.00958	0.00609	0.00633	0.01146	0.07924	0.01807	0.21245	0.31442	0.11957	0.01468	0.00709	0.00218	0.00361	0.15346	0.00559	0.00537
5	0.01261	0.04561	0.01882	0.44079	0.20867	0.01349	0.01496	0.06000	0.01270	0.01710	0.01033	0.01429	0.00814	0.00566	0.00601	0.00176	0.03684	0.00488	0.00286	0.06447
6	0.01008	0.00715	0.01001	0.00926	0.01091	0.00693	0.05633	0.02667	0.06434	0.05686	0.23133	0.17042	0.08688	0.05765	0.00973	0.08955	0.00426	0.08098	0.00515	0.00551
7	0.00855	0.00586	0.00738	0.00726	0.00867	0.00529	0.00534	0.01062	0.01446	0.06021	0.42787	0.20819	0.18223	0.01333	0.00682	0.00194	0.00299	0.01171	0.00594	0.00536

[dist]
# distance from previous block
# <min> <max>
0	6

[block]
# block no. 10 follows, 41 sequences, length 20
# corresponding to MSA columns:
# 649-668
name=unknown_K
#
# <colnr> <probs for GDERKNQSTAVLIFYWHMCP>
#	G	D	E	R	K	N	Q	S	T	A	V	L	I	F	Y	W	H	M	C	P
0	0.01700	0.01965	0.24357	0.01682	0.08358	0.01562	0.07706	0.37259	0.05207	0.02718	0.01268	0.01375	0.00918	0.00615	0.00572	0.00177	0.00719	0.00506	0.00425	0.00909
1	0.15735	0.30564	0.01898	0.01008	0.01426	0.01651	0.00887	0.14756	0.09081	0.11314	0.05560	0.01443	0.01212	0.00626	0.00466	0.00158	0.00535	0.00453	0.00434	0.00792
2	0.03045	0.25752	0.10437	0.07792	0.09119	0.03829	0.01178	0.04281	0.03871	0.16412	0.01247	0.01335	0.00936	0.00561	0.00487	0.00152	0.00621	0.00432	0.00373	0.08140
3	0.22304	0.16332	0.05896	0.01515	0.12715	0.08463	0.04198	0.03534	0.09472	0.01953	0.01053	0.01223	0.00856	0.00597	0.00593	0.00172	0.07620	0.00425	0.00330	0.00747
4	0.00905	0.00593	0.00735	0.00724	0.00862	0.00536	0.00523	0.01077	0.01353	0.08192	0.29812	0.22681	0.19931	0.08380	0.00880	0.00229	0.00333	0.01160	0.00565	0.00529
5	0.01331	0.01383	0.01740	0.01499	0.01526	0.08531	0.01238	0.01458	0.00943	0.01379	0.00763	0.01232	0.00750	0.00964	0.01755	0.00241	0.71896	0.00489	0.00254	0.00629
6	0.01289	0.01290	0.02351	0.29196	0.24503	0.01386	0.21630	0.03434	0.01268	0.01729	0.01065	0.01478	0.00838	0.00558	0.00678	0.00188	0.05524	0.00554	0.00280	0.00759
7	0.01741	0.01177	0.01309	0.01105	0.01466	0.01268	0.00880	0.14920	0.39792	0.19222	0.02460	0.02264	0.08186	0.00806	0.00587	0.00186	0.00476	0.00658	0.00604	0.00894
8	0.00974	0.00784	0.00955	0.00804	0.01104	0.00635	0.00608	0.01194	0.01270	0.01870	0.19866	0.21182	0.02680	0.00942	0.00560	0.00144	0.00364	0.00825	0.00457	0.42784
9	0.01487	0.03241	0.01465	0.08610	0.08374	0.03705	0.00960	0.08398	0.10186	0.09652	0.01406	0.01506	0.02268	0.00564	0.00504	0.00138	0.00531	0.00461	0.00413	0.36132
10	0.06106	0.08496	0.01671	0.13106	0.01969	0.11065	0.03560	0.17350	0.20568	0.05919	0.01505	0.03692	0.01165	0.00678	0.00546	0.00176	0.00640	0.00539	0.00446	0.00803
11	0.00732	0.00555	0.00681	0.00749	0.00859	0.00504	0.00550	0.00887	0.01254	0.01619	0.12597	0.36911	0.27778	0.01578	0.00713	0.00217	0.00335	0.10451	0.00542	0.00487
12	0.01270	0.04279	0.07875	0.27577	0.18860	0.01403	0.13253	0.01813	0.10425	0.01744	0.01194	0.01519	0.00928	0.00587	0.00647	0.00187	0.04828	0.00538	0.00305	0.00769
13	0.01231	0.01983	0.31763	0.01738	0.02239	0.01458	0.19262	0.01662	0.01138	0.01685	0.00972	0.01301	0.00774	0.00664	0.00981	0.00200	0.24979	0.00503	0.00261	0.05206
14	0.01239	0.03880	0.30916	0.08183	0.01883	0.03068	0.01309	0.01648	0.01370	0.11666	0.18355	0.02467	0.10025	0.00804	0.00588	0.00180	0.00601	0.00667	0.00423	0.00728
15	0.01010	0.00667	0.00825	0.00817	0.00895	0.00687	0.00587	0.03758	0.01068	0.05440	0.02066	0.04079	0.02230	0.47684	0.05306	0.00454	0.03166	0.18385	0.00414	0.00464
16	0.00792	0.00724	0.05114	0.02793	0.01006	0.00583	0.00630	0.01040	0.01456	0.01978	0.45223	0.10787	0.23264	0.01244	0.00669	0.00188	0.00326	0.01081	0.00563	0.00539
17	0.01294	0.35406	0.06600	0.33686	0.02569	0.01746	0.01325	0.01583	0.01131	0.01424	0.00898	0.01220	0.00747	0.00573	0.00598	0.00166	0.07681	0.00415	0.00249	0.00689
18	0.00877	0.00658	0.00795	0.00748	0.00911	0.00637	0.00564	0.01290	0.10232	0.02210	0.55955	0.04077	0.13156	0.01135	0.00652	0.00181	0.00294	0.00988	0.04064	0.00576
19	0.17157	0.01189	0.01423	0.01570	0.19725	0.03169	0.00996	0.10637	0.08476	0.04853	0.10272	0.01821	0.03649	0.00663	0.00523	0.00163	0.00514	0.00543	0.00431	0.12226

[dist]
# distance from previous block
# <min> <max>
0	1

[block]
# block no. 11 follows, 41 sequences, length 16
# corresponding to MSA columns:
# 670,676-690
name=unknown_L
#
# <colnr> <probs for GDERKNQSTAVLIFYWHMCP>
#	G	D	E	R	K	N	Q	S	T	A	V	L	I	F	Y	W	H	M	C	P
0	0.25161	0.01367	0.01268	0.01015	0.01436	0.09163	0.00817	0.19204	0.04417	0.04467	0.01110	0.01199	0.00851	0.00556	0.00459	0.00145	0.00544	0.00394	0.00414	0.26015
