[name]
unknown

[dist]
# distance from previous block
# <min> <max>
0	247

[block]
# block no. 0 follows, 39 sequences, length 10
# corresponding to MSA columns:
# 335-344
name=unknown_A
#
# <colnr> <probs for GDERKNQSTAVLIFYWHMCP>
#	G	D	E	R	K	N	Q	S	T	A	V	L	I	F	Y	W	H	M	C	P
0	0.01181	0.00790	0.00936	0.00853	0.01079	0.00762	0.00658	0.07546	0.07871	0.10810	0.27966	0.11053	0.21714	0.01221	0.00677	0.00197	0.00372	0.03044	0.00613	0.00658
1	0.00948	0.00591	0.00751	0.00789	0.00909	0.00542	0.00568	0.01117	0.01314	0.08314	0.15586	0.42516	0.11867	0.01499	0.00697	0.00214	0.00342	0.03358	0.07529	0.00550
2	0.22741	0.00906	0.01042	0.00920	0.01199	0.00972	0.00739	0.06117	0.01270	0.18884	0.01576	0.01834	0.01232	0.02043	0.28611	0.00461	0.00879	0.00530	0.07342	0.00697
3	0.14026	0.01289	0.05891	0.01126	0.01535	0.03472	0.00972	0.16718	0.04077	0.29643	0.01938	0.05824	0.01524	0.00841	0.00589	0.00194	0.00562	0.08349	0.00574	0.00857
4	0.01192	0.00964	0.01565	0.58218	0.03313	0.01142	0.01392	0.01537	0.01264	0.07967	0.07634	0.08342	0.01515	0.00762	0.00614	0.00199	0.00683	0.00675	0.00360	0.00664
5	0.00912	0.00588	0.00756	0.00797	0.00912	0.00533	0.00565	0.01067	0.01319	0.08274	0.17831	0.47258	0.13798	0.01577	0.00722	0.00219	0.00339	0.01404	0.00585	0.00545
6	0.08652	0.01143	0.03609	0.01020	0.01346	0.05753	0.00843	0.12355	0.04243	0.19500	0.09667	0.08127	0.13035	0.01018	0.00626	0.00196	0.00508	0.07037	0.00568	0.00752
7	0.01281	0.01133	0.07591	0.03217	0.01581	0.02568	0.07366	0.08342	0.06632	0.08333	0.05799	0.21456	0.03926	0.01202	0.00695	0.00220	0.00566	0.16882	0.00516	0.00695
8	0.01424	0.09137	0.23824	0.14471	0.02359	0.09496	0.05410	0.03075	0.03714	0.05155	0.01182	0.03563	0.00942	0.00636	0.00636	0.00177	0.05508	0.00498	0.00319	0.08475
9	0.08371	0.09733	0.03920	0.07810	0.01679	0.01204	0.00940	0.07825	0.01362	0.10722	0.01361	0.07898	0.01163	0.00687	0.00594	0.00155	0.05284	0.00530	0.00407	0.28356

[dist]
# distance from previous block
# <min> <max>
0	17

[block]
# block no. 1 follows, 39 sequences, length 20
# corresponding to MSA columns:
# 362-381
name=unknown_B
#
# <colnr> <probs for GDERKNQSTAVLIFYWHMCP>
#	G	D	E	R	K	N	Q	S	T	A	V	L	I	F	Y	W	H	M	C	P
0	0.02062	0.08069	0.01702	0.01305	0.04710	0.13222	0.01019	0.23004	0.06588	0.19502	0.01504	0.01490	0.01085	0.00645	0.00546	0.00160	0.00642	0.00490	0.00507	0.11748
1	0.01812	0.00916	0.01140	0.00956	0.01282	0.00859	0.00747	0.02251	0.13370	0.36470	0.06541	0.09016	0.04797	0.07036	0.00790	0.00214	0.00454	0.00755	0.04476	0.06117
2	0.00769	0.00562	0.00715	0.00778	0.00866	0.00520	0.00551	0.00930	0.01304	0.01747	0.22732	0.41146	0.13760	0.05724	0.00855	0.00240	0.00344	0.05390	0.00566	0.00501
3	0.01398	0.01489	0.18081	0.10332	0.04183	0.01133	0.08952	0.05246	0.07143	0.12414	0.01740	0.12129	0.01506	0.05109	0.03905	0.00246	0.00706	0.00718	0.00422	0.03149
4	0.00952	0.00651	0.00953	0.00938	0.01067	0.00727	0.00728	0.01157	0.01023	0.06268	0.01882	0.05762	0.04530	0.03963	0.65532	0.00839	0.01408	0.00701	0.00363	0.00556
5	0.00719	0.00520	0.00680	0.00809	0.00854	0.00482	0.00542	0.00825	0.01146	0.01515	0.03438	0.74044	0.08583	0.01830	0.00751	0.00238	0.00340	0.01653	0.00549	0.00482
6	0.09287	0.01451	0.16351	0.01121	0.01514	0.01166	0.01046	0.13644	0.06584	0.11960	0.05312	0.02326	0.06244	0.14849	0.01070	0.00259	0.03958	0.00640	0.00464	0.00754
7	0.10939	0.08618	0.13238	0.01607	0.03213	0.06465	0.20659	0.08567	0.05656	0.13393	0.01344	0.01461	0.00974	0.00594	0.00569	0.00181	0.00749	0.00527	0.00405	0.00841
8	0.01246	0.00774	0.00905	0.00814	0.01025	0.00760	0.00626	0.12006	0.01653	0.08948	0.27153	0.11259	0.09328	0.01064	0.00613	0.00180	0.00362	0.00907	0.19727	0.00650
9	0.00977	0.00797	0.01078	0.01005	0.01041	0.00978	0.00752	0.01086	0.00904	0.01302	0.01462	0.02616	0.01534	0.31630	0.27993	0.00614	0.22734	0.00686	0.00316	0.00498
10	0.01393	0.09468	0.04214	0.13031	0.09510	0.01261	0.14117	0.04316	0.01339	0.10094	0.04631	0.02014	0.01355	0.01426	0.16056	0.00340	0.00895	0.03420	0.00375	0.00745
11	0.01105	0.01022	0.01707	0.69545	0.06057	0.01254	0.01561	0.01479	0.01186	0.01538	0.01196	0.05979	0.00985	0.00663	0.00597	0.00198	0.00750	0.00592	0.01934	0.00654
12	0.01471	0.00776	0.00935	0.00854	0.01087	0.00755	0.00662	0.03869	0.08747	0.21101	0.07378	0.15599	0.04049	0.01009	0.00587	0.00185	0.00389	0.04170	0.25668	0.00707
13	0.09479	0.06067	0.01546	0.36012	0.02564	0.01196	0.02413	0.04321	0.01306	0.13501	0.01535	0.10534	0.01289	0.00758	0.00567	0.00190	0.00620	0.00641	0.04753	0.00706
14	0.07575	0.22837	0.11946	0.01247	0.03230	0.10720	0.01139	0.08598	0.07712	0.06704	0.04406	0.01762	0.01291	0.00827	0.03314	0.00199	0.00701	0.04610	0.00395	0.00785
15	0.01146	0.02702	0.64240	0.01667	0.05811	0.01276	0.01978	0.01755	0.01254	0.01841	0.01485	0.05196	0.05720	0.00681	0.00581	0.00190	0.00804	0.00552	0.00285	0.00834
16	0.14525	0.01049	0.04675	0.06023	0.02752	0.01041	0.00919	0.10136	0.02998	0.08984	0.06015	0.19278	0.04694	0.01143	0.01785	0.00221	0.04170	0.08414	0.00494	0.00686
17	0.04919	0.03103	0.02185	0.21804	0.13620	0.03640	0.17123	0.16555	0.03558	0.02171	0.01208	0.01562	0.00942	0.03054	0.00695	0.00200	0.01938	0.00562	0.00360	0.00802
18	0.09289	0.06183	0.01768	0.01717	0.15354	0.23927	0.03492	0.09171	0.08722	0.07889	0.01455	0.04430	0.02709	0.00684	0.00554	0.00174	0.00728	0.00538	0.00411	0.00805
19	0.03385	0.00685	0.00917	0.05838	0.01224	0.00654	0.00707	0.01347	0.01310	0.16220	0.08535	0.42237	0.07020	0.01433	0.00699	0.00220	0.00413	0.05974	0.00569	0.00610

[dist]
# distance from previous block
# <min> <max>
2	18

[block]
# block no. 2 follows, 39 sequences, length 30
# corresponding to MSA columns:
# 400-429
name=unknown_C
#
# <colnr> <probs for GDERKNQSTAVLIFYWHMCP>
#	G	D	E	R	K	N	Q	S	T	A	V	L	I	F	Y	W	H	M	C	P
0	0.01487	0.03236	0.24131	0.01314	0.01818	0.01258	0.04645	0.10833	0.15886	0.10304	0.03961	0.05207	0.03319	0.06469	0.00770	0.00215	0.00637	0.00641	0.00459	0.03410
1	0.01501	0.10003	0.03683	0.00974	0.01265	0.05401	0.00795	0.01934	0.12647	0.17705	0.07494	0.16969	0.04548	0.02937	0.00649	0.00194	0.00481	0.00823	0.09265	0.00730
2	0.01247	0.01373	0.16885	0.02560	0.05031	0.01013	0.09771	0.01730	0.08802	0.09700	0.06078	0.19777	0.06202	0.01019	0.00668	0.00204	0.01563	0.03121	0.02517	0.00736
3	0.01629	0.05861	0.25777	0.01611	0.07672	0.03706	0.08497	0.04254	0.07855	0.18387	0.03734	0.05597	0.01340	0.00700	0.00592	0.00186	0.00698	0.00602	0.00435	0.00869
4	0.01136	0.01094	0.14281	0.00968	0.01266	0.00769	0.00919	0.03206	0.01391	0.07685	0.11754	0.10338	0.08412	0.01086	0.00625	0.00197	0.00469	0.14280	0.19478	0.00644
5	0.00759	0.00546	0.00721	0.00805	0.00875	0.00508	0.00562	0.00915	0.01290	0.01751	0.22581	0.54776	0.06116	0.01665	0.00740	0.00226	0.00331	0.03754	0.00576	0.00504
6	0.03577	0.03285	0.09270	0.01634	0.09944	0.01159	0.15105	0.07690	0.03012	0.15480	0.06257	0.08495	0.01747	0.06521	0.00805	0.00222	0.00651	0.03897	0.00460	0.00789
7	0.01763	0.05402	0.21506	0.01519	0.07279	0.02987	0.01380	0.33243	0.03786	0.06946	0.01695	0.01732	0.06682	0.00710	0.00581	0.00180	0.00681	0.00556	0.00463	0.00908
8	0.00998	0.00669	0.00745	0.00724	0.00904	0.00625	0.00540	0.06367	0.01434	0.05267	0.10695	0.18974	0.30969	0.01288	0.00640	0.00192	0.00336	0.01097	0.16964	0.00571
9	0.07579	0.01148	0.01915	0.21166	0.18030	0.01225	0.14826	0.03031	0.01286	0.01909	0.01390	0.04382	0.01191	0.00689	0.00622	0.00191	0.02619	0.04998	0.11081	0.00722
10	0.01447	0.20086	0.25921	0.06338	0.10433	0.12179	0.04970	0.01888	0.03751	0.01725	0.04219	0.01435	0.01958	0.00597	0.00535	0.00169	0.00781	0.00474	0.00298	0.00795
11	0.01298	0.05591	0.01865	0.01452	0.01785	0.01090	0.23010	0.01744	0.07900	0.07267	0.02140	0.05682	0.02008	0.03515	0.00753	0.00226	0.00650	0.23674	0.07656	0.00696
12	0.01685	0.00796	0.00970	0.00835	0.01116	0.00744	0.00657	0.02033	0.07280	0.31753	0.07137	0.06720	0.07822	0.00876	0.00561	0.00175	0.00388	0.00728	0.26968	0.00757
13	0.01191	0.00719	0.00893	0.00795	0.01017	0.00654	0.00614	0.04473	0.01643	0.15473	0.42252	0.05437	0.20163	0.01177	0.00676	0.00189	0.00341	0.01012	0.00639	0.00643
14	0.02014	0.02066	0.01692	0.11424	0.02098	0.35453	0.01184	0.25944	0.08364	0.02302	0.01231	0.01351	0.00938	0.00657	0.00566	0.00171	0.00840	0.00475	0.00420	0.00810
15	0.00842	0.00622	0.00904	0.00919	0.01018	0.00695	0.00706	0.01043	0.01037	0.01468	0.07185	0.08692	0.02109	0.07418	0.57514	0.00783	0.01285	0.04868	0.00374	0.00519
16	0.10400	0.01243	0.01421	0.01123	0.01544	0.01278	0.00918	0.30082	0.03930	0.32896	0.01862	0.05365	0.01331	0.00759	0.00573	0.00183	0.00541	0.00596	0.03027	0.00929
17	0.04395	0.00880	0.01111	0.00915	0.01231	0.00821	0.00732	0.07537	0.01708	0.35851	0.27532	0.02788	0.02839	0.00887	0.00607	0.00180	0.00415	0.00743	0.08031	0.00798
18	0.01700	0.01305	0.01462	0.06791	0.01760	0.01464	0.01012	0.24180	0.37584	0.07035	0.07610	0.02081	0.01760	0.00786	0.00605	0.00191	0.00534	0.00644	0.00585	0.00912
19	0.04218	0.00844	0.00953	0.00813	0.01084	0.00841	0.00643	0.10447	0.03960	0.21249	0.04323	0.02123	0.01566	0.02083	0.00540	0.00167	0.00396	0.00579	0.42438	0.00734
20	0.00723	0.00531	0.00680	0.00798	0.00858	0.00488	0.00545	0.00837	0.01169	0.01529	0.03651	0.66495	0.14202	0.01796	0.00748	0.00235	0.00342	0.03341	0.00549	0.00485
21	0.01114	0.05572	0.06591	0.01040	0.01296	0.01012	0.00877	0.05121	0.20295	0.01996	0.08356	0.23532	0.07751	0.01247	0.00673	0.00214	0.00468	0.11625	0.00533	0.00685
22	0.01280	0.12767	0.27673	0.07081	0.01875	0.01201	0.01315	0.01683	0.01330	0.09404	0.13759	0.02112	0.04067	0.01056	0.07258	0.00244	0.00715	0.00596	0.03839	0.00746
23	0.01267	0.01252	0.07762	0.00967	0.01521	0.00884	0.00848	0.04610	0.01295	0.01999	0.01068	0.01237	0.00870	0.00460	0.00455	0.00100	0.00485	0.00366	0.00352	0.72203
24	0.18394	0.25796	0.38414	0.01293	0.01950	0.01656	0.01509	0.01814	0.01184	0.01889	0.00940	0.01098	0.00730	0.00542	0.00466	0.00168	0.00714	0.00376	0.00275	0.00791
25	0.01166	0.00732	0.00926	0.00933	0.01115	0.00700	0.00738	0.06535	0.01427	0.11800	0.03375	0.25471	0.15187	0.04003	0.00805	0.00242	0.00450	0.23215	0.00569	0.00609
26	0.00839	0.00565	0.00651	0.00672	0.00677	0.00559	0.00387	0.00855	0.00901	0.01201	0.02073	0.15106	0.02414	0.67621	0.02672	0.00523	0.00539	0.00983	0.00387	0.00377
27	0.22487	0.03859	0.08139	0.00966	0.01471	0.01063	0.00866	0.03147	0.01272	0.13576	0.01191	0.01277	0.00894	0.00531	0.00456	0.00139	0.00504	0.00391	0.00405	0.37366
28	0.04206	0.04921	0.01461	0.01252	0.07080	0.03097	0.03133	0.19811	0.06291	0.04388	0.02995	0.04510	0.01472	0.18806	0.03134	0.00278	0.00615	0.00628	0.00441	0.11481
29	0.08661	0.01665	0.17747	0.03999	0.07845	0.01343	0.03211	0.19418	0.01667	0.15707	0.01378	0.01486	0.00991	0.00793	0.03804	0.00211	0.02956	0.00501	0.00445	0.06173

[dist]
# distance from previous block
# <min> <max>
7	32

[block]
# block no. 3 follows, 39 sequences, length 9
# corresponding to MSA columns:
# 467-475
name=unknown_D
#
# <colnr> <probs for GDERKNQSTAVLIFYWHMCP>
#	G	D	E	R	K	N	Q	S	T	A	V	L	I	F	Y	W	H	M	C	P
0	0.01532	0.01253	0.04443	0.01388	0.05894	0.05154	0.08037	0.13531	0.04262	0.12021	0.01980	0.24137	0.01889	0.00998	0.00686	0.00194	0.03602	0.00870	0.00490	0.07637
1	0.01822	0.05333	0.07226	0.01208	0.01609	0.09735	0.01023	0.02711	0.33944	0.22079	0.02078	0.05466	0.01561	0.00778	0.00585	0.00188	0.00578	0.00628	0.00557	0.00892
2	0.09357	0.01327	0.01670	0.05807	0.09218	0.01328	0.05281	0.25834	0.01781	0.08096	0.01264	0.01391	0.00944	0.00583	0.00533	0.00155	0.00595	0.00475	0.00447	0.23913
3	0.01830	0.05087	0.18672	0.01326	0.01843	0.01514	0.01279	0.32501	0.04778	0.10751	0.01425	0.01483	0.01026	0.00679	0.00637	0.00178	0.05074	0.00506	0.04879	0.04531
4	0.00820	0.00572	0.00729	0.00765	0.00799	0.00589	0.00500	0.00897	0.00953	0.01296	0.02163	0.23157	0.02451	0.41023	0.20105	0.00576	0.00755	0.01021	0.00398	0.00431
5	0.00838	0.06455	0.00908	0.00805	0.00917	0.00670	0.00588	0.00970	0.01199	0.01595	0.14599	0.36461	0.11923	0.04167	0.10053	0.05127	0.00516	0.01211	0.00493	0.00505
6	0.08203	0.21189	0.21241	0.01245	0.01690	0.01586	0.01263	0.04768	0.07181	0.01803	0.01164	0.01464	0.00982	0.03820	0.10236	0.00289	0.10341	0.00469	0.00317	0.00748
7	0.13914	0.07122	0.01530	0.03921	0.06956	0.01184	0.04501	0.06956	0.01415	0.21042	0.01804	0.12295	0.01571	0.00874	0.00653	0.00195	0.04972	0.04803	0.03522	0.00770
8	0.00884	0.00668	0.00894	0.01024	0.06483	0.00640	0.00669	0.04565	0.01401	0.01910	0.24429	0.43272	0.07920	0.01488	0.00714	0.00214	0.00364	0.01334	0.00562	0.00564

[dist]
# distance from previous block
# <min> <max>
0	2

[block]
# block no. 4 follows, 39 sequences, length 6
# corresponding to MSA columns:
# 478-483
name=unknown_E
#
# <colnr> <probs for GDERKNQSTAVLIFYWHMCP>
#	G	D	E	R	K	N	Q	S	T	A	V	L	I	F	Y	W	H	M	C	P
0	0.12320	0.01989	0.34306	0.01492	0.02121	0.01220	0.14166	0.01806	0.01294	0.07299	0.04197	0.01730	0.05849	0.00636	0.00566	0.00182	0.00720	0.00548	0.00351	0.07207
1	0.00937	0.00784	0.01098	0.01045	0.01198	0.00791	0.06345	0.01262	0.09353	0.01677	0.02750	0.50033	0.05510	0.01448	0.00792	0.00221	0.05994	0.01289	0.00499	0.06974
2	0.01051	0.06456	0.30891	0.01348	0.03768	0.01069	0.05003	0.01450	0.01245	0.01741	0.07097	0.15213	0.05108	0.03484	0.06717	0.00271	0.00727	0.06291	0.00376	0.00693
3	0.03760	0.03863	0.11472	0.10029	0.07823	0.05381	0.08326	0.06509	0.05673	0.22350	0.01679	0.07707	0.01304	0.00728	0.00597	0.00188	0.00675	0.00631	0.00463	0.00845
4	0.05895	0.07769	0.02258	0.01585	0.02087	0.11137	0.24719	0.15076	0.01613	0.02182	0.01119	0.01327	0.00871	0.00541	0.00556	0.00157	0.00758	0.00498	0.00365	0.19487
5	0.20795	0.20794	0.30147	0.01277	0.01871	0.07668	0.01388	0.06519	0.01314	0.02028	0.00960	0.01106	0.00744	0.00559	0.00472	0.00168	0.00719	0.00382	0.00305	0.00785

[dist]
# distance from previous block
# <min> <max>
1	5

[block]
# block no. 5 follows, 39 sequences, length 22
# corresponding to MSA columns:
# 489-510
name=unknown_F
#
# <colnr> <probs for GDERKNQSTAVLIFYWHMCP>
#	G	D	E	R	K	N	Q	S	T	A	V	L	I	F	Y	W	H	M	C	P
0	0.00948	0.00686	0.00829	0.00839	0.00949	0.00691	0.00585	0.03076	0.11210	0.03087	0.18741	0.33640	0.03527	0.17038	0.01167	0.00287	0.00403	0.01196	0.00545	0.00557
1	0.18107	0.01679	0.23143	0.01657	0.12933	0.01238	0.06431	0.01707	0.01213	0.05543	0.03164	0.05730	0.01249	0.04808	0.00765	0.00214	0.05214	0.02848	0.00350	0.02006
2	0.08928	0.01502	0.10695	0.14089	0.06459	0.03886	0.09881	0.06949	0.07600	0.15763	0.02522	0.01608	0.01089	0.00651	0.00648	0.00190	0.04618	0.00543	0.00423	0.01959
3	0.00971	0.00694	0.00824	0.00783	0.00961	0.00661	0.00583	0.01348	0.10023	0.06236	0.35407	0.11340	0.21680	0.04858	0.00793	0.00214	0.00339	0.01088	0.00602	0.00597
4	0.02997	0.00596	0.00707	0.00727	0.00834	0.00554	0.00503	0.00986	0.01257	0.03862	0.19536	0.27075	0.18987	0.17299	0.01174	0.00284	0.00374	0.01218	0.00534	0.00497
5	0.19505	0.05302	0.01779	0.05873	0.05550	0.04784	0.11045	0.11284	0.11424	0.15577	0.01468	0.01529	0.01063	0.00631	0.00546	0.00183	0.00634	0.00521	0.00465	0.00838
6	0.10460	0.04753	0.04952	0.01276	0.09083	0.01174	0.00955	0.14436	0.01498	0.06560	0.01306	0.05153	0.01106	0.04125	0.00615	0.00164	0.00540	0.00501	0.00412	0.30931
7	0.00776	0.00597	0.00712	0.00717	0.00869	0.00533	0.00539	0.00982	0.01460	0.01921	0.34299	0.13673	0.33321	0.01427	0.00713	0.00203	0.00312	0.05831	0.00591	0.00524
8	0.05982	0.00796	0.00965	0.00885	0.01041	0.00830	0.00653	0.08052	0.01369	0.09550	0.18259	0.15589	0.02817	0.19937	0.05838	0.00336	0.05078	0.00920	0.00508	0.00594
9	0.01656	0.28497	0.06096	0.01621	0.02159	0.06118	0.27006	0.06037	0.01438	0.08674	0.01157	0.01339	0.00893	0.00541	0.00545	0.00163	0.00780	0.00502	0.00340	0.04437
10	0.06337	0.05481	0.12862	0.02353	0.35037	0.04683	0.04856	0.01876	0.01316	0.09734	0.01257	0.01578	0.01013	0.04378	0.04542	0.00234	0.00757	0.00521	0.00341	0.00844
11	0.05548	0.00792	0.05205	0.01000	0.04707	0.00687	0.00708	0.01108	0.04827	0.01636	0.02867	0.50618	0.07291	0.09047	0.00920	0.00258	0.00425	0.01318	0.00493	0.00547
12	0.00966	0.00958	0.08357	0.01115	0.05529	0.00794	0.00862	0.01384	0.11763	0.01812	0.11531	0.29718	0.09766	0.01381	0.00788	0.05046	0.00449	0.06660	0.00507	0.00614
13	0.09754	0.01700	0.15381	0.01856	0.19745	0.01446	0.01386	0.23044	0.05441	0.07917	0.01316	0.01426	0.00972	0.00613	0.00554	0.00176	0.00653	0.00494	0.00431	0.05695
14	0.06428	0.12907	0.24804	0.01494	0.05335	0.11040	0.04763	0.10231	0.01508	0.09442	0.01302	0.05845	0.01049	0.00665	0.00547	0.00176	0.00744	0.00523	0.00374	0.00825
15	0.00868	0.00626	0.00789	0.00820	0.00922	0.00602	0.00587	0.05208	0.01395	0.01893	0.25285	0.38774	0.07100	0.07648	0.00906	0.00246	0.00368	0.04866	0.00568	0.00530
16	0.07834	0.00990	0.01258	0.08967	0.09999	0.01027	0.00878	0.12206	0.01429	0.08752	0.09483	0.02528	0.01830	0.24884	0.01322	0.00299	0.00568	0.00670	0.00442	0.04633
17	0.04251	0.01315	0.01686	0.05304	0.15741	0.09886	0.08636	0.11197	0.01517	0.05314	0.01782	0.21229	0.01752	0.00935	0.00628	0.00192	0.00647	0.02853	0.00430	0.04706
18	0.12673	0.01035	0.05276	0.00925	0.01232	0.00967	0.00786	0.05874	0.08082	0.10160	0.06256	0.04139	0.18880	0.00965	0.00646	0.00189	0.04309	0.04321	0.08965	0.04320
19	0.01501	0.05799	0.19830	0.01358	0.01819	0.12335	0.07271	0.12236	0.04599	0.04309	0.13089	0.05306	0.01814	0.00764	0.00588	0.00178	0.00689	0.00634	0.05106	0.00774
20	0.01338	0.01270	0.05212	0.01184	0.01580	0.04605	0.08440	0.12392	0.09562	0.02243	0.13017	0.08240	0.06185	0.00828	0.00596	0.00166	0.00543	0.00720	0.00474	0.21404
21	0.01283	0.16711	0.01495	0.00930	0.01285	0.01160	0.00767	0.12520	0.01541	0.02106	0.15604	0.12592	0.06522	0.00893	0.00557	0.00155	0.00459	0.00740	0.00463	0.22216

[dist]
# distance from previous block
# <min> <max>
4	20

[block]
# block no. 6 follows, 39 sequences, length 17
# corresponding to MSA columns:
# 534-550
name=unknown_G
#
# <colnr> <probs for GDERKNQSTAVLIFYWHMCP>
#	G	D	E	R	K	N	Q	S	T	A	V	L	I	F	Y	W	H	M	C	P
0	0.08692	0.00914	0.01152	0.00962	0.01197	0.00915	0.04906	0.11783	0.01381	0.12058	0.09124	0.02519	0.01822	0.23176	0.01513	0.12072	0.00545	0.00669	0.00455	0.04143
1	0.01452	0.05884	0.01257	0.01033	0.01275	0.01004	0.00824	0.10746	0.04573	0.16819	0.02144	0.19318	0.02020	0.01983	0.20342	0.00397	0.02756	0.04954	0.00507	0.00711
2	0.13386	0.03170	0.07058	0.08653	0.01866	0.13481	0.06334	0.07786	0.01467	0.07565	0.06365	0.01812	0.05531	0.00837	0.03750	0.00203	0.00707	0.00545	0.00402	0.09083
3	0.04665	0.01412	0.01281	0.01125	0.01417	0.22345	0.03317	0.03843	0.01504	0.12278	0.10757	0.15918	0.02140	0.00935	0.00598	0.00176	0.00615	0.03021	0.02102	0.10550
4	0.00999	0.00711	0.00891	0.00972	0.04654	0.00700	0.00714	0.05024	0.03298	0.02014	0.14904	0.15676	0.12750	0.01284	0.00671	0.00208	0.00401	0.18208	0.15337	0.00586
5	0.11570	0.01236	0.01654	0.08579	0.01891	0.04385	0.12004	0.11396	0.07250	0.10098	0.01485	0.03734	0.01207	0.05418	0.10252	0.00309	0.05762	0.00601	0.00423	0.00747
6	0.01931	0.00962	0.01211	0.01002	0.01347	0.00914	0.00799	0.08254	0.09699	0.39744	0.15185	0.08589	0.05828	0.00944	0.00631	0.00190	0.00451	0.00796	0.00669	0.00856
7	0.00720	0.00535	0.00672	0.00775	0.00847	0.00487	0.00529	0.00838	0.01194	0.01556	0.06208	0.61358	0.18608	0.01759	0.00741	0.00230	0.00332	0.01572	0.00552	0.00487
8	0.11720	0.01345	0.01581	0.01383	0.05288	0.06128	0.07890	0.09159	0.26484	0.15790	0.04700	0.01930	0.01502	0.00723	0.00582	0.00189	0.00584	0.01619	0.00534	0.00870
9	0.06591	0.01240	0.01350	0.03822	0.01549	0.04935	0.00910	0.25310	0.08131	0.17297	0.16004	0.02399	0.05097	0.00846	0.00605	0.00184	0.00533	0.01771	0.00590	0.00837
10	0.00777	0.00542	0.00730	0.00831	0.00888	0.00511	0.00583	0.00898	0.01210	0.01630	0.13882	0.56583	0.03934	0.01750	0.00851	0.05490	0.00362	0.07519	0.00545	0.00483
11	0.01094	0.00627	0.00731	0.00715	0.00858	0.00610	0.00525	0.04243	0.01379	0.06402	0.17142	0.19111	0.02860	0.04344	0.00671	0.00192	0.00332	0.00914	0.36677	0.00575
12	0.04980	0.01226	0.01595	0.42305	0.02896	0.05324	0.01324	0.14864	0.05128	0.04637	0.01371	0.01864	0.01077	0.00692	0.00585	0.00192	0.00702	0.04657	0.03843	0.00736
13	0.01276	0.01164	0.01283	0.01178	0.03189	0.12080	0.03379	0.01495	0.02444	0.05999	0.08050	0.02727	0.17265	0.01524	0.12421	0.00312	0.17219	0.00730	0.05637	0.00628
14	0.01635	0.05938	0.02299	0.03119	0.60940	0.01386	0.01637	0.01960	0.01386	0.12142	0.01264	0.01509	0.00999	0.00554	0.00575	0.00174	0.00671	0.00524	0.00351	0.00936
15	0.23313	0.01328	0.03931	0.01635	0.17469	0.05595	0.04099	0.03387	0.04393	0.20545	0.02457	0.02932	0.02312	0.00648	0.00533	0.00179	0.00590	0.00524	0.00454	0.03677
16	0.01171	0.00822	0.01125	0.05738	0.11475	0.00831	0.00823	0.01519	0.09126	0.08962	0.12206	0.21216	0.02669	0.14956	0.01068	0.00266	0.00477	0.00963	0.03940	0.00646

[dist]
# distance from previous block
# <min> <max>
5	9

[block]
# block no. 7 follows, 39 sequences, length 9
# corresponding to MSA columns:
# 564-572
name=unknown_H
#
# <colnr> <probs for GDERKNQSTAVLIFYWHMCP>
#	G	D	E	R	K	N	Q	S	T	A	V	L	I	F	Y	W	H	M	C	P
0	0.14027	0.01643	0.08491	0.02996	0.08511	0.08713	0.09808	0.16343	0.07214	0.14430	0.01413	0.01486	0.01017	0.00630	0.00563	0.00182	0.00693	0.00517	0.00455	0.00866
1	0.03925	0.04730	0.12568	0.01265	0.01551	0.01196	0.07303	0.03604	0.01217	0.01700	0.02320	0.06535	0.15182	0.06822	0.01125	0.00245	0.18605	0.09083	0.00383	0.00641
2	0.01500	0.06535	0.17422	0.01153	0.01723	0.05586	0.01113	0.06351	0.03898	0.08697	0.01217	0.01321	0.00928	0.00535	0.00496	0.00133	0.00601	0.00413	0.00378	0.40001
3	0.25667	0.01360	0.01175	0.01059	0.01380	0.12669	0.00841	0.05384	0.22102	0.07115	0.01683	0.01964	0.01346	0.00744	0.00522	0.00186	0.00555	0.05938	0.07555	0.00756
4	0.00898	0.00644	0.00813	0.12115	0.01155	0.00683	0.00549	0.00957	0.00908	0.01201	0.01743	0.03529	0.01948	0.67527	0.02650	0.00517	0.00605	0.00810	0.00344	0.00403
5	0.01411	0.01247	0.01252	0.01148	0.01364	0.17682	0.05486	0.07717	0.01505	0.08527	0.07881	0.37180	0.02671	0.01239	0.00669	0.00203	0.00582	0.01084	0.00507	0.00646
6	0.13077	0.00672	0.00780	0.00808	0.00954	0.00647	0.00578	0.01069	0.01212	0.01861	0.14696	0.47807	0.03428	0.01423	0.00659	0.00209	0.00358	0.01256	0.00521	0.07984
7	0.08650	0.01125	0.01270	0.01007	0.01444	0.01060	0.00811	0.09449	0.13844	0.13257	0.01624	0.03493	0.01285	0.00661	0.00521	0.00149	0.00479	0.03346	0.00488	0.36038
8	0.01446	0.01259	0.04876	0.08110	0.01883	0.01095	0.07193	0.14395	0.01570	0.05628	0.06877	0.01606	0.01275	0.00584	0.00534	0.00140	0.00566	0.00499	0.00417	0.40048

[dist]
# distance from previous block
# <min> <max>
0	48

[block]
# block no. 8 follows, 39 sequences, length 9
# corresponding to MSA columns:
# 626-634
name=unknown_I
#
# <colnr> <probs for GDERKNQSTAVLIFYWHMCP>
#	G	D	E	R	K	N	Q	S	T	A	V	L	I	F	Y	W	H	M	C	P
0	0.06972	0.01051	0.01465	0.09787	0.10608	0.00988	0.04071	0.01773	0.01362	0.17107	0.07781	0.02031	0.06579	0.00688	0.00586	0.00161	0.02319	0.00580	0.00448	0.23647
1	0.01268	0.08864	0.06649	0.26922	0.09181	0.07488	0.01289	0.05003	0.01310	0.01663	0.01534	0.09508	0.01484	0.07055	0.00795	0.00225	0.00702	0.08039	0.00347	0.00674
2	0.01951	0.01615	0.01629	0.12755	0.02075	0.13989	0.01141	0.29635	0.17054	0.09747	0.01573	0.01605	0.01142	0.00697	0.00584	0.00182	0.00688	0.00540	0.00511	0.00886
3	0.83394	0.01144	0.00869	0.00778	0.01144	0.01327	0.00640	0.01738	0.01006	0.02653	0.00823	0.00961	0.00640	0.00549	0.00366	0.00183	0.00457	0.00320	0.00366	0.00640
4	0.01367	0.00999	0.01462	0.27945	0.06713	0.01028	0.01130	0.01653	0.01290	0.13847	0.05011	0.09820	0.01484	0.00760	0.00644	0.00176	0.04334	0.00645	0.00410	0.19282
5	0.08359	0.01038	0.01470	0.29550	0.02425	0.01064	0.01125	0.02167	0.01410	0.36344	0.01631	0.01702	0.01099	0.00641	0.00562	0.00180	0.00600	0.00527	0.00497	0.07609
6	0.00744	0.00535	0.00687	0.00782	0.00836	0.00499	0.00524	0.00859	0.01177	0.01569	0.10707	0.58810	0.08913	0.09248	0.00963	0.00264	0.00356	0.01509	0.00541	0.00478
7	0.01271	0.06883	0.50154	0.01892	0.02662	0.01464	0.23603	0.01874	0.01290	0.01852	0.01089	0.01336	0.00794	0.00540	0.00593	0.00188	0.00898	0.00509	0.00265	0.00845
8	0.01485	0.24828	0.02270	0.15357	0.16301	0.01589	0.05580	0.01804	0.03688	0.08807	0.01308	0.06823	0.01132	0.00686	0.00635	0.00178	0.05842	0.00565	0.00344	0.00780

[dist]
# distance from previous block
# <min> <max>
0	1

[block]
# block no. 9 follows, 39 sequences, length 12
# corresponding to MSA columns:
# 636-647
name=unknown_J
#
# <colnr> <probs for GDERKNQSTAVLIFYWHMCP>
#	G	D	E	R	K	N	Q	S	T	A	V	L	I	F	Y	W	H	M	C	P
0	0.01642	0.01195	0.01306	0.01149	0.01494	0.01332	0.00901	0.03018	0.59435	0.14165	0.02373	0.02175	0.01737	0.00786	0.00592	0.00195	0.00465	0.00651	0.04460	0.00929
1	0.01578	0.00750	0.00965	0.00862	0.01098	0.00667	0.00643	0.01726	0.01363	0.33767	0.03033	0.22895	0.12965	0.13640	0.01036	0.00263	0.00443	0.01016	0.00598	0.00692
2	0.00769	0.00514	0.00700	0.00815	0.00844	0.00486	0.00543	0.00815	0.01075	0.01433	0.02904	0.66558	0.03452	0.01885	0.01003	0.13393	0.00370	0.01495	0.00502	0.00445
3	0.70530	0.01122	0.00949	0.00821	0.01202	0.01254	0.00677	0.01921	0.01116	0.14329	0.01064	0.01128	0.00772	0.00578	0.00402	0.00183	0.00465	0.00364	0.00424	0.00699
4	0.01162	0.00924	0.01039	0.08156	0.01413	0.04496	0.00782	0.05071	0.15482	0.06379	0.03179	0.29863	0.17142	0.01276	0.00670	0.00210	0.00460	0.01105	0.00534	0.00656
5	0.00906	0.00580	0.00736	0.00764	0.00843	0.00546	0.00518	0.01041	0.01234	0.05877	0.20337	0.35466	0.03666	0.20231	0.01263	0.00300	0.00390	0.01231	0.03569	0.00502
6	0.00749	0.00535	0.00718	0.00848	0.00897	0.00504	0.00592	0.00876	0.01176	0.01569	0.05941	0.68500	0.03921	0.01806	0.00759	0.00241	0.00362	0.08961	0.00552	0.00490
7	0.01339	0.01141	0.01787	0.61469	0.07155	0.01363	0.01553	0.10424	0.01409	0.05052	0.01155	0.01571	0.00852	0.00609	0.00591	0.00193	0.00755	0.00529	0.00325	0.00729
8	0.01006	0.00691	0.00826	0.00752	0.00940	0.00613	0.00536	0.01164	0.01207	0.05876	0.11862	0.14175	0.11053	0.21321	0.04147	0.00302	0.00460	0.00908	0.05497	0.16663
9	0.25259	0.01507	0.01472	0.01180	0.01607	0.04506	0.00966	0.43405	0.06585	0.06028	0.01327	0.01347	0.00959	0.00667	0.00526	0.00180	0.00595	0.00477	0.00523	0.00885
10	0.08291	0.00917	0.00994	0.00859	0.01169	0.00890	0.00669	0.06222	0.12072	0.08445	0.02554	0.10474	0.13877	0.00907	0.00552	0.00169	0.00405	0.00747	0.13129	0.16660
11	0.10523	0.12136	0.01512	0.01034	0.01436	0.07946	0.00846	0.08966	0.14110	0.02193	0.08314	0.01659	0.01457	0.00721	0.02093	0.00165	0.00557	0.00492	0.00430	0.23409

[dist]
# distance from previous block
# <min> <max>
12	25

[block]
# block no. 10 follows, 39 sequences, length 43
# corresponding to MSA columns:
# 673-701,703-716
name=unknown_K
#
# <colnr> <probs for GDERKNQSTAVLIFYWHMCP>
#	G	D	E	R	K	N	Q	S	T	A	V	L	I	F	Y	W	H	M	C	P
0	0.01289	0.01140	0.02829	0.23276	0.22408	0.01131	0.05706	0.01629	0.01316	0.05735	0.04327	0.02222	0.03644	0.00700	0.00600	0.00180	0.00651	0.07161	0.00362	0.13695
1	0.06128	0.11490	0.01911	0.01367	0.01739	0.19624	0.11280	0.08446	0.05536	0.07725	0.07532	0.01802	0.04844	0.00720	0.00646	0.00175	0.05404	0.00566	0.00414	0.02651
2	0.01794	0.45597	0.07598	0.01071	0.01571	0.01789	0.01037	0.07600	0.01448	0.18416	0.01539	0.01534	0.05447	0.00637	0.00477	0.00152	0.00602	0.00461	0.00405	0.00826
3	0.00904	0.00617	0.00789	0.00771	0.00921	0.00562	0.00581	0.01136	0.01533	0.06011	0.46754	0.14977	0.15273	0.01342	0.00707	0.00201	0.00319	0.05421	0.00620	0.00562
4	0.01576	0.28651	0.23075	0.01571	0.07700	0.18233	0.04400	0.01925	0.01339	0.01624	0.00957	0.01137	0.00781	0.00543	0.00496	0.00154	0.00807	0.00398	0.00273	0.04358
5	0.15611	0.01886	0.03508	0.04843	0.14483	0.27368	0.05578	0.09965	0.01561	0.05983	0.01086	0.01269	0.00845	0.00607	0.00578	0.00174	0.03055	0.00454	0.00363	0.00782
6	0.01646	0.01256	0.01540	0.13251	0.09504	0.03504	0.01107	0.27551	0.04863	0.08215	0.13487	0.02323	0.07535	0.00816	0.00615	0.00184	0.00585	0.00678	0.00519	0.00822
7	0.01057	0.00890	0.01218	0.03574	0.05277	0.00896	0.06453	0.04255	0.13220	0.02007	0.15148	0.09993	0.19433	0.01201	0.00694	0.00211	0.00472	0.12811	0.00533	0.00656
8	0.07938	0.09029	0.07059	0.21803	0.06753	0.07245	0.05182	0.06877	0.02722	0.01850	0.02964	0.10357	0.01303	0.00868	0.02844	0.00211	0.03301	0.00632	0.00350	0.00712
9	0.08347	0.01725	0.17086	0.04393	0.02045	0.02695	0.09997	0.17183	0.17853	0.07753	0.03958	0.01684	0.01258	0.00673	0.00585	0.00189	0.00672	0.00565	0.00464	0.00874
10	0.00839	0.00692	0.01076	0.01012	0.01166	0.00638	0.11268	0.01020	0.01217	0.01625	0.03374	0.49419	0.16378	0.01518	0.00716	0.00221	0.00428	0.01389	0.05472	0.00535
11	0.05695	0.01149	0.01806	0.54969	0.03425	0.01351	0.06536	0.07306	0.04526	0.05828	0.01206	0.01584	0.00886	0.00608	0.00587	0.00194	0.00745	0.00537	0.00336	0.00724
12	0.01574	0.01757	0.06520	0.13376	0.12145	0.19925	0.13975	0.07640	0.02677	0.02979	0.01333	0.07863	0.01163	0.00716	0.00642	0.00188	0.02612	0.01804	0.00350	0.00760
13	0.05751	0.01435	0.06778	0.09743	0.27541	0.03069	0.20144	0.01780	0.05166	0.01888	0.01409	0.09978	0.01253	0.00691	0.00620	0.00193	0.00741	0.00685	0.00338	0.00798
14	0.00905	0.00711	0.00800	0.00845	0.00955	0.04593	0.00611	0.03304	0.01373	0.01830	0.19656	0.41308	0.09478	0.01506	0.00708	0.00215	0.00382	0.05705	0.04582	0.00534
15	0.01755	0.09895	0.01920	0.09367	0.14458	0.02606	0.04741	0.13309	0.14107	0.15224	0.01666	0.01911	0.01280	0.00701	0.00586	0.00184	0.00632	0.04299	0.00476	0.00880
16	0.06116	0.01001	0.01170	0.00992	0.01291	0.02129	0.00778	0.14724	0.06042	0.23781	0.18965	0.11008	0.02600	0.04594	0.01905	0.00219	0.00484	0.00813	0.00610	0.00779
17	0.01153	0.00923	0.01259	0.01101	0.01292	0.04234	0.07899	0.04879	0.01437	0.05903	0.26276	0.16135	0.03092	0.01492	0.09199	0.00284	0.07812	0.00936	0.04069	0.00624
18	0.01309	0.01286	0.02482	0.17523	0.02747	0.01337	0.37289	0.01693	0.01318	0.05412	0.07047	0.05878	0.01413	0.00718	0.00817	0.00206	0.09731	0.00718	0.00349	0.00726
19	0.01642	0.21934	0.15041	0.05956	0.01964	0.10538	0.02937	0.14429	0.11250	0.03216	0.03679	0.01451	0.01113	0.00641	0.00551	0.00169	0.01794	0.00482	0.00385	0.00827
20	0.05066	0.01125	0.05873	0.01159	0.01522	0.00997	0.06519	0.08494	0.08183	0.27869	0.02396	0.21596	0.04560	0.01014	0.00636	0.00201	0.00524	0.00883	0.00576	0.00809
21	0.08768	0.00996	0.00985	0.00895	0.01125	0.07133	0.00687	0.09179	0.06659	0.05820	0.24745	0.10033	0.06031	0.00989	0.00592	0.00181	0.00430	0.00823	0.13268	0.00660
22	0.08229	0.08456	0.05579	0.01272	0.01674	0.20328	0.01061	0.13092	0.24637	0.07522	0.01553	0.01537	0.01166	0.00678	0.00543	0.00175	0.00682	0.00502	0.00469	0.00848
23	0.01625	0.24421	0.17888	0.07426	0.02221	0.04106	0.13412	0.05143	0.04414	0.12051	0.01256	0.01392	0.00934	0.00579	0.00541	0.00171	0.00746	0.00486	0.00358	0.00831
24	0.00854	0.00657	0.00742	0.00759	0.00908	0.00613	0.00552	0.06527	0.01359	0.01721	0.05472	0.28154	0.36636	0.07722	0.00897	0.00244	0.00374	0.04744	0.00539	0.00525
25	0.05221	0.00621	0.00718	0.00718	0.00838	0.00596	0.00516	0.01041	0.01295	0.01833	0.26482	0.09390	0.16272	0.20574	0.01250	0.00292	0.00390	0.06511	0.04945	0.00496
26	0.01268	0.01192	0.04855	0.10142	0.23812	0.01209	0.01311	0.05605	0.12197	0.01953	0.01907	0.12263	0.01829	0.00968	0.00720	0.00211	0.04725	0.12641	0.00423	0.00768
27	0.12695	0.01186	0.01303	0.01287	0.08804	0.06968	0.00903	0.14715	0.01608	0.18971	0.01918	0.18876	0.01716	0.00922	0.00583	0.00189	0.00538	0.00765	0.05272	0.00781
28	0.00763	0.00532	0.00697	0.00808	0.00859	0.00501	0.00553	0.00891	0.01179	0.01608	0.08742	0.63602	0.03839	0.04541	0.00818	0.00244	0.00351	0.04410	0.04572	0.00488
29	0.00789	0.00551	0.00710	0.00784	0.00864	0.00515	0.00554	0.00960	0.01299	0.01802	0.21955	0.47756	0.06865	0.01572	0.00714	0.00218	0.00328	0.04297	0.06957	0.00509
30	0.01401	0.01322	0.02141	0.17007	0.52364	0.01397	0.01665	0.01937	0.11159	0.01927	0.01275	0.01585	0.01026	0.00576	0.00589	0.00183	0.00687	0.00546	0.00329	0.00885
31	0.17577	0.01363	0.01361	0.01100	0.01519	0.12480	0.00891	0.08972	0.01661	0.44564	0.01756	0.01621	0.01164	0.00677	0.00543	0.00178	0.00593	0.00506	0.00587	0.00890
32	0.79017	0.01171	0.00918	0.00809	0.01181	0.01354	0.00667	0.05612	0.01102	0.02711	0.00856	0.00985	0.00660	0.00558	0.00378	0.00183	0.00468	0.00332	0.00378	0.00660
33	0.20727	0.01296	0.07407	0.01327	0.08192	0.01088	0.06600	0.01939	0.01301	0.18076	0.01292	0.01386	0.00945	0.00550	0.00498	0.00155	0.00558	0.00446	0.00419	0.25797
34	0.04803	0.10231	0.18238	0.01270	0.01741	0.02937	0.05672	0.05035	0.04791	0.13422	0.06040	0.07132	0.01540	0.00774	0.00639	0.00182	0.04603	0.02673	0.01679	0.06600
35	0.02017	0.01225	0.01421	0.01099	0.01546	0.01203	0.00895	0.25783	0.08356	0.25420	0.01741	0.01679	0.01221	0.00666	0.00550	0.00160	0.00521	0.00526	0.05581	0.18390
36	0.01258	0.01245	0.01953	0.56456	0.17095	0.05909	0.04526	0.01634	0.01251	0.01600	0.01060	0.01526	0.00819	0.00577	0.00591	0.00191	0.00798	0.00524	0.00272	0.00716
37	0.04917	0.17632	0.24813	0.01402	0.01958	0.13682	0.03755	0.09205	0.11699	0.03719	0.01238	0.01328	0.00943	0.00608	0.00527	0.00171	0.00757	0.00453	0.00360	0.00834
38	0.05949	0.01275	0.02132	0.16813	0.13147	0.01308	0.19492	0.04256	0.04577	0.16467	0.01396	0.01614	0.01016	0.00609	0.00656	0.00189	0.03921	0.00571	0.00402	0.04210
39	0.01162	0.00777	0.00964	0.00907	0.01108	0.00775	0.00698	0.01690	0.16094	0.10510	0.37706	0.13378	0.03982	0.01189	0.00683	0.00202	0.00371	0.06503	0.00629	0.00673
40	0.00773	0.00559	0.00732	0.00843	0.00914	0.00527	0.00609	0.00917	0.01212	0.01598	0.07240	0.52631	0.09861	0.04553	0.00840	0.00252	0.00382	0.14518	0.00547	0.00494
41	0.01718	0.04406	0.02218	0.12797	0.10865	0.07227	0.20900	0.05441	0.07722	0.16705	0.03105	0.01701	0.01169	0.00622	0.00611	0.00185	0.00749	0.00592	0.00425	0.00841
42	0.01027	0.00514	0.00770	0.00770	0.00770	0.00514	0.00514	0.00770	0.00770	0.01027	0.01027	0.01798	0.01027	0.02054	0.02311	0.82794	0.00514	0.00514	0.00257	0.00257

[dist]
# distance from previous block
# <min> <max>
0	3

[block]
# block no. 11 follows, 39 sequences, length 12
# corresponding to MSA columns:
# 720-731
name=unknown_L
#
# <colnr> <probs for GDERKNQSTAVLIFYWHMCP>
#	G	D	E	R	K	N	Q	S	T	A	V	L	I	F	Y	W	H	M	C	P
0	0.00778	0.00554	0.00697	0.00765	0.00819	0.00529	0.00512	0.00883	0.01130	0.01508	0.10000	0.41820	0.08838	0.21908	0.04104	0.00345	0.00444	0.03403	0.00501	0.00461
1	0.01583	0.02872	0.24443	0.05363	0.06755	0.01141	0.03027	0.03616	0.08215	0.20699	0.07280	0.02023	0.04171	0.00717	0.00584	0.00184	0.00621	0.00598	0.05259	0.00849
2	0.01723	0.26091	0.04363	0.05069	0.02254	0.01666	0.27572	0.07359	0.01478	0.14939	0.01286	0.01444	0.00954	0.00563	0.00564	0.00172	0.00757	0.00534	0.00380	0.00833
3	0.02142	0.00970	0.01245	0.01019	0.01381	0.00903	0.00815	0.10304	0.03472	0.48413	0.02372	0.15538	0.01857	0.00927	0.00612	0.00190	0.00477	0.00779	0.05700	0.00884
4	0.00815	0.00620	0.00918	0.00974	0.01069	0.00587	0.05101	0.00987	0.01227	0.01638	0.07524	0.55175	0.03728	0.01687	0.00760	0.00241	0.00419	0.15474	0.00539	0.00517
5	0.01358	0.01528	0.15447	0.01576	0.07490	0.06555	0.14087	0.01742	0.03497	0.10270	0.08438	0.12348	0.09111	0.00909	0.00679	0.00196	0.02776	0.00812	0.00435	0.00746
6	0.01035	0.00868	0.01049	0.14446	0.01548	0.06409	0.00810	0.01347	0.03635	0.03675	0.45939	0.10722	0.04014	0.01095	0.00667	0.00191	0.00444	0.00959	0.00547	0.00598
7	0.02216	0.02613	0.01693	0.01495	0.01829	0.63587	0.01139	0.14943	0.01871	0.01850	0.01003	0.01129	0.00805	0.00627	0.00544	0.00157	0.00993	0.00408	0.00355	0.00742
8	0.01671	0.01098	0.01432	0.01370	0.10134	0.04862	0.05581	0.04391	0.06973	0.23969	0.08378	0.07090	0.08632	0.00850	0.00605	0.00180	0.00524	0.00735	0.05932	0.05593
9	0.12987	0.10256	0.36124	0.06363	0.02125	0.03921	0.01518	0.03596	0.05053	0.05317	0.01132	0.01278	0.00840	0.00572	0.00511	0.00173	0.00716	0.00427	0.00324	0.06765
10	0.12182	0.01016	0.01405	0.24475	0.02229	0.01050	0.01082	0.02212	0.01429	0.39210	0.01804	0.02050	0.01280	0.00724	0.00579	0.00193	0.00587	0.05136	0.00531	0.00824
11	0.07320	0.05510	0.14838	0.06748	0.01877	0.01233	0.01174	0.05197	0.13537	0.33785	0.01813	0.01730	0.01235	0.00678	0.00563	0.00185	0.00594	0.00539	0.00536	0.00909

[dist]
# distance from previous block
# <min> <max>
1	9

[block]
# block no. 12 follows, 39 sequences, length 26
# corresponding to MSA columns:
# 742-767
name=unknown_M
#
# <colnr> <probs for GDERKNQSTAVLIFYWHMCP>
#	G	D	E	R	K	N	Q	S	T	A	V	L	I	F	Y	W	H	M	C	P
0	0.01228	0.01100	0.04870	0.02117	0.34986	0.00993	0.01210	0.01525	0.02583	0.06885	0.07316	0.15765	0.14974	0.00992	0.00642	0.00193	0.00531	0.00892	0.00439	0.00758
1	0.05714	0.01030	0.01063	0.00980	0.01194	0.06282	0.00754	0.01820	0.23247	0.02162	0.27997	0.06525	0.11430	0.01059	0.00727	0.00197	0.05718	0.00870	0.00553	0.00680
2	0.05742	0.01412	0.01583	0.01213	0.01682	0.01469	0.01000	0.45755	0.02285	0.22364	0.01600	0.01538	0.01098	0.00685	0.00569	0.00171	0.00585	0.00524	0.00598	0.08124
3	0.01923	0.01463	0.01601	0.01360	0.04193	0.01630	0.01060	0.39470	0.31796	0.06286	0.01850	0.01766	0.01348	0.00742	0.00596	0.00187	0.00572	0.00590	0.00592	0.00975
4	0.01789	0.06490	0.01632	0.01383	0.08063	0.14595	0.03609	0.05952	0.09119	0.17899	0.04934	0.01855	0.04495	0.00779	0.02500	0.00182	0.00651	0.00554	0.00471	0.13047
5	0.42306	0.01255	0.01184	0.01025	0.01360	0.04011	0.00830	0.05178	0.17080	0.07464	0.01301	0.01370	0.00992	0.00673	0.00618	0.00190	0.08748	0.00448	0.00438	0.03528
6	0.01174	0.00851	0.01025	0.01023	0.01204	0.00910	0.00799	0.01829	0.26172	0.05102	0.02553	0.12586	0.02498	0.09127	0.01077	0.07522	0.00493	0.22878	0.00529	0.00647
7	0.00887	0.00642	0.00888	0.12778	0.01376	0.00660	0.00739	0.01054	0.01154	0.03030	0.02723	0.39090	0.05654	0.12772	0.01044	0.00279	0.00470	0.10125	0.04122	0.00513
8	0.00835	0.00615	0.00775	0.00833	0.00945	0.00582	0.00615	0.03980	0.01368	0.01815	0.17223	0.40448	0.14857	0.01599	0.00737	0.00226	0.00365	0.11082	0.00570	0.00529
9	0.07749	0.02704	0.01621	0.01473	0.01782	0.71689	0.01108	0.02319	0.01630	0.01530	0.00908	0.01059	0.00753	0.00605	0.00522	0.00154	0.01025	0.00377	0.00309	0.00683
10	0.01109	0.00627	0.00820	0.00840	0.00982	0.00564	0.00603	0.01253	0.01301	0.16331	0.07971	0.51169	0.11013	0.01552	0.00714	0.00221	0.00366	0.01381	0.00592	0.00592
11	0.06342	0.01252	0.01279	0.01085	0.01425	0.06186	0.00860	0.18634	0.21097	0.15038	0.03269	0.05174	0.01546	0.00777	0.00560	0.00180	0.00516	0.00619	0.13316	0.00845
12	0.01336	0.00886	0.01155	0.01032	0.01286	0.00879	0.03434	0.10346	0.06801	0.12082	0.28652	0.04070	0.06439	0.01145	0.00693	0.00207	0.00458	0.17789	0.00608	0.00701
13	0.01337	0.00799	0.01009	0.00881	0.01115	0.00766	0.00684	0.07898	0.04796	0.16798	0.48358	0.06820	0.04145	0.01083	0.00667	0.00188	0.00366	0.00940	0.00655	0.00697
14	0.00799	0.00556	0.00758	0.00886	0.00943	0.00532	0.00647	0.00920	0.01165	0.01542	0.03075	0.55606	0.03588	0.01812	0.00876	0.05881	0.00405	0.18999	0.00528	0.00481
15	0.00741	0.00529	0.00710	0.00847	0.00890	0.00498	0.00584	0.00859	0.01152	0.01533	0.03248	0.72489	0.03867	0.01833	0.00760	0.00243	0.00361	0.07821	0.00549	0.00486
16	0.01366	0.12493	0.02296	0.31222	0.32772	0.01520	0.04798	0.03523	0.01302	0.01739	0.01059	0.01437	0.00855	0.00552	0.00563	0.00178	0.00737	0.00504	0.00284	0.00801
17	0.00858	0.00617	0.00781	0.00866	0.00938	0.00602	0.00594	0.07216	0.01270	0.01695	0.03060	0.70025	0.03609	0.03820	0.00801	0.00244	0.00376	0.01558	0.00548	0.00523
18	0.01369	0.00751	0.00790	0.00707	0.00915	0.00771	0.00551	0.12844	0.01508	0.06537	0.01871	0.02070	0.01432	0.00695	0.00452	0.00147	0.00347	0.00551	0.65044	0.00648
19	0.34310	0.01383	0.14205	0.20611	0.02127	0.01215	0.01170	0.01656	0.01166	0.05276	0.01526	0.01837	0.07393	0.00693	0.00513	0.00192	0.00606	0.03078	0.00358	0.00685
20	0.01226	0.01051	0.01226	0.00876	0.01401	0.00788	0.00701	0.01489	0.01226	0.01927	0.01051	0.01226	0.00876	0.00438	0.00438	0.00088	0.00438	0.00350	0.00350	0.82832
21	0.00840	0.00575	0.00651	0.00653	0.00679	0.00563	0.00384	0.00872	0.00957	0.01267	0.06343	0.06669	0.08778	0.65418	0.02602	0.00508	0.00525	0.00934	0.00398	0.00386
22	0.00851	0.00638	0.00791	0.00834	0.00952	0.00620	0.00614	0.01157	0.07751	0.01833	0.21338	0.31170	0.12622	0.05913	0.00856	0.00241	0.00372	0.10335	0.00568	0.00543
23	0.24620	0.01273	0.01250	0.01165	0.07215	0.10209	0.00842	0.04164	0.01398	0.12662	0.09729	0.01720	0.02871	0.00656	0.00503	0.00159	0.00536	0.00500	0.00445	0.18084
24	0.01586	0.28233	0.02048	0.01252	0.08014	0.04781	0.00975	0.09192	0.01433	0.05982	0.01125	0.02759	0.00943	0.00549	0.00466	0.00129	0.00579	0.00414	0.00360	0.29179
25	0.05287	0.11073	0.21669	0.03014	0.08467	0.03341	0.04502	0.10751	0.03462	0.13900	0.07627	0.01673	0.01354	0.00657	0.00561	0.00177	0.00673	0.00534	0.00425	0.00855

[dist]
# distance from previous block
# <min> <max>
14	21

[block]
