[name]
unknown

[dist]
# distance from previous block
# <min> <max>
0	58

[block]
# block no. 0 follows, 47 sequences, length 13
# corresponding to MSA columns:
# 60-65,73-78,85
name=unknown_A
#
# <colnr> <probs for GDERKNQSTAVLIFYWHMCP>
#	G	D	E	R	K	N	Q	S	T	A	V	L	I	F	Y	W	H	M	C	P
0	0.00695	0.00504	0.00669	0.00779	0.00849	0.00478	0.00584	0.00834	0.01075	0.01406	0.03049	0.51705	0.09936	0.01545	0.00677	0.00217	0.00353	0.23723	0.00482	0.00442
1	0.01295	0.01119	0.01178	0.01060	0.01354	0.01295	0.00824	0.02767	0.77509	0.02178	0.02120	0.01943	0.01590	0.00707	0.00530	0.00177	0.00412	0.00589	0.00530	0.00824
2	0.09489	0.13548	0.01708	0.53976	0.08953	0.01305	0.01284	0.01407	0.01040	0.01444	0.00879	0.01240	0.00688	0.00501	0.00472	0.00161	0.00638	0.00416	0.00241	0.00611
3	0.01423	0.06779	0.10171	0.04307	0.04101	0.01408	0.05205	0.20186	0.36346	0.02246	0.01546	0.01537	0.01153	0.00617	0.00515	0.00165	0.00543	0.00509	0.00438	0.00806
4	0.01187	0.01116	0.01879	0.02813	0.66387	0.01111	0.01425	0.01463	0.01156	0.01644	0.01273	0.13721	0.01232	0.00645	0.00539	0.00163	0.00570	0.00622	0.00293	0.00762
5	0.01235	0.13215	0.08097	0.01042	0.01349	0.16117	0.03136	0.01765	0.18928	0.01734	0.20079	0.02231	0.04237	0.00746	0.00520	0.00158	0.00537	0.03824	0.00407	0.00644
6	0.01182	0.04609	0.01195	0.05274	0.04643	0.00861	0.00757	0.01455	0.05301	0.10827	0.04370	0.13801	0.01439	0.00704	0.00566	0.00138	0.06064	0.00580	0.00382	0.35851
7	0.00757	0.00505	0.00568	0.00568	0.00568	0.00505	0.00316	0.00757	0.00757	0.01010	0.01641	0.03408	0.01893	0.81698	0.02651	0.00505	0.00505	0.00757	0.00316	0.00316
8	0.00848	0.00710	0.00970	0.07945	0.04741	0.00732	0.03089	0.01201	0.08932	0.01791	0.36509	0.05717	0.17336	0.01058	0.02482	0.00188	0.03885	0.00848	0.00473	0.00546
9	0.01143	0.00982	0.01108	0.00855	0.01269	0.00869	0.00677	0.01735	0.23340	0.01837	0.01273	0.01331	0.01010	0.00479	0.00428	0.00106	0.00393	0.00390	0.00373	0.60400
10	0.00949	0.00709	0.01030	0.14805	0.06506	0.00739	0.00912	0.03545	0.01190	0.04909	0.02412	0.16624	0.06810	0.01180	0.00642	0.00208	0.00486	0.35374	0.00432	0.00538
11	0.01216	0.20857	0.04303	0.06005	0.10894	0.04725	0.18961	0.04056	0.04723	0.01591	0.06382	0.08563	0.02907	0.00646	0.00535	0.00158	0.01909	0.00588	0.00315	0.00665
12	0.58560	0.01143	0.00976	0.00876	0.03618	0.06417	0.00680	0.07631	0.01083	0.02222	0.00804	0.00933	0.00633	0.00496	0.00393	0.00150	0.02239	0.00314	0.00329	0.10503

[dist]
# distance from previous block
# <min> <max>
0	2

[block]
# block no. 1 follows, 47 sequences, length 65
# corresponding to MSA columns:
# 88-152
name=unknown_B
#
# <colnr> <probs for GDERKNQSTAVLIFYWHMCP>
#	G	D	E	R	K	N	Q	S	T	A	V	L	I	F	Y	W	H	M	C	P
0	0.01319	0.01328	0.01862	0.27560	0.35785	0.11944	0.04977	0.06048	0.01256	0.01616	0.00958	0.01276	0.00764	0.00500	0.00516	0.00159	0.00696	0.00453	0.00267	0.00713
1	0.01181	0.02847	0.04288	0.39867	0.06433	0.02703	0.04516	0.01716	0.15237	0.06458	0.03439	0.01559	0.01045	0.00586	0.00560	0.00170	0.03381	0.00501	0.02849	0.00665
2	0.00728	0.00534	0.00684	0.00653	0.00781	0.00490	0.00494	0.00962	0.01436	0.02002	0.68283	0.04070	0.12198	0.01103	0.00618	0.00168	0.00256	0.03493	0.00561	0.00486
3	0.00986	0.00873	0.01049	0.08318	0.09681	0.05762	0.00801	0.01459	0.19373	0.01584	0.04715	0.35901	0.02287	0.03944	0.00660	0.00197	0.00444	0.00948	0.00431	0.00587
4	0.00897	0.00469	0.00697	0.00711	0.00725	0.00469	0.00497	0.00725	0.00739	0.00981	0.01120	0.02082	0.01148	0.01766	0.01882	0.75008	0.00455	0.09116	0.00256	0.00256
5	0.00744	0.00558	0.00837	0.00837	0.00930	0.00651	0.00651	0.00930	0.00837	0.01209	0.01395	0.02046	0.01302	0.03906	0.79635	0.00837	0.01395	0.00558	0.00279	0.00465
6	0.01020	0.00760	0.01021	0.01003	0.01195	0.00779	0.04365	0.05247	0.12510	0.04529	0.08535	0.04515	0.05474	0.01180	0.00657	0.00212	0.00465	0.45465	0.00492	0.00575
7	0.00971	0.00485	0.00485	0.00485	0.00607	0.00485	0.00364	0.01213	0.01092	0.01942	0.01699	0.01942	0.01335	0.00607	0.00364	0.00121	0.00243	0.00485	0.84589	0.00485
8	0.85377	0.01007	0.00765	0.00685	0.01007	0.01168	0.00564	0.01531	0.00886	0.02336	0.00725	0.00846	0.00564	0.00483	0.00322	0.00161	0.00403	0.00282	0.00322	0.00564
9	0.01080	0.00926	0.01080	0.00771	0.01234	0.00694	0.00617	0.01311	0.01080	0.01697	0.00926	0.01080	0.00771	0.00386	0.00386	0.00077	0.00386	0.00309	0.00309	0.84882
10	0.01295	0.01119	0.01178	0.01060	0.01354	0.01295	0.00824	0.02767	0.77509	0.02178	0.02120	0.01943	0.01590	0.00707	0.00530	0.00177	0.00412	0.00589	0.00530	0.00824
11	0.00737	0.00532	0.00696	0.00655	0.00778	0.00491	0.00491	0.00983	0.01474	0.02088	0.78175	0.03890	0.04914	0.01065	0.00614	0.00164	0.00246	0.00942	0.00573	0.00491
12	0.00744	0.00558	0.00837	0.00837	0.00930	0.00651	0.00651	0.00930	0.00837	0.01209	0.01395	0.02046	0.01302	0.03906	0.79635	0.00837	0.01395	0.00558	0.00279	0.00465
13	0.01613	0.63059	0.02374	0.00899	0.01335	0.01758	0.00862	0.01788	0.01159	0.19350	0.01035	0.01054	0.00813	0.00492	0.00378	0.00123	0.00530	0.00336	0.00321	0.00719
14	0.03373	0.01138	0.05211	0.01191	0.01606	0.01008	0.17415	0.15345	0.01477	0.17940	0.05704	0.01933	0.10339	0.00648	0.00532	0.00153	0.00537	0.00579	0.00437	0.13435
15	0.01786	0.01231	0.01328	0.01081	0.01440	0.03482	0.00872	0.32875	0.27619	0.17502	0.01702	0.01599	0.01210	0.00653	0.00518	0.00162	0.00493	0.00517	0.03083	0.00845
16	0.01139	0.01139	0.01595	0.01367	0.01367	0.01595	0.01139	0.01253	0.00798	0.01253	0.00684	0.01139	0.00684	0.00911	0.01709	0.00228	0.80745	0.00456	0.00228	0.00570
17	0.00737	0.00527	0.00720	0.00826	0.00905	0.00510	0.00646	0.00909	0.01131	0.01501	0.09509	0.40046	0.03371	0.01493	0.00685	0.00220	0.00378	0.34942	0.00490	0.00455
18	0.85377	0.01007	0.00765	0.00685	0.01007	0.01168	0.00564	0.01531	0.00886	0.02336	0.00725	0.00846	0.00564	0.00483	0.00322	0.00161	0.00403	0.00282	0.00322	0.00564
19	0.01139	0.01139	0.01595	0.01367	0.01367	0.01595	0.01139	0.01253	0.00798	0.01253	0.00684	0.01139	0.00684	0.00911	0.01709	0.00228	0.80745	0.00456	0.00228	0.00570
20	0.30465	0.00927	0.01058	0.00845	0.01220	0.00902	0.00697	0.02197	0.01286	0.52906	0.01604	0.01459	0.01043	0.00590	0.00455	0.00161	0.00429	0.00442	0.00535	0.00777
21	0.00983	0.00926	0.01562	0.80447	0.03587	0.01157	0.01446	0.01331	0.01041	0.01331	0.00926	0.01388	0.00694	0.00521	0.00521	0.00174	0.00694	0.00463	0.00231	0.00579
22	0.01374	0.01114	0.01190	0.01056	0.01360	0.01273	0.00825	0.04762	0.71053	0.06662	0.02092	0.01914	0.01553	0.00701	0.00529	0.00175	0.00418	0.00582	0.00536	0.00830
23	0.00744	0.00558	0.00837	0.00837	0.00930	0.00651	0.00651	0.00930	0.00837	0.01209	0.01395	0.02046	0.01302	0.03906	0.79635	0.00837	0.01395	0.00558	0.00279	0.00465
24	0.00861	0.00686	0.00797	0.00824	0.00956	0.00722	0.00594	0.01427	0.26943	0.01649	0.05449	0.46880	0.07590	0.01278	0.00614	0.00196	0.00335	0.01135	0.00502	0.00562
25	0.19540	0.00924	0.01114	0.00921	0.01176	0.01012	0.09437	0.11989	0.05673	0.02150	0.01304	0.01489	0.01011	0.00590	0.00508	0.00152	0.05928	0.00458	0.34015	0.00609
26	0.00774	0.00549	0.00705	0.00673	0.00705	0.00543	0.04232	0.00810	0.00810	0.01081	0.01730	0.09148	0.01980	0.69592	0.02351	0.00460	0.00508	0.02673	0.00329	0.00347
27	0.01392	0.82012	0.02729	0.00891	0.01337	0.02061	0.00891	0.01559	0.01058	0.01225	0.00724	0.00835	0.00668	0.00446	0.00334	0.00111	0.00557	0.00278	0.00223	0.00668
28	0.00677	0.00539	0.00658	0.00652	0.00791	0.00519	0.00497	0.00845	0.01112	0.01443	0.15035	0.03837	0.41040	0.02156	0.27381	0.00398	0.00644	0.00892	0.00428	0.00456
29	0.00724	0.00528	0.00651	0.00666	0.00791	0.00477	0.00499	0.00901	0.01263	0.03367	0.32152	0.20979	0.25850	0.01285	0.00633	0.00184	0.00289	0.07771	0.00521	0.00469
30	0.01021	0.00982	0.01521	0.72663	0.03366	0.04825	0.01395	0.01353	0.01070	0.01340	0.01013	0.01596	0.00811	0.00568	0.00528	0.00175	0.00695	0.04258	0.00246	0.00575
31	0.00983	0.00926	0.01562	0.80447	0.03587	0.01157	0.01446	0.01331	0.01041	0.01331	0.00926	0.01388	0.00694	0.00521	0.00521	0.00174	0.00694	0.00463	0.00231	0.00579
32	0.00622	0.00525	0.00538	0.00541	0.00709	0.00441	0.00403	0.00757	0.01193	0.01435	0.08533	0.07806	0.72084	0.01319	0.00617	0.00177	0.00264	0.01106	0.00488	0.00441
33	0.00703	0.00504	0.00681	0.00799	0.00863	0.00483	0.00601	0.00844	0.01069	0.01408	0.02885	0.54344	0.04941	0.01560	0.00682	0.00220	0.00361	0.26128	0.00482	0.00442
34	0.03157	0.01830	0.38164	0.17514	0.05924	0.01196	0.05332	0.01796	0.12944	0.05401	0.01173	0.01339	0.00853	0.00535	0.00510	0.00168	0.00673	0.00452	0.00297	0.00739
35	0.04841	0.66132	0.09995	0.03678	0.01496	0.03886	0.01000	0.01572	0.01065	0.01317	0.00753	0.00883	0.00664	0.00457	0.00359	0.00121	0.00586	0.00297	0.00228	0.00669
36	0.00839	0.00626	0.00902	0.00864	0.00950	0.00735	0.00671	0.01001	0.00898	0.03487	0.08075	0.02173	0.01576	0.08166	0.54809	0.02506	0.10346	0.00589	0.00311	0.00477
37	0.00750	0.00498	0.00569	0.00585	0.00593	0.00494	0.00339	0.00770	0.00800	0.01085	0.01798	0.13186	0.02068	0.68576	0.02315	0.00454	0.00470	0.00838	0.03478	0.00335
38	0.57546	0.01164	0.01025	0.08195	0.01355	0.09003	0.00770	0.01528	0.00947	0.01987	0.00746	0.00946	0.00603	0.00552	0.00549	0.00169	0.11722	0.00328	0.00295	0.00570
39	0.00735	0.00543	0.00792	0.00808	0.00888	0.00615	0.00612	0.00898	0.00856	0.01215	0.01600	0.10956	0.01611	0.09068	0.64084	0.00734	0.01195	0.02034	0.00308	0.00450
40	0.01377	0.32571	0.24635	0.04069	0.01808	0.18164	0.04816	0.01682	0.01157	0.01385	0.00824	0.00991	0.00674	0.00498	0.00477	0.00141	0.03468	0.00350	0.00234	0.00679
41	0.00729	0.00526	0.00689	0.00661	0.00776	0.00486	0.00491	0.00963	0.01437	0.02030	0.72350	0.09882	0.04800	0.01108	0.00618	0.00167	0.00250	0.00983	0.00566	0.00486
42	0.01142	0.01459	0.21950	0.01272	0.05976	0.03311	0.04115	0.08288	0.20589	0.01911	0.08889	0.13525	0.01801	0.00802	0.00553	0.00175	0.00537	0.02592	0.00409	0.00705
43	0.00680	0.00489	0.00664	0.00739	0.00787	0.00489	0.00515	0.00795	0.00967	0.01315	0.05973	0.51109	0.02882	0.09185	0.18684	0.00377	0.00569	0.02928	0.00427	0.00428
44	0.00870	0.00664	0.01023	0.00860	0.01053	0.00616	0.11656	0.01136	0.01376	0.03923	0.51411	0.03308	0.08249	0.00923	0.00582	0.00161	0.00344	0.00839	0.10477	0.00529
45	0.00838	0.00627	0.00918	0.00968	0.01110	0.00616	0.04352	0.01084	0.01231	0.01618	0.11235	0.05411	0.05715	0.01345	0.00699	0.00226	0.00465	0.60573	0.00480	0.00490
46	0.01945	0.02482	0.01476	0.01342	0.01610	0.79608	0.01006	0.02079	0.01476	0.01275	0.00805	0.00939	0.00671	0.00537	0.00470	0.00134	0.00939	0.00335	0.00268	0.00604
47	0.00666	0.00549	0.00588	0.00575	0.00743	0.00481	0.00432	0.00870	0.03895	0.01587	0.21548	0.04653	0.59106	0.01241	0.00612	0.00173	0.00265	0.01046	0.00505	0.00465
48	0.01295	0.01119	0.01178	0.01060	0.01354	0.01295	0.00824	0.02767	0.77509	0.02178	0.02120	0.01943	0.01590	0.00707	0.00530	0.00177	0.00412	0.00589	0.00530	0.00824
49	0.01392	0.82012	0.02729	0.00891	0.01337	0.02061	0.00891	0.01559	0.01058	0.01225	0.00724	0.00835	0.00668	0.00446	0.00334	0.00111	0.00557	0.00278	0.00223	0.00668
50	0.00645	0.00527	0.00569	0.00563	0.00722	0.00451	0.00420	0.00802	0.01250	0.01566	0.22406	0.06689	0.59044	0.01267	0.00616	0.00174	0.00260	0.01072	0.00505	0.00451
51	0.01392	0.82012	0.02729	0.00891	0.01337	0.02061	0.00891	0.01559	0.01058	0.01225	0.00724	0.00835	0.00668	0.00446	0.00334	0.00111	0.00557	0.00278	0.00223	0.00668
52	0.01392	0.82012	0.02729	0.00891	0.01337	0.02061	0.00891	0.01559	0.01058	0.01225	0.00724	0.00835	0.00668	0.00446	0.00334	0.00111	0.00557	0.00278	0.00223	0.00668
53	0.01289	0.01237	0.02114	0.03196	0.78450	0.01237	0.01598	0.01598	0.01186	0.01701	0.00980	0.01289	0.00825	0.00464	0.00516	0.00155	0.00619	0.00464	0.00258	0.00825
54	0.00615	0.00528	0.00528	0.00528	0.00703	0.00440	0.00396	0.00747	0.01187	0.01407	0.05276	0.05012	0.78238	0.01319	0.00615	0.00176	0.00264	0.01099	0.00484	0.00440
55	0.00615	0.00528	0.00528	0.00528	0.00703	0.00440	0.00396	0.00747	0.01187	0.01407	0.05276	0.05012	0.78238	0.01319	0.00615	0.00176	0.00264	0.01099	0.00484	0.00440
56	0.00906	0.04428	0.03709	0.01097	0.10132	0.00730	0.02674	0.01171	0.04700	0.04363	0.16608	0.23429	0.13234	0.01123	0.00604	0.00184	0.00397	0.09499	0.00454	0.00557
57	0.00983	0.00926	0.01562	0.80447	0.03587	0.01157	0.01446	0.01331	0.01041	0.01331	0.00926	0.01388	0.00694	0.00521	0.00521	0.00174	0.00694	0.00463	0.00231	0.00579
58	0.03751	0.01122	0.01345	0.01033	0.01440	0.01120	0.00853	0.32792	0.01870	0.46549	0.01701	0.01542	0.01111	0.00634	0.00519	0.00159	0.00495	0.00497	0.00588	0.00880
59	0.01951	0.01410	0.01449	0.12810	0.01827	0.23869	0.04772	0.05678	0.01452	0.37374	0.01436	0.01430	0.00977	0.00584	0.00512	0.00156	0.00653	0.00462	0.00449	0.00749
60	0.01076	0.02475	0.66122	0.01605	0.02333	0.01228	0.14583	0.01652	0.01121	0.01652	0.00955	0.01151	0.00682	0.00485	0.00515	0.00167	0.00788	0.00424	0.00227	0.00758
61	0.06452	0.01558	0.01641	0.21410	0.03994	0.27782	0.10966	0.01851	0.09988	0.04276	0.01057	0.01270	0.00818	0.00555	0.00557	0.00162	0.04268	0.00445	0.00303	0.00647
62	0.57901	0.01207	0.03809	0.01134	0.09736	0.06936	0.04356	0.01558	0.00986	0.02069	0.00838	0.03124	0.00697	0.00529	0.00431	0.00163	0.03251	0.00364	0.00306	0.00606
63	0.00773	0.00544	0.00767	0.03550	0.00908	0.00513	0.03976	0.00813	0.01015	0.01319	0.12219	0.16364	0.23806	0.01437	0.01101	0.28861	0.00375	0.00880	0.00389	0.00388
64	0.07970	0.01112	0.04657	0.01034	0.02960	0.07464	0.02727	0.10478	0.08728	0.06319	0.06901	0.17614	0.02895	0.00857	0.00585	0.00167	0.04111	0.03262	0.00424	0.09734

[dist]
# distance from previous block
# <min> <max>
0	117

[block]
# block no. 2 follows, 47 sequences, length 32
# corresponding to MSA columns:
# 273-304
name=unknown_C
#
# <colnr> <probs for GDERKNQSTAVLIFYWHMCP>
#	G	D	E	R	K	N	Q	S	T	A	V	L	I	F	Y	W	H	M	C	P
0	0.01158	0.00827	0.00969	0.00861	0.01035	0.00900	0.00642	0.04260	0.21957	0.09016	0.01678	0.02349	0.01510	0.28324	0.06726	0.00328	0.07313	0.01808	0.02774	0.05565
1	0.01176	0.01439	0.18320	0.18636	0.12117	0.07898	0.03052	0.02785	0.07079	0.05196	0.05888	0.10196	0.01363	0.00683	0.00532	0.00168	0.00615	0.00591	0.01591	0.00672
2	0.01372	0.16182	0.40730	0.01360	0.03771	0.03796	0.06594	0.01830	0.03779	0.14134	0.01125	0.01212	0.00809	0.00514	0.00480	0.00155	0.00676	0.00412	0.00305	0.00764
3	0.00691	0.00530	0.00716	0.00797	0.00824	0.00555	0.00557	0.00785	0.00975	0.01321	0.02624	0.72324	0.03133	0.01550	0.00782	0.00213	0.09362	0.01365	0.00455	0.00440
4	0.02206	0.01095	0.01338	0.01026	0.01434	0.01075	0.00847	0.29587	0.01840	0.51268	0.01761	0.01582	0.01142	0.00637	0.00523	0.00159	0.00491	0.00504	0.00599	0.00886
5	0.01270	0.01064	0.01704	0.42537	0.23360	0.01187	0.03046	0.08871	0.01260	0.07607	0.01095	0.01459	0.00838	0.00540	0.00525	0.00167	0.00643	0.01823	0.00304	0.00700
6	0.01021	0.01199	0.13853	0.09207	0.14826	0.01082	0.03440	0.01332	0.04383	0.01407	0.01142	0.01751	0.01048	0.15164	0.12435	0.00331	0.14982	0.00524	0.00269	0.00603
7	0.00824	0.00490	0.00668	0.00668	0.00684	0.00506	0.00439	0.00751	0.00735	0.00996	0.01253	0.02313	0.01326	0.30537	0.16120	0.39902	0.00639	0.00579	0.00267	0.00301
8	0.01045	0.02694	0.79000	0.01484	0.02254	0.01209	0.01924	0.01649	0.01099	0.01649	0.00935	0.01099	0.00660	0.00495	0.00495	0.00165	0.00770	0.00385	0.00220	0.00770
9	0.03325	0.01153	0.05346	0.12835	0.29613	0.01137	0.07455	0.04260	0.03975	0.09830	0.07255	0.03811	0.01255	0.00614	0.00609	0.00168	0.05742	0.00545	0.00343	0.00727
10	0.01385	0.07946	0.36065	0.01469	0.09236	0.01365	0.01429	0.19294	0.10405	0.04691	0.01174	0.01255	0.00860	0.00548	0.00496	0.00159	0.00640	0.00433	0.00345	0.00805
11	0.00755	0.00514	0.00615	0.00615	0.00631	0.00530	0.00374	0.00787	0.00771	0.01045	0.01598	0.03170	0.01790	0.68111	0.16097	0.00563	0.00660	0.00722	0.00309	0.00342
12	0.00809	0.00589	0.00798	0.00858	0.00920	0.00622	0.00655	0.00942	0.01029	0.03656	0.02475	0.42527	0.02825	0.07496	0.00943	0.00242	0.09441	0.22266	0.00446	0.00461
13	0.01245	0.24302	0.33162	0.04325	0.09650	0.01470	0.09588	0.04017	0.01154	0.03354	0.00923	0.01109	0.00716	0.00490	0.00494	0.00151	0.02465	0.00398	0.00249	0.00735
14	0.01392	0.82012	0.02729	0.00891	0.01337	0.02061	0.00891	0.01559	0.01058	0.01225	0.00724	0.00835	0.00668	0.00446	0.00334	0.00111	0.00557	0.00278	0.00223	0.00668
15	0.00839	0.00599	0.00839	0.00959	0.01079	0.00599	0.00839	0.01079	0.01199	0.01558	0.02757	0.05874	0.02997	0.01439	0.00719	0.00240	0.00480	0.74945	0.00480	0.00480
16	0.01885	0.03712	0.07304	0.01309	0.09845	0.00998	0.05604	0.02316	0.11812	0.46958	0.01759	0.01640	0.01182	0.00603	0.00521	0.00162	0.00513	0.00513	0.00518	0.00844
17	0.03632	0.09364	0.01346	0.03371	0.01367	0.03566	0.00810	0.16754	0.03824	0.33617	0.01794	0.13169	0.01461	0.00777	0.00523	0.00165	0.00483	0.02706	0.00513	0.00758
18	0.00634	0.00453	0.00604	0.00725	0.00755	0.00423	0.00483	0.00725	0.00997	0.01329	0.02870	0.81358	0.03444	0.01632	0.00665	0.00211	0.00302	0.01480	0.00483	0.00423
19	0.54866	0.01498	0.01029	0.00926	0.01219	0.27018	0.00730	0.01702	0.01077	0.01948	0.00750	0.00887	0.00603	0.00516	0.00421	0.00155	0.03472	0.00306	0.00301	0.00577
20	0.00699	0.00528	0.00614	0.00592	0.00737	0.00469	0.00444	0.00897	0.01333	0.01795	0.43406	0.04249	0.35363	0.01145	0.00601	0.00166	0.00253	0.00982	0.05256	0.00469
21	0.01190	0.01323	0.15950	0.19373	0.32498	0.01084	0.01424	0.01535	0.01163	0.08002	0.03744	0.05808	0.03429	0.00605	0.00528	0.00165	0.00609	0.00543	0.00306	0.00722
22	0.01184	0.01192	0.09984	0.13936	0.03676	0.02242	0.00996	0.01823	0.22522	0.05375	0.03222	0.01588	0.01151	0.00567	0.00484	0.00143	0.00502	0.02175	0.00372	0.26864
23	0.01227	0.00921	0.01095	0.00789	0.01245	0.00703	0.00634	0.01455	0.01128	0.10711	0.01058	0.01161	0.00832	0.00416	0.00402	0.00087	0.00392	0.00334	0.00348	0.75064
24	0.01537	0.21240	0.03815	0.01070	0.01434	0.10465	0.00908	0.11123	0.33913	0.07025	0.01485	0.01438	0.01128	0.00603	0.00472	0.00152	0.00539	0.00459	0.00422	0.00770
25	0.00912	0.00679	0.03154	0.00740	0.00908	0.00616	0.00589	0.03720	0.03375	0.06732	0.57914	0.06159	0.05779	0.01006	0.00625	0.00166	0.02540	0.00870	0.02972	0.00544
26	0.00736	0.00550	0.00686	0.00739	0.00854	0.00517	0.00568	0.03107	0.01206	0.01571	0.13836	0.29440	0.22506	0.01394	0.00655	0.00201	0.00338	0.20133	0.00496	0.00465
27	0.01261	0.01088	0.01162	0.01013	0.01335	0.01199	0.00791	0.02533	0.65233	0.02101	0.01928	0.01804	0.01458	0.00655	0.00507	0.00161	0.00408	0.00544	0.00494	0.14326
28	0.00983	0.00926	0.01562	0.80447	0.03587	0.01157	0.01446	0.01331	0.01041	0.01331	0.00926	0.01388	0.00694	0.00521	0.00521	0.00174	0.00694	0.00463	0.00231	0.00579
29	0.00737	0.00532	0.00696	0.00655	0.00778	0.00491	0.00491	0.00983	0.01474	0.02088	0.78175	0.03890	0.04914	0.01065	0.00614	0.00164	0.00246	0.00942	0.00573	0.00491
30	0.01736	0.01338	0.01426	0.01149	0.01522	0.01501	0.00931	0.50413	0.29146	0.02890	0.01559	0.01497	0.01136	0.00654	0.00524	0.00164	0.00516	0.00512	0.00524	0.00864
31	0.01045	0.02694	0.79000	0.01484	0.02254	0.01209	0.01924	0.01649	0.01099	0.01649	0.00935	0.01099	0.00660	0.00495	0.00495	0.00165	0.00770	0.00385	0.00220	0.00770

[dist]
# distance from previous block
# <min> <max>
0	3

[block]
# block no. 3 follows, 47 sequences, length 21
# corresponding to MSA columns:
# 308-328
name=unknown_D
#
# <colnr> <probs for GDERKNQSTAVLIFYWHMCP>
#	G	D	E	R	K	N	Q	S	T	A	V	L	I	F	Y	W	H	M	C	P
0	0.00759	0.00568	0.00819	0.00811	0.00887	0.00658	0.00613	0.00913	0.00823	0.01179	0.01411	0.02233	0.01376	0.16177	0.64864	0.00764	0.03831	0.00586	0.00283	0.00445
1	0.00739	0.00549	0.00699	0.00708	0.00840	0.00509	0.00561	0.00961	0.01347	0.01818	0.44441	0.04620	0.18942	0.01211	0.00641	0.00186	0.00309	0.19910	0.00532	0.00478
2	0.01179	0.12532	0.07462	0.00880	0.01354	0.04781	0.00784	0.02786	0.01123	0.01635	0.00898	0.01043	0.00745	0.00414	0.00394	0.00093	0.00470	0.00315	0.00291	0.60821
3	0.01088	0.04928	0.64240	0.01620	0.05226	0.01250	0.11154	0.01647	0.01118	0.01640	0.00945	0.01137	0.00683	0.00485	0.00505	0.00164	0.00771	0.00413	0.00227	0.00760
4	0.00641	0.00529	0.00563	0.00554	0.00719	0.00451	0.00416	0.00797	0.01248	0.01551	0.20668	0.04775	0.62756	0.01265	0.00615	0.00173	0.00260	0.01066	0.00503	0.00451
5	0.00808	0.00633	0.00790	0.00806	0.04396	0.00615	0.00568	0.01185	0.10884	0.01939	0.50126	0.07470	0.15663	0.01060	0.00602	0.00169	0.00289	0.00927	0.00535	0.00537
6	0.01471	0.16747	0.35299	0.01193	0.01756	0.01326	0.01315	0.12940	0.03104	0.15607	0.01304	0.01333	0.03226	0.00562	0.00479	0.00154	0.00619	0.00429	0.00356	0.00780
7	0.00759	0.00530	0.00682	0.00691	0.00732	0.00563	0.00472	0.00842	0.00819	0.01121	0.01643	0.03130	0.01775	0.48692	0.29015	0.00599	0.00809	0.06433	0.00316	0.00380
8	0.00669	0.00530	0.00602	0.00584	0.00736	0.00462	0.00438	0.00851	0.01314	0.01707	0.37407	0.04517	0.45920	0.01207	0.00615	0.00171	0.00256	0.01030	0.00523	0.00462
9	0.03698	0.05409	0.34060	0.01649	0.05623	0.01244	0.24406	0.03784	0.03278	0.10191	0.01121	0.01283	0.00805	0.00500	0.00525	0.00165	0.00725	0.00474	0.00301	0.00759
10	0.37877	0.01137	0.01290	0.16463	0.13152	0.05588	0.03463	0.01705	0.11384	0.01947	0.01006	0.01188	0.00780	0.00519	0.00435	0.00164	0.00538	0.00399	0.00318	0.00648
11	0.00632	0.00520	0.00539	0.00548	0.00708	0.00441	0.00406	0.00767	0.01177	0.01439	0.07372	0.11554	0.66967	0.01316	0.00612	0.00177	0.00266	0.01109	0.03011	0.00441
12	0.00691	0.00540	0.00584	0.00571	0.00743	0.00462	0.00433	0.00848	0.01249	0.03712	0.18650	0.04731	0.60922	0.01255	0.00615	0.00175	0.00270	0.02582	0.00505	0.00463
13	0.01593	0.23256	0.10423	0.03510	0.17502	0.04292	0.03358	0.09071	0.02451	0.17974	0.01169	0.01246	0.00869	0.00523	0.00468	0.00146	0.00595	0.00420	0.00355	0.00777
14	0.01649	0.01957	0.01695	0.10538	0.21942	0.48401	0.03240	0.01860	0.01346	0.01403	0.00871	0.01092	0.00717	0.00513	0.00491	0.00145	0.00827	0.00391	0.00261	0.00661
15	0.77147	0.01098	0.00838	0.03475	0.01134	0.06171	0.00623	0.01559	0.00929	0.02234	0.00737	0.00871	0.00575	0.00488	0.00339	0.00160	0.00447	0.00292	0.00316	0.00567
16	0.00759	0.00544	0.00706	0.00719	0.00788	0.00577	0.00513	0.00915	0.03028	0.01263	0.04559	0.10402	0.05389	0.28420	0.32343	0.00547	0.00803	0.04155	0.03147	0.00424
17	0.08024	0.00895	0.01178	0.00910	0.01307	0.00793	0.00752	0.02469	0.01449	0.73572	0.01963	0.01709	0.01239	0.00634	0.00510	0.00161	0.00440	0.00507	0.00622	0.00864
18	0.00744	0.00558	0.00837	0.00837	0.00930	0.00651	0.00651	0.00930	0.00837	0.01209	0.01395	0.02046	0.01302	0.03906	0.79635	0.00837	0.01395	0.00558	0.00279	0.00465
19	0.01104	0.02366	0.65506	0.01454	0.05029	0.01129	0.01734	0.01647	0.01154	0.06111	0.06981	0.01361	0.01032	0.00546	0.00506	0.00164	0.00705	0.00439	0.00273	0.00757
20	0.01871	0.07833	0.01542	0.01095	0.01488	0.01455	0.00913	0.55415	0.02140	0.12072	0.07725	0.01500	0.01253	0.00650	0.00514	0.00154	0.00529	0.00500	0.00516	0.00835

[dist]
# distance from previous block
# <min> <max>
0	1

[block]
# block no. 4 follows, 47 sequences, length 12
# corresponding to MSA columns:
# 330-341
name=unknown_E
#
# <colnr> <probs for GDERKNQSTAVLIFYWHMCP>
#	G	D	E	R	K	N	Q	S	T	A	V	L	I	F	Y	W	H	M	C	P
0	0.01742	0.04322	0.06983	0.03989	0.10238	0.54665	0.05013	0.01953	0.01381	0.03761	0.00886	0.01049	0.00713	0.00521	0.00483	0.00142	0.00856	0.00375	0.00273	0.00654
1	0.85377	0.01007	0.00765	0.00685	0.01007	0.01168	0.00564	0.01531	0.00886	0.02336	0.00725	0.00846	0.00564	0.00483	0.00322	0.00161	0.00403	0.00282	0.00322	0.00564
2	0.01980	0.01459	0.01563	0.01198	0.01615	0.01615	0.00990	0.76713	0.02448	0.03282	0.01250	0.01250	0.00886	0.00625	0.00521	0.00156	0.00573	0.00469	0.00521	0.00886
3	0.00737	0.00532	0.00696	0.00655	0.00778	0.00491	0.00491	0.00983	0.01474	0.02088	0.78175	0.03890	0.04914	0.01065	0.00614	0.00164	0.00246	0.00942	0.00573	0.00491
4	0.00744	0.00558	0.00837	0.00837	0.00930	0.00651	0.00651	0.00930	0.00837	0.01209	0.01395	0.02046	0.01302	0.03906	0.79635	0.00837	0.01395	0.00558	0.00279	0.00465
5	0.00738	0.00497	0.00574	0.00593	0.00597	0.00492	0.00342	0.00752	0.00795	0.01060	0.01833	0.15600	0.02136	0.69175	0.02340	0.00459	0.00473	0.00870	0.00342	0.00332
6	0.01553	0.52187	0.02287	0.01034	0.01424	0.11818	0.00939	0.15223	0.01347	0.01606	0.00827	0.00943	0.00709	0.00519	0.00472	0.00130	0.05675	0.00331	0.00283	0.00693
7	0.01018	0.00832	0.00938	0.00881	0.01081	0.00908	0.00667	0.01891	0.41825	0.02018	0.25960	0.14972	0.02917	0.00963	0.00577	0.00178	0.00343	0.00838	0.00536	0.00658
8	0.08117	0.15319	0.03651	0.03667	0.03938	0.08980	0.12542	0.03649	0.05163	0.16254	0.07768	0.01604	0.03497	0.00608	0.00528	0.00156	0.02984	0.00502	0.00383	0.00693
9	0.02028	0.06143	0.06746	0.01116	0.04502	0.03661	0.00932	0.14098	0.05327	0.47428	0.01688	0.01548	0.01120	0.00611	0.00508	0.00157	0.00515	0.00485	0.00537	0.00850
10	0.00757	0.00508	0.00584	0.00584	0.00590	0.00514	0.00336	0.00768	0.00762	0.01022	0.01626	0.03326	0.01858	0.77033	0.07267	0.00525	0.00558	0.00745	0.00313	0.00325
11	0.20466	0.03337	0.11000	0.06723	0.06378	0.03199	0.05588	0.13275	0.04764	0.08583	0.01101	0.01312	0.00845	0.00596	0.00601	0.00170	0.08907	0.02096	0.00354	0.00706

[dist]
# distance from previous block
# <min> <max>
0	3

[block]
# block no. 5 follows, 47 sequences, length 12
# corresponding to MSA columns:
# 345-356
name=unknown_F
#
# <colnr> <probs for GDERKNQSTAVLIFYWHMCP>
#	G	D	E	R	K	N	Q	S	T	A	V	L	I	F	Y	W	H	M	C	P
0	0.03089	0.01360	0.13320	0.03787	0.36438	0.01117	0.05035	0.05611	0.01285	0.13530	0.04563	0.01434	0.01042	0.00527	0.00512	0.00155	0.00592	0.00477	0.00343	0.05785
1	0.56891	0.06344	0.04570	0.03903	0.08822	0.01276	0.00828	0.04303	0.00994	0.02107	0.00783	0.00952	0.00624	0.00512	0.00446	0.00162	0.05234	0.00328	0.00304	0.00618
2	0.01120	0.01072	0.01521	0.01675	0.19026	0.04068	0.01149	0.01306	0.00981	0.01404	0.01158	0.02022	0.01149	0.01137	0.07863	0.00261	0.39491	0.12710	0.00282	0.00606
3	0.01645	0.09221	0.06748	0.01026	0.01350	0.13943	0.00885	0.01987	0.09028	0.24985	0.01426	0.01449	0.01041	0.00616	0.00589	0.00152	0.08612	0.00447	0.11250	0.03602
4	0.00744	0.00558	0.00837	0.00837	0.00930	0.00651	0.00651	0.00930	0.00837	0.01209	0.01395	0.02046	0.01302	0.03906	0.79635	0.00837	0.01395	0.00558	0.00279	0.00465
5	0.45490	0.00864	0.00875	0.16211	0.01431	0.00989	0.00698	0.01463	0.00992	0.05474	0.01051	0.01249	0.00802	0.00527	0.00380	0.00154	0.00424	0.00376	0.19989	0.00563
6	0.01289	0.01237	0.02114	0.03196	0.78450	0.01237	0.01598	0.01598	0.01186	0.01701	0.00980	0.01289	0.00825	0.00464	0.00516	0.00155	0.00619	0.00464	0.00258	0.00825
7	0.00634	0.00453	0.00604	0.00725	0.00755	0.00423	0.00483	0.00725	0.00997	0.01329	0.02870	0.81358	0.03444	0.01632	0.00665	0.00211	0.00302	0.01480	0.00483	0.00423
8	0.01022	0.00713	0.00910	0.03687	0.07313	0.03233	0.00675	0.03943	0.01285	0.09798	0.23386	0.27322	0.05837	0.01092	0.00590	0.00177	0.00372	0.03038	0.05049	0.00557
9	0.01080	0.00926	0.01080	0.00771	0.01234	0.00694	0.00617	0.01311	0.01080	0.01697	0.00926	0.01080	0.00771	0.00386	0.00386	0.00077	0.00386	0.00309	0.00309	0.84882
10	0.08091	0.02207	0.56652	0.01317	0.01965	0.01164	0.01581	0.01843	0.08132	0.10516	0.01153	0.01233	0.00809	0.00530	0.00487	0.00165	0.00670	0.00411	0.00305	0.00771
11	0.14671	0.01508	0.01449	0.01277	0.04875	0.27838	0.10901	0.06874	0.01395	0.06811	0.12938	0.01719	0.01473	0.00641	0.00507	0.00157	0.00651	0.03308	0.00372	0.00636

[dist]
# distance from previous block
# <min> <max>
3	12

[block]
# block no. 6 follows, 47 sequences, length 7
# corresponding to MSA columns:
# 371-377
name=unknown_G
#
# <colnr> <probs for GDERKNQSTAVLIFYWHMCP>
#	G	D	E	R	K	N	Q	S	T	A	V	L	I	F	Y	W	H	M	C	P
0	0.00899	0.01828	0.47645	0.01129	0.01649	0.00912	0.01333	0.01338	0.01195	0.01696	0.18080	0.02427	0.16194	0.00771	0.00543	0.00167	0.00563	0.00637	0.00344	0.00649
1	0.44931	0.01635	0.01117	0.00991	0.01300	0.32583	0.00777	0.08125	0.01255	0.01992	0.00802	0.00918	0.00634	0.00517	0.00398	0.00150	0.00632	0.00319	0.00318	0.00607
2	0.01045	0.02694	0.79000	0.01484	0.02254	0.01209	0.01924	0.01649	0.01099	0.01649	0.00935	0.01099	0.00660	0.00495	0.00495	0.00165	0.00770	0.00385	0.00220	0.00770
3	0.51886	0.01341	0.17386	0.00899	0.01331	0.01101	0.00889	0.01746	0.01045	0.16618	0.01020	0.01074	0.00721	0.00516	0.00397	0.00162	0.00488	0.00349	0.00361	0.00668
4	0.01739	0.01367	0.17770	0.01341	0.10922	0.01025	0.01123	0.11822	0.03914	0.35190	0.07144	0.01663	0.01321	0.00621	0.00523	0.00161	0.00535	0.00513	0.00483	0.00823
5	0.00996	0.01088	0.15596	0.00968	0.01220	0.00823	0.00862	0.16961	0.01323	0.01802	0.02163	0.49285	0.02378	0.01204	0.00602	0.00191	0.00448	0.01060	0.00442	0.00586
6	0.08446	0.01513	0.16309	0.01358	0.01824	0.01280	0.17043	0.23726	0.08862	0.07650	0.03401	0.03892	0.01082	0.00602	0.00527	0.00167	0.00619	0.00528	0.00403	0.00767

[dist]
# distance from previous block
# <min> <max>
0	7

[block]
# block no. 7 follows, 47 sequences, length 19
# corresponding to MSA columns:
# 385-403
name=unknown_H
#
# <colnr> <probs for GDERKNQSTAVLIFYWHMCP>
#	G	D	E	R	K	N	Q	S	T	A	V	L	I	F	Y	W	H	M	C	P
0	0.09579	0.06367	0.04868	0.01251	0.07489	0.03856	0.10389	0.04810	0.03624	0.27655	0.13181	0.01790	0.01580	0.00631	0.00514	0.00159	0.00521	0.00543	0.00457	0.00736
1	0.12174	0.05693	0.01414	0.01070	0.01422	0.03221	0.02674	0.41485	0.11787	0.04173	0.01360	0.04833	0.01086	0.04570	0.00597	0.00176	0.00528	0.00510	0.00460	0.00767
2	0.03445	0.43800	0.17358	0.03008	0.01614	0.01627	0.03755	0.01790	0.09350	0.08229	0.01049	0.01122	0.00823	0.00503	0.00418	0.00138	0.00584	0.00371	0.00296	0.00721
3	0.01270	0.01351	0.08122	0.03063	0.72496	0.01235	0.01624	0.01602	0.01179	0.01697	0.00976	0.01274	0.00812	0.00466	0.00514	0.00155	0.00630	0.00458	0.00255	0.00821
4	0.01076	0.01033	0.01782	0.50002	0.25526	0.01165	0.06107	0.01410	0.01101	0.01464	0.01102	0.01487	0.03455	0.00527	0.00528	0.00168	0.00668	0.00495	0.00250	0.00654
5	0.08382	0.09667	0.01491	0.01120	0.01451	0.32339	0.00898	0.19362	0.01547	0.05154	0.00984	0.01083	0.00770	0.00553	0.00494	0.00139	0.03629	0.00372	0.03299	0.07265
6	0.08114	0.03466	0.01279	0.02866	0.01397	0.05354	0.03449	0.08927	0.03510	0.28455	0.04079	0.01514	0.02549	0.00570	0.00472	0.00138	0.00479	0.00455	0.00456	0.22473
7	0.07662	0.01629	0.01456	0.12696	0.05224	0.26654	0.01031	0.29804	0.01706	0.02157	0.01030	0.01173	0.00782	0.00563	0.00483	0.00150	0.00685	0.00412	0.03996	0.00707
8	0.01392	0.82012	0.02729	0.00891	0.01337	0.02061	0.00891	0.01559	0.01058	0.01225	0.00724	0.00835	0.00668	0.00446	0.00334	0.00111	0.00557	0.00278	0.00223	0.00668
9	0.00757	0.00505	0.00568	0.00568	0.00568	0.00505	0.00316	0.00757	0.00757	0.01010	0.01641	0.03408	0.01893	0.81698	0.02651	0.00505	0.00505	0.00757	0.00316	0.00316
10	0.02090	0.00832	0.01130	0.00885	0.01244	0.00723	0.00723	0.02298	0.01488	0.66982	0.13791	0.02099	0.01848	0.00709	0.00538	0.00162	0.00413	0.00588	0.00634	0.00825
11	0.00634	0.00453	0.00604	0.00725	0.00755	0.00423	0.00483	0.00725	0.00997	0.01329	0.02870	0.81358	0.03444	0.01632	0.00665	0.00211	0.00302	0.01480	0.00483	0.00423
12	0.00905	0.00452	0.00678	0.00678	0.00678	0.00452	0.00452	0.00678	0.00678	0.00905	0.00905	0.01583	0.00905	0.01809	0.02035	0.84848	0.00452	0.00452	0.00226	0.00226
13	0.01289	0.01237	0.02114	0.03196	0.78450	0.01237	0.01598	0.01598	0.01186	0.01701	0.00980	0.01289	0.00825	0.00464	0.00516	0.00155	0.00619	0.00464	0.00258	0.00825
14	0.01577	0.01121	0.01787	0.07939	0.47902	0.01113	0.01322	0.03962	0.03007	0.23095	0.01307	0.01444	0.00963	0.00528	0.00519	0.00158	0.00569	0.00483	0.00377	0.00826
15	0.01896	0.01352	0.01462	0.01141	0.01534	0.01487	0.00936	0.61581	0.10153	0.07973	0.01408	0.01380	0.01001	0.00634	0.00517	0.00157	0.00536	0.00485	0.03501	0.00865
16	0.01267	0.01215	0.02075	0.08672	0.73144	0.01232	0.01587	0.01579	0.01176	0.01675	0.00976	0.01296	0.00816	0.00468	0.00516	0.00156	0.00624	0.00464	0.00256	0.00807
17	0.01241	0.12285	0.17099	0.03591	0.10258	0.01190	0.02312	0.09883	0.01250	0.03206	0.01174	0.01318	0.04612	0.00526	0.00499	0.00133	0.03435	0.00413	0.00306	0.25268
18	0.75818	0.01091	0.00971	0.00826	0.01163	0.03985	0.06518	0.01561	0.00934	0.02246	0.00754	0.00893	0.00585	0.00482	0.00350	0.00161	0.00459	0.00310	0.00316	0.00576

[dist]
# distance from previous block
# <min> <max>
0	4

[block]
# block no. 8 follows, 47 sequences, length 29
# corresponding to MSA columns:
# 408-436
name=unknown_I
#
# <colnr> <probs for GDERKNQSTAVLIFYWHMCP>
#	G	D	E	R	K	N	Q	S	T	A	V	L	I	F	Y	W	H	M	C	P
0	0.01045	0.02694	0.79000	0.01484	0.02254	0.01209	0.01924	0.01649	0.01099	0.01649	0.00935	0.01099	0.00660	0.00495	0.00495	0.00165	0.00770	0.00385	0.00220	0.00770
1	0.01080	0.00926	0.01080	0.00771	0.01234	0.00694	0.00617	0.01311	0.01080	0.01697	0.00926	0.01080	0.00771	0.00386	0.00386	0.00077	0.00386	0.00309	0.00309	0.84882
2	0.01282	0.01017	0.06116	0.03017	0.01233	0.00975	0.02962	0.21876	0.06626	0.07492	0.01504	0.02271	0.01381	0.34536	0.05179	0.00337	0.00588	0.00604	0.00399	0.00603
3	0.00905	0.00452	0.00678	0.00678	0.00678	0.00452	0.00452	0.00678	0.00678	0.00905	0.00905	0.01583	0.00905	0.01809	0.02035	0.84848	0.00452	0.00452	0.00226	0.00226
4	0.01519	0.10666	0.21307	0.01198	0.04808	0.01178	0.02425	0.13114	0.03273	0.18482	0.02758	0.01396	0.00997	0.00554	0.00480	0.00145	0.00561	0.01577	0.00391	0.13173
5	0.01980	0.01459	0.01563	0.01198	0.01615	0.01615	0.00990	0.76713	0.02448	0.03282	0.01250	0.01250	0.00886	0.00625	0.00521	0.00156	0.00573	0.00469	0.00521	0.00886
6	0.01114	0.00961	0.01161	0.00838	0.01297	0.00756	0.03148	0.03223	0.03532	0.01750	0.00976	0.01122	0.00801	0.00403	0.00401	0.00085	0.00407	0.00331	0.00319	0.77374
7	0.00891	0.00457	0.00668	0.00668	0.00668	0.00457	0.00440	0.00686	0.00686	0.00914	0.00973	0.01753	0.00997	0.09251	0.02093	0.76992	0.00457	0.00481	0.00234	0.00234
8	0.85377	0.01007	0.00765	0.00685	0.01007	0.01168	0.00564	0.01531	0.00886	0.02336	0.00725	0.00846	0.00564	0.00483	0.00322	0.00161	0.00403	0.00282	0.00322	0.00564
9	0.03718	0.11020	0.35888	0.01417	0.08273	0.03247	0.05890	0.03019	0.01157	0.06058	0.00980	0.01130	0.00739	0.00476	0.00463	0.00142	0.00645	0.00385	0.00275	0.15075
10	0.85377	0.01007	0.00765	0.00685	0.01007	0.01168	0.00564	0.01531	0.00886	0.02336	0.00725	0.00846	0.00564	0.00483	0.00322	0.00161	0.00403	0.00282	0.00322	0.00564
11	0.00983	0.00926	0.01562	0.80447	0.03587	0.01157	0.01446	0.01331	0.01041	0.01331	0.00926	0.01388	0.00694	0.00521	0.00521	0.00174	0.00694	0.00463	0.00231	0.00579
12	0.01080	0.00926	0.01080	0.00771	0.01234	0.00694	0.00617	0.01311	0.01080	0.01697	0.00926	0.01080	0.00771	0.00386	0.00386	0.00077	0.00386	0.00309	0.00309	0.84882
13	0.85377	0.01007	0.00765	0.00685	0.01007	0.01168	0.00564	0.01531	0.00886	0.02336	0.00725	0.00846	0.00564	0.00483	0.00322	0.00161	0.00403	0.00282	0.00322	0.00564
14	0.00878	0.00469	0.00704	0.00704	0.00719	0.00485	0.00485	0.00719	0.00704	0.00954	0.00984	0.01658	0.00969	0.02150	0.14638	0.71204	0.00605	0.00469	0.00235	0.00265
15	0.01074	0.01041	0.01449	0.01252	0.01272	0.01416	0.01034	0.01209	0.00907	0.01389	0.13269	0.01586	0.01371	0.00936	0.01531	0.00217	0.67671	0.00535	0.00284	0.00557
16	0.00691	0.00592	0.00617	0.00567	0.00790	0.00481	0.00432	0.00839	0.01170	0.01454	0.04569	0.04373	0.65657	0.01167	0.00578	0.00160	0.00284	0.00971	0.00455	0.14154
17	0.00975	0.02342	0.66255	0.01329	0.02002	0.01084	0.01676	0.01503	0.01114	0.01610	0.01640	0.01735	0.13259	0.00629	0.00514	0.00167	0.00687	0.00501	0.00263	0.00716
18	0.00960	0.00480	0.00517	0.00517	0.00618	0.00480	0.00378	0.01127	0.01025	0.01773	0.01570	0.01883	0.01265	0.00802	0.00635	0.13882	0.00277	0.00480	0.70888	0.00443
19	0.01828	0.01659	0.14140	0.01245	0.01719	0.01549	0.01142	0.64522	0.02229	0.03017	0.01199	0.01226	0.00849	0.00604	0.00517	0.00158	0.00605	0.00455	0.00472	0.00867
20	0.01516	0.00712	0.00964	0.00834	0.01090	0.00640	0.00679	0.01740	0.01437	0.38580	0.29636	0.03203	0.02874	0.00925	0.00588	0.00175	0.00378	0.12761	0.00592	0.00678
21	0.00903	0.00679	0.00879	0.00950	0.01100	0.00703	0.00809	0.01340	0.13605	0.01681	0.06342	0.05119	0.04760	0.01299	0.00681	0.00224	0.00452	0.57448	0.00492	0.00535
22	0.01880	0.00851	0.01115	0.00898	0.01230	0.00793	0.00732	0.08859	0.01442	0.51877	0.02184	0.02081	0.08664	0.01237	0.13381	0.00272	0.00592	0.00580	0.00558	0.00775
23	0.03952	0.05574	0.04717	0.01052	0.01411	0.01355	0.00898	0.48117	0.01919	0.02583	0.01842	0.01870	0.13440	0.00938	0.05670	0.00204	0.02692	0.00558	0.00457	0.00752
24	0.01461	0.45598	0.03525	0.01090	0.03638	0.03848	0.00962	0.07899	0.01170	0.07765	0.00907	0.01092	0.00777	0.02709	0.00692	0.00154	0.15374	0.00369	0.00288	0.00682
25	0.01378	0.13984	0.01240	0.00832	0.01128	0.00980	0.00685	0.01836	0.17208	0.22819	0.17463	0.02587	0.14100	0.00815	0.00527	0.00159	0.00388	0.00671	0.00513	0.00689
26	0.00720	0.00556	0.00742	0.13603	0.01164	0.00566	0.00587	0.00842	0.00993	0.01291	0.05002	0.35842	0.14466	0.19955	0.01093	0.00266	0.00405	0.01071	0.00406	0.00428
27	0.17969	0.03922	0.08248	0.04385	0.46197	0.01241	0.05944	0.01604	0.01120	0.03324	0.00941	0.01190	0.00758	0.00473	0.00476	0.00157	0.00601	0.00426	0.00274	0.00751
28	0.04168	0.09514	0.10718	0.07146	0.10347	0.06051	0.17672	0.03546	0.01105	0.01536	0.00934	0.03538	0.00801	0.00615	0.00799	0.00176	0.19927	0.00483	0.00259	0.00666

[dist]
# distance from previous block
# <min> <max>
4	21

[block]
# block no. 9 follows, 47 sequences, length 24
# corresponding to MSA columns:
# 469-492
name=unknown_J
#
# <colnr> <probs for GDERKNQSTAVLIFYWHMCP>
#	G	D	E	R	K	N	Q	S	T	A	V	L	I	F	Y	W	H	M	C	P
0	0.01331	0.01212	0.01588	0.01329	0.01424	0.01600	0.01105	0.18492	0.01175	0.01717	0.00813	0.01165	0.00730	0.00846	0.01438	0.00212	0.62430	0.00459	0.00295	0.00642
1	0.14728	0.01330	0.01388	0.01093	0.01484	0.01475	0.00898	0.54772	0.08993	0.06782	0.01289	0.01277	0.00920	0.00612	0.00491	0.00159	0.00526	0.00454	0.00497	0.00831
2	0.85377	0.01007	0.00765	0.00685	0.01007	0.01168	0.00564	0.01531	0.00886	0.02336	0.00725	0.00846	0.00564	0.00483	0.00322	0.00161	0.00403	0.00282	0.00322	0.00564
3	0.66111	0.01392	0.18638	0.00867	0.01292	0.01178	0.00875	0.01558	0.00935	0.02179	0.00773	0.00904	0.00586	0.00486	0.00362	0.00162	0.00487	0.00305	0.00299	0.00611
4	0.00900	0.00827	0.05538	0.01258	0.18597	0.00700	0.00805	0.01142	0.01289	0.03979	0.33615	0.03310	0.20425	0.04537	0.00673	0.00180	0.00383	0.00816	0.00451	0.00575
5	0.01370	0.63532	0.02374	0.00930	0.01341	0.01886	0.00876	0.01835	0.18523	0.01443	0.01043	0.01088	0.00879	0.00505	0.00379	0.00126	0.00524	0.00349	0.00293	0.00704
6	0.00663	0.00465	0.00596	0.00689	0.00713	0.00442	0.00445	0.00732	0.00942	0.01256	0.02589	0.63551	0.03090	0.19923	0.01118	0.00279	0.00348	0.01315	0.00445	0.00398
7	0.01013	0.00908	0.01483	0.35509	0.22908	0.01005	0.02976	0.01267	0.01028	0.01377	0.01200	0.02051	0.01123	0.19095	0.01018	0.00248	0.00624	0.04315	0.00271	0.00583
8	0.00898	0.19123	0.01063	0.00648	0.00751	0.00857	0.00454	0.00939	0.00835	0.01072	0.01480	0.05893	0.01675	0.59980	0.02043	0.00403	0.00509	0.00676	0.00301	0.00400
9	0.01072	0.01330	0.18881	0.00934	0.01467	0.00812	0.00916	0.01388	0.01084	0.01686	0.00928	0.01084	0.00746	0.00411	0.00411	0.00097	0.00473	0.00326	0.00288	0.65667
10	0.01118	0.01494	0.19278	0.01394	0.01570	0.01507	0.01319	0.01344	0.00867	0.01344	0.00741	0.01130	0.00678	0.00816	0.01432	0.00213	0.62475	0.00440	0.00226	0.00615
11	0.01174	0.01162	0.01714	0.01785	0.18977	0.01513	0.01244	0.01332	0.00886	0.01356	0.00751	0.01174	0.00716	0.00809	0.01436	0.00211	0.62440	0.00458	0.00235	0.00628
12	0.01352	0.55956	0.04441	0.00988	0.01404	0.01812	0.02951	0.01888	0.21543	0.01504	0.01113	0.01155	0.00918	0.00517	0.00399	0.00132	0.00533	0.00374	0.00306	0.00714
13	0.01953	0.02248	0.01496	0.01309	0.01611	0.61790	0.01002	0.19129	0.01698	0.01733	0.00907	0.01010	0.00720	0.00557	0.00481	0.00139	0.00855	0.00366	0.00326	0.00668
14	0.00979	0.02194	0.61082	0.01275	0.01869	0.01048	0.01557	0.01445	0.01021	0.01503	0.01096	0.01627	0.00941	0.19046	0.00987	0.00243	0.00709	0.00470	0.00242	0.00666
15	0.00680	0.00535	0.00625	0.00678	0.00815	0.00481	0.00531	0.00835	0.01160	0.01436	0.04198	0.17518	0.45580	0.01402	0.00652	0.00199	0.00329	0.21416	0.00482	0.00448
16	0.02336	0.00886	0.01209	0.00927	0.01329	0.00765	0.00765	0.02538	0.01491	0.78810	0.02055	0.01773	0.01289	0.00645	0.00524	0.00161	0.00443	0.00524	0.00645	0.00886
17	0.01229	0.01405	0.03073	0.02195	0.02722	0.01317	0.76558	0.01668	0.01229	0.01668	0.01054	0.01405	0.00790	0.00439	0.00615	0.00176	0.00878	0.00615	0.00263	0.00702
18	0.04672	0.01325	0.01504	0.01152	0.01566	0.01417	0.02925	0.57031	0.02169	0.18811	0.01395	0.01349	0.00956	0.00620	0.00518	0.00158	0.00549	0.00478	0.00533	0.00871
19	0.01045	0.02694	0.79000	0.01484	0.02254	0.01209	0.01924	0.01649	0.01099	0.01649	0.00935	0.01099	0.00660	0.00495	0.00495	0.00165	0.00770	0.00385	0.00220	0.00770
