[name]
unknown

[dist]
# distance from previous block
# <min> <max>
3	82

[block]
# block no. 0 follows, 43 sequences, length 17
# corresponding to MSA columns:
# 82-98
name=unknown_A
#
# <colnr> <probs for GDERKNQSTAVLIFYWHMCP>
#	G	D	E	R	K	N	Q	S	T	A	V	L	I	F	Y	W	H	M	C	P
0	0.02015	0.00855	0.01173	0.04513	0.01385	0.00764	0.00778	0.02248	0.01559	0.56119	0.19828	0.02400	0.02256	0.00785	0.00580	0.00173	0.00434	0.00659	0.00647	0.00828
1	0.05582	0.00925	0.01133	0.00972	0.01286	0.00912	0.00774	0.05550	0.16596	0.36761	0.05745	0.13790	0.01994	0.00910	0.00586	0.00187	0.00439	0.04460	0.00601	0.00799
2	0.01584	0.01691	0.24698	0.15914	0.04162	0.05144	0.01392	0.05238	0.08030	0.21533	0.01414	0.01499	0.00988	0.00617	0.00592	0.00177	0.03629	0.00489	0.00401	0.00808
3	0.11832	0.03084	0.07942	0.01516	0.14566	0.01280	0.02805	0.16734	0.11476	0.18023	0.04239	0.01581	0.01207	0.00629	0.00528	0.00171	0.00556	0.00513	0.00471	0.00845
4	0.03771	0.01329	0.01401	0.01196	0.01512	0.07142	0.03397	0.23999	0.30964	0.02449	0.01800	0.05919	0.01475	0.00796	0.00619	0.00184	0.03833	0.04666	0.02743	0.00803
5	0.19813	0.00907	0.01077	0.19017	0.01665	0.03462	0.00848	0.06586	0.01091	0.01701	0.01283	0.10189	0.01240	0.04691	0.02994	0.16946	0.02622	0.03011	0.00333	0.00524
6	0.79865	0.01064	0.00840	0.00743	0.01090	0.01218	0.00612	0.01688	0.00978	0.06677	0.00850	0.00955	0.00643	0.00524	0.00355	0.00171	0.00431	0.00314	0.00362	0.00619
7	0.00655	0.00561	0.00561	0.00561	0.00748	0.00468	0.00421	0.00795	0.01262	0.01496	0.05610	0.05330	0.76857	0.01403	0.00655	0.00187	0.00281	0.01169	0.00514	0.00468
8	0.84448	0.01071	0.00814	0.00728	0.01071	0.01242	0.00600	0.01628	0.00943	0.02485	0.00771	0.00900	0.00600	0.00514	0.00343	0.00171	0.00428	0.00300	0.00343	0.00600
9	0.01075	0.00891	0.01256	0.04070	0.18666	0.03730	0.03556	0.01251	0.01151	0.05602	0.02407	0.14316	0.16204	0.08496	0.06044	0.04263	0.03397	0.02644	0.00389	0.00592
10	0.07821	0.07771	0.07364	0.13640	0.22527	0.13561	0.07305	0.04915	0.01316	0.05149	0.01077	0.03183	0.00873	0.00561	0.00522	0.00165	0.00717	0.00478	0.00308	0.00747
11	0.52754	0.01414	0.01411	0.01159	0.01518	0.14200	0.13988	0.01741	0.01109	0.02126	0.00846	0.01034	0.00666	0.00532	0.00479	0.00172	0.03520	0.00379	0.00318	0.00633
12	0.05597	0.09422	0.10083	0.05156	0.08457	0.01371	0.23700	0.05515	0.10165	0.13050	0.01343	0.01476	0.00983	0.00557	0.00552	0.00173	0.00689	0.00529	0.00378	0.00802
13	0.00668	0.00510	0.00614	0.00697	0.00784	0.00456	0.00481	0.00780	0.01132	0.01443	0.03959	0.53646	0.29607	0.01617	0.00688	0.00211	0.00307	0.01431	0.00514	0.00456
14	0.01129	0.00962	0.01126	0.00814	0.01286	0.00727	0.00649	0.01376	0.01171	0.01827	0.05099	0.01311	0.01059	0.00449	0.00423	0.00087	0.00402	0.00365	0.00343	0.79395
15	0.00962	0.00481	0.00722	0.00722	0.00722	0.00481	0.00481	0.00722	0.00722	0.00962	0.00962	0.01684	0.00962	0.01924	0.02165	0.83886	0.00481	0.00481	0.00241	0.00241
16	0.01198	0.01190	0.01768	0.50031	0.16943	0.06690	0.01495	0.01513	0.01136	0.01474	0.00954	0.01391	0.00761	0.00596	0.00707	0.00185	0.10570	0.00482	0.00254	0.00664

[dist]
# distance from previous block
# <min> <max>
0	1

[block]
# block no. 1 follows, 43 sequences, length 14
# corresponding to MSA columns:
# 100-113
name=unknown_B
#
# <colnr> <probs for GDERKNQSTAVLIFYWHMCP>
#	G	D	E	R	K	N	Q	S	T	A	V	L	I	F	Y	W	H	M	C	P
0	0.00673	0.00488	0.00637	0.00756	0.00799	0.00451	0.00507	0.00773	0.01075	0.01420	0.03239	0.74706	0.09012	0.01711	0.00703	0.00222	0.00318	0.01545	0.00514	0.00451
1	0.01531	0.01073	0.01397	0.09617	0.09041	0.00975	0.00930	0.10134	0.01407	0.16830	0.01266	0.01371	0.00939	0.00517	0.00484	0.00128	0.00505	0.00426	0.00410	0.41018
2	0.28457	0.01420	0.03457	0.01184	0.03690	0.11104	0.05088	0.13639	0.10229	0.14650	0.01308	0.01332	0.00946	0.00598	0.00485	0.00170	0.00584	0.00447	0.00442	0.00770
3	0.01451	0.74700	0.08816	0.00998	0.01499	0.02120	0.01035	0.01666	0.01129	0.01339	0.00788	0.00911	0.00710	0.00478	0.00369	0.00123	0.00610	0.00305	0.00237	0.00719
4	0.00800	0.00572	0.00787	0.00915	0.01002	0.00558	0.00732	0.00988	0.01184	0.01554	0.02983	0.37521	0.03389	0.01617	0.00740	0.00242	0.00430	0.42989	0.00512	0.00485
5	0.01414	0.01276	0.06168	0.16097	0.42948	0.03061	0.01477	0.01744	0.01300	0.11337	0.06704	0.01636	0.01219	0.00579	0.00556	0.00170	0.00637	0.00530	0.00344	0.00804
6	0.01081	0.01021	0.01414	0.13418	0.01652	0.03254	0.01066	0.01257	0.00968	0.01392	0.06972	0.01790	0.01272	0.06719	0.13416	0.00345	0.41548	0.00562	0.00288	0.00566
7	0.00805	0.00537	0.00604	0.00604	0.00604	0.00537	0.00336	0.00805	0.00805	0.01074	0.01745	0.03624	0.02013	0.80536	0.02819	0.00537	0.00537	0.00805	0.00336	0.00336
8	0.01303	0.01190	0.02059	0.30539	0.41986	0.01267	0.06560	0.01651	0.01224	0.05329	0.01082	0.01442	0.00849	0.00523	0.00558	0.00174	0.00697	0.00507	0.00284	0.00777
9	0.01340	0.03768	0.15333	0.16792	0.15856	0.05067	0.01341	0.03270	0.13320	0.08086	0.02999	0.07766	0.01288	0.00686	0.00555	0.00177	0.00631	0.00588	0.00373	0.00765
10	0.00724	0.00532	0.00674	0.03011	0.00880	0.00496	0.00523	0.00882	0.01218	0.01643	0.20072	0.43266	0.17111	0.01451	0.00665	0.00201	0.00310	0.01288	0.04579	0.00478
11	0.01378	0.01190	0.01252	0.01127	0.01440	0.01378	0.00877	0.02943	0.76081	0.02317	0.02254	0.02066	0.01691	0.00751	0.00564	0.00188	0.00438	0.00626	0.00564	0.00877
12	0.01569	0.01201	0.01320	0.03367	0.01521	0.01337	0.00909	0.23921	0.38805	0.06824	0.04917	0.02217	0.05255	0.00792	0.00576	0.00182	0.00488	0.03396	0.00556	0.00845
13	0.11668	0.04192	0.05002	0.07192	0.01582	0.03148	0.03087	0.07662	0.17719	0.16019	0.03242	0.07518	0.01471	0.00748	0.00533	0.00177	0.00513	0.02585	0.05189	0.00752

[dist]
# distance from previous block
# <min> <max>
0	27

[block]
# block no. 2 follows, 43 sequences, length 32
# corresponding to MSA columns:
# 141-172
name=unknown_C
#
# <colnr> <probs for GDERKNQSTAVLIFYWHMCP>
#	G	D	E	R	K	N	Q	S	T	A	V	L	I	F	Y	W	H	M	C	P
0	0.05129	0.02225	0.01555	0.01389	0.01620	0.56670	0.01071	0.01977	0.01378	0.01408	0.00828	0.01045	0.00715	0.00650	0.00775	0.00164	0.17865	0.00381	0.00280	0.02876
1	0.02417	0.00928	0.01264	0.00974	0.01391	0.00802	0.00802	0.02633	0.01584	0.74478	0.05146	0.01974	0.01524	0.00703	0.00561	0.00171	0.00463	0.00575	0.00682	0.00926
2	0.00797	0.00563	0.00728	0.00687	0.00818	0.00522	0.00515	0.01058	0.01546	0.02213	0.72813	0.04027	0.05024	0.01106	0.00639	0.00172	0.00261	0.00976	0.05012	0.00522
3	0.00683	0.00560	0.00602	0.00597	0.00767	0.00479	0.00446	0.00848	0.01322	0.01650	0.20883	0.07507	0.59023	0.01355	0.00656	0.00185	0.00278	0.01146	0.00535	0.00479
4	0.00892	0.00637	0.00892	0.01020	0.01147	0.00637	0.00892	0.01147	0.01275	0.01657	0.02932	0.06247	0.03187	0.01530	0.00765	0.00255	0.00510	0.73354	0.00510	0.00510
5	0.84448	0.01071	0.00814	0.00728	0.01071	0.01242	0.00600	0.01628	0.00943	0.02485	0.00771	0.00900	0.00600	0.00514	0.00343	0.00171	0.00428	0.00300	0.00343	0.00600
6	0.01046	0.00984	0.01661	0.79205	0.03814	0.01230	0.01538	0.01415	0.01107	0.01415	0.00984	0.01477	0.00738	0.00554	0.00554	0.00185	0.00738	0.00492	0.00246	0.00615
7	0.01383	0.01351	0.02198	0.06559	0.71168	0.04161	0.01670	0.01707	0.01266	0.01776	0.01032	0.01361	0.00865	0.00499	0.00547	0.00165	0.00674	0.00488	0.00273	0.00857
8	0.01378	0.01190	0.01252	0.01127	0.01440	0.01378	0.00877	0.02943	0.76081	0.02317	0.02254	0.02066	0.01691	0.00751	0.00564	0.00188	0.00438	0.00626	0.00564	0.00877
9	0.00944	0.00493	0.00740	0.00740	0.00750	0.00504	0.00504	0.00750	0.00740	0.00997	0.01018	0.01737	0.01008	0.02165	0.10390	0.74925	0.00589	0.00493	0.00247	0.00268
10	0.01178	0.07166	0.52354	0.01600	0.02283	0.03497	0.13611	0.01754	0.03764	0.01720	0.01148	0.05359	0.00913	0.00586	0.00546	0.00176	0.00789	0.00509	0.00269	0.00778
11	0.02120	0.01527	0.01647	0.01263	0.01705	0.01682	0.01043	0.72345	0.02563	0.06437	0.01364	0.01352	0.00959	0.00666	0.00554	0.00166	0.00604	0.00501	0.00559	0.00942
12	0.00676	0.00526	0.00598	0.00651	0.00759	0.00466	0.00452	0.00786	0.01141	0.01426	0.04230	0.35987	0.40395	0.08242	0.00859	0.00232	0.00319	0.01305	0.00499	0.00449
13	0.01148	0.00984	0.01148	0.00820	0.01312	0.00738	0.00656	0.01395	0.01148	0.01805	0.00984	0.01148	0.00820	0.00410	0.00410	0.00082	0.00410	0.00328	0.00328	0.83922
14	0.01620	0.07790	0.12795	0.01129	0.03248	0.01107	0.02520	0.10769	0.03564	0.21343	0.01526	0.02959	0.03168	0.00599	0.00503	0.00144	0.00537	0.00482	0.00439	0.23759
15	0.01367	0.01306	0.02091	0.14021	0.59388	0.03470	0.01604	0.04594	0.01298	0.01807	0.01038	0.01368	0.00854	0.00509	0.00544	0.00165	0.00670	0.00485	0.00283	0.03137
16	0.00846	0.00623	0.00780	0.00750	0.00788	0.00674	0.00514	0.00936	0.00984	0.01366	0.16518	0.03443	0.02502	0.47518	0.08240	0.00452	0.08982	0.03281	0.00383	0.00420
17	0.01062	0.01016	0.01759	0.74501	0.03758	0.01241	0.06038	0.01437	0.01120	0.01437	0.00993	0.01478	0.00745	0.00548	0.00560	0.00185	0.00750	0.00502	0.00248	0.00623
18	0.01148	0.00984	0.01148	0.00820	0.01312	0.00738	0.00656	0.01395	0.01148	0.01805	0.00984	0.01148	0.00820	0.00410	0.00410	0.00082	0.00410	0.00328	0.00328	0.83922
19	0.00703	0.00502	0.00675	0.00804	0.00848	0.00474	0.00563	0.00820	0.01088	0.01445	0.03037	0.70559	0.03601	0.01708	0.00714	0.00229	0.00346	0.10910	0.00514	0.00458
20	0.03765	0.05670	0.05710	0.04383	0.06083	0.00955	0.00865	0.04489	0.01233	0.05678	0.01249	0.01384	0.04192	0.00503	0.00450	0.00114	0.00479	0.00403	0.00347	0.52046
21	0.42270	0.03090	0.01414	0.02900	0.14767	0.19363	0.03750	0.01773	0.01164	0.02005	0.00855	0.01046	0.00692	0.00532	0.00465	0.00165	0.02406	0.00368	0.00309	0.00667
22	0.01046	0.00984	0.01661	0.79205	0.03814	0.01230	0.01538	0.01415	0.01107	0.01415	0.00984	0.01477	0.00738	0.00554	0.00554	0.00185	0.00738	0.00492	0.00246	0.00615
23	0.00848	0.00640	0.00864	0.05622	0.03345	0.00663	0.00657	0.01056	0.02760	0.03243	0.15659	0.18403	0.13725	0.07914	0.17769	0.00371	0.02854	0.00947	0.02147	0.00515
24	0.02069	0.02640	0.01569	0.01427	0.01712	0.78313	0.01070	0.02212	0.01569	0.01355	0.00856	0.00999	0.00713	0.00571	0.00499	0.00143	0.00999	0.00357	0.00285	0.00642
25	0.00786	0.00589	0.00756	0.00710	0.00842	0.00559	0.00537	0.01029	0.01509	0.02112	0.66462	0.04158	0.12676	0.01155	0.00696	0.00178	0.03141	0.01001	0.00586	0.00520
26	0.00743	0.00565	0.00683	0.00654	0.00802	0.00505	0.00490	0.00966	0.01471	0.01991	0.54213	0.04515	0.27946	0.01218	0.00654	0.00178	0.00267	0.01055	0.00579	0.00505
27	0.00684	0.00489	0.00651	0.00765	0.00805	0.00456	0.00515	0.00794	0.01103	0.01482	0.09298	0.73734	0.03795	0.01684	0.00702	0.00221	0.00316	0.01526	0.00522	0.00456
28	0.01721	0.01360	0.01446	0.01197	0.01571	0.01538	0.00960	0.37072	0.41392	0.02871	0.01818	0.01719	0.01337	0.00711	0.00559	0.00178	0.00519	0.00566	0.00559	0.00907
29	0.01100	0.01035	0.01683	0.64267	0.09157	0.01272	0.01492	0.01526	0.05696	0.01496	0.01052	0.01490	0.00807	0.00584	0.00624	0.00186	0.05114	0.00500	0.00267	0.00651
30	0.01752	0.27930	0.02010	0.03939	0.03332	0.32399	0.01044	0.09985	0.07945	0.01665	0.01006	0.01120	0.00827	0.00571	0.00494	0.00145	0.02407	0.00386	0.00320	0.00721
31	0.04874	0.01099	0.03047	0.01005	0.01413	0.01007	0.03202	0.11815	0.11889	0.19164	0.04630	0.01784	0.03003	0.03940	0.00607	0.00162	0.00478	0.00521	0.00484	0.25873

[dist]
# distance from previous block
# <min> <max>
5	20

[block]
# block no. 3 follows, 43 sequences, length 16
# corresponding to MSA columns:
# 194-209
name=unknown_D
#
# <colnr> <probs for GDERKNQSTAVLIFYWHMCP>
#	G	D	E	R	K	N	Q	S	T	A	V	L	I	F	Y	W	H	M	C	P
0	0.01403	0.24343	0.22168	0.01358	0.06626	0.01501	0.03928	0.07860	0.05673	0.06150	0.05528	0.01394	0.01108	0.00584	0.00533	0.00155	0.03211	0.00452	0.00338	0.05686
1	0.18152	0.21802	0.04783	0.02477	0.01599	0.15282	0.06186	0.05864	0.06901	0.03488	0.01005	0.01134	0.00805	0.00555	0.00502	0.00154	0.03794	0.00391	0.00326	0.04801
2	0.00784	0.00566	0.00740	0.00697	0.00827	0.00523	0.00523	0.01045	0.01568	0.02221	0.76789	0.04137	0.05226	0.01132	0.00653	0.00174	0.00261	0.01002	0.00610	0.00523
3	0.17374	0.03826	0.00924	0.03626	0.01081	0.00813	0.00641	0.01264	0.01132	0.09808	0.08351	0.26251	0.09681	0.03773	0.05833	0.00250	0.03445	0.00911	0.00456	0.00561
4	0.00994	0.00642	0.00789	0.00739	0.00910	0.00606	0.00556	0.01305	0.07607	0.09617	0.38467	0.10609	0.15516	0.01160	0.00686	0.03392	0.00314	0.00961	0.04564	0.00568
5	0.02129	0.00872	0.01148	0.00912	0.01268	0.00787	0.00739	0.04729	0.01497	0.58184	0.02055	0.01973	0.01389	0.03935	0.04359	0.00214	0.00498	0.00561	0.11913	0.00840
6	0.13741	0.01337	0.03249	0.03043	0.04562	0.06976	0.00948	0.20134	0.12679	0.22928	0.01545	0.01499	0.01086	0.00634	0.00517	0.00168	0.00554	0.00487	0.00508	0.03409
7	0.06822	0.03849	0.01635	0.01234	0.01664	0.03919	0.01019	0.64741	0.04452	0.03275	0.01293	0.01303	0.00929	0.00650	0.00535	0.00165	0.00605	0.00481	0.00525	0.00905
8	0.00692	0.00499	0.00628	0.00723	0.00767	0.00465	0.00477	0.00779	0.01044	0.01371	0.03131	0.60579	0.11296	0.13576	0.01020	0.00268	0.00349	0.01415	0.00487	0.00435
9	0.01454	0.36586	0.10665	0.02676	0.04448	0.03935	0.09052	0.04240	0.08609	0.05959	0.01171	0.03223	0.00975	0.02390	0.00556	0.00162	0.02367	0.00461	0.00322	0.00749
10	0.04710	0.26643	0.33387	0.01255	0.01859	0.01474	0.03877	0.01912	0.01236	0.17036	0.01162	0.01228	0.00841	0.00540	0.00477	0.00157	0.00666	0.00408	0.00332	0.00799
11	0.07276	0.00950	0.01258	0.00970	0.01394	0.00839	0.00801	0.02636	0.01548	0.73082	0.02102	0.01827	0.01326	0.00675	0.00544	0.00171	0.00469	0.00542	0.00665	0.00922
12	0.00763	0.00521	0.00680	0.00765	0.00838	0.00485	0.00541	0.00886	0.01144	0.03379	0.09721	0.54926	0.09604	0.01593	0.00739	0.02956	0.00335	0.07256	0.02399	0.00469
13	0.06487	0.16636	0.10221	0.03886	0.08812	0.04232	0.03771	0.07446	0.04991	0.20648	0.01629	0.01643	0.05990	0.00632	0.00509	0.00162	0.00590	0.00503	0.00419	0.00794
14	0.01203	0.01010	0.06824	0.04057	0.11456	0.00889	0.08610	0.01508	0.04087	0.12810	0.04855	0.25725	0.03491	0.01198	0.05511	0.00236	0.02554	0.00887	0.02420	0.00669
15	0.00820	0.00581	0.00730	0.00773	0.00883	0.00551	0.00558	0.01066	0.06185	0.04534	0.18824	0.43092	0.12930	0.01452	0.00677	0.00206	0.00326	0.04751	0.00544	0.00517

[dist]
# distance from previous block
# <min> <max>
1	11

[block]
# block no. 4 follows, 43 sequences, length 19
# corresponding to MSA columns:
# 221-239
name=unknown_E
#
# <colnr> <probs for GDERKNQSTAVLIFYWHMCP>
#	G	D	E	R	K	N	Q	S	T	A	V	L	I	F	Y	W	H	M	C	P
0	0.06246	0.21525	0.08559	0.01489	0.12691	0.15045	0.02525	0.06032	0.03066	0.09106	0.04059	0.01307	0.01012	0.00576	0.00516	0.00153	0.02754	0.00431	0.00343	0.02566
1	0.00838	0.00634	0.00781	0.00741	0.00880	0.00630	0.00560	0.01161	0.06867	0.02028	0.49171	0.08703	0.13911	0.01142	0.00692	0.00181	0.04149	0.00979	0.05412	0.00540
2	0.24287	0.21017	0.24447	0.01160	0.01671	0.01522	0.03281	0.04422	0.04075	0.04191	0.00966	0.01100	0.00748	0.00549	0.00504	0.00164	0.04483	0.00378	0.00304	0.00730
3	0.01397	0.03291	0.09516	0.07502	0.13858	0.05510	0.23237	0.09951	0.03655	0.01874	0.01068	0.01353	0.00838	0.00580	0.00725	0.00179	0.10621	0.00518	0.00308	0.04016
4	0.00968	0.00650	0.00798	0.00732	0.00916	0.00606	0.00558	0.01303	0.07297	0.09290	0.50227	0.03989	0.18305	0.01112	0.00637	0.00177	0.00299	0.00962	0.00595	0.00580
5	0.00799	0.00542	0.00623	0.00623	0.00637	0.00546	0.00365	0.00818	0.00828	0.01104	0.01861	0.03578	0.04582	0.72205	0.08248	0.00550	0.00597	0.00803	0.00339	0.00352
6	0.00952	0.00602	0.00748	0.00689	0.00862	0.00542	0.00524	0.01184	0.01483	0.09988	0.50019	0.04015	0.19039	0.01110	0.00627	0.00174	0.00287	0.00959	0.05641	0.00555
7	0.00660	0.00561	0.00569	0.00567	0.00751	0.00470	0.00425	0.00806	0.01276	0.01527	0.08679	0.05279	0.73769	0.01391	0.00654	0.00186	0.00280	0.01162	0.00518	0.00470
8	0.84448	0.01071	0.00814	0.00728	0.01071	0.01242	0.00600	0.01628	0.00943	0.02485	0.00771	0.00900	0.00600	0.00514	0.00343	0.00171	0.00428	0.00300	0.00343	0.00600
9	0.84448	0.01071	0.00814	0.00728	0.01071	0.01242	0.00600	0.01628	0.00943	0.02485	0.00771	0.00900	0.00600	0.00514	0.00343	0.00171	0.00428	0.00300	0.00343	0.00600
10	0.39302	0.01268	0.06139	0.01143	0.01576	0.01228	0.12188	0.08896	0.03299	0.18197	0.01228	0.01286	0.00867	0.00564	0.00473	0.00174	0.00556	0.00442	0.00424	0.00748
11	0.01746	0.01747	0.20470	0.01550	0.04756	0.03330	0.14055	0.22821	0.04395	0.17469	0.01394	0.01450	0.00970	0.00595	0.00564	0.00173	0.00695	0.00516	0.00438	0.00866
12	0.00737	0.00550	0.00685	0.00682	0.00807	0.00498	0.00500	0.00944	0.01413	0.01925	0.48696	0.18051	0.19880	0.01297	0.00663	0.00186	0.00276	0.01139	0.00573	0.00498
13	0.00791	0.00593	0.00890	0.00890	0.00989	0.00692	0.00692	0.00989	0.00890	0.01286	0.01483	0.02176	0.01385	0.04154	0.78341	0.00890	0.01483	0.00593	0.00297	0.00494
14	0.03045	0.07787	0.21830	0.04733	0.15828	0.03559	0.01385	0.12890	0.05295	0.16353	0.01317	0.01393	0.00948	0.00581	0.00526	0.00167	0.00651	0.00468	0.00395	0.00849
15	0.01338	0.07614	0.45505	0.04991	0.02357	0.01368	0.14126	0.07714	0.01330	0.06884	0.01106	0.01279	0.00791	0.00536	0.00542	0.00173	0.00779	0.00463	0.00298	0.00808
16	0.06395	0.00982	0.01272	0.00985	0.01399	0.00894	0.00812	0.08209	0.01632	0.65362	0.04737	0.01875	0.01439	0.00692	0.00550	0.00171	0.00472	0.00556	0.00656	0.00911
17	0.00806	0.00540	0.00690	0.00748	0.00847	0.00491	0.00531	0.00943	0.01198	0.06313	0.12644	0.50711	0.16055	0.01531	0.00684	0.00210	0.00322	0.03706	0.00537	0.00495
18	0.10808	0.08525	0.10616	0.10246	0.08880	0.03700	0.04493	0.15053	0.01461	0.12796	0.01268	0.01400	0.02498	0.00611	0.00588	0.00171	0.05252	0.00471	0.00383	0.00778

[dist]
# distance from previous block
# <min> <max>
0	1

[block]
# block no. 5 follows, 43 sequences, length 14
# corresponding to MSA columns:
# 241-254
name=unknown_F
#
# <colnr> <probs for GDERKNQSTAVLIFYWHMCP>
#	G	D	E	R	K	N	Q	S	T	A	V	L	I	F	Y	W	H	M	C	P
0	0.01327	0.04969	0.07443	0.01148	0.01410	0.04159	0.00992	0.20329	0.01431	0.01974	0.01398	0.09411	0.01296	0.01483	0.15592	0.00319	0.15289	0.02788	0.03137	0.04106
1	0.17710	0.01374	0.13798	0.05378	0.08860	0.01092	0.01064	0.07888	0.01295	0.09088	0.03180	0.01308	0.00941	0.00532	0.00469	0.00146	0.00540	0.00415	0.00366	0.24556
2	0.15856	0.01016	0.05450	0.10290	0.05961	0.00969	0.05927	0.01613	0.05755	0.13461	0.01745	0.13785	0.03958	0.04082	0.03890	0.03923	0.00569	0.00688	0.00409	0.00652
3	0.00956	0.00532	0.00586	0.00572	0.00702	0.00518	0.00429	0.01215	0.01287	0.02113	0.25002	0.02706	0.02597	0.00796	0.00469	0.00143	0.00259	0.00666	0.57935	0.00518
4	0.01504	0.10539	0.10462	0.04280	0.08695	0.09496	0.06045	0.09074	0.17308	0.04746	0.01278	0.01410	0.00993	0.00645	0.00697	0.00176	0.11017	0.00488	0.00366	0.00783
5	0.01367	0.01267	0.04948	0.33392	0.22791	0.04164	0.04797	0.06242	0.04967	0.07009	0.01187	0.01480	0.00896	0.00561	0.00550	0.00174	0.00687	0.00503	0.02262	0.00754
6	0.01020	0.00614	0.00778	0.00715	0.00893	0.00553	0.00543	0.01245	0.01477	0.13211	0.47219	0.08095	0.15843	0.01122	0.00631	0.00177	0.00299	0.00974	0.04020	0.00572
7	0.00865	0.00845	0.06259	0.00950	0.01073	0.00843	0.00783	0.01041	0.01002	0.01406	0.06739	0.12841	0.11039	0.10516	0.25438	0.00458	0.16218	0.00807	0.00361	0.00515
8	0.00737	0.00520	0.00680	0.00742	0.00803	0.00508	0.00513	0.00870	0.01095	0.01513	0.13879	0.44204	0.05108	0.10362	0.11815	0.00339	0.00495	0.01211	0.04148	0.00458
9	0.01378	0.01190	0.01252	0.01127	0.01440	0.01378	0.00877	0.02943	0.76081	0.02317	0.02254	0.02066	0.01691	0.00751	0.00564	0.00188	0.00438	0.00626	0.00564	0.00877
10	0.01324	0.01505	0.16810	0.11822	0.03300	0.04682	0.01241	0.17582	0.09156	0.02076	0.03118	0.06321	0.03957	0.00840	0.00644	0.00191	0.04109	0.10181	0.00409	0.00730
11	0.00765	0.00565	0.00714	0.00677	0.00816	0.00514	0.00507	0.01008	0.01522	0.02113	0.66199	0.04314	0.15883	0.01172	0.00653	0.00176	0.00264	0.01026	0.00595	0.00514
12	0.01366	0.18308	0.22177	0.05867	0.18735	0.02833	0.03465	0.05936	0.04558	0.04672	0.01111	0.01319	0.00876	0.00767	0.05532	0.00207	0.00738	0.00447	0.00301	0.00787
13	0.38038	0.12616	0.09786	0.01003	0.01418	0.13886	0.00912	0.01852	0.04218	0.06765	0.00969	0.01065	0.00748	0.00535	0.00416	0.00157	0.00590	0.00352	0.00337	0.04339

[dist]
# distance from previous block
# <min> <max>
0	9

[block]
# block no. 6 follows, 43 sequences, length 13
# corresponding to MSA columns:
# 264-276
name=unknown_G
#
# <colnr> <probs for GDERKNQSTAVLIFYWHMCP>
#	G	D	E	R	K	N	Q	S	T	A	V	L	I	F	Y	W	H	M	C	P
0	0.05560	0.23540	0.06224	0.01107	0.02737	0.03476	0.06550	0.05826	0.09652	0.04042	0.01365	0.04854	0.01246	0.15690	0.00958	0.00230	0.02901	0.00551	0.02825	0.00664
1	0.01183	0.05266	0.06919	0.00906	0.01143	0.00816	0.02876	0.03211	0.02775	0.13070	0.09710	0.08790	0.02092	0.24454	0.07854	0.00342	0.00591	0.03687	0.00431	0.03885
2	0.07582	0.15194	0.42565	0.01694	0.13642	0.01418	0.04549	0.01700	0.01176	0.01759	0.03251	0.01236	0.00865	0.00528	0.00496	0.00164	0.00714	0.00423	0.00262	0.00781
3	0.00959	0.00520	0.00544	0.00549	0.00641	0.00519	0.00379	0.01145	0.01066	0.01784	0.01842	0.05698	0.01664	0.21136	0.01023	0.00237	0.00332	0.00634	0.58858	0.00467
4	0.01481	0.80869	0.02902	0.00948	0.01421	0.02191	0.00948	0.01658	0.01125	0.01303	0.00770	0.00888	0.00711	0.00474	0.00355	0.00118	0.00592	0.00296	0.00237	0.00711
5	0.02139	0.01020	0.01275	0.01030	0.01422	0.00990	0.00834	0.02775	0.24845	0.54002	0.02207	0.01942	0.01471	0.00706	0.00559	0.00177	0.00461	0.00579	0.00647	0.00922
6	0.00843	0.00608	0.00737	0.00711	0.00723	0.00661	0.00454	0.00880	0.00849	0.01164	0.04909	0.03311	0.01985	0.64033	0.07800	0.00516	0.08332	0.00768	0.00336	0.00381
7	0.00795	0.00533	0.00607	0.00617	0.00619	0.00530	0.00349	0.00803	0.00825	0.01100	0.01845	0.09478	0.02140	0.74511	0.02657	0.00513	0.00520	0.00864	0.00349	0.00344
8	0.01203	0.05320	0.01263	0.00845	0.01334	0.00854	0.00687	0.04233	0.01203	0.01842	0.00986	0.01141	0.00819	0.00423	0.00413	0.00087	0.00428	0.00333	0.00332	0.76254
9	0.01484	0.12290	0.11201	0.07292	0.08100	0.01331	0.01148	0.17831	0.01517	0.09579	0.04659	0.08405	0.01370	0.00743	0.00609	0.00171	0.04844	0.02645	0.00407	0.04375
10	0.01107	0.06646	0.06505	0.01023	0.03358	0.06646	0.00821	0.03892	0.08840	0.04072	0.02512	0.26609	0.10619	0.03125	0.00665	0.00199	0.00485	0.08173	0.00450	0.04252
11	0.03120	0.08290	0.05286	0.01116	0.03575	0.01015	0.06584	0.03522	0.08883	0.05087	0.06031	0.21002	0.01929	0.00898	0.00595	0.00169	0.02731	0.02743	0.00420	0.17002
12	0.06238	0.08751	0.06340	0.01589	0.20495	0.01135	0.01072	0.07860	0.01332	0.14446	0.01536	0.13264	0.01366	0.00930	0.04958	0.00207	0.00591	0.00626	0.00405	0.06858

[dist]
# distance from previous block
# <min> <max>
27	110

[block]
# block no. 7 follows, 43 sequences, length 95
# corresponding to MSA columns:
# 393-487
name=unknown_H
#
# <colnr> <probs for GDERKNQSTAVLIFYWHMCP>
#	G	D	E	R	K	N	Q	S	T	A	V	L	I	F	Y	W	H	M	C	P
0	0.01531	0.01846	0.08324	0.05626	0.10928	0.32624	0.01116	0.01808	0.02744	0.01603	0.01048	0.03389	0.00884	0.00555	0.00492	0.00138	0.00729	0.00423	0.03041	0.21151
1	0.01255	0.03230	0.05069	0.01466	0.03613	0.01496	0.07490	0.01521	0.04450	0.03260	0.00919	0.01277	0.00811	0.00793	0.01322	0.00205	0.49578	0.00479	0.00282	0.11483
2	0.03890	0.02805	0.75103	0.01550	0.02353	0.01285	0.01998	0.01750	0.01162	0.01778	0.00986	0.01160	0.00698	0.00526	0.00520	0.00175	0.00805	0.00406	0.00237	0.00811
3	0.01111	0.02865	0.77667	0.01579	0.02397	0.01286	0.02046	0.01754	0.01169	0.01754	0.00994	0.01169	0.00702	0.00526	0.00526	0.00175	0.00818	0.00409	0.00234	0.00818
4	0.00993	0.00730	0.01105	0.06264	0.03610	0.00742	0.05476	0.01253	0.02565	0.05704	0.04839	0.21086	0.02697	0.01393	0.03304	0.00246	0.02107	0.32531	0.02795	0.00561
5	0.01301	0.01540	0.05749	0.02309	0.02878	0.01397	0.72634	0.01773	0.01303	0.01773	0.01116	0.01483	0.00836	0.00469	0.00649	0.00186	0.00930	0.00645	0.00279	0.00749
6	0.00791	0.00593	0.00890	0.00890	0.00989	0.00692	0.00692	0.00989	0.00890	0.01286	0.01483	0.02176	0.01385	0.04154	0.78341	0.00890	0.01483	0.00593	0.00297	0.00494
7	0.00675	0.00482	0.00643	0.00771	0.00803	0.00450	0.00514	0.00771	0.01060	0.01414	0.03053	0.80175	0.03663	0.01735	0.00707	0.00225	0.00321	0.01574	0.00514	0.00450
8	0.01591	0.36118	0.14844	0.05415	0.01796	0.20959	0.01200	0.04174	0.01298	0.04255	0.00909	0.01055	0.00743	0.00540	0.00488	0.00145	0.03112	0.00362	0.00276	0.00719
9	0.00686	0.00494	0.00653	0.00776	0.00820	0.00461	0.00531	0.00793	0.01081	0.01431	0.03152	0.72947	0.06668	0.01710	0.00708	0.00225	0.00330	0.05565	0.00514	0.00454
10	0.00774	0.00577	0.00606	0.00590	0.00764	0.00513	0.00445	0.02627	0.01323	0.01754	0.15853	0.04478	0.50742	0.01210	0.00605	0.00174	0.00281	0.01013	0.15173	0.00496
11	0.01200	0.04273	0.06851	0.49181	0.05526	0.01308	0.16247	0.03574	0.01212	0.03833	0.01051	0.01443	0.00784	0.00537	0.00564	0.00180	0.00763	0.00514	0.00274	0.00685
12	0.01324	0.17166	0.11871	0.08826	0.24875	0.01452	0.04080	0.08666	0.01285	0.01752	0.01054	0.01354	0.00873	0.00975	0.10090	0.00250	0.02595	0.00462	0.00288	0.00762
13	0.00665	0.00561	0.00575	0.00572	0.00754	0.00472	0.00429	0.00814	0.01286	0.01552	0.11109	0.05238	0.71323	0.01382	0.00654	0.00186	0.00279	0.01156	0.00522	0.00472
14	0.00692	0.00520	0.00646	0.00739	0.00824	0.00474	0.00528	0.00817	0.01138	0.01462	0.03744	0.51876	0.23752	0.01622	0.00699	0.00218	0.00330	0.08945	0.00514	0.00461
15	0.01442	0.32802	0.23940	0.02740	0.05693	0.03792	0.02679	0.06493	0.05121	0.05743	0.01093	0.02720	0.00878	0.00566	0.00496	0.00154	0.02143	0.00423	0.00307	0.00776
16	0.01454	0.03528	0.21067	0.03844	0.01998	0.21847	0.10714	0.03790	0.05184	0.01632	0.01013	0.01253	0.00806	0.00637	0.00790	0.00180	0.16544	0.00458	0.02551	0.00710
17	0.84448	0.01071	0.00814	0.00728	0.01071	0.01242	0.00600	0.01628	0.00943	0.02485	0.00771	0.00900	0.00600	0.00514	0.00343	0.00171	0.00428	0.00300	0.00343	0.00600
18	0.01115	0.03405	0.00990	0.00914	0.05069	0.04311	0.00655	0.01374	0.02961	0.11654	0.46794	0.03514	0.11216	0.02784	0.00665	0.00180	0.00367	0.00869	0.00557	0.00604
19	0.01123	0.03759	0.04642	0.23771	0.19463	0.01177	0.14461	0.01453	0.01208	0.01648	0.08208	0.10664	0.01532	0.00725	0.00638	0.00184	0.03661	0.00682	0.00322	0.00681
20	0.01141	0.01081	0.01832	0.57105	0.25174	0.01255	0.01585	0.01498	0.01152	0.01530	0.01001	0.01446	0.00779	0.00536	0.00552	0.00179	0.00715	0.00493	0.00254	0.00692
21	0.62607	0.01244	0.06465	0.00919	0.01297	0.01288	0.03422	0.03994	0.09092	0.02398	0.00975	0.01084	0.00745	0.00552	0.00424	0.00175	0.01933	0.00365	0.00361	0.00661
22	0.01481	0.80869	0.02902	0.00948	0.01421	0.02191	0.00948	0.01658	0.01125	0.01303	0.00770	0.00888	0.00711	0.00474	0.00355	0.00118	0.00592	0.00296	0.00237	0.00711
23	0.01046	0.00984	0.01661	0.79205	0.03814	0.01230	0.01538	0.01415	0.01107	0.01415	0.00984	0.01477	0.00738	0.00554	0.00554	0.00185	0.00738	0.00492	0.00246	0.00615
24	0.01378	0.01190	0.01252	0.01127	0.01440	0.01378	0.00877	0.02943	0.76081	0.02317	0.02254	0.02066	0.01691	0.00751	0.00564	0.00188	0.00438	0.00626	0.00564	0.00877
25	0.76713	0.01156	0.00976	0.00842	0.01195	0.04299	0.04629	0.01659	0.00987	0.02402	0.00793	0.00936	0.00617	0.00514	0.00366	0.00171	0.00478	0.00321	0.00337	0.00609
26	0.01356	0.01167	0.01234	0.01112	0.01418	0.01347	0.00864	0.02875	0.73415	0.02313	0.04921	0.02140	0.01817	0.00765	0.00567	0.00187	0.00432	0.00640	0.00565	0.00864
27	0.84448	0.01071	0.00814	0.00728	0.01071	0.01242	0.00600	0.01628	0.00943	0.02485	0.00771	0.00900	0.00600	0.00514	0.00343	0.00171	0.00428	0.00300	0.00343	0.00600
28	0.01378	0.01190	0.01252	0.01127	0.01440	0.01378	0.00877	0.02943	0.76081	0.02317	0.02254	0.02066	0.01691	0.00751	0.00564	0.00188	0.00438	0.00626	0.00564	0.00877
29	0.00794	0.00644	0.00914	0.08085	0.09860	0.00630	0.00734	0.00961	0.01152	0.01518	0.06622	0.45571	0.16212	0.01394	0.00664	0.00206	0.00391	0.02659	0.00467	0.00522
30	0.02105	0.01551	0.01662	0.01274	0.01717	0.01717	0.01053	0.75235	0.02604	0.03490	0.01330	0.01330	0.00942	0.00665	0.00554	0.00166	0.00609	0.00499	0.00554	0.00942
31	0.00954	0.00826	0.01248	0.03380	0.24457	0.00804	0.02618	0.01224	0.03728	0.01745	0.17145	0.23029	0.14436	0.01093	0.00630	0.00187	0.00434	0.00988	0.00449	0.00623
32	0.00805	0.00537	0.00604	0.00604	0.00604	0.00537	0.00336	0.00805	0.00805	0.01074	0.01745	0.03624	0.02013	0.80536	0.02819	0.00537	0.00537	0.00805	0.00336	0.00336
33	0.84448	0.01071	0.00814	0.00728	0.01071	0.01242	0.00600	0.01628	0.00943	0.02485	0.00771	0.00900	0.00600	0.00514	0.00343	0.00171	0.00428	0.00300	0.00343	0.00600
34	0.01870	0.00909	0.01155	0.00950	0.01287	0.00866	0.00761	0.02377	0.17142	0.44799	0.19023	0.02431	0.02307	0.00800	0.00580	0.00175	0.00417	0.00672	0.00643	0.00834
35	0.01295	0.01455	0.03111	0.06628	0.02899	0.01390	0.68484	0.01792	0.03756	0.01772	0.01150	0.01512	0.00863	0.00481	0.00645	0.00187	0.00906	0.00644	0.00288	0.00744
36	0.00881	0.00629	0.00879	0.01007	0.01129	0.00627	0.00872	0.01127	0.01263	0.01644	0.02939	0.10229	0.03213	0.01541	0.00762	0.00253	0.00500	0.69488	0.00510	0.00507
37	0.01086	0.01010	0.01677	0.74868	0.05705	0.01247	0.01528	0.03617	0.01156	0.01487	0.00996	0.01469	0.00748	0.00555	0.00554	0.00183	0.00732	0.00492	0.00256	0.00632
38	0.00804	0.00544	0.00637	0.00637	0.00649	0.00555	0.00377	0.00827	0.00815	0.01099	0.01714	0.03455	0.01940	0.71618	0.11637	0.00578	0.00647	0.00781	0.00331	0.00354
39	0.02081	0.04209	0.01691	0.01282	0.01707	0.10775	0.01051	0.64268	0.02435	0.03169	0.01256	0.01277	0.00908	0.00648	0.00541	0.00162	0.00655	0.00475	0.00512	0.00899
40	0.00675	0.00482	0.00643	0.00771	0.00803	0.00450	0.00514	0.00771	0.01060	0.01414	0.03053	0.80175	0.03663	0.01735	0.00707	0.00225	0.00321	0.01574	0.00514	0.00450
41	0.01175	0.00981	0.01627	0.72177	0.03599	0.01193	0.01473	0.01530	0.01150	0.08248	0.01092	0.01513	0.00795	0.00566	0.00554	0.00183	0.00714	0.00498	0.00286	0.00645
42	0.03717	0.34627	0.08157	0.01264	0.03049	0.33585	0.01105	0.01878	0.01296	0.01401	0.00826	0.00983	0.00712	0.00545	0.00509	0.00142	0.04913	0.00344	0.00260	0.00686
43	0.26265	0.28574	0.09193	0.01072	0.01490	0.22246	0.00984	0.01807	0.01194	0.01712	0.00815	0.00949	0.00678	0.00517	0.00407	0.00146	0.00675	0.00325	0.00281	0.00670
44	0.01134	0.00836	0.01023	0.08512	0.01356	0.00881	0.00750	0.01801	0.24930	0.08722	0.33128	0.03133	0.09639	0.00940	0.00607	0.00180	0.00384	0.00809	0.00558	0.00675
45	0.00774	0.00533	0.00621	0.00651	0.00676	0.00520	0.00400	0.00813	0.00907	0.01194	0.02322	0.18154	0.07796	0.56589	0.02177	0.00441	0.00477	0.04193	0.00390	0.00374
46	0.01148	0.00984	0.01148	0.00820	0.01312	0.00738	0.00656	0.01395	0.01148	0.01805	0.00984	0.01148	0.00820	0.00410	0.00410	0.00082	0.00410	0.00328	0.00328	0.83922
47	0.00678	0.00484	0.00645	0.00769	0.00804	0.00452	0.00514	0.00779	0.01075	0.01436	0.05112	0.78051	0.03707	0.01718	0.00705	0.00224	0.00320	0.01558	0.00517	0.00452
48	0.00675	0.00482	0.00643	0.00771	0.00803	0.00450	0.00514	0.00771	0.01060	0.01414	0.03053	0.80175	0.03663	0.01735	0.00707	0.00225	0.00321	0.01574	0.00514	0.00450
49	0.01378	0.01190	0.01252	0.01127	0.01440	0.01378	0.00877	0.02943	0.76081	0.02317	0.02254	0.02066	0.01691	0.00751	0.00564	0.00188	0.00438	0.00626	0.00564	0.00877
50	0.01399	0.01201	0.01265	0.01132	0.01449	0.01388	0.00882	0.05119	0.73869	0.02352	0.02226	0.02044	0.01668	0.00749	0.00563	0.00187	0.00443	0.00622	0.00563	0.00879
51	0.01371	0.01316	0.02248	0.03399	0.77081	0.01316	0.01700	0.01700	0.01261	0.01809	0.01042	0.01371	0.00877	0.00493	0.00548	0.00164	0.00658	0.00493	0.00274	0.00877
52	0.01098	0.01037	0.01755	0.67090	0.15524	0.01244	0.01564	0.01461	0.01132	0.01478	0.00994	0.01460	0.00760	0.00544	0.00553	0.00181	0.00725	0.00492	0.00251	0.00657
53	0.00865	0.00651	0.00810	0.00755	0.00911	0.00639	0.00571	0.01304	0.11734	0.02234	0.66620	0.03854	0.04743	0.01080	0.00641	0.00176	0.00285	0.00950	0.00603	0.00571
54	0.00805	0.00537	0.00604	0.00604	0.00604	0.00537	0.00336	0.00805	0.00805	0.01074	0.01745	0.03624	0.02013	0.80536	0.02819	0.00537	0.00537	0.00805	0.00336	0.00336
55	0.00948	0.00481	0.00718	0.00724	0.00726	0.00479	0.00483	0.00724	0.00739	0.00985	0.01067	0.05631	0.01098	0.01915	0.02091	0.79678	0.00473	0.00536	0.00254	0.00251
56	0.01098	0.01038	0.01756	0.67003	0.15608	0.01244	0.01564	0.01461	0.01132	0.01479	0.00994	0.01460	0.00761	0.00544	0.00553	0.00181	0.00725	0.00492	0.00251	0.00657
57	0.84448	0.01071	0.00814	0.00728	0.01071	0.01242	0.00600	0.01628	0.00943	0.02485	0.00771	0.00900	0.00600	0.00514	0.00343	0.00171	0.00428	0.00300	0.00343	0.00600
58	0.00774	0.00563	0.00728	0.00692	0.00823	0.00518	0.00517	0.01024	0.01537	0.02160	0.70989	0.06486	0.08782	0.01164	0.00655	0.00176	0.00264	0.01027	0.00602	0.00518
59	0.02269	0.00896	0.01209	0.00943	0.01338	0.00775	0.00773	0.02483	0.01568	0.68158	0.07796	0.02223	0.05449	0.00754	0.00569	0.00172	0.00446	0.00620	0.00671	0.00888
60	0.01111	0.02865	0.77667	0.01579	0.02397	0.01286	0.02046	0.01754	0.01169	0.01754	0.00994	0.01169	0.00702	0.00526	0.00526	0.00175	0.00818	0.00409	0.00234	0.00818
61	0.01111	0.02865	0.77667	0.01579	0.02397	0.01286	0.02046	0.01754	0.01169	0.01754	0.00994	0.01169	0.00702	0.00526	0.00526	0.00175	0.00818	0.00409	0.00234	0.00818
62	0.00675	0.00482	0.00643	0.00771	0.00803	0.00450	0.00514	0.00771	0.01060	0.01414	0.03053	0.80175	0.03663	0.01735	0.00707	0.00225	0.00321	0.01574	0.00514	0.00450
63	0.00677	0.00488	0.00642	0.00760	0.00802	0.00453	0.00510	0.00780	0.01084	0.01441	0.05357	0.74595	0.06956	0.01702	0.00703	0.00222	0.00318	0.01539	0.00517	0.00453
64	0.00962	0.00481	0.00722	0.00722	0.00722	0.00481	0.00481	0.00722	0.00722	0.00962	0.00962	0.01684	0.00962	0.01924	0.02165	0.83886	0.00481	0.00481	0.00241	0.00241
65	0.00805	0.00537	0.00604	0.00604	0.00604	0.00537	0.00336	0.00805	0.00805	0.01074	0.01745	0.03624	0.02013	0.80536	0.02819	0.00537	0.00537	0.00805	0.00336	0.00336
66	0.00708	0.00565	0.00636	0.00624	0.00789	0.00493	0.00472	0.00895	0.01371	0.01759	0.30829	0.04936	0.48965	0.01311	0.00658	0.00185	0.00281	0.03484	0.00548	0.00489
67	0.01951	0.01392	0.01642	0.04845	0.06663	0.01543	0.01095	0.48914	0.04795	0.12247	0.01381	0.01424	0.00989	0.00682	0.00668	0.00175	0.07685	0.00509	0.00511	0.00891
68	0.84448	0.01071	0.00814	0.00728	0.01071	0.01242	0.00600	0.01628	0.00943	0.02485	0.00771	0.00900	0.00600	0.00514	0.00343	0.00171	0.00428	0.00300	0.00343	0.00600
69	0.01770	0.25858	0.01895	0.01195	0.04011	0.22872	0.00966	0.19953	0.01634	0.03990	0.01095	0.01203	0.00871	0.00573	0.00460	0.00141	0.00670	0.00401	0.09703	0.00739
70	0.01378	0.01190	0.01252	0.01127	0.01440	0.01378	0.00877	0.02943	0.76081	0.02317	0.02254	0.02066	0.01691	0.00751	0.00564	0.00188	0.00438	0.00626	0.00564	0.00877
71	0.01955	0.18264	0.01851	0.01309	0.01654	0.52493	0.01043	0.12084	0.01621	0.01637	0.00903	0.01022	0.00744	0.00564	0.00478	0.00141	0.00864	0.00364	0.00312	0.00697
72	0.16210	0.00964	0.01206	0.00942	0.01356	0.00886	0.00778	0.02520	0.01478	0.64909	0.01948	0.01720	0.01242	0.00657	0.00521	0.00171	0.00464	0.00514	0.00628	0.00885
73	0.03636	0.01794	0.01873	0.09126	0.28334	0.31510	0.04057	0.01837	0.01318	0.01561	0.00927	0.01211	0.00776	0.00579	0.00663	0.00167	0.09195	0.00440	0.00275	0.00721
74	0.01232	0.06526	0.09223	0.01049	0.01369	0.01161	0.00911	0.02102	0.36212	0.06302	0.05540	0.09142	0.08541	0.01056	0.04793	0.00223	0.02668	0.00720	0.00484	0.00745
75	0.00675	0.00482	0.00643	0.00771	0.00803	0.00450	0.00514	0.00771	0.01060	0.01414	0.03053	0.80175	0.03663	0.01735	0.00707	0.00225	0.00321	0.01574	0.00514	0.00450
76	0.01578	0.01316	0.02516	0.05634	0.18837	0.01256	0.38330	0.03500	0.01375	0.17982	0.01329	0.01546	0.00960	0.00527	0.00603	0.00178	0.00759	0.00587	0.00370	0.00816
77	0.01616	0.28778	0.20345	0.01340	0.01885	0.07317	0.11804	0.01951	0.01289	0.16960	0.01168	0.01253	0.00861	0.00536	0.00491	0.00154	0.00701	0.00432	0.00337	0.00784
78	0.01322	0.01260	0.02142	0.06555	0.70068	0.01269	0.01633	0.01641	0.01244	0.01772	0.01140	0.05339	0.01011	0.00559	0.00557	0.00168	0.00645	0.00548	0.00285	0.00844
79	0.29629	0.23149	0.01733	0.01231	0.07880	0.25140	0.00932	0.01821	0.01212	0.01761	0.00820	0.00967	0.00688	0.00519	0.00412	0.00148	0.00667	0.00333	0.00291	0.00667
80	0.00671	0.00562	0.00584	0.00578	0.00758	0.00475	0.00434	0.00827	0.01301	0.01588	0.14649	0.05178	0.67760	0.01368	0.00654	0.00185	0.00278	0.01148	0.00526	0.00475
81	0.05741	0.01234	0.01742	0.08811	0.15249	0.02923	0.01290	0.02896	0.00998	0.01531	0.00823	0.01246	0.00752	0.00809	0.01347	0.00216	0.50992	0.00475	0.00261	0.00662
82	0.00655	0.00561	0.00561	0.00561	0.00748	0.00468	0.00421	0.00795	0.01262	0.01496	0.05610	0.05330	0.76857	0.01403	0.00655	0.00187	0.00281	0.01169	0.00514	0.00468
83	0.00962	0.00481	0.00722	0.00722	0.00722	0.00481	0.00481	0.00722	0.00722	0.00962	0.00962	0.01684	0.00962	0.01924	0.02165	0.83886	0.00481	0.00481	0.00241	0.00241
84	0.01462	0.76946	0.06663	0.00979	0.01471	0.02146	0.01003	0.01663	0.01128	0.01326	0.00781	0.00903	0.00710	0.00476	0.00364	0.00121	0.00604	0.00302	0.00237	0.00716
85	0.84448	0.01071	0.00814	0.00728	0.01071	0.01242	0.00600	0.01628	0.00943	0.02485	0.00771	0.00900	0.00600	0.00514	0.00343	0.00171	0.00428	0.00300	0.00343	0.00600
86	0.02069	0.02640	0.01569	0.01427	0.01712	0.78313	0.01070	0.02212	0.01569	0.01355	0.00856	0.00999	0.00713	0.00571	0.00499	0.00143	0.00999	0.00357	0.00285	0.00642
87	0.77400	0.01093	0.00875	0.00766	0.01117	0.01254	0.00631	0.05626	0.01052	0.04930	0.00846	0.00954	0.00643	0.00528	0.00361	0.00171	0.00440	0.00319	0.00365	0.00629
88	0.02077	0.01537	0.01646	0.01268	0.01707	0.01704	0.01046	0.72376	0.05510	0.03444	0.01366	0.01359	0.00971	0.00668	0.00554	0.00167	0.00603	0.00504	0.00554	0.00939
89	0.01077	0.01011	0.01704	0.66096	0.13664	0.01214	0.01523	0.01431	0.01127	0.01469	0.01066	0.04278	0.00862	0.00588	0.00558	0.00183	0.00712	0.00531	0.00259	0.00645
90	0.01230	0.06074	0.68735	0.01507	0.02281	0.01290	0.01907	0.01821	0.01199	0.07402	0.01073	0.01211	0.00752	0.00536	0.00521	0.00173	0.00783	0.00415	0.00268	0.00823
91	0.00799	0.00564	0.00739	0.00739	0.00785	0.00610	0.00504	0.00892	0.00845	0.01174	0.01622	0.02942	0.01717	0.44569	0.38382	0.00703	0.00983	0.00706	0.00317	0.00410
92	0.00675	0.00482	0.00643	0.00771	0.00803	0.00450	0.00514	0.00771	0.01060	0.01414	0.03053	0.80175	0.03663	0.01735	0.00707	0.00225	0.00321	0.01574	0.00514	0.00450
93	0.03759	0.67332	0.08849	0.01047	0.01544	0.02041	0.03677	0.01704	0.03171	0.01417	0.00841	0.00965	0.00738	0.00486	0.00385	0.00129	0.00614	0.00327	0.00250	0.00722
94	0.09665	0.01456	0.01781	0.08016	0.19862	0.05330	0.04179	0.38172	0.01902	0.02652	0.01148	0.01300	0.00862	0.00588	0.00534	0.00167	0.00646	0.00477	0.00418	0.00845

[dist]
# distance from previous block
# <min> <max>
0	10

[block]
# block no. 8 follows, 43 sequences, length 84
# corresponding to MSA columns:
# 498-581
name=unknown_I
#
# <colnr> <probs for GDERKNQSTAVLIFYWHMCP>
#	G	D	E	R	K	N	Q	S	T	A	V	L	I	F	Y	W	H	M	C	P
0	0.00849	0.00746	0.01104	0.37651	0.02207	0.00827	0.00970	0.01096	0.01168	0.01481	0.06672	0.17220	0.23803	0.01050	0.00617	0.00192	0.00503	0.00916	0.00393	0.00537
1	0.84448	0.01071	0.00814	0.00728	0.01071	0.01242	0.00600	0.01628	0.00943	0.02485	0.00771	0.00900	0.00600	0.00514	0.00343	0.00171	0.00428	0.00300	0.00343	0.00600
2	0.00675	0.00482	0.00643	0.00771	0.00803	0.00450	0.00514	0.00771	0.01060	0.01414	0.03053	0.80175	0.03663	0.01735	0.00707	0.00225	0.00321	0.01574	0.00514	0.00450
3	0.16012	0.01252	0.03366	0.01326	0.03452	0.01331	0.13246	0.09778	0.26270	0.03629	0.04348	0.01652	0.01274	0.00749	0.02652	0.00200	0.05488	0.00547	0.00433	0.02996
4	0.03182	0.08751	0.13378	0.01399	0.01645	0.01658	0.02717	0.10057	0.02928	0.01702	0.00887	0.01208	0.00769	0.00796	0.01256	0.00208	0.46016	0.00460	0.00287	0.00696
5	0.01147	0.01148	0.01652	0.71503	0.03606	0.08864	0.01492	0.01494	0.01153	0.01409	0.00972	0.01429	0.00736	0.00555	0.00548	0.00180	0.00764	0.00479	0.00250	0.00618
6	0.01102	0.04563	0.73009	0.01525	0.02312	0.01276	0.01959	0.01715	0.01172	0.01734	0.01165	0.01322	0.03611	0.00558	0.00527	0.00175	0.00793	0.00436	0.00245	0.00803
7	0.01162	0.01933	0.44734	0.01237	0.01798	0.01007	0.01429	0.01662	0.02992	0.09974	0.22016	0.02187	0.04028	0.00737	0.00568	0.00175	0.00606	0.00612	0.00400	0.00743
8	0.71442	0.08949	0.01025	0.00767	0.01110	0.01302	0.00651	0.01603	0.00980	0.02320	0.00895	0.01205	0.00759	0.00568	0.00368	0.00171	0.00449	0.04487	0.00342	0.00606
9	0.01481	0.80869	0.02902	0.00948	0.01421	0.02191	0.00948	0.01658	0.01125	0.01303	0.00770	0.00888	0.00711	0.00474	0.00355	0.00118	0.00592	0.00296	0.00237	0.00711
10	0.00675	0.00482	0.00643	0.00771	0.00803	0.00450	0.00514	0.00771	0.01060	0.01414	0.03053	0.80175	0.03663	0.01735	0.00707	0.00225	0.00321	0.01574	0.00514	0.00450
