[name]
unknown

[dist]
# distance from previous block
# <min> <max>
0	686

[block]
# block no. 0 follows, 41 sequences, length 13
# corresponding to MSA columns:
# 726-738
name=unknown_A
#
# <colnr> <probs for GDERKNQSTAVLIFYWHMCP>
#	G	D	E	R	K	N	Q	S	T	A	V	L	I	F	Y	W	H	M	C	P
0	0.01380	0.01511	0.16428	0.06923	0.06667	0.01175	0.05096	0.12308	0.07295	0.04960	0.01450	0.01949	0.01197	0.00668	0.00560	0.00167	0.00622	0.08267	0.00395	0.20982
1	0.01278	0.07868	0.04945	0.00954	0.01254	0.00903	0.04678	0.06076	0.01387	0.12915	0.11788	0.14077	0.10181	0.06941	0.00767	0.00204	0.00468	0.01936	0.04523	0.06856
2	0.01297	0.06862	0.05326	0.01022	0.02499	0.01077	0.00838	0.10336	0.16034	0.06055	0.06959	0.13661	0.10221	0.00916	0.00574	0.00171	0.00459	0.00769	0.00489	0.14434
3	0.01386	0.00978	0.01234	0.01222	0.10017	0.00957	0.00835	0.12040	0.08898	0.11373	0.19342	0.07334	0.05831	0.05051	0.00717	0.00191	0.00453	0.00753	0.00524	0.10865
4	0.05287	0.02862	0.00866	0.00827	0.00957	0.00659	0.00615	0.01050	0.01088	0.04242	0.06973	0.30167	0.05688	0.02099	0.17950	0.09368	0.00642	0.03810	0.00436	0.04413
5	0.01243	0.11151	0.29880	0.01687	0.13606	0.01287	0.06795	0.01732	0.05507	0.04649	0.05879	0.07313	0.05388	0.00721	0.00567	0.00178	0.00664	0.00623	0.00348	0.00780
6	0.07550	0.11534	0.29020	0.01311	0.01881	0.01276	0.06533	0.02059	0.04807	0.22054	0.01497	0.05561	0.01125	0.00653	0.00538	0.00177	0.00653	0.00534	0.00411	0.00827
7	0.01212	0.00693	0.00861	0.00830	0.01019	0.00635	0.00614	0.05742	0.01364	0.18919	0.03439	0.40083	0.19523	0.01397	0.00673	0.00207	0.00376	0.01221	0.00574	0.00617
8	0.04888	0.01388	0.10623	0.03611	0.32198	0.01225	0.01379	0.07006	0.01438	0.14094	0.10038	0.01781	0.01474	0.00669	0.00652	0.00179	0.05547	0.00563	0.00408	0.00837
9	0.01208	0.01224	0.04668	0.37838	0.20634	0.05320	0.01440	0.01630	0.06480	0.01615	0.01255	0.04527	0.01065	0.04220	0.04316	0.00235	0.00750	0.00568	0.00303	0.00705
10	0.01664	0.01830	0.01614	0.18445	0.07480	0.34840	0.01210	0.02141	0.14570	0.03297	0.02904	0.01467	0.01055	0.00648	0.00613	0.00173	0.04493	0.00485	0.00351	0.00720
11	0.00839	0.00568	0.00712	0.00742	0.00863	0.00511	0.00531	0.00999	0.01307	0.06469	0.21865	0.39117	0.20364	0.01490	0.00694	0.00207	0.00317	0.01317	0.00567	0.00520
12	0.08899	0.01792	0.23160	0.01345	0.01846	0.06187	0.07732	0.13244	0.09639	0.08617	0.04191	0.04659	0.01264	0.00680	0.00554	0.00179	0.00658	0.00559	0.03993	0.00804

[dist]
# distance from previous block
# <min> <max>
2	25

[block]
# block no. 1 follows, 41 sequences, length 25
# corresponding to MSA columns:
# 764-788
name=unknown_B
#
# <colnr> <probs for GDERKNQSTAVLIFYWHMCP>
#	G	D	E	R	K	N	Q	S	T	A	V	L	I	F	Y	W	H	M	C	P
0	0.01213	0.01980	0.38656	0.06125	0.02137	0.01195	0.07484	0.05321	0.08334	0.04663	0.08359	0.04777	0.05787	0.00730	0.00589	0.00186	0.00686	0.00625	0.00374	0.00780
1	0.01270	0.01167	0.04251	0.12322	0.23312	0.03481	0.01196	0.02640	0.15347	0.05277	0.02962	0.13354	0.06219	0.02726	0.00675	0.00198	0.01683	0.00752	0.00415	0.00750
2	0.05860	0.00959	0.01193	0.03921	0.01372	0.00996	0.00820	0.11245	0.06159	0.24580	0.19406	0.06205	0.04345	0.01038	0.03725	0.00216	0.05910	0.00728	0.00568	0.00756
3	0.01043	0.00804	0.00893	0.00822	0.01020	0.03500	0.00625	0.05769	0.09765	0.04980	0.40508	0.08258	0.17490	0.01146	0.00652	0.00185	0.00355	0.00985	0.00588	0.00612
4	0.01408	0.01450	0.12271	0.02872	0.15037	0.03906	0.11608	0.04385	0.05872	0.09716	0.01350	0.01622	0.01060	0.01267	0.14711	0.00312	0.04671	0.00540	0.00358	0.05583
5	0.11093	0.01358	0.01427	0.01172	0.01562	0.01518	0.00946	0.35477	0.28248	0.07146	0.01730	0.03030	0.01284	0.00722	0.00554	0.00182	0.00532	0.00562	0.00558	0.00900
6	0.09082	0.06144	0.01669	0.01523	0.08614	0.42094	0.01094	0.11910	0.09119	0.01939	0.01102	0.01210	0.00876	0.00604	0.00513	0.00159	0.00813	0.00421	0.00363	0.00752
7	0.01733	0.08617	0.02009	0.01377	0.01861	0.04643	0.20466	0.02113	0.06052	0.24243	0.01482	0.01537	0.01064	0.00560	0.00545	0.00155	0.00634	0.00517	0.00441	0.19951
8	0.08920	0.01125	0.01593	0.01794	0.24489	0.02038	0.04450	0.01809	0.06179	0.12212	0.09195	0.05194	0.01582	0.00687	0.00602	0.00168	0.03584	0.00593	0.00422	0.13363
9	0.01300	0.01847	0.26022	0.24667	0.24499	0.04867	0.01760	0.05123	0.01305	0.01791	0.01048	0.01361	0.00801	0.00551	0.00559	0.00179	0.00771	0.00475	0.00275	0.00799
10	0.04882	0.00910	0.01294	0.01685	0.25147	0.00919	0.00970	0.01467	0.10167	0.01911	0.15719	0.24191	0.06288	0.01070	0.00630	0.00194	0.00450	0.00961	0.00467	0.00681
11	0.00832	0.00654	0.00760	0.00770	0.00925	0.00630	0.00576	0.01194	0.10935	0.01818	0.21105	0.19428	0.27983	0.03232	0.00736	0.00212	0.00339	0.06765	0.00556	0.00548
12	0.01442	0.01187	0.01699	0.20092	0.09311	0.04518	0.09105	0.06787	0.07674	0.10103	0.01545	0.04965	0.01284	0.00704	0.00585	0.00178	0.00643	0.06214	0.00405	0.11560
13	0.01080	0.01017	0.01716	0.78523	0.03940	0.01271	0.01589	0.01461	0.01144	0.01461	0.01017	0.01525	0.00762	0.00572	0.00572	0.00191	0.00762	0.00508	0.00254	0.00635
14	0.01149	0.00619	0.00822	0.00756	0.00905	0.00566	0.00558	0.01208	0.01263	0.14270	0.25738	0.03191	0.14733	0.01425	0.01207	0.29411	0.00389	0.00796	0.00493	0.00501
15	0.00716	0.00514	0.00650	0.00750	0.00792	0.00480	0.00493	0.00804	0.01073	0.01413	0.03181	0.61012	0.10057	0.13942	0.01065	0.00279	0.00363	0.01464	0.00502	0.00448
16	0.13514	0.01149	0.01569	0.47322	0.02954	0.01356	0.01306	0.16711	0.01464	0.05736	0.01119	0.01427	0.00817	0.00596	0.00540	0.00184	0.00675	0.00484	0.00357	0.00720
17	0.01597	0.01526	0.01545	0.05373	0.05202	0.16470	0.04734	0.07514	0.39235	0.04142	0.01752	0.01769	0.01335	0.00858	0.04189	0.00215	0.00683	0.00567	0.00469	0.00825
18	0.01879	0.01573	0.01441	0.01217	0.01589	0.18138	0.00958	0.15649	0.29885	0.13923	0.01745	0.01666	0.01277	0.00686	0.00555	0.00170	0.00616	0.00531	0.00521	0.05980
19	0.04323	0.01432	0.01507	0.01215	0.01624	0.05064	0.00984	0.37511	0.21767	0.15871	0.01742	0.01647	0.01235	0.00705	0.00567	0.00178	0.00571	0.00548	0.00579	0.00930
20	0.21566	0.01051	0.01344	0.05140	0.12031	0.01075	0.03023	0.03064	0.01287	0.10686	0.13768	0.01799	0.01626	0.00673	0.00600	0.00167	0.05643	0.00533	0.00419	0.14506
21	0.01162	0.00832	0.00937	0.00962	0.05657	0.05125	0.00664	0.04057	0.01396	0.12566	0.11290	0.18255	0.28842	0.04700	0.00750	0.00208	0.00416	0.01043	0.00531	0.00606
22	0.01482	0.01176	0.01682	0.51481	0.07460	0.05965	0.01412	0.06792	0.01369	0.13839	0.01238	0.01546	0.00890	0.00599	0.00569	0.00183	0.00720	0.00511	0.00354	0.00731
23	0.07474	0.01158	0.01743	0.21600	0.27076	0.01230	0.02848	0.06364	0.04257	0.13896	0.01344	0.01563	0.00999	0.00589	0.00547	0.00176	0.00623	0.00516	0.05190	0.00807
24	0.12683	0.11060	0.06095	0.13613	0.05650	0.04838	0.03832	0.06242	0.17084	0.01983	0.01349	0.01680	0.01099	0.00681	0.00619	0.00184	0.06003	0.04184	0.00373	0.00749

[dist]
# distance from previous block
# <min> <max>
5	8

[block]
# block no. 2 follows, 41 sequences, length 15
# corresponding to MSA columns:
# 797-811
name=unknown_C
#
# <colnr> <probs for GDERKNQSTAVLIFYWHMCP>
#	G	D	E	R	K	N	Q	S	T	A	V	L	I	F	Y	W	H	M	C	P
0	0.01542	0.06853	0.11549	0.15786	0.09549	0.05015	0.08259	0.06137	0.01421	0.16251	0.05402	0.06950	0.01369	0.00697	0.00578	0.00179	0.00671	0.00610	0.00405	0.00779
1	0.05666	0.00921	0.01237	0.01058	0.04137	0.00829	0.00821	0.02363	0.01530	0.56189	0.07700	0.02447	0.01819	0.05126	0.00715	0.00203	0.00482	0.05257	0.00640	0.00860
2	0.01006	0.00713	0.00902	0.00936	0.04960	0.00683	0.00662	0.03553	0.05557	0.06838	0.27937	0.12708	0.17764	0.05887	0.00803	0.00218	0.00378	0.07349	0.00556	0.00589
3	0.02827	0.05851	0.09274	0.15696	0.11160	0.02805	0.03708	0.08854	0.16513	0.09855	0.03910	0.01844	0.01302	0.00675	0.00569	0.00182	0.00630	0.03105	0.00425	0.00815
4	0.01349	0.01419	0.11588	0.05016	0.11705	0.05624	0.16290	0.05637	0.01391	0.08224	0.05843	0.12999	0.01715	0.00966	0.03622	0.00220	0.00718	0.04541	0.00399	0.00735
5	0.00939	0.00751	0.00905	0.05877	0.01155	0.04877	0.00687	0.01121	0.02732	0.03638	0.16978	0.31164	0.09577	0.01603	0.06557	0.04960	0.04386	0.01088	0.00479	0.00525
6	0.00901	0.11967	0.01048	0.00836	0.00977	0.04826	0.00627	0.01034	0.01188	0.01491	0.05648	0.48719	0.13052	0.01466	0.00660	0.00206	0.00408	0.03945	0.00481	0.00521
7	0.09345	0.01112	0.01249	0.00927	0.01406	0.00976	0.00751	0.12916	0.01441	0.09119	0.01166	0.01261	0.00898	0.00501	0.00454	0.00116	0.00463	0.00385	0.00411	0.55104
8	0.01506	0.12240	0.17821	0.01260	0.01709	0.09789	0.04014	0.09329	0.02815	0.08841	0.05829	0.06786	0.01461	0.00756	0.00607	0.00173	0.03812	0.04374	0.00398	0.06481
9	0.18424	0.17672	0.01886	0.01255	0.03054	0.04811	0.09377	0.08752	0.15438	0.09350	0.01330	0.01390	0.01010	0.00613	0.00541	0.00171	0.03248	0.00472	0.00414	0.00789
10	0.05026	0.01780	0.11096	0.05504	0.06183	0.22149	0.01158	0.10878	0.01538	0.10165	0.03679	0.05557	0.01183	0.00689	0.00588	0.00168	0.03491	0.00525	0.02548	0.06097
11	0.01578	0.07282	0.16637	0.04943	0.01698	0.01129	0.01092	0.12053	0.01502	0.17880	0.03677	0.06599	0.01316	0.00686	0.00529	0.00160	0.00559	0.00555	0.06792	0.13334
12	0.06192	0.03104	0.01268	0.06004	0.01491	0.01111	0.00847	0.21371	0.06084	0.19407	0.05881	0.12408	0.07790	0.00908	0.00585	0.00183	0.00487	0.00750	0.03352	0.00778
13	0.01537	0.01290	0.01664	0.15376	0.22153	0.07995	0.01250	0.08299	0.11533	0.10072	0.05903	0.05596	0.01446	0.00716	0.00613	0.00181	0.02543	0.00609	0.00423	0.00800
14	0.19912	0.01130	0.01420	0.10032	0.05974	0.01159	0.03902	0.07925	0.06388	0.22746	0.01432	0.01485	0.01017	0.00603	0.00529	0.00169	0.01681	0.00477	0.00463	0.11554

[dist]
# distance from previous block
# <min> <max>
4	63

[block]
# block no. 3 follows, 41 sequences, length 21
# corresponding to MSA columns:
# 884-904
name=unknown_D
#
# <colnr> <probs for GDERKNQSTAVLIFYWHMCP>
#	G	D	E	R	K	N	Q	S	T	A	V	L	I	F	Y	W	H	M	C	P
0	0.04457	0.07454	0.04342	0.01106	0.03903	0.02343	0.03371	0.11601	0.03323	0.12981	0.19725	0.07965	0.03388	0.00870	0.00583	0.00173	0.00490	0.03604	0.00509	0.07810
1	0.01270	0.04297	0.09538	0.01027	0.01339	0.00980	0.00899	0.03658	0.06544	0.11661	0.08807	0.11285	0.03004	0.05412	0.08768	0.00273	0.07298	0.00706	0.00440	0.12795
2	0.03597	0.00646	0.00847	0.00927	0.03903	0.00608	0.00647	0.01021	0.01174	0.01660	0.10399	0.42136	0.04866	0.01664	0.07258	0.00266	0.00472	0.07416	0.00484	0.10008
3	0.01386	0.03617	0.07921	0.01140	0.04463	0.01041	0.00938	0.06778	0.08369	0.10646	0.03689	0.11246	0.01485	0.00752	0.00616	0.00156	0.05323	0.00611	0.00434	0.29388
4	0.01661	0.01225	0.04306	0.07850	0.04289	0.01199	0.03524	0.19289	0.09934	0.16250	0.10489	0.01963	0.01646	0.00719	0.00608	0.00172	0.02615	0.01451	0.00511	0.10301
5	0.01493	0.14395	0.03900	0.00984	0.01332	0.01149	0.00834	0.15374	0.01591	0.13662	0.13391	0.15762	0.02210	0.00911	0.00569	0.00169	0.00479	0.01957	0.00504	0.09334
6	0.01725	0.18050	0.07679	0.01142	0.01563	0.04071	0.03072	0.22998	0.04713	0.12711	0.08245	0.01784	0.01465	0.04865	0.00656	0.00183	0.00590	0.00542	0.03139	0.00806
7	0.01194	0.03698	0.03622	0.03561	0.01215	0.00806	0.00770	0.01367	0.01205	0.15455	0.04812	0.40779	0.02577	0.01268	0.00771	0.00206	0.08567	0.01083	0.03332	0.03712
8	0.01154	0.00869	0.01118	0.15466	0.01671	0.00780	0.00796	0.01404	0.01291	0.09533	0.08806	0.02638	0.19424	0.00793	0.00550	0.00149	0.00449	0.00665	0.00433	0.32011
9	0.01200	0.02589	0.64350	0.01498	0.02244	0.01216	0.01871	0.01796	0.01277	0.06483	0.08902	0.01572	0.01253	0.00619	0.00559	0.00181	0.00763	0.00496	0.00311	0.00821
10	0.00859	0.00662	0.00844	0.05510	0.01092	0.00653	0.00627	0.01231	0.08374	0.02094	0.50254	0.11849	0.11392	0.01188	0.00666	0.00189	0.00325	0.01044	0.00583	0.00566
11	0.01263	0.02415	0.55733	0.01440	0.02141	0.01243	0.01734	0.06312	0.05255	0.06503	0.01688	0.01759	0.08674	0.00669	0.00563	0.00182	0.00732	0.00531	0.00339	0.00827
12	0.04400	0.00903	0.01027	0.00902	0.01183	0.00907	0.00719	0.10607	0.13448	0.15443	0.14492	0.03454	0.20866	0.01029	0.00620	0.00189	0.00411	0.06003	0.02682	0.00716
13	0.00858	0.00581	0.00849	0.00849	0.00918	0.00649	0.00628	0.00939	0.00871	0.01230	0.01439	0.02288	0.01399	0.11634	0.52881	0.19448	0.01197	0.00609	0.00298	0.00435
14	0.00732	0.00521	0.00657	0.00742	0.00785	0.00490	0.00487	0.00825	0.01089	0.01449	0.08069	0.53941	0.07957	0.18073	0.01179	0.00294	0.00372	0.01393	0.00499	0.00446
15	0.06137	0.00761	0.00865	0.00827	0.00975	0.00784	0.00595	0.12335	0.01310	0.04625	0.02507	0.28735	0.09401	0.19008	0.03886	0.00307	0.01657	0.01021	0.03711	0.00554
16	0.01309	0.01083	0.01089	0.01026	0.01225	0.08915	0.00769	0.19644	0.08359	0.02095	0.02298	0.36477	0.02417	0.04175	0.00728	0.00215	0.00504	0.03835	0.03182	0.00653
17	0.00803	0.00595	0.00757	0.00829	0.00900	0.00604	0.00573	0.01068	0.08783	0.01535	0.05156	0.52846	0.03192	0.09657	0.09554	0.00335	0.00499	0.01313	0.00496	0.00506
18	0.04202	0.00768	0.01048	0.00895	0.01155	0.00704	0.03155	0.01712	0.01561	0.27165	0.38931	0.03379	0.03486	0.00984	0.00631	0.00184	0.00390	0.05855	0.03100	0.00694
19	0.01090	0.00636	0.00800	0.00764	0.00946	0.00563	0.00569	0.01271	0.01395	0.16562	0.22918	0.25154	0.22470	0.01325	0.00671	0.00197	0.00335	0.01154	0.00592	0.00590
20	0.06998	0.01285	0.01520	0.15858	0.05023	0.05976	0.01086	0.19612	0.07732	0.26710	0.01595	0.01605	0.01102	0.00657	0.00557	0.00178	0.00609	0.00522	0.00515	0.00860

[dist]
# distance from previous block
# <min> <max>
0	1

[block]
# block no. 4 follows, 41 sequences, length 12
# corresponding to MSA columns:
# 906-917
name=unknown_E
#
# <colnr> <probs for GDERKNQSTAVLIFYWHMCP>
#	G	D	E	R	K	N	Q	S	T	A	V	L	I	F	Y	W	H	M	C	P
0	0.04082	0.00856	0.01062	0.01030	0.04688	0.00857	0.00743	0.01846	0.15613	0.20440	0.10714	0.18751	0.10162	0.03649	0.00731	0.00208	0.02373	0.00919	0.00565	0.00712
1	0.00927	0.00563	0.00757	0.00823	0.00912	0.00522	0.00575	0.01054	0.01180	0.10328	0.06880	0.63388	0.03500	0.01729	0.03709	0.00250	0.00394	0.01432	0.00548	0.00530
2	0.00943	0.00592	0.00767	0.00791	0.00892	0.00565	0.00582	0.01066	0.02640	0.05723	0.12576	0.19969	0.10452	0.09683	0.01201	0.15072	0.00413	0.12712	0.02887	0.00475
3	0.01358	0.06831	0.02099	0.30603	0.40850	0.01365	0.01594	0.01696	0.01251	0.05394	0.01093	0.01446	0.00867	0.00541	0.00555	0.00174	0.00695	0.00498	0.00291	0.00798
4	0.09813	0.03141	0.10781	0.01138	0.01478	0.01108	0.04591	0.13236	0.01388	0.12150	0.01626	0.11959	0.01449	0.04403	0.16017	0.00347	0.03565	0.00671	0.00427	0.00711
5	0.17517	0.01458	0.02033	0.08948	0.24048	0.09367	0.15137	0.04706	0.01286	0.01940	0.00996	0.01299	0.00802	0.00572	0.00655	0.00182	0.07509	0.00487	0.00306	0.00754
6	0.05551	0.09445	0.03760	0.11063	0.14461	0.02920	0.01043	0.01380	0.01214	0.04329	0.04363	0.26249	0.02160	0.01062	0.00611	0.00198	0.00539	0.08599	0.00408	0.00643
7	0.13356	0.03969	0.05195	0.00962	0.01244	0.03692	0.02488	0.04716	0.01224	0.15681	0.03435	0.06845	0.03739	0.13972	0.05472	0.04903	0.03311	0.00632	0.00424	0.04739
8	0.01544	0.07191	0.20098	0.03494	0.05779	0.01320	0.12281	0.08967	0.10107	0.12672	0.01452	0.01551	0.01055	0.00598	0.00550	0.00172	0.00663	0.00521	0.06279	0.03707
9	0.09878	0.13831	0.29252	0.01565	0.06755	0.01395	0.12788	0.01831	0.01250	0.08343	0.02755	0.01331	0.00919	0.00544	0.00518	0.00167	0.00709	0.00460	0.00318	0.05389
10	0.06234	0.01031	0.01328	0.01027	0.01458	0.00946	0.00847	0.09853	0.01711	0.63865	0.04205	0.01909	0.01448	0.00711	0.00568	0.00177	0.00493	0.00570	0.00676	0.00945
11	0.01096	0.00928	0.05457	0.01121	0.01332	0.00833	0.11514	0.01342	0.03587	0.08733	0.06580	0.24804	0.04161	0.17153	0.01203	0.00281	0.05366	0.03473	0.00449	0.00587

[dist]
# distance from previous block
# <min> <max>
0	1

[block]
# block no. 5 follows, 41 sequences, length 9
# corresponding to MSA columns:
# 919-927
name=unknown_F
#
# <colnr> <probs for GDERKNQSTAVLIFYWHMCP>
#	G	D	E	R	K	N	Q	S	T	A	V	L	I	F	Y	W	H	M	C	P
0	0.01775	0.11933	0.14945	0.06979	0.08273	0.01318	0.06371	0.06771	0.05331	0.26391	0.01501	0.01533	0.01053	0.00603	0.00545	0.00170	0.00641	0.00504	0.00444	0.02920
1	0.00973	0.00743	0.00890	0.00884	0.01021	0.00782	0.00654	0.04871	0.14430	0.01912	0.15957	0.32344	0.06426	0.04040	0.00795	0.00219	0.03795	0.03806	0.04865	0.00591
2	0.01810	0.00937	0.01151	0.00945	0.01268	0.00911	0.00757	0.11821	0.08500	0.33536	0.20472	0.02486	0.02384	0.00822	0.00581	0.00174	0.00425	0.00684	0.09525	0.00812
3	0.07024	0.26371	0.07823	0.04154	0.01898	0.07158	0.13183	0.10746	0.06156	0.04106	0.03512	0.01350	0.01015	0.00574	0.00504	0.00159	0.00685	0.00467	0.00352	0.02762
4	0.03997	0.06988	0.03917	0.08333	0.17915	0.01182	0.06684	0.04542	0.05224	0.18643	0.01646	0.08113	0.01379	0.04280	0.02843	0.00218	0.00631	0.02249	0.00430	0.00787
5	0.09396	0.00782	0.00931	0.00858	0.01072	0.00779	0.00653	0.04509	0.08459	0.14723	0.28184	0.21794	0.03331	0.01125	0.00627	0.00193	0.00371	0.00974	0.00584	0.00654
6	0.00786	0.00624	0.00852	0.14105	0.01359	0.00625	0.00696	0.00983	0.01270	0.01677	0.20759	0.33577	0.17822	0.01366	0.00679	0.00205	0.00383	0.01210	0.00507	0.00516
7	0.03907	0.06203	0.10074	0.03610	0.03686	0.01141	0.08978	0.04156	0.09647	0.22393	0.05631	0.01851	0.03932	0.00656	0.00552	0.00166	0.00572	0.00562	0.00470	0.11811
8	0.01117	0.00909	0.01407	0.46549	0.02764	0.01065	0.01230	0.01415	0.01190	0.07518	0.02031	0.02494	0.13573	0.01037	0.05578	0.00243	0.04790	0.04113	0.00353	0.00623

[dist]
# distance from previous block
# <min> <max>
4	18

[block]
# block no. 6 follows, 41 sequences, length 22
# corresponding to MSA columns:
# 948-969
name=unknown_G
#
# <colnr> <probs for GDERKNQSTAVLIFYWHMCP>
#	G	D	E	R	K	N	Q	S	T	A	V	L	I	F	Y	W	H	M	C	P
0	0.06839	0.02045	0.04686	0.01319	0.01676	0.37034	0.01058	0.21861	0.06809	0.04615	0.01293	0.05823	0.01062	0.00697	0.00542	0.00166	0.00781	0.00506	0.00418	0.00767
1	0.01222	0.00946	0.01458	0.48643	0.02881	0.01073	0.01249	0.01604	0.04025	0.09723	0.10123	0.02063	0.01517	0.00688	0.00578	0.00182	0.00621	0.02842	0.02298	0.06262
2	0.08325	0.01162	0.01579	0.50514	0.03053	0.04837	0.01326	0.09129	0.01344	0.06287	0.01103	0.01438	0.00816	0.00579	0.00541	0.00178	0.00695	0.00478	0.00330	0.06287
3	0.05425	0.01189	0.01274	0.01091	0.01428	0.01315	0.00864	0.18164	0.39790	0.07668	0.08493	0.02308	0.06839	0.00819	0.00583	0.00186	0.00467	0.00668	0.00578	0.00852
4	0.00707	0.00505	0.00673	0.00790	0.00832	0.00471	0.00532	0.00821	0.01141	0.01533	0.09527	0.72942	0.03924	0.01738	0.00725	0.00228	0.00326	0.01574	0.00540	0.00471
5	0.01502	0.49390	0.04348	0.00971	0.01369	0.01738	0.00901	0.06553	0.01244	0.07835	0.01155	0.01524	0.01041	0.11511	0.06532	0.00250	0.00670	0.00440	0.00324	0.00705
6	0.01344	0.00903	0.01103	0.00888	0.01250	0.00763	0.00694	0.04503	0.01314	0.15249	0.03107	0.18121	0.04947	0.00845	0.00572	0.00146	0.02316	0.00714	0.00466	0.40754
7	0.00754	0.00528	0.00640	0.00706	0.00736	0.00505	0.00444	0.00814	0.00995	0.01313	0.02748	0.41260	0.08105	0.35862	0.01678	0.00370	0.00426	0.01250	0.00450	0.00414
8	0.06460	0.00982	0.01595	0.01280	0.01609	0.00927	0.19584	0.03601	0.01357	0.22682	0.02342	0.24803	0.06952	0.01012	0.00661	0.00199	0.01804	0.00934	0.00504	0.00712
9	0.05945	0.01098	0.01380	0.01063	0.01504	0.01036	0.00878	0.16264	0.01808	0.59776	0.02028	0.01795	0.01298	0.00696	0.00565	0.00176	0.00512	0.00553	0.00667	0.00958
10	0.01227	0.01167	0.01981	0.45626	0.35687	0.01310	0.01662	0.01590	0.01213	0.01640	0.01043	0.01477	0.00825	0.00545	0.00569	0.00182	0.00726	0.00509	0.00267	0.00754
11	0.04365	0.00637	0.00816	0.00817	0.00965	0.00599	0.00615	0.01233	0.01343	0.11842	0.24675	0.28400	0.06595	0.04661	0.00775	0.00223	0.00370	0.09935	0.00569	0.00565
12	0.00848	0.00641	0.00888	0.00890	0.00955	0.00727	0.00663	0.00992	0.00962	0.01350	0.03786	0.12766	0.02036	0.20086	0.38194	0.00635	0.07588	0.05152	0.00361	0.00480
13	0.01370	0.01063	0.01464	0.22600	0.02128	0.01182	0.06188	0.08064	0.21302	0.08707	0.01710	0.02228	0.01409	0.15479	0.01024	0.00258	0.00613	0.02054	0.00436	0.00721
14	0.00858	0.00639	0.00869	0.00877	0.00976	0.00715	0.00652	0.01142	0.07212	0.01427	0.01874	0.13607	0.01879	0.12931	0.49105	0.00697	0.01119	0.00788	0.02117	0.00517
15	0.01008	0.00867	0.01421	0.16830	0.13581	0.00935	0.06751	0.01259	0.01084	0.01496	0.01570	0.08663	0.01532	0.12492	0.22504	0.00446	0.00895	0.03741	0.02329	0.00594
16	0.08475	0.01391	0.01477	0.01160	0.01589	0.07733	0.00948	0.32281	0.02021	0.34575	0.01666	0.01556	0.01116	0.00676	0.00552	0.00172	0.00588	0.00513	0.00590	0.00920
17	0.01081	0.01189	0.07451	0.03268	0.01352	0.13299	0.03243	0.03167	0.03879	0.01565	0.02242	0.38951	0.03829	0.01670	0.10767	0.00298	0.00691	0.01052	0.00426	0.00579
18	0.01549	0.00782	0.00967	0.00832	0.01116	0.00714	0.00662	0.01868	0.06860	0.31590	0.15408	0.03353	0.19353	0.00989	0.00607	0.00181	0.00383	0.03477	0.08586	0.00724
19	0.01717	0.01229	0.04990	0.01299	0.01549	0.01334	0.04007	0.08032	0.03715	0.25394	0.01438	0.01707	0.01115	0.06780	0.01283	0.00236	0.32406	0.00559	0.00441	0.00769
20	0.01239	0.05395	0.66032	0.01623	0.02418	0.01395	0.05277	0.06720	0.01313	0.01918	0.01048	0.01224	0.00748	0.00549	0.00545	0.00179	0.00828	0.00436	0.00266	0.00847
21	0.01532	0.01274	0.01976	0.24446	0.09688	0.04858	0.15522	0.10236	0.01465	0.12172	0.03285	0.03812	0.01126	0.00701	0.01692	0.00196	0.04279	0.00591	0.00383	0.00765

[dist]
# distance from previous block
# <min> <max>
1	11

[block]
# block no. 7 follows, 41 sequences, length 52
# corresponding to MSA columns:
# 981-1032
name=unknown_H
#
# <colnr> <probs for GDERKNQSTAVLIFYWHMCP>
#	G	D	E	R	K	N	Q	S	T	A	V	L	I	F	Y	W	H	M	C	P
0	0.27257	0.02519	0.07021	0.03370	0.02782	0.06024	0.18138	0.04249	0.01219	0.07593	0.01032	0.01263	0.00794	0.00621	0.00737	0.00191	0.13663	0.00472	0.00339	0.00718
1	0.05350	0.18207	0.01722	0.08092	0.07042	0.04887	0.01002	0.09043	0.09683	0.04963	0.08927	0.09952	0.01702	0.00808	0.00634	0.00177	0.06027	0.00639	0.00415	0.00726
2	0.01214	0.00908	0.03695	0.00985	0.01201	0.03219	0.03695	0.04376	0.08791	0.12559	0.07826	0.27493	0.06057	0.07208	0.07776	0.00292	0.00562	0.00998	0.00509	0.00637
3	0.07793	0.06931	0.04329	0.01011	0.01444	0.01084	0.00864	0.07139	0.04955	0.29247	0.01612	0.05055	0.01207	0.00662	0.00557	0.00155	0.03232	0.00515	0.00497	0.21711
4	0.09237	0.09429	0.06282	0.01094	0.01512	0.06673	0.00944	0.07219	0.16648	0.25261	0.01728	0.04672	0.01285	0.00692	0.00527	0.00170	0.00550	0.00540	0.00509	0.05026
5	0.00937	0.00830	0.00873	0.00857	0.01017	0.08821	0.03160	0.01104	0.01327	0.03462	0.14791	0.28988	0.26817	0.01379	0.00677	0.00201	0.00416	0.03298	0.00516	0.00528
6	0.01157	0.01052	0.01816	0.70153	0.03776	0.01266	0.06640	0.01540	0.01178	0.04447	0.01075	0.01543	0.00796	0.00571	0.00579	0.00190	0.00766	0.00523	0.00274	0.00658
7	0.04921	0.03249	0.02396	0.01194	0.02485	0.18312	0.06596	0.02804	0.02517	0.15101	0.06208	0.01523	0.01228	0.00591	0.00532	0.00142	0.01767	0.00470	0.00412	0.27555
8	0.01231	0.08024	0.20507	0.03141	0.01756	0.01206	0.06195	0.01935	0.20304	0.04856	0.06714	0.09800	0.02787	0.00846	0.00592	0.00188	0.00587	0.05701	0.00432	0.03199
9	0.00847	0.00690	0.00776	0.00881	0.00949	0.06114	0.00630	0.00973	0.01158	0.01481	0.02898	0.57432	0.03391	0.05623	0.00835	0.00248	0.00427	0.13659	0.00504	0.00484
10	0.01073	0.00688	0.00852	0.00839	0.00975	0.00668	0.00600	0.09302	0.01370	0.09059	0.11997	0.42593	0.05798	0.10274	0.00934	0.00248	0.00396	0.01221	0.00544	0.00568
11	0.06670	0.01244	0.03604	0.07970	0.09684	0.03866	0.01055	0.16791	0.03379	0.25421	0.03313	0.01788	0.01249	0.06436	0.00781	0.00206	0.03758	0.00551	0.01408	0.00826
12	0.05576	0.00901	0.01168	0.00958	0.01310	0.00827	0.00771	0.04793	0.02461	0.51402	0.02452	0.10263	0.06841	0.01126	0.06194	0.00238	0.00535	0.00719	0.00626	0.00836
13	0.01209	0.01195	0.01732	0.01478	0.01514	0.01627	0.04328	0.01358	0.00901	0.01391	0.00852	0.01371	0.00829	0.01332	0.09967	0.00320	0.67198	0.00520	0.00258	0.00620
14	0.04223	0.01296	0.01672	0.59653	0.03386	0.11723	0.01452	0.06889	0.01315	0.01648	0.01017	0.01426	0.00769	0.00581	0.00557	0.00183	0.00778	0.00483	0.00286	0.00663
15	0.01315	0.01104	0.01281	0.01302	0.06853	0.01233	0.00962	0.04950	0.49098	0.02218	0.02382	0.06083	0.02060	0.00961	0.00630	0.00207	0.00486	0.15516	0.00546	0.00812
16	0.02411	0.01070	0.01359	0.01049	0.01477	0.01002	0.00864	0.16395	0.01815	0.58738	0.02067	0.01847	0.01334	0.00702	0.00565	0.00174	0.00502	0.00561	0.05119	0.00950
17	0.01231	0.00706	0.00768	0.00693	0.00883	0.00716	0.00537	0.11348	0.01497	0.05318	0.15237	0.02409	0.02108	0.00762	0.00480	0.00149	0.00326	0.00623	0.53597	0.00612
18	0.00704	0.00507	0.00668	0.00783	0.00829	0.00471	0.00528	0.00818	0.01141	0.01524	0.08546	0.71462	0.06429	0.01735	0.00724	0.00227	0.00326	0.01568	0.00538	0.00471
19	0.04402	0.01063	0.01752	0.50539	0.03139	0.01258	0.09541	0.04410	0.01204	0.01651	0.01206	0.07175	0.01021	0.00684	0.00663	0.00194	0.05679	0.00601	0.03170	0.00647
20	0.01174	0.01032	0.01490	0.25949	0.02156	0.01309	0.01181	0.07949	0.01157	0.01636	0.01173	0.04444	0.01042	0.01437	0.14783	0.00338	0.26306	0.00567	0.04247	0.00629
21	0.01650	0.65162	0.02714	0.01038	0.01492	0.08031	0.00987	0.01832	0.01226	0.07370	0.00917	0.01020	0.00789	0.00532	0.00447	0.00133	0.03291	0.00339	0.00286	0.00744
22	0.01173	0.05191	0.44439	0.01324	0.01915	0.01209	0.01521	0.06995	0.06596	0.02083	0.19672	0.02031	0.01969	0.00723	0.00574	0.00179	0.00651	0.00592	0.00385	0.00779
23	0.01200	0.20341	0.01402	0.00846	0.01102	0.01025	0.03346	0.01370	0.01227	0.10056	0.06544	0.08667	0.16269	0.13730	0.00940	0.00234	0.00472	0.04415	0.06219	0.00597
24	0.42670	0.01177	0.01100	0.00939	0.01293	0.01327	0.00760	0.16523	0.14686	0.05598	0.04337	0.01461	0.01153	0.00645	0.00462	0.00177	0.00469	0.00461	0.04015	0.00748
25	0.01431	0.01557	0.06124	0.02278	0.02857	0.01397	0.66030	0.01901	0.01365	0.07320	0.01233	0.01559	0.00902	0.00501	0.00663	0.00191	0.00925	0.00658	0.00318	0.00789
26	0.02558	0.00987	0.01336	0.01024	0.01467	0.00860	0.00846	0.04290	0.01659	0.75192	0.02238	0.01935	0.01407	0.00708	0.00575	0.00177	0.00490	0.00574	0.00705	0.00973
27	0.01293	0.01090	0.01183	0.01079	0.01361	0.01234	0.00839	0.02614	0.59158	0.02350	0.15780	0.02682	0.02468	0.00877	0.00607	0.00194	0.00422	0.03354	0.00589	0.00825
28	0.00916	0.00582	0.00756	0.00820	0.00917	0.00544	0.00573	0.01098	0.04098	0.09028	0.06940	0.61911	0.06416	0.01598	0.00704	0.00221	0.00347	0.01436	0.00556	0.00537
29	0.00707	0.00536	0.00653	0.00736	0.00824	0.00487	0.00509	0.00849	0.02233	0.01538	0.07394	0.53614	0.24545	0.01649	0.00710	0.00218	0.00319	0.01464	0.00536	0.00480
30	0.02059	0.02567	0.01542	0.01405	0.01688	0.71995	0.01054	0.02215	0.01590	0.01453	0.00956	0.01112	0.00790	0.00595	0.00507	0.00146	0.00976	0.00380	0.06316	0.00654
31	0.03875	0.00638	0.00805	0.00833	0.00964	0.00604	0.00595	0.04061	0.01247	0.12969	0.02918	0.57007	0.05662	0.01494	0.00675	0.00215	0.00367	0.01329	0.03171	0.00570
32	0.00780	0.00561	0.00754	0.00863	0.00944	0.00535	0.00653	0.00951	0.01229	0.01631	0.10836	0.45555	0.06450	0.01646	0.00741	0.00235	0.00386	0.24216	0.00540	0.00493
33	0.00701	0.00501	0.00668	0.00793	0.00831	0.00468	0.00531	0.00807	0.01115	0.01493	0.05987	0.76598	0.03846	0.01768	0.00728	0.00230	0.00329	0.01603	0.00535	0.00468
34	0.01101	0.01058	0.01844	0.72613	0.03866	0.01284	0.07231	0.01490	0.01160	0.01490	0.01028	0.01526	0.00771	0.00565	0.00580	0.00191	0.00778	0.00521	0.00257	0.00646
35	0.16835	0.27030	0.01968	0.01180	0.01576	0.27858	0.03123	0.08155	0.01440	0.04764	0.00944	0.01057	0.00765	0.00557	0.00451	0.00149	0.00732	0.00367	0.00329	0.00720
36	0.00770	0.00559	0.00782	0.00868	0.00936	0.00575	0.00640	0.00924	0.01060	0.01442	0.02568	0.42449	0.02899	0.04363	0.26273	0.00471	0.00761	0.10724	0.00452	0.00485
37	0.00741	0.00530	0.00698	0.00816	0.00862	0.00507	0.00556	0.00889	0.03814	0.01486	0.03042	0.71626	0.03594	0.01755	0.00780	0.03161	0.00348	0.03797	0.00523	0.00475
38	0.01554	0.01680	0.17744	0.04608	0.07897	0.07269	0.03308	0.11031	0.04000	0.11605	0.01416	0.06984	0.01179	0.00783	0.00812	0.00195	0.14548	0.02207	0.00393	0.00788
39	0.06898	0.14895	0.17588	0.01308	0.01806	0.04617	0.10198	0.04857	0.01356	0.21140	0.01365	0.01558	0.01025	0.06359	0.00728	0.00198	0.02413	0.00499	0.00399	0.00792
40	0.02049	0.05420	0.01683	0.06802	0.01892	0.55128	0.01122	0.11501	0.01697	0.04919	0.01010	0.01148	0.00798	0.00608	0.00544	0.00155	0.02058	0.00405	0.00343	0.00717
41	0.00905	0.00815	0.01452	0.09691	0.01709	0.00799	0.18795	0.01133	0.01168	0.01558	0.02425	0.50158	0.02725	0.01332	0.00701	0.00219	0.00539	0.02876	0.00441	0.00560
42	0.00789	0.00590	0.00795	0.00783	0.00907	0.00596	0.00593	0.01008	0.01279	0.01777	0.34117	0.07703	0.12967	0.02448	0.30483	0.00471	0.00765	0.00925	0.00486	0.00517
43	0.01245	0.28854	0.46662	0.01352	0.02021	0.01583	0.01620	0.01707	0.01184	0.01630	0.01097	0.06586	0.00942	0.00612	0.00497	0.00165	0.00731	0.00467	0.00263	0.00781
44	0.01508	0.01444	0.02927	0.02102	0.02656	0.01343	0.57990	0.04735	0.01423	0.10343	0.01280	0.01557	0.00932	0.00511	0.00642	0.00183	0.00860	0.00634	0.00351	0.06580
45	0.02566	0.00973	0.01327	0.01018	0.01460	0.00841	0.00841	0.02788	0.01637	0.76726	0.02257	0.01947	0.01416	0.00708	0.00575	0.00177	0.00487	0.00575	0.00708	0.00973
46	0.05439	0.01020	0.04294	0.01204	0.04392	0.05266	0.08847	0.01494	0.01168	0.12269	0.04365	0.07819	0.01626	0.10743	0.26940	0.00474	0.00932	0.00687	0.00393	0.00628
47	0.01429	0.01404	0.02244	0.08653	0.67493	0.05213	0.01711	0.01762	0.01307	0.01816	0.01062	0.01404	0.00887	0.00518	0.00564	0.00170	0.00703	0.00502	0.00282	0.00875
48	0.00731	0.00512	0.00654	0.00753	0.00778	0.00487	0.00485	0.00805	0.01029	0.01372	0.02815	0.60552	0.03357	0.21347	0.01276	0.00313	0.00388	0.01427	0.00485	0.00435
49	0.01112	0.00671	0.00852	0.00791	0.00976	0.00616	0.00597	0.04241	0.01519	0.14242	0.37427	0.19475	0.12757	0.01237	0.00666	0.00192	0.00335	0.01081	0.00608	0.00606
50	0.02024	0.01520	0.06903	0.01294	0.01754	0.01499	0.04040	0.45804	0.08241	0.15511	0.01583	0.01614	0.01130	0.03587	0.00662	0.00190	0.00617	0.00548	0.00553	0.00927
51	0.01621	0.01690	0.02034	0.06505	0.43579	0.20257	0.01502	0.07131	0.01444	0.01824	0.01024	0.01312	0.00851	0.00580	0.00646	0.00171	0.06233	0.00474	0.00303	0.00818

[dist]
# distance from previous block
# <min> <max>
0	2

[block]
# block no. 8 follows, 41 sequences, length 6
# corresponding to MSA columns:
# 1035-1040
name=unknown_I
#
# <colnr> <probs for GDERKNQSTAVLIFYWHMCP>
#	G	D	E	R	K	N	Q	S	T	A	V	L	I	F	Y	W	H	M	C	P
0	0.01867	0.01214	0.01369	0.01146	0.01524	0.01310	0.00915	0.14057	0.42895	0.23896	0.02159	0.01962	0.01531	0.00743	0.00579	0.00186	0.00490	0.00606	0.00617	0.00935
1	0.01608	0.04364	0.01450	0.01201	0.01535	0.05982	0.00954	0.11051	0.52296	0.06358	0.01996	0.01883	0.01494	0.00751	0.00630	0.00188	0.04243	0.00591	0.00542	0.00883
2	0.00811	0.00546	0.00630	0.00651	0.00656	0.00540	0.00376	0.00826	0.00873	0.01164	0.02015	0.15697	0.02348	0.67578	0.02567	0.00504	0.00519	0.00957	0.00376	0.00365
3	0.01186	0.01017	0.01186	0.00847	0.01356	0.00762	0.00678	0.01440	0.01186	0.01864	0.01017	0.01186	0.00847	0.00424	0.00424	0.00085	0.00424	0.00339	0.00339	0.83395
4	0.01124	0.09204	0.54497	0.01418	0.02076	0.01278	0.01702	0.01707	0.05078	0.01746	0.01410	0.13585	0.01262	0.00748	0.00560	0.00185	0.00723	0.00614	0.00305	0.00779
5	0.03995	0.13796	0.01771	0.01208	0.01589	0.06195	0.04865	0.20709	0.12502	0.14869	0.04246	0.05083	0.01367	0.00733	0.00612	0.00175	0.04388	0.00573	0.00491	0.00831

[dist]
# distance from previous block
# <min> <max>
0	3

[block]
# block no. 9 follows, 41 sequences, length 39
# corresponding to MSA columns:
# 1044-1082
name=unknown_J
#
# <colnr> <probs for GDERKNQSTAVLIFYWHMCP>
#	G	D	E	R	K	N	Q	S	T	A	V	L	I	F	Y	W	H	M	C	P
0	0.02105	0.01568	0.01677	0.01302	0.01747	0.01741	0.01070	0.67811	0.09414	0.03493	0.01462	0.01444	0.01044	0.00695	0.00573	0.00174	0.00613	0.00527	0.00573	0.00966
1	0.02141	0.02591	0.01632	0.01455	0.01769	0.68507	0.01103	0.10937	0.01749	0.01664	0.00943	0.01072	0.00765	0.00601	0.00523	0.00150	0.00983	0.00386	0.00328	0.00700
2	0.02156	0.02459	0.01571	0.01398	0.01718	0.65829	0.01059	0.02316	0.01608	0.10450	0.01053	0.01146	0.00822	0.00598	0.00520	0.00149	0.00946	0.00392	0.00346	0.03462
3	0.01343	0.01592	0.05909	0.02384	0.02972	0.01442	0.71768	0.01831	0.01345	0.01831	0.01153	0.01531	0.00863	0.00484	0.00670	0.00192	0.00960	0.00666	0.00288	0.00774
4	0.00837	0.00642	0.00878	0.00867	0.00910	0.00672	0.03877	0.00918	0.00973	0.01321	0.02239	0.35393	0.02604	0.34036	0.03713	0.00383	0.07756	0.01124	0.00412	0.00446
5	0.00980	0.00570	0.00666	0.00636	0.00778	0.00544	0.00479	0.01247	0.01415	0.04129	0.37985	0.03170	0.03379	0.00912	0.00538	0.00157	0.00274	0.00778	0.40814	0.00548
6	0.01080	0.01017	0.01716	0.78523	0.03940	0.01271	0.01589	0.01461	0.01144	0.01461	0.01017	0.01525	0.00762	0.00572	0.00572	0.00191	0.00762	0.00508	0.00254	0.00635
7	0.00893	0.00712	0.01015	0.00973	0.01042	0.00866	0.00750	0.01053	0.00899	0.01303	0.01441	0.02306	0.01414	0.15217	0.53495	0.00751	0.14436	0.00627	0.00303	0.00505
8	0.00697	0.00498	0.00664	0.00796	0.00830	0.00465	0.00531	0.00796	0.01095	0.01460	0.03153	0.79525	0.03783	0.01792	0.00730	0.00232	0.00332	0.01626	0.00531	0.00465
9	0.00820	0.00603	0.00869	0.00869	0.00954	0.00688	0.00652	0.00989	0.00904	0.01291	0.01578	0.02501	0.01540	0.17113	0.64959	0.00857	0.01366	0.00650	0.00313	0.00483
10	0.01027	0.00654	0.00959	0.00922	0.01062	0.00725	0.00719	0.01227	0.01003	0.10365	0.01627	0.02257	0.01448	0.06185	0.66092	0.00819	0.01377	0.00615	0.00356	0.00561
11	0.01259	0.00994	0.01244	0.01287	0.10235	0.01046	0.00900	0.14575	0.16353	0.02427	0.30657	0.03245	0.03103	0.00974	0.00639	0.00190	0.00449	0.09134	0.00556	0.00732
12	0.80807	0.01101	0.00859	0.00762	0.01120	0.01266	0.00628	0.01724	0.00999	0.05420	0.00853	0.00968	0.00650	0.00538	0.00362	0.00177	0.00444	0.00320	0.00368	0.00633
13	0.01197	0.01136	0.01926	0.52478	0.29074	0.01301	0.01646	0.01564	0.01199	0.01603	0.01037	0.01487	0.00812	0.00550	0.00570	0.00183	0.00734	0.00509	0.00264	0.00729
14	0.00715	0.00581	0.00636	0.00640	0.00811	0.00502	0.00483	0.00888	0.01357	0.01696	0.19299	0.08674	0.55416	0.01416	0.00684	0.00196	0.00299	0.04662	0.00550	0.00495
15	0.03632	0.01285	0.02397	0.06423	0.02338	0.01314	0.39057	0.05008	0.01320	0.08741	0.01435	0.10869	0.01244	0.00746	0.00816	0.00202	0.11349	0.00729	0.00364	0.00731
16	0.02509	0.01065	0.01384	0.01061	0.01506	0.00977	0.00877	0.13234	0.01791	0.66063	0.02128	0.01863	0.01351	0.00705	0.00575	0.00176	0.00508	0.00566	0.00688	0.00973
17	0.00779	0.00584	0.00728	0.00768	0.00876	0.00553	0.00550	0.01034	0.05739	0.01806	0.27359	0.38464	0.14304	0.01475	0.00697	0.00208	0.00317	0.02675	0.00566	0.00519
18	0.01392	0.01439	0.02827	0.18308	0.03044	0.01449	0.50175	0.10461	0.01467	0.01967	0.01154	0.01519	0.00858	0.00526	0.00641	0.00190	0.00882	0.00621	0.00316	0.00767
19	0.00921	0.00555	0.00743	0.00823	0.00905	0.00510	0.00568	0.01035	0.01160	0.10488	0.03045	0.70220	0.03499	0.01662	0.00711	0.00226	0.00350	0.01500	0.00552	0.00526
20	0.01347	0.39417	0.35116	0.01394	0.02046	0.01782	0.08258	0.01767	0.01199	0.01593	0.00929	0.01101	0.00742	0.00512	0.00472	0.00154	0.00746	0.00391	0.00247	0.00786
21	0.00817	0.00613	0.00919	0.00919	0.01021	0.00715	0.00715	0.01021	0.00919	0.01328	0.01532	0.02247	0.01430	0.04290	0.77631	0.00919	0.01532	0.00613	0.00306	0.00511
22	0.01525	0.01268	0.01354	0.01153	0.01521	0.01405	0.00910	0.15287	0.53755	0.02541	0.02004	0.01888	0.01503	0.00718	0.00561	0.00177	0.00480	0.00587	0.00551	0.10811
23	0.11332	0.29185	0.25249	0.01173	0.01719	0.01613	0.01258	0.07697	0.03869	0.04803	0.04497	0.03094	0.01080	0.00606	0.00475	0.00161	0.00633	0.00445	0.00337	0.00774
24	0.02411	0.01222	0.01482	0.01136	0.01584	0.01210	0.00938	0.31153	0.02054	0.47773	0.01907	0.01720	0.01240	0.00700	0.00574	0.00175	0.00543	0.00551	0.00654	0.00973
25	0.01110	0.10238	0.01189	0.00895	0.01033	0.00958	0.00690	0.01240	0.00983	0.08247	0.01525	0.02449	0.01491	0.27553	0.30060	0.00575	0.08251	0.00633	0.00344	0.00538
26	0.09482	0.01326	0.01471	0.01204	0.01597	0.03650	0.04254	0.21113	0.30961	0.16061	0.01832	0.01734	0.01314	0.00699	0.00559	0.00182	0.00544	0.00562	0.00559	0.00895
27	0.04583	0.01360	0.01799	0.02513	0.47006	0.11768	0.01345	0.01687	0.01302	0.01824	0.01326	0.08664	0.01205	0.00659	0.00546	0.00168	0.00638	0.00589	0.10241	0.00776
28	0.00697	0.00498	0.00664	0.00796	0.00830	0.00465	0.00531	0.00796	0.01095	0.01460	0.03153	0.79525	0.03783	0.01792	0.00730	0.00232	0.00332	0.01626	0.00531	0.00465
29	0.09043	0.01138	0.01196	0.01127	0.01397	0.05711	0.00934	0.16132	0.18268	0.02299	0.02210	0.03642	0.02086	0.01066	0.00643	0.00215	0.00553	0.31105	0.00518	0.00717
30	0.01357	0.01514	0.03182	0.02295	0.02850	0.01444	0.67459	0.01944	0.08199	0.01884	0.01266	0.01598	0.00949	0.00509	0.00666	0.00193	0.00917	0.00672	0.00316	0.00784
31	0.02049	0.01221	0.01374	0.01079	0.01466	0.01279	0.00883	0.40964	0.02113	0.22195	0.01702	0.01677	0.01188	0.00688	0.00538	0.00165	0.00518	0.00534	0.17483	0.00883
32	0.00883	0.00669	0.00827	0.00807	0.00971	0.00621	0.03007	0.06641	0.01356	0.03764	0.08319	0.35186	0.31879	0.01461	0.00687	0.00206	0.00360	0.01280	0.00537	0.00540
33	0.01111	0.01048	0.01772	0.71576	0.10644	0.01279	0.01604	0.01489	0.01158	0.01499	0.01022	0.01515	0.00776	0.00566	0.00571	0.00189	0.00755	0.00508	0.00257	0.00660
34	0.01416	0.01359	0.02322	0.03511	0.76330	0.01359	0.01755	0.01755	0.01302	0.01869	0.01076	0.01416	0.00906	0.00510	0.00566	0.00170	0.00680	0.00510	0.00283	0.00906
35	0.02499	0.00969	0.01313	0.01013	0.01446	0.00845	0.00835	0.02751	0.03172	0.73344	0.04075	0.02008	0.01521	0.00721	0.00578	0.00177	0.00481	0.00588	0.00703	0.00961
36	0.01186	0.01017	0.01186	0.00847	0.01356	0.00762	0.00678	0.01440	0.01186	0.01864	0.01017	0.01186	0.00847	0.00424	0.00424	0.00085	0.00424	0.00339	0.00339	0.83395
37	0.04665	0.01245	0.03239	0.01377	0.01826	0.01203	0.16700	0.07498	0.19809	0.33315	0.01905	0.01819	0.01309	0.00666	0.00590	0.00184	0.00596	0.00598	0.00557	0.00899
38	0.02045	0.07125	0.01678	0.01393	0.01717	0.59545	0.01072	0.10891	0.04173	0.01698	0.01107	0.01213	0.02667	0.00623	0.00520	0.00151	0.00920	0.00412	0.00340	0.00708

[dist]
# distance from previous block
# <min> <max>
0	5

[block]
# block no. 10 follows, 41 sequences, length 29
# corresponding to MSA columns:
# 1088-1116
name=unknown_K
#
# <colnr> <probs for GDERKNQSTAVLIFYWHMCP>
#	G	D	E	R	K	N	Q	S	T	A	V	L	I	F	Y	W	H	M	C	P
0	0.00892	0.00662	0.00823	0.00833	0.00928	0.00682	0.00601	0.02312	0.06548	0.02839	0.14403	0.29828	0.08773	0.15791	0.02409	0.00289	0.05010	0.05358	0.00500	0.00519
1	0.74669	0.01118	0.00913	0.00795	0.01160	0.01273	0.00655	0.04924	0.01095	0.07817	0.00924	0.01020	0.00691	0.00550	0.00379	0.00177	0.00454	0.00337	0.00388	0.00660
2	0.00832	0.00555	0.00624	0.00624	0.00624	0.00555	0.00347	0.00832	0.00832	0.01109	0.01802	0.03743	0.02080	0.79898	0.02911	0.00555	0.00555	0.00832	0.00347	0.00347
3	0.01122	0.01069	0.01834	0.68531	0.10900	0.01286	0.04224	0.01503	0.01166	0.01514	0.01027	0.01515	0.00780	0.00563	0.00575	0.00189	0.00762	0.00514	0.00258	0.00666
4	0.00983	0.00903	0.01453	0.37214	0.02522	0.00991	0.08884	0.01336	0.03933	0.01627	0.07667	0.09004	0.17604	0.00903	0.00622	0.00193	0.00590	0.00811	0.02154	0.00604
5	0.01769	0.01235	0.07949	0.01156	0.01555	0.01116	0.03766	0.04846	0.29102	0.29168	0.02157	0.07539	0.01617	0.00787	0.00584	0.00187	0.00509	0.00665	0.03417	0.00877
6	0.01114	0.00650	0.00854	0.00771	0.00959	0.00588	0.00589	0.01363	0.01588	0.15527	0.57066	0.07134	0.07289	0.01124	0.00659	0.00182	0.00312	0.00984	0.00636	0.00612
7	0.01209	0.01220	0.02218	0.01723	0.02054	0.01308	0.34198	0.01713	0.10900	0.01705	0.01340	0.01751	0.01106	0.01566	0.20278	0.00386	0.13672	0.00627	0.00326	0.00700
8	0.01346	0.01288	0.02195	0.19155	0.61233	0.01341	0.01721	0.01694	0.01269	0.01784	0.01064	0.01438	0.00876	0.00523	0.00567	0.00174	0.00697	0.00509	0.00277	0.00850
9	0.00749	0.00568	0.00766	0.00862	0.00893	0.00585	0.00598	0.00851	0.01075	0.01452	0.02928	0.72199	0.03499	0.01718	0.00837	0.00234	0.07681	0.01521	0.00505	0.00480
10	0.01794	0.00890	0.01133	0.00978	0.01275	0.00846	0.00762	0.07341	0.09341	0.38376	0.05127	0.25214	0.02270	0.01055	0.00626	0.00195	0.00439	0.00909	0.00629	0.00798
11	0.00816	0.00650	0.00722	0.00690	0.00875	0.00597	0.00520	0.04159	0.04675	0.01907	0.27823	0.07629	0.44241	0.01310	0.00669	0.00190	0.00307	0.01114	0.00567	0.00540
12	0.00708	0.00570	0.00632	0.00640	0.00798	0.00493	0.00471	0.00875	0.01346	0.01700	0.20992	0.15182	0.50721	0.01433	0.00683	0.00195	0.00291	0.01225	0.00553	0.00493
13	0.00810	0.00585	0.00765	0.00720	0.00855	0.00540	0.00540	0.01079	0.01619	0.02294	0.76028	0.04273	0.05397	0.01169	0.00675	0.00180	0.00270	0.01034	0.00630	0.00540
