[name]
unknown

[dist]
# distance from previous block
# <min> <max>
0	48

[block]
# block no. 0 follows, 34 sequences, length 20
# corresponding to MSA columns:
# 680-699
name=unknown_A
#
# <colnr> <probs for GDERKNQSTAVLIFYWHMCP>
#	G	D	E	R	K	N	Q	S	T	A	V	L	I	F	Y	W	H	M	C	P
0	0.04566	0.08241	0.02961	0.01292	0.01668	0.12294	0.01068	0.18376	0.01791	0.06075	0.01622	0.06961	0.01463	0.02153	0.04968	0.00245	0.06276	0.05807	0.00471	0.11702
1	0.01260	0.00991	0.01160	0.02521	0.01331	0.01074	0.00825	0.07160	0.20492	0.02552	0.31101	0.04848	0.08920	0.01142	0.00786	0.00212	0.04889	0.02005	0.05976	0.00758
2	0.00977	0.00673	0.00819	0.00795	0.00976	0.00598	0.00591	0.01201	0.01621	0.06893	0.35507	0.16030	0.27928	0.01498	0.00765	0.00217	0.00339	0.01301	0.00663	0.00608
3	0.01452	0.01383	0.02455	0.26686	0.07037	0.01494	0.24068	0.10285	0.01550	0.02087	0.01333	0.01815	0.01048	0.01246	0.11514	0.00333	0.02395	0.00654	0.00355	0.00811
4	0.01459	0.08998	0.58348	0.01890	0.07714	0.01551	0.02160	0.02106	0.01400	0.06773	0.01235	0.01410	0.00886	0.00619	0.00602	0.00198	0.00893	0.00485	0.00312	0.00959
5	0.76875	0.01379	0.05463	0.00911	0.01345	0.01453	0.00804	0.01908	0.01116	0.02846	0.00916	0.01069	0.00707	0.00601	0.00413	0.00200	0.00528	0.00358	0.00392	0.00716
6	0.01590	0.46326	0.09724	0.01235	0.01698	0.02041	0.01212	0.01849	0.01269	0.05335	0.01131	0.01398	0.00989	0.01285	0.11891	0.00300	0.09156	0.00451	0.00315	0.00804
7	0.01309	0.01105	0.01529	0.01298	0.01597	0.01164	0.11409	0.02140	0.28722	0.03313	0.06851	0.03052	0.11580	0.06355	0.08158	0.07600	0.00692	0.00840	0.00524	0.00762
8	0.01092	0.00673	0.00810	0.00762	0.00921	0.00627	0.00557	0.01332	0.01568	0.06997	0.37134	0.04230	0.11030	0.12714	0.01077	0.00258	0.00371	0.01009	0.16238	0.00601
9	0.00810	0.00645	0.00693	0.00697	0.00862	0.00564	0.00497	0.00962	0.01419	0.01765	0.13566	0.10278	0.49938	0.13083	0.01150	0.00281	0.00373	0.01307	0.00582	0.00528
10	0.00921	0.00586	0.00722	0.00805	0.00888	0.00557	0.00559	0.01110	0.01343	0.01979	0.11625	0.47011	0.03756	0.01579	0.00712	0.00224	0.00345	0.01406	0.23315	0.00557
11	0.01401	0.16105	0.04760	0.01512	0.01914	0.01462	0.18325	0.05467	0.01436	0.04373	0.06140	0.02278	0.06070	0.01873	0.20732	0.00423	0.03876	0.00695	0.00394	0.00763
12	0.01221	0.00924	0.01034	0.00978	0.01137	0.00992	0.00692	0.06348	0.21319	0.02017	0.07692	0.09280	0.02659	0.35207	0.01866	0.00406	0.00554	0.04485	0.00534	0.00654
13	0.24676	0.01717	0.01600	0.01403	0.05627	0.12655	0.01067	0.26286	0.01998	0.10067	0.01340	0.01406	0.00983	0.00682	0.00557	0.00186	0.00693	0.00485	0.00510	0.06064
14	0.01675	0.68598	0.12007	0.01196	0.01797	0.02428	0.01262	0.01948	0.01319	0.01584	0.00930	0.01077	0.00828	0.00560	0.00439	0.00146	0.00723	0.00362	0.00276	0.00845
15	0.45137	0.16834	0.01748	0.06706	0.10148	0.01694	0.01034	0.01995	0.05680	0.02422	0.01064	0.01247	0.00857	0.00608	0.00465	0.00189	0.00597	0.00416	0.00373	0.00786
16	0.01425	0.01272	0.01905	0.55071	0.03723	0.01562	0.01635	0.10878	0.06824	0.02040	0.01291	0.01730	0.00975	0.00715	0.00753	0.00218	0.06245	0.00586	0.00362	0.00790
17	0.01246	0.01176	0.01845	0.17868	0.09182	0.04950	0.13557	0.01573	0.01410	0.01853	0.10303	0.03206	0.04563	0.10858	0.05718	0.00323	0.00819	0.08446	0.00413	0.00693
18	0.00951	0.00718	0.00924	0.12103	0.01355	0.00758	0.00672	0.01072	0.01094	0.01425	0.02613	0.03971	0.13766	0.44197	0.11268	0.00547	0.00748	0.00924	0.00405	0.00489
19	0.01054	0.00654	0.00780	0.00766	0.00827	0.00648	0.00487	0.01138	0.01111	0.05449	0.07258	0.08478	0.02592	0.51587	0.07964	0.00544	0.00641	0.00953	0.06584	0.00484

[dist]
# distance from previous block
# <min> <max>
5	10

[block]
# block no. 1 follows, 34 sequences, length 8
# corresponding to MSA columns:
# 712-719
name=unknown_B
#
# <colnr> <probs for GDERKNQSTAVLIFYWHMCP>
#	G	D	E	R	K	N	Q	S	T	A	V	L	I	F	Y	W	H	M	C	P
0	0.08358	0.16393	0.02385	0.05421	0.16180	0.09377	0.09385	0.11765	0.06343	0.02270	0.01378	0.05433	0.01172	0.00707	0.00597	0.00189	0.00768	0.00595	0.00402	0.00883
1	0.19118	0.03228	0.09267	0.01380	0.06286	0.08505	0.03231	0.01843	0.04677	0.02262	0.09908	0.04448	0.02030	0.00905	0.00615	0.00202	0.00638	0.10911	0.02254	0.08291
2	0.01513	0.01544	0.08931	0.01866	0.13961	0.01387	0.08238	0.09628	0.19190	0.02436	0.04230	0.02553	0.06283	0.00838	0.00666	0.00201	0.00661	0.05437	0.00491	0.09946
3	0.00997	0.00713	0.00833	0.00838	0.01032	0.00650	0.00634	0.01274	0.05219	0.06616	0.14177	0.19521	0.36045	0.01588	0.00774	0.00231	0.00381	0.07232	0.00631	0.00616
4	0.01569	0.01299	0.02164	0.38031	0.31973	0.01419	0.01773	0.01959	0.01429	0.10205	0.01338	0.01728	0.01013	0.00635	0.00644	0.00204	0.00787	0.00584	0.00360	0.00886
5	0.01057	0.00688	0.00829	0.00807	0.01001	0.00605	0.00599	0.01257	0.01561	0.10307	0.23148	0.20517	0.32138	0.01538	0.00763	0.00222	0.00357	0.01330	0.00653	0.00623
6	0.50823	0.01669	0.01400	0.01208	0.01574	0.16859	0.04626	0.02064	0.01292	0.04964	0.00996	0.01184	0.00788	0.00666	0.00622	0.00201	0.07526	0.00416	0.00385	0.00734
7	0.01503	0.01466	0.02582	0.20575	0.50248	0.01522	0.08815	0.01914	0.01435	0.02000	0.01209	0.01642	0.00981	0.00589	0.00653	0.00200	0.00822	0.00594	0.00313	0.00937

[dist]
# distance from previous block
# <min> <max>
1	2

[block]
# block no. 2 follows, 34 sequences, length 38
# corresponding to MSA columns:
# 722-759
name=unknown_C
#
# <colnr> <probs for GDERKNQSTAVLIFYWHMCP>
#	G	D	E	R	K	N	Q	S	T	A	V	L	I	F	Y	W	H	M	C	P
0	0.01696	0.01545	0.01777	0.05443	0.08229	0.11495	0.05325	0.14743	0.09564	0.04215	0.07781	0.10791	0.01916	0.00947	0.00806	0.00208	0.07710	0.00775	0.00496	0.04537
1	0.01230	0.00827	0.01054	0.00970	0.01189	0.00844	0.00752	0.03208	0.09908	0.09820	0.29378	0.03687	0.10222	0.02209	0.21257	0.00438	0.00762	0.00935	0.00601	0.00706
2	0.01789	0.04764	0.01665	0.01250	0.01677	0.04713	0.01021	0.22700	0.04161	0.05854	0.01407	0.01594	0.01114	0.01067	0.07305	0.00243	0.08360	0.00517	0.02212	0.26587
3	0.01142	0.00914	0.01067	0.01058	0.01249	0.00984	0.00781	0.01974	0.29508	0.02218	0.14674	0.31283	0.03522	0.01600	0.04669	0.00276	0.00489	0.01225	0.00628	0.00740
4	0.01700	0.04888	0.02007	0.12294	0.23534	0.01566	0.01420	0.13891	0.13061	0.05632	0.01552	0.01863	0.01238	0.04055	0.00910	0.04281	0.04143	0.00609	0.00445	0.00910
5	0.21144	0.08533	0.01609	0.01149	0.01607	0.09326	0.04387	0.07146	0.01473	0.02328	0.01241	0.01597	0.01048	0.00717	0.01948	0.00176	0.00649	0.03556	0.03642	0.26722
6	0.00993	0.00635	0.00844	0.00893	0.01002	0.00584	0.00630	0.01176	0.01467	0.07638	0.24754	0.48868	0.04621	0.01712	0.00792	0.00239	0.00367	0.01538	0.00650	0.00596
7	0.00805	0.00706	0.02270	0.00724	0.00930	0.00577	0.00556	0.00996	0.01497	0.01868	0.16695	0.11027	0.54069	0.03375	0.00824	0.00228	0.00348	0.01338	0.00606	0.00559
8	0.71943	0.01478	0.01060	0.00951	0.01343	0.10590	0.00768	0.01984	0.01191	0.02735	0.00912	0.01064	0.00716	0.00608	0.00423	0.00196	0.00583	0.00358	0.00392	0.00706
9	0.01412	0.00975	0.01263	0.01164	0.01328	0.01078	0.00902	0.10288	0.01531	0.10796	0.07892	0.28387	0.02807	0.04635	0.04361	0.00296	0.15016	0.04601	0.00558	0.00710
10	0.01518	0.01217	0.01522	0.02833	0.08959	0.01129	0.00971	0.09546	0.02686	0.05323	0.01379	0.01818	0.01190	0.10158	0.00982	0.00204	0.05333	0.00527	0.00422	0.42283
11	0.00922	0.00679	0.00979	0.00983	0.01078	0.00772	0.00737	0.01114	0.01028	0.01465	0.01826	0.04715	0.01799	0.16111	0.61650	0.00954	0.01523	0.00760	0.00360	0.00547
12	0.81856	0.01250	0.00950	0.00850	0.01250	0.01449	0.00700	0.01899	0.01100	0.02899	0.00900	0.01050	0.00700	0.00600	0.00400	0.00200	0.00500	0.00350	0.00400	0.00700
13	0.02121	0.01402	0.01614	0.01419	0.05302	0.01505	0.01080	0.21587	0.29611	0.19768	0.02220	0.02087	0.01583	0.00810	0.00641	0.00203	0.00577	0.00657	0.04774	0.01040
14	0.00889	0.00690	0.00812	0.00776	0.00962	0.00630	0.00583	0.01208	0.04793	0.02279	0.44976	0.05241	0.30958	0.01419	0.00758	0.00210	0.00322	0.01222	0.00667	0.00604
15	0.00881	0.00616	0.00732	0.00765	0.00813	0.00591	0.00482	0.00963	0.01176	0.01567	0.11661	0.23509	0.09595	0.41397	0.02104	0.00442	0.00494	0.01241	0.00504	0.00467
16	0.01296	0.03342	0.73944	0.01842	0.02797	0.01501	0.02387	0.02046	0.01364	0.02046	0.01160	0.01364	0.00818	0.00614	0.00614	0.00205	0.00955	0.00477	0.00273	0.00955
17	0.00996	0.01493	0.24221	0.01156	0.01539	0.00870	0.01170	0.01386	0.01509	0.02129	0.28545	0.22363	0.07486	0.01293	0.00731	0.00220	0.00532	0.01130	0.00536	0.00695
18	0.09317	0.05083	0.02648	0.07873	0.14689	0.04743	0.26505	0.07400	0.01554	0.02224	0.04855	0.01710	0.01199	0.00672	0.00770	0.00208	0.06692	0.00634	0.00369	0.00854
19	0.13395	0.10124	0.07174	0.05082	0.08321	0.28661	0.04772	0.02124	0.01512	0.01930	0.01150	0.01537	0.00980	0.00663	0.00564	0.00179	0.00872	0.03590	0.00345	0.07028
20	0.05557	0.07677	0.02341	0.05689	0.38538	0.11896	0.01606	0.14824	0.01775	0.02372	0.01205	0.01466	0.00974	0.00627	0.00605	0.00186	0.00798	0.00526	0.00381	0.00957
21	0.05606	0.01396	0.03475	0.17797	0.27389	0.01506	0.01556	0.05251	0.10520	0.06384	0.04563	0.01853	0.01334	0.00737	0.00775	0.00210	0.07717	0.00611	0.00416	0.00902
22	0.00856	0.00634	0.00808	0.00928	0.01003	0.00613	0.00642	0.01103	0.06456	0.01742	0.03641	0.65174	0.07619	0.01911	0.00812	0.00258	0.00391	0.04238	0.00604	0.00565
23	0.01001	0.04226	0.00982	0.00828	0.01003	0.00727	0.00626	0.01306	0.03374	0.03849	0.57303	0.04582	0.09435	0.06856	0.00927	0.00232	0.00357	0.01105	0.00662	0.00620
24	0.01395	0.01136	0.01581	0.14919	0.06565	0.01019	0.04102	0.01695	0.01348	0.06638	0.01407	0.04528	0.01213	0.06231	0.00762	0.00181	0.00605	0.00559	0.00395	0.43722
25	0.01027	0.00789	0.00988	0.00961	0.01102	0.00827	0.00717	0.01483	0.11426	0.02276	0.36528	0.23005	0.04462	0.01404	0.00850	0.00224	0.05912	0.01213	0.04152	0.00652
26	0.01480	0.15292	0.22792	0.01367	0.01999	0.01554	0.02747	0.03349	0.18179	0.02158	0.01469	0.01559	0.01138	0.00631	0.00557	0.00168	0.00677	0.00497	0.00401	0.21982
27	0.42493	0.19429	0.13731	0.01182	0.01725	0.01752	0.03906	0.05610	0.01313	0.02467	0.00993	0.01153	0.00782	0.00598	0.00466	0.00187	0.00654	0.00399	0.00360	0.00800
28	0.51103	0.17543	0.01547	0.00944	0.01395	0.01618	0.00815	0.01989	0.03949	0.05269	0.01054	0.01171	0.00836	0.00597	0.00430	0.00178	0.00541	0.00378	0.00397	0.08246
29	0.01014	0.06796	0.14497	0.01121	0.01391	0.00938	0.00999	0.01384	0.06760	0.01795	0.02851	0.51609	0.03205	0.01567	0.00743	0.00239	0.00516	0.01391	0.00520	0.00665
30	0.01190	0.08528	0.18899	0.01116	0.01469	0.04987	0.01064	0.01521	0.04488	0.01653	0.02342	0.03405	0.10907	0.30397	0.01661	0.00366	0.00696	0.04266	0.00398	0.00647
31	0.01327	0.01025	0.01191	0.00969	0.01371	0.00888	0.00754	0.05211	0.07788	0.06007	0.09187	0.11482	0.10577	0.00951	0.00615	0.00162	0.00450	0.00805	0.00526	0.38712
32	0.01375	0.30527	0.01969	0.01004	0.01397	0.01510	0.00875	0.06616	0.01477	0.01924	0.08697	0.05620	0.11836	0.01377	0.09715	0.00270	0.00690	0.00695	0.00427	0.11999
33	0.01416	0.08404	0.07137	0.01045	0.01616	0.01055	0.00923	0.01721	0.01357	0.05311	0.01314	0.05238	0.01134	0.00590	0.00509	0.00121	0.00533	0.00474	0.00395	0.59706
34	0.01243	0.17343	0.06841	0.01035	0.01342	0.04532	0.00904	0.04953	0.01663	0.02220	0.35813	0.13520	0.03846	0.01147	0.00672	0.00196	0.00504	0.00973	0.00551	0.00701
35	0.02196	0.04830	0.01515	0.01191	0.01557	0.11290	0.00956	0.05914	0.01741	0.36323	0.07502	0.08102	0.04977	0.01139	0.04130	0.00240	0.04117	0.00758	0.00628	0.00892
36	0.05194	0.04219	0.01516	0.01129	0.01587	0.01106	0.04052	0.10712	0.01559	0.05943	0.01612	0.08454	0.01453	0.01059	0.06011	0.00218	0.00638	0.03508	0.00458	0.39571
37	0.01302	0.11146	0.35911	0.01390	0.01998	0.01303	0.01563	0.01790	0.01441	0.05322	0.13678	0.06126	0.02102	0.01064	0.04349	0.00240	0.00766	0.03579	0.00411	0.04518

[dist]
# distance from previous block
# <min> <max>
1	39

[block]
# block no. 3 follows, 34 sequences, length 13
# corresponding to MSA columns:
# 864-876
name=unknown_D
#
# <colnr> <probs for GDERKNQSTAVLIFYWHMCP>
#	G	D	E	R	K	N	Q	S	T	A	V	L	I	F	Y	W	H	M	C	P
0	0.05712	0.08289	0.10704	0.01169	0.01527	0.03684	0.04921	0.08885	0.01484	0.02036	0.06063	0.07925	0.09019	0.18469	0.01252	0.00299	0.00650	0.03865	0.00449	0.03599
1	0.07396	0.05668	0.05853	0.01254	0.01622	0.10963	0.06031	0.09057	0.09539	0.02436	0.23169	0.02956	0.09500	0.00966	0.00661	0.00198	0.00617	0.00803	0.00537	0.00776
2	0.01356	0.08958	0.07226	0.01453	0.02002	0.01225	0.17658	0.01733	0.01445	0.02079	0.09154	0.02115	0.01654	0.00675	0.00603	0.00160	0.00667	0.04306	0.00399	0.35133
3	0.01756	0.19983	0.09208	0.01539	0.09308	0.01641	0.01250	0.07442	0.17236	0.11750	0.07937	0.02197	0.01792	0.00797	0.00609	0.00193	0.00631	0.03285	0.00512	0.00932
4	0.10171	0.02165	0.03995	0.01563	0.06559	0.37334	0.01149	0.05603	0.05667	0.05928	0.01534	0.09679	0.01358	0.00828	0.00602	0.00189	0.00853	0.00623	0.03407	0.00791
5	0.01794	0.70497	0.03236	0.01159	0.01691	0.09504	0.01119	0.01997	0.01363	0.01526	0.00908	0.01049	0.00829	0.00564	0.00431	0.00141	0.00737	0.00352	0.00282	0.00821
6	0.02414	0.03079	0.01831	0.01665	0.01998	0.74698	0.01248	0.02580	0.01831	0.01581	0.00999	0.01165	0.00832	0.00666	0.00583	0.00166	0.01165	0.00416	0.00333	0.00749
7	0.01257	0.01186	0.02004	0.68828	0.11076	0.01445	0.01813	0.01683	0.01309	0.01695	0.01155	0.01711	0.00877	0.00639	0.00645	0.00213	0.00852	0.00574	0.00290	0.00747
8	0.01957	0.10652	0.09191	0.01595	0.01955	0.29445	0.01377	0.11259	0.03841	0.01977	0.01089	0.01322	0.00905	0.00786	0.00964	0.00202	0.19818	0.00483	0.00359	0.00822
9	0.00857	0.00620	0.00859	0.00933	0.00998	0.00647	0.00659	0.01004	0.01127	0.01548	0.02678	0.39861	0.03022	0.11171	0.30174	0.00607	0.00935	0.01291	0.00478	0.00531
10	0.01544	0.00941	0.01144	0.01028	0.01307	0.00936	0.00791	0.02198	0.20054	0.19479	0.24412	0.13731	0.07327	0.01196	0.00717	0.00216	0.00428	0.01034	0.00697	0.00819
11	0.01727	0.66979	0.03118	0.01137	0.01659	0.02388	0.01109	0.06561	0.01442	0.01722	0.01125	0.01525	0.01057	0.00657	0.00465	0.00154	0.00685	0.05335	0.00324	0.00830
12	0.07675	0.13360	0.01843	0.01310	0.01733	0.07483	0.01070	0.16249	0.37088	0.02715	0.01900	0.01836	0.01445	0.00771	0.00593	0.00196	0.00628	0.00590	0.00553	0.00963

[dist]
# distance from previous block
# <min> <max>
0	3

[block]
# block no. 4 follows, 34 sequences, length 17
# corresponding to MSA columns:
# 880-896
name=unknown_E
#
# <colnr> <probs for GDERKNQSTAVLIFYWHMCP>
#	G	D	E	R	K	N	Q	S	T	A	V	L	I	F	Y	W	H	M	C	P
0	0.02170	0.06804	0.01990	0.06457	0.02167	0.57916	0.05359	0.02385	0.01750	0.01663	0.04706	0.01416	0.01112	0.00685	0.00597	0.00173	0.01071	0.00482	0.00346	0.00751
1	0.01785	0.16153	0.02213	0.01783	0.13050	0.01809	0.04939	0.19711	0.21649	0.02625	0.01793	0.06596	0.01480	0.00798	0.00622	0.00196	0.00658	0.00668	0.00507	0.00964
2	0.02579	0.01585	0.01757	0.01373	0.01845	0.06291	0.01127	0.35666	0.02375	0.31894	0.01882	0.01781	0.01271	0.00796	0.00719	0.00199	0.04538	0.00598	0.00669	0.01056
3	0.01525	0.01743	0.03813	0.02723	0.03377	0.01634	0.70915	0.02070	0.01525	0.02070	0.01307	0.01743	0.00980	0.00545	0.00763	0.00218	0.01089	0.00763	0.00327	0.00871
4	0.04652	0.01444	0.01945	0.08461	0.29938	0.04571	0.01446	0.06448	0.16991	0.10012	0.01913	0.02123	0.03983	0.00757	0.00645	0.00204	0.00679	0.02347	0.00482	0.00959
5	0.00866	0.00640	0.00822	0.00945	0.01023	0.00620	0.00665	0.01116	0.06143	0.01752	0.03608	0.62405	0.06903	0.01907	0.00817	0.00261	0.00403	0.07936	0.00603	0.00566
6	0.01977	0.10717	0.02336	0.04819	0.15202	0.01880	0.07291	0.32988	0.11178	0.02970	0.01514	0.01631	0.01145	0.00701	0.00629	0.00193	0.00731	0.00587	0.00503	0.01009
7	0.05067	0.01672	0.02328	0.01833	0.02258	0.13736	0.27279	0.05696	0.04599	0.04128	0.03655	0.04945	0.04113	0.00862	0.00787	0.00215	0.05306	0.07234	0.00430	0.03858
8	0.01544	0.23331	0.18676	0.01533	0.05320	0.01727	0.05498	0.05028	0.10639	0.04664	0.09316	0.01965	0.03177	0.00761	0.00663	0.00191	0.04063	0.00604	0.00419	0.00880
9	0.01634	0.46912	0.24574	0.01439	0.02117	0.02108	0.06210	0.02029	0.01365	0.04781	0.01075	0.01232	0.00869	0.00581	0.00508	0.00166	0.00791	0.00426	0.00301	0.00881
10	0.00778	0.00638	0.00685	0.00709	0.00890	0.00546	0.00518	0.00941	0.01453	0.01782	0.10232	0.18975	0.56242	0.01687	0.00775	0.00225	0.00335	0.01437	0.00607	0.00546
11	0.11945	0.01663	0.16619	0.12213	0.02274	0.03621	0.04238	0.02242	0.06321	0.19792	0.01801	0.06780	0.01421	0.00829	0.00675	0.00214	0.02840	0.03157	0.00485	0.00870
12	0.07490	0.02126	0.24036	0.06967	0.30348	0.06183	0.05643	0.02082	0.01447	0.05917	0.01234	0.01507	0.00944	0.00609	0.00618	0.00198	0.00842	0.00533	0.00336	0.00939
13	0.00877	0.00627	0.00853	0.01003	0.01080	0.00603	0.00757	0.01056	0.01326	0.01750	0.03511	0.52143	0.04076	0.01939	0.00849	0.00275	0.00453	0.25674	0.00598	0.00550
14	0.01298	0.01230	0.02107	0.53347	0.18871	0.01421	0.04722	0.01716	0.01369	0.01817	0.04995	0.01863	0.01180	0.00663	0.00656	0.00210	0.00821	0.00614	0.00318	0.00784
15	0.01717	0.06870	0.32517	0.06721	0.10848	0.01468	0.10836	0.02240	0.01491	0.16955	0.01458	0.01618	0.01030	0.00638	0.00634	0.00201	0.00844	0.00560	0.00396	0.00959
16	0.01995	0.20167	0.13353	0.01749	0.08626	0.04645	0.07076	0.22729	0.01940	0.09708	0.01364	0.01470	0.01015	0.00659	0.00593	0.00184	0.00780	0.00524	0.00449	0.00974

[dist]
# distance from previous block
# <min> <max>
0	1

[block]
# block no. 5 follows, 34 sequences, length 60
# corresponding to MSA columns:
# 898-957
name=unknown_F
#
# <colnr> <probs for GDERKNQSTAVLIFYWHMCP>
#	G	D	E	R	K	N	Q	S	T	A	V	L	I	F	Y	W	H	M	C	P
0	0.77164	0.05725	0.01092	0.00865	0.01274	0.01514	0.00724	0.01901	0.01112	0.02818	0.00900	0.01049	0.00707	0.00597	0.00401	0.00196	0.00511	0.00350	0.00393	0.00707
1	0.01727	0.01058	0.01398	0.01420	0.10481	0.01036	0.00981	0.05138	0.12507	0.22540	0.23194	0.03368	0.07156	0.01029	0.00700	0.00208	0.00496	0.04019	0.00664	0.00879
2	0.02158	0.05284	0.01936	0.05604	0.02057	0.10590	0.01247	0.41829	0.11042	0.03147	0.01508	0.01586	0.01128	0.00787	0.00753	0.00200	0.07050	0.00568	0.00543	0.00982
3	0.81856	0.01250	0.00950	0.00850	0.01250	0.01449	0.00700	0.01899	0.01100	0.02899	0.00900	0.01050	0.00700	0.00600	0.00400	0.00200	0.00500	0.00350	0.00400	0.00700
4	0.05243	0.05178	0.04930	0.07654	0.10491	0.01706	0.17159	0.21643	0.04744	0.06810	0.01409	0.01622	0.01054	0.00687	0.00731	0.00203	0.05114	0.00602	0.00452	0.02567
5	0.01691	0.21408	0.35441	0.01567	0.05393	0.01616	0.01680	0.02171	0.01472	0.15118	0.05466	0.01644	0.01277	0.00671	0.00580	0.00186	0.00768	0.00520	0.00398	0.00933
6	0.00768	0.00638	0.00671	0.00697	0.00884	0.00542	0.00510	0.00922	0.01432	0.01729	0.06025	0.18537	0.61017	0.01704	0.00774	0.00226	0.00336	0.01446	0.00600	0.00542
7	0.00798	0.00656	0.00702	0.00691	0.00894	0.00560	0.00518	0.00994	0.01554	0.01938	0.21695	0.05901	0.57729	0.01564	0.00763	0.00215	0.00322	0.01319	0.00625	0.00560
8	0.01868	0.06232	0.08831	0.02062	0.03917	0.04532	0.34602	0.08481	0.04436	0.14703	0.01587	0.03076	0.01169	0.00661	0.00687	0.00205	0.00889	0.00679	0.00448	0.00934
9	0.01801	0.01814	0.15454	0.04303	0.35899	0.01473	0.05049	0.09396	0.01671	0.13045	0.01550	0.01743	0.02506	0.00658	0.00646	0.00198	0.00772	0.00594	0.00423	0.01007
10	0.00786	0.00568	0.00744	0.00885	0.00933	0.00526	0.00593	0.00901	0.01251	0.01655	0.03736	0.72734	0.08298	0.02002	0.00821	0.00260	0.00372	0.01809	0.00600	0.00526
11	0.01270	0.00747	0.00934	0.00837	0.01077	0.00660	0.00645	0.01526	0.01737	0.16564	0.40922	0.04678	0.23287	0.01302	0.00740	0.00207	0.00360	0.01118	0.00699	0.00690
12	0.01753	0.02782	0.42045	0.01774	0.02524	0.08848	0.05955	0.21959	0.01901	0.02584	0.01265	0.01421	0.00910	0.00661	0.00629	0.00199	0.00913	0.00518	0.00389	0.00971
13	0.02374	0.02820	0.01853	0.01640	0.01985	0.60898	0.01253	0.12431	0.01967	0.01940	0.01072	0.01232	0.00872	0.00703	0.00662	0.00176	0.04502	0.00447	0.00376	0.00798
14	0.02456	0.01810	0.01939	0.01487	0.02004	0.02004	0.01228	0.71107	0.03038	0.04072	0.01551	0.01551	0.01099	0.00776	0.00646	0.00194	0.00711	0.00582	0.00646	0.01099
15	0.01839	0.22464	0.16565	0.01471	0.04722	0.01864	0.01381	0.22377	0.08510	0.05945	0.01719	0.01756	0.05195	0.00735	0.00585	0.00185	0.00708	0.00559	0.00465	0.00956
16	0.01760	0.01464	0.01547	0.01346	0.01738	0.01678	0.01060	0.15586	0.59694	0.02949	0.02436	0.02256	0.01816	0.00858	0.00655	0.00215	0.00547	0.00704	0.00655	0.01036
17	0.01027	0.00595	0.00771	0.00771	0.00771	0.00595	0.00473	0.00893	0.00893	0.01190	0.01597	0.03141	0.01760	0.41255	0.02922	0.39318	0.00595	0.00758	0.00338	0.00338
18	0.03322	0.27762	0.32869	0.01739	0.07612	0.01864	0.05789	0.05315	0.01458	0.05019	0.01157	0.01332	0.00891	0.00602	0.00556	0.00181	0.00822	0.00467	0.00323	0.00921
19	0.23751	0.01587	0.01630	0.01551	0.08564	0.09774	0.04381	0.08526	0.23657	0.07811	0.01677	0.01700	0.01257	0.00719	0.00581	0.00202	0.00654	0.00559	0.00512	0.00909
20	0.01599	0.01535	0.02623	0.03966	0.73262	0.01535	0.01983	0.01983	0.01471	0.02111	0.01215	0.01599	0.01023	0.00576	0.00640	0.00192	0.00768	0.00576	0.00320	0.01023
21	0.01629	0.01433	0.01471	0.01324	0.01689	0.03558	0.01029	0.03411	0.70219	0.02673	0.02586	0.02377	0.01942	0.00871	0.00655	0.00218	0.00529	0.00722	0.00649	0.01015
22	0.01690	0.19614	0.43526	0.01557	0.02331	0.01688	0.01826	0.06223	0.01520	0.12303	0.01323	0.01421	0.00949	0.00636	0.00576	0.00188	0.00823	0.00479	0.00371	0.00956
23	0.00940	0.00626	0.00705	0.00705	0.00705	0.00626	0.00392	0.00940	0.00940	0.01253	0.02036	0.04228	0.02349	0.77292	0.03289	0.00626	0.00626	0.00940	0.00392	0.00392
24	0.02537	0.01681	0.01859	0.01425	0.01939	0.01812	0.01177	0.58744	0.02822	0.16741	0.01733	0.01669	0.01190	0.00780	0.00647	0.00195	0.00682	0.00594	0.00674	0.01099
25	0.01591	0.01557	0.02750	0.03833	0.65800	0.01546	0.09343	0.01992	0.01477	0.02107	0.01225	0.01615	0.01019	0.00572	0.00653	0.00195	0.00802	0.00596	0.00321	0.01007
26	0.02042	0.01483	0.02832	0.02269	0.09995	0.01370	0.37830	0.02461	0.01640	0.28620	0.01758	0.01897	0.01214	0.00642	0.00708	0.00209	0.00856	0.00701	0.00501	0.00972
27	0.01599	0.01535	0.02623	0.03966	0.73262	0.01535	0.01983	0.01983	0.01471	0.02111	0.01215	0.01599	0.01023	0.00576	0.00640	0.00192	0.00768	0.00576	0.00320	0.01023
28	0.00954	0.00672	0.01008	0.01008	0.01105	0.00769	0.00769	0.01105	0.01008	0.01441	0.01636	0.02449	0.01539	0.04442	0.63517	0.13488	0.01549	0.00672	0.00336	0.00531
29	0.00857	0.00674	0.00784	0.00852	0.00985	0.00636	0.00602	0.01152	0.08111	0.01785	0.04536	0.44550	0.28552	0.01776	0.00787	0.00242	0.00371	0.01562	0.00605	0.00580
30	0.01670	0.01440	0.02483	0.03324	0.53400	0.01413	0.08391	0.02042	0.01507	0.09366	0.01545	0.04653	0.01318	0.00703	0.00671	0.00203	0.00754	0.03749	0.00392	0.00979
31	0.01491	0.01425	0.02428	0.24405	0.53667	0.01507	0.01929	0.01888	0.01420	0.01980	0.01196	0.01634	0.00977	0.00596	0.00641	0.00199	0.00794	0.00575	0.00311	0.00936
32	0.01599	0.01535	0.02623	0.03966	0.73262	0.01535	0.01983	0.01983	0.01471	0.02111	0.01215	0.01599	0.01023	0.00576	0.00640	0.00192	0.00768	0.00576	0.00320	0.01023
33	0.01767	0.01471	0.02855	0.02100	0.02642	0.01380	0.43892	0.06110	0.01665	0.16629	0.04672	0.08418	0.01603	0.00768	0.00738	0.00216	0.00865	0.00838	0.00480	0.00890
34	0.01392	0.01646	0.10185	0.06829	0.14264	0.01476	0.31548	0.01834	0.01407	0.01955	0.01545	0.08557	0.01400	0.00821	0.00863	0.00227	0.08107	0.04757	0.00353	0.00833
35	0.01599	0.01535	0.02623	0.03966	0.73262	0.01535	0.01983	0.01983	0.01471	0.02111	0.01215	0.01599	0.01023	0.00576	0.00640	0.00192	0.00768	0.00576	0.00320	0.01023
36	0.00923	0.00692	0.01038	0.01038	0.01154	0.00808	0.00808	0.01154	0.01038	0.01500	0.01731	0.02538	0.01615	0.04846	0.74732	0.01038	0.01731	0.00692	0.00346	0.00577
37	0.01095	0.00961	0.01642	0.05844	0.01858	0.00932	0.16989	0.01428	0.01508	0.01994	0.12617	0.11227	0.10487	0.01374	0.00811	0.00250	0.00638	0.27156	0.00532	0.00657
38	0.01249	0.01060	0.01348	0.01031	0.01503	0.00842	0.04081	0.01544	0.01423	0.02145	0.11601	0.05261	0.01983	0.00739	0.00570	0.00135	0.00485	0.04501	0.00448	0.58052
39	0.01220	0.01148	0.01938	0.75739	0.04450	0.01436	0.01794	0.01651	0.01292	0.01651	0.01148	0.01723	0.00861	0.00646	0.00646	0.00215	0.00861	0.00574	0.00287	0.00718
40	0.01311	0.00717	0.00862	0.00784	0.01004	0.00655	0.00602	0.01583	0.01638	0.14419	0.29982	0.03897	0.14542	0.01117	0.00653	0.00190	0.00349	0.00946	0.24070	0.00680
41	0.01261	0.01223	0.02212	0.53705	0.03917	0.01403	0.15246	0.01700	0.01358	0.01762	0.01416	0.02305	0.01181	0.00744	0.00694	0.00224	0.00878	0.07709	0.00327	0.00735
42	0.01076	0.00692	0.00857	0.00883	0.01027	0.00642	0.00658	0.01238	0.01369	0.08598	0.07088	0.19982	0.19559	0.17540	0.01323	0.00327	0.00476	0.15512	0.00580	0.00575
43	0.00886	0.00785	0.05161	0.00898	0.01060	0.00630	0.00707	0.01143	0.01577	0.02190	0.41355	0.30120	0.07966	0.01541	0.00775	0.00225	0.00369	0.01372	0.00641	0.00598
44	0.01449	0.01433	0.09482	0.49594	0.14866	0.01411	0.01805	0.01888	0.01381	0.08670	0.01294	0.01712	0.00953	0.00646	0.00642	0.00209	0.00826	0.00572	0.00340	0.00827
45	0.09092	0.00719	0.00744	0.00695	0.00906	0.00720	0.00537	0.01697	0.01410	0.09872	0.06250	0.02401	0.01823	0.00777	0.00486	0.00164	0.00346	0.00617	0.60082	0.00664
46	0.01618	0.01453	0.01387	0.01265	0.01593	0.09056	0.00974	0.03053	0.55024	0.02514	0.02450	0.05427	0.01921	0.00891	0.00637	0.00209	0.00553	0.00732	0.08309	0.00933
47	0.13848	0.01328	0.01541	0.01196	0.01690	0.01321	0.00986	0.22546	0.02063	0.40180	0.01961	0.01809	0.01297	0.00749	0.00605	0.00193	0.00586	0.00575	0.00679	0.04846
48	0.01683	0.04968	0.13883	0.04904	0.02121	0.01443	0.08581	0.16925	0.01762	0.09935	0.01887	0.02645	0.03069	0.01246	0.06964	0.00290	0.05324	0.11026	0.00479	0.00866
49	0.06892	0.01719	0.01682	0.01391	0.01829	0.08753	0.01114	0.33630	0.27226	0.06163	0.01883	0.01816	0.01380	0.00791	0.00630	0.00201	0.00665	0.00608	0.00612	0.01015
50	0.00832	0.00616	0.00777	0.00824	0.00937	0.00561	0.00585	0.01027	0.01505	0.02028	0.30770	0.37041	0.16744	0.01687	0.00790	0.00232	0.00340	0.01499	0.00643	0.00561
51	0.01410	0.00678	0.00726	0.00682	0.00878	0.00665	0.00522	0.01740	0.03021	0.10687	0.02171	0.02385	0.01657	0.00761	0.00479	0.00158	0.00335	0.00611	0.69765	0.00669
52	0.01474	0.16240	0.35637	0.17165	0.02804	0.01728	0.01851	0.07746	0.05685	0.02074	0.01229	0.01457	0.00921	0.00638	0.00589	0.00195	0.00840	0.00497	0.00330	0.00898
53	0.01666	0.01041	0.01453	0.01210	0.01552	0.01011	0.08087	0.02274	0.16486	0.22580	0.20738	0.09667	0.07244	0.01080	0.00714	0.00213	0.00507	0.00958	0.00669	0.00851
54	0.00964	0.00774	0.01252	0.01184	0.01342	0.00813	0.08052	0.01210	0.01212	0.01683	0.05636	0.20159	0.02561	0.03312	0.39988	0.00669	0.01184	0.06967	0.00442	0.00599
55	0.01140	0.00964	0.01335	0.16764	0.01830	0.01177	0.01007	0.01403	0.05271	0.01524	0.01581	0.02739	0.01582	0.29772	0.12322	0.00498	0.17411	0.00734	0.00355	0.00593
56	0.04658	0.00995	0.05442	0.01245	0.07431	0.00862	0.00917	0.03048	0.03395	0.09362	0.17665	0.16010	0.09849	0.04427	0.00917	0.03918	0.00499	0.08093	0.00571	0.00696
57	0.01535	0.01441	0.02401	0.23664	0.50883	0.01530	0.01895	0.05171	0.01496	0.02077	0.01213	0.01631	0.00982	0.00605	0.00642	0.00198	0.00791	0.00576	0.00326	0.00943
58	0.01930	0.22390	0.02545	0.05154	0.02204	0.28019	0.13344	0.08745	0.01695	0.01896	0.01233	0.05635	0.01081	0.00702	0.00592	0.00178	0.00922	0.00563	0.00360	0.00811
59	0.09528	0.01200	0.01390	0.01037	0.01572	0.01032	0.00842	0.07691	0.01580	0.19864	0.01500	0.01540	0.01101	0.00593	0.00527	0.00139	0.00517	0.00461	0.00508	0.47377

[dist]
# distance from previous block
# <min> <max>
2	5

[block]
# block no. 6 follows, 34 sequences, length 27
# corresponding to MSA columns:
# 970-996
name=unknown_G
#
# <colnr> <probs for GDERKNQSTAVLIFYWHMCP>
#	G	D	E	R	K	N	Q	S	T	A	V	L	I	F	Y	W	H	M	C	P
0	0.08131	0.02351	0.01622	0.01447	0.01783	0.47356	0.01108	0.07862	0.01776	0.07623	0.01274	0.01456	0.01015	0.01113	0.08188	0.00263	0.01058	0.00478	0.03318	0.00778
1	0.00842	0.00623	0.00799	0.00919	0.01018	0.00580	0.00681	0.01007	0.01342	0.01735	0.04121	0.46645	0.17793	0.01892	0.00828	0.00262	0.00417	0.17354	0.00599	0.00545
2	0.01220	0.01148	0.01938	0.75739	0.04450	0.01436	0.01794	0.01651	0.01292	0.01651	0.01148	0.01723	0.00861	0.00646	0.00646	0.00215	0.00861	0.00574	0.00287	0.00718
3	0.07348	0.05341	0.30761	0.01307	0.01902	0.01213	0.01406	0.01843	0.01301	0.08554	0.01416	0.01867	0.01170	0.10828	0.07179	0.00307	0.00814	0.00540	0.00371	0.14532
4	0.01727	0.77681	0.03386	0.01106	0.01658	0.02557	0.01106	0.01935	0.01313	0.01520	0.00898	0.01036	0.00829	0.00553	0.00415	0.00138	0.00691	0.00345	0.00276	0.00829
5	0.01844	0.01451	0.01557	0.01301	0.01700	0.01616	0.01039	0.30999	0.32937	0.03206	0.09337	0.02496	0.05769	0.00919	0.00669	0.00207	0.00564	0.00746	0.00655	0.00988
6	0.00798	0.00596	0.00748	0.00855	0.00941	0.00538	0.00584	0.00925	0.01285	0.01680	0.04062	0.61382	0.17233	0.01908	0.00804	0.00249	0.00369	0.01707	0.00594	0.02743
7	0.49374	0.01188	0.01176	0.00973	0.01414	0.01244	0.00803	0.02413	0.01408	0.32030	0.01578	0.01523	0.01070	0.00682	0.00503	0.00200	0.00520	0.00473	0.00564	0.00864
8	0.01409	0.01548	0.03301	0.02416	0.02968	0.01467	0.58519	0.01889	0.01454	0.01980	0.01517	0.07378	0.01289	0.01096	0.08361	0.00305	0.01102	0.00835	0.00349	0.00816
9	0.00846	0.00656	0.00783	0.00850	0.01006	0.00593	0.00656	0.01039	0.01446	0.01824	0.09381	0.22327	0.36426	0.01740	0.00809	0.00246	0.00401	0.17809	0.00606	0.00557
10	0.00792	0.00569	0.00751	0.00888	0.00936	0.00529	0.00597	0.00913	0.01269	0.01690	0.06434	0.71626	0.06646	0.01983	0.00820	0.00259	0.00370	0.01794	0.00604	0.00529
11	0.02003	0.01511	0.01845	0.01455	0.01895	0.01619	0.07521	0.43252	0.07020	0.05542	0.13228	0.02487	0.02108	0.00905	0.00690	0.00205	0.00656	0.04462	0.00630	0.00966
12	0.00982	0.00769	0.01105	0.01067	0.01163	0.00912	0.00826	0.01191	0.01106	0.01599	0.08959	0.02774	0.02043	0.09793	0.52870	0.00830	0.10304	0.00746	0.00380	0.00581
13	0.37647	0.01236	0.01301	0.01051	0.01508	0.01274	0.00867	0.09334	0.01637	0.35605	0.01723	0.01628	0.01153	0.00709	0.00539	0.00199	0.00544	0.00511	0.00608	0.00923
14	0.02414	0.03079	0.01831	0.01665	0.01998	0.74698	0.01248	0.02580	0.01831	0.01581	0.00999	0.01165	0.00832	0.00666	0.00583	0.00166	0.01165	0.00416	0.00333	0.00749
15	0.00837	0.00657	0.00756	0.00731	0.00918	0.00577	0.00548	0.01069	0.01645	0.02155	0.38659	0.05545	0.40631	0.01484	0.00763	0.00211	0.00316	0.01269	0.00654	0.00577
16	0.01451	0.01058	0.01421	0.01220	0.01422	0.01190	0.04655	0.12313	0.03261	0.07673	0.01723	0.02528	0.01566	0.19220	0.22557	0.00546	0.11743	0.00711	0.03037	0.00705
17	0.02653	0.01110	0.01481	0.01150	0.01626	0.00992	0.00945	0.06595	0.01829	0.61126	0.02367	0.02147	0.01542	0.01082	0.06118	0.00257	0.00642	0.00636	0.00738	0.04964
18	0.73424	0.01407	0.04187	0.01012	0.03510	0.03784	0.00829	0.01930	0.01146	0.02796	0.00924	0.01083	0.00719	0.00602	0.00422	0.00199	0.00549	0.00364	0.00390	0.00722
19	0.11007	0.01180	0.01591	0.03804	0.07017	0.01150	0.04789	0.07644	0.03112	0.37453	0.02105	0.02289	0.01512	0.00802	0.00627	0.00203	0.00594	0.04994	0.07177	0.00951
20	0.01560	0.01608	0.03069	0.12430	0.12964	0.01640	0.40465	0.07125	0.04123	0.02161	0.01313	0.01711	0.01008	0.00625	0.00795	0.00216	0.05262	0.00686	0.00354	0.00885
21	0.01153	0.00705	0.00917	0.00837	0.01028	0.00647	0.00637	0.01452	0.01801	0.10468	0.60564	0.04380	0.05312	0.01227	0.00730	0.00199	0.00332	0.01075	0.05872	0.00664
22	0.00837	0.00605	0.00801	0.00933	0.01007	0.00569	0.00673	0.00994	0.01321	0.01745	0.06501	0.56799	0.08662	0.01928	0.00831	0.00264	0.00409	0.13975	0.00603	0.00542
23	0.00954	0.00717	0.00892	0.00855	0.01021	0.00688	0.00638	0.01369	0.08153	0.02448	0.54954	0.11637	0.10471	0.01371	0.00759	0.00211	0.00332	0.01207	0.00687	0.00634
24	0.00915	0.00642	0.00805	0.00794	0.00875	0.00625	0.00538	0.01078	0.01370	0.01904	0.33956	0.10132	0.04128	0.31651	0.07444	0.00439	0.00547	0.01095	0.00548	0.00514
25	0.01670	0.67699	0.12861	0.01204	0.01811	0.02415	0.01278	0.01950	0.01320	0.01591	0.00933	0.01080	0.00828	0.00561	0.00441	0.00147	0.00726	0.00363	0.00276	0.00846
26	0.01685	0.09320	0.01871	0.01423	0.01814	0.04431	0.05565	0.08380	0.46770	0.02532	0.02167	0.02226	0.01686	0.00847	0.00708	0.00212	0.03973	0.02863	0.00566	0.00961

[dist]
# distance from previous block
# <min> <max>
0	1

[block]
# block no. 7 follows, 34 sequences, length 26
# corresponding to MSA columns:
# 998-1023
name=unknown_H
#
# <colnr> <probs for GDERKNQSTAVLIFYWHMCP>
#	G	D	E	R	K	N	Q	S	T	A	V	L	I	F	Y	W	H	M	C	P
0	0.01325	0.00866	0.01121	0.01146	0.01373	0.00855	0.00980	0.07811	0.01663	0.09439	0.03552	0.06114	0.11903	0.01574	0.00829	0.00268	0.00568	0.47306	0.00621	0.00686
1	0.75082	0.01297	0.01034	0.00904	0.01314	0.01497	0.00745	0.07804	0.01265	0.02999	0.00955	0.01092	0.00734	0.00615	0.00421	0.00199	0.00518	0.00370	0.00421	0.00734
2	0.00836	0.00620	0.00783	0.00847	0.00959	0.00567	0.00610	0.01026	0.01469	0.01959	0.24214	0.38085	0.17840	0.01731	0.00799	0.00239	0.00360	0.05865	0.00632	0.00558
3	0.00971	0.00687	0.00870	0.00816	0.00997	0.00617	0.00612	0.01242	0.01725	0.04820	0.54529	0.09629	0.14186	0.01358	0.00752	0.00205	0.00328	0.01190	0.00680	0.03788
4	0.01719	0.01124	0.01298	0.01148	0.01483	0.01185	0.00894	0.02757	0.37288	0.19457	0.11672	0.09581	0.05458	0.01049	0.00688	0.00216	0.00475	0.00892	0.00691	0.00925
5	0.61607	0.01211	0.01091	0.00927	0.01352	0.01321	0.00764	0.02220	0.01292	0.21059	0.01323	0.01344	0.00930	0.00651	0.00464	0.00200	0.00513	0.00427	0.00502	0.00802
6	0.02631	0.01237	0.01531	0.01187	0.01659	0.01190	0.00976	0.20511	0.02111	0.49287	0.02252	0.02051	0.01476	0.00789	0.00631	0.00194	0.00569	0.00628	0.08035	0.01054
7	0.00807	0.00638	0.00727	0.00743	0.00909	0.00558	0.00543	0.00997	0.01518	0.01944	0.22987	0.19665	0.42413	0.01631	0.00775	0.00223	0.00331	0.01406	0.00629	0.00558
8	0.01967	0.00880	0.01180	0.01029	0.01345	0.00787	0.00821	0.02210	0.01676	0.39692	0.12723	0.15540	0.02902	0.01176	0.00707	0.00218	0.00475	0.07943	0.05881	0.00851
9	0.01306	0.03121	0.66114	0.01867	0.02764	0.01475	0.07262	0.02002	0.01356	0.02013	0.01169	0.01414	0.00842	0.00671	0.00697	0.03276	0.00950	0.00501	0.00277	0.00923
10	0.01220	0.01148	0.01938	0.75739	0.04450	0.01436	0.01794	0.01651	0.01292	0.01651	0.01148	0.01723	0.00861	0.00646	0.00646	0.00215	0.00861	0.00574	0.00287	0.00718
11	0.01117	0.00964	0.01657	0.01481	0.01738	0.00933	0.17887	0.01484	0.03552	0.01984	0.08169	0.19095	0.03290	0.01468	0.00831	0.00262	0.00648	0.32238	0.00541	0.00662
12	0.55495	0.01200	0.01137	0.03063	0.03005	0.02984	0.02844	0.01880	0.01226	0.08631	0.01444	0.11928	0.01305	0.00819	0.00508	0.00209	0.00535	0.00611	0.00454	0.00723
13	0.75763	0.01408	0.06471	0.00925	0.01367	0.01453	0.00827	0.01910	0.01120	0.02834	0.00919	0.01073	0.00709	0.00601	0.00416	0.00200	0.00534	0.00360	0.00390	0.00719
14	0.01388	0.01269	0.08000	0.02866	0.05659	0.02498	0.01142	0.07513	0.03282	0.07310	0.01758	0.09291	0.01632	0.07129	0.24473	0.00511	0.12362	0.00754	0.00423	0.00741
15	0.81856	0.01250	0.00950	0.00850	0.01250	0.01449	0.00700	0.01899	0.01100	0.02899	0.00900	0.01050	0.00700	0.00600	0.00400	0.00200	0.00500	0.00350	0.00400	0.00700
16	0.01292	0.01129	0.01764	0.35638	0.14141	0.01317	0.01464	0.04490	0.02765	0.01819	0.01523	0.11666	0.01411	0.00993	0.00934	0.06347	0.07289	0.00744	0.02548	0.00726
17	0.01008	0.00697	0.00805	0.00781	0.00996	0.00607	0.00599	0.01215	0.01569	0.08466	0.19658	0.09699	0.44145	0.01526	0.00765	0.00221	0.00363	0.05628	0.00641	0.00611
18	0.00828	0.00635	0.00776	0.00850	0.00936	0.00607	0.00591	0.00949	0.01268	0.01638	0.04131	0.44737	0.23363	0.09618	0.01117	0.00289	0.03579	0.02997	0.00565	0.00526
19	0.02516	0.01401	0.01513	0.01207	0.01643	0.09048	0.00974	0.17735	0.02032	0.41096	0.02103	0.02016	0.01431	0.02500	0.00679	0.00199	0.00625	0.00611	0.09681	0.00990
20	0.20843	0.00912	0.00974	0.00857	0.01164	0.00863	0.00661	0.01428	0.01436	0.02380	0.25085	0.11850	0.07599	0.01044	0.00612	0.00184	0.00405	0.00869	0.00534	0.20300
21	0.01136	0.01011	0.01178	0.01128	0.01235	0.08520	0.00860	0.01314	0.01099	0.01477	0.01600	0.02524	0.01558	0.15005	0.47846	0.00799	0.10097	0.00687	0.00344	0.00581
22	0.01633	0.06260	0.32360	0.01685	0.06159	0.01567	0.01687	0.10142	0.08623	0.08818	0.06049	0.01789	0.01391	0.00766	0.00773	0.00208	0.08133	0.00582	0.00434	0.00942
23	0.52529	0.01458	0.01309	0.06720	0.01697	0.05689	0.00947	0.14982	0.01516	0.02889	0.01045	0.01219	0.00802	0.00665	0.00556	0.00202	0.04143	0.00424	0.00429	0.00780
24	0.01582	0.01908	0.15925	0.02299	0.02968	0.01484	0.47008	0.02118	0.01518	0.08569	0.01477	0.01936	0.01122	0.00630	0.00722	0.00213	0.00975	0.03556	0.00373	0.03616
25	0.01755	0.16172	0.03291	0.02155	0.02723	0.09288	0.42907	0.02161	0.01523	0.07317	0.01277	0.01573	0.00979	0.00598	0.00716	0.00198	0.03520	0.00633	0.00352	0.00863

[dist]
# distance from previous block
# <min> <max>
1	3

[block]
# block no. 8 follows, 34 sequences, length 14
# corresponding to MSA columns:
# 1027-1040
name=unknown_I
#
# <colnr> <probs for GDERKNQSTAVLIFYWHMCP>
#	G	D	E	R	K	N	Q	S	T	A	V	L	I	F	Y	W	H	M	C	P
0	0.01978	0.01367	0.01612	0.01341	0.01601	0.06103	0.01075	0.16448	0.01675	0.19924	0.01600	0.01974	0.01282	0.08310	0.05423	0.04630	0.21702	0.00622	0.00504	0.00830
1	0.03263	0.00947	0.01314	0.01390	0.11791	0.00886	0.00920	0.01928	0.01554	0.26736	0.11695	0.07361	0.13055	0.05521	0.08389	0.00314	0.00631	0.00893	0.00601	0.00812
2	0.01625	0.57175	0.17766	0.01370	0.02012	0.02276	0.06319	0.01967	0.01338	0.01666	0.00980	0.01153	0.00838	0.00565	0.00480	0.00157	0.00773	0.00402	0.00279	0.00858
3	0.01294	0.00953	0.01137	0.01074	0.01297	0.01030	0.00864	0.01936	0.19162	0.06773	0.12306	0.04186	0.13928	0.01242	0.00855	0.00230	0.07784	0.14403	0.08806	0.00740
4	0.00819	0.00605	0.00753	0.00846	0.00935	0.00557	0.00591	0.00960	0.01325	0.01729	0.09158	0.46947	0.18881	0.07215	0.00986	0.00277	0.00391	0.05903	0.00593	0.00530
5	0.01679	0.05735	0.07223	0.32511	0.16944	0.09037	0.01671	0.09765	0.01615	0.05941	0.01255	0.01586	0.00952	0.00650	0.00624	0.00198	0.00838	0.00544	0.00365	0.00867
6	0.01233	0.01147	0.01926	0.60593	0.11707	0.01386	0.01719	0.01639	0.01287	0.01687	0.01212	0.01788	0.00952	0.01046	0.07830	0.00293	0.00935	0.00586	0.00296	0.00738
7	0.00928	0.00622	0.00732	0.00747	0.00758	0.00624	0.00441	0.00945	0.00973	0.01303	0.02148	0.11485	0.02469	0.63399	0.07026	0.02912	0.00661	0.01007	0.00407	0.00412
8	0.06626	0.02982	0.01784	0.01621	0.01958	0.70815	0.01219	0.02544	0.01792	0.01651	0.00993	0.01159	0.00825	0.00662	0.00573	0.00168	0.01130	0.00413	0.00336	0.00746
9	0.00894	0.00607	0.00718	0.00763	0.00774	0.00596	0.00454	0.00928	0.01028	0.01371	0.02490	0.25872	0.02922	0.54867	0.02555	0.00518	0.00551	0.01207	0.00454	0.00431
10	0.01883	0.36321	0.05955	0.01284	0.01811	0.09805	0.01168	0.16487	0.07914	0.02242	0.01233	0.01322	0.00997	0.00635	0.00518	0.00159	0.00722	0.00446	0.00403	0.08698
11	0.01346	0.01246	0.06188	0.01666	0.13586	0.02734	0.06422	0.01758	0.08183	0.05695	0.08990	0.02796	0.02040	0.21894	0.07028	0.00380	0.03354	0.00761	0.00438	0.03493
12	0.06102	0.08662	0.01930	0.13676	0.10377	0.01458	0.03627	0.08700	0.03169	0.17992	0.01924	0.03400	0.05034	0.00846	0.00750	0.00210	0.06437	0.04339	0.00491	0.00876
13	0.01381	0.01527	0.13539	0.04601	0.02008	0.01300	0.10562	0.02171	0.20127	0.05859	0.16935	0.07301	0.02524	0.00961	0.00800	0.00219	0.05989	0.00834	0.00523	0.00841

[dist]
# distance from previous block
# <min> <max>
8	73

[block]
# block no. 9 follows, 34 sequences, length 15
# corresponding to MSA columns:
# 1115-1129
name=unknown_J
#
# <colnr> <probs for GDERKNQSTAVLIFYWHMCP>
#	G	D	E	R	K	N	Q	S	T	A	V	L	I	F	Y	W	H	M	C	P
0	0.06058	0.03842	0.05307	0.08023	0.01469	0.00916	0.00836	0.01465	0.01273	0.09322	0.09497	0.12546	0.02427	0.24453	0.06164	0.00386	0.00652	0.00892	0.00472	0.04002
1	0.03604	0.10142	0.04207	0.01680	0.14356	0.12993	0.01156	0.01906	0.01423	0.09935	0.01860	0.06057	0.06098	0.08101	0.01006	0.00236	0.08281	0.00677	0.05502	0.00780
2	0.05653	0.25802	0.02296	0.01374	0.01719	0.03406	0.10574	0.03455	0.03568	0.01790	0.01508	0.11521	0.01470	0.01516	0.12514	0.00333	0.09689	0.00701	0.00367	0.00745
3	0.01339	0.05654	0.01132	0.00891	0.01155	0.00833	0.00692	0.01636	0.04582	0.14968	0.29207	0.08358	0.15726	0.06047	0.00867	0.00227	0.00419	0.01026	0.00635	0.04605
4	0.14268	0.09017	0.22599	0.09237	0.04594	0.01553	0.05559	0.03860	0.11869	0.06267	0.01499	0.04400	0.01173	0.00710	0.00591	0.00203	0.00734	0.00576	0.00407	0.00881
5	0.01511	0.01227	0.01791	0.05686	0.12370	0.05315	0.11039	0.01976	0.09716	0.11148	0.02274	0.21918	0.02167	0.01313	0.04964	0.00270	0.00729	0.03274	0.00506	0.00808
6	0.01196	0.08231	0.13201	0.01442	0.07008	0.01125	0.05526	0.05839	0.01434	0.01947	0.02537	0.34400	0.06687	0.01277	0.00702	0.00218	0.00596	0.01135	0.00471	0.05030
