[name]
unknown

[dist]
# distance from previous block
# <min> <max>
4	184

[block]
# block no. 0 follows, 44 sequences, length 22
# corresponding to MSA columns:
# 191-212
name=unknown_A
#
# <colnr> <probs for GDERKNQSTAVLIFYWHMCP>
#	G	D	E	R	K	N	Q	S	T	A	V	L	I	F	Y	W	H	M	C	P
0	0.24617	0.01114	0.01217	0.00970	0.01354	0.01095	0.00781	0.06970	0.01280	0.15138	0.01208	0.01338	0.00930	0.00617	0.00601	0.00160	0.08387	0.00414	0.00427	0.31382
1	0.01692	0.02610	0.05838	0.01335	0.06857	0.03942	0.04440	0.18347	0.10532	0.18358	0.04610	0.01603	0.01229	0.00665	0.00654	0.00168	0.08056	0.00520	0.02274	0.06271
2	0.01435	0.14532	0.14635	0.05574	0.13339	0.11917	0.03221	0.06005	0.13602	0.02800	0.01225	0.01365	0.02062	0.00596	0.00581	0.00164	0.05400	0.00459	0.00327	0.00762
3	0.01212	0.00780	0.01080	0.00914	0.01156	0.00739	0.08052	0.06150	0.01377	0.15979	0.11805	0.13658	0.21038	0.01026	0.00630	0.00179	0.02699	0.00888	0.10020	0.00618
4	0.00839	0.00641	0.00780	0.00731	0.00889	0.00624	0.00552	0.01260	0.11765	0.02128	0.59755	0.03910	0.11854	0.01090	0.00631	0.00175	0.00283	0.00952	0.00585	0.00557
5	0.04927	0.22680	0.22032	0.03639	0.01719	0.01470	0.01191	0.08853	0.13080	0.09944	0.04473	0.01427	0.01122	0.00594	0.00484	0.00159	0.00591	0.00453	0.00379	0.00783
6	0.01261	0.29210	0.39506	0.01220	0.01805	0.01507	0.01407	0.05106	0.01175	0.03133	0.01016	0.01319	0.00847	0.08518	0.00688	0.00189	0.00685	0.00411	0.00265	0.00730
7	0.01161	0.00812	0.01055	0.00981	0.01174	0.00826	0.03891	0.14879	0.01420	0.06409	0.04861	0.09734	0.05871	0.14239	0.03812	0.00287	0.00541	0.26986	0.00479	0.00581
8	0.00744	0.00588	0.00748	0.00773	0.00862	0.00592	0.00571	0.00892	0.01183	0.01579	0.18906	0.35924	0.20686	0.01424	0.00784	0.00205	0.08232	0.04328	0.00499	0.00480
9	0.09707	0.17282	0.26242	0.07815	0.02029	0.06908	0.08085	0.07412	0.01291	0.05219	0.02609	0.01219	0.00841	0.00537	0.00485	0.00160	0.00698	0.00421	0.00302	0.00737
10	0.66177	0.00981	0.00842	0.00752	0.01070	0.01093	0.00608	0.01648	0.01017	0.11630	0.01155	0.08942	0.00985	0.00647	0.00399	0.00174	0.00416	0.00451	0.00396	0.00617
11	0.00725	0.00529	0.00684	0.00760	0.00844	0.00495	0.00559	0.00881	0.01190	0.01580	0.16850	0.40961	0.12713	0.04276	0.00763	0.00224	0.00342	0.14644	0.00516	0.00465
12	0.01136	0.00790	0.00862	0.00834	0.00989	0.08325	0.00613	0.01310	0.01349	0.14453	0.27741	0.33530	0.03459	0.01220	0.00633	0.00188	0.00388	0.01072	0.00544	0.00567
13	0.01090	0.00753	0.01037	0.02764	0.03359	0.00765	0.03789	0.05703	0.04823	0.10292	0.14734	0.34082	0.02841	0.06158	0.00832	0.00218	0.04636	0.01039	0.00498	0.00587
14	0.01578	0.01074	0.01482	0.01187	0.01523	0.01093	0.12913	0.21450	0.08868	0.15900	0.01854	0.12635	0.01552	0.00802	0.00568	0.00176	0.00525	0.02826	0.11237	0.00757
15	0.01486	0.04860	0.01579	0.01286	0.01495	0.20771	0.04565	0.14332	0.01350	0.01686	0.01037	0.01419	0.00915	0.04609	0.14101	0.00312	0.22756	0.00479	0.00317	0.00644
16	0.01142	0.00987	0.01189	0.00944	0.05387	0.00757	0.00701	0.01389	0.01136	0.01777	0.00972	0.01142	0.00811	0.00408	0.00411	0.00085	0.00417	0.00332	0.00320	0.79693
17	0.14245	0.03196	0.08478	0.01460	0.06187	0.16681	0.07336	0.07991	0.01247	0.01779	0.01035	0.01273	0.03295	0.00679	0.00853	0.00183	0.22654	0.00452	0.00302	0.00675
18	0.00990	0.00882	0.03360	0.15775	0.04662	0.00937	0.00916	0.05069	0.13351	0.01658	0.02121	0.38268	0.02232	0.01147	0.00698	0.00202	0.05699	0.00999	0.00431	0.00603
19	0.00907	0.00654	0.00803	0.00813	0.00941	0.00657	0.00597	0.05174	0.10397	0.03255	0.23535	0.38125	0.03522	0.01304	0.00645	0.00197	0.00337	0.04172	0.03413	0.00553
20	0.05029	0.00909	0.03358	0.04412	0.03330	0.00901	0.05956	0.04695	0.17726	0.05736	0.09157	0.31882	0.02481	0.01084	0.00610	0.00194	0.00443	0.00969	0.00486	0.00642
21	0.01037	0.01182	0.12357	0.14897	0.26423	0.00987	0.01266	0.01357	0.01222	0.01699	0.14710	0.08432	0.05683	0.04161	0.00672	0.00191	0.00563	0.02138	0.00355	0.00668

[dist]
# distance from previous block
# <min> <max>
0	7

[block]
# block no. 1 follows, 44 sequences, length 10
# corresponding to MSA columns:
# 220-229
name=unknown_B
#
# <colnr> <probs for GDERKNQSTAVLIFYWHMCP>
#	G	D	E	R	K	N	Q	S	T	A	V	L	I	F	Y	W	H	M	C	P
0	0.01422	0.05436	0.06054	0.14935	0.07995	0.01192	0.08356	0.07935	0.04458	0.12327	0.01262	0.03618	0.00982	0.00593	0.00596	0.00159	0.05376	0.00499	0.00367	0.16437
1	0.23005	0.09773	0.04627	0.01146	0.01508	0.15523	0.05969	0.04912	0.10377	0.03559	0.01051	0.01176	0.00831	0.00575	0.00555	0.00159	0.06902	0.00402	0.00341	0.07608
2	0.01207	0.02643	0.11630	0.01216	0.01460	0.01163	0.03674	0.01452	0.01066	0.09162	0.03069	0.04609	0.01282	0.01183	0.08875	0.00266	0.29401	0.06867	0.02503	0.07269
3	0.01363	0.03424	0.01708	0.22941	0.09700	0.19508	0.03933	0.01599	0.01160	0.01447	0.00904	0.01253	0.00758	0.00635	0.00828	0.00176	0.20426	0.00444	0.02616	0.05177
4	0.00959	0.00671	0.00845	0.00765	0.00912	0.00682	0.00591	0.05178	0.01487	0.04885	0.53305	0.03431	0.06712	0.01019	0.00702	0.00172	0.06878	0.00857	0.09393	0.00556
5	0.00704	0.00535	0.00650	0.00680	0.00798	0.00482	0.00498	0.00874	0.01283	0.01690	0.27971	0.26749	0.28475	0.01396	0.00665	0.00194	0.00294	0.05050	0.00537	0.00475
6	0.00677	0.00506	0.00629	0.00698	0.00782	0.00459	0.00486	0.00808	0.01172	0.01540	0.15629	0.50334	0.21226	0.01534	0.00675	0.00205	0.00297	0.01364	0.00521	0.00459
7	0.01233	0.01085	0.01536	0.20205	0.04815	0.01379	0.01178	0.03657	0.11158	0.05324	0.01140	0.01489	0.00942	0.01047	0.07552	0.00262	0.34509	0.00511	0.00318	0.00661
8	0.04246	0.01055	0.01443	0.29542	0.04132	0.01178	0.02769	0.14497	0.11404	0.12717	0.03709	0.08164	0.01339	0.00716	0.00557	0.00179	0.00573	0.00612	0.00434	0.00733
9	0.01595	0.40887	0.04539	0.01078	0.01501	0.18173	0.00966	0.11058	0.03523	0.01653	0.01038	0.01132	0.02805	0.00539	0.00428	0.00130	0.00650	0.00368	0.00306	0.07632

[dist]
# distance from previous block
# <min> <max>
1	9

[block]
# block no. 2 follows, 44 sequences, length 22
# corresponding to MSA columns:
# 239-260
name=unknown_C
#
# <colnr> <probs for GDERKNQSTAVLIFYWHMCP>
#	G	D	E	R	K	N	Q	S	T	A	V	L	I	F	Y	W	H	M	C	P
0	0.05603	0.01569	0.19854	0.01442	0.05059	0.01171	0.13888	0.10569	0.05073	0.16596	0.01327	0.01422	0.00950	0.00645	0.02621	0.00181	0.00663	0.00486	0.00395	0.10486
1	0.06893	0.05630	0.04542	0.27687	0.11655	0.08576	0.01248	0.06427	0.04425	0.03972	0.01147	0.05980	0.00970	0.00656	0.00637	0.00177	0.07865	0.00516	0.00316	0.00683
2	0.03794	0.01307	0.02516	0.09963	0.10240	0.01323	0.43684	0.03745	0.03286	0.03637	0.02960	0.01520	0.00962	0.00628	0.02606	0.00200	0.06009	0.00589	0.00304	0.00724
3	0.00763	0.00557	0.00717	0.00677	0.00809	0.00511	0.00508	0.01012	0.01523	0.02139	0.72364	0.04151	0.09962	0.01132	0.00643	0.00172	0.00258	0.00997	0.00594	0.00511
4	0.01572	0.01136	0.01446	0.01166	0.01538	0.01179	0.08103	0.08541	0.34801	0.17112	0.04701	0.01836	0.01470	0.00673	0.00577	0.00169	0.02380	0.00572	0.00518	0.10511
5	0.00681	0.00499	0.00639	0.00719	0.00788	0.00458	0.00496	0.00810	0.01159	0.01544	0.16534	0.57078	0.13470	0.01560	0.00680	0.00208	0.00301	0.01397	0.00523	0.00458
6	0.00663	0.00525	0.00596	0.00637	0.00762	0.00459	0.00455	0.00796	0.01199	0.01508	0.10995	0.31573	0.44963	0.01472	0.00662	0.00196	0.00289	0.01276	0.00515	0.00459
7	0.02030	0.01506	0.01612	0.01246	0.01675	0.01671	0.01026	0.71319	0.06935	0.03368	0.01363	0.01352	0.00971	0.00659	0.00546	0.00165	0.00590	0.00498	0.00546	0.00923
8	0.84691	0.01054	0.00801	0.00717	0.01054	0.01223	0.00590	0.01603	0.00928	0.02446	0.00759	0.00886	0.00590	0.00506	0.00337	0.00169	0.00422	0.00295	0.00337	0.00590
9	0.84691	0.01054	0.00801	0.00717	0.01054	0.01223	0.00590	0.01603	0.00928	0.02446	0.00759	0.00886	0.00590	0.00506	0.00337	0.00169	0.00422	0.00295	0.00337	0.00590
10	0.84691	0.01054	0.00801	0.00717	0.01054	0.01223	0.00590	0.01603	0.00928	0.02446	0.00759	0.00886	0.00590	0.00506	0.00337	0.00169	0.00422	0.00295	0.00337	0.00590
11	0.06495	0.01502	0.01591	0.01226	0.01657	0.01666	0.01012	0.71659	0.02476	0.03383	0.01279	0.01286	0.00909	0.00647	0.00534	0.00164	0.00590	0.00480	0.00534	0.00909
12	0.84691	0.01054	0.00801	0.00717	0.01054	0.01223	0.00590	0.01603	0.00928	0.02446	0.00759	0.00886	0.00590	0.00506	0.00337	0.00169	0.00422	0.00295	0.00337	0.00590
13	0.01193	0.01193	0.01670	0.01431	0.01431	0.01670	0.01193	0.01312	0.00835	0.01312	0.00716	0.01193	0.00716	0.00954	0.01789	0.00239	0.79843	0.00477	0.00239	0.00596
14	0.01093	0.02820	0.78016	0.01554	0.02360	0.01266	0.02014	0.01727	0.01151	0.01727	0.00978	0.01151	0.00691	0.00518	0.00518	0.00173	0.00806	0.00403	0.00230	0.00806
15	0.01130	0.00969	0.01130	0.00807	0.01292	0.00727	0.00646	0.01373	0.01130	0.01776	0.00969	0.01130	0.00807	0.00404	0.00404	0.00081	0.00404	0.00323	0.00323	0.84173
16	0.02222	0.01140	0.01379	0.01073	0.01488	0.01135	0.00881	0.25613	0.09201	0.47051	0.01893	0.01701	0.01248	0.00675	0.00548	0.00169	0.00503	0.00537	0.00622	0.00921
17	0.01159	0.01137	0.01579	0.01361	0.01361	0.01574	0.01120	0.01268	0.00831	0.01291	0.00800	0.01393	0.00822	0.07679	0.01872	0.00263	0.73166	0.00504	0.00246	0.00574
18	0.07016	0.00859	0.01119	0.00895	0.01253	0.00769	0.00727	0.02297	0.01464	0.59474	0.06369	0.06573	0.01657	0.00748	0.00539	0.00169	0.00427	0.00615	0.06202	0.00828
19	0.79819	0.01082	0.00851	0.00749	0.01092	0.01251	0.00617	0.05968	0.01024	0.02504	0.00792	0.00911	0.00610	0.00515	0.00350	0.00168	0.00432	0.00307	0.00350	0.00610
20	0.00814	0.00545	0.00788	0.00795	0.00853	0.00600	0.00578	0.00877	0.00836	0.01171	0.01456	0.06407	0.01466	0.13372	0.46802	0.20254	0.01048	0.00637	0.00296	0.00406
21	0.00713	0.00548	0.00628	0.00617	0.00768	0.00484	0.00460	0.00902	0.01353	0.01786	0.35022	0.08741	0.40342	0.01259	0.00637	0.00179	0.00270	0.01079	0.03729	0.00484

[dist]
# distance from previous block
# <min> <max>
0	1

[block]
# block no. 3 follows, 44 sequences, length 31
# corresponding to MSA columns:
# 262-292
name=unknown_D
#
# <colnr> <probs for GDERKNQSTAVLIFYWHMCP>
#	G	D	E	R	K	N	Q	S	T	A	V	L	I	F	Y	W	H	M	C	P
0	0.63916	0.01102	0.00968	0.00819	0.01179	0.01235	0.00675	0.11570	0.01221	0.11549	0.00998	0.01057	0.00726	0.00546	0.00390	0.00168	0.00450	0.00351	0.00405	0.00675
1	0.01411	0.19126	0.21859	0.01295	0.06548	0.04413	0.01217	0.06495	0.03852	0.07429	0.01067	0.01187	0.00826	0.00530	0.00517	0.00142	0.03904	0.00393	0.00319	0.17470
2	0.77097	0.01117	0.00852	0.00764	0.01097	0.04038	0.00622	0.01695	0.05117	0.02397	0.00843	0.00953	0.00654	0.00521	0.00355	0.00169	0.00443	0.00315	0.00347	0.00607
3	0.00859	0.00615	0.00860	0.00981	0.01099	0.00616	0.00844	0.01097	0.01226	0.01601	0.02847	0.11558	0.03112	0.01609	0.03390	0.00270	0.00521	0.65903	0.00495	0.00497
4	0.00664	0.00474	0.00633	0.00759	0.00791	0.00443	0.00506	0.00759	0.01044	0.01392	0.03005	0.80485	0.03606	0.01708	0.00696	0.00221	0.00316	0.01550	0.00506	0.00443
5	0.01568	0.01276	0.01352	0.01152	0.01498	0.01455	0.00914	0.24412	0.54595	0.02622	0.01950	0.01820	0.01446	0.00714	0.00552	0.00179	0.00481	0.00579	0.00552	0.00882
6	0.52165	0.01051	0.01013	0.00839	0.01211	0.01126	0.00692	0.07695	0.01256	0.26440	0.01244	0.01226	0.00857	0.00571	0.00420	0.00168	0.00449	0.00391	0.00461	0.00724
7	0.01845	0.00848	0.01111	0.00895	0.01218	0.00772	0.00722	0.07777	0.01633	0.46181	0.27719	0.02571	0.02614	0.00823	0.00580	0.00169	0.00404	0.00693	0.00639	0.00786
8	0.00727	0.00556	0.00667	0.00639	0.00787	0.00496	0.00480	0.00943	0.01439	0.01938	0.52267	0.04480	0.30184	0.01207	0.00643	0.00176	0.00264	0.01043	0.00568	0.00496
9	0.00964	0.00505	0.00527	0.00542	0.00651	0.00502	0.00393	0.01185	0.01113	0.01905	0.01916	0.11122	0.01683	0.05183	0.00549	0.00160	0.00276	0.00643	0.69690	0.00491
10	0.84691	0.01054	0.00801	0.00717	0.01054	0.01223	0.00590	0.01603	0.00928	0.02446	0.00759	0.00886	0.00590	0.00506	0.00337	0.00169	0.00422	0.00295	0.00337	0.00590
11	0.49742	0.25237	0.01502	0.00856	0.01228	0.09224	0.00744	0.01691	0.01057	0.03572	0.00796	0.00912	0.00650	0.00503	0.00361	0.00150	0.00527	0.00305	0.00308	0.00634
12	0.00822	0.00606	0.00729	0.00705	0.00857	0.00578	0.00541	0.01156	0.07259	0.02003	0.45780	0.04130	0.17834	0.01127	0.00623	0.00178	0.00294	0.06774	0.07474	0.00530
13	0.00792	0.00532	0.00610	0.00610	0.00615	0.00537	0.00349	0.00803	0.00797	0.01068	0.01704	0.03490	0.01948	0.76664	0.06905	0.00547	0.00579	0.00781	0.00328	0.00339
14	0.02387	0.00941	0.01263	0.00978	0.01393	0.00831	0.00805	0.02670	0.05635	0.73707	0.02155	0.01865	0.01367	0.00678	0.00549	0.00170	0.00462	0.00552	0.00668	0.00924
15	0.02072	0.01527	0.01636	0.01254	0.01691	0.01691	0.01036	0.75622	0.02563	0.03436	0.01309	0.01309	0.00927	0.00654	0.00545	0.00164	0.00600	0.00491	0.00545	0.00927
16	0.01130	0.00969	0.01130	0.00807	0.01292	0.00727	0.00646	0.01373	0.01130	0.01776	0.00969	0.01130	0.00807	0.00404	0.00404	0.00081	0.00404	0.00323	0.00323	0.84173
17	0.04715	0.01455	0.01535	0.01200	0.01618	0.02877	0.00983	0.59440	0.10407	0.05146	0.01391	0.01376	0.00999	0.00649	0.00534	0.00163	0.00572	0.00491	0.00530	0.03922
18	0.01173	0.00886	0.01005	0.00895	0.01136	0.00938	0.00695	0.07707	0.30061	0.06179	0.32856	0.03062	0.09266	0.00935	0.00597	0.00177	0.00363	0.00797	0.00575	0.00696
19	0.01844	0.04130	0.02010	0.01779	0.14952	0.11974	0.16717	0.17804	0.01645	0.19701	0.01330	0.01417	0.00955	0.00570	0.00552	0.00164	0.00696	0.00509	0.00424	0.00828
20	0.01689	0.05952	0.14462	0.01595	0.02130	0.01302	0.28496	0.13527	0.01526	0.21760	0.01369	0.01461	0.00950	0.00556	0.00567	0.00171	0.00714	0.00537	0.00412	0.00825
21	0.00724	0.00555	0.00663	0.00636	0.00785	0.00494	0.00477	0.00937	0.01432	0.01921	0.50559	0.04508	0.31903	0.01213	0.00643	0.00176	0.00264	0.01047	0.00565	0.00494
22	0.00664	0.00477	0.00630	0.00753	0.00789	0.00443	0.00503	0.00760	0.01050	0.01394	0.03078	0.78296	0.05747	0.01698	0.00694	0.00220	0.00315	0.01538	0.00506	0.00443
23	0.03962	0.01277	0.08771	0.01165	0.01593	0.03637	0.06740	0.07415	0.15265	0.37753	0.03421	0.01752	0.01316	0.00654	0.00544	0.00171	0.00542	0.00546	0.02624	0.00852
24	0.04559	0.01006	0.01277	0.01001	0.01409	0.00947	0.00821	0.08332	0.10318	0.61180	0.02055	0.01807	0.01332	0.00676	0.00543	0.00170	0.00470	0.00545	0.00641	0.00911
25	0.00663	0.00557	0.00578	0.00583	0.00761	0.00472	0.00444	0.00812	0.01256	0.01512	0.08502	0.05245	0.70046	0.01376	0.00650	0.00187	0.00288	0.05094	0.00510	0.00465
26	0.01020	0.00894	0.01465	0.54871	0.08799	0.01049	0.01295	0.01332	0.01141	0.03404	0.06966	0.12562	0.01480	0.00747	0.00573	0.00185	0.00622	0.00671	0.00318	0.00605
27	0.01539	0.00821	0.01031	0.00919	0.01170	0.00796	0.00705	0.07210	0.11622	0.30600	0.05834	0.30857	0.02364	0.01082	0.00608	0.00190	0.00406	0.00942	0.00584	0.00722
28	0.01497	0.00791	0.01007	0.00858	0.01119	0.00745	0.00674	0.07488	0.05367	0.29594	0.32635	0.09311	0.04673	0.00955	0.00601	0.00175	0.00373	0.00821	0.00611	0.00707
29	0.04728	0.01143	0.01391	0.01279	0.08952	0.01182	0.00933	0.17496	0.21088	0.30951	0.01828	0.01712	0.01272	0.00662	0.00537	0.00170	0.00495	0.00538	0.02762	0.00882
30	0.42861	0.01114	0.01190	0.02977	0.02932	0.02813	0.06529	0.10380	0.04223	0.05589	0.07345	0.01464	0.01171	0.03497	0.00532	0.00179	0.00497	0.00455	0.00396	0.03855

[dist]
# distance from previous block
# <min> <max>
0	8

[block]
# block no. 4 follows, 44 sequences, length 16
# corresponding to MSA columns:
# 301-316
name=unknown_E
#
# <colnr> <probs for GDERKNQSTAVLIFYWHMCP>
#	G	D	E	R	K	N	Q	S	T	A	V	L	I	F	Y	W	H	M	C	P
0	0.12429	0.05061	0.10051	0.02505	0.06933	0.02877	0.00920	0.01618	0.04932	0.07013	0.01224	0.06944	0.01043	0.00576	0.00458	0.00135	0.00497	0.00461	0.00353	0.33972
1	0.01365	0.09839	0.01769	0.11386	0.13554	0.01364	0.02941	0.04321	0.03118	0.09379	0.01137	0.04608	0.00967	0.00699	0.00873	0.00178	0.23154	0.00505	0.00327	0.08515
2	0.76768	0.01079	0.00862	0.00752	0.01100	0.01232	0.00619	0.05950	0.01031	0.02480	0.00799	0.00920	0.00618	0.00511	0.00352	0.00165	0.00432	0.00308	0.00349	0.03672
3	0.01103	0.00625	0.00691	0.00635	0.00805	0.00618	0.00488	0.07242	0.01374	0.06140	0.18919	0.02586	0.06016	0.00784	0.00475	0.00145	0.00295	0.00649	0.49848	0.00563
4	0.00671	0.00483	0.00637	0.00747	0.00791	0.00449	0.00504	0.00779	0.01086	0.01452	0.08453	0.72512	0.06106	0.01654	0.00690	0.00217	0.00311	0.01496	0.00513	0.00449
5	0.00704	0.00517	0.00664	0.00729	0.00814	0.00477	0.00522	0.00858	0.01214	0.01622	0.22155	0.45174	0.14284	0.01497	0.00679	0.00206	0.00309	0.06578	0.00530	0.00468
6	0.00686	0.00549	0.00614	0.00608	0.00765	0.00477	0.00452	0.00860	0.01327	0.01697	0.28395	0.09568	0.49448	0.01316	0.00647	0.00182	0.00273	0.01123	0.00536	0.00477
7	0.00763	0.00557	0.00717	0.00677	0.00809	0.00511	0.00508	0.01012	0.01523	0.02137	0.72259	0.04153	0.10068	0.01133	0.00643	0.00172	0.00258	0.00997	0.00594	0.00511
8	0.01315	0.01247	0.02115	0.03175	0.71860	0.01247	0.01615	0.01633	0.01242	0.01770	0.01162	0.01700	0.01030	0.00560	0.00555	0.00168	0.00637	0.05844	0.00287	0.00837
9	0.01956	0.02467	0.01552	0.07685	0.01852	0.72426	0.01090	0.02114	0.01508	0.01339	0.00853	0.01021	0.00704	0.00560	0.00496	0.00144	0.00963	0.00362	0.00278	0.00630
10	0.00779	0.00584	0.00876	0.00876	0.00974	0.00681	0.00681	0.00974	0.00876	0.01266	0.01460	0.02142	0.01363	0.04089	0.78680	0.00876	0.01460	0.00584	0.00292	0.00487
11	0.01356	0.01171	0.01233	0.01109	0.01418	0.01356	0.00863	0.02897	0.76455	0.02281	0.02219	0.02034	0.01664	0.00740	0.00555	0.00185	0.00431	0.00616	0.00555	0.00863
12	0.76525	0.01042	0.00847	0.00742	0.01088	0.01181	0.00611	0.01707	0.00991	0.09930	0.00897	0.00982	0.00666	0.00523	0.00358	0.00169	0.00426	0.00320	0.00371	0.00624
13	0.09722	0.73213	0.02653	0.00911	0.01365	0.02064	0.00899	0.01629	0.01090	0.01398	0.00758	0.00876	0.00689	0.00470	0.00349	0.00122	0.00567	0.00292	0.00244	0.00689
14	0.00970	0.00875	0.01431	0.58089	0.05605	0.01042	0.01280	0.01294	0.01163	0.01532	0.13183	0.08218	0.01662	0.00727	0.00572	0.00183	0.00617	0.00649	0.00321	0.00587
15	0.00722	0.00562	0.00732	0.00793	0.00849	0.00572	0.00563	0.00837	0.01085	0.01452	0.08476	0.57154	0.13143	0.01547	0.00794	0.00215	0.08203	0.01350	0.00486	0.00466

[dist]
# distance from previous block
# <min> <max>
0	4

[block]
# block no. 5 follows, 44 sequences, length 6
# corresponding to MSA columns:
# 321-326
name=unknown_F
#
# <colnr> <probs for GDERKNQSTAVLIFYWHMCP>
#	G	D	E	R	K	N	Q	S	T	A	V	L	I	F	Y	W	H	M	C	P
0	0.02446	0.00928	0.01265	0.00970	0.01392	0.00801	0.00801	0.02657	0.01560	0.77817	0.02151	0.01856	0.01350	0.00675	0.00548	0.00169	0.00464	0.00548	0.00675	0.00928
1	0.01452	0.00912	0.06451	0.06472	0.01338	0.00765	0.00785	0.05386	0.01454	0.27234	0.19575	0.02676	0.10904	0.00831	0.00557	0.00167	0.00417	0.00696	0.11234	0.00693
2	0.01133	0.02564	0.64548	0.01777	0.08833	0.01279	0.08837	0.01724	0.01171	0.01733	0.00994	0.01198	0.00718	0.00510	0.00532	0.00173	0.00803	0.00432	0.00238	0.00804
3	0.01166	0.01168	0.01968	0.07549	0.22361	0.03799	0.22961	0.01576	0.07192	0.01688	0.01931	0.09467	0.10483	0.00765	0.00605	0.00182	0.00646	0.03444	0.00352	0.00698
4	0.02446	0.00928	0.01265	0.00970	0.01392	0.00801	0.00801	0.02657	0.01560	0.77817	0.02151	0.01856	0.01350	0.00675	0.00548	0.00169	0.00464	0.00548	0.00675	0.00928
5	0.01429	0.01425	0.01766	0.16722	0.33050	0.17551	0.01352	0.01685	0.01250	0.05317	0.01152	0.06966	0.01014	0.00643	0.00631	0.00171	0.06318	0.00536	0.00302	0.00721

[dist]
# distance from previous block
# <min> <max>
0	1

[block]
# block no. 6 follows, 44 sequences, length 18
# corresponding to MSA columns:
# 328-345
name=unknown_G
#
# <colnr> <probs for GDERKNQSTAVLIFYWHMCP>
#	G	D	E	R	K	N	Q	S	T	A	V	L	I	F	Y	W	H	M	C	P
0	0.04478	0.05476	0.01679	0.11290	0.01905	0.03912	0.12420	0.08470	0.03927	0.31912	0.01739	0.04135	0.03453	0.00672	0.00554	0.00173	0.00593	0.01949	0.00480	0.00784
1	0.01080	0.02114	0.52300	0.01331	0.01895	0.01107	0.01561	0.01538	0.01087	0.04836	0.01233	0.05815	0.01059	0.08839	0.06888	0.00269	0.05533	0.00529	0.00279	0.00707
2	0.76751	0.01147	0.00877	0.00784	0.01105	0.05597	0.00640	0.01623	0.00959	0.02339	0.00762	0.00903	0.00602	0.00527	0.00403	0.00170	0.03583	0.00306	0.00330	0.00593
3	0.00731	0.00581	0.00720	0.08232	0.01049	0.00563	0.00564	0.00877	0.01120	0.01421	0.07619	0.17384	0.34368	0.13287	0.06102	0.00289	0.00449	0.03741	0.00446	0.00458
4	0.01400	0.09980	0.05029	0.07320	0.25946	0.10217	0.01213	0.04538	0.01277	0.06495	0.01449	0.05352	0.06496	0.00669	0.00609	0.00163	0.06130	0.00540	0.00329	0.04848
5	0.00954	0.00640	0.00743	0.00694	0.00852	0.00642	0.00527	0.03505	0.09952	0.02185	0.42500	0.03113	0.03436	0.00906	0.00547	0.00159	0.00286	0.00778	0.27019	0.00564
6	0.01322	0.25104	0.26613	0.11791	0.08787	0.01537	0.08052	0.05224	0.01231	0.04108	0.00982	0.01186	0.00758	0.00510	0.00488	0.00157	0.00706	0.00419	0.00270	0.00757
7	0.00886	0.00669	0.00857	0.00938	0.01080	0.00679	0.00778	0.01270	0.10891	0.01666	0.03088	0.15727	0.10629	0.01422	0.00709	0.00232	0.00444	0.46991	0.00510	0.00536
8	0.00771	0.00569	0.00742	0.00709	0.00828	0.00540	0.00530	0.01006	0.01472	0.02071	0.66392	0.10170	0.07494	0.01167	0.00681	0.00178	0.02571	0.01022	0.00579	0.00509
9	0.00781	0.00586	0.00766	0.00726	0.00843	0.00582	0.00547	0.01001	0.01362	0.01911	0.54228	0.03769	0.10154	0.05849	0.10839	0.00285	0.03832	0.00915	0.00523	0.00500
10	0.00798	0.00568	0.00707	0.00666	0.00816	0.00512	0.00502	0.01028	0.01478	0.04492	0.58937	0.04259	0.20891	0.01159	0.00640	0.00174	0.00268	0.01008	0.00582	0.00516
11	0.34068	0.01007	0.01120	0.04239	0.01377	0.01024	0.00762	0.05693	0.01345	0.41941	0.01524	0.01438	0.01010	0.00603	0.00467	0.00169	0.00465	0.00445	0.00520	0.00784
12	0.01382	0.64899	0.18464	0.01062	0.01599	0.01972	0.01157	0.01652	0.01117	0.01375	0.00804	0.00932	0.00698	0.00477	0.00385	0.00128	0.00629	0.00315	0.00233	0.00722
13	0.01458	0.81168	0.02857	0.00933	0.01399	0.02157	0.00933	0.01632	0.01108	0.01283	0.00758	0.00875	0.00700	0.00466	0.00350	0.00117	0.00583	0.00292	0.00233	0.00700
14	0.01154	0.00594	0.00707	0.00649	0.00826	0.00554	0.00497	0.01389	0.01331	0.14825	0.23874	0.05597	0.06817	0.00861	0.00511	0.00154	0.00294	0.00727	0.38063	0.00576
15	0.02446	0.00928	0.01265	0.00970	0.01392	0.00801	0.00801	0.02657	0.01560	0.77817	0.02151	0.01856	0.01350	0.00675	0.00548	0.00169	0.00464	0.00548	0.00675	0.00928
16	0.00709	0.00519	0.00665	0.00704	0.00795	0.00476	0.00499	0.00879	0.01283	0.01746	0.35481	0.38686	0.12715	0.01413	0.00667	0.00195	0.00286	0.01259	0.00547	0.00476
17	0.01146	0.07192	0.20413	0.02623	0.01601	0.01008	0.04386	0.05488	0.01299	0.03475	0.14876	0.04849	0.01684	0.00642	0.00507	0.00141	0.00528	0.00541	0.00367	0.27234

[dist]
# distance from previous block
# <min> <max>
2	5

[block]
# block no. 7 follows, 44 sequences, length 28
# corresponding to MSA columns:
# 351-355,358-380
name=unknown_H
#
# <colnr> <probs for GDERKNQSTAVLIFYWHMCP>
#	G	D	E	R	K	N	Q	S	T	A	V	L	I	F	Y	W	H	M	C	P
0	0.01849	0.01088	0.01310	0.01164	0.05102	0.01131	0.00883	0.05696	0.37943	0.34435	0.02095	0.01895	0.01462	0.00696	0.00551	0.00176	0.00463	0.00576	0.00592	0.00893
1	0.74717	0.01150	0.01023	0.00870	0.01222	0.04388	0.06542	0.01637	0.00981	0.02345	0.00790	0.00936	0.00614	0.00505	0.00368	0.00169	0.00484	0.00325	0.00330	0.00604
2	0.01365	0.00997	0.01539	0.52729	0.04707	0.01121	0.01290	0.05373	0.01260	0.15998	0.01211	0.01494	0.00864	0.00563	0.00534	0.00170	0.00643	0.00484	0.00346	0.07311
3	0.01030	0.00969	0.01635	0.79530	0.03755	0.01211	0.01514	0.01393	0.01090	0.01393	0.00969	0.01453	0.00727	0.00545	0.00545	0.00182	0.00727	0.00484	0.00242	0.00606
4	0.84691	0.01054	0.00801	0.00717	0.01054	0.01223	0.00590	0.01603	0.00928	0.02446	0.00759	0.00886	0.00590	0.00506	0.00337	0.00169	0.00422	0.00295	0.00337	0.00590
5	0.00705	0.00519	0.00661	0.00702	0.00793	0.00474	0.00497	0.00872	0.01274	0.01727	0.33586	0.39248	0.14083	0.01422	0.00667	0.00196	0.00287	0.01266	0.00544	0.00474
6	0.02281	0.01038	0.01305	0.01007	0.01415	0.00984	0.00830	0.18921	0.01761	0.56826	0.01941	0.01743	0.01258	0.00668	0.00538	0.00165	0.00482	0.00533	0.05400	0.00904
7	0.84691	0.01054	0.00801	0.00717	0.01054	0.01223	0.00590	0.01603	0.00928	0.02446	0.00759	0.00886	0.00590	0.00506	0.00337	0.00169	0.00422	0.00295	0.00337	0.00590
8	0.01358	0.01099	0.01163	0.01047	0.01341	0.01256	0.00814	0.02731	0.66720	0.04691	0.02174	0.02028	0.01628	0.00727	0.00538	0.00179	0.00415	0.00604	0.08657	0.00831
9	0.00745	0.00551	0.00696	0.00670	0.00801	0.00502	0.00499	0.00974	0.01465	0.02026	0.61409	0.09159	0.16095	0.01193	0.00647	0.00177	0.00264	0.01047	0.00580	0.00502
10	0.00737	0.00511	0.00621	0.00669	0.00695	0.00496	0.00419	0.00795	0.00943	0.01260	0.05982	0.33707	0.04953	0.41856	0.03608	0.00389	0.00447	0.01104	0.00416	0.00391
11	0.00865	0.00581	0.00738	0.00685	0.00842	0.00526	0.00519	0.01101	0.01499	0.07152	0.61425	0.04099	0.15653	0.01125	0.00637	0.00173	0.00274	0.00981	0.00591	0.00534
12	0.01229	0.01200	0.01738	0.01464	0.01502	0.01633	0.04940	0.01368	0.00876	0.03263	0.00771	0.01224	0.00737	0.00922	0.01700	0.00234	0.73848	0.00487	0.00251	0.00612
13	0.01349	0.01295	0.02213	0.03346	0.77440	0.01295	0.01673	0.01673	0.01241	0.01781	0.01025	0.01349	0.00864	0.00486	0.00540	0.00162	0.00648	0.00486	0.00270	0.00864
14	0.00961	0.00578	0.00711	0.00696	0.00844	0.00521	0.00509	0.01126	0.01270	0.12042	0.20351	0.25135	0.20258	0.05163	0.00730	0.00202	0.00319	0.01075	0.06979	0.00529
15	0.02304	0.00909	0.01216	0.00943	0.01339	0.00801	0.00775	0.04572	0.01564	0.69134	0.04250	0.01914	0.01449	0.00684	0.00541	0.00166	0.00450	0.00557	0.05541	0.00891
16	0.80458	0.01027	0.00786	0.00706	0.01033	0.01187	0.00580	0.01586	0.00939	0.02425	0.00811	0.00944	0.00631	0.00513	0.00340	0.00167	0.00413	0.00306	0.04563	0.00586
17	0.02446	0.00928	0.01265	0.00970	0.01392	0.00801	0.00801	0.02657	0.01560	0.77817	0.02151	0.01856	0.01350	0.00675	0.00548	0.00169	0.00464	0.00548	0.00675	0.00928
18	0.01924	0.00810	0.01102	0.00920	0.01240	0.00715	0.00746	0.02130	0.01470	0.54221	0.09822	0.11579	0.02159	0.00917	0.00594	0.00183	0.00430	0.07618	0.00631	0.00790
19	0.02419	0.00972	0.01292	0.00991	0.01414	0.00866	0.00818	0.07979	0.01634	0.72391	0.02089	0.01816	0.01319	0.00673	0.00548	0.00168	0.00474	0.00544	0.00665	0.00928
20	0.04450	0.07134	0.11231	0.02794	0.11960	0.01080	0.01088	0.04093	0.02524	0.35089	0.05248	0.01747	0.01300	0.00691	0.00616	0.02751	0.02857	0.02066	0.00472	0.00809
21	0.01797	0.01142	0.03933	0.10895	0.05796	0.01074	0.15878	0.07484	0.01455	0.35797	0.01660	0.04003	0.01198	0.00661	0.00604	0.00178	0.02441	0.02713	0.00481	0.00810
22	0.84691	0.01054	0.00801	0.00717	0.01054	0.01223	0.00590	0.01603	0.00928	0.02446	0.00759	0.00886	0.00590	0.00506	0.00337	0.00169	0.00422	0.00295	0.00337	0.00590
23	0.09535	0.02273	0.01392	0.07144	0.20828	0.01016	0.02329	0.01460	0.02540	0.07888	0.01579	0.08378	0.01505	0.05158	0.09717	0.00286	0.05422	0.10532	0.00366	0.00651
24	0.11323	0.22729	0.01700	0.00991	0.01403	0.05285	0.00850	0.22928	0.03873	0.06052	0.01118	0.01187	0.00866	0.00548	0.00437	0.00137	0.00535	0.00390	0.04533	0.13115
25	0.00670	0.00483	0.00634	0.00744	0.00789	0.00448	0.00502	0.00776	0.01084	0.01443	0.07524	0.71967	0.07608	0.01656	0.00690	0.00216	0.00311	0.01495	0.00512	0.00448
26	0.01546	0.18010	0.22153	0.01281	0.02970	0.08135	0.06477	0.06552	0.02737	0.15225	0.04779	0.03707	0.01160	0.00612	0.00506	0.00158	0.00650	0.00492	0.02086	0.00765
27	0.01423	0.19036	0.27041	0.02582	0.04911	0.03119	0.05522	0.11193	0.07133	0.06134	0.03267	0.01336	0.00979	0.00593	0.00550	0.01509	0.02106	0.00450	0.00337	0.00780

[dist]
# distance from previous block
# <min> <max>
0	7

[block]
# block no. 8 follows, 44 sequences, length 8
# corresponding to MSA columns:
# 388-395
name=unknown_I
#
# <colnr> <probs for GDERKNQSTAVLIFYWHMCP>
#	G	D	E	R	K	N	Q	S	T	A	V	L	I	F	Y	W	H	M	C	P
0	0.00710	0.00541	0.00653	0.00654	0.00784	0.00484	0.00479	0.00899	0.01355	0.01807	0.40070	0.17863	0.29108	0.01308	0.00653	0.00184	0.00274	0.01140	0.00552	0.00484
1	0.01247	0.00755	0.01129	0.05089	0.05485	0.00707	0.05303	0.01489	0.01414	0.20698	0.34241	0.14936	0.03235	0.00993	0.00617	0.00179	0.00404	0.00890	0.00547	0.00643
2	0.05079	0.12933	0.14585	0.07407	0.09284	0.10019	0.07245	0.04906	0.01351	0.20243	0.01236	0.01328	0.00890	0.00553	0.00507	0.00160	0.00675	0.00450	0.00370	0.00782
3	0.01177	0.01047	0.10642	0.01208	0.05269	0.00873	0.04573	0.01473	0.04281	0.13070	0.06458	0.21486	0.02227	0.01110	0.00780	0.02449	0.07776	0.13013	0.00449	0.00636
4	0.07077	0.00762	0.00966	0.00824	0.01087	0.00711	0.00649	0.01788	0.04912	0.32344	0.34860	0.06823	0.03087	0.00912	0.00583	0.00173	0.00362	0.00777	0.00605	0.00697
5	0.04638	0.06181	0.15249	0.21047	0.04336	0.16888	0.07168	0.05395	0.05908	0.06486	0.01105	0.01304	0.00826	0.00555	0.00519	0.00166	0.00745	0.00450	0.00315	0.00719
6	0.10372	0.06618	0.09868	0.06622	0.04398	0.03955	0.07718	0.14300	0.04060	0.08100	0.01537	0.06726	0.03615	0.00729	0.00570	0.00176	0.02813	0.04852	0.02250	0.00720
7	0.01073	0.00625	0.00805	0.00785	0.00948	0.00575	0.00587	0.01295	0.04074	0.16606	0.20892	0.32153	0.11379	0.01282	0.00646	0.00195	0.00340	0.04602	0.00563	0.00575

[dist]
# distance from previous block
# <min> <max>
0	4

[block]
# block no. 9 follows, 44 sequences, length 13
# corresponding to MSA columns:
# 402-414
name=unknown_J
#
# <colnr> <probs for GDERKNQSTAVLIFYWHMCP>
#	G	D	E	R	K	N	Q	S	T	A	V	L	I	F	Y	W	H	M	C	P
0	0.01675	0.01253	0.03035	0.20793	0.10245	0.08583	0.02368	0.13915	0.03075	0.20840	0.02689	0.05028	0.01159	0.00655	0.00547	0.00170	0.00621	0.00548	0.02032	0.00769
1	0.00865	0.00671	0.00773	0.00761	0.00930	0.00650	0.00583	0.07238	0.06536	0.01830	0.17832	0.18066	0.30663	0.01298	0.00651	0.00194	0.00342	0.09049	0.00530	0.00538
2	0.40664	0.00926	0.00990	0.04106	0.05516	0.00984	0.00715	0.01676	0.01122	0.18725	0.04419	0.06242	0.01330	0.07356	0.00653	0.00205	0.00455	0.02843	0.00429	0.00645
3	0.01671	0.01328	0.01410	0.01173	0.01538	0.01503	0.00939	0.34908	0.43930	0.02789	0.01818	0.01715	0.01340	0.00702	0.00551	0.00176	0.00506	0.00561	0.00551	0.00891
4	0.00790	0.00572	0.00771	0.00873	0.00975	0.00552	0.00705	0.00989	0.01219	0.01601	0.09764	0.27375	0.08721	0.01520	0.00719	0.00231	0.00410	0.41218	0.00512	0.00483
5	0.66652	0.01166	0.00926	0.00809	0.01153	0.07611	0.00658	0.01793	0.01065	0.12580	0.00955	0.01025	0.00703	0.00534	0.00379	0.00166	0.00474	0.00334	0.00378	0.00640
6	0.00999	0.00698	0.00862	0.00773	0.00951	0.00679	0.00592	0.11188	0.01651	0.04986	0.58752	0.07207	0.06373	0.01072	0.00629	0.00173	0.00314	0.00934	0.00588	0.00580
7	0.02205	0.01034	0.01309	0.00996	0.01428	0.00941	0.00820	0.14752	0.01671	0.54992	0.01849	0.01665	0.01205	0.00635	0.00528	0.00156	0.00479	0.00508	0.00605	0.12222
8	0.12121	0.00596	0.00705	0.00752	0.00867	0.00605	0.00558	0.00938	0.01031	0.01516	0.02738	0.32058	0.15467	0.01825	0.11926	0.07211	0.00517	0.07676	0.00430	0.00461
9	0.03609	0.08428	0.07721	0.01738	0.19680	0.11325	0.01229	0.19883	0.10584	0.02128	0.01226	0.01454	0.00986	0.00625	0.00584	0.00166	0.04646	0.02815	0.00374	0.00799
10	0.09519	0.01095	0.01211	0.11599	0.01616	0.04495	0.00850	0.17006	0.07621	0.07229	0.10750	0.02000	0.07784	0.00704	0.00521	0.00157	0.00494	0.00566	0.00449	0.14337
11	0.01141	0.00579	0.00673	0.00621	0.00788	0.00550	0.00476	0.01390	0.01313	0.12358	0.23130	0.02585	0.02450	0.00776	0.00478	0.00145	0.00283	0.00649	0.49048	0.00567
12	0.01373	0.01248	0.04350	0.11744	0.01746	0.04419	0.00983	0.09888	0.46399	0.02197	0.01815	0.01804	0.01362	0.00680	0.00534	0.00175	0.00511	0.00557	0.07422	0.00793

[dist]
# distance from previous block
# <min> <max>
6	7

[block]
# block no. 10 follows, 44 sequences, length 6
# corresponding to MSA columns:
# 435-440
name=unknown_K
#
# <colnr> <probs for GDERKNQSTAVLIFYWHMCP>
#	G	D	E	R	K	N	Q	S	T	A	V	L	I	F	Y	W	H	M	C	P
0	0.01654	0.07813	0.01503	0.04870	0.01586	0.14785	0.00921	0.26460	0.05900	0.05601	0.03198	0.05473	0.01157	0.00736	0.02471	0.00166	0.00623	0.00503	0.00423	0.14155
1	0.03057	0.10834	0.07081	0.34713	0.09445	0.04846	0.07923	0.03255	0.05920	0.03312	0.03767	0.01457	0.00972	0.00558	0.00525	0.00169	0.00686	0.00488	0.00298	0.00693
2	0.01149	0.07126	0.15659	0.34669	0.02531	0.01221	0.01341	0.01532	0.03767	0.05506	0.01203	0.07671	0.01018	0.00667	0.00635	0.00176	0.07388	0.00538	0.00299	0.05903
3	0.00763	0.00519	0.00692	0.00758	0.00829	0.00490	0.00552	0.00851	0.01109	0.01470	0.13202	0.35542	0.11032	0.01591	0.00951	0.15367	0.00363	0.13021	0.00470	0.00427
4	0.18866	0.15163	0.07691	0.01372	0.12741	0.05963	0.04381	0.03551	0.01246	0.10860	0.05823	0.01350	0.01076	0.00552	0.00461	0.00151	0.00567	0.00431	0.00355	0.07400
5	0.08546	0.23681	0.07522	0.00976	0.01403	0.03033	0.00895	0.06362	0.07344	0.18712	0.04884	0.01599	0.04601	0.00620	0.00468	0.00148	0.00514	0.00469	0.00422	0.07802

[dist]
# distance from previous block
# <min> <max>
0	4

[block]
# block no. 11 follows, 44 sequences, length 19
# corresponding to MSA columns:
# 445-463
name=unknown_L
#
# <colnr> <probs for GDERKNQSTAVLIFYWHMCP>
#	G	D	E	R	K	N	Q	S	T	A	V	L	I	F	Y	W	H	M	C	P
0	0.01186	0.04604	0.35519	0.01536	0.10304	0.01273	0.01457	0.01988	0.23735	0.01848	0.01480	0.04773	0.01193	0.00746	0.02479	0.00196	0.02346	0.02194	0.00351	0.00792
1	0.00857	0.00599	0.00762	0.00796	0.00938	0.00563	0.00645	0.01059	0.01282	0.04732	0.17957	0.05132	0.21363	0.08059	0.00867	0.00239	0.00400	0.32739	0.00515	0.00497
2	0.01160	0.02551	0.65954	0.01489	0.02214	0.01255	0.01849	0.07918	0.01278	0.01864	0.01145	0.01528	0.00889	0.00601	0.00537	0.00178	0.00766	0.05752	0.00277	0.00794
3	0.00706	0.00526	0.00646	0.00695	0.00790	0.00481	0.00496	0.00850	0.01197	0.01574	0.19498	0.34619	0.22333	0.07246	0.00827	0.00226	0.00321	0.05998	0.00513	0.00458
4	0.84691	0.01054	0.00801	0.00717	0.01054	0.01223	0.00590	0.01603	0.00928	0.02446	0.00759	0.00886	0.00590	0.00506	0.00337	0.00169	0.00422	0.00295	0.00337	0.00590
5	0.00717	0.00512	0.00694	0.00820	0.00875	0.00489	0.00598	0.00851	0.01096	0.01451	0.02976	0.62066	0.03490	0.01658	0.00710	0.00229	0.00362	0.19444	0.00505	0.00457
6	0.84691	0.01054	0.00801	0.00717	0.01054	0.01223	0.00590	0.01603	0.00928	0.02446	0.00759	0.00886	0.00590	0.00506	0.00337	0.00169	0.00422	0.00295	0.00337	0.00590
7	0.00644	0.00552	0.00552	0.00552	0.00736	0.00460	0.00414	0.00782	0.01243	0.01473	0.05523	0.05247	0.77218	0.01381	0.00644	0.00184	0.00276	0.01151	0.00506	0.00460
8	0.01193	0.01193	0.01670	0.01431	0.01431	0.01670	0.01193	0.01312	0.00835	0.01312	0.00716	0.01193	0.00716	0.00954	0.01789	0.00239	0.79843	0.00477	0.00239	0.00596
9	0.84691	0.01054	0.00801	0.00717	0.01054	0.01223	0.00590	0.01603	0.00928	0.02446	0.00759	0.00886	0.00590	0.00506	0.00337	0.00169	0.00422	0.00295	0.00337	0.00590
10	0.01093	0.02820	0.78016	0.01554	0.02360	0.01266	0.02014	0.01727	0.01151	0.01727	0.00978	0.01151	0.00691	0.00518	0.00518	0.00173	0.00806	0.00403	0.00230	0.00806
11	0.01491	0.01094	0.06204	0.00921	0.01397	0.00828	0.00792	0.01846	0.06730	0.21864	0.01372	0.01389	0.01005	0.00507	0.00460	0.00118	0.00448	0.00409	0.00427	0.50698
12	0.84691	0.01054	0.00801	0.00717	0.01054	0.01223	0.00590	0.01603	0.00928	0.02446	0.00759	0.00886	0.00590	0.00506	0.00337	0.00169	0.00422	0.00295	0.00337	0.00590
13	0.00966	0.00705	0.00936	0.05354	0.06646	0.00690	0.00709	0.04182	0.03522	0.06095	0.28878	0.13700	0.14820	0.03641	0.00701	0.00197	0.00381	0.06792	0.00514	0.00570
14	0.01419	0.01724	0.24257	0.09141	0.09244	0.03185	0.09425	0.14341	0.05246	0.07656	0.02712	0.04083	0.01048	0.00625	0.00597	0.00176	0.03441	0.00532	0.00361	0.00788
15	0.01240	0.01135	0.01844	0.11114	0.21714	0.01179	0.15634	0.01858	0.18762	0.03991	0.04356	0.02240	0.04930	0.00702	0.00591	0.00183	0.00611	0.06780	0.00388	0.00748
16	0.01183	0.00977	0.07456	0.03516	0.01242	0.00877	0.02339	0.13604	0.06599	0.03779	0.12914	0.04693	0.05715	0.00823	0.00530	0.00165	0.00423	0.05430	0.27094	0.00640
17	0.04932	0.03663	0.19463	0.01233	0.07104	0.01058	0.01105	0.05968	0.06686	0.15211	0.02998	0.01424	0.01046	0.00550	0.00485	0.00144	0.00539	0.00441	0.02493	0.23457
18	0.00954	0.00873	0.01542	0.01279	0.01523	0.00822	0.24849	0.01228	0.03494	0.01546	0.02076	0.30947	0.02234	0.10129	0.00897	0.00237	0.00564	0.08555	0.00401	0.05850

[dist]
# distance from previous block
# <min> <max>
2	6

[block]
# block no. 12 follows, 44 sequences, length 11
# corresponding to MSA columns:
# 471-481
name=unknown_M
#
# <colnr> <probs for GDERKNQSTAVLIFYWHMCP>
#	G	D	E	R	K	N	Q	S	T	A	V	L	I	F	Y	W	H	M	C	P
0	0.07429	0.16851	0.01799	0.04389	0.14152	0.05750	0.03099	0.13658	0.06312	0.01980	0.01110	0.03330	0.00922	0.00550	0.00469	0.00142	0.00571	0.00438	0.00347	0.16702
1	0.12644	0.13136	0.16835	0.01299	0.07058	0.01294	0.04970	0.08579	0.04130	0.17498	0.04788	0.03094	0.01156	0.00608	0.00497	0.00164	0.00579	0.00487	0.00404	0.00779
2	0.00866	0.00634	0.00750	0.00785	0.00918	0.00621	0.00570	0.01213	0.13170	0.05063	0.03378	0.41268	0.20039	0.03534	0.00713	0.00214	0.00347	0.04864	0.00517	0.00536
3	0.01572	0.00802	0.01005	0.00867	0.01140	0.00771	0.00693	0.02016	0.13511	0.32273	0.20031	0.02743	0.02438	0.00844	0.00565	0.00172	0.00385	0.05909	0.11527	0.00733
4	0.01609	0.08358	0.10837	0.11571	0.18637	0.05809	0.02946	0.06293	0.06600	0.18585	0.01323	0.01434	0.00966	0.00577	0.00547	0.00166	0.02074	0.00478	0.00384	0.00807
5	0.01157	0.01308	0.15778	0.22268	0.07435	0.01095	0.02761	0.08598	0.06786	0.03921	0.03688	0.09114	0.05989	0.00811	0.00582	0.00186	0.00605	0.06851	0.00377	0.00688
6	0.00734	0.00529	0.00707	0.00807	0.00883	0.00502	0.00604	0.00892	0.01169	0.01554	0.11865	0.47898	0.07011	0.01568	0.00703	0.00222	0.00358	0.21011	0.00516	0.00468
7	0.00863	0.00582	0.00726	0.00726	0.00862	0.00540	0.00544	0.02907	0.01351	0.05768	0.31209	0.23487	0.16259	0.01281	0.00644	0.00190	0.00313	0.06538	0.04693	0.00518
8	0.05701	0.19048	0.27238	0.04469	0.09232	0.01463	0.05715	0.05294	0.08547	0.06644	0.01141	0.01265	0.00861	0.00539	0.00489	0.00161	0.00658	0.00432	0.00318	0.00784
9	0.03425	0.06770	0.01519	0.13659	0.15902	0.01171	0.02345	0.03697	0.19407	0.08863	0.05436	0.05933	0.08082	0.00745	0.00550	0.00174	0.00517	0.00641	0.00426	0.00737
10	0.00710	0.00570	0.00610	0.00622	0.00781	0.00509	0.00458	0.00926	0.05123	0.01572	0.09262	0.17425	0.52996	0.01351	0.00636	0.00187	0.00289	0.01150	0.04341	0.00484

[dist]
# distance from previous block
# <min> <max>
0	16

[block]
# block no. 13 follows, 44 sequences, length 37
# corresponding to MSA columns:
# 498-534
name=unknown_N
#
# <colnr> <probs for GDERKNQSTAVLIFYWHMCP>
#	G	D	E	R	K	N	Q	S	T	A	V	L	I	F	Y	W	H	M	C	P
0	0.00901	0.00801	0.04732	0.02858	0.03947	0.00677	0.00708	0.01152	0.04892	0.03558	0.05287	0.38270	0.10538	0.01185	0.00634	0.00182	0.02413	0.01039	0.00447	0.15778
1	0.07328	0.05739	0.09356	0.01218	0.05535	0.04936	0.04317	0.04349	0.03963	0.16249	0.01515	0.10769	0.01319	0.02396	0.00665	0.00176	0.06505	0.02573	0.00406	0.10686
2	0.09681	0.00619	0.00756	0.00838	0.04643	0.00611	0.00555	0.01011	0.01121	0.03484	0.15673	0.33122	0.08424	0.11719	0.03347	0.00259	0.00397	0.01061	0.02187	0.00493
3	0.07747	0.07395	0.04928	0.04590	0.16729	0.04462	0.11959	0.08782	0.03162	0.11070	0.04478	0.03718	0.01250	0.00639	0.00539	0.00168	0.00618	0.04189	0.00385	0.03191
4	0.01499	0.03316	0.14024	0.06657	0.12801	0.04024	0.05730	0.16496	0.03499	0.08124	0.01170	0.01314	0.00875	0.00541	0.00529	0.00151	0.01657	0.00451	0.00366	0.16774
5	0.41651	0.06637	0.01370	0.01128	0.05576	0.06133	0.06459	0.03250	0.01105	0.03458	0.04673	0.01213	0.00925	0.00642	0.02060	0.00179	0.07492	0.00402	0.00332	0.05316
6	0.08804	0.34810	0.06433	0.02710	0.05887	0.01668	0.07217	0.13662	0.03152	0.05353	0.01015	0.01133	0.00804	0.00518	0.00445	0.00143	0.00600	0.00395	0.00330	0.04918
7	0.03289	0.13131	0.13995	0.14791	0.17972	0.04266	0.04028	0.07950	0.04148	0.03631	0.01052	0.01265	0.00819	0.00523	0.00498	0.00156	0.00658	0.00435	0.00304	0.07091
8	0.00907	0.00569	0.00707	0.00678	0.00825	0.00520	0.00506	0.01121	0.01384	0.08141	0.41381	0.14164	0.14292	0.01136	0.00610	0.00174	0.00284	0.00990	0.11082	0.00530
9	0.01563	0.00723	0.00954	0.00799	0.01062	0.00645	0.00633	0.01798	0.01513	0.36856	0.35592	0.02862	0.03048	0.00867	0.00575	0.00166	0.00352	0.00740	0.08548	0.00703
10	0.00763	0.00526	0.00690	0.00744	0.00831	0.00486	0.00532	0.00922	0.01236	0.04055	0.26064	0.46687	0.07869	0.01464	0.00675	0.00204	0.00310	0.04918	0.00540	0.00484
11	0.00753	0.00543	0.00729	0.00834	0.00917	0.00519	0.00642	0.00922	0.01176	0.01553	0.09402	0.42326	0.07242	0.01565	0.00710	0.00226	0.00379	0.28577	0.00513	0.00472
12	0.00755	0.00557	0.00706	0.00669	0.00804	0.00507	0.00501	0.00997	0.01504	0.02094	0.67869	0.04225	0.14485	0.01149	0.00643	0.00173	0.00260	0.01007	0.00588	0.00507
