[name]
unknown

[dist]
# distance from previous block
# <min> <max>
0	41

[block]
# block no. 0 follows, 47 sequences, length 27
# corresponding to MSA columns:
# 41-67
name=unknown_A
#
# <colnr> <probs for GDERKNQSTAVLIFYWHMCP>
#	G	D	E	R	K	N	Q	S	T	A	V	L	I	F	Y	W	H	M	C	P
0	0.01642	0.01136	0.01318	0.04637	0.01516	0.01224	0.00936	0.44961	0.01942	0.09885	0.01796	0.02590	0.03265	0.00849	0.00575	0.00180	0.00535	0.19750	0.00508	0.00757
1	0.11279	0.01112	0.01501	0.42897	0.07169	0.01299	0.01216	0.23725	0.01449	0.02050	0.01001	0.01277	0.00743	0.00544	0.00497	0.00166	0.00619	0.00443	0.00330	0.00683
2	0.00744	0.00558	0.00837	0.00837	0.00930	0.00651	0.00651	0.00930	0.00837	0.01209	0.01395	0.02046	0.01302	0.03906	0.79635	0.00837	0.01395	0.00558	0.00279	0.00465
3	0.01392	0.82012	0.02729	0.00891	0.01337	0.02061	0.00891	0.01559	0.01058	0.01225	0.00724	0.00835	0.00668	0.00446	0.00334	0.00111	0.00557	0.00278	0.00223	0.00668
4	0.00983	0.00926	0.01562	0.80447	0.03587	0.01157	0.01446	0.01331	0.01041	0.01331	0.00926	0.01388	0.00694	0.00521	0.00521	0.00174	0.00694	0.00463	0.00231	0.00579
5	0.02336	0.00886	0.01209	0.00927	0.01329	0.00765	0.00765	0.02538	0.01491	0.78810	0.02055	0.01773	0.01289	0.00645	0.00524	0.00161	0.00443	0.00524	0.00645	0.00886
6	0.00618	0.00518	0.00537	0.00552	0.00710	0.00438	0.00406	0.00745	0.01164	0.01397	0.04980	0.14405	0.69037	0.01357	0.00622	0.00180	0.00268	0.01146	0.00484	0.00438
7	0.01295	0.01119	0.01178	0.01060	0.01354	0.01295	0.00824	0.02767	0.77509	0.02178	0.02120	0.01943	0.01590	0.00707	0.00530	0.00177	0.00412	0.00589	0.00530	0.00824
8	0.00712	0.00531	0.00661	0.00628	0.00762	0.00481	0.00471	0.00934	0.01414	0.01946	0.62943	0.04124	0.20235	0.01118	0.00614	0.00166	0.00249	0.00975	0.00555	0.00481
9	0.00757	0.00505	0.00568	0.00568	0.00568	0.00505	0.00316	0.00757	0.00757	0.01010	0.01641	0.03408	0.01893	0.81698	0.02651	0.00505	0.00505	0.00757	0.00316	0.00316
10	0.02006	0.01417	0.01537	0.01178	0.01594	0.01552	0.00973	0.71256	0.02378	0.08839	0.01309	0.01289	0.00915	0.00627	0.00521	0.00157	0.00563	0.00473	0.00530	0.00886
11	0.01080	0.00926	0.01080	0.00771	0.01234	0.00694	0.00617	0.01311	0.01080	0.01697	0.00926	0.01080	0.00771	0.00386	0.00386	0.00077	0.00386	0.00309	0.00309	0.84882
12	0.01392	0.82012	0.02729	0.00891	0.01337	0.02061	0.00891	0.01559	0.01058	0.01225	0.00724	0.00835	0.00668	0.00446	0.00334	0.00111	0.00557	0.00278	0.00223	0.00668
13	0.85377	0.01007	0.00765	0.00685	0.01007	0.01168	0.00564	0.01531	0.00886	0.02336	0.00725	0.00846	0.00564	0.00483	0.00322	0.00161	0.00403	0.00282	0.00322	0.00564
14	0.01151	0.01139	0.01672	0.07466	0.13361	0.01508	0.01232	0.01312	0.00875	0.01328	0.00747	0.01181	0.00706	0.00814	0.01438	0.00213	0.62558	0.00458	0.00233	0.00609
15	0.00634	0.00453	0.00604	0.00725	0.00755	0.00423	0.00483	0.00725	0.00997	0.01329	0.02870	0.81358	0.03444	0.01632	0.00665	0.00211	0.00302	0.01480	0.00483	0.00423
16	0.00782	0.00553	0.00686	0.00780	0.06320	0.00549	0.00429	0.00815	0.00816	0.01098	0.01734	0.12243	0.01994	0.66486	0.02264	0.00445	0.00490	0.00819	0.00331	0.00365
17	0.01229	0.01405	0.03073	0.02195	0.02722	0.01317	0.76558	0.01668	0.01229	0.01668	0.01054	0.01405	0.00790	0.00439	0.00615	0.00176	0.00878	0.00615	0.00263	0.00702
18	0.00718	0.00532	0.00670	0.00636	0.00767	0.00483	0.00477	0.00947	0.01430	0.01984	0.66987	0.04062	0.16167	0.01104	0.00614	0.00166	0.00248	0.00966	0.00560	0.00483
19	0.01083	0.11364	0.70663	0.01419	0.02154	0.01302	0.01811	0.01639	0.01095	0.01603	0.00912	0.01071	0.00661	0.00489	0.00477	0.00159	0.00746	0.00373	0.00220	0.00759
20	0.00744	0.00558	0.00837	0.00837	0.00930	0.00651	0.00651	0.00930	0.00837	0.01209	0.01395	0.02046	0.01302	0.03906	0.79635	0.00837	0.01395	0.00558	0.00279	0.00465
21	0.02295	0.00952	0.01249	0.00958	0.01362	0.00863	0.00791	0.11093	0.01601	0.70099	0.01962	0.01712	0.01243	0.00642	0.00523	0.00161	0.00458	0.00517	0.00630	0.00886
22	0.00823	0.00606	0.00814	0.00894	0.01001	0.00618	0.00754	0.01021	0.01132	0.01471	0.02777	0.05316	0.09738	0.10177	0.00965	0.00262	0.04007	0.56711	0.00451	0.00462
23	0.01045	0.02694	0.79000	0.01484	0.02254	0.01209	0.01924	0.01649	0.01099	0.01649	0.00935	0.01099	0.00660	0.00495	0.00495	0.00165	0.00770	0.00385	0.00220	0.00770
24	0.02336	0.00886	0.01209	0.00927	0.01329	0.00765	0.00765	0.02538	0.01491	0.78810	0.02055	0.01773	0.01289	0.00645	0.00524	0.00161	0.00443	0.00524	0.00645	0.00886
25	0.00737	0.00532	0.00696	0.00655	0.00778	0.00491	0.00491	0.00983	0.01474	0.02088	0.78175	0.03890	0.04914	0.01065	0.00614	0.00164	0.00246	0.00942	0.00573	0.00491
26	0.01251	0.01224	0.01965	0.19932	0.58758	0.04681	0.01539	0.01561	0.01167	0.01602	0.00960	0.01295	0.00790	0.00480	0.00515	0.00158	0.00649	0.00458	0.00253	0.00761

[dist]
# distance from previous block
# <min> <max>
0	11

[block]
# block no. 1 follows, 47 sequences, length 51
# corresponding to MSA columns:
# 79-129
name=unknown_B
#
# <colnr> <probs for GDERKNQSTAVLIFYWHMCP>
#	G	D	E	R	K	N	Q	S	T	A	V	L	I	F	Y	W	H	M	C	P
0	0.01144	0.01086	0.01842	0.37354	0.43895	0.01189	0.01508	0.01465	0.01114	0.01525	0.00968	0.01371	0.00786	0.01956	0.00556	0.00169	0.00650	0.00469	0.00247	0.00707
1	0.85377	0.01007	0.00765	0.00685	0.01007	0.01168	0.00564	0.01531	0.00886	0.02336	0.00725	0.00846	0.00564	0.00483	0.00322	0.00161	0.00403	0.00282	0.00322	0.00564
2	0.04513	0.01133	0.01332	0.01040	0.01422	0.01168	0.00856	0.37249	0.01871	0.34861	0.01584	0.01521	0.01079	0.00890	0.06806	0.00213	0.00579	0.00493	0.00548	0.00843
3	0.01452	0.00986	0.01128	0.00940	0.01229	0.01034	0.00754	0.27157	0.13618	0.12510	0.24201	0.02531	0.06329	0.00829	0.00561	0.00166	0.00416	0.02881	0.00551	0.00726
4	0.02509	0.00653	0.00822	0.00732	0.00924	0.00622	0.00565	0.01442	0.08013	0.16115	0.52499	0.03185	0.03709	0.00924	0.00573	0.00162	0.00299	0.00801	0.04861	0.00593
5	0.00726	0.00532	0.00681	0.00644	0.00771	0.00487	0.00483	0.00961	0.01448	0.02026	0.71546	0.03992	0.11581	0.01088	0.00614	0.00165	0.00247	0.00956	0.00565	0.00487
6	0.71442	0.00972	0.00813	0.00709	0.01034	0.01091	0.00583	0.01651	0.00973	0.12301	0.00934	0.01007	0.00687	0.00509	0.00350	0.00160	0.00402	0.00321	0.03459	0.00603
7	0.00847	0.00560	0.00713	0.00659	0.00811	0.00506	0.00500	0.01073	0.01435	0.08092	0.61838	0.03880	0.14970	0.01067	0.00607	0.00165	0.00264	0.00931	0.00566	0.00515
8	0.01025	0.00970	0.01646	0.57129	0.08478	0.01132	0.08059	0.01433	0.05430	0.01495	0.07150	0.01613	0.01098	0.00563	0.00537	0.00172	0.00654	0.00522	0.00280	0.00614
9	0.66592	0.00970	0.00811	0.00716	0.01028	0.01099	0.00584	0.02849	0.05309	0.07820	0.00986	0.01068	0.00741	0.00520	0.00355	0.00159	0.00396	0.00336	0.07060	0.00601
10	0.03370	0.01333	0.10211	0.02147	0.39051	0.02797	0.04355	0.04551	0.02413	0.11769	0.03921	0.01401	0.01011	0.00526	0.00530	0.00153	0.02146	0.00469	0.00335	0.07512
11	0.03492	0.38975	0.06014	0.01215	0.07572	0.13078	0.01009	0.08297	0.07479	0.05704	0.00996	0.01081	0.00805	0.00518	0.00439	0.00136	0.01802	0.00364	0.00308	0.00716
12	0.01330	0.00774	0.00853	0.00739	0.00961	0.00799	0.00588	0.19051	0.02968	0.10051	0.07268	0.02053	0.01554	0.00682	0.00452	0.00142	0.00353	0.03329	0.45426	0.00627
13	0.00728	0.00527	0.00661	0.00634	0.00760	0.00482	0.00473	0.00953	0.01401	0.01964	0.62386	0.06870	0.14265	0.01099	0.00605	0.00165	0.00250	0.00962	0.04334	0.00482
14	0.00758	0.00542	0.00671	0.00632	0.00777	0.00487	0.00477	0.00975	0.01404	0.04372	0.57838	0.04098	0.22808	0.01114	0.00612	0.00167	0.00256	0.00967	0.00554	0.00491
15	0.00638	0.00456	0.00608	0.00722	0.00756	0.00426	0.00484	0.00735	0.01015	0.01358	0.05710	0.78437	0.03500	0.01610	0.00663	0.00210	0.00300	0.01460	0.00487	0.00426
16	0.29856	0.00926	0.01062	0.00846	0.01223	0.00899	0.00699	0.02204	0.01290	0.53467	0.01614	0.01465	0.01049	0.00591	0.00457	0.00161	0.00430	0.00444	0.00538	0.00779
17	0.00734	0.00532	0.00693	0.00652	0.00776	0.00490	0.00489	0.00978	0.01468	0.02074	0.76630	0.03914	0.06468	0.01070	0.00614	0.00164	0.00246	0.00945	0.00571	0.00490
18	0.01045	0.02694	0.79000	0.01484	0.02254	0.01209	0.01924	0.01649	0.01099	0.01649	0.00935	0.01099	0.00660	0.00495	0.00495	0.00165	0.00770	0.00385	0.00220	0.00770
19	0.01064	0.01008	0.01708	0.60010	0.23391	0.01178	0.01486	0.01401	0.01080	0.01429	0.00940	0.01362	0.00729	0.00506	0.00519	0.00169	0.00674	0.00463	0.00238	0.00644
20	0.01149	0.01096	0.01852	0.37276	0.42705	0.01214	0.01515	0.01468	0.01109	0.01522	0.00946	0.01328	0.00762	0.00504	0.00559	0.00166	0.03414	0.00463	0.00245	0.00707
21	0.01791	0.01556	0.27997	0.01143	0.01664	0.01004	0.01180	0.06031	0.07449	0.42311	0.01633	0.01528	0.01076	0.00597	0.00514	0.00163	0.00560	0.00478	0.00483	0.00841
22	0.01189	0.00891	0.00988	0.00899	0.01146	0.00958	0.00693	0.02091	0.44166	0.09821	0.10966	0.09518	0.12652	0.00905	0.00562	0.00177	0.00367	0.00769	0.00536	0.00706
23	0.02265	0.00888	0.01201	0.00918	0.01324	0.00761	0.00757	0.02468	0.01467	0.74445	0.01991	0.01733	0.01260	0.00630	0.00516	0.00156	0.00440	0.00512	0.00626	0.05641
24	0.01247	0.01206	0.02105	0.02977	0.68030	0.01198	0.07495	0.01554	0.01179	0.01678	0.01092	0.05831	0.00970	0.00528	0.00532	0.00160	0.00621	0.00534	0.00271	0.00792
25	0.00634	0.00453	0.00604	0.00725	0.00755	0.00423	0.00483	0.00725	0.00997	0.01329	0.02870	0.81358	0.03444	0.01632	0.00665	0.00211	0.00302	0.01480	0.00483	0.00423
26	0.01229	0.01405	0.03073	0.02195	0.02722	0.01317	0.76558	0.01668	0.01229	0.01668	0.01054	0.01405	0.00790	0.00439	0.00615	0.00176	0.00878	0.00615	0.00263	0.00702
27	0.01345	0.71120	0.13202	0.00973	0.01463	0.01944	0.01033	0.01572	0.01064	0.01283	0.00753	0.00872	0.00667	0.00452	0.00356	0.00119	0.00586	0.00293	0.00222	0.00682
28	0.01307	0.00973	0.01139	0.00835	0.01281	0.00801	0.00673	0.07887	0.03877	0.10678	0.01124	0.01203	0.00869	0.00447	0.00418	0.00097	0.00409	0.00356	0.00373	0.65253
29	0.00983	0.00926	0.01562	0.80447	0.03587	0.01157	0.01446	0.01331	0.01041	0.01331	0.00926	0.01388	0.00694	0.00521	0.00521	0.00174	0.00694	0.00463	0.00231	0.00579
30	0.01338	0.01135	0.01203	0.01054	0.01368	0.01287	0.00826	0.08564	0.67214	0.02239	0.01983	0.01839	0.01487	0.00682	0.00521	0.00169	0.00423	0.00563	0.00517	0.05588
31	0.00676	0.00528	0.00614	0.00608	0.00752	0.00467	0.00457	0.00858	0.01298	0.01695	0.35682	0.08465	0.40760	0.01233	0.00621	0.00175	0.00266	0.03862	0.00521	0.00462
32	0.01067	0.01040	0.01620	0.67710	0.11921	0.05165	0.01441	0.01399	0.01080	0.01369	0.00926	0.01354	0.00708	0.00515	0.00517	0.00169	0.00698	0.00456	0.00236	0.00608
33	0.01289	0.01237	0.02114	0.03196	0.78450	0.01237	0.01598	0.01598	0.01186	0.01701	0.00980	0.01289	0.00825	0.00464	0.00516	0.00155	0.00619	0.00464	0.00258	0.00825
34	0.00639	0.00525	0.00564	0.00574	0.00730	0.00450	0.00430	0.00784	0.01204	0.01481	0.12994	0.10992	0.61377	0.01320	0.00623	0.00180	0.00273	0.03922	0.00493	0.00446
35	0.01018	0.00556	0.00672	0.00643	0.00789	0.00525	0.00492	0.01236	0.01244	0.10969	0.24437	0.07430	0.04459	0.03972	0.00595	0.00169	0.00300	0.06625	0.33346	0.00523
36	0.01347	0.01274	0.01966	0.02319	0.40937	0.04291	0.12235	0.11191	0.05662	0.01880	0.01170	0.05392	0.00993	0.00562	0.00554	0.00159	0.02181	0.00532	0.00321	0.05032
37	0.00674	0.00510	0.00621	0.00635	0.00749	0.00458	0.00460	0.00844	0.01263	0.01684	0.36491	0.24385	0.26752	0.01289	0.00628	0.00180	0.00266	0.01130	0.00523	0.00458
38	0.01392	0.82012	0.02729	0.00891	0.01337	0.02061	0.00891	0.01559	0.01058	0.01225	0.00724	0.00835	0.00668	0.00446	0.00334	0.00111	0.00557	0.00278	0.00223	0.00668
39	0.01366	0.49575	0.25323	0.01091	0.01630	0.01726	0.01201	0.06974	0.01186	0.04424	0.00874	0.00979	0.00705	0.00481	0.00402	0.00132	0.00617	0.00333	0.00259	0.00722
40	0.01287	0.01388	0.01639	0.12160	0.05468	0.16864	0.03586	0.01456	0.00996	0.01303	0.00766	0.01149	0.00693	0.00748	0.01212	0.00197	0.47816	0.00438	0.00239	0.00594
41	0.00762	0.00623	0.00672	0.00653	0.00829	0.00588	0.00490	0.03454	0.10686	0.01646	0.14325	0.12373	0.48558	0.01220	0.00607	0.00177	0.00294	0.01035	0.00503	0.00507
42	0.01417	0.01062	0.01263	0.01063	0.01367	0.01150	0.05076	0.16113	0.36800	0.09942	0.09781	0.02214	0.03195	0.03825	0.00630	0.00185	0.00458	0.03177	0.00518	0.00762
43	0.00728	0.00494	0.00605	0.00664	0.00744	0.00452	0.00456	0.00838	0.01058	0.04329	0.05766	0.49248	0.18569	0.07818	0.00788	0.00219	0.00310	0.01233	0.05241	0.00441
44	0.05933	0.00857	0.01141	0.00900	0.01269	0.00756	0.00734	0.02349	0.01424	0.69213	0.02060	0.08059	0.01428	0.00716	0.00526	0.00165	0.00430	0.00589	0.00617	0.00835
45	0.00757	0.00505	0.00568	0.00568	0.00568	0.00505	0.00316	0.00757	0.00757	0.01010	0.01641	0.03408	0.01893	0.81698	0.02651	0.00505	0.00505	0.00757	0.00316	0.00316
46	0.02324	0.00906	0.01221	0.00936	0.01339	0.00795	0.00773	0.05083	0.01523	0.76218	0.02027	0.01755	0.01275	0.00644	0.00524	0.00161	0.00448	0.00522	0.00640	0.00886
47	0.85377	0.01007	0.00765	0.00685	0.01007	0.01168	0.00564	0.01531	0.00886	0.02336	0.00725	0.00846	0.00564	0.00483	0.00322	0.00161	0.00403	0.00282	0.00322	0.00564
48	0.00634	0.00453	0.00604	0.00725	0.00755	0.00423	0.00483	0.00725	0.00997	0.01329	0.02870	0.81358	0.03444	0.01632	0.00665	0.00211	0.00302	0.01480	0.00483	0.00423
49	0.01393	0.01337	0.01241	0.01116	0.01395	0.13785	0.00865	0.02600	0.62475	0.01999	0.01855	0.01752	0.01409	0.00687	0.00565	0.00172	0.03552	0.00543	0.00477	0.00779
50	0.02336	0.00886	0.01209	0.00927	0.01329	0.00765	0.00765	0.02538	0.01491	0.78810	0.02055	0.01773	0.01289	0.00645	0.00524	0.00161	0.00443	0.00524	0.00645	0.00886

[dist]
# distance from previous block
# <min> <max>
0	4

[block]
# block no. 2 follows, 47 sequences, length 59
# corresponding to MSA columns:
# 134-192
name=unknown_C
#
# <colnr> <probs for GDERKNQSTAVLIFYWHMCP>
#	G	D	E	R	K	N	Q	S	T	A	V	L	I	F	Y	W	H	M	C	P
0	0.01392	0.82012	0.02729	0.00891	0.01337	0.02061	0.00891	0.01559	0.01058	0.01225	0.00724	0.00835	0.00668	0.00446	0.00334	0.00111	0.00557	0.00278	0.00223	0.00668
1	0.02336	0.00886	0.01209	0.00927	0.01329	0.00765	0.00765	0.02538	0.01491	0.78810	0.02055	0.01773	0.01289	0.00645	0.00524	0.00161	0.00443	0.00524	0.00645	0.00886
2	0.00983	0.00926	0.01562	0.80447	0.03587	0.01157	0.01446	0.01331	0.01041	0.01331	0.00926	0.01388	0.00694	0.00521	0.00521	0.00174	0.00694	0.00463	0.00231	0.00579
3	0.00797	0.00609	0.00851	0.00932	0.09253	0.00573	0.00612	0.01050	0.01443	0.02046	0.69752	0.03606	0.04468	0.00999	0.00603	0.00163	0.00286	0.00890	0.00539	0.00528
4	0.00634	0.00453	0.00604	0.00725	0.00755	0.00423	0.00483	0.00725	0.00997	0.01329	0.02870	0.81358	0.03444	0.01632	0.00665	0.00211	0.00302	0.01480	0.00483	0.00423
5	0.00684	0.00528	0.00625	0.00606	0.00747	0.00468	0.00452	0.00878	0.01341	0.01785	0.45951	0.07141	0.34537	0.01188	0.00617	0.00170	0.00255	0.01025	0.00534	0.00468
6	0.01772	0.20881	0.01836	0.01268	0.01586	0.54954	0.04037	0.03693	0.01378	0.01326	0.00804	0.00945	0.00680	0.00521	0.00471	0.00133	0.02483	0.00339	0.00263	0.00629
7	0.01159	0.01100	0.01817	0.09714	0.57503	0.01127	0.01396	0.01437	0.01151	0.01605	0.01501	0.04590	0.09349	0.00621	0.00577	0.00163	0.03596	0.00570	0.00287	0.00736
8	0.02063	0.00846	0.01134	0.00893	0.01252	0.00749	0.00729	0.02325	0.04735	0.64575	0.12934	0.02082	0.01820	0.00707	0.00537	0.00162	0.00414	0.00586	0.00629	0.00827
9	0.00983	0.00926	0.01562	0.80447	0.03587	0.01157	0.01446	0.01331	0.01041	0.01331	0.00926	0.01388	0.00694	0.00521	0.00521	0.00174	0.00694	0.00463	0.00231	0.00579
10	0.00706	0.00533	0.00738	0.00765	0.00855	0.00501	0.03249	0.00891	0.02797	0.01590	0.24597	0.48381	0.06920	0.01385	0.00645	0.00195	0.00314	0.03970	0.00502	0.00464
11	0.01045	0.02694	0.79000	0.01484	0.02254	0.01209	0.01924	0.01649	0.01099	0.01649	0.00935	0.01099	0.00660	0.00495	0.00495	0.00165	0.00770	0.00385	0.00220	0.00770
12	0.01592	0.00668	0.00815	0.00686	0.00936	0.00613	0.00547	0.01816	0.01273	0.36931	0.01861	0.01865	0.01314	0.00624	0.00437	0.00139	0.00334	0.00503	0.46378	0.00668
13	0.01229	0.01405	0.03073	0.02195	0.02722	0.01317	0.76558	0.01668	0.01229	0.01668	0.01054	0.01405	0.00790	0.00439	0.00615	0.00176	0.00878	0.00615	0.00263	0.00702
14	0.01980	0.01459	0.01563	0.01198	0.01615	0.01615	0.00990	0.76713	0.02448	0.03282	0.01250	0.01250	0.00886	0.00625	0.00521	0.00156	0.00573	0.00469	0.00521	0.00886
15	0.00759	0.00580	0.00866	0.00857	0.00946	0.00687	0.00669	0.00942	0.00835	0.01211	0.01368	0.02012	0.01279	0.03793	0.76692	0.00814	0.04392	0.00554	0.00277	0.00469
16	0.00983	0.00926	0.01562	0.80447	0.03587	0.01157	0.01446	0.01331	0.01041	0.01331	0.00926	0.01388	0.00694	0.00521	0.00521	0.00174	0.00694	0.00463	0.00231	0.00579
17	0.00632	0.00461	0.00596	0.00704	0.00750	0.00425	0.00474	0.00728	0.01018	0.01338	0.03133	0.73028	0.11605	0.01597	0.00659	0.00208	0.00298	0.01439	0.00483	0.00425
18	0.01396	0.01169	0.01234	0.01080	0.01392	0.01342	0.00849	0.13623	0.66489	0.02340	0.01992	0.01841	0.01486	0.00695	0.00529	0.00174	0.00436	0.00571	0.00529	0.00833
19	0.00827	0.00525	0.00643	0.00644	0.00752	0.00513	0.00489	0.01041	0.01210	0.01811	0.31985	0.03436	0.03043	0.09898	0.04233	0.00228	0.00357	0.11337	0.26558	0.00467
20	0.01082	0.11348	0.70678	0.01420	0.02154	0.01302	0.01811	0.01639	0.01095	0.01603	0.00912	0.01071	0.00661	0.00489	0.00477	0.00159	0.00746	0.00373	0.00220	0.00759
21	0.01354	0.73357	0.11051	0.00956	0.01437	0.01968	0.01004	0.01569	0.01063	0.01271	0.00747	0.00864	0.00667	0.00451	0.00352	0.00117	0.00580	0.00290	0.00222	0.00679
22	0.02087	0.03611	0.01246	0.00929	0.01304	0.00881	0.00767	0.11319	0.01590	0.58716	0.10218	0.01909	0.01615	0.00681	0.00527	0.00159	0.00441	0.00555	0.00608	0.00836
23	0.01080	0.00926	0.01080	0.00771	0.01234	0.00694	0.00617	0.01311	0.01080	0.01697	0.00926	0.01080	0.00771	0.00386	0.00386	0.00077	0.00386	0.00309	0.00309	0.84882
24	0.01930	0.01434	0.01535	0.01188	0.01596	0.01592	0.00978	0.71351	0.07892	0.03202	0.01313	0.01301	0.00937	0.00631	0.00522	0.00158	0.00561	0.00478	0.00522	0.00881
25	0.00825	0.00554	0.00704	0.00657	0.00804	0.00501	0.00496	0.01047	0.01422	0.07152	0.60600	0.05775	0.15318	0.01087	0.00609	0.00167	0.00263	0.00949	0.00563	0.00509
26	0.01121	0.13868	0.59713	0.01586	0.10436	0.01334	0.01741	0.01631	0.01103	0.01594	0.00909	0.01082	0.00679	0.00484	0.00474	0.00156	0.00723	0.00378	0.00224	0.00761
27	0.00744	0.00558	0.00837	0.00837	0.00930	0.00651	0.00651	0.00930	0.00837	0.01209	0.01395	0.02046	0.01302	0.03906	0.79635	0.00837	0.01395	0.00558	0.00279	0.00465
28	0.00753	0.00570	0.00706	0.00710	0.00843	0.00541	0.00545	0.01037	0.06151	0.01803	0.40052	0.12761	0.18155	0.01208	0.00630	0.00183	0.00301	0.12028	0.00530	0.00493
29	0.05051	0.00923	0.01210	0.00935	0.01333	0.00832	0.00771	0.06013	0.03420	0.70785	0.01974	0.01721	0.01253	0.00640	0.00517	0.00161	0.00447	0.00515	0.00625	0.00874
30	0.01088	0.01095	0.01553	0.71816	0.03371	0.09717	0.01398	0.01412	0.01089	0.01324	0.00912	0.01339	0.00692	0.00522	0.00515	0.00169	0.00721	0.00449	0.00235	0.00581
31	0.00765	0.00558	0.00785	0.00782	0.00858	0.00631	0.00579	0.00933	0.02736	0.01183	0.01450	0.02315	0.01421	0.20022	0.59335	0.03166	0.01157	0.00597	0.00291	0.00436
32	0.00663	0.00514	0.00604	0.00614	0.00741	0.00455	0.00448	0.00827	0.01250	0.01634	0.30821	0.20359	0.36617	0.01293	0.00625	0.00179	0.00265	0.01122	0.00516	0.00455
33	0.11397	0.00899	0.01160	0.00900	0.01294	0.00809	0.00743	0.02428	0.01425	0.70467	0.01909	0.01671	0.01210	0.00627	0.00502	0.00161	0.00439	0.00497	0.00609	0.00851
34	0.03513	0.00997	0.01627	0.57908	0.18323	0.01170	0.01412	0.01472	0.03964	0.03243	0.01002	0.01383	0.00764	0.00518	0.00514	0.00169	0.00654	0.00464	0.00260	0.00644
35	0.00947	0.00822	0.01101	0.03806	0.01256	0.00844	0.08910	0.01573	0.25115	0.01886	0.26563	0.04984	0.18190	0.00930	0.00586	0.00173	0.00388	0.00823	0.00493	0.00609
36	0.01229	0.01405	0.03073	0.02195	0.02722	0.01317	0.76558	0.01668	0.01229	0.01668	0.01054	0.01405	0.00790	0.00439	0.00615	0.00176	0.00878	0.00615	0.00263	0.00702
37	0.01229	0.01405	0.03073	0.02195	0.02722	0.01317	0.76558	0.01668	0.01229	0.01668	0.01054	0.01405	0.00790	0.00439	0.00615	0.00176	0.00878	0.00615	0.00263	0.00702
38	0.01126	0.01126	0.04567	0.28721	0.34646	0.01141	0.05824	0.04253	0.01184	0.01600	0.01443	0.01727	0.09222	0.00582	0.00533	0.00165	0.00624	0.00539	0.00282	0.00693
39	0.00744	0.00558	0.00837	0.00837	0.00930	0.00651	0.00651	0.00930	0.00837	0.01209	0.01395	0.02046	0.01302	0.03906	0.79635	0.00837	0.01395	0.00558	0.00279	0.00465
40	0.01295	0.01119	0.01178	0.01060	0.01354	0.01295	0.00824	0.02767	0.77509	0.02178	0.02120	0.01943	0.01590	0.00707	0.00530	0.00177	0.00412	0.00589	0.00530	0.00824
41	0.01229	0.01405	0.03073	0.02195	0.02722	0.01317	0.76558	0.01668	0.01229	0.01668	0.01054	0.01405	0.00790	0.00439	0.00615	0.00176	0.00878	0.00615	0.00263	0.00702
42	0.01019	0.00994	0.01778	0.69266	0.03463	0.01180	0.12179	0.01379	0.01068	0.01379	0.00944	0.01391	0.00708	0.00509	0.00534	0.00174	0.00720	0.00484	0.00236	0.00596
43	0.85377	0.01007	0.00765	0.00685	0.01007	0.01168	0.00564	0.01531	0.00886	0.02336	0.00725	0.00846	0.00564	0.00483	0.00322	0.00161	0.00403	0.00282	0.00322	0.00564
44	0.85377	0.01007	0.00765	0.00685	0.01007	0.01168	0.00564	0.01531	0.00886	0.02336	0.00725	0.00846	0.00564	0.00483	0.00322	0.00161	0.00403	0.00282	0.00322	0.00564
45	0.00780	0.00594	0.00832	0.12393	0.01209	0.00596	0.00653	0.01040	0.01394	0.01944	0.62192	0.03645	0.04176	0.01008	0.00607	0.00170	0.00326	0.05421	0.00517	0.00503
46	0.00983	0.00926	0.01562	0.80447	0.03587	0.01157	0.01446	0.01331	0.01041	0.01331	0.00926	0.01388	0.00694	0.00521	0.00521	0.00174	0.00694	0.00463	0.00231	0.00579
47	0.01080	0.00926	0.01080	0.00771	0.01234	0.00694	0.00617	0.01311	0.01080	0.01697	0.00926	0.01080	0.00771	0.00386	0.00386	0.00077	0.00386	0.00309	0.00309	0.84882
48	0.00757	0.00505	0.00568	0.00568	0.00568	0.00505	0.00316	0.00757	0.00757	0.01010	0.01641	0.03408	0.01893	0.81698	0.02651	0.00505	0.00505	0.00757	0.00316	0.00316
49	0.85377	0.01007	0.00765	0.00685	0.01007	0.01168	0.00564	0.01531	0.00886	0.02336	0.00725	0.00846	0.00564	0.00483	0.00322	0.00161	0.00403	0.00282	0.00322	0.00564
50	0.00660	0.00529	0.00589	0.00574	0.00731	0.00458	0.00430	0.00833	0.01291	0.01654	0.31766	0.04604	0.51593	0.01226	0.00615	0.00171	0.00257	0.01042	0.00516	0.00458
51	0.01935	0.01248	0.01380	0.01071	0.01453	0.01336	0.00880	0.54891	0.02125	0.16968	0.01447	0.01421	0.01009	0.00627	0.00504	0.00153	0.00513	0.00481	0.09716	0.00842
52	0.01371	0.00934	0.01091	0.00993	0.01248	0.00996	0.00817	0.19168	0.18707	0.10544	0.02120	0.06051	0.01908	0.00949	0.00583	0.00188	0.00459	0.24954	0.06225	0.00694
53	0.00676	0.00486	0.00627	0.00718	0.00771	0.00458	0.00502	0.00785	0.01032	0.01362	0.06211	0.54135	0.09269	0.10294	0.00882	0.00242	0.00340	0.10320	0.00469	0.00422
54	0.00646	0.00513	0.00583	0.00621	0.00750	0.00451	0.00458	0.00783	0.01158	0.01446	0.09694	0.25457	0.47420	0.01393	0.00636	0.00189	0.00289	0.06582	0.00490	0.00442
55	0.05058	0.00832	0.01073	0.00852	0.01200	0.00753	0.00695	0.02280	0.04276	0.60110	0.03703	0.01819	0.01364	0.00645	0.00495	0.00156	0.00407	0.00521	0.12956	0.00804
56	0.85377	0.01007	0.00765	0.00685	0.01007	0.01168	0.00564	0.01531	0.00886	0.02336	0.00725	0.00846	0.00564	0.00483	0.00322	0.00161	0.00403	0.00282	0.00322	0.00564
57	0.00863	0.00565	0.00654	0.00649	0.00734	0.00584	0.00469	0.01067	0.04363	0.01550	0.09948	0.03160	0.04967	0.28313	0.02737	0.00290	0.03427	0.08777	0.26439	0.00444
58	0.08945	0.43891	0.03740	0.01012	0.01415	0.15385	0.00914	0.12380	0.02557	0.04224	0.00884	0.00968	0.00726	0.00502	0.00396	0.00130	0.00611	0.00331	0.00301	0.00691

[dist]
# distance from previous block
# <min> <max>
1	8

[block]
# block no. 3 follows, 47 sequences, length 22
# corresponding to MSA columns:
# 201-222
name=unknown_D
#
# <colnr> <probs for GDERKNQSTAVLIFYWHMCP>
#	G	D	E	R	K	N	Q	S	T	A	V	L	I	F	Y	W	H	M	C	P
0	0.59429	0.08279	0.07994	0.00836	0.01196	0.01206	0.02789	0.02737	0.00984	0.02114	0.02612	0.02956	0.00857	0.00561	0.00381	0.00162	0.00462	0.03530	0.00322	0.00592
1	0.04226	0.01133	0.08346	0.01595	0.21529	0.01022	0.06252	0.06238	0.12783	0.02005	0.25587	0.02237	0.03383	0.00715	0.00549	0.00164	0.00485	0.00640	0.00417	0.00694
2	0.08703	0.00930	0.01062	0.00776	0.01221	0.00742	0.00624	0.01429	0.01095	0.07905	0.00998	0.01114	0.00794	0.00415	0.00391	0.00091	0.00392	0.00323	0.00337	0.70657
3	0.01058	0.01061	0.02030	0.03297	0.06617	0.01065	0.37393	0.01368	0.01164	0.01632	0.13298	0.06767	0.01671	0.03730	0.04287	0.00219	0.08806	0.00689	0.03238	0.00612
4	0.00656	0.00472	0.00627	0.00743	0.00788	0.00443	0.00518	0.00764	0.01026	0.01357	0.02949	0.70368	0.06228	0.01599	0.00669	0.00213	0.00320	0.09350	0.00483	0.00430
5	0.00755	0.00546	0.00778	0.00782	0.00855	0.00614	0.00584	0.00893	0.00829	0.01172	0.01477	0.02439	0.01468	0.19420	0.59121	0.03226	0.01156	0.03166	0.00292	0.00428
6	0.01179	0.01266	0.02563	0.02034	0.09304	0.01216	0.55148	0.01663	0.08009	0.01682	0.01329	0.09656	0.01137	0.00588	0.00603	0.00177	0.00754	0.00687	0.00309	0.00696
7	0.01347	0.01049	0.01127	0.00996	0.01293	0.01169	0.00780	0.05685	0.59183	0.09131	0.02415	0.02227	0.09758	0.00763	0.00538	0.00174	0.00406	0.00632	0.00535	0.00791
8	0.01345	0.71181	0.13143	0.00972	0.01462	0.01944	0.01032	0.01572	0.01064	0.01283	0.00753	0.00871	0.00667	0.00452	0.00356	0.00119	0.00586	0.00293	0.00222	0.00682
9	0.01109	0.00943	0.01095	0.00785	0.01246	0.00724	0.00629	0.03724	0.01124	0.01748	0.00936	0.01085	0.00775	0.00393	0.00390	0.00080	0.00392	0.00314	0.00315	0.82194
10	0.02152	0.01183	0.01392	0.01067	0.01477	0.01206	0.00882	0.40985	0.01987	0.39662	0.01638	0.01502	0.01080	0.00634	0.00522	0.00159	0.00510	0.00495	0.00580	0.00886
11	0.85377	0.01007	0.00765	0.00685	0.01007	0.01168	0.00564	0.01531	0.00886	0.02336	0.00725	0.00846	0.00564	0.00483	0.00322	0.00161	0.00403	0.00282	0.00322	0.00564
12	0.01136	0.00971	0.01030	0.00938	0.01198	0.01086	0.00726	0.02284	0.58455	0.02048	0.09557	0.02608	0.14065	0.00836	0.00551	0.00175	0.00373	0.00702	0.00526	0.00733
13	0.00822	0.00644	0.00868	0.00822	0.00866	0.00759	0.00606	0.00932	0.00858	0.01223	0.08204	0.02536	0.01724	0.31308	0.30205	0.00543	0.15694	0.00646	0.00309	0.00433
14	0.01680	0.01263	0.01360	0.01093	0.01431	0.01405	0.00875	0.52182	0.16366	0.02763	0.01461	0.01638	0.01140	0.09446	0.03298	0.00219	0.00562	0.00525	0.00493	0.00799
15	0.01720	0.01327	0.15836	0.15385	0.08968	0.01058	0.01203	0.10588	0.01420	0.35029	0.01456	0.01475	0.00978	0.00576	0.00517	0.00163	0.00579	0.00475	0.00443	0.00804
16	0.00905	0.00452	0.00678	0.00678	0.00678	0.00452	0.00452	0.00678	0.00678	0.00905	0.00905	0.01583	0.00905	0.01809	0.02035	0.84848	0.00452	0.00452	0.00226	0.00226
17	0.01315	0.01271	0.02017	0.09938	0.65654	0.04588	0.01537	0.04367	0.01232	0.01708	0.00977	0.01281	0.00809	0.00478	0.00514	0.00156	0.00637	0.00459	0.00266	0.00796
18	0.02336	0.00886	0.01209	0.00927	0.01329	0.00765	0.00765	0.02538	0.01491	0.78810	0.02055	0.01773	0.01289	0.00645	0.00524	0.00161	0.00443	0.00524	0.00645	0.00886
19	0.01829	0.02064	0.01716	0.01435	0.01765	0.53446	0.14044	0.03888	0.04896	0.08503	0.01032	0.01149	0.00795	0.00539	0.00504	0.00146	0.00851	0.00416	0.00320	0.00663
20	0.01926	0.00838	0.01105	0.00885	0.01223	0.00760	0.00717	0.02252	0.08420	0.56693	0.17071	0.02206	0.02031	0.00733	0.00542	0.00163	0.00401	0.00612	0.00620	0.00803
21	0.01001	0.00820	0.00883	0.00806	0.01031	0.00858	0.00621	0.08287	0.28577	0.01964	0.16182	0.05846	0.29035	0.01005	0.00578	0.00173	0.00342	0.00846	0.00519	0.00625

[dist]
# distance from previous block
# <min> <max>
0	1

[block]
# block no. 4 follows, 47 sequences, length 17
# corresponding to MSA columns:
# 224-240
name=unknown_E
#
# <colnr> <probs for GDERKNQSTAVLIFYWHMCP>
#	G	D	E	R	K	N	Q	S	T	A	V	L	I	F	Y	W	H	M	C	P
0	0.85377	0.01007	0.00765	0.00685	0.01007	0.01168	0.00564	0.01531	0.00886	0.02336	0.00725	0.00846	0.00564	0.00483	0.00322	0.00161	0.00403	0.00282	0.00322	0.00564
1	0.01116	0.01057	0.01638	0.62167	0.14156	0.04138	0.01427	0.05410	0.01153	0.01486	0.00946	0.01350	0.00722	0.00519	0.00518	0.00168	0.00686	0.00459	0.00252	0.00631
2	0.07891	0.02216	0.01543	0.01405	0.04514	0.62586	0.05263	0.05835	0.01458	0.01492	0.00843	0.00988	0.00687	0.00529	0.00472	0.00140	0.00866	0.00359	0.00285	0.00629
3	0.01798	0.06039	0.20877	0.01189	0.01692	0.01339	0.01165	0.36467	0.01811	0.20474	0.01331	0.01312	0.00912	0.00587	0.00505	0.00157	0.00591	0.00450	0.00458	0.00845
4	0.07231	0.01286	0.03211	0.02245	0.44369	0.05417	0.01270	0.08415	0.14339	0.01959	0.04313	0.01450	0.01098	0.00550	0.00506	0.00158	0.00569	0.00484	0.00345	0.00785
5	0.01819	0.01650	0.01415	0.01188	0.01508	0.27273	0.00939	0.28848	0.12786	0.08934	0.04232	0.01390	0.01098	0.00638	0.00557	0.00156	0.03911	0.00464	0.00439	0.00755
6	0.00765	0.00594	0.00718	0.00777	0.00908	0.00578	0.00608	0.01065	0.09365	0.01517	0.03465	0.26106	0.25230	0.01378	0.00653	0.00206	0.00359	0.24731	0.00487	0.00489
7	0.01020	0.00976	0.01690	0.70305	0.08928	0.01172	0.05851	0.01370	0.01063	0.01377	0.00937	0.01382	0.00709	0.00512	0.00526	0.00172	0.00700	0.00472	0.00235	0.00603
8	0.01110	0.02607	0.73592	0.01464	0.02209	0.01238	0.01859	0.06892	0.01194	0.01763	0.00957	0.01110	0.00675	0.00504	0.00497	0.00164	0.00756	0.00391	0.00241	0.00778
9	0.00754	0.00518	0.00635	0.00635	0.00658	0.00541	0.00399	0.00800	0.00777	0.01060	0.01579	0.03067	0.01745	0.62252	0.21895	0.00588	0.00727	0.00707	0.00306	0.00353
10	0.00634	0.00453	0.00604	0.00725	0.00755	0.00423	0.00483	0.00725	0.00997	0.01329	0.02870	0.81358	0.03444	0.01632	0.00665	0.00211	0.00302	0.01480	0.00483	0.00423
11	0.01045	0.02694	0.79000	0.01484	0.02254	0.01209	0.01924	0.01649	0.01099	0.01649	0.00935	0.01099	0.00660	0.00495	0.00495	0.00165	0.00770	0.00385	0.00220	0.00770
12	0.01446	0.01249	0.01985	0.02785	0.63194	0.01264	0.01465	0.12307	0.01382	0.06280	0.01079	0.01311	0.00860	0.00497	0.00517	0.00155	0.00602	0.00468	0.00317	0.00837
13	0.04842	0.01863	0.07948	0.05864	0.01822	0.35677	0.09903	0.04631	0.01299	0.07051	0.00936	0.01132	0.00736	0.00589	0.00688	0.00162	0.13497	0.00415	0.00294	0.00651
14	0.00786	0.00528	0.00782	0.00782	0.00846	0.00592	0.00582	0.00856	0.00792	0.01120	0.01281	0.01998	0.01230	0.07415	0.55653	0.22445	0.01106	0.00541	0.00267	0.00396
15	0.01315	0.05764	0.14245	0.01245	0.08912	0.00974	0.05234	0.04639	0.04282	0.17315	0.22784	0.02135	0.03320	0.00705	0.00555	0.00159	0.01878	0.00604	0.00441	0.03495
16	0.03568	0.14406	0.35028	0.01313	0.01890	0.05440	0.10410	0.01699	0.03672	0.05794	0.01002	0.01142	0.00754	0.00484	0.00467	0.00145	0.00670	0.00395	0.00276	0.11444

[dist]
# distance from previous block
# <min> <max>
0	4

[block]
# block no. 5 follows, 47 sequences, length 35
# corresponding to MSA columns:
# 245-279
name=unknown_F
#
# <colnr> <probs for GDERKNQSTAVLIFYWHMCP>
#	G	D	E	R	K	N	Q	S	T	A	V	L	I	F	Y	W	H	M	C	P
0	0.22723	0.37677	0.03615	0.01037	0.04366	0.13855	0.00883	0.04015	0.03386	0.01635	0.00809	0.00930	0.00683	0.00493	0.00401	0.00136	0.02114	0.00316	0.00275	0.00650
1	0.00947	0.00571	0.00781	0.00847	0.00964	0.00541	0.00666	0.01113	0.01145	0.11878	0.02714	0.40033	0.02972	0.01420	0.00668	0.00216	0.00393	0.31119	0.00504	0.00508
2	0.01542	0.19494	0.11069	0.01143	0.01567	0.06436	0.02785	0.24255	0.18045	0.04265	0.03528	0.01365	0.01076	0.00591	0.00480	0.00151	0.00575	0.00453	0.00403	0.00776
3	0.01105	0.13998	0.58675	0.05279	0.02154	0.01343	0.03378	0.01646	0.03328	0.01580	0.00936	0.01108	0.00693	0.00502	0.00500	0.00159	0.02256	0.00386	0.00231	0.00742
4	0.04594	0.22561	0.35345	0.03644	0.04419	0.01411	0.05783	0.04904	0.02606	0.08631	0.01018	0.01138	0.00756	0.00501	0.00460	0.00151	0.00655	0.00392	0.00286	0.00744
5	0.09394	0.20558	0.24386	0.01324	0.08538	0.04221	0.03998	0.01821	0.01181	0.18282	0.01111	0.01181	0.00809	0.00511	0.00452	0.00150	0.00611	0.00394	0.00329	0.00748
6	0.14751	0.00895	0.01056	0.00843	0.01188	0.00865	0.00690	0.09610	0.01428	0.46713	0.01711	0.01607	0.01146	0.00612	0.00466	0.00154	0.00417	0.00475	0.14604	0.00770
7	0.00765	0.00602	0.00730	0.00751	0.03822	0.00568	0.00530	0.01072	0.07807	0.01815	0.39634	0.09141	0.27146	0.01120	0.00603	0.00171	0.00284	0.00971	0.01958	0.00512
8	0.01293	0.01192	0.05524	0.31143	0.18292	0.01253	0.01293	0.15966	0.11343	0.03212	0.01233	0.03821	0.00966	0.00587	0.00524	0.00167	0.00606	0.00508	0.00345	0.00731
9	0.00644	0.00460	0.00615	0.00736	0.00770	0.00431	0.00500	0.00741	0.01006	0.01340	0.02865	0.77916	0.03424	0.01623	0.00667	0.00213	0.00310	0.04831	0.00483	0.00426
10	0.05148	0.00834	0.01038	0.00842	0.01158	0.00787	0.00680	0.06075	0.06572	0.45610	0.11872	0.02020	0.01740	0.00691	0.00505	0.00157	0.00392	0.00565	0.12554	0.00761
11	0.00689	0.00535	0.00630	0.00632	0.00768	0.00482	0.00471	0.00894	0.02913	0.01688	0.33564	0.14526	0.34943	0.01251	0.00624	0.00178	0.00273	0.03950	0.00520	0.00468
12	0.01332	0.01259	0.02146	0.12043	0.45940	0.01291	0.14821	0.11407	0.01341	0.01858	0.01022	0.01316	0.00811	0.00487	0.00534	0.00161	0.00668	0.00491	0.00290	0.00781
13	0.01941	0.00882	0.01107	0.00897	0.01240	0.00839	0.00725	0.02412	0.17263	0.52800	0.02022	0.01830	0.01358	0.00653	0.00504	0.00159	0.00410	0.00532	0.11604	0.00821
14	0.00634	0.00453	0.00604	0.00725	0.00755	0.00423	0.00483	0.00725	0.00997	0.01329	0.02870	0.81358	0.03444	0.01632	0.00665	0.00211	0.00302	0.01480	0.00483	0.00423
15	0.00642	0.00459	0.00613	0.00734	0.00767	0.00430	0.00497	0.00738	0.01004	0.01338	0.02866	0.78570	0.03428	0.01624	0.00667	0.00213	0.00309	0.04194	0.00483	0.00425
16	0.01058	0.05699	0.76110	0.01462	0.02219	0.01242	0.01885	0.01646	0.01098	0.01633	0.00927	0.01089	0.00660	0.00493	0.00489	0.00163	0.00762	0.00381	0.00220	0.00766
17	0.00804	0.00607	0.00749	0.00703	0.00846	0.00594	0.00528	0.01199	0.11390	0.02041	0.62757	0.05064	0.07150	0.02486	0.00641	0.00173	0.00274	0.00908	0.00558	0.00529
18	0.00737	0.00532	0.00696	0.00655	0.00778	0.00491	0.00491	0.00983	0.01474	0.02088	0.78175	0.03890	0.04914	0.01065	0.00614	0.00164	0.00246	0.00942	0.00573	0.00491
19	0.01347	0.43568	0.29409	0.01140	0.01696	0.01703	0.01267	0.11424	0.01255	0.01643	0.00867	0.00983	0.00694	0.00486	0.00415	0.00136	0.00634	0.00341	0.00261	0.00732
20	0.05063	0.01213	0.01366	0.01092	0.01464	0.01293	0.00909	0.48950	0.02032	0.18313	0.01590	0.01946	0.01231	0.00730	0.00540	0.00168	0.00528	0.10217	0.00533	0.00820
21	0.74512	0.00991	0.00823	0.00716	0.01049	0.01116	0.00590	0.01663	0.00965	0.12342	0.00899	0.00967	0.00659	0.00504	0.00349	0.00161	0.00408	0.00314	0.00364	0.00606
22	0.02050	0.01311	0.11503	0.01089	0.01544	0.01103	0.00991	0.26788	0.01754	0.43904	0.01644	0.01513	0.01074	0.00619	0.00519	0.00160	0.00529	0.00488	0.00548	0.00871
23	0.01281	0.01259	0.02239	0.03065	0.68541	0.01248	0.11406	0.01607	0.01191	0.01697	0.00989	0.01304	0.00820	0.00461	0.00529	0.00157	0.00653	0.00484	0.00259	0.00809
24	0.01875	0.02166	0.01455	0.01287	0.01581	0.58483	0.00983	0.13664	0.10463	0.01689	0.01026	0.01104	0.00811	0.00570	0.00484	0.00143	0.00821	0.00385	0.00338	0.00673
25	0.00746	0.00565	0.00709	0.00765	0.00905	0.00528	0.00635	0.00948	0.01231	0.01573	0.13528	0.05305	0.30219	0.01347	0.00668	0.00207	0.00372	0.38792	0.00493	0.00467
26	0.01098	0.13015	0.65684	0.01438	0.02154	0.01326	0.05069	0.01638	0.01100	0.01595	0.00912	0.01078	0.00667	0.00486	0.00479	0.00158	0.00747	0.00381	0.00222	0.00753
27	0.00672	0.00521	0.00612	0.00607	0.00743	0.00461	0.00449	0.00851	0.01295	0.01705	0.37803	0.13176	0.36754	0.01240	0.00620	0.00174	0.00260	0.01072	0.00524	0.00461
28	0.01229	0.00628	0.00792	0.00694	0.00893	0.00580	0.00540	0.02718	0.01402	0.21936	0.38681	0.02826	0.03042	0.00838	0.00529	0.00153	0.00302	0.00715	0.20903	0.00599
29	0.00709	0.00528	0.00647	0.00621	0.00755	0.00477	0.00464	0.00923	0.01382	0.01896	0.56410	0.05914	0.23269	0.01132	0.00610	0.00167	0.00251	0.00984	0.02383	0.00477
30	0.00699	0.00510	0.00659	0.00676	0.00774	0.00470	0.00492	0.00888	0.01296	0.01785	0.47003	0.28001	0.10032	0.01271	0.00633	0.00182	0.00272	0.03356	0.00536	0.00466
31	0.04370	0.01033	0.03844	0.55479	0.09500	0.01170	0.04077	0.01511	0.08496	0.01502	0.01057	0.01424	0.00808	0.00629	0.02857	0.00191	0.00678	0.00474	0.00269	0.00630
32	0.05361	0.01051	0.01707	0.15878	0.08370	0.01063	0.19026	0.04773	0.06696	0.13787	0.04028	0.01811	0.03268	0.03747	0.00621	0.00179	0.00597	0.02415	0.00376	0.05249
33	0.46813	0.19671	0.01405	0.00942	0.04326	0.01425	0.00770	0.01568	0.03210	0.04010	0.00808	0.00958	0.00665	0.00541	0.00526	0.00159	0.10961	0.00327	0.00299	0.00616
34	0.45820	0.03570	0.06495	0.03948	0.04386	0.01230	0.03117	0.11496	0.04735	0.07437	0.00994	0.01089	0.00739	0.00520	0.00409	0.00159	0.00491	0.00368	0.00362	0.02636

[dist]
# distance from previous block
# <min> <max>
2	10

[block]
# block no. 6 follows, 47 sequences, length 21
# corresponding to MSA columns:
# 290-310
name=unknown_G
#
# <colnr> <probs for GDERKNQSTAVLIFYWHMCP>
#	G	D	E	R	K	N	Q	S	T	A	V	L	I	F	Y	W	H	M	C	P
0	0.01240	0.01002	0.01089	0.00988	0.01255	0.03462	0.00793	0.11306	0.32983	0.04036	0.04305	0.05481	0.06044	0.00896	0.00568	0.00179	0.00445	0.16432	0.00493	0.07003
1	0.00697	0.00495	0.00662	0.00753	0.00817	0.00468	0.00550	0.00828	0.01096	0.01465	0.13117	0.51087	0.05794	0.01513	0.00714	0.03094	0.00333	0.15595	0.00486	0.00437
2	0.05054	0.13233	0.15889	0.01322	0.12163	0.01211	0.01092	0.09039	0.04848	0.09060	0.01090	0.01189	0.00832	0.00493	0.00446	0.00133	0.00540	0.00388	0.00336	0.21642
3	0.01212	0.36531	0.40629	0.01358	0.07539	0.01576	0.01458	0.01607	0.01088	0.01472	0.00848	0.01001	0.00676	0.00471	0.00428	0.00141	0.00667	0.00345	0.00224	0.00730
4	0.01639	0.13186	0.25963	0.01305	0.07022	0.02408	0.01244	0.13517	0.03166	0.23610	0.01297	0.01305	0.00906	0.00553	0.00486	0.00154	0.00601	0.00431	0.00397	0.00809
5	0.01252	0.14402	0.04406	0.05037	0.17062	0.01211	0.08831	0.03999	0.11915	0.06548	0.12444	0.02066	0.01675	0.00672	0.00528	0.00162	0.00538	0.06165	0.00383	0.00705
6	0.00693	0.00519	0.00646	0.00660	0.00776	0.00472	0.00491	0.00879	0.01286	0.01729	0.39625	0.20443	0.22172	0.01270	0.00632	0.00182	0.00278	0.06255	0.00526	0.00464
7	0.01410	0.17247	0.31610	0.01384	0.01938	0.09722	0.12674	0.05120	0.03353	0.09221	0.01056	0.01174	0.00780	0.00508	0.00485	0.00153	0.00713	0.00417	0.00296	0.00741
8	0.01598	0.04933	0.19158	0.01152	0.02801	0.03202	0.06660	0.03876	0.01373	0.33175	0.13079	0.01899	0.03425	0.00659	0.00529	0.00161	0.00542	0.00556	0.00466	0.00757
9	0.00771	0.00600	0.00819	0.00903	0.06595	0.00591	0.00612	0.00953	0.01237	0.01710	0.37647	0.23628	0.10359	0.01210	0.00719	0.02094	0.04939	0.03633	0.00488	0.00492
10	0.01011	0.00589	0.00685	0.00627	0.00802	0.00549	0.00481	0.03739	0.01333	0.10759	0.28676	0.03176	0.17788	0.00910	0.00523	0.00152	0.00282	0.00767	0.26611	0.00538
11	0.01780	0.11718	0.08299	0.01443	0.16805	0.02894	0.01057	0.03283	0.06935	0.37055	0.02601	0.01511	0.01114	0.00577	0.00495	0.00154	0.00529	0.00473	0.00456	0.00819
12	0.01367	0.01578	0.24345	0.04323	0.10373	0.01153	0.10665	0.13443	0.04635	0.11178	0.10359	0.01639	0.01350	0.00600	0.00536	0.00164	0.00617	0.00529	0.00383	0.00762
13	0.00704	0.00538	0.00576	0.00570	0.00741	0.00457	0.00426	0.00844	0.01205	0.05000	0.09873	0.10937	0.63714	0.01296	0.00615	0.00177	0.00274	0.01093	0.00497	0.00462
14	0.01073	0.02524	0.70041	0.01684	0.11132	0.01213	0.01886	0.01643	0.01110	0.01655	0.00940	0.01122	0.00679	0.00491	0.00497	0.00164	0.00752	0.00394	0.00224	0.00776
15	0.01945	0.01158	0.08301	0.04201	0.13289	0.00967	0.04385	0.06849	0.01442	0.49464	0.01659	0.01578	0.01095	0.00589	0.00524	0.00161	0.00535	0.00501	0.00509	0.00848
16	0.01196	0.09642	0.63706	0.01386	0.02087	0.01286	0.01718	0.06010	0.01194	0.05668	0.00991	0.01119	0.00706	0.00506	0.00483	0.00159	0.00722	0.00387	0.00259	0.00773
17	0.01450	0.01176	0.01878	0.08978	0.34244	0.03799	0.11991	0.06423	0.01320	0.14617	0.01397	0.01747	0.03140	0.00588	0.00545	0.00165	0.00623	0.04799	0.00357	0.00762
18	0.01137	0.06052	0.59301	0.01638	0.07905	0.01278	0.08771	0.04929	0.01175	0.01707	0.00953	0.01137	0.00694	0.00491	0.00501	0.00162	0.00750	0.00411	0.00240	0.00768
19	0.01478	0.12631	0.35962	0.01433	0.07590	0.01212	0.07086	0.01879	0.01217	0.22764	0.01226	0.01286	0.00856	0.00523	0.00492	0.00157	0.00648	0.00432	0.00343	0.00787
20	0.12222	0.01401	0.20008	0.01106	0.01594	0.01008	0.04353	0.07513	0.01379	0.41931	0.01518	0.01442	0.00997	0.00578	0.00496	0.00162	0.00545	0.00460	0.00477	0.00810

[dist]
# distance from previous block
# <min> <max>
0	15

# created by:
# /home/berkeley/.conda/envs/busco_data_prod/bin/msa2prfl.pl pipeline/OGs_align_augustus/33634/157633.fs
