[name]
unknown

[dist]
# distance from previous block
# <min> <max>
0	213

[block]
# block no. 0 follows, 40 sequences, length 11
# corresponding to MSA columns:
# 213-223
name=unknown_A
#
# <colnr> <probs for GDERKNQSTAVLIFYWHMCP>
#	G	D	E	R	K	N	Q	S	T	A	V	L	I	F	Y	W	H	M	C	P
0	0.07063	0.00660	0.00850	0.00842	0.00941	0.00725	0.00626	0.01065	0.01043	0.01552	0.11728	0.04685	0.02263	0.22279	0.33554	0.00604	0.03079	0.05560	0.00388	0.00493
1	0.01098	0.00874	0.06067	0.01027	0.01188	0.00785	0.06199	0.01239	0.05638	0.05270	0.05025	0.13354	0.01767	0.07760	0.04570	0.32017	0.04504	0.00752	0.00371	0.00496
2	0.00842	0.00624	0.00741	0.00772	0.00882	0.00594	0.00541	0.06337	0.01308	0.01714	0.10642	0.40971	0.20341	0.09760	0.00945	0.00251	0.00368	0.01326	0.00533	0.00510
3	0.00942	0.00658	0.00822	0.00800	0.00956	0.00634	0.00607	0.01303	0.07898	0.04944	0.43809	0.13707	0.09093	0.01243	0.00677	0.00196	0.00328	0.06387	0.04414	0.00583
4	0.02119	0.01283	0.01463	0.01167	0.01582	0.01353	0.00949	0.31218	0.18636	0.27289	0.01934	0.01798	0.01338	0.00725	0.00577	0.00180	0.00535	0.00575	0.04325	0.00954
5	0.00772	0.00583	0.00713	0.00701	0.00843	0.00524	0.00518	0.00991	0.01496	0.02024	0.47976	0.13233	0.24819	0.01340	0.00693	0.00193	0.00287	0.01169	0.00601	0.00524
6	0.01485	0.01199	0.01356	0.00994	0.01496	0.01061	0.00805	0.21629	0.01631	0.02387	0.01134	0.01259	0.00897	0.00505	0.00473	0.00111	0.00489	0.00394	0.00410	0.60285
7	0.02048	0.02542	0.01668	0.01564	0.04633	0.65491	0.01149	0.02279	0.05278	0.01491	0.00971	0.01135	0.00808	0.00633	0.00621	0.00160	0.06120	0.00403	0.00311	0.00694
8	0.05423	0.08847	0.40760	0.01446	0.02099	0.04501	0.01607	0.19923	0.06030	0.02313	0.01175	0.01281	0.00858	0.00600	0.00537	0.00176	0.00749	0.00449	0.00358	0.00868
9	0.57389	0.09918	0.01399	0.01108	0.06295	0.03580	0.05348	0.01732	0.01087	0.02307	0.00866	0.01032	0.00693	0.00527	0.00405	0.00169	0.00534	0.00354	0.00336	0.04920
10	0.25748	0.01781	0.01783	0.05197	0.06815	0.25507	0.13858	0.07675	0.02991	0.02081	0.01011	0.01211	0.00791	0.00568	0.00517	0.00173	0.00780	0.00446	0.00342	0.00726

[dist]
# distance from previous block
# <min> <max>
1	3

[block]
# block no. 1 follows, 40 sequences, length 10
# corresponding to MSA columns:
# 229-238
name=unknown_B
#
# <colnr> <probs for GDERKNQSTAVLIFYWHMCP>
#	G	D	E	R	K	N	Q	S	T	A	V	L	I	F	Y	W	H	M	C	P
0	0.01328	0.30634	0.42474	0.01500	0.02201	0.01706	0.09114	0.01808	0.01226	0.01673	0.00972	0.01156	0.00755	0.00526	0.00501	0.00164	0.00786	0.00413	0.00252	0.00811
1	0.01600	0.01519	0.04587	0.01740	0.08535	0.09169	0.18900	0.04547	0.28055	0.08982	0.01762	0.01965	0.01355	0.00691	0.00614	0.00190	0.00694	0.03785	0.00459	0.00851
2	0.01528	0.01057	0.01207	0.01049	0.01356	0.01133	0.00823	0.07108	0.38509	0.14978	0.21630	0.02661	0.02647	0.00877	0.00615	0.00189	0.00429	0.00741	0.00625	0.00838
3	0.00825	0.00567	0.00689	0.00711	0.00764	0.00573	0.00469	0.00917	0.00978	0.01349	0.02362	0.15596	0.08730	0.39163	0.16905	0.00519	0.00677	0.00941	0.06833	0.00432
4	0.08119	0.09496	0.09719	0.29559	0.02449	0.07877	0.01265	0.07955	0.01331	0.01793	0.01365	0.13929	0.01270	0.00779	0.00560	0.00186	0.00682	0.00642	0.00342	0.00683
5	0.01618	0.01636	0.10907	0.16617	0.25839	0.08401	0.06220	0.09818	0.01507	0.10028	0.01227	0.01461	0.00917	0.00581	0.00578	0.00178	0.00752	0.00513	0.00358	0.00845
6	0.00930	0.00583	0.00766	0.00828	0.00935	0.00535	0.00596	0.01075	0.01249	0.09288	0.08999	0.53031	0.10051	0.01611	0.00722	0.00225	0.00361	0.07112	0.00566	0.00538
7	0.01327	0.01307	0.02306	0.18780	0.35719	0.01381	0.15900	0.01759	0.04910	0.01797	0.01213	0.01699	0.01003	0.00607	0.00684	0.00191	0.05185	0.03122	0.00305	0.00806
8	0.08668	0.01373	0.07363	0.22905	0.02307	0.06131	0.01202	0.11001	0.03916	0.27132	0.01519	0.01588	0.01041	0.00644	0.00559	0.00182	0.00651	0.00512	0.00474	0.00830
9	0.09178	0.02994	0.16752	0.01192	0.01667	0.01191	0.01141	0.08246	0.07251	0.33029	0.03518	0.01707	0.01261	0.00802	0.02835	0.00207	0.05101	0.00533	0.00520	0.00876

[dist]
# distance from previous block
# <min> <max>
5	31

[block]
# block no. 2 follows, 40 sequences, length 9
# corresponding to MSA columns:
# 271-277,279,280
name=unknown_C
#
# <colnr> <probs for GDERKNQSTAVLIFYWHMCP>
#	G	D	E	R	K	N	Q	S	T	A	V	L	I	F	Y	W	H	M	C	P
0	0.01421	0.16368	0.29995	0.01853	0.15516	0.01587	0.06244	0.08122	0.09752	0.01990	0.01199	0.01356	0.00921	0.00572	0.00539	0.00173	0.00729	0.00474	0.00325	0.00863
1	0.14057	0.00646	0.00697	0.00728	0.00875	0.00655	0.00549	0.01186	0.01220	0.01990	0.10745	0.23948	0.07184	0.01167	0.00579	0.00192	0.00346	0.08009	0.24692	0.00534
2	0.01004	0.00762	0.00939	0.00888	0.01012	0.00847	0.00655	0.04778	0.10777	0.01662	0.07722	0.04696	0.05249	0.23446	0.25637	0.00530	0.04882	0.00759	0.03200	0.00556
3	0.01262	0.01150	0.01883	0.29674	0.27422	0.01246	0.05800	0.07697	0.01356	0.01834	0.01439	0.13856	0.01338	0.00762	0.00611	0.00192	0.00678	0.00709	0.00343	0.00748
4	0.00780	0.00579	0.00701	0.00716	0.00831	0.00532	0.00517	0.00952	0.01337	0.01778	0.29838	0.16810	0.22998	0.12932	0.01038	0.00257	0.00350	0.06013	0.00548	0.00491
5	0.01435	0.24821	0.37255	0.01539	0.02216	0.01602	0.13112	0.01901	0.01275	0.08074	0.01104	0.01261	0.00823	0.00541	0.00525	0.00168	0.00779	0.00449	0.00295	0.00826
6	0.00739	0.00546	0.00691	0.00750	0.00841	0.00498	0.00526	0.00899	0.01306	0.01749	0.25051	0.44779	0.16335	0.01577	0.00716	0.00214	0.00312	0.01404	0.00569	0.00498
7	0.01206	0.01034	0.01206	0.00861	0.01378	0.00775	0.00689	0.01464	0.01206	0.01895	0.01034	0.01206	0.00861	0.00431	0.00431	0.00086	0.00431	0.00345	0.00345	0.83118
8	0.04773	0.05160	0.01690	0.01264	0.01698	0.06223	0.01041	0.53919	0.05315	0.07746	0.04381	0.01524	0.01191	0.00702	0.00566	0.00172	0.00627	0.00528	0.00554	0.00927

[dist]
# distance from previous block
# <min> <max>
0	1

[block]
# block no. 3 follows, 40 sequences, length 10
# corresponding to MSA columns:
# 282-285,294-299
name=unknown_D
#
# <colnr> <probs for GDERKNQSTAVLIFYWHMCP>
#	G	D	E	R	K	N	Q	S	T	A	V	L	I	F	Y	W	H	M	C	P
0	0.00709	0.00506	0.00675	0.00810	0.00843	0.00472	0.00540	0.00810	0.01113	0.01484	0.03205	0.79184	0.03846	0.01822	0.00742	0.00236	0.00337	0.01653	0.00540	0.00472
1	0.00969	0.00786	0.01037	0.01024	0.01182	0.00813	0.05117	0.01529	0.21128	0.01819	0.06108	0.45517	0.03147	0.01419	0.00700	0.00223	0.00420	0.05898	0.00543	0.00620
2	0.00823	0.00594	0.00777	0.00732	0.00869	0.00549	0.00549	0.01097	0.01646	0.02332	0.75629	0.04344	0.05487	0.01189	0.00686	0.00183	0.00274	0.01052	0.00640	0.00549
3	0.83671	0.01125	0.00855	0.00765	0.01125	0.01305	0.00630	0.01709	0.00990	0.02609	0.00810	0.00945	0.00630	0.00540	0.00360	0.00180	0.00450	0.00315	0.00360	0.00630
4	0.01446	0.01249	0.01315	0.01183	0.01512	0.01446	0.00920	0.03090	0.74885	0.02433	0.02367	0.02170	0.01775	0.00789	0.00592	0.00197	0.00460	0.00657	0.00592	0.00920
5	0.00709	0.00506	0.00675	0.00810	0.00843	0.00472	0.00540	0.00810	0.01113	0.01484	0.03205	0.79184	0.03846	0.01822	0.00742	0.00236	0.00337	0.01653	0.00540	0.00472
6	0.01599	0.74414	0.02948	0.01031	0.01514	0.07642	0.01004	0.01783	0.01215	0.01372	0.00815	0.00941	0.00746	0.00505	0.00384	0.00126	0.00652	0.00315	0.00252	0.00741
7	0.02027	0.01537	0.01642	0.01301	0.01733	0.01717	0.01061	0.56930	0.20100	0.03368	0.01630	0.01582	0.01178	0.00720	0.00584	0.00180	0.00597	0.00556	0.00584	0.00972
8	0.00709	0.00506	0.00675	0.00810	0.00843	0.00472	0.00540	0.00810	0.01113	0.01484	0.03205	0.79184	0.03846	0.01822	0.00742	0.00236	0.00337	0.01653	0.00540	0.00472
9	0.00937	0.00669	0.00937	0.01071	0.01205	0.00669	0.00937	0.01205	0.01339	0.01740	0.03079	0.06560	0.03347	0.01606	0.00803	0.00268	0.00535	0.72021	0.00535	0.00535

[dist]
# distance from previous block
# <min> <max>
0	12

[block]
# block no. 4 follows, 40 sequences, length 29
# corresponding to MSA columns:
# 312-340
name=unknown_E
#
# <colnr> <probs for GDERKNQSTAVLIFYWHMCP>
#	G	D	E	R	K	N	Q	S	T	A	V	L	I	F	Y	W	H	M	C	P
0	0.02038	0.01579	0.01506	0.01264	0.01625	0.20117	0.02819	0.12681	0.17643	0.24088	0.01808	0.05201	0.01355	0.00754	0.00616	0.00180	0.02742	0.00589	0.00537	0.00858
1	0.00709	0.00506	0.00675	0.00810	0.00843	0.00472	0.00540	0.00810	0.01113	0.01484	0.03205	0.79184	0.03846	0.01822	0.00742	0.00236	0.00337	0.01653	0.00540	0.00472
2	0.13173	0.01481	0.01549	0.01226	0.01658	0.01646	0.01005	0.51554	0.12095	0.06585	0.01486	0.01464	0.01065	0.00690	0.00553	0.00179	0.00584	0.00516	0.00559	0.00931
3	0.01489	0.66955	0.15432	0.01107	0.01665	0.02141	0.01189	0.01758	0.01189	0.01448	0.00848	0.00983	0.00745	0.00507	0.00403	0.00134	0.00662	0.00331	0.00248	0.00765
4	0.01463	0.54122	0.17414	0.01152	0.01699	0.01998	0.01214	0.01942	0.11044	0.01604	0.01063	0.01157	0.00882	0.00547	0.00438	0.00146	0.00647	0.00381	0.00294	0.00792
5	0.00760	0.00543	0.00734	0.00869	0.00925	0.00517	0.00630	0.00899	0.01164	0.01542	0.03177	0.62747	0.03733	0.01773	0.00756	0.00243	0.00382	0.17579	0.00539	0.00487
6	0.09011	0.04204	0.06938	0.01255	0.01592	0.17537	0.03959	0.08154	0.11329	0.07296	0.11107	0.01894	0.03666	0.00769	0.00699	0.00183	0.08647	0.00575	0.00438	0.00747
7	0.01282	0.01222	0.02077	0.37892	0.42840	0.01340	0.01707	0.01647	0.01250	0.01709	0.01066	0.01490	0.00854	0.00547	0.00578	0.00182	0.00730	0.00518	0.00274	0.00795
8	0.01187	0.00950	0.01151	0.00985	0.01252	0.00975	0.04561	0.14521	0.15155	0.02410	0.30797	0.03526	0.18051	0.01049	0.00650	0.00187	0.00415	0.00901	0.00582	0.00696
9	0.05192	0.74383	0.04891	0.01002	0.01503	0.02232	0.01009	0.01743	0.01174	0.01436	0.00815	0.00941	0.00741	0.00501	0.00377	0.00128	0.00621	0.00314	0.00254	0.00744
10	0.05923	0.01157	0.01314	0.01175	0.01463	0.05060	0.03213	0.26303	0.01805	0.06708	0.02180	0.13199	0.02137	0.01128	0.00665	0.00214	0.00579	0.24514	0.00533	0.00729
11	0.01357	0.00947	0.01170	0.00996	0.01271	0.00946	0.03974	0.19327	0.04334	0.09795	0.21883	0.11816	0.15797	0.01107	0.00656	0.00192	0.00442	0.02700	0.00585	0.00706
12	0.00793	0.00607	0.00728	0.00695	0.00856	0.00550	0.00522	0.01057	0.03195	0.02087	0.51279	0.04702	0.28254	0.01272	0.00684	0.00188	0.00285	0.01100	0.00606	0.00538
13	0.01138	0.06195	0.63066	0.01503	0.02250	0.01287	0.01882	0.01738	0.01282	0.01886	0.11004	0.01631	0.01372	0.00635	0.00562	0.00181	0.00770	0.00507	0.00298	0.00813
14	0.14146	0.01584	0.01869	0.01456	0.01887	0.10694	0.16305	0.29430	0.05475	0.05393	0.05124	0.01534	0.01171	0.00649	0.00570	0.00179	0.00700	0.00545	0.00462	0.00828
15	0.01190	0.00712	0.00900	0.00818	0.01035	0.00657	0.00641	0.01510	0.05598	0.16497	0.41255	0.04125	0.15181	0.01151	0.00670	0.00192	0.00350	0.06244	0.00630	0.00645
16	0.00808	0.00583	0.00764	0.00742	0.00865	0.00538	0.00548	0.01059	0.01575	0.02219	0.65947	0.14349	0.05268	0.01273	0.00693	0.00190	0.00283	0.01132	0.00627	0.00538
17	0.01280	0.01147	0.01805	0.60555	0.10788	0.01369	0.01564	0.11209	0.01389	0.01818	0.01088	0.01519	0.00818	0.00591	0.00581	0.00189	0.00749	0.00518	0.00305	0.00719
18	0.01439	0.01382	0.02360	0.03569	0.75936	0.01382	0.01785	0.01785	0.01324	0.01900	0.01094	0.01439	0.00921	0.00518	0.00576	0.00173	0.00691	0.00518	0.00288	0.00921
19	0.00716	0.00590	0.00628	0.00619	0.00803	0.00503	0.00464	0.00889	0.01392	0.01730	0.20448	0.05335	0.61044	0.01413	0.00687	0.00194	0.00290	0.01191	0.00561	0.00503
20	0.01306	0.02824	0.66550	0.01615	0.02421	0.01411	0.02009	0.11488	0.01429	0.02085	0.01091	0.01250	0.00770	0.00572	0.00556	0.00183	0.00830	0.00442	0.00290	0.00877
21	0.01326	0.01194	0.01887	0.50639	0.20350	0.01381	0.01586	0.11248	0.01410	0.01873	0.01096	0.01504	0.00838	0.00582	0.00580	0.00186	0.00738	0.00518	0.00308	0.00755
22	0.01329	0.01349	0.02482	0.01880	0.02326	0.01342	0.43528	0.04362	0.19679	0.02012	0.01751	0.12088	0.01504	0.00749	0.00667	0.00201	0.00754	0.00803	0.00410	0.00783
23	0.04390	0.00840	0.01063	0.00967	0.01072	0.00979	0.00725	0.05507	0.03150	0.05707	0.01533	0.02515	0.01510	0.30012	0.22557	0.00537	0.15358	0.00662	0.00364	0.00551
24	0.05857	0.01199	0.01550	0.02506	0.01564	0.04759	0.06446	0.11299	0.01423	0.11805	0.07232	0.05127	0.03542	0.01097	0.04801	0.00246	0.24175	0.04221	0.00436	0.00715
25	0.01357	0.33209	0.37403	0.01332	0.01977	0.01740	0.01528	0.01969	0.11056	0.01733	0.01127	0.01237	0.00879	0.00562	0.00487	0.00162	0.00712	0.00413	0.00293	0.00823
26	0.00728	0.00531	0.00679	0.00773	0.00838	0.00490	0.00529	0.00853	0.01190	0.01578	0.11416	0.58025	0.12349	0.04779	0.00818	0.00239	0.00338	0.02822	0.00543	0.00479
27	0.01998	0.03716	0.01486	0.01225	0.01567	0.23735	0.00962	0.14477	0.13950	0.19002	0.01682	0.04701	0.01298	0.02981	0.00661	0.00185	0.02401	0.00564	0.02590	0.00820
28	0.27290	0.17522	0.01924	0.03234	0.29058	0.01496	0.01167	0.01797	0.01203	0.06301	0.01012	0.01205	0.00819	0.00531	0.00462	0.00163	0.00583	0.00410	0.00329	0.03496

[dist]
# distance from previous block
# <min> <max>
2	7

[block]
# block no. 5 follows, 40 sequences, length 27
# corresponding to MSA columns:
# 372-386,388-399
name=unknown_F
#
# <colnr> <probs for GDERKNQSTAVLIFYWHMCP>
#	G	D	E	R	K	N	Q	S	T	A	V	L	I	F	Y	W	H	M	C	P
0	0.14776	0.03901	0.32124	0.01457	0.02036	0.01284	0.13687	0.03529	0.05199	0.04029	0.11034	0.01718	0.01454	0.00643	0.00560	0.00184	0.00693	0.00552	0.00364	0.00775
1	0.05922	0.12564	0.03865	0.01008	0.01429	0.01213	0.00858	0.10899	0.08767	0.14417	0.04204	0.08320	0.02461	0.00727	0.00522	0.00155	0.00497	0.00584	0.00474	0.21114
2	0.00776	0.00597	0.00819	0.01030	0.07350	0.00560	0.00648	0.00910	0.01164	0.01539	0.03343	0.61256	0.12271	0.01660	0.00723	0.00227	0.00369	0.03724	0.00518	0.00515
3	0.01296	0.01155	0.01383	0.13068	0.09150	0.04132	0.01024	0.05723	0.27565	0.02031	0.02153	0.09335	0.07943	0.00831	0.00588	0.00181	0.00534	0.00709	0.00460	0.10738
4	0.00932	0.00684	0.00846	0.00772	0.00943	0.00653	0.00588	0.07388	0.01714	0.02385	0.63482	0.04191	0.10855	0.01170	0.00677	0.00183	0.00308	0.01020	0.00627	0.00582
5	0.30179	0.28950	0.01833	0.01023	0.01427	0.17259	0.00881	0.01958	0.01259	0.09236	0.00975	0.01064	0.00775	0.00555	0.00421	0.00154	0.00638	0.00353	0.00344	0.00715
6	0.58212	0.01310	0.07447	0.00928	0.01352	0.01289	0.00832	0.08138	0.01256	0.12985	0.01089	0.01153	0.00784	0.00580	0.00427	0.00180	0.00507	0.00381	0.00420	0.00731
7	0.00882	0.00853	0.07355	0.00838	0.01054	0.00682	0.00705	0.01280	0.07772	0.02149	0.49603	0.09094	0.13144	0.01177	0.00670	0.00189	0.00348	0.01026	0.00583	0.00595
8	0.01642	0.04304	0.01461	0.01052	0.01531	0.01212	0.00859	0.23846	0.08082	0.07488	0.01336	0.01389	0.01014	0.00565	0.00499	0.00131	0.00509	0.00441	0.00460	0.42178
9	0.01240	0.00910	0.01247	0.06499	0.11750	0.00856	0.00879	0.03382	0.04361	0.09700	0.32527	0.02765	0.04070	0.00837	0.00598	0.00164	0.00436	0.00731	0.00511	0.16536
10	0.11538	0.14679	0.44839	0.01408	0.02098	0.01456	0.04829	0.01833	0.02361	0.03773	0.01035	0.01194	0.00773	0.00540	0.00501	0.00169	0.00736	0.00411	0.00286	0.05541
11	0.01432	0.01203	0.01946	0.45211	0.03181	0.01384	0.11423	0.11750	0.01435	0.08210	0.01193	0.01549	0.00876	0.00627	0.00687	0.00194	0.06066	0.00546	0.00347	0.00741
12	0.00833	0.00616	0.00898	0.00898	0.00990	0.00707	0.00682	0.01015	0.00924	0.01323	0.01591	0.02469	0.01534	0.13460	0.68269	0.00890	0.01437	0.00650	0.00316	0.00499
13	0.00822	0.00627	0.00765	0.00809	0.00923	0.00610	0.00575	0.01155	0.10189	0.01806	0.20163	0.43215	0.13130	0.01506	0.00704	0.00214	0.00332	0.01340	0.00569	0.00547
14	0.02591	0.02758	0.01926	0.20787	0.02439	0.06021	0.15072	0.19870	0.01627	0.02199	0.01253	0.01520	0.01927	0.00613	0.00616	0.00173	0.03581	0.00531	0.05995	0.08501
15	0.15550	0.01347	0.01763	0.01431	0.01745	0.10421	0.19761	0.06669	0.01314	0.03719	0.01368	0.02141	0.01241	0.08942	0.06193	0.00286	0.07445	0.07635	0.00364	0.00665
16	0.00836	0.00560	0.00637	0.00646	0.00648	0.00558	0.00365	0.00843	0.00864	0.01152	0.01925	0.08896	0.02231	0.74313	0.02810	0.00542	0.00548	0.00900	0.00365	0.00360
17	0.01933	0.01535	0.14156	0.01356	0.01859	0.01253	0.08736	0.23422	0.01864	0.26622	0.06835	0.01982	0.01487	0.00729	0.00605	0.00184	0.00635	0.03367	0.00543	0.00898
18	0.01010	0.00505	0.00758	0.00758	0.00758	0.00505	0.00505	0.00758	0.00758	0.01010	0.01010	0.01768	0.01010	0.02020	0.02273	0.83081	0.00505	0.00505	0.00253	0.00253
19	0.01575	0.65908	0.09841	0.01087	0.01616	0.02169	0.01113	0.08008	0.01320	0.01612	0.00881	0.01001	0.00766	0.00520	0.00408	0.00134	0.00646	0.00341	0.00277	0.00778
20	0.01129	0.01440	0.20431	0.01243	0.01549	0.01167	0.01198	0.08289	0.01168	0.01691	0.01287	0.01851	0.01147	0.07518	0.31830	0.00523	0.15005	0.00559	0.00313	0.00661
21	0.02570	0.01053	0.01389	0.01065	0.01516	0.00949	0.00880	0.09884	0.01770	0.69139	0.02205	0.01922	0.01395	0.00718	0.00584	0.00179	0.00509	0.00579	0.00706	0.00990
22	0.01434	0.01398	0.02452	0.03474	0.69728	0.01389	0.07919	0.01791	0.01328	0.01897	0.01101	0.01450	0.00918	0.00516	0.00585	0.00175	0.00716	0.00532	0.00288	0.00909
23	0.00945	0.00781	0.01113	0.01048	0.01113	0.00976	0.00819	0.01107	0.00912	0.01335	0.01389	0.02215	0.01360	0.12859	0.48801	0.00715	0.21059	0.00622	0.00302	0.00528
24	0.01454	0.01072	0.01419	0.01026	0.01537	0.00848	0.06944	0.01726	0.01296	0.14294	0.01256	0.01366	0.00959	0.00484	0.00478	0.00111	0.00488	0.00414	0.00403	0.62424
25	0.01335	0.01388	0.01594	0.01390	0.01458	0.13095	0.01129	0.01490	0.01132	0.01558	0.13257	0.01750	0.01548	0.00982	0.01493	0.00227	0.53642	0.00579	0.00326	0.00627
26	0.01145	0.01103	0.01930	0.66626	0.08832	0.01313	0.07775	0.01538	0.01192	0.01546	0.01050	0.01544	0.00794	0.00569	0.00590	0.00193	0.00787	0.00531	0.00263	0.00677

[dist]
# distance from previous block
# <min> <max>
0	1

[block]
# block no. 6 follows, 40 sequences, length 12
# corresponding to MSA columns:
# 401-412
name=unknown_G
#
# <colnr> <probs for GDERKNQSTAVLIFYWHMCP>
#	G	D	E	R	K	N	Q	S	T	A	V	L	I	F	Y	W	H	M	C	P
0	0.01134	0.01103	0.01964	0.68317	0.03880	0.01315	0.11008	0.01535	0.01190	0.01535	0.01052	0.01553	0.00789	0.00570	0.00595	0.00194	0.00802	0.00539	0.00263	0.00664
1	0.01382	0.01072	0.01452	0.07805	0.01757	0.00887	0.06732	0.01666	0.01272	0.10962	0.01199	0.01360	0.00926	0.00484	0.00484	0.00116	0.00513	0.00417	0.00379	0.59136
2	0.00709	0.00506	0.00675	0.00810	0.00843	0.00472	0.00540	0.00810	0.01113	0.01484	0.03205	0.79184	0.03846	0.01822	0.00742	0.00236	0.00337	0.01653	0.00540	0.00472
3	0.01410	0.01209	0.01549	0.01568	0.18454	0.01103	0.01012	0.11181	0.07419	0.02172	0.01203	0.01362	0.00966	0.00515	0.00497	0.00127	0.00520	0.00433	0.00383	0.46917
4	0.01434	0.07809	0.57958	0.01516	0.02277	0.01373	0.01849	0.05728	0.01360	0.11596	0.01209	0.01315	0.00842	0.00578	0.00546	0.00179	0.00785	0.00447	0.00325	0.00876
5	0.00702	0.00532	0.00648	0.00741	0.00825	0.00478	0.00509	0.00817	0.01179	0.01511	0.04039	0.56331	0.26160	0.01713	0.00725	0.00224	0.00324	0.01521	0.00540	0.00478
6	0.00876	0.00655	0.00820	0.00768	0.00925	0.00630	0.00579	0.01273	0.08466	0.02311	0.66027	0.04191	0.07926	0.01163	0.00677	0.00185	0.00292	0.01022	0.00632	0.00581
7	0.18184	0.01468	0.01601	0.01259	0.01692	0.07191	0.06718	0.31649	0.04635	0.17810	0.01443	0.01441	0.01012	0.00651	0.00543	0.00177	0.00625	0.00502	0.00522	0.00876
8	0.03788	0.00799	0.01049	0.00967	0.01157	0.00799	0.06572	0.06413	0.04442	0.01814	0.06159	0.29697	0.25406	0.01366	0.00747	0.00212	0.04277	0.03247	0.00508	0.00578
9	0.00720	0.00577	0.00644	0.00655	0.00813	0.00501	0.00481	0.00888	0.01363	0.01724	0.20782	0.16852	0.49024	0.01465	0.00696	0.00200	0.00297	0.01255	0.00562	0.00501
10	0.01460	0.01375	0.02540	0.11281	0.02650	0.01386	0.41545	0.04744	0.15045	0.07149	0.01487	0.01718	0.01096	0.00586	0.00637	0.00192	0.00791	0.00643	0.02869	0.00807
11	0.20317	0.01441	0.01601	0.01264	0.01694	0.03376	0.07054	0.35738	0.10771	0.08980	0.01424	0.01441	0.01025	0.00655	0.00541	0.00180	0.00602	0.00508	0.00514	0.00876

[dist]
# distance from previous block
# <min> <max>
0	21

[block]
# block no. 7 follows, 40 sequences, length 30
# corresponding to MSA columns:
# 434-463
name=unknown_H
#
# <colnr> <probs for GDERKNQSTAVLIFYWHMCP>
#	G	D	E	R	K	N	Q	S	T	A	V	L	I	F	Y	W	H	M	C	P
0	0.24296	0.01297	0.01304	0.01098	0.01469	0.01458	0.00898	0.31144	0.16962	0.02915	0.01585	0.01865	0.01256	0.00744	0.00534	0.00187	0.00529	0.06099	0.03537	0.00824
1	0.01255	0.00691	0.00902	0.00810	0.01026	0.00620	0.00628	0.01495	0.01580	0.20730	0.43832	0.07852	0.11360	0.01148	0.00668	0.00189	0.00344	0.03579	0.00641	0.00649
2	0.46039	0.01182	0.01127	0.00938	0.01317	0.01301	0.00768	0.17527	0.04044	0.13066	0.06518	0.01470	0.01205	0.00654	0.00470	0.00180	0.00485	0.00462	0.00486	0.00762
3	0.04178	0.01399	0.05268	0.02316	0.36799	0.01340	0.01395	0.15316	0.05021	0.18958	0.01466	0.01562	0.01072	0.00611	0.00572	0.00177	0.00628	0.00531	0.00453	0.00938
4	0.00747	0.00622	0.00657	0.00648	0.00841	0.00547	0.00491	0.00982	0.04680	0.01720	0.15327	0.05294	0.60732	0.01406	0.00686	0.00196	0.00306	0.03043	0.00556	0.00519
5	0.01238	0.17172	0.63013	0.01535	0.02328	0.01526	0.01936	0.01823	0.01219	0.01754	0.01000	0.01173	0.00738	0.00542	0.00519	0.00173	0.00816	0.00408	0.00246	0.00839
6	0.01321	0.22056	0.55221	0.01467	0.02220	0.01567	0.01809	0.01857	0.01234	0.04740	0.01036	0.01185	0.00768	0.00546	0.00509	0.00169	0.00786	0.00406	0.00266	0.00837
7	0.01197	0.09036	0.70789	0.01606	0.02437	0.01425	0.02058	0.01834	0.01224	0.01805	0.01025	0.01205	0.00737	0.00548	0.00538	0.00179	0.00841	0.00420	0.00246	0.00851
8	0.00763	0.00572	0.00761	0.00866	0.00916	0.00570	0.00617	0.00884	0.01133	0.01509	0.03188	0.63668	0.07353	0.01735	0.00814	0.00238	0.04984	0.08415	0.00522	0.00489
9	0.01371	0.01312	0.02237	0.18519	0.61520	0.01364	0.01751	0.01725	0.01292	0.01817	0.01082	0.01462	0.00892	0.00531	0.00577	0.00177	0.00708	0.00518	0.00282	0.00866
10	0.01581	0.01703	0.02547	0.01930	0.02362	0.17720	0.40490	0.04546	0.01477	0.05251	0.06978	0.01663	0.01234	0.00630	0.00743	0.00188	0.07239	0.00623	0.00349	0.00747
11	0.00717	0.00513	0.00683	0.00804	0.00845	0.00478	0.00541	0.00832	0.01155	0.01551	0.08882	0.73317	0.03975	0.01772	0.00738	0.00232	0.00332	0.01606	0.00548	0.00478
12	0.10066	0.01390	0.01655	0.01310	0.01737	0.01507	0.08057	0.31637	0.22008	0.12014	0.01692	0.01651	0.01213	0.00690	0.00573	0.00184	0.00587	0.00563	0.00551	0.00915
13	0.04758	0.01322	0.01377	0.01173	0.01524	0.09328	0.03135	0.12563	0.26317	0.16544	0.04251	0.02404	0.06866	0.00832	0.00598	0.00189	0.00558	0.04861	0.00560	0.00839
14	0.01555	0.01127	0.01425	0.20913	0.02099	0.01255	0.01068	0.15661	0.18621	0.12894	0.06417	0.03401	0.07341	0.00808	0.00636	0.00191	0.02607	0.00665	0.00512	0.00803
15	0.00820	0.00601	0.00856	0.00870	0.00949	0.00673	0.00644	0.00982	0.00938	0.01326	0.01777	0.10588	0.01816	0.16895	0.56608	0.00798	0.01261	0.00769	0.00342	0.00486
16	0.12488	0.01208	0.01370	0.01102	0.01518	0.01254	0.00897	0.18961	0.17470	0.34693	0.01918	0.01757	0.01307	0.00707	0.00557	0.00182	0.00515	0.00552	0.00616	0.00929
17	0.01325	0.34432	0.46517	0.01387	0.02098	0.01739	0.01677	0.01801	0.01209	0.01648	0.00948	0.01107	0.00741	0.00530	0.00479	0.00160	0.00762	0.00381	0.00247	0.00813
18	0.01553	0.01344	0.02262	0.03323	0.68686	0.01330	0.01694	0.01887	0.01357	0.09148	0.01211	0.01492	0.00972	0.00538	0.00577	0.00173	0.00672	0.00525	0.00330	0.00928
19	0.01645	0.01439	0.02001	0.02099	0.24011	0.05897	0.11654	0.14808	0.16580	0.06662	0.03526	0.01860	0.01326	0.00673	0.00604	0.00184	0.00670	0.03035	0.00446	0.00880
20	0.09457	0.01286	0.02367	0.01762	0.02220	0.01235	0.41455	0.06020	0.01441	0.10127	0.06015	0.07953	0.04458	0.00718	0.00642	0.00194	0.00736	0.00749	0.00413	0.00753
21	0.01875	0.01260	0.02118	0.09303	0.12302	0.01227	0.21007	0.09687	0.01587	0.29052	0.01632	0.03672	0.01167	0.00642	0.00615	0.00186	0.00693	0.00618	0.00481	0.00877
22	0.00977	0.00581	0.00781	0.00855	0.00951	0.00535	0.00606	0.01104	0.01201	0.11525	0.03076	0.64541	0.03494	0.01661	0.00725	0.00231	0.00370	0.05678	0.00564	0.00545
23	0.09587	0.01325	0.02204	0.01656	0.02105	0.04545	0.34738	0.05933	0.02447	0.14857	0.06657	0.04788	0.05022	0.00699	0.00625	0.00189	0.00718	0.00696	0.00438	0.00771
24	0.14879	0.06045	0.26686	0.01283	0.01806	0.01247	0.05906	0.04573	0.07071	0.12500	0.01566	0.11189	0.01310	0.00751	0.00552	0.00188	0.00631	0.00618	0.00411	0.00790
25	0.09170	0.00779	0.00951	0.00930	0.01088	0.00822	0.00705	0.02508	0.06993	0.10569	0.07565	0.31717	0.02733	0.05951	0.02950	0.00258	0.05990	0.07195	0.00518	0.00608
26	0.09450	0.01475	0.02431	0.10457	0.27084	0.06265	0.26022	0.03758	0.01335	0.01913	0.01072	0.01415	0.00850	0.00545	0.00635	0.00185	0.03466	0.00546	0.00302	0.00794
27	0.09206	0.01111	0.01779	0.55875	0.17951	0.01311	0.01553	0.01567	0.01178	0.01677	0.01024	0.01469	0.00790	0.00565	0.00559	0.00188	0.00727	0.00497	0.00274	0.00699
28	0.06761	0.09007	0.02198	0.10165	0.48126	0.01507	0.01537	0.10274	0.01440	0.02061	0.01078	0.01364	0.00879	0.00545	0.00543	0.00171	0.00671	0.00485	0.00320	0.00867
29	0.01528	0.01331	0.02173	0.12621	0.56686	0.01368	0.01654	0.07124	0.01429	0.06732	0.01185	0.01485	0.00941	0.00552	0.00577	0.00176	0.00685	0.00523	0.00333	0.00896

[dist]
# distance from previous block
# <min> <max>
1	24

[block]
# block no. 8 follows, 40 sequences, length 20
# corresponding to MSA columns:
# 488-507
name=unknown_I
#
# <colnr> <probs for GDERKNQSTAVLIFYWHMCP>
#	G	D	E	R	K	N	Q	S	T	A	V	L	I	F	Y	W	H	M	C	P
0	0.48816	0.01365	0.01085	0.00945	0.01297	0.14917	0.00756	0.01991	0.01274	0.16024	0.05707	0.01364	0.01100	0.00624	0.00451	0.00175	0.00556	0.00421	0.00433	0.00699
1	0.02192	0.02206	0.01647	0.01400	0.01767	0.43790	0.01091	0.26341	0.04560	0.07694	0.01218	0.01272	0.00916	0.00648	0.00550	0.00162	0.00851	0.00450	0.00435	0.00811
2	0.00879	0.00564	0.00756	0.00838	0.00922	0.00525	0.00595	0.01022	0.01231	0.07082	0.11225	0.59392	0.03814	0.01653	0.00729	0.00229	0.00358	0.07099	0.00564	0.00524
3	0.01275	0.00728	0.00946	0.00926	0.01126	0.00682	0.00734	0.04937	0.01433	0.18578	0.07637	0.25740	0.11166	0.01384	0.00706	0.00221	0.00432	0.20124	0.00587	0.00638
4	0.01386	0.01209	0.01235	0.01164	0.04395	0.09597	0.00855	0.13867	0.21383	0.02379	0.25279	0.09989	0.02870	0.00968	0.00626	0.00186	0.00495	0.00819	0.00555	0.00743
5	0.11189	0.01096	0.01287	0.01049	0.01426	0.01105	0.00861	0.19277	0.04951	0.33302	0.10817	0.02354	0.01884	0.00819	0.00587	0.00186	0.00499	0.05831	0.00618	0.00860
6	0.01701	0.30235	0.08546	0.01217	0.01679	0.28104	0.01091	0.04430	0.01407	0.01598	0.00919	0.01061	0.00774	0.00533	0.00458	0.00134	0.00760	0.00357	0.00294	0.14703
7	0.00709	0.00506	0.00675	0.00810	0.00843	0.00472	0.00540	0.00810	0.01113	0.01484	0.03205	0.79184	0.03846	0.01822	0.00742	0.00236	0.00337	0.01653	0.00540	0.00472
8	0.05650	0.04889	0.18918	0.01377	0.01860	0.23252	0.01282	0.15730	0.12621	0.06916	0.01326	0.01373	0.00982	0.00637	0.00543	0.00172	0.00763	0.00466	0.00411	0.00833
9	0.01464	0.40409	0.22498	0.01226	0.01776	0.01799	0.01314	0.10823	0.01407	0.01827	0.01200	0.01700	0.01065	0.00662	0.00496	0.00163	0.00679	0.08387	0.00322	0.00784
10	0.00899	0.00670	0.00817	0.00790	0.00933	0.00654	0.00579	0.04174	0.07337	0.02104	0.43303	0.17963	0.10030	0.06101	0.00825	0.00218	0.00335	0.01111	0.00590	0.00566
11	0.00706	0.00515	0.00665	0.00785	0.00837	0.00474	0.00529	0.00812	0.01137	0.01494	0.03505	0.70957	0.11879	0.01783	0.00736	0.00232	0.00333	0.01606	0.00540	0.00474
12	0.01591	0.06654	0.01541	0.04846	0.01682	0.03322	0.00970	0.18672	0.37035	0.02487	0.01739	0.01707	0.01316	0.00679	0.00548	0.00169	0.00537	0.00542	0.00505	0.13456
13	0.01444	0.13409	0.19289	0.01118	0.01703	0.01219	0.01123	0.06737	0.01354	0.08604	0.01140	0.01252	0.00875	0.00514	0.00475	0.00130	0.00581	0.00393	0.00357	0.38284
14	0.06484	0.31263	0.28129	0.01298	0.03805	0.04671	0.01370	0.04638	0.01273	0.01775	0.00950	0.01103	0.00763	0.00524	0.00461	0.00149	0.00692	0.00373	0.00281	0.09999
15	0.01178	0.04751	0.04746	0.01044	0.03426	0.00879	0.05811	0.01488	0.04468	0.11925	0.23853	0.03576	0.24661	0.01055	0.00703	0.00188	0.04165	0.00893	0.00529	0.00662
16	0.00868	0.00669	0.00891	0.00880	0.00989	0.00692	0.00686	0.01094	0.01420	0.01973	0.41782	0.15350	0.07654	0.01342	0.00850	0.00213	0.09072	0.12472	0.00561	0.00542
17	0.10803	0.01347	0.05241	0.13633	0.09551	0.01338	0.03716	0.22346	0.01748	0.22384	0.01461	0.01531	0.01015	0.00636	0.00560	0.00181	0.00629	0.00517	0.00488	0.00876
18	0.11237	0.07111	0.01953	0.07401	0.23244	0.06037	0.07744	0.03091	0.10019	0.11297	0.01326	0.01485	0.01011	0.00599	0.00583	0.00177	0.02919	0.00508	0.00387	0.01870
19	0.01206	0.00896	0.01069	0.01052	0.06580	0.00886	0.00745	0.15869	0.04355	0.05862	0.22323	0.08352	0.26220	0.01133	0.00652	0.00188	0.00406	0.00963	0.00567	0.00676

[dist]
# distance from previous block
# <min> <max>
0	2

[block]
# block no. 9 follows, 40 sequences, length 38
# corresponding to MSA columns:
# 516,517,527-562
name=unknown_J
#
# <colnr> <probs for GDERKNQSTAVLIFYWHMCP>
#	G	D	E	R	K	N	Q	S	T	A	V	L	I	F	Y	W	H	M	C	P
0	0.01664	0.33697	0.04963	0.01411	0.07936	0.16696	0.03385	0.05068	0.04706	0.05697	0.01220	0.01573	0.01053	0.00757	0.03080	0.00183	0.00745	0.05065	0.00340	0.00762
1	0.01010	0.00615	0.00769	0.00757	0.00857	0.00581	0.00524	0.01134	0.01203	0.09740	0.18242	0.17302	0.05624	0.32600	0.01601	0.00350	0.00443	0.05640	0.00506	0.00502
2	0.00853	0.00662	0.00900	0.00999	0.06606	0.00640	0.00678	0.01075	0.01424	0.01963	0.39681	0.21206	0.11536	0.01328	0.00741	0.00203	0.03111	0.05276	0.00561	0.00556
3	0.01724	0.39226	0.12108	0.01351	0.04236	0.29357	0.01219	0.01967	0.01362	0.01468	0.00882	0.01030	0.00752	0.00542	0.00458	0.00143	0.00810	0.00356	0.00268	0.00741
4	0.01625	0.01338	0.01415	0.01220	0.01580	0.01530	0.00964	0.19660	0.58024	0.02721	0.02140	0.01989	0.01591	0.00768	0.00589	0.00192	0.00502	0.00626	0.00589	0.00936
5	0.01278	0.25153	0.55384	0.01467	0.02222	0.01624	0.01816	0.01813	0.01214	0.01705	0.00976	0.01143	0.00739	0.00537	0.00501	0.00167	0.00791	0.00396	0.00246	0.00827
6	0.01016	0.00917	0.01061	0.01031	0.01154	0.10196	0.00800	0.01213	0.01020	0.01361	0.01441	0.02087	0.01336	0.03748	0.64418	0.00807	0.04957	0.00587	0.00307	0.00544
7	0.00709	0.00506	0.00675	0.00810	0.00843	0.00472	0.00540	0.00810	0.01113	0.01484	0.03205	0.79184	0.03846	0.01822	0.00742	0.00236	0.00337	0.01653	0.00540	0.00472
8	0.01245	0.01216	0.03211	0.05357	0.20641	0.01184	0.21261	0.03970	0.08747	0.02056	0.18176	0.02438	0.06360	0.00752	0.00639	0.00186	0.00637	0.00738	0.00420	0.00764
9	0.01523	0.01287	0.01358	0.01199	0.01541	0.01482	0.00939	0.10207	0.67643	0.02556	0.02269	0.02092	0.01696	0.00780	0.00591	0.00195	0.00478	0.00644	0.00591	0.00927
10	0.00768	0.00561	0.00730	0.00809	0.00900	0.00523	0.00594	0.00940	0.01294	0.01728	0.20064	0.42594	0.12002	0.01605	0.00733	0.00225	0.00349	0.12518	0.00562	0.00502
11	0.00925	0.00602	0.00755	0.00730	0.00838	0.00567	0.00509	0.01086	0.01309	0.06610	0.34314	0.12458	0.08229	0.24326	0.03927	0.00326	0.00425	0.01025	0.00532	0.00507
12	0.00907	0.00667	0.00826	0.00759	0.00926	0.00631	0.00577	0.06226	0.01689	0.02346	0.63034	0.04267	0.12563	0.01184	0.00679	0.00184	0.00302	0.01033	0.00625	0.00574
13	0.01774	0.00810	0.01054	0.00870	0.01190	0.00705	0.00695	0.01997	0.01594	0.42696	0.21941	0.03293	0.16908	0.00987	0.00631	0.00184	0.00399	0.00830	0.00664	0.00779
14	0.00824	0.00603	0.00778	0.00759	0.00902	0.00558	0.00586	0.01085	0.01577	0.02184	0.59818	0.04740	0.12146	0.01268	0.00700	0.00195	0.00308	0.09809	0.00617	0.00541
15	0.06714	0.01114	0.01214	0.00897	0.01389	0.04256	0.00718	0.01625	0.01247	0.07699	0.01111	0.01242	0.00886	0.00468	0.00442	0.00102	0.00465	0.00363	0.00373	0.67675
16	0.01373	0.01252	0.02100	0.11743	0.58399	0.01272	0.01618	0.01698	0.01305	0.04321	0.01407	0.06131	0.03530	0.00639	0.00590	0.00180	0.00660	0.00609	0.00322	0.00852
17	0.04962	0.01614	0.01659	0.01317	0.01743	0.15267	0.06139	0.28711	0.07435	0.16413	0.02440	0.01520	0.01117	0.00658	0.00563	0.00168	0.00672	0.00516	0.00513	0.06571
18	0.01244	0.00933	0.01611	0.01590	0.12074	0.00875	0.16586	0.01482	0.01283	0.12974	0.02329	0.39686	0.02426	0.01182	0.00683	0.00210	0.00550	0.01121	0.00478	0.00682
19	0.01268	0.06409	0.48532	0.01970	0.15355	0.01393	0.07352	0.04049	0.01319	0.01907	0.04302	0.01416	0.00995	0.00571	0.00564	0.00180	0.00794	0.00489	0.00284	0.00849
20	0.01484	0.06745	0.38262	0.01889	0.11441	0.01411	0.12924	0.07436	0.01420	0.09712	0.01214	0.01381	0.00875	0.00564	0.00571	0.00180	0.00789	0.00497	0.00333	0.00872
21	0.01578	0.11108	0.10195	0.06894	0.02063	0.17802	0.14230	0.04414	0.07439	0.06944	0.10233	0.01748	0.01485	0.00659	0.00574	0.00173	0.00752	0.00563	0.00387	0.00758
22	0.00932	0.00533	0.00699	0.00699	0.00699	0.00533	0.00433	0.00799	0.00799	0.01066	0.01399	0.02731	0.01532	0.38669	0.02597	0.44081	0.00533	0.00666	0.00300	0.00300
23	0.00906	0.01173	0.16399	0.01049	0.01303	0.03673	0.02726	0.01207	0.04387	0.01613	0.02811	0.48698	0.08957	0.01407	0.00682	0.00216	0.00490	0.01249	0.00466	0.00588
24	0.07645	0.10674	0.13812	0.04758	0.09993	0.05347	0.06066	0.09268	0.03189	0.15279	0.01436	0.06579	0.01144	0.00681	0.00567	0.00178	0.01590	0.00560	0.00412	0.00822
25	0.06862	0.05260	0.22371	0.01296	0.01794	0.05568	0.01268	0.16584	0.22802	0.02418	0.06738	0.01712	0.01417	0.00694	0.00557	0.00181	0.00632	0.00543	0.00451	0.00851
26	0.00815	0.00617	0.00885	0.00882	0.00998	0.00688	0.00683	0.01021	0.01031	0.01449	0.07659	0.02799	0.09791	0.03808	0.63153	0.00798	0.01323	0.00721	0.00361	0.00518
27	0.01626	0.06146	0.21987	0.01280	0.01735	0.01224	0.02417	0.03230	0.06063	0.24377	0.01550	0.01675	0.01138	0.01255	0.12500	0.00304	0.09713	0.00529	0.00430	0.00819
28	0.01745	0.01612	0.05819	0.01770	0.10837	0.05133	0.13198	0.28040	0.19749	0.03755	0.01532	0.01602	0.01137	0.00653	0.00597	0.00183	0.00687	0.00571	0.00473	0.00909
29	0.06569	0.00610	0.00627	0.00646	0.00812	0.00549	0.00469	0.00892	0.01235	0.01604	0.04796	0.19281	0.52618	0.05712	0.00798	0.00223	0.00328	0.01224	0.00517	0.00490
30	0.57526	0.01053	0.00960	0.00820	0.01191	0.01134	0.00673	0.01929	0.01182	0.20977	0.01540	0.01532	0.06142	0.00651	0.00439	0.00181	0.00450	0.00447	0.00463	0.00710
31	0.11696	0.22151	0.06710	0.01129	0.01605	0.06313	0.01020	0.20249	0.01675	0.16168	0.01267	0.01287	0.00929	0.00601	0.00488	0.00158	0.00614	0.00430	0.00442	0.05067
32	0.06995	0.35806	0.10612	0.01367	0.01882	0.04970	0.14347	0.03641	0.05585	0.07012	0.01114	0.01248	0.00877	0.00554	0.00509	0.00160	0.01765	0.00442	0.00327	0.00786
33	0.06680	0.00660	0.00711	0.00711	0.00883	0.00624	0.00526	0.04916	0.01354	0.01850	0.12008	0.23420	0.36616	0.01382	0.00658	0.00200	0.00332	0.01178	0.04760	0.00532
34	0.01640	0.00773	0.01019	0.00864	0.01147	0.00681	0.00681	0.01865	0.01583	0.36956	0.28695	0.08659	0.10882	0.01043	0.00643	0.00187	0.00385	0.00893	0.00660	0.00744
35	0.24776	0.01692	0.23194	0.01160	0.01668	0.01276	0.01177	0.13455	0.05478	0.10096	0.06687	0.01683	0.03939	0.00681	0.00523	0.00182	0.00587	0.00514	0.00438	0.00797
36	0.09677	0.06302	0.01022	0.00867	0.01013	0.00883	0.00664	0.03763	0.01034	0.01546	0.01656	0.07537	0.01686	0.19823	0.36142	0.00613	0.00997	0.03893	0.00356	0.00525
37	0.70153	0.04077	0.04856	0.00840	0.01237	0.01308	0.00738	0.01805	0.01061	0.08253	0.00937	0.01039	0.00702	0.00553	0.00388	0.00178	0.00481	0.00342	0.00378	0.00674

[dist]
# distance from previous block
# <min> <max>
0	31

[block]
# block no. 10 follows, 40 sequences, length 38
# corresponding to MSA columns:
# 595-616,629-644
name=unknown_K
#
# <colnr> <probs for GDERKNQSTAVLIFYWHMCP>
#	G	D	E	R	K	N	Q	S	T	A	V	L	I	F	Y	W	H	M	C	P
0	0.10876	0.01669	0.05533	0.06681	0.15685	0.17631	0.01204	0.14070	0.03942	0.09010	0.04387	0.01477	0.01111	0.00626	0.00542	0.00170	0.00694	0.00488	0.00410	0.03794
1	0.05460	0.00920	0.04121	0.01027	0.04335	0.00841	0.02934	0.05343	0.07617	0.08527	0.36939	0.06835	0.10694	0.01038	0.00640	0.00187	0.00404	0.00899	0.00569	0.00670
2	0.01397	0.01166	0.01832	0.34038	0.26951	0.01284	0.01478	0.04327	0.08169	0.08161	0.04509	0.01723	0.01182	0.00622	0.00585	0.00185	0.00668	0.00559	0.00366	0.00798
3	0.69018	0.01021	0.00799	0.00725	0.01045	0.01169	0.00590	0.01647	0.01030	0.02531	0.01003	0.01162	0.00782	0.00564	0.00368	0.00172	0.00418	0.00355	0.14985	0.00614
4	0.02172	0.01606	0.01725	0.01320	0.01787	0.01764	0.01089	0.71229	0.02676	0.03597	0.01382	0.01389	0.00984	0.00688	0.00576	0.00171	0.00632	0.00517	0.00573	0.04123
5	0.01206	0.01034	0.01206	0.00861	0.01378	0.00775	0.00689	0.01464	0.01206	0.01895	0.01034	0.01206	0.00861	0.00431	0.00431	0.00086	0.00431	0.00345	0.00345	0.83118
6	0.01144	0.00663	0.00864	0.00774	0.00969	0.00601	0.00594	0.01405	0.01624	0.15430	0.57656	0.03896	0.07128	0.01098	0.00659	0.00181	0.00314	0.00958	0.03419	0.00625
7	0.00819	0.00594	0.00771	0.00727	0.00866	0.00547	0.00545	0.01089	0.01635	0.02307	0.73323	0.04385	0.07808	0.01198	0.00686	0.00183	0.00275	0.01057	0.00637	0.00547
8	0.01206	0.01034	0.01206	0.00861	0.01378	0.00775	0.00689	0.01464	0.01206	0.01895	0.01034	0.01206	0.00861	0.00431	0.00431	0.00086	0.00431	0.00345	0.00345	0.83118
9	0.75061	0.01266	0.00941	0.00843	0.01190	0.07695	0.00685	0.01754	0.01043	0.02484	0.00816	0.00960	0.00643	0.00555	0.00407	0.00179	0.02168	0.00324	0.00353	0.00634
10	0.02211	0.01629	0.01745	0.01338	0.01803	0.01803	0.01105	0.73997	0.02734	0.03665	0.01396	0.01396	0.00989	0.00698	0.00582	0.00175	0.00640	0.00524	0.00582	0.00989
11	0.01931	0.01240	0.01435	0.01216	0.03669	0.01302	0.00945	0.35828	0.09011	0.19451	0.02104	0.13254	0.04158	0.00899	0.00611	0.00188	0.00535	0.00741	0.00598	0.00887
12	0.01242	0.01281	0.07912	0.40300	0.12663	0.01265	0.10921	0.01699	0.04413	0.04871	0.06661	0.01763	0.01222	0.00618	0.00600	0.00189	0.00736	0.00580	0.00328	0.00736
13	0.01287	0.01277	0.05442	0.13314	0.48294	0.01230	0.03664	0.01635	0.01290	0.01845	0.03892	0.06520	0.01273	0.00644	0.00582	0.00179	0.00655	0.00611	0.05555	0.00811
14	0.00751	0.00550	0.00705	0.00754	0.00847	0.00504	0.00532	0.00925	0.01347	0.01826	0.31886	0.41381	0.12774	0.01534	0.00714	0.00211	0.00308	0.01368	0.00579	0.00504
15	0.01016	0.00765	0.01048	0.01163	0.07088	0.00809	0.00813	0.01321	0.07446	0.04886	0.07579	0.27946	0.03992	0.05180	0.09136	0.00317	0.06352	0.12064	0.00484	0.00596
16	0.05002	0.02192	0.43490	0.01438	0.02089	0.01268	0.04088	0.11408	0.01498	0.13026	0.04501	0.04849	0.01207	0.00675	0.00571	0.00185	0.00717	0.00548	0.00395	0.00853
17	0.01368	0.43035	0.38294	0.01313	0.01984	0.01845	0.01548	0.01789	0.01204	0.01595	0.00921	0.01074	0.00742	0.00524	0.00459	0.00153	0.00736	0.00368	0.00247	0.00801
18	0.50434	0.08016	0.01313	0.03669	0.01406	0.01371	0.04568	0.07013	0.01185	0.05493	0.01055	0.01385	0.00875	0.05615	0.00631	0.00204	0.02800	0.01921	0.00375	0.00671
19	0.01416	0.52390	0.29352	0.01232	0.01859	0.01961	0.01408	0.01777	0.01198	0.01538	0.00893	0.01038	0.00743	0.00517	0.00437	0.00146	0.00707	0.00353	0.00248	0.00787
20	0.04888	0.01341	0.01717	0.01320	0.01753	0.01394	0.10255	0.36798	0.04745	0.18735	0.05497	0.03085	0.01390	0.00718	0.00590	0.00180	0.00602	0.00603	0.03489	0.00900
21	0.01740	0.01057	0.01196	0.01046	0.01337	0.01024	0.00807	0.15182	0.06298	0.17539	0.11042	0.06794	0.11130	0.01079	0.00679	0.00219	0.00493	0.03405	0.17091	0.00844
22	0.00741	0.00534	0.00704	0.00797	0.00862	0.00497	0.00555	0.00887	0.01240	0.01673	0.18189	0.58051	0.06714	0.01670	0.00731	0.00225	0.00331	0.04545	0.00560	0.00491
23	0.00850	0.00601	0.00864	0.00864	0.00939	0.00677	0.00639	0.00977	0.00902	0.01278	0.01555	0.02508	0.01530	0.17624	0.56868	0.08613	0.01280	0.00652	0.00313	0.00464
24	0.01679	0.01144	0.01284	0.01107	0.01452	0.01238	0.00874	0.06519	0.47192	0.19042	0.07339	0.02353	0.04508	0.00820	0.00599	0.00191	0.00459	0.00681	0.00621	0.00900
25	0.00806	0.00581	0.00762	0.00743	0.00865	0.00537	0.00547	0.01054	0.01566	0.02205	0.64755	0.15580	0.05241	0.01284	0.00694	0.00191	0.00284	0.01142	0.00625	0.00537
26	0.01446	0.01249	0.01315	0.01183	0.01512	0.01446	0.00920	0.03090	0.74885	0.02433	0.02367	0.02170	0.01775	0.00789	0.00592	0.00197	0.00460	0.00657	0.00592	0.00920
27	0.00725	0.00564	0.00660	0.00705	0.00833	0.00500	0.00510	0.00880	0.01303	0.01666	0.15775	0.30828	0.37350	0.01554	0.00710	0.00211	0.00315	0.03861	0.00555	0.00495
28	0.00709	0.00506	0.00675	0.00810	0.00843	0.00472	0.00540	0.00810	0.01113	0.01484	0.03205	0.79184	0.03846	0.01822	0.00742	0.00236	0.00337	0.01653	0.00540	0.00472
29	0.01371	0.01306	0.02221	0.10945	0.65245	0.01331	0.01710	0.01710	0.01298	0.01839	0.01185	0.05028	0.01041	0.00584	0.00584	0.00178	0.00683	0.00570	0.00296	0.00873
30	0.70497	0.01206	0.00999	0.00857	0.01234	0.01385	0.00707	0.13400	0.01272	0.02780	0.00905	0.01018	0.00688	0.00565	0.00396	0.00179	0.00481	0.00349	0.00396	0.00688
31	0.01314	0.01502	0.05543	0.12633	0.05678	0.01430	0.53903	0.01770	0.01316	0.01789	0.01185	0.01675	0.00927	0.00559	0.00718	0.00199	0.04189	0.02616	0.00292	0.00760
