[name]
unknown

[dist]
# distance from previous block
# <min> <max>
5	419

[block]
# block no. 0 follows, 45 sequences, length 11
# corresponding to MSA columns:
# 463-473
name=unknown_A
#
# <colnr> <probs for GDERKNQSTAVLIFYWHMCP>
#	G	D	E	R	K	N	Q	S	T	A	V	L	I	F	Y	W	H	M	C	P
0	0.04353	0.20088	0.23205	0.01931	0.25226	0.05261	0.06252	0.04686	0.01227	0.01693	0.00935	0.01140	0.00749	0.00492	0.00480	0.00153	0.00689	0.00409	0.00261	0.00771
1	0.01175	0.00677	0.00825	0.00728	0.00958	0.00611	0.00567	0.01454	0.05941	0.21414	0.29671	0.03714	0.28031	0.01051	0.00604	0.00173	0.00322	0.00892	0.00576	0.00614
2	0.01068	0.01051	0.01975	0.22537	0.12904	0.01084	0.26260	0.01392	0.01141	0.01535	0.01409	0.12207	0.01328	0.03861	0.04140	0.00228	0.00729	0.04211	0.00305	0.00633
3	0.00727	0.00533	0.00687	0.00745	0.00822	0.00511	0.00521	0.00953	0.05633	0.01663	0.25910	0.52470	0.03905	0.01445	0.00661	0.00201	0.00300	0.01301	0.00530	0.00482
4	0.01194	0.04793	0.01067	0.00899	0.01159	0.01101	0.00705	0.02229	0.48980	0.02061	0.02372	0.02287	0.09677	0.00761	0.00510	0.00167	0.00378	0.00625	0.18310	0.00725
5	0.01119	0.43135	0.01863	0.00840	0.01145	0.01462	0.00763	0.01278	0.01125	0.01369	0.05972	0.02419	0.25398	0.00829	0.00603	0.00151	0.08993	0.00609	0.00333	0.00594
6	0.84927	0.01038	0.00789	0.00706	0.01038	0.01204	0.00581	0.01578	0.00914	0.02408	0.00747	0.00872	0.00581	0.00498	0.00332	0.00166	0.00415	0.00291	0.00332	0.00581
7	0.01113	0.00954	0.01113	0.00795	0.01272	0.00716	0.00636	0.01352	0.01113	0.01749	0.00954	0.01113	0.00795	0.00398	0.00398	0.00080	0.00398	0.00318	0.00318	0.84417
8	0.01677	0.00873	0.01106	0.00909	0.01169	0.00857	0.00708	0.18403	0.01433	0.27252	0.03718	0.01668	0.01179	0.01102	0.01108	0.31091	0.00482	0.00503	0.00460	0.04302
9	0.09720	0.00619	0.00774	0.00765	0.00916	0.00584	0.05287	0.00907	0.01103	0.01533	0.03512	0.39377	0.30242	0.01358	0.00625	0.00197	0.00346	0.01192	0.00466	0.00476
10	0.01460	0.23123	0.17192	0.01413	0.06784	0.05975	0.09259	0.14247	0.04536	0.03831	0.01166	0.01283	0.02829	0.00544	0.00484	0.00149	0.00658	0.00438	0.00325	0.04302

[dist]
# distance from previous block
# <min> <max>
0	15

[block]
# block no. 1 follows, 45 sequences, length 11
# corresponding to MSA columns:
# 489-499
name=unknown_B
#
# <colnr> <probs for GDERKNQSTAVLIFYWHMCP>
#	G	D	E	R	K	N	Q	S	T	A	V	L	I	F	Y	W	H	M	C	P
0	0.23952	0.12923	0.01429	0.01058	0.01363	0.31402	0.00850	0.07343	0.01289	0.01747	0.00909	0.01099	0.00762	0.00980	0.10565	0.00238	0.00797	0.00363	0.00306	0.00624
1	0.74092	0.00969	0.00752	0.00679	0.00985	0.01113	0.00555	0.01536	0.00941	0.02356	0.00877	0.01018	0.00684	0.00515	0.00338	0.00161	0.00394	0.00318	0.11148	0.00571
2	0.00779	0.00525	0.00610	0.00610	0.00619	0.00534	0.00356	0.00797	0.00788	0.01059	0.01669	0.03386	0.01897	0.74193	0.09599	0.00551	0.00603	0.00762	0.00322	0.00339
3	0.00774	0.00546	0.00714	0.00714	0.00758	0.00590	0.00485	0.00863	0.00819	0.01136	0.01574	0.02863	0.01670	0.45465	0.38017	0.00679	0.00945	0.00686	0.00308	0.00397
4	0.00767	0.00575	0.00863	0.00863	0.00959	0.00671	0.00671	0.00959	0.00863	0.01246	0.01438	0.02109	0.01342	0.04026	0.79008	0.00863	0.01438	0.00575	0.00288	0.00479
5	0.01257	0.42460	0.40254	0.01222	0.01846	0.01689	0.01446	0.01653	0.01112	0.01480	0.00854	0.00996	0.00684	0.00484	0.00426	0.00142	0.00683	0.00341	0.00228	0.00741
6	0.00827	0.00581	0.00719	0.00749	0.00818	0.00583	0.00546	0.01001	0.04036	0.01417	0.11874	0.04348	0.02713	0.41577	0.01724	0.00372	0.00474	0.24793	0.00424	0.00425
7	0.01124	0.04739	0.00967	0.00801	0.00916	0.00782	0.00587	0.01221	0.00947	0.14296	0.01572	0.02571	0.01535	0.39076	0.18988	0.00489	0.07884	0.00641	0.00362	0.00502
8	0.00881	0.00730	0.00925	0.03066	0.10129	0.04176	0.00702	0.01084	0.04871	0.01430	0.04217	0.38359	0.02572	0.15312	0.04277	0.00285	0.00489	0.05568	0.00420	0.00507
9	0.05536	0.09784	0.15699	0.01317	0.06479	0.01187	0.09688	0.03591	0.09149	0.07328	0.01164	0.01280	0.00888	0.00501	0.00474	0.00140	0.00574	0.00425	0.00339	0.24458
10	0.11627	0.23348	0.14011	0.01208	0.03415	0.12212	0.04200	0.07264	0.08105	0.08248	0.01097	0.01171	0.00840	0.00540	0.00454	0.00151	0.00637	0.00396	0.00338	0.00738

[dist]
# distance from previous block
# <min> <max>
0	23

[block]
# block no. 2 follows, 45 sequences, length 38
# corresponding to MSA columns:
# 523-560
name=unknown_C
#
# <colnr> <probs for GDERKNQSTAVLIFYWHMCP>
#	G	D	E	R	K	N	Q	S	T	A	V	L	I	F	Y	W	H	M	C	P
0	0.08170	0.01140	0.01553	0.01546	0.15052	0.01198	0.08761	0.02338	0.33633	0.16511	0.01749	0.01787	0.01301	0.00641	0.00539	0.00175	0.00519	0.02095	0.00472	0.00820
1	0.00747	0.00569	0.00696	0.00689	0.00829	0.00502	0.00497	0.00909	0.01204	0.01637	0.24229	0.28771	0.17630	0.06207	0.00755	0.00200	0.00315	0.02770	0.00493	0.10353
2	0.01767	0.01392	0.01503	0.01247	0.03186	0.03722	0.02434	0.43536	0.28691	0.04358	0.01599	0.01547	0.01168	0.00665	0.00541	0.00168	0.00547	0.00527	0.00524	0.00877
3	0.01235	0.29172	0.37152	0.01194	0.01792	0.01482	0.01366	0.04581	0.02880	0.01652	0.03711	0.01169	0.00885	0.00513	0.00449	0.00142	0.00642	0.00380	0.00270	0.09336
4	0.01510	0.06615	0.15183	0.01703	0.16234	0.01335	0.08503	0.16772	0.06054	0.10373	0.03062	0.01599	0.01096	0.00622	0.00592	0.00170	0.04081	0.03306	0.00387	0.00804
5	0.04469	0.78535	0.02739	0.00911	0.01365	0.02091	0.00906	0.01606	0.01084	0.01305	0.00746	0.00861	0.00685	0.00461	0.00344	0.00117	0.00568	0.00287	0.00233	0.00685
6	0.00711	0.00498	0.00599	0.00656	0.00684	0.00477	0.00410	0.00765	0.00928	0.01223	0.02565	0.38761	0.08693	0.38681	0.01635	0.00356	0.00406	0.01147	0.00418	0.00386
7	0.01509	0.12362	0.04818	0.02355	0.43841	0.05948	0.04209	0.06083	0.01323	0.08879	0.01082	0.01280	0.00858	0.00505	0.00504	0.00152	0.00639	0.00449	0.00315	0.02889
8	0.01480	0.14604	0.26362	0.06121	0.17213	0.07499	0.02703	0.01844	0.01241	0.14349	0.01121	0.01254	0.00829	0.00525	0.00494	0.00157	0.00682	0.00424	0.00313	0.00782
9	0.00663	0.00528	0.00595	0.00613	0.00752	0.00460	0.00447	0.00814	0.01240	0.01572	0.19181	0.21111	0.47377	0.01376	0.00645	0.00187	0.00277	0.01185	0.00517	0.00460
10	0.01453	0.01585	0.14034	0.03407	0.32128	0.07429	0.11136	0.05623	0.03192	0.09159	0.01180	0.02978	0.00925	0.00557	0.00576	0.00167	0.02846	0.00506	0.00324	0.00797
11	0.01478	0.01198	0.01874	0.18892	0.44496	0.02703	0.01437	0.07122	0.01335	0.12508	0.01170	0.01410	0.00891	0.00530	0.00533	0.00164	0.00632	0.00484	0.00336	0.00806
12	0.04868	0.01528	0.18932	0.02608	0.03347	0.05922	0.12348	0.05939	0.02357	0.09813	0.01634	0.03366	0.08720	0.00701	0.00689	0.00176	0.10510	0.00564	0.05278	0.00697
13	0.00941	0.00627	0.00814	0.00851	0.01013	0.00597	0.00713	0.01191	0.02849	0.07763	0.13694	0.05108	0.17308	0.01310	0.00679	0.00214	0.00410	0.41375	0.02015	0.00529
14	0.01488	0.28961	0.06390	0.01711	0.20656	0.10722	0.05814	0.03296	0.09587	0.04929	0.01083	0.01218	0.00874	0.00520	0.00469	0.00146	0.00648	0.00419	0.00306	0.00761
15	0.01322	0.01244	0.02000	0.17999	0.56572	0.03365	0.01554	0.03366	0.02825	0.03094	0.01045	0.01361	0.00846	0.00504	0.00532	0.00163	0.00653	0.00478	0.00280	0.00797
16	0.00779	0.00562	0.00612	0.00607	0.00785	0.00477	0.00452	0.00914	0.01219	0.07540	0.04797	0.16385	0.60263	0.01353	0.00635	0.00186	0.00293	0.01145	0.00512	0.00487
17	0.00678	0.00530	0.00614	0.00625	0.00760	0.00467	0.00457	0.00842	0.01278	0.01656	0.27683	0.19730	0.40082	0.01340	0.00644	0.00185	0.00274	0.01159	0.00528	0.00467
18	0.04384	0.01300	0.02056	0.04607	0.59377	0.01334	0.03625	0.13226	0.01412	0.02021	0.01045	0.01312	0.00846	0.00505	0.00528	0.00161	0.00632	0.00477	0.00310	0.00841
19	0.08205	0.01278	0.04692	0.02154	0.28920	0.01193	0.21791	0.03406	0.02478	0.18652	0.01276	0.01438	0.00932	0.00522	0.00545	0.00168	0.00655	0.00519	0.00369	0.00807
20	0.01424	0.16248	0.06419	0.28903	0.11326	0.13225	0.01299	0.11908	0.01366	0.01685	0.00950	0.01207	0.00748	0.00531	0.00491	0.00156	0.00706	0.00418	0.00286	0.00703
21	0.01120	0.00901	0.02854	0.01230	0.01519	0.00830	0.20667	0.01385	0.01165	0.10886	0.06185	0.15024	0.01829	0.01610	0.18924	0.00339	0.00773	0.05090	0.00395	0.07275
22	0.01084	0.00946	0.01230	0.00898	0.01339	0.00742	0.06603	0.01341	0.01173	0.01794	0.09988	0.01481	0.01300	0.00484	0.00444	0.00098	0.00421	0.00420	0.00346	0.67868
23	0.00724	0.00522	0.00577	0.00589	0.00646	0.00492	0.00367	0.00774	0.00937	0.01196	0.02937	0.11576	0.24742	0.49474	0.01904	0.00389	0.00426	0.00959	0.00394	0.00374
24	0.01064	0.02001	0.46065	0.05968	0.02050	0.01135	0.05894	0.03056	0.09122	0.01779	0.07744	0.01817	0.06793	0.00724	0.02321	0.00189	0.00685	0.00544	0.00321	0.00730
25	0.01073	0.00988	0.01622	0.66627	0.05489	0.01239	0.01442	0.01398	0.01058	0.03113	0.00953	0.01407	0.00732	0.00585	0.00681	0.00185	0.10072	0.00478	0.00249	0.00610
26	0.00898	0.01434	0.30118	0.05766	0.01621	0.00886	0.01212	0.01233	0.01094	0.01528	0.01986	0.28333	0.03527	0.01091	0.00682	0.00202	0.05261	0.12167	0.00364	0.00599
27	0.01221	0.06717	0.46286	0.01452	0.02074	0.01228	0.11665	0.06059	0.01283	0.06300	0.07335	0.03601	0.01185	0.00596	0.00535	0.00169	0.00707	0.00513	0.00314	0.00759
28	0.00736	0.00538	0.00691	0.00674	0.00793	0.00493	0.00497	0.00958	0.01431	0.01992	0.61823	0.14207	0.10772	0.01196	0.00640	0.00176	0.00262	0.01057	0.00571	0.00493
29	0.01571	0.01258	0.01350	0.01106	0.01480	0.01375	0.00885	0.30258	0.38469	0.02607	0.01679	0.01612	0.01250	0.00652	0.00522	0.00160	0.00484	0.00521	0.00512	0.12248
30	0.01162	0.00989	0.01648	0.64546	0.12246	0.01170	0.01453	0.01503	0.01128	0.07525	0.01053	0.01451	0.00780	0.00540	0.00536	0.00176	0.00686	0.00482	0.00276	0.00651
31	0.01258	0.32155	0.41992	0.01441	0.08431	0.01570	0.01532	0.01678	0.01133	0.02985	0.00908	0.01061	0.00710	0.00491	0.00450	0.00148	0.00691	0.00365	0.00239	0.00761
32	0.00953	0.01626	0.36271	0.01147	0.01577	0.00918	0.05575	0.01358	0.03017	0.01655	0.17934	0.02377	0.01978	0.20081	0.01081	0.00255	0.00607	0.00634	0.00341	0.00615
33	0.02408	0.00914	0.01246	0.00955	0.01370	0.00789	0.00789	0.02616	0.01536	0.78158	0.02118	0.01827	0.01329	0.00664	0.00540	0.00166	0.00457	0.00540	0.00664	0.00914
34	0.01094	0.08759	0.11657	0.37538	0.16563	0.02548	0.01405	0.01427	0.01112	0.01473	0.01180	0.10667	0.01067	0.00650	0.00531	0.00172	0.00655	0.00570	0.00272	0.00659
35	0.01245	0.12827	0.25587	0.21121	0.06328	0.01349	0.11347	0.01729	0.05630	0.06232	0.01092	0.01315	0.00813	0.00523	0.00515	0.00166	0.00708	0.00458	0.00283	0.00734
36	0.00828	0.00674	0.01026	0.29659	0.01899	0.00748	0.00922	0.01043	0.01074	0.01403	0.02165	0.35665	0.02380	0.03789	0.00707	0.00219	0.00499	0.14401	0.00397	0.00502
37	0.00724	0.00525	0.00573	0.00580	0.00644	0.00493	0.00363	0.00775	0.00945	0.01199	0.03039	0.08446	0.27805	0.49461	0.01902	0.00388	0.00424	0.00943	0.00394	0.00375

[dist]
# distance from previous block
# <min> <max>
0	2

[block]
# block no. 3 follows, 45 sequences, length 13
# corresponding to MSA columns:
# 563-575
name=unknown_D
#
# <colnr> <probs for GDERKNQSTAVLIFYWHMCP>
#	G	D	E	R	K	N	Q	S	T	A	V	L	I	F	Y	W	H	M	C	P
0	0.06403	0.01135	0.08743	0.06233	0.01597	0.00985	0.06360	0.11813	0.04334	0.23452	0.02198	0.08873	0.11388	0.00822	0.00563	0.00178	0.00518	0.03194	0.00483	0.00730
1	0.16893	0.11810	0.06722	0.00982	0.01252	0.08066	0.03388	0.01347	0.00995	0.01522	0.01115	0.01515	0.00988	0.02202	0.38381	0.00494	0.01024	0.00452	0.00282	0.00570
2	0.01671	0.02200	0.30468	0.01376	0.01911	0.17445	0.01386	0.32818	0.01794	0.02323	0.01072	0.01164	0.00780	0.00575	0.00516	0.00160	0.00745	0.00422	0.00367	0.00808
3	0.01204	0.14242	0.16864	0.03284	0.12084	0.01190	0.01127	0.01637	0.07906	0.01697	0.01041	0.01194	0.00836	0.00474	0.00446	0.00126	0.00548	0.00380	0.00297	0.33422
4	0.00788	0.00559	0.00717	0.05847	0.00881	0.00595	0.00486	0.00858	0.00828	0.01121	0.01634	0.06020	0.01794	0.55405	0.19727	0.00564	0.00732	0.00743	0.00318	0.00382
5	0.01329	0.01275	0.02179	0.03295	0.77787	0.01275	0.01647	0.01647	0.01222	0.01754	0.01010	0.01329	0.00850	0.00478	0.00531	0.00159	0.00638	0.00478	0.00266	0.00850
6	0.00783	0.00594	0.00847	0.19058	0.01441	0.00626	0.00714	0.00972	0.01106	0.01520	0.10366	0.44118	0.04881	0.01238	0.00612	0.00193	0.00392	0.01109	0.08941	0.00488
7	0.01235	0.15388	0.40986	0.07078	0.02307	0.01439	0.15477	0.06862	0.01244	0.01725	0.00972	0.01179	0.00725	0.00502	0.00509	0.00163	0.00758	0.00434	0.00258	0.00757
8	0.00758	0.00577	0.00717	0.00778	0.00921	0.00537	0.00641	0.00956	0.01249	0.01586	0.10548	0.08205	0.32438	0.01407	0.00688	0.00213	0.00379	0.36421	0.00505	0.00477
9	0.00666	0.00495	0.00624	0.00713	0.00785	0.00453	0.00498	0.00785	0.01106	0.01443	0.07677	0.57150	0.18871	0.01572	0.00675	0.00209	0.00309	0.05018	0.00503	0.00446
10	0.01359	0.30475	0.24989	0.01311	0.01786	0.09184	0.06246	0.01674	0.01128	0.03547	0.00873	0.01066	0.00715	0.00563	0.00650	0.00158	0.12937	0.00383	0.00249	0.00706
11	0.13508	0.01521	0.01734	0.07015	0.24324	0.16741	0.06455	0.14933	0.05212	0.02045	0.01046	0.01233	0.00819	0.00540	0.00503	0.00160	0.00677	0.00443	0.00338	0.00752
12	0.00775	0.00558	0.00624	0.00619	0.00787	0.00480	0.00460	0.00922	0.01246	0.06879	0.12604	0.16870	0.52587	0.01334	0.00636	0.00185	0.00289	0.01137	0.00520	0.00488

[dist]
# distance from previous block
# <min> <max>
1	3

[block]
# block no. 4 follows, 45 sequences, length 9
# corresponding to MSA columns:
# 579-587
name=unknown_E
#
# <colnr> <probs for GDERKNQSTAVLIFYWHMCP>
#	G	D	E	R	K	N	Q	S	T	A	V	L	I	F	Y	W	H	M	C	P
0	0.06219	0.10242	0.49827	0.01365	0.02023	0.01264	0.05403	0.01833	0.01189	0.14113	0.01123	0.01219	0.00787	0.00526	0.00494	0.00164	0.00700	0.00415	0.00306	0.00786
1	0.01496	0.03334	0.04615	0.07031	0.04456	0.00956	0.00879	0.05078	0.09387	0.20677	0.03311	0.01491	0.01118	0.00547	0.00479	0.00133	0.00475	0.00448	0.00430	0.33659
2	0.00653	0.00533	0.00578	0.00590	0.00743	0.00458	0.00434	0.00798	0.01234	0.01530	0.14414	0.15930	0.57495	0.01372	0.00642	0.00185	0.00275	0.01169	0.00510	0.00458
3	0.01618	0.01294	0.01373	0.01150	0.01504	0.01468	0.00918	0.32232	0.46975	0.02702	0.01825	0.01716	0.01347	0.00695	0.00542	0.00174	0.00491	0.00557	0.00542	0.00875
4	0.00797	0.00532	0.00650	0.00687	0.00795	0.00478	0.00481	0.00914	0.01134	0.07261	0.07867	0.42286	0.25112	0.07424	0.00809	0.00223	0.00323	0.01247	0.00503	0.00473
5	0.00767	0.00575	0.00863	0.00863	0.00959	0.00671	0.00671	0.00959	0.00863	0.01246	0.01438	0.02109	0.01342	0.04026	0.79008	0.00863	0.01438	0.00575	0.00288	0.00479
6	0.01188	0.01104	0.01719	0.41771	0.18190	0.01329	0.01411	0.06493	0.03793	0.01601	0.00985	0.01373	0.00787	0.00613	0.00761	0.00184	0.15268	0.00481	0.00274	0.00677
7	0.00839	0.00513	0.00538	0.00548	0.00681	0.00480	0.00405	0.01038	0.01167	0.01775	0.07059	0.11182	0.25265	0.00985	0.00501	0.00154	0.00263	0.00826	0.45301	0.00480
8	0.84927	0.01038	0.00789	0.00706	0.01038	0.01204	0.00581	0.01578	0.00914	0.02408	0.00747	0.00872	0.00581	0.00498	0.00332	0.00166	0.00415	0.00291	0.00332	0.00581

[dist]
# distance from previous block
# <min> <max>
0	6

[block]
# block no. 5 follows, 45 sequences, length 15
# corresponding to MSA columns:
# 594-608
name=unknown_F
#
# <colnr> <probs for GDERKNQSTAVLIFYWHMCP>
#	G	D	E	R	K	N	Q	S	T	A	V	L	I	F	Y	W	H	M	C	P
0	0.01332	0.14459	0.22527	0.03138	0.01828	0.01327	0.07753	0.10504	0.08760	0.03958	0.01127	0.01243	0.00858	0.00515	0.00478	0.00143	0.00612	0.00420	0.00331	0.18687
1	0.00808	0.00485	0.00640	0.00672	0.00680	0.00477	0.00425	0.00740	0.00812	0.01082	0.01715	0.22504	0.01957	0.29493	0.01959	0.33609	0.00446	0.00847	0.00333	0.00317
2	0.00776	0.00514	0.00638	0.00630	0.00729	0.00468	0.00450	0.00788	0.01072	0.01378	0.17281	0.03550	0.33553	0.01510	0.01213	0.33479	0.00345	0.00839	0.00411	0.00376
3	0.01435	0.81458	0.02813	0.00918	0.01378	0.02124	0.00918	0.01607	0.01091	0.01263	0.00746	0.00861	0.00689	0.00459	0.00344	0.00115	0.00574	0.00287	0.00230	0.00689
4	0.00654	0.00467	0.00623	0.00747	0.00779	0.00436	0.00498	0.00747	0.01028	0.01370	0.02959	0.80785	0.03550	0.01682	0.00685	0.00218	0.00311	0.01526	0.00498	0.00436
5	0.01001	0.00500	0.00500	0.00500	0.00625	0.00500	0.00375	0.01251	0.01126	0.02001	0.01751	0.02001	0.01376	0.00625	0.00375	0.00125	0.00250	0.00500	0.84115	0.00500
6	0.01565	0.00938	0.01466	0.48645	0.02777	0.01033	0.01213	0.01864	0.01256	0.31740	0.01414	0.01588	0.00958	0.00587	0.00538	0.00174	0.00613	0.00502	0.00407	0.00722
7	0.84927	0.01038	0.00789	0.00706	0.01038	0.01204	0.00581	0.01578	0.00914	0.02408	0.00747	0.00872	0.00581	0.00498	0.00332	0.00166	0.00415	0.00291	0.00332	0.00581
8	0.01113	0.00954	0.01113	0.00795	0.01272	0.00716	0.00636	0.01352	0.01113	0.01749	0.00954	0.01113	0.00795	0.00398	0.00398	0.00080	0.00398	0.00318	0.00318	0.84417
9	0.01174	0.01174	0.01644	0.01409	0.01409	0.01644	0.01174	0.01292	0.00822	0.01292	0.00705	0.01174	0.00705	0.00940	0.01762	0.00235	0.80153	0.00470	0.00235	0.00587
10	0.00720	0.00528	0.00675	0.00678	0.00788	0.00483	0.00493	0.00920	0.01365	0.01881	0.51075	0.22991	0.12867	0.01270	0.00646	0.00182	0.00270	0.01125	0.00558	0.00483
11	0.01162	0.05890	0.23414	0.01098	0.01609	0.01084	0.01112	0.04259	0.01138	0.01718	0.00930	0.01119	0.00751	0.00503	0.00586	0.00128	0.09519	0.00362	0.00286	0.43331
12	0.01591	0.01325	0.01589	0.01299	0.01526	0.01625	0.01073	0.36047	0.08620	0.02349	0.01112	0.01304	0.00887	0.00783	0.01082	0.00196	0.35937	0.00489	0.00404	0.00762
13	0.01431	0.01164	0.01241	0.01095	0.01412	0.01330	0.00858	0.07514	0.68508	0.05910	0.02124	0.01949	0.01578	0.00720	0.00545	0.00180	0.00437	0.00596	0.00551	0.00857
14	0.66600	0.01101	0.00945	0.00860	0.03476	0.03565	0.00672	0.05348	0.01090	0.10826	0.00937	0.01015	0.00692	0.00525	0.00376	0.00165	0.00452	0.00335	0.00375	0.00644

[dist]
# distance from previous block
# <min> <max>
0	19

[block]
# block no. 6 follows, 45 sequences, length 15
# corresponding to MSA columns:
# 628-642
name=unknown_G
#
# <colnr> <probs for GDERKNQSTAVLIFYWHMCP>
#	G	D	E	R	K	N	Q	S	T	A	V	L	I	F	Y	W	H	M	C	P
0	0.01233	0.00950	0.01063	0.00956	0.02782	0.05763	0.00739	0.03693	0.11708	0.09649	0.14000	0.07526	0.03369	0.00857	0.00555	0.00160	0.00438	0.11554	0.00471	0.22532
1	0.00965	0.00779	0.01095	0.01222	0.12976	0.00737	0.04272	0.06873	0.01242	0.03468	0.02767	0.36193	0.17143	0.01179	0.00614	0.00185	0.00414	0.01055	0.00446	0.06375
2	0.13132	0.01311	0.01784	0.05028	0.25760	0.04246	0.08501	0.20682	0.01557	0.11131	0.01172	0.01316	0.00870	0.00548	0.00515	0.00164	0.00616	0.00471	0.00390	0.00805
3	0.05793	0.01056	0.01302	0.11827	0.01691	0.01089	0.00903	0.21440	0.05441	0.33365	0.01995	0.01913	0.08363	0.00703	0.00538	0.00169	0.00506	0.00564	0.00535	0.00807
4	0.00930	0.00574	0.00689	0.00670	0.00806	0.00517	0.00475	0.01054	0.01170	0.11982	0.13224	0.20244	0.25717	0.18231	0.01077	0.00257	0.00356	0.01038	0.00497	0.00493
5	0.13062	0.03053	0.16493	0.03284	0.19667	0.01148	0.09824	0.01922	0.01250	0.23264	0.01278	0.01375	0.00905	0.00537	0.00510	0.00166	0.00617	0.00468	0.00379	0.00797
6	0.00735	0.00588	0.00761	0.00794	0.00859	0.00614	0.00576	0.00858	0.01093	0.01467	0.12016	0.47348	0.16356	0.01453	0.00818	0.00208	0.11271	0.01245	0.00473	0.00468
7	0.01276	0.01317	0.06798	0.01430	0.01822	0.01305	0.21471	0.02395	0.48574	0.02036	0.01829	0.04452	0.01414	0.00670	0.00572	0.00182	0.00577	0.00631	0.00448	0.00798
8	0.01530	0.01253	0.01464	0.24101	0.02126	0.05545	0.01080	0.36455	0.05415	0.02461	0.11683	0.01721	0.01448	0.00674	0.00548	0.00167	0.00593	0.00547	0.00444	0.00746
9	0.01126	0.00588	0.00730	0.00690	0.00854	0.00543	0.00518	0.01330	0.01287	0.16889	0.21077	0.20114	0.05813	0.01015	0.00551	0.00167	0.00306	0.00878	0.24957	0.00567
10	0.26219	0.01280	0.01217	0.11809	0.01650	0.16379	0.00874	0.02049	0.01288	0.30351	0.01304	0.01325	0.00901	0.00576	0.00468	0.00162	0.00581	0.00420	0.00432	0.00716
11	0.33042	0.01091	0.01040	0.00871	0.01201	0.08899	0.00693	0.02005	0.01230	0.34684	0.01434	0.01543	0.01044	0.08240	0.00665	0.00197	0.00499	0.00450	0.00468	0.00704
12	0.01976	0.01014	0.01248	0.00982	0.01344	0.00989	0.00801	0.23715	0.01821	0.41354	0.16736	0.02100	0.01944	0.00744	0.00557	0.00165	0.00456	0.00608	0.00613	0.00833
13	0.12514	0.01248	0.16356	0.01132	0.01370	0.01142	0.01064	0.01287	0.00911	0.01509	0.01035	0.01474	0.00921	0.01947	0.30178	0.00447	0.24142	0.00470	0.00266	0.00587
14	0.01150	0.00611	0.00831	0.00783	0.00870	0.00609	0.00556	0.08059	0.01003	0.09107	0.01366	0.12498	0.01331	0.01601	0.01596	0.56214	0.00456	0.00621	0.00342	0.00395

[dist]
# distance from previous block
# <min> <max>
6	15

[block]
# block no. 7 follows, 45 sequences, length 45
# corresponding to MSA columns:
# 659-703
name=unknown_H
#
# <colnr> <probs for GDERKNQSTAVLIFYWHMCP>
#	G	D	E	R	K	N	Q	S	T	A	V	L	I	F	Y	W	H	M	C	P
0	0.01283	0.01352	0.02722	0.01986	0.02464	0.01312	0.58853	0.07856	0.04508	0.01832	0.01185	0.01525	0.00911	0.00842	0.08566	0.00248	0.00913	0.00614	0.00307	0.00720
1	0.01014	0.00954	0.01610	0.79845	0.03697	0.01193	0.01491	0.01371	0.01073	0.01371	0.00954	0.01431	0.00716	0.00537	0.00537	0.00179	0.00716	0.00477	0.00239	0.00596
2	0.00699	0.00543	0.00617	0.00601	0.00742	0.00481	0.00439	0.00868	0.01297	0.01689	0.33834	0.04537	0.40953	0.09341	0.00847	0.00211	0.00290	0.01032	0.00518	0.00461
3	0.00767	0.00575	0.00863	0.00863	0.00959	0.00671	0.00671	0.00959	0.00863	0.01246	0.01438	0.02109	0.01342	0.04026	0.79008	0.00863	0.01438	0.00575	0.00288	0.00479
4	0.55319	0.00993	0.00953	0.00795	0.01157	0.01055	0.00656	0.01950	0.01137	0.29587	0.01239	0.01215	0.00850	0.00558	0.00407	0.00166	0.00430	0.00380	0.00451	0.00701
5	0.01058	0.00987	0.00920	0.00855	0.01089	0.08762	0.00653	0.01745	0.30834	0.01808	0.09969	0.03403	0.33782	0.01008	0.00585	0.00176	0.00401	0.00833	0.00503	0.00630
6	0.04367	0.01234	0.01414	0.01101	0.01511	0.01287	0.00905	0.39400	0.08563	0.32011	0.01671	0.01547	0.01127	0.00655	0.00533	0.00165	0.00520	0.00511	0.00581	0.00899
7	0.00836	0.00501	0.00627	0.00627	0.00627	0.00501	0.00377	0.00751	0.00751	0.01001	0.01413	0.02823	0.01578	0.52047	0.02499	0.31293	0.00501	0.00665	0.00291	0.00291
8	0.01116	0.01144	0.07330	0.01369	0.14639	0.00901	0.04981	0.01400	0.01156	0.01730	0.04953	0.01527	0.05017	0.00529	0.00520	0.00122	0.03665	0.00450	0.00319	0.47132
9	0.01613	0.30827	0.13046	0.01177	0.01630	0.16036	0.01110	0.18123	0.08282	0.01888	0.01041	0.01116	0.00822	0.00549	0.00454	0.00143	0.00669	0.00385	0.00334	0.00755
10	0.01470	0.01444	0.01595	0.05636	0.26170	0.19194	0.01115	0.03580	0.01297	0.05253	0.01006	0.01202	0.00813	0.00485	0.00478	0.00130	0.00631	0.00399	0.00309	0.27793
11	0.06493	0.01212	0.09441	0.01188	0.04116	0.01035	0.05896	0.11502	0.07444	0.32230	0.03200	0.01737	0.01228	0.00730	0.00643	0.05975	0.00536	0.02508	0.00492	0.02393
12	0.01335	0.01326	0.06560	0.14418	0.02585	0.01224	0.43145	0.05608	0.01310	0.09479	0.01299	0.05247	0.01026	0.00581	0.00601	0.00181	0.00770	0.02253	0.00333	0.00718
13	0.00789	0.00664	0.04537	0.00859	0.00966	0.00576	0.00670	0.04800	0.01152	0.01538	0.02751	0.58090	0.03181	0.01531	0.00680	0.00218	0.00385	0.15638	0.00486	0.00490
14	0.05690	0.01333	0.05700	0.02687	0.56068	0.04938	0.03836	0.01628	0.01223	0.03441	0.03297	0.05556	0.01092	0.00569	0.00532	0.00163	0.00626	0.00534	0.00298	0.00788
15	0.01305	0.06230	0.43625	0.03519	0.02046	0.01209	0.08325	0.04389	0.04936	0.11489	0.01256	0.02845	0.00950	0.04775	0.00639	0.00187	0.00699	0.00487	0.00324	0.00768
16	0.00903	0.00596	0.00879	0.00849	0.00884	0.00690	0.00631	0.00869	0.00775	0.01093	0.01088	0.01748	0.01053	0.02538	0.30171	0.43184	0.10923	0.00506	0.00253	0.00368
17	0.03286	0.01235	0.02063	0.12214	0.41891	0.01293	0.12673	0.01800	0.12840	0.01782	0.01182	0.01449	0.00940	0.00531	0.00573	0.00170	0.02468	0.00517	0.00307	0.00787
18	0.01192	0.01185	0.05717	0.13362	0.25749	0.01284	0.01321	0.01538	0.06145	0.03516	0.03732	0.04086	0.01129	0.00784	0.02226	0.00202	0.23774	0.02057	0.00303	0.00697
19	0.00821	0.00642	0.00928	0.16898	0.03884	0.00678	0.00785	0.03095	0.01097	0.01450	0.02356	0.46507	0.02667	0.05895	0.00770	0.00227	0.00446	0.09930	0.00429	0.00496
20	0.01035	0.01000	0.01885	0.01510	0.01825	0.00959	0.34893	0.01425	0.05236	0.01713	0.08942	0.11529	0.03798	0.00957	0.00664	0.00202	0.00631	0.20780	0.00405	0.00612
21	0.01167	0.05318	0.53587	0.01753	0.15072	0.01228	0.03295	0.01681	0.01187	0.04459	0.05459	0.01355	0.00991	0.00541	0.00518	0.00166	0.00717	0.00450	0.00271	0.00785
22	0.01065	0.02663	0.74271	0.01501	0.02259	0.01214	0.01924	0.01669	0.01139	0.01695	0.01062	0.01393	0.00807	0.00561	0.00522	0.00174	0.00778	0.04284	0.00241	0.00778
23	0.02408	0.00914	0.01246	0.00955	0.01370	0.00789	0.00789	0.02616	0.01536	0.78158	0.02118	0.01827	0.01329	0.00664	0.00540	0.00166	0.00457	0.00540	0.00664	0.00914
24	0.01389	0.01259	0.02089	0.06781	0.67552	0.01275	0.01577	0.05586	0.01295	0.04487	0.01060	0.01349	0.00864	0.00496	0.00532	0.00161	0.00633	0.00481	0.00293	0.00844
25	0.01284	0.05596	0.09920	0.08879	0.60413	0.01310	0.01631	0.01629	0.01195	0.01693	0.00987	0.01292	0.00814	0.00485	0.00520	0.00160	0.00656	0.00460	0.00258	0.00817
26	0.01014	0.00954	0.01610	0.79845	0.03697	0.01193	0.01491	0.01371	0.01073	0.01371	0.00954	0.01431	0.00716	0.00537	0.00537	0.00179	0.00716	0.00477	0.00239	0.00596
27	0.01435	0.81458	0.02813	0.00918	0.01378	0.02124	0.00918	0.01607	0.01091	0.01263	0.00746	0.00861	0.00689	0.00459	0.00344	0.00115	0.00574	0.00287	0.00230	0.00689
28	0.01174	0.01174	0.01644	0.01409	0.01409	0.01644	0.01174	0.01292	0.00822	0.01292	0.00705	0.01174	0.00705	0.00940	0.01762	0.00235	0.80153	0.00470	0.00235	0.00587
29	0.01014	0.00954	0.01610	0.79845	0.03697	0.01193	0.01491	0.01371	0.01073	0.01371	0.00954	0.01431	0.00716	0.00537	0.00537	0.00179	0.00716	0.00477	0.00239	0.00596
30	0.00758	0.00565	0.00716	0.00731	0.00843	0.00536	0.00547	0.02630	0.01319	0.01786	0.35379	0.26040	0.15218	0.01325	0.00677	0.00193	0.01780	0.07935	0.00534	0.00488
31	0.00653	0.00510	0.00592	0.00646	0.00755	0.00449	0.00456	0.00778	0.01157	0.01466	0.09685	0.39223	0.38749	0.01485	0.00657	0.00197	0.00288	0.01298	0.00505	0.00449
32	0.84927	0.01038	0.00789	0.00706	0.01038	0.01204	0.00581	0.01578	0.00914	0.02408	0.00747	0.00872	0.00581	0.00498	0.00332	0.00166	0.00415	0.00291	0.00332	0.00581
33	0.01268	0.01229	0.02021	0.20435	0.57222	0.03005	0.01585	0.01586	0.01184	0.01645	0.00984	0.01339	0.00812	0.00506	0.00567	0.00165	0.02931	0.00475	0.00259	0.00780
34	0.01601	0.01251	0.02067	0.02367	0.39260	0.02917	0.14810	0.03834	0.04949	0.19493	0.01339	0.01489	0.00990	0.00534	0.00552	0.00166	0.00640	0.00524	0.00380	0.00839
35	0.00985	0.00996	0.01996	0.01565	0.01872	0.00933	0.41152	0.01272	0.01157	0.01559	0.01948	0.37974	0.02074	0.01018	0.00657	0.00198	0.00632	0.01044	0.00376	0.00591
36	0.12112	0.38231	0.02535	0.01390	0.04219	0.01714	0.22941	0.08011	0.01247	0.01741	0.00901	0.01087	0.00736	0.00479	0.00450	0.00146	0.00655	0.00412	0.00283	0.00710
37	0.00654	0.00467	0.00623	0.00747	0.00779	0.00436	0.00498	0.00747	0.01028	0.01370	0.02959	0.80785	0.03550	0.01682	0.00685	0.00218	0.00311	0.01526	0.00498	0.00436
38	0.00780	0.00522	0.00595	0.00595	0.00598	0.00526	0.00337	0.00787	0.00783	0.01048	0.01683	0.03464	0.01930	0.78472	0.05366	0.00532	0.00552	0.00774	0.00324	0.00331
39	0.01346	0.00981	0.01143	0.01041	0.01280	0.01047	0.00850	0.34259	0.01754	0.02333	0.02133	0.17110	0.02166	0.03925	0.00710	0.00213	0.00506	0.26030	0.00508	0.00664
40	0.00725	0.00525	0.00574	0.00581	0.00643	0.00493	0.00363	0.00775	0.00942	0.01196	0.03013	0.08531	0.27236	0.49964	0.01915	0.00390	0.00426	0.00941	0.00393	0.00374
41	0.01251	0.13649	0.02420	0.01667	0.01950	0.01606	0.30325	0.01508	0.01037	0.01455	0.00860	0.01233	0.00745	0.00675	0.01102	0.00195	0.36910	0.00506	0.00248	0.00656
42	0.05494	0.01809	0.35279	0.01257	0.01861	0.01051	0.07917	0.01548	0.01119	0.01750	0.00954	0.01140	0.00733	0.00468	0.00493	0.00136	0.02266	0.00382	0.00273	0.34068
43	0.03446	0.21916	0.04083	0.00914	0.01152	0.08942	0.02450	0.01306	0.01109	0.04927	0.06974	0.20501	0.01791	0.01147	0.03475	0.12112	0.00542	0.00702	0.01968	0.00545
44	0.02184	0.01273	0.01468	0.01126	0.01550	0.01322	0.00930	0.47307	0.02138	0.32618	0.01613	0.01499	0.01075	0.00652	0.00538	0.00163	0.00538	0.00505	0.00587	0.00913

[dist]
# distance from previous block
# <min> <max>
0	1

[block]
# block no. 8 follows, 45 sequences, length 26
# corresponding to MSA columns:
# 705-730
name=unknown_I
#
# <colnr> <probs for GDERKNQSTAVLIFYWHMCP>
#	G	D	E	R	K	N	Q	S	T	A	V	L	I	F	Y	W	H	M	C	P
0	0.37929	0.00991	0.00971	0.00756	0.01169	0.00930	0.00612	0.01451	0.01025	0.02039	0.00863	0.01007	0.00701	0.00442	0.00369	0.00118	0.00405	0.00306	0.00324	0.47591
1	0.84927	0.01038	0.00789	0.00706	0.01038	0.01204	0.00581	0.01578	0.00914	0.02408	0.00747	0.00872	0.00581	0.00498	0.00332	0.00166	0.00415	0.00291	0.00332	0.00581
2	0.01427	0.01190	0.01165	0.01041	0.01275	0.11489	0.00793	0.33043	0.01732	0.02222	0.01961	0.36165	0.02042	0.01088	0.00595	0.00183	0.00519	0.00923	0.00485	0.00664
3	0.01341	0.00860	0.01019	0.00858	0.01104	0.00869	0.00678	0.22565	0.01769	0.11749	0.39692	0.04363	0.03133	0.00894	0.00577	0.00164	0.00375	0.00757	0.06566	0.00670
4	0.00781	0.00520	0.00585	0.00585	0.00585	0.00520	0.00325	0.00781	0.00781	0.01041	0.01691	0.03513	0.01952	0.81135	0.02732	0.00520	0.00520	0.00781	0.00325	0.00325
5	0.00857	0.00511	0.00678	0.00692	0.00714	0.00508	0.00466	0.00799	0.00841	0.01122	0.05324	0.03040	0.01808	0.31985	0.02090	0.37305	0.00480	0.10142	0.00320	0.00316
6	0.00883	0.00778	0.01071	0.01038	0.01056	0.00967	0.00795	0.00987	0.00937	0.01336	0.01969	0.45815	0.02300	0.01356	0.01158	0.00225	0.35383	0.01062	0.00383	0.00502
7	0.01190	0.07029	0.01264	0.00839	0.01303	0.05498	0.00681	0.01418	0.01136	0.01687	0.00931	0.01086	0.00781	0.00411	0.00399	0.00086	0.00445	0.00317	0.00309	0.73189
8	0.01198	0.01166	0.01834	0.18235	0.29959	0.01416	0.01413	0.01439	0.01021	0.01478	0.00868	0.01284	0.00760	0.00687	0.01057	0.00196	0.34582	0.00474	0.00247	0.00686
9	0.84927	0.01038	0.00789	0.00706	0.01038	0.01204	0.00581	0.01578	0.00914	0.02408	0.00747	0.00872	0.00581	0.00498	0.00332	0.00166	0.00415	0.00291	0.00332	0.00581
10	0.01664	0.01090	0.01238	0.01049	0.01372	0.01167	0.00830	0.20178	0.31177	0.20091	0.02057	0.12350	0.01647	0.00821	0.00561	0.00178	0.00457	0.00685	0.00565	0.00824
11	0.01011	0.00915	0.01422	0.38283	0.17261	0.01026	0.01190	0.01371	0.06262	0.01511	0.03756	0.06815	0.09380	0.06696	0.00721	0.00203	0.00582	0.00655	0.00324	0.00616
12	0.00677	0.00545	0.00603	0.00588	0.00751	0.00471	0.00441	0.00852	0.01324	0.01688	0.29806	0.04775	0.53052	0.01271	0.00634	0.00177	0.00266	0.01078	0.00530	0.00471
13	0.00880	0.00721	0.01087	0.35452	0.02021	0.00843	0.00901	0.01073	0.00924	0.01224	0.01321	0.02339	0.01296	0.31512	0.15833	0.00434	0.00775	0.00609	0.00280	0.00473
14	0.05095	0.01886	0.01489	0.13981	0.07084	0.44798	0.01104	0.03618	0.06789	0.03276	0.01103	0.01437	0.00918	0.00610	0.00510	0.00157	0.00798	0.04373	0.00318	0.00654
15	0.04666	0.01006	0.01421	0.19169	0.14221	0.04514	0.06583	0.01521	0.10913	0.03061	0.01958	0.17304	0.08131	0.00861	0.00575	0.00183	0.00551	0.02342	0.00377	0.00640
16	0.00675	0.00508	0.00629	0.00709	0.00797	0.00463	0.00509	0.00804	0.01130	0.01457	0.07539	0.47596	0.24960	0.01539	0.00673	0.00208	0.00315	0.08537	0.00503	0.00450
17	0.01440	0.01720	0.35035	0.01171	0.01699	0.01022	0.01274	0.09688	0.01439	0.21118	0.11481	0.01994	0.07144	0.00702	0.00545	0.00169	0.00579	0.00570	0.00437	0.00774
18	0.03017	0.43470	0.11252	0.06968	0.01753	0.08119	0.04153	0.06057	0.03906	0.05396	0.00959	0.01082	0.00772	0.00510	0.00429	0.00139	0.00643	0.00368	0.00288	0.00718
19	0.00883	0.00674	0.00822	0.00790	0.00833	0.00760	0.00548	0.01069	0.07824	0.01242	0.01687	0.05800	0.01821	0.50140	0.08197	0.00453	0.11249	0.04429	0.00345	0.00433
20	0.00802	0.00516	0.00665	0.00687	0.00771	0.00482	0.00503	0.00792	0.00995	0.01264	0.05524	0.07500	0.27641	0.01605	0.01294	0.37178	0.00388	0.10645	0.00385	0.00363
21	0.01152	0.01095	0.01860	0.46236	0.36226	0.01229	0.01560	0.01493	0.01139	0.01539	0.00979	0.01386	0.00775	0.00511	0.00534	0.00170	0.00681	0.00478	0.00250	0.00708
22	0.08109	0.32777	0.09036	0.04378	0.01756	0.04111	0.11921	0.03980	0.07323	0.07834	0.01068	0.01191	0.00835	0.00530	0.00494	0.00151	0.03053	0.00415	0.00315	0.00724
23	0.01370	0.01829	0.36150	0.07275	0.02167	0.01126	0.13378	0.03535	0.03129	0.16968	0.03564	0.04713	0.01108	0.00607	0.00550	0.00174	0.00689	0.00539	0.00359	0.00773
24	0.00946	0.00838	0.01206	0.01103	0.01157	0.01098	0.00892	0.01105	0.00845	0.01266	0.01116	0.01698	0.01062	0.02670	0.45076	0.00587	0.36014	0.00529	0.00264	0.00527
25	0.01067	0.01040	0.10288	0.27483	0.06949	0.00920	0.01115	0.01418	0.04740	0.08654	0.06970	0.16751	0.08650	0.00876	0.00577	0.00182	0.00536	0.00768	0.00388	0.00628

[dist]
# distance from previous block
# <min> <max>
0	1

[block]
# block no. 9 follows, 45 sequences, length 34
# corresponding to MSA columns:
# 732-765
name=unknown_J
#
# <colnr> <probs for GDERKNQSTAVLIFYWHMCP>
#	G	D	E	R	K	N	Q	S	T	A	V	L	I	F	Y	W	H	M	C	P
0	0.04452	0.10559	0.03407	0.42433	0.02647	0.09448	0.03348	0.03742	0.04860	0.04655	0.01067	0.01355	0.00813	0.00547	0.00496	0.00163	0.00671	0.00447	0.04243	0.00647
1	0.71056	0.03570	0.11475	0.00825	0.01224	0.01236	0.00783	0.01595	0.00949	0.02279	0.00777	0.00907	0.00598	0.00499	0.00357	0.00165	0.00472	0.00305	0.00315	0.00613
2	0.00767	0.00575	0.00863	0.00863	0.00959	0.00671	0.00671	0.00959	0.00863	0.01246	0.01438	0.02109	0.01342	0.04026	0.79008	0.00863	0.01438	0.00575	0.00288	0.00479
3	0.01300	0.44571	0.31913	0.01242	0.01834	0.01730	0.05811	0.03312	0.01150	0.01506	0.00862	0.01011	0.00698	0.00483	0.00430	0.00141	0.00679	0.00354	0.00238	0.00736
4	0.00909	0.01852	0.46695	0.01179	0.01688	0.00924	0.01367	0.01333	0.01150	0.01629	0.07132	0.18052	0.12082	0.00904	0.00571	0.00181	0.00588	0.00765	0.00344	0.00655
5	0.00723	0.00534	0.00676	0.00668	0.00787	0.00487	0.00490	0.00932	0.01393	0.01916	0.54203	0.17081	0.15653	0.01235	0.00642	0.00179	0.00266	0.01088	0.00562	0.00487
6	0.00894	0.00629	0.00807	0.00768	0.00931	0.00633	0.00600	0.04662	0.01218	0.06259	0.16130	0.03422	0.23604	0.02276	0.31049	0.00444	0.00757	0.03946	0.00445	0.00525
7	0.01525	0.01248	0.01321	0.01131	0.01468	0.01424	0.00896	0.22571	0.56789	0.02552	0.01943	0.01810	0.01443	0.00706	0.00544	0.00176	0.00470	0.00574	0.00544	0.00867
8	0.01113	0.00954	0.01113	0.00795	0.01272	0.00716	0.00636	0.01352	0.01113	0.01749	0.00954	0.01113	0.00795	0.00398	0.00398	0.00080	0.00398	0.00318	0.00318	0.84417
9	0.00866	0.00755	0.01039	0.01017	0.01035	0.00928	0.00774	0.00969	0.00944	0.01338	0.02041	0.48365	0.02391	0.01379	0.01124	0.00225	0.32825	0.01096	0.00391	0.00498
10	0.00691	0.00554	0.00627	0.00657	0.00813	0.00489	0.00514	0.00855	0.01233	0.01525	0.09780	0.10420	0.52336	0.01388	0.00660	0.00196	0.00318	0.15975	0.00504	0.00464
11	0.01442	0.00687	0.00887	0.00768	0.00948	0.00647	0.00554	0.01549	0.01098	0.32469	0.01836	0.02663	0.01627	0.39406	0.10702	0.00416	0.00601	0.00659	0.00459	0.00583
12	0.01571	0.01765	0.01852	0.10446	0.39110	0.32910	0.01383	0.01821	0.01329	0.01535	0.00931	0.01192	0.00772	0.00515	0.00513	0.00153	0.00780	0.00424	0.00267	0.00731
13	0.01168	0.01012	0.01555	0.01827	0.27999	0.01010	0.07855	0.12629	0.01417	0.01941	0.10898	0.19234	0.07344	0.00899	0.00594	0.00177	0.00512	0.00826	0.00413	0.00689
14	0.01373	0.30243	0.36232	0.01304	0.01888	0.11963	0.03490	0.04907	0.01233	0.01568	0.00887	0.01031	0.00698	0.00502	0.00453	0.00146	0.00734	0.00362	0.00249	0.00737
15	0.00654	0.00467	0.00623	0.00747	0.00779	0.00436	0.00498	0.00747	0.01028	0.01370	0.02959	0.80785	0.03550	0.01682	0.00685	0.00218	0.00311	0.01526	0.00498	0.00436
16	0.00932	0.00466	0.00699	0.00699	0.00699	0.00466	0.00466	0.00699	0.00699	0.00932	0.00932	0.01632	0.00932	0.01865	0.02098	0.84382	0.00466	0.00466	0.00233	0.00233
17	0.01257	0.01782	0.29429	0.07234	0.43553	0.01243	0.01728	0.01683	0.01192	0.04378	0.01028	0.01282	0.00798	0.00500	0.00524	0.00165	0.00692	0.00451	0.00264	0.00817
18	0.01268	0.01092	0.01183	0.04423	0.01441	0.01256	0.00845	0.02623	0.67020	0.02182	0.06796	0.02183	0.03794	0.00759	0.00553	0.00181	0.00423	0.00637	0.00535	0.00808
19	0.02041	0.01504	0.01611	0.01235	0.01665	0.01665	0.01020	0.75997	0.02524	0.03383	0.01289	0.01289	0.00913	0.00644	0.00537	0.00161	0.00591	0.00483	0.00537	0.00913
20	0.84927	0.01038	0.00789	0.00706	0.01038	0.01204	0.00581	0.01578	0.00914	0.02408	0.00747	0.00872	0.00581	0.00498	0.00332	0.00166	0.00415	0.00291	0.00332	0.00581
21	0.01174	0.01174	0.01644	0.01409	0.01409	0.01644	0.01174	0.01292	0.00822	0.01292	0.00705	0.01174	0.00705	0.00940	0.01762	0.00235	0.80153	0.00470	0.00235	0.00587
22	0.00785	0.00576	0.00700	0.00728	0.00772	0.02762	0.00489	0.00859	0.00907	0.01217	0.04366	0.23286	0.02237	0.32506	0.20985	0.04459	0.00695	0.00904	0.00364	0.00403
23	0.01341	0.46729	0.14301	0.01526	0.11574	0.01762	0.12804	0.01644	0.01141	0.01464	0.00866	0.01054	0.00728	0.00468	0.00439	0.00139	0.00667	0.00382	0.00240	0.00731
24	0.01416	0.01577	0.01154	0.01061	0.01195	0.38577	0.00762	0.01495	0.01143	0.01200	0.01167	0.02027	0.01206	0.33410	0.01539	0.00304	0.09441	0.00536	0.00292	0.00497
25	0.00767	0.00575	0.00863	0.00863	0.00959	0.00671	0.00671	0.00959	0.00863	0.01246	0.01438	0.02109	0.01342	0.04026	0.79008	0.00863	0.01438	0.00575	0.00288	0.00479
26	0.03105	0.01164	0.01829	0.17775	0.36684	0.02607	0.02929	0.01610	0.01146	0.08048	0.01051	0.01368	0.00843	0.00592	0.00743	0.00176	0.14630	0.00479	0.02484	0.00737
27	0.01307	0.27717	0.40549	0.01367	0.01990	0.05306	0.07667	0.03509	0.01193	0.03429	0.00933	0.01085	0.00716	0.00498	0.00467	0.00151	0.00728	0.00384	0.00252	0.00752
28	0.21282	0.44511	0.02044	0.00970	0.01362	0.17209	0.00865	0.03786	0.01175	0.01603	0.00778	0.00897	0.00670	0.00492	0.00375	0.00133	0.00616	0.00305	0.00272	0.00656
29	0.00854	0.00614	0.00850	0.00968	0.01094	0.00610	0.00843	0.01096	0.01235	0.01599	0.02965	0.06013	0.06602	0.01477	0.00736	0.00244	0.00484	0.70729	0.00494	0.00492
30	0.00778	0.00529	0.00629	0.00629	0.00644	0.00544	0.00380	0.00809	0.00794	0.01073	0.01651	0.03291	0.01855	0.68954	0.14781	0.00574	0.00665	0.00748	0.00319	0.00350
31	0.01140	0.28736	0.01763	0.08284	0.03984	0.01314	0.03081	0.03929	0.01169	0.01492	0.01663	0.11093	0.01732	0.00939	0.00624	0.00183	0.05385	0.22535	0.00352	0.00603
32	0.00963	0.00905	0.01643	0.01277	0.01568	0.00850	0.28739	0.01326	0.03860	0.01960	0.43021	0.03039	0.06781	0.00856	0.00630	0.00174	0.00504	0.00840	0.00465	0.00597
33	0.01306	0.04978	0.05968	0.06383	0.03096	0.01107	0.01019	0.16786	0.12489	0.05649	0.02017	0.03339	0.01885	0.00971	0.00611	0.00199	0.00542	0.30497	0.00468	0.00693

[dist]
# distance from previous block
# <min> <max>
2	47

[block]
# block no. 10 follows, 45 sequences, length 21
# corresponding to MSA columns:
# 813-833
name=unknown_K
#
# <colnr> <probs for GDERKNQSTAVLIFYWHMCP>
#	G	D	E	R	K	N	Q	S	T	A	V	L	I	F	Y	W	H	M	C	P
0	0.05893	0.14682	0.53770	0.01329	0.01988	0.01368	0.01607	0.04950	0.02905	0.01778	0.04289	0.01228	0.00898	0.00538	0.00482	0.00161	0.00697	0.00407	0.00270	0.00759
1	0.13394	0.04780	0.13760	0.01158	0.04166	0.13255	0.02395	0.07049	0.05164	0.05171	0.05471	0.01586	0.04299	0.00971	0.08826	0.00229	0.00694	0.00475	0.00354	0.06804
2	0.01235	0.30274	0.35901	0.01266	0.01826	0.01519	0.05063	0.01624	0.01147	0.03806	0.06299	0.01278	0.01019	0.00559	0.00536	0.00154	0.05080	0.00418	0.00269	0.00725
3	0.01145	0.03957	0.23328	0.01634	0.02129	0.01164	0.32723	0.01586	0.02960	0.04216	0.05962	0.11948	0.01424	0.00694	0.00619	0.00181	0.02619	0.00688	0.00326	0.00697
4	0.00769	0.00542	0.00705	0.00719	0.00769	0.00568	0.00496	0.00872	0.00905	0.01245	0.07110	0.09487	0.02162	0.39127	0.27544	0.00569	0.00787	0.04862	0.00355	0.00407
5	0.42367	0.01133	0.01689	0.01304	0.01681	0.01187	0.29262	0.01543	0.01037	0.01987	0.00978	0.01327	0.00801	0.05274	0.06120	0.00241	0.00680	0.00469	0.00306	0.00614
6	0.00655	0.00496	0.00606	0.00692	0.00773	0.00447	0.00482	0.00766	0.01095	0.01403	0.03724	0.54938	0.26500	0.01575	0.00671	0.00208	0.00305	0.03723	0.00498	0.00443
7	0.01309	0.01256	0.02144	0.07986	0.73246	0.01270	0.01638	0.01630	0.01213	0.01730	0.01006	0.01335	0.00842	0.00482	0.00532	0.00161	0.00642	0.00478	0.00264	0.00835
8	0.01113	0.00954	0.01113	0.00795	0.01272	0.00716	0.00636	0.01352	0.01113	0.01749	0.00954	0.01113	0.00795	0.00398	0.00398	0.00080	0.00398	0.00318	0.00318	0.84417
9	0.00865	0.00618	0.00865	0.00989	0.01112	0.00618	0.00865	0.01112	0.01236	0.01606	0.02842	0.06055	0.03089	0.01483	0.00741	0.00247	0.00494	0.74174	0.00494	0.00494
10	0.02005	0.02558	0.01521	0.01383	0.01659	0.78980	0.01037	0.02143	0.01521	0.01314	0.00830	0.00968	0.00691	0.00553	0.00484	0.00138	0.00968	0.00346	0.00277	0.00622
