[name]
unknown

[dist]
# distance from previous block
# <min> <max>
0	118

[block]
# block no. 0 follows, 43 sequences, length 51
# corresponding to MSA columns:
# 286-336
name=unknown_A
#
# <colnr> <probs for GDERKNQSTAVLIFYWHMCP>
#	G	D	E	R	K	N	Q	S	T	A	V	L	I	F	Y	W	H	M	C	P
0	0.00892	0.00637	0.00892	0.01020	0.01147	0.00637	0.00892	0.01147	0.01275	0.01657	0.02932	0.06247	0.03187	0.01530	0.00765	0.00255	0.00510	0.73354	0.00510	0.00510
1	0.00942	0.00681	0.00831	0.00751	0.00922	0.00661	0.00575	0.09866	0.01658	0.02323	0.60916	0.03802	0.08885	0.01076	0.00632	0.00172	0.00304	0.00935	0.03497	0.00569
2	0.01378	0.01190	0.01252	0.01127	0.01440	0.01378	0.00877	0.02943	0.76081	0.02317	0.02254	0.02066	0.01691	0.00751	0.00564	0.00188	0.00438	0.00626	0.00564	0.00877
3	0.02416	0.00922	0.01249	0.00963	0.01377	0.00800	0.00794	0.02632	0.01565	0.73877	0.02167	0.01894	0.01373	0.00684	0.00549	0.00169	0.00461	0.00555	0.04632	0.00922
4	0.00791	0.00593	0.00890	0.00890	0.00989	0.00692	0.00692	0.00989	0.00890	0.01286	0.01483	0.02176	0.01385	0.04154	0.78341	0.00890	0.01483	0.00593	0.00297	0.00494
5	0.01550	0.63029	0.02579	0.01015	0.01461	0.05943	0.00955	0.07598	0.08438	0.01575	0.00960	0.01041	0.00823	0.00520	0.00398	0.00130	0.00600	0.00347	0.00296	0.00741
6	0.00813	0.00607	0.00868	0.00864	0.00959	0.00697	0.00656	0.01034	0.03440	0.01296	0.01541	0.02344	0.01470	0.13111	0.66722	0.00824	0.01335	0.00620	0.00310	0.00489
7	0.01148	0.00984	0.01148	0.00820	0.01312	0.00738	0.00656	0.01395	0.01148	0.01805	0.00984	0.01148	0.00820	0.00410	0.00410	0.00082	0.00410	0.00328	0.00328	0.83922
8	0.01933	0.01686	0.10745	0.01342	0.01827	0.01632	0.03753	0.62344	0.02360	0.03185	0.01317	0.01421	0.00958	0.00660	0.00559	0.00170	0.00644	0.02049	0.00505	0.00911
9	0.02485	0.00943	0.01285	0.00985	0.01414	0.00814	0.00814	0.02699	0.01585	0.77465	0.02185	0.01885	0.01371	0.00685	0.00557	0.00171	0.00471	0.00557	0.00685	0.00943
10	0.00940	0.00643	0.00844	0.04194	0.01066	0.00622	0.00650	0.04625	0.01424	0.06396	0.34567	0.21873	0.07924	0.01267	0.00666	0.00197	0.00359	0.10637	0.00555	0.00550
11	0.01227	0.01190	0.01691	0.01430	0.01473	0.01611	0.04355	0.03215	0.00932	0.01452	0.00826	0.01279	0.00780	0.00920	0.01647	0.00231	0.69240	0.00494	0.05392	0.00615
12	0.00791	0.00565	0.00733	0.00691	0.00822	0.00522	0.00518	0.01053	0.01555	0.02216	0.74501	0.04074	0.05110	0.01117	0.00645	0.00173	0.00261	0.00987	0.03143	0.00522
13	0.04324	0.56656	0.09364	0.01026	0.01512	0.01834	0.03103	0.01778	0.01183	0.10339	0.01003	0.01090	0.00812	0.00511	0.00404	0.00134	0.00591	0.00355	0.03243	0.00738
14	0.01035	0.00867	0.01422	0.29894	0.03875	0.00938	0.09814	0.04456	0.01199	0.03887	0.01858	0.30633	0.01896	0.00992	0.00614	0.00195	0.00569	0.00915	0.04344	0.00595
15	0.02485	0.00943	0.01285	0.00985	0.01414	0.00814	0.00814	0.02699	0.01585	0.77465	0.02185	0.01885	0.01371	0.00685	0.00557	0.00171	0.00471	0.00557	0.00685	0.00943
16	0.73804	0.01211	0.05792	0.00805	0.01165	0.03403	0.00704	0.01623	0.00979	0.02368	0.00868	0.03689	0.00717	0.00559	0.00372	0.00173	0.00466	0.00353	0.00340	0.00610
17	0.00722	0.00548	0.00596	0.00600	0.00703	0.00497	0.00402	0.00817	0.01103	0.01389	0.09551	0.08886	0.38947	0.31152	0.01471	0.00320	0.00378	0.01042	0.00455	0.00421
18	0.01473	0.77432	0.02918	0.01008	0.01485	0.02157	0.04158	0.01663	0.01133	0.01323	0.00785	0.00915	0.00716	0.00474	0.00368	0.00121	0.00607	0.00312	0.00239	0.00712
19	0.00732	0.00573	0.00671	0.00689	0.00844	0.00512	0.00537	0.00922	0.01334	0.01707	0.23228	0.08613	0.41719	0.01372	0.00677	0.00198	0.00319	0.14326	0.00538	0.00489
20	0.00777	0.00539	0.00673	0.00717	0.00824	0.00485	0.00508	0.00921	0.01231	0.05207	0.17795	0.44122	0.21170	0.01491	0.00677	0.00204	0.00307	0.01320	0.00541	0.00491
21	0.00675	0.00482	0.00643	0.00771	0.00803	0.00450	0.00514	0.00771	0.01060	0.01414	0.03053	0.80175	0.03663	0.01735	0.00707	0.00225	0.00321	0.01574	0.00514	0.00450
22	0.00804	0.00560	0.00703	0.00668	0.00801	0.00518	0.00501	0.01058	0.01502	0.02158	0.63726	0.03972	0.09238	0.01093	0.00623	0.00170	0.00262	0.00956	0.10168	0.00518
23	0.84448	0.01071	0.00814	0.00728	0.01071	0.01242	0.00600	0.01628	0.00943	0.02485	0.00771	0.00900	0.00600	0.00514	0.00343	0.00171	0.00428	0.00300	0.00343	0.00600
24	0.01481	0.80869	0.02902	0.00948	0.01421	0.02191	0.00948	0.01658	0.01125	0.01303	0.00770	0.00888	0.00711	0.00474	0.00355	0.00118	0.00592	0.00296	0.00237	0.00711
25	0.02105	0.01551	0.01662	0.01274	0.01717	0.01717	0.01053	0.75235	0.02604	0.03490	0.01330	0.01330	0.00942	0.00665	0.00554	0.00166	0.00609	0.00499	0.00554	0.00942
26	0.00843	0.00554	0.00720	0.00720	0.00834	0.00513	0.00524	0.01053	0.01390	0.05289	0.46423	0.26608	0.04332	0.01260	0.00647	0.00186	0.00288	0.01120	0.06177	0.00519
27	0.60729	0.01034	0.00950	0.00803	0.01170	0.01118	0.00662	0.01938	0.01128	0.24183	0.01180	0.01185	0.00823	0.00564	0.00405	0.00171	0.00441	0.00374	0.00442	0.00699
28	0.00892	0.00637	0.00892	0.01020	0.01147	0.00637	0.00892	0.01147	0.01275	0.01657	0.02932	0.06247	0.03187	0.01530	0.00765	0.00255	0.00510	0.73354	0.00510	0.00510
29	0.00854	0.00640	0.00801	0.00748	0.00900	0.00624	0.00565	0.01271	0.10434	0.02232	0.67921	0.03891	0.04805	0.01087	0.00643	0.00176	0.00282	0.00957	0.00604	0.00565
30	0.01161	0.07517	0.67415	0.01484	0.02239	0.01295	0.01875	0.01746	0.01196	0.04037	0.04299	0.01302	0.00918	0.00554	0.00522	0.00172	0.00770	0.00432	0.00264	0.00803
31	0.00707	0.00505	0.00679	0.00808	0.00854	0.00477	0.00570	0.00826	0.01092	0.01450	0.03035	0.69321	0.03593	0.01705	0.00715	0.00229	0.00349	0.12113	0.00513	0.00459
32	0.84448	0.01071	0.00814	0.00728	0.01071	0.01242	0.00600	0.01628	0.00943	0.02485	0.00771	0.00900	0.00600	0.00514	0.00343	0.00171	0.00428	0.00300	0.00343	0.00600
33	0.00868	0.00661	0.00940	0.00970	0.01063	0.00747	0.00789	0.01065	0.01034	0.01423	0.02032	0.05512	0.02122	0.08102	0.34031	0.00543	0.08208	0.29008	0.00382	0.00499
34	0.01510	0.42364	0.20502	0.01146	0.01692	0.01769	0.01207	0.11748	0.03627	0.05381	0.01019	0.01108	0.00805	0.00529	0.00441	0.00142	0.00632	0.00374	0.00314	0.03691
35	0.01464	0.01233	0.01301	0.01145	0.01473	0.01418	0.00898	0.11545	0.67338	0.02456	0.02144	0.01979	0.01602	0.00741	0.00562	0.00185	0.00459	0.00611	0.00562	0.00884
36	0.01378	0.01190	0.01252	0.01127	0.01440	0.01378	0.00877	0.02943	0.76081	0.02317	0.02254	0.02066	0.01691	0.00751	0.00564	0.00188	0.00438	0.00626	0.00564	0.00877
37	0.00955	0.00956	0.01806	0.01426	0.01732	0.00882	0.34058	0.01228	0.01218	0.01595	0.02775	0.27431	0.19331	0.01087	0.00671	0.00199	0.00588	0.01066	0.00409	0.00588
38	0.04049	0.01100	0.01212	0.00971	0.04791	0.05373	0.00727	0.01465	0.01171	0.01801	0.00972	0.01141	0.00809	0.00427	0.00419	0.00092	0.00457	0.00336	0.00324	0.72361
39	0.00777	0.00565	0.00733	0.00708	0.00837	0.00522	0.00534	0.01024	0.01513	0.02117	0.66007	0.07919	0.08852	0.01194	0.00661	0.00181	0.00277	0.04466	0.00595	0.00516
40	0.04287	0.04379	0.06059	0.01163	0.01522	0.05833	0.00966	0.08094	0.56381	0.02282	0.01922	0.01811	0.01444	0.00702	0.00542	0.00180	0.00512	0.00564	0.00507	0.00849
41	0.00736	0.00529	0.00709	0.00822	0.00890	0.00503	0.00607	0.00885	0.01155	0.01531	0.07967	0.53987	0.06098	0.01632	0.00716	0.00228	0.00364	0.19650	0.00519	0.00470
42	0.04254	0.43425	0.31912	0.01237	0.01842	0.01770	0.03721	0.03335	0.01175	0.01584	0.00881	0.01027	0.00713	0.00500	0.00435	0.00146	0.00686	0.00356	0.00248	0.00755
43	0.01407	0.43073	0.16183	0.01386	0.01921	0.01821	0.16638	0.06043	0.01249	0.01612	0.00915	0.01102	0.00750	0.00509	0.00508	0.00150	0.03312	0.00409	0.00264	0.00748
44	0.00911	0.00691	0.00881	0.00958	0.01117	0.00698	0.00814	0.01303	0.10174	0.01710	0.03289	0.05600	0.15041	0.01417	0.00723	0.00236	0.00464	0.52911	0.00517	0.00547
45	0.00661	0.00537	0.00586	0.00626	0.00765	0.00462	0.00450	0.00788	0.01200	0.01471	0.04821	0.28438	0.54259	0.01505	0.00671	0.00199	0.00293	0.01294	0.00514	0.00462
46	0.01092	0.01047	0.01510	0.01323	0.01359	0.01397	0.03495	0.01232	0.00894	0.01350	0.01123	0.10752	0.01172	0.01491	0.12385	0.00329	0.56552	0.00635	0.00284	0.00576
47	0.01163	0.01131	0.01566	0.01353	0.01353	0.01558	0.01107	0.01270	0.00843	0.01302	0.00848	0.01499	0.00880	0.10437	0.01937	0.00277	0.70124	0.00523	0.00253	0.00574
48	0.03163	0.00895	0.00927	0.00813	0.01054	0.00973	0.00639	0.18346	0.16236	0.02446	0.01764	0.01873	0.01347	0.00668	0.00459	0.00150	0.00377	0.00529	0.46656	0.00685
49	0.01257	0.01238	0.02245	0.16524	0.42301	0.01260	0.17106	0.01616	0.01258	0.01745	0.04573	0.01703	0.01120	0.00562	0.00583	0.00176	0.00708	0.02957	0.00294	0.00775
50	0.02266	0.00994	0.01235	0.00968	0.01358	0.03017	0.00792	0.09024	0.01626	0.59740	0.02026	0.01832	0.01320	0.00676	0.00535	0.00165	0.00473	0.00541	0.10530	0.00883

[dist]
# distance from previous block
# <min> <max>
0	20

[block]
# block no. 1 follows, 43 sequences, length 17
# corresponding to MSA columns:
# 357-373
name=unknown_B
#
# <colnr> <probs for GDERKNQSTAVLIFYWHMCP>
#	G	D	E	R	K	N	Q	S	T	A	V	L	I	F	Y	W	H	M	C	P
0	0.06954	0.01118	0.01485	0.41427	0.07424	0.06476	0.01238	0.06599	0.04998	0.03861	0.03173	0.01650	0.02819	0.00921	0.07373	0.00240	0.00741	0.00517	0.00327	0.00661
1	0.01261	0.01038	0.01223	0.06224	0.01507	0.00889	0.00756	0.10988	0.01335	0.02009	0.01065	0.01235	0.00857	0.00463	0.00438	0.00102	0.00452	0.00370	0.04001	0.63789
2	0.00728	0.00517	0.00691	0.00810	0.00860	0.00494	0.00579	0.00850	0.01087	0.01440	0.02939	0.59865	0.03453	0.07080	0.00863	0.00252	0.00375	0.16161	0.00501	0.00454
3	0.00724	0.00556	0.00669	0.00723	0.00833	0.00514	0.00520	0.00928	0.04488	0.01599	0.13755	0.39985	0.26365	0.01499	0.00680	0.00206	0.00314	0.04625	0.00529	0.00487
4	0.00799	0.00572	0.00711	0.00677	0.00825	0.00516	0.00507	0.01025	0.01478	0.04188	0.55495	0.07420	0.21320	0.01205	0.00653	0.00179	0.00274	0.01050	0.00586	0.00519
5	0.45968	0.00990	0.00928	0.00810	0.01135	0.01080	0.00654	0.01921	0.11993	0.15489	0.04614	0.01662	0.05064	0.00656	0.00443	0.00172	0.00414	0.00477	0.04843	0.00685
6	0.01481	0.80869	0.02902	0.00948	0.01421	0.02191	0.00948	0.01658	0.01125	0.01303	0.00770	0.00888	0.00711	0.00474	0.00355	0.00118	0.00592	0.00296	0.00237	0.00711
7	0.00836	0.00597	0.00828	0.00955	0.01058	0.00589	0.00794	0.01050	0.01219	0.01594	0.02963	0.25403	0.03311	0.01583	0.00750	0.00247	0.00461	0.54755	0.00511	0.00494
8	0.01148	0.00984	0.01148	0.00820	0.01312	0.00738	0.00656	0.01395	0.01148	0.01805	0.00984	0.01148	0.00820	0.00410	0.00410	0.00082	0.00410	0.00328	0.00328	0.83922
9	0.00796	0.00533	0.00607	0.00616	0.00618	0.00531	0.00348	0.00803	0.00823	0.01097	0.01835	0.08881	0.02127	0.75125	0.02674	0.00516	0.00522	0.00858	0.00348	0.00343
10	0.80743	0.04635	0.00907	0.00738	0.01087	0.01285	0.00615	0.01629	0.00951	0.02432	0.00771	0.00899	0.00605	0.00512	0.00343	0.00169	0.00436	0.00300	0.00338	0.00605
11	0.01793	0.01396	0.01486	0.01211	0.01598	0.01572	0.00977	0.44196	0.34151	0.02987	0.01727	0.01646	0.01263	0.00702	0.00558	0.00175	0.00536	0.00553	0.00558	0.00914
12	0.00884	0.00561	0.00733	0.00733	0.00839	0.00617	0.00558	0.01094	0.00989	0.01571	0.01620	0.02208	0.01430	0.06769	0.44836	0.00583	0.00969	0.00575	0.31937	0.00495
13	0.01111	0.02865	0.77667	0.01579	0.02397	0.01286	0.02046	0.01754	0.01169	0.01754	0.00994	0.01169	0.00702	0.00526	0.00526	0.00175	0.00818	0.00409	0.00234	0.00818
14	0.32661	0.06501	0.08377	0.00837	0.01136	0.01042	0.00741	0.01439	0.04975	0.02006	0.15327	0.02129	0.05219	0.07681	0.07575	0.00265	0.00543	0.00565	0.00389	0.00591
15	0.07420	0.09737	0.09255	0.03191	0.01648	0.13223	0.01083	0.23201	0.01641	0.09855	0.01204	0.01369	0.00921	0.00650	0.00622	0.00167	0.07937	0.01883	0.04223	0.00769
16	0.01260	0.25601	0.04775	0.08144	0.01614	0.03109	0.00891	0.03098	0.01185	0.01625	0.01127	0.01284	0.04121	0.00501	0.00427	0.00114	0.00525	0.00378	0.00301	0.39919

[dist]
# distance from previous block
# <min> <max>
0	1

[block]
# block no. 2 follows, 43 sequences, length 14
# corresponding to MSA columns:
# 375-388
name=unknown_C
#
# <colnr> <probs for GDERKNQSTAVLIFYWHMCP>
#	G	D	E	R	K	N	Q	S	T	A	V	L	I	F	Y	W	H	M	C	P
0	0.01259	0.14093	0.16401	0.01364	0.07927	0.01286	0.06789	0.12949	0.01298	0.01768	0.01232	0.01779	0.01102	0.15205	0.12878	0.00338	0.00798	0.00529	0.00319	0.00685
1	0.01053	0.05437	0.30690	0.06061	0.02057	0.01110	0.16744	0.01490	0.01268	0.01776	0.16241	0.06775	0.05400	0.00746	0.00588	0.00179	0.00662	0.00682	0.00348	0.00689
2	0.02208	0.00928	0.01198	0.00945	0.01327	0.00849	0.00772	0.05637	0.06227	0.59650	0.02103	0.01896	0.01379	0.00683	0.00535	0.00167	0.00447	0.00553	0.11615	0.00882
3	0.00836	0.00546	0.00709	0.00781	0.00876	0.00501	0.00561	0.00968	0.01167	0.07323	0.06123	0.54398	0.13160	0.01568	0.00692	0.00217	0.00343	0.08203	0.00531	0.00498
4	0.03029	0.01285	0.06442	0.28943	0.24051	0.01351	0.07154	0.02960	0.05670	0.01680	0.01056	0.01415	0.00840	0.00596	0.00721	0.00186	0.11104	0.00503	0.00282	0.00732
5	0.02057	0.02386	0.01554	0.01379	0.01689	0.63232	0.01049	0.10383	0.05116	0.04605	0.01025	0.01119	0.00809	0.00594	0.00511	0.00148	0.00909	0.00393	0.00344	0.00698
6	0.02293	0.00886	0.01184	0.00923	0.01312	0.00775	0.00758	0.02513	0.01529	0.67516	0.02135	0.01909	0.01377	0.00680	0.00535	0.00166	0.00443	0.00552	0.11628	0.00886
7	0.00949	0.00900	0.01610	0.01293	0.01552	0.00895	0.25175	0.01212	0.01140	0.01540	0.07102	0.04640	0.15817	0.06633	0.23533	0.00416	0.03883	0.00782	0.00359	0.00568
8	0.01045	0.00970	0.01618	0.72585	0.05899	0.01193	0.01481	0.01403	0.01118	0.01447	0.01135	0.01595	0.02850	0.00578	0.00552	0.00183	0.00710	0.00511	0.02510	0.00617
9	0.00824	0.00539	0.00674	0.00713	0.00776	0.00513	0.00480	0.00931	0.01089	0.04420	0.13101	0.34211	0.04703	0.26806	0.01361	0.00313	0.00393	0.04375	0.03329	0.00448
10	0.00807	0.00605	0.00763	0.00799	0.00927	0.00583	0.00617	0.01099	0.06295	0.01812	0.27924	0.21601	0.14238	0.01373	0.00686	0.00207	0.00348	0.18247	0.00548	0.00519
11	0.01367	0.01327	0.02312	0.03333	0.72447	0.01321	0.06284	0.01704	0.01264	0.01807	0.01047	0.01378	0.00875	0.00492	0.00555	0.00166	0.00675	0.00503	0.00275	0.00869
12	0.01111	0.02865	0.77667	0.01579	0.02397	0.01286	0.02046	0.01754	0.01169	0.01754	0.00994	0.01169	0.00702	0.00526	0.00526	0.00175	0.00818	0.00409	0.00234	0.00818
13	0.59577	0.01087	0.00976	0.00834	0.01195	0.01210	0.00684	0.06292	0.06923	0.14956	0.01153	0.01178	0.00832	0.00570	0.00408	0.00172	0.00447	0.00379	0.00429	0.00698

[dist]
# distance from previous block
# <min> <max>
0	1

[block]
# block no. 3 follows, 43 sequences, length 7
# corresponding to MSA columns:
# 390,391,401-405
name=unknown_D
#
# <colnr> <probs for GDERKNQSTAVLIFYWHMCP>
#	G	D	E	R	K	N	Q	S	T	A	V	L	I	F	Y	W	H	M	C	P
0	0.01343	0.00718	0.00936	0.00852	0.01071	0.00677	0.00682	0.01647	0.05543	0.23697	0.28428	0.03649	0.03135	0.05199	0.00741	0.00207	0.00395	0.15140	0.05293	0.00650
1	0.01481	0.80869	0.02902	0.00948	0.01421	0.02191	0.00948	0.01658	0.01125	0.01303	0.00770	0.00888	0.00711	0.00474	0.00355	0.00118	0.00592	0.00296	0.00237	0.00711
2	0.13898	0.00806	0.00936	0.00777	0.01083	0.00768	0.00627	0.02029	0.01337	0.39023	0.01841	0.01807	0.01276	0.00646	0.00464	0.00156	0.00387	0.00505	0.30898	0.00737
3	0.00769	0.00566	0.00720	0.00681	0.00818	0.00516	0.00511	0.01017	0.01533	0.02139	0.68734	0.04272	0.13332	0.01163	0.00653	0.00176	0.00263	0.01021	0.00599	0.00516
4	0.01371	0.01316	0.02248	0.03399	0.77081	0.01316	0.01700	0.01700	0.01261	0.01809	0.01042	0.01371	0.00877	0.00493	0.00548	0.00164	0.00658	0.00493	0.00274	0.00877
5	0.00693	0.00533	0.00625	0.00676	0.00785	0.00477	0.00481	0.00823	0.01181	0.01504	0.10118	0.34033	0.34719	0.06518	0.00816	0.00226	0.00321	0.04502	0.00511	0.00459
6	0.01111	0.02865	0.77667	0.01579	0.02397	0.01286	0.02046	0.01754	0.01169	0.01754	0.00994	0.01169	0.00702	0.00526	0.00526	0.00175	0.00818	0.00409	0.00234	0.00818

[dist]
# distance from previous block
# <min> <max>
2	6

[block]
# block no. 4 follows, 43 sequences, length 36
# corresponding to MSA columns:
# 412-447
name=unknown_E
#
# <colnr> <probs for GDERKNQSTAVLIFYWHMCP>
#	G	D	E	R	K	N	Q	S	T	A	V	L	I	F	Y	W	H	M	C	P
0	0.01906	0.01054	0.06429	0.01071	0.01479	0.00852	0.06367	0.02213	0.04251	0.47303	0.05535	0.07245	0.03472	0.00754	0.00567	0.00172	0.00494	0.00648	0.02885	0.05304
1	0.01308	0.08531	0.21113	0.09190	0.28928	0.05295	0.01531	0.01674	0.01206	0.03535	0.01057	0.03380	0.00874	0.00562	0.00572	0.00163	0.03948	0.00467	0.00278	0.06387
2	0.01419	0.01477	0.12061	0.01172	0.01546	0.06468	0.01032	0.07292	0.42044	0.06053	0.02179	0.02086	0.08445	0.00767	0.00605	0.00183	0.03259	0.00611	0.00488	0.00813
3	0.00988	0.00623	0.00739	0.00676	0.00881	0.00541	0.00519	0.01183	0.01422	0.13662	0.30483	0.04364	0.39455	0.01194	0.00639	0.00180	0.00304	0.01013	0.00575	0.00562
4	0.01300	0.01434	0.12932	0.24085	0.35203	0.01271	0.06352	0.01684	0.01219	0.06092	0.01084	0.01406	0.00837	0.00534	0.00579	0.00175	0.02250	0.00495	0.00284	0.00786
5	0.01542	0.01123	0.01555	0.03927	0.23168	0.01200	0.01135	0.02224	0.25545	0.17707	0.01799	0.03910	0.01421	0.00740	0.00665	0.00186	0.06415	0.04436	0.00469	0.00833
6	0.00678	0.00536	0.00611	0.00647	0.00776	0.00469	0.00464	0.00819	0.01236	0.01563	0.13973	0.29527	0.43789	0.01476	0.00671	0.00198	0.00291	0.01279	0.00527	0.00469
7	0.00924	0.00663	0.00823	0.00770	0.00933	0.00649	0.00581	0.01353	0.12064	0.05105	0.56445	0.08912	0.06396	0.01109	0.00640	0.00180	0.00299	0.00974	0.00597	0.00583
8	0.02915	0.43331	0.11545	0.01513	0.09155	0.03232	0.13122	0.04857	0.01236	0.01598	0.00904	0.01094	0.00755	0.00501	0.00481	0.00146	0.02200	0.00400	0.00264	0.00750
9	0.52165	0.01059	0.00884	0.00776	0.01085	0.04302	0.00627	0.08548	0.01199	0.05848	0.01108	0.01232	0.00843	0.00566	0.00388	0.00161	0.00435	0.00378	0.17763	0.00632
10	0.84448	0.01071	0.00814	0.00728	0.01071	0.01242	0.00600	0.01628	0.00943	0.02485	0.00771	0.00900	0.00600	0.00514	0.00343	0.00171	0.00428	0.00300	0.00343	0.00600
11	0.00690	0.00562	0.00610	0.00598	0.00770	0.00483	0.00449	0.00864	0.01346	0.01696	0.25222	0.05001	0.57120	0.01328	0.00654	0.00183	0.00275	0.01123	0.00541	0.00483
12	0.02485	0.00943	0.01285	0.00985	0.01414	0.00814	0.00814	0.02699	0.01585	0.77465	0.02185	0.01885	0.01371	0.00685	0.00557	0.00171	0.00471	0.00557	0.00685	0.00943
13	0.00801	0.00563	0.00725	0.00685	0.00815	0.00522	0.00513	0.01062	0.01540	0.02210	0.71737	0.03997	0.04969	0.01099	0.00635	0.00171	0.00261	0.00969	0.06203	0.00522
14	0.00864	0.00620	0.00858	0.00978	0.01098	0.00613	0.00837	0.01102	0.01263	0.01646	0.04920	0.12782	0.05112	0.01535	0.00754	0.00249	0.00481	0.63270	0.00513	0.00504
15	0.84448	0.01071	0.00814	0.00728	0.01071	0.01242	0.00600	0.01628	0.00943	0.02485	0.00771	0.00900	0.00600	0.00514	0.00343	0.00171	0.00428	0.00300	0.00343	0.00600
16	0.01212	0.01212	0.01696	0.01454	0.01454	0.01696	0.01212	0.01333	0.00848	0.01333	0.00727	0.01212	0.00727	0.00969	0.01818	0.00242	0.79523	0.00485	0.00242	0.00606
17	0.00725	0.00564	0.00659	0.00635	0.00791	0.00498	0.00476	0.00932	0.01429	0.01892	0.44534	0.04678	0.37686	0.01255	0.00654	0.00180	0.00270	0.01077	0.00566	0.00498
18	0.84448	0.01071	0.00814	0.00728	0.01071	0.01242	0.00600	0.01628	0.00943	0.02485	0.00771	0.00900	0.00600	0.00514	0.00343	0.00171	0.00428	0.00300	0.00343	0.00600
19	0.00675	0.00482	0.00643	0.00771	0.00803	0.00450	0.00514	0.00771	0.01060	0.01414	0.03053	0.80175	0.03663	0.01735	0.00707	0.00225	0.00321	0.01574	0.00514	0.00450
20	0.01226	0.01081	0.01361	0.27981	0.02224	0.01278	0.01085	0.02302	0.46298	0.01959	0.01859	0.06006	0.01467	0.00736	0.00568	0.00189	0.00535	0.00630	0.00452	0.00764
21	0.01148	0.00984	0.01148	0.00820	0.01312	0.00738	0.00656	0.01395	0.01148	0.01805	0.00984	0.01148	0.00820	0.00410	0.00410	0.00082	0.00410	0.00328	0.00328	0.83922
22	0.01307	0.01494	0.03268	0.02334	0.02894	0.01401	0.75070	0.01774	0.01307	0.01774	0.01120	0.01494	0.00840	0.00467	0.00654	0.00187	0.00934	0.00654	0.00280	0.00747
23	0.04532	0.01198	0.01485	0.01178	0.01507	0.01315	0.00976	0.24696	0.01705	0.34325	0.01532	0.01524	0.01063	0.00741	0.00849	0.00187	0.19293	0.00514	0.00529	0.00852
24	0.00682	0.00564	0.00609	0.00602	0.00776	0.00490	0.00453	0.00843	0.01280	0.01584	0.15399	0.04949	0.61640	0.01550	0.05889	0.00233	0.00359	0.01106	0.00513	0.00477
25	0.10107	0.01562	0.01558	0.01221	0.01642	0.07342	0.01001	0.59815	0.02326	0.06128	0.01274	0.01285	0.00908	0.00644	0.00530	0.00165	0.00615	0.00471	0.00519	0.00886
26	0.00952	0.00724	0.00938	0.00945	0.06032	0.00713	0.00661	0.06215	0.06602	0.02285	0.61648	0.03624	0.04409	0.01033	0.00634	0.00174	0.00323	0.00909	0.00580	0.00598
27	0.00688	0.00510	0.00645	0.00742	0.00814	0.00467	0.00519	0.00808	0.01130	0.01471	0.05946	0.58256	0.18222	0.01637	0.00698	0.00218	0.00323	0.05927	0.00517	0.00459
28	0.84448	0.01071	0.00814	0.00728	0.01071	0.01242	0.00600	0.01628	0.00943	0.02485	0.00771	0.00900	0.00600	0.00514	0.00343	0.00171	0.00428	0.00300	0.00343	0.00600
29	0.84448	0.01071	0.00814	0.00728	0.01071	0.01242	0.00600	0.01628	0.00943	0.02485	0.00771	0.00900	0.00600	0.00514	0.00343	0.00171	0.00428	0.00300	0.00343	0.00600
30	0.00805	0.00537	0.00604	0.00604	0.00604	0.00537	0.00336	0.00805	0.00805	0.01074	0.01745	0.03624	0.02013	0.80536	0.02819	0.00537	0.00537	0.00805	0.00336	0.00336
31	0.01114	0.01054	0.01784	0.63376	0.19114	0.01248	0.01572	0.01474	0.01140	0.01497	0.00996	0.01454	0.00767	0.00541	0.00553	0.00180	0.00722	0.00492	0.00252	0.00670
32	0.02235	0.00889	0.01195	0.00934	0.01325	0.00769	0.00765	0.02446	0.01560	0.66769	0.07434	0.02292	0.07252	0.00769	0.00571	0.00173	0.00443	0.00632	0.00668	0.00879
33	0.01307	0.01494	0.03268	0.02334	0.02894	0.01401	0.75070	0.01774	0.01307	0.01774	0.01120	0.01494	0.00840	0.00467	0.00654	0.00187	0.00934	0.00654	0.00280	0.00747
34	0.78216	0.01033	0.00809	0.00726	0.01053	0.01189	0.00594	0.01585	0.00989	0.02465	0.06434	0.01141	0.00944	0.00560	0.00366	0.00172	0.00416	0.00352	0.00363	0.00594
35	0.01100	0.06958	0.01793	0.68301	0.08540	0.01308	0.01505	0.01452	0.01119	0.01433	0.00972	0.01426	0.00746	0.00544	0.00539	0.00178	0.00722	0.00478	0.00247	0.00640

[dist]
# distance from previous block
# <min> <max>
0	3

[block]
# block no. 5 follows, 43 sequences, length 113
# corresponding to MSA columns:
# 451-485,489-566
name=unknown_F
#
# <colnr> <probs for GDERKNQSTAVLIFYWHMCP>
#	G	D	E	R	K	N	Q	S	T	A	V	L	I	F	Y	W	H	M	C	P
0	0.01451	0.01300	0.02382	0.16049	0.24369	0.01307	0.28387	0.06603	0.01372	0.09483	0.01195	0.01484	0.00893	0.00525	0.00589	0.00177	0.00751	0.00559	0.00331	0.00794
1	0.02272	0.00895	0.01217	0.00949	0.01340	0.00777	0.00777	0.02492	0.01583	0.68028	0.11542	0.02167	0.01854	0.00742	0.00569	0.00172	0.00445	0.00613	0.00676	0.00890
2	0.02907	0.02888	0.16316	0.42494	0.06781	0.02551	0.01489	0.01468	0.01145	0.01547	0.01243	0.02006	0.01068	0.00814	0.03775	0.00217	0.00747	0.09608	0.00283	0.00652
3	0.04346	0.01464	0.11975	0.06970	0.11727	0.01268	0.26255	0.09879	0.04069	0.04745	0.02933	0.05609	0.01221	0.00655	0.00596	0.00184	0.00717	0.04268	0.00359	0.00761
4	0.00676	0.00531	0.00613	0.00666	0.00785	0.00468	0.00477	0.00809	0.01199	0.01510	0.08714	0.35555	0.41126	0.01524	0.00678	0.00203	0.00302	0.03177	0.00520	0.00465
5	0.00705	0.00548	0.00641	0.00655	0.00792	0.00485	0.00481	0.00878	0.01322	0.01718	0.28210	0.19906	0.37670	0.01383	0.00666	0.00192	0.00286	0.02434	0.00545	0.00483
6	0.01281	0.34660	0.41408	0.01437	0.06199	0.01660	0.02994	0.01712	0.01159	0.01573	0.00907	0.01072	0.00718	0.00502	0.00460	0.00152	0.00719	0.00372	0.00238	0.00776
7	0.01414	0.64821	0.14653	0.01113	0.01645	0.02011	0.04675	0.01679	0.01141	0.01396	0.00822	0.00962	0.00716	0.00482	0.00396	0.00131	0.00644	0.00331	0.00239	0.00729
8	0.02467	0.00972	0.01303	0.00999	0.01428	0.00857	0.00825	0.06178	0.01634	0.73917	0.02144	0.01858	0.01350	0.00684	0.00557	0.00171	0.00478	0.00554	0.00679	0.00942
9	0.00763	0.00669	0.03987	0.06109	0.05634	0.00592	0.00721	0.00918	0.01090	0.01459	0.02776	0.63513	0.05091	0.01520	0.00680	0.00216	0.00392	0.02897	0.00471	0.00503
10	0.02062	0.00962	0.03160	0.14820	0.01806	0.00875	0.00946	0.02318	0.01455	0.55356	0.01937	0.01913	0.01290	0.00676	0.00550	0.00173	0.00514	0.02310	0.06035	0.00843
11	0.00715	0.00516	0.00677	0.00738	0.00811	0.00478	0.00515	0.00875	0.01257	0.01720	0.30892	0.49573	0.06171	0.01499	0.00685	0.00205	0.00298	0.01348	0.00550	0.00478
12	0.01277	0.01702	0.14550	0.02220	0.02819	0.01383	0.63997	0.01771	0.01286	0.01771	0.01101	0.01445	0.00819	0.00476	0.00634	0.00185	0.00916	0.00617	0.00273	0.00758
13	0.01396	0.24622	0.32347	0.01727	0.16722	0.04225	0.02963	0.01795	0.01219	0.06657	0.01016	0.01177	0.00786	0.00516	0.00485	0.00156	0.00708	0.00406	0.00275	0.00800
14	0.02439	0.00953	0.01284	0.00991	0.01415	0.00837	0.00817	0.02709	0.04660	0.74364	0.02188	0.01893	0.01384	0.00688	0.00557	0.00172	0.00470	0.00560	0.00680	0.00940
15	0.84448	0.01071	0.00814	0.00728	0.01071	0.01242	0.00600	0.01628	0.00943	0.02485	0.00771	0.00900	0.00600	0.00514	0.00343	0.00171	0.00428	0.00300	0.00343	0.00600
16	0.02047	0.00814	0.01054	0.00844	0.01182	0.00724	0.00685	0.02275	0.01457	0.54745	0.02071	0.01939	0.01386	0.00673	0.00506	0.00159	0.00407	0.00545	0.25673	0.00814
17	0.00805	0.00537	0.00604	0.00604	0.00604	0.00537	0.00336	0.00805	0.00805	0.01074	0.01745	0.03624	0.02013	0.80536	0.02819	0.00537	0.00537	0.00805	0.00336	0.00336
18	0.09198	0.01078	0.01310	0.01016	0.01433	0.01044	0.00838	0.18766	0.01748	0.52762	0.01866	0.01684	0.01212	0.00666	0.00534	0.00169	0.00493	0.00521	0.02757	0.00903
19	0.00748	0.00548	0.00678	0.00675	0.00783	0.00504	0.00481	0.00930	0.01341	0.01829	0.43901	0.16503	0.16255	0.11232	0.00934	0.00230	0.00309	0.01096	0.00544	0.00478
20	0.00784	0.00566	0.00740	0.00697	0.00827	0.00523	0.00523	0.01045	0.01568	0.02221	0.76789	0.04137	0.05226	0.01132	0.00653	0.00174	0.00261	0.01002	0.00610	0.00523
21	0.00694	0.00520	0.00644	0.00704	0.00795	0.00470	0.00493	0.00837	0.01221	0.01612	0.19937	0.45308	0.21701	0.01522	0.00682	0.00205	0.00298	0.01350	0.00535	0.00470
22	0.01111	0.02865	0.77667	0.01579	0.02397	0.01286	0.02046	0.01754	0.01169	0.01754	0.00994	0.01169	0.00702	0.00526	0.00526	0.00175	0.00818	0.00409	0.00234	0.00818
23	0.01032	0.00516	0.00516	0.00516	0.00645	0.00516	0.00387	0.01290	0.01161	0.02065	0.01807	0.02065	0.01420	0.00645	0.00387	0.00129	0.00258	0.00516	0.83611	0.00516
24	0.00769	0.00566	0.00720	0.00681	0.00818	0.00516	0.00511	0.01016	0.01532	0.02137	0.68582	0.04275	0.13485	0.01163	0.00653	0.00176	0.00264	0.01021	0.00599	0.00516
25	0.01148	0.00984	0.01148	0.00820	0.01312	0.00738	0.00656	0.01395	0.01148	0.01805	0.00984	0.01148	0.00820	0.00410	0.00410	0.00082	0.00410	0.00328	0.00328	0.83922
26	0.06116	0.03339	0.12896	0.01183	0.01674	0.01344	0.01090	0.34469	0.03358	0.23049	0.01472	0.01430	0.01009	0.00628	0.00529	0.00165	0.00581	0.00481	0.00514	0.04672
27	0.01401	0.01141	0.01089	0.00902	0.01236	0.14425	0.00702	0.01644	0.03345	0.14263	0.14078	0.02413	0.13744	0.00767	0.00532	0.00142	0.00481	0.00621	0.00461	0.26612
28	0.00779	0.00562	0.00736	0.00700	0.00826	0.00519	0.00522	0.01033	0.01545	0.02184	0.73437	0.07594	0.05155	0.01160	0.00656	0.00176	0.00264	0.01028	0.00605	0.00519
29	0.24642	0.00989	0.01165	0.00922	0.01327	0.00948	0.00761	0.03849	0.01432	0.55721	0.01786	0.01608	0.01154	0.00639	0.00499	0.00171	0.00462	0.00486	0.00590	0.00850
30	0.01381	0.04648	0.08543	0.14680	0.37531	0.02962	0.04140	0.01797	0.05733	0.08018	0.01329	0.01609	0.02864	0.00577	0.00550	0.00171	0.00659	0.01679	0.00326	0.00803
31	0.01955	0.00928	0.01317	0.01035	0.01396	0.00852	0.06067	0.02199	0.02855	0.51465	0.06109	0.02437	0.12614	0.00815	0.00656	0.00179	0.05030	0.00672	0.00600	0.00818
32	0.00723	0.00549	0.00666	0.00667	0.00798	0.00492	0.00489	0.00916	0.01380	0.01845	0.40882	0.18110	0.27817	0.01326	0.00663	0.00187	0.00278	0.01157	0.00562	0.00492
33	0.01501	0.01186	0.01274	0.01122	0.01451	0.01347	0.00880	0.06210	0.66661	0.08503	0.02206	0.02018	0.01630	0.00742	0.00563	0.00186	0.00449	0.00615	0.00573	0.00885
34	0.01319	0.16305	0.38522	0.06848	0.14550	0.04906	0.03501	0.01765	0.01211	0.04697	0.01006	0.01202	0.00766	0.00520	0.00504	0.00163	0.00743	0.00418	0.00264	0.00791
35	0.01578	0.00910	0.01093	0.02652	0.01286	0.00899	0.00754	0.11118	0.12940	0.27229	0.02886	0.12938	0.16798	0.01001	0.00604	0.00187	0.00433	0.03365	0.00578	0.00751
36	0.00693	0.00498	0.00657	0.00754	0.00806	0.00462	0.00513	0.00817	0.01149	0.01550	0.15400	0.65852	0.05535	0.01627	0.00697	0.00216	0.00310	0.01470	0.00530	0.00462
37	0.01258	0.16745	0.30443	0.05160	0.09620	0.01523	0.04180	0.01817	0.10814	0.01680	0.01090	0.01284	0.00859	0.00597	0.00669	0.00174	0.10583	0.00447	0.00284	0.00773
38	0.00662	0.00561	0.00571	0.00569	0.00752	0.00471	0.00426	0.00809	0.01279	0.01537	0.09588	0.05263	0.72854	0.01388	0.00654	0.00186	0.00279	0.01160	0.00520	0.00471
39	0.01172	0.00984	0.01151	0.00823	0.01314	0.00740	0.00659	0.01418	0.01156	0.03164	0.01006	0.01162	0.00830	0.00415	0.00413	0.00084	0.00411	0.00332	0.00335	0.82431
40	0.01338	0.01124	0.01205	0.01076	0.01371	0.01278	0.00837	0.07000	0.61238	0.02374	0.12651	0.02313	0.02142	0.00800	0.00576	0.00185	0.00424	0.00671	0.00569	0.00831
41	0.00655	0.00561	0.00561	0.00561	0.00748	0.00468	0.00421	0.00795	0.01262	0.01496	0.05610	0.05330	0.76857	0.01403	0.00655	0.00187	0.00281	0.01169	0.00514	0.00468
42	0.84448	0.01071	0.00814	0.00728	0.01071	0.01242	0.00600	0.01628	0.00943	0.02485	0.00771	0.00900	0.00600	0.00514	0.00343	0.00171	0.00428	0.00300	0.00343	0.00600
43	0.00655	0.00561	0.00561	0.00561	0.00748	0.00468	0.00421	0.00795	0.01262	0.01496	0.05610	0.05330	0.76857	0.01403	0.00655	0.00187	0.00281	0.01169	0.00514	0.00468
44	0.84448	0.01071	0.00814	0.00728	0.01071	0.01242	0.00600	0.01628	0.00943	0.02485	0.00771	0.00900	0.00600	0.00514	0.00343	0.00171	0.00428	0.00300	0.00343	0.00600
45	0.02459	0.00985	0.01311	0.01005	0.01435	0.00876	0.00830	0.07705	0.01655	0.72360	0.02126	0.01847	0.01341	0.00684	0.00557	0.00171	0.00481	0.00553	0.00676	0.00942
46	0.84448	0.01071	0.00814	0.00728	0.01071	0.01242	0.00600	0.01628	0.00943	0.02485	0.00771	0.00900	0.00600	0.00514	0.00343	0.00171	0.00428	0.00300	0.00343	0.00600
47	0.12178	0.01129	0.01335	0.00995	0.01457	0.02951	0.06116	0.09142	0.01332	0.08745	0.01105	0.01221	0.00852	0.00482	0.00449	0.00119	0.00491	0.00387	0.00380	0.49134
48	0.17656	0.04344	0.15490	0.01265	0.01528	0.02770	0.02796	0.01483	0.00973	0.01671	0.00884	0.01224	0.00765	0.00946	0.05838	0.00244	0.35701	0.00437	0.03345	0.00641
49	0.01285	0.01033	0.01089	0.00991	0.01261	0.01174	0.00767	0.02541	0.58391	0.02264	0.05557	0.02160	0.01800	0.00748	0.00534	0.00176	0.00396	0.00622	0.16419	0.00792
50	0.01897	0.19298	0.01865	0.01160	0.01584	0.04626	0.00988	0.51399	0.02144	0.02831	0.01216	0.01264	0.00911	0.00617	0.00497	0.00152	0.00598	0.00449	0.05650	0.00852
51	0.84448	0.01071	0.00814	0.00728	0.01071	0.01242	0.00600	0.01628	0.00943	0.02485	0.00771	0.00900	0.00600	0.00514	0.00343	0.00171	0.00428	0.00300	0.00343	0.00600
52	0.01307	0.01494	0.03268	0.02334	0.02894	0.01401	0.75070	0.01774	0.01307	0.01774	0.01120	0.01494	0.00840	0.00467	0.00654	0.00187	0.00934	0.00654	0.00280	0.00747
53	0.00784	0.00566	0.00740	0.00697	0.00827	0.00523	0.00523	0.01045	0.01568	0.02221	0.76789	0.04137	0.05226	0.01132	0.00653	0.00174	0.00261	0.01002	0.00610	0.00523
54	0.00675	0.00482	0.00643	0.00771	0.00803	0.00450	0.00514	0.00771	0.01060	0.01414	0.03053	0.80175	0.03663	0.01735	0.00707	0.00225	0.00321	0.01574	0.00514	0.00450
55	0.00784	0.00566	0.00740	0.00697	0.00827	0.00523	0.00523	0.01045	0.01568	0.02221	0.76789	0.04137	0.05226	0.01132	0.00653	0.00174	0.00261	0.01002	0.00610	0.00523
56	0.00799	0.00564	0.00742	0.00742	0.00789	0.00612	0.00507	0.00894	0.00846	0.01176	0.01619	0.02927	0.01711	0.43762	0.39179	0.00707	0.00993	0.00703	0.00317	0.00412
57	0.01212	0.01212	0.01696	0.01454	0.01454	0.01696	0.01212	0.01333	0.00848	0.01333	0.00727	0.01212	0.00727	0.00969	0.01818	0.00242	0.79523	0.00485	0.00242	0.00606
58	0.01481	0.80869	0.02902	0.00948	0.01421	0.02191	0.00948	0.01658	0.01125	0.01303	0.00770	0.00888	0.00711	0.00474	0.00355	0.00118	0.00592	0.00296	0.00237	0.00711
59	0.00792	0.00565	0.00770	0.00887	0.00969	0.00550	0.00697	0.00970	0.01175	0.01550	0.05389	0.37700	0.03414	0.04601	0.00814	0.00250	0.00422	0.37498	0.00508	0.00478
60	0.00689	0.00492	0.00659	0.00787	0.00826	0.00462	0.00539	0.00796	0.01074	0.01430	0.03045	0.75323	0.03632	0.01722	0.00711	0.00227	0.00334	0.06285	0.00514	0.00454
61	0.84448	0.01071	0.00814	0.00728	0.01071	0.01242	0.00600	0.01628	0.00943	0.02485	0.00771	0.00900	0.00600	0.00514	0.00343	0.00171	0.00428	0.00300	0.00343	0.00600
62	0.00974	0.00659	0.00895	0.00983	0.01119	0.00654	0.00826	0.04137	0.01303	0.05133	0.02856	0.19498	0.03102	0.01495	0.00736	0.00242	0.00477	0.53854	0.00520	0.00536
63	0.00811	0.00615	0.00766	0.00849	0.00944	0.00619	0.00614	0.01157	0.12764	0.01588	0.03016	0.55681	0.06249	0.01543	0.00690	0.00221	0.00362	0.10465	0.00521	0.00525
64	0.01614	0.11487	0.02479	0.01690	0.02158	0.04713	0.32623	0.25159	0.05691	0.02256	0.01179	0.01366	0.00893	0.00568	0.00616	0.00172	0.03620	0.00540	0.00376	0.00802
65	0.01212	0.01212	0.01696	0.01454	0.01454	0.01696	0.01212	0.01333	0.00848	0.01333	0.00727	0.01212	0.00727	0.00969	0.01818	0.00242	0.79523	0.00485	0.00242	0.00606
66	0.01134	0.00968	0.01138	0.00823	0.01299	0.00736	0.00658	0.01378	0.01138	0.01783	0.01005	0.01191	0.00844	0.00565	0.03626	0.00115	0.00454	0.00339	0.00327	0.80479
67	0.01144	0.01120	0.01564	0.01368	0.01372	0.01540	0.01124	0.01262	0.00875	0.01343	0.01019	0.11115	0.01095	0.01065	0.01678	0.00240	0.69589	0.00621	0.00276	0.00586
68	0.01232	0.01225	0.01766	0.01698	0.10939	0.01649	0.01273	0.01379	0.00900	0.01393	0.00766	0.01232	0.00746	0.00910	0.01658	0.00233	0.69631	0.00486	0.00246	0.00640
69	0.01749	0.01510	0.21154	0.04872	0.03756	0.01018	0.08853	0.02114	0.01365	0.35374	0.01536	0.01537	0.01034	0.00577	0.00540	0.00163	0.00617	0.00496	0.00453	0.11281
70	0.01396	0.01520	0.11245	0.08875	0.14762	0.01298	0.40777	0.01826	0.01296	0.09682	0.01193	0.01476	0.00877	0.00508	0.00603	0.00180	0.00811	0.00576	0.00313	0.00785
71	0.01006	0.00782	0.00938	0.00856	0.00903	0.00905	0.00597	0.05507	0.05862	0.01354	0.01541	0.02880	0.01659	0.53874	0.02326	0.00430	0.17063	0.00708	0.00344	0.00464
72	0.00864	0.00651	0.00827	0.00761	0.00944	0.00596	0.00589	0.01177	0.04562	0.02119	0.57206	0.03877	0.04334	0.01064	0.00630	0.00171	0.00311	0.07759	0.00563	0.10996
73	0.01236	0.00982	0.01157	0.00831	0.01319	0.00743	0.00667	0.01480	0.01177	0.06770	0.01063	0.01197	0.00856	0.00428	0.00420	0.00088	0.00414	0.00343	0.00352	0.78476
74	0.02725	0.01336	0.01980	0.10312	0.50307	0.04442	0.01488	0.13548	0.01462	0.02018	0.01154	0.04605	0.00978	0.00582	0.00551	0.00168	0.00654	0.00530	0.00328	0.00830
75	0.00805	0.00537	0.00604	0.00604	0.00604	0.00537	0.00336	0.00805	0.00805	0.01074	0.01745	0.03624	0.02013	0.80536	0.02819	0.00537	0.00537	0.00805	0.00336	0.00336
76	0.01032	0.00516	0.00516	0.00516	0.00645	0.00516	0.00387	0.01290	0.01161	0.02065	0.01807	0.02065	0.01420	0.00645	0.00387	0.00129	0.00258	0.00516	0.83611	0.00516
77	0.01364	0.01309	0.02237	0.04873	0.75657	0.01314	0.01697	0.01694	0.01258	0.01802	0.01041	0.01373	0.00875	0.00495	0.00548	0.00165	0.00660	0.00493	0.00274	0.00872
78	0.01224	0.01232	0.02155	0.27367	0.17919	0.04081	0.23421	0.03456	0.01277	0.01696	0.04618	0.04851	0.01183	0.00617	0.00596	0.00182	0.00743	0.02375	0.00305	0.00704
79	0.00792	0.00591	0.00877	0.00877	0.00971	0.00685	0.00676	0.00981	0.00886	0.01276	0.01495	0.02242	0.01413	0.07626	0.74908	0.00874	0.01440	0.00603	0.00298	0.00487
80	0.07386	0.00950	0.01257	0.00970	0.01393	0.00840	0.00801	0.02635	0.01547	0.72982	0.02100	0.01826	0.01325	0.00675	0.00544	0.00171	0.00469	0.00542	0.00665	0.00922
81	0.01621	0.39491	0.05462	0.02924	0.03642	0.15106	0.08816	0.07874	0.04457	0.04383	0.01000	0.01128	0.00813	0.00529	0.00460	0.00143	0.00703	0.00397	0.00307	0.00743
82	0.00772	0.00565	0.00727	0.00708	0.00838	0.00520	0.00535	0.01012	0.01493	0.02074	0.61581	0.08854	0.11498	0.01216	0.00663	0.00183	0.00281	0.05377	0.00589	0.00513
83	0.74168	0.01055	0.00873	0.00761	0.01114	0.01189	0.00627	0.01762	0.01023	0.11889	0.00948	0.01023	0.00697	0.00536	0.00370	0.00171	0.00434	0.00332	0.00386	0.00643
84	0.01305	0.07470	0.35991	0.01646	0.09438	0.04215	0.03509	0.09143	0.01285	0.01810	0.01064	0.03061	0.00880	0.00661	0.00753	0.00183	0.14231	0.02295	0.00288	0.00769
85	0.01307	0.05896	0.07986	0.16057	0.08501	0.01148	0.09621	0.04393	0.06258	0.10615	0.13663	0.02228	0.03419	0.00731	0.00605	0.00179	0.02162	0.04100	0.00411	0.00719
86	0.00931	0.00645	0.00716	0.00668	0.00882	0.00568	0.00518	0.04043	0.01389	0.09670	0.13907	0.04690	0.54187	0.01268	0.00644	0.00185	0.00320	0.03680	0.00546	0.00545
87	0.01198	0.01204	0.01812	0.37451	0.04560	0.06803	0.12036	0.03251	0.03119	0.01571	0.04629	0.01688	0.04057	0.00676	0.00778	0.00190	0.13477	0.00559	0.00297	0.00645
88	0.01217	0.05261	0.17611	0.04581	0.14263	0.07164	0.13685	0.03187	0.05485	0.01755	0.06205	0.02152	0.13617	0.00708	0.00573	0.00173	0.00666	0.00631	0.00346	0.00721
89	0.81470	0.01066	0.00831	0.00738	0.01084	0.01227	0.00608	0.01667	0.00966	0.05210	0.00823	0.00935	0.00628	0.00520	0.00351	0.00171	0.00430	0.00309	0.00355	0.00612
90	0.00674	0.00485	0.00639	0.00763	0.00801	0.00451	0.00510	0.00772	0.01068	0.01417	0.03156	0.77155	0.06616	0.01722	0.00705	0.00223	0.00320	0.01558	0.00514	0.00451
91	0.01246	0.05798	0.40471	0.01549	0.09922	0.04415	0.03076	0.03225	0.01298	0.06825	0.10698	0.06211	0.01514	0.00681	0.00551	0.00173	0.00674	0.00570	0.00342	0.00763
92	0.01769	0.08558	0.14640	0.06255	0.03222	0.21077	0.11164	0.07728	0.01480	0.17033	0.01224	0.01325	0.00883	0.00569	0.00532	0.00163	0.00767	0.00462	0.00371	0.00778
93	0.00799	0.00564	0.00741	0.00741	0.00789	0.00611	0.00507	0.00893	0.00846	0.01175	0.01620	0.02930	0.01712	0.43904	0.39039	0.00706	0.00991	0.00704	0.00317	0.00412
94	0.01313	0.01333	0.01900	0.37090	0.34827	0.10935	0.01548	0.01636	0.01231	0.01576	0.00993	0.01371	0.00794	0.00530	0.00545	0.00171	0.00737	0.00476	0.00263	0.00730
95	0.01453	0.18924	0.16639	0.09685	0.15082	0.01473	0.07524	0.03198	0.01236	0.11509	0.01103	0.01301	0.00843	0.00567	0.00616	0.00168	0.07132	0.00455	0.00312	0.00779
96	0.01388	0.61247	0.21709	0.01106	0.01667	0.01964	0.01224	0.01682	0.01136	0.01416	0.00826	0.00959	0.00708	0.00487	0.00398	0.00133	0.00649	0.00325	0.00236	0.00738
97	0.00784	0.00566	0.00740	0.00697	0.00827	0.00523	0.00523	0.01045	0.01568	0.02221	0.76789	0.04137	0.05226	0.01132	0.00653	0.00174	0.00261	0.01002	0.00610	0.00523
98	0.01140	0.02447	0.58907	0.01844	0.15059	0.01273	0.01891	0.01691	0.01177	0.01738	0.01179	0.01373	0.03805	0.00572	0.00582	0.00176	0.03630	0.00457	0.00252	0.00807
99	0.08681	0.03835	0.16061	0.01269	0.01721	0.15241	0.01174	0.23964	0.03025	0.13810	0.01236	0.01285	0.00889	0.00625	0.00582	0.00168	0.04754	0.00445	0.00423	0.00812
100	0.46046	0.01296	0.06541	0.11431	0.07622	0.03794	0.03754	0.05766	0.01150	0.04622	0.00927	0.01120	0.00707	0.00544	0.00473	0.00174	0.02637	0.00387	0.00333	0.00676
101	0.01318	0.03972	0.01525	0.32734	0.04207	0.04942	0.03805	0.06526	0.09204	0.08866	0.15393	0.02016	0.01752	0.00695	0.00567	0.00176	0.00597	0.00600	0.00412	0.00693
102	0.00805	0.00537	0.00604	0.00604	0.00604	0.00537	0.00336	0.00805	0.00805	0.01074	0.01745	0.03624	0.02013	0.80536	0.02819	0.00537	0.00537	0.00805	0.00336	0.00336
103	0.01277	0.01061	0.01218	0.00881	0.01367	0.00870	0.00710	0.11328	0.01344	0.02031	0.01031	0.01173	0.00837	0.00444	0.00430	0.00093	0.00437	0.00351	0.00359	0.72758
104	0.16706	0.06374	0.01595	0.01190	0.01597	0.10655	0.03680	0.38878	0.04651	0.07674	0.01222	0.01256	0.00891	0.00612	0.00502	0.00163	0.00619	0.00448	0.00464	0.00822
105	0.01249	0.14174	0.46914	0.01515	0.06981	0.01348	0.03315	0.01758	0.02769	0.05143	0.01126	0.01407	0.00879	0.00561	0.00510	0.00164	0.00716	0.03420	0.00283	0.05768
106	0.03341	0.10795	0.35394	0.01397	0.04672	0.01269	0.05092	0.03822	0.04624	0.19117	0.02712	0.03057	0.01059	0.00602	0.00526	0.00170	0.00663	0.00490	0.00379	0.00821
107	0.00970	0.00859	0.00934	0.00908	0.01002	0.10426	0.00671	0.01110	0.00953	0.01244	0.01441	0.02350	0.01431	0.22447	0.47103	0.00685	0.04072	0.00612	0.00303	0.00478
108	0.02030	0.01323	0.01425	0.01120	0.01511	0.04151	0.00915	0.46094	0.04097	0.18824	0.01577	0.01546	0.01104	0.00666	0.00532	0.00162	0.00546	0.00511	0.10989	0.00876
109	0.01316	0.00979	0.01166	0.00841	0.01325	0.00748	0.00676	0.01558	0.01203	0.11294	0.01135	0.01241	0.00889	0.00445	0.00429	0.00093	0.00418	0.00357	0.00373	0.73514
110	0.00791	0.00593	0.00890	0.00890	0.00989	0.00692	0.00692	0.00989	0.00890	0.01286	0.01483	0.02176	0.01385	0.04154	0.78341	0.00890	0.01483	0.00593	0.00297	0.00494
