[name]
unknown

[dist]
# distance from previous block
# <min> <max>
35	122

[block]
# block no. 0 follows, 33 sequences, length 18
# corresponding to MSA columns:
# 480-497
name=unknown_A
#
# <colnr> <probs for GDERKNQSTAVLIFYWHMCP>
#	G	D	E	R	K	N	Q	S	T	A	V	L	I	F	Y	W	H	M	C	P
0	0.06251	0.25240	0.25410	0.01396	0.03290	0.04480	0.01438	0.03391	0.01389	0.01913	0.01638	0.18133	0.01632	0.00934	0.00598	0.00199	0.00728	0.00751	0.00374	0.00816
1	0.03554	0.15844	0.25240	0.01437	0.02040	0.01728	0.01488	0.12022	0.17435	0.02509	0.08766	0.01947	0.01685	0.00771	0.00613	0.00198	0.00708	0.00603	0.00469	0.00944
2	0.01615	0.34106	0.25580	0.02034	0.18042	0.02008	0.01749	0.04346	0.01450	0.01944	0.01095	0.01309	0.00895	0.00596	0.00547	0.00177	0.00808	0.00456	0.00303	0.00940
3	0.02014	0.33899	0.20743	0.01352	0.01997	0.04546	0.01421	0.02378	0.01527	0.22113	0.01466	0.01484	0.01066	0.00655	0.00549	0.00177	0.00750	0.00477	0.00435	0.00953
4	0.26156	0.10264	0.19569	0.01173	0.01694	0.01374	0.01199	0.01951	0.01458	0.09653	0.17220	0.02133	0.02087	0.00795	0.00573	0.00199	0.00609	0.00607	0.00473	0.00814
5	0.00978	0.00668	0.00810	0.00839	0.00888	0.00663	0.00569	0.01076	0.01168	0.01561	0.09006	0.05066	0.03066	0.52897	0.02560	0.00522	0.00600	0.16118	0.00476	0.00466
6	0.01300	0.02459	0.43337	0.02166	0.18204	0.01373	0.01994	0.01871	0.01391	0.02014	0.01770	0.02031	0.07702	0.01153	0.08136	0.00293	0.00950	0.00616	0.00328	0.00910
7	0.01527	0.46427	0.09067	0.17829	0.02365	0.02066	0.01352	0.01848	0.01387	0.01729	0.07720	0.01606	0.01356	0.00664	0.00527	0.00171	0.00730	0.00495	0.00325	0.00810
8	0.01413	0.09360	0.09708	0.02085	0.02655	0.01513	0.41260	0.01898	0.01586	0.02169	0.17248	0.02372	0.02139	0.00740	0.00727	0.00209	0.00876	0.00799	0.00411	0.00832
9	0.63564	0.01305	0.01085	0.00972	0.01372	0.01513	0.00787	0.02286	0.16951	0.02909	0.01313	0.01381	0.01004	0.00674	0.00466	0.00208	0.00512	0.00444	0.00466	0.00787
10	0.02176	0.01584	0.01967	0.01989	0.17788	0.01680	0.01332	0.41740	0.02436	0.09944	0.01808	0.09269	0.01479	0.00876	0.00676	0.00205	0.00687	0.00728	0.00594	0.01043
11	0.10262	0.10242	0.01931	0.01365	0.01849	0.01957	0.01135	0.40732	0.18082	0.03419	0.01685	0.01666	0.01247	0.00769	0.00609	0.00198	0.00655	0.00575	0.00593	0.01030
12	0.02204	0.12360	0.02074	0.01421	0.01918	0.02030	0.01187	0.45839	0.18235	0.03470	0.01734	0.01704	0.01281	0.00781	0.00628	0.00195	0.00676	0.00593	0.00608	0.01063
13	0.01516	0.38748	0.23414	0.18008	0.02665	0.02036	0.01663	0.01939	0.01348	0.01734	0.01050	0.01310	0.00849	0.00603	0.00534	0.00178	0.00821	0.00443	0.00283	0.00856
14	0.01513	0.33560	0.26609	0.18056	0.02727	0.03703	0.01727	0.01960	0.01363	0.01760	0.01064	0.01329	0.00849	0.00608	0.00548	0.00182	0.00845	0.00451	0.00284	0.00860
15	0.01888	0.26219	0.22608	0.01483	0.02140	0.05781	0.01529	0.23375	0.01928	0.02535	0.01212	0.01332	0.00932	0.00655	0.00565	0.00177	0.00803	0.00470	0.00405	0.03961
16	0.04071	0.11314	0.21553	0.01574	0.02181	0.06287	0.02900	0.29954	0.04725	0.02871	0.02708	0.01524	0.01101	0.00730	0.00673	0.00197	0.03651	0.00539	0.00465	0.00982
17	0.09150	0.27838	0.16885	0.01634	0.02253	0.01899	0.16882	0.07137	0.01519	0.02143	0.03076	0.04364	0.01162	0.00674	0.00584	0.00189	0.00809	0.00574	0.00357	0.00870

[dist]
# distance from previous block
# <min> <max>
7	81

[block]
# block no. 1 follows, 33 sequences, length 23
# corresponding to MSA columns:
# 658-680
name=unknown_B
#
# <colnr> <probs for GDERKNQSTAVLIFYWHMCP>
#	G	D	E	R	K	N	Q	S	T	A	V	L	I	F	Y	W	H	M	C	P
0	0.01707	0.15638	0.08449	0.07816	0.07706	0.03743	0.04902	0.03789	0.01556	0.13837	0.06320	0.05201	0.01654	0.00780	0.00598	0.00187	0.00657	0.00651	0.13961	0.00848
1	0.08792	0.01196	0.04890	0.13989	0.07743	0.01171	0.04877	0.01895	0.01446	0.14287	0.02107	0.03505	0.01930	0.06012	0.00953	0.00267	0.03947	0.19718	0.00493	0.00783
2	0.01652	0.09522	0.02226	0.39107	0.06998	0.01486	0.07745	0.02032	0.01451	0.14123	0.01407	0.01732	0.01030	0.00650	0.00632	0.00199	0.00794	0.00577	0.00394	0.06243
3	0.11331	0.04296	0.16231	0.01835	0.14153	0.01388	0.02563	0.09555	0.01672	0.13913	0.02981	0.02622	0.01605	0.00875	0.00659	0.00218	0.00711	0.11979	0.00494	0.00920
4	0.01833	0.25718	0.02239	0.01452	0.08128	0.03620	0.01120	0.05568	0.18085	0.09914	0.01621	0.01648	0.01258	0.00671	0.00554	0.00168	0.00628	0.00519	0.00473	0.14782
5	0.33079	0.01323	0.01420	0.13924	0.02035	0.01496	0.01054	0.18147	0.04736	0.07497	0.01549	0.08266	0.01283	0.00818	0.00577	0.00212	0.00616	0.00626	0.00503	0.00837
6	0.02144	0.01439	0.01834	0.05156	0.14151	0.01504	0.01260	0.27075	0.08533	0.18655	0.09539	0.02185	0.01843	0.00824	0.00672	0.00203	0.00642	0.00685	0.00627	0.01027
7	0.09742	0.00990	0.07425	0.00977	0.01176	0.00834	0.00781	0.01369	0.06044	0.02020	0.14377	0.31928	0.03455	0.14501	0.01185	0.00306	0.00491	0.01232	0.00545	0.00619
8	0.01695	0.13731	0.15826	0.15399	0.09290	0.01670	0.06335	0.07652	0.01581	0.10227	0.04414	0.01723	0.01224	0.00714	0.00726	0.00203	0.05703	0.00578	0.00402	0.00906
9	0.15159	0.01330	0.07583	0.02922	0.01430	0.08890	0.00895	0.01644	0.01564	0.07005	0.19804	0.06262	0.20781	0.01137	0.00671	0.00209	0.00540	0.00924	0.00549	0.00701
10	0.02014	0.14246	0.01942	0.01290	0.01705	0.01270	0.08474	0.05801	0.01655	0.30941	0.02383	0.21176	0.02105	0.01065	0.00679	0.00211	0.00607	0.00931	0.00609	0.00896
11	0.01908	0.01856	0.14159	0.08232	0.03726	0.01679	0.01451	0.28568	0.18629	0.06242	0.01873	0.02107	0.01420	0.00825	0.00669	0.00213	0.00721	0.04153	0.00560	0.01012
12	0.01463	0.14263	0.02091	0.09019	0.02045	0.01436	0.10784	0.01739	0.01389	0.08761	0.02069	0.15760	0.02064	0.01156	0.00923	0.00237	0.11366	0.12227	0.00456	0.00754
13	0.00903	0.00677	0.00850	0.00927	0.01043	0.00648	0.00672	0.01194	0.06158	0.01959	0.15820	0.43507	0.13037	0.01786	0.00817	0.00252	0.00395	0.08128	0.00634	0.00593
14	0.01320	0.01264	0.01818	0.14288	0.02088	0.01685	0.01369	0.01544	0.01206	0.01779	0.12981	0.02081	0.01768	0.01100	0.01667	0.00263	0.50031	0.00681	0.00362	0.00705
15	0.01448	0.00873	0.01108	0.01019	0.01282	0.00857	0.00810	0.01893	0.09971	0.17664	0.17824	0.04172	0.15040	0.01890	0.13144	0.00365	0.00673	0.08563	0.00642	0.00762
16	0.15132	0.51684	0.15129	0.01212	0.01820	0.02229	0.01282	0.01985	0.01310	0.01878	0.00961	0.01116	0.00821	0.00582	0.00455	0.00163	0.00718	0.00376	0.00302	0.00845
17	0.15568	0.46370	0.02783	0.01611	0.13624	0.07060	0.01216	0.02018	0.01363	0.01897	0.00977	0.01164	0.00856	0.00583	0.00470	0.00163	0.00716	0.00397	0.00315	0.00850
18	0.00840	0.00602	0.00811	0.00923	0.00972	0.00594	0.00629	0.00965	0.01198	0.01618	0.03165	0.57145	0.03709	0.09329	0.13755	0.00438	0.00644	0.01587	0.00547	0.00532
19	0.02435	0.01646	0.01816	0.01426	0.01924	0.01788	0.01167	0.47614	0.14432	0.15849	0.01942	0.01842	0.01358	0.00812	0.00661	0.00203	0.00662	0.00630	0.00687	0.01107
20	0.02357	0.01772	0.01894	0.01485	0.01986	0.01973	0.01216	0.59254	0.14641	0.03914	0.01766	0.01728	0.01270	0.00808	0.00660	0.00202	0.00690	0.00618	0.00660	0.01106
21	0.01814	0.51774	0.14999	0.01320	0.01946	0.02326	0.01368	0.13844	0.01650	0.02089	0.01075	0.01203	0.00890	0.00613	0.00497	0.00162	0.00753	0.00416	0.00346	0.00914
22	0.01706	0.64475	0.03208	0.01228	0.01696	0.02506	0.01179	0.01906	0.01282	0.01555	0.00907	0.01121	0.00848	0.00663	0.00715	0.00166	0.13343	0.00390	0.00283	0.00824

[dist]
# distance from previous block
# <min> <max>
1	22

[block]
# block no. 2 follows, 33 sequences, length 18
# corresponding to MSA columns:
# 704-721
name=unknown_C
#
# <colnr> <probs for GDERKNQSTAVLIFYWHMCP>
#	G	D	E	R	K	N	Q	S	T	A	V	L	I	F	Y	W	H	M	C	P
0	0.01513	0.32442	0.41384	0.01716	0.06774	0.01956	0.01891	0.02036	0.01376	0.01877	0.01080	0.01273	0.00851	0.00598	0.00547	0.00181	0.00855	0.00440	0.00282	0.00927
1	0.00943	0.00697	0.01016	0.01016	0.01119	0.00800	0.00770	0.01149	0.01046	0.01497	0.01802	0.02799	0.01738	0.13844	0.65475	0.01006	0.01624	0.00737	0.00358	0.00564
2	0.01681	0.63912	0.16101	0.01262	0.01899	0.02410	0.01362	0.01992	0.01347	0.01646	0.00963	0.01116	0.00843	0.00574	0.00459	0.00153	0.00753	0.00376	0.00281	0.00868
3	0.01440	0.01440	0.02016	0.01728	0.01728	0.02016	0.01440	0.01584	0.01008	0.01584	0.00864	0.01440	0.00864	0.01152	0.02160	0.00288	0.75659	0.00576	0.00288	0.00720
4	0.00800	0.00674	0.00698	0.00710	0.00926	0.00572	0.00544	0.00978	0.01502	0.01793	0.06419	0.06421	0.67102	0.01679	0.00788	0.00229	0.00355	0.06639	0.00611	0.00560
5	0.81514	0.01273	0.00968	0.00866	0.01273	0.01477	0.00713	0.01935	0.01120	0.02954	0.00917	0.01069	0.00713	0.00611	0.00407	0.00204	0.00509	0.00356	0.00407	0.00713
6	0.00940	0.00705	0.01058	0.01058	0.01176	0.00823	0.00823	0.01176	0.01058	0.01528	0.01763	0.02586	0.01646	0.04937	0.74255	0.01058	0.01763	0.00705	0.00353	0.00588
7	0.01963	0.37013	0.02524	0.01347	0.01807	0.21952	0.01155	0.05936	0.16550	0.01954	0.01353	0.01417	0.01108	0.00677	0.00534	0.00169	0.00798	0.00468	0.00399	0.00878
8	0.01135	0.00832	0.01118	0.04472	0.06483	0.00816	0.00824	0.01551	0.07611	0.06053	0.41489	0.14351	0.08049	0.01311	0.00756	0.00217	0.00413	0.01160	0.00654	0.00703
9	0.01889	0.26039	0.16340	0.01640	0.04316	0.06522	0.06878	0.13771	0.01717	0.07407	0.01248	0.01407	0.00967	0.00684	0.00696	0.00189	0.06464	0.00503	0.00394	0.00931
10	0.81514	0.01273	0.00968	0.00866	0.01273	0.01477	0.00713	0.01935	0.01120	0.02954	0.00917	0.01069	0.00713	0.00611	0.00407	0.00204	0.00509	0.00356	0.00407	0.00713
11	0.05198	0.01965	0.14311	0.11800	0.28536	0.07054	0.12966	0.04418	0.03542	0.02156	0.01257	0.01593	0.00982	0.00620	0.00654	0.00204	0.00887	0.00583	0.00341	0.00934
12	0.01596	0.01531	0.02613	0.10105	0.66950	0.01556	0.02004	0.01992	0.01483	0.02111	0.01233	0.01640	0.01029	0.00593	0.00652	0.00198	0.00790	0.00586	0.00323	0.01016
13	0.00872	0.00700	0.00786	0.00794	0.00984	0.00633	0.00596	0.01158	0.05183	0.02008	0.19778	0.14555	0.42966	0.01616	0.00786	0.00229	0.00358	0.04765	0.00638	0.00595
14	0.00964	0.00717	0.00930	0.01023	0.01187	0.00683	0.00855	0.01225	0.01534	0.01975	0.11191	0.10414	0.21140	0.01746	0.00860	0.00272	0.00497	0.41578	0.00620	0.00592
15	0.01527	0.01460	0.02487	0.22955	0.54644	0.01537	0.01969	0.01931	0.01451	0.02026	0.01220	0.01663	0.00999	0.00606	0.00653	0.00202	0.00807	0.00586	0.00317	0.00960
16	0.17451	0.01619	0.02092	0.05137	0.10336	0.01725	0.10996	0.32268	0.02122	0.03162	0.01333	0.01509	0.00995	0.00674	0.00615	0.00197	0.00736	0.00559	0.00492	0.05983
17	0.02165	0.02297	0.07125	0.07627	0.10210	0.33237	0.01419	0.06657	0.09377	0.11351	0.01487	0.01595	0.01116	0.00710	0.00629	0.00191	0.00920	0.00535	0.00447	0.00906

[dist]
# distance from previous block
# <min> <max>
1	8

[block]
# block no. 3 follows, 33 sequences, length 7
# corresponding to MSA columns:
# 730-736
name=unknown_D
#
# <colnr> <probs for GDERKNQSTAVLIFYWHMCP>
#	G	D	E	R	K	N	Q	S	T	A	V	L	I	F	Y	W	H	M	C	P
0	0.35392	0.01674	0.12511	0.01346	0.01852	0.01500	0.06729	0.13090	0.04370	0.04831	0.01511	0.02076	0.01251	0.00793	0.00586	0.00217	0.00676	0.08280	0.00467	0.00845
1	0.12827	0.62094	0.03007	0.01126	0.01654	0.06955	0.01078	0.02008	0.01341	0.01747	0.00922	0.01066	0.00827	0.00577	0.00431	0.00151	0.00708	0.00357	0.00303	0.00821
2	0.33441	0.01442	0.09428	0.05668	0.01632	0.04894	0.01021	0.01696	0.01353	0.02375	0.11726	0.02523	0.12506	0.00926	0.00706	0.00214	0.06613	0.00680	0.00447	0.00710
3	0.00850	0.00650	0.00716	0.00724	0.00856	0.00585	0.00495	0.00980	0.01361	0.01722	0.12592	0.12268	0.37956	0.23575	0.01533	0.00346	0.00424	0.01287	0.00562	0.00516
4	0.01740	0.65670	0.03331	0.01573	0.12571	0.02446	0.01263	0.01979	0.01362	0.01641	0.00965	0.01144	0.00875	0.00567	0.00458	0.00149	0.00716	0.00388	0.00288	0.00875
5	0.01989	0.09777	0.12207	0.02214	0.19492	0.14583	0.05845	0.12730	0.01818	0.09129	0.01406	0.01670	0.01096	0.00689	0.00631	0.00193	0.00858	0.02288	0.00423	0.00962
6	0.01790	0.00840	0.01128	0.01011	0.01268	0.00767	0.00762	0.01977	0.01528	0.33250	0.07806	0.24314	0.02843	0.10284	0.06954	0.00341	0.00596	0.01090	0.00664	0.00788

[dist]
# distance from previous block
# <min> <max>
0	3

[block]
# block no. 4 follows, 33 sequences, length 6
# corresponding to MSA columns:
# 740-745
name=unknown_E
#
# <colnr> <probs for GDERKNQSTAVLIFYWHMCP>
#	G	D	E	R	K	N	Q	S	T	A	V	L	I	F	Y	W	H	M	C	P
0	0.00789	0.00623	0.00712	0.00784	0.00920	0.00546	0.00552	0.00932	0.01388	0.01733	0.05248	0.39093	0.40650	0.01852	0.00807	0.00243	0.00356	0.01615	0.00611	0.00546
1	0.02611	0.01474	0.01848	0.01650	0.10147	0.01485	0.01209	0.31122	0.02344	0.36134	0.02015	0.01894	0.01349	0.00778	0.00659	0.00200	0.00655	0.00624	0.00693	0.01111
2	0.02315	0.01540	0.01768	0.08953	0.09734	0.10667	0.01241	0.08278	0.13890	0.31606	0.02039	0.01976	0.01416	0.00769	0.00653	0.00203	0.00702	0.00624	0.00612	0.01014
3	0.01633	0.01268	0.01898	0.08745	0.24642	0.01383	0.01413	0.07481	0.01530	0.11183	0.01866	0.17193	0.01765	0.01042	0.00953	0.00230	0.13579	0.00861	0.00466	0.00870
4	0.01905	0.61891	0.03121	0.01245	0.01761	0.17454	0.01157	0.02108	0.01447	0.01562	0.00936	0.01083	0.00845	0.00587	0.00458	0.00147	0.00804	0.00367	0.00294	0.00828
5	0.01824	0.52675	0.03092	0.01780	0.15900	0.11573	0.01323	0.02065	0.01437	0.01677	0.00993	0.01187	0.00885	0.00583	0.00490	0.00155	0.00781	0.00408	0.00298	0.00874

[dist]
# distance from previous block
# <min> <max>
0	3

[block]
# block no. 5 follows, 33 sequences, length 54
# corresponding to MSA columns:
# 757-805,812-816
name=unknown_F
#
# <colnr> <probs for GDERKNQSTAVLIFYWHMCP>
#	G	D	E	R	K	N	Q	S	T	A	V	L	I	F	Y	W	H	M	C	P
0	0.01183	0.01349	0.11186	0.01577	0.10155	0.06163	0.01219	0.01504	0.01214	0.01686	0.01568	0.02209	0.01406	0.03522	0.50103	0.00775	0.01496	0.00641	0.00338	0.00708
1	0.07969	0.16480	0.04637	0.30094	0.08575	0.04268	0.01480	0.07291	0.01541	0.09860	0.01289	0.01560	0.00970	0.00657	0.00588	0.00195	0.00774	0.00521	0.00389	0.00860
2	0.01175	0.00987	0.01581	0.50841	0.03301	0.01183	0.01383	0.01431	0.01185	0.01531	0.01340	0.02278	0.01204	0.15483	0.01435	0.11297	0.00790	0.00655	0.00312	0.00607
3	0.01588	0.01362	0.01446	0.01304	0.01661	0.01566	0.01012	0.03340	0.66674	0.02746	0.07576	0.02629	0.02305	0.00925	0.00677	0.00222	0.00506	0.00776	0.00674	0.01012
4	0.00888	0.00667	0.00798	0.00768	0.00927	0.00603	0.00561	0.01122	0.01657	0.02233	0.44970	0.05283	0.25909	0.09495	0.01051	0.00258	0.00352	0.01226	0.00656	0.00578
5	0.00976	0.00757	0.01125	0.01105	0.01214	0.00907	0.00866	0.01204	0.01055	0.01532	0.01700	0.02506	0.01591	0.04672	0.69193	0.01004	0.06952	0.00696	0.00348	0.00597
6	0.01760	0.77260	0.03450	0.01126	0.01690	0.02605	0.01126	0.01971	0.01338	0.01549	0.00915	0.01056	0.00845	0.00563	0.00422	0.00141	0.00704	0.00352	0.00282	0.00845
7	0.02556	0.01454	0.11326	0.01269	0.01818	0.01099	0.01164	0.07862	0.01904	0.53485	0.07231	0.02264	0.01805	0.00824	0.00665	0.00204	0.00611	0.00670	0.00724	0.01065
8	0.01081	0.00887	0.01383	0.01742	0.18517	0.00936	0.01061	0.01335	0.01252	0.01775	0.06178	0.16643	0.02289	0.03116	0.37948	0.00647	0.01174	0.00929	0.00418	0.00690
9	0.02304	0.03174	0.11630	0.01721	0.02146	0.64305	0.01430	0.02555	0.01801	0.01676	0.01040	0.01215	0.00846	0.00671	0.00598	0.00175	0.01158	0.00433	0.00331	0.00792
10	0.16554	0.57658	0.02851	0.01082	0.01612	0.02277	0.01039	0.02055	0.01338	0.07069	0.01039	0.01145	0.00878	0.00591	0.00437	0.00157	0.00658	0.00376	0.00344	0.00841
11	0.01403	0.01364	0.02407	0.44182	0.26797	0.01517	0.09198	0.01839	0.01402	0.01881	0.01210	0.01716	0.00945	0.00624	0.00669	0.00212	0.00871	0.00606	0.00308	0.00850
12	0.01682	0.02144	0.23168	0.02825	0.35642	0.01665	0.01970	0.14133	0.01720	0.02451	0.01260	0.01540	0.00985	0.00667	0.00735	0.00205	0.05263	0.00558	0.00368	0.01017
13	0.00848	0.00670	0.00764	0.00741	0.00932	0.00586	0.00555	0.01081	0.01666	0.02172	0.36673	0.05688	0.42240	0.01521	0.00777	0.00215	0.00323	0.01299	0.00663	0.00586
14	0.01249	0.00924	0.01170	0.01051	0.01245	0.00992	0.00820	0.01770	0.12575	0.07447	0.45270	0.03908	0.06159	0.01220	0.00941	0.00221	0.10639	0.01005	0.00660	0.00734
15	0.00805	0.00601	0.00750	0.00854	0.00942	0.00545	0.00587	0.00945	0.01355	0.01767	0.08894	0.55862	0.19846	0.01926	0.00822	0.00253	0.00366	0.01717	0.00619	0.00545
16	0.01979	0.01584	0.01681	0.01409	0.01842	0.01797	0.01125	0.30008	0.44502	0.03305	0.02245	0.02110	0.01658	0.00852	0.00665	0.00213	0.00601	0.00684	0.00665	0.01073
17	0.01620	0.46045	0.06389	0.01195	0.01775	0.02005	0.03368	0.02008	0.06286	0.01833	0.01132	0.01275	0.00965	0.00570	0.00479	0.00142	0.00662	0.00410	0.00338	0.21503
18	0.01243	0.01170	0.01975	0.75282	0.04534	0.01463	0.01828	0.01682	0.01316	0.01682	0.01170	0.01755	0.00878	0.00658	0.00658	0.00219	0.00878	0.00585	0.00293	0.00731
19	0.01531	0.26772	0.35274	0.01818	0.02584	0.03256	0.16028	0.02063	0.01416	0.01909	0.01124	0.01359	0.00872	0.00592	0.00591	0.00189	0.00919	0.00502	0.00292	0.00910
20	0.00871	0.00654	0.00821	0.00922	0.01049	0.00605	0.00703	0.01059	0.01421	0.01822	0.06910	0.34611	0.24065	0.01855	0.00839	0.00262	0.00427	0.19926	0.00614	0.00563
21	0.01263	0.03113	0.65693	0.01747	0.02640	0.01425	0.02226	0.01963	0.01402	0.02052	0.01766	0.01917	0.08473	0.00737	0.00642	0.00210	0.00905	0.00583	0.00314	0.00928
22	0.00835	0.00668	0.00752	0.00777	0.00961	0.00585	0.00590	0.01033	0.01533	0.01922	0.16229	0.13632	0.47669	0.01675	0.00798	0.00233	0.00364	0.08546	0.00628	0.00569
23	0.01010	0.00715	0.00759	0.00721	0.00974	0.00600	0.00550	0.01186	0.01541	0.09394	0.06235	0.05899	0.64935	0.01576	0.00766	0.00220	0.00358	0.01312	0.00633	0.00616
24	0.01296	0.01224	0.02070	0.65564	0.13840	0.01476	0.01854	0.01728	0.01341	0.01746	0.01179	0.01738	0.00900	0.00648	0.00657	0.00216	0.00865	0.00585	0.00297	0.00774
25	0.01409	0.01438	0.01960	0.65244	0.04193	0.11387	0.01752	0.01811	0.01391	0.01672	0.01149	0.01678	0.00874	0.00661	0.00649	0.00213	0.00920	0.00563	0.00299	0.00736
26	0.00873	0.00691	0.00803	0.00862	0.01050	0.00621	0.00692	0.01081	0.01491	0.01836	0.05440	0.10847	0.45809	0.01741	0.00825	0.00252	0.00426	0.23482	0.00610	0.00571
27	0.01476	0.01640	0.03509	0.02621	0.05631	0.01541	0.60508	0.01979	0.01521	0.02065	0.01573	0.09730	0.01358	0.00717	0.00779	0.00226	0.01021	0.00887	0.00362	0.00856
28	0.02559	0.01785	0.09384	0.01545	0.06123	0.11233	0.01275	0.14106	0.02007	0.40204	0.01982	0.01861	0.01319	0.00758	0.00648	0.00198	0.00730	0.00595	0.00638	0.01051
29	0.70592	0.01296	0.01111	0.00983	0.01335	0.01550	0.00812	0.01887	0.01105	0.02767	0.00910	0.01120	0.00734	0.00685	0.00647	0.00215	0.10760	0.00386	0.00391	0.00714
30	0.02579	0.01174	0.01711	0.11586	0.09647	0.01099	0.01197	0.02873	0.01766	0.55880	0.02258	0.02109	0.01464	0.00769	0.00660	0.00205	0.00627	0.00643	0.00691	0.01059
31	0.00952	0.00660	0.00830	0.00830	0.00868	0.00699	0.00538	0.01029	0.00990	0.01359	0.01972	0.03743	0.02148	0.53270	0.26610	0.00776	0.01007	0.00875	0.00384	0.00461
32	0.02730	0.01127	0.01505	0.01144	0.01664	0.00955	0.00941	0.02990	0.01811	0.63217	0.02396	0.02118	0.01538	0.00769	0.00637	0.00189	0.00550	0.00624	0.00755	0.12340
33	0.01411	0.01918	0.19377	0.01764	0.02001	0.01898	0.01681	0.01706	0.01101	0.01706	0.00941	0.01428	0.00857	0.01024	0.01787	0.00269	0.57509	0.00554	0.00286	0.00782
34	0.01385	0.01235	0.01634	0.01167	0.01761	0.00962	0.08199	0.01706	0.01385	0.02141	0.01187	0.01409	0.00978	0.00495	0.00518	0.00111	0.00554	0.00431	0.00384	0.72359
35	0.20809	0.02887	0.55838	0.01631	0.02466	0.01516	0.02014	0.02048	0.01324	0.02296	0.01117	0.01312	0.00805	0.00622	0.00572	0.00207	0.00860	0.00455	0.00309	0.00910
36	0.01042	0.00792	0.00999	0.00947	0.00963	0.00912	0.00645	0.01100	0.00980	0.01366	0.01813	0.03555	0.02015	0.53376	0.12807	0.00632	0.14344	0.00854	0.00373	0.00483
37	0.01772	0.26386	0.28539	0.01647	0.02306	0.21036	0.05723	0.02194	0.01509	0.01793	0.01064	0.01255	0.00851	0.00616	0.00562	0.00178	0.00953	0.00445	0.00298	0.00872
38	0.13831	0.11637	0.04966	0.01132	0.01664	0.01280	0.00999	0.02640	0.01622	0.42533	0.01910	0.01779	0.01285	0.00708	0.00573	0.00184	0.00584	0.00539	0.00614	0.09522
39	0.01426	0.01978	0.19002	0.01516	0.01860	0.15303	0.01426	0.01759	0.01283	0.01691	0.01295	0.01793	0.01136	0.02300	0.27519	0.00524	0.16556	0.00572	0.00319	0.00742
40	0.01611	0.01225	0.01517	0.01131	0.01682	0.01028	0.04006	0.02125	0.11015	0.11181	0.01563	0.01643	0.01200	0.00587	0.00548	0.00134	0.00530	0.00490	0.00479	0.56306
41	0.01595	0.48938	0.25899	0.01359	0.02056	0.02156	0.01527	0.01989	0.01356	0.01757	0.01016	0.01182	0.00849	0.00579	0.00492	0.00160	0.00778	0.00398	0.00287	0.05627
42	0.00959	0.00751	0.01187	0.01141	0.01281	0.00835	0.04914	0.01197	0.01114	0.01583	0.01982	0.12212	0.01962	0.04301	0.60285	0.00905	0.01544	0.00862	0.00385	0.00599
43	0.00894	0.00668	0.00830	0.00796	0.00962	0.00604	0.00595	0.01166	0.01763	0.02419	0.55695	0.07759	0.20540	0.01441	0.00779	0.00213	0.00318	0.01258	0.00696	0.00604
44	0.01664	0.59822	0.09856	0.01177	0.01783	0.02266	0.01204	0.01939	0.01346	0.01681	0.00975	0.01130	0.00862	0.00559	0.00451	0.00141	0.00700	0.00370	0.00296	0.11775
45	0.00975	0.00752	0.00964	0.00943	0.01096	0.00800	0.00709	0.01334	0.07734	0.01823	0.13130	0.03784	0.15365	0.11110	0.35739	0.00659	0.01055	0.00932	0.00489	0.00608
46	0.00956	0.00661	0.00832	0.00831	0.00877	0.00698	0.00546	0.01049	0.01028	0.01427	0.04280	0.03729	0.02260	0.49379	0.26398	0.00752	0.00989	0.00876	0.01961	0.00472
47	0.02224	0.01639	0.01757	0.01406	0.01871	0.01820	0.01142	0.47351	0.20224	0.05961	0.01925	0.01875	0.01394	0.00816	0.00650	0.00202	0.00643	0.00634	0.05397	0.01070
48	0.21647	0.06121	0.01796	0.01324	0.01805	0.01881	0.01105	0.43993	0.02378	0.07186	0.01408	0.01455	0.01022	0.00747	0.00635	0.00199	0.03214	0.00524	0.00571	0.00991
49	0.01531	0.09362	0.44516	0.01836	0.05856	0.13503	0.04567	0.02082	0.01483	0.01944	0.01525	0.01701	0.05885	0.00697	0.00621	0.00197	0.00936	0.00544	0.00316	0.00898
50	0.01753	0.01595	0.07764	0.03154	0.49968	0.01413	0.01774	0.02171	0.02752	0.11859	0.02963	0.01761	0.01229	0.00635	0.00643	0.00191	0.00731	0.00591	0.00408	0.06645
51	0.01509	0.01748	0.13128	0.01428	0.01814	0.13242	0.03628	0.11093	0.01756	0.02199	0.02685	0.07627	0.09059	0.01249	0.00756	0.00239	0.00758	0.24812	0.00507	0.00763
52	0.00857	0.00800	0.04234	0.00781	0.01016	0.00625	0.00635	0.01103	0.01621	0.02092	0.29236	0.05606	0.46034	0.01506	0.00770	0.00216	0.00356	0.01277	0.00635	0.00598
53	0.01388	0.01187	0.01537	0.01359	0.01452	0.01480	0.01075	0.11273	0.01392	0.01979	0.05068	0.12536	0.01987	0.13813	0.01853	0.00327	0.36015	0.03154	0.00436	0.00690

[dist]
# distance from previous block
# <min> <max>
1	3

[block]
# block no. 6 follows, 33 sequences, length 39
# corresponding to MSA columns:
# 820-846,857-868
name=unknown_G
#
# <colnr> <probs for GDERKNQSTAVLIFYWHMCP>
#	G	D	E	R	K	N	Q	S	T	A	V	L	I	F	Y	W	H	M	C	P
0	0.33827	0.01404	0.04857	0.01112	0.01568	0.01401	0.00948	0.13288	0.08437	0.12440	0.07659	0.01814	0.01529	0.00750	0.00556	0.00198	0.00556	0.00554	0.00548	0.06553
1	0.17885	0.13300	0.01924	0.01439	0.01837	0.44560	0.01140	0.07214	0.01731	0.02046	0.01023	0.01173	0.00840	0.00657	0.00537	0.00174	0.00952	0.00412	0.00367	0.00790
2	0.05674	0.34228	0.03870	0.20307	0.02446	0.01926	0.01284	0.07914	0.01516	0.07017	0.01184	0.01399	0.00937	0.00623	0.00529	0.00171	0.00718	0.00461	0.00370	0.07424
3	0.01330	0.05189	0.08356	0.01606	0.02105	0.01267	0.21745	0.01871	0.08223	0.02112	0.08403	0.05295	0.06172	0.01143	0.06714	0.00262	0.00804	0.00767	0.00435	0.16202
4	0.01402	0.03102	0.63759	0.01764	0.02682	0.01446	0.02219	0.02101	0.01411	0.05487	0.01248	0.01428	0.00884	0.00623	0.00615	0.00199	0.00911	0.00486	0.00313	0.07919
5	0.01365	0.01170	0.01365	0.00975	0.01560	0.00878	0.00780	0.01658	0.01365	0.02145	0.01170	0.01365	0.00975	0.00488	0.00488	0.00098	0.00488	0.00390	0.00390	0.80888
6	0.01629	0.01564	0.02672	0.04041	0.72757	0.01564	0.02020	0.02020	0.01499	0.02151	0.01238	0.01629	0.01043	0.00587	0.00652	0.00196	0.00782	0.00587	0.00326	0.01043
7	0.02170	0.01506	0.01901	0.25335	0.02788	0.01676	0.01391	0.37082	0.02318	0.14818	0.01617	0.01747	0.01126	0.00752	0.00659	0.00206	0.00747	0.00602	0.00566	0.00994
8	0.01468	0.01464	0.01965	0.56444	0.03868	0.10367	0.01700	0.05078	0.01441	0.01783	0.01145	0.01651	0.00884	0.00710	0.00781	0.00218	0.07401	0.00565	0.00315	0.00753
9	0.00957	0.00638	0.00718	0.00718	0.00718	0.00638	0.00399	0.00957	0.00957	0.01276	0.02074	0.04308	0.02393	0.76864	0.03351	0.00638	0.00638	0.00957	0.00399	0.00399
10	0.01095	0.00992	0.01646	0.01380	0.01660	0.00945	0.18654	0.01526	0.07608	0.02113	0.18851	0.25330	0.12727	0.01358	0.00786	0.00232	0.00560	0.01274	0.00570	0.00692
11	0.06254	0.01218	0.01379	0.01002	0.01572	0.00985	0.00805	0.05891	0.01456	0.02316	0.01180	0.01361	0.00968	0.00514	0.00493	0.00110	0.00503	0.00400	0.00408	0.71185
12	0.02503	0.01844	0.01976	0.01515	0.02042	0.02042	0.01251	0.70562	0.03095	0.04149	0.01581	0.01581	0.01120	0.00790	0.00659	0.00198	0.00724	0.00593	0.00659	0.01120
13	0.01622	0.01585	0.02789	0.03919	0.66068	0.01574	0.08616	0.02029	0.01504	0.02147	0.01247	0.01643	0.01039	0.00584	0.00664	0.00198	0.00814	0.00605	0.00327	0.01028
14	0.08072	0.00652	0.00857	0.00848	0.00904	0.00670	0.00581	0.00984	0.00940	0.01373	0.01570	0.02406	0.05530	0.08387	0.06728	0.57530	0.00630	0.00642	0.00329	0.00367
15	0.01320	0.03405	0.73453	0.01876	0.02849	0.01529	0.02432	0.02085	0.01390	0.02085	0.01181	0.01390	0.00834	0.00625	0.00625	0.00208	0.00973	0.00486	0.00278	0.00973
16	0.01580	0.01202	0.01953	0.35779	0.21457	0.01308	0.01615	0.01947	0.01462	0.13392	0.01707	0.07374	0.01433	0.00822	0.00682	0.00218	0.00753	0.04035	0.00424	0.00855
17	0.01050	0.00829	0.01295	0.07695	0.01704	0.00836	0.06700	0.01337	0.01435	0.01882	0.03145	0.24295	0.03453	0.01677	0.00859	0.00280	0.00613	0.39735	0.00558	0.00622
18	0.01551	0.01482	0.02540	0.03290	0.48432	0.01486	0.11180	0.02081	0.07592	0.02175	0.01649	0.02425	0.01454	0.00758	0.00702	0.00215	0.00783	0.08846	0.00391	0.00969
19	0.00900	0.00672	0.00836	0.00795	0.00964	0.00608	0.00596	0.01182	0.01789	0.02464	0.58985	0.05207	0.19746	0.01411	0.00777	0.00210	0.00315	0.01231	0.00702	0.00608
20	0.01265	0.08446	0.01498	0.13163	0.01885	0.07490	0.01088	0.01624	0.06390	0.01838	0.04998	0.20222	0.05407	0.01345	0.00814	0.00241	0.04340	0.16769	0.00495	0.00682
21	0.01521	0.01488	0.02638	0.22291	0.46797	0.01550	0.10191	0.01944	0.01458	0.02025	0.01232	0.01679	0.00995	0.00601	0.00668	0.00205	0.00846	0.00609	0.00318	0.00944
22	0.00830	0.00662	0.00753	0.00811	0.00983	0.00585	0.00617	0.01009	0.01452	0.01790	0.05494	0.21323	0.46600	0.01776	0.00813	0.00245	0.00389	0.12696	0.00610	0.00560
23	0.00996	0.00688	0.00916	0.01013	0.01145	0.00653	0.00798	0.01221	0.01479	0.04443	0.11706	0.30668	0.10768	0.01799	0.00849	0.00269	0.00467	0.28896	0.00629	0.00597
24	0.01584	0.01732	0.09449	0.03642	0.60181	0.01598	0.02013	0.01991	0.01448	0.02098	0.01202	0.01591	0.01008	0.00637	0.00773	0.00204	0.06946	0.00576	0.00318	0.01010
25	0.55248	0.01274	0.01335	0.13234	0.08729	0.01447	0.01038	0.01993	0.01243	0.07651	0.01108	0.01317	0.00836	0.00631	0.00490	0.00205	0.00599	0.00437	0.00410	0.00777
26	0.00784	0.00643	0.00692	0.00731	0.00906	0.00550	0.00529	0.00938	0.01439	0.01753	0.05884	0.24443	0.54890	0.01769	0.00794	0.00234	0.00346	0.01514	0.00611	0.00550
27	0.01502	0.01643	0.09327	0.21768	0.48834	0.01535	0.02012	0.01941	0.01442	0.02026	0.01216	0.01638	0.00981	0.00608	0.00651	0.00203	0.00825	0.00577	0.00313	0.00958
28	0.01518	0.14952	0.49325	0.08781	0.02728	0.01651	0.02043	0.02120	0.01415	0.07797	0.01253	0.01441	0.00905	0.00634	0.00599	0.00198	0.00886	0.00489	0.00324	0.00941
29	0.81514	0.01273	0.00968	0.00866	0.01273	0.01477	0.00713	0.01935	0.01120	0.02954	0.00917	0.01069	0.00713	0.00611	0.00407	0.00204	0.00509	0.00356	0.00407	0.00713
30	0.01372	0.08599	0.02233	0.50561	0.15068	0.01635	0.01760	0.01757	0.01323	0.01737	0.01131	0.01641	0.00900	0.00678	0.00758	0.00214	0.06983	0.00562	0.00297	0.00792
31	0.00825	0.00677	0.00746	0.00753	0.00955	0.00599	0.00578	0.01019	0.01493	0.01841	0.11413	0.05971	0.56029	0.01936	0.07167	0.00299	0.00475	0.06058	0.00598	0.00567
32	0.01547	0.13783	0.02480	0.08357	0.24180	0.08561	0.11557	0.01900	0.01575	0.02055	0.15512	0.02188	0.02013	0.00746	0.00653	0.00192	0.00770	0.00682	0.00399	0.00850
33	0.00987	0.00755	0.01017	0.07062	0.01410	0.00723	0.00837	0.01249	0.01518	0.02060	0.21845	0.22179	0.08578	0.01529	0.00791	0.00239	0.00467	0.18589	0.00595	0.07571
34	0.07403	0.51449	0.04322	0.07744	0.02101	0.08395	0.06877	0.02013	0.01384	0.01721	0.00985	0.01194	0.00851	0.00585	0.00489	0.00162	0.00784	0.00416	0.00301	0.00825
35	0.10713	0.01471	0.10528	0.08191	0.13648	0.01288	0.09173	0.01728	0.01292	0.02019	0.01318	0.01773	0.01104	0.01721	0.19659	0.00416	0.02612	0.00576	0.00341	0.10431
36	0.03128	0.04071	0.11034	0.02345	0.28738	0.02695	0.02930	0.06650	0.03946	0.02169	0.01900	0.20901	0.01890	0.00995	0.00681	0.00212	0.00686	0.00893	0.00432	0.03705
37	0.01603	0.02690	0.04355	0.01519	0.11340	0.01178	0.01085	0.02227	0.15269	0.09103	0.01658	0.03142	0.01309	0.00649	0.00574	0.00154	0.00562	0.00544	0.00476	0.40564
38	0.22186	0.08162	0.36892	0.01611	0.06918	0.01527	0.01688	0.02072	0.01363	0.07303	0.01390	0.01532	0.03404	0.00665	0.00563	0.00201	0.00768	0.00494	0.00365	0.00896

[dist]
# distance from previous block
# <min> <max>
0	16

[block]
# block no. 7 follows, 33 sequences, length 12
# corresponding to MSA columns:
# 886-897
name=unknown_H
#
# <colnr> <probs for GDERKNQSTAVLIFYWHMCP>
#	G	D	E	R	K	N	Q	S	T	A	V	L	I	F	Y	W	H	M	C	P
0	0.06517	0.13959	0.08061	0.10433	0.08378	0.04896	0.02629	0.01978	0.02767	0.06158	0.01228	0.01441	0.00972	0.00586	0.00543	0.00158	0.00689	0.00463	0.00373	0.27772
1	0.01739	0.24474	0.26569	0.01867	0.08128	0.01791	0.11974	0.02207	0.01477	0.11886	0.01328	0.01488	0.00990	0.00620	0.00595	0.00189	0.00841	0.00523	0.00366	0.00949
2	0.01392	0.00949	0.01169	0.00995	0.01313	0.00858	0.00785	0.07405	0.01732	0.09467	0.27755	0.03732	0.03418	0.06921	0.00897	0.00223	0.00476	0.09004	0.00604	0.20903
3	0.00968	0.00732	0.01074	0.07046	0.01370	0.00843	0.00831	0.01179	0.01062	0.01497	0.01769	0.02818	0.01713	0.17108	0.55918	0.00917	0.01495	0.00739	0.00356	0.00567
4	0.01449	0.10803	0.14340	0.01771	0.02287	0.01382	0.25315	0.01848	0.01446	0.07938	0.02005	0.22509	0.01943	0.01011	0.00717	0.00221	0.00788	0.00973	0.00436	0.00818
5	0.00985	0.00714	0.00966	0.01086	0.01227	0.00694	0.00905	0.01248	0.01505	0.01968	0.09852	0.17811	0.09907	0.01802	0.00876	0.00282	0.00522	0.46438	0.00618	0.00592
6	0.01144	0.00572	0.00858	0.00858	0.00858	0.00572	0.00572	0.00858	0.00858	0.01144	0.01144	0.02001	0.01144	0.02287	0.02573	0.80846	0.00572	0.00572	0.00286	0.00286
7	0.05283	0.01097	0.01520	0.07727	0.17768	0.01165	0.01087	0.01839	0.07456	0.10455	0.01801	0.02754	0.01666	0.29306	0.01744	0.00373	0.05030	0.00737	0.00442	0.00751
8	0.21817	0.30080	0.20569	0.01300	0.01924	0.01977	0.01372	0.10304	0.01509	0.02355	0.01064	0.01208	0.00842	0.00619	0.00499	0.00181	0.00726	0.00417	0.00358	0.00878
9	0.05759	0.47029	0.15812	0.01303	0.01910	0.08294	0.01343	0.02155	0.01430	0.08037	0.01121	0.01233	0.00906	0.00609	0.00494	0.00164	0.00772	0.00410	0.00339	0.00879
10	0.11262	0.40617	0.29152	0.01373	0.02070	0.02069	0.01561	0.02009	0.01331	0.01918	0.01014	0.01182	0.00825	0.00592	0.00496	0.00174	0.00780	0.00402	0.00296	0.00876
11	0.06456	0.08590	0.26810	0.02034	0.02740	0.01593	0.29998	0.02086	0.01459	0.06223	0.01403	0.05108	0.01108	0.00669	0.00669	0.00211	0.00926	0.00662	0.00356	0.00899

[dist]
# distance from previous block
# <min> <max>
1	6

[block]
# block no. 8 follows, 33 sequences, length 47
# corresponding to MSA columns:
# 915-961
name=unknown_I
#
# <colnr> <probs for GDERKNQSTAVLIFYWHMCP>
#	G	D	E	R	K	N	Q	S	T	A	V	L	I	F	Y	W	H	M	C	P
0	0.01523	0.01334	0.01501	0.11601	0.05847	0.08689	0.01139	0.05442	0.21606	0.04921	0.10824	0.02946	0.05150	0.01386	0.08366	0.00304	0.00765	0.05291	0.00537	0.00829
1	0.01380	0.01318	0.01995	0.56969	0.09156	0.04252	0.01739	0.03311	0.05767	0.01828	0.01256	0.01747	0.00964	0.00698	0.00739	0.00219	0.04963	0.00589	0.00328	0.00783
2	0.01660	0.01649	0.02555	0.09709	0.61876	0.06986	0.01949	0.02038	0.01511	0.02072	0.01216	0.01607	0.01015	0.00599	0.00648	0.00196	0.00820	0.00574	0.00324	0.00996
3	0.65611	0.01242	0.01081	0.00928	0.01356	0.01374	0.00765	0.02193	0.01275	0.17176	0.01257	0.01307	0.00899	0.00652	0.00459	0.00204	0.00520	0.00418	0.00490	0.00795
4	0.01344	0.01148	0.01343	0.00973	0.01537	0.00865	0.00774	0.01630	0.01361	0.02128	0.01262	0.04180	0.01102	0.00547	0.00501	0.00104	0.00484	0.00446	0.00398	0.77876
5	0.02108	0.01214	0.01704	0.04928	0.06376	0.01153	0.05722	0.02680	0.13487	0.33814	0.04872	0.02467	0.01793	0.00825	0.00668	0.00202	0.00604	0.04379	0.00638	0.10367
6	0.01669	0.01535	0.02053	0.01718	0.01834	0.04979	0.04312	0.06915	0.01282	0.06614	0.01061	0.01508	0.00940	0.01057	0.01823	0.00268	0.58705	0.00585	0.00355	0.00786
7	0.00860	0.00663	0.00786	0.00770	0.00944	0.00588	0.00572	0.01099	0.01673	0.02223	0.40909	0.10831	0.32649	0.01528	0.00782	0.00218	0.00325	0.01321	0.00671	0.00588
8	0.01712	0.01441	0.02645	0.02017	0.05151	0.01293	0.34754	0.02131	0.01561	0.14106	0.01665	0.02176	0.01310	0.00679	0.00696	0.00195	0.00823	0.05709	0.00448	0.19491
9	0.02847	0.01124	0.01517	0.01158	0.01672	0.00962	0.00955	0.03104	0.01849	0.68436	0.02501	0.02182	0.01586	0.00793	0.00650	0.00197	0.00555	0.00644	0.00786	0.06482
10	0.01633	0.01162	0.01393	0.01008	0.01580	0.00893	0.00812	0.01919	0.01453	0.14137	0.01411	0.01513	0.01086	0.00543	0.00517	0.00115	0.00500	0.00436	0.00462	0.67429
11	0.01629	0.01564	0.02672	0.04041	0.72757	0.01564	0.02020	0.02020	0.01499	0.02151	0.01238	0.01629	0.01043	0.00587	0.00652	0.00196	0.00782	0.00587	0.00326	0.01043
12	0.01186	0.00752	0.01017	0.01067	0.01247	0.00715	0.00880	0.01455	0.01590	0.09485	0.17020	0.14727	0.07877	0.01643	0.00842	0.00265	0.00502	0.36428	0.00652	0.00651
13	0.01369	0.01309	0.06340	0.01546	0.13562	0.01035	0.01085	0.01799	0.05896	0.03780	0.08699	0.03770	0.05961	0.00736	0.00593	0.00154	0.00545	0.00629	0.00450	0.40741
14	0.01073	0.00748	0.00954	0.00947	0.01144	0.00643	0.00674	0.01238	0.01325	0.06400	0.02985	0.54030	0.03385	0.01612	0.00746	0.00223	0.00418	0.01446	0.00572	0.19436
15	0.01365	0.01170	0.01365	0.00975	0.01560	0.00878	0.00780	0.01658	0.01365	0.02145	0.01170	0.01365	0.00975	0.00488	0.00488	0.00098	0.00488	0.00390	0.00390	0.80888
16	0.62269	0.11818	0.01415	0.00969	0.01411	0.01691	0.00826	0.09097	0.01356	0.02884	0.00986	0.01121	0.00774	0.00623	0.00436	0.00194	0.00559	0.00380	0.00416	0.00774
17	0.01474	0.01436	0.01927	0.01663	0.01726	0.01952	0.01373	0.01907	0.12914	0.01782	0.01170	0.01612	0.01057	0.01109	0.01909	0.00277	0.62981	0.00604	0.00352	0.00774
18	0.02082	0.01194	0.05981	0.05788	0.01737	0.00998	0.01006	0.07427	0.01805	0.38341	0.05085	0.03254	0.20368	0.01029	0.00693	0.00210	0.00553	0.00846	0.00679	0.00925
19	0.01320	0.03405	0.73453	0.01876	0.02849	0.01529	0.02432	0.02085	0.01390	0.02085	0.01181	0.01390	0.00834	0.00625	0.00625	0.00208	0.00973	0.00486	0.00278	0.00973
20	0.02503	0.01844	0.01976	0.01515	0.02042	0.02042	0.01251	0.70562	0.03095	0.04149	0.01581	0.01581	0.01120	0.00790	0.00659	0.00198	0.00724	0.00593	0.00659	0.01120
21	0.00940	0.00705	0.01058	0.01058	0.01176	0.00823	0.00823	0.01176	0.01058	0.01528	0.01763	0.02586	0.01646	0.04937	0.74255	0.01058	0.01763	0.00705	0.00353	0.00588
22	0.02246	0.02790	0.01888	0.10685	0.02321	0.60768	0.01351	0.02447	0.01744	0.01618	0.01027	0.01273	0.00853	0.00706	0.00701	0.00183	0.05860	0.00453	0.00330	0.00757
23	0.01365	0.01170	0.01365	0.00975	0.01560	0.00878	0.00780	0.01658	0.01365	0.02145	0.01170	0.01365	0.00975	0.00488	0.00488	0.00098	0.00488	0.00390	0.00390	0.80888
24	0.01365	0.01170	0.01365	0.00975	0.01560	0.00878	0.00780	0.01658	0.01365	0.02145	0.01170	0.01365	0.00975	0.00488	0.00488	0.00098	0.00488	0.00390	0.00390	0.80888
25	0.06645	0.22202	0.45199	0.01733	0.06269	0.03478	0.01936	0.02055	0.01376	0.01995	0.01095	0.01292	0.00841	0.00608	0.00560	0.00189	0.00868	0.00447	0.00291	0.00922
26	0.01320	0.03405	0.73453	0.01876	0.02849	0.01529	0.02432	0.02085	0.01390	0.02085	0.01181	0.01390	0.00834	0.00625	0.00625	0.00208	0.00973	0.00486	0.00278	0.00973
27	0.00940	0.00705	0.01058	0.01058	0.01176	0.00823	0.00823	0.01176	0.01058	0.01528	0.01763	0.02586	0.01646	0.04937	0.74255	0.01058	0.01763	0.00705	0.00353	0.00588
28	0.00798	0.00589	0.00748	0.00875	0.00944	0.00538	0.00592	0.00921	0.01301	0.01697	0.04141	0.64606	0.15851	0.01996	0.00830	0.00260	0.00374	0.01790	0.00611	0.00538
29	0.01094	0.00830	0.00965	0.00834	0.01057	0.00717	0.00563	0.01215	0.01141	0.01642	0.01894	0.10548	0.02063	0.40691	0.02025	0.00398	0.00556	0.00838	0.00417	0.30511
30	0.01865	0.01604	0.01612	0.01397	0.01799	0.05965	0.01099	0.17382	0.53266	0.02977	0.02354	0.02200	0.01757	0.00859	0.00663	0.00215	0.00602	0.00694	0.00648	0.01042
31	0.01492	0.02206	0.32309	0.02289	0.23510	0.01350	0.01857	0.02004	0.01441	0.06254	0.01394	0.05024	0.01132	0.00669	0.00622	0.00188	0.00781	0.00575	0.00358	0.14545
32	0.01443	0.07935	0.60341	0.01862	0.02763	0.01582	0.07356	0.02132	0.01422	0.05416	0.01242	0.01437	0.00885	0.00625	0.00625	0.00205	0.00946	0.00508	0.00308	0.00965
33	0.01320	0.03405	0.73453	0.01876	0.02849	0.01529	0.02432	0.02085	0.01390	0.02085	0.01181	0.01390	0.00834	0.00625	0.00625	0.00208	0.00973	0.00486	0.00278	0.00973
34	0.01410	0.01302	0.05357	0.23857	0.25455	0.01277	0.05357	0.01777	0.01418	0.06418	0.01796	0.16371	0.01683	0.00915	0.00692	0.00218	0.00733	0.00849	0.02279	0.00835
35	0.01377	0.01543	0.09700	0.39175	0.24253	0.01507	0.05121	0.01827	0.01373	0.01875	0.01207	0.01695	0.00948	0.00758	0.02695	0.00236	0.02966	0.00587	0.00304	0.00851
36	0.02498	0.01530	0.11995	0.01679	0.09854	0.01152	0.05103	0.02856	0.01753	0.51302	0.02175	0.02026	0.01417	0.00748	0.00662	0.00204	0.00674	0.00635	0.00658	0.01078
37	0.01144	0.00572	0.00858	0.00858	0.00858	0.00572	0.00572	0.00858	0.00858	0.01144	0.01144	0.02001	0.01144	0.02287	0.02573	0.80846	0.00572	0.00572	0.00286	0.00286
38	0.01277	0.11865	0.48347	0.05050	0.02443	0.01478	0.01914	0.01841	0.01357	0.01927	0.01591	0.14945	0.01474	0.00879	0.00641	0.00211	0.00828	0.00725	0.00339	0.00867
39	0.01399	0.08073	0.57453	0.02095	0.11925	0.01609	0.02252	0.02108	0.03345	0.02076	0.01213	0.01428	0.00895	0.00624	0.00616	0.00203	0.00917	0.00498	0.00295	0.00975
40	0.01756	0.00890	0.01257	0.01184	0.01466	0.00822	0.02599	0.02015	0.01615	0.29300	0.03117	0.16943	0.02988	0.01444	0.00799	0.00257	0.00563	0.29505	0.00681	0.00798
41	0.01774	0.57556	0.11953	0.01261	0.01836	0.02311	0.01297	0.02053	0.01364	0.06974	0.01071	0.01211	0.00903	0.00627	0.00576	0.00163	0.05468	0.00406	0.00321	0.00874
42	0.01330	0.01132	0.01389	0.01204	0.06794	0.00937	0.00864	0.01738	0.06178	0.02270	0.13297	0.02058	0.01933	0.00667	0.00561	0.00132	0.00482	0.00564	0.00461	0.56010
43	0.01643	0.07599	0.47490	0.01804	0.02625	0.01727	0.06638	0.18230	0.01800	0.02539	0.01269	0.01440	0.00913	0.00656	0.00631	0.00203	0.00907	0.00523	0.00372	0.00994
44	0.01673	0.62653	0.17295	0.01275	0.01919	0.02392	0.01385	0.01994	0.01348	0.01655	0.00968	0.01122	0.00843	0.00576	0.00463	0.00154	0.00757	0.00379	0.00281	0.00870
45	0.01243	0.01170	0.01975	0.75282	0.04534	0.01463	0.01828	0.01682	0.01316	0.01682	0.01170	0.01755	0.00878	0.00658	0.00658	0.00219	0.00878	0.00585	0.00293	0.00731
46	0.01370	0.02432	0.40277	0.01765	0.06873	0.01320	0.06099	0.01938	0.01399	0.02111	0.01191	0.01421	0.00905	0.00572	0.00590	0.00171	0.00806	0.00478	0.00322	0.27961

[dist]
# distance from previous block
# <min> <max>
0	1

[block]
# block no. 9 follows, 33 sequences, length 71
# corresponding to MSA columns:
# 966-977,981-1012,1014-1040
name=unknown_J
#
# <colnr> <probs for GDERKNQSTAVLIFYWHMCP>
#	G	D	E	R	K	N	Q	S	T	A	V	L	I	F	Y	W	H	M	C	P
0	0.16284	0.01111	0.01232	0.01307	0.07448	0.01216	0.00905	0.02104	0.25278	0.02336	0.02923	0.19507	0.11487	0.01190	0.00710	0.00229	0.02386	0.00996	0.00560	0.00792
1	0.02017	0.05249	0.01739	0.07049	0.02021	0.49323	0.01174	0.02212	0.01676	0.01673	0.01391	0.11373	0.01334	0.00841	0.00615	0.00179	0.00972	0.00625	0.00375	0.08162
2	0.00936	0.00646	0.00796	0.00808	0.00846	0.00659	0.00514	0.01016	0.01083	0.01478	0.08145	0.11443	0.02786	0.50108	0.15384	0.00638	0.00783	0.01026	0.00440	0.00465
3	0.00866	0.00661	0.00804	0.00858	0.01009	0.00600	0.00652	0.01073	0.01519	0.01966	0.18936	0.23504	0.29880	0.01725	0.00816	0.00245	0.00389	0.13291	0.00634	0.00573
4	0.01365	0.01170	0.01365	0.00975	0.01560	0.00878	0.00780	0.01658	0.01365	0.02145	0.01170	0.01365	0.00975	0.00488	0.00488	0.00098	0.00488	0.00390	0.00390	0.80888
