[name]
unknown

[dist]
# distance from previous block
# <min> <max>
0	88

[block]
# block no. 0 follows, 49 sequences, length 20
# corresponding to MSA columns:
# 88-107
name=unknown_A
#
# <colnr> <probs for GDERKNQSTAVLIFYWHMCP>
#	G	D	E	R	K	N	Q	S	T	A	V	L	I	F	Y	W	H	M	C	P
0	0.00834	0.00684	0.04141	0.01008	0.03512	0.00623	0.00866	0.01077	0.01146	0.01504	0.02515	0.05296	0.02716	0.03881	0.00742	0.00235	0.00482	0.67810	0.00443	0.00483
1	0.01121	0.01064	0.01804	0.30291	0.49322	0.01141	0.01455	0.01425	0.01095	0.01511	0.01010	0.04659	0.00863	0.00517	0.00508	0.00159	0.00614	0.00491	0.00251	0.00701
2	0.00678	0.00515	0.00624	0.00597	0.00732	0.00461	0.00447	0.00881	0.01342	0.01816	0.55234	0.04126	0.28477	0.01113	0.00597	0.00163	0.00244	0.00963	0.00529	0.00461
3	0.00636	0.00456	0.00589	0.00687	0.00726	0.00428	0.00463	0.00724	0.00964	0.01273	0.02795	0.65860	0.07581	0.09919	0.00845	0.00234	0.00319	0.04647	0.00452	0.00403
4	0.00716	0.00517	0.00676	0.00636	0.00755	0.00477	0.00477	0.00954	0.01431	0.02028	0.78808	0.03777	0.04771	0.01034	0.00596	0.00159	0.00239	0.00914	0.00557	0.00477
5	0.39443	0.00924	0.00944	0.00751	0.01124	0.00899	0.00614	0.01680	0.01068	0.22262	0.01098	0.01122	0.00790	0.00483	0.00382	0.00133	0.00397	0.00343	0.00391	0.25152
6	0.00698	0.00516	0.00651	0.00617	0.00744	0.00469	0.00463	0.00919	0.01388	0.01926	0.67470	0.03945	0.16173	0.01072	0.00597	0.00161	0.00241	0.00938	0.00543	0.00469
7	0.01252	0.01201	0.02053	0.03104	0.79074	0.01201	0.01552	0.01552	0.01151	0.01652	0.00951	0.01252	0.00801	0.00451	0.00501	0.00150	0.00601	0.00451	0.00250	0.00801
8	0.00955	0.00899	0.01517	0.81013	0.03483	0.01123	0.01404	0.01292	0.01011	0.01292	0.00899	0.01348	0.00674	0.00506	0.00506	0.00169	0.00674	0.00449	0.00225	0.00562
9	0.00834	0.00562	0.00719	0.00664	0.00807	0.00530	0.00503	0.01129	0.05243	0.06194	0.68237	0.03508	0.04303	0.00979	0.00579	0.00158	0.00257	0.00861	0.03417	0.00514
10	0.00691	0.00512	0.00645	0.00619	0.00742	0.00466	0.00461	0.00904	0.01362	0.01882	0.62915	0.07849	0.16873	0.01102	0.00599	0.00163	0.00244	0.00966	0.00538	0.00466
11	0.01352	0.82533	0.02650	0.00865	0.01298	0.02001	0.00865	0.01514	0.01027	0.01190	0.00703	0.00811	0.00649	0.00433	0.00324	0.00108	0.00541	0.00270	0.00216	0.00649
12	0.00739	0.00566	0.00845	0.00835	0.00922	0.00672	0.00653	0.00917	0.00811	0.01176	0.01324	0.01948	0.01238	0.03665	0.76786	0.00787	0.04854	0.00537	0.00269	0.00456
13	0.02269	0.00861	0.01174	0.00900	0.01291	0.00743	0.00743	0.02464	0.01447	0.79425	0.01995	0.01721	0.01252	0.00626	0.00509	0.00156	0.00430	0.00509	0.00626	0.00861
14	0.00792	0.00535	0.00692	0.00643	0.00780	0.00488	0.00486	0.01021	0.01415	0.06153	0.70024	0.03735	0.09256	0.01027	0.00592	0.00160	0.00250	0.00902	0.00555	0.00495
15	0.01217	0.01166	0.01990	0.12258	0.70193	0.01192	0.01535	0.01521	0.01135	0.01610	0.00945	0.01263	0.00786	0.00457	0.00501	0.00152	0.00609	0.00450	0.00247	0.00773
16	0.00683	0.00516	0.00631	0.00602	0.00735	0.00463	0.00451	0.00891	0.01354	0.01845	0.58434	0.04078	0.25259	0.01102	0.00597	0.00162	0.00243	0.00957	0.00533	0.00463
17	0.00992	0.00958	0.01513	0.77880	0.03407	0.04232	0.01388	0.01321	0.01028	0.01290	0.00894	0.01331	0.00673	0.00506	0.00504	0.00167	0.00683	0.00445	0.00226	0.00563
18	0.00699	0.00516	0.00653	0.00619	0.00745	0.00470	0.00464	0.00922	0.01392	0.01934	0.68325	0.03932	0.15312	0.01069	0.00597	0.00161	0.00241	0.00936	0.00544	0.00470
19	0.03032	0.07909	0.10823	0.02890	0.08619	0.01152	0.15356	0.04841	0.12758	0.23285	0.01442	0.03360	0.01056	0.00566	0.00507	0.00158	0.00572	0.00509	0.00403	0.00760

[dist]
# distance from previous block
# <min> <max>
0	4

[block]
# block no. 1 follows, 49 sequences, length 31
# corresponding to MSA columns:
# 112-142
name=unknown_B
#
# <colnr> <probs for GDERKNQSTAVLIFYWHMCP>
#	G	D	E	R	K	N	Q	S	T	A	V	L	I	F	Y	W	H	M	C	P
0	0.10618	0.01133	0.01330	0.01460	0.22802	0.08357	0.00903	0.01550	0.04653	0.04997	0.00993	0.01174	0.00809	0.01883	0.00461	0.00125	0.00495	0.00370	0.00308	0.35578
1	0.08692	0.01253	0.01555	0.01747	0.26460	0.08836	0.04446	0.11307	0.14156	0.08583	0.01283	0.04352	0.01024	0.00590	0.00535	0.00159	0.03417	0.00492	0.00372	0.00742
2	0.57142	0.00984	0.00916	0.04456	0.01199	0.01103	0.00659	0.04757	0.08759	0.14219	0.01069	0.01108	0.00775	0.00522	0.00380	0.00158	0.00418	0.00355	0.00385	0.00635
3	0.00716	0.00517	0.00676	0.00636	0.00755	0.00477	0.00477	0.00954	0.01431	0.02028	0.78808	0.03777	0.04771	0.01034	0.00596	0.00159	0.00239	0.00914	0.00557	0.00477
4	0.01248	0.40886	0.31349	0.01208	0.01757	0.04722	0.07467	0.03453	0.01105	0.01430	0.00821	0.00966	0.00661	0.00458	0.00415	0.00135	0.00658	0.00342	0.00227	0.00691
5	0.00665	0.00505	0.00695	0.00763	0.00826	0.00481	0.03201	0.00829	0.04535	0.01343	0.02769	0.72776	0.05707	0.01492	0.00636	0.00201	0.00317	0.01355	0.00464	0.00439
6	0.01734	0.01556	0.01598	0.01749	0.24444	0.27706	0.03094	0.08766	0.04963	0.17684	0.01186	0.01263	0.00882	0.00535	0.00491	0.00146	0.00664	0.00430	0.00366	0.00743
7	0.01889	0.02410	0.01433	0.01303	0.01563	0.80199	0.00977	0.02019	0.01433	0.01238	0.00782	0.00912	0.00651	0.00521	0.00456	0.00130	0.00912	0.00326	0.00261	0.00586
8	0.00748	0.00555	0.00702	0.00659	0.00791	0.00528	0.00496	0.01064	0.06617	0.02012	0.71157	0.03686	0.07020	0.01018	0.00591	0.00160	0.00250	0.00896	0.00551	0.00497
9	0.01252	0.01201	0.02053	0.03104	0.79074	0.01201	0.01552	0.01552	0.01151	0.01652	0.00951	0.01252	0.00801	0.00451	0.00501	0.00150	0.00601	0.00451	0.00250	0.00801
10	0.00843	0.00637	0.00942	0.01001	0.01131	0.00650	0.04339	0.01080	0.01151	0.01507	0.02526	0.05334	0.02728	0.01333	0.00729	0.00230	0.03488	0.69423	0.00447	0.00479
11	0.01960	0.01355	0.01480	0.01135	0.01538	0.01478	0.00937	0.69163	0.02275	0.11556	0.01300	0.01270	0.00903	0.00609	0.00506	0.00152	0.00543	0.00461	0.00519	0.00860
12	0.00777	0.00561	0.00768	0.00876	0.00986	0.00552	0.00745	0.00986	0.01141	0.01478	0.02864	0.14216	0.08363	0.01410	0.00685	0.00225	0.00431	0.62012	0.00466	0.00457
13	0.01889	0.02410	0.01433	0.01303	0.01563	0.80199	0.00977	0.02019	0.01433	0.01238	0.00782	0.00912	0.00651	0.00521	0.00456	0.00130	0.00912	0.00326	0.00261	0.00586
14	0.01049	0.00899	0.01049	0.00749	0.01198	0.00674	0.00599	0.01273	0.01049	0.01648	0.00899	0.01049	0.00749	0.00374	0.00374	0.00075	0.00374	0.00300	0.00300	0.85320
15	0.00735	0.00490	0.00552	0.00552	0.00552	0.00490	0.00306	0.00735	0.00735	0.00980	0.01593	0.03309	0.01838	0.82229	0.02574	0.00490	0.00490	0.00735	0.00306	0.00306
16	0.00943	0.00471	0.00471	0.00471	0.00589	0.00471	0.00353	0.01178	0.01060	0.01885	0.01650	0.01885	0.01296	0.00589	0.00353	0.00118	0.00236	0.00471	0.85036	0.00471
17	0.01014	0.02616	0.79609	0.01441	0.02189	0.01174	0.01868	0.01601	0.01068	0.01601	0.00907	0.01068	0.00641	0.00480	0.00480	0.00160	0.00747	0.00374	0.00214	0.00747
18	0.00707	0.00673	0.00590	0.00579	0.00758	0.07200	0.00435	0.00836	0.01176	0.01355	0.04754	0.04531	0.72228	0.01216	0.00586	0.00167	0.00312	0.01004	0.00452	0.00440
19	0.02269	0.00861	0.01174	0.00900	0.01291	0.00743	0.00743	0.02464	0.01447	0.79425	0.01995	0.01721	0.01252	0.00626	0.00509	0.00156	0.00430	0.00509	0.00626	0.00861
20	0.00764	0.00546	0.00689	0.00672	0.00801	0.00521	0.00520	0.01046	0.04616	0.01918	0.55620	0.03856	0.07969	0.01044	0.00587	0.00167	0.00276	0.10661	0.07241	0.00486
21	0.01014	0.02616	0.79609	0.01441	0.02189	0.01174	0.01868	0.01601	0.01068	0.01601	0.00907	0.01068	0.00641	0.00480	0.00480	0.00160	0.00747	0.00374	0.00214	0.00747
22	0.01068	0.02541	0.76273	0.01418	0.02150	0.01156	0.01820	0.01638	0.01084	0.04912	0.00954	0.01095	0.00667	0.00487	0.00482	0.00160	0.00734	0.00379	0.00231	0.00752
23	0.02231	0.00921	0.01211	0.00928	0.01321	0.00832	0.00767	0.10550	0.01548	0.71197	0.01911	0.01666	0.01209	0.00624	0.00508	0.00156	0.00444	0.00503	0.00613	0.00861
24	0.00656	0.00510	0.00574	0.00562	0.00708	0.00447	0.00420	0.00828	0.01248	0.01631	0.32365	0.06471	0.46110	0.01170	0.00589	0.00165	0.00250	0.00997	0.03853	0.00447
25	0.00986	0.00943	0.01633	0.71883	0.07865	0.01137	0.05801	0.01326	0.01030	0.01332	0.00909	0.01343	0.00687	0.00498	0.00511	0.00168	0.00680	0.00458	0.00228	0.00583
26	0.00616	0.00440	0.00587	0.00704	0.00733	0.00411	0.00469	0.00704	0.00968	0.01291	0.02787	0.81899	0.03344	0.01584	0.00645	0.00205	0.00293	0.01438	0.00469	0.00411
27	0.01252	0.01201	0.02053	0.03104	0.79074	0.01201	0.01552	0.01552	0.01151	0.01652	0.00951	0.01252	0.00801	0.00451	0.00501	0.00150	0.00601	0.00451	0.00250	0.00801
28	0.01014	0.02616	0.79609	0.01441	0.02189	0.01174	0.01868	0.01601	0.01068	0.01601	0.00907	0.01068	0.00641	0.00480	0.00480	0.00160	0.00747	0.00374	0.00214	0.00747
29	0.04460	0.01203	0.01781	0.02110	0.38234	0.06310	0.09471	0.06461	0.03541	0.14630	0.01267	0.03883	0.01017	0.00561	0.00514	0.00157	0.00591	0.02700	0.00353	0.00757
30	0.04968	0.01260	0.01928	0.02709	0.63079	0.06365	0.03878	0.01648	0.03298	0.04584	0.01002	0.01250	0.00817	0.00468	0.00493	0.00151	0.00608	0.00445	0.00275	0.00774

[dist]
# distance from previous block
# <min> <max>
2	7

[block]
# block no. 2 follows, 49 sequences, length 34
# corresponding to MSA columns:
# 150-183
name=unknown_C
#
# <colnr> <probs for GDERKNQSTAVLIFYWHMCP>
#	G	D	E	R	K	N	Q	S	T	A	V	L	I	F	Y	W	H	M	C	P
0	0.04981	0.12831	0.06996	0.01222	0.07827	0.02848	0.00974	0.18996	0.32103	0.03945	0.01424	0.01408	0.01075	0.00585	0.00472	0.00154	0.00506	0.00461	0.00417	0.00775
1	0.01014	0.02616	0.79609	0.01441	0.02189	0.01174	0.01868	0.01601	0.01068	0.01601	0.00907	0.01068	0.00641	0.00480	0.00480	0.00160	0.00747	0.00374	0.00214	0.00747
2	0.00710	0.00520	0.00631	0.00607	0.00744	0.00464	0.00454	0.00905	0.01321	0.03606	0.49950	0.07910	0.28063	0.01129	0.00597	0.00165	0.00251	0.00979	0.00526	0.00467
3	0.00664	0.00515	0.00604	0.00582	0.00724	0.00455	0.00436	0.00854	0.01309	0.01736	0.46370	0.04257	0.37391	0.01142	0.00597	0.00164	0.00246	0.00982	0.00518	0.00455
4	0.02173	0.00839	0.01143	0.00883	0.01258	0.00727	0.00727	0.02371	0.01446	0.74637	0.06746	0.01848	0.01469	0.00651	0.00514	0.00157	0.00418	0.00534	0.00622	0.00837
5	0.00706	0.00513	0.00664	0.00633	0.00751	0.00472	0.00472	0.00933	0.01398	0.01964	0.71998	0.07109	0.08350	0.01069	0.00599	0.00162	0.00242	0.00944	0.00549	0.00472
6	0.01901	0.01406	0.01506	0.01159	0.01560	0.01558	0.00956	0.75034	0.04766	0.03153	0.01241	0.01235	0.00882	0.00610	0.00506	0.00152	0.00552	0.00459	0.00506	0.00858
7	0.00628	0.00513	0.00555	0.00545	0.00702	0.00440	0.00408	0.00785	0.01225	0.01539	0.24355	0.04582	0.59529	0.01216	0.00597	0.00168	0.00252	0.01027	0.00492	0.00440
8	0.85801	0.00978	0.00743	0.00665	0.00978	0.01134	0.00548	0.01486	0.00861	0.02269	0.00704	0.00821	0.00548	0.00469	0.00313	0.00156	0.00391	0.00274	0.00313	0.00548
9	0.01074	0.00897	0.01050	0.00801	0.01205	0.00733	0.00649	0.04825	0.04811	0.01727	0.01161	0.01599	0.01025	0.00510	0.00422	0.00100	0.00394	0.08451	0.00337	0.68229
10	0.01252	0.01201	0.02053	0.03104	0.79074	0.01201	0.01552	0.01552	0.01151	0.01652	0.00951	0.01252	0.00801	0.00451	0.00501	0.00150	0.00601	0.00451	0.00250	0.00801
11	0.01357	0.01249	0.02442	0.01786	0.02246	0.01199	0.54565	0.01904	0.13081	0.12787	0.01321	0.01495	0.00956	0.00495	0.00572	0.00169	0.00723	0.00580	0.00348	0.00726
12	0.01789	0.00898	0.01063	0.00847	0.01162	0.00888	0.00689	0.22448	0.01587	0.36140	0.01682	0.01631	0.01158	0.00610	0.00463	0.00144	0.00408	0.00483	0.25162	0.00747
13	0.01332	0.01273	0.02441	0.01862	0.05891	0.01239	0.52139	0.05284	0.12764	0.08526	0.01267	0.01461	0.00931	0.00492	0.00568	0.00168	0.00723	0.00572	0.00338	0.00729
14	0.01038	0.08138	0.74290	0.01401	0.02127	0.01231	0.01799	0.01595	0.01065	0.01573	0.00893	0.01050	0.00641	0.00477	0.00470	0.00157	0.00733	0.00367	0.00214	0.00741
15	0.01218	0.01082	0.01314	0.01124	0.01425	0.01213	0.09027	0.02468	0.65257	0.02057	0.06548	0.01944	0.01653	0.00679	0.00528	0.00171	0.00439	0.00595	0.00489	0.00768
16	0.00612	0.00455	0.00571	0.00663	0.00723	0.00414	0.00451	0.00709	0.01007	0.01307	0.03285	0.65492	0.19430	0.01520	0.00635	0.00198	0.00285	0.01359	0.00469	0.00414
17	0.00955	0.00899	0.01517	0.81013	0.03483	0.01123	0.01404	0.01292	0.01011	0.01292	0.00899	0.01348	0.00674	0.00506	0.00506	0.00169	0.00674	0.00449	0.00225	0.00562
18	0.01262	0.01102	0.01186	0.01051	0.01328	0.04003	0.02677	0.07067	0.60520	0.02037	0.01859	0.01808	0.01421	0.01004	0.09113	0.00238	0.00542	0.00553	0.00472	0.00756
19	0.02126	0.00819	0.01098	0.00853	0.01215	0.00714	0.00701	0.02326	0.01406	0.71059	0.01958	0.01739	0.01257	0.00622	0.00492	0.00152	0.00409	0.00505	0.09732	0.00819
20	0.00637	0.00458	0.00609	0.00722	0.00766	0.00430	0.00504	0.00742	0.00996	0.01318	0.02858	0.70953	0.05970	0.01553	0.00649	0.00207	0.00311	0.09433	0.00469	0.00417
21	0.02269	0.00861	0.01174	0.00900	0.01291	0.00743	0.00743	0.02464	0.01447	0.79425	0.01995	0.01721	0.01252	0.00626	0.00509	0.00156	0.00430	0.00509	0.00626	0.00861
22	0.00793	0.00567	0.00790	0.00907	0.01014	0.00564	0.00778	0.01011	0.01143	0.01489	0.02689	0.13924	0.02957	0.01417	0.00693	0.00230	0.00447	0.67662	0.00466	0.00460
23	0.85801	0.00978	0.00743	0.00665	0.00978	0.01134	0.00548	0.01486	0.00861	0.02269	0.00704	0.00821	0.00548	0.00469	0.00313	0.00156	0.00391	0.00274	0.00313	0.00548
24	0.01810	0.00734	0.00955	0.00769	0.01069	0.00653	0.00622	0.02019	0.01346	0.53590	0.07576	0.01916	0.01523	0.00646	0.00475	0.00147	0.00366	0.00529	0.22524	0.00731
25	0.01352	0.82533	0.02650	0.00865	0.01298	0.02001	0.00865	0.01514	0.01027	0.01190	0.00703	0.00811	0.00649	0.00433	0.00324	0.00108	0.00541	0.00270	0.00216	0.00649
26	0.00969	0.00913	0.01541	0.77423	0.06967	0.01127	0.01411	0.01304	0.01018	0.01309	0.00901	0.01344	0.00680	0.00503	0.00505	0.00168	0.00671	0.00449	0.00226	0.00573
27	0.70966	0.00957	0.00820	0.00707	0.01033	0.01065	0.00582	0.01660	0.00965	0.15971	0.00933	0.00981	0.00673	0.00497	0.00348	0.00156	0.00398	0.00315	0.00369	0.00603
28	0.00615	0.00513	0.00536	0.00531	0.00694	0.00434	0.00398	0.00759	0.01194	0.01464	0.16011	0.04706	0.67919	0.01244	0.00597	0.00169	0.00254	0.01045	0.00482	0.00434
29	0.01053	0.01034	0.01445	0.01260	0.01263	0.01426	0.01038	0.01162	0.00795	0.01225	0.00893	0.09823	0.00953	0.00960	0.01550	0.00220	0.72564	0.00550	0.00248	0.00538
30	0.00643	0.00511	0.00577	0.00568	0.00713	0.00445	0.00423	0.00811	0.01249	0.01612	0.32814	0.08047	0.47392	0.01202	0.00599	0.00168	0.00251	0.01027	0.00502	0.00445
31	0.01122	0.01678	0.34272	0.01318	0.06112	0.02233	0.04204	0.07166	0.15652	0.03232	0.05228	0.06594	0.03372	0.00693	0.00525	0.00168	0.00580	0.04788	0.00356	0.00708
32	0.01323	0.01108	0.01169	0.01031	0.01326	0.01274	0.00808	0.10713	0.68292	0.02226	0.01958	0.01814	0.01464	0.00675	0.00510	0.00168	0.00413	0.00557	0.02370	0.00800
33	0.01407	0.62426	0.02435	0.01224	0.13227	0.01798	0.00969	0.05062	0.01129	0.05095	0.00826	0.00941	0.00711	0.00453	0.00369	0.00119	0.00545	0.00318	0.00254	0.00692

[dist]
# distance from previous block
# <min> <max>
5	8

[block]
# block no. 3 follows, 49 sequences, length 18
# corresponding to MSA columns:
# 192-209
name=unknown_D
#
# <colnr> <probs for GDERKNQSTAVLIFYWHMCP>
#	G	D	E	R	K	N	Q	S	T	A	V	L	I	F	Y	W	H	M	C	P
0	0.06663	0.17626	0.55306	0.01321	0.01966	0.01335	0.06006	0.01578	0.01054	0.01568	0.00862	0.01020	0.00643	0.00467	0.00447	0.00151	0.00691	0.00361	0.00223	0.00712
1	0.00624	0.00446	0.00593	0.00699	0.00735	0.00416	0.00470	0.00723	0.01003	0.01346	0.08479	0.76049	0.03451	0.01543	0.00642	0.00202	0.00289	0.01398	0.00476	0.00416
2	0.07321	0.03434	0.08357	0.01852	0.02355	0.03176	0.58448	0.01598	0.01154	0.01647	0.00971	0.01262	0.00735	0.00433	0.00546	0.00161	0.00781	0.00527	0.00258	0.04982
3	0.01120	0.00941	0.01087	0.00783	0.01229	0.00748	0.00629	0.07533	0.01158	0.01774	0.00925	0.01062	0.00758	0.00394	0.00385	0.00081	0.00389	0.00312	0.00317	0.78374
4	0.00723	0.04237	0.00717	0.00716	0.00769	0.03332	0.00490	0.00798	0.00940	0.01225	0.02344	0.59224	0.02764	0.12007	0.04071	0.03238	0.00399	0.01184	0.00413	0.00409
5	0.07533	0.07060	0.01295	0.00919	0.01305	0.00986	0.00768	0.11160	0.05392	0.55648	0.01726	0.01543	0.01130	0.00602	0.00482	0.00153	0.00449	0.00472	0.00555	0.00821
6	0.00714	0.00533	0.00664	0.00629	0.00761	0.00493	0.00472	0.00971	0.03720	0.01927	0.64926	0.03891	0.16287	0.01062	0.00594	0.00161	0.00246	0.00928	0.00542	0.00479
7	0.02269	0.00861	0.01174	0.00900	0.01291	0.00743	0.00743	0.02464	0.01447	0.79425	0.01995	0.01721	0.01252	0.00626	0.00509	0.00156	0.00430	0.00509	0.00626	0.00861
8	0.07656	0.01176	0.01972	0.06995	0.59489	0.01214	0.07264	0.01522	0.01107	0.01656	0.00922	0.01226	0.00766	0.00474	0.00549	0.00157	0.04407	0.00448	0.00253	0.00748
9	0.00720	0.00500	0.00622	0.00668	0.00771	0.00451	0.00484	0.00852	0.01111	0.05390	0.12310	0.42372	0.24155	0.01375	0.00623	0.00190	0.00295	0.06173	0.00487	0.00450
10	0.00645	0.00459	0.00593	0.00689	0.00725	0.00434	0.00465	0.00732	0.00954	0.01263	0.02700	0.62576	0.06090	0.13217	0.00926	0.00247	0.00331	0.06108	0.00446	0.00400
11	0.01479	0.01191	0.04060	0.04896	0.29992	0.01105	0.25556	0.01801	0.01234	0.21688	0.01240	0.01407	0.00898	0.00491	0.00533	0.00159	0.00644	0.00510	0.00347	0.00769
12	0.06835	0.01281	0.10910	0.02056	0.38641	0.01121	0.04634	0.07065	0.03897	0.10486	0.01156	0.01433	0.00922	0.06617	0.00647	0.00180	0.00578	0.00469	0.00324	0.00747
13	0.00650	0.00499	0.00596	0.00604	0.00724	0.00444	0.00441	0.00815	0.01228	0.01622	0.34913	0.20967	0.32183	0.01244	0.00607	0.00173	0.00257	0.01084	0.00505	0.00444
14	0.03332	0.00595	0.00755	0.00685	0.00848	0.00562	0.00524	0.01219	0.05006	0.10695	0.64408	0.03375	0.04107	0.00956	0.00575	0.00159	0.00272	0.00835	0.00555	0.00537
15	0.05266	0.16486	0.40739	0.01245	0.03708	0.02409	0.01367	0.08311	0.01205	0.09782	0.01052	0.01147	0.01812	0.00520	0.00485	0.00151	0.02907	0.00385	0.00293	0.00731
16	0.01170	0.05551	0.24001	0.13053	0.26938	0.01194	0.06820	0.02739	0.05048	0.04413	0.01081	0.03837	0.00864	0.00521	0.00499	0.00158	0.00641	0.00470	0.00273	0.00727
17	0.01054	0.08321	0.59611	0.01479	0.05539	0.01237	0.05947	0.01553	0.01074	0.01571	0.03603	0.01170	0.00801	0.00511	0.00535	0.00159	0.04481	0.00404	0.00230	0.00720

[dist]
# distance from previous block
# <min> <max>
0	2

[block]
# block no. 4 follows, 49 sequences, length 42
# corresponding to MSA columns:
# 212-253
name=unknown_E
#
# <colnr> <probs for GDERKNQSTAVLIFYWHMCP>
#	G	D	E	R	K	N	Q	S	T	A	V	L	I	F	Y	W	H	M	C	P
0	0.02973	0.14491	0.06769	0.01847	0.24666	0.03758	0.13773	0.17720	0.01414	0.06316	0.01026	0.01189	0.00790	0.00491	0.00484	0.00148	0.00628	0.00438	0.00321	0.00758
1	0.01223	0.00900	0.01064	0.00792	0.01198	0.00741	0.00635	0.06393	0.03524	0.10762	0.07902	0.01401	0.01190	0.00486	0.00422	0.00100	0.00382	0.00396	0.00380	0.60111
2	0.07833	0.53814	0.05808	0.01073	0.03571	0.05870	0.06704	0.05178	0.02288	0.02645	0.00812	0.00932	0.00687	0.00457	0.00377	0.00125	0.00580	0.00325	0.00254	0.00665
3	0.00879	0.00523	0.00692	0.00733	0.00834	0.00481	0.00530	0.01005	0.01089	0.12534	0.08180	0.52045	0.06836	0.03810	0.00683	0.00204	0.00328	0.07639	0.00493	0.00482
4	0.00704	0.00514	0.00655	0.00625	0.00746	0.00474	0.00467	0.00900	0.01319	0.01822	0.59166	0.03765	0.16692	0.01242	0.04511	0.04225	0.00305	0.00899	0.00512	0.00455
5	0.00624	0.00487	0.00568	0.00609	0.00719	0.00431	0.00437	0.00754	0.01121	0.01428	0.13890	0.33528	0.39373	0.01364	0.00617	0.00183	0.00272	0.02685	0.00481	0.00428
6	0.00721	0.00484	0.00606	0.00671	0.00742	0.00467	0.00474	0.00908	0.03688	0.01542	0.13177	0.50357	0.03084	0.01284	0.00582	0.00182	0.00285	0.04038	0.16263	0.00447
7	0.85801	0.00978	0.00743	0.00665	0.00978	0.01134	0.00548	0.01486	0.00861	0.02269	0.00704	0.00821	0.00548	0.00469	0.00313	0.00156	0.00391	0.00274	0.00313	0.00548
8	0.01252	0.01201	0.02053	0.03104	0.79074	0.01201	0.01552	0.01552	0.01151	0.01652	0.00951	0.01252	0.00801	0.00451	0.00501	0.00150	0.00601	0.00451	0.00250	0.00801
9	0.01194	0.01364	0.02984	0.02131	0.02643	0.01279	0.77238	0.01620	0.01194	0.01620	0.01023	0.01364	0.00767	0.00426	0.00597	0.00171	0.00853	0.00597	0.00256	0.00682
10	0.11255	0.01331	0.01409	0.01091	0.01484	0.01466	0.00901	0.64037	0.02148	0.08099	0.01209	0.01204	0.00851	0.00593	0.00485	0.00153	0.00530	0.00439	0.00492	0.00825
11	0.00598	0.00512	0.00512	0.00512	0.00683	0.00427	0.00384	0.00726	0.01153	0.01366	0.05123	0.04866	0.78869	0.01281	0.00598	0.00171	0.00256	0.01067	0.00470	0.00427
12	0.01352	0.82533	0.02650	0.00865	0.01298	0.02001	0.00865	0.01514	0.01027	0.01190	0.00703	0.00811	0.00649	0.00433	0.00324	0.00108	0.00541	0.00270	0.00216	0.00649
13	0.34120	0.04956	0.01191	0.00894	0.01262	0.01222	0.00745	0.26510	0.01506	0.21260	0.01184	0.01168	0.00825	0.00551	0.00424	0.00153	0.00462	0.00390	0.00447	0.00730
14	0.01352	0.82533	0.02650	0.00865	0.01298	0.02001	0.00865	0.01514	0.01027	0.01190	0.00703	0.00811	0.00649	0.00433	0.00324	0.00108	0.00541	0.00270	0.00216	0.00649
15	0.01698	0.01129	0.01058	0.00894	0.01153	0.17864	0.00696	0.08295	0.01356	0.30022	0.01522	0.01676	0.01140	0.08408	0.00689	0.00176	0.02474	0.00477	0.18617	0.00657
16	0.34087	0.01034	0.00975	0.00814	0.01136	0.08500	0.00659	0.04570	0.01215	0.31824	0.01322	0.01298	0.00915	0.00552	0.00413	0.00150	0.00446	0.00395	0.09022	0.00675
17	0.01172	0.01249	0.02556	0.01862	0.02304	0.01207	0.61685	0.01654	0.07425	0.01675	0.01158	0.01450	0.00878	0.00475	0.00595	0.00167	0.02854	0.00579	0.08388	0.00668
18	0.01216	0.01042	0.01107	0.00999	0.01272	0.01197	0.00775	0.02553	0.72228	0.02109	0.07992	0.02033	0.01793	0.00713	0.00521	0.00171	0.00388	0.00598	0.00518	0.00775
19	0.75014	0.00963	0.00799	0.00695	0.01018	0.01084	0.00573	0.01613	0.00936	0.12232	0.00871	0.00938	0.00639	0.00490	0.00338	0.00156	0.00396	0.00304	0.00353	0.00588
20	0.09861	0.00982	0.01311	0.00961	0.01395	0.00843	0.10877	0.04157	0.01152	0.12901	0.01064	0.01170	0.00807	0.00435	0.00422	0.00110	0.00454	0.00372	0.00349	0.50378
21	0.00764	0.00540	0.00726	0.00822	0.00902	0.00534	0.00661	0.00929	0.01052	0.01378	0.02504	0.19227	0.02799	0.15821	0.01023	0.00274	0.00438	0.48740	0.00438	0.00427
22	0.00640	0.00465	0.00608	0.00716	0.00756	0.00443	0.00482	0.00780	0.03904	0.01322	0.02759	0.78856	0.03276	0.01550	0.00640	0.00204	0.00297	0.01405	0.00471	0.00426
23	0.02269	0.00861	0.01174	0.00900	0.01291	0.00743	0.00743	0.02464	0.01447	0.79425	0.01995	0.01721	0.01252	0.00626	0.00509	0.00156	0.00430	0.00509	0.00626	0.00861
24	0.64348	0.01217	0.12018	0.00811	0.01195	0.01125	0.00765	0.04216	0.00988	0.08192	0.00851	0.00940	0.00626	0.00488	0.00359	0.00157	0.00451	0.00313	0.00330	0.00611
25	0.00664	0.00491	0.00656	0.00747	0.00777	0.00494	0.00519	0.00757	0.00955	0.01282	0.02586	0.68349	0.03074	0.05952	0.00816	0.00224	0.05250	0.05546	0.00445	0.00417
26	0.00637	0.00455	0.00611	0.00728	0.00766	0.00429	0.00505	0.00740	0.00989	0.01314	0.02776	0.73947	0.03299	0.01565	0.00651	0.00208	0.00311	0.09185	0.00469	0.00416
27	0.25968	0.37450	0.01810	0.01033	0.05998	0.17761	0.00838	0.01612	0.01070	0.01541	0.00735	0.00862	0.00629	0.00463	0.00359	0.00129	0.00577	0.00294	0.00256	0.00616
28	0.00983	0.00522	0.00745	0.00710	0.00782	0.00523	0.00510	0.02455	0.00856	0.08310	0.06116	0.01870	0.03766	0.01896	0.14312	0.53908	0.00570	0.00513	0.00301	0.00352
29	0.01390	0.01032	0.01184	0.00872	0.01304	0.00917	0.00708	0.21500	0.01436	0.09067	0.01081	0.01153	0.00824	0.00459	0.00421	0.00103	0.00428	0.00360	0.00384	0.55380
30	0.01165	0.01323	0.02864	0.02053	0.02548	0.01238	0.73523	0.01577	0.01192	0.01608	0.01221	0.01533	0.04543	0.00468	0.00597	0.00171	0.00824	0.00620	0.00266	0.00670
31	0.12930	0.00773	0.00945	0.00769	0.01074	0.00718	0.00623	0.01933	0.01309	0.47312	0.11359	0.01956	0.03531	0.00667	0.00475	0.00152	0.00371	0.00537	0.11859	0.00709
32	0.01341	0.01093	0.01164	0.01030	0.01327	0.01249	0.00806	0.06570	0.70502	0.05909	0.02011	0.01844	0.01494	0.00679	0.00514	0.00170	0.00410	0.00563	0.00519	0.00806
33	0.00746	0.00489	0.00547	0.00547	0.00553	0.00489	0.00309	0.00758	0.00752	0.01028	0.01596	0.03235	0.01810	0.77973	0.02458	0.00471	0.00477	0.00722	0.04723	0.00315
34	0.02188	0.00843	0.01148	0.00886	0.01263	0.00729	0.00729	0.02386	0.01446	0.75390	0.05999	0.01828	0.01435	0.00647	0.00513	0.00157	0.00420	0.00530	0.00622	0.00841
35	0.02063	0.01191	0.01378	0.01056	0.01455	0.01233	0.00873	0.46939	0.01999	0.34170	0.01531	0.01420	0.01019	0.00615	0.00507	0.00154	0.00505	0.00477	0.00555	0.00860
36	0.04768	0.08432	0.10470	0.02032	0.36691	0.08928	0.01297	0.14027	0.03867	0.03322	0.00998	0.01167	0.00788	0.00496	0.00473	0.00147	0.00617	0.00413	0.00304	0.00762
37	0.00664	0.00492	0.00618	0.00640	0.00737	0.00449	0.00461	0.00829	0.01211	0.01637	0.37629	0.29408	0.17666	0.02836	0.00653	0.00184	0.00269	0.02667	0.00506	0.00443
38	0.01326	0.20956	0.21059	0.01185	0.01649	0.03287	0.08261	0.08009	0.16414	0.07048	0.05050	0.01382	0.01097	0.00553	0.00470	0.00149	0.00581	0.00450	0.00347	0.00728
39	0.00762	0.00558	0.00690	0.03705	0.00860	0.00521	0.00492	0.00958	0.02587	0.03572	0.37392	0.07653	0.19140	0.13059	0.00878	0.00211	0.00316	0.02361	0.00473	0.03813
40	0.01394	0.28371	0.22751	0.01148	0.05336	0.05358	0.01121	0.05253	0.01229	0.13942	0.06947	0.01373	0.02611	0.00552	0.00445	0.00140	0.00573	0.00420	0.00329	0.00706
41	0.35133	0.28677	0.08049	0.00965	0.05306	0.02652	0.00849	0.02890	0.01040	0.09199	0.00867	0.00955	0.00677	0.00475	0.00365	0.00140	0.00497	0.00316	0.00301	0.00647

[dist]
# distance from previous block
# <min> <max>
0	4

[block]
# block no. 5 follows, 49 sequences, length 16
# corresponding to MSA columns:
# 259-274
name=unknown_F
#
# <colnr> <probs for GDERKNQSTAVLIFYWHMCP>
#	G	D	E	R	K	N	Q	S	T	A	V	L	I	F	Y	W	H	M	C	P
0	0.01125	0.00642	0.00834	0.00827	0.04316	0.00588	0.00592	0.03570	0.01244	0.21119	0.15041	0.22347	0.16516	0.05094	0.00681	0.00190	0.00350	0.03853	0.00506	0.00565
1	0.01164	0.01192	0.06583	0.01390	0.07850	0.03629	0.14190	0.05934	0.27064	0.01801	0.04251	0.08655	0.04031	0.00784	0.01879	0.00184	0.06232	0.02109	0.00391	0.00687
2	0.00704	0.00516	0.00660	0.00624	0.00748	0.00472	0.00468	0.00932	0.01405	0.01964	0.71718	0.03882	0.11901	0.01058	0.00597	0.00160	0.00240	0.00929	0.00548	0.00472
3	0.01157	0.04633	0.42843	0.01247	0.01788	0.01250	0.01375	0.04950	0.31755	0.01853	0.01370	0.01390	0.01008	0.00565	0.00490	0.00163	0.00595	0.00452	0.00345	0.00769
4	0.00965	0.01177	0.14149	0.68141	0.03273	0.01132	0.01479	0.01342	0.01020	0.01342	0.00900	0.01303	0.00669	0.00501	0.00501	0.00167	0.00686	0.00437	0.00223	0.00592
5	0.01069	0.15543	0.67160	0.01348	0.02045	0.01308	0.01706	0.01587	0.01061	0.01535	0.00874	0.01026	0.00642	0.00473	0.00455	0.00152	0.00714	0.00357	0.00214	0.00731
6	0.01117	0.00948	0.01017	0.00924	0.01174	0.01065	0.00715	0.02249	0.59569	0.02041	0.14719	0.02432	0.08271	0.00790	0.00534	0.00169	0.00362	0.00667	0.00518	0.00718
7	0.01297	0.69605	0.15099	0.00958	0.01442	0.01867	0.01027	0.01528	0.01034	0.01256	0.00736	0.00853	0.00648	0.00440	0.00350	0.00117	0.00574	0.00287	0.00216	0.00665
8	0.08613	0.01230	0.01205	0.01001	0.01337	0.13835	0.00798	0.11482	0.18237	0.32673	0.03342	0.01538	0.01193	0.00616	0.00487	0.00155	0.00510	0.00477	0.00501	0.00769
9	0.85801	0.00978	0.00743	0.00665	0.00978	0.01134	0.00548	0.01486	0.00861	0.02269	0.00704	0.00821	0.00548	0.00469	0.00313	0.00156	0.00391	0.00274	0.00313	0.00548
10	0.01177	0.00929	0.01023	0.00899	0.01143	0.01009	0.00700	0.19143	0.30174	0.02212	0.20086	0.08844	0.08769	0.00871	0.00549	0.00167	0.00378	0.00736	0.00515	0.00676
11	0.01030	0.02159	0.56004	0.14412	0.02463	0.01181	0.12586	0.01554	0.01076	0.01554	0.00923	0.01155	0.00664	0.00477	0.00501	0.00163	0.00751	0.00418	0.00221	0.00708
12	0.01131	0.00972	0.01133	0.01167	0.09856	0.01076	0.00808	0.02165	0.52521	0.02012	0.15410	0.02289	0.05768	0.00749	0.00531	0.00167	0.00388	0.00642	0.00490	0.00726
13	0.00621	0.00470	0.00574	0.00639	0.00721	0.00423	0.00444	0.00737	0.01074	0.01393	0.11646	0.50224	0.26338	0.01433	0.00626	0.00190	0.00276	0.01269	0.00479	0.00423
14	0.01234	0.06805	0.15614	0.02088	0.29036	0.01260	0.20453	0.09229	0.01253	0.01740	0.01079	0.05895	0.00908	0.00530	0.00519	0.00158	0.00663	0.00520	0.00282	0.00735
15	0.00850	0.00543	0.00681	0.00672	0.00792	0.00505	0.00490	0.02791	0.01219	0.08269	0.29835	0.25752	0.11273	0.07168	0.00739	0.00198	0.00305	0.03057	0.04379	0.00482

[dist]
# distance from previous block
# <min> <max>
0	4

[block]
# block no. 6 follows, 49 sequences, length 42
# corresponding to MSA columns:
# 279-320
name=unknown_G
#
# <colnr> <probs for GDERKNQSTAVLIFYWHMCP>
#	G	D	E	R	K	N	Q	S	T	A	V	L	I	F	Y	W	H	M	C	P
0	0.21916	0.01160	0.01301	0.01069	0.03629	0.05915	0.08721	0.14757	0.09447	0.03520	0.01084	0.01185	0.00831	0.00500	0.00431	0.00137	0.00498	0.00396	0.03545	0.19958
1	0.00743	0.00501	0.00651	0.00729	0.00789	0.00477	0.00499	0.04150	0.01045	0.04521	0.02661	0.73449	0.03119	0.03209	0.00675	0.00207	0.00315	0.01342	0.00474	0.00446
2	0.01049	0.00899	0.01049	0.00749	0.01198	0.00674	0.00599	0.01273	0.01049	0.01648	0.00899	0.01049	0.00749	0.00374	0.00374	0.00075	0.00374	0.00300	0.00300	0.85320
3	0.02034	0.00816	0.01101	0.00877	0.01222	0.00718	0.00711	0.02255	0.03619	0.67375	0.03688	0.10173	0.01553	0.00737	0.00525	0.00162	0.00411	0.00616	0.00605	0.00804
4	0.00701	0.00513	0.00658	0.00629	0.00748	0.00470	0.00469	0.00923	0.01385	0.01935	0.68814	0.07751	0.10952	0.01082	0.00599	0.00162	0.00243	0.00953	0.00545	0.00470
5	0.00666	0.00497	0.00611	0.00619	0.00724	0.00451	0.00446	0.00833	0.01226	0.01654	0.40464	0.22082	0.21440	0.05120	0.00703	0.00188	0.00267	0.01062	0.00504	0.00442
6	0.01359	0.01137	0.01201	0.01050	0.01354	0.01305	0.00825	0.14110	0.66573	0.02279	0.01929	0.01784	0.01439	0.00674	0.00513	0.00168	0.00424	0.00554	0.00513	0.00809
7	0.01885	0.00812	0.01033	0.00832	0.01157	0.00753	0.00674	0.02240	0.10811	0.54762	0.01935	0.01774	0.01296	0.00626	0.00479	0.00151	0.00389	0.00509	0.17104	0.00777
8	0.01352	0.82533	0.02650	0.00865	0.01298	0.02001	0.00865	0.01514	0.01027	0.01190	0.00703	0.00811	0.00649	0.00433	0.00324	0.00108	0.00541	0.00270	0.00216	0.00649
9	0.00616	0.00440	0.00587	0.00704	0.00733	0.00411	0.00469	0.00704	0.00968	0.01291	0.02787	0.81899	0.03344	0.01584	0.00645	0.00205	0.00293	0.01438	0.00469	0.00411
10	0.00955	0.00899	0.01517	0.81013	0.03483	0.01123	0.01404	0.01292	0.01011	0.01292	0.00899	0.01348	0.00674	0.00506	0.00506	0.00169	0.00674	0.00449	0.00225	0.00562
11	0.00616	0.00440	0.00587	0.00704	0.00733	0.00411	0.00469	0.00704	0.00968	0.01291	0.02787	0.81899	0.03344	0.01584	0.00645	0.00205	0.00293	0.01438	0.00469	0.00411
12	0.01889	0.02410	0.01433	0.01303	0.01563	0.80199	0.00977	0.02019	0.01433	0.01238	0.00782	0.00912	0.00651	0.00521	0.00456	0.00130	0.00912	0.00326	0.00261	0.00586
13	0.01177	0.01891	0.41101	0.01403	0.01963	0.01192	0.13279	0.01960	0.23162	0.05809	0.01311	0.01382	0.00951	0.00538	0.00510	0.00165	0.00648	0.00472	0.00328	0.00758
14	0.01049	0.00899	0.01049	0.00749	0.01198	0.00674	0.00599	0.01273	0.01049	0.01648	0.00899	0.01049	0.00749	0.00374	0.00374	0.00075	0.00374	0.00300	0.00300	0.85320
15	0.00955	0.00899	0.01517	0.81013	0.03483	0.01123	0.01404	0.01292	0.01011	0.01292	0.00899	0.01348	0.00674	0.00506	0.00506	0.00169	0.00674	0.00449	0.00225	0.00562
16	0.00722	0.00542	0.00813	0.00813	0.00903	0.00632	0.00632	0.00903	0.00813	0.01174	0.01354	0.01987	0.01264	0.03792	0.80225	0.00813	0.01354	0.00542	0.00271	0.00451
17	0.01964	0.00870	0.01142	0.00862	0.01268	0.00726	0.00707	0.02167	0.01348	0.60027	0.01722	0.01553	0.01126	0.00563	0.00475	0.00136	0.00416	0.00456	0.00544	0.21925
18	0.01257	0.01105	0.01293	0.01371	0.14148	0.01248	0.00924	0.02500	0.65452	0.02039	0.01875	0.01782	0.01421	0.00647	0.00512	0.00168	0.00433	0.00552	0.00471	0.00800
19	0.00632	0.00456	0.00601	0.00712	0.00757	0.00426	0.00493	0.00734	0.00996	0.01314	0.02920	0.70782	0.07905	0.01550	0.00647	0.00206	0.00306	0.07678	0.00469	0.00416
20	0.01049	0.00899	0.01049	0.00749	0.01198	0.00674	0.00599	0.01273	0.01049	0.01648	0.00899	0.01049	0.00749	0.00374	0.00374	0.00075	0.00374	0.00300	0.00300	0.85320
21	0.01856	0.07392	0.01509	0.01276	0.01547	0.75336	0.00970	0.01988	0.01408	0.01235	0.00777	0.00906	0.00651	0.00516	0.00448	0.00129	0.00889	0.00322	0.00258	0.00590
22	0.00598	0.00512	0.00512	0.00512	0.00683	0.00427	0.00384	0.00726	0.01153	0.01366	0.05123	0.04866	0.78869	0.01281	0.00598	0.00171	0.00256	0.01067	0.00470	0.00427
23	0.00809	0.00578	0.00806	0.00913	0.01029	0.00576	0.00794	0.01042	0.01181	0.01545	0.07411	0.05584	0.03026	0.01374	0.00692	0.00228	0.00452	0.71022	0.00471	0.00466
24	0.01252	0.01201	0.02053	0.03104	0.79074	0.01201	0.01552	0.01552	0.01151	0.01652	0.00951	0.01252	0.00801	0.00451	0.00501	0.00150	0.00601	0.00451	0.00250	0.00801
25	0.02269	0.00861	0.01174	0.00900	0.01291	0.00743	0.00743	0.02464	0.01447	0.79425	0.01995	0.01721	0.01252	0.00626	0.00509	0.00156	0.00430	0.00509	0.00626	0.00861
26	0.01252	0.01201	0.02053	0.03104	0.79074	0.01201	0.01552	0.01552	0.01151	0.01652	0.00951	0.01252	0.00801	0.00451	0.00501	0.00150	0.00601	0.00451	0.00250	0.00801
27	0.01252	0.01201	0.02053	0.03104	0.79074	0.01201	0.01552	0.01552	0.01151	0.01652	0.00951	0.01252	0.00801	0.00451	0.00501	0.00150	0.00601	0.00451	0.00250	0.00801
28	0.01252	0.01201	0.02053	0.03104	0.79074	0.01201	0.01552	0.01552	0.01151	0.01652	0.00951	0.01252	0.00801	0.00451	0.00501	0.00150	0.00601	0.00451	0.00250	0.00801
29	0.01131	0.01023	0.01451	0.01632	0.29187	0.00896	0.02495	0.01429	0.03721	0.01665	0.00960	0.01156	0.00795	0.00413	0.00429	0.00107	0.00466	0.00369	0.00288	0.50386
30	0.00653	0.00505	0.00574	0.00589	0.00723	0.00447	0.00441	0.00810	0.01182	0.01526	0.19972	0.15460	0.44574	0.01248	0.00600	0.00175	0.00270	0.05602	0.04209	0.00439
31	0.01264	0.28968	0.41474	0.01300	0.06585	0.01409	0.01404	0.01654	0.01097	0.09092	0.00949	0.01058	0.00713	0.00477	0.00432	0.00142	0.00638	0.00357	0.00257	0.00729
32	0.01146	0.00986	0.05036	0.00927	0.01190	0.00993	0.00756	0.06950	0.40918	0.05318	0.21054	0.07185	0.03731	0.00819	0.00542	0.00168	0.00380	0.00698	0.00510	0.00694
33	0.00801	0.00683	0.00987	0.03517	0.20523	0.00662	0.00766	0.00967	0.01073	0.01417	0.04216	0.31373	0.22787	0.02750	0.00648	0.00187	0.01710	0.04009	0.00402	0.00521
34	0.01719	0.17648	0.03162	0.01129	0.06280	0.02832	0.00903	0.24266	0.07957	0.22097	0.01375	0.03119	0.01015	0.00583	0.00467	0.00144	0.00509	0.00453	0.00444	0.03899
35	0.01640	0.00742	0.00966	0.00794	0.01098	0.00635	0.00631	0.01813	0.01299	0.48141	0.04013	0.13937	0.13451	0.00854	0.00533	0.00159	0.00375	0.00721	0.00551	0.07645
36	0.01574	0.20140	0.31070	0.01110	0.01640	0.04038	0.01203	0.01907	0.01208	0.29521	0.01248	0.01239	0.00863	0.00523	0.00454	0.00146	0.00592	0.00397	0.00364	0.00760
37	0.01576	0.38905	0.06549	0.01152	0.06189	0.01700	0.00999	0.31297	0.01578	0.04212	0.00966	0.01036	0.00757	0.00510	0.00420	0.00132	0.00559	0.00366	0.00343	0.00752
38	0.00723	0.00492	0.00655	0.00734	0.00791	0.00477	0.00526	0.00836	0.00984	0.03480	0.04094	0.48632	0.02898	0.12653	0.06147	0.00287	0.00423	0.14306	0.00440	0.00423
39	0.68896	0.05184	0.00828	0.00675	0.00961	0.01079	0.00553	0.01394	0.00924	0.02131	0.07423	0.06112	0.01083	0.00584	0.00358	0.00157	0.00380	0.00400	0.00338	0.00538
40	0.00811	0.00657	0.00802	0.00832	0.05679	0.03769	0.00574	0.01090	0.04758	0.01917	0.61131	0.07076	0.06959	0.00996	0.00583	0.00160	0.00299	0.00877	0.00516	0.00511
41	0.01294	0.63329	0.19151	0.00996	0.01496	0.01812	0.01083	0.03440	0.01070	0.01328	0.00760	0.00876	0.00652	0.00447	0.00363	0.00120	0.00586	0.00297	0.00223	0.00675

[dist]
# distance from previous block
# <min> <max>
0	9

[block]
# block no. 7 follows, 49 sequences, length 38
# corresponding to MSA columns:
# 330-367
name=unknown_H
#
# <colnr> <probs for GDERKNQSTAVLIFYWHMCP>
#	G	D	E	R	K	N	Q	S	T	A	V	L	I	F	Y	W	H	M	C	P
0	0.00663	0.00634	0.06991	0.00732	0.00842	0.00485	0.00569	0.00810	0.01040	0.01400	0.11972	0.55585	0.10340	0.04585	0.00698	0.00204	0.00328	0.01226	0.00453	0.00443
1	0.01499	0.01275	0.09057	0.01447	0.16521	0.05534	0.01041	0.08158	0.24126	0.18248	0.06549	0.01662	0.01353	0.00614	0.00509	0.00158	0.00510	0.00514	0.00445	0.00780
2	0.04115	0.01140	0.11085	0.00896	0.01373	0.00796	0.03400	0.01424	0.03492	0.04592	0.00975	0.01105	0.00773	0.00412	0.00403	0.00098	0.00442	0.00335	0.00307	0.62839
3	0.05056	0.00991	0.01587	0.36292	0.14247	0.01128	0.06914	0.04485	0.01111	0.07830	0.02982	0.03015	0.00923	0.00676	0.03124	0.00189	0.08032	0.00491	0.00293	0.00634
4	0.01190	0.01321	0.00964	0.00898	0.01089	0.32310	0.00669	0.01404	0.06559	0.01372	0.07356	0.04045	0.28207	0.07474	0.00724	0.00182	0.02658	0.00691	0.00375	0.00513
5	0.01176	0.04184	0.33562	0.01410	0.05680	0.01145	0.11799	0.05359	0.11201	0.06087	0.06284	0.04210	0.01193	0.00590	0.00532	0.00161	0.02041	0.00514	0.00331	0.02542
6	0.00764	0.00572	0.00725	0.00682	0.00817	0.00560	0.00516	0.01108	0.08656	0.01956	0.63829	0.03507	0.06524	0.01201	0.06150	0.00206	0.00332	0.00861	0.00530	0.00504
7	0.00737	0.00639	0.03850	0.00696	0.00848	0.00556	0.00545	0.01051	0.08489	0.01748	0.39518	0.19218	0.17924	0.01134	0.00594	0.00172	0.00288	0.00993	0.00505	0.00496
8	0.02908	0.05155	0.39279	0.02998	0.12027	0.05761	0.01464	0.16926	0.02478	0.04835	0.01013	0.01139	0.00742	0.00511	0.00480	0.00154	0.00666	0.00401	0.00302	0.00762
9	0.00704	0.00512	0.00664	0.00642	0.00757	0.00472	0.00480	0.00925	0.01374	0.01924	0.67284	0.10204	0.08255	0.01099	0.00603	0.00165	0.00249	0.02677	0.00543	0.00469
10	0.01226	0.01237	0.19028	0.01391	0.16352	0.00905	0.01079	0.04224	0.03619	0.15453	0.06550	0.04113	0.01415	0.10328	0.09090	0.00266	0.00627	0.02062	0.00366	0.00669
11	0.01175	0.16178	0.48887	0.01251	0.01856	0.07709	0.01458	0.03281	0.03763	0.01557	0.00907	0.01040	0.00688	0.00476	0.00444	0.00142	0.00677	0.00354	0.00242	0.07914
12	0.01049	0.00899	0.01049	0.00749	0.01198	0.00674	0.00599	0.01273	0.01049	0.01648	0.00899	0.01049	0.00749	0.00374	0.00374	0.00075	0.00374	0.00300	0.00300	0.85320
13	0.05479	0.01142	0.12780	0.00893	0.01350	0.00802	0.00827	0.01704	0.03600	0.24150	0.01377	0.01382	0.03353	0.00506	0.00438	0.00121	0.00444	0.00403	0.00394	0.38857
14	0.04042	0.00931	0.01159	0.07454	0.05148	0.00896	0.00783	0.08330	0.11533	0.18474	0.10942	0.01682	0.01459	0.00589	0.00475	0.00136	0.00425	0.00488	0.00439	0.24615
15	0.00979	0.00923	0.01560	0.74702	0.09606	0.01130	0.01416	0.01313	0.01022	0.01321	0.00903	0.01340	0.00684	0.00501	0.00505	0.00167	0.00668	0.00449	0.00227	0.00581
16	0.01328	0.01292	0.08325	0.02562	0.54935	0.01152	0.07826	0.03124	0.01196	0.08925	0.01054	0.01282	0.00826	0.00468	0.00504	0.00151	0.00609	0.00457	0.00289	0.03694
17	0.05408	0.01193	0.14569	0.01155	0.07729	0.00868	0.00987	0.02162	0.01321	0.54002	0.01634	0.01511	0.01065	0.00572	0.00490	0.00154	0.00494	0.00464	0.00501	0.03722
18	0.85801	0.00978	0.00743	0.00665	0.00978	0.01134	0.00548	0.01486	0.00861	0.02269	0.00704	0.00821	0.00548	0.00469	0.00313	0.00156	0.00391	0.00274	0.00313	0.00548
19	0.00749	0.00698	0.05911	0.00634	0.00849	0.00537	0.00534	0.03610	0.01254	0.04068	0.18863	0.04170	0.54022	0.01134	0.00583	0.00167	0.00302	0.00951	0.00476	0.00487
20	0.01007	0.00865	0.01183	0.01480	0.24109	0.00884	0.00897	0.03834	0.16669	0.01704	0.07308	0.07553	0.16223	0.03434	0.00627	0.00184	0.00432	0.10561	0.00415	0.00630
21	0.00731	0.00513	0.00655	0.00620	0.00740	0.00475	0.00465	0.00966	0.01394	0.01999	0.70637	0.03652	0.06421	0.01004	0.00577	0.00156	0.00239	0.00883	0.07398	0.00475
22	0.05627	0.11702	0.29490	0.01255	0.07904	0.01158	0.01213	0.06001	0.02634	0.16639	0.01122	0.01185	0.00809	0.00498	0.00449	0.00142	0.00569	0.00387	0.00333	0.10881
23	0.01610	0.37408	0.01968	0.01013	0.01408	0.06364	0.00895	0.33869	0.04854	0.02102	0.01010	0.01066	0.00796	0.00527	0.00418	0.00131	0.00554	0.00371	0.02899	0.00736
24	0.00711	0.00517	0.00670	0.00632	0.00753	0.00475	0.00474	0.00946	0.01421	0.02003	0.76072	0.03818	0.07523	0.01043	0.00596	0.00159	0.00239	0.00920	0.00553	0.00475
25	0.01405	0.69076	0.06727	0.00919	0.01354	0.03900	0.00919	0.01591	0.01064	0.06522	0.00803	0.00895	0.00690	0.00459	0.00373	0.00117	0.01979	0.00297	0.00245	0.00665
26	0.05127	0.13536	0.40666	0.01243	0.01805	0.01300	0.04832	0.05389	0.13022	0.06692	0.01135	0.01208	0.00832	0.00518	0.00464	0.00154	0.00623	0.00407	0.00307	0.00742
27	0.00620	0.00443	0.00591	0.00701	0.00734	0.00414	0.00470	0.00715	0.00988	0.01322	0.06019	0.78578	0.03405	0.01561	0.00643	0.00203	0.00291	0.01415	0.00473	0.00414
28	0.00663	0.00493	0.00618	0.00633	0.00735	0.00448	0.00457	0.00836	0.01239	0.01681	0.41992	0.27483	0.18367	0.01246	0.00611	0.00175	0.00258	0.01101	0.00514	0.00448
29	0.07943	0.51474	0.07827	0.00963	0.01404	0.01696	0.02819	0.10974	0.01224	0.08238	0.00899	0.00972	0.00721	0.00477	0.00380	0.00127	0.00545	0.00329	0.00295	0.00693
