[name]
unknown

[dist]
# distance from previous block
# <min> <max>
0	12

[block]
# block no. 0 follows, 44 sequences, length 19
# corresponding to MSA columns:
# 86-104
name=unknown_A
#
# <colnr> <probs for GDERKNQSTAVLIFYWHMCP>
#	G	D	E	R	K	N	Q	S	T	A	V	L	I	F	Y	W	H	M	C	P
0	0.01072	0.00795	0.01021	0.01103	0.05907	0.00821	0.00836	0.02913	0.17517	0.05640	0.09667	0.10071	0.06769	0.01192	0.00662	0.00212	0.00447	0.32210	0.00518	0.00626
1	0.01357	0.33392	0.36052	0.01253	0.01859	0.01667	0.01421	0.09757	0.05350	0.01767	0.00994	0.01107	0.00772	0.00524	0.00457	0.00150	0.00676	0.00380	0.00283	0.00780
2	0.00984	0.00665	0.00864	0.00808	0.00874	0.00747	0.00581	0.01084	0.00901	0.07026	0.01547	0.02637	0.01559	0.38506	0.22201	0.00527	0.11814	0.00658	0.05554	0.00465
3	0.00814	0.00541	0.00625	0.00647	0.00781	0.00485	0.00469	0.00969	0.01205	0.05708	0.09973	0.29058	0.31795	0.01317	0.00617	0.00186	0.00295	0.01139	0.12885	0.00491
4	0.01379	0.08685	0.35569	0.09216	0.02325	0.01319	0.14669	0.05425	0.03035	0.11476	0.01176	0.01332	0.00837	0.00538	0.00535	0.00170	0.00737	0.00472	0.00319	0.00787
5	0.03804	0.01428	0.12092	0.06534	0.07646	0.05352	0.17793	0.05703	0.13376	0.04270	0.01499	0.09116	0.01299	0.06755	0.00739	0.00206	0.00663	0.00644	0.00367	0.00715
6	0.01341	0.01435	0.22575	0.01320	0.01763	0.00966	0.13785	0.01752	0.04104	0.18243	0.01848	0.13014	0.01626	0.00842	0.00596	0.00189	0.00611	0.09734	0.03532	0.00724
7	0.07306	0.01213	0.04562	0.01387	0.05148	0.01140	0.16459	0.14123	0.06173	0.25616	0.01871	0.01977	0.06414	0.00685	0.00567	0.00176	0.00586	0.03305	0.00487	0.00805
8	0.01813	0.01145	0.01541	0.05478	0.04087	0.03832	0.09863	0.15477	0.07270	0.30953	0.02042	0.05012	0.07486	0.00732	0.00571	0.00174	0.00558	0.00631	0.00524	0.00812
9	0.01605	0.01387	0.11551	0.04005	0.15924	0.05912	0.08121	0.05592	0.04833	0.23180	0.01716	0.08617	0.03656	0.00704	0.00564	0.00174	0.00612	0.00620	0.00434	0.00793
10	0.00947	0.03376	0.01208	0.01152	0.06379	0.00956	0.03211	0.01170	0.03781	0.01334	0.01343	0.02072	0.01286	0.13897	0.42199	0.00602	0.13671	0.00584	0.00295	0.00537
11	0.01287	0.01009	0.01178	0.00852	0.01329	0.00805	0.00686	0.07084	0.01267	0.06826	0.01071	0.01191	0.00852	0.00440	0.00424	0.00093	0.00423	0.00350	0.00363	0.72473
12	0.01593	0.39428	0.08434	0.01325	0.07389	0.01650	0.08066	0.05293	0.05763	0.14445	0.01175	0.01243	0.00901	0.00531	0.00460	0.00146	0.00609	0.00420	0.00348	0.00782
13	0.00767	0.00619	0.00743	0.00805	0.00864	0.03079	0.00570	0.00876	0.01078	0.01411	0.05775	0.53036	0.11298	0.06492	0.00897	0.00234	0.06380	0.04145	0.00471	0.00460
14	0.09713	0.01035	0.01353	0.01216	0.08294	0.01020	0.00902	0.09377	0.01504	0.49073	0.01767	0.04106	0.01222	0.00692	0.00618	0.00174	0.05982	0.00541	0.00559	0.00853
15	0.03736	0.08689	0.27501	0.01274	0.01850	0.01232	0.07396	0.10872	0.01391	0.14793	0.01201	0.01281	0.00861	0.00532	0.00497	0.00151	0.00632	0.00432	0.00367	0.15312
16	0.01308	0.06740	0.01638	0.22217	0.08677	0.04755	0.05734	0.01747	0.11933	0.08115	0.01337	0.03769	0.01108	0.06704	0.00782	0.00197	0.05881	0.00540	0.00349	0.06470
17	0.00768	0.00565	0.00814	0.00827	0.00905	0.00636	0.00617	0.00927	0.00883	0.01252	0.01659	0.10734	0.01684	0.13778	0.60476	0.00761	0.01217	0.00715	0.00320	0.00462
18	0.01737	0.05777	0.05725	0.01499	0.01941	0.11984	0.24430	0.08772	0.03512	0.21803	0.01389	0.01499	0.00999	0.00786	0.05442	0.00211	0.00776	0.00529	0.00410	0.00779

[dist]
# distance from previous block
# <min> <max>
0	1

[block]
# block no. 1 follows, 44 sequences, length 26
# corresponding to MSA columns:
# 106-131
name=unknown_B
#
# <colnr> <probs for GDERKNQSTAVLIFYWHMCP>
#	G	D	E	R	K	N	Q	S	T	A	V	L	I	F	Y	W	H	M	C	P
0	0.01487	0.04789	0.06839	0.07434	0.16222	0.04194	0.06589	0.15685	0.12290	0.05747	0.01342	0.01641	0.01068	0.00661	0.00668	0.00178	0.08118	0.03875	0.00385	0.00789
1	0.00697	0.00503	0.00623	0.00702	0.00754	0.00471	0.00469	0.00787	0.01037	0.01357	0.04562	0.49939	0.13667	0.18072	0.01121	0.00280	0.00360	0.03702	0.00471	0.00425
2	0.27039	0.01183	0.05769	0.01301	0.11360	0.01142	0.04169	0.13832	0.01395	0.13083	0.03352	0.08322	0.04428	0.00706	0.00504	0.00173	0.00512	0.00571	0.00430	0.00729
3	0.01590	0.29784	0.18334	0.01316	0.04937	0.15110	0.01233	0.15906	0.03783	0.01849	0.00981	0.01091	0.00778	0.00539	0.00462	0.00146	0.00701	0.00382	0.00312	0.00766
4	0.00756	0.00534	0.00700	0.00782	0.00834	0.00524	0.00535	0.04202	0.01074	0.01441	0.02658	0.63741	0.03117	0.05434	0.07114	0.03846	0.00438	0.01344	0.00471	0.00455
5	0.00917	0.00695	0.00906	0.00848	0.00898	0.00826	0.00633	0.01046	0.00924	0.01389	0.06182	0.02473	0.01650	0.26777	0.19678	0.00456	0.19204	0.00638	0.13391	0.00468
6	0.05165	0.05691	0.13077	0.03902	0.05225	0.01305	0.08881	0.17633	0.14313	0.06651	0.09632	0.01799	0.02979	0.00666	0.00546	0.00170	0.00582	0.00565	0.00436	0.00784
7	0.01308	0.01362	0.05410	0.33041	0.17287	0.06990	0.09457	0.08536	0.01293	0.01702	0.00996	0.01351	0.00779	0.00570	0.00657	0.00178	0.07603	0.00488	0.00282	0.00710
8	0.01328	0.01289	0.02247	0.07340	0.68699	0.01296	0.06425	0.01663	0.01236	0.01758	0.01027	0.01363	0.00854	0.00487	0.00547	0.00164	0.00669	0.00496	0.00269	0.00842
9	0.00697	0.00520	0.00698	0.00801	0.00831	0.00520	0.00549	0.00794	0.01031	0.01387	0.02861	0.75493	0.03424	0.01661	0.00765	0.00222	0.05322	0.01482	0.00489	0.00452
10	0.00886	0.00514	0.00770	0.00770	0.00805	0.00549	0.00549	0.00805	0.00770	0.01062	0.01133	0.01832	0.01097	0.02688	0.29824	0.54017	0.00830	0.00514	0.00257	0.00327
11	0.01150	0.01121	0.01577	0.01415	0.04040	0.01530	0.01127	0.01273	0.00849	0.01310	0.00831	0.01402	0.00837	0.06258	0.05908	0.00289	0.67747	0.00503	0.00248	0.00583
12	0.01201	0.02072	0.36541	0.01966	0.02631	0.01329	0.42739	0.01738	0.01226	0.01738	0.01047	0.01328	0.00766	0.00486	0.00588	0.00179	0.00869	0.00536	0.00255	0.00767
13	0.00779	0.00504	0.00673	0.00773	0.00830	0.00466	0.00525	0.00882	0.01077	0.06322	0.02950	0.75412	0.03460	0.01641	0.00686	0.00218	0.00326	0.01485	0.00517	0.00474
14	0.01385	0.01186	0.01249	0.01115	0.01429	0.01370	0.00870	0.05854	0.73450	0.02328	0.02182	0.02005	0.01634	0.00736	0.00554	0.00184	0.00438	0.00611	0.00554	0.00866
15	0.12377	0.04758	0.10587	0.00878	0.01138	0.02373	0.00784	0.01317	0.06024	0.01911	0.26753	0.14716	0.07182	0.01024	0.00579	0.00183	0.00417	0.05954	0.00465	0.00580
16	0.05132	0.03664	0.24032	0.01283	0.06805	0.01081	0.01194	0.06051	0.07263	0.26473	0.01846	0.05300	0.06070	0.00699	0.00538	0.00172	0.00565	0.00570	0.00454	0.00810
17	0.00727	0.00547	0.00679	0.00741	0.00835	0.00517	0.00528	0.00943	0.05303	0.01600	0.15953	0.46600	0.16679	0.01488	0.00673	0.00206	0.00314	0.04659	0.00525	0.00484
18	0.00876	0.04742	0.16969	0.02732	0.01253	0.00773	0.00888	0.04115	0.01150	0.01574	0.07044	0.46009	0.02651	0.01346	0.02158	0.03179	0.00475	0.01092	0.00424	0.00552
19	0.01646	0.24789	0.14494	0.04350	0.01701	0.01433	0.02591	0.12398	0.03939	0.19291	0.01359	0.03291	0.01037	0.00610	0.00490	0.00155	0.00589	0.01914	0.00405	0.03519
20	0.00824	0.00570	0.00705	0.00787	0.05454	0.00567	0.00437	0.00841	0.00839	0.01127	0.01751	0.10025	0.02005	0.65269	0.02424	0.04329	0.00515	0.00825	0.00337	0.00369
21	0.00815	0.00594	0.00746	0.00727	0.00854	0.00575	0.00537	0.01156	0.07901	0.02055	0.54891	0.16578	0.04418	0.01160	0.00632	0.00179	0.00282	0.01027	0.04342	0.00532
22	0.01507	0.01253	0.01873	0.26190	0.18510	0.01366	0.08362	0.25267	0.01631	0.05307	0.01191	0.02963	0.00912	0.00588	0.00556	0.00172	0.00669	0.00526	0.00371	0.00786
23	0.01408	0.55294	0.09067	0.01187	0.05031	0.01867	0.05018	0.05610	0.04672	0.01533	0.00997	0.04304	0.00889	0.00545	0.00423	0.00137	0.00606	0.00406	0.00280	0.00727
24	0.01249	0.16458	0.16129	0.01186	0.07163	0.01205	0.01057	0.06196	0.02725	0.01779	0.01130	0.01266	0.03288	0.00498	0.00445	0.00122	0.00540	0.00388	0.00309	0.36868
25	0.01677	0.01728	0.21302	0.01415	0.08006	0.11351	0.01251	0.10253	0.07751	0.20444	0.03311	0.01798	0.01237	0.00670	0.00548	0.00172	0.00646	0.05194	0.00437	0.00809

[dist]
# distance from previous block
# <min> <max>
4	13

[block]
# block no. 2 follows, 44 sequences, length 7
# corresponding to MSA columns:
# 151-157
name=unknown_C
#
# <colnr> <probs for GDERKNQSTAVLIFYWHMCP>
#	G	D	E	R	K	N	Q	S	T	A	V	L	I	F	Y	W	H	M	C	P
0	0.06468	0.05270	0.01443	0.01215	0.01520	0.47298	0.00935	0.10731	0.04757	0.01717	0.01276	0.05269	0.04382	0.00660	0.00499	0.00149	0.00771	0.00469	0.00349	0.04821
1	0.00757	0.00511	0.00674	0.00743	0.00780	0.00499	0.00508	0.00820	0.00982	0.01316	0.05681	0.39521	0.02837	0.19555	0.05688	0.09938	0.00460	0.07899	0.00428	0.00405
2	0.00900	0.00717	0.00886	0.07364	0.01189	0.02406	0.00646	0.01135	0.02976	0.03524	0.21293	0.19775	0.12265	0.01293	0.06384	0.00221	0.00452	0.00908	0.00460	0.15205
3	0.05017	0.15188	0.03749	0.10035	0.20805	0.03849	0.07497	0.01801	0.05300	0.11981	0.01263	0.04866	0.01025	0.00580	0.00507	0.00159	0.00610	0.00505	0.00347	0.04915
4	0.00798	0.00512	0.00684	0.00769	0.00835	0.00473	0.00528	0.00911	0.01113	0.06861	0.07830	0.69877	0.03547	0.01596	0.00682	0.00214	0.00323	0.01442	0.00524	0.00482
5	0.00820	0.00663	0.04679	0.00833	0.00941	0.00639	0.00659	0.00959	0.00893	0.01285	0.01555	0.09593	0.01542	0.09589	0.46631	0.11539	0.01045	0.00666	0.05015	0.00454
6	0.01436	0.13840	0.11694	0.02870	0.07864	0.07950	0.09422	0.04506	0.12436	0.07454	0.02803	0.01480	0.01068	0.03210	0.00632	0.00171	0.03659	0.00484	0.00354	0.06669

[dist]
# distance from previous block
# <min> <max>
0	2

[block]
# block no. 3 follows, 44 sequences, length 27
# corresponding to MSA columns:
# 160-186
name=unknown_D
#
# <colnr> <probs for GDERKNQSTAVLIFYWHMCP>
#	G	D	E	R	K	N	Q	S	T	A	V	L	I	F	Y	W	H	M	C	P
0	0.06068	0.04834	0.22212	0.05656	0.12927	0.14980	0.06109	0.08094	0.01377	0.09137	0.01083	0.01243	0.00807	0.00554	0.00546	0.00165	0.02677	0.00439	0.00324	0.00770
1	0.00788	0.00538	0.00641	0.00634	0.00664	0.00538	0.00392	0.00849	0.00932	0.01274	0.15041	0.03541	0.02491	0.60484	0.08582	0.00494	0.00556	0.00810	0.00375	0.00376
2	0.00688	0.00544	0.00620	0.00622	0.00769	0.00476	0.00458	0.00859	0.01315	0.01694	0.28424	0.14464	0.44460	0.01336	0.00650	0.00185	0.00275	0.01148	0.00537	0.00476
3	0.01522	0.01048	0.01444	0.14012	0.07598	0.01105	0.04057	0.21029	0.01650	0.15553	0.13121	0.06660	0.01872	0.00801	0.00606	0.00179	0.01947	0.04567	0.00485	0.00743
4	0.01383	0.01337	0.01711	0.01741	0.18271	0.09409	0.09333	0.07477	0.18593	0.01923	0.03903	0.04742	0.02224	0.00675	0.00655	0.00170	0.07356	0.00571	0.00383	0.08142
5	0.00911	0.00560	0.00663	0.00646	0.00723	0.00533	0.00421	0.00998	0.01039	0.07584	0.12246	0.11433	0.08982	0.44396	0.01783	0.00369	0.00429	0.00892	0.04957	0.00436
6	0.10302	0.10640	0.31943	0.01619	0.02224	0.01369	0.26918	0.01724	0.01180	0.04245	0.01045	0.02515	0.00797	0.00515	0.00527	0.00171	0.00760	0.00485	0.00277	0.00745
7	0.07944	0.21645	0.04328	0.11381	0.09164	0.01365	0.08787	0.01868	0.03104	0.18974	0.01219	0.01332	0.00901	0.00533	0.00481	0.00154	0.00596	0.00444	0.00364	0.05415
8	0.01277	0.01235	0.02144	0.19712	0.57392	0.01282	0.05756	0.01617	0.01211	0.01695	0.01018	0.01379	0.00832	0.00497	0.00547	0.00167	0.00680	0.00494	0.00264	0.00801
9	0.00696	0.00527	0.00650	0.00731	0.00830	0.00481	0.00538	0.00836	0.01157	0.01481	0.05986	0.41734	0.27280	0.01552	0.00687	0.00213	0.00332	0.13320	0.00508	0.00460
10	0.01936	0.06744	0.01626	0.01381	0.01649	0.68232	0.01058	0.02077	0.01463	0.01330	0.00828	0.00994	0.00703	0.00589	0.00590	0.00147	0.07386	0.00358	0.00275	0.00633
11	0.01293	0.01262	0.02441	0.01757	0.02261	0.01134	0.48154	0.01672	0.01280	0.06591	0.05379	0.01556	0.01096	0.00496	0.00578	0.00157	0.00727	0.00578	0.00331	0.21257
12	0.00683	0.00505	0.00638	0.00708	0.00786	0.00461	0.00492	0.00819	0.01182	0.01569	0.18703	0.51485	0.16915	0.01528	0.00676	0.00205	0.00297	0.01363	0.00525	0.00461
13	0.01497	0.01360	0.05930	0.27373	0.15389	0.01419	0.04494	0.29117	0.04124	0.02281	0.01152	0.01385	0.00857	0.00577	0.00547	0.00171	0.00669	0.00494	0.00371	0.00794
14	0.00706	0.00503	0.00672	0.00755	0.00794	0.00500	0.00511	0.00804	0.00973	0.01316	0.02517	0.53932	0.02936	0.14581	0.15424	0.00391	0.00561	0.01253	0.00439	0.00433
15	0.05584	0.00782	0.01006	0.00828	0.01133	0.00698	0.00664	0.01919	0.01492	0.43465	0.24918	0.02838	0.10579	0.00874	0.00577	0.00171	0.00380	0.00732	0.00619	0.00738
16	0.03326	0.01077	0.05063	0.13670	0.10418	0.01078	0.11733	0.02369	0.08147	0.01727	0.07760	0.04678	0.10528	0.00854	0.00700	0.00192	0.07033	0.08621	0.00378	0.00649
17	0.00661	0.00540	0.00586	0.00613	0.00763	0.00464	0.00451	0.00800	0.01218	0.01494	0.08227	0.20011	0.57147	0.01437	0.00658	0.00193	0.00290	0.03475	0.00510	0.00461
18	0.03049	0.00719	0.00882	0.00781	0.01015	0.00683	0.00605	0.01779	0.07459	0.28066	0.12541	0.13591	0.02226	0.00877	0.00534	0.00167	0.00353	0.00744	0.23256	0.00674
19	0.17398	0.01032	0.01106	0.00936	0.01258	0.01104	0.00758	0.16774	0.15559	0.17644	0.05219	0.01945	0.01456	0.00710	0.00503	0.00170	0.00443	0.04330	0.10896	0.00758
20	0.01430	0.06722	0.17943	0.04890	0.05577	0.04952	0.01132	0.01859	0.08880	0.18822	0.03472	0.10273	0.01434	0.01014	0.06759	0.00230	0.02848	0.00612	0.00413	0.00739
21	0.00798	0.00574	0.00666	0.00648	0.00803	0.00522	0.00484	0.01035	0.03786	0.03874	0.32599	0.10959	0.32084	0.01206	0.00621	0.00177	0.00281	0.01036	0.07340	0.00509
22	0.06341	0.01077	0.01284	0.01004	0.01391	0.01069	0.00824	0.25509	0.01825	0.41246	0.07395	0.01807	0.01463	0.00691	0.00536	0.00165	0.00480	0.00548	0.04488	0.00860
23	0.08237	0.04896	0.09114	0.12169	0.09213	0.02597	0.05840	0.09615	0.10410	0.11485	0.04558	0.01688	0.01211	0.05835	0.00673	0.00193	0.00598	0.00526	0.00399	0.00746
24	0.05007	0.01283	0.02130	0.10690	0.07907	0.01319	0.29088	0.15642	0.07468	0.08013	0.01305	0.01577	0.00988	0.04295	0.00678	0.00192	0.00703	0.00567	0.00380	0.00766
25	0.03623	0.00596	0.00747	0.00757	0.00843	0.00617	0.00534	0.03391	0.01007	0.04632	0.02014	0.23859	0.02167	0.25456	0.20505	0.00464	0.00682	0.02976	0.04666	0.00467
26	0.06987	0.01029	0.03152	0.01037	0.01330	0.02478	0.03819	0.08994	0.08358	0.19161	0.09673	0.08161	0.01793	0.00999	0.04890	0.00215	0.06989	0.03030	0.02532	0.05371

[dist]
# distance from previous block
# <min> <max>
0	15

[block]
# block no. 4 follows, 44 sequences, length 14
# corresponding to MSA columns:
# 202-215
name=unknown_E
#
# <colnr> <probs for GDERKNQSTAVLIFYWHMCP>
#	G	D	E	R	K	N	Q	S	T	A	V	L	I	F	Y	W	H	M	C	P
0	0.06625	0.04527	0.01081	0.00823	0.01139	0.00806	0.00653	0.01439	0.03496	0.10088	0.18299	0.10571	0.02143	0.00773	0.00551	0.00142	0.03159	0.00641	0.00444	0.32598
1	0.06282	0.05169	0.09212	0.01107	0.01488	0.01053	0.07423	0.07941	0.10372	0.22673	0.07249	0.11024	0.05011	0.00807	0.00560	0.00176	0.00510	0.00691	0.00496	0.00754
2	0.01530	0.09743	0.15668	0.01501	0.06614	0.01314	0.15402	0.13403	0.05608	0.13074	0.05911	0.01549	0.01191	0.00587	0.00539	0.00163	0.00640	0.00521	0.00400	0.04641
3	0.02281	0.01020	0.01349	0.07098	0.01619	0.00965	0.00891	0.13365	0.01672	0.60880	0.01935	0.01743	0.01239	0.00662	0.00548	0.00169	0.00504	0.00535	0.00622	0.00903
4	0.01189	0.05498	0.02053	0.15473	0.14551	0.01178	0.24044	0.01605	0.05861	0.04106	0.13555	0.02053	0.05082	0.00650	0.00585	0.00174	0.00643	0.00644	0.00359	0.00697
5	0.04525	0.05502	0.21164	0.01244	0.01738	0.01205	0.06725	0.10549	0.12039	0.22052	0.04923	0.03271	0.01295	0.00650	0.00538	0.00171	0.00589	0.00540	0.00459	0.00821
6	0.09031	0.00583	0.00657	0.00672	0.00750	0.00581	0.00454	0.00923	0.01025	0.01491	0.13968	0.17206	0.07610	0.36571	0.01575	0.00344	0.00420	0.05290	0.00426	0.00423
7	0.00714	0.00525	0.00674	0.00764	0.00841	0.00498	0.00556	0.00844	0.01092	0.01422	0.03260	0.44671	0.16253	0.06569	0.05269	0.00276	0.00421	0.14416	0.00482	0.00452
8	0.01352	0.04994	0.47471	0.05947	0.02261	0.03322	0.08642	0.04157	0.03827	0.11157	0.01176	0.01306	0.00828	0.00544	0.00531	0.00171	0.00748	0.00453	0.00312	0.00800
9	0.09648	0.04168	0.04133	0.10336	0.05427	0.19814	0.10955	0.11964	0.10353	0.01926	0.01187	0.02702	0.00956	0.03387	0.00599	0.00178	0.00712	0.00492	0.00352	0.00711
10	0.00861	0.00546	0.00694	0.00728	0.00834	0.00505	0.00516	0.00995	0.01150	0.08494	0.10020	0.43164	0.14764	0.05557	0.05207	0.00255	0.00392	0.01211	0.03608	0.00496
11	0.00938	0.00839	0.06433	0.00972	0.04354	0.04864	0.00725	0.01118	0.01175	0.06152	0.09134	0.49759	0.03020	0.01345	0.00642	0.00201	0.00412	0.03988	0.03391	0.00538
12	0.13330	0.04366	0.28905	0.01390	0.06203	0.02665	0.04614	0.07159	0.13747	0.10497	0.01305	0.01363	0.00944	0.00575	0.00505	0.00171	0.00628	0.00456	0.00376	0.00800
13	0.01384	0.01352	0.05420	0.02237	0.32025	0.03621	0.13534	0.07439	0.04124	0.05185	0.05298	0.01552	0.01136	0.00727	0.03364	0.00200	0.09748	0.00542	0.00334	0.00778

[dist]
# distance from previous block
# <min> <max>
5	19

[block]
# block no. 5 follows, 44 sequences, length 20
# corresponding to MSA columns:
# 235-254
name=unknown_F
#
# <colnr> <probs for GDERKNQSTAVLIFYWHMCP>
#	G	D	E	R	K	N	Q	S	T	A	V	L	I	F	Y	W	H	M	C	P
0	0.01246	0.06325	0.11643	0.01089	0.01441	0.04835	0.02228	0.07626	0.06835	0.04296	0.04893	0.02015	0.12768	0.01810	0.00757	0.00169	0.13550	0.00567	0.00375	0.15531
1	0.01402	0.04717	0.43645	0.01422	0.03704	0.01241	0.03917	0.06908	0.01295	0.13524	0.01162	0.01277	0.00828	0.00566	0.00594	0.00167	0.05640	0.00436	0.00330	0.07225
2	0.07428	0.01021	0.01276	0.00980	0.01403	0.00943	0.00808	0.12426	0.01623	0.56820	0.01853	0.01662	0.01201	0.00640	0.00523	0.00161	0.00475	0.00506	0.00608	0.07645
3	0.01407	0.01016	0.01175	0.05926	0.03749	0.04664	0.00811	0.18661	0.07425	0.11087	0.25738	0.02539	0.03410	0.06446	0.03322	0.00217	0.00509	0.00690	0.00515	0.00693
4	0.00769	0.00565	0.00702	0.00776	0.00861	0.00540	0.00548	0.05942	0.01186	0.01555	0.03233	0.61005	0.13658	0.01580	0.00681	0.00214	0.00339	0.04855	0.00509	0.00481
5	0.00790	0.00568	0.00771	0.06185	0.01023	0.00588	0.00609	0.00948	0.01062	0.01464	0.11830	0.24092	0.02735	0.17494	0.14686	0.00386	0.00597	0.09321	0.04391	0.00459
6	0.06181	0.00574	0.00660	0.00666	0.00802	0.00563	0.00492	0.01167	0.01150	0.07031	0.08143	0.24476	0.07997	0.01264	0.05918	0.00219	0.00382	0.00882	0.30914	0.00519
7	0.01290	0.13509	0.13684	0.15789	0.12777	0.01390	0.09930	0.07096	0.09018	0.02896	0.06385	0.01542	0.01172	0.00580	0.00530	0.00166	0.00653	0.00511	0.00332	0.00750
8	0.01119	0.00815	0.01014	0.01014	0.01200	0.00850	0.00846	0.17378	0.03583	0.02038	0.06062	0.14653	0.02772	0.01307	0.00690	0.00222	0.00485	0.42835	0.00518	0.00597
9	0.04829	0.05440	0.23829	0.09092	0.07504	0.01292	0.14535	0.09894	0.01277	0.01829	0.01087	0.01391	0.00853	0.01056	0.12121	0.00276	0.02188	0.00487	0.00292	0.00727
10	0.00844	0.00598	0.00731	0.00767	0.00898	0.00566	0.00568	0.01105	0.07287	0.05699	0.11016	0.36368	0.21183	0.01414	0.00665	0.00205	0.00337	0.08701	0.00528	0.00520
11	0.15879	0.00903	0.01069	0.00880	0.01196	0.00897	0.00713	0.06581	0.02759	0.37715	0.10903	0.04073	0.01704	0.00734	0.00558	0.00169	0.03383	0.00577	0.08553	0.00753
12	0.01349	0.01136	0.05140	0.05279	0.06485	0.01096	0.12256	0.18892	0.06578	0.06772	0.01746	0.21498	0.01643	0.00962	0.00707	0.05975	0.00567	0.00788	0.00434	0.00698
13	0.00794	0.00592	0.00745	0.00809	0.00875	0.00610	0.00559	0.01065	0.10935	0.01455	0.02585	0.54766	0.02934	0.08834	0.04792	0.03328	0.02117	0.01249	0.00471	0.00486
14	0.04291	0.01130	0.01776	0.01966	0.27099	0.03046	0.13487	0.07250	0.03683	0.05944	0.05200	0.13909	0.01571	0.00985	0.05967	0.00225	0.00658	0.00707	0.00380	0.00726
15	0.00696	0.00502	0.00641	0.00713	0.00771	0.00467	0.00483	0.00815	0.01127	0.01513	0.17070	0.52438	0.09269	0.09747	0.00897	0.00241	0.00324	0.01335	0.00506	0.00446
16	0.01284	0.01253	0.01892	0.37356	0.16104	0.07217	0.11544	0.07490	0.04003	0.01709	0.01122	0.03419	0.00895	0.00571	0.00555	0.00174	0.00721	0.00529	0.01462	0.00700
17	0.03863	0.00949	0.06046	0.25914	0.02055	0.00908	0.05445	0.01436	0.04753	0.09898	0.07157	0.21950	0.05512	0.00935	0.00593	0.00189	0.00532	0.00833	0.00413	0.00618
18	0.48877	0.04289	0.01234	0.01133	0.08751	0.03691	0.04618	0.05630	0.01132	0.04706	0.01056	0.06866	0.00912	0.00599	0.00426	0.00165	0.00497	0.00446	0.00356	0.04613
19	0.04464	0.20961	0.11634	0.01415	0.05299	0.05057	0.15707	0.04492	0.03701	0.11322	0.02259	0.05607	0.01122	0.00619	0.00516	0.00161	0.00650	0.02362	0.00354	0.02298

[dist]
# distance from previous block
# <min> <max>
0	19

[block]
# block no. 6 follows, 44 sequences, length 14
# corresponding to MSA columns:
# 274-287
name=unknown_G
#
# <colnr> <probs for GDERKNQSTAVLIFYWHMCP>
#	G	D	E	R	K	N	Q	S	T	A	V	L	I	F	Y	W	H	M	C	P
0	0.00888	0.00684	0.02309	0.00851	0.00947	0.00683	0.00629	0.04205	0.04168	0.04004	0.12281	0.45161	0.03065	0.08090	0.02645	0.00250	0.06977	0.01166	0.00481	0.00516
1	0.03878	0.09470	0.07685	0.05857	0.06784	0.02534	0.07106	0.06367	0.06499	0.29504	0.02577	0.02812	0.01148	0.00610	0.00523	0.00162	0.00573	0.00513	0.00457	0.04941
2	0.06845	0.09987	0.29663	0.01350	0.01916	0.01334	0.09915	0.13959	0.01424	0.10830	0.01222	0.04228	0.00930	0.00587	0.00514	0.00165	0.00666	0.00484	0.00360	0.03620
3	0.00966	0.00617	0.00767	0.00715	0.00886	0.00574	0.00551	0.01251	0.04397	0.09435	0.46601	0.03893	0.14431	0.01078	0.00616	0.00174	0.00300	0.04924	0.07265	0.00560
4	0.01321	0.01394	0.06492	0.08118	0.61256	0.04954	0.01610	0.01651	0.01225	0.01709	0.01029	0.01361	0.00858	0.00650	0.03902	0.00194	0.00713	0.00479	0.00267	0.00816
5	0.01492	0.08592	0.15184	0.01410	0.12018	0.01168	0.01146	0.03920	0.15221	0.17996	0.04100	0.03767	0.01399	0.00683	0.00534	0.00167	0.00547	0.04561	0.00438	0.05655
6	0.01249	0.00988	0.01123	0.01052	0.03797	0.05436	0.03110	0.07429	0.20850	0.08131	0.13997	0.10235	0.11403	0.03594	0.00674	0.00195	0.00453	0.05093	0.00515	0.00675
7	0.00688	0.00502	0.00648	0.00720	0.00791	0.00462	0.00499	0.00826	0.01184	0.01591	0.21071	0.54466	0.11474	0.01532	0.00678	0.00206	0.00298	0.01374	0.00529	0.00462
8	0.01651	0.31342	0.10855	0.01521	0.14818	0.01518	0.05263	0.05105	0.01317	0.19867	0.01206	0.01275	0.00900	0.00533	0.00474	0.00149	0.00610	0.00427	0.00361	0.00807
9	0.04208	0.12361	0.24990	0.01704	0.16398	0.01378	0.05491	0.06487	0.05193	0.12105	0.01192	0.01313	0.00884	0.00558	0.00553	0.00165	0.03414	0.00452	0.00341	0.00811
10	0.05271	0.09988	0.03758	0.01275	0.01650	0.29574	0.08583	0.04878	0.03993	0.20068	0.01308	0.03238	0.00993	0.00680	0.02226	0.00172	0.00743	0.00470	0.00397	0.00735
11	0.07100	0.01208	0.01953	0.08914	0.47464	0.01239	0.05616	0.04293	0.01273	0.09647	0.01176	0.03429	0.00951	0.00560	0.00571	0.00170	0.02784	0.00516	0.00329	0.00807
12	0.01312	0.04994	0.08893	0.01300	0.07793	0.01067	0.07910	0.10415	0.03236	0.06873	0.09868	0.06208	0.01520	0.00652	0.00547	0.00147	0.02075	0.00564	0.00396	0.24230
13	0.01126	0.00828	0.02347	0.04702	0.01324	0.00781	0.07257	0.01549	0.11326	0.12016	0.29843	0.11646	0.08145	0.00972	0.00610	0.00178	0.00410	0.00867	0.00526	0.03546

[dist]
# distance from previous block
# <min> <max>
0	13

[block]
# block no. 7 follows, 44 sequences, length 38
# corresponding to MSA columns:
# 306-343
name=unknown_H
#
# <colnr> <probs for GDERKNQSTAVLIFYWHMCP>
#	G	D	E	R	K	N	Q	S	T	A	V	L	I	F	Y	W	H	M	C	P
0	0.01453	0.34161	0.23460	0.01131	0.01682	0.01572	0.01201	0.08078	0.04160	0.08137	0.01062	0.01143	0.00819	0.00518	0.00444	0.00140	0.00612	0.00377	0.00318	0.09531
1	0.01508	0.01120	0.01252	0.00996	0.01396	0.01109	0.00797	0.16825	0.24638	0.10426	0.01754	0.01708	0.04598	0.00630	0.00505	0.00144	0.00452	0.00508	0.00485	0.29149
2	0.01132	0.00763	0.00984	0.09086	0.01315	0.00770	0.00736	0.11363	0.01512	0.10014	0.27690	0.15354	0.09792	0.01090	0.00626	0.00186	0.00403	0.06046	0.00533	0.00607
3	0.00788	0.00543	0.00694	0.00674	0.00792	0.00506	0.00499	0.01028	0.01446	0.02086	0.60941	0.11860	0.04563	0.01123	0.00619	0.00172	0.00263	0.00992	0.09906	0.00506
4	0.01154	0.01149	0.01528	0.01311	0.01384	0.06967	0.06258	0.01295	0.00919	0.01306	0.00979	0.01622	0.00968	0.11220	0.12280	0.00351	0.47952	0.00534	0.00263	0.00561
5	0.02054	0.01273	0.01548	0.03750	0.01675	0.01327	0.04307	0.43570	0.02096	0.26283	0.05289	0.01627	0.01255	0.00671	0.00555	0.00167	0.00559	0.00540	0.00566	0.00888
6	0.01995	0.01051	0.01386	0.01292	0.10806	0.01020	0.00923	0.14521	0.06983	0.42744	0.09744	0.01947	0.01639	0.00699	0.00557	0.00168	0.00485	0.00582	0.00587	0.00872
7	0.00861	0.00694	0.00990	0.00944	0.01009	0.00851	0.00731	0.01013	0.00856	0.01245	0.01353	0.02159	0.01325	0.14297	0.53133	0.00704	0.16469	0.00593	0.00287	0.00486
8	0.00838	0.00667	0.00976	0.00942	0.01022	0.00814	0.00738	0.01013	0.00867	0.01263	0.01367	0.02069	0.01298	0.06915	0.64654	0.00772	0.12426	0.00578	0.00286	0.00495
9	0.01140	0.01388	0.17539	0.40911	0.14768	0.01182	0.02615	0.02629	0.01153	0.04049	0.01110	0.03426	0.00893	0.04181	0.00644	0.00193	0.00704	0.00512	0.00274	0.00689
10	0.01350	0.00741	0.00941	0.00830	0.01064	0.00705	0.00650	0.01743	0.10888	0.24671	0.34799	0.07155	0.04463	0.00967	0.00600	0.00176	0.00353	0.03443	0.03784	0.00676
11	0.02132	0.01210	0.04898	0.01136	0.01567	0.01119	0.04096	0.26211	0.01833	0.43445	0.01819	0.05254	0.01264	0.00700	0.00557	0.00170	0.00536	0.00573	0.00588	0.00892
12	0.01318	0.00839	0.00940	0.00892	0.01105	0.03976	0.00735	0.10472	0.04890	0.10817	0.02140	0.03344	0.01937	0.00953	0.00565	0.00184	0.00446	0.26538	0.27281	0.00627
13	0.01300	0.14674	0.41312	0.01457	0.04870	0.06036	0.04685	0.01896	0.10258	0.04480	0.01189	0.01392	0.00916	0.00569	0.00508	0.00166	0.00714	0.02499	0.00300	0.00781
14	0.00759	0.00565	0.00833	0.00856	0.00941	0.00640	0.00651	0.00936	0.00906	0.01288	0.01732	0.15901	0.01757	0.03671	0.64984	0.00761	0.01259	0.00754	0.00330	0.00479
15	0.00877	0.00713	0.01062	0.09674	0.04797	0.00847	0.00821	0.01060	0.00900	0.01278	0.01347	0.02137	0.01293	0.14206	0.47788	0.00652	0.09169	0.00588	0.00286	0.00506
16	0.11195	0.01213	0.01826	0.21246	0.40785	0.01313	0.01422	0.10111	0.02364	0.01963	0.01029	0.01325	0.00817	0.00525	0.00518	0.00168	0.00632	0.00465	0.00307	0.00776
17	0.03417	0.00881	0.04544	0.04434	0.01281	0.00795	0.00769	0.01789	0.12282	0.23926	0.19653	0.12465	0.07197	0.00967	0.00595	0.00183	0.00409	0.03166	0.00555	0.00692
18	0.00881	0.00722	0.03988	0.01850	0.02283	0.00638	0.00673	0.01226	0.06730	0.04086	0.46988	0.09647	0.08278	0.01134	0.00642	0.00185	0.00342	0.08595	0.00551	0.00560
19	0.76021	0.01216	0.00879	0.00789	0.01121	0.09345	0.00639	0.01663	0.00993	0.02329	0.00768	0.00896	0.00602	0.00512	0.00354	0.00166	0.00481	0.00301	0.00331	0.00595
20	0.01165	0.09382	0.01312	0.00821	0.01303	0.00877	0.00676	0.01400	0.01128	0.01725	0.00947	0.01104	0.00796	0.00410	0.00398	0.00085	0.00423	0.00320	0.00314	0.75417
21	0.01613	0.00922	0.01151	0.00866	0.01288	0.00754	0.00700	0.03451	0.01368	0.30702	0.09416	0.01718	0.01471	0.00587	0.00487	0.00125	0.00415	0.00482	0.00490	0.41994
22	0.01279	0.31366	0.41194	0.01325	0.01930	0.05185	0.02754	0.01689	0.01137	0.01522	0.00878	0.01050	0.00698	0.00526	0.00533	0.00155	0.05432	0.00368	0.00235	0.00745
23	0.01714	0.01153	0.07166	0.15365	0.18375	0.01035	0.01197	0.05715	0.01392	0.33059	0.01629	0.07152	0.01224	0.00671	0.00554	0.00173	0.00572	0.00581	0.00459	0.00814
24	0.00777	0.00533	0.00601	0.00601	0.00624	0.00527	0.00353	0.00799	0.00843	0.01109	0.02107	0.03688	0.09850	0.69491	0.05533	0.00506	0.00539	0.00822	0.00347	0.00350
25	0.00809	0.00622	0.00907	0.00888	0.00974	0.00734	0.00687	0.00989	0.00901	0.01301	0.05156	0.02259	0.01542	0.08538	0.64629	0.00775	0.06886	0.00609	0.00306	0.00486
26	0.01480	0.04316	0.07375	0.11946	0.35369	0.04856	0.04278	0.12864	0.01424	0.05667	0.01085	0.01331	0.00847	0.00553	0.00591	0.00167	0.04244	0.00476	0.00323	0.00807
27	0.01951	0.01926	0.14705	0.01323	0.01777	0.24121	0.03835	0.21890	0.01745	0.19481	0.01300	0.01317	0.00913	0.00601	0.00529	0.00160	0.00729	0.00453	0.00433	0.00812
28	0.02125	0.00927	0.01170	0.00920	0.01287	0.00863	0.00752	0.12015	0.01613	0.53595	0.01969	0.01817	0.01303	0.00665	0.00516	0.00160	0.00442	0.00533	0.16480	0.00848
29	0.00689	0.00508	0.00649	0.00746	0.00819	0.00469	0.00530	0.00815	0.01123	0.01467	0.06767	0.56182	0.16270	0.01603	0.00691	0.00216	0.00327	0.09164	0.00510	0.00455
30	0.01327	0.04572	0.01428	0.01366	0.09374	0.01023	0.05958	0.15425	0.01512	0.08309	0.02122	0.07250	0.02090	0.01062	0.00646	0.00206	0.00556	0.34623	0.00473	0.00677
31	0.00794	0.00540	0.00718	0.00727	0.00767	0.00575	0.00494	0.00851	0.00836	0.01151	0.01638	0.08807	0.01762	0.36979	0.31643	0.09408	0.00863	0.00738	0.00320	0.00389
32	0.00668	0.00480	0.00634	0.00750	0.00790	0.00446	0.00504	0.00770	0.01069	0.01425	0.05988	0.75358	0.05746	0.01675	0.00692	0.00218	0.00313	0.01516	0.00510	0.00446
33	0.02269	0.01268	0.01466	0.01141	0.01556	0.10282	0.04557	0.16472	0.01736	0.50759	0.01783	0.01628	0.01166	0.00647	0.00546	0.00165	0.00574	0.00518	0.00583	0.00883
34	0.00797	0.00611	0.00930	0.06439	0.01170	0.00719	0.00740	0.01003	0.00891	0.01275	0.01426	0.02093	0.01318	0.03838	0.73154	0.00827	0.01408	0.00577	0.00289	0.00495
35	0.01480	0.01076	0.01215	0.01074	0.01376	0.01195	0.00854	0.09064	0.47226	0.12496	0.02104	0.02246	0.01631	0.01094	0.07941	0.00251	0.00553	0.05767	0.00542	0.00816
36	0.01340	0.08073	0.02681	0.01182	0.01623	0.04422	0.13723	0.13876	0.01406	0.01953	0.01208	0.08291	0.01066	0.00586	0.00496	0.00132	0.00563	0.00516	0.00358	0.36507
37	0.01016	0.04727	0.05424	0.00903	0.01108	0.00727	0.02774	0.01225	0.01128	0.09606	0.07904	0.25968	0.02295	0.01877	0.20305	0.00359	0.00682	0.03659	0.03981	0.04332

[dist]
# distance from previous block
# <min> <max>
4	19

[block]
# block no. 8 follows, 44 sequences, length 30
# corresponding to MSA columns:
# 369-395,398-400
name=unknown_I
#
# <colnr> <probs for GDERKNQSTAVLIFYWHMCP>
#	G	D	E	R	K	N	Q	S	T	A	V	L	I	F	Y	W	H	M	C	P
0	0.01159	0.02213	0.50697	0.04285	0.12547	0.01242	0.02685	0.04518	0.05935	0.01823	0.03993	0.01400	0.00981	0.00684	0.03343	0.00197	0.00754	0.00465	0.00285	0.00792
1	0.01226	0.01205	0.01806	0.41962	0.15292	0.07431	0.08588	0.04232	0.02554	0.01596	0.01046	0.01427	0.00817	0.00659	0.03352	0.00195	0.00750	0.00490	0.01543	0.03829
2	0.01010	0.00860	0.01287	0.04675	0.10603	0.00904	0.07261	0.03118	0.01105	0.01555	0.13794	0.02539	0.01930	0.26572	0.06194	0.00331	0.09459	0.00675	0.00351	0.05776
3	0.01558	0.15152	0.04911	0.04102	0.01604	0.02109	0.10197	0.07205	0.06116	0.22266	0.06549	0.02172	0.12255	0.00729	0.00543	0.00165	0.00541	0.00617	0.00462	0.00747
4	0.00670	0.00494	0.00630	0.00735	0.00796	0.00453	0.00506	0.00778	0.01086	0.01415	0.03416	0.64932	0.15756	0.01645	0.00690	0.00216	0.00317	0.04509	0.00506	0.00448
5	0.02240	0.00882	0.01199	0.00935	0.01321	0.00766	0.00766	0.02457	0.01558	0.68517	0.11374	0.02128	0.01816	0.00729	0.00560	0.00169	0.00438	0.00602	0.00666	0.00877
6	0.00958	0.00799	0.01087	0.13892	0.01532	0.00849	0.03913	0.01505	0.17357	0.01958	0.34063	0.03348	0.09103	0.00964	0.00616	0.00184	0.00420	0.06342	0.00503	0.00608
7	0.01626	0.58310	0.02475	0.01070	0.01483	0.24412	0.00968	0.01791	0.01235	0.01298	0.00783	0.00906	0.00700	0.00494	0.00391	0.00124	0.00699	0.00309	0.00247	0.00680
8	0.00704	0.00536	0.00656	0.00725	0.00835	0.00488	0.00542	0.00855	0.01189	0.01521	0.09154	0.34490	0.29970	0.01512	0.00684	0.00210	0.00332	0.14620	0.00512	0.00465
9	0.01764	0.01157	0.01289	0.01041	0.01383	0.01221	0.00839	0.44220	0.02019	0.13957	0.02015	0.11495	0.07479	0.00844	0.00560	0.00170	0.00494	0.00684	0.06569	0.00800
10	0.00767	0.00611	0.00829	0.01014	0.10209	0.00567	0.00630	0.00935	0.01222	0.01630	0.19400	0.36823	0.20609	0.01354	0.00653	0.00195	0.00335	0.01205	0.00497	0.00514
11	0.02236	0.00932	0.01206	0.00940	0.01326	0.00848	0.00771	0.09254	0.01602	0.61598	0.02027	0.01827	0.01316	0.00668	0.00527	0.00163	0.00451	0.00538	0.10893	0.00876
12	0.02430	0.00953	0.01281	0.00982	0.01404	0.00839	0.00811	0.05734	0.01603	0.74680	0.02115	0.01833	0.01332	0.00674	0.00548	0.00168	0.00470	0.00546	0.00669	0.00928
13	0.00661	0.00487	0.00620	0.00726	0.00782	0.00446	0.00491	0.00763	0.01075	0.01405	0.03406	0.68492	0.15339	0.01656	0.00688	0.00215	0.00310	0.01486	0.00506	0.00446
14	0.01228	0.00986	0.01088	0.01000	0.01247	0.01096	0.00765	0.06887	0.47225	0.03875	0.11174	0.16783	0.02383	0.00957	0.00591	0.00188	0.00401	0.00824	0.00553	0.00749
15	0.69384	0.01105	0.00933	0.00799	0.01154	0.01254	0.00658	0.10771	0.01169	0.07285	0.00914	0.00998	0.00679	0.00535	0.00376	0.00168	0.00446	0.00335	0.00384	0.00653
16	0.01267	0.32540	0.36866	0.01389	0.02013	0.01624	0.10584	0.01742	0.04306	0.01582	0.00961	0.01122	0.00752	0.00500	0.00471	0.00153	0.00719	0.00399	0.00251	0.00759
17	0.50904	0.08684	0.10616	0.00959	0.01354	0.11230	0.00880	0.02735	0.03946	0.02102	0.00859	0.00983	0.00674	0.00528	0.00412	0.00162	0.01673	0.00333	0.00317	0.00647
18	0.00761	0.00557	0.00714	0.00675	0.00808	0.00510	0.00506	0.01008	0.01518	0.02126	0.71097	0.04172	0.11236	0.01137	0.00643	0.00173	0.00259	0.01000	0.00592	0.00510
19	0.00787	0.00553	0.00720	0.00720	0.00763	0.00596	0.00486	0.00873	0.00830	0.01150	0.01603	0.02934	0.01707	0.46754	0.36485	0.00683	0.00942	0.00700	0.00313	0.00400
20	0.01965	0.08655	0.01672	0.01340	0.01654	0.55322	0.01046	0.15729	0.01672	0.01719	0.00918	0.01043	0.00744	0.00586	0.00539	0.00147	0.03858	0.00377	0.00325	0.00691
21	0.00773	0.00520	0.00600	0.00620	0.00625	0.00515	0.00357	0.00788	0.00831	0.01108	0.01914	0.15294	0.02230	0.68777	0.02458	0.00482	0.00496	0.00908	0.00357	0.00347
22	0.72847	0.01080	0.01024	0.00860	0.01220	0.01209	0.06615	0.01680	0.00996	0.07107	0.00874	0.00993	0.00657	0.00513	0.00375	0.00170	0.00464	0.00339	0.00354	0.00623
23	0.01138	0.02566	0.63598	0.07863	0.02481	0.04192	0.07238	0.01718	0.01171	0.01686	0.00981	0.01192	0.00704	0.00518	0.00528	0.00173	0.00814	0.00425	0.00236	0.00778
24	0.00746	0.00556	0.00693	0.00659	0.00799	0.00503	0.00494	0.00979	0.01482	0.02041	0.62593	0.04311	0.19794	0.01169	0.00643	0.00174	0.00261	0.01019	0.00581	0.00503
25	0.00691	0.00498	0.00655	0.00734	0.00795	0.00462	0.00505	0.00830	0.01179	0.01600	0.22246	0.58333	0.06356	0.01544	0.00681	0.00207	0.00300	0.01391	0.00530	0.00462
26	0.02038	0.06168	0.04804	0.01147	0.01583	0.01121	0.06887	0.09695	0.12537	0.45337	0.01857	0.01706	0.01243	0.00645	0.00543	0.00169	0.00531	0.00538	0.00566	0.00883
27	0.01365	0.01205	0.01335	0.01145	0.01467	0.04084	0.03702	0.02535	0.55151	0.03854	0.01877	0.01807	0.01426	0.00693	0.00614	0.00173	0.05438	0.00561	0.00489	0.11079
28	0.01245	0.01240	0.10630	0.00941	0.01459	0.00873	0.00851	0.07420	0.01262	0.04411	0.01036	0.01171	0.00821	0.00447	0.00434	0.00102	0.00471	0.00354	0.00341	0.64493
29	0.00789	0.00579	0.00628	0.00601	0.00794	0.00492	0.00456	0.00950	0.01310	0.06918	0.15936	0.04835	0.61197	0.01292	0.00637	0.00181	0.00286	0.01084	0.00532	0.00501

[dist]
# distance from previous block
# <min> <max>
0	1

[block]
# block no. 9 follows, 44 sequences, length 8
# corresponding to MSA columns:
# 402-409
name=unknown_J
#
# <colnr> <probs for GDERKNQSTAVLIFYWHMCP>
#	G	D	E	R	K	N	Q	S	T	A	V	L	I	F	Y	W	H	M	C	P
0	0.00974	0.00706	0.01141	0.09381	0.01436	0.00685	0.10274	0.01163	0.01151	0.09510	0.04995	0.51005	0.02757	0.01294	0.00656	0.00205	0.00451	0.01195	0.00469	0.00551
1	0.06031	0.05210	0.12396	0.09772	0.09056	0.01277	0.08246	0.15454	0.03906	0.21241	0.01367	0.01440	0.00959	0.00581	0.00531	0.00169	0.00627	0.00491	0.00425	0.00822
2	0.01541	0.00842	0.01056	0.00909	0.01172	0.00823	0.00724	0.14973	0.01602	0.26149	0.18503	0.12649	0.02515	0.01103	0.04003	0.00210	0.00461	0.05642	0.04417	0.00708
3	0.00866	0.00542	0.00704	0.00750	0.00852	0.00492	0.00529	0.00999	0.01184	0.09657	0.12704	0.54358	0.11312	0.01487	0.00668	0.00205	0.00320	0.01329	0.00536	0.00506
4	0.10338	0.09559	0.23660	0.01492	0.12661	0.04874	0.02854	0.01912	0.01256	0.20890	0.01317	0.04657	0.00999	0.00598	0.00502	0.00165	0.00624	0.00480	0.00374	0.00787
5	0.29421	0.07087	0.01399	0.01098	0.01420	0.16970	0.05643	0.04942	0.03157	0.09924	0.01230	0.01667	0.01035	0.00669	0.00539	0.00172	0.04366	0.08220	0.00377	0.00663
6	0.24410	0.01376	0.11006	0.01068	0.01457	0.01331	0.00948	0.07504	0.40705	0.02336	0.01592	0.01552	0.01190	0.00641	0.00489	0.00177	0.00489	0.00491	0.00452	0.00785
7	0.10313	0.17895	0.04717	0.01015	0.03888	0.03013	0.00855	0.11083	0.01319	0.04949	0.00992	0.01107	0.00793	0.00482	0.00420	0.00119	0.00508	0.00353	0.00342	0.35835

[dist]
# distance from previous block
# <min> <max>
0	37

[block]
# block no. 10 follows, 44 sequences, length 23
# corresponding to MSA columns:
# 447-469
name=unknown_K
#
# <colnr> <probs for GDERKNQSTAVLIFYWHMCP>
#	G	D	E	R	K	N	Q	S	T	A	V	L	I	F	Y	W	H	M	C	P
0	0.01368	0.10733	0.12022	0.01756	0.19785	0.16581	0.04086	0.04749	0.01257	0.01588	0.01149	0.07046	0.01043	0.01042	0.09760	0.00246	0.04273	0.00521	0.00293	0.00703
1	0.04661	0.01184	0.07754	0.01219	0.02674	0.01019	0.10265	0.05447	0.10232	0.35407	0.01736	0.03141	0.01231	0.00887	0.06234	0.00221	0.00619	0.00554	0.00503	0.05013
2	0.00936	0.00477	0.00702	0.00702	0.00702	0.00477	0.00463	0.00716	0.00716	0.00955	0.01003	0.01796	0.01022	0.07641	0.02178	0.78052	0.00477	0.00497	0.00244	0.00244
3	0.00664	0.00474	0.00633	0.00759	0.00791	0.00443	0.00506	0.00759	0.01044	0.01392	0.03005	0.80485	0.03606	0.01708	0.00696	0.00221	0.00316	0.01550	0.00506	0.00443
4	0.11095	0.00918	0.01068	0.00949	0.01185	0.00984	0.00763	0.19946	0.01561	0.08523	0.17025	0.11107	0.02365	0.01208	0.06143	0.00237	0.03876	0.09891	0.00502	0.00653
5	0.01455	0.32262	0.21694	0.01392	0.01946	0.05218	0.13948	0.12751	0.01387	0.01798	0.00959	0.01116	0.00753	0.00511	0.00478	0.00150	0.00718	0.00412	0.00289	0.00763
6	0.00699	0.00496	0.00654	0.00764	0.00804	0.00470	0.00524	0.00804	0.01057	0.01410	0.05379	0.64280	0.03468	0.08859	0.00888	0.00250	0.00350	0.07913	0.00493	0.00440
7	0.00728	0.00520	0.00704	0.00820	0.00883	0.00497	0.00606	0.00875	0.01131	0.01505	0.07628	0.55880	0.03578	0.01617	0.00708	0.00226	0.00362	0.20758	0.00511	0.00463
8	0.01163	0.02600	0.13173	0.11365	0.05276	0.01284	0.08101	0.01546	0.06556	0.04126	0.01345	0.08502	0.01240	0.00841	0.00957	0.00204	0.24981	0.05751	0.00322	0.00666
9	0.02002	0.00851	0.01107	0.00886	0.01241	0.00754	0.00719	0.02271	0.05023	0.56643	0.07019	0.02433	0.11204	0.00792	0.00559	0.00170	0.00417	0.00652	0.04438	0.00822
10	0.07020	0.00596	0.00671	0.00659	0.00744	0.00599	0.00449	0.01058	0.00987	0.05278	0.07114	0.03387	0.02114	0.46847	0.01819	0.00379	0.00460	0.08184	0.11203	0.00433
11	0.02123	0.09277	0.01588	0.01195	0.01562	0.34839	0.00956	0.12522	0.01651	0.27065	0.01335	0.01309	0.00949	0.00603	0.00505	0.00151	0.00719	0.00431	0.00444	0.00778
12	0.01361	0.04930	0.01679	0.23073	0.22192	0.06943	0.01263	0.01695	0.05085	0.09844	0.01511	0.01868	0.05786	0.00677	0.00638	0.00176	0.06395	0.03828	0.00343	0.00714
13	0.84691	0.01054	0.00801	0.00717	0.01054	0.01223	0.00590	0.01603	0.00928	0.02446	0.00759	0.00886	0.00590	0.00506	0.00337	0.00169	0.00422	0.00295	0.00337	0.00590
14	0.01521	0.59398	0.07969	0.01098	0.01578	0.06567	0.04321	0.09153	0.01292	0.01555	0.00849	0.00971	0.00728	0.00494	0.00403	0.00130	0.00639	0.00339	0.00269	0.00728
15	0.00719	0.00555	0.00655	0.00630	0.00782	0.00492	0.00473	0.00926	0.01418	0.01889	0.47330	0.04561	0.35151	0.01225	0.00644	0.00177	0.00265	0.01054	0.00561	0.00492
16	0.01381	0.33394	0.08934	0.04013	0.01487	0.11581	0.00958	0.01606	0.01235	0.06855	0.08132	0.10252	0.01485	0.00696	0.00474	0.00146	0.00582	0.00542	0.00340	0.05908
17	0.11353	0.04201	0.05054	0.10892	0.10567	0.01140	0.11651	0.01825	0.03859	0.19833	0.06137	0.04729	0.01309	0.00656	0.00597	0.00176	0.04310	0.00567	0.00407	0.00737
18	0.00801	0.00531	0.00636	0.00634	0.00650	0.00539	0.00383	0.00816	0.00833	0.01126	0.05427	0.03322	0.02008	0.63911	0.09903	0.06437	0.00600	0.00760	0.00334	0.00348
19	0.01913	0.02190	0.04708	0.01444	0.01797	0.51582	0.09319	0.05316	0.06248	0.08732	0.01106	0.01206	0.00846	0.00574	0.00521	0.00153	0.00869	0.00427	0.00344	0.00705
20	0.04276	0.04135	0.20002	0.13156	0.08836	0.05149	0.01273	0.06457	0.08437	0.11364	0.05540	0.01781	0.05949	0.00654	0.00534	0.00170	0.00615	0.00534	0.00385	0.00752
21	0.00853	0.00575	0.00681	0.00694	0.00834	0.00527	0.00504	0.01065	0.04418	0.06998	0.13784	0.31141	0.27204	0.01329	0.00633	0.00190	0.00306	0.01158	0.06592	0.00515
22	0.01122	0.00783	0.00981	0.01013	0.06415	0.00786	0.00725	0.07835	0.09810	0.07549	0.21427	0.12524	0.08873	0.01057	0.00609	0.00184	0.00387	0.09805	0.07485	0.00629

[dist]
# distance from previous block
# <min> <max>
0	1

[block]
# block no. 11 follows, 44 sequences, length 24
# corresponding to MSA columns:
# 471-494
name=unknown_L
#
# <colnr> <probs for GDERKNQSTAVLIFYWHMCP>
#	G	D	E	R	K	N	Q	S	T	A	V	L	I	F	Y	W	H	M	C	P
