[name]
unknown

[dist]
# distance from previous block
# <min> <max>
4	83

[block]
# block no. 0 follows, 43 sequences, length 56
# corresponding to MSA columns:
# 219-240,244-277
name=unknown_A
#
# <colnr> <probs for GDERKNQSTAVLIFYWHMCP>
#	G	D	E	R	K	N	Q	S	T	A	V	L	I	F	Y	W	H	M	C	P
0	0.07171	0.10807	0.17167	0.01174	0.05850	0.03068	0.01059	0.03051	0.03665	0.18950	0.01916	0.07857	0.09211	0.00743	0.00523	0.00165	0.00544	0.00599	0.00421	0.06060
1	0.11039	0.09175	0.36237	0.01284	0.01880	0.01324	0.03009	0.07409	0.06738	0.14893	0.01270	0.01319	0.00897	0.00572	0.00502	0.00170	0.00653	0.00439	0.00372	0.00817
2	0.16224	0.13694	0.09719	0.01068	0.03117	0.03449	0.02796	0.05555	0.03168	0.12073	0.02404	0.03039	0.01148	0.07275	0.12698	0.00303	0.00714	0.00498	0.00372	0.00684
3	0.10269	0.11836	0.18132	0.01148	0.02957	0.03021	0.03190	0.04744	0.01380	0.24030	0.10613	0.01693	0.01463	0.00641	0.00511	0.00163	0.00566	0.00508	0.00442	0.02693
4	0.15408	0.08047	0.14871	0.01347	0.11670	0.01167	0.01100	0.01722	0.01211	0.13031	0.07074	0.01466	0.01184	0.00593	0.00553	0.00157	0.04955	0.00453	0.00369	0.13623
5	0.01675	0.28557	0.07529	0.01306	0.09437	0.05098	0.01062	0.02042	0.08254	0.20097	0.01315	0.01344	0.00988	0.00573	0.00512	0.00149	0.02985	0.00430	0.00389	0.06258
6	0.11531	0.08369	0.04286	0.00832	0.01202	0.00936	0.00714	0.01578	0.01209	0.11915	0.07816	0.02732	0.01364	0.00603	0.00481	0.00134	0.02540	0.00465	0.13277	0.28017
7	0.01360	0.02028	0.43209	0.01461	0.07193	0.01126	0.01527	0.04820	0.02780	0.13296	0.02895	0.04959	0.01086	0.00614	0.00533	0.00166	0.00662	0.00502	0.00355	0.09428
8	0.02906	0.02001	0.29209	0.01386	0.01944	0.07346	0.04387	0.24495	0.07474	0.11450	0.01329	0.01370	0.00937	0.00606	0.00542	0.00171	0.00696	0.00475	0.00419	0.00856
9	0.01290	0.07796	0.41839	0.01392	0.05302	0.01152	0.03584	0.01750	0.01305	0.12523	0.14928	0.01808	0.01631	0.00652	0.00546	0.00170	0.00647	0.00540	0.00369	0.00775
10	0.07528	0.02720	0.69456	0.01509	0.02275	0.03631	0.01906	0.01758	0.01164	0.01798	0.00973	0.01143	0.00694	0.00527	0.00511	0.00174	0.00794	0.00399	0.00244	0.00796
11	0.01531	0.13648	0.07413	0.01037	0.01503	0.01331	0.00928	0.25728	0.03916	0.03531	0.01183	0.01275	0.00913	0.00544	0.00463	0.00130	0.00526	0.00412	0.06407	0.27583
12	0.01580	0.01287	0.02000	0.01542	0.01970	0.01325	0.27035	0.08100	0.32563	0.13777	0.01772	0.01780	0.01284	0.00634	0.00594	0.00183	0.00631	0.00615	0.00482	0.00846
13	0.02198	0.01026	0.01431	0.01374	0.13125	0.00950	0.00958	0.02570	0.09246	0.57980	0.02015	0.01824	0.01328	0.00663	0.00556	0.00172	0.00497	0.00554	0.00609	0.00926
14	0.00982	0.01219	0.17474	0.01107	0.01400	0.00960	0.02429	0.01540	0.16156	0.01650	0.03768	0.14017	0.01725	0.02066	0.28039	0.00440	0.03286	0.00721	0.00377	0.00643
15	0.00893	0.00657	0.00858	0.01037	0.12438	0.00657	0.00547	0.00944	0.00876	0.01188	0.01636	0.03276	0.01838	0.68150	0.02468	0.00479	0.00556	0.00757	0.00326	0.00419
16	0.01163	0.02063	0.47500	0.01325	0.01904	0.01119	0.01516	0.01819	0.12191	0.06701	0.03622	0.13653	0.01471	0.00773	0.00565	0.00185	0.00648	0.00647	0.00365	0.00770
17	0.01234	0.00982	0.01157	0.00831	0.01319	0.00743	0.00666	0.01478	0.01176	0.06640	0.01061	0.01196	0.00856	0.00428	0.00420	0.00088	0.00414	0.00343	0.00351	0.78619
18	0.00896	0.00850	0.06857	0.01002	0.06839	0.00707	0.00755	0.01290	0.07256	0.02140	0.57349	0.03569	0.06284	0.01014	0.00628	0.00175	0.00349	0.00892	0.00549	0.00598
19	0.00869	0.00684	0.00977	0.01124	0.12636	0.00656	0.00713	0.01131	0.01454	0.02053	0.56068	0.03613	0.07507	0.01277	0.06592	0.00228	0.00417	0.00899	0.00529	0.00573
20	0.01446	0.01385	0.05165	0.02465	0.40580	0.07090	0.12742	0.01775	0.01351	0.09170	0.08839	0.01758	0.01376	0.00596	0.00575	0.00170	0.00672	0.01692	0.00352	0.00802
21	0.00688	0.00506	0.00649	0.00758	0.00821	0.00467	0.00529	0.00804	0.01108	0.01445	0.03439	0.62926	0.14953	0.01668	0.00703	0.00221	0.00329	0.07014	0.00514	0.00457
22	0.01465	0.35180	0.33195	0.01255	0.01848	0.09128	0.01398	0.01832	0.01222	0.07399	0.00980	0.01091	0.00758	0.00521	0.00455	0.00148	0.00715	0.00368	0.00275	0.00766
23	0.01281	0.02446	0.58320	0.01805	0.13794	0.01264	0.01874	0.03579	0.01250	0.07676	0.01102	0.01260	0.00786	0.00537	0.00533	0.00173	0.00762	0.00436	0.00283	0.00840
24	0.00775	0.00566	0.00728	0.00687	0.00822	0.00519	0.00515	0.01027	0.01546	0.02170	0.71761	0.04221	0.10286	0.01151	0.00653	0.00175	0.00263	0.01013	0.00603	0.00519
25	0.01136	0.08244	0.72511	0.01535	0.02330	0.01349	0.01970	0.01747	0.01166	0.01723	0.00978	0.01150	0.00702	0.00523	0.00514	0.00171	0.00803	0.00401	0.00234	0.00811
26	0.00919	0.00708	0.00857	0.00794	0.00967	0.00717	0.00603	0.01476	0.18490	0.02243	0.59862	0.03667	0.04423	0.01046	0.00633	0.00177	0.00301	0.00916	0.00599	0.00603
27	0.01234	0.01115	0.01683	0.02287	0.43295	0.01144	0.01250	0.01808	0.17232	0.02000	0.17674	0.02181	0.03281	0.00701	0.00576	0.00172	0.00519	0.00643	0.00412	0.00794
28	0.01705	0.01352	0.01437	0.01193	0.01565	0.01530	0.00956	0.35452	0.43039	0.02845	0.01838	0.01735	0.01354	0.00712	0.00559	0.00178	0.00515	0.00569	0.00559	0.00906
29	0.65773	0.01059	0.00950	0.00858	0.01133	0.01263	0.00712	0.01548	0.00954	0.02252	0.00930	0.01356	0.00817	0.00659	0.00593	0.00188	0.12094	0.05927	0.00341	0.00594
30	0.01123	0.02789	0.74202	0.01558	0.02354	0.01290	0.01993	0.01808	0.04566	0.01779	0.01051	0.01210	0.00746	0.00536	0.00528	0.00176	0.00801	0.00419	0.00249	0.00821
31	0.01111	0.02865	0.77667	0.01579	0.02397	0.01286	0.02046	0.01754	0.01169	0.01754	0.00994	0.01169	0.00702	0.00526	0.00526	0.00175	0.00818	0.00409	0.00234	0.00818
32	0.02717	0.42280	0.36633	0.01241	0.01864	0.03702	0.01442	0.01715	0.01153	0.01528	0.00873	0.01018	0.00705	0.00501	0.00436	0.00146	0.00702	0.00349	0.00239	0.00756
33	0.01111	0.02865	0.77667	0.01579	0.02397	0.01286	0.02046	0.01754	0.01169	0.01754	0.00994	0.01169	0.00702	0.00526	0.00526	0.00175	0.00818	0.00409	0.00234	0.00818
34	0.01349	0.27951	0.42645	0.01370	0.02016	0.07094	0.03537	0.05088	0.01252	0.01659	0.00930	0.01082	0.00720	0.00517	0.00474	0.00155	0.00752	0.00380	0.00254	0.00775
35	0.00818	0.00601	0.00754	0.00721	0.00859	0.00574	0.00538	0.01151	0.06683	0.02127	0.60506	0.09859	0.08074	0.01151	0.00644	0.00178	0.00279	0.01014	0.02930	0.00539
36	0.00775	0.02919	0.03841	0.00710	0.00861	0.00563	0.00554	0.00965	0.01252	0.01711	0.21305	0.28782	0.22269	0.01302	0.00629	0.00188	0.00318	0.01135	0.09421	0.00502
37	0.00812	0.00566	0.00701	0.00695	0.00733	0.00598	0.00456	0.00874	0.00857	0.01175	0.01824	0.03202	0.05331	0.51867	0.22199	0.02193	0.02533	0.00748	0.02246	0.00391
38	0.03065	0.01321	0.03390	0.02304	0.37762	0.01409	0.02911	0.10174	0.12730	0.05135	0.01253	0.01458	0.00996	0.00634	0.00746	0.00181	0.12819	0.00513	0.00362	0.00836
39	0.01035	0.01299	0.13643	0.01526	0.01938	0.01001	0.30406	0.01405	0.01257	0.01683	0.04006	0.06774	0.14689	0.00992	0.02444	0.00215	0.00694	0.13980	0.00374	0.00642
40	0.01046	0.00984	0.01661	0.79205	0.03814	0.01230	0.01538	0.01415	0.01107	0.01415	0.00984	0.01477	0.00738	0.00554	0.00554	0.00185	0.00738	0.00492	0.00246	0.00615
41	0.05689	0.01123	0.01368	0.01059	0.01484	0.01098	0.00873	0.22490	0.04397	0.51602	0.01896	0.01699	0.01233	0.00675	0.00548	0.00171	0.00506	0.00533	0.00631	0.00926
42	0.01320	0.01265	0.02157	0.15130	0.65744	0.01303	0.01675	0.01656	0.01237	0.01748	0.01033	0.01387	0.00856	0.00503	0.00549	0.00168	0.00670	0.00493	0.00270	0.00837
43	0.00808	0.00521	0.00695	0.00779	0.00847	0.00481	0.00535	0.00928	0.01143	0.06660	0.09863	0.67768	0.03653	0.01608	0.00692	0.00217	0.00326	0.01452	0.00535	0.00490
44	0.00805	0.00537	0.00604	0.00604	0.00604	0.00537	0.00336	0.00805	0.00805	0.01074	0.01745	0.03624	0.02013	0.80536	0.02819	0.00537	0.00537	0.00805	0.00336	0.00336
45	0.00925	0.08482	0.00960	0.06782	0.01099	0.04018	0.00617	0.01126	0.01259	0.01705	0.18084	0.16715	0.18789	0.01074	0.00571	0.00172	0.00376	0.00913	0.15804	0.00527
46	0.00800	0.00557	0.00708	0.00708	0.00744	0.00593	0.00465	0.00872	0.00836	0.01151	0.01650	0.03099	0.01786	0.52860	0.30183	0.00665	0.00880	0.00729	0.00321	0.00393
47	0.26756	0.00956	0.01182	0.26128	0.06581	0.01099	0.00949	0.03558	0.04762	0.01881	0.06923	0.01853	0.01298	0.12971	0.00847	0.00233	0.00552	0.00527	0.00344	0.00598
48	0.01322	0.02569	0.65916	0.01487	0.02246	0.01214	0.01857	0.01899	0.01233	0.13401	0.01177	0.01279	0.00805	0.00551	0.00531	0.00175	0.00765	0.00432	0.00303	0.00838
49	0.01398	0.01618	0.18981	0.01248	0.01693	0.01395	0.01167	0.10860	0.50420	0.02320	0.01858	0.01775	0.01377	0.00689	0.00554	0.00183	0.00546	0.00562	0.00486	0.00871
50	0.00906	0.19115	0.01217	0.00863	0.01017	0.00891	0.00692	0.01054	0.01120	0.01438	0.02500	0.46612	0.02882	0.01401	0.00638	0.00206	0.00423	0.16053	0.00449	0.00523
51	0.00781	0.00617	0.00885	0.01162	0.12602	0.00585	0.00690	0.00917	0.01107	0.01481	0.02937	0.62244	0.08843	0.01517	0.00678	0.00213	0.00370	0.01376	0.00477	0.00517
52	0.01415	0.49798	0.02224	0.01011	0.01368	0.14004	0.00908	0.01592	0.01142	0.01307	0.00949	0.01204	0.00867	0.01341	0.18424	0.00301	0.00863	0.00375	0.00258	0.00650
53	0.20531	0.01178	0.01752	0.02488	0.51213	0.01213	0.01317	0.01612	0.01221	0.02010	0.09204	0.01562	0.01285	0.00568	0.00512	0.00167	0.00562	0.00504	0.00326	0.00775
54	0.71610	0.13419	0.01137	0.00762	0.01125	0.01389	0.00654	0.01633	0.00971	0.02302	0.00771	0.00898	0.00617	0.00508	0.00345	0.00163	0.00454	0.00299	0.00326	0.00617
55	0.01456	0.01647	0.19013	0.01260	0.01715	0.01422	0.01181	0.16597	0.44589	0.02413	0.01784	0.01717	0.01317	0.00683	0.00553	0.00181	0.00559	0.00551	0.00485	0.00876

[dist]
# distance from previous block
# <min> <max>
0	1

[block]
# block no. 1 follows, 43 sequences, length 69
# corresponding to MSA columns:
# 279-347
name=unknown_B
#
# <colnr> <probs for GDERKNQSTAVLIFYWHMCP>
#	G	D	E	R	K	N	Q	S	T	A	V	L	I	F	Y	W	H	M	C	P
0	0.71440	0.01058	0.00946	0.12968	0.01499	0.01241	0.00746	0.01595	0.00968	0.02318	0.00804	0.00990	0.00621	0.00520	0.00376	0.00173	0.00477	0.00330	0.00328	0.00602
1	0.01523	0.01571	0.01912	0.02441	0.41985	0.19097	0.04194	0.01972	0.11563	0.03150	0.01270	0.04571	0.01071	0.00599	0.00550	0.00166	0.00700	0.00531	0.00334	0.00802
2	0.01480	0.01522	0.02142	0.03092	0.65326	0.13325	0.01602	0.01780	0.01309	0.01739	0.01013	0.01313	0.00852	0.00506	0.00541	0.00161	0.00711	0.00472	0.00276	0.00841
3	0.01478	0.01444	0.10442	0.01223	0.01622	0.02870	0.05509	0.24407	0.27108	0.02404	0.02048	0.02030	0.09698	0.00802	0.00640	0.03818	0.00561	0.00613	0.00479	0.00803
4	0.00962	0.00481	0.00722	0.00722	0.00722	0.00481	0.00481	0.00722	0.00722	0.00962	0.00962	0.01684	0.00962	0.01924	0.02165	0.83886	0.00481	0.00481	0.00241	0.00241
5	0.01107	0.00887	0.01167	0.14081	0.18228	0.04750	0.00918	0.01385	0.01244	0.01836	0.09190	0.02227	0.07554	0.00702	0.00504	0.00156	0.00465	0.00599	0.32386	0.00616
6	0.01111	0.02865	0.77667	0.01579	0.02397	0.01286	0.02046	0.01754	0.01169	0.01754	0.00994	0.01169	0.00702	0.00526	0.00526	0.00175	0.00818	0.00409	0.00234	0.00818
7	0.01046	0.00984	0.01661	0.79205	0.03814	0.01230	0.01538	0.01415	0.01107	0.01415	0.00984	0.01477	0.00738	0.00554	0.00554	0.00185	0.00738	0.00492	0.00246	0.00615
8	0.84448	0.01071	0.00814	0.00728	0.01071	0.01242	0.00600	0.01628	0.00943	0.02485	0.00771	0.00900	0.00600	0.00514	0.00343	0.00171	0.00428	0.00300	0.00343	0.00600
9	0.00852	0.00662	0.00786	0.00738	0.00908	0.00645	0.00558	0.01293	0.13131	0.02097	0.51501	0.04043	0.18425	0.01125	0.00639	0.00179	0.00293	0.00975	0.00584	0.00567
10	0.84448	0.01071	0.00814	0.00728	0.01071	0.01242	0.00600	0.01628	0.00943	0.02485	0.00771	0.00900	0.00600	0.00514	0.00343	0.00171	0.00428	0.00300	0.00343	0.00600
11	0.01428	0.41784	0.21654	0.01170	0.01680	0.09824	0.01219	0.05415	0.03155	0.01566	0.01041	0.05838	0.00924	0.00591	0.00451	0.00146	0.00673	0.00428	0.00282	0.00731
12	0.00872	0.00587	0.00751	0.00721	0.00867	0.00537	0.00547	0.01097	0.01458	0.06572	0.51479	0.08902	0.13968	0.03346	0.00717	0.00194	0.00305	0.05968	0.00582	0.00531
13	0.01162	0.01110	0.01906	0.51594	0.28204	0.01264	0.03838	0.01521	0.01165	0.01557	0.01008	0.01442	0.00788	0.00531	0.00555	0.00178	0.00717	0.00498	0.00256	0.00707
14	0.00732	0.00537	0.00595	0.00615	0.00686	0.00499	0.00393	0.00796	0.01006	0.01275	0.03308	0.16042	0.28618	0.40511	0.01731	0.00366	0.00413	0.01052	0.00426	0.00400
15	0.00675	0.00482	0.00643	0.00771	0.00803	0.00450	0.00514	0.00771	0.01060	0.01414	0.03053	0.80175	0.03663	0.01735	0.00707	0.00225	0.00321	0.01574	0.00514	0.00450
16	0.01322	0.01300	0.02319	0.12493	0.57805	0.01317	0.11910	0.01675	0.01249	0.01756	0.01046	0.01401	0.00855	0.00497	0.00564	0.00170	0.00706	0.00516	0.00272	0.00827
17	0.01212	0.01212	0.01696	0.01454	0.01454	0.01696	0.01212	0.01333	0.00848	0.01333	0.00727	0.01212	0.00727	0.00969	0.01818	0.00242	0.79523	0.00485	0.00242	0.00606
18	0.01309	0.01272	0.02077	0.22694	0.56073	0.03646	0.01639	0.01643	0.01231	0.01695	0.01021	0.01386	0.00837	0.00511	0.00548	0.00169	0.00689	0.00489	0.00267	0.00803
19	0.01117	0.02654	0.68862	0.01539	0.02298	0.01264	0.03665	0.01791	0.05186	0.01802	0.03974	0.01339	0.00931	0.00560	0.00536	0.00176	0.00780	0.00449	0.00267	0.00809
20	0.01501	0.01403	0.07363	0.01322	0.03000	0.09326	0.01108	0.10006	0.01267	0.11133	0.01237	0.03145	0.01094	0.07103	0.01267	0.00231	0.33758	0.03690	0.00362	0.00684
21	0.30140	0.01435	0.06336	0.04714	0.10505	0.04440	0.27154	0.05603	0.01239	0.02083	0.00979	0.01227	0.00750	0.00508	0.00512	0.00175	0.00699	0.00473	0.00312	0.00716
22	0.03073	0.01218	0.02039	0.14371	0.51198	0.01263	0.05872	0.01678	0.05210	0.01758	0.01171	0.01629	0.00993	0.03614	0.00644	0.00187	0.00661	0.02331	0.00295	0.00794
23	0.00766	0.00814	0.09323	0.00758	0.00975	0.00582	0.00659	0.01012	0.01367	0.01840	0.36570	0.12263	0.28581	0.01219	0.00645	0.00184	0.00337	0.01052	0.00525	0.00530
24	0.01046	0.00984	0.01661	0.79205	0.03814	0.01230	0.01538	0.01415	0.01107	0.01415	0.00984	0.01477	0.00738	0.00554	0.00554	0.00185	0.00738	0.00492	0.00246	0.00615
25	0.00863	0.00595	0.00775	0.00810	0.00935	0.00565	0.00627	0.01099	0.03218	0.05004	0.26901	0.22999	0.10001	0.03036	0.00735	0.00217	0.00362	0.20190	0.00549	0.00520
26	0.00691	0.00494	0.00657	0.00760	0.00807	0.00461	0.00515	0.00812	0.01135	0.01533	0.13949	0.68939	0.03894	0.01646	0.00699	0.00217	0.00312	0.01490	0.00528	0.00461
27	0.00892	0.00637	0.00892	0.01020	0.01147	0.00637	0.00892	0.01147	0.01275	0.01657	0.02932	0.06247	0.03187	0.01530	0.00765	0.00255	0.00510	0.73354	0.00510	0.00510
28	0.01046	0.00984	0.01661	0.79205	0.03814	0.01230	0.01538	0.01415	0.01107	0.01415	0.00984	0.01477	0.00738	0.00554	0.00554	0.00185	0.00738	0.00492	0.00246	0.00615
29	0.01307	0.01494	0.03268	0.02334	0.02894	0.01401	0.75070	0.01774	0.01307	0.01774	0.01120	0.01494	0.00840	0.00467	0.00654	0.00187	0.00934	0.00654	0.00280	0.00747
30	0.01129	0.06610	0.74077	0.01548	0.02350	0.01330	0.01993	0.01749	0.01167	0.01732	0.00983	0.01156	0.00702	0.00524	0.00518	0.00173	0.00808	0.00404	0.00234	0.00813
31	0.01371	0.01316	0.02248	0.03399	0.77081	0.01316	0.01700	0.01700	0.01261	0.01809	0.01042	0.01371	0.00877	0.00493	0.00548	0.00164	0.00658	0.00493	0.00274	0.00877
32	0.01378	0.01190	0.01252	0.01127	0.01440	0.01378	0.00877	0.02943	0.76081	0.02317	0.02254	0.02066	0.01691	0.00751	0.00564	0.00188	0.00438	0.00626	0.00564	0.00877
33	0.00898	0.00718	0.00987	0.01023	0.01087	0.00819	0.00824	0.01062	0.01089	0.01480	0.02396	0.26022	0.02695	0.06131	0.01109	0.00260	0.18401	0.32056	0.00440	0.00504
34	0.01371	0.01316	0.02248	0.03399	0.77081	0.01316	0.01700	0.01700	0.01261	0.01809	0.01042	0.01371	0.00877	0.00493	0.00548	0.00164	0.00658	0.00493	0.00274	0.00877
35	0.00696	0.00554	0.00625	0.00626	0.00779	0.00482	0.00462	0.00869	0.01333	0.01709	0.27104	0.13384	0.46703	0.01357	0.00660	0.00187	0.00279	0.01163	0.00543	0.00482
36	0.00705	0.00566	0.00606	0.00630	0.00784	0.00502	0.00459	0.00897	0.04213	0.01535	0.04725	0.22196	0.53800	0.01420	0.00651	0.00193	0.00295	0.01212	0.04130	0.00482
37	0.01198	0.00664	0.00815	0.00745	0.00962	0.00594	0.00575	0.01420	0.03073	0.21058	0.18734	0.12372	0.25892	0.01143	0.00620	0.00183	0.00339	0.03165	0.05837	0.00612
38	0.02069	0.02640	0.01569	0.01427	0.01712	0.78313	0.01070	0.02212	0.01569	0.01355	0.00856	0.00999	0.00713	0.00571	0.00499	0.00143	0.00999	0.00357	0.00285	0.00642
39	0.01212	0.01212	0.01696	0.01454	0.01454	0.01696	0.01212	0.01333	0.00848	0.01333	0.00727	0.01212	0.00727	0.00969	0.01818	0.00242	0.79523	0.00485	0.00242	0.00606
40	0.00943	0.00574	0.00742	0.00752	0.00876	0.00521	0.00539	0.01097	0.01268	0.11600	0.21755	0.39851	0.11291	0.04587	0.00753	0.00214	0.00330	0.01223	0.00554	0.00530
41	0.00849	0.00573	0.00718	0.00703	0.00845	0.00515	0.00519	0.01046	0.01395	0.07047	0.40661	0.20449	0.20024	0.01288	0.00658	0.00188	0.00293	0.01129	0.00574	0.00524
42	0.01399	0.37504	0.27707	0.01204	0.01754	0.10324	0.01304	0.04900	0.01263	0.01567	0.01173	0.01284	0.05341	0.00567	0.00456	0.00147	0.00696	0.00403	0.00272	0.00735
43	0.01524	0.01191	0.01339	0.00990	0.01463	0.01099	0.00804	0.28479	0.01690	0.03805	0.01133	0.01228	0.00875	0.00509	0.00466	0.00115	0.00484	0.00395	0.00417	0.51995
44	0.06100	0.00960	0.01525	0.62265	0.03245	0.01185	0.01394	0.01394	0.01105	0.01504	0.01179	0.01967	0.01005	0.00679	0.00620	0.00194	0.04120	0.08676	0.00281	0.00602
45	0.01160	0.00851	0.00929	0.00849	0.01100	0.00872	0.00654	0.03467	0.29176	0.09692	0.06757	0.08082	0.29962	0.01059	0.00605	0.00186	0.00367	0.00890	0.02661	0.00682
46	0.01185	0.04255	0.28867	0.01655	0.16304	0.01097	0.05164	0.01645	0.04186	0.06538	0.17323	0.02141	0.05839	0.00708	0.00568	0.00173	0.00604	0.00617	0.00379	0.00752
47	0.00675	0.00482	0.00643	0.00771	0.00803	0.00450	0.00514	0.00771	0.01060	0.01414	0.03053	0.80175	0.03663	0.01735	0.00707	0.00225	0.00321	0.01574	0.00514	0.00450
48	0.04707	0.01561	0.17546	0.01788	0.20546	0.01299	0.03310	0.08292	0.23845	0.04262	0.06043	0.01701	0.01356	0.00637	0.00550	0.00176	0.00590	0.00545	0.00411	0.00836
49	0.01388	0.05415	0.05831	0.00935	0.01434	0.00957	0.00810	0.09246	0.01341	0.09011	0.01122	0.01223	0.00871	0.00473	0.00443	0.00107	0.00470	0.00370	0.00375	0.58178
50	0.02019	0.02489	0.01583	0.01419	0.01697	0.69133	0.01078	0.06474	0.01587	0.01480	0.00876	0.01031	0.00728	0.00600	0.00583	0.00150	0.05744	0.00373	0.00299	0.00658
51	0.01386	0.00890	0.05672	0.00983	0.01265	0.00742	0.00863	0.03874	0.01430	0.23358	0.13992	0.06172	0.02658	0.01087	0.00647	0.00201	0.00471	0.28643	0.00550	0.05117
52	0.79446	0.01166	0.00860	0.00771	0.01110	0.05922	0.00628	0.01663	0.00981	0.02416	0.00776	0.00906	0.00607	0.00518	0.00352	0.00170	0.00463	0.00303	0.00339	0.00602
53	0.02100	0.01718	0.01648	0.01298	0.01717	0.13463	0.01055	0.64037	0.02445	0.03163	0.01257	0.01279	0.00907	0.00650	0.00546	0.00163	0.00669	0.00477	0.00513	0.00896
54	0.01481	0.80869	0.02902	0.00948	0.01421	0.02191	0.00948	0.01658	0.01125	0.01303	0.00770	0.00888	0.00711	0.00474	0.00355	0.00118	0.00592	0.00296	0.00237	0.00711
55	0.01059	0.00998	0.01685	0.76149	0.06768	0.01234	0.01545	0.01427	0.01114	0.01431	0.00987	0.01472	0.00744	0.00551	0.00553	0.00184	0.00735	0.00492	0.00247	0.00626
56	0.02274	0.01280	0.01494	0.01146	0.01582	0.01315	0.00946	0.42923	0.02150	0.36444	0.01711	0.01577	0.01133	0.00674	0.00555	0.00169	0.00548	0.00525	0.00613	0.00942
57	0.00942	0.00489	0.00716	0.00713	0.00721	0.00487	0.00475	0.00746	0.00778	0.01045	0.05612	0.01947	0.01283	0.06523	0.02111	0.73877	0.00471	0.00532	0.00269	0.00263
58	0.00898	0.00586	0.00761	0.00704	0.00852	0.00539	0.00533	0.01156	0.01547	0.06660	0.68377	0.03893	0.04795	0.01080	0.00633	0.00172	0.00274	0.00949	0.05044	0.00547
59	0.00897	0.00504	0.00673	0.00673	0.00673	0.00504	0.00421	0.00756	0.00756	0.01009	0.01288	0.02490	0.01399	0.34606	0.02437	0.49235	0.00504	0.00616	0.00280	0.00280
60	0.01696	0.01333	0.01421	0.05884	0.01628	0.04380	0.00946	0.42231	0.16819	0.02726	0.04563	0.01843	0.01363	0.09675	0.00813	0.00213	0.00576	0.00573	0.00505	0.00812
61	0.01685	0.00711	0.00872	0.00734	0.00999	0.00652	0.00585	0.01923	0.01365	0.36291	0.04078	0.02041	0.01504	0.00677	0.00472	0.00150	0.00355	0.00548	0.43650	0.00710
62	0.00970	0.00995	0.09512	0.00928	0.01102	0.05465	0.00772	0.04317	0.01008	0.01368	0.01448	0.02370	0.01423	0.25906	0.37253	0.02694	0.01036	0.00614	0.00310	0.00506
63	0.01481	0.80869	0.02902	0.00948	0.01421	0.02191	0.00948	0.01658	0.01125	0.01303	0.00770	0.00888	0.00711	0.00474	0.00355	0.00118	0.00592	0.00296	0.00237	0.00711
64	0.00805	0.00537	0.00604	0.00604	0.00604	0.00537	0.00336	0.00805	0.00805	0.01074	0.01745	0.03624	0.02013	0.80536	0.02819	0.00537	0.00537	0.00805	0.00336	0.00336
65	0.02281	0.01118	0.01377	0.01066	0.01486	0.01090	0.00877	0.23782	0.04742	0.50772	0.04185	0.01798	0.01374	0.00695	0.00559	0.00171	0.00504	0.00556	0.00640	0.00927
66	0.03422	0.33811	0.40761	0.01306	0.01951	0.01669	0.02961	0.05292	0.01219	0.01678	0.00918	0.01065	0.00717	0.00511	0.00457	0.00152	0.00711	0.00371	0.00254	0.00775
67	0.74985	0.01269	0.07277	0.00821	0.01201	0.03566	0.00735	0.01656	0.00980	0.02390	0.00792	0.00925	0.00612	0.00517	0.00363	0.00171	0.00478	0.00311	0.00332	0.00619
68	0.01038	0.06255	0.41074	0.01291	0.01833	0.01089	0.06642	0.01529	0.02678	0.01881	0.24839	0.02215	0.03839	0.00732	0.00569	0.00173	0.00621	0.00627	0.00367	0.00708

[dist]
# distance from previous block
# <min> <max>
0	1

[block]
# block no. 2 follows, 43 sequences, length 35
# corresponding to MSA columns:
# 349-383
name=unknown_C
#
# <colnr> <probs for GDERKNQSTAVLIFYWHMCP>
#	G	D	E	R	K	N	Q	S	T	A	V	L	I	F	Y	W	H	M	C	P
0	0.00724	0.00520	0.00687	0.00738	0.00814	0.00483	0.00518	0.00894	0.01289	0.01777	0.36237	0.45955	0.04366	0.01464	0.00683	0.00202	0.00294	0.01317	0.00557	0.00483
1	0.01104	0.01743	0.34196	0.01689	0.18270	0.01052	0.01451	0.01569	0.03408	0.03728	0.18266	0.05978	0.03692	0.00746	0.00573	0.00176	0.00602	0.00646	0.00368	0.00743
2	0.01280	0.05027	0.35863	0.01417	0.06774	0.01238	0.01424	0.02024	0.19212	0.05629	0.01349	0.01419	0.01003	0.00566	0.00514	0.00161	0.00628	0.00457	0.00353	0.13662
3	0.12162	0.01443	0.11116	0.01698	0.11972	0.01318	0.17454	0.02135	0.27832	0.02058	0.01518	0.01737	0.01185	0.00624	0.00555	0.00183	0.00625	0.03201	0.00391	0.00791
4	0.01028	0.04868	0.00995	0.00837	0.01033	0.05895	0.00639	0.01546	0.18407	0.02001	0.39871	0.03370	0.10034	0.06168	0.00749	0.00197	0.00386	0.00841	0.00533	0.00603
5	0.00799	0.00543	0.00648	0.00652	0.00668	0.00557	0.00394	0.00831	0.00827	0.01117	0.01751	0.06006	0.01977	0.66606	0.13879	0.00578	0.00669	0.00800	0.00336	0.00363
6	0.02412	0.00921	0.01247	0.00962	0.01375	0.00799	0.00793	0.02628	0.01564	0.73685	0.02166	0.01894	0.01373	0.00683	0.00548	0.00169	0.00461	0.00555	0.04843	0.00921
7	0.00677	0.00526	0.00619	0.00690	0.00797	0.00468	0.00492	0.00802	0.01162	0.01463	0.04189	0.42830	0.36339	0.01576	0.00687	0.00210	0.00313	0.05186	0.00514	0.00461
8	0.01065	0.01004	0.01695	0.74809	0.08064	0.01235	0.01547	0.01432	0.01116	0.01438	0.00988	0.01470	0.00746	0.00550	0.00553	0.00183	0.00734	0.00492	0.00248	0.00630
9	0.00805	0.00537	0.00604	0.00604	0.00604	0.00537	0.00336	0.00805	0.00805	0.01074	0.01745	0.03624	0.02013	0.80536	0.02819	0.00537	0.00537	0.00805	0.00336	0.00336
10	0.42972	0.01069	0.01161	0.06124	0.06377	0.01139	0.00827	0.06225	0.01273	0.26055	0.01281	0.01304	0.00890	0.00578	0.00450	0.00171	0.00488	0.00418	0.00452	0.00747
11	0.01851	0.26122	0.01968	0.01238	0.01607	0.38380	0.01018	0.13408	0.06397	0.01732	0.00993	0.01085	0.00811	0.00568	0.00468	0.00142	0.00779	0.00378	0.00330	0.00724
12	0.02192	0.01365	0.01512	0.01184	0.01582	0.06387	0.00972	0.37569	0.02028	0.31837	0.01590	0.01515	0.01079	0.00686	0.00634	0.00172	0.05718	0.00511	0.00567	0.00901
13	0.01331	0.30146	0.46392	0.01318	0.01990	0.01573	0.01579	0.01782	0.01181	0.06558	0.00993	0.01118	0.00749	0.00518	0.00468	0.00155	0.00716	0.00379	0.00265	0.00789
14	0.04731	0.01542	0.01238	0.01269	0.08977	0.30693	0.00874	0.04413	0.06317	0.03966	0.02312	0.04947	0.19456	0.00826	0.00544	0.00163	0.00629	0.00646	0.05814	0.00643
15	0.02470	0.00966	0.01300	0.00997	0.01426	0.00850	0.00823	0.05552	0.01625	0.74555	0.02151	0.01863	0.01354	0.00685	0.00557	0.00171	0.00477	0.00555	0.00680	0.00943
16	0.06068	0.01857	0.06238	0.01777	0.05059	0.28212	0.29685	0.03692	0.01394	0.01693	0.01173	0.03649	0.01007	0.00618	0.00578	0.00174	0.00860	0.05264	0.00311	0.00693
17	0.01492	0.01841	0.26089	0.02025	0.25430	0.08236	0.04895	0.03502	0.01329	0.13146	0.01308	0.05925	0.01042	0.00614	0.00552	0.00172	0.00704	0.00534	0.00345	0.00817
18	0.00804	0.00541	0.00625	0.00625	0.00632	0.00548	0.00361	0.00819	0.00811	0.01089	0.01726	0.03521	0.01968	0.75067	0.08227	0.00562	0.00605	0.00790	0.00333	0.00347
19	0.01347	0.01286	0.02189	0.03299	0.74037	0.01285	0.01660	0.01670	0.01257	0.01798	0.01120	0.03044	0.00979	0.00539	0.00556	0.00168	0.00648	0.01972	0.00284	0.00861
20	0.01359	0.12544	0.39014	0.01640	0.13745	0.01316	0.01561	0.01861	0.04636	0.10836	0.05378	0.01455	0.01106	0.00577	0.00519	0.00166	0.00673	0.00468	0.00331	0.00814
21	0.01960	0.01232	0.06379	0.01536	0.14765	0.04882	0.03787	0.02224	0.01437	0.43547	0.04787	0.01809	0.01335	0.00679	0.00644	0.00176	0.05742	0.01711	0.00515	0.00855
22	0.00928	0.00752	0.00966	0.00896	0.00901	0.00909	0.00639	0.00979	0.00837	0.01184	0.01485	0.07241	0.01675	0.47850	0.04936	0.00436	0.25896	0.00740	0.00315	0.00434
23	0.05787	0.30580	0.28315	0.01145	0.01666	0.01521	0.01247	0.01731	0.09481	0.01674	0.03219	0.06892	0.03289	0.00657	0.00478	0.00160	0.00609	0.00505	0.00315	0.00731
24	0.02635	0.12445	0.25559	0.01552	0.12912	0.07958	0.01352	0.04742	0.02529	0.13860	0.02269	0.07362	0.01143	0.00653	0.00524	0.00166	0.00660	0.00528	0.00362	0.00788
25	0.04196	0.00901	0.01211	0.01002	0.03308	0.00816	0.00791	0.03594	0.01498	0.59588	0.04280	0.01939	0.01452	0.00952	0.06497	0.00224	0.00535	0.00562	0.05794	0.00859
26	0.01302	0.01348	0.02601	0.12853	0.36259	0.01340	0.32586	0.01694	0.01260	0.01743	0.01067	0.01436	0.00844	0.00490	0.00593	0.00176	0.00785	0.00561	0.00273	0.00788
27	0.03822	0.05218	0.06152	0.02114	0.36305	0.01155	0.01276	0.04764	0.01369	0.22391	0.02542	0.07824	0.01271	0.00662	0.00549	0.00170	0.00573	0.00585	0.00418	0.00839
28	0.01441	0.04353	0.22264	0.01244	0.01647	0.23876	0.01191	0.03577	0.07398	0.04177	0.06563	0.01762	0.06495	0.00701	0.00605	0.00166	0.05513	0.00519	0.05808	0.00698
29	0.01488	0.01655	0.01232	0.01215	0.01423	0.40205	0.00969	0.01686	0.01436	0.01524	0.04571	0.03496	0.02001	0.01027	0.00626	0.00195	0.00750	0.33524	0.00399	0.00578
30	0.06314	0.01627	0.18795	0.02185	0.29634	0.02581	0.11461	0.01936	0.04229	0.14010	0.01254	0.01419	0.00926	0.00541	0.00547	0.00172	0.00685	0.00498	0.00348	0.00837
31	0.09564	0.02741	0.06641	0.04322	0.31247	0.01176	0.01255	0.05641	0.03508	0.25037	0.02623	0.01527	0.01079	0.00584	0.00529	0.00169	0.00576	0.00498	0.00429	0.00854
32	0.00846	0.00801	0.06569	0.00883	0.01028	0.00696	0.00705	0.05267	0.02594	0.01638	0.08305	0.47130	0.12070	0.01468	0.01994	0.00221	0.05542	0.01229	0.00482	0.00532
33	0.00934	0.01358	0.25517	0.01262	0.08720	0.00836	0.01123	0.01241	0.01123	0.01573	0.02170	0.20707	0.07970	0.11431	0.00898	0.00240	0.00555	0.08090	0.03646	0.00605
34	0.09943	0.11976	0.12650	0.01099	0.01548	0.04377	0.01034	0.04157	0.01380	0.38980	0.01514	0.01458	0.01031	0.00631	0.00585	0.00168	0.05705	0.00461	0.00478	0.00826

[dist]
# distance from previous block
# <min> <max>
0	3

[block]
# block no. 3 follows, 43 sequences, length 6
# corresponding to MSA columns:
# 387-392
name=unknown_D
#
# <colnr> <probs for GDERKNQSTAVLIFYWHMCP>
#	G	D	E	R	K	N	Q	S	T	A	V	L	I	F	Y	W	H	M	C	P
0	0.57314	0.17237	0.01342	0.00841	0.01223	0.01494	0.00727	0.10921	0.01189	0.02373	0.00841	0.00952	0.00665	0.00525	0.00372	0.00160	0.00484	0.00324	0.00348	0.00665
1	0.04308	0.03996	0.33364	0.01198	0.01709	0.01004	0.01297	0.01833	0.01289	0.23256	0.03931	0.10269	0.01572	0.00811	0.00569	0.00185	0.00601	0.07608	0.00433	0.00766
2	0.01386	0.48477	0.17575	0.01056	0.01540	0.01677	0.01104	0.01650	0.01163	0.07608	0.01218	0.11030	0.01135	0.00661	0.00451	0.00148	0.00594	0.00501	0.00308	0.00718
3	0.08406	0.03422	0.01478	0.01526	0.18784	0.01109	0.00995	0.02238	0.17496	0.26618	0.04418	0.01720	0.01341	0.00629	0.00525	0.00165	0.00495	0.00527	0.00492	0.07618
4	0.24412	0.01341	0.14207	0.00984	0.01473	0.01028	0.00934	0.04684	0.01263	0.21419	0.01248	0.01279	0.00885	0.00539	0.00455	0.00149	0.00508	0.00399	0.00416	0.22376
5	0.08686	0.27242	0.10352	0.01237	0.09413	0.01425	0.01030	0.05303	0.03781	0.05891	0.10591	0.01524	0.01378	0.00592	0.00465	0.00145	0.00538	0.00457	0.00357	0.09593

[dist]
# distance from previous block
# <min> <max>
3	21

[block]
# block no. 4 follows, 43 sequences, length 11
# corresponding to MSA columns:
# 414-424
name=unknown_E
#
# <colnr> <probs for GDERKNQSTAVLIFYWHMCP>
#	G	D	E	R	K	N	Q	S	T	A	V	L	I	F	Y	W	H	M	C	P
0	0.13741	0.49822	0.17699	0.01102	0.01630	0.01833	0.04322	0.01678	0.01115	0.01590	0.00830	0.00973	0.00698	0.00490	0.00401	0.00141	0.00628	0.00335	0.00254	0.00718
1	0.01479	0.28175	0.29836	0.01275	0.03895	0.01528	0.01342	0.02010	0.10608	0.12946	0.01256	0.01301	0.00933	0.00560	0.00479	0.00157	0.00640	0.00423	0.00345	0.00810
2	0.02150	0.01195	0.12601	0.01058	0.01516	0.00858	0.00976	0.02420	0.01485	0.60723	0.02070	0.07420	0.01437	0.00737	0.00563	0.00176	0.00512	0.00608	0.00606	0.00889
3	0.02262	0.01070	0.01336	0.01050	0.01463	0.01033	0.00859	0.13526	0.12937	0.55162	0.02068	0.01830	0.01355	0.00692	0.00558	0.00173	0.00487	0.00559	0.00648	0.00933
4	0.07484	0.06665	0.32467	0.01750	0.17390	0.02750	0.03597	0.01941	0.02648	0.16330	0.01227	0.01334	0.00882	0.00549	0.00517	0.00169	0.00677	0.00450	0.00345	0.00828
5	0.02159	0.01042	0.01314	0.00995	0.01439	0.00933	0.00818	0.13226	0.01649	0.51189	0.01815	0.01654	0.01196	0.00627	0.00527	0.00153	0.00479	0.00502	0.00594	0.17692
6	0.00931	0.00737	0.06601	0.00819	0.00991	0.00563	0.00651	0.01093	0.01173	0.10988	0.03277	0.49948	0.17201	0.01447	0.00664	0.00207	0.00370	0.01280	0.00514	0.00543
7	0.01505	0.06119	0.38800	0.01384	0.04425	0.01181	0.03602	0.05178	0.01330	0.19020	0.01272	0.01338	0.00890	0.00548	0.00515	0.00159	0.00665	0.00441	0.00365	0.11262
8	0.20544	0.01408	0.01578	0.01703	0.21648	0.07506	0.01100	0.25410	0.03795	0.08422	0.01182	0.01282	0.00884	0.00582	0.00501	0.00166	0.00597	0.00449	0.00421	0.00822
9	0.01041	0.00830	0.01380	0.01575	0.18293	0.00790	0.10147	0.01245	0.01174	0.07028	0.02295	0.46920	0.02517	0.01221	0.00654	0.00203	0.00485	0.01142	0.00443	0.00619
10	0.01687	0.18065	0.18151	0.01541	0.13088	0.03743	0.01293	0.15671	0.04638	0.15029	0.01271	0.01327	0.00931	0.00574	0.00506	0.00159	0.00638	0.00448	0.00393	0.00847

[dist]
# distance from previous block
# <min> <max>
0	159

# created by:
# /home/berkeley/.conda/envs/busco_data_prod/bin/msa2prfl.pl pipeline/OGs_align_augustus/33634/158652.fs
