[name]
unknown

[dist]
# distance from previous block
# <min> <max>
0	359

[block]
# block no. 0 follows, 47 sequences, length 10
# corresponding to MSA columns:
# 520-529
name=unknown_A
#
# <colnr> <probs for GDERKNQSTAVLIFYWHMCP>
#	G	D	E	R	K	N	Q	S	T	A	V	L	I	F	Y	W	H	M	C	P
0	0.00784	0.00641	0.03097	0.00840	0.00976	0.00584	0.00697	0.01054	0.05359	0.01571	0.09984	0.22474	0.13420	0.01363	0.00666	0.00212	0.00393	0.34910	0.00485	0.00490
1	0.05667	0.10291	0.01755	0.29336	0.09548	0.11601	0.08239	0.01640	0.08800	0.01515	0.01090	0.04628	0.00908	0.00573	0.00522	0.00162	0.02309	0.00485	0.00286	0.00644
2	0.10570	0.01207	0.12523	0.04370	0.01462	0.00904	0.00863	0.05013	0.04528	0.03588	0.05062	0.01279	0.00999	0.00485	0.00428	0.00118	0.00461	0.00382	0.00335	0.45422
3	0.01819	0.27229	0.01851	0.01136	0.01493	0.37111	0.00941	0.10816	0.01461	0.10177	0.00972	0.01037	0.00765	0.00531	0.00439	0.00133	0.00720	0.00354	0.00326	0.00689
4	0.03774	0.01632	0.29725	0.07023	0.09680	0.01066	0.01297	0.08468	0.01254	0.09825	0.01153	0.04419	0.00895	0.00545	0.00484	0.00148	0.00592	0.00446	0.00327	0.17246
5	0.00993	0.00927	0.01555	0.66102	0.11766	0.01114	0.01394	0.01317	0.01054	0.01372	0.01071	0.07091	0.00905	0.00594	0.00530	0.00174	0.00658	0.00536	0.00252	0.00595
6	0.00862	0.00704	0.04879	0.00858	0.01000	0.00623	0.00687	0.01187	0.10003	0.05192	0.07503	0.43402	0.02983	0.01341	0.00642	0.00205	0.00379	0.16537	0.00488	0.00526
7	0.01061	0.02581	0.72355	0.01546	0.02295	0.01219	0.08456	0.01651	0.01111	0.01651	0.00945	0.01126	0.00671	0.00490	0.00505	0.00166	0.00779	0.00405	0.00224	0.00764
8	0.01264	0.01133	0.04451	0.19413	0.14293	0.01156	0.17123	0.04694	0.01235	0.10071	0.09720	0.01655	0.01278	0.00615	0.00681	0.00174	0.09470	0.00552	0.00337	0.00686
9	0.01172	0.02058	0.44267	0.09382	0.02425	0.03146	0.21118	0.01703	0.03221	0.05035	0.01043	0.01256	0.00750	0.00496	0.00530	0.00168	0.00770	0.00462	0.00261	0.00736

[dist]
# distance from previous block
# <min> <max>
5	11

[block]
# block no. 1 follows, 47 sequences, length 18
# corresponding to MSA columns:
# 545-562
name=unknown_B
#
# <colnr> <probs for GDERKNQSTAVLIFYWHMCP>
#	G	D	E	R	K	N	Q	S	T	A	V	L	I	F	Y	W	H	M	C	P
0	0.05392	0.13497	0.02387	0.01935	0.18448	0.01320	0.34013	0.01652	0.03498	0.05139	0.06698	0.01481	0.01116	0.00511	0.00530	0.00159	0.00671	0.00534	0.00307	0.00713
1	0.08406	0.01154	0.01317	0.01112	0.01434	0.01277	0.04733	0.28870	0.27008	0.02466	0.03450	0.02217	0.01500	0.00764	0.00545	0.00177	0.00499	0.11824	0.00489	0.00759
2	0.05536	0.01243	0.06962	0.01078	0.01443	0.01224	0.04264	0.24637	0.26679	0.06139	0.02130	0.02052	0.12850	0.00733	0.00531	0.00168	0.00486	0.00598	0.00481	0.00765
3	0.72567	0.01263	0.12649	0.00806	0.01196	0.01175	0.00771	0.01549	0.00919	0.02232	0.00757	0.00884	0.00579	0.00485	0.00348	0.00162	0.00459	0.00298	0.00307	0.00595
4	0.00649	0.00538	0.00575	0.00593	0.00760	0.00464	0.00463	0.00798	0.01189	0.01430	0.04893	0.05143	0.66810	0.01337	0.00631	0.00186	0.00297	0.12316	0.00483	0.00446
5	0.01861	0.14562	0.01666	0.01273	0.01568	0.67829	0.00989	0.02000	0.01412	0.01267	0.00793	0.00923	0.00670	0.00523	0.00449	0.00131	0.00881	0.00327	0.00261	0.00614
6	0.00770	0.00519	0.00609	0.00627	0.00646	0.00519	0.00395	0.00806	0.00824	0.01093	0.01810	0.03783	0.02061	0.69507	0.02357	0.00465	0.00501	0.12026	0.00340	0.00340
7	0.01469	0.73006	0.02582	0.00923	0.01358	0.05791	0.00895	0.03836	0.01134	0.03912	0.00788	0.00884	0.00696	0.00462	0.00353	0.00116	0.00572	0.00295	0.00248	0.00679
8	0.01431	0.01516	0.01676	0.05445	0.26097	0.24930	0.06310	0.04825	0.06915	0.01631	0.01294	0.01938	0.01158	0.00659	0.00541	0.00165	0.00699	0.11758	0.00325	0.00688
9	0.00744	0.00558	0.00837	0.00837	0.00930	0.00651	0.00651	0.00930	0.00837	0.01209	0.01395	0.02046	0.01302	0.03906	0.79635	0.00837	0.01395	0.00558	0.00279	0.00465
10	0.01392	0.82012	0.02729	0.00891	0.01337	0.02061	0.00891	0.01559	0.01058	0.01225	0.00724	0.00835	0.00668	0.00446	0.00334	0.00111	0.00557	0.00278	0.00223	0.00668
11	0.01385	0.51078	0.04378	0.01467	0.18821	0.06361	0.01080	0.01690	0.06713	0.01417	0.00894	0.01032	0.00771	0.00475	0.00402	0.00129	0.00588	0.00349	0.00256	0.00714
12	0.00615	0.00528	0.00528	0.00528	0.00703	0.00440	0.00396	0.00747	0.01187	0.01407	0.05276	0.05012	0.78238	0.01319	0.00615	0.00176	0.00264	0.01099	0.00484	0.00440
13	0.01084	0.00941	0.01118	0.00815	0.01244	0.00760	0.00655	0.01307	0.01059	0.01664	0.00908	0.01084	0.00765	0.00424	0.00483	0.00088	0.06272	0.00319	0.00303	0.78706
14	0.00728	0.00532	0.00684	0.00646	0.00772	0.00488	0.00484	0.00965	0.01453	0.02038	0.72777	0.03973	0.10343	0.01083	0.00614	0.00165	0.00247	0.00953	0.00567	0.00488
15	0.01045	0.02694	0.79000	0.01484	0.02254	0.01209	0.01924	0.01649	0.01099	0.01649	0.00935	0.01099	0.00660	0.00495	0.00495	0.00165	0.00770	0.00385	0.00220	0.00770
16	0.01099	0.00895	0.01007	0.00931	0.01158	0.00986	0.00731	0.04480	0.43585	0.02118	0.25081	0.02947	0.02726	0.00894	0.00576	0.00179	0.00375	0.09008	0.00537	0.00687
17	0.01904	0.01421	0.01520	0.01183	0.01586	0.01580	0.00972	0.68550	0.10735	0.03160	0.01346	0.01327	0.00963	0.00634	0.00522	0.00159	0.00555	0.00482	0.00522	0.00879

[dist]
# distance from previous block
# <min> <max>
0	1

[block]
# block no. 2 follows, 47 sequences, length 78
# corresponding to MSA columns:
# 564-641
name=unknown_C
#
# <colnr> <probs for GDERKNQSTAVLIFYWHMCP>
#	G	D	E	R	K	N	Q	S	T	A	V	L	I	F	Y	W	H	M	C	P
0	0.01120	0.10027	0.57458	0.01402	0.04109	0.05134	0.01644	0.01612	0.01121	0.01589	0.01007	0.01328	0.00797	0.00536	0.00485	0.00157	0.00718	0.04387	0.00242	0.05126
1	0.21793	0.24942	0.01665	0.01055	0.01387	0.38554	0.00867	0.01799	0.01215	0.01515	0.00763	0.00887	0.00644	0.00498	0.00395	0.00134	0.00701	0.00306	0.00268	0.00613
2	0.00943	0.00579	0.00711	0.00651	0.00814	0.00535	0.00497	0.02794	0.01401	0.09512	0.48022	0.03451	0.12794	0.00972	0.00564	0.00158	0.00274	0.00837	0.13959	0.00531
3	0.01080	0.00926	0.01080	0.00771	0.01234	0.00694	0.00617	0.01311	0.01080	0.01697	0.00926	0.01080	0.00771	0.00386	0.00386	0.00077	0.00386	0.00309	0.00309	0.84882
4	0.01210	0.28446	0.39006	0.01182	0.01776	0.05454	0.01354	0.01594	0.01103	0.01498	0.00858	0.01002	0.00679	0.00465	0.00425	0.00133	0.00654	0.00337	0.00236	0.12588
5	0.05612	0.00910	0.01036	0.00755	0.01192	0.00710	0.00601	0.01310	0.01064	0.01727	0.00950	0.01134	0.00797	0.01830	0.00422	0.00090	0.00384	0.00320	0.02796	0.76360
6	0.00661	0.00529	0.00589	0.00577	0.00728	0.00464	0.00429	0.00823	0.01242	0.01584	0.26237	0.04522	0.51356	0.04342	0.03434	0.00208	0.00307	0.01022	0.00496	0.00451
7	0.01295	0.21295	0.19937	0.01129	0.02585	0.03686	0.01099	0.05904	0.21433	0.04928	0.01455	0.05416	0.01222	0.01954	0.00521	0.00165	0.00560	0.04321	0.00366	0.00727
8	0.05265	0.05754	0.25954	0.01164	0.01644	0.01299	0.01177	0.23671	0.14060	0.05415	0.06288	0.01565	0.03207	0.00629	0.00504	0.00161	0.00566	0.00493	0.00410	0.00776
9	0.00754	0.00518	0.00636	0.00636	0.00659	0.00542	0.00400	0.00801	0.00777	0.01060	0.01579	0.03064	0.01744	0.62071	0.22073	0.00589	0.00729	0.00707	0.00306	0.00353
10	0.01556	0.05750	0.11191	0.01171	0.02784	0.10053	0.01019	0.22183	0.22324	0.06118	0.01374	0.01373	0.01022	0.00586	0.00491	0.00150	0.00569	0.00452	0.00422	0.09412
11	0.01140	0.01617	0.35930	0.04188	0.05644	0.00917	0.01265	0.01520	0.01176	0.12471	0.07068	0.11126	0.06624	0.00738	0.00530	0.00164	0.00561	0.00623	0.00362	0.06336
12	0.01271	0.16375	0.47325	0.01240	0.01847	0.01271	0.01460	0.03924	0.02276	0.10926	0.06377	0.01342	0.01049	0.00550	0.00479	0.00155	0.00646	0.00426	0.00309	0.00751
13	0.01101	0.05635	0.21071	0.01210	0.01614	0.01131	0.09879	0.01853	0.26995	0.01786	0.06711	0.02258	0.04431	0.05023	0.00658	0.00192	0.00559	0.06808	0.00390	0.00696
14	0.00642	0.00492	0.00581	0.00634	0.00728	0.00440	0.00442	0.00759	0.01105	0.01416	0.10756	0.40579	0.32907	0.05127	0.00732	0.00207	0.00291	0.01247	0.00484	0.00431
15	0.76497	0.01010	0.00826	0.00726	0.01038	0.01167	0.00598	0.01505	0.00891	0.02245	0.00733	0.00874	0.00581	0.00501	0.00400	0.00160	0.04730	0.00293	0.00316	0.04907
16	0.01383	0.11109	0.15397	0.00980	0.01469	0.05042	0.00940	0.01662	0.01171	0.15488	0.01097	0.01172	0.00826	0.00474	0.00447	0.00117	0.01634	0.00361	0.00339	0.38892
17	0.01312	0.20298	0.39800	0.05547	0.01979	0.01385	0.04551	0.05607	0.04059	0.09203	0.01061	0.01173	0.00777	0.00512	0.00470	0.00153	0.00666	0.00400	0.00292	0.00753
18	0.00672	0.00482	0.00638	0.00699	0.00764	0.00448	0.00486	0.00820	0.01173	0.01610	0.30675	0.52755	0.03987	0.01422	0.00646	0.00194	0.00281	0.01282	0.00517	0.00448
19	0.00878	0.00585	0.00763	0.00837	0.05001	0.00575	0.00596	0.01059	0.01099	0.05067	0.08893	0.09536	0.12069	0.11014	0.11548	0.00307	0.00512	0.14805	0.14368	0.00488
20	0.03664	0.05241	0.01653	0.52276	0.14979	0.01243	0.01346	0.03855	0.07777	0.01549	0.01032	0.01372	0.00794	0.00526	0.00505	0.00167	0.00638	0.00459	0.00273	0.00653
21	0.01874	0.02334	0.01418	0.01291	0.01554	0.72696	0.00969	0.02069	0.04683	0.01343	0.00901	0.01027	0.00740	0.00547	0.00467	0.00135	0.00885	0.00353	0.04105	0.00608
22	0.00897	0.00692	0.00811	0.00821	0.00963	0.00724	0.00597	0.01460	0.26111	0.03337	0.10716	0.41528	0.06799	0.01232	0.00610	0.00192	0.00333	0.01092	0.00512	0.00572
23	0.01196	0.04437	0.32159	0.01724	0.10755	0.05748	0.20754	0.01617	0.01182	0.04795	0.01332	0.04298	0.04881	0.00586	0.00539	0.00167	0.00721	0.02110	0.00284	0.00715
24	0.00722	0.00567	0.00826	0.16960	0.01354	0.00600	0.00704	0.00871	0.01010	0.01337	0.02431	0.60809	0.02818	0.01385	0.00656	0.00205	0.01853	0.04003	0.00427	0.00459
25	0.01151	0.00562	0.00599	0.00557	0.00718	0.00554	0.00428	0.03974	0.01181	0.10139	0.01721	0.01900	0.01314	0.00611	0.00386	0.00127	0.00275	0.00489	0.72770	0.00542
26	0.27400	0.01192	0.01524	0.05732	0.26251	0.06622	0.04980	0.01522	0.01056	0.01780	0.00958	0.01399	0.00839	0.00597	0.00632	0.00172	0.11434	0.04969	0.00287	0.00654
27	0.00745	0.00552	0.00808	0.00808	0.00892	0.00635	0.00615	0.00912	0.00828	0.01188	0.01421	0.02190	0.01365	0.12155	0.71471	0.00802	0.01301	0.00579	0.00283	0.00449
28	0.01544	0.13556	0.04458	0.01188	0.05403	0.06353	0.02584	0.12308	0.25202	0.13183	0.01622	0.03895	0.01282	0.00673	0.00507	0.00162	0.00529	0.04333	0.00447	0.00770
29	0.01214	0.01161	0.01978	0.22185	0.60048	0.01218	0.01561	0.01532	0.01150	0.01610	0.00966	0.01313	0.00793	0.00478	0.00517	0.00159	0.00637	0.00464	0.00251	0.00764
30	0.01080	0.00926	0.01080	0.00771	0.01234	0.00694	0.00617	0.01311	0.01080	0.01697	0.00926	0.01080	0.00771	0.00386	0.00386	0.00077	0.00386	0.00309	0.00309	0.84882
31	0.01295	0.01119	0.01178	0.01060	0.01354	0.01295	0.00824	0.02767	0.77509	0.02178	0.02120	0.01943	0.01590	0.00707	0.00530	0.00177	0.00412	0.00589	0.00530	0.00824
32	0.01080	0.00926	0.01080	0.00771	0.01234	0.00694	0.00617	0.01311	0.01080	0.01697	0.00926	0.01080	0.00771	0.00386	0.00386	0.00077	0.00386	0.00309	0.00309	0.84882
33	0.00737	0.00532	0.00696	0.00655	0.00778	0.00491	0.00491	0.00983	0.01474	0.02088	0.78175	0.03890	0.04914	0.01065	0.00614	0.00164	0.00246	0.00942	0.00573	0.00491
34	0.01229	0.01405	0.03073	0.02195	0.02722	0.01317	0.76558	0.01668	0.01229	0.01668	0.01054	0.01405	0.00790	0.00439	0.00615	0.00176	0.00878	0.00615	0.00263	0.00702
35	0.01272	0.01221	0.02084	0.07358	0.74417	0.01233	0.01590	0.01584	0.01178	0.01681	0.00977	0.01294	0.00818	0.00467	0.00516	0.00156	0.00623	0.00464	0.00256	0.00812
36	0.00760	0.00578	0.00852	0.00843	0.00928	0.00680	0.00652	0.00933	0.00831	0.01200	0.01380	0.02083	0.01309	0.07978	0.72409	0.00795	0.04482	0.00565	0.00279	0.00461
37	0.06291	0.01409	0.01506	0.01159	0.01571	0.01553	0.00958	0.69440	0.02324	0.06696	0.01260	0.01253	0.00888	0.00619	0.00511	0.00157	0.00558	0.00462	0.00516	0.00869
38	0.00663	0.00514	0.00578	0.00601	0.00735	0.00452	0.00443	0.00813	0.01187	0.01524	0.15398	0.20257	0.45575	0.01315	0.00617	0.00181	0.00276	0.03887	0.04537	0.00448
39	0.01145	0.00924	0.01086	0.00779	0.01239	0.00698	0.00625	0.01374	0.01101	0.05668	0.00984	0.01116	0.00798	0.00399	0.00393	0.00081	0.00389	0.00320	0.00326	0.80556
40	0.00621	0.00528	0.00535	0.00533	0.00707	0.00442	0.00400	0.00758	0.01200	0.01438	0.08618	0.04960	0.74876	0.01307	0.00615	0.00175	0.00263	0.01092	0.00488	0.00442
41	0.73312	0.00943	0.00744	0.00668	0.00968	0.01078	0.00546	0.01520	0.00926	0.04271	0.00874	0.00999	0.00673	0.00502	0.00332	0.00156	0.00385	0.00312	0.10228	0.00563
42	0.00939	0.00703	0.00817	0.02986	0.01012	0.02271	0.00604	0.08902	0.08424	0.04696	0.04255	0.46896	0.12860	0.01296	0.00616	0.00192	0.00364	0.01141	0.00488	0.00538
43	0.07700	0.01004	0.01282	0.00999	0.01388	0.00966	0.03393	0.13381	0.06662	0.53244	0.01832	0.03176	0.01226	0.00647	0.00516	0.00163	0.00470	0.00525	0.00581	0.00845
44	0.73979	0.08650	0.00979	0.00732	0.01064	0.04578	0.00613	0.01557	0.00927	0.02187	0.00728	0.00849	0.00578	0.00482	0.00330	0.00155	0.00440	0.00284	0.00311	0.00575
45	0.03956	0.00959	0.01563	0.71473	0.07349	0.01174	0.01411	0.03420	0.01082	0.01438	0.00930	0.01361	0.00702	0.00519	0.00514	0.00172	0.00677	0.00457	0.00244	0.00599
46	0.01392	0.82012	0.02729	0.00891	0.01337	0.02061	0.00891	0.01559	0.01058	0.01225	0.00724	0.00835	0.00668	0.00446	0.00334	0.00111	0.00557	0.00278	0.00223	0.00668
47	0.00740	0.00533	0.00722	0.00831	0.00917	0.00515	0.00659	0.00912	0.01121	0.01469	0.04889	0.37146	0.07158	0.01503	0.00688	0.00223	0.00388	0.38646	0.00484	0.00454
48	0.00839	0.00599	0.00839	0.00959	0.01079	0.00599	0.00839	0.01079	0.01199	0.01558	0.02757	0.05874	0.02997	0.01439	0.00719	0.00240	0.00480	0.74945	0.00480	0.00480
49	0.02336	0.00886	0.01209	0.00927	0.01329	0.00765	0.00765	0.02538	0.01491	0.78810	0.02055	0.01773	0.01289	0.00645	0.00524	0.00161	0.00443	0.00524	0.00645	0.00886
50	0.01023	0.00536	0.00542	0.00523	0.00659	0.00544	0.00397	0.05152	0.01163	0.02011	0.01675	0.01905	0.01311	0.00608	0.00372	0.00123	0.00260	0.00485	0.80204	0.00506
51	0.02336	0.00886	0.01209	0.00927	0.01329	0.00765	0.00765	0.02538	0.01491	0.78810	0.02055	0.01773	0.01289	0.00645	0.00524	0.00161	0.00443	0.00524	0.00645	0.00886
52	0.01229	0.01405	0.03073	0.02195	0.02722	0.01317	0.76558	0.01668	0.01229	0.01668	0.01054	0.01405	0.00790	0.00439	0.00615	0.00176	0.00878	0.00615	0.00263	0.00702
53	0.01295	0.01119	0.01178	0.01060	0.01354	0.01295	0.00824	0.02767	0.77509	0.02178	0.02120	0.01943	0.01590	0.00707	0.00530	0.00177	0.00412	0.00589	0.00530	0.00824
54	0.85377	0.01007	0.00765	0.00685	0.01007	0.01168	0.00564	0.01531	0.00886	0.02336	0.00725	0.00846	0.00564	0.00483	0.00322	0.00161	0.00403	0.00282	0.00322	0.00564
55	0.01980	0.01459	0.01563	0.01198	0.01615	0.01615	0.00990	0.76713	0.02448	0.03282	0.01250	0.01250	0.00886	0.00625	0.00521	0.00156	0.00573	0.00469	0.00521	0.00886
56	0.85377	0.01007	0.00765	0.00685	0.01007	0.01168	0.00564	0.01531	0.00886	0.02336	0.00725	0.00846	0.00564	0.00483	0.00322	0.00161	0.00403	0.00282	0.00322	0.00564
57	0.01289	0.01237	0.02114	0.03196	0.78450	0.01237	0.01598	0.01598	0.01186	0.01701	0.00980	0.01289	0.00825	0.00464	0.00516	0.00155	0.00619	0.00464	0.00258	0.00825
58	0.01295	0.01119	0.01178	0.01060	0.01354	0.01295	0.00824	0.02767	0.77509	0.02178	0.02120	0.01943	0.01590	0.00707	0.00530	0.00177	0.00412	0.00589	0.00530	0.00824
59	0.48717	0.00954	0.00961	0.00792	0.01149	0.00990	0.00653	0.01975	0.01153	0.36097	0.01312	0.01255	0.00884	0.00555	0.00411	0.00161	0.00421	0.00389	0.00465	0.00706
60	0.85377	0.01007	0.00765	0.00685	0.01007	0.01168	0.00564	0.01531	0.00886	0.02336	0.00725	0.00846	0.00564	0.00483	0.00322	0.00161	0.00403	0.00282	0.00322	0.00564
61	0.00757	0.00505	0.00568	0.00568	0.00568	0.00505	0.00316	0.00757	0.00757	0.01010	0.01641	0.03408	0.01893	0.81698	0.02651	0.00505	0.00505	0.00757	0.00316	0.00316
62	0.00634	0.00457	0.00601	0.00716	0.00753	0.00424	0.00479	0.00726	0.01006	0.01333	0.02981	0.77858	0.06874	0.01617	0.00662	0.00210	0.00300	0.01463	0.00483	0.00424
63	0.00757	0.00505	0.00568	0.00568	0.00568	0.00505	0.00316	0.00757	0.00757	0.01010	0.01641	0.03408	0.01893	0.81698	0.02651	0.00505	0.00505	0.00757	0.00316	0.00316
64	0.01080	0.00926	0.01080	0.00771	0.01234	0.00694	0.00617	0.01311	0.01080	0.01697	0.00926	0.01080	0.00771	0.00386	0.00386	0.00077	0.00386	0.00309	0.00309	0.84882
65	0.01005	0.00845	0.00912	0.00845	0.01070	0.00910	0.00648	0.01880	0.42382	0.01948	0.17116	0.05797	0.20613	0.00952	0.00571	0.00175	0.00342	0.00808	0.00525	0.00656
66	0.00625	0.00489	0.00567	0.00629	0.00730	0.00431	0.00441	0.00736	0.01089	0.01367	0.04039	0.44257	0.39791	0.01480	0.00641	0.00194	0.00283	0.01295	0.00483	0.00431
67	0.01496	0.00733	0.00945	0.00831	0.01086	0.00676	0.00667	0.02953	0.05467	0.35670	0.11978	0.10264	0.09182	0.00954	0.00574	0.00176	0.00384	0.10388	0.04900	0.00676
68	0.01891	0.01139	0.01419	0.01154	0.03740	0.01167	0.04811	0.33357	0.06552	0.29107	0.01669	0.05825	0.01217	0.00676	0.00529	0.00162	0.00508	0.00558	0.03686	0.00831
69	0.00810	0.00578	0.00805	0.00925	0.01032	0.00574	0.00788	0.01028	0.01170	0.01525	0.02774	0.16805	0.03062	0.01467	0.00711	0.00236	0.00454	0.64306	0.00480	0.00471
70	0.00657	0.00462	0.00589	0.00690	0.00740	0.00429	0.00467	0.00762	0.01021	0.01381	0.03008	0.68566	0.10216	0.01529	0.00638	0.00202	0.00294	0.01373	0.06546	0.00429
71	0.01140	0.01033	0.01694	0.52505	0.20008	0.01190	0.03361	0.03732	0.05251	0.03558	0.01044	0.01403	0.00795	0.00522	0.00523	0.00169	0.00657	0.00476	0.00274	0.00667
72	0.01336	0.12176	0.02926	0.06434	0.13252	0.15011	0.04132	0.03656	0.03997	0.05782	0.17773	0.01775	0.01695	0.00667	0.00606	0.00157	0.07081	0.00532	0.00357	0.00655
73	0.77940	0.01027	0.00821	0.00718	0.01049	0.01175	0.00591	0.05468	0.00983	0.03824	0.00781	0.00889	0.00598	0.00492	0.00338	0.00159	0.00412	0.00297	0.00339	0.02099
74	0.40942	0.00975	0.00973	0.00775	0.01158	0.00962	0.00633	0.04226	0.01113	0.16558	0.01055	0.01106	0.00775	0.00488	0.00386	0.00135	0.00411	0.00342	0.00385	0.26601
75	0.04472	0.00988	0.01307	0.07491	0.04064	0.00991	0.05016	0.07087	0.17183	0.25721	0.07240	0.01910	0.01483	0.00657	0.00522	0.00160	0.00475	0.03316	0.00488	0.09430
76	0.01321	0.09062	0.14523	0.02504	0.05576	0.03554	0.08884	0.03001	0.02443	0.12885	0.05256	0.03739	0.01200	0.00580	0.00490	0.00142	0.00558	0.03056	0.00357	0.20868
77	0.04127	0.06315	0.03822	0.04927	0.01298	0.00835	0.00737	0.03382	0.02387	0.12027	0.03044	0.07009	0.08669	0.00903	0.05354	0.00180	0.00488	0.04551	0.00390	0.29553

[dist]
# distance from previous block
# <min> <max>
2	15

[block]
# block no. 3 follows, 47 sequences, length 113
# corresponding to MSA columns:
# 657-769
name=unknown_D
#
# <colnr> <probs for GDERKNQSTAVLIFYWHMCP>
#	G	D	E	R	K	N	Q	S	T	A	V	L	I	F	Y	W	H	M	C	P
0	0.33816	0.09567	0.01365	0.09773	0.01565	0.12101	0.02915	0.10474	0.01243	0.07451	0.00929	0.01059	0.00708	0.00522	0.00437	0.00152	0.01897	0.00361	0.00337	0.03329
1	0.11598	0.00998	0.01416	0.50599	0.02733	0.01164	0.01190	0.10912	0.01244	0.09464	0.01055	0.01335	0.00764	0.00538	0.00493	0.00166	0.00610	0.00443	0.00322	0.02957
2	0.08330	0.01106	0.01500	0.34085	0.02375	0.01285	0.04736	0.23474	0.05051	0.02054	0.01186	0.01638	0.00949	0.00635	0.00574	0.00175	0.04059	0.05753	0.00357	0.00677
3	0.07066	0.00964	0.01511	0.64539	0.05259	0.01179	0.01340	0.03671	0.01081	0.03934	0.00949	0.01345	0.00713	0.00539	0.00554	0.00173	0.03867	0.00452	0.00260	0.00603
4	0.05044	0.01169	0.01948	0.18166	0.49868	0.01228	0.06616	0.01623	0.06142	0.01686	0.01037	0.01339	0.00835	0.00490	0.00516	0.00162	0.00628	0.00474	0.00274	0.00756
5	0.01085	0.00782	0.00969	0.00834	0.01052	0.00789	0.03872	0.08111	0.08045	0.10102	0.17612	0.03273	0.28792	0.03480	0.00723	0.00183	0.06070	0.00811	0.02825	0.00590
6	0.00790	0.00594	0.00826	0.03300	0.00907	0.00655	0.02829	0.00893	0.00814	0.01129	0.01462	0.02647	0.01536	0.42455	0.32884	0.00604	0.04326	0.00652	0.00293	0.00406
7	0.01059	0.00908	0.01055	0.00760	0.01210	0.00683	0.00607	0.01286	0.01085	0.01684	0.01123	0.01258	0.04290	0.00428	0.00396	0.00082	0.00380	0.00344	0.00316	0.81046
8	0.01623	0.01563	0.13678	0.01151	0.01543	0.13554	0.01034	0.17947	0.17297	0.14799	0.06225	0.01744	0.01355	0.00668	0.00524	0.00163	0.00584	0.03320	0.00457	0.00770
9	0.04746	0.00931	0.01208	0.00940	0.01334	0.00852	0.00773	0.05715	0.06913	0.67816	0.01985	0.01734	0.01271	0.00643	0.00518	0.00162	0.00445	0.00519	0.00621	0.00872
10	0.00634	0.00453	0.00604	0.00725	0.00755	0.00423	0.00483	0.00725	0.00997	0.01329	0.02870	0.81358	0.03444	0.01632	0.00665	0.00211	0.00302	0.01480	0.00483	0.00423
11	0.00671	0.00526	0.00607	0.00594	0.00739	0.00462	0.00443	0.00853	0.01308	0.01711	0.38062	0.07973	0.41753	0.01218	0.00617	0.00172	0.00257	0.01045	0.00524	0.00462
12	0.00666	0.00475	0.00640	0.00761	0.00804	0.00450	0.00537	0.00779	0.01028	0.01364	0.02853	0.69916	0.03377	0.01602	0.00673	0.00216	0.00329	0.12616	0.00483	0.00432
13	0.02255	0.01016	0.01289	0.00988	0.01394	0.00959	0.00816	0.19403	0.01708	0.61638	0.01872	0.01654	0.01197	0.00640	0.00523	0.00160	0.00473	0.00511	0.00616	0.00886
14	0.01080	0.00926	0.01080	0.00771	0.01234	0.00694	0.00617	0.01311	0.01080	0.01697	0.00926	0.01080	0.00771	0.00386	0.00386	0.00077	0.00386	0.00309	0.00309	0.84882
15	0.01295	0.01119	0.01178	0.01060	0.01354	0.01295	0.00824	0.02767	0.77509	0.02178	0.02120	0.01943	0.01590	0.00707	0.00530	0.00177	0.00412	0.00589	0.00530	0.00824
16	0.00983	0.00926	0.01562	0.80447	0.03587	0.01157	0.01446	0.01331	0.01041	0.01331	0.00926	0.01388	0.00694	0.00521	0.00521	0.00174	0.00694	0.00463	0.00231	0.00579
17	0.01045	0.02694	0.79000	0.01484	0.02254	0.01209	0.01924	0.01649	0.01099	0.01649	0.00935	0.01099	0.00660	0.00495	0.00495	0.00165	0.00770	0.00385	0.00220	0.00770
18	0.00634	0.00453	0.00604	0.00725	0.00755	0.00423	0.00483	0.00725	0.00997	0.01329	0.02870	0.81358	0.03444	0.01632	0.00665	0.00211	0.00302	0.01480	0.00483	0.00423
19	0.02237	0.00864	0.01177	0.00910	0.01295	0.00748	0.00748	0.02441	0.01490	0.74045	0.06783	0.01904	0.01514	0.00671	0.00529	0.00161	0.00431	0.00550	0.00640	0.00862
20	0.01546	0.01211	0.01523	0.01187	0.01543	0.01281	0.10952	0.47488	0.01978	0.02647	0.08519	0.07546	0.08642	0.00775	0.00561	0.00165	0.00537	0.00661	0.00485	0.00752
21	0.01229	0.01405	0.03073	0.02195	0.02722	0.01317	0.76558	0.01668	0.01229	0.01668	0.01054	0.01405	0.00790	0.00439	0.00615	0.00176	0.00878	0.00615	0.00263	0.00702
22	0.00615	0.00528	0.00528	0.00528	0.00703	0.00440	0.00396	0.00747	0.01187	0.01407	0.05276	0.05012	0.78238	0.01319	0.00615	0.00176	0.00264	0.01099	0.00484	0.00440
23	0.00897	0.00774	0.01112	0.01010	0.01064	0.00972	0.02797	0.01029	0.00822	0.01203	0.01203	0.03215	0.01212	0.16854	0.34801	0.00534	0.29177	0.00574	0.00270	0.00480
24	0.01271	0.56998	0.23561	0.01044	0.01566	0.01764	0.01158	0.01561	0.01086	0.01376	0.03885	0.01030	0.00836	0.00484	0.00389	0.00128	0.00603	0.00334	0.00236	0.00689
25	0.01045	0.02694	0.79000	0.01484	0.02254	0.01209	0.01924	0.01649	0.01099	0.01649	0.00935	0.01099	0.00660	0.00495	0.00495	0.00165	0.00770	0.00385	0.00220	0.00770
26	0.04099	0.00874	0.01156	0.00896	0.01278	0.00775	0.00738	0.04165	0.01471	0.69855	0.01980	0.01751	0.01267	0.00638	0.00508	0.00158	0.00431	0.00514	0.06597	0.00851
27	0.01230	0.01317	0.05112	0.20604	0.39834	0.06940	0.11939	0.01560	0.01171	0.01568	0.01015	0.03489	0.00844	0.00512	0.00530	0.00162	0.00693	0.00500	0.00258	0.00722
28	0.01208	0.01154	0.01967	0.23752	0.58529	0.01216	0.01558	0.01527	0.01147	0.01603	0.00965	0.01315	0.00790	0.00479	0.00517	0.00160	0.00639	0.00464	0.00251	0.00759
29	0.00757	0.00505	0.00568	0.00568	0.00568	0.00505	0.00316	0.00757	0.00757	0.01010	0.01641	0.03408	0.01893	0.81698	0.02651	0.00505	0.00505	0.00757	0.00316	0.00316
30	0.01035	0.00612	0.00623	0.00600	0.00756	0.00647	0.00456	0.01523	0.16328	0.01989	0.01783	0.01942	0.01386	0.00627	0.00397	0.00132	0.00276	0.00506	0.67829	0.00553
31	0.00744	0.00558	0.00837	0.00837	0.00930	0.00651	0.00651	0.00930	0.00837	0.01209	0.01395	0.02046	0.01302	0.03906	0.79635	0.00837	0.01395	0.00558	0.00279	0.00465
32	0.01127	0.00567	0.00659	0.06632	0.00926	0.00569	0.00499	0.01369	0.01134	0.11217	0.01719	0.04285	0.01344	0.00636	0.00404	0.00133	0.00303	0.00518	0.65420	0.00539
33	0.01313	0.01127	0.01187	0.01063	0.01361	0.01304	0.00829	0.04677	0.75570	0.02207	0.02097	0.01925	0.01571	0.00704	0.00530	0.00176	0.00416	0.00586	0.00530	0.00826
34	0.85377	0.01007	0.00765	0.00685	0.01007	0.01168	0.00564	0.01531	0.00886	0.02336	0.00725	0.00846	0.00564	0.00483	0.00322	0.00161	0.00403	0.00282	0.00322	0.00564
35	0.00641	0.00526	0.00564	0.00559	0.00720	0.00450	0.00418	0.00795	0.01241	0.01545	0.20263	0.06873	0.61047	0.01275	0.00617	0.00174	0.00261	0.01077	0.00502	0.00450
36	0.02051	0.00908	0.01327	0.15949	0.01793	0.00855	0.02996	0.02286	0.01399	0.62068	0.01814	0.01690	0.01163	0.00615	0.00526	0.00164	0.00503	0.00515	0.00556	0.00823
37	0.01268	0.00981	0.01135	0.00846	0.01276	0.00836	0.00679	0.09057	0.07591	0.07384	0.03255	0.01295	0.01001	0.00473	0.00427	0.00102	0.00407	0.00380	0.00379	0.61229
38	0.00851	0.00557	0.00733	0.00674	0.00817	0.00511	0.00511	0.01093	0.01475	0.07538	0.72768	0.03740	0.04656	0.01035	0.00608	0.00164	0.00260	0.00912	0.00578	0.00519
39	0.00798	0.00520	0.00641	0.00611	0.00733	0.00490	0.00458	0.01043	0.01374	0.02050	0.58185	0.03381	0.03978	0.00945	0.00549	0.00153	0.00245	0.00822	0.22534	0.00490
40	0.00675	0.00525	0.00578	0.00568	0.00721	0.00458	0.00425	0.00848	0.01264	0.01646	0.27247	0.06182	0.49416	0.01204	0.00601	0.00170	0.00258	0.01021	0.05735	0.00458
41	0.00744	0.00558	0.00837	0.00837	0.00930	0.00651	0.00651	0.00930	0.00837	0.01209	0.01395	0.02046	0.01302	0.03906	0.79635	0.00837	0.01395	0.00558	0.00279	0.00465
42	0.85377	0.01007	0.00765	0.00685	0.01007	0.01168	0.00564	0.01531	0.00886	0.02336	0.00725	0.00846	0.00564	0.00483	0.00322	0.00161	0.00403	0.00282	0.00322	0.00564
43	0.85377	0.01007	0.00765	0.00685	0.01007	0.01168	0.00564	0.01531	0.00886	0.02336	0.00725	0.00846	0.00564	0.00483	0.00322	0.00161	0.00403	0.00282	0.00322	0.00564
44	0.02263	0.00903	0.01206	0.00936	0.01331	0.00803	0.00770	0.02554	0.06890	0.73367	0.02059	0.01785	0.01310	0.00649	0.00524	0.00162	0.00441	0.00528	0.00636	0.00882
45	0.01275	0.25874	0.42374	0.01259	0.01850	0.12441	0.01436	0.01669	0.01139	0.01474	0.00854	0.00999	0.00669	0.00481	0.00439	0.00141	0.00714	0.00343	0.00231	0.04336
46	0.00911	0.00637	0.00868	0.00782	0.00956	0.00602	0.03825	0.01232	0.06155	0.07586	0.55929	0.03700	0.07461	0.01023	0.00610	0.00171	0.00315	0.06139	0.00552	0.00547
47	0.38307	0.00983	0.01278	0.41627	0.02407	0.01169	0.04468	0.01434	0.00981	0.01791	0.00843	0.01149	0.00641	0.00500	0.00437	0.00168	0.00574	0.00390	0.00273	0.00578
48	0.06596	0.15933	0.07813	0.20169	0.03423	0.12435	0.14888	0.09771	0.01289	0.01669	0.00920	0.01157	0.00716	0.00501	0.00483	0.00154	0.00711	0.00423	0.00278	0.00671
49	0.01234	0.01384	0.02938	0.02114	0.02625	0.01315	0.71179	0.01746	0.06647	0.01704	0.01129	0.01443	0.00847	0.00458	0.00609	0.00176	0.00845	0.00613	0.00282	0.00711
50	0.00668	0.00500	0.00717	0.00785	0.00838	0.00468	0.03933	0.00775	0.01010	0.01350	0.04423	0.73189	0.03301	0.04451	0.00733	0.00219	0.00334	0.01403	0.00469	0.00433
51	0.01006	0.00963	0.01670	0.73625	0.05433	0.01169	0.06116	0.01358	0.01057	0.01361	0.00935	0.01387	0.00703	0.00514	0.00526	0.00173	0.00704	0.00472	0.00234	0.00592
52	0.01343	0.18691	0.38159	0.01400	0.01983	0.10977	0.11461	0.01749	0.01182	0.06999	0.00971	0.01114	0.00725	0.00493	0.00477	0.00151	0.00738	0.00397	0.00262	0.00728
53	0.00636	0.00471	0.00596	0.00694	0.00753	0.00430	0.00476	0.00738	0.01037	0.01349	0.03317	0.65292	0.17405	0.01569	0.00657	0.00206	0.00299	0.03165	0.00483	0.00427
54	0.01116	0.10310	0.68526	0.01415	0.02140	0.01308	0.01787	0.04648	0.01150	0.01674	0.00927	0.01080	0.00670	0.00495	0.00480	0.00159	0.00741	0.00378	0.00232	0.00764
55	0.04602	0.00901	0.01466	0.70220	0.03261	0.01110	0.01356	0.01318	0.01048	0.01393	0.01074	0.01749	0.00885	0.00598	0.00529	0.00179	0.00663	0.06822	0.00257	0.00569
56	0.85377	0.01007	0.00765	0.00685	0.01007	0.01168	0.00564	0.01531	0.00886	0.02336	0.00725	0.00846	0.00564	0.00483	0.00322	0.00161	0.00403	0.00282	0.00322	0.00564
57	0.01097	0.00530	0.00573	0.00541	0.00692	0.00515	0.00413	0.01336	0.01157	0.09874	0.06407	0.02043	0.01549	0.00639	0.00396	0.00128	0.00264	0.00517	0.70805	0.00527
58	0.01392	0.82012	0.02729	0.00891	0.01337	0.02061	0.00891	0.01559	0.01058	0.01225	0.00724	0.00835	0.00668	0.00446	0.00334	0.00111	0.00557	0.00278	0.00223	0.00668
59	0.00657	0.00480	0.00624	0.00730	0.00789	0.00446	0.00516	0.00771	0.01044	0.01366	0.03137	0.63318	0.12100	0.01572	0.00666	0.00211	0.00319	0.10341	0.00483	0.00432
60	0.00644	0.00462	0.00613	0.00731	0.00769	0.00432	0.00498	0.00742	0.01012	0.01342	0.02932	0.75676	0.05498	0.01614	0.00666	0.00212	0.00309	0.04940	0.00483	0.00426
61	0.00720	0.00532	0.00672	0.00637	0.00767	0.00484	0.00478	0.00949	0.01433	0.01992	0.67833	0.04049	0.15316	0.01101	0.00614	0.00166	0.00248	0.00964	0.00561	0.00484
62	0.11562	0.00900	0.01159	0.00900	0.01294	0.00810	0.00743	0.02426	0.01423	0.70315	0.01907	0.01670	0.01209	0.00627	0.00501	0.00161	0.00439	0.00497	0.00609	0.00850
63	0.01295	0.01119	0.01178	0.01060	0.01354	0.01295	0.00824	0.02767	0.77509	0.02178	0.02120	0.01943	0.01590	0.00707	0.00530	0.00177	0.00412	0.00589	0.00530	0.00824
64	0.01080	0.00926	0.01080	0.00771	0.01234	0.00694	0.00617	0.01311	0.01080	0.01697	0.00926	0.01080	0.00771	0.00386	0.00386	0.00077	0.00386	0.00309	0.00309	0.84882
65	0.85377	0.01007	0.00765	0.00685	0.01007	0.01168	0.00564	0.01531	0.00886	0.02336	0.00725	0.00846	0.00564	0.00483	0.00322	0.00161	0.00403	0.00282	0.00322	0.00564
66	0.00983	0.00926	0.01562	0.80447	0.03587	0.01157	0.01446	0.01331	0.01041	0.01331	0.00926	0.01388	0.00694	0.00521	0.00521	0.00174	0.00694	0.00463	0.00231	0.00579
67	0.00634	0.00453	0.00604	0.00725	0.00755	0.00423	0.00483	0.00725	0.00997	0.01329	0.02870	0.81358	0.03444	0.01632	0.00665	0.00211	0.00302	0.01480	0.00483	0.00423
68	0.00721	0.00524	0.00679	0.00656	0.00772	0.00482	0.00486	0.00946	0.01414	0.01981	0.67312	0.11569	0.08239	0.01132	0.00619	0.00169	0.00252	0.01002	0.00560	0.00482
69	0.01392	0.82012	0.02729	0.00891	0.01337	0.02061	0.00891	0.01559	0.01058	0.01225	0.00724	0.00835	0.00668	0.00446	0.00334	0.00111	0.00557	0.00278	0.00223	0.00668
70	0.00651	0.00460	0.00600	0.00705	0.00731	0.00434	0.00462	0.00729	0.00966	0.01288	0.02710	0.71183	0.03242	0.12083	0.00924	0.00250	0.00329	0.01386	0.00462	0.00409
71	0.00713	0.00550	0.00668	0.00727	0.00863	0.00505	0.00587	0.00889	0.01185	0.01488	0.06942	0.12810	0.37530	0.01388	0.00662	0.00205	0.00354	0.30995	0.00486	0.00456
72	0.01073	0.06015	0.70325	0.01509	0.02248	0.01254	0.07181	0.01647	0.01107	0.01632	0.00934	0.01110	0.00669	0.00489	0.00496	0.00163	0.00768	0.00397	0.00223	0.00760
73	0.00983	0.00926	0.01562	0.80447	0.03587	0.01157	0.01446	0.01331	0.01041	0.01331	0.00926	0.01388	0.00694	0.00521	0.00521	0.00174	0.00694	0.00463	0.00231	0.00579
74	0.76228	0.09831	0.00979	0.00707	0.01043	0.01265	0.00600	0.01534	0.00905	0.02215	0.00725	0.00845	0.00575	0.00479	0.00324	0.00156	0.00420	0.00282	0.00311	0.00575
75	0.00974	0.00907	0.01524	0.72830	0.05299	0.01123	0.01394	0.01309	0.01030	0.01331	0.00960	0.01433	0.00741	0.00760	0.06140	0.00220	0.00742	0.00470	0.00235	0.00577
76	0.00661	0.00509	0.00605	0.00625	0.00743	0.00452	0.00452	0.00820	0.01231	0.01613	0.29002	0.25743	0.33028	0.01320	0.00629	0.00182	0.00268	0.01152	0.00514	0.00452
77	0.19583	0.01287	0.01351	0.04666	0.01544	0.01434	0.00898	0.48815	0.06665	0.06946	0.01221	0.01242	0.00874	0.00596	0.00480	0.00160	0.00526	0.00439	0.00473	0.00800
78	0.00691	0.00494	0.00669	0.00790	0.00845	0.00472	0.00582	0.00823	0.01053	0.01393	0.02839	0.60491	0.03321	0.01578	0.00680	0.00219	0.00351	0.21790	0.00482	0.00439
79	0.01710	0.06929	0.17446	0.05039	0.03835	0.03186	0.03028	0.17506	0.01517	0.27752	0.01449	0.04419	0.01046	0.00614	0.00507	0.00159	0.00577	0.00495	0.01994	0.00794
80	0.22308	0.01117	0.00926	0.00813	0.01076	0.15396	0.00639	0.07351	0.01277	0.13076	0.01472	0.01548	0.04474	0.00602	0.00420	0.00144	0.00466	0.00439	0.25843	0.00613
81	0.00690	0.00525	0.00583	0.00568	0.00721	0.00462	0.00426	0.00871	0.01279	0.01693	0.30381	0.04345	0.45753	0.01166	0.00592	0.00167	0.00256	0.00989	0.08072	0.00462
82	0.03306	0.01073	0.01835	0.41197	0.12081	0.01187	0.15642	0.03378	0.06578	0.04706	0.01140	0.01542	0.00881	0.00543	0.00539	0.00172	0.00674	0.02565	0.00295	0.00666
83	0.00784	0.00552	0.00653	0.00636	0.00640	0.00589	0.00388	0.00800	0.00764	0.01036	0.01562	0.03188	0.01782	0.72613	0.05896	0.00499	0.06243	0.00727	0.00308	0.00340
84	0.00640	0.00457	0.00611	0.00731	0.00764	0.00428	0.00493	0.00735	0.01002	0.01336	0.02867	0.79332	0.03432	0.01626	0.00666	0.00212	0.00307	0.03453	0.00483	0.00425
85	0.00680	0.00529	0.00605	0.00586	0.00736	0.00465	0.00439	0.00867	0.01318	0.01735	0.38930	0.04420	0.42494	0.01184	0.00609	0.00169	0.00255	0.01012	0.02503	0.00465
86	0.00649	0.00464	0.00621	0.00742	0.00778	0.00436	0.00509	0.00750	0.01011	0.01346	0.02862	0.75997	0.03413	0.01618	0.00669	0.00214	0.00315	0.06699	0.00483	0.00427
87	0.01392	0.82012	0.02729	0.00891	0.01337	0.02061	0.00891	0.01559	0.01058	0.01225	0.00724	0.00835	0.00668	0.00446	0.00334	0.00111	0.00557	0.00278	0.00223	0.00668
88	0.01045	0.02694	0.79000	0.01484	0.02254	0.01209	0.01924	0.01649	0.01099	0.01649	0.00935	0.01099	0.00660	0.00495	0.00495	0.00165	0.00770	0.00385	0.00220	0.00770
89	0.02336	0.00886	0.01209	0.00927	0.01329	0.00765	0.00765	0.02538	0.01491	0.78810	0.02055	0.01773	0.01289	0.00645	0.00524	0.00161	0.00443	0.00524	0.00645	0.00886
90	0.01392	0.82012	0.02729	0.00891	0.01337	0.02061	0.00891	0.01559	0.01058	0.01225	0.00724	0.00835	0.00668	0.00446	0.00334	0.00111	0.00557	0.00278	0.00223	0.00668
91	0.00983	0.00926	0.01562	0.80447	0.03587	0.01157	0.01446	0.01331	0.01041	0.01331	0.00926	0.01388	0.00694	0.00521	0.00521	0.00174	0.00694	0.00463	0.00231	0.00579
92	0.00839	0.00599	0.00839	0.00959	0.01079	0.00599	0.00839	0.01079	0.01199	0.01558	0.02757	0.05874	0.02997	0.01439	0.00719	0.00240	0.00480	0.74945	0.00480	0.00480
93	0.00634	0.00453	0.00604	0.00725	0.00755	0.00423	0.00483	0.00725	0.00997	0.01329	0.02870	0.81358	0.03444	0.01632	0.00665	0.00211	0.00302	0.01480	0.00483	0.00423
94	0.01392	0.82012	0.02729	0.00891	0.01337	0.02061	0.00891	0.01559	0.01058	0.01225	0.00724	0.00835	0.00668	0.00446	0.00334	0.00111	0.00557	0.00278	0.00223	0.00668
95	0.00839	0.00599	0.00839	0.00959	0.01079	0.00599	0.00839	0.01079	0.01199	0.01558	0.02757	0.05874	0.02997	0.01439	0.00719	0.00240	0.00480	0.74945	0.00480	0.00480
96	0.85377	0.01007	0.00765	0.00685	0.01007	0.01168	0.00564	0.01531	0.00886	0.02336	0.00725	0.00846	0.00564	0.00483	0.00322	0.00161	0.00403	0.00282	0.00322	0.00564
97	0.00757	0.00505	0.00568	0.00568	0.00568	0.00505	0.00316	0.00757	0.00757	0.01010	0.01641	0.03408	0.01893	0.81698	0.02651	0.00505	0.00505	0.00757	0.00316	0.00316
98	0.01045	0.02694	0.79000	0.01484	0.02254	0.01209	0.01924	0.01649	0.01099	0.01649	0.00935	0.01099	0.00660	0.00495	0.00495	0.00165	0.00770	0.00385	0.00220	0.00770
99	0.01080	0.00926	0.01080	0.00771	0.01234	0.00694	0.00617	0.01311	0.01080	0.01697	0.00926	0.01080	0.00771	0.00386	0.00386	0.00077	0.00386	0.00309	0.00309	0.84882
100	0.01229	0.01405	0.03073	0.02195	0.02722	0.01317	0.76558	0.01668	0.01229	0.01668	0.01054	0.01405	0.00790	0.00439	0.00615	0.00176	0.00878	0.00615	0.00263	0.00702
101	0.00615	0.00528	0.00528	0.00528	0.00703	0.00440	0.00396	0.00747	0.01187	0.01407	0.05276	0.05012	0.78238	0.01319	0.00615	0.00176	0.00264	0.01099	0.00484	0.00440
102	0.00983	0.00926	0.01562	0.80447	0.03587	0.01157	0.01446	0.01331	0.01041	0.01331	0.00926	0.01388	0.00694	0.00521	0.00521	0.00174	0.00694	0.00463	0.00231	0.00579
103	0.01064	0.06756	0.01625	0.68211	0.03252	0.04370	0.01362	0.01439	0.04350	0.01357	0.00958	0.01355	0.00730	0.00524	0.00506	0.00168	0.00682	0.00450	0.00245	0.00596
104	0.00627	0.00526	0.00544	0.00543	0.00711	0.00444	0.00406	0.00768	0.01209	0.01467	0.11808	0.06614	0.69945	0.01303	0.00616	0.00176	0.00263	0.01093	0.00492	0.00444
105	0.00737	0.00532	0.00696	0.00655	0.00778	0.00491	0.00491	0.00983	0.01474	0.02088	0.78175	0.03890	0.04914	0.01065	0.00614	0.00164	0.00246	0.00942	0.00573	0.00491
106	0.01050	0.02365	0.63454	0.01515	0.02203	0.01169	0.11555	0.01601	0.01112	0.01648	0.01052	0.04382	0.00810	0.00537	0.00513	0.00167	0.00748	0.00462	0.02921	0.00738
107	0.01233	0.05373	0.22061	0.01852	0.02417	0.01325	0.46833	0.06973	0.01274	0.01755	0.01069	0.01413	0.00819	0.00494	0.00568	0.00170	0.00803	0.02568	0.00275	0.00725
108	0.01176	0.02437	0.65311	0.04836	0.02218	0.01239	0.01773	0.09675	0.01252	0.03881	0.00998	0.01146	0.00702	0.00514	0.00499	0.00164	0.00737	0.00401	0.00264	0.00777
109	0.29723	0.54687	0.02067	0.00821	0.01225	0.01760	0.00781	0.01550	0.01000	0.01600	0.00724	0.00839	0.00633	0.00458	0.00330	0.00128	0.00505	0.00280	0.00256	0.00633
110	0.00839	0.00599	0.00839	0.00959	0.01079	0.00599	0.00839	0.01079	0.01199	0.01558	0.02757	0.05874	0.02997	0.01439	0.00719	0.00240	0.00480	0.74945	0.00480	0.00480
111	0.01249	0.01034	0.01168	0.00875	0.01309	0.00915	0.00702	0.13393	0.10903	0.02008	0.01127	0.01215	0.00892	0.00464	0.00425	0.00102	0.00419	0.00369	0.00370	0.61061
112	0.05487	0.01122	0.01727	0.42757	0.02756	0.06175	0.15864	0.05039	0.04061	0.01577	0.02347	0.03448	0.00912	0.00689	0.03701	0.00197	0.00725	0.00518	0.00284	0.00617

[dist]
# distance from previous block
# <min> <max>
0	2

[block]
# block no. 4 follows, 47 sequences, length 24
# corresponding to MSA columns:
# 772-795
name=unknown_E
#
# <colnr> <probs for GDERKNQSTAVLIFYWHMCP>
#	G	D	E	R	K	N	Q	S	T	A	V	L	I	F	Y	W	H	M	C	P
0	0.08511	0.24443	0.46006	0.01297	0.01922	0.01449	0.06464	0.01615	0.01078	0.01593	0.00866	0.01024	0.00662	0.00476	0.00443	0.00150	0.00686	0.00362	0.00233	0.00719
1	0.00983	0.00926	0.01562	0.80447	0.03587	0.01157	0.01446	0.01331	0.01041	0.01331	0.00926	0.01388	0.00694	0.00521	0.00521	0.00174	0.00694	0.00463	0.00231	0.00579
2	0.01229	0.01405	0.03073	0.02195	0.02722	0.01317	0.76558	0.01668	0.01229	0.01668	0.01054	0.01405	0.00790	0.00439	0.00615	0.00176	0.00878	0.00615	0.00263	0.00702
3	0.01327	0.01134	0.01195	0.01066	0.01366	0.01310	0.00832	0.06151	0.74074	0.02229	0.02080	0.01911	0.01557	0.00703	0.00529	0.00176	0.00420	0.00583	0.00529	0.00827
4	0.00783	0.00534	0.00652	0.00688	0.00725	0.00534	0.00477	0.00856	0.00893	0.01179	0.01985	0.04167	0.02233	0.56981	0.02056	0.00423	0.00497	0.23605	0.00366	0.00366
5	0.00827	0.00591	0.00825	0.00945	0.01060	0.00589	0.00818	0.01058	0.01187	0.01545	0.02764	0.10336	0.03023	0.01450	0.00716	0.00238	0.00469	0.70603	0.00480	0.00476
6	0.00757	0.00505	0.00568	0.00568	0.00568	0.00505	0.00316	0.00757	0.00757	0.01010	0.01641	0.03408	0.01893	0.81698	0.02651	0.00505	0.00505	0.00757	0.00316	0.00316
7	0.01980	0.01459	0.01563	0.01198	0.01615	0.01615	0.00990	0.76713	0.02448	0.03282	0.01250	0.01250	0.00886	0.00625	0.00521	0.00156	0.00573	0.00469	0.00521	0.00886
8	0.02336	0.00886	0.01209	0.00927	0.01329	0.00765	0.00765	0.02538	0.01491	0.78810	0.02055	0.01773	0.01289	0.00645	0.00524	0.00161	0.00443	0.00524	0.00645	0.00886
9	0.01295	0.01119	0.01178	0.01060	0.01354	0.01295	0.00824	0.02767	0.77509	0.02178	0.02120	0.01943	0.01590	0.00707	0.00530	0.00177	0.00412	0.00589	0.00530	0.00824
10	0.00757	0.00505	0.00568	0.00568	0.00568	0.00505	0.00316	0.00757	0.00757	0.01010	0.01641	0.03408	0.01893	0.81698	0.02651	0.00505	0.00505	0.00757	0.00316	0.00316
11	0.01080	0.00926	0.01080	0.00771	0.01234	0.00694	0.00617	0.01311	0.01080	0.01697	0.00926	0.01080	0.00771	0.00386	0.00386	0.00077	0.00386	0.00309	0.00309	0.84882
12	0.01198	0.02780	0.01560	0.47926	0.04626	0.02973	0.02882	0.06515	0.01172	0.06552	0.02775	0.01393	0.00851	0.00573	0.00627	0.00168	0.08478	0.00464	0.00292	0.06194
13	0.01155	0.06268	0.60125	0.01495	0.02173	0.07330	0.08418	0.01716	0.03591	0.01619	0.00963	0.01129	0.00702	0.00498	0.00497	0.00161	0.00771	0.00403	0.00238	0.00748
14	0.00643	0.00536	0.00566	0.00581	0.00750	0.00459	0.00451	0.00789	0.01188	0.01426	0.04963	0.05119	0.68889	0.01334	0.00628	0.00184	0.00291	0.10275	0.00483	0.00445
15	0.01229	0.01405	0.03073	0.02195	0.02722	0.01317	0.76558	0.01668	0.01229	0.01668	0.01054	0.01405	0.00790	0.00439	0.00615	0.00176	0.00878	0.00615	0.00263	0.00702
16	0.01006	0.00949	0.01628	0.66102	0.08255	0.01134	0.05297	0.01349	0.01071	0.01387	0.01057	0.01680	0.00860	0.00574	0.00538	0.00177	0.00685	0.05406	0.00251	0.00594
17	0.00648	0.00463	0.00620	0.00741	0.00777	0.00435	0.00507	0.00749	0.01010	0.01345	0.02863	0.76357	0.03415	0.01619	0.00668	0.00213	0.00314	0.06348	0.00483	0.00427
