[name]
unknown

[dist]
# distance from previous block
# <min> <max>
0	213

[block]
# block no. 0 follows, 40 sequences, length 29
# corresponding to MSA columns:
# 327-355
name=unknown_A
#
# <colnr> <probs for GDERKNQSTAVLIFYWHMCP>
#	G	D	E	R	K	N	Q	S	T	A	V	L	I	F	Y	W	H	M	C	P
0	0.01540	0.03061	0.03094	0.05594	0.06926	0.06319	0.02392	0.14490	0.19367	0.04983	0.03034	0.02084	0.01429	0.02337	0.00718	0.00191	0.06015	0.06052	0.02950	0.07424
1	0.03093	0.01308	0.01749	0.04912	0.06596	0.03625	0.12262	0.15771	0.17702	0.06074	0.03457	0.03942	0.02637	0.00712	0.00637	0.00180	0.03714	0.00615	0.03752	0.07262
2	0.01420	0.04593	0.01766	0.42228	0.04816	0.11023	0.02863	0.06897	0.07746	0.03384	0.01173	0.01487	0.00897	0.00611	0.00599	0.00180	0.02919	0.00500	0.00330	0.04568
3	0.01255	0.01196	0.01865	0.39552	0.20858	0.03071	0.04648	0.01690	0.05727	0.01716	0.01133	0.01503	0.00888	0.00554	0.00563	0.00173	0.00704	0.00506	0.00300	0.12099
4	0.01164	0.01017	0.01341	0.10957	0.09805	0.00877	0.00916	0.01436	0.01218	0.01806	0.01414	0.05267	0.04318	0.00605	0.00503	0.00127	0.00496	0.02652	0.00351	0.53733
5	0.01262	0.13084	0.02039	0.50393	0.10079	0.04840	0.03339	0.01594	0.01194	0.01509	0.00989	0.01411	0.00785	0.00583	0.00616	0.00183	0.04663	0.00483	0.00262	0.00691
6	0.00783	0.00590	0.00691	0.00666	0.00826	0.00526	0.00499	0.01007	0.01498	0.02023	0.44306	0.04725	0.32962	0.01274	0.00672	0.00186	0.00282	0.01094	0.04866	0.00526
7	0.00712	0.00513	0.00676	0.00797	0.00842	0.00476	0.00536	0.00823	0.01144	0.01524	0.06349	0.73015	0.06877	0.01781	0.00738	0.00232	0.00333	0.01610	0.00544	0.00476
8	0.00726	0.00533	0.00677	0.00762	0.00833	0.00489	0.00522	0.00857	0.01215	0.01612	0.14255	0.55552	0.14303	0.03805	0.00787	0.00232	0.00328	0.01481	0.00550	0.00483
9	0.48021	0.00993	0.00941	0.00803	0.01152	0.01058	0.00656	0.01962	0.01213	0.22846	0.01394	0.01427	0.00992	0.00612	0.00429	0.00173	0.00433	0.00426	0.13756	0.00715
10	0.01871	0.00809	0.01038	0.00853	0.01174	0.00715	0.00685	0.02102	0.01542	0.44292	0.12551	0.02741	0.10349	0.00860	0.00577	0.00174	0.00401	0.00712	0.15760	0.00792
11	0.01771	0.01391	0.01477	0.01228	0.01610	0.01571	0.00983	0.34411	0.40198	0.02968	0.01920	0.01827	0.01417	0.00745	0.00580	0.00185	0.00533	0.00594	0.03657	0.00937
12	0.83671	0.01125	0.00855	0.00765	0.01125	0.01305	0.00630	0.01709	0.00990	0.02609	0.00810	0.00945	0.00630	0.00540	0.00360	0.00180	0.00450	0.00315	0.00360	0.00630
13	0.02211	0.01629	0.01745	0.01338	0.01803	0.01803	0.01105	0.73997	0.02734	0.03665	0.01396	0.01396	0.00989	0.00698	0.00582	0.00175	0.00640	0.00524	0.00582	0.00989
14	0.00803	0.00594	0.00749	0.00710	0.00856	0.00540	0.00533	0.01058	0.01598	0.02217	0.65094	0.04533	0.16093	0.01232	0.00686	0.00185	0.00277	0.01078	0.00625	0.00540
15	0.07555	0.00998	0.01319	0.01018	0.01463	0.00882	0.00841	0.02765	0.01623	0.71840	0.02204	0.01916	0.01390	0.00709	0.00571	0.00180	0.00492	0.00568	0.00698	0.00968
16	0.01775	0.01108	0.01268	0.01071	0.01429	0.01160	0.00852	0.09083	0.35049	0.25527	0.05363	0.02482	0.09517	0.00846	0.00602	0.00189	0.00463	0.00697	0.00627	0.00889
17	0.00799	0.00589	0.00747	0.00716	0.00856	0.00537	0.00534	0.01047	0.01575	0.02185	0.62475	0.08398	0.14859	0.01260	0.00689	0.00187	0.00280	0.01107	0.00621	0.00537
18	0.01439	0.01382	0.02360	0.03569	0.75936	0.01382	0.01785	0.01785	0.01324	0.01900	0.01094	0.01439	0.00921	0.00518	0.00576	0.00173	0.00691	0.00518	0.00288	0.00921
19	0.10071	0.00720	0.00818	0.00763	0.00968	0.00689	0.00581	0.04417	0.01471	0.08670	0.30385	0.13996	0.21862	0.01211	0.00645	0.00192	0.00343	0.01031	0.00575	0.00591
20	0.01201	0.01012	0.01177	0.00847	0.01347	0.00765	0.00677	0.01459	0.01206	0.01907	0.01072	0.01248	0.00889	0.00442	0.00430	0.00088	0.00424	0.00353	0.03968	0.79489
21	0.01299	0.02390	0.51317	0.03870	0.08418	0.01301	0.04850	0.06217	0.01352	0.04703	0.01248	0.01583	0.00948	0.00615	0.00569	0.00185	0.00782	0.03632	0.03883	0.00840
22	0.00702	0.00530	0.00650	0.00746	0.00827	0.00478	0.00512	0.00817	0.01175	0.01509	0.03980	0.57943	0.24586	0.01721	0.00726	0.00225	0.00325	0.01530	0.00540	0.00478
23	0.01950	0.00930	0.01164	0.00939	0.01284	0.00870	0.00758	0.11792	0.01734	0.40529	0.15343	0.02562	0.06633	0.00841	0.00588	0.00176	0.00438	0.00694	0.09944	0.00830
24	0.00969	0.00690	0.00834	0.00826	0.00966	0.02465	0.00607	0.03871	0.03054	0.05859	0.35592	0.30828	0.07184	0.01369	0.00693	0.00203	0.00350	0.02480	0.00591	0.00569
25	0.01238	0.01197	0.06835	0.36254	0.13493	0.01225	0.04112	0.01646	0.04656	0.06152	0.01454	0.08679	0.01271	0.00766	0.00686	0.00200	0.05283	0.03791	0.00344	0.00718
26	0.00708	0.00510	0.00671	0.00801	0.00841	0.00473	0.00536	0.00811	0.01122	0.01488	0.03317	0.76117	0.06840	0.01807	0.00740	0.00235	0.00336	0.01635	0.00540	0.00473
27	0.01718	0.01239	0.01519	0.01245	0.01530	0.02985	0.03026	0.25832	0.03593	0.13719	0.13561	0.02199	0.01865	0.00955	0.02366	0.00213	0.17335	0.03784	0.00521	0.00798
28	0.05094	0.01885	0.28563	0.04973	0.11403	0.01292	0.04955	0.12755	0.01502	0.10071	0.01291	0.03545	0.00975	0.00609	0.00556	0.00174	0.00695	0.00508	0.00378	0.08775

[dist]
# distance from previous block
# <min> <max>
1	4

[block]
# block no. 1 follows, 40 sequences, length 10
# corresponding to MSA columns:
# 360-369
name=unknown_B
#
# <colnr> <probs for GDERKNQSTAVLIFYWHMCP>
#	G	D	E	R	K	N	Q	S	T	A	V	L	I	F	Y	W	H	M	C	P
0	0.01983	0.00968	0.01184	0.00981	0.01301	0.04334	0.00778	0.04701	0.03303	0.43986	0.02009	0.02148	0.01467	0.08315	0.13366	0.00333	0.00688	0.00601	0.06746	0.00806
1	0.01408	0.32222	0.25950	0.04154	0.01997	0.05265	0.04733	0.01938	0.09899	0.01675	0.01094	0.01246	0.00873	0.00583	0.00563	0.00166	0.04721	0.00427	0.00293	0.00792
2	0.00824	0.00642	0.00805	0.00755	0.00897	0.00624	0.00576	0.01057	0.01516	0.02086	0.53880	0.04416	0.21616	0.01243	0.00774	0.00191	0.05912	0.01054	0.00589	0.00541
3	0.01332	0.01132	0.01733	0.22390	0.16037	0.01227	0.08318	0.11673	0.06035	0.02066	0.01550	0.05947	0.01324	0.00734	0.00592	0.00187	0.00638	0.05318	0.11024	0.00746
4	0.00750	0.00580	0.00683	0.00681	0.00830	0.00514	0.00502	0.00946	0.01437	0.01893	0.36094	0.14958	0.35249	0.01395	0.00694	0.00196	0.00291	0.01208	0.00584	0.00514
5	0.00850	0.00593	0.00738	0.00728	0.00872	0.00533	0.00536	0.01056	0.01461	0.05397	0.40789	0.20096	0.21456	0.01366	0.00693	0.00197	0.00302	0.01196	0.00599	0.00540
6	0.00888	0.00552	0.00728	0.00794	0.00875	0.00514	0.00552	0.01017	0.01212	0.06621	0.12556	0.55690	0.03625	0.01598	0.00768	0.03801	0.00342	0.01379	0.05974	0.00512
7	0.01446	0.01249	0.01315	0.01183	0.01512	0.01446	0.00920	0.03090	0.74885	0.02433	0.02367	0.02170	0.01775	0.00789	0.00592	0.00197	0.00460	0.00657	0.00592	0.00920
8	0.05060	0.04044	0.07335	0.08097	0.36927	0.06502	0.08392	0.05277	0.07395	0.03633	0.01204	0.01451	0.00949	0.00563	0.00568	0.00177	0.00722	0.00516	0.00334	0.00854
9	0.17697	0.01479	0.01458	0.01301	0.06701	0.12008	0.00972	0.20904	0.06420	0.17951	0.01418	0.01422	0.01017	0.00634	0.00522	0.00169	0.00609	0.00472	0.00493	0.06353

[dist]
# distance from previous block
# <min> <max>
0	1

[block]
# block no. 2 follows, 40 sequences, length 8
# corresponding to MSA columns:
# 371-378
name=unknown_C
#
# <colnr> <probs for GDERKNQSTAVLIFYWHMCP>
#	G	D	E	R	K	N	Q	S	T	A	V	L	I	F	Y	W	H	M	C	P
0	0.14481	0.01310	0.07804	0.01193	0.01676	0.01140	0.06340	0.12301	0.01652	0.43551	0.01761	0.01651	0.01156	0.00659	0.00555	0.00181	0.00574	0.00530	0.00576	0.00910
1	0.01592	0.12566	0.05128	0.08970	0.11711	0.03991	0.09694	0.14068	0.05357	0.08702	0.01466	0.06926	0.01203	0.00685	0.00562	0.00175	0.00655	0.00594	0.05146	0.00807
2	0.01111	0.00897	0.01027	0.07039	0.01204	0.06655	0.00706	0.01225	0.03066	0.03919	0.01514	0.02717	0.01568	0.40739	0.08498	0.05760	0.10848	0.00685	0.00338	0.00483
3	0.00846	0.00564	0.00634	0.00634	0.00634	0.00564	0.00352	0.00846	0.00846	0.01128	0.01832	0.03805	0.02114	0.79563	0.02960	0.00564	0.00564	0.00846	0.00352	0.00352
4	0.00913	0.05140	0.00884	0.00818	0.00903	0.00669	0.00582	0.01029	0.06457	0.01405	0.02480	0.35814	0.07688	0.03986	0.01242	0.25630	0.00423	0.03051	0.00433	0.00453
5	0.01696	0.19070	0.14942	0.01478	0.03565	0.04932	0.11066	0.11004	0.01482	0.13426	0.01215	0.01346	0.00910	0.00616	0.00660	0.00172	0.07927	0.00478	0.00376	0.03638
6	0.06624	0.07869	0.07147	0.13992	0.31525	0.01265	0.01374	0.01682	0.01271	0.06107	0.01552	0.01871	0.06212	0.00648	0.00546	0.00175	0.00621	0.02335	0.06409	0.00777
7	0.02154	0.07887	0.07016	0.01215	0.01693	0.01195	0.06358	0.10728	0.06387	0.43983	0.04078	0.01823	0.01380	0.00688	0.00575	0.00177	0.00575	0.00570	0.00589	0.00927

[dist]
# distance from previous block
# <min> <max>
1	11

[block]
# block no. 3 follows, 40 sequences, length 13
# corresponding to MSA columns:
# 390-402
name=unknown_D
#
# <colnr> <probs for GDERKNQSTAVLIFYWHMCP>
#	G	D	E	R	K	N	Q	S	T	A	V	L	I	F	Y	W	H	M	C	P
0	0.01600	0.26146	0.11172	0.03521	0.03358	0.06684	0.02913	0.06045	0.03966	0.13573	0.08583	0.07031	0.01586	0.00730	0.00533	0.00166	0.00618	0.00583	0.00418	0.00777
1	0.00831	0.00623	0.00935	0.00935	0.01038	0.00727	0.00727	0.01038	0.00935	0.01350	0.01558	0.02285	0.01454	0.04361	0.77259	0.00935	0.01558	0.00623	0.00312	0.00519
2	0.01906	0.35999	0.02251	0.01281	0.01666	0.44955	0.01068	0.02072	0.01447	0.01400	0.00860	0.00999	0.00748	0.00555	0.00459	0.00139	0.00865	0.00347	0.00278	0.00705
3	0.05196	0.01186	0.06265	0.03719	0.01576	0.00972	0.00900	0.10085	0.01496	0.23517	0.01584	0.07006	0.01234	0.00661	0.00525	0.00148	0.00508	0.00538	0.00485	0.32401
4	0.01533	0.08054	0.25390	0.01495	0.05592	0.01346	0.08093	0.09977	0.08939	0.11741	0.03243	0.01729	0.04592	0.00653	0.00566	0.00175	0.00669	0.00548	0.00414	0.05250
5	0.01823	0.01042	0.01309	0.04110	0.01514	0.01075	0.00912	0.13468	0.10192	0.30235	0.05690	0.02620	0.06390	0.01104	0.05349	0.00240	0.04524	0.06987	0.00585	0.00829
6	0.01031	0.00652	0.00961	0.00997	0.04833	0.00704	0.00678	0.01004	0.00912	0.03406	0.04607	0.02110	0.01391	0.07671	0.20848	0.41119	0.05763	0.00586	0.00307	0.00420
7	0.01799	0.06979	0.12095	0.08068	0.03919	0.03869	0.05279	0.04914	0.07227	0.29372	0.01879	0.04962	0.03112	0.00742	0.00585	0.00184	0.00625	0.03047	0.00496	0.00846
8	0.01610	0.01635	0.19544	0.08696	0.12406	0.01274	0.07658	0.06673	0.08607	0.18124	0.01551	0.04342	0.01159	0.00674	0.00636	0.00188	0.03353	0.00580	0.00425	0.00863
9	0.00829	0.00550	0.00686	0.00715	0.00736	0.00548	0.00449	0.00854	0.00941	0.01269	0.05384	0.20847	0.02502	0.44441	0.07940	0.08964	0.00568	0.00989	0.00395	0.00391
10	0.01334	0.07773	0.12777	0.10138	0.06854	0.02931	0.17361	0.09837	0.04211	0.01963	0.03232	0.06879	0.04925	0.00748	0.00628	0.00188	0.02136	0.02992	0.02339	0.00755
11	0.04823	0.04233	0.15313	0.01599	0.11050	0.01232	0.07358	0.05425	0.09449	0.31027	0.01690	0.01664	0.01165	0.00638	0.00572	0.00181	0.00631	0.00543	0.00496	0.00912
12	0.01349	0.00815	0.03042	0.03898	0.01305	0.00742	0.03168	0.03250	0.01314	0.22716	0.02619	0.45411	0.02701	0.01333	0.00719	0.00215	0.03001	0.01180	0.00556	0.00663

[dist]
# distance from previous block
# <min> <max>
1	29

[block]
# block no. 4 follows, 40 sequences, length 14
# corresponding to MSA columns:
# 439-452
name=unknown_E
#
# <colnr> <probs for GDERKNQSTAVLIFYWHMCP>
#	G	D	E	R	K	N	Q	S	T	A	V	L	I	F	Y	W	H	M	C	P
0	0.00803	0.00667	0.00705	0.00704	0.00858	0.03371	0.00520	0.00976	0.01372	0.01738	0.23714	0.11062	0.39736	0.06949	0.00852	0.00224	0.00351	0.04352	0.00544	0.00504
1	0.01371	0.01731	0.22344	0.05319	0.11592	0.01265	0.12611	0.08133	0.06756	0.04725	0.01349	0.04416	0.01087	0.03310	0.00658	0.00187	0.00706	0.00564	0.00358	0.11519
2	0.00836	0.00638	0.00750	0.00723	0.00887	0.00587	0.00540	0.04908	0.01526	0.02031	0.38043	0.13635	0.30077	0.01340	0.00688	0.00194	0.00309	0.01158	0.00589	0.00543
3	0.00866	0.00661	0.00892	0.00897	0.00961	0.00728	0.00665	0.00991	0.01115	0.01552	0.12629	0.30080	0.07586	0.04914	0.11388	0.06221	0.12318	0.02464	0.02574	0.00498
4	0.01285	0.10159	0.06913	0.27515	0.05189	0.01346	0.05294	0.05227	0.05369	0.05136	0.08140	0.03429	0.01419	0.00928	0.05390	0.00232	0.05364	0.00588	0.00359	0.00716
5	0.04380	0.48574	0.02393	0.01047	0.01515	0.07216	0.00960	0.06063	0.01397	0.17059	0.01163	0.01193	0.00904	0.00561	0.00441	0.00141	0.00615	0.00385	0.00375	0.03619
6	0.01451	0.25725	0.21294	0.04190	0.07892	0.03831	0.03217	0.01896	0.06471	0.07661	0.01204	0.01388	0.00952	0.00899	0.07019	0.00231	0.03108	0.00456	0.00322	0.00794
7	0.05276	0.55321	0.09412	0.01310	0.07877	0.09327	0.01162	0.01809	0.01234	0.01517	0.00863	0.01014	0.00755	0.00516	0.00420	0.00139	0.00683	0.00345	0.00262	0.00759
8	0.01166	0.03008	0.76550	0.01657	0.02517	0.01351	0.02149	0.01842	0.01228	0.01842	0.01044	0.01228	0.00737	0.00552	0.00552	0.00184	0.00859	0.00430	0.00246	0.00859
9	0.00985	0.00505	0.00751	0.00762	0.00765	0.00502	0.00508	0.00762	0.00788	0.01050	0.01195	0.08297	0.01249	0.02003	0.02144	0.76093	0.00491	0.00602	0.00277	0.00271
10	0.07561	0.15005	0.10277	0.07673	0.08542	0.12175	0.06430	0.05097	0.06564	0.03829	0.01286	0.01468	0.03763	0.00646	0.00642	0.00176	0.07281	0.00489	0.00335	0.00761
11	0.07898	0.03591	0.10729	0.01100	0.01466	0.03364	0.00992	0.06469	0.09258	0.21321	0.02859	0.02135	0.01427	0.01057	0.04868	0.06119	0.02931	0.06413	0.05240	0.00764
12	0.01031	0.00668	0.01065	0.01068	0.05046	0.00676	0.05825	0.01013	0.03744	0.01250	0.01336	0.09019	0.01333	0.01988	0.09040	0.53921	0.00632	0.00643	0.00303	0.00398
13	0.03658	0.01981	0.04525	0.10110	0.14361	0.31961	0.05672	0.09816	0.04780	0.01863	0.01076	0.01301	0.00857	0.00616	0.00630	0.00173	0.05050	0.00469	0.00333	0.00767

[dist]
# distance from previous block
# <min> <max>
1	42

[block]
# block no. 5 follows, 40 sequences, length 8
# corresponding to MSA columns:
# 495-502
name=unknown_F
#
# <colnr> <probs for GDERKNQSTAVLIFYWHMCP>
#	G	D	E	R	K	N	Q	S	T	A	V	L	I	F	Y	W	H	M	C	P
0	0.54731	0.03441	0.01088	0.04215	0.06990	0.01256	0.00766	0.03576	0.04126	0.02307	0.01115	0.04576	0.00990	0.07969	0.00660	0.00217	0.00498	0.00463	0.00369	0.00646
1	0.01449	0.58546	0.02498	0.00954	0.01382	0.01913	0.00908	0.01649	0.01173	0.01518	0.00962	0.01130	0.00850	0.00541	0.00464	0.00129	0.04678	0.00353	0.10511	0.08390
2	0.01501	0.08032	0.08532	0.05095	0.01729	0.03337	0.00998	0.15700	0.01530	0.04932	0.01129	0.01264	0.00879	0.00523	0.00483	0.00127	0.00565	0.00403	0.00382	0.42858
3	0.00809	0.00594	0.00757	0.00716	0.00860	0.00543	0.00537	0.01069	0.01612	0.02251	0.68166	0.04478	0.13001	0.01219	0.00686	0.00184	0.00277	0.01070	0.00629	0.00543
4	0.00827	0.00668	0.01001	0.10436	0.01372	0.00695	0.04107	0.01000	0.01170	0.01577	0.09529	0.54930	0.03324	0.01506	0.00775	0.00225	0.04491	0.01352	0.00488	0.00524
5	0.01272	0.01272	0.01781	0.01527	0.01527	0.01781	0.01272	0.01399	0.00891	0.01399	0.00763	0.01272	0.00763	0.01018	0.01908	0.00254	0.78499	0.00509	0.00254	0.00636
6	0.00709	0.00590	0.00619	0.00612	0.00799	0.00500	0.00459	0.00876	0.01377	0.01692	0.16995	0.05397	0.64520	0.01428	0.00687	0.00194	0.00291	0.01199	0.00556	0.00500
7	0.01401	0.10448	0.28709	0.01700	0.02296	0.01563	0.20663	0.08689	0.10532	0.02014	0.01235	0.01421	0.00930	0.00600	0.00654	0.00186	0.05265	0.00526	0.00334	0.00834

[dist]
# distance from previous block
# <min> <max>
0	21

[block]
# block no. 6 follows, 40 sequences, length 35
# corresponding to MSA columns:
# 524-558
name=unknown_G
#
# <colnr> <probs for GDERKNQSTAVLIFYWHMCP>
#	G	D	E	R	K	N	Q	S	T	A	V	L	I	F	Y	W	H	M	C	P
0	0.00719	0.00514	0.00684	0.00803	0.00846	0.00479	0.00541	0.00835	0.01161	0.01560	0.09639	0.72535	0.03992	0.01766	0.00737	0.00231	0.00332	0.01600	0.00549	0.00479
1	0.01179	0.01116	0.01889	0.60586	0.20956	0.01313	0.01655	0.01556	0.01201	0.01583	0.01048	0.01524	0.00810	0.00566	0.00580	0.00189	0.00755	0.00517	0.00265	0.00711
2	0.01533	0.38624	0.07635	0.08501	0.17727	0.05300	0.01309	0.06966	0.04242	0.01733	0.01013	0.01203	0.00843	0.00544	0.00478	0.00153	0.00681	0.00413	0.00297	0.00803
3	0.01069	0.00652	0.00943	0.00993	0.05116	0.00694	0.00652	0.01021	0.06096	0.01203	0.01184	0.04792	0.01157	0.01782	0.01976	0.64474	0.04976	0.00562	0.00290	0.00369
4	0.02436	0.01123	0.01414	0.01116	0.01507	0.05334	0.00916	0.02646	0.01578	0.63757	0.02045	0.01848	0.01325	0.00746	0.00728	0.00186	0.09153	0.00564	0.00644	0.00932
5	0.01543	0.64884	0.04667	0.06550	0.01716	0.06414	0.01073	0.01812	0.04104	0.01433	0.00897	0.01039	0.00789	0.00522	0.00410	0.00135	0.00657	0.00346	0.00266	0.00745
6	0.00830	0.00577	0.00733	0.00765	0.00882	0.00525	0.00555	0.01010	0.01365	0.04787	0.28716	0.34701	0.16543	0.01490	0.00710	0.00210	0.00323	0.04172	0.00582	0.00525
7	0.00810	0.00553	0.00700	0.00785	0.00845	0.00533	0.00553	0.00940	0.01129	0.01546	0.05426	0.40753	0.04967	0.17512	0.01172	0.00297	0.00407	0.12911	0.07692	0.00467
8	0.00973	0.00592	0.00751	0.00771	0.00902	0.00539	0.00555	0.01142	0.01317	0.10244	0.17718	0.40251	0.12968	0.01439	0.00681	0.00206	0.00332	0.01273	0.06791	0.00554
9	0.00723	0.00566	0.00654	0.00683	0.00820	0.00498	0.00493	0.00884	0.01334	0.01710	0.20161	0.26392	0.39989	0.01511	0.00703	0.00205	0.00302	0.01311	0.00562	0.00498
10	0.02333	0.00944	0.01254	0.00982	0.01388	0.00829	0.00804	0.04365	0.01655	0.63347	0.06616	0.02313	0.05915	0.00787	0.00590	0.00179	0.00466	0.00645	0.03667	0.00920
11	0.01206	0.01034	0.01206	0.00861	0.01378	0.00775	0.00689	0.01464	0.01206	0.01895	0.01034	0.01206	0.00861	0.00431	0.00431	0.00086	0.00431	0.00345	0.00345	0.83118
12	0.00914	0.00576	0.00777	0.00872	0.00959	0.00538	0.00632	0.01054	0.01199	0.08176	0.03104	0.60552	0.03551	0.01689	0.00738	0.00236	0.00383	0.12965	0.00555	0.00529
13	0.04755	0.01569	0.01667	0.01302	0.01748	0.01747	0.01069	0.63582	0.10899	0.03490	0.01488	0.01470	0.01067	0.00703	0.00576	0.00177	0.00613	0.00532	0.00576	0.00970
14	0.02609	0.00990	0.01350	0.01035	0.01484	0.00855	0.00855	0.02834	0.01664	0.76338	0.02294	0.01979	0.01439	0.00720	0.00585	0.00180	0.00495	0.00585	0.00720	0.00990
15	0.02048	0.02565	0.01666	0.01502	0.01760	0.66820	0.01144	0.02195	0.01543	0.01420	0.00880	0.01080	0.00751	0.00657	0.00715	0.00164	0.11733	0.00393	0.00293	0.00669
16	0.04193	0.01260	0.01335	0.01159	0.01498	0.01430	0.00913	0.16422	0.52200	0.02665	0.08640	0.02175	0.01918	0.00799	0.00591	0.00191	0.00478	0.00656	0.00587	0.00891
17	0.00741	0.00538	0.00706	0.00829	0.00892	0.00503	0.00590	0.00871	0.01166	0.01530	0.03425	0.61844	0.10155	0.01759	0.00746	0.00237	0.00363	0.12081	0.00539	0.00483
18	0.17909	0.01142	0.01334	0.01044	0.01479	0.01128	0.00862	0.16716	0.01748	0.47956	0.01835	0.01668	0.01197	0.00681	0.00542	0.00179	0.00515	0.00521	0.00624	0.00921
19	0.01439	0.01382	0.02360	0.03569	0.75936	0.01382	0.01785	0.01785	0.01324	0.01900	0.01094	0.01439	0.00921	0.00518	0.00576	0.00173	0.00691	0.00518	0.00288	0.00921
20	0.00923	0.00604	0.00787	0.00832	0.00961	0.00568	0.00624	0.01086	0.01238	0.08208	0.06640	0.36390	0.17345	0.01880	0.09186	0.00303	0.00502	0.10851	0.00534	0.00539
21	0.02346	0.01095	0.01380	0.01080	0.01505	0.01044	0.00884	0.14592	0.07890	0.53956	0.06304	0.02032	0.01621	0.00748	0.00591	0.00181	0.00504	0.00607	0.00682	0.00959
22	0.03255	0.01808	0.01553	0.01353	0.01611	0.32546	0.03342	0.08418	0.06749	0.07550	0.05593	0.07290	0.01403	0.00822	0.00802	0.00186	0.14001	0.00590	0.00408	0.00718
23	0.83671	0.01125	0.00855	0.00765	0.01125	0.01305	0.00630	0.01709	0.00990	0.02609	0.00810	0.00945	0.00630	0.00540	0.00360	0.00180	0.00450	0.00315	0.00360	0.00630
24	0.00785	0.00549	0.00690	0.00776	0.00860	0.00501	0.00539	0.00902	0.01173	0.04100	0.03656	0.55468	0.18260	0.04997	0.00822	0.00241	0.00352	0.04301	0.00538	0.00492
25	0.01542	0.00743	0.00838	0.00728	0.00967	0.00727	0.00574	0.08136	0.01458	0.19727	0.01946	0.02055	0.01434	0.00689	0.00464	0.00149	0.00356	0.00550	0.56228	0.00687
26	0.01571	0.73602	0.02919	0.01014	0.01503	0.05714	0.00990	0.01759	0.01204	0.01389	0.00820	0.00948	0.00750	0.00500	0.00382	0.00124	0.00635	0.00315	0.00254	0.03607
27	0.01939	0.26942	0.05072	0.01347	0.01731	0.50736	0.01124	0.02121	0.01485	0.01423	0.00876	0.01020	0.00748	0.00566	0.00478	0.00143	0.00907	0.00357	0.00282	0.00704
28	0.00902	0.00693	0.00828	0.00886	0.00989	0.00719	0.00616	0.01372	0.19167	0.01685	0.02878	0.53615	0.03185	0.08475	0.00902	0.00256	0.00388	0.01337	0.00536	0.00571
29	0.00754	0.00547	0.00715	0.00807	0.00870	0.00518	0.00554	0.00937	0.03565	0.01676	0.16968	0.62480	0.04093	0.01668	0.00727	0.00225	0.00329	0.01507	0.00561	0.00501
30	0.01531	0.01222	0.01322	0.01155	0.01471	0.01370	0.00902	0.22837	0.40655	0.02640	0.05148	0.13293	0.02003	0.00930	0.00615	0.00196	0.00486	0.00781	0.00583	0.00860
31	0.01533	0.00975	0.01022	0.00859	0.01126	0.01045	0.00685	0.30313	0.01823	0.02765	0.01697	0.01860	0.01291	0.00686	0.00476	0.00151	0.00418	0.00535	0.50019	0.00720
32	0.00926	0.00696	0.00829	0.00772	0.00949	0.00673	0.00585	0.05322	0.07019	0.02247	0.49372	0.06816	0.17181	0.01191	0.00668	0.00187	0.00314	0.01032	0.02631	0.00588
33	0.04867	0.00789	0.01028	0.00904	0.01162	0.00738	0.00714	0.01830	0.03221	0.31328	0.22996	0.07495	0.02903	0.05713	0.05111	0.00257	0.00489	0.07131	0.00609	0.00716
34	0.01087	0.01016	0.01705	0.75063	0.03880	0.01262	0.01572	0.01470	0.01182	0.01520	0.04022	0.01662	0.00964	0.00606	0.00586	0.00193	0.00755	0.00538	0.00274	0.00642

[dist]
# distance from previous block
# <min> <max>
4	16

[block]
# block no. 7 follows, 40 sequences, length 23
# corresponding to MSA columns:
# 575-597
name=unknown_H
#
# <colnr> <probs for GDERKNQSTAVLIFYWHMCP>
#	G	D	E	R	K	N	Q	S	T	A	V	L	I	F	Y	W	H	M	C	P
0	0.00793	0.00575	0.00726	0.00740	0.00841	0.00541	0.00530	0.00971	0.01333	0.01816	0.34782	0.19935	0.12586	0.13464	0.04163	0.00288	0.00398	0.04478	0.00545	0.00494
1	0.02328	0.00907	0.01200	0.00944	0.01335	0.00797	0.00772	0.02561	0.01582	0.62644	0.02221	0.02014	0.01449	0.00712	0.00552	0.00172	0.00454	0.00577	0.15873	0.00907
2	0.01206	0.01034	0.01206	0.00861	0.01378	0.00775	0.00689	0.01464	0.01206	0.01895	0.01034	0.01206	0.00861	0.00431	0.00431	0.00086	0.00431	0.00345	0.00345	0.83118
3	0.02510	0.00992	0.01322	0.01021	0.01454	0.00878	0.00841	0.05747	0.01685	0.69267	0.02235	0.01965	0.01423	0.00717	0.00575	0.00177	0.00489	0.00580	0.05156	0.00965
4	0.00937	0.00669	0.00937	0.01071	0.01205	0.00669	0.00937	0.01205	0.01339	0.01740	0.03079	0.06560	0.03347	0.01606	0.00803	0.00268	0.00535	0.72021	0.00535	0.00535
5	0.02172	0.02772	0.01648	0.01498	0.01798	0.77228	0.01124	0.02322	0.01648	0.01423	0.00899	0.01049	0.00749	0.00599	0.00524	0.00150	0.01049	0.00375	0.00300	0.00674
6	0.01446	0.01249	0.01315	0.01183	0.01512	0.01446	0.00920	0.03090	0.74885	0.02433	0.02367	0.02170	0.01775	0.00789	0.00592	0.00197	0.00460	0.00657	0.00592	0.00920
7	0.07010	0.20532	0.06289	0.01403	0.01852	0.01485	0.18399	0.01993	0.04568	0.17853	0.01358	0.01544	0.01036	0.03008	0.03920	0.00219	0.05832	0.00523	0.00390	0.00786
8	0.00937	0.00669	0.00937	0.01071	0.01205	0.00669	0.00937	0.01205	0.01339	0.01740	0.03079	0.06560	0.03347	0.01606	0.00803	0.00268	0.00535	0.72021	0.00535	0.00535
9	0.00972	0.00530	0.00795	0.00795	0.00817	0.00552	0.00552	0.00817	0.00795	0.01083	0.01127	0.01878	0.01105	0.02520	0.18265	0.65561	0.00730	0.00530	0.00265	0.00309
10	0.01685	0.15367	0.13607	0.01351	0.01763	0.28370	0.03956	0.03904	0.05282	0.06318	0.01310	0.08080	0.01144	0.00802	0.02485	0.00187	0.02763	0.00538	0.00352	0.00738
11	0.01272	0.01272	0.01781	0.01527	0.01527	0.01781	0.01272	0.01399	0.00891	0.01399	0.00763	0.01272	0.00763	0.01018	0.01908	0.00254	0.78499	0.00509	0.00254	0.00636
12	0.01212	0.01049	0.01278	0.03936	0.04802	0.00822	0.00773	0.01479	0.01209	0.01880	0.01036	0.01229	0.00861	0.00440	0.00443	0.00094	0.00455	0.00359	0.00339	0.76302
13	0.01035	0.00636	0.00768	0.00762	0.00915	0.00592	0.00553	0.01267	0.04750	0.10894	0.13002	0.28903	0.17567	0.06207	0.00801	0.00222	0.00353	0.01146	0.09056	0.00570
14	0.01446	0.01249	0.01315	0.01183	0.01512	0.01446	0.00920	0.03090	0.74885	0.02433	0.02367	0.02170	0.01775	0.00789	0.00592	0.00197	0.00460	0.00657	0.00592	0.00920
15	0.16248	0.04310	0.03976	0.06938	0.05220	0.01328	0.09639	0.17108	0.01652	0.25733	0.01478	0.01512	0.01020	0.00624	0.00547	0.00179	0.00619	0.00514	0.00493	0.00861
16	0.01515	0.01457	0.04395	0.12371	0.27212	0.03356	0.17741	0.12139	0.06106	0.04013	0.03123	0.01593	0.01074	0.00588	0.00604	0.00183	0.00744	0.00574	0.00365	0.00848
17	0.01367	0.01459	0.02820	0.07726	0.02678	0.01550	0.47157	0.05105	0.01302	0.01805	0.01074	0.01486	0.00850	0.00637	0.00976	0.00209	0.20134	0.00622	0.00295	0.00747
18	0.00716	0.00512	0.00681	0.00805	0.00845	0.00477	0.00540	0.00828	0.01147	0.01538	0.07742	0.74495	0.03949	0.01782	0.00739	0.00233	0.00333	0.01615	0.00546	0.00477
19	0.10830	0.04970	0.07963	0.19924	0.02305	0.08639	0.08067	0.07036	0.03827	0.12456	0.01412	0.01584	0.03318	0.00642	0.00590	0.00182	0.03021	0.00518	0.01960	0.00757
20	0.01201	0.02843	0.06631	0.01056	0.03390	0.00971	0.00859	0.08761	0.15585	0.05893	0.18195	0.12109	0.13722	0.01099	0.00646	0.00196	0.00446	0.05142	0.00548	0.00705
21	0.00733	0.00534	0.00684	0.00781	0.00847	0.00495	0.00540	0.00859	0.01186	0.01568	0.09938	0.57053	0.12556	0.04927	0.00825	0.00242	0.00345	0.04866	0.00541	0.00479
22	0.03563	0.05631	0.11212	0.23570	0.15483	0.05231	0.14152	0.01813	0.02957	0.05701	0.01132	0.01447	0.00866	0.00578	0.00635	0.00185	0.04247	0.00519	0.00305	0.00774

[dist]
# distance from previous block
# <min> <max>
2	174

[block]
# block no. 8 follows, 40 sequences, length 17
# corresponding to MSA columns:
# 772-788
name=unknown_I
#
# <colnr> <probs for GDERKNQSTAVLIFYWHMCP>
#	G	D	E	R	K	N	Q	S	T	A	V	L	I	F	Y	W	H	M	C	P
0	0.54404	0.01228	0.05892	0.00920	0.01241	0.03519	0.00790	0.01652	0.03940	0.02309	0.05248	0.08308	0.01255	0.00740	0.00554	0.00191	0.06273	0.00514	0.00384	0.00639
1	0.00904	0.00600	0.00817	0.00806	0.00918	0.00628	0.00605	0.01071	0.01117	0.03643	0.14263	0.05865	0.07726	0.06183	0.36270	0.07963	0.00910	0.00770	0.08436	0.00504
2	0.03656	0.04484	0.14354	0.06496	0.21686	0.01235	0.05912	0.05491	0.05807	0.07441	0.08365	0.04661	0.01540	0.02411	0.00629	0.00188	0.00631	0.00613	0.03598	0.00801
3	0.00849	0.00626	0.00756	0.00752	0.00917	0.00573	0.00580	0.01103	0.03480	0.03950	0.32862	0.09662	0.29656	0.01360	0.00700	0.00203	0.00331	0.10512	0.00586	0.00544
4	0.00758	0.00584	0.00692	0.00681	0.00833	0.00518	0.00504	0.00965	0.01468	0.01947	0.40777	0.11550	0.33905	0.01361	0.00691	0.00193	0.00288	0.01177	0.00590	0.00518
5	0.11420	0.01471	0.14061	0.03276	0.01770	0.01129	0.05801	0.08296	0.01353	0.07092	0.01126	0.01282	0.00858	0.00536	0.00537	0.00144	0.03209	0.00420	0.00368	0.35850
6	0.01206	0.01034	0.01206	0.00861	0.01378	0.00775	0.00689	0.01464	0.01206	0.01895	0.01034	0.01206	0.00861	0.00431	0.00431	0.00086	0.00431	0.00345	0.00345	0.83118
7	0.01209	0.00822	0.01281	0.01172	0.06017	0.00766	0.09959	0.01507	0.01540	0.12471	0.41154	0.03391	0.03589	0.00967	0.00646	0.00183	0.00433	0.04298	0.07931	0.00662
8	0.01321	0.01707	0.27134	0.03412	0.01765	0.01181	0.01271	0.19351	0.04181	0.02423	0.19783	0.05587	0.02191	0.00818	0.00595	0.00182	0.00589	0.00677	0.05057	0.00775
9	0.01439	0.01382	0.02360	0.03569	0.75936	0.01382	0.01785	0.01785	0.01324	0.01900	0.01094	0.01439	0.00921	0.00518	0.00576	0.00173	0.00691	0.00518	0.00288	0.00921
10	0.01180	0.01018	0.01325	0.03859	0.16693	0.02710	0.01012	0.01869	0.23971	0.02048	0.15552	0.12355	0.02679	0.01028	0.00650	0.00202	0.00491	0.10115	0.00508	0.00734
11	0.00709	0.00506	0.00675	0.00810	0.00843	0.00472	0.00540	0.00810	0.01113	0.01484	0.03205	0.79184	0.03846	0.01822	0.00742	0.00236	0.00337	0.01653	0.00540	0.00472
12	0.02609	0.00990	0.01350	0.01035	0.01484	0.00855	0.00855	0.02834	0.01664	0.76338	0.02294	0.01979	0.01439	0.00720	0.00585	0.00180	0.00495	0.00585	0.00720	0.00990
13	0.01084	0.00542	0.00542	0.00542	0.00678	0.00542	0.00407	0.01355	0.01220	0.02168	0.01897	0.02168	0.01491	0.00678	0.00407	0.00136	0.00271	0.00542	0.82791	0.00542
14	0.76378	0.01272	0.00926	0.00830	0.01185	0.08098	0.00674	0.01764	0.01049	0.02503	0.00818	0.00954	0.00640	0.00545	0.00375	0.00177	0.00503	0.00320	0.00354	0.00634
15	0.01190	0.20924	0.35063	0.01232	0.01793	0.01387	0.01389	0.01707	0.06150	0.01862	0.17224	0.02030	0.04286	0.00721	0.00545	0.00171	0.00632	0.00575	0.00363	0.00757
16	0.01074	0.01143	0.10349	0.04764	0.08079	0.00991	0.00999	0.01667	0.16503	0.02092	0.31753	0.03046	0.07134	0.03522	0.00764	0.00202	0.03920	0.00802	0.00501	0.00695

[dist]
# distance from previous block
# <min> <max>
7	30

[block]
# block no. 9 follows, 40 sequences, length 12
# corresponding to MSA columns:
# 820-831
name=unknown_J
#
# <colnr> <probs for GDERKNQSTAVLIFYWHMCP>
#	G	D	E	R	K	N	Q	S	T	A	V	L	I	F	Y	W	H	M	C	P
0	0.00855	0.00658	0.00875	0.00929	0.06159	0.00602	0.00629	0.01103	0.01517	0.02115	0.52398	0.11749	0.12475	0.01206	0.00674	0.00185	0.00319	0.01066	0.00582	0.03905
1	0.05058	0.44803	0.16048	0.01314	0.04726	0.04400	0.05208	0.04758	0.01288	0.03266	0.00950	0.01097	0.00783	0.00524	0.00450	0.00146	0.00685	0.00379	0.00286	0.03831
2	0.01473	0.33058	0.14211	0.01155	0.01629	0.03405	0.02541	0.06807	0.12443	0.04675	0.10181	0.01684	0.01527	0.00661	0.00505	0.00160	0.00601	0.00509	0.01987	0.00788
3	0.00814	0.00659	0.00699	0.00671	0.00871	0.00590	0.00507	0.06016	0.01458	0.01816	0.14755	0.08446	0.57845	0.01396	0.00682	0.00195	0.00318	0.01174	0.00556	0.00533
4	0.03961	0.00732	0.00964	0.00975	0.05075	0.00748	0.00694	0.01234	0.01437	0.05620	0.42954	0.11597	0.08293	0.01153	0.00781	0.00194	0.08199	0.00973	0.03826	0.00590
5	0.04336	0.07746	0.05507	0.10797	0.08194	0.01293	0.08093	0.05833	0.11720	0.22527	0.01580	0.01630	0.01129	0.00620	0.00557	0.00174	0.00617	0.00532	0.00462	0.06653
6	0.04973	0.00999	0.03849	0.07256	0.03444	0.04018	0.00854	0.01731	0.06715	0.18605	0.08779	0.05419	0.03394	0.11082	0.06080	0.06116	0.03339	0.00684	0.01998	0.00665
7	0.01012	0.00724	0.00866	0.00821	0.01007	0.00714	0.00625	0.01496	0.14556	0.05968	0.38427	0.10138	0.13581	0.01180	0.00663	0.00193	0.00336	0.03556	0.03515	0.00623
8	0.04274	0.01213	0.04917	0.12856	0.13043	0.04910	0.12982	0.06090	0.01354	0.01878	0.06344	0.16338	0.01792	0.04074	0.00710	0.00206	0.00642	0.00789	0.04901	0.00685
9	0.04005	0.18098	0.13873	0.07755	0.03106	0.05669	0.03004	0.07869	0.04410	0.14542	0.03507	0.06939	0.01281	0.00713	0.00576	0.00175	0.02712	0.00562	0.00410	0.00793
10	0.01539	0.03362	0.06190	0.01589	0.13094	0.01175	0.08715	0.10320	0.04089	0.14582	0.07365	0.06446	0.04108	0.03627	0.00766	0.00199	0.05622	0.00683	0.05744	0.00786
11	0.00910	0.04937	0.00862	0.00809	0.00937	0.00639	0.00583	0.01093	0.03853	0.06606	0.05877	0.51957	0.15645	0.01557	0.00695	0.00216	0.00359	0.01380	0.00541	0.00544

[dist]
# distance from previous block
# <min> <max>
0	204

# created by:
# /home/berkeley/.conda/envs/busco_data_prod/bin/msa2prfl.pl pipeline/OGs_align_augustus/33634/158757.fs
