[name]
unknown

[dist]
# distance from previous block
# <min> <max>
0	50

[block]
# block no. 0 follows, 41 sequences, length 18
# corresponding to MSA columns:
# 63-80
name=unknown_A
#
# <colnr> <probs for GDERKNQSTAVLIFYWHMCP>
#	G	D	E	R	K	N	Q	S	T	A	V	L	I	F	Y	W	H	M	C	P
0	0.00750	0.00545	0.00718	0.00837	0.00911	0.00514	0.00617	0.00894	0.01170	0.01530	0.03390	0.54180	0.10987	0.01705	0.00739	0.00236	0.00375	0.18890	0.00530	0.00482
1	0.83938	0.01106	0.00841	0.00752	0.01106	0.01283	0.00619	0.01681	0.00973	0.02566	0.00796	0.00929	0.00619	0.00531	0.00354	0.00177	0.00442	0.00310	0.00354	0.00619
2	0.00682	0.00576	0.00590	0.00593	0.00778	0.00484	0.00442	0.00829	0.01307	0.01570	0.08284	0.08332	0.70682	0.01452	0.00678	0.00194	0.00291	0.01217	0.00535	0.00484
3	0.01147	0.02959	0.76934	0.01630	0.02476	0.01328	0.02113	0.01811	0.01208	0.01811	0.01026	0.01208	0.00725	0.00543	0.00543	0.00181	0.00845	0.00423	0.00242	0.00845
4	0.79769	0.01099	0.00866	0.00766	0.01124	0.01260	0.00631	0.01738	0.01007	0.06366	0.00871	0.00981	0.00660	0.00540	0.00365	0.00177	0.00445	0.00323	0.00372	0.00638
5	0.02174	0.01602	0.01717	0.01316	0.01774	0.01774	0.01087	0.74423	0.02689	0.03605	0.01373	0.01373	0.00973	0.00687	0.00572	0.00172	0.00629	0.00515	0.00572	0.00973
6	0.02566	0.00973	0.01327	0.01018	0.01460	0.00841	0.00841	0.02788	0.01637	0.76726	0.02257	0.01947	0.01416	0.00708	0.00575	0.00177	0.00487	0.00575	0.00708	0.00973
7	0.02137	0.02726	0.01621	0.01474	0.01768	0.77602	0.01105	0.02284	0.01621	0.01400	0.00884	0.01031	0.00737	0.00589	0.00516	0.00147	0.01031	0.00368	0.00295	0.00663
8	0.01416	0.01359	0.02322	0.03511	0.76330	0.01359	0.01755	0.01755	0.01302	0.01869	0.01076	0.01416	0.00906	0.00510	0.00566	0.00170	0.00680	0.00510	0.00283	0.00906
9	0.00764	0.00541	0.00661	0.00706	0.00808	0.00496	0.00501	0.00937	0.01289	0.01778	0.23445	0.36584	0.17544	0.01434	0.00669	0.00200	0.00300	0.01266	0.09581	0.00496
10	0.73427	0.01089	0.00904	0.00786	0.01152	0.01226	0.00648	0.01824	0.01059	0.12146	0.00985	0.01061	0.00722	0.00554	0.00383	0.00177	0.00448	0.00344	0.00400	0.00665
11	0.00948	0.00615	0.00809	0.00743	0.00902	0.00563	0.00563	0.01214	0.01621	0.08153	0.70221	0.04090	0.05084	0.01133	0.00667	0.00180	0.00287	0.00998	0.00636	0.00574
12	0.77533	0.01096	0.00879	0.00773	0.01134	0.01248	0.00637	0.01768	0.01026	0.08404	0.00911	0.01009	0.00682	0.00545	0.00371	0.00177	0.00446	0.00331	0.00382	0.00647
13	0.00731	0.00576	0.00660	0.00652	0.00810	0.00504	0.00484	0.00923	0.01416	0.01840	0.33877	0.10383	0.42385	0.01361	0.00679	0.00191	0.00285	0.01168	0.00571	0.00504
14	0.00706	0.00539	0.00650	0.00710	0.00814	0.00482	0.00499	0.00847	0.01244	0.01613	0.14842	0.42949	0.28878	0.01582	0.00703	0.00211	0.00308	0.01395	0.00546	0.00482
15	0.01097	0.00991	0.01610	0.37633	0.10376	0.01104	0.07443	0.01502	0.07033	0.01653	0.06053	0.03957	0.08283	0.00810	0.00700	0.05395	0.00634	0.00656	0.02424	0.00646
16	0.00850	0.00622	0.00886	0.00896	0.00999	0.00699	0.00683	0.03402	0.01019	0.01456	0.01824	0.15786	0.01830	0.03595	0.58661	0.00744	0.01244	0.00785	0.03502	0.00519
17	0.01338	0.12359	0.03229	0.13470	0.06180	0.07683	0.02592	0.04845	0.07758	0.01790	0.05096	0.03288	0.01273	0.00717	0.00725	0.00176	0.12781	0.00536	0.13476	0.00687

[dist]
# distance from previous block
# <min> <max>
2	31

[block]
# block no. 1 follows, 41 sequences, length 24
# corresponding to MSA columns:
# 112-135
name=unknown_B
#
# <colnr> <probs for GDERKNQSTAVLIFYWHMCP>
#	G	D	E	R	K	N	Q	S	T	A	V	L	I	F	Y	W	H	M	C	P
0	0.01010	0.00738	0.00917	0.00887	0.01043	0.00837	0.00681	0.01549	0.18355	0.01732	0.01796	0.02254	0.01536	0.05616	0.41109	0.00576	0.00986	0.00613	0.17162	0.00601
1	0.01324	0.15493	0.35099	0.01474	0.03658	0.01441	0.08713	0.04587	0.05853	0.05239	0.03086	0.01650	0.06029	0.00644	0.00588	0.00175	0.03297	0.00523	0.00331	0.00796
2	0.00839	0.00721	0.00735	0.00707	0.00929	0.00688	0.00537	0.01306	0.17471	0.01730	0.05037	0.04768	0.59852	0.01302	0.00655	0.00193	0.00325	0.01085	0.00542	0.00575
3	0.00697	0.00498	0.00664	0.00796	0.00830	0.00465	0.00531	0.00796	0.01095	0.01460	0.03153	0.79525	0.03783	0.01792	0.00730	0.00232	0.00332	0.01626	0.00531	0.00465
4	0.02291	0.01416	0.01601	0.01228	0.01681	0.01497	0.01014	0.53183	0.02377	0.25285	0.01635	0.01543	0.01104	0.00693	0.00573	0.00173	0.00587	0.00533	0.00612	0.00973
5	0.02137	0.02726	0.01621	0.01474	0.01768	0.77602	0.01105	0.02284	0.01621	0.01400	0.00884	0.01031	0.00737	0.00589	0.00516	0.00147	0.01031	0.00368	0.00295	0.00663
6	0.01161	0.00995	0.01156	0.00834	0.01326	0.00749	0.00666	0.01409	0.01192	0.01848	0.01255	0.01401	0.04597	0.00475	0.00436	0.00090	0.00417	0.00382	0.00348	0.79264
7	0.01080	0.01017	0.01716	0.78523	0.03940	0.01271	0.01589	0.01461	0.01144	0.01461	0.01017	0.01525	0.00762	0.00572	0.00572	0.00191	0.00762	0.00508	0.00254	0.00635
8	0.01391	0.01507	0.09206	0.03337	0.69515	0.01356	0.01788	0.01761	0.01294	0.01863	0.01071	0.01396	0.00889	0.00513	0.00564	0.00171	0.00695	0.00502	0.00279	0.00900
9	0.01423	0.01229	0.01293	0.01164	0.01487	0.01423	0.00905	0.03039	0.75297	0.02393	0.02328	0.02134	0.01746	0.00776	0.00582	0.00194	0.00453	0.00647	0.00582	0.00905
10	0.00819	0.00606	0.00887	0.00887	0.00978	0.00697	0.00674	0.01001	0.00910	0.01304	0.01562	0.02412	0.01502	0.12622	0.69397	0.00879	0.01424	0.00637	0.00311	0.00493
11	0.00715	0.00581	0.00633	0.00620	0.00796	0.00499	0.00465	0.00895	0.01395	0.01761	0.26046	0.05149	0.55711	0.01368	0.00676	0.00189	0.00284	0.01157	0.00560	0.00499
12	0.01625	0.01206	0.01346	0.01078	0.01499	0.01219	0.00862	0.16345	0.29727	0.10929	0.01726	0.01670	0.01278	0.00641	0.00530	0.00154	0.00482	0.00517	0.00519	0.26649
13	0.01186	0.01017	0.01186	0.00847	0.01356	0.00762	0.00678	0.01440	0.01186	0.01864	0.01017	0.01186	0.00847	0.00424	0.00424	0.00085	0.00424	0.00339	0.00339	0.83395
14	0.01552	0.01036	0.01263	0.01031	0.04106	0.00899	0.00787	0.02017	0.12995	0.20095	0.04250	0.01640	0.01294	0.00578	0.00500	0.00131	0.00447	0.00476	0.00475	0.44426
15	0.83938	0.01106	0.00841	0.00752	0.01106	0.01283	0.00619	0.01681	0.00973	0.02566	0.00796	0.00929	0.00619	0.00531	0.00354	0.00177	0.00442	0.00310	0.00354	0.00619
16	0.01361	0.01357	0.02553	0.01891	0.02320	0.01368	0.46002	0.08673	0.04854	0.01990	0.03737	0.01760	0.01156	0.04222	0.00853	0.00208	0.07950	0.00651	0.06353	0.00739
17	0.83938	0.01106	0.00841	0.00752	0.01106	0.01283	0.00619	0.01681	0.00973	0.02566	0.00796	0.00929	0.00619	0.00531	0.00354	0.00177	0.00442	0.00310	0.00354	0.00619
18	0.00832	0.00555	0.00624	0.00624	0.00624	0.00555	0.00347	0.00832	0.00832	0.01109	0.01802	0.03743	0.02080	0.79898	0.02911	0.00555	0.00555	0.00832	0.00347	0.00347
19	0.00732	0.00546	0.00761	0.07969	0.01117	0.00539	0.00629	0.00858	0.01100	0.01460	0.02955	0.72328	0.03504	0.01679	0.00715	0.00228	0.00372	0.01523	0.00505	0.00480
20	0.01186	0.01017	0.01186	0.00847	0.01356	0.00762	0.00678	0.01440	0.01186	0.01864	0.01017	0.01186	0.00847	0.00424	0.00424	0.00085	0.00424	0.00339	0.00339	0.83395
21	0.01153	0.01091	0.01848	0.62139	0.19751	0.01290	0.01625	0.01526	0.01178	0.01550	0.01030	0.01501	0.00794	0.00558	0.00571	0.00186	0.00744	0.00509	0.00260	0.00695
22	0.01206	0.11987	0.63355	0.01605	0.02391	0.01447	0.06738	0.01801	0.01212	0.01758	0.01008	0.01196	0.00735	0.00533	0.00531	0.00175	0.00826	0.00426	0.00245	0.00827
23	0.01423	0.01229	0.01293	0.01164	0.01487	0.01423	0.00905	0.03039	0.75297	0.02393	0.02328	0.02134	0.01746	0.00776	0.00582	0.00194	0.00453	0.00647	0.00582	0.00905

[dist]
# distance from previous block
# <min> <max>
0	1

[block]
# block no. 2 follows, 41 sequences, length 23
# corresponding to MSA columns:
# 137-159
name=unknown_C
#
# <colnr> <probs for GDERKNQSTAVLIFYWHMCP>
#	G	D	E	R	K	N	Q	S	T	A	V	L	I	F	Y	W	H	M	C	P
0	0.02512	0.01061	0.01381	0.01059	0.01504	0.00970	0.00875	0.12718	0.01783	0.66590	0.02134	0.01867	0.01354	0.00705	0.00575	0.00176	0.00506	0.00567	0.00689	0.00973
1	0.01036	0.00629	0.01017	0.07179	0.01176	0.00649	0.05587	0.00939	0.02826	0.01126	0.01042	0.01719	0.00987	0.01738	0.01950	0.68743	0.00549	0.00514	0.00261	0.00333
2	0.01251	0.01251	0.01752	0.01502	0.01502	0.01752	0.01251	0.01377	0.00876	0.01377	0.00751	0.01251	0.00751	0.01001	0.01877	0.00250	0.78851	0.00501	0.00250	0.00626
3	0.01251	0.01251	0.01752	0.01502	0.01502	0.01752	0.01251	0.01377	0.00876	0.01377	0.00751	0.01251	0.00751	0.01001	0.01877	0.00250	0.78851	0.00501	0.00250	0.00626
4	0.01342	0.01519	0.03240	0.02335	0.02866	0.01472	0.68174	0.01794	0.01311	0.01794	0.01123	0.01519	0.00858	0.00525	0.00775	0.00198	0.07450	0.00660	0.00286	0.00759
5	0.04015	0.01693	0.01754	0.10977	0.05344	0.29696	0.12189	0.01998	0.01485	0.13320	0.09106	0.01752	0.02821	0.00661	0.00574	0.00170	0.00778	0.00555	0.00394	0.00718
6	0.01238	0.01232	0.01749	0.07750	0.01699	0.01713	0.01279	0.01383	0.00898	0.01383	0.00772	0.01274	0.00752	0.00966	0.01771	0.00245	0.72516	0.00501	0.00251	0.00626
7	0.00856	0.00598	0.00719	0.00681	0.00831	0.00539	0.00499	0.01054	0.01430	0.05455	0.42693	0.04459	0.25577	0.10983	0.00947	0.00230	0.00321	0.01038	0.00569	0.00520
8	0.01339	0.00874	0.01004	0.00870	0.01119	0.04757	0.00676	0.04271	0.06407	0.17507	0.42947	0.03302	0.06971	0.00981	0.00625	0.00175	0.00387	0.00838	0.00606	0.04343
9	0.31929	0.01087	0.01145	0.00901	0.01329	0.01061	0.00737	0.08083	0.01364	0.23588	0.01319	0.01325	0.00936	0.00566	0.00454	0.00152	0.00466	0.00410	0.00469	0.22679
10	0.00698	0.00520	0.00650	0.00744	0.00818	0.00472	0.00510	0.00816	0.01168	0.01521	0.07370	0.59123	0.20140	0.01684	0.00715	0.00221	0.00319	0.01502	0.00536	0.00472
11	0.00849	0.00600	0.00736	0.00692	0.00858	0.00537	0.00523	0.01080	0.01528	0.05375	0.52395	0.04527	0.25720	0.01230	0.00671	0.00184	0.00285	0.01064	0.00605	0.00542
12	0.01295	0.01131	0.01956	0.49824	0.18931	0.01270	0.07847	0.01663	0.01235	0.07685	0.01142	0.01538	0.00855	0.00562	0.00580	0.00185	0.00740	0.00528	0.00300	0.00732
13	0.01560	0.00972	0.01364	0.07481	0.04709	0.00998	0.05055	0.04016	0.13892	0.24787	0.04581	0.20477	0.02019	0.00974	0.00681	0.00198	0.04082	0.00846	0.00539	0.00769
14	0.02338	0.00906	0.01206	0.00944	0.01339	0.00794	0.00773	0.02566	0.01570	0.65356	0.02197	0.01975	0.01424	0.00702	0.00548	0.00170	0.00453	0.00569	0.13263	0.00906
15	0.00694	0.00508	0.00654	0.00771	0.00823	0.00467	0.00519	0.00799	0.01120	0.01470	0.03468	0.70691	0.12414	0.01751	0.00724	0.00228	0.00327	0.01576	0.00531	0.00467
16	0.01684	0.04087	0.08300	0.06400	0.05111	0.02534	0.03465	0.10677	0.10888	0.23401	0.05192	0.06630	0.04357	0.03850	0.00675	0.00196	0.00566	0.00662	0.00511	0.00815
17	0.01230	0.10792	0.54673	0.01657	0.02402	0.01449	0.12755	0.01860	0.04612	0.01792	0.01081	0.01270	0.00794	0.00539	0.00546	0.00177	0.00821	0.00458	0.00265	0.00825
18	0.02534	0.01026	0.01360	0.01043	0.01486	0.00918	0.00861	0.08752	0.01725	0.70637	0.02183	0.01899	0.01379	0.00706	0.00575	0.00177	0.00499	0.00570	0.00697	0.00973
19	0.28875	0.05292	0.03262	0.01492	0.17706	0.09779	0.00969	0.04887	0.01203	0.03758	0.01115	0.01571	0.00990	0.12347	0.04355	0.00259	0.00655	0.00469	0.00338	0.00678
20	0.04107	0.00736	0.00929	0.01004	0.08531	0.00664	0.00672	0.01128	0.01355	0.01896	0.26160	0.10950	0.23009	0.01130	0.00628	0.00178	0.00362	0.04229	0.00504	0.11828
21	0.09183	0.04856	0.06521	0.10764	0.10141	0.07020	0.01220	0.30722	0.07813	0.04426	0.01264	0.01378	0.00939	0.00623	0.00538	0.00173	0.00658	0.00482	0.00432	0.00847
22	0.08024	0.08207	0.06136	0.01052	0.04290	0.01030	0.00874	0.06092	0.01331	0.07043	0.06137	0.05321	0.01483	0.00689	0.00506	0.00144	0.00490	0.06481	0.00406	0.34262

[dist]
# distance from previous block
# <min> <max>
0	25

[block]
# block no. 3 follows, 41 sequences, length 22
# corresponding to MSA columns:
# 185-206
name=unknown_D
#
# <colnr> <probs for GDERKNQSTAVLIFYWHMCP>
#	G	D	E	R	K	N	Q	S	T	A	V	L	I	F	Y	W	H	M	C	P
0	0.06097	0.06741	0.16546	0.10861	0.09093	0.02937	0.09289	0.18193	0.03201	0.07492	0.01266	0.03534	0.00968	0.00617	0.00556	0.00177	0.00703	0.00523	0.00382	0.00823
1	0.01369	0.33847	0.09196	0.03692	0.04061	0.03764	0.22793	0.01686	0.01212	0.01554	0.01062	0.04397	0.00931	0.00730	0.03770	0.00195	0.04223	0.00513	0.00275	0.00730
2	0.00728	0.00548	0.00674	0.00713	0.00822	0.00494	0.00508	0.00895	0.01321	0.01754	0.27536	0.35180	0.23749	0.01497	0.00698	0.00205	0.00300	0.01321	0.00563	0.00494
3	0.03940	0.46125	0.02385	0.01118	0.01532	0.03560	0.01015	0.16681	0.07460	0.01931	0.01035	0.01145	0.00863	0.00607	0.00579	0.00153	0.08349	0.00397	0.00344	0.00781
4	0.04919	0.00693	0.00800	0.00701	0.00937	0.00655	0.00551	0.01751	0.01352	0.24426	0.07074	0.02261	0.03638	0.00728	0.00476	0.00153	0.00340	0.00588	0.47288	0.00667
5	0.00713	0.00581	0.00630	0.00618	0.00795	0.00498	0.00463	0.00892	0.01390	0.01750	0.24999	0.05168	0.56766	0.01372	0.00676	0.00190	0.00284	0.01160	0.00558	0.00498
6	0.01280	0.00683	0.00727	0.00672	0.00866	0.00696	0.00518	0.03435	0.09903	0.09441	0.01946	0.02096	0.01482	0.00684	0.00442	0.00146	0.00318	0.00550	0.63484	0.00630
7	0.00822	0.00589	0.00796	0.00794	0.00858	0.00644	0.00562	0.00950	0.00920	0.01290	0.05346	0.02932	0.01881	0.33658	0.44624	0.00740	0.01088	0.00719	0.00338	0.00448
8	0.01423	0.01229	0.01293	0.01164	0.01487	0.01423	0.00905	0.03039	0.75297	0.02393	0.02328	0.02134	0.01746	0.00776	0.00582	0.00194	0.00453	0.00647	0.00582	0.00905
9	0.05742	0.01218	0.02066	0.17055	0.45091	0.01265	0.07788	0.01622	0.01246	0.01795	0.01254	0.06718	0.01124	0.00638	0.00583	0.00183	0.00679	0.02838	0.00306	0.00787
10	0.83938	0.01106	0.00841	0.00752	0.01106	0.01283	0.00619	0.01681	0.00973	0.02566	0.00796	0.00929	0.00619	0.00531	0.00354	0.00177	0.00442	0.00310	0.00354	0.00619
11	0.01343	0.01110	0.01271	0.00922	0.01422	0.00924	0.00743	0.13064	0.01426	0.02141	0.01073	0.01216	0.00867	0.00465	0.00447	0.00099	0.00456	0.00367	0.00376	0.70267
12	0.83938	0.01106	0.00841	0.00752	0.01106	0.01283	0.00619	0.01681	0.00973	0.02566	0.00796	0.00929	0.00619	0.00531	0.00354	0.00177	0.00442	0.00310	0.00354	0.00619
13	0.01184	0.00709	0.00986	0.01048	0.01229	0.00687	0.00909	0.01440	0.01368	0.13659	0.02906	0.05734	0.02993	0.01441	0.00756	0.00250	0.00520	0.61028	0.00556	0.00598
14	0.70741	0.01092	0.00980	0.13139	0.01557	0.01281	0.00774	0.01646	0.01001	0.02390	0.00832	0.01024	0.00642	0.00537	0.00389	0.00179	0.00493	0.00341	0.00338	0.00622
15	0.48009	0.01048	0.01056	0.00869	0.01262	0.01088	0.00717	0.02170	0.01266	0.35311	0.01441	0.01379	0.00971	0.00609	0.00452	0.00177	0.00462	0.00427	0.00510	0.00776
16	0.01169	0.01017	0.01270	0.13219	0.01767	0.00843	0.00823	0.01444	0.01179	0.01800	0.01017	0.01240	0.00834	0.00447	0.00447	0.00102	0.00478	0.00366	0.00325	0.70214
17	0.00995	0.00574	0.00769	0.00832	0.00930	0.00524	0.00580	0.01114	0.01181	0.13448	0.03010	0.67169	0.03406	0.01619	0.00705	0.00223	0.00357	0.01459	0.00559	0.00546
18	0.01192	0.01131	0.01929	0.47760	0.06266	0.01314	0.13455	0.03196	0.05467	0.01670	0.01154	0.01571	0.00884	0.00601	0.00662	0.00191	0.05618	0.00545	0.04710	0.00686
19	0.01923	0.01396	0.01525	0.01201	0.01599	0.01524	0.00980	0.55868	0.07014	0.05790	0.13353	0.01902	0.01741	0.00770	0.00589	0.00175	0.00556	0.00608	0.00587	0.00900
20	0.01625	0.13371	0.01183	0.00761	0.01051	0.00908	0.00635	0.01864	0.01335	0.26143	0.01822	0.01879	0.01333	0.00652	0.00451	0.00146	0.00393	0.00511	0.43230	0.00708
21	0.07644	0.00982	0.01297	0.01001	0.01438	0.00868	0.00827	0.02719	0.01596	0.72099	0.02165	0.01883	0.01366	0.00697	0.00561	0.00177	0.00484	0.00559	0.00686	0.00951

[dist]
# distance from previous block
# <min> <max>
0	3

[block]
# block no. 4 follows, 41 sequences, length 96
# corresponding to MSA columns:
# 210-305
name=unknown_E
#
# <colnr> <probs for GDERKNQSTAVLIFYWHMCP>
#	G	D	E	R	K	N	Q	S	T	A	V	L	I	F	Y	W	H	M	C	P
0	0.00829	0.00624	0.00774	0.00740	0.00894	0.00587	0.00563	0.01156	0.05755	0.02152	0.57042	0.04456	0.16235	0.01212	0.00675	0.00187	0.00296	0.04665	0.00606	0.00551
1	0.13359	0.00849	0.00965	0.00807	0.01106	0.00830	0.00645	0.06089	0.01425	0.31312	0.04523	0.01984	0.01464	0.03565	0.00573	0.00176	0.00408	0.00546	0.28637	0.00735
2	0.02566	0.00973	0.01327	0.01018	0.01460	0.00841	0.00841	0.02788	0.01637	0.76726	0.02257	0.01947	0.01416	0.00708	0.00575	0.00177	0.00487	0.00575	0.00708	0.00973
3	0.01086	0.01017	0.01685	0.74094	0.03792	0.01242	0.01537	0.01460	0.01146	0.01484	0.01017	0.01506	0.00767	0.00563	0.00563	0.00185	0.00743	0.00499	0.00259	0.05355
4	0.01222	0.00901	0.01070	0.01044	0.01268	0.00972	0.00845	0.02037	0.32804	0.06304	0.08314	0.05283	0.02574	0.01152	0.00722	0.03228	0.00462	0.26522	0.02572	0.00703
5	0.00733	0.00561	0.00814	0.00878	0.00950	0.00521	0.04730	0.00857	0.01120	0.01486	0.03169	0.71443	0.07168	0.01700	0.00724	0.00228	0.00366	0.01551	0.00517	0.00483
6	0.02286	0.01423	0.01605	0.01231	0.01684	0.01507	0.01017	0.53955	0.02389	0.24497	0.01626	0.01537	0.01099	0.00693	0.00573	0.00173	0.00589	0.00532	0.00611	0.00973
7	0.00821	0.00674	0.01058	0.11515	0.03165	0.00675	0.06376	0.00998	0.01135	0.01506	0.02709	0.57988	0.04438	0.01485	0.00701	0.00222	0.00451	0.03091	0.00469	0.00523
8	0.00727	0.00539	0.00724	0.00885	0.03569	0.00503	0.00578	0.00843	0.01124	0.01488	0.03269	0.69398	0.08991	0.01715	0.00722	0.00228	0.00346	0.03346	0.00522	0.00483
9	0.01058	0.00529	0.00786	0.00771	0.00800	0.00530	0.00530	0.00866	0.00802	0.04737	0.01095	0.01786	0.01046	0.02091	0.07627	0.73288	0.00571	0.00509	0.00275	0.00303
10	0.13684	0.04962	0.04587	0.10770	0.30177	0.17944	0.01370	0.04447	0.01333	0.01848	0.00974	0.01238	0.00795	0.00559	0.00555	0.00169	0.03085	0.00438	0.00299	0.00765
11	0.01089	0.00961	0.01508	0.03867	0.36909	0.00940	0.01133	0.01378	0.01412	0.01976	0.29694	0.04884	0.10127	0.00884	0.00622	0.00178	0.00480	0.00804	0.00443	0.00709
12	0.01186	0.01017	0.01186	0.00847	0.01356	0.00762	0.00678	0.01440	0.01186	0.01864	0.01017	0.01186	0.00847	0.00424	0.00424	0.00085	0.00424	0.00339	0.00339	0.83395
13	0.00707	0.00509	0.00672	0.00799	0.00844	0.00475	0.00546	0.00817	0.01116	0.01476	0.03270	0.72479	0.07136	0.01766	0.00730	0.00232	0.00339	0.05086	0.00531	0.00468
14	0.00791	0.00587	0.00739	0.00710	0.00855	0.00535	0.00539	0.01039	0.01550	0.02135	0.60272	0.04591	0.17766	0.01238	0.00680	0.00186	0.00285	0.04365	0.00608	0.00529
15	0.36049	0.01065	0.01120	0.00892	0.01310	0.01055	0.00733	0.05460	0.01334	0.29680	0.01397	0.01367	0.00967	0.00585	0.00457	0.00161	0.00464	0.00422	0.00491	0.14991
16	0.00810	0.00585	0.00765	0.00720	0.00855	0.00540	0.00540	0.01079	0.01619	0.02294	0.76028	0.04273	0.05397	0.01169	0.00675	0.00180	0.00270	0.01034	0.00630	0.00540
17	0.02137	0.02726	0.01621	0.01474	0.01768	0.77602	0.01105	0.02284	0.01621	0.01400	0.00884	0.01031	0.00737	0.00589	0.00516	0.00147	0.01031	0.00368	0.00295	0.00663
18	0.01251	0.01251	0.01752	0.01502	0.01502	0.01752	0.01251	0.01377	0.00876	0.01377	0.00751	0.01251	0.00751	0.01001	0.01877	0.00250	0.78851	0.00501	0.00250	0.00626
19	0.01066	0.00533	0.00533	0.00533	0.00666	0.00533	0.00400	0.01333	0.01200	0.02132	0.01866	0.02132	0.01466	0.00666	0.00400	0.00133	0.00267	0.00533	0.83073	0.00533
20	0.00803	0.00584	0.00755	0.00712	0.00850	0.00537	0.00534	0.01066	0.01603	0.02256	0.72464	0.04335	0.08985	0.01184	0.00675	0.00181	0.00271	0.01043	0.00625	0.00537
21	0.57146	0.01062	0.01001	0.00840	0.01223	0.01137	0.00692	0.02046	0.01192	0.26984	0.01277	0.01264	0.00882	0.00589	0.00427	0.00177	0.00457	0.00397	0.00471	0.00736
22	0.01251	0.01251	0.01752	0.01502	0.01502	0.01752	0.01251	0.01377	0.00876	0.01377	0.00751	0.01251	0.00751	0.01001	0.01877	0.00250	0.78851	0.00501	0.00250	0.00626
23	0.00682	0.00580	0.00588	0.00586	0.00776	0.00486	0.00439	0.00833	0.01318	0.01580	0.09075	0.05447	0.72796	0.01436	0.00676	0.00193	0.00289	0.01199	0.00536	0.00486
24	0.01147	0.02959	0.76934	0.01630	0.02476	0.01328	0.02113	0.01811	0.01208	0.01811	0.01026	0.01208	0.00725	0.00543	0.00543	0.00181	0.00845	0.00423	0.00242	0.00845
25	0.00922	0.00658	0.00922	0.01053	0.01185	0.00658	0.00922	0.01185	0.01317	0.01712	0.03029	0.06452	0.03292	0.01580	0.00790	0.00263	0.00527	0.72480	0.00527	0.00527
26	0.78915	0.01098	0.00871	0.00769	0.01128	0.01256	0.00633	0.01750	0.01014	0.07145	0.00887	0.00992	0.00669	0.00542	0.00368	0.00177	0.00445	0.00326	0.00376	0.00641
27	0.01080	0.01017	0.01716	0.78523	0.03940	0.01271	0.01589	0.01461	0.01144	0.01461	0.01017	0.01525	0.00762	0.00572	0.00572	0.00191	0.00762	0.00508	0.00254	0.00635
28	0.01439	0.00860	0.01054	0.00925	0.01186	0.00852	0.00724	0.06135	0.15700	0.21019	0.29979	0.08891	0.04990	0.01014	0.00633	0.00188	0.00392	0.02658	0.00624	0.00736
29	0.01527	0.00741	0.00974	0.00826	0.01089	0.00659	0.00651	0.01769	0.01592	0.32576	0.38929	0.03323	0.07996	0.00980	0.00624	0.00178	0.00359	0.00840	0.03655	0.00713
30	0.01481	0.01141	0.01223	0.01091	0.01406	0.01290	0.00851	0.02854	0.62192	0.08379	0.02278	0.02119	0.01692	0.00760	0.00564	0.00187	0.00437	0.00630	0.08549	0.00875
31	0.22119	0.03794	0.01775	0.02153	0.35864	0.03442	0.03065	0.08089	0.01385	0.06458	0.05714	0.01474	0.01136	0.00583	0.00516	0.00171	0.00595	0.00490	0.00371	0.00806
32	0.02113	0.01112	0.01338	0.01066	0.01451	0.01115	0.00864	0.21415	0.10894	0.38475	0.04293	0.01892	0.01448	0.00786	0.00651	0.04261	0.00502	0.00577	0.04853	0.00893
33	0.05897	0.22289	0.08462	0.03133	0.03729	0.01538	0.01073	0.18025	0.06024	0.20361	0.01457	0.03220	0.01082	0.00643	0.00509	0.00164	0.00587	0.00489	0.00463	0.00855
34	0.01783	0.48019	0.02429	0.01178	0.01593	0.30795	0.01031	0.04563	0.01391	0.01448	0.00850	0.00977	0.00744	0.00534	0.00431	0.00134	0.00771	0.00337	0.00276	0.00716
35	0.01186	0.01017	0.01186	0.00847	0.01356	0.00762	0.00678	0.01440	0.01186	0.01864	0.01017	0.01186	0.00847	0.00424	0.00424	0.00085	0.00424	0.00339	0.00339	0.83395
36	0.00797	0.00584	0.00748	0.00707	0.00847	0.00534	0.00530	0.01056	0.01590	0.02225	0.69577	0.04386	0.11891	0.01195	0.00675	0.00181	0.00272	0.01050	0.00621	0.00534
37	0.00973	0.00666	0.00845	0.00767	0.00938	0.00629	0.00585	0.05682	0.01679	0.05852	0.66326	0.04013	0.06578	0.01124	0.00664	0.00180	0.00303	0.00985	0.00627	0.00585
38	0.00697	0.00498	0.00664	0.00796	0.00830	0.00465	0.00531	0.00796	0.01095	0.01460	0.03153	0.79525	0.03783	0.01792	0.00730	0.00232	0.00332	0.01626	0.00531	0.00465
39	0.00817	0.00613	0.00919	0.00919	0.01021	0.00715	0.00715	0.01021	0.00919	0.01328	0.01532	0.02247	0.01430	0.04290	0.77631	0.00919	0.01532	0.00613	0.00306	0.00511
40	0.00810	0.00585	0.00765	0.00720	0.00855	0.00540	0.00540	0.01079	0.01619	0.02294	0.76028	0.04273	0.05397	0.01169	0.00675	0.00180	0.00270	0.01034	0.00630	0.00540
41	0.02174	0.01602	0.01717	0.01316	0.01774	0.01774	0.01087	0.74423	0.02689	0.03605	0.01373	0.01373	0.00973	0.00687	0.00572	0.00172	0.00629	0.00515	0.00572	0.00973
42	0.83938	0.01106	0.00841	0.00752	0.01106	0.01283	0.00619	0.01681	0.00973	0.02566	0.00796	0.00929	0.00619	0.00531	0.00354	0.00177	0.00442	0.00310	0.00354	0.00619
43	0.83938	0.01106	0.00841	0.00752	0.01106	0.01283	0.00619	0.01681	0.00973	0.02566	0.00796	0.00929	0.00619	0.00531	0.00354	0.00177	0.00442	0.00310	0.00354	0.00619
44	0.02137	0.02726	0.01621	0.01474	0.01768	0.77602	0.01105	0.02284	0.01621	0.01400	0.00884	0.01031	0.00737	0.00589	0.00516	0.00147	0.01031	0.00368	0.00295	0.00663
45	0.01423	0.01229	0.01293	0.01164	0.01487	0.01423	0.00905	0.03039	0.75297	0.02393	0.02328	0.02134	0.01746	0.00776	0.00582	0.00194	0.00453	0.00647	0.00582	0.00905
46	0.01350	0.01543	0.03375	0.02411	0.02989	0.01446	0.74253	0.01832	0.01350	0.01832	0.01157	0.01543	0.00868	0.00482	0.00675	0.00193	0.00964	0.00675	0.00289	0.00771
47	0.00810	0.00585	0.00765	0.00720	0.00855	0.00540	0.00540	0.01079	0.01619	0.02294	0.76028	0.04273	0.05397	0.01169	0.00675	0.00180	0.00270	0.01034	0.00630	0.00540
48	0.00680	0.00565	0.00594	0.00617	0.00782	0.00480	0.00451	0.00817	0.01268	0.01531	0.05340	0.18231	0.63664	0.01508	0.00685	0.00200	0.00297	0.01279	0.00531	0.00480
49	0.02412	0.01080	0.01368	0.01055	0.01485	0.01016	0.00869	0.17365	0.01831	0.58110	0.02057	0.01839	0.01328	0.00702	0.00566	0.00174	0.00505	0.00561	0.04725	0.00952
50	0.00819	0.00604	0.00877	0.00877	0.00964	0.00692	0.00662	0.00994	0.00907	0.01296	0.01571	0.02463	0.01524	0.15199	0.66850	0.00867	0.01391	0.00644	0.00312	0.00487
51	0.02086	0.01557	0.01710	0.01396	0.04466	0.04401	0.02521	0.60820	0.02458	0.06736	0.01463	0.01642	0.01094	0.00718	0.00583	0.00176	0.00641	0.04050	0.00550	0.00933
52	0.08761	0.14108	0.01417	0.01064	0.01344	0.09130	0.00914	0.04335	0.04029	0.10092	0.02022	0.03516	0.01962	0.01127	0.02927	0.00225	0.00613	0.31295	0.00458	0.00662
53	0.16809	0.05913	0.02570	0.11501	0.02597	0.03242	0.42822	0.04402	0.01298	0.01949	0.01053	0.01372	0.00801	0.00513	0.00577	0.00184	0.00811	0.00552	0.00305	0.00729
54	0.01125	0.00985	0.01605	0.55072	0.13586	0.01161	0.01415	0.01482	0.01175	0.01630	0.01165	0.01610	0.00899	0.00579	0.00543	0.00178	0.00669	0.00513	0.13951	0.00657
55	0.00817	0.00613	0.00919	0.00919	0.01021	0.00715	0.00715	0.01021	0.00919	0.01328	0.01532	0.02247	0.01430	0.04290	0.77631	0.00919	0.01532	0.00613	0.00306	0.00511
56	0.01096	0.01034	0.01781	0.71348	0.03777	0.01258	0.06037	0.01480	0.01158	0.01506	0.01052	0.01545	0.00791	0.00569	0.00573	0.00189	0.00759	0.00519	0.02886	0.00641
57	0.00676	0.00579	0.00579	0.00579	0.00773	0.00483	0.00435	0.00821	0.01304	0.01545	0.05794	0.05505	0.76098	0.01449	0.00676	0.00193	0.00290	0.01207	0.00531	0.00483
58	0.00837	0.00561	0.00642	0.00650	0.00658	0.00561	0.00382	0.00854	0.00862	0.01146	0.01878	0.03910	0.02154	0.75063	0.02780	0.00537	0.00553	0.05255	0.00358	0.00358
59	0.83938	0.01106	0.00841	0.00752	0.01106	0.01283	0.00619	0.01681	0.00973	0.02566	0.00796	0.00929	0.00619	0.00531	0.00354	0.00177	0.00442	0.00310	0.00354	0.00619
60	0.01147	0.02959	0.76934	0.01630	0.02476	0.01328	0.02113	0.01811	0.01208	0.01811	0.01026	0.01208	0.00725	0.00543	0.00543	0.00181	0.00845	0.00423	0.00242	0.00845
61	0.01423	0.01229	0.01293	0.01164	0.01487	0.01423	0.00905	0.03039	0.75297	0.02393	0.02328	0.02134	0.01746	0.00776	0.00582	0.00194	0.00453	0.00647	0.00582	0.00905
62	0.00684	0.00580	0.00590	0.00587	0.00777	0.00486	0.00441	0.00836	0.01322	0.01588	0.09799	0.05434	0.72066	0.01433	0.00676	0.00192	0.00289	0.01197	0.00537	0.00486
63	0.01529	0.80242	0.02997	0.00979	0.01468	0.02263	0.00979	0.01713	0.01162	0.01346	0.00795	0.00918	0.00734	0.00489	0.00367	0.00122	0.00612	0.00306	0.00245	0.00734
64	0.00677	0.00574	0.00585	0.00593	0.00776	0.00482	0.00441	0.00819	0.01291	0.01540	0.05631	0.10074	0.71633	0.01470	0.00679	0.00196	0.00292	0.01233	0.00531	0.00482
65	0.02481	0.00976	0.01319	0.01007	0.01454	0.00836	0.00831	0.02704	0.01609	0.72104	0.02180	0.01900	0.01381	0.00690	0.00566	0.00171	0.00483	0.00561	0.00685	0.06062
66	0.00769	0.00578	0.00712	0.00689	0.00832	0.00521	0.00513	0.00997	0.01507	0.02053	0.53756	0.09230	0.23189	0.01278	0.00678	0.00186	0.00279	0.01115	0.00599	0.00521
67	0.83938	0.01106	0.00841	0.00752	0.01106	0.01283	0.00619	0.01681	0.00973	0.02566	0.00796	0.00929	0.00619	0.00531	0.00354	0.00177	0.00442	0.00310	0.00354	0.00619
68	0.02137	0.02726	0.01621	0.01474	0.01768	0.77602	0.01105	0.02284	0.01621	0.01400	0.00884	0.01031	0.00737	0.00589	0.00516	0.00147	0.01031	0.00368	0.00295	0.00663
69	0.01154	0.00564	0.00594	0.00579	0.00731	0.00556	0.00443	0.01418	0.01230	0.06725	0.01925	0.02251	0.01518	0.00696	0.00422	0.00140	0.00288	0.02702	0.75503	0.00560
70	0.00700	0.00499	0.00663	0.00792	0.00825	0.00467	0.00527	0.00797	0.01089	0.01452	0.03122	0.77785	0.03744	0.03586	0.00780	0.00240	0.00337	0.01608	0.00527	0.00462
71	0.01529	0.80242	0.02997	0.00979	0.01468	0.02263	0.00979	0.01713	0.01162	0.01346	0.00795	0.00918	0.00734	0.00489	0.00367	0.00122	0.00612	0.00306	0.00245	0.00734
72	0.01080	0.01017	0.01716	0.78523	0.03940	0.01271	0.01589	0.01461	0.01144	0.01461	0.01017	0.01525	0.00762	0.00572	0.00572	0.00191	0.00762	0.00508	0.00254	0.00635
73	0.00832	0.00555	0.00624	0.00624	0.00624	0.00555	0.00347	0.00832	0.00832	0.01109	0.01802	0.03743	0.02080	0.79898	0.02911	0.00555	0.00555	0.00832	0.00347	0.00347
74	0.02566	0.00973	0.01327	0.01018	0.01460	0.00841	0.00841	0.02788	0.01637	0.76726	0.02257	0.01947	0.01416	0.00708	0.00575	0.00177	0.00487	0.00575	0.00708	0.00973
75	0.01080	0.01017	0.01716	0.78523	0.03940	0.01271	0.01589	0.01461	0.01144	0.01461	0.01017	0.01525	0.00762	0.00572	0.00572	0.00191	0.00762	0.00508	0.00254	0.00635
76	0.01151	0.00681	0.00880	0.00797	0.00989	0.00635	0.00609	0.01474	0.05591	0.15347	0.52060	0.08953	0.04285	0.01098	0.00649	0.00183	0.00322	0.00961	0.02704	0.00631
77	0.00726	0.00532	0.00659	0.00727	0.00816	0.00485	0.00507	0.00872	0.01238	0.01654	0.16878	0.47320	0.19377	0.01565	0.00697	0.00211	0.00309	0.01390	0.03552	0.00485
78	0.38628	0.03381	0.11177	0.01364	0.08217	0.21062	0.02796	0.01856	0.01210	0.02027	0.00881	0.01059	0.00701	0.00558	0.00493	0.00171	0.03045	0.00372	0.00311	0.00692
79	0.00695	0.00504	0.00658	0.00781	0.00825	0.00466	0.00524	0.00798	0.01110	0.01466	0.03344	0.74151	0.09033	0.01767	0.00726	0.00229	0.00329	0.01596	0.00531	0.00466
80	0.02126	0.01573	0.01691	0.01293	0.01753	0.01724	0.01067	0.70838	0.02615	0.03519	0.01356	0.01364	0.00967	0.00674	0.00565	0.00167	0.00619	0.00506	0.00561	0.05021
81	0.02137	0.02726	0.01621	0.01474	0.01768	0.77602	0.01105	0.02284	0.01621	0.01400	0.00884	0.01031	0.00737	0.00589	0.00516	0.00147	0.01031	0.00368	0.00295	0.00663
82	0.01624	0.72962	0.02844	0.00982	0.01467	0.02133	0.00966	0.01811	0.01206	0.08269	0.00929	0.01012	0.00797	0.00509	0.00386	0.00127	0.00600	0.00331	0.00287	0.00756
83	0.01186	0.01017	0.01186	0.00847	0.01356	0.00762	0.00678	0.01440	0.01186	0.01864	0.01017	0.01186	0.00847	0.00424	0.00424	0.00085	0.00424	0.00339	0.00339	0.83395
84	0.02194	0.01571	0.01697	0.01301	0.01758	0.01728	0.01075	0.70905	0.02638	0.07196	0.01417	0.01401	0.00994	0.00688	0.00572	0.00172	0.00622	0.00518	0.00579	0.00973
85	0.01186	0.01017	0.01186	0.00847	0.01356	0.00762	0.00678	0.01440	0.01186	0.01864	0.01017	0.01186	0.00847	0.00424	0.00424	0.00085	0.00424	0.00339	0.00339	0.83395
86	0.83938	0.01106	0.00841	0.00752	0.01106	0.01283	0.00619	0.01681	0.00973	0.02566	0.00796	0.00929	0.00619	0.00531	0.00354	0.00177	0.00442	0.00310	0.00354	0.00619
87	0.00824	0.00629	0.00966	0.00949	0.01060	0.00719	0.02540	0.01029	0.00940	0.01348	0.01615	0.06636	0.01550	0.04052	0.71325	0.00862	0.01449	0.00672	0.00319	0.00515
88	0.02137	0.02726	0.01621	0.01474	0.01768	0.77602	0.01105	0.02284	0.01621	0.01400	0.00884	0.01031	0.00737	0.00589	0.00516	0.00147	0.01031	0.00368	0.00295	0.00663
89	0.00684	0.00580	0.00590	0.00587	0.00777	0.00486	0.00441	0.00836	0.01322	0.01588	0.09799	0.05434	0.72066	0.01433	0.00676	0.00192	0.00289	0.01197	0.00537	0.00486
90	0.01147	0.02959	0.76934	0.01630	0.02476	0.01328	0.02113	0.01811	0.01208	0.01811	0.01026	0.01208	0.00725	0.00543	0.00543	0.00181	0.00845	0.00423	0.00242	0.00845
91	0.01112	0.01158	0.04043	0.06109	0.04518	0.01068	0.36769	0.01491	0.01394	0.01920	0.23784	0.08210	0.02489	0.00818	0.00669	0.00192	0.00676	0.02498	0.00411	0.00672
92	0.00986	0.00954	0.13151	0.00954	0.01168	0.00652	0.00827	0.01200	0.01180	0.09533	0.02667	0.54262	0.02948	0.01433	0.00674	0.00216	0.00435	0.03052	0.03123	0.00584
93	0.02566	0.00973	0.01327	0.01018	0.01460	0.00841	0.00841	0.02788	0.01637	0.76726	0.02257	0.01947	0.01416	0.00708	0.00575	0.00177	0.00487	0.00575	0.00708	0.00973
94	0.01317	0.01166	0.01958	0.35569	0.38819	0.01267	0.01597	0.01661	0.01247	0.05951	0.01175	0.03660	0.00953	0.00583	0.00574	0.00181	0.00695	0.00544	0.00302	0.00781
95	0.04453	0.07490	0.21150	0.06678	0.32126	0.03316	0.04939	0.06136	0.01356	0.05460	0.01102	0.01334	0.00851	0.00542	0.00543	0.00172	0.00722	0.00473	0.00309	0.00847

[dist]
# distance from previous block
# <min> <max>
1	11

[block]
# block no. 5 follows, 41 sequences, length 29
# corresponding to MSA columns:
# 317-345
name=unknown_F
#
# <colnr> <probs for GDERKNQSTAVLIFYWHMCP>
#	G	D	E	R	K	N	Q	S	T	A	V	L	I	F	Y	W	H	M	C	P
0	0.01503	0.01231	0.01773	0.13309	0.32116	0.02943	0.01320	0.07476	0.08933	0.09655	0.01429	0.05306	0.01158	0.00635	0.00563	0.00170	0.00611	0.00565	0.00393	0.08910
1	0.01402	0.01476	0.09450	0.06431	0.40626	0.03901	0.10317	0.03927	0.01344	0.05185	0.04385	0.01689	0.01159	0.05373	0.00723	0.00198	0.00711	0.00561	0.00325	0.00817
2	0.00790	0.00562	0.00748	0.00780	0.00833	0.00587	0.00537	0.00905	0.00980	0.01350	0.06562	0.23091	0.02496	0.27841	0.28716	0.00577	0.00826	0.00974	0.00398	0.00447
3	0.00854	0.00637	0.00757	0.00754	0.02777	0.00562	0.00536	0.01035	0.01341	0.04450	0.24506	0.08388	0.34067	0.08942	0.00878	0.00221	0.00343	0.02880	0.00529	0.05543
4	0.01275	0.09406	0.48036	0.01352	0.02062	0.01252	0.01599	0.01774	0.01224	0.06239	0.01076	0.01220	0.00795	0.00520	0.00501	0.00153	0.00704	0.00402	0.00292	0.20116
5	0.00700	0.00504	0.00657	0.00778	0.00820	0.00468	0.00520	0.00799	0.01100	0.01455	0.03272	0.72743	0.08118	0.04134	0.00793	0.00240	0.00336	0.01577	0.00525	0.00462
6	0.01186	0.01017	0.01186	0.00847	0.01356	0.00762	0.00678	0.01440	0.01186	0.01864	0.01017	0.01186	0.00847	0.00424	0.00424	0.00085	0.00424	0.00339	0.00339	0.83395
7	0.00817	0.00613	0.00919	0.00919	0.01021	0.00715	0.00715	0.01021	0.00919	0.01328	0.01532	0.02247	0.01430	0.04290	0.77631	0.00919	0.01532	0.00613	0.00306	0.00511
8	0.04692	0.00781	0.00881	0.00800	0.01011	0.00783	0.00616	0.08441	0.10191	0.02279	0.41231	0.03865	0.20012	0.01110	0.00640	0.00184	0.00338	0.00945	0.00584	0.00615
9	0.00810	0.00585	0.00765	0.00720	0.00855	0.00540	0.00540	0.01079	0.01619	0.02294	0.76028	0.04273	0.05397	0.01169	0.00675	0.00180	0.00270	0.01034	0.00630	0.00540
10	0.01416	0.01359	0.02322	0.03511	0.76330	0.01359	0.01755	0.01755	0.01302	0.01869	0.01076	0.01416	0.00906	0.00510	0.00566	0.00170	0.00680	0.00510	0.00283	0.00906
11	0.83938	0.01106	0.00841	0.00752	0.01106	0.01283	0.00619	0.01681	0.00973	0.02566	0.00796	0.00929	0.00619	0.00531	0.00354	0.00177	0.00442	0.00310	0.00354	0.00619
12	0.00922	0.00658	0.00922	0.01053	0.01185	0.00658	0.00922	0.01185	0.01317	0.01712	0.03029	0.06452	0.03292	0.01580	0.00790	0.00263	0.00527	0.72480	0.00527	0.00527
13	0.01529	0.80242	0.02997	0.00979	0.01468	0.02263	0.00979	0.01713	0.01162	0.01346	0.00795	0.00918	0.00734	0.00489	0.00367	0.00122	0.00612	0.00306	0.00245	0.00734
14	0.00824	0.00594	0.00785	0.00764	0.00898	0.00555	0.00590	0.01093	0.01579	0.02217	0.66364	0.04561	0.05118	0.01224	0.00690	0.00191	0.00304	0.10493	0.00616	0.00538
15	0.02174	0.01602	0.01717	0.01316	0.01774	0.01774	0.01087	0.74423	0.02689	0.03605	0.01373	0.01373	0.00973	0.00687	0.00572	0.00172	0.00629	0.00515	0.00572	0.00973
16	0.00819	0.00549	0.00628	0.00641	0.00644	0.00546	0.00365	0.00828	0.00858	0.01143	0.01934	0.11146	0.02246	0.72268	0.02698	0.00523	0.00533	0.00909	0.00365	0.00358
17	0.10185	0.01516	0.01608	0.01243	0.01690	0.01670	0.01027	0.63055	0.02459	0.07854	0.01369	0.01364	0.00965	0.00673	0.00551	0.00172	0.00603	0.00499	0.00559	0.00938
18	0.83938	0.01106	0.00841	0.00752	0.01106	0.01283	0.00619	0.01681	0.00973	0.02566	0.00796	0.00929	0.00619	0.00531	0.00354	0.00177	0.00442	0.00310	0.00354	0.00619
19	0.00686	0.00539	0.00622	0.00688	0.00801	0.00474	0.00483	0.00809	0.01199	0.01503	0.04473	0.42519	0.39936	0.01620	0.00703	0.00213	0.00311	0.01417	0.00531	0.00474
20	0.01047	0.00759	0.00913	0.00920	0.01053	0.00775	0.00663	0.18240	0.01473	0.01968	0.02731	0.61010	0.03117	0.01530	0.00693	0.00218	0.00402	0.01363	0.00541	0.00585
21	0.01678	0.01356	0.01437	0.01216	0.01585	0.01542	0.00967	0.27286	0.50634	0.02804	0.02004	0.01876	0.01483	0.00746	0.00579	0.00186	0.00513	0.00602	0.00579	0.00928
22	0.01170	0.00881	0.01225	0.01032	0.01182	0.00936	0.09290	0.06590	0.05599	0.06031	0.01648	0.02835	0.01655	0.45995	0.03803	0.00419	0.08059	0.00727	0.00382	0.00544
23	0.00799	0.00590	0.00672	0.00659	0.00832	0.00513	0.00491	0.00978	0.01386	0.05098	0.24864	0.12235	0.46088	0.01372	0.00676	0.00193	0.00297	0.01172	0.00566	0.00519
24	0.01234	0.05350	0.61657	0.01535	0.02285	0.01389	0.01877	0.04587	0.11068	0.01937	0.01203	0.01326	0.00869	0.00578	0.00543	0.00180	0.00778	0.00452	0.00299	0.00854
25	0.06788	0.05118	0.02145	0.14636	0.37603	0.03069	0.09979	0.01808	0.04408	0.05166	0.01197	0.01571	0.00969	0.00567	0.00562	0.00177	0.00693	0.02416	0.00320	0.00808
26	0.03025	0.09528	0.33983	0.04765	0.04427	0.03905	0.01402	0.01544	0.01237	0.03213	0.04073	0.11702	0.07192	0.00871	0.00581	0.00188	0.00654	0.06651	0.00351	0.00708
27	0.15057	0.00945	0.01166	0.00941	0.01311	0.00892	0.00763	0.02357	0.05043	0.50558	0.08218	0.01981	0.01619	0.00800	0.00650	0.05223	0.00460	0.00571	0.00612	0.00834
28	0.01326	0.04294	0.01873	0.14531	0.38896	0.08517	0.01391	0.01648	0.02720	0.01766	0.08504	0.06309	0.01484	0.00669	0.00570	0.00171	0.00650	0.00602	0.00334	0.03743

[dist]
# distance from previous block
# <min> <max>
2	38

[block]
# block no. 6 follows, 41 sequences, length 18
# corresponding to MSA columns:
# 384-401
name=unknown_G
#
# <colnr> <probs for GDERKNQSTAVLIFYWHMCP>
#	G	D	E	R	K	N	Q	S	T	A	V	L	I	F	Y	W	H	M	C	P
0	0.01498	0.01265	0.01359	0.04087	0.01613	0.01458	0.00952	0.11376	0.63972	0.02500	0.02167	0.02022	0.01618	0.00758	0.00580	0.00191	0.00485	0.00626	0.00569	0.00903
1	0.01400	0.01098	0.01692	0.02242	0.40589	0.01061	0.01235	0.01757	0.05081	0.11796	0.14040	0.02282	0.07285	0.00723	0.00586	0.00171	0.00532	0.00654	0.00433	0.05343
2	0.02021	0.01783	0.28821	0.01268	0.01851	0.03998	0.01321	0.04818	0.01516	0.44160	0.01727	0.01624	0.01124	0.00643	0.00561	0.00177	0.00643	0.00510	0.00518	0.00915
3	0.01515	0.73916	0.03028	0.01094	0.01590	0.02198	0.06869	0.01722	0.01177	0.01385	0.00824	0.00968	0.00745	0.00489	0.00392	0.00128	0.00640	0.00336	0.00248	0.00737
4	0.00707	0.00505	0.00676	0.00808	0.00846	0.00474	0.00549	0.00815	0.01105	0.01472	0.03147	0.76114	0.03760	0.01782	0.00733	0.00234	0.00341	0.04933	0.00531	0.00467
5	0.01178	0.00566	0.00592	0.00569	0.00726	0.00556	0.00433	0.01441	0.01232	0.07688	0.01895	0.02119	0.01462	0.00669	0.00413	0.00137	0.00283	0.00536	0.76939	0.00566
6	0.00822	0.00592	0.00814	0.00814	0.00880	0.00658	0.00584	0.00954	0.00888	0.01250	0.01629	0.02781	0.01662	0.31274	0.50964	0.00789	0.01183	0.00691	0.00321	0.00452
7	0.02206	0.01552	0.01685	0.01292	0.01749	0.01699	0.01067	0.68664	0.02605	0.09483	0.01444	0.01419	0.01008	0.00688	0.00572	0.00172	0.00618	0.00520	0.00583	0.00973
8	0.00697	0.00498	0.00664	0.00796	0.00830	0.00465	0.00531	0.00796	0.01095	0.01460	0.03153	0.79525	0.03783	0.01792	0.00730	0.00232	0.00332	0.01626	0.00531	0.00465
9	0.01350	0.01543	0.03375	0.02411	0.02989	0.01446	0.74253	0.01832	0.01350	0.01832	0.01157	0.01543	0.00868	0.00482	0.00675	0.00193	0.00964	0.00675	0.00289	0.00771
10	0.01147	0.02959	0.76934	0.01630	0.02476	0.01328	0.02113	0.01811	0.01208	0.01811	0.01026	0.01208	0.00725	0.00543	0.00543	0.00181	0.00845	0.00423	0.00242	0.00845
11	0.01410	0.01230	0.01328	0.01189	0.01488	0.01447	0.00931	0.02916	0.69754	0.02317	0.02211	0.02068	0.01672	0.00793	0.00678	0.00198	0.06291	0.00636	0.00557	0.00885
12	0.00850	0.00592	0.00695	0.00692	0.00854	0.00518	0.00510	0.01019	0.01354	0.07226	0.20959	0.21355	0.38475	0.01407	0.00680	0.00198	0.00309	0.01214	0.00567	0.00528
13	0.00832	0.00555	0.00624	0.00624	0.00624	0.00555	0.00347	0.00832	0.00832	0.01109	0.01802	0.03743	0.02080	0.79898	0.02911	0.00555	0.00555	0.00832	0.00347	0.00347
14	0.02537	0.01020	0.01356	0.01040	0.01483	0.00909	0.00859	0.08056	0.01715	0.71349	0.02192	0.01905	0.01383	0.00706	0.00575	0.00177	0.00497	0.00571	0.00698	0.00973
15	0.00922	0.00658	0.00922	0.01053	0.01185	0.00658	0.00922	0.01185	0.01317	0.01712	0.03029	0.06452	0.03292	0.01580	0.00790	0.00263	0.00527	0.72480	0.00527	0.00527
16	0.00697	0.00498	0.00664	0.00796	0.00830	0.00465	0.00531	0.00796	0.01095	0.01460	0.03153	0.79525	0.03783	0.01792	0.00730	0.00232	0.00332	0.01626	0.00531	0.00465
17	0.00784	0.00584	0.00729	0.00693	0.00839	0.00529	0.00520	0.01030	0.01559	0.02150	0.62587	0.04508	0.18927	0.01223	0.00675	0.00182	0.00274	0.01067	0.00611	0.00529

[dist]
# distance from previous block
# <min> <max>
0	19

[block]
# block no. 7 follows, 41 sequences, length 71
# corresponding to MSA columns:
# 421-491
name=unknown_H
#
# <colnr> <probs for GDERKNQSTAVLIFYWHMCP>
#	G	D	E	R	K	N	Q	S	T	A	V	L	I	F	Y	W	H	M	C	P
0	0.01147	0.02959	0.76934	0.01630	0.02476	0.01328	0.02113	0.01811	0.01208	0.01811	0.01026	0.01208	0.00725	0.00543	0.00543	0.00181	0.00845	0.00423	0.00242	0.00845
1	0.00751	0.00626	0.00661	0.00644	0.00837	0.00558	0.00485	0.01020	0.06562	0.01730	0.17299	0.05062	0.59041	0.01355	0.00669	0.00191	0.00298	0.01139	0.00551	0.00522
2	0.01423	0.01229	0.01293	0.01164	0.01487	0.01423	0.00905	0.03039	0.75297	0.02393	0.02328	0.02134	0.01746	0.00776	0.00582	0.00194	0.00453	0.00647	0.00582	0.00905
