[name]
unknown

[dist]
# distance from previous block
# <min> <max>
6	98

[block]
# block no. 0 follows, 38 sequences, length 24
# corresponding to MSA columns:
# 135-158
name=unknown_A
#
# <colnr> <probs for GDERKNQSTAVLIFYWHMCP>
#	G	D	E	R	K	N	Q	S	T	A	V	L	I	F	Y	W	H	M	C	P
0	0.20765	0.01079	0.01212	0.07987	0.01575	0.01162	0.00864	0.11336	0.08186	0.11304	0.01787	0.15786	0.01615	0.03435	0.00687	0.00207	0.02719	0.00723	0.00491	0.07081
1	0.01521	0.01200	0.01376	0.16173	0.01928	0.06234	0.00998	0.20065	0.03721	0.07232	0.15892	0.04037	0.08118	0.03607	0.00709	0.00198	0.00581	0.00727	0.00511	0.05172
2	0.01562	0.13204	0.02991	0.03395	0.03919	0.03269	0.03801	0.15253	0.07207	0.09577	0.07766	0.13474	0.03390	0.05305	0.00742	0.00207	0.00570	0.00772	0.00496	0.03103
3	0.05942	0.01273	0.03993	0.18602	0.02078	0.05437	0.01074	0.13566	0.08918	0.09559	0.06831	0.02366	0.11726	0.00816	0.00600	0.00186	0.00595	0.00664	0.00484	0.05289
4	0.11610	0.01407	0.11788	0.02809	0.04066	0.01103	0.01052	0.06369	0.05877	0.19441	0.03572	0.01587	0.01187	0.00615	0.00527	0.00159	0.00553	0.00485	0.00470	0.25324
5	0.05470	0.00944	0.04146	0.15443	0.08262	0.00909	0.00975	0.03588	0.01221	0.01721	0.02131	0.23904	0.04731	0.12666	0.01005	0.00262	0.00557	0.04974	0.00416	0.06677
6	0.06028	0.01395	0.04076	0.08935	0.23216	0.01393	0.07679	0.15094	0.03949	0.07052	0.04058	0.01614	0.01157	0.00633	0.00631	0.00180	0.03205	0.00551	0.00412	0.08743
7	0.05876	0.01415	0.12947	0.01375	0.08941	0.01171	0.01118	0.14765	0.08192	0.08026	0.19001	0.02568	0.08033	0.00856	0.00615	0.00186	0.00541	0.00712	0.00520	0.03141
8	0.00889	0.00691	0.00887	0.00962	0.05437	0.00666	0.00648	0.01198	0.06330	0.01982	0.33140	0.19016	0.15671	0.05665	0.03856	0.00255	0.00409	0.01151	0.00569	0.00579
9	0.01735	0.10133	0.01666	0.01159	0.01617	0.06024	0.00950	0.20846	0.18149	0.05375	0.01496	0.01514	0.01142	0.00632	0.00530	0.00151	0.00573	0.00486	0.00480	0.25341
10	0.01275	0.01106	0.01795	0.52758	0.14316	0.01252	0.01532	0.01645	0.01277	0.05735	0.03602	0.01675	0.01032	0.00606	0.00590	0.00186	0.00724	0.00541	0.00319	0.08032
11	0.01782	0.14014	0.27672	0.01499	0.02133	0.01517	0.09490	0.12043	0.03491	0.18475	0.01431	0.01485	0.01006	0.00621	0.00571	0.00180	0.00739	0.00511	0.00427	0.00912
12	0.01467	0.01790	0.32235	0.01258	0.01806	0.01032	0.01365	0.01957	0.04593	0.19838	0.10208	0.02766	0.10695	0.00884	0.00631	0.00197	0.00621	0.05346	0.00490	0.00821
13	0.05828	0.01030	0.01638	0.61266	0.03529	0.01241	0.01483	0.01591	0.01232	0.06122	0.01340	0.04940	0.01106	0.00716	0.00608	0.00205	0.00734	0.04386	0.00329	0.00676
14	0.06005	0.01229	0.08241	0.38713	0.05630	0.01196	0.02921	0.04021	0.01333	0.12787	0.01544	0.11003	0.01297	0.00774	0.00609	0.00201	0.00689	0.00673	0.00392	0.00743
15	0.02006	0.01219	0.02167	0.01722	0.06167	0.01109	0.26735	0.02333	0.01545	0.38742	0.01969	0.08357	0.01464	0.00745	0.00656	0.00197	0.00689	0.00733	0.00546	0.00898
16	0.01497	0.00892	0.01402	0.03760	0.06466	0.00826	0.09241	0.01718	0.01387	0.24972	0.02645	0.35263	0.04885	0.01219	0.00691	0.00214	0.00516	0.01112	0.00561	0.00733
17	0.01225	0.01030	0.01711	0.67587	0.03758	0.01254	0.01545	0.01571	0.01206	0.06009	0.01147	0.01646	0.00860	0.00711	0.00720	0.05760	0.00765	0.00538	0.00296	0.00662
18	0.01522	0.01152	0.04778	0.01713	0.10130	0.01010	0.20423	0.01820	0.01398	0.20476	0.02174	0.26558	0.02049	0.01019	0.00684	0.00209	0.00633	0.00977	0.00495	0.00780
19	0.02033	0.04509	0.11239	0.01879	0.16498	0.03748	0.09210	0.09657	0.01657	0.31019	0.01637	0.01658	0.01130	0.00640	0.00600	0.00183	0.00694	0.00558	0.00499	0.00949
20	0.01636	0.01292	0.10003	0.35605	0.05707	0.01175	0.02941	0.02037	0.02741	0.24402	0.05309	0.01860	0.01288	0.00674	0.00607	0.00194	0.00691	0.00581	0.00441	0.00817
21	0.09036	0.01551	0.12311	0.17121	0.31941	0.03276	0.01601	0.01956	0.01350	0.12368	0.01256	0.01503	0.00940	0.00588	0.00573	0.00186	0.00714	0.00510	0.00356	0.00864
22	0.04607	0.06140	0.10942	0.12116	0.06855	0.05411	0.01253	0.02072	0.02822	0.24768	0.01662	0.08714	0.01327	0.00797	0.00715	0.00196	0.07699	0.00628	0.00456	0.00821
23	0.01933	0.01258	0.01785	0.10465	0.06766	0.01290	0.08094	0.19371	0.03072	0.24433	0.04077	0.02066	0.01410	0.00753	0.00668	0.00192	0.03180	0.04564	0.00535	0.04089

[dist]
# distance from previous block
# <min> <max>
8	43

[block]
# block no. 1 follows, 38 sequences, length 7
# corresponding to MSA columns:
# 205-211
name=unknown_B
#
# <colnr> <probs for GDERKNQSTAVLIFYWHMCP>
#	G	D	E	R	K	N	Q	S	T	A	V	L	I	F	Y	W	H	M	C	P
0	0.05606	0.01149	0.01466	0.06651	0.07426	0.02728	0.04294	0.08120	0.09165	0.10261	0.06079	0.05973	0.06603	0.00815	0.00627	0.00178	0.02447	0.02908	0.00479	0.17026
1	0.05704	0.01487	0.07400	0.08180	0.08972	0.05424	0.01201	0.22294	0.03727	0.19764	0.01711	0.08530	0.01344	0.00781	0.00601	0.00189	0.00643	0.00639	0.00519	0.00890
2	0.04636	0.01215	0.01610	0.28433	0.16436	0.07797	0.01302	0.01683	0.06956	0.01751	0.01530	0.13058	0.01417	0.00987	0.04433	0.00232	0.00726	0.00697	0.00359	0.04740
3	0.00910	0.00645	0.00924	0.11324	0.01340	0.00676	0.00737	0.00998	0.01101	0.01451	0.06462	0.14852	0.13639	0.02115	0.14232	0.23028	0.00675	0.04020	0.00401	0.00469
4	0.07518	0.00981	0.01178	0.01017	0.01316	0.00978	0.00812	0.15956	0.01742	0.23610	0.14206	0.11382	0.02561	0.05302	0.00782	0.00224	0.00491	0.08556	0.00614	0.00775
5	0.01157	0.00710	0.00899	0.00879	0.00987	0.00716	0.00619	0.06974	0.04003	0.07499	0.02174	0.25146	0.02306	0.17950	0.04939	0.18585	0.00542	0.02933	0.00462	0.00520
6	0.24289	0.00956	0.01103	0.08691	0.01519	0.01026	0.00841	0.01778	0.06964	0.12733	0.07786	0.02536	0.05229	0.01343	0.10880	0.00301	0.00648	0.06969	0.00476	0.03934

[dist]
# distance from previous block
# <min> <max>
5	16

[block]
# block no. 2 follows, 38 sequences, length 6
# corresponding to MSA columns:
# 228-233
name=unknown_C
#
# <colnr> <probs for GDERKNQSTAVLIFYWHMCP>
#	G	D	E	R	K	N	Q	S	T	A	V	L	I	F	Y	W	H	M	C	P
0	0.10361	0.00795	0.00936	0.00825	0.01079	0.00740	0.00626	0.01673	0.01394	0.25954	0.12037	0.09582	0.16868	0.13269	0.01012	0.00257	0.00435	0.00901	0.00582	0.00676
1	0.01152	0.00847	0.01025	0.00979	0.01025	0.07443	0.00714	0.01057	0.00913	0.01192	0.01102	0.01793	0.01069	0.02252	0.14919	0.51239	0.10075	0.00532	0.00276	0.00395
2	0.20679	0.08449	0.10595	0.05536	0.01799	0.07096	0.05148	0.06529	0.01339	0.05064	0.06156	0.04318	0.01255	0.00751	0.00755	0.00195	0.12691	0.00538	0.00374	0.00733
3	0.00998	0.00953	0.09823	0.00890	0.01100	0.00718	0.00740	0.04612	0.01308	0.04970	0.11954	0.23322	0.14169	0.20222	0.01271	0.00301	0.00478	0.01102	0.00498	0.00569
4	0.12654	0.01003	0.01137	0.01141	0.05337	0.04626	0.00838	0.10865	0.01450	0.04423	0.11282	0.07558	0.02206	0.04914	0.14120	0.04955	0.00726	0.09657	0.00464	0.00644
5	0.01644	0.18006	0.06798	0.01161	0.01526	0.10432	0.01005	0.10644	0.01508	0.11262	0.01687	0.17265	0.01602	0.03123	0.00719	0.00192	0.04938	0.00716	0.00439	0.05330

[dist]
# distance from previous block
# <min> <max>
0	10

[block]
# block no. 3 follows, 38 sequences, length 11
# corresponding to MSA columns:
# 252-255,257-263
name=unknown_D
#
# <colnr> <probs for GDERKNQSTAVLIFYWHMCP>
#	G	D	E	R	K	N	Q	S	T	A	V	L	I	F	Y	W	H	M	C	P
0	0.06152	0.09625	0.16191	0.21094	0.06890	0.05471	0.05624	0.06889	0.06107	0.03425	0.01171	0.01424	0.00895	0.00614	0.00613	0.00185	0.03711	0.00492	0.00334	0.03093
1	0.13481	0.25599	0.12629	0.04400	0.07045	0.03842	0.07009	0.05659	0.05187	0.05035	0.04049	0.01405	0.01072	0.00601	0.00509	0.00170	0.00678	0.00469	0.00355	0.00806
2	0.01972	0.01345	0.01574	0.10061	0.01948	0.01470	0.01082	0.31863	0.18929	0.16440	0.05587	0.01918	0.01513	0.00760	0.00610	0.00190	0.00588	0.00613	0.00595	0.00942
3	0.01032	0.00892	0.01299	0.01061	0.01383	0.00757	0.10474	0.01284	0.01330	0.01898	0.14641	0.23139	0.06840	0.01043	0.00630	0.00171	0.00461	0.00952	0.00468	0.30245
4	0.09241	0.04815	0.04348	0.06691	0.04213	0.06447	0.01005	0.08100	0.01381	0.01977	0.01768	0.11998	0.05180	0.00919	0.00705	0.00187	0.07502	0.06833	0.00406	0.16284
5	0.09675	0.10728	0.05129	0.01214	0.01676	0.01439	0.03776	0.19143	0.04262	0.29771	0.01655	0.01606	0.01145	0.00691	0.00608	0.00181	0.03588	0.00525	0.02268	0.00918
6	0.01794	0.01338	0.01770	0.01843	0.18820	0.01430	0.03379	0.16699	0.21894	0.13801	0.05606	0.01929	0.01534	0.00745	0.00681	0.00193	0.04452	0.00622	0.00533	0.00938
7	0.01265	0.00766	0.00934	0.00829	0.01019	0.00709	0.00588	0.05122	0.01325	0.13672	0.13324	0.13567	0.02649	0.30332	0.01549	0.00332	0.00481	0.00902	0.00510	0.10124
8	0.18671	0.00815	0.00908	0.00859	0.01051	0.00839	0.00636	0.06958	0.01346	0.08458	0.14294	0.24439	0.02714	0.07102	0.00958	0.07454	0.00434	0.00955	0.00515	0.00596
9	0.36834	0.05514	0.09809	0.08013	0.11410	0.01371	0.01131	0.05949	0.01298	0.07812	0.01337	0.01480	0.04525	0.00630	0.00493	0.00184	0.00592	0.00466	0.00384	0.00768
10	0.04268	0.12528	0.01462	0.05069	0.05245	0.02660	0.00891	0.06213	0.06604	0.06873	0.01634	0.08148	0.01538	0.01276	0.01123	0.24903	0.00569	0.07973	0.00404	0.00619

[dist]
# distance from previous block
# <min> <max>
4	12

[block]
# block no. 4 follows, 38 sequences, length 17
# corresponding to MSA columns:
# 276-292
name=unknown_E
#
# <colnr> <probs for GDERKNQSTAVLIFYWHMCP>
#	G	D	E	R	K	N	Q	S	T	A	V	L	I	F	Y	W	H	M	C	P
0	0.01476	0.00805	0.01000	0.00886	0.01104	0.00778	0.00676	0.06915	0.04171	0.19822	0.15498	0.03283	0.06183	0.13673	0.01212	0.08919	0.00468	0.05825	0.06647	0.00657
1	0.01721	0.19937	0.12124	0.11013	0.19874	0.01584	0.01450	0.08569	0.01497	0.14765	0.01293	0.01443	0.00966	0.00597	0.00546	0.00173	0.00692	0.00485	0.00385	0.00886
2	0.10252	0.11090	0.01578	0.01053	0.01499	0.01297	0.02792	0.16862	0.03843	0.02333	0.01379	0.09394	0.01234	0.00690	0.00510	0.00147	0.00525	0.00551	0.00426	0.32545
3	0.00857	0.00595	0.00708	0.00708	0.00752	0.00601	0.00448	0.00905	0.00949	0.01259	0.02338	0.03830	0.10969	0.54215	0.15497	0.02982	0.00726	0.00873	0.00378	0.00409
4	0.01655	0.01177	0.01243	0.01074	0.01390	0.05534	0.00835	0.09818	0.27573	0.16343	0.10698	0.02796	0.09635	0.06516	0.00803	0.00221	0.00507	0.00755	0.00601	0.00827
5	0.01625	0.16195	0.11267	0.05924	0.24051	0.08491	0.02890	0.09380	0.01495	0.05541	0.01178	0.01421	0.00944	0.00863	0.06012	0.00227	0.00816	0.00486	0.00340	0.00851
6	0.01352	0.01066	0.01258	0.00904	0.01434	0.00808	0.00725	0.01617	0.01282	0.07253	0.01163	0.01305	0.00934	0.00467	0.00457	0.00096	0.00450	0.00374	0.00384	0.76671
7	0.01802	0.01348	0.01585	0.01361	0.05169	0.01508	0.01056	0.39033	0.02112	0.06619	0.09465	0.02137	0.07193	0.00882	0.00838	0.00196	0.13070	0.00656	0.03110	0.00858
8	0.01423	0.01255	0.01865	0.39151	0.14161	0.01488	0.01504	0.15184	0.01490	0.02007	0.01146	0.01606	0.00917	0.03575	0.00866	0.00215	0.10494	0.00548	0.00339	0.00767
9	0.01498	0.43997	0.24014	0.01298	0.01904	0.01858	0.05058	0.01854	0.01271	0.05661	0.01118	0.04347	0.00950	0.00598	0.00486	0.00158	0.00711	0.00451	0.00300	0.02468
10	0.01532	0.01459	0.05896	0.03159	0.59553	0.01371	0.01698	0.05749	0.01462	0.05624	0.01497	0.01755	0.05301	0.00616	0.00602	0.00181	0.00687	0.00578	0.00349	0.00931
11	0.00733	0.00524	0.00698	0.00838	0.00873	0.00489	0.00558	0.00838	0.01152	0.01536	0.03316	0.78466	0.03979	0.01885	0.00768	0.00244	0.00349	0.01710	0.00558	0.00489
12	0.00733	0.00524	0.00698	0.00838	0.00873	0.00489	0.00558	0.00838	0.01152	0.01536	0.03316	0.78466	0.03979	0.01885	0.00768	0.00244	0.00349	0.01710	0.00558	0.00489
13	0.01193	0.01012	0.01190	0.00885	0.01367	0.00769	0.00697	0.01443	0.01237	0.01916	0.01306	0.09376	0.01216	0.00597	0.00479	0.00105	0.00435	0.00499	0.00378	0.73899
14	0.01716	0.66726	0.02928	0.01097	0.01596	0.06664	0.01049	0.09215	0.01417	0.01665	0.00905	0.01022	0.00798	0.00542	0.00417	0.00136	0.00671	0.00348	0.00296	0.00794
15	0.01045	0.00530	0.00754	0.00754	0.00769	0.00530	0.00504	0.00853	0.00839	0.01177	0.01184	0.01977	0.01154	0.05764	0.02183	0.69752	0.00500	0.00544	0.08891	0.00298
16	0.01419	0.01239	0.01361	0.01011	0.01505	0.04676	0.00812	0.09786	0.01437	0.02124	0.01093	0.01265	0.00896	0.00514	0.00538	0.00111	0.04031	0.00387	0.00378	0.65418

[dist]
# distance from previous block
# <min> <max>
0	7

[block]
# block no. 5 follows, 38 sequences, length 57
# corresponding to MSA columns:
# 306-335,356-382
name=unknown_F
#
# <colnr> <probs for GDERKNQSTAVLIFYWHMCP>
#	G	D	E	R	K	N	Q	S	T	A	V	L	I	F	Y	W	H	M	C	P
0	0.00782	0.00594	0.00720	0.00728	0.00866	0.00532	0.00531	0.00986	0.01481	0.01977	0.37874	0.20704	0.27115	0.01462	0.00722	0.00205	0.00304	0.01278	0.00607	0.00532
1	0.01367	0.04209	0.01379	0.00947	0.01475	0.00972	0.00769	0.08793	0.01407	0.02125	0.01098	0.01256	0.00900	0.00476	0.00459	0.00100	0.00475	0.00374	0.00377	0.71041
2	0.01504	0.01548	0.15827	0.04448	0.01972	0.01134	0.08062	0.04646	0.01373	0.12457	0.01266	0.01429	0.00948	0.00578	0.00639	0.00154	0.06089	0.00469	0.00387	0.35068
3	0.32805	0.43805	0.02180	0.00976	0.01422	0.07400	0.00895	0.01833	0.01182	0.01910	0.00844	0.00978	0.00726	0.00539	0.00392	0.00153	0.00608	0.00328	0.00305	0.00720
4	0.01235	0.00850	0.01020	0.00969	0.01178	0.00883	0.00746	0.01844	0.21475	0.10081	0.12928	0.09187	0.07901	0.10345	0.06764	0.00315	0.00541	0.10484	0.00568	0.00687
5	0.01232	0.01050	0.01221	0.00909	0.01401	0.00827	0.00719	0.01581	0.05911	0.01970	0.01296	0.06051	0.01141	0.00558	0.00476	0.00106	0.00442	0.00460	0.00385	0.72265
6	0.01191	0.00919	0.01270	0.00982	0.01349	0.00792	0.10751	0.01495	0.01300	0.02074	0.04675	0.01950	0.03473	0.00616	0.00492	0.00132	0.00451	0.00542	0.31839	0.33707
7	0.01071	0.00883	0.01050	0.00837	0.01213	0.00698	0.00647	0.01314	0.01334	0.01973	0.15996	0.11081	0.07838	0.00845	0.00554	0.00135	0.00392	0.00723	0.00454	0.50960
8	0.01231	0.01105	0.01365	0.01056	0.01427	0.01060	0.00857	0.01455	0.01169	0.01803	0.01317	0.01557	0.05611	0.00676	0.00869	0.00143	0.20981	0.00460	0.00345	0.55515
9	0.01258	0.01045	0.01154	0.01065	0.01326	0.01161	0.00815	0.02441	0.48343	0.02406	0.22079	0.09259	0.03055	0.01018	0.00652	0.00203	0.00413	0.00877	0.00621	0.00809
10	0.00733	0.00524	0.00698	0.00838	0.00873	0.00489	0.00558	0.00838	0.01152	0.01536	0.03316	0.78466	0.03979	0.01885	0.00768	0.00244	0.00349	0.01710	0.00558	0.00489
11	0.00847	0.00615	0.00798	0.00752	0.00896	0.00566	0.00564	0.01127	0.01693	0.02388	0.72696	0.04533	0.07784	0.01239	0.00710	0.00190	0.00284	0.01093	0.00659	0.00566
12	0.00744	0.00537	0.00705	0.00819	0.00872	0.00498	0.00555	0.00870	0.01219	0.01630	0.10826	0.67486	0.07410	0.01800	0.00759	0.00237	0.00340	0.01626	0.00569	0.00498
13	0.05526	0.64268	0.02793	0.01024	0.01525	0.02116	0.00991	0.01964	0.01286	0.12232	0.01060	0.01123	0.00871	0.00550	0.00417	0.00140	0.00616	0.00363	0.00333	0.00803
14	0.00771	0.00547	0.00714	0.00803	0.00855	0.00514	0.00540	0.00898	0.01228	0.01664	0.16838	0.56467	0.04115	0.09865	0.00998	0.00269	0.00361	0.01503	0.00558	0.00491
15	0.01263	0.13836	0.65513	0.01618	0.02454	0.01536	0.02055	0.01891	0.01263	0.01836	0.01045	0.01227	0.00763	0.00564	0.00545	0.00182	0.00854	0.00427	0.00254	0.00873
16	0.08895	0.48235	0.05553	0.04971	0.01744	0.16128	0.01112	0.01891	0.01286	0.01567	0.00874	0.01045	0.00764	0.00563	0.00487	0.00149	0.03357	0.00357	0.00278	0.00743
17	0.01373	0.01163	0.01254	0.01135	0.01437	0.01319	0.00879	0.02802	0.60185	0.02497	0.16286	0.02675	0.02571	0.00895	0.00631	0.00201	0.00439	0.00758	0.00622	0.00879
18	0.00733	0.00524	0.00698	0.00838	0.00873	0.00489	0.00558	0.00838	0.01152	0.01536	0.03316	0.78466	0.03979	0.01885	0.00768	0.00244	0.00349	0.01710	0.00558	0.00489
19	0.00845	0.00592	0.00770	0.00782	0.00897	0.00553	0.00576	0.01083	0.01519	0.02149	0.48477	0.23155	0.04871	0.01383	0.00712	0.00204	0.00314	0.04708	0.05862	0.00547
20	0.06550	0.01340	0.01682	0.06010	0.01703	0.05389	0.01204	0.06715	0.01200	0.07956	0.01044	0.01410	0.00887	0.00910	0.01445	0.00232	0.49386	0.00517	0.03708	0.00713
21	0.02127	0.01376	0.01560	0.01242	0.01668	0.01452	0.01016	0.43304	0.06731	0.18672	0.01896	0.06817	0.01476	0.00844	0.00620	0.00189	0.00586	0.04065	0.00619	0.03740
22	0.01399	0.05899	0.34857	0.01413	0.02013	0.01469	0.01514	0.09068	0.26550	0.02255	0.01883	0.01886	0.05707	0.00726	0.00588	0.00192	0.00677	0.00580	0.00430	0.00895
23	0.01024	0.00536	0.00804	0.00804	0.00816	0.00548	0.00548	0.00816	0.00804	0.01084	0.01108	0.01888	0.01096	0.02360	0.10606	0.73418	0.00644	0.00536	0.00268	0.00292
24	0.01716	0.53504	0.02669	0.01142	0.01610	0.02176	0.01059	0.15723	0.07965	0.01975	0.01095	0.01188	0.00916	0.00608	0.00525	0.00152	0.04386	0.00406	0.00356	0.00831
25	0.01282	0.01149	0.01795	0.62989	0.05678	0.01373	0.01568	0.09713	0.01395	0.01827	0.01114	0.01565	0.00836	0.00606	0.00594	0.00192	0.00766	0.00527	0.00311	0.04721
26	0.01400	0.01352	0.02343	0.21441	0.54369	0.01412	0.05356	0.01776	0.01332	0.01860	0.01121	0.01523	0.00914	0.00550	0.00603	0.00185	0.00751	0.00544	0.00291	0.00877
27	0.01075	0.00931	0.01330	0.03497	0.05838	0.01155	0.00984	0.01329	0.04532	0.01481	0.01391	0.02132	0.01323	0.10667	0.36031	0.00609	0.24144	0.00625	0.00320	0.00605
28	0.83108	0.01163	0.00884	0.00791	0.01163	0.01350	0.00651	0.01768	0.01024	0.02699	0.00838	0.00977	0.00651	0.00558	0.00372	0.00186	0.00465	0.00326	0.00372	0.00651
29	0.01045	0.00522	0.00784	0.00784	0.00784	0.00522	0.00522	0.00784	0.00784	0.01045	0.01045	0.01829	0.01045	0.02090	0.02351	0.82497	0.00522	0.00522	0.00261	0.00261
30	0.01136	0.01069	0.01804	0.77412	0.04143	0.01337	0.01671	0.01537	0.01203	0.01537	0.01069	0.01604	0.00802	0.00601	0.00601	0.00200	0.00802	0.00535	0.00267	0.00668
31	0.01305	0.01149	0.01607	0.01391	0.01448	0.01525	0.01146	0.01469	0.01064	0.06302	0.09123	0.01824	0.01448	0.01419	0.09640	0.00325	0.56206	0.00606	0.00344	0.00659
32	0.02593	0.01026	0.01380	0.01065	0.01515	0.00902	0.00877	0.05233	0.01759	0.69424	0.05961	0.02149	0.01683	0.00768	0.00610	0.00186	0.00506	0.00627	0.00736	0.01001
33	0.01472	0.01412	0.02411	0.07281	0.71651	0.01425	0.01838	0.01831	0.01362	0.01944	0.01129	0.01494	0.00946	0.00539	0.00596	0.00180	0.00719	0.00536	0.00296	0.00939
34	0.01136	0.01069	0.01804	0.77412	0.04143	0.01337	0.01671	0.01537	0.01203	0.01537	0.01069	0.01604	0.00802	0.00601	0.00601	0.00200	0.00802	0.00535	0.00267	0.00668
35	0.01247	0.01069	0.01247	0.00891	0.01426	0.00802	0.00713	0.01515	0.01247	0.01960	0.01069	0.01247	0.00891	0.00446	0.00446	0.00089	0.00446	0.00356	0.00356	0.82536
36	0.67440	0.01160	0.01025	0.00912	0.01219	0.01391	0.00751	0.01689	0.01006	0.02457	0.00868	0.01093	0.00712	0.00820	0.04281	0.00235	0.11568	0.00370	0.00354	0.00647
37	0.01150	0.00677	0.00896	0.00814	0.01003	0.00615	0.00620	0.01415	0.01672	0.14472	0.58403	0.08629	0.04878	0.01190	0.00696	0.00192	0.00326	0.01046	0.00669	0.00638
38	0.01540	0.66346	0.15431	0.01145	0.01723	0.02214	0.01231	0.01819	0.01230	0.01498	0.00877	0.01017	0.00770	0.00524	0.00417	0.00139	0.00685	0.00342	0.00257	0.00792
39	0.01363	0.02096	0.36024	0.05784	0.18681	0.01314	0.06819	0.03925	0.01349	0.06428	0.01317	0.04659	0.01050	0.00882	0.05470	0.00241	0.00849	0.00566	0.00325	0.00860
40	0.00859	0.00576	0.00661	0.00677	0.00681	0.00573	0.00386	0.00871	0.00906	0.01208	0.02056	0.12365	0.02390	0.70154	0.02802	0.00545	0.00557	0.00969	0.00386	0.00379
41	0.00755	0.00539	0.00723	0.00863	0.00908	0.00508	0.00597	0.00876	0.01174	0.01560	0.03303	0.71742	0.03930	0.01864	0.00774	0.00247	0.00368	0.08215	0.00558	0.00495
42	0.01305	0.01986	0.30432	0.18332	0.10825	0.01447	0.06895	0.05845	0.02996	0.01896	0.01179	0.03650	0.00938	0.00673	0.00748	0.00201	0.08983	0.00549	0.00303	0.00816
43	0.01510	0.12564	0.22634	0.06211	0.02018	0.01528	0.01362	0.02510	0.32536	0.08381	0.01744	0.01734	0.01290	0.00685	0.00568	0.00188	0.00640	0.00548	0.00451	0.00897
44	0.00810	0.00578	0.00786	0.00925	0.00994	0.00555	0.00692	0.00970	0.01227	0.01621	0.03273	0.55229	0.03811	0.01812	0.00788	0.00255	0.00415	0.24190	0.00557	0.00510
45	0.02250	0.01272	0.01463	0.01142	0.01564	0.01309	0.00937	0.36750	0.02186	0.29119	0.01857	0.01786	0.01271	0.00727	0.00574	0.00176	0.00548	0.00567	0.13552	0.00950
46	0.01307	0.01346	0.02656	0.16816	0.13872	0.01346	0.37646	0.01737	0.01366	0.01839	0.01476	0.02385	0.01286	0.00705	0.00690	0.00210	0.00858	0.11359	0.00334	0.00766
47	0.00930	0.00741	0.01089	0.01117	0.04008	0.00877	0.00823	0.01120	0.00983	0.01419	0.01621	0.06981	0.01596	0.08568	0.55583	0.00786	0.10167	0.00707	0.00332	0.00553
48	0.00859	0.00645	0.00967	0.00967	0.01074	0.00752	0.00752	0.01074	0.00967	0.01396	0.01611	0.02363	0.01504	0.04512	0.76474	0.00967	0.01611	0.00645	0.00322	0.00537
49	0.01207	0.03112	0.75741	0.01715	0.02604	0.01397	0.02223	0.01905	0.01270	0.01905	0.01080	0.01270	0.00762	0.00572	0.00572	0.00191	0.00889	0.00445	0.00254	0.00889
50	0.00711	0.00609	0.00609	0.00609	0.00813	0.00508	0.00457	0.00863	0.01371	0.01625	0.06094	0.05789	0.74862	0.01524	0.00711	0.00203	0.00305	0.01270	0.00559	0.00508
51	0.00851	0.00615	0.00804	0.00757	0.00899	0.00568	0.00568	0.01135	0.01703	0.02412	0.74788	0.04494	0.05676	0.01230	0.00710	0.00189	0.00284	0.01088	0.00662	0.00568
52	0.00735	0.00569	0.00671	0.00734	0.00850	0.00504	0.00517	0.00877	0.01298	0.01658	0.11421	0.40718	0.33958	0.01669	0.00738	0.00222	0.00324	0.01464	0.00569	0.00504
53	0.00877	0.00595	0.00707	0.00713	0.00732	0.00608	0.00438	0.00915	0.00909	0.01222	0.01921	0.03884	0.02166	0.66618	0.11545	0.00614	0.00702	0.04072	0.00368	0.00393
54	0.02042	0.01563	0.01667	0.01335	0.01772	0.01751	0.01084	0.51441	0.24886	0.03396	0.01755	0.01692	0.01275	0.00751	0.00605	0.00188	0.00604	0.00585	0.00605	0.01001
55	0.01751	0.06461	0.05726	0.01470	0.01987	0.09233	0.13685	0.25310	0.04108	0.02487	0.01233	0.01376	0.00942	0.00587	0.00561	0.00157	0.00718	0.00495	0.00420	0.21292
56	0.07237	0.02296	0.15907	0.01498	0.01996	0.27299	0.04265	0.24275	0.01917	0.05979	0.01195	0.01294	0.00882	0.00640	0.00565	0.00175	0.00845	0.00466	0.00415	0.00853

[dist]
# distance from previous block
# <min> <max>
0	2

[block]
# block no. 6 follows, 38 sequences, length 12
# corresponding to MSA columns:
# 385-396
name=unknown_G
#
# <colnr> <probs for GDERKNQSTAVLIFYWHMCP>
#	G	D	E	R	K	N	Q	S	T	A	V	L	I	F	Y	W	H	M	C	P
0	0.50459	0.01048	0.01115	0.00975	0.01289	0.01160	0.06666	0.01571	0.01069	0.02251	0.01235	0.01881	0.01121	0.07271	0.11228	0.00331	0.00685	0.05559	0.00372	0.02716
1	0.09391	0.00677	0.00800	0.00819	0.00955	0.00668	0.00608	0.02802	0.01382	0.02013	0.27312	0.25482	0.08337	0.07438	0.00885	0.00245	0.00384	0.08699	0.00560	0.00544
2	0.10877	0.00873	0.01093	0.00918	0.01242	0.00804	0.00730	0.02071	0.01580	0.38977	0.21864	0.08686	0.05794	0.00976	0.00624	0.00192	0.00424	0.00817	0.00659	0.00797
3	0.04406	0.28587	0.42358	0.01519	0.02238	0.01738	0.07748	0.01867	0.01258	0.01771	0.01000	0.01186	0.00774	0.00546	0.00513	0.00171	0.00801	0.00421	0.00264	0.00834
4	0.01192	0.02144	0.41785	0.01328	0.02024	0.01107	0.01523	0.01696	0.01298	0.01968	0.07193	0.01529	0.01218	0.00579	0.00536	0.00153	0.00674	0.00465	0.00326	0.31262
5	0.00816	0.00597	0.00726	0.00715	0.00844	0.00542	0.00516	0.00986	0.01432	0.01917	0.37992	0.10781	0.25105	0.07468	0.01013	0.06001	0.00335	0.01136	0.00572	0.00506
6	0.00846	0.00640	0.00790	0.00806	0.00946	0.00605	0.00602	0.01149	0.05871	0.02015	0.34760	0.21879	0.18031	0.01448	0.00728	0.00213	0.00337	0.07166	0.00606	0.00560
7	0.01483	0.01118	0.01467	0.01260	0.01509	0.06192	0.08348	0.01906	0.11899	0.14567	0.09786	0.08922	0.02109	0.01338	0.06819	0.05261	0.09668	0.05134	0.00495	0.00718
8	0.03730	0.01469	0.04066	0.06087	0.26805	0.01476	0.06411	0.22222	0.06224	0.13264	0.01476	0.01601	0.01082	0.00639	0.00602	0.00185	0.00680	0.00561	0.00468	0.00950
9	0.00748	0.00543	0.00710	0.00837	0.00894	0.00505	0.00579	0.00868	0.01187	0.01562	0.03542	0.67285	0.09945	0.01838	0.00767	0.00243	0.00360	0.06536	0.00558	0.00495
10	0.01698	0.68532	0.02950	0.01102	0.01588	0.12748	0.01048	0.01885	0.01290	0.01423	0.00849	0.00982	0.00772	0.00529	0.00408	0.00132	0.00705	0.00331	0.00265	0.00762
11	0.01477	0.01314	0.01888	0.06704	0.21322	0.01284	0.06342	0.12372	0.01504	0.02172	0.01133	0.01395	0.00916	0.00567	0.00642	0.00154	0.05908	0.00480	0.00362	0.32063

[dist]
# distance from previous block
# <min> <max>
0	12

[block]
# block no. 7 follows, 38 sequences, length 19
# corresponding to MSA columns:
# 409-427
name=unknown_H
#
# <colnr> <probs for GDERKNQSTAVLIFYWHMCP>
#	G	D	E	R	K	N	Q	S	T	A	V	L	I	F	Y	W	H	M	C	P
0	0.35215	0.01787	0.13404	0.03473	0.02126	0.09654	0.22415	0.01900	0.01259	0.02183	0.01004	0.01242	0.00764	0.00553	0.00528	0.00189	0.00770	0.00470	0.00324	0.00741
1	0.01151	0.00814	0.00923	0.12640	0.01407	0.04175	0.00731	0.01558	0.07740	0.02056	0.07763	0.06515	0.01886	0.00985	0.04203	0.00206	0.00483	0.00670	0.43478	0.00614
2	0.01486	0.00787	0.00966	0.00851	0.01141	0.00696	0.00680	0.01741	0.03852	0.28301	0.11830	0.04273	0.32926	0.01201	0.00679	0.00202	0.00402	0.06631	0.00638	0.00718
3	0.01347	0.00870	0.01231	0.01130	0.01351	0.00851	0.06625	0.08418	0.01463	0.13303	0.02562	0.17314	0.02615	0.12838	0.01084	0.00287	0.00563	0.24954	0.00541	0.00654
4	0.01401	0.01366	0.01951	0.01626	0.01705	0.01823	0.05976	0.07269	0.01108	0.01668	0.00870	0.01347	0.00817	0.00991	0.01781	0.00253	0.66518	0.00540	0.00293	0.00698
5	0.01127	0.01000	0.01460	0.27557	0.08191	0.01171	0.01192	0.01638	0.12507	0.01774	0.07949	0.05727	0.06081	0.01413	0.12006	0.00319	0.07088	0.00716	0.00395	0.00689
6	0.00740	0.00532	0.00702	0.00825	0.00872	0.00494	0.00556	0.00858	0.01195	0.01596	0.08076	0.71161	0.06505	0.01830	0.00762	0.00239	0.00343	0.01655	0.00565	0.00494
7	0.13974	0.00919	0.01066	0.00967	0.01187	0.01021	0.00746	0.10148	0.07120	0.07002	0.01637	0.02261	0.01450	0.14950	0.32297	0.00574	0.00986	0.00620	0.00423	0.00652
8	0.01334	0.01185	0.01840	0.61518	0.07733	0.01424	0.01599	0.12659	0.01464	0.01911	0.01131	0.01573	0.00845	0.00617	0.00601	0.00196	0.00775	0.00536	0.00321	0.00739
9	0.01557	0.38782	0.30196	0.01368	0.01991	0.13503	0.01498	0.01934	0.01315	0.01608	0.00942	0.01098	0.00769	0.00552	0.00480	0.00156	0.00804	0.00378	0.00264	0.00804
10	0.10386	0.01425	0.07455	0.01191	0.01679	0.01305	0.01048	0.27111	0.01990	0.35631	0.01783	0.01673	0.01186	0.00703	0.00574	0.00183	0.00584	0.00541	0.02585	0.00965
11	0.01628	0.01181	0.01299	0.01154	0.01489	0.01311	0.00900	0.02961	0.56094	0.13783	0.02463	0.06201	0.01883	0.00856	0.00612	0.00201	0.00467	0.00718	0.03876	0.00923
12	0.01138	0.01362	0.13122	0.27283	0.04636	0.01311	0.02763	0.01481	0.01182	0.01659	0.07174	0.06481	0.01477	0.01089	0.05640	0.00264	0.18992	0.01942	0.00324	0.00682
13	0.01150	0.00683	0.00929	0.00878	0.01005	0.00716	0.00642	0.01295	0.01053	0.12821	0.01825	0.02845	0.01732	0.29004	0.39940	0.00716	0.01094	0.00716	0.00402	0.00554
14	0.01120	0.01120	0.07367	0.14289	0.06522	0.01082	0.03127	0.06741	0.01339	0.01823	0.09149	0.08903	0.10444	0.07655	0.07622	0.00305	0.08548	0.01783	0.00407	0.00653
15	0.16817	0.17360	0.01982	0.06110	0.06633	0.31006	0.05096	0.02086	0.04591	0.01794	0.00999	0.01180	0.00819	0.00583	0.00499	0.00165	0.00811	0.00412	0.00321	0.00736
16	0.61310	0.01374	0.01395	0.01140	0.01550	0.06503	0.11922	0.05037	0.01213	0.02545	0.00930	0.01106	0.00717	0.00562	0.00447	0.00186	0.00601	0.00399	0.00368	0.00696
17	0.01438	0.01116	0.07316	0.04742	0.11348	0.00977	0.01047	0.01878	0.09534	0.17951	0.14909	0.14380	0.06514	0.01017	0.00691	0.00201	0.02743	0.00878	0.00542	0.00779
18	0.01222	0.01148	0.01594	0.01426	0.01474	0.01534	0.01187	0.01454	0.04208	0.01544	0.01321	0.02316	0.01325	0.01500	0.09564	0.00337	0.54384	0.11490	0.00330	0.00642

[dist]
# distance from previous block
# <min> <max>
0	1

[block]
# block no. 8 follows, 38 sequences, length 22
# corresponding to MSA columns:
# 429-450
name=unknown_I
#
# <colnr> <probs for GDERKNQSTAVLIFYWHMCP>
#	G	D	E	R	K	N	Q	S	T	A	V	L	I	F	Y	W	H	M	C	P
0	0.00887	0.00627	0.00819	0.04571	0.01058	0.00603	0.00631	0.01150	0.01528	0.02172	0.46496	0.12553	0.07448	0.01257	0.00687	0.00198	0.00338	0.06498	0.09921	0.00560
1	0.01529	0.01442	0.02410	0.03578	0.71469	0.01451	0.01811	0.05384	0.01442	0.02056	0.01147	0.01487	0.00956	0.00545	0.00596	0.00179	0.00712	0.00536	0.00313	0.00956
2	0.01576	0.73872	0.03060	0.06256	0.01722	0.02309	0.01073	0.01783	0.01221	0.01424	0.00852	0.01009	0.00774	0.00521	0.00401	0.00134	0.00654	0.00336	0.00258	0.00765
3	0.00733	0.00524	0.00698	0.00838	0.00873	0.00489	0.00558	0.00838	0.01152	0.01536	0.03316	0.78466	0.03979	0.01885	0.00768	0.00244	0.00349	0.01710	0.00558	0.00489
4	0.03726	0.06986	0.04937	0.05144	0.01901	0.08564	0.01145	0.37244	0.07773	0.14308	0.01532	0.01526	0.01089	0.00694	0.00577	0.00179	0.00675	0.00524	0.00538	0.00939
5	0.01649	0.01395	0.01665	0.08841	0.18678	0.11504	0.01179	0.05864	0.01450	0.11540	0.01358	0.01765	0.01120	0.05983	0.00790	0.00193	0.03842	0.02395	0.00395	0.18393
6	0.00805	0.00579	0.00779	0.00912	0.00986	0.00552	0.00682	0.00965	0.01232	0.01621	0.03384	0.53444	0.06585	0.01802	0.00785	0.00253	0.00411	0.23157	0.00557	0.00510
7	0.02247	0.02867	0.01705	0.01550	0.01860	0.76443	0.01162	0.02402	0.01705	0.01472	0.00930	0.01085	0.00775	0.00620	0.00542	0.00155	0.01085	0.00387	0.00310	0.00697
8	0.01136	0.01069	0.01804	0.77412	0.04143	0.01337	0.01671	0.01537	0.01203	0.01537	0.01069	0.01604	0.00802	0.00601	0.00601	0.00200	0.00802	0.00535	0.00267	0.00668
9	0.01680	0.48837	0.02500	0.01116	0.01590	0.17927	0.01001	0.01878	0.01330	0.01526	0.00898	0.01041	0.00794	0.00525	0.00430	0.00127	0.00702	0.00342	0.00286	0.15470
10	0.00821	0.00623	0.00772	0.00835	0.00959	0.00582	0.00616	0.01053	0.04417	0.01745	0.11962	0.38824	0.19397	0.01617	0.00743	0.00228	0.00369	0.11216	0.00567	0.02655
11	0.04911	0.01622	0.05911	0.29533	0.22819	0.12507	0.01568	0.10447	0.01516	0.01986	0.01102	0.01433	0.00858	0.00597	0.00580	0.00184	0.00794	0.00501	0.00326	0.00805
12	0.01304	0.01304	0.02369	0.36610	0.22426	0.01433	0.17805	0.01701	0.01279	0.01733	0.01102	0.01561	0.00866	0.00590	0.00706	0.00199	0.05381	0.00574	0.00283	0.00775
13	0.00818	0.00654	0.00739	0.00727	0.00913	0.00594	0.00557	0.01105	0.05394	0.01942	0.28013	0.05250	0.43259	0.01400	0.00714	0.00204	0.00325	0.06244	0.00595	0.00555
14	0.00784	0.00608	0.00713	0.00697	0.00860	0.00537	0.00519	0.01001	0.01528	0.02022	0.40966	0.09045	0.35770	0.01393	0.00713	0.00198	0.00296	0.01201	0.00611	0.00537
15	0.00879	0.00611	0.00736	0.00729	0.00884	0.00555	0.00540	0.01087	0.01442	0.04735	0.29804	0.16736	0.26577	0.01512	0.03937	0.00232	0.00366	0.01170	0.06918	0.00551
16	0.00744	0.00585	0.00672	0.00705	0.00847	0.00513	0.00508	0.00906	0.01366	0.01744	0.17943	0.27413	0.40763	0.01578	0.00728	0.00213	0.00314	0.01369	0.00578	0.00513
17	0.01608	0.79220	0.03152	0.01029	0.01544	0.02380	0.01029	0.01801	0.01222	0.01415	0.00836	0.00965	0.00772	0.00515	0.00386	0.00129	0.00643	0.00322	0.00257	0.00772
18	0.01572	0.58267	0.02862	0.01302	0.05581	0.02195	0.02997	0.03632	0.03314	0.01555	0.00918	0.01107	0.00825	0.00602	0.00632	0.00155	0.11038	0.00387	0.00281	0.00779
19	0.01748	0.40962	0.08138	0.01397	0.06813	0.19913	0.01192	0.06819	0.01464	0.01703	0.00987	0.01141	0.00834	0.00568	0.00469	0.00147	0.00759	0.00387	0.03775	0.00784
20	0.01444	0.07866	0.06572	0.03242	0.04385	0.01018	0.00930	0.01733	0.01305	0.10844	0.01272	0.03442	0.01029	0.00543	0.00487	0.00122	0.00518	0.00438	0.00389	0.52420
21	0.01757	0.09288	0.27128	0.03158	0.06867	0.01301	0.01433	0.06352	0.04039	0.24414	0.01686	0.07164	0.01286	0.00730	0.00584	0.00186	0.00670	0.00596	0.00462	0.00899

[dist]
# distance from previous block
# <min> <max>
0	1

[block]
# block no. 9 follows, 38 sequences, length 18
# corresponding to MSA columns:
# 452-469
name=unknown_J
#
# <colnr> <probs for GDERKNQSTAVLIFYWHMCP>
#	G	D	E	R	K	N	Q	S	T	A	V	L	I	F	Y	W	H	M	C	P
0	0.01122	0.04040	0.00999	0.00872	0.01026	0.04220	0.00649	0.05857	0.01328	0.04712	0.14111	0.08638	0.06678	0.21121	0.14505	0.00425	0.00693	0.03957	0.04484	0.00564
1	0.01523	0.01493	0.02897	0.02100	0.02643	0.01423	0.51311	0.10891	0.01627	0.05150	0.07667	0.01849	0.01362	0.00604	0.00680	0.00193	0.00860	0.00701	0.00393	0.04634
2	0.00819	0.00597	0.00813	0.00988	0.04360	0.00573	0.00654	0.00948	0.01162	0.01550	0.03027	0.55754	0.03551	0.10929	0.01041	0.00286	0.00423	0.11497	0.00523	0.00505
3	0.01446	0.01622	0.02894	0.02156	0.02592	0.08664	0.49100	0.01822	0.01326	0.01752	0.01160	0.01669	0.00961	0.05684	0.01063	0.00233	0.14151	0.00658	0.00302	0.00745
4	0.01251	0.01075	0.01311	0.01110	0.06629	0.00864	0.00807	0.01584	0.04565	0.01967	0.01276	0.03956	0.01119	0.00554	0.00486	0.00112	0.00466	0.02688	0.00377	0.67802
5	0.19331	0.09297	0.38982	0.06293	0.02178	0.01481	0.01587	0.05165	0.04297	0.04571	0.01120	0.01274	0.00822	0.00588	0.00517	0.00185	0.00728	0.00433	0.00328	0.00825
6	0.02203	0.02793	0.01711	0.01551	0.01846	0.72888	0.01170	0.02357	0.01667	0.01471	0.00923	0.01096	0.00776	0.00641	0.00611	0.00160	0.04739	0.00394	0.00308	0.00696
7	0.16544	0.00924	0.01094	0.00961	0.01254	0.00929	0.00760	0.02039	0.06105	0.30067	0.07483	0.16506	0.02157	0.00999	0.00653	0.00202	0.03534	0.02618	0.04399	0.00769
8	0.00728	0.00600	0.00639	0.00651	0.00828	0.00512	0.00480	0.00888	0.01380	0.01696	0.12820	0.13933	0.59697	0.01535	0.00717	0.00206	0.00308	0.01301	0.00569	0.00512
9	0.01143	0.00980	0.01374	0.20516	0.12653	0.01008	0.01065	0.01558	0.08314	0.01811	0.02067	0.08904	0.09410	0.04328	0.01998	0.00208	0.00568	0.00719	0.06385	0.14992
10	0.00785	0.00610	0.00713	0.00693	0.00859	0.00538	0.00518	0.01004	0.01538	0.02033	0.41850	0.07129	0.36807	0.01380	0.00712	0.00197	0.00295	0.01187	0.00613	0.00538
11	0.01423	0.01331	0.02094	0.04412	0.49515	0.01284	0.03046	0.01852	0.06173	0.01991	0.01205	0.01487	0.00993	0.00534	0.00563	0.00160	0.00643	0.00506	0.00332	0.20457
12	0.01574	0.01091	0.01303	0.00949	0.01468	0.00870	0.00767	0.05302	0.01415	0.16034	0.01336	0.01409	0.01011	0.00516	0.00484	0.00112	0.00469	0.00413	0.00442	0.63035
13	0.00865	0.00622	0.00855	0.00855	0.00923	0.00691	0.00612	0.01002	0.00934	0.01313	0.01714	0.02931	0.01751	0.31357	0.49966	0.00828	0.01240	0.00728	0.00338	0.00475
14	0.01443	0.13647	0.08294	0.04467	0.04927	0.03697	0.01102	0.09154	0.28172	0.02175	0.03991	0.11055	0.03625	0.00868	0.00593	0.00190	0.00575	0.00718	0.00480	0.00828
15	0.01681	0.52181	0.02540	0.01132	0.01554	0.20842	0.01012	0.01858	0.01346	0.01445	0.01225	0.05588	0.04121	0.00662	0.00461	0.00145	0.00723	0.00457	0.00301	0.00726
16	0.29277	0.01196	0.05385	0.01041	0.04535	0.01046	0.00842	0.01822	0.01278	0.13130	0.05960	0.01496	0.01203	0.00590	0.00475	0.00153	0.00488	0.00443	0.00431	0.29211
17	0.01706	0.05903	0.01854	0.21361	0.05462	0.13092	0.06099	0.06966	0.15137	0.10772	0.01487	0.01631	0.01105	0.00649	0.00583	0.00181	0.00727	0.00540	0.00425	0.04319

[dist]
# distance from previous block
# <min> <max>
0	4

[block]
# block no. 10 follows, 38 sequences, length 21
# corresponding to MSA columns:
# 474-494
name=unknown_K
#
# <colnr> <probs for GDERKNQSTAVLIFYWHMCP>
#	G	D	E	R	K	N	Q	S	T	A	V	L	I	F	Y	W	H	M	C	P
0	0.01244	0.01194	0.02034	0.52592	0.16749	0.01389	0.07103	0.01698	0.04653	0.01688	0.01149	0.01606	0.00886	0.00605	0.00648	0.00199	0.02973	0.00555	0.00292	0.00744
1	0.03122	0.15076	0.12963	0.01282	0.01752	0.03573	0.01192	0.14794	0.18315	0.13271	0.01637	0.03345	0.01239	0.00728	0.00638	0.00185	0.04961	0.00549	0.00482	0.00896
2	0.01608	0.79220	0.03152	0.01029	0.01544	0.02380	0.01029	0.01801	0.01222	0.01415	0.00836	0.00965	0.00772	0.00515	0.00386	0.00129	0.00643	0.00322	0.00257	0.00772
3	0.01460	0.07133	0.01916	0.26901	0.10060	0.07871	0.02793	0.05617	0.15236	0.01864	0.01292	0.01574	0.01022	0.00701	0.00783	0.00198	0.11904	0.00537	0.00356	0.00781
4	0.01597	0.01651	0.19782	0.01318	0.01806	0.01269	0.04316	0.15461	0.14497	0.12431	0.14979	0.02213	0.02020	0.00899	0.02850	0.00214	0.00639	0.00660	0.00527	0.00871
5	0.00733	0.00524	0.00698	0.00838	0.00873	0.00489	0.00558	0.00838	0.01152	0.01536	0.03316	0.78466	0.03979	0.01885	0.00768	0.00244	0.00349	0.01710	0.00558	0.00489
6	0.01346	0.01797	0.27181	0.03521	0.24438	0.01216	0.01591	0.01841	0.05623	0.07390	0.01520	0.07194	0.01312	0.06849	0.04344	0.00258	0.00753	0.00633	0.00359	0.00833
7	0.01572	0.47786	0.06192	0.13413	0.08961	0.09982	0.01279	0.01833	0.01287	0.01516	0.00922	0.01142	0.00794	0.00544	0.00465	0.00150	0.00734	0.00388	0.00268	0.00770
8	0.00738	0.00548	0.00690	0.00801	0.00875	0.00501	0.00553	0.00859	0.01207	0.01565	0.03890	0.60503	0.18746	0.01801	0.00758	0.00237	0.00348	0.04329	0.00558	0.00495
9	0.01027	0.00777	0.00897	0.06478	0.01244	0.00757	0.00673	0.01455	0.12876	0.07329	0.09911	0.09891	0.41832	0.01289	0.00683	0.00204	0.00386	0.01091	0.00567	0.00632
10	0.07332	0.01076	0.01220	0.00884	0.01406	0.00843	0.00708	0.01534	0.01231	0.02015	0.01052	0.01227	0.00873	0.00454	0.00440	0.00096	0.00447	0.00354	0.00358	0.76450
11	0.00848	0.00572	0.00664	0.00691	0.00698	0.00565	0.00402	0.00868	0.00928	0.01237	0.02168	0.18251	0.02531	0.64074	0.02621	0.00518	0.00538	0.01035	0.00402	0.00388
12	0.00745	0.00529	0.00694	0.00822	0.00854	0.00497	0.00542	0.00841	0.01128	0.01504	0.03193	0.72025	0.03824	0.08537	0.00966	0.00274	0.00369	0.01638	0.00542	0.00478
13	0.01129	0.01299	0.13589	0.07355	0.15152	0.00993	0.07333	0.01478	0.01397	0.04798	0.14331	0.08642	0.18053	0.00981	0.00659	0.00197	0.00581	0.00875	0.00442	0.00718
14	0.02166	0.07541	0.20249	0.01239	0.01807	0.01165	0.01236	0.02603	0.06001	0.46847	0.01935	0.01781	0.01273	0.00688	0.00580	0.00184	0.00615	0.00548	0.00576	0.00966
15	0.00758	0.00566	0.00697	0.00783	0.00872	0.00517	0.00550	0.00890	0.01239	0.01604	0.07822	0.46656	0.22168	0.06067	0.00883	0.00252	0.00361	0.06266	0.00553	0.00495
16	0.09171	0.00962	0.01222	0.00981	0.01359	0.00887	0.00796	0.05313	0.01703	0.48042	0.20221	0.02539	0.02439	0.00848	0.00611	0.00187	0.00457	0.00698	0.00686	0.00878
17	0.01488	0.01567	0.09614	0.11819	0.17208	0.08143	0.01404	0.13516	0.05009	0.02165	0.07071	0.03586	0.01612	0.00821	0.00704	0.00199	0.05032	0.07827	0.00412	0.00802
18	0.10029	0.06877	0.50576	0.07382	0.02493	0.01474	0.05198	0.05776	0.01329	0.02039	0.01066	0.01273	0.00775	0.00574	0.00550	0.00187	0.00817	0.00450	0.00289	0.00844
19	0.34354	0.07537	0.01583	0.15271	0.09786	0.18958	0.01113	0.01885	0.01267	0.02024	0.00933	0.01170	0.00749	0.00575	0.00479	0.00176	0.00711	0.00400	0.00322	0.00707
20	0.01029	0.00754	0.01077	0.00939	0.01146	0.00724	0.04630	0.01303	0.01501	0.06247	0.45307	0.03524	0.05285	0.01651	0.13360	0.00314	0.02892	0.00897	0.00553	0.06866

[dist]
# distance from previous block
# <min> <max>
0	1

[block]
# block no. 11 follows, 38 sequences, length 11
# corresponding to MSA columns:
# 496-506
name=unknown_L
#
# <colnr> <probs for GDERKNQSTAVLIFYWHMCP>
#	G	D	E	R	K	N	Q	S	T	A	V	L	I	F	Y	W	H	M	C	P
0	0.03464	0.10189	0.01962	0.06600	0.07551	0.01409	0.09260	0.14285	0.07856	0.15106	0.01606	0.01910	0.01247	0.00690	0.00583	0.00178	0.00636	0.05062	0.00474	0.09934
1	0.01676	0.71075	0.02998	0.01085	0.01578	0.10281	0.01044	0.01865	0.01274	0.01421	0.00846	0.00978	0.00772	0.00526	0.00403	0.00131	0.00690	0.00329	0.00263	0.00764
2	0.00840	0.00605	0.00734	0.00711	0.00813	0.00572	0.00492	0.01008	0.01350	0.01845	0.37800	0.04404	0.14159	0.27163	0.04658	0.00354	0.00442	0.01024	0.00535	0.00490
3	0.01238	0.01101	0.01490	0.31965	0.02548	0.01119	0.01136	0.01766	0.11730	0.01869	0.01268	0.01536	0.00991	0.00562	0.00533	0.00151	0.00594	0.00475	0.00357	0.37569
4	0.06462	0.05964	0.05598	0.01920	0.19296	0.10490	0.08293	0.05561	0.01468	0.10298	0.03401	0.06081	0.01324	0.00726	0.00645	0.00183	0.03890	0.02791	0.00401	0.05208
5	0.01027	0.00805	0.04876	0.00868	0.01071	0.00674	0.00696	0.01370	0.05907	0.08147	0.41546	0.18879	0.09222	0.01281	0.00699	0.00202	0.00361	0.01126	0.00616	0.00626
6	0.00742	0.00552	0.00695	0.00804	0.00882	0.00505	0.00561	0.00868	0.01214	0.01571	0.03915	0.58275	0.19449	0.01792	0.00759	0.00237	0.00352	0.05771	0.00558	0.00497
7	0.14958	0.03480	0.09687	0.14579	0.06334	0.01247	0.04266	0.06804	0.01488	0.27048	0.01629	0.01688	0.02876	0.00661	0.00564	0.00188	0.00637	0.00536	0.00477	0.00855
8	0.04166	0.15361	0.21590	0.08159	0.07897	0.01508	0.14606	0.03933	0.01326	0.01890	0.01067	0.01318	0.00834	0.00534	0.00543	0.00166	0.00758	0.00472	0.00299	0.13575
9	0.00888	0.00634	0.00791	0.00785	0.00809	0.00684	0.00511	0.00947	0.00913	0.01253	0.01859	0.07951	0.02073	0.54252	0.18206	0.00625	0.05175	0.00857	0.00362	0.00425
10	0.11639	0.01185	0.01782	0.37726	0.06824	0.01330	0.07608	0.09393	0.01460	0.08922	0.05413	0.01710	0.01166	0.00646	0.00589	0.00194	0.00702	0.00563	0.00388	0.00759

[dist]
# distance from previous block
# <min> <max>
2	10

[block]
# block no. 12 follows, 38 sequences, length 32
# corresponding to MSA columns:
# 517-548
name=unknown_M
#
# <colnr> <probs for GDERKNQSTAVLIFYWHMCP>
#	G	D	E	R	K	N	Q	S	T	A	V	L	I	F	Y	W	H	M	C	P
