[name]
unknown

[dist]
# distance from previous block
# <min> <max>
7	181

[block]
# block no. 0 follows, 43 sequences, length 10
# corresponding to MSA columns:
# 233-242
name=unknown_A
#
# <colnr> <probs for GDERKNQSTAVLIFYWHMCP>
#	G	D	E	R	K	N	Q	S	T	A	V	L	I	F	Y	W	H	M	C	P
0	0.01367	0.01118	0.06196	0.08076	0.04708	0.02756	0.08863	0.04204	0.06389	0.15849	0.03384	0.09003	0.07358	0.03793	0.00739	0.00199	0.04429	0.06289	0.00442	0.04838
1	0.01725	0.04695	0.13960	0.01233	0.01658	0.24197	0.03317	0.04591	0.06464	0.17824	0.01607	0.04618	0.04836	0.00673	0.00532	0.00160	0.00688	0.00524	0.00411	0.06287
2	0.04160	0.04542	0.07662	0.04062	0.03936	0.01070	0.00915	0.12891	0.04746	0.10571	0.17248	0.02575	0.13894	0.00862	0.00657	0.00175	0.06008	0.00690	0.00478	0.02858
3	0.01442	0.05866	0.01469	0.15984	0.01856	0.05420	0.02839	0.12976	0.06478	0.10759	0.01470	0.07541	0.01237	0.02706	0.09593	0.00259	0.03414	0.00581	0.00404	0.07707
4	0.01370	0.01362	0.12625	0.01400	0.09502	0.03694	0.06663	0.10252	0.06356	0.09573	0.06368	0.10492	0.05561	0.00769	0.00565	0.00167	0.00561	0.00669	0.00429	0.11620
5	0.01105	0.06818	0.03287	0.07346	0.01364	0.05807	0.00818	0.01468	0.10946	0.06311	0.02562	0.24529	0.12387	0.01255	0.03748	0.00223	0.03207	0.05766	0.00448	0.00605
6	0.01204	0.04516	0.04840	0.05060	0.05705	0.01063	0.06027	0.08047	0.11279	0.04283	0.11738	0.05495	0.05048	0.11452	0.00918	0.00219	0.03767	0.00680	0.00423	0.08238
7	0.04303	0.00787	0.00853	0.00817	0.00981	0.03751	0.00610	0.04244	0.07702	0.07988	0.06287	0.22659	0.11845	0.06436	0.00787	0.00210	0.03786	0.02284	0.13096	0.00576
8	0.01177	0.01203	0.03813	0.07341	0.08125	0.03723	0.20994	0.01618	0.09154	0.01697	0.04326	0.03380	0.04015	0.03172	0.08032	0.00252	0.06941	0.00608	0.00338	0.10091
9	0.01005	0.00768	0.03852	0.05874	0.01177	0.03082	0.00699	0.01231	0.03300	0.10215	0.17824	0.39767	0.06444	0.01292	0.00649	0.00199	0.00395	0.01145	0.00519	0.00564

[dist]
# distance from previous block
# <min> <max>
0	7

[block]
# block no. 1 follows, 43 sequences, length 7
# corresponding to MSA columns:
# 250-256
name=unknown_B
#
# <colnr> <probs for GDERKNQSTAVLIFYWHMCP>
#	G	D	E	R	K	N	Q	S	T	A	V	L	I	F	Y	W	H	M	C	P
0	0.01280	0.01218	0.05900	0.41448	0.02703	0.04982	0.01292	0.16680	0.01443	0.01864	0.01384	0.05277	0.02931	0.00761	0.00628	0.03046	0.00675	0.05475	0.00347	0.00665
1	0.04339	0.10741	0.16460	0.21541	0.03569	0.03026	0.09350	0.04429	0.04686	0.03510	0.01231	0.05830	0.01048	0.05757	0.00679	0.00196	0.00684	0.00546	0.00311	0.02066
2	0.06677	0.18375	0.12550	0.04581	0.10270	0.02873	0.01122	0.05319	0.14543	0.04786	0.12037	0.01741	0.01576	0.00651	0.00508	0.00163	0.00557	0.00523	0.00392	0.00755
3	0.01227	0.16365	0.25931	0.01199	0.01664	0.03082	0.06151	0.01701	0.09494	0.05292	0.01579	0.01926	0.05972	0.12160	0.03751	0.00245	0.00679	0.00547	0.00332	0.00698
4	0.65601	0.01048	0.00902	0.00763	0.01135	0.01134	0.00626	0.01686	0.01026	0.08751	0.00922	0.01019	0.00697	0.00514	0.00371	0.00159	0.00429	0.00326	0.00370	0.12523
5	0.08758	0.01307	0.01480	0.01378	0.09745	0.01428	0.00996	0.45231	0.07274	0.02842	0.01562	0.12605	0.01347	0.00792	0.00558	0.00176	0.00546	0.00644	0.00500	0.00831
6	0.13099	0.01198	0.01506	0.42057	0.09591	0.09776	0.01267	0.01630	0.05962	0.01647	0.01060	0.01417	0.00834	0.00801	0.05780	0.00224	0.00747	0.00465	0.00291	0.00649

[dist]
# distance from previous block
# <min> <max>
0	1

[block]
# block no. 2 follows, 43 sequences, length 7
# corresponding to MSA columns:
# 258-264
name=unknown_C
#
# <colnr> <probs for GDERKNQSTAVLIFYWHMCP>
#	G	D	E	R	K	N	Q	S	T	A	V	L	I	F	Y	W	H	M	C	P
0	0.01889	0.13744	0.01517	0.00985	0.01364	0.01293	0.00832	0.28127	0.01788	0.23351	0.01577	0.01566	0.01123	0.00636	0.00489	0.00152	0.00496	0.00486	0.17768	0.00817
1	0.01161	0.01243	0.13503	0.41574	0.02719	0.01137	0.01339	0.01656	0.09734	0.06825	0.01311	0.01767	0.01039	0.08789	0.03728	0.00245	0.00706	0.00534	0.00322	0.00667
2	0.04563	0.01057	0.01554	0.40337	0.02670	0.04273	0.06320	0.01699	0.03981	0.13580	0.01267	0.01595	0.00951	0.02614	0.05623	0.00227	0.00719	0.00509	0.00346	0.06115
3	0.14114	0.00675	0.00789	0.00805	0.00974	0.00662	0.00611	0.01115	0.01103	0.04949	0.02527	0.35716	0.08084	0.01510	0.06517	0.00253	0.00463	0.10798	0.00461	0.07875
4	0.01297	0.01023	0.01743	0.60019	0.03353	0.01179	0.07913	0.01650	0.01201	0.13504	0.01187	0.01543	0.00848	0.00567	0.00563	0.00183	0.00713	0.00517	0.00319	0.00679
5	0.14544	0.07423	0.08392	0.18542	0.21355	0.02801	0.01289	0.07210	0.01250	0.05144	0.01038	0.01310	0.00815	0.00687	0.02641	0.03420	0.00658	0.00443	0.00311	0.00727
6	0.03793	0.07153	0.06216	0.06738	0.05056	0.16271	0.23660	0.03842	0.01374	0.14968	0.01191	0.01368	0.00878	0.00566	0.00613	0.00171	0.04534	0.00503	0.00351	0.00753

[dist]
# distance from previous block
# <min> <max>
0	1

[block]
# block no. 3 follows, 43 sequences, length 11
# corresponding to MSA columns:
# 272-282
name=unknown_D
#
# <colnr> <probs for GDERKNQSTAVLIFYWHMCP>
#	G	D	E	R	K	N	Q	S	T	A	V	L	I	F	Y	W	H	M	C	P
0	0.66903	0.01208	0.00920	0.03692	0.01228	0.09892	0.00682	0.01633	0.01027	0.02252	0.00930	0.05838	0.00807	0.00598	0.00391	0.00172	0.00498	0.00392	0.00343	0.00596
1	0.09867	0.00879	0.05770	0.04149	0.09602	0.00788	0.03359	0.01193	0.01087	0.04577	0.02146	0.29532	0.05017	0.12858	0.02483	0.00264	0.00507	0.04952	0.00410	0.00560
2	0.00736	0.00570	0.00675	0.00706	0.00829	0.00528	0.00507	0.00973	0.05742	0.01685	0.21164	0.32895	0.28111	0.01425	0.00668	0.00198	0.00301	0.01249	0.00540	0.00498
3	0.01148	0.00984	0.01148	0.00820	0.01312	0.00738	0.00656	0.01395	0.01148	0.01805	0.00984	0.01148	0.00820	0.00410	0.00410	0.00082	0.00410	0.00328	0.00328	0.83922
4	0.78020	0.01061	0.00851	0.00748	0.01098	0.01209	0.00617	0.01712	0.00993	0.08365	0.00882	0.00977	0.00660	0.00528	0.00360	0.00171	0.00432	0.00320	0.00370	0.00627
5	0.00853	0.00730	0.00997	0.00875	0.01088	0.00690	0.08487	0.01232	0.09978	0.01865	0.29149	0.08764	0.30832	0.01155	0.00647	0.00185	0.00364	0.01019	0.00528	0.00562
6	0.00691	0.00524	0.00637	0.00690	0.00791	0.00470	0.00487	0.00835	0.01229	0.01607	0.19127	0.40900	0.26995	0.01506	0.00679	0.00202	0.00296	0.01328	0.00534	0.00470
7	0.00885	0.00723	0.01125	0.05302	0.01300	0.00771	0.06541	0.01103	0.00956	0.01370	0.01394	0.02084	0.01294	0.09091	0.53867	0.00683	0.01212	0.00580	0.00299	0.09419
8	0.68572	0.01102	0.00976	0.09156	0.01419	0.01281	0.00738	0.07835	0.01101	0.02456	0.00841	0.00998	0.00644	0.00531	0.00383	0.00172	0.00477	0.00337	0.00350	0.00630
9	0.09764	0.03539	0.18461	0.09837	0.10500	0.11857	0.03780	0.11341	0.01433	0.04343	0.05578	0.01399	0.01050	0.00582	0.00517	0.00164	0.00687	0.00463	0.00342	0.04363
10	0.22574	0.31023	0.01857	0.01006	0.01375	0.06075	0.00884	0.07972	0.03744	0.06407	0.00959	0.01077	0.00780	0.00579	0.00554	0.00155	0.08988	0.00366	0.00335	0.03293

[dist]
# distance from previous block
# <min> <max>
3	21

[block]
# block no. 4 follows, 43 sequences, length 11
# corresponding to MSA columns:
# 304-314
name=unknown_E
#
# <colnr> <probs for GDERKNQSTAVLIFYWHMCP>
#	G	D	E	R	K	N	Q	S	T	A	V	L	I	F	Y	W	H	M	C	P
0	0.01430	0.09704	0.13966	0.01370	0.05126	0.08075	0.04833	0.04075	0.08316	0.08616	0.01286	0.06247	0.01082	0.00704	0.00750	0.00173	0.14646	0.00524	0.00353	0.08724
1	0.01734	0.17897	0.05756	0.01407	0.10961	0.14511	0.01069	0.13731	0.01528	0.13660	0.01290	0.05888	0.01053	0.00629	0.00501	0.00151	0.00636	0.00488	0.00394	0.06717
2	0.01524	0.12133	0.26163	0.01413	0.06512	0.04068	0.01342	0.23073	0.05912	0.04672	0.01323	0.07039	0.01079	0.00666	0.00529	0.00168	0.00655	0.00527	0.00386	0.00818
3	0.01365	0.01291	0.04589	0.27827	0.28613	0.06408	0.01417	0.01768	0.05916	0.07210	0.01163	0.01437	0.00896	0.00543	0.00537	0.00165	0.00666	0.00480	0.00317	0.07392
4	0.00809	0.00687	0.00953	0.04746	0.03115	0.00650	0.06032	0.01071	0.03763	0.01745	0.25349	0.09929	0.33329	0.01306	0.03836	0.00214	0.00413	0.01021	0.00498	0.00535
5	0.00803	0.00671	0.05513	0.00843	0.00954	0.00548	0.00650	0.00960	0.01113	0.04500	0.07088	0.56871	0.03270	0.03645	0.05580	0.00267	0.00443	0.05289	0.00491	0.00500
6	0.00793	0.00579	0.00728	0.00718	0.00849	0.00544	0.00539	0.01066	0.04067	0.02012	0.50797	0.13556	0.12273	0.01226	0.00653	0.00185	0.00290	0.05032	0.03576	0.00519
7	0.01424	0.01089	0.01473	0.01492	0.14817	0.01114	0.05311	0.18687	0.09214	0.06337	0.06314	0.07555	0.01626	0.00896	0.02509	0.03513	0.00547	0.04227	0.05020	0.06836
8	0.01029	0.00831	0.00990	0.00944	0.01110	0.00917	0.00729	0.01701	0.27520	0.01952	0.22838	0.10595	0.02999	0.07237	0.00894	0.00227	0.06178	0.10154	0.00524	0.00630
9	0.01357	0.06694	0.06310	0.05875	0.11470	0.06273	0.06392	0.07833	0.01342	0.03239	0.02966	0.01330	0.00954	0.00508	0.00483	0.00131	0.00585	0.00429	0.03152	0.32674
10	0.01236	0.01196	0.05794	0.12208	0.04922	0.01273	0.09831	0.06067	0.18789	0.01761	0.01349	0.01716	0.01105	0.01019	0.04815	0.09694	0.13895	0.02299	0.00351	0.00681

[dist]
# distance from previous block
# <min> <max>
0	6

[block]
# block no. 5 follows, 43 sequences, length 11
# corresponding to MSA columns:
# 321-331
name=unknown_F
#
# <colnr> <probs for GDERKNQSTAVLIFYWHMCP>
#	G	D	E	R	K	N	Q	S	T	A	V	L	I	F	Y	W	H	M	C	P
0	0.01244	0.03800	0.04877	0.24270	0.04868	0.01210	0.06027	0.11068	0.07697	0.03737	0.09209	0.02199	0.06404	0.00754	0.00645	0.00182	0.04874	0.03949	0.00394	0.02594
1	0.05022	0.19130	0.14862	0.01217	0.06493	0.01344	0.01078	0.06221	0.13089	0.10426	0.08317	0.04570	0.04554	0.00706	0.00516	0.00165	0.00540	0.00566	0.00418	0.00766
2	0.00736	0.00551	0.00676	0.04920	0.00900	0.00527	0.00498	0.00846	0.01084	0.01409	0.09709	0.29972	0.20522	0.23641	0.01274	0.00297	0.00389	0.01153	0.00458	0.00437
3	0.01190	0.14112	0.31408	0.01577	0.02145	0.03107	0.22989	0.01628	0.01226	0.01679	0.05611	0.08317	0.01268	0.00643	0.00560	0.00173	0.00745	0.00599	0.00296	0.00727
4	0.02992	0.01053	0.01715	0.56698	0.13557	0.01230	0.03031	0.04522	0.01215	0.05342	0.01082	0.01477	0.00811	0.00556	0.00547	0.00179	0.00696	0.00496	0.02122	0.00681
5	0.01000	0.01917	0.44708	0.04862	0.01887	0.01039	0.01476	0.01441	0.01159	0.01670	0.08583	0.08784	0.01694	0.07866	0.00825	0.00221	0.03631	0.06237	0.00325	0.00675
6	0.00949	0.00800	0.01093	0.01070	0.01141	0.00960	0.00859	0.01185	0.04874	0.01536	0.06939	0.22268	0.02445	0.01542	0.07078	0.00284	0.25467	0.18548	0.00419	0.00544
7	0.01219	0.19328	0.01876	0.38975	0.02600	0.05912	0.04153	0.01630	0.07831	0.01560	0.08591	0.01632	0.01266	0.00608	0.00520	0.00166	0.00654	0.00508	0.00312	0.00658
8	0.01190	0.01161	0.05914	0.29518	0.27202	0.01141	0.06525	0.01523	0.01205	0.05337	0.01541	0.07905	0.06081	0.00682	0.00576	0.00180	0.00653	0.00633	0.00317	0.00715
9	0.00975	0.00844	0.00935	0.04521	0.01143	0.08420	0.00709	0.05379	0.01159	0.01492	0.02202	0.40759	0.02471	0.07489	0.11895	0.00330	0.04511	0.03829	0.00424	0.00513
10	0.08256	0.01226	0.01440	0.07498	0.12753	0.12956	0.03818	0.01487	0.04318	0.01502	0.00974	0.01363	0.00850	0.00951	0.01113	0.21704	0.11603	0.00454	0.00282	0.05453

[dist]
# distance from previous block
# <min> <max>
0	4

[block]
# block no. 6 follows, 43 sequences, length 15
# corresponding to MSA columns:
# 336-350
name=unknown_G
#
# <colnr> <probs for GDERKNQSTAVLIFYWHMCP>
#	G	D	E	R	K	N	Q	S	T	A	V	L	I	F	Y	W	H	M	C	P
0	0.01333	0.04540	0.06942	0.07061	0.01604	0.05071	0.01008	0.08678	0.23707	0.05798	0.01892	0.14940	0.01714	0.00921	0.00691	0.00194	0.07271	0.05458	0.00454	0.00725
1	0.02032	0.04008	0.01666	0.01252	0.01663	0.04984	0.02868	0.53818	0.02253	0.12031	0.03668	0.01453	0.01095	0.00679	0.00603	0.00168	0.03829	0.00512	0.00530	0.00890
2	0.00783	0.00558	0.00670	0.00706	0.00777	0.00536	0.00497	0.00888	0.01061	0.01384	0.08297	0.12242	0.15280	0.37090	0.01657	0.00362	0.00446	0.15907	0.00440	0.00419
3	0.09053	0.06176	0.44499	0.01390	0.02030	0.01249	0.06953	0.04140	0.01279	0.12954	0.04330	0.01388	0.00998	0.00571	0.00521	0.00172	0.00699	0.00461	0.00339	0.00797
4	0.05510	0.02023	0.01509	0.01283	0.01626	0.41642	0.01002	0.26852	0.01876	0.06350	0.01126	0.01200	0.00852	0.00610	0.00510	0.00153	0.00783	0.00420	0.03922	0.00753
5	0.01207	0.01181	0.02013	0.25832	0.02619	0.01276	0.25736	0.01938	0.22360	0.01848	0.06965	0.01844	0.01371	0.00623	0.00597	0.00185	0.00684	0.00621	0.00374	0.00726
6	0.00790	0.00581	0.00752	0.00720	0.00859	0.00525	0.00531	0.01019	0.01441	0.02037	0.57242	0.18324	0.04606	0.01193	0.00646	0.00177	0.00284	0.01061	0.00571	0.06644
7	0.00818	0.00608	0.00836	0.00820	0.00884	0.00688	0.00599	0.00954	0.00906	0.01284	0.06447	0.02702	0.01795	0.27550	0.45542	0.00698	0.05411	0.00680	0.00326	0.00453
8	0.01297	0.36273	0.16588	0.01401	0.08748	0.04748	0.05580	0.01586	0.01144	0.01474	0.01078	0.06961	0.00997	0.00854	0.05889	0.00204	0.03719	0.00481	0.00269	0.00708
9	0.00734	0.00532	0.00697	0.00756	0.00841	0.00495	0.00548	0.00908	0.01278	0.01738	0.30293	0.41337	0.08093	0.01477	0.00690	0.00207	0.00315	0.08031	0.00549	0.00483
10	0.01448	0.06892	0.08363	0.01410	0.03057	0.01382	0.15597	0.13311	0.24802	0.04746	0.05367	0.01697	0.01340	0.00638	0.00578	0.00171	0.01947	0.00564	0.00436	0.06254
11	0.00768	0.00573	0.00716	0.00709	0.00835	0.00534	0.00520	0.01030	0.04321	0.01966	0.49559	0.18911	0.14943	0.01272	0.00660	0.00186	0.00282	0.01121	0.00576	0.00514
12	0.25849	0.15872	0.16166	0.00990	0.01367	0.06280	0.00956	0.01492	0.01061	0.01741	0.01205	0.10426	0.01157	0.06030	0.07041	0.00249	0.00653	0.00528	0.00314	0.00622
13	0.22091	0.39032	0.19977	0.01151	0.04928	0.01702	0.01153	0.01675	0.01096	0.01727	0.00835	0.00979	0.00688	0.00497	0.00401	0.00147	0.00608	0.00333	0.00264	0.00716
14	0.12044	0.07721	0.11713	0.02456	0.02920	0.07129	0.07931	0.12514	0.10874	0.10731	0.01304	0.01400	0.00972	0.00753	0.03789	0.00201	0.03895	0.00476	0.00399	0.00778

[dist]
# distance from previous block
# <min> <max>
0	53

[block]
# block no. 7 follows, 43 sequences, length 13
# corresponding to MSA columns:
# 418-430
name=unknown_H
#
# <colnr> <probs for GDERKNQSTAVLIFYWHMCP>
#	G	D	E	R	K	N	Q	S	T	A	V	L	I	F	Y	W	H	M	C	P
0	0.01270	0.00948	0.01285	0.10153	0.12769	0.00934	0.00924	0.04037	0.10509	0.09826	0.18895	0.03558	0.02081	0.00718	0.00546	0.00157	0.00458	0.00623	0.03767	0.16541
1	0.01106	0.01420	0.20542	0.01207	0.01543	0.01117	0.05095	0.01592	0.11165	0.04419	0.14133	0.02416	0.10381	0.04561	0.00940	0.00209	0.16412	0.00674	0.00396	0.00673
2	0.01096	0.00959	0.01514	0.18153	0.24781	0.01012	0.04134	0.04317	0.04689	0.01702	0.01767	0.26239	0.01787	0.00921	0.00597	0.00188	0.00550	0.00847	0.04076	0.00669
3	0.01302	0.00790	0.00991	0.00895	0.01094	0.00703	0.00669	0.01492	0.01686	0.15692	0.61320	0.03928	0.04596	0.01172	0.00720	0.00211	0.00376	0.00972	0.00684	0.00707
4	0.00767	0.00570	0.00715	0.00759	0.00845	0.00564	0.00538	0.00975	0.05257	0.01505	0.10818	0.33508	0.12321	0.13467	0.11228	0.00348	0.00509	0.04360	0.00472	0.00475
5	0.01115	0.00835	0.01019	0.00849	0.01198	0.00676	0.00682	0.01337	0.01199	0.07198	0.01927	0.11763	0.05730	0.00849	0.00535	0.00143	0.00416	0.14072	0.00420	0.48038
6	0.01285	0.01129	0.01618	0.52565	0.06392	0.06767	0.03260	0.04035	0.03240	0.07990	0.01385	0.01697	0.05059	0.00617	0.00558	0.00179	0.00698	0.00533	0.00322	0.00669
7	0.06085	0.33088	0.02228	0.01245	0.01620	0.09151	0.10920	0.07647	0.05976	0.01678	0.01021	0.01228	0.00861	0.00872	0.07184	0.00217	0.07541	0.00429	0.00305	0.00704
8	0.00906	0.00621	0.00781	0.00769	0.00900	0.00601	0.00566	0.06381	0.01399	0.04528	0.32362	0.29624	0.07485	0.01447	0.04964	0.00229	0.00383	0.01108	0.04406	0.00538
9	0.01317	0.08552	0.19644	0.07406	0.02476	0.01447	0.33411	0.06434	0.10212	0.01874	0.01200	0.01425	0.00898	0.00533	0.00575	0.00177	0.00785	0.00543	0.00314	0.00778
10	0.00801	0.00592	0.00810	0.12557	0.01251	0.00604	0.00666	0.00960	0.01121	0.01511	0.09684	0.34232	0.09164	0.08750	0.00904	0.02984	0.00412	0.06905	0.05617	0.00475
11	0.06602	0.24620	0.01983	0.01258	0.01442	0.08317	0.01084	0.01521	0.00996	0.01399	0.00753	0.01079	0.00713	0.00762	0.01185	0.00193	0.44795	0.00407	0.00251	0.00639
12	0.01165	0.01007	0.01230	0.01053	0.07731	0.00818	0.00753	0.01502	0.05893	0.01856	0.04481	0.01360	0.01078	0.00471	0.00442	0.00100	0.00426	0.00391	0.00351	0.67891

[dist]
# distance from previous block
# <min> <max>
3	12

[block]
# block no. 8 follows, 43 sequences, length 11
# corresponding to MSA columns:
# 444-454
name=unknown_I
#
# <colnr> <probs for GDERKNQSTAVLIFYWHMCP>
#	G	D	E	R	K	N	Q	S	T	A	V	L	I	F	Y	W	H	M	C	P
0	0.01186	0.01196	0.08443	0.10960	0.11739	0.01083	0.12494	0.05591	0.09340	0.04123	0.15883	0.03965	0.04950	0.00794	0.00607	0.00184	0.00587	0.05746	0.00420	0.00709
1	0.00884	0.00723	0.00838	0.00714	0.00990	0.00587	0.00539	0.01073	0.01217	0.01700	0.13772	0.12449	0.23209	0.04453	0.00656	0.00162	0.00347	0.00836	0.00445	0.34408
2	0.00883	0.00868	0.06938	0.07571	0.01387	0.00765	0.06215	0.01198	0.06168	0.01589	0.11528	0.23704	0.05664	0.10758	0.08851	0.00310	0.00590	0.04042	0.00425	0.00546
3	0.01771	0.01214	0.01183	0.00991	0.01302	0.10858	0.00787	0.20429	0.10710	0.17754	0.01698	0.01709	0.01233	0.00662	0.00499	0.00156	0.00505	0.00513	0.25256	0.00769
4	0.00960	0.00581	0.00751	0.00724	0.00863	0.00536	0.00536	0.01179	0.01414	0.09721	0.44875	0.20599	0.04084	0.01169	0.00627	0.00180	0.00296	0.01032	0.09324	0.00549
5	0.01964	0.02420	0.01521	0.01381	0.01671	0.66653	0.01041	0.02322	0.12862	0.01501	0.01068	0.01161	0.00862	0.00598	0.00509	0.00150	0.00914	0.00398	0.00328	0.00678
6	0.00820	0.00537	0.00647	0.00647	0.00658	0.00548	0.00389	0.00817	0.00806	0.01086	0.01637	0.03268	0.01838	0.64168	0.11035	0.09049	0.00635	0.00749	0.00322	0.00343
7	0.00714	0.00514	0.00652	0.00746	0.00820	0.00476	0.00529	0.00848	0.01142	0.01523	0.07336	0.54552	0.14463	0.01582	0.00686	0.00215	0.00326	0.07872	0.04540	0.00465
8	0.01046	0.00984	0.01661	0.79205	0.03814	0.01230	0.01538	0.01415	0.01107	0.01415	0.00984	0.01477	0.00738	0.00554	0.00554	0.00185	0.00738	0.00492	0.00246	0.00615
9	0.00834	0.00638	0.00911	0.00897	0.00972	0.00749	0.00687	0.00995	0.00892	0.01273	0.01535	0.02535	0.01522	0.16381	0.55565	0.00746	0.07860	0.04220	0.00309	0.00478
10	0.01231	0.06512	0.01698	0.09505	0.26732	0.07159	0.01198	0.01441	0.01140	0.01537	0.07398	0.01695	0.01270	0.03864	0.07323	0.05739	0.13075	0.00529	0.00295	0.00657

[dist]
# distance from previous block
# <min> <max>
1	5

[block]
# block no. 9 follows, 43 sequences, length 26
# corresponding to MSA columns:
# 460-485
name=unknown_J
#
# <colnr> <probs for GDERKNQSTAVLIFYWHMCP>
#	G	D	E	R	K	N	Q	S	T	A	V	L	I	F	Y	W	H	M	C	P
0	0.80726	0.01045	0.00806	0.00730	0.01059	0.01207	0.00596	0.01590	0.00948	0.02437	0.00873	0.04422	0.00736	0.00568	0.00359	0.00174	0.00424	0.00357	0.00350	0.00593
1	0.01171	0.00991	0.01505	0.52796	0.02968	0.01202	0.01303	0.01706	0.13415	0.05826	0.01297	0.01640	0.00982	0.00829	0.05314	0.00228	0.03678	0.00524	0.01955	0.00667
2	0.01196	0.01066	0.01519	0.03360	0.30508	0.01006	0.01076	0.02569	0.08760	0.01872	0.07158	0.05448	0.04807	0.00644	0.00527	0.00146	0.00496	0.00574	0.00371	0.26897
3	0.00756	0.00560	0.00728	0.00743	0.00861	0.00532	0.00561	0.00962	0.01327	0.01809	0.37369	0.17994	0.14905	0.01658	0.09374	0.00273	0.00436	0.08122	0.00534	0.00497
4	0.01480	0.01343	0.04392	0.02997	0.19621	0.01351	0.10530	0.23659	0.02565	0.02225	0.01163	0.01416	0.00924	0.00909	0.07817	0.00232	0.06384	0.00504	0.00367	0.10119
5	0.00698	0.00563	0.00617	0.00620	0.00782	0.00489	0.00466	0.00862	0.01301	0.01627	0.18851	0.07146	0.54604	0.03956	0.00733	0.00201	0.00299	0.05181	0.00526	0.00476
6	0.01148	0.00984	0.01148	0.00820	0.01312	0.00738	0.00656	0.01395	0.01148	0.01805	0.00984	0.01148	0.00820	0.00410	0.00410	0.00082	0.00410	0.00328	0.00328	0.83922
7	0.00704	0.00546	0.00628	0.00657	0.00782	0.00486	0.00475	0.00846	0.01225	0.01560	0.15300	0.22193	0.39294	0.07948	0.00850	0.00226	0.00320	0.04983	0.00514	0.00463
8	0.01316	0.12846	0.01745	0.25029	0.15619	0.01339	0.01192	0.04239	0.15477	0.05107	0.04686	0.01650	0.01215	0.00609	0.00520	0.00167	0.00579	0.00516	0.05407	0.00741
9	0.00834	0.00618	0.00821	0.00821	0.00905	0.00687	0.00595	0.01082	0.07059	0.01322	0.01741	0.08641	0.01761	0.24839	0.44991	0.00683	0.01045	0.00731	0.00346	0.00478
10	0.00811	0.00632	0.00736	0.00738	0.00887	0.00609	0.00545	0.05114	0.05485	0.01714	0.14081	0.25728	0.31440	0.01607	0.07023	0.00252	0.00415	0.01146	0.00515	0.00522
11	0.01962	0.06897	0.01602	0.01374	0.01660	0.69159	0.01052	0.02114	0.01526	0.01372	0.00982	0.01323	0.00869	0.00626	0.00508	0.00148	0.00945	0.04948	0.00297	0.00638
12	0.01287	0.08527	0.35633	0.01637	0.06291	0.01371	0.14487	0.09969	0.04723	0.01970	0.05912	0.01583	0.01153	0.00598	0.00554	0.00174	0.00728	0.02287	0.00325	0.00791
13	0.01193	0.20208	0.61044	0.01438	0.02180	0.01487	0.01802	0.01733	0.01160	0.01654	0.00944	0.01107	0.00704	0.00515	0.00488	0.00163	0.00768	0.00384	0.00235	0.00795
14	0.18576	0.06307	0.15801	0.07619	0.07763	0.01112	0.01070	0.05653	0.02424	0.01908	0.05723	0.20489	0.01700	0.00859	0.00534	0.00182	0.00533	0.00717	0.00374	0.00656
15	0.01885	0.01557	0.01416	0.01153	0.01503	0.16331	0.00924	0.46374	0.02117	0.02793	0.01333	0.01412	0.00993	0.00643	0.00510	0.00154	0.00615	0.00475	0.17015	0.00799
16	0.01217	0.01133	0.09742	0.01143	0.07580	0.00813	0.00916	0.01495	0.01203	0.09041	0.01500	0.10582	0.01380	0.00698	0.00511	0.00138	0.00480	0.06514	0.00384	0.43529
17	0.30066	0.01368	0.07426	0.01001	0.01421	0.09719	0.00874	0.05919	0.01358	0.28815	0.01341	0.01319	0.00925	0.00584	0.00466	0.00163	0.00548	0.00418	0.00459	0.05811
18	0.00718	0.00520	0.00674	0.00765	0.00824	0.00499	0.00536	0.00832	0.01059	0.01397	0.03029	0.50342	0.10773	0.10704	0.07323	0.00314	0.00455	0.08311	0.00476	0.00448
19	0.01291	0.01234	0.02103	0.22083	0.59023	0.01295	0.01660	0.01630	0.01223	0.01712	0.01028	0.01397	0.00843	0.00508	0.00550	0.00169	0.00678	0.00493	0.00267	0.00813
20	0.01193	0.01002	0.01660	0.60628	0.11697	0.01178	0.01466	0.01540	0.01172	0.07720	0.01181	0.01722	0.00921	0.00603	0.00563	0.00185	0.00697	0.03909	0.00298	0.00667
21	0.75664	0.09520	0.01035	0.00752	0.01108	0.01343	0.00637	0.01631	0.00962	0.02360	0.00771	0.00898	0.00612	0.00510	0.00344	0.00166	0.00446	0.00299	0.00332	0.00612
22	0.62521	0.01037	0.00940	0.00797	0.01163	0.01128	0.00657	0.01915	0.01114	0.22544	0.01149	0.01163	0.00806	0.00560	0.00400	0.00171	0.00440	0.00369	0.00434	0.00691
23	0.00820	0.00547	0.00715	0.00731	0.00767	0.00571	0.00495	0.00861	0.00861	0.01172	0.01725	0.07989	0.01881	0.39976	0.22452	0.11803	0.00765	0.05151	0.00334	0.00383
24	0.00738	0.00598	0.00733	0.00841	0.05638	0.00537	0.00573	0.00903	0.01252	0.01591	0.12384	0.21796	0.41680	0.01400	0.00668	0.00198	0.00330	0.07130	0.00509	0.00499
25	0.01445	0.01455	0.01293	0.04943	0.01507	0.27170	0.04727	0.07682	0.06190	0.05063	0.05403	0.21142	0.07739	0.00966	0.00591	0.00178	0.00636	0.00809	0.00429	0.00633

[dist]
# distance from previous block
# <min> <max>
0	4

[block]
# block no. 10 follows, 43 sequences, length 8
# corresponding to MSA columns:
# 490-497
name=unknown_K
#
# <colnr> <probs for GDERKNQSTAVLIFYWHMCP>
#	G	D	E	R	K	N	Q	S	T	A	V	L	I	F	Y	W	H	M	C	P
0	0.01219	0.06896	0.11490	0.07142	0.01535	0.01194	0.01023	0.09098	0.03578	0.05066	0.01367	0.02160	0.01278	0.19851	0.06973	0.00325	0.14729	0.04109	0.00343	0.00625
1	0.00781	0.00660	0.01000	0.00911	0.01078	0.00601	0.10593	0.00979	0.01268	0.01677	0.21086	0.31870	0.22690	0.01333	0.00673	0.00198	0.00379	0.01207	0.00505	0.00512
2	0.01341	0.15237	0.20952	0.06171	0.01810	0.06584	0.01213	0.07595	0.05918	0.01799	0.01071	0.01241	0.00846	0.00561	0.00561	0.00149	0.05975	0.00408	0.04369	0.16200
3	0.00940	0.00551	0.00622	0.00611	0.00754	0.00516	0.00456	0.01162	0.01284	0.05224	0.20454	0.10459	0.15037	0.00991	0.00532	0.00160	0.00278	0.00842	0.38604	0.00522
4	0.01148	0.00938	0.01197	0.07855	0.09347	0.01032	0.00886	0.08040	0.22099	0.01928	0.07748	0.15202	0.02082	0.08420	0.04499	0.00255	0.02209	0.02334	0.02107	0.00673
5	0.00762	0.00548	0.00653	0.00650	0.00782	0.00497	0.00479	0.00967	0.01371	0.01897	0.39126	0.14533	0.24051	0.01233	0.00631	0.00180	0.00274	0.01071	0.09798	0.00497
6	0.01258	0.06996	0.15089	0.01237	0.07162	0.05414	0.01039	0.06552	0.04903	0.04944	0.04928	0.06634	0.01424	0.10363	0.05956	0.00251	0.02952	0.00578	0.00361	0.11960
7	0.20793	0.05364	0.19345	0.01128	0.01611	0.01347	0.01101	0.12888	0.18233	0.05935	0.01322	0.01352	0.00976	0.00593	0.00482	0.00167	0.00558	0.00443	0.00409	0.05952

[dist]
# distance from previous block
# <min> <max>
2	5

[block]
# block no. 11 follows, 43 sequences, length 33
# corresponding to MSA columns:
# 503-535
name=unknown_L
#
# <colnr> <probs for GDERKNQSTAVLIFYWHMCP>
#	G	D	E	R	K	N	Q	S	T	A	V	L	I	F	Y	W	H	M	C	P
0	0.00699	0.00554	0.00628	0.00628	0.00780	0.00484	0.00464	0.00874	0.01341	0.01725	0.28644	0.12789	0.45730	0.01349	0.00660	0.00187	0.00279	0.01157	0.00545	0.00484
1	0.01148	0.00984	0.01148	0.00820	0.01312	0.00738	0.00656	0.01395	0.01148	0.01805	0.00984	0.01148	0.00820	0.00410	0.00410	0.00082	0.00410	0.00328	0.00328	0.83922
2	0.01421	0.08168	0.22795	0.03696	0.10297	0.02910	0.01303	0.04549	0.10116	0.10323	0.01258	0.01365	0.00945	0.00572	0.00567	0.00158	0.04391	0.00447	0.00357	0.14363
3	0.01274	0.00867	0.01097	0.03228	0.07145	0.00916	0.00771	0.04163	0.19844	0.11506	0.03492	0.02627	0.01713	0.21568	0.07121	0.05973	0.00581	0.05028	0.00445	0.00640
4	0.00699	0.00509	0.00659	0.00734	0.00804	0.00469	0.00508	0.00840	0.01201	0.01616	0.21120	0.55052	0.10622	0.01559	0.00689	0.00209	0.00303	0.01399	0.00537	0.00469
5	0.01252	0.12059	0.23769	0.01436	0.01904	0.12385	0.15948	0.01613	0.01226	0.01581	0.05144	0.06258	0.01251	0.02968	0.08571	0.00251	0.00840	0.00566	0.00296	0.00682
6	0.00878	0.00566	0.00706	0.00695	0.00829	0.00522	0.00518	0.01096	0.01386	0.05747	0.40444	0.16560	0.11267	0.01180	0.00623	0.00180	0.00291	0.03410	0.12577	0.00525
7	0.01547	0.55572	0.12426	0.01115	0.01605	0.13049	0.01114	0.05271	0.01266	0.01474	0.00838	0.00962	0.00721	0.00504	0.00408	0.00132	0.00681	0.00329	0.00259	0.00726
8	0.00827	0.00534	0.00657	0.00664	0.00772	0.00504	0.00484	0.01050	0.01342	0.01996	0.39703	0.20727	0.03835	0.01135	0.00593	0.00173	0.00274	0.00998	0.23225	0.00504
9	0.01615	0.02057	0.19827	0.09178	0.02026	0.25163	0.01304	0.11015	0.16363	0.04188	0.01277	0.01367	0.00955	0.00609	0.00532	0.00167	0.00755	0.00460	0.00369	0.00774
10	0.59125	0.01200	0.04422	0.07018	0.06467	0.04888	0.00815	0.01594	0.01008	0.02175	0.00885	0.01176	0.00734	0.05915	0.00555	0.00195	0.00520	0.00369	0.00323	0.00614
11	0.00857	0.00580	0.00804	0.00941	0.04887	0.00546	0.00637	0.01009	0.01183	0.06140	0.11198	0.54588	0.03502	0.01516	0.00690	0.00216	0.00362	0.09305	0.00522	0.00517
12	0.01415	0.05199	0.01988	0.09431	0.16309	0.07771	0.09522	0.08635	0.06315	0.01752	0.01028	0.01335	0.00853	0.00682	0.00942	0.00191	0.25097	0.00497	0.00307	0.00732
13	0.01068	0.00786	0.00987	0.00893	0.01038	0.00844	0.00686	0.10566	0.01453	0.05430	0.32426	0.16158	0.07174	0.05517	0.00933	0.00212	0.11794	0.00937	0.00517	0.00582
14	0.49753	0.01139	0.01351	0.09752	0.25139	0.01264	0.01042	0.01628	0.01059	0.02162	0.00878	0.01107	0.00701	0.00512	0.00429	0.00171	0.00533	0.00381	0.00311	0.00688
15	0.01416	0.38546	0.12925	0.12575	0.02144	0.01730	0.12420	0.06650	0.01271	0.04149	0.00970	0.01167	0.00771	0.00511	0.00473	0.00151	0.00693	0.00417	0.00281	0.00741
16	0.01234	0.01008	0.01586	0.18516	0.32366	0.01052	0.01239	0.01595	0.04616	0.06914	0.12633	0.02053	0.03841	0.00721	0.01765	0.00181	0.00565	0.00602	0.06787	0.00727
17	0.00725	0.00560	0.00661	0.00670	0.00805	0.00512	0.00498	0.00893	0.01261	0.01634	0.22492	0.11622	0.36409	0.07656	0.06072	0.00266	0.00396	0.05883	0.00509	0.00474
18	0.18107	0.04523	0.01297	0.25264	0.04209	0.01126	0.01014	0.01336	0.01005	0.01615	0.01132	0.01721	0.00997	0.01415	0.16256	0.04331	0.07461	0.04290	0.02327	0.00573
19	0.00926	0.00600	0.00806	0.05393	0.01065	0.00583	0.00619	0.01124	0.03663	0.09001	0.13981	0.47909	0.03347	0.05203	0.00773	0.00224	0.00371	0.03360	0.00523	0.00529
20	0.03935	0.33688	0.23391	0.01287	0.05165	0.01686	0.01286	0.14112	0.01422	0.07721	0.01048	0.01140	0.00802	0.00539	0.00460	0.00150	0.00647	0.00391	0.00329	0.00802
21	0.01515	0.23960	0.05907	0.27107	0.02290	0.08946	0.01187	0.04873	0.01284	0.12507	0.01123	0.01331	0.00856	0.00718	0.04019	0.00191	0.00716	0.00433	0.00326	0.00711
22	0.00689	0.00524	0.00635	0.00689	0.00790	0.00469	0.00486	0.00831	0.01223	0.01595	0.17999	0.41402	0.27641	0.01512	0.00680	0.00203	0.00297	0.01334	0.00532	0.00469
23	0.01306	0.12628	0.01504	0.04726	0.08930	0.06766	0.00946	0.02963	0.18489	0.05623	0.07571	0.02603	0.11349	0.00852	0.00629	0.00179	0.04667	0.07131	0.00435	0.00703
24	0.00796	0.00563	0.00707	0.00804	0.04109	0.00552	0.00487	0.00858	0.00940	0.01252	0.02245	0.25869	0.03928	0.47366	0.01928	0.00405	0.00473	0.05912	0.00400	0.00407
25	0.01220	0.12540	0.01414	0.00850	0.01338	0.00972	0.00708	0.03237	0.01181	0.01773	0.00962	0.01115	0.00807	0.00426	0.00406	0.00089	0.00441	0.00328	0.00320	0.69872
26	0.01185	0.14905	0.45474	0.12604	0.02316	0.01359	0.01631	0.01665	0.01157	0.02736	0.00973	0.01177	0.00731	0.00512	0.00491	0.00158	0.00722	0.00397	0.00253	0.09555
27	0.55413	0.01342	0.01069	0.00943	0.01257	0.12259	0.00759	0.06231	0.06914	0.02290	0.00928	0.01052	0.00730	0.00582	0.00500	0.00173	0.06193	0.00358	0.00357	0.00648
28	0.00821	0.00613	0.00803	0.00874	0.06673	0.00569	0.00585	0.01056	0.01428	0.02005	0.48459	0.09079	0.16075	0.01128	0.00628	0.00175	0.00299	0.00989	0.07204	0.00536
29	0.01085	0.01339	0.14814	0.13442	0.08073	0.04461	0.11430	0.01498	0.05686	0.01717	0.14176	0.10040	0.01967	0.06925	0.00767	0.00209	0.00628	0.00722	0.00367	0.00653
30	0.01077	0.00830	0.01056	0.01008	0.06221	0.00754	0.00705	0.01327	0.06861	0.04138	0.01779	0.14481	0.05489	0.03669	0.02334	0.10607	0.02765	0.02652	0.00385	0.31862
31	0.11766	0.01193	0.01313	0.08930	0.02475	0.08206	0.02015	0.11049	0.04318	0.06767	0.02182	0.08933	0.01225	0.04358	0.00784	0.00188	0.10643	0.00567	0.00388	0.12700
32	0.01118	0.07567	0.07712	0.10043	0.08857	0.01059	0.04538	0.05214	0.01325	0.05117	0.13093	0.04197	0.20781	0.00895	0.00668	0.00179	0.05837	0.00744	0.00409	0.00649

[dist]
# distance from previous block
# <min> <max>
6	11

[block]
# block no. 12 follows, 43 sequences, length 6
# corresponding to MSA columns:
# 551-556
name=unknown_M
#
# <colnr> <probs for GDERKNQSTAVLIFYWHMCP>
#	G	D	E	R	K	N	Q	S	T	A	V	L	I	F	Y	W	H	M	C	P
0	0.35737	0.00984	0.01022	0.00841	0.01198	0.01015	0.00689	0.07192	0.01341	0.32084	0.01500	0.01466	0.01032	0.00609	0.00448	0.00166	0.00436	0.00443	0.11050	0.00749
1	0.01372	0.01226	0.01482	0.08786	0.17215	0.06545	0.01065	0.11447	0.18712	0.02138	0.12711	0.01898	0.01695	0.00672	0.00549	0.00162	0.00543	0.00572	0.00432	0.10779
2	0.00725	0.00566	0.00643	0.00641	0.00789	0.00503	0.00480	0.00897	0.01310	0.01682	0.25856	0.04895	0.43175	0.08683	0.00864	0.00221	0.00317	0.06753	0.00525	0.00475
3	0.01713	0.00968	0.01321	0.07645	0.09607	0.00989	0.00911	0.05891	0.06538	0.32850	0.01735	0.02102	0.01359	0.17492	0.01114	0.00254	0.05676	0.00594	0.00487	0.00754
4	0.84448	0.01071	0.00814	0.00728	0.01071	0.01242	0.00600	0.01628	0.00943	0.02485	0.00771	0.00900	0.00600	0.00514	0.00343	0.00171	0.00428	0.00300	0.00343	0.00600
5	0.11359	0.01196	0.01743	0.32702	0.26040	0.01342	0.01393	0.14181	0.01392	0.02023	0.01036	0.01349	0.00800	0.00549	0.00527	0.00174	0.00654	0.00471	0.00319	0.00751

[dist]
# distance from previous block
# <min> <max>
1	2

[block]
# block no. 13 follows, 43 sequences, length 6
# corresponding to MSA columns:
# 559-564
name=unknown_N
#
# <colnr> <probs for GDERKNQSTAVLIFYWHMCP>
#	G	D	E	R	K	N	Q	S	T	A	V	L	I	F	Y	W	H	M	C	P
0	0.12193	0.13869	0.01172	0.00846	0.01064	0.06798	0.00656	0.01401	0.04983	0.07345	0.02201	0.27758	0.08186	0.08216	0.00753	0.00213	0.00464	0.00877	0.00429	0.00577
1	0.06029	0.05413	0.01057	0.00866	0.01112	0.00756	0.03868	0.01354	0.01318	0.13429	0.14526	0.09457	0.20232	0.01116	0.00619	0.00189	0.00412	0.14208	0.00512	0.03526
2	0.11419	0.01312	0.10101	0.04142	0.06411	0.01144	0.04660	0.08590	0.13252	0.14246	0.01507	0.01736	0.01155	0.00634	0.00522	0.00166	0.00550	0.04641	0.00436	0.13373
3	0.21194	0.15134	0.09923	0.08582	0.09924	0.01438	0.05350	0.07900	0.05657	0.08368	0.01116	0.01251	0.00843	0.00548	0.00472	0.00165	0.00600	0.00427	0.00352	0.00755
4	0.01404	0.21645	0.10611	0.05493	0.01565	0.04624	0.00989	0.07278	0.04643	0.10135	0.13904	0.06381	0.01779	0.00718	0.00514	0.00155	0.00542	0.00577	0.00412	0.06631
5	0.07717	0.06305	0.29907	0.01195	0.01709	0.01233	0.01259	0.08550	0.13067	0.10577	0.11464	0.01764	0.01551	0.00669	0.00531	0.00172	0.00584	0.00532	0.00423	0.00790

[dist]
# distance from previous block
# <min> <max>
0	32

# created by:
# /home/berkeley/.conda/envs/busco_data_prod/bin/msa2prfl.pl pipeline/OGs_align_augustus/33634/158902.fs
