[name]
unknown

[dist]
# distance from previous block
# <min> <max>
1	65

[block]
# block no. 0 follows, 50 sequences, length 29
# corresponding to MSA columns:
# 66-94
name=unknown_A
#
# <colnr> <probs for GDERKNQSTAVLIFYWHMCP>
#	G	D	E	R	K	N	Q	S	T	A	V	L	I	F	Y	W	H	M	C	P
0	0.00762	0.00607	0.00860	0.19598	0.01393	0.00638	0.00694	0.01037	0.04354	0.01683	0.41782	0.17526	0.05165	0.00988	0.00572	0.00168	0.00353	0.00878	0.00452	0.00490
1	0.00773	0.00515	0.00632	0.00600	0.00721	0.00490	0.00451	0.01040	0.03468	0.01968	0.58767	0.03233	0.03810	0.00907	0.00529	0.00148	0.00239	0.00789	0.20443	0.00478
2	0.00675	0.00507	0.00616	0.00590	0.00715	0.00458	0.00437	0.00869	0.01302	0.01770	0.55162	0.03989	0.24627	0.05272	0.00688	0.00177	0.00253	0.00933	0.00513	0.00448
3	0.00734	0.00596	0.00685	0.00602	0.00817	0.00495	0.00460	0.00920	0.01207	0.01638	0.29751	0.03541	0.34927	0.00968	0.00537	0.00142	0.00274	0.00822	0.00453	0.20429
4	0.66023	0.00946	0.00912	0.19595	0.01544	0.01116	0.00738	0.01420	0.00883	0.02010	0.00739	0.00932	0.00569	0.00471	0.00353	0.00157	0.00451	0.00311	0.00288	0.00543
5	0.66023	0.00946	0.00912	0.19595	0.01544	0.01116	0.00738	0.01420	0.00883	0.02010	0.00739	0.00932	0.00569	0.00471	0.00353	0.00157	0.00451	0.00311	0.00288	0.00543
6	0.66247	0.01065	0.00912	0.00771	0.01101	0.01219	0.00636	0.19375	0.01200	0.02449	0.00812	0.00901	0.00612	0.00495	0.00353	0.00153	0.00424	0.00312	0.00353	0.00612
7	0.00961	0.00791	0.00919	0.00693	0.01031	0.00622	0.00523	0.01131	0.00961	0.01470	0.01047	0.01557	0.00991	0.19657	0.00878	0.00170	0.00396	0.00396	0.00297	0.65510
8	0.66045	0.00946	0.00803	0.00675	0.01015	0.01012	0.00552	0.01416	0.00892	0.02093	0.00739	0.00862	0.00586	0.00441	0.00323	0.00135	0.00382	0.00276	0.00305	0.20503
9	0.66093	0.00989	0.00825	0.00740	0.01042	0.01147	0.00598	0.01743	0.19082	0.02201	0.01008	0.01056	0.00770	0.00513	0.00355	0.00158	0.00388	0.00339	0.00355	0.00598
10	0.00766	0.00617	0.00964	0.19706	0.01487	0.00737	0.00802	0.00980	0.00847	0.01184	0.01230	0.01810	0.01109	0.02977	0.61714	0.00652	0.01178	0.00513	0.00256	0.00471
11	0.00759	0.00498	0.00613	0.00585	0.00696	0.00470	0.00433	0.00981	0.01290	0.01913	0.56924	0.03262	0.03750	0.05103	0.00632	0.00164	0.00247	0.00790	0.20432	0.00460
12	0.06447	0.01006	0.01229	0.00947	0.01332	0.00978	0.00782	0.23242	0.01651	0.54515	0.01688	0.01512	0.01091	0.00604	0.00491	0.00153	0.00457	0.00475	0.00568	0.00832
13	0.01900	0.00784	0.01074	0.00894	0.01216	0.00695	0.00749	0.02101	0.01361	0.61344	0.02124	0.02619	0.01618	0.00795	0.00545	0.00172	0.00432	0.18240	0.00580	0.00757
14	0.00593	0.00488	0.00522	0.00549	0.00685	0.00417	0.00398	0.00710	0.01093	0.01329	0.04509	0.22968	0.61349	0.01333	0.00600	0.00176	0.00261	0.01138	0.00463	0.00417
15	0.01220	0.01222	0.02239	0.02834	0.61341	0.01202	0.19389	0.01545	0.01145	0.01621	0.00954	0.01260	0.00782	0.00438	0.00516	0.00153	0.00650	0.00478	0.00248	0.00762
16	0.05205	0.00925	0.01150	0.00873	0.01271	0.00826	0.00717	0.10827	0.01418	0.49470	0.01574	0.01448	0.01045	0.00551	0.00462	0.00135	0.00424	0.00438	0.00516	0.20727
17	0.08556	0.00961	0.01189	0.00919	0.01301	0.00916	0.00759	0.16650	0.01557	0.59273	0.01723	0.01534	0.01108	0.00602	0.00486	0.00153	0.00445	0.00474	0.00571	0.00825
18	0.01176	0.01345	0.02941	0.02101	0.02605	0.01261	0.77563	0.01597	0.01176	0.01597	0.01008	0.01345	0.00756	0.00420	0.00588	0.00168	0.00840	0.00588	0.00252	0.00672
19	0.00628	0.00448	0.00602	0.00717	0.00755	0.00422	0.00498	0.00729	0.00974	0.01295	0.02736	0.74235	0.03252	0.01542	0.00642	0.00205	0.00307	0.09139	0.00462	0.00410
20	0.86003	0.00964	0.00733	0.00655	0.00964	0.01118	0.00540	0.01465	0.00848	0.02236	0.00694	0.00810	0.00540	0.00463	0.00308	0.00154	0.00386	0.00270	0.00308	0.00540
21	0.00634	0.00451	0.00602	0.00713	0.00750	0.00427	0.00494	0.00733	0.00966	0.01284	0.02687	0.70505	0.03189	0.04839	0.00719	0.00217	0.00316	0.09613	0.00456	0.00407
22	0.01222	0.01172	0.02002	0.06238	0.76288	0.01181	0.01524	0.01519	0.01129	0.01614	0.00935	0.01238	0.00784	0.00446	0.00494	0.00149	0.00595	0.00444	0.00246	0.00780
23	0.01240	0.01071	0.01127	0.01014	0.01296	0.01240	0.00789	0.02649	0.78473	0.02085	0.02029	0.01860	0.01522	0.00676	0.00507	0.00169	0.00394	0.00564	0.00507	0.00789
24	0.02236	0.00848	0.01157	0.00887	0.01272	0.00733	0.00733	0.02429	0.01427	0.79719	0.01966	0.01697	0.01234	0.00617	0.00501	0.00154	0.00424	0.00501	0.00617	0.00848
25	0.00919	0.00467	0.00473	0.00472	0.00588	0.00465	0.00354	0.01152	0.01061	0.01864	0.05024	0.01940	0.01428	0.00600	0.00359	0.00118	0.00232	0.00484	0.81535	0.00465
26	0.00684	0.00509	0.00636	0.00604	0.00731	0.00461	0.00453	0.00898	0.01359	0.01877	0.65242	0.03924	0.18647	0.01065	0.00588	0.00159	0.00238	0.00930	0.00533	0.00461
27	0.01000	0.02578	0.79900	0.01421	0.02157	0.01158	0.01842	0.01579	0.01052	0.01579	0.00895	0.01052	0.00631	0.00474	0.00474	0.00158	0.00737	0.00368	0.00210	0.00737
28	0.05974	0.01166	0.01304	0.01106	0.03670	0.01267	0.00891	0.51977	0.01947	0.05843	0.04509	0.02076	0.01353	0.00741	0.00526	0.00164	0.00508	0.13750	0.00481	0.00747

[dist]
# distance from previous block
# <min> <max>
0	24

[block]
# block no. 1 follows, 50 sequences, length 40
# corresponding to MSA columns:
# 119-158
name=unknown_B
#
# <colnr> <probs for GDERKNQSTAVLIFYWHMCP>
#	G	D	E	R	K	N	Q	S	T	A	V	L	I	F	Y	W	H	M	C	P
0	0.00941	0.00886	0.01495	0.81285	0.03433	0.01107	0.01384	0.01274	0.00997	0.01274	0.00886	0.01329	0.00664	0.00498	0.00498	0.00166	0.00664	0.00443	0.00221	0.00554
1	0.86003	0.00964	0.00733	0.00655	0.00964	0.01118	0.00540	0.01465	0.00848	0.02236	0.00694	0.00810	0.00540	0.00463	0.00308	0.00154	0.00386	0.00270	0.00308	0.00540
2	0.01412	0.01119	0.01445	0.12172	0.18220	0.01233	0.01054	0.17615	0.30001	0.08225	0.01469	0.01507	0.01091	0.00583	0.00501	0.00159	0.00506	0.00494	0.00421	0.00774
3	0.00607	0.00434	0.00578	0.00694	0.00723	0.00405	0.00463	0.00694	0.00954	0.01272	0.02747	0.82157	0.03297	0.01562	0.00636	0.00202	0.00289	0.01417	0.00463	0.00405
4	0.86003	0.00964	0.00733	0.00655	0.00964	0.01118	0.00540	0.01465	0.00848	0.02236	0.00694	0.00810	0.00540	0.00463	0.00308	0.00154	0.00386	0.00270	0.00308	0.00540
5	0.86003	0.00964	0.00733	0.00655	0.00964	0.01118	0.00540	0.01465	0.00848	0.02236	0.00694	0.00810	0.00540	0.00463	0.00308	0.00154	0.00386	0.00270	0.00308	0.00540
6	0.01240	0.01071	0.01127	0.01014	0.01296	0.01240	0.00789	0.02649	0.78473	0.02085	0.02029	0.01860	0.01522	0.00676	0.00507	0.00169	0.00394	0.00564	0.00507	0.00789
7	0.00929	0.00465	0.00465	0.00465	0.00581	0.00465	0.00348	0.01161	0.01045	0.01858	0.01626	0.01858	0.01278	0.00581	0.00348	0.00116	0.00232	0.00465	0.85250	0.00465
8	0.00607	0.00434	0.00578	0.00694	0.00723	0.00405	0.00463	0.00694	0.00954	0.01272	0.02747	0.82157	0.03297	0.01562	0.00636	0.00202	0.00289	0.01417	0.00463	0.00405
9	0.01862	0.02376	0.01413	0.01284	0.01541	0.80482	0.00963	0.01990	0.01413	0.01220	0.00770	0.00899	0.00642	0.00514	0.00449	0.00128	0.00899	0.00321	0.00257	0.00578
10	0.00705	0.00510	0.00666	0.00627	0.00745	0.00470	0.00470	0.00941	0.01411	0.01999	0.79110	0.03723	0.04703	0.01019	0.00588	0.00157	0.00235	0.00901	0.00549	0.00470
11	0.86003	0.00964	0.00733	0.00655	0.00964	0.01118	0.00540	0.01465	0.00848	0.02236	0.00694	0.00810	0.00540	0.00463	0.00308	0.00154	0.00386	0.00270	0.00308	0.00540
12	0.00929	0.00465	0.00465	0.00465	0.00581	0.00465	0.00348	0.01161	0.01045	0.01858	0.01626	0.01858	0.01278	0.00581	0.00348	0.00116	0.00232	0.00465	0.85250	0.00465
13	0.00589	0.00505	0.00505	0.00505	0.00673	0.00421	0.00379	0.00715	0.01136	0.01347	0.05049	0.04797	0.79171	0.01262	0.00589	0.00168	0.00252	0.01052	0.00463	0.00421
14	0.01034	0.00886	0.01034	0.00738	0.01181	0.00664	0.00591	0.01255	0.01034	0.01624	0.00886	0.01034	0.00738	0.00369	0.00369	0.00074	0.00369	0.00295	0.00295	0.85530
15	0.01895	0.01396	0.01496	0.01147	0.01546	0.01546	0.00947	0.77711	0.02344	0.03141	0.01197	0.01197	0.00848	0.00598	0.00499	0.00150	0.00548	0.00449	0.00499	0.00848
16	0.01234	0.01184	0.02023	0.03059	0.79373	0.01184	0.01530	0.01530	0.01135	0.01628	0.00938	0.01234	0.00790	0.00444	0.00493	0.00148	0.00592	0.00444	0.00247	0.00790
17	0.02236	0.00848	0.01157	0.00887	0.01272	0.00733	0.00733	0.02429	0.01427	0.79719	0.01966	0.01697	0.01234	0.00617	0.00501	0.00154	0.00424	0.00501	0.00617	0.00848
18	0.00607	0.00434	0.00578	0.00694	0.00723	0.00405	0.00463	0.00694	0.00954	0.01272	0.02747	0.82157	0.03297	0.01562	0.00636	0.00202	0.00289	0.01417	0.00463	0.00405
19	0.00607	0.00434	0.00578	0.00694	0.00723	0.00405	0.00463	0.00694	0.00954	0.01272	0.02747	0.82157	0.03297	0.01562	0.00636	0.00202	0.00289	0.01417	0.00463	0.00405
20	0.01163	0.01194	0.03719	0.01437	0.01594	0.01450	0.15860	0.06027	0.05736	0.01458	0.00846	0.01193	0.00739	0.00746	0.01266	0.00200	0.54035	0.00473	0.00259	0.00608
21	0.09405	0.01286	0.01384	0.01069	0.01458	0.01401	0.00883	0.61078	0.02091	0.13096	0.01253	0.01228	0.00871	0.00589	0.00482	0.00151	0.00518	0.00440	0.00497	0.00820
22	0.01574	0.01237	0.01315	0.01082	0.01423	0.01396	0.00870	0.40894	0.39684	0.02623	0.01605	0.01522	0.01178	0.00637	0.00503	0.00159	0.00473	0.00505	0.00503	0.00819
23	0.01056	0.01044	0.01459	0.01265	0.01267	0.01447	0.01046	0.01164	0.00777	0.01205	0.00803	0.06853	0.00842	0.00921	0.01565	0.00217	0.75793	0.00506	0.00235	0.00535
24	0.00794	0.00673	0.00947	0.01026	0.05691	0.00778	0.00727	0.00910	0.00926	0.01289	0.02044	0.49123	0.02375	0.01288	0.00911	0.00205	0.23054	0.06386	0.00381	0.00471
25	0.00696	0.00512	0.00737	0.00757	0.00826	0.00572	0.00563	0.00840	0.00819	0.01157	0.01600	0.15757	0.01653	0.11360	0.58983	0.00667	0.01070	0.00704	0.00304	0.00424
26	0.01093	0.07140	0.14376	0.01294	0.01445	0.01498	0.01196	0.01282	0.00828	0.01259	0.00696	0.01064	0.00650	0.00776	0.01353	0.00200	0.62637	0.00413	0.00217	0.00583
27	0.01366	0.24463	0.17650	0.01137	0.01579	0.01393	0.06925	0.08481	0.15800	0.10367	0.01243	0.01354	0.00953	0.00554	0.00487	0.00149	0.02735	0.02294	0.00347	0.00724
28	0.02077	0.00812	0.01101	0.00859	0.01217	0.00703	0.00704	0.02268	0.01407	0.71878	0.06001	0.03815	0.03435	0.00677	0.00511	0.00156	0.00407	0.00558	0.00606	0.00807
29	0.01206	0.01255	0.02241	0.04103	0.27866	0.04417	0.35389	0.01668	0.09453	0.01631	0.01161	0.01554	0.00946	0.00508	0.00545	0.00163	0.00690	0.04210	0.00287	0.00707
30	0.01155	0.01179	0.03241	0.01314	0.02926	0.04424	0.01079	0.03314	0.08178	0.01350	0.00813	0.01161	0.00743	0.00816	0.01407	0.00206	0.65411	0.00443	0.00254	0.00586
31	0.03611	0.36695	0.07128	0.01066	0.01376	0.11712	0.00976	0.05924	0.03960	0.01388	0.00801	0.00985	0.00699	0.00640	0.02524	0.00160	0.19130	0.00347	0.00251	0.00627
32	0.00777	0.00505	0.00594	0.00602	0.00627	0.00502	0.00379	0.00812	0.00799	0.03201	0.01721	0.03526	0.01934	0.69667	0.02240	0.00441	0.00478	0.10525	0.00331	0.00337
33	0.01533	0.01198	0.07014	0.02166	0.44541	0.01081	0.02759	0.06189	0.03274	0.23351	0.01264	0.01366	0.00923	0.00508	0.00497	0.00151	0.00553	0.00461	0.00368	0.00803
34	0.01462	0.16335	0.05158	0.05502	0.18839	0.10024	0.07066	0.16010	0.03229	0.06525	0.02983	0.01219	0.00882	0.00518	0.00489	0.00144	0.02148	0.00425	0.00323	0.00718
35	0.00922	0.00849	0.01186	0.01058	0.01101	0.01112	0.00860	0.01064	0.00874	0.01299	0.11083	0.03508	0.04479	0.01592	0.19898	0.00344	0.47415	0.00564	0.00287	0.00504
36	0.86003	0.00964	0.00733	0.00655	0.00964	0.01118	0.00540	0.01465	0.00848	0.02236	0.00694	0.00810	0.00540	0.00463	0.00308	0.00154	0.00386	0.00270	0.00308	0.00540
37	0.00599	0.00503	0.00520	0.00520	0.00680	0.00424	0.00388	0.00733	0.01153	0.01397	0.10945	0.06723	0.71210	0.01251	0.00590	0.00168	0.00252	0.01049	0.00470	0.00424
38	0.01158	0.15678	0.15893	0.01309	0.14299	0.04787	0.01047	0.07779	0.02771	0.03674	0.20477	0.01955	0.03885	0.00660	0.00489	0.00147	0.00510	0.02475	0.00356	0.00652
39	0.03354	0.00632	0.00786	0.00689	0.00899	0.00575	0.00536	0.01389	0.03094	0.24720	0.32119	0.03180	0.17069	0.04291	0.00630	0.00172	0.00316	0.02300	0.02674	0.00574

[dist]
# distance from previous block
# <min> <max>
0	3

[block]
# block no. 2 follows, 50 sequences, length 26
# corresponding to MSA columns:
# 162-187
name=unknown_C
#
# <colnr> <probs for GDERKNQSTAVLIFYWHMCP>
#	G	D	E	R	K	N	Q	S	T	A	V	L	I	F	Y	W	H	M	C	P
0	0.28830	0.14337	0.06100	0.00918	0.03663	0.03949	0.00784	0.07653	0.02564	0.11473	0.00969	0.01036	0.00734	0.00477	0.00384	0.00132	0.00470	0.00335	0.00338	0.14852
1	0.12855	0.25301	0.14109	0.01074	0.01471	0.17634	0.02196	0.07321	0.03297	0.05218	0.00877	0.00984	0.00695	0.00507	0.00464	0.00139	0.04580	0.00340	0.00283	0.00654
2	0.00689	0.00504	0.00648	0.00631	0.00744	0.00463	0.00471	0.00900	0.01335	0.01857	0.63075	0.11394	0.11088	0.01103	0.00595	0.00164	0.00248	0.03102	0.00530	0.00459
3	0.03495	0.03248	0.05541	0.07459	0.11751	0.02907	0.01056	0.36729	0.17187	0.03681	0.01272	0.01321	0.00941	0.00571	0.00489	0.00154	0.00542	0.00457	0.00418	0.00783
4	0.00966	0.00584	0.00753	0.00742	0.00905	0.00542	0.00599	0.01150	0.01196	0.14576	0.15734	0.06048	0.19838	0.05659	0.03589	0.00225	0.00398	0.25504	0.00486	0.00507
5	0.01480	0.60445	0.02279	0.00973	0.01352	0.23783	0.00883	0.01631	0.01124	0.01186	0.00714	0.00827	0.00640	0.00451	0.00356	0.00113	0.00635	0.00282	0.00225	0.00622
6	0.00674	0.00476	0.00575	0.00601	0.00649	0.00452	0.00390	0.00759	0.00971	0.01303	0.18117	0.26420	0.10208	0.34560	0.01400	0.00305	0.00354	0.00993	0.00415	0.00378
7	0.15496	0.26884	0.01646	0.01094	0.10488	0.02635	0.00825	0.04835	0.04748	0.11495	0.01000	0.01073	0.00782	0.00469	0.00388	0.00125	0.00475	0.00345	0.00324	0.14873
8	0.04368	0.01230	0.02075	0.02395	0.44286	0.04138	0.20630	0.01687	0.05162	0.07530	0.01074	0.01301	0.00838	0.00466	0.00510	0.00154	0.00636	0.00480	0.00292	0.00747
9	0.00751	0.00542	0.00740	0.00847	0.00949	0.00531	0.00710	0.00947	0.01110	0.01440	0.02821	0.20199	0.08059	0.01405	0.00672	0.00220	0.00413	0.56737	0.00460	0.00446
10	0.00835	0.00670	0.01088	0.01065	0.01226	0.00655	0.11908	0.01077	0.01130	0.01482	0.02415	0.13576	0.02610	0.01259	0.00668	0.00218	0.00495	0.56710	0.00429	0.00484
11	0.07491	0.12905	0.15942	0.01849	0.32089	0.01235	0.02812	0.03489	0.03562	0.12449	0.01061	0.01194	0.00807	0.00483	0.00456	0.00146	0.00570	0.00407	0.00305	0.00748
12	0.06274	0.01266	0.03365	0.01143	0.06030	0.11045	0.00887	0.21602	0.06400	0.34665	0.01467	0.01388	0.01000	0.00581	0.00483	0.00150	0.00530	0.00450	0.00486	0.00788
13	0.01234	0.01184	0.02023	0.03059	0.79373	0.01184	0.01530	0.01530	0.01135	0.01628	0.00938	0.01234	0.00790	0.00444	0.00493	0.00148	0.00592	0.00444	0.00247	0.00790
14	0.01514	0.24217	0.22925	0.05835	0.01669	0.03282	0.01127	0.07127	0.03265	0.22680	0.01175	0.01200	0.00837	0.00516	0.00442	0.00142	0.00573	0.00390	0.00351	0.00734
15	0.01276	0.01261	0.06597	0.05728	0.63513	0.01188	0.03055	0.05834	0.01203	0.04130	0.00981	0.01241	0.00792	0.00461	0.00495	0.00150	0.00601	0.00445	0.00269	0.00780
16	0.01780	0.01037	0.01242	0.01051	0.04217	0.01068	0.00816	0.22090	0.20095	0.33548	0.06330	0.01708	0.01391	0.00644	0.00507	0.00156	0.00445	0.00524	0.00542	0.00809
17	0.00705	0.00510	0.00666	0.00627	0.00745	0.00470	0.00470	0.00941	0.01411	0.01999	0.79110	0.03723	0.04703	0.01019	0.00588	0.00157	0.00235	0.00901	0.00549	0.00470
18	0.03140	0.07733	0.19533	0.16613	0.32649	0.01215	0.03787	0.01559	0.03964	0.03769	0.00966	0.01207	0.00752	0.00473	0.00476	0.00152	0.00624	0.00419	0.00253	0.00715
19	0.39518	0.00950	0.00966	0.00834	0.01126	0.01048	0.04587	0.05899	0.19175	0.04506	0.04791	0.01803	0.10383	0.00655	0.00437	0.00161	0.00401	0.01745	0.00403	0.00613
20	0.00607	0.00434	0.00578	0.00694	0.00723	0.00405	0.00463	0.00694	0.00954	0.01272	0.02747	0.82157	0.03297	0.01562	0.00636	0.00202	0.00289	0.01417	0.00463	0.00405
21	0.01240	0.01071	0.01127	0.01014	0.01296	0.01240	0.00789	0.02649	0.78473	0.02085	0.02029	0.01860	0.01522	0.00676	0.00507	0.00169	0.00394	0.00564	0.00507	0.00789
22	0.70624	0.01082	0.00850	0.00742	0.01057	0.06442	0.00605	0.06745	0.01016	0.05941	0.00794	0.00885	0.00601	0.00483	0.00340	0.00152	0.00433	0.00297	0.00333	0.00578
23	0.86003	0.00964	0.00733	0.00655	0.00964	0.01118	0.00540	0.01465	0.00848	0.02236	0.00694	0.00810	0.00540	0.00463	0.00308	0.00154	0.00386	0.00270	0.00308	0.00540
24	0.00593	0.00505	0.00511	0.00510	0.00676	0.00423	0.00382	0.00724	0.01146	0.01371	0.07822	0.04757	0.76383	0.01253	0.00589	0.00168	0.00252	0.01046	0.00466	0.00423
25	0.01073	0.02475	0.75217	0.01389	0.02105	0.01132	0.01776	0.01629	0.01075	0.06226	0.00958	0.01091	0.00667	0.00482	0.00475	0.00158	0.00718	0.00376	0.00235	0.00743

[dist]
# distance from previous block
# <min> <max>
0	9

[block]
# block no. 3 follows, 50 sequences, length 29
# corresponding to MSA columns:
# 197-225
name=unknown_D
#
# <colnr> <probs for GDERKNQSTAVLIFYWHMCP>
#	G	D	E	R	K	N	Q	S	T	A	V	L	I	F	Y	W	H	M	C	P
0	0.14108	0.00873	0.01071	0.00926	0.01097	0.01008	0.03462	0.13091	0.02828	0.04912	0.01194	0.01782	0.01095	0.16863	0.18602	0.00370	0.14279	0.01565	0.00330	0.00545
1	0.00607	0.00434	0.00578	0.00694	0.00723	0.00405	0.00463	0.00694	0.00954	0.01272	0.02747	0.82157	0.03297	0.01562	0.00636	0.00202	0.00289	0.01417	0.00463	0.00405
2	0.00714	0.00475	0.00546	0.00564	0.00573	0.00470	0.00329	0.00737	0.00773	0.01048	0.01756	0.15493	0.02023	0.66748	0.02157	0.00425	0.00443	0.00823	0.03578	0.00324
3	0.01267	0.01192	0.01972	0.02908	0.73336	0.01204	0.01480	0.05333	0.03358	0.01716	0.00981	0.01249	0.00813	0.00458	0.00494	0.00149	0.00584	0.00448	0.00266	0.00792
4	0.01234	0.01184	0.02023	0.03059	0.79373	0.01184	0.01530	0.01530	0.01135	0.01628	0.00938	0.01234	0.00790	0.00444	0.00493	0.00148	0.00592	0.00444	0.00247	0.00790
5	0.01423	0.01667	0.01232	0.01135	0.01313	0.47404	0.00869	0.01565	0.01155	0.01198	0.00936	0.01251	0.00833	0.01562	0.25702	0.00349	0.09218	0.00400	0.00256	0.00533
6	0.20197	0.01215	0.01680	0.04017	0.54660	0.06907	0.01265	0.01543	0.01088	0.01727	0.00870	0.01117	0.00721	0.00454	0.00449	0.00148	0.00570	0.00396	0.00261	0.00714
7	0.00731	0.00539	0.00687	0.00645	0.00772	0.00510	0.00485	0.01026	0.05462	0.01990	0.73523	0.03647	0.06074	0.01006	0.00584	0.00158	0.00244	0.00887	0.00545	0.00486
8	0.01274	0.35129	0.16812	0.01028	0.01459	0.03304	0.01019	0.01946	0.27801	0.03740	0.01230	0.01241	0.00959	0.00529	0.00422	0.00140	0.00529	0.00396	0.00326	0.00714
9	0.00720	0.00529	0.00793	0.00793	0.00877	0.00613	0.00613	0.00877	0.00793	0.01142	0.01310	0.01935	0.01226	0.03633	0.76372	0.05260	0.01288	0.00529	0.00264	0.00433
10	0.00673	0.00545	0.00634	0.00618	0.00729	0.00531	0.00455	0.00799	0.01077	0.01387	0.16954	0.09395	0.41827	0.12127	0.03453	0.00235	0.06767	0.00942	0.00431	0.00423
11	0.01203	0.01173	0.02067	0.04797	0.66564	0.01168	0.09832	0.01512	0.01145	0.01628	0.03453	0.01328	0.00908	0.00461	0.00507	0.00151	0.00610	0.00475	0.00256	0.00761
12	0.86003	0.00964	0.00733	0.00655	0.00964	0.01118	0.00540	0.01465	0.00848	0.02236	0.00694	0.00810	0.00540	0.00463	0.00308	0.00154	0.00386	0.00270	0.00308	0.00540
13	0.01059	0.00808	0.01175	0.04399	0.19178	0.00883	0.00834	0.02502	0.00955	0.07591	0.05063	0.02069	0.01344	0.26971	0.05082	0.04791	0.13898	0.00563	0.00307	0.00529
14	0.76570	0.00951	0.00780	0.00682	0.00999	0.01075	0.00562	0.01574	0.00913	0.10962	0.00837	0.00910	0.00618	0.00480	0.00330	0.00154	0.00390	0.00296	0.00343	0.00575
15	0.01405	0.01193	0.01794	0.04238	0.52397	0.01236	0.01315	0.16538	0.07570	0.05711	0.01124	0.01301	0.00878	0.00502	0.00496	0.00151	0.00561	0.00457	0.00334	0.00798
16	0.00609	0.00476	0.00553	0.00595	0.00701	0.00420	0.00423	0.00732	0.01093	0.01389	0.12304	0.36156	0.40062	0.01357	0.00608	0.00181	0.00265	0.01184	0.00472	0.00420
17	0.06668	0.01055	0.07469	0.01076	0.06702	0.00956	0.02767	0.13790	0.11377	0.18055	0.16779	0.02116	0.07612	0.00710	0.00512	0.00157	0.00435	0.00593	0.00472	0.00698
18	0.33951	0.03641	0.01116	0.00854	0.01215	0.01095	0.00710	0.18328	0.01392	0.31191	0.01276	0.01223	0.00868	0.00548	0.00422	0.00152	0.00440	0.00394	0.00461	0.00724
19	0.01204	0.04326	0.04873	0.01491	0.16318	0.00963	0.15848	0.01517	0.03000	0.08243	0.04021	0.01303	0.00956	0.00453	0.00461	0.00123	0.00525	0.00430	0.00313	0.33631
20	0.24383	0.04880	0.01292	0.01099	0.01345	0.44153	0.00861	0.03253	0.01179	0.01528	0.00740	0.00902	0.00620	0.00545	0.00564	0.00147	0.11346	0.00323	0.00269	0.00571
21	0.11042	0.01591	0.21165	0.01376	0.03962	0.04191	0.16148	0.13926	0.17946	0.02004	0.01183	0.01278	0.00876	0.00526	0.00488	0.00159	0.00615	0.00455	0.00342	0.00726
22	0.00684	0.00507	0.00638	0.00609	0.00733	0.00461	0.00455	0.00898	0.01356	0.01876	0.65339	0.05769	0.16684	0.01071	0.00589	0.00160	0.00239	0.00938	0.00533	0.00461
23	0.03899	0.01619	0.10902	0.01170	0.01558	0.15329	0.01030	0.39962	0.01788	0.11667	0.01135	0.01171	0.00813	0.00582	0.00545	0.00151	0.05084	0.00418	0.00415	0.00762
24	0.00828	0.00537	0.00706	0.00648	0.00787	0.00491	0.00491	0.01060	0.01412	0.08244	0.72911	0.03560	0.04424	0.00987	0.00581	0.00157	0.00250	0.00869	0.00554	0.00501
25	0.01711	0.10945	0.06967	0.01153	0.07459	0.01055	0.03828	0.03715	0.13352	0.39542	0.04045	0.01572	0.01213	0.00584	0.00484	0.00151	0.00480	0.00484	0.00475	0.00783
26	0.00690	0.00495	0.00680	0.03186	0.03309	0.00467	0.00534	0.00797	0.00975	0.03174	0.02556	0.72645	0.03007	0.01433	0.00616	0.00194	0.00316	0.01299	0.00447	0.03178
27	0.01585	0.01775	0.05390	0.01148	0.01416	0.43930	0.00914	0.07475	0.09352	0.06477	0.01303	0.10693	0.01166	0.00697	0.00514	0.00151	0.02101	0.02941	0.00351	0.00621
28	0.05913	0.41553	0.20019	0.00981	0.01464	0.01461	0.01038	0.01722	0.01106	0.18980	0.01026	0.01060	0.00766	0.00482	0.00395	0.00132	0.00548	0.00343	0.00308	0.00704

[dist]
# distance from previous block
# <min> <max>
1	7

[block]
# block no. 4 follows, 50 sequences, length 17
# corresponding to MSA columns:
# 233-249
name=unknown_E
#
# <colnr> <probs for GDERKNQSTAVLIFYWHMCP>
#	G	D	E	R	K	N	Q	S	T	A	V	L	I	F	Y	W	H	M	C	P
0	0.69180	0.01055	0.03167	0.00740	0.01066	0.03067	0.00625	0.03218	0.05631	0.07133	0.00874	0.00947	0.00655	0.00490	0.00345	0.00155	0.00415	0.00310	0.00340	0.00588
1	0.01528	0.04273	0.12048	0.01139	0.01481	0.34455	0.00983	0.12655	0.07295	0.04652	0.06718	0.04931	0.01175	0.00612	0.00477	0.00142	0.00663	0.00459	0.00348	0.03964
2	0.01083	0.03293	0.39706	0.09463	0.06928	0.01164	0.13243	0.04426	0.06947	0.01636	0.01062	0.03605	0.00822	0.00513	0.00496	0.00157	0.00672	0.00458	0.00264	0.04060
3	0.01420	0.04229	0.03172	0.01121	0.05208	0.05809	0.00862	0.15809	0.39753	0.07965	0.05522	0.04118	0.01449	0.00667	0.00501	0.00159	0.00466	0.00545	0.00469	0.00757
4	0.00629	0.00478	0.00579	0.00614	0.00713	0.00428	0.00438	0.00770	0.01141	0.01499	0.24830	0.35236	0.28213	0.01313	0.00607	0.00179	0.00262	0.01155	0.00487	0.00428
5	0.01314	0.19684	0.21156	0.04231	0.12775	0.04499	0.03232	0.13817	0.09981	0.01771	0.01025	0.01148	0.00796	0.00510	0.00473	0.00145	0.02015	0.00399	0.00299	0.00729
6	0.01707	0.00982	0.01152	0.00962	0.01294	0.01023	0.00769	0.04998	0.41545	0.36828	0.01974	0.01765	0.01371	0.00647	0.00504	0.00162	0.00413	0.00532	0.00556	0.00817
7	0.01284	0.01194	0.01853	0.06228	0.62163	0.04304	0.01397	0.01682	0.08835	0.04596	0.01076	0.01304	0.00868	0.00479	0.00494	0.00150	0.00582	0.00453	0.00286	0.00773
8	0.01766	0.02216	0.01427	0.01287	0.01512	0.70682	0.00979	0.01892	0.01332	0.01217	0.00756	0.00923	0.00644	0.00558	0.00597	0.00140	0.10911	0.00335	0.00252	0.00574
9	0.00589	0.00505	0.00505	0.00505	0.00673	0.00421	0.00379	0.00715	0.01136	0.01347	0.05049	0.04797	0.79171	0.01262	0.00589	0.00168	0.00252	0.01052	0.00463	0.00421
10	0.00622	0.00477	0.00573	0.00625	0.00723	0.00428	0.00449	0.00749	0.01089	0.01400	0.12874	0.39147	0.32445	0.01372	0.00615	0.00185	0.00277	0.05054	0.00473	0.00422
11	0.00598	0.00489	0.00528	0.00553	0.00688	0.00419	0.00402	0.00719	0.01105	0.01355	0.07400	0.22643	0.58728	0.01322	0.00600	0.00176	0.00260	0.01131	0.00466	0.00419
12	0.02236	0.00848	0.01157	0.00887	0.01272	0.00733	0.00733	0.02429	0.01427	0.79719	0.01966	0.01697	0.01234	0.00617	0.00501	0.00154	0.00424	0.00501	0.00617	0.00848
13	0.01283	0.01092	0.01151	0.01023	0.01313	0.01260	0.00799	0.07579	0.73473	0.02154	0.01974	0.01816	0.01477	0.00671	0.00507	0.00168	0.00405	0.00556	0.00507	0.00793
14	0.86003	0.00964	0.00733	0.00655	0.00964	0.01118	0.00540	0.01465	0.00848	0.02236	0.00694	0.00810	0.00540	0.00463	0.00308	0.00154	0.00386	0.00270	0.00308	0.00540
15	0.01895	0.01396	0.01496	0.01147	0.01546	0.01546	0.00947	0.77711	0.02344	0.03141	0.01197	0.01197	0.00848	0.00598	0.00499	0.00150	0.00548	0.00449	0.00499	0.00848
16	0.01087	0.02509	0.72105	0.01400	0.02096	0.05118	0.01754	0.05381	0.01134	0.01638	0.00903	0.01052	0.00643	0.00482	0.00474	0.00156	0.00735	0.00370	0.00227	0.00734

[dist]
# distance from previous block
# <min> <max>
0	10

[block]
# block no. 5 follows, 50 sequences, length 114
# corresponding to MSA columns:
# 260-373
name=unknown_F
#
# <colnr> <probs for GDERKNQSTAVLIFYWHMCP>
#	G	D	E	R	K	N	Q	S	T	A	V	L	I	F	Y	W	H	M	C	P
0	0.00862	0.00646	0.00796	0.00691	0.00882	0.00597	0.00532	0.08017	0.01441	0.02049	0.60537	0.03099	0.03770	0.00885	0.00548	0.00144	0.00283	0.00771	0.00507	0.12943
1	0.01433	0.01116	0.01250	0.08388	0.01549	0.01266	0.00877	0.20202	0.48347	0.07384	0.01724	0.01644	0.01265	0.00638	0.00504	0.00163	0.00457	0.00521	0.00486	0.00785
2	0.01093	0.00884	0.01040	0.00746	0.01186	0.00668	0.00598	0.01314	0.01053	0.05512	0.00940	0.01067	0.00763	0.00381	0.00376	0.00078	0.00372	0.00306	0.00311	0.81314
3	0.00620	0.00443	0.00592	0.00700	0.00737	0.00415	0.00477	0.00720	0.00985	0.01318	0.06544	0.75054	0.03349	0.01527	0.00636	0.00201	0.00294	0.04509	0.00467	0.00410
4	0.01066	0.08396	0.01230	0.00886	0.05844	0.00811	0.00669	0.01284	0.01036	0.01577	0.00902	0.02360	0.00774	0.00398	0.00376	0.00083	0.00396	0.00320	0.00288	0.71303
5	0.01043	0.00910	0.01137	0.00837	0.01254	0.00737	0.05187	0.01374	0.07404	0.01679	0.04881	0.01254	0.01001	0.00430	0.00404	0.00091	0.00393	0.00365	0.00323	0.69298
6	0.00745	0.00493	0.00614	0.00598	0.00707	0.00463	0.00443	0.00966	0.01289	0.01902	0.55182	0.10499	0.03826	0.00973	0.00540	0.00152	0.00239	0.00853	0.19053	0.00463
7	0.01034	0.00886	0.01034	0.00738	0.01181	0.00664	0.00591	0.01255	0.01034	0.01624	0.00886	0.01034	0.00738	0.00369	0.00369	0.00074	0.00369	0.00295	0.00295	0.85530
8	0.00703	0.00509	0.00663	0.00624	0.00743	0.00469	0.00468	0.00936	0.01405	0.01985	0.77484	0.03747	0.06338	0.01024	0.00588	0.00157	0.00236	0.00905	0.00547	0.00469
9	0.01355	0.76984	0.02528	0.00884	0.01293	0.06024	0.00863	0.01512	0.01028	0.01176	0.00696	0.00811	0.00640	0.00440	0.00353	0.00110	0.02179	0.00273	0.00216	0.00635
10	0.01862	0.02376	0.01413	0.01284	0.01541	0.80482	0.00963	0.01990	0.01413	0.01220	0.00770	0.00899	0.00642	0.00514	0.00449	0.00128	0.00899	0.00321	0.00257	0.00578
11	0.01806	0.11157	0.19861	0.01042	0.01515	0.02480	0.02411	0.03307	0.01299	0.47818	0.01510	0.01408	0.00995	0.00555	0.00474	0.00149	0.00529	0.00439	0.00458	0.00789
12	0.25440	0.01027	0.03755	0.01415	0.20883	0.00991	0.03599	0.04081	0.01196	0.24324	0.07500	0.01446	0.01159	0.00550	0.00454	0.00153	0.00468	0.00451	0.00402	0.00706
13	0.65790	0.01153	0.08224	0.00963	0.05023	0.01146	0.06197	0.01481	0.00902	0.02073	0.00746	0.00898	0.00579	0.00471	0.00388	0.00157	0.02626	0.00314	0.00290	0.00580
14	0.01159	0.01108	0.01889	0.22955	0.60059	0.01165	0.01493	0.01465	0.01100	0.01538	0.00924	0.01258	0.00758	0.00458	0.00495	0.00153	0.00611	0.00444	0.00240	0.00730
15	0.00592	0.00505	0.00509	0.00508	0.00675	0.00422	0.00381	0.00721	0.01143	0.01362	0.06812	0.04771	0.77399	0.01257	0.00589	0.00168	0.00252	0.01048	0.00465	0.00422
16	0.00677	0.00508	0.00627	0.00598	0.00727	0.00458	0.00448	0.00886	0.01345	0.01842	0.61253	0.03982	0.22658	0.01078	0.00588	0.00160	0.00239	0.00938	0.00528	0.00458
17	0.01333	0.82783	0.02612	0.00853	0.01279	0.01972	0.00853	0.01493	0.01013	0.01173	0.00693	0.00800	0.00640	0.00426	0.00320	0.00107	0.00533	0.00267	0.00213	0.00640
18	0.01895	0.01396	0.01496	0.01147	0.01546	0.01546	0.00947	0.77711	0.02344	0.03141	0.01197	0.01197	0.00848	0.00598	0.00499	0.00150	0.00548	0.00449	0.00499	0.00848
19	0.01265	0.01083	0.01141	0.01020	0.01306	0.01252	0.00795	0.05578	0.75501	0.02126	0.01996	0.01834	0.01495	0.00673	0.00507	0.00168	0.00400	0.00559	0.00507	0.00791
20	0.86003	0.00964	0.00733	0.00655	0.00964	0.01118	0.00540	0.01465	0.00848	0.02236	0.00694	0.00810	0.00540	0.00463	0.00308	0.00154	0.00386	0.00270	0.00308	0.00540
21	0.02236	0.00848	0.01157	0.00887	0.01272	0.00733	0.00733	0.02429	0.01427	0.79719	0.01966	0.01697	0.01234	0.00617	0.00501	0.00154	0.00424	0.00501	0.00617	0.00848
22	0.00607	0.00434	0.00578	0.00694	0.00723	0.00405	0.00463	0.00694	0.00954	0.01272	0.02747	0.82157	0.03297	0.01562	0.00636	0.00202	0.00289	0.01417	0.00463	0.00405
23	0.01356	0.18564	0.19033	0.01191	0.08569	0.01190	0.01066	0.11406	0.01338	0.14428	0.13389	0.01680	0.01472	0.00610	0.00474	0.00146	0.00519	0.02487	0.00377	0.00704
24	0.00606	0.00453	0.00563	0.00648	0.00712	0.00410	0.00443	0.00706	0.01009	0.01309	0.05311	0.61837	0.21228	0.01477	0.00624	0.00193	0.00279	0.01317	0.00465	0.00410
25	0.03456	0.07732	0.01774	0.03204	0.34205	0.02360	0.04131	0.18816	0.07539	0.06327	0.01112	0.01248	0.00860	0.00503	0.00475	0.00145	0.00552	0.00436	0.00346	0.04781
26	0.01229	0.01273	0.11614	0.25498	0.28393	0.01185	0.01364	0.09871	0.08349	0.04771	0.01086	0.01310	0.00823	0.00509	0.00494	0.00157	0.00602	0.00448	0.00300	0.00722
27	0.00658	0.00508	0.00600	0.00577	0.00715	0.00450	0.00433	0.00848	0.01298	0.01730	0.48600	0.04166	0.35381	0.01119	0.00588	0.00162	0.00242	0.00963	0.00513	0.00450
28	0.01034	0.00886	0.01034	0.00738	0.01181	0.00664	0.00591	0.01255	0.01034	0.01624	0.00886	0.01034	0.00738	0.00369	0.00369	0.00074	0.00369	0.00295	0.00295	0.85530
29	0.02513	0.04846	0.32718	0.02073	0.35795	0.02471	0.01543	0.07814	0.02518	0.01726	0.00945	0.01142	0.00733	0.00473	0.00476	0.00151	0.00642	0.00405	0.00257	0.00761
30	0.01250	0.01214	0.03982	0.05757	0.24514	0.03109	0.01203	0.10309	0.10106	0.01668	0.00981	0.01241	0.00817	0.00653	0.00919	0.00177	0.30668	0.00451	0.00293	0.00687
31	0.00714	0.00510	0.00701	0.00816	0.00892	0.00497	0.00649	0.00879	0.01060	0.01392	0.02688	0.40371	0.03063	0.01461	0.00665	0.00217	0.00382	0.42148	0.00461	0.00434
32	0.01333	0.00650	0.00856	0.00724	0.00958	0.00575	0.00571	0.01540	0.01392	0.34324	0.40183	0.02977	0.10077	0.00874	0.00552	0.00157	0.00315	0.00748	0.00569	0.00623
33	0.00702	0.00507	0.00663	0.00629	0.00744	0.00468	0.00470	0.00932	0.01395	0.01973	0.76427	0.06480	0.04654	0.01038	0.00590	0.00158	0.00237	0.00920	0.00546	0.00468
34	0.00657	0.00508	0.00599	0.00576	0.00715	0.00450	0.00432	0.00846	0.01296	0.01725	0.48056	0.04173	0.35928	0.01121	0.00588	0.00162	0.00242	0.00965	0.00513	0.00450
35	0.86003	0.00964	0.00733	0.00655	0.00964	0.01118	0.00540	0.01465	0.00848	0.02236	0.00694	0.00810	0.00540	0.00463	0.00308	0.00154	0.00386	0.00270	0.00308	0.00540
36	0.61150	0.00930	0.00858	0.00724	0.01055	0.01004	0.00597	0.01751	0.01020	0.25225	0.01072	0.01073	0.00746	0.00508	0.00366	0.00154	0.00397	0.00339	0.00400	0.00631
37	0.86003	0.00964	0.00733	0.00655	0.00964	0.01118	0.00540	0.01465	0.00848	0.02236	0.00694	0.00810	0.00540	0.00463	0.00308	0.00154	0.00386	0.00270	0.00308	0.00540
38	0.00706	0.00510	0.00669	0.00631	0.00748	0.00474	0.00474	0.00939	0.01397	0.01980	0.77371	0.03684	0.04626	0.01080	0.02375	0.00171	0.00260	0.00893	0.00542	0.00470
39	0.00589	0.00505	0.00505	0.00505	0.00673	0.00421	0.00379	0.00715	0.01136	0.01347	0.05049	0.04797	0.79171	0.01262	0.00589	0.00168	0.00252	0.01052	0.00463	0.00421
40	0.86003	0.00964	0.00733	0.00655	0.00964	0.01118	0.00540	0.01465	0.00848	0.02236	0.00694	0.00810	0.00540	0.00463	0.00308	0.00154	0.00386	0.00270	0.00308	0.00540
41	0.00607	0.00434	0.00578	0.00694	0.00723	0.00405	0.00463	0.00694	0.00954	0.01272	0.02747	0.82157	0.03297	0.01562	0.00636	0.00202	0.00289	0.01417	0.00463	0.00405
42	0.01000	0.02578	0.79900	0.01421	0.02157	0.01158	0.01842	0.01579	0.01052	0.01579	0.00895	0.01052	0.00631	0.00474	0.00474	0.00158	0.00737	0.00368	0.00210	0.00737
43	0.00730	0.00521	0.00719	0.00834	0.00916	0.00510	0.00675	0.00905	0.01075	0.01409	0.02680	0.34399	0.03030	0.01446	0.00669	0.00219	0.00395	0.47968	0.00460	0.00439
44	0.83642	0.00961	0.00745	0.00662	0.00973	0.01107	0.00545	0.01492	0.00865	0.04421	0.00730	0.00835	0.00559	0.00467	0.00314	0.00154	0.00387	0.00276	0.00317	0.00549
45	0.01895	0.01396	0.01496	0.01147	0.01546	0.01546	0.00947	0.77711	0.02344	0.03141	0.01197	0.01197	0.00848	0.00598	0.00499	0.00150	0.00548	0.00449	0.00499	0.00848
46	0.00701	0.00509	0.00660	0.00622	0.00742	0.00468	0.00467	0.00932	0.01400	0.01973	0.76220	0.03765	0.07610	0.01029	0.00588	0.00157	0.00236	0.00907	0.00545	0.00468
47	0.00804	0.00474	0.00710	0.00710	0.00746	0.00509	0.00509	0.00746	0.00710	0.00983	0.01054	0.01693	0.01019	0.02538	0.33507	0.51473	0.00795	0.00474	0.00237	0.00308
48	0.11325	0.01112	0.01511	0.26290	0.21827	0.02969	0.01166	0.18129	0.01351	0.08118	0.01028	0.01235	0.00766	0.00512	0.00474	0.00155	0.00574	0.00426	0.00331	0.00700
49	0.00941	0.00886	0.01495	0.81285	0.03433	0.01107	0.01384	0.01274	0.00997	0.01274	0.00886	0.01329	0.00664	0.00498	0.00498	0.00166	0.00664	0.00443	0.00221	0.00554
50	0.00607	0.00434	0.00578	0.00694	0.00723	0.00405	0.00463	0.00694	0.00954	0.01272	0.02747	0.82157	0.03297	0.01562	0.00636	0.00202	0.00289	0.01417	0.00463	0.00405
51	0.86003	0.00964	0.00733	0.00655	0.00964	0.01118	0.00540	0.01465	0.00848	0.02236	0.00694	0.00810	0.00540	0.00463	0.00308	0.00154	0.00386	0.00270	0.00308	0.00540
52	0.01933	0.01064	0.01258	0.00994	0.01363	0.01088	0.00811	0.26149	0.16888	0.40346	0.01737	0.01571	0.01169	0.00623	0.00502	0.00156	0.00457	0.00497	0.00558	0.00836
53	0.01214	0.04937	0.23938	0.02367	0.47545	0.06699	0.03114	0.01575	0.01127	0.01567	0.00906	0.01144	0.00728	0.00456	0.00480	0.00148	0.00657	0.00410	0.00236	0.00752
54	0.00692	0.00509	0.00647	0.00613	0.00736	0.00465	0.00460	0.00914	0.01379	0.01922	0.70423	0.03849	0.13438	0.01048	0.00588	0.00158	0.00237	0.00919	0.00539	0.00465
55	0.01208	0.02962	0.12215	0.01068	0.01417	0.01243	0.00938	0.02475	0.66013	0.01995	0.01842	0.01725	0.01378	0.00643	0.00499	0.00166	0.00445	0.00530	0.00459	0.00779
56	0.00705	0.00510	0.00666	0.00627	0.00745	0.00470	0.00470	0.00941	0.01411	0.01999	0.79110	0.03723	0.04703	0.01019	0.00588	0.00157	0.00235	0.00901	0.00549	0.00470
57	0.00661	0.00508	0.00604	0.00580	0.00717	0.00451	0.00435	0.00854	0.01305	0.01748	0.50601	0.04137	0.33369	0.01113	0.00588	0.00161	0.00242	0.00959	0.00516	0.00451
58	0.01000	0.02578	0.79900	0.01421	0.02157	0.01158	0.01842	0.01579	0.01052	0.01579	0.00895	0.01052	0.00631	0.00474	0.00474	0.00158	0.00737	0.00368	0.00210	0.00737
59	0.00720	0.00503	0.00645	0.00645	0.00679	0.00538	0.00428	0.00790	0.00755	0.01041	0.01478	0.02751	0.01590	0.51616	0.33100	0.00608	0.00817	0.00650	0.00288	0.00358
60	0.00876	0.00567	0.00833	0.00849	0.00967	0.00531	0.04968	0.01028	0.01067	0.10544	0.02531	0.50340	0.02811	0.01343	0.00630	0.00201	0.00376	0.18586	0.00468	0.00485
61	0.04036	0.77761	0.02516	0.00860	0.01277	0.04313	0.00846	0.01507	0.01020	0.01208	0.00695	0.00803	0.00637	0.00430	0.00323	0.00109	0.00539	0.00268	0.00218	0.00635
62	0.01176	0.02646	0.02760	0.38092	0.16577	0.03723	0.01267	0.04196	0.05178	0.05790	0.00985	0.01291	0.00768	0.00563	0.00664	0.00167	0.12800	0.00444	0.00273	0.00640
63	0.00951	0.00566	0.00678	0.00632	0.00816	0.00492	0.00480	0.01105	0.01222	0.17526	0.17740	0.14506	0.39140	0.01126	0.00577	0.00168	0.00289	0.00961	0.00510	0.00515
64	0.08693	0.00536	0.00539	0.00532	0.00667	0.00552	0.00401	0.01200	0.04076	0.01879	0.08378	0.06784	0.01640	0.00671	0.00389	0.00130	0.00256	0.00546	0.61649	0.00481
65	0.08860	0.00925	0.01029	0.00765	0.01183	0.00779	0.00613	0.04093	0.06657	0.01768	0.00962	0.01079	0.00781	0.00408	0.00378	0.00091	0.00379	0.00318	0.00319	0.68614
66	0.38172	0.01003	0.01001	0.00828	0.01168	0.01070	0.00676	0.13104	0.10308	0.16671	0.01226	0.01290	0.00903	0.00550	0.00410	0.00150	0.00418	0.02178	0.00420	0.08453
67	0.00902	0.00792	0.00828	0.00893	0.01018	0.11058	0.00723	0.01119	0.03376	0.01439	0.04967	0.19317	0.07225	0.01260	0.00633	0.00203	0.00463	0.42874	0.00438	0.00472
68	0.01333	0.82783	0.02612	0.00853	0.01279	0.01972	0.00853	0.01493	0.01013	0.01173	0.00693	0.00800	0.00640	0.00426	0.00320	0.00107	0.00533	0.00267	0.00213	0.00640
69	0.03533	0.01003	0.01620	0.04748	0.24657	0.01064	0.12554	0.01477	0.07445	0.06597	0.01429	0.11370	0.02814	0.03180	0.00748	0.00183	0.11712	0.02891	0.00328	0.00647
70	0.08801	0.04736	0.70421	0.01334	0.02023	0.01177	0.01694	0.01566	0.01033	0.01627	0.00870	0.01023	0.00623	0.00471	0.00454	0.00156	0.00699	0.00356	0.00220	0.00716
71	0.00891	0.00600	0.00731	0.00712	0.00854	0.00579	0.00525	0.06066	0.06054	0.08004	0.23398	0.32374	0.13666	0.01165	0.00584	0.00175	0.00303	0.01023	0.01783	0.00514
72	0.28936	0.00923	0.00913	0.00817	0.01080	0.01037	0.00644	0.03905	0.33264	0.03992	0.17490	0.01879	0.01832	0.00674	0.00458	0.00161	0.00363	0.00533	0.00453	0.00645
73	0.01279	0.01185	0.01942	0.10997	0.59127	0.01222	0.04495	0.10514	0.01265	0.01769	0.00966	0.01244	0.00782	0.00467	0.00498	0.00151	0.00605	0.00450	0.00274	0.00767
74	0.01409	0.06105	0.28765	0.01608	0.19878	0.04528	0.01326	0.01875	0.08813	0.18988	0.01239	0.01297	0.00891	0.00518	0.00478	0.00152	0.00595	0.00427	0.00341	0.00767
75	0.00714	0.00479	0.00547	0.00557	0.00560	0.00476	0.00317	0.00722	0.00746	0.00994	0.01678	0.10487	0.01948	0.75072	0.02363	0.00458	0.00465	0.00788	0.00317	0.00311
76	0.01098	0.01071	0.01949	0.03633	0.01903	0.01059	0.39990	0.01661	0.18186	0.03991	0.01753	0.12935	0.05698	0.00706	0.00574	0.00174	0.00609	0.02003	0.00363	0.00645
77	0.01174	0.01102	0.01745	0.18704	0.45495	0.01182	0.03024	0.01716	0.17502	0.01651	0.01160	0.01388	0.00918	0.00504	0.00499	0.00157	0.00571	0.00472	0.00297	0.00738
78	0.00849	0.00646	0.00735	0.00736	0.00876	0.00665	0.00539	0.04583	0.19408	0.01675	0.09543	0.34550	0.13251	0.01131	0.00563	0.00176	0.00310	0.00989	0.08247	0.00528
79	0.00607	0.00434	0.00578	0.00694	0.00723	0.00405	0.00463	0.00694	0.00954	0.01272	0.02747	0.82157	0.03297	0.01562	0.00636	0.00202	0.00289	0.01417	0.00463	0.00405
80	0.01265	0.01200	0.03986	0.02568	0.58071	0.01178	0.05832	0.01738	0.12667	0.04826	0.01144	0.01347	0.00910	0.00485	0.00501	0.00153	0.00574	0.00471	0.00300	0.00784
81	0.01234	0.01184	0.02023	0.03059	0.79373	0.01184	0.01530	0.01530	0.01135	0.01628	0.00938	0.01234	0.00790	0.00444	0.00493	0.00148	0.00592	0.00444	0.00247	0.00790
82	0.01176	0.01345	0.02941	0.02101	0.02605	0.01261	0.77563	0.01597	0.01176	0.01597	0.01008	0.01345	0.00756	0.00420	0.00588	0.00168	0.00840	0.00588	0.00252	0.00672
83	0.82695	0.00973	0.00783	0.00749	0.04024	0.01121	0.00578	0.01468	0.00859	0.02213	0.00704	0.00826	0.00550	0.00462	0.00316	0.00154	0.00394	0.00277	0.00306	0.00550
84	0.00708	0.00500	0.00646	0.00725	0.00782	0.00487	0.00537	0.00824	0.00968	0.01270	0.02482	0.30463	0.05785	0.23434	0.01168	0.00287	0.00401	0.27719	0.00418	0.00397
85	0.01270	0.07958	0.11932	0.02290	0.45961	0.04828	0.05625	0.02848	0.07656	0.03374	0.01028	0.01229	0.00821	0.00474	0.00482	0.00148	0.00612	0.00434	0.00274	0.00757
86	0.00725	0.00483	0.00544	0.00544	0.00544	0.00483	0.00302	0.00725	0.00725	0.00966	0.01571	0.03262	0.01812	0.82483	0.02537	0.00483	0.00483	0.00725	0.00302	0.00302
87	0.01229	0.01321	0.06748	0.13354	0.39503	0.07143	0.14127	0.03222	0.01170	0.02719	0.01014	0.01406	0.00835	0.00497	0.00513	0.00156	0.00667	0.03405	0.00262	0.00707
88	0.00668	0.00468	0.00600	0.00683	0.00716	0.00451	0.00465	0.00751	0.00916	0.01216	0.02397	0.48930	0.02814	0.24551	0.01184	0.00286	0.00368	0.11735	0.00416	0.00383
89	0.28376	0.01332	0.01402	0.01629	0.26739	0.14067	0.01004	0.14116	0.01296	0.04358	0.00907	0.01053	0.00709	0.00492	0.00429	0.00147	0.00564	0.00371	0.00320	0.00687
90	0.01232	0.01103	0.01340	0.01142	0.01450	0.01242	0.09795	0.02525	0.69406	0.02028	0.01909	0.01799	0.01432	0.00646	0.00517	0.00169	0.00447	0.00566	0.00477	0.00775
91	0.08998	0.01146	0.01864	0.05136	0.67675	0.01163	0.01412	0.01542	0.01113	0.03918	0.00943	0.01211	0.00776	0.00452	0.00477	0.00149	0.00571	0.00430	0.00262	0.00761
92	0.00705	0.00510	0.00666	0.00627	0.00745	0.00470	0.00470	0.00941	0.01411	0.01999	0.79110	0.03723	0.04703	0.01019	0.00588	0.00157	0.00235	0.00901	0.00549	0.00470
93	0.01140	0.00954	0.01153	0.01037	0.01272	0.01017	0.05936	0.01998	0.44437	0.02016	0.18900	0.09896	0.02475	0.00914	0.00595	0.00191	0.00420	0.04414	0.00524	0.00710
94	0.18649	0.01050	0.03350	0.01260	0.14560	0.01009	0.00889	0.12426	0.01378	0.38410	0.01404	0.01356	0.00951	0.00550	0.00460	0.00153	0.00470	0.00435	0.00466	0.00774
