[name]
unknown

[dist]
# distance from previous block
# <min> <max>
7	42

[block]
# block no. 0 follows, 38 sequences, length 19
# corresponding to MSA columns:
# 43-61
name=unknown_A
#
# <colnr> <probs for GDERKNQSTAVLIFYWHMCP>
#	G	D	E	R	K	N	Q	S	T	A	V	L	I	F	Y	W	H	M	C	P
0	0.00900	0.00697	0.01009	0.00926	0.01041	0.00690	0.07317	0.01046	0.01109	0.01495	0.09504	0.09572	0.08674	0.35175	0.14774	0.00503	0.00728	0.03934	0.00421	0.00486
1	0.19078	0.18078	0.02226	0.05336	0.05500	0.01500	0.18292	0.01947	0.01297	0.13854	0.01257	0.01455	0.00957	0.00839	0.05733	0.00232	0.00751	0.00505	0.00379	0.00784
2	0.01821	0.01685	0.11507	0.01941	0.14672	0.05187	0.13052	0.18910	0.01783	0.14107	0.01549	0.01921	0.01196	0.00698	0.00626	0.00190	0.00743	0.05670	0.00457	0.02283
3	0.01672	0.01899	0.33058	0.01358	0.01923	0.01162	0.01462	0.04735	0.01499	0.25054	0.09816	0.02119	0.01667	0.00785	0.00706	0.00197	0.05949	0.03589	0.00480	0.00870
4	0.07320	0.11836	0.01274	0.00935	0.01195	0.00953	0.00767	0.01623	0.01435	0.17816	0.18600	0.17788	0.03049	0.01168	0.00647	0.00204	0.00451	0.11692	0.00565	0.00684
5	0.04449	0.01264	0.01583	0.01298	0.01567	0.01470	0.01069	0.17482	0.06273	0.21226	0.06816	0.01812	0.01438	0.00884	0.01094	0.00214	0.28110	0.00594	0.00515	0.00844
6	0.01375	0.12781	0.17663	0.01251	0.01670	0.08170	0.06045	0.01704	0.01426	0.09214	0.15898	0.14672	0.02382	0.00945	0.00619	0.00189	0.00630	0.02190	0.00447	0.00728
7	0.01523	0.02728	0.43335	0.01871	0.10831	0.20391	0.01823	0.02112	0.06378	0.01845	0.01142	0.01316	0.00861	0.00596	0.00570	0.00181	0.00890	0.00457	0.00298	0.00852
8	0.07469	0.00800	0.01008	0.00861	0.01140	0.00733	0.00679	0.01804	0.01638	0.28488	0.38884	0.03453	0.08529	0.01028	0.00648	0.00189	0.00380	0.00873	0.00664	0.00733
9	0.02104	0.08841	0.02038	0.01552	0.01959	0.39648	0.09250	0.18510	0.03952	0.04840	0.01169	0.01287	0.00904	0.00632	0.00566	0.00167	0.00904	0.00470	0.00396	0.00811
10	0.01559	0.32888	0.10327	0.07425	0.18166	0.10052	0.08148	0.01881	0.01330	0.01650	0.00989	0.01233	0.00826	0.00542	0.00515	0.00161	0.00779	0.00441	0.00277	0.00812
11	0.01136	0.01069	0.01804	0.77412	0.04143	0.01337	0.01671	0.01537	0.01203	0.01537	0.01069	0.01604	0.00802	0.00601	0.00601	0.00200	0.00802	0.00535	0.00267	0.00668
12	0.00902	0.00644	0.00892	0.01031	0.01140	0.00634	0.00852	0.01130	0.01319	0.01725	0.03222	0.27184	0.03609	0.01725	0.00813	0.00268	0.00496	0.51323	0.00555	0.00535
13	0.30175	0.01741	0.16394	0.04254	0.02050	0.05052	0.15336	0.02056	0.12058	0.02237	0.01212	0.01386	0.00915	0.00603	0.00561	0.00193	0.02145	0.00492	0.00362	0.00778
14	0.17345	0.03588	0.08452	0.05252	0.22151	0.15822	0.04822	0.06310	0.01442	0.05472	0.01093	0.01311	0.00856	0.00597	0.00584	0.00181	0.03094	0.00466	0.00347	0.00816
15	0.02515	0.08389	0.01559	0.01077	0.01538	0.01066	0.00902	0.02844	0.06599	0.63587	0.02234	0.01959	0.01445	0.00728	0.00585	0.00182	0.00522	0.00583	0.00690	0.00995
16	0.00914	0.00686	0.00955	0.08135	0.01370	0.00689	0.00865	0.01175	0.01407	0.01862	0.18421	0.14085	0.08922	0.01486	0.00768	0.00242	0.00478	0.36433	0.00551	0.00557
17	0.07516	0.14849	0.37464	0.08658	0.02399	0.06963	0.06532	0.01933	0.01302	0.05544	0.01085	0.01280	0.00807	0.00572	0.00539	0.00179	0.00813	0.00446	0.00297	0.00819
18	0.01380	0.26043	0.38558	0.01550	0.02242	0.01721	0.09576	0.01997	0.08107	0.01815	0.01149	0.01307	0.00883	0.00570	0.00534	0.00174	0.00789	0.00459	0.00294	0.00851

[dist]
# distance from previous block
# <min> <max>
0	7

[block]
# block no. 1 follows, 38 sequences, length 9
# corresponding to MSA columns:
# 69-77
name=unknown_B
#
# <colnr> <probs for GDERKNQSTAVLIFYWHMCP>
#	G	D	E	R	K	N	Q	S	T	A	V	L	I	F	Y	W	H	M	C	P
0	0.00768	0.00557	0.00734	0.00862	0.00927	0.00522	0.00615	0.00904	0.01206	0.01584	0.03513	0.61507	0.09458	0.01821	0.00773	0.00246	0.00378	0.12567	0.00558	0.00500
1	0.01386	0.01326	0.02289	0.11530	0.55715	0.01345	0.06244	0.01751	0.01386	0.01957	0.07997	0.01790	0.01374	0.00606	0.00614	0.00184	0.00703	0.00598	0.00329	0.00876
2	0.05085	0.03826	0.06922	0.01269	0.03887	0.10018	0.09177	0.01644	0.01504	0.08981	0.21676	0.05793	0.11358	0.00988	0.00650	0.00193	0.00586	0.05257	0.00495	0.00690
3	0.01492	0.01428	0.02234	0.24624	0.39818	0.04919	0.06192	0.08431	0.01476	0.01986	0.01139	0.01508	0.00905	0.00574	0.00603	0.00186	0.00771	0.00540	0.00318	0.00856
4	0.01522	0.01806	0.12505	0.01488	0.03685	0.17222	0.01283	0.10750	0.01402	0.01820	0.01138	0.01516	0.00977	0.01610	0.17942	0.00375	0.21390	0.00514	0.00329	0.00728
5	0.07691	0.10226	0.26003	0.01560	0.06660	0.01390	0.07313	0.06396	0.01489	0.23414	0.01448	0.01495	0.01006	0.00616	0.00562	0.00182	0.00708	0.00503	0.00433	0.00904
6	0.01566	0.01519	0.09998	0.17721	0.04754	0.04756	0.07255	0.05296	0.10009	0.11941	0.02864	0.01673	0.01133	0.00741	0.00879	0.00207	0.15910	0.00569	0.00400	0.00809
7	0.34042	0.06470	0.09993	0.11549	0.04033	0.01494	0.14755	0.07468	0.01315	0.02298	0.01023	0.01264	0.00778	0.00566	0.00513	0.00187	0.00694	0.00462	0.00342	0.00755
8	0.12217	0.14767	0.19437	0.07331	0.06166	0.03723	0.01344	0.04806	0.15305	0.07317	0.01374	0.01463	0.01031	0.00627	0.00529	0.00181	0.00667	0.00479	0.00392	0.00846

[dist]
# distance from previous block
# <min> <max>
6	25

[block]
# block no. 2 follows, 38 sequences, length 9
# corresponding to MSA columns:
# 103-111
name=unknown_C
#
# <colnr> <probs for GDERKNQSTAVLIFYWHMCP>
#	G	D	E	R	K	N	Q	S	T	A	V	L	I	F	Y	W	H	M	C	P
0	0.01626	0.01355	0.04441	0.08535	0.15584	0.01256	0.30103	0.02008	0.01432	0.18142	0.01622	0.08294	0.01298	0.00693	0.00658	0.00198	0.00771	0.00720	0.00418	0.00846
1	0.01466	0.03505	0.11649	0.01528	0.12146	0.01084	0.03308	0.01767	0.01415	0.18077	0.13538	0.09162	0.08275	0.00954	0.00787	0.00200	0.09084	0.00789	0.00488	0.00779
2	0.01479	0.01630	0.15287	0.04810	0.07256	0.01289	0.30438	0.05198	0.01501	0.10601	0.10077	0.01959	0.01543	0.00782	0.03213	0.00220	0.00823	0.00668	0.00402	0.00825
3	0.01477	0.04107	0.18714	0.04202	0.05216	0.01355	0.32332	0.01931	0.01380	0.11087	0.01488	0.05369	0.01204	0.00691	0.00699	0.00202	0.03390	0.03963	0.00368	0.00823
4	0.05289	0.02066	0.29759	0.09079	0.02588	0.05430	0.19933	0.01941	0.01345	0.08448	0.01287	0.01673	0.00980	0.00641	0.00670	0.00199	0.04013	0.03509	0.00334	0.00815
5	0.01422	0.01475	0.08099	0.17963	0.15437	0.04104	0.22086	0.01826	0.01378	0.07351	0.01536	0.02065	0.03664	0.00671	0.00642	0.00195	0.00797	0.05420	0.00352	0.03520
6	0.01502	0.07642	0.12596	0.06115	0.22514	0.01448	0.18468	0.04018	0.01406	0.08136	0.03721	0.03661	0.01173	0.00642	0.00676	0.00190	0.04285	0.00603	0.00353	0.00851
7	0.01528	0.03467	0.21676	0.04271	0.15272	0.03902	0.04185	0.05250	0.07234	0.11584	0.01713	0.06996	0.02944	0.00784	0.00665	0.00197	0.03545	0.03520	0.00415	0.00853
8	0.01562	0.04830	0.06012	0.10724	0.18704	0.02940	0.04891	0.05138	0.01470	0.15449	0.05769	0.10438	0.01693	0.00814	0.00618	0.00189	0.00633	0.03071	0.00447	0.04608

[dist]
# distance from previous block
# <min> <max>
23	50

[block]
# block no. 3 follows, 38 sequences, length 8
# corresponding to MSA columns:
# 170-177
name=unknown_D
#
# <colnr> <probs for GDERKNQSTAVLIFYWHMCP>
#	G	D	E	R	K	N	Q	S	T	A	V	L	I	F	Y	W	H	M	C	P
0	0.06877	0.19345	0.12169	0.01329	0.05167	0.06330	0.01178	0.13764	0.07732	0.11843	0.01535	0.01579	0.03591	0.00759	0.02487	0.00191	0.00678	0.00499	0.00434	0.02513
1	0.03917	0.27749	0.11318	0.01453	0.07719	0.01847	0.01259	0.21174	0.04580	0.04822	0.01303	0.01408	0.02795	0.00660	0.00608	0.00171	0.05477	0.00475	0.00396	0.00868
2	0.01740	0.20937	0.08601	0.01152	0.01580	0.04966	0.01041	0.14876	0.01628	0.15725	0.01779	0.15511	0.01607	0.00882	0.00573	0.00179	0.00603	0.02528	0.00479	0.03613
3	0.04290	0.37873	0.18123	0.01170	0.01703	0.01732	0.01212	0.06711	0.01408	0.09304	0.05246	0.06206	0.01322	0.00690	0.00504	0.00164	0.00640	0.00520	0.00374	0.00807
4	0.04994	0.36073	0.09282	0.01328	0.01854	0.01955	0.08429	0.22671	0.01698	0.02252	0.01109	0.01294	0.00898	0.03041	0.00582	0.00174	0.00700	0.00454	0.00371	0.00843
5	0.01695	0.46875	0.18985	0.01220	0.01810	0.01960	0.01291	0.08826	0.01439	0.09271	0.01105	0.01189	0.00867	0.00571	0.00470	0.00153	0.00686	0.00399	0.00339	0.00848
6	0.01289	0.37062	0.11699	0.08821	0.01762	0.01620	0.01131	0.01535	0.01132	0.01453	0.01108	0.01538	0.01002	0.04858	0.16145	0.05551	0.00878	0.00462	0.00276	0.00679
7	0.01391	0.51122	0.18368	0.01148	0.01671	0.01887	0.01215	0.01680	0.01222	0.01538	0.01259	0.12612	0.01249	0.00732	0.00483	0.00159	0.00652	0.00556	0.00302	0.00755

[dist]
# distance from previous block
# <min> <max>
4	7

[block]
# block no. 4 follows, 38 sequences, length 6
# corresponding to MSA columns:
# 185-190
name=unknown_E
#
# <colnr> <probs for GDERKNQSTAVLIFYWHMCP>
#	G	D	E	R	K	N	Q	S	T	A	V	L	I	F	Y	W	H	M	C	P
0	0.01475	0.19123	0.16214	0.01390	0.03557	0.03175	0.09253	0.01817	0.01353	0.10141	0.08336	0.05325	0.01509	0.00711	0.00637	0.00172	0.05041	0.00583	0.00384	0.09805
1	0.09231	0.64398	0.02757	0.00994	0.01497	0.02132	0.00964	0.01771	0.01206	0.01588	0.00859	0.00993	0.00772	0.00512	0.00390	0.00130	0.00608	0.00325	0.00278	0.08595
2	0.01526	0.19820	0.01772	0.00988	0.01508	0.01301	0.00845	0.09552	0.01441	0.05977	0.01125	0.01245	0.00909	0.00509	0.00457	0.00114	0.00520	0.00382	0.00381	0.49628
3	0.01394	0.20545	0.38407	0.01312	0.01954	0.01435	0.01516	0.01839	0.01338	0.09893	0.04755	0.01948	0.09786	0.00716	0.00553	0.00177	0.00696	0.00557	0.00361	0.00818
4	0.00781	0.00558	0.00698	0.00789	0.00840	0.00528	0.00529	0.00877	0.01123	0.01473	0.03243	0.48069	0.10679	0.20527	0.01324	0.00325	0.00416	0.06246	0.00511	0.00465
5	0.01412	0.03700	0.24198	0.01681	0.05587	0.09529	0.14993	0.05835	0.01451	0.04268	0.01692	0.09702	0.03443	0.00813	0.00628	0.00196	0.00775	0.05319	0.03999	0.00778

[dist]
# distance from previous block
# <min> <max>
1	30

[block]
# block no. 5 follows, 38 sequences, length 7
# corresponding to MSA columns:
# 221-227
name=unknown_F
#
# <colnr> <probs for GDERKNQSTAVLIFYWHMCP>
#	G	D	E	R	K	N	Q	S	T	A	V	L	I	F	Y	W	H	M	C	P
0	0.00766	0.00566	0.00724	0.00837	0.00919	0.00524	0.00603	0.00906	0.01229	0.01594	0.03818	0.53662	0.17233	0.01782	0.00767	0.00242	0.00373	0.12397	0.00558	0.00502
1	0.01762	0.01606	0.09949	0.10783	0.23220	0.05959	0.06254	0.12918	0.01640	0.14806	0.01456	0.04437	0.01118	0.00665	0.00607	0.00187	0.00729	0.00585	0.00424	0.00894
2	0.01548	0.01713	0.13601	0.02063	0.08897	0.05708	0.30858	0.01963	0.01404	0.11188	0.01479	0.04046	0.01206	0.00709	0.00752	0.00204	0.06128	0.05340	0.00373	0.00819
3	0.00828	0.00588	0.00789	0.00916	0.00984	0.00568	0.00684	0.00983	0.01208	0.01595	0.03144	0.46845	0.03639	0.08664	0.00994	0.00286	0.00441	0.25804	0.00540	0.00500
4	0.01360	0.01349	0.02448	0.27536	0.38045	0.01417	0.15511	0.01761	0.01325	0.01818	0.01128	0.01552	0.00896	0.00552	0.00620	0.00190	0.00801	0.00569	0.00289	0.00833
5	0.01658	0.04237	0.10430	0.10167	0.02313	0.03660	0.20894	0.04223	0.01463	0.20752	0.01802	0.08665	0.03317	0.02806	0.00702	0.00206	0.00735	0.00712	0.00446	0.00811
6	0.01482	0.01883	0.23650	0.05896	0.12503	0.01348	0.27894	0.01977	0.01407	0.10681	0.04386	0.01674	0.01138	0.00593	0.00637	0.00193	0.00837	0.00605	0.00355	0.00861

[dist]
# distance from previous block
# <min> <max>
0	4

[block]
# block no. 6 follows, 38 sequences, length 25
# corresponding to MSA columns:
# 232-255,267
name=unknown_G
#
# <colnr> <probs for GDERKNQSTAVLIFYWHMCP>
#	G	D	E	R	K	N	Q	S	T	A	V	L	I	F	Y	W	H	M	C	P
0	0.01718	0.01213	0.02072	0.01881	0.14695	0.01136	0.21570	0.05252	0.01583	0.23684	0.08499	0.02438	0.09894	0.00770	0.00654	0.00192	0.00654	0.00737	0.00506	0.00853
1	0.01389	0.05396	0.44571	0.10930	0.03770	0.01374	0.01790	0.05206	0.05703	0.07964	0.01441	0.01708	0.02404	0.00663	0.00586	0.00192	0.00777	0.02927	0.00350	0.00860
2	0.01778	0.01868	0.01382	0.01280	0.01501	0.40624	0.00956	0.01922	0.01461	0.08834	0.01651	0.17773	0.01634	0.05550	0.03798	0.00240	0.05951	0.00736	0.00406	0.00658
3	0.01002	0.00672	0.00894	0.01019	0.05861	0.00617	0.00690	0.01173	0.01326	0.09027	0.08346	0.39179	0.18755	0.01543	0.00730	0.00225	0.00393	0.07394	0.00566	0.00587
4	0.02400	0.01320	0.01804	0.01360	0.01849	0.01291	0.10069	0.26174	0.02052	0.42337	0.01918	0.01793	0.01261	0.00707	0.00617	0.00186	0.00625	0.00597	0.00641	0.00997
5	0.01370	0.01309	0.02258	0.10663	0.56111	0.01326	0.05753	0.01714	0.01333	0.01875	0.01360	0.09619	0.01254	0.00683	0.00621	0.00189	0.00702	0.00670	0.00323	0.00868
6	0.75105	0.01149	0.00935	0.00819	0.01200	0.01303	0.00675	0.01884	0.01093	0.09947	0.00990	0.01084	0.00735	0.00577	0.00395	0.00186	0.00470	0.00354	0.00409	0.00689
7	0.09457	0.01301	0.01747	0.01501	0.01538	0.01794	0.01250	0.01480	0.00931	0.01572	0.00794	0.01282	0.00776	0.01004	0.01815	0.00256	0.70064	0.00506	0.00274	0.00657
8	0.83108	0.01163	0.00884	0.00791	0.01163	0.01350	0.00651	0.01768	0.01024	0.02699	0.00838	0.00977	0.00651	0.00558	0.00372	0.00186	0.00465	0.00326	0.00372	0.00651
9	0.01350	0.07767	0.39823	0.09659	0.02505	0.01511	0.07207	0.05575	0.14830	0.02038	0.01343	0.01500	0.00990	0.00618	0.00581	0.00190	0.00784	0.00514	0.00343	0.00870
10	0.00863	0.00610	0.00856	0.00882	0.00972	0.00673	0.00657	0.01050	0.01024	0.01491	0.01981	0.16536	0.02011	0.08596	0.50011	0.00725	0.01177	0.00849	0.08518	0.00519
11	0.01233	0.01139	0.01809	0.63489	0.03692	0.01431	0.01594	0.06218	0.01276	0.01674	0.01061	0.01559	0.00815	0.00663	0.00763	0.00207	0.09864	0.00534	0.00289	0.00690
12	0.01136	0.02240	0.47201	0.01407	0.02034	0.01194	0.01636	0.01835	0.10558	0.01979	0.09102	0.06444	0.07105	0.00907	0.02423	0.00215	0.00719	0.00676	0.00382	0.00806
13	0.00717	0.00610	0.00618	0.00616	0.00816	0.00511	0.00462	0.00876	0.01386	0.01661	0.09214	0.05731	0.71719	0.01510	0.00711	0.00203	0.00304	0.01261	0.00563	0.00511
14	0.04147	0.01178	0.01330	0.06175	0.01627	0.01302	0.00932	0.15391	0.32517	0.09335	0.11137	0.03645	0.02050	0.00834	0.00605	0.00192	0.00496	0.00689	0.05554	0.00863
15	0.01406	0.01722	0.08339	0.02481	0.03108	0.01513	0.68231	0.01926	0.01410	0.01926	0.01208	0.01599	0.00903	0.00511	0.00701	0.00202	0.01006	0.00692	0.00301	0.00817
16	0.01608	0.79220	0.03152	0.01029	0.01544	0.02380	0.01029	0.01801	0.01222	0.01415	0.00836	0.00965	0.00772	0.00515	0.00386	0.00129	0.00643	0.00322	0.00257	0.00772
17	0.01364	0.16612	0.58505	0.01555	0.02353	0.01544	0.01933	0.01945	0.01287	0.06023	0.01110	0.01260	0.00805	0.00571	0.00540	0.00179	0.00824	0.00432	0.00283	0.00876
18	0.00875	0.00583	0.00656	0.00656	0.00656	0.00583	0.00365	0.00875	0.00875	0.01166	0.01895	0.03937	0.02187	0.78858	0.03062	0.00583	0.00583	0.00875	0.00365	0.00365
19	0.00732	0.00528	0.00693	0.00826	0.00869	0.00490	0.00553	0.00839	0.01163	0.01540	0.03462	0.74640	0.07710	0.01866	0.00765	0.00242	0.00347	0.01687	0.00558	0.00490
20	0.01554	0.03748	0.01972	0.02160	0.29556	0.07481	0.05358	0.06610	0.05157	0.03592	0.01205	0.01419	0.00972	0.00543	0.00546	0.00150	0.00656	0.00480	0.00362	0.26478
21	0.01285	0.12533	0.57253	0.01734	0.02540	0.01537	0.11199	0.01895	0.01283	0.01846	0.01067	0.01277	0.00783	0.00556	0.00566	0.00184	0.00874	0.00463	0.00261	0.00864
22	0.00900	0.00605	0.00760	0.00722	0.00863	0.00566	0.00541	0.01183	0.01624	0.02382	0.61693	0.04089	0.04933	0.01135	0.00658	0.00180	0.00283	0.00993	0.15323	0.00566
23	0.01400	0.01195	0.01277	0.01175	0.01477	0.01369	0.00902	0.02899	0.64815	0.02393	0.02558	0.11872	0.02107	0.00951	0.00632	0.00209	0.00460	0.00810	0.00605	0.00894
24	0.28615	0.01410	0.01515	0.01450	0.10838	0.01561	0.01038	0.29748	0.10546	0.05682	0.01360	0.01415	0.01007	0.00657	0.00527	0.00185	0.00576	0.00489	0.00495	0.00884

[dist]
# distance from previous block
# <min> <max>
0	2

[block]
# block no. 7 follows, 38 sequences, length 13
# corresponding to MSA columns:
# 270-282
name=unknown_H
#
# <colnr> <probs for GDERKNQSTAVLIFYWHMCP>
#	G	D	E	R	K	N	Q	S	T	A	V	L	I	F	Y	W	H	M	C	P
0	0.02179	0.01631	0.01745	0.01362	0.01824	0.01815	0.01117	0.63544	0.12560	0.03617	0.01582	0.01554	0.01134	0.00735	0.00603	0.00184	0.00637	0.00561	0.00603	0.01013
1	0.02947	0.01525	0.13892	0.12115	0.21826	0.01206	0.05626	0.01813	0.02800	0.06463	0.02638	0.01513	0.01021	0.00558	0.00560	0.00163	0.00673	0.00499	0.00344	0.21818
2	0.01086	0.00911	0.01277	0.27219	0.03763	0.04839	0.01047	0.01227	0.01081	0.01403	0.01520	0.15491	0.01536	0.04327	0.07879	0.18539	0.05238	0.00756	0.00329	0.00531
3	0.00993	0.00674	0.00867	0.00799	0.00970	0.00634	0.00606	0.01347	0.05441	0.06695	0.66814	0.04234	0.05233	0.01180	0.00698	0.00190	0.00307	0.01039	0.00664	0.00614
4	0.01411	0.00719	0.00941	0.00851	0.01073	0.00647	0.00649	0.01638	0.01555	0.24736	0.30572	0.18505	0.06188	0.01185	0.00669	0.00196	0.00368	0.01034	0.06373	0.00690
5	0.00936	0.00614	0.00775	0.00742	0.00888	0.00569	0.00553	0.01198	0.01587	0.04753	0.54140	0.10046	0.07411	0.01204	0.00671	0.00187	0.00297	0.01056	0.11799	0.00574
6	0.01341	0.01313	0.01777	0.01531	0.01577	0.01795	0.01266	0.01687	0.10914	0.01594	0.01016	0.01443	0.00933	0.01021	0.01788	0.00255	0.67193	0.00547	0.00311	0.00698
7	0.00868	0.00580	0.00658	0.00665	0.00667	0.00579	0.00374	0.00873	0.00888	0.01184	0.01964	0.07544	0.02274	0.75133	0.02951	0.00567	0.00572	0.00915	0.00374	0.00371
8	0.00972	0.00716	0.00937	0.00919	0.01044	0.00811	0.00691	0.01363	0.10965	0.01589	0.01800	0.02577	0.01657	0.15019	0.48187	0.00731	0.01182	0.00677	0.07593	0.00570
9	0.01384	0.01342	0.01840	0.01566	0.01599	0.01844	0.01304	0.06465	0.01055	0.01612	0.00836	0.01325	0.00806	0.01030	0.01878	0.00257	0.72359	0.00528	0.00287	0.00684
10	0.04398	0.13536	0.01927	0.25021	0.17143	0.05085	0.01306	0.01791	0.01384	0.09914	0.11251	0.01875	0.01563	0.00676	0.00570	0.00179	0.00658	0.00570	0.00384	0.00769
11	0.01471	0.53201	0.27968	0.01264	0.01906	0.02044	0.01437	0.01837	0.01239	0.01583	0.00919	0.01069	0.00769	0.00534	0.00449	0.00150	0.00727	0.00364	0.00256	0.00812
12	0.00873	0.00589	0.00684	0.00684	0.00693	0.00598	0.00399	0.00892	0.00883	0.01187	0.01870	0.03798	0.02127	0.72298	0.09540	0.00617	0.00674	0.00855	0.00361	0.00380

[dist]
# distance from previous block
# <min> <max>
0	1

[block]
# block no. 8 follows, 38 sequences, length 8
# corresponding to MSA columns:
# 284-291
name=unknown_I
#
# <colnr> <probs for GDERKNQSTAVLIFYWHMCP>
#	G	D	E	R	K	N	Q	S	T	A	V	L	I	F	Y	W	H	M	C	P
0	0.01258	0.05737	0.50647	0.01842	0.02599	0.01421	0.18916	0.01863	0.01311	0.01883	0.01241	0.01704	0.00976	0.00626	0.00614	0.00197	0.00887	0.05149	0.00286	0.00844
1	0.01232	0.01207	0.01851	0.66768	0.09874	0.05848	0.01655	0.01614	0.01247	0.01569	0.01066	0.01563	0.00813	0.00597	0.00597	0.00196	0.00812	0.00526	0.00272	0.00694
2	0.01121	0.00561	0.00561	0.00561	0.00701	0.00561	0.00421	0.01402	0.01262	0.02243	0.01962	0.02243	0.01542	0.00701	0.00421	0.00140	0.00280	0.00561	0.82198	0.00561
3	0.01345	0.01267	0.02090	0.03004	0.55332	0.01314	0.01578	0.01638	0.01288	0.01842	0.01462	0.14330	0.01442	0.00813	0.00763	0.00198	0.08379	0.00731	0.00338	0.00846
4	0.00754	0.00607	0.00672	0.00665	0.00841	0.00525	0.00495	0.00943	0.01459	0.01856	0.26480	0.09131	0.50550	0.01454	0.00713	0.00201	0.00301	0.01238	0.00590	0.00525
5	0.00905	0.00671	0.00874	0.00961	0.01105	0.00652	0.00793	0.01191	0.03932	0.01830	0.11298	0.15024	0.15212	0.01591	0.00783	0.00249	0.00457	0.41349	0.00569	0.00554
6	0.01602	0.60659	0.02751	0.01118	0.01553	0.09635	0.01053	0.01795	0.01268	0.01455	0.01041	0.01487	0.01000	0.00652	0.00526	0.00151	0.04917	0.06307	0.00288	0.00740
7	0.01170	0.01103	0.04106	0.01675	0.12490	0.01228	0.01253	0.01417	0.01206	0.01695	0.01959	0.06368	0.02063	0.01247	0.01189	0.00253	0.27923	0.30593	0.00402	0.00660

[dist]
# distance from previous block
# <min> <max>
5	12

[block]
# block no. 9 follows, 38 sequences, length 41
# corresponding to MSA columns:
# 305,306,309-347
name=unknown_J
#
# <colnr> <probs for GDERKNQSTAVLIFYWHMCP>
#	G	D	E	R	K	N	Q	S	T	A	V	L	I	F	Y	W	H	M	C	P
0	0.02674	0.01064	0.01421	0.01089	0.01556	0.00944	0.00900	0.07177	0.01789	0.71183	0.02317	0.02011	0.01461	0.00743	0.00605	0.00186	0.00521	0.00601	0.00736	0.01024
1	0.08348	0.01301	0.01783	0.15448	0.15323	0.05705	0.07955	0.01746	0.01304	0.04665	0.01115	0.01388	0.00883	0.00527	0.00531	0.00152	0.00655	0.00463	0.00338	0.30368
2	0.01374	0.01272	0.06058	0.29223	0.02552	0.04375	0.04145	0.09057	0.07710	0.06305	0.03841	0.09941	0.03256	0.00887	0.00672	0.00206	0.02455	0.05503	0.00428	0.00738
3	0.01258	0.01217	0.01712	0.06076	0.01652	0.01669	0.01251	0.01410	0.00968	0.01491	0.01024	0.06574	0.01036	0.01068	0.01747	0.00253	0.64770	0.00608	0.03572	0.00643
4	0.00797	0.00625	0.00735	0.00737	0.00906	0.00545	0.00545	0.00983	0.01394	0.01827	0.21889	0.22219	0.33526	0.01468	0.00711	0.00204	0.00329	0.03938	0.00570	0.06053
5	0.08283	0.02681	0.55071	0.01586	0.02313	0.04260	0.01886	0.06723	0.03396	0.02073	0.01099	0.01280	0.00803	0.00618	0.00642	0.00193	0.05484	0.00450	0.00300	0.00859
6	0.01275	0.00730	0.00820	0.05349	0.01100	0.00763	0.00611	0.01760	0.11609	0.07452	0.05368	0.02294	0.01726	0.00739	0.00485	0.00158	0.00356	0.00604	0.56143	0.00656
7	0.01455	0.01398	0.02363	0.08537	0.65871	0.01448	0.01802	0.01801	0.01331	0.01905	0.01107	0.01486	0.00933	0.00572	0.00679	0.00185	0.05382	0.00535	0.00294	0.00916
8	0.00875	0.00592	0.00691	0.00690	0.00716	0.00586	0.00420	0.00928	0.01016	0.01374	0.12499	0.04139	0.02746	0.64326	0.02626	0.00513	0.00539	0.03905	0.00416	0.00402
9	0.00764	0.00555	0.00725	0.00832	0.00902	0.00516	0.00585	0.00907	0.01252	0.01665	0.11678	0.58186	0.09899	0.01762	0.00762	0.00237	0.00355	0.07342	0.00570	0.00505
10	0.01449	0.01575	0.07206	0.18834	0.45436	0.06922	0.04171	0.01865	0.03332	0.01848	0.01139	0.01494	0.00918	0.00565	0.00596	0.00184	0.00776	0.00528	0.00298	0.00865
11	0.00777	0.00595	0.00724	0.00808	0.00933	0.00542	0.00611	0.00939	0.01290	0.01630	0.04378	0.33870	0.31722	0.01693	0.00760	0.00235	0.00377	0.17048	0.00558	0.00511
12	0.01849	0.50413	0.02606	0.01226	0.01663	0.30324	0.01080	0.02028	0.01404	0.01437	0.00872	0.01010	0.00773	0.00554	0.00445	0.00139	0.00810	0.00346	0.00277	0.00744
13	0.02699	0.01024	0.01396	0.01070	0.01536	0.00884	0.00884	0.02932	0.01722	0.75522	0.02373	0.02048	0.01489	0.00745	0.00605	0.00186	0.00512	0.00605	0.00745	0.01024
14	0.01514	0.02689	0.55789	0.01592	0.02358	0.04387	0.01898	0.08123	0.03938	0.10180	0.01294	0.01396	0.00901	0.00614	0.00578	0.00188	0.00822	0.00476	0.00352	0.00910
15	0.01489	0.01429	0.02442	0.03692	0.75106	0.01429	0.01846	0.01846	0.01370	0.01965	0.01132	0.01489	0.00953	0.00536	0.00596	0.00179	0.00715	0.00536	0.00298	0.00953
16	0.02481	0.01031	0.01344	0.01052	0.01484	0.00937	0.00862	0.05822	0.06103	0.62099	0.02305	0.02050	0.01494	0.00744	0.00590	0.00183	0.00497	0.00603	0.07338	0.00982
17	0.01247	0.01069	0.01247	0.00891	0.01426	0.00802	0.00713	0.01515	0.01247	0.01960	0.01069	0.01247	0.00891	0.00446	0.00446	0.00089	0.00446	0.00356	0.00356	0.82536
18	0.00875	0.00583	0.00656	0.00656	0.00656	0.00583	0.00365	0.00875	0.00875	0.01166	0.01895	0.03937	0.02187	0.78858	0.03062	0.00583	0.00583	0.00875	0.00365	0.00365
19	0.00875	0.00583	0.00656	0.00656	0.00656	0.00583	0.00365	0.00875	0.00875	0.01166	0.01895	0.03937	0.02187	0.78858	0.03062	0.00583	0.00583	0.00875	0.00365	0.00365
20	0.00951	0.00639	0.00824	0.00763	0.00930	0.00582	0.00577	0.01220	0.01677	0.06727	0.64781	0.04454	0.11135	0.01225	0.00703	0.00190	0.00299	0.01074	0.00659	0.00590
21	0.05998	0.01859	0.20024	0.01796	0.07854	0.02840	0.15054	0.11230	0.12332	0.08364	0.01435	0.01569	0.01055	0.00654	0.00682	0.00196	0.05197	0.00560	0.00413	0.00887
22	0.01489	0.01429	0.02442	0.03692	0.75106	0.01429	0.01846	0.01846	0.01370	0.01965	0.01132	0.01489	0.00953	0.00536	0.00596	0.00179	0.00715	0.00536	0.00298	0.00953
23	0.00745	0.00529	0.00694	0.00822	0.00854	0.00497	0.00542	0.00841	0.01128	0.01504	0.03195	0.72141	0.03827	0.08417	0.00963	0.00273	0.00369	0.01639	0.00542	0.00478
24	0.01458	0.01336	0.01723	0.07863	0.01925	0.13625	0.15218	0.01806	0.04408	0.09335	0.18536	0.06096	0.03844	0.00918	0.00736	0.00199	0.04818	0.04977	0.00471	0.00707
25	0.00806	0.00613	0.00742	0.00710	0.00871	0.00548	0.00532	0.01048	0.01597	0.02160	0.52762	0.04909	0.27860	0.01324	0.00710	0.00194	0.00291	0.01146	0.00629	0.00548
26	0.01235	0.01189	0.02071	0.55580	0.19987	0.01370	0.06753	0.01634	0.01256	0.01661	0.01094	0.01579	0.00844	0.00580	0.00608	0.00196	0.00797	0.00547	0.00277	0.00742
27	0.01094	0.00843	0.00988	0.00894	0.01110	0.00862	0.00687	0.07642	0.16499	0.02492	0.48745	0.03873	0.09625	0.01124	0.00681	0.00193	0.00357	0.00972	0.00639	0.00680
28	0.00741	0.00540	0.00700	0.00825	0.00882	0.00499	0.00565	0.00858	0.01185	0.01557	0.03609	0.67592	0.11575	0.01836	0.00764	0.00241	0.00353	0.04626	0.00558	0.00493
29	0.01247	0.01069	0.01247	0.00891	0.01426	0.00802	0.00713	0.01515	0.01247	0.01960	0.01069	0.01247	0.00891	0.00446	0.00446	0.00089	0.00446	0.00356	0.00356	0.82536
30	0.01508	0.01251	0.01332	0.01180	0.01511	0.01425	0.00922	0.09830	0.58635	0.02624	0.08473	0.02357	0.02073	0.00838	0.00613	0.00198	0.00472	0.00697	0.03146	0.00914
31	0.00827	0.00637	0.00762	0.00767	0.00914	0.00595	0.00561	0.01127	0.06355	0.01989	0.33607	0.22698	0.24050	0.01442	0.00718	0.00207	0.00318	0.01262	0.00605	0.00558
32	0.00800	0.00609	0.00722	0.00722	0.00867	0.00549	0.00535	0.00997	0.01447	0.01906	0.32752	0.10085	0.31453	0.08003	0.00922	0.00238	0.00340	0.05948	0.00583	0.00521
33	0.02398	0.00610	0.00715	0.00701	0.00821	0.00590	0.00499	0.01141	0.01305	0.03411	0.24116	0.08228	0.10692	0.17302	0.05909	0.00313	0.00442	0.00928	0.19356	0.00522
34	0.00874	0.00588	0.00682	0.00682	0.00692	0.00598	0.00397	0.00892	0.00883	0.01186	0.01871	0.03803	0.02129	0.72549	0.09292	0.00616	0.00670	0.00855	0.00361	0.00379
35	0.01290	0.08002	0.08441	0.16464	0.26859	0.01361	0.12454	0.01663	0.01314	0.01788	0.01650	0.04948	0.07516	0.00690	0.00607	0.00187	0.00723	0.00649	0.02607	0.00789
36	0.01565	0.55202	0.15917	0.01224	0.01758	0.07607	0.01270	0.01842	0.01248	0.01509	0.00884	0.01050	0.00772	0.00566	0.00529	0.00150	0.05505	0.00361	0.00261	0.00780
37	0.78767	0.01191	0.00934	0.00823	0.01201	0.01377	0.00678	0.05599	0.01121	0.02758	0.00870	0.01002	0.00671	0.00567	0.00385	0.00186	0.00476	0.00337	0.00385	0.00671
38	0.00947	0.00792	0.01157	0.07684	0.11099	0.00765	0.03263	0.01226	0.01523	0.02075	0.40032	0.06034	0.18794	0.01139	0.00687	0.00194	0.00416	0.01009	0.00544	0.00621
39	0.02285	0.01213	0.07664	0.01123	0.01585	0.00991	0.00986	0.04894	0.08816	0.53673	0.08392	0.02190	0.01803	0.00777	0.00612	0.00188	0.00526	0.00638	0.00679	0.00967
40	0.01264	0.01425	0.12378	0.01051	0.01337	0.11812	0.00913	0.08993	0.01546	0.02026	0.24468	0.03067	0.05436	0.18873	0.01190	0.00274	0.00601	0.00779	0.01932	0.00634

[dist]
# distance from previous block
# <min> <max>
0	1

[block]
# block no. 10 follows, 38 sequences, length 13
# corresponding to MSA columns:
# 349-361
name=unknown_K
#
# <colnr> <probs for GDERKNQSTAVLIFYWHMCP>
#	G	D	E	R	K	N	Q	S	T	A	V	L	I	F	Y	W	H	M	C	P
0	0.09189	0.31213	0.14644	0.01263	0.01770	0.06015	0.03628	0.03681	0.10768	0.07405	0.01232	0.01320	0.00963	0.00618	0.00554	0.00169	0.03945	0.00441	0.00363	0.00821
1	0.01227	0.01205	0.01950	0.64206	0.09431	0.04540	0.05788	0.01620	0.01250	0.01590	0.01077	0.01574	0.00819	0.00592	0.00605	0.00197	0.00820	0.00539	0.00274	0.00700
2	0.00799	0.00597	0.00749	0.00795	0.00919	0.00547	0.00594	0.00997	0.01414	0.01877	0.27123	0.27491	0.21126	0.01557	0.00744	0.00221	0.00346	0.10985	0.00592	0.00528
3	0.01074	0.00874	0.01147	0.01009	0.01256	0.00866	0.07450	0.01640	0.18026	0.04415	0.19767	0.06668	0.23739	0.05705	0.00828	0.00226	0.00440	0.03643	0.00565	0.00661
4	0.83108	0.01163	0.00884	0.00791	0.01163	0.01350	0.00651	0.01768	0.01024	0.02699	0.00838	0.00977	0.00651	0.00558	0.00372	0.00186	0.00465	0.00326	0.00372	0.00651
5	0.00875	0.00583	0.00656	0.00656	0.00656	0.00583	0.00365	0.00875	0.00875	0.01166	0.01895	0.03937	0.02187	0.78858	0.03062	0.00583	0.00583	0.00875	0.00365	0.00365
6	0.01397	0.32026	0.35538	0.01593	0.02290	0.01795	0.13892	0.01869	0.01277	0.01721	0.01010	0.01214	0.00792	0.00539	0.00524	0.00169	0.00816	0.00443	0.00264	0.00831
7	0.64267	0.01410	0.09826	0.03667	0.07331	0.01361	0.00965	0.01783	0.01086	0.02509	0.00897	0.01073	0.00694	0.00560	0.00421	0.00187	0.00546	0.00363	0.00349	0.00704
8	0.00754	0.00546	0.00717	0.00845	0.00903	0.00509	0.00589	0.00878	0.01191	0.01568	0.03525	0.65869	0.09586	0.01835	0.00769	0.00244	0.00365	0.08251	0.00558	0.00496
9	0.01748	0.01308	0.05668	0.01219	0.03073	0.05507	0.00992	0.05303	0.28362	0.21597	0.10150	0.05067	0.02141	0.00885	0.00630	0.00198	0.00536	0.04136	0.00602	0.00878
10	0.01680	0.23551	0.11846	0.03718	0.01800	0.06363	0.05178	0.05335	0.05753	0.15148	0.12139	0.01880	0.01701	0.00705	0.00556	0.00171	0.00645	0.00565	0.00447	0.00819
11	0.17531	0.37563	0.06390	0.01048	0.01494	0.05426	0.00980	0.07471	0.01396	0.04595	0.07516	0.03783	0.01323	0.00662	0.00467	0.00160	0.00601	0.00471	0.00372	0.00754
12	0.01387	0.21556	0.09677	0.01212	0.01662	0.03682	0.07772	0.01772	0.06027	0.06100	0.06706	0.10821	0.01727	0.00795	0.00561	0.00167	0.00603	0.03008	0.00405	0.14358

[dist]
# distance from previous block
# <min> <max>
0	18

[block]
# block no. 11 follows, 38 sequences, length 27
# corresponding to MSA columns:
# 380-406
name=unknown_L
#
# <colnr> <probs for GDERKNQSTAVLIFYWHMCP>
#	G	D	E	R	K	N	Q	S	T	A	V	L	I	F	Y	W	H	M	C	P
0	0.09394	0.07283	0.10734	0.03423	0.13801	0.01566	0.03565	0.18873	0.04949	0.11406	0.01332	0.01460	0.00991	0.00672	0.00692	0.00189	0.07834	0.00511	0.00434	0.00891
1	0.11655	0.01825	0.23469	0.03764	0.01897	0.03288	0.01300	0.17822	0.03538	0.02424	0.03554	0.05248	0.01269	0.00722	0.00561	0.00179	0.00653	0.03550	0.00413	0.12871
2	0.01625	0.65609	0.09805	0.01138	0.01670	0.08600	0.01152	0.01862	0.01268	0.01466	0.00867	0.01004	0.00771	0.00529	0.00417	0.00137	0.00704	0.00339	0.00262	0.00777
3	0.01586	0.13930	0.29689	0.01781	0.12063	0.17200	0.01607	0.03906	0.03786	0.03410	0.03043	0.01355	0.00980	0.00613	0.00581	0.00174	0.02684	0.00459	0.00315	0.00835
4	0.00914	0.00570	0.00698	0.00698	0.00708	0.00571	0.00421	0.00857	0.00868	0.01155	0.01785	0.03389	0.03961	0.54180	0.05207	0.21948	0.00593	0.00787	0.00342	0.00347
5	0.01330	0.03497	0.01492	0.02568	0.06663	0.01115	0.00922	0.03427	0.08047	0.01973	0.01172	0.01368	0.00970	0.00569	0.00656	0.00132	0.09567	0.00426	0.00367	0.53741
6	0.01389	0.01185	0.01267	0.01170	0.01467	0.01355	0.00897	0.02866	0.63806	0.02379	0.02570	0.12928	0.02137	0.00966	0.00634	0.00210	0.00458	0.00825	0.00605	0.00887
7	0.11624	0.01231	0.07220	0.01281	0.08308	0.01095	0.00994	0.11825	0.03533	0.21829	0.11113	0.02498	0.10870	0.00953	0.02798	0.00211	0.00553	0.00688	0.00550	0.00825
8	0.02099	0.01467	0.01659	0.14291	0.10664	0.15149	0.01192	0.08950	0.01693	0.31100	0.04552	0.01770	0.01302	0.00690	0.00596	0.00181	0.00696	0.00558	0.00515	0.00877
9	0.00750	0.00537	0.00713	0.00826	0.00876	0.00500	0.00560	0.00880	0.01230	0.01661	0.13512	0.67912	0.04221	0.01791	0.00760	0.00236	0.00340	0.01621	0.00573	0.00500
10	0.05331	0.01289	0.06924	0.01367	0.01845	0.01095	0.13657	0.08269	0.01648	0.41658	0.02029	0.08959	0.01497	0.00788	0.00627	0.00194	0.00622	0.00699	0.00589	0.00912
11	0.04820	0.01266	0.06263	0.42949	0.05073	0.01287	0.07488	0.04725	0.01393	0.16897	0.01357	0.01642	0.00956	0.00622	0.00600	0.00195	0.00744	0.00550	0.00386	0.00787
12	0.01179	0.01057	0.05036	0.27377	0.20361	0.01067	0.01303	0.01360	0.01100	0.01489	0.01147	0.01818	0.01022	0.07509	0.01303	0.23742	0.00686	0.00556	0.00281	0.00607
13	0.00754	0.00546	0.00716	0.00831	0.00891	0.00507	0.00575	0.00886	0.01224	0.01628	0.09418	0.63900	0.08502	0.01796	0.00763	0.00239	0.00352	0.05405	0.00567	0.00500
14	0.10125	0.01098	0.01212	0.01002	0.01355	0.07897	0.00801	0.02276	0.01646	0.41419	0.21867	0.02520	0.02483	0.00847	0.00605	0.00184	0.00498	0.00689	0.00645	0.00832
15	0.03833	0.04148	0.15724	0.04292	0.27660	0.01343	0.04236	0.10326	0.03600	0.02117	0.01807	0.07548	0.07356	0.00784	0.00612	0.00191	0.00673	0.02529	0.00383	0.00840
16	0.01312	0.01085	0.08055	0.01179	0.07412	0.00890	0.00913	0.01788	0.12319	0.15087	0.08707	0.08071	0.26951	0.01111	0.00661	0.00200	0.00463	0.02495	0.00557	0.00743
17	0.65499	0.01310	0.05499	0.01094	0.06671	0.01370	0.00857	0.01901	0.07126	0.02583	0.01007	0.01137	0.00778	0.00579	0.00420	0.00187	0.00510	0.00378	0.00380	0.00713
18	0.02074	0.00875	0.01163	0.00963	0.01310	0.00780	0.00787	0.02324	0.01626	0.48825	0.12235	0.02849	0.02249	0.00890	0.00615	0.00189	0.00454	0.07241	0.11697	0.00855
19	0.00860	0.00692	0.00738	0.00710	0.00915	0.00626	0.00535	0.06892	0.01512	0.01888	0.13371	0.11315	0.54892	0.01453	0.00706	0.00203	0.00336	0.01225	0.00574	0.00556
20	0.01507	0.25749	0.08609	0.15461	0.11103	0.06638	0.04192	0.07706	0.03066	0.01804	0.01288	0.01515	0.04319	0.00639	0.00596	0.00173	0.04031	0.00496	0.00320	0.00789
21	0.03824	0.03914	0.17190	0.08269	0.01758	0.01113	0.01158	0.06889	0.01272	0.07894	0.03361	0.02108	0.01370	0.11995	0.22755	0.00465	0.03002	0.00598	0.00371	0.00694
22	0.01714	0.11073	0.12321	0.03339	0.08717	0.03573	0.01253	0.10034	0.12487	0.14093	0.01485	0.01601	0.01119	0.00810	0.00824	0.07023	0.06728	0.00524	0.00435	0.00846
23	0.05467	0.22505	0.10219	0.06455	0.01768	0.01446	0.04442	0.04932	0.05197	0.11054	0.01681	0.02286	0.03474	0.09421	0.00832	0.00226	0.00642	0.06793	0.00407	0.00754
24	0.01443	0.13334	0.09817	0.04712	0.01736	0.01285	0.04483	0.05604	0.10298	0.07595	0.01607	0.01867	0.04071	0.07925	0.00766	0.00194	0.00596	0.00539	0.00406	0.21721
25	0.03576	0.19255	0.07807	0.01238	0.03720	0.07675	0.01078	0.06425	0.12385	0.09776	0.03687	0.02312	0.03572	0.00796	0.00566	0.00179	0.00618	0.09200	0.00453	0.05681
26	0.03887	0.16538	0.19427	0.01318	0.03968	0.02656	0.01266	0.10905	0.08768	0.16789	0.02796	0.02963	0.04734	0.00713	0.00557	0.00178	0.00640	0.00556	0.00461	0.00880

[dist]
# distance from previous block
# <min> <max>
0	64

# created by:
# /home/berkeley/.conda/envs/busco_data_prod/bin/msa2prfl.pl pipeline/OGs_align_augustus/33634/158908.fs
