[name]
unknown

[dist]
# distance from previous block
# <min> <max>
0	493

[block]
# block no. 0 follows, 41 sequences, length 21
# corresponding to MSA columns:
# 529-549
name=unknown_A
#
# <colnr> <probs for GDERKNQSTAVLIFYWHMCP>
#	G	D	E	R	K	N	Q	S	T	A	V	L	I	F	Y	W	H	M	C	P
0	0.00897	0.00650	0.00887	0.01005	0.01143	0.00640	0.00872	0.01148	0.01315	0.01695	0.03311	0.06355	0.10720	0.01567	0.00778	0.00256	0.00503	0.65209	0.00527	0.00522
1	0.02142	0.02575	0.01634	0.01452	0.01769	0.67374	0.01103	0.12014	0.01765	0.01697	0.00950	0.01078	0.00769	0.00603	0.00523	0.00151	0.00977	0.00388	0.00332	0.00705
2	0.09560	0.01027	0.01104	0.00975	0.01204	0.09322	0.05192	0.01605	0.12230	0.02209	0.44746	0.03095	0.03586	0.00941	0.00611	0.00179	0.00441	0.00808	0.00537	0.00629
3	0.00786	0.00831	0.08455	0.00771	0.01008	0.00602	0.00681	0.01031	0.01388	0.01807	0.25682	0.04790	0.41045	0.01286	0.00672	0.00194	0.00362	0.07539	0.00530	0.00541
4	0.01786	0.01220	0.01883	0.19776	0.18573	0.03927	0.09287	0.04710	0.02799	0.27964	0.01510	0.01638	0.01058	0.00604	0.00581	0.00179	0.00669	0.00548	0.00442	0.00845
5	0.01357	0.02606	0.62472	0.01585	0.02360	0.01266	0.05702	0.01950	0.01275	0.12336	0.01206	0.01329	0.00829	0.00563	0.00555	0.00181	0.00801	0.00457	0.00310	0.00859
6	0.00702	0.00576	0.00618	0.00618	0.00791	0.00492	0.00459	0.00867	0.01350	0.01678	0.18548	0.09567	0.58916	0.01417	0.00679	0.00193	0.00289	0.01200	0.00549	0.00492
7	0.03090	0.01694	0.18035	0.03591	0.13199	0.01328	0.35783	0.01758	0.03950	0.01831	0.01525	0.01784	0.07075	0.00601	0.00641	0.00188	0.02211	0.00627	0.00309	0.00779
8	0.01268	0.01035	0.01662	0.53929	0.11243	0.01203	0.01436	0.01685	0.05505	0.09238	0.01337	0.05665	0.01059	0.00655	0.00580	0.00189	0.00685	0.00582	0.00337	0.00706
9	0.00687	0.00535	0.00626	0.00698	0.00804	0.00473	0.00487	0.00807	0.01189	0.01499	0.04345	0.46104	0.36434	0.01637	0.00706	0.00215	0.00313	0.01437	0.00531	0.00473
10	0.02137	0.02726	0.01621	0.01474	0.01768	0.77602	0.01105	0.02284	0.01621	0.01400	0.00884	0.01031	0.00737	0.00589	0.00516	0.00147	0.01031	0.00368	0.00295	0.00663
11	0.01392	0.16913	0.45112	0.01557	0.02257	0.01469	0.11946	0.01896	0.01263	0.09371	0.01127	0.01276	0.00817	0.00542	0.00532	0.00171	0.00782	0.00452	0.00296	0.00827
12	0.01149	0.01407	0.14118	0.29682	0.10939	0.01234	0.13881	0.01628	0.05485	0.01671	0.01312	0.07157	0.01108	0.00889	0.05659	0.00238	0.00803	0.00618	0.00304	0.00718
13	0.01147	0.02959	0.76934	0.01630	0.02476	0.01328	0.02113	0.01811	0.01208	0.01811	0.01026	0.01208	0.00725	0.00543	0.00543	0.00181	0.00845	0.00423	0.00242	0.00845
14	0.00702	0.00500	0.00662	0.00790	0.00822	0.00468	0.00524	0.00798	0.01085	0.01447	0.03103	0.76736	0.03720	0.04666	0.00810	0.00244	0.00340	0.01597	0.00524	0.00460
15	0.01286	0.08258	0.42433	0.16414	0.04602	0.01370	0.04141	0.01878	0.06094	0.06499	0.01176	0.01371	0.00853	0.00567	0.00545	0.00179	0.00762	0.00465	0.00299	0.00808
16	0.01047	0.00997	0.03711	0.19787	0.04826	0.01010	0.15556	0.01332	0.01202	0.03313	0.06156	0.27326	0.02126	0.01043	0.00741	0.00209	0.05750	0.02855	0.00391	0.00621
17	0.63133	0.06548	0.01134	0.00899	0.01249	0.12039	0.00737	0.03701	0.01120	0.02325	0.00823	0.00961	0.00656	0.00551	0.00416	0.00171	0.02225	0.00327	0.00342	0.00643
18	0.00759	0.00586	0.00695	0.00700	0.00841	0.00533	0.00513	0.00993	0.03835	0.01856	0.33291	0.20420	0.30122	0.01386	0.00684	0.00196	0.00296	0.01207	0.00572	0.00516
19	0.04449	0.01142	0.01301	0.01042	0.01454	0.01135	0.00836	0.12703	0.23929	0.19771	0.04442	0.01779	0.01426	0.00665	0.00535	0.00158	0.00472	0.00536	0.00543	0.21681
20	0.40528	0.00910	0.00852	0.00810	0.01030	0.02846	0.00619	0.01329	0.01010	0.01957	0.01594	0.16832	0.03898	0.08238	0.09067	0.00300	0.03379	0.00684	0.00383	0.03733

[dist]
# distance from previous block
# <min> <max>
0	2

[block]
# block no. 1 follows, 41 sequences, length 78
# corresponding to MSA columns:
# 553-586,590-633
name=unknown_B
#
# <colnr> <probs for GDERKNQSTAVLIFYWHMCP>
#	G	D	E	R	K	N	Q	S	T	A	V	L	I	F	Y	W	H	M	C	P
0	0.05983	0.01904	0.26166	0.04213	0.05558	0.01440	0.01410	0.31386	0.01845	0.10515	0.01288	0.01360	0.00907	0.00615	0.00548	0.00174	0.00677	0.00476	0.00436	0.03101
1	0.30708	0.01081	0.01197	0.00955	0.01368	0.01085	0.00788	0.09416	0.01510	0.43887	0.01664	0.01538	0.01097	0.00645	0.00498	0.00176	0.00485	0.00477	0.00572	0.00851
2	0.02174	0.01602	0.01717	0.01316	0.01774	0.01774	0.01087	0.74423	0.02689	0.03605	0.01373	0.01373	0.00973	0.00687	0.00572	0.00172	0.00629	0.00515	0.00572	0.00973
3	0.00994	0.00497	0.00745	0.00745	0.00745	0.00497	0.00497	0.00745	0.00745	0.00994	0.00994	0.01739	0.00994	0.01987	0.02235	0.83358	0.00497	0.00497	0.00248	0.00248
4	0.01251	0.01251	0.01752	0.01502	0.01502	0.01752	0.01251	0.01377	0.00876	0.01377	0.00751	0.01251	0.00751	0.01001	0.01877	0.00250	0.78851	0.00501	0.00250	0.00626
5	0.05238	0.02708	0.01923	0.01474	0.01795	0.01312	0.18700	0.03873	0.04660	0.23452	0.01404	0.01590	0.01043	0.00857	0.02724	0.03770	0.21726	0.00562	0.00421	0.00767
6	0.01339	0.11895	0.05865	0.02500	0.41527	0.01365	0.11184	0.01665	0.01293	0.03417	0.01684	0.01898	0.10618	0.00631	0.00568	0.00170	0.00662	0.00592	0.00318	0.00809
7	0.00819	0.00606	0.00883	0.00883	0.00972	0.00695	0.00669	0.00998	0.00908	0.01301	0.01566	0.02433	0.01511	0.13675	0.68356	0.00874	0.01411	0.00640	0.00311	0.00490
8	0.01469	0.01197	0.03652	0.32478	0.19559	0.01254	0.04737	0.10048	0.01430	0.11744	0.01367	0.06130	0.01087	0.00656	0.00584	0.00184	0.00678	0.00590	0.00375	0.00781
9	0.01658	0.34701	0.15395	0.03785	0.01872	0.06545	0.04375	0.16926	0.02802	0.05381	0.01077	0.01184	0.00837	0.00563	0.00483	0.00153	0.00694	0.00414	0.00344	0.00811
10	0.02147	0.01589	0.01701	0.01311	0.01764	0.01761	0.01081	0.71868	0.05288	0.03561	0.01407	0.01400	0.01000	0.00690	0.00573	0.00172	0.00623	0.00520	0.00573	0.00970
11	0.02479	0.01113	0.01414	0.01084	0.01530	0.01048	0.00895	0.18692	0.01871	0.60492	0.02060	0.01820	0.01318	0.00703	0.00575	0.00176	0.00518	0.00562	0.00678	0.00973
12	0.00994	0.00497	0.00745	0.00745	0.00745	0.00497	0.00497	0.00745	0.00745	0.00994	0.00994	0.01739	0.00994	0.01987	0.02235	0.83358	0.00497	0.00497	0.00248	0.00248
13	0.00828	0.00593	0.00748	0.00704	0.00855	0.00537	0.00530	0.01076	0.01569	0.03840	0.63180	0.04417	0.16580	0.01204	0.00673	0.00182	0.00278	0.01052	0.00616	0.00540
14	0.00843	0.00611	0.00807	0.00796	0.00843	0.00679	0.00553	0.00942	0.00874	0.01220	0.01634	0.02954	0.01726	0.42060	0.36901	0.00708	0.04373	0.00718	0.00324	0.00433
15	0.00981	0.00624	0.00797	0.00742	0.00915	0.00563	0.00564	0.01217	0.01540	0.10397	0.52013	0.08321	0.15358	0.01201	0.00669	0.00186	0.00305	0.02415	0.00616	0.00575
16	0.83938	0.01106	0.00841	0.00752	0.01106	0.01283	0.00619	0.01681	0.00973	0.02566	0.00796	0.00929	0.00619	0.00531	0.00354	0.00177	0.00442	0.00310	0.00354	0.00619
17	0.61054	0.01495	0.01064	0.00945	0.01292	0.18291	0.00754	0.05983	0.01216	0.02366	0.00849	0.00977	0.00666	0.00553	0.00402	0.00170	0.00584	0.00335	0.00353	0.00649
18	0.00703	0.00500	0.00662	0.00788	0.00820	0.00469	0.00522	0.00798	0.01083	0.01443	0.03088	0.75909	0.03702	0.05518	0.00834	0.00248	0.00342	0.01588	0.00522	0.00459
19	0.03154	0.09454	0.01530	0.01013	0.01481	0.01162	0.02215	0.16786	0.01547	0.12789	0.01264	0.01352	0.00963	0.00694	0.03771	0.00159	0.00553	0.00423	0.00428	0.39261
20	0.01114	0.01031	0.01177	0.01298	0.11112	0.10418	0.00838	0.01303	0.03463	0.01402	0.01634	0.07245	0.03544	0.23545	0.20665	0.00474	0.08144	0.00699	0.00337	0.00557
21	0.01437	0.07534	0.41849	0.01687	0.05642	0.10740	0.10054	0.07598	0.01411	0.03671	0.02503	0.01305	0.00877	0.00564	0.00550	0.00173	0.00822	0.00464	0.00300	0.00817
22	0.00697	0.00498	0.00664	0.00796	0.00830	0.00465	0.00531	0.00796	0.01095	0.01460	0.03153	0.79525	0.03783	0.01792	0.00730	0.00232	0.00332	0.01626	0.00531	0.00465
23	0.01727	0.01380	0.01464	0.01225	0.01603	0.01565	0.00979	0.31895	0.45946	0.02883	0.01942	0.01827	0.01433	0.00740	0.00578	0.00185	0.00524	0.00593	0.00578	0.00933
24	0.01133	0.02857	0.73681	0.01591	0.02406	0.01295	0.02046	0.01780	0.01225	0.01832	0.04230	0.01339	0.00924	0.00570	0.00549	0.00181	0.00821	0.00449	0.00258	0.00832
25	0.83938	0.01106	0.00841	0.00752	0.01106	0.01283	0.00619	0.01681	0.00973	0.02566	0.00796	0.00929	0.00619	0.00531	0.00354	0.00177	0.00442	0.00310	0.00354	0.00619
26	0.01529	0.80242	0.02997	0.00979	0.01468	0.02263	0.00979	0.01713	0.01162	0.01346	0.00795	0.00918	0.00734	0.00489	0.00367	0.00122	0.00612	0.00306	0.00245	0.00734
27	0.00786	0.00584	0.00731	0.00694	0.00840	0.00529	0.00521	0.01033	0.01562	0.02159	0.63419	0.04494	0.18090	0.01219	0.00675	0.00182	0.00273	0.01065	0.00612	0.00529
28	0.00692	0.00518	0.00643	0.00743	0.00816	0.00469	0.00507	0.00802	0.01147	0.01481	0.03804	0.61274	0.21613	0.01707	0.00717	0.00223	0.00321	0.01523	0.00531	0.00469
29	0.01241	0.00590	0.00642	0.00602	0.00774	0.00572	0.00461	0.01502	0.01273	0.11412	0.05299	0.02207	0.01639	0.00695	0.00434	0.00141	0.00294	0.00561	0.69074	0.00588
30	0.00784	0.00584	0.00729	0.00693	0.00839	0.00529	0.00520	0.01030	0.01559	0.02150	0.62562	0.04509	0.18953	0.01223	0.00675	0.00182	0.00274	0.01068	0.00611	0.00529
31	0.00826	0.00581	0.00765	0.00859	0.00930	0.00569	0.00650	0.00978	0.01150	0.01521	0.06123	0.28544	0.03262	0.19663	0.01255	0.00317	0.00461	0.30591	0.00491	0.00466
32	0.02174	0.01602	0.01717	0.01316	0.01774	0.01774	0.01087	0.74423	0.02689	0.03605	0.01373	0.01373	0.00973	0.00687	0.00572	0.00172	0.00629	0.00515	0.00572	0.00973
33	0.01324	0.01728	0.12971	0.02309	0.02922	0.01431	0.64842	0.01829	0.01331	0.01829	0.01140	0.01499	0.00849	0.00490	0.00658	0.00191	0.00949	0.00642	0.00283	0.00781
34	0.00861	0.00568	0.00737	0.00742	0.00793	0.00573	0.00511	0.00923	0.01024	0.01399	0.15677	0.03586	0.02559	0.34956	0.11757	0.14118	0.00614	0.07800	0.00396	0.00405
35	0.83938	0.01106	0.00841	0.00752	0.01106	0.01283	0.00619	0.01681	0.00973	0.02566	0.00796	0.00929	0.00619	0.00531	0.00354	0.00177	0.00442	0.00310	0.00354	0.00619
36	0.01147	0.02959	0.76934	0.01630	0.02476	0.01328	0.02113	0.01811	0.01208	0.01811	0.01026	0.01208	0.00725	0.00543	0.00543	0.00181	0.00845	0.00423	0.00242	0.00845
37	0.00709	0.00578	0.00628	0.00621	0.00795	0.00496	0.00464	0.00883	0.01373	0.01724	0.22783	0.07913	0.56253	0.01393	0.00678	0.00191	0.00286	0.01180	0.00555	0.00496
38	0.01194	0.12396	0.67906	0.01551	0.02353	0.01443	0.01975	0.01799	0.01202	0.01755	0.00998	0.01172	0.00726	0.00537	0.00522	0.00174	0.00817	0.00408	0.00242	0.00832
39	0.01502	0.76611	0.02903	0.00982	0.01455	0.02190	0.00976	0.01689	0.01169	0.01362	0.00897	0.01170	0.00851	0.00539	0.00386	0.00129	0.00608	0.03599	0.00258	0.00725
40	0.00785	0.00578	0.00644	0.00653	0.00803	0.00505	0.00468	0.00918	0.01250	0.04743	0.09178	0.19354	0.47025	0.09392	0.00908	0.00236	0.00332	0.01212	0.00526	0.00490
41	0.01778	0.05685	0.01735	0.01458	0.01655	0.44017	0.01154	0.03541	0.01345	0.01438	0.00841	0.01116	0.00747	0.00741	0.01021	0.00185	0.30182	0.00418	0.00282	0.00659
42	0.00710	0.00508	0.00683	0.00811	0.00851	0.00481	0.00554	0.00820	0.01099	0.01467	0.03095	0.73871	0.03686	0.01864	0.03226	0.00256	0.00379	0.04645	0.00523	0.00469
43	0.01004	0.00748	0.01074	0.01080	0.08389	0.00688	0.04036	0.01284	0.01520	0.05383	0.51842	0.03483	0.05671	0.00985	0.00629	0.00171	0.00362	0.00879	0.04495	0.06276
44	0.01095	0.01026	0.01698	0.75219	0.03835	0.01277	0.01559	0.01529	0.04311	0.01501	0.01073	0.01551	0.00804	0.00581	0.00572	0.00191	0.00749	0.00514	0.00268	0.00647
45	0.01547	0.63284	0.11731	0.01090	0.01619	0.02103	0.01125	0.08842	0.01317	0.01623	0.00879	0.00997	0.00756	0.00515	0.00408	0.00134	0.00641	0.00340	0.00276	0.00771
46	0.14775	0.16489	0.17739	0.03446	0.20507	0.01432	0.02711	0.01865	0.01240	0.11298	0.01115	0.01266	0.00848	0.00540	0.00490	0.00164	0.00641	0.00428	0.00333	0.02671
47	0.05291	0.37218	0.09518	0.01902	0.27158	0.01741	0.01327	0.01810	0.02825	0.04894	0.01009	0.01186	0.00838	0.00519	0.00465	0.00151	0.00640	0.00406	0.00290	0.00812
48	0.01480	0.01316	0.01322	0.01184	0.01510	0.05349	0.00921	0.04919	0.69557	0.02374	0.02228	0.02057	0.01673	0.00764	0.00578	0.00191	0.00487	0.00629	0.00567	0.00895
49	0.83938	0.01106	0.00841	0.00752	0.01106	0.01283	0.00619	0.01681	0.00973	0.02566	0.00796	0.00929	0.00619	0.00531	0.00354	0.00177	0.00442	0.00310	0.00354	0.00619
50	0.01396	0.01417	0.05024	0.05014	0.68993	0.01360	0.04861	0.01754	0.01298	0.01856	0.01076	0.01416	0.00895	0.00511	0.00570	0.00172	0.00699	0.00514	0.00281	0.00892
51	0.02025	0.01458	0.01578	0.01222	0.01636	0.01588	0.00993	0.62271	0.02421	0.05940	0.01436	0.01620	0.01093	0.08432	0.00796	0.00207	0.00610	0.00542	0.00547	0.03584
52	0.01225	0.01321	0.09257	0.20959	0.40296	0.01221	0.01609	0.01589	0.01249	0.01732	0.01358	0.04962	0.01235	0.00698	0.00597	0.00189	0.00685	0.08733	0.00309	0.00775
53	0.83938	0.01106	0.00841	0.00752	0.01106	0.01283	0.00619	0.01681	0.00973	0.02566	0.00796	0.00929	0.00619	0.00531	0.00354	0.00177	0.00442	0.00310	0.00354	0.00619
54	0.00843	0.00551	0.00632	0.00632	0.00632	0.00551	0.00357	0.00826	0.00826	0.01101	0.01747	0.03606	0.02005	0.74564	0.02865	0.06224	0.00551	0.00809	0.00340	0.00340
55	0.10101	0.00901	0.01091	0.00881	0.01232	0.00849	0.00716	0.05970	0.01518	0.45591	0.03615	0.01915	0.01416	0.00690	0.00512	0.00166	0.00430	0.00546	0.21040	0.00820
56	0.00859	0.00545	0.00644	0.00644	0.00644	0.00545	0.00372	0.00817	0.00817	0.01090	0.01668	0.03410	0.01899	0.66937	0.02799	0.14329	0.00545	0.00776	0.00330	0.00330
57	0.00829	0.00563	0.00694	0.00719	0.00841	0.00511	0.00517	0.01003	0.01320	0.05001	0.24315	0.33468	0.19921	0.01420	0.00674	0.00200	0.00307	0.01249	0.05931	0.00516
58	0.01416	0.01359	0.02322	0.03511	0.76330	0.01359	0.01755	0.01755	0.01302	0.01869	0.01076	0.01416	0.00906	0.00510	0.00566	0.00170	0.00680	0.00510	0.00283	0.00906
59	0.00819	0.00605	0.00882	0.00882	0.00971	0.00695	0.00668	0.00997	0.00908	0.01300	0.01566	0.02437	0.01512	0.13886	0.68148	0.00873	0.01408	0.00641	0.00312	0.00490
60	0.01158	0.04544	0.71178	0.01598	0.02406	0.01326	0.03647	0.01794	0.01210	0.01812	0.01052	0.01239	0.00752	0.00545	0.00538	0.00179	0.00824	0.00429	0.02940	0.00831
61	0.01642	0.62841	0.02693	0.01090	0.01528	0.17099	0.01011	0.01816	0.01245	0.01357	0.00812	0.00949	0.00735	0.00523	0.00437	0.00131	0.02797	0.00323	0.00255	0.00717
62	0.01366	0.01158	0.02065	0.01577	0.01892	0.01188	0.31002	0.05266	0.01265	0.09168	0.04730	0.01994	0.01312	0.11907	0.01264	0.06375	0.12579	0.00652	0.02573	0.00664
63	0.04850	0.00990	0.01603	0.56340	0.11085	0.01175	0.01427	0.01422	0.01152	0.01562	0.01303	0.10230	0.01173	0.00725	0.00585	0.00194	0.00685	0.02557	0.00300	0.00642
64	0.02174	0.01602	0.01717	0.01316	0.01774	0.01774	0.01087	0.74423	0.02689	0.03605	0.01373	0.01373	0.00973	0.00687	0.00572	0.00172	0.00629	0.00515	0.00572	0.00973
65	0.01520	0.01070	0.01164	0.01032	0.01338	0.01184	0.00807	0.02702	0.51837	0.12798	0.02236	0.02107	0.01650	0.00747	0.00549	0.00181	0.00425	0.00617	0.15188	0.00849
66	0.00759	0.00583	0.00695	0.00667	0.00824	0.00518	0.00500	0.00982	0.01501	0.02012	0.49615	0.04736	0.31986	0.01274	0.00675	0.00185	0.00277	0.01099	0.00593	0.00518
67	0.00695	0.00506	0.00655	0.00775	0.00824	0.00466	0.00522	0.00799	0.01116	0.01468	0.03411	0.72279	0.10862	0.01758	0.00725	0.00228	0.00328	0.01585	0.00531	0.00466
68	0.02512	0.00958	0.01299	0.01000	0.01432	0.00830	0.00825	0.02735	0.01621	0.74038	0.02243	0.01954	0.01418	0.00706	0.00569	0.00175	0.00479	0.00574	0.03677	0.00958
69	0.00804	0.00584	0.00757	0.00714	0.00851	0.00537	0.00535	0.01068	0.01606	0.02261	0.73003	0.04326	0.08443	0.01181	0.00675	0.00180	0.00271	0.01042	0.00625	0.00537
70	0.01529	0.80242	0.02997	0.00979	0.01468	0.02263	0.00979	0.01713	0.01162	0.01346	0.00795	0.00918	0.00734	0.00489	0.00367	0.00122	0.00612	0.00306	0.00245	0.00734
71	0.10144	0.02568	0.01545	0.01403	0.01703	0.70131	0.01058	0.02225	0.01558	0.01514	0.00876	0.01021	0.00725	0.00584	0.00500	0.00150	0.00974	0.00363	0.00301	0.00659
72	0.03775	0.00560	0.00685	0.00759	0.00802	0.00551	0.00509	0.00887	0.01016	0.01395	0.02537	0.39231	0.02961	0.31567	0.01557	0.00357	0.00444	0.09521	0.00454	0.00432
73	0.10037	0.02188	0.01415	0.01276	0.01571	0.55089	0.00969	0.02170	0.03289	0.06895	0.04301	0.01316	0.01041	0.00626	0.00506	0.00154	0.00844	0.00422	0.05219	0.00673
74	0.76136	0.01220	0.00919	0.00815	0.01170	0.05851	0.00665	0.04321	0.01073	0.02534	0.00822	0.00951	0.00639	0.00540	0.00371	0.00175	0.00484	0.00321	0.00358	0.00635
75	0.01784	0.01050	0.01415	0.01125	0.01471	0.01032	0.07974	0.18014	0.03451	0.27827	0.02212	0.02454	0.09049	0.08960	0.04111	0.03611	0.00596	0.02550	0.00539	0.00778
76	0.01462	0.08444	0.02162	0.16737	0.25222	0.01426	0.11583	0.08354	0.08259	0.05785	0.01328	0.01690	0.01058	0.00607	0.00575	0.00179	0.00688	0.03265	0.00360	0.00815
77	0.00733	0.00531	0.00693	0.00771	0.00844	0.00492	0.00540	0.00885	0.01253	0.01693	0.22473	0.52702	0.08743	0.01600	0.00714	0.00217	0.00319	0.03752	0.00557	0.00488

[dist]
# distance from previous block
# <min> <max>
0	1

[block]
# block no. 2 follows, 41 sequences, length 11
# corresponding to MSA columns:
# 648-658
name=unknown_C
#
# <colnr> <probs for GDERKNQSTAVLIFYWHMCP>
#	G	D	E	R	K	N	Q	S	T	A	V	L	I	F	Y	W	H	M	C	P
0	0.00744	0.00548	0.00784	0.00859	0.00923	0.00513	0.03957	0.00870	0.01112	0.01509	0.03000	0.72291	0.03540	0.01679	0.00712	0.00226	0.00358	0.01531	0.04363	0.00482
1	0.38548	0.16694	0.20152	0.03814	0.01665	0.04250	0.01128	0.04734	0.01167	0.02109	0.00888	0.01039	0.00691	0.00536	0.00426	0.00167	0.00614	0.00355	0.00309	0.00714
2	0.01080	0.01017	0.01716	0.78523	0.03940	0.01271	0.01589	0.01461	0.01144	0.01461	0.01017	0.01525	0.00762	0.00572	0.00572	0.00191	0.00762	0.00508	0.00254	0.00635
3	0.01270	0.01027	0.01372	0.01161	0.01450	0.01058	0.09373	0.17319	0.12607	0.02353	0.19793	0.08869	0.05753	0.01021	0.00652	0.00195	0.00501	0.10748	0.00537	0.02940
4	0.00697	0.00524	0.00646	0.00734	0.00815	0.00473	0.00505	0.00817	0.01177	0.01523	0.07341	0.55831	0.23507	0.01669	0.00713	0.00219	0.00317	0.01484	0.00536	0.00473
5	0.01100	0.01044	0.01720	0.69528	0.03655	0.01327	0.01549	0.01452	0.01112	0.01452	0.00986	0.01493	0.00761	0.00622	0.00724	0.00198	0.09882	0.00507	0.00254	0.00634
6	0.00810	0.00585	0.00765	0.00720	0.00855	0.00540	0.00540	0.01079	0.01619	0.02294	0.76028	0.04273	0.05397	0.01169	0.00675	0.00180	0.00270	0.01034	0.00630	0.00540
7	0.01529	0.80242	0.02997	0.00979	0.01468	0.02263	0.00979	0.01713	0.01162	0.01346	0.00795	0.00918	0.00734	0.00489	0.00367	0.00122	0.00612	0.00306	0.00245	0.00734
8	0.01251	0.01251	0.01752	0.01502	0.01502	0.01752	0.01251	0.01377	0.00876	0.01377	0.00751	0.01251	0.00751	0.01001	0.01877	0.00250	0.78851	0.00501	0.00250	0.00626
9	0.00979	0.00738	0.00969	0.01055	0.09183	0.00732	0.00699	0.01414	0.10137	0.02239	0.50066	0.03446	0.03994	0.00989	0.00618	0.00175	0.00336	0.00870	0.10741	0.00622
10	0.01014	0.01473	0.23526	0.10297	0.01846	0.01137	0.01302	0.01319	0.01079	0.01543	0.01674	0.27684	0.01768	0.01083	0.00945	0.00217	0.20258	0.00858	0.00343	0.00637

[dist]
# distance from previous block
# <min> <max>
0	1

[block]
# block no. 3 follows, 41 sequences, length 12
# corresponding to MSA columns:
# 660-671
name=unknown_D
#
# <colnr> <probs for GDERKNQSTAVLIFYWHMCP>
#	G	D	E	R	K	N	Q	S	T	A	V	L	I	F	Y	W	H	M	C	P
0	0.00817	0.00613	0.00919	0.00919	0.01021	0.00715	0.00715	0.01021	0.00919	0.01328	0.01532	0.02247	0.01430	0.04290	0.77631	0.00919	0.01532	0.00613	0.00306	0.00511
1	0.01498	0.01540	0.06386	0.18769	0.33473	0.10817	0.01513	0.06002	0.08408	0.04289	0.01210	0.01462	0.00943	0.00577	0.00562	0.00175	0.00720	0.00502	0.00334	0.00820
2	0.00780	0.00589	0.00788	0.05422	0.01068	0.00550	0.00609	0.00932	0.01172	0.01602	0.11870	0.58106	0.03525	0.01512	0.00685	0.00209	0.00359	0.01364	0.00509	0.08349
3	0.01186	0.01017	0.01186	0.00847	0.01356	0.00762	0.00678	0.01440	0.01186	0.01864	0.01017	0.01186	0.00847	0.00424	0.00424	0.00085	0.00424	0.00339	0.00339	0.83395
4	0.01453	0.01312	0.02222	0.06970	0.63654	0.01305	0.03660	0.01789	0.01310	0.06056	0.01139	0.01446	0.00924	0.00520	0.00565	0.00169	0.00671	0.00511	0.00308	0.04014
5	0.01241	0.02297	0.47442	0.01921	0.17310	0.01322	0.01818	0.03728	0.01243	0.01848	0.01027	0.01255	0.00782	0.00560	0.00627	0.00174	0.06021	0.00440	0.00269	0.08675
6	0.01000	0.00827	0.01204	0.01567	0.21926	0.00816	0.00907	0.03951	0.04523	0.01825	0.13677	0.37059	0.05937	0.01241	0.00662	0.00201	0.00434	0.01124	0.00481	0.00638
7	0.01241	0.08965	0.11769	0.23267	0.10491	0.01403	0.27103	0.01656	0.01240	0.01666	0.01159	0.05312	0.00958	0.00583	0.00592	0.00184	0.00799	0.00593	0.00281	0.00738
8	0.11330	0.33441	0.29985	0.01227	0.01810	0.04996	0.01363	0.03856	0.01226	0.01747	0.00985	0.01251	0.00819	0.00565	0.00459	0.00159	0.00694	0.03051	0.00279	0.00758
9	0.03353	0.12145	0.13912	0.10008	0.31140	0.01457	0.01513	0.09017	0.01414	0.09034	0.01160	0.01363	0.00888	0.00555	0.00533	0.00168	0.00677	0.00471	0.00339	0.00852
10	0.03446	0.05184	0.36061	0.01356	0.01955	0.01360	0.01474	0.19448	0.01641	0.13323	0.06153	0.01540	0.01189	0.00652	0.00586	0.00177	0.02674	0.00502	0.00418	0.00860
11	0.01597	0.32008	0.21028	0.01140	0.01686	0.01525	0.01196	0.04796	0.01360	0.16595	0.06077	0.01447	0.01187	0.00595	0.00484	0.00152	0.00613	0.00446	0.00379	0.05688

[dist]
# distance from previous block
# <min> <max>
1	36

[block]
# block no. 4 follows, 41 sequences, length 37
# corresponding to MSA columns:
# 708-744
name=unknown_E
#
# <colnr> <probs for GDERKNQSTAVLIFYWHMCP>
#	G	D	E	R	K	N	Q	S	T	A	V	L	I	F	Y	W	H	M	C	P
0	0.07364	0.01324	0.11254	0.05130	0.01691	0.03130	0.03982	0.08456	0.04248	0.17441	0.04835	0.07778	0.01506	0.00748	0.00557	0.00170	0.00560	0.03929	0.00462	0.15434
1	0.04321	0.04464	0.13911	0.32083	0.11596	0.04740	0.04503	0.04788	0.01299	0.05044	0.03536	0.04931	0.01087	0.00636	0.00563	0.00182	0.00717	0.00549	0.00320	0.00731
2	0.41204	0.01153	0.08190	0.00947	0.01268	0.01094	0.04001	0.01613	0.06907	0.04406	0.01221	0.04538	0.01064	0.07065	0.03660	0.09646	0.00556	0.00496	0.00362	0.00608
3	0.04473	0.07354	0.04135	0.09768	0.08785	0.04580	0.13469	0.01671	0.03988	0.10757	0.04655	0.20344	0.01806	0.00883	0.00604	0.00189	0.00613	0.00807	0.00415	0.00705
4	0.01356	0.01076	0.03453	0.01029	0.01512	0.00834	0.07707	0.01640	0.01302	0.12098	0.07756	0.01594	0.01321	0.00536	0.00493	0.00119	0.00482	0.00466	0.00407	0.54820
5	0.76104	0.01148	0.01081	0.00910	0.01285	0.01299	0.07604	0.01696	0.01009	0.02497	0.00831	0.00987	0.00643	0.00526	0.00384	0.00178	0.00492	0.00344	0.00348	0.00634
6	0.01407	0.01229	0.01866	0.01676	0.08152	0.01534	0.08144	0.01602	0.01076	0.10101	0.04122	0.01499	0.01045	0.00882	0.01450	0.00227	0.52415	0.00549	0.00325	0.00700
7	0.02239	0.01013	0.01529	0.07911	0.01794	0.00922	0.07856	0.02501	0.01566	0.59556	0.05499	0.01981	0.01493	0.00696	0.00589	0.00180	0.00546	0.00600	0.00625	0.00904
8	0.00868	0.00701	0.01152	0.01061	0.01208	0.00784	0.07691	0.01098	0.00960	0.01376	0.01497	0.02180	0.01377	0.03929	0.70331	0.00850	0.01478	0.00619	0.00305	0.00535
9	0.01228	0.08969	0.37489	0.07093	0.13978	0.01408	0.11277	0.01711	0.01223	0.01728	0.01229	0.01471	0.04098	0.00587	0.00614	0.00180	0.04150	0.00503	0.00269	0.00796
10	0.62099	0.11246	0.04637	0.00976	0.01390	0.01425	0.07714	0.01705	0.01043	0.02310	0.00840	0.00998	0.00662	0.00522	0.00394	0.00172	0.00531	0.00349	0.00329	0.00658
11	0.01293	0.01475	0.11128	0.04033	0.47428	0.01267	0.11182	0.01675	0.01304	0.01838	0.03468	0.01921	0.05071	0.00625	0.00596	0.00180	0.00700	0.03677	0.00312	0.00828
12	0.01312	0.11154	0.53710	0.01624	0.02367	0.01415	0.11749	0.01868	0.01251	0.06750	0.01101	0.01271	0.00791	0.00540	0.00544	0.00176	0.00812	0.00454	0.00279	0.00832
13	0.00765	0.00610	0.00923	0.00940	0.01042	0.00566	0.07530	0.00911	0.01146	0.01512	0.03191	0.62954	0.09856	0.01630	0.00722	0.00226	0.00395	0.04074	0.00508	0.00498
14	0.01969	0.01469	0.16456	0.04855	0.07185	0.02471	0.08149	0.02318	0.01479	0.42858	0.03777	0.01754	0.01260	0.00645	0.00579	0.00179	0.00632	0.00556	0.00517	0.00892
15	0.17923	0.01986	0.03531	0.01267	0.01632	0.34068	0.01014	0.20117	0.09314	0.02286	0.01141	0.01214	0.00876	0.00620	0.00506	0.00165	0.00753	0.00423	0.00403	0.00761
16	0.10676	0.09334	0.19402	0.01674	0.16488	0.04979	0.01336	0.14968	0.01464	0.05399	0.01096	0.01291	0.00850	0.00692	0.00663	0.07440	0.00669	0.00444	0.00346	0.00790
17	0.01122	0.01040	0.04533	0.01023	0.01148	0.08161	0.03015	0.01254	0.00999	0.04462	0.01456	0.02513	0.01477	0.34299	0.18358	0.00503	0.13140	0.00654	0.00327	0.00518
18	0.01786	0.29154	0.02095	0.07992	0.01834	0.28264	0.01086	0.12417	0.07080	0.01777	0.01043	0.01167	0.00847	0.00581	0.00482	0.00149	0.00762	0.00401	0.00335	0.00748
19	0.00726	0.00542	0.00667	0.00749	0.00835	0.00497	0.00530	0.00853	0.01173	0.01514	0.06504	0.45083	0.22658	0.07050	0.00870	0.00245	0.00352	0.08160	0.00522	0.00470
20	0.01481	0.17451	0.15974	0.01517	0.01946	0.04305	0.13496	0.06643	0.04214	0.06187	0.01076	0.01302	0.00855	0.00667	0.00868	0.00187	0.20262	0.00483	0.00317	0.00768
21	0.05132	0.01497	0.07813	0.19308	0.15706	0.04730	0.25224	0.04069	0.02217	0.04538	0.01121	0.01449	0.00854	0.00554	0.00633	0.00185	0.03349	0.00546	0.00306	0.00769
22	0.83938	0.01106	0.00841	0.00752	0.01106	0.01283	0.00619	0.01681	0.00973	0.02566	0.00796	0.00929	0.00619	0.00531	0.00354	0.00177	0.00442	0.00310	0.00354	0.00619
23	0.00972	0.00852	0.01414	0.07901	0.01590	0.00848	0.14860	0.01284	0.01468	0.02055	0.46939	0.03373	0.03712	0.00976	0.00725	0.00188	0.04416	0.03587	0.00502	0.02336
24	0.01619	0.66489	0.04102	0.01069	0.01534	0.14268	0.01019	0.01806	0.01236	0.01363	0.00814	0.00941	0.00734	0.00506	0.00394	0.00127	0.00683	0.00318	0.00253	0.00725
25	0.00788	0.00587	0.00781	0.04399	0.01009	0.00551	0.00589	0.00988	0.01349	0.01866	0.36820	0.36026	0.05708	0.01379	0.00682	0.00199	0.00326	0.01234	0.00555	0.04163
26	0.00850	0.00575	0.00685	0.04283	0.00791	0.00588	0.00418	0.00861	0.00844	0.01124	0.01725	0.03526	0.01959	0.71468	0.04045	0.04185	0.00578	0.00798	0.00337	0.00359
27	0.05141	0.12031	0.01719	0.05032	0.13569	0.01157	0.01033	0.02371	0.01470	0.48039	0.01753	0.01662	0.01180	0.00633	0.00537	0.00169	0.00546	0.00515	0.00541	0.00901
28	0.01537	0.01079	0.01567	0.13781	0.14782	0.01055	0.03936	0.04954	0.06570	0.18490	0.09596	0.01872	0.01534	0.00644	0.00560	0.00163	0.00551	0.00565	0.00454	0.16310
29	0.01350	0.01332	0.11329	0.01410	0.11723	0.00995	0.04272	0.05077	0.02806	0.08033	0.07448	0.01583	0.01290	0.00558	0.00513	0.00135	0.00540	0.00479	0.00386	0.38741
30	0.01366	0.07138	0.14732	0.03766	0.08667	0.01208	0.17206	0.04520	0.04295	0.10048	0.10474	0.03814	0.04408	0.00751	0.00607	0.00185	0.00657	0.04979	0.00412	0.00766
31	0.01439	0.09637	0.24121	0.01490	0.05130	0.08871	0.08215	0.08040	0.04205	0.04600	0.01316	0.01798	0.01097	0.00716	0.00631	0.03831	0.00723	0.07288	0.00346	0.06504
32	0.07223	0.11274	0.05746	0.04395	0.14262	0.04389	0.04360	0.08388	0.13592	0.07961	0.01507	0.08281	0.01271	0.00724	0.00604	0.00180	0.04043	0.00593	0.00410	0.00796
33	0.01429	0.16590	0.13690	0.10121	0.09543	0.01523	0.02725	0.11638	0.08380	0.04323	0.04558	0.04545	0.01230	0.00689	0.00639	0.00177	0.06502	0.00542	0.00369	0.00788
34	0.17904	0.04620	0.16506	0.06869	0.26209	0.01311	0.01385	0.01795	0.07718	0.02001	0.03206	0.02927	0.01048	0.00587	0.00514	0.00174	0.00620	0.00486	0.00329	0.03791
35	0.05277	0.08925	0.14193	0.01828	0.20380	0.04386	0.03577	0.12174	0.04765	0.07190	0.07640	0.01604	0.01301	0.00642	0.00597	0.00173	0.03610	0.00523	0.00388	0.00825
36	0.01499	0.04448	0.13362	0.12416	0.22675	0.01282	0.01414	0.09517	0.06147	0.11137	0.01470	0.05048	0.01191	0.00678	0.00571	0.00180	0.00644	0.03361	0.00394	0.02567

[dist]
# distance from previous block
# <min> <max>
1	225

# created by:
# /home/berkeley/.conda/envs/busco_data_prod/bin/msa2prfl.pl pipeline/OGs_align_augustus/33634/159090.fs
