[name]
unknown

[dist]
# distance from previous block
# <min> <max>
0	486

[block]
# block no. 0 follows, 40 sequences, length 23
# corresponding to MSA columns:
# 505-527
name=unknown_A
#
# <colnr> <probs for GDERKNQSTAVLIFYWHMCP>
#	G	D	E	R	K	N	Q	S	T	A	V	L	I	F	Y	W	H	M	C	P
0	0.00937	0.00669	0.00937	0.01071	0.01205	0.00669	0.00937	0.01205	0.01339	0.01740	0.03079	0.06560	0.03347	0.01606	0.00803	0.00268	0.00535	0.72021	0.00535	0.00535
1	0.02609	0.00990	0.01350	0.01035	0.01484	0.00855	0.00855	0.02834	0.01664	0.76338	0.02294	0.01979	0.01439	0.00720	0.00585	0.00180	0.00495	0.00585	0.00720	0.00990
2	0.01098	0.01034	0.01744	0.78165	0.04005	0.01292	0.01615	0.01486	0.01163	0.01486	0.01034	0.01550	0.00775	0.00581	0.00581	0.00194	0.00775	0.00517	0.00258	0.00646
3	0.01925	0.02192	0.01544	0.01314	0.01689	0.48960	0.01008	0.10033	0.01653	0.01794	0.00989	0.01128	0.00805	0.00566	0.00506	0.00136	0.00842	0.00383	0.00343	0.22188
4	0.01256	0.02755	0.64979	0.01717	0.02527	0.01341	0.10023	0.01890	0.01264	0.05288	0.01116	0.01300	0.00785	0.00553	0.00569	0.00185	0.00856	0.00465	0.00273	0.00857
5	0.01166	0.03008	0.76550	0.01657	0.02517	0.01351	0.02149	0.01842	0.01228	0.01842	0.01044	0.01228	0.00737	0.00552	0.00552	0.00184	0.00859	0.00430	0.00246	0.00859
6	0.01439	0.01382	0.02360	0.03569	0.75936	0.01382	0.01785	0.01785	0.01324	0.01900	0.01094	0.01439	0.00921	0.00518	0.00576	0.00173	0.00691	0.00518	0.00288	0.00921
7	0.02576	0.01043	0.01383	0.01060	0.01511	0.00934	0.00876	0.08804	0.01754	0.70241	0.02219	0.01930	0.01402	0.00718	0.00585	0.00179	0.00507	0.00580	0.00708	0.00990
8	0.01517	0.01691	0.02301	0.05359	0.02282	0.20616	0.31329	0.05123	0.01420	0.01730	0.01316	0.07842	0.01189	0.00750	0.00781	0.00196	0.09482	0.04036	0.00334	0.00706
9	0.02139	0.01357	0.01556	0.01239	0.01650	0.05803	0.03778	0.32111	0.05816	0.27967	0.01881	0.06085	0.01417	0.00795	0.00602	0.00184	0.00598	0.03512	0.00597	0.00912
10	0.00835	0.00601	0.00817	0.00945	0.01042	0.00583	0.00756	0.01031	0.01249	0.01631	0.03266	0.35105	0.07080	0.01685	0.00774	0.00252	0.00446	0.40856	0.00537	0.00508
11	0.00781	0.00555	0.00742	0.00866	0.00924	0.00533	0.00632	0.00919	0.01152	0.01525	0.03061	0.53637	0.03573	0.07984	0.00936	0.00271	0.00409	0.20498	0.00524	0.00480
12	0.02175	0.02680	0.01656	0.01485	0.01798	0.71194	0.01122	0.08057	0.01735	0.01603	0.00939	0.01076	0.00768	0.00607	0.00529	0.00152	0.01016	0.00386	0.00322	0.00699
13	0.01323	0.01263	0.02151	0.28934	0.51477	0.01351	0.01727	0.01683	0.01269	0.01759	0.01073	0.01477	0.00872	0.00540	0.00578	0.00180	0.00720	0.00518	0.00278	0.00828
14	0.01010	0.00505	0.00758	0.00758	0.00758	0.00505	0.00505	0.00758	0.00758	0.01010	0.01010	0.01768	0.01010	0.02020	0.02273	0.83081	0.00505	0.00505	0.00253	0.00253
15	0.01166	0.07248	0.01200	0.00961	0.01218	0.01109	0.00754	0.02071	0.36307	0.02235	0.28883	0.05059	0.07469	0.00977	0.00618	0.00187	0.00393	0.00832	0.00577	0.00735
16	0.01859	0.01343	0.01615	0.01584	0.13372	0.01450	0.01102	0.24196	0.29943	0.14402	0.01862	0.01791	0.01350	0.00708	0.00585	0.00184	0.00556	0.00584	0.00561	0.00952
17	0.01108	0.00692	0.00951	0.01025	0.01180	0.00676	0.00870	0.01345	0.01329	0.09942	0.02896	0.07894	0.03051	0.07752	0.00950	0.00281	0.00528	0.56421	0.00541	0.00569
18	0.01390	0.01332	0.02272	0.14243	0.65643	0.01369	0.01760	0.01742	0.01301	0.01841	0.01085	0.01455	0.00900	0.00527	0.00577	0.00176	0.00703	0.00518	0.00284	0.00882
19	0.01525	0.07036	0.15703	0.01972	0.12613	0.03447	0.20784	0.06793	0.03950	0.08352	0.01253	0.01542	0.00970	0.00633	0.00740	0.00190	0.09385	0.01936	0.00349	0.00827
20	0.05477	0.30467	0.19099	0.09928	0.02246	0.01718	0.12955	0.05908	0.01316	0.04356	0.01030	0.01232	0.00801	0.00539	0.00505	0.00164	0.00737	0.00442	0.00297	0.00783
21	0.07794	0.03230	0.03596	0.01010	0.01166	0.01023	0.00821	0.08737	0.01223	0.01757	0.01896	0.08281	0.02019	0.24385	0.01516	0.00328	0.11658	0.18585	0.00414	0.00563
22	0.03644	0.13108	0.01756	0.09725	0.01874	0.20554	0.01058	0.13295	0.04248	0.21476	0.02872	0.01487	0.01097	0.00646	0.00535	0.00166	0.00700	0.00481	0.00459	0.00818

[dist]
# distance from previous block
# <min> <max>
3	16

[block]
# block no. 1 follows, 40 sequences, length 35
# corresponding to MSA columns:
# 545-572,579-585
name=unknown_B
#
# <colnr> <probs for GDERKNQSTAVLIFYWHMCP>
#	G	D	E	R	K	N	Q	S	T	A	V	L	I	F	Y	W	H	M	C	P
0	0.01247	0.01117	0.01832	0.53182	0.15596	0.01343	0.01567	0.01590	0.01182	0.05102	0.01072	0.01520	0.00830	0.00628	0.00734	0.00197	0.09750	0.00519	0.00285	0.00707
1	0.01107	0.01043	0.01760	0.76239	0.05862	0.01294	0.01619	0.01494	0.01167	0.01496	0.01035	0.01548	0.00779	0.00580	0.00581	0.00193	0.00773	0.00517	0.00259	0.00653
2	0.01206	0.01034	0.01206	0.00861	0.01378	0.00775	0.00689	0.01464	0.01206	0.01895	0.01034	0.01206	0.00861	0.00431	0.00431	0.00086	0.00431	0.00345	0.00345	0.83118
3	0.00924	0.00652	0.00889	0.00947	0.04440	0.00696	0.00625	0.01032	0.00962	0.03700	0.01855	0.13506	0.01982	0.32437	0.27688	0.02399	0.03578	0.00840	0.00368	0.00481
4	0.01026	0.06418	0.01126	0.02102	0.01169	0.00854	0.03420	0.11654	0.01378	0.01820	0.02727	0.53972	0.04917	0.01479	0.00688	0.00217	0.00438	0.03499	0.00512	0.00584
5	0.02318	0.01170	0.01429	0.01117	0.01557	0.01145	0.00915	0.18868	0.11713	0.47663	0.02061	0.01849	0.01364	0.00715	0.00580	0.00178	0.00521	0.00573	0.00659	0.03604
6	0.01973	0.01491	0.01628	0.01364	0.04629	0.04016	0.01067	0.52837	0.07869	0.05385	0.01488	0.01566	0.01106	0.01120	0.09461	0.00264	0.00743	0.00542	0.00535	0.00917
7	0.01208	0.10829	0.42223	0.01665	0.02313	0.01399	0.17588	0.01713	0.01233	0.01744	0.01270	0.09598	0.01103	0.00681	0.00620	0.00188	0.02947	0.00606	0.00288	0.00783
8	0.01131	0.00560	0.00580	0.00567	0.00714	0.00554	0.00428	0.01401	0.01250	0.04904	0.04407	0.02235	0.01624	0.00696	0.00423	0.00139	0.00279	0.00561	0.76990	0.00559
9	0.01535	0.21405	0.18098	0.01605	0.11916	0.03494	0.01364	0.12578	0.15834	0.02088	0.01288	0.01389	0.01005	0.00619	0.00569	0.00170	0.03343	0.00472	0.00370	0.00858
10	0.01869	0.01883	0.01629	0.01448	0.04192	0.28773	0.01106	0.21597	0.14393	0.02245	0.03845	0.01491	0.01160	0.00731	0.00741	0.00180	0.10977	0.00509	0.00431	0.00800
11	0.00947	0.00585	0.00768	0.00822	0.00930	0.00530	0.00576	0.01080	0.01224	0.10223	0.07838	0.60040	0.06995	0.01603	0.00710	0.00221	0.00352	0.01439	0.00562	0.02557
12	0.11154	0.01407	0.01835	0.01699	0.13849	0.04668	0.09450	0.23101	0.01782	0.19531	0.01416	0.01484	0.01010	0.00632	0.00600	0.00178	0.02795	0.00522	0.00482	0.02405
13	0.01428	0.54852	0.26999	0.01211	0.01826	0.01991	0.01371	0.01774	0.01197	0.01522	0.00885	0.01029	0.00743	0.00515	0.00432	0.00144	0.00699	0.00350	0.00248	0.00783
14	0.02331	0.00908	0.01202	0.00945	0.01337	0.00798	0.00773	0.02564	0.01583	0.62799	0.02222	0.02014	0.01449	0.00712	0.00552	0.00172	0.00454	0.00577	0.15702	0.00908
15	0.01113	0.02718	0.67762	0.01559	0.02323	0.01249	0.01962	0.01722	0.01214	0.01800	0.01294	0.10257	0.01097	0.00700	0.00574	0.00190	0.00799	0.00571	0.00280	0.00815
16	0.01142	0.01002	0.01607	0.31327	0.15254	0.01160	0.02998	0.01412	0.01114	0.03461	0.01316	0.05774	0.01210	0.10400	0.09892	0.00328	0.09019	0.00630	0.00307	0.00647
17	0.00960	0.00532	0.00772	0.00772	0.00789	0.00549	0.00523	0.00815	0.00798	0.01081	0.01203	0.02104	0.01220	0.11946	0.14867	0.59230	0.00688	0.00567	0.00275	0.00309
18	0.01098	0.01034	0.01744	0.78165	0.04005	0.01292	0.01615	0.01486	0.01163	0.01486	0.01034	0.01550	0.00775	0.00581	0.00581	0.00194	0.00775	0.00517	0.00258	0.00646
19	0.01110	0.01046	0.01774	0.44612	0.07486	0.01203	0.09761	0.01510	0.04687	0.01602	0.01490	0.13589	0.01377	0.00808	0.00673	0.00204	0.03611	0.02464	0.00330	0.00662
20	0.01407	0.22016	0.08041	0.02022	0.02604	0.01679	0.50285	0.01830	0.01314	0.01733	0.01072	0.01381	0.00838	0.00496	0.00596	0.00177	0.00879	0.00572	0.00279	0.00779
21	0.00731	0.00583	0.00656	0.00655	0.00817	0.00507	0.00484	0.00913	0.01403	0.01797	0.27112	0.12504	0.46944	0.01420	0.00692	0.00196	0.00293	0.01215	0.00571	0.00507
22	0.00830	0.00701	0.00742	0.00741	0.00910	0.04176	0.00569	0.01030	0.01436	0.01821	0.27308	0.07649	0.39055	0.01369	0.00694	0.00200	0.00353	0.09332	0.00560	0.00522
23	0.03192	0.01145	0.01840	0.57153	0.18886	0.02957	0.01598	0.01605	0.01215	0.03426	0.01069	0.01512	0.00818	0.00571	0.00574	0.00188	0.00749	0.00511	0.00279	0.00712
24	0.01138	0.09557	0.56098	0.01421	0.02131	0.01310	0.01748	0.01718	0.03492	0.01776	0.01796	0.01891	0.12108	0.00694	0.00558	0.00181	0.00740	0.00547	0.00301	0.00795
25	0.00749	0.00614	0.00665	0.00667	0.00842	0.00546	0.00494	0.00987	0.05057	0.01724	0.16358	0.13750	0.52623	0.01434	0.00689	0.00199	0.00305	0.01220	0.00558	0.00519
26	0.01894	0.01560	0.05724	0.01438	0.06293	0.01621	0.01143	0.42854	0.23658	0.05162	0.01668	0.01633	0.01214	0.00706	0.00583	0.00182	0.00598	0.00559	0.00552	0.00958
27	0.05252	0.06489	0.04037	0.27915	0.36994	0.03504	0.04264	0.01698	0.01254	0.01745	0.01038	0.01408	0.00836	0.00541	0.00556	0.00177	0.00728	0.00494	0.00278	0.00791
28	0.10749	0.01274	0.01980	0.02839	0.55227	0.01301	0.01497	0.05323	0.01344	0.02035	0.01310	0.06722	0.01198	0.00667	0.00573	0.00182	0.00630	0.03968	0.00339	0.00844
29	0.00781	0.00583	0.00726	0.00710	0.00848	0.00528	0.00525	0.01008	0.01517	0.02073	0.52478	0.13277	0.20160	0.01322	0.00693	0.00192	0.00286	0.01159	0.00607	0.00528
30	0.07273	0.01311	0.01569	0.01317	0.05794	0.01369	0.01023	0.33413	0.02028	0.32420	0.01670	0.01598	0.01132	0.00703	0.00636	0.00181	0.04496	0.00534	0.00590	0.00946
31	0.01490	0.15636	0.25408	0.01855	0.14381	0.04232	0.12113	0.01898	0.01317	0.10309	0.01278	0.05268	0.01028	0.00613	0.00557	0.00174	0.00746	0.00539	0.00332	0.00828
32	0.00693	0.00584	0.00601	0.00608	0.00792	0.00492	0.00452	0.00842	0.01323	0.01592	0.08118	0.10293	0.68656	0.01485	0.00691	0.00198	0.00297	0.01249	0.00543	0.00492
33	0.01427	0.01573	0.03323	0.02379	0.02960	0.01492	0.69140	0.06509	0.01460	0.01979	0.01191	0.01558	0.00889	0.00504	0.00680	0.00195	0.00958	0.00676	0.00313	0.00797
34	0.02172	0.02772	0.01648	0.01498	0.01798	0.77228	0.01124	0.02322	0.01648	0.01423	0.00899	0.01049	0.00749	0.00599	0.00524	0.00150	0.01049	0.00375	0.00300	0.00674

[dist]
# distance from previous block
# <min> <max>
0	15

[block]
# block no. 2 follows, 40 sequences, length 32
# corresponding to MSA columns:
# 601-614,618-635
name=unknown_C
#
# <colnr> <probs for GDERKNQSTAVLIFYWHMCP>
#	G	D	E	R	K	N	Q	S	T	A	V	L	I	F	Y	W	H	M	C	P
0	0.04232	0.01084	0.01539	0.01455	0.13766	0.00957	0.03230	0.02333	0.01492	0.45216	0.01775	0.01699	0.01202	0.00618	0.00550	0.00161	0.00528	0.00523	0.00552	0.17086
1	0.58925	0.01285	0.01085	0.00921	0.01302	0.05598	0.00753	0.13349	0.01364	0.09272	0.01040	0.01114	0.00766	0.00584	0.00424	0.00177	0.00518	0.00375	0.00424	0.00721
2	0.01142	0.00778	0.00956	0.00956	0.01111	0.00784	0.00712	0.15889	0.01497	0.06051	0.02774	0.51823	0.03082	0.01511	0.00707	0.00224	0.00428	0.08408	0.00558	0.00612
3	0.50656	0.01210	0.01120	0.00916	0.01324	0.01313	0.00753	0.17004	0.01430	0.07720	0.01062	0.01143	0.00789	0.00572	0.00431	0.00167	0.00491	0.00381	0.00429	0.11090
4	0.01166	0.03008	0.76550	0.01657	0.02517	0.01351	0.02149	0.01842	0.01228	0.01842	0.01044	0.01228	0.00737	0.00552	0.00552	0.00184	0.00859	0.00430	0.00246	0.00859
5	0.01355	0.01405	0.01745	0.01497	0.01546	0.08916	0.01234	0.01490	0.00975	0.01422	0.00787	0.01248	0.00766	0.00954	0.01717	0.00238	0.67954	0.00489	0.00262	0.03998
6	0.01210	0.01009	0.04354	0.09013	0.13742	0.00972	0.01012	0.01756	0.14504	0.07861	0.31639	0.05636	0.03045	0.00909	0.00630	0.00187	0.00469	0.00802	0.00522	0.00729
7	0.00707	0.00580	0.00623	0.00633	0.00803	0.00496	0.00467	0.00866	0.01343	0.01660	0.14615	0.13892	0.58348	0.01476	0.00693	0.00199	0.00297	0.01253	0.00553	0.00496
8	0.01098	0.01034	0.01744	0.78165	0.04005	0.01292	0.01615	0.01486	0.01163	0.01486	0.01034	0.01550	0.00775	0.00581	0.00581	0.00194	0.00775	0.00517	0.00258	0.00646
9	0.01516	0.72271	0.10351	0.01061	0.01594	0.02207	0.01110	0.01751	0.01186	0.01415	0.00832	0.00962	0.00745	0.00503	0.00391	0.00130	0.00645	0.00323	0.00248	0.00758
10	0.00745	0.00543	0.00707	0.00827	0.00886	0.00515	0.00575	0.00902	0.03108	0.01534	0.03325	0.67350	0.07812	0.01758	0.00740	0.00235	0.00354	0.07052	0.00541	0.00490
11	0.02172	0.02772	0.01648	0.01498	0.01798	0.77228	0.01124	0.02322	0.01648	0.01423	0.00899	0.01049	0.00749	0.00599	0.00524	0.00150	0.01049	0.00375	0.00300	0.00674
12	0.01555	0.79913	0.03047	0.00995	0.01493	0.02301	0.00995	0.01741	0.01182	0.01368	0.00808	0.00933	0.00746	0.00498	0.00373	0.00124	0.00622	0.00311	0.00249	0.00746
13	0.03853	0.02176	0.37155	0.04861	0.05090	0.04666	0.15975	0.05711	0.06307	0.01956	0.01348	0.04511	0.02484	0.00634	0.00588	0.00188	0.00799	0.00566	0.00322	0.00811
14	0.00708	0.00590	0.00617	0.00610	0.00798	0.00500	0.00458	0.00874	0.01373	0.01684	0.16277	0.05410	0.65243	0.01430	0.00687	0.00194	0.00292	0.01201	0.00555	0.00500
15	0.02172	0.02772	0.01648	0.01498	0.01798	0.77228	0.01124	0.02322	0.01648	0.01423	0.00899	0.01049	0.00749	0.00599	0.00524	0.00150	0.01049	0.00375	0.00300	0.00674
16	0.01395	0.01336	0.02280	0.13288	0.66564	0.01370	0.01763	0.01746	0.01303	0.01846	0.01086	0.01454	0.00902	0.00526	0.00576	0.00175	0.00702	0.00518	0.00284	0.00885
17	0.00920	0.00777	0.01199	0.27445	0.06610	0.00867	0.01032	0.01144	0.01147	0.01521	0.02237	0.41116	0.02477	0.01277	0.00723	0.00220	0.03362	0.04941	0.00417	0.00569
18	0.00752	0.00575	0.00686	0.00748	0.00868	0.00522	0.00554	0.00903	0.01251	0.01588	0.08255	0.28306	0.33102	0.06392	0.00863	0.00242	0.00363	0.13008	0.00533	0.00487
19	0.10490	0.01009	0.01577	0.59851	0.03336	0.01222	0.03150	0.01484	0.01167	0.01678	0.03813	0.03645	0.01039	0.00633	0.00560	0.00191	0.00695	0.00548	0.03275	0.00636
20	0.01277	0.02799	0.65500	0.01670	0.02477	0.01400	0.05907	0.08705	0.01379	0.02016	0.01084	0.01262	0.00768	0.00563	0.00562	0.00184	0.00845	0.00452	0.00280	0.00868
21	0.01390	0.01332	0.02272	0.14257	0.65630	0.01369	0.01760	0.01742	0.01301	0.01841	0.01085	0.01455	0.00900	0.00527	0.00577	0.00176	0.00703	0.00518	0.00284	0.00882
22	0.15362	0.01046	0.01368	0.16930	0.05813	0.01268	0.01061	0.04114	0.05516	0.01788	0.01451	0.03684	0.05458	0.03112	0.09986	0.02186	0.18296	0.00579	0.00340	0.00640
23	0.01254	0.01242	0.01820	0.08024	0.04477	0.01672	0.03666	0.01428	0.00962	0.01453	0.00902	0.01518	0.00875	0.00969	0.01666	0.00245	0.63595	0.03314	0.00268	0.00648
24	0.01010	0.00505	0.00758	0.00758	0.00758	0.00505	0.00505	0.00758	0.00758	0.01010	0.01010	0.01768	0.01010	0.02020	0.02273	0.83081	0.00505	0.00505	0.00253	0.00253
25	0.01479	0.06969	0.43394	0.01681	0.02338	0.21415	0.11024	0.01965	0.01355	0.01708	0.01010	0.01208	0.00759	0.00554	0.00552	0.00173	0.00912	0.00442	0.00266	0.00795
26	0.01297	0.01177	0.01922	0.26782	0.35192	0.01314	0.01527	0.01611	0.01234	0.04127	0.05108	0.01702	0.01155	0.03091	0.00819	0.00202	0.10109	0.00558	0.00309	0.00763
27	0.01098	0.01034	0.01744	0.78165	0.04005	0.01292	0.01615	0.01486	0.01163	0.01486	0.01034	0.01550	0.00775	0.00581	0.00581	0.00194	0.00775	0.00517	0.00258	0.00646
28	0.00726	0.00587	0.00606	0.00601	0.00787	0.00500	0.00451	0.00894	0.01352	0.01686	0.12854	0.05257	0.63888	0.01395	0.00670	0.00191	0.00291	0.01167	0.05598	0.00500
29	0.01030	0.00896	0.01392	0.17384	0.22843	0.00924	0.01101	0.01307	0.01337	0.01829	0.22093	0.11824	0.08918	0.03729	0.00720	0.00203	0.00515	0.00869	0.00431	0.00654
30	0.01257	0.11819	0.52177	0.01749	0.02507	0.01489	0.17359	0.01834	0.01253	0.01790	0.01044	0.01266	0.00769	0.00533	0.00560	0.00180	0.00857	0.00471	0.00256	0.00830
31	0.00709	0.00506	0.00675	0.00810	0.00843	0.00472	0.00540	0.00810	0.01113	0.01484	0.03205	0.79184	0.03846	0.01822	0.00742	0.00236	0.00337	0.01653	0.00540	0.00472

[dist]
# distance from previous block
# <min> <max>
0	2

[block]
# block no. 3 follows, 40 sequences, length 6
# corresponding to MSA columns:
# 638-643
name=unknown_D
#
# <colnr> <probs for GDERKNQSTAVLIFYWHMCP>
#	G	D	E	R	K	N	Q	S	T	A	V	L	I	F	Y	W	H	M	C	P
0	0.75926	0.01281	0.00930	0.00834	0.01189	0.08519	0.00677	0.01768	0.01052	0.02496	0.00818	0.00955	0.00641	0.00545	0.00376	0.00177	0.00507	0.00321	0.00354	0.00634
1	0.75699	0.01137	0.00899	0.00805	0.01162	0.01318	0.00658	0.01843	0.08154	0.02592	0.00961	0.01063	0.00741	0.00564	0.00382	0.00182	0.00451	0.00348	0.00382	0.00658
2	0.01413	0.07342	0.01534	0.04033	0.04769	0.01198	0.05160	0.17792	0.08067	0.04983	0.13591	0.02494	0.12294	0.00816	0.00583	0.00167	0.00510	0.00687	0.00490	0.12078
3	0.01401	0.46448	0.02273	0.05467	0.04105	0.06334	0.00965	0.01726	0.07216	0.01603	0.09389	0.01855	0.07739	0.00690	0.00479	0.00150	0.00581	0.00519	0.00348	0.00713
4	0.01003	0.00676	0.00976	0.00945	0.01050	0.00765	0.00724	0.01158	0.00989	0.07266	0.01686	0.08811	0.01622	0.07912	0.50683	0.05579	0.06556	0.00706	0.00358	0.00535
5	0.04187	0.08302	0.01633	0.01395	0.07441	0.20605	0.01029	0.12963	0.13593	0.11600	0.01532	0.04423	0.01219	0.00973	0.06329	0.00228	0.00751	0.00540	0.00450	0.00807

[dist]
# distance from previous block
# <min> <max>
6	34

[block]
# block no. 4 follows, 40 sequences, length 6
# corresponding to MSA columns:
# 680-684,686
name=unknown_E
#
# <colnr> <probs for GDERKNQSTAVLIFYWHMCP>
#	G	D	E	R	K	N	Q	S	T	A	V	L	I	F	Y	W	H	M	C	P
0	0.08632	0.26800	0.18682	0.01235	0.01763	0.07585	0.01235	0.13346	0.08284	0.05593	0.01175	0.01245	0.00900	0.00590	0.00487	0.00162	0.00675	0.00421	0.00368	0.00822
1	0.51488	0.07552	0.07613	0.00977	0.01398	0.08376	0.00875	0.05184	0.01228	0.09272	0.01003	0.01095	0.00751	0.00567	0.00424	0.00173	0.00566	0.00365	0.00380	0.00712
2	0.09457	0.01504	0.05260	0.06831	0.04136	0.17682	0.01006	0.12074	0.06043	0.07210	0.08361	0.14442	0.01830	0.00876	0.00583	0.00184	0.00630	0.00712	0.00457	0.00723
3	0.16568	0.01144	0.07741	0.00994	0.01358	0.01001	0.00866	0.06616	0.06226	0.22848	0.10111	0.02452	0.01864	0.08147	0.00785	0.00220	0.00508	0.05987	0.00523	0.04042
4	0.00975	0.00696	0.00893	0.07950	0.01236	0.00686	0.00682	0.06564	0.01406	0.05743	0.16723	0.35102	0.16337	0.01385	0.00687	0.00208	0.00390	0.01220	0.00545	0.00572
5	0.15376	0.01198	0.01691	0.05813	0.15823	0.02960	0.11822	0.05764	0.03215	0.02093	0.06899	0.08169	0.01462	0.00687	0.00553	0.00170	0.00591	0.00616	0.00382	0.14716

[dist]
# distance from previous block
# <min> <max>
0	1

[block]
# block no. 5 follows, 40 sequences, length 23
# corresponding to MSA columns:
# 688-710
name=unknown_F
#
# <colnr> <probs for GDERKNQSTAVLIFYWHMCP>
#	G	D	E	R	K	N	Q	S	T	A	V	L	I	F	Y	W	H	M	C	P
0	0.32705	0.01207	0.01293	0.07064	0.03718	0.01318	0.00904	0.22226	0.01662	0.14827	0.06637	0.01547	0.01233	0.00663	0.00506	0.00179	0.00530	0.00492	0.00492	0.00794
1	0.42230	0.01339	0.01358	0.06728	0.14313	0.07466	0.00989	0.09052	0.01307	0.02362	0.00959	0.01147	0.00755	0.00551	0.00454	0.00169	0.00580	0.00392	0.00357	0.07492
2	0.68325	0.01130	0.00929	0.00839	0.01187	0.01307	0.00684	0.01909	0.12524	0.02555	0.01122	0.01307	0.00891	0.00611	0.00410	0.00185	0.00454	0.02555	0.00401	0.00672
3	0.00831	0.00623	0.00935	0.00935	0.01038	0.00727	0.00727	0.01038	0.00935	0.01350	0.01558	0.02285	0.01454	0.04361	0.77259	0.00935	0.01558	0.00623	0.00312	0.00519
4	0.01327	0.01256	0.02128	0.21564	0.54120	0.01319	0.01694	0.01678	0.01286	0.01790	0.01194	0.01763	0.01026	0.00596	0.00590	0.00183	0.00702	0.04656	0.00295	0.00832
5	0.00831	0.00623	0.00935	0.00935	0.01038	0.00727	0.00727	0.01038	0.00935	0.01350	0.01558	0.02285	0.01454	0.04361	0.77259	0.00935	0.01558	0.00623	0.00312	0.00519
6	0.00843	0.00573	0.00681	0.00681	0.00698	0.00589	0.00411	0.00876	0.00860	0.01162	0.01789	0.03567	0.02011	0.67780	0.14601	0.00622	0.00719	0.00811	0.00346	0.00379
7	0.83671	0.01125	0.00855	0.00765	0.01125	0.01305	0.00630	0.01709	0.00990	0.02609	0.00810	0.00945	0.00630	0.00540	0.00360	0.00180	0.00450	0.00315	0.00360	0.00630
8	0.02518	0.00972	0.01327	0.01037	0.01469	0.00845	0.00859	0.02745	0.01647	0.72273	0.02337	0.02229	0.01543	0.00768	0.00597	0.00185	0.00497	0.04478	0.00710	0.00965
9	0.02593	0.01015	0.01365	0.01047	0.01497	0.00893	0.00865	0.05685	0.01707	0.73426	0.02258	0.01956	0.01421	0.00719	0.00585	0.00180	0.00501	0.00582	0.00714	0.00990
10	0.01366	0.01307	0.02228	0.19548	0.60528	0.01362	0.01748	0.01721	0.01290	0.01811	0.01081	0.01463	0.00890	0.00532	0.00577	0.00177	0.00709	0.00518	0.00282	0.00862
11	0.06558	0.27750	0.09156	0.01349	0.01782	0.37970	0.04383	0.02032	0.01406	0.01533	0.00890	0.01045	0.00746	0.00553	0.00475	0.00149	0.00854	0.00369	0.00281	0.00717
12	0.00709	0.00506	0.00675	0.00810	0.00843	0.00472	0.00540	0.00810	0.01113	0.01484	0.03205	0.79184	0.03846	0.01822	0.00742	0.00236	0.00337	0.01653	0.00540	0.00472
13	0.01206	0.01034	0.01206	0.00861	0.01378	0.00775	0.00689	0.01464	0.01206	0.01895	0.01034	0.01206	0.00861	0.00431	0.00431	0.00086	0.00431	0.00345	0.00345	0.83118
14	0.73907	0.01347	0.09812	0.00870	0.01289	0.01310	0.00810	0.01725	0.01018	0.02518	0.00837	0.00978	0.00642	0.00541	0.00383	0.00180	0.00498	0.00328	0.00346	0.00657
15	0.00823	0.00594	0.00777	0.00732	0.00869	0.00549	0.00549	0.01097	0.01646	0.02332	0.75629	0.04344	0.05487	0.01189	0.00686	0.00183	0.00274	0.01052	0.00640	0.00549
16	0.01255	0.01194	0.02028	0.43798	0.37144	0.01333	0.01693	0.01623	0.01237	0.01677	0.01061	0.01499	0.00842	0.00552	0.00579	0.00184	0.00736	0.00517	0.00272	0.00773
17	0.01218	0.02739	0.67609	0.01570	0.02355	0.01268	0.01976	0.01833	0.01245	0.05985	0.01248	0.06135	0.00970	0.00641	0.00566	0.00187	0.00806	0.00515	0.00290	0.00843
18	0.00730	0.00521	0.00699	0.00834	0.00877	0.00491	0.00577	0.00847	0.01134	0.01508	0.03193	0.72378	0.03799	0.01802	0.00748	0.00239	0.00356	0.08248	0.00539	0.00478
19	0.00824	0.00555	0.00641	0.00662	0.00667	0.00550	0.00382	0.00840	0.00887	0.01183	0.02046	0.15560	0.02384	0.67440	0.02614	0.00513	0.00528	0.00972	0.00382	0.00371
20	0.01466	0.01891	0.27711	0.01939	0.11026	0.01321	0.19299	0.05105	0.01384	0.11205	0.01376	0.01802	0.01072	0.00659	0.00689	0.00194	0.05285	0.05385	0.00357	0.00835
21	0.01447	0.01401	0.05515	0.08643	0.54704	0.01344	0.04375	0.01894	0.06171	0.05216	0.01226	0.01510	0.00979	0.00548	0.00577	0.00176	0.00686	0.00529	0.00325	0.02736
22	0.01496	0.02073	0.28477	0.03547	0.12072	0.06500	0.13552	0.12258	0.01510	0.03998	0.01138	0.01350	0.00850	0.00570	0.00607	0.00176	0.02709	0.00496	0.00331	0.06290

[dist]
# distance from previous block
# <min> <max>
6	12

[block]
# block no. 6 follows, 40 sequences, length 21
# corresponding to MSA columns:
# 723-743
name=unknown_G
#
# <colnr> <probs for GDERKNQSTAVLIFYWHMCP>
#	G	D	E	R	K	N	Q	S	T	A	V	L	I	F	Y	W	H	M	C	P
0	0.11442	0.01320	0.01545	0.07130	0.10949	0.01485	0.01096	0.23131	0.24452	0.03983	0.03927	0.01699	0.01310	0.00703	0.00605	0.00186	0.03123	0.00556	0.00492	0.00866
1	0.07247	0.01079	0.01653	0.63728	0.03523	0.01301	0.01464	0.06196	0.01254	0.01729	0.01041	0.01479	0.00783	0.00579	0.00558	0.00186	0.00726	0.00494	0.00291	0.04691
2	0.29657	0.02674	0.06011	0.07255	0.13748	0.01330	0.09155	0.01691	0.01135	0.05497	0.01079	0.02482	0.00881	0.00880	0.06051	0.00242	0.08701	0.00484	0.00330	0.00718
3	0.01481	0.51865	0.24926	0.01215	0.01819	0.01985	0.01347	0.06449	0.01296	0.01658	0.00917	0.01051	0.00759	0.00527	0.00440	0.00145	0.00694	0.00360	0.00269	0.00796
4	0.00836	0.00618	0.00803	0.00876	0.01010	0.00585	0.00713	0.01059	0.01365	0.01784	0.17300	0.15359	0.18390	0.01529	0.00750	0.00233	0.00412	0.35301	0.00557	0.00521
5	0.00929	0.00727	0.01069	0.01146	0.06559	0.00828	0.00813	0.03006	0.01023	0.01457	0.01623	0.06491	0.01581	0.07845	0.56061	0.00753	0.04861	0.02340	0.00334	0.00555
6	0.01433	0.04088	0.02283	0.08225	0.51617	0.07601	0.08061	0.01759	0.01327	0.01787	0.01190	0.05769	0.01052	0.00599	0.00584	0.00176	0.00730	0.00578	0.00300	0.00838
7	0.12225	0.04668	0.01609	0.09632	0.01803	0.13001	0.04362	0.13764	0.01424	0.01974	0.01380	0.01671	0.06360	0.03174	0.03374	0.00227	0.17771	0.00533	0.00358	0.00690
8	0.00716	0.00586	0.00631	0.00628	0.00805	0.00502	0.00468	0.00887	0.01381	0.01721	0.19904	0.08725	0.58163	0.01431	0.00690	0.00195	0.00292	0.01211	0.00560	0.00502
9	0.07989	0.16321	0.23733	0.01361	0.04542	0.04361	0.01319	0.05518	0.25140	0.02077	0.01423	0.01465	0.01085	0.00625	0.00518	0.00175	0.00645	0.00478	0.00386	0.00841
10	0.10080	0.01013	0.01152	0.00879	0.01323	0.00858	0.00708	0.04837	0.01329	0.06907	0.08252	0.01731	0.01409	0.00588	0.00478	0.00122	0.00435	0.03064	0.00416	0.54418
11	0.11812	0.52094	0.02418	0.01000	0.01471	0.01919	0.00938	0.07577	0.01354	0.13132	0.01081	0.01130	0.00857	0.00552	0.00420	0.00144	0.00583	0.00370	0.00360	0.00788
12	0.00831	0.00623	0.00935	0.00935	0.01038	0.00727	0.00727	0.01038	0.00935	0.01350	0.01558	0.02285	0.01454	0.04361	0.77259	0.00935	0.01558	0.00623	0.00312	0.00519
13	0.00834	0.00612	0.00877	0.00877	0.00961	0.00696	0.00655	0.01001	0.00917	0.01307	0.01610	0.02577	0.01581	0.18813	0.62980	0.00863	0.01367	0.00666	0.00319	0.00487
14	0.83671	0.01125	0.00855	0.00765	0.01125	0.01305	0.00630	0.01709	0.00990	0.02609	0.00810	0.00945	0.00630	0.00540	0.00360	0.00180	0.00450	0.00315	0.00360	0.00630
15	0.00898	0.00666	0.00921	0.00864	0.00925	0.00696	0.04624	0.00944	0.00945	0.01272	0.02066	0.13147	0.07386	0.37099	0.08323	0.11012	0.06540	0.00884	0.00364	0.00425
16	0.09940	0.05238	0.01551	0.51570	0.03006	0.01235	0.01292	0.01493	0.03602	0.01683	0.05809	0.08505	0.01351	0.00726	0.00567	0.00192	0.00652	0.00622	0.00328	0.00637
17	0.01530	0.74931	0.07809	0.01038	0.01559	0.02239	0.01070	0.01748	0.01185	0.01399	0.00824	0.00952	0.00746	0.00501	0.00385	0.00128	0.00637	0.00319	0.00249	0.00754
18	0.01341	0.27731	0.42041	0.01329	0.01986	0.01564	0.01566	0.01799	0.01272	0.05754	0.07447	0.01440	0.01186	0.00598	0.00507	0.00164	0.00712	0.00453	0.00306	0.00803
19	0.01430	0.33949	0.40703	0.01351	0.02027	0.03676	0.01584	0.01869	0.01245	0.05817	0.01015	0.01146	0.00780	0.00541	0.00481	0.00159	0.00748	0.00389	0.00275	0.00816
20	0.01548	0.66838	0.08275	0.01055	0.01562	0.02147	0.01067	0.06400	0.01275	0.01544	0.00894	0.01070	0.00802	0.02879	0.00477	0.00145	0.00639	0.00349	0.00273	0.00758

[dist]
# distance from previous block
# <min> <max>
6	8

[block]
# block no. 7 follows, 40 sequences, length 9
# corresponding to MSA columns:
# 754-762
name=unknown_H
#
# <colnr> <probs for GDERKNQSTAVLIFYWHMCP>
#	G	D	E	R	K	N	Q	S	T	A	V	L	I	F	Y	W	H	M	C	P
0	0.01166	0.03008	0.76550	0.01657	0.02517	0.01351	0.02149	0.01842	0.01228	0.01842	0.01044	0.01228	0.00737	0.00552	0.00552	0.00184	0.00859	0.00430	0.00246	0.00859
1	0.09519	0.03671	0.15455	0.11547	0.05197	0.04562	0.07604	0.02202	0.05444	0.26840	0.01513	0.01570	0.01046	0.00618	0.00558	0.00182	0.00671	0.00515	0.00445	0.00841
2	0.01549	0.07641	0.22015	0.04873	0.13245	0.03258	0.01364	0.01996	0.05449	0.18638	0.07740	0.03747	0.03081	0.00719	0.00576	0.00180	0.00634	0.02034	0.00432	0.00830
3	0.01622	0.01056	0.07730	0.10854	0.05021	0.00887	0.01071	0.01921	0.01460	0.30577	0.10839	0.06002	0.02228	0.00956	0.00643	0.00202	0.00546	0.15067	0.00548	0.00769
4	0.05881	0.02499	0.56506	0.01511	0.02237	0.01286	0.03968	0.04881	0.01300	0.08459	0.01200	0.01429	0.00879	0.04681	0.00675	0.00203	0.00784	0.00470	0.00315	0.00835
5	0.04078	0.01568	0.10945	0.15463	0.18276	0.09636	0.01401	0.05529	0.03150	0.18392	0.01398	0.01631	0.01038	0.00642	0.00602	0.00182	0.02588	0.02247	0.00403	0.00831
6	0.01369	0.04575	0.20997	0.24733	0.13614	0.08410	0.01568	0.01825	0.04128	0.05752	0.04573	0.01548	0.01077	0.00603	0.00562	0.00178	0.00745	0.00503	0.00320	0.02919
7	0.03859	0.00977	0.04805	0.24283	0.04802	0.00992	0.04824	0.01382	0.03498	0.04838	0.02063	0.29146	0.03850	0.01096	0.00713	0.00212	0.04623	0.03001	0.00409	0.00627
8	0.01078	0.01176	0.08435	0.27057	0.11185	0.01078	0.10949	0.01422	0.01286	0.01720	0.11514	0.02506	0.12947	0.00837	0.00694	0.03736	0.00650	0.00710	0.00358	0.00663

[dist]
# distance from previous block
# <min> <max>
0	217

# created by:
# /home/berkeley/.conda/envs/busco_data_prod/bin/msa2prfl.pl pipeline/OGs_align_augustus/33634/159054.fs
