[name]
unknown

[dist]
# distance from previous block
# <min> <max>
0	719

[block]
# block no. 0 follows, 44 sequences, length 115
# corresponding to MSA columns:
# 862-976
name=unknown_A
#
# <colnr> <probs for GDERKNQSTAVLIFYWHMCP>
#	G	D	E	R	K	N	Q	S	T	A	V	L	I	F	Y	W	H	M	C	P
0	0.03215	0.05051	0.25832	0.05216	0.15829	0.03450	0.01409	0.12761	0.02412	0.10201	0.03805	0.01513	0.01058	0.00593	0.00526	0.00165	0.00648	0.02275	0.00363	0.03677
1	0.01512	0.04232	0.13793	0.01936	0.27220	0.03170	0.01341	0.11393	0.11039	0.09770	0.02401	0.01453	0.01041	0.00591	0.00580	0.00166	0.03809	0.00488	0.00381	0.03683
2	0.01628	0.03353	0.06501	0.04930	0.16278	0.06501	0.02825	0.12303	0.12247	0.15455	0.01441	0.03371	0.01096	0.00638	0.00602	0.00168	0.04870	0.00518	0.00424	0.04851
3	0.09804	0.07412	0.05206	0.01453	0.13630	0.04028	0.01062	0.26566	0.07579	0.09548	0.03882	0.01418	0.01085	0.00602	0.00504	0.00159	0.00565	0.00472	0.00438	0.04588
4	0.15391	0.01484	0.14847	0.01238	0.06581	0.04889	0.01060	0.14969	0.08177	0.15025	0.02805	0.01519	0.01085	0.04266	0.00602	0.00182	0.00569	0.00476	0.01879	0.02954
5	0.06283	0.06229	0.01499	0.04126	0.16684	0.03241	0.00975	0.18463	0.01573	0.07990	0.12231	0.01853	0.04551	0.00663	0.00518	0.00153	0.00512	0.00546	0.02308	0.09603
6	0.01593	0.05765	0.05007	0.01446	0.10920	0.10209	0.01065	0.14114	0.35807	0.05870	0.01632	0.01604	0.01228	0.00647	0.00531	0.00169	0.00574	0.00520	0.00461	0.00839
7	0.00917	0.00681	0.01050	0.01028	0.04019	0.00740	0.03671	0.01130	0.00951	0.05030	0.01440	0.02025	0.01297	0.03474	0.65249	0.00751	0.01311	0.00569	0.00310	0.04355
8	0.01200	0.12677	0.58458	0.01391	0.02086	0.01327	0.01708	0.01767	0.03751	0.05389	0.04529	0.01313	0.00960	0.00554	0.00505	0.00166	0.00723	0.00429	0.00280	0.00787
9	0.01301	0.15531	0.50085	0.04948	0.02137	0.01425	0.01643	0.07525	0.03507	0.05467	0.01061	0.01191	0.00773	0.00535	0.00496	0.00163	0.00721	0.00408	0.00287	0.00796
10	0.05186	0.01007	0.01612	0.61135	0.05801	0.01198	0.03582	0.04848	0.01196	0.04527	0.04028	0.01535	0.00935	0.00571	0.00542	0.00179	0.00681	0.00503	0.00293	0.00641
11	0.00828	0.00623	0.00742	0.00691	0.00871	0.00561	0.00517	0.01101	0.04769	0.01906	0.36559	0.12547	0.16924	0.01086	0.00594	0.00165	0.00294	0.00942	0.07213	0.11067
12	0.01303	0.01264	0.05132	0.02638	0.52606	0.01214	0.03966	0.01783	0.11267	0.03798	0.01396	0.08677	0.01225	0.00637	0.00559	0.00172	0.00600	0.00604	0.00339	0.00820
13	0.05420	0.00992	0.01320	0.01103	0.01286	0.01155	0.00894	0.03302	0.01137	0.29382	0.01406	0.01749	0.01125	0.10673	0.04315	0.00268	0.32825	0.00538	0.00422	0.00688
14	0.00756	0.00552	0.00690	0.00661	0.00795	0.00503	0.00494	0.00989	0.01465	0.02041	0.60733	0.06793	0.16329	0.01160	0.00636	0.00174	0.00262	0.01015	0.03448	0.00503
15	0.02039	0.01777	0.01600	0.01286	0.01680	0.20500	0.01034	0.55158	0.04857	0.02882	0.01226	0.01254	0.00898	0.00635	0.00533	0.00159	0.00688	0.00461	0.00481	0.00853
16	0.00916	0.00646	0.00809	0.00769	0.03478	0.00572	0.00557	0.01154	0.01401	0.05485	0.44120	0.03501	0.14700	0.00980	0.00582	0.00158	0.00301	0.00847	0.07930	0.11092
17	0.00651	0.00549	0.00564	0.00567	0.00742	0.00462	0.00423	0.00793	0.01248	0.01502	0.08690	0.08317	0.70870	0.01382	0.00646	0.00185	0.00277	0.01160	0.00511	0.00462
18	0.02352	0.01078	0.01358	0.01041	0.01467	0.01024	0.00860	0.20946	0.01812	0.59173	0.01940	0.01719	0.01244	0.00670	0.00548	0.00167	0.00498	0.00534	0.00642	0.00928
19	0.01474	0.01527	0.02038	0.05085	0.37838	0.15093	0.09794	0.04922	0.08327	0.01769	0.01103	0.01354	0.00894	0.00559	0.00626	0.00168	0.05846	0.00491	0.00307	0.00784
20	0.01130	0.00969	0.01130	0.00807	0.01292	0.00727	0.00646	0.01373	0.01130	0.01776	0.00969	0.01130	0.00807	0.00404	0.00404	0.00081	0.00404	0.00323	0.00323	0.84173
21	0.00679	0.00485	0.00649	0.00776	0.00814	0.00455	0.00532	0.00784	0.01058	0.01408	0.02997	0.75400	0.03574	0.01694	0.00700	0.00223	0.00329	0.06490	0.00506	0.00447
22	0.02437	0.00942	0.01274	0.00977	0.01399	0.00823	0.00807	0.04409	0.01584	0.76031	0.02131	0.01842	0.01339	0.00674	0.00548	0.00169	0.00467	0.00547	0.00672	0.00928
23	0.12984	0.04270	0.04883	0.01127	0.01501	0.14663	0.00938	0.25321	0.16117	0.04036	0.03424	0.01415	0.01101	0.00627	0.00496	0.00160	0.00591	0.00464	0.02626	0.03255
24	0.01346	0.04996	0.04827	0.03175	0.71406	0.01334	0.01651	0.01673	0.01232	0.01756	0.01012	0.01321	0.00850	0.00486	0.00530	0.00160	0.00650	0.00474	0.00267	0.00854
25	0.01400	0.01308	0.02158	0.04507	0.70266	0.01325	0.01621	0.07422	0.01342	0.01903	0.01047	0.01348	0.00866	0.00500	0.00540	0.00162	0.00645	0.00486	0.00291	0.00864
26	0.01190	0.01039	0.01620	0.01333	0.01606	0.01076	0.20258	0.14888	0.07647	0.01975	0.04960	0.25845	0.02096	0.01029	0.00707	0.00199	0.05029	0.06398	0.00446	0.00658
27	0.01334	0.01260	0.07202	0.01139	0.01462	0.01303	0.00950	0.02623	0.60916	0.04749	0.02083	0.05502	0.01620	0.00775	0.00618	0.00188	0.04297	0.00633	0.00516	0.00829
28	0.01349	0.01295	0.02213	0.03346	0.77440	0.01295	0.01673	0.01673	0.01241	0.01781	0.01025	0.01349	0.00864	0.00486	0.00540	0.00162	0.00648	0.00486	0.00270	0.00864
29	0.01292	0.01266	0.02017	0.24806	0.52930	0.05013	0.01598	0.01618	0.01213	0.01650	0.01001	0.01361	0.00817	0.00506	0.00539	0.00166	0.00686	0.00479	0.00263	0.00779
30	0.01280	0.00685	0.00882	0.00808	0.01012	0.00635	0.00613	0.01560	0.06494	0.24419	0.24029	0.24283	0.06749	0.01122	0.00617	0.00185	0.00348	0.00982	0.02659	0.00639
31	0.00888	0.00741	0.01047	0.00990	0.01043	0.00923	0.00770	0.01030	0.00869	0.01265	0.01410	0.08628	0.01441	0.12017	0.41444	0.00600	0.23439	0.00660	0.00299	0.00496
32	0.01349	0.01295	0.02213	0.03346	0.77440	0.01295	0.01673	0.01673	0.01241	0.01781	0.01025	0.01349	0.00864	0.00486	0.00540	0.00162	0.00648	0.00486	0.00270	0.00864
33	0.00781	0.00520	0.00691	0.00748	0.00827	0.00481	0.00523	0.00928	0.01211	0.05314	0.24062	0.54939	0.03934	0.01489	0.00674	0.00205	0.00307	0.01341	0.00541	0.00487
34	0.00755	0.00554	0.00708	0.00676	0.00806	0.00506	0.00504	0.00995	0.01495	0.02087	0.67431	0.07021	0.12101	0.01162	0.00645	0.00175	0.00261	0.01023	0.00588	0.00506
35	0.01312	0.01257	0.02145	0.12332	0.68749	0.01285	0.01654	0.01640	0.01224	0.01735	0.01019	0.01362	0.00847	0.00493	0.00540	0.00164	0.00657	0.00486	0.00267	0.00833
36	0.01330	0.01276	0.02178	0.07974	0.72964	0.01290	0.01663	0.01656	0.01232	0.01758	0.01022	0.01356	0.00855	0.00489	0.00540	0.00163	0.00652	0.00486	0.00268	0.00848
37	0.04531	0.01026	0.01312	0.01008	0.01430	0.00953	0.00833	0.14201	0.01703	0.64056	0.01981	0.01744	0.01263	0.00667	0.00542	0.00168	0.00484	0.00533	0.00645	0.00919
38	0.01822	0.01244	0.01378	0.01131	0.01506	0.01359	0.00910	0.27766	0.36015	0.17929	0.01893	0.01750	0.01348	0.00697	0.00550	0.00174	0.00496	0.00560	0.00576	0.00898
39	0.06046	0.01360	0.05576	0.02346	0.41868	0.03553	0.04443	0.08615	0.05238	0.13731	0.01267	0.01419	0.00956	0.00547	0.00533	0.00165	0.00621	0.00491	0.00374	0.00850
40	0.06850	0.00881	0.01082	0.00888	0.01193	0.00851	0.00712	0.11833	0.03250	0.32807	0.30379	0.02565	0.02690	0.00830	0.00571	0.00169	0.00401	0.00692	0.00605	0.00749
41	0.01340	0.01286	0.02197	0.05484	0.75372	0.01293	0.01669	0.01665	0.01237	0.01770	0.01024	0.01352	0.00860	0.00487	0.00540	0.00162	0.00650	0.00486	0.00269	0.00856
42	0.16941	0.00948	0.01086	0.04998	0.04715	0.01061	0.00784	0.15536	0.01343	0.04268	0.03997	0.01912	0.03110	0.03512	0.00776	0.05138	0.07951	0.04044	0.17256	0.00622
43	0.00826	0.00673	0.00749	0.00740	0.00917	0.00658	0.00561	0.01269	0.16462	0.01758	0.16709	0.13777	0.36061	0.01253	0.00639	0.00191	0.00323	0.05350	0.00532	0.00551
44	0.01171	0.01113	0.01891	0.45843	0.36337	0.01248	0.01584	0.01517	0.01157	0.01565	0.00994	0.01407	0.00787	0.00519	0.00543	0.00173	0.00692	0.00485	0.00254	0.00720
45	0.01034	0.00975	0.01636	0.77338	0.03690	0.01224	0.01505	0.01391	0.01083	0.01391	0.00962	0.01446	0.00726	0.00557	0.00580	0.00183	0.02947	0.00484	0.00242	0.00605
46	0.84691	0.01054	0.00801	0.00717	0.01054	0.01223	0.00590	0.01603	0.00928	0.02446	0.00759	0.00886	0.00590	0.00506	0.00337	0.00169	0.00422	0.00295	0.00337	0.00590
47	0.00772	0.00557	0.00729	0.00686	0.00814	0.00514	0.00514	0.01029	0.01543	0.02186	0.77152	0.04072	0.05144	0.01115	0.00643	0.00171	0.00257	0.00986	0.00600	0.00514
48	0.01349	0.01295	0.02213	0.03346	0.77440	0.01295	0.01673	0.01673	0.01241	0.01781	0.01025	0.01349	0.00864	0.00486	0.00540	0.00162	0.00648	0.00486	0.00270	0.00864
49	0.01093	0.02820	0.78016	0.01554	0.02360	0.01266	0.02014	0.01727	0.01151	0.01727	0.00978	0.01151	0.00691	0.00518	0.00518	0.00173	0.00806	0.00403	0.00230	0.00806
50	0.00767	0.00554	0.00725	0.00689	0.00813	0.00511	0.00514	0.01018	0.01522	0.02153	0.74074	0.07245	0.05080	0.01139	0.00645	0.00174	0.00260	0.01009	0.00596	0.00511
51	0.00792	0.00599	0.00838	0.00756	0.00905	0.00553	0.03936	0.01055	0.01524	0.02148	0.71908	0.03983	0.06728	0.01091	0.00643	0.00172	0.00288	0.00974	0.00583	0.00523
52	0.01349	0.01295	0.02213	0.03346	0.77440	0.01295	0.01673	0.01673	0.01241	0.01781	0.01025	0.01349	0.00864	0.00486	0.00540	0.00162	0.00648	0.00486	0.00270	0.00864
53	0.42458	0.01082	0.01096	0.00890	0.01273	0.01143	0.00735	0.13353	0.01406	0.29670	0.01343	0.01299	0.00915	0.00589	0.00445	0.00168	0.00464	0.00416	0.00491	0.00763
54	0.00658	0.00522	0.00592	0.00640	0.00761	0.00456	0.00455	0.00784	0.01178	0.01473	0.07739	0.34862	0.44962	0.01498	0.00665	0.00198	0.00291	0.01301	0.00510	0.00456
55	0.01045	0.00985	0.01663	0.75885	0.07280	0.01215	0.01522	0.01406	0.01097	0.01411	0.00972	0.01449	0.00733	0.00542	0.00545	0.00181	0.00723	0.00485	0.00244	0.00618
56	0.01349	0.01295	0.02213	0.03346	0.77440	0.01295	0.01673	0.01673	0.01241	0.01781	0.01025	0.01349	0.00864	0.00486	0.00540	0.00162	0.00648	0.00486	0.00270	0.00864
57	0.72392	0.01196	0.00983	0.00930	0.04637	0.07255	0.02526	0.01654	0.00999	0.02312	0.00786	0.00929	0.00617	0.00508	0.00366	0.00167	0.00488	0.00317	0.00328	0.00610
58	0.01191	0.06735	0.56030	0.01488	0.02175	0.01320	0.06879	0.06777	0.04915	0.01869	0.04749	0.01353	0.00980	0.00560	0.00527	0.00170	0.00743	0.00458	0.00289	0.00792
59	0.03535	0.01272	0.02066	0.06226	0.64966	0.01304	0.01563	0.03587	0.06733	0.01860	0.01110	0.01390	0.00911	0.00511	0.00536	0.00165	0.00628	0.00490	0.00298	0.00847
60	0.84691	0.01054	0.00801	0.00717	0.01054	0.01223	0.00590	0.01603	0.00928	0.02446	0.00759	0.00886	0.00590	0.00506	0.00337	0.00169	0.00422	0.00295	0.00337	0.00590
61	0.00710	0.00519	0.00662	0.00710	0.00795	0.00478	0.00502	0.00868	0.01240	0.01674	0.29119	0.39949	0.13044	0.04145	0.00743	0.00211	0.00303	0.03327	0.00533	0.00468
62	0.01276	0.00593	0.00675	0.00627	0.00808	0.00567	0.00487	0.01515	0.01225	0.16768	0.01942	0.05173	0.01541	0.00718	0.00440	0.00144	0.00307	0.03443	0.61160	0.00587
63	0.00695	0.00549	0.00626	0.00617	0.00770	0.00480	0.00459	0.00877	0.01348	0.01747	0.33373	0.09494	0.44432	0.01297	0.00647	0.00181	0.00271	0.01111	0.00543	0.00480
64	0.00651	0.00525	0.00581	0.00625	0.00756	0.00454	0.00447	0.00774	0.01172	0.01444	0.04632	0.31870	0.51170	0.01497	0.00663	0.00197	0.00290	0.01292	0.00506	0.00454
65	0.02446	0.00928	0.01265	0.00970	0.01392	0.00801	0.00801	0.02657	0.01560	0.77817	0.02151	0.01856	0.01350	0.00675	0.00548	0.00169	0.00464	0.00548	0.00675	0.00928
66	0.78292	0.01044	0.00837	0.00737	0.01081	0.01190	0.00607	0.01685	0.00977	0.08311	0.00867	0.00961	0.00649	0.00519	0.00354	0.00169	0.00425	0.00315	0.00364	0.00617
67	0.01503	0.75055	0.02755	0.00970	0.01422	0.08109	0.00942	0.01675	0.01142	0.01287	0.00765	0.00883	0.00700	0.00474	0.00361	0.00118	0.00614	0.00296	0.00237	0.00694
68	0.00650	0.00552	0.00560	0.00558	0.00740	0.00462	0.00418	0.00793	0.01255	0.01502	0.08497	0.05198	0.74226	0.01370	0.00644	0.00184	0.00275	0.01144	0.00510	0.00462
69	0.01639	0.01144	0.01326	0.01087	0.01397	0.01259	0.00878	0.43605	0.01884	0.08120	0.01436	0.01706	0.01139	0.05068	0.25285	0.00404	0.00858	0.00537	0.00466	0.00763
70	0.01130	0.00969	0.01130	0.00807	0.01292	0.00727	0.00646	0.01373	0.01130	0.01776	0.00969	0.01130	0.00807	0.00404	0.00404	0.00081	0.00404	0.00323	0.00323	0.84173
71	0.00723	0.00560	0.00664	0.00670	0.00818	0.00501	0.00515	0.00918	0.01348	0.01758	0.32139	0.08756	0.36870	0.01313	0.00660	0.00190	0.00300	0.10272	0.00541	0.00485
72	0.01458	0.81168	0.02857	0.00933	0.01399	0.02157	0.00933	0.01632	0.01108	0.01283	0.00758	0.00875	0.00700	0.00466	0.00350	0.00117	0.00583	0.00292	0.00233	0.00700
73	0.00787	0.00573	0.00742	0.00697	0.00830	0.00536	0.00523	0.01078	0.03496	0.02189	0.75198	0.04019	0.05053	0.01105	0.00641	0.00172	0.00262	0.00976	0.00599	0.00523
74	0.00676	0.00558	0.00603	0.00603	0.00774	0.00485	0.00459	0.00835	0.01260	0.01552	0.13596	0.04988	0.61831	0.01493	0.04630	0.00221	0.00344	0.04117	0.00506	0.00470
75	0.01978	0.01430	0.01543	0.01197	0.01607	0.01574	0.00984	0.66001	0.04995	0.05393	0.03958	0.01468	0.01124	0.00673	0.00543	0.00164	0.00567	0.00514	0.03392	0.00897
76	0.01172	0.01159	0.01615	0.01389	0.01389	0.01612	0.01149	0.01286	0.00833	0.01299	0.00767	0.01314	0.00780	0.05030	0.01839	0.00253	0.75796	0.00493	0.00243	0.00583
77	0.00657	0.00516	0.00595	0.00653	0.00764	0.00453	0.00460	0.00777	0.01156	0.01452	0.06051	0.40850	0.40625	0.01529	0.00669	0.00201	0.00295	0.01336	0.00508	0.00453
78	0.01193	0.00967	0.01137	0.00815	0.01297	0.00730	0.00653	0.01434	0.01151	0.05415	0.01026	0.01165	0.00833	0.00417	0.00411	0.00085	0.00407	0.00334	0.00340	0.80190
79	0.00780	0.00573	0.00718	0.00688	0.00823	0.00535	0.00513	0.01062	0.04249	0.02062	0.60367	0.09065	0.12039	0.01154	0.00636	0.00175	0.00269	0.01013	0.02761	0.00517
80	0.00686	0.00488	0.00646	0.00758	0.00792	0.00464	0.00510	0.00782	0.01024	0.01368	0.02842	0.68919	0.03379	0.08308	0.03553	0.00270	0.00379	0.03909	0.00484	0.00437
81	0.00921	0.00499	0.00542	0.00576	0.00677	0.00490	0.00415	0.01132	0.01116	0.01859	0.02110	0.23270	0.01995	0.00926	0.00466	0.00153	0.00271	0.00790	0.61301	0.00490
82	0.01093	0.02820	0.78016	0.01554	0.02360	0.01266	0.02014	0.01727	0.01151	0.01727	0.00978	0.01151	0.00691	0.00518	0.00518	0.00173	0.00806	0.00403	0.00230	0.00806
83	0.02407	0.10628	0.60920	0.01455	0.02170	0.05669	0.01778	0.05785	0.01243	0.01764	0.00964	0.01119	0.00704	0.00522	0.00498	0.00165	0.00776	0.00392	0.00252	0.00789
84	0.01747	0.01863	0.01656	0.04373	0.16065	0.39400	0.03083	0.06689	0.01456	0.06931	0.01118	0.05040	0.00950	0.00697	0.01955	0.00173	0.05289	0.00481	0.00331	0.00704
85	0.11028	0.43283	0.10606	0.01261	0.07070	0.10130	0.03616	0.04621	0.01212	0.01607	0.00844	0.00990	0.00712	0.00495	0.00414	0.00139	0.00649	0.00344	0.00266	0.00713
86	0.00721	0.00584	0.00644	0.00624	0.00795	0.00521	0.00469	0.00967	0.04942	0.01752	0.29481	0.04698	0.49337	0.01260	0.00640	0.00180	0.00277	0.01070	0.00540	0.00498
87	0.01368	0.01058	0.01200	0.03579	0.01420	0.04549	0.00727	0.03690	0.01246	0.11663	0.01126	0.01234	0.00873	0.00459	0.00436	0.00101	0.00456	0.00364	0.00370	0.64081
88	0.00779	0.00584	0.00876	0.00876	0.00974	0.00681	0.00681	0.00974	0.00876	0.01266	0.01460	0.02142	0.01363	0.04089	0.78680	0.00876	0.01460	0.00584	0.00292	0.00487
89	0.00706	0.00548	0.00620	0.00623	0.00769	0.00484	0.00462	0.00877	0.01294	0.01676	0.25256	0.10893	0.43497	0.04015	0.00716	0.00196	0.00290	0.03604	0.03002	0.00473
90	0.00790	0.00540	0.00655	0.00655	0.00676	0.00561	0.00406	0.00832	0.00811	0.01102	0.01663	0.03262	0.01849	0.64390	0.19044	0.00603	0.00728	0.00748	0.00322	0.00364
91	0.01010	0.00807	0.00934	0.00858	0.01060	0.00857	0.00656	0.01789	0.32039	0.02225	0.46648	0.03243	0.03727	0.00962	0.00607	0.00177	0.00328	0.00835	0.00582	0.00656
92	0.01215	0.01022	0.01175	0.00857	0.01329	0.00832	0.00687	0.07224	0.04885	0.01930	0.01056	0.01188	0.00858	0.00439	0.00422	0.00092	0.00420	0.00350	0.00352	0.73666
93	0.02072	0.01527	0.01636	0.01254	0.01691	0.01691	0.01036	0.75622	0.02563	0.03436	0.01309	0.01309	0.00927	0.00654	0.00545	0.00164	0.00600	0.00491	0.00545	0.00927
94	0.01342	0.01288	0.02200	0.05060	0.75782	0.01293	0.01670	0.01667	0.01238	0.01772	0.01024	0.01352	0.00860	0.00487	0.00540	0.00162	0.00649	0.00486	0.00269	0.00858
95	0.01112	0.01018	0.07338	0.04400	0.01513	0.00918	0.12558	0.01453	0.03909	0.09046	0.36642	0.02728	0.02915	0.02574	0.00787	0.00189	0.09051	0.00753	0.00466	0.00631
96	0.01465	0.54305	0.15992	0.05295	0.01705	0.01828	0.01149	0.03913	0.01193	0.07387	0.00933	0.01044	0.00757	0.00502	0.00411	0.00136	0.00622	0.00348	0.00277	0.00738
97	0.00740	0.00531	0.00687	0.00786	0.00839	0.00510	0.00535	0.04797	0.01126	0.01502	0.02913	0.76214	0.03461	0.01651	0.00688	0.00218	0.00332	0.01493	0.00508	0.00469
98	0.80178	0.01050	0.00846	0.04968	0.01200	0.01222	0.00640	0.01591	0.00937	0.02389	0.00770	0.00916	0.00598	0.00508	0.00349	0.00169	0.00438	0.00305	0.00332	0.00591
99	0.05852	0.04245	0.07919	0.00993	0.01407	0.00924	0.00877	0.05789	0.01472	0.53351	0.03018	0.06018	0.01411	0.03440	0.00613	0.00182	0.00494	0.00580	0.00575	0.00840
100	0.02244	0.01170	0.01405	0.01086	0.01508	0.01172	0.00895	0.30604	0.05984	0.45266	0.01832	0.01656	0.01205	0.00670	0.00547	0.00168	0.00514	0.00530	0.00619	0.00924
101	0.06086	0.00942	0.01234	0.00950	0.01365	0.00831	0.00782	0.04255	0.01532	0.66784	0.03691	0.01809	0.01361	0.00662	0.00533	0.00164	0.00457	0.00533	0.00636	0.05393
102	0.01560	0.01017	0.01243	0.01120	0.04976	0.01054	0.02899	0.25760	0.07519	0.14668	0.01953	0.20156	0.01734	0.00896	0.00564	0.00176	0.00467	0.00765	0.10722	0.00749
103	0.06076	0.01261	0.01328	0.01119	0.01466	0.01427	0.00893	0.28420	0.42702	0.02693	0.05404	0.01814	0.01512	0.00715	0.00544	0.00176	0.00482	0.00572	0.00542	0.00854
104	0.01328	0.01251	0.02132	0.03204	0.73301	0.01251	0.01608	0.01621	0.01213	0.01736	0.01021	0.01366	0.00868	0.00562	0.00626	0.04692	0.00638	0.00485	0.00268	0.00830
105	0.01021	0.00951	0.01594	0.75294	0.03613	0.01180	0.01480	0.01379	0.01099	0.01406	0.01072	0.01707	0.00857	0.00597	0.00556	0.00185	0.00715	0.04438	0.00256	0.00600
106	0.01130	0.00969	0.01130	0.00807	0.01292	0.00727	0.00646	0.01373	0.01130	0.01776	0.00969	0.01130	0.00807	0.00404	0.00404	0.00081	0.00404	0.00323	0.00323	0.84173
107	0.01324	0.01138	0.01206	0.01087	0.01385	0.01311	0.00844	0.02796	0.72414	0.02275	0.06261	0.02144	0.01852	0.00760	0.00559	0.00184	0.00422	0.00636	0.00557	0.00844
108	0.02003	0.01473	0.01580	0.01219	0.01632	0.01628	0.00998	0.71585	0.02468	0.03308	0.01331	0.01431	0.00984	0.04980	0.00666	0.00183	0.00596	0.00507	0.00534	0.00895
109	0.00968	0.00511	0.00533	0.00536	0.00660	0.00504	0.00399	0.01210	0.01171	0.01993	0.07664	0.06514	0.04052	0.00751	0.00426	0.00137	0.00258	0.00620	0.70589	0.00504
110	0.00726	0.00577	0.00696	0.04877	0.00937	0.00527	0.00522	0.00934	0.01379	0.01812	0.39739	0.04477	0.38417	0.01208	0.00638	0.00178	0.00291	0.01035	0.00537	0.00494
111	0.00742	0.00556	0.00755	0.00853	0.00898	0.00570	0.00623	0.00865	0.01063	0.01426	0.02807	0.61688	0.03301	0.01615	0.00791	0.00228	0.06536	0.13734	0.00485	0.00465
112	0.00686	0.00545	0.00615	0.00616	0.00766	0.00475	0.00455	0.00856	0.01314	0.01683	0.27266	0.12965	0.47163	0.01334	0.00649	0.00184	0.00275	0.01143	0.00535	0.00475
113	0.01270	0.01115	0.01320	0.12893	0.08716	0.03497	0.00983	0.08144	0.36706	0.02087	0.08489	0.02264	0.08635	0.00766	0.00565	0.00178	0.00496	0.00647	0.00472	0.00756
114	0.01115	0.10459	0.08039	0.00880	0.01302	0.00936	0.00781	0.01460	0.06152	0.01758	0.06194	0.07577	0.01374	0.00604	0.00455	0.00119	0.00438	0.00494	0.04858	0.45004

[dist]
# distance from previous block
# <min> <max>
3	11

[block]
# block no. 1 follows, 44 sequences, length 12
# corresponding to MSA columns:
# 988-999
name=unknown_B
#
# <colnr> <probs for GDERKNQSTAVLIFYWHMCP>
#	G	D	E	R	K	N	Q	S	T	A	V	L	I	F	Y	W	H	M	C	P
0	0.00870	0.05858	0.00881	0.00860	0.06925	0.00684	0.00506	0.00912	0.00889	0.01175	0.01847	0.10641	0.05054	0.54455	0.02115	0.04262	0.00508	0.00809	0.00339	0.00410
1	0.09565	0.27035	0.14001	0.06253	0.01731	0.17666	0.01109	0.03452	0.03068	0.03728	0.00928	0.01066	0.00745	0.00515	0.00437	0.00141	0.00675	0.00357	0.00288	0.07241
2	0.10943	0.01264	0.14046	0.01088	0.01451	0.01038	0.04298	0.07971	0.01372	0.20828	0.15304	0.02022	0.01774	0.05968	0.00801	0.00200	0.07874	0.00584	0.00457	0.00715
3	0.03696	0.01212	0.04329	0.02107	0.24347	0.01121	0.26713	0.01680	0.01304	0.10263	0.08720	0.04856	0.01539	0.00664	0.00598	0.00179	0.00660	0.04894	0.00372	0.00747
4	0.01280	0.28265	0.40172	0.01481	0.05007	0.01587	0.08719	0.04590	0.01209	0.01652	0.00933	0.01105	0.00723	0.00499	0.00477	0.00155	0.00729	0.00396	0.00249	0.00771
5	0.01218	0.00744	0.00976	0.01031	0.07003	0.00710	0.00701	0.06806	0.03790	0.17665	0.04191	0.40208	0.10242	0.01241	0.00631	0.00195	0.00393	0.01096	0.00529	0.00630
6	0.00940	0.00602	0.00859	0.00839	0.00961	0.00646	0.00644	0.01093	0.00969	0.08677	0.01878	0.06116	0.06471	0.06463	0.52289	0.06104	0.01106	0.02482	0.00356	0.00503
7	0.01540	0.50624	0.08074	0.01084	0.01503	0.09551	0.01038	0.01786	0.03559	0.07578	0.00939	0.01054	0.00784	0.00553	0.00539	0.00141	0.08300	0.00355	0.00284	0.00715
8	0.01319	0.08217	0.44830	0.01745	0.15667	0.01328	0.01665	0.04611	0.06579	0.07261	0.01154	0.01285	0.00847	0.00540	0.00515	0.00167	0.00702	0.00438	0.00304	0.00825
9	0.00800	0.00539	0.00713	0.00770	0.00863	0.00501	0.00562	0.00963	0.01231	0.05211	0.22246	0.44965	0.07024	0.01468	0.00680	0.00208	0.00328	0.09900	0.00538	0.00492
10	0.01002	0.00793	0.03470	0.01184	0.10942	0.00762	0.00801	0.01177	0.01143	0.07723	0.09849	0.26911	0.07311	0.09429	0.02403	0.00248	0.08134	0.05713	0.00442	0.00565
11	0.10963	0.13093	0.09305	0.01364	0.13261	0.01135	0.04413	0.01733	0.01244	0.19985	0.03032	0.08187	0.08590	0.00729	0.00517	0.00167	0.00527	0.00608	0.00413	0.00733

[dist]
# distance from previous block
# <min> <max>
6	533

# created by:
# /home/berkeley/.conda/envs/busco_data_prod/bin/msa2prfl.pl pipeline/OGs_align_augustus/33634/159160.fs
