[name]
unknown

[dist]
# distance from previous block
# <min> <max>
11	160

[block]
# block no. 0 follows, 43 sequences, length 16
# corresponding to MSA columns:
# 276-291
name=unknown_A
#
# <colnr> <probs for GDERKNQSTAVLIFYWHMCP>
#	G	D	E	R	K	N	Q	S	T	A	V	L	I	F	Y	W	H	M	C	P
0	0.03525	0.23293	0.17119	0.01443	0.07980	0.06096	0.07906	0.07727	0.01347	0.04318	0.07577	0.04092	0.01262	0.00631	0.00552	0.00161	0.03394	0.00507	0.00332	0.00740
1	0.13006	0.30405	0.10529	0.02676	0.01534	0.04596	0.01008	0.15504	0.01413	0.01991	0.03652	0.06710	0.01102	0.00636	0.00457	0.00152	0.00582	0.00469	0.00348	0.03231
2	0.11165	0.21964	0.17903	0.04316	0.01724	0.04726	0.01154	0.13545	0.08469	0.03007	0.03311	0.01277	0.00971	0.00573	0.00469	0.00156	0.00614	0.00420	0.00353	0.03884
3	0.08127	0.14932	0.22187	0.07899	0.10000	0.01391	0.02852	0.11433	0.01337	0.01923	0.03480	0.06367	0.01109	0.00779	0.03729	0.00197	0.00677	0.00515	0.00325	0.00741
4	0.01443	0.19559	0.30599	0.07885	0.02179	0.12700	0.08573	0.04058	0.01290	0.05349	0.01005	0.01180	0.00762	0.00530	0.00502	0.00159	0.00776	0.00417	0.00279	0.00755
5	0.10338	0.18273	0.18044	0.02305	0.01720	0.01453	0.08360	0.12299	0.01356	0.01951	0.04447	0.04359	0.06383	0.00686	0.00591	0.00170	0.05669	0.00535	0.00343	0.00717
6	0.05419	0.20703	0.07176	0.01352	0.11591	0.04061	0.01045	0.02856	0.12193	0.04159	0.01262	0.01576	0.01069	0.02392	0.00575	0.00159	0.03362	0.04118	0.00347	0.14586
7	0.10526	0.07977	0.18519	0.01419	0.06610	0.03755	0.02719	0.13271	0.05952	0.14610	0.01608	0.01705	0.03926	0.00715	0.00577	0.00194	0.00655	0.00526	0.00464	0.04271
8	0.04374	0.05247	0.09672	0.01385	0.11768	0.04017	0.01063	0.08604	0.06183	0.20838	0.10116	0.04194	0.01591	0.00700	0.00579	0.00167	0.02921	0.00570	0.00465	0.05548
9	0.18720	0.18842	0.07036	0.01155	0.04126	0.11229	0.03730	0.04034	0.03325	0.10877	0.01139	0.01332	0.00904	0.00566	0.00456	0.00151	0.00603	0.02822	0.00357	0.08597
10	0.01431	0.16385	0.09440	0.01871	0.25852	0.01301	0.06799	0.02954	0.01279	0.11457	0.01504	0.04368	0.05850	0.00615	0.00521	0.00157	0.00603	0.00538	0.00349	0.06725
11	0.38445	0.01101	0.02935	0.01340	0.14885	0.01139	0.03372	0.03846	0.04711	0.04618	0.01224	0.01756	0.01073	0.08168	0.00685	0.00208	0.00518	0.05561	0.00365	0.04052
12	0.07726	0.00590	0.00651	0.00655	0.00713	0.00599	0.00422	0.00907	0.00915	0.01313	0.04572	0.05949	0.07368	0.55929	0.04494	0.00453	0.00521	0.05457	0.00373	0.00392
13	0.01839	0.01511	0.01506	0.01234	0.01617	0.07942	0.00991	0.43068	0.29062	0.02890	0.01624	0.01568	0.01193	0.00688	0.00553	0.00172	0.00580	0.00533	0.00535	0.00893
14	0.06763	0.58432	0.02435	0.01073	0.06193	0.01840	0.00929	0.01681	0.01191	0.06837	0.07186	0.01259	0.01135	0.00547	0.00406	0.00133	0.00550	0.00386	0.00308	0.00715
15	0.06470	0.14644	0.14884	0.01191	0.03350	0.01296	0.02973	0.12031	0.01465	0.24240	0.03031	0.06965	0.01237	0.00692	0.00559	0.00169	0.03008	0.00544	0.00448	0.00803

[dist]
# distance from previous block
# <min> <max>
0	1

[block]
# block no. 1 follows, 43 sequences, length 15
# corresponding to MSA columns:
# 293-307
name=unknown_B
#
# <colnr> <probs for GDERKNQSTAVLIFYWHMCP>
#	G	D	E	R	K	N	Q	S	T	A	V	L	I	F	Y	W	H	M	C	P
0	0.01641	0.01284	0.01966	0.06704	0.39381	0.03544	0.06747	0.11009	0.01502	0.15757	0.04057	0.01564	0.01119	0.00577	0.00561	0.00168	0.00638	0.00532	0.00395	0.00853
1	0.06757	0.06049	0.10815	0.04932	0.30079	0.13147	0.01399	0.16627	0.01536	0.02074	0.01032	0.01230	0.00813	0.00546	0.00516	0.00161	0.00704	0.00441	0.00329	0.00812
2	0.01033	0.00571	0.00807	0.00763	0.00851	0.00542	0.00537	0.00927	0.00851	0.05198	0.01207	0.06856	0.01177	0.01838	0.07416	0.58225	0.00536	0.00548	0.00296	0.09821
3	0.00781	0.04861	0.00862	0.00821	0.00907	0.00651	0.00590	0.00894	0.01065	0.01427	0.02811	0.61379	0.07695	0.01522	0.00752	0.00211	0.06195	0.01336	0.00470	0.04770
4	0.01451	0.01218	0.02032	0.02951	0.63442	0.01202	0.01521	0.01752	0.01285	0.10381	0.01305	0.06636	0.01117	0.00597	0.00560	0.00169	0.00614	0.00572	0.00337	0.00856
5	0.01276	0.00881	0.01059	0.00884	0.01213	0.00778	0.00699	0.10193	0.01390	0.11398	0.04140	0.17207	0.06479	0.00912	0.00557	0.00155	0.00421	0.07292	0.00471	0.32594
6	0.01369	0.01331	0.06677	0.02717	0.54721	0.01243	0.01501	0.04269	0.06873	0.04736	0.07900	0.01673	0.01333	0.00584	0.00558	0.00168	0.00608	0.00546	0.00348	0.00847
7	0.14806	0.01534	0.01762	0.01954	0.25091	0.18616	0.06652	0.01826	0.02845	0.05843	0.02722	0.01305	0.00916	0.00606	0.00684	0.00174	0.11155	0.00460	0.00320	0.00730
8	0.14315	0.07266	0.04532	0.10221	0.19109	0.05439	0.02272	0.14070	0.06201	0.09642	0.01202	0.01338	0.00903	0.00571	0.00504	0.00166	0.00614	0.00457	0.00384	0.00794
9	0.17194	0.09395	0.03606	0.06336	0.12448	0.10900	0.07262	0.01948	0.09394	0.10488	0.03638	0.02799	0.01103	0.00599	0.00501	0.00167	0.00619	0.00488	0.00376	0.00739
10	0.15739	0.14408	0.05311	0.02775	0.09622	0.03060	0.01000	0.19334	0.08418	0.03590	0.02516	0.07633	0.02976	0.00696	0.00499	0.00167	0.00548	0.00545	0.00408	0.00757
11	0.04229	0.20813	0.01907	0.01323	0.07180	0.08443	0.02437	0.32208	0.01806	0.05234	0.01294	0.05679	0.01095	0.00680	0.00512	0.00160	0.00620	0.03162	0.00422	0.00798
12	0.06031	0.26364	0.08430	0.05485	0.09752	0.03341	0.01098	0.12541	0.01393	0.06862	0.03335	0.08733	0.01206	0.00681	0.00523	0.00160	0.02429	0.00531	0.00361	0.00742
13	0.08068	0.21769	0.18759	0.01174	0.01634	0.01394	0.06771	0.10842	0.01363	0.04308	0.06931	0.10561	0.02742	0.00729	0.00515	0.00166	0.00593	0.00598	0.00367	0.00717
14	0.01657	0.19944	0.19157	0.01307	0.05680	0.02954	0.01223	0.18787	0.01570	0.14429	0.01366	0.04706	0.01085	0.00655	0.00515	0.00163	0.00625	0.02954	0.00406	0.00816

[dist]
# distance from previous block
# <min> <max>
1	99

[block]
# block no. 2 follows, 43 sequences, length 13
# corresponding to MSA columns:
# 432-444
name=unknown_C
#
# <colnr> <probs for GDERKNQSTAVLIFYWHMCP>
#	G	D	E	R	K	N	Q	S	T	A	V	L	I	F	Y	W	H	M	C	P
0	0.04319	0.36788	0.20007	0.01162	0.01683	0.03220	0.01205	0.17546	0.01475	0.01960	0.03379	0.01280	0.00954	0.00576	0.00460	0.00149	0.00639	0.02101	0.00327	0.00770
1	0.01558	0.40450	0.23507	0.01174	0.01735	0.01743	0.01257	0.12104	0.01388	0.08841	0.01043	0.01122	0.00802	0.00535	0.00450	0.00146	0.00647	0.00381	0.00322	0.00795
2	0.05493	0.34785	0.30522	0.01256	0.03353	0.06390	0.01354	0.01813	0.01201	0.07784	0.00981	0.01092	0.00760	0.00519	0.00448	0.00149	0.00685	0.00368	0.00281	0.00764
3	0.05579	0.23738	0.25230	0.01188	0.01708	0.03420	0.01243	0.12353	0.01383	0.10768	0.01142	0.01321	0.00887	0.05071	0.00638	0.00179	0.02607	0.00426	0.00346	0.00774
4	0.01219	0.08302	0.37727	0.01218	0.01745	0.01106	0.01357	0.01702	0.05857	0.10598	0.01933	0.10681	0.07581	0.00829	0.00565	0.00183	0.00615	0.05662	0.00381	0.00737
5	0.01379	0.10043	0.01240	0.00965	0.01215	0.00987	0.00779	0.07725	0.11885	0.16902	0.02344	0.26222	0.02290	0.01122	0.00613	0.00197	0.00453	0.12424	0.00526	0.00688
6	0.11284	0.26235	0.21781	0.01249	0.01773	0.01559	0.07270	0.06356	0.01264	0.10962	0.01061	0.01176	0.00801	0.00553	0.00531	0.00160	0.04484	0.00409	0.00326	0.00766
7	0.00911	0.00805	0.08032	0.00723	0.00923	0.00603	0.00593	0.01075	0.01169	0.07676	0.11947	0.03965	0.31084	0.26574	0.01327	0.00295	0.00427	0.00910	0.00455	0.00504
8	0.01103	0.02643	0.68720	0.10716	0.02564	0.01280	0.01986	0.01714	0.01162	0.01714	0.00993	0.01205	0.00706	0.00529	0.00529	0.00176	0.00809	0.00419	0.00235	0.00795
9	0.01170	0.10636	0.09200	0.46974	0.18468	0.01366	0.01550	0.01535	0.01147	0.01515	0.00972	0.01356	0.00760	0.00529	0.00527	0.00172	0.00712	0.00461	0.00250	0.00700
10	0.01420	0.09738	0.15152	0.02491	0.39927	0.01372	0.12055	0.01797	0.01265	0.07924	0.01110	0.01347	0.00865	0.00509	0.00540	0.00165	0.00702	0.00487	0.00298	0.00837
11	0.11805	0.04962	0.04991	0.01015	0.01433	0.01107	0.00877	0.16625	0.01667	0.40661	0.07820	0.01762	0.01447	0.00680	0.00528	0.00168	0.00499	0.00532	0.00570	0.00851
12	0.09176	0.01100	0.07669	0.24993	0.11830	0.01039	0.04226	0.01541	0.01188	0.10118	0.01595	0.12804	0.01468	0.00814	0.00578	0.00191	0.00602	0.08022	0.00372	0.00672

[dist]
# distance from previous block
# <min> <max>
13	31

[block]
# block no. 3 follows, 43 sequences, length 6
# corresponding to MSA columns:
# 476-481
name=unknown_D
#
# <colnr> <probs for GDERKNQSTAVLIFYWHMCP>
#	G	D	E	R	K	N	Q	S	T	A	V	L	I	F	Y	W	H	M	C	P
0	0.01242	0.14342	0.49206	0.05954	0.02216	0.01375	0.05097	0.01776	0.03488	0.05867	0.01139	0.03894	0.00879	0.00574	0.00517	0.00170	0.00737	0.00462	0.00282	0.00783
1	0.07801	0.18440	0.44201	0.01278	0.01891	0.01382	0.01500	0.01686	0.01132	0.05293	0.01040	0.01234	0.00802	0.00917	0.08940	0.00241	0.00797	0.00404	0.00272	0.00750
2	0.00997	0.07901	0.01125	0.00963	0.01100	0.00921	0.00768	0.08278	0.01231	0.01640	0.02364	0.33860	0.04723	0.01560	0.06465	0.00265	0.09108	0.15727	0.00447	0.00554
3	0.09337	0.08487	0.08314	0.28688	0.02865	0.01388	0.29860	0.01623	0.01175	0.01675	0.00998	0.01350	0.00759	0.00507	0.00552	0.00177	0.00777	0.00512	0.00267	0.00689
4	0.01034	0.01206	0.11665	0.24778	0.12894	0.01075	0.09327	0.01358	0.01134	0.01550	0.01566	0.23091	0.01569	0.00877	0.00660	0.00195	0.04252	0.00797	0.00326	0.00647
5	0.01518	0.18955	0.10477	0.01304	0.01698	0.20284	0.06301	0.06225	0.13183	0.01727	0.01342	0.01794	0.01157	0.00688	0.00565	0.00168	0.03176	0.08363	0.00351	0.00723

[dist]
# distance from previous block
# <min> <max>
0	8

[block]
# block no. 4 follows, 43 sequences, length 12
# corresponding to MSA columns:
# 490-501
name=unknown_E
#
# <colnr> <probs for GDERKNQSTAVLIFYWHMCP>
#	G	D	E	R	K	N	Q	S	T	A	V	L	I	F	Y	W	H	M	C	P
0	0.01267	0.05373	0.12029	0.04990	0.03087	0.00945	0.05736	0.06318	0.02756	0.14732	0.02550	0.20790	0.15113	0.01003	0.00601	0.00186	0.00513	0.00871	0.00460	0.00680
1	0.01488	0.16422	0.20337	0.04827	0.10611	0.01381	0.08486	0.01901	0.04904	0.15795	0.01300	0.03680	0.01000	0.00608	0.00592	0.00170	0.04850	0.00501	0.00353	0.00794
2	0.07685	0.06306	0.15759	0.01384	0.03507	0.34450	0.03899	0.01942	0.01366	0.07486	0.04216	0.01403	0.01021	0.00627	0.00576	0.00163	0.04712	0.02476	0.00326	0.00698
3	0.06657	0.01661	0.09734	0.13109	0.02142	0.17684	0.12469	0.02095	0.21742	0.01817	0.01394	0.01669	0.01099	0.00634	0.00553	0.00178	0.00721	0.03551	0.00362	0.00729
4	0.05515	0.06925	0.33402	0.01483	0.06799	0.01323	0.05351	0.15514	0.01466	0.08731	0.01306	0.07394	0.01050	0.00651	0.00537	0.00173	0.00673	0.00535	0.00366	0.00806
5	0.01283	0.09328	0.01296	0.02732	0.07412	0.00958	0.00785	0.02796	0.09982	0.13212	0.17859	0.07419	0.10081	0.00851	0.00556	0.00161	0.00422	0.00722	0.00487	0.11656
6	0.00780	0.00554	0.00736	0.00755	0.00803	0.00592	0.00519	0.00881	0.00881	0.01218	0.01826	0.14473	0.01984	0.35103	0.35732	0.00645	0.00921	0.00828	0.00345	0.00423
7	0.07313	0.01543	0.18536	0.01545	0.07547	0.01398	0.05242	0.03544	0.01122	0.06498	0.05742	0.01437	0.01060	0.00759	0.01077	0.00203	0.33914	0.00502	0.00312	0.00706
8	0.00686	0.00491	0.00653	0.00763	0.00806	0.00458	0.00515	0.00800	0.01114	0.01499	0.10856	0.72128	0.03828	0.01671	0.00701	0.00220	0.00315	0.01514	0.00524	0.00458
9	0.09972	0.04348	0.08939	0.00962	0.01446	0.00937	0.04284	0.02783	0.01192	0.01911	0.06458	0.01350	0.01103	0.00495	0.00444	0.00115	0.00478	0.00399	0.00339	0.52047
10	0.01316	0.19224	0.01616	0.01062	0.01368	0.03344	0.00878	0.02137	0.35772	0.01887	0.07439	0.04169	0.01614	0.00742	0.00648	0.00169	0.08837	0.00566	0.00434	0.06779
11	0.03639	0.06250	0.29325	0.01354	0.05493	0.01166	0.04017	0.02063	0.09302	0.21335	0.04423	0.01565	0.01178	0.00601	0.00527	0.00166	0.00614	0.00493	0.00413	0.06077

[dist]
# distance from previous block
# <min> <max>
0	20

[block]
# block no. 5 follows, 43 sequences, length 108
# corresponding to MSA columns:
# 522-550,553-631
name=unknown_F
#
# <colnr> <probs for GDERKNQSTAVLIFYWHMCP>
#	G	D	E	R	K	N	Q	S	T	A	V	L	I	F	Y	W	H	M	C	P
0	0.06625	0.14829	0.11099	0.26585	0.02263	0.02722	0.01201	0.01782	0.03417	0.15775	0.06247	0.01637	0.01201	0.00618	0.00513	0.00169	0.00615	0.01616	0.00369	0.00717
1	0.16306	0.00812	0.02230	0.00841	0.01079	0.00788	0.00688	0.03824	0.04023	0.12732	0.25602	0.07032	0.07810	0.01030	0.00596	0.00190	0.00394	0.12870	0.00534	0.00618
2	0.06761	0.06325	0.05862	0.00941	0.01252	0.02375	0.00804	0.13969	0.06943	0.04674	0.28633	0.05151	0.03883	0.00867	0.00565	0.00168	0.00441	0.03265	0.00500	0.06622
3	0.01396	0.41416	0.02015	0.00895	0.01342	0.01462	0.00807	0.01594	0.01167	0.07766	0.01112	0.06314	0.00999	0.00553	0.00414	0.00117	0.00502	0.00413	0.00324	0.29394
4	0.01408	0.00960	0.01157	0.00865	0.01310	0.00767	0.00691	0.04213	0.01278	0.16521	0.01377	0.06941	0.01134	0.00567	0.00465	0.00113	0.00423	0.00468	0.00419	0.58923
5	0.07136	0.01257	0.01476	0.01139	0.01570	0.01291	0.03360	0.34410	0.07150	0.27194	0.01606	0.01528	0.01100	0.00644	0.00536	0.00164	0.00538	0.00507	0.00559	0.06836
6	0.06770	0.10521	0.45638	0.01375	0.03048	0.01360	0.02727	0.07031	0.06228	0.03269	0.06022	0.01406	0.01089	0.00585	0.00512	0.00169	0.00686	0.00457	0.00320	0.00788
7	0.00733	0.00550	0.00709	0.03476	0.00912	0.00513	0.00539	0.00920	0.01321	0.01787	0.36262	0.31371	0.16118	0.01371	0.00669	0.00195	0.00303	0.01215	0.00547	0.00491
8	0.01062	0.00989	0.01677	0.19581	0.15682	0.01127	0.09540	0.01345	0.01049	0.01471	0.01159	0.01679	0.01005	0.01872	0.28590	0.00441	0.10279	0.00546	0.00273	0.00633
9	0.03653	0.04811	0.18475	0.01802	0.02378	0.01456	0.36065	0.18283	0.01561	0.04388	0.01150	0.01361	0.00838	0.00532	0.00582	0.00176	0.00797	0.00541	0.00344	0.00806
10	0.01071	0.01019	0.01666	0.67429	0.03457	0.01301	0.01489	0.01403	0.01068	0.01403	0.00945	0.01436	0.00737	0.00617	0.00745	0.00193	0.12671	0.00491	0.00246	0.00614
11	0.00680	0.00564	0.00596	0.00594	0.00772	0.00480	0.00450	0.00841	0.01305	0.01601	0.15370	0.05194	0.64637	0.01369	0.00658	0.00187	0.00285	0.03412	0.00527	0.00476
12	0.01313	0.03919	0.28886	0.02433	0.37470	0.01321	0.06975	0.01814	0.04766	0.04217	0.01117	0.01345	0.00862	0.00521	0.00544	0.00170	0.00716	0.00478	0.00286	0.00845
13	0.01497	0.39303	0.23449	0.01255	0.01822	0.01806	0.04769	0.16664	0.01447	0.01896	0.00963	0.01085	0.00761	0.00527	0.00457	0.00147	0.00675	0.00386	0.00303	0.00789
14	0.00719	0.00564	0.00650	0.00628	0.00787	0.00495	0.00471	0.00919	0.01414	0.01856	0.40971	0.04737	0.41272	0.01268	0.00654	0.00181	0.00271	0.01086	0.00562	0.00495
15	0.00708	0.00541	0.00649	0.00669	0.00792	0.00483	0.00484	0.00880	0.01319	0.01740	0.31092	0.25444	0.30407	0.01394	0.00668	0.00193	0.00285	0.01219	0.00549	0.00483
16	0.09686	0.05867	0.47056	0.01391	0.02022	0.01309	0.04183	0.06738	0.01252	0.07296	0.01088	0.01251	0.00794	0.00727	0.04220	0.00208	0.03395	0.00429	0.00304	0.00784
17	0.00814	0.00607	0.00762	0.00716	0.00863	0.00575	0.00539	0.01154	0.06460	0.02179	0.67159	0.04080	0.09739	0.01125	0.00647	0.00176	0.00274	0.00988	0.00600	0.00542
18	0.00685	0.00489	0.00654	0.00782	0.00819	0.00458	0.00531	0.00788	0.01070	0.01425	0.03047	0.76857	0.03642	0.01726	0.00710	0.00226	0.00330	0.04796	0.00514	0.00453
19	0.03565	0.01278	0.01601	0.01226	0.01657	0.01308	0.06838	0.38917	0.02044	0.30338	0.01677	0.04325	0.01181	0.00692	0.00565	0.00172	0.00571	0.00567	0.00575	0.00903
20	0.01421	0.33644	0.10614	0.01466	0.01904	0.09771	0.18411	0.01703	0.01176	0.01471	0.00878	0.01121	0.00743	0.00564	0.00683	0.00162	0.12881	0.00427	0.00253	0.00707
21	0.00805	0.00537	0.00604	0.00604	0.00604	0.00537	0.00336	0.00805	0.00805	0.01074	0.01745	0.03624	0.02013	0.80536	0.02819	0.00537	0.00537	0.00805	0.00336	0.00336
22	0.01412	0.01374	0.04750	0.18273	0.39035	0.02813	0.07441	0.12567	0.03385	0.01978	0.01105	0.01400	0.00867	0.00538	0.00557	0.00171	0.00696	0.00505	0.00317	0.00816
23	0.01623	0.05159	0.21043	0.10420	0.06922	0.07939	0.01283	0.04356	0.05436	0.22650	0.01539	0.01652	0.03127	0.03681	0.00624	0.00184	0.00655	0.00507	0.00407	0.00792
24	0.01081	0.04076	0.01645	0.68321	0.03453	0.03905	0.01432	0.01428	0.01155	0.01462	0.05969	0.01613	0.01032	0.00589	0.00551	0.00180	0.00710	0.00514	0.00271	0.00614
25	0.01141	0.00982	0.01636	0.74048	0.03656	0.01203	0.01490	0.01500	0.01139	0.06429	0.01064	0.01503	0.00780	0.00562	0.00554	0.00184	0.00721	0.00496	0.00275	0.00637
26	0.01214	0.10808	0.57447	0.01748	0.12145	0.03848	0.01854	0.01751	0.01190	0.01701	0.00972	0.01161	0.00726	0.00518	0.00510	0.00167	0.00779	0.00407	0.00241	0.00809
27	0.04403	0.01149	0.05986	0.01079	0.01553	0.00916	0.07932	0.01787	0.01254	0.20897	0.01281	0.01363	0.00942	0.00522	0.00541	0.00131	0.04231	0.00428	0.00405	0.43199
28	0.53559	0.01247	0.04893	0.03470	0.01350	0.04016	0.00858	0.03338	0.01022	0.04654	0.00843	0.01040	0.00672	0.00618	0.00670	0.00185	0.16242	0.00363	0.00329	0.00633
29	0.01048	0.00981	0.01677	0.56351	0.09358	0.01142	0.06250	0.01399	0.01184	0.01563	0.09693	0.04380	0.01364	0.00648	0.00576	0.00183	0.00676	0.00597	0.00301	0.00630
30	0.02128	0.01441	0.01588	0.01216	0.01658	0.01549	0.01003	0.61879	0.02402	0.14429	0.01445	0.01406	0.01001	0.00659	0.00549	0.00164	0.00582	0.00501	0.00566	0.03832
31	0.01046	0.00984	0.01661	0.79205	0.03814	0.01230	0.01538	0.01415	0.01107	0.01415	0.00984	0.01477	0.00738	0.00554	0.00554	0.00185	0.00738	0.00492	0.00246	0.00615
32	0.01739	0.01098	0.01391	0.01233	0.07328	0.01113	0.02811	0.27223	0.03634	0.21424	0.22420	0.02270	0.02244	0.00783	0.00585	0.00171	0.00487	0.00659	0.00573	0.00814
33	0.01303	0.41955	0.37524	0.01289	0.01925	0.01744	0.04076	0.01707	0.01152	0.01528	0.00886	0.01040	0.00711	0.00498	0.00445	0.00147	0.00709	0.00361	0.00237	0.00762
34	0.00792	0.00590	0.00871	0.00871	0.00964	0.00682	0.00669	0.00977	0.00884	0.01272	0.01501	0.02271	0.01426	0.09189	0.73362	0.00867	0.01421	0.00607	0.00299	0.00484
35	0.00798	0.00613	0.00743	0.00750	0.00902	0.00579	0.00583	0.01098	0.06313	0.01859	0.32715	0.09938	0.25270	0.01299	0.00672	0.00197	0.00328	0.14265	0.00554	0.00523
36	0.01359	0.43609	0.27745	0.06352	0.01907	0.01745	0.01347	0.01760	0.04028	0.04153	0.00965	0.01101	0.00770	0.00515	0.00441	0.00146	0.00668	0.00369	0.00265	0.00755
37	0.01339	0.01281	0.02264	0.06582	0.02260	0.01298	0.38020	0.11675	0.13265	0.02052	0.06766	0.03809	0.01374	0.00693	0.00692	0.04130	0.00714	0.00659	0.00387	0.00738
38	0.00678	0.00483	0.00642	0.00767	0.00798	0.00452	0.00509	0.00772	0.01053	0.01404	0.03016	0.78052	0.03617	0.03920	0.00765	0.00234	0.00327	0.01553	0.00509	0.00447
39	0.15786	0.01126	0.07463	0.00978	0.01345	0.01023	0.00848	0.03421	0.18931	0.26291	0.14949	0.02086	0.01929	0.00737	0.00536	0.00176	0.00451	0.00594	0.00545	0.00785
40	0.01354	0.01091	0.01607	0.18671	0.23926	0.01171	0.02439	0.07365	0.13665	0.08111	0.05593	0.07879	0.01489	0.00712	0.00569	0.00178	0.00569	0.00636	0.02207	0.00768
41	0.01378	0.68703	0.02554	0.00896	0.01298	0.01941	0.00855	0.01529	0.01077	0.01268	0.00918	0.01303	0.00908	0.12600	0.00728	0.00182	0.00584	0.00373	0.00252	0.00654
42	0.00833	0.00555	0.00704	0.00766	0.00871	0.00517	0.00569	0.00990	0.01190	0.05146	0.08525	0.38011	0.14739	0.04226	0.00751	0.00223	0.00356	0.14536	0.06001	0.00492
43	0.02243	0.01087	0.01363	0.01109	0.03948	0.01051	0.00877	0.21986	0.01817	0.49767	0.01891	0.01732	0.01243	0.00671	0.00544	0.00167	0.00499	0.00536	0.06558	0.00910
44	0.15230	0.05127	0.36121	0.06448	0.02026	0.07126	0.01446	0.11219	0.06689	0.02069	0.01070	0.01206	0.00790	0.00561	0.00495	0.00170	0.00699	0.00415	0.00321	0.00771
45	0.00795	0.00610	0.00871	0.00878	0.00954	0.00698	0.00663	0.00955	0.00923	0.01304	0.01851	0.16341	0.03953	0.08464	0.52090	0.00684	0.06348	0.00793	0.00341	0.00483
46	0.00861	0.00659	0.00896	0.00842	0.00889	0.00743	0.02688	0.00952	0.00852	0.01191	0.01528	0.02826	0.01633	0.44770	0.26820	0.00607	0.09809	0.00697	0.00311	0.00429
47	0.84448	0.01071	0.00814	0.00728	0.01071	0.01242	0.00600	0.01628	0.00943	0.02485	0.00771	0.00900	0.00600	0.00514	0.00343	0.00171	0.00428	0.00300	0.00343	0.00600
48	0.00799	0.00589	0.00869	0.00869	0.00965	0.00682	0.00671	0.00993	0.00896	0.01304	0.01502	0.02220	0.01407	0.06573	0.73346	0.00854	0.01413	0.00598	0.02962	0.00490
49	0.01343	0.01436	0.01086	0.01058	0.01228	0.32045	0.00768	0.06673	0.01379	0.01534	0.02127	0.36988	0.05683	0.03226	0.00665	0.00194	0.00620	0.00966	0.00420	0.00561
50	0.01102	0.01134	0.06916	0.37736	0.02612	0.01028	0.03364	0.01441	0.01135	0.01617	0.00989	0.01314	0.00774	0.00488	0.00493	0.00140	0.00609	0.00421	0.00281	0.36406
51	0.06642	0.10469	0.65198	0.01460	0.02213	0.01373	0.01842	0.01736	0.01150	0.01757	0.00957	0.01124	0.00696	0.00520	0.00497	0.00169	0.00770	0.00391	0.00241	0.00793
52	0.00675	0.00482	0.00643	0.00771	0.00803	0.00450	0.00514	0.00771	0.01060	0.01414	0.03053	0.80175	0.03663	0.01735	0.00707	0.00225	0.00321	0.01574	0.00514	0.00450
53	0.00902	0.00643	0.00754	0.00734	0.00923	0.00593	0.00577	0.01189	0.06320	0.07178	0.22186	0.04718	0.37456	0.01262	0.00658	0.00193	0.00336	0.12277	0.00553	0.00549
54	0.08620	0.31028	0.19618	0.04755	0.01663	0.01516	0.01139	0.03432	0.06580	0.04677	0.10724	0.01531	0.01378	0.00610	0.00469	0.00155	0.00580	0.00461	0.00341	0.00724
55	0.00786	0.00569	0.00802	0.00894	0.00980	0.00586	0.00701	0.00968	0.01090	0.01466	0.02570	0.31625	0.02853	0.02338	0.22472	0.00422	0.00715	0.27228	0.00452	0.00484
56	0.00805	0.00537	0.00604	0.00604	0.00604	0.00537	0.00336	0.00805	0.00805	0.01074	0.01745	0.03624	0.02013	0.80536	0.02819	0.00537	0.00537	0.00805	0.00336	0.00336
57	0.00722	0.00505	0.00672	0.00794	0.00844	0.00479	0.00561	0.00848	0.01095	0.01479	0.02977	0.66114	0.03490	0.01655	0.00700	0.00225	0.00345	0.11601	0.04431	0.00461
58	0.01398	0.01426	0.07478	0.04635	0.26181	0.01362	0.16204	0.11005	0.17707	0.02090	0.01418	0.04143	0.01130	0.00611	0.00577	0.00178	0.00663	0.00585	0.00377	0.00832
59	0.00861	0.00619	0.00853	0.00965	0.01088	0.00610	0.00824	0.01101	0.01278	0.01671	0.07905	0.11355	0.05959	0.01514	0.00750	0.00245	0.00472	0.60907	0.00517	0.00505
60	0.00797	0.00533	0.00607	0.00615	0.00617	0.00531	0.00347	0.00803	0.00822	0.01096	0.01832	0.08696	0.02123	0.75315	0.02679	0.00516	0.00523	0.00856	0.00347	0.00343
61	0.17785	0.01460	0.01501	0.01170	0.01594	0.01627	0.00966	0.61218	0.02288	0.03299	0.01223	0.01248	0.00877	0.00636	0.00514	0.00167	0.00575	0.00461	0.00514	0.00877
62	0.01148	0.00984	0.01148	0.00820	0.01312	0.00738	0.00656	0.01395	0.01148	0.01805	0.00984	0.01148	0.00820	0.00410	0.00410	0.00082	0.00410	0.00328	0.00328	0.83922
63	0.02256	0.01180	0.01399	0.01154	0.04382	0.06105	0.00903	0.16074	0.01736	0.51001	0.01849	0.01736	0.01231	0.00667	0.00549	0.00165	0.00537	0.01652	0.00599	0.04826
64	0.01111	0.02865	0.77667	0.01579	0.02397	0.01286	0.02046	0.01754	0.01169	0.01754	0.00994	0.01169	0.00702	0.00526	0.00526	0.00175	0.00818	0.00409	0.00234	0.00818
65	0.01439	0.00717	0.00829	0.00745	0.00974	0.00707	0.00590	0.01847	0.10479	0.21481	0.02033	0.02294	0.01557	0.00727	0.00477	0.00155	0.00352	0.05342	0.46583	0.00670
66	0.00726	0.00521	0.00691	0.00755	0.00829	0.00486	0.00535	0.00893	0.01263	0.01731	0.30997	0.47867	0.04233	0.01497	0.00689	0.00207	0.00307	0.04741	0.00550	0.00480
67	0.01125	0.04284	0.73669	0.01593	0.02396	0.01307	0.04569	0.01753	0.01173	0.01746	0.00994	0.01175	0.00707	0.00523	0.00527	0.00175	0.00818	0.00416	0.00236	0.00814
68	0.00817	0.00533	0.00612	0.00612	0.00612	0.00533	0.00346	0.00799	0.00799	0.01066	0.01689	0.03486	0.01938	0.74922	0.02772	0.06489	0.00533	0.00782	0.00329	0.00329
69	0.00741	0.00545	0.00685	0.00719	0.00822	0.00504	0.00525	0.00913	0.01281	0.01717	0.29794	0.26856	0.17140	0.07067	0.00835	0.00225	0.00326	0.08293	0.00535	0.00477
70	0.01320	0.19941	0.50364	0.01431	0.02120	0.03665	0.05136	0.01809	0.01205	0.06660	0.01025	0.01165	0.00755	0.00524	0.00496	0.00162	0.00756	0.00404	0.00268	0.00794
71	0.02347	0.01002	0.03932	0.01006	0.01432	0.00840	0.00855	0.03798	0.01553	0.69806	0.02094	0.01865	0.01341	0.00852	0.04416	0.00207	0.00536	0.00553	0.00648	0.00916
72	0.02083	0.02213	0.01606	0.01367	0.01714	0.48301	0.01063	0.30824	0.01975	0.02192	0.01042	0.01128	0.00803	0.00608	0.00521	0.00152	0.00846	0.00412	0.00391	0.00760
73	0.01280	0.38597	0.43419	0.01290	0.01950	0.01701	0.01543	0.01710	0.01149	0.01547	0.00891	0.01041	0.00706	0.00502	0.00448	0.00149	0.00715	0.00357	0.00235	0.00769
74	0.01285	0.01335	0.02566	0.15865	0.24099	0.01345	0.36541	0.01768	0.06189	0.01758	0.01149	0.01494	0.00889	0.00508	0.00600	0.00180	0.00789	0.00578	0.00291	0.00770
75	0.01212	0.00985	0.01151	0.00842	0.01308	0.00777	0.00673	0.03645	0.03372	0.04564	0.04835	0.01354	0.01087	0.00473	0.00436	0.00095	0.00412	0.00383	0.00368	0.72027
76	0.01046	0.00984	0.01661	0.79205	0.03814	0.01230	0.01538	0.01415	0.01107	0.01415	0.00984	0.01477	0.00738	0.00554	0.00554	0.00185	0.00738	0.00492	0.00246	0.00615
77	0.01148	0.00984	0.01148	0.00820	0.01312	0.00738	0.00656	0.01395	0.01148	0.01805	0.00984	0.01148	0.00820	0.00410	0.00410	0.00082	0.00410	0.00328	0.00328	0.83922
78	0.00743	0.00545	0.00705	0.00799	0.00865	0.00528	0.00558	0.00961	0.06069	0.01569	0.10617	0.63495	0.03671	0.01598	0.00695	0.00219	0.00332	0.05015	0.00527	0.00488
79	0.00784	0.00566	0.00740	0.00697	0.00827	0.00523	0.00523	0.01045	0.01568	0.02221	0.76789	0.04137	0.05226	0.01132	0.00653	0.00174	0.00261	0.01002	0.00610	0.00523
80	0.00672	0.00556	0.00589	0.00593	0.00762	0.00473	0.00440	0.00824	0.01286	0.01580	0.14216	0.10527	0.62785	0.01393	0.00658	0.00188	0.00281	0.01177	0.00526	0.00473
81	0.01046	0.00984	0.01661	0.79205	0.03814	0.01230	0.01538	0.01415	0.01107	0.01415	0.00984	0.01477	0.00738	0.00554	0.00554	0.00185	0.00738	0.00492	0.00246	0.00615
82	0.01722	0.01090	0.01248	0.01068	0.01413	0.01168	0.00846	0.02807	0.49504	0.26907	0.04429	0.02068	0.01690	0.00741	0.00564	0.00182	0.00444	0.00615	0.00605	0.00888
83	0.02069	0.02640	0.01569	0.01427	0.01712	0.78313	0.01070	0.02212	0.01569	0.01355	0.00856	0.00999	0.00713	0.00571	0.00499	0.00143	0.00999	0.00357	0.00285	0.00642
84	0.01378	0.01190	0.01252	0.01127	0.01440	0.01378	0.00877	0.02943	0.76081	0.02317	0.02254	0.02066	0.01691	0.00751	0.00564	0.00188	0.00438	0.00626	0.00564	0.00877
85	0.00675	0.00482	0.00643	0.00771	0.00803	0.00450	0.00514	0.00771	0.01060	0.01414	0.03053	0.80175	0.03663	0.01735	0.00707	0.00225	0.00321	0.01574	0.00514	0.00450
86	0.01371	0.01316	0.02248	0.03399	0.77081	0.01316	0.01700	0.01700	0.01261	0.01809	0.01042	0.01371	0.00877	0.00493	0.00548	0.00164	0.00658	0.00493	0.00274	0.00877
87	0.01882	0.01077	0.01267	0.01063	0.01428	0.01121	0.00848	0.02832	0.42146	0.36549	0.02223	0.01984	0.01545	0.00721	0.00561	0.00180	0.00453	0.00595	0.00619	0.00907
88	0.01067	0.01006	0.01700	0.74207	0.08645	0.01236	0.01549	0.01434	0.01118	0.01441	0.00988	0.01470	0.00747	0.00550	0.00553	0.00183	0.00733	0.00492	0.00248	0.00633
89	0.01046	0.00984	0.01661	0.79205	0.03814	0.01230	0.01538	0.01415	0.01107	0.01415	0.00984	0.01477	0.00738	0.00554	0.00554	0.00185	0.00738	0.00492	0.00246	0.00615
90	0.01195	0.01136	0.01930	0.44480	0.37377	0.01270	0.01612	0.01545	0.01178	0.01596	0.01011	0.01428	0.00802	0.00526	0.00551	0.00175	0.00701	0.00493	0.00259	0.00735
91	0.01454	0.75299	0.08241	0.00993	0.01491	0.02127	0.01026	0.01665	0.01128	0.01335	0.00786	0.00908	0.00710	0.00478	0.00368	0.00123	0.00608	0.00304	0.00237	0.00718
92	0.00675	0.00482	0.00643	0.00771	0.00803	0.00450	0.00514	0.00771	0.01060	0.01414	0.03053	0.80175	0.03663	0.01735	0.00707	0.00225	0.00321	0.01574	0.00514	0.00450
93	0.02363	0.00916	0.01246	0.00965	0.01372	0.00793	0.00793	0.02581	0.01584	0.72092	0.07513	0.02046	0.01646	0.00717	0.00564	0.00172	0.00456	0.00589	0.00680	0.00913
94	0.01446	0.01441	0.07549	0.02034	0.07378	0.01271	0.47716	0.03912	0.03632	0.11761	0.01383	0.05434	0.01072	0.00578	0.00623	0.00184	0.00793	0.00655	0.00358	0.00780
95	0.02207	0.00959	0.01308	0.06582	0.01562	0.00898	0.00872	0.05870	0.01572	0.60895	0.06926	0.01954	0.01537	0.00715	0.00607	0.00175	0.03277	0.00576	0.00627	0.00880
96	0.00675	0.00482	0.00643	0.00771	0.00803	0.00450	0.00514	0.00771	0.01060	0.01414	0.03053	0.80175	0.03663	0.01735	0.00707	0.00225	0.00321	0.01574	0.00514	0.00450
97	0.00774	0.00621	0.00708	0.00738	0.00910	0.00576	0.00589	0.01043	0.06202	0.01616	0.06891	0.07834	0.46469	0.01398	0.00681	0.00207	0.00356	0.21359	0.00519	0.00508
98	0.01391	0.01494	0.02679	0.02757	0.36794	0.06854	0.36176	0.01771	0.01305	0.01760	0.01066	0.01402	0.00848	0.00486	0.00594	0.00173	0.00812	0.00559	0.00278	0.00799
99	0.01046	0.00984	0.01661	0.79205	0.03814	0.01230	0.01538	0.01415	0.01107	0.01415	0.00984	0.01477	0.00738	0.00554	0.00554	0.00185	0.00738	0.00492	0.00246	0.00615
100	0.84448	0.01071	0.00814	0.00728	0.01071	0.01242	0.00600	0.01628	0.00943	0.02485	0.00771	0.00900	0.00600	0.00514	0.00343	0.00171	0.00428	0.00300	0.00343	0.00600
101	0.00779	0.00566	0.00733	0.00692	0.00824	0.00520	0.00519	0.01036	0.01556	0.02193	0.74061	0.04183	0.07971	0.01143	0.00653	0.00175	0.00262	0.01008	0.00606	0.00520
102	0.01943	0.02072	0.01697	0.03717	0.01840	0.41685	0.06348	0.24172	0.07494	0.02102	0.01127	0.01229	0.00866	0.00605	0.00533	0.00158	0.00827	0.00445	0.00386	0.00757
103	0.00675	0.00482	0.00643	0.00771	0.00803	0.00450	0.00514	0.00771	0.01060	0.01414	0.03053	0.80175	0.03663	0.01735	0.00707	0.00225	0.00321	0.01574	0.00514	0.00450
104	0.01408	0.65479	0.17653	0.01072	0.01614	0.02013	0.01164	0.01677	0.01134	0.01392	0.00814	0.00944	0.00709	0.00484	0.00389	0.00130	0.00637	0.00318	0.00236	0.00732
105	0.01160	0.01021	0.01300	0.00928	0.01425	0.00786	0.05970	0.01422	0.01160	0.01802	0.00994	0.01173	0.00822	0.00414	0.00428	0.00090	0.00448	0.00351	0.00325	0.77982
106	0.00686	0.00490	0.00652	0.00764	0.00806	0.00457	0.00515	0.00799	0.01111	0.01494	0.10422	0.72575	0.03819	0.01675	0.00702	0.00220	0.00315	0.01517	0.00524	0.00457
107	0.02470	0.00966	0.01300	0.00996	0.01425	0.00849	0.00823	0.05479	0.01624	0.74630	0.02152	0.01864	0.01355	0.00685	0.00557	0.00171	0.00477	0.00555	0.00680	0.00943

[dist]
# distance from previous block
# <min> <max>
0	1

[block]
# block no. 6 follows, 43 sequences, length 109
# corresponding to MSA columns:
# 633-741
name=unknown_G
#
# <colnr> <probs for GDERKNQSTAVLIFYWHMCP>
#	G	D	E	R	K	N	Q	S	T	A	V	L	I	F	Y	W	H	M	C	P
0	0.08804	0.06155	0.01877	0.05119	0.39608	0.07584	0.01302	0.05872	0.01351	0.10946	0.01134	0.01321	0.00884	0.00530	0.00509	0.00158	0.00626	0.00452	0.00345	0.05422
1	0.00962	0.00481	0.00722	0.00722	0.00722	0.00481	0.00481	0.00722	0.00722	0.00962	0.00962	0.01684	0.00962	0.01924	0.02165	0.83886	0.00481	0.00481	0.00241	0.00241
2	0.02105	0.01551	0.01662	0.01274	0.01717	0.01717	0.01053	0.75235	0.02604	0.03490	0.01330	0.01330	0.00942	0.00665	0.00554	0.00166	0.00609	0.00499	0.00554	0.00942
3	0.01377	0.06131	0.02288	0.03251	0.72502	0.01369	0.01654	0.01697	0.01253	0.01779	0.01025	0.01342	0.00867	0.00492	0.00537	0.00162	0.00654	0.00482	0.00272	0.00867
4	0.00784	0.00566	0.00740	0.00697	0.00827	0.00523	0.00523	0.01045	0.01568	0.02221	0.76789	0.04137	0.05226	0.01132	0.00653	0.00174	0.00261	0.01002	0.00610	0.00523
5	0.79340	0.01063	0.00843	0.00744	0.01092	0.01216	0.00613	0.01695	0.00983	0.07158	0.00859	0.00961	0.00648	0.00525	0.00356	0.00171	0.00431	0.00316	0.00364	0.00621
6	0.00675	0.00482	0.00643	0.00771	0.00803	0.00450	0.00514	0.00771	0.01060	0.01414	0.03053	0.80175	0.03663	0.01735	0.00707	0.00225	0.00321	0.01574	0.00514	0.00450
7	0.01333	0.01267	0.02150	0.03224	0.72123	0.01264	0.01623	0.01657	0.01281	0.01836	0.05967	0.01551	0.01160	0.00535	0.00555	0.00165	0.00632	0.00527	0.00296	0.00854
8	0.00675	0.00562	0.00589	0.00582	0.00760	0.00476	0.00437	0.00834	0.01310	0.01609	0.16686	0.05144	0.65711	0.01361	0.00654	0.00185	0.00278	0.01143	0.00529	0.00476
9	0.00821	0.00623	0.00856	0.00855	0.00973	0.00688	0.00662	0.01090	0.05339	0.01439	0.06834	0.02970	0.08400	0.07945	0.51569	0.00672	0.01108	0.06278	0.00370	0.00508
10	0.01323	0.47531	0.34856	0.01217	0.01838	0.01805	0.01417	0.01699	0.01144	0.01496	0.00866	0.01008	0.00707	0.00496	0.00428	0.00143	0.00689	0.00344	0.00236	0.00757
11	0.02105	0.01551	0.01662	0.01274	0.01717	0.01717	0.01053	0.75235	0.02604	0.03490	0.01330	0.01330	0.00942	0.00665	0.00554	0.00166	0.00609	0.00499	0.00554	0.00942
12	0.01300	0.01170	0.01458	0.01104	0.01558	0.03369	0.09289	0.06254	0.16853	0.01996	0.01281	0.01385	0.01008	0.00508	0.00481	0.00123	0.00506	0.00439	0.00384	0.49533
13	0.00776	0.00566	0.00730	0.00689	0.00823	0.00519	0.00517	0.01031	0.01550	0.02179	0.72643	0.04206	0.09398	0.01148	0.00653	0.00175	0.00262	0.01011	0.00604	0.00519
14	0.01148	0.00984	0.01148	0.00820	0.01312	0.00738	0.00656	0.01395	0.01148	0.01805	0.00984	0.01148	0.00820	0.00410	0.00410	0.00082	0.00410	0.00328	0.00328	0.83922
15	0.00670	0.00562	0.00582	0.00577	0.00757	0.00474	0.00433	0.00824	0.01298	0.01581	0.13993	0.05189	0.68421	0.01371	0.00654	0.00186	0.00278	0.01149	0.00526	0.00474
16	0.84448	0.01071	0.00814	0.00728	0.01071	0.01242	0.00600	0.01628	0.00943	0.02485	0.00771	0.00900	0.00600	0.00514	0.00343	0.00171	0.00428	0.00300	0.00343	0.00600
17	0.02485	0.00943	0.01285	0.00985	0.01414	0.00814	0.00814	0.02699	0.01585	0.77465	0.02185	0.01885	0.01371	0.00685	0.00557	0.00171	0.00471	0.00557	0.00685	0.00943
18	0.01378	0.01190	0.01252	0.01127	0.01440	0.01378	0.00877	0.02943	0.76081	0.02317	0.02254	0.02066	0.01691	0.00751	0.00564	0.00188	0.00438	0.00626	0.00564	0.00877
19	0.01148	0.00984	0.01148	0.00820	0.01312	0.00738	0.00656	0.01395	0.01148	0.01805	0.00984	0.01148	0.00820	0.00410	0.00410	0.00082	0.00410	0.00328	0.00328	0.83922
20	0.01111	0.02865	0.77667	0.01579	0.02397	0.01286	0.02046	0.01754	0.01169	0.01754	0.00994	0.01169	0.00702	0.00526	0.00526	0.00175	0.00818	0.00409	0.00234	0.00818
21	0.00791	0.00593	0.00890	0.00890	0.00989	0.00692	0.00692	0.00989	0.00890	0.01286	0.01483	0.02176	0.01385	0.04154	0.78341	0.00890	0.01483	0.00593	0.00297	0.00494
22	0.00675	0.00482	0.00643	0.00771	0.00803	0.00450	0.00514	0.00771	0.01060	0.01414	0.03053	0.80175	0.03663	0.01735	0.00707	0.00225	0.00321	0.01574	0.00514	0.00450
23	0.07409	0.01086	0.01328	0.01035	0.01454	0.01054	0.00852	0.16875	0.06589	0.53431	0.01934	0.01727	0.01260	0.00675	0.00544	0.00171	0.00494	0.00534	0.00631	0.00917
24	0.84448	0.01071	0.00814	0.00728	0.01071	0.01242	0.00600	0.01628	0.00943	0.02485	0.00771	0.00900	0.00600	0.00514	0.00343	0.00171	0.00428	0.00300	0.00343	0.00600
25	0.01182	0.01175	0.01720	0.01465	0.01509	0.01579	0.05973	0.01332	0.00907	0.01380	0.00947	0.04404	0.00964	0.00993	0.01649	0.00239	0.67607	0.04104	0.00268	0.00605
26	0.00791	0.00593	0.00890	0.00890	0.00989	0.00692	0.00692	0.00989	0.00890	0.01286	0.01483	0.02176	0.01385	0.04154	0.78341	0.00890	0.01483	0.00593	0.00297	0.00494
27	0.00878	0.00633	0.00872	0.00991	0.01123	0.00627	0.00863	0.01125	0.01274	0.01647	0.03099	0.06190	0.07779	0.01522	0.00758	0.00251	0.00496	0.68855	0.00510	0.00507
28	0.00675	0.00482	0.00643	0.00771	0.00803	0.00450	0.00514	0.00771	0.01060	0.01414	0.03053	0.80175	0.03663	0.01735	0.00707	0.00225	0.00321	0.01574	0.00514	0.00450
29	0.01307	0.01494	0.03268	0.02334	0.02894	0.01401	0.75070	0.01774	0.01307	0.01774	0.01120	0.01494	0.00840	0.00467	0.00654	0.00187	0.00934	0.00654	0.00280	0.00747
30	0.02130	0.01512	0.01638	0.01255	0.01698	0.01659	0.01037	0.70518	0.02538	0.08301	0.01385	0.01366	0.00970	0.00666	0.00554	0.00167	0.00600	0.00502	0.00563	0.00942
31	0.02485	0.00943	0.01285	0.00985	0.01414	0.00814	0.00814	0.02699	0.01585	0.77465	0.02185	0.01885	0.01371	0.00685	0.00557	0.00171	0.00471	0.00557	0.00685	0.00943
32	0.02245	0.01328	0.01524	0.01168	0.01606	0.01386	0.00965	0.48624	0.02230	0.30629	0.01643	0.01533	0.01099	0.00672	0.00555	0.00168	0.00559	0.00520	0.00602	0.00942
33	0.02105	0.01551	0.01662	0.01274	0.01717	0.01717	0.01053	0.75235	0.02604	0.03490	0.01330	0.01330	0.00942	0.00665	0.00554	0.00166	0.00609	0.00499	0.00554	0.00942
34	0.00810	0.00591	0.00733	0.00794	0.00902	0.00568	0.00625	0.00968	0.01144	0.01459	0.03268	0.05310	0.20961	0.22948	0.01295	0.00315	0.00461	0.35929	0.00464	0.00452
35	0.13239	0.00688	0.00675	0.00655	0.00838	0.00736	0.00511	0.01533	0.10341	0.02131	0.01784	0.02167	0.01448	0.00697	0.00427	0.00151	0.00321	0.05235	0.55852	0.00572
36	0.01529	0.01002	0.01208	0.00884	0.01358	0.00806	0.00715	0.05416	0.01330	0.20748	0.01301	0.01341	0.00964	0.00492	0.00454	0.00109	0.00435	0.00394	0.00429	0.59085
37	0.00779	0.00566	0.00734	0.00692	0.00824	0.00521	0.00519	0.01036	0.01556	0.02194	0.74150	0.04181	0.07882	0.01142	0.00653	0.00175	0.00262	0.01008	0.00606	0.00521
38	0.00832	0.00596	0.00804	0.00913	0.01008	0.00586	0.00725	0.03237	0.01227	0.01618	0.04402	0.38373	0.03367	0.01585	0.00731	0.00238	0.00426	0.38320	0.00515	0.00497
39	0.02465	0.00974	0.01305	0.01000	0.01429	0.00860	0.00826	0.06410	0.01637	0.73680	0.02141	0.01857	0.01349	0.00684	0.00557	0.00171	0.00478	0.00554	0.00679	0.00942
40	0.00675	0.00482	0.00643	0.00771	0.00803	0.00450	0.00514	0.00771	0.01060	0.01414	0.03053	0.80175	0.03663	0.01735	0.00707	0.00225	0.00321	0.01574	0.00514	0.00450
41	0.02264	0.06436	0.05634	0.01026	0.01468	0.00975	0.00896	0.06795	0.01575	0.61474	0.02000	0.04130	0.01334	0.00693	0.00546	0.00169	0.00502	0.00559	0.00617	0.00905
42	0.01148	0.00984	0.01148	0.00820	0.01312	0.00738	0.00656	0.01395	0.01148	0.01805	0.00984	0.01148	0.00820	0.00410	0.00410	0.00082	0.00410	0.00328	0.00328	0.83922
43	0.01214	0.01668	0.17511	0.06744	0.02725	0.01310	0.51816	0.01687	0.01253	0.01726	0.01206	0.06253	0.00980	0.00561	0.00626	0.00187	0.00862	0.00653	0.00283	0.00735
44	0.01145	0.00987	0.05742	0.00951	0.01339	0.00743	0.02846	0.01403	0.01198	0.07210	0.01673	0.11496	0.01618	0.00798	0.00534	0.00145	0.00461	0.13714	0.00402	0.45595
45	0.20955	0.07068	0.01595	0.01543	0.13265	0.38741	0.01060	0.01906	0.01302	0.01683	0.00852	0.01040	0.00713	0.00564	0.00543	0.00157	0.05681	0.00369	0.00291	0.00671
46	0.01121	0.04938	0.75679	0.01562	0.02371	0.01310	0.02017	0.01751	0.01168	0.01742	0.00988	0.01162	0.00702	0.00525	0.00522	0.00174	0.00812	0.00406	0.00234	0.00816
47	0.01083	0.01022	0.01727	0.70650	0.12083	0.01240	0.01556	0.01447	0.01125	0.01460	0.00991	0.01465	0.00754	0.00547	0.00553	0.00182	0.00729	0.00492	0.00249	0.00645
48	0.00751	0.00565	0.00695	0.00662	0.00807	0.00509	0.00497	0.00982	0.01490	0.02037	0.58732	0.04440	0.23397	0.01201	0.00654	0.00177	0.00266	0.01044	0.00585	0.00509
49	0.00686	0.00490	0.00656	0.00784	0.00822	0.00460	0.00534	0.00791	0.01072	0.01427	0.03046	0.76220	0.03638	0.01724	0.00710	0.00227	0.00331	0.05414	0.00514	0.00453
50	0.01481	0.80869	0.02902	0.00948	0.01421	0.02191	0.00948	0.01658	0.01125	0.01303	0.00770	0.00888	0.00711	0.00474	0.00355	0.00118	0.00592	0.00296	0.00237	0.00711
51	0.00850	0.00607	0.00843	0.00964	0.01075	0.00600	0.00812	0.01077	0.01248	0.01635	0.05692	0.19203	0.03347	0.01551	0.00751	0.00247	0.00467	0.58016	0.00514	0.00500
52	0.02025	0.01099	0.01275	0.01003	0.01374	0.01117	0.00820	0.31735	0.01908	0.31643	0.01759	0.01698	0.01208	0.00669	0.00520	0.00160	0.00482	0.00525	0.18127	0.00852
53	0.01801	0.00869	0.01025	0.00837	0.01141	0.00847	0.00675	0.14904	0.01585	0.32367	0.01873	0.01863	0.01316	0.00665	0.00484	0.00152	0.00405	0.00529	0.35901	0.00761
54	0.02485	0.00943	0.01285	0.00985	0.01414	0.00814	0.00814	0.02699	0.01585	0.77465	0.02185	0.01885	0.01371	0.00685	0.00557	0.00171	0.00471	0.00557	0.00685	0.00943
55	0.01148	0.00984	0.01148	0.00820	0.01312	0.00738	0.00656	0.01395	0.01148	0.01805	0.00984	0.01148	0.00820	0.00410	0.00410	0.00082	0.00410	0.00328	0.00328	0.83922
56	0.84448	0.01071	0.00814	0.00728	0.01071	0.01242	0.00600	0.01628	0.00943	0.02485	0.00771	0.00900	0.00600	0.00514	0.00343	0.00171	0.00428	0.00300	0.00343	0.00600
57	0.84448	0.01071	0.00814	0.00728	0.01071	0.01242	0.00600	0.01628	0.00943	0.02485	0.00771	0.00900	0.00600	0.00514	0.00343	0.00171	0.00428	0.00300	0.00343	0.00600
58	0.01371	0.01316	0.02248	0.03399	0.77081	0.01316	0.01700	0.01700	0.01261	0.01809	0.01042	0.01371	0.00877	0.00493	0.00548	0.00164	0.00658	0.00493	0.00274	0.00877
59	0.01514	0.01208	0.01292	0.01132	0.01464	0.01374	0.00889	0.09638	0.64618	0.07110	0.02164	0.01987	0.01601	0.00739	0.00562	0.00185	0.00456	0.00610	0.00570	0.00887
60	0.01647	0.01324	0.01404	0.01182	0.01543	0.01504	0.00942	0.29731	0.48854	0.02752	0.01912	0.01793	0.01413	0.00719	0.00560	0.00180	0.00502	0.00579	0.00560	0.00901
61	0.00791	0.00593	0.00890	0.00890	0.00989	0.00692	0.00692	0.00989	0.00890	0.01286	0.01483	0.02176	0.01385	0.04154	0.78341	0.00890	0.01483	0.00593	0.00297	0.00494
62	0.00718	0.00562	0.00615	0.00619	0.00784	0.00491	0.00471	0.00893	0.01306	0.01671	0.18023	0.07250	0.52139	0.01325	0.00646	0.00187	0.00292	0.05816	0.05711	0.00483
63	0.02393	0.01007	0.01310	0.01008	0.01429	0.00919	0.00831	0.11812	0.01701	0.65863	0.02066	0.01820	0.01318	0.00682	0.00551	0.00169	0.00482	0.00548	0.03161	0.00930
