[name]
unknown

[dist]
# distance from previous block
# <min> <max>
15	147

[block]
# block no. 0 follows, 44 sequences, length 11
# corresponding to MSA columns:
# 163-173
name=unknown_A
#
# <colnr> <probs for GDERKNQSTAVLIFYWHMCP>
#	G	D	E	R	K	N	Q	S	T	A	V	L	I	F	Y	W	H	M	C	P
0	0.08563	0.04511	0.01530	0.01650	0.20409	0.21158	0.01070	0.03656	0.01387	0.15008	0.04492	0.03286	0.01357	0.00705	0.00536	0.00168	0.00642	0.08749	0.00398	0.00725
1	0.04641	0.15211	0.11772	0.03803	0.16966	0.09975	0.06176	0.06184	0.09051	0.03244	0.01172	0.03915	0.00964	0.00573	0.00500	0.00157	0.00656	0.00474	0.00325	0.04240
2	0.01376	0.01455	0.08629	0.06337	0.32379	0.04214	0.22292	0.01745	0.01263	0.06805	0.01104	0.01374	0.00854	0.00493	0.00555	0.00163	0.00723	0.00509	0.00298	0.07430
3	0.10409	0.01212	0.09937	0.22279	0.19758	0.01128	0.01260	0.01625	0.08400	0.03732	0.10028	0.01870	0.04821	0.00649	0.00534	0.00174	0.00574	0.00557	0.00352	0.00702
4	0.01459	0.18029	0.01856	0.01374	0.09909	0.01261	0.09643	0.01840	0.09580	0.16234	0.05302	0.09160	0.01473	0.00709	0.00587	0.00164	0.04396	0.00606	0.00413	0.06003
5	0.01123	0.00805	0.01222	0.14622	0.01650	0.00810	0.07034	0.01408	0.03931	0.11803	0.10855	0.15471	0.02029	0.04670	0.11853	0.00290	0.00636	0.00765	0.00421	0.08603
6	0.06583	0.10086	0.02050	0.09476	0.50372	0.01385	0.01431	0.01756	0.08394	0.01781	0.01088	0.01342	0.00893	0.00514	0.00508	0.00161	0.00613	0.00465	0.00295	0.00805
7	0.01159	0.14895	0.01745	0.01650	0.21258	0.01191	0.06302	0.01501	0.08338	0.03223	0.01692	0.23823	0.01715	0.01051	0.04419	0.00213	0.03997	0.00783	0.00367	0.00678
8	0.10566	0.11011	0.19828	0.01547	0.02106	0.01368	0.27608	0.06355	0.01268	0.03932	0.01024	0.01230	0.00773	0.00492	0.00514	0.00160	0.00717	0.00465	0.00299	0.08737
9	0.01050	0.00982	0.01601	0.56960	0.09377	0.01202	0.01396	0.01373	0.01118	0.01492	0.08240	0.01667	0.01160	0.00640	0.00692	0.00185	0.09439	0.00532	0.00278	0.00617
10	0.01345	0.01249	0.02273	0.11049	0.32859	0.01279	0.23330	0.01686	0.01222	0.06895	0.01121	0.01443	0.00878	0.00542	0.00670	0.00176	0.07332	0.00537	0.03348	0.00766

[dist]
# distance from previous block
# <min> <max>
0	7

[block]
# block no. 1 follows, 44 sequences, length 16
# corresponding to MSA columns:
# 181-196
name=unknown_B
#
# <colnr> <probs for GDERKNQSTAVLIFYWHMCP>
#	G	D	E	R	K	N	Q	S	T	A	V	L	I	F	Y	W	H	M	C	P
0	0.01466	0.01134	0.01571	0.01361	0.05032	0.01174	0.11225	0.19808	0.11042	0.08364	0.01800	0.02669	0.01577	0.00839	0.00648	0.00188	0.03554	0.18965	0.00468	0.07116
1	0.01628	0.01550	0.07656	0.01477	0.01836	0.14333	0.17190	0.05341	0.07153	0.16545	0.01296	0.01454	0.00970	0.00794	0.04058	0.00211	0.14869	0.00516	0.00379	0.00744
2	0.01150	0.01076	0.01794	0.56173	0.23904	0.01249	0.01543	0.03801	0.01178	0.01564	0.00995	0.01420	0.00771	0.00532	0.00544	0.00176	0.00701	0.00485	0.00259	0.00686
3	0.10405	0.01100	0.01263	0.05028	0.12843	0.06804	0.00851	0.01462	0.01206	0.01850	0.10532	0.01511	0.01326	0.00536	0.00461	0.00124	0.00484	0.00438	0.00344	0.41431
4	0.01469	0.03678	0.07422	0.01297	0.01542	0.09247	0.03150	0.01670	0.01102	0.13315	0.01016	0.01262	0.00825	0.00741	0.01120	0.00188	0.38993	0.00450	0.00322	0.11192
5	0.01369	0.01110	0.09529	0.00980	0.01259	0.06306	0.00846	0.07188	0.01307	0.18448	0.11060	0.02236	0.01755	0.11163	0.22543	0.00407	0.00807	0.00608	0.00431	0.00648
6	0.11835	0.36130	0.25522	0.01287	0.07447	0.01638	0.01272	0.01730	0.03668	0.03654	0.00932	0.01062	0.00745	0.00503	0.00426	0.00147	0.00628	0.00359	0.00271	0.00742
7	0.01126	0.00835	0.01091	0.01216	0.10701	0.00857	0.00833	0.05587	0.15386	0.06374	0.12973	0.18817	0.03785	0.01099	0.00627	0.00196	0.00428	0.14667	0.02750	0.00652
8	0.00923	0.00673	0.00840	0.00783	0.00947	0.00656	0.00613	0.09263	0.01606	0.02222	0.56147	0.04083	0.07735	0.01125	0.00646	0.00181	0.00327	0.10099	0.00577	0.00556
9	0.01379	0.01398	0.12744	0.04153	0.13995	0.03105	0.01160	0.04418	0.33456	0.08307	0.08588	0.01897	0.01605	0.00681	0.00552	0.00175	0.00537	0.00577	0.00457	0.00816
10	0.01291	0.11270	0.17589	0.30967	0.02561	0.01359	0.04165	0.04922	0.12071	0.06790	0.01224	0.01425	0.00905	0.00568	0.00521	0.00171	0.00667	0.00473	0.00327	0.00736
11	0.02171	0.01031	0.01295	0.01007	0.01400	0.00984	0.00826	0.20082	0.01800	0.51523	0.10226	0.01968	0.01666	0.00718	0.00558	0.00168	0.00474	0.00583	0.00635	0.00882
12	0.01277	0.01202	0.02026	0.03011	0.67796	0.01197	0.01527	0.01592	0.01279	0.01832	0.10606	0.01692	0.01402	0.00565	0.00553	0.00163	0.00599	0.00549	0.00311	0.00820
13	0.07759	0.10641	0.30815	0.06306	0.04137	0.01394	0.10349	0.11086	0.03470	0.07390	0.01113	0.01258	0.00812	0.00540	0.00510	0.00167	0.00696	0.00446	0.00327	0.00784
14	0.00655	0.00512	0.00594	0.00659	0.00765	0.00451	0.00462	0.00770	0.01140	0.01431	0.04220	0.44174	0.39132	0.01550	0.00671	0.00203	0.00297	0.01357	0.00506	0.00451
15	0.01067	0.00708	0.00802	0.00787	0.00818	0.09102	0.00537	0.00872	0.00802	0.00990	0.00935	0.01583	0.00920	0.01747	0.01950	0.74867	0.00530	0.00460	0.00242	0.00280

[dist]
# distance from previous block
# <min> <max>
0	2

[block]
# block no. 2 follows, 44 sequences, length 6
# corresponding to MSA columns:
# 199-204
name=unknown_C
#
# <colnr> <probs for GDERKNQSTAVLIFYWHMCP>
#	G	D	E	R	K	N	Q	S	T	A	V	L	I	F	Y	W	H	M	C	P
0	0.07727	0.02073	0.01410	0.01262	0.01565	0.51860	0.00963	0.02313	0.15057	0.08850	0.01210	0.01249	0.00930	0.00601	0.00498	0.00153	0.00795	0.00414	0.00372	0.00699
1	0.01296	0.01058	0.04912	0.01567	0.19734	0.02897	0.07504	0.01608	0.04081	0.15508	0.11749	0.04678	0.19380	0.00847	0.00590	0.00174	0.00503	0.00752	0.00454	0.00708
2	0.00935	0.00695	0.00793	0.00773	0.00915	0.00687	0.00557	0.14325	0.01355	0.01769	0.06083	0.34444	0.21148	0.11816	0.00927	0.00240	0.00383	0.01138	0.00494	0.00523
3	0.01286	0.00962	0.01568	0.65316	0.03327	0.01137	0.01385	0.01622	0.01175	0.15221	0.01183	0.01526	0.00839	0.00569	0.00546	0.00179	0.00679	0.00496	0.00321	0.00664
4	0.06753	0.01558	0.29347	0.01278	0.06852	0.00995	0.01214	0.08423	0.01278	0.04047	0.04062	0.22758	0.05194	0.00935	0.00574	0.00186	0.00560	0.02916	0.00388	0.00680
5	0.01208	0.01301	0.07028	0.40671	0.32371	0.05006	0.01588	0.01563	0.01175	0.01564	0.00986	0.01369	0.00777	0.00521	0.00539	0.00171	0.00714	0.00473	0.00254	0.00721

[dist]
# distance from previous block
# <min> <max>
0	1

[block]
# block no. 3 follows, 44 sequences, length 19
# corresponding to MSA columns:
# 206-220,222-225
name=unknown_D
#
# <colnr> <probs for GDERKNQSTAVLIFYWHMCP>
#	G	D	E	R	K	N	Q	S	T	A	V	L	I	F	Y	W	H	M	C	P
0	0.01356	0.06829	0.01196	0.00988	0.01215	0.28074	0.00756	0.01635	0.07001	0.04741	0.24674	0.06965	0.08881	0.02590	0.00608	0.00169	0.00566	0.00713	0.00444	0.00598
1	0.04988	0.22058	0.20860	0.01152	0.01645	0.01513	0.01158	0.06924	0.25009	0.04294	0.01362	0.01379	0.01036	0.00584	0.00477	0.00158	0.00574	0.00444	0.00376	0.04008
2	0.01381	0.08946	0.10108	0.02577	0.50657	0.01369	0.01514	0.08097	0.01327	0.01872	0.01016	0.01266	0.00832	0.00496	0.00511	0.00153	0.00637	0.00448	0.00290	0.06502
3	0.12871	0.11204	0.27018	0.01341	0.05222	0.06367	0.05709	0.03736	0.03500	0.12448	0.02759	0.01290	0.00920	0.00550	0.00486	0.00161	0.00652	0.00429	0.00343	0.02993
4	0.01278	0.08114	0.22751	0.02478	0.37344	0.01372	0.15473	0.01698	0.01215	0.01720	0.01006	0.01281	0.00797	0.00488	0.00538	0.00165	0.00735	0.00477	0.00257	0.00811
5	0.01195	0.01226	0.01455	0.48886	0.02811	0.14624	0.01242	0.01615	0.08960	0.01483	0.01592	0.01861	0.09490	0.00663	0.00548	0.00175	0.00690	0.00550	0.00311	0.00620
6	0.07134	0.01245	0.11317	0.09655	0.01782	0.01080	0.06784	0.09164	0.10831	0.16804	0.16518	0.02033	0.01855	0.00706	0.00556	0.00174	0.00538	0.00602	0.00474	0.00749
7	0.01457	0.05088	0.14005	0.01908	0.25745	0.01228	0.06204	0.06912	0.08056	0.11230	0.01344	0.01465	0.02233	0.00551	0.00523	0.00157	0.00608	0.00486	0.00366	0.10433
8	0.00784	0.00710	0.05982	0.00846	0.00974	0.00598	0.00667	0.01050	0.06671	0.01529	0.02802	0.51942	0.06655	0.01577	0.04024	0.00240	0.00420	0.07944	0.04075	0.00510
9	0.01130	0.00704	0.00887	0.00835	0.01032	0.00682	0.00673	0.04618	0.06231	0.12710	0.31302	0.03989	0.08868	0.01097	0.00632	0.00189	0.00372	0.18400	0.05043	0.00605
10	0.01392	0.34538	0.17673	0.03932	0.09825	0.02741	0.10451	0.05788	0.04561	0.02879	0.00997	0.01163	0.00797	0.00507	0.00471	0.00150	0.00678	0.00414	0.00281	0.00762
11	0.01248	0.06583	0.47065	0.01878	0.17509	0.01357	0.04940	0.06497	0.04510	0.01848	0.01056	0.01238	0.00789	0.00524	0.00522	0.00168	0.00737	0.00439	0.00275	0.00819
12	0.00804	0.00520	0.00682	0.00755	0.00834	0.00476	0.00522	0.00923	0.01136	0.07130	0.09034	0.63416	0.08585	0.01562	0.00677	0.00211	0.00320	0.01403	0.00526	0.00486
13	0.00831	0.00585	0.00821	0.00865	0.00957	0.00623	0.00676	0.01006	0.01006	0.02849	0.02083	0.11268	0.02194	0.13734	0.35862	0.00565	0.00915	0.22298	0.00388	0.00474
14	0.08194	0.12877	0.13816	0.01175	0.01603	0.02211	0.05185	0.05894	0.13559	0.11447	0.01351	0.02961	0.01056	0.00636	0.00602	0.00165	0.07225	0.01699	0.00387	0.07957
15	0.00898	0.00584	0.00753	0.00805	0.00898	0.00558	0.00565	0.06024	0.01213	0.07244	0.06881	0.65069	0.03340	0.01527	0.00672	0.00211	0.00343	0.01372	0.00526	0.00516
16	0.00708	0.00534	0.00646	0.00660	0.00776	0.00481	0.00474	0.00878	0.01296	0.01726	0.33983	0.23358	0.26213	0.04850	0.00750	0.00203	0.00289	0.01167	0.00537	0.00472
17	0.01327	0.01335	0.06579	0.10696	0.33738	0.01324	0.08246	0.08692	0.11160	0.01906	0.01214	0.01478	0.00964	0.00740	0.04458	0.00209	0.04296	0.00517	0.00328	0.00795
18	0.72698	0.01217	0.03987	0.00823	0.01160	0.05481	0.00703	0.01625	0.00966	0.02300	0.00770	0.00917	0.00607	0.00532	0.00425	0.00171	0.04382	0.00312	0.00325	0.00602

[dist]
# distance from previous block
# <min> <max>
0	3

[block]
# block no. 4 follows, 44 sequences, length 35
# corresponding to MSA columns:
# 229-263
name=unknown_E
#
# <colnr> <probs for GDERKNQSTAVLIFYWHMCP>
#	G	D	E	R	K	N	Q	S	T	A	V	L	I	F	Y	W	H	M	C	P
0	0.01330	0.01303	0.02154	0.11453	0.57562	0.03512	0.07136	0.01727	0.05215	0.01750	0.01083	0.01396	0.00884	0.00506	0.00548	0.00166	0.00675	0.00501	0.00283	0.00819
1	0.00875	0.00599	0.00730	0.00742	0.00898	0.00549	0.00574	0.01084	0.03141	0.07560	0.15570	0.16999	0.29564	0.03624	0.00725	0.00210	0.00349	0.15161	0.00530	0.00517
2	0.01075	0.00850	0.01066	0.02686	0.02754	0.04988	0.00803	0.04184	0.02967	0.05588	0.01733	0.15857	0.01712	0.02139	0.28287	0.00439	0.12064	0.05453	0.04791	0.00565
3	0.01390	0.29591	0.25023	0.03800	0.09268	0.01553	0.11816	0.01764	0.01198	0.08285	0.01027	0.01189	0.00789	0.00503	0.00482	0.00154	0.00696	0.00421	0.00281	0.00769
4	0.00795	0.00563	0.00668	0.00651	0.00797	0.00500	0.00478	0.00970	0.01325	0.05549	0.32509	0.13146	0.32652	0.06008	0.00772	0.00203	0.00298	0.01081	0.00540	0.00495
5	0.09006	0.01007	0.01271	0.00983	0.01399	0.00938	0.00811	0.11001	0.01625	0.63173	0.01942	0.01715	0.01240	0.00659	0.00531	0.00168	0.00476	0.00521	0.00633	0.00901
6	0.01424	0.00793	0.01178	0.01220	0.09916	0.00733	0.03850	0.01631	0.01314	0.28180	0.06722	0.26341	0.02419	0.01095	0.00629	0.00196	0.00452	0.10690	0.00533	0.00684
7	0.01320	0.01328	0.02455	0.06176	0.54729	0.01314	0.21160	0.01681	0.01247	0.01756	0.01044	0.01386	0.00848	0.00481	0.00567	0.00169	0.00723	0.00527	0.00270	0.00819
8	0.01193	0.01193	0.01670	0.01431	0.01431	0.01670	0.01193	0.01312	0.00835	0.01312	0.00716	0.01193	0.00716	0.00954	0.01789	0.00239	0.79843	0.00477	0.00239	0.00596
9	0.01458	0.81168	0.02857	0.00933	0.01399	0.02157	0.00933	0.01632	0.01108	0.01283	0.00758	0.00875	0.00700	0.00466	0.00350	0.00117	0.00583	0.00292	0.00233	0.00700
10	0.06770	0.00953	0.01238	0.00967	0.01376	0.00866	0.00795	0.02618	0.07151	0.68107	0.02081	0.01817	0.01332	0.00671	0.00537	0.00170	0.00459	0.00540	0.00648	0.00905
11	0.02059	0.01387	0.01520	0.01172	0.01588	0.01502	0.00966	0.61491	0.02345	0.13247	0.01449	0.01425	0.01011	0.00656	0.00536	0.00162	0.00561	0.00500	0.05521	0.00902
12	0.01030	0.00969	0.01635	0.79530	0.03755	0.01211	0.01514	0.01393	0.01090	0.01393	0.00969	0.01453	0.00727	0.00545	0.00545	0.00182	0.00727	0.00484	0.00242	0.00606
13	0.00852	0.00614	0.00756	0.00707	0.00860	0.00582	0.00541	0.05456	0.01537	0.02150	0.57577	0.04012	0.12877	0.01107	0.00627	0.00173	0.00289	0.03708	0.05043	0.00532
14	0.00718	0.00555	0.00654	0.00629	0.00781	0.00491	0.00472	0.00924	0.01416	0.01884	0.46795	0.04570	0.35690	0.01227	0.00644	0.00177	0.00265	0.01056	0.00560	0.00491
15	0.01287	0.01471	0.03217	0.02298	0.02849	0.01379	0.75460	0.01746	0.01287	0.01746	0.01103	0.01471	0.00827	0.00460	0.00643	0.00184	0.00919	0.00643	0.00276	0.00735
16	0.04454	0.01063	0.01273	0.01000	0.01381	0.01055	0.00818	0.24212	0.03821	0.41234	0.06296	0.01815	0.01440	0.00689	0.00535	0.00165	0.00474	0.00549	0.06866	0.00860
17	0.01204	0.00648	0.00839	0.00829	0.00997	0.00612	0.00631	0.01447	0.05215	0.20054	0.05413	0.35853	0.02705	0.01237	0.00623	0.00198	0.00373	0.10544	0.09979	0.00600
18	0.00709	0.00536	0.00644	0.00692	0.00799	0.00488	0.00505	0.00851	0.01183	0.01524	0.13473	0.28272	0.29416	0.08467	0.00861	0.00232	0.00336	0.10056	0.00502	0.00456
19	0.07540	0.01331	0.02545	0.10866	0.20940	0.01327	0.41006	0.01721	0.03982	0.01788	0.01084	0.01416	0.00838	0.00489	0.00581	0.00177	0.00777	0.00560	0.00285	0.00746
20	0.00919	0.00730	0.00949	0.00877	0.00887	0.00881	0.00629	0.00961	0.00809	0.01148	0.01355	0.02626	0.01493	0.45700	0.09663	0.04674	0.24323	0.00663	0.00295	0.00420
21	0.74165	0.01038	0.00861	0.00749	0.01097	0.01169	0.00617	0.01737	0.01009	0.12092	0.00937	0.01010	0.00688	0.00528	0.00364	0.00169	0.00427	0.00328	0.00381	0.00634
22	0.01691	0.05683	0.01647	0.02800	0.13831	0.23496	0.01096	0.16818	0.23370	0.02095	0.01361	0.01413	0.01052	0.00614	0.00522	0.00161	0.00669	0.00476	0.00408	0.00798
23	0.01280	0.12125	0.09170	0.07976	0.04584	0.05848	0.05113	0.01562	0.01203	0.06456	0.04082	0.05555	0.01123	0.00566	0.00478	0.00133	0.00563	0.00472	0.00330	0.31381
24	0.01419	0.11972	0.28083	0.01353	0.07480	0.04191	0.01295	0.04813	0.09165	0.11990	0.01514	0.01556	0.05389	0.00602	0.00505	0.00158	0.00618	0.00476	0.00365	0.07058
25	0.01215	0.04504	0.15239	0.01847	0.02286	0.01411	0.38935	0.01602	0.01152	0.01619	0.01087	0.01610	0.00912	0.00645	0.00881	0.00196	0.18984	0.04903	0.00271	0.00700
26	0.01027	0.00965	0.01650	0.69086	0.03465	0.01170	0.05749	0.01369	0.01079	0.01388	0.01033	0.01613	0.00827	0.06570	0.00718	0.00208	0.00723	0.00517	0.00251	0.00593
27	0.04729	0.09843	0.10790	0.07662	0.16917	0.01464	0.01252	0.26077	0.06611	0.05385	0.01249	0.03445	0.00972	0.00606	0.00517	0.00164	0.00611	0.00490	0.00394	0.00821
28	0.06496	0.05635	0.09879	0.01410	0.01818	0.01273	0.21271	0.14869	0.01463	0.07591	0.08298	0.06511	0.03593	0.00719	0.00660	0.00179	0.06580	0.00632	0.00397	0.00724
29	0.00876	0.00633	0.00712	0.00689	0.00871	0.00595	0.00520	0.01184	0.09139	0.06398	0.12126	0.11968	0.40448	0.01391	0.05183	0.00223	0.00374	0.01012	0.05120	0.00540
30	0.00714	0.00519	0.00642	0.00682	0.00780	0.00473	0.00484	0.00880	0.01253	0.01704	0.27919	0.36524	0.18255	0.01392	0.00652	0.00193	0.00286	0.01231	0.04946	0.00473
31	0.01323	0.05616	0.08801	0.08525	0.10647	0.01200	0.04822	0.06690	0.22636	0.07972	0.01775	0.14488	0.01542	0.00790	0.00564	0.00180	0.00547	0.00691	0.00431	0.00759
32	0.01127	0.02609	0.68189	0.01497	0.02239	0.01278	0.01867	0.01876	0.10789	0.01797	0.01137	0.01264	0.00815	0.00546	0.00523	0.00174	0.00758	0.00430	0.00272	0.00813
33	0.00708	0.00510	0.00669	0.00780	0.00837	0.00482	0.00557	0.00829	0.01082	0.01422	0.03088	0.57935	0.08502	0.05889	0.00814	0.00241	0.00358	0.14355	0.00496	0.00449
34	0.05394	0.01146	0.06549	0.04301	0.30372	0.01037	0.11555	0.01524	0.01202	0.04788	0.01593	0.08493	0.05260	0.00671	0.00537	0.00168	0.00569	0.00626	0.13506	0.00709

[dist]
# distance from previous block
# <min> <max>
0	17

[block]
# block no. 5 follows, 44 sequences, length 25
# corresponding to MSA columns:
# 281-305
name=unknown_F
#
# <colnr> <probs for GDERKNQSTAVLIFYWHMCP>
#	G	D	E	R	K	N	Q	S	T	A	V	L	I	F	Y	W	H	M	C	P
0	0.23870	0.11773	0.14032	0.00989	0.01456	0.06396	0.00945	0.04782	0.01202	0.06665	0.02879	0.01151	0.00856	0.00514	0.00425	0.00140	0.00545	0.00364	0.00335	0.20681
1	0.04683	0.03734	0.01650	0.07187	0.06433	0.07508	0.05500	0.06198	0.01167	0.10019	0.01070	0.01388	0.00883	0.01107	0.09838	0.00272	0.29881	0.00486	0.00324	0.00673
2	0.00695	0.00524	0.00633	0.00705	0.00797	0.00478	0.00505	0.00818	0.01124	0.01436	0.05221	0.39524	0.27771	0.07724	0.00846	0.00235	0.00340	0.09682	0.00494	0.00448
3	0.04280	0.00727	0.00924	0.00889	0.04841	0.00647	0.00637	0.01421	0.01322	0.20608	0.17274	0.16800	0.17593	0.01044	0.00590	0.00173	0.00362	0.00898	0.00531	0.08438
4	0.01230	0.15863	0.55333	0.01482	0.02189	0.01451	0.06873	0.06362	0.01242	0.01761	0.00971	0.01137	0.00717	0.00514	0.00500	0.00163	0.00763	0.00406	0.00254	0.00791
5	0.00748	0.00515	0.00685	0.00778	0.00837	0.00486	0.00550	0.00875	0.01115	0.03085	0.10069	0.57074	0.03546	0.06523	0.00824	0.00238	0.00351	0.10733	0.00507	0.00461
6	0.02186	0.01180	0.01391	0.01074	0.01484	0.01196	0.00885	0.36396	0.02000	0.38730	0.01738	0.01613	0.01157	0.00663	0.00537	0.00164	0.00514	0.00519	0.05672	0.00902
7	0.01329	0.01294	0.02247	0.06333	0.62511	0.01304	0.09543	0.01731	0.05019	0.01786	0.01091	0.01401	0.00894	0.00498	0.00552	0.00166	0.00669	0.00509	0.00284	0.00839
8	0.01125	0.05983	0.01155	0.00997	0.01209	0.07200	0.03113	0.10418	0.05520	0.01822	0.07229	0.16962	0.10755	0.01181	0.00638	0.00200	0.00495	0.22930	0.00476	0.00590
9	0.01284	0.01402	0.02862	0.02171	0.07328	0.01324	0.60122	0.01794	0.06495	0.01788	0.01166	0.01477	0.00886	0.00477	0.00613	0.00175	0.00830	0.00608	0.00298	0.06900
10	0.00779	0.00584	0.00876	0.00876	0.00974	0.00681	0.00681	0.00974	0.00876	0.01266	0.01460	0.02142	0.01363	0.04089	0.78680	0.00876	0.01460	0.00584	0.00292	0.00487
11	0.32508	0.01061	0.01149	0.00918	0.01311	0.01084	0.00758	0.12814	0.01474	0.39471	0.01520	0.01421	0.01011	0.00610	0.00471	0.00168	0.00468	0.00447	0.00533	0.00804
12	0.01120	0.00907	0.01205	0.06817	0.01300	0.01162	0.00891	0.03757	0.01033	0.01652	0.02447	0.01605	0.01069	0.00966	0.05072	0.00224	0.38286	0.00503	0.29414	0.00570
13	0.00822	0.00577	0.00674	0.00656	0.00656	0.00613	0.00394	0.00831	0.00796	0.01076	0.01644	0.03393	0.01889	0.74955	0.02702	0.00507	0.06372	0.00770	0.00324	0.00350
14	0.00779	0.00532	0.00644	0.00676	0.00791	0.00481	0.00484	0.00936	0.01224	0.04612	0.18103	0.35514	0.23465	0.01372	0.00639	0.00192	0.00294	0.01204	0.07571	0.00486
15	0.01004	0.00632	0.00809	0.00729	0.00902	0.00587	0.00558	0.03938	0.01562	0.10475	0.61850	0.03715	0.06880	0.01046	0.00622	0.00170	0.00293	0.00913	0.02741	0.00573
16	0.00886	0.00801	0.01365	0.01240	0.03897	0.00765	0.19309	0.01176	0.05977	0.01556	0.02571	0.48301	0.07326	0.01272	0.00665	0.00205	0.00483	0.01202	0.00444	0.00558
17	0.01352	0.01171	0.01952	0.13018	0.57295	0.01195	0.01502	0.01668	0.01234	0.06533	0.01144	0.01445	0.00915	0.00516	0.00529	0.00162	0.00618	0.00491	0.06451	0.00807
18	0.00891	0.00575	0.00774	0.00857	0.00961	0.00547	0.00665	0.01054	0.01165	0.07425	0.02943	0.39491	0.06065	0.04435	0.00781	0.00239	0.00407	0.29714	0.00511	0.00500
19	0.00663	0.00519	0.00588	0.00639	0.00748	0.00458	0.00445	0.00774	0.01131	0.01411	0.04243	0.35472	0.42304	0.07033	0.00813	0.00223	0.00310	0.01287	0.00494	0.00444
20	0.01261	0.06164	0.02111	0.22025	0.47128	0.01306	0.06038	0.01591	0.01195	0.01660	0.01026	0.01377	0.00836	0.00503	0.00530	0.00164	0.00666	0.00484	0.03168	0.00769
21	0.00869	0.00833	0.06381	0.04051	0.05041	0.00835	0.00883	0.01105	0.00960	0.01389	0.06038	0.02057	0.01454	0.03110	0.55852	0.00674	0.07046	0.00580	0.00300	0.00542
22	0.40901	0.00850	0.00757	0.00688	0.00948	0.00931	0.00548	0.02929	0.05793	0.05106	0.05373	0.01792	0.06475	0.00658	0.00412	0.00159	0.00361	0.00483	0.24247	0.00590
23	0.11646	0.01213	0.01409	0.04202	0.06781	0.02451	0.00961	0.29086	0.04069	0.15249	0.04537	0.01518	0.01147	0.00673	0.00638	0.00172	0.08288	0.00499	0.04667	0.00793
24	0.10285	0.08868	0.03236	0.14898	0.15226	0.02717	0.04852	0.11109	0.02292	0.04334	0.09538	0.03452	0.02258	0.00656	0.00575	0.00169	0.03922	0.00542	0.00364	0.00708

[dist]
# distance from previous block
# <min> <max>
1	9

[block]
# block no. 6 follows, 44 sequences, length 31
# corresponding to MSA columns:
# 315-338,344-350
name=unknown_G
#
# <colnr> <probs for GDERKNQSTAVLIFYWHMCP>
#	G	D	E	R	K	N	Q	S	T	A	V	L	I	F	Y	W	H	M	C	P
0	0.01628	0.33108	0.11456	0.01168	0.01629	0.10614	0.04900	0.14879	0.01468	0.07626	0.01079	0.01175	0.00838	0.00543	0.00454	0.00143	0.00648	0.00399	0.05493	0.00752
1	0.01151	0.00915	0.01489	0.40491	0.07274	0.01000	0.06182	0.01461	0.01241	0.10271	0.10605	0.02346	0.09963	0.00735	0.00580	0.00180	0.00594	0.02511	0.00374	0.00638
2	0.01774	0.01042	0.01585	0.09297	0.27744	0.01011	0.01150	0.02090	0.04241	0.36244	0.05582	0.01823	0.02643	0.00635	0.00552	0.00169	0.00537	0.00556	0.00483	0.00843
3	0.01184	0.03340	0.01177	0.13698	0.07767	0.00854	0.00874	0.05382	0.04034	0.13017	0.06671	0.33305	0.02354	0.01094	0.00611	0.00192	0.00461	0.02884	0.00470	0.00631
4	0.00678	0.00549	0.00588	0.00584	0.00741	0.00474	0.00428	0.00825	0.01255	0.01563	0.17644	0.06948	0.56940	0.07397	0.00808	0.00209	0.00293	0.01105	0.00509	0.00459
5	0.00936	0.00673	0.00793	0.00751	0.00894	0.02827	0.00553	0.03315	0.04306	0.05978	0.45447	0.14909	0.07973	0.07223	0.00798	0.00206	0.00336	0.00993	0.00552	0.00538
6	0.01348	0.01328	0.02097	0.09970	0.62835	0.05300	0.01601	0.01655	0.01222	0.01698	0.00994	0.01331	0.00835	0.00520	0.00605	0.00167	0.04936	0.00478	0.00266	0.00814
7	0.01546	0.04455	0.15658	0.01191	0.04096	0.01157	0.03662	0.15136	0.12534	0.15628	0.05737	0.01733	0.01354	0.00648	0.00519	0.00163	0.00531	0.00530	0.12929	0.00792
8	0.00728	0.00510	0.00643	0.00724	0.00758	0.00490	0.00483	0.00808	0.00986	0.01306	0.02618	0.45631	0.04633	0.28134	0.01395	0.00326	0.00405	0.08563	0.00447	0.00412
9	0.01331	0.01187	0.01726	0.13944	0.23871	0.01292	0.06875	0.03151	0.32943	0.04281	0.01630	0.01736	0.02320	0.00621	0.00557	0.00177	0.00578	0.00564	0.00406	0.00811
10	0.72837	0.01229	0.00931	0.00884	0.03813	0.09580	0.00679	0.01667	0.01005	0.02303	0.00778	0.00912	0.00612	0.00511	0.00361	0.00165	0.00490	0.00308	0.00329	0.00605
11	0.07738	0.01572	0.05752	0.01673	0.05996	0.14384	0.17669	0.03139	0.01134	0.01588	0.00868	0.01205	0.00740	0.00691	0.01050	0.00196	0.33196	0.00476	0.00269	0.00665
12	0.00912	0.00607	0.00792	0.00782	0.00919	0.00579	0.00608	0.01172	0.03574	0.06709	0.42814	0.08429	0.05176	0.07273	0.00824	0.00219	0.00354	0.17171	0.00555	0.00529
13	0.01237	0.00879	0.01017	0.00869	0.01110	0.02826	0.00683	0.10917	0.06504	0.10360	0.33492	0.02923	0.09717	0.00915	0.00647	0.00167	0.04748	0.00755	0.03034	0.07199
14	0.01317	0.01296	0.02223	0.10240	0.46656	0.02534	0.15473	0.03042	0.06406	0.01803	0.02943	0.01488	0.00999	0.00523	0.00563	0.00169	0.00687	0.00534	0.00301	0.00803
15	0.00686	0.00501	0.00647	0.00733	0.00799	0.00462	0.00509	0.00817	0.01152	0.01537	0.15393	0.58005	0.11426	0.01571	0.00684	0.00210	0.00308	0.03580	0.00521	0.00458
16	0.27313	0.00966	0.01125	0.00893	0.01290	0.00929	0.00738	0.02338	0.01369	0.55028	0.01730	0.01562	0.01120	0.00624	0.00484	0.00169	0.00451	0.00472	0.00573	0.00826
17	0.01216	0.01024	0.01112	0.01008	0.01274	0.01155	0.00780	0.02451	0.58555	0.02258	0.20123	0.02521	0.02496	0.00829	0.00576	0.00182	0.00390	0.00705	0.00566	0.00780
18	0.01207	0.05499	0.01734	0.01404	0.01430	0.01696	0.01179	0.01329	0.00850	0.01310	0.00718	0.01176	0.00715	0.00928	0.01712	0.00232	0.75575	0.00467	0.00238	0.00602
19	0.06280	0.01723	0.01421	0.01191	0.01540	0.33584	0.00939	0.12296	0.01639	0.29835	0.01380	0.01350	0.00966	0.00624	0.00547	0.00158	0.02843	0.00443	0.00464	0.00778
20	0.00802	0.00619	0.00709	0.00675	0.00842	0.00586	0.00509	0.01155	0.09503	0.01934	0.39604	0.04166	0.30301	0.01144	0.00620	0.00175	0.00283	0.00980	0.04859	0.00532
21	0.47030	0.00996	0.01014	0.00833	0.01209	0.01030	0.00687	0.02085	0.01217	0.36960	0.01396	0.01330	0.00938	0.00583	0.00434	0.00169	0.00441	0.00411	0.00492	0.00745
22	0.02389	0.01020	0.01322	0.01014	0.01438	0.00938	0.00837	0.13856	0.01714	0.66401	0.02022	0.01772	0.01285	0.00672	0.00548	0.00168	0.00485	0.00539	0.00655	0.00928
23	0.01419	0.01532	0.01721	0.36302	0.14964	0.24133	0.03358	0.03505	0.03860	0.01526	0.01002	0.01324	0.00790	0.00596	0.01595	0.00175	0.00792	0.00456	0.00278	0.00674
24	0.00763	0.00559	0.00716	0.00683	0.00818	0.00513	0.00517	0.01008	0.01503	0.02095	0.67400	0.04262	0.12305	0.01155	0.00647	0.00175	0.00268	0.03518	0.00587	0.00509
25	0.00837	0.00546	0.00711	0.00745	0.00852	0.00499	0.00537	0.00998	0.01253	0.07460	0.24602	0.43040	0.10250	0.01422	0.00667	0.00201	0.00314	0.04016	0.00546	0.00504
26	0.01248	0.09562	0.58237	0.01525	0.02247	0.01321	0.08895	0.01791	0.01191	0.07486	0.01060	0.01211	0.00755	0.00520	0.00517	0.00168	0.00771	0.00427	0.00269	0.00799
27	0.05945	0.00882	0.01105	0.00949	0.01184	0.00923	0.03563	0.14892	0.05368	0.13914	0.06400	0.07282	0.01710	0.13388	0.17934	0.00380	0.00702	0.00667	0.02166	0.00647
28	0.02740	0.00750	0.00967	0.00831	0.01106	0.00665	0.00650	0.02789	0.01400	0.41088	0.08485	0.18449	0.13084	0.01016	0.00591	0.00180	0.00386	0.00867	0.03243	0.00712
29	0.00977	0.00862	0.01489	0.01221	0.01405	0.00866	0.22533	0.01161	0.01044	0.02670	0.04148	0.17520	0.01981	0.28497	0.01487	0.00316	0.07272	0.03673	0.00361	0.00515
30	0.03983	0.11275	0.27883	0.01423	0.07562	0.01354	0.03686	0.10317	0.12141	0.08999	0.01378	0.05290	0.01079	0.00628	0.00518	0.00168	0.00626	0.00511	0.00376	0.00804

[dist]
# distance from previous block
# <min> <max>
0	36

[block]
# block no. 7 follows, 44 sequences, length 25
# corresponding to MSA columns:
# 387-394,397-413
name=unknown_H
#
# <colnr> <probs for GDERKNQSTAVLIFYWHMCP>
#	G	D	E	R	K	N	Q	S	T	A	V	L	I	F	Y	W	H	M	C	P
0	0.01177	0.01263	0.11837	0.01057	0.01333	0.09027	0.00931	0.04257	0.14011	0.04962	0.05821	0.02312	0.05024	0.06836	0.22581	0.00396	0.02430	0.03716	0.00389	0.00639
1	0.00783	0.00557	0.00709	0.00771	0.00826	0.00555	0.00526	0.04842	0.01067	0.01431	0.02511	0.51277	0.02917	0.17924	0.08045	0.00340	0.00482	0.03533	0.00453	0.00452
2	0.01295	0.01180	0.01703	0.01484	0.11547	0.02368	0.14725	0.09135	0.06310	0.01988	0.05232	0.01456	0.01120	0.00514	0.00505	0.00132	0.00555	0.00476	0.00359	0.37917
3	0.01521	0.01301	0.01406	0.01309	0.11466	0.11153	0.00910	0.13339	0.03795	0.07811	0.03853	0.01356	0.01042	0.00531	0.00480	0.00125	0.00543	0.00424	0.00389	0.37244
4	0.03020	0.01260	0.01865	0.10254	0.25255	0.01299	0.07845	0.22194	0.01654	0.17896	0.01332	0.01457	0.00959	0.00575	0.00550	0.00168	0.00626	0.00511	0.00428	0.00851
5	0.01342	0.08640	0.11433	0.05058	0.04948	0.06278	0.31789	0.06697	0.01342	0.03973	0.05270	0.05534	0.01183	0.00614	0.00617	0.00174	0.03465	0.00598	0.00323	0.00720
6	0.01331	0.00866	0.01022	0.00949	0.01173	0.00903	0.00719	0.07319	0.25614	0.15992	0.02425	0.30603	0.02302	0.03561	0.00677	0.00206	0.00413	0.02672	0.00550	0.00702
7	0.01835	0.01306	0.07368	0.01227	0.01643	0.01225	0.07598	0.22549	0.12729	0.26384	0.01757	0.01712	0.03344	0.00715	0.00649	0.02763	0.03278	0.00552	0.00519	0.00845
8	0.13488	0.01040	0.01294	0.01252	0.10523	0.03146	0.04019	0.07879	0.04702	0.18842	0.06716	0.08117	0.04732	0.00753	0.00533	0.00167	0.00486	0.02731	0.00468	0.09113
9	0.00667	0.00481	0.00626	0.00742	0.00782	0.00446	0.00495	0.00762	0.01049	0.01387	0.03127	0.73607	0.08186	0.03898	0.00751	0.00228	0.00320	0.01504	0.00501	0.00441
10	0.01200	0.01131	0.01905	0.30189	0.46400	0.01217	0.01531	0.01518	0.01159	0.01597	0.01050	0.01528	0.00886	0.05638	0.00684	0.00192	0.00668	0.00505	0.00264	0.00738
11	0.01229	0.00956	0.01359	0.07133	0.01566	0.05797	0.13156	0.07215	0.01307	0.11664	0.02149	0.39657	0.02231	0.01120	0.00631	0.00195	0.00532	0.01026	0.00459	0.00618
12	0.01093	0.02820	0.78016	0.01554	0.02360	0.01266	0.02014	0.01727	0.01151	0.01727	0.00978	0.01151	0.00691	0.00518	0.00518	0.00173	0.00806	0.00403	0.00230	0.00806
13	0.00772	0.00520	0.00601	0.00621	0.00626	0.00515	0.00359	0.00787	0.00833	0.01111	0.01924	0.15917	0.02243	0.68135	0.02441	0.00479	0.00494	0.00914	0.00359	0.00348
14	0.00792	0.00577	0.00840	0.00840	0.00933	0.00663	0.00645	0.00979	0.00886	0.01295	0.01493	0.02220	0.01401	0.08408	0.69993	0.00815	0.01340	0.00592	0.04810	0.00479
15	0.84691	0.01054	0.00801	0.00717	0.01054	0.01223	0.00590	0.01603	0.00928	0.02446	0.00759	0.00886	0.00590	0.00506	0.00337	0.00169	0.00422	0.00295	0.00337	0.00590
16	0.01184	0.01184	0.04943	0.25930	0.24639	0.02914	0.01287	0.01502	0.01162	0.01647	0.00983	0.01292	0.00792	0.00480	0.00495	0.00141	0.00607	0.00425	0.00277	0.28116
17	0.01134	0.02357	0.54775	0.04495	0.02395	0.01325	0.14157	0.01674	0.01138	0.01674	0.00971	0.01220	0.00717	0.00555	0.00673	0.00182	0.09099	0.00454	0.00239	0.00765
18	0.00852	0.00626	0.00771	0.00754	0.00807	0.00687	0.00510	0.01047	0.07551	0.01241	0.01695	0.05466	0.01794	0.48061	0.21927	0.00565	0.04136	0.00735	0.00342	0.00433
19	0.05128	0.01052	0.01393	0.01086	0.01492	0.01013	0.05586	0.10259	0.11525	0.50318	0.03998	0.01822	0.01389	0.00673	0.00550	0.00171	0.00496	0.00560	0.00605	0.00883
20	0.00714	0.00535	0.00724	0.00792	0.00864	0.00545	0.00575	0.00850	0.01024	0.01373	0.02806	0.44308	0.11560	0.02336	0.23289	0.00408	0.02159	0.04237	0.00439	0.00463
21	0.00772	0.00525	0.00595	0.00607	0.00621	0.00517	0.00351	0.00789	0.00844	0.01113	0.02075	0.10514	0.06931	0.68731	0.02454	0.00479	0.00494	0.00883	0.00357	0.00349
22	0.05915	0.01075	0.01420	0.05320	0.17638	0.04715	0.03680	0.06780	0.07197	0.13511	0.08749	0.13778	0.01791	0.00801	0.00578	0.00174	0.01580	0.00698	0.00445	0.04155
23	0.18155	0.13230	0.05851	0.01181	0.04455	0.03925	0.04957	0.18200	0.08913	0.06458	0.03436	0.03826	0.01097	0.00617	0.00480	0.00160	0.00555	0.00478	0.00407	0.03618
24	0.13150	0.25402	0.28610	0.01235	0.04955	0.01475	0.01276	0.03837	0.03762	0.03854	0.03660	0.01407	0.01002	0.00578	0.00461	0.00158	0.00618	0.03522	0.00305	0.00732

[dist]
# distance from previous block
# <min> <max>
2	17

[block]
# block no. 8 follows, 44 sequences, length 6
# corresponding to MSA columns:
# 431-436
name=unknown_I
#
# <colnr> <probs for GDERKNQSTAVLIFYWHMCP>
#	G	D	E	R	K	N	Q	S	T	A	V	L	I	F	Y	W	H	M	C	P
0	0.01248	0.01045	0.01441	0.16981	0.12838	0.01022	0.01028	0.06583	0.01259	0.05061	0.05006	0.01427	0.01051	0.00543	0.00565	0.00137	0.05355	0.00444	0.00339	0.36627
1	0.01689	0.14307	0.01645	0.01197	0.01538	0.26725	0.00959	0.12156	0.30296	0.01969	0.01418	0.01412	0.01100	0.00627	0.00501	0.00157	0.00658	0.00462	0.00413	0.00770
2	0.00699	0.00689	0.07375	0.00801	0.00920	0.00517	0.00625	0.00847	0.01080	0.01432	0.03163	0.63563	0.13134	0.01561	0.00673	0.00212	0.00354	0.01397	0.00482	0.00477
3	0.03426	0.01136	0.06148	0.01419	0.11689	0.03564	0.05766	0.01945	0.04895	0.30255	0.01844	0.12876	0.01544	0.00815	0.00637	0.00182	0.04670	0.04145	0.00479	0.02564
4	0.05908	0.20627	0.01904	0.01458	0.13368	0.10297	0.03268	0.17081	0.06633	0.08377	0.01198	0.01365	0.00955	0.04573	0.00596	0.00170	0.00621	0.00449	0.00379	0.00772
5	0.01026	0.00824	0.00849	0.00817	0.00988	0.07325	0.00626	0.01289	0.06634	0.06889	0.12107	0.13165	0.26539	0.03316	0.00736	0.00198	0.04365	0.07295	0.04462	0.00550

[dist]
# distance from previous block
# <min> <max>
2	4

[block]
# block no. 9 follows, 44 sequences, length 14
# corresponding to MSA columns:
# 441-454
name=unknown_J
#
# <colnr> <probs for GDERKNQSTAVLIFYWHMCP>
#	G	D	E	R	K	N	Q	S	T	A	V	L	I	F	Y	W	H	M	C	P
0	0.01476	0.07198	0.10987	0.01218	0.04960	0.01035	0.05592	0.01870	0.09431	0.24220	0.01929	0.20520	0.01710	0.00886	0.00629	0.00184	0.04189	0.00758	0.00469	0.00742
1	0.01554	0.01525	0.01480	0.07389	0.01656	0.23056	0.01053	0.09786	0.07742	0.06083	0.01195	0.05295	0.01027	0.00924	0.04425	0.00218	0.24048	0.00518	0.00352	0.00672
2	0.01182	0.05439	0.10247	0.00984	0.03436	0.00879	0.00865	0.01468	0.01156	0.04357	0.01095	0.01396	0.00923	0.00486	0.00440	0.00107	0.00474	0.03948	0.00327	0.60790
3	0.04601	0.23238	0.13298	0.01399	0.09398	0.06889	0.03542	0.09315	0.13729	0.04955	0.01194	0.01274	0.00927	0.00554	0.00476	0.00152	0.00621	0.00428	0.00350	0.03659
4	0.01395	0.01232	0.02092	0.19081	0.44450	0.01274	0.09049	0.05997	0.01314	0.07176	0.01118	0.01417	0.00869	0.00519	0.00552	0.00169	0.00676	0.00506	0.00309	0.00804
5	0.01257	0.01141	0.01915	0.29526	0.44867	0.01230	0.01538	0.01578	0.01186	0.04585	0.01103	0.03808	0.00915	0.00562	0.00575	0.00173	0.02482	0.00520	0.00283	0.00758
6	0.01556	0.04705	0.33096	0.06724	0.08556	0.03456	0.06959	0.04831	0.01336	0.21584	0.01298	0.01387	0.00899	0.00558	0.00533	0.00169	0.00696	0.00469	0.00367	0.00820
7	0.01591	0.13386	0.17172	0.07812	0.01854	0.01358	0.03389	0.18791	0.05558	0.15272	0.04064	0.01631	0.04464	0.00640	0.00522	0.00164	0.00601	0.00510	0.00424	0.00798
8	0.01211	0.00700	0.00860	0.00766	0.00994	0.00644	0.00593	0.01531	0.08072	0.21231	0.29014	0.08074	0.21978	0.01071	0.00614	0.00178	0.00333	0.00916	0.00586	0.00633
9	0.00686	0.00493	0.00632	0.00740	0.00797	0.00457	0.00511	0.00800	0.01082	0.01437	0.03243	0.65072	0.11923	0.01622	0.00682	0.00215	0.00320	0.05386	0.03452	0.00450
10	0.01463	0.10527	0.10265	0.01703	0.21267	0.01275	0.03315	0.06539	0.15024	0.12584	0.01653	0.07239	0.03391	0.00682	0.00537	0.00169	0.00563	0.00586	0.00411	0.00806
11	0.05018	0.01233	0.01364	0.01178	0.01285	0.09827	0.00929	0.11643	0.01148	0.01601	0.01046	0.01723	0.01032	0.19369	0.01638	0.00281	0.38258	0.00530	0.00312	0.00584
12	0.00746	0.00541	0.00709	0.00741	0.00843	0.00504	0.00552	0.00948	0.01342	0.01841	0.41848	0.27248	0.08263	0.01355	0.00673	0.00197	0.00307	0.10299	0.00555	0.00489
13	0.12263	0.01295	0.05466	0.13093	0.05296	0.06543	0.09655	0.11462	0.02751	0.13083	0.01358	0.07856	0.01103	0.00681	0.00596	0.00177	0.04511	0.00565	0.01526	0.00721

[dist]
# distance from previous block
# <min> <max>
0	1

[block]
# block no. 10 follows, 44 sequences, length 29
# corresponding to MSA columns:
# 456-484
name=unknown_K
#
# <colnr> <probs for GDERKNQSTAVLIFYWHMCP>
#	G	D	E	R	K	N	Q	S	T	A	V	L	I	F	Y	W	H	M	C	P
0	0.08773	0.09764	0.03650	0.15868	0.01932	0.09355	0.04573	0.09005	0.11177	0.13734	0.05837	0.01567	0.01214	0.00620	0.00512	0.00165	0.00604	0.00497	0.00413	0.00737
1	0.00820	0.00605	0.00691	0.00685	0.00855	0.00550	0.00517	0.01070	0.06007	0.05649	0.16361	0.15491	0.42140	0.01313	0.00647	0.00190	0.00311	0.05045	0.00533	0.00519
2	0.00673	0.00513	0.00619	0.00677	0.00776	0.00459	0.00476	0.00807	0.01185	0.01536	0.14706	0.43499	0.29090	0.01509	0.00670	0.00201	0.00294	0.01330	0.00520	0.00459
3	0.04720	0.05994	0.05490	0.01462	0.01838	0.40008	0.13647	0.05903	0.07972	0.05196	0.01088	0.01216	0.00844	0.00566	0.00534	0.00157	0.01886	0.00439	0.00332	0.00708
4	0.01252	0.01196	0.02036	0.26646	0.54905	0.01270	0.01624	0.01587	0.01195	0.01662	0.01008	0.01381	0.00822	0.00504	0.00541	0.00168	0.00672	0.00485	0.00261	0.00785
5	0.22939	0.00786	0.00992	0.00955	0.01169	0.00811	0.07164	0.01248	0.01145	0.01837	0.02358	0.11446	0.08546	0.01122	0.00602	0.00209	0.00468	0.31410	0.04258	0.00536
6	0.00997	0.00601	0.00755	0.00742	0.00907	0.00543	0.00569	0.01185	0.01315	0.13171	0.20589	0.20123	0.20746	0.01257	0.00640	0.00192	0.00335	0.09855	0.04934	0.00547
7	0.01351	0.35326	0.24137	0.01160	0.01674	0.01549	0.03837	0.05113	0.03474	0.06517	0.05260	0.06006	0.01196	0.00620	0.00473	0.00152	0.00614	0.00484	0.00322	0.00736
8	0.01349	0.01295	0.02213	0.03346	0.77440	0.01295	0.01673	0.01673	0.01241	0.01781	0.01025	0.01349	0.00864	0.00486	0.00540	0.00162	0.00648	0.00486	0.00270	0.00864
9	0.25371	0.05665	0.03993	0.01580	0.09044	0.01425	0.21800	0.13776	0.05751	0.02216	0.01060	0.01247	0.00813	0.00543	0.00546	0.00172	0.03438	0.00471	0.00348	0.00740
10	0.00671	0.00485	0.00623	0.00731	0.00774	0.00450	0.00487	0.00763	0.01045	0.01378	0.03142	0.69159	0.09881	0.06626	0.00821	0.00237	0.00326	0.01468	0.00495	0.00437
11	0.00841	0.00565	0.00730	0.00767	0.00850	0.00559	0.00541	0.01008	0.03710	0.05534	0.06465	0.36408	0.06207	0.16860	0.12634	0.00369	0.00542	0.04477	0.00457	0.00476
12	0.43191	0.01102	0.01249	0.07868	0.05037	0.01224	0.05265	0.09267	0.01215	0.05731	0.05073	0.01280	0.00962	0.00580	0.00510	0.00169	0.04673	0.00421	0.00368	0.04815
13	0.00738	0.00516	0.00660	0.00721	0.00752	0.00515	0.00476	0.00815	0.00932	0.01254	0.02295	0.37249	0.02658	0.32738	0.11897	0.00429	0.00558	0.03979	0.00409	0.00407
14	0.13447	0.01283	0.08612	0.03486	0.01537	0.04767	0.00936	0.09589	0.08218	0.33580	0.03621	0.01580	0.01189	0.00628	0.00508	0.00164	0.00526	0.00488	0.00508	0.05333
15	0.00786	0.00555	0.00727	0.00727	0.00773	0.00600	0.00496	0.00878	0.00832	0.01155	0.01597	0.02897	0.01691	0.44728	0.38489	0.00692	0.00967	0.00695	0.00312	0.00404
16	0.01210	0.00684	0.00872	0.00767	0.00947	0.00650	0.00573	0.05251	0.01407	0.18467	0.36935	0.03242	0.03233	0.18308	0.04808	0.00281	0.00436	0.00804	0.00541	0.00585
17	0.01258	0.01386	0.02743	0.02033	0.02415	0.01468	0.52727	0.01613	0.01148	0.01613	0.00984	0.01386	0.00793	0.00611	0.00994	0.00201	0.25077	0.00592	0.00264	0.00693
18	0.01676	0.15293	0.12302	0.05997	0.01958	0.01559	0.10201	0.30268	0.05067	0.08605	0.01234	0.01318	0.00900	0.00579	0.00521	0.00162	0.00652	0.00473	0.00409	0.00826
19	0.00667	0.00488	0.00628	0.00731	0.00785	0.00448	0.00496	0.00775	0.01091	0.01439	0.06849	0.67922	0.12396	0.01641	0.00687	0.00215	0.00309	0.01476	0.00511	0.00448
20	0.00876	0.00552	0.00704	0.00754	0.00849	0.00515	0.00541	0.01002	0.01120	0.08050	0.05319	0.41039	0.10751	0.12394	0.00959	0.00254	0.00374	0.10365	0.03099	0.00483
21	0.01357	0.00676	0.00938	0.07613	0.01193	0.00662	0.00663	0.03409	0.01119	0.22584	0.01711	0.14274	0.01532	0.04068	0.01170	0.28455	0.00456	0.00680	0.06903	0.00537
22	0.01297	0.08648	0.58276	0.01474	0.02190	0.01322	0.05140	0.05474	0.01260	0.08369	0.01085	0.01213	0.00766	0.00532	0.00515	0.00168	0.00754	0.00422	0.00287	0.00811
23	0.00770	0.00571	0.00838	0.00849	0.00935	0.00652	0.00645	0.00944	0.00886	0.01264	0.01609	0.09013	0.01594	0.08452	0.67405	0.00799	0.01306	0.00680	0.00313	0.00474
24	0.00931	0.00716	0.00855	0.00853	0.01010	0.00743	0.00656	0.01483	0.20967	0.01910	0.24682	0.15223	0.06232	0.04581	0.00732	0.00212	0.00369	0.14451	0.02811	0.00583
25	0.01457	0.03998	0.12346	0.01144	0.01527	0.03067	0.04442	0.18931	0.18222	0.06694	0.01699	0.05728	0.01367	0.00726	0.00533	0.00170	0.00538	0.03918	0.12723	0.00767
26	0.01352	0.01522	0.12150	0.07960	0.01664	0.16186	0.01086	0.08829	0.01428	0.05296	0.19464	0.02046	0.04529	0.00792	0.00754	0.00177	0.13122	0.00593	0.00392	0.00657
27	0.01795	0.00756	0.00983	0.00814	0.01107	0.00675	0.00649	0.02015	0.01430	0.46029	0.11630	0.06860	0.01976	0.00783	0.00530	0.00162	0.00380	0.00654	0.20022	0.00749
28	0.12747	0.16110	0.19053	0.01152	0.01654	0.04231	0.01140	0.21508	0.05019	0.06743	0.01119	0.01184	0.00832	0.00559	0.00468	0.00154	0.00608	0.00405	0.00377	0.04938

[dist]
# distance from previous block
# <min> <max>
5	52

[block]
# block no. 11 follows, 44 sequences, length 80
# corresponding to MSA columns:
# 538-575,577-618
name=unknown_L
#
# <colnr> <probs for GDERKNQSTAVLIFYWHMCP>
#	G	D	E	R	K	N	Q	S	T	A	V	L	I	F	Y	W	H	M	C	P
0	0.04566	0.00753	0.00913	0.00791	0.01028	0.00718	0.00619	0.07384	0.03794	0.19166	0.38302	0.04275	0.11457	0.00969	0.00594	0.00171	0.00345	0.00824	0.02685	0.00646
1	0.05118	0.05683	0.01358	0.00959	0.01397	0.01103	0.00788	0.20755	0.04056	0.14266	0.02486	0.02335	0.01040	0.00558	0.00470	0.00128	0.00472	0.00434	0.00446	0.36148
2	0.01739	0.01681	0.01464	0.01267	0.01558	0.29880	0.03667	0.13757	0.14975	0.08516	0.01492	0.06928	0.01250	0.00751	0.00634	0.00172	0.06144	0.02968	0.00425	0.00730
3	0.00836	0.00562	0.00703	0.00687	0.00817	0.00510	0.00500	0.01020	0.01341	0.06676	0.39740	0.18797	0.17626	0.06738	0.00794	0.00208	0.00304	0.01083	0.00551	0.00505
4	0.01409	0.00819	0.01209	0.29036	0.02047	0.00851	0.00958	0.01674	0.01327	0.26621	0.14875	0.07621	0.04810	0.00801	0.00572	0.00177	0.00498	0.00691	0.03330	0.00676
5	0.01422	0.73478	0.10234	0.00994	0.01494	0.02070	0.01039	0.01642	0.01112	0.01326	0.00780	0.00902	0.00699	0.00471	0.00366	0.00122	0.00605	0.00302	0.00233	0.00710
6	0.05026	0.01110	0.01321	0.01087	0.01369	0.06535	0.00884	0.08909	0.01394	0.37429	0.01562	0.01654	0.01131	0.03209	0.09308	0.00266	0.16039	0.00516	0.00487	0.00766
7	0.01886	0.01212	0.01384	0.01113	0.01479	0.01294	0.00902	0.40676	0.10141	0.19695	0.01724	0.07002	0.01318	0.00995	0.06355	0.00224	0.00595	0.00597	0.00554	0.00854
8	0.05606	0.00573	0.00694	0.00727	0.00853	0.00534	0.00528	0.00999	0.01199	0.06863	0.14906	0.40373	0.18578	0.01401	0.00649	0.00200	0.00322	0.03972	0.00523	0.00502
