[name]
unknown

[dist]
# distance from previous block
# <min> <max>
5	74

[block]
# block no. 0 follows, 42 sequences, length 8
# corresponding to MSA columns:
# 90-97
name=unknown_A
#
# <colnr> <probs for GDERKNQSTAVLIFYWHMCP>
#	G	D	E	R	K	N	Q	S	T	A	V	L	I	F	Y	W	H	M	C	P
0	0.22977	0.03151	0.06359	0.10816	0.02054	0.07242	0.16124	0.05026	0.11852	0.07310	0.01241	0.01390	0.00921	0.00575	0.00519	0.00178	0.00664	0.00487	0.00375	0.00740
1	0.49742	0.01233	0.01152	0.00945	0.01334	0.01376	0.00779	0.25388	0.01566	0.10125	0.01107	0.01153	0.00798	0.00589	0.00439	0.00172	0.00499	0.00395	0.00452	0.00756
2	0.01892	0.02264	0.01602	0.04815	0.01779	0.55776	0.01116	0.05292	0.06048	0.01531	0.00965	0.01148	0.00799	0.00652	0.00706	0.00165	0.12055	0.00410	0.00311	0.00674
3	0.00789	0.00609	0.00743	0.00719	0.00886	0.00528	0.00526	0.00976	0.01315	0.01799	0.29090	0.26345	0.19291	0.01285	0.00645	0.00182	0.00309	0.01128	0.00530	0.12304
4	0.00821	0.00684	0.05078	0.00759	0.00913	0.00548	0.00598	0.01028	0.01305	0.03840	0.27001	0.31335	0.15078	0.01329	0.00653	0.00194	0.00329	0.01170	0.06812	0.00524
5	0.01001	0.00711	0.00861	0.00805	0.00901	0.00767	0.00562	0.11391	0.01106	0.01510	0.01627	0.02874	0.01684	0.44267	0.26911	0.00609	0.00868	0.00704	0.00360	0.00481
6	0.01346	0.10521	0.01355	0.01007	0.01323	0.01290	0.00811	0.07321	0.41605	0.04980	0.09343	0.02563	0.12484	0.00851	0.00568	0.00179	0.00438	0.00698	0.00534	0.00786
7	0.04314	0.03729	0.01534	0.03521	0.06183	0.03997	0.00969	0.31657	0.01771	0.02499	0.01142	0.01279	0.00885	0.00584	0.00570	0.00144	0.05067	0.00434	0.03123	0.26597

[dist]
# distance from previous block
# <min> <max>
2	16

[block]
# block no. 1 follows, 42 sequences, length 17
# corresponding to MSA columns:
# 116-132
name=unknown_B
#
# <colnr> <probs for GDERKNQSTAVLIFYWHMCP>
#	G	D	E	R	K	N	Q	S	T	A	V	L	I	F	Y	W	H	M	C	P
0	0.01448	0.01057	0.01222	0.04343	0.01410	0.01133	0.00840	0.30957	0.08468	0.04550	0.25495	0.07460	0.02678	0.00929	0.00609	0.00180	0.00463	0.03353	0.02659	0.00744
1	0.00725	0.00526	0.00684	0.00742	0.00822	0.00485	0.00520	0.00887	0.01280	0.01743	0.30205	0.47346	0.08910	0.01517	0.00695	0.00207	0.00301	0.01360	0.00558	0.00485
2	0.01003	0.00587	0.00742	0.00762	0.00880	0.00533	0.00531	0.01113	0.01157	0.13792	0.03150	0.44783	0.13952	0.13073	0.01001	0.00260	0.00377	0.01254	0.00524	0.00525
3	0.01892	0.01392	0.01495	0.01177	0.01548	0.01534	0.00943	0.59699	0.05410	0.03094	0.01460	0.01764	0.01167	0.13708	0.00940	0.00232	0.00600	0.00563	0.00527	0.00853
4	0.04456	0.00931	0.01115	0.00863	0.01258	0.00796	0.00692	0.06256	0.01440	0.20732	0.13974	0.02128	0.06604	0.00692	0.00517	0.00137	0.00412	0.00568	0.00498	0.35929
5	0.00871	0.00650	0.00768	0.00719	0.00864	0.00626	0.00526	0.04442	0.05518	0.01998	0.44045	0.04090	0.17127	0.14108	0.01015	0.00240	0.00341	0.00971	0.00551	0.00529
6	0.50858	0.01071	0.00996	0.00855	0.01170	0.01197	0.00686	0.14825	0.01265	0.06878	0.01003	0.01183	0.00779	0.00795	0.00703	0.13842	0.00480	0.00387	0.00391	0.00633
7	0.01930	0.02329	0.01419	0.01298	0.01562	0.65279	0.00974	0.02094	0.01527	0.01495	0.01028	0.01192	0.00842	0.00592	0.00489	0.00143	0.00892	0.00389	0.13894	0.00631
8	0.01118	0.01034	0.01620	0.66139	0.03481	0.01275	0.01453	0.01692	0.13339	0.01588	0.01212	0.01599	0.00909	0.00596	0.00564	0.00188	0.00700	0.00522	0.00303	0.00669
9	0.00825	0.00727	0.01092	0.00919	0.01149	0.00652	0.12628	0.01071	0.01412	0.01856	0.32772	0.04301	0.36097	0.01161	0.00664	0.00185	0.00386	0.01035	0.00522	0.00544
10	0.04942	0.01142	0.01618	0.04114	0.01741	0.01212	0.16372	0.09856	0.27783	0.05347	0.02000	0.17812	0.01770	0.00878	0.00610	0.00194	0.00557	0.00804	0.00485	0.00762
11	0.00962	0.00854	0.03621	0.01130	0.04190	0.02687	0.10192	0.01182	0.01243	0.02763	0.19327	0.20509	0.05555	0.04791	0.05556	0.03753	0.02403	0.04735	0.03993	0.00553
12	0.00757	0.00548	0.00636	0.00648	0.00723	0.00512	0.00426	0.00856	0.01115	0.01467	0.17015	0.16128	0.20550	0.34330	0.01592	0.00342	0.00397	0.01066	0.00465	0.00427
13	0.01551	0.74516	0.02844	0.01001	0.01467	0.08105	0.00973	0.01729	0.01179	0.01328	0.00789	0.00911	0.00722	0.00489	0.00372	0.00122	0.00634	0.00306	0.00245	0.00717
14	0.00692	0.00495	0.00659	0.00779	0.00818	0.00462	0.00523	0.00801	0.01109	0.01487	0.07568	0.75246	0.03819	0.01726	0.00715	0.00225	0.00323	0.01564	0.00528	0.00462
15	0.00927	0.00876	0.04429	0.13052	0.08723	0.00819	0.03231	0.01285	0.06383	0.01817	0.23971	0.12351	0.17812	0.01052	0.00633	0.00188	0.00448	0.00929	0.00469	0.00605
16	0.01717	0.01981	0.03306	0.12822	0.03289	0.39866	0.03173	0.04901	0.17759	0.01708	0.01228	0.01366	0.00961	0.00627	0.00575	0.00167	0.03013	0.00463	0.00353	0.00722

[dist]
# distance from previous block
# <min> <max>
0	9

[block]
# block no. 2 follows, 42 sequences, length 76
# corresponding to MSA columns:
# 152-198,201-229
name=unknown_C
#
# <colnr> <probs for GDERKNQSTAVLIFYWHMCP>
#	G	D	E	R	K	N	Q	S	T	A	V	L	I	F	Y	W	H	M	C	P
0	0.00897	0.00571	0.00673	0.00665	0.00720	0.00555	0.00427	0.00974	0.01017	0.04675	0.11758	0.06244	0.04747	0.53864	0.02121	0.00427	0.00477	0.04529	0.04242	0.00418
1	0.01129	0.02827	0.73718	0.01611	0.02422	0.01296	0.04207	0.01770	0.01200	0.01791	0.02384	0.01253	0.00801	0.00544	0.00541	0.00179	0.00825	0.00434	0.00246	0.00824
2	0.09597	0.01190	0.01345	0.01068	0.01473	0.04481	0.00870	0.19979	0.05120	0.43408	0.01856	0.04317	0.01283	0.00710	0.00549	0.00174	0.00526	0.00558	0.00604	0.00893
3	0.01063	0.01000	0.01688	0.78870	0.03876	0.01250	0.01563	0.01438	0.01125	0.01438	0.01000	0.01500	0.00750	0.00563	0.00563	0.00188	0.00750	0.00500	0.00250	0.00625
4	0.01718	0.01447	0.01886	0.08196	0.31936	0.05085	0.01355	0.29872	0.06539	0.04518	0.01267	0.01426	0.00964	0.00599	0.00559	0.00170	0.00653	0.00507	0.00416	0.00886
5	0.01916	0.23049	0.04423	0.01319	0.01685	0.51728	0.01086	0.05782	0.01517	0.01487	0.00876	0.01008	0.00736	0.00558	0.00473	0.00141	0.00880	0.00355	0.00289	0.00692
6	0.00718	0.00572	0.00643	0.00626	0.00793	0.00498	0.00469	0.00910	0.01407	0.01816	0.34120	0.04929	0.47879	0.01315	0.00665	0.00185	0.00277	0.01119	0.00562	0.00498
7	0.01268	0.13419	0.20465	0.22816	0.09181	0.01417	0.04532	0.05942	0.03285	0.02937	0.03316	0.01477	0.00980	0.02578	0.01838	0.00193	0.02831	0.00486	0.00298	0.00740
8	0.01325	0.01009	0.01380	0.28073	0.02187	0.02112	0.03498	0.11374	0.07433	0.07127	0.01581	0.09571	0.01322	0.00759	0.00619	0.00181	0.04569	0.00635	0.14559	0.00684
9	0.00782	0.00605	0.00730	0.00788	0.00926	0.00569	0.00612	0.01028	0.05047	0.01636	0.08814	0.23635	0.30120	0.01491	0.00704	0.00218	0.00366	0.20891	0.00530	0.00507
10	0.02221	0.00958	0.01225	0.00970	0.01358	0.00888	0.00791	0.06259	0.08238	0.57357	0.02134	0.01926	0.01406	0.00696	0.00545	0.00170	0.00456	0.00564	0.10939	0.00898
11	0.00823	0.00596	0.00777	0.00800	0.00904	0.00573	0.00585	0.00990	0.01258	0.03918	0.23839	0.40045	0.09780	0.01437	0.00744	0.00207	0.04340	0.04632	0.00535	0.03217
12	0.01998	0.01558	0.01606	0.01274	0.01692	0.05201	0.01037	0.57906	0.16400	0.03221	0.01506	0.01477	0.01090	0.00688	0.00562	0.00172	0.00605	0.00524	0.00552	0.00930
13	0.01371	0.01260	0.01505	0.03744	0.01549	0.05394	0.01009	0.11945	0.01271	0.01836	0.00968	0.02483	0.00850	0.00726	0.01048	0.00173	0.33338	0.00452	0.00328	0.28750
14	0.01546	0.66107	0.02669	0.01023	0.01472	0.08706	0.00967	0.01861	0.08424	0.01429	0.00936	0.01029	0.00819	0.00517	0.00394	0.00129	0.00622	0.00339	0.00277	0.00733
15	0.21472	0.25250	0.01849	0.01070	0.01493	0.07353	0.00926	0.28972	0.01699	0.03663	0.01024	0.01097	0.00794	0.00574	0.00447	0.00154	0.00597	0.00387	0.00397	0.00781
16	0.01224	0.00973	0.01475	0.50376	0.03948	0.01116	0.01260	0.04187	0.04700	0.08233	0.04452	0.01860	0.04644	0.00648	0.00557	0.00177	0.00626	0.00558	0.04090	0.04896
17	0.00693	0.00499	0.00650	0.00763	0.00806	0.00464	0.00510	0.00795	0.01095	0.01454	0.05555	0.70377	0.07665	0.04805	0.00798	0.00237	0.00331	0.01528	0.00518	0.00456
18	0.00700	0.00500	0.00669	0.00800	0.00839	0.00469	0.00547	0.00808	0.01091	0.01453	0.03094	0.75124	0.03691	0.01750	0.00722	0.00231	0.00339	0.06190	0.00522	0.00461
19	0.00726	0.00535	0.00653	0.00708	0.00811	0.00486	0.00506	0.00882	0.01246	0.01658	0.18045	0.38726	0.23714	0.01494	0.00681	0.00205	0.00307	0.03864	0.04272	0.00482
20	0.01694	0.00823	0.01061	0.00884	0.01187	0.00755	0.00704	0.02053	0.08602	0.39009	0.28043	0.02963	0.07949	0.00910	0.00607	0.00178	0.00389	0.00771	0.00646	0.00771
21	0.00773	0.00572	0.00721	0.00689	0.00828	0.00520	0.00515	0.01014	0.01528	0.02116	0.63117	0.06857	0.16237	0.01213	0.00666	0.00181	0.00271	0.01063	0.00601	0.00520
22	0.01505	0.80561	0.02949	0.00963	0.01444	0.02227	0.00963	0.01685	0.01143	0.01324	0.00782	0.00903	0.00722	0.00481	0.00361	0.00120	0.00602	0.00301	0.00241	0.00722
23	0.01129	0.01620	0.27792	0.01248	0.04876	0.03175	0.01215	0.06489	0.09334	0.02144	0.31749	0.02522	0.02708	0.00818	0.00593	0.00177	0.00545	0.00692	0.00453	0.00722
24	0.01459	0.35275	0.18794	0.01465	0.06169	0.08316	0.09345	0.04044	0.07088	0.01656	0.01029	0.01177	0.00829	0.00530	0.00478	0.00152	0.00717	0.00415	0.00287	0.00774
25	0.52066	0.04686	0.01167	0.00986	0.01308	0.24659	0.00785	0.01814	0.01156	0.02072	0.00826	0.00982	0.00671	0.00637	0.02272	0.00182	0.02452	0.00334	0.00323	0.00625
26	0.01073	0.01007	0.01564	0.40128	0.02597	0.01311	0.01306	0.01336	0.01001	0.01388	0.01002	0.01535	0.00860	0.01332	0.14339	0.00330	0.26517	0.00515	0.00258	0.00601
27	0.09302	0.00885	0.01035	0.00864	0.01169	0.00867	0.00691	0.11561	0.01532	0.32002	0.04864	0.08512	0.01629	0.00776	0.00518	0.00167	0.00417	0.00629	0.21825	0.00756
28	0.00917	0.00668	0.00856	0.00923	0.01040	0.00671	0.00713	0.07307	0.04238	0.01774	0.06332	0.41821	0.03320	0.01532	0.00717	0.00230	0.00418	0.25453	0.00531	0.00541
29	0.00878	0.00551	0.00716	0.00776	0.00872	0.00507	0.00549	0.01019	0.01201	0.08148	0.10426	0.54569	0.08742	0.01529	0.00683	0.00212	0.00334	0.03498	0.04277	0.00514
30	0.00748	0.00570	0.00687	0.00665	0.00813	0.00509	0.00496	0.00966	0.01469	0.01978	0.49817	0.07580	0.29122	0.01267	0.00666	0.00183	0.00274	0.01098	0.00583	0.00509
31	0.02017	0.02415	0.01599	0.01431	0.01695	0.64238	0.01093	0.03306	0.01524	0.04727	0.00921	0.01086	0.00760	0.00635	0.00672	0.00159	0.10361	0.00389	0.00307	0.00666
32	0.00811	0.00596	0.00730	0.00776	0.00852	0.00597	0.00534	0.01056	0.08230	0.01519	0.09116	0.36589	0.06484	0.21206	0.04839	0.00330	0.00449	0.04323	0.00480	0.00482
33	0.01404	0.01240	0.04706	0.10759	0.22664	0.03449	0.05788	0.04961	0.01344	0.10366	0.07639	0.01835	0.04760	0.00679	0.00696	0.00174	0.08607	0.00571	0.00376	0.07982
34	0.01144	0.01059	0.01750	0.57753	0.17645	0.01243	0.01525	0.03964	0.01205	0.01587	0.01130	0.05466	0.00936	0.00616	0.00570	0.00185	0.00708	0.00557	0.00280	0.00679
35	0.50371	0.01168	0.01186	0.19721	0.05386	0.05165	0.00938	0.03727	0.01121	0.05359	0.00930	0.01137	0.00705	0.00546	0.00433	0.00175	0.00559	0.00381	0.00339	0.00653
36	0.00965	0.00691	0.00850	0.00825	0.03507	0.00649	0.00599	0.04424	0.04508	0.06450	0.44387	0.04090	0.23620	0.01139	0.00647	0.00180	0.00320	0.00982	0.00582	0.00586
37	0.00849	0.00584	0.00740	0.00695	0.00842	0.00534	0.00523	0.01101	0.01544	0.04410	0.63876	0.04140	0.11569	0.01137	0.00647	0.00176	0.00273	0.00995	0.04827	0.00538
38	0.00686	0.00490	0.00653	0.00784	0.00816	0.00457	0.00522	0.00784	0.01077	0.01437	0.03102	0.79855	0.03722	0.01763	0.00718	0.00229	0.00326	0.01600	0.00522	0.00457
39	0.01095	0.01018	0.01426	0.01269	0.01317	0.01364	0.01037	0.01312	0.04334	0.01384	0.01070	0.01602	0.01009	0.02067	0.27488	0.00466	0.49334	0.00536	0.00280	0.00590
40	0.01063	0.01000	0.01688	0.78870	0.03876	0.01250	0.01563	0.01438	0.01125	0.01438	0.01000	0.01500	0.00750	0.00563	0.00563	0.00188	0.00750	0.00500	0.00250	0.00625
41	0.00798	0.00546	0.00644	0.00676	0.00701	0.00537	0.00423	0.00842	0.00922	0.01217	0.02264	0.16288	0.05682	0.57295	0.02241	0.00454	0.00496	0.07199	0.00394	0.00381
42	0.01668	0.01687	0.01733	0.09510	0.10937	0.26588	0.03064	0.03573	0.03393	0.08521	0.01051	0.01304	0.00850	0.00698	0.00908	0.00186	0.22825	0.00467	0.00324	0.00713
43	0.00804	0.00542	0.00629	0.00651	0.00659	0.00537	0.00384	0.00826	0.00869	0.01157	0.01990	0.13870	0.02309	0.67139	0.02509	0.00494	0.00516	0.03382	0.00371	0.00362
44	0.09018	0.01323	0.02202	0.03150	0.66060	0.01335	0.05267	0.01724	0.01254	0.01900	0.01037	0.01355	0.00864	0.00502	0.00543	0.00169	0.00661	0.00491	0.00285	0.00859
45	0.08116	0.01283	0.01895	0.13258	0.21462	0.05177	0.11218	0.07404	0.01397	0.13124	0.04508	0.01556	0.01099	0.00612	0.00637	0.00179	0.05380	0.00533	0.00378	0.00783
46	0.01284	0.01128	0.01637	0.20209	0.15685	0.01083	0.04591	0.06961	0.01302	0.03039	0.01062	0.01330	0.00843	0.00493	0.00502	0.00136	0.00584	0.00436	0.00324	0.37371
47	0.00830	0.00589	0.00745	0.00693	0.00844	0.00538	0.00522	0.01090	0.01529	0.02201	0.64465	0.03931	0.07105	0.01085	0.00630	0.00169	0.00272	0.00951	0.07636	0.04172
48	0.06284	0.00999	0.01575	0.48461	0.04637	0.01203	0.03941	0.01482	0.02397	0.04938	0.01222	0.07158	0.01038	0.00859	0.04258	0.00227	0.07798	0.00583	0.00305	0.00636
49	0.01942	0.23656	0.01898	0.03851	0.01593	0.01342	0.04947	0.06369	0.02670	0.36907	0.05909	0.01675	0.01339	0.00652	0.00553	0.00162	0.02683	0.00515	0.00502	0.00833
50	0.01013	0.00606	0.00753	0.00759	0.00919	0.00547	0.00572	0.01184	0.01286	0.12885	0.10139	0.29006	0.22315	0.01358	0.00658	0.00202	0.00347	0.08199	0.06698	0.00554
51	0.01582	0.01297	0.01666	0.11698	0.18556	0.08997	0.05444	0.12272	0.06170	0.11847	0.03905	0.03793	0.05647	0.00694	0.00569	0.00173	0.00626	0.00598	0.03682	0.00783
52	0.00818	0.00546	0.00614	0.00614	0.00614	0.00546	0.00341	0.00818	0.00818	0.01091	0.01773	0.03683	0.02046	0.80222	0.02864	0.00546	0.00546	0.00818	0.00341	0.00341
53	0.02139	0.01576	0.01689	0.01295	0.01745	0.01745	0.01070	0.74835	0.02646	0.03547	0.01351	0.01351	0.00957	0.00676	0.00563	0.00169	0.00619	0.00507	0.00563	0.00957
54	0.01171	0.01015	0.01202	0.00874	0.01343	0.00812	0.00702	0.01413	0.01148	0.01804	0.00984	0.01171	0.00828	0.00453	0.00507	0.00094	0.05392	0.00343	0.00328	0.78418
55	0.01579	0.45371	0.02214	0.01083	0.02761	0.16666	0.00936	0.04056	0.08590	0.01593	0.01081	0.01191	0.00907	0.00553	0.00423	0.00135	0.00632	0.00379	0.09135	0.00714
56	0.26639	0.42227	0.02062	0.00980	0.01391	0.13727	0.00878	0.03751	0.01198	0.01756	0.00812	0.00936	0.00695	0.00514	0.00386	0.00142	0.00616	0.00317	0.00290	0.00684
57	0.09815	0.01325	0.06622	0.17552	0.20051	0.03181	0.05948	0.10343	0.03799	0.08406	0.01280	0.03778	0.00999	0.00607	0.00542	0.00176	0.00643	0.00527	0.03629	0.00777
58	0.00945	0.00702	0.01008	0.01037	0.04536	0.00801	0.00750	0.01110	0.00958	0.04353	0.01623	0.05999	0.01612	0.16002	0.44001	0.00654	0.08978	0.04072	0.00337	0.00522
59	0.00719	0.00543	0.00623	0.00664	0.00760	0.00493	0.00456	0.00825	0.01133	0.01439	0.07295	0.27494	0.32496	0.18985	0.01172	0.00282	0.00361	0.03329	0.00487	0.00444
60	0.02501	0.00996	0.01329	0.01019	0.01455	0.00883	0.00842	0.07150	0.01674	0.72605	0.02167	0.01881	0.01366	0.00695	0.00566	0.00174	0.00487	0.00562	0.00688	0.00958
61	0.00910	0.00599	0.00784	0.00724	0.00873	0.00551	0.00545	0.01165	0.01571	0.07128	0.69360	0.04038	0.04957	0.03443	0.00722	0.00188	0.00288	0.00982	0.00616	0.00553
62	0.07909	0.01208	0.01356	0.01105	0.01498	0.01285	0.00894	0.20757	0.27352	0.27613	0.01924	0.01766	0.01340	0.00702	0.00552	0.00179	0.00499	0.00557	0.00595	0.00909
63	0.01088	0.00923	0.01182	0.01052	0.01178	0.01105	0.00837	0.02619	0.12518	0.03564	0.24769	0.03976	0.08880	0.03009	0.03274	0.00234	0.27948	0.00765	0.00457	0.00620
64	0.73260	0.01121	0.01020	0.01099	0.11077	0.01272	0.00757	0.01664	0.01000	0.02434	0.00820	0.00977	0.00647	0.00520	0.00376	0.00173	0.00466	0.00331	0.00339	0.00647
65	0.01573	0.01598	0.01764	0.24451	0.20412	0.21450	0.01357	0.09177	0.08287	0.02863	0.01150	0.01393	0.00896	0.00584	0.00548	0.00170	0.00755	0.00478	0.00334	0.00758
66	0.05015	0.01246	0.01964	0.02205	0.29420	0.01425	0.09227	0.01630	0.06221	0.01708	0.01159	0.06373	0.01059	0.00765	0.01015	0.00203	0.27731	0.00586	0.00307	0.00742
67	0.00831	0.00578	0.00734	0.00709	0.00849	0.00525	0.00526	0.01054	0.01479	0.05029	0.53140	0.14334	0.15591	0.01255	0.00667	0.00186	0.00285	0.01102	0.00595	0.00530
68	0.01274	0.01611	0.11220	0.04680	0.02822	0.01365	0.61056	0.01755	0.01318	0.01809	0.04510	0.01602	0.01036	0.00514	0.00647	0.00188	0.00899	0.00648	0.00293	0.00752
69	0.00750	0.00548	0.00705	0.00719	0.00826	0.00503	0.00519	0.00953	0.01405	0.01936	0.47301	0.27786	0.11225	0.01365	0.00681	0.00194	0.00286	0.01214	0.00581	0.00503
70	0.00978	0.00489	0.00733	0.00733	0.00733	0.00489	0.00489	0.00733	0.00733	0.00978	0.00978	0.01711	0.00978	0.01955	0.02199	0.83627	0.00489	0.00489	0.00244	0.00244
71	0.01068	0.00878	0.01321	0.24815	0.11833	0.00998	0.01065	0.01305	0.01134	0.04134	0.04695	0.13983	0.05881	0.06384	0.00898	0.00217	0.10211	0.00753	0.07822	0.00604
72	0.01909	0.01146	0.01328	0.01097	0.01480	0.01197	0.00879	0.10731	0.36841	0.31344	0.02122	0.01919	0.01483	0.00718	0.00564	0.00179	0.00477	0.00586	0.00612	0.03389
73	0.01150	0.00982	0.01149	0.00832	0.01315	0.00740	0.00662	0.01394	0.01164	0.01820	0.01075	0.03967	0.00936	0.00465	0.00427	0.00089	0.00414	0.00378	0.00340	0.80702
74	0.42372	0.01333	0.01156	0.01008	0.02632	0.11659	0.00798	0.11243	0.01384	0.13481	0.01173	0.01345	0.00894	0.00607	0.00452	0.00168	0.00550	0.02966	0.00424	0.04353
75	0.03909	0.00774	0.01157	0.12589	0.01553	0.00807	0.05958	0.01287	0.01188	0.11050	0.06945	0.35775	0.05520	0.01274	0.02516	0.00223	0.05369	0.01051	0.00465	0.00588

[dist]
# distance from previous block
# <min> <max>
0	2

[block]
# block no. 3 follows, 42 sequences, length 49
# corresponding to MSA columns:
# 232-280
name=unknown_D
#
# <colnr> <probs for GDERKNQSTAVLIFYWHMCP>
#	G	D	E	R	K	N	Q	S	T	A	V	L	I	F	Y	W	H	M	C	P
0	0.01087	0.01016	0.01703	0.43891	0.15750	0.01154	0.05573	0.01427	0.01234	0.01658	0.13158	0.02022	0.03791	0.00682	0.00632	0.00185	0.03442	0.00613	0.00324	0.00659
1	0.01142	0.01087	0.01806	0.57137	0.17607	0.01311	0.01563	0.01485	0.01130	0.01507	0.00987	0.01454	0.00776	0.00591	0.00682	0.00189	0.08115	0.00500	0.00255	0.00675
2	0.01193	0.09993	0.59430	0.01657	0.02417	0.01410	0.12667	0.01776	0.01205	0.01742	0.01008	0.01210	0.00735	0.00521	0.00537	0.00174	0.00827	0.00442	0.00245	0.00811
3	0.00791	0.00542	0.00633	0.00650	0.00673	0.00533	0.00392	0.00831	0.00919	0.01228	0.06093	0.14922	0.05488	0.59133	0.04463	0.00475	0.00515	0.00953	0.00389	0.00378
4	0.02420	0.01022	0.01339	0.01038	0.01465	0.00933	0.00860	0.11484	0.01726	0.65447	0.02141	0.02004	0.01405	0.00724	0.00573	0.00177	0.00497	0.03129	0.00674	0.00942
5	0.01167	0.01000	0.01167	0.00834	0.01334	0.00750	0.00667	0.01417	0.01167	0.01834	0.01000	0.01167	0.00834	0.00417	0.00417	0.00083	0.00417	0.00333	0.00333	0.83663
6	0.00781	0.00535	0.00649	0.00701	0.00722	0.00524	0.00443	0.00833	0.00939	0.01249	0.02300	0.28890	0.02686	0.48567	0.02003	0.00420	0.00472	0.06480	0.00414	0.00392
7	0.01180	0.00784	0.00940	0.00825	0.01052	0.00766	0.00641	0.09603	0.07883	0.11039	0.43455	0.03609	0.13857	0.01050	0.00634	0.00179	0.00348	0.00899	0.00605	0.00651
8	0.00838	0.00686	0.00990	0.05102	0.08326	0.00733	0.00776	0.00976	0.01074	0.01465	0.02516	0.58935	0.02942	0.01488	0.00830	0.00223	0.09817	0.01306	0.00452	0.00526
9	0.01070	0.01005	0.01403	0.01259	0.01280	0.01337	0.01017	0.01203	0.00945	0.01414	0.05274	0.16225	0.01598	0.01410	0.07924	0.00294	0.53713	0.00737	0.00323	0.00572
10	0.01158	0.00996	0.01650	0.67370	0.07487	0.01202	0.01483	0.01518	0.01162	0.05548	0.01104	0.01542	0.00821	0.00570	0.00555	0.00183	0.00711	0.00505	0.03780	0.00653
11	0.04795	0.01223	0.01404	0.05350	0.09870	0.01394	0.01013	0.05748	0.57566	0.02308	0.01988	0.01911	0.01500	0.00711	0.00561	0.00186	0.00492	0.00595	0.00514	0.00869
12	0.00794	0.00586	0.00850	0.00862	0.00946	0.00663	0.00648	0.00964	0.00912	0.01296	0.01687	0.09772	0.01695	0.11938	0.62760	0.00802	0.01294	0.00721	0.00327	0.00481
13	0.34132	0.01178	0.01121	0.00991	0.01331	0.01355	0.00789	0.06606	0.40611	0.03881	0.01640	0.01585	0.01231	0.00662	0.00483	0.00183	0.00452	0.00497	0.00486	0.00785
14	0.84197	0.01088	0.00827	0.00740	0.01088	0.01262	0.00609	0.01654	0.00958	0.02525	0.00784	0.00914	0.00609	0.00522	0.00348	0.00174	0.00435	0.00305	0.00348	0.00609
15	0.01225	0.01071	0.01603	0.01339	0.01483	0.01272	0.10812	0.05252	0.01103	0.05602	0.01428	0.15489	0.01455	0.08385	0.01402	0.00250	0.36584	0.00742	0.00353	0.03149
16	0.03956	0.01095	0.01376	0.01168	0.01409	0.01263	0.03905	0.16058	0.16335	0.07250	0.03588	0.01898	0.01360	0.05731	0.17292	0.00364	0.14204	0.00586	0.00436	0.00726
17	0.20441	0.30834	0.02002	0.12458	0.01822	0.03726	0.05596	0.01835	0.01198	0.13803	0.01070	0.01197	0.00817	0.00540	0.00444	0.00156	0.00599	0.00398	0.00344	0.00720
18	0.01539	0.62253	0.06814	0.01125	0.01624	0.03080	0.07017	0.01801	0.02806	0.06063	0.00946	0.01058	0.00795	0.00504	0.00414	0.00134	0.00637	0.00361	0.00280	0.00748
19	0.00937	0.00660	0.00811	0.00754	0.00928	0.00629	0.00572	0.01317	0.09291	0.06404	0.52826	0.06320	0.14100	0.01139	0.00650	0.00182	0.00301	0.00992	0.00603	0.00583
20	0.01093	0.00882	0.00998	0.00936	0.01151	0.00950	0.00714	0.04490	0.34467	0.02178	0.24998	0.14207	0.06560	0.01074	0.00631	0.00193	0.00374	0.02836	0.00575	0.00692
21	0.01560	0.05318	0.01291	0.00996	0.01276	0.01276	0.00813	0.28742	0.09068	0.04105	0.01547	0.01671	0.01183	0.00697	0.00616	0.00162	0.08065	0.00515	0.30351	0.00749
22	0.00786	0.00556	0.00680	0.00708	0.00831	0.00497	0.00508	0.00944	0.01293	0.04912	0.22134	0.34495	0.26670	0.01460	0.00682	0.00201	0.00305	0.01282	0.00554	0.00503
23	0.01759	0.08292	0.14412	0.05433	0.01876	0.01412	0.04565	0.22938	0.12312	0.16751	0.01531	0.01537	0.01086	0.00636	0.00543	0.00171	0.00614	0.00511	0.02753	0.00868
24	0.00973	0.00490	0.00730	0.00730	0.00730	0.00490	0.00484	0.00736	0.00736	0.00981	0.01002	0.01770	0.01010	0.04316	0.02219	0.81120	0.00490	0.00499	0.00247	0.00247
25	0.05490	0.01513	0.01622	0.01252	0.01694	0.01667	0.01033	0.65980	0.04583	0.07388	0.01401	0.01384	0.00988	0.00673	0.00555	0.00170	0.00599	0.00505	0.00562	0.00941
26	0.01523	0.04651	0.03777	0.01461	0.10696	0.01261	0.04963	0.11955	0.01393	0.10766	0.01150	0.01327	0.00899	0.00608	0.00745	0.00156	0.14824	0.00453	0.00376	0.27013
27	0.01541	0.73908	0.02823	0.00983	0.01453	0.04172	0.00962	0.04850	0.01221	0.01433	0.00825	0.00943	0.00743	0.00495	0.00374	0.00123	0.00608	0.00315	0.01500	0.00728
28	0.11054	0.01450	0.04744	0.01179	0.01623	0.01490	0.01005	0.49867	0.02190	0.15482	0.01431	0.01410	0.00994	0.00656	0.00534	0.00170	0.00576	0.00491	0.02752	0.00902
29	0.01424	0.04661	0.01830	0.13535	0.27518	0.03954	0.03224	0.13946	0.05795	0.02062	0.05236	0.02560	0.01232	0.00650	0.00620	0.00174	0.04628	0.01387	0.04783	0.00782
30	0.00897	0.00724	0.00811	0.00791	0.00846	0.04766	0.00542	0.00993	0.01070	0.01430	0.16583	0.14601	0.04910	0.36834	0.04140	0.00378	0.07903	0.00922	0.00415	0.00447
31	0.00736	0.00528	0.00621	0.00674	0.00723	0.00496	0.00431	0.00802	0.01011	0.01312	0.03053	0.34826	0.16786	0.33596	0.01581	0.00350	0.00408	0.01204	0.00449	0.00413
32	0.01134	0.00673	0.00872	0.00824	0.01004	0.00627	0.00634	0.04454	0.01486	0.15023	0.33895	0.20074	0.07723	0.01235	0.00665	0.00196	0.00356	0.07926	0.00595	0.00603
33	0.06708	0.01050	0.01200	0.01009	0.01350	0.01099	0.00805	0.08962	0.28953	0.26676	0.09996	0.02127	0.01848	0.00755	0.00557	0.00178	0.00443	0.00617	0.04821	0.00844
34	0.54057	0.01199	0.01092	0.00912	0.01290	0.01348	0.00750	0.19056	0.05210	0.08776	0.01110	0.01158	0.00811	0.00585	0.00428	0.00174	0.00483	0.00390	0.00438	0.00734
35	0.11311	0.01311	0.01463	0.01133	0.01567	0.01378	0.00936	0.42136	0.02106	0.28572	0.01586	0.01496	0.01068	0.00666	0.00540	0.00171	0.00551	0.00505	0.00585	0.00919
36	0.01309	0.06051	0.24949	0.10353	0.29434	0.04934	0.01651	0.04825	0.01303	0.01790	0.01183	0.01700	0.00999	0.00614	0.00556	0.00177	0.00725	0.06356	0.00293	0.00797
37	0.01536	0.78120	0.02899	0.00964	0.01444	0.02184	0.00959	0.01718	0.01158	0.03648	0.00826	0.00934	0.00743	0.00488	0.00367	0.00122	0.00598	0.00309	0.00255	0.00729
38	0.06442	0.01078	0.00959	0.00932	0.01123	0.16966	0.00703	0.01554	0.01293	0.12799	0.02140	0.27884	0.02139	0.01080	0.00580	0.00186	0.00507	0.06919	0.14119	0.00598
39	0.01721	0.01388	0.01572	0.01281	0.01671	0.01553	0.05168	0.34503	0.39353	0.02847	0.01812	0.01738	0.01334	0.00708	0.00574	0.00181	0.00550	0.00581	0.00552	0.00912
40	0.01653	0.00790	0.01036	0.00863	0.01151	0.00711	0.00685	0.04566	0.01608	0.37619	0.32534	0.05388	0.07069	0.00952	0.00616	0.00178	0.00382	0.00812	0.00646	0.00743
41	0.01063	0.01000	0.01688	0.78870	0.03876	0.01250	0.01563	0.01438	0.01125	0.01438	0.01000	0.01500	0.00750	0.00563	0.00563	0.00188	0.00750	0.00500	0.00250	0.00625
42	0.00751	0.00561	0.00697	0.00690	0.00819	0.00507	0.00507	0.00963	0.01446	0.01969	0.49647	0.16140	0.20622	0.01305	0.00672	0.00188	0.00279	0.01145	0.00583	0.00507
43	0.00917	0.00606	0.00812	0.00785	0.00798	0.00671	0.00535	0.00869	0.00804	0.01106	0.01345	0.02530	0.01444	0.34154	0.12082	0.30237	0.09021	0.00639	0.00291	0.00356
44	0.01613	0.01234	0.01385	0.05103	0.01594	0.01374	0.00948	0.38322	0.18059	0.02723	0.05735	0.05340	0.01628	0.04236	0.04803	0.00236	0.00597	0.03732	0.00526	0.00814
45	0.00946	0.00716	0.00862	0.06184	0.01122	0.04700	0.00643	0.01166	0.01428	0.05916	0.43409	0.22012	0.06304	0.01211	0.00656	0.00189	0.00366	0.01069	0.00554	0.00547
46	0.03311	0.25089	0.05901	0.05394	0.01776	0.20705	0.06349	0.02738	0.03525	0.01567	0.03247	0.01219	0.00917	0.00583	0.00592	0.00151	0.07579	0.00414	0.00294	0.08648
47	0.05787	0.08607	0.01366	0.01029	0.02982	0.04388	0.00801	0.06697	0.20376	0.02009	0.01538	0.09612	0.01345	0.00684	0.00496	0.00145	0.00477	0.00555	0.00419	0.30687
48	0.01145	0.04956	0.03462	0.00960	0.01198	0.00983	0.00787	0.08570	0.14263	0.05044	0.10255	0.02629	0.08198	0.03822	0.28761	0.00451	0.00840	0.02578	0.00446	0.00652

[dist]
# distance from previous block
# <min> <max>
0	19

[block]
# block no. 4 follows, 42 sequences, length 22
# corresponding to MSA columns:
# 300-321
name=unknown_E
#
# <colnr> <probs for GDERKNQSTAVLIFYWHMCP>
#	G	D	E	R	K	N	Q	S	T	A	V	L	I	F	Y	W	H	M	C	P
0	0.06845	0.01469	0.17560	0.10380	0.11760	0.01111	0.01245	0.04699	0.04593	0.07010	0.01173	0.01369	0.00899	0.00690	0.03918	0.00183	0.00640	0.00439	0.00341	0.23678
1	0.26057	0.14180	0.02886	0.06526	0.09103	0.13431	0.04246	0.01949	0.07496	0.07661	0.01095	0.01222	0.00849	0.00557	0.00463	0.00163	0.00630	0.00411	0.00349	0.00724
2	0.00803	0.00558	0.00683	0.00697	0.00733	0.00571	0.00451	0.00866	0.00893	0.01200	0.02038	0.08672	0.05452	0.53398	0.17097	0.00566	0.00704	0.03862	0.00361	0.00394
3	0.01238	0.01418	0.11330	0.07015	0.19235	0.04587	0.10121	0.01814	0.13972	0.01929	0.16081	0.02039	0.01851	0.00703	0.00645	0.00181	0.04066	0.00628	0.00388	0.00756
4	0.01270	0.00988	0.01165	0.00855	0.01318	0.00782	0.00684	0.04772	0.01299	0.06970	0.07433	0.01480	0.01252	0.00509	0.00454	0.00101	0.00417	0.00414	0.00392	0.67445
5	0.00973	0.00732	0.00911	0.04429	0.01111	0.00776	0.00659	0.06407	0.10788	0.01805	0.18884	0.11469	0.08693	0.10282	0.13962	0.05640	0.00597	0.00862	0.00467	0.00555
6	0.01339	0.01128	0.01273	0.01235	0.06395	0.01264	0.00895	0.07267	0.52987	0.02352	0.12553	0.04987	0.02185	0.00829	0.00589	0.00187	0.00442	0.00705	0.00557	0.00830
7	0.00696	0.00494	0.00650	0.00771	0.00801	0.00464	0.00509	0.00786	0.01058	0.01411	0.03002	0.74123	0.03596	0.07668	0.00880	0.00252	0.00343	0.01541	0.00509	0.00448
8	0.01960	0.01100	0.01316	0.01045	0.01414	0.01107	0.00849	0.27834	0.04782	0.31587	0.18477	0.02234	0.02126	0.00793	0.00587	0.00174	0.00480	0.00649	0.00627	0.00860
9	0.67764	0.01062	0.00923	0.00793	0.01158	0.01175	0.00653	0.01873	0.01089	0.17531	0.01073	0.01116	0.00767	0.00557	0.00392	0.00174	0.00444	0.00357	0.00418	0.00680
10	0.01231	0.01231	0.01724	0.01477	0.01477	0.01724	0.01231	0.01354	0.00862	0.01354	0.00739	0.01231	0.00739	0.00985	0.01847	0.00246	0.79192	0.00492	0.00246	0.00616
11	0.01226	0.01176	0.02026	0.40997	0.37671	0.01297	0.04358	0.01586	0.01205	0.01638	0.01032	0.01451	0.00820	0.00531	0.00564	0.00178	0.00720	0.00507	0.00265	0.00754
12	0.07508	0.42636	0.05106	0.05551	0.06379	0.01750	0.01043	0.04674	0.08055	0.10763	0.01153	0.01227	0.00907	0.00551	0.00442	0.00148	0.00583	0.00400	0.00348	0.00776
13	0.07820	0.00864	0.01045	0.08965	0.01391	0.00817	0.00719	0.04659	0.01338	0.04964	0.22195	0.02387	0.05857	0.03360	0.00621	0.00160	0.01620	0.00622	0.03561	0.27035
14	0.00799	0.00591	0.00735	0.00728	0.00856	0.00550	0.00533	0.03729	0.01457	0.01988	0.44522	0.23129	0.15624	0.01327	0.00674	0.00192	0.00297	0.01170	0.00578	0.00520
15	0.00813	0.00596	0.00780	0.04218	0.00982	0.00565	0.00585	0.01072	0.01516	0.02122	0.60567	0.04227	0.10706	0.01152	0.00656	0.00181	0.00303	0.04968	0.03461	0.00530
16	0.60194	0.01115	0.00993	0.07940	0.01405	0.04565	0.00741	0.01765	0.01085	0.11480	0.01060	0.03721	0.00827	0.00591	0.00414	0.00176	0.00491	0.00400	0.00385	0.00650
17	0.01868	0.00875	0.01110	0.00908	0.01233	0.00819	0.00729	0.05650	0.07774	0.42466	0.18084	0.02417	0.02247	0.00794	0.00567	0.00171	0.00411	0.00661	0.10405	0.00809
18	0.00959	0.00664	0.00825	0.00781	0.00839	0.00722	0.00532	0.04371	0.00952	0.03800	0.01641	0.03017	0.01742	0.51132	0.20166	0.00581	0.05760	0.00725	0.00348	0.00445
19	0.00836	0.00536	0.00642	0.00645	0.00654	0.00532	0.00382	0.00818	0.00862	0.01157	0.06192	0.06404	0.02143	0.60277	0.02545	0.13360	0.00511	0.00810	0.00350	0.00342
20	0.07077	0.06495	0.08961	0.01028	0.01402	0.01138	0.00911	0.17952	0.05723	0.17780	0.08569	0.10737	0.04716	0.00841	0.00557	0.00176	0.00496	0.00686	0.03984	0.00771
21	0.13965	0.13342	0.25982	0.02427	0.05448	0.01364	0.04610	0.06971	0.01280	0.08822	0.01118	0.01279	0.00845	0.00783	0.05585	0.00212	0.00713	0.00428	0.00333	0.04496

[dist]
# distance from previous block
# <min> <max>
1	28

[block]
# block no. 5 follows, 42 sequences, length 21
# corresponding to MSA columns:
# 350-353,357-373
name=unknown_F
#
# <colnr> <probs for GDERKNQSTAVLIFYWHMCP>
#	G	D	E	R	K	N	Q	S	T	A	V	L	I	F	Y	W	H	M	C	P
0	0.04478	0.05523	0.07570	0.05103	0.05375	0.04008	0.08462	0.17938	0.19850	0.04598	0.01533	0.04499	0.01201	0.00684	0.00591	0.00178	0.03039	0.00567	0.03992	0.00810
1	0.00827	0.00568	0.00642	0.00635	0.00792	0.00507	0.00472	0.01018	0.01332	0.04350	0.22392	0.12685	0.35483	0.01240	0.00622	0.00181	0.00287	0.01059	0.14395	0.00512
2	0.00936	0.00661	0.00902	0.00876	0.00969	0.00738	0.00651	0.01132	0.03626	0.05384	0.04729	0.10314	0.01894	0.19122	0.39592	0.00625	0.06209	0.00756	0.00372	0.00511
3	0.01558	0.01288	0.01362	0.01177	0.01524	0.01474	0.00929	0.18407	0.60020	0.02610	0.02089	0.01939	0.01555	0.00745	0.00571	0.00186	0.00483	0.00608	0.00571	0.00905
4	0.00789	0.00564	0.00686	0.00666	0.00804	0.00514	0.00495	0.01018	0.01455	0.02040	0.49847	0.09042	0.19201	0.01194	0.00640	0.00178	0.00273	0.01039	0.09040	0.00514
5	0.20664	0.01292	0.01387	0.01087	0.01511	0.01377	0.00898	0.38023	0.01974	0.24119	0.01470	0.01413	0.01002	0.00647	0.00516	0.00172	0.00538	0.00478	0.00553	0.00879
6	0.01251	0.01367	0.12402	0.43736	0.08569	0.01273	0.09078	0.06345	0.01301	0.05134	0.03427	0.01543	0.00949	0.00577	0.00572	0.00183	0.00740	0.00525	0.00306	0.00721
7	0.01505	0.80561	0.02949	0.00963	0.01444	0.02227	0.00963	0.01685	0.01143	0.01324	0.00782	0.00903	0.00722	0.00481	0.00361	0.00120	0.00602	0.00301	0.00241	0.00722
8	0.71419	0.01002	0.00781	0.00707	0.01022	0.01149	0.00576	0.01602	0.00992	0.02459	0.00945	0.01096	0.00737	0.00543	0.00355	0.00168	0.00409	0.00339	0.13104	0.00596
9	0.29064	0.00919	0.01015	0.00850	0.01181	0.00920	0.00687	0.01993	0.03913	0.32169	0.19340	0.02133	0.02074	0.00749	0.00517	0.00175	0.00413	0.00589	0.00559	0.00739
10	0.01519	0.00720	0.00941	0.00832	0.01079	0.00643	0.00650	0.01724	0.01437	0.33523	0.17118	0.16532	0.08912	0.01066	0.00615	0.00186	0.00378	0.03986	0.07447	0.00692
11	0.00979	0.00614	0.00801	0.00756	0.00894	0.00607	0.00562	0.01166	0.01224	0.09362	0.25391	0.03330	0.09431	0.15238	0.22749	0.00442	0.00685	0.00813	0.04426	0.00529
12	0.01210	0.01197	0.11213	0.03566	0.01478	0.01039	0.03151	0.07850	0.23328	0.05557	0.09543	0.16359	0.05840	0.05185	0.00731	0.00211	0.00496	0.00838	0.00495	0.00716
13	0.00985	0.00531	0.00813	0.07251	0.00995	0.00552	0.00578	0.00792	0.00766	0.01016	0.00979	0.01693	0.00959	0.01839	0.02063	0.76666	0.00511	0.00490	0.00245	0.00276
14	0.06825	0.04292	0.27980	0.11511	0.24081	0.01371	0.05660	0.06343	0.03289	0.01919	0.01064	0.01312	0.00813	0.00538	0.00537	0.00174	0.00723	0.00465	0.00291	0.00811
15	0.00957	0.00672	0.00961	0.00896	0.00981	0.00747	0.04424	0.01068	0.00961	0.01448	0.01561	0.10005	0.01524	0.09152	0.19378	0.15232	0.10206	0.00677	0.18681	0.00469
16	0.01453	0.11767	0.11456	0.12060	0.18490	0.15264	0.02899	0.04006	0.07720	0.01709	0.02692	0.01438	0.00992	0.00602	0.00586	0.00169	0.04103	0.01526	0.00310	0.00758
17	0.07507	0.01051	0.03786	0.03176	0.13463	0.05003	0.00916	0.05167	0.03408	0.03299	0.03411	0.20186	0.01727	0.01350	0.10209	0.03405	0.00638	0.00746	0.00389	0.11163
18	0.10921	0.10205	0.07916	0.08762	0.08222	0.01261	0.04566	0.07716	0.04502	0.07286	0.01170	0.02646	0.00921	0.00549	0.00485	0.00149	0.00574	0.00445	0.00360	0.21345
19	0.03997	0.24196	0.18205	0.01138	0.03122	0.04651	0.01113	0.03906	0.02658	0.10328	0.11098	0.01611	0.01450	0.00673	0.01656	0.00161	0.00601	0.00477	0.00373	0.08586
20	0.10262	0.04170	0.16417	0.01300	0.04843	0.08144	0.04909	0.11663	0.03481	0.07373	0.08878	0.06222	0.03966	0.00785	0.00563	0.00180	0.00615	0.05073	0.00423	0.00734

[dist]
# distance from previous block
# <min> <max>
0	178

[block]
# block no. 6 follows, 42 sequences, length 12
# corresponding to MSA columns:
# 556-567
name=unknown_G
#
# <colnr> <probs for GDERKNQSTAVLIFYWHMCP>
#	G	D	E	R	K	N	Q	S	T	A	V	L	I	F	Y	W	H	M	C	P
0	0.00980	0.00790	0.00963	0.06869	0.01281	0.00857	0.00741	0.01613	0.25558	0.01807	0.09167	0.29293	0.04761	0.04818	0.03453	0.00247	0.00453	0.05217	0.00511	0.00619
1	0.04362	0.01394	0.12837	0.08094	0.19997	0.01191	0.05444	0.08265	0.07668	0.11276	0.05153	0.01687	0.01250	0.00618	0.00546	0.00172	0.00603	0.00539	0.08099	0.00805
2	0.06075	0.01414	0.01795	0.03047	0.09433	0.07141	0.10665	0.24315	0.06077	0.14698	0.03883	0.01556	0.01145	0.00658	0.00643	0.00177	0.05436	0.00539	0.00465	0.00839
3	0.01235	0.01176	0.01999	0.39534	0.41866	0.01296	0.01649	0.01589	0.01207	0.01647	0.01031	0.01444	0.00824	0.00531	0.00560	0.00177	0.00708	0.00501	0.00265	0.00764
4	0.01316	0.01361	0.01829	0.01700	0.08819	0.07403	0.04045	0.01474	0.00975	0.01420	0.00795	0.01241	0.00757	0.00889	0.01577	0.00229	0.62777	0.00490	0.00254	0.00650
5	0.00802	0.00566	0.00733	0.00729	0.00793	0.00582	0.00501	0.00932	0.01054	0.01468	0.20835	0.07318	0.02786	0.34518	0.23413	0.00536	0.00734	0.00849	0.00410	0.00441
6	0.00760	0.00528	0.00624	0.00670	0.00696	0.00509	0.00411	0.00805	0.00945	0.01245	0.02539	0.30497	0.08322	0.46717	0.01945	0.00407	0.00449	0.01120	0.00418	0.00392
7	0.01359	0.01332	0.01863	0.13757	0.22301	0.11016	0.09462	0.04474	0.01238	0.01608	0.01096	0.01649	0.00960	0.00820	0.00938	0.10686	0.10250	0.04225	0.00292	0.00674
8	0.07771	0.01222	0.05635	0.07537	0.02201	0.01117	0.31976	0.01648	0.01281	0.07219	0.01635	0.02699	0.01467	0.00777	0.00635	0.00199	0.00717	0.19048	0.00376	0.04838
9	0.05669	0.47417	0.15148	0.01134	0.01643	0.08357	0.01150	0.07301	0.04584	0.01679	0.00938	0.01048	0.00777	0.00528	0.00427	0.00142	0.00662	0.00356	0.00289	0.00754
10	0.26160	0.01037	0.01096	0.03539	0.01286	0.03051	0.00767	0.07000	0.09622	0.11467	0.01404	0.01786	0.01168	0.12043	0.10021	0.00318	0.06641	0.00518	0.00414	0.00663
11	0.08404	0.04279	0.01465	0.01192	0.05192	0.07034	0.00924	0.14521	0.06008	0.42531	0.01756	0.01624	0.01179	0.00657	0.00537	0.00170	0.00552	0.00512	0.00572	0.00892

[dist]
# distance from previous block
# <min> <max>
3	17

[block]
# block no. 7 follows, 42 sequences, length 26
# corresponding to MSA columns:
# 588-613
name=unknown_H
#
# <colnr> <probs for GDERKNQSTAVLIFYWHMCP>
#	G	D	E	R	K	N	Q	S	T	A	V	L	I	F	Y	W	H	M	C	P
0	0.01566	0.00803	0.00976	0.00833	0.01101	0.00778	0.00658	0.04323	0.10854	0.27551	0.20106	0.02523	0.02383	0.00804	0.00545	0.00166	0.00371	0.00672	0.22255	0.00733
1	0.05010	0.10283	0.01556	0.01123	0.01494	0.06047	0.00922	0.20316	0.22604	0.15639	0.05856	0.01730	0.01433	0.00705	0.00571	0.00172	0.02627	0.00542	0.00523	0.00847
2	0.01036	0.00701	0.03752	0.00799	0.00922	0.00643	0.00603	0.01172	0.01020	0.09958	0.01928	0.07516	0.01957	0.36336	0.17432	0.00495	0.00715	0.07320	0.05200	0.00497
3	0.01614	0.10391	0.01899	0.01481	0.05962	0.09996	0.06665	0.12167	0.01373	0.08718	0.01084	0.01324	0.00879	0.00730	0.00994	0.00189	0.28881	0.00480	0.04438	0.00734
4	0.05041	0.03239	0.07277	0.09539	0.01799	0.01100	0.03697	0.12547	0.04278	0.32413	0.05135	0.06256	0.01451	0.00723	0.00562	0.00176	0.00553	0.00602	0.00525	0.03088
5	0.06742	0.03241	0.07760	0.05125	0.05007	0.05423	0.04385	0.34869	0.01944	0.17875	0.01391	0.01417	0.00971	0.00629	0.00546	0.00170	0.00640	0.00494	0.00491	0.00879
6	0.14328	0.01362	0.01501	0.03102	0.10184	0.07676	0.02961	0.15330	0.18514	0.09374	0.01429	0.01478	0.01069	0.00636	0.00573	0.00172	0.03751	0.00492	0.00449	0.05617
7	0.20709	0.01585	0.05937	0.01594	0.12875	0.11120	0.08148	0.18507	0.05663	0.02349	0.01108	0.01251	0.00849	0.00565	0.00506	0.00166	0.00657	0.00448	0.00379	0.05586
8	0.00713	0.00512	0.00681	0.00796	0.00848	0.00480	0.00555	0.00838	0.01139	0.01521	0.08564	0.66318	0.05264	0.01693	0.00718	0.00227	0.00338	0.07800	0.00529	0.00468
9	0.00692	0.00495	0.00659	0.00779	0.00818	0.00461	0.00523	0.00800	0.01108	0.01485	0.07407	0.75413	0.03815	0.01727	0.00715	0.00226	0.00323	0.01566	0.00528	0.00461
10	0.01223	0.00728	0.00923	0.00812	0.01031	0.00689	0.00629	0.03550	0.07335	0.17347	0.51131	0.03547	0.06715	0.01026	0.00634	0.00178	0.00333	0.00890	0.00626	0.00654
11	0.01141	0.00643	0.00839	0.00756	0.00944	0.00584	0.00579	0.01385	0.01538	0.16895	0.52061	0.07755	0.05940	0.01074	0.00633	0.00177	0.00311	0.00937	0.05199	0.00609
12	0.70160	0.01066	0.00909	0.00785	0.01148	0.01188	0.00647	0.01841	0.01070	0.15343	0.01031	0.01086	0.00744	0.00552	0.00386	0.00174	0.00443	0.00350	0.00408	0.00669
13	0.00818	0.00546	0.00614	0.00614	0.00614	0.00546	0.00341	0.00818	0.00818	0.01091	0.01773	0.03683	0.02046	0.80222	0.02864	0.00546	0.00546	0.00818	0.00341	0.00341
14	0.26007	0.11744	0.01543	0.01069	0.01475	0.04383	0.00895	0.31556	0.09024	0.05438	0.01217	0.01246	0.00906	0.00611	0.00473	0.00166	0.00555	0.00430	0.00454	0.00807
15	0.01883	0.01900	0.01506	0.01302	0.01637	0.33096	0.01012	0.23891	0.20715	0.02270	0.01455	0.04269	0.01155	0.00698	0.00548	0.00167	0.00728	0.00520	0.00451	0.00796
16	0.84197	0.01088	0.00827	0.00740	0.01088	0.01262	0.00609	0.01654	0.00958	0.02525	0.00784	0.00914	0.00609	0.00522	0.00348	0.00174	0.00435	0.00305	0.00348	0.00609
17	0.00992	0.00795	0.00914	0.00856	0.01054	0.00831	0.00649	0.01709	0.27977	0.02170	0.38655	0.08343	0.10649	0.01077	0.00635	0.00186	0.00335	0.00934	0.00587	0.00649
18	0.00818	0.00546	0.00614	0.00614	0.00614	0.00546	0.00341	0.00818	0.00818	0.01091	0.01773	0.03683	0.02046	0.80222	0.02864	0.00546	0.00546	0.00818	0.00341	0.00341
19	0.61232	0.01100	0.00981	0.00837	0.01205	0.01222	0.00687	0.06024	0.05060	0.15391	0.01141	0.01173	0.00821	0.00574	0.00409	0.00175	0.00454	0.00378	0.00432	0.00704
20	0.00694	0.00515	0.00648	0.00733	0.00808	0.00469	0.00505	0.00820	0.01176	0.01546	0.11909	0.56633	0.18234	0.01627	0.00702	0.00215	0.00311	0.01453	0.00533	0.00469
21	0.00805	0.00600	0.00888	0.00888	0.00983	0.00695	0.00683	0.00994	0.00900	0.01294	0.01522	0.02294	0.01443	0.08493	0.73769	0.00884	0.01453	0.00615	0.00304	0.00493
22	0.01397	0.12843	0.46633	0.01473	0.02149	0.03177	0.04482	0.14748	0.04346	0.02048	0.01092	0.01223	0.00802	0.00560	0.00523	0.00169	0.00757	0.00434	0.00312	0.00835
23	0.00852	0.00634	0.00817	0.00895	0.01004	0.00636	0.00687	0.01195	0.09817	0.01726	0.12394	0.37952	0.03542	0.01503	0.00713	0.00227	0.00393	0.23937	0.00539	0.00536
24	0.01352	0.05246	0.01350	0.00920	0.01410	0.00998	0.00751	0.14050	0.01420	0.02102	0.01049	0.01185	0.00849	0.00465	0.00439	0.00100	0.00461	0.00362	0.00368	0.65125
25	0.17104	0.18532	0.08514	0.01072	0.01534	0.01492	0.00988	0.19623	0.01563	0.16725	0.01228	0.01255	0.00893	0.00590	0.00498	0.00158	0.02248	0.00419	0.00431	0.05134

[dist]
# distance from previous block
# <min> <max>
0	61

[block]
# block no. 8 follows, 42 sequences, length 11
# corresponding to MSA columns:
# 675-685
name=unknown_I
#
# <colnr> <probs for GDERKNQSTAVLIFYWHMCP>
#	G	D	E	R	K	N	Q	S	T	A	V	L	I	F	Y	W	H	M	C	P
