[name]
unknown

[dist]
# distance from previous block
# <min> <max>
0	72

[block]
# block no. 0 follows, 43 sequences, length 7
# corresponding to MSA columns:
# 72-78
name=unknown_A
#
# <colnr> <probs for GDERKNQSTAVLIFYWHMCP>
#	G	D	E	R	K	N	Q	S	T	A	V	L	I	F	Y	W	H	M	C	P
0	0.01003	0.00632	0.00875	0.00959	0.01095	0.00612	0.00798	0.01217	0.01257	0.09219	0.02885	0.22771	0.03114	0.01492	0.00731	0.00240	0.00463	0.49570	0.00529	0.00540
1	0.01895	0.07398	0.01597	0.01300	0.01616	0.56153	0.01005	0.02055	0.01454	0.05176	0.00926	0.01064	0.00760	0.00570	0.00547	0.00140	0.04763	0.00365	0.00305	0.10909
2	0.01640	0.04997	0.05750	0.01692	0.12056	0.05968	0.17977	0.06559	0.01398	0.18340	0.01277	0.01413	0.00938	0.00557	0.00605	0.00160	0.04610	0.00498	0.00386	0.13179
3	0.01660	0.01002	0.01190	0.01020	0.01337	0.01029	0.00826	0.12708	0.22189	0.25116	0.10772	0.02792	0.05233	0.00885	0.00599	0.00186	0.00455	0.09603	0.00596	0.00803
4	0.00853	0.00631	0.00799	0.00792	0.00817	0.00698	0.00548	0.00920	0.00886	0.01211	0.01813	0.09275	0.02036	0.49239	0.09810	0.00484	0.10332	0.08093	0.00351	0.00411
5	0.01025	0.00947	0.01578	0.39629	0.02639	0.01063	0.11394	0.01466	0.08278	0.01649	0.10766	0.13768	0.01837	0.00810	0.00604	0.00190	0.00615	0.00754	0.00366	0.00622
6	0.15261	0.03396	0.19893	0.01314	0.01813	0.01166	0.13764	0.07359	0.01356	0.18496	0.01570	0.04582	0.03896	0.00668	0.00542	0.00179	0.00628	0.02938	0.00412	0.00767

[dist]
# distance from previous block
# <min> <max>
7	67

[block]
# block no. 1 follows, 43 sequences, length 49
# corresponding to MSA columns:
# 150-158,208-247
name=unknown_B
#
# <colnr> <probs for GDERKNQSTAVLIFYWHMCP>
#	G	D	E	R	K	N	Q	S	T	A	V	L	I	F	Y	W	H	M	C	P
0	0.01495	0.00916	0.01237	0.05164	0.02423	0.00861	0.04385	0.03923	0.09688	0.23779	0.07927	0.07013	0.04502	0.00861	0.00657	0.04870	0.00469	0.04168	0.00502	0.15159
1	0.01087	0.01100	0.07514	0.05110	0.01520	0.00839	0.03039	0.01358	0.01145	0.01732	0.03977	0.09252	0.01251	0.00616	0.00542	0.00124	0.04304	0.00511	0.00340	0.54644
2	0.06012	0.04967	0.09793	0.01750	0.15383	0.01319	0.15321	0.07790	0.14640	0.02048	0.04743	0.01548	0.01171	0.00581	0.00563	0.00166	0.02064	0.00526	0.00368	0.09247
3	0.00789	0.00582	0.00727	0.00808	0.00885	0.00570	0.00559	0.04847	0.05367	0.01579	0.03040	0.67967	0.06961	0.01607	0.00688	0.00218	0.00341	0.01444	0.00519	0.00501
4	0.01748	0.01346	0.01431	0.01172	0.01544	0.01511	0.00944	0.41617	0.32470	0.02932	0.01733	0.01671	0.01274	0.00699	0.00549	0.00173	0.00520	0.00552	0.05224	0.00891
5	0.01287	0.01292	0.01758	0.04326	0.01626	0.05950	0.04924	0.01438	0.00938	0.03036	0.00796	0.01238	0.00747	0.00900	0.01611	0.00230	0.66537	0.00488	0.00257	0.00623
6	0.01516	0.01416	0.01873	0.05248	0.41663	0.10403	0.01376	0.09086	0.06765	0.04744	0.05063	0.01529	0.01151	0.00607	0.00621	0.00170	0.05084	0.00515	0.00353	0.00815
7	0.01283	0.01512	0.07189	0.02132	0.02671	0.01360	0.62136	0.01842	0.07443	0.01834	0.03993	0.01620	0.01064	0.00518	0.00639	0.00186	0.00862	0.00650	0.00313	0.00753
8	0.01257	0.05623	0.14191	0.08931	0.14620	0.01339	0.23248	0.02859	0.13642	0.01827	0.02555	0.01695	0.04474	0.00591	0.00576	0.00177	0.00709	0.00578	0.00333	0.00774
9	0.00784	0.00566	0.00740	0.00697	0.00827	0.00523	0.00523	0.01045	0.01568	0.02221	0.76789	0.04137	0.05226	0.01132	0.00653	0.00174	0.00261	0.01002	0.00610	0.00523
10	0.01363	0.00919	0.01368	0.01113	0.01412	0.00908	0.14989	0.01901	0.15452	0.15189	0.11831	0.02414	0.01947	0.00748	0.00556	0.00171	0.00473	0.04391	0.22152	0.00703
11	0.01104	0.01019	0.01662	0.73080	0.03642	0.01268	0.01504	0.05128	0.01175	0.01517	0.00994	0.01462	0.00748	0.00571	0.00590	0.00185	0.02963	0.00492	0.00261	0.00631
12	0.00673	0.00488	0.00637	0.00756	0.00799	0.00451	0.00508	0.00773	0.01075	0.01420	0.03233	0.74907	0.08815	0.01712	0.00703	0.00222	0.00318	0.01546	0.00514	0.00451
13	0.00791	0.00593	0.00890	0.00890	0.00989	0.00692	0.00692	0.00989	0.00890	0.01286	0.01483	0.02176	0.01385	0.04154	0.78341	0.00890	0.01483	0.00593	0.00297	0.00494
14	0.01170	0.01111	0.01885	0.50233	0.31816	0.01263	0.01600	0.01524	0.01166	0.01566	0.01006	0.01436	0.00791	0.00531	0.00552	0.00177	0.00708	0.00493	0.00257	0.00715
15	0.05741	0.01329	0.02007	0.15935	0.22686	0.07080	0.13628	0.03633	0.01257	0.08901	0.01090	0.01384	0.00848	0.00594	0.00726	0.00182	0.11411	0.00505	0.00316	0.00748
16	0.06206	0.01305	0.01435	0.01119	0.01516	0.01397	0.00914	0.49885	0.02159	0.17756	0.01514	0.01566	0.01085	0.04531	0.00645	0.00184	0.00552	0.00516	0.04842	0.00873
17	0.00675	0.00482	0.00643	0.00771	0.00803	0.00450	0.00514	0.00771	0.01060	0.01414	0.03053	0.80175	0.03663	0.01735	0.00707	0.00225	0.00321	0.01574	0.00514	0.00450
18	0.01316	0.01260	0.02148	0.16273	0.64639	0.01301	0.01672	0.01651	0.01235	0.01742	0.01032	0.01389	0.00854	0.00504	0.00549	0.00168	0.00672	0.00493	0.00269	0.00833
19	0.01203	0.00982	0.01040	0.00990	0.01206	0.04960	0.00742	0.02066	0.39196	0.05762	0.08468	0.26380	0.02522	0.01075	0.00612	0.00195	0.00418	0.00933	0.00544	0.00707
20	0.00858	0.00615	0.00834	0.00876	0.00976	0.00598	0.03331	0.01125	0.08809	0.05206	0.02857	0.65430	0.03244	0.01536	0.00683	0.00217	0.00363	0.01393	0.00519	0.00529
21	0.04489	0.34465	0.01964	0.01059	0.01403	0.11625	0.04588	0.07642	0.05154	0.01664	0.01302	0.11147	0.01228	0.00869	0.04342	0.00187	0.00642	0.00544	0.05014	0.00672
22	0.02033	0.05724	0.01686	0.01229	0.01663	0.01699	0.01023	0.68629	0.02473	0.03322	0.01317	0.01333	0.00947	0.00654	0.00537	0.00162	0.00596	0.00489	0.03570	0.00914
23	0.00962	0.00481	0.00722	0.00722	0.00722	0.00481	0.00481	0.00722	0.00722	0.00962	0.00962	0.01684	0.00962	0.01924	0.02165	0.83886	0.00481	0.00481	0.00241	0.00241
24	0.01596	0.00795	0.00981	0.00823	0.01111	0.00736	0.00654	0.05138	0.05708	0.33545	0.17304	0.02889	0.14259	0.00886	0.00571	0.00170	0.00377	0.00739	0.10994	0.00727
25	0.00725	0.00683	0.04602	0.00666	0.00866	0.00531	0.00546	0.00932	0.01358	0.01749	0.28618	0.04741	0.48182	0.01271	0.00649	0.00183	0.00306	0.02356	0.00531	0.00504
26	0.01526	0.65062	0.02688	0.01133	0.05469	0.02075	0.01010	0.09101	0.01270	0.01553	0.00839	0.00973	0.00744	0.00516	0.00451	0.00131	0.04114	0.00336	0.00271	0.00738
27	0.01046	0.00984	0.01661	0.79205	0.03814	0.01230	0.01538	0.01415	0.01107	0.01415	0.00984	0.01477	0.00738	0.00554	0.00554	0.00185	0.00738	0.00492	0.00246	0.00615
28	0.04324	0.13618	0.14214	0.28349	0.05978	0.01450	0.11421	0.05604	0.06620	0.01733	0.01076	0.01349	0.00822	0.00541	0.00525	0.00171	0.00712	0.00474	0.00291	0.00728
29	0.00721	0.00559	0.00660	0.00697	0.00817	0.00512	0.00499	0.00932	0.04578	0.01647	0.18883	0.34470	0.30110	0.01450	0.00671	0.00199	0.00300	0.01271	0.00536	0.00490
30	0.00868	0.00515	0.00651	0.00651	0.00651	0.00515	0.00393	0.00772	0.00772	0.01029	0.01434	0.02852	0.01595	0.49261	0.02559	0.33697	0.00515	0.00676	0.00298	0.00298
31	0.01485	0.01585	0.01109	0.01049	0.01260	0.38809	0.00777	0.01632	0.01381	0.05492	0.02236	0.17977	0.13880	0.00957	0.00560	0.00167	0.00651	0.00762	0.07653	0.00579
32	0.01301	0.22468	0.41912	0.05440	0.02037	0.01486	0.01526	0.06074	0.02449	0.04505	0.01059	0.01291	0.00829	0.04658	0.00605	0.00179	0.00710	0.00419	0.00282	0.00768
33	0.01116	0.02785	0.73985	0.01572	0.02351	0.01306	0.02006	0.01734	0.01154	0.01734	0.00981	0.01171	0.00703	0.00548	0.00589	0.00179	0.04633	0.00413	0.00234	0.00808
34	0.02485	0.00943	0.01285	0.00985	0.01414	0.00814	0.00814	0.02699	0.01585	0.77465	0.02185	0.01885	0.01371	0.00685	0.00557	0.00171	0.00471	0.00557	0.00685	0.00943
35	0.05199	0.26185	0.03499	0.01024	0.01400	0.01546	0.00885	0.02319	0.39474	0.05686	0.01876	0.01797	0.05517	0.00682	0.00492	0.00164	0.00488	0.00530	0.00447	0.00791
36	0.01475	0.01342	0.05650	0.02718	0.54328	0.02488	0.01497	0.05471	0.04682	0.08899	0.01311	0.05343	0.01090	0.00596	0.00556	0.00169	0.00625	0.00553	0.00349	0.00859
37	0.00681	0.00534	0.00619	0.00670	0.00790	0.00471	0.00482	0.00818	0.01208	0.01526	0.10000	0.34183	0.40339	0.01515	0.00679	0.00203	0.00303	0.03990	0.00521	0.00467
38	0.01046	0.00984	0.01661	0.79205	0.03814	0.01230	0.01538	0.01415	0.01107	0.01415	0.00984	0.01477	0.00738	0.00554	0.00554	0.00185	0.00738	0.00492	0.00246	0.00615
39	0.04515	0.02921	0.03509	0.01051	0.01452	0.00983	0.03557	0.10055	0.05201	0.47449	0.02159	0.02190	0.05377	0.02588	0.00616	0.00185	0.00506	0.04242	0.00591	0.00852
40	0.01324	0.01837	0.27709	0.16337	0.02718	0.01332	0.26186	0.08655	0.01359	0.05530	0.01124	0.01385	0.00810	0.00532	0.00578	0.00180	0.00805	0.00522	0.00304	0.00774
41	0.00805	0.00537	0.00604	0.00604	0.00604	0.00537	0.00336	0.00805	0.00805	0.01074	0.01745	0.03624	0.02013	0.80536	0.02819	0.00537	0.00537	0.00805	0.00336	0.00336
42	0.01523	0.51571	0.16637	0.01148	0.01659	0.12803	0.01175	0.05103	0.01264	0.01494	0.00850	0.00977	0.00720	0.00506	0.00417	0.00135	0.00693	0.00335	0.00258	0.00732
43	0.03566	0.09403	0.15740	0.01305	0.04531	0.01252	0.05690	0.12726	0.04310	0.33558	0.01568	0.01518	0.01065	0.00610	0.00532	0.00167	0.00601	0.00496	0.00487	0.00873
44	0.13300	0.02211	0.07498	0.01326	0.01637	0.49847	0.01086	0.02022	0.01374	0.04931	0.00901	0.01061	0.00728	0.00607	0.00625	0.00161	0.09348	0.00376	0.00302	0.00660
45	0.03021	0.01064	0.01632	0.33867	0.17988	0.01153	0.01315	0.07237	0.01364	0.18505	0.01413	0.01841	0.01082	0.00643	0.00564	0.00181	0.00632	0.05349	0.00391	0.00759
46	0.15999	0.04336	0.03103	0.02535	0.11140	0.12381	0.05123	0.01984	0.13519	0.08951	0.01243	0.01416	0.00980	0.02617	0.00729	0.00185	0.11028	0.00472	0.00370	0.01889
47	0.01088	0.00606	0.00752	0.00738	0.00891	0.00565	0.00544	0.01313	0.03506	0.14338	0.15407	0.30703	0.07715	0.01179	0.00598	0.00184	0.00324	0.01032	0.17944	0.00572
48	0.05730	0.23433	0.07293	0.02900	0.01614	0.01585	0.01013	0.24793	0.08253	0.09691	0.01253	0.01283	0.00938	0.00581	0.00476	0.00150	0.00569	0.00429	0.00421	0.07594

[dist]
# distance from previous block
# <min> <max>
1	4

[block]
# block no. 2 follows, 43 sequences, length 48
# corresponding to MSA columns:
# 252-271,286-313
name=unknown_C
#
# <colnr> <probs for GDERKNQSTAVLIFYWHMCP>
#	G	D	E	R	K	N	Q	S	T	A	V	L	I	F	Y	W	H	M	C	P
0	0.35123	0.01095	0.03227	0.00980	0.03904	0.02448	0.00785	0.04201	0.02622	0.31317	0.05460	0.01520	0.01196	0.00619	0.00469	0.00168	0.00470	0.00460	0.00492	0.03443
1	0.01217	0.01012	0.05480	0.11310	0.21071	0.00941	0.02173	0.01564	0.06135	0.11361	0.06763	0.24664	0.02062	0.00948	0.00605	0.00189	0.00518	0.00856	0.00432	0.00700
2	0.02160	0.00890	0.01176	0.00925	0.01302	0.00786	0.00756	0.04763	0.01580	0.60977	0.08664	0.02253	0.05771	0.00760	0.00562	0.00170	0.00438	0.00624	0.04584	0.00861
3	0.01363	0.01205	0.06830	0.09788	0.23509	0.01119	0.07189	0.01887	0.13606	0.12387	0.03545	0.07020	0.06630	0.00727	0.00580	0.00180	0.00580	0.00660	0.00414	0.00781
4	0.02768	0.01011	0.01469	0.53383	0.02951	0.05226	0.01270	0.01552	0.01163	0.11043	0.01258	0.04355	0.01009	0.04651	0.04432	0.00233	0.00725	0.00547	0.00322	0.00633
5	0.00675	0.00482	0.00643	0.00771	0.00803	0.00450	0.00514	0.00771	0.01060	0.01414	0.03053	0.80175	0.03663	0.01735	0.00707	0.00225	0.00321	0.01574	0.00514	0.00450
6	0.00731	0.00546	0.00687	0.00742	0.00850	0.00501	0.00554	0.00904	0.01268	0.01674	0.22159	0.32168	0.20976	0.01474	0.00690	0.00208	0.00326	0.12522	0.00538	0.00482
7	0.03679	0.01299	0.09321	0.48476	0.10429	0.04963	0.01479	0.03196	0.01195	0.05256	0.01050	0.01413	0.00789	0.00568	0.00580	0.00179	0.03256	0.00475	0.01712	0.00683
8	0.07517	0.09537	0.48541	0.05745	0.08587	0.05073	0.01687	0.01706	0.01169	0.01725	0.01014	0.03466	0.00799	0.00557	0.00504	0.00169	0.00744	0.00434	0.00257	0.00767
9	0.22446	0.00974	0.01170	0.00923	0.01330	0.00918	0.00762	0.02438	0.01429	0.59205	0.01841	0.01645	0.01183	0.00644	0.00505	0.00171	0.00461	0.00494	0.00602	0.00859
10	0.01206	0.01751	0.24108	0.05614	0.10920	0.04935	0.18711	0.01629	0.02304	0.01628	0.01068	0.01418	0.00859	0.01017	0.10300	0.00272	0.10754	0.00513	0.00266	0.00725
11	0.01513	0.12069	0.32640	0.05256	0.09335	0.01327	0.01465	0.06552	0.04631	0.16401	0.02809	0.01415	0.01001	0.00579	0.00520	0.00167	0.00662	0.00462	0.00368	0.00829
12	0.01329	0.01566	0.18919	0.06100	0.37160	0.01220	0.05057	0.05245	0.01312	0.05926	0.01321	0.04461	0.01131	0.00643	0.00571	0.00178	0.00675	0.06049	0.00326	0.00809
13	0.00696	0.00505	0.00659	0.00758	0.00818	0.00468	0.00525	0.00822	0.01144	0.01525	0.11806	0.62291	0.09374	0.01630	0.00699	0.00218	0.00320	0.04754	0.00525	0.00462
14	0.01302	0.14423	0.13030	0.05043	0.08218	0.07139	0.01067	0.03931	0.01229	0.07889	0.06203	0.09825	0.01534	0.07586	0.05043	0.02556	0.02345	0.00618	0.00356	0.00662
15	0.01376	0.03178	0.27271	0.05590	0.09200	0.03477	0.05437	0.04161	0.04849	0.09473	0.01193	0.01492	0.00931	0.00674	0.00812	0.00190	0.16988	0.02615	0.00325	0.00770
16	0.00989	0.00991	0.05250	0.04836	0.01343	0.07283	0.04849	0.01194	0.00979	0.01322	0.01342	0.02091	0.01273	0.14148	0.42966	0.00617	0.07123	0.00585	0.00291	0.00529
17	0.01415	0.01151	0.01357	0.01146	0.01472	0.01264	0.05844	0.13947	0.44099	0.04874	0.11456	0.02320	0.05576	0.00795	0.00583	0.00182	0.00470	0.00678	0.00550	0.00817
18	0.01212	0.01212	0.01696	0.01454	0.01454	0.01696	0.01212	0.01333	0.00848	0.01333	0.00727	0.01212	0.00727	0.00969	0.01818	0.00242	0.79523	0.00485	0.00242	0.00606
19	0.01193	0.00950	0.01125	0.00820	0.01281	0.00726	0.00655	0.01439	0.01204	0.05930	0.06799	0.01415	0.01184	0.00480	0.00437	0.00094	0.00402	0.00392	0.00369	0.73107
20	0.01463	0.77100	0.06515	0.00978	0.01469	0.02148	0.01001	0.01663	0.01127	0.01325	0.00781	0.00902	0.00710	0.00476	0.00364	0.00121	0.00603	0.00302	0.00237	0.00716
21	0.01123	0.01018	0.01479	0.31239	0.11707	0.01017	0.01133	0.01419	0.01142	0.01633	0.01133	0.01439	0.03243	0.00523	0.00529	0.00139	0.02754	0.00443	0.00294	0.36593
22	0.00791	0.00593	0.00890	0.00890	0.00989	0.00692	0.00692	0.00989	0.00890	0.01286	0.01483	0.02176	0.01385	0.04154	0.78341	0.00890	0.01483	0.00593	0.00297	0.00494
23	0.00827	0.00611	0.00706	0.05333	0.00970	0.00586	0.00534	0.01113	0.05156	0.01858	0.25297	0.03941	0.32612	0.01090	0.00591	0.00172	0.00306	0.00923	0.16851	0.00523
24	0.01024	0.03425	0.00951	0.06736	0.01157	0.07342	0.00644	0.01191	0.01239	0.05693	0.21992	0.17203	0.06780	0.15800	0.02184	0.00254	0.00472	0.00899	0.00454	0.04559
25	0.01506	0.01278	0.01218	0.00969	0.01355	0.16267	0.00761	0.05672	0.01431	0.11812	0.12407	0.01670	0.01533	0.00600	0.00491	0.00124	0.00524	0.00473	0.00421	0.39487
26	0.06583	0.00741	0.01003	0.00933	0.01062	0.00860	0.00734	0.01143	0.00947	0.04054	0.03840	0.02039	0.03410	0.04468	0.44778	0.04847	0.12781	0.00570	0.00321	0.04886
27	0.00881	0.00629	0.00879	0.01007	0.01129	0.00627	0.00872	0.01127	0.01263	0.01644	0.02939	0.10212	0.03213	0.01541	0.00762	0.00253	0.00500	0.69504	0.00510	0.00507
28	0.01148	0.00984	0.01148	0.00820	0.01312	0.00738	0.00656	0.01395	0.01148	0.01805	0.00984	0.01148	0.00820	0.00410	0.00410	0.00082	0.00410	0.00328	0.00328	0.83922
29	0.78203	0.01107	0.00878	0.00770	0.01120	0.01278	0.00634	0.07211	0.01069	0.02561	0.00814	0.00932	0.00626	0.00526	0.00359	0.00171	0.00442	0.00315	0.00359	0.00626
30	0.84448	0.01071	0.00814	0.00728	0.01071	0.01242	0.00600	0.01628	0.00943	0.02485	0.00771	0.00900	0.00600	0.00514	0.00343	0.00171	0.00428	0.00300	0.00343	0.00600
31	0.01921	0.01460	0.01558	0.01237	0.01647	0.01631	0.01008	0.56907	0.21232	0.03193	0.01564	0.01516	0.01132	0.00687	0.00556	0.00172	0.00566	0.00531	0.00556	0.00925
32	0.01115	0.00934	0.01389	0.07287	0.27219	0.00957	0.01058	0.10301	0.01322	0.01805	0.02006	0.37942	0.02168	0.01095	0.00623	0.00194	0.00501	0.00996	0.00418	0.00668
33	0.00823	0.00585	0.00728	0.00715	0.00738	0.00634	0.00464	0.00876	0.00827	0.01137	0.01631	0.03162	0.01800	0.58644	0.20292	0.00603	0.04893	0.00739	0.00322	0.00387
34	0.00892	0.00637	0.00892	0.01020	0.01147	0.00637	0.00892	0.01147	0.01275	0.01657	0.02932	0.06247	0.03187	0.01530	0.00765	0.00255	0.00510	0.73354	0.00510	0.00510
35	0.01046	0.00984	0.01661	0.79205	0.03814	0.01230	0.01538	0.01415	0.01107	0.01415	0.00984	0.01477	0.00738	0.00554	0.00554	0.00185	0.00738	0.00492	0.00246	0.00615
36	0.02002	0.02532	0.01534	0.01399	0.01674	0.74248	0.01050	0.02148	0.01534	0.01352	0.00889	0.01060	0.00749	0.00758	0.04576	0.00182	0.01024	0.00369	0.00286	0.00634
37	0.01630	0.01001	0.01219	0.00897	0.01366	0.00814	0.00728	0.05682	0.01365	0.26293	0.01390	0.01395	0.01004	0.00512	0.00465	0.00115	0.00440	0.00411	0.00455	0.52817
38	0.01213	0.00982	0.01155	0.00828	0.01317	0.00742	0.00664	0.01458	0.01170	0.05471	0.01043	0.01184	0.00847	0.00423	0.00417	0.00086	0.00413	0.00339	0.00345	0.79900
39	0.00764	0.00605	0.00795	0.00803	0.00948	0.00533	0.03116	0.00910	0.01132	0.01505	0.03228	0.48492	0.17803	0.01446	0.00660	0.00200	0.00356	0.05187	0.00482	0.11035
40	0.01148	0.00984	0.01148	0.00820	0.01312	0.00738	0.00656	0.01395	0.01148	0.01805	0.00984	0.01148	0.00820	0.00410	0.00410	0.00082	0.00410	0.00328	0.00328	0.83922
41	0.00736	0.00537	0.00733	0.04899	0.00999	0.00524	0.00610	0.00872	0.01106	0.01473	0.06851	0.58046	0.03446	0.05619	0.00811	0.00240	0.00376	0.11159	0.00496	0.00465
42	0.01358	0.23248	0.42697	0.01365	0.01989	0.04118	0.01566	0.10067	0.01316	0.01796	0.00954	0.01110	0.00733	0.00553	0.00553	0.00162	0.04962	0.00392	0.00273	0.00787
43	0.00991	0.00614	0.00792	0.00720	0.00895	0.00555	0.00549	0.01233	0.01537	0.11921	0.59443	0.03973	0.12425	0.01103	0.00641	0.00175	0.00291	0.00962	0.00609	0.00571
44	0.00986	0.00520	0.00547	0.00549	0.00673	0.00513	0.00409	0.01236	0.01200	0.02046	0.09963	0.06514	0.01952	0.00757	0.00433	0.00139	0.00262	0.00626	0.70161	0.00513
45	0.00822	0.00572	0.00737	0.04896	0.00877	0.00610	0.00495	0.00879	0.00838	0.01139	0.01602	0.03059	0.01740	0.53674	0.21227	0.04633	0.00778	0.00721	0.00317	0.00385
46	0.01274	0.11905	0.01400	0.00862	0.01339	0.00974	0.00716	0.01578	0.05091	0.05609	0.01083	0.01198	0.00879	0.00451	0.00418	0.00097	0.00440	0.00351	0.00346	0.63989
47	0.16985	0.52998	0.05176	0.00941	0.01361	0.05535	0.00898	0.01616	0.01109	0.01553	0.00956	0.06920	0.00914	0.00584	0.00393	0.00140	0.00569	0.00401	0.00280	0.00671

[dist]
# distance from previous block
# <min> <max>
10	16

[block]
# block no. 3 follows, 43 sequences, length 10
# corresponding to MSA columns:
# 332-341
name=unknown_D
#
# <colnr> <probs for GDERKNQSTAVLIFYWHMCP>
#	G	D	E	R	K	N	Q	S	T	A	V	L	I	F	Y	W	H	M	C	P
0	0.00723	0.00582	0.00702	0.06307	0.00997	0.00542	0.00542	0.00895	0.01255	0.01603	0.19106	0.14767	0.41282	0.04389	0.03623	0.00229	0.00369	0.01106	0.00500	0.00483
1	0.01930	0.09633	0.08565	0.01398	0.01748	0.64568	0.01147	0.02121	0.01494	0.01387	0.00861	0.01004	0.00712	0.00558	0.00489	0.00143	0.00946	0.00356	0.00276	0.00664
2	0.00907	0.00761	0.00865	0.00704	0.01026	0.00604	0.00547	0.01116	0.01256	0.01754	0.14474	0.03176	0.29937	0.00893	0.00539	0.00136	0.00339	0.00747	0.00441	0.39776
3	0.01481	0.80869	0.02902	0.00948	0.01421	0.02191	0.00948	0.01658	0.01125	0.01303	0.00770	0.00888	0.00711	0.00474	0.00355	0.00118	0.00592	0.00296	0.00237	0.00711
4	0.00960	0.00656	0.00874	0.00933	0.01043	0.00678	0.00749	0.01239	0.10962	0.01534	0.02307	0.09867	0.02410	0.01551	0.01121	0.23358	0.00479	0.38357	0.00443	0.00479
5	0.01616	0.01279	0.01371	0.01148	0.01497	0.01438	0.00916	0.31547	0.40357	0.02775	0.08371	0.01953	0.01700	0.00750	0.00568	0.00178	0.00491	0.00608	0.00564	0.00872
6	0.01128	0.01020	0.01260	0.13821	0.08402	0.03830	0.00905	0.01567	0.11563	0.01761	0.05401	0.02030	0.10408	0.00775	0.03117	0.00167	0.00525	0.00555	0.00376	0.31389
7	0.01161	0.00748	0.00959	0.00938	0.04767	0.00726	0.00672	0.07872	0.01356	0.10027	0.15491	0.18144	0.02432	0.01395	0.10814	0.00262	0.00521	0.00814	0.12761	0.08139
8	0.01143	0.08521	0.18614	0.13834	0.12091	0.01147	0.01266	0.01568	0.04838	0.01771	0.11759	0.01679	0.01444	0.00594	0.00514	0.00152	0.00584	0.00501	0.00330	0.17649
9	0.01426	0.08422	0.31962	0.01345	0.07066	0.01133	0.01338	0.01825	0.01244	0.15844	0.01198	0.01288	0.00870	0.00519	0.00489	0.00145	0.00617	0.00412	0.00346	0.22513

[dist]
# distance from previous block
# <min> <max>
0	8

[block]
# block no. 4 follows, 43 sequences, length 14
# corresponding to MSA columns:
# 350-361,366,367
name=unknown_E
#
# <colnr> <probs for GDERKNQSTAVLIFYWHMCP>
#	G	D	E	R	K	N	Q	S	T	A	V	L	I	F	Y	W	H	M	C	P
0	0.05669	0.06678	0.01835	0.07415	0.28913	0.02477	0.06197	0.07044	0.02872	0.12566	0.09540	0.01806	0.03308	0.00633	0.00547	0.00167	0.00585	0.00563	0.00400	0.00786
1	0.50737	0.06032	0.18183	0.01177	0.06794	0.01307	0.03709	0.01663	0.01043	0.02169	0.00856	0.01018	0.00661	0.00509	0.00411	0.00168	0.00558	0.00351	0.00305	0.02348
2	0.07173	0.01222	0.01808	0.11899	0.05182	0.01334	0.18684	0.08324	0.28597	0.02088	0.01530	0.01685	0.01166	0.00851	0.05783	0.00230	0.00690	0.00573	0.00407	0.00771
3	0.00972	0.00651	0.00831	0.00757	0.00922	0.00617	0.00576	0.06108	0.01613	0.06893	0.63401	0.07666	0.04622	0.01104	0.00643	0.00176	0.00301	0.00970	0.00606	0.00573
4	0.00732	0.00512	0.00649	0.00716	0.00748	0.00497	0.00464	0.00813	0.01003	0.01351	0.07835	0.45069	0.03106	0.28253	0.05349	0.00360	0.00448	0.01225	0.00450	0.00419
5	0.00768	0.00566	0.00719	0.00680	0.00818	0.00516	0.00510	0.01015	0.01531	0.02134	0.68228	0.04280	0.13842	0.01165	0.00653	0.00176	0.00264	0.01022	0.00598	0.00516
6	0.01519	0.75838	0.02816	0.00978	0.01440	0.07087	0.00956	0.01694	0.01154	0.01306	0.00775	0.00896	0.00711	0.00480	0.00365	0.00120	0.00618	0.00300	0.00240	0.00706
7	0.01046	0.00838	0.00943	0.00857	0.00963	0.05984	0.04265	0.09168	0.01112	0.01443	0.01720	0.10594	0.01870	0.49329	0.07158	0.00444	0.00638	0.00796	0.00369	0.00466
8	0.03918	0.01150	0.01338	0.01084	0.01435	0.01222	0.00877	0.24331	0.16280	0.23967	0.06771	0.01862	0.01506	0.02127	0.03127	0.00203	0.04499	0.00571	0.00558	0.03174
9	0.01521	0.01508	0.01765	0.04734	0.33700	0.14797	0.01291	0.05873	0.25124	0.01963	0.01407	0.01528	0.01105	0.00599	0.00545	0.00169	0.00648	0.00512	0.00381	0.00831
10	0.01349	0.01293	0.02208	0.08537	0.72116	0.01310	0.01689	0.01680	0.01251	0.01783	0.01038	0.01378	0.00868	0.00498	0.00549	0.00166	0.00663	0.00493	0.00272	0.00860
11	0.17118	0.03617	0.06575	0.05164	0.03213	0.17680	0.13503	0.07832	0.06597	0.07191	0.02303	0.04565	0.01035	0.00619	0.00521	0.00170	0.00695	0.00510	0.00371	0.00720
12	0.01090	0.00733	0.00991	0.00980	0.01151	0.00774	0.00811	0.08699	0.01305	0.07335	0.05775	0.03831	0.02263	0.02323	0.29188	0.00469	0.00862	0.30385	0.00454	0.00581
13	0.04219	0.19207	0.13587	0.01001	0.01324	0.01167	0.02263	0.01394	0.06406	0.01464	0.01483	0.01850	0.05933	0.04273	0.22680	0.09494	0.00834	0.00520	0.00303	0.00597

[dist]
# distance from previous block
# <min> <max>
0	112

# created by:
# /home/berkeley/.conda/envs/busco_data_prod/bin/msa2prfl.pl pipeline/OGs_align_augustus/33634/159753.fs
