[name]
unknown

[dist]
# distance from previous block
# <min> <max>
0	43

[block]
# block no. 0 follows, 42 sequences, length 13
# corresponding to MSA columns:
# 443-455
name=unknown_A
#
# <colnr> <probs for GDERKNQSTAVLIFYWHMCP>
#	G	D	E	R	K	N	Q	S	T	A	V	L	I	F	Y	W	H	M	C	P
0	0.01078	0.00773	0.00997	0.12442	0.01427	0.00812	0.00769	0.05710	0.05973	0.06718	0.20357	0.06456	0.14024	0.03514	0.03218	0.00220	0.02353	0.05109	0.07446	0.00602
1	0.01490	0.05230	0.08201	0.01898	0.23205	0.01290	0.07616	0.08076	0.11835	0.10024	0.07218	0.01715	0.01375	0.00633	0.00597	0.00170	0.02922	0.00555	0.00412	0.05537
2	0.00903	0.00609	0.00774	0.00749	0.00896	0.00574	0.00570	0.01182	0.03861	0.05708	0.47104	0.11125	0.09630	0.01273	0.02731	0.00205	0.00339	0.05702	0.05515	0.00550
3	0.01642	0.01423	0.04861	0.03674	0.05319	0.08687	0.04233	0.25609	0.14269	0.07515	0.09068	0.07880	0.01715	0.00787	0.00584	0.00178	0.00591	0.00657	0.00500	0.00808
4	0.00756	0.00558	0.00707	0.00702	0.00824	0.00509	0.00514	0.00972	0.01450	0.01993	0.52144	0.18750	0.15422	0.01307	0.00674	0.00189	0.00280	0.01153	0.00587	0.00509
5	0.01452	0.01450	0.02226	0.03286	0.70427	0.07761	0.01673	0.01771	0.01308	0.01800	0.01043	0.01361	0.00877	0.00508	0.00553	0.00165	0.00698	0.00490	0.00280	0.00871
6	0.00978	0.00489	0.00733	0.00733	0.00733	0.00489	0.00489	0.00733	0.00733	0.00978	0.00978	0.01711	0.00978	0.01955	0.02199	0.83627	0.00489	0.00489	0.00244	0.00244
7	0.54613	0.01577	0.01111	0.00984	0.01324	0.22976	0.00780	0.07515	0.01269	0.02280	0.00852	0.00977	0.00669	0.00551	0.00410	0.00165	0.00613	0.00337	0.00348	0.00649
8	0.01428	0.01422	0.02195	0.07788	0.66543	0.07293	0.01668	0.01750	0.01296	0.01779	0.01040	0.01370	0.00870	0.00511	0.00554	0.00167	0.00700	0.00491	0.00278	0.00857
9	0.01488	0.04656	0.26755	0.03728	0.07854	0.13200	0.24035	0.01926	0.01333	0.08021	0.01125	0.01337	0.00829	0.00533	0.00569	0.00174	0.00845	0.00501	0.00302	0.00788
10	0.01185	0.07720	0.04932	0.01033	0.02914	0.03333	0.00826	0.08489	0.21132	0.02108	0.21732	0.14946	0.05372	0.00995	0.00600	0.00183	0.00443	0.00848	0.00515	0.00694
11	0.00787	0.00572	0.00741	0.00743	0.00818	0.00598	0.00523	0.00911	0.00977	0.01332	0.07759	0.06453	0.10854	0.30397	0.33405	0.00611	0.00883	0.00820	0.00374	0.00442
12	0.01528	0.20934	0.17476	0.01500	0.11513	0.06575	0.02583	0.06785	0.07419	0.08709	0.04290	0.01414	0.01097	0.00581	0.00502	0.00155	0.00644	0.00458	0.00360	0.05476

[dist]
# distance from previous block
# <min> <max>
5	7

[block]
# block no. 1 follows, 42 sequences, length 25
# corresponding to MSA columns:
# 463-487
name=unknown_B
#
# <colnr> <probs for GDERKNQSTAVLIFYWHMCP>
#	G	D	E	R	K	N	Q	S	T	A	V	L	I	F	Y	W	H	M	C	P
0	0.19357	0.04555	0.15181	0.01197	0.04390	0.03689	0.04684	0.03069	0.04059	0.16855	0.04532	0.11528	0.01454	0.00750	0.00528	0.00178	0.00559	0.00615	0.00430	0.02389
1	0.19232	0.04517	0.01367	0.01109	0.01473	0.16039	0.00884	0.14314	0.22762	0.05316	0.01397	0.01401	0.01057	0.00626	0.00492	0.00164	0.00586	0.00456	0.00446	0.06362
2	0.12148	0.00802	0.00938	0.00803	0.01069	0.00764	0.00631	0.04382	0.03187	0.15476	0.39164	0.02984	0.06193	0.00906	0.00577	0.00168	0.00358	0.00761	0.00565	0.08125
3	0.01726	0.14239	0.07255	0.01339	0.08479	0.01197	0.05486	0.08676	0.01459	0.27785	0.01794	0.14987	0.01515	0.00799	0.00561	0.00175	0.00558	0.00684	0.00482	0.00805
4	0.11784	0.04157	0.11613	0.01215	0.03403	0.04273	0.05903	0.09048	0.11921	0.12522	0.11031	0.07441	0.01771	0.00763	0.00555	0.00179	0.00554	0.00636	0.00469	0.00763
5	0.00730	0.00508	0.00640	0.00727	0.00748	0.00487	0.00462	0.00795	0.00991	0.01321	0.02657	0.54348	0.03161	0.28036	0.01437	0.00335	0.00400	0.01338	0.00462	0.00418
6	0.01186	0.01100	0.01856	0.15875	0.43471	0.01135	0.04353	0.01484	0.01214	0.01679	0.01480	0.12993	0.01446	0.03137	0.00668	0.00197	0.00632	0.05031	0.00325	0.00739
7	0.01811	0.01595	0.15671	0.01649	0.08948	0.04867	0.15120	0.06812	0.07027	0.28336	0.01573	0.01594	0.01085	0.00605	0.00575	0.00177	0.00682	0.00543	0.00459	0.00871
8	0.01250	0.03824	0.11700	0.14700	0.06933	0.01338	0.25814	0.03719	0.10454	0.01775	0.01309	0.01779	0.01066	0.05683	0.00793	0.00211	0.03958	0.02637	0.00323	0.00735
9	0.00718	0.00532	0.00670	0.00721	0.00814	0.00484	0.00508	0.00878	0.01282	0.01718	0.27375	0.41888	0.17338	0.01503	0.00691	0.00205	0.00299	0.01337	0.00554	0.00484
10	0.01124	0.01557	0.23651	0.01573	0.06872	0.01119	0.15380	0.06138	0.01201	0.01710	0.01262	0.01727	0.01061	0.04830	0.27744	0.00447	0.01055	0.00556	0.00296	0.00696
11	0.04975	0.09576	0.16448	0.04182	0.11723	0.01342	0.05967	0.11901	0.04156	0.22157	0.01407	0.01456	0.00994	0.00592	0.00536	0.00170	0.00640	0.00490	0.00430	0.00861
12	0.00958	0.00855	0.07030	0.03883	0.12232	0.00706	0.00877	0.01158	0.01169	0.06382	0.05007	0.51924	0.02874	0.01351	0.00663	0.00209	0.00439	0.01222	0.00469	0.00591
13	0.01400	0.01209	0.01273	0.01145	0.01463	0.01400	0.00891	0.02990	0.75695	0.02354	0.02291	0.02100	0.01718	0.00764	0.00573	0.00191	0.00445	0.00636	0.00573	0.00891
14	0.39480	0.01249	0.01177	0.03913	0.01372	0.06840	0.00825	0.14911	0.01307	0.03658	0.01042	0.02547	0.00888	0.07399	0.00827	0.00213	0.10873	0.00446	0.00375	0.00658
15	0.00772	0.00569	0.00722	0.00695	0.00829	0.00519	0.00517	0.01011	0.01519	0.02108	0.62446	0.09252	0.14498	0.01226	0.00667	0.00182	0.00272	0.01078	0.00601	0.00519
16	0.01167	0.01000	0.01167	0.00834	0.01334	0.00750	0.00667	0.01417	0.01167	0.01834	0.01000	0.01167	0.00834	0.00417	0.00417	0.00083	0.00417	0.00333	0.00333	0.83663
17	0.01132	0.00727	0.00981	0.00988	0.06975	0.00658	0.00696	0.01384	0.01498	0.13687	0.43298	0.03664	0.09918	0.01029	0.00631	0.00176	0.00358	0.05467	0.00571	0.06163
18	0.01757	0.23811	0.19313	0.01314	0.06707	0.04513	0.01225	0.04651	0.01379	0.24810	0.01327	0.01343	0.00950	0.00569	0.00492	0.00154	0.00631	0.00433	0.00400	0.04221
19	0.01097	0.01035	0.01750	0.71050	0.11428	0.01259	0.01580	0.01468	0.01141	0.01479	0.01006	0.01489	0.00765	0.00556	0.00562	0.00185	0.00742	0.00500	0.00253	0.00653
20	0.01378	0.01269	0.02579	0.01915	0.02379	0.01187	0.50810	0.01779	0.01374	0.10811	0.06331	0.02412	0.01536	0.00695	0.00668	0.00197	0.00789	0.10768	0.00388	0.00735
21	0.01473	0.01500	0.02170	0.06241	0.63920	0.11396	0.01636	0.01784	0.01316	0.01762	0.01031	0.01348	0.00864	0.00514	0.00551	0.00165	0.00717	0.00483	0.00279	0.00849
22	0.00686	0.00508	0.00642	0.00742	0.00807	0.00463	0.00505	0.00799	0.01134	0.01483	0.06361	0.63406	0.17051	0.01678	0.00707	0.00220	0.00317	0.01503	0.00526	0.00463
23	0.00845	0.00616	0.00828	0.00941	0.01065	0.00599	0.00791	0.01067	0.01264	0.01629	0.03354	0.16266	0.12923	0.01566	0.00755	0.00246	0.00461	0.53761	0.00519	0.00504
24	0.01727	0.01078	0.01225	0.00968	0.01322	0.01091	0.00785	0.27641	0.01764	0.16084	0.01559	0.01619	0.01138	0.00643	0.00540	0.00149	0.03263	0.00494	0.22678	0.14234

[dist]
# distance from previous block
# <min> <max>
1	4

[block]
# block no. 2 follows, 42 sequences, length 8
# corresponding to MSA columns:
# 492-499
name=unknown_C
#
# <colnr> <probs for GDERKNQSTAVLIFYWHMCP>
#	G	D	E	R	K	N	Q	S	T	A	V	L	I	F	Y	W	H	M	C	P
0	0.07596	0.00760	0.00964	0.00874	0.01131	0.00696	0.00685	0.01737	0.01343	0.34515	0.02825	0.25361	0.10481	0.01152	0.00624	0.00199	0.00413	0.07362	0.00585	0.00694
1	0.00960	0.00495	0.00720	0.00720	0.00720	0.00495	0.00472	0.00743	0.00743	0.00990	0.01065	0.01929	0.01096	0.10608	0.02273	0.74442	0.00495	0.00525	0.00255	0.00255
2	0.01400	0.01271	0.02117	0.08755	0.62607	0.01266	0.01599	0.01726	0.01275	0.05010	0.01099	0.01407	0.00898	0.00508	0.00548	0.00163	0.00648	0.00492	0.00298	0.06912
3	0.76470	0.01033	0.00811	0.00744	0.01063	0.01188	0.00601	0.01574	0.00969	0.02424	0.00998	0.08218	0.00897	0.00637	0.00383	0.00179	0.00425	0.00425	0.00364	0.00595
4	0.01020	0.00687	0.00845	0.00810	0.00986	0.00664	0.00628	0.01381	0.09612	0.08868	0.30474	0.06295	0.14534	0.07906	0.00852	0.00226	0.00375	0.12691	0.00564	0.00582
5	0.00701	0.00501	0.00671	0.00802	0.00841	0.00471	0.00550	0.00811	0.01093	0.01454	0.03093	0.74594	0.03687	0.01748	0.00723	0.00231	0.00340	0.06705	0.00522	0.00461
6	0.01433	0.01431	0.02204	0.03056	0.60788	0.06931	0.04716	0.01801	0.04444	0.01799	0.01083	0.01392	0.00904	0.00544	0.00630	0.00172	0.05026	0.00503	0.00290	0.00853
7	0.01602	0.54728	0.06953	0.01003	0.01479	0.01821	0.00983	0.05016	0.01302	0.11949	0.05196	0.01269	0.01081	0.00558	0.00427	0.00135	0.00575	0.00394	0.00341	0.03186

[dist]
# distance from previous block
# <min> <max>
8	19

[block]
# block no. 3 follows, 42 sequences, length 13
# corresponding to MSA columns:
# 520-532
name=unknown_D
#
# <colnr> <probs for GDERKNQSTAVLIFYWHMCP>
#	G	D	E	R	K	N	Q	S	T	A	V	L	I	F	Y	W	H	M	C	P
0	0.37541	0.02771	0.00957	0.00810	0.01101	0.03686	0.00633	0.03179	0.01059	0.01989	0.01227	0.07308	0.01176	0.09981	0.07440	0.00266	0.00560	0.01849	0.00357	0.16111
1	0.01219	0.03220	0.01121	0.00929	0.01169	0.00825	0.06987	0.02991	0.11521	0.11082	0.14163	0.12150	0.07518	0.00941	0.00574	0.00176	0.00405	0.02329	0.20031	0.00650
2	0.06670	0.01289	0.01771	0.01458	0.04033	0.06308	0.19180	0.13395	0.12793	0.07123	0.08747	0.09607	0.01723	0.00780	0.00627	0.00185	0.02393	0.00705	0.00458	0.00756
3	0.00872	0.00587	0.00740	0.00724	0.00855	0.00540	0.00534	0.01068	0.01384	0.06168	0.40500	0.13496	0.14632	0.09881	0.00912	0.00230	0.00334	0.05463	0.00562	0.00517
4	0.01051	0.00712	0.00883	0.00891	0.01064	0.00706	0.00694	0.01471	0.13640	0.09315	0.12057	0.24359	0.11491	0.01329	0.00680	0.00213	0.00394	0.17885	0.00559	0.00604
5	0.00720	0.00515	0.00690	0.00800	0.00854	0.00485	0.00562	0.00853	0.01158	0.01554	0.11406	0.63929	0.03854	0.01673	0.00718	0.00226	0.00339	0.08659	0.00533	0.00472
6	0.00852	0.00613	0.00816	0.00914	0.01025	0.00600	0.00753	0.01058	0.01233	0.01603	0.05900	0.12270	0.09573	0.10470	0.00995	0.00280	0.00475	0.49577	0.00503	0.00490
7	0.77100	0.01077	0.00869	0.00763	0.01119	0.01225	0.00628	0.01749	0.01014	0.09005	0.00908	0.01001	0.00678	0.00538	0.00367	0.00174	0.00439	0.00327	0.00379	0.00640
8	0.01961	0.01488	0.01588	0.01259	0.01677	0.01662	0.01026	0.57484	0.20288	0.03259	0.01578	0.01532	0.01141	0.00697	0.00565	0.00174	0.00577	0.00538	0.00565	0.00941
9	0.02275	0.00976	0.01261	0.00982	0.01391	0.00879	0.00806	0.09725	0.01677	0.61179	0.02528	0.02256	0.09868	0.00777	0.00577	0.00175	0.00471	0.00631	0.00663	0.00903
10	0.01456	0.10948	0.29933	0.01272	0.01792	0.10005	0.01326	0.06242	0.10794	0.08557	0.10746	0.01704	0.01495	0.00663	0.00537	0.00168	0.00663	0.00519	0.00394	0.00787
11	0.09327	0.01532	0.26682	0.01379	0.09366	0.00998	0.04073	0.01472	0.03264	0.01932	0.19870	0.10997	0.02275	0.03616	0.00659	0.00196	0.00562	0.00726	0.00394	0.00681
12	0.01062	0.03763	0.00906	0.00767	0.00975	0.00635	0.00586	0.01264	0.01392	0.12679	0.31405	0.19430	0.13752	0.01164	0.00629	0.00179	0.00337	0.01013	0.00558	0.07502

[dist]
# distance from previous block
# <min> <max>
0	2

[block]
# block no. 4 follows, 42 sequences, length 20
# corresponding to MSA columns:
# 535-554
name=unknown_E
#
# <colnr> <probs for GDERKNQSTAVLIFYWHMCP>
#	G	D	E	R	K	N	Q	S	T	A	V	L	I	F	Y	W	H	M	C	P
0	0.09272	0.01207	0.07825	0.01614	0.19819	0.01011	0.02643	0.02026	0.01387	0.30543	0.08070	0.01759	0.01423	0.00629	0.00538	0.00165	0.00536	0.00534	0.00475	0.08525
1	0.01377	0.01281	0.01244	0.00943	0.01406	0.13705	0.00744	0.01608	0.01256	0.04703	0.01026	0.01171	0.00837	0.00455	0.00438	0.00097	0.00520	0.00347	0.00340	0.66501
2	0.01353	0.01323	0.10058	0.01898	0.27490	0.01166	0.01242	0.09978	0.11448	0.05419	0.18738	0.02128	0.02032	0.00716	0.00579	0.00172	0.00544	0.00629	0.00443	0.02641
3	0.01282	0.01868	0.32604	0.02873	0.03904	0.01253	0.07162	0.08617	0.17064	0.03846	0.10775	0.01901	0.02964	0.00687	0.00576	0.00181	0.00646	0.00586	0.00406	0.00807
4	0.15273	0.01356	0.08931	0.02009	0.30987	0.01171	0.04809	0.01746	0.02866	0.06441	0.01096	0.01297	0.00861	0.00506	0.00496	0.00153	0.00588	0.00439	0.00330	0.18645
5	0.01164	0.01006	0.01203	0.01211	0.08118	0.01105	0.00855	0.02034	0.36337	0.02095	0.18157	0.02778	0.11140	0.00906	0.00694	0.00187	0.06424	0.00750	0.00517	0.03319
6	0.01076	0.08153	0.01511	0.05057	0.08787	0.00956	0.09825	0.01332	0.01480	0.02037	0.41935	0.05443	0.08041	0.00997	0.00657	0.00191	0.00477	0.00880	0.00509	0.00656
7	0.00818	0.00546	0.00614	0.00614	0.00614	0.00546	0.00341	0.00818	0.00818	0.01091	0.01773	0.03683	0.02046	0.80222	0.02864	0.00546	0.00546	0.00818	0.00341	0.00341
8	0.01004	0.00662	0.00814	0.00799	0.00962	0.00628	0.00594	0.02752	0.07527	0.09981	0.21700	0.29536	0.16120	0.01325	0.00666	0.00200	0.00342	0.03236	0.00570	0.00581
9	0.01129	0.02911	0.77306	0.01604	0.02436	0.01307	0.02079	0.01782	0.01188	0.01782	0.01010	0.01188	0.00713	0.00535	0.00535	0.00178	0.00832	0.00416	0.00238	0.00832
10	0.01543	0.67278	0.02700	0.01005	0.01469	0.02114	0.00964	0.07393	0.08068	0.01588	0.00964	0.01046	0.00831	0.00522	0.00396	0.00131	0.00589	0.00347	0.00296	0.00756
11	0.00776	0.00554	0.00756	0.00886	0.00958	0.00535	0.00679	0.00939	0.01166	0.01537	0.03052	0.49965	0.03526	0.01678	0.00742	0.00241	0.00404	0.30602	0.00521	0.00482
12	0.06241	0.01336	0.01409	0.01216	0.05228	0.07118	0.00923	0.20068	0.19644	0.12460	0.01543	0.01524	0.01135	0.00624	0.00520	0.00156	0.00541	0.00489	0.00491	0.17334
13	0.01508	0.04700	0.17129	0.04271	0.01818	0.01283	0.03933	0.12605	0.20747	0.10017	0.03172	0.01600	0.01205	0.00624	0.00536	0.00164	0.00582	0.00511	0.00444	0.13150
14	0.01740	0.03149	0.15873	0.01570	0.13471	0.04123	0.01258	0.21810	0.01741	0.17770	0.08292	0.01822	0.01439	0.00687	0.00566	0.00173	0.00617	0.02571	0.00472	0.00856
15	0.01482	0.28466	0.30059	0.01322	0.01914	0.03660	0.04695	0.08582	0.07040	0.06105	0.01134	0.01229	0.00860	0.00555	0.00489	0.00158	0.00696	0.00421	0.00324	0.00810
16	0.01278	0.00798	0.01202	0.01091	0.04897	0.00721	0.08977	0.01503	0.01396	0.20896	0.18073	0.17653	0.16968	0.01096	0.00644	0.00189	0.00431	0.00980	0.00548	0.00658
17	0.02155	0.00920	0.01280	0.00996	0.01396	0.00797	0.04350	0.02372	0.01542	0.60763	0.02751	0.02483	0.13963	0.00808	0.00587	0.00178	0.00469	0.00675	0.00647	0.00867
18	0.01649	0.01638	0.19498	0.01935	0.22048	0.01262	0.05601	0.14898	0.01570	0.16856	0.01459	0.01778	0.01114	0.00647	0.00575	0.00179	0.00667	0.05339	0.00418	0.00870
19	0.01663	0.01130	0.01485	0.01270	0.04520	0.01165	0.07620	0.17967	0.18294	0.18485	0.11913	0.06416	0.02000	0.00820	0.00602	0.00183	0.00517	0.02563	0.00561	0.00826

[dist]
# distance from previous block
# <min> <max>
0	2

[block]
# block no. 5 follows, 42 sequences, length 9
# corresponding to MSA columns:
# 557-565
name=unknown_F
#
# <colnr> <probs for GDERKNQSTAVLIFYWHMCP>
#	G	D	E	R	K	N	Q	S	T	A	V	L	I	F	Y	W	H	M	C	P
0	0.03306	0.00918	0.01195	0.01052	0.03403	0.02831	0.05738	0.04674	0.09038	0.17311	0.27062	0.09780	0.06279	0.00946	0.00612	0.00179	0.00435	0.00829	0.00557	0.03856
1	0.00857	0.01074	0.16888	0.01003	0.01261	0.00742	0.00929	0.01126	0.01078	0.01532	0.04986	0.28189	0.02221	0.02184	0.25530	0.00426	0.00822	0.03241	0.00384	0.05528
2	0.01167	0.01000	0.01167	0.00834	0.01334	0.00750	0.00667	0.01417	0.01167	0.01834	0.01000	0.01167	0.00834	0.00417	0.00417	0.00083	0.00417	0.00333	0.00333	0.83663
3	0.02291	0.01072	0.01357	0.01033	0.01479	0.00980	0.00850	0.15313	0.01739	0.54920	0.01918	0.01724	0.01248	0.00659	0.00547	0.00162	0.00496	0.00527	0.00629	0.11057
4	0.84197	0.01088	0.00827	0.00740	0.01088	0.01262	0.00609	0.01654	0.00958	0.02525	0.00784	0.00914	0.00609	0.00522	0.00348	0.00174	0.00435	0.00305	0.00348	0.00609
5	0.00693	0.00497	0.00646	0.00762	0.00800	0.00464	0.00506	0.00787	0.01070	0.01418	0.03143	0.71125	0.07217	0.06939	0.00858	0.00248	0.00339	0.01528	0.00510	0.00450
6	0.01262	0.00999	0.06745	0.04591	0.03092	0.03715	0.02681	0.01623	0.05913	0.16004	0.34685	0.04971	0.07081	0.00959	0.00623	0.00181	0.00446	0.03210	0.00546	0.00672
7	0.02102	0.02682	0.01595	0.01450	0.01740	0.77963	0.01087	0.02247	0.01595	0.01377	0.00870	0.01015	0.00725	0.00580	0.00507	0.00145	0.01015	0.00362	0.00290	0.00652
8	0.08080	0.00543	0.00668	0.00780	0.00840	0.00528	0.00530	0.00861	0.01067	0.01533	0.02896	0.72865	0.03446	0.01653	0.00686	0.00224	0.00336	0.01485	0.00507	0.00471

[dist]
# distance from previous block
# <min> <max>
0	1

[block]
# block no. 6 follows, 42 sequences, length 24
# corresponding to MSA columns:
# 567-590
name=unknown_G
#
# <colnr> <probs for GDERKNQSTAVLIFYWHMCP>
#	G	D	E	R	K	N	Q	S	T	A	V	L	I	F	Y	W	H	M	C	P
0	0.71617	0.01162	0.00887	0.00814	0.01140	0.06509	0.00667	0.01655	0.01030	0.02376	0.00972	0.01372	0.00836	0.00612	0.00395	0.00179	0.00482	0.06334	0.00358	0.00605
1	0.02102	0.02682	0.01595	0.01450	0.01740	0.77963	0.01087	0.02247	0.01595	0.01377	0.00870	0.01015	0.00725	0.00580	0.00507	0.00145	0.01015	0.00362	0.00290	0.00652
2	0.01349	0.01165	0.01224	0.01106	0.01415	0.01336	0.00859	0.02840	0.70556	0.02297	0.02526	0.02329	0.06881	0.00809	0.00579	0.00191	0.00434	0.00674	0.00569	0.00862
3	0.01049	0.00525	0.00525	0.00525	0.00656	0.00525	0.00393	0.01311	0.01180	0.02098	0.01836	0.02098	0.01442	0.00656	0.00393	0.00131	0.00262	0.00525	0.83346	0.00525
4	0.00805	0.00601	0.00892	0.00892	0.00988	0.00697	0.00688	0.00997	0.00901	0.01297	0.01519	0.02273	0.01434	0.07422	0.74828	0.00889	0.01467	0.00612	0.00303	0.00496
5	0.01086	0.00661	0.00914	0.00985	0.01138	0.00637	0.00824	0.01309	0.01298	0.11903	0.02899	0.19428	0.03078	0.01477	0.00738	0.00242	0.00477	0.49798	0.00543	0.00567
6	0.02102	0.02682	0.01595	0.01450	0.01740	0.77963	0.01087	0.02247	0.01595	0.01377	0.00870	0.01015	0.00725	0.00580	0.00507	0.00145	0.01015	0.00362	0.00290	0.00652
7	0.02283	0.01345	0.01546	0.01185	0.01630	0.01402	0.00979	0.47876	0.02259	0.31052	0.01676	0.01562	0.01120	0.00683	0.00564	0.00171	0.00567	0.00529	0.00613	0.00957
8	0.01200	0.00999	0.01100	0.01001	0.01257	0.01112	0.00772	0.02353	0.51186	0.02322	0.26807	0.02796	0.02906	0.00892	0.00603	0.00186	0.00386	0.00762	0.00588	0.00772
9	0.00732	0.00544	0.00687	0.00770	0.00851	0.00512	0.00541	0.00918	0.04011	0.01585	0.11634	0.55193	0.13707	0.01602	0.00702	0.00217	0.00327	0.04446	0.00535	0.00487
10	0.01328	0.01518	0.03321	0.02372	0.02941	0.01423	0.74668	0.01803	0.01328	0.01803	0.01139	0.01518	0.00854	0.00474	0.00664	0.00190	0.00949	0.00664	0.00285	0.00759
11	0.01060	0.00575	0.00604	0.00581	0.00726	0.00576	0.00440	0.04315	0.01297	0.02180	0.11967	0.02354	0.01949	0.00724	0.00437	0.00139	0.00277	0.00591	0.68666	0.00543
12	0.00687	0.00513	0.00641	0.00741	0.00813	0.00467	0.00511	0.00800	0.01131	0.01463	0.03696	0.60704	0.20441	0.01680	0.00708	0.00221	0.00322	0.03478	0.00522	0.00463
13	0.01100	0.01046	0.01718	0.65154	0.06622	0.01318	0.01525	0.01439	0.01096	0.01443	0.00967	0.01459	0.00755	0.00618	0.00737	0.00195	0.11424	0.00499	0.00251	0.00635
14	0.04891	0.01005	0.01350	0.01362	0.13639	0.00979	0.00923	0.03950	0.05819	0.17816	0.05202	0.01737	0.01322	0.01195	0.12984	0.00273	0.04244	0.00517	0.00429	0.20363
15	0.01072	0.00639	0.00799	0.00721	0.00920	0.00569	0.00554	0.01300	0.01512	0.15027	0.44869	0.04034	0.21254	0.01123	0.00640	0.00178	0.00307	0.00966	0.02927	0.00591
16	0.01238	0.01247	0.07388	0.01424	0.14387	0.00969	0.03791	0.03003	0.04649	0.01886	0.01082	0.01267	0.00878	0.00464	0.00469	0.00116	0.00518	0.00398	0.00330	0.54496
17	0.05044	0.11334	0.48567	0.01480	0.02159	0.01391	0.07889	0.03800	0.01237	0.03851	0.02632	0.01260	0.00850	0.00550	0.00548	0.00170	0.02570	0.00437	0.00281	0.03949
18	0.00736	0.00514	0.00649	0.00725	0.00756	0.00490	0.00468	0.00817	0.01041	0.01399	0.08778	0.50243	0.03340	0.25748	0.01371	0.00321	0.00389	0.01312	0.00475	0.00428
19	0.01054	0.01045	0.05567	0.60435	0.05675	0.01146	0.01429	0.01426	0.01176	0.01583	0.07318	0.01746	0.01179	0.00614	0.00558	0.00182	0.00678	0.00540	0.06020	0.00630
20	0.04047	0.23677	0.28371	0.07235	0.05303	0.02969	0.12972	0.01791	0.01221	0.05956	0.01028	0.01222	0.00783	0.00521	0.00505	0.00163	0.00745	0.00437	0.00279	0.00774
21	0.34334	0.01032	0.01144	0.03225	0.01384	0.01043	0.00773	0.04888	0.01379	0.43092	0.01592	0.01492	0.01052	0.00624	0.00481	0.00174	0.00475	0.00460	0.00543	0.00812
22	0.00831	0.00535	0.00711	0.00784	0.00858	0.00495	0.00540	0.00958	0.01179	0.06766	0.12989	0.62439	0.03739	0.03395	0.00749	0.00225	0.00334	0.01431	0.00544	0.00499
23	0.01488	0.08883	0.16657	0.11799	0.26050	0.03916	0.01498	0.08200	0.06503	0.07874	0.01212	0.01396	0.00920	0.00565	0.00536	0.00169	0.00681	0.00477	0.00342	0.00834

[dist]
# distance from previous block
# <min> <max>
4	21

[block]
# block no. 7 follows, 42 sequences, length 15
# corresponding to MSA columns:
# 612-626
name=unknown_H
#
# <colnr> <probs for GDERKNQSTAVLIFYWHMCP>
#	G	D	E	R	K	N	Q	S	T	A	V	L	I	F	Y	W	H	M	C	P
0	0.08922	0.09039	0.01615	0.04862	0.01648	0.21146	0.06673	0.11437	0.01470	0.07298	0.01364	0.06359	0.01226	0.06017	0.00710	0.00195	0.01915	0.04898	0.00385	0.02821
1	0.00784	0.00543	0.00668	0.00697	0.00741	0.00525	0.00455	0.00879	0.01075	0.01460	0.18369	0.23333	0.03238	0.39369	0.01742	0.00371	0.00428	0.04449	0.00456	0.00420
2	0.01555	0.01233	0.01217	0.01077	0.01370	0.11217	0.00832	0.06935	0.31502	0.13357	0.09396	0.11414	0.02057	0.00871	0.00584	0.00181	0.00504	0.00725	0.00544	0.03429
3	0.06416	0.01435	0.01451	0.05483	0.05490	0.13957	0.02967	0.18258	0.18488	0.08105	0.01876	0.03545	0.06720	0.00752	0.00562	0.00177	0.00609	0.02446	0.00474	0.00788
4	0.02164	0.01386	0.12154	0.01242	0.04370	0.01126	0.01089	0.17596	0.04544	0.45602	0.01829	0.01683	0.01200	0.00665	0.00561	0.00174	0.00564	0.00533	0.00584	0.00935
5	0.00738	0.00542	0.00698	0.00810	0.00864	0.00526	0.00549	0.00945	0.06528	0.01504	0.03042	0.74176	0.03576	0.01690	0.00708	0.00226	0.00335	0.01529	0.00526	0.00489
6	0.06687	0.01227	0.01857	0.26361	0.18416	0.03230	0.09433	0.11352	0.01427	0.09073	0.01266	0.04940	0.01003	0.00619	0.00565	0.00180	0.00680	0.00559	0.00363	0.00764
7	0.01594	0.29452	0.08899	0.10685	0.04690	0.07222	0.03974	0.15821	0.01479	0.04702	0.01019	0.01194	0.00808	0.00581	0.00570	0.00159	0.05632	0.00422	0.00328	0.00770
8	0.01256	0.01012	0.01135	0.01075	0.01320	0.01125	0.00845	0.09794	0.40659	0.02188	0.02467	0.17033	0.02285	0.01083	0.00636	0.00208	0.00455	0.14121	0.00552	0.00750
9	0.00805	0.00571	0.00756	0.00773	0.00825	0.00611	0.00539	0.00912	0.00899	0.01240	0.01825	0.09432	0.01965	0.37316	0.34940	0.00660	0.00940	0.04213	0.00347	0.00428
10	0.07031	0.04464	0.10150	0.08989	0.12305	0.10638	0.08667	0.11807	0.07072	0.05409	0.03937	0.01503	0.01084	0.00742	0.03617	0.00201	0.00733	0.00508	0.00369	0.00776
11	0.05361	0.03539	0.12694	0.01800	0.02316	0.01329	0.39160	0.05056	0.04657	0.09459	0.01360	0.05772	0.01071	0.00616	0.00645	0.00187	0.03214	0.00632	0.00358	0.00774
12	0.00793	0.00546	0.00725	0.00817	0.00899	0.00512	0.00598	0.00943	0.01196	0.03909	0.10419	0.52564	0.07640	0.01613	0.00716	0.00225	0.00358	0.14499	0.00537	0.00492
13	0.01489	0.60228	0.09386	0.09203	0.01788	0.01954	0.01118	0.01734	0.01175	0.06148	0.00916	0.01055	0.00767	0.00508	0.00411	0.00136	0.00630	0.00349	0.00270	0.00737
14	0.11733	0.05035	0.01683	0.10386	0.05217	0.01505	0.03847	0.30958	0.03039	0.11412	0.01253	0.01371	0.00916	0.00654	0.00659	0.00179	0.08401	0.00485	0.00447	0.00820

[dist]
# distance from previous block
# <min> <max>
0	2

[block]
# block no. 8 follows, 42 sequences, length 18
# corresponding to MSA columns:
# 629-646
name=unknown_I
#
# <colnr> <probs for GDERKNQSTAVLIFYWHMCP>
#	G	D	E	R	K	N	Q	S	T	A	V	L	I	F	Y	W	H	M	C	P
0	0.01921	0.01785	0.07363	0.01415	0.01869	0.11972	0.07336	0.46586	0.09263	0.02862	0.01333	0.01379	0.00972	0.00644	0.00563	0.00170	0.00700	0.00506	0.00479	0.00884
1	0.01201	0.00862	0.01064	0.05859	0.01321	0.00914	0.00769	0.01750	0.20348	0.11551	0.12909	0.16638	0.11387	0.01059	0.00709	0.00193	0.06223	0.00890	0.00526	0.03825
2	0.01552	0.33205	0.15969	0.01362	0.06659	0.11465	0.01234	0.08985	0.11192	0.01798	0.01107	0.01202	0.00886	0.00561	0.00472	0.00151	0.00682	0.00407	0.00324	0.00789
3	0.03691	0.07145	0.04521	0.01090	0.01553	0.02638	0.00937	0.24065	0.01794	0.32841	0.01578	0.01499	0.01078	0.00622	0.00522	0.00155	0.00544	0.00481	0.00539	0.12707
4	0.00759	0.00596	0.00697	0.00676	0.00836	0.00546	0.00507	0.01012	0.04210	0.01864	0.36561	0.06584	0.36399	0.01430	0.04610	0.00222	0.00346	0.01073	0.00556	0.00516
5	0.01339	0.01254	0.08498	0.06169	0.06081	0.01081	0.05567	0.06470	0.15879	0.07085	0.04407	0.01776	0.01307	0.06477	0.00701	0.00181	0.00550	0.00531	0.00411	0.24237
6	0.01167	0.01000	0.01167	0.00834	0.01334	0.00750	0.00667	0.01417	0.01167	0.01834	0.01000	0.01167	0.00834	0.00417	0.00417	0.00083	0.00417	0.00333	0.00333	0.83663
7	0.04071	0.01068	0.01176	0.01010	0.01291	0.06904	0.00811	0.13312	0.01569	0.24985	0.06147	0.02932	0.09576	0.07832	0.00864	0.00220	0.04539	0.10437	0.00534	0.00721
8	0.18884	0.01073	0.01272	0.02861	0.01434	0.04008	0.07104	0.09747	0.07858	0.06668	0.03671	0.14340	0.03786	0.00956	0.00647	0.00199	0.04538	0.09828	0.00457	0.00668
9	0.00779	0.00529	0.00626	0.00665	0.00675	0.00519	0.00395	0.00808	0.00896	0.01195	0.02172	0.26535	0.02549	0.56684	0.02221	0.00450	0.00480	0.01053	0.00395	0.00376
10	0.00776	0.00565	0.00730	0.00708	0.00833	0.00519	0.00523	0.01015	0.01516	0.02119	0.63751	0.12734	0.09633	0.01236	0.00670	0.00184	0.00274	0.01094	0.00603	0.00519
11	0.01641	0.07705	0.01881	0.10646	0.02043	0.10637	0.14311	0.14148	0.06275	0.11983	0.01631	0.02097	0.03126	0.00723	0.00585	0.00181	0.00692	0.08504	0.00429	0.00761
12	0.01571	0.01153	0.10380	0.01029	0.01393	0.00949	0.00911	0.04841	0.17467	0.26536	0.19984	0.05829	0.03764	0.00859	0.00595	0.00181	0.00458	0.00725	0.00580	0.00795
13	0.00893	0.00695	0.00837	0.00884	0.01014	0.00716	0.00653	0.01388	0.19285	0.01755	0.08461	0.42177	0.07540	0.01430	0.00683	0.00217	0.00372	0.09884	0.00541	0.00576
14	0.01126	0.01065	0.01802	0.64394	0.17857	0.01267	0.01594	0.01493	0.01155	0.01515	0.01011	0.01480	0.00777	0.00551	0.00562	0.00184	0.00735	0.00500	0.00256	0.00676
15	0.01341	0.01040	0.01660	0.30061	0.02503	0.01127	0.11510	0.07975	0.05181	0.10872	0.01726	0.05596	0.01504	0.00824	0.00625	0.00200	0.00657	0.14484	0.00414	0.00699
16	0.02135	0.01163	0.01420	0.01135	0.01529	0.05516	0.04072	0.14400	0.06431	0.44545	0.03787	0.03551	0.01534	0.00766	0.00585	0.00180	0.00546	0.05214	0.00609	0.00879
17	0.00908	0.05805	0.05372	0.00811	0.00909	0.00813	0.00614	0.01003	0.00880	0.01205	0.01541	0.02909	0.01670	0.50661	0.16345	0.00541	0.06556	0.00698	0.00314	0.00444

[dist]
# distance from previous block
# <min> <max>
0	1

[block]
# block no. 9 follows, 42 sequences, length 7
# corresponding to MSA columns:
# 648-654
name=unknown_J
#
# <colnr> <probs for GDERKNQSTAVLIFYWHMCP>
#	G	D	E	R	K	N	Q	S	T	A	V	L	I	F	Y	W	H	M	C	P
0	0.01222	0.01583	0.14889	0.01907	0.02436	0.01270	0.46234	0.01779	0.06971	0.01908	0.12351	0.01906	0.01556	0.00606	0.00636	0.00186	0.00790	0.00674	0.00348	0.00747
1	0.00826	0.00554	0.00638	0.00648	0.00659	0.00554	0.00387	0.00847	0.00857	0.01140	0.01872	0.03900	0.02143	0.73810	0.02694	0.00522	0.00543	0.06696	0.00355	0.00355
2	0.22608	0.01272	0.01235	0.01010	0.01400	0.13553	0.00816	0.02393	0.01447	0.46312	0.01645	0.01521	0.01090	0.00634	0.00503	0.00169	0.00556	0.00468	0.00544	0.00822
3	0.01223	0.01779	0.22595	0.14604	0.02831	0.01390	0.36969	0.01698	0.01217	0.01698	0.01047	0.01402	0.00789	0.00550	0.00717	0.00191	0.07736	0.00556	0.00263	0.00744
4	0.01219	0.01171	0.01958	0.20137	0.02447	0.01256	0.24353	0.01974	0.23606	0.01898	0.06160	0.02254	0.01557	0.00713	0.00622	0.00195	0.00673	0.06674	0.00403	0.00733
5	0.40297	0.01462	0.13598	0.01073	0.01526	0.01301	0.03015	0.14790	0.03720	0.10413	0.01190	0.01346	0.00885	0.00605	0.00467	0.00177	0.00554	0.02411	0.00415	0.00755
6	0.01289	0.01051	0.01546	0.22895	0.04881	0.00975	0.07152	0.01593	0.01215	0.08914	0.01130	0.01369	0.00867	0.00492	0.00497	0.00133	0.00569	0.00436	0.00339	0.42655

[dist]
# distance from previous block
# <min> <max>
1	3

[block]
# block no. 10 follows, 42 sequences, length 19
# corresponding to MSA columns:
# 658-676
name=unknown_K
#
# <colnr> <probs for GDERKNQSTAVLIFYWHMCP>
#	G	D	E	R	K	N	Q	S	T	A	V	L	I	F	Y	W	H	M	C	P
0	0.54042	0.01136	0.01195	0.00999	0.01334	0.03833	0.09495	0.01633	0.01079	0.05704	0.01355	0.03909	0.06768	0.00662	0.00518	0.00182	0.04676	0.00482	0.00369	0.00630
1	0.00903	0.00690	0.00882	0.00801	0.00945	0.00692	0.00580	0.01040	0.00950	0.01373	0.04087	0.02558	0.01629	0.30869	0.28546	0.00549	0.04137	0.00635	0.00331	0.17801
2	0.01399	0.00857	0.01302	0.04520	0.01538	0.00827	0.08450	0.03949	0.01414	0.20925	0.02555	0.04327	0.04862	0.01151	0.00692	0.00222	0.00557	0.39250	0.00530	0.00672
3	0.01328	0.01518	0.03321	0.02372	0.02941	0.01423	0.74668	0.01803	0.01328	0.01803	0.01139	0.01518	0.00854	0.00474	0.00664	0.00190	0.00949	0.00664	0.00285	0.00759
4	0.01328	0.01518	0.03321	0.02372	0.02941	0.01423	0.74668	0.01803	0.01328	0.01803	0.01139	0.01518	0.00854	0.00474	0.00664	0.00190	0.00949	0.00664	0.00285	0.00759
5	0.01505	0.80561	0.02949	0.00963	0.01444	0.02227	0.00963	0.01685	0.01143	0.01324	0.00782	0.00903	0.00722	0.00481	0.00361	0.00120	0.00602	0.00301	0.00241	0.00722
6	0.02308	0.01158	0.01415	0.01091	0.01518	0.01137	0.00899	0.28112	0.01975	0.47639	0.05382	0.01823	0.01422	0.00710	0.00569	0.00172	0.00518	0.00566	0.00646	0.00938
7	0.01244	0.26629	0.54594	0.01408	0.02133	0.01588	0.01738	0.01753	0.01174	0.01642	0.00940	0.01101	0.00716	0.00518	0.00482	0.00161	0.00761	0.00381	0.00239	0.00798
8	0.01129	0.02911	0.77306	0.01604	0.02436	0.01307	0.02079	0.01782	0.01188	0.01782	0.01010	0.01188	0.00713	0.00535	0.00535	0.00178	0.00832	0.00416	0.00238	0.00832
9	0.00799	0.00537	0.00620	0.00639	0.00644	0.00533	0.00368	0.00813	0.00857	0.01142	0.01969	0.14933	0.02294	0.68634	0.02547	0.00499	0.00513	0.00934	0.00368	0.00358
10	0.00788	0.00595	0.00878	0.00889	0.00982	0.00610	0.03800	0.00957	0.01071	0.01476	0.09615	0.31962	0.02785	0.08144	0.28380	0.00487	0.00794	0.04869	0.00430	0.00489
11	0.02127	0.01762	0.01622	0.01301	0.01709	0.18690	0.01048	0.50210	0.05541	0.08372	0.01348	0.01350	0.00970	0.00660	0.00551	0.00165	0.00690	0.00484	0.00512	0.00886
12	0.12082	0.01449	0.08894	0.01151	0.01554	0.04039	0.00999	0.22453	0.23669	0.09897	0.01613	0.01656	0.01202	0.03614	0.03069	0.00213	0.00591	0.00526	0.00494	0.00834
13	0.00695	0.00497	0.00661	0.00778	0.00818	0.00463	0.00523	0.00806	0.01119	0.01502	0.08978	0.73791	0.03849	0.01714	0.00714	0.00224	0.00322	0.01553	0.00530	0.00463
14	0.00770	0.00532	0.00665	0.00730	0.00767	0.00513	0.00484	0.00843	0.01015	0.01348	0.05560	0.35802	0.05362	0.31932	0.01592	0.02940	0.00430	0.07851	0.00447	0.00415
15	0.17056	0.01478	0.04721	0.01192	0.01570	0.12389	0.04396	0.16139	0.14147	0.12104	0.01567	0.01862	0.01230	0.00713	0.00540	0.00180	0.00611	0.06852	0.00471	0.00784
16	0.04159	0.04628	0.03794	0.01081	0.01437	0.03071	0.02720	0.12348	0.29037	0.13426	0.08686	0.02325	0.09238	0.00803	0.00571	0.00179	0.00488	0.00658	0.00542	0.00810
17	0.04719	0.00634	0.00803	0.00833	0.00968	0.00605	0.00603	0.01285	0.04299	0.14558	0.02760	0.54036	0.02994	0.01432	0.00659	0.00212	0.00367	0.03824	0.03837	0.00573
18	0.07947	0.01204	0.01670	0.01261	0.01714	0.01174	0.11950	0.20390	0.01779	0.42377	0.01742	0.01646	0.01149	0.00646	0.00565	0.00175	0.00581	0.00548	0.00577	0.00903

[dist]
# distance from previous block
# <min> <max>
3	78

[block]
# block no. 11 follows, 42 sequences, length 19
# corresponding to MSA columns:
# 755-773
name=unknown_L
#
# <colnr> <probs for GDERKNQSTAVLIFYWHMCP>
#	G	D	E	R	K	N	Q	S	T	A	V	L	I	F	Y	W	H	M	C	P
0	0.00946	0.02754	0.00870	0.00874	0.02755	0.00613	0.00641	0.01120	0.01281	0.07416	0.22026	0.27994	0.06484	0.05699	0.00847	0.02608	0.00386	0.13625	0.00529	0.00531
1	0.00815	0.00604	0.00775	0.00756	0.00910	0.00554	0.00593	0.01064	0.01485	0.02046	0.51500	0.04626	0.13374	0.01229	0.00675	0.00190	0.00320	0.14178	0.00578	0.03728
2	0.01484	0.53902	0.10620	0.01448	0.12444	0.01950	0.03214	0.06251	0.01266	0.01598	0.00891	0.01048	0.00764	0.00502	0.00428	0.00138	0.00646	0.00365	0.00267	0.00774
3	0.03683	0.14399	0.01622	0.01071	0.03573	0.01157	0.00879	0.08553	0.01564	0.48566	0.01747	0.01604	0.01170	0.00627	0.00515	0.00157	0.00511	0.00491	0.00561	0.07550
4	0.00729	0.00525	0.00670	0.00773	0.00832	0.00498	0.00526	0.00896	0.03855	0.01528	0.05683	0.67478	0.07440	0.01645	0.00696	0.00220	0.00324	0.01481	0.03722	0.00479
5	0.00811	0.00542	0.00616	0.00624	0.00626	0.00540	0.00352	0.00816	0.00833	0.01111	0.01851	0.08126	0.02144	0.75646	0.02739	0.00527	0.00533	0.00864	0.00352	0.00348
6	0.67090	0.01367	0.11433	0.00972	0.01401	0.01280	0.05972	0.01682	0.01015	0.02373	0.00839	0.00994	0.00641	0.00521	0.00396	0.00176	0.00525	0.00345	0.00329	0.00650
7	0.00734	0.00559	0.00741	0.07023	0.01069	0.00541	0.00608	0.00879	0.01155	0.01509	0.07899	0.50650	0.15921	0.03117	0.00739	0.00223	0.00364	0.05286	0.00503	0.00479
8	0.07361	0.05789	0.48810	0.07035	0.16707	0.01346	0.01818	0.01735	0.01183	0.01805	0.00992	0.01215	0.00743	0.00527	0.00519	0.00174	0.00755	0.00425	0.00255	0.00808
9	0.00848	0.00606	0.00833	0.00935	0.01037	0.00605	0.00765	0.01057	0.01211	0.01603	0.06819	0.18582	0.03217	0.07250	0.06640	0.00317	0.00546	0.46137	0.00496	0.00495
10	0.01350	0.11881	0.40369	0.01477	0.02076	0.07195	0.06682	0.09237	0.01353	0.01835	0.01220	0.01386	0.04383	0.00618	0.00627	0.00174	0.06597	0.00467	0.00293	0.00780
11	0.01170	0.06604	0.53031	0.01358	0.02008	0.01256	0.01632	0.01855	0.10161	0.01872	0.01271	0.01413	0.00940	0.00577	0.00509	0.00170	0.00691	0.00452	0.12242	0.00789
12	0.01359	0.07737	0.08558	0.06785	0.10225	0.01440	0.01147	0.02525	0.49295	0.02097	0.01823	0.01798	0.01385	0.00676	0.00550	0.00181	0.00540	0.00564	0.00460	0.00854
13	0.00728	0.00528	0.00702	0.00791	0.00849	0.00519	0.00555	0.00848	0.01054	0.01407	0.02896	0.51080	0.08189	0.08446	0.14058	0.00368	0.00554	0.05499	0.00470	0.00460
14	0.01355	0.01560	0.17091	0.06202	0.04118	0.01380	0.02973	0.10213	0.32985	0.02161	0.01712	0.01989	0.01356	0.00751	0.00674	0.00194	0.06434	0.05592	0.00439	0.00820
15	0.01043	0.00522	0.00541	0.00541	0.00662	0.00522	0.00401	0.01265	0.01144	0.02008	0.01767	0.02067	0.01405	0.00760	0.00538	0.06835	0.00280	0.00522	0.76674	0.00502
16	0.02946	0.22031	0.07768	0.01023	0.01458	0.01303	0.00936	0.05708	0.08998	0.20968	0.06204	0.03887	0.01459	0.00681	0.00506	0.00156	0.00519	0.02686	0.00458	0.10304
17	0.01129	0.02911	0.77306	0.01604	0.02436	0.01307	0.02079	0.01782	0.01188	0.01782	0.01010	0.01188	0.00713	0.00535	0.00535	0.00178	0.00832	0.00416	0.00238	0.00832
18	0.01864	0.01247	0.01383	0.01111	0.01472	0.01342	0.00893	0.41491	0.11621	0.13705	0.04972	0.03911	0.01473	0.05500	0.00702	0.00195	0.00529	0.00603	0.05132	0.00856

[dist]
# distance from previous block
# <min> <max>
2	33

[block]
# block no. 12 follows, 42 sequences, length 16
# corresponding to MSA columns:
# 807-822
name=unknown_M
#
# <colnr> <probs for GDERKNQSTAVLIFYWHMCP>
#	G	D	E	R	K	N	Q	S	T	A	V	L	I	F	Y	W	H	M	C	P
0	0.01402	0.01065	0.02685	0.02516	0.03359	0.00975	0.00811	0.15679	0.06764	0.09005	0.17709	0.02106	0.03748	0.00706	0.00537	0.00144	0.00448	0.00586	0.00488	0.29264
1	0.00881	0.00685	0.00932	0.01016	0.08294	0.00668	0.00684	0.02468	0.03228	0.02028	0.46967	0.05541	0.11134	0.01474	0.09572	0.00264	0.00468	0.02590	0.00533	0.00572
2	0.01111	0.00914	0.03100	0.08155	0.05993	0.00912	0.00851	0.03615	0.18849	0.05490	0.32074	0.04337	0.08724	0.00957	0.00620	0.00184	0.00419	0.02480	0.00535	0.00678
3	0.07457	0.01286	0.01830	0.13518	0.36435	0.01393	0.01381	0.13192	0.13915	0.02180	0.01282	0.01486	0.00999	0.00583	0.00546	0.00175	0.00619	0.00510	0.00373	0.00842
4	0.01348	0.06772	0.06437	0.05291	0.18908	0.01309	0.01168	0.13161	0.07259	0.01944	0.01247	0.01614	0.01057	0.06444	0.09448	0.00274	0.06611	0.00510	0.00350	0.08849
5	0.01418	0.42218	0.32162	0.01248	0.01865	0.01817	0.01414	0.08862	0.01308	0.01722	0.00928	0.01059	0.00741	0.00521	0.00449	0.00148	0.00694	0.00366	0.00271	0.00788
6	0.01316	0.07273	0.05089	0.01749	0.21894	0.08651	0.01137	0.01933	0.21896	0.01816	0.03254	0.15448	0.01670	0.00836	0.00617	0.00182	0.03363	0.00711	0.00406	0.00759
7	0.01925	0.01011	0.01479	0.01146	0.01532	0.00940	0.08990	0.02236	0.05079	0.44411	0.08230	0.03834	0.01640	0.00732	0.00662	0.00174	0.05862	0.00616	0.00568	0.08932
8	0.01091	0.01023	0.01349	0.31785	0.09546	0.07509	0.01118	0.01447	0.07510	0.01530	0.01743	0.23772	0.01758	0.05457	0.00734	0.00214	0.00607	0.00829	0.00366	0.00612
9	0.01369	0.01313	0.02241	0.08915	0.71438	0.01331	0.01715	0.01706	0.01270	0.01810	0.01054	0.01401	0.00881	0.00506	0.00558	0.00169	0.00674	0.00501	0.00277	0.00872
10	0.00704	0.00503	0.00672	0.00794	0.00837	0.00472	0.00545	0.00819	0.01115	0.01491	0.06666	0.71978	0.03772	0.01721	0.00719	0.00228	0.00334	0.05639	0.00527	0.00464
11	0.04976	0.00672	0.00949	0.00845	0.01019	0.00649	0.05917	0.01124	0.01445	0.02086	0.54531	0.03685	0.08362	0.01440	0.09566	0.00262	0.00468	0.00919	0.00540	0.00545
12	0.01027	0.00527	0.00533	0.00533	0.00652	0.00527	0.00388	0.01263	0.01145	0.02000	0.01830	0.02253	0.01501	0.08420	0.00635	0.00172	0.00290	0.00553	0.75246	0.00507
13	0.01994	0.02479	0.01538	0.01408	0.01692	0.68801	0.01065	0.02245	0.06725	0.01460	0.01073	0.01355	0.00919	0.00641	0.00525	0.00154	0.00951	0.03990	0.00321	0.00662
14	0.00665	0.00570	0.00570	0.00570	0.00760	0.00475	0.00428	0.00808	0.01283	0.01520	0.05701	0.05416	0.76483	0.01425	0.00665	0.00190	0.00285	0.01188	0.00523	0.00475
15	0.01323	0.01350	0.02412	0.10763	0.02529	0.01395	0.40296	0.02178	0.27453	0.01954	0.01528	0.01720	0.01146	0.00586	0.00620	0.00190	0.00749	0.00635	0.00382	0.00790

[dist]
# distance from previous block
# <min> <max>
0	19

[block]
# block no. 13 follows, 42 sequences, length 60
# corresponding to MSA columns:
# 842-901
name=unknown_N
#
# <colnr> <probs for GDERKNQSTAVLIFYWHMCP>
#	G	D	E	R	K	N	Q	S	T	A	V	L	I	F	Y	W	H	M	C	P
0	0.01171	0.01171	0.07307	0.01309	0.11236	0.04723	0.03216	0.05352	0.15146	0.04026	0.14585	0.03106	0.23464	0.00938	0.00608	0.00180	0.00484	0.00799	0.00480	0.00699
1	0.01533	0.11394	0.16656	0.02123	0.23469	0.19678	0.11946	0.03595	0.01361	0.01692	0.00990	0.01223	0.00794	0.00524	0.00533	0.00162	0.00813	0.00452	0.00277	0.00786
2	0.00943	0.00767	0.00858	0.00802	0.01008	0.00780	0.00611	0.01577	0.24139	0.02073	0.33295	0.03912	0.24822	0.01112	0.00636	0.00185	0.00326	0.00950	0.00577	0.00625
3	0.08914	0.08274	0.01619	0.01300	0.01637	0.46807	0.01016	0.13325	0.08605	0.01893	0.01062	0.01151	0.00843	0.00599	0.00497	0.00153	0.00820	0.00401	0.00359	0.00723
4	0.01150	0.01088	0.01481	0.01295	0.01316	0.01465	0.01046	0.01332	0.04650	0.01366	0.01053	0.03469	0.01075	0.12794	0.04844	0.00313	0.58818	0.00577	0.00285	0.00581
5	0.00719	0.00530	0.00677	0.00762	0.00844	0.00489	0.00545	0.00863	0.01204	0.01588	0.13621	0.49681	0.16227	0.01601	0.00708	0.00218	0.00330	0.08382	0.00535	0.00476
6	0.05103	0.01185	0.05193	0.01130	0.01466	0.01183	0.00962	0.20413	0.02663	0.27252	0.01630	0.01858	0.01229	0.03710	0.10715	0.00290	0.09799	0.02910	0.00504	0.00804
7	0.01309	0.14655	0.51552	0.01555	0.02273	0.01430	0.10560	0.01837	0.01228	0.06973	0.01075	0.01234	0.00779	0.00530	0.00526	0.00170	0.00785	0.00438	0.00276	0.00815
8	0.84197	0.01088	0.00827	0.00740	0.01088	0.01262	0.00609	0.01654	0.00958	0.02525	0.00784	0.00914	0.00609	0.00522	0.00348	0.00174	0.00435	0.00305	0.00348	0.00609
9	0.00703	0.00554	0.00638	0.00672	0.00809	0.00488	0.00494	0.00859	0.01277	0.01620	0.15696	0.24822	0.42602	0.01479	0.00685	0.00202	0.00305	0.05077	0.00537	0.00481
10	0.04286	0.04869	0.03948	0.11168	0.41967	0.03147	0.04595	0.04272	0.05555	0.08977	0.01217	0.01446	0.00945	0.00549	0.00547	0.00170	0.00659	0.00501	0.00341	0.00840
11	0.00692	0.00522	0.00640	0.00714	0.00803	0.00470	0.00496	0.00821	0.01193	0.01550	0.11862	0.50087	0.24914	0.01599	0.00697	0.00212	0.00308	0.01417	0.00533	0.00470
12	0.56973	0.01123	0.01035	0.00864	0.01243	0.01234	0.00713	0.11131	0.01306	0.18041	0.01152	0.01176	0.00815	0.00578	0.00420	0.00173	0.00468	0.00384	0.00447	0.00725
13	0.00708	0.00506	0.00679	0.00809	0.00852	0.00476	0.00561	0.00822	0.01099	0.01462	0.03089	0.72445	0.03673	0.01742	0.00724	0.00232	0.00346	0.08790	0.00522	0.00463
14	0.01470	0.02218	0.37193	0.01415	0.01983	0.13027	0.03757	0.11444	0.06285	0.05815	0.08709	0.01589	0.01309	0.00642	0.00555	0.00173	0.00737	0.00509	0.00372	0.00798
15	0.70804	0.08017	0.01076	0.00801	0.01169	0.01383	0.00675	0.07207	0.01102	0.02498	0.00827	0.00946	0.00646	0.00530	0.00366	0.00169	0.00464	0.00320	0.00355	0.00646
16	0.02691	0.01653	0.19514	0.01568	0.12169	0.01360	0.01297	0.15613	0.25968	0.05848	0.05339	0.01727	0.01374	0.00669	0.00561	0.00179	0.00593	0.00552	0.00455	0.00870
17	0.00763	0.00596	0.00696	0.00694	0.00846	0.00546	0.00518	0.01023	0.05110	0.01839	0.32250	0.14429	0.33739	0.01334	0.00670	0.00192	0.00298	0.03377	0.00562	0.00516
