[name]
unknown

[dist]
# distance from previous block
# <min> <max>
0	37

[block]
# block no. 0 follows, 48 sequences, length 35
# corresponding to MSA columns:
# 37-71
name=unknown_A
#
# <colnr> <probs for GDERKNQSTAVLIFYWHMCP>
#	G	D	E	R	K	N	Q	S	T	A	V	L	I	F	Y	W	H	M	C	P
0	0.09177	0.00776	0.00978	0.01041	0.08595	0.00784	0.00707	0.10756	0.01231	0.12975	0.01994	0.31506	0.02052	0.07671	0.02295	0.00222	0.00440	0.05763	0.00450	0.00588
1	0.03361	0.01075	0.01235	0.08508	0.01509	0.02495	0.00833	0.32874	0.01714	0.19690	0.01417	0.01453	0.01003	0.00589	0.00475	0.00146	0.00484	0.00461	0.14866	0.05814
2	0.01385	0.50684	0.10492	0.01051	0.01526	0.01725	0.05534	0.12505	0.01258	0.01610	0.00846	0.00963	0.00704	0.00465	0.00393	0.00123	0.00578	0.00335	0.00271	0.07551
3	0.00661	0.00519	0.00580	0.00568	0.00703	0.00461	0.00413	0.00808	0.01190	0.01525	0.25589	0.04357	0.46227	0.11127	0.02840	0.00226	0.00312	0.00984	0.00476	0.00433
4	0.78806	0.01110	0.00811	0.00727	0.01040	0.07538	0.00591	0.01552	0.00920	0.02217	0.00721	0.00841	0.00564	0.00481	0.00329	0.00157	0.00440	0.00282	0.00313	0.00559
5	0.00694	0.00523	0.00700	0.00746	0.00799	0.00529	0.00531	0.00828	0.01099	0.01515	0.24067	0.53086	0.03583	0.01392	0.00724	0.00196	0.06829	0.01227	0.00481	0.00448
6	0.00867	0.00563	0.00802	0.00769	0.00884	0.00597	0.00589	0.01038	0.01017	0.07696	0.19931	0.02469	0.02144	0.06337	0.47283	0.04576	0.00943	0.00642	0.00373	0.00480
7	0.78748	0.01024	0.00939	0.00795	0.01129	0.01163	0.06748	0.01519	0.00901	0.02249	0.00741	0.00878	0.00574	0.00473	0.00341	0.00160	0.00435	0.00304	0.00313	0.00567
8	0.00680	0.00498	0.00655	0.00740	0.00813	0.00455	0.00520	0.00794	0.01008	0.01361	0.02662	0.67910	0.03138	0.01490	0.00638	0.00200	0.00321	0.08365	0.00462	0.07290
9	0.25784	0.00948	0.01216	0.00947	0.01331	0.00911	0.06874	0.02150	0.01279	0.51099	0.01574	0.01459	0.01028	0.00574	0.00467	0.00160	0.00460	0.00456	0.00515	0.00769
10	0.00774	0.00579	0.00725	0.00679	0.00818	0.00558	0.00512	0.01127	0.08683	0.02043	0.68795	0.03688	0.07005	0.01024	0.00597	0.00163	0.00258	0.00900	0.00558	0.00514
11	0.00827	0.00591	0.00827	0.00945	0.01063	0.00591	0.00827	0.01063	0.01181	0.01536	0.02717	0.05788	0.02953	0.01417	0.00709	0.00236	0.00472	0.75313	0.00472	0.00472
12	0.85592	0.00992	0.00754	0.00675	0.00992	0.01151	0.00556	0.01508	0.00873	0.02302	0.00714	0.00834	0.00556	0.00476	0.00318	0.00159	0.00397	0.00278	0.00318	0.00556
13	0.01308	0.01372	0.02748	0.05392	0.02560	0.01333	0.62632	0.12587	0.01378	0.01860	0.01061	0.01361	0.00788	0.00463	0.00588	0.00170	0.00814	0.00578	0.00295	0.00713
14	0.01922	0.02299	0.01467	0.01301	0.01587	0.68528	0.00989	0.12948	0.01593	0.01543	0.00857	0.00970	0.00692	0.00541	0.00470	0.00135	0.00873	0.00350	0.00301	0.00635
15	0.00705	0.00480	0.00572	0.00613	0.00623	0.00470	0.00368	0.00735	0.00827	0.01103	0.02032	0.30201	0.02390	0.54410	0.01941	0.00398	0.00429	0.00991	0.00368	0.00347
16	0.02251	0.00955	0.01241	0.00952	0.01351	0.00876	0.00786	0.13334	0.01606	0.68095	0.01909	0.01672	0.01212	0.00632	0.00516	0.00158	0.00455	0.00508	0.00617	0.00873
17	0.00625	0.00447	0.00595	0.00714	0.00744	0.00417	0.00476	0.00714	0.00982	0.01310	0.02828	0.81633	0.03394	0.01608	0.00655	0.00208	0.00298	0.01459	0.00476	0.00417
18	0.01917	0.02445	0.01454	0.01322	0.01586	0.79907	0.00991	0.02049	0.01454	0.01256	0.00793	0.00925	0.00661	0.00529	0.00463	0.00132	0.00925	0.00330	0.00264	0.00595
19	0.00763	0.00554	0.00744	0.00831	0.00943	0.00536	0.00689	0.00967	0.01184	0.01551	0.12227	0.16482	0.11023	0.01388	0.00678	0.00217	0.00397	0.47878	0.00485	0.00462
20	0.02302	0.00873	0.01191	0.00913	0.01310	0.00754	0.00754	0.02501	0.01469	0.79122	0.02024	0.01746	0.01270	0.00635	0.00516	0.00159	0.00437	0.00516	0.00635	0.00873
21	0.01646	0.09663	0.23062	0.01224	0.01733	0.01510	0.01215	0.47624	0.01896	0.03895	0.01109	0.01160	0.00797	0.00564	0.00488	0.00152	0.00614	0.00422	0.00405	0.00820
22	0.01203	0.01213	0.01725	0.09445	0.26289	0.06113	0.01288	0.01399	0.00971	0.01384	0.00796	0.01181	0.00718	0.00699	0.01124	0.00191	0.42934	0.00445	0.00237	0.00644
23	0.73341	0.01008	0.00813	0.00728	0.01042	0.01169	0.00593	0.01685	0.12057	0.02280	0.00914	0.00991	0.00703	0.00508	0.00347	0.00161	0.00398	0.00322	0.00347	0.00593
24	0.00759	0.00554	0.00703	0.12221	0.01017	0.00579	0.00493	0.00825	0.00835	0.01094	0.01844	0.10582	0.06435	0.57681	0.02001	0.00403	0.00491	0.00792	0.00324	0.00366
25	0.01532	0.01477	0.12940	0.06010	0.23373	0.04623	0.02255	0.23899	0.02749	0.09436	0.01143	0.01266	0.00845	0.00530	0.00499	0.00151	0.00606	0.00442	0.00367	0.05856
26	0.00716	0.00524	0.00671	0.00635	0.00760	0.00480	0.00476	0.00948	0.01428	0.01999	0.72113	0.03929	0.11260	0.01071	0.00605	0.00162	0.00244	0.00941	0.00557	0.00480
27	0.01641	0.01080	0.01216	0.00968	0.01288	0.01141	0.00786	0.43933	0.01963	0.12893	0.18755	0.01940	0.01854	0.00714	0.00522	0.00153	0.00449	0.00575	0.07375	0.00753
28	0.01102	0.00608	0.00803	0.00707	0.00895	0.00548	0.00547	0.01330	0.01449	0.20543	0.58327	0.03359	0.05804	0.00956	0.00584	0.00161	0.00289	0.00833	0.00580	0.00576
29	0.20052	0.00676	0.00659	0.00606	0.00789	0.00720	0.00469	0.07196	0.01107	0.03943	0.01359	0.01580	0.01069	0.00685	0.00522	0.08184	0.00325	0.00430	0.49119	0.00512
30	0.01747	0.02162	0.01324	0.01211	0.01437	0.68369	0.00893	0.01860	0.01351	0.01218	0.00913	0.01279	0.00836	0.12362	0.00775	0.00185	0.00863	0.00391	0.00271	0.00554
31	0.01028	0.12734	0.01706	0.69131	0.03212	0.01269	0.01346	0.01344	0.01028	0.01296	0.00883	0.01289	0.00680	0.00502	0.00486	0.00162	0.00664	0.00430	0.00227	0.00583
32	0.01775	0.01232	0.01360	0.01084	0.01435	0.01334	0.00878	0.57101	0.03938	0.10120	0.01560	0.12980	0.01293	0.00764	0.00534	0.00163	0.00510	0.00615	0.00520	0.00805
33	0.01265	0.08733	0.01363	0.00995	0.05938	0.01013	0.00761	0.15584	0.01317	0.01911	0.00967	0.01107	0.00787	0.00513	0.02201	0.00115	0.00467	0.00346	0.00332	0.54286
34	0.11451	0.27570	0.15111	0.01005	0.01468	0.02556	0.00997	0.10535	0.01304	0.21738	0.01148	0.01156	0.00828	0.00524	0.00427	0.00143	0.00546	0.00378	0.00372	0.00743

[dist]
# distance from previous block
# <min> <max>
0	7

[block]
# block no. 1 follows, 48 sequences, length 12
# corresponding to MSA columns:
# 79-90
name=unknown_B
#
# <colnr> <probs for GDERKNQSTAVLIFYWHMCP>
#	G	D	E	R	K	N	Q	S	T	A	V	L	I	F	Y	W	H	M	C	P
0	0.01534	0.01131	0.01854	0.02577	0.58933	0.01100	0.01365	0.01812	0.01245	0.21507	0.01236	0.01392	0.00930	0.00503	0.00510	0.00154	0.00565	0.00472	0.00352	0.00828
1	0.06534	0.00536	0.00658	0.00658	0.00772	0.00510	0.00482	0.00928	0.01277	0.01846	0.49714	0.23609	0.08252	0.01166	0.00598	0.00174	0.00268	0.01028	0.00520	0.00469
2	0.01427	0.64128	0.06434	0.00940	0.01365	0.01823	0.00930	0.01646	0.02941	0.08682	0.00881	0.00967	0.00739	0.00491	0.00431	0.00125	0.04780	0.00319	0.00267	0.00683
3	0.01458	0.05025	0.05404	0.21392	0.01883	0.01031	0.00981	0.01995	0.19125	0.26289	0.01704	0.08770	0.01317	0.00688	0.00518	0.00168	0.00503	0.00581	0.00448	0.00724
4	0.01511	0.00989	0.01108	0.00961	0.01263	0.01072	0.00757	0.02534	0.51519	0.21836	0.02035	0.01871	0.01468	0.00672	0.00506	0.00165	0.00399	0.00555	0.07980	0.00798
5	0.00883	0.00846	0.06451	0.01345	0.20838	0.00719	0.00860	0.01160	0.01338	0.01904	0.50686	0.05680	0.03471	0.00878	0.00574	0.00161	0.00374	0.00788	0.00458	0.00585
6	0.01720	0.01399	0.16158	0.01371	0.03647	0.05077	0.18498	0.02042	0.01315	0.38668	0.01527	0.03873	0.01063	0.00580	0.00532	0.00163	0.00620	0.00528	0.00438	0.00781
7	0.00984	0.01358	0.21453	0.60436	0.03198	0.01153	0.01546	0.01391	0.01041	0.01391	0.00914	0.01295	0.00675	0.00506	0.00506	0.00169	0.00703	0.00436	0.00225	0.00618
8	0.23629	0.00904	0.01079	0.00852	0.01229	0.00856	0.00703	0.02247	0.01316	0.59452	0.01689	0.01513	0.01087	0.00594	0.00465	0.00159	0.00426	0.00455	0.00554	0.00792
9	0.01575	0.01135	0.05677	0.04310	0.36905	0.01030	0.04414	0.01854	0.01264	0.28669	0.03337	0.01574	0.02754	0.00565	0.00547	0.00159	0.02532	0.00505	0.00396	0.00796
10	0.01704	0.22300	0.11350	0.01092	0.04194	0.04556	0.02276	0.02033	0.06542	0.33921	0.02757	0.02798	0.01102	0.00580	0.00467	0.00147	0.00532	0.00456	0.00428	0.00767
11	0.01355	0.02198	0.59306	0.01322	0.01988	0.01080	0.01603	0.01849	0.01182	0.21469	0.01203	0.01253	0.00809	0.00525	0.00495	0.00162	0.00676	0.00414	0.00324	0.00788

[dist]
# distance from previous block
# <min> <max>
0	3

[block]
# block no. 2 follows, 48 sequences, length 68
# corresponding to MSA columns:
# 94-161
name=unknown_C
#
# <colnr> <probs for GDERKNQSTAVLIFYWHMCP>
#	G	D	E	R	K	N	Q	S	T	A	V	L	I	F	Y	W	H	M	C	P
0	0.61285	0.00995	0.00782	0.00726	0.00987	0.06986	0.00573	0.01405	0.00984	0.02082	0.08195	0.10691	0.01298	0.00667	0.00395	0.00163	0.00411	0.00482	0.00355	0.00536
1	0.02841	0.30585	0.09109	0.01078	0.01464	0.29206	0.00972	0.03771	0.01275	0.09205	0.01153	0.01214	0.05006	0.00548	0.00430	0.00133	0.00672	0.00378	0.00300	0.00659
2	0.00812	0.00799	0.10018	0.00861	0.01020	0.00615	0.00717	0.05320	0.02617	0.02931	0.02471	0.57376	0.02807	0.01364	0.00627	0.00201	0.00389	0.08099	0.00451	0.00505
3	0.01125	0.08532	0.01267	0.00946	0.05737	0.04082	0.00708	0.01406	0.05299	0.01616	0.01072	0.05945	0.00952	0.00487	0.00410	0.00099	0.00428	0.00396	0.00314	0.59177
4	0.00637	0.00468	0.00587	0.00667	0.00726	0.00429	0.00453	0.00739	0.01035	0.01360	0.08882	0.58235	0.15949	0.06352	0.00761	0.00216	0.00299	0.01313	0.00473	0.00418
5	0.00958	0.00914	0.09359	0.01025	0.08573	0.02178	0.00784	0.01311	0.06135	0.06577	0.48873	0.03033	0.06444	0.00884	0.00570	0.00161	0.00369	0.00772	0.00490	0.00589
6	0.75704	0.01012	0.00827	0.00719	0.01047	0.01154	0.00593	0.06114	0.01001	0.06834	0.00822	0.00911	0.00616	0.00494	0.00341	0.00158	0.00409	0.00303	0.00348	0.00593
7	0.01078	0.00777	0.01009	0.00930	0.02565	0.00883	0.00699	0.10722	0.02619	0.07223	0.02998	0.02167	0.03657	0.19260	0.29470	0.00478	0.11991	0.00586	0.00349	0.00538
8	0.01364	0.03688	0.01867	0.02459	0.52792	0.03355	0.01343	0.09823	0.14581	0.01898	0.01176	0.01355	0.00941	0.00517	0.00504	0.00154	0.00576	0.00470	0.00327	0.00809
9	0.05835	0.48279	0.15338	0.01060	0.01545	0.01744	0.03619	0.14211	0.01276	0.01690	0.00846	0.00955	0.00692	0.00479	0.00396	0.00131	0.00589	0.00335	0.00275	0.00707
10	0.00875	0.00675	0.00840	0.00744	0.00973	0.00578	0.00571	0.01066	0.01149	0.03389	0.19603	0.21747	0.05312	0.00960	0.00563	0.00148	0.02107	0.06388	0.00431	0.31882
11	0.15343	0.01442	0.15949	0.03483	0.39166	0.01211	0.01362	0.08629	0.01233	0.06040	0.00996	0.01187	0.00768	0.00491	0.00474	0.00156	0.00589	0.00417	0.00302	0.00765
12	0.01163	0.31458	0.34761	0.05947	0.01809	0.01411	0.02970	0.01521	0.01072	0.04176	0.01063	0.08517	0.00935	0.00579	0.00450	0.00148	0.00625	0.00455	0.00258	0.00681
13	0.00746	0.00497	0.00560	0.00560	0.00560	0.00497	0.00311	0.00746	0.00746	0.00995	0.01617	0.03358	0.01865	0.81967	0.02612	0.00497	0.00497	0.00746	0.00311	0.00311
14	0.00732	0.00518	0.00625	0.00598	0.00729	0.00473	0.00448	0.00950	0.01345	0.01901	0.53422	0.03811	0.19551	0.01042	0.00573	0.00158	0.00245	0.00901	0.11505	0.00473
15	0.06657	0.02370	0.11002	0.05178	0.13167	0.08305	0.01044	0.06942	0.01315	0.26299	0.01510	0.11366	0.01226	0.00682	0.00509	0.00162	0.00550	0.00566	0.00419	0.00730
16	0.01865	0.01378	0.03130	0.01326	0.06863	0.03426	0.04511	0.54007	0.02072	0.12397	0.01321	0.03062	0.00959	0.00616	0.00519	0.00156	0.00573	0.00492	0.00486	0.00841
17	0.00624	0.00451	0.00590	0.00701	0.00741	0.00418	0.00470	0.00716	0.00995	0.01315	0.02988	0.76469	0.08454	0.01587	0.00652	0.00206	0.00295	0.01433	0.00476	0.00418
18	0.01909	0.01105	0.01408	0.01260	0.10133	0.01104	0.02325	0.29932	0.01763	0.34914	0.03086	0.01717	0.05626	0.00650	0.00523	0.00157	0.00498	0.00531	0.00529	0.00830
19	0.01127	0.01080	0.01861	0.27492	0.39323	0.01147	0.08416	0.01488	0.03599	0.01601	0.06914	0.01528	0.01100	0.00525	0.00527	0.00162	0.00622	0.00510	0.00279	0.00699
20	0.01064	0.00912	0.01064	0.00760	0.01216	0.00684	0.00608	0.01292	0.01064	0.01672	0.00912	0.01064	0.00760	0.00380	0.00380	0.00076	0.00380	0.00304	0.00304	0.85104
21	0.00969	0.00912	0.01539	0.80734	0.03534	0.01140	0.01425	0.01311	0.01026	0.01311	0.00912	0.01368	0.00684	0.00513	0.00513	0.00171	0.00684	0.00456	0.00228	0.00570
22	0.01217	0.01162	0.01960	0.16669	0.63271	0.01207	0.01526	0.01563	0.03446	0.01626	0.00990	0.01306	0.00813	0.00474	0.00509	0.00156	0.00616	0.00461	0.00257	0.00770
23	0.00660	0.00522	0.00595	0.00576	0.00726	0.00456	0.00432	0.00841	0.01297	0.01689	0.38229	0.04440	0.45339	0.01187	0.00606	0.00168	0.00252	0.01013	0.00516	0.00456
24	0.00667	0.00519	0.00608	0.00612	0.00749	0.00461	0.00461	0.00841	0.01258	0.01637	0.31986	0.11707	0.39409	0.01243	0.00617	0.00176	0.00270	0.05817	0.00509	0.00453
25	0.00632	0.00495	0.00569	0.00621	0.00729	0.00439	0.00446	0.00748	0.01081	0.01350	0.03997	0.34305	0.42143	0.04708	0.00713	0.00204	0.00297	0.05630	0.00469	0.00424
26	0.00748	0.00539	0.00683	0.00758	0.00823	0.00526	0.00523	0.07805	0.01115	0.01489	0.02680	0.74165	0.03159	0.01515	0.00642	0.00203	0.00322	0.01366	0.00480	0.00459
27	0.00715	0.00524	0.00670	0.00634	0.00760	0.00479	0.00475	0.00947	0.01426	0.01995	0.71688	0.03935	0.11689	0.01072	0.00605	0.00162	0.00244	0.00942	0.00557	0.00479
28	0.00985	0.00877	0.01432	0.01286	0.06896	0.00824	0.17733	0.01340	0.05693	0.01737	0.18029	0.03122	0.02302	0.00851	0.00588	0.00172	0.00503	0.21698	0.00406	0.13524
29	0.02302	0.00873	0.01191	0.00913	0.01310	0.00754	0.00754	0.02501	0.01469	0.79122	0.02024	0.01746	0.01270	0.00635	0.00516	0.00159	0.00437	0.00516	0.00635	0.00873
30	0.85592	0.00992	0.00754	0.00675	0.00992	0.01151	0.00556	0.01508	0.00873	0.02302	0.00714	0.00834	0.00556	0.00476	0.00318	0.00159	0.00397	0.00278	0.00318	0.00556
31	0.01414	0.01200	0.01966	0.02479	0.50571	0.03194	0.10022	0.01736	0.03009	0.12623	0.01142	0.01344	0.00884	0.00482	0.00512	0.00151	0.00604	0.00473	0.00318	0.05876
32	0.01332	0.00904	0.01091	0.00793	0.01236	0.00699	0.00640	0.01554	0.01152	0.18434	0.01153	0.01212	0.00870	0.00435	0.00409	0.00094	0.00392	0.00350	0.00376	0.66874
33	0.00726	0.00524	0.00686	0.00646	0.00767	0.00484	0.00484	0.00968	0.01452	0.02058	0.78496	0.03833	0.04841	0.01049	0.00605	0.00161	0.00242	0.00928	0.00565	0.00484
34	0.01372	0.82276	0.02689	0.00878	0.01317	0.02030	0.00878	0.01536	0.01043	0.01207	0.00713	0.00823	0.00658	0.00439	0.00329	0.00110	0.00549	0.00274	0.00219	0.00658
35	0.01424	0.25867	0.07885	0.01168	0.05931	0.01215	0.07966	0.03344	0.01200	0.20419	0.01521	0.14132	0.01357	0.00719	0.00494	0.00156	0.00528	0.03599	0.00384	0.00690
36	0.01222	0.01002	0.01072	0.00982	0.01242	0.01141	0.00773	0.04650	0.60708	0.02099	0.02079	0.02254	0.01649	0.00751	0.00523	0.00174	0.00400	0.07508	0.09023	0.00749
37	0.00610	0.00507	0.00533	0.00553	0.00702	0.00430	0.00405	0.00733	0.01138	0.01373	0.04795	0.17992	0.65765	0.01352	0.00615	0.00179	0.00266	0.01147	0.00476	0.00430
38	0.01816	0.09236	0.10092	0.05993	0.05855	0.01115	0.04355	0.10247	0.01414	0.40202	0.01482	0.01445	0.01000	0.00579	0.00530	0.00157	0.02755	0.00466	0.00462	0.00801
39	0.01563	0.05845	0.01327	0.01135	0.06607	0.04830	0.04898	0.07173	0.04405	0.29931	0.03672	0.14808	0.02956	0.00844	0.00550	0.00171	0.00484	0.07608	0.00487	0.00704
40	0.00627	0.00460	0.00582	0.00677	0.00728	0.00423	0.00456	0.00719	0.01003	0.01309	0.03160	0.66101	0.15431	0.04829	0.00727	0.00214	0.00300	0.01369	0.00470	0.00415
41	0.06833	0.01087	0.01219	0.00974	0.01324	0.01132	0.00792	0.35500	0.06256	0.23727	0.03887	0.05073	0.08424	0.00732	0.00520	0.00161	0.00463	0.00583	0.00532	0.00781
42	0.01173	0.01971	0.44334	0.01453	0.02080	0.01115	0.16964	0.02726	0.02381	0.06786	0.01040	0.01201	0.00752	0.00475	0.00498	0.00151	0.00693	0.00428	0.00275	0.13503
43	0.00858	0.00717	0.00961	0.00900	0.00918	0.00885	0.00671	0.00939	0.00808	0.01157	0.01434	0.14355	0.01593	0.29527	0.13475	0.00406	0.28938	0.00721	0.00300	0.00437
44	0.00770	0.00525	0.00697	0.00786	0.00876	0.00512	0.00626	0.00960	0.01130	0.01560	0.09661	0.29155	0.03064	0.01341	0.00638	0.00206	0.00367	0.35662	0.11009	0.00457
45	0.01149	0.04607	0.68542	0.01410	0.02121	0.01242	0.01761	0.08646	0.01213	0.03273	0.00966	0.01103	0.00683	0.00501	0.00486	0.00160	0.00729	0.00387	0.00252	0.00769
46	0.01294	0.01525	0.26992	0.08537	0.03790	0.00992	0.01183	0.08228	0.01256	0.12798	0.03136	0.01288	0.00908	0.00504	0.00468	0.00136	0.00560	0.00407	0.00339	0.25658
47	0.85592	0.00992	0.00754	0.00675	0.00992	0.01151	0.00556	0.01508	0.00873	0.02302	0.00714	0.00834	0.00556	0.00476	0.00318	0.00159	0.00397	0.00278	0.00318	0.00556
48	0.01372	0.82276	0.02689	0.00878	0.01317	0.02030	0.00878	0.01536	0.01043	0.01207	0.00713	0.00823	0.00658	0.00439	0.00329	0.00110	0.00549	0.00274	0.00219	0.00658
49	0.00654	0.00515	0.00591	0.00586	0.00726	0.00451	0.00434	0.00823	0.01260	0.01636	0.33059	0.11702	0.43271	0.01232	0.00610	0.00172	0.00257	0.01059	0.00510	0.00451
50	0.00625	0.00503	0.00557	0.00580	0.00714	0.00435	0.00421	0.00759	0.01159	0.01448	0.13325	0.22815	0.52176	0.01342	0.00618	0.00180	0.00267	0.01153	0.00487	0.00435
51	0.00720	0.00530	0.00645	0.00613	0.00755	0.00474	0.00461	0.00927	0.01368	0.03307	0.55012	0.04126	0.26944	0.01117	0.00604	0.00165	0.00251	0.00967	0.00540	0.00476
52	0.01372	0.82276	0.02689	0.00878	0.01317	0.02030	0.00878	0.01536	0.01043	0.01207	0.00713	0.00823	0.00658	0.00439	0.00329	0.00110	0.00549	0.00274	0.00219	0.00658
53	0.81930	0.00970	0.00742	0.00666	0.00975	0.01122	0.00547	0.01495	0.00882	0.02285	0.00756	0.00880	0.00589	0.00482	0.00319	0.00157	0.00390	0.00287	0.03974	0.00552
54	0.85592	0.00992	0.00754	0.00675	0.00992	0.01151	0.00556	0.01508	0.00873	0.02302	0.00714	0.00834	0.00556	0.00476	0.00318	0.00159	0.00397	0.00278	0.00318	0.00556
55	0.01917	0.02445	0.01454	0.01322	0.01586	0.79907	0.00991	0.02049	0.01454	0.01256	0.00793	0.00925	0.00661	0.00529	0.00463	0.00132	0.00925	0.00330	0.00264	0.00595
56	0.01029	0.02654	0.79309	0.01462	0.02221	0.01192	0.01896	0.01625	0.01083	0.01625	0.00921	0.01083	0.00650	0.00487	0.00487	0.00162	0.00758	0.00379	0.00217	0.00758
57	0.00904	0.00651	0.07973	0.00742	0.00813	0.00515	0.00580	0.00757	0.00707	0.00959	0.00894	0.01515	0.00869	0.01662	0.01864	0.77185	0.00475	0.00439	0.00222	0.00273
58	0.00743	0.00509	0.00621	0.00621	0.00642	0.00531	0.00387	0.00785	0.00764	0.01040	0.01561	0.03049	0.01731	0.63987	0.20409	0.00573	0.00699	0.00701	0.00303	0.00345
59	0.08914	0.01212	0.13542	0.00907	0.01388	0.00844	0.02340	0.01371	0.01045	0.01711	0.00891	0.01054	0.00722	0.00421	0.00430	0.00103	0.02579	0.00323	0.00288	0.59915
60	0.01865	0.02458	0.05990	0.01330	0.01623	0.75321	0.01044	0.02024	0.01432	0.01277	0.00801	0.00935	0.00660	0.00526	0.00464	0.00134	0.00916	0.00333	0.00262	0.00604
61	0.01749	0.01352	0.01514	0.01192	0.01577	0.01500	0.04402	0.55169	0.21073	0.02891	0.01436	0.01408	0.01040	0.00627	0.00520	0.00160	0.00539	0.00498	0.00504	0.00849
62	0.00743	0.00874	0.12762	0.00811	0.01047	0.00603	0.03978	0.00992	0.01231	0.01664	0.30413	0.15631	0.25100	0.01095	0.00595	0.00173	0.00362	0.00957	0.00459	0.00510
63	0.00969	0.00912	0.01539	0.80734	0.03534	0.01140	0.01425	0.01311	0.01026	0.01311	0.00912	0.01368	0.00684	0.00513	0.00513	0.00171	0.00684	0.00456	0.00228	0.00570
64	0.00969	0.00912	0.01539	0.80734	0.03534	0.01140	0.01425	0.01311	0.01026	0.01311	0.00912	0.01368	0.00684	0.00513	0.00513	0.00171	0.00684	0.00456	0.00228	0.00570
65	0.09271	0.01099	0.05928	0.00999	0.01380	0.01016	0.00864	0.12544	0.05927	0.47593	0.01647	0.01524	0.01093	0.00631	0.00576	0.00164	0.05920	0.00479	0.00531	0.00814
66	0.01255	0.03409	0.24601	0.09726	0.29916	0.01281	0.03219	0.10341	0.02392	0.02821	0.00988	0.01220	0.00765	0.00521	0.00570	0.00161	0.05340	0.00436	0.00277	0.00760
67	0.01174	0.02189	0.59327	0.04570	0.02056	0.01107	0.01627	0.01716	0.03708	0.11130	0.01122	0.01259	0.00795	0.00710	0.05122	0.00201	0.00740	0.00416	0.00282	0.00749

[dist]
# distance from previous block
# <min> <max>
0	1

[block]
# block no. 3 follows, 48 sequences, length 50
# corresponding to MSA columns:
# 163-212
name=unknown_D
#
# <colnr> <probs for GDERKNQSTAVLIFYWHMCP>
#	G	D	E	R	K	N	Q	S	T	A	V	L	I	F	Y	W	H	M	C	P
0	0.00641	0.00448	0.00590	0.00703	0.00737	0.00420	0.00471	0.00738	0.00987	0.01339	0.02772	0.77747	0.03292	0.01558	0.00640	0.00204	0.00295	0.01411	0.04587	0.00420
1	0.01440	0.01875	0.44045	0.01342	0.06185	0.01044	0.01422	0.05510	0.01267	0.24391	0.02505	0.04444	0.01021	0.00587	0.00506	0.00162	0.00621	0.00478	0.00371	0.00783
2	0.01404	0.07729	0.09406	0.01159	0.09547	0.00996	0.00923	0.07662	0.02506	0.15725	0.01148	0.01219	0.00860	0.00474	0.00438	0.00118	0.00482	0.00381	0.00363	0.37461
3	0.01228	0.01183	0.02000	0.07800	0.65324	0.01231	0.02763	0.01518	0.01126	0.01612	0.00969	0.02529	0.00833	0.00514	0.00607	0.00161	0.07104	0.00475	0.00254	0.00769
4	0.69186	0.01113	0.00974	0.01043	0.11322	0.06099	0.00718	0.01551	0.00949	0.02154	0.00753	0.00897	0.00596	0.00477	0.00352	0.00156	0.00458	0.00305	0.00306	0.00592
5	0.00621	0.00513	0.00537	0.00551	0.00700	0.00439	0.00405	0.00743	0.01128	0.01361	0.04711	0.12448	0.65167	0.05692	0.00722	0.00196	0.00282	0.02893	0.00467	0.00426
6	0.01009	0.03939	0.01237	0.01110	0.01178	0.05357	0.00915	0.01153	0.00972	0.01329	0.01605	0.16338	0.01758	0.01124	0.01127	0.00216	0.38035	0.20745	0.00337	0.00518
7	0.00744	0.00505	0.00595	0.00595	0.00608	0.00517	0.00356	0.00769	0.00757	0.01021	0.01584	0.03176	0.01787	0.71394	0.13077	0.00542	0.00616	0.00720	0.00306	0.00331
8	0.00719	0.00533	0.00678	0.00686	0.00812	0.00493	0.00536	0.00930	0.01319	0.01783	0.45014	0.08240	0.18749	0.01200	0.00629	0.00181	0.00295	0.16210	0.00524	0.00469
9	0.77013	0.01011	0.00818	0.00714	0.01040	0.01156	0.00588	0.05639	0.00985	0.06097	0.00806	0.00900	0.00608	0.00492	0.00338	0.00159	0.00408	0.00299	0.00344	0.00588
10	0.00838	0.00581	0.00797	0.00905	0.01023	0.00581	0.00786	0.01075	0.01172	0.01568	0.02626	0.05452	0.02811	0.01346	0.00678	0.00226	0.00452	0.68831	0.07778	0.00473
11	0.85592	0.00992	0.00754	0.00675	0.00992	0.01151	0.00556	0.01508	0.00873	0.02302	0.00714	0.00834	0.00556	0.00476	0.00318	0.00159	0.00397	0.00278	0.00318	0.00556
12	0.00644	0.00521	0.00571	0.00559	0.00716	0.00449	0.00419	0.00808	0.01257	0.01595	0.27953	0.04595	0.55673	0.01222	0.00606	0.00170	0.00254	0.01035	0.00504	0.00449
13	0.01951	0.01437	0.01540	0.01181	0.01591	0.01591	0.00975	0.77056	0.02412	0.03234	0.01232	0.01232	0.00873	0.00616	0.00513	0.00154	0.00565	0.00462	0.00513	0.00873
14	0.85592	0.00992	0.00754	0.00675	0.00992	0.01151	0.00556	0.01508	0.00873	0.02302	0.00714	0.00834	0.00556	0.00476	0.00318	0.00159	0.00397	0.00278	0.00318	0.00556
15	0.85592	0.00992	0.00754	0.00675	0.00992	0.01151	0.00556	0.01508	0.00873	0.02302	0.00714	0.00834	0.00556	0.00476	0.00318	0.00159	0.00397	0.00278	0.00318	0.00556
16	0.01139	0.02500	0.72543	0.01415	0.02142	0.01154	0.01797	0.01701	0.01117	0.08337	0.01016	0.01141	0.00704	0.00500	0.00490	0.00162	0.00730	0.00391	0.00253	0.00768
17	0.00982	0.02367	0.68706	0.01346	0.02021	0.01094	0.01700	0.01524	0.01118	0.01647	0.07413	0.01514	0.05198	0.00577	0.00503	0.00163	0.00690	0.00461	0.00259	0.00719
18	0.85592	0.00992	0.00754	0.00675	0.00992	0.01151	0.00556	0.01508	0.00873	0.02302	0.00714	0.00834	0.00556	0.00476	0.00318	0.00159	0.00397	0.00278	0.00318	0.00556
19	0.02302	0.00873	0.01191	0.00913	0.01310	0.00754	0.00754	0.02501	0.01469	0.79122	0.02024	0.01746	0.01270	0.00635	0.00516	0.00159	0.00437	0.00516	0.00635	0.00873
20	0.00969	0.00912	0.01539	0.80734	0.03534	0.01140	0.01425	0.01311	0.01026	0.01311	0.00912	0.01368	0.00684	0.00513	0.00513	0.00171	0.00684	0.00456	0.00228	0.00570
21	0.01592	0.01880	0.01533	0.01547	0.11871	0.46837	0.01081	0.01782	0.03403	0.01330	0.00848	0.01084	0.00733	0.00729	0.03684	0.00182	0.18616	0.00389	0.00262	0.00618
22	0.85592	0.00992	0.00754	0.00675	0.00992	0.01151	0.00556	0.01508	0.00873	0.02302	0.00714	0.00834	0.00556	0.00476	0.00318	0.00159	0.00397	0.00278	0.00318	0.00556
23	0.01064	0.00912	0.01064	0.00760	0.01216	0.00684	0.00608	0.01292	0.01064	0.01672	0.00912	0.01064	0.00760	0.00380	0.00380	0.00076	0.00380	0.00304	0.00304	0.85104
24	0.02009	0.01343	0.01481	0.01136	0.01544	0.01451	0.00938	0.64581	0.02255	0.15932	0.01364	0.01318	0.00939	0.00619	0.00514	0.00155	0.00543	0.00471	0.00534	0.00873
25	0.00625	0.00447	0.00595	0.00714	0.00744	0.00417	0.00476	0.00714	0.00982	0.01310	0.02828	0.81633	0.03394	0.01608	0.00655	0.00208	0.00298	0.01459	0.00476	0.00417
26	0.00827	0.00591	0.00827	0.00945	0.01063	0.00591	0.00827	0.01063	0.01181	0.01536	0.02717	0.05788	0.02953	0.01417	0.00709	0.00236	0.00472	0.75313	0.00472	0.00472
27	0.01035	0.00878	0.01031	0.00750	0.01177	0.00667	0.00597	0.01264	0.01098	0.01705	0.07632	0.01304	0.01113	0.00438	0.00400	0.00083	0.00368	0.00358	0.00327	0.77775
28	0.85592	0.00992	0.00754	0.00675	0.00992	0.01151	0.00556	0.01508	0.00873	0.02302	0.00714	0.00834	0.00556	0.00476	0.00318	0.00159	0.00397	0.00278	0.00318	0.00556
29	0.85592	0.00992	0.00754	0.00675	0.00992	0.01151	0.00556	0.01508	0.00873	0.02302	0.00714	0.00834	0.00556	0.00476	0.00318	0.00159	0.00397	0.00278	0.00318	0.00556
30	0.01081	0.00935	0.01123	0.05164	0.03300	0.00770	0.00693	0.01416	0.07261	0.01691	0.01008	0.01154	0.00822	0.00415	0.00402	0.00091	0.00404	0.00338	0.00316	0.71615
31	0.01193	0.01033	0.01748	0.43922	0.30790	0.01142	0.03398	0.01512	0.01119	0.07733	0.01024	0.01363	0.00781	0.00500	0.00514	0.00163	0.00642	0.00465	0.00271	0.00686
32	0.01318	0.08970	0.46971	0.01290	0.03411	0.01141	0.03042	0.03407	0.01215	0.16913	0.06488	0.01395	0.01073	0.00552	0.00491	0.00157	0.00636	0.00443	0.00332	0.00756
33	0.11107	0.00865	0.01106	0.00864	0.01238	0.00782	0.00712	0.02324	0.01384	0.66762	0.01866	0.01658	0.01196	0.00616	0.00486	0.00157	0.00422	0.00489	0.05150	0.00818
34	0.00753	0.00518	0.00694	0.00694	0.00738	0.00561	0.00479	0.00820	0.00777	0.01079	0.01439	0.02568	0.01506	0.38123	0.39082	0.07977	0.00907	0.00627	0.00286	0.00373
35	0.01434	0.72092	0.03975	0.00904	0.01334	0.01900	0.00893	0.01608	0.01071	0.07504	0.00822	0.00910	0.00708	0.00468	0.00383	0.00118	0.02647	0.00300	0.00253	0.00675
36	0.01588	0.00710	0.00971	0.03792	0.01174	0.00639	0.00676	0.01753	0.01267	0.45195	0.02346	0.30179	0.03526	0.01008	0.00572	0.00179	0.00394	0.02794	0.00557	0.00682
37	0.00647	0.00487	0.00601	0.00662	0.00750	0.00441	0.00472	0.00779	0.01120	0.01464	0.15745	0.44181	0.24150	0.01423	0.00636	0.00193	0.00287	0.05037	0.00491	0.00435
38	0.01288	0.02076	0.49287	0.01623	0.13374	0.01198	0.01611	0.08230	0.01241	0.10261	0.01065	0.01198	0.00762	0.00528	0.00546	0.00162	0.04058	0.00416	0.00294	0.00781
39	0.08438	0.02720	0.01093	0.00785	0.01219	0.05034	0.00630	0.01357	0.01068	0.01694	0.00884	0.01031	0.00735	0.00398	0.00378	0.00087	0.00414	0.00303	0.00301	0.71432
40	0.00664	0.00557	0.00592	0.00567	0.00759	0.00465	0.00433	0.00816	0.01184	0.01471	0.10647	0.04546	0.62953	0.01204	0.00591	0.00166	0.00277	0.03867	0.00469	0.07772
41	0.00628	0.00475	0.00580	0.00650	0.00731	0.00427	0.00451	0.00742	0.01077	0.01393	0.09649	0.52262	0.26141	0.01470	0.00636	0.00194	0.00282	0.01303	0.00484	0.00427
42	0.01031	0.01175	0.14374	0.00970	0.01274	0.02923	0.00880	0.02920	0.30968	0.01918	0.21299	0.05662	0.07916	0.00850	0.00554	0.00171	0.00429	0.03560	0.00467	0.00660
43	0.01399	0.01200	0.01956	0.06043	0.61414	0.01212	0.02693	0.08177	0.01295	0.08046	0.01073	0.01311	0.00849	0.00487	0.00511	0.00154	0.00599	0.00465	0.00306	0.00811
44	0.00984	0.00556	0.00611	0.00588	0.00740	0.00542	0.00458	0.04355	0.01209	0.05535	0.10087	0.02761	0.11340	0.00800	0.00457	0.00143	0.00284	0.06640	0.51402	0.00508
45	0.02276	0.00916	0.01217	0.00933	0.01331	0.00817	0.00771	0.08138	0.01540	0.73384	0.01964	0.01708	0.01240	0.00634	0.00516	0.00158	0.00446	0.00512	0.00626	0.00873
46	0.02302	0.00873	0.01191	0.00913	0.01310	0.00754	0.00754	0.02501	0.01469	0.79122	0.02024	0.01746	0.01270	0.00635	0.00516	0.00159	0.00437	0.00516	0.00635	0.00873
47	0.01201	0.01319	0.02756	0.08663	0.14967	0.01272	0.58716	0.01606	0.01189	0.01622	0.01016	0.01364	0.00776	0.00443	0.00582	0.00170	0.00809	0.00570	0.00256	0.00702
48	0.01113	0.03800	0.00902	0.00745	0.00950	0.00667	0.00587	0.01442	0.07973	0.17486	0.48469	0.03231	0.06765	0.00932	0.00572	0.00162	0.00314	0.02741	0.00556	0.00595
49	0.06638	0.45212	0.09120	0.00999	0.02895	0.05954	0.02754	0.01571	0.01085	0.04420	0.00833	0.00951	0.00698	0.00449	0.00376	0.00117	0.00556	0.00313	0.00260	0.14799

[dist]
# distance from previous block
# <min> <max>
0	2

[block]
# block no. 4 follows, 48 sequences, length 41
# corresponding to MSA columns:
# 215-255
name=unknown_E
#
# <colnr> <probs for GDERKNQSTAVLIFYWHMCP>
#	G	D	E	R	K	N	Q	S	T	A	V	L	I	F	Y	W	H	M	C	P
0	0.21125	0.43606	0.06081	0.00910	0.01317	0.06591	0.00859	0.04599	0.03905	0.05695	0.00869	0.00950	0.00708	0.00483	0.00367	0.00132	0.00538	0.00315	0.00289	0.00661
1	0.54251	0.01459	0.20895	0.01013	0.04452	0.01198	0.00970	0.07340	0.01057	0.02176	0.00817	0.00945	0.00614	0.00489	0.00383	0.00159	0.00510	0.00325	0.00304	0.00642
2	0.01616	0.00895	0.01121	0.00828	0.01258	0.00715	0.00673	0.01831	0.01244	0.36222	0.01408	0.01368	0.00988	0.00494	0.00441	0.00113	0.00405	0.00399	0.00452	0.47529
3	0.00956	0.00478	0.00478	0.00478	0.00598	0.00478	0.00359	0.01196	0.01076	0.01913	0.01674	0.01913	0.01315	0.00598	0.00359	0.00120	0.00239	0.00478	0.84816	0.00478
4	0.01134	0.00953	0.01038	0.00941	0.01187	0.01071	0.00727	0.02272	0.58080	0.02123	0.21853	0.02411	0.02414	0.00787	0.00544	0.00171	0.00364	0.00670	0.00533	0.00727
5	0.15939	0.01041	0.01047	0.00937	0.01222	0.01195	0.00735	0.05335	0.54533	0.02198	0.03180	0.01734	0.01405	0.00654	0.00476	0.00166	0.00396	0.00522	0.06544	0.00740
6	0.00761	0.00591	0.00878	0.00862	0.00947	0.00708	0.00676	0.00939	0.00822	0.01194	0.01324	0.01952	0.01239	0.03636	0.74311	0.00782	0.07098	0.00543	0.00271	0.00466
7	0.00700	0.00476	0.00569	0.00622	0.00708	0.00440	0.00438	0.00845	0.01093	0.01535	0.12173	0.41910	0.17295	0.01281	0.00581	0.00178	0.00272	0.01128	0.17315	0.00440
8	0.85592	0.00992	0.00754	0.00675	0.00992	0.01151	0.00556	0.01508	0.00873	0.02302	0.00714	0.00834	0.00556	0.00476	0.00318	0.00159	0.00397	0.00278	0.00318	0.00556
9	0.09476	0.02901	0.21949	0.01224	0.10141	0.00986	0.01072	0.04528	0.01117	0.01778	0.00910	0.01072	0.00719	0.00437	0.00421	0.00119	0.00518	0.00344	0.00284	0.40003
10	0.10220	0.00610	0.00629	0.00586	0.00793	0.00549	0.00450	0.00966	0.01184	0.05199	0.14598	0.03973	0.51844	0.01093	0.00558	0.00164	0.00287	0.00904	0.00469	0.04923
11	0.85592	0.00992	0.00754	0.00675	0.00992	0.01151	0.00556	0.01508	0.00873	0.02302	0.00714	0.00834	0.00556	0.00476	0.00318	0.00159	0.00397	0.00278	0.00318	0.00556
12	0.02047	0.01282	0.01444	0.01107	0.01514	0.01362	0.00915	0.56597	0.02153	0.24058	0.01449	0.01373	0.00982	0.00621	0.00514	0.00155	0.00529	0.00477	0.00547	0.00873
13	0.85592	0.00992	0.00754	0.00675	0.00992	0.01151	0.00556	0.01508	0.00873	0.02302	0.00714	0.00834	0.00556	0.00476	0.00318	0.00159	0.00397	0.00278	0.00318	0.00556
14	0.01860	0.02350	0.01463	0.01324	0.01569	0.74279	0.01001	0.01990	0.01406	0.01254	0.00785	0.00939	0.00662	0.00555	0.00550	0.00139	0.06681	0.00339	0.00262	0.00592
15	0.00748	0.00572	0.00854	0.00845	0.00933	0.00678	0.00660	0.00929	0.00823	0.01193	0.01347	0.01981	0.01259	0.03733	0.76890	0.00801	0.04473	0.00546	0.00273	0.00462
16	0.00722	0.00524	0.00680	0.00641	0.00764	0.00482	0.00481	0.00960	0.01443	0.02035	0.76018	0.03870	0.07334	0.01057	0.00605	0.00162	0.00243	0.00933	0.00562	0.00482
17	0.01270	0.01219	0.02083	0.03149	0.78767	0.01219	0.01575	0.01575	0.01168	0.01676	0.00965	0.01270	0.00813	0.00457	0.00508	0.00152	0.00610	0.00457	0.00254	0.00813
18	0.00827	0.00591	0.00827	0.00945	0.01063	0.00591	0.00827	0.01063	0.01181	0.01536	0.02717	0.05788	0.02953	0.01417	0.00709	0.00236	0.00472	0.75313	0.00472	0.00472
19	0.00717	0.00524	0.00674	0.00636	0.00761	0.00480	0.00477	0.00951	0.01431	0.02008	0.73066	0.03915	0.10303	0.01068	0.00605	0.00162	0.00243	0.00939	0.00558	0.00480
20	0.01123	0.01123	0.01572	0.01347	0.01347	0.01572	0.01123	0.01235	0.00786	0.01235	0.00674	0.01123	0.00674	0.00898	0.01684	0.00225	0.81028	0.00449	0.00225	0.00561
21	0.01917	0.02445	0.01454	0.01322	0.01586	0.79907	0.00991	0.02049	0.01454	0.01256	0.00793	0.00925	0.00661	0.00529	0.00463	0.00132	0.00925	0.00330	0.00264	0.00595
22	0.85592	0.00992	0.00754	0.00675	0.00992	0.01151	0.00556	0.01508	0.00873	0.02302	0.00714	0.00834	0.00556	0.00476	0.00318	0.00159	0.00397	0.00278	0.00318	0.00556
23	0.00614	0.00520	0.00531	0.00528	0.00698	0.00437	0.00396	0.00752	0.01188	0.01431	0.10058	0.04865	0.73671	0.01283	0.00606	0.00172	0.00259	0.01073	0.00482	0.00437
24	0.01029	0.02654	0.79309	0.01462	0.02221	0.01192	0.01896	0.01625	0.01083	0.01625	0.00921	0.01083	0.00650	0.00487	0.00487	0.00162	0.00758	0.00379	0.00217	0.00758
25	0.00733	0.00550	0.00825	0.00825	0.00916	0.00641	0.00641	0.00916	0.00825	0.01191	0.01374	0.02016	0.01283	0.03848	0.79934	0.00825	0.01374	0.00550	0.00275	0.00458
26	0.75213	0.01007	0.00827	0.00718	0.01047	0.01146	0.00592	0.05549	0.00997	0.07871	0.00836	0.00920	0.00624	0.00495	0.00342	0.00159	0.00409	0.00305	0.00351	0.00595
27	0.01372	0.82276	0.02689	0.00878	0.01317	0.02030	0.00878	0.01536	0.01043	0.01207	0.00713	0.00823	0.00658	0.00439	0.00329	0.00110	0.00549	0.00274	0.00219	0.00658
28	0.00827	0.00591	0.00827	0.00945	0.01063	0.00591	0.00827	0.01063	0.01181	0.01536	0.02717	0.05788	0.02953	0.01417	0.00709	0.00236	0.00472	0.75313	0.00472	0.00472
29	0.01193	0.01510	0.10569	0.02093	0.02636	0.01287	0.69488	0.01642	0.01198	0.01642	0.01026	0.01354	0.00766	0.00438	0.00594	0.00172	0.00854	0.00583	0.00255	0.00699
30	0.05098	0.00479	0.00601	0.00701	0.00744	0.00461	0.00469	0.00758	0.00960	0.01339	0.02630	0.71763	0.03135	0.07322	0.00778	0.00227	0.00317	0.01345	0.00456	0.00416
31	0.00606	0.00520	0.00520	0.00520	0.00693	0.00433	0.00390	0.00736	0.01170	0.01386	0.05198	0.04938	0.78558	0.01299	0.00606	0.00173	0.00260	0.01083	0.00476	0.00433
32	0.15155	0.00937	0.01151	0.00897	0.01283	0.00882	0.00741	0.08283	0.01452	0.61200	0.01759	0.01564	0.01128	0.00609	0.00485	0.00158	0.00441	0.00475	0.00576	0.00824
33	0.01029	0.02654	0.79309	0.01462	0.02221	0.01192	0.01896	0.01625	0.01083	0.01625	0.00921	0.01083	0.00650	0.00487	0.00487	0.00162	0.00758	0.00379	0.00217	0.00758
34	0.01803	0.00785	0.01029	0.00831	0.01147	0.00704	0.00671	0.02077	0.05666	0.52986	0.16863	0.02319	0.05729	0.00749	0.00531	0.00159	0.00381	0.00625	0.04189	0.00757
35	0.00733	0.00550	0.00825	0.00825	0.00916	0.00641	0.00641	0.00916	0.00825	0.01191	0.01374	0.02016	0.01283	0.03848	0.79934	0.00825	0.01374	0.00550	0.00275	0.00458
36	0.01428	0.58922	0.08047	0.01009	0.01456	0.05411	0.04314	0.01705	0.05138	0.07049	0.00915	0.00997	0.00756	0.00474	0.00383	0.00124	0.00580	0.00333	0.00270	0.00688
37	0.00655	0.00520	0.00591	0.00591	0.00736	0.00455	0.00445	0.00823	0.01247	0.01598	0.27808	0.09401	0.47380	0.01246	0.00614	0.00175	0.00267	0.04497	0.00504	0.00450
38	0.00651	0.00465	0.00625	0.00744	0.00786	0.00439	0.00522	0.00760	0.01008	0.01339	0.02814	0.71772	0.03336	0.01583	0.00662	0.00212	0.00320	0.11060	0.00476	0.00424
39	0.07272	0.01144	0.01890	0.09463	0.61647	0.01172	0.02917	0.01509	0.01127	0.01672	0.01030	0.04972	0.00902	0.00516	0.00503	0.00157	0.00591	0.00494	0.00267	0.00753
40	0.02799	0.01090	0.01196	0.01172	0.08480	0.13073	0.04973	0.01485	0.08739	0.08033	0.03798	0.06436	0.25871	0.00889	0.00675	0.00171	0.09408	0.00715	0.00399	0.00599

[dist]
# distance from previous block
# <min> <max>
1	2

[block]
# block no. 5 follows, 48 sequences, length 16
# corresponding to MSA columns:
# 264-279
name=unknown_F
#
# <colnr> <probs for GDERKNQSTAVLIFYWHMCP>
#	G	D	E	R	K	N	Q	S	T	A	V	L	I	F	Y	W	H	M	C	P
0	0.80127	0.01007	0.00840	0.00835	0.06032	0.01155	0.00622	0.01513	0.00892	0.02262	0.00731	0.00862	0.00572	0.00475	0.00330	0.00158	0.00411	0.00289	0.00313	0.00572
1	0.00700	0.00512	0.00708	0.05796	0.00988	0.00507	0.00613	0.00836	0.01023	0.01351	0.02632	0.55306	0.03056	0.04776	0.00739	0.00224	0.00372	0.18972	0.00453	0.00435
2	0.05162	0.13981	0.01580	0.01141	0.04085	0.06716	0.00908	0.33560	0.21727	0.02365	0.01323	0.01353	0.01011	0.02213	0.00517	0.00158	0.00538	0.00453	0.00432	0.00778
3	0.01853	0.02330	0.01425	0.01280	0.01558	0.73968	0.00963	0.01992	0.01425	0.01287	0.00802	0.00936	0.00668	0.00518	0.00456	0.00128	0.00884	0.00328	0.00267	0.06931
4	0.03320	0.38919	0.24426	0.01092	0.01614	0.01510	0.03349	0.03308	0.01160	0.15376	0.01028	0.01089	0.00771	0.00492	0.00420	0.00138	0.00595	0.00361	0.00303	0.00729
5	0.07453	0.09084	0.57525	0.01378	0.04424	0.06192	0.01605	0.01616	0.01100	0.01631	0.02959	0.01112	0.00762	0.00499	0.00464	0.00156	0.00706	0.00377	0.00238	0.00719
6	0.00689	0.00507	0.00659	0.00757	0.00841	0.00477	0.00578	0.00834	0.01081	0.01398	0.03199	0.43263	0.16191	0.01491	0.00664	0.00212	0.00349	0.25896	0.00475	0.00438
7	0.11919	0.01057	0.01245	0.00966	0.01357	0.01052	0.00798	0.24818	0.01683	0.47320	0.01633	0.01485	0.01067	0.00611	0.00492	0.00157	0.00470	0.00472	0.00561	0.00836
8	0.01802	0.05759	0.03178	0.01532	0.14541	0.08642	0.11529	0.07233	0.04327	0.34029	0.01447	0.01445	0.01005	0.00554	0.00511	0.00155	0.00592	0.00484	0.00440	0.00795
9	0.00974	0.00682	0.00921	0.04280	0.01092	0.00681	0.03542	0.01319	0.09821	0.10177	0.34302	0.16808	0.08681	0.01029	0.00626	0.00174	0.02922	0.00900	0.00509	0.00562
10	0.00746	0.00497	0.00560	0.00560	0.00560	0.00497	0.00311	0.00746	0.00746	0.00995	0.01617	0.03358	0.01865	0.81967	0.02612	0.00497	0.00497	0.00746	0.00311	0.00311
11	0.05949	0.13984	0.17717	0.06145	0.04226	0.04406	0.01098	0.06008	0.05673	0.24717	0.01355	0.01483	0.00993	0.00581	0.00476	0.00155	0.00567	0.03325	0.00394	0.00748
12	0.01228	0.20564	0.41334	0.09387	0.04168	0.09993	0.01485	0.03523	0.01145	0.01499	0.00868	0.01044	0.00667	0.00486	0.00452	0.00148	0.00712	0.00362	0.00232	0.00703
13	0.00891	0.00446	0.00668	0.00668	0.00668	0.00446	0.00446	0.00668	0.00668	0.00891	0.00891	0.01560	0.00891	0.01783	0.02005	0.85071	0.00446	0.00446	0.00223	0.00223
14	0.01917	0.02445	0.01454	0.01322	0.01586	0.79907	0.00991	0.02049	0.01454	0.01256	0.00793	0.00925	0.00661	0.00529	0.00463	0.00132	0.00925	0.00330	0.00264	0.00595
15	0.01431	0.04453	0.07706	0.05153	0.34186	0.01297	0.07505	0.15778	0.08818	0.06844	0.01181	0.01337	0.00900	0.00523	0.00511	0.00157	0.00603	0.00473	0.00347	0.00798

[dist]
# distance from previous block
# <min> <max>
0	2

[block]
# block no. 6 follows, 48 sequences, length 20
# corresponding to MSA columns:
# 282-301
name=unknown_G
#
# <colnr> <probs for GDERKNQSTAVLIFYWHMCP>
#	G	D	E	R	K	N	Q	S	T	A	V	L	I	F	Y	W	H	M	C	P
0	0.46550	0.01161	0.01070	0.00902	0.01221	0.03893	0.00737	0.19712	0.08508	0.05336	0.01017	0.01086	0.00764	0.00564	0.00480	0.00162	0.05408	0.00372	0.00388	0.00669
1	0.01091	0.17512	0.52317	0.09077	0.02116	0.01315	0.01577	0.01557	0.01069	0.01518	0.00880	0.01061	0.00662	0.00474	0.00453	0.00148	0.00688	0.00362	0.00224	0.05900
2	0.00625	0.00447	0.00595	0.00714	0.00744	0.00417	0.00476	0.00714	0.00982	0.01310	0.02828	0.81633	0.03394	0.01608	0.00655	0.00208	0.00298	0.01459	0.00476	0.00417
3	0.04112	0.10190	0.38256	0.06478	0.12254	0.01260	0.08442	0.03589	0.01158	0.08097	0.01009	0.01177	0.00741	0.00490	0.00484	0.00157	0.00678	0.00414	0.00272	0.00743
4	0.01853	0.01343	0.01436	0.01112	0.01494	0.01482	0.00915	0.69621	0.02282	0.03104	0.01275	0.01299	0.00916	0.00614	0.00498	0.00151	0.00533	0.00464	0.08775	0.00834
5	0.00740	0.00523	0.00690	0.00690	0.00735	0.00568	0.00474	0.00830	0.00785	0.01091	0.01497	0.02697	0.01579	0.43515	0.40672	0.00658	0.00929	0.00649	0.00293	0.00383
6	0.00625	0.00447	0.00595	0.00714	0.00744	0.00417	0.00476	0.00714	0.00982	0.01310	0.02828	0.81633	0.03394	0.01608	0.00655	0.00208	0.00298	0.01459	0.00476	0.00417
7	0.00620	0.00518	0.00524	0.00524	0.00680	0.00439	0.00382	0.00737	0.01128	0.01348	0.04847	0.04783	0.71043	0.09205	0.00803	0.00205	0.00283	0.01050	0.00460	0.00421
8	0.01037	0.02600	0.76085	0.01492	0.02240	0.01196	0.05066	0.01626	0.01089	0.01626	0.00926	0.01096	0.00655	0.00485	0.00492	0.00163	0.00763	0.00389	0.00218	0.00756
9	0.00606	0.00520	0.00520	0.00520	0.00693	0.00433	0.00390	0.00736	0.01170	0.01386	0.05198	0.04938	0.78558	0.01299	0.00606	0.00173	0.00260	0.01083	0.00476	0.00433
10	0.01276	0.01102	0.01160	0.01044	0.01334	0.01276	0.00812	0.02727	0.77840	0.02146	0.02088	0.01914	0.01566	0.00696	0.00522	0.00174	0.00406	0.00580	0.00522	0.00812
11	0.02164	0.00954	0.01229	0.00954	0.01340	0.00892	0.00785	0.12916	0.05089	0.62885	0.01899	0.01689	0.01228	0.00721	0.02625	0.00176	0.00478	0.00512	0.00603	0.00859
