[name]
unknown

[dist]
# distance from previous block
# <min> <max>
0	118

[block]
# block no. 0 follows, 43 sequences, length 7
# corresponding to MSA columns:
# 137-143
name=unknown_A
#
# <colnr> <probs for GDERKNQSTAVLIFYWHMCP>
#	G	D	E	R	K	N	Q	S	T	A	V	L	I	F	Y	W	H	M	C	P
0	0.00876	0.00762	0.00785	0.00823	0.00955	0.07025	0.00606	0.01140	0.07453	0.01606	0.10557	0.34844	0.20584	0.01400	0.00666	0.00204	0.00390	0.08296	0.00508	0.00518
1	0.00726	0.00541	0.00655	0.00686	0.00804	0.00508	0.00500	0.00887	0.01178	0.01573	0.12919	0.25495	0.29771	0.01839	0.12873	0.00302	0.00477	0.01123	0.06665	0.00477
2	0.00972	0.06780	0.01429	0.39000	0.07014	0.01052	0.01129	0.01245	0.01107	0.01424	0.01934	0.06539	0.13656	0.01317	0.12803	0.00292	0.00741	0.00666	0.00315	0.00586
3	0.02143	0.01076	0.01470	0.01420	0.14001	0.01020	0.00983	0.13842	0.01663	0.49171	0.01907	0.05917	0.01345	0.00707	0.00563	0.00172	0.00516	0.00592	0.00587	0.00905
4	0.01637	0.00831	0.01073	0.00927	0.01206	0.00803	0.00728	0.02066	0.13826	0.36003	0.13982	0.12516	0.02331	0.01232	0.07955	0.00250	0.00509	0.00775	0.00594	0.00759
5	0.00924	0.00806	0.01191	0.15760	0.09668	0.00916	0.00954	0.01110	0.01082	0.01467	0.03968	0.31329	0.07725	0.03352	0.00908	0.00219	0.14133	0.03543	0.00389	0.00556
6	0.44698	0.01168	0.01316	0.01086	0.01420	0.05913	0.13034	0.05655	0.01134	0.02149	0.01017	0.01273	0.00820	0.01096	0.12690	0.00283	0.00717	0.00428	0.03479	0.00626

[dist]
# distance from previous block
# <min> <max>
0	2

[block]
# block no. 1 follows, 43 sequences, length 13
# corresponding to MSA columns:
# 146-158
name=unknown_B
#
# <colnr> <probs for GDERKNQSTAVLIFYWHMCP>
#	G	D	E	R	K	N	Q	S	T	A	V	L	I	F	Y	W	H	M	C	P
0	0.01199	0.02637	0.04826	0.07954	0.17313	0.00996	0.02969	0.01620	0.08440	0.06133	0.20712	0.02127	0.02066	0.00691	0.00571	0.00157	0.01851	0.00605	0.00416	0.16719
1	0.01069	0.00866	0.00986	0.00904	0.01122	0.00934	0.00693	0.01958	0.37393	0.02267	0.40954	0.03141	0.03526	0.00949	0.00610	0.00181	0.00346	0.00821	0.00587	0.00693
2	0.01296	0.02226	0.44995	0.01399	0.02014	0.04446	0.01560	0.07093	0.23280	0.02022	0.01381	0.01436	0.01012	0.00600	0.00535	0.00175	0.00689	0.00475	0.00357	0.03009
3	0.01013	0.00976	0.03899	0.39655	0.07670	0.01074	0.03620	0.01337	0.01216	0.01660	0.20526	0.02154	0.01932	0.00876	0.03913	0.00214	0.06674	0.00630	0.00344	0.00614
4	0.01117	0.00811	0.00957	0.00894	0.01090	0.00844	0.00674	0.07338	0.21655	0.06497	0.27472	0.22821	0.03312	0.01123	0.00630	0.00190	0.00364	0.00983	0.00573	0.00656
5	0.01395	0.01130	0.01281	0.00937	0.01417	0.00991	0.00758	0.20420	0.01523	0.02239	0.01073	0.01195	0.00852	0.00476	0.00447	0.00104	0.00462	0.00372	0.00386	0.62541
6	0.00824	0.00620	0.00770	0.00734	0.00879	0.00596	0.00549	0.01190	0.08665	0.02122	0.59409	0.09555	0.09658	0.01158	0.00649	0.00180	0.00284	0.01019	0.00592	0.00548
7	0.00922	0.00495	0.00691	0.00691	0.00691	0.00495	0.00444	0.00743	0.00743	0.00991	0.01164	0.02184	0.01233	0.22179	0.02333	0.62410	0.00495	0.00565	0.00265	0.00265
8	0.00828	0.00514	0.00649	0.00735	0.00808	0.00489	0.00519	0.00977	0.01115	0.03800	0.02724	0.54173	0.03031	0.01432	0.00631	0.00203	0.00324	0.06358	0.20206	0.00484
9	0.00845	0.00611	0.00810	0.00837	0.00900	0.00658	0.00629	0.00976	0.00966	0.01310	0.01979	0.03911	0.02137	0.34238	0.21634	0.00532	0.04276	0.21939	0.00372	0.00439
10	0.22536	0.01007	0.01443	0.58985	0.03108	0.01234	0.01296	0.01470	0.01065	0.01691	0.00929	0.01328	0.00703	0.00544	0.00499	0.00181	0.00658	0.00443	0.00271	0.00611
11	0.01172	0.01255	0.02617	0.01912	0.02362	0.01174	0.55862	0.01586	0.01374	0.01889	0.20617	0.02175	0.01970	0.00638	0.00653	0.00184	0.00760	0.00743	0.00365	0.00689
12	0.02111	0.00833	0.01087	0.00864	0.01216	0.00737	0.00704	0.02336	0.01476	0.58037	0.02087	0.01931	0.01383	0.00675	0.00513	0.00160	0.00416	0.00546	0.22052	0.00833

[dist]
# distance from previous block
# <min> <max>
0	3

[block]
# block no. 2 follows, 43 sequences, length 12
# corresponding to MSA columns:
# 162-173
name=unknown_C
#
# <colnr> <probs for GDERKNQSTAVLIFYWHMCP>
#	G	D	E	R	K	N	Q	S	T	A	V	L	I	F	Y	W	H	M	C	P
0	0.63236	0.21473	0.01348	0.00784	0.01161	0.01485	0.00689	0.01636	0.00989	0.02183	0.00771	0.00897	0.00628	0.00504	0.00346	0.00158	0.00470	0.00299	0.00316	0.00628
1	0.00979	0.00877	0.01426	0.59133	0.03051	0.01049	0.01278	0.01320	0.01225	0.01621	0.20366	0.02157	0.01886	0.00702	0.00579	0.00182	0.00616	0.00622	0.00339	0.00592
2	0.01045	0.01010	0.01360	0.01193	0.01247	0.01324	0.00979	0.01175	0.00956	0.01372	0.02019	0.02320	0.20229	0.01264	0.05941	0.00266	0.54754	0.00666	0.00315	0.00564
3	0.00728	0.00527	0.00732	0.00828	0.00887	0.00532	0.00600	0.00867	0.01040	0.01407	0.02639	0.52375	0.03030	0.02332	0.20562	0.00398	0.00638	0.08952	0.00458	0.00468
4	0.01192	0.01014	0.01407	0.21010	0.04319	0.00913	0.04038	0.01480	0.01167	0.04921	0.01043	0.01285	0.00825	0.00463	0.00467	0.00119	0.00526	0.00398	0.00319	0.53093
5	0.01356	0.02807	0.58211	0.01540	0.02222	0.20980	0.01797	0.01871	0.01272	0.01652	0.00959	0.01126	0.00705	0.00538	0.00519	0.00167	0.00865	0.00396	0.00247	0.00773
6	0.00800	0.00558	0.00711	0.00711	0.00748	0.00595	0.00469	0.00874	0.00837	0.01153	0.01647	0.03081	0.01778	0.51908	0.31125	0.00669	0.00892	0.00726	0.00321	0.00395
7	0.01222	0.01675	0.21206	0.35230	0.04626	0.07071	0.07657	0.03425	0.06474	0.01645	0.01078	0.01389	0.00810	0.00571	0.00598	0.00181	0.03668	0.00484	0.00279	0.00712
8	0.01923	0.10566	0.17644	0.01312	0.04162	0.20943	0.01195	0.06143	0.01488	0.27323	0.01357	0.01352	0.00951	0.00592	0.00513	0.00159	0.00706	0.00441	0.00419	0.00812
9	0.00747	0.00551	0.00795	0.00845	0.00918	0.00599	0.00624	0.00906	0.00955	0.01335	0.02084	0.32048	0.02257	0.03227	0.48609	0.00635	0.01038	0.00969	0.00380	0.00477
10	0.01134	0.01020	0.01646	0.28256	0.30445	0.01097	0.01324	0.03762	0.01330	0.01835	0.20398	0.02112	0.01944	0.00683	0.00577	0.00174	0.00582	0.00623	0.00359	0.00700
11	0.01397	0.08936	0.15154	0.03874	0.08711	0.11212	0.04310	0.06509	0.01393	0.09768	0.02294	0.02314	0.20286	0.00773	0.00553	0.00168	0.00620	0.00629	0.00388	0.00713

[dist]
# distance from previous block
# <min> <max>
0	3

[block]
# block no. 3 follows, 43 sequences, length 26
# corresponding to MSA columns:
# 177-202
name=unknown_D
#
# <colnr> <probs for GDERKNQSTAVLIFYWHMCP>
#	G	D	E	R	K	N	Q	S	T	A	V	L	I	F	Y	W	H	M	C	P
0	0.64336	0.01236	0.00997	0.00876	0.01201	0.07152	0.00712	0.06792	0.04487	0.02399	0.00881	0.01006	0.00688	0.00564	0.00458	0.00173	0.04703	0.00342	0.00358	0.00639
1	0.01155	0.00864	0.01299	0.13595	0.15281	0.00944	0.01013	0.01527	0.07895	0.08734	0.01548	0.05462	0.01324	0.02022	0.30596	0.00452	0.00918	0.00601	0.04111	0.00659
2	0.01692	0.34324	0.05828	0.01238	0.01625	0.30337	0.03000	0.07232	0.01390	0.01521	0.00910	0.02730	0.00797	0.00579	0.00521	0.00144	0.04763	0.00386	0.00285	0.00697
3	0.00805	0.00537	0.00604	0.00604	0.00604	0.00537	0.00336	0.00805	0.00805	0.01074	0.01745	0.03624	0.02013	0.80536	0.02819	0.00537	0.00537	0.00805	0.00336	0.00336
4	0.00747	0.00514	0.00628	0.00683	0.00704	0.00498	0.00424	0.00803	0.00958	0.01285	0.06350	0.37331	0.02912	0.41603	0.01773	0.00380	0.00427	0.01154	0.00429	0.00396
5	0.05168	0.07444	0.17973	0.01431	0.04583	0.01427	0.10379	0.05469	0.35930	0.02095	0.01583	0.01606	0.01190	0.00624	0.00540	0.00177	0.00607	0.00534	0.00413	0.00826
6	0.00816	0.00587	0.00802	0.00925	0.01025	0.00573	0.00757	0.01017	0.01209	0.01576	0.03079	0.28902	0.06366	0.01588	0.00743	0.00243	0.00443	0.48350	0.00511	0.00490
7	0.00856	0.00499	0.00579	0.00642	0.00723	0.00483	0.00450	0.01034	0.01112	0.01743	0.02422	0.40624	0.02527	0.01183	0.00545	0.00176	0.00289	0.01039	0.42589	0.00483
8	0.14434	0.05507	0.12279	0.05144	0.17652	0.01327	0.12300	0.09124	0.02939	0.12330	0.01198	0.01349	0.00881	0.00547	0.00522	0.00171	0.00651	0.00478	0.00367	0.00802
9	0.01230	0.20574	0.01488	0.00923	0.01193	0.04535	0.00770	0.12067	0.04862	0.02000	0.28757	0.02396	0.02540	0.01334	0.12699	0.00270	0.00624	0.00647	0.00445	0.00646
10	0.01148	0.00984	0.01148	0.00820	0.01312	0.00738	0.00656	0.01395	0.01148	0.01805	0.00984	0.01148	0.00820	0.00410	0.00410	0.00082	0.00410	0.00328	0.00328	0.83922
11	0.01235	0.08217	0.42128	0.04817	0.07607	0.04602	0.08298	0.01704	0.01211	0.04303	0.01188	0.05370	0.00979	0.00610	0.00540	0.00172	0.00745	0.02635	0.00285	0.03353
12	0.01070	0.16252	0.01287	0.00896	0.01076	0.01047	0.00714	0.07022	0.01215	0.03816	0.02447	0.35372	0.11260	0.01208	0.00732	0.00192	0.09495	0.01000	0.03321	0.00576
13	0.01639	0.00756	0.01008	0.00837	0.01121	0.00668	0.00665	0.01871	0.01563	0.40287	0.35743	0.03052	0.06565	0.00918	0.00605	0.00173	0.00368	0.00784	0.00644	0.00733
14	0.01834	0.00873	0.01128	0.00917	0.01241	0.00810	0.00737	0.07164	0.05623	0.43355	0.26918	0.02605	0.02639	0.00836	0.00589	0.00173	0.00409	0.00704	0.00645	0.00799
15	0.01111	0.02865	0.77667	0.01579	0.02397	0.01286	0.02046	0.01754	0.01169	0.01754	0.00994	0.01169	0.00702	0.00526	0.00526	0.00175	0.00818	0.00409	0.00234	0.00818
16	0.00877	0.00547	0.00656	0.00629	0.00759	0.00520	0.00472	0.01138	0.01415	0.02162	0.48560	0.03357	0.03793	0.00949	0.00553	0.00157	0.00260	0.00819	0.31858	0.00520
17	0.01619	0.01310	0.01388	0.01176	0.01532	0.01490	0.00935	0.26963	0.51667	0.02707	0.01947	0.01822	0.01442	0.00723	0.00560	0.00181	0.00495	0.00584	0.00560	0.00898
18	0.00731	0.00522	0.00707	0.00835	0.00892	0.00498	0.00611	0.00868	0.01116	0.01476	0.03022	0.61158	0.03541	0.01682	0.00722	0.00233	0.00370	0.20038	0.00513	0.00465
19	0.01307	0.01494	0.03268	0.02334	0.02894	0.01401	0.75070	0.01774	0.01307	0.01774	0.01120	0.01494	0.00840	0.00467	0.00654	0.00187	0.00934	0.00654	0.00280	0.00747
20	0.01148	0.00984	0.01148	0.00820	0.01312	0.00738	0.00656	0.01395	0.01148	0.01805	0.00984	0.01148	0.00820	0.00410	0.00410	0.00082	0.00410	0.00328	0.00328	0.83922
21	0.00713	0.00520	0.00649	0.00704	0.00791	0.00476	0.00492	0.00863	0.01226	0.01650	0.22675	0.43159	0.16865	0.03242	0.00721	0.00209	0.00301	0.01305	0.02967	0.00471
22	0.01076	0.04546	0.05782	0.69941	0.05318	0.01277	0.01543	0.01450	0.01115	0.01437	0.00977	0.01432	0.00738	0.00547	0.00544	0.00181	0.00734	0.00479	0.00246	0.00636
23	0.01046	0.00984	0.01661	0.79205	0.03814	0.01230	0.01538	0.01415	0.01107	0.01415	0.00984	0.01477	0.00738	0.00554	0.00554	0.00185	0.00738	0.00492	0.00246	0.00615
24	0.00793	0.00588	0.00862	0.00862	0.00951	0.00677	0.00657	0.00971	0.00882	0.01265	0.01509	0.02318	0.01446	0.11671	0.70909	0.00855	0.01390	0.00614	0.00301	0.00479
25	0.10206	0.15506	0.11534	0.04753	0.03256	0.08894	0.01137	0.07845	0.01254	0.06296	0.00963	0.01157	0.00774	0.00622	0.00732	0.00167	0.16586	0.00403	0.00316	0.07601

[dist]
# distance from previous block
# <min> <max>
0	2

[block]
# block no. 4 follows, 43 sequences, length 46
# corresponding to MSA columns:
# 205-250
name=unknown_E
#
# <colnr> <probs for GDERKNQSTAVLIFYWHMCP>
#	G	D	E	R	K	N	Q	S	T	A	V	L	I	F	Y	W	H	M	C	P
0	0.00819	0.00608	0.00783	0.00809	0.00934	0.00579	0.00609	0.01100	0.05867	0.01831	0.30474	0.30700	0.03905	0.01348	0.00673	0.00201	0.00342	0.13130	0.00543	0.04746
1	0.01519	0.75951	0.02825	0.00968	0.01440	0.02162	0.00954	0.06220	0.01217	0.01439	0.00805	0.00916	0.00725	0.00486	0.00368	0.00121	0.00593	0.00309	0.00257	0.00725
2	0.02485	0.00943	0.01285	0.00985	0.01414	0.00814	0.00814	0.02699	0.01585	0.77465	0.02185	0.01885	0.01371	0.00685	0.00557	0.00171	0.00471	0.00557	0.00685	0.00943
3	0.01653	0.00758	0.01019	0.00844	0.01127	0.00671	0.00671	0.01890	0.01577	0.40656	0.38681	0.02987	0.03257	0.00904	0.00604	0.00173	0.00369	0.00774	0.00648	0.00737
4	0.00661	0.00561	0.00570	0.00568	0.00752	0.00470	0.00426	0.00807	0.01277	0.01531	0.09003	0.05273	0.73443	0.01390	0.00654	0.00186	0.00280	0.01161	0.00519	0.00470
5	0.00668	0.00527	0.00603	0.00657	0.00775	0.00462	0.00465	0.00794	0.01187	0.01488	0.07200	0.37601	0.42543	0.01536	0.00677	0.00203	0.00297	0.01338	0.00518	0.00462
6	0.00805	0.00537	0.00604	0.00604	0.00604	0.00537	0.00336	0.00805	0.00805	0.01074	0.01745	0.03624	0.02013	0.80536	0.02819	0.00537	0.00537	0.00805	0.00336	0.00336
7	0.02040	0.01488	0.01592	0.01228	0.01652	0.01644	0.01012	0.70724	0.02516	0.03403	0.01359	0.01375	0.00971	0.00664	0.00544	0.00164	0.00588	0.00500	0.05621	0.00916
8	0.01481	0.80869	0.02902	0.00948	0.01421	0.02191	0.00948	0.01658	0.01125	0.01303	0.00770	0.00888	0.00711	0.00474	0.00355	0.00118	0.00592	0.00296	0.00237	0.00711
9	0.00655	0.00561	0.00561	0.00561	0.00748	0.00468	0.00421	0.00795	0.01262	0.01496	0.05610	0.05330	0.76857	0.01403	0.00655	0.00187	0.00281	0.01169	0.00514	0.00468
10	0.00675	0.00482	0.00643	0.00771	0.00803	0.00450	0.00514	0.00771	0.01060	0.01414	0.03053	0.80175	0.03663	0.01735	0.00707	0.00225	0.00321	0.01574	0.00514	0.00450
11	0.00771	0.00566	0.00723	0.00683	0.00820	0.00517	0.00513	0.01021	0.01538	0.02150	0.69787	0.04254	0.12272	0.01159	0.00653	0.00175	0.00263	0.01018	0.00600	0.00517
12	0.00708	0.00556	0.00640	0.00634	0.00785	0.00488	0.00470	0.00892	0.01365	0.01776	0.33606	0.11823	0.41631	0.01326	0.00659	0.00185	0.00277	0.01140	0.00552	0.00488
13	0.01328	0.00951	0.01137	0.00833	0.01294	0.00734	0.00669	0.01566	0.01233	0.13565	0.03622	0.01496	0.03633	0.00509	0.00449	0.00102	0.00411	0.00413	0.00399	0.65656
14	0.01248	0.01740	0.18609	0.02119	0.02713	0.01343	0.56587	0.01742	0.01277	0.01765	0.01175	0.01639	0.00917	0.00527	0.00632	0.00187	0.00891	0.03857	0.00281	0.00751
15	0.02485	0.00943	0.01285	0.00985	0.01414	0.00814	0.00814	0.02699	0.01585	0.77465	0.02185	0.01885	0.01371	0.00685	0.00557	0.00171	0.00471	0.00557	0.00685	0.00943
16	0.00800	0.00571	0.00786	0.00914	0.01001	0.00557	0.00731	0.00987	0.01183	0.01554	0.02984	0.37781	0.03390	0.01617	0.00740	0.00242	0.00430	0.42736	0.00512	0.00484
17	0.70062	0.06190	0.01074	0.00844	0.01196	0.07842	0.02658	0.01683	0.01017	0.02296	0.00788	0.00923	0.00623	0.00515	0.00365	0.00166	0.00501	0.00314	0.00330	0.00614
18	0.00803	0.00602	0.00769	0.00835	0.00979	0.00568	0.00695	0.01022	0.01307	0.01682	0.13858	0.07236	0.25177	0.01442	0.00716	0.00223	0.00404	0.40660	0.00525	0.00498
19	0.01259	0.08366	0.41527	0.06553	0.10791	0.05256	0.06399	0.04024	0.03577	0.01753	0.01110	0.01305	0.02068	0.00541	0.00525	0.00167	0.00754	0.00448	0.00273	0.03304
20	0.00786	0.00563	0.00716	0.00678	0.00813	0.00518	0.00508	0.01037	0.01524	0.02157	0.67644	0.04132	0.10651	0.01130	0.00641	0.00173	0.00263	0.00992	0.04558	0.00518
21	0.01268	0.03994	0.09620	0.01547	0.13265	0.01256	0.07414	0.05381	0.31997	0.02072	0.07890	0.02191	0.08190	0.00737	0.00573	0.00178	0.00540	0.00645	0.00448	0.00793
22	0.00880	0.00634	0.00876	0.00997	0.01127	0.00629	0.00869	0.01130	0.01274	0.01649	0.03068	0.06201	0.06923	0.01523	0.00759	0.00252	0.00498	0.69693	0.00510	0.00508
23	0.00999	0.00825	0.01078	0.01055	0.09505	0.00699	0.00710	0.01251	0.01320	0.01944	0.30929	0.07403	0.02741	0.00788	0.00540	0.00137	0.00373	0.00691	0.00445	0.36567
24	0.37248	0.01083	0.01089	0.00919	0.03787	0.01077	0.00711	0.07404	0.03839	0.04647	0.01004	0.01118	0.00785	0.00499	0.00407	0.00137	0.00445	0.00353	0.00370	0.33078
25	0.66211	0.01179	0.01081	0.01157	0.11972	0.03792	0.00792	0.04952	0.01083	0.02397	0.00838	0.00989	0.00658	0.00520	0.00387	0.00169	0.00488	0.00338	0.00341	0.00656
26	0.00853	0.00762	0.04803	0.06615	0.06340	0.00663	0.00750	0.01138	0.01472	0.02068	0.58212	0.05179	0.06926	0.01038	0.00634	0.00176	0.00353	0.00917	0.00536	0.00565
27	0.84448	0.01071	0.00814	0.00728	0.01071	0.01242	0.00600	0.01628	0.00943	0.02485	0.00771	0.00900	0.00600	0.00514	0.00343	0.00171	0.00428	0.00300	0.00343	0.00600
28	0.00935	0.00802	0.00895	0.00708	0.01069	0.00621	0.00555	0.01136	0.01198	0.01671	0.02982	0.02954	0.33651	0.00839	0.00516	0.00127	0.00354	0.00691	0.00409	0.47888
29	0.00908	0.00803	0.01406	0.01149	0.01381	0.00748	0.20603	0.01200	0.01421	0.01979	0.45288	0.14889	0.03809	0.01044	0.00661	0.00185	0.00451	0.00994	0.00506	0.00572
30	0.00740	0.00531	0.00671	0.00698	0.00777	0.00495	0.00482	0.00891	0.01242	0.01696	0.33394	0.31034	0.09201	0.14369	0.01027	0.00252	0.00329	0.01184	0.00524	0.00462
31	0.01200	0.01038	0.01270	0.00924	0.01391	0.00853	0.03196	0.04709	0.01204	0.01855	0.00991	0.01171	0.00822	0.00452	0.00496	0.00097	0.04449	0.00355	0.00332	0.73195
32	0.01543	0.18636	0.14399	0.06938	0.06733	0.12251	0.08374	0.05223	0.01320	0.09735	0.01118	0.01326	0.00871	0.02467	0.00610	0.00169	0.03987	0.00449	0.03110	0.00742
33	0.01145	0.00984	0.01168	0.03787	0.01407	0.00757	0.00690	0.01395	0.01147	0.01790	0.00984	0.01161	0.00817	0.00416	0.00416	0.00086	0.00423	0.00334	0.00325	0.80769
34	0.00673	0.00515	0.00618	0.00691	0.00785	0.00460	0.00481	0.00794	0.01161	0.01487	0.07906	0.48930	0.30345	0.01582	0.00685	0.00208	0.00303	0.01397	0.00519	0.00460
35	0.01281	0.01050	0.03683	0.37282	0.06561	0.01129	0.03450	0.03329	0.12904	0.10621	0.06129	0.05528	0.01406	0.00690	0.00567	0.00182	0.00601	0.00607	0.02292	0.00709
36	0.11767	0.10061	0.10821	0.01152	0.01545	0.02853	0.01040	0.16582	0.25990	0.02296	0.01426	0.01460	0.01086	0.00657	0.00591	0.00174	0.06210	0.00480	0.03014	0.00795
37	0.04027	0.01002	0.03703	0.00838	0.01291	0.00750	0.00691	0.01401	0.01176	0.03929	0.05803	0.04884	0.01224	0.00529	0.00444	0.00103	0.00413	0.00434	0.00361	0.66995
38	0.01547	0.06953	0.34546	0.01512	0.07720	0.01259	0.05200	0.09897	0.01419	0.17619	0.01328	0.03466	0.00971	0.00594	0.00534	0.00168	0.00675	0.00490	0.00379	0.03722
39	0.01404	0.55016	0.15143	0.01097	0.01573	0.01878	0.01144	0.01660	0.01135	0.04037	0.00960	0.01260	0.00856	0.00580	0.00523	0.00146	0.06649	0.03955	0.00266	0.00719
40	0.00910	0.00587	0.00721	0.00717	0.00871	0.00524	0.00533	0.01077	0.01306	0.10172	0.20665	0.24219	0.27725	0.03131	0.00711	0.00203	0.00325	0.04525	0.00551	0.00528
41	0.01443	0.28401	0.14334	0.03180	0.09023	0.04026	0.02346	0.03816	0.01288	0.11346	0.06045	0.05771	0.03857	0.00672	0.00524	0.00158	0.02140	0.00532	0.00357	0.00741
42	0.01337	0.03332	0.13294	0.23075	0.20729	0.03845	0.02935	0.03191	0.07752	0.07562	0.01241	0.02621	0.00964	0.00693	0.02813	0.00197	0.02818	0.00509	0.00326	0.00764
43	0.00897	0.00657	0.00928	0.18256	0.01541	0.00681	0.00781	0.01108	0.02779	0.06200	0.02829	0.42222	0.11842	0.01331	0.00657	0.00209	0.00433	0.05650	0.00466	0.00533
44	0.01476	0.16709	0.04384	0.01025	0.01331	0.21630	0.00852	0.06179	0.01424	0.08518	0.07958	0.12281	0.12291	0.00881	0.00543	0.00163	0.00593	0.00699	0.00415	0.00649
45	0.01022	0.06092	0.13546	0.01065	0.05320	0.00824	0.00893	0.01264	0.01148	0.05190	0.04263	0.31186	0.03788	0.04041	0.00661	0.00187	0.00470	0.01991	0.00407	0.16644

[dist]
# distance from previous block
# <min> <max>
1	8

[block]
# block no. 5 follows, 43 sequences, length 21
# corresponding to MSA columns:
# 259-279
name=unknown_F
#
# <colnr> <probs for GDERKNQSTAVLIFYWHMCP>
#	G	D	E	R	K	N	Q	S	T	A	V	L	I	F	Y	W	H	M	C	P
0	0.01580	0.06350	0.08240	0.01005	0.01455	0.00971	0.03077	0.07830	0.01398	0.23103	0.04540	0.01698	0.04601	0.00668	0.00578	0.03972	0.00500	0.00493	0.00447	0.27498
1	0.01333	0.26049	0.01618	0.00944	0.01208	0.08472	0.00770	0.13387	0.01342	0.01673	0.04937	0.12231	0.01607	0.13638	0.05199	0.03355	0.00617	0.00642	0.00367	0.00610
2	0.00812	0.07941	0.00889	0.00692	0.00872	0.00664	0.00547	0.01027	0.01417	0.01881	0.43826	0.04315	0.27403	0.01176	0.00631	0.00177	0.00309	0.04360	0.00541	0.00522
3	0.01348	0.12986	0.33908	0.07854	0.05032	0.04810	0.03993	0.05178	0.01314	0.08386	0.06577	0.03810	0.01201	0.00620	0.00527	0.00167	0.00691	0.00504	0.00331	0.00763
4	0.09194	0.16699	0.09520	0.01620	0.18344	0.06453	0.02578	0.06147	0.07344	0.11419	0.04647	0.01436	0.01119	0.00583	0.00496	0.00160	0.00606	0.00465	0.00376	0.00792
5	0.01431	0.01574	0.15085	0.10925	0.19442	0.07636	0.01372	0.02088	0.19541	0.08768	0.01454	0.01659	0.01118	0.00634	0.00587	0.00178	0.02873	0.02449	0.00378	0.00805
6	0.00687	0.00487	0.00639	0.00756	0.00785	0.00458	0.00498	0.00774	0.01037	0.01383	0.02932	0.73146	0.03512	0.08970	0.00901	0.00254	0.00341	0.01504	0.00498	0.00439
7	0.41616	0.01319	0.04349	0.04669	0.05083	0.04407	0.00905	0.19696	0.01469	0.10157	0.01085	0.01168	0.00789	0.00572	0.00449	0.00169	0.00541	0.00399	0.00414	0.00742
8	0.01015	0.00910	0.01280	0.01140	0.01230	0.01153	0.00925	0.01183	0.00895	0.01355	0.01094	0.01643	0.01034	0.02362	0.36393	0.00521	0.36867	0.00520	0.00275	0.08205
9	0.00829	0.00639	0.00775	0.00770	0.00893	0.03352	0.00583	0.01063	0.01468	0.02019	0.55941	0.14247	0.04625	0.01236	0.00667	0.00189	0.00324	0.09290	0.00574	0.00516
10	0.00820	0.00630	0.00782	0.00828	0.00942	0.00646	0.00615	0.01150	0.11079	0.01534	0.02966	0.31415	0.13764	0.06845	0.13954	0.00350	0.00564	0.10126	0.00472	0.00517
11	0.01328	0.29668	0.22989	0.20903	0.02363	0.01597	0.04321	0.05007	0.01224	0.04392	0.00977	0.01194	0.00755	0.00525	0.00480	0.00158	0.00701	0.00409	0.00271	0.00737
12	0.10088	0.01029	0.01272	0.00991	0.01400	0.00977	0.00816	0.13458	0.01677	0.55726	0.05398	0.01813	0.01413	0.00687	0.00541	0.00171	0.00478	0.00545	0.00630	0.00891
13	0.00735	0.00548	0.00683	0.00683	0.00806	0.00496	0.00499	0.00937	0.01402	0.01906	0.46951	0.19513	0.20185	0.01310	0.00664	0.00187	0.00277	0.01151	0.00570	0.00496
14	0.01572	0.01788	0.05322	0.17367	0.19165	0.28736	0.01326	0.04935	0.11162	0.01700	0.01132	0.01339	0.00892	0.00575	0.00533	0.00164	0.00772	0.00458	0.00320	0.00741
15	0.00915	0.01121	0.14546	0.14952	0.01864	0.00871	0.08590	0.01251	0.03700	0.01552	0.02098	0.38336	0.02252	0.01143	0.00641	0.00205	0.00557	0.04418	0.00396	0.00591
16	0.01177	0.00771	0.00853	0.00766	0.01029	0.00730	0.00596	0.01633	0.17122	0.17013	0.04210	0.03945	0.45743	0.01120	0.00616	0.00184	0.00352	0.00931	0.00559	0.00650
17	0.01149	0.01129	0.01696	0.60916	0.13209	0.06741	0.01490	0.01487	0.01159	0.01463	0.01055	0.04166	0.00857	0.00588	0.00554	0.00180	0.00732	0.00520	0.00262	0.00646
18	0.01370	0.01551	0.16389	0.04815	0.03602	0.01265	0.25147	0.12093	0.08380	0.05522	0.04086	0.02018	0.01309	0.00671	0.00601	0.00185	0.00709	0.07253	0.02263	0.00771
19	0.01369	0.01427	0.15419	0.07233	0.19364	0.01152	0.11322	0.05981	0.01321	0.11879	0.01584	0.11629	0.03394	0.00738	0.00631	0.00183	0.03567	0.00666	0.00373	0.00767
20	0.00826	0.00690	0.01052	0.00995	0.01174	0.00643	0.10549	0.01040	0.01238	0.01597	0.06893	0.22948	0.23244	0.01384	0.00701	0.00216	0.00447	0.23363	0.00486	0.00516

[dist]
# distance from previous block
# <min> <max>
2	6

[block]
# block no. 6 follows, 43 sequences, length 24
# corresponding to MSA columns:
# 286-309
name=unknown_G
#
# <colnr> <probs for GDERKNQSTAVLIFYWHMCP>
#	G	D	E	R	K	N	Q	S	T	A	V	L	I	F	Y	W	H	M	C	P
0	0.01384	0.17302	0.24070	0.11745	0.04945	0.04064	0.12564	0.11756	0.01376	0.01839	0.01003	0.01229	0.00769	0.00544	0.00559	0.00167	0.03177	0.00451	0.00290	0.00767
1	0.00792	0.00603	0.00803	0.07794	0.01089	0.00580	0.00603	0.01049	0.01490	0.02063	0.61608	0.04035	0.13185	0.01111	0.00644	0.00177	0.00307	0.00975	0.00566	0.00525
2	0.01183	0.01016	0.01164	0.00867	0.01332	0.00835	0.00690	0.01630	0.12539	0.01883	0.01177	0.01288	0.00953	0.00462	0.00433	0.00098	0.00414	0.00373	0.00364	0.71298
3	0.00685	0.00490	0.00651	0.00764	0.00805	0.00456	0.00515	0.00796	0.01106	0.01486	0.09660	0.73361	0.03803	0.01681	0.00702	0.00220	0.00316	0.01523	0.00523	0.00456
4	0.00673	0.00549	0.00598	0.00632	0.00783	0.00474	0.00468	0.00811	0.01221	0.01488	0.04917	0.21062	0.57178	0.01480	0.00672	0.00199	0.00303	0.05514	0.00514	0.00466
5	0.84448	0.01071	0.00814	0.00728	0.01071	0.01242	0.00600	0.01628	0.00943	0.02485	0.00771	0.00900	0.00600	0.00514	0.00343	0.00171	0.00428	0.00300	0.00343	0.00600
6	0.00805	0.00537	0.00604	0.00604	0.00604	0.00537	0.00336	0.00805	0.00805	0.01074	0.01745	0.03624	0.02013	0.80536	0.02819	0.00537	0.00537	0.00805	0.00336	0.00336
7	0.01517	0.01077	0.01191	0.00973	0.01268	0.01150	0.00781	0.40103	0.02051	0.02865	0.25715	0.02346	0.02395	0.00812	0.00561	0.00163	0.00444	0.00663	0.13183	0.00742
8	0.47848	0.01014	0.01024	0.00843	0.01224	0.01051	0.00695	0.02106	0.01229	0.35967	0.01402	0.01340	0.00944	0.00591	0.00438	0.00171	0.00448	0.00415	0.00496	0.00753
9	0.25094	0.01004	0.01165	0.00932	0.01329	0.00979	0.00771	0.06526	0.01457	0.50313	0.01766	0.01705	0.01185	0.00661	0.00503	0.00173	0.00468	0.02555	0.00578	0.00835
10	0.01148	0.00984	0.01148	0.00820	0.01312	0.00738	0.00656	0.01395	0.01148	0.01805	0.00984	0.01148	0.00820	0.00410	0.00410	0.00082	0.00410	0.00328	0.00328	0.83922
11	0.00822	0.00513	0.00701	0.00731	0.00764	0.00515	0.00493	0.00801	0.00890	0.01200	0.04394	0.21831	0.04179	0.16587	0.12901	0.30511	0.00584	0.00866	0.00354	0.00363
12	0.01424	0.01213	0.01279	0.01137	0.01458	0.01399	0.00888	0.07582	0.71366	0.02392	0.02195	0.02019	0.01643	0.00746	0.00563	0.00186	0.00449	0.00618	0.00563	0.00881
13	0.00675	0.00482	0.00643	0.00771	0.00803	0.00450	0.00514	0.00771	0.01060	0.01414	0.03053	0.80175	0.03663	0.01735	0.00707	0.00225	0.00321	0.01574	0.00514	0.00450
14	0.00760	0.00537	0.00700	0.00798	0.00853	0.00519	0.00576	0.00880	0.01070	0.01410	0.02809	0.42608	0.04935	0.18101	0.01162	0.00297	0.00416	0.20654	0.00476	0.00443
15	0.03609	0.00692	0.00817	0.00786	0.00934	0.00743	0.00591	0.01456	0.12507	0.06149	0.01846	0.02625	0.01656	0.17511	0.20201	0.00419	0.00678	0.05280	0.20940	0.00557
16	0.00792	0.00590	0.00872	0.00872	0.00964	0.00682	0.00669	0.00977	0.00885	0.01272	0.01500	0.02269	0.01425	0.09056	0.73495	0.00867	0.01423	0.00607	0.00299	0.00484
17	0.00961	0.00699	0.00933	0.01016	0.01166	0.00712	0.00876	0.04419	0.04904	0.01802	0.07367	0.05707	0.03145	0.01431	0.00739	0.00243	0.00496	0.62316	0.00521	0.00547
18	0.00718	0.00556	0.00653	0.00645	0.00791	0.00492	0.00478	0.00911	0.01388	0.01832	0.39059	0.11667	0.36210	0.01305	0.00659	0.00184	0.00275	0.01127	0.00559	0.00492
19	0.38346	0.06667	0.38937	0.01162	0.01747	0.01320	0.01336	0.01692	0.01065	0.02054	0.00881	0.01032	0.00657	0.00518	0.00434	0.00170	0.00631	0.00354	0.00283	0.00714
20	0.79392	0.01101	0.00866	0.00762	0.01111	0.01272	0.00628	0.06148	0.01045	0.02547	0.00805	0.00926	0.00621	0.00523	0.00356	0.00171	0.00440	0.00312	0.00356	0.00621
21	0.28769	0.01285	0.01327	0.08992	0.01672	0.01458	0.00924	0.37045	0.06535	0.02837	0.01185	0.01272	0.00871	0.00609	0.00481	0.00170	0.00543	0.00442	0.02803	0.00781
22	0.37779	0.01310	0.01270	0.01017	0.01418	0.01459	0.00839	0.39244	0.01815	0.05102	0.01102	0.01154	0.00802	0.00593	0.00459	0.00166	0.00522	0.00409	0.00460	0.03080
23	0.01755	0.01423	0.01883	0.07468	0.30302	0.01532	0.01330	0.42378	0.01994	0.02712	0.01197	0.01355	0.00903	0.00592	0.00552	0.00167	0.00637	0.00496	0.00427	0.00895

[dist]
# distance from previous block
# <min> <max>
0	1

[block]
# block no. 7 follows, 43 sequences, length 53
# corresponding to MSA columns:
# 311-363
name=unknown_H
#
# <colnr> <probs for GDERKNQSTAVLIFYWHMCP>
#	G	D	E	R	K	N	Q	S	T	A	V	L	I	F	Y	W	H	M	C	P
0	0.01693	0.01888	0.01438	0.01381	0.05503	0.39481	0.01002	0.02432	0.32353	0.01779	0.01528	0.04497	0.01239	0.00686	0.00536	0.00166	0.00723	0.00522	0.00409	0.00744
1	0.01291	0.01278	0.01963	0.02073	0.24933	0.06474	0.18457	0.01855	0.15749	0.01836	0.05433	0.04955	0.01488	0.00889	0.05190	0.00223	0.00711	0.04076	0.00372	0.00756
2	0.06615	0.20936	0.09485	0.01086	0.01536	0.04804	0.01010	0.11439	0.01480	0.26823	0.01423	0.01529	0.01049	0.00630	0.00522	0.00159	0.02436	0.03230	0.00447	0.03362
3	0.00991	0.00907	0.03614	0.05944	0.16991	0.00815	0.00890	0.04970	0.01306	0.01765	0.10361	0.14815	0.22609	0.01003	0.00596	0.00173	0.00440	0.00875	0.00429	0.10506
4	0.42413	0.00878	0.00833	0.00766	0.01009	0.00955	0.00591	0.05740	0.01176	0.06135	0.12746	0.14334	0.01962	0.07472	0.00677	0.00210	0.00408	0.00676	0.00440	0.00580
5	0.01355	0.01261	0.04245	0.06295	0.37207	0.04597	0.03714	0.07836	0.03336	0.04597	0.03541	0.02368	0.05458	0.00741	0.00589	0.00181	0.00624	0.10913	0.00373	0.00771
6	0.01397	0.08057	0.13236	0.11045	0.11521	0.01402	0.03916	0.05675	0.25963	0.06521	0.01477	0.01569	0.01113	0.00628	0.00593	0.00177	0.03983	0.00517	0.00394	0.00813
7	0.00890	0.00511	0.00693	0.00693	0.00701	0.00519	0.00445	0.00775	0.00766	0.01030	0.01293	0.02437	0.01383	0.30949	0.08827	0.46315	0.00586	0.00609	0.00280	0.00297
8	0.00795	0.00542	0.00702	0.00783	0.00846	0.00515	0.00534	0.03511	0.01148	0.03851	0.07159	0.66557	0.03500	0.05748	0.00804	0.00235	0.00344	0.01431	0.00517	0.00481
9	0.01107	0.02979	0.05837	0.08518	0.19194	0.04327	0.03514	0.02770	0.03029	0.01514	0.01276	0.01864	0.01152	0.09621	0.28379	0.00462	0.02971	0.00552	0.00295	0.00638
10	0.01416	0.11064	0.28188	0.01677	0.11232	0.06580	0.11411	0.05632	0.01343	0.07503	0.04035	0.01412	0.01014	0.00559	0.00527	0.00164	0.00716	0.00480	0.04268	0.00782
11	0.01204	0.01219	0.01600	0.05882	0.01576	0.07401	0.03116	0.01363	0.00938	0.01344	0.00882	0.01370	0.00833	0.01403	0.13676	0.00332	0.54514	0.00497	0.00255	0.00595
12	0.06144	0.01009	0.01176	0.00853	0.01334	0.00805	0.01689	0.03333	0.01191	0.04593	0.01025	0.01169	0.00830	0.00433	0.00418	0.00094	0.00426	0.00343	0.00347	0.72787
13	0.01497	0.10383	0.35060	0.01620	0.10124	0.01315	0.07625	0.05076	0.02964	0.15902	0.01262	0.01362	0.00901	0.00555	0.00527	0.00168	0.00696	0.00464	0.01666	0.00832
14	0.01846	0.02830	0.24195	0.01172	0.01687	0.01036	0.01182	0.04901	0.07634	0.40251	0.01830	0.06176	0.01303	0.00700	0.00554	0.00176	0.00571	0.00571	0.00518	0.00868
15	0.02015	0.01216	0.01381	0.01095	0.01485	0.01280	0.00893	0.35358	0.13238	0.25904	0.01775	0.01678	0.01230	0.00682	0.00541	0.00168	0.00509	0.00537	0.08122	0.00894
16	0.03436	0.01300	0.05827	0.06274	0.13686	0.01456	0.08462	0.01656	0.04086	0.08406	0.01038	0.01365	0.00855	0.00753	0.01163	0.00207	0.38504	0.00507	0.00306	0.00715
17	0.01315	0.04435	0.09982	0.34718	0.22072	0.07363	0.01502	0.01693	0.02866	0.05706	0.02514	0.01442	0.00908	0.00556	0.00540	0.00172	0.00711	0.00482	0.00292	0.00732
18	0.00875	0.00547	0.00720	0.00790	0.00884	0.00502	0.00561	0.01000	0.01154	0.09273	0.04590	0.59882	0.09386	0.01575	0.00690	0.00217	0.00344	0.05966	0.00533	0.00507
19	0.00718	0.00513	0.00692	0.00821	0.00872	0.00487	0.00589	0.00846	0.01103	0.01462	0.03029	0.65511	0.03569	0.01694	0.00718	0.00231	0.00359	0.15812	0.00513	0.00462
20	0.01471	0.32987	0.08882	0.01534	0.05142	0.04879	0.20656	0.04566	0.01261	0.05657	0.01007	0.01214	0.00811	0.00610	0.02274	0.00173	0.05392	0.00450	0.00290	0.00744
21	0.10643	0.00966	0.01316	0.01116	0.03362	0.00926	0.07045	0.06275	0.04107	0.37030	0.02164	0.11165	0.04807	0.00854	0.00578	0.00185	0.00495	0.05634	0.00553	0.00779
22	0.00680	0.00514	0.00639	0.00718	0.00801	0.00473	0.00500	0.00799	0.01119	0.01449	0.05554	0.51975	0.24159	0.01787	0.05849	0.00257	0.00386	0.01380	0.00502	0.00460
23	0.01579	0.01384	0.05292	0.01165	0.01521	0.07807	0.00953	0.05564	0.54358	0.11035	0.02027	0.01880	0.01490	0.00713	0.00555	0.00181	0.00516	0.00579	0.00537	0.00864
24	0.04092	0.47367	0.06760	0.01237	0.09219	0.06061	0.01030	0.01691	0.05736	0.01535	0.04417	0.03408	0.04217	0.00602	0.00440	0.00142	0.00586	0.00446	0.00301	0.00712
25	0.05674	0.00583	0.00682	0.00691	0.00832	0.00542	0.00517	0.00959	0.01327	0.01836	0.32951	0.18802	0.25806	0.01313	0.00652	0.00192	0.00303	0.05301	0.00542	0.00496
26	0.00850	0.00543	0.00639	0.00625	0.00755	0.00511	0.00465	0.01089	0.01367	0.02047	0.39433	0.08032	0.10958	0.01027	0.00565	0.00163	0.00266	0.00884	0.29270	0.00511
27	0.00949	0.00761	0.00781	0.00729	0.00910	0.07080	0.00551	0.01156	0.01465	0.06346	0.41671	0.04147	0.29081	0.01151	0.00635	0.00176	0.00342	0.00978	0.00554	0.00539
28	0.06152	0.07355	0.39669	0.12433	0.02285	0.11680	0.01578	0.06135	0.01301	0.05005	0.01018	0.01196	0.00746	0.00547	0.00508	0.00168	0.00767	0.00412	0.00287	0.00759
29	0.00801	0.00579	0.00804	0.00811	0.00882	0.00642	0.00597	0.00943	0.00887	0.01244	0.01648	0.02853	0.01681	0.27038	0.50978	0.00746	0.01140	0.04956	0.00321	0.00447
30	0.00838	0.00613	0.00788	0.00864	0.00961	0.00609	0.00646	0.04321	0.05558	0.01682	0.09119	0.48947	0.03452	0.01533	0.00700	0.00223	0.00379	0.17726	0.00526	0.00516
31	0.01414	0.03084	0.03661	0.01000	0.01298	0.01115	0.00817	0.32065	0.04963	0.04972	0.17282	0.15299	0.08699	0.00994	0.00602	0.00179	0.00458	0.00834	0.00542	0.00723
32	0.10862	0.01086	0.05092	0.04561	0.12311	0.00959	0.00989	0.02280	0.01411	0.48440	0.01746	0.01663	0.01161	0.00625	0.00524	0.00169	0.00512	0.00509	0.04243	0.00858
33	0.01310	0.01485	0.03220	0.02385	0.06412	0.01397	0.71591	0.01771	0.01305	0.01776	0.01117	0.01488	0.00842	0.00468	0.00649	0.00186	0.00921	0.00646	0.00280	0.00753
34	0.01011	0.00882	0.02661	0.01163	0.01395	0.00853	0.17499	0.01271	0.01340	0.04564	0.36928	0.02981	0.07332	0.01136	0.04250	0.05161	0.07724	0.00811	0.00457	0.00580
35	0.01273	0.13111	0.25263	0.24867	0.11191	0.01351	0.04093	0.01679	0.01188	0.07251	0.01109	0.03286	0.00863	0.00563	0.00524	0.00170	0.00709	0.00476	0.00285	0.00747
36	0.06010	0.01145	0.01332	0.01053	0.01444	0.07656	0.00861	0.06731	0.01576	0.59267	0.01881	0.01697	0.01221	0.00682	0.00608	0.00172	0.04654	0.00521	0.00605	0.00884
37	0.84448	0.01071	0.00814	0.00728	0.01071	0.01242	0.00600	0.01628	0.00943	0.02485	0.00771	0.00900	0.00600	0.00514	0.00343	0.00171	0.00428	0.00300	0.00343	0.00600
38	0.02345	0.00921	0.01240	0.00964	0.01368	0.00807	0.00791	0.02595	0.03330	0.70391	0.05499	0.01994	0.01551	0.00706	0.00557	0.00171	0.00456	0.00577	0.02825	0.00911
39	0.01348	0.11114	0.02506	0.01891	0.08408	0.01610	0.30230	0.05943	0.01201	0.01670	0.00949	0.01303	0.00795	0.00653	0.00999	0.00194	0.27661	0.00530	0.00278	0.00717
40	0.01748	0.00774	0.01028	0.00885	0.01175	0.00694	0.00721	0.01970	0.01457	0.43240	0.11175	0.06659	0.04674	0.00936	0.00593	0.00183	0.00417	0.11803	0.09123	0.00745
41	0.00688	0.00498	0.00651	0.00749	0.00803	0.00461	0.00510	0.00810	0.01141	0.01529	0.13271	0.65463	0.08108	0.01634	0.00697	0.00216	0.00311	0.01473	0.00527	0.00461
42	0.01298	0.01559	0.06796	0.02298	0.02871	0.01395	0.71607	0.01773	0.01301	0.01773	0.01114	0.01479	0.00834	0.00470	0.00648	0.00186	0.00928	0.00642	0.00278	0.00750
43	0.00754	0.00560	0.00694	0.00669	0.00801	0.00509	0.00494	0.00971	0.01448	0.01987	0.55732	0.08070	0.19205	0.04751	0.00753	0.00195	0.00280	0.01054	0.00574	0.00500
44	0.00805	0.00537	0.00604	0.00604	0.00604	0.00537	0.00336	0.00805	0.00805	0.01074	0.01745	0.03624	0.02013	0.80536	0.02819	0.00537	0.00537	0.00805	0.00336	0.00336
45	0.01111	0.02865	0.77667	0.01579	0.02397	0.01286	0.02046	0.01754	0.01169	0.01754	0.00994	0.01169	0.00702	0.00526	0.00526	0.00175	0.00818	0.00409	0.00234	0.00818
46	0.02250	0.01186	0.01420	0.01103	0.01527	0.01193	0.00907	0.29219	0.08413	0.43928	0.01878	0.01698	0.01242	0.00684	0.00556	0.00171	0.00519	0.00542	0.00627	0.00937
47	0.00966	0.00697	0.00901	0.00914	0.01069	0.00697	0.00750	0.08970	0.01500	0.02027	0.28288	0.11228	0.03693	0.01318	0.00699	0.00215	0.00419	0.34547	0.00549	0.00555
48	0.66275	0.01043	0.00918	0.00785	0.01147	0.01147	0.00647	0.01865	0.01085	0.19110	0.01085	0.01118	0.00771	0.00552	0.00390	0.00171	0.00438	0.00357	0.00419	0.00676
49	0.24427	0.03429	0.01050	0.00914	0.01205	0.00904	0.00775	0.01769	0.01285	0.25178	0.04871	0.03180	0.01915	0.00941	0.00567	0.00199	0.00469	0.25734	0.00513	0.00675
50	0.01159	0.05436	0.32104	0.01230	0.01689	0.01088	0.01319	0.01747	0.12489	0.05703	0.01827	0.02911	0.01668	0.06027	0.00741	0.00220	0.00628	0.20914	0.00391	0.00711
51	0.00884	0.00662	0.02230	0.00750	0.00911	0.00590	0.00568	0.05447	0.01344	0.05602	0.19477	0.27624	0.25565	0.02612	0.02935	0.00219	0.00368	0.01150	0.00532	0.00532
52	0.14166	0.16159	0.07970	0.00974	0.01289	0.03705	0.00853	0.11347	0.05644	0.01949	0.04521	0.25571	0.01859	0.00942	0.00531	0.00178	0.00497	0.00775	0.00416	0.00654

[dist]
# distance from previous block
# <min> <max>
1	2

[block]
# block no. 8 follows, 43 sequences, length 21
# corresponding to MSA columns:
# 366-386
name=unknown_I
#
# <colnr> <probs for GDERKNQSTAVLIFYWHMCP>
#	G	D	E	R	K	N	Q	S	T	A	V	L	I	F	Y	W	H	M	C	P
0	0.01496	0.20286	0.19250	0.05509	0.05428	0.01441	0.03836	0.11055	0.01398	0.10789	0.04063	0.01361	0.01014	0.00578	0.00542	0.00156	0.03484	0.00448	0.00355	0.07512
1	0.01271	0.07373	0.12053	0.01336	0.01563	0.12179	0.03165	0.01559	0.05112	0.01477	0.01241	0.11326	0.01224	0.00906	0.01076	0.00204	0.33066	0.02916	0.00308	0.00643
2	0.00803	0.00546	0.00652	0.00652	0.00669	0.00563	0.00396	0.00836	0.00820	0.01110	0.01701	0.03379	0.01907	0.67606	0.15604	0.00597	0.00697	0.00770	0.00329	0.00362
3	0.01182	0.08497	0.13806	0.07662	0.04689	0.09032	0.01103	0.05453	0.05121	0.01569	0.01257	0.01679	0.01082	0.04420	0.30520	0.00454	0.01019	0.00503	0.00304	0.00646
4	0.01247	0.10748	0.39795	0.01768	0.15425	0.01370	0.04616	0.05626	0.05302	0.01844	0.03874	0.03736	0.01059	0.00590	0.00530	0.00169	0.00703	0.00495	0.00300	0.00802
5	0.00849	0.00605	0.00715	0.02924	0.00794	0.00627	0.00451	0.03098	0.00946	0.01264	0.05384	0.08726	0.06108	0.59579	0.02290	0.00448	0.03570	0.00855	0.00370	0.00396
6	0.01922	0.00845	0.01079	0.00870	0.01196	0.00775	0.00703	0.07238	0.01568	0.46345	0.12731	0.02205	0.01903	0.00740	0.00536	0.00163	0.00408	0.00608	0.17368	0.00796
7	0.00880	0.00594	0.00780	0.00856	0.03218	0.00593	0.00568	0.00976	0.01011	0.05412	0.02341	0.34863	0.02653	0.28982	0.04574	0.00358	0.03064	0.07378	0.00436	0.00462
8	0.01164	0.00998	0.01156	0.00841	0.01321	0.00782	0.00671	0.01500	0.06262	0.01840	0.01071	0.01211	0.00880	0.00433	0.00421	0.00089	0.00412	0.00348	0.00344	0.78255
9	0.00936	0.00657	0.00907	0.07389	0.01166	0.00743	0.00705	0.01161	0.01066	0.03706	0.08692	0.02345	0.05090	0.02338	0.36026	0.00496	0.06261	0.00623	0.19162	0.00531
10	0.00713	0.00510	0.00687	0.00815	0.00864	0.00483	0.00581	0.00838	0.01098	0.01457	0.03031	0.67056	0.03579	0.01699	0.00717	0.00230	0.00355	0.14312	0.00513	0.00461
11	0.01458	0.01500	0.22425	0.04506	0.12923	0.01057	0.01267	0.07678	0.03584	0.17992	0.12529	0.04796	0.01715	0.00711	0.00561	0.00173	0.00572	0.00603	0.03159	0.00790
12	0.01513	0.04713	0.09902	0.06480	0.11438	0.01403	0.26934	0.12241	0.04358	0.09423	0.01234	0.01443	0.00913	0.00569	0.00644	0.00179	0.04905	0.00544	0.00359	0.00805
13	0.00659	0.00545	0.00578	0.00605	0.00760	0.00464	0.00440	0.00790	0.01220	0.01479	0.05079	0.20885	0.61645	0.01472	0.00665	0.00195	0.00289	0.01253	0.00514	0.00464
14	0.12055	0.01000	0.01257	0.00984	0.01384	0.00947	0.00812	0.07383	0.01555	0.59807	0.03346	0.01754	0.01305	0.00681	0.00573	0.00173	0.02951	0.00529	0.00621	0.00883
15	0.01581	0.09408	0.17453	0.03265	0.10245	0.04592	0.04156	0.13088	0.13524	0.10904	0.01356	0.01432	0.01004	0.00617	0.00600	0.00172	0.04888	0.00487	0.00398	0.00831
16	0.01112	0.01553	0.23578	0.29474	0.14238	0.01192	0.03381	0.01599	0.05128	0.01651	0.01311	0.04733	0.01121	0.00673	0.00572	0.00187	0.00703	0.06783	0.00297	0.00716
17	0.00748	0.00535	0.00686	0.00719	0.00798	0.00501	0.00505	0.00909	0.01257	0.01723	0.34407	0.31410	0.06650	0.12470	0.00980	0.00247	0.00332	0.04126	0.00530	0.00468
18	0.01330	0.01275	0.02175	0.12822	0.67974	0.01305	0.01680	0.01664	0.01242	0.01760	0.01035	0.01384	0.00860	0.00501	0.00549	0.00167	0.00668	0.00493	0.00271	0.00845
19	0.01673	0.13291	0.07975	0.16473	0.01980	0.01327	0.01101	0.13373	0.09223	0.21416	0.02837	0.01629	0.01149	0.03430	0.00605	0.00180	0.00588	0.00507	0.00447	0.00797
20	0.01284	0.08147	0.12291	0.42341	0.08910	0.01276	0.04626	0.01656	0.01200	0.09918	0.02506	0.01470	0.00899	0.00560	0.00539	0.00174	0.00700	0.00487	0.00303	0.00712

[dist]
# distance from previous block
# <min> <max>
2	8

[block]
# block no. 9 follows, 43 sequences, length 9
# corresponding to MSA columns:
# 395-403
name=unknown_J
#
# <colnr> <probs for GDERKNQSTAVLIFYWHMCP>
#	G	D	E	R	K	N	Q	S	T	A	V	L	I	F	Y	W	H	M	C	P
0	0.00952	0.00756	0.00887	0.00805	0.01013	0.00753	0.00615	0.01537	0.20582	0.02160	0.46765	0.03483	0.09511	0.01003	0.00613	0.00172	0.00319	0.00870	0.00570	0.06635
1	0.01148	0.00984	0.01148	0.00820	0.01312	0.00738	0.00656	0.01395	0.01148	0.01805	0.00984	0.01148	0.00820	0.00410	0.00410	0.00082	0.00410	0.00328	0.00328	0.83922
2	0.00728	0.00529	0.00695	0.00788	0.00865	0.00496	0.00576	0.00880	0.01188	0.01578	0.13460	0.49248	0.10445	0.01584	0.00705	0.00220	0.00344	0.14672	0.00527	0.00473
3	0.00830	0.00619	0.00786	0.00821	0.00957	0.00599	0.00655	0.01124	0.05584	0.01817	0.27384	0.11118	0.14250	0.03937	0.00764	0.00222	0.00378	0.27097	0.00541	0.00518
4	0.12699	0.00621	0.00659	0.00635	0.00801	0.00611	0.00481	0.01137	0.01302	0.02062	0.31709	0.06444	0.15739	0.00991	0.00544	0.00167	0.00290	0.00830	0.21760	0.00520
5	0.00805	0.00537	0.00604	0.00604	0.00604	0.00537	0.00336	0.00805	0.00805	0.01074	0.01745	0.03624	0.02013	0.80536	0.02819	0.00537	0.00537	0.00805	0.00336	0.00336
6	0.01996	0.01114	0.01291	0.01015	0.01394	0.01130	0.00828	0.30541	0.04549	0.30212	0.01747	0.01681	0.01205	0.00663	0.00521	0.00159	0.00484	0.00522	0.15119	0.03827
