[name]
unknown

[dist]
# distance from previous block
# <min> <max>
0	1279

[block]
# block no. 0 follows, 40 sequences, length 33
# corresponding to MSA columns:
# 1288-1295,1298,1299,1302-1324
name=unknown_A
#
# <colnr> <probs for GDERKNQSTAVLIFYWHMCP>
#	G	D	E	R	K	N	Q	S	T	A	V	L	I	F	Y	W	H	M	C	P
0	0.01013	0.00788	0.00953	0.00931	0.01121	0.00816	0.00740	0.01646	0.21122	0.02183	0.35348	0.04362	0.06670	0.01197	0.00690	0.00208	0.00390	0.18582	0.00597	0.00642
1	0.01336	0.01250	0.01927	0.20705	0.25498	0.01418	0.05611	0.04424	0.14820	0.01877	0.01350	0.03994	0.01112	0.00697	0.00773	0.00197	0.11277	0.00587	0.00351	0.00796
2	0.00832	0.00620	0.00917	0.00917	0.01015	0.00717	0.00705	0.01027	0.00929	0.01337	0.01574	0.02374	0.01492	0.08764	0.72909	0.00913	0.01499	0.00636	0.00314	0.00509
3	0.01312	0.01082	0.01603	0.36762	0.07094	0.01224	0.04878	0.15189	0.01539	0.02123	0.09124	0.01894	0.01424	0.00672	0.00574	0.00180	0.00634	0.00587	0.11395	0.00710
4	0.02211	0.01629	0.01745	0.01338	0.01803	0.01803	0.01105	0.73997	0.02734	0.03665	0.01396	0.01396	0.00989	0.00698	0.00582	0.00175	0.00640	0.00524	0.00582	0.00989
5	0.01446	0.01249	0.01315	0.01183	0.01512	0.01446	0.00920	0.03090	0.74885	0.02433	0.02367	0.02170	0.01775	0.00789	0.00592	0.00197	0.00460	0.00657	0.00592	0.00920
6	0.01098	0.01034	0.01744	0.78165	0.04005	0.01292	0.01615	0.01486	0.01163	0.01486	0.01034	0.01550	0.00775	0.00581	0.00581	0.00194	0.00775	0.00517	0.00258	0.00646
7	0.83671	0.01125	0.00855	0.00765	0.01125	0.01305	0.00630	0.01709	0.00990	0.02609	0.00810	0.00945	0.00630	0.00540	0.00360	0.00180	0.00450	0.00315	0.00360	0.00630
8	0.60150	0.08686	0.02780	0.00899	0.01273	0.09432	0.00760	0.04557	0.01156	0.02380	0.00877	0.01013	0.00694	0.00552	0.00392	0.00170	0.00540	0.00338	0.02689	0.00662
9	0.01061	0.00941	0.03900	0.01346	0.09210	0.00875	0.09713	0.01366	0.01492	0.04716	0.43683	0.03414	0.05915	0.01007	0.00755	0.00192	0.05880	0.03372	0.00517	0.00647
10	0.01303	0.01319	0.04387	0.38284	0.14671	0.03599	0.09178	0.04556	0.08497	0.01772	0.01182	0.01547	0.00913	0.00614	0.00675	0.00193	0.05707	0.00542	0.00313	0.00751
11	0.38731	0.08918	0.09347	0.01140	0.01536	0.26303	0.01002	0.01919	0.01245	0.01997	0.00862	0.01016	0.00694	0.00569	0.00476	0.00167	0.02732	0.00351	0.00315	0.00679
12	0.00928	0.00567	0.00716	0.00761	0.00851	0.00542	0.00536	0.01083	0.01193	0.06106	0.10433	0.39260	0.03165	0.10258	0.03629	0.00272	0.00404	0.03692	0.15089	0.00514
13	0.07869	0.06362	0.01690	0.01245	0.01685	0.01719	0.01031	0.52211	0.12674	0.05477	0.01482	0.01462	0.01073	0.00688	0.00555	0.00175	0.00595	0.00516	0.00551	0.00939
14	0.00846	0.00564	0.00634	0.00634	0.00634	0.00564	0.00352	0.00846	0.00846	0.01128	0.01832	0.03805	0.02114	0.79563	0.02960	0.00564	0.00564	0.00846	0.00352	0.00352
15	0.01072	0.02124	0.46114	0.13291	0.02348	0.01165	0.01666	0.01632	0.03776	0.01801	0.06972	0.02159	0.11961	0.00742	0.00587	0.00188	0.00710	0.00610	0.00329	0.00753
16	0.01393	0.19188	0.31653	0.01669	0.02311	0.04288	0.20107	0.04347	0.06244	0.01830	0.01122	0.01313	0.00854	0.00547	0.00550	0.00174	0.00811	0.00486	0.00295	0.00817
17	0.02139	0.00899	0.01208	0.00964	0.01333	0.00794	0.00781	0.02412	0.03507	0.56220	0.20384	0.02567	0.02446	0.00837	0.00610	0.00181	0.00440	0.00702	0.00697	0.00879
18	0.00821	0.00591	0.00757	0.00717	0.00842	0.00549	0.00525	0.01063	0.01552	0.02182	0.65792	0.04323	0.07169	0.09493	0.00927	0.00224	0.00306	0.01035	0.00607	0.00526
19	0.00760	0.00543	0.00734	0.00869	0.00925	0.00517	0.00630	0.00899	0.01164	0.01542	0.03177	0.62731	0.03733	0.01773	0.00756	0.00243	0.00382	0.17595	0.00539	0.00487
20	0.12252	0.01396	0.01487	0.01281	0.01626	0.09393	0.07370	0.12890	0.29925	0.02381	0.01862	0.02351	0.01547	0.00813	0.00591	0.00197	0.00604	0.10739	0.00495	0.00800
21	0.75048	0.01178	0.00949	0.00825	0.01196	0.01357	0.00680	0.09361	0.01174	0.02721	0.00872	0.00992	0.00668	0.00557	0.00383	0.00179	0.00470	0.00337	0.00383	0.00668
22	0.00721	0.00518	0.00702	0.00823	0.00864	0.00499	0.00560	0.00834	0.01094	0.01470	0.03031	0.71044	0.03593	0.02091	0.08841	0.00310	0.00467	0.01544	0.00516	0.00477
23	0.05631	0.00995	0.01331	0.01025	0.01471	0.00871	0.00846	0.02792	0.01639	0.73590	0.02239	0.01941	0.01409	0.00713	0.00576	0.00180	0.00493	0.00575	0.00706	0.00976
24	0.01816	0.01492	0.12088	0.01231	0.01697	0.01287	0.01122	0.20612	0.04283	0.20314	0.01448	0.01487	0.01037	0.00671	0.00709	0.00170	0.10052	0.00492	0.00480	0.17512
25	0.01555	0.79913	0.03047	0.00995	0.01493	0.02301	0.00995	0.01741	0.01182	0.01368	0.00808	0.00933	0.00746	0.00498	0.00373	0.00124	0.00622	0.00311	0.00249	0.00746
26	0.12683	0.01072	0.01665	0.61787	0.08947	0.01300	0.01490	0.01539	0.01151	0.01674	0.01007	0.01457	0.00766	0.00571	0.00550	0.00190	0.00723	0.00489	0.00275	0.00664
27	0.83671	0.01125	0.00855	0.00765	0.01125	0.01305	0.00630	0.01709	0.00990	0.02609	0.00810	0.00945	0.00630	0.00540	0.00360	0.00180	0.00450	0.00315	0.00360	0.00630
28	0.00709	0.00506	0.00675	0.00810	0.00843	0.00472	0.00540	0.00810	0.01113	0.01484	0.03205	0.79184	0.03846	0.01822	0.00742	0.00236	0.00337	0.01653	0.00540	0.00472
29	0.00791	0.00549	0.00689	0.00740	0.00767	0.00550	0.00473	0.00857	0.00960	0.01293	0.02322	0.32462	0.02691	0.40022	0.11776	0.00487	0.00606	0.01126	0.00419	0.00420
30	0.00845	0.00585	0.00748	0.00715	0.00847	0.00545	0.00533	0.01112	0.01577	0.02276	0.64527	0.07521	0.04989	0.01164	0.00659	0.00180	0.00277	0.01025	0.09331	0.00545
31	0.01206	0.01034	0.01206	0.00861	0.01378	0.00775	0.00689	0.01464	0.01206	0.01895	0.01034	0.01206	0.00861	0.00431	0.00431	0.00086	0.00431	0.00345	0.00345	0.83118
32	0.02929	0.14608	0.50472	0.01796	0.12427	0.01518	0.01855	0.01798	0.01216	0.01774	0.00998	0.01207	0.00762	0.00557	0.00577	0.00176	0.03813	0.00424	0.00255	0.00837

[dist]
# distance from previous block
# <min> <max>
0	2

[block]
# block no. 1 follows, 40 sequences, length 49
# corresponding to MSA columns:
# 1327-1363,1371-1382
name=unknown_B
#
# <colnr> <probs for GDERKNQSTAVLIFYWHMCP>
#	G	D	E	R	K	N	Q	S	T	A	V	L	I	F	Y	W	H	M	C	P
0	0.01459	0.05789	0.22338	0.04039	0.03978	0.01425	0.07096	0.19458	0.13205	0.02410	0.11327	0.01862	0.01615	0.00702	0.00587	0.00182	0.00655	0.00591	0.00440	0.00842
1	0.00791	0.00567	0.00653	0.00674	0.00739	0.00536	0.00438	0.00871	0.01077	0.01400	0.08924	0.15437	0.19438	0.41176	0.01854	0.00390	0.00445	0.03712	0.00453	0.00424
2	0.01206	0.01034	0.01206	0.00861	0.01378	0.00775	0.00689	0.01464	0.01206	0.01895	0.01034	0.01206	0.00861	0.00431	0.00431	0.00086	0.00431	0.00345	0.00345	0.83118
3	0.01588	0.01381	0.04018	0.06965	0.09423	0.01439	0.10491	0.13650	0.33990	0.06795	0.01778	0.01801	0.01317	0.00678	0.00596	0.00188	0.00614	0.00601	0.00492	0.02197
4	0.00745	0.00545	0.00701	0.00760	0.00846	0.00500	0.00533	0.00911	0.01317	0.01783	0.28243	0.46071	0.11753	0.01570	0.00717	0.00214	0.00311	0.01404	0.00574	0.00500
5	0.01609	0.03758	0.04470	0.01100	0.01596	0.01280	0.00930	0.28728	0.07379	0.02579	0.01264	0.01343	0.00970	0.00565	0.00502	0.00133	0.00534	0.00438	0.00445	0.40377
6	0.01788	0.08293	0.03758	0.01099	0.04394	0.01039	0.00883	0.04166	0.07089	0.30822	0.07540	0.04712	0.01620	0.00702	0.00543	0.00157	0.00489	0.00577	0.00532	0.19798
7	0.06468	0.23488	0.12303	0.01272	0.01729	0.15067	0.05338	0.06409	0.03922	0.08754	0.06793	0.01467	0.01221	0.00635	0.00547	0.00163	0.02809	0.00472	0.00372	0.00770
8	0.01899	0.01779	0.28503	0.01370	0.01966	0.01130	0.06401	0.02433	0.08182	0.37641	0.01774	0.01698	0.01179	0.00650	0.00581	0.00184	0.00656	0.00543	0.00508	0.00922
9	0.00723	0.00521	0.00689	0.00818	0.00866	0.00487	0.00563	0.00838	0.01138	0.01506	0.03314	0.70896	0.06971	0.01792	0.00744	0.00237	0.00349	0.06529	0.00540	0.00478
10	0.01451	0.13677	0.30903	0.03345	0.08315	0.01501	0.09750	0.06767	0.06757	0.07026	0.01272	0.02943	0.00975	0.00608	0.00581	0.00178	0.02256	0.00510	0.00342	0.00845
11	0.01746	0.04897	0.16786	0.05729	0.14455	0.01403	0.07429	0.16450	0.06569	0.16579	0.01453	0.01537	0.01037	0.00618	0.00576	0.00179	0.00686	0.00529	0.00439	0.00903
12	0.01005	0.00518	0.00771	0.00781	0.00792	0.00518	0.00538	0.00792	0.00802	0.01066	0.01167	0.02132	0.01188	0.01989	0.02161	0.76784	0.00507	0.05943	0.00274	0.00274
13	0.01818	0.01186	0.01745	0.26588	0.09411	0.01260	0.05134	0.13493	0.05373	0.25688	0.01572	0.01684	0.01090	0.00644	0.00588	0.00185	0.00652	0.00556	0.00478	0.00856
14	0.06809	0.01330	0.01773	0.07191	0.21351	0.02807	0.04925	0.25089	0.02736	0.09404	0.01423	0.02826	0.01096	0.00654	0.00564	0.00177	0.00626	0.01649	0.06710	0.00859
15	0.00752	0.04574	0.00796	0.00819	0.00877	0.00566	0.00563	0.00857	0.01117	0.01479	0.03082	0.75175	0.03687	0.01754	0.00723	0.00230	0.00352	0.01584	0.00525	0.00486
16	0.05091	0.01472	0.01590	0.01238	0.01687	0.01593	0.01014	0.52073	0.11035	0.08316	0.01521	0.01496	0.01089	0.00683	0.00563	0.00171	0.00584	0.00521	0.00565	0.07698
17	0.00837	0.00598	0.00806	0.00806	0.00865	0.00657	0.00567	0.00956	0.00897	0.01255	0.01675	0.02935	0.01736	0.36537	0.45469	0.00776	0.01132	0.00718	0.00329	0.00448
18	0.01490	0.06724	0.07419	0.05472	0.02136	0.01233	0.25635	0.01828	0.01295	0.14162	0.01319	0.01642	0.01026	0.06055	0.00809	0.00196	0.04814	0.00556	0.00368	0.15819
19	0.01457	0.29800	0.40085	0.01381	0.02050	0.04800	0.01591	0.07903	0.01363	0.03173	0.01008	0.01145	0.00775	0.00550	0.00492	0.00161	0.00759	0.00397	0.00286	0.00825
20	0.00712	0.00514	0.00674	0.00795	0.00841	0.00476	0.00535	0.00822	0.01145	0.01523	0.06224	0.72436	0.07592	0.01779	0.00737	0.00232	0.00333	0.01607	0.00544	0.00476
21	0.02523	0.01067	0.01391	0.01069	0.01515	0.00974	0.00882	0.12185	0.01805	0.65367	0.03552	0.01947	0.01456	0.00726	0.00586	0.00179	0.00510	0.00585	0.00700	0.00981
22	0.01009	0.00709	0.00915	0.00845	0.00998	0.00726	0.00642	0.01370	0.08099	0.06516	0.46836	0.03572	0.03957	0.06893	0.10626	0.00309	0.03927	0.00896	0.00562	0.00595
23	0.01618	0.02112	0.34666	0.01923	0.14992	0.05958	0.09287	0.02084	0.01383	0.18384	0.01335	0.01456	0.00941	0.00580	0.00576	0.00180	0.00774	0.00503	0.00367	0.00880
24	0.00780	0.00593	0.00717	0.00686	0.00842	0.00530	0.00515	0.01013	0.01544	0.02088	0.53318	0.04745	0.27950	0.01280	0.00686	0.00187	0.00281	0.01108	0.00608	0.00530
25	0.00842	0.00627	0.00810	0.00897	0.01036	0.00595	0.00742	0.01063	0.01336	0.01716	0.09321	0.13492	0.21908	0.01563	0.00759	0.00240	0.00434	0.41556	0.00545	0.00519
26	0.11368	0.01363	0.01567	0.14652	0.02046	0.01510	0.01093	0.42546	0.02093	0.12214	0.01389	0.01461	0.00978	0.00662	0.00553	0.00178	0.00616	0.00507	0.02326	0.00878
27	0.00984	0.00813	0.01295	0.07429	0.19156	0.00804	0.04149	0.01185	0.01191	0.03248	0.02426	0.49573	0.02730	0.01333	0.00684	0.00215	0.00487	0.01229	0.00451	0.00618
28	0.00842	0.00578	0.00707	0.00707	0.00732	0.00603	0.00443	0.00892	0.00867	0.01182	0.01766	0.03436	0.01954	0.61301	0.21002	0.00654	0.00805	0.00792	0.00342	0.00393
29	0.00751	0.00592	0.00677	0.00656	0.00825	0.00518	0.00492	0.00958	0.01476	0.01928	0.38625	0.05009	0.42743	0.01339	0.00687	0.00190	0.00285	0.01145	0.00587	0.00518
30	0.17688	0.43349	0.02191	0.01068	0.04353	0.02845	0.00924	0.07588	0.01284	0.03043	0.00971	0.01112	0.00815	0.00554	0.00448	0.00146	0.02768	0.00365	0.06051	0.02437
31	0.07069	0.17436	0.31150	0.03652	0.01930	0.01427	0.01377	0.01902	0.08717	0.04649	0.01160	0.01280	0.00886	0.00551	0.00489	0.00157	0.00654	0.00416	0.00324	0.14774
32	0.01776	0.23914	0.13043	0.03155	0.07035	0.04332	0.06043	0.22926	0.01722	0.08960	0.01200	0.01299	0.00900	0.00590	0.00523	0.00163	0.00696	0.00460	0.00396	0.00865
33	0.01252	0.14005	0.55694	0.01671	0.02440	0.01506	0.11935	0.01830	0.01241	0.01776	0.01028	0.01232	0.00758	0.00536	0.00545	0.00177	0.00842	0.00448	0.00253	0.00833
34	0.00714	0.00586	0.00629	0.00628	0.00804	0.00501	0.00467	0.00883	0.01375	0.01710	0.18950	0.09293	0.58565	0.01438	0.00690	0.00196	0.00293	0.01217	0.00559	0.00501
35	0.01700	0.01326	0.01471	0.01096	0.01587	0.01281	0.00894	0.37148	0.01958	0.02766	0.01212	0.01299	0.00924	0.00562	0.00505	0.00130	0.00534	0.00433	0.00461	0.42713
36	0.01471	0.01059	0.01540	0.32530	0.10871	0.01172	0.01234	0.09608	0.05806	0.12902	0.01581	0.07179	0.01258	0.00717	0.00577	0.00185	0.00612	0.00619	0.08321	0.00759
37	0.01706	0.11037	0.14742	0.04036	0.12086	0.01248	0.02290	0.03994	0.05184	0.23682	0.03082	0.01639	0.02306	0.00620	0.00540	0.00164	0.00604	0.00509	0.00442	0.10088
38	0.01412	0.36431	0.23618	0.01531	0.07007	0.04319	0.09255	0.01836	0.03993	0.01662	0.03269	0.01273	0.00953	0.00549	0.00494	0.00158	0.00730	0.00437	0.00282	0.00792
39	0.00709	0.00506	0.00675	0.00810	0.00843	0.00472	0.00540	0.00810	0.01113	0.01484	0.03205	0.79184	0.03846	0.01822	0.00742	0.00236	0.00337	0.01653	0.00540	0.00472
40	0.03758	0.03691	0.17988	0.23488	0.14043	0.01317	0.09713	0.01739	0.05082	0.03965	0.01300	0.06897	0.01083	0.00665	0.00621	0.00191	0.02783	0.00594	0.00318	0.00764
41	0.01592	0.23582	0.10155	0.11576	0.03597	0.01503	0.04760	0.07476	0.06633	0.14398	0.05694	0.03937	0.01335	0.00668	0.00537	0.00170	0.00627	0.00545	0.00413	0.00803
42	0.00710	0.00539	0.00655	0.00734	0.00827	0.00484	0.00509	0.00838	0.01218	0.01571	0.09098	0.50538	0.26848	0.01667	0.00721	0.00220	0.00319	0.01476	0.00547	0.00484
43	0.00912	0.00653	0.00805	0.00770	0.00927	0.00626	0.00575	0.01281	0.08339	0.04120	0.49517	0.12610	0.11154	0.01218	0.00671	0.00190	0.00306	0.01068	0.03678	0.00581
44	0.01598	0.16245	0.03706	0.13469	0.22196	0.05875	0.06590	0.01939	0.03792	0.12305	0.01218	0.01434	0.00942	0.00597	0.00629	0.00174	0.05637	0.00494	0.00346	0.00813
45	0.06609	0.01198	0.01956	0.25666	0.34792	0.01283	0.05223	0.01739	0.03517	0.05096	0.01291	0.01850	0.01074	0.00630	0.00586	0.00188	0.00689	0.05494	0.00329	0.00788
46	0.02264	0.01431	0.01609	0.01246	0.01698	0.01525	0.01025	0.50009	0.07466	0.23039	0.01704	0.01606	0.01164	0.00710	0.00583	0.00178	0.00589	0.00549	0.00619	0.00984
47	0.00940	0.00623	0.00884	0.00872	0.00994	0.00700	0.00677	0.01159	0.01010	0.04282	0.01643	0.02253	0.01459	0.03602	0.61394	0.00771	0.01300	0.00608	0.14288	0.00541
48	0.04531	0.01877	0.06800	0.01455	0.06394	0.24813	0.01140	0.17450	0.11167	0.16413	0.01477	0.01476	0.01069	0.00657	0.00557	0.00172	0.00728	0.00493	0.00474	0.00859

[dist]
# distance from previous block
# <min> <max>
0	4

[block]
# block no. 2 follows, 40 sequences, length 14
# corresponding to MSA columns:
# 1387-1391,1393-1401
name=unknown_C
#
# <colnr> <probs for GDERKNQSTAVLIFYWHMCP>
#	G	D	E	R	K	N	Q	S	T	A	V	L	I	F	Y	W	H	M	C	P
0	0.01810	0.01637	0.01489	0.01298	0.01599	0.21469	0.01020	0.05901	0.32456	0.12221	0.01714	0.01694	0.01289	0.00755	0.00745	0.00189	0.10849	0.00547	0.00487	0.00831
1	0.00855	0.00565	0.00670	0.00670	0.00680	0.00575	0.00397	0.00858	0.00848	0.01140	0.01753	0.03531	0.01980	0.67509	0.09747	0.06066	0.00651	0.00803	0.00342	0.00361
2	0.01120	0.01046	0.01703	0.65185	0.03554	0.01328	0.01524	0.01470	0.01129	0.01500	0.01031	0.01537	0.00801	0.00642	0.00749	0.00200	0.10935	0.00517	0.03387	0.00641
3	0.01882	0.10447	0.04732	0.01295	0.01645	0.11502	0.01102	0.20251	0.07161	0.14633	0.02959	0.01486	0.01107	0.00742	0.00819	0.00185	0.16264	0.00505	0.00453	0.00830
4	0.03783	0.08160	0.20668	0.04651	0.14556	0.01242	0.02520	0.04585	0.01305	0.05126	0.01092	0.01281	0.00851	0.00515	0.00502	0.00145	0.00634	0.00422	0.00324	0.27638
5	0.01389	0.32690	0.32636	0.01404	0.02012	0.01749	0.06258	0.01858	0.04617	0.03614	0.01036	0.01201	0.00818	0.00573	0.00584	0.00167	0.05891	0.00420	0.00279	0.00802
6	0.00843	0.00635	0.00786	0.00762	0.00908	0.00604	0.00565	0.01191	0.07437	0.02144	0.52422	0.14111	0.12850	0.01271	0.00686	0.00193	0.00300	0.01118	0.00612	0.00562
7	0.01801	0.01044	0.01242	0.01067	0.01401	0.01074	0.00839	0.05744	0.31261	0.30494	0.05311	0.12235	0.02031	0.00910	0.00612	0.00194	0.00458	0.00770	0.00635	0.00876
8	0.01237	0.01062	0.01220	0.00904	0.01396	0.00863	0.00719	0.01677	0.10855	0.01965	0.01208	0.01332	0.00981	0.00478	0.00452	0.00101	0.00435	0.00386	0.00377	0.72353
9	0.00812	0.00596	0.00768	0.00777	0.00909	0.00552	0.00596	0.01050	0.01499	0.02051	0.47569	0.13341	0.13408	0.01361	0.00711	0.00204	0.00325	0.12341	0.00600	0.00531
10	0.01066	0.00839	0.01227	0.01449	0.18355	0.00834	0.00892	0.01339	0.01508	0.05296	0.47152	0.03421	0.07051	0.01014	0.00737	0.00186	0.05565	0.00880	0.00532	0.00657
11	0.01404	0.04920	0.05206	0.04323	0.41412	0.01470	0.13149	0.03637	0.01293	0.01840	0.01053	0.01398	0.00875	0.00582	0.00754	0.00182	0.11047	0.00523	0.00291	0.04643
12	0.00858	0.00594	0.00763	0.00743	0.00880	0.00541	0.00548	0.01088	0.01521	0.04961	0.53108	0.17537	0.12048	0.01310	0.00692	0.00193	0.00296	0.01157	0.00616	0.00547
13	0.30505	0.10328	0.01567	0.01448	0.14577	0.04475	0.00991	0.04681	0.18682	0.05555	0.01319	0.01387	0.01019	0.00606	0.00479	0.00175	0.00547	0.00453	0.00411	0.00794

[dist]
# distance from previous block
# <min> <max>
1	3

[block]
# block no. 3 follows, 40 sequences, length 34
# corresponding to MSA columns:
# 1407-1440
name=unknown_D
#
# <colnr> <probs for GDERKNQSTAVLIFYWHMCP>
#	G	D	E	R	K	N	Q	S	T	A	V	L	I	F	Y	W	H	M	C	P
0	0.00947	0.00671	0.00874	0.00883	0.01007	0.00681	0.00678	0.01113	0.01237	0.07165	0.08887	0.28696	0.19332	0.01694	0.06447	0.00276	0.08004	0.10343	0.00516	0.00548
1	0.01224	0.01199	0.01291	0.01287	0.05756	0.15965	0.02802	0.01341	0.01131	0.01423	0.01585	0.20389	0.01684	0.04260	0.11043	0.09284	0.14449	0.00786	0.00348	0.02752
2	0.00852	0.00590	0.00748	0.00745	0.00851	0.00553	0.00536	0.01040	0.01378	0.03549	0.41029	0.14672	0.08052	0.16761	0.01148	0.00272	0.00363	0.05796	0.00559	0.00505
3	0.01083	0.00601	0.00808	0.00854	0.00970	0.00548	0.00602	0.01209	0.01222	0.16244	0.03026	0.63961	0.03372	0.01605	0.00711	0.00225	0.00368	0.01443	0.00575	0.00574
4	0.01166	0.03008	0.76550	0.01657	0.02517	0.01351	0.02149	0.01842	0.01228	0.01842	0.01044	0.01228	0.00737	0.00552	0.00552	0.00184	0.00859	0.00430	0.00246	0.00859
5	0.00709	0.00506	0.00675	0.00810	0.00843	0.00472	0.00540	0.00810	0.01113	0.01484	0.03205	0.79184	0.03846	0.01822	0.00742	0.00236	0.00337	0.01653	0.00540	0.00472
6	0.00851	0.00562	0.00638	0.00638	0.00638	0.00562	0.00358	0.00843	0.00843	0.01124	0.01805	0.03737	0.02077	0.76950	0.02937	0.03344	0.00562	0.00834	0.00349	0.00349
7	0.01185	0.01144	0.01614	0.01410	0.01430	0.01573	0.01165	0.01328	0.00899	0.01390	0.00920	0.01472	0.00899	0.01677	0.16765	0.00389	0.63328	0.00531	0.00266	0.00613
8	0.83671	0.01125	0.00855	0.00765	0.01125	0.01305	0.00630	0.01709	0.00990	0.02609	0.00810	0.00945	0.00630	0.00540	0.00360	0.00180	0.00450	0.00315	0.00360	0.00630
9	0.01206	0.01034	0.01206	0.00861	0.01378	0.00775	0.00689	0.01464	0.01206	0.01895	0.01034	0.01206	0.00861	0.00431	0.00431	0.00086	0.00431	0.00345	0.00345	0.83118
10	0.01446	0.01249	0.01315	0.01183	0.01512	0.01446	0.00920	0.03090	0.74885	0.02433	0.02367	0.02170	0.01775	0.00789	0.00592	0.00197	0.00460	0.00657	0.00592	0.00920
11	0.00848	0.00578	0.00720	0.00720	0.00748	0.00606	0.00459	0.00895	0.00866	0.01183	0.01727	0.03318	0.01894	0.56338	0.23034	0.03730	0.00830	0.00773	0.00338	0.00394
12	0.02346	0.01045	0.01435	0.01132	0.01493	0.01037	0.00937	0.02551	0.01512	0.61562	0.01992	0.01840	0.01306	0.00779	0.00846	0.00195	0.15875	0.00570	0.00628	0.00920
13	0.00841	0.00570	0.00662	0.00653	0.00680	0.00561	0.00391	0.00895	0.01003	0.01365	0.16383	0.03912	0.02779	0.64110	0.02511	0.00489	0.00507	0.00886	0.00409	0.00391
14	0.01439	0.01382	0.02360	0.03569	0.75936	0.01382	0.01785	0.01785	0.01324	0.01900	0.01094	0.01439	0.00921	0.00518	0.00576	0.00173	0.00691	0.00518	0.00288	0.00921
15	0.01555	0.79913	0.03047	0.00995	0.01493	0.02301	0.00995	0.01741	0.01182	0.01368	0.00808	0.00933	0.00746	0.00498	0.00373	0.00124	0.00622	0.00311	0.00249	0.00746
16	0.00778	0.00586	0.00680	0.00660	0.00792	0.00530	0.00471	0.00951	0.01370	0.01815	0.35430	0.04698	0.30645	0.16747	0.01135	0.00263	0.00339	0.01076	0.00547	0.00489
17	0.02531	0.01116	0.01428	0.01094	0.01547	0.01042	0.00904	0.16865	0.01875	0.62009	0.02117	0.01864	0.01351	0.00715	0.00584	0.00179	0.00523	0.00573	0.00693	0.00990
18	0.00754	0.00538	0.00726	0.00861	0.00915	0.00511	0.00618	0.00888	0.01158	0.01535	0.03180	0.64864	0.03748	0.01779	0.00754	0.00242	0.00376	0.15528	0.00539	0.00485
19	0.01373	0.01569	0.03431	0.02451	0.03039	0.01471	0.73824	0.01863	0.01373	0.01863	0.01176	0.01569	0.00882	0.00490	0.00686	0.00196	0.00980	0.00686	0.00294	0.00784
20	0.00850	0.00574	0.00674	0.00697	0.00716	0.00572	0.00434	0.00888	0.00920	0.01222	0.02058	0.08104	0.02357	0.65873	0.02578	0.00510	0.00548	0.09659	0.00385	0.00381
21	0.00704	0.00522	0.00658	0.00766	0.00832	0.00476	0.00520	0.00815	0.01155	0.01502	0.03735	0.64674	0.18014	0.01753	0.00731	0.00228	0.00329	0.01569	0.00540	0.00476
22	0.83671	0.01125	0.00855	0.00765	0.01125	0.01305	0.00630	0.01709	0.00990	0.02609	0.00810	0.00945	0.00630	0.00540	0.00360	0.00180	0.00450	0.00315	0.00360	0.00630
23	0.01705	0.02022	0.01969	0.06571	0.03490	0.39594	0.15474	0.01937	0.01419	0.01543	0.03747	0.01445	0.01007	0.03526	0.00853	0.00193	0.12015	0.00509	0.00304	0.00677
24	0.00725	0.00513	0.00670	0.00788	0.00818	0.00484	0.00517	0.00814	0.01080	0.01440	0.03036	0.69894	0.03633	0.11402	0.01016	0.00277	0.00365	0.01554	0.00517	0.00458
25	0.00819	0.00552	0.00642	0.00669	0.00675	0.00546	0.00389	0.00839	0.00898	0.01198	0.02103	0.18668	0.02456	0.64235	0.02523	0.00499	0.00519	0.01005	0.00389	0.00376
26	0.01241	0.06744	0.58045	0.01999	0.16939	0.01407	0.02016	0.01825	0.01244	0.01828	0.01041	0.01254	0.00774	0.00543	0.00548	0.00179	0.00814	0.00441	0.00254	0.00866
27	0.00821	0.00578	0.00752	0.00770	0.00816	0.00609	0.00519	0.00918	0.00940	0.01296	0.04324	0.13624	0.02224	0.39294	0.29302	0.00640	0.00881	0.00883	0.00373	0.00435
28	0.00798	0.00553	0.00639	0.00671	0.00698	0.00535	0.00405	0.00836	0.00956	0.01256	0.02560	0.21648	0.09888	0.53527	0.02213	0.00450	0.00484	0.01073	0.00415	0.00394
29	0.00731	0.00523	0.00695	0.00794	0.00848	0.00487	0.00542	0.00866	0.01218	0.01652	0.17485	0.64427	0.04170	0.01697	0.00731	0.00226	0.00325	0.01535	0.00560	0.00487
30	0.01566	0.17250	0.19254	0.01705	0.08804	0.03223	0.15226	0.09079	0.04187	0.09101	0.02586	0.03146	0.01066	0.00606	0.00558	0.00173	0.00731	0.00533	0.00366	0.00838
31	0.01273	0.01195	0.01930	0.39811	0.31533	0.01346	0.01595	0.01799	0.10310	0.01763	0.01221	0.01584	0.00955	0.00582	0.00580	0.00186	0.00704	0.00535	0.00311	0.00786
32	0.14578	0.16767	0.02144	0.12114	0.37657	0.01522	0.01393	0.01760	0.01233	0.04277	0.01024	0.01292	0.00838	0.00532	0.00502	0.00167	0.00643	0.00447	0.00302	0.00807
33	0.07123	0.17436	0.01853	0.05553	0.01775	0.34503	0.01060	0.14641	0.01635	0.01900	0.00999	0.01159	0.00814	0.00722	0.03282	0.00180	0.00835	0.00400	0.00343	0.03786

[dist]
# distance from previous block
# <min> <max>
1	9

[block]
# block no. 4 follows, 40 sequences, length 26
# corresponding to MSA columns:
# 1451-1476
name=unknown_E
#
# <colnr> <probs for GDERKNQSTAVLIFYWHMCP>
#	G	D	E	R	K	N	Q	S	T	A	V	L	I	F	Y	W	H	M	C	P
0	0.09368	0.04166	0.09146	0.01431	0.12696	0.03621	0.06166	0.01732	0.06998	0.03630	0.05481	0.04377	0.01407	0.00658	0.00512	0.00162	0.00539	0.00558	0.18909	0.08444
1	0.12274	0.04207	0.04141	0.01500	0.01791	0.01438	0.17413	0.01721	0.01136	0.11284	0.01143	0.01467	0.00922	0.01076	0.08183	0.00278	0.28437	0.00534	0.00342	0.00714
2	0.03058	0.01074	0.01736	0.24658	0.07221	0.01156	0.14575	0.02791	0.05940	0.03309	0.02288	0.02568	0.17787	0.04144	0.00793	0.00212	0.04915	0.00727	0.00373	0.00672
3	0.00747	0.00570	0.00723	0.00761	0.00874	0.00547	0.00554	0.00912	0.01217	0.01609	0.14651	0.28691	0.24856	0.02193	0.17924	0.00373	0.00589	0.01204	0.00504	0.00500
4	0.01822	0.01165	0.01326	0.01135	0.01503	0.01255	0.00899	0.03007	0.51237	0.26302	0.02343	0.02108	0.01667	0.00767	0.00589	0.00192	0.00471	0.00634	0.00633	0.00943
5	0.00792	0.00593	0.00734	0.00699	0.00850	0.00535	0.00524	0.01037	0.01573	0.02158	0.59698	0.04630	0.21527	0.01254	0.00686	0.00186	0.00279	0.01092	0.00617	0.00535
6	0.00782	0.00571	0.00735	0.00740	0.00855	0.00524	0.00537	0.01000	0.01479	0.02045	0.50728	0.24183	0.10897	0.01379	0.00701	0.00198	0.00293	0.01225	0.00605	0.00524
7	0.65041	0.01005	0.00837	0.00757	0.01067	0.01135	0.00612	0.01572	0.01137	0.02547	0.17634	0.01709	0.01722	0.00686	0.00433	0.00181	0.00410	0.00481	0.00423	0.00612
8	0.20837	0.01020	0.01238	0.00974	0.01404	0.00956	0.00804	0.02581	0.01513	0.59759	0.01960	0.01747	0.01257	0.00679	0.00534	0.00180	0.00485	0.00524	0.00639	0.00909
9	0.01446	0.01249	0.01315	0.01183	0.01512	0.01446	0.00920	0.03090	0.74885	0.02433	0.02367	0.02170	0.01775	0.00789	0.00592	0.00197	0.00460	0.00657	0.00592	0.00920
10	0.02202	0.01886	0.01723	0.01374	0.01802	0.18764	0.01109	0.57879	0.02490	0.03161	0.01284	0.01318	0.00935	0.00676	0.00569	0.00169	0.00732	0.00490	0.00518	0.00918
11	0.65353	0.01238	0.01055	0.00894	0.01277	0.01417	0.00737	0.17965	0.01382	0.02847	0.00942	0.01046	0.00711	0.00575	0.00410	0.00179	0.00493	0.00362	0.00410	0.00711
12	0.01555	0.79913	0.03047	0.00995	0.01493	0.02301	0.00995	0.01741	0.01182	0.01368	0.00808	0.00933	0.00746	0.00498	0.00373	0.00124	0.00622	0.00311	0.00249	0.00746
13	0.01446	0.01249	0.01315	0.01183	0.01512	0.01446	0.00920	0.03090	0.74885	0.02433	0.02367	0.02170	0.01775	0.00789	0.00592	0.00197	0.00460	0.00657	0.00592	0.00920
14	0.83671	0.01125	0.00855	0.00765	0.01125	0.01305	0.00630	0.01709	0.00990	0.02609	0.00810	0.00945	0.00630	0.00540	0.00360	0.00180	0.00450	0.00315	0.00360	0.00630
15	0.02300	0.01485	0.01656	0.01270	0.01732	0.01590	0.01049	0.57994	0.02494	0.20007	0.01598	0.01527	0.01090	0.00703	0.00582	0.00176	0.00607	0.00537	0.00613	0.00989
16	0.02408	0.01312	0.01549	0.01188	0.01646	0.01334	0.00981	0.38776	0.02205	0.39633	0.01841	0.01685	0.01212	0.00709	0.00583	0.00177	0.00568	0.00554	0.00650	0.00989
17	0.02233	0.00918	0.01257	0.01043	0.01422	0.00813	0.00873	0.02468	0.01591	0.59563	0.02471	0.03009	0.01868	0.00919	0.00634	0.00200	0.00504	0.16649	0.00678	0.00888
18	0.00692	0.00570	0.00608	0.00639	0.00799	0.00487	0.00464	0.00829	0.01278	0.01551	0.05287	0.22144	0.59542	0.01551	0.00700	0.00205	0.00304	0.01323	0.00540	0.00487
19	0.01414	0.01019	0.09237	0.01070	0.01353	0.00882	0.00944	0.01674	0.01180	0.23604	0.01682	0.02032	0.01339	0.02714	0.42714	0.00598	0.04834	0.00585	0.00423	0.00701
20	0.79789	0.01149	0.00897	0.00792	0.01157	0.01328	0.00652	0.05154	0.01073	0.02659	0.00838	0.00966	0.00647	0.00547	0.00370	0.00180	0.00459	0.00325	0.00370	0.00647
21	0.00897	0.00694	0.00838	0.00881	0.01005	0.00709	0.00634	0.01377	0.17796	0.01835	0.14054	0.46197	0.06020	0.01477	0.00700	0.00219	0.00359	0.03155	0.00567	0.00587
22	0.19666	0.01054	0.01544	0.60760	0.03357	0.01295	0.01393	0.01536	0.01124	0.01738	0.00983	0.01414	0.00742	0.00572	0.00532	0.00191	0.00702	0.00471	0.00281	0.00642
23	0.54104	0.01233	0.00979	0.00901	0.01196	0.11365	0.00718	0.01641	0.01066	0.02167	0.00990	0.01260	0.00831	0.01407	0.17674	0.00346	0.00779	0.00392	0.00341	0.00611
24	0.01245	0.01178	0.01916	0.08432	0.53701	0.01175	0.01470	0.01549	0.01312	0.01795	0.02168	0.02382	0.17726	0.00737	0.00601	0.00180	0.00608	0.00678	0.00342	0.00804
25	0.01480	0.22354	0.22343	0.04855	0.26049	0.01553	0.01566	0.01862	0.01282	0.08192	0.01106	0.01296	0.00864	0.00540	0.00514	0.00163	0.00699	0.00442	0.00304	0.02536

[dist]
# distance from previous block
# <min> <max>
0	1

[block]
# block no. 5 follows, 40 sequences, length 35
# corresponding to MSA columns:
# 1478-1503,1506-1514
name=unknown_F
#
# <colnr> <probs for GDERKNQSTAVLIFYWHMCP>
#	G	D	E	R	K	N	Q	S	T	A	V	L	I	F	Y	W	H	M	C	P
0	0.21116	0.01976	0.01488	0.13901	0.01987	0.40054	0.01095	0.04697	0.01414	0.01796	0.00912	0.01132	0.00735	0.00608	0.00571	0.00171	0.04967	0.00397	0.00315	0.00669
1	0.00796	0.00595	0.00740	0.00710	0.00860	0.00539	0.00536	0.01042	0.01565	0.02144	0.57885	0.04690	0.21096	0.01265	0.00690	0.00188	0.00287	0.03221	0.00615	0.00535
2	0.03424	0.18506	0.38008	0.05104	0.02191	0.15756	0.03331	0.01930	0.03576	0.01687	0.01006	0.01180	0.00776	0.00557	0.00512	0.00167	0.00823	0.00410	0.00272	0.00786
3	0.14599	0.00681	0.00729	0.00681	0.00868	0.00685	0.00523	0.01376	0.01380	0.05820	0.32338	0.02861	0.03005	0.00869	0.00523	0.00165	0.00312	0.00718	0.31285	0.00580
4	0.00831	0.00567	0.00635	0.00633	0.00655	0.00557	0.00366	0.00852	0.00913	0.01204	0.04481	0.03981	0.08759	0.70192	0.02687	0.00519	0.00531	0.00886	0.00378	0.00371
5	0.00937	0.00760	0.00779	0.00712	0.00952	0.00706	0.00551	0.12839	0.01557	0.01915	0.05153	0.04907	0.63441	0.01346	0.00670	0.00193	0.00351	0.01112	0.00547	0.00573
6	0.00747	0.00554	0.00705	0.00812	0.00890	0.00519	0.00579	0.00907	0.02671	0.01548	0.03614	0.56933	0.15535	0.01718	0.00737	0.00233	0.00356	0.09910	0.00540	0.00492
7	0.00838	0.00595	0.00790	0.00790	0.00844	0.00648	0.00547	0.00946	0.00892	0.01243	0.01690	0.03017	0.01772	0.40573	0.41482	0.00756	0.01079	0.00730	0.00331	0.00439
8	0.01206	0.01034	0.01206	0.00861	0.01378	0.00775	0.00689	0.01464	0.01206	0.01895	0.01034	0.01206	0.00861	0.00431	0.00431	0.00086	0.00431	0.00345	0.00345	0.83118
9	0.01416	0.04257	0.20161	0.14367	0.09027	0.15580	0.07062	0.01773	0.01242	0.01605	0.00963	0.01293	0.00779	0.00655	0.00846	0.00192	0.17302	0.00474	0.00267	0.00739
10	0.60490	0.14248	0.01309	0.00890	0.01265	0.10511	0.00749	0.01788	0.01100	0.02264	0.00820	0.00955	0.00663	0.00540	0.00382	0.00167	0.00549	0.00321	0.00334	0.00654
11	0.01154	0.01079	0.01816	0.64044	0.15727	0.01289	0.01614	0.01532	0.01191	0.01570	0.01064	0.01547	0.00816	0.00573	0.00576	0.00189	0.00749	0.00518	0.02264	0.00689
12	0.00926	0.00725	0.00854	0.00799	0.00984	0.00719	0.00606	0.01454	0.16276	0.02227	0.49499	0.04114	0.16263	0.01155	0.00667	0.00188	0.00315	0.01001	0.00614	0.00614
13	0.15577	0.01546	0.01599	0.01244	0.01692	0.01722	0.01027	0.62136	0.02448	0.03492	0.01300	0.01322	0.00930	0.00672	0.00545	0.00175	0.00609	0.00489	0.00545	0.00930
14	0.01793	0.06502	0.05607	0.01483	0.11444	0.01088	0.06416	0.02122	0.03877	0.32333	0.01686	0.01773	0.01222	0.01233	0.13146	0.00295	0.00753	0.00550	0.00479	0.06198
15	0.00687	0.00589	0.00589	0.00589	0.00785	0.00491	0.00442	0.00835	0.01325	0.01571	0.05891	0.05596	0.75700	0.01473	0.00687	0.00196	0.00295	0.01227	0.00540	0.00491
16	0.01373	0.01569	0.03431	0.02451	0.03039	0.01471	0.73824	0.01863	0.01373	0.01863	0.01176	0.01569	0.00882	0.00490	0.00686	0.00196	0.00980	0.00686	0.00294	0.00784
17	0.01204	0.02744	0.63150	0.01803	0.02613	0.01373	0.15284	0.01845	0.01254	0.01845	0.01068	0.01290	0.00763	0.00541	0.00577	0.00186	0.00882	0.00477	0.00254	0.00846
18	0.01378	0.01122	0.01984	0.52891	0.03448	0.01257	0.14346	0.01759	0.01277	0.13008	0.01252	0.01619	0.00896	0.00586	0.00601	0.00192	0.00769	0.00557	0.00335	0.00723
19	0.01339	0.01805	0.15429	0.02321	0.02954	0.01451	0.62063	0.01859	0.01349	0.01859	0.01155	0.01513	0.00858	0.00500	0.00664	0.00194	0.00961	0.00644	0.00286	0.00797
20	0.00937	0.00669	0.00937	0.01071	0.01205	0.00669	0.00937	0.01205	0.01339	0.01740	0.03079	0.06560	0.03347	0.01606	0.00803	0.00268	0.00535	0.72021	0.00535	0.00535
21	0.01459	0.01046	0.01138	0.01012	0.01321	0.01131	0.00791	0.02542	0.46334	0.12856	0.02896	0.02705	0.13834	0.00882	0.00591	0.00190	0.00423	0.00731	0.07289	0.00829
22	0.01733	0.01316	0.01408	0.01183	0.01550	0.01476	0.00944	0.27071	0.41735	0.06202	0.02000	0.01898	0.01472	0.00747	0.00575	0.00184	0.00509	0.00600	0.06477	0.00920
23	0.01034	0.00953	0.00913	0.00856	0.01022	0.13134	0.00643	0.01275	0.01589	0.02079	0.54603	0.03806	0.09949	0.01259	0.04151	0.00213	0.00461	0.00935	0.00562	0.00563
24	0.00934	0.04562	0.10025	0.00981	0.03351	0.00756	0.00815	0.01174	0.01268	0.01769	0.16958	0.28687	0.08050	0.01199	0.00665	0.01875	0.00429	0.02278	0.00467	0.13755
25	0.01527	0.65132	0.04554	0.01042	0.01521	0.02138	0.01011	0.01965	0.13276	0.01554	0.01070	0.01143	0.00915	0.00547	0.00413	0.00138	0.00601	0.00371	0.00305	0.00778
26	0.03946	0.11427	0.27373	0.01557	0.09197	0.01503	0.01455	0.15127	0.04775	0.06864	0.01201	0.01325	0.00900	0.00603	0.00593	0.00171	0.04395	0.00455	0.00368	0.06765
27	0.02176	0.02650	0.01658	0.01481	0.01798	0.69207	0.01122	0.09945	0.01763	0.01662	0.00952	0.01086	0.00775	0.00610	0.00530	0.00152	0.01005	0.00390	0.00330	0.00708
28	0.14359	0.00677	0.00688	0.00659	0.00862	0.00644	0.00504	0.01076	0.01363	0.01993	0.25980	0.04332	0.39519	0.01205	0.00623	0.00187	0.00313	0.01000	0.03482	0.00533
29	0.01257	0.01257	0.01821	0.01543	0.01576	0.01718	0.04689	0.01405	0.00915	0.01419	0.00819	0.01333	0.00801	0.01146	0.05307	0.00283	0.71292	0.00523	0.00259	0.00638
30	0.02005	0.01820	0.01374	0.01190	0.01504	0.36254	0.00921	0.13948	0.01734	0.13420	0.01414	0.01495	0.01058	0.00651	0.00517	0.00155	0.00725	0.00468	0.18601	0.00745
31	0.00768	0.00558	0.00702	0.00735	0.00840	0.00511	0.00525	0.00957	0.01379	0.01888	0.34957	0.33459	0.14884	0.01458	0.00698	0.00204	0.00302	0.01293	0.03374	0.00511
32	0.02272	0.00994	0.01341	0.01041	0.01447	0.00908	0.04002	0.08406	0.01667	0.54920	0.02106	0.01944	0.01386	0.00701	0.00560	0.00173	0.00491	0.00577	0.14156	0.00907
33	0.00808	0.00593	0.00765	0.00782	0.00910	0.00550	0.00598	0.01040	0.01476	0.02015	0.44336	0.16309	0.13247	0.01388	0.00714	0.00207	0.00329	0.12809	0.00596	0.00528
34	0.01334	0.06214	0.33618	0.10451	0.25603	0.01394	0.06700	0.01819	0.01275	0.04610	0.01102	0.01364	0.00835	0.00544	0.00564	0.00179	0.00779	0.00484	0.00282	0.00850

[dist]
# distance from previous block
# <min> <max>
1	2

[block]
# block no. 6 follows, 40 sequences, length 51
# corresponding to MSA columns:
# 1517-1567
name=unknown_G
#
# <colnr> <probs for GDERKNQSTAVLIFYWHMCP>
#	G	D	E	R	K	N	Q	S	T	A	V	L	I	F	Y	W	H	M	C	P
0	0.19921	0.01232	0.03521	0.01057	0.01390	0.01347	0.00851	0.07013	0.44152	0.02437	0.01864	0.01923	0.01448	0.05878	0.00687	0.00214	0.00482	0.00573	0.03201	0.00808
1	0.00810	0.00569	0.00624	0.00624	0.00668	0.00547	0.00372	0.00843	0.00954	0.01227	0.02745	0.04208	0.18659	0.62006	0.02449	0.00481	0.00503	0.00931	0.00395	0.00384
2	0.01792	0.62168	0.02666	0.01004	0.01491	0.01976	0.00963	0.01987	0.01290	0.18224	0.01143	0.01168	0.00902	0.00547	0.00421	0.00137	0.00593	0.00373	0.00355	0.00801
3	0.01467	0.62622	0.19573	0.01144	0.01723	0.02087	0.01254	0.01764	0.01192	0.01475	0.00861	0.00999	0.00744	0.00510	0.00413	0.00138	0.00675	0.00338	0.00248	0.00772
4	0.01025	0.00554	0.00595	0.00585	0.00721	0.00544	0.00438	0.01297	0.01315	0.02205	0.18474	0.02657	0.02389	0.00792	0.00469	0.00146	0.00272	0.00657	0.64321	0.00544
5	0.01223	0.01330	0.02812	0.02082	0.02546	0.01246	0.57347	0.01626	0.01314	0.01778	0.01633	0.19019	0.01549	0.00790	0.00699	0.00205	0.00836	0.00904	0.00349	0.00714
6	0.01910	0.14397	0.01878	0.18727	0.11717	0.04716	0.01189	0.04143	0.01455	0.31927	0.01519	0.01579	0.01063	0.00619	0.00545	0.00171	0.00633	0.00504	0.00458	0.00848
7	0.00689	0.00584	0.00594	0.00603	0.00789	0.00490	0.00448	0.00833	0.01312	0.01566	0.05723	0.10189	0.71215	0.01495	0.00691	0.00199	0.00297	0.01254	0.00540	0.00490
8	0.00963	0.00742	0.00898	0.00833	0.01013	0.00751	0.00632	0.01545	0.18113	0.02355	0.59157	0.03855	0.04652	0.01099	0.00665	0.00186	0.00316	0.00963	0.00629	0.00632
9	0.01363	0.01303	0.02222	0.20341	0.59763	0.01362	0.01747	0.01717	0.01288	0.01807	0.01080	0.01464	0.00888	0.00532	0.00577	0.00177	0.00710	0.00518	0.00281	0.00859
10	0.07062	0.51231	0.02424	0.01067	0.03512	0.01841	0.00958	0.02048	0.04074	0.19072	0.01224	0.01240	0.00945	0.00564	0.00436	0.00145	0.00577	0.00394	0.00380	0.00807
11	0.01127	0.00714	0.00882	0.00885	0.01028	0.00702	0.00640	0.11368	0.01412	0.08853	0.04323	0.53986	0.03088	0.01466	0.00680	0.00214	0.00389	0.01303	0.06339	0.00600
12	0.00841	0.00571	0.00666	0.00656	0.00687	0.00560	0.00397	0.00902	0.01026	0.01398	0.18424	0.03927	0.02872	0.61942	0.02449	0.00478	0.00499	0.00892	0.00417	0.00397
13	0.03781	0.05655	0.01433	0.01071	0.01442	0.08954	0.04091	0.02259	0.01603	0.42575	0.18468	0.02312	0.02195	0.00786	0.00589	0.00175	0.00532	0.00651	0.00604	0.00826
14	0.01580	0.43570	0.02402	0.01204	0.01550	0.11482	0.01071	0.04121	0.07349	0.01543	0.00958	0.01141	0.00844	0.00658	0.00762	0.00164	0.18172	0.00399	0.00295	0.00735
15	0.02069	0.01468	0.01638	0.01380	0.05303	0.18106	0.08108	0.02339	0.02770	0.34772	0.01655	0.01718	0.01178	0.00644	0.00565	0.00164	0.00668	0.02406	0.00502	0.12546
16	0.01587	0.05995	0.21352	0.01303	0.01821	0.01260	0.05864	0.06414	0.17984	0.17390	0.04117	0.03985	0.03437	0.00717	0.00576	0.00181	0.00610	0.00600	0.00476	0.04332
17	0.00942	0.00723	0.00892	0.00835	0.00835	0.00837	0.00559	0.00970	0.00856	0.01189	0.01592	0.03236	0.01810	0.61904	0.02723	0.00494	0.18086	0.00770	0.00330	0.00416
18	0.01265	0.01220	0.01987	0.42052	0.31998	0.02801	0.01648	0.01613	0.01216	0.01641	0.01036	0.01478	0.00831	0.00588	0.00672	0.00189	0.06229	0.00514	0.00270	0.00754
19	0.01892	0.28534	0.10875	0.01447	0.10489	0.05875	0.02494	0.02171	0.01401	0.27380	0.01394	0.01407	0.01008	0.00589	0.00505	0.00159	0.00645	0.00454	0.00419	0.00861
20	0.01347	0.01417	0.09580	0.28577	0.32975	0.01346	0.03949	0.03211	0.05982	0.04259	0.01197	0.01523	0.00924	0.00570	0.00580	0.00184	0.00724	0.00525	0.00313	0.00820
21	0.00886	0.00750	0.00935	0.00891	0.01019	0.03143	0.00693	0.01082	0.01199	0.01620	0.18177	0.03387	0.20618	0.02475	0.31072	0.00490	0.09752	0.00843	0.00431	0.00537
22	0.01629	0.01539	0.01806	0.05139	0.10095	0.12035	0.01280	0.15579	0.01434	0.04241	0.01001	0.01319	0.00844	0.00814	0.01213	0.00210	0.38231	0.00497	0.00342	0.00753
23	0.00709	0.00506	0.00675	0.00810	0.00843	0.00472	0.00540	0.00810	0.01113	0.01484	0.03205	0.79184	0.03846	0.01822	0.00742	0.00236	0.00337	0.01653	0.00540	0.00472
24	0.65013	0.01004	0.00795	0.00725	0.01048	0.01122	0.00588	0.01513	0.01065	0.02376	0.01952	0.01991	0.17508	0.00750	0.00433	0.00184	0.00415	0.00520	0.00400	0.00599
25	0.02519	0.01133	0.01438	0.01103	0.01556	0.01068	0.00911	0.18834	0.01905	0.59999	0.02092	0.01848	0.01338	0.00715	0.00584	0.00179	0.00527	0.00571	0.00689	0.00989
26	0.01225	0.00683	0.00906	0.00800	0.01007	0.00617	0.00617	0.01488	0.01650	0.18971	0.59141	0.03812	0.04577	0.01083	0.00663	0.00182	0.00324	0.00947	0.00658	0.00648
27	0.02172	0.02772	0.01648	0.01498	0.01798	0.77228	0.01124	0.02322	0.01648	0.01423	0.00899	0.01049	0.00749	0.00599	0.00524	0.00150	0.01049	0.00375	0.00300	0.00674
28	0.02211	0.01629	0.01745	0.01338	0.01803	0.01803	0.01105	0.73997	0.02734	0.03665	0.01396	0.01396	0.00989	0.00698	0.00582	0.00175	0.00640	0.00524	0.00582	0.00989
29	0.00776	0.00579	0.00579	0.00579	0.00761	0.00502	0.00434	0.00952	0.01302	0.01705	0.04993	0.04826	0.59015	0.01294	0.00624	0.00183	0.00289	0.01073	0.19033	0.00502
30	0.02172	0.02772	0.01648	0.01498	0.01798	0.77228	0.01124	0.02322	0.01648	0.01423	0.00899	0.01049	0.00749	0.00599	0.00524	0.00150	0.01049	0.00375	0.00300	0.00674
31	0.00909	0.00534	0.00698	0.00698	0.00742	0.00512	0.00464	0.00790	0.00901	0.01157	0.02251	0.02985	0.17996	0.15454	0.02036	0.50020	0.00468	0.00727	0.00335	0.00324
32	0.01992	0.00838	0.01107	0.00897	0.01232	0.00742	0.00723	0.02235	0.01598	0.49235	0.18726	0.02538	0.02357	0.00819	0.00582	0.00174	0.00414	0.00684	0.12280	0.00827
33	0.01098	0.01034	0.01744	0.78165	0.04005	0.01292	0.01615	0.01486	0.01163	0.01486	0.01034	0.01550	0.00775	0.00581	0.00581	0.00194	0.00775	0.00517	0.00258	0.00646
34	0.00750	0.00592	0.00676	0.00655	0.00824	0.00517	0.00491	0.00955	0.01473	0.01921	0.37926	0.05021	0.43447	0.01342	0.00687	0.00190	0.00285	0.01147	0.00586	0.00517
35	0.00723	0.00518	0.00688	0.00800	0.00847	0.00482	0.00541	0.00847	0.01182	0.01594	0.12584	0.69492	0.04059	0.01740	0.00735	0.00229	0.00329	0.01575	0.00553	0.00482
36	0.02266	0.00889	0.01168	0.00924	0.01303	0.00784	0.00754	0.02501	0.01564	0.59662	0.02205	0.02022	0.01451	0.00710	0.00545	0.00170	0.00445	0.00575	0.19172	0.00889
37	0.01326	0.01892	0.19871	0.02273	0.02922	0.01444	0.57709	0.01858	0.01340	0.01858	0.01147	0.01492	0.00850	0.00504	0.00656	0.00193	0.00953	0.00629	0.00283	0.00801
38	0.00785	0.00665	0.00689	0.00680	0.00887	0.00605	0.00520	0.01105	0.09397	0.01687	0.06609	0.05245	0.62829	0.01399	0.00682	0.00200	0.00324	0.04602	0.00547	0.00541
39	0.01055	0.00847	0.01000	0.00867	0.01134	0.00810	0.00667	0.01647	0.18724	0.02257	0.41675	0.03128	0.03576	0.00925	0.00606	0.00165	0.00353	0.00800	0.00562	0.19200
40	0.00798	0.00615	0.00857	0.00857	0.00982	0.00674	0.00663	0.00993	0.01022	0.01400	0.02532	0.03029	0.18147	0.03712	0.60043	0.00769	0.01274	0.00759	0.00363	0.00513
41	0.00829	0.00617	0.00899	0.00889	0.01000	0.00687	0.00687	0.01052	0.01095	0.01571	0.18211	0.02748	0.02361	0.03648	0.60043	0.00766	0.01269	0.00719	0.00385	0.00526
42	0.00839	0.00573	0.00680	0.00668	0.00707	0.00565	0.00414	0.00917	0.01056	0.01447	0.21018	0.03901	0.02972	0.56998	0.04524	0.00475	0.00517	0.00893	0.00426	0.00408
