[name]
unknown

[dist]
# distance from previous block
# <min> <max>
24	417

[block]
# block no. 0 follows, 39 sequences, length 21
# corresponding to MSA columns:
# 429-449
name=unknown_A
#
# <colnr> <probs for GDERKNQSTAVLIFYWHMCP>
#	G	D	E	R	K	N	Q	S	T	A	V	L	I	F	Y	W	H	M	C	P
0	0.01574	0.43537	0.02206	0.01020	0.01408	0.11743	0.00904	0.06431	0.01344	0.01656	0.01098	0.03388	0.00977	0.00690	0.00558	0.05546	0.00623	0.00420	0.10055	0.04821
1	0.01581	0.00838	0.01059	0.00944	0.01178	0.02873	0.00739	0.01790	0.01440	0.29289	0.13916	0.16583	0.03879	0.01272	0.04931	0.00239	0.04952	0.03421	0.08361	0.00715
2	0.01299	0.01264	0.02244	0.01759	0.03945	0.03323	0.35449	0.06275	0.01373	0.01877	0.05395	0.02404	0.01536	0.13241	0.03354	0.00281	0.05022	0.04772	0.04498	0.00686
3	0.01343	0.35569	0.10463	0.13286	0.01947	0.05824	0.01167	0.01697	0.05292	0.01560	0.02622	0.05568	0.05437	0.00908	0.04822	0.00208	0.00713	0.00540	0.00319	0.00716
4	0.00745	0.00532	0.00702	0.00804	0.00854	0.00497	0.00544	0.00874	0.01214	0.01642	0.15374	0.63553	0.04130	0.04528	0.00826	0.00243	0.00341	0.01548	0.00559	0.00489
5	0.00891	0.00615	0.00766	0.00791	0.00903	0.00597	0.00573	0.01037	0.01206	0.05324	0.07279	0.30582	0.20566	0.08693	0.07679	0.00313	0.03229	0.03383	0.05053	0.00521
6	0.01714	0.21591	0.06964	0.05407	0.06249	0.04080	0.10628	0.20531	0.01678	0.06140	0.02868	0.01402	0.01003	0.00639	0.00651	0.00175	0.06553	0.00502	0.00387	0.00838
7	0.01223	0.04225	0.04974	0.09407	0.01471	0.00937	0.02860	0.01400	0.01173	0.11333	0.11276	0.04978	0.02062	0.25784	0.04257	0.03758	0.07139	0.00740	0.00416	0.00588
8	0.01608	0.42755	0.02260	0.01089	0.01459	0.15030	0.00964	0.05740	0.01388	0.01686	0.05859	0.01383	0.01173	0.00637	0.00546	0.00148	0.05787	0.00428	0.09345	0.00716
9	0.02789	0.01048	0.01256	0.00952	0.01407	0.00896	0.00766	0.07606	0.03531	0.18365	0.07804	0.01741	0.01459	0.00705	0.02462	0.00151	0.00486	0.00496	0.00486	0.45593
10	0.05414	0.01451	0.13072	0.08460	0.02129	0.02567	0.19069	0.06120	0.02622	0.04485	0.07664	0.08411	0.06508	0.00796	0.00646	0.00190	0.02275	0.00726	0.02121	0.05276
11	0.00848	0.00569	0.00724	0.00790	0.00874	0.00526	0.00546	0.00973	0.01213	0.05315	0.09965	0.49092	0.12110	0.10190	0.00985	0.00265	0.00372	0.03593	0.00546	0.00505
12	0.43236	0.01123	0.01105	0.00924	0.01302	0.01203	0.00754	0.12160	0.01452	0.21630	0.01473	0.05506	0.01116	0.00694	0.00480	0.00183	0.00483	0.00503	0.03898	0.00774
13	0.01491	0.01474	0.06437	0.05589	0.01762	0.11260	0.04758	0.03347	0.16446	0.07310	0.01519	0.01897	0.01252	0.04316	0.06745	0.00277	0.18133	0.02548	0.02696	0.00742
14	0.05190	0.00954	0.08318	0.00964	0.01182	0.00792	0.00802	0.06077	0.05526	0.04965	0.05038	0.41863	0.05020	0.01371	0.00672	0.00217	0.00440	0.05085	0.04902	0.00621
15	0.00805	0.00601	0.00755	0.00824	0.00915	0.00579	0.00576	0.01076	0.07331	0.01768	0.17787	0.52748	0.08778	0.01613	0.00727	0.00223	0.00338	0.01446	0.00574	0.00535
16	0.06251	0.00648	0.00759	0.00796	0.00899	0.00638	0.00552	0.05106	0.01262	0.01769	0.11604	0.42994	0.09753	0.12933	0.01039	0.00272	0.00391	0.01295	0.00524	0.00514
17	0.01379	0.01582	0.06504	0.32500	0.10373	0.11396	0.18470	0.01758	0.01297	0.01649	0.01053	0.01462	0.00822	0.00597	0.00708	0.00194	0.06702	0.00541	0.00279	0.00733
18	0.01231	0.01203	0.01539	0.08290	0.01664	0.09564	0.05764	0.01391	0.01043	0.01400	0.01148	0.01862	0.01104	0.11542	0.15929	0.04564	0.29306	0.00580	0.00290	0.00583
19	0.01402	0.01157	0.01348	0.01009	0.01474	0.01040	0.00816	0.14923	0.01484	0.02206	0.01131	0.01321	0.00925	0.00724	0.04391	0.00158	0.05001	0.00408	0.00388	0.58694
20	0.01467	0.08822	0.16129	0.01696	0.14404	0.03132	0.02833	0.06696	0.14496	0.06952	0.01649	0.10908	0.01427	0.00793	0.00653	0.00189	0.04525	0.00657	0.00416	0.02155

[dist]
# distance from previous block
# <min> <max>
0	1

[block]
# block no. 1 follows, 39 sequences, length 11
# corresponding to MSA columns:
# 451-461
name=unknown_B
#
# <colnr> <probs for GDERKNQSTAVLIFYWHMCP>
#	G	D	E	R	K	N	Q	S	T	A	V	L	I	F	Y	W	H	M	C	P
0	0.01009	0.00709	0.00819	0.00838	0.00981	0.00725	0.00621	0.04395	0.11935	0.01943	0.06121	0.28585	0.07927	0.05501	0.00773	0.00225	0.00385	0.07630	0.18289	0.00588
1	0.00877	0.00670	0.00846	0.00886	0.00972	0.00695	0.00631	0.03213	0.06482	0.01692	0.09405	0.47806	0.06959	0.06399	0.04881	0.00287	0.04908	0.01328	0.00523	0.00541
2	0.05465	0.01267	0.06647	0.01032	0.01501	0.02942	0.00890	0.07913	0.01377	0.05896	0.01308	0.04992	0.01129	0.00633	0.00560	0.00136	0.03777	0.03339	0.00397	0.48796
3	0.00829	0.00631	0.00852	0.00942	0.04259	0.00620	0.00635	0.01005	0.01321	0.01821	0.28737	0.39248	0.06840	0.04560	0.00872	0.00230	0.04210	0.01305	0.00552	0.00533
4	0.00782	0.00561	0.00708	0.00794	0.00856	0.00530	0.00551	0.00899	0.01155	0.01521	0.06959	0.43234	0.10683	0.17664	0.01218	0.00306	0.00408	0.10190	0.00515	0.00469
5	0.01588	0.14805	0.25024	0.03723	0.02157	0.13433	0.09068	0.08471	0.01436	0.04233	0.01054	0.01263	0.00819	0.00629	0.00707	0.00181	0.09833	0.00462	0.00312	0.00802
6	0.01612	0.08048	0.22185	0.11352	0.04562	0.04604	0.05369	0.09054	0.03337	0.15040	0.04175	0.01818	0.03515	0.00682	0.00582	0.00183	0.00710	0.01921	0.00415	0.00835
7	0.02555	0.01073	0.01402	0.01085	0.01537	0.00979	0.00893	0.08486	0.05885	0.66081	0.02265	0.01977	0.01447	0.00734	0.00595	0.00184	0.00513	0.00594	0.00713	0.01002
8	0.00817	0.00622	0.00739	0.00790	0.00901	0.00596	0.00555	0.03482	0.04416	0.01622	0.03746	0.42749	0.23714	0.07109	0.05021	0.00286	0.00430	0.01361	0.00527	0.00518
9	0.20599	0.01049	0.04033	0.02486	0.03095	0.02979	0.00815	0.03236	0.01429	0.13477	0.26133	0.02700	0.08119	0.00909	0.00679	0.00190	0.06153	0.00715	0.00517	0.00685
10	0.01381	0.04105	0.27997	0.04701	0.06811	0.05968	0.16752	0.04542	0.11024	0.01938	0.01329	0.04167	0.01055	0.00656	0.00674	0.00193	0.04969	0.00576	0.00336	0.00826

[dist]
# distance from previous block
# <min> <max>
2	66

[block]
# block no. 2 follows, 39 sequences, length 8
# corresponding to MSA columns:
# 534-541
name=unknown_C
#
# <colnr> <probs for GDERKNQSTAVLIFYWHMCP>
#	G	D	E	R	K	N	Q	S	T	A	V	L	I	F	Y	W	H	M	C	P
0	0.00911	0.00754	0.01142	0.01012	0.01196	0.00701	0.10625	0.01166	0.03563	0.01817	0.22629	0.27760	0.08274	0.10104	0.00961	0.00245	0.00448	0.01152	0.00512	0.05029
1	0.01127	0.01197	0.12762	0.10864	0.01750	0.00996	0.02330	0.03509	0.14023	0.04598	0.07623	0.21473	0.02317	0.05405	0.05145	0.00270	0.00613	0.02848	0.00463	0.00686
2	0.01606	0.04016	0.02030	0.01612	0.01886	0.23830	0.17242	0.05781	0.01363	0.01664	0.01052	0.01438	0.00903	0.02633	0.03357	0.04472	0.20567	0.00524	0.03342	0.00682
3	0.00769	0.00559	0.00711	0.00792	0.00879	0.00507	0.00545	0.00903	0.01192	0.01620	0.07644	0.60817	0.09733	0.01658	0.00715	0.00221	0.00338	0.01488	0.03726	0.05183
4	0.01150	0.00994	0.01169	0.00897	0.01311	0.00843	0.00715	0.01440	0.03974	0.01886	0.05573	0.02034	0.11168	0.00681	0.00611	0.00125	0.06515	0.00533	0.00395	0.57984
5	0.07706	0.01264	0.01286	0.04951	0.01534	0.09878	0.00818	0.04226	0.01271	0.01883	0.01080	0.01424	0.00939	0.06705	0.00741	0.00159	0.04778	0.00417	0.00346	0.48593
6	0.01061	0.00761	0.01012	0.06924	0.01264	0.00803	0.00743	0.01361	0.05438	0.07794	0.34884	0.13916	0.07068	0.05632	0.00938	0.00225	0.08026	0.00994	0.00550	0.00606
7	0.01428	0.01110	0.01225	0.01004	0.03030	0.04806	0.00762	0.10918	0.01437	0.06526	0.01396	0.03730	0.01192	0.06972	0.04947	0.00205	0.00567	0.00503	0.07193	0.41049

[dist]
# distance from previous block
# <min> <max>
3	6

[block]
# block no. 3 follows, 39 sequences, length 14
# corresponding to MSA columns:
# 548-561
name=unknown_D
#
# <colnr> <probs for GDERKNQSTAVLIFYWHMCP>
#	G	D	E	R	K	N	Q	S	T	A	V	L	I	F	Y	W	H	M	C	P
0	0.00968	0.00675	0.00814	0.00783	0.00953	0.00627	0.00582	0.05951	0.01535	0.06096	0.30885	0.22161	0.22975	0.01379	0.00699	0.00202	0.00337	0.01200	0.00600	0.00579
1	0.07664	0.01486	0.01607	0.01249	0.01691	0.01617	0.01028	0.56735	0.02477	0.10820	0.06440	0.01650	0.01335	0.00735	0.00584	0.00179	0.00598	0.00561	0.00594	0.00951
2	0.02078	0.15553	0.01756	0.01187	0.03407	0.01370	0.00976	0.12448	0.07531	0.35203	0.01875	0.04371	0.01394	0.00772	0.00641	0.00182	0.04758	0.03032	0.00564	0.00901
3	0.00821	0.00639	0.00725	0.00746	0.00897	0.00586	0.00541	0.05754	0.01386	0.01764	0.09682	0.33128	0.38066	0.01559	0.00713	0.00213	0.00338	0.01352	0.00559	0.00530
4	0.01333	0.01436	0.05938	0.48132	0.05512	0.09781	0.08364	0.05795	0.01379	0.01736	0.04197	0.01611	0.01012	0.00614	0.00598	0.00190	0.00812	0.00544	0.00306	0.00710
5	0.04974	0.01393	0.01544	0.01200	0.01647	0.04269	0.00986	0.38428	0.02204	0.31869	0.01756	0.01650	0.01181	0.00709	0.00577	0.00178	0.00590	0.00545	0.03334	0.00967
6	0.08878	0.06925	0.05881	0.01782	0.16885	0.11308	0.04259	0.15251	0.15929	0.02315	0.01519	0.01609	0.03584	0.00659	0.00557	0.00178	0.00676	0.00531	0.00420	0.00854
7	0.01511	0.65909	0.16144	0.01132	0.01704	0.02167	0.01221	0.01789	0.01210	0.01477	0.00865	0.01002	0.00757	0.00516	0.00412	0.00137	0.00676	0.00338	0.00252	0.00779
8	0.00996	0.04618	0.00918	0.00783	0.00956	0.00655	0.00594	0.01221	0.01519	0.08475	0.44592	0.17485	0.12387	0.01279	0.00683	0.00194	0.00330	0.01119	0.00608	0.00587
9	0.42029	0.08042	0.01318	0.01210	0.09952	0.08673	0.00852	0.01734	0.03007	0.02287	0.14188	0.01676	0.01607	0.00672	0.00474	0.00175	0.00529	0.00492	0.00398	0.00682
10	0.16085	0.01330	0.01847	0.14423	0.16561	0.05497	0.10585	0.03884	0.06354	0.04552	0.03582	0.01622	0.01104	0.00643	0.00648	0.00189	0.05514	0.01740	0.00363	0.03479
11	0.00773	0.00591	0.00766	0.00914	0.04937	0.00546	0.00586	0.00905	0.01208	0.01585	0.08311	0.49713	0.18718	0.06495	0.00871	0.00245	0.00364	0.01436	0.00530	0.00507
12	0.00824	0.00603	0.00765	0.00794	0.00926	0.00558	0.00611	0.01020	0.01415	0.01883	0.30872	0.14546	0.20887	0.01493	0.00818	0.04696	0.00360	0.15844	0.00571	0.00515
13	0.16038	0.01515	0.03022	0.02186	0.02743	0.01465	0.60391	0.01866	0.01326	0.02030	0.01130	0.01482	0.00851	0.00508	0.00639	0.00196	0.00901	0.00630	0.00311	0.00770

[dist]
# distance from previous block
# <min> <max>
0	25

[block]
# block no. 4 follows, 39 sequences, length 23
# corresponding to MSA columns:
# 587-609
name=unknown_E
#
# <colnr> <probs for GDERKNQSTAVLIFYWHMCP>
#	G	D	E	R	K	N	Q	S	T	A	V	L	I	F	Y	W	H	M	C	P
0	0.00759	0.00590	0.00678	0.00678	0.00826	0.00522	0.00493	0.00940	0.01409	0.01831	0.29591	0.13418	0.38611	0.05984	0.00840	0.00221	0.00313	0.01212	0.00574	0.00509
1	0.06774	0.01514	0.12274	0.01298	0.01775	0.01311	0.06811	0.22727	0.07965	0.16971	0.01686	0.01855	0.01240	0.00707	0.00575	0.00183	0.00614	0.03658	0.07381	0.02681
2	0.83394	0.01144	0.00869	0.00778	0.01144	0.01327	0.00640	0.01738	0.01006	0.02653	0.00823	0.00961	0.00640	0.00549	0.00366	0.00183	0.00457	0.00320	0.00366	0.00640
3	0.01381	0.01183	0.01256	0.01136	0.01448	0.01348	0.00881	0.02864	0.64886	0.02424	0.08729	0.02556	0.05562	0.00869	0.00614	0.00199	0.00444	0.00730	0.00603	0.00884
4	0.00832	0.00604	0.00783	0.00739	0.00880	0.00556	0.00554	0.01106	0.01662	0.02343	0.72675	0.04464	0.08139	0.01220	0.00698	0.00187	0.00280	0.01076	0.00647	0.00556
5	0.00891	0.00698	0.00818	0.00777	0.00957	0.00675	0.00585	0.01335	0.12297	0.02156	0.44033	0.06976	0.23076	0.01246	0.00686	0.00194	0.00314	0.01078	0.00614	0.00596
6	0.01132	0.01067	0.01801	0.74539	0.07210	0.01318	0.01650	0.01524	0.01190	0.01529	0.01054	0.01572	0.00795	0.00588	0.00591	0.00196	0.00785	0.00526	0.00264	0.00669
7	0.01663	0.01144	0.01264	0.01091	0.01438	0.01233	0.00862	0.08631	0.42737	0.16954	0.02726	0.02523	0.10527	0.00861	0.00605	0.00193	0.00463	0.00708	0.03488	0.00890
8	0.58062	0.01234	0.01122	0.00958	0.01311	0.01434	0.00789	0.12627	0.04250	0.05307	0.01027	0.01146	0.00783	0.00631	0.00551	0.00189	0.07054	0.00393	0.00413	0.00721
9	0.01354	0.00970	0.01272	0.01092	0.01404	0.00937	0.05369	0.06633	0.09903	0.11618	0.06092	0.10359	0.09464	0.01051	0.00687	0.00195	0.02866	0.13538	0.00528	0.14670
10	0.00894	0.00682	0.00787	0.00764	0.00948	0.00642	0.00577	0.01260	0.09640	0.03902	0.28730	0.10987	0.32926	0.01336	0.00694	0.00201	0.00329	0.03525	0.00594	0.00581
11	0.01305	0.01269	0.02247	0.30132	0.37145	0.01351	0.11149	0.01677	0.01274	0.01743	0.01132	0.01619	0.00927	0.03718	0.00700	0.00203	0.00767	0.00562	0.00285	0.00794
12	0.01030	0.00744	0.00980	0.01051	0.01212	0.00749	0.00893	0.07292	0.01490	0.01959	0.08637	0.10558	0.06052	0.01532	0.00780	0.00253	0.00511	0.53141	0.00557	0.00579
13	0.00900	0.00761	0.01236	0.01156	0.01309	0.00762	0.11808	0.01106	0.01185	0.01591	0.02753	0.38549	0.07092	0.01886	0.10590	0.00328	0.04269	0.11698	0.00467	0.00553
14	0.01204	0.02955	0.71512	0.01808	0.07151	0.01375	0.02162	0.01869	0.01255	0.01877	0.01064	0.01262	0.00761	0.00560	0.00563	0.00187	0.00863	0.00443	0.00252	0.00878
15	0.01633	0.02511	0.01560	0.05160	0.15169	0.01256	0.01099	0.13965	0.17525	0.13750	0.07551	0.02260	0.02922	0.01091	0.07056	0.00253	0.00644	0.03219	0.00518	0.00857
16	0.01476	0.01543	0.19041	0.01578	0.12409	0.01142	0.03973	0.09723	0.05787	0.12391	0.13069	0.02407	0.06491	0.00797	0.00611	0.00186	0.00598	0.02448	0.03504	0.00825
17	0.01166	0.01102	0.01863	0.67187	0.14294	0.01327	0.01667	0.01554	0.01206	0.01571	0.01060	0.01561	0.00810	0.00582	0.00590	0.00194	0.00776	0.00526	0.00267	0.00697
18	0.01390	0.01723	0.24489	0.01461	0.01964	0.01230	0.12820	0.04592	0.16307	0.08925	0.03951	0.01978	0.01388	0.07560	0.05463	0.02169	0.00758	0.00614	0.00413	0.00803
19	0.00840	0.00602	0.00819	0.00830	0.00892	0.00658	0.00587	0.00966	0.00933	0.01303	0.01826	0.09344	0.01924	0.30988	0.43997	0.00755	0.01117	0.00803	0.00351	0.00463
20	0.01250	0.01676	0.17923	0.25828	0.11776	0.03235	0.20733	0.01708	0.01302	0.01759	0.02773	0.01734	0.04405	0.00608	0.00618	0.00192	0.00826	0.00594	0.00295	0.00765
21	0.01102	0.00551	0.00551	0.00551	0.00689	0.00551	0.00413	0.01378	0.01240	0.02205	0.01929	0.02205	0.01516	0.00689	0.00413	0.00138	0.00276	0.00551	0.82500	0.00551
22	0.04681	0.01168	0.01468	0.01268	0.03821	0.03561	0.08253	0.16297	0.11544	0.13701	0.01990	0.10593	0.01670	0.00860	0.00597	0.00189	0.00551	0.04322	0.12664	0.00800

[dist]
# distance from previous block
# <min> <max>
0	31

[block]
# block no. 5 follows, 39 sequences, length 8
# corresponding to MSA columns:
# 641-648
name=unknown_F
#
# <colnr> <probs for GDERKNQSTAVLIFYWHMCP>
#	G	D	E	R	K	N	Q	S	T	A	V	L	I	F	Y	W	H	M	C	P
0	0.29330	0.01222	0.01676	0.24553	0.18992	0.01374	0.05027	0.04257	0.04682	0.02138	0.01072	0.01366	0.00833	0.00572	0.00519	0.00187	0.00647	0.00472	0.00334	0.00747
1	0.01102	0.00551	0.00551	0.00551	0.00689	0.00551	0.00413	0.01378	0.01240	0.02205	0.01929	0.02205	0.01516	0.00689	0.00413	0.00138	0.00276	0.00551	0.82500	0.00551
2	0.38691	0.01419	0.03989	0.06707	0.11620	0.07209	0.04050	0.06291	0.03087	0.06515	0.01068	0.01250	0.00819	0.00602	0.00554	0.00185	0.04390	0.00433	0.00373	0.00750
3	0.11231	0.01201	0.01360	0.03421	0.01489	0.06889	0.03546	0.07848	0.10925	0.09704	0.01505	0.01848	0.01232	0.06788	0.12994	0.00341	0.12011	0.00564	0.04387	0.00717
4	0.01175	0.01098	0.04085	0.15925	0.01915	0.01177	0.04219	0.01936	0.25921	0.01998	0.10418	0.06870	0.08265	0.00918	0.00732	0.00202	0.06996	0.00768	0.04657	0.00724
5	0.01156	0.00756	0.00907	0.00824	0.00918	0.00791	0.00564	0.09643	0.01209	0.05342	0.09601	0.03142	0.02133	0.43417	0.02205	0.11253	0.04464	0.00768	0.00418	0.00491
6	0.01280	0.01342	0.12469	0.05561	0.03552	0.05284	0.01067	0.07296	0.07248	0.06075	0.08400	0.13318	0.09979	0.01019	0.00697	0.00197	0.04452	0.04394	0.02889	0.03480
7	0.00991	0.00698	0.00960	0.00843	0.01052	0.00628	0.05035	0.01249	0.01583	0.08301	0.48473	0.04340	0.21172	0.01193	0.00689	0.00190	0.00347	0.01049	0.00612	0.00596

[dist]
# distance from previous block
# <min> <max>
0	1

[block]
# block no. 6 follows, 39 sequences, length 13
# corresponding to MSA columns:
# 650-662
name=unknown_G
#
# <colnr> <probs for GDERKNQSTAVLIFYWHMCP>
#	G	D	E	R	K	N	Q	S	T	A	V	L	I	F	Y	W	H	M	C	P
0	0.01470	0.01203	0.06139	0.06512	0.14365	0.01181	0.05741	0.01895	0.07907	0.15219	0.01689	0.02274	0.01404	0.01375	0.12706	0.00323	0.09644	0.07749	0.00422	0.00783
1	0.02245	0.01246	0.01475	0.01128	0.01587	0.01222	0.00927	0.30226	0.02038	0.35069	0.01794	0.01689	0.01212	0.00684	0.00566	0.00167	0.00543	0.00537	0.04141	0.11504
2	0.01594	0.48031	0.02702	0.01776	0.21678	0.08093	0.01237	0.01902	0.05061	0.01599	0.00990	0.01163	0.00862	0.00535	0.00459	0.00146	0.00678	0.00397	0.00286	0.00810
3	0.01017	0.00739	0.00956	0.04527	0.01220	0.00677	0.00712	0.01213	0.01219	0.05060	0.06136	0.20544	0.05200	0.10596	0.05187	0.00281	0.00523	0.14287	0.00467	0.19441
4	0.04400	0.08981	0.51460	0.01621	0.02371	0.01474	0.08745	0.07178	0.01383	0.05392	0.01130	0.01294	0.00812	0.00569	0.00556	0.00182	0.00817	0.00462	0.00306	0.00864
5	0.01402	0.01582	0.12224	0.01776	0.02277	0.01356	0.33129	0.11529	0.10168	0.02225	0.05650	0.06653	0.01483	0.00706	0.00643	0.00194	0.00752	0.00712	0.04732	0.00806
6	0.36682	0.07883	0.07714	0.08131	0.01885	0.01482	0.10352	0.10534	0.01332	0.02366	0.01024	0.01232	0.00786	0.00582	0.00519	0.00182	0.02763	0.00437	0.03382	0.00733
7	0.11593	0.06371	0.01682	0.01404	0.01690	0.48596	0.01098	0.06089	0.01518	0.01710	0.00906	0.01102	0.00763	0.00666	0.00720	0.00172	0.12506	0.00399	0.00318	0.00696
8	0.01286	0.01253	0.01224	0.07041	0.05717	0.16821	0.00921	0.06063	0.05280	0.01876	0.14323	0.06955	0.14166	0.01322	0.06838	0.00254	0.00676	0.06874	0.00464	0.00645
9	0.01374	0.11615	0.07370	0.01019	0.01319	0.00991	0.00896	0.01691	0.05930	0.17170	0.02568	0.20216	0.06392	0.04747	0.00757	0.00225	0.00512	0.13994	0.00517	0.00696
10	0.01026	0.04720	0.23087	0.01090	0.01494	0.00933	0.02518	0.01443	0.05508	0.04065	0.09749	0.13531	0.22681	0.01126	0.00650	0.00200	0.00529	0.04519	0.00461	0.00672
11	0.01196	0.13750	0.01521	0.01163	0.06826	0.01029	0.05361	0.01480	0.03478	0.07283	0.20753	0.10201	0.12509	0.01012	0.00618	0.00180	0.00468	0.03968	0.00491	0.06711
12	0.01269	0.05174	0.01486	0.01111	0.04192	0.00944	0.06656	0.01534	0.01301	0.05992	0.06529	0.01967	0.08867	0.00646	0.00564	0.00131	0.03064	0.00542	0.00397	0.47635

[dist]
# distance from previous block
# <min> <max>
5	23

[block]
# block no. 7 follows, 39 sequences, length 11
# corresponding to MSA columns:
# 691-701
name=unknown_H
#
# <colnr> <probs for GDERKNQSTAVLIFYWHMCP>
#	G	D	E	R	K	N	Q	S	T	A	V	L	I	F	Y	W	H	M	C	P
0	0.27517	0.01424	0.07891	0.06209	0.25672	0.01371	0.01271	0.06281	0.08658	0.02297	0.01158	0.01351	0.00907	0.00575	0.00508	0.00178	0.00603	0.00458	0.00363	0.05307
1	0.12632	0.01172	0.03385	0.07229	0.08588	0.01078	0.08570	0.03469	0.03701	0.07623	0.01279	0.01472	0.00984	0.00548	0.00502	0.00150	0.00556	0.00468	0.08640	0.27953
2	0.01104	0.00601	0.00674	0.08323	0.01029	0.00628	0.00537	0.01391	0.01234	0.02135	0.01841	0.02142	0.01443	0.00679	0.00431	0.00144	0.00327	0.00549	0.74226	0.00562
3	0.09549	0.01385	0.02010	0.08233	0.39957	0.04934	0.04871	0.07666	0.01414	0.03801	0.01155	0.01452	0.00928	0.00593	0.00632	0.00181	0.04921	0.00511	0.04969	0.00838
4	0.27730	0.01616	0.01480	0.01194	0.01617	0.09428	0.00974	0.43640	0.02109	0.03154	0.01180	0.01239	0.00866	0.00649	0.00515	0.00177	0.00633	0.00450	0.00491	0.00858
5	0.01610	0.05758	0.01623	0.08778	0.05870	0.04319	0.01103	0.14813	0.34806	0.04978	0.03180	0.02002	0.01493	0.00769	0.00646	0.00193	0.03702	0.02976	0.00509	0.00873
6	0.01615	0.05457	0.06252	0.10647	0.15354	0.15268	0.14132	0.11487	0.04686	0.02021	0.03828	0.01518	0.01070	0.00624	0.00639	0.00181	0.03521	0.00541	0.00353	0.00808
7	0.00826	0.00576	0.00683	0.00698	0.00737	0.00571	0.00437	0.00885	0.00982	0.01307	0.05504	0.13232	0.09029	0.51748	0.09854	0.00520	0.00609	0.00983	0.00408	0.00412
8	0.01346	0.07913	0.12907	0.06293	0.12806	0.01308	0.08761	0.01906	0.12166	0.06498	0.07163	0.04940	0.03131	0.00807	0.00672	0.00196	0.03944	0.06040	0.00413	0.00791
9	0.01200	0.01782	0.33381	0.01214	0.01755	0.00998	0.01316	0.01689	0.04309	0.07674	0.16709	0.07380	0.04042	0.00811	0.00592	0.00176	0.00589	0.00681	0.00427	0.13274
10	0.00840	0.03569	0.00855	0.00783	0.00932	0.00665	0.00589	0.01090	0.04319	0.01870	0.28997	0.21321	0.23739	0.01477	0.02629	0.00223	0.02269	0.02721	0.00563	0.00548

[dist]
# distance from previous block
# <min> <max>
2	15

[block]
# block no. 8 follows, 39 sequences, length 15
# corresponding to MSA columns:
# 717-731
name=unknown_I
#
# <colnr> <probs for GDERKNQSTAVLIFYWHMCP>
#	G	D	E	R	K	N	Q	S	T	A	V	L	I	F	Y	W	H	M	C	P
0	0.01065	0.09629	0.10777	0.04697	0.10365	0.01028	0.01032	0.01379	0.01404	0.01959	0.32544	0.03039	0.05553	0.03950	0.03758	0.00227	0.02321	0.02533	0.02081	0.00661
1	0.01137	0.04389	0.01089	0.06259	0.01237	0.06035	0.00748	0.01413	0.03960	0.01842	0.15194	0.02500	0.02116	0.08275	0.08742	0.00290	0.09178	0.00661	0.24353	0.00583
2	0.09839	0.01102	0.01189	0.00999	0.01311	0.01200	0.00802	0.21491	0.13192	0.10410	0.07730	0.01996	0.01635	0.00757	0.00582	0.00176	0.03147	0.00587	0.21059	0.00796
3	0.01581	0.79572	0.03099	0.01012	0.01518	0.02340	0.01012	0.01771	0.01202	0.01391	0.00822	0.00949	0.00759	0.00506	0.00379	0.00126	0.00632	0.00316	0.00253	0.00759
4	0.00929	0.00753	0.01094	0.01046	0.01126	0.00929	0.00822	0.01114	0.00937	0.01370	0.01449	0.02215	0.01384	0.07794	0.59032	0.00802	0.15731	0.00624	0.00308	0.00541
5	0.01382	0.01693	0.08326	0.02439	0.03055	0.01487	0.68641	0.01893	0.01386	0.01893	0.01187	0.01572	0.00887	0.00503	0.00689	0.00199	0.00989	0.00681	0.00296	0.00803
6	0.01107	0.02274	0.50512	0.01427	0.02050	0.01179	0.01686	0.01695	0.04258	0.01938	0.13454	0.05000	0.03500	0.00808	0.00657	0.00196	0.03573	0.03547	0.00360	0.00780
7	0.00826	0.00617	0.00688	0.00689	0.00876	0.00534	0.00524	0.00997	0.01379	0.05260	0.12350	0.12030	0.53334	0.01473	0.00707	0.00206	0.00328	0.06081	0.00568	0.00531
8	0.01319	0.01238	0.02050	0.18033	0.50116	0.01296	0.01610	0.01717	0.04813	0.01831	0.01381	0.09380	0.01251	0.00688	0.00605	0.00188	0.00672	0.00651	0.00328	0.00834
9	0.00742	0.00578	0.00674	0.00698	0.00837	0.00510	0.00505	0.00915	0.01380	0.01786	0.24173	0.24569	0.37493	0.01512	0.00713	0.00207	0.00305	0.01313	0.00577	0.00510
10	0.01396	0.01595	0.03490	0.02493	0.03091	0.01496	0.73380	0.01894	0.01396	0.01894	0.01196	0.01595	0.00897	0.00499	0.00698	0.00199	0.00997	0.00698	0.00299	0.00798
11	0.01186	0.03059	0.76153	0.01686	0.02560	0.01373	0.02185	0.01873	0.01249	0.01873	0.01061	0.01249	0.00749	0.00562	0.00562	0.00187	0.00874	0.00437	0.00250	0.00874
12	0.01692	0.01458	0.02511	0.09623	0.02566	0.01519	0.33915	0.18440	0.01675	0.10369	0.01314	0.01567	0.00961	0.00638	0.00781	0.00199	0.08915	0.00612	0.00406	0.00838
13	0.01526	0.00829	0.01038	0.00883	0.01165	0.00771	0.00696	0.05637	0.05720	0.26581	0.33461	0.03523	0.13613	0.01043	0.00653	0.00187	0.00386	0.00887	0.00657	0.00742
14	0.04923	0.01719	0.09806	0.01567	0.02080	0.01650	0.14462	0.42134	0.05394	0.05893	0.01380	0.01472	0.00992	0.00665	0.00641	0.00186	0.03064	0.00553	0.00490	0.00926

[dist]
# distance from previous block
# <min> <max>
5	12

[block]
# block no. 9 follows, 39 sequences, length 16
# corresponding to MSA columns:
# 744-759
name=unknown_J
#
# <colnr> <probs for GDERKNQSTAVLIFYWHMCP>
#	G	D	E	R	K	N	Q	S	T	A	V	L	I	F	Y	W	H	M	C	P
0	0.02096	0.01357	0.01562	0.01235	0.01632	0.01467	0.01013	0.39638	0.07672	0.20871	0.05497	0.01891	0.03610	0.00796	0.00707	0.00188	0.06625	0.00605	0.00602	0.00935
1	0.00730	0.00606	0.00643	0.00649	0.00838	0.00518	0.00497	0.00901	0.01378	0.01679	0.11901	0.05652	0.63703	0.01482	0.00708	0.00204	0.00316	0.06529	0.00558	0.00508
2	0.01226	0.01051	0.01226	0.00876	0.01401	0.00788	0.00701	0.01489	0.01226	0.01927	0.01051	0.01226	0.00876	0.00438	0.00438	0.00088	0.00438	0.00350	0.00350	0.82832
3	0.01149	0.01084	0.01832	0.70864	0.10751	0.01322	0.01658	0.01539	0.01198	0.01550	0.01057	0.01566	0.00802	0.00585	0.00591	0.00195	0.00780	0.00526	0.00266	0.00683
4	0.02308	0.01561	0.01716	0.01315	0.01786	0.01692	0.01087	0.63185	0.02621	0.14323	0.01554	0.01507	0.01073	0.00713	0.00592	0.00178	0.00629	0.00542	0.00612	0.01006
5	0.00729	0.00569	0.00665	0.00728	0.00853	0.00505	0.00526	0.00872	0.01272	0.01603	0.07473	0.36186	0.38316	0.01642	0.00729	0.00220	0.00332	0.05729	0.00553	0.00497
6	0.01246	0.01019	0.01056	0.01039	0.01239	0.07895	0.00791	0.01891	0.24175	0.05883	0.08577	0.25857	0.02832	0.01234	0.00671	0.00213	0.00476	0.10204	0.03011	0.00686
7	0.00865	0.00610	0.00764	0.00734	0.00887	0.00551	0.00547	0.01100	0.01560	0.04806	0.52259	0.11452	0.19043	0.01308	0.00699	0.00194	0.00297	0.01144	0.00624	0.00555
8	0.00944	0.00750	0.01040	0.01270	0.14977	0.00697	0.00772	0.01172	0.01438	0.03762	0.29073	0.15827	0.23515	0.01249	0.00683	0.00196	0.00380	0.01100	0.00541	0.00612
9	0.00807	0.00537	0.00708	0.00815	0.00873	0.00500	0.00554	0.00930	0.01181	0.04026	0.06601	0.69304	0.03803	0.01733	0.00731	0.00231	0.00342	0.01565	0.04255	0.00505
10	0.01264	0.02161	0.39459	0.04412	0.02355	0.01336	0.13550	0.05174	0.11587	0.02001	0.01521	0.07280	0.01258	0.00725	0.00615	0.00198	0.00774	0.03146	0.00355	0.00828
11	0.12076	0.25955	0.02044	0.09105	0.01735	0.04790	0.01123	0.01603	0.01073	0.01581	0.00869	0.01211	0.00787	0.00905	0.04623	0.00230	0.28906	0.00429	0.00276	0.00678
12	0.01690	0.61335	0.02741	0.01052	0.01553	0.02122	0.01003	0.11450	0.01434	0.04581	0.00974	0.01069	0.00826	0.00538	0.00420	0.00133	0.00618	0.00358	0.00323	0.05779
13	0.00746	0.00533	0.00714	0.00845	0.00893	0.00502	0.00587	0.00871	0.01172	0.01563	0.05717	0.69614	0.03922	0.01810	0.00759	0.00241	0.00359	0.08111	0.00552	0.00489
14	0.01121	0.00711	0.00887	0.00806	0.01000	0.00685	0.00617	0.01538	0.09134	0.10229	0.53159	0.03728	0.04376	0.01068	0.00650	0.00183	0.00322	0.00930	0.08212	0.00644
15	0.05500	0.64436	0.02789	0.01068	0.01547	0.09143	0.01013	0.05864	0.01325	0.01587	0.00864	0.00987	0.00768	0.00529	0.00405	0.00134	0.00665	0.00335	0.00282	0.00760

[dist]
# distance from previous block
# <min> <max>
3	13

[block]
# block no. 10 follows, 39 sequences, length 18
# corresponding to MSA columns:
# 774-791
name=unknown_K
#
# <colnr> <probs for GDERKNQSTAVLIFYWHMCP>
#	G	D	E	R	K	N	Q	S	T	A	V	L	I	F	Y	W	H	M	C	P
0	0.02115	0.01023	0.01317	0.00986	0.01469	0.00839	0.00806	0.02357	0.01517	0.48040	0.01850	0.01716	0.01242	0.00621	0.00536	0.00147	0.00479	0.00503	0.00588	0.31849
1	0.83394	0.01144	0.00869	0.00778	0.01144	0.01327	0.00640	0.01738	0.01006	0.02653	0.00823	0.00961	0.00640	0.00549	0.00366	0.00183	0.00457	0.00320	0.00366	0.00640
2	0.01581	0.79572	0.03099	0.01012	0.01518	0.02340	0.01012	0.01771	0.01202	0.01391	0.00822	0.00949	0.00759	0.00506	0.00379	0.00126	0.00632	0.00316	0.00253	0.00759
3	0.01447	0.34645	0.23422	0.04497	0.02107	0.01812	0.10190	0.01818	0.01230	0.04761	0.01004	0.01215	0.00806	0.00584	0.00636	0.00170	0.08149	0.00436	0.00279	0.00792
4	0.00816	0.00604	0.00761	0.00721	0.00870	0.00549	0.00541	0.01074	0.01623	0.02251	0.64466	0.04615	0.16405	0.01254	0.00698	0.00188	0.00282	0.01097	0.00635	0.00549
5	0.01141	0.00886	0.01048	0.01033	0.05298	0.03913	0.00735	0.04429	0.11201	0.05480	0.50590	0.03636	0.06115	0.01060	0.00663	0.00186	0.00385	0.00921	0.00608	0.00669
6	0.00900	0.00623	0.00770	0.00726	0.00896	0.00558	0.00547	0.01136	0.01572	0.06307	0.50540	0.06989	0.23676	0.01279	0.00694	0.00191	0.00299	0.01109	0.00625	0.00565
7	0.00988	0.00758	0.00898	0.00835	0.01024	0.00768	0.00634	0.01585	0.18653	0.02345	0.51271	0.03882	0.08479	0.01109	0.00664	0.00188	0.00324	0.00965	0.03987	0.00643
8	0.83394	0.01144	0.00869	0.00778	0.01144	0.01327	0.00640	0.01738	0.01006	0.02653	0.00823	0.00961	0.00640	0.00549	0.00366	0.00183	0.00457	0.00320	0.00366	0.00640
9	0.01117	0.00928	0.02930	0.00919	0.01157	0.00920	0.00724	0.08915	0.19159	0.02185	0.21908	0.06067	0.19117	0.03786	0.04035	0.03533	0.00459	0.00915	0.00557	0.00668
10	0.00758	0.00552	0.00725	0.00820	0.00891	0.00504	0.00558	0.00884	0.01179	0.01599	0.08582	0.68755	0.03864	0.01723	0.00732	0.00227	0.00344	0.01559	0.00545	0.05199
11	0.00996	0.00936	0.07162	0.06839	0.01452	0.00815	0.00947	0.06079	0.04010	0.01823	0.03017	0.25610	0.10927	0.01421	0.00725	0.00233	0.00510	0.25389	0.00506	0.00602
12	0.01697	0.01329	0.01878	0.31054	0.10468	0.05658	0.06811	0.14463	0.01611	0.14509	0.01341	0.01571	0.00965	0.00618	0.00591	0.00183	0.00727	0.00537	0.00411	0.03576
13	0.01241	0.01200	0.05089	0.35632	0.08505	0.01271	0.09766	0.03139	0.09902	0.01854	0.01401	0.01835	0.01097	0.00652	0.00619	0.00191	0.02581	0.02443	0.10854	0.00727
14	0.01009	0.00522	0.00772	0.00768	0.00781	0.00518	0.00518	0.00803	0.00855	0.01154	0.08006	0.02044	0.01455	0.01975	0.02159	0.75023	0.00492	0.00566	0.00294	0.00285
15	0.08674	0.01498	0.07221	0.06831	0.28349	0.01416	0.12014	0.14529	0.01575	0.05868	0.01257	0.01578	0.00983	0.00599	0.00585	0.00182	0.00710	0.02366	0.00378	0.03386
16	0.01386	0.01154	0.01577	0.04081	0.08637	0.00975	0.06902	0.04827	0.01346	0.06225	0.01159	0.01346	0.00920	0.00486	0.00495	0.00119	0.00535	0.00424	0.00370	0.57039
17	0.01215	0.00891	0.01008	0.00914	0.01106	0.04204	0.02625	0.06081	0.05539	0.03918	0.05656	0.17060	0.04677	0.00984	0.00672	0.00179	0.06891	0.00810	0.30291	0.05280

[dist]
# distance from previous block
# <min> <max>
0	2

[block]
# block no. 11 follows, 39 sequences, length 12
# corresponding to MSA columns:
# 796-807
name=unknown_L
#
# <colnr> <probs for GDERKNQSTAVLIFYWHMCP>
#	G	D	E	R	K	N	Q	S	T	A	V	L	I	F	Y	W	H	M	C	P
0	0.01268	0.00824	0.01044	0.00917	0.01167	0.00797	0.03364	0.06928	0.05428	0.13985	0.13552	0.03788	0.23862	0.05907	0.08293	0.00291	0.00546	0.04871	0.02507	0.00661
1	0.01236	0.05379	0.03679	0.16303	0.20421	0.01159	0.03450	0.01626	0.04854	0.01882	0.09700	0.01927	0.04271	0.00643	0.00559	0.00159	0.00588	0.00570	0.00364	0.21230
2	0.16695	0.48898	0.05298	0.01134	0.01612	0.07604	0.06453	0.01814	0.01218	0.01702	0.00890	0.01046	0.00763	0.00527	0.00420	0.00147	0.00662	0.00360	0.02021	0.00734
3	0.01242	0.00945	0.03810	0.00936	0.01175	0.03934	0.00756	0.06938	0.05561	0.10773	0.34194	0.12024	0.09041	0.01162	0.00674	0.00196	0.00422	0.04950	0.00599	0.00668
4	0.01217	0.01653	0.20920	0.39964	0.15339	0.01358	0.04608	0.01736	0.04280	0.01728	0.01126	0.01501	0.00849	0.00578	0.00587	0.00191	0.00791	0.00516	0.00280	0.00776
5	0.01062	0.00625	0.00680	0.00628	0.00808	0.00584	0.00469	0.01320	0.01283	0.02130	0.13202	0.02526	0.02104	0.05551	0.00620	0.00166	0.00315	0.00625	0.54239	0.11063
6	0.01646	0.34347	0.16979	0.01294	0.01828	0.11671	0.03928	0.07323	0.01436	0.05926	0.01146	0.01431	0.00953	0.00610	0.00499	0.00157	0.00733	0.03845	0.00331	0.03915
7	0.00949	0.00645	0.00801	0.00797	0.00947	0.00602	0.00583	0.01231	0.05906	0.07416	0.30397	0.28486	0.16171	0.01406	0.00703	0.00207	0.00331	0.01238	0.00604	0.00579
8	0.21132	0.04352	0.26619	0.01571	0.05989	0.03591	0.13005	0.01918	0.04165	0.06261	0.05126	0.01483	0.01099	0.00600	0.00542	0.00185	0.00714	0.00502	0.00352	0.00793
9	0.01088	0.00882	0.01057	0.05143	0.01383	0.00947	0.00863	0.01833	0.26985	0.02019	0.09351	0.07960	0.12643	0.01242	0.00700	0.00224	0.00465	0.23976	0.00559	0.00680
10	0.01489	0.01085	0.05161	0.01010	0.01333	0.01003	0.00844	0.15106	0.11097	0.14967	0.17658	0.04994	0.14415	0.03442	0.00719	0.00205	0.00467	0.03649	0.00594	0.00765
11	0.00797	0.00605	0.00745	0.00817	0.00929	0.00571	0.00598	0.01033	0.05206	0.01702	0.11149	0.41264	0.20431	0.01621	0.00736	0.00227	0.00358	0.10126	0.00562	0.00525

[dist]
# distance from previous block
# <min> <max>
0	2

[block]
# block no. 12 follows, 39 sequences, length 9
# corresponding to MSA columns:
# 810-818
name=unknown_M
#
# <colnr> <probs for GDERKNQSTAVLIFYWHMCP>
#	G	D	E	R	K	N	Q	S	T	A	V	L	I	F	Y	W	H	M	C	P
0	0.01598	0.06355	0.01482	0.01237	0.01452	0.28484	0.00965	0.08993	0.01480	0.01755	0.01656	0.14331	0.04960	0.00944	0.00814	0.00188	0.14461	0.00688	0.07496	0.00661
1	0.12534	0.08325	0.01775	0.01264	0.01706	0.01812	0.01060	0.54898	0.02332	0.03284	0.01263	0.01315	0.00927	0.00686	0.00605	0.00177	0.04112	0.00486	0.00518	0.00921
2	0.00854	0.00616	0.00718	0.00693	0.00872	0.00539	0.00519	0.01054	0.01474	0.05748	0.31776	0.10149	0.40094	0.01374	0.00697	0.00196	0.00305	0.01177	0.00597	0.00546
3	0.01268	0.01228	0.04081	0.50017	0.03240	0.04215	0.05706	0.07097	0.06324	0.01805	0.01318	0.05321	0.01059	0.00674	0.00595	0.00193	0.00739	0.00594	0.03818	0.00706
4	0.00815	0.00628	0.00760	0.00728	0.00901	0.00550	0.00539	0.01030	0.01462	0.01988	0.38731	0.16029	0.23945	0.01321	0.00684	0.00190	0.00308	0.01151	0.00581	0.07658
5	0.04145	0.01133	0.01513	0.01717	0.20456	0.04455	0.05333	0.05432	0.12021	0.02151	0.19840	0.07344	0.10137	0.00925	0.00634	0.00189	0.00525	0.00820	0.00485	0.00746
6	0.07400	0.02007	0.01705	0.03848	0.01878	0.35116	0.05403	0.18274	0.01850	0.15013	0.01289	0.01351	0.00940	0.00642	0.00558	0.00169	0.00824	0.00472	0.00445	0.00816
7	0.05075	0.11136	0.08481	0.01126	0.01588	0.06802	0.01012	0.09792	0.01658	0.37147	0.04570	0.01938	0.05616	0.00731	0.00561	0.00175	0.00589	0.00568	0.00555	0.00881
8	0.05487	0.03872	0.06113	0.06263	0.04362	0.17327	0.01153	0.22598	0.07611	0.15687	0.01493	0.02921	0.01100	0.00686	0.00566	0.00177	0.00707	0.00523	0.00486	0.00868

[dist]
# distance from previous block
# <min> <max>
4	38

[block]
# block no. 13 follows, 39 sequences, length 8
# corresponding to MSA columns:
# 863-870
name=unknown_N
#
# <colnr> <probs for GDERKNQSTAVLIFYWHMCP>
#	G	D	E	R	K	N	Q	S	T	A	V	L	I	F	Y	W	H	M	C	P
0	0.01460	0.01321	0.04877	0.10756	0.07535	0.01390	0.03099	0.14192	0.33761	0.02374	0.01986	0.07968	0.01648	0.00841	0.00620	0.00200	0.00582	0.04031	0.00505	0.00854
1	0.01459	0.26718	0.35241	0.01716	0.12123	0.06514	0.01655	0.04956	0.01341	0.01783	0.00999	0.01180	0.00790	0.00549	0.00507	0.00164	0.00778	0.00412	0.00275	0.00840
2	0.01487	0.13532	0.36833	0.05400	0.12986	0.01605	0.01729	0.15776	0.01551	0.02155	0.01103	0.01285	0.00830	0.00579	0.00546	0.00175	0.00767	0.00455	0.00324	0.00882
3	0.00941	0.08125	0.01027	0.00872	0.01017	0.00829	0.00648	0.01287	0.11189	0.01676	0.08721	0.36147	0.07963	0.08799	0.04958	0.00287	0.00475	0.03962	0.00506	0.00570
4	0.01320	0.01256	0.04987	0.33783	0.19803	0.01307	0.03724	0.11386	0.01506	0.02032	0.09091	0.01957	0.03937	0.00685	0.00607	0.00188	0.00689	0.00611	0.00366	0.00767
5	0.05178	0.01261	0.03866	0.14534	0.19573	0.04800	0.04916	0.04935	0.05704	0.12363	0.11560	0.03416	0.01767	0.00743	0.00607	0.00188	0.00631	0.02718	0.00443	0.00798
6	0.01623	0.08173	0.38764	0.01807	0.14282	0.01377	0.01703	0.06212	0.01441	0.17078	0.01332	0.01427	0.00942	0.00595	0.00560	0.00179	0.00738	0.00480	0.00375	0.00910
7	0.00958	0.11369	0.00998	0.00713	0.00788	0.00824	0.00470	0.00996	0.00912	0.01193	0.01705	0.03380	0.01921	0.64071	0.06990	0.00534	0.00641	0.00772	0.00342	0.00423

[dist]
# distance from previous block
# <min> <max>
7	13

[block]
# block no. 14 follows, 39 sequences, length 24
# corresponding to MSA columns:
# 884-907
name=unknown_O
#
# <colnr> <probs for GDERKNQSTAVLIFYWHMCP>
#	G	D	E	R	K	N	Q	S	T	A	V	L	I	F	Y	W	H	M	C	P
0	0.01435	0.01212	0.06325	0.18789	0.13920	0.01170	0.04629	0.07708	0.03601	0.11738	0.13944	0.04621	0.01945	0.00802	0.00665	0.00194	0.02939	0.03136	0.00451	0.00778
1	0.06658	0.10336	0.08139	0.05627	0.09614	0.15087	0.05140	0.07182	0.01455	0.06082	0.04738	0.02898	0.03318	0.00686	0.00645	0.00174	0.06211	0.00527	0.00367	0.05115
2	0.01580	0.14163	0.01797	0.09694	0.04367	0.14219	0.05069	0.06464	0.02720	0.09890	0.05389	0.02179	0.12070	0.00906	0.03072	0.00201	0.04457	0.00621	0.00412	0.00729
3	0.01281	0.01391	0.10764	0.01264	0.01843	0.00986	0.13722	0.01636	0.01269	0.03448	0.01105	0.01310	0.00876	0.00470	0.00502	0.00121	0.00591	0.00427	0.00337	0.56655
4	0.00892	0.12161	0.01056	0.00811	0.00966	0.00796	0.00625	0.01040	0.01226	0.01566	0.08372	0.30284	0.18679	0.09345	0.00920	0.00249	0.00419	0.09573	0.00493	0.00526
5	0.01739	0.01300	0.09077	0.15550	0.02044	0.06773	0.02722	0.02059	0.02712	0.29743	0.05453	0.10764	0.01734	0.00863	0.00646	0.00196	0.02162	0.03162	0.00510	0.00792
6	0.28650	0.01122	0.01202	0.04479	0.01481	0.04597	0.00825	0.04519	0.01450	0.36935	0.03824	0.05658	0.01363	0.00732	0.00528	0.00185	0.00518	0.00560	0.00555	0.00816
7	0.01283	0.01140	0.01774	0.66583	0.03745	0.01390	0.01566	0.12079	0.01417	0.01836	0.01105	0.01554	0.00820	0.00609	0.00591	0.00194	0.00768	0.00527	0.00311	0.00708
8	0.02030	0.23429	0.02137	0.01457	0.05205	0.38343	0.04398	0.02229	0.01520	0.12402	0.01119	0.01216	0.00878	0.00590	0.00510	0.00153	0.00845	0.00416	0.00352	0.00770
9	0.01153	0.02472	0.10343	0.01246	0.06970	0.00956	0.02237	0.05208	0.02986	0.05344	0.08104	0.06875	0.10188	0.12336	0.05397	0.00302	0.04515	0.11168	0.01550	0.00649
10	0.01005	0.00648	0.00736	0.00702	0.00907	0.00559	0.00524	0.01161	0.01367	0.12514	0.09032	0.13347	0.48279	0.05527	0.00812	0.00221	0.00348	0.01171	0.00572	0.00567
11	0.00820	0.00565	0.00687	0.00716	0.00830	0.00522	0.00514	0.01020	0.01373	0.01938	0.28614	0.28799	0.15420	0.01383	0.00670	0.00198	0.00303	0.01215	0.13891	0.00522
12	0.04791	0.06185	0.05785	0.07334	0.11674	0.03700	0.04584	0.18026	0.04078	0.25586	0.01569	0.01593	0.01096	0.00648	0.00573	0.00179	0.00649	0.00533	0.00503	0.00914
13	0.02322	0.01576	0.01696	0.01309	0.01773	0.04244	0.01077	0.57945	0.02540	0.17087	0.01572	0.01518	0.01083	0.00711	0.00590	0.00178	0.00638	0.00539	0.00608	0.00995
14	0.12887	0.00681	0.00720	0.00687	0.00885	0.00645	0.00523	0.01092	0.01436	0.02080	0.34491	0.04459	0.34876	0.01237	0.00649	0.00191	0.00314	0.01037	0.00565	0.00545
15	0.01299	0.00954	0.00751	0.00724	0.00891	0.14106	0.00543	0.01553	0.01318	0.02070	0.01749	0.02003	0.01382	0.00675	0.00435	0.00140	0.00416	0.00521	0.67896	0.00575
16	0.01152	0.00972	0.01147	0.00868	0.01322	0.00743	0.00678	0.01391	0.01212	0.01866	0.01375	0.12610	0.01321	0.00645	0.00484	0.00110	0.00424	0.00546	0.00380	0.70752
17	0.01408	0.01458	0.02516	0.19577	0.30897	0.05612	0.23511	0.01848	0.03883	0.01819	0.01158	0.01533	0.00912	0.00547	0.00619	0.00187	0.00823	0.00576	0.00299	0.00818
18	0.00826	0.00930	0.11780	0.00892	0.01108	0.00641	0.00778	0.01082	0.01366	0.01873	0.28206	0.31727	0.13762	0.01392	0.00699	0.00208	0.00393	0.01228	0.00540	0.00568
19	0.00981	0.00765	0.01126	0.01293	0.11908	0.00851	0.00837	0.01178	0.01013	0.01483	0.01546	0.02396	0.01479	0.16081	0.43383	0.00674	0.05212	0.00644	0.06583	0.00567
20	0.67191	0.01119	0.00991	0.04899	0.01353	0.01259	0.00727	0.01894	0.01116	0.13343	0.01057	0.01148	0.00769	0.00578	0.00411	0.00184	0.00482	0.00371	0.00414	0.00695
21	0.00862	0.00645	0.00921	0.09690	0.01377	0.00659	0.00842	0.01069	0.01233	0.01618	0.02955	0.39982	0.03345	0.01618	0.00762	0.00249	0.00478	0.30655	0.00515	0.00527
22	0.01173	0.04681	0.07075	0.11509	0.01662	0.01164	0.03286	0.05958	0.01128	0.03145	0.01423	0.04065	0.01419	0.29623	0.05958	0.00383	0.14751	0.00669	0.00337	0.00591
23	0.00986	0.00724	0.00845	0.00816	0.01009	0.00699	0.00623	0.01413	0.12670	0.05919	0.24672	0.11236	0.26463	0.02990	0.00742	0.00212	0.00359	0.06419	0.00592	0.00609

[dist]
# distance from previous block
# <min> <max>
0	10

[block]
# block no. 15 follows, 39 sequences, length 17
# corresponding to MSA columns:
# 918-934
name=unknown_P
#
# <colnr> <probs for GDERKNQSTAVLIFYWHMCP>
#	G	D	E	R	K	N	Q	S	T	A	V	L	I	F	Y	W	H	M	C	P
0	0.00797	0.00590	0.00743	0.00733	0.00866	0.00536	0.00539	0.01027	0.01537	0.02112	0.52812	0.16285	0.16521	0.01356	0.00707	0.00197	0.00292	0.01194	0.00619	0.00536
1	0.01464	0.01405	0.02400	0.03630	0.75528	0.01405	0.01815	0.01815	0.01347	0.01932	0.01112	0.01464	0.00937	0.00527	0.00585	0.00176	0.00703	0.00527	0.00293	0.00937
2	0.00761	0.00579	0.00853	0.00923	0.00990	0.00541	0.04877	0.00887	0.01148	0.01533	0.03137	0.74241	0.03732	0.01772	0.00751	0.00238	0.00382	0.01623	0.00534	0.00499
3	0.16698	0.01092	0.01323	0.01033	0.01476	0.01040	0.00853	0.09342	0.01675	0.56351	0.01984	0.01773	0.01277	0.00698	0.00555	0.00182	0.00509	0.00541	0.00655	0.00943
4	0.00804	0.00592	0.00757	0.00797	0.00898	0.00561	0.00566	0.01058	0.04779	0.01929	0.34293	0.39984	0.07734	0.01511	0.00721	0.00213	0.00319	0.01352	0.00595	0.00536
5	0.01518	0.00724	0.00969	0.00904	0.01124	0.00644	0.00676	0.01683	0.01397	0.32094	0.06341	0.40596	0.06165	0.01347	0.00684	0.00212	0.00404	0.01188	0.00629	0.00701
6	0.00750	0.00526	0.00682	0.00794	0.00848	0.00491	0.00538	0.00877	0.01185	0.01614	0.08350	0.66404	0.06555	0.01726	0.00729	0.00229	0.00333	0.01556	0.05321	0.00491
7	0.01517	0.01185	0.01279	0.01128	0.01459	0.01320	0.00883	0.07790	0.53786	0.08077	0.06666	0.02547	0.08000	0.00870	0.00614	0.00197	0.00459	0.00723	0.00609	0.00889
8	0.00823	0.00561	0.00738	0.00800	0.00887	0.00518	0.00560	0.00983	0.01318	0.04433	0.24259	0.51806	0.06866	0.01613	0.00730	0.00221	0.00329	0.01449	0.00585	0.00522
