[name]
unknown

[dist]
# distance from previous block
# <min> <max>
3	690

[block]
# block no. 0 follows, 51 sequences, length 51
# corresponding to MSA columns:
# 715-765
name=unknown_A
#
# <colnr> <probs for GDERKNQSTAVLIFYWHMCP>
#	G	D	E	R	K	N	Q	S	T	A	V	L	I	F	Y	W	H	M	C	P
0	0.00931	0.02241	0.68847	0.01299	0.01926	0.01036	0.01622	0.01432	0.01024	0.01513	0.01142	0.12624	0.00997	0.00620	0.00490	0.00162	0.00663	0.00510	0.00243	0.00680
1	0.01287	0.01190	0.01938	0.02812	0.71201	0.01206	0.01446	0.09795	0.01248	0.01767	0.00952	0.01212	0.00785	0.00454	0.00487	0.00146	0.00579	0.00438	0.00270	0.00785
2	0.01240	0.01504	0.17411	0.01814	0.02342	0.01167	0.55054	0.01660	0.01163	0.10065	0.01075	0.01308	0.00773	0.00445	0.00549	0.00162	0.00765	0.00529	0.00280	0.00694
3	0.00589	0.00478	0.00523	0.00555	0.00680	0.00412	0.00400	0.00705	0.01075	0.01323	0.06222	0.27066	0.55615	0.01323	0.00594	0.00175	0.00259	0.01137	0.00458	0.00412
4	0.01170	0.00697	0.01047	0.01124	0.12073	0.00653	0.04563	0.01312	0.01069	0.22021	0.01948	0.29497	0.01948	0.10498	0.00846	0.03914	0.00425	0.04205	0.00427	0.00564
5	0.02918	0.01279	0.03959	0.01210	0.01473	0.22694	0.15239	0.01489	0.01231	0.06765	0.06422	0.04123	0.01730	0.00832	0.00562	0.00174	0.00630	0.26345	0.00365	0.00560
6	0.00993	0.00984	0.01797	0.60422	0.07999	0.01127	0.16974	0.01336	0.01027	0.01342	0.00901	0.01307	0.00681	0.00472	0.00509	0.00163	0.00686	0.00466	0.00226	0.00584
7	0.00602	0.00505	0.00527	0.00539	0.00699	0.00430	0.00415	0.00737	0.01121	0.01342	0.04740	0.04811	0.71781	0.01256	0.00591	0.00172	0.00269	0.08588	0.00456	0.00419
8	0.09509	0.01320	0.01554	0.01514	0.15252	0.17126	0.13354	0.03596	0.16711	0.07502	0.06651	0.01455	0.01167	0.00551	0.00485	0.00151	0.00588	0.00479	0.00356	0.00678
9	0.06954	0.01074	0.01259	0.00971	0.01352	0.01087	0.00802	0.34681	0.01760	0.42584	0.01541	0.01411	0.01014	0.00592	0.00482	0.00150	0.00468	0.00459	0.00541	0.00818
10	0.01222	0.01056	0.01111	0.01000	0.01278	0.01222	0.00778	0.02611	0.78776	0.02056	0.02000	0.01833	0.01500	0.00667	0.00500	0.00167	0.00389	0.00556	0.00500	0.00778
11	0.04373	0.01216	0.04301	0.01900	0.35517	0.01201	0.01164	0.26283	0.01541	0.15888	0.01176	0.01265	0.00861	0.00518	0.00483	0.00148	0.00539	0.00441	0.00388	0.00797
12	0.07533	0.02225	0.01349	0.01221	0.01481	0.73512	0.00921	0.03719	0.01377	0.01315	0.00764	0.00887	0.00631	0.00505	0.00435	0.00129	0.00844	0.00316	0.00262	0.00573
13	0.00609	0.00510	0.00531	0.00527	0.00687	0.00439	0.00395	0.00774	0.02974	0.01413	0.12915	0.06365	0.67740	0.01212	0.00580	0.00166	0.00251	0.01018	0.00467	0.00428
14	0.01659	0.01148	0.07520	0.08514	0.09484	0.06316	0.02944	0.09796	0.01375	0.35411	0.03542	0.01781	0.01197	0.00624	0.00506	0.00157	0.00533	0.06314	0.00446	0.00734
15	0.01216	0.01168	0.01995	0.03016	0.79664	0.01168	0.01508	0.01508	0.01119	0.01605	0.00924	0.01216	0.00778	0.00438	0.00487	0.00146	0.00584	0.00438	0.00243	0.00778
16	0.00583	0.00490	0.00506	0.00518	0.00669	0.00413	0.00382	0.00703	0.01101	0.01320	0.04733	0.13142	0.71210	0.01277	0.00586	0.00170	0.00253	0.01076	0.00456	0.00413
17	0.01222	0.01056	0.01111	0.01000	0.01278	0.01222	0.00778	0.02611	0.78776	0.02056	0.02000	0.01833	0.01500	0.00667	0.00500	0.00167	0.00389	0.00556	0.00500	0.00778
18	0.10695	0.01194	0.01671	0.01965	0.37265	0.01246	0.04571	0.25935	0.01490	0.07694	0.01055	0.01197	0.00800	0.00499	0.00473	0.00148	0.00547	0.00431	0.00355	0.00769
19	0.01698	0.01260	0.01362	0.01066	0.01422	0.01389	0.00873	0.64583	0.07375	0.02905	0.09707	0.01494	0.01292	0.00640	0.00502	0.00150	0.00497	0.00498	0.00498	0.00792
20	0.00792	0.00566	0.00792	0.00905	0.01018	0.00566	0.00792	0.01018	0.01131	0.01471	0.02602	0.05543	0.02828	0.01358	0.00679	0.00226	0.00453	0.76356	0.00453	0.00453
21	0.01216	0.01168	0.01995	0.03016	0.79664	0.01168	0.01508	0.01508	0.01119	0.01605	0.00924	0.01216	0.00778	0.00438	0.00487	0.00146	0.00584	0.00438	0.00243	0.00778
22	0.00771	0.00551	0.00768	0.00881	0.00985	0.00548	0.00756	0.00982	0.01111	0.01447	0.02614	0.13868	0.02874	0.01377	0.00673	0.00223	0.00434	0.68238	0.00453	0.00447
23	0.00696	0.00502	0.00657	0.00618	0.00734	0.00464	0.00464	0.00927	0.01391	0.01971	0.79405	0.03671	0.04637	0.01005	0.00580	0.00155	0.00232	0.00889	0.00541	0.00464
24	0.01950	0.01245	0.01393	0.01068	0.01458	0.01329	0.00882	0.59590	0.02090	0.21844	0.01365	0.01300	0.00929	0.00594	0.00492	0.00149	0.00511	0.00455	0.00520	0.00836
25	0.02159	0.00910	0.01186	0.00909	0.01291	0.00831	0.00751	0.12697	0.01530	0.69528	0.01835	0.01606	0.01165	0.00606	0.00494	0.00151	0.00435	0.00487	0.00592	0.00836
26	0.02161	0.00907	0.01184	0.00908	0.01290	0.00827	0.00750	0.12230	0.01524	0.70003	0.01840	0.01609	0.01167	0.00606	0.00494	0.00151	0.00434	0.00487	0.00593	0.00836
27	0.01204	0.01155	0.01973	0.06306	0.76468	0.01164	0.01502	0.01498	0.01113	0.01591	0.00922	0.01220	0.00773	0.00440	0.00487	0.00147	0.00587	0.00438	0.00242	0.00769
28	0.00677	0.00484	0.00660	0.00774	0.00837	0.00467	0.00592	0.00820	0.01018	0.01342	0.02665	0.51244	0.03079	0.01466	0.00648	0.00210	0.00353	0.31789	0.00455	0.00421
29	0.01042	0.00990	0.01679	0.50561	0.33483	0.01122	0.01421	0.01355	0.01036	0.01394	0.00894	0.01273	0.00704	0.00470	0.00489	0.00157	0.00627	0.00437	0.00228	0.00638
30	0.77104	0.00938	0.00768	0.00671	0.00983	0.01061	0.00553	0.01547	0.00898	0.10630	0.00820	0.00893	0.00606	0.00473	0.00325	0.00152	0.00384	0.00291	0.00337	0.00565
31	0.01684	0.40892	0.07212	0.00898	0.01321	0.01358	0.00858	0.03114	0.01198	0.35122	0.01245	0.01192	0.00885	0.00507	0.00405	0.00129	0.00493	0.00372	0.00386	0.00729
32	0.01024	0.02275	0.63205	0.01548	0.02224	0.01164	0.18526	0.01560	0.01064	0.01560	0.00907	0.01101	0.00650	0.00455	0.00492	0.00158	0.00749	0.00411	0.00217	0.00712
33	0.01468	0.16005	0.05894	0.10727	0.08036	0.30377	0.03371	0.04264	0.07639	0.04912	0.00987	0.02428	0.00797	0.00517	0.00447	0.00138	0.00678	0.00391	0.00286	0.00641
34	0.00959	0.00905	0.01530	0.73043	0.11646	0.01100	0.01380	0.01283	0.00997	0.01293	0.00879	0.01300	0.00668	0.00486	0.00491	0.00162	0.00647	0.00437	0.00221	0.00571
35	0.00665	0.00486	0.00674	0.05054	0.00932	0.00478	0.00589	0.00799	0.00991	0.01309	0.02584	0.58762	0.03006	0.01438	0.00633	0.00204	0.00347	0.20187	0.00443	0.00420
36	0.01630	0.11236	0.01431	0.01155	0.07483	0.19691	0.00867	0.11880	0.02440	0.21412	0.05106	0.02787	0.01159	0.00779	0.05012	0.00179	0.02301	0.02378	0.00394	0.00680
37	0.01773	0.07843	0.03567	0.02958	0.06470	0.04076	0.03450	0.02051	0.05443	0.47861	0.06658	0.03042	0.01341	0.00609	0.00487	0.00149	0.00469	0.00506	0.00492	0.00754
38	0.39110	0.00909	0.00971	0.00785	0.01132	0.00923	0.00648	0.05146	0.01194	0.42586	0.01356	0.01268	0.00900	0.00541	0.00411	0.00152	0.00407	0.00392	0.00470	0.00703
39	0.00990	0.00956	0.01502	0.45944	0.18584	0.03633	0.04644	0.01310	0.03083	0.01386	0.03222	0.01737	0.09795	0.00580	0.00505	0.00159	0.00592	0.00522	0.00268	0.00589
40	0.01087	0.00912	0.01127	0.00887	0.04822	0.00734	0.02174	0.03241	0.01064	0.03818	0.00911	0.01058	0.00745	0.00392	0.00409	0.00085	0.02249	0.00316	0.00300	0.73668
41	0.00714	0.00478	0.00542	0.00542	0.00544	0.00480	0.00305	0.00719	0.00716	0.00957	0.01543	0.03185	0.01773	0.80836	0.04376	0.00484	0.00497	0.00710	0.00297	0.00301
42	0.17655	0.01421	0.01267	0.01065	0.01381	0.25854	0.05985	0.06360	0.13540	0.17878	0.02187	0.01261	0.00939	0.00548	0.00450	0.00147	0.00584	0.00413	0.00392	0.00671
43	0.06421	0.01044	0.01428	0.01467	0.19448	0.03371	0.05488	0.05403	0.12966	0.34276	0.01530	0.02657	0.01087	0.00567	0.00488	0.00153	0.00492	0.00488	0.00451	0.00772
44	0.00967	0.00555	0.00744	0.00703	0.00756	0.00578	0.00491	0.09095	0.03491	0.01147	0.00968	0.01561	0.00924	0.05450	0.02990	0.68111	0.00454	0.00448	0.00258	0.00308
45	0.02373	0.00708	0.00838	0.00808	0.00978	0.00733	0.00604	0.04228	0.23368	0.10668	0.10150	0.35208	0.03433	0.01070	0.00561	0.00178	0.00339	0.02677	0.00494	0.00583
46	0.01224	0.33525	0.19845	0.01044	0.02829	0.01355	0.02621	0.08260	0.02422	0.06534	0.01144	0.09882	0.01024	0.00782	0.05315	0.00178	0.00593	0.00470	0.00296	0.00653
47	0.07221	0.01597	0.11609	0.02613	0.05830	0.23928	0.09338	0.04322	0.07690	0.12381	0.04680	0.01303	0.00988	0.00551	0.00520	0.00150	0.03842	0.00435	0.00338	0.00665
48	0.00824	0.00529	0.00659	0.00666	0.00786	0.00489	0.00485	0.00999	0.03715	0.09945	0.17161	0.32775	0.17863	0.06728	0.00719	0.00198	0.00306	0.04202	0.00479	0.00470
49	0.07634	0.06427	0.06150	0.02342	0.08728	0.14243	0.03591	0.10420	0.07799	0.04261	0.10905	0.01656	0.01381	0.06884	0.02136	0.00181	0.00555	0.00486	0.03602	0.00619
50	0.36901	0.01146	0.07092	0.00865	0.01249	0.01094	0.00762	0.19610	0.01313	0.15311	0.01046	0.01076	0.00745	0.00504	0.00399	0.00143	0.00449	0.00356	0.00390	0.09550

[dist]
# distance from previous block
# <min> <max>
13	22

[block]
# block no. 1 follows, 51 sequences, length 35
# corresponding to MSA columns:
# 788-822
name=unknown_B
#
# <colnr> <probs for GDERKNQSTAVLIFYWHMCP>
#	G	D	E	R	K	N	Q	S	T	A	V	L	I	F	Y	W	H	M	C	P
0	0.29192	0.13554	0.05171	0.01325	0.05071	0.02475	0.25389	0.01522	0.01008	0.04472	0.00845	0.01044	0.00663	0.00469	0.00502	0.00153	0.05857	0.00397	0.00270	0.00619
1	0.04867	0.12607	0.07267	0.04691	0.28068	0.07188	0.01192	0.10028	0.01178	0.02887	0.00864	0.01085	0.00713	0.00531	0.00629	0.00151	0.13532	0.00391	0.00268	0.01863
2	0.01547	0.01628	0.01260	0.06312	0.01475	0.41111	0.00878	0.07848	0.07957	0.05797	0.06776	0.01329	0.01086	0.00589	0.00531	0.00141	0.05551	0.00420	0.04831	0.02934
3	0.00797	0.00552	0.00697	0.00722	0.00826	0.00541	0.00520	0.01093	0.10850	0.06023	0.22526	0.45778	0.03268	0.01235	0.00592	0.00182	0.00295	0.02524	0.00492	0.00489
4	0.00646	0.00480	0.00548	0.00563	0.00640	0.00444	0.00377	0.00732	0.00967	0.01245	0.10908	0.17122	0.29694	0.29787	0.03452	0.00296	0.00362	0.00956	0.00404	0.00377
5	0.00669	0.00498	0.00623	0.00599	0.00720	0.00451	0.00446	0.00874	0.01318	0.01815	0.61681	0.07808	0.18528	0.01076	0.00582	0.00159	0.00238	0.00942	0.00521	0.00451
6	0.01063	0.00716	0.00880	0.00705	0.00993	0.00598	0.00554	0.03027	0.01257	0.13168	0.32269	0.02335	0.05923	0.00698	0.00481	0.00123	0.00318	0.00594	0.00448	0.33849
7	0.00648	0.00495	0.00578	0.00587	0.00694	0.00451	0.00418	0.00811	0.02781	0.01485	0.26934	0.19581	0.31187	0.10164	0.00799	0.00203	0.00279	0.01017	0.00466	0.00422
8	0.01473	0.01167	0.01238	0.01037	0.01356	0.01321	0.00828	0.32906	0.45712	0.02468	0.01658	0.01570	0.01226	0.00633	0.00492	0.00157	0.00445	0.00507	0.03014	0.00792
9	0.01773	0.01329	0.01421	0.01111	0.01488	0.01480	0.00911	0.66929	0.13561	0.02944	0.01301	0.01276	0.00933	0.00601	0.00493	0.00150	0.00518	0.00459	0.00493	0.00827
10	0.01292	0.77704	0.07706	0.00878	0.01319	0.01891	0.00905	0.01477	0.01001	0.01183	0.00696	0.00805	0.00630	0.00424	0.00325	0.00108	0.00539	0.00269	0.00210	0.00637
11	0.01034	0.00982	0.01666	0.52589	0.31513	0.01120	0.01418	0.01349	0.01033	0.01385	0.00892	0.01276	0.00701	0.00472	0.00490	0.00157	0.00629	0.00437	0.00228	0.00632
12	0.86201	0.00950	0.00722	0.00646	0.00950	0.01102	0.00532	0.01445	0.00836	0.02205	0.00684	0.00798	0.00532	0.00456	0.00304	0.00152	0.00380	0.00266	0.00304	0.00532
13	0.00599	0.00428	0.00570	0.00684	0.00713	0.00399	0.00456	0.00684	0.00941	0.01254	0.02709	0.82409	0.03250	0.01540	0.00627	0.00200	0.00285	0.01397	0.00456	0.00399
14	0.00916	0.00458	0.00458	0.00458	0.00573	0.00458	0.00344	0.01145	0.01031	0.01832	0.01603	0.01832	0.01260	0.00573	0.00344	0.00115	0.00229	0.00458	0.85457	0.00458
15	0.86201	0.00950	0.00722	0.00646	0.00950	0.01102	0.00532	0.01445	0.00836	0.02205	0.00684	0.00798	0.00532	0.00456	0.00304	0.00152	0.00380	0.00266	0.00304	0.00532
16	0.80679	0.00945	0.00742	0.00652	0.00964	0.01073	0.00535	0.01431	0.00848	0.02166	0.00697	0.00813	0.00545	0.00450	0.00308	0.00147	0.00379	0.00268	0.00303	0.06055
17	0.00669	0.00495	0.00557	0.00542	0.00681	0.00440	0.00406	0.00850	0.01218	0.01651	0.34648	0.03938	0.39401	0.01063	0.00551	0.00155	0.00240	0.00905	0.11151	0.00440
18	0.01750	0.02200	0.01405	0.01269	0.01493	0.71846	0.00964	0.01875	0.01321	0.01200	0.00747	0.00907	0.00634	0.00546	0.00575	0.00137	0.09987	0.00329	0.00249	0.00566
19	0.04907	0.01342	0.01426	0.01105	0.01488	0.01491	0.00910	0.70715	0.06835	0.03002	0.01211	0.01205	0.00864	0.00590	0.00485	0.00149	0.00526	0.00443	0.00485	0.00821
20	0.23818	0.00812	0.00809	0.00713	0.00906	0.02819	0.00527	0.09829	0.03467	0.10663	0.01428	0.02065	0.03977	0.31339	0.04632	0.00300	0.00487	0.00528	0.00366	0.00514
21	0.00623	0.00497	0.00560	0.00568	0.00707	0.00435	0.00428	0.00775	0.01169	0.01480	0.21914	0.10931	0.50854	0.01220	0.00591	0.00170	0.00261	0.05914	0.00476	0.00427
22	0.01889	0.00999	0.01195	0.00949	0.01303	0.01008	0.00773	0.20793	0.16858	0.43510	0.01756	0.01589	0.01181	0.00614	0.00490	0.00153	0.00436	0.00493	0.03197	0.00813
23	0.01057	0.01005	0.01708	0.46312	0.37610	0.01126	0.01429	0.01369	0.01044	0.01413	0.00896	0.01268	0.00710	0.00467	0.00489	0.00156	0.00623	0.00437	0.00230	0.00650
24	0.23089	0.01041	0.01054	0.00887	0.01188	0.08118	0.02543	0.09157	0.10657	0.22571	0.08650	0.01671	0.01353	0.00624	0.00455	0.00153	0.00448	0.03154	0.02522	0.00666
25	0.01000	0.00692	0.00817	0.00763	0.00948	0.00707	0.00593	0.03083	0.21443	0.08896	0.27281	0.08795	0.08693	0.00934	0.00547	0.00165	0.00321	0.07727	0.06019	0.00577
26	0.01004	0.00943	0.01586	0.51421	0.27381	0.01075	0.01352	0.01314	0.01052	0.01413	0.05980	0.01433	0.00952	0.00508	0.00496	0.00158	0.00605	0.00466	0.00247	0.00614
27	0.03648	0.09712	0.01585	0.11229	0.23108	0.16960	0.01076	0.03999	0.08442	0.03665	0.03915	0.04583	0.01030	0.00573	0.00519	0.00148	0.04395	0.00459	0.00301	0.00652
28	0.01042	0.00852	0.01569	0.01255	0.01532	0.00810	0.30860	0.01317	0.01109	0.08358	0.01778	0.11611	0.03819	0.00986	0.05762	0.00213	0.00598	0.14183	0.11787	0.00561
29	0.00738	0.03124	0.00686	0.00641	0.00772	0.02831	0.00486	0.00941	0.03308	0.01581	0.27648	0.17738	0.23771	0.01113	0.00562	0.00165	0.00293	0.06078	0.07070	0.00455
30	0.05399	0.10225	0.02330	0.03573	0.11422	0.11606	0.00871	0.03169	0.05159	0.21202	0.03686	0.03962	0.03659	0.00660	0.02162	0.00156	0.03441	0.00468	0.00377	0.06473
31	0.13572	0.10555	0.07888	0.06523	0.15705	0.01172	0.03283	0.10807	0.04102	0.16245	0.02823	0.03206	0.00960	0.00540	0.00450	0.00148	0.00514	0.00439	0.00362	0.00705
32	0.02371	0.04498	0.00830	0.00758	0.00890	0.06196	0.00564	0.02318	0.06886	0.05083	0.19254	0.35217	0.04697	0.03667	0.00626	0.00183	0.00359	0.04658	0.00452	0.00493
33	0.02994	0.15806	0.12777	0.01394	0.13920	0.03039	0.07814	0.06012	0.08515	0.03553	0.07331	0.06817	0.01267	0.00602	0.00504	0.00147	0.02943	0.00510	0.00321	0.03735
34	0.03360	0.23830	0.10729	0.03694	0.14667	0.05503	0.01041	0.01822	0.02613	0.26410	0.01180	0.01211	0.00856	0.00500	0.00434	0.00138	0.00542	0.00391	0.00352	0.00727

[dist]
# distance from previous block
# <min> <max>
2	6

[block]
# block no. 2 follows, 51 sequences, length 16
# corresponding to MSA columns:
# 829-844
name=unknown_C
#
# <colnr> <probs for GDERKNQSTAVLIFYWHMCP>
#	G	D	E	R	K	N	Q	S	T	A	V	L	I	F	Y	W	H	M	C	P
0	0.01420	0.17442	0.04824	0.01517	0.11550	0.04681	0.18198	0.18714	0.09010	0.04796	0.01080	0.01204	0.00828	0.00503	0.00495	0.00146	0.02097	0.00442	0.00331	0.00724
1	0.00612	0.00469	0.00561	0.00601	0.00699	0.00418	0.00427	0.00742	0.01101	0.01430	0.19427	0.37055	0.32052	0.01319	0.00600	0.00178	0.00261	0.01157	0.00474	0.00418
2	0.00740	0.00495	0.00585	0.00582	0.00644	0.00475	0.00387	0.00828	0.00951	0.03208	0.17093	0.07059	0.10609	0.45006	0.01611	0.00334	0.00385	0.05355	0.03279	0.00375
3	0.00835	0.00553	0.00683	0.00633	0.00785	0.00510	0.00480	0.02602	0.02900	0.08214	0.50148	0.07338	0.17704	0.01013	0.00564	0.00157	0.00262	0.00878	0.03246	0.00496
4	0.00646	0.00494	0.00545	0.00536	0.00679	0.00433	0.00401	0.00811	0.01190	0.01566	0.27356	0.06213	0.47773	0.01121	0.00561	0.00159	0.00243	0.00951	0.07891	0.00433
5	0.86201	0.00950	0.00722	0.00646	0.00950	0.01102	0.00532	0.01445	0.00836	0.02205	0.00684	0.00798	0.00532	0.00456	0.00304	0.00152	0.00380	0.00266	0.00304	0.00532
6	0.01186	0.51793	0.32692	0.01058	0.01597	0.01633	0.01219	0.01504	0.01014	0.01311	0.00760	0.00885	0.00627	0.00438	0.00374	0.00125	0.00603	0.00302	0.00209	0.00668
7	0.01216	0.01168	0.01995	0.03016	0.79664	0.01168	0.01508	0.01508	0.01119	0.01605	0.00924	0.01216	0.00778	0.00438	0.00487	0.00146	0.00584	0.00438	0.00243	0.00778
8	0.67474	0.00925	0.00816	0.00697	0.01018	0.01018	0.00575	0.01656	0.00963	0.19550	0.00964	0.00993	0.00685	0.00490	0.00346	0.00152	0.00389	0.00317	0.00372	0.00600
9	0.00985	0.00904	0.01474	0.76675	0.03272	0.01118	0.01339	0.05907	0.01063	0.01367	0.00892	0.01302	0.00666	0.00497	0.00491	0.00163	0.00648	0.00437	0.00235	0.00563
10	0.21010	0.00987	0.01098	0.00883	0.01224	0.01017	0.00721	0.21864	0.04383	0.34604	0.01505	0.06215	0.01095	0.00627	0.00459	0.00154	0.00433	0.00486	0.00496	0.00739
11	0.01203	0.01238	0.02467	0.01790	0.02244	0.01175	0.59406	0.06199	0.05197	0.03806	0.01144	0.04591	0.00902	0.00485	0.00557	0.00160	0.00728	0.00583	0.00297	0.05828
12	0.00634	0.00453	0.00610	0.00724	0.00768	0.00429	0.00517	0.00745	0.00975	0.01294	0.02689	0.68523	0.03174	0.01507	0.00637	0.00204	0.00315	0.14938	0.00456	0.00409
13	0.07407	0.00947	0.01412	0.53859	0.05176	0.03209	0.03778	0.05700	0.01119	0.06238	0.05702	0.01416	0.00938	0.00529	0.00485	0.00159	0.00598	0.00457	0.00286	0.00586
14	0.00928	0.00873	0.01474	0.81548	0.03385	0.01092	0.01365	0.01256	0.00983	0.01256	0.00873	0.01310	0.00655	0.00491	0.00491	0.00164	0.00655	0.00437	0.00218	0.00546
15	0.01094	0.17265	0.10829	0.00932	0.01247	0.01088	0.00860	0.01659	0.22849	0.04847	0.05687	0.05568	0.01656	0.03577	0.00563	0.00170	0.00459	0.14274	0.00386	0.04992

[dist]
# distance from previous block
# <min> <max>
0	1

[block]
# block no. 3 follows, 51 sequences, length 9
# corresponding to MSA columns:
# 846-854
name=unknown_D
#
# <colnr> <probs for GDERKNQSTAVLIFYWHMCP>
#	G	D	E	R	K	N	Q	S	T	A	V	L	I	F	Y	W	H	M	C	P
0	0.00814	0.00686	0.00902	0.00845	0.00896	0.00811	0.00641	0.00979	0.03834	0.01393	0.20531	0.19790	0.05298	0.13121	0.01201	0.00232	0.26372	0.00820	0.00378	0.00459
1	0.50732	0.00976	0.00944	0.00781	0.01101	0.01067	0.00643	0.09583	0.01099	0.15507	0.00965	0.01023	0.00704	0.00512	0.00439	0.00149	0.05228	0.00335	0.00369	0.07843
2	0.01362	0.21650	0.26353	0.01209	0.04034	0.07491	0.04659	0.11969	0.02825	0.07401	0.00970	0.01064	0.00732	0.00480	0.00433	0.00135	0.00613	0.00367	0.00293	0.05960
3	0.01180	0.06067	0.06878	0.05686	0.18144	0.08195	0.08821	0.10583	0.01190	0.01573	0.01234	0.03345	0.04560	0.05958	0.09074	0.00238	0.04451	0.00502	0.01698	0.00624
4	0.00661	0.00517	0.00573	0.00594	0.00719	0.00475	0.00433	0.00857	0.05665	0.01387	0.07752	0.20681	0.42683	0.07213	0.00723	0.00196	0.00290	0.04659	0.03493	0.00430
5	0.01044	0.06380	0.01261	0.16729	0.08822	0.05348	0.02460	0.05439	0.15310	0.01677	0.17411	0.05676	0.08960	0.00736	0.00512	0.00156	0.00463	0.00632	0.00385	0.00599
6	0.32274	0.00867	0.01041	0.13557	0.01459	0.00952	0.05472	0.05847	0.03458	0.08897	0.03679	0.09035	0.01225	0.00663	0.00447	0.00162	0.00447	0.04921	0.05024	0.00572
7	0.01774	0.01422	0.01307	0.01082	0.01404	0.26047	0.04193	0.14194	0.10632	0.25537	0.01601	0.01539	0.05806	0.00611	0.00488	0.00147	0.00589	0.00475	0.00440	0.00712
8	0.01201	0.00706	0.00806	0.00730	0.00906	0.05500	0.00553	0.01363	0.01195	0.23405	0.17862	0.16923	0.07665	0.05395	0.00665	0.00176	0.02872	0.00770	0.10756	0.00552

[dist]
# distance from previous block
# <min> <max>
0	1

[block]
# block no. 4 follows, 51 sequences, length 21
# corresponding to MSA columns:
# 856-876
name=unknown_E
#
# <colnr> <probs for GDERKNQSTAVLIFYWHMCP>
#	G	D	E	R	K	N	Q	S	T	A	V	L	I	F	Y	W	H	M	C	P
0	0.06598	0.01551	0.28161	0.01105	0.01538	0.01171	0.01112	0.05985	0.39992	0.01944	0.04729	0.01538	0.01235	0.00595	0.00479	0.00160	0.00505	0.00479	0.00389	0.00734
1	0.01206	0.30978	0.16561	0.00973	0.01384	0.04743	0.00961	0.01745	0.20143	0.04054	0.03497	0.01464	0.06025	0.00566	0.00427	0.00136	0.00510	0.00431	0.00323	0.03874
2	0.00869	0.00567	0.00731	0.03704	0.00873	0.00563	0.00514	0.04883	0.01086	0.06625	0.21511	0.07553	0.12162	0.13722	0.10466	0.12121	0.00473	0.00739	0.00400	0.00438
3	0.05454	0.06379	0.11050	0.01185	0.04429	0.00984	0.17059	0.04905	0.06327	0.05031	0.15367	0.03289	0.07989	0.00645	0.00501	0.00149	0.00503	0.00582	0.00363	0.07808
4	0.01401	0.01075	0.01186	0.01101	0.06281	0.06479	0.00820	0.14195	0.25177	0.12643	0.01715	0.06568	0.02865	0.00713	0.00535	0.00157	0.02771	0.05977	0.00448	0.07892
5	0.01068	0.06137	0.01122	0.00739	0.01173	0.00739	0.00602	0.01282	0.01028	0.03580	0.00889	0.01021	0.00734	0.00374	0.00364	0.00077	0.00376	0.00295	0.00294	0.78106
6	0.14909	0.00746	0.00878	0.00805	0.02962	0.00745	0.00613	0.02447	0.04496	0.01571	0.04147	0.01840	0.01238	0.06651	0.24956	0.00349	0.00673	0.05448	0.00317	0.24207
7	0.01623	0.01765	0.01408	0.01202	0.01497	0.42179	0.05963	0.17253	0.13457	0.01748	0.01321	0.01366	0.05866	0.00589	0.00479	0.00142	0.00696	0.00442	0.00352	0.00651
8	0.00713	0.00483	0.00570	0.00570	0.00581	0.00495	0.00340	0.00736	0.00725	0.00978	0.01518	0.03046	0.01713	0.72284	0.12845	0.00518	0.00587	0.00690	0.00293	0.00316
9	0.10833	0.09888	0.09315	0.00972	0.01350	0.06524	0.00870	0.08136	0.16733	0.26717	0.01447	0.01434	0.01038	0.00575	0.00453	0.00150	0.00493	0.01904	0.00434	0.00733
10	0.00779	0.00618	0.00864	0.01045	0.11730	0.00619	0.00671	0.01048	0.07546	0.01507	0.15808	0.34776	0.04963	0.01377	0.07357	0.00233	0.00427	0.07701	0.00429	0.00503
11	0.02192	0.00857	0.01153	0.00884	0.01265	0.00753	0.00730	0.05303	0.01441	0.77047	0.01910	0.01654	0.01202	0.00608	0.00494	0.00152	0.00423	0.00492	0.00604	0.00836
12	0.08730	0.01135	0.01235	0.00973	0.01325	0.01221	0.00798	0.45382	0.06951	0.17663	0.01377	0.01344	0.00966	0.00586	0.00464	0.00147	0.00466	0.00447	0.08018	0.00774
13	0.05825	0.00937	0.04552	0.00929	0.01302	0.00809	0.03397	0.05018	0.04660	0.57900	0.01919	0.01858	0.04153	0.00646	0.00498	0.00157	0.00442	0.03676	0.00543	0.00777
14	0.00620	0.00481	0.00569	0.00611	0.00720	0.00429	0.00449	0.00755	0.01099	0.01404	0.14266	0.30445	0.37395	0.01319	0.00604	0.00181	0.00276	0.07492	0.00468	0.00420
15	0.02062	0.00901	0.01160	0.00908	0.01276	0.00839	0.00744	0.07723	0.10860	0.65153	0.01893	0.01658	0.01224	0.00614	0.00495	0.00154	0.00423	0.00498	0.00587	0.00829
16	0.01353	0.01760	0.34382	0.01343	0.01871	0.03358	0.13563	0.11102	0.11264	0.13261	0.01231	0.01292	0.00868	0.00521	0.00496	0.00156	0.00636	0.00450	0.00346	0.00748
17	0.03791	0.05744	0.31348	0.09438	0.07818	0.01052	0.01263	0.03845	0.04410	0.17379	0.03839	0.01550	0.02035	0.00570	0.00480	0.00156	0.00572	0.03665	0.00340	0.00704
18	0.01077	0.00603	0.00758	0.00684	0.00876	0.00545	0.00525	0.01306	0.04607	0.22184	0.30069	0.13353	0.19436	0.01006	0.00560	0.00163	0.00298	0.00868	0.00528	0.00556
19	0.00778	0.00554	0.00684	0.00707	0.00820	0.00540	0.00520	0.01061	0.10035	0.04894	0.18373	0.35311	0.12097	0.04014	0.00660	0.00192	0.00309	0.07495	0.00479	0.00478
20	0.03115	0.04820	0.13824	0.01308	0.10014	0.04082	0.04996	0.15031	0.03575	0.32217	0.01367	0.01344	0.00936	0.00542	0.00481	0.00149	0.00547	0.00444	0.00429	0.00778

[dist]
# distance from previous block
# <min> <max>
0	4

[block]
# block no. 5 follows, 51 sequences, length 28
# corresponding to MSA columns:
# 881-908
name=unknown_F
#
# <colnr> <probs for GDERKNQSTAVLIFYWHMCP>
#	G	D	E	R	K	N	Q	S	T	A	V	L	I	F	Y	W	H	M	C	P
0	0.08779	0.07038	0.07202	0.07999	0.08822	0.12061	0.01852	0.11425	0.03304	0.08552	0.01151	0.01252	0.03717	0.00513	0.00438	0.00134	0.00550	0.00397	0.00329	0.14487
1	0.02728	0.43437	0.25352	0.01199	0.07980	0.04327	0.01176	0.01570	0.01055	0.05913	0.00838	0.00952	0.00673	0.00450	0.00389	0.00128	0.00594	0.00322	0.00238	0.00679
2	0.02928	0.10398	0.01142	0.00864	0.02198	0.05085	0.00675	0.08173	0.04824	0.15000	0.04100	0.01834	0.01281	0.12984	0.25929	0.00391	0.00750	0.00506	0.00363	0.00576
3	0.08067	0.41050	0.24474	0.01019	0.01508	0.01562	0.01100	0.11533	0.01177	0.01626	0.02370	0.00969	0.00727	0.00470	0.00386	0.00130	0.00568	0.00328	0.00260	0.00674
4	0.04586	0.00958	0.01322	0.04345	0.21235	0.00961	0.00934	0.05738	0.11954	0.33229	0.01528	0.01515	0.01077	0.00563	0.00489	0.00151	0.01491	0.00472	0.06690	0.00761
5	0.00648	0.00493	0.00606	0.00613	0.00729	0.00450	0.00457	0.00819	0.01189	0.01585	0.35673	0.16832	0.27880	0.01317	0.04539	0.00200	0.00310	0.04739	0.00482	0.00436
6	0.00998	0.00902	0.01137	0.01004	0.01100	0.04939	0.02576	0.01258	0.07621	0.03193	0.20998	0.08610	0.04040	0.00903	0.00999	0.00183	0.35010	0.00652	0.03342	0.00533
7	0.00652	0.00486	0.00610	0.00631	0.00733	0.00443	0.00466	0.00822	0.01195	0.01608	0.37822	0.25237	0.19803	0.01224	0.00600	0.00174	0.00265	0.06300	0.00494	0.00435
8	0.00877	0.00542	0.00692	0.00659	0.00806	0.00491	0.00502	0.01061	0.01258	0.12278	0.39565	0.12780	0.16702	0.03213	0.00631	0.00175	0.00289	0.06474	0.00513	0.00493
9	0.00778	0.00619	0.00755	0.00739	0.00796	0.04327	0.00530	0.00880	0.00787	0.01073	0.01347	0.02337	0.01388	0.33976	0.42821	0.00609	0.04985	0.00585	0.00274	0.00395
10	0.01804	0.02294	0.01464	0.01304	0.01569	0.77016	0.04568	0.01944	0.01382	0.01220	0.00771	0.00907	0.00638	0.00502	0.00450	0.00128	0.00884	0.00329	0.00253	0.00574
11	0.03286	0.01176	0.03673	0.12846	0.37122	0.02465	0.11978	0.09279	0.02655	0.01726	0.05160	0.01358	0.00966	0.00510	0.00542	0.00155	0.03640	0.00476	0.00286	0.00701
12	0.00713	0.00482	0.00565	0.00565	0.00575	0.00492	0.00334	0.00733	0.00723	0.00974	0.01522	0.03069	0.01723	0.73709	0.11435	0.00512	0.00572	0.00693	0.00294	0.00314
13	0.00880	0.00739	0.01151	0.08108	0.20102	0.00724	0.04468	0.01134	0.01258	0.03130	0.42658	0.02818	0.09217	0.00809	0.00548	0.00155	0.00386	0.00732	0.00422	0.00559
14	0.01855	0.01761	0.01442	0.01185	0.01522	0.33093	0.00940	0.47719	0.01945	0.02342	0.01012	0.01063	0.00755	0.00557	0.00472	0.00139	0.00678	0.00392	0.00397	0.00730
15	0.02066	0.00871	0.01148	0.00892	0.01263	0.00781	0.00738	0.08705	0.01456	0.66902	0.01865	0.01786	0.01241	0.00632	0.00498	0.00152	0.00428	0.04005	0.00579	0.03991
16	0.01231	0.00633	0.00758	0.00651	0.00901	0.00539	0.00515	0.01384	0.01241	0.32692	0.05718	0.03484	0.46327	0.00985	0.00546	0.00160	0.00316	0.00817	0.00519	0.00584
17	0.01530	0.00932	0.01158	0.01079	0.07849	0.00951	0.00784	0.13771	0.20214	0.27240	0.12990	0.06065	0.01789	0.00711	0.00514	0.00157	0.00410	0.00600	0.00515	0.00741
18	0.00703	0.00522	0.00768	0.00768	0.00849	0.00603	0.00587	0.00864	0.00783	0.01125	0.01336	0.02040	0.01276	0.10390	0.74142	0.00763	0.01245	0.00542	0.00266	0.00427
19	0.01098	0.09764	0.13675	0.01223	0.03000	0.09557	0.15348	0.04265	0.07445	0.01522	0.04366	0.12412	0.07997	0.00745	0.00544	0.00160	0.02562	0.03382	0.00330	0.00604
20	0.01224	0.01134	0.01884	0.01382	0.01817	0.01060	0.33892	0.08123	0.11655	0.04724	0.01143	0.01299	0.00867	0.00455	0.00491	0.00135	0.00584	0.00471	0.00330	0.27332
21	0.01316	0.01251	0.12657	0.01044	0.01386	0.01131	0.00950	0.34056	0.11472	0.02291	0.10800	0.02133	0.01618	0.00902	0.05031	0.00198	0.00544	0.10083	0.00440	0.00697
22	0.00700	0.00533	0.00723	0.07511	0.00982	0.00550	0.00565	0.00891	0.01069	0.01473	0.25369	0.08708	0.16744	0.01864	0.25717	0.00358	0.00615	0.00780	0.04399	0.00449
23	0.01112	0.01074	0.01666	0.27647	0.42122	0.05014	0.01334	0.01435	0.03790	0.01451	0.00971	0.01312	0.00796	0.00742	0.07297	0.00206	0.00677	0.00443	0.00247	0.00665
24	0.01202	0.00957	0.01118	0.01019	0.05008	0.01055	0.00766	0.24778	0.17086	0.02160	0.19830	0.05992	0.08350	0.00815	0.00622	0.00163	0.07300	0.00661	0.00465	0.00655
25	0.00674	0.00559	0.00593	0.00629	0.00723	0.04372	0.00440	0.00785	0.01057	0.01334	0.12149	0.36073	0.29169	0.08213	0.00756	0.00203	0.00312	0.01104	0.00443	0.00412
26	0.05324	0.05835	0.03120	0.01087	0.06920	0.05616	0.04367	0.08255	0.12356	0.13187	0.08149	0.01798	0.05012	0.00736	0.03492	0.00167	0.00499	0.02539	0.00403	0.11136
27	0.01062	0.01078	0.04146	0.01031	0.04906	0.09916	0.07259	0.01369	0.05677	0.01644	0.18337	0.01776	0.03831	0.00585	0.00487	0.00122	0.02083	0.00499	0.00348	0.33846

[dist]
# distance from previous block
# <min> <max>
1	15

[block]
# block no. 6 follows, 51 sequences, length 10
# corresponding to MSA columns:
# 924-933
name=unknown_G
#
# <colnr> <probs for GDERKNQSTAVLIFYWHMCP>
#	G	D	E	R	K	N	Q	S	T	A	V	L	I	F	Y	W	H	M	C	P
0	0.08893	0.11037	0.06212	0.01139	0.07000	0.09158	0.02504	0.16038	0.08769	0.10759	0.01115	0.01163	0.00837	0.00504	0.00432	0.00133	0.00526	0.00386	0.00363	0.13032
1	0.01082	0.17243	0.41274	0.01088	0.01614	0.01143	0.01245	0.01494	0.03588	0.05248	0.07176	0.01354	0.01063	0.04307	0.00533	0.00153	0.00576	0.00407	0.00276	0.09137
2	0.01335	0.03458	0.01172	0.04785	0.03457	0.00879	0.03429	0.06782	0.13287	0.21395	0.07523	0.01885	0.06692	0.00938	0.08478	0.00207	0.00512	0.00532	0.00435	0.12820
3	0.00667	0.00470	0.00613	0.00684	0.00722	0.00464	0.00473	0.00757	0.00889	0.01189	0.02234	0.42166	0.02586	0.24091	0.09271	0.00339	0.00465	0.11147	0.00393	0.00382
4	0.01280	0.17158	0.08385	0.00933	0.01256	0.04730	0.04508	0.05526	0.07347	0.14392	0.12278	0.04292	0.01611	0.08812	0.00673	0.00176	0.00486	0.01949	0.00386	0.03820
5	0.12536	0.13613	0.12476	0.01226	0.10672	0.08075	0.03085	0.03023	0.06596	0.12080	0.01271	0.10995	0.01099	0.00622	0.00452	0.00150	0.00528	0.00504	0.00340	0.00658
6	0.00703	0.00522	0.00765	0.00765	0.00844	0.00601	0.00583	0.00861	0.00782	0.01122	0.01339	0.02059	0.01284	0.11554	0.72989	0.00759	0.01233	0.00545	0.00267	0.00425
7	0.01059	0.20465	0.62901	0.01276	0.01934	0.01320	0.01599	0.01537	0.01029	0.01467	0.00838	0.00982	0.00624	0.00457	0.00433	0.00144	0.00682	0.00341	0.00208	0.00705
8	0.04747	0.00521	0.00630	0.00637	0.00717	0.00502	0.00436	0.00916	0.00971	0.07539	0.13492	0.26154	0.05026	0.30864	0.01277	0.00288	0.00368	0.04085	0.00416	0.00415
9	0.01048	0.17872	0.65401	0.01294	0.01962	0.01294	0.01630	0.01540	0.01030	0.01480	0.00844	0.00990	0.00624	0.00458	0.00438	0.00146	0.00688	0.00344	0.00208	0.00708

[dist]
# distance from previous block
# <min> <max>
0	8

[block]
# block no. 7 follows, 51 sequences, length 76
# corresponding to MSA columns:
# 942-1017
name=unknown_H
#
# <colnr> <probs for GDERKNQSTAVLIFYWHMCP>
#	G	D	E	R	K	N	Q	S	T	A	V	L	I	F	Y	W	H	M	C	P
0	0.01356	0.21927	0.28513	0.01159	0.04218	0.06195	0.01175	0.07722	0.05808	0.11418	0.03127	0.01180	0.00883	0.00508	0.00436	0.00138	0.00586	0.00384	0.00313	0.02956
1	0.01012	0.05750	0.72670	0.01356	0.02045	0.01179	0.01719	0.01611	0.05303	0.01567	0.00935	0.01071	0.00671	0.00476	0.00463	0.00154	0.00700	0.00370	0.00224	0.00725
2	0.00936	0.00615	0.00822	0.00738	0.00903	0.00582	0.03067	0.05095	0.03403	0.10538	0.49443	0.14681	0.05222	0.00994	0.00570	0.00161	0.00300	0.00880	0.00521	0.00529
3	0.00637	0.00455	0.00614	0.00724	0.00770	0.00432	0.00519	0.00752	0.00987	0.01312	0.04500	0.66236	0.03204	0.01493	0.00636	0.00203	0.00315	0.15343	0.00457	0.00411
4	0.01480	0.07935	0.07742	0.04154	0.03829	0.02419	0.08498	0.06592	0.05887	0.28732	0.08697	0.08969	0.01519	0.00674	0.00504	0.00155	0.00492	0.00584	0.00441	0.00698
5	0.05655	0.64485	0.02271	0.00907	0.01292	0.16000	0.00845	0.01558	0.01061	0.01217	0.00697	0.00806	0.00626	0.00438	0.00338	0.00111	0.00583	0.00273	0.00223	0.00615
6	0.00623	0.00447	0.00592	0.00699	0.00741	0.00420	0.00487	0.00723	0.00962	0.01273	0.02742	0.69070	0.05731	0.03651	0.00681	0.00209	0.00308	0.09787	0.00452	0.00403
7	0.06043	0.00860	0.01324	0.06835	0.28297	0.00927	0.02791	0.02801	0.03542	0.01469	0.01211	0.01819	0.01102	0.04379	0.27383	0.00381	0.02296	0.05669	0.00281	0.00591
8	0.01009	0.02511	0.78099	0.01394	0.02111	0.01151	0.01792	0.03581	0.01071	0.01597	0.00890	0.01041	0.00628	0.00470	0.00468	0.00155	0.00721	0.00365	0.00215	0.00729
9	0.00713	0.00505	0.00667	0.00674	0.00721	0.00545	0.00472	0.00807	0.00774	0.01070	0.01504	0.02764	0.01592	0.41677	0.38281	0.00605	0.00860	0.05105	0.00291	0.00372
10	0.03846	0.01207	0.21202	0.01104	0.01459	0.00838	0.11453	0.01408	0.04474	0.11539	0.06766	0.14595	0.03930	0.01086	0.08660	0.00232	0.00604	0.04624	0.00367	0.00606
11	0.00610	0.00467	0.00561	0.00614	0.00706	0.00418	0.00436	0.00732	0.01070	0.01380	0.13532	0.41915	0.31086	0.01358	0.00606	0.00182	0.00269	0.03177	0.00467	0.00415
12	0.07773	0.00855	0.01073	0.00847	0.01195	0.00799	0.00693	0.06147	0.06144	0.59681	0.01791	0.01610	0.01171	0.00598	0.00469	0.00150	0.00405	0.00477	0.07341	0.00782
13	0.07261	0.01132	0.01192	0.01004	0.01319	0.01278	0.00802	0.27714	0.43391	0.04338	0.04178	0.01600	0.01308	0.00636	0.00486	0.00158	0.00435	0.00507	0.00488	0.00772
14	0.01621	0.01313	0.11465	0.01333	0.01779	0.03420	0.22933	0.10862	0.08014	0.29955	0.01420	0.01428	0.00971	0.00535	0.00514	0.00156	0.00599	0.00496	0.00423	0.00760
15	0.00623	0.00489	0.00568	0.00598	0.00720	0.00433	0.00447	0.00766	0.01124	0.01428	0.16207	0.22322	0.42787	0.01284	0.00601	0.00178	0.00274	0.08259	0.00470	0.00423
16	0.00726	0.00502	0.00638	0.00634	0.00660	0.00538	0.00416	0.00770	0.00734	0.01009	0.01423	0.02697	0.01547	0.53247	0.25684	0.04964	0.02551	0.00638	0.00281	0.00341
17	0.03866	0.01006	0.01574	0.01292	0.01443	0.01230	0.15597	0.01334	0.05479	0.03990	0.00964	0.01341	0.00841	0.01277	0.16274	0.00308	0.40873	0.00481	0.00264	0.00567
18	0.41038	0.00981	0.00964	0.00795	0.01119	0.01063	0.00652	0.17638	0.03908	0.19338	0.01174	0.01181	0.00832	0.00533	0.00394	0.00149	0.00411	0.00377	0.06789	0.00665
19	0.00724	0.00514	0.00681	0.00767	0.00842	0.00503	0.00603	0.00873	0.01017	0.01333	0.04132	0.22958	0.05407	0.16059	0.00990	0.00262	0.00406	0.41091	0.00427	0.00411
20	0.00679	0.00500	0.00639	0.00723	0.00820	0.00471	0.00568	0.00834	0.01061	0.01372	0.03166	0.31752	0.20728	0.01375	0.00630	0.00200	0.00342	0.31160	0.02556	0.00426
21	0.01062	0.19845	0.61130	0.01300	0.01954	0.01317	0.03901	0.01539	0.01033	0.01471	0.00842	0.00993	0.00628	0.00455	0.00438	0.00145	0.00686	0.00348	0.00209	0.00704
22	0.19456	0.01529	0.01243	0.01038	0.01364	0.27458	0.00825	0.26159	0.01571	0.13307	0.01047	0.01074	0.00760	0.00537	0.00437	0.00142	0.00604	0.00372	0.00391	0.00685
23	0.01964	0.01222	0.01434	0.01109	0.01489	0.10860	0.08134	0.23812	0.01639	0.40941	0.01488	0.01402	0.00991	0.00572	0.00495	0.00149	0.00550	0.00466	0.00497	0.00787
24	0.01612	0.00969	0.01123	0.00950	0.01269	0.01024	0.00756	0.02526	0.48104	0.32957	0.01976	0.01770	0.01388	0.00644	0.00498	0.00161	0.00401	0.00531	0.00543	0.00801
25	0.01866	0.01212	0.01342	0.01037	0.01408	0.01301	0.00854	0.58573	0.02053	0.17441	0.01351	0.01317	0.00936	0.00592	0.00482	0.00146	0.00496	0.00453	0.06328	0.00810
26	0.00986	0.02542	0.80183	0.01401	0.02127	0.01141	0.01816	0.01556	0.01038	0.01556	0.00882	0.01038	0.00623	0.00467	0.00467	0.00156	0.00726	0.00363	0.00208	0.00726
27	0.01052	0.01743	0.32871	0.01702	0.02266	0.01147	0.42915	0.01508	0.01109	0.01550	0.01223	0.01446	0.06085	0.00492	0.00536	0.00162	0.00749	0.00527	0.00247	0.00671
28	0.03847	0.01348	0.01446	0.01111	0.01502	0.01487	0.00918	0.73692	0.02246	0.05667	0.01194	0.01188	0.00841	0.00587	0.00487	0.00148	0.00533	0.00440	0.00491	0.00829
29	0.01887	0.01266	0.01506	0.01144	0.01542	0.01345	0.06158	0.57770	0.02052	0.18269	0.01318	0.01288	0.00905	0.00582	0.00498	0.00150	0.00536	0.00462	0.00498	0.00824
30	0.00928	0.00873	0.01474	0.81548	0.03385	0.01092	0.01365	0.01256	0.00983	0.01256	0.00873	0.01310	0.00655	0.00491	0.00491	0.00164	0.00655	0.00437	0.00218	0.00546
31	0.00785	0.00561	0.00783	0.00885	0.00999	0.00559	0.00769	0.01012	0.01149	0.01505	0.07858	0.05415	0.02952	0.01333	0.00672	0.00221	0.00437	0.71191	0.00459	0.00453
32	0.01632	0.01186	0.01361	0.01110	0.01447	0.10030	0.08598	0.08129	0.32959	0.25591	0.01678	0.01577	0.01190	0.00600	0.00499	0.00156	0.00510	0.00504	0.00479	0.00765
33	0.02205	0.00836	0.01140	0.00874	0.01254	0.00722	0.00722	0.02395	0.01407	0.80004	0.01939	0.01673	0.01216	0.00608	0.00494	0.00152	0.00418	0.00494	0.00608	0.00836
34	0.00792	0.00566	0.00792	0.00905	0.01018	0.00566	0.00792	0.01018	0.01131	0.01471	0.02602	0.05543	0.02828	0.01358	0.00679	0.00226	0.00453	0.76356	0.00453	0.00453
35	0.01008	0.08050	0.74872	0.01362	0.02068	0.01196	0.01749	0.01550	0.01035	0.01529	0.00868	0.01020	0.00623	0.00464	0.00457	0.00152	0.00713	0.00356	0.00208	0.00720
36	0.04325	0.02301	0.01373	0.01248	0.01502	0.78406	0.00937	0.01947	0.01376	0.01232	0.00757	0.00884	0.00630	0.00505	0.00439	0.00127	0.00871	0.00315	0.00255	0.00569
37	0.02205	0.00836	0.01140	0.00874	0.01254	0.00722	0.00722	0.02395	0.01407	0.80004	0.01939	0.01673	0.01216	0.00608	0.00494	0.00152	0.00418	0.00494	0.00608	0.00836
38	0.01599	0.01243	0.01323	0.01076	0.01421	0.01398	0.00869	0.46586	0.34188	0.02663	0.01522	0.01452	0.01113	0.00622	0.00495	0.00155	0.00477	0.00490	0.00495	0.00812
39	0.07982	0.01211	0.01559	0.01988	0.39696	0.06453	0.01139	0.07589	0.23769	0.01869	0.01226	0.01338	0.00963	0.00522	0.00474	0.00151	0.00528	0.00451	0.00342	0.00749
40	0.01836	0.02342	0.01393	0.01266	0.01519	0.80756	0.00950	0.01962	0.01393	0.01203	0.00760	0.00886	0.00633	0.00506	0.00443	0.00127	0.00886	0.00317	0.00253	0.00570
41	0.09710	0.00847	0.01103	0.00854	0.01227	0.00756	0.00705	0.02310	0.01356	0.73052	0.01827	0.01595	0.01155	0.00595	0.00477	0.00152	0.00415	0.00474	0.00581	0.00809
42	0.37880	0.01456	0.16137	0.02998	0.01564	0.06302	0.10509	0.14483	0.01203	0.02069	0.00853	0.00991	0.00637	0.00480	0.00414	0.00152	0.00567	0.00361	0.00305	0.00639
43	0.01141	0.40521	0.43561	0.01137	0.01718	0.01520	0.01356	0.01516	0.01019	0.01367	0.00788	0.00920	0.00626	0.00445	0.00395	0.00132	0.00632	0.00316	0.00209	0.00681
44	0.00686	0.00490	0.00670	0.00784	0.00850	0.00474	0.00607	0.00834	0.01026	0.01352	0.02661	0.47846	0.03060	0.01458	0.00650	0.00212	0.00360	0.35102	0.00455	0.00423
45	0.00604	0.00499	0.00530	0.00522	0.00678	0.00425	0.00391	0.00750	0.01174	0.01456	0.19841	0.04518	0.64522	0.01197	0.00581	0.00164	0.00246	0.01008	0.00473	0.00425
46	0.18181	0.36750	0.09076	0.01066	0.05994	0.03993	0.02244	0.14560	0.01216	0.01767	0.00808	0.00917	0.00656	0.00464	0.00376	0.00130	0.00537	0.00321	0.00281	0.00662
47	0.01598	0.01321	0.06218	0.08451	0.19714	0.02576	0.01136	0.40700	0.03280	0.08419	0.01146	0.01238	0.00834	0.00541	0.00489	0.00149	0.00564	0.00440	0.00400	0.00786
48	0.00607	0.00431	0.00568	0.00674	0.00701	0.00404	0.00445	0.00686	0.00925	0.01234	0.02629	0.76989	0.03150	0.07096	0.00756	0.00219	0.00298	0.01350	0.00445	0.00392
49	0.01204	0.01033	0.01169	0.11993	0.01564	0.01199	0.00858	0.06838	0.61295	0.02006	0.04134	0.01779	0.01440	0.00648	0.00501	0.00165	0.00430	0.00543	0.00462	0.00740
50	0.00618	0.00455	0.00582	0.00678	0.00727	0.00428	0.00459	0.00751	0.03572	0.01288	0.02894	0.72552	0.10207	0.01483	0.00619	0.00195	0.00285	0.01336	0.00458	0.00413
51	0.00889	0.00816	0.01390	0.07109	0.07407	0.00789	0.20370	0.03940	0.01243	0.01682	0.28064	0.08171	0.14379	0.00832	0.00566	0.00162	0.00460	0.00784	0.00399	0.00546
52	0.00702	0.00527	0.00790	0.00790	0.00878	0.00614	0.00614	0.00878	0.00790	0.01141	0.01316	0.01931	0.01229	0.03686	0.80782	0.00790	0.01316	0.00527	0.00263	0.00439
53	0.01836	0.02342	0.01393	0.01266	0.01519	0.80756	0.00950	0.01962	0.01393	0.01203	0.00760	0.00886	0.00633	0.00506	0.00443	0.00127	0.00886	0.00317	0.00253	0.00570
54	0.01040	0.00988	0.01677	0.50926	0.33129	0.01121	0.01421	0.01354	0.01036	0.01392	0.00893	0.01274	0.00703	0.00470	0.00489	0.00157	0.00627	0.00437	0.00228	0.00637
55	0.02205	0.00836	0.01140	0.00874	0.01254	0.00722	0.00722	0.02395	0.01407	0.80004	0.01939	0.01673	0.01216	0.00608	0.00494	0.00152	0.00418	0.00494	0.00608	0.00836
56	0.00928	0.00873	0.01474	0.81548	0.03385	0.01092	0.01365	0.01256	0.00983	0.01256	0.00873	0.01310	0.00655	0.00491	0.00491	0.00164	0.00655	0.00437	0.00218	0.00546
57	0.01160	0.01326	0.02900	0.02071	0.02568	0.01243	0.77879	0.01574	0.01160	0.01574	0.00994	0.01326	0.00746	0.00414	0.00580	0.00166	0.00829	0.00580	0.00249	0.00663
58	0.01997	0.01027	0.01241	0.00967	0.01341	0.01024	0.00794	0.25927	0.09840	0.47885	0.01709	0.01536	0.01128	0.00609	0.00494	0.00152	0.00453	0.00485	0.00561	0.00830
59	0.00957	0.00903	0.01527	0.73592	0.11113	0.01100	0.01379	0.01281	0.00996	0.01291	0.00879	0.01301	0.00668	0.00486	0.00491	0.00162	0.00648	0.00437	0.00221	0.00569
60	0.00581	0.00498	0.00498	0.00498	0.00664	0.00415	0.00373	0.00705	0.01120	0.01328	0.04978	0.04729	0.79464	0.01245	0.00581	0.00166	0.00249	0.01037	0.00456	0.00415
61	0.01222	0.01056	0.01111	0.01000	0.01278	0.01222	0.00778	0.02611	0.78776	0.02056	0.02000	0.01833	0.01500	0.00667	0.00500	0.00167	0.00389	0.00556	0.00500	0.00778
62	0.01222	0.01056	0.01111	0.01000	0.01278	0.01222	0.00778	0.02611	0.78776	0.02056	0.02000	0.01833	0.01500	0.00667	0.00500	0.00167	0.00389	0.00556	0.00500	0.00778
