[name]
unknown

[dist]
# distance from previous block
# <min> <max>
21	388

[block]
# block no. 0 follows, 36 sequences, length 6
# corresponding to MSA columns:
# 444-449
name=unknown_A
#
# <colnr> <probs for GDERKNQSTAVLIFYWHMCP>
#	G	D	E	R	K	N	Q	S	T	A	V	L	I	F	Y	W	H	M	C	P
0	0.01238	0.00886	0.01251	0.09276	0.05904	0.00923	0.02891	0.05114	0.04529	0.08034	0.12843	0.19652	0.04640	0.04720	0.05772	0.02723	0.02646	0.02455	0.03831	0.00673
1	0.01904	0.14924	0.07405	0.01297	0.01739	0.04874	0.01140	0.27560	0.08691	0.09807	0.01729	0.10320	0.01456	0.00857	0.00651	0.00191	0.03362	0.00666	0.00519	0.00905
2	0.01425	0.01031	0.01371	0.01161	0.01442	0.01072	0.06225	0.09617	0.12082	0.10977	0.21700	0.07460	0.09789	0.01316	0.05659	0.00260	0.05154	0.00904	0.00589	0.00767
3	0.01326	0.04852	0.18499	0.34979	0.03148	0.01457	0.05635	0.05950	0.01364	0.01879	0.01115	0.01488	0.00850	0.00624	0.00681	0.00192	0.05381	0.00513	0.00306	0.09761
4	0.01321	0.00832	0.01008	0.00931	0.01142	0.00844	0.00724	0.04662	0.08333	0.12210	0.17722	0.13135	0.10707	0.01186	0.00743	0.00206	0.04632	0.04867	0.14097	0.00697
5	0.01142	0.00981	0.01221	0.05612	0.01466	0.05017	0.05424	0.07087	0.05246	0.02069	0.19609	0.12703	0.14024	0.03879	0.08263	0.00302	0.00634	0.04144	0.00530	0.00647

[dist]
# distance from previous block
# <min> <max>
2	4

[block]
# block no. 1 follows, 36 sequences, length 26
# corresponding to MSA columns:
# 454-462,471-487
name=unknown_B
#
# <colnr> <probs for GDERKNQSTAVLIFYWHMCP>
#	G	D	E	R	K	N	Q	S	T	A	V	L	I	F	Y	W	H	M	C	P
0	0.01418	0.08527	0.01632	0.01114	0.01596	0.05576	0.04102	0.04121	0.03808	0.01990	0.01281	0.04391	0.01131	0.00618	0.00567	0.00131	0.03361	0.02281	0.00382	0.51975
1	0.00852	0.00605	0.00698	0.00711	0.00774	0.00574	0.00451	0.00935	0.01156	0.01524	0.12776	0.14660	0.16077	0.43171	0.02067	0.00428	0.00476	0.01130	0.00484	0.00451
2	0.01600	0.01412	0.05623	0.05078	0.01718	0.05569	0.01022	0.19993	0.14089	0.05558	0.06751	0.09462	0.08431	0.00935	0.00635	0.00190	0.00578	0.00770	0.00542	0.10044
3	0.01600	0.03479	0.09556	0.01257	0.04078	0.01055	0.04671	0.07316	0.05555	0.19126	0.05902	0.12511	0.09786	0.03930	0.00745	0.00211	0.00562	0.00843	0.00544	0.07272
4	0.08894	0.13358	0.11423	0.01275	0.01766	0.03371	0.01166	0.11404	0.27270	0.11192	0.01771	0.01718	0.01305	0.00715	0.00567	0.00189	0.00618	0.00549	0.00515	0.00934
5	0.01555	0.20159	0.06570	0.01536	0.05172	0.01481	0.12128	0.06865	0.03241	0.08794	0.01936	0.03169	0.01799	0.00946	0.00657	0.00210	0.00700	0.21830	0.00451	0.00800
6	0.26141	0.05472	0.01023	0.04928	0.01255	0.00975	0.00733	0.01332	0.01248	0.02059	0.07784	0.25589	0.09784	0.01260	0.00632	0.00220	0.00454	0.08018	0.00491	0.00601
7	0.01395	0.25594	0.21306	0.01157	0.01642	0.01466	0.01202	0.01826	0.05587	0.05735	0.01646	0.10790	0.01477	0.03450	0.00626	0.00191	0.00620	0.00636	0.12882	0.00773
8	0.01276	0.01271	0.13284	0.01060	0.01444	0.00929	0.00966	0.07037	0.06618	0.09189	0.07024	0.17770	0.19072	0.01162	0.00669	0.00200	0.00501	0.00987	0.00537	0.09003
9	0.05002	0.00890	0.01135	0.00974	0.01301	0.00814	0.00781	0.02192	0.04035	0.38826	0.10649	0.09671	0.08428	0.01059	0.00658	0.00204	0.00456	0.05932	0.06164	0.00830
10	0.01827	0.01158	0.03853	0.04822	0.01607	0.01098	0.00941	0.15415	0.08884	0.24908	0.15308	0.02973	0.12557	0.00965	0.00660	0.00197	0.00512	0.00799	0.00645	0.00870
11	0.01454	0.05048	0.01486	0.01203	0.02908	0.01135	0.07772	0.09292	0.14108	0.07174	0.07324	0.11166	0.03598	0.00943	0.00621	0.00191	0.00514	0.03446	0.15819	0.04797
12	0.00985	0.00574	0.00794	0.00817	0.00841	0.00574	0.00550	0.00893	0.00957	0.01285	0.04485	0.11817	0.02038	0.18255	0.06026	0.43274	0.00583	0.04523	0.00365	0.00364
13	0.00759	0.00542	0.00723	0.00868	0.00904	0.00506	0.00578	0.00868	0.01193	0.01591	0.03434	0.77697	0.04121	0.01952	0.00795	0.00253	0.00361	0.01771	0.00578	0.00506
14	0.01662	0.69184	0.05612	0.01139	0.01651	0.05190	0.01129	0.01875	0.01271	0.01487	0.00876	0.01033	0.00800	0.00567	0.00494	0.00143	0.04471	0.00351	0.00269	0.00795
15	0.01904	0.01578	0.06710	0.01874	0.05276	0.06750	0.25946	0.02263	0.01535	0.24966	0.04879	0.01852	0.01328	0.00715	0.00822	0.00206	0.09395	0.00649	0.00469	0.00883
16	0.78366	0.01233	0.00965	0.00851	0.01242	0.01425	0.00701	0.05463	0.01157	0.02854	0.00900	0.01037	0.00695	0.00587	0.00398	0.00192	0.00492	0.00349	0.00398	0.00695
17	0.01493	0.00765	0.00930	0.00840	0.01089	0.00703	0.00646	0.01786	0.04724	0.23334	0.11736	0.13784	0.15251	0.01133	0.00640	0.00195	0.00385	0.00962	0.18884	0.00720
18	0.01470	0.04670	0.05575	0.14149	0.03863	0.03154	0.07976	0.11707	0.10464	0.03603	0.04385	0.11861	0.01648	0.00923	0.00851	0.00215	0.11494	0.00757	0.00439	0.00795
19	0.01443	0.01319	0.02144	0.08967	0.27060	0.01410	0.11742	0.01995	0.12089	0.04503	0.05827	0.02129	0.01520	0.04284	0.00919	0.00227	0.08799	0.02376	0.00400	0.00848
20	0.01291	0.00732	0.00910	0.00818	0.01060	0.00643	0.00630	0.01518	0.01627	0.19628	0.31056	0.08394	0.26684	0.01287	0.00712	0.00203	0.00362	0.01101	0.00666	0.00678
21	0.01008	0.00632	0.00802	0.00812	0.00935	0.00583	0.00575	0.01185	0.01411	0.08269	0.24983	0.31777	0.09340	0.09881	0.01001	0.00260	0.00375	0.01290	0.04311	0.00571
22	0.00933	0.00659	0.00792	0.00782	0.00898	0.00642	0.00553	0.01221	0.05924	0.02020	0.32687	0.12901	0.08021	0.19294	0.01284	0.00298	0.00395	0.02709	0.07438	0.00550
23	0.01658	0.33605	0.10347	0.03916	0.01901	0.05017	0.05161	0.06379	0.03318	0.06947	0.05046	0.01485	0.01184	0.00675	0.00665	0.00173	0.07870	0.00488	0.00366	0.03800
24	0.12490	0.00996	0.01088	0.00972	0.01263	0.03255	0.00755	0.02055	0.14092	0.19238	0.18626	0.11800	0.08709	0.01073	0.00647	0.00204	0.00445	0.00898	0.00623	0.00769
25	0.01831	0.18382	0.06219	0.01274	0.04173	0.01561	0.01083	0.14048	0.14119	0.14112	0.04899	0.01738	0.01409	0.00690	0.00557	0.00168	0.00590	0.00540	0.00506	0.12103

[dist]
# distance from previous block
# <min> <max>
2	11

[block]
# block no. 2 follows, 36 sequences, length 20
# corresponding to MSA columns:
# 500-506,509-521
name=unknown_C
#
# <colnr> <probs for GDERKNQSTAVLIFYWHMCP>
#	G	D	E	R	K	N	Q	S	T	A	V	L	I	F	Y	W	H	M	C	P
0	0.15557	0.04920	0.05355	0.00955	0.01223	0.01014	0.00795	0.01643	0.12745	0.02183	0.13990	0.19108	0.08545	0.01174	0.00637	0.00211	0.00446	0.04608	0.04217	0.00673
1	0.01655	0.16920	0.09021	0.04249	0.01771	0.01293	0.07150	0.02027	0.05107	0.21216	0.06334	0.05829	0.13057	0.00888	0.00617	0.00190	0.00597	0.00747	0.00509	0.00822
2	0.01774	0.00902	0.01109	0.00959	0.01247	0.03748	0.00746	0.02010	0.01665	0.34118	0.24831	0.13342	0.05406	0.01106	0.00676	0.00199	0.00441	0.00949	0.03981	0.00788
3	0.02020	0.07803	0.04197	0.01364	0.05337	0.01487	0.01085	0.31933	0.05349	0.17345	0.02062	0.11442	0.03980	0.00905	0.00630	0.00194	0.00601	0.00737	0.00589	0.00938
4	0.05249	0.16859	0.19695	0.14197	0.10174	0.01570	0.05653	0.01948	0.06871	0.04726	0.01386	0.06545	0.01161	0.00694	0.00579	0.00190	0.00738	0.00584	0.00349	0.00833
5	0.00788	0.00581	0.00721	0.00793	0.00879	0.00532	0.00544	0.00930	0.01315	0.01739	0.16293	0.45285	0.17765	0.07657	0.00957	0.00262	0.00360	0.01503	0.00582	0.00514
6	0.01292	0.01107	0.01292	0.00923	0.01477	0.00831	0.00738	0.01569	0.01292	0.02030	0.01107	0.01292	0.00923	0.00461	0.00461	0.00092	0.00461	0.00369	0.00369	0.81912
7	0.01772	0.01260	0.01931	0.19675	0.18415	0.01277	0.05982	0.09447	0.01615	0.18945	0.03071	0.03700	0.01260	0.00682	0.00622	0.00187	0.00683	0.00610	0.00462	0.08405
8	0.01799	0.06564	0.28291	0.01529	0.02118	0.09033	0.01561	0.20745	0.04949	0.06982	0.01311	0.01425	0.00965	0.00695	0.00708	0.00191	0.07118	0.00500	0.00417	0.03098
9	0.01177	0.01107	0.01869	0.76606	0.04291	0.01384	0.01730	0.01592	0.01246	0.01592	0.01107	0.01661	0.00831	0.00623	0.00623	0.00208	0.00831	0.00554	0.00277	0.00692
10	0.00826	0.00606	0.00774	0.00793	0.00912	0.00555	0.00572	0.01045	0.01542	0.02114	0.43570	0.28105	0.13225	0.01525	0.00754	0.00216	0.00318	0.01354	0.00639	0.00555
11	0.09143	0.00849	0.00942	0.00889	0.01105	0.04022	0.00691	0.01467	0.01529	0.10895	0.29352	0.08213	0.13836	0.03142	0.04234	0.00255	0.00483	0.07722	0.00595	0.00638
12	0.01361	0.00703	0.00945	0.00927	0.01105	0.00634	0.00677	0.01530	0.01432	0.22762	0.11714	0.47033	0.03591	0.01529	0.00739	0.00229	0.00402	0.01363	0.00647	0.00676
13	0.01608	0.01322	0.01844	0.25040	0.02608	0.01503	0.07604	0.21883	0.08284	0.04837	0.01731	0.04982	0.04385	0.00810	0.00751	0.00207	0.06563	0.00671	0.02535	0.00831
14	0.00839	0.00604	0.00745	0.00770	0.00871	0.00559	0.00539	0.00986	0.01361	0.01820	0.26069	0.23444	0.17639	0.13935	0.01224	0.03995	0.00384	0.03143	0.00566	0.00506
15	0.04594	0.01388	0.01714	0.07816	0.10989	0.04622	0.03499	0.14934	0.09846	0.06457	0.04838	0.01712	0.01311	0.00679	0.00641	0.00173	0.03743	0.00551	0.00461	0.20032
16	0.04272	0.10125	0.01342	0.00974	0.01246	0.01109	0.00773	0.14705	0.01723	0.04839	0.26213	0.15269	0.03229	0.04613	0.03082	0.00234	0.00502	0.00930	0.00560	0.04261
17	0.08062	0.20221	0.05341	0.01180	0.01615	0.01553	0.03872	0.14341	0.08634	0.09629	0.04789	0.09876	0.04231	0.00848	0.00576	0.00184	0.00586	0.00684	0.00492	0.03287
18	0.08070	0.25219	0.10935	0.01220	0.01711	0.01732	0.01151	0.16382	0.09260	0.08237	0.01589	0.07386	0.01342	0.00778	0.00553	0.00183	0.00632	0.02290	0.00460	0.00871
19	0.01673	0.04995	0.04143	0.05786	0.05043	0.05188	0.00993	0.07966	0.04499	0.19543	0.08698	0.19888	0.02310	0.01034	0.00650	0.00198	0.00559	0.00884	0.00557	0.05394

[dist]
# distance from previous block
# <min> <max>
8	35

[block]
# block no. 3 follows, 36 sequences, length 11
# corresponding to MSA columns:
# 557-567
name=unknown_D
#
# <colnr> <probs for GDERKNQSTAVLIFYWHMCP>
#	G	D	E	R	K	N	Q	S	T	A	V	L	I	F	Y	W	H	M	C	P
0	0.00987	0.00747	0.00940	0.07234	0.01287	0.00765	0.00730	0.04341	0.06664	0.01938	0.14174	0.26656	0.12420	0.07238	0.02854	0.00272	0.00470	0.05455	0.04232	0.00596
1	0.01889	0.01071	0.01273	0.01067	0.01416	0.01075	0.00845	0.11848	0.16519	0.27773	0.12110	0.05936	0.06521	0.02875	0.00710	0.00208	0.00482	0.00795	0.04704	0.00886
2	0.18702	0.04658	0.01694	0.01379	0.05079	0.05328	0.01078	0.38767	0.07241	0.08036	0.01439	0.01461	0.01046	0.00699	0.00563	0.00187	0.00643	0.00513	0.00542	0.00945
3	0.44700	0.01266	0.01226	0.05719	0.01581	0.01474	0.00906	0.09471	0.15953	0.02694	0.01407	0.01686	0.01126	0.00734	0.00577	0.00205	0.04111	0.03927	0.00459	0.00775
4	0.00829	0.00617	0.00756	0.00778	0.00903	0.00564	0.00565	0.01022	0.01457	0.01944	0.31047	0.21149	0.21639	0.08447	0.00976	0.00254	0.00359	0.05558	0.00601	0.00535
5	0.01436	0.04298	0.01345	0.01077	0.01364	0.01122	0.03569	0.20606	0.05174	0.06040	0.18618	0.12429	0.10761	0.05704	0.03381	0.00252	0.00542	0.00953	0.00583	0.00746
6	0.00796	0.00600	0.00727	0.00763	0.00884	0.00541	0.00542	0.00971	0.01424	0.01880	0.25743	0.30826	0.25630	0.04707	0.00855	0.00237	0.00337	0.01402	0.00603	0.00532
7	0.01485	0.04891	0.12385	0.04661	0.05311	0.07112	0.08435	0.06813	0.10453	0.06216	0.17045	0.05788	0.02262	0.00842	0.00643	0.00192	0.00661	0.00733	0.00483	0.03588
8	0.03088	0.00918	0.03346	0.00926	0.01112	0.03333	0.00713	0.03235	0.05856	0.03309	0.08548	0.20828	0.19106	0.12723	0.01130	0.00277	0.03621	0.04487	0.00523	0.02922
9	0.04831	0.18425	0.08702	0.06420	0.05515	0.01585	0.02806	0.08298	0.14764	0.09757	0.03971	0.01675	0.01298	0.00666	0.00554	0.00174	0.00628	0.00530	0.00451	0.08950
10	0.10553	0.13961	0.01869	0.01268	0.01676	0.09552	0.01058	0.23680	0.04819	0.14739	0.01427	0.01512	0.01072	0.02480	0.00742	0.00195	0.07501	0.00507	0.00497	0.00890

[dist]
# distance from previous block
# <min> <max>
40	101

[block]
# block no. 4 follows, 36 sequences, length 96
# corresponding to MSA columns:
# 683-710,712-719,740-799
name=unknown_E
#
# <colnr> <probs for GDERKNQSTAVLIFYWHMCP>
#	G	D	E	R	K	N	Q	S	T	A	V	L	I	F	Y	W	H	M	C	P
0	0.07108	0.12095	0.01680	0.05878	0.01729	0.03740	0.00985	0.10326	0.14388	0.20909	0.03522	0.06030	0.01523	0.00778	0.00578	0.00183	0.00575	0.00618	0.00547	0.06808
1	0.05197	0.03547	0.03510	0.04299	0.01622	0.02789	0.04882	0.03942	0.05331	0.24792	0.16408	0.05795	0.02429	0.02574	0.02278	0.00220	0.00571	0.03730	0.00582	0.05504
2	0.01079	0.08864	0.03867	0.03409	0.03876	0.01003	0.04662	0.01474	0.08808	0.01951	0.22576	0.12681	0.11314	0.10547	0.00983	0.00250	0.00496	0.00994	0.00514	0.00650
3	0.01625	0.38849	0.06914	0.01352	0.01853	0.04979	0.11608	0.07368	0.03672	0.04036	0.03234	0.04170	0.03634	0.00682	0.00534	0.00167	0.00705	0.00552	0.03256	0.00811
4	0.04278	0.00846	0.01067	0.00933	0.01222	0.00756	0.00712	0.01848	0.03145	0.28220	0.10505	0.21701	0.07360	0.05474	0.00806	0.00223	0.00443	0.00997	0.00623	0.08841
5	0.43642	0.01094	0.01065	0.00912	0.01289	0.01165	0.00740	0.02174	0.06877	0.21718	0.06591	0.01866	0.03701	0.00735	0.00505	0.00193	0.00470	0.00537	0.03938	0.00786
6	0.06708	0.05169	0.15094	0.11017	0.04472	0.01160	0.05978	0.03259	0.03540	0.05925	0.03450	0.21404	0.02080	0.01066	0.00665	0.00218	0.00645	0.06974	0.00442	0.00736
7	0.05289	0.01239	0.01488	0.01160	0.01617	0.01219	0.00953	0.22995	0.03968	0.44284	0.02224	0.02032	0.03592	0.00782	0.00613	0.00190	0.00556	0.00618	0.04173	0.01008
8	0.00892	0.00610	0.00737	0.00749	0.00770	0.00626	0.00461	0.00938	0.00945	0.01278	0.02029	0.09583	0.02291	0.59719	0.15225	0.00644	0.00765	0.00934	0.00386	0.00418
9	0.04215	0.00791	0.00980	0.00870	0.01133	0.00724	0.00682	0.01730	0.03574	0.22568	0.29825	0.06409	0.16541	0.01172	0.00686	0.00201	0.00388	0.03391	0.03399	0.00720
10	0.06414	0.03983	0.02212	0.09361	0.12038	0.01398	0.17242	0.08713	0.01608	0.21702	0.01610	0.01916	0.01199	0.00705	0.00700	0.00202	0.04050	0.03578	0.00474	0.00896
11	0.01145	0.00613	0.00635	0.00636	0.00789	0.00619	0.00484	0.01473	0.03494	0.02267	0.02227	0.02617	0.04152	0.00915	0.02773	0.00181	0.00350	0.03038	0.71002	0.00590
12	0.01153	0.00683	0.00870	0.00901	0.01044	0.00639	0.00650	0.04291	0.01384	0.12332	0.03333	0.51529	0.08577	0.01621	0.00739	0.00233	0.00399	0.03531	0.05474	0.00618
13	0.01266	0.01199	0.02030	0.58808	0.21391	0.01408	0.01775	0.01670	0.01288	0.01700	0.01123	0.01632	0.00869	0.00606	0.00621	0.00202	0.00808	0.00554	0.00285	0.00764
14	0.01866	0.01496	0.01587	0.01332	0.01741	0.01698	0.01063	0.29910	0.45976	0.03117	0.02134	0.02004	0.01576	0.00808	0.00630	0.00202	0.00567	0.00649	0.00630	0.01015
15	0.01666	0.78478	0.03265	0.01066	0.01599	0.02465	0.01066	0.01866	0.01266	0.01466	0.00866	0.00999	0.00800	0.00533	0.00400	0.00133	0.00666	0.00333	0.00267	0.00800
16	0.01177	0.01107	0.01869	0.76606	0.04291	0.01384	0.01730	0.01592	0.01246	0.01592	0.01107	0.01661	0.00831	0.00623	0.00623	0.00208	0.00831	0.00554	0.00277	0.00692
17	0.01380	0.05827	0.03651	0.01008	0.01501	0.01023	0.00835	0.03757	0.08284	0.04903	0.01503	0.08251	0.01320	0.00660	0.00519	0.00130	0.00491	0.00543	0.00427	0.53985
18	0.01666	0.78478	0.03265	0.01066	0.01599	0.02465	0.01066	0.01866	0.01266	0.01466	0.00866	0.00999	0.00800	0.00533	0.00400	0.00133	0.00666	0.00333	0.00267	0.00800
19	0.74780	0.01231	0.01070	0.01106	0.08170	0.01406	0.00793	0.01839	0.01095	0.02723	0.00897	0.01063	0.00705	0.00576	0.00408	0.00192	0.00507	0.00358	0.00378	0.00705
20	0.00779	0.00554	0.00737	0.00876	0.00917	0.00522	0.00594	0.00893	0.01195	0.01591	0.03369	0.70859	0.04018	0.04916	0.00892	0.00269	0.00383	0.05562	0.00570	0.00505
21	0.00901	0.00622	0.00771	0.00769	0.00804	0.00649	0.00492	0.00972	0.00968	0.01326	0.04974	0.03674	0.02235	0.55522	0.22096	0.00691	0.00870	0.00853	0.00379	0.00434
22	0.01772	0.01270	0.01409	0.01215	0.01605	0.01383	0.00957	0.03147	0.54864	0.16370	0.02430	0.02220	0.01771	0.00807	0.00622	0.00200	0.00498	0.00668	0.00643	0.06148
23	0.01550	0.01338	0.01409	0.01268	0.01620	0.01550	0.00986	0.03311	0.73091	0.02606	0.02536	0.02325	0.01902	0.00845	0.00634	0.00211	0.00493	0.00704	0.00634	0.00986
24	0.00876	0.00637	0.00825	0.00778	0.00927	0.00585	0.00583	0.01165	0.01750	0.02467	0.71246	0.04707	0.08540	0.01286	0.00735	0.00197	0.00295	0.01134	0.00682	0.00585
25	0.00882	0.00637	0.00833	0.00784	0.00931	0.00588	0.00588	0.01176	0.01764	0.02499	0.73888	0.04654	0.05879	0.01274	0.00735	0.00196	0.00294	0.01127	0.00686	0.00588
26	0.01644	0.00947	0.01109	0.00969	0.01264	0.00964	0.00759	0.02371	0.23432	0.21116	0.17164	0.02754	0.02562	0.00887	0.00607	0.00188	0.00415	0.00743	0.19273	0.00830
27	0.01693	0.56735	0.02759	0.01125	0.01615	0.02204	0.01049	0.04670	0.17256	0.03663	0.01299	0.01339	0.01072	0.00616	0.00465	0.00154	0.00625	0.00431	0.00373	0.00857
28	0.01314	0.02161	0.38271	0.22736	0.02873	0.01366	0.01830	0.02016	0.09677	0.05471	0.01467	0.05555	0.01141	0.00710	0.00618	0.00205	0.00797	0.00592	0.00351	0.00849
29	0.03946	0.01513	0.01550	0.01264	0.01667	0.09751	0.01019	0.33706	0.02189	0.20855	0.01880	0.05299	0.01476	0.03598	0.00717	0.00207	0.00656	0.04512	0.03272	0.00922
30	0.74026	0.01392	0.01006	0.00902	0.01281	0.09244	0.00731	0.01901	0.01135	0.02661	0.00878	0.01024	0.00688	0.00585	0.00404	0.00189	0.00550	0.00344	0.00379	0.00680
31	0.00969	0.01137	0.14344	0.00976	0.01277	0.00781	0.00911	0.01395	0.04654	0.02360	0.53744	0.04025	0.08698	0.01149	0.00705	0.00198	0.00418	0.00998	0.00600	0.00662
32	0.02704	0.01033	0.01397	0.01079	0.01542	0.00897	0.00889	0.02948	0.01757	0.70595	0.02434	0.02132	0.01545	0.00769	0.00616	0.00190	0.00517	0.00624	0.05298	0.01033
33	0.00759	0.00542	0.00723	0.00868	0.00904	0.00506	0.00578	0.00868	0.01193	0.01591	0.03434	0.77697	0.04121	0.01952	0.00795	0.00253	0.00361	0.01771	0.00578	0.00506
34	0.82504	0.01205	0.00916	0.00819	0.01205	0.01398	0.00675	0.01832	0.01060	0.02795	0.00868	0.01012	0.00675	0.00578	0.00386	0.00193	0.00482	0.00337	0.00386	0.00675
35	0.00759	0.00542	0.00723	0.00868	0.00904	0.00506	0.00578	0.00868	0.01193	0.01591	0.03434	0.77697	0.04121	0.01952	0.00795	0.00253	0.00361	0.01771	0.00578	0.00506
36	0.00882	0.00637	0.00833	0.00784	0.00931	0.00588	0.00588	0.01176	0.01764	0.02499	0.73888	0.04654	0.05879	0.01274	0.00735	0.00196	0.00294	0.01127	0.00686	0.00588
37	0.00890	0.00668	0.01001	0.01001	0.01113	0.00779	0.00779	0.01113	0.01001	0.01446	0.01669	0.02448	0.01558	0.04673	0.75634	0.01001	0.01669	0.00668	0.00334	0.00556
38	0.02368	0.01745	0.01870	0.01434	0.01932	0.01932	0.01184	0.72139	0.02929	0.03927	0.01496	0.01496	0.01060	0.00748	0.00623	0.00187	0.00686	0.00561	0.00623	0.01060
39	0.02337	0.01699	0.01830	0.01413	0.01903	0.01876	0.01164	0.65951	0.06822	0.06239	0.01587	0.01563	0.01123	0.00754	0.00624	0.00189	0.00670	0.00571	0.00629	0.01055
40	0.01907	0.01377	0.10801	0.01604	0.12809	0.01100	0.03118	0.04809	0.06617	0.31683	0.06715	0.05035	0.07898	0.00854	0.00646	0.00198	0.00590	0.00730	0.00581	0.00927
41	0.01411	0.06905	0.64550	0.01679	0.02540	0.01451	0.02113	0.02064	0.01355	0.08515	0.01226	0.01372	0.00858	0.00605	0.00585	0.00194	0.00872	0.00469	0.00309	0.00927
42	0.02368	0.01745	0.01870	0.01434	0.01932	0.01932	0.01184	0.72139	0.02929	0.03927	0.01496	0.01496	0.01060	0.00748	0.00623	0.00187	0.00686	0.00561	0.00623	0.01060
43	0.00775	0.00631	0.00687	0.00688	0.00876	0.00543	0.00517	0.00962	0.01480	0.01849	0.19729	0.08764	0.55155	0.01537	0.00742	0.00212	0.00321	0.03392	0.00600	0.00539
44	0.01078	0.00787	0.02793	0.10774	0.01476	0.00723	0.00809	0.01326	0.01482	0.09398	0.23983	0.20393	0.16673	0.01347	0.00725	0.00217	0.00436	0.04369	0.00582	0.00628
45	0.02636	0.01148	0.04507	0.01133	0.01619	0.00950	0.00967	0.02949	0.04110	0.67204	0.04408	0.02165	0.01644	0.00780	0.00628	0.00194	0.00539	0.00636	0.00743	0.01039
46	0.02639	0.01312	0.01602	0.01228	0.01716	0.01289	0.01014	0.28435	0.02205	0.48655	0.02104	0.01891	0.01365	0.00763	0.00625	0.00191	0.00587	0.00602	0.00717	0.01060
47	0.00832	0.00604	0.00757	0.00776	0.00879	0.00559	0.00544	0.01017	0.01443	0.01966	0.35805	0.26067	0.12986	0.11628	0.01074	0.00268	0.00357	0.01308	0.00601	0.00529
48	0.01828	0.02120	0.32283	0.01531	0.02174	0.04390	0.07402	0.08610	0.01651	0.22689	0.05640	0.01797	0.01348	0.00695	0.00619	0.00193	0.00756	0.00578	0.02768	0.00930
49	0.01673	0.01834	0.19321	0.01445	0.01966	0.03316	0.08960	0.25341	0.06504	0.02736	0.01555	0.01705	0.01152	0.00685	0.00584	0.00183	0.00691	0.00565	0.18904	0.00880
50	0.52917	0.01153	0.01198	0.14810	0.05859	0.01315	0.00942	0.01827	0.01172	0.07108	0.01150	0.03794	0.00917	0.00647	0.00472	0.00196	0.00553	0.00462	0.02794	0.00712
51	0.01165	0.01072	0.01783	0.71288	0.04040	0.01329	0.01637	0.01559	0.01233	0.01596	0.01169	0.01781	0.00912	0.03876	0.00725	0.00223	0.00806	0.00569	0.02561	0.00676
52	0.80073	0.01201	0.00932	0.00828	0.01217	0.01383	0.00682	0.01868	0.01082	0.04987	0.00916	0.01046	0.00701	0.00584	0.00393	0.00193	0.00483	0.00346	0.00397	0.00687
53	0.00842	0.00635	0.00778	0.00742	0.00906	0.00571	0.00557	0.01099	0.01670	0.02275	0.55398	0.05021	0.24508	0.01357	0.00735	0.00200	0.00300	0.01178	0.00657	0.00571
54	0.00892	0.00661	0.00966	0.00966	0.01065	0.00760	0.00735	0.01090	0.00991	0.01420	0.01701	0.02625	0.01635	0.12672	0.67741	0.00958	0.01553	0.00694	0.00339	0.00537
55	0.00931	0.00636	0.00936	0.00936	0.01015	0.00715	0.00696	0.01033	0.00954	0.01351	0.01571	0.02467	0.01517	0.10200	0.54486	0.17741	0.01347	0.00661	0.00324	0.00482
56	0.02368	0.01745	0.01870	0.01434	0.01932	0.01932	0.01184	0.72139	0.02929	0.03927	0.01496	0.01496	0.01060	0.00748	0.00623	0.00187	0.00686	0.00561	0.00623	0.01060
57	0.01177	0.01107	0.01869	0.76606	0.04291	0.01384	0.01730	0.01592	0.01246	0.01592	0.01107	0.01661	0.00831	0.00623	0.00623	0.00208	0.00831	0.00554	0.00277	0.00692
58	0.02368	0.01745	0.01870	0.01434	0.01932	0.01932	0.01184	0.72139	0.02929	0.03927	0.01496	0.01496	0.01060	0.00748	0.00623	0.00187	0.00686	0.00561	0.00623	0.01060
59	0.01177	0.01107	0.01869	0.76606	0.04291	0.01384	0.01730	0.01592	0.01246	0.01592	0.01107	0.01661	0.00831	0.00623	0.00623	0.00208	0.00831	0.00554	0.00277	0.00692
60	0.44891	0.01558	0.01639	0.03714	0.11656	0.11323	0.08959	0.05881	0.01359	0.02462	0.01008	0.01220	0.00791	0.00588	0.00500	0.00189	0.00688	0.00439	0.00369	0.00764
61	0.64757	0.01394	0.03044	0.01055	0.01480	0.03800	0.05954	0.08310	0.01290	0.02781	0.00963	0.01116	0.00737	0.00592	0.00443	0.00193	0.00573	0.00392	0.00397	0.00730
62	0.00759	0.00542	0.00723	0.00868	0.00904	0.00506	0.00578	0.00868	0.01193	0.01591	0.03434	0.77697	0.04121	0.01952	0.00795	0.00253	0.00361	0.01771	0.00578	0.00506
63	0.01082	0.00541	0.00812	0.00812	0.00812	0.00541	0.00541	0.00812	0.00812	0.01082	0.01082	0.01894	0.01082	0.02165	0.02435	0.81872	0.00541	0.00541	0.00271	0.00271
64	0.01288	0.01208	0.01985	0.48696	0.22900	0.01350	0.01672	0.01676	0.01298	0.01760	0.01125	0.01589	0.00883	0.00587	0.00604	0.00189	0.00766	0.00534	0.00295	0.09597
65	0.01542	0.01480	0.02529	0.03824	0.74217	0.01480	0.01912	0.01912	0.01419	0.02036	0.01172	0.01542	0.00987	0.00555	0.00617	0.00185	0.00740	0.00555	0.00308	0.00987
66	0.82504	0.01205	0.00916	0.00819	0.01205	0.01398	0.00675	0.01832	0.01060	0.02795	0.00868	0.01012	0.00675	0.00578	0.00386	0.00193	0.00482	0.00337	0.00386	0.00675
67	0.01524	0.50101	0.26527	0.01436	0.05627	0.02084	0.01511	0.01903	0.01290	0.01660	0.00964	0.01130	0.00806	0.00553	0.00473	0.00157	0.00753	0.00386	0.00268	0.00848
68	0.02103	0.01613	0.01720	0.01380	0.01831	0.01808	0.01120	0.49799	0.25703	0.03498	0.01833	0.01765	0.01333	0.00780	0.00627	0.00195	0.00623	0.00608	0.00627	0.01036
69	0.02368	0.01745	0.01870	0.01434	0.01932	0.01932	0.01184	0.72139	0.02929	0.03927	0.01496	0.01496	0.01060	0.00748	0.00623	0.00187	0.00686	0.00561	0.00623	0.01060
70	0.82504	0.01205	0.00916	0.00819	0.01205	0.01398	0.00675	0.01832	0.01060	0.02795	0.00868	0.01012	0.00675	0.00578	0.00386	0.00193	0.00482	0.00337	0.00386	0.00675
71	0.01749	0.01803	0.01690	0.04435	0.01773	0.27430	0.01224	0.01932	0.01366	0.06588	0.01279	0.01936	0.01163	0.00943	0.01201	0.00222	0.32042	0.07378	0.03136	0.00708
72	0.01279	0.00808	0.01047	0.00957	0.01154	0.00839	0.00735	0.01626	0.08009	0.14207	0.15168	0.03271	0.09761	0.10745	0.24062	0.00494	0.03809	0.00833	0.00526	0.00670
73	0.01471	0.01681	0.03676	0.02626	0.03256	0.01576	0.71954	0.01996	0.01471	0.01996	0.01261	0.01681	0.00945	0.00525	0.00735	0.00210	0.01050	0.00735	0.00315	0.00840
74	0.01390	0.06705	0.31152	0.01696	0.08041	0.01445	0.05925	0.03827	0.18872	0.03649	0.01932	0.05111	0.05985	0.00771	0.00621	0.00199	0.00718	0.00653	0.00413	0.00893
75	0.00759	0.00542	0.00723	0.00868	0.00904	0.00506	0.00578	0.00868	0.01193	0.01591	0.03434	0.77697	0.04121	0.01952	0.00795	0.00253	0.00361	0.01771	0.00578	0.00506
76	0.00986	0.00853	0.01135	0.01144	0.05244	0.00946	0.00830	0.01185	0.01360	0.01868	0.23133	0.12403	0.22026	0.01466	0.03675	0.00253	0.19321	0.01059	0.00509	0.00607
77	0.08608	0.01507	0.04832	0.28573	0.11951	0.04112	0.27728	0.01846	0.01354	0.01912	0.01146	0.01566	0.00876	0.00574	0.00640	0.00202	0.00884	0.00594	0.00306	0.00790
78	0.00780	0.00592	0.00693	0.00768	0.00891	0.00530	0.00550	0.00928	0.01310	0.01678	0.04620	0.39254	0.34420	0.01723	0.00758	0.00232	0.00350	0.05346	0.04055	0.00522
79	0.01760	0.65660	0.03005	0.04332	0.01733	0.02285	0.01091	0.05870	0.01393	0.06521	0.01019	0.01131	0.00865	0.00565	0.00437	0.00143	0.00665	0.00375	0.00321	0.00827
80	0.00972	0.00670	0.00888	0.00937	0.01066	0.00650	0.00724	0.01234	0.03435	0.04769	0.21668	0.25002	0.06202	0.04486	0.05063	0.00297	0.00493	0.20269	0.00593	0.00580
81	0.01666	0.78478	0.03265	0.01066	0.01599	0.02465	0.01066	0.01866	0.01266	0.01466	0.00866	0.00999	0.00800	0.00533	0.00400	0.00133	0.00666	0.00333	0.00267	0.00800
82	0.01161	0.00581	0.00581	0.00581	0.00726	0.00581	0.00436	0.01452	0.01307	0.02323	0.02033	0.02323	0.01597	0.00726	0.00436	0.00145	0.00290	0.00581	0.81562	0.00581
83	0.01666	0.78478	0.03265	0.01066	0.01599	0.02465	0.01066	0.01866	0.01266	0.01466	0.00866	0.00999	0.00800	0.00533	0.00400	0.00133	0.00666	0.00333	0.00267	0.00800
84	0.24910	0.01584	0.01581	0.05468	0.01847	0.04805	0.01062	0.42980	0.02218	0.05894	0.01309	0.01375	0.00945	0.00690	0.00554	0.00189	0.00649	0.00493	0.00529	0.00916
85	0.01666	0.78478	0.03265	0.01066	0.01599	0.02465	0.01066	0.01866	0.01266	0.01466	0.00866	0.00999	0.00800	0.00533	0.00400	0.00133	0.00666	0.00333	0.00267	0.00800
86	0.02795	0.01060	0.01446	0.01109	0.01591	0.00916	0.00916	0.03036	0.01783	0.74648	0.02458	0.02121	0.01542	0.00771	0.00627	0.00193	0.00530	0.00627	0.00771	0.01060
87	0.00775	0.00564	0.00723	0.00826	0.00892	0.00520	0.00561	0.00904	0.01269	0.01684	0.11153	0.59599	0.11928	0.04408	0.00863	0.00254	0.00357	0.01624	0.00583	0.00513
88	0.01159	0.01083	0.01820	0.73354	0.04146	0.01347	0.01681	0.01561	0.01244	0.01592	0.01207	0.04925	0.00972	0.00680	0.00630	0.00210	0.00810	0.00606	0.00290	0.00684
89	0.00934	0.00602	0.00669	0.00669	0.00685	0.00602	0.00384	0.00966	0.00950	0.01330	0.01971	0.03886	0.02192	0.69675	0.02873	0.00554	0.00570	0.00871	0.09221	0.00400
90	0.01384	0.01147	0.01299	0.01270	0.04057	0.01269	0.00971	0.06405	0.42907	0.02415	0.05240	0.05445	0.07875	0.01099	0.00692	0.00224	0.00505	0.14341	0.00606	0.00849
91	0.00882	0.00637	0.00833	0.00784	0.00931	0.00588	0.00588	0.01176	0.01764	0.02499	0.73888	0.04654	0.05879	0.01274	0.00735	0.00196	0.00294	0.01127	0.00686	0.00588
92	0.04221	0.01373	0.02969	0.20883	0.02183	0.12065	0.01126	0.03313	0.19085	0.01944	0.05835	0.10466	0.01850	0.07104	0.00873	0.00238	0.02543	0.00754	0.00446	0.00728
93	0.01471	0.01681	0.03676	0.02626	0.03256	0.01576	0.71954	0.01996	0.01471	0.01996	0.01261	0.01681	0.00945	0.00525	0.00735	0.00210	0.01050	0.00735	0.00315	0.00840
94	0.01575	0.03127	0.01782	0.20044	0.04533	0.05753	0.01327	0.09359	0.16265	0.05173	0.01490	0.01860	0.01200	0.00843	0.00990	0.00220	0.20275	0.02951	0.00420	0.00813
95	0.67290	0.07375	0.01195	0.00897	0.01306	0.01511	0.00754	0.07522	0.01248	0.04907	0.00965	0.01083	0.00741	0.00594	0.00413	0.00188	0.00514	0.00364	0.00407	0.00727

[dist]
# distance from previous block
# <min> <max>
0	9

[block]
# block no. 5 follows, 36 sequences, length 62
# corresponding to MSA columns:
# 823-829,836-862,865-892
name=unknown_F
#
# <colnr> <probs for GDERKNQSTAVLIFYWHMCP>
#	G	D	E	R	K	N	Q	S	T	A	V	L	I	F	Y	W	H	M	C	P
0	0.16046	0.01113	0.01294	0.01063	0.03501	0.01020	0.00827	0.03908	0.04993	0.24626	0.06980	0.01811	0.01492	0.00666	0.00536	0.00159	0.00489	0.00526	0.00537	0.28412
1	0.30882	0.01206	0.01317	0.01051	0.01502	0.01226	0.00868	0.12148	0.01686	0.39517	0.01764	0.01643	0.01169	0.00700	0.00541	0.00192	0.00535	0.00515	0.00615	0.00924
2	0.00906	0.00604	0.00680	0.00680	0.00680	0.00604	0.00378	0.00906	0.00906	0.01208	0.01963	0.04077	0.02265	0.78103	0.03171	0.00604	0.00604	0.00906	0.00378	0.00378
3	0.01161	0.00581	0.00581	0.00581	0.00726	0.00581	0.00436	0.01452	0.01307	0.02323	0.02033	0.02323	0.01597	0.00726	0.00436	0.00145	0.00290	0.00581	0.81562	0.00581
4	0.01363	0.01363	0.01908	0.01636	0.01636	0.01908	0.01363	0.01499	0.00954	0.01499	0.00818	0.01363	0.00818	0.01091	0.02045	0.00273	0.76963	0.00545	0.00273	0.00682
5	0.00801	0.00610	0.00899	0.00972	0.01044	0.00570	0.04822	0.00935	0.01209	0.01615	0.03305	0.73178	0.03932	0.01867	0.00792	0.00250	0.00402	0.01710	0.00563	0.00526
6	0.04525	0.07936	0.08162	0.01543	0.01911	0.42122	0.05440	0.03704	0.01579	0.01710	0.01283	0.05363	0.01181	0.00792	0.00674	0.00186	0.05126	0.05677	0.00349	0.00734
7	0.01567	0.01361	0.01558	0.05543	0.01858	0.01561	0.04180	0.06644	0.62354	0.02590	0.02347	0.02217	0.01757	0.00814	0.00637	0.00210	0.00546	0.00690	0.00599	0.00967
8	0.01086	0.00973	0.01555	0.53858	0.03305	0.01167	0.01402	0.01482	0.04414	0.01636	0.01767	0.21179	0.01721	0.00973	0.00668	0.00219	0.00695	0.00872	0.00370	0.00657
9	0.01693	0.01410	0.01490	0.01297	0.01675	0.01617	0.01021	0.15374	0.60794	0.02838	0.02354	0.02179	0.01754	0.00828	0.00632	0.00207	0.00527	0.00679	0.00632	0.00999
10	0.01161	0.00581	0.00581	0.00581	0.00726	0.00581	0.00436	0.01452	0.01307	0.02323	0.02033	0.02323	0.01597	0.00726	0.00436	0.00145	0.00290	0.00581	0.81562	0.00581
11	0.01082	0.00541	0.00812	0.00812	0.00812	0.00541	0.00541	0.00812	0.00812	0.01082	0.01082	0.01894	0.01082	0.02165	0.02435	0.81872	0.00541	0.00541	0.00271	0.00271
12	0.77980	0.01231	0.01070	0.00920	0.01319	0.01408	0.04654	0.01841	0.01083	0.02751	0.00889	0.01049	0.00690	0.00575	0.00405	0.00194	0.00514	0.00360	0.00382	0.00684
13	0.01430	0.07391	0.22113	0.04436	0.02083	0.06449	0.06444	0.01806	0.01287	0.05323	0.01221	0.03923	0.01022	0.00945	0.05279	0.00236	0.13606	0.00533	0.00330	0.14146
14	0.01871	0.30795	0.05850	0.01101	0.01644	0.01582	0.01016	0.06898	0.01515	0.19556	0.01370	0.01396	0.01029	0.00590	0.00496	0.00144	0.00595	0.00436	0.00440	0.21677
15	0.21912	0.01465	0.01579	0.17355	0.02216	0.11720	0.06331	0.06484	0.11833	0.03993	0.03210	0.01838	0.01242	0.00716	0.00573	0.00198	0.00698	0.03459	0.02412	0.00767
16	0.78588	0.01231	0.00962	0.00849	0.01240	0.01424	0.00700	0.05267	0.01152	0.02851	0.00898	0.01036	0.00694	0.00587	0.00397	0.00193	0.00492	0.00348	0.00397	0.00694
17	0.00778	0.00587	0.00716	0.00797	0.00899	0.00532	0.00562	0.00921	0.01308	0.01687	0.09466	0.44275	0.25638	0.04260	0.00854	0.00249	0.00361	0.05013	0.00580	0.00517
18	0.09756	0.01200	0.01923	0.44691	0.03318	0.01354	0.11686	0.01764	0.05873	0.01878	0.01262	0.03772	0.01001	0.00643	0.00607	0.00198	0.00761	0.00587	0.00333	0.07394
19	0.01905	0.01476	0.08406	0.01613	0.05501	0.01485	0.05335	0.08650	0.01488	0.25072	0.01494	0.01666	0.01103	0.00943	0.03035	0.00243	0.28657	0.00579	0.00469	0.00880
20	0.00759	0.00542	0.00723	0.00868	0.00904	0.00506	0.00578	0.00868	0.01193	0.01591	0.03434	0.77697	0.04121	0.01952	0.00795	0.00253	0.00361	0.01771	0.00578	0.00506
21	0.01329	0.02372	0.38378	0.02094	0.02829	0.01455	0.33577	0.01920	0.01361	0.01938	0.01233	0.01644	0.00947	0.05170	0.00810	0.00227	0.00960	0.00611	0.00293	0.00852
22	0.08031	0.01614	0.10626	0.13889	0.05541	0.03064	0.06550	0.22074	0.03621	0.10570	0.01571	0.05251	0.01235	0.00758	0.00623	0.00200	0.00720	0.02701	0.00474	0.00884
23	0.01216	0.00979	0.01140	0.01126	0.01364	0.01062	0.00909	0.02157	0.33751	0.02257	0.11438	0.06478	0.06551	0.01273	0.00736	0.00237	0.00486	0.25466	0.00614	0.00757
24	0.00766	0.00547	0.00731	0.00876	0.00915	0.00512	0.00591	0.00880	0.01200	0.01599	0.03430	0.75565	0.04105	0.01945	0.00797	0.00254	0.00368	0.03830	0.00578	0.00508
25	0.01352	0.01686	0.15839	0.01998	0.08387	0.03345	0.30333	0.01777	0.01378	0.03953	0.06564	0.02190	0.01506	0.11893	0.03049	0.00279	0.00870	0.00704	0.02123	0.00772
26	0.01860	0.30259	0.12622	0.05477	0.02021	0.02002	0.01312	0.30878	0.01960	0.02579	0.01200	0.01314	0.00924	0.00639	0.00532	0.00169	0.00711	0.00463	0.02166	0.00913
27	0.01177	0.01107	0.01869	0.76606	0.04291	0.01384	0.01730	0.01592	0.01246	0.01592	0.01107	0.01661	0.00831	0.00623	0.00623	0.00208	0.00831	0.00554	0.00277	0.00692
28	0.01181	0.00927	0.01363	0.01615	0.15486	0.01005	0.01021	0.01358	0.01231	0.06723	0.02373	0.38726	0.02623	0.03590	0.01059	0.00250	0.15221	0.03104	0.00474	0.00671
29	0.03199	0.01632	0.15240	0.06177	0.09713	0.03009	0.18223	0.01918	0.03459	0.09698	0.11329	0.05875	0.01821	0.00790	0.00741	0.00205	0.05002	0.00723	0.00423	0.00822
30	0.02084	0.13009	0.03694	0.01503	0.01911	0.21628	0.05152	0.24006	0.01928	0.07529	0.01224	0.01359	0.00945	0.00718	0.00762	0.00185	0.10566	0.00496	0.00432	0.00868
31	0.02795	0.01060	0.01446	0.01109	0.01591	0.00916	0.00916	0.03036	0.01783	0.74648	0.02458	0.02121	0.01542	0.00771	0.00627	0.00193	0.00530	0.00627	0.00771	0.01060
32	0.01253	0.01063	0.01248	0.00910	0.01425	0.00807	0.00724	0.01531	0.01337	0.02075	0.08049	0.01613	0.01396	0.00539	0.00488	0.00102	0.00445	0.00441	0.00399	0.74155
33	0.01865	0.01874	0.28450	0.01368	0.01998	0.01140	0.03383	0.04060	0.03371	0.29949	0.06360	0.01877	0.01459	0.00699	0.00606	0.00185	0.00669	0.00574	0.00516	0.09597
34	0.82504	0.01205	0.00916	0.00819	0.01205	0.01398	0.00675	0.01832	0.01060	0.02795	0.00868	0.01012	0.00675	0.00578	0.00386	0.00193	0.00482	0.00337	0.00386	0.00675
35	0.02368	0.01745	0.01870	0.01434	0.01932	0.01932	0.01184	0.72139	0.02929	0.03927	0.01496	0.01496	0.01060	0.00748	0.00623	0.00187	0.00686	0.00561	0.00623	0.01060
36	0.00890	0.00668	0.01001	0.01001	0.01113	0.00779	0.00779	0.01113	0.01001	0.01446	0.01669	0.02448	0.01558	0.04673	0.75634	0.01001	0.01669	0.00668	0.00334	0.00556
37	0.01550	0.01338	0.01409	0.01268	0.01620	0.01550	0.00986	0.03311	0.73091	0.02606	0.02536	0.02325	0.01902	0.00845	0.00634	0.00211	0.00493	0.00704	0.00634	0.00986
38	0.01514	0.01534	0.04928	0.06569	0.65156	0.01481	0.05828	0.01906	0.01411	0.02014	0.01173	0.01547	0.00972	0.00557	0.00623	0.00188	0.00767	0.00562	0.00306	0.00965
39	0.01197	0.01128	0.01906	0.72542	0.08195	0.01390	0.01740	0.01610	0.01255	0.01617	0.01111	0.01654	0.00839	0.00619	0.00623	0.00206	0.00826	0.00554	0.00279	0.00709
40	0.00759	0.00542	0.00723	0.00868	0.00904	0.00506	0.00578	0.00868	0.01193	0.01591	0.03434	0.77697	0.04121	0.01952	0.00795	0.00253	0.00361	0.01771	0.00578	0.00506
41	0.00900	0.00601	0.00681	0.00688	0.00689	0.00600	0.00386	0.00904	0.00919	0.01225	0.02028	0.07337	0.02347	0.74731	0.03066	0.00589	0.00593	0.00944	0.00386	0.00383
42	0.01608	0.44097	0.15583	0.05469	0.01942	0.10886	0.01314	0.01945	0.02880	0.01640	0.01030	0.01213	0.00865	0.00592	0.00514	0.00158	0.02665	0.00402	0.04400	0.00796
43	0.01666	0.78478	0.03265	0.01066	0.01599	0.02465	0.01066	0.01866	0.01266	0.01466	0.00866	0.00999	0.00800	0.00533	0.00400	0.00133	0.00666	0.00333	0.00267	0.00800
44	0.04900	0.03577	0.08700	0.10599	0.02054	0.01249	0.02916	0.10625	0.07906	0.15306	0.01701	0.02089	0.01329	0.00735	0.00595	0.00182	0.00625	0.06509	0.00488	0.17913
45	0.01544	0.10624	0.40104	0.01555	0.03712	0.07737	0.01695	0.02228	0.10861	0.08245	0.03085	0.01660	0.02910	0.00677	0.00585	0.00189	0.00788	0.00526	0.00379	0.00896
46	0.00759	0.00542	0.00723	0.00868	0.00904	0.00506	0.00578	0.00868	0.01193	0.01591	0.03434	0.77697	0.04121	0.01952	0.00795	0.00253	0.00361	0.01771	0.00578	0.00506
47	0.00759	0.00542	0.00723	0.00868	0.00904	0.00506	0.00578	0.00868	0.01193	0.01591	0.03434	0.77697	0.04121	0.01952	0.00795	0.00253	0.00361	0.01771	0.00578	0.00506
48	0.01177	0.01107	0.01869	0.76606	0.04291	0.01384	0.01730	0.01592	0.01246	0.01592	0.01107	0.01661	0.00831	0.00623	0.00623	0.00208	0.00831	0.00554	0.00277	0.00692
49	0.02060	0.16198	0.04156	0.01601	0.05505	0.43517	0.01249	0.03788	0.01586	0.05176	0.01030	0.01210	0.00854	0.00673	0.00698	0.00172	0.08992	0.00428	0.00332	0.00775
50	0.01542	0.01480	0.02529	0.03824	0.74217	0.01480	0.01912	0.01912	0.01419	0.02036	0.01172	0.01542	0.00987	0.00555	0.00617	0.00185	0.00740	0.00555	0.00308	0.00987
51	0.00769	0.00549	0.00734	0.00879	0.00919	0.00514	0.00595	0.00884	0.01202	0.01601	0.03429	0.74902	0.04100	0.01943	0.00798	0.00254	0.00370	0.04470	0.00578	0.00509
52	0.00861	0.00627	0.00810	0.00783	0.00923	0.00576	0.00580	0.01128	0.01686	0.02360	0.62858	0.12004	0.09751	0.01359	0.00741	0.00203	0.00302	0.01202	0.00669	0.00576
53	0.01250	0.03223	0.74875	0.01776	0.02697	0.01447	0.02302	0.01973	0.01315	0.01973	0.01118	0.01315	0.00789	0.00592	0.00592	0.00197	0.00921	0.00460	0.00263	0.00921
54	0.01250	0.03223	0.74875	0.01776	0.02697	0.01447	0.02302	0.01973	0.01315	0.01973	0.01118	0.01315	0.00789	0.00592	0.00592	0.00197	0.00921	0.00460	0.00263	0.00921
55	0.02673	0.01080	0.01440	0.01111	0.01577	0.00960	0.00915	0.07050	0.01850	0.66788	0.06020	0.02212	0.01733	0.00795	0.00632	0.00193	0.00527	0.00648	0.00758	0.01036
56	0.01471	0.01681	0.03676	0.02626	0.03256	0.01576	0.71954	0.01996	0.01471	0.01996	0.01261	0.01681	0.00945	0.00525	0.00735	0.00210	0.01050	0.00735	0.00315	0.00840
57	0.01250	0.03223	0.74875	0.01776	0.02697	0.01447	0.02302	0.01973	0.01315	0.01973	0.01118	0.01315	0.00789	0.00592	0.00592	0.00197	0.00921	0.00460	0.00263	0.00921
58	0.00766	0.00548	0.00729	0.00863	0.00905	0.00511	0.00579	0.00886	0.01227	0.01644	0.07622	0.73354	0.04225	0.01912	0.00792	0.00250	0.00357	0.01733	0.00585	0.00511
59	0.02437	0.01265	0.01540	0.01209	0.01659	0.01253	0.00998	0.27784	0.02178	0.41141	0.06400	0.02294	0.01729	0.00841	0.00644	0.00196	0.00574	0.04149	0.00703	0.01007
60	0.01250	0.03223	0.74875	0.01776	0.02697	0.01447	0.02302	0.01973	0.01315	0.01973	0.01118	0.01315	0.00789	0.00592	0.00592	0.00197	0.00921	0.00460	0.00263	0.00921
61	0.02735	0.01074	0.01444	0.01116	0.01592	0.00947	0.00919	0.03050	0.05268	0.71128	0.02462	0.02131	0.01560	0.00775	0.00627	0.00194	0.00528	0.00630	0.00764	0.01057

[dist]
# distance from previous block
# <min> <max>
0	3

[block]
# block no. 6 follows, 36 sequences, length 32
# corresponding to MSA columns:
# 896-927
name=unknown_G
#
# <colnr> <probs for GDERKNQSTAVLIFYWHMCP>
#	G	D	E	R	K	N	Q	S	T	A	V	L	I	F	Y	W	H	M	C	P
0	0.01346	0.09074	0.48322	0.01721	0.06025	0.01529	0.03553	0.02169	0.13806	0.02060	0.03633	0.01589	0.01157	0.00649	0.00592	0.00194	0.00799	0.00524	0.00345	0.00913
1	0.01732	0.20045	0.13309	0.01351	0.01860	0.01858	0.01269	0.20065	0.25174	0.02539	0.01609	0.01617	0.01225	0.00715	0.00610	0.00186	0.02880	0.00538	0.00476	0.00941
2	0.01419	0.01175	0.01662	0.03771	0.19039	0.01090	0.05407	0.08537	0.01559	0.05454	0.05577	0.02407	0.13208	0.00764	0.00601	0.00165	0.00562	0.00670	0.03032	0.23903
3	0.01496	0.11696	0.16842	0.05907	0.04831	0.01531	0.10209	0.11236	0.10711	0.02280	0.07648	0.01788	0.01452	0.00675	0.00596	0.00180	0.00705	0.00580	0.00415	0.09220
4	0.01454	0.26607	0.07454	0.01460	0.01698	0.02058	0.01332	0.01652	0.01081	0.01522	0.00855	0.01241	0.00810	0.00874	0.01407	0.00222	0.46797	0.00470	0.00270	0.00737
5	0.00982	0.00662	0.00846	0.00785	0.00961	0.00601	0.00594	0.01256	0.01723	0.06846	0.61318	0.04660	0.13841	0.01280	0.00728	0.00198	0.00311	0.01119	0.00678	0.00610
6	0.05828	0.01087	0.01439	0.01107	0.01586	0.00965	0.00915	0.05099	0.01791	0.69745	0.02368	0.02059	0.01494	0.00763	0.00617	0.00193	0.00533	0.00614	0.00752	0.01046
7	0.31009	0.02200	0.38175	0.01339	0.02006	0.01358	0.01525	0.02064	0.01285	0.11972	0.01206	0.01313	0.00848	0.00611	0.00522	0.00195	0.00709	0.00438	0.00375	0.00850
8	0.01250	0.03223	0.74875	0.01776	0.02697	0.01447	0.02302	0.01973	0.01315	0.01973	0.01118	0.01315	0.00789	0.00592	0.00592	0.00197	0.00921	0.00460	0.00263	0.00921
9	0.08912	0.00933	0.01161	0.01012	0.01331	0.00888	0.00789	0.02252	0.08582	0.36785	0.07973	0.21989	0.02504	0.01108	0.00659	0.00211	0.00460	0.00946	0.00667	0.00839
10	0.02795	0.01060	0.01446	0.01109	0.01591	0.00916	0.00916	0.03036	0.01783	0.74648	0.02458	0.02121	0.01542	0.00771	0.00627	0.00193	0.00530	0.00627	0.00771	0.01060
11	0.01666	0.78478	0.03265	0.01066	0.01599	0.02465	0.01066	0.01866	0.01266	0.01466	0.00866	0.00999	0.00800	0.00533	0.00400	0.00133	0.00666	0.00333	0.00267	0.00800
12	0.00865	0.00624	0.00817	0.00796	0.00927	0.00576	0.00587	0.01132	0.01683	0.02370	0.63937	0.14971	0.05631	0.01370	0.00743	0.00204	0.00303	0.01218	0.00671	0.00576
