[name]
unknown

[dist]
# distance from previous block
# <min> <max>
0	159

[block]
# block no. 0 follows, 45 sequences, length 33
# corresponding to MSA columns:
# 412-444
name=unknown_A
#
# <colnr> <probs for GDERKNQSTAVLIFYWHMCP>
#	G	D	E	R	K	N	Q	S	T	A	V	L	I	F	Y	W	H	M	C	P
0	0.11703	0.09804	0.12619	0.01111	0.01505	0.02444	0.05785	0.12490	0.02259	0.08352	0.06412	0.07823	0.01440	0.00730	0.00558	0.00167	0.03408	0.04856	0.00397	0.06139
1	0.19804	0.01559	0.22290	0.06317	0.01832	0.01193	0.08338	0.11159	0.04448	0.04864	0.07303	0.01439	0.01131	0.00577	0.00494	0.00165	0.00595	0.00468	0.00359	0.05667
2	0.00802	0.00687	0.01124	0.01025	0.01189	0.00629	0.14255	0.00977	0.01091	0.01470	0.02579	0.55701	0.05913	0.01351	0.00655	0.00201	0.00429	0.03244	0.00444	0.06234
3	0.01571	0.01470	0.01345	0.01139	0.01435	0.18038	0.00902	0.24888	0.15720	0.02166	0.01886	0.01896	0.12091	0.00763	0.00659	0.00167	0.08580	0.00562	0.00437	0.04286
4	0.01393	0.06449	0.04781	0.04482	0.06095	0.03904	0.04407	0.14910	0.02901	0.05282	0.01141	0.03596	0.00924	0.00526	0.00469	0.00126	0.00533	0.00432	0.00362	0.37287
5	0.01354	0.11118	0.46063	0.06026	0.02133	0.06733	0.01594	0.15400	0.01408	0.01916	0.00990	0.01138	0.00727	0.00534	0.00496	0.00161	0.00739	0.00402	0.00288	0.00780
6	0.09884	0.00965	0.01165	0.00956	0.01318	0.00950	0.00771	0.02490	0.20482	0.48200	0.02044	0.05466	0.01440	0.00712	0.00529	0.00173	0.00438	0.00579	0.00595	0.00844
7	0.01694	0.01495	0.12558	0.01196	0.01586	0.04611	0.01081	0.36812	0.01821	0.11458	0.01459	0.03102	0.01186	0.05483	0.00759	0.00196	0.05774	0.06483	0.00460	0.00786
8	0.01104	0.01049	0.01738	0.48016	0.25649	0.01218	0.01470	0.01423	0.01107	0.01484	0.01142	0.01539	0.03983	0.00582	0.00625	0.00177	0.06267	0.00504	0.00257	0.00666
9	0.00649	0.00486	0.00603	0.00696	0.00765	0.00440	0.00475	0.00753	0.01077	0.01390	0.03583	0.61729	0.22202	0.01601	0.00672	0.00209	0.00301	0.01427	0.00498	0.00440
10	0.00776	0.00537	0.00670	0.00670	0.00700	0.00567	0.00431	0.00835	0.00806	0.01104	0.01614	0.03083	0.01765	0.57526	0.26086	0.00625	0.00801	0.00718	0.00314	0.00372
11	0.00977	0.00895	0.01481	0.68364	0.03277	0.01093	0.01348	0.01320	0.01138	0.01485	0.12055	0.01805	0.01346	0.00618	0.00551	0.00177	0.00649	0.00549	0.00290	0.00583
12	0.00894	0.00572	0.00701	0.00651	0.00813	0.00518	0.00495	0.01118	0.01416	0.08206	0.47899	0.03860	0.19729	0.01067	0.00598	0.00167	0.00274	0.00919	0.09577	0.00528
13	0.00938	0.00835	0.01368	0.55449	0.02836	0.01025	0.01223	0.01236	0.01005	0.01324	0.01114	0.01700	0.00935	0.04889	0.21524	0.00375	0.00900	0.00516	0.00255	0.00554
14	0.01246	0.01310	0.06629	0.18577	0.53499	0.01262	0.06456	0.01599	0.01190	0.01671	0.01001	0.01345	0.00811	0.00490	0.00538	0.00165	0.00680	0.00483	0.00258	0.00787
15	0.01370	0.01292	0.01205	0.01090	0.01370	0.12506	0.00840	0.02551	0.57784	0.02100	0.10104	0.02069	0.01870	0.00743	0.00547	0.00174	0.00485	0.00608	0.00512	0.00780
16	0.01062	0.00661	0.00798	0.00732	0.00926	0.00628	0.00564	0.01421	0.09633	0.13012	0.34633	0.06285	0.15935	0.01023	0.00590	0.00171	0.00312	0.02523	0.08500	0.00591
17	0.02769	0.00918	0.01034	0.00927	0.01142	0.07319	0.05091	0.08580	0.06439	0.05090	0.20063	0.14553	0.13581	0.01044	0.00600	0.00179	0.00434	0.05638	0.04010	0.00591
18	0.01537	0.01496	0.01984	0.02617	0.51102	0.16111	0.04548	0.01869	0.04516	0.07415	0.01111	0.01331	0.00888	0.00516	0.00528	0.00158	0.00690	0.00470	0.00310	0.00806
19	0.00865	0.00618	0.00865	0.00989	0.01112	0.00618	0.00865	0.01112	0.01236	0.01606	0.02842	0.06055	0.03089	0.01483	0.00741	0.00247	0.00494	0.74174	0.00494	0.00494
20	0.00651	0.00478	0.00611	0.00718	0.00771	0.00438	0.00485	0.00751	0.01056	0.01382	0.03318	0.69819	0.14284	0.01635	0.00678	0.00213	0.00306	0.01469	0.00498	0.00438
21	0.01301	0.04481	0.08353	0.04692	0.07015	0.07532	0.06102	0.08083	0.04756	0.03495	0.01449	0.01920	0.06249	0.01722	0.00945	0.00196	0.24543	0.06165	0.00332	0.00669
22	0.01537	0.01625	0.01981	0.02704	0.54496	0.21887	0.01460	0.04820	0.01355	0.01704	0.00973	0.01231	0.00811	0.00505	0.00519	0.00154	0.00723	0.00443	0.00280	0.00792
23	0.01014	0.00954	0.01610	0.79845	0.03697	0.01193	0.01491	0.01371	0.01073	0.01371	0.00954	0.01431	0.00716	0.00537	0.00537	0.00179	0.00716	0.00477	0.00239	0.00596
24	0.71582	0.01084	0.00992	0.01049	0.10689	0.01229	0.00730	0.04151	0.01008	0.02360	0.00799	0.00944	0.00626	0.00501	0.00364	0.00165	0.00449	0.00321	0.00331	0.00626
25	0.00768	0.00571	0.00841	0.00841	0.00930	0.00659	0.00644	0.00945	0.00856	0.01230	0.01457	0.02216	0.01389	0.09935	0.73162	0.00836	0.01368	0.00591	0.00290	0.00467
26	0.01032	0.00890	0.00839	0.00824	0.01015	0.11663	0.00645	0.01260	0.04474	0.06636	0.09286	0.08775	0.33621	0.01196	0.00627	0.00189	0.00434	0.15571	0.00486	0.00536
27	0.00736	0.00537	0.00693	0.00677	0.00794	0.00493	0.00499	0.00959	0.01429	0.01994	0.62029	0.15218	0.09537	0.01199	0.00641	0.00177	0.00263	0.01062	0.00571	0.00493
28	0.01450	0.10219	0.01703	0.01300	0.06744	0.01266	0.09722	0.26037	0.02993	0.04456	0.01475	0.15418	0.01350	0.00741	0.00533	0.00157	0.00544	0.00644	0.00418	0.12830
29	0.01266	0.07911	0.26179	0.04323	0.16626	0.05822	0.06236	0.04699	0.01230	0.01724	0.00967	0.01173	0.00758	0.00481	0.00486	0.00143	0.00669	0.00406	0.00273	0.18627
30	0.01384	0.12817	0.29078	0.01375	0.01895	0.11265	0.10509	0.04437	0.07893	0.06677	0.03834	0.04204	0.01088	0.00598	0.00516	0.00162	0.00703	0.00496	0.00329	0.00743
31	0.01283	0.19955	0.24196	0.01225	0.01654	0.01357	0.03918	0.01662	0.04666	0.09255	0.01359	0.05087	0.01201	0.00743	0.00686	0.00178	0.11453	0.09087	0.00332	0.00704
32	0.00893	0.12364	0.01184	0.16675	0.01490	0.00896	0.00778	0.01158	0.05595	0.01512	0.12055	0.36245	0.04864	0.01132	0.00589	0.00185	0.00429	0.00997	0.00422	0.00539

[dist]
# distance from previous block
# <min> <max>
1	7

[block]
# block no. 1 follows, 45 sequences, length 11
# corresponding to MSA columns:
# 452-462
name=unknown_B
#
# <colnr> <probs for GDERKNQSTAVLIFYWHMCP>
#	G	D	E	R	K	N	Q	S	T	A	V	L	I	F	Y	W	H	M	C	P
0	0.01211	0.00919	0.01095	0.00925	0.04006	0.00832	0.00677	0.07228	0.08031	0.06596	0.01335	0.01770	0.01166	0.15628	0.06044	0.00237	0.00519	0.00479	0.00375	0.40929
1	0.01643	0.20042	0.19799	0.01189	0.01689	0.01384	0.05055	0.15787	0.01474	0.19639	0.01323	0.01490	0.00992	0.03674	0.00581	0.00171	0.00615	0.02265	0.00400	0.00791
2	0.10585	0.04362	0.07186	0.03444	0.01568	0.01242	0.00960	0.29415	0.01759	0.29246	0.01522	0.03922	0.01076	0.00649	0.00512	0.00165	0.00535	0.00502	0.00515	0.00837
3	0.00781	0.00520	0.00585	0.00585	0.00585	0.00520	0.00325	0.00781	0.00781	0.01041	0.01691	0.03513	0.01952	0.81135	0.02732	0.00520	0.00520	0.00781	0.00325	0.00325
4	0.04565	0.01056	0.01563	0.05416	0.12837	0.01079	0.12862	0.13733	0.07639	0.05396	0.16037	0.06588	0.07320	0.00780	0.00578	0.00173	0.00526	0.00707	0.00443	0.00704
5	0.04577	0.11741	0.16115	0.03840	0.04589	0.05830	0.14792	0.09381	0.04640	0.14340	0.02997	0.01461	0.01018	0.00571	0.00521	0.00163	0.00666	0.01617	0.00373	0.00769
6	0.01263	0.11433	0.02438	0.21718	0.12142	0.01412	0.31296	0.04249	0.05616	0.01666	0.01071	0.01381	0.00829	0.00500	0.00551	0.00169	0.00743	0.00524	0.00282	0.00717
7	0.00776	0.00531	0.00637	0.00632	0.00660	0.00538	0.00392	0.00833	0.00885	0.01208	0.11274	0.03397	0.02269	0.61181	0.12164	0.00519	0.00603	0.00779	0.00354	0.00368
8	0.70308	0.01046	0.00888	0.00764	0.01112	0.01175	0.00630	0.05439	0.01073	0.12064	0.00948	0.01014	0.00693	0.00527	0.00369	0.00166	0.00429	0.00332	0.00385	0.00640
9	0.01230	0.18356	0.29367	0.11157	0.01978	0.04369	0.01321	0.01665	0.04898	0.04975	0.02678	0.01298	0.00906	0.00728	0.05027	0.00191	0.00701	0.00414	0.00286	0.08457
10	0.01380	0.04096	0.08690	0.01239	0.03303	0.27305	0.03450	0.03236	0.01252	0.03146	0.01595	0.04508	0.10632	0.01034	0.07582	0.00225	0.10986	0.00545	0.00318	0.05478

[dist]
# distance from previous block
# <min> <max>
4	11

[block]
# block no. 2 follows, 45 sequences, length 8
# corresponding to MSA columns:
# 474-481
name=unknown_C
#
# <colnr> <probs for GDERKNQSTAVLIFYWHMCP>
#	G	D	E	R	K	N	Q	S	T	A	V	L	I	F	Y	W	H	M	C	P
0	0.03773	0.18897	0.07842	0.01415	0.12219	0.03371	0.03751	0.11032	0.03331	0.16258	0.01460	0.01938	0.01209	0.00676	0.00517	0.00165	0.00584	0.10395	0.00404	0.00764
1	0.00767	0.00562	0.00819	0.00869	0.00959	0.00536	0.05185	0.00928	0.01095	0.01497	0.02712	0.53273	0.03093	0.01471	0.00666	0.00214	0.00381	0.16590	0.07912	0.00472
2	0.01430	0.01158	0.01255	0.01110	0.01417	0.01310	0.00891	0.19298	0.49263	0.02415	0.02073	0.02408	0.01677	0.00815	0.00571	0.00186	0.00472	0.10898	0.00537	0.00814
3	0.00705	0.00551	0.00645	0.00658	0.00805	0.00491	0.00507	0.00888	0.01300	0.01673	0.26055	0.09733	0.41174	0.01320	0.00652	0.00189	0.00300	0.11356	0.00525	0.00473
4	0.00836	0.00698	0.00767	0.00830	0.00921	0.07462	0.00613	0.00997	0.01222	0.01589	0.20061	0.42675	0.03567	0.01411	0.00665	0.00205	0.00389	0.14114	0.00499	0.00479
5	0.20306	0.00803	0.00887	0.00785	0.01029	0.00827	0.00616	0.01654	0.11946	0.14257	0.37490	0.02667	0.02970	0.00840	0.00537	0.00170	0.00346	0.00696	0.00537	0.00636
6	0.10960	0.01722	0.34249	0.01178	0.01699	0.01069	0.01282	0.08014	0.01347	0.17656	0.07389	0.01921	0.01380	0.00684	0.00528	0.00175	0.00595	0.06991	0.00407	0.00755
7	0.01256	0.01210	0.02009	0.14761	0.54626	0.01320	0.01550	0.01550	0.01138	0.01624	0.00954	0.01321	0.00807	0.00558	0.00722	0.00174	0.12915	0.00477	0.00257	0.00771

[dist]
# distance from previous block
# <min> <max>
0	3

[block]
# block no. 3 follows, 45 sequences, length 16
# corresponding to MSA columns:
# 485-500
name=unknown_D
#
# <colnr> <probs for GDERKNQSTAVLIFYWHMCP>
#	G	D	E	R	K	N	Q	S	T	A	V	L	I	F	Y	W	H	M	C	P
0	0.01527	0.46950	0.02202	0.01004	0.01435	0.01814	0.00911	0.17555	0.13038	0.01895	0.01096	0.01144	0.00889	0.00536	0.00420	0.00133	0.00543	0.00380	0.00349	0.06179
1	0.06608	0.57925	0.04982	0.00996	0.01429	0.10285	0.00945	0.03796	0.06068	0.01475	0.00871	0.00968	0.00750	0.00496	0.00383	0.00128	0.00605	0.00323	0.00270	0.00695
2	0.01438	0.05649	0.07258	0.01492	0.17657	0.01155	0.01055	0.12826	0.08366	0.08267	0.01214	0.01313	0.00932	0.00516	0.00478	0.00134	0.00524	0.00426	0.00377	0.28924
3	0.06689	0.04165	0.07482	0.09588	0.10057	0.05924	0.03992	0.16561	0.15418	0.10715	0.01408	0.01551	0.01056	0.00615	0.00523	0.00168	0.00599	0.02280	0.00419	0.00790
4	0.01539	0.54247	0.04609	0.01150	0.01600	0.11940	0.07985	0.08553	0.01296	0.01520	0.00845	0.00977	0.00721	0.00489	0.00412	0.00130	0.00664	0.00348	0.00268	0.00707
5	0.01308	0.01428	0.02043	0.27539	0.12175	0.16382	0.21414	0.01631	0.01244	0.01537	0.04629	0.01447	0.00962	0.00550	0.00598	0.00171	0.03486	0.00517	0.00275	0.00663
6	0.00701	0.00523	0.00657	0.00717	0.00817	0.00480	0.00529	0.00859	0.01205	0.01584	0.18971	0.36381	0.21516	0.01456	0.00670	0.00203	0.00315	0.11435	0.00517	0.00463
7	0.00747	0.00522	0.00615	0.00641	0.00682	0.00504	0.00411	0.00812	0.00954	0.01260	0.08156	0.17235	0.10391	0.48127	0.01878	0.00389	0.00436	0.05455	0.00404	0.00382
8	0.00738	0.00548	0.00687	0.00652	0.00789	0.00497	0.00489	0.00971	0.01468	0.02030	0.64935	0.04211	0.17710	0.01143	0.00633	0.00171	0.00256	0.00999	0.00575	0.00497
9	0.00935	0.00620	0.00683	0.00644	0.00702	0.00637	0.00403	0.08646	0.00999	0.01388	0.01656	0.03118	0.01781	0.64067	0.02249	0.00440	0.00498	0.00719	0.09408	0.00405
10	0.00769	0.00522	0.00616	0.00626	0.00638	0.00529	0.00374	0.00796	0.00808	0.01087	0.01764	0.09354	0.02014	0.67198	0.10275	0.00532	0.00597	0.00818	0.00335	0.00349
11	0.01405	0.01329	0.01237	0.00954	0.01383	0.17374	0.00751	0.06466	0.01306	0.04238	0.00987	0.01117	0.00798	0.00455	0.00430	0.00100	0.00533	0.00342	0.00335	0.58459
12	0.01356	0.26167	0.34483	0.06399	0.02024	0.09618	0.03759	0.07368	0.01267	0.01636	0.00912	0.01075	0.00708	0.00509	0.00465	0.00150	0.00728	0.00378	0.00259	0.00738
13	0.07854	0.40411	0.19644	0.01109	0.01628	0.01756	0.01157	0.17399	0.01391	0.01900	0.00911	0.01015	0.00726	0.00513	0.00422	0.00141	0.00615	0.00354	0.00302	0.00752
14	0.01409	0.08077	0.35345	0.01278	0.01866	0.01249	0.04215	0.09594	0.08428	0.11552	0.01244	0.01307	0.00896	0.00544	0.00498	0.00155	0.00635	0.00435	0.00357	0.10917
15	0.01436	0.01268	0.01947	0.02658	0.55771	0.01299	0.01427	0.17363	0.01521	0.02130	0.06907	0.01525	0.01185	0.00561	0.00540	0.00160	0.00598	0.00517	0.00348	0.00837

[dist]
# distance from previous block
# <min> <max>
0	2

[block]
# block no. 4 follows, 45 sequences, length 40
# corresponding to MSA columns:
# 503-542
name=unknown_E
#
# <colnr> <probs for GDERKNQSTAVLIFYWHMCP>
#	G	D	E	R	K	N	Q	S	T	A	V	L	I	F	Y	W	H	M	C	P
0	0.73721	0.05769	0.00904	0.00716	0.01041	0.01207	0.00596	0.01538	0.00969	0.02321	0.06453	0.01105	0.00921	0.00541	0.00355	0.00163	0.00413	0.00341	0.00345	0.00582
1	0.00932	0.00639	0.00794	0.00729	0.00900	0.00610	0.00555	0.01305	0.09431	0.07751	0.57688	0.03737	0.10739	0.01049	0.00617	0.00171	0.00288	0.00915	0.00584	0.00568
2	0.01429	0.01212	0.01946	0.04403	0.59214	0.01213	0.01449	0.07354	0.01346	0.08504	0.01386	0.01596	0.05399	0.00560	0.00539	0.00162	0.00599	0.00522	0.00334	0.00832
3	0.01258	0.00990	0.01139	0.00877	0.01288	0.00875	0.00698	0.06104	0.15318	0.06456	0.07119	0.01552	0.01316	0.00543	0.00460	0.00115	0.00407	0.00444	0.00415	0.52627
4	0.00685	0.00545	0.00573	0.00577	0.00746	0.00470	0.00440	0.00845	0.01240	0.01554	0.10516	0.04895	0.61951	0.01292	0.00621	0.00180	0.00282	0.05403	0.06721	0.00463
5	0.01357	0.01294	0.02011	0.24379	0.37919	0.07997	0.09318	0.01678	0.01230	0.06134	0.01052	0.01368	0.00823	0.00510	0.00540	0.00166	0.00706	0.00486	0.00283	0.00750
6	0.03906	0.01560	0.14008	0.01424	0.09618	0.13362	0.05487	0.07091	0.13392	0.07591	0.10688	0.05238	0.02882	0.00702	0.00545	0.00168	0.00607	0.00590	0.00410	0.00732
7	0.00734	0.00560	0.00780	0.00789	0.00894	0.00610	0.00602	0.00904	0.00940	0.01289	0.02297	0.08657	0.15606	0.04999	0.56975	0.00681	0.01118	0.00755	0.00343	0.00468
8	0.06184	0.00791	0.00900	0.00814	0.01042	0.00819	0.00645	0.05267	0.16890	0.12319	0.20122	0.02714	0.02391	0.00833	0.00531	0.00168	0.00362	0.07042	0.19514	0.00653
9	0.08700	0.38036	0.24172	0.01157	0.01670	0.15190	0.01217	0.01725	0.01163	0.01497	0.00823	0.00959	0.00677	0.00494	0.00415	0.00139	0.00692	0.00329	0.00246	0.00698
10	0.01159	0.01143	0.01668	0.39573	0.12856	0.07144	0.05736	0.01552	0.06745	0.01500	0.01155	0.03374	0.00968	0.00776	0.04070	0.00211	0.06725	0.02712	0.00285	0.00646
11	0.00843	0.00602	0.00839	0.00963	0.01077	0.00599	0.00826	0.01074	0.01214	0.01582	0.02854	0.13931	0.03138	0.01504	0.00735	0.00244	0.00475	0.66517	0.00495	0.00488
12	0.01171	0.01140	0.02014	0.12274	0.32423	0.01161	0.18646	0.01596	0.07765	0.01681	0.01421	0.13581	0.01306	0.00686	0.00581	0.00178	0.00641	0.00686	0.00324	0.00725
13	0.01432	0.28552	0.15673	0.01438	0.07596	0.01524	0.12307	0.01943	0.12571	0.10141	0.01224	0.01311	0.00932	0.00532	0.00483	0.00154	0.00631	0.00449	0.00334	0.00774
14	0.01359	0.09016	0.44769	0.01388	0.02008	0.01231	0.07192	0.05042	0.01272	0.13804	0.01290	0.01616	0.00983	0.00604	0.00528	0.00171	0.00698	0.05915	0.00333	0.00781
15	0.23720	0.08578	0.22852	0.01204	0.01651	0.27349	0.01173	0.03042	0.01217	0.01742	0.00843	0.00990	0.00663	0.00529	0.00469	0.00155	0.02530	0.00346	0.00277	0.00669
16	0.00930	0.00664	0.00783	0.00708	0.00895	0.00625	0.00544	0.08914	0.01538	0.05396	0.44808	0.03970	0.25962	0.01108	0.00619	0.00172	0.00303	0.00949	0.00561	0.00551
17	0.03529	0.01290	0.08187	0.17847	0.10257	0.01260	0.01185	0.16037	0.17978	0.14702	0.01480	0.01544	0.01064	0.00610	0.00532	0.00171	0.00577	0.00506	0.00436	0.00808
18	0.01451	0.01398	0.01614	0.15932	0.19644	0.15943	0.01209	0.12900	0.01383	0.01811	0.01044	0.01322	0.00840	0.00608	0.00680	0.00166	0.11765	0.00455	0.09137	0.00697
19	0.17217	0.00971	0.01185	0.00927	0.01328	0.00915	0.00765	0.06755	0.01483	0.60137	0.01823	0.01624	0.01170	0.00633	0.00502	0.00166	0.00457	0.00492	0.00597	0.00854
20	0.00656	0.00543	0.00574	0.00570	0.00739	0.00462	0.00426	0.00810	0.01268	0.01564	0.17267	0.06761	0.63861	0.01324	0.00635	0.00180	0.00270	0.01115	0.00514	0.00462
21	0.00674	0.00517	0.00624	0.00700	0.00802	0.00467	0.00511	0.00804	0.01131	0.01432	0.03904	0.41683	0.32161	0.01531	0.00673	0.00208	0.00320	0.10912	0.00498	0.00450
22	0.00714	0.00547	0.00654	0.00627	0.00774	0.00487	0.00470	0.00924	0.01411	0.01894	0.51022	0.04435	0.31707	0.01194	0.00634	0.00173	0.00260	0.01030	0.00557	0.00487
23	0.00733	0.00534	0.00705	0.00704	0.00810	0.00507	0.00517	0.00941	0.01335	0.01863	0.50744	0.19638	0.07810	0.01539	0.08904	0.00253	0.00391	0.01051	0.00536	0.00487
24	0.01239	0.01293	0.06614	0.31164	0.27185	0.01286	0.14497	0.07088	0.01266	0.01724	0.01020	0.01373	0.00789	0.00510	0.00550	0.00171	0.00719	0.00500	0.00275	0.00736
25	0.17865	0.07468	0.10282	0.01257	0.06002	0.19836	0.07180	0.01608	0.01271	0.01801	0.16318	0.04014	0.01651	0.00661	0.00498	0.00159	0.00622	0.00529	0.00347	0.00632
26	0.34439	0.17665	0.01610	0.01385	0.17277	0.09568	0.00940	0.01748	0.01133	0.08517	0.00930	0.01059	0.00736	0.00506	0.00410	0.00151	0.00556	0.00357	0.00320	0.00693
27	0.00798	0.00575	0.00625	0.00608	0.00789	0.00495	0.00461	0.00940	0.01224	0.07310	0.06903	0.04806	0.59570	0.07236	0.00789	0.00209	0.00317	0.05362	0.00501	0.00483
28	0.01525	0.01247	0.01321	0.01131	0.01468	0.01424	0.00895	0.22508	0.56852	0.02551	0.01944	0.01811	0.01444	0.00706	0.00544	0.00176	0.00469	0.00574	0.00544	0.00867
29	0.01458	0.01207	0.01221	0.00926	0.01365	0.11370	0.00737	0.07158	0.01324	0.10954	0.01101	0.01192	0.00854	0.00469	0.00437	0.00104	0.00496	0.00361	0.00370	0.56897
30	0.00790	0.00584	0.00713	0.00700	0.00734	0.00627	0.00465	0.00846	0.00857	0.01153	0.02041	0.07848	0.09824	0.50644	0.12612	0.00488	0.07539	0.00807	0.00341	0.00389
31	0.02387	0.00948	0.01267	0.00972	0.01388	0.00841	0.00803	0.06941	0.01595	0.73751	0.02069	0.01795	0.01304	0.00663	0.00540	0.00166	0.00465	0.00536	0.00657	0.00913
32	0.01193	0.01137	0.01935	0.36153	0.45984	0.01240	0.01580	0.01529	0.01158	0.01590	0.00986	0.01373	0.00792	0.00503	0.00534	0.00168	0.00671	0.00478	0.00254	0.00741
33	0.01360	0.06037	0.02330	0.02078	0.21170	0.01355	0.30733	0.12342	0.06999	0.01958	0.01489	0.01686	0.06755	0.00577	0.00571	0.00169	0.00689	0.00589	0.00343	0.00769
34	0.02130	0.00887	0.01177	0.00945	0.01310	0.00799	0.00764	0.02440	0.08037	0.63456	0.02212	0.10164	0.01590	0.00777	0.00556	0.00173	0.00439	0.00650	0.00637	0.00858
35	0.00838	0.00679	0.00739	0.00782	0.00895	0.05166	0.00572	0.01094	0.06968	0.01618	0.14094	0.38281	0.12316	0.01337	0.00635	0.00196	0.00358	0.07520	0.05412	0.00500
36	0.01571	0.07373	0.02051	0.01708	0.12113	0.14754	0.22976	0.04994	0.01404	0.14095	0.07893	0.04034	0.01331	0.00611	0.00554	0.00163	0.00694	0.00572	0.00378	0.00732
37	0.01183	0.02260	0.48757	0.07570	0.06719	0.07963	0.06055	0.01675	0.01173	0.01651	0.00960	0.01170	0.00714	0.00499	0.00506	0.00158	0.00758	0.00409	0.00246	0.09576
38	0.09753	0.00631	0.00782	0.00841	0.00967	0.00633	0.00668	0.01118	0.01111	0.06097	0.02493	0.21680	0.03927	0.12135	0.00941	0.00263	0.00442	0.34561	0.00465	0.00492
39	0.01910	0.08268	0.11805	0.01045	0.01488	0.01136	0.00970	0.19000	0.01625	0.35963	0.01614	0.01545	0.01096	0.00617	0.00501	0.00157	0.00521	0.00481	0.09426	0.00834

[dist]
# distance from previous block
# <min> <max>
1	4

[block]
# block no. 5 follows, 45 sequences, length 86
# corresponding to MSA columns:
# 548-633
name=unknown_F
#
# <colnr> <probs for GDERKNQSTAVLIFYWHMCP>
#	G	D	E	R	K	N	Q	S	T	A	V	L	I	F	Y	W	H	M	C	P
0	0.00780	0.00544	0.00699	0.00693	0.00760	0.00570	0.00483	0.00905	0.00951	0.01344	0.12523	0.03042	0.04778	0.34191	0.30050	0.00561	0.00793	0.00729	0.05183	0.00422
1	0.01188	0.03304	0.01874	0.13875	0.30023	0.01294	0.07628	0.01554	0.06561	0.01609	0.03767	0.03677	0.01093	0.00789	0.03945	0.00209	0.16063	0.00544	0.00294	0.00708
2	0.00662	0.00533	0.00586	0.00612	0.00753	0.00464	0.00449	0.00797	0.01187	0.01467	0.08775	0.18910	0.53225	0.04603	0.00733	0.00204	0.00299	0.04795	0.00497	0.00450
3	0.01178	0.24950	0.57065	0.01358	0.02057	0.01494	0.01683	0.01674	0.01121	0.01577	0.00902	0.01057	0.00682	0.00496	0.00463	0.00154	0.00732	0.00366	0.00227	0.00764
4	0.01082	0.07804	0.01480	0.01183	0.01250	0.01377	0.00972	0.01262	0.03597	0.01419	0.08626	0.13684	0.01600	0.01021	0.01323	0.00214	0.50540	0.00670	0.00321	0.00574
5	0.00781	0.00520	0.00585	0.00585	0.00585	0.00520	0.00325	0.00781	0.00781	0.01041	0.01691	0.03513	0.01952	0.81135	0.02732	0.00520	0.00520	0.00781	0.00325	0.00325
6	0.01387	0.01254	0.01961	0.15259	0.51064	0.01324	0.01494	0.13073	0.04424	0.01962	0.01091	0.01366	0.00870	0.00523	0.00534	0.00164	0.00635	0.00484	0.00314	0.00819
7	0.01142	0.17146	0.64558	0.01418	0.02151	0.01407	0.01789	0.01683	0.01126	0.01620	0.00924	0.01084	0.00682	0.00501	0.00480	0.00160	0.00753	0.00377	0.00227	0.00774
8	0.01889	0.01504	0.04027	0.01144	0.01504	0.19885	0.00929	0.11001	0.22894	0.25494	0.03075	0.01623	0.01261	0.00656	0.00529	0.00164	0.00594	0.00508	0.00506	0.00814
9	0.01105	0.09040	0.72340	0.01481	0.02248	0.01316	0.01899	0.01693	0.01130	0.01665	0.00946	0.01112	0.00681	0.00506	0.00497	0.00166	0.00776	0.00388	0.00227	0.00785
10	0.00662	0.00473	0.00633	0.00757	0.00792	0.00443	0.00513	0.00762	0.01036	0.01380	0.02954	0.77794	0.03532	0.01674	0.00687	0.00219	0.00319	0.04434	0.00498	0.00438
11	0.00684	0.00497	0.00678	0.03529	0.00909	0.00478	0.00564	0.00800	0.01047	0.01390	0.02879	0.71685	0.03412	0.01625	0.00685	0.00219	0.00341	0.07643	0.00489	0.00447
12	0.00749	0.00544	0.00705	0.00674	0.00797	0.00500	0.00502	0.00988	0.01479	0.02079	0.70286	0.08393	0.08007	0.01141	0.00636	0.00172	0.00257	0.01009	0.00582	0.00500
13	0.01435	0.81458	0.02813	0.00918	0.01378	0.02124	0.00918	0.01607	0.01091	0.01263	0.00746	0.00861	0.00689	0.00459	0.00344	0.00115	0.00574	0.00287	0.00230	0.00689
14	0.00634	0.00544	0.00544	0.00544	0.00725	0.00453	0.00408	0.00770	0.01224	0.01450	0.05438	0.05166	0.77569	0.01359	0.00634	0.00181	0.00272	0.01133	0.00498	0.00453
15	0.01335	0.01153	0.01214	0.01092	0.01396	0.01335	0.00850	0.02852	0.76817	0.02245	0.02185	0.02003	0.01639	0.00728	0.00546	0.00182	0.00425	0.00607	0.00546	0.00850
16	0.01125	0.04861	0.67283	0.01600	0.03667	0.02811	0.07888	0.01707	0.01152	0.01683	0.00965	0.01151	0.00694	0.00504	0.00515	0.00169	0.00797	0.00413	0.00232	0.00782
17	0.01174	0.01174	0.01644	0.01409	0.01409	0.01644	0.01174	0.01292	0.00822	0.01292	0.00705	0.01174	0.00705	0.00940	0.01762	0.00235	0.80153	0.00470	0.00235	0.00587
18	0.01191	0.01288	0.10412	0.01399	0.06048	0.01177	0.14958	0.02068	0.35786	0.01868	0.03822	0.02048	0.01473	0.13000	0.00896	0.00231	0.00579	0.00617	0.00409	0.00729
19	0.00654	0.00467	0.00623	0.00747	0.00779	0.00436	0.00498	0.00747	0.01028	0.01370	0.02959	0.80785	0.03550	0.01682	0.00685	0.00218	0.00311	0.01526	0.00498	0.00436
20	0.00760	0.00549	0.00718	0.00675	0.00802	0.00506	0.00506	0.01013	0.01519	0.02153	0.77503	0.04010	0.05065	0.01097	0.00633	0.00169	0.00253	0.00971	0.00591	0.00506
21	0.01113	0.00954	0.01113	0.00795	0.01272	0.00716	0.00636	0.01352	0.01113	0.01749	0.00954	0.01113	0.00795	0.00398	0.00398	0.00080	0.00398	0.00318	0.00318	0.84417
22	0.01041	0.01571	0.30842	0.01296	0.05862	0.00946	0.06740	0.01491	0.03586	0.03993	0.27780	0.02216	0.02287	0.00711	0.00556	0.00163	0.00552	0.00623	0.00388	0.07353
23	0.01174	0.01174	0.01644	0.01409	0.01409	0.01644	0.01174	0.01292	0.00822	0.01292	0.00705	0.01174	0.00705	0.00940	0.01762	0.00235	0.80153	0.00470	0.00235	0.00587
24	0.01047	0.01119	0.05032	0.16119	0.11958	0.01050	0.27493	0.01389	0.01228	0.01645	0.09259	0.05681	0.13120	0.00729	0.00600	0.00178	0.00645	0.00724	0.00339	0.00644
25	0.00762	0.00558	0.00724	0.00695	0.00825	0.00506	0.00513	0.00987	0.01411	0.01994	0.60152	0.17148	0.04555	0.01158	0.00628	0.00172	0.00272	0.01029	0.00559	0.05353
26	0.00654	0.00467	0.00623	0.00747	0.00779	0.00436	0.00498	0.00747	0.01028	0.01370	0.02959	0.80785	0.03550	0.01682	0.00685	0.00218	0.00311	0.01526	0.00498	0.00436
27	0.11974	0.01400	0.01351	0.01122	0.01480	0.07856	0.00900	0.35181	0.26879	0.02691	0.01490	0.01460	0.01103	0.00646	0.00508	0.00166	0.00539	0.00490	0.01943	0.00820
28	0.02889	0.11814	0.13597	0.20167	0.07753	0.03494	0.06853	0.07784	0.02840	0.03326	0.01043	0.01318	0.00818	0.00523	0.00493	0.00152	0.00649	0.01595	0.00298	0.12595
29	0.07935	0.24230	0.21652	0.01314	0.07299	0.08936	0.01224	0.07313	0.03926	0.09895	0.01066	0.01151	0.00808	0.00531	0.00455	0.00150	0.00644	0.00388	0.00324	0.00759
30	0.01119	0.07181	0.65402	0.01578	0.02324	0.01310	0.10347	0.01697	0.01146	0.01677	0.00965	0.01153	0.00696	0.00500	0.00514	0.00168	0.00793	0.00417	0.00232	0.00779
31	0.01329	0.01266	0.02102	0.03119	0.71705	0.01280	0.01584	0.01743	0.07240	0.01793	0.01103	0.01382	0.00913	0.00498	0.00533	0.00161	0.00621	0.00489	0.00288	0.00850
32	0.01833	0.03865	0.01481	0.04538	0.12864	0.04455	0.03655	0.06076	0.03487	0.38904	0.01960	0.04309	0.05515	0.00716	0.00551	0.00169	0.00531	0.03777	0.00510	0.00804
33	0.01765	0.11381	0.29258	0.01210	0.01772	0.01139	0.04258	0.02128	0.01326	0.38236	0.01494	0.01445	0.00997	0.00575	0.00509	0.00162	0.00610	0.00461	0.00438	0.00835
34	0.00660	0.00472	0.00628	0.00743	0.00780	0.00440	0.00499	0.00763	0.01056	0.01415	0.07254	0.76360	0.03638	0.01648	0.00682	0.00215	0.00308	0.01494	0.00504	0.00440
35	0.00654	0.00467	0.00623	0.00747	0.00779	0.00436	0.00498	0.00747	0.01028	0.01370	0.02959	0.80785	0.03550	0.01682	0.00685	0.00218	0.00311	0.01526	0.00498	0.00436
36	0.08344	0.01457	0.13705	0.02699	0.56595	0.01234	0.01563	0.01624	0.01194	0.01817	0.04062	0.01368	0.00971	0.00510	0.00515	0.00162	0.00627	0.00470	0.00278	0.00805
37	0.01014	0.00954	0.01610	0.79845	0.03697	0.01193	0.01491	0.01371	0.01073	0.01371	0.00954	0.01431	0.00716	0.00537	0.00537	0.00179	0.00716	0.00477	0.00239	0.00596
38	0.00750	0.00559	0.00826	0.00845	0.00931	0.00635	0.00644	0.00926	0.00888	0.01265	0.01671	0.14195	0.01681	0.03666	0.66976	0.00764	0.01265	0.00721	0.00320	0.00473
39	0.01367	0.01242	0.01813	0.33649	0.30140	0.04448	0.01438	0.15954	0.01426	0.01898	0.01034	0.01348	0.00802	0.00537	0.00533	0.00167	0.00673	0.00473	0.00308	0.00751
40	0.00666	0.00499	0.00620	0.00699	0.00780	0.00453	0.00490	0.00789	0.01126	0.01463	0.09527	0.52207	0.22715	0.01544	0.00670	0.00206	0.00304	0.04288	0.00506	0.00448
41	0.01277	0.01186	0.01889	0.13439	0.50898	0.01193	0.01426	0.04193	0.03365	0.01771	0.01036	0.01327	0.00847	0.00487	0.00512	0.00151	0.00604	0.00457	0.00287	0.13655
42	0.01471	0.44078	0.26580	0.01118	0.01677	0.01640	0.01237	0.01792	0.01173	0.13215	0.01026	0.01096	0.00784	0.00507	0.00427	0.00140	0.00626	0.00361	0.00295	0.00757
43	0.05152	0.13585	0.01575	0.01081	0.01455	0.01521	0.00895	0.29920	0.27789	0.06890	0.01551	0.01543	0.01167	0.02815	0.00562	0.00171	0.00514	0.00499	0.00486	0.00827
44	0.01279	0.01415	0.02981	0.02457	0.16941	0.01342	0.61850	0.01706	0.01259	0.01726	0.01072	0.01425	0.00821	0.00457	0.00614	0.00177	0.00855	0.00604	0.00270	0.00748
45	0.00654	0.00467	0.00623	0.00747	0.00779	0.00436	0.00498	0.00747	0.01028	0.01370	0.02959	0.80785	0.03550	0.01682	0.00685	0.00218	0.00311	0.01526	0.00498	0.00436
46	0.01113	0.00954	0.01113	0.00795	0.01272	0.00716	0.00636	0.01352	0.01113	0.01749	0.00954	0.01113	0.00795	0.00398	0.00398	0.00080	0.00398	0.00318	0.00318	0.84417
47	0.01080	0.01022	0.01730	0.63674	0.19349	0.01210	0.01524	0.01430	0.01105	0.01452	0.00966	0.01409	0.00744	0.00524	0.00536	0.00175	0.00699	0.00477	0.00244	0.00650
48	0.00716	0.00570	0.00657	0.00700	0.00861	0.00511	0.00569	0.00891	0.01228	0.01505	0.04524	0.05479	0.51351	0.01403	0.00672	0.00204	0.00350	0.26844	0.00497	0.00468
49	0.01315	0.07779	0.02888	0.01999	0.02493	0.01422	0.59198	0.07165	0.01317	0.01775	0.01077	0.01408	0.00830	0.00625	0.03793	0.00203	0.03115	0.00588	0.00287	0.00721
50	0.01287	0.00944	0.01294	0.03460	0.03501	0.00917	0.08353	0.13421	0.05890	0.10778	0.23614	0.05236	0.07929	0.00815	0.00572	0.00162	0.00451	0.00718	0.00495	0.10164
51	0.01662	0.07462	0.01484	0.01173	0.01496	0.19288	0.00934	0.13916	0.34938	0.06472	0.01564	0.01526	0.01182	0.00660	0.00564	0.00165	0.03779	0.00495	0.00454	0.00788
52	0.01435	0.81458	0.02813	0.00918	0.01378	0.02124	0.00918	0.01607	0.01091	0.01263	0.00746	0.00861	0.00689	0.00459	0.00344	0.00115	0.00574	0.00287	0.00230	0.00689
53	0.01113	0.00954	0.01113	0.00795	0.01272	0.00716	0.00636	0.01352	0.01113	0.01749	0.00954	0.01113	0.00795	0.00398	0.00398	0.00080	0.00398	0.00318	0.00318	0.84417
54	0.00699	0.00546	0.00633	0.00612	0.00765	0.00481	0.00459	0.00896	0.01376	0.01813	0.42649	0.04569	0.40131	0.01224	0.00634	0.00175	0.00262	0.01049	0.00546	0.00481
55	0.02149	0.00860	0.01130	0.00891	0.01257	0.00767	0.00728	0.02416	0.04506	0.63400	0.02064	0.01861	0.01348	0.00661	0.00515	0.00160	0.00424	0.00536	0.13480	0.00847
56	0.01026	0.00970	0.01613	0.74040	0.03528	0.01226	0.01467	0.01366	0.01055	0.01366	0.00936	0.01412	0.00715	0.00566	0.00627	0.00183	0.06595	0.00477	0.00238	0.00596
57	0.00769	0.00568	0.00826	0.00826	0.00910	0.00651	0.00626	0.00935	0.00852	0.01219	0.01471	0.02293	0.01422	0.14157	0.68987	0.00818	0.01317	0.00602	0.00293	0.00459
58	0.00766	0.00563	0.00810	0.00813	0.00891	0.00640	0.00609	0.00923	0.00853	0.01215	0.01521	0.04448	0.01503	0.16847	0.64169	0.00788	0.01254	0.00635	0.00299	0.00452
59	0.84927	0.01038	0.00789	0.00706	0.01038	0.01204	0.00581	0.01578	0.00914	0.02408	0.00747	0.00872	0.00581	0.00498	0.00332	0.00166	0.00415	0.00291	0.00332	0.00581
60	0.00810	0.00574	0.00772	0.00875	0.00964	0.00567	0.00707	0.00989	0.01127	0.01474	0.02728	0.19405	0.04194	0.13754	0.01035	0.00283	0.00461	0.48355	0.00469	0.00457
61	0.01375	0.01307	0.02049	0.08376	0.34965	0.03517	0.14552	0.09305	0.13889	0.01958	0.02563	0.01502	0.01039	0.00549	0.00553	0.00168	0.00654	0.00532	0.00344	0.00802
62	0.01059	0.01115	0.07269	0.55799	0.10401	0.01152	0.01428	0.01456	0.03403	0.01511	0.03110	0.01462	0.00880	0.00539	0.00526	0.00168	0.00667	0.00476	0.00266	0.07314
63	0.84927	0.01038	0.00789	0.00706	0.01038	0.01204	0.00581	0.01578	0.00914	0.02408	0.00747	0.00872	0.00581	0.00498	0.00332	0.00166	0.00415	0.00291	0.00332	0.00581
64	0.01238	0.03956	0.10761	0.02011	0.02536	0.01344	0.57115	0.01747	0.05592	0.01721	0.01189	0.01608	0.00933	0.00525	0.00633	0.00182	0.02358	0.03537	0.00290	0.00726
65	0.00756	0.00549	0.00713	0.00672	0.00800	0.00505	0.00504	0.01006	0.01511	0.02134	0.75556	0.04041	0.07024	0.01104	0.00633	0.00169	0.00254	0.00975	0.00588	0.00505
66	0.00754	0.00545	0.00679	0.00645	0.00780	0.00498	0.00484	0.00989	0.01452	0.02036	0.62156	0.04074	0.15995	0.01111	0.00619	0.00168	0.00256	0.00969	0.05292	0.00498
67	0.01320	0.01267	0.02164	0.05342	0.75805	0.01273	0.01643	0.01640	0.01218	0.01743	0.01008	0.01331	0.00847	0.00480	0.00532	0.00160	0.00640	0.00478	0.00265	0.00843
68	0.00634	0.00544	0.00544	0.00544	0.00725	0.00453	0.00408	0.00770	0.01224	0.01450	0.05438	0.05166	0.77569	0.01359	0.00634	0.00181	0.00272	0.01133	0.00498	0.00453
69	0.00693	0.00594	0.00600	0.00589	0.00781	0.00527	0.00445	0.00944	0.07513	0.01516	0.05167	0.04903	0.71251	0.01307	0.00627	0.00181	0.00285	0.01089	0.00502	0.00486
70	0.01014	0.00954	0.01610	0.79845	0.03697	0.01193	0.01491	0.01371	0.01073	0.01371	0.00954	0.01431	0.00716	0.00537	0.00537	0.00179	0.00716	0.00477	0.00239	0.00596
71	0.01216	0.07476	0.01270	0.00863	0.01297	0.06642	0.00696	0.04403	0.01193	0.01722	0.01057	0.05681	0.00942	0.00498	0.00422	0.00098	0.00457	0.00394	0.00327	0.63345
72	0.02041	0.01504	0.01611	0.01235	0.01665	0.01665	0.01020	0.75997	0.02524	0.03383	0.01289	0.01289	0.00913	0.00644	0.00537	0.00161	0.00591	0.00483	0.00537	0.00913
73	0.01012	0.02422	0.66413	0.01410	0.02086	0.01122	0.01755	0.01554	0.01117	0.01649	0.01270	0.13370	0.01121	0.00690	0.00537	0.00177	0.00719	0.00570	0.00268	0.00738
74	0.01342	0.01131	0.01204	0.01070	0.01368	0.01294	0.00835	0.08120	0.65324	0.02322	0.08115	0.02110	0.01858	0.00751	0.00552	0.00179	0.00423	0.00627	0.00549	0.00827
75	0.15085	0.00933	0.01176	0.00917	0.01319	0.00853	0.00757	0.02457	0.01441	0.66521	0.01907	0.01680	0.01214	0.00639	0.00508	0.00166	0.00450	0.00502	0.00613	0.00862
76	0.84927	0.01038	0.00789	0.00706	0.01038	0.01204	0.00581	0.01578	0.00914	0.02408	0.00747	0.00872	0.00581	0.00498	0.00332	0.00166	0.00415	0.00291	0.00332	0.00581
77	0.01014	0.00954	0.01610	0.79845	0.03697	0.01193	0.01491	0.01371	0.01073	0.01371	0.00954	0.01431	0.00716	0.00537	0.00537	0.00179	0.00716	0.00477	0.00239	0.00596
78	0.00906	0.00690	0.00946	0.00909	0.01046	0.00797	0.00711	0.06663	0.07032	0.01484	0.01486	0.02040	0.01334	0.03513	0.66954	0.00757	0.01294	0.00571	0.00327	0.00541
79	0.00753	0.00548	0.00708	0.00668	0.00798	0.00503	0.00501	0.00999	0.01502	0.02112	0.73350	0.04076	0.09243	0.01112	0.00633	0.00170	0.00254	0.00980	0.00586	0.00503
80	0.01500	0.01116	0.01219	0.01071	0.01392	0.01251	0.00840	0.02816	0.65252	0.13907	0.02174	0.01976	0.01591	0.00718	0.00545	0.00180	0.00430	0.00597	0.00564	0.00859
81	0.00769	0.00567	0.00820	0.00820	0.00901	0.00648	0.00618	0.00931	0.00850	0.01215	0.01477	0.02324	0.01436	0.15872	0.67290	0.00810	0.01297	0.00607	0.00293	0.00456
82	0.01014	0.00954	0.01610	0.79845	0.03697	0.01193	0.01491	0.01371	0.01073	0.01371	0.00954	0.01431	0.00716	0.00537	0.00537	0.00179	0.00716	0.00477	0.00239	0.00596
83	0.01238	0.00655	0.00842	0.00747	0.00967	0.00583	0.00579	0.01435	0.01392	0.25589	0.28884	0.10009	0.19480	0.01186	0.03746	0.00203	0.00373	0.00903	0.00574	0.00615
84	0.00870	0.00526	0.00618	0.00595	0.00721	0.00504	0.00446	0.01122	0.01339	0.02083	0.42698	0.03087	0.03370	0.00881	0.00515	0.00149	0.00252	0.00755	0.38967	0.00504
85	0.00789	0.00604	0.00776	0.00837	0.00966	0.00591	0.00693	0.00989	0.01224	0.01575	0.09289	0.10307	0.24779	0.01408	0.00739	0.00220	0.03609	0.39630	0.00493	0.00483

[dist]
# distance from previous block
# <min> <max>
0	195

# created by:
# /home/berkeley/.conda/envs/busco_data_prod/bin/msa2prfl.pl pipeline/OGs_align_augustus/33634/160044.fs
