[name]
unknown

[dist]
# distance from previous block
# <min> <max>
0	341

[block]
# block no. 0 follows, 44 sequences, length 16
# corresponding to MSA columns:
# 342-357
name=unknown_A
#
# <colnr> <probs for GDERKNQSTAVLIFYWHMCP>
#	G	D	E	R	K	N	Q	S	T	A	V	L	I	F	Y	W	H	M	C	P
0	0.00799	0.00630	0.00744	0.00826	0.00912	0.03137	0.00593	0.01049	0.07733	0.01538	0.06693	0.55558	0.06590	0.01518	0.00678	0.00215	0.00364	0.09417	0.00507	0.00497
1	0.01196	0.00873	0.01165	0.12724	0.03468	0.00955	0.02119	0.08647	0.09423	0.08149	0.09789	0.08973	0.02014	0.12490	0.02767	0.00254	0.04925	0.06421	0.03027	0.00623
2	0.03373	0.05572	0.13611	0.05449	0.04540	0.05392	0.10272	0.18157	0.05349	0.05442	0.01244	0.04622	0.00990	0.00622	0.00589	0.00165	0.04557	0.00512	0.01666	0.07878
3	0.01316	0.01164	0.01957	0.09053	0.47009	0.01178	0.07535	0.01703	0.06009	0.06524	0.01390	0.08310	0.01223	0.00647	0.00569	0.00175	0.00619	0.02489	0.00338	0.00790
4	0.00694	0.00541	0.00630	0.00636	0.00774	0.00477	0.00466	0.00869	0.01320	0.01721	0.31360	0.17399	0.38486	0.01338	0.00652	0.00186	0.00276	0.01157	0.00541	0.00477
5	0.01236	0.01466	0.11468	0.20568	0.08353	0.01360	0.30553	0.04990	0.03703	0.01715	0.01059	0.01404	0.00811	0.00554	0.00699	0.00185	0.08334	0.00541	0.00280	0.00722
6	0.03809	0.06477	0.10537	0.04853	0.11431	0.11121	0.03444	0.20971	0.12480	0.07612	0.01300	0.01373	0.00966	0.00594	0.00522	0.00164	0.00653	0.00472	0.00406	0.00817
7	0.02109	0.01067	0.01284	0.01008	0.01394	0.01058	0.00825	0.23337	0.06610	0.43224	0.01873	0.01731	0.01255	0.00669	0.00529	0.00164	0.00477	0.00532	0.09979	0.00876
8	0.01443	0.01335	0.02041	0.08534	0.54309	0.05104	0.03484	0.07997	0.01364	0.04169	0.01070	0.01345	0.00862	0.00510	0.00536	0.00160	0.00658	0.00479	0.00306	0.04293
9	0.00667	0.00544	0.00589	0.00597	0.00755	0.00467	0.00440	0.00818	0.01267	0.01575	0.16447	0.13645	0.57541	0.01376	0.00650	0.00186	0.00278	0.01170	0.00521	0.00467
10	0.00664	0.00474	0.00633	0.00759	0.00791	0.00443	0.00506	0.00759	0.01044	0.01392	0.03005	0.80485	0.03606	0.01708	0.00696	0.00221	0.00316	0.01550	0.00506	0.00443
11	0.00772	0.00546	0.00707	0.00685	0.00803	0.00506	0.00507	0.01011	0.01469	0.02091	0.65298	0.12355	0.04790	0.01156	0.00636	0.00175	0.00264	0.01024	0.04699	0.00506
12	0.00755	0.00557	0.00706	0.00669	0.00804	0.00507	0.00501	0.00997	0.01504	0.02094	0.67910	0.04224	0.14444	0.01149	0.00643	0.00173	0.00260	0.01007	0.00588	0.00507
13	0.84691	0.01054	0.00801	0.00717	0.01054	0.01223	0.00590	0.01603	0.00928	0.02446	0.00759	0.00886	0.00590	0.00506	0.00337	0.00169	0.00422	0.00295	0.00337	0.00590
14	0.02364	0.01060	0.01347	0.01033	0.01457	0.00997	0.00853	0.18710	0.01781	0.61452	0.01966	0.01735	0.01257	0.00670	0.00548	0.00168	0.00494	0.00536	0.00646	0.00928
15	0.84691	0.01054	0.00801	0.00717	0.01054	0.01223	0.00590	0.01603	0.00928	0.02446	0.00759	0.00886	0.00590	0.00506	0.00337	0.00169	0.00422	0.00295	0.00337	0.00590

[dist]
# distance from previous block
# <min> <max>
0	2

[block]
# block no. 1 follows, 44 sequences, length 58
# corresponding to MSA columns:
# 360-417
name=unknown_B
#
# <colnr> <probs for GDERKNQSTAVLIFYWHMCP>
#	G	D	E	R	K	N	Q	S	T	A	V	L	I	F	Y	W	H	M	C	P
0	0.84691	0.01054	0.00801	0.00717	0.01054	0.01223	0.00590	0.01603	0.00928	0.02446	0.00759	0.00886	0.00590	0.00506	0.00337	0.00169	0.00422	0.00295	0.00337	0.00590
1	0.01009	0.00510	0.00515	0.00513	0.00640	0.00508	0.00385	0.01263	0.01155	0.02037	0.03979	0.02092	0.01507	0.00649	0.00389	0.00128	0.00254	0.00522	0.81435	0.00508
2	0.01093	0.02820	0.78016	0.01554	0.02360	0.01266	0.02014	0.01727	0.01151	0.01727	0.00978	0.01151	0.00691	0.00518	0.00518	0.00173	0.00806	0.00403	0.00230	0.00806
3	0.00666	0.00484	0.00629	0.00739	0.00787	0.00447	0.00499	0.00771	0.01078	0.01427	0.05859	0.71565	0.09718	0.01660	0.00690	0.00217	0.00311	0.01497	0.00509	0.00447
4	0.00665	0.00482	0.00628	0.00742	0.00787	0.00446	0.00499	0.00766	0.01069	0.01414	0.04662	0.73169	0.09319	0.01671	0.00691	0.00218	0.00312	0.01508	0.00508	0.00446
5	0.01349	0.01295	0.02213	0.03346	0.77440	0.01295	0.01673	0.01673	0.01241	0.01781	0.01025	0.01349	0.00864	0.00486	0.00540	0.00162	0.00648	0.00486	0.00270	0.00864
6	0.02003	0.07156	0.01621	0.01377	0.01669	0.74215	0.01046	0.02145	0.01520	0.01331	0.00838	0.00977	0.00702	0.00556	0.00483	0.00139	0.00960	0.00348	0.00278	0.00636
7	0.00664	0.00474	0.00633	0.00759	0.00791	0.00443	0.00506	0.00759	0.01044	0.01392	0.03005	0.80485	0.03606	0.01708	0.00696	0.00221	0.00316	0.01550	0.00506	0.00443
8	0.01193	0.00720	0.00912	0.00796	0.01007	0.00686	0.00618	0.06826	0.04633	0.15987	0.55029	0.03388	0.04010	0.00986	0.00615	0.00171	0.00327	0.00856	0.00608	0.00633
9	0.08070	0.00597	0.00796	0.00853	0.00937	0.00598	0.03426	0.00915	0.01052	0.01512	0.02656	0.62643	0.03112	0.01517	0.00701	0.00218	0.02830	0.06617	0.00474	0.00476
10	0.01768	0.01324	0.01426	0.01142	0.01511	0.01460	0.00926	0.53497	0.13529	0.03021	0.06064	0.04546	0.03762	0.00754	0.00557	0.00169	0.00526	0.00597	0.02570	0.00851
11	0.81103	0.01075	0.00838	0.00740	0.01082	0.01243	0.00610	0.04817	0.00999	0.02489	0.00783	0.00904	0.00605	0.00513	0.00346	0.00168	0.00429	0.00304	0.00346	0.00605
12	0.00859	0.00540	0.00610	0.00601	0.00622	0.00536	0.00348	0.00882	0.00840	0.03507	0.01735	0.03414	0.01924	0.73115	0.02549	0.00491	0.00509	0.00767	0.05792	0.00361
13	0.07161	0.01455	0.21534	0.16542	0.03907	0.02378	0.07305	0.01607	0.07597	0.04043	0.12156	0.05435	0.04029	0.00721	0.00558	0.00179	0.00608	0.01741	0.00364	0.00679
14	0.01556	0.25474	0.02012	0.06463	0.07170	0.18582	0.01111	0.06193	0.02636	0.04099	0.00907	0.01125	0.00771	0.00630	0.00762	0.00163	0.18965	0.00401	0.00288	0.00691
15	0.00680	0.00547	0.00607	0.00607	0.00762	0.00473	0.00449	0.00846	0.01305	0.01657	0.24479	0.11647	0.51348	0.01339	0.00649	0.00184	0.00275	0.01142	0.00531	0.00473
16	0.01176	0.01724	0.27775	0.01508	0.05817	0.01356	0.05402	0.01793	0.16077	0.01753	0.06247	0.01561	0.01205	0.00721	0.00904	0.00194	0.23199	0.00523	0.00326	0.00737
17	0.00800	0.00614	0.00742	0.00739	0.00874	0.00596	0.00542	0.01162	0.10990	0.01886	0.37637	0.23515	0.15318	0.01259	0.00645	0.00188	0.00298	0.01108	0.00556	0.00533
18	0.00689	0.00554	0.00614	0.00599	0.00763	0.00479	0.00449	0.00868	0.01347	0.01721	0.30397	0.04839	0.52189	0.01288	0.00644	0.00180	0.00270	0.01093	0.00539	0.00479
19	0.01458	0.81168	0.02857	0.00933	0.01399	0.02157	0.00933	0.01632	0.01108	0.01283	0.00758	0.00875	0.00700	0.00466	0.00350	0.00117	0.00583	0.00292	0.00233	0.00700
20	0.00673	0.00481	0.00642	0.00769	0.00804	0.00450	0.00521	0.00774	0.01052	0.01401	0.03000	0.77496	0.03587	0.01700	0.00698	0.00223	0.00324	0.04454	0.00506	0.00445
21	0.01458	0.81168	0.02857	0.00933	0.01399	0.02157	0.00933	0.01632	0.01108	0.01283	0.00758	0.00875	0.00700	0.00466	0.00350	0.00117	0.00583	0.00292	0.00233	0.00700
22	0.01298	0.01120	0.01177	0.01064	0.01362	0.01283	0.00826	0.02724	0.70287	0.02214	0.02490	0.02297	0.07860	0.00792	0.00562	0.00185	0.00419	0.00660	0.00551	0.00830
23	0.00644	0.00552	0.00552	0.00552	0.00736	0.00460	0.00414	0.00782	0.01243	0.01473	0.05523	0.05247	0.77218	0.01381	0.00644	0.00184	0.00276	0.01151	0.00506	0.00460
24	0.01438	0.77009	0.06846	0.00966	0.01450	0.02110	0.00990	0.01637	0.01110	0.01306	0.00770	0.00889	0.00699	0.00469	0.00359	0.00120	0.00595	0.00297	0.00233	0.00705
25	0.00792	0.00589	0.00783	0.00797	0.03755	0.00547	0.00572	0.01044	0.01499	0.02099	0.66098	0.04147	0.09103	0.01127	0.00645	0.00176	0.00286	0.04840	0.00577	0.00524
26	0.02072	0.01527	0.01636	0.01254	0.01691	0.01691	0.01036	0.75622	0.02563	0.03436	0.01309	0.01309	0.00927	0.00654	0.00545	0.00164	0.00600	0.00491	0.00545	0.00927
27	0.02037	0.02598	0.01545	0.01404	0.01685	0.78652	0.01053	0.02177	0.01545	0.01334	0.00843	0.00983	0.00702	0.00562	0.00492	0.00140	0.00983	0.00351	0.00281	0.00632
28	0.00664	0.00474	0.00633	0.00759	0.00791	0.00443	0.00506	0.00759	0.01044	0.01392	0.03005	0.80485	0.03606	0.01708	0.00696	0.00221	0.00316	0.01550	0.00506	0.00443
29	0.02037	0.02598	0.01545	0.01404	0.01685	0.78652	0.01053	0.02177	0.01545	0.01334	0.00843	0.00983	0.00702	0.00562	0.00492	0.00140	0.00983	0.00351	0.00281	0.00632
30	0.01030	0.00969	0.01635	0.79530	0.03755	0.01211	0.01514	0.01393	0.01090	0.01393	0.00969	0.01453	0.00727	0.00545	0.00545	0.00182	0.00727	0.00484	0.00242	0.00606
31	0.01287	0.01471	0.03217	0.02298	0.02849	0.01379	0.75460	0.01746	0.01287	0.01746	0.01103	0.01471	0.00827	0.00460	0.00643	0.00184	0.00919	0.00643	0.00276	0.00735
32	0.00773	0.00520	0.00600	0.00620	0.00625	0.00515	0.00357	0.00788	0.00832	0.01109	0.01916	0.15431	0.02232	0.68635	0.02454	0.00481	0.00496	0.00910	0.00357	0.00348
33	0.00664	0.00474	0.00633	0.00759	0.00791	0.00443	0.00506	0.00759	0.01044	0.01392	0.03005	0.80485	0.03606	0.01708	0.00696	0.00221	0.00316	0.01550	0.00506	0.00443
34	0.00793	0.00529	0.00595	0.00595	0.00595	0.00529	0.00330	0.00793	0.00793	0.01057	0.01718	0.03568	0.01982	0.80840	0.02775	0.00529	0.00529	0.00793	0.00330	0.00330
35	0.01030	0.00969	0.01635	0.79530	0.03755	0.01211	0.01514	0.01393	0.01090	0.01393	0.00969	0.01453	0.00727	0.00545	0.00545	0.00182	0.00727	0.00484	0.00242	0.00606
36	0.04624	0.01366	0.01635	0.05905	0.09644	0.01474	0.03219	0.45732	0.07818	0.05636	0.01314	0.01376	0.00959	0.00611	0.00532	0.00162	0.00584	0.00488	0.00475	0.06448
37	0.01223	0.01604	0.17454	0.04915	0.17083	0.01421	0.21091	0.01584	0.01107	0.01605	0.00941	0.01298	0.00770	0.00629	0.00940	0.00194	0.24652	0.00508	0.00253	0.00728
38	0.01193	0.01193	0.01670	0.01431	0.01431	0.01670	0.01193	0.01312	0.00835	0.01312	0.00716	0.01193	0.00716	0.00954	0.01789	0.00239	0.79843	0.00477	0.00239	0.00596
39	0.00765	0.00557	0.00719	0.00679	0.00810	0.00512	0.00509	0.01016	0.01527	0.02148	0.73350	0.04135	0.08970	0.01129	0.00643	0.00172	0.00258	0.00995	0.00595	0.00512
40	0.78924	0.04120	0.00893	0.00737	0.01079	0.01263	0.00612	0.01644	0.03279	0.02396	0.00804	0.00921	0.00628	0.00512	0.00345	0.00167	0.00428	0.00305	0.00340	0.00603
41	0.01162	0.01156	0.02226	0.02086	0.18099	0.01122	0.34773	0.01515	0.01251	0.01701	0.01648	0.05453	0.01581	0.00813	0.00676	0.00200	0.02199	0.21309	0.00346	0.00684
42	0.01798	0.01275	0.01427	0.01074	0.01525	0.01272	0.00880	0.42864	0.01975	0.10948	0.01286	0.01309	0.00933	0.00573	0.00498	0.00136	0.00520	0.00441	0.00485	0.28781
43	0.01349	0.01295	0.02213	0.03346	0.77440	0.01295	0.01673	0.01673	0.01241	0.01781	0.01025	0.01349	0.00864	0.00486	0.00540	0.00162	0.00648	0.00486	0.00270	0.00864
44	0.01972	0.00890	0.01096	0.00875	0.01212	0.00843	0.00711	0.12709	0.01581	0.44859	0.01921	0.01829	0.01303	0.00660	0.00499	0.00156	0.00422	0.00528	0.25130	0.00804
45	0.01021	0.01147	0.16032	0.01040	0.01326	0.00855	0.03073	0.04625	0.10549	0.05263	0.07599	0.31894	0.06937	0.01141	0.00649	0.00197	0.02318	0.03245	0.00461	0.00629
46	0.00766	0.00560	0.00721	0.00688	0.00820	0.00515	0.00521	0.01014	0.01509	0.02110	0.68781	0.04242	0.10634	0.01150	0.00647	0.00175	0.00268	0.03780	0.00589	0.00510
47	0.02446	0.00928	0.01265	0.00970	0.01392	0.00801	0.00801	0.02657	0.01560	0.77817	0.02151	0.01856	0.01350	0.00675	0.00548	0.00169	0.00464	0.00548	0.00675	0.00928
48	0.03756	0.00955	0.01428	0.26417	0.20808	0.01035	0.01145	0.01678	0.06075	0.10183	0.01374	0.01626	0.01040	0.00577	0.00501	0.00163	0.00541	0.00500	0.19498	0.00699
49	0.01254	0.04715	0.49919	0.01608	0.02292	0.01248	0.17658	0.01780	0.01219	0.08637	0.01260	0.01415	0.03386	0.00547	0.00547	0.00173	0.00774	0.00490	0.00290	0.00787
50	0.01257	0.00671	0.00850	0.00740	0.00973	0.00589	0.00578	0.01469	0.01472	0.25399	0.35649	0.03687	0.22387	0.01047	0.00614	0.00174	0.00326	0.00893	0.00599	0.00628
51	0.01843	0.00854	0.01111	0.00894	0.01220	0.00780	0.00722	0.08426	0.01633	0.45738	0.25356	0.02593	0.04727	0.00830	0.00580	0.00170	0.00406	0.00696	0.00636	0.00786
52	0.01097	0.00870	0.02648	0.08114	0.11607	0.03212	0.00911	0.01428	0.07721	0.08393	0.07577	0.28626	0.02509	0.01135	0.00631	0.00199	0.00474	0.11764	0.00464	0.00620
53	0.06468	0.03342	0.04937	0.15340	0.10140	0.07297	0.13242	0.19235	0.02829	0.07775	0.03363	0.01431	0.00983	0.00576	0.00542	0.00169	0.00683	0.00504	0.00378	0.00767
54	0.00807	0.00565	0.00670	0.00687	0.00745	0.00547	0.00462	0.00879	0.00936	0.01241	0.02216	0.08252	0.07005	0.53124	0.02044	0.00418	0.00491	0.14511	0.00383	0.04018
55	0.01856	0.02024	0.01394	0.01246	0.01527	0.51673	0.00946	0.08488	0.04850	0.07529	0.05411	0.06292	0.03018	0.00706	0.00528	0.00154	0.00789	0.00517	0.00383	0.00669
56	0.04567	0.01117	0.05275	0.00913	0.01385	0.00874	0.02588	0.08427	0.01249	0.01926	0.01029	0.01253	0.00855	0.03932	0.00529	0.00119	0.00463	0.00370	0.00339	0.62789
57	0.01464	0.12327	0.04716	0.15783	0.13816	0.14417	0.02352	0.09582	0.06944	0.03040	0.01143	0.03193	0.00948	0.02942	0.00605	0.00170	0.02585	0.00476	0.00326	0.03171

[dist]
# distance from previous block
# <min> <max>
1	32

[block]
# block no. 2 follows, 44 sequences, length 9
# corresponding to MSA columns:
# 450-458
name=unknown_C
#
# <colnr> <probs for GDERKNQSTAVLIFYWHMCP>
#	G	D	E	R	K	N	Q	S	T	A	V	L	I	F	Y	W	H	M	C	P
0	0.01269	0.05462	0.11251	0.04293	0.33039	0.04470	0.03325	0.03230	0.08759	0.01761	0.03062	0.03482	0.01162	0.06064	0.00678	0.00186	0.00617	0.00529	0.02829	0.04533
1	0.00702	0.00560	0.00679	0.00680	0.00823	0.00536	0.00515	0.00870	0.01151	0.01484	0.12255	0.07470	0.41629	0.02226	0.25470	0.00404	0.00652	0.00969	0.00449	0.00474
2	0.01090	0.05201	0.08589	0.01228	0.05451	0.01036	0.09683	0.01713	0.20459	0.01900	0.16400	0.07200	0.08162	0.00831	0.00576	0.00172	0.00490	0.02292	0.00443	0.07085
3	0.02119	0.00930	0.01212	0.00931	0.01330	0.00810	0.00754	0.05637	0.01487	0.57974	0.01915	0.01861	0.01303	0.06778	0.00699	0.00184	0.00467	0.00533	0.00594	0.12482
4	0.01087	0.01127	0.05339	0.04618	0.01431	0.01391	0.01091	0.01237	0.00876	0.01313	0.01080	0.01671	0.03764	0.09375	0.07643	0.00310	0.55278	0.00540	0.00262	0.00567
5	0.01100	0.01063	0.01489	0.01311	0.01322	0.01453	0.01074	0.01222	0.00863	0.01318	0.01044	0.10817	0.01109	0.01265	0.07053	0.00281	0.64757	0.00614	0.00275	0.00570
6	0.53909	0.01270	0.09787	0.01054	0.06637	0.01186	0.00876	0.04438	0.01130	0.13768	0.01033	0.01110	0.00748	0.00537	0.00412	0.00168	0.00494	0.00366	0.00379	0.00697
7	0.02037	0.02598	0.01545	0.01404	0.01685	0.78652	0.01053	0.02177	0.01545	0.01334	0.00843	0.00983	0.00702	0.00562	0.00492	0.00140	0.00983	0.00351	0.00281	0.00632
8	0.00697	0.00554	0.00626	0.00608	0.00769	0.00483	0.00456	0.00885	0.01368	0.01770	0.35391	0.04757	0.47165	0.01270	0.00644	0.00179	0.00268	0.01082	0.00545	0.00483

[dist]
# distance from previous block
# <min> <max>
2	3

[block]
# block no. 3 follows, 44 sequences, length 9
# corresponding to MSA columns:
# 462-470
name=unknown_D
#
# <colnr> <probs for GDERKNQSTAVLIFYWHMCP>
#	G	D	E	R	K	N	Q	S	T	A	V	L	I	F	Y	W	H	M	C	P
0	0.03842	0.05775	0.07748	0.05500	0.04169	0.01413	0.01064	0.38402	0.04765	0.07887	0.01254	0.01310	0.00914	0.00585	0.00507	0.00152	0.00574	0.00451	0.00449	0.13239
1	0.01138	0.01235	0.07365	0.25004	0.18527	0.01179	0.19262	0.01543	0.03851	0.01616	0.01303	0.06122	0.01147	0.03551	0.00667	0.00196	0.00709	0.04597	0.00298	0.00690
2	0.00784	0.00534	0.00637	0.00643	0.00659	0.00546	0.00390	0.00817	0.00817	0.01104	0.01744	0.07162	0.01973	0.65874	0.13607	0.00563	0.00652	0.00800	0.00334	0.00358
3	0.36601	0.04534	0.01321	0.01140	0.05564	0.16728	0.00865	0.18798	0.01475	0.04434	0.00962	0.01062	0.00737	0.00550	0.00435	0.00157	0.00594	0.00370	0.00375	0.03298
4	0.00861	0.00612	0.00760	0.02569	0.00957	0.00578	0.00585	0.01128	0.05510	0.05915	0.26923	0.18470	0.22662	0.01277	0.00653	0.00193	0.00331	0.08943	0.00541	0.00530
5	0.01437	0.21273	0.20355	0.01426	0.03398	0.07212	0.13406	0.08841	0.02702	0.04896	0.01057	0.01281	0.00841	0.03600	0.00632	0.00171	0.03757	0.00447	0.00304	0.02961
6	0.00805	0.00546	0.00732	0.00732	0.00774	0.00589	0.00501	0.00862	0.00820	0.01136	0.01514	0.02718	0.01589	0.37908	0.35987	0.10503	0.00931	0.00664	0.00303	0.00388
7	0.00773	0.00537	0.00620	0.00610	0.00657	0.00519	0.00379	0.00844	0.01002	0.01347	0.18684	0.03845	0.10129	0.55437	0.02095	0.00416	0.00444	0.00871	0.00407	0.00384
8	0.05139	0.01597	0.17809	0.12027	0.24305	0.01300	0.18785	0.06213	0.01293	0.04753	0.01075	0.01346	0.00812	0.00512	0.00551	0.00172	0.00733	0.00499	0.00295	0.00783

[dist]
# distance from previous block
# <min> <max>
0	22

[block]
# block no. 4 follows, 44 sequences, length 46
# corresponding to MSA columns:
# 493-538
name=unknown_E
#
# <colnr> <probs for GDERKNQSTAVLIFYWHMCP>
#	G	D	E	R	K	N	Q	S	T	A	V	L	I	F	Y	W	H	M	C	P
0	0.12583	0.01465	0.06240	0.07369	0.09876	0.03190	0.37803	0.11284	0.01385	0.02028	0.01054	0.01330	0.00795	0.00505	0.00563	0.00175	0.00766	0.00531	0.00314	0.00746
1	0.00793	0.00529	0.00595	0.00595	0.00595	0.00529	0.00330	0.00793	0.00793	0.01057	0.01718	0.03568	0.01982	0.80840	0.02775	0.00529	0.00529	0.00793	0.00330	0.00330
2	0.01699	0.34253	0.04477	0.02609	0.01520	0.01627	0.00962	0.14649	0.11858	0.16296	0.02495	0.01371	0.01063	0.00599	0.00493	0.00150	0.02217	0.00441	0.00420	0.00801
3	0.00776	0.00520	0.00672	0.00727	0.00810	0.00479	0.00507	0.00918	0.01189	0.04921	0.19548	0.51111	0.09039	0.03029	0.00706	0.00209	0.00309	0.01310	0.02737	0.00481
4	0.00840	0.00585	0.00759	0.00706	0.00848	0.00545	0.00532	0.01128	0.03416	0.04640	0.72848	0.03950	0.04934	0.01091	0.00638	0.00172	0.00268	0.00963	0.00601	0.00537
5	0.00763	0.00522	0.00658	0.00729	0.00795	0.00489	0.00502	0.00865	0.01065	0.03853	0.04694	0.47326	0.11776	0.16271	0.01074	0.00274	0.00369	0.07048	0.00481	0.00446
6	0.02038	0.02556	0.01549	0.01399	0.01686	0.75631	0.01053	0.05060	0.01585	0.01417	0.00861	0.00996	0.00711	0.00565	0.00494	0.00141	0.00968	0.00357	0.00291	0.00644
7	0.02446	0.00928	0.01265	0.00970	0.01392	0.00801	0.00801	0.02657	0.01560	0.77817	0.02151	0.01856	0.01350	0.00675	0.00548	0.00169	0.00464	0.00548	0.00675	0.00928
8	0.00664	0.00474	0.00633	0.00759	0.00791	0.00443	0.00506	0.00759	0.01044	0.01392	0.03005	0.80485	0.03606	0.01708	0.00696	0.00221	0.00316	0.01550	0.00506	0.00443
9	0.01458	0.81168	0.02857	0.00933	0.01399	0.02157	0.00933	0.01632	0.01108	0.01283	0.00758	0.00875	0.00700	0.00466	0.00350	0.00117	0.00583	0.00292	0.00233	0.00700
10	0.02037	0.02598	0.01545	0.01404	0.01685	0.78652	0.01053	0.02177	0.01545	0.01334	0.00843	0.00983	0.00702	0.00562	0.00492	0.00140	0.00983	0.00351	0.00281	0.00632
11	0.00794	0.00621	0.00885	0.00785	0.00950	0.00569	0.05803	0.01052	0.01491	0.02074	0.63663	0.04021	0.12999	0.01098	0.00643	0.00174	0.00306	0.00980	0.00567	0.00524
12	0.05816	0.47744	0.03987	0.01190	0.08436	0.01764	0.00986	0.05473	0.09248	0.07046	0.02978	0.01219	0.00980	0.00541	0.00423	0.00139	0.00554	0.00392	0.00332	0.00752
13	0.02446	0.00928	0.01265	0.00970	0.01392	0.00801	0.00801	0.02657	0.01560	0.77817	0.02151	0.01856	0.01350	0.00675	0.00548	0.00169	0.00464	0.00548	0.00675	0.00928
14	0.01030	0.00969	0.01635	0.79530	0.03755	0.01211	0.01514	0.01393	0.01090	0.01393	0.00969	0.01453	0.00727	0.00545	0.00545	0.00182	0.00727	0.00484	0.00242	0.00606
15	0.01255	0.01198	0.02070	0.35575	0.29867	0.01299	0.12199	0.06794	0.01277	0.01727	0.01033	0.01408	0.00804	0.00519	0.00557	0.00174	0.00717	0.00508	0.00278	0.00739
16	0.01129	0.01102	0.01591	0.13408	0.01747	0.01508	0.01195	0.01293	0.00878	0.01320	0.00824	0.01321	0.00777	0.01181	0.08708	0.00289	0.60410	0.00488	0.00244	0.00588
17	0.00767	0.00557	0.00722	0.00681	0.00811	0.00512	0.00510	0.01019	0.01531	0.02158	0.74341	0.04118	0.07973	0.01125	0.00643	0.00172	0.00258	0.00992	0.00596	0.00512
18	0.02037	0.02598	0.01545	0.01404	0.01685	0.78652	0.01053	0.02177	0.01545	0.01334	0.00843	0.00983	0.00702	0.00562	0.00492	0.00140	0.00983	0.00351	0.00281	0.00632
19	0.01126	0.01021	0.01635	0.72292	0.03564	0.01256	0.01470	0.08257	0.01226	0.01582	0.01000	0.01440	0.00745	0.00555	0.00545	0.00180	0.00715	0.00485	0.00270	0.00635
20	0.00730	0.00527	0.00705	0.00823	0.00893	0.00502	0.00617	0.00877	0.01123	0.01472	0.03127	0.52435	0.08115	0.01624	0.00711	0.00228	0.00372	0.24152	0.00505	0.00462
21	0.01016	0.00508	0.00508	0.00508	0.00635	0.00508	0.00381	0.01270	0.01143	0.02033	0.01778	0.02033	0.01397	0.00635	0.00381	0.00127	0.00254	0.00508	0.83867	0.00508
22	0.00674	0.00482	0.00641	0.00752	0.00793	0.00449	0.00507	0.00784	0.01090	0.01465	0.09861	0.73419	0.03748	0.01653	0.00691	0.00217	0.00311	0.01498	0.00515	0.00449
23	0.02248	0.00939	0.01239	0.00975	0.01362	0.00846	0.00795	0.08900	0.01601	0.64206	0.02156	0.09078	0.01521	0.00769	0.00562	0.00173	0.00462	0.00636	0.00648	0.00883
24	0.01939	0.01013	0.01249	0.01057	0.02837	0.01011	0.00830	0.02663	0.30194	0.44364	0.05237	0.02005	0.01616	0.00714	0.00554	0.00175	0.00447	0.00591	0.00618	0.00885
25	0.12829	0.23837	0.07000	0.06844	0.05672	0.23037	0.04094	0.06335	0.01305	0.01669	0.00872	0.01047	0.00715	0.00529	0.00474	0.00149	0.02249	0.00370	0.00284	0.00688
26	0.01045	0.00899	0.01207	0.09159	0.15426	0.00948	0.00910	0.01656	0.21571	0.01966	0.26107	0.02909	0.12212	0.00875	0.00591	0.00176	0.00426	0.00765	0.00479	0.00675
27	0.01218	0.00981	0.01145	0.00838	0.01306	0.00775	0.00670	0.01550	0.06481	0.05931	0.01121	0.01234	0.00897	0.00442	0.00422	0.00093	0.00409	0.00356	0.00358	0.73772
28	0.00676	0.00483	0.00646	0.00772	0.00809	0.00453	0.00526	0.00779	0.01055	0.01405	0.02998	0.76458	0.03580	0.01697	0.00699	0.00223	0.00326	0.05462	0.00506	0.00446
29	0.00657	0.00553	0.00570	0.00566	0.00744	0.00466	0.00425	0.00808	0.01274	0.01546	0.12890	0.05126	0.69806	0.01353	0.00644	0.00183	0.00274	0.01134	0.00516	0.00466
30	0.01132	0.11116	0.70057	0.01488	0.02258	0.01360	0.01900	0.01717	0.01146	0.01680	0.00955	0.01122	0.00692	0.00512	0.00500	0.00167	0.00782	0.00391	0.00231	0.00794
31	0.15714	0.01195	0.01342	0.01046	0.01460	0.01236	0.00864	0.32502	0.01870	0.34918	0.01577	0.01472	0.01052	0.00639	0.00513	0.00167	0.00513	0.00483	0.00566	0.00872
32	0.84691	0.01054	0.00801	0.00717	0.01054	0.01223	0.00590	0.01603	0.00928	0.02446	0.00759	0.00886	0.00590	0.00506	0.00337	0.00169	0.00422	0.00295	0.00337	0.00590
33	0.01473	0.01229	0.01299	0.01133	0.01462	0.01411	0.00891	0.14765	0.64396	0.02469	0.02070	0.01916	0.01544	0.00726	0.00553	0.00181	0.00459	0.00596	0.00553	0.00873
34	0.01327	0.01157	0.01316	0.01165	0.01476	0.01318	0.04722	0.02742	0.68494	0.02218	0.02197	0.02228	0.01701	0.00767	0.00570	0.00188	0.00461	0.04581	0.00537	0.00837
35	0.84691	0.01054	0.00801	0.00717	0.01054	0.01223	0.00590	0.01603	0.00928	0.02446	0.00759	0.00886	0.00590	0.00506	0.00337	0.00169	0.00422	0.00295	0.00337	0.00590
36	0.00770	0.00568	0.00821	0.00833	0.00913	0.00642	0.00625	0.00933	0.00882	0.01253	0.01633	0.09549	0.01641	0.12636	0.62798	0.00776	0.01248	0.00697	0.00316	0.00465
37	0.00796	0.00511	0.00683	0.00770	0.00835	0.00472	0.00527	0.00908	0.01107	0.06840	0.06961	0.70785	0.03530	0.01603	0.00683	0.00215	0.00324	0.01448	0.00523	0.00481
38	0.84691	0.01054	0.00801	0.00717	0.01054	0.01223	0.00590	0.01603	0.00928	0.02446	0.00759	0.00886	0.00590	0.00506	0.00337	0.00169	0.00422	0.00295	0.00337	0.00590
39	0.01287	0.01471	0.03217	0.02298	0.02849	0.01379	0.75460	0.01746	0.01287	0.01746	0.01103	0.01471	0.00827	0.00460	0.00643	0.00184	0.00919	0.00643	0.00276	0.00735
40	0.01081	0.00748	0.00912	0.00810	0.01009	0.00746	0.00625	0.08268	0.10724	0.07662	0.55746	0.03413	0.04064	0.00995	0.00617	0.00172	0.00325	0.00864	0.00595	0.00624
41	0.01573	0.01428	0.01407	0.02671	0.04467	0.15326	0.00964	0.24309	0.15680	0.02144	0.01397	0.01706	0.01156	0.07239	0.08045	0.00266	0.07450	0.01626	0.00416	0.00732
42	0.00846	0.00637	0.00787	0.00716	0.00893	0.00591	0.00543	0.01186	0.06777	0.02114	0.59181	0.03665	0.08129	0.01024	0.00608	0.00164	0.00284	0.00895	0.02690	0.08272
43	0.00679	0.00587	0.00619	0.00610	0.00783	0.00527	0.00467	0.00819	0.01222	0.01469	0.05204	0.05061	0.71297	0.01362	0.00706	0.00189	0.04397	0.03042	0.00492	0.00468
44	0.01234	0.11637	0.01910	0.12485	0.32658	0.03289	0.05077	0.01513	0.01229	0.03355	0.05465	0.02095	0.08244	0.00683	0.00576	0.00169	0.02391	0.04954	0.00323	0.00713
45	0.18844	0.01215	0.01816	0.02559	0.54345	0.01228	0.01351	0.01631	0.01165	0.01920	0.00964	0.01232	0.00801	0.00482	0.00485	0.00156	0.00578	0.00431	0.00289	0.08510

[dist]
# distance from previous block
# <min> <max>
0	1

[block]
# block no. 5 follows, 44 sequences, length 13
# corresponding to MSA columns:
# 540-552
name=unknown_F
#
# <colnr> <probs for GDERKNQSTAVLIFYWHMCP>
#	G	D	E	R	K	N	Q	S	T	A	V	L	I	F	Y	W	H	M	C	P
0	0.42694	0.01214	0.01266	0.08905	0.07074	0.03074	0.00924	0.17863	0.01332	0.02383	0.00918	0.01099	0.00712	0.00583	0.00555	0.00174	0.07797	0.00389	0.00359	0.00687
1	0.09346	0.07493	0.40809	0.03138	0.01993	0.08844	0.04161	0.01907	0.02776	0.12932	0.01132	0.01231	0.00806	0.00544	0.00497	0.00166	0.00716	0.00416	0.00320	0.00773
2	0.01265	0.01020	0.01116	0.01016	0.01282	0.01143	0.00783	0.02456	0.56832	0.05327	0.13187	0.08163	0.02302	0.00864	0.00578	0.00185	0.00399	0.00737	0.00563	0.00784
3	0.01530	0.01966	0.42861	0.01373	0.01990	0.01076	0.06998	0.01981	0.01290	0.26777	0.01487	0.05817	0.01080	0.00631	0.00547	0.00175	0.00674	0.00532	0.00395	0.00821
4	0.01016	0.00508	0.00508	0.00508	0.00635	0.00508	0.00381	0.01270	0.01143	0.02033	0.01778	0.02033	0.01397	0.00635	0.00381	0.00127	0.00254	0.00508	0.83867	0.00508
5	0.00780	0.00579	0.00848	0.00848	0.00936	0.00666	0.00647	0.00956	0.00868	0.01245	0.01486	0.02283	0.01424	0.11682	0.71170	0.00842	0.01368	0.00605	0.00296	0.00471
6	0.01236	0.14906	0.59395	0.01444	0.02149	0.08494	0.01759	0.01753	0.01180	0.01622	0.00932	0.01093	0.00693	0.00514	0.00490	0.00161	0.00788	0.00381	0.00235	0.00773
7	0.01016	0.00508	0.00508	0.00508	0.00635	0.00508	0.00381	0.01270	0.01143	0.02033	0.01778	0.02033	0.01397	0.00635	0.00381	0.00127	0.00254	0.00508	0.83867	0.00508
8	0.01160	0.01316	0.12289	0.12918	0.06115	0.01180	0.11128	0.01956	0.28025	0.01868	0.07315	0.02066	0.04252	0.05179	0.00694	0.00200	0.00592	0.00620	0.00399	0.00729
9	0.01272	0.03946	0.12512	0.00992	0.01484	0.00982	0.00910	0.01822	0.15963	0.07150	0.01291	0.01353	0.00993	0.00507	0.00458	0.00122	0.00478	0.00407	0.00376	0.46980
10	0.01323	0.01320	0.02360	0.02965	0.55820	0.01346	0.16127	0.01654	0.01213	0.01731	0.01012	0.01359	0.00843	0.00524	0.00675	0.00173	0.07957	0.00516	0.00268	0.00814
11	0.08861	0.01275	0.16186	0.00997	0.01430	0.00915	0.02640	0.01677	0.08704	0.09979	0.16934	0.01967	0.03219	0.00663	0.00509	0.00149	0.00473	0.00548	0.00425	0.22449
12	0.01498	0.01311	0.08898	0.01151	0.01529	0.01257	0.02934	0.13640	0.40411	0.10517	0.09188	0.02000	0.01737	0.00727	0.00560	0.00177	0.00494	0.00605	0.00531	0.00837

[dist]
# distance from previous block
# <min> <max>
0	2

[block]
# block no. 6 follows, 44 sequences, length 34
# corresponding to MSA columns:
# 555-588
name=unknown_G
#
# <colnr> <probs for GDERKNQSTAVLIFYWHMCP>
#	G	D	E	R	K	N	Q	S	T	A	V	L	I	F	Y	W	H	M	C	P
0	0.07281	0.01317	0.02493	0.09208	0.05831	0.01282	0.45692	0.05728	0.01326	0.08560	0.01159	0.01431	0.00853	0.00499	0.00582	0.00174	0.00771	0.00564	0.00329	0.04919
1	0.01263	0.01319	0.07392	0.06334	0.61729	0.01217	0.01582	0.01604	0.01257	0.01798	0.08139	0.01595	0.01246	0.00549	0.00548	0.00164	0.00626	0.00527	0.00297	0.00815
2	0.01115	0.00901	0.01381	0.01228	0.06691	0.00882	0.13130	0.09065	0.04892	0.04765	0.45450	0.02997	0.03406	0.00882	0.00619	0.00173	0.00445	0.00811	0.00518	0.00648
3	0.00801	0.00608	0.00882	0.00870	0.00951	0.00713	0.00665	0.00969	0.00864	0.01243	0.01454	0.02264	0.01404	0.13058	0.65808	0.00803	0.05270	0.00604	0.00294	0.00474
4	0.01281	0.00964	0.01146	0.00826	0.01303	0.00735	0.00664	0.01520	0.01180	0.10493	0.01104	0.01214	0.00870	0.00435	0.00420	0.00091	0.00411	0.00349	0.00363	0.74631
5	0.00654	0.00553	0.00565	0.00562	0.00742	0.00464	0.00422	0.00801	0.01265	0.01526	0.10878	0.05159	0.71829	0.01361	0.00644	0.00183	0.00275	0.01138	0.00513	0.00464
6	0.01016	0.00508	0.00508	0.00508	0.00635	0.00508	0.00381	0.01270	0.01143	0.02033	0.01778	0.02033	0.01397	0.00635	0.00381	0.00127	0.00254	0.00508	0.83867	0.00508
7	0.01356	0.01171	0.01233	0.01109	0.01418	0.01356	0.00863	0.02897	0.76455	0.02281	0.02219	0.02034	0.01664	0.00740	0.00555	0.00185	0.00431	0.00616	0.00555	0.00863
8	0.00644	0.00552	0.00552	0.00552	0.00736	0.00460	0.00414	0.00782	0.01243	0.01473	0.05523	0.05247	0.77218	0.01381	0.00644	0.00184	0.00276	0.01151	0.00506	0.00460
9	0.01030	0.00969	0.01635	0.79530	0.03755	0.01211	0.01514	0.01393	0.01090	0.01393	0.00969	0.01453	0.00727	0.00545	0.00545	0.00182	0.00727	0.00484	0.00242	0.00606
10	0.02072	0.01527	0.01636	0.01254	0.01691	0.01691	0.01036	0.75622	0.02563	0.03436	0.01309	0.01309	0.00927	0.00654	0.00545	0.00164	0.00600	0.00491	0.00545	0.00927
11	0.01356	0.01171	0.01233	0.01109	0.01418	0.01356	0.00863	0.02897	0.76455	0.02281	0.02219	0.02034	0.01664	0.00740	0.00555	0.00185	0.00431	0.00616	0.00555	0.00863
12	0.01130	0.00969	0.01130	0.00807	0.01292	0.00727	0.00646	0.01373	0.01130	0.01776	0.00969	0.01130	0.00807	0.00404	0.00404	0.00081	0.00404	0.00323	0.00323	0.84173
13	0.01597	0.45842	0.12799	0.01117	0.01621	0.01891	0.01113	0.24471	0.01563	0.02008	0.00958	0.01046	0.00769	0.00532	0.00433	0.00139	0.00619	0.00368	0.00329	0.00784
14	0.01257	0.01184	0.02037	0.02835	0.57840	0.01177	0.06866	0.01577	0.01247	0.01751	0.01377	0.02251	0.01284	0.00674	0.00587	0.00180	0.00640	0.14135	0.00313	0.00787
15	0.01005	0.00809	0.01000	0.00863	0.01188	0.00671	0.00714	0.01249	0.01206	0.01747	0.07122	0.03214	0.03634	0.00867	0.00550	0.00150	0.00426	0.26508	0.00410	0.46666
16	0.00794	0.00717	0.06177	0.00747	0.00923	0.00567	0.00620	0.01078	0.01516	0.02154	0.71783	0.03866	0.04830	0.01072	0.00634	0.00172	0.00296	0.00945	0.00574	0.00535
17	0.01193	0.01193	0.01670	0.01431	0.01431	0.01670	0.01193	0.01312	0.00835	0.01312	0.00716	0.01193	0.00716	0.00954	0.01789	0.00239	0.79843	0.00477	0.00239	0.00596
18	0.01060	0.00594	0.00602	0.00586	0.00736	0.00618	0.00443	0.01481	0.10886	0.02065	0.01835	0.02033	0.01432	0.00649	0.00404	0.00135	0.00277	0.00522	0.73089	0.00554
19	0.00659	0.00553	0.00573	0.00568	0.00745	0.00466	0.00426	0.00811	0.01277	0.01555	0.13762	0.05112	0.68928	0.01350	0.00644	0.00183	0.00274	0.01132	0.00517	0.00466
20	0.00897	0.00585	0.00769	0.00707	0.00858	0.00536	0.00536	0.01151	0.01544	0.07841	0.71544	0.03907	0.04860	0.01082	0.00636	0.00171	0.00273	0.00953	0.00606	0.00545
21	0.00947	0.00473	0.00710	0.00710	0.00710	0.00473	0.00473	0.00710	0.00710	0.00947	0.00947	0.01657	0.00947	0.01894	0.02131	0.84138	0.00473	0.00473	0.00237	0.00237
22	0.14901	0.00966	0.01207	0.00941	0.01350	0.00894	0.00777	0.04849	0.01497	0.63995	0.01913	0.01691	0.01221	0.00649	0.00516	0.00169	0.00462	0.00508	0.00619	0.00877
23	0.01349	0.01295	0.02213	0.03346	0.77440	0.01295	0.01673	0.01673	0.01241	0.01781	0.01025	0.01349	0.00864	0.00486	0.00540	0.00162	0.00648	0.00486	0.00270	0.00864
24	0.01103	0.02752	0.74274	0.01591	0.02384	0.01272	0.05688	0.01728	0.01158	0.01728	0.00985	0.01167	0.00697	0.00515	0.00524	0.00173	0.00811	0.00415	0.00232	0.00802
25	0.00850	0.00501	0.00602	0.00665	0.00742	0.00480	0.00461	0.01005	0.01088	0.03699	0.02478	0.46321	0.02660	0.03734	0.00638	0.00194	0.00303	0.01106	0.31997	0.00477
26	0.00829	0.00633	0.00872	0.00846	0.00901	0.00740	0.00624	0.00952	0.00845	0.01203	0.01462	0.02499	0.01492	0.28576	0.45717	0.00694	0.09729	0.00640	0.00299	0.00448
27	0.01399	0.01216	0.01989	0.05097	0.60447	0.01227	0.01506	0.01798	0.06563	0.07483	0.01285	0.01679	0.01066	0.00571	0.00552	0.00169	0.00614	0.04165	0.00331	0.00843
28	0.00664	0.00474	0.00633	0.00759	0.00791	0.00443	0.00506	0.00759	0.01044	0.01392	0.03005	0.80485	0.03606	0.01708	0.00696	0.00221	0.00316	0.01550	0.00506	0.00443
29	0.00713	0.00508	0.00683	0.00805	0.00855	0.00484	0.00578	0.00838	0.01079	0.01430	0.02936	0.62295	0.03452	0.04402	0.00780	0.00238	0.00362	0.16612	0.00499	0.00451
30	0.00791	0.00531	0.00605	0.00601	0.00611	0.00527	0.00344	0.00810	0.00849	0.01142	0.07358	0.03605	0.02218	0.74879	0.02615	0.00502	0.00508	0.00807	0.00351	0.00344
31	0.73602	0.01061	0.00899	0.00791	0.01103	0.01243	0.00653	0.01626	0.00949	0.05816	0.00819	0.00957	0.00636	0.00553	0.00474	0.00175	0.07371	0.00323	0.00344	0.00606
32	0.04302	0.17601	0.04405	0.04311	0.33609	0.12629	0.01282	0.05560	0.01326	0.03790	0.03609	0.01282	0.00952	0.00530	0.00488	0.00149	0.00656	0.00433	0.00302	0.02784
33	0.04467	0.00957	0.01295	0.01336	0.12884	0.00920	0.00939	0.03821	0.09042	0.31078	0.02010	0.04053	0.01659	0.00825	0.00577	0.00182	0.00492	0.16275	0.00521	0.06667

[dist]
# distance from previous block
# <min> <max>
0	1

[block]
# block no. 7 follows, 44 sequences, length 9
# corresponding to MSA columns:
# 590-598
name=unknown_H
#
# <colnr> <probs for GDERKNQSTAVLIFYWHMCP>
#	G	D	E	R	K	N	Q	S	T	A	V	L	I	F	Y	W	H	M	C	P
0	0.04078	0.10033	0.36667	0.01403	0.04523	0.01345	0.05595	0.11814	0.03913	0.03779	0.01072	0.01205	0.00797	0.00524	0.00494	0.00155	0.00673	0.00417	0.00314	0.11200
1	0.01616	0.40922	0.19271	0.01127	0.01642	0.09578	0.01164	0.01896	0.01245	0.15324	0.01070	0.01126	0.00816	0.00526	0.00438	0.00141	0.00652	0.00369	0.00318	0.00758
2	0.02072	0.01527	0.01636	0.01254	0.01691	0.01691	0.01036	0.75622	0.02563	0.03436	0.01309	0.01309	0.00927	0.00654	0.00545	0.00164	0.00600	0.00491	0.00545	0.00927
3	0.00842	0.00602	0.00833	0.00942	0.01056	0.00594	0.00796	0.01074	0.01259	0.01660	0.10539	0.14922	0.03401	0.01490	0.00735	0.00239	0.00454	0.57554	0.00513	0.00496
4	0.00664	0.00474	0.00633	0.00759	0.00791	0.00443	0.00506	0.00759	0.01044	0.01392	0.03005	0.80485	0.03606	0.01708	0.00696	0.00221	0.00316	0.01550	0.00506	0.00443
5	0.00955	0.00630	0.00818	0.00781	0.00855	0.00677	0.00551	0.08151	0.00971	0.01328	0.01390	0.02379	0.01404	0.27244	0.26867	0.22840	0.00821	0.00611	0.00314	0.00414
6	0.09294	0.07175	0.66117	0.01436	0.02176	0.01313	0.01812	0.01709	0.01127	0.01771	0.00944	0.01109	0.00681	0.00514	0.00491	0.00169	0.00755	0.00386	0.00241	0.00779
7	0.06539	0.48612	0.07121	0.00963	0.01428	0.01705	0.00931	0.01785	0.08500	0.05848	0.01020	0.01094	0.00837	0.00503	0.00398	0.00128	0.00543	0.00349	0.00307	0.11388
8	0.04092	0.09499	0.12493	0.01021	0.01506	0.01044	0.04269	0.01662	0.07717	0.06376	0.06052	0.01426	0.01160	0.00524	0.00461	0.00126	0.00501	0.00427	0.00358	0.39288

[dist]
# distance from previous block
# <min> <max>
1	27

[block]
# block no. 8 follows, 44 sequences, length 11
# corresponding to MSA columns:
# 626-636
name=unknown_I
#
# <colnr> <probs for GDERKNQSTAVLIFYWHMCP>
#	G	D	E	R	K	N	Q	S	T	A	V	L	I	F	Y	W	H	M	C	P
0	0.02046	0.01420	0.01558	0.01190	0.01629	0.01522	0.00982	0.62141	0.02348	0.11596	0.01378	0.01357	0.00966	0.00639	0.00535	0.00158	0.00571	0.00485	0.00544	0.06936
1	0.01804	0.09883	0.01365	0.00970	0.01322	0.01074	0.00796	0.05583	0.18936	0.36754	0.10838	0.04881	0.01860	0.00755	0.00544	0.00169	0.00446	0.00621	0.00577	0.00821
2	0.01090	0.00625	0.00833	0.00777	0.00897	0.00637	0.00561	0.01216	0.01000	0.15274	0.05137	0.02725	0.01771	0.32800	0.31637	0.00581	0.00865	0.00676	0.00391	0.00509
3	0.01235	0.00889	0.00998	0.01025	0.01215	0.09332	0.00867	0.01463	0.01333	0.13120	0.02657	0.04887	0.05661	0.01270	0.00688	0.00223	0.00540	0.51513	0.00504	0.00579
4	0.06143	0.25634	0.08990	0.01470	0.12211	0.03764	0.05595	0.13653	0.03816	0.06229	0.01064	0.01188	0.00834	0.00534	0.00489	0.00148	0.01941	0.00414	0.00338	0.05542
5	0.01373	0.01178	0.12214	0.01093	0.01441	0.00935	0.04916	0.12402	0.02932	0.16443	0.04664	0.25773	0.01943	0.00958	0.00616	0.00181	0.02425	0.00829	0.00476	0.07207
6	0.00990	0.00841	0.09365	0.00803	0.01034	0.00622	0.00701	0.01271	0.01438	0.10136	0.49521	0.08021	0.06161	0.01017	0.00607	0.00172	0.00344	0.00885	0.05487	0.00585
7	0.01436	0.03280	0.01283	0.01059	0.01343	0.03322	0.05258	0.14897	0.16807	0.13584	0.08016	0.19776	0.04263	0.00965	0.00595	0.00184	0.00473	0.02206	0.00528	0.00725
8	0.01827	0.07898	0.07631	0.17678	0.02001	0.06785	0.01081	0.05969	0.01417	0.35121	0.01480	0.01497	0.01009	0.00592	0.00516	0.00160	0.00598	0.00471	0.00454	0.05815
9	0.01472	0.12608	0.03327	0.11755	0.07210	0.01150	0.00957	0.10157	0.03372	0.17098	0.06082	0.07057	0.01474	0.06106	0.02975	0.00206	0.00561	0.00588	0.00424	0.05419
10	0.08723	0.12488	0.04997	0.24654	0.02111	0.01234	0.01050	0.07431	0.02803	0.07429	0.01094	0.02538	0.00856	0.00537	0.00468	0.00146	0.00565	0.00424	0.00334	0.20116

[dist]
# distance from previous block
# <min> <max>
1	46

[block]
# block no. 9 follows, 44 sequences, length 24
# corresponding to MSA columns:
# 683-706
name=unknown_J
#
# <colnr> <probs for GDERKNQSTAVLIFYWHMCP>
#	G	D	E	R	K	N	Q	S	T	A	V	L	I	F	Y	W	H	M	C	P
0	0.05215	0.06079	0.06678	0.06758	0.10265	0.02890	0.01011	0.07233	0.07176	0.22908	0.06014	0.04395	0.04224	0.00781	0.02632	0.00184	0.00552	0.00569	0.00458	0.03977
1	0.03061	0.00717	0.00891	0.00879	0.04064	0.00684	0.00625	0.06431	0.01328	0.12219	0.14206	0.25011	0.11892	0.03741	0.00685	0.00191	0.01576	0.00958	0.06418	0.04422
2	0.02752	0.02260	0.05485	0.12656	0.07851	0.01079	0.13513	0.08150	0.05659	0.08833	0.08432	0.09748	0.03889	0.00739	0.00571	0.00172	0.00577	0.00676	0.00408	0.06548
3	0.01647	0.03387	0.18913	0.06606	0.12759	0.01190	0.09580	0.06591	0.06528	0.25108	0.01457	0.01513	0.01015	0.00579	0.00546	0.00171	0.00643	0.00508	0.00419	0.00840
4	0.01233	0.00671	0.00941	0.00860	0.01045	0.00686	0.00672	0.01407	0.01081	0.22310	0.01935	0.02343	0.06688	0.06945	0.45797	0.02731	0.01029	0.00622	0.00413	0.00592
5	0.08034	0.00852	0.01054	0.00858	0.01188	0.00789	0.00693	0.04869	0.03360	0.44687	0.13475	0.02442	0.09369	0.00796	0.00547	0.00169	0.00405	0.00651	0.04993	0.00771
6	0.10930	0.00981	0.01263	0.14303	0.09161	0.03300	0.03505	0.05768	0.06349	0.10987	0.10078	0.02001	0.02819	0.05782	0.00691	0.01717	0.00515	0.00571	0.08618	0.00662
7	0.15438	0.05930	0.07071	0.16642	0.11952	0.12166	0.03333	0.07277	0.01316	0.09792	0.01127	0.03650	0.00885	0.00581	0.00497	0.00165	0.00655	0.00462	0.00343	0.00717
8	0.01132	0.00651	0.00856	0.00785	0.00967	0.00601	0.00604	0.03426	0.01492	0.17137	0.45986	0.14162	0.03953	0.01116	0.00634	0.00182	0.00329	0.04793	0.00595	0.00598
9	0.00730	0.00511	0.00628	0.00691	0.00726	0.00490	0.00449	0.00801	0.00978	0.01295	0.04670	0.38905	0.07086	0.33899	0.01541	0.00345	0.00409	0.05005	0.00437	0.00403
10	0.01244	0.06635	0.05720	0.22708	0.13913	0.01264	0.04384	0.04897	0.09074	0.05090	0.11299	0.01781	0.01470	0.00667	0.00655	0.00176	0.07399	0.00557	0.00359	0.00710
11	0.26519	0.03707	0.01284	0.04526	0.06609	0.03414	0.00851	0.04969	0.01354	0.39348	0.01494	0.01438	0.01008	0.00595	0.00477	0.00166	0.00500	0.00450	0.00497	0.00793
12	0.00699	0.00517	0.00727	0.00799	0.00855	0.00484	0.03064	0.00816	0.01083	0.01455	0.08917	0.68448	0.03570	0.04828	0.00774	0.00229	0.00341	0.01442	0.00499	0.00454
13	0.00817	0.00536	0.00636	0.00636	0.00669	0.00554	0.00401	0.00884	0.00850	0.01213	0.01678	0.03120	0.01797	0.57014	0.16503	0.00544	0.00668	0.00720	0.10378	0.00381
14	0.01239	0.19064	0.26190	0.06336	0.01794	0.03621	0.01252	0.08149	0.07787	0.01803	0.08730	0.01670	0.03599	0.00853	0.05472	0.00205	0.00678	0.00500	0.00338	0.00721
15	0.01357	0.18417	0.04451	0.01012	0.01289	0.01303	0.00857	0.03817	0.19379	0.11005	0.01622	0.07952	0.01430	0.10395	0.04327	0.00247	0.09433	0.00603	0.00410	0.00693
16	0.01119	0.08301	0.72758	0.01510	0.02292	0.01328	0.01939	0.01720	0.01148	0.01695	0.00963	0.01132	0.00691	0.00514	0.00506	0.00169	0.00790	0.00395	0.00230	0.00798
17	0.00669	0.00545	0.00592	0.00598	0.00756	0.00468	0.00442	0.00823	0.01274	0.01590	0.17857	0.13122	0.56629	0.01369	0.00650	0.00186	0.00277	0.01165	0.00523	0.00468
18	0.01506	0.01433	0.06342	0.06851	0.15090	0.07898	0.20237	0.12325	0.02743	0.09835	0.01501	0.06237	0.04155	0.00648	0.00577	0.00173	0.00696	0.00609	0.00378	0.00765
19	0.01443	0.01223	0.02042	0.02973	0.65986	0.01209	0.01522	0.01741	0.01256	0.09897	0.01176	0.01499	0.00964	0.03963	0.00637	0.00178	0.00623	0.00506	0.00316	0.00848
20	0.01243	0.01303	0.02564	0.20945	0.23668	0.01316	0.37502	0.01642	0.01227	0.01672	0.01050	0.01433	0.00813	0.00487	0.00591	0.00177	0.00798	0.00562	0.00266	0.00740
21	0.00667	0.00495	0.00623	0.00715	0.00782	0.00451	0.00489	0.00781	0.01114	0.01458	0.08203	0.61110	0.17908	0.01607	0.00683	0.00211	0.00305	0.01437	0.00512	0.00451
22	0.06460	0.33102	0.23295	0.01184	0.01732	0.01591	0.04409	0.08220	0.01306	0.12402	0.01077	0.01153	0.00807	0.00528	0.00453	0.00150	0.00635	0.00391	0.00329	0.00776
23	0.00940	0.00644	0.00878	0.05896	0.01220	0.00633	0.00804	0.01163	0.01246	0.06899	0.03163	0.11838	0.15251	0.01383	0.00702	0.00227	0.00460	0.45628	0.00499	0.00526

[dist]
# distance from previous block
# <min> <max>
1	2

[block]
# block no. 10 follows, 44 sequences, length 20
# corresponding to MSA columns:
# 709-728
name=unknown_K
#
