[name]
unknown

[dist]
# distance from previous block
# <min> <max>
0	579

[block]
# block no. 0 follows, 51 sequences, length 117
# corresponding to MSA columns:
# 579-695
name=unknown_A
#
# <colnr> <probs for GDERKNQSTAVLIFYWHMCP>
#	G	D	E	R	K	N	Q	S	T	A	V	L	I	F	Y	W	H	M	C	P
0	0.06059	0.00589	0.00788	0.00889	0.01014	0.00599	0.00776	0.01044	0.01113	0.01516	0.02484	0.05251	0.02687	0.01302	0.00656	0.00222	0.00448	0.71664	0.00443	0.00457
1	0.01185	0.01128	0.01920	0.02879	0.74805	0.01134	0.01453	0.01469	0.01099	0.01577	0.00949	0.01260	0.00806	0.00638	0.05438	0.00186	0.00629	0.00443	0.00244	0.00757
2	0.00598	0.00457	0.00541	0.00606	0.00685	0.00409	0.00417	0.00694	0.00996	0.01266	0.03500	0.49090	0.31781	0.05695	0.00708	0.00201	0.00282	0.01226	0.00448	0.00400
3	0.01767	0.02227	0.01340	0.01221	0.01459	0.75806	0.00909	0.01885	0.01351	0.01187	0.00808	0.01030	0.00704	0.05577	0.00570	0.00148	0.00861	0.00341	0.00256	0.00553
4	0.00607	0.00523	0.00565	0.05506	0.00840	0.00460	0.00445	0.00747	0.01112	0.01327	0.04667	0.04538	0.72737	0.01201	0.00578	0.00167	0.00279	0.02835	0.00442	0.00424
5	0.02095	0.00832	0.01111	0.00859	0.01226	0.00727	0.00707	0.04555	0.01416	0.72850	0.02103	0.01846	0.06031	0.00647	0.00499	0.00153	0.00411	0.00526	0.00595	0.00810
6	0.01434	0.01449	0.01068	0.00968	0.01181	0.37308	0.00737	0.07833	0.06084	0.03675	0.03456	0.01430	0.01057	0.02260	0.08983	0.00206	0.00689	0.00423	0.19194	0.00565
7	0.01019	0.00873	0.01019	0.00728	0.01165	0.00655	0.00582	0.01237	0.01019	0.01601	0.00873	0.01019	0.00728	0.00364	0.00364	0.00073	0.00364	0.00291	0.00291	0.85734
8	0.04906	0.01032	0.03897	0.01094	0.01377	0.01049	0.08884	0.16961	0.04716	0.22262	0.01544	0.15092	0.01317	0.00771	0.00682	0.00171	0.12507	0.00626	0.00433	0.00681
9	0.01184	0.01017	0.01078	0.00981	0.01243	0.01172	0.00758	0.02492	0.73976	0.02006	0.02044	0.06802	0.01608	0.00721	0.00508	0.00169	0.00383	0.00607	0.00497	0.00754
10	0.76041	0.00970	0.00793	0.00690	0.01004	0.01106	0.00568	0.06223	0.00961	0.06853	0.00789	0.00873	0.00591	0.00473	0.00327	0.00152	0.00392	0.00290	0.00334	0.00569
11	0.02916	0.00889	0.01152	0.01047	0.03788	0.03456	0.05337	0.10488	0.07507	0.24382	0.01967	0.12561	0.01776	0.00890	0.00557	0.00177	0.00466	0.19510	0.00478	0.00655
12	0.01141	0.01286	0.02789	0.02010	0.02487	0.01207	0.73829	0.01545	0.01158	0.01569	0.01079	0.01547	0.00855	0.00464	0.00585	0.00169	0.00809	0.04561	0.00259	0.00652
13	0.01193	0.01139	0.01925	0.02855	0.73044	0.01158	0.01460	0.01474	0.01103	0.01581	0.00980	0.01385	0.00856	0.00494	0.00544	0.00152	0.04141	0.03510	0.00250	0.00755
14	0.00727	0.00515	0.00651	0.00630	0.00743	0.00474	0.00464	0.00903	0.01187	0.01678	0.45185	0.10954	0.05990	0.09668	0.00807	0.02710	0.00291	0.05798	0.04935	0.05689
15	0.00613	0.00478	0.00548	0.00583	0.00690	0.00424	0.00417	0.00732	0.01067	0.01351	0.11442	0.28518	0.41179	0.06340	0.00717	0.00196	0.00279	0.03564	0.00455	0.00409
16	0.01039	0.15574	0.67617	0.01310	0.01987	0.01271	0.01658	0.01543	0.01031	0.01492	0.00850	0.00997	0.00624	0.00459	0.00442	0.00147	0.00694	0.00347	0.00208	0.00711
17	0.00640	0.00494	0.00525	0.00517	0.00668	0.00429	0.00388	0.00798	0.01164	0.01511	0.19452	0.04201	0.55979	0.01123	0.00555	0.00158	0.00243	0.00944	0.09780	0.00429
18	0.01314	0.83025	0.02575	0.00841	0.01261	0.01945	0.00841	0.01472	0.00999	0.01156	0.00683	0.00788	0.00631	0.00420	0.00315	0.00105	0.00526	0.00263	0.00210	0.00631
19	0.01314	0.83025	0.02575	0.00841	0.01261	0.01945	0.00841	0.01472	0.00999	0.01156	0.00683	0.00788	0.00631	0.00420	0.00315	0.00105	0.00526	0.00263	0.00210	0.00631
20	0.00986	0.02542	0.80183	0.01401	0.02127	0.01141	0.01816	0.01556	0.01038	0.01556	0.00882	0.01038	0.00623	0.00467	0.00467	0.00156	0.00726	0.00363	0.00208	0.00726
21	0.01122	0.01068	0.01554	0.09008	0.35942	0.06013	0.01176	0.01333	0.01031	0.03147	0.03217	0.12229	0.01176	0.00710	0.00760	0.00170	0.18862	0.00572	0.00280	0.00632
22	0.01150	0.01097	0.01852	0.21184	0.59994	0.01151	0.01457	0.01477	0.03043	0.01536	0.00940	0.01254	0.00768	0.00456	0.00488	0.00151	0.00595	0.00441	0.00244	0.00724
23	0.00599	0.00428	0.00570	0.00684	0.00713	0.00399	0.00456	0.00684	0.00941	0.01254	0.02709	0.82409	0.03250	0.01540	0.00627	0.00200	0.00285	0.01397	0.00456	0.00399
24	0.01062	0.01001	0.01857	0.53808	0.03013	0.01121	0.22816	0.01404	0.01051	0.05482	0.00960	0.01330	0.00710	0.00481	0.00533	0.00164	0.01884	0.00480	0.00247	0.00594
25	0.01949	0.01196	0.01233	0.00996	0.01333	0.17770	0.02716	0.08016	0.04007	0.48031	0.06386	0.01588	0.01272	0.00607	0.00491	0.00147	0.00525	0.00481	0.00507	0.00750
26	0.00664	0.00459	0.00552	0.00595	0.00616	0.00444	0.00368	0.00709	0.00838	0.01116	0.04642	0.34236	0.05002	0.45664	0.01643	0.00348	0.00386	0.00998	0.00373	0.00347
27	0.00708	0.00529	0.00790	0.00797	0.00886	0.00611	0.00625	0.00886	0.00811	0.01161	0.01396	0.02153	0.01327	0.03542	0.75842	0.00755	0.01263	0.05203	0.00275	0.00440
28	0.01176	0.49218	0.35174	0.01076	0.01625	0.01607	0.01250	0.01507	0.01015	0.01324	0.00767	0.00893	0.00627	0.00440	0.00379	0.00126	0.00610	0.00305	0.00209	0.00671
29	0.01140	0.01105	0.01806	0.28787	0.52281	0.03487	0.01445	0.01439	0.01082	0.01479	0.00903	0.01237	0.00734	0.00457	0.00487	0.00151	0.00616	0.00434	0.00235	0.00696
30	0.00928	0.00873	0.01474	0.81548	0.03385	0.01092	0.01365	0.01256	0.00983	0.01256	0.00873	0.01310	0.00655	0.00491	0.00491	0.00164	0.00655	0.00437	0.00218	0.00546
31	0.00674	0.00527	0.00628	0.00675	0.00817	0.00481	0.00555	0.00845	0.01133	0.01407	0.06100	0.05046	0.44618	0.01286	0.00623	0.00191	0.00335	0.33170	0.00457	0.00432
32	0.04428	0.01151	0.01310	0.01017	0.01395	0.01208	0.00837	0.43974	0.07085	0.30181	0.01489	0.01387	0.01006	0.00598	0.00488	0.00151	0.00483	0.00463	0.00528	0.00823
33	0.01191	0.01311	0.02848	0.02036	0.02530	0.01227	0.75607	0.01598	0.01167	0.03884	0.01022	0.01336	0.00760	0.00420	0.00577	0.00165	0.00816	0.00577	0.00259	0.00668
34	0.00986	0.02542	0.80183	0.01401	0.02127	0.01141	0.01816	0.01556	0.01038	0.01556	0.00882	0.01038	0.00623	0.00467	0.00467	0.00156	0.00726	0.00363	0.00208	0.00726
35	0.00664	0.00501	0.00614	0.00586	0.00715	0.00450	0.00439	0.00867	0.01317	0.01796	0.59175	0.03959	0.24976	0.01070	0.00580	0.00158	0.00236	0.00929	0.00518	0.00450
36	0.01180	0.49785	0.31975	0.01050	0.01587	0.01597	0.01202	0.01496	0.01014	0.01323	0.00765	0.00890	0.00631	0.00436	0.00374	0.00123	0.00596	0.00302	0.00212	0.03462
37	0.83686	0.00947	0.00735	0.00653	0.00959	0.01091	0.00538	0.01473	0.00853	0.04534	0.00722	0.00824	0.00553	0.00461	0.00310	0.00152	0.00381	0.00273	0.00313	0.00541
38	0.10341	0.15381	0.29570	0.01255	0.08239	0.04450	0.01207	0.08255	0.02984	0.12407	0.01022	0.01097	0.00748	0.00492	0.00432	0.00144	0.00585	0.00370	0.00309	0.00714
39	0.01108	0.03472	0.03529	0.00807	0.01002	0.00799	0.00670	0.02701	0.04785	0.16140	0.26272	0.02611	0.13770	0.00857	0.00701	0.00162	0.13667	0.00675	0.05700	0.00572
40	0.00602	0.00435	0.00571	0.00678	0.00717	0.00404	0.00459	0.00694	0.00957	0.01264	0.02849	0.75635	0.08048	0.01517	0.00626	0.00198	0.00287	0.03201	0.00456	0.00401
41	0.86201	0.00950	0.00722	0.00646	0.00950	0.01102	0.00532	0.01445	0.00836	0.02205	0.00684	0.00798	0.00532	0.00456	0.00304	0.00152	0.00380	0.00266	0.00304	0.00532
42	0.01209	0.47470	0.34210	0.01070	0.01614	0.01576	0.01235	0.01536	0.01028	0.03909	0.00806	0.00919	0.00647	0.00446	0.00383	0.00127	0.00604	0.00311	0.00222	0.00676
43	0.00986	0.02542	0.80183	0.01401	0.02127	0.01141	0.01816	0.01556	0.01038	0.01556	0.00882	0.01038	0.00623	0.00467	0.00467	0.00156	0.00726	0.00363	0.00208	0.00726
44	0.00720	0.00476	0.00547	0.00547	0.00550	0.00478	0.00312	0.00716	0.00713	0.00954	0.01512	0.03107	0.01731	0.77107	0.04577	0.04167	0.00497	0.00697	0.00293	0.00298
45	0.01377	0.06001	0.11395	0.02220	0.47413	0.04904	0.01340	0.02963	0.03132	0.12950	0.01076	0.01236	0.00827	0.00477	0.00474	0.00145	0.00583	0.00424	0.00301	0.00763
46	0.81741	0.05263	0.00820	0.00656	0.00967	0.01147	0.00548	0.01446	0.00845	0.02150	0.00684	0.00798	0.00537	0.00454	0.00305	0.00150	0.00388	0.00266	0.00299	0.00537
47	0.00745	0.00533	0.00707	0.00696	0.00757	0.00587	0.00494	0.03320	0.00808	0.01127	0.01408	0.02437	0.01446	0.36239	0.45831	0.00639	0.00944	0.00602	0.00285	0.00393
48	0.00646	0.00503	0.00589	0.00574	0.00713	0.00445	0.00435	0.00828	0.01255	0.01653	0.41830	0.04237	0.39216	0.01130	0.00584	0.00163	0.00249	0.04012	0.00498	0.00441
49	0.00709	0.00480	0.00565	0.00589	0.00603	0.00477	0.00364	0.00741	0.00781	0.01038	0.01782	0.12320	0.02053	0.65629	0.02112	0.00421	0.00453	0.08229	0.00331	0.00324
50	0.00960	0.00906	0.01532	0.72829	0.11854	0.01100	0.01381	0.01284	0.00998	0.01294	0.00879	0.01300	0.00669	0.00485	0.00491	0.00162	0.00647	0.00437	0.00221	0.00572
51	0.00600	0.00499	0.00525	0.00518	0.00676	0.00423	0.00389	0.00743	0.01166	0.01436	0.17497	0.04551	0.66879	0.01204	0.00581	0.00164	0.00246	0.01012	0.00471	0.00423
52	0.01801	0.01306	0.01409	0.01100	0.01477	0.01442	0.00902	0.64128	0.12325	0.07001	0.01328	0.01292	0.00943	0.00601	0.00493	0.00150	0.00514	0.00460	0.00499	0.00828
53	0.86201	0.00950	0.00722	0.00646	0.00950	0.01102	0.00532	0.01445	0.00836	0.02205	0.00684	0.00798	0.00532	0.00456	0.00304	0.00152	0.00380	0.00266	0.00304	0.00532
54	0.86201	0.00950	0.00722	0.00646	0.00950	0.01102	0.00532	0.01445	0.00836	0.02205	0.00684	0.00798	0.00532	0.00456	0.00304	0.00152	0.00380	0.00266	0.00304	0.00532
55	0.01836	0.02342	0.01393	0.01266	0.01519	0.80756	0.00950	0.01962	0.01393	0.01203	0.00760	0.00886	0.00633	0.00506	0.00443	0.00127	0.00886	0.00317	0.00253	0.00570
56	0.01314	0.83025	0.02575	0.00841	0.01261	0.01945	0.00841	0.01472	0.00999	0.01156	0.00683	0.00788	0.00631	0.00420	0.00315	0.00105	0.00526	0.00263	0.00210	0.00631
57	0.01216	0.01168	0.01995	0.03016	0.79664	0.01168	0.01508	0.01508	0.01119	0.01605	0.00924	0.01216	0.00778	0.00438	0.00487	0.00146	0.00584	0.00438	0.00243	0.00778
58	0.01160	0.01326	0.02900	0.02071	0.02568	0.01243	0.77879	0.01574	0.01160	0.01574	0.00994	0.01326	0.00746	0.00414	0.00580	0.00166	0.00829	0.00580	0.00249	0.00663
59	0.86201	0.00950	0.00722	0.00646	0.00950	0.01102	0.00532	0.01445	0.00836	0.02205	0.00684	0.00798	0.00532	0.00456	0.00304	0.00152	0.00380	0.00266	0.00304	0.00532
60	0.00715	0.00476	0.00536	0.00536	0.00536	0.00476	0.00298	0.00715	0.00715	0.00953	0.01548	0.03216	0.01787	0.82729	0.02501	0.00476	0.00476	0.00715	0.00298	0.00298
61	0.01090	0.00871	0.01026	0.00737	0.01170	0.00659	0.00591	0.01306	0.01042	0.06281	0.00937	0.01058	0.00757	0.00379	0.00372	0.00078	0.00367	0.00303	0.00310	0.80667
62	0.00792	0.00566	0.00792	0.00905	0.01018	0.00566	0.00792	0.01018	0.01131	0.01471	0.02602	0.05543	0.02828	0.01358	0.00679	0.00226	0.00453	0.76356	0.00453	0.00453
63	0.01123	0.01056	0.01784	0.17148	0.58211	0.01096	0.01413	0.01415	0.01095	0.01529	0.01076	0.01648	0.00952	0.00536	0.00506	0.00157	0.00584	0.07707	0.00259	0.00705
64	0.01160	0.01326	0.02900	0.02071	0.02568	0.01243	0.77879	0.01574	0.01160	0.01574	0.00994	0.01326	0.00746	0.00414	0.00580	0.00166	0.00829	0.00580	0.00249	0.00663
65	0.86201	0.00950	0.00722	0.00646	0.00950	0.01102	0.00532	0.01445	0.00836	0.02205	0.00684	0.00798	0.00532	0.00456	0.00304	0.00152	0.00380	0.00266	0.00304	0.00532
66	0.00683	0.00502	0.00639	0.00605	0.00726	0.00458	0.00453	0.00902	0.01360	0.01898	0.70975	0.03791	0.13112	0.01032	0.00580	0.00156	0.00234	0.00906	0.00531	0.00458
67	0.00599	0.00428	0.00570	0.00684	0.00713	0.00399	0.00456	0.00684	0.00941	0.01254	0.02709	0.82409	0.03250	0.01540	0.00627	0.00200	0.00285	0.01397	0.00456	0.00399
68	0.01316	0.01018	0.01102	0.05165	0.01321	0.01151	0.00768	0.21644	0.40614	0.02240	0.01657	0.01638	0.01240	0.00620	0.00468	0.00152	0.00412	0.00502	0.16250	0.00721
69	0.06241	0.05704	0.01390	0.01190	0.01459	0.67295	0.00908	0.01952	0.03859	0.04471	0.00840	0.00940	0.00679	0.00509	0.00434	0.00129	0.00809	0.00326	0.00276	0.00588
70	0.30596	0.01168	0.05323	0.01076	0.03822	0.04447	0.04214	0.01780	0.24198	0.01849	0.01106	0.01212	0.00869	0.00594	0.00638	0.00168	0.15564	0.00410	0.00335	0.00632
71	0.00928	0.00873	0.01474	0.81548	0.03385	0.01092	0.01365	0.01256	0.00983	0.01256	0.00873	0.01310	0.00655	0.00491	0.00491	0.00164	0.00655	0.00437	0.00218	0.00546
72	0.01154	0.00604	0.00804	0.00696	0.00892	0.00542	0.00542	0.01373	0.01396	0.25682	0.55865	0.03064	0.03598	0.00884	0.00554	0.00154	0.00288	0.00769	0.00561	0.00577
73	0.00965	0.00906	0.01528	0.75211	0.05566	0.01108	0.03448	0.03042	0.01022	0.01317	0.00885	0.01305	0.00665	0.00490	0.00494	0.00163	0.00655	0.00441	0.00226	0.00563
74	0.00601	0.00430	0.00573	0.00682	0.00713	0.00401	0.00456	0.00691	0.00953	0.01274	0.04803	0.80259	0.03288	0.01525	0.00626	0.00198	0.00284	0.01383	0.00458	0.00401
75	0.00599	0.00428	0.00570	0.00684	0.00713	0.00399	0.00456	0.00684	0.00941	0.01254	0.02709	0.82409	0.03250	0.01540	0.00627	0.00200	0.00285	0.01397	0.00456	0.00399
76	0.00657	0.00449	0.00588	0.00691	0.00739	0.00427	0.00489	0.00776	0.00975	0.01342	0.02581	0.63961	0.02991	0.01417	0.00605	0.00194	0.00302	0.11265	0.09138	0.00412
77	0.01625	0.01240	0.01553	0.11200	0.11819	0.03903	0.03576	0.40552	0.01724	0.10479	0.01132	0.01240	0.00823	0.00571	0.00571	0.00154	0.06230	0.00446	0.00403	0.00758
78	0.01308	0.06226	0.04292	0.02634	0.65195	0.01173	0.01403	0.01590	0.01136	0.08887	0.01003	0.01227	0.00805	0.00454	0.00476	0.00144	0.00569	0.00430	0.00274	0.00773
79	0.80675	0.03629	0.00807	0.00668	0.00979	0.01144	0.00555	0.03961	0.00890	0.02200	0.00701	0.00811	0.00545	0.00459	0.00311	0.00150	0.00390	0.00272	0.00307	0.00545
80	0.01184	0.00963	0.01467	0.01744	0.29481	0.01033	0.03360	0.07178	0.01177	0.08271	0.07051	0.08860	0.01523	0.00778	0.00729	0.00174	0.14795	0.09232	0.00352	0.00649
81	0.01570	0.01249	0.01473	0.01480	0.18039	0.02588	0.01002	0.43439	0.15996	0.02505	0.01288	0.01331	0.00960	0.00570	0.00485	0.00149	0.00514	0.00461	0.04108	0.00792
82	0.03563	0.00551	0.00615	0.00570	0.00717	0.00564	0.00443	0.01299	0.01048	0.11668	0.01562	0.01754	0.01205	0.00750	0.04643	0.00160	0.03840	0.00459	0.64080	0.00510
83	0.00702	0.00525	0.00782	0.00782	0.00866	0.00610	0.00604	0.00872	0.00787	0.01135	0.01324	0.01972	0.01247	0.06257	0.78235	0.00780	0.01289	0.00533	0.00264	0.00434
84	0.00928	0.00873	0.01474	0.81548	0.03385	0.01092	0.01365	0.01256	0.00983	0.01256	0.00873	0.01310	0.00655	0.00491	0.00491	0.00164	0.00655	0.00437	0.00218	0.00546
85	0.01246	0.00957	0.01411	0.01018	0.01457	0.00783	0.15884	0.01499	0.01112	0.14791	0.01077	0.01190	0.00814	0.00415	0.00429	0.00104	0.00465	0.00382	0.00336	0.54631
86	0.00928	0.00873	0.01474	0.81548	0.03385	0.01092	0.01365	0.01256	0.00983	0.01256	0.00873	0.01310	0.00655	0.00491	0.00491	0.00164	0.00655	0.00437	0.00218	0.00546
87	0.00928	0.00873	0.01474	0.81548	0.03385	0.01092	0.01365	0.01256	0.00983	0.01256	0.00873	0.01310	0.00655	0.00491	0.00491	0.00164	0.00655	0.00437	0.00218	0.00546
88	0.01401	0.06083	0.01664	0.05260	0.42606	0.01077	0.01159	0.03951	0.05263	0.18379	0.07187	0.01510	0.01192	0.00535	0.00486	0.00147	0.00509	0.00480	0.00361	0.00750
89	0.86201	0.00950	0.00722	0.00646	0.00950	0.01102	0.00532	0.01445	0.00836	0.02205	0.00684	0.00798	0.00532	0.00456	0.00304	0.00152	0.00380	0.00266	0.00304	0.00532
90	0.00986	0.02542	0.80183	0.01401	0.02127	0.01141	0.01816	0.01556	0.01038	0.01556	0.00882	0.01038	0.00623	0.00467	0.00467	0.00156	0.00726	0.00363	0.00208	0.00726
91	0.00928	0.00873	0.01474	0.81548	0.03385	0.01092	0.01365	0.01256	0.00983	0.01256	0.00873	0.01310	0.00655	0.00491	0.00491	0.00164	0.00655	0.00437	0.00218	0.00546
92	0.01216	0.01168	0.01995	0.03016	0.79664	0.01168	0.01508	0.01508	0.01119	0.01605	0.00924	0.01216	0.00778	0.00438	0.00487	0.00146	0.00584	0.00438	0.00243	0.00778
93	0.00928	0.00873	0.01474	0.81548	0.03385	0.01092	0.01365	0.01256	0.00983	0.01256	0.00873	0.01310	0.00655	0.00491	0.00491	0.00164	0.00655	0.00437	0.00218	0.00546
94	0.01275	0.01127	0.01899	0.02799	0.71941	0.01117	0.01424	0.01558	0.01147	0.07349	0.02975	0.01311	0.00908	0.00465	0.00489	0.00147	0.00563	0.00453	0.00277	0.00775
95	0.01868	0.01376	0.01475	0.01131	0.01524	0.01524	0.00934	0.78025	0.02311	0.03097	0.01180	0.01180	0.00836	0.00590	0.00492	0.00147	0.00541	0.00442	0.00492	0.00836
96	0.00692	0.00502	0.00652	0.00615	0.00732	0.00462	0.00461	0.00921	0.01383	0.01952	0.77233	0.03702	0.06820	0.01012	0.00580	0.00155	0.00232	0.00893	0.00538	0.00462
97	0.00928	0.00873	0.01474	0.81548	0.03385	0.01092	0.01365	0.01256	0.00983	0.01256	0.00873	0.01310	0.00655	0.00491	0.00491	0.00164	0.00655	0.00437	0.00218	0.00546
98	0.86201	0.00950	0.00722	0.00646	0.00950	0.01102	0.00532	0.01445	0.00836	0.02205	0.00684	0.00798	0.00532	0.00456	0.00304	0.00152	0.00380	0.00266	0.00304	0.00532
99	0.00973	0.00475	0.00488	0.00476	0.00602	0.00470	0.00360	0.01200	0.01047	0.05259	0.01618	0.01825	0.01258	0.00574	0.00350	0.00116	0.00237	0.00460	0.81737	0.00475
100	0.00592	0.00498	0.00513	0.00510	0.00671	0.00420	0.00382	0.00727	0.01147	0.01390	0.12236	0.04626	0.72168	0.01221	0.00581	0.00165	0.00247	0.01023	0.00465	0.00420
101	0.00690	0.00502	0.00649	0.00612	0.00730	0.00461	0.00459	0.00916	0.01377	0.01937	0.75494	0.03726	0.08568	0.01017	0.00580	0.00155	0.00233	0.00897	0.00537	0.00461
102	0.68687	0.00982	0.00844	0.00720	0.01041	0.01105	0.00593	0.09381	0.01047	0.10526	0.00868	0.00930	0.00636	0.00486	0.00343	0.00152	0.00401	0.00308	0.00355	0.00595
103	0.04052	0.01017	0.01302	0.00986	0.01342	0.00989	0.06172	0.13761	0.01227	0.09205	0.00991	0.01130	0.00774	0.00507	0.00603	0.00123	0.13043	0.00376	0.00339	0.42062
104	0.01314	0.83025	0.02575	0.00841	0.01261	0.01945	0.00841	0.01472	0.00999	0.01156	0.00683	0.00788	0.00631	0.00420	0.00315	0.00105	0.00526	0.00263	0.00210	0.00631
105	0.00592	0.00455	0.00542	0.00613	0.00694	0.00405	0.00424	0.00692	0.01010	0.01283	0.03581	0.52555	0.32541	0.01426	0.00609	0.00187	0.00271	0.01259	0.00456	0.00405
106	0.01925	0.01134	0.01297	0.01001	0.01373	0.01183	0.00825	0.47325	0.01921	0.29417	0.01466	0.01389	0.00993	0.00595	0.00483	0.00147	0.00479	0.00461	0.05771	0.00813
107	0.00692	0.00502	0.00652	0.00614	0.00732	0.00462	0.00461	0.00920	0.01382	0.01950	0.76989	0.03705	0.07066	0.01012	0.00580	0.00155	0.00232	0.00894	0.00538	0.00462
108	0.00598	0.00431	0.00566	0.00674	0.00710	0.00400	0.00452	0.00685	0.00950	0.01258	0.02828	0.78327	0.07255	0.01524	0.00625	0.00198	0.00283	0.01378	0.00456	0.00400
109	0.01800	0.02289	0.01472	0.01308	0.01574	0.76579	0.04992	0.01942	0.01380	0.01222	0.00772	0.00909	0.00639	0.00502	0.00450	0.00129	0.00883	0.00330	0.00253	0.00575
110	0.00599	0.00428	0.00570	0.00684	0.00713	0.00399	0.00456	0.00684	0.00941	0.01254	0.02709	0.82409	0.03250	0.01540	0.00627	0.00200	0.00285	0.01397	0.00456	0.00399
111	0.00708	0.00505	0.00659	0.00631	0.00747	0.00470	0.00480	0.00939	0.01365	0.01936	0.72398	0.03733	0.04427	0.01014	0.00579	0.00158	0.00245	0.05530	0.03013	0.00463
112	0.00664	0.00498	0.00616	0.00593	0.00717	0.00449	0.00442	0.00865	0.01308	0.01788	0.58547	0.07372	0.22166	0.01085	0.00582	0.00159	0.00238	0.00946	0.00517	0.00449
113	0.00845	0.00663	0.00784	0.00727	0.00891	0.00683	0.00553	0.01410	0.24009	0.01967	0.53524	0.04318	0.05828	0.00920	0.00557	0.00159	0.00279	0.00803	0.00525	0.00553
114	0.01209	0.01188	0.02109	0.02897	0.69911	0.01177	0.11169	0.01517	0.01124	0.01602	0.00933	0.01230	0.00774	0.00435	0.00498	0.00148	0.00615	0.00456	0.00244	0.00764
115	0.01477	0.00921	0.01423	0.06996	0.19061	0.00888	0.07726	0.02818	0.05715	0.31095	0.07280	0.01986	0.07064	0.00643	0.00518	0.00157	0.00483	0.02592	0.00440	0.00717
116	0.83429	0.00948	0.00732	0.00649	0.00957	0.01088	0.00534	0.01438	0.00842	0.02185	0.00690	0.00805	0.00539	0.00453	0.00306	0.00149	0.00380	0.00267	0.00304	0.03304

[dist]
# distance from previous block
# <min> <max>
0	2

[block]
# block no. 1 follows, 51 sequences, length 9
# corresponding to MSA columns:
# 698-706
name=unknown_B
#
# <colnr> <probs for GDERKNQSTAVLIFYWHMCP>
#	G	D	E	R	K	N	Q	S	T	A	V	L	I	F	Y	W	H	M	C	P
0	0.05524	0.01442	0.05979	0.01354	0.10332	0.19243	0.06468	0.12100	0.06748	0.24011	0.01274	0.01287	0.00904	0.00539	0.00478	0.00147	0.00603	0.00433	0.00401	0.00733
1	0.01183	0.29064	0.34202	0.01086	0.01613	0.01366	0.01210	0.01682	0.11487	0.04887	0.01011	0.01087	0.00777	0.00477	0.00414	0.00134	0.00573	0.00356	0.00271	0.07122
2	0.00661	0.00499	0.00601	0.00576	0.00701	0.00449	0.00426	0.00846	0.01269	0.01713	0.51847	0.03976	0.27858	0.05598	0.00686	0.00176	0.00251	0.00925	0.00501	0.00439
3	0.01194	0.01257	0.21372	0.00916	0.01384	0.00772	0.00913	0.01499	0.01134	0.15979	0.09272	0.01420	0.01198	0.00502	0.00437	0.00117	0.00453	0.00409	0.00354	0.39417
4	0.86201	0.00950	0.00722	0.00646	0.00950	0.01102	0.00532	0.01445	0.00836	0.02205	0.00684	0.00798	0.00532	0.00456	0.00304	0.00152	0.00380	0.00266	0.00304	0.00532
5	0.00604	0.00436	0.00572	0.00670	0.00711	0.00404	0.00452	0.00700	0.00978	0.01302	0.07481	0.73460	0.07430	0.01491	0.00622	0.00195	0.00280	0.01347	0.00461	0.00404
6	0.01222	0.01056	0.01111	0.01000	0.01278	0.01222	0.00778	0.02611	0.78776	0.02056	0.02000	0.01833	0.01500	0.00667	0.00500	0.00167	0.00389	0.00556	0.00500	0.00778
7	0.01376	0.73588	0.02442	0.00882	0.01292	0.06502	0.00853	0.05951	0.01098	0.01272	0.00717	0.00817	0.00643	0.00435	0.00333	0.00109	0.00547	0.00276	0.00229	0.00639
8	0.17538	0.21506	0.07321	0.00800	0.01117	0.01120	0.00731	0.05801	0.04613	0.07058	0.23584	0.01863	0.03818	0.00652	0.00437	0.00142	0.00409	0.00509	0.00385	0.00598

[dist]
# distance from previous block
# <min> <max>
0	2

[block]
# block no. 2 follows, 51 sequences, length 36
# corresponding to MSA columns:
# 709-744
name=unknown_C
#
# <colnr> <probs for GDERKNQSTAVLIFYWHMCP>
#	G	D	E	R	K	N	Q	S	T	A	V	L	I	F	Y	W	H	M	C	P
0	0.01283	0.04875	0.01794	0.01306	0.01655	0.01120	0.26474	0.09814	0.07328	0.10331	0.10610	0.01589	0.01318	0.00586	0.00627	0.00154	0.08915	0.00532	0.00368	0.09320
1	0.00762	0.00550	0.00702	0.09102	0.01006	0.00524	0.00536	0.00963	0.01228	0.05280	0.37363	0.06902	0.26750	0.01006	0.00556	0.00159	0.00292	0.00867	0.04979	0.00472
2	0.01054	0.00872	0.01023	0.00732	0.01167	0.00657	0.00586	0.01272	0.01031	0.03941	0.00905	0.01039	0.00742	0.00371	0.00368	0.00075	0.00366	0.00297	0.00301	0.83200
3	0.00950	0.00882	0.01342	0.62897	0.05020	0.04378	0.01199	0.01253	0.01048	0.01370	0.08896	0.01560	0.01098	0.00547	0.00489	0.00158	0.00595	0.00479	0.05298	0.00540
4	0.00928	0.00873	0.01474	0.81548	0.03385	0.01092	0.01365	0.01256	0.00983	0.01256	0.00873	0.01310	0.00655	0.00491	0.00491	0.00164	0.00655	0.00437	0.00218	0.00546
5	0.00599	0.00428	0.00570	0.00684	0.00713	0.00399	0.00456	0.00684	0.00941	0.01254	0.02709	0.82409	0.03250	0.01540	0.00627	0.00200	0.00285	0.01397	0.00456	0.00399
6	0.82567	0.00931	0.00720	0.00645	0.00941	0.01075	0.00529	0.01423	0.00860	0.02195	0.04029	0.00920	0.00707	0.00479	0.00316	0.00152	0.00374	0.00293	0.00314	0.00529
7	0.01019	0.00873	0.01019	0.00728	0.01165	0.00655	0.00582	0.01237	0.01019	0.01601	0.00873	0.01019	0.00728	0.00364	0.00364	0.00073	0.00364	0.00291	0.00291	0.85734
8	0.01216	0.01168	0.01995	0.03016	0.79664	0.01168	0.01508	0.01508	0.01119	0.01605	0.00924	0.01216	0.00778	0.00438	0.00487	0.00146	0.00584	0.00438	0.00243	0.00778
9	0.00928	0.00873	0.01474	0.81548	0.03385	0.01092	0.01365	0.01256	0.00983	0.01256	0.00873	0.01310	0.00655	0.00491	0.00491	0.00164	0.00655	0.00437	0.00218	0.00546
10	0.02152	0.00854	0.01186	0.00988	0.05409	0.00746	0.00764	0.02348	0.01391	0.75851	0.01885	0.01648	0.01193	0.00599	0.00494	0.00152	0.00427	0.00491	0.00589	0.00833
11	0.01823	0.01864	0.01405	0.01191	0.01503	0.43798	0.00930	0.31885	0.05853	0.03588	0.01014	0.01068	0.00770	0.00550	0.00466	0.00137	0.00715	0.00382	0.00367	0.00691
12	0.01584	0.01873	0.01610	0.01884	0.29034	0.49274	0.01152	0.01768	0.01268	0.01344	0.00813	0.01011	0.00685	0.00498	0.00509	0.00137	0.04303	0.00364	0.00248	0.00642
13	0.00588	0.00498	0.00507	0.00505	0.00668	0.00418	0.00379	0.00718	0.01136	0.01366	0.09383	0.04667	0.75036	0.01230	0.00581	0.00165	0.00248	0.01028	0.00461	0.00418
14	0.00940	0.00897	0.01549	0.77338	0.03341	0.01100	0.05418	0.01272	0.00992	0.01272	0.00880	0.01311	0.00660	0.00487	0.00496	0.00164	0.00664	0.00444	0.00220	0.00552
15	0.01290	0.01191	0.01932	0.02827	0.72021	0.02767	0.01446	0.05094	0.01189	0.04117	0.00965	0.01222	0.00792	0.00452	0.00486	0.00146	0.00583	0.00437	0.00266	0.00779
16	0.00599	0.00428	0.00570	0.00684	0.00713	0.00399	0.00456	0.00684	0.00941	0.01254	0.02709	0.82409	0.03250	0.01540	0.00627	0.00200	0.00285	0.01397	0.00456	0.00399
17	0.00715	0.00476	0.00536	0.00536	0.00536	0.00476	0.00298	0.00715	0.00715	0.00953	0.01548	0.03216	0.01787	0.82729	0.02501	0.00476	0.00476	0.00715	0.00298	0.00298
18	0.09130	0.02069	0.01309	0.01173	0.01443	0.65769	0.00891	0.01962	0.01346	0.09300	0.00873	0.00959	0.00684	0.00512	0.00436	0.00131	0.00795	0.00330	0.00294	0.00594
19	0.00599	0.00428	0.00570	0.00684	0.00713	0.00399	0.00456	0.00684	0.00941	0.01254	0.02709	0.82409	0.03250	0.01540	0.00627	0.00200	0.00285	0.01397	0.00456	0.00399
20	0.03980	0.06008	0.01314	0.01021	0.01352	0.01349	0.00827	0.28765	0.42607	0.05040	0.01596	0.01508	0.01179	0.00617	0.00480	0.00155	0.00451	0.00488	0.00478	0.00784
21	0.01212	0.01146	0.01904	0.05279	0.70360	0.01143	0.01431	0.03518	0.01140	0.01634	0.00926	0.01206	0.00773	0.00439	0.00479	0.00142	0.00571	0.00429	0.00252	0.06013
22	0.01124	0.22721	0.53255	0.01337	0.06467	0.01331	0.01514	0.01561	0.01045	0.04146	0.00870	0.01007	0.00654	0.00458	0.00431	0.00142	0.00657	0.00347	0.00224	0.00709
23	0.01358	0.74124	0.05859	0.00867	0.01299	0.01829	0.00876	0.01536	0.01027	0.06352	0.00774	0.00857	0.00669	0.00435	0.00334	0.00110	0.00527	0.00282	0.00236	0.00648
24	0.01308	0.77976	0.02539	0.00975	0.06097	0.01897	0.00882	0.01474	0.01006	0.01184	0.00698	0.00815	0.00640	0.00422	0.00326	0.00108	0.00529	0.00274	0.00212	0.00640
25	0.00714	0.00523	0.00677	0.00624	0.00759	0.00475	0.00470	0.00945	0.01370	0.01950	0.74959	0.03521	0.04416	0.00968	0.00567	0.00150	0.00239	0.00855	0.00527	0.05291
26	0.00975	0.01007	0.06300	0.64639	0.05202	0.01113	0.01326	0.01445	0.10408	0.01381	0.01012	0.01354	0.00759	0.00510	0.00491	0.00163	0.00625	0.00447	0.00252	0.00592
27	0.01224	0.07642	0.01983	0.02712	0.68308	0.01233	0.01407	0.01578	0.06209	0.01599	0.00976	0.01223	0.00814	0.00452	0.00474	0.00144	0.00566	0.00432	0.00258	0.00767
28	0.00704	0.00519	0.00753	0.00753	0.00828	0.00594	0.00568	0.00854	0.00779	0.01114	0.01350	0.02117	0.01309	0.15134	0.69445	0.00744	0.01195	0.00554	0.00268	0.00418
29	0.00722	0.00530	0.00689	0.00642	0.00779	0.00482	0.00491	0.00953	0.01351	0.01917	0.69702	0.03608	0.04273	0.00983	0.00571	0.00153	0.00254	0.05316	0.00519	0.06063
30	0.00592	0.00498	0.00513	0.00509	0.00670	0.00419	0.00382	0.00726	0.01146	0.01388	0.11970	0.04630	0.72435	0.01222	0.00581	0.00165	0.00247	0.01023	0.00464	0.00419
31	0.01370	0.01032	0.06636	0.39456	0.11832	0.01014	0.02631	0.04041	0.01170	0.24174	0.01200	0.01382	0.00838	0.00519	0.00492	0.00157	0.00582	0.00451	0.00343	0.00681
32	0.00928	0.00873	0.01474	0.81548	0.03385	0.01092	0.01365	0.01256	0.00983	0.01256	0.00873	0.01310	0.00655	0.00491	0.00491	0.00164	0.00655	0.00437	0.00218	0.00546
33	0.01226	0.06273	0.08062	0.02115	0.42744	0.01186	0.04593	0.01763	0.17512	0.04975	0.03850	0.01413	0.01057	0.00513	0.00485	0.00150	0.00542	0.00470	0.00318	0.00752
34	0.00713	0.00479	0.00549	0.00547	0.00556	0.00479	0.00315	0.00732	0.00758	0.01020	0.06345	0.03214	0.01949	0.75832	0.04221	0.00464	0.00481	0.00721	0.00312	0.00311
35	0.01105	0.14816	0.33781	0.01113	0.01587	0.01254	0.01193	0.01882	0.29157	0.01700	0.06519	0.01462	0.01210	0.00568	0.00462	0.00151	0.00539	0.00452	0.00336	0.00712

[dist]
# distance from previous block
# <min> <max>
0	1

[block]
# block no. 3 follows, 51 sequences, length 51
# corresponding to MSA columns:
# 746-796
name=unknown_D
#
# <colnr> <probs for GDERKNQSTAVLIFYWHMCP>
#	G	D	E	R	K	N	Q	S	T	A	V	L	I	F	Y	W	H	M	C	P
0	0.01191	0.01145	0.01935	0.07359	0.70462	0.01184	0.01473	0.01474	0.01088	0.01559	0.00904	0.01213	0.00763	0.00467	0.00557	0.00151	0.05646	0.00437	0.00240	0.00750
1	0.01341	0.01210	0.01575	0.02013	0.40084	0.08205	0.01151	0.01993	0.28229	0.07065	0.01354	0.01433	0.01047	0.00535	0.00488	0.00152	0.00531	0.00472	0.00358	0.00764
2	0.86201	0.00950	0.00722	0.00646	0.00950	0.01102	0.00532	0.01445	0.00836	0.02205	0.00684	0.00798	0.00532	0.00456	0.00304	0.00152	0.00380	0.00266	0.00304	0.00532
3	0.01158	0.01103	0.01849	0.07206	0.65413	0.01139	0.01406	0.01436	0.01106	0.01583	0.05925	0.01370	0.01010	0.00503	0.00563	0.00152	0.05623	0.00466	0.00259	0.00730
4	0.01221	0.03033	0.15189	0.01846	0.30060	0.01223	0.03852	0.06898	0.27856	0.01839	0.01301	0.01390	0.00999	0.00530	0.00488	0.00155	0.00546	0.00467	0.00341	0.00766
5	0.01108	0.01135	0.01025	0.08881	0.05310	0.24424	0.00752	0.01354	0.03739	0.01633	0.36308	0.02370	0.04555	0.00753	0.00512	0.00146	0.00491	0.00625	0.04352	0.00528
6	0.01225	0.30488	0.01760	0.14602	0.06954	0.03035	0.00945	0.05696	0.23146	0.01600	0.05034	0.01366	0.01100	0.00543	0.00434	0.00140	0.00506	0.00428	0.00328	0.00669
7	0.01216	0.01168	0.01995	0.03016	0.79664	0.01168	0.01508	0.01508	0.01119	0.01605	0.00924	0.01216	0.00778	0.00438	0.00487	0.00146	0.00584	0.00438	0.00243	0.00778
8	0.01906	0.00950	0.01290	0.13178	0.05507	0.00936	0.00894	0.15015	0.01482	0.51202	0.01599	0.01512	0.01046	0.00579	0.00493	0.00153	0.00483	0.00474	0.00512	0.00790
9	0.01063	0.00872	0.01023	0.00733	0.01168	0.00658	0.00587	0.01280	0.01033	0.04483	0.00913	0.01043	0.00746	0.00373	0.00369	0.00076	0.00366	0.00299	0.00303	0.82614
10	0.01256	0.01268	0.01875	0.07637	0.62873	0.09521	0.01419	0.01524	0.01121	0.01521	0.00890	0.01181	0.00749	0.00469	0.00538	0.00148	0.04613	0.00425	0.00241	0.00730
11	0.00587	0.00498	0.00506	0.00504	0.00667	0.00417	0.00378	0.00717	0.01134	0.01361	0.08820	0.04675	0.75602	0.01232	0.00581	0.00165	0.00248	0.01029	0.00461	0.00417
12	0.01160	0.01326	0.02900	0.02071	0.02568	0.01243	0.77879	0.01574	0.01160	0.01574	0.00994	0.01326	0.00746	0.00414	0.00580	0.00166	0.00829	0.00580	0.00249	0.00663
13	0.00928	0.00873	0.01474	0.81548	0.03385	0.01092	0.01365	0.01256	0.00983	0.01256	0.00873	0.01310	0.00655	0.00491	0.00491	0.00164	0.00655	0.00437	0.00218	0.00546
14	0.00599	0.00428	0.00570	0.00684	0.00713	0.00399	0.00456	0.00684	0.00941	0.01254	0.02709	0.82409	0.03250	0.01540	0.00627	0.00200	0.00285	0.01397	0.00456	0.00399
15	0.00664	0.00501	0.00613	0.00585	0.00715	0.00450	0.00439	0.00867	0.01317	0.01794	0.59013	0.03961	0.25139	0.01070	0.00580	0.00158	0.00237	0.00929	0.00518	0.00450
16	0.01222	0.01056	0.01111	0.01000	0.01278	0.01222	0.00778	0.02611	0.78776	0.02056	0.02000	0.01833	0.01500	0.00667	0.00500	0.00167	0.00389	0.00556	0.00500	0.00778
17	0.01023	0.00886	0.01049	0.00763	0.01172	0.00708	0.00613	0.01234	0.01002	0.01575	0.00859	0.01023	0.00723	0.00395	0.00442	0.00082	0.05436	0.00300	0.00286	0.80430
18	0.00879	0.00659	0.00997	0.34307	0.01868	0.00721	0.00851	0.01090	0.01051	0.07995	0.08909	0.29296	0.07519	0.00956	0.00552	0.00174	0.00443	0.00850	0.00378	0.00504
19	0.01100	0.00868	0.01118	0.18925	0.04233	0.00976	0.00892	0.01836	0.33659	0.06615	0.08380	0.02394	0.01728	0.00745	0.00526	0.00171	0.00448	0.11798	0.02946	0.00645
20	0.00609	0.00436	0.00580	0.00677	0.00715	0.00406	0.00457	0.00711	0.00990	0.01333	0.11104	0.73789	0.03402	0.01481	0.00622	0.00195	0.00279	0.01341	0.00465	0.00406
21	0.01086	0.01130	0.02139	0.05869	0.02020	0.01225	0.41840	0.01383	0.01020	0.01451	0.01013	0.01521	0.00861	0.00614	0.00873	0.00180	0.24811	0.04815	0.05553	0.00595
22	0.00988	0.00956	0.01487	0.48745	0.02529	0.01261	0.01246	0.01226	0.00889	0.01226	0.00780	0.01214	0.00651	0.00642	0.00950	0.00185	0.33833	0.00434	0.00217	0.00543
23	0.01216	0.01164	0.01965	0.02950	0.77071	0.01169	0.01484	0.01545	0.03688	0.01620	0.00960	0.01237	0.00802	0.00445	0.00487	0.00147	0.00577	0.00442	0.00252	0.00778
24	0.01037	0.00919	0.01574	0.66506	0.08845	0.01084	0.05674	0.01359	0.01028	0.05926	0.00947	0.01325	0.00702	0.00490	0.00496	0.00162	0.00646	0.00448	0.00245	0.00587
25	0.01527	0.05730	0.06719	0.12119	0.01986	0.02749	0.23394	0.01817	0.01192	0.30864	0.01281	0.01381	0.00887	0.00530	0.00574	0.00158	0.05530	0.00483	0.00373	0.00705
26	0.00882	0.00737	0.01127	0.47690	0.02303	0.00841	0.00999	0.01134	0.01034	0.05341	0.02105	0.03569	0.21185	0.00920	0.05074	0.00202	0.00563	0.03464	0.00315	0.00515
27	0.01476	0.01042	0.06410	0.01583	0.24402	0.03361	0.05355	0.01699	0.01189	0.29966	0.02632	0.10551	0.01284	0.00711	0.00586	0.04573	0.00508	0.01566	0.00403	0.00703
28	0.01628	0.00967	0.06665	0.05417	0.01356	0.01765	0.00809	0.12296	0.02548	0.39846	0.05909	0.15419	0.01616	0.00769	0.00518	0.00160	0.00443	0.00648	0.00507	0.00714
29	0.01469	0.04526	0.15553	0.04797	0.19640	0.09351	0.01147	0.06049	0.01261	0.21466	0.03619	0.04079	0.02625	0.00579	0.00498	0.00150	0.01635	0.00477	0.00362	0.00718
30	0.01250	0.01131	0.01907	0.02832	0.73283	0.01123	0.01434	0.01532	0.01134	0.05737	0.01093	0.01340	0.03034	0.00470	0.00490	0.00147	0.00566	0.00458	0.00269	0.00771
31	0.00848	0.00706	0.01089	0.01423	0.24485	0.00687	0.01979	0.01060	0.01139	0.01569	0.19850	0.23198	0.04662	0.01030	0.00581	0.00176	0.00399	0.14166	0.00408	0.00542
32	0.01707	0.01141	0.01573	0.01429	0.12829	0.08768	0.13572	0.06526	0.04512	0.35742	0.01597	0.01578	0.04481	0.00575	0.00521	0.00153	0.01605	0.00506	0.00438	0.00748
33	0.01664	0.01306	0.01953	0.01453	0.01873	0.07432	0.31289	0.24189	0.01573	0.20315	0.01251	0.01330	0.00873	0.00518	0.00523	0.00154	0.00653	0.00499	0.00404	0.00747
34	0.00840	0.00756	0.01232	0.29439	0.01926	0.00811	0.10790	0.01156	0.04964	0.01512	0.20183	0.13607	0.09117	0.00827	0.00551	0.00167	0.00475	0.00757	0.00368	0.00521
35	0.01037	0.01758	0.45421	0.01306	0.07952	0.00971	0.01348	0.01535	0.07244	0.07156	0.08403	0.10983	0.01421	0.00666	0.00502	0.00161	0.00569	0.00563	0.00322	0.00680
36	0.01210	0.01219	0.01897	0.16172	0.53898	0.07578	0.05845	0.01497	0.01111	0.01501	0.00899	0.01208	0.00740	0.00462	0.00518	0.00150	0.02709	0.00436	0.00239	0.00709
37	0.01452	0.01084	0.01091	0.00912	0.01176	0.11771	0.00721	0.24064	0.04650	0.14379	0.30595	0.02176	0.02318	0.00740	0.00519	0.00149	0.00447	0.00605	0.00496	0.00658
38	0.01215	0.01123	0.01995	0.16101	0.48207	0.01142	0.14146	0.01542	0.02183	0.06081	0.01001	0.01285	0.00787	0.00456	0.00504	0.00153	0.00624	0.00466	0.00265	0.00723
39	0.01332	0.02719	0.11426	0.27211	0.19229	0.01111	0.04096	0.08308	0.01218	0.15976	0.01106	0.01299	0.00799	0.00507	0.00501	0.00155	0.01544	0.00441	0.00319	0.00704
40	0.01132	0.38490	0.45520	0.01151	0.01740	0.01500	0.01380	0.01518	0.01020	0.01378	0.00793	0.00926	0.00626	0.00446	0.00399	0.00133	0.00637	0.00318	0.00209	0.00684
41	0.02120	0.00929	0.05220	0.00904	0.01300	0.00755	0.00780	0.02356	0.03118	0.74211	0.01886	0.01643	0.01192	0.00602	0.00493	0.00153	0.00433	0.00489	0.00585	0.00829
42	0.02033	0.00982	0.03336	0.00976	0.01363	0.02454	0.04753	0.09957	0.01475	0.62180	0.04053	0.01631	0.01227	0.00602	0.00499	0.00152	0.00464	0.00498	0.00558	0.00808
43	0.01297	0.06651	0.51158	0.01185	0.01775	0.01042	0.01402	0.01722	0.01135	0.21697	0.01358	0.01381	0.04938	0.00542	0.00471	0.00152	0.00610	0.00427	0.00324	0.00733
44	0.00702	0.00527	0.00790	0.00790	0.00878	0.00614	0.00614	0.00878	0.00790	0.01141	0.01316	0.01931	0.01229	0.03686	0.80782	0.00790	0.01316	0.00527	0.00263	0.00439
45	0.04278	0.01504	0.06100	0.01802	0.26432	0.18458	0.05122	0.13205	0.05431	0.05238	0.01001	0.01163	0.00784	0.00528	0.00562	0.00150	0.06803	0.00418	0.00311	0.00709
46	0.01213	0.01010	0.01687	0.40019	0.26497	0.01103	0.06083	0.04893	0.01141	0.10086	0.01027	0.01316	0.00768	0.00487	0.00496	0.00156	0.00613	0.00453	0.00283	0.00669
47	0.00646	0.00483	0.00648	0.05696	0.00891	0.00464	0.00520	0.00787	0.01065	0.01426	0.19682	0.50668	0.09772	0.01325	0.00606	0.00186	0.00300	0.03950	0.00460	0.00426
48	0.00815	0.00684	0.00985	0.01002	0.06454	0.00770	0.02729	0.00986	0.00987	0.01399	0.16480	0.09555	0.07681	0.05659	0.19226	0.00335	0.16651	0.04866	0.02254	0.00482
49	0.01734	0.01062	0.06302	0.01194	0.05891	0.00956	0.08670	0.02184	0.14951	0.44835	0.01662	0.01569	0.01127	0.00594	0.00561	0.00159	0.04781	0.00499	0.00486	0.00783
50	0.01203	0.01240	0.02590	0.02045	0.10940	0.01168	0.61205	0.01579	0.01164	0.06013	0.01122	0.03103	0.00888	0.00479	0.00569	0.00165	0.00756	0.02818	0.00279	0.00674

[dist]
# distance from previous block
# <min> <max>
5	110

# created by:
# /home/berkeley/.conda/envs/busco_data_prod/bin/msa2prfl.pl pipeline/OGs_align_augustus/33634/160137.fs
