[name]
unknown

[dist]
# distance from previous block
# <min> <max>
14	396

[block]
# block no. 0 follows, 42 sequences, length 31
# corresponding to MSA columns:
# 516-523,525-547
name=unknown_A
#
# <colnr> <probs for GDERKNQSTAVLIFYWHMCP>
#	G	D	E	R	K	N	Q	S	T	A	V	L	I	F	Y	W	H	M	C	P
0	0.00926	0.00714	0.00888	0.00934	0.06404	0.00661	0.00597	0.04558	0.01161	0.01590	0.07055	0.23272	0.10308	0.24077	0.01265	0.00283	0.00435	0.00962	0.00431	0.13478
1	0.01454	0.09468	0.08142	0.03216	0.02748	0.10820	0.05547	0.11294	0.12931	0.04542	0.07394	0.01967	0.07758	0.00801	0.02352	0.00183	0.02480	0.00579	0.00418	0.05904
2	0.00965	0.00813	0.03824	0.00945	0.01101	0.00784	0.00735	0.04920	0.16658	0.01760	0.02665	0.40376	0.02874	0.06369	0.00818	0.00241	0.00429	0.12624	0.00512	0.00588
3	0.01902	0.04660	0.01567	0.01302	0.01638	0.37684	0.01016	0.21530	0.15202	0.02168	0.04899	0.01449	0.01187	0.00663	0.00536	0.00160	0.00757	0.00480	0.00427	0.00773
4	0.01428	0.12789	0.09126	0.01176	0.01524	0.06501	0.01050	0.18279	0.05036	0.01965	0.01196	0.01462	0.00995	0.01487	0.19005	0.00339	0.09329	0.00474	0.00355	0.06484
5	0.00862	0.00679	0.00978	0.00946	0.01021	0.00819	0.00730	0.01029	0.00889	0.01288	0.01438	0.02254	0.01394	0.12678	0.59237	0.00776	0.11572	0.00614	0.00299	0.00498
6	0.01129	0.02911	0.77306	0.01604	0.02436	0.01307	0.02079	0.01782	0.01188	0.01782	0.01010	0.01188	0.00713	0.00535	0.00535	0.00178	0.00832	0.00416	0.00238	0.00832
7	0.01601	0.02992	0.04350	0.10584	0.03179	0.11531	0.05801	0.14810	0.04147	0.13885	0.04549	0.06921	0.07020	0.00824	0.00591	0.00181	0.00629	0.05203	0.00462	0.00741
8	0.01018	0.00751	0.01045	0.00896	0.01122	0.00699	0.07825	0.03403	0.01425	0.09313	0.25380	0.08756	0.31112	0.01162	0.00696	0.00188	0.03080	0.01006	0.00537	0.00585
9	0.00722	0.00613	0.00738	0.00707	0.00894	0.00532	0.03926	0.00893	0.01297	0.01600	0.11288	0.10836	0.57384	0.01390	0.00675	0.00195	0.00330	0.04968	0.00520	0.00494
10	0.02342	0.00941	0.01272	0.01007	0.01411	0.00832	0.00835	0.04587	0.01612	0.67111	0.03638	0.02327	0.01614	0.00779	0.00586	0.00181	0.00482	0.06856	0.00676	0.00912
11	0.21996	0.01896	0.20715	0.01451	0.01949	0.14463	0.15593	0.01913	0.01258	0.09253	0.01064	0.01228	0.00784	0.00560	0.00561	0.00176	0.03632	0.00445	0.00328	0.00736
12	0.01510	0.54016	0.11625	0.01067	0.01547	0.08156	0.01072	0.06014	0.01277	0.01574	0.00931	0.01064	0.00790	0.00521	0.00409	0.00133	0.00639	0.00349	0.06579	0.00729
13	0.00755	0.00558	0.00676	0.00674	0.00806	0.00504	0.00495	0.00960	0.01407	0.01919	0.42053	0.16496	0.24202	0.01300	0.00660	0.00187	0.00280	0.01134	0.04430	0.00504
14	0.00736	0.00562	0.00676	0.00670	0.00810	0.00502	0.00494	0.00937	0.01418	0.01894	0.42277	0.14474	0.29856	0.01326	0.00671	0.00188	0.00280	0.01153	0.00573	0.00502
15	0.01540	0.70393	0.02759	0.00995	0.01458	0.03556	0.00965	0.07232	0.01258	0.01493	0.00852	0.00983	0.00763	0.00625	0.03008	0.00151	0.00642	0.00328	0.00268	0.00731
16	0.01255	0.00997	0.01209	0.05765	0.01501	0.00787	0.00734	0.01510	0.01195	0.07034	0.01085	0.01240	0.00867	0.00445	0.00436	0.00096	0.00442	0.00360	0.00353	0.72686
17	0.01685	0.15352	0.15509	0.01343	0.01813	0.04391	0.08639	0.14554	0.04132	0.15670	0.01324	0.02489	0.01002	0.02290	0.00689	0.00180	0.07222	0.00501	0.00403	0.00812
18	0.01554	0.44431	0.10683	0.01288	0.05181	0.01815	0.06226	0.06521	0.08310	0.07427	0.01132	0.01217	0.00898	0.00543	0.00458	0.00147	0.00631	0.00413	0.00331	0.00793
19	0.00673	0.00539	0.00603	0.00654	0.00782	0.00468	0.00465	0.00798	0.01202	0.01488	0.04684	0.34541	0.48014	0.01557	0.00686	0.00205	0.00301	0.01349	0.00523	0.00468
20	0.03671	0.26637	0.12153	0.01193	0.01605	0.02684	0.03302	0.06121	0.11063	0.01793	0.04591	0.01373	0.01093	0.00644	0.00684	0.00163	0.12789	0.00450	0.00334	0.07658
21	0.06958	0.00969	0.05019	0.00904	0.01172	0.00925	0.00747	0.05961	0.19879	0.07055	0.34199	0.02828	0.03062	0.00885	0.00580	0.00176	0.00385	0.00747	0.06858	0.00692
22	0.10870	0.04126	0.05074	0.06947	0.01737	0.03719	0.01021	0.24524	0.27769	0.03623	0.01543	0.01545	0.01146	0.00657	0.00528	0.00174	0.00560	0.00509	0.00479	0.03448
23	0.00808	0.00541	0.00617	0.00627	0.00629	0.00539	0.00355	0.00816	0.00838	0.01117	0.01874	0.09472	0.02173	0.74259	0.02701	0.00521	0.00529	0.00878	0.00355	0.00350
24	0.01758	0.33216	0.08775	0.01189	0.03845	0.01632	0.02765	0.15905	0.02822	0.17229	0.04766	0.01422	0.01141	0.00603	0.00487	0.00152	0.00592	0.00458	0.00420	0.00824
25	0.01488	0.57601	0.04696	0.01033	0.01476	0.01944	0.00995	0.08609	0.06476	0.01653	0.01160	0.01564	0.01057	0.00625	0.00440	0.00145	0.00591	0.07385	0.00321	0.00739
26	0.00678	0.00571	0.00588	0.00584	0.00768	0.00481	0.00438	0.00833	0.01314	0.01594	0.12734	0.05295	0.69405	0.01398	0.00665	0.00189	0.00283	0.01171	0.00532	0.00481
27	0.77105	0.01077	0.00869	0.00763	0.01119	0.01225	0.00628	0.01749	0.01014	0.09001	0.00908	0.01001	0.00678	0.00538	0.00367	0.00174	0.00439	0.00327	0.00379	0.00640
28	0.84197	0.01088	0.00827	0.00740	0.01088	0.01262	0.00609	0.01654	0.00958	0.02525	0.00784	0.00914	0.00609	0.00522	0.00348	0.00174	0.00435	0.00305	0.00348	0.00609
29	0.00707	0.00523	0.00666	0.00765	0.00841	0.00482	0.00542	0.00835	0.01155	0.01505	0.06166	0.56035	0.17413	0.01658	0.00712	0.00222	0.00335	0.08443	0.00525	0.00469
30	0.06585	0.32387	0.36894	0.01271	0.01899	0.01688	0.01459	0.06645	0.03290	0.01787	0.00966	0.01097	0.00754	0.00529	0.00459	0.00156	0.00694	0.00377	0.00277	0.00786

[dist]
# distance from previous block
# <min> <max>
0	1

[block]
# block no. 1 follows, 42 sequences, length 20
# corresponding to MSA columns:
# 549-568
name=unknown_B
#
# <colnr> <probs for GDERKNQSTAVLIFYWHMCP>
#	G	D	E	R	K	N	Q	S	T	A	V	L	I	F	Y	W	H	M	C	P
0	0.01031	0.01005	0.01842	0.01512	0.04990	0.00942	0.31366	0.01374	0.03337	0.01763	0.09710	0.13175	0.17930	0.00962	0.00656	0.00192	0.00591	0.03080	0.03911	0.00629
1	0.01320	0.01247	0.02108	0.03154	0.68289	0.01243	0.01594	0.01636	0.01283	0.01833	0.04761	0.06515	0.01281	0.00612	0.00572	0.00172	0.00628	0.00596	0.00310	0.00847
2	0.01344	0.06288	0.05569	0.35984	0.02867	0.01344	0.15225	0.03568	0.12054	0.08232	0.01314	0.01570	0.00967	0.00583	0.00569	0.00182	0.00712	0.00540	0.00348	0.00741
3	0.01248	0.24529	0.51407	0.01478	0.02193	0.01572	0.06777	0.01756	0.01185	0.01655	0.00955	0.01131	0.00725	0.00516	0.00495	0.00163	0.00775	0.00401	0.00242	0.00796
4	0.00684	0.00547	0.00612	0.00646	0.00784	0.00475	0.00466	0.00825	0.01253	0.01567	0.11826	0.27177	0.48164	0.01498	0.00681	0.00200	0.00295	0.01292	0.00532	0.00475
5	0.00985	0.00833	0.01301	0.09740	0.01498	0.00993	0.06743	0.01137	0.00924	0.01307	0.01235	0.02003	0.01183	0.12277	0.29283	0.09651	0.17523	0.00588	0.00282	0.00512
6	0.01399	0.57099	0.22554	0.01185	0.01762	0.01954	0.04058	0.01715	0.01162	0.01463	0.00856	0.01001	0.00725	0.00495	0.00418	0.00138	0.00676	0.00345	0.00242	0.00752
7	0.00748	0.00552	0.00709	0.00816	0.00883	0.00533	0.00572	0.00956	0.05850	0.01519	0.03167	0.65429	0.07090	0.01666	0.00711	0.00227	0.00347	0.07211	0.00525	0.00490
8	0.01148	0.00648	0.00828	0.00739	0.00939	0.00584	0.00570	0.01390	0.01534	0.17253	0.48614	0.03729	0.12001	0.01055	0.00626	0.00175	0.00310	0.00911	0.06334	0.00610
9	0.00855	0.00593	0.00744	0.00696	0.00854	0.00535	0.00526	0.01095	0.01535	0.05751	0.59328	0.04324	0.18691	0.01181	0.00659	0.00179	0.00280	0.01028	0.00605	0.00541
10	0.00686	0.00490	0.00653	0.00784	0.00816	0.00457	0.00522	0.00784	0.01077	0.01437	0.03102	0.79855	0.03722	0.01763	0.00718	0.00229	0.00326	0.01600	0.00522	0.00457
11	0.01167	0.01000	0.01167	0.00834	0.01334	0.00750	0.00667	0.01417	0.01167	0.01834	0.01000	0.01167	0.00834	0.00417	0.00417	0.00083	0.00417	0.00333	0.00333	0.83663
12	0.00685	0.00493	0.00649	0.00774	0.00814	0.00458	0.00518	0.00785	0.01087	0.01440	0.03217	0.76560	0.06942	0.01748	0.00716	0.00227	0.00325	0.01582	0.00522	0.00458
13	0.01207	0.01126	0.01961	0.10393	0.21512	0.01131	0.19682	0.07313	0.01409	0.01937	0.13812	0.12424	0.01981	0.00792	0.00624	0.00185	0.00632	0.00775	0.00389	0.00717
14	0.01377	0.01242	0.01838	0.30655	0.07351	0.04812	0.12484	0.14899	0.01454	0.01972	0.01164	0.01499	0.00891	0.00604	0.00638	0.00178	0.05716	0.00523	0.09992	0.00712
15	0.01167	0.01000	0.01167	0.00834	0.01334	0.00750	0.00667	0.01417	0.01167	0.01834	0.01000	0.01167	0.00834	0.00417	0.00417	0.00083	0.00417	0.00333	0.00333	0.83663
16	0.01366	0.38274	0.30088	0.01361	0.01955	0.01747	0.08595	0.01747	0.01178	0.03741	0.00940	0.01113	0.00752	0.00531	0.00532	0.00156	0.04503	0.00395	0.00257	0.00768
17	0.00734	0.00520	0.00648	0.00719	0.00756	0.00500	0.00466	0.00808	0.00998	0.01322	0.02762	0.45647	0.08072	0.27624	0.05465	0.00365	0.00457	0.01263	0.00451	0.00423
18	0.00818	0.00546	0.00614	0.00614	0.00614	0.00546	0.00341	0.00818	0.00818	0.01091	0.01773	0.03683	0.02046	0.80222	0.02864	0.00546	0.00546	0.00818	0.00341	0.00341
19	0.01469	0.01177	0.02858	0.13350	0.01985	0.06790	0.13265	0.05554	0.06192	0.15781	0.10512	0.05515	0.04853	0.00778	0.00600	0.00180	0.00610	0.03416	0.00458	0.04657

[dist]
# distance from previous block
# <min> <max>
1	6

[block]
# block no. 2 follows, 42 sequences, length 81
# corresponding to MSA columns:
# 575-655
name=unknown_C
#
# <colnr> <probs for GDERKNQSTAVLIFYWHMCP>
#	G	D	E	R	K	N	Q	S	T	A	V	L	I	F	Y	W	H	M	C	P
0	0.16833	0.01282	0.01856	0.05629	0.46512	0.01343	0.01382	0.09347	0.03722	0.05237	0.01122	0.01348	0.00887	0.00542	0.00520	0.00170	0.00609	0.00472	0.00346	0.00838
1	0.00839	0.00728	0.00755	0.00856	0.00916	0.08871	0.00584	0.00942	0.01134	0.01430	0.02859	0.71296	0.03397	0.01635	0.00695	0.00219	0.00401	0.01466	0.00497	0.00478
2	0.00768	0.00559	0.00714	0.00756	0.00842	0.00532	0.00531	0.00985	0.04270	0.01760	0.30171	0.39961	0.06261	0.06960	0.00841	0.00229	0.00326	0.02490	0.00548	0.00495
3	0.06202	0.01565	0.10110	0.06545	0.03249	0.01489	0.16171	0.27871	0.15255	0.03756	0.01397	0.01499	0.01021	0.00617	0.00570	0.00180	0.00675	0.00542	0.00438	0.00849
4	0.01282	0.00824	0.01089	0.00892	0.01188	0.00730	0.03633	0.05543	0.01511	0.16048	0.32939	0.08168	0.04410	0.00904	0.00591	0.00160	0.00389	0.00789	0.00548	0.18362
5	0.01183	0.00984	0.01126	0.00842	0.01292	0.00802	0.00669	0.01579	0.09259	0.01912	0.01209	0.01345	0.00979	0.00474	0.00432	0.00099	0.00407	0.00382	0.07170	0.67857
6	0.05356	0.01319	0.02016	0.15273	0.52264	0.04854	0.01563	0.04631	0.01311	0.01849	0.01104	0.01535	0.00929	0.00558	0.00553	0.00173	0.00680	0.02922	0.00297	0.00814
7	0.84197	0.01088	0.00827	0.00740	0.01088	0.01262	0.00609	0.01654	0.00958	0.02525	0.00784	0.00914	0.00609	0.00522	0.00348	0.00174	0.00435	0.00305	0.00348	0.00609
8	0.00694	0.00571	0.00610	0.00600	0.00778	0.00487	0.00450	0.00863	0.01350	0.01680	0.21010	0.05153	0.61075	0.01366	0.00665	0.00187	0.00281	0.01151	0.00544	0.00487
9	0.00686	0.00490	0.00653	0.00784	0.00816	0.00457	0.00522	0.00784	0.01077	0.01437	0.03102	0.79855	0.03722	0.01763	0.00718	0.00229	0.00326	0.01600	0.00522	0.00457
10	0.00698	0.00495	0.00649	0.00767	0.00797	0.00466	0.00505	0.00787	0.01053	0.01403	0.02974	0.72529	0.03561	0.09309	0.00925	0.00259	0.00348	0.01525	0.00505	0.00446
11	0.00805	0.00599	0.00885	0.00885	0.00978	0.00693	0.00679	0.00992	0.00899	0.01292	0.01525	0.02311	0.01450	0.09380	0.72893	0.00880	0.01442	0.00618	0.00304	0.00492
12	0.84197	0.01088	0.00827	0.00740	0.01088	0.01262	0.00609	0.01654	0.00958	0.02525	0.00784	0.00914	0.00609	0.00522	0.00348	0.00174	0.00435	0.00305	0.00348	0.00609
13	0.01323	0.01260	0.06707	0.21846	0.28717	0.01180	0.03594	0.04620	0.01295	0.05962	0.01217	0.01679	0.00994	0.00582	0.00553	0.00167	0.00651	0.04481	0.00325	0.12848
14	0.01167	0.01000	0.01167	0.00834	0.01334	0.00750	0.00667	0.01417	0.01167	0.01834	0.01000	0.01167	0.00834	0.00417	0.00417	0.00083	0.00417	0.00333	0.00333	0.83663
15	0.84197	0.01088	0.00827	0.00740	0.01088	0.01262	0.00609	0.01654	0.00958	0.02525	0.00784	0.00914	0.00609	0.00522	0.00348	0.00174	0.00435	0.00305	0.00348	0.00609
16	0.01386	0.01181	0.01242	0.01120	0.01431	0.01364	0.00871	0.02923	0.72689	0.02344	0.02272	0.02100	0.01707	0.00759	0.00565	0.00188	0.00438	0.00632	0.03911	0.00876
17	0.84197	0.01088	0.00827	0.00740	0.01088	0.01262	0.00609	0.01654	0.00958	0.02525	0.00784	0.00914	0.00609	0.00522	0.00348	0.00174	0.00435	0.00305	0.00348	0.00609
18	0.01393	0.01337	0.02284	0.03454	0.76712	0.01337	0.01727	0.01727	0.01281	0.01839	0.01059	0.01393	0.00891	0.00501	0.00557	0.00167	0.00669	0.00501	0.00279	0.00891
19	0.01448	0.01233	0.01299	0.01155	0.01482	0.01422	0.00902	0.07646	0.70961	0.02431	0.02230	0.02051	0.01669	0.00758	0.00572	0.00189	0.00457	0.00628	0.00572	0.00895
20	0.00871	0.00622	0.00866	0.00996	0.01110	0.00617	0.00845	0.01105	0.01261	0.01644	0.02999	0.18139	0.03316	0.01588	0.00768	0.00254	0.00487	0.61483	0.00519	0.00508
21	0.00700	0.00507	0.00665	0.00786	0.00837	0.00472	0.00543	0.00813	0.01108	0.01460	0.03285	0.69145	0.09053	0.01723	0.00719	0.00228	0.00337	0.06635	0.00522	0.00463
22	0.02525	0.00958	0.01306	0.01001	0.01437	0.00827	0.00827	0.02743	0.01611	0.77102	0.02220	0.01915	0.01393	0.00697	0.00566	0.00174	0.00479	0.00566	0.00697	0.00958
23	0.01371	0.01315	0.02246	0.08341	0.71992	0.01331	0.01716	0.01708	0.01271	0.01813	0.01055	0.01400	0.00882	0.00505	0.00557	0.00168	0.00674	0.00501	0.00277	0.00874
24	0.02525	0.00958	0.01306	0.01001	0.01437	0.00827	0.00827	0.02743	0.01611	0.77102	0.02220	0.01915	0.01393	0.00697	0.00566	0.00174	0.00479	0.00566	0.00697	0.00958
25	0.00674	0.00555	0.00592	0.00616	0.00774	0.00474	0.00449	0.00812	0.01254	0.01530	0.07664	0.19662	0.60040	0.01481	0.00675	0.00197	0.00292	0.01261	0.00526	0.00474
26	0.02525	0.00958	0.01306	0.01001	0.01437	0.00827	0.00827	0.02743	0.01611	0.77102	0.02220	0.01915	0.01393	0.00697	0.00566	0.00174	0.00479	0.00566	0.00697	0.00958
27	0.01352	0.01278	0.02114	0.17095	0.55370	0.01363	0.01638	0.04656	0.01282	0.01804	0.01039	0.01400	0.00858	0.00551	0.00642	0.00176	0.05770	0.00501	0.00283	0.00827
28	0.01153	0.07943	0.72488	0.01562	0.02371	0.01367	0.02007	0.01776	0.01185	0.01753	0.00995	0.01170	0.00713	0.00531	0.00523	0.00174	0.00817	0.00408	0.00238	0.00825
29	0.11121	0.01405	0.01522	0.01178	0.01615	0.01517	0.00973	0.53057	0.02264	0.17551	0.01456	0.01412	0.01003	0.00663	0.00540	0.00170	0.00572	0.00496	0.00565	0.00919
30	0.50284	0.08565	0.09069	0.01120	0.04066	0.04482	0.05108	0.04700	0.01121	0.02219	0.00861	0.01028	0.00679	0.00546	0.00477	0.00172	0.04142	0.00362	0.00323	0.00677
31	0.02395	0.00931	0.01255	0.00971	0.01389	0.00803	0.00799	0.02608	0.01588	0.71825	0.02463	0.02160	0.06635	0.00747	0.00573	0.00175	0.00465	0.00609	0.00684	0.00924
32	0.01308	0.00816	0.00954	0.00837	0.01049	0.00806	0.00609	0.04596	0.14536	0.15939	0.07850	0.06048	0.05443	0.29362	0.01400	0.00307	0.00467	0.00756	0.00495	0.06422
33	0.00810	0.00542	0.00616	0.00625	0.00627	0.00540	0.00353	0.00816	0.00835	0.01114	0.01859	0.08619	0.02155	0.75138	0.02725	0.00525	0.00531	0.00869	0.00353	0.00349
34	0.00679	0.00555	0.00599	0.00621	0.00777	0.00476	0.00453	0.00822	0.01266	0.01559	0.10419	0.19536	0.57346	0.01469	0.00675	0.00196	0.00292	0.01254	0.00530	0.00476
35	0.01851	0.18630	0.04358	0.01257	0.01637	0.46454	0.01031	0.02037	0.01435	0.05066	0.00937	0.01059	0.00769	0.00544	0.00470	0.00135	0.00824	0.00358	0.00303	0.10846
36	0.00716	0.00521	0.00676	0.00746	0.00819	0.00480	0.00518	0.00866	0.01243	0.01681	0.24632	0.52329	0.09567	0.01560	0.00698	0.00211	0.00306	0.01400	0.00551	0.00480
37	0.01301	0.01304	0.02403	0.20587	0.41680	0.01338	0.19711	0.01679	0.01257	0.01737	0.01065	0.01449	0.00850	0.00509	0.00585	0.00177	0.00757	0.00541	0.00273	0.00797
38	0.00846	0.00604	0.00801	0.00811	0.00954	0.00545	0.03566	0.01000	0.01224	0.06428	0.06060	0.38723	0.27361	0.01494	0.00692	0.00212	0.00362	0.07275	0.00527	0.00515
39	0.02139	0.01576	0.01689	0.01295	0.01745	0.01745	0.01070	0.74835	0.02646	0.03547	0.01351	0.01351	0.00957	0.00676	0.00563	0.00169	0.00619	0.00507	0.00563	0.00957
40	0.01384	0.01192	0.01451	0.01579	0.16764	0.01317	0.01035	0.07534	0.47378	0.02322	0.10020	0.02132	0.01886	0.00746	0.00579	0.00183	0.00484	0.00641	0.00517	0.00856
41	0.00700	0.00554	0.00633	0.00682	0.00807	0.00496	0.00485	0.00870	0.03278	0.01542	0.07734	0.36485	0.40655	0.01536	0.00685	0.00206	0.00306	0.01337	0.00528	0.00482
42	0.00995	0.00749	0.01035	0.01073	0.01236	0.00761	0.03861	0.06005	0.05471	0.01807	0.02781	0.17535	0.02988	0.01444	0.00738	0.00242	0.00507	0.49691	0.00515	0.00567
43	0.02040	0.12216	0.01806	0.01325	0.01704	0.37780	0.01064	0.31205	0.01957	0.02238	0.01051	0.01135	0.00817	0.00606	0.00511	0.00151	0.00804	0.00412	0.00393	0.00783
44	0.01359	0.01289	0.02188	0.03285	0.71438	0.01289	0.01670	0.01688	0.01282	0.01828	0.01193	0.01739	0.01055	0.00575	0.00573	0.00174	0.00658	0.05557	0.00295	0.00865
45	0.00919	0.00527	0.00791	0.00791	0.00825	0.00561	0.00561	0.00825	0.00791	0.01089	0.01157	0.01880	0.01123	0.02722	0.27868	0.55611	0.00834	0.00527	0.00264	0.00332
46	0.00810	0.00547	0.00632	0.00632	0.00650	0.00540	0.00372	0.00847	0.00924	0.01248	0.10961	0.06801	0.02513	0.67400	0.02509	0.00488	0.00503	0.00874	0.00382	0.00369
47	0.84197	0.01088	0.00827	0.00740	0.01088	0.01262	0.00609	0.01654	0.00958	0.02525	0.00784	0.00914	0.00609	0.00522	0.00348	0.00174	0.00435	0.00305	0.00348	0.00609
48	0.01129	0.02911	0.77306	0.01604	0.02436	0.01307	0.02079	0.01782	0.01188	0.01782	0.01010	0.01188	0.00713	0.00535	0.00535	0.00178	0.00832	0.00416	0.00238	0.00832
49	0.02139	0.01576	0.01689	0.01295	0.01745	0.01745	0.01070	0.74835	0.02646	0.03547	0.01351	0.01351	0.00957	0.00676	0.00563	0.00169	0.00619	0.00507	0.00563	0.00957
50	0.01668	0.02012	0.02486	0.01921	0.02358	0.34720	0.39650	0.02044	0.04476	0.01640	0.01069	0.01323	0.00833	0.00532	0.00592	0.00170	0.00957	0.00532	0.00299	0.00718
51	0.01379	0.01323	0.02260	0.06529	0.73742	0.01334	0.01720	0.01715	0.01275	0.01822	0.01056	0.01397	0.00886	0.00504	0.00557	0.00168	0.00672	0.00501	0.00277	0.00881
52	0.00800	0.00549	0.00727	0.00834	0.00902	0.00524	0.00592	0.00970	0.03557	0.04131	0.03030	0.65638	0.03517	0.01668	0.00715	0.00229	0.00359	0.10233	0.00530	0.00496
53	0.00762	0.00574	0.00705	0.00672	0.00820	0.00516	0.00504	0.00996	0.01512	0.02064	0.57943	0.04520	0.23902	0.01222	0.00664	0.00180	0.00271	0.01062	0.00594	0.00516
54	0.01779	0.04996	0.01747	0.25124	0.11320	0.01323	0.02442	0.20117	0.01654	0.21805	0.01406	0.01530	0.00987	0.00613	0.00555	0.00174	0.00633	0.00512	0.00448	0.00834
55	0.05493	0.00988	0.01304	0.01004	0.01437	0.00881	0.00829	0.05667	0.01629	0.71353	0.02132	0.01856	0.01347	0.00689	0.00558	0.00174	0.00483	0.00554	0.00678	0.00945
56	0.01610	0.00829	0.01051	0.00911	0.01198	0.00782	0.00725	0.02025	0.12346	0.34032	0.17838	0.08447	0.09136	0.00993	0.00620	0.00188	0.00405	0.05485	0.00624	0.00755
57	0.00818	0.00546	0.00614	0.00614	0.00614	0.00546	0.00341	0.00818	0.00818	0.01091	0.01773	0.03683	0.02046	0.80222	0.02864	0.00546	0.00546	0.00818	0.00341	0.00341
58	0.02135	0.01508	0.01638	0.01264	0.01707	0.01654	0.01041	0.65544	0.06046	0.09474	0.01467	0.01433	0.01029	0.00681	0.00564	0.00170	0.00600	0.00518	0.00574	0.00954
59	0.00700	0.00504	0.00667	0.00792	0.00838	0.00471	0.00545	0.00811	0.01102	0.01458	0.03211	0.71337	0.06999	0.01733	0.00720	0.00229	0.00338	0.06560	0.00522	0.00462
60	0.02404	0.00956	0.01269	0.00981	0.01396	0.00848	0.00808	0.05923	0.01628	0.68519	0.02154	0.01903	0.01377	0.00693	0.00554	0.00171	0.00470	0.00560	0.06460	0.00927
61	0.01318	0.01275	0.02003	0.31036	0.12965	0.07385	0.15807	0.02968	0.01237	0.04613	0.01144	0.04643	0.00944	0.00668	0.00735	0.02506	0.07197	0.00568	0.00298	0.00691
62	0.01393	0.01337	0.02284	0.03454	0.76712	0.01337	0.01727	0.01727	0.01281	0.01839	0.01059	0.01393	0.00891	0.00501	0.00557	0.00167	0.00669	0.00501	0.00279	0.00891
63	0.00688	0.00496	0.00653	0.00773	0.00815	0.00460	0.00519	0.00793	0.01101	0.01464	0.05380	0.74627	0.06687	0.01731	0.00715	0.00225	0.00323	0.01566	0.00525	0.00460
64	0.02401	0.01107	0.01460	0.01113	0.01556	0.01041	0.03576	0.17766	0.01817	0.58987	0.01999	0.01783	0.01282	0.00684	0.00569	0.00174	0.00525	0.00557	0.00654	0.00950
65	0.01167	0.01000	0.01167	0.00834	0.01334	0.00750	0.00667	0.01417	0.01167	0.01834	0.01000	0.01167	0.00834	0.00417	0.00417	0.00083	0.00417	0.00333	0.00333	0.83663
66	0.01628	0.00917	0.01015	0.00848	0.01130	0.00947	0.00678	0.20781	0.05770	0.16528	0.01807	0.01870	0.01322	0.00674	0.00480	0.00152	0.00406	0.00534	0.41775	0.00738
67	0.00690	0.00565	0.00609	0.00610	0.00779	0.00484	0.00453	0.00852	0.01324	0.01648	0.18304	0.10464	0.58465	0.01399	0.00669	0.00190	0.00284	0.01186	0.00540	0.00484
68	0.00680	0.00562	0.00596	0.00606	0.00774	0.00478	0.00448	0.00829	0.01290	0.01581	0.12158	0.13217	0.61968	0.01435	0.00671	0.00193	0.00288	0.01215	0.00532	0.00478
69	0.00818	0.00546	0.00614	0.00614	0.00614	0.00546	0.00341	0.00818	0.00818	0.01091	0.01773	0.03683	0.02046	0.80222	0.02864	0.00546	0.00546	0.00818	0.00341	0.00341
70	0.00671	0.00565	0.00582	0.00589	0.00766	0.00476	0.00437	0.00815	0.01280	0.01540	0.07912	0.10199	0.69374	0.01438	0.00669	0.00192	0.00287	0.01209	0.00526	0.00476
71	0.01505	0.80561	0.02949	0.00963	0.01444	0.02227	0.00963	0.01685	0.01143	0.01324	0.00782	0.00903	0.00722	0.00481	0.00361	0.00120	0.00602	0.00301	0.00241	0.00722
72	0.01129	0.02911	0.77306	0.01604	0.02436	0.01307	0.02079	0.01782	0.01188	0.01782	0.01010	0.01188	0.00713	0.00535	0.00535	0.00178	0.00832	0.00416	0.00238	0.00832
73	0.00730	0.00559	0.00670	0.00671	0.00807	0.00498	0.00492	0.00923	0.01394	0.01852	0.38483	0.17310	0.30868	0.01353	0.00673	0.00190	0.00283	0.01177	0.00568	0.00498
74	0.01484	0.76259	0.07069	0.00998	0.01499	0.02176	0.01025	0.01691	0.01146	0.01349	0.00795	0.00919	0.00722	0.00484	0.00371	0.00124	0.00615	0.00307	0.00241	0.00728
75	0.07034	0.01280	0.01341	0.01114	0.01476	0.01426	0.00895	0.33133	0.30287	0.04182	0.02013	0.01934	0.06526	0.00751	0.00553	0.00178	0.00500	0.00592	0.03928	0.00858
76	0.00818	0.00546	0.00614	0.00614	0.00614	0.00546	0.00341	0.00818	0.00818	0.01091	0.01773	0.03683	0.02046	0.80222	0.02864	0.00546	0.00546	0.00818	0.00341	0.00341
77	0.00771	0.00551	0.00751	0.00881	0.00952	0.00531	0.00671	0.00932	0.01162	0.01532	0.03055	0.51412	0.03535	0.01682	0.00741	0.00240	0.00401	0.29198	0.00521	0.00481
78	0.34651	0.01368	0.01454	0.10883	0.07620	0.09866	0.05956	0.14490	0.01410	0.02302	0.01064	0.01399	0.00858	0.00603	0.00487	0.00176	0.00627	0.03714	0.00365	0.00705
79	0.01617	0.04545	0.07139	0.01798	0.17444	0.01234	0.14267	0.12852	0.01553	0.16085	0.05632	0.01733	0.03530	0.00618	0.00567	0.00166	0.00630	0.00565	0.00427	0.07600
80	0.01162	0.01147	0.01664	0.69383	0.03603	0.07550	0.01497	0.01567	0.04172	0.01470	0.01042	0.01485	0.00787	0.00572	0.00559	0.00184	0.00760	0.00494	0.00266	0.00638

[dist]
# distance from previous block
# <min> <max>
6	20

[block]
# block no. 3 follows, 42 sequences, length 18
# corresponding to MSA columns:
# 676-693
name=unknown_D
#
# <colnr> <probs for GDERKNQSTAVLIFYWHMCP>
#	G	D	E	R	K	N	Q	S	T	A	V	L	I	F	Y	W	H	M	C	P
0	0.05610	0.00917	0.01012	0.00959	0.01116	0.07490	0.03334	0.04221	0.09686	0.03510	0.01954	0.21550	0.02009	0.14276	0.12918	0.04848	0.00674	0.02943	0.00418	0.00554
1	0.08554	0.07107	0.03603	0.01097	0.01446	0.15674	0.00899	0.17634	0.04797	0.16260	0.01827	0.11704	0.05393	0.00815	0.00546	0.00172	0.00594	0.00640	0.00480	0.00758
2	0.02049	0.01489	0.01733	0.01338	0.01778	0.04310	0.07407	0.48816	0.09518	0.13411	0.01528	0.01505	0.01075	0.00666	0.00571	0.00173	0.00626	0.00536	0.00548	0.00922
3	0.00847	0.00624	0.00824	0.00929	0.01052	0.00611	0.00767	0.01101	0.03668	0.01634	0.03325	0.21249	0.12504	0.01556	0.00744	0.00242	0.00447	0.46842	0.00521	0.00512
4	0.01393	0.01337	0.02284	0.03454	0.76712	0.01337	0.01727	0.01727	0.01281	0.01839	0.01059	0.01393	0.00891	0.00501	0.00557	0.00167	0.00669	0.00501	0.00279	0.00891
5	0.01942	0.01273	0.01426	0.01161	0.01555	0.01375	0.00937	0.27966	0.31503	0.21671	0.01945	0.01792	0.01371	0.00716	0.00568	0.00179	0.00514	0.00573	0.00601	0.00931
6	0.01140	0.02832	0.73093	0.01648	0.02464	0.01314	0.06213	0.01783	0.01196	0.01783	0.01017	0.01207	0.00721	0.00531	0.00542	0.00179	0.00838	0.00430	0.00240	0.00828
7	0.00818	0.00546	0.00614	0.00614	0.00614	0.00546	0.00341	0.00818	0.00818	0.01091	0.01773	0.03683	0.02046	0.80222	0.02864	0.00546	0.00546	0.00818	0.00341	0.00341
8	0.00728	0.00520	0.00701	0.00832	0.00883	0.00493	0.00596	0.00857	0.01119	0.01484	0.03078	0.65833	0.03630	0.01723	0.00730	0.00234	0.00363	0.15205	0.00522	0.00469
9	0.01858	0.01115	0.01451	0.01166	0.01552	0.01128	0.07251	0.08699	0.27221	0.32605	0.05099	0.02127	0.04599	0.00746	0.00584	0.00182	0.00504	0.00636	0.00597	0.00881
10	0.00743	0.00560	0.00756	0.00855	0.00889	0.00574	0.00601	0.00851	0.01070	0.01442	0.02896	0.69575	0.03446	0.01687	0.00817	0.00232	0.07005	0.05030	0.00499	0.00474
11	0.00953	0.00489	0.00726	0.00737	0.00740	0.00486	0.00492	0.00737	0.00762	0.01016	0.01157	0.08318	0.01210	0.01939	0.02074	0.76575	0.00475	0.00583	0.00268	0.00262
12	0.01505	0.80561	0.02949	0.00963	0.01444	0.02227	0.00963	0.01685	0.01143	0.01324	0.00782	0.00903	0.00722	0.00481	0.00361	0.00120	0.00602	0.00301	0.00241	0.00722
13	0.84197	0.01088	0.00827	0.00740	0.01088	0.01262	0.00609	0.01654	0.00958	0.02525	0.00784	0.00914	0.00609	0.00522	0.00348	0.00174	0.00435	0.00305	0.00348	0.00609
14	0.00787	0.00568	0.00684	0.00723	0.00806	0.00540	0.00518	0.00907	0.01117	0.01453	0.09702	0.14050	0.18249	0.30496	0.01505	0.00339	0.00434	0.16221	0.00463	0.00438
15	0.01284	0.01041	0.01069	0.01008	0.01228	0.07772	0.00757	0.04260	0.30272	0.07646	0.09730	0.26806	0.02572	0.01094	0.00621	0.00195	0.00448	0.00946	0.00545	0.00704
16	0.01489	0.09902	0.18912	0.01356	0.01853	0.01502	0.07649	0.13342	0.31280	0.04511	0.01599	0.01599	0.01186	0.00642	0.00548	0.00177	0.00620	0.00532	0.00439	0.00860
17	0.05575	0.15959	0.12313	0.01199	0.01604	0.11005	0.03735	0.13832	0.04294	0.04151	0.02887	0.06175	0.04122	0.00803	0.00550	0.00176	0.00642	0.09853	0.00400	0.00724

[dist]
# distance from previous block
# <min> <max>
0	11

[block]
# block no. 4 follows, 42 sequences, length 47
# corresponding to MSA columns:
# 718-751,753-765
name=unknown_E
#
# <colnr> <probs for GDERKNQSTAVLIFYWHMCP>
#	G	D	E	R	K	N	Q	S	T	A	V	L	I	F	Y	W	H	M	C	P
0	0.10201	0.00913	0.03076	0.04286	0.03723	0.00913	0.04048	0.09827	0.01196	0.03764	0.05686	0.02499	0.01630	0.32311	0.10337	0.00401	0.00669	0.00647	0.00377	0.03495
1	0.51505	0.01039	0.00993	0.07035	0.01368	0.01134	0.00727	0.03465	0.01074	0.02231	0.01126	0.03176	0.03091	0.00613	0.00455	0.00166	0.02522	0.02804	0.00356	0.15124
2	0.00798	0.00598	0.00743	0.00702	0.00851	0.00555	0.00528	0.01094	0.04320	0.02143	0.62344	0.04319	0.16543	0.01180	0.00661	0.00180	0.00275	0.01031	0.00602	0.00536
3	0.00801	0.00616	0.00752	0.00796	0.00949	0.00578	0.00641	0.01053	0.03952	0.01720	0.15637	0.10791	0.30818	0.01429	0.00706	0.00216	0.00375	0.27122	0.00538	0.00513
4	0.00779	0.00575	0.00728	0.00690	0.00830	0.00524	0.00517	0.01029	0.01552	0.02161	0.67181	0.04362	0.14604	0.01186	0.00664	0.00179	0.00268	0.01040	0.00607	0.00524
5	0.00749	0.00539	0.00721	0.00829	0.00901	0.00511	0.00612	0.00904	0.01189	0.01582	0.10565	0.51931	0.06338	0.01639	0.00725	0.00229	0.00365	0.18658	0.00531	0.00480
6	0.77026	0.01077	0.00869	0.00763	0.01119	0.01224	0.00629	0.01750	0.01015	0.09073	0.00910	0.01002	0.00678	0.00538	0.00367	0.00174	0.00439	0.00328	0.00379	0.00640
7	0.02525	0.00958	0.01306	0.01001	0.01437	0.00827	0.00827	0.02743	0.01611	0.77102	0.02220	0.01915	0.01393	0.00697	0.00566	0.00174	0.00479	0.00566	0.00697	0.00958
8	0.01442	0.01230	0.01296	0.01154	0.01479	0.01419	0.00901	0.07054	0.71563	0.02422	0.02237	0.02057	0.01675	0.00759	0.00572	0.00190	0.00455	0.00629	0.00572	0.00895
9	0.02102	0.02682	0.01595	0.01450	0.01740	0.77963	0.01087	0.02247	0.01595	0.01377	0.00870	0.01015	0.00725	0.00580	0.00507	0.00145	0.01015	0.00362	0.00290	0.00652
10	0.01089	0.01027	0.01736	0.72848	0.09692	0.01257	0.01576	0.01461	0.01138	0.01470	0.01005	0.01492	0.00761	0.00558	0.00562	0.00186	0.00744	0.00500	0.00252	0.00646
11	0.01167	0.01000	0.01167	0.00834	0.01334	0.00750	0.00667	0.01417	0.01167	0.01834	0.01000	0.01167	0.00834	0.00417	0.00417	0.00083	0.00417	0.00333	0.00333	0.83663
12	0.22647	0.04642	0.01346	0.01061	0.01345	0.05371	0.08591	0.01645	0.01116	0.15153	0.01270	0.01599	0.01030	0.04648	0.14609	0.08744	0.03690	0.00493	0.00372	0.00628
13	0.01573	0.61093	0.02561	0.01016	0.01441	0.04836	0.00956	0.01806	0.04120	0.07875	0.01028	0.03159	0.00900	0.00577	0.00486	0.00139	0.05015	0.00384	0.00303	0.00733
14	0.00751	0.00562	0.00696	0.00688	0.00819	0.00508	0.00506	0.00964	0.01448	0.01971	0.49742	0.15401	0.21274	0.01301	0.00672	0.00187	0.00279	0.01140	0.00583	0.00508
15	0.01505	0.80561	0.02949	0.00963	0.01444	0.02227	0.00963	0.01685	0.01143	0.01324	0.00782	0.00903	0.00722	0.00481	0.00361	0.00120	0.00602	0.00301	0.00241	0.00722
16	0.01536	0.01187	0.01447	0.04742	0.06704	0.05325	0.04153	0.07680	0.07552	0.13670	0.01370	0.02997	0.01057	0.00561	0.00503	0.00135	0.00533	0.00469	0.00420	0.37960
17	0.02525	0.00958	0.01306	0.01001	0.01437	0.00827	0.00827	0.02743	0.01611	0.77102	0.02220	0.01915	0.01393	0.00697	0.00566	0.00174	0.00479	0.00566	0.00697	0.00958
18	0.00743	0.00559	0.00599	0.00597	0.00694	0.00511	0.00391	0.00824	0.01076	0.01348	0.06838	0.04542	0.38140	0.38805	0.01709	0.00358	0.00408	0.01005	0.00441	0.00414
19	0.00740	0.00577	0.00879	0.00918	0.00996	0.00539	0.06807	0.00870	0.01099	0.01468	0.02935	0.73215	0.03479	0.01654	0.00714	0.00225	0.00379	0.01521	0.00502	0.00483
20	0.01063	0.01000	0.01688	0.78870	0.03876	0.01250	0.01563	0.01438	0.01125	0.01438	0.01000	0.01500	0.00750	0.00563	0.00563	0.00188	0.00750	0.00500	0.00250	0.00625
21	0.01063	0.01000	0.01688	0.78870	0.03876	0.01250	0.01563	0.01438	0.01125	0.01438	0.01000	0.01500	0.00750	0.00563	0.00563	0.00188	0.00750	0.00500	0.00250	0.00625
22	0.00829	0.00592	0.00818	0.00947	0.01043	0.00581	0.00772	0.01031	0.01219	0.01597	0.03023	0.32212	0.03409	0.01628	0.00757	0.00248	0.00451	0.47828	0.00520	0.00497
23	0.01252	0.01051	0.01213	0.00874	0.01370	0.00838	0.00702	0.07864	0.01297	0.01984	0.01031	0.01183	0.00844	0.00439	0.00430	0.00091	0.00435	0.00349	0.00354	0.76400
24	0.01062	0.00968	0.01609	0.73557	0.03658	0.01201	0.01484	0.01429	0.01129	0.01483	0.01057	0.01541	0.00797	0.00569	0.00551	0.00184	0.00717	0.00502	0.05885	0.00618
25	0.01443	0.01212	0.01524	0.01280	0.01629	0.01330	0.10382	0.09051	0.49618	0.05339	0.02198	0.04439	0.03694	0.00792	0.00598	0.00192	0.00522	0.03377	0.00535	0.00845
26	0.00818	0.00546	0.00614	0.00614	0.00614	0.00546	0.00341	0.00818	0.00818	0.01091	0.01773	0.03683	0.02046	0.80222	0.02864	0.00546	0.00546	0.00818	0.00341	0.00341
27	0.04235	0.02325	0.53340	0.07058	0.06958	0.01267	0.04764	0.01666	0.01166	0.01750	0.01140	0.06562	0.00933	0.00633	0.00600	0.00185	0.03858	0.00516	0.00267	0.00776
28	0.00707	0.00569	0.00629	0.00620	0.00787	0.00492	0.00463	0.00886	0.01372	0.01746	0.27547	0.07506	0.51998	0.01351	0.00666	0.00187	0.00280	0.01149	0.00553	0.00492
29	0.40795	0.14239	0.11220	0.00910	0.01378	0.01307	0.00872	0.01621	0.01066	0.02074	0.00863	0.01006	0.00693	0.00493	0.00390	0.00145	0.00510	0.00325	0.00313	0.19779
30	0.00686	0.00490	0.00653	0.00784	0.00816	0.00457	0.00522	0.00784	0.01077	0.01437	0.03102	0.79855	0.03722	0.01763	0.00718	0.00229	0.00326	0.01600	0.00522	0.00457
31	0.01167	0.01000	0.01167	0.00834	0.01334	0.00750	0.00667	0.01417	0.01167	0.01834	0.01000	0.01167	0.00834	0.00417	0.00417	0.00083	0.00417	0.00333	0.00333	0.83663
32	0.01770	0.38685	0.02225	0.01231	0.03543	0.26731	0.01026	0.08888	0.06501	0.03161	0.01003	0.01096	0.00831	0.00556	0.00451	0.00140	0.00727	0.00374	0.00320	0.00742
33	0.01478	0.01176	0.07439	0.14901	0.05950	0.01032	0.14011	0.03732	0.01399	0.20561	0.10783	0.04818	0.01693	0.00718	0.00596	0.00179	0.00615	0.03032	0.00445	0.05445
34	0.02964	0.04684	0.07630	0.03878	0.20805	0.01187	0.10335	0.06507	0.02745	0.13817	0.02650	0.02958	0.01087	0.00636	0.01909	0.00172	0.00634	0.00520	0.00385	0.14499
35	0.24295	0.01355	0.02339	0.01724	0.02212	0.01350	0.42447	0.07162	0.01347	0.08740	0.01151	0.01375	0.00841	0.00522	0.00561	0.00183	0.00742	0.00545	0.00359	0.00750
36	0.01063	0.01000	0.01688	0.78870	0.03876	0.01250	0.01563	0.01438	0.01125	0.01438	0.01000	0.01500	0.00750	0.00563	0.00563	0.00188	0.00750	0.00500	0.00250	0.00625
37	0.01137	0.01697	0.34237	0.01288	0.01761	0.00974	0.06708	0.03927	0.01248	0.08418	0.01972	0.28635	0.03597	0.00996	0.00615	0.00196	0.00614	0.00879	0.00398	0.00704
38	0.01592	0.11323	0.10153	0.02080	0.19108	0.03406	0.25657	0.01959	0.01341	0.16027	0.01261	0.01442	0.00931	0.00532	0.00566	0.00171	0.00743	0.00530	0.00351	0.00827
39	0.00665	0.00570	0.00570	0.00570	0.00760	0.00475	0.00428	0.00808	0.01283	0.01520	0.05701	0.05416	0.76483	0.01425	0.00665	0.00190	0.00285	0.01188	0.00523	0.00475
40	0.00688	0.00492	0.00655	0.00782	0.00817	0.00459	0.00523	0.00791	0.01090	0.01457	0.04938	0.77960	0.03762	0.01748	0.00717	0.00227	0.00325	0.01585	0.00525	0.00459
41	0.02802	0.01299	0.01792	0.45890	0.06821	0.10797	0.08165	0.03044	0.06810	0.05468	0.01160	0.01489	0.00870	0.00577	0.00562	0.00180	0.00753	0.00508	0.00314	0.00697
42	0.00729	0.00547	0.00713	0.00825	0.03083	0.00505	0.00558	0.00874	0.01208	0.01604	0.15368	0.50621	0.15611	0.01564	0.00698	0.00213	0.00327	0.03931	0.00531	0.00487
43	0.01043	0.00982	0.01556	0.01322	0.01514	0.02389	0.17735	0.01335	0.05313	0.01558	0.02111	0.19011	0.06988	0.07136	0.03640	0.00266	0.16103	0.09020	0.00391	0.00586
44	0.00698	0.00497	0.00660	0.00785	0.00820	0.00467	0.00528	0.00798	0.01074	0.01431	0.03044	0.74331	0.03638	0.04930	0.00807	0.00242	0.00342	0.03938	0.00515	0.00454
45	0.01392	0.01363	0.06652	0.18212	0.31829	0.03479	0.11299	0.03897	0.01304	0.07460	0.01230	0.05002	0.01006	0.00605	0.00612	0.00180	0.02799	0.00568	0.00322	0.00788
46	0.19421	0.16734	0.08972	0.01337	0.08235	0.13427	0.01083	0.07573	0.13134	0.02015	0.01125	0.01224	0.00889	0.00581	0.00491	0.00163	0.02076	0.00413	0.00352	0.00755

[dist]
# distance from previous block
# <min> <max>
11	24

[block]
# block no. 5 follows, 42 sequences, length 33
# corresponding to MSA columns:
# 793-825
name=unknown_F
#
# <colnr> <probs for GDERKNQSTAVLIFYWHMCP>
#	G	D	E	R	K	N	Q	S	T	A	V	L	I	F	Y	W	H	M	C	P
0	0.03934	0.05585	0.07734	0.14200	0.13646	0.05663	0.06592	0.04362	0.01319	0.11790	0.04536	0.04149	0.04859	0.02316	0.00690	0.00188	0.05457	0.01875	0.00374	0.00731
1	0.01210	0.23027	0.17300	0.11355	0.01791	0.02339	0.01135	0.02673	0.01227	0.05718	0.05849	0.11416	0.06556	0.03219	0.00609	0.00183	0.00591	0.02773	0.00357	0.00671
2	0.01392	0.01160	0.01238	0.01120	0.01426	0.01329	0.00868	0.02857	0.69262	0.04495	0.02335	0.06533	0.01823	0.00819	0.00581	0.00193	0.00440	0.00689	0.00573	0.00868
3	0.02679	0.07808	0.20670	0.09886	0.04158	0.11762	0.03755	0.01602	0.02417	0.02763	0.17448	0.02318	0.04646	0.00767	0.00570	0.00175	0.00652	0.04876	0.00371	0.00677
4	0.45841	0.02464	0.01128	0.00970	0.01251	0.10090	0.00784	0.06218	0.01142	0.04662	0.00963	0.01205	0.00794	0.02373	0.08506	0.00259	0.09972	0.00394	0.00348	0.00635
5	0.00806	0.00595	0.00865	0.00865	0.00952	0.00682	0.00654	0.00980	0.00893	0.01277	0.01544	0.02411	0.01494	0.14569	0.67763	0.00856	0.01376	0.00632	0.00307	0.00480
6	0.02139	0.01576	0.01689	0.01295	0.01745	0.01745	0.01070	0.74835	0.02646	0.03547	0.01351	0.01351	0.00957	0.00676	0.00563	0.00169	0.00619	0.00507	0.00563	0.00957
7	0.84197	0.01088	0.00827	0.00740	0.01088	0.01262	0.00609	0.01654	0.00958	0.02525	0.00784	0.00914	0.00609	0.00522	0.00348	0.00174	0.00435	0.00305	0.00348	0.00609
8	0.02139	0.01576	0.01689	0.01295	0.01745	0.01745	0.01070	0.74835	0.02646	0.03547	0.01351	0.01351	0.00957	0.00676	0.00563	0.00169	0.00619	0.00507	0.00563	0.00957
9	0.01505	0.80561	0.02949	0.00963	0.01444	0.02227	0.00963	0.01685	0.01143	0.01324	0.00782	0.00903	0.00722	0.00481	0.00361	0.00120	0.00602	0.00301	0.00241	0.00722
10	0.00684	0.00494	0.00648	0.00771	0.00813	0.00458	0.00517	0.00785	0.01089	0.01441	0.03250	0.75606	0.07875	0.01744	0.00715	0.00226	0.00324	0.01576	0.00522	0.00458
11	0.01351	0.01396	0.06217	0.07293	0.64225	0.01355	0.01707	0.01692	0.01242	0.01784	0.01033	0.01378	0.00865	0.00536	0.00635	0.00174	0.05491	0.00496	0.00273	0.00857
12	0.06217	0.02799	0.72622	0.01551	0.02353	0.01304	0.01989	0.01774	0.01174	0.01828	0.00996	0.01171	0.00707	0.00534	0.00523	0.00178	0.00807	0.00409	0.00244	0.00818
13	0.00711	0.00509	0.00676	0.00766	0.00822	0.00474	0.00524	0.00847	0.01195	0.01623	0.19773	0.62652	0.04083	0.01624	0.00706	0.00217	0.00313	0.01467	0.00544	0.00474
14	0.00997	0.00527	0.00558	0.00562	0.00687	0.00520	0.00417	0.01247	0.01217	0.02068	0.09851	0.07820	0.02015	0.00787	0.00445	0.00143	0.00267	0.00653	0.68698	0.00520
15	0.01192	0.01162	0.01778	0.54819	0.12563	0.06651	0.05651	0.01544	0.01193	0.01545	0.01057	0.01490	0.00814	0.00557	0.00553	0.00179	0.00740	0.00501	0.05348	0.00662
16	0.02120	0.00913	0.01163	0.00935	0.01302	0.00847	0.00759	0.02521	0.11019	0.54257	0.02161	0.01971	0.01443	0.00698	0.00536	0.00169	0.00436	0.00568	0.15309	0.00872
17	0.02525	0.00958	0.01306	0.01001	0.01437	0.00827	0.00827	0.02743	0.01611	0.77102	0.02220	0.01915	0.01393	0.00697	0.00566	0.00174	0.00479	0.00566	0.00697	0.00958
18	0.01468	0.00788	0.01093	0.01142	0.09125	0.00732	0.00771	0.04102	0.01398	0.27728	0.10842	0.30825	0.02632	0.01118	0.00626	0.00192	0.00416	0.00988	0.03310	0.00703
19	0.00910	0.00662	0.00898	0.01002	0.01135	0.00667	0.00854	0.01229	0.05266	0.01741	0.07855	0.11176	0.03330	0.01500	0.00755	0.00248	0.00484	0.59226	0.00528	0.00535
20	0.00936	0.01138	0.13265	0.01137	0.05298	0.03161	0.03455	0.01236	0.03301	0.01645	0.09405	0.13581	0.23861	0.01344	0.05880	0.00244	0.05374	0.04715	0.00427	0.00596
21	0.03783	0.00996	0.01208	0.05057	0.01480	0.00804	0.00739	0.01638	0.01230	0.13954	0.01190	0.01298	0.00913	0.00473	0.00447	0.00106	0.00445	0.00379	0.00388	0.63472
22	0.00729	0.00545	0.00666	0.00692	0.00799	0.00494	0.00491	0.00894	0.01304	0.01740	0.30653	0.28828	0.22636	0.05931	0.00807	0.00218	0.00306	0.01237	0.00548	0.00482
23	0.01117	0.01080	0.01861	0.63408	0.03568	0.01292	0.10236	0.01563	0.05155	0.01528	0.01079	0.01527	0.00814	0.00575	0.00611	0.00190	0.02943	0.00527	0.00271	0.00655
24	0.01169	0.11150	0.69416	0.01536	0.02331	0.01405	0.01961	0.01772	0.01183	0.01734	0.00986	0.01158	0.00714	0.00529	0.00516	0.00172	0.00807	0.00404	0.00238	0.00820
25	0.01052	0.00839	0.01153	0.05524	0.01276	0.00970	0.02668	0.01225	0.01137	0.06167	0.11423	0.07105	0.13898	0.09882	0.02335	0.00258	0.24066	0.05610	0.02854	0.00559
26	0.01001	0.00742	0.00833	0.00814	0.01024	0.00735	0.00641	0.01499	0.17956	0.06094	0.05721	0.08118	0.33662	0.01226	0.00646	0.00199	0.00372	0.13150	0.04960	0.00606
27	0.05969	0.18058	0.14576	0.12625	0.08208	0.03950	0.03425	0.03939	0.01266	0.13827	0.01173	0.01357	0.00888	0.00765	0.04641	0.00205	0.03574	0.00450	0.00340	0.00763
28	0.01511	0.06247	0.31324	0.02883	0.05184	0.09902	0.07033	0.02003	0.06328	0.14421	0.01427	0.05616	0.01117	0.00656	0.00555	0.00176	0.00723	0.01727	0.00369	0.00799
29	0.01210	0.00857	0.02445	0.01175	0.11405	0.00847	0.00787	0.05290	0.01244	0.08019	0.06902	0.02422	0.03179	0.13168	0.07262	0.00282	0.05361	0.02800	0.20342	0.05004
30	0.04043	0.01272	0.01675	0.38396	0.03920	0.05439	0.03526	0.22369	0.01637	0.10464	0.01226	0.01460	0.00880	0.00605	0.00557	0.00178	0.00693	0.00501	0.00394	0.00765
31	0.05965	0.05466	0.09119	0.22322	0.12109	0.01185	0.01264	0.04036	0.01324	0.23467	0.01500	0.03951	0.02568	0.00652	0.00577	0.00178	0.02590	0.00537	0.00409	0.00783
32	0.06079	0.05725	0.10581	0.10402	0.07693	0.10792	0.03331	0.04149	0.03572	0.22040	0.02753	0.01670	0.01127	0.00659	0.00604	0.00176	0.04323	0.03126	0.00416	0.00783

[dist]
# distance from previous block
# <min> <max>
2	47

[block]
# block no. 6 follows, 42 sequences, length 35
# corresponding to MSA columns:
# 929-963
name=unknown_G
#
# <colnr> <probs for GDERKNQSTAVLIFYWHMCP>
#	G	D	E	R	K	N	Q	S	T	A	V	L	I	F	Y	W	H	M	C	P
0	0.04609	0.06092	0.07438	0.05114	0.01564	0.03768	0.00937	0.07059	0.05814	0.07825	0.02941	0.05457	0.04421	0.00679	0.00604	0.00151	0.06612	0.00522	0.00391	0.28001
1	0.07989	0.07618	0.15533	0.01544	0.13757	0.04546	0.04854	0.04037	0.04963	0.01863	0.05958	0.05112	0.06790	0.00759	0.00598	0.00176	0.03427	0.05000	0.00362	0.05115
2	0.12683	0.05718	0.17345	0.01383	0.08276	0.08100	0.04885	0.01892	0.07184	0.09494	0.02700	0.01504	0.03697	0.00589	0.00503	0.00159	0.00620	0.00470	0.00367	0.12432
3	0.10530	0.03978	0.08050	0.01172	0.07073	0.03765	0.02014	0.04139	0.07926	0.09720	0.05555	0.03042	0.04969	0.02091	0.00552	0.00162	0.00511	0.02627	0.02850	0.19275
