[name]
unknown

[dist]
# distance from previous block
# <min> <max>
0	660

[block]
# block no. 0 follows, 30 sequences, length 17
# corresponding to MSA columns:
# 758-774
name=unknown_A
#
# <colnr> <probs for GDERKNQSTAVLIFYWHMCP>
#	G	D	E	R	K	N	Q	S	T	A	V	L	I	F	Y	W	H	M	C	P
0	0.01104	0.00797	0.01096	0.01246	0.01411	0.00789	0.01084	0.01415	0.01605	0.02074	0.03925	0.07793	0.08576	0.01917	0.00954	0.00315	0.00623	0.61994	0.00643	0.00639
1	0.02759	0.01870	0.01978	0.01535	0.02076	0.06599	0.01259	0.49432	0.02900	0.19601	0.01882	0.01808	0.01291	0.00836	0.00694	0.00209	0.00761	0.00633	0.00713	0.01162
2	0.03131	0.01188	0.01619	0.01242	0.01781	0.01026	0.01026	0.03401	0.01997	0.71606	0.02753	0.02375	0.01727	0.00864	0.00702	0.00216	0.00594	0.00702	0.00864	0.01188
3	0.00878	0.00627	0.00841	0.01003	0.01056	0.00590	0.00696	0.01019	0.01363	0.01812	0.03831	0.68295	0.04555	0.02160	0.00898	0.00287	0.00429	0.08438	0.00647	0.00574
4	0.01466	0.10001	0.59104	0.02009	0.02970	0.01738	0.08852	0.02201	0.01485	0.02161	0.01242	0.01481	0.00902	0.00650	0.00659	0.00216	0.01020	0.00533	0.00301	0.01010
5	0.00848	0.00615	0.00801	0.00950	0.01007	0.00569	0.00638	0.00974	0.01357	0.01790	0.04106	0.69518	0.09950	0.02152	0.00885	0.00280	0.00401	0.01943	0.00648	0.00569
6	0.01161	0.00854	0.01142	0.01272	0.01445	0.00874	0.01082	0.01625	0.08201	0.02143	0.03625	0.13008	0.03884	0.01854	0.00933	0.00310	0.00614	0.54643	0.00650	0.00681
7	0.01876	0.64413	0.09741	0.01294	0.01927	0.02618	0.01328	0.06543	0.01547	0.01877	0.01043	0.01189	0.00914	0.00619	0.00484	0.00160	0.00774	0.00403	0.00325	0.00927
8	0.01457	0.01274	0.01621	0.08350	0.07556	0.01049	0.01041	0.01791	0.01453	0.02227	0.01246	0.01510	0.01029	0.00543	0.00548	0.00124	0.00582	0.00450	0.00398	0.65751
9	0.01661	0.01578	0.02682	0.10444	0.61707	0.01607	0.02074	0.02075	0.01572	0.02225	0.01422	0.02039	0.01231	0.00692	0.00705	0.00215	0.00829	0.03832	0.00357	0.01053
10	0.01124	0.00803	0.01124	0.01285	0.01446	0.00803	0.01124	0.01446	0.01606	0.02088	0.03695	0.07871	0.04016	0.01928	0.00964	0.00321	0.00643	0.66426	0.00643	0.00643
11	0.01866	0.75896	0.03657	0.01194	0.01791	0.02761	0.01194	0.02090	0.01418	0.01642	0.00970	0.01119	0.00896	0.00597	0.00448	0.00149	0.00746	0.00373	0.00299	0.00896
12	0.09235	0.01676	0.09503	0.01329	0.01828	0.01553	0.01185	0.25163	0.11348	0.11759	0.01971	0.01997	0.01425	0.00814	0.00631	0.00207	0.00640	0.00628	0.16096	0.01014
13	0.46218	0.01140	0.00966	0.00871	0.01216	0.01271	0.00700	0.06491	0.01439	0.02994	0.01707	0.01887	0.04216	0.00763	0.00486	0.00199	0.00479	0.00531	0.25682	0.00745
14	0.01196	0.01805	0.26827	0.01492	0.01961	0.01074	0.01589	0.01682	0.01564	0.02160	0.07393	0.10012	0.03093	0.01451	0.00840	0.00275	0.00746	0.33535	0.00525	0.00780
15	0.01172	0.00975	0.01221	0.01149	0.01342	0.05541	0.05943	0.02997	0.01675	0.04120	0.22787	0.34151	0.10913	0.01639	0.00833	0.00246	0.00509	0.01468	0.00647	0.00672
16	0.05035	0.09623	0.06462	0.01159	0.01626	0.01256	0.01013	0.06636	0.04795	0.15257	0.16228	0.07064	0.05133	0.00981	0.00668	0.00195	0.00561	0.00808	0.00604	0.14898

[dist]
# distance from previous block
# <min> <max>
5	47

[block]
# block no. 1 follows, 30 sequences, length 12
# corresponding to MSA columns:
# 822-833
name=unknown_B
#
# <colnr> <probs for GDERKNQSTAVLIFYWHMCP>
#	G	D	E	R	K	N	Q	S	T	A	V	L	I	F	Y	W	H	M	C	P
0	0.06602	0.01551	0.06218	0.03428	0.02038	0.01379	0.05397	0.16566	0.05164	0.16464	0.01874	0.06559	0.01462	0.00810	0.00655	0.00192	0.00668	0.00673	0.00580	0.21722
1	0.02187	0.04940	0.14918	0.07182	0.02286	0.01534	0.01451	0.07142	0.18196	0.26892	0.02165	0.02093	0.01505	0.00833	0.00742	0.00223	0.03349	0.00660	0.00622	0.01078
2	0.09628	0.01377	0.05585	0.48694	0.06993	0.01543	0.01740	0.01789	0.01357	0.01962	0.01361	0.06507	0.01157	0.00825	0.00806	0.00238	0.06627	0.00678	0.00345	0.00788
3	0.00871	0.00638	0.00822	0.00950	0.01030	0.00589	0.00661	0.01024	0.01423	0.01873	0.08224	0.58033	0.13378	0.02071	0.00882	0.00276	0.00407	0.05615	0.00655	0.00580
4	0.02116	0.09901	0.20205	0.06103	0.08891	0.01553	0.04469	0.02718	0.08058	0.26204	0.01902	0.01917	0.01324	0.00747	0.00669	0.00213	0.00786	0.00620	0.00539	0.01066
5	0.05721	0.13726	0.10487	0.09267	0.13397	0.09555	0.10852	0.11203	0.01808	0.05647	0.01333	0.01582	0.01025	0.00678	0.00651	0.00204	0.00910	0.00573	0.00407	0.00975
6	0.42132	0.08299	0.05494	0.01399	0.06231	0.05984	0.01123	0.15080	0.01711	0.03041	0.01188	0.01342	0.00918	0.00688	0.00528	0.00205	0.00685	0.00461	0.02599	0.00890
7	0.03558	0.01282	0.01581	0.04089	0.07430	0.01354	0.01079	0.21014	0.04446	0.12169	0.10338	0.09407	0.02414	0.10688	0.01143	0.00282	0.03099	0.00889	0.02834	0.00904
8	0.00971	0.04825	0.01035	0.00924	0.01093	0.00802	0.00699	0.01173	0.01570	0.02046	0.19876	0.25433	0.27648	0.01724	0.00901	0.00247	0.04117	0.03650	0.00639	0.00626
9	0.01591	0.01343	0.01923	0.06720	0.05647	0.01164	0.09990	0.03740	0.03036	0.06310	0.01504	0.04542	0.01243	0.00649	0.00614	0.00155	0.00657	0.00586	0.00444	0.48144
10	0.00916	0.00637	0.00867	0.00984	0.01045	0.00611	0.00685	0.01044	0.01366	0.01843	0.10132	0.54132	0.04324	0.02315	0.05720	0.06590	0.00521	0.05093	0.00614	0.00563
11	0.01812	0.08025	0.17659	0.01621	0.02247	0.07635	0.05718	0.12242	0.14279	0.02575	0.01567	0.01686	0.01200	0.00723	0.00685	0.00194	0.02878	0.00568	0.00463	0.16226

[dist]
# distance from previous block
# <min> <max>
3	10

[block]
# block no. 2 follows, 30 sequences, length 19
# corresponding to MSA columns:
# 895-913
name=unknown_C
#
# <colnr> <probs for GDERKNQSTAVLIFYWHMCP>
#	G	D	E	R	K	N	Q	S	T	A	V	L	I	F	Y	W	H	M	C	P
0	0.09049	0.01729	0.11985	0.27294	0.15381	0.01584	0.01769	0.07985	0.04438	0.09980	0.01499	0.01785	0.01097	0.00715	0.00668	0.00221	0.00824	0.00600	0.00436	0.00963
1	0.01857	0.41295	0.08866	0.01528	0.02107	0.06632	0.08965	0.10280	0.01706	0.02113	0.01386	0.07705	0.01271	0.00776	0.00589	0.00186	0.00824	0.00612	0.00388	0.00914
2	0.01491	0.00878	0.01125	0.01034	0.01267	0.00829	0.00781	0.07346	0.01912	0.15513	0.33484	0.23878	0.04668	0.01483	0.00809	0.00236	0.00437	0.01305	0.00746	0.00777
3	0.01704	0.07325	0.01401	0.01099	0.01385	0.05535	0.00857	0.07642	0.01837	0.15526	0.18564	0.21610	0.03448	0.01300	0.00735	0.00221	0.00530	0.01110	0.07364	0.00809
4	0.02109	0.01069	0.01455	0.09426	0.01874	0.01055	0.01018	0.08024	0.01767	0.32283	0.06625	0.08745	0.02146	0.05836	0.06500	0.06961	0.00717	0.00844	0.00652	0.00893
5	0.01252	0.01052	0.01129	0.01050	0.01341	0.01100	0.00805	0.02238	0.31289	0.02514	0.17811	0.04635	0.28338	0.01344	0.00775	0.00233	0.00435	0.01134	0.00699	0.00826
6	0.01761	0.00860	0.01141	0.01055	0.01324	0.00766	0.00803	0.01976	0.01697	0.29104	0.11304	0.30764	0.09196	0.01541	0.00806	0.00247	0.00474	0.03610	0.00745	0.00823
7	0.01697	0.32414	0.10287	0.01255	0.01764	0.03203	0.01198	0.02243	0.11481	0.07866	0.07998	0.06897	0.07143	0.00939	0.00623	0.00197	0.00661	0.00739	0.00495	0.00900
8	0.01581	0.02505	0.30479	0.18378	0.05748	0.09700	0.07612	0.02122	0.01508	0.03562	0.01344	0.04173	0.01071	0.00769	0.00813	0.00228	0.06533	0.00624	0.00338	0.00910
9	0.01272	0.00937	0.01061	0.01099	0.01278	0.04983	0.00829	0.01607	0.06731	0.07947	0.09388	0.34810	0.10353	0.01745	0.00847	0.00265	0.00513	0.12975	0.00663	0.00698
10	0.01000	0.01042	0.09986	0.01071	0.01243	0.00765	0.00863	0.02757	0.01329	0.01804	0.03095	0.48160	0.03592	0.18221	0.01447	0.00361	0.00555	0.01547	0.00554	0.00609
11	0.01446	0.01090	0.01797	0.12548	0.02218	0.01064	0.15481	0.01820	0.01679	0.10183	0.16896	0.03501	0.13469	0.01031	0.00740	0.00218	0.00638	0.00946	0.12450	0.00785
12	0.01240	0.00879	0.01130	0.18642	0.01880	0.02494	0.00918	0.01498	0.01353	0.02033	0.02126	0.13078	0.02002	0.09565	0.01102	0.03445	0.03136	0.00871	0.31972	0.00636
13	0.01286	0.02585	0.45731	0.01637	0.02330	0.01342	0.01889	0.01993	0.07326	0.02118	0.01997	0.17000	0.01888	0.06652	0.00932	0.00270	0.00834	0.00880	0.00413	0.00896
14	0.01668	0.06452	0.17922	0.01484	0.02013	0.01404	0.06421	0.11290	0.06477	0.09052	0.13431	0.08737	0.04004	0.01027	0.00722	0.00222	0.00695	0.02332	0.03724	0.00923
15	0.21079	0.01325	0.01569	0.07495	0.01983	0.01353	0.01088	0.12266	0.01923	0.36945	0.02084	0.02157	0.01443	0.00837	0.00648	0.00221	0.00637	0.03239	0.00681	0.01028
16	0.01289	0.00758	0.01023	0.00995	0.01065	0.00784	0.00705	0.06862	0.01201	0.01607	0.01637	0.02939	0.01660	0.12232	0.06910	0.50525	0.00712	0.06267	0.00387	0.00445
17	0.00988	0.00783	0.01120	0.10441	0.01590	0.00862	0.00908	0.01168	0.01289	0.01744	0.03001	0.49543	0.03455	0.04003	0.09226	0.00383	0.06813	0.01529	0.00539	0.00613
18	0.08872	0.15937	0.02339	0.01598	0.02072	0.21888	0.08844	0.02755	0.13556	0.11758	0.01622	0.01686	0.01233	0.00744	0.00656	0.00201	0.02248	0.00569	0.00483	0.00939

[dist]
# distance from previous block
# <min> <max>
0	1

[block]
# block no. 3 follows, 30 sequences, length 28
# corresponding to MSA columns:
# 915-942
name=unknown_D
#
# <colnr> <probs for GDERKNQSTAVLIFYWHMCP>
#	G	D	E	R	K	N	Q	S	T	A	V	L	I	F	Y	W	H	M	C	P
0	0.80405	0.01350	0.01026	0.00918	0.01350	0.01565	0.00756	0.02051	0.01188	0.03131	0.00972	0.01134	0.00756	0.00648	0.00432	0.00216	0.00540	0.00378	0.00432	0.00756
1	0.01867	0.05606	0.02387	0.01784	0.02210	0.05474	0.20228	0.10638	0.01799	0.12531	0.02288	0.14208	0.05882	0.01070	0.00923	0.00237	0.08496	0.00943	0.00531	0.00898
2	0.01843	0.01456	0.01624	0.01273	0.01785	0.01419	0.01016	0.25613	0.09743	0.03046	0.01846	0.09369	0.01586	0.00853	0.00642	0.00175	0.00598	0.00696	0.00572	0.34846
3	0.00946	0.00697	0.00898	0.00997	0.01105	0.00665	0.00725	0.01212	0.04331	0.02053	0.15509	0.45437	0.09936	0.01936	0.00877	0.00272	0.00427	0.10690	0.00670	0.00617
4	0.07150	0.01373	0.08073	0.01339	0.01850	0.01083	0.06243	0.02553	0.01779	0.36701	0.10912	0.08049	0.02320	0.00958	0.00707	0.00216	0.00622	0.00822	0.00685	0.06565
5	0.01746	0.08010	0.23937	0.02346	0.03123	0.01721	0.36726	0.02339	0.01615	0.09453	0.01471	0.01754	0.01064	0.00640	0.00734	0.00222	0.01039	0.00685	0.00385	0.00990
6	0.02376	0.01817	0.01938	0.01550	0.02058	0.02035	0.01259	0.49135	0.23392	0.03951	0.02027	0.01956	0.01472	0.00871	0.00702	0.00218	0.00703	0.00677	0.00702	0.01162
7	0.01028	0.00766	0.00938	0.01001	0.01128	0.00749	0.00706	0.05435	0.05630	0.02131	0.10998	0.51686	0.11342	0.01905	0.00854	0.00264	0.00423	0.01699	0.00667	0.00650
8	0.01041	0.00680	0.00921	0.00999	0.01084	0.00670	0.00696	0.01186	0.01301	0.06092	0.03200	0.48324	0.03627	0.10066	0.16138	0.00493	0.00750	0.01548	0.00582	0.00603
9	0.01787	0.01417	0.01489	0.01372	0.01722	0.05673	0.01078	0.03120	0.44656	0.09852	0.02914	0.08742	0.02448	0.01146	0.00751	0.00246	0.00599	0.09301	0.00692	0.00995
10	0.01654	0.00991	0.01028	0.00900	0.01166	0.01046	0.00707	0.19182	0.01938	0.03071	0.02119	0.02360	0.01631	0.00819	0.00543	0.00175	0.00441	0.00645	0.58792	0.00791
11	0.01330	0.01101	0.04988	0.01093	0.01323	0.05843	0.00859	0.03620	0.01688	0.09447	0.19259	0.34308	0.09179	0.01608	0.00813	0.00245	0.00510	0.01409	0.00660	0.00717
12	0.01042	0.00819	0.01206	0.01185	0.01291	0.00983	0.00925	0.01272	0.01131	0.01638	0.01909	0.07723	0.01861	0.04598	0.60253	0.00977	0.09347	0.00821	0.00386	0.00634
13	0.01420	0.00866	0.01095	0.01061	0.01276	0.00818	0.00793	0.01729	0.06372	0.13848	0.03143	0.26432	0.05228	0.13876	0.03064	0.00345	0.00571	0.10653	0.00627	0.06785
14	0.01498	0.06648	0.02032	0.01624	0.01690	0.01955	0.01358	0.01679	0.01138	0.01770	0.01115	0.01678	0.01052	0.01357	0.05886	0.00325	0.57243	0.00606	0.08594	0.00753
15	0.07590	0.01439	0.05736	0.18603	0.10326	0.01293	0.05608	0.01947	0.01481	0.05617	0.01450	0.01983	0.01189	0.00689	0.00633	0.00186	0.00731	0.04198	0.00408	0.28893
16	0.01929	0.25209	0.07530	0.01402	0.01953	0.01756	0.08215	0.09798	0.01801	0.12612	0.07930	0.02001	0.01678	0.00758	0.00611	0.00185	0.00702	0.00617	0.07416	0.05897
17	0.03496	0.01078	0.01227	0.01048	0.01392	0.01045	0.00816	0.08114	0.12820	0.02777	0.30935	0.03753	0.10771	0.01126	0.00721	0.00200	0.00452	0.00955	0.00660	0.16613
18	0.01158	0.00931	0.01296	0.01192	0.01415	0.00913	0.07830	0.06483	0.05889	0.02211	0.07761	0.34387	0.15494	0.01777	0.03786	0.00286	0.00565	0.01434	0.04489	0.00703
19	0.02024	0.04010	0.14170	0.05637	0.02562	0.13438	0.12288	0.14309	0.01886	0.07922	0.01410	0.01656	0.01064	0.00795	0.00928	0.00224	0.11903	0.00608	0.02209	0.00956
20	0.02276	0.09636	0.11808	0.01365	0.01876	0.01379	0.01264	0.04297	0.04556	0.35799	0.03833	0.09720	0.01874	0.00985	0.00804	0.00224	0.05852	0.00782	0.00646	0.01023
21	0.00936	0.00669	0.00908	0.01070	0.01148	0.00641	0.00797	0.01120	0.01421	0.01878	0.03799	0.53983	0.04428	0.02105	0.00914	0.00295	0.00479	0.22173	0.00646	0.00591
22	0.01334	0.00990	0.01494	0.06447	0.21171	0.00985	0.01138	0.01572	0.01438	0.05813	0.04009	0.28009	0.02674	0.06693	0.01023	0.03189	0.00585	0.01152	0.09527	0.00758
23	0.02005	0.09446	0.04135	0.11326	0.02599	0.07812	0.13320	0.13829	0.03299	0.11092	0.01653	0.05297	0.01305	0.00772	0.00679	0.00202	0.00839	0.00673	0.00492	0.09223
24	0.01650	0.01449	0.06511	0.09783	0.09890	0.01367	0.13476	0.06631	0.01601	0.10729	0.02015	0.14486	0.01876	0.08824	0.01162	0.00286	0.05980	0.00932	0.00485	0.00864
25	0.01233	0.04084	0.04798	0.01126	0.01336	0.00981	0.00904	0.01460	0.01436	0.05879	0.09831	0.35649	0.03323	0.01517	0.00955	0.00242	0.09715	0.01284	0.06624	0.07623
26	0.07452	0.10654	0.05733	0.08730	0.01799	0.05256	0.01042	0.03475	0.06001	0.02242	0.16207	0.10167	0.04145	0.08048	0.00945	0.00254	0.00628	0.00885	0.02510	0.03827
27	0.03764	0.17826	0.02071	0.01335	0.03123	0.01617	0.04705	0.04677	0.14151	0.04488	0.10800	0.02369	0.02063	0.06099	0.00910	0.00224	0.04238	0.00681	0.00505	0.14353

[dist]
# distance from previous block
# <min> <max>
0	42

[block]
# block no. 4 follows, 30 sequences, length 43
# corresponding to MSA columns:
# 1044-1055,1057-1087
name=unknown_E
#
# <colnr> <probs for GDERKNQSTAVLIFYWHMCP>
#	G	D	E	R	K	N	Q	S	T	A	V	L	I	F	Y	W	H	M	C	P
0	0.02147	0.08203	0.05315	0.03919	0.05540	0.01985	0.01354	0.32008	0.24743	0.04599	0.01966	0.01944	0.01455	0.00830	0.00679	0.00214	0.00712	0.00655	0.00622	0.01111
1	0.02197	0.06285	0.01997	0.03607	0.17433	0.01373	0.01281	0.06927	0.05738	0.27021	0.06537	0.02160	0.01728	0.00779	0.00665	0.00195	0.00645	0.00657	0.00607	0.12169
2	0.10681	0.03774	0.15219	0.04141	0.14839	0.07817	0.01558	0.10139	0.04135	0.10994	0.01543	0.01690	0.01144	0.00712	0.00630	0.00202	0.00789	0.00560	0.04120	0.05314
3	0.01893	0.31957	0.04867	0.01260	0.01755	0.02002	0.01136	0.11280	0.16226	0.06534	0.06306	0.01992	0.01697	0.00794	0.00587	0.00188	0.00645	0.00602	0.07315	0.00963
4	0.01817	0.01385	0.01505	0.01293	0.01685	0.01510	0.01021	0.17476	0.34039	0.07300	0.10990	0.03232	0.11536	0.01082	0.00735	0.00227	0.00550	0.00894	0.00715	0.01008
5	0.01013	0.00794	0.01024	0.01042	0.01194	0.00744	0.00742	0.01174	0.01340	0.01871	0.03136	0.55600	0.03662	0.01793	0.00911	0.00249	0.05388	0.01582	0.00579	0.16162
6	0.08141	0.03748	0.01949	0.02967	0.06560	0.01191	0.15256	0.04021	0.01574	0.12743	0.02540	0.31190	0.02562	0.01289	0.00771	0.00244	0.00669	0.01194	0.00564	0.00828
7	0.01265	0.00941	0.01172	0.01212	0.04422	0.01011	0.00839	0.09402	0.01541	0.02168	0.02884	0.31911	0.06493	0.11370	0.01309	0.00307	0.08654	0.01270	0.11148	0.00682
8	0.01359	0.00830	0.01061	0.00969	0.01213	0.00768	0.00755	0.01735	0.04942	0.13791	0.45145	0.04982	0.12554	0.01386	0.00808	0.00228	0.00406	0.05554	0.00759	0.00755
9	0.01114	0.00803	0.01002	0.01031	0.01179	0.00789	0.00794	0.05695	0.01646	0.02194	0.17627	0.15078	0.10009	0.15563	0.01380	0.00347	0.00535	0.21956	0.00632	0.00626
10	0.01454	0.00955	0.01219	0.12201	0.04082	0.03447	0.00914	0.01691	0.01402	0.10887	0.03666	0.09144	0.02108	0.18493	0.09726	0.00423	0.00770	0.00867	0.15851	0.00698
11	0.02435	0.01248	0.01539	0.01260	0.01710	0.01229	0.01013	0.06437	0.20789	0.40092	0.11851	0.02784	0.02464	0.00961	0.00720	0.00222	0.00555	0.00797	0.00800	0.01094
12	0.01262	0.00919	0.01137	0.01083	0.01287	0.00950	0.00827	0.09978	0.05939	0.03822	0.20641	0.17452	0.08183	0.04611	0.14388	0.00422	0.00738	0.04999	0.00635	0.00726
13	0.01482	0.01050	0.01218	0.01100	0.01354	0.01082	0.00824	0.09608	0.13034	0.07098	0.09898	0.18004	0.06476	0.11209	0.01169	0.00288	0.02923	0.01087	0.05133	0.05964
14	0.01078	0.00744	0.00964	0.05857	0.01310	0.00748	0.00746	0.01368	0.05917	0.04351	0.06935	0.46912	0.03797	0.08119	0.01051	0.00295	0.00469	0.01535	0.07167	0.00637
15	0.08692	0.01055	0.01284	0.01161	0.01479	0.01040	0.00913	0.08034	0.05503	0.24819	0.05299	0.22270	0.02846	0.03683	0.00853	0.00261	0.00551	0.08678	0.00703	0.00875
16	0.01534	0.01100	0.01270	0.01210	0.01493	0.01163	0.00940	0.04499	0.28321	0.09613	0.03516	0.17904	0.09606	0.03639	0.00879	0.00269	0.00532	0.10953	0.00689	0.00870
17	0.00921	0.00694	0.00846	0.00935	0.01040	0.00659	0.00645	0.01180	0.05899	0.01915	0.08386	0.49564	0.16749	0.05894	0.01005	0.00289	0.00415	0.01715	0.00647	0.00604
18	0.01649	0.01862	0.10497	0.07560	0.49612	0.01688	0.07984	0.02108	0.01538	0.02203	0.01285	0.01707	0.01055	0.00666	0.00802	0.00219	0.05560	0.00627	0.00336	0.01043
19	0.01772	0.01329	0.01461	0.01283	0.01637	0.01452	0.00994	0.14915	0.33811	0.07727	0.07506	0.09880	0.06694	0.05201	0.00895	0.00258	0.00560	0.00954	0.00697	0.00975
20	0.02024	0.03784	0.01399	0.01104	0.01488	0.01189	0.00889	0.12781	0.09936	0.22575	0.08804	0.03049	0.10220	0.01004	0.00675	0.00207	0.00516	0.00817	0.16596	0.00943
21	0.11329	0.14369	0.10951	0.01436	0.01884	0.07009	0.01327	0.04472	0.10154	0.08231	0.01862	0.02309	0.03854	0.00938	0.00872	0.00227	0.11351	0.06051	0.00474	0.00900
22	0.07850	0.05841	0.01119	0.00978	0.01156	0.00933	0.00749	0.01275	0.01493	0.02101	0.15904	0.28796	0.18255	0.01648	0.00888	0.00250	0.05125	0.04393	0.00605	0.00642
23	0.01272	0.01003	0.01567	0.01331	0.01614	0.00950	0.13441	0.01676	0.06227	0.06815	0.20195	0.14842	0.12803	0.07770	0.01062	0.00281	0.00584	0.05213	0.00621	0.00732
24	0.01318	0.01240	0.02093	0.73798	0.04806	0.01550	0.01938	0.01783	0.01395	0.01783	0.01240	0.01860	0.00930	0.00698	0.00698	0.00233	0.00930	0.00620	0.00310	0.00775
25	0.01695	0.15415	0.11443	0.01642	0.07801	0.14697	0.01334	0.06134	0.06216	0.02052	0.01980	0.10863	0.04841	0.05194	0.05458	0.00290	0.00884	0.00775	0.00435	0.00851
26	0.01734	0.00871	0.01112	0.00967	0.01271	0.00771	0.00755	0.02004	0.01847	0.27013	0.27276	0.08115	0.15659	0.01287	0.00762	0.00221	0.00431	0.01099	0.05977	0.00829
27	0.01163	0.00819	0.00950	0.00883	0.01129	0.00754	0.00674	0.01566	0.07744	0.08190	0.31951	0.05388	0.33197	0.01483	0.00804	0.00228	0.00381	0.01264	0.00720	0.00712
28	0.01029	0.00816	0.01166	0.05910	0.01464	0.00827	0.03935	0.03398	0.01520	0.02052	0.14621	0.41817	0.08480	0.01949	0.04832	0.00308	0.03096	0.01527	0.00607	0.00645
29	0.01547	0.07972	0.02341	0.50867	0.04004	0.09996	0.05862	0.01948	0.01463	0.01784	0.01191	0.01709	0.00931	0.00713	0.00763	0.00223	0.04978	0.00591	0.00317	0.00799
30	0.19943	0.01223	0.01490	0.01171	0.01687	0.01143	0.00967	0.03107	0.01821	0.56708	0.02365	0.02105	0.01516	0.00817	0.00643	0.00216	0.00582	0.00631	0.00770	0.01094
31	0.01866	0.75896	0.03657	0.01194	0.01791	0.02761	0.01194	0.02090	0.01418	0.01642	0.00970	0.01119	0.00896	0.00597	0.00448	0.00149	0.00746	0.00373	0.00299	0.00896
32	0.00842	0.00708	0.00731	0.00725	0.00953	0.00597	0.00544	0.01035	0.01632	0.01984	0.13940	0.06554	0.63908	0.01731	0.00825	0.00234	0.00351	0.01450	0.00661	0.00597
33	0.00998	0.00743	0.01098	0.01098	0.01214	0.00859	0.00843	0.01231	0.01114	0.01602	0.01891	0.02861	0.01797	0.09840	0.68175	0.01092	0.01791	0.00765	0.00377	0.00610
34	0.01400	0.03610	0.71860	0.01989	0.03020	0.01621	0.02578	0.02210	0.01473	0.02210	0.01252	0.01473	0.00884	0.00663	0.00663	0.00221	0.01031	0.00516	0.00295	0.01031
35	0.01400	0.03610	0.71860	0.01989	0.03020	0.01621	0.02578	0.02210	0.01473	0.02210	0.01252	0.01473	0.00884	0.00663	0.00663	0.00221	0.01031	0.00516	0.00295	0.01031
36	0.01400	0.03610	0.71860	0.01989	0.03020	0.01621	0.02578	0.02210	0.01473	0.02210	0.01252	0.01473	0.00884	0.00663	0.00663	0.00221	0.01031	0.00516	0.00295	0.01031
37	0.01835	0.71156	0.08129	0.01246	0.01872	0.02686	0.01285	0.02097	0.01422	0.01679	0.00989	0.01143	0.00895	0.00601	0.00462	0.00154	0.00765	0.00382	0.00298	0.00904
38	0.01210	0.00716	0.00845	0.00812	0.00859	0.00702	0.00487	0.01213	0.01092	0.07398	0.02181	0.04216	0.02380	0.64209	0.03252	0.05868	0.00665	0.00961	0.00453	0.00481
39	0.02486	0.01680	0.02041	0.01576	0.02104	0.01781	0.06994	0.40384	0.09157	0.16638	0.02004	0.01971	0.01405	0.00830	0.00698	0.00213	0.00723	0.00676	0.05515	0.01125
40	0.01595	0.01221	0.01405	0.01072	0.01587	0.01034	0.00849	0.10543	0.01720	0.06699	0.02222	0.05654	0.09453	0.03252	0.00704	0.00167	0.00536	0.00675	0.00517	0.49095
41	0.24164	0.01679	0.01621	0.01394	0.01758	0.15191	0.05478	0.07658	0.01671	0.11932	0.01814	0.14182	0.01648	0.01006	0.00759	0.00227	0.05676	0.00778	0.00522	0.00841
42	0.04473	0.02128	0.01982	0.01702	0.04958	0.17012	0.01309	0.38691	0.12689	0.05502	0.01720	0.01733	0.01267	0.00816	0.00678	0.00207	0.00832	0.00610	0.00611	0.01080

[dist]
# distance from previous block
# <min> <max>
0	1

[block]
# block no. 5 follows, 30 sequences, length 26
# corresponding to MSA columns:
# 1089-1114
name=unknown_F
#
# <colnr> <probs for GDERKNQSTAVLIFYWHMCP>
#	G	D	E	R	K	N	Q	S	T	A	V	L	I	F	Y	W	H	M	C	P
0	0.01326	0.00887	0.01149	0.06635	0.01440	0.00941	0.00818	0.07616	0.01411	0.07028	0.02301	0.12795	0.02364	0.29942	0.17812	0.00602	0.00927	0.02861	0.00497	0.00648
1	0.10960	0.44889	0.02847	0.01337	0.01855	0.19563	0.01191	0.06742	0.01653	0.02011	0.01044	0.01192	0.00900	0.00649	0.00507	0.00168	0.00849	0.00409	0.00355	0.00878
2	0.01264	0.00956	0.05717	0.01002	0.01233	0.00766	0.00793	0.01528	0.03462	0.11506	0.13888	0.26426	0.14803	0.11974	0.01197	0.00306	0.00495	0.01347	0.00642	0.00695
3	0.18972	0.11893	0.01843	0.01214	0.01717	0.01563	0.03807	0.13813	0.01749	0.04394	0.05982	0.01751	0.01418	0.00994	0.05271	0.00236	0.00704	0.00541	0.00481	0.21655
4	0.01130	0.00832	0.01091	0.06525	0.05790	0.00817	0.00812	0.03198	0.01489	0.04492	0.10862	0.22129	0.16337	0.18102	0.01428	0.00343	0.00537	0.02868	0.00575	0.00641
5	0.18557	0.01034	0.01144	0.01026	0.01311	0.01046	0.00768	0.06930	0.01500	0.14131	0.02267	0.18327	0.02222	0.16027	0.05134	0.00362	0.00635	0.00952	0.00567	0.06062
6	0.01877	0.23838	0.18847	0.01764	0.09280	0.06609	0.01570	0.05893	0.04298	0.09840	0.01662	0.07336	0.01418	0.00828	0.00632	0.00202	0.00805	0.01893	0.00441	0.00970
7	0.08159	0.06399	0.01758	0.08745	0.02065	0.13324	0.01138	0.08117	0.09608	0.15292	0.03459	0.03963	0.01485	0.00881	0.00732	0.03744	0.00735	0.00625	0.00541	0.09229
8	0.01149	0.00949	0.01168	0.15181	0.01833	0.03814	0.00931	0.04476	0.01553	0.01969	0.09978	0.19240	0.21156	0.03570	0.01051	0.07576	0.00570	0.02654	0.00546	0.00635
9	0.05558	0.29128	0.10811	0.01391	0.01990	0.02095	0.01325	0.15784	0.12680	0.07264	0.01573	0.01607	0.01204	0.00725	0.00584	0.00189	0.00725	0.00531	0.00492	0.04343
10	0.01445	0.23345	0.06574	0.04564	0.05505	0.01578	0.01146	0.01935	0.08803	0.02169	0.15399	0.08085	0.04084	0.01073	0.02577	0.00217	0.00644	0.00790	0.00487	0.09579
11	0.11987	0.16926	0.15058	0.01660	0.07898	0.01606	0.06411	0.02059	0.01515	0.07400	0.05963	0.05480	0.01653	0.00815	0.00626	0.00201	0.00731	0.03403	0.00437	0.08169
12	0.05744	0.06298	0.01733	0.04866	0.04956	0.06934	0.01122	0.12971	0.10388	0.15576	0.09594	0.07745	0.02208	0.01248	0.05245	0.00273	0.00739	0.00797	0.00615	0.00945
13	0.07479	0.00922	0.01103	0.01042	0.01285	0.00921	0.00796	0.01923	0.11699	0.11431	0.29149	0.18007	0.05587	0.01403	0.00781	0.00239	0.00442	0.04297	0.00714	0.00779
14	0.01436	0.18615	0.04970	0.01212	0.01545	0.03054	0.02807	0.06854	0.05947	0.02071	0.05535	0.13267	0.11501	0.09882	0.01112	0.00277	0.04133	0.04511	0.00506	0.00765
15	0.04089	0.04805	0.09179	0.01785	0.06525	0.06985	0.10640	0.05346	0.15302	0.11811	0.04580	0.02520	0.01779	0.05820	0.02611	0.00273	0.00817	0.03640	0.00536	0.00955
16	0.01312	0.01036	0.04937	0.01162	0.01388	0.00934	0.00939	0.08555	0.05945	0.05399	0.04651	0.31560	0.07626	0.01759	0.01015	0.07656	0.00549	0.12249	0.00617	0.00711
17	0.12251	0.00765	0.00905	0.00985	0.01129	0.00751	0.00706	0.01312	0.01385	0.06689	0.03513	0.53257	0.06996	0.01848	0.00814	0.00269	0.00445	0.04711	0.00632	0.00640
18	0.05080	0.14164	0.15446	0.08649	0.10020	0.05233	0.14519	0.10862	0.01757	0.02379	0.01537	0.01792	0.04102	0.00711	0.00665	0.00209	0.00907	0.00621	0.00391	0.00955
19	0.01639	0.01552	0.10313	0.01245	0.01573	0.11067	0.01067	0.01909	0.01636	0.14135	0.14363	0.14098	0.07351	0.10287	0.01162	0.00284	0.03947	0.01017	0.00577	0.00777
20	0.02224	0.01244	0.01487	0.01249	0.01669	0.01252	0.00993	0.08096	0.23117	0.31561	0.07412	0.07458	0.06954	0.01068	0.00732	0.00228	0.00549	0.00892	0.00769	0.01048
21	0.01441	0.06830	0.15591	0.06410	0.02382	0.01370	0.16149	0.06009	0.01603	0.05070	0.02403	0.24144	0.05232	0.01175	0.00766	0.00239	0.00782	0.01083	0.00481	0.00841
22	0.01879	0.09138	0.24799	0.05453	0.08999	0.06136	0.09405	0.07448	0.01731	0.11815	0.01618	0.05639	0.01270	0.00773	0.00684	0.00214	0.00898	0.00662	0.00440	0.00998
23	0.06383	0.01283	0.07081	0.43840	0.03443	0.01312	0.01585	0.01663	0.01436	0.01978	0.05305	0.09592	0.06207	0.01014	0.00727	0.00241	0.00779	0.04971	0.00413	0.00748
24	0.00987	0.00658	0.00866	0.00964	0.01041	0.00617	0.00663	0.01135	0.01419	0.04732	0.11490	0.54323	0.04504	0.09057	0.01133	0.00312	0.00440	0.04418	0.00649	0.00592
25	0.01612	0.23596	0.28581	0.17303	0.07360	0.06425	0.01940	0.02116	0.01480	0.01929	0.01162	0.01458	0.00912	0.00652	0.00609	0.00200	0.00930	0.00500	0.00306	0.00928

[dist]
# distance from previous block
# <min> <max>
7	53

[block]
# block no. 6 follows, 30 sequences, length 29
# corresponding to MSA columns:
# 1202-1230
name=unknown_G
#
# <colnr> <probs for GDERKNQSTAVLIFYWHMCP>
#	G	D	E	R	K	N	Q	S	T	A	V	L	I	F	Y	W	H	M	C	P
0	0.03317	0.04577	0.04609	0.08387	0.07476	0.01403	0.01235	0.10409	0.13870	0.17088	0.07513	0.12693	0.02300	0.01048	0.00720	0.00227	0.00634	0.00892	0.00630	0.00972
1	0.07644	0.16124	0.10849	0.07579	0.02239	0.01629	0.08430	0.09141	0.01669	0.07962	0.01941	0.15826	0.01822	0.01014	0.00684	0.00223	0.00748	0.03114	0.00483	0.00880
2	0.01280	0.11909	0.06164	0.01346	0.06621	0.01229	0.01024	0.01542	0.02612	0.03343	0.06004	0.21066	0.06865	0.10289	0.03356	0.00313	0.06433	0.02323	0.05562	0.00721
3	0.07770	0.00880	0.01146	0.01024	0.01283	0.00855	0.05124	0.01843	0.01537	0.14466	0.06637	0.16962	0.02499	0.01305	0.03926	0.00252	0.00531	0.00956	0.30250	0.00754
4	0.01679	0.07040	0.36234	0.04495	0.16073	0.01663	0.05067	0.02427	0.08336	0.08091	0.01538	0.01720	0.01132	0.00694	0.00672	0.00216	0.00894	0.00587	0.00397	0.01046
5	0.01901	0.01051	0.01334	0.06608	0.01709	0.01019	0.00945	0.07791	0.06274	0.26901	0.03594	0.20426	0.14820	0.01333	0.00769	0.00238	0.00543	0.01141	0.00707	0.00895
6	0.01051	0.00709	0.00848	0.00878	0.01019	0.00647	0.00621	0.01200	0.01451	0.06386	0.08736	0.26119	0.24683	0.16753	0.01397	0.00342	0.00466	0.05475	0.00624	0.00596
7	0.01524	0.01198	0.01454	0.01260	0.01529	0.04726	0.05377	0.10946	0.01802	0.07599	0.09127	0.16204	0.18627	0.01365	0.00943	0.00238	0.08805	0.01128	0.05371	0.00777
8	0.01900	0.01340	0.01928	0.26497	0.02917	0.01462	0.06444	0.14304	0.07009	0.14836	0.01995	0.07804	0.01566	0.00888	0.00710	0.00225	0.00750	0.00774	0.05717	0.00936
9	0.01386	0.01272	0.01982	0.39142	0.03387	0.01480	0.07164	0.05865	0.05977	0.02137	0.07526	0.02701	0.09577	0.00934	0.00854	0.00236	0.06341	0.00797	0.00438	0.00804
10	0.00861	0.00636	0.00806	0.00915	0.01003	0.00581	0.00629	0.01015	0.01451	0.01913	0.11854	0.55438	0.16284	0.02029	0.00872	0.00268	0.00388	0.01815	0.00661	0.00581
11	0.01751	0.01954	0.08339	0.11530	0.02946	0.11859	0.25380	0.02316	0.07351	0.06282	0.01681	0.07352	0.01395	0.00837	0.00851	0.00233	0.05844	0.00781	0.00424	0.00896
12	0.00952	0.00671	0.00869	0.00920	0.00974	0.00679	0.00616	0.01073	0.01225	0.01673	0.08114	0.28606	0.03406	0.29221	0.17227	0.00600	0.00811	0.01312	0.00517	0.00534
13	0.01278	0.01165	0.01962	0.44036	0.08676	0.01346	0.06212	0.01650	0.01354	0.01785	0.01598	0.07052	0.01459	0.10474	0.06764	0.00360	0.00948	0.00783	0.00357	0.00742
14	0.01460	0.01181	0.01802	0.23238	0.12971	0.01263	0.04131	0.06013	0.01609	0.07335	0.02758	0.16473	0.12204	0.01162	0.00808	0.00239	0.03010	0.01022	0.00499	0.00822
15	0.05607	0.10462	0.11667	0.04511	0.03410	0.09618	0.03576	0.04100	0.06061	0.18489	0.03933	0.07393	0.01635	0.00903	0.00770	0.00218	0.05469	0.00706	0.00524	0.00948
16	0.00934	0.00654	0.00835	0.00918	0.00963	0.00640	0.00607	0.01045	0.01263	0.01703	0.07449	0.39507	0.03817	0.26645	0.07200	0.00474	0.00609	0.03648	0.00560	0.00532
17	0.00948	0.00692	0.00940	0.01000	0.01077	0.00717	0.00712	0.01097	0.01292	0.01765	0.08440	0.36103	0.06921	0.08322	0.20521	0.03795	0.03142	0.01397	0.00542	0.00575
18	0.01920	0.02108	0.15453	0.04896	0.02255	0.13446	0.06488	0.12322	0.06390	0.09662	0.04127	0.06813	0.03382	0.06506	0.00924	0.00253	0.00854	0.00764	0.00514	0.00922
19	0.10877	0.01062	0.01230	0.01112	0.01429	0.01083	0.00857	0.02413	0.17294	0.20059	0.13495	0.18285	0.03092	0.01228	0.00725	0.00234	0.00488	0.01045	0.03104	0.00886
20	0.01173	0.00713	0.00901	0.00911	0.01055	0.00703	0.00662	0.01357	0.01355	0.07375	0.03208	0.21109	0.11802	0.08820	0.17672	0.03096	0.00766	0.01145	0.15550	0.00627
21	0.03508	0.07713	0.02019	0.04453	0.02031	0.03733	0.06473	0.10007	0.14189	0.20174	0.06167	0.02248	0.01776	0.01159	0.05442	0.00280	0.06328	0.00705	0.00604	0.00992
22	0.11817	0.03373	0.11310	0.01414	0.01900	0.04870	0.01274	0.20241	0.12587	0.05912	0.11687	0.02244	0.02021	0.00898	0.00734	0.00218	0.03747	0.00687	0.02094	0.00971
23	0.00899	0.00658	0.00853	0.00978	0.01072	0.00613	0.00707	0.01072	0.01455	0.01910	0.08647	0.50607	0.13722	0.02039	0.00889	0.00279	0.00430	0.11928	0.00655	0.00588
24	0.36966	0.04888	0.06992	0.01214	0.01644	0.01563	0.01069	0.06479	0.05604	0.10724	0.01597	0.07092	0.01329	0.00997	0.02765	0.00253	0.06839	0.00619	0.00503	0.00865
25	0.01490	0.07067	0.01632	0.16375	0.02176	0.01403	0.01132	0.13704	0.11450	0.02471	0.05525	0.19850	0.08217	0.01228	0.00736	0.00232	0.00617	0.01050	0.02813	0.00831
26	0.07122	0.01126	0.01446	0.05558	0.01726	0.01122	0.00982	0.02420	0.05745	0.31029	0.09847	0.06296	0.02277	0.07258	0.01059	0.00259	0.06385	0.00805	0.00656	0.06880
27	0.03220	0.06968	0.30674	0.01650	0.02343	0.07022	0.01740	0.07806	0.10239	0.12423	0.01651	0.01719	0.01193	0.00759	0.00721	0.00212	0.04006	0.00569	0.00474	0.04612
28	0.21452	0.01400	0.04570	0.02557	0.05806	0.02603	0.01019	0.08144	0.09089	0.10054	0.02137	0.02282	0.06582	0.03888	0.00720	0.00222	0.00594	0.00646	0.08710	0.07526

[dist]
# distance from previous block
# <min> <max>
0	47

[block]
# block no. 7 follows, 30 sequences, length 20
# corresponding to MSA columns:
# 1514-1521,1529-1538,1550,1551
name=unknown_H
#
# <colnr> <probs for GDERKNQSTAVLIFYWHMCP>
#	G	D	E	R	K	N	Q	S	T	A	V	L	I	F	Y	W	H	M	C	P
0	0.01328	0.06745	0.06453	0.01303	0.06133	0.01124	0.00997	0.05677	0.05218	0.02289	0.12062	0.17697	0.06360	0.06121	0.00892	0.00236	0.00554	0.01011	0.03467	0.14334
1	0.07443	0.34785	0.02465	0.09317	0.02017	0.01928	0.01140	0.06987	0.01608	0.09395	0.01824	0.05689	0.05948	0.00816	0.00574	0.00185	0.00678	0.00617	0.00448	0.06137
2	0.10544	0.00749	0.00901	0.00951	0.01090	0.00729	0.00674	0.01281	0.01374	0.06685	0.07424	0.44030	0.08623	0.01862	0.01015	0.08933	0.00447	0.01473	0.00606	0.00610
3	0.01652	0.02119	0.21916	0.12253	0.04255	0.01665	0.15491	0.11229	0.01717	0.04947	0.01565	0.07377	0.01296	0.00858	0.00892	0.00237	0.08432	0.00741	0.00415	0.00942
4	0.01967	0.04243	0.02152	0.15698	0.04103	0.01608	0.09085	0.06613	0.15229	0.18057	0.01994	0.04612	0.01510	0.00885	0.00888	0.00235	0.08852	0.00733	0.00555	0.00981
5	0.02646	0.01327	0.01548	0.01259	0.01720	0.06380	0.01018	0.06416	0.05590	0.48399	0.04470	0.05378	0.06547	0.01010	0.00723	0.00221	0.00623	0.02883	0.00778	0.01064
6	0.01556	0.01279	0.06635	0.27202	0.02774	0.01216	0.03041	0.02087	0.07133	0.13750	0.18220	0.03083	0.07132	0.00981	0.00738	0.00227	0.00679	0.00851	0.00563	0.00853
7	0.01791	0.11060	0.14349	0.02093	0.13443	0.05010	0.09109	0.08933	0.03348	0.07093	0.08512	0.02187	0.04275	0.00829	0.00776	0.00214	0.04858	0.00693	0.00463	0.00966
8	0.14307	0.06328	0.01832	0.07947	0.09262	0.05671	0.05311	0.04953	0.01607	0.15501	0.02085	0.07439	0.05134	0.06854	0.00887	0.00252	0.00708	0.00758	0.02296	0.00868
9	0.00973	0.00660	0.00837	0.00902	0.00949	0.00638	0.00599	0.01060	0.01285	0.01729	0.11062	0.30727	0.03805	0.28877	0.01991	0.06084	0.00527	0.06229	0.00555	0.00512
10	0.01926	0.10344	0.11794	0.06035	0.02336	0.10697	0.08549	0.02474	0.09095	0.13184	0.01655	0.01852	0.01258	0.01084	0.05625	0.00278	0.08388	0.00618	0.01874	0.00935
11	0.01767	0.06253	0.11351	0.11841	0.10973	0.01625	0.17955	0.04661	0.01637	0.11208	0.03470	0.02036	0.03279	0.00770	0.00829	0.00224	0.06324	0.00694	0.02152	0.00951
12	0.02075	0.01000	0.01299	0.01142	0.01490	0.00921	0.00901	0.02467	0.07868	0.36240	0.07883	0.18831	0.07556	0.01329	0.00778	0.00241	0.00519	0.05760	0.00767	0.00933
13	0.01591	0.01301	0.05428	0.04353	0.13522	0.01242	0.03763	0.06363	0.01643	0.11336	0.07565	0.09745	0.08514	0.03880	0.07981	0.00337	0.07227	0.02819	0.00532	0.00857
14	0.05659	0.13423	0.33765	0.01637	0.03997	0.01741	0.01756	0.05860	0.13435	0.02408	0.03735	0.02071	0.06013	0.00805	0.00645	0.00213	0.00797	0.00628	0.00434	0.00980
15	0.04509	0.02710	0.01169	0.01251	0.06353	0.00878	0.00850	0.01373	0.01461	0.06645	0.07039	0.39179	0.14138	0.01711	0.00899	0.00259	0.04524	0.03756	0.00609	0.00686
16	0.00942	0.00668	0.00862	0.00919	0.01021	0.00624	0.00654	0.01115	0.01534	0.02070	0.24958	0.32615	0.11414	0.06783	0.01156	0.05086	0.00422	0.05929	0.00650	0.00577
17	0.12418	0.04973	0.07507	0.05314	0.17420	0.01578	0.14933	0.02329	0.08327	0.07753	0.04151	0.01887	0.01368	0.00698	0.00665	0.00210	0.00788	0.00642	0.00448	0.06592
18	0.13479	0.02728	0.05760	0.07002	0.10989	0.01505	0.05011	0.09858	0.09935	0.14603	0.06671	0.02078	0.01648	0.00787	0.00660	0.00212	0.00691	0.00656	0.00558	0.05166
19	0.00936	0.00691	0.00867	0.00954	0.01075	0.00645	0.00710	0.01126	0.01493	0.01944	0.11533	0.30755	0.19313	0.08553	0.01125	0.00310	0.00464	0.16281	0.00639	0.00586

[dist]
# distance from previous block
# <min> <max>
3	16

[block]
# block no. 8 follows, 30 sequences, length 7
# corresponding to MSA columns:
# 1609-1615
name=unknown_I
#
# <colnr> <probs for GDERKNQSTAVLIFYWHMCP>
#	G	D	E	R	K	N	Q	S	T	A	V	L	I	F	Y	W	H	M	C	P
0	0.10206	0.25048	0.07441	0.01617	0.07387	0.01847	0.06458	0.04112	0.06802	0.08602	0.01481	0.01672	0.01178	0.01102	0.07426	0.00277	0.00849	0.00546	0.00429	0.05521
1	0.02087	0.01525	0.04533	0.02860	0.01936	0.01504	0.02528	0.19903	0.08529	0.17081	0.04043	0.02341	0.06859	0.00920	0.00858	0.00212	0.08488	0.00707	0.00617	0.12471
2	0.06017	0.02240	0.28268	0.01866	0.09617	0.01518	0.01731	0.07336	0.12398	0.15120	0.05576	0.02040	0.01580	0.00792	0.00679	0.00220	0.00773	0.00645	0.00530	0.01055
3	0.07271	0.09304	0.01774	0.06941	0.01864	0.08106	0.08008	0.07093	0.01641	0.02463	0.01631	0.01917	0.01286	0.00716	0.00563	0.00179	0.00660	0.00578	0.31090	0.06915
4	0.01285	0.08467	0.12128	0.01315	0.01685	0.01209	0.06301	0.01704	0.06625	0.01901	0.02184	0.11088	0.02233	0.22210	0.03375	0.00377	0.00751	0.07877	0.00454	0.06832
5	0.07080	0.01988	0.14334	0.02018	0.07718	0.03129	0.14446	0.16228	0.08179	0.06385	0.01766	0.07430	0.01439	0.00859	0.00776	0.00228	0.03752	0.00749	0.00500	0.00998
6	0.31163	0.01347	0.01353	0.06943	0.08249	0.06859	0.00994	0.01839	0.01498	0.02554	0.12504	0.02517	0.09223	0.00880	0.00604	0.00204	0.00599	0.00683	0.00482	0.09504

[dist]
# distance from previous block
# <min> <max>
0	1

[block]
# block no. 9 follows, 30 sequences, length 47
# corresponding to MSA columns:
# 1617-1646,1649-1665
name=unknown_J
#
# <colnr> <probs for GDERKNQSTAVLIFYWHMCP>
#	G	D	E	R	K	N	Q	S	T	A	V	L	I	F	Y	W	H	M	C	P
0	0.01631	0.01263	0.01795	0.02201	0.24797	0.02504	0.01304	0.06465	0.03440	0.09264	0.07538	0.12942	0.09110	0.01229	0.00988	0.05561	0.05605	0.00955	0.00531	0.00876
1	0.01751	0.01238	0.01732	0.01638	0.09562	0.01250	0.03849	0.06396	0.01553	0.14611	0.01821	0.05753	0.01585	0.09500	0.09826	0.00367	0.10250	0.00727	0.00497	0.16095
2	0.01274	0.00917	0.01154	0.10839	0.01636	0.00895	0.00827	0.05019	0.01550	0.06687	0.10847	0.10398	0.16264	0.19133	0.01424	0.00328	0.00567	0.01065	0.00555	0.08623
3	0.46708	0.01261	0.01186	0.01021	0.01455	0.01356	0.00830	0.02421	0.07978	0.19085	0.02183	0.02128	0.08173	0.00840	0.00561	0.00220	0.00535	0.00604	0.00582	0.00874
4	0.01014	0.00678	0.00767	0.00765	0.00771	0.00676	0.00431	0.01025	0.01047	0.01402	0.04522	0.04588	0.02674	0.72966	0.03459	0.00661	0.00665	0.01023	0.00435	0.00431
5	0.01945	0.68449	0.03499	0.01235	0.01829	0.02701	0.01207	0.08807	0.01606	0.01919	0.01041	0.01175	0.00925	0.00621	0.00473	0.00155	0.00748	0.00399	0.00339	0.00925
6	0.02077	0.01835	0.01854	0.06981	0.07994	0.15877	0.01255	0.19171	0.02060	0.07282	0.01602	0.06561	0.01333	0.00798	0.00652	0.00184	0.00786	0.00634	0.00508	0.20558
7	0.08874	0.10476	0.01833	0.01333	0.01659	0.01736	0.01088	0.19718	0.07612	0.04804	0.01760	0.06965	0.01578	0.08053	0.08396	0.00358	0.11642	0.00726	0.00513	0.00876
8	0.00883	0.00704	0.00796	0.00821	0.01013	0.00617	0.00620	0.01091	0.01626	0.02046	0.17234	0.15046	0.45660	0.01776	0.00845	0.00246	0.00382	0.07323	0.00668	0.00603
9	0.12745	0.01973	0.01847	0.01541	0.01953	0.13829	0.01239	0.29353	0.14125	0.03191	0.01593	0.01677	0.01213	0.00858	0.00845	0.00222	0.09647	0.00591	0.00560	0.01000
10	0.01373	0.01302	0.02170	0.61930	0.11283	0.01601	0.01931	0.01812	0.01393	0.01826	0.01226	0.01824	0.00947	0.00725	0.00805	0.00235	0.05877	0.00620	0.00313	0.00808
11	0.01306	0.00986	0.01374	0.01562	0.12951	0.00936	0.00982	0.01542	0.01517	0.07195	0.11923	0.26496	0.07783	0.04491	0.00966	0.00247	0.04463	0.01201	0.00569	0.11509
12	0.00875	0.00637	0.00831	0.00977	0.01049	0.00593	0.00684	0.01022	0.01388	0.01823	0.04150	0.61491	0.11116	0.02119	0.00892	0.00282	0.00424	0.08423	0.00647	0.00577
13	0.01763	0.01226	0.01370	0.01394	0.06563	0.08175	0.00972	0.08509	0.01800	0.16317	0.06177	0.28970	0.06233	0.01403	0.00771	0.00237	0.00593	0.02840	0.03857	0.00829
14	0.30939	0.01629	0.01617	0.01295	0.01783	0.01807	0.01060	0.37254	0.02337	0.08316	0.01513	0.01646	0.01123	0.03901	0.00721	0.00232	0.00669	0.00558	0.00601	0.00998
15	0.23203	0.02155	0.01666	0.01448	0.01874	0.25272	0.01136	0.15926	0.15786	0.02869	0.01526	0.01581	0.01168	0.00770	0.00607	0.00207	0.00826	0.00535	0.00517	0.00930
16	0.02318	0.01377	0.01857	0.01501	0.01965	0.01375	0.07892	0.17620	0.09579	0.28644	0.02576	0.07789	0.02062	0.01061	0.00759	0.00236	0.00680	0.08946	0.00716	0.01044
17	0.01447	0.01240	0.01447	0.01034	0.01654	0.00930	0.00827	0.01757	0.01447	0.02274	0.01240	0.01447	0.01034	0.00517	0.00517	0.00103	0.00517	0.00413	0.00413	0.79742
18	0.01267	0.01066	0.01301	0.06334	0.01681	0.00877	0.00842	0.01564	0.01525	0.02238	0.11947	0.07790	0.09104	0.00905	0.00632	0.00156	0.00496	0.00769	0.00497	0.49009
19	0.01318	0.01240	0.02093	0.73798	0.04806	0.01550	0.01938	0.01783	0.01395	0.01783	0.01240	0.01860	0.00930	0.00698	0.00698	0.00233	0.00930	0.00620	0.00310	0.00775
20	0.01879	0.18036	0.16831	0.02034	0.15184	0.06575	0.01640	0.02264	0.01590	0.12169	0.06496	0.01843	0.01476	0.00786	0.00801	0.00208	0.08199	0.00592	0.00428	0.00969
21	0.06596	0.00904	0.01031	0.00926	0.01215	0.00850	0.00716	0.01742	0.07869	0.10309	0.29694	0.04656	0.24380	0.01326	0.00759	0.00220	0.00410	0.01119	0.00698	0.04581
22	0.01637	0.01517	0.02136	0.02448	0.26028	0.06189	0.06566	0.02196	0.10255	0.04561	0.16024	0.02533	0.02363	0.00880	0.00833	0.00214	0.06121	0.00768	0.00499	0.06230
23	0.01012	0.00773	0.00925	0.00925	0.01092	0.00716	0.00651	0.01304	0.06046	0.02039	0.15315	0.31350	0.13589	0.11730	0.01182	0.00298	0.00443	0.01416	0.00619	0.08575
24	0.01523	0.03660	0.11916	0.08185	0.02089	0.03196	0.01229	0.09876	0.01668	0.02395	0.01721	0.11987	0.01570	0.00858	0.00630	0.00179	0.00661	0.00712	0.05743	0.30203
25	0.02040	0.01928	0.12619	0.01481	0.02074	0.01684	0.01348	0.33421	0.09921	0.04511	0.01771	0.04166	0.01360	0.00809	0.00660	0.00196	0.00709	0.00636	0.03291	0.15374
26	0.01178	0.00912	0.01102	0.01134	0.05040	0.00848	0.00770	0.01568	0.09257	0.04428	0.06122	0.23517	0.19601	0.08887	0.01047	0.00271	0.00480	0.01257	0.00594	0.11988
27	0.02224	0.22291	0.11758	0.01378	0.01962	0.01773	0.01308	0.10766	0.08721	0.23916	0.01991	0.05740	0.01512	0.00839	0.00637	0.00203	0.00703	0.00654	0.00582	0.01044
