[name]
unknown

[dist]
# distance from previous block
# <min> <max>
2	70

[block]
# block no. 0 follows, 48 sequences, length 24
# corresponding to MSA columns:
# 87-110
name=unknown_A
#
# <colnr> <probs for GDERKNQSTAVLIFYWHMCP>
#	G	D	E	R	K	N	Q	S	T	A	V	L	I	F	Y	W	H	M	C	P
0	0.07128	0.00891	0.01167	0.21657	0.01774	0.02063	0.02054	0.10118	0.03011	0.15564	0.07869	0.08991	0.02845	0.03785	0.00607	0.00180	0.00497	0.05153	0.00421	0.04227
1	0.03556	0.00924	0.01326	0.16251	0.01742	0.00963	0.08079	0.09351	0.05377	0.14906	0.09366	0.07886	0.01592	0.04673	0.00680	0.00181	0.03669	0.02032	0.00415	0.07032
2	0.01207	0.00913	0.01309	0.08878	0.01558	0.02086	0.11187	0.06717	0.09932	0.11986	0.09784	0.12440	0.04637	0.00914	0.03512	0.00190	0.00518	0.03116	0.00433	0.08682
3	0.01201	0.00844	0.01238	0.27569	0.04806	0.00898	0.02906	0.03427	0.05133	0.15146	0.07632	0.07710	0.01517	0.10052	0.00790	0.00203	0.02048	0.00612	0.00383	0.05885
4	0.02797	0.00868	0.01172	0.15109	0.01615	0.00884	0.03651	0.08360	0.08202	0.17231	0.11785	0.08071	0.03481	0.00761	0.00533	0.00162	0.00457	0.04169	0.02340	0.08350
5	0.06119	0.00898	0.01178	0.16221	0.01616	0.00950	0.03638	0.14256	0.03678	0.14068	0.04081	0.04481	0.01358	0.16386	0.03290	0.00246	0.00546	0.02193	0.00402	0.04397
6	0.10001	0.01059	0.01186	0.02752	0.02848	0.06775	0.03582	0.14253	0.06288	0.18634	0.01510	0.08457	0.01283	0.11491	0.00812	0.00205	0.02803	0.00572	0.00432	0.05058
7	0.05273	0.03248	0.01423	0.02857	0.03191	0.03426	0.05888	0.29201	0.03908	0.14223	0.02781	0.01598	0.03557	0.06010	0.00677	0.00174	0.03287	0.00499	0.00438	0.08341
8	0.04440	0.03118	0.02935	0.16161	0.01785	0.02285	0.05726	0.13383	0.03349	0.23743	0.09065	0.03987	0.01419	0.02423	0.00561	0.00166	0.00522	0.00548	0.00445	0.03938
9	0.02810	0.03089	0.03059	0.21688	0.09806	0.01037	0.02773	0.10724	0.05449	0.07313	0.01286	0.05826	0.01099	0.09125	0.00715	0.00188	0.00540	0.00527	0.01916	0.11030
10	0.06388	0.11450	0.02839	0.03657	0.02485	0.04804	0.02193	0.16304	0.01303	0.08820	0.01428	0.10771	0.01339	0.16941	0.00902	0.00220	0.00509	0.00592	0.03978	0.03077
11	0.08470	0.18293	0.06668	0.05857	0.01393	0.06626	0.00858	0.19012	0.01352	0.01844	0.03036	0.06999	0.01214	0.10666	0.00723	0.00192	0.00545	0.02389	0.03242	0.00623
12	0.04252	0.30242	0.08947	0.01114	0.04612	0.01568	0.00985	0.27549	0.04232	0.04801	0.01116	0.03923	0.00918	0.03000	0.00507	0.00152	0.00552	0.00430	0.00362	0.00739
13	0.22331	0.39914	0.08395	0.00917	0.01325	0.06046	0.00878	0.06366	0.01127	0.04400	0.00890	0.03789	0.00765	0.00517	0.00377	0.00136	0.00538	0.00350	0.00289	0.00650
14	0.01902	0.01413	0.01513	0.01171	0.01573	0.01569	0.00964	0.71754	0.07793	0.03156	0.01293	0.01281	0.00922	0.00622	0.00514	0.00155	0.00553	0.00470	0.00514	0.00868
15	0.01148	0.09442	0.01686	0.01299	0.01344	0.01619	0.01098	0.01266	0.00812	0.01232	0.00678	0.01092	0.00672	0.00851	0.01545	0.00213	0.72778	0.00431	0.00224	0.00571
16	0.04763	0.40928	0.02051	0.00997	0.01418	0.01738	0.00899	0.32743	0.01628	0.06887	0.01008	0.01049	0.00781	0.00525	0.00416	0.00133	0.00543	0.00367	0.00370	0.00756
17	0.01372	0.82276	0.02689	0.00878	0.01317	0.02030	0.00878	0.01536	0.01043	0.01207	0.00713	0.00823	0.00658	0.00439	0.00329	0.00110	0.00549	0.00274	0.00219	0.00658
18	0.00746	0.00497	0.00560	0.00560	0.00560	0.00497	0.00311	0.00746	0.00746	0.00995	0.01617	0.03358	0.01865	0.81967	0.02612	0.00497	0.00497	0.00746	0.00311	0.00311
19	0.07351	0.01374	0.14231	0.01882	0.25099	0.01110	0.14221	0.04044	0.01259	0.22523	0.01245	0.01356	0.00888	0.00511	0.00511	0.00160	0.00615	0.00474	0.00363	0.00784
20	0.01204	0.00933	0.01088	0.00811	0.01240	0.00767	0.00648	0.01588	0.11067	0.08789	0.01166	0.01237	0.00911	0.00444	0.00411	0.00096	0.00389	0.00359	0.00362	0.66489
21	0.01173	0.01192	0.04125	0.02378	0.42446	0.01138	0.19455	0.01583	0.06225	0.01751	0.11941	0.01694	0.01415	0.00551	0.00545	0.00160	0.00610	0.00565	0.00315	0.00736
22	0.01029	0.00883	0.01379	0.22709	0.16828	0.00979	0.04019	0.08148	0.01103	0.01506	0.01213	0.04117	0.01096	0.09730	0.22629	0.00380	0.00826	0.00548	0.00289	0.00588
23	0.01251	0.01166	0.01806	0.05317	0.38851	0.01363	0.01338	0.04336	0.01060	0.03587	0.00881	0.01224	0.00765	0.00652	0.00994	0.00183	0.33805	0.00456	0.00261	0.00703

[dist]
# distance from previous block
# <min> <max>
2	10

[block]
# block no. 1 follows, 48 sequences, length 12
# corresponding to MSA columns:
# 121-132
name=unknown_B
#
# <colnr> <probs for GDERKNQSTAVLIFYWHMCP>
#	G	D	E	R	K	N	Q	S	T	A	V	L	I	F	Y	W	H	M	C	P
0	0.01281	0.10154	0.07827	0.02818	0.17072	0.03451	0.04834	0.06385	0.07853	0.08114	0.04619	0.04588	0.06925	0.00624	0.00493	0.00146	0.00522	0.00533	0.00362	0.11398
1	0.01387	0.41997	0.19297	0.01125	0.01632	0.03365	0.05992	0.09054	0.01229	0.05395	0.00907	0.01016	0.00720	0.00476	0.00415	0.00131	0.00612	0.00352	0.00276	0.04624
2	0.16621	0.09128	0.36597	0.01294	0.06228	0.06756	0.01325	0.07311	0.01201	0.07664	0.00965	0.01076	0.00707	0.00503	0.00446	0.00153	0.00638	0.00369	0.00294	0.00722
3	0.01052	0.00623	0.00776	0.00692	0.00889	0.00566	0.00535	0.01317	0.04931	0.17905	0.43023	0.03553	0.20107	0.01002	0.00583	0.00164	0.00294	0.00860	0.00558	0.00569
4	0.00959	0.00964	0.07092	0.03950	0.05066	0.00871	0.12479	0.09188	0.01208	0.01628	0.03890	0.32981	0.10597	0.01056	0.00663	0.00186	0.05315	0.00944	0.00395	0.00569
5	0.03783	0.15419	0.19133	0.01910	0.32253	0.01267	0.01349	0.01745	0.01174	0.15612	0.01097	0.01226	0.00826	0.00493	0.00469	0.00149	0.00595	0.00414	0.00310	0.00778
6	0.00802	0.00582	0.00764	0.00852	0.00947	0.00587	0.00682	0.01060	0.06437	0.01460	0.02563	0.22572	0.02823	0.11329	0.00918	0.00258	0.00431	0.44012	0.00457	0.00464
7	0.00606	0.00520	0.00520	0.00520	0.00693	0.00433	0.00390	0.00736	0.01170	0.01386	0.05198	0.04938	0.78558	0.01299	0.00606	0.00173	0.00260	0.01083	0.00476	0.00433
8	0.06322	0.16844	0.11643	0.01686	0.16851	0.01355	0.16976	0.06971	0.01244	0.11932	0.01064	0.01217	0.00803	0.00498	0.00508	0.00153	0.02433	0.00441	0.00315	0.00743
9	0.04997	0.07027	0.19006	0.01632	0.15913	0.02939	0.07181	0.25370	0.07243	0.02173	0.01098	0.01219	0.00825	0.00531	0.00493	0.00155	0.00626	0.00440	0.00348	0.00785
10	0.01169	0.01092	0.01749	0.01402	0.01569	0.01314	0.18180	0.01363	0.00979	0.07151	0.01393	0.01680	0.09968	0.00821	0.01225	0.00202	0.47289	0.00565	0.00293	0.00599
11	0.00792	0.00540	0.00700	0.00651	0.00788	0.00494	0.00492	0.01026	0.01439	0.05531	0.71322	0.03794	0.08394	0.01043	0.00601	0.00162	0.00252	0.00917	0.00564	0.00499

[dist]
# distance from previous block
# <min> <max>
0	2

[block]
# block no. 2 follows, 48 sequences, length 90
# corresponding to MSA columns:
# 135-224
name=unknown_C
#
# <colnr> <probs for GDERKNQSTAVLIFYWHMCP>
#	G	D	E	R	K	N	Q	S	T	A	V	L	I	F	Y	W	H	M	C	P
0	0.03576	0.08457	0.10152	0.06647	0.30852	0.04481	0.02283	0.06140	0.13153	0.01740	0.01092	0.01280	0.00872	0.00544	0.00574	0.00159	0.06504	0.00444	0.00302	0.00747
1	0.11304	0.12715	0.18047	0.01259	0.07701	0.03329	0.01108	0.11976	0.23790	0.02010	0.01253	0.01293	0.00952	0.00556	0.00460	0.00155	0.00550	0.00428	0.00362	0.00752
2	0.01446	0.01680	0.01246	0.01151	0.01339	0.45561	0.00880	0.01630	0.03266	0.01257	0.01012	0.01329	0.00893	0.01664	0.26957	0.00370	0.07074	0.00419	0.00272	0.00553
3	0.01105	0.01000	0.01424	0.12188	0.17224	0.00897	0.04339	0.01406	0.03134	0.01635	0.00960	0.01184	0.00783	0.00424	0.00438	0.00111	0.00490	0.00376	0.00287	0.50595
4	0.00677	0.00520	0.00620	0.00600	0.00738	0.00462	0.00448	0.00872	0.01329	0.01777	0.48092	0.07022	0.32656	0.01164	0.00607	0.00168	0.00251	0.01005	0.00528	0.00462
5	0.00811	0.00580	0.00807	0.00917	0.01031	0.00576	0.00791	0.01040	0.01185	0.01550	0.06615	0.09739	0.03074	0.01409	0.00701	0.00231	0.00451	0.67546	0.00477	0.00470
6	0.00630	0.00451	0.00600	0.00711	0.00745	0.00420	0.00477	0.00727	0.01006	0.01348	0.06683	0.77669	0.03467	0.01579	0.00652	0.00206	0.00295	0.01432	0.00481	0.00420
7	0.00735	0.00542	0.00784	0.00784	0.00861	0.00619	0.00590	0.00890	0.00812	0.01161	0.01412	0.02224	0.01373	0.15959	0.67946	0.00774	0.01238	0.00580	0.00280	0.00435
8	0.00827	0.00591	0.00827	0.00945	0.01063	0.00591	0.00827	0.01063	0.01181	0.01536	0.02717	0.05788	0.02953	0.01417	0.00709	0.00236	0.00472	0.75313	0.00472	0.00472
9	0.01270	0.01219	0.02083	0.03149	0.78767	0.01219	0.01575	0.01575	0.01168	0.01676	0.00965	0.01270	0.00813	0.00457	0.00508	0.00152	0.00610	0.00457	0.00254	0.00813
10	0.85592	0.00992	0.00754	0.00675	0.00992	0.01151	0.00556	0.01508	0.00873	0.02302	0.00714	0.00834	0.00556	0.00476	0.00318	0.00159	0.00397	0.00278	0.00318	0.00556
11	0.01479	0.01331	0.01294	0.01167	0.03756	0.10861	0.00887	0.16453	0.52216	0.02227	0.01738	0.01648	0.01305	0.00654	0.00513	0.00165	0.00505	0.00524	0.00481	0.00797
12	0.01064	0.00912	0.01064	0.00760	0.01216	0.00684	0.00608	0.01292	0.01064	0.01672	0.00912	0.01064	0.00760	0.00380	0.00380	0.00076	0.00380	0.00304	0.00304	0.85104
13	0.01767	0.01379	0.03367	0.01269	0.04014	0.07350	0.06910	0.35153	0.16963	0.14252	0.01458	0.01432	0.01040	0.00606	0.00518	0.00159	0.00571	0.00493	0.00480	0.00821
14	0.01763	0.01048	0.01568	0.06899	0.01739	0.01030	0.14290	0.17445	0.01551	0.34860	0.01691	0.02039	0.01264	0.00681	0.00554	0.00171	0.00561	0.09579	0.00495	0.00771
15	0.01064	0.00912	0.01064	0.00760	0.01216	0.00684	0.00608	0.01292	0.01064	0.01672	0.00912	0.01064	0.00760	0.00380	0.00380	0.00076	0.00380	0.00304	0.00304	0.85104
16	0.01115	0.01097	0.02220	0.01691	0.02073	0.01035	0.48871	0.01474	0.01230	0.04406	0.07194	0.02718	0.01658	0.00740	0.00629	0.00188	0.00702	0.19981	0.00350	0.00626
17	0.00956	0.00478	0.00478	0.00478	0.00598	0.00478	0.00359	0.01196	0.01076	0.01913	0.01674	0.01913	0.01315	0.00598	0.00359	0.00120	0.00239	0.00478	0.84816	0.00478
18	0.85592	0.00992	0.00754	0.00675	0.00992	0.01151	0.00556	0.01508	0.00873	0.02302	0.00714	0.00834	0.00556	0.00476	0.00318	0.00159	0.00397	0.00278	0.00318	0.00556
19	0.00746	0.00497	0.00560	0.00560	0.00560	0.00497	0.00311	0.00746	0.00746	0.00995	0.01617	0.03358	0.01865	0.81967	0.02612	0.00497	0.00497	0.00746	0.00311	0.00311
20	0.01951	0.01437	0.01540	0.01181	0.01591	0.01591	0.00975	0.77056	0.02412	0.03234	0.01232	0.01232	0.00873	0.00616	0.00513	0.00154	0.00565	0.00462	0.00513	0.00873
21	0.01486	0.00924	0.01334	0.11480	0.04855	0.04878	0.08268	0.01728	0.01269	0.30119	0.01901	0.08428	0.01653	0.00845	0.00577	0.00182	0.00541	0.18398	0.00461	0.00671
22	0.01178	0.01244	0.02435	0.17453	0.12230	0.01255	0.45261	0.01678	0.08767	0.01633	0.01109	0.01419	0.00843	0.00477	0.00567	0.00170	0.00752	0.00555	0.00279	0.00695
23	0.00823	0.00574	0.00727	0.00674	0.00820	0.00540	0.00510	0.01128	0.05957	0.05479	0.66443	0.03688	0.08616	0.01024	0.00596	0.00163	0.00261	0.00898	0.00561	0.00518
24	0.00729	0.00522	0.00662	0.00627	0.00752	0.00480	0.00470	0.00963	0.01411	0.01999	0.68793	0.03814	0.10255	0.01044	0.00592	0.00160	0.00243	0.00916	0.05089	0.00480
25	0.10085	0.02917	0.01901	0.31702	0.04470	0.06982	0.24059	0.04625	0.01167	0.01610	0.01024	0.01491	0.00824	0.00534	0.00523	0.00168	0.00706	0.04315	0.00274	0.00623
26	0.00687	0.00557	0.00588	0.00574	0.00749	0.00491	0.00432	0.00904	0.05428	0.02818	0.13993	0.05761	0.62754	0.01229	0.00601	0.00172	0.00269	0.01032	0.00493	0.00467
27	0.00639	0.00456	0.00611	0.00730	0.00766	0.00428	0.00500	0.00738	0.00996	0.01325	0.02821	0.76558	0.03364	0.01595	0.00659	0.00210	0.00309	0.06400	0.00476	0.00420
28	0.01235	0.01260	0.01891	0.01855	0.18514	0.05479	0.12373	0.03785	0.01017	0.01455	0.00815	0.01187	0.00725	0.00705	0.01168	0.00194	0.44979	0.00468	0.00247	0.00647
29	0.06161	0.03181	0.06605	0.01076	0.03041	0.05128	0.00914	0.11489	0.03255	0.41301	0.01602	0.01681	0.01135	0.00661	0.00592	0.00165	0.06421	0.04310	0.00496	0.00783
30	0.01191	0.01418	0.11939	0.01627	0.02024	0.03187	0.35574	0.06718	0.08636	0.01702	0.01269	0.09553	0.01096	0.00659	0.00715	0.00180	0.10895	0.00625	0.00315	0.00677
31	0.76760	0.02968	0.02723	0.00789	0.03294	0.03463	0.00637	0.01529	0.00908	0.02212	0.00729	0.00855	0.00571	0.00477	0.00332	0.00157	0.00431	0.00287	0.00309	0.00571
32	0.00835	0.00541	0.00685	0.00643	0.00784	0.00494	0.00484	0.01056	0.01375	0.07252	0.56872	0.07648	0.11133	0.01039	0.00584	0.00162	0.00260	0.00908	0.06742	0.00502
33	0.01543	0.33887	0.07677	0.01083	0.03303	0.01635	0.00980	0.31601	0.01596	0.02104	0.00962	0.01041	0.00757	0.00507	0.00424	0.00129	0.00554	0.00364	0.00346	0.09506
34	0.00745	0.00500	0.00573	0.00573	0.00578	0.00505	0.00328	0.00755	0.00750	0.01005	0.01604	0.03289	0.01836	0.77955	0.06584	0.00514	0.00542	0.00736	0.00309	0.00318
35	0.01752	0.33967	0.01929	0.01008	0.01406	0.01583	0.00895	0.26174	0.01567	0.19073	0.01169	0.01175	0.00864	0.00563	0.00500	0.00141	0.04663	0.00397	0.00407	0.00770
36	0.01969	0.01408	0.01522	0.01167	0.01577	0.01548	0.00964	0.73226	0.02364	0.07132	0.01273	0.01258	0.00893	0.00617	0.00513	0.00154	0.00558	0.00465	0.00520	0.00873
37	0.00883	0.00560	0.00728	0.00666	0.00819	0.00509	0.00507	0.01113	0.01437	0.10007	0.66259	0.03682	0.08805	0.01021	0.00596	0.00162	0.00263	0.00894	0.00567	0.00521
38	0.01887	0.06756	0.01521	0.01298	0.01572	0.75702	0.00985	0.02021	0.01432	0.01253	0.00789	0.00920	0.00661	0.00524	0.00455	0.00131	0.00905	0.00327	0.00262	0.00598
39	0.00709	0.00523	0.00663	0.00630	0.00757	0.00476	0.00472	0.00934	0.01408	0.01958	0.67690	0.05345	0.14345	0.01091	0.00606	0.00164	0.00245	0.00957	0.00552	0.00476
40	0.00625	0.00447	0.00595	0.00714	0.00744	0.00417	0.00476	0.00714	0.00982	0.01310	0.02828	0.81633	0.03394	0.01608	0.00655	0.00208	0.00298	0.01459	0.00476	0.00417
41	0.01380	0.51584	0.15774	0.01047	0.01529	0.01719	0.03247	0.05770	0.06788	0.05473	0.00955	0.01034	0.00770	0.00486	0.00398	0.00130	0.00579	0.00347	0.00280	0.00711
42	0.01083	0.12955	0.01423	0.01043	0.01189	0.01255	0.00871	0.09007	0.01009	0.01420	0.01029	0.01461	0.00945	0.02027	0.33897	0.00450	0.27630	0.00466	0.00275	0.00565
43	0.03615	0.07147	0.06637	0.00823	0.01283	0.00834	0.00723	0.01413	0.01094	0.06812	0.02790	0.01151	0.00869	0.00427	0.00396	0.00094	0.00420	0.00335	0.00320	0.62817
44	0.01458	0.03750	0.41257	0.01235	0.01807	0.01138	0.01377	0.13240	0.03190	0.19175	0.01318	0.01478	0.00950	0.00583	0.00503	0.00161	0.00623	0.03782	0.00376	0.02600
45	0.00625	0.00515	0.00549	0.00552	0.00707	0.00440	0.00410	0.00769	0.01199	0.01480	0.15850	0.09999	0.62563	0.01284	0.00610	0.00174	0.00260	0.01086	0.00490	0.00440
46	0.00969	0.00912	0.01539	0.80734	0.03534	0.01140	0.01425	0.01311	0.01026	0.01311	0.00912	0.01368	0.00684	0.00513	0.00513	0.00171	0.00684	0.00456	0.00228	0.00570
47	0.01076	0.07047	0.70405	0.01452	0.02173	0.03066	0.04593	0.01631	0.01094	0.01594	0.00911	0.01076	0.00655	0.00484	0.00482	0.00159	0.00754	0.00381	0.00220	0.00747
48	0.79449	0.01099	0.00806	0.00722	0.01036	0.06932	0.00588	0.01548	0.00916	0.02225	0.00720	0.00840	0.00563	0.00480	0.00328	0.00157	0.00436	0.00282	0.00314	0.00559
49	0.00684	0.00517	0.00630	0.00614	0.00743	0.00464	0.00456	0.00881	0.01335	0.01805	0.51393	0.09869	0.26407	0.01164	0.00609	0.00168	0.00251	0.01012	0.00532	0.00464
50	0.01270	0.01219	0.02083	0.03149	0.78767	0.01219	0.01575	0.01575	0.01168	0.01676	0.00965	0.01270	0.00813	0.00457	0.00508	0.00152	0.00610	0.00457	0.00254	0.00813
51	0.01270	0.02808	0.26004	0.01928	0.27313	0.01185	0.06831	0.03985	0.11223	0.07571	0.04009	0.01425	0.01038	0.00535	0.00512	0.00160	0.00619	0.00478	0.00325	0.00779
52	0.00740	0.00522	0.00682	0.00682	0.00724	0.00564	0.00464	0.00825	0.00782	0.01086	0.01505	0.02738	0.01596	0.45884	0.38327	0.00649	0.00903	0.00655	0.00294	0.00379
53	0.04052	0.01368	0.01484	0.01140	0.01547	0.01494	0.00942	0.67486	0.02277	0.11053	0.01301	0.01275	0.00906	0.00614	0.00509	0.00155	0.00547	0.00463	0.00521	0.00865
54	0.03694	0.22809	0.22080	0.01584	0.05026	0.01473	0.28259	0.06247	0.01197	0.01643	0.00923	0.01132	0.00715	0.00462	0.00486	0.00151	0.00714	0.00438	0.00255	0.00712
55	0.00891	0.00446	0.00668	0.00668	0.00668	0.00446	0.00446	0.00668	0.00668	0.00891	0.00891	0.01560	0.00891	0.01783	0.02005	0.85071	0.00446	0.00446	0.00223	0.00223
56	0.01064	0.00912	0.01064	0.00760	0.01216	0.00684	0.00608	0.01292	0.01064	0.01672	0.00912	0.01064	0.00760	0.00380	0.00380	0.00076	0.00380	0.00304	0.00304	0.85104
57	0.01276	0.01102	0.01160	0.01044	0.01334	0.01276	0.00812	0.02727	0.77840	0.02146	0.02088	0.01914	0.01566	0.00696	0.00522	0.00174	0.00406	0.00580	0.00522	0.00812
58	0.00625	0.00518	0.00534	0.00531	0.00688	0.00441	0.00390	0.00753	0.01158	0.01403	0.09944	0.04747	0.67891	0.07204	0.00754	0.00196	0.00276	0.01048	0.00470	0.00428
59	0.01064	0.00912	0.01064	0.00760	0.01216	0.00684	0.00608	0.01292	0.01064	0.01672	0.00912	0.01064	0.00760	0.00380	0.00380	0.00076	0.00380	0.00304	0.00304	0.85104
60	0.01211	0.01384	0.03028	0.02163	0.02682	0.01298	0.76903	0.01644	0.01211	0.01644	0.01038	0.01384	0.00779	0.00433	0.00606	0.00173	0.00865	0.00606	0.00260	0.00692
61	0.00629	0.00449	0.00599	0.00712	0.00745	0.00419	0.00477	0.00723	0.00999	0.01336	0.05524	0.78861	0.03445	0.01588	0.00653	0.00207	0.00296	0.01440	0.00479	0.00419
62	0.00736	0.00537	0.00759	0.00759	0.00828	0.00606	0.00560	0.00874	0.00805	0.01143	0.01434	0.02348	0.01427	0.23203	0.60777	0.00744	0.01157	0.00598	0.00284	0.00422
63	0.00710	0.00521	0.00665	0.00635	0.00758	0.00476	0.00474	0.00935	0.01406	0.01961	0.68125	0.06720	0.12509	0.01095	0.00607	0.00164	0.00246	0.00963	0.00552	0.00476
64	0.19820	0.15034	0.03277	0.01683	0.25631	0.23534	0.01079	0.01689	0.01162	0.01615	0.00819	0.01000	0.00685	0.00479	0.00424	0.00141	0.00645	0.00350	0.00264	0.00669
65	0.81703	0.01000	0.00782	0.00692	0.01014	0.01152	0.00570	0.03264	0.00923	0.04142	0.00757	0.00864	0.00580	0.00483	0.00327	0.00159	0.00402	0.00288	0.00330	0.00570
66	0.01029	0.02654	0.79309	0.01462	0.02221	0.01192	0.01896	0.01625	0.01083	0.01625	0.00921	0.01083	0.00650	0.00487	0.00487	0.00162	0.00758	0.00379	0.00217	0.00758
67	0.00746	0.00497	0.00560	0.00560	0.00560	0.00497	0.00311	0.00746	0.00746	0.00995	0.01617	0.03358	0.01865	0.81967	0.02612	0.00497	0.00497	0.00746	0.00311	0.00311
68	0.00702	0.00524	0.00652	0.00620	0.00752	0.00474	0.00465	0.00921	0.01395	0.01921	0.63592	0.04058	0.19831	0.01100	0.00605	0.00164	0.00246	0.00959	0.00547	0.00474
69	0.85592	0.00992	0.00754	0.00675	0.00992	0.01151	0.00556	0.01508	0.00873	0.02302	0.00714	0.00834	0.00556	0.00476	0.00318	0.00159	0.00397	0.00278	0.00318	0.00556
70	0.85592	0.00992	0.00754	0.00675	0.00992	0.01151	0.00556	0.01508	0.00873	0.02302	0.00714	0.00834	0.00556	0.00476	0.00318	0.00159	0.00397	0.00278	0.00318	0.00556
71	0.00987	0.00540	0.00509	0.00505	0.00629	0.02965	0.00378	0.01222	0.01088	0.01892	0.01646	0.01882	0.01295	0.00596	0.00362	0.00120	0.00261	0.00474	0.82168	0.00482
72	0.01372	0.82276	0.02689	0.00878	0.01317	0.02030	0.00878	0.01536	0.01043	0.01207	0.00713	0.00823	0.00658	0.00439	0.00329	0.00110	0.00549	0.00274	0.00219	0.00658
73	0.00606	0.00520	0.00520	0.00520	0.00693	0.00433	0.00390	0.00736	0.01170	0.01386	0.05198	0.04938	0.78558	0.01299	0.00606	0.00173	0.00260	0.01083	0.00476	0.00433
74	0.00692	0.00525	0.00641	0.00632	0.00766	0.00474	0.00481	0.00892	0.01321	0.01771	0.45961	0.07566	0.28065	0.01181	0.00616	0.00173	0.00269	0.06983	0.00526	0.00464
75	0.01345	0.01126	0.01229	0.01139	0.04685	0.01279	0.00856	0.13522	0.59462	0.02248	0.01985	0.03508	0.02619	0.00713	0.00527	0.00172	0.00435	0.01840	0.00507	0.00802
76	0.03482	0.41997	0.13558	0.01217	0.01708	0.01657	0.14229	0.10348	0.01250	0.04836	0.00914	0.01044	0.00726	0.00474	0.00429	0.00137	0.00627	0.00379	0.00280	0.00710
77	0.00876	0.00590	0.00805	0.00892	0.01009	0.00582	0.00740	0.03070	0.01178	0.05155	0.02673	0.24399	0.02929	0.01407	0.00681	0.00223	0.00430	0.51392	0.00482	0.00488
78	0.01133	0.03174	0.05469	0.01186	0.01299	0.06711	0.02849	0.05363	0.00951	0.01337	0.00941	0.01520	0.00916	0.12610	0.09551	0.00307	0.43384	0.00490	0.00261	0.00550
79	0.01224	0.04006	0.24269	0.02329	0.36579	0.01237	0.17169	0.01631	0.01159	0.04066	0.00993	0.01242	0.00769	0.00466	0.00517	0.00158	0.00697	0.00462	0.00255	0.00770
80	0.01842	0.09986	0.05725	0.01164	0.01595	0.01616	0.01013	0.65186	0.02199	0.02937	0.01161	0.01181	0.00838	0.00591	0.00493	0.00150	0.00573	0.00438	0.00467	0.00844
81	0.85592	0.00992	0.00754	0.00675	0.00992	0.01151	0.00556	0.01508	0.00873	0.02302	0.00714	0.00834	0.00556	0.00476	0.00318	0.00159	0.00397	0.00278	0.00318	0.00556
82	0.01117	0.05857	0.69890	0.01416	0.02133	0.01258	0.01780	0.07677	0.01188	0.01737	0.00937	0.01084	0.00668	0.00496	0.00483	0.00160	0.00734	0.00381	0.00241	0.00763
83	0.00625	0.00447	0.00595	0.00714	0.00744	0.00417	0.00476	0.00714	0.00982	0.01310	0.02828	0.81633	0.03394	0.01608	0.00655	0.00208	0.00298	0.01459	0.00476	0.00417
84	0.07780	0.09321	0.18604	0.01604	0.21024	0.02357	0.01228	0.06911	0.04142	0.20337	0.01224	0.01284	0.00883	0.00527	0.00474	0.00153	0.00573	0.00426	0.00366	0.00782
85	0.03617	0.21192	0.42212	0.01457	0.09048	0.01403	0.04864	0.01682	0.06997	0.01591	0.00965	0.01109	0.00741	0.00486	0.00455	0.00150	0.00662	0.00384	0.00249	0.00735
86	0.00821	0.00626	0.02995	0.00808	0.00927	0.00573	0.00621	0.01095	0.08607	0.05364	0.04354	0.49228	0.06352	0.01378	0.00636	0.00203	0.00356	0.14073	0.00482	0.00500
87	0.00639	0.00452	0.00591	0.00697	0.00723	0.00426	0.00457	0.00718	0.00955	0.01274	0.02689	0.72669	0.03219	0.10810	0.00879	0.00241	0.00321	0.01377	0.00457	0.00405
88	0.04229	0.04283	0.10803	0.04277	0.39503	0.03018	0.03198	0.02821	0.03775	0.17341	0.01194	0.01332	0.00890	0.00509	0.00496	0.00155	0.00591	0.00452	0.00340	0.00791
89	0.03708	0.06766	0.38055	0.01304	0.05360	0.05304	0.03721	0.01713	0.05088	0.09811	0.06257	0.01364	0.01061	0.00538	0.00480	0.00150	0.00622	0.00433	0.00316	0.07949

[dist]
# distance from previous block
# <min> <max>
0	13

# created by:
# /home/berkeley/.conda/envs/busco_data_prod/bin/msa2prfl.pl pipeline/OGs_align_augustus/33634/160298.fs
