[name]
unknown

[dist]
# distance from previous block
# <min> <max>
0	164

[block]
# block no. 0 follows, 42 sequences, length 55
# corresponding to MSA columns:
# 176-230
name=unknown_A
#
# <colnr> <probs for GDERKNQSTAVLIFYWHMCP>
#	G	D	E	R	K	N	Q	S	T	A	V	L	I	F	Y	W	H	M	C	P
0	0.01413	0.03606	0.05306	0.01365	0.06984	0.01408	0.02827	0.06935	0.55612	0.02291	0.02034	0.02062	0.01567	0.00741	0.00572	0.00188	0.00511	0.03193	0.00515	0.00870
1	0.01400	0.01209	0.01273	0.01145	0.01463	0.01400	0.00891	0.02990	0.75695	0.02354	0.02291	0.02100	0.01718	0.00764	0.00573	0.00191	0.00445	0.00636	0.00573	0.00891
2	0.01245	0.05090	0.01783	0.01452	0.01476	0.01748	0.01218	0.01370	0.00876	0.01353	0.00741	0.01215	0.00738	0.00960	0.01775	0.00240	0.75369	0.00483	0.00246	0.00621
3	0.00818	0.00546	0.00614	0.00614	0.00614	0.00546	0.00341	0.00818	0.00818	0.01091	0.01773	0.03683	0.02046	0.80222	0.02864	0.00546	0.00546	0.00818	0.00341	0.00341
4	0.84197	0.01088	0.00827	0.00740	0.01088	0.01262	0.00609	0.01654	0.00958	0.02525	0.00784	0.00914	0.00609	0.00522	0.00348	0.00174	0.00435	0.00305	0.00348	0.00609
5	0.00981	0.02960	0.04638	0.00775	0.00887	0.00740	0.00564	0.05676	0.00998	0.03398	0.01649	0.03041	0.01750	0.54236	0.14911	0.00541	0.00724	0.00722	0.00350	0.00459
6	0.01268	0.01678	0.17439	0.12590	0.16590	0.01360	0.34025	0.01784	0.04299	0.01779	0.01127	0.01451	0.00854	0.00515	0.00601	0.00183	0.00827	0.00562	0.00281	0.00785
7	0.01463	0.10422	0.12733	0.01783	0.04960	0.07105	0.29741	0.08431	0.13939	0.01964	0.01272	0.01447	0.00967	0.00558	0.00574	0.00175	0.00776	0.00544	0.00346	0.00802
8	0.00796	0.00575	0.00752	0.00708	0.00841	0.00531	0.00531	0.01062	0.01593	0.02257	0.76415	0.04204	0.05310	0.01150	0.00664	0.00177	0.00265	0.01018	0.00619	0.00531
9	0.09669	0.09724	0.02767	0.04754	0.03021	0.03713	0.00829	0.06163	0.01277	0.06808	0.01118	0.03611	0.00923	0.00527	0.00447	0.00123	0.00502	0.00406	0.00360	0.43259
10	0.01012	0.01503	0.26842	0.03418	0.07943	0.00963	0.01221	0.01530	0.08670	0.01924	0.22777	0.05157	0.10553	0.00895	0.00605	0.00184	0.00535	0.03147	0.00430	0.00693
11	0.05456	0.12244	0.30746	0.01468	0.03396	0.01507	0.07557	0.13044	0.01410	0.08094	0.01104	0.01258	0.00820	0.00603	0.00657	0.00177	0.08863	0.00452	0.00336	0.00809
12	0.01449	0.33528	0.35963	0.01304	0.01939	0.01646	0.03560	0.04265	0.01263	0.08732	0.01048	0.01158	0.00793	0.00532	0.00473	0.00155	0.00703	0.00394	0.00294	0.00802
13	0.01393	0.01337	0.02284	0.03454	0.76712	0.01337	0.01727	0.01727	0.01281	0.01839	0.01059	0.01393	0.00891	0.00501	0.00557	0.00167	0.00669	0.00501	0.00279	0.00891
14	0.01373	0.02174	0.43557	0.02066	0.21260	0.01268	0.07610	0.01881	0.01272	0.10504	0.01172	0.01350	0.00848	0.00540	0.00554	0.00176	0.00759	0.00475	0.00305	0.00856
15	0.22571	0.06259	0.03926	0.11476	0.06167	0.01297	0.06877	0.07476	0.01234	0.03774	0.00984	0.01208	0.00776	0.00548	0.00563	0.00159	0.06162	0.00415	0.00331	0.17797
16	0.00893	0.00699	0.01023	0.09750	0.05739	0.00736	0.00914	0.01111	0.01186	0.01571	0.02597	0.29490	0.02884	0.01429	0.00765	0.00235	0.03700	0.34279	0.00465	0.00536
17	0.00796	0.00575	0.00752	0.00708	0.00841	0.00531	0.00531	0.01062	0.01593	0.02257	0.76415	0.04204	0.05310	0.01150	0.00664	0.00177	0.00265	0.01018	0.00619	0.00531
18	0.13336	0.01165	0.04345	0.18706	0.20179	0.01147	0.01228	0.03989	0.01345	0.27032	0.01401	0.01515	0.00984	0.00589	0.00531	0.00175	0.00595	0.00492	0.00428	0.00815
19	0.28330	0.07845	0.10888	0.03482	0.01744	0.03375	0.07183	0.23439	0.04677	0.02514	0.01080	0.01196	0.00808	0.00575	0.00482	0.00170	0.00618	0.00429	0.00390	0.00774
20	0.00796	0.00575	0.00752	0.00708	0.00841	0.00531	0.00531	0.01062	0.01593	0.02257	0.76415	0.04204	0.05310	0.01150	0.00664	0.00177	0.00265	0.01018	0.00619	0.00531
21	0.00818	0.00546	0.00614	0.00614	0.00614	0.00546	0.00341	0.00818	0.00818	0.01091	0.01773	0.03683	0.02046	0.80222	0.02864	0.00546	0.00546	0.00818	0.00341	0.00341
22	0.01476	0.09542	0.12436	0.01403	0.01714	0.01690	0.03383	0.19159	0.06472	0.02017	0.01045	0.01288	0.00856	0.00767	0.01085	0.00200	0.33882	0.00481	0.00344	0.00761
23	0.01941	0.01774	0.01768	0.06108	0.14764	0.20334	0.01215	0.40293	0.02067	0.02601	0.01163	0.01284	0.00877	0.00616	0.00548	0.00164	0.00732	0.00470	0.00429	0.00852
24	0.00805	0.00574	0.00745	0.00702	0.00835	0.00531	0.00526	0.01070	0.01579	0.02251	0.73913	0.04133	0.05180	0.01134	0.00655	0.00175	0.00265	0.01001	0.03394	0.00531
25	0.02514	0.00975	0.01316	0.01009	0.01445	0.00852	0.00834	0.04702	0.01639	0.75102	0.02197	0.01900	0.01381	0.00696	0.00566	0.00174	0.00483	0.00564	0.00693	0.00958
26	0.13280	0.27735	0.23673	0.01241	0.03629	0.03759	0.01264	0.12192	0.01383	0.05643	0.01008	0.01115	0.00774	0.00544	0.00457	0.00156	0.00654	0.00383	0.00325	0.00785
27	0.01751	0.03708	0.01870	0.18565	0.09071	0.21521	0.06642	0.25981	0.01780	0.02180	0.01092	0.01301	0.00832	0.00590	0.00550	0.00167	0.00780	0.00473	0.00369	0.00778
28	0.00804	0.00603	0.00904	0.00904	0.01005	0.00703	0.00703	0.01005	0.00904	0.01306	0.01507	0.02211	0.01407	0.04221	0.77992	0.00904	0.01507	0.00603	0.00301	0.00502
29	0.01505	0.80561	0.02949	0.00963	0.01444	0.02227	0.00963	0.01685	0.01143	0.01324	0.00782	0.00903	0.00722	0.00481	0.00361	0.00120	0.00602	0.00301	0.00241	0.00722
30	0.00854	0.00622	0.00858	0.00800	0.00955	0.00572	0.03579	0.01100	0.01489	0.04224	0.53447	0.10889	0.11321	0.01215	0.00673	0.00189	0.00323	0.05767	0.00584	0.00540
31	0.00907	0.00648	0.00907	0.01036	0.01166	0.00648	0.00907	0.01166	0.01296	0.01684	0.02980	0.06348	0.03239	0.01555	0.00777	0.00259	0.00518	0.72924	0.00518	0.00518
32	0.02102	0.02682	0.01595	0.01450	0.01740	0.77963	0.01087	0.02247	0.01595	0.01377	0.00870	0.01015	0.00725	0.00580	0.00507	0.00145	0.01015	0.00362	0.00290	0.00652
33	0.01505	0.80561	0.02949	0.00963	0.01444	0.02227	0.00963	0.01685	0.01143	0.01324	0.00782	0.00903	0.00722	0.00481	0.00361	0.00120	0.00602	0.00301	0.00241	0.00722
34	0.01064	0.00602	0.00766	0.00750	0.00855	0.00562	0.00512	0.01172	0.01151	0.14425	0.12962	0.28811	0.02958	0.29143	0.01441	0.00324	0.00421	0.01064	0.00502	0.00513
35	0.00907	0.00648	0.00907	0.01036	0.01166	0.00648	0.00907	0.01166	0.01296	0.01684	0.02980	0.06348	0.03239	0.01555	0.00777	0.00259	0.00518	0.72924	0.00518	0.00518
36	0.02139	0.01576	0.01689	0.01295	0.01745	0.01745	0.01070	0.74835	0.02646	0.03547	0.01351	0.01351	0.00957	0.00676	0.00563	0.00169	0.00619	0.00507	0.00563	0.00957
37	0.53871	0.01004	0.00942	0.00800	0.01149	0.01077	0.00650	0.01911	0.01145	0.23655	0.01279	0.01377	0.00933	0.04454	0.00534	0.00191	0.00447	0.00412	0.03477	0.00692
38	0.79854	0.01095	0.00850	0.00761	0.01108	0.01270	0.00624	0.01724	0.04878	0.02516	0.00863	0.00976	0.00668	0.00535	0.00360	0.00175	0.00436	0.00322	0.00360	0.00624
39	0.00879	0.00596	0.00794	0.00864	0.00984	0.00564	0.00682	0.01078	0.01292	0.05358	0.15401	0.28417	0.09675	0.01500	0.00721	0.00226	0.00396	0.29509	0.00545	0.00519
40	0.01231	0.01231	0.01724	0.01477	0.01477	0.01724	0.01231	0.01354	0.00862	0.01354	0.00739	0.01231	0.00739	0.00985	0.01847	0.00246	0.79192	0.00492	0.00246	0.00616
41	0.01063	0.01000	0.01688	0.78870	0.03876	0.01250	0.01563	0.01438	0.01125	0.01438	0.01000	0.01500	0.00750	0.00563	0.00563	0.00188	0.00750	0.00500	0.00250	0.00625
42	0.00735	0.00534	0.00717	0.00781	0.00853	0.00521	0.00555	0.00887	0.01160	0.01582	0.17804	0.44983	0.06573	0.03890	0.13786	0.00339	0.00521	0.02800	0.00501	0.00479
43	0.00978	0.00489	0.00733	0.00733	0.00733	0.00489	0.00489	0.00733	0.00733	0.00978	0.00978	0.01711	0.00978	0.01955	0.02199	0.83627	0.00489	0.00489	0.00244	0.00244
44	0.01393	0.01337	0.02284	0.03454	0.76712	0.01337	0.01727	0.01727	0.01281	0.01839	0.01059	0.01393	0.00891	0.00501	0.00557	0.00167	0.00669	0.00501	0.00279	0.00891
45	0.01505	0.80561	0.02949	0.00963	0.01444	0.02227	0.00963	0.01685	0.01143	0.01324	0.00782	0.00903	0.00722	0.00481	0.00361	0.00120	0.00602	0.00301	0.00241	0.00722
46	0.01483	0.16576	0.25744	0.01351	0.01891	0.01401	0.09010	0.09473	0.03624	0.12017	0.01280	0.01438	0.00963	0.01015	0.10044	0.00257	0.00802	0.00480	0.00357	0.00795
47	0.00778	0.00530	0.00633	0.00672	0.00685	0.00523	0.00405	0.00813	0.00899	0.01201	0.02166	0.26560	0.02533	0.54625	0.04189	0.00460	0.00505	0.01048	0.00395	0.00380
48	0.00788	0.00582	0.00739	0.00732	0.00855	0.00547	0.00536	0.01062	0.04483	0.02031	0.52469	0.20353	0.10135	0.01286	0.00672	0.00190	0.00287	0.01139	0.00590	0.00526
49	0.05968	0.20023	0.08725	0.05500	0.08989	0.15315	0.01179	0.13029	0.03755	0.09097	0.01125	0.01236	0.00864	0.00582	0.00520	0.00158	0.02365	0.00423	0.00362	0.00786
50	0.03703	0.03531	0.01247	0.09210	0.01569	0.00972	0.04407	0.06428	0.10716	0.06387	0.06736	0.06847	0.05012	0.01077	0.00645	0.00209	0.00519	0.27137	0.02998	0.00649
51	0.01100	0.00746	0.00913	0.00908	0.01065	0.00755	0.00671	0.09437	0.10074	0.08092	0.07392	0.47242	0.03066	0.01389	0.00671	0.00211	0.00391	0.04713	0.00553	0.00612
52	0.40705	0.01142	0.01187	0.03386	0.01346	0.03446	0.00872	0.05463	0.01102	0.05940	0.01092	0.03748	0.00969	0.00769	0.00825	0.00200	0.21771	0.05039	0.00361	0.00639
53	0.00993	0.00772	0.00974	0.05746	0.01241	0.00662	0.00651	0.01209	0.01237	0.03736	0.18640	0.18686	0.02530	0.04767	0.00669	0.00167	0.00392	0.00797	0.00443	0.35688
54	0.12565	0.00936	0.05471	0.00995	0.05370	0.00801	0.00766	0.03252	0.01330	0.08998	0.21470	0.14916	0.05320	0.00952	0.00572	0.00173	0.00413	0.02756	0.00484	0.12462

[dist]
# distance from previous block
# <min> <max>
0	35

[block]
# block no. 1 follows, 42 sequences, length 24
# corresponding to MSA columns:
# 266-289
name=unknown_B
#
# <colnr> <probs for GDERKNQSTAVLIFYWHMCP>
#	G	D	E	R	K	N	Q	S	T	A	V	L	I	F	Y	W	H	M	C	P
0	0.22693	0.06654	0.14451	0.03662	0.08195	0.01226	0.02634	0.07314	0.01248	0.06451	0.01138	0.03781	0.00923	0.00805	0.05442	0.00208	0.00635	0.00450	0.00349	0.11741
1	0.06694	0.10057	0.05230	0.02858	0.01431	0.01058	0.00833	0.03997	0.02982	0.11645	0.03721	0.01590	0.04796	0.00688	0.02612	0.00154	0.03091	0.00455	0.00392	0.35716
2	0.00906	0.00626	0.00778	0.00763	0.00916	0.00553	0.00538	0.01038	0.01125	0.06342	0.05342	0.39354	0.09980	0.11934	0.03292	0.00258	0.00410	0.01129	0.00475	0.14242
3	0.01257	0.06093	0.01898	0.48203	0.20904	0.01372	0.01510	0.06905	0.03331	0.01705	0.01062	0.01443	0.00824	0.00557	0.00549	0.00177	0.00703	0.00492	0.00288	0.00726
4	0.00875	0.00672	0.00777	0.00747	0.00889	0.00700	0.00572	0.01145	0.05989	0.01738	0.11614	0.10342	0.30971	0.01276	0.03502	0.00212	0.09341	0.00936	0.17169	0.00533
5	0.00684	0.00495	0.00648	0.00770	0.00813	0.00458	0.00516	0.00785	0.01091	0.01442	0.03268	0.75082	0.08388	0.01741	0.00715	0.00226	0.00324	0.01573	0.00522	0.00458
6	0.01505	0.80561	0.02949	0.00963	0.01444	0.02227	0.00963	0.01685	0.01143	0.01324	0.00782	0.00903	0.00722	0.00481	0.00361	0.00120	0.00602	0.00301	0.00241	0.00722
7	0.00809	0.00583	0.00769	0.00744	0.00877	0.00544	0.00572	0.01073	0.01560	0.02194	0.68323	0.04440	0.05082	0.01195	0.00676	0.00186	0.00293	0.08942	0.00608	0.00530
8	0.02525	0.00958	0.01306	0.01001	0.01437	0.00827	0.00827	0.02743	0.01611	0.77102	0.02220	0.01915	0.01393	0.00697	0.00566	0.00174	0.00479	0.00566	0.00697	0.00958
9	0.84197	0.01088	0.00827	0.00740	0.01088	0.01262	0.00609	0.01654	0.00958	0.02525	0.00784	0.00914	0.00609	0.00522	0.00348	0.00174	0.00435	0.00305	0.00348	0.00609
10	0.84197	0.01088	0.00827	0.00740	0.01088	0.01262	0.00609	0.01654	0.00958	0.02525	0.00784	0.00914	0.00609	0.00522	0.00348	0.00174	0.00435	0.00305	0.00348	0.00609
11	0.01400	0.01209	0.01273	0.01145	0.01463	0.01400	0.00891	0.02990	0.75695	0.02354	0.02291	0.02100	0.01718	0.00764	0.00573	0.00191	0.00445	0.00636	0.00573	0.00891
12	0.84197	0.01088	0.00827	0.00740	0.01088	0.01262	0.00609	0.01654	0.00958	0.02525	0.00784	0.00914	0.00609	0.00522	0.00348	0.00174	0.00435	0.00305	0.00348	0.00609
13	0.01505	0.80561	0.02949	0.00963	0.01444	0.02227	0.00963	0.01685	0.01143	0.01324	0.00782	0.00903	0.00722	0.00481	0.00361	0.00120	0.00602	0.00301	0.00241	0.00722
14	0.00699	0.00571	0.00618	0.00606	0.00781	0.00490	0.00455	0.00874	0.01364	0.01713	0.24167	0.05099	0.57898	0.01353	0.00665	0.00187	0.00280	0.01143	0.00548	0.00490
15	0.05216	0.01083	0.01364	0.01050	0.01485	0.01021	0.00867	0.16739	0.01790	0.60258	0.02002	0.01772	0.01282	0.00687	0.00558	0.00173	0.00505	0.00546	0.00659	0.00946
16	0.00818	0.00546	0.00614	0.00614	0.00614	0.00546	0.00341	0.00818	0.00818	0.01091	0.01773	0.03683	0.02046	0.80222	0.02864	0.00546	0.00546	0.00818	0.00341	0.00341
17	0.01063	0.01000	0.01688	0.78870	0.03876	0.01250	0.01563	0.01438	0.01125	0.01438	0.01000	0.01500	0.00750	0.00563	0.00563	0.00188	0.00750	0.00500	0.00250	0.00625
18	0.00932	0.00670	0.00777	0.00767	0.00922	0.00641	0.00584	0.06971	0.01314	0.04005	0.07515	0.08969	0.29464	0.17822	0.01139	0.00278	0.00422	0.15799	0.00498	0.00512
19	0.04005	0.00741	0.00967	0.00867	0.01118	0.00671	0.00689	0.01710	0.01440	0.32377	0.18005	0.15056	0.09161	0.01113	0.00637	0.00195	0.00399	0.09554	0.00607	0.00689
20	0.01267	0.21226	0.38341	0.11298	0.08263	0.03488	0.05294	0.01724	0.01194	0.01624	0.00960	0.01186	0.00741	0.00521	0.00504	0.00164	0.00764	0.00416	0.00247	0.00776
21	0.01577	0.03872	0.12952	0.18351	0.04047	0.01250	0.13116	0.07430	0.05644	0.19696	0.03881	0.01641	0.01136	0.00620	0.00599	0.00180	0.02246	0.00549	0.00414	0.00801
22	0.01235	0.00701	0.00888	0.00860	0.01048	0.00654	0.00655	0.06039	0.01353	0.19264	0.03132	0.34540	0.14034	0.03434	0.00728	0.00218	0.00403	0.09642	0.00560	0.00613
23	0.12116	0.01547	0.04005	0.06647	0.11266	0.12112	0.01132	0.17549	0.07398	0.11599	0.01591	0.07512	0.01308	0.00795	0.00601	0.00201	0.00667	0.00603	0.00489	0.00862

[dist]
# distance from previous block
# <min> <max>
0	16

[block]
# block no. 2 follows, 42 sequences, length 27
# corresponding to MSA columns:
# 324-350
name=unknown_C
#
# <colnr> <probs for GDERKNQSTAVLIFYWHMCP>
#	G	D	E	R	K	N	Q	S	T	A	V	L	I	F	Y	W	H	M	C	P
0	0.12206	0.16263	0.06249	0.04116	0.03488	0.01394	0.03009	0.09230	0.15039	0.06720	0.01495	0.01541	0.04373	0.00611	0.00484	0.00156	0.00537	0.00474	0.00404	0.12210
1	0.14468	0.21554	0.06260	0.05906	0.04384	0.03427	0.02195	0.04263	0.01307	0.19072	0.03210	0.01386	0.01031	0.00575	0.00464	0.00153	0.00558	0.00433	0.03695	0.05659
2	0.18203	0.05431	0.07373	0.10251	0.04730	0.01043	0.00929	0.01584	0.01154	0.07692	0.01200	0.06111	0.01007	0.00585	0.00462	0.00145	0.00508	0.00462	0.03126	0.28007
3	0.01535	0.01039	0.01198	0.03132	0.01382	0.01033	0.00788	0.20116	0.10521	0.14167	0.11792	0.02401	0.11027	0.00799	0.00561	0.00162	0.00449	0.00655	0.03309	0.13936
4	0.01608	0.10937	0.11982	0.03371	0.01910	0.03328	0.12475	0.17070	0.06949	0.10748	0.01427	0.01504	0.03012	0.00595	0.00536	0.00160	0.00648	0.00504	0.00411	0.10827
5	0.00731	0.00566	0.00666	0.00655	0.00804	0.00501	0.00486	0.00930	0.01418	0.01874	0.40060	0.10811	0.35838	0.01318	0.00669	0.00187	0.00279	0.01138	0.00570	0.00501
6	0.01208	0.01013	0.01104	0.01004	0.01267	0.01129	0.00775	0.02383	0.52744	0.02294	0.22331	0.02801	0.05754	0.00895	0.00601	0.00187	0.00390	0.00761	0.00583	0.00777
7	0.00784	0.00575	0.00736	0.00695	0.00833	0.00526	0.00522	0.01039	0.01565	0.02189	0.69942	0.04315	0.11824	0.01176	0.00664	0.00178	0.00267	0.01033	0.00611	0.00526
8	0.01296	0.00793	0.00826	0.00727	0.00932	0.00832	0.00562	0.19845	0.01532	0.02380	0.01858	0.02135	0.04250	0.05615	0.00600	0.00169	0.00371	0.00564	0.54092	0.00621
9	0.01505	0.80561	0.02949	0.00963	0.01444	0.02227	0.00963	0.01685	0.01143	0.01324	0.00782	0.00903	0.00722	0.00481	0.00361	0.00120	0.00602	0.00301	0.00241	0.00722
10	0.00737	0.00628	0.00657	0.00611	0.00840	0.00514	0.00464	0.00899	0.01280	0.01592	0.07920	0.04802	0.63551	0.01280	0.00632	0.00175	0.00302	0.01067	0.00501	0.11550
11	0.02102	0.02682	0.01595	0.01450	0.01740	0.77963	0.01087	0.02247	0.01595	0.01377	0.00870	0.01015	0.00725	0.00580	0.00507	0.00145	0.01015	0.00362	0.00290	0.00652
12	0.05437	0.02715	0.05322	0.01179	0.04632	0.01223	0.00961	0.24979	0.03339	0.15133	0.01328	0.01369	0.00968	0.00586	0.00541	0.00146	0.02816	0.00448	0.00462	0.26415
13	0.04377	0.11454	0.32414	0.01421	0.04004	0.01598	0.01468	0.32183	0.01785	0.02489	0.01119	0.01219	0.00817	0.00586	0.00520	0.00167	0.00698	0.00439	0.00378	0.00865
14	0.00907	0.00648	0.00907	0.01036	0.01166	0.00648	0.00907	0.01166	0.01296	0.01684	0.02980	0.06348	0.03239	0.01555	0.00777	0.00259	0.00518	0.72924	0.00518	0.00518
15	0.00686	0.00490	0.00653	0.00784	0.00816	0.00457	0.00522	0.00784	0.01077	0.01437	0.03102	0.79855	0.03722	0.01763	0.00718	0.00229	0.00326	0.01600	0.00522	0.00457
16	0.03566	0.01417	0.10254	0.26162	0.10486	0.01327	0.17634	0.07955	0.04226	0.08048	0.01206	0.01483	0.00887	0.00570	0.00603	0.00183	0.02352	0.00533	0.00337	0.00770
17	0.00796	0.00575	0.00752	0.00708	0.00841	0.00531	0.00531	0.01062	0.01593	0.02257	0.76415	0.04204	0.05310	0.01150	0.00664	0.00177	0.00265	0.01018	0.00619	0.00531
18	0.84197	0.01088	0.00827	0.00740	0.01088	0.01262	0.00609	0.01654	0.00958	0.02525	0.00784	0.00914	0.00609	0.00522	0.00348	0.00174	0.00435	0.00305	0.00348	0.00609
19	0.01150	0.04214	0.34965	0.26373	0.09860	0.01307	0.08684	0.01640	0.01186	0.01657	0.01074	0.03455	0.00836	0.00566	0.00558	0.00181	0.00781	0.00503	0.00258	0.00751
20	0.01353	0.02121	0.42249	0.08493	0.06292	0.01295	0.08206	0.07075	0.01343	0.08929	0.03341	0.01425	0.00954	0.00591	0.00611	0.00181	0.03913	0.00491	0.00323	0.00814
21	0.01080	0.01018	0.01719	0.74897	0.07713	0.01255	0.01572	0.01453	0.01134	0.01459	0.01003	0.01495	0.00758	0.00559	0.00562	0.00186	0.00746	0.00500	0.00252	0.00639
22	0.02411	0.00975	0.01392	0.01062	0.01495	0.00848	0.04586	0.02643	0.01596	0.70949	0.04455	0.01966	0.01486	0.00699	0.00574	0.00175	0.00496	0.00585	0.00673	0.00934
23	0.01570	0.01276	0.09166	0.15714	0.02006	0.05102	0.04838	0.03948	0.11716	0.22659	0.06954	0.04998	0.04607	0.00743	0.00579	0.00180	0.00587	0.00633	0.00477	0.02248
24	0.03906	0.10722	0.17638	0.04417	0.21804	0.03775	0.05163	0.09990	0.03325	0.12139	0.01226	0.01363	0.00912	0.00562	0.00531	0.00167	0.00679	0.00472	0.00363	0.00845
25	0.01018	0.01018	0.06134	0.36417	0.13560	0.01019	0.01281	0.01349	0.01248	0.01693	0.16665	0.10229	0.02085	0.00827	0.00604	0.00188	0.00593	0.03069	0.00366	0.00637
26	0.21464	0.00845	0.00872	0.00835	0.01009	0.04870	0.00628	0.03241	0.01103	0.04792	0.08298	0.13362	0.01912	0.10931	0.21299	0.02147	0.00739	0.00717	0.00399	0.00539

[dist]
# distance from previous block
# <min> <max>
2	19

[block]
# block no. 3 follows, 42 sequences, length 14
# corresponding to MSA columns:
# 370-383
name=unknown_D
#
# <colnr> <probs for GDERKNQSTAVLIFYWHMCP>
#	G	D	E	R	K	N	Q	S	T	A	V	L	I	F	Y	W	H	M	C	P
0	0.01484	0.01274	0.06095	0.14705	0.02007	0.03250	0.05815	0.18999	0.03904	0.08863	0.01491	0.10802	0.01263	0.00716	0.00557	0.00165	0.00594	0.00613	0.00426	0.16977
1	0.01506	0.01332	0.05379	0.12545	0.11860	0.01286	0.10333	0.17243	0.01524	0.07379	0.01169	0.01384	0.00886	0.00572	0.00624	0.00162	0.05633	0.00487	0.00373	0.18325
2	0.04152	0.00928	0.01154	0.01034	0.03493	0.00915	0.02877	0.14743	0.04071	0.16914	0.02048	0.19822	0.01863	0.00938	0.00571	0.00178	0.00452	0.04471	0.12276	0.07101
3	0.00765	0.00537	0.00672	0.00748	0.00791	0.00518	0.00508	0.00853	0.01026	0.01352	0.02738	0.37830	0.06774	0.30039	0.01499	0.00345	0.00431	0.11692	0.00456	0.00425
4	0.05748	0.04324	0.09953	0.17390	0.03939	0.05366	0.05611	0.16887	0.07645	0.07047	0.07804	0.01663	0.01307	0.00657	0.00579	0.00177	0.02185	0.00538	0.00410	0.00770
5	0.00883	0.00523	0.00662	0.00662	0.00662	0.00523	0.00401	0.00784	0.00784	0.01045	0.01452	0.02888	0.01615	0.48662	0.02596	0.34047	0.00523	0.00685	0.00302	0.00302
6	0.00937	0.07955	0.07326	0.04097	0.03826	0.00833	0.03115	0.01206	0.01390	0.01916	0.42481	0.03354	0.08657	0.01142	0.03221	0.03890	0.00456	0.03138	0.00481	0.00578
7	0.01104	0.02263	0.50664	0.01608	0.02275	0.01200	0.15987	0.01648	0.01244	0.01793	0.06648	0.04936	0.04781	0.00660	0.00583	0.00183	0.00768	0.00592	0.00299	0.00764
8	0.71777	0.01068	0.00900	0.00780	0.01141	0.01196	0.00643	0.01820	0.01057	0.13866	0.01002	0.01066	0.00729	0.00549	0.00381	0.00174	0.00442	0.00344	0.00401	0.00662
9	0.01867	0.33368	0.02128	0.01258	0.01623	0.48121	0.01038	0.02026	0.01417	0.01356	0.00835	0.00971	0.00724	0.00541	0.00450	0.00135	0.00852	0.00338	0.00271	0.00680
10	0.02525	0.00958	0.01306	0.01001	0.01437	0.00827	0.00827	0.02743	0.01611	0.77102	0.02220	0.01915	0.01393	0.00697	0.00566	0.00174	0.00479	0.00566	0.00697	0.00958
11	0.01205	0.02377	0.48968	0.01898	0.02629	0.01351	0.29882	0.01790	0.01242	0.01790	0.01059	0.01314	0.00767	0.00512	0.00584	0.00183	0.00877	0.00511	0.00256	0.00804
12	0.01732	0.01496	0.06935	0.04858	0.05853	0.04374	0.14589	0.18303	0.03759	0.12921	0.01424	0.01661	0.01089	0.01022	0.07379	0.00265	0.10479	0.00573	0.00441	0.00847
13	0.00686	0.00490	0.00653	0.00784	0.00816	0.00457	0.00522	0.00784	0.01077	0.01437	0.03102	0.79855	0.03722	0.01763	0.00718	0.00229	0.00326	0.01600	0.00522	0.00457

[dist]
# distance from previous block
# <min> <max>
0	1

[block]
# block no. 4 follows, 42 sequences, length 21
# corresponding to MSA columns:
# 385-405
name=unknown_E
#
# <colnr> <probs for GDERKNQSTAVLIFYWHMCP>
#	G	D	E	R	K	N	Q	S	T	A	V	L	I	F	Y	W	H	M	C	P
0	0.01343	0.12386	0.04783	0.01278	0.03306	0.02804	0.15881	0.03271	0.01259	0.04598	0.01050	0.01236	0.00840	0.00464	0.00478	0.00122	0.00592	0.00416	0.00324	0.43570
1	0.00812	0.00552	0.00654	0.00658	0.00673	0.00564	0.00396	0.00843	0.00838	0.01131	0.01779	0.05877	0.02012	0.67481	0.12955	0.00584	0.00669	0.00814	0.00341	0.00366
2	0.05239	0.13828	0.45767	0.01371	0.03795	0.01335	0.01566	0.01780	0.01199	0.06993	0.01050	0.01186	0.00777	0.00521	0.00488	0.00157	0.00697	0.00395	0.00289	0.11568
3	0.05578	0.58725	0.02560	0.01028	0.01496	0.02071	0.00971	0.18410	0.01478	0.01889	0.00912	0.01006	0.00771	0.00528	0.00407	0.00134	0.00598	0.00348	0.00320	0.00771
4	0.07828	0.26375	0.05813	0.01226	0.01614	0.36502	0.01053	0.04327	0.01406	0.05912	0.00934	0.01050	0.00761	0.00562	0.00489	0.00146	0.02627	0.00361	0.00308	0.00706
5	0.01868	0.01494	0.05177	0.01276	0.01707	0.01562	0.02931	0.43915	0.24566	0.07005	0.01660	0.01604	0.01196	0.00691	0.00567	0.00177	0.00578	0.00549	0.00550	0.00926
6	0.00818	0.00549	0.00629	0.00629	0.00635	0.00554	0.00360	0.00828	0.00823	0.01103	0.01759	0.03604	0.02012	0.76144	0.06896	0.00565	0.00597	0.00807	0.00339	0.00350
7	0.01505	0.80561	0.02949	0.00963	0.01444	0.02227	0.00963	0.01685	0.01143	0.01324	0.00782	0.00903	0.00722	0.00481	0.00361	0.00120	0.00602	0.00301	0.00241	0.00722
8	0.00938	0.00628	0.00791	0.00761	0.00904	0.00596	0.00560	0.02817	0.03875	0.07313	0.37800	0.19436	0.10503	0.06506	0.03778	0.00241	0.00375	0.01067	0.00563	0.00550
9	0.00795	0.00599	0.00872	0.00869	0.00978	0.00677	0.00674	0.00996	0.00978	0.01388	0.07146	0.02557	0.06454	0.03823	0.67536	0.00807	0.01341	0.00670	0.00338	0.00503
10	0.01443	0.01230	0.01297	0.01154	0.01480	0.01420	0.00901	0.07143	0.71473	0.02423	0.02236	0.02056	0.01674	0.00758	0.00572	0.00190	0.00455	0.00629	0.00572	0.00895
11	0.00665	0.00570	0.00570	0.00570	0.00760	0.00475	0.00428	0.00808	0.01283	0.01520	0.05701	0.05416	0.76483	0.01425	0.00665	0.00190	0.00285	0.01188	0.00523	0.00475
12	0.01977	0.00952	0.01192	0.00954	0.01305	0.00906	0.00773	0.13401	0.04195	0.42785	0.15725	0.02273	0.02063	0.00776	0.00568	0.00171	0.00441	0.00639	0.08067	0.00838
13	0.00818	0.00546	0.00614	0.00614	0.00614	0.00546	0.00341	0.00818	0.00818	0.01091	0.01773	0.03683	0.02046	0.80222	0.02864	0.00546	0.00546	0.00818	0.00341	0.00341
14	0.84197	0.01088	0.00827	0.00740	0.01088	0.01262	0.00609	0.01654	0.00958	0.02525	0.00784	0.00914	0.00609	0.00522	0.00348	0.00174	0.00435	0.00305	0.00348	0.00609
15	0.00676	0.00526	0.00616	0.00688	0.00791	0.00465	0.00480	0.00794	0.01169	0.01474	0.04266	0.46519	0.36307	0.01612	0.00694	0.00211	0.00308	0.01415	0.00522	0.00465
16	0.01063	0.01000	0.01688	0.78870	0.03876	0.01250	0.01563	0.01438	0.01125	0.01438	0.01000	0.01500	0.00750	0.00563	0.00563	0.00188	0.00750	0.00500	0.00250	0.00625
17	0.02102	0.02682	0.01595	0.01450	0.01740	0.77963	0.01087	0.02247	0.01595	0.01377	0.00870	0.01015	0.00725	0.00580	0.00507	0.00145	0.01015	0.00362	0.00290	0.00652
18	0.00796	0.00575	0.00752	0.00708	0.00841	0.00531	0.00531	0.01062	0.01593	0.02257	0.76415	0.04204	0.05310	0.01150	0.00664	0.00177	0.00265	0.01018	0.00619	0.00531
19	0.01400	0.01209	0.01273	0.01145	0.01463	0.01400	0.00891	0.02990	0.75695	0.02354	0.02291	0.02100	0.01718	0.00764	0.00573	0.00191	0.00445	0.00636	0.00573	0.00891
20	0.01348	0.39111	0.06675	0.04806	0.01628	0.01917	0.01168	0.01541	0.01027	0.01368	0.00787	0.01085	0.00730	0.00700	0.01004	0.00180	0.33607	0.00397	0.00243	0.00679

[dist]
# distance from previous block
# <min> <max>
0	2

[block]
# block no. 5 follows, 42 sequences, length 22
# corresponding to MSA columns:
# 408-429
name=unknown_F
#
# <colnr> <probs for GDERKNQSTAVLIFYWHMCP>
#	G	D	E	R	K	N	Q	S	T	A	V	L	I	F	Y	W	H	M	C	P
0	0.01547	0.01061	0.01723	0.20757	0.24900	0.01080	0.04580	0.01849	0.01329	0.22402	0.01628	0.05255	0.01326	0.00718	0.00593	0.00186	0.00621	0.07241	0.00419	0.00787
1	0.07133	0.00965	0.01279	0.00987	0.01417	0.00852	0.00815	0.02681	0.01574	0.72894	0.02139	0.01859	0.01349	0.00687	0.00554	0.00174	0.00476	0.00551	0.00677	0.00938
2	0.00679	0.00514	0.00628	0.00719	0.00799	0.00462	0.00494	0.00791	0.01139	0.01462	0.03882	0.57506	0.25567	0.01662	0.00702	0.00217	0.00314	0.01476	0.00522	0.00462
3	0.01490	0.01256	0.08780	0.30165	0.09181	0.01152	0.12989	0.01858	0.01319	0.20357	0.04844	0.01694	0.01147	0.00601	0.00581	0.00181	0.00692	0.00559	0.00385	0.00766
4	0.01199	0.16068	0.62240	0.01520	0.02284	0.01467	0.04267	0.01766	0.01185	0.01705	0.00975	0.01150	0.00719	0.00524	0.00509	0.00169	0.00796	0.00404	0.00240	0.00811
5	0.02315	0.00917	0.01254	0.01006	0.01401	0.00804	0.00837	0.02538	0.01570	0.67307	0.02319	0.02491	0.01633	0.00808	0.00593	0.00185	0.00484	0.09963	0.00673	0.00901
6	0.01035	0.00960	0.01241	0.15759	0.01671	0.07230	0.00974	0.01234	0.01001	0.01346	0.01323	0.06866	0.01273	0.05645	0.33936	0.00519	0.16526	0.00616	0.00296	0.00550
7	0.01063	0.01000	0.01688	0.78870	0.03876	0.01250	0.01563	0.01438	0.01125	0.01438	0.01000	0.01500	0.00750	0.00563	0.00563	0.00188	0.00750	0.00500	0.00250	0.00625
8	0.00777	0.00571	0.00728	0.00696	0.00831	0.00522	0.00519	0.01022	0.01536	0.02139	0.65375	0.07785	0.12985	0.01208	0.00666	0.00181	0.00270	0.01063	0.00605	0.00522
9	0.00686	0.00490	0.00653	0.00784	0.00816	0.00457	0.00522	0.00784	0.01077	0.01437	0.03102	0.79855	0.03722	0.01763	0.00718	0.00229	0.00326	0.01600	0.00522	0.00457
10	0.01278	0.01229	0.02121	0.29046	0.49168	0.01311	0.04428	0.01632	0.01230	0.01701	0.01042	0.01434	0.00842	0.00521	0.00563	0.00175	0.00707	0.00507	0.00269	0.00796
11	0.01209	0.01079	0.01483	0.09733	0.19220	0.00940	0.01010	0.01492	0.01189	0.01793	0.01014	0.01255	0.00838	0.00452	0.00465	0.00114	0.00511	0.00390	0.00312	0.55501
12	0.84197	0.01088	0.00827	0.00740	0.01088	0.01262	0.00609	0.01654	0.00958	0.02525	0.00784	0.00914	0.00609	0.00522	0.00348	0.00174	0.00435	0.00305	0.00348	0.00609
13	0.84197	0.01088	0.00827	0.00740	0.01088	0.01262	0.00609	0.01654	0.00958	0.02525	0.00784	0.00914	0.00609	0.00522	0.00348	0.00174	0.00435	0.00305	0.00348	0.00609
14	0.01063	0.01000	0.01688	0.78870	0.03876	0.01250	0.01563	0.01438	0.01125	0.01438	0.01000	0.01500	0.00750	0.00563	0.00563	0.00188	0.00750	0.00500	0.00250	0.00625
15	0.00805	0.00535	0.00625	0.00644	0.00649	0.00530	0.00375	0.00810	0.00854	0.01139	0.01941	0.15139	0.02255	0.65080	0.02512	0.03955	0.00510	0.00923	0.00364	0.00355
16	0.00899	0.00930	0.10809	0.01123	0.04330	0.00713	0.00971	0.01163	0.01211	0.01617	0.02680	0.20260	0.04861	0.05615	0.00833	0.00252	0.00521	0.40198	0.00463	0.00551
17	0.00989	0.00533	0.00542	0.00540	0.00678	0.00519	0.00405	0.01236	0.01215	0.02036	0.06360	0.02617	0.10797	0.00776	0.00441	0.00141	0.00265	0.00632	0.68757	0.00519
18	0.00757	0.00541	0.00735	0.00865	0.00929	0.00518	0.00646	0.00907	0.01148	0.01516	0.03062	0.56201	0.03567	0.01696	0.00737	0.00238	0.00388	0.24552	0.00521	0.00477
19	0.01129	0.02911	0.77306	0.01604	0.02436	0.01307	0.02079	0.01782	0.01188	0.01782	0.01010	0.01188	0.00713	0.00535	0.00535	0.00178	0.00832	0.00416	0.00238	0.00832
20	0.00818	0.00546	0.00614	0.00614	0.00614	0.00546	0.00341	0.00818	0.00818	0.01091	0.01773	0.03683	0.02046	0.80222	0.02864	0.00546	0.00546	0.00818	0.00341	0.00341
21	0.02100	0.01557	0.01667	0.01287	0.01730	0.01727	0.01060	0.71002	0.06543	0.03483	0.01401	0.01391	0.00998	0.00680	0.00563	0.00170	0.00610	0.00514	0.00563	0.00954

[dist]
# distance from previous block
# <min> <max>
0	1

[block]
# block no. 6 follows, 42 sequences, length 13
# corresponding to MSA columns:
# 431-443
name=unknown_G
#
# <colnr> <probs for GDERKNQSTAVLIFYWHMCP>
#	G	D	E	R	K	N	Q	S	T	A	V	L	I	F	Y	W	H	M	C	P
0	0.01273	0.01427	0.05770	0.07846	0.05043	0.05179	0.23749	0.01560	0.01094	0.01536	0.00946	0.01376	0.00808	0.00876	0.04496	0.00242	0.35297	0.00541	0.00264	0.00678
1	0.00847	0.00642	0.00808	0.00726	0.00918	0.00562	0.00548	0.01096	0.01482	0.02111	0.56894	0.07355	0.07904	0.01070	0.00625	0.00164	0.00295	0.00939	0.00562	0.14452
2	0.01542	0.07023	0.04707	0.06538	0.10842	0.03964	0.08859	0.11354	0.06981	0.10668	0.04856	0.01552	0.01178	0.00584	0.00532	0.00154	0.00604	0.00505	0.00407	0.17150
3	0.01844	0.07633	0.01610	0.01338	0.01615	0.57038	0.01028	0.01993	0.01447	0.01404	0.01005	0.06090	0.00925	0.00671	0.00611	0.00153	0.07078	0.00446	0.00301	0.05771
4	0.06560	0.03551	0.06096	0.00908	0.01385	0.00910	0.00787	0.05890	0.01302	0.08425	0.04522	0.01495	0.03633	0.00538	0.00459	0.00117	0.00457	0.00425	0.00389	0.52151
5	0.03399	0.00701	0.00929	0.00861	0.01041	0.00648	0.04083	0.03442	0.01244	0.07595	0.12177	0.30886	0.08911	0.07825	0.00875	0.02776	0.00407	0.03607	0.00493	0.08100
6	0.00711	0.00520	0.00652	0.00724	0.00794	0.00479	0.00493	0.00833	0.01167	0.01546	0.14675	0.49996	0.15288	0.08304	0.00884	0.00242	0.00329	0.01379	0.00522	0.00461
7	0.06601	0.01098	0.01827	0.44525	0.12597	0.01218	0.09191	0.01722	0.01229	0.12851	0.01190	0.01513	0.00866	0.00563	0.00560	0.00182	0.00701	0.00515	0.00330	0.00722
8	0.01848	0.06537	0.06821	0.04293	0.04582	0.06230	0.19434	0.10566	0.05752	0.25919	0.01516	0.01561	0.01058	0.00600	0.00571	0.00174	0.00691	0.00543	0.00457	0.00848
9	0.01057	0.00621	0.00768	0.00739	0.00910	0.00551	0.00543	0.01215	0.01314	0.15978	0.16563	0.25297	0.24709	0.06120	0.00795	0.00217	0.00346	0.01132	0.00562	0.00564
10	0.00804	0.00603	0.00904	0.00904	0.01005	0.00703	0.00703	0.01005	0.00904	0.01306	0.01507	0.02211	0.01407	0.04221	0.77992	0.00904	0.01507	0.00603	0.00301	0.00502
11	0.01480	0.75564	0.07734	0.01004	0.01508	0.02168	0.01035	0.01691	0.01146	0.01354	0.00797	0.00921	0.00722	0.00485	0.00372	0.00124	0.00617	0.00308	0.00241	0.00729
12	0.04101	0.00963	0.01452	0.01289	0.06221	0.00916	0.11560	0.01956	0.09027	0.27662	0.07954	0.13831	0.05622	0.00917	0.00618	0.00190	0.00508	0.03916	0.00539	0.00759

[dist]
# distance from previous block
# <min> <max>
0	11

[block]
# block no. 7 follows, 42 sequences, length 65
# corresponding to MSA columns:
# 455-519
name=unknown_H
#
# <colnr> <probs for GDERKNQSTAVLIFYWHMCP>
#	G	D	E	R	K	N	Q	S	T	A	V	L	I	F	Y	W	H	M	C	P
0	0.00804	0.00601	0.00894	0.00894	0.00990	0.00698	0.00690	0.00998	0.00901	0.01298	0.01517	0.02265	0.01431	0.07034	0.75212	0.00891	0.01472	0.00611	0.00303	0.00496
1	0.02139	0.01576	0.01689	0.01295	0.01745	0.01745	0.01070	0.74835	0.02646	0.03547	0.01351	0.01351	0.00957	0.00676	0.00563	0.00169	0.00619	0.00507	0.00563	0.00957
2	0.00927	0.00670	0.00817	0.03208	0.05867	0.00690	0.00514	0.03232	0.03870	0.01276	0.01710	0.03330	0.01884	0.66936	0.02480	0.00484	0.00558	0.00771	0.00350	0.00427
3	0.01799	0.01999	0.01736	0.04217	0.05422	0.41403	0.05860	0.07255	0.01485	0.04622	0.03245	0.01279	0.00927	0.00674	0.00785	0.00173	0.15644	0.00456	0.00325	0.00694
4	0.00841	0.00589	0.00761	0.00741	0.00883	0.00542	0.00567	0.01083	0.01503	0.04372	0.55527	0.08971	0.11773	0.01240	0.00676	0.00190	0.00303	0.08309	0.00596	0.00533
5	0.00666	0.00567	0.00574	0.00579	0.00763	0.00474	0.00432	0.00807	0.01274	0.01517	0.05591	0.08577	0.73394	0.01440	0.00667	0.00192	0.00287	0.01205	0.00523	0.00474
6	0.01167	0.01000	0.01167	0.00834	0.01334	0.00750	0.00667	0.01417	0.01167	0.01834	0.01000	0.01167	0.00834	0.00417	0.00417	0.00083	0.00417	0.00333	0.00333	0.83663
7	0.04531	0.01343	0.16685	0.06354	0.08673	0.01013	0.03871	0.01915	0.07771	0.22384	0.01834	0.14832	0.01564	0.03850	0.00668	0.00201	0.00575	0.00709	0.00455	0.00771
8	0.00774	0.00563	0.00747	0.00856	0.00947	0.00536	0.00662	0.00947	0.01207	0.01578	0.06655	0.40137	0.11256	0.01619	0.00733	0.00234	0.00394	0.29145	0.00525	0.00486
9	0.84197	0.01088	0.00827	0.00740	0.01088	0.01262	0.00609	0.01654	0.00958	0.02525	0.00784	0.00914	0.00609	0.00522	0.00348	0.00174	0.00435	0.00305	0.00348	0.00609
10	0.01293	0.03781	0.49057	0.01708	0.02393	0.01339	0.17941	0.01831	0.01230	0.07497	0.01109	0.01314	0.00798	0.00561	0.00645	0.00184	0.05741	0.00485	0.00284	0.00810
11	0.01171	0.00835	0.01271	0.15472	0.15912	0.00848	0.01011	0.01415	0.01278	0.11656	0.11268	0.19589	0.04325	0.03464	0.00703	0.00208	0.00505	0.07964	0.00456	0.00648
12	0.00762	0.00563	0.00712	0.00698	0.00826	0.00513	0.00515	0.00987	0.01478	0.02039	0.56241	0.14643	0.15389	0.01273	0.00671	0.00186	0.00277	0.01121	0.00592	0.00513
13	0.02390	0.00972	0.01292	0.01008	0.01427	0.00871	0.00827	0.02729	0.08110	0.68992	0.03765	0.01979	0.01503	0.00712	0.00569	0.00176	0.00472	0.00581	0.00684	0.00943
14	0.23665	0.07929	0.01667	0.04252	0.14780	0.31943	0.02991	0.03599	0.01337	0.01822	0.00896	0.01083	0.00733	0.00542	0.00470	0.00158	0.00749	0.00383	0.00304	0.00697
15	0.01505	0.80561	0.02949	0.00963	0.01444	0.02227	0.00963	0.01685	0.01143	0.01324	0.00782	0.00903	0.00722	0.00481	0.00361	0.00120	0.00602	0.00301	0.00241	0.00722
16	0.01225	0.01010	0.01674	0.67822	0.06685	0.01211	0.01495	0.01582	0.01181	0.09115	0.01126	0.01538	0.00821	0.00574	0.00563	0.00185	0.00719	0.00507	0.00296	0.00670
17	0.04319	0.18826	0.16821	0.01094	0.01617	0.01259	0.01087	0.04416	0.01382	0.31743	0.01478	0.02655	0.01051	0.00599	0.00495	0.00154	0.00571	0.00460	0.00449	0.09525
18	0.02217	0.01452	0.01612	0.01236	0.01683	0.01560	0.01021	0.60307	0.02437	0.18370	0.01526	0.01465	0.01045	0.00680	0.00564	0.00170	0.00591	0.00519	0.00590	0.00957
19	0.00804	0.00603	0.00904	0.00904	0.01005	0.00703	0.00703	0.01005	0.00904	0.01306	0.01507	0.02211	0.01407	0.04221	0.77992	0.00904	0.01507	0.00603	0.00301	0.00502
20	0.01299	0.04184	0.10201	0.07191	0.04531	0.01425	0.59080	0.01772	0.01295	0.01763	0.01104	0.01463	0.00830	0.00487	0.00633	0.00186	0.00907	0.00615	0.00276	0.00759
21	0.00804	0.00603	0.00904	0.00904	0.01005	0.00703	0.00703	0.01005	0.00904	0.01306	0.01507	0.02211	0.01407	0.04221	0.77992	0.00904	0.01507	0.00603	0.00301	0.00502
22	0.00686	0.00490	0.00653	0.00784	0.00816	0.00457	0.00522	0.00784	0.01077	0.01437	0.03102	0.79855	0.03722	0.01763	0.00718	0.00229	0.00326	0.01600	0.00522	0.00457
23	0.00796	0.00575	0.00752	0.00708	0.00841	0.00531	0.00531	0.01062	0.01593	0.02257	0.76415	0.04204	0.05310	0.01150	0.00664	0.00177	0.00265	0.01018	0.00619	0.00531
24	0.01129	0.02911	0.77306	0.01604	0.02436	0.01307	0.02079	0.01782	0.01188	0.01782	0.01010	0.01188	0.00713	0.00535	0.00535	0.00178	0.00832	0.00416	0.00238	0.00832
25	0.02139	0.01576	0.01689	0.01295	0.01745	0.01745	0.01070	0.74835	0.02646	0.03547	0.01351	0.01351	0.00957	0.00676	0.00563	0.00169	0.00619	0.00507	0.00563	0.00957
26	0.00665	0.00570	0.00570	0.00570	0.00760	0.00475	0.00428	0.00808	0.01283	0.01520	0.05701	0.05416	0.76483	0.01425	0.00665	0.00190	0.00285	0.01188	0.00523	0.00475
27	0.01063	0.01000	0.01688	0.78870	0.03876	0.01250	0.01563	0.01438	0.01125	0.01438	0.01000	0.01500	0.00750	0.00563	0.00563	0.00188	0.00750	0.00500	0.00250	0.00625
28	0.01310	0.01358	0.02644	0.10293	0.32436	0.01339	0.35217	0.01710	0.01288	0.01776	0.01170	0.01669	0.00959	0.00539	0.00616	0.00183	0.00799	0.03615	0.00289	0.00789
29	0.00880	0.00636	0.00771	0.00745	0.00751	0.00698	0.00483	0.00899	0.00842	0.01146	0.01668	0.03423	0.01897	0.64384	0.02626	0.03046	0.10563	0.03828	0.00333	0.00381
30	0.01213	0.03414	0.01188	0.00863	0.01286	0.00857	0.00692	0.08029	0.01277	0.01936	0.01192	0.03973	0.01025	0.00806	0.06611	0.00166	0.00514	0.00425	0.05872	0.58660
31	0.01507	0.05725	0.01598	0.11519	0.14054	0.11360	0.01077	0.06432	0.07411	0.08474	0.06459	0.01576	0.01251	0.00595	0.00520	0.00149	0.00601	0.00488	0.00388	0.18818
32	0.01328	0.01518	0.03321	0.02372	0.02941	0.01423	0.74668	0.01803	0.01328	0.01803	0.01139	0.01518	0.00854	0.00474	0.00664	0.00190	0.00949	0.00664	0.00285	0.00759
33	0.01174	0.19506	0.39595	0.03794	0.03934	0.01430	0.04245	0.01597	0.01150	0.01603	0.01216	0.11178	0.01111	0.00704	0.00604	0.00176	0.05405	0.00560	0.00278	0.00739
34	0.01404	0.07537	0.38754	0.01671	0.11965	0.01294	0.04228	0.03255	0.06569	0.11539	0.03686	0.01465	0.01056	0.00581	0.00539	0.00171	0.00694	0.00482	0.00348	0.02763
35	0.00741	0.00513	0.00637	0.00712	0.00731	0.00494	0.00446	0.00798	0.00969	0.01292	0.02545	0.47908	0.03019	0.34669	0.01618	0.00362	0.00418	0.01272	0.00446	0.00408
36	0.01107	0.01129	0.08953	0.05277	0.32302	0.00964	0.01235	0.01406	0.01284	0.03662	0.14695	0.19217	0.02341	0.00934	0.00616	0.00187	0.00534	0.03048	0.00404	0.00707
37	0.05062	0.03607	0.12103	0.11886	0.03846	0.01291	0.02871	0.17583	0.11022	0.19149	0.01538	0.01645	0.01111	0.04013	0.00647	0.00192	0.00611	0.00526	0.00466	0.00833
38	0.00981	0.00989	0.08105	0.26421	0.02194	0.00919	0.03595	0.01318	0.01247	0.01644	0.06101	0.04016	0.03686	0.01081	0.00674	0.00221	0.00618	0.35199	0.00404	0.00589
39	0.00763	0.00582	0.00715	0.00770	0.00907	0.00534	0.00607	0.00953	0.01300	0.01668	0.15087	0.17675	0.31255	0.01479	0.00708	0.00216	0.00361	0.23392	0.00536	0.00494
40	0.01416	0.06846	0.34430	0.07388	0.09763	0.01315	0.13961	0.01918	0.03137	0.12643	0.01229	0.01397	0.00881	0.00549	0.00556	0.00176	0.00754	0.00492	0.00325	0.00823
41	0.04527	0.19449	0.18189	0.01443	0.09145	0.04718	0.04359	0.03734	0.09212	0.08955	0.02863	0.01760	0.01200	0.00650	0.00520	0.00169	0.00637	0.05677	0.02012	0.00781
42	0.05327	0.01002	0.03605	0.01061	0.03489	0.00850	0.00867	0.02502	0.01555	0.63471	0.06586	0.02095	0.01613	0.00730	0.00568	0.00176	0.00482	0.02470	0.00649	0.00902
43	0.84197	0.01088	0.00827	0.00740	0.01088	0.01262	0.00609	0.01654	0.00958	0.02525	0.00784	0.00914	0.00609	0.00522	0.00348	0.00174	0.00435	0.00305	0.00348	0.00609
44	0.00824	0.00552	0.00634	0.00642	0.00651	0.00552	0.00379	0.00842	0.00851	0.01131	0.01855	0.03863	0.02126	0.74916	0.02724	0.00526	0.00544	0.05682	0.00353	0.00353
45	0.06734	0.01492	0.13304	0.04596	0.12904	0.01301	0.14153	0.11365	0.08536	0.06068	0.09384	0.01743	0.01419	0.00652	0.00625	0.00181	0.03774	0.00577	0.00399	0.00793
46	0.12272	0.01323	0.08746	0.14630	0.10737	0.02929	0.01174	0.15509	0.01443	0.07566	0.03220	0.04658	0.01145	0.03709	0.02688	0.00212	0.04732	0.00541	0.02029	0.00737
47	0.01166	0.00771	0.00936	0.00822	0.01055	0.00743	0.00636	0.03502	0.12733	0.11554	0.43469	0.03295	0.06535	0.00967	0.00609	0.00171	0.00339	0.00833	0.03659	0.06204
48	0.03940	0.01380	0.03659	0.10456	0.14136	0.01475	0.02816	0.28597	0.20668	0.04833	0.01499	0.01570	0.01111	0.00645	0.00560	0.00177	0.00602	0.00535	0.00467	0.00874
49	0.00884	0.00691	0.00986	0.00947	0.01040	0.00821	0.00737	0.02770	0.00978	0.01410	0.06132	0.02300	0.01607	0.08464	0.57963	0.00745	0.10054	0.00628	0.00324	0.00517
50	0.01235	0.01321	0.10984	0.12929	0.01928	0.01256	0.03372	0.02312	0.43079	0.02065	0.06253	0.04656	0.01750	0.00781	0.00587	0.00192	0.00544	0.03495	0.00472	0.00790
51	0.01955	0.15067	0.05881	0.01381	0.01730	0.61809	0.01121	0.02133	0.01501	0.01391	0.00864	0.01006	0.00724	0.00562	0.00486	0.00143	0.00939	0.00356	0.00279	0.00673
52	0.00813	0.00602	0.00834	0.00856	0.00941	0.00600	0.03500	0.00950	0.01047	0.01390	0.02545	0.22609	0.07406	0.24595	0.12973	0.00424	0.00630	0.16401	0.00427	0.00457
53	0.01406	0.01251	0.01245	0.01141	0.01430	0.07746	0.00896	0.07200	0.51704	0.02218	0.02296	0.05585	0.03485	0.00886	0.00598	0.00195	0.00505	0.08869	0.00539	0.00806
54	0.16765	0.11692	0.01143	0.00832	0.01013	0.06021	0.02214	0.02700	0.01040	0.01573	0.01538	0.13196	0.01644	0.29544	0.01371	0.00307	0.02354	0.00703	0.03835	0.00516
55	0.84197	0.01088	0.00827	0.00740	0.01088	0.01262	0.00609	0.01654	0.00958	0.02525	0.00784	0.00914	0.00609	0.00522	0.00348	0.00174	0.00435	0.00305	0.00348	0.00609
56	0.00836	0.00634	0.00750	0.00705	0.00872	0.00588	0.00532	0.05708	0.01539	0.02070	0.45899	0.07700	0.27609	0.01234	0.00660	0.00183	0.00297	0.01064	0.00581	0.00537
