[name]
unknown

[dist]
# distance from previous block
# <min> <max>
0	585

[block]
# block no. 0 follows, 40 sequences, length 14
# corresponding to MSA columns:
# 736-749
name=unknown_A
#
# <colnr> <probs for GDERKNQSTAVLIFYWHMCP>
#	G	D	E	R	K	N	Q	S	T	A	V	L	I	F	Y	W	H	M	C	P
0	0.01314	0.01249	0.01709	0.01475	0.01521	0.01691	0.01232	0.06736	0.01063	0.01595	0.01001	0.01717	0.00993	0.01043	0.01719	0.00250	0.66333	0.06404	0.00302	0.00654
1	0.05251	0.01366	0.07749	0.01995	0.28030	0.01169	0.04689	0.03515	0.07354	0.02003	0.01217	0.03055	0.01005	0.00545	0.00524	0.00149	0.00590	0.00486	0.00345	0.28962
2	0.01995	0.01478	0.01598	0.01267	0.01673	0.01642	0.01028	0.57175	0.13546	0.03259	0.01512	0.01544	0.01110	0.00821	0.00723	0.07011	0.00601	0.00542	0.00556	0.00918
3	0.00836	0.00596	0.00687	0.00691	0.00856	0.00526	0.00516	0.01014	0.01363	0.05288	0.18246	0.17266	0.40593	0.01410	0.00683	0.00200	0.00316	0.04052	0.04334	0.00527
4	0.02211	0.01629	0.01745	0.01338	0.01803	0.01803	0.01105	0.73997	0.02734	0.03665	0.01396	0.01396	0.00989	0.00698	0.00582	0.00175	0.00640	0.00524	0.00582	0.00989
5	0.01098	0.01034	0.01744	0.78165	0.04005	0.01292	0.01615	0.01486	0.01163	0.01486	0.01034	0.01550	0.00775	0.00581	0.00581	0.00194	0.00775	0.00517	0.00258	0.00646
6	0.01363	0.01373	0.05229	0.20353	0.19470	0.01346	0.26348	0.01875	0.07372	0.05362	0.01323	0.03619	0.01038	0.00591	0.00620	0.00190	0.00779	0.00616	0.00334	0.00798
7	0.01375	0.01251	0.01748	0.01489	0.01523	0.01710	0.01240	0.01509	0.00950	0.07136	0.00881	0.01326	0.00815	0.00995	0.01807	0.00249	0.72527	0.00515	0.00290	0.00663
8	0.02398	0.01005	0.01315	0.01028	0.01439	0.00913	0.00833	0.06686	0.05015	0.63119	0.02212	0.02095	0.01481	0.06757	0.00767	0.00210	0.00507	0.00605	0.00678	0.00938
9	0.01798	0.00915	0.03497	0.00946	0.01275	0.00783	0.00778	0.05442	0.01647	0.40024	0.25238	0.08277	0.04908	0.00959	0.00629	0.00185	0.00428	0.00817	0.00656	0.00797
10	0.00718	0.00560	0.00640	0.00681	0.00803	0.00495	0.00480	0.00853	0.01253	0.01587	0.11563	0.30479	0.39383	0.06743	0.00857	0.00233	0.00325	0.01330	0.00537	0.00481
11	0.02750	0.00691	0.00897	0.00831	0.01010	0.00681	0.00631	0.01390	0.04022	0.13610	0.27773	0.06796	0.08701	0.07901	0.19259	0.00396	0.00655	0.00871	0.00532	0.00603
12	0.01218	0.01157	0.03279	0.03687	0.01435	0.04927	0.01045	0.01374	0.00985	0.03846	0.01121	0.01790	0.01081	0.11778	0.14372	0.00389	0.41134	0.00559	0.00298	0.04524
13	0.11585	0.11234	0.01638	0.02489	0.01546	0.09363	0.03874	0.15010	0.11064	0.02165	0.05045	0.01785	0.05488	0.00996	0.05901	0.00232	0.08879	0.00550	0.00415	0.00740

[dist]
# distance from previous block
# <min> <max>
2	34

[block]
# block no. 1 follows, 40 sequences, length 14
# corresponding to MSA columns:
# 785-798
name=unknown_B
#
# <colnr> <probs for GDERKNQSTAVLIFYWHMCP>
#	G	D	E	R	K	N	Q	S	T	A	V	L	I	F	Y	W	H	M	C	P
0	0.07430	0.08994	0.06017	0.09400	0.11888	0.01356	0.11748	0.06570	0.07685	0.05273	0.03444	0.03785	0.01161	0.00619	0.00566	0.00170	0.01722	0.00544	0.00374	0.11253
1	0.00740	0.00550	0.00690	0.00742	0.00840	0.00500	0.00523	0.00905	0.01323	0.01768	0.26514	0.41214	0.18450	0.01554	0.00714	0.00212	0.00309	0.01380	0.00571	0.00500
2	0.03406	0.01018	0.10171	0.04642	0.02399	0.01988	0.00834	0.02361	0.05462	0.01741	0.09576	0.02912	0.13843	0.10374	0.15198	0.03145	0.00692	0.00734	0.08921	0.00582
3	0.11353	0.00642	0.00743	0.00758	0.00904	0.00619	0.00552	0.01094	0.01310	0.04833	0.25112	0.33111	0.14103	0.01375	0.00663	0.00205	0.00333	0.01199	0.00554	0.00538
4	0.01129	0.00803	0.01222	0.11482	0.05827	0.00806	0.04894	0.01397	0.01344	0.09027	0.11569	0.11958	0.05129	0.03575	0.00762	0.00229	0.00529	0.24773	0.02926	0.00618
5	0.01709	0.64401	0.02747	0.01062	0.01531	0.11714	0.01001	0.01894	0.01276	0.06802	0.00927	0.01023	0.00797	0.00527	0.00408	0.00132	0.00667	0.00339	0.00289	0.00755
6	0.00813	0.00584	0.00797	0.00973	0.06266	0.00555	0.00618	0.00971	0.01207	0.01690	0.12123	0.56424	0.03610	0.01534	0.00690	0.00215	0.00348	0.01385	0.08678	0.00521
7	0.37630	0.16869	0.05908	0.01068	0.03876	0.02921	0.00919	0.03599	0.10529	0.02188	0.01271	0.01700	0.01094	0.00674	0.00463	0.00179	0.00542	0.07477	0.00380	0.00713
8	0.12316	0.01444	0.01609	0.01512	0.11065	0.01602	0.01087	0.38917	0.19318	0.03016	0.01512	0.01526	0.01120	0.00676	0.00555	0.00180	0.00580	0.00528	0.00518	0.00918
9	0.01814	0.01198	0.01839	0.07807	0.36304	0.01187	0.01344	0.03980	0.06531	0.27256	0.03749	0.01764	0.01279	0.00634	0.00584	0.00179	0.00601	0.00566	0.00471	0.00915
10	0.01387	0.11267	0.02476	0.02004	0.14125	0.01442	0.27658	0.01709	0.01230	0.06436	0.01198	0.01570	0.00983	0.01190	0.12928	0.00307	0.10450	0.00573	0.00312	0.00755
11	0.75530	0.01137	0.00900	0.00806	0.01163	0.01319	0.00659	0.01846	0.08306	0.02592	0.00964	0.01066	0.00743	0.00564	0.00383	0.00182	0.00451	0.00349	0.00383	0.00659
12	0.01463	0.01341	0.01264	0.01139	0.01437	0.10928	0.00879	0.05059	0.50502	0.02296	0.09505	0.02335	0.04544	0.00821	0.00588	0.00187	0.00510	0.00671	0.03706	0.00825
13	0.01092	0.00848	0.01083	0.01201	0.10580	0.00923	0.00766	0.01516	0.14513	0.01707	0.05007	0.02865	0.01884	0.28251	0.06439	0.00367	0.05823	0.03665	0.10871	0.00599

[dist]
# distance from previous block
# <min> <max>
1	9

[block]
# block no. 2 follows, 40 sequences, length 8
# corresponding to MSA columns:
# 809-816
name=unknown_C
#
# <colnr> <probs for GDERKNQSTAVLIFYWHMCP>
#	G	D	E	R	K	N	Q	S	T	A	V	L	I	F	Y	W	H	M	C	P
0	0.09817	0.25256	0.07558	0.01260	0.01676	0.37051	0.01097	0.02090	0.01417	0.06540	0.00967	0.01080	0.00782	0.00568	0.00470	0.00150	0.00814	0.00368	0.00314	0.00726
1	0.49677	0.12602	0.08851	0.01039	0.01477	0.07892	0.03558	0.05684	0.01204	0.02288	0.00885	0.01027	0.00695	0.00547	0.00418	0.00170	0.00595	0.00355	0.00337	0.00698
2	0.01384	0.04061	0.12474	0.04905	0.18656	0.01308	0.08963	0.09723	0.10265	0.03924	0.11146	0.02012	0.03634	0.00705	0.00619	0.00182	0.02111	0.00624	0.02489	0.00815
3	0.01278	0.01657	0.21575	0.22990	0.14363	0.01280	0.01560	0.06556	0.06459	0.01919	0.01224	0.01584	0.00960	0.00597	0.00560	0.00175	0.00701	0.02619	0.00324	0.11618
4	0.00740	0.00553	0.00663	0.00732	0.00840	0.00500	0.00525	0.00887	0.01245	0.01623	0.09484	0.40246	0.28819	0.01591	0.00708	0.00216	0.00327	0.05751	0.04057	0.00491
5	0.05046	0.03518	0.16378	0.03623	0.11830	0.01278	0.07725	0.06136	0.11563	0.13389	0.03935	0.01759	0.03452	0.00661	0.00604	0.00180	0.02649	0.00560	0.00427	0.05289
6	0.07540	0.01420	0.11348	0.04095	0.14649	0.01149	0.01161	0.07628	0.06607	0.07832	0.01250	0.01385	0.00955	0.00544	0.00507	0.00147	0.00569	0.00445	0.00385	0.30385
7	0.14591	0.10810	0.09711	0.03996	0.13579	0.12364	0.01186	0.05405	0.01328	0.07429	0.01126	0.01426	0.00919	0.00705	0.00664	0.05690	0.02994	0.02558	0.00343	0.03174

[dist]
# distance from previous block
# <min> <max>
3	12

[block]
# block no. 3 follows, 40 sequences, length 13
# corresponding to MSA columns:
# 830-842
name=unknown_D
#
# <colnr> <probs for GDERKNQSTAVLIFYWHMCP>
#	G	D	E	R	K	N	Q	S	T	A	V	L	I	F	Y	W	H	M	C	P
0	0.03046	0.03486	0.04064	0.06738	0.13602	0.08396	0.07639	0.05508	0.06487	0.18937	0.01573	0.04042	0.01243	0.00715	0.00662	0.00184	0.05200	0.03854	0.00439	0.04184
1	0.09367	0.11998	0.12267	0.01482	0.08647	0.26646	0.01205	0.01949	0.04160	0.02936	0.02414	0.01445	0.02219	0.00630	0.00552	0.00162	0.03164	0.02404	0.00326	0.06027
2	0.64356	0.01412	0.06866	0.00930	0.01331	0.06219	0.00818	0.06317	0.03472	0.02534	0.00919	0.01040	0.00704	0.00562	0.00407	0.00179	0.00532	0.00351	0.00368	0.00682
3	0.01774	0.41128	0.02238	0.01072	0.01491	0.03987	0.00970	0.13630	0.01516	0.13249	0.01284	0.01475	0.01036	0.00645	0.00537	0.00154	0.04383	0.03092	0.05543	0.00795
4	0.01247	0.01260	0.09513	0.10108	0.09862	0.03504	0.04788	0.03329	0.14007	0.05094	0.20563	0.04284	0.02435	0.00858	0.00624	0.00191	0.00565	0.05165	0.01867	0.00738
5	0.00719	0.00563	0.00635	0.00671	0.00798	0.00497	0.00473	0.00852	0.01253	0.01579	0.11106	0.27025	0.42149	0.07909	0.00888	0.00237	0.00327	0.01306	0.00534	0.00479
6	0.01277	0.01268	0.04457	0.24275	0.10581	0.01372	0.11575	0.03998	0.16049	0.01907	0.07166	0.01837	0.01380	0.00703	0.00755	0.00198	0.09465	0.00607	0.00372	0.00759
7	0.00844	0.00568	0.00662	0.00682	0.00695	0.00566	0.00413	0.00872	0.00904	0.01202	0.02030	0.09286	0.02335	0.67794	0.02630	0.00517	0.00546	0.06698	0.00380	0.00376
8	0.75233	0.01111	0.00906	0.00793	0.01162	0.01258	0.00653	0.01826	0.01060	0.10283	0.00964	0.01052	0.00714	0.00559	0.00383	0.00180	0.00455	0.00343	0.00397	0.00667
9	0.01886	0.07925	0.04760	0.01579	0.12755	0.16627	0.04112	0.03644	0.05837	0.24465	0.03821	0.07140	0.01415	0.00727	0.00571	0.00174	0.00665	0.00601	0.00469	0.00828
10	0.01981	0.01277	0.01444	0.01160	0.01544	0.01355	0.00956	0.44627	0.02230	0.15612	0.06207	0.02232	0.01603	0.00817	0.00596	0.00182	0.00553	0.07443	0.07299	0.00883
11	0.01705	0.06558	0.06846	0.05920	0.04058	0.03683	0.01121	0.27238	0.21010	0.04633	0.01527	0.01552	0.01138	0.00654	0.00550	0.00169	0.00601	0.00515	0.00481	0.10041
12	0.01079	0.01221	0.11220	0.46420	0.06689	0.01135	0.01437	0.01455	0.01192	0.01615	0.01527	0.06622	0.05820	0.00705	0.00577	0.00185	0.00679	0.00613	0.04315	0.05494

[dist]
# distance from previous block
# <min> <max>
0	1

[block]
# block no. 4 follows, 40 sequences, length 10
# corresponding to MSA columns:
# 844-853
name=unknown_E
#
# <colnr> <probs for GDERKNQSTAVLIFYWHMCP>
#	G	D	E	R	K	N	Q	S	T	A	V	L	I	F	Y	W	H	M	C	P
0	0.01280	0.01131	0.03650	0.08131	0.08200	0.01180	0.00998	0.10338	0.25984	0.02306	0.19518	0.02714	0.08615	0.00886	0.00646	0.00190	0.02191	0.00748	0.00523	0.00772
1	0.00854	0.00591	0.00792	0.00798	0.00869	0.00646	0.00571	0.00998	0.00943	0.01365	0.01755	0.06462	0.01778	0.27197	0.43215	0.00710	0.01068	0.00734	0.08187	0.00467
2	0.01024	0.01057	0.09084	0.06216	0.05977	0.00902	0.03346	0.01532	0.13196	0.01982	0.26683	0.06312	0.11206	0.01128	0.02370	0.04210	0.00496	0.02136	0.00490	0.00653
3	0.00816	0.00577	0.00740	0.00750	0.00834	0.00554	0.00530	0.00989	0.01307	0.01810	0.37262	0.17331	0.04070	0.20835	0.04421	0.00323	0.00426	0.05411	0.00532	0.00485
4	0.01342	0.01274	0.05839	0.29750	0.11523	0.01290	0.14028	0.08094	0.01406	0.05499	0.06168	0.01745	0.01213	0.00723	0.02504	0.00206	0.03190	0.00585	0.02872	0.00748
5	0.10437	0.05082	0.07333	0.01084	0.01364	0.23600	0.00896	0.01650	0.03792	0.04058	0.05047	0.08496	0.08474	0.01196	0.05299	0.09861	0.00711	0.00636	0.00377	0.00608
6	0.04195	0.04023	0.07246	0.01200	0.05237	0.01012	0.04168	0.05195	0.08563	0.12987	0.06735	0.13652	0.03220	0.00942	0.02257	0.00191	0.00533	0.02778	0.00477	0.15390
7	0.05947	0.01591	0.14799	0.02893	0.06757	0.08732	0.04424	0.05430	0.03132	0.17611	0.07346	0.04015	0.03188	0.00738	0.00674	0.00182	0.06644	0.00585	0.00438	0.04874
8	0.03174	0.12856	0.03640	0.03052	0.06710	0.04034	0.11219	0.04287	0.08002	0.08469	0.06574	0.02184	0.05878	0.00720	0.00564	0.00167	0.00598	0.04925	0.00420	0.12527
9	0.04974	0.08693	0.12696	0.03381	0.15212	0.04595	0.03437	0.05437	0.08279	0.08797	0.01619	0.05438	0.04491	0.03049	0.00621	0.00182	0.00623	0.00578	0.00394	0.07501

[dist]
# distance from previous block
# <min> <max>
14	166

[block]
# block no. 5 follows, 40 sequences, length 29
# corresponding to MSA columns:
# 1020-1048
name=unknown_F
#
# <colnr> <probs for GDERKNQSTAVLIFYWHMCP>
#	G	D	E	R	K	N	Q	S	T	A	V	L	I	F	Y	W	H	M	C	P
0	0.01583	0.25406	0.17514	0.01518	0.03701	0.01583	0.17020	0.04840	0.03524	0.12444	0.03052	0.01434	0.01034	0.00571	0.00536	0.00166	0.00715	0.00497	0.00361	0.02501
1	0.07355	0.01392	0.07622	0.03942	0.26856	0.06453	0.01315	0.01781	0.03825	0.08245	0.06063	0.04816	0.01493	0.00776	0.00726	0.00192	0.08992	0.05667	0.00384	0.02106
2	0.10420	0.07082	0.15804	0.01274	0.06159	0.02968	0.01127	0.01897	0.01345	0.22394	0.06448	0.09157	0.01703	0.00842	0.00628	0.00190	0.03774	0.05547	0.00466	0.00775
3	0.10451	0.01562	0.19923	0.01185	0.01666	0.01178	0.01147	0.07911	0.16073	0.19018	0.01805	0.09220	0.01421	0.00767	0.00563	0.00186	0.00567	0.00622	0.00494	0.04242
4	0.09254	0.03097	0.22446	0.04286	0.04849	0.01356	0.07253	0.15242	0.07404	0.14571	0.03659	0.01568	0.01135	0.00637	0.00562	0.00182	0.00668	0.00524	0.00441	0.00865
5	0.09968	0.01043	0.01649	0.69851	0.03696	0.01293	0.01509	0.01510	0.01144	0.01606	0.01010	0.01485	0.00760	0.00577	0.00558	0.00192	0.00740	0.00495	0.00269	0.00644
6	0.01698	0.01570	0.12600	0.08800	0.19200	0.05493	0.15601	0.02073	0.01411	0.21827	0.01455	0.03244	0.01068	0.00610	0.00598	0.00183	0.00738	0.00573	0.00403	0.00856
7	0.01621	0.03994	0.04884	0.11350	0.17511	0.01272	0.15342	0.06106	0.06133	0.17905	0.01777	0.01899	0.06207	0.00658	0.00601	0.00183	0.00675	0.00612	0.00429	0.00841
8	0.09985	0.01063	0.01669	0.64678	0.05760	0.01315	0.01501	0.01515	0.01139	0.01616	0.01001	0.01471	0.00764	0.00592	0.00608	0.00194	0.03713	0.00495	0.00270	0.00652
9	0.01411	0.12361	0.30490	0.06581	0.05124	0.01418	0.19279	0.01877	0.01307	0.09755	0.01364	0.01546	0.03696	0.00583	0.00573	0.00179	0.00785	0.00532	0.00322	0.00815
10	0.02138	0.01307	0.12768	0.06464	0.01852	0.00981	0.04089	0.02477	0.02990	0.52469	0.02011	0.04897	0.01368	0.00721	0.00590	0.00185	0.00582	0.00605	0.00589	0.00916
11	0.01346	0.02618	0.59684	0.01686	0.02469	0.01312	0.10624	0.01951	0.01292	0.09846	0.01194	0.01349	0.00830	0.00563	0.00572	0.00185	0.00835	0.00477	0.00302	0.00864
12	0.00851	0.00701	0.00713	0.00670	0.00895	0.00632	0.00513	0.08693	0.01477	0.01796	0.05408	0.05145	0.67674	0.01390	0.00676	0.00194	0.00332	0.01152	0.00544	0.00544
13	0.02187	0.03974	0.01524	0.10223	0.08078	0.03878	0.01022	0.02436	0.01548	0.51983	0.04293	0.03311	0.01440	0.00709	0.00580	0.00179	0.00560	0.00588	0.00590	0.00899
14	0.10832	0.01233	0.08481	0.10616	0.08110	0.01059	0.01119	0.02345	0.03673	0.42518	0.03090	0.01749	0.01246	0.00662	0.00558	0.00182	0.00570	0.00538	0.00539	0.00881
15	0.00862	0.00626	0.00845	0.00961	0.01080	0.00608	0.00796	0.01084	0.01300	0.01688	0.05479	0.21452	0.10446	0.01626	0.00776	0.00252	0.00464	0.48598	0.00540	0.00519
16	0.01477	0.01068	0.01213	0.01115	0.01416	0.01166	0.00895	0.02579	0.46596	0.12728	0.02646	0.03172	0.05095	0.00973	0.00637	0.00209	0.00474	0.15110	0.00596	0.00835
17	0.10740	0.03353	0.04335	0.06925	0.04679	0.01002	0.00989	0.03930	0.01467	0.39003	0.02025	0.05075	0.01592	0.00839	0.00591	0.00194	0.00542	0.11336	0.00559	0.00824
18	0.01744	0.09758	0.22375	0.01549	0.02141	0.01508	0.15120	0.20277	0.03800	0.14014	0.01369	0.01451	0.00969	0.00605	0.00573	0.00178	0.00734	0.00521	0.00425	0.00889
19	0.00846	0.00599	0.00808	0.00926	0.01008	0.00587	0.00726	0.01022	0.01199	0.01576	0.02971	0.31717	0.03371	0.11205	0.01045	0.00293	0.00469	0.38626	0.00515	0.00491
20	0.01180	0.21376	0.11475	0.01099	0.01435	0.01225	0.01061	0.05993	0.01378	0.01806	0.07807	0.09634	0.02392	0.01109	0.00632	0.00205	0.00571	0.28531	0.00435	0.00657
21	0.04643	0.01402	0.08688	0.01522	0.03827	0.01230	0.17525	0.11715	0.08025	0.26909	0.01793	0.02044	0.01318	0.00709	0.00613	0.00191	0.00660	0.05794	0.00515	0.00878
22	0.01783	0.04827	0.15631	0.01526	0.07528	0.01328	0.07544	0.10685	0.16566	0.21948	0.01692	0.01672	0.01195	0.00649	0.00575	0.00180	0.00633	0.00550	0.00491	0.02998
23	0.01575	0.01453	0.14632	0.01192	0.01746	0.01038	0.06058	0.05887	0.05904	0.17668	0.01411	0.01467	0.01025	0.00553	0.00520	0.00142	0.00570	0.00462	0.00431	0.36265
24	0.01560	0.01070	0.01287	0.01089	0.03774	0.01026	0.00834	0.04332	0.21222	0.17626	0.09866	0.01987	0.01739	0.00698	0.00585	0.00156	0.02675	0.00572	0.00524	0.27375
25	0.10186	0.01174	0.03704	0.01554	0.10598	0.01194	0.12255	0.11828	0.07089	0.04321	0.01507	0.05951	0.01300	0.03922	0.20382	0.00391	0.00884	0.00631	0.00395	0.00734
26	0.03840	0.03500	0.05813	0.09603	0.10002	0.02804	0.03096	0.07227	0.09338	0.02010	0.17763	0.02402	0.03254	0.06114	0.06252	0.03432	0.00632	0.00671	0.00426	0.01821
27	0.01715	0.01378	0.04661	0.05211	0.15867	0.04079	0.07175	0.16526	0.05228	0.14854	0.05103	0.01706	0.01277	0.00798	0.03534	0.00205	0.03564	0.00561	0.00454	0.06104
28	0.01323	0.03136	0.09932	0.06328	0.05135	0.02052	0.03146	0.09473	0.05036	0.08974	0.02692	0.12782	0.01597	0.03587	0.17654	0.00368	0.04938	0.00719	0.00415	0.00712

[dist]
# distance from previous block
# <min> <max>
4	63

[block]
# block no. 6 follows, 40 sequences, length 23
# corresponding to MSA columns:
# 1121-1143
name=unknown_G
#
# <colnr> <probs for GDERKNQSTAVLIFYWHMCP>
#	G	D	E	R	K	N	Q	S	T	A	V	L	I	F	Y	W	H	M	C	P
0	0.08816	0.15988	0.07876	0.04796	0.05313	0.06291	0.08762	0.08319	0.01387	0.04687	0.02454	0.01441	0.00984	0.00597	0.00569	0.00159	0.04098	0.02409	0.00348	0.14707
1	0.08037	0.05981	0.08954	0.08291	0.07381	0.12969	0.01151	0.07253	0.01464	0.14562	0.06368	0.02973	0.01287	0.00739	0.01912	0.00185	0.04029	0.00520	0.00412	0.05531
2	0.13825	0.03092	0.08319	0.07179	0.09662	0.07861	0.12132	0.06503	0.02414	0.09095	0.06126	0.03083	0.03286	0.00655	0.00558	0.00177	0.00669	0.00564	0.00395	0.04406
3	0.01755	0.22404	0.02039	0.06171	0.07017	0.20044	0.04286	0.04555	0.07046	0.10106	0.01208	0.01341	0.00949	0.00645	0.00583	0.03704	0.00716	0.00445	0.00362	0.04622
4	0.01663	0.28304	0.06502	0.09288	0.05132	0.07806	0.04359	0.12331	0.01503	0.08397	0.01178	0.03399	0.00951	0.00599	0.00503	0.00155	0.00676	0.00464	0.00362	0.06430
5	0.04233	0.00986	0.07763	0.00993	0.03467	0.00818	0.00809	0.07198	0.03524	0.10407	0.30870	0.10271	0.09835	0.01113	0.00724	0.04467	0.00424	0.00892	0.00548	0.00658
6	0.01793	0.06383	0.01374	0.01151	0.05183	0.05122	0.00859	0.07938	0.06109	0.30434	0.05224	0.16593	0.01961	0.03465	0.03494	0.00225	0.00555	0.00783	0.00560	0.00795
7	0.06091	0.01258	0.07956	0.08307	0.05066	0.06157	0.05911	0.05535	0.04842	0.08693	0.08246	0.16534	0.02054	0.00943	0.00616	0.00193	0.00586	0.05601	0.00453	0.04959
8	0.01218	0.01207	0.05043	0.41945	0.15552	0.01251	0.06345	0.04736	0.01258	0.01703	0.01125	0.01638	0.00914	0.05959	0.00736	0.00205	0.00729	0.00533	0.00293	0.07608
9	0.00873	0.00818	0.06131	0.05444	0.01276	0.00795	0.00850	0.01064	0.01011	0.01421	0.01913	0.25706	0.02028	0.02741	0.34937	0.04253	0.06932	0.00906	0.00367	0.00532
10	0.21105	0.10493	0.03784	0.11549	0.08003	0.19003	0.04371	0.07762	0.01392	0.01985	0.00965	0.01174	0.00769	0.00558	0.00488	0.00164	0.00720	0.00410	0.00326	0.04980
11	0.00725	0.00547	0.00659	0.00721	0.00817	0.00493	0.00500	0.00857	0.01233	0.01601	0.13409	0.42271	0.26215	0.06121	0.00846	0.00236	0.00329	0.01396	0.00542	0.00481
12	0.01257	0.01032	0.01211	0.00868	0.01382	0.00778	0.00695	0.01514	0.01223	0.04613	0.01080	0.01234	0.00882	0.00441	0.00436	0.00090	0.00433	0.00353	0.00358	0.80120
13	0.01013	0.00731	0.01006	0.06338	0.08018	0.00704	0.00782	0.01271	0.02698	0.07517	0.25453	0.15622	0.17052	0.01235	0.00680	0.00202	0.00406	0.08124	0.00542	0.00606
14	0.01948	0.01452	0.01642	0.01458	0.07879	0.01598	0.01090	0.42137	0.23879	0.08125	0.01719	0.01668	0.01247	0.00711	0.00584	0.00181	0.00581	0.00567	0.00570	0.00963
15	0.01538	0.08502	0.07050	0.10960	0.02039	0.12563	0.05044	0.08401	0.01305	0.04338	0.00974	0.01294	0.00810	0.00759	0.01085	0.00203	0.31626	0.00481	0.00309	0.00721
16	0.01359	0.02083	0.34491	0.05548	0.02299	0.04870	0.15061	0.09374	0.04682	0.02067	0.01268	0.01481	0.00937	0.00586	0.00563	0.00179	0.00769	0.00514	0.11070	0.00801
17	0.01109	0.00733	0.00889	0.00813	0.01019	0.00699	0.00620	0.04520	0.08003	0.10776	0.38388	0.10577	0.17193	0.01186	0.00667	0.00191	0.00341	0.01025	0.00615	0.00634
18	0.02999	0.07990	0.02676	0.11151	0.02635	0.04778	0.02937	0.08358	0.08252	0.10590	0.22218	0.02695	0.06138	0.00864	0.00602	0.00182	0.00531	0.03178	0.00504	0.00724
19	0.00734	0.00535	0.00684	0.00793	0.00855	0.00497	0.00550	0.00850	0.01146	0.01498	0.03479	0.58479	0.13459	0.06246	0.00868	0.00252	0.00362	0.07711	0.00529	0.00473
20	0.08154	0.01537	0.09420	0.01365	0.04529	0.04781	0.05754	0.23548	0.06996	0.18521	0.04689	0.01638	0.01254	0.00666	0.00564	0.00175	0.00621	0.00538	0.00509	0.04741
21	0.22003	0.01247	0.01325	0.01049	0.01462	0.01311	0.00860	0.30746	0.01889	0.16795	0.07893	0.01638	0.01369	0.00685	0.00525	0.00170	0.00517	0.00516	0.00539	0.07460
22	0.09375	0.01250	0.05446	0.01369	0.01518	0.01467	0.04521	0.04123	0.01075	0.05015	0.01248	0.12610	0.01241	0.01014	0.01352	0.00232	0.45480	0.00664	0.00341	0.00659

[dist]
# distance from previous block
# <min> <max>
1	17

[block]
# block no. 7 follows, 40 sequences, length 35
# corresponding to MSA columns:
# 1161-1195
name=unknown_H
#
# <colnr> <probs for GDERKNQSTAVLIFYWHMCP>
#	G	D	E	R	K	N	Q	S	T	A	V	L	I	F	Y	W	H	M	C	P
0	0.08624	0.01425	0.02004	0.05793	0.45342	0.04501	0.01471	0.15340	0.01586	0.06655	0.01187	0.01410	0.00927	0.00571	0.00557	0.00174	0.00667	0.00500	0.00374	0.00892
1	0.11745	0.01246	0.04360	0.01101	0.01472	0.01250	0.00918	0.21547	0.11663	0.13284	0.05847	0.08404	0.01614	0.00816	0.00625	0.00183	0.04009	0.01602	0.00527	0.07787
2	0.00835	0.00631	0.00784	0.00761	0.00918	0.00583	0.00573	0.01124	0.04474	0.02067	0.46272	0.13551	0.15582	0.01285	0.00685	0.00193	0.00313	0.04909	0.00593	0.03868
3	0.01995	0.01440	0.01549	0.01248	0.01661	0.02764	0.01010	0.41810	0.24610	0.11413	0.03188	0.01748	0.01361	0.00736	0.00586	0.00182	0.00568	0.00579	0.00597	0.00955
4	0.08656	0.01016	0.01090	0.00910	0.01222	0.01072	0.00730	0.21050	0.08049	0.15069	0.01779	0.01828	0.01301	0.00688	0.00495	0.00162	0.00438	0.00535	0.33133	0.00776
5	0.00883	0.00630	0.00735	0.00739	0.00899	0.00571	0.00540	0.04251	0.01378	0.05740	0.13649	0.29578	0.35311	0.01477	0.00695	0.00206	0.00332	0.01280	0.00564	0.00541
6	0.02029	0.06626	0.05810	0.01025	0.01436	0.01006	0.00891	0.04914	0.07085	0.44787	0.12203	0.02191	0.01920	0.00761	0.00574	0.00176	0.00487	0.00622	0.04582	0.00877
7	0.00893	0.00646	0.00808	0.00820	0.00939	0.00625	0.00609	0.05786	0.01425	0.01931	0.28704	0.24478	0.08813	0.09808	0.00954	0.00250	0.00384	0.11039	0.00557	0.00530
8	0.01513	0.71665	0.10930	0.01066	0.01602	0.02199	0.01119	0.01752	0.01187	0.01419	0.00834	0.00964	0.00745	0.00503	0.00392	0.00131	0.00647	0.00324	0.00248	0.00758
9	0.03793	0.01096	0.01499	0.03203	0.05217	0.00956	0.07009	0.01802	0.02684	0.16171	0.01330	0.02551	0.01025	0.00553	0.00558	0.00134	0.03653	0.00463	0.00412	0.45892
10	0.05967	0.01259	0.01453	0.01193	0.04643	0.01245	0.00925	0.25612	0.09049	0.18191	0.01539	0.01522	0.01105	0.00623	0.00531	0.00154	0.00527	0.00490	0.00523	0.23448
11	0.77586	0.01248	0.00914	0.00819	0.01175	0.06973	0.00667	0.01755	0.01039	0.02521	0.00816	0.00952	0.00639	0.00544	0.00372	0.00178	0.00495	0.00319	0.00355	0.00633
12	0.23985	0.01171	0.01275	0.01033	0.01439	0.01223	0.00844	0.15625	0.11477	0.32017	0.03115	0.01666	0.01261	0.00686	0.00527	0.00181	0.00501	0.00520	0.00580	0.00876
13	0.01098	0.01034	0.01744	0.78165	0.04005	0.01292	0.01615	0.01486	0.01163	0.01486	0.01034	0.01550	0.00775	0.00581	0.00581	0.00194	0.00775	0.00517	0.00258	0.00646
14	0.00793	0.00567	0.00711	0.00733	0.00816	0.00533	0.00510	0.00950	0.01288	0.01755	0.31779	0.23761	0.09412	0.19363	0.01227	0.00289	0.00369	0.04127	0.00536	0.00479
15	0.01762	0.00848	0.01115	0.00955	0.01257	0.00787	0.00765	0.02111	0.07760	0.38948	0.18646	0.07524	0.04433	0.01125	0.03721	0.00223	0.00475	0.06107	0.00646	0.00791
16	0.01429	0.01005	0.01111	0.00989	0.01285	0.01074	0.00771	0.02423	0.41433	0.13293	0.09654	0.02820	0.12304	0.00903	0.00599	0.00189	0.00411	0.00754	0.06745	0.00808
17	0.72437	0.01160	0.00957	0.00828	0.01201	0.01323	0.00682	0.07885	0.01173	0.06648	0.00939	0.01038	0.00704	0.00563	0.00391	0.00179	0.00468	0.00347	0.00398	0.00679
18	0.17978	0.01492	0.01576	0.01247	0.01641	0.01704	0.01031	0.52130	0.02197	0.03216	0.01214	0.01295	0.00895	0.00702	0.00681	0.00184	0.08953	0.00481	0.00503	0.00881
19	0.01280	0.01004	0.01222	0.12566	0.04772	0.06602	0.00999	0.04536	0.08507	0.08098	0.04233	0.13256	0.02333	0.04412	0.00771	0.00232	0.00578	0.23456	0.00485	0.00657
20	0.01555	0.79913	0.03047	0.00995	0.01493	0.02301	0.00995	0.01741	0.01182	0.01368	0.00808	0.00933	0.00746	0.00498	0.00373	0.00124	0.00622	0.00311	0.00249	0.00746
21	0.17061	0.01087	0.01209	0.01124	0.03442	0.06754	0.03848	0.08683	0.07200	0.01989	0.01402	0.01779	0.01186	0.02248	0.33910	0.00505	0.01017	0.00534	0.04368	0.00654
22	0.07686	0.08024	0.01789	0.03625	0.11083	0.04792	0.01182	0.15399	0.10294	0.02119	0.01232	0.01585	0.01041	0.00782	0.00947	0.00200	0.23662	0.03400	0.00382	0.00780
23	0.00848	0.00583	0.00754	0.00801	0.00903	0.00545	0.00579	0.01040	0.02440	0.04613	0.23827	0.39406	0.09128	0.04785	0.00812	0.00232	0.00350	0.07264	0.00568	0.00522
24	0.01324	0.01187	0.02000	0.41085	0.36031	0.01311	0.01654	0.01685	0.01259	0.05301	0.01122	0.01522	0.00873	0.00560	0.00579	0.00184	0.00724	0.00521	0.00294	0.00786
25	0.00809	0.00535	0.00667	0.00744	0.00803	0.00512	0.00508	0.00945	0.01146	0.01626	0.08910	0.46091	0.03323	0.13069	0.01013	0.00265	0.00363	0.04237	0.13961	0.00475
26	0.00905	0.00571	0.00840	0.00840	0.00894	0.00624	0.00609	0.00910	0.00856	0.01195	0.01355	0.02188	0.01322	0.09014	0.41198	0.34343	0.01055	0.00592	0.00291	0.00398
27	0.01601	0.74154	0.02943	0.01033	0.01515	0.07895	0.01005	0.01785	0.01216	0.01372	0.00815	0.00941	0.00746	0.00505	0.00384	0.00126	0.00654	0.00316	0.00253	0.00741
28	0.00846	0.00564	0.00634	0.00634	0.00634	0.00564	0.00352	0.00846	0.00846	0.01128	0.01832	0.03805	0.02114	0.79563	0.02960	0.00564	0.00564	0.00846	0.00352	0.00352
29	0.21088	0.01429	0.01358	0.01124	0.01488	0.15551	0.00908	0.07669	0.01520	0.33394	0.01491	0.01461	0.01031	0.00679	0.00633	0.00180	0.07198	0.00472	0.00508	0.00817
30	0.76814	0.01113	0.00897	0.00788	0.01155	0.01266	0.00649	0.01805	0.01047	0.08846	0.00935	0.01032	0.00698	0.00555	0.00379	0.00180	0.00454	0.00338	0.00390	0.00660
31	0.00927	0.00665	0.00937	0.01058	0.01188	0.00675	0.00916	0.01188	0.01299	0.01702	0.02929	0.06139	0.03160	0.01878	0.08331	0.00333	0.00636	0.64992	0.00513	0.00534
32	0.01969	0.34717	0.02284	0.01292	0.05208	0.12753	0.05314	0.02188	0.01424	0.25605	0.01336	0.01349	0.00987	0.00585	0.00492	0.00153	0.00668	0.00441	0.00413	0.00825
33	0.03731	0.01102	0.01660	0.29659	0.08013	0.01168	0.07170	0.09996	0.01420	0.08213	0.01614	0.08973	0.04532	0.00733	0.00587	0.00181	0.00637	0.00652	0.00391	0.09568
34	0.08445	0.01240	0.01714	0.05338	0.06136	0.01422	0.08938	0.17891	0.01486	0.05748	0.01536	0.08988	0.04525	0.00927	0.02046	0.00218	0.21591	0.00662	0.00407	0.00742

[dist]
# distance from previous block
# <min> <max>
0	8

[block]
# block no. 8 follows, 40 sequences, length 12
# corresponding to MSA columns:
# 1204-1215
name=unknown_I
#
# <colnr> <probs for GDERKNQSTAVLIFYWHMCP>
#	G	D	E	R	K	N	Q	S	T	A	V	L	I	F	Y	W	H	M	C	P
0	0.01117	0.00910	0.01047	0.00957	0.01128	0.05836	0.00739	0.01397	0.05208	0.05097	0.20789	0.12936	0.05150	0.01458	0.09983	0.00277	0.11231	0.00830	0.05889	0.08021
1	0.05602	0.01280	0.11652	0.32652	0.12900	0.01142	0.01399	0.01593	0.01258	0.06240	0.07944	0.06199	0.01429	0.00692	0.00575	0.00183	0.00650	0.00602	0.00350	0.05660
2	0.01587	0.01122	0.01341	0.00999	0.01463	0.00994	0.00812	0.11463	0.01470	0.14898	0.01281	0.01369	0.00971	0.00555	0.00575	0.00125	0.05607	0.00421	0.00435	0.52512
3	0.00880	0.00627	0.00784	0.11075	0.01088	0.00662	0.00522	0.00932	0.00888	0.01176	0.01725	0.03502	0.01934	0.68927	0.02640	0.00514	0.00592	0.00801	0.00340	0.00392
4	0.01360	0.01176	0.01896	0.45515	0.11241	0.01332	0.08162	0.11342	0.01416	0.04927	0.01195	0.01651	0.00925	0.04579	0.00711	0.00207	0.00744	0.00553	0.00332	0.00735
5	0.01423	0.25597	0.16393	0.01162	0.01624	0.05399	0.01143	0.08655	0.11307	0.03196	0.01982	0.02003	0.13205	0.00756	0.00581	0.00170	0.03684	0.00567	0.00385	0.00769
6	0.05160	0.00738	0.00878	0.00873	0.04017	0.01882	0.00613	0.02938	0.03182	0.05160	0.42960	0.05440	0.13222	0.09359	0.00894	0.00225	0.00369	0.00954	0.00562	0.00578
7	0.01284	0.11264	0.29804	0.01322	0.01867	0.01348	0.06094	0.11422	0.07394	0.02014	0.02120	0.06209	0.13806	0.00805	0.00580	0.00182	0.00653	0.00664	0.00388	0.00780
8	0.01147	0.00836	0.01013	0.00852	0.01121	0.00777	0.00664	0.10025	0.03443	0.05130	0.47385	0.03225	0.03786	0.00952	0.00616	0.00163	0.00362	0.00821	0.00576	0.17107
9	0.12457	0.40273	0.20504	0.01183	0.01720	0.01773	0.04406	0.01717	0.01200	0.01736	0.05788	0.01265	0.01045	0.00572	0.00481	0.00156	0.02277	0.00410	0.00291	0.00745
10	0.01424	0.29452	0.37184	0.01357	0.02001	0.10742	0.01531	0.01840	0.01261	0.01631	0.00944	0.01103	0.00750	0.00531	0.00479	0.00153	0.00772	0.00376	0.00260	0.06211
11	0.68438	0.15740	0.01261	0.00807	0.01193	0.01489	0.00698	0.01715	0.01025	0.02379	0.00809	0.00942	0.00651	0.00532	0.00362	0.00170	0.00482	0.00314	0.00339	0.00651

[dist]
# distance from previous block
# <min> <max>
0	7

[block]
# block no. 9 follows, 40 sequences, length 8
# corresponding to MSA columns:
# 1223-1230
name=unknown_J
#
# <colnr> <probs for GDERKNQSTAVLIFYWHMCP>
#	G	D	E	R	K	N	Q	S	T	A	V	L	I	F	Y	W	H	M	C	P
0	0.01384	0.01380	0.01862	0.01551	0.01678	0.06953	0.08482	0.07399	0.01146	0.01628	0.00934	0.01383	0.00852	0.01197	0.08053	0.00293	0.52330	0.00528	0.00293	0.00672
1	0.01235	0.00929	0.01094	0.00853	0.01234	0.00780	0.00671	0.07319	0.01399	0.05931	0.12373	0.02243	0.09902	0.00810	0.00653	0.06266	0.00419	0.00583	0.00441	0.44865
2	0.00745	0.00566	0.00686	0.00710	0.00835	0.00507	0.00512	0.00926	0.01382	0.01832	0.31441	0.27414	0.27390	0.01471	0.00703	0.00203	0.00300	0.01290	0.00578	0.00507
3	0.00991	0.00769	0.01005	0.11276	0.01415	0.00797	0.00774	0.06222	0.06851	0.02180	0.42177	0.09419	0.07484	0.01130	0.00669	0.00194	0.00401	0.05073	0.00563	0.00609
4	0.02079	0.06996	0.01638	0.01161	0.01582	0.01243	0.06863	0.23320	0.01850	0.31972	0.01768	0.01726	0.01218	0.00672	0.00549	0.00169	0.00552	0.00548	0.13207	0.00886
5	0.00827	0.00576	0.00748	0.00809	0.00915	0.00533	0.00597	0.01002	0.01315	0.04148	0.20557	0.39696	0.12844	0.01564	0.00726	0.00221	0.00351	0.11484	0.00569	0.00518
6	0.07661	0.07899	0.01645	0.01185	0.01608	0.07025	0.00982	0.43696	0.02164	0.12284	0.01423	0.01433	0.01021	0.00665	0.00533	0.00167	0.00609	0.00490	0.06620	0.00889
7	0.07805	0.00810	0.01028	0.00936	0.01146	0.00870	0.00729	0.01423	0.07085	0.05887	0.01525	0.02066	0.01351	0.07861	0.42257	0.00605	0.03537	0.00571	0.00367	0.12141

[dist]
# distance from previous block
# <min> <max>
0	3

[block]
# block no. 10 follows, 40 sequences, length 25
# corresponding to MSA columns:
# 1234,1235,1237-1259
name=unknown_K
#
# <colnr> <probs for GDERKNQSTAVLIFYWHMCP>
#	G	D	E	R	K	N	Q	S	T	A	V	L	I	F	Y	W	H	M	C	P
0	0.02110	0.01671	0.01667	0.01320	0.01741	0.09237	0.01071	0.62141	0.02522	0.03301	0.01463	0.06367	0.01149	0.00761	0.00586	0.00176	0.00661	0.00581	0.00551	0.00924
1	0.11554	0.01174	0.01222	0.00921	0.01398	0.05785	0.00738	0.04219	0.01299	0.08117	0.01114	0.01234	0.00878	0.00488	0.00446	0.00113	0.00485	0.00369	0.00383	0.58065
2	0.01827	0.07681	0.01729	0.01397	0.06442	0.01684	0.01072	0.37440	0.29159	0.02914	0.01688	0.01648	0.01256	0.00704	0.00568	0.00179	0.00575	0.00556	0.00540	0.00940
3	0.83671	0.01125	0.00855	0.00765	0.01125	0.01305	0.00630	0.01709	0.00990	0.02609	0.00810	0.00945	0.00630	0.00540	0.00360	0.00180	0.00450	0.00315	0.00360	0.00630
4	0.04909	0.48174	0.02436	0.01107	0.01549	0.10462	0.01005	0.10255	0.01443	0.09222	0.01034	0.01118	0.00841	0.00577	0.00495	0.00146	0.03720	0.00378	0.00345	0.00782
5	0.01511	0.01244	0.01791	0.38986	0.11775	0.04096	0.03960	0.10367	0.08794	0.09723	0.01348	0.01608	0.00990	0.00620	0.00584	0.00186	0.00706	0.00540	0.00384	0.00789
6	0.00786	0.00552	0.00666	0.00710	0.00773	0.00520	0.00472	0.00854	0.01082	0.01410	0.07323	0.27521	0.17506	0.26785	0.01557	0.06401	0.00418	0.03772	0.00464	0.00428
7	0.00712	0.00523	0.00669	0.00773	0.00837	0.00480	0.00526	0.00831	0.01176	0.01548	0.07954	0.64079	0.14293	0.01733	0.00731	0.00227	0.00327	0.01556	0.00546	0.00480
8	0.01366	0.00727	0.00923	0.00801	0.01038	0.00665	0.00626	0.03811	0.01615	0.22368	0.40269	0.03485	0.09404	0.01016	0.00626	0.00178	0.00347	0.00870	0.09188	0.00677
9	0.22061	0.00803	0.00844	0.00763	0.01003	0.00829	0.00597	0.01612	0.06167	0.10222	0.28738	0.02693	0.04013	0.00855	0.00533	0.00174	0.00354	0.00695	0.16408	0.00638
10	0.01407	0.06309	0.01376	0.01136	0.01449	0.01409	0.00891	0.06215	0.58139	0.02316	0.02313	0.10831	0.01906	0.00883	0.00594	0.00196	0.00466	0.00742	0.00563	0.00861
11	0.50842	0.01162	0.01089	0.00920	0.01304	0.01282	0.00752	0.09193	0.09418	0.17039	0.01327	0.01325	0.00949	0.00618	0.00451	0.00181	0.00478	0.00426	0.00477	0.00767
12	0.06549	0.09381	0.01798	0.01262	0.01716	0.01802	0.01056	0.58220	0.07186	0.03298	0.01369	0.01376	0.00996	0.00675	0.00549	0.00171	0.00616	0.00500	0.00537	0.00941
13	0.02242	0.01348	0.01665	0.01271	0.01724	0.01384	0.05726	0.40422	0.02204	0.29649	0.03749	0.01712	0.01276	0.00705	0.00589	0.00177	0.00593	0.00571	0.02035	0.00956
14	0.01322	0.01459	0.03097	0.02352	0.07573	0.01373	0.61824	0.01781	0.01397	0.01912	0.08594	0.01837	0.01344	0.00562	0.00679	0.00193	0.00891	0.00712	0.00328	0.00770
15	0.01340	0.01008	0.01191	0.00865	0.01358	0.00773	0.00693	0.01596	0.01252	0.09329	0.01197	0.01325	0.00947	0.00470	0.00445	0.00098	0.00430	0.00377	0.04013	0.71293
16	0.01275	0.01186	0.01957	0.21383	0.39365	0.01257	0.04357	0.02895	0.05710	0.01811	0.01447	0.09454	0.01317	0.00722	0.00607	0.00190	0.00667	0.03270	0.00338	0.00790
17	0.00790	0.00593	0.00732	0.00697	0.00849	0.00535	0.00523	0.01033	0.01568	0.02147	0.58662	0.04649	0.22569	0.01258	0.00686	0.00186	0.00279	0.01094	0.00616	0.00535
18	0.00775	0.00548	0.00711	0.00776	0.00827	0.00540	0.00526	0.00866	0.01042	0.01394	0.04329	0.39240	0.08076	0.19409	0.13398	0.03674	0.00586	0.02381	0.00453	0.00449
19	0.01725	0.31259	0.02162	0.01216	0.01644	0.09404	0.03235	0.17995	0.21650	0.02182	0.01382	0.01402	0.01084	0.00631	0.00503	0.00160	0.00635	0.00470	0.00422	0.00841
20	0.01098	0.01034	0.01744	0.78165	0.04005	0.01292	0.01615	0.01486	0.01163	0.01486	0.01034	0.01550	0.00775	0.00581	0.00581	0.00194	0.00775	0.00517	0.00258	0.00646
21	0.01425	0.34176	0.39199	0.01373	0.02029	0.09374	0.01578	0.01849	0.01251	0.01607	0.00934	0.01090	0.00742	0.00535	0.00477	0.00156	0.00782	0.00376	0.00252	0.00795
22	0.66958	0.01034	0.00848	0.00762	0.01092	0.01167	0.00618	0.01711	0.01061	0.07265	0.01108	0.04210	0.00894	0.00616	0.00394	0.00178	0.00430	0.00408	0.08608	0.00638
23	0.09630	0.01096	0.03322	0.03846	0.03948	0.06717	0.06249	0.06910	0.01589	0.07039	0.37592	0.04676	0.03203	0.00913	0.00617	0.00182	0.00495	0.00789	0.00522	0.00668
24	0.01238	0.02386	0.52244	0.01622	0.05776	0.01280	0.04620	0.01854	0.05924	0.04638	0.01239	0.01553	0.00961	0.07074	0.00799	0.00216	0.03153	0.00499	0.00301	0.02623

[dist]
# distance from previous block
# <min> <max>
0	1

[block]
# block no. 11 follows, 40 sequences, length 11
# corresponding to MSA columns:
# 1261-1271
name=unknown_L
#
# <colnr> <probs for GDERKNQSTAVLIFYWHMCP>
#	G	D	E	R	K	N	Q	S	T	A	V	L	I	F	Y	W	H	M	C	P
0	0.00898	0.01535	0.31529	0.01131	0.01520	0.00835	0.01186	0.01245	0.01205	0.01678	0.06021	0.37214	0.09203	0.01244	0.00657	0.00209	0.00543	0.01088	0.00425	0.00635
1	0.01144	0.00780	0.00910	0.00903	0.01052	0.03989	0.00667	0.01418	0.07361	0.11737	0.10825	0.32815	0.06553	0.08473	0.00923	0.00247	0.02197	0.06866	0.00545	0.00595
2	0.01260	0.01348	0.05050	0.08259	0.08895	0.01354	0.33793	0.01680	0.03656	0.01799	0.06017	0.01759	0.01236	0.00840	0.04637	0.00236	0.12929	0.00634	0.03886	0.00730
3	0.00895	0.00620	0.00690	0.00679	0.00706	0.00636	0.00399	0.01029	0.06902	0.01234	0.01876	0.03672	0.02086	0.73120	0.02766	0.00534	0.00555	0.00830	0.00372	0.00399
4	0.01542	0.00995	0.01083	0.00949	0.01215	0.07954	0.00736	0.01953	0.11080	0.23855	0.31196	0.06826	0.06188	0.00987	0.00632	0.00184	0.00440	0.00837	0.00616	0.00731
5	0.01449	0.01284	0.02149	0.16103	0.56150	0.01311	0.01657	0.01790	0.01314	0.06667	0.01159	0.01485	0.00928	0.00539	0.00572	0.00174	0.00683	0.00516	0.00313	0.03756
6	0.83671	0.01125	0.00855	0.00765	0.01125	0.01305	0.00630	0.01709	0.00990	0.02609	0.00810	0.00945	0.00630	0.00540	0.00360	0.00180	0.00450	0.00315	0.00360	0.00630
7	0.01555	0.79913	0.03047	0.00995	0.01493	0.02301	0.00995	0.01741	0.01182	0.01368	0.00808	0.00933	0.00746	0.00498	0.00373	0.00124	0.00622	0.00311	0.00249	0.00746
8	0.01102	0.00932	0.01046	0.00990	0.01247	0.05718	0.00812	0.01481	0.08051	0.01902	0.13304	0.04148	0.05419	0.01116	0.00654	0.00195	0.00489	0.30436	0.00495	0.20463
9	0.00831	0.00623	0.00935	0.00935	0.01038	0.00727	0.00727	0.01038	0.00935	0.01350	0.01558	0.02285	0.01454	0.04361	0.77259	0.00935	0.01558	0.00623	0.00312	0.00519
10	0.00787	0.00578	0.00737	0.00729	0.00855	0.00528	0.00535	0.01015	0.01512	0.02090	0.54387	0.18133	0.13280	0.01337	0.00696	0.00194	0.00288	0.01182	0.00610	0.00528

[dist]
# distance from previous block
# <min> <max>
0	1

[block]
# block no. 12 follows, 40 sequences, length 26
# corresponding to MSA columns:
# 1273-1298
name=unknown_M
#
# <colnr> <probs for GDERKNQSTAVLIFYWHMCP>
#	G	D	E	R	K	N	Q	S	T	A	V	L	I	F	Y	W	H	M	C	P
0	0.01140	0.00991	0.01304	0.13909	0.05786	0.03331	0.03505	0.01797	0.20984	0.02024	0.20632	0.06677	0.02771	0.00996	0.00653	0.00203	0.00519	0.11585	0.00502	0.00691
1	0.01568	0.71811	0.06712	0.01056	0.01561	0.06321	0.01061	0.01778	0.01209	0.01395	0.00825	0.00954	0.00746	0.00506	0.00390	0.00129	0.00657	0.00320	0.00251	0.00748
2	0.01111	0.00787	0.01068	0.01055	0.01264	0.00766	0.02711	0.06424	0.01491	0.05223	0.14179	0.05153	0.03202	0.01329	0.00731	0.00230	0.00504	0.45949	0.00544	0.06279
3	0.02068	0.01114	0.01406	0.08488	0.01731	0.01126	0.00955	0.17778	0.09190	0.38121	0.09969	0.02090	0.01753	0.00760	0.00596	0.00182	0.00525	0.00623	0.00624	0.00902
4	0.01613	0.01752	0.02028	0.07701	0.18771	0.23023	0.08329	0.05741	0.01370	0.01693	0.00970	0.01302	0.00820	0.00686	0.00927	0.00192	0.21549	0.00491	0.00297	0.00745
5	0.01446	0.01249	0.01315	0.01183	0.01512	0.01446	0.00920	0.03090	0.74885	0.02433	0.02367	0.02170	0.01775	0.00789	0.00592	0.00197	0.00460	0.00657	0.00592	0.00920
6	0.01550	0.04335	0.01975	0.02506	0.41876	0.18023	0.01411	0.01976	0.09750	0.01804	0.01509	0.01702	0.06118	0.00642	0.00595	0.00172	0.02347	0.00544	0.00340	0.00825
7	0.83671	0.01125	0.00855	0.00765	0.01125	0.01305	0.00630	0.01709	0.00990	0.02609	0.00810	0.00945	0.00630	0.00540	0.00360	0.00180	0.00450	0.00315	0.00360	0.00630
8	0.01272	0.01272	0.01781	0.01527	0.01527	0.01781	0.01272	0.01399	0.00891	0.01399	0.00763	0.01272	0.00763	0.01018	0.01908	0.00254	0.78499	0.00509	0.00254	0.00636
9	0.01305	0.01109	0.01196	0.01071	0.01376	0.01230	0.00830	0.02596	0.56286	0.02351	0.13749	0.02587	0.05263	0.00857	0.00601	0.00188	0.00423	0.00723	0.00583	0.05676
10	0.01894	0.01176	0.01529	0.01262	0.01524	0.01355	0.01037	0.06518	0.13393	0.31847	0.01678	0.01710	0.01214	0.00842	0.01083	0.00210	0.29802	0.00565	0.00516	0.00846
11	0.05463	0.01116	0.01324	0.05261	0.01601	0.01138	0.00917	0.13798	0.17337	0.23262	0.02078	0.02347	0.03738	0.00796	0.00584	0.00182	0.00515	0.07867	0.00563	0.10112
12	0.01201	0.00692	0.00854	0.00768	0.00976	0.00647	0.00591	0.01532	0.05715	0.15257	0.40538	0.03582	0.10498	0.01030	0.00619	0.00177	0.00325	0.00884	0.13472	0.00641
13	0.01443	0.01227	0.01302	0.01163	0.01486	0.01408	0.00906	0.06182	0.67174	0.02482	0.06766	0.02266	0.01965	0.00809	0.00597	0.00195	0.00457	0.00675	0.00594	0.00901
14	0.52156	0.05800	0.01158	0.02751	0.01313	0.01392	0.00752	0.16543	0.01386	0.02684	0.01040	0.01169	0.00797	0.00584	0.00416	0.00172	0.00490	0.00384	0.08312	0.00702
15	0.52735	0.00942	0.00835	0.00752	0.01044	0.01036	0.00603	0.01590	0.01201	0.06258	0.18889	0.01914	0.01907	0.00716	0.00453	0.00177	0.00395	0.00524	0.07409	0.00621
16	0.07420	0.05485	0.02042	0.01496	0.01934	0.01232	0.24162	0.10239	0.01561	0.23441	0.01780	0.05287	0.01435	0.00767	0.00622	0.00194	0.00669	0.08933	0.00489	0.00812
17	0.00999	0.00509	0.00749	0.00749	0.00749	0.00509	0.00494	0.00764	0.00764	0.01018	0.01068	0.01911	0.01088	0.07486	0.02321	0.77264	0.00509	0.00529	0.00260	0.00260
18	0.01434	0.03989	0.01885	0.01526	0.01635	0.04834	0.04388	0.10136	0.01172	0.01690	0.00864	0.01280	0.00794	0.00923	0.01590	0.00234	0.60133	0.00506	0.00297	0.00690
19	0.01206	0.01034	0.01206	0.00861	0.01378	0.00775	0.00689	0.01464	0.01206	0.01895	0.01034	0.01206	0.00861	0.00431	0.00431	0.00086	0.00431	0.00345	0.00345	0.83118
20	0.01204	0.01017	0.01383	0.01493	0.13881	0.02398	0.04651	0.06863	0.11397	0.03994	0.08128	0.23548	0.09594	0.01115	0.00747	0.00204	0.06231	0.00968	0.00482	0.00701
21	0.01278	0.09133	0.14385	0.03003	0.05741	0.01208	0.09315	0.10136	0.01464	0.04813	0.11589	0.14962	0.05020	0.02076	0.00689	0.00195	0.03045	0.00799	0.00427	0.00724
22	0.01311	0.01307	0.06541	0.37285	0.35984	0.01319	0.01695	0.01691	0.01258	0.04493	0.01108	0.01497	0.00863	0.00557	0.00577	0.00183	0.00732	0.00515	0.00288	0.00795
