[name]
unknown

[dist]
# distance from previous block
# <min> <max>
0	1532

[block]
# block no. 0 follows, 46 sequences, length 21
# corresponding to MSA columns:
# 1533-1553
name=unknown_A
#
# <colnr> <probs for GDERKNQSTAVLIFYWHMCP>
#	G	D	E	R	K	N	Q	S	T	A	V	L	I	F	Y	W	H	M	C	P
0	0.00853	0.00556	0.00726	0.00691	0.00826	0.00508	0.00515	0.01071	0.01414	0.07863	0.57856	0.15239	0.07569	0.01144	0.00624	0.00174	0.00274	0.01011	0.00570	0.00517
1	0.01160	0.01284	0.07997	0.06216	0.32145	0.06645	0.06707	0.01470	0.02942	0.01603	0.05152	0.10811	0.05723	0.00737	0.00650	0.00174	0.06930	0.00648	0.00317	0.00688
2	0.00756	0.00530	0.00670	0.00680	0.00795	0.00487	0.00504	0.00950	0.01308	0.03412	0.40756	0.22457	0.14555	0.01247	0.00629	0.00182	0.00283	0.05228	0.04088	0.00482
3	0.01157	0.01157	0.01619	0.01388	0.01388	0.01619	0.01157	0.01272	0.00810	0.01272	0.00694	0.01157	0.00694	0.00925	0.01735	0.00231	0.80453	0.00463	0.00231	0.00578
4	0.01203	0.00936	0.01107	0.00796	0.01261	0.00711	0.00639	0.01435	0.01131	0.08155	0.01036	0.01155	0.00827	0.00414	0.00403	0.00085	0.00396	0.00332	0.00342	0.77635
5	0.00863	0.00651	0.00794	0.00761	0.00908	0.00650	0.00570	0.04841	0.11453	0.02012	0.45989	0.17868	0.06756	0.01135	0.00619	0.00179	0.00304	0.02548	0.00551	0.00548
6	0.00979	0.00591	0.00781	0.00704	0.00869	0.00538	0.00538	0.01222	0.01499	0.12969	0.67082	0.03644	0.04465	0.01020	0.00610	0.00166	0.00278	0.00896	0.00592	0.00556
7	0.00725	0.00525	0.00658	0.00684	0.00795	0.00471	0.00488	0.00879	0.01203	0.03251	0.25099	0.39680	0.17628	0.01359	0.00637	0.00187	0.00289	0.01205	0.00514	0.03722
8	0.00733	0.00498	0.00587	0.00622	0.00630	0.00489	0.00369	0.00760	0.00838	0.01117	0.02019	0.25455	0.02368	0.58817	0.02119	0.00428	0.00454	0.00977	0.00369	0.00351
9	0.06583	0.01373	0.02060	0.01539	0.01972	0.01441	0.28187	0.34510	0.04703	0.06780	0.01220	0.01354	0.00886	0.00575	0.00607	0.00170	0.04303	0.00526	0.00416	0.00796
10	0.00876	0.00576	0.00668	0.00634	0.00816	0.00498	0.00479	0.01039	0.01287	0.11419	0.20022	0.11805	0.45477	0.01228	0.00617	0.00178	0.00291	0.01045	0.00531	0.00514
11	0.00644	0.00460	0.00613	0.00736	0.00767	0.00429	0.00491	0.00736	0.01012	0.01350	0.02914	0.81076	0.03497	0.01656	0.00675	0.00215	0.00307	0.01503	0.00491	0.00429
12	0.01440	0.70498	0.07087	0.00978	0.01434	0.08511	0.00975	0.01633	0.01112	0.01273	0.00754	0.00872	0.00678	0.00463	0.00360	0.00118	0.00610	0.00294	0.00230	0.00679
13	0.01307	0.01120	0.01580	0.27181	0.02164	0.01427	0.01213	0.12935	0.01190	0.06114	0.00944	0.01294	0.00765	0.00735	0.01083	0.00198	0.37325	0.00471	0.00303	0.00649
14	0.01228	0.00856	0.01079	0.00942	0.01098	0.00972	0.00729	0.16597	0.01224	0.09008	0.01409	0.02095	0.01293	0.21632	0.25727	0.00471	0.12110	0.00580	0.00371	0.00578
15	0.00977	0.00875	0.00907	0.00949	0.04003	0.07178	0.00665	0.01508	0.23709	0.01647	0.04651	0.32978	0.15508	0.01172	0.00602	0.00188	0.00397	0.01019	0.00480	0.00586
16	0.01007	0.00952	0.01588	0.75712	0.03514	0.01200	0.01451	0.01346	0.01043	0.01346	0.00926	0.01395	0.00704	0.00551	0.00597	0.00179	0.05198	0.00469	0.00235	0.00587
17	0.01073	0.00948	0.01570	0.72481	0.03420	0.01177	0.01419	0.01406	0.01067	0.05092	0.00983	0.01416	0.00734	0.00554	0.00587	0.00178	0.04564	0.00472	0.00255	0.00602
18	0.02975	0.02829	0.01599	0.01182	0.01617	0.05471	0.13920	0.11943	0.07783	0.16576	0.01312	0.01367	0.00960	0.00523	0.00492	0.00137	0.00553	0.00455	0.00414	0.27892
19	0.01265	0.03841	0.50211	0.01478	0.07089	0.01189	0.02862	0.05395	0.04441	0.08676	0.01117	0.01232	0.00801	0.00518	0.00498	0.00158	0.00681	0.00417	0.00301	0.07828
20	0.44845	0.14782	0.07961	0.07558	0.01517	0.04062	0.03834	0.01625	0.03068	0.03420	0.00856	0.01004	0.00670	0.00495	0.00389	0.00155	0.00530	0.00339	0.00301	0.02587

[dist]
# distance from previous block
# <min> <max>
0	5

[block]
# block no. 1 follows, 46 sequences, length 12
# corresponding to MSA columns:
# 1559-1570
name=unknown_B
#
# <colnr> <probs for GDERKNQSTAVLIFYWHMCP>
#	G	D	E	R	K	N	Q	S	T	A	V	L	I	F	Y	W	H	M	C	P
0	0.01531	0.03187	0.06766	0.01680	0.02169	0.03013	0.38442	0.16647	0.05889	0.10553	0.01260	0.01416	0.00911	0.00526	0.00566	0.00166	0.00725	0.00545	0.00376	0.03633
1	0.18220	0.07060	0.25669	0.01455	0.12244	0.01304	0.03579	0.08025	0.10615	0.02011	0.02775	0.01263	0.00911	0.00539	0.00470	0.00161	0.00593	0.00424	0.00325	0.02358
2	0.01065	0.01210	0.11862	0.65117	0.03345	0.01208	0.01506	0.05718	0.01147	0.01508	0.00960	0.01362	0.00711	0.00531	0.00525	0.00174	0.00708	0.00460	0.00250	0.00631
3	0.00741	0.00540	0.00696	0.00657	0.00785	0.00496	0.00493	0.00983	0.01478	0.02077	0.73368	0.04019	0.09491	0.01097	0.00624	0.00167	0.00251	0.00966	0.00576	0.00496
4	0.00641	0.00526	0.00568	0.00597	0.00746	0.00453	0.00444	0.00774	0.01171	0.01423	0.04763	0.18973	0.60018	0.01404	0.00640	0.00189	0.00288	0.05447	0.00491	0.00446
5	0.85155	0.01022	0.00777	0.00695	0.01022	0.01186	0.00573	0.01554	0.00900	0.02372	0.00736	0.00859	0.00573	0.00491	0.00327	0.00164	0.00409	0.00286	0.00327	0.00573
6	0.01270	0.01091	0.01157	0.01053	0.01334	0.01256	0.00814	0.02671	0.72107	0.02154	0.02202	0.07229	0.01739	0.00780	0.00547	0.00182	0.00411	0.00658	0.00535	0.00810
7	0.00642	0.00470	0.00603	0.00709	0.00760	0.00432	0.00479	0.00739	0.01038	0.01360	0.03239	0.70947	0.13415	0.01614	0.00668	0.00210	0.00302	0.01451	0.00491	0.00432
8	0.00672	0.00480	0.00645	0.00768	0.00811	0.00453	0.00539	0.00784	0.01039	0.01381	0.02898	0.71064	0.03436	0.01630	0.00682	0.00219	0.00331	0.11242	0.00490	0.00437
9	0.85155	0.01022	0.00777	0.00695	0.01022	0.01186	0.00573	0.01554	0.00900	0.02372	0.00736	0.00859	0.00573	0.00491	0.00327	0.00164	0.00409	0.00286	0.00327	0.00573
10	0.01047	0.01017	0.05769	0.25951	0.06907	0.01060	0.01079	0.03172	0.17064	0.01807	0.20855	0.03814	0.02056	0.00753	0.00626	0.00176	0.05163	0.00638	0.00399	0.00647
11	0.00905	0.00734	0.00971	0.13059	0.01377	0.00747	0.02369	0.06142	0.05743	0.01880	0.33120	0.06524	0.16254	0.01040	0.02580	0.00186	0.00408	0.00831	0.00475	0.04655

[dist]
# distance from previous block
# <min> <max>
2	14

[block]
# block no. 2 follows, 46 sequences, length 17
# corresponding to MSA columns:
# 1585-1601
name=unknown_C
#
# <colnr> <probs for GDERKNQSTAVLIFYWHMCP>
#	G	D	E	R	K	N	Q	S	T	A	V	L	I	F	Y	W	H	M	C	P
0	0.38551	0.06574	0.05327	0.07799	0.01523	0.12450	0.00875	0.09264	0.01249	0.10546	0.00980	0.01078	0.00726	0.00532	0.00419	0.00157	0.00564	0.00361	0.00356	0.00667
1	0.01076	0.00779	0.01049	0.00977	0.05087	0.00764	0.04360	0.07838	0.07628	0.07954	0.46630	0.03226	0.07289	0.00937	0.00598	0.00169	0.00363	0.02120	0.00541	0.00616
2	0.00956	0.00579	0.00760	0.00726	0.00876	0.00527	0.00549	0.01162	0.01375	0.12719	0.44801	0.18509	0.08336	0.01164	0.00626	0.00180	0.00302	0.04749	0.00565	0.00539
3	0.01077	0.01983	0.45031	0.01386	0.01931	0.01180	0.07929	0.01711	0.11682	0.01780	0.11525	0.01648	0.01399	0.00638	0.00628	0.00175	0.06727	0.00521	0.00320	0.00729
4	0.00692	0.00538	0.00628	0.00606	0.00755	0.00475	0.00454	0.00888	0.01363	0.01802	0.44564	0.04472	0.38466	0.01199	0.00624	0.00172	0.00258	0.01029	0.00540	0.00475
5	0.01384	0.01342	0.08089	0.01296	0.05301	0.01368	0.03628	0.13332	0.49470	0.02241	0.01751	0.01703	0.01315	0.00675	0.00595	0.00177	0.04487	0.00550	0.00471	0.00824
6	0.14023	0.08111	0.02812	0.01207	0.01519	0.51684	0.00950	0.05800	0.06379	0.01618	0.00912	0.01017	0.00737	0.00545	0.00452	0.00143	0.00788	0.00353	0.00306	0.00644
7	0.01767	0.01002	0.01131	0.00905	0.01225	0.01034	0.00735	0.32128	0.01775	0.22692	0.01635	0.01640	0.01157	0.00634	0.00477	0.00148	0.00436	0.00496	0.28217	0.00765
8	0.00752	0.00517	0.00583	0.00583	0.00607	0.00511	0.00343	0.00775	0.00821	0.01078	0.02070	0.03587	0.10430	0.69353	0.05503	0.00488	0.00521	0.00800	0.00338	0.00340
9	0.06162	0.00940	0.01183	0.00908	0.01321	0.00830	0.00743	0.03917	0.05414	0.52828	0.01762	0.01602	0.01168	0.00594	0.00492	0.00146	0.00437	0.00476	0.00557	0.18519
10	0.00738	0.00540	0.00692	0.00654	0.00783	0.00494	0.00490	0.00977	0.01471	0.02060	0.71574	0.04047	0.11295	0.01103	0.00624	0.00167	0.00251	0.00970	0.00574	0.00494
11	0.01161	0.00912	0.01086	0.00808	0.01247	0.00702	0.00653	0.01395	0.01133	0.06740	0.01156	0.01512	0.00989	0.00490	0.00426	0.00096	0.00403	0.05974	0.00349	0.72766
12	0.01047	0.00991	0.01388	0.01220	0.01239	0.01345	0.00996	0.01169	0.00815	0.01245	0.00910	0.01509	0.00910	0.07337	0.17539	0.00377	0.58670	0.00506	0.00248	0.00538
13	0.01180	0.00858	0.05103	0.07997	0.01356	0.00805	0.02081	0.04147	0.11727	0.14625	0.05750	0.24644	0.02054	0.01232	0.07381	0.00238	0.00515	0.00827	0.06849	0.00631
14	0.01096	0.05150	0.53857	0.01303	0.01891	0.08106	0.01537	0.01563	0.01175	0.01639	0.10887	0.01610	0.01310	0.05879	0.00653	0.00185	0.00703	0.00480	0.00280	0.00696
15	0.01407	0.13925	0.01934	0.17165	0.24120	0.18470	0.04910	0.04598	0.01250	0.01509	0.00955	0.01297	0.00811	0.04778	0.00605	0.00169	0.00710	0.00436	0.00267	0.00684
16	0.48858	0.09868	0.12862	0.00920	0.01330	0.04415	0.00876	0.09378	0.01160	0.02197	0.03394	0.01046	0.00784	0.00525	0.00392	0.00157	0.00516	0.00346	0.00328	0.00648

[dist]
# distance from previous block
# <min> <max>
1	3

[block]
# block no. 3 follows, 46 sequences, length 31
# corresponding to MSA columns:
# 1605-1635
name=unknown_D
#
# <colnr> <probs for GDERKNQSTAVLIFYWHMCP>
#	G	D	E	R	K	N	Q	S	T	A	V	L	I	F	Y	W	H	M	C	P
0	0.09265	0.03901	0.50391	0.01243	0.01812	0.01106	0.01465	0.03797	0.01137	0.01760	0.06375	0.07983	0.01236	0.00848	0.05262	0.00211	0.00696	0.00522	0.00293	0.00695
1	0.00850	0.00567	0.00706	0.00659	0.00817	0.00507	0.00498	0.01063	0.01412	0.08272	0.51682	0.06426	0.22298	0.01126	0.00618	0.00171	0.00272	0.00976	0.00563	0.00517
2	0.08538	0.08871	0.01369	0.00937	0.01345	0.00996	0.00790	0.07440	0.01490	0.60008	0.01795	0.01599	0.01163	0.00621	0.00497	0.00158	0.00467	0.00485	0.00579	0.00853
3	0.00742	0.07266	0.00803	0.00659	0.00808	0.00599	0.00500	0.00913	0.01264	0.01660	0.32084	0.20737	0.27593	0.01235	0.00611	0.00176	0.00294	0.01069	0.00504	0.00482
4	0.62575	0.13811	0.01185	0.03559	0.01195	0.01362	0.00701	0.01530	0.00926	0.02074	0.00740	0.00899	0.00603	0.00519	0.00443	0.00161	0.06521	0.00306	0.00301	0.00590
5	0.01181	0.01157	0.02001	0.10908	0.40096	0.01153	0.14525	0.01493	0.01171	0.01639	0.01348	0.01628	0.07208	0.00553	0.00579	0.00160	0.03420	0.00536	0.00283	0.08960
6	0.01435	0.58883	0.08343	0.01288	0.12437	0.01820	0.01079	0.01661	0.01125	0.06424	0.00877	0.00997	0.00742	0.00472	0.00391	0.00127	0.00583	0.00334	0.00259	0.00724
7	0.00904	0.00651	0.00808	0.00767	0.00857	0.00711	0.00543	0.08320	0.03702	0.01375	0.01544	0.02635	0.01569	0.39419	0.33270	0.00602	0.00880	0.00652	0.00334	0.00457
8	0.01488	0.01537	0.01440	0.01284	0.01423	0.28534	0.01030	0.01630	0.01150	0.07175	0.01119	0.04139	0.01055	0.00847	0.01072	0.00194	0.36251	0.07720	0.00311	0.00601
9	0.09476	0.01341	0.13827	0.23081	0.16982	0.01201	0.03697	0.01827	0.14436	0.07195	0.01229	0.01416	0.00917	0.00549	0.00509	0.00170	0.00611	0.00471	0.00331	0.00735
10	0.01277	0.01275	0.02172	0.01820	0.09490	0.02361	0.34110	0.06167	0.18338	0.01838	0.01386	0.06301	0.01143	0.00645	0.00707	0.00182	0.09078	0.00627	0.00353	0.00731
11	0.00835	0.00596	0.00832	0.00954	0.01068	0.00594	0.00822	0.01065	0.01200	0.01563	0.02809	0.12203	0.03080	0.01477	0.00726	0.00241	0.00472	0.68496	0.00487	0.00482
12	0.00861	0.00629	0.00820	0.00817	0.00928	0.00663	0.00605	0.09829	0.01190	0.01637	0.12139	0.32411	0.02607	0.04627	0.27194	0.00424	0.00711	0.00971	0.00432	0.00506
13	0.08191	0.04930	0.24804	0.01133	0.01582	0.06967	0.02728	0.05969	0.01291	0.21403	0.01548	0.14403	0.01307	0.00737	0.00520	0.00169	0.00584	0.00603	0.00408	0.00725
14	0.00682	0.00512	0.00737	0.00801	0.00855	0.00480	0.04267	0.00786	0.01009	0.01347	0.02746	0.72408	0.03267	0.06410	0.00794	0.00231	0.00348	0.01415	0.00469	0.00437
15	0.01056	0.01000	0.01429	0.01247	0.01348	0.03894	0.08732	0.03016	0.00989	0.01390	0.01378	0.12572	0.01441	0.05342	0.09295	0.00297	0.36809	0.07903	0.00313	0.00549
16	0.03306	0.01166	0.01909	0.20319	0.09645	0.02722	0.21734	0.10024	0.05101	0.04532	0.01311	0.08411	0.01119	0.00660	0.00618	0.00179	0.04096	0.02120	0.00340	0.00689
17	0.01045	0.01159	0.09199	0.57107	0.04792	0.01186	0.06424	0.01517	0.07400	0.01485	0.01099	0.03356	0.00854	0.00562	0.00537	0.00176	0.00690	0.00508	0.00268	0.00637
18	0.01223	0.00768	0.00888	0.00782	0.00993	0.05350	0.00605	0.01498	0.04494	0.20098	0.48646	0.03238	0.07371	0.00946	0.00590	0.00165	0.00347	0.00812	0.00574	0.00611
19	0.01829	0.10120	0.01619	0.01307	0.01577	0.62485	0.01012	0.02026	0.04655	0.01327	0.00857	0.01002	0.00722	0.00572	0.00561	0.00143	0.06928	0.00355	0.00276	0.00626
20	0.05737	0.08239	0.13267	0.08427	0.19877	0.01249	0.01221	0.13511	0.01346	0.04680	0.01020	0.01196	0.00790	0.00497	0.00470	0.00142	0.00581	0.00406	0.00321	0.17024
21	0.05488	0.01731	0.04116	0.06437	0.19217	0.25502	0.08866	0.18722	0.01565	0.01960	0.00993	0.01181	0.00774	0.00534	0.00511	0.00155	0.00744	0.00436	0.00326	0.00741
22	0.01064	0.10386	0.65236	0.01389	0.02080	0.01253	0.01738	0.01594	0.01104	0.01607	0.01077	0.07160	0.00885	0.00585	0.00499	0.00166	0.00724	0.00464	0.00244	0.00744
23	0.01181	0.00940	0.03703	0.18836	0.11030	0.00943	0.00988	0.07434	0.07122	0.09458	0.28139	0.02425	0.04046	0.00766	0.00563	0.00168	0.00473	0.00668	0.00452	0.00664
24	0.00812	0.00553	0.00695	0.00663	0.00806	0.00498	0.00496	0.01020	0.01392	0.06517	0.51600	0.11603	0.19034	0.01162	0.00623	0.00173	0.00271	0.01016	0.00559	0.00506
25	0.00723	0.00526	0.00680	0.00670	0.00781	0.00483	0.00492	0.00937	0.01394	0.01943	0.60347	0.17524	0.09129	0.01197	0.00633	0.00175	0.00261	0.01061	0.00560	0.00483
26	0.85155	0.01022	0.00777	0.00695	0.01022	0.01186	0.00573	0.01554	0.00900	0.02372	0.00736	0.00859	0.00573	0.00491	0.00327	0.00164	0.00409	0.00286	0.00327	0.00573
27	0.00918	0.00459	0.00689	0.00689	0.00689	0.00459	0.00459	0.00689	0.00689	0.00918	0.00918	0.01607	0.00918	0.01837	0.02066	0.84619	0.00459	0.00459	0.00230	0.00230
28	0.00758	0.00556	0.00798	0.00798	0.00874	0.00633	0.00596	0.00911	0.00834	0.01189	0.01463	0.02339	0.01436	0.18669	0.64777	0.00786	0.01245	0.00605	0.00290	0.00443
29	0.02141	0.01064	0.01303	0.01022	0.01418	0.01047	0.00837	0.19228	0.12438	0.50767	0.01911	0.01704	0.01260	0.00659	0.00532	0.00165	0.00475	0.00528	0.00610	0.00891
30	0.01457	0.01052	0.01156	0.00999	0.01299	0.01159	0.00787	0.12482	0.45445	0.11386	0.09413	0.02050	0.01794	0.00727	0.00533	0.00170	0.00416	0.00601	0.06279	0.00796

[dist]
# distance from previous block
# <min> <max>
2	26

[block]
# block no. 4 follows, 46 sequences, length 19
# corresponding to MSA columns:
# 1662-1680
name=unknown_E
#
# <colnr> <probs for GDERKNQSTAVLIFYWHMCP>
#	G	D	E	R	K	N	Q	S	T	A	V	L	I	F	Y	W	H	M	C	P
0	0.11913	0.02776	0.11432	0.07867	0.04618	0.02517	0.02768	0.05525	0.01294	0.14214	0.15119	0.01747	0.01588	0.00628	0.00514	0.00153	0.01718	0.00510	0.00404	0.12694
1	0.00971	0.00688	0.01878	0.02765	0.02006	0.00635	0.05688	0.01166	0.01171	0.08741	0.14776	0.28626	0.03713	0.05220	0.00727	0.00198	0.02125	0.05425	0.07671	0.05809
2	0.00882	0.00578	0.00754	0.00737	0.00887	0.00514	0.02878	0.01030	0.01198	0.10965	0.12339	0.36021	0.26546	0.01328	0.00634	0.00190	0.00324	0.01171	0.00515	0.00510
3	0.01586	0.26130	0.11255	0.01107	0.01502	0.25173	0.01011	0.03368	0.03968	0.10081	0.07117	0.01411	0.02981	0.00592	0.00462	0.00141	0.00661	0.00429	0.00339	0.00686
4	0.01387	0.39592	0.27821	0.01209	0.01760	0.06221	0.03765	0.09671	0.01270	0.01629	0.00879	0.01008	0.00703	0.00494	0.00431	0.00140	0.00672	0.00354	0.00262	0.00734
5	0.04049	0.03457	0.01437	0.10881	0.01696	0.16515	0.03453	0.13160	0.14160	0.01870	0.07292	0.01617	0.01278	0.03826	0.01853	0.00191	0.10490	0.00510	0.00374	0.01890
6	0.01742	0.01188	0.01323	0.01066	0.01404	0.01286	0.00857	0.42702	0.14669	0.11649	0.01647	0.01656	0.04375	0.00829	0.00724	0.10553	0.00510	0.00528	0.00507	0.00787
7	0.04743	0.00913	0.01011	0.00836	0.01095	0.00942	0.00649	0.25557	0.01556	0.16310	0.01828	0.02173	0.06213	0.17047	0.00936	0.00226	0.00453	0.00583	0.16265	0.00664
8	0.00968	0.00638	0.00788	0.00802	0.00935	0.00627	0.00578	0.04113	0.10527	0.09817	0.06555	0.51073	0.07796	0.01345	0.00631	0.00198	0.00341	0.01196	0.00520	0.00552
9	0.00654	0.00539	0.00581	0.00605	0.00765	0.00465	0.00464	0.00798	0.01191	0.01441	0.04847	0.11248	0.62772	0.01379	0.00642	0.00189	0.00298	0.10182	0.00490	0.00450
10	0.01268	0.01357	0.01786	0.01486	0.01584	0.11141	0.10206	0.01426	0.00947	0.01326	0.00754	0.01164	0.00705	0.00821	0.01446	0.00213	0.61063	0.00467	0.00241	0.00599
11	0.06828	0.22482	0.24123	0.01345	0.01869	0.11119	0.11666	0.11501	0.01336	0.01782	0.00923	0.01074	0.00716	0.00503	0.00466	0.00150	0.00712	0.00394	0.00283	0.00727
12	0.00765	0.00526	0.00646	0.00646	0.00669	0.00550	0.00406	0.00813	0.00789	0.01076	0.01603	0.03111	0.01770	0.61869	0.22036	0.00598	0.00741	0.00718	0.00311	0.00359
13	0.00757	0.00561	0.00821	0.00821	0.00906	0.00645	0.00625	0.00926	0.00841	0.01206	0.01442	0.02221	0.01384	0.12049	0.71327	0.00814	0.01322	0.00588	0.00287	0.00456
14	0.05094	0.01324	0.07691	0.10845	0.01799	0.01307	0.01043	0.34408	0.10893	0.14873	0.01462	0.03156	0.01059	0.00640	0.00521	0.00166	0.00554	0.00507	0.01846	0.00814
15	0.22834	0.04392	0.06816	0.03586	0.01572	0.01321	0.06272	0.17629	0.19086	0.09390	0.01347	0.01366	0.00983	0.00586	0.00478	0.00166	0.00527	0.00458	0.00430	0.00762
16	0.01067	0.01761	0.33077	0.01248	0.01708	0.09361	0.07869	0.01505	0.04172	0.01686	0.13372	0.02464	0.11066	0.00777	0.00563	0.00173	0.00628	0.06497	0.00353	0.00652
17	0.01289	0.00695	0.00754	0.00674	0.00878	0.00711	0.00525	0.07511	0.09536	0.12420	0.01784	0.01893	0.01341	0.00634	0.00422	0.00138	0.00319	0.00508	0.57352	0.00617
18	0.04228	0.10785	0.27198	0.01284	0.01808	0.01219	0.10450	0.05098	0.07316	0.18067	0.01381	0.05314	0.01047	0.00600	0.00510	0.00163	0.00621	0.00508	0.00377	0.02027

[dist]
# distance from previous block
# <min> <max>
1	12

[block]
# block no. 5 follows, 46 sequences, length 13
# corresponding to MSA columns:
# 1693-1705
name=unknown_F
#
# <colnr> <probs for GDERKNQSTAVLIFYWHMCP>
#	G	D	E	R	K	N	Q	S	T	A	V	L	I	F	Y	W	H	M	C	P
0	0.01178	0.00891	0.01046	0.00789	0.01193	0.00714	0.00625	0.04685	0.01180	0.06974	0.01247	0.07785	0.01085	0.00539	0.00429	0.00102	0.00387	0.00445	0.06045	0.62659
1	0.00723	0.00534	0.00675	0.00650	0.00777	0.00486	0.00484	0.00945	0.01421	0.01966	0.62124	0.09148	0.15790	0.01157	0.00627	0.00171	0.00256	0.01016	0.00562	0.00486
2	0.01088	0.01054	0.01463	0.01277	0.01279	0.01444	0.01042	0.01193	0.00822	0.01260	0.00939	0.07541	0.01003	0.06991	0.01724	0.00251	0.68256	0.00566	0.00258	0.00547
3	0.00675	0.00487	0.00642	0.00732	0.00790	0.00454	0.00512	0.00805	0.01116	0.01500	0.15844	0.59860	0.06715	0.01532	0.00668	0.00207	0.00307	0.06203	0.00506	0.00446
4	0.00989	0.00648	0.00818	0.00746	0.00920	0.00624	0.00569	0.01377	0.10484	0.10447	0.58007	0.06110	0.04134	0.01011	0.00605	0.00169	0.00293	0.00886	0.00582	0.00580
5	0.00814	0.00565	0.00726	0.00712	0.00840	0.00531	0.00531	0.01075	0.04388	0.04989	0.50776	0.18917	0.07815	0.01188	0.00631	0.00180	0.00286	0.03967	0.00557	0.00512
6	0.01477	0.72966	0.02635	0.00947	0.01388	0.06144	0.00916	0.05887	0.01177	0.01366	0.00770	0.00878	0.00691	0.00468	0.00357	0.00117	0.00587	0.00297	0.00246	0.00688
7	0.01469	0.01101	0.01200	0.01056	0.01371	0.01236	0.00828	0.02775	0.66114	0.13357	0.02142	0.01947	0.01569	0.00708	0.00537	0.00177	0.00423	0.00588	0.00555	0.00846
8	0.01855	0.08516	0.01648	0.07997	0.01759	0.09181	0.02847	0.39743	0.06444	0.12816	0.01307	0.01330	0.00937	0.00603	0.00510	0.00156	0.00608	0.00463	0.00462	0.00816
9	0.00684	0.00486	0.00644	0.00744	0.00790	0.00460	0.00517	0.00799	0.01056	0.01414	0.08968	0.60899	0.03453	0.07543	0.00827	0.00236	0.00337	0.09226	0.00485	0.00433
10	0.03612	0.01249	0.05068	0.11189	0.15433	0.06945	0.08288	0.06515	0.03932	0.20156	0.02411	0.05396	0.01148	0.00648	0.00596	0.00171	0.04363	0.01736	0.00398	0.00746
11	0.23003	0.13667	0.04986	0.01136	0.03500	0.16304	0.03246	0.12496	0.11164	0.04246	0.01076	0.01146	0.00830	0.00548	0.00442	0.00153	0.00601	0.00390	0.00359	0.00707
12	0.11906	0.66556	0.02439	0.00908	0.01333	0.06954	0.00871	0.01613	0.01080	0.01388	0.00740	0.00856	0.00665	0.00463	0.00347	0.00121	0.00571	0.00287	0.00242	0.00661

[dist]
# distance from previous block
# <min> <max>
2	4

[block]
# block no. 6 follows, 46 sequences, length 10
# corresponding to MSA columns:
# 1710-1719
name=unknown_G
#
# <colnr> <probs for GDERKNQSTAVLIFYWHMCP>
#	G	D	E	R	K	N	Q	S	T	A	V	L	I	F	Y	W	H	M	C	P
0	0.00762	0.00571	0.00675	0.00676	0.00800	0.00545	0.00493	0.01033	0.07219	0.01710	0.29609	0.16626	0.20982	0.08757	0.00814	0.00212	0.00310	0.03911	0.03809	0.00484
1	0.01511	0.01200	0.08198	0.20437	0.15030	0.01136	0.01241	0.13781	0.01428	0.18725	0.01432	0.01873	0.01119	0.00663	0.00575	0.00175	0.02532	0.07787	0.00403	0.00755
2	0.17702	0.00973	0.01174	0.00919	0.01314	0.00927	0.00759	0.08767	0.01483	0.57866	0.01765	0.01579	0.01137	0.00622	0.00493	0.00163	0.00454	0.00481	0.00583	0.00839
3	0.00763	0.00536	0.00697	0.00697	0.00739	0.00578	0.00471	0.00846	0.00805	0.01114	0.01555	0.02848	0.01656	0.47157	0.36592	0.00662	0.00912	0.00679	0.00304	0.00387
4	0.01052	0.00791	0.01024	0.02651	0.07898	0.00812	0.00743	0.07728	0.04728	0.06960	0.27059	0.06588	0.18197	0.01014	0.00689	0.00179	0.06680	0.04117	0.00490	0.00599
5	0.01812	0.01343	0.01447	0.07362	0.01674	0.06235	0.00965	0.50828	0.02101	0.09385	0.07953	0.03753	0.01331	0.00689	0.00538	0.00161	0.00567	0.00542	0.00504	0.00809
6	0.08146	0.03847	0.04741	0.01051	0.01413	0.05630	0.00875	0.23704	0.22537	0.06580	0.01545	0.06396	0.01226	0.00674	0.00500	0.00159	0.00505	0.00531	0.02290	0.07650
7	0.01476	0.01119	0.03270	0.06260	0.01625	0.01010	0.05654	0.15198	0.06482	0.13921	0.01266	0.01337	0.00934	0.00513	0.00474	0.00128	0.00499	0.00428	0.00410	0.37995
8	0.00801	0.05634	0.00846	0.00741	0.00886	0.00634	0.00547	0.01049	0.06206	0.01655	0.24209	0.37965	0.07774	0.01236	0.00605	0.00179	0.00318	0.01094	0.00490	0.07131
9	0.13451	0.06358	0.14698	0.01214	0.04930	0.01251	0.05484	0.16792	0.08874	0.02191	0.13281	0.03766	0.01568	0.00676	0.00547	0.00166	0.03097	0.00545	0.00400	0.00712

[dist]
# distance from previous block
# <min> <max>
4	17

[block]
# block no. 7 follows, 46 sequences, length 29
# corresponding to MSA columns:
# 1737-1765
name=unknown_H
#
# <colnr> <probs for GDERKNQSTAVLIFYWHMCP>
#	G	D	E	R	K	N	Q	S	T	A	V	L	I	F	Y	W	H	M	C	P
0	0.01664	0.01789	0.01344	0.05437	0.01560	0.45180	0.01864	0.01884	0.05007	0.09371	0.01543	0.07194	0.07440	0.00732	0.00595	0.00159	0.05720	0.00538	0.00354	0.00624
1	0.01288	0.01015	0.01764	0.01526	0.08076	0.00971	0.25523	0.07350	0.01354	0.12816	0.05728	0.12724	0.04637	0.00867	0.00617	0.00187	0.00590	0.11864	0.00429	0.00673
2	0.00758	0.00511	0.00593	0.00603	0.00610	0.00513	0.00351	0.00774	0.00793	0.01062	0.01758	0.09870	0.02025	0.71043	0.06205	0.00504	0.00539	0.00820	0.00333	0.00337
3	0.01319	0.01266	0.03764	0.01921	0.26580	0.05794	0.04423	0.04051	0.07522	0.05323	0.07479	0.01541	0.01216	0.00696	0.00897	0.00182	0.24462	0.00520	0.00329	0.00717
4	0.01165	0.01954	0.35568	0.01933	0.08775	0.01253	0.34343	0.01662	0.01180	0.01689	0.01005	0.01267	0.00747	0.00470	0.00552	0.00167	0.00798	0.00496	0.00250	0.04727
5	0.00688	0.00532	0.00627	0.00615	0.00756	0.00472	0.00457	0.00877	0.01338	0.01771	0.41721	0.10063	0.35713	0.01232	0.00628	0.00175	0.00261	0.01064	0.00537	0.00472
6	0.01281	0.01145	0.01661	0.07951	0.23467	0.03773	0.08439	0.07216	0.01287	0.04282	0.04353	0.03085	0.01054	0.00519	0.00497	0.00136	0.00561	0.00474	0.00329	0.28490
7	0.00823	0.00595	0.00736	0.00711	0.00842	0.00576	0.00527	0.04606	0.05055	0.02000	0.49428	0.18611	0.06702	0.01138	0.00611	0.00174	0.00285	0.01003	0.05058	0.00518
8	0.01418	0.01569	0.17000	0.01520	0.08164	0.02753	0.12186	0.20825	0.17380	0.03618	0.05249	0.03349	0.01252	0.00629	0.00546	0.00169	0.00618	0.00552	0.00409	0.00794
9	0.00949	0.00864	0.01206	0.01059	0.01260	0.05143	0.13650	0.01346	0.11766	0.01736	0.21874	0.26816	0.05382	0.01089	0.00623	0.00186	0.00449	0.03566	0.00470	0.00566
10	0.01217	0.01125	0.05386	0.03551	0.28741	0.01051	0.09117	0.07754	0.04959	0.05182	0.16696	0.02185	0.06063	0.03864	0.00646	0.00179	0.00544	0.00637	0.00391	0.00714
11	0.01543	0.00950	0.01107	0.00934	0.01201	0.00979	0.00725	0.24074	0.09117	0.19675	0.06910	0.12745	0.02937	0.12452	0.00871	0.00222	0.00461	0.01864	0.00526	0.00708
12	0.01672	0.01256	0.01476	0.01174	0.01545	0.02926	0.05953	0.36608	0.17370	0.09225	0.01495	0.01534	0.01106	0.00955	0.08336	0.00228	0.00637	0.00513	0.00482	0.05509
13	0.01184	0.17431	0.55070	0.01362	0.02003	0.01407	0.01645	0.01657	0.01097	0.04404	0.00929	0.01094	0.00697	0.00534	0.00575	0.00162	0.07377	0.00382	0.00240	0.00749
14	0.11119	0.00969	0.01106	0.00921	0.03509	0.00926	0.00707	0.10669	0.07666	0.19034	0.01420	0.01528	0.01071	0.04893	0.00569	0.00155	0.00432	0.00447	0.07785	0.25074
15	0.01071	0.02661	0.74457	0.01547	0.02315	0.01234	0.06105	0.01675	0.01123	0.01675	0.00955	0.01133	0.00677	0.00499	0.00509	0.00168	0.00787	0.00404	0.00226	0.00777
16	0.01542	0.01091	0.01420	0.33878	0.05935	0.07571	0.01117	0.06900	0.03850	0.23547	0.02558	0.01725	0.05296	0.00629	0.00532	0.00167	0.00601	0.00524	0.00408	0.00711
17	0.00783	0.05120	0.07252	0.00694	0.00934	0.00659	0.00603	0.04145	0.01284	0.01627	0.15994	0.07179	0.49498	0.01163	0.00597	0.00173	0.00339	0.00973	0.00470	0.00514
18	0.04130	0.00713	0.00895	0.00754	0.01014	0.00651	0.00594	0.01833	0.01324	0.39580	0.10001	0.06372	0.01831	0.03921	0.00583	0.00169	0.00365	0.00620	0.23963	0.00686
19	0.00666	0.00486	0.00628	0.00700	0.00767	0.00447	0.00484	0.00799	0.01144	0.01536	0.20586	0.55727	0.11094	0.01491	0.00658	0.00200	0.00290	0.01338	0.00512	0.00447
20	0.01522	0.29759	0.11404	0.01253	0.01671	0.19388	0.07356	0.11354	0.01351	0.01616	0.00904	0.01074	0.00745	0.00675	0.03878	0.00173	0.04519	0.00383	0.00282	0.00694
21	0.01497	0.01160	0.05203	0.14964	0.01959	0.01155	0.10595	0.18659	0.05609	0.16137	0.08488	0.05862	0.01460	0.00701	0.00609	0.00173	0.03985	0.00604	0.00444	0.00737
22	0.00821	0.00586	0.00816	0.00938	0.01046	0.00582	0.00798	0.01042	0.01186	0.01547	0.02816	0.17186	0.03110	0.01490	0.00722	0.00239	0.00460	0.63648	0.00487	0.00478
23	0.01220	0.00753	0.00897	0.02056	0.01057	0.01805	0.00626	0.03278	0.09464	0.20450	0.16798	0.12231	0.23146	0.01044	0.00620	0.00177	0.02331	0.00881	0.00540	0.00625
24	0.10053	0.01123	0.01684	0.16491	0.29940	0.01172	0.04822	0.05562	0.02307	0.03841	0.01998	0.01303	0.00850	0.00516	0.00543	0.00155	0.03992	0.00446	0.00303	0.12901
25	0.20308	0.06827	0.01491	0.04647	0.11721	0.01267	0.02794	0.16253	0.03740	0.15107	0.01200	0.02273	0.00901	0.00576	0.00518	0.00158	0.03931	0.00439	0.00404	0.05446
26	0.06727	0.09966	0.12059	0.01288	0.01699	0.12120	0.14330	0.09674	0.02989	0.07965	0.05692	0.01656	0.06918	0.00637	0.00566	0.00162	0.03976	0.00522	0.00360	0.00695
27	0.19610	0.05468	0.15712	0.01184	0.06873	0.08729	0.01019	0.05505	0.09731	0.07200	0.12514	0.01614	0.01462	0.00626	0.00480	0.00161	0.00544	0.00484	0.00386	0.00697
28	0.05834	0.05588	0.15625	0.04264	0.06007	0.21371	0.03145	0.10730	0.05334	0.12102	0.04181	0.01343	0.01013	0.00578	0.00498	0.00156	0.00681	0.00443	0.00369	0.00738

[dist]
# distance from previous block
# <min> <max>
1	42

[block]
# block no. 8 follows, 46 sequences, length 35
# corresponding to MSA columns:
# 1809-1843
name=unknown_I
#
# <colnr> <probs for GDERKNQSTAVLIFYWHMCP>
#	G	D	E	R	K	N	Q	S	T	A	V	L	I	F	Y	W	H	M	C	P
0	0.09043	0.05545	0.12859	0.04042	0.03929	0.01183	0.02513	0.19663	0.07525	0.09622	0.04711	0.06802	0.06844	0.00716	0.00516	0.00165	0.00523	0.00581	0.00429	0.02789
1	0.01129	0.03455	0.04716	0.00995	0.04398	0.06381	0.00749	0.11221	0.03207	0.06780	0.08137	0.36357	0.08061	0.01142	0.00596	0.00183	0.00439	0.00992	0.00468	0.00594
2	0.06666	0.06707	0.02910	0.01076	0.03797	0.08109	0.07705	0.03140	0.01197	0.05677	0.04399	0.01290	0.00989	0.00605	0.03310	0.00143	0.00555	0.00399	0.00330	0.40995
3	0.06016	0.08845	0.08051	0.03683	0.09300	0.15334	0.01107	0.27685	0.07655	0.05612	0.01155	0.01228	0.00867	0.00572	0.00490	0.00154	0.00644	0.00429	0.00391	0.00782
4	0.08297	0.21406	0.23021	0.06941	0.01791	0.03440	0.01192	0.11379	0.01308	0.09164	0.01024	0.01130	0.00766	0.00516	0.00448	0.00146	0.00611	0.00379	0.00322	0.06720
5	0.03152	0.02713	0.00946	0.04380	0.01152	0.06275	0.00713	0.02643	0.04044	0.10841	0.11502	0.29701	0.02746	0.01188	0.00618	0.00195	0.00434	0.15712	0.00486	0.00559
6	0.01375	0.06997	0.31112	0.01265	0.03359	0.12952	0.02393	0.06006	0.04153	0.09762	0.12081	0.03502	0.01473	0.00645	0.00518	0.00160	0.00646	0.00516	0.00364	0.00722
7	0.01992	0.10024	0.01625	0.04160	0.06494	0.14009	0.03278	0.13904	0.01572	0.35473	0.01459	0.01417	0.01005	0.00589	0.00504	0.00153	0.00600	0.00461	0.00473	0.00807
8	0.06194	0.00681	0.00753	0.04856	0.00997	0.06142	0.00585	0.00962	0.01124	0.01542	0.15220	0.53057	0.03218	0.01347	0.00622	0.00196	0.00370	0.01196	0.00467	0.00472
9	0.04270	0.03192	0.38221	0.08587	0.09851	0.06773	0.10008	0.01687	0.05079	0.01679	0.03283	0.03002	0.00936	0.00549	0.00519	0.00167	0.00723	0.00474	0.00273	0.00728
10	0.04506	0.12542	0.13115	0.05316	0.01635	0.01230	0.05118	0.10042	0.06963	0.16562	0.08261	0.01795	0.04353	0.00672	0.00570	0.00164	0.04360	0.01646	0.00417	0.00733
11	0.17034	0.06457	0.01407	0.01054	0.01434	0.06947	0.00867	0.32778	0.11105	0.13822	0.01335	0.01310	0.00959	0.00604	0.00478	0.00158	0.00536	0.00443	0.00474	0.00798
12	0.00805	0.00598	0.00764	0.00828	0.00946	0.00590	0.00661	0.01084	0.06590	0.01594	0.11490	0.18070	0.12126	0.06478	0.00807	0.00235	0.00400	0.34956	0.00492	0.00488
13	0.03904	0.07444	0.30498	0.01492	0.06801	0.01204	0.13271	0.01841	0.08937	0.11804	0.03801	0.04328	0.01123	0.00590	0.00524	0.00167	0.00647	0.00520	0.00346	0.00759
14	0.06703	0.04227	0.01984	0.24227	0.13191	0.08336	0.18331	0.06948	0.01264	0.05087	0.01010	0.01300	0.00774	0.00527	0.00573	0.00168	0.03888	0.00478	0.00294	0.00692
15	0.00642	0.00469	0.00604	0.00713	0.00761	0.00431	0.00480	0.00739	0.01034	0.01359	0.03196	0.72290	0.12101	0.01620	0.00669	0.00211	0.00302	0.01458	0.00491	0.00431
16	0.03132	0.00810	0.01030	0.00983	0.01084	0.05822	0.03501	0.01102	0.01011	0.03615	0.04402	0.29215	0.02071	0.01924	0.21103	0.00371	0.14386	0.03555	0.00374	0.00510
17	0.10049	0.02891	0.30084	0.04364	0.09113	0.02165	0.05633	0.03689	0.10794	0.12799	0.02614	0.01389	0.00977	0.00558	0.00503	0.00167	0.00624	0.00460	0.00356	0.00772
18	0.00844	0.00614	0.00862	0.00864	0.00997	0.00597	0.05417	0.03338	0.01194	0.01655	0.08593	0.28016	0.07383	0.01315	0.02022	0.00211	0.00409	0.22484	0.12692	0.00495
19	0.00649	0.00482	0.00605	0.00689	0.00758	0.00439	0.00473	0.00763	0.01092	0.01430	0.09727	0.59171	0.18704	0.01543	0.00660	0.00203	0.00294	0.01378	0.00498	0.00439
20	0.04211	0.28967	0.27045	0.01342	0.06658	0.05353	0.03841	0.08834	0.01279	0.06482	0.00971	0.01089	0.00747	0.00505	0.00450	0.00146	0.00659	0.00378	0.00290	0.00751
21	0.08410	0.08143	0.14327	0.04721	0.08633	0.03755	0.14685	0.07117	0.16981	0.06179	0.01269	0.01378	0.00949	0.00549	0.00509	0.00165	0.00633	0.00480	0.00356	0.00761
22	0.01478	0.00826	0.01006	0.00854	0.01122	0.00806	0.00674	0.10699	0.09891	0.26708	0.22831	0.08199	0.07331	0.00888	0.00566	0.00168	0.00377	0.00752	0.04117	0.00704
23	0.02814	0.01265	0.06958	0.01451	0.11910	0.01192	0.07075	0.30485	0.01701	0.11468	0.01707	0.13326	0.04701	0.00771	0.00557	0.00170	0.00554	0.00665	0.00455	0.00773
24	0.02964	0.10816	0.15979	0.01207	0.03620	0.02236	0.02885	0.18001	0.08981	0.24774	0.01470	0.01474	0.01039	0.00602	0.00505	0.00160	0.00571	0.01437	0.00455	0.00826
25	0.00787	0.00594	0.00831	0.00815	0.00877	0.00689	0.00605	0.00920	0.00825	0.01176	0.01432	0.02383	0.01438	0.24563	0.53209	0.00715	0.06799	0.00613	0.00289	0.00439
26	0.00848	0.00561	0.00713	0.00662	0.00810	0.00511	0.00501	0.01082	0.01451	0.06906	0.62193	0.03856	0.12452	0.01063	0.00608	0.00166	0.00264	0.00928	0.03910	0.00518
27	0.22905	0.34231	0.06067	0.01072	0.06227	0.01591	0.00913	0.04650	0.12671	0.03737	0.01033	0.01106	0.00827	0.00518	0.00399	0.00145	0.00516	0.00363	0.00324	0.00705
28	0.01518	0.33084	0.03056	0.04927	0.16078	0.04155	0.01066	0.06881	0.12634	0.09981	0.01192	0.01266	0.00932	0.00537	0.00452	0.00144	0.00566	0.00417	0.00348	0.00766
29	0.00951	0.00579	0.00753	0.00686	0.00843	0.00531	0.00523	0.01195	0.01474	0.10941	0.64234	0.03574	0.04331	0.01002	0.00597	0.00163	0.00272	0.00877	0.05928	0.00545
30	0.00949	0.00759	0.00875	0.00902	0.05815	0.06188	0.00624	0.03316	0.01425	0.04958	0.46979	0.12426	0.10602	0.01064	0.00606	0.00170	0.00350	0.00928	0.00522	0.00543
31	0.01937	0.18395	0.09376	0.01056	0.01512	0.01310	0.00975	0.19377	0.02784	0.35800	0.01497	0.01409	0.01021	0.00593	0.00487	0.00152	0.00538	0.00453	0.00489	0.00840
32	0.69214	0.10423	0.01084	0.00836	0.03797	0.04401	0.00666	0.01582	0.00954	0.02176	0.00748	0.00877	0.00598	0.00488	0.00341	0.00156	0.00456	0.00295	0.00311	0.00596
33	0.01257	0.01337	0.10516	0.11204	0.40413	0.01187	0.01410	0.03541	0.09575	0.03155	0.01131	0.01355	0.00893	0.00506	0.00508	0.00154	0.00599	0.00459	0.00304	0.10496
34	0.01185	0.01060	0.03859	0.06160	0.11644	0.01033	0.12866	0.11485	0.08474	0.04592	0.14296	0.07370	0.11158	0.00808	0.00593	0.00173	0.01406	0.00730	0.00429	0.00680

[dist]
# distance from previous block
# <min> <max>
0	1

[block]
# block no. 9 follows, 46 sequences, length 23
# corresponding to MSA columns:
# 1845-1867
name=unknown_J
#
# <colnr> <probs for GDERKNQSTAVLIFYWHMCP>
#	G	D	E	R	K	N	Q	S	T	A	V	L	I	F	Y	W	H	M	C	P
0	0.01373	0.01208	0.07401	0.01263	0.07149	0.02410	0.06811	0.06480	0.21022	0.11450	0.03901	0.05068	0.01349	0.00638	0.00518	0.00153	0.00507	0.01774	0.00431	0.19094
1	0.08263	0.00924	0.01157	0.00929	0.03341	0.00806	0.00729	0.03892	0.01360	0.41799	0.06149	0.01625	0.01297	0.00586	0.00480	0.00139	0.00426	0.00472	0.00512	0.25113
2	0.01585	0.51186	0.02306	0.01056	0.01449	0.13752	0.00955	0.14354	0.01363	0.01608	0.00836	0.00954	0.00717	0.00526	0.00476	0.00131	0.05426	0.00335	0.00285	0.00700
3	0.01414	0.06298	0.10962	0.05572	0.01535	0.03073	0.00921	0.04057	0.01233	0.19206	0.02784	0.04013	0.01075	0.00726	0.04270	0.00167	0.02153	0.00453	0.00384	0.29704
4	0.01376	0.01525	0.20483	0.02045	0.31217	0.01165	0.05198	0.01865	0.08932	0.13222	0.04562	0.01517	0.01118	0.00568	0.00564	0.00166	0.02815	0.00502	0.00352	0.00805
5	0.00890	0.00740	0.06096	0.00782	0.00972	0.00601	0.00642	0.01172	0.06148	0.07950	0.20498	0.25092	0.19477	0.01220	0.00623	0.00188	0.00348	0.05509	0.00510	0.00542
6	0.61642	0.00980	0.00857	0.00753	0.01066	0.01094	0.00611	0.06734	0.01087	0.10155	0.01115	0.07426	0.00928	0.00614	0.00391	0.00166	0.00412	0.00428	0.02925	0.00615
7	0.01163	0.01019	0.01569	0.59159	0.03084	0.02620	0.04057	0.09344	0.01237	0.03627	0.01092	0.02459	0.00848	0.00582	0.00548	0.00174	0.01756	0.02051	0.02985	0.00626
8	0.01319	0.07768	0.28925	0.03890	0.15467	0.01267	0.11750	0.03669	0.01204	0.09679	0.01102	0.01295	0.00822	0.00535	0.00583	0.00165	0.05474	0.00457	0.03870	0.00760
9	0.00644	0.00524	0.00572	0.00596	0.00742	0.00452	0.00440	0.00782	0.01190	0.01466	0.09811	0.19083	0.56658	0.01384	0.00637	0.00187	0.00281	0.03606	0.00497	0.00448
10	0.05669	0.00983	0.01220	0.00952	0.01325	0.00939	0.00774	0.16937	0.01627	0.53014	0.03882	0.01827	0.01338	0.06216	0.00674	0.00187	0.00473	0.00538	0.00591	0.00835
11	0.01412	0.47703	0.22832	0.01133	0.01651	0.10710	0.01203	0.05249	0.01202	0.01464	0.00827	0.00952	0.00687	0.00485	0.00408	0.00132	0.00668	0.00327	0.00245	0.00709
12	0.01994	0.00899	0.01152	0.00924	0.01279	0.00841	0.00749	0.03856	0.13363	0.55007	0.09182	0.02025	0.01696	0.00702	0.00535	0.00165	0.00421	0.00579	0.03793	0.00837
13	0.00676	0.00494	0.00637	0.00707	0.00781	0.00456	0.00499	0.00816	0.01157	0.01548	0.20598	0.50832	0.12509	0.01477	0.00660	0.00201	0.00297	0.04695	0.00512	0.00450
14	0.15883	0.01023	0.01186	0.00953	0.01327	0.02833	0.00787	0.13051	0.01533	0.47819	0.01762	0.01833	0.01232	0.00677	0.00510	0.00168	0.00477	0.05576	0.00561	0.00810
15	0.01832	0.01128	0.01347	0.01077	0.01435	0.03242	0.04302	0.26575	0.10161	0.27386	0.05724	0.01926	0.01446	0.00701	0.00539	0.00165	0.00503	0.04085	0.05616	0.00811
16	0.00678	0.00528	0.00605	0.00603	0.00738	0.00467	0.00440	0.00839	0.01260	0.01636	0.29923	0.12398	0.40673	0.05938	0.00750	0.00197	0.00280	0.01080	0.00512	0.00455
17	0.01190	0.00936	0.01146	0.07136	0.01451	0.00748	0.00706	0.01432	0.01126	0.07827	0.01031	0.01177	0.00819	0.00423	0.00414	0.00093	0.00421	0.00343	0.00334	0.71244
18	0.01161	0.00909	0.01415	0.28376	0.13521	0.00977	0.02489	0.01426	0.01143	0.10130	0.02796	0.10084	0.02343	0.00777	0.00630	0.00178	0.05356	0.08370	0.00354	0.07566
19	0.00709	0.00574	0.00766	0.00754	0.00897	0.00518	0.04892	0.00879	0.01204	0.01552	0.16350	0.26066	0.33188	0.01344	0.00649	0.00193	0.00333	0.08170	0.00493	0.00470
20	0.01202	0.09565	0.11470	0.41357	0.02654	0.01316	0.01322	0.13391	0.01287	0.01706	0.01056	0.04944	0.00859	0.00594	0.00543	0.00167	0.02914	0.00485	0.00293	0.02877
21	0.01434	0.04275	0.13307	0.05701	0.04187	0.01021	0.02367	0.09956	0.02693	0.15252	0.01196	0.01279	0.00879	0.00501	0.00465	0.00129	0.00525	0.00405	0.00376	0.34051
22	0.04929	0.19135	0.42746	0.01232	0.01838	0.01347	0.01425	0.01855	0.05726	0.13325	0.01139	0.01203	0.00821	0.00527	0.00467	0.00156	0.00647	0.00397	0.00313	0.00772

[dist]
# distance from previous block
# <min> <max>
4	7

[block]
# block no. 10 follows, 46 sequences, length 29
# corresponding to MSA columns:
# 1875-1903
name=unknown_K
#
# <colnr> <probs for GDERKNQSTAVLIFYWHMCP>
#	G	D	E	R	K	N	Q	S	T	A	V	L	I	F	Y	W	H	M	C	P
0	0.05383	0.00667	0.00816	0.00825	0.00991	0.00652	0.00653	0.06821	0.01273	0.09198	0.05493	0.26786	0.14534	0.01294	0.00638	0.00204	0.00391	0.22338	0.00503	0.00540
1	0.00784	0.00551	0.00672	0.00729	0.04233	0.00542	0.00426	0.00839	0.00901	0.01213	0.09435	0.07581	0.04604	0.60600	0.02156	0.00428	0.00473	0.03094	0.00363	0.00377
2	0.01550	0.06759	0.03824	0.10991	0.01750	0.41760	0.01033	0.05108	0.03124	0.01429	0.01148	0.11488	0.01083	0.00714	0.00588	0.00159	0.06049	0.00526	0.00307	0.00611
3	0.19822	0.10730	0.03031	0.00979	0.01338	0.06734	0.00821	0.11968	0.18190	0.15367	0.04948	0.01477	0.01201	0.00615	0.00465	0.00159	0.00498	0.00460	0.00451	0.00747
4	0.42582	0.05117	0.01302	0.05352	0.11382	0.15388	0.00896	0.09175	0.01223	0.02084	0.00849	0.01004	0.00671	0.00513	0.00411	0.00156	0.00576	0.00349	0.00320	0.00653
5	0.00875	0.00547	0.00740	0.00806	0.00905	0.00513	0.00606	0.01030	0.01159	0.09089	0.10269	0.47617	0.03321	0.01453	0.00669	0.00212	0.00358	0.18820	0.00515	0.00496
6	0.01267	0.01366	0.02816	0.12301	0.02801	0.01336	0.61397	0.06692	0.01307	0.01759	0.01066	0.01413	0.00796	0.00469	0.00605	0.00177	0.00846	0.00594	0.00281	0.00709
7	0.01413	0.81739	0.02770	0.00905	0.01357	0.02092	0.00905	0.01583	0.01074	0.01244	0.00735	0.00848	0.00678	0.00452	0.00339	0.00113	0.00565	0.00283	0.00226	0.00678
8	0.00659	0.00473	0.00603	0.00700	0.00738	0.00442	0.00462	0.00742	0.00995	0.01313	0.02939	0.65148	0.08997	0.12013	0.00933	0.00251	0.00331	0.01378	0.00469	0.00416
9	0.00884	0.00529	0.00707	0.00752	0.00846	0.00485	0.00529	0.01013	0.01147	0.11500	0.13612	0.59635	0.03427	0.01443	0.00649	0.00201	0.00317	0.01298	0.00525	0.00501
10	0.00825	0.00589	0.00821	0.00943	0.01053	0.00585	0.00805	0.01049	0.01190	0.01552	0.02814	0.15739	0.03102	0.01486	0.00723	0.00240	0.00463	0.65056	0.00487	0.00479
11	0.00802	0.00598	0.00753	0.00708	0.00848	0.00578	0.00532	0.01172	0.09023	0.02111	0.68539	0.05569	0.04617	0.01058	0.00616	0.00169	0.00268	0.00933	0.00575	0.00531
12	0.01815	0.01356	0.01491	0.01225	0.03593	0.01495	0.00982	0.60915	0.08152	0.03038	0.03700	0.01747	0.01230	0.00710	0.00547	0.00167	0.00554	0.05911	0.00521	0.00851
13	0.00963	0.00752	0.01022	0.00946	0.01063	0.00896	0.00745	0.10273	0.01041	0.01479	0.01321	0.01951	0.01228	0.08391	0.54336	0.00661	0.11539	0.00555	0.00309	0.00528
14	0.00856	0.00518	0.00685	0.00751	0.00836	0.00473	0.00521	0.00964	0.01084	0.10864	0.02939	0.67341	0.07106	0.01516	0.00655	0.00207	0.00322	0.01363	0.00511	0.00488
15	0.07119	0.01244	0.01386	0.01088	0.01486	0.01324	0.00892	0.41678	0.11046	0.24838	0.01578	0.01481	0.01083	0.00641	0.00518	0.00163	0.00514	0.00495	0.00554	0.00872
16	0.15078	0.01603	0.03425	0.01149	0.01485	0.24192	0.05480	0.22914	0.05553	0.02209	0.01132	0.01239	0.00864	0.00572	0.00467	0.00151	0.00638	0.00421	0.10733	0.00695
17	0.00655	0.00481	0.00615	0.00700	0.00763	0.00441	0.00480	0.00774	0.01102	0.01462	0.13181	0.60783	0.13543	0.01538	0.00661	0.00203	0.00294	0.01379	0.00503	0.00441
