[name]
unknown

[dist]
# distance from previous block
# <min> <max>
0	363

[block]
# block no. 0 follows, 46 sequences, length 13
# corresponding to MSA columns:
# 402-414
name=unknown_A
#
# <colnr> <probs for GDERKNQSTAVLIFYWHMCP>
#	G	D	E	R	K	N	Q	S	T	A	V	L	I	F	Y	W	H	M	C	P
0	0.01175	0.01116	0.01391	0.01038	0.01481	0.07185	0.10983	0.01431	0.01156	0.01676	0.01053	0.01406	0.00906	0.00472	0.00449	0.00106	0.00511	0.04576	0.00313	0.61575
1	0.00777	0.00520	0.00629	0.00660	0.00742	0.00479	0.00446	0.00872	0.01053	0.05720	0.08401	0.35485	0.18529	0.21846	0.01167	0.00277	0.00355	0.01141	0.00463	0.00437
2	0.17417	0.00767	0.00895	0.00778	0.01052	0.00732	0.00630	0.01647	0.01320	0.29601	0.18307	0.02932	0.13515	0.00886	0.00544	0.00173	0.00376	0.07239	0.00537	0.00649
3	0.01038	0.00980	0.01658	0.70236	0.13243	0.01185	0.01488	0.01386	0.01076	0.01399	0.00947	0.01396	0.00722	0.00521	0.00528	0.00174	0.00695	0.00470	0.00238	0.00620
4	0.00689	0.00525	0.00637	0.00667	0.00778	0.00487	0.00489	0.00837	0.01153	0.01501	0.17045	0.22069	0.30528	0.06908	0.07773	0.00271	0.00407	0.06310	0.00477	0.00449
5	0.00950	0.00581	0.00696	0.00669	0.00839	0.00509	0.00496	0.01098	0.01239	0.14615	0.14391	0.21044	0.35043	0.04506	0.00704	0.00196	0.00315	0.01065	0.00525	0.00522
6	0.07534	0.00853	0.01071	0.00872	0.01209	0.00789	0.00704	0.02179	0.08151	0.50943	0.09069	0.04796	0.07924	0.00775	0.00539	0.00168	0.00407	0.00638	0.00597	0.00784
7	0.01382	0.01629	0.02819	0.02068	0.02554	0.15782	0.62273	0.01771	0.01294	0.01619	0.01023	0.01338	0.00780	0.00464	0.00597	0.00170	0.00903	0.00571	0.00268	0.00694
8	0.07218	0.00609	0.00727	0.00707	0.00864	0.00575	0.00537	0.01119	0.01229	0.10047	0.23887	0.13733	0.17686	0.09325	0.00820	0.00218	0.00348	0.09336	0.00504	0.00509
9	0.07861	0.00622	0.00765	0.00724	0.00891	0.00586	0.00545	0.01224	0.01289	0.14427	0.32580	0.19807	0.08804	0.04376	0.00682	0.00193	0.00327	0.03218	0.00534	0.00545
10	0.00951	0.00623	0.00785	0.00726	0.00887	0.00585	0.00548	0.06070	0.01471	0.08822	0.49675	0.14787	0.09777	0.01116	0.00617	0.00173	0.00299	0.00978	0.00565	0.00547
11	0.01354	0.00858	0.01109	0.01045	0.05576	0.00797	0.00800	0.08206	0.03711	0.18359	0.06969	0.07614	0.01990	0.00896	0.00570	0.00170	0.00447	0.20661	0.00485	0.18382
12	0.44377	0.00904	0.00846	0.00762	0.01033	0.00984	0.00603	0.08724	0.02762	0.07358	0.06346	0.14114	0.07703	0.00809	0.00462	0.00173	0.00391	0.00627	0.00428	0.00595

[dist]
# distance from previous block
# <min> <max>
0	4

[block]
# block no. 1 follows, 46 sequences, length 21
# corresponding to MSA columns:
# 419-439
name=unknown_B
#
# <colnr> <probs for GDERKNQSTAVLIFYWHMCP>
#	G	D	E	R	K	N	Q	S	T	A	V	L	I	F	Y	W	H	M	C	P
0	0.08779	0.01161	0.01285	0.01012	0.01380	0.01219	0.00826	0.40995	0.01927	0.21378	0.04703	0.01838	0.07366	0.02988	0.00585	0.00172	0.00495	0.00552	0.00536	0.00804
1	0.01103	0.01042	0.01738	0.54053	0.25859	0.01204	0.01490	0.01489	0.04052	0.01497	0.01003	0.01401	0.00780	0.00519	0.00527	0.00171	0.00671	0.00475	0.00255	0.00672
2	0.02372	0.00900	0.01227	0.00941	0.01350	0.00777	0.00777	0.02576	0.01513	0.78489	0.02086	0.01799	0.01309	0.00654	0.00532	0.00164	0.00450	0.00532	0.00654	0.00900
3	0.00736	0.00508	0.00577	0.00595	0.00618	0.00494	0.00353	0.00763	0.00848	0.01113	0.02226	0.14512	0.10083	0.61870	0.02192	0.00436	0.00458	0.00908	0.00362	0.00349
4	0.00946	0.00662	0.00831	0.00714	0.00932	0.00572	0.00545	0.01169	0.01333	0.07010	0.45590	0.03128	0.03409	0.07371	0.00730	0.00175	0.00326	0.02957	0.00497	0.21103
5	0.01663	0.01206	0.02038	0.01521	0.01954	0.01180	0.32011	0.10472	0.10983	0.24995	0.03822	0.01659	0.01190	0.00591	0.00595	0.00172	0.02111	0.00583	0.00456	0.00797
6	0.02372	0.00900	0.01227	0.00941	0.01350	0.00777	0.00777	0.02576	0.01513	0.78489	0.02086	0.01799	0.01309	0.00654	0.00532	0.00164	0.00450	0.00532	0.00654	0.00900
7	0.00756	0.00562	0.00828	0.00828	0.00914	0.00649	0.00633	0.00930	0.00843	0.01211	0.01436	0.02188	0.01370	0.10208	0.73149	0.00822	0.01343	0.00583	0.00286	0.00460
8	0.05857	0.01370	0.02386	0.04053	0.02271	0.04306	0.44391	0.12950	0.01433	0.10860	0.01173	0.01388	0.00852	0.00525	0.00617	0.00173	0.03748	0.00552	0.00352	0.00743
9	0.01344	0.01397	0.02948	0.02113	0.02636	0.01316	0.68816	0.04689	0.01312	0.06261	0.01137	0.01442	0.00836	0.00465	0.00615	0.00177	0.00853	0.00613	0.00300	0.00731
10	0.02372	0.00900	0.01227	0.00941	0.01350	0.00777	0.00777	0.02576	0.01513	0.78489	0.02086	0.01799	0.01309	0.00654	0.00532	0.00164	0.00450	0.00532	0.00654	0.00900
11	0.00917	0.00559	0.00729	0.00717	0.00850	0.00507	0.00525	0.01096	0.01304	0.11935	0.35484	0.31238	0.09596	0.01249	0.00630	0.00184	0.00298	0.01107	0.00552	0.00523
12	0.01436	0.01128	0.01789	0.04457	0.01775	0.04662	0.22059	0.01690	0.01223	0.20038	0.06112	0.01975	0.06136	0.00747	0.00857	0.00187	0.19435	0.03223	0.00392	0.00679
13	0.01856	0.02341	0.01763	0.01503	0.01819	0.66567	0.13299	0.02043	0.01457	0.01359	0.00858	0.01031	0.00701	0.00529	0.00501	0.00143	0.00943	0.00387	0.00272	0.00629
14	0.02305	0.00902	0.01220	0.00932	0.01344	0.00773	0.00769	0.02511	0.01491	0.74481	0.02026	0.01763	0.01281	0.00641	0.00524	0.00159	0.00447	0.00520	0.00637	0.05272
15	0.01263	0.07705	0.01950	0.29878	0.39584	0.05380	0.01461	0.03727	0.01195	0.01580	0.00953	0.01287	0.00772	0.00498	0.00508	0.00159	0.00666	0.00449	0.00258	0.00727
16	0.01646	0.01349	0.01694	0.04255	0.23083	0.07649	0.03967	0.21197	0.13366	0.10819	0.01342	0.01429	0.01003	0.00599	0.00582	0.00165	0.04128	0.00494	0.00417	0.00818
17	0.50422	0.04365	0.09529	0.00920	0.01318	0.03632	0.02864	0.04078	0.04100	0.12906	0.01032	0.01093	0.00751	0.00527	0.00403	0.00162	0.00497	0.00361	0.00369	0.00671
18	0.40380	0.01377	0.01359	0.01356	0.12384	0.15860	0.06939	0.01733	0.05371	0.01955	0.00901	0.01067	0.00719	0.00517	0.00466	0.00159	0.03138	0.00374	0.00311	0.03632
19	0.11378	0.00925	0.01162	0.00965	0.01281	0.00927	0.04750	0.03957	0.17315	0.30507	0.14105	0.05168	0.01967	0.00763	0.00539	0.00172	0.00429	0.02399	0.00546	0.00746
20	0.16406	0.15186	0.04433	0.00978	0.01362	0.03312	0.04409	0.05708	0.06303	0.22775	0.08288	0.01622	0.01344	0.00617	0.00470	0.00154	0.00495	0.01716	0.00440	0.03982

[dist]
# distance from previous block
# <min> <max>
2	10

[block]
# block no. 2 follows, 46 sequences, length 22
# corresponding to MSA columns:
# 450-471
name=unknown_C
#
# <colnr> <probs for GDERKNQSTAVLIFYWHMCP>
#	G	D	E	R	K	N	Q	S	T	A	V	L	I	F	Y	W	H	M	C	P
0	0.01852	0.01105	0.04297	0.01587	0.19078	0.00994	0.05721	0.05945	0.04531	0.41264	0.01704	0.01803	0.01210	0.00628	0.00541	0.00166	0.00536	0.04019	0.00499	0.02520
1	0.08890	0.06049	0.01369	0.01129	0.05808	0.01110	0.03205	0.11216	0.15372	0.25258	0.04017	0.05565	0.01449	0.00710	0.00520	0.00167	0.00476	0.04057	0.00500	0.03131
2	0.05939	0.00856	0.01076	0.03868	0.12287	0.02679	0.00773	0.06672	0.03738	0.05778	0.20346	0.06641	0.04912	0.12230	0.00859	0.00216	0.00448	0.05049	0.00435	0.05198
3	0.01206	0.00957	0.01239	0.08215	0.11751	0.01006	0.00919	0.16668	0.10156	0.03045	0.13512	0.07403	0.05118	0.03122	0.00634	0.00184	0.00476	0.09306	0.00453	0.04632
4	0.08763	0.00877	0.03885	0.19401	0.07904	0.00883	0.00918	0.03687	0.04642	0.07528	0.01932	0.23704	0.05620	0.05347	0.00678	0.00203	0.00490	0.02553	0.00395	0.00591
5	0.05884	0.01114	0.01736	0.22690	0.38874	0.01201	0.01362	0.05174	0.05677	0.05657	0.01122	0.01408	0.00883	0.00680	0.04162	0.00196	0.00649	0.00476	0.00308	0.00747
6	0.09487	0.01603	0.01548	0.04265	0.22985	0.27595	0.01098	0.09737	0.01407	0.08008	0.01060	0.01291	0.00855	0.04655	0.00599	0.00169	0.00691	0.00427	0.00335	0.02187
7	0.14342	0.01210	0.08421	0.07575	0.24325	0.01109	0.08755	0.01680	0.06788	0.08550	0.05595	0.06853	0.01280	0.00627	0.00519	0.00169	0.00566	0.00562	0.00355	0.00719
8	0.00791	0.00578	0.00773	0.00872	0.00991	0.00560	0.00732	0.01000	0.01199	0.01549	0.05594	0.14951	0.13825	0.01455	0.00705	0.00228	0.00426	0.52805	0.00491	0.00474
9	0.01694	0.01328	0.02967	0.01325	0.04288	0.01392	0.08918	0.36680	0.17096	0.08824	0.01439	0.01455	0.01046	0.00619	0.00570	0.00163	0.03076	0.00508	0.00476	0.06135
10	0.01101	0.01019	0.01586	0.12575	0.31604	0.01012	0.05149	0.01469	0.06832	0.01670	0.04379	0.06338	0.09609	0.00668	0.00535	0.00157	0.00532	0.00612	0.00336	0.12820
11	0.03278	0.17710	0.10545	0.01334	0.01804	0.01417	0.18448	0.16331	0.06456	0.07250	0.01229	0.04528	0.00974	0.00570	0.00503	0.00154	0.00625	0.00501	0.00363	0.05980
12	0.01124	0.02287	0.52816	0.01754	0.02451	0.01265	0.27370	0.01681	0.01161	0.01681	0.00990	0.01222	0.00715	0.00483	0.00544	0.00171	0.00819	0.00470	0.00238	0.00758
13	0.02349	0.00936	0.01249	0.00958	0.01368	0.00831	0.00791	0.07168	0.01574	0.73812	0.02035	0.01766	0.01283	0.00653	0.00531	0.00163	0.00458	0.00528	0.00647	0.00900
14	0.00820	0.00590	0.00814	0.11628	0.01229	0.00602	0.00668	0.01026	0.04657	0.05034	0.02581	0.54957	0.04402	0.03421	0.00695	0.00214	0.00388	0.05320	0.00461	0.00493
15	0.03808	0.03104	0.29239	0.01824	0.08384	0.02824	0.30399	0.01659	0.03462	0.01696	0.01179	0.03407	0.00968	0.00568	0.00561	0.00175	0.00760	0.04979	0.00279	0.00724
16	0.00666	0.00537	0.00592	0.00579	0.00739	0.00464	0.00434	0.00838	0.01302	0.01658	0.29476	0.04709	0.53645	0.01253	0.00624	0.00174	0.00262	0.01063	0.00521	0.00464
17	0.00644	0.00460	0.00613	0.00736	0.00767	0.00429	0.00491	0.00736	0.01012	0.01350	0.02914	0.81076	0.03497	0.01656	0.00675	0.00215	0.00307	0.01503	0.00491	0.00429
18	0.01881	0.10243	0.01629	0.01318	0.01595	0.68047	0.01016	0.02020	0.01424	0.01288	0.00803	0.00953	0.00681	0.00554	0.00522	0.00138	0.04663	0.00341	0.00266	0.00618
19	0.00692	0.00495	0.00626	0.00712	0.00759	0.00469	0.00488	0.00786	0.01000	0.01314	0.02847	0.49539	0.09540	0.18512	0.01104	0.00278	0.00367	0.09603	0.00454	0.00414
20	0.01357	0.04240	0.13960	0.01526	0.10780	0.01241	0.12585	0.17182	0.07724	0.02069	0.01129	0.01275	0.00864	0.00506	0.00499	0.00143	0.00605	0.00448	0.00346	0.21522
21	0.06747	0.01603	0.23634	0.06617	0.20872	0.01219	0.01366	0.07309	0.13579	0.03240	0.02391	0.01371	0.00964	0.00544	0.00500	0.00160	0.00600	0.00455	0.00333	0.06498

[dist]
# distance from previous block
# <min> <max>
2	5

[block]
# block no. 3 follows, 46 sequences, length 18
# corresponding to MSA columns:
# 477,480-496
name=unknown_D
#
# <colnr> <probs for GDERKNQSTAVLIFYWHMCP>
#	G	D	E	R	K	N	Q	S	T	A	V	L	I	F	Y	W	H	M	C	P
0	0.01580	0.16217	0.01710	0.01318	0.08873	0.08939	0.00987	0.21951	0.28791	0.02197	0.01418	0.01418	0.01088	0.00606	0.00492	0.00155	0.00560	0.00471	0.00426	0.00803
1	0.01390	0.05143	0.01188	0.00880	0.01230	0.00867	0.01948	0.10473	0.02722	0.17660	0.10384	0.06465	0.05293	0.00730	0.00509	0.00141	0.00420	0.04031	0.01596	0.26930
2	0.01576	0.09422	0.29175	0.01366	0.08908	0.01164	0.01293	0.03535	0.06810	0.26278	0.01390	0.01391	0.00968	0.00557	0.00497	0.00157	0.00594	0.00447	0.00398	0.04074
3	0.01318	0.06591	0.24487	0.07566	0.08912	0.02866	0.06240	0.07164	0.01280	0.12471	0.01535	0.12154	0.03691	0.00709	0.00537	0.00169	0.00617	0.00611	0.00360	0.00724
4	0.00678	0.00531	0.00614	0.00607	0.00750	0.00467	0.00450	0.00857	0.01312	0.01713	0.35634	0.10860	0.41127	0.01256	0.00628	0.00176	0.00263	0.01080	0.00529	0.00467
5	0.01342	0.05277	0.16254	0.01865	0.13558	0.01258	0.28337	0.06990	0.04257	0.08078	0.01345	0.02837	0.02910	0.00571	0.00559	0.00170	0.00704	0.02596	0.00332	0.00758
6	0.01333	0.01568	0.18937	0.06851	0.40542	0.01240	0.09580	0.05178	0.01261	0.06856	0.01075	0.01315	0.00823	0.00498	0.00531	0.00163	0.00680	0.00474	0.00291	0.00805
7	0.01273	0.01280	0.02641	0.19507	0.02857	0.01260	0.54112	0.01681	0.01224	0.07146	0.01114	0.01449	0.00817	0.00479	0.00596	0.00177	0.00818	0.00583	0.00288	0.00698
8	0.00763	0.00536	0.00696	0.00696	0.00737	0.00577	0.00469	0.00845	0.00804	0.01113	0.01557	0.02857	0.01660	0.47686	0.36068	0.00659	0.00906	0.00681	0.00304	0.00386
9	0.01407	0.31758	0.22694	0.01335	0.07661	0.05182	0.03385	0.03296	0.09410	0.07547	0.01094	0.01181	0.00846	0.00519	0.00452	0.00146	0.00631	0.00396	0.00304	0.00755
10	0.01117	0.01088	0.01899	0.47028	0.23647	0.01237	0.09270	0.01456	0.01104	0.01484	0.00955	0.01370	0.00750	0.00525	0.00600	0.00174	0.04896	0.00486	0.00245	0.00668
11	0.00746	0.00564	0.00817	0.00826	0.00912	0.00641	0.00631	0.00913	0.00882	0.01246	0.01764	0.11623	0.05073	0.05644	0.62516	0.00720	0.02993	0.00706	0.00317	0.00464
12	0.00774	0.00523	0.00615	0.00624	0.00639	0.00529	0.00382	0.00805	0.00807	0.01080	0.01733	0.03554	0.01965	0.70355	0.07627	0.00515	0.00571	0.06228	0.00330	0.00343
13	0.06976	0.05589	0.29531	0.01556	0.13893	0.07423	0.01371	0.08056	0.04787	0.14103	0.01185	0.01265	0.00855	0.00543	0.00493	0.00160	0.00650	0.00427	0.00349	0.00790
14	0.02049	0.00903	0.01263	0.00991	0.01368	0.00807	0.04756	0.05552	0.01502	0.59427	0.03779	0.02290	0.06452	0.00749	0.00557	0.00170	0.00466	0.05490	0.00605	0.00825
15	0.01975	0.02520	0.01498	0.01362	0.01634	0.79299	0.01021	0.02111	0.01498	0.01294	0.00817	0.00953	0.00681	0.00545	0.00477	0.00136	0.00953	0.00340	0.00272	0.00613
16	0.01437	0.46409	0.23507	0.01162	0.04446	0.01651	0.01204	0.01739	0.01148	0.11457	0.00980	0.01063	0.00764	0.00493	0.00416	0.00136	0.00612	0.00352	0.00283	0.00742
17	0.01060	0.00882	0.01027	0.00788	0.01168	0.00731	0.00623	0.03791	0.06702	0.01880	0.16239	0.01836	0.03822	0.00584	0.00459	0.00108	0.00368	0.00487	0.00394	0.57050

[dist]
# distance from previous block
# <min> <max>
2	4

[block]
# block no. 4 follows, 46 sequences, length 25
# corresponding to MSA columns:
# 502-526
name=unknown_E
#
# <colnr> <probs for GDERKNQSTAVLIFYWHMCP>
#	G	D	E	R	K	N	Q	S	T	A	V	L	I	F	Y	W	H	M	C	P
0	0.85155	0.01022	0.00777	0.00695	0.01022	0.01186	0.00573	0.01554	0.00900	0.02372	0.00736	0.00859	0.00573	0.00491	0.00327	0.00164	0.00409	0.00286	0.00327	0.00573
1	0.85155	0.01022	0.00777	0.00695	0.01022	0.01186	0.00573	0.01554	0.00900	0.02372	0.00736	0.00859	0.00573	0.00491	0.00327	0.00164	0.00409	0.00286	0.00327	0.00573
2	0.02010	0.01481	0.01587	0.01216	0.01639	0.01639	0.01005	0.76360	0.02486	0.03332	0.01269	0.01269	0.00899	0.00635	0.00529	0.00159	0.00582	0.00476	0.00529	0.00899
3	0.00766	0.00524	0.00635	0.00635	0.00655	0.00544	0.00393	0.00806	0.00786	0.01068	0.01613	0.03165	0.01794	0.64939	0.18998	0.00584	0.00705	0.00726	0.00312	0.00353
4	0.00755	0.00566	0.00850	0.00850	0.00944	0.00661	0.00661	0.00944	0.00850	0.01227	0.01416	0.02077	0.01322	0.03965	0.79326	0.00850	0.01416	0.00566	0.00283	0.00472
5	0.00643	0.00464	0.00609	0.00725	0.00764	0.00430	0.00486	0.00737	0.01023	0.01354	0.03054	0.76717	0.07765	0.01638	0.00672	0.00213	0.00304	0.01481	0.00491	0.00430
6	0.01248	0.01426	0.03119	0.02228	0.02763	0.01337	0.76203	0.01693	0.01248	0.01693	0.01070	0.01426	0.00802	0.00446	0.00624	0.00178	0.00891	0.00624	0.00267	0.00713
7	0.02010	0.01481	0.01587	0.01216	0.01639	0.01639	0.01005	0.76360	0.02486	0.03332	0.01269	0.01269	0.00899	0.00635	0.00529	0.00159	0.00582	0.00476	0.00529	0.00899
8	0.01308	0.01256	0.02146	0.03245	0.78123	0.01256	0.01622	0.01622	0.01204	0.01727	0.00994	0.01308	0.00837	0.00471	0.00523	0.00157	0.00628	0.00471	0.00262	0.00837
9	0.00676	0.00535	0.00595	0.00581	0.00729	0.00469	0.00428	0.00839	0.01269	0.01627	0.29083	0.04590	0.48130	0.07192	0.00778	0.00199	0.00280	0.01037	0.00508	0.00454
10	0.00795	0.00606	0.00841	0.00822	0.00878	0.00706	0.00608	0.00920	0.00828	0.01179	0.01465	0.05019	0.01502	0.25435	0.47413	0.00672	0.08933	0.00645	0.00295	0.00438
11	0.01015	0.00950	0.01565	0.75966	0.03521	0.01182	0.01435	0.01428	0.05085	0.01396	0.01004	0.01439	0.00753	0.00539	0.00529	0.00176	0.00690	0.00477	0.00251	0.00600
12	0.02356	0.00926	0.01243	0.00953	0.01363	0.00816	0.00787	0.05907	0.01557	0.75097	0.02049	0.01775	0.01290	0.00653	0.00532	0.00163	0.00456	0.00529	0.00649	0.00900
13	0.01310	0.01300	0.02009	0.11488	0.60190	0.06518	0.01537	0.01604	0.01184	0.01629	0.00959	0.01287	0.00804	0.00509	0.00593	0.00162	0.05417	0.00462	0.00258	0.00779
14	0.01068	0.02684	0.75767	0.01535	0.02306	0.01232	0.04817	0.01675	0.01121	0.01675	0.00953	0.01128	0.00675	0.00500	0.00507	0.00168	0.00786	0.00400	0.00225	0.00779
15	0.01599	0.00775	0.01032	0.00888	0.01152	0.00720	0.02098	0.04204	0.05384	0.38497	0.09119	0.18267	0.02198	0.03688	0.00650	0.00190	0.00411	0.04924	0.03499	0.00704
16	0.00649	0.00464	0.00618	0.00733	0.00768	0.00433	0.00491	0.00748	0.01034	0.01385	0.06352	0.77537	0.03565	0.01630	0.00672	0.00212	0.00304	0.01478	0.00495	0.00433
17	0.01135	0.24426	0.26539	0.01198	0.01657	0.01337	0.07606	0.05379	0.01161	0.01558	0.01433	0.16510	0.03867	0.00753	0.00544	0.00164	0.03135	0.00624	0.00305	0.00667
18	0.04137	0.07094	0.16512	0.11462	0.18035	0.01157	0.04158	0.02816	0.02405	0.11080	0.01260	0.06138	0.01053	0.03690	0.04186	0.00210	0.03043	0.00527	0.00324	0.00712
19	0.01192	0.10159	0.12743	0.01463	0.10946	0.02724	0.12590	0.02767	0.03544	0.05668	0.06693	0.01839	0.01321	0.12922	0.05949	0.00260	0.05697	0.00552	0.00319	0.00651
20	0.00981	0.17097	0.06542	0.00980	0.01236	0.03436	0.06292	0.01182	0.01123	0.01447	0.06431	0.19415	0.16206	0.01020	0.00663	0.00177	0.07420	0.05457	0.00375	0.02519
21	0.01528	0.04872	0.07687	0.02812	0.13070	0.08705	0.04499	0.04718	0.05469	0.18385	0.03154	0.03955	0.01157	0.00595	0.00504	0.00147	0.00567	0.01929	0.00397	0.15850
22	0.05591	0.14134	0.34212	0.01454	0.11720	0.04633	0.01373	0.01626	0.01139	0.05692	0.01090	0.06196	0.00911	0.00564	0.00473	0.00152	0.00636	0.00449	0.00284	0.07670
23	0.02888	0.01497	0.21758	0.01609	0.14537	0.01064	0.10765	0.04221	0.03931	0.13798	0.01411	0.06143	0.02521	0.00687	0.02542	0.00178	0.00632	0.00540	0.00357	0.08920
24	0.06363	0.05336	0.12494	0.07250	0.09959	0.03986	0.10469	0.06070	0.06471	0.14142	0.01211	0.01340	0.00892	0.00551	0.00563	0.00160	0.04520	0.00460	0.00357	0.07406

[dist]
# distance from previous block
# <min> <max>
0	47

# created by:
# /home/berkeley/.conda/envs/busco_data_prod/bin/msa2prfl.pl pipeline/OGs_align_augustus/33634/160351.fs
