[name]
unknown

[dist]
# distance from previous block
# <min> <max>
0	157

[block]
# block no. 0 follows, 39 sequences, length 12
# corresponding to MSA columns:
# 166-177
name=unknown_A
#
# <colnr> <probs for GDERKNQSTAVLIFYWHMCP>
#	G	D	E	R	K	N	Q	S	T	A	V	L	I	F	Y	W	H	M	C	P
0	0.01524	0.15576	0.17636	0.01470	0.04168	0.01501	0.08253	0.04553	0.05929	0.11620	0.01395	0.01800	0.01144	0.05496	0.00914	0.00215	0.12093	0.03542	0.00376	0.00796
1	0.01487	0.40132	0.06636	0.05857	0.01795	0.06460	0.08027	0.01758	0.01350	0.06049	0.11247	0.01760	0.03849	0.00661	0.00509	0.00157	0.00652	0.00525	0.00353	0.00738
2	0.01509	0.07735	0.19172	0.01567	0.05156	0.04460	0.12451	0.13849	0.11372	0.04068	0.05847	0.01849	0.04262	0.00688	0.00588	0.00181	0.00698	0.00593	0.03117	0.00838
3	0.01372	0.09019	0.09252	0.26197	0.33133	0.01486	0.04545	0.04806	0.01336	0.01818	0.01077	0.01432	0.00857	0.00555	0.00570	0.00180	0.00748	0.00505	0.00289	0.00824
4	0.06229	0.12352	0.11773	0.21889	0.02290	0.04647	0.03711	0.01546	0.01188	0.01620	0.01685	0.01943	0.11735	0.00781	0.00794	0.00194	0.14055	0.00577	0.00310	0.00680
5	0.01388	0.08973	0.34984	0.02275	0.23273	0.06080	0.11064	0.01880	0.01317	0.01825	0.01064	0.01317	0.00823	0.00542	0.00569	0.00178	0.00832	0.00482	0.00272	0.00861
6	0.01414	0.05783	0.05129	0.01464	0.01824	0.01249	0.22021	0.03387	0.08986	0.10755	0.07247	0.02352	0.04863	0.12300	0.01107	0.00252	0.08001	0.00705	0.00427	0.00733
7	0.01288	0.01176	0.01735	0.06250	0.23421	0.01038	0.05771	0.01600	0.01285	0.01917	0.03517	0.01445	0.01045	0.00502	0.00516	0.00130	0.00567	0.00458	0.00335	0.46005
8	0.00732	0.00523	0.00696	0.00816	0.00860	0.00488	0.00550	0.00852	0.01185	0.01593	0.10209	0.71643	0.04073	0.01791	0.00749	0.00235	0.00337	0.01622	0.00559	0.00488
9	0.01521	0.01604	0.03237	0.02326	0.02906	0.01545	0.62745	0.12442	0.01600	0.02164	0.01229	0.01569	0.00913	0.00530	0.00682	0.00196	0.00946	0.00674	0.00342	0.00828
10	0.02453	0.01049	0.01437	0.01126	0.01516	0.01008	0.00932	0.02667	0.01577	0.64970	0.02104	0.01907	0.01363	0.00777	0.00793	0.00194	0.11929	0.00583	0.00662	0.00954
11	0.00853	0.00669	0.00901	0.12058	0.01338	0.00659	0.00698	0.01126	0.01543	0.02105	0.51776	0.04230	0.17486	0.01170	0.00682	0.00190	0.00358	0.01022	0.00575	0.00562

[dist]
# distance from previous block
# <min> <max>
0	8

[block]
# block no. 1 follows, 39 sequences, length 6
# corresponding to MSA columns:
# 186-191
name=unknown_B
#
# <colnr> <probs for GDERKNQSTAVLIFYWHMCP>
#	G	D	E	R	K	N	Q	S	T	A	V	L	I	F	Y	W	H	M	C	P
0	0.01869	0.01227	0.01394	0.06480	0.01698	0.04478	0.00963	0.09022	0.32199	0.25255	0.07244	0.02139	0.01778	0.00778	0.00602	0.00190	0.00530	0.00639	0.00608	0.00907
1	0.01013	0.00758	0.01046	0.01271	0.15357	0.00738	0.00698	0.01078	0.00989	0.01366	0.01661	0.08191	0.01817	0.44077	0.02119	0.09879	0.00566	0.00777	0.00347	0.06252
2	0.01162	0.05597	0.01636	0.41028	0.02755	0.06722	0.03508	0.01473	0.01303	0.01674	0.15650	0.07065	0.01927	0.00813	0.00687	0.00194	0.05118	0.00689	0.00361	0.00638
3	0.01274	0.01094	0.01248	0.00940	0.01428	0.00922	0.00747	0.01812	0.15534	0.02034	0.01316	0.01418	0.01057	0.00509	0.00470	0.00110	0.00444	0.00413	0.00399	0.66832
4	0.01412	0.00747	0.00936	0.00827	0.01082	0.00671	0.00648	0.01680	0.03819	0.25414	0.24784	0.07215	0.19829	0.01128	0.00654	0.00191	0.00372	0.03122	0.04776	0.00694
5	0.01601	0.07042	0.01659	0.16192	0.02105	0.01593	0.01126	0.20085	0.37119	0.02516	0.01783	0.01798	0.01333	0.00717	0.00581	0.00189	0.00588	0.00581	0.00508	0.00886

[dist]
# distance from previous block
# <min> <max>
1	32

[block]
# block no. 2 follows, 39 sequences, length 34
# corresponding to MSA columns:
# 224-257
name=unknown_C
#
# <colnr> <probs for GDERKNQSTAVLIFYWHMCP>
#	G	D	E	R	K	N	Q	S	T	A	V	L	I	F	Y	W	H	M	C	P
0	0.01396	0.01098	0.01280	0.00926	0.01444	0.00879	0.00746	0.07516	0.01382	0.06512	0.01158	0.01289	0.00922	0.00478	0.00460	0.00101	0.00459	0.00380	0.00393	0.71179
1	0.01371	0.01312	0.02252	0.03097	0.57808	0.01285	0.07526	0.01705	0.01322	0.01887	0.01326	0.09027	0.01221	0.00649	0.00602	0.00179	0.00676	0.00643	0.00322	0.05790
2	0.00917	0.00623	0.00798	0.00771	0.00925	0.00578	0.00597	0.01182	0.01583	0.04679	0.53938	0.04569	0.10678	0.01234	0.00690	0.00194	0.00319	0.09363	0.05795	0.00566
3	0.00721	0.00515	0.00686	0.00823	0.00858	0.00480	0.00549	0.00823	0.01132	0.01510	0.03259	0.78831	0.03911	0.01853	0.00755	0.00240	0.00343	0.01681	0.00549	0.00480
4	0.00926	0.00540	0.00610	0.00663	0.00756	0.00523	0.00464	0.01115	0.01182	0.01855	0.02601	0.31786	0.05487	0.05495	0.00699	0.00204	0.00319	0.01030	0.43233	0.00511
5	0.01217	0.01051	0.01271	0.07219	0.01622	0.00832	0.00778	0.01491	0.01223	0.01893	0.01051	0.01255	0.00869	0.00451	0.00451	0.00097	0.00467	0.00365	0.00343	0.76055
6	0.00729	0.00521	0.00694	0.00818	0.00860	0.00486	0.00550	0.00844	0.01170	0.01570	0.08333	0.73584	0.04029	0.01807	0.00751	0.00236	0.00339	0.01638	0.00556	0.00486
7	0.02137	0.01790	0.01397	0.01215	0.01540	0.36889	0.00936	0.02330	0.01630	0.27753	0.06532	0.05461	0.01526	0.00757	0.00570	0.00169	0.00735	0.00575	0.05287	0.00772
8	0.09759	0.02663	0.01601	0.01454	0.01765	0.69819	0.01096	0.02304	0.01614	0.01560	0.00906	0.01057	0.00750	0.00604	0.00518	0.00155	0.01010	0.00375	0.00310	0.00681
9	0.00861	0.00628	0.00813	0.00769	0.00915	0.00591	0.00582	0.01185	0.04028	0.02357	0.70760	0.04411	0.05394	0.01208	0.00698	0.00189	0.00293	0.03102	0.00646	0.00570
10	0.01402	0.01036	0.01217	0.00910	0.01391	0.00838	0.00727	0.01771	0.07387	0.11649	0.01628	0.01679	0.05491	0.00570	0.00488	0.00116	0.00441	0.00463	0.00433	0.60364
11	0.00855	0.00613	0.00839	0.00973	0.01070	0.00597	0.00782	0.01058	0.01270	0.01663	0.03246	0.35266	0.05202	0.01718	0.00790	0.00258	0.00459	0.42278	0.00546	0.00518
12	0.00726	0.00536	0.00680	0.00779	0.00850	0.00490	0.00533	0.00852	0.01213	0.01596	0.09656	0.60301	0.16143	0.01739	0.00741	0.00229	0.00330	0.01557	0.00557	0.00490
13	0.01402	0.43048	0.30552	0.05496	0.05321	0.01879	0.01524	0.01797	0.01225	0.01603	0.00937	0.01118	0.00765	0.00533	0.00469	0.00155	0.00735	0.00382	0.00254	0.00805
14	0.00889	0.00698	0.01035	0.01009	0.01105	0.00844	0.00793	0.01092	0.00946	0.01378	0.01505	0.02223	0.01410	0.04103	0.69544	0.00883	0.09071	0.00622	0.00311	0.00540
15	0.04263	0.01203	0.01330	0.01131	0.01481	0.01314	0.00897	0.15932	0.37563	0.13383	0.12773	0.02314	0.02120	0.00826	0.00605	0.00191	0.00479	0.00680	0.00619	0.00895
16	0.00775	0.00574	0.00734	0.00829	0.00926	0.00533	0.00616	0.00938	0.01269	0.01654	0.09693	0.42695	0.18231	0.01682	0.00752	0.00234	0.00372	0.16431	0.00556	0.00504
17	0.01371	0.25804	0.49661	0.01464	0.02203	0.01691	0.01768	0.06363	0.01331	0.01846	0.01013	0.01170	0.00768	0.00555	0.00509	0.00169	0.00788	0.00407	0.00272	0.00848
18	0.00938	0.00587	0.00690	0.00679	0.00704	0.00578	0.00403	0.00946	0.00929	0.04260	0.04768	0.06121	0.02245	0.65666	0.02704	0.05595	0.00548	0.00863	0.00385	0.00390
19	0.00743	0.00517	0.00678	0.00807	0.00848	0.00485	0.00541	0.00857	0.01139	0.01551	0.03180	0.74237	0.03768	0.01783	0.00734	0.00234	0.00339	0.01613	0.05461	0.00485
20	0.02288	0.01057	0.01535	0.01176	0.01610	0.00954	0.07940	0.07032	0.01730	0.55370	0.10854	0.02221	0.01870	0.00765	0.00617	0.00185	0.00534	0.00657	0.00671	0.00932
21	0.22286	0.01424	0.03980	0.03866	0.04608	0.01477	0.01037	0.34845	0.01975	0.16817	0.01407	0.01419	0.00983	0.00658	0.00535	0.00181	0.00589	0.00488	0.00528	0.00897
22	0.03959	0.01860	0.01634	0.01332	0.01746	0.24469	0.01064	0.34438	0.03980	0.17491	0.01462	0.01442	0.01036	0.00683	0.00570	0.00172	0.00739	0.00498	0.00528	0.00899
23	0.75432	0.03847	0.01110	0.00894	0.01279	0.01372	0.05240	0.01749	0.01038	0.02562	0.00847	0.01000	0.00661	0.00544	0.00387	0.00182	0.00497	0.00344	0.00358	0.00654
24	0.00837	0.00604	0.00790	0.00744	0.00883	0.00558	0.00558	0.01116	0.01674	0.02371	0.75216	0.04417	0.05580	0.01209	0.00697	0.00186	0.00279	0.01069	0.00651	0.00558
25	0.04544	0.02194	0.38191	0.06181	0.10772	0.01379	0.19553	0.01855	0.01298	0.04049	0.02528	0.01448	0.00917	0.00568	0.00617	0.00190	0.02058	0.00530	0.00294	0.00835
26	0.01208	0.02909	0.68732	0.01768	0.02614	0.01386	0.09456	0.01875	0.01264	0.01875	0.01075	0.01284	0.00764	0.00555	0.00576	0.00189	0.00887	0.00464	0.00255	0.00866
27	0.00777	0.00576	0.00724	0.00743	0.00861	0.00524	0.00536	0.00978	0.01449	0.01968	0.40754	0.27628	0.17385	0.01459	0.00715	0.00205	0.00302	0.01290	0.00601	0.00524
28	0.00784	0.00567	0.00647	0.00678	0.00743	0.00531	0.00434	0.00856	0.01079	0.01390	0.05544	0.22046	0.22077	0.37953	0.01794	0.00384	0.00437	0.01163	0.00463	0.00431
29	0.00777	0.00577	0.00725	0.00740	0.00860	0.00524	0.00535	0.00981	0.01456	0.01977	0.41401	0.26362	0.18006	0.01450	0.00714	0.00204	0.00302	0.01281	0.00602	0.00524
30	0.00840	0.00576	0.00689	0.00690	0.00731	0.00560	0.00432	0.00926	0.01109	0.01517	0.22053	0.11351	0.03260	0.50324	0.02157	0.00435	0.00470	0.00998	0.00457	0.00425
31	0.01113	0.00607	0.00634	0.00637	0.00787	0.00620	0.00491	0.01477	0.05868	0.02186	0.02058	0.02573	0.01690	0.00774	0.00459	0.00153	0.00310	0.06413	0.70576	0.00575
32	0.15307	0.01095	0.01157	0.01010	0.01315	0.01203	0.00797	0.12715	0.26939	0.04961	0.24171	0.02546	0.02629	0.00867	0.00589	0.00189	0.00437	0.00709	0.00579	0.00783
33	0.11290	0.08502	0.01804	0.12993	0.02063	0.13221	0.06687	0.13839	0.03864	0.12361	0.01264	0.01422	0.00942	0.00687	0.00657	0.02934	0.03788	0.00488	0.00413	0.00781

[dist]
# distance from previous block
# <min> <max>
0	6

[block]
# block no. 3 follows, 39 sequences, length 9
# corresponding to MSA columns:
# 264,265,268-274
name=unknown_D
#
# <colnr> <probs for GDERKNQSTAVLIFYWHMCP>
#	G	D	E	R	K	N	Q	S	T	A	V	L	I	F	Y	W	H	M	C	P
0	0.01605	0.24231	0.31646	0.01506	0.04741	0.01647	0.05912	0.09671	0.01464	0.10532	0.01190	0.01299	0.00878	0.00577	0.00526	0.00169	0.00740	0.00450	0.00348	0.00868
1	0.01589	0.06402	0.05611	0.06825	0.11219	0.01315	0.25189	0.05074	0.03625	0.14842	0.01537	0.07324	0.01233	0.00668	0.00616	0.00185	0.00725	0.00659	0.00409	0.04952
2	0.00760	0.00582	0.00697	0.00709	0.00847	0.00519	0.00516	0.00952	0.01433	0.01894	0.33674	0.21551	0.30810	0.01459	0.00711	0.00203	0.00301	0.01272	0.00591	0.00519
3	0.01358	0.02603	0.54970	0.01865	0.07566	0.01396	0.10190	0.06285	0.01385	0.05199	0.01157	0.01347	0.00826	0.00569	0.00582	0.00187	0.00847	0.00486	0.00300	0.00883
4	0.01756	0.08183	0.16931	0.10222	0.05789	0.01357	0.07874	0.10164	0.05379	0.21814	0.01647	0.01704	0.03193	0.00655	0.00581	0.00183	0.00685	0.00553	0.00452	0.00878
5	0.00909	0.00698	0.00950	0.00916	0.00969	0.00818	0.00671	0.01032	0.00911	0.01296	0.01582	0.02761	0.01635	0.31697	0.39672	0.00720	0.11255	0.00702	0.00325	0.00481
6	0.00749	0.00570	0.00690	0.00726	0.00847	0.00510	0.00519	0.00922	0.01369	0.01803	0.26278	0.32228	0.27566	0.01540	0.00719	0.00210	0.00309	0.01353	0.00580	0.00510
7	0.01644	0.08484	0.14888	0.05976	0.05687	0.07354	0.10336	0.15629	0.01634	0.09305	0.01490	0.05603	0.01225	0.00723	0.00590	0.00184	0.00726	0.04285	0.03416	0.00819
8	0.05795	0.01610	0.11064	0.10645	0.07219	0.05077	0.06795	0.14839	0.14672	0.10399	0.01485	0.01593	0.01087	0.00670	0.00647	0.00190	0.04359	0.00544	0.00443	0.00864

[dist]
# distance from previous block
# <min> <max>
5	43

[block]
# block no. 4 follows, 39 sequences, length 27
# corresponding to MSA columns:
# 318-329,331-345
name=unknown_E
#
# <colnr> <probs for GDERKNQSTAVLIFYWHMCP>
#	G	D	E	R	K	N	Q	S	T	A	V	L	I	F	Y	W	H	M	C	P
0	0.00826	0.00625	0.00778	0.00796	0.00944	0.00561	0.00595	0.01017	0.01342	0.01804	0.21648	0.26502	0.17899	0.04035	0.00786	0.00221	0.00363	0.11175	0.00551	0.07532
1	0.07988	0.05109	0.11125	0.03870	0.18711	0.04522	0.05038	0.11601	0.04577	0.09741	0.06056	0.03404	0.01327	0.00686	0.00625	0.00184	0.03610	0.00567	0.00417	0.00843
2	0.00888	0.00678	0.00826	0.00798	0.00955	0.00659	0.00594	0.01309	0.10962	0.02184	0.48564	0.14223	0.12553	0.01274	0.00693	0.00197	0.00314	0.01119	0.00620	0.00590
3	0.01295	0.01208	0.01916	0.23155	0.08686	0.01322	0.15400	0.03993	0.22253	0.01971	0.01753	0.07636	0.01484	0.00778	0.00639	0.00203	0.00681	0.04432	0.00414	0.00779
4	0.01008	0.00594	0.00636	0.00628	0.00769	0.00584	0.00463	0.01308	0.04333	0.02096	0.13856	0.05724	0.09824	0.05293	0.00652	0.00182	0.00306	0.00766	0.50427	0.00550
5	0.00772	0.00592	0.00709	0.00716	0.00862	0.00529	0.00532	0.00974	0.01454	0.01921	0.34972	0.16618	0.31418	0.01436	0.00712	0.00203	0.00308	0.04158	0.00592	0.00523
6	0.01552	0.01282	0.01708	0.09300	0.24186	0.03982	0.01266	0.17915	0.08492	0.05388	0.03926	0.08187	0.01563	0.00968	0.04032	0.00225	0.00671	0.04073	0.00450	0.00833
7	0.01759	0.19920	0.04134	0.01146	0.01544	0.01612	0.00990	0.34990	0.01933	0.05687	0.01579	0.08355	0.01406	0.06843	0.00747	0.00205	0.00603	0.03592	0.02135	0.00820
8	0.03601	0.01247	0.01432	0.07717	0.04839	0.03747	0.00961	0.14307	0.14251	0.09873	0.01505	0.01574	0.01129	0.00612	0.00529	0.00152	0.00543	0.00492	0.03516	0.27974
9	0.05270	0.07591	0.01722	0.01445	0.07405	0.08703	0.01084	0.27689	0.27897	0.02703	0.01629	0.01615	0.01228	0.00697	0.00563	0.00180	0.00619	0.00541	0.00510	0.00911
10	0.01179	0.00621	0.00685	0.00667	0.00830	0.00609	0.00500	0.01488	0.04565	0.08405	0.05326	0.12111	0.04280	0.00892	0.00501	0.00161	0.00313	0.00747	0.55521	0.00597
11	0.01135	0.00842	0.01061	0.09289	0.01474	0.00901	0.00830	0.01750	0.22259	0.07019	0.05564	0.32978	0.04443	0.01287	0.00683	0.00220	0.00450	0.06589	0.00550	0.00675
12	0.08236	0.01965	0.01490	0.01324	0.01661	0.33952	0.01021	0.09628	0.30350	0.02169	0.01544	0.01541	0.01187	0.00690	0.00553	0.00176	0.00743	0.00504	0.00455	0.00812
13	0.02359	0.01043	0.01412	0.01099	0.01538	0.00944	0.03264	0.02763	0.09910	0.59782	0.04966	0.02082	0.01616	0.00739	0.00597	0.00182	0.00505	0.00615	0.00686	0.03897
14	0.76376	0.01093	0.00842	0.00758	0.01105	0.01261	0.00621	0.01708	0.01026	0.02615	0.00918	0.01067	0.00715	0.00561	0.00370	0.00179	0.00442	0.00340	0.07371	0.00633
15	0.01557	0.72897	0.02989	0.01058	0.01521	0.02295	0.01036	0.01741	0.01176	0.01394	0.00818	0.00978	0.00760	0.00551	0.00513	0.00138	0.07242	0.00333	0.00253	0.00749
16	0.02653	0.01006	0.01372	0.01052	0.01510	0.00869	0.00869	0.02882	0.01693	0.75937	0.02333	0.02013	0.01464	0.00732	0.00595	0.00183	0.00503	0.00595	0.00732	0.01006
17	0.00718	0.00526	0.00675	0.00794	0.00850	0.00483	0.00536	0.00827	0.01160	0.01521	0.03612	0.69388	0.13126	0.01807	0.00748	0.00235	0.00337	0.01625	0.00549	0.00483
18	0.01117	0.01051	0.01774	0.77795	0.04073	0.01314	0.01642	0.01511	0.01182	0.01511	0.01051	0.01577	0.00788	0.00591	0.00591	0.00197	0.00788	0.00526	0.00263	0.00657
19	0.01200	0.08394	0.67836	0.01607	0.02423	0.01416	0.02042	0.01832	0.01233	0.01818	0.01066	0.01272	0.00780	0.00719	0.03721	0.00215	0.00886	0.00437	0.00253	0.00851
20	0.00735	0.00543	0.00691	0.00804	0.00876	0.00499	0.00562	0.00859	0.01189	0.01546	0.03740	0.60096	0.16679	0.01772	0.00750	0.00235	0.00351	0.07036	0.00549	0.00489
21	0.01540	0.75155	0.02979	0.01008	0.01492	0.02250	0.00997	0.01731	0.01188	0.01390	0.00865	0.01026	0.00799	0.00726	0.04660	0.00173	0.00686	0.00334	0.00257	0.00746
22	0.08289	0.01243	0.02052	0.34934	0.21226	0.01385	0.11264	0.01783	0.06929	0.01838	0.01166	0.01541	0.00906	0.00585	0.00615	0.00192	0.02430	0.00543	0.00310	0.00766
23	0.01046	0.00930	0.01580	0.36020	0.02671	0.01031	0.09980	0.01373	0.01244	0.01634	0.01946	0.15542	0.01953	0.01037	0.00681	0.00221	0.00671	0.17559	0.02266	0.00616
24	0.21495	0.12029	0.02441	0.01688	0.02159	0.16538	0.31802	0.01933	0.01331	0.01923	0.01000	0.01251	0.00790	0.00534	0.00543	0.00176	0.00832	0.00493	0.00310	0.00732
25	0.00837	0.00566	0.00723	0.00777	0.00875	0.00516	0.00545	0.00964	0.01270	0.04818	0.16335	0.45152	0.16536	0.01640	0.00815	0.04841	0.00340	0.01385	0.00559	0.00507
26	0.00788	0.00603	0.00723	0.00693	0.00854	0.00537	0.00520	0.01021	0.01559	0.02098	0.50715	0.04868	0.30251	0.01311	0.00698	0.00191	0.00286	0.01133	0.00615	0.00537

[dist]
# distance from previous block
# <min> <max>
0	4

[block]
# block no. 5 follows, 39 sequences, length 46
# corresponding to MSA columns:
# 350-366,368-380,382-397
name=unknown_F
#
# <colnr> <probs for GDERKNQSTAVLIFYWHMCP>
#	G	D	E	R	K	N	Q	S	T	A	V	L	I	F	Y	W	H	M	C	P
0	0.01283	0.01347	0.02641	0.33088	0.08503	0.01430	0.35987	0.01712	0.01284	0.01720	0.01113	0.01565	0.00850	0.00562	0.00703	0.00199	0.04379	0.00608	0.00282	0.00743
1	0.05954	0.01574	0.01697	0.01306	0.01773	0.01723	0.01079	0.63843	0.02601	0.10285	0.01476	0.01453	0.01031	0.00705	0.00582	0.00178	0.00629	0.00529	0.00594	0.00989
2	0.01743	0.54268	0.02675	0.01306	0.06015	0.22321	0.01095	0.01932	0.01338	0.01439	0.00864	0.01011	0.00770	0.00535	0.00433	0.00136	0.00753	0.00346	0.00269	0.00750
3	0.01226	0.01051	0.01226	0.00876	0.01401	0.00788	0.00701	0.01489	0.01226	0.01927	0.01051	0.01226	0.00876	0.00438	0.00438	0.00088	0.00438	0.00350	0.00350	0.82832
4	0.00860	0.00573	0.00645	0.00645	0.00645	0.00573	0.00358	0.00860	0.00860	0.01147	0.01863	0.03870	0.02150	0.79217	0.03010	0.00573	0.00573	0.00860	0.00358	0.00358
5	0.00770	0.00593	0.00692	0.00684	0.00831	0.00527	0.00499	0.00962	0.01441	0.01897	0.35362	0.11378	0.34672	0.06039	0.00841	0.00220	0.00311	0.01185	0.00582	0.00515
6	0.00742	0.00530	0.00711	0.00848	0.00892	0.00499	0.00586	0.00861	0.01153	0.01534	0.03248	0.72174	0.03864	0.01833	0.00761	0.00243	0.00362	0.08127	0.00549	0.00486
7	0.00846	0.00634	0.00805	0.00860	0.01011	0.00593	0.00703	0.01079	0.01423	0.01852	0.20792	0.08348	0.24397	0.01503	0.00753	0.00230	0.00406	0.32661	0.00571	0.00533
8	0.01954	0.01517	0.01800	0.04031	0.01902	0.01688	0.06169	0.52350	0.08463	0.03160	0.01463	0.01597	0.01096	0.03028	0.03342	0.00223	0.04197	0.00567	0.00530	0.00923
9	0.79168	0.01136	0.00896	0.00792	0.01163	0.01303	0.00652	0.01798	0.01042	0.06489	0.00902	0.01016	0.00684	0.00559	0.00378	0.00183	0.00460	0.00335	0.00385	0.00660
10	0.01581	0.79572	0.03099	0.01012	0.01518	0.02340	0.01012	0.01771	0.01202	0.01391	0.00822	0.00949	0.00759	0.00506	0.00379	0.00126	0.00632	0.00316	0.00253	0.00759
11	0.00948	0.00629	0.00826	0.00763	0.00922	0.00577	0.00577	0.01224	0.01675	0.06860	0.70769	0.04271	0.05329	0.01180	0.00691	0.00186	0.00293	0.01041	0.00656	0.00585
12	0.00820	0.00601	0.00768	0.00733	0.00874	0.00550	0.00547	0.01080	0.01624	0.02267	0.66006	0.07092	0.12314	0.01259	0.00700	0.00189	0.00283	0.01108	0.00638	0.00550
13	0.02167	0.01275	0.01477	0.01188	0.01611	0.01334	0.00963	0.23243	0.24754	0.32249	0.02094	0.01903	0.01439	0.00748	0.00596	0.00187	0.00535	0.00600	0.00651	0.00984
14	0.02086	0.07216	0.01721	0.01456	0.01776	0.63644	0.01111	0.02417	0.10102	0.01563	0.01082	0.01192	0.00883	0.00626	0.00532	0.00156	0.00971	0.00410	0.00336	0.00719
15	0.00902	0.00623	0.00805	0.00787	0.00938	0.00573	0.00604	0.01151	0.01562	0.05209	0.50782	0.10253	0.12741	0.01318	0.00712	0.00201	0.00326	0.09326	0.00623	0.00563
16	0.01677	0.59007	0.02701	0.04031	0.01664	0.13679	0.01049	0.01947	0.05119	0.03046	0.00960	0.01079	0.00830	0.00545	0.00427	0.00138	0.00694	0.00359	0.00290	0.00758
17	0.00746	0.00540	0.00705	0.00792	0.00860	0.00499	0.00545	0.00891	0.01268	0.01710	0.19685	0.57647	0.08550	0.01686	0.00739	0.00226	0.00326	0.01517	0.00572	0.00499
18	0.07593	0.01219	0.01979	0.22483	0.16942	0.01248	0.13340	0.04275	0.01375	0.11065	0.03604	0.01615	0.01077	0.00585	0.00579	0.00178	0.00690	0.00547	0.00373	0.09233
19	0.20284	0.01336	0.09244	0.03701	0.01629	0.01150	0.00980	0.10079	0.04264	0.24296	0.03595	0.01564	0.01165	0.00635	0.00517	0.00169	0.00541	0.00484	0.00498	0.13869
20	0.01910	0.00846	0.01129	0.00925	0.01259	0.00748	0.00743	0.02143	0.01617	0.46190	0.21416	0.02990	0.09363	0.01120	0.04624	0.00225	0.00483	0.00780	0.00672	0.00819
21	0.00740	0.00576	0.00675	0.00718	0.00850	0.00511	0.00521	0.00902	0.01334	0.01708	0.16783	0.29431	0.37073	0.01570	0.00722	0.00214	0.00320	0.04281	0.00566	0.00505
22	0.01653	0.04515	0.30421	0.09851	0.06548	0.01241	0.06894	0.02130	0.02778	0.23731	0.03507	0.01643	0.01140	0.00629	0.00585	0.00185	0.00722	0.00535	0.00418	0.00876
23	0.05193	0.05975	0.30989	0.05957	0.02153	0.04152	0.03979	0.07851	0.01509	0.24410	0.01451	0.01491	0.00990	0.00623	0.00562	0.00182	0.00721	0.00494	0.00432	0.00886
24	0.01294	0.01294	0.01811	0.01553	0.01553	0.01811	0.01294	0.01423	0.00906	0.01423	0.00776	0.01294	0.00776	0.01035	0.01941	0.00259	0.78134	0.00518	0.00259	0.00647
25	0.06281	0.01634	0.13068	0.07297	0.46564	0.01403	0.11546	0.01812	0.01309	0.01937	0.01096	0.01427	0.00878	0.00533	0.00585	0.00182	0.00758	0.00525	0.00290	0.00875
26	0.01670	0.01605	0.19359	0.18299	0.08648	0.02618	0.05223	0.05090	0.01476	0.23130	0.05845	0.01768	0.01284	0.00656	0.00596	0.00187	0.00700	0.00563	0.00436	0.00849
27	0.01183	0.01040	0.01696	0.68755	0.03746	0.01269	0.01538	0.01605	0.03756	0.04913	0.01342	0.01773	0.03664	0.00639	0.00596	0.00197	0.00746	0.00561	0.00307	0.00676
28	0.01419	0.01303	0.02059	0.15900	0.39665	0.01462	0.01579	0.05984	0.02595	0.03167	0.01116	0.01499	0.00926	0.00778	0.03274	0.00220	0.15383	0.00532	0.00313	0.00825
29	0.01526	0.01359	0.02311	0.07848	0.64593	0.01363	0.03142	0.01874	0.01362	0.07157	0.01197	0.01512	0.00965	0.00545	0.00589	0.00178	0.00699	0.00535	0.00322	0.00922
30	0.01618	0.04287	0.07125	0.07349	0.24997	0.01242	0.03809	0.03697	0.04179	0.18765	0.06571	0.06044	0.01530	0.00743	0.00681	0.00189	0.05242	0.00639	0.00442	0.00850
31	0.01626	0.74127	0.02998	0.01048	0.01540	0.07626	0.01021	0.01813	0.01235	0.01395	0.00829	0.00957	0.00759	0.00513	0.00390	0.00128	0.00663	0.00321	0.00257	0.00754
32	0.01856	0.01505	0.01594	0.03910	0.04568	0.08043	0.01021	0.35660	0.02021	0.05557	0.01265	0.01355	0.00949	0.00601	0.00536	0.00147	0.00619	0.00461	0.00470	0.27865
33	0.02003	0.04471	0.01579	0.01270	0.01626	0.18211	0.01010	0.26335	0.09319	0.14160	0.01701	0.09673	0.01395	0.00826	0.00641	0.00183	0.03590	0.00635	0.00522	0.00850
34	0.01993	0.01312	0.01336	0.01181	0.04762	0.11491	0.00892	0.17610	0.05682	0.24124	0.01787	0.01789	0.01276	0.00694	0.00539	0.00167	0.00562	0.00542	0.21420	0.00839
35	0.00782	0.00634	0.00704	0.00721	0.00904	0.00569	0.00562	0.01018	0.04033	0.01730	0.12078	0.08137	0.51808	0.01478	0.00716	0.00211	0.00344	0.12482	0.00560	0.00527
36	0.00964	0.00672	0.00924	0.01051	0.01187	0.00672	0.00915	0.01236	0.01353	0.01801	0.03046	0.06354	0.03270	0.01567	0.00788	0.00263	0.00525	0.66510	0.06359	0.00545
37	0.01471	0.01270	0.01337	0.01203	0.01538	0.01471	0.00936	0.03142	0.74459	0.02474	0.02407	0.02206	0.01805	0.00802	0.00602	0.00201	0.00468	0.00669	0.00602	0.00936
38	0.01223	0.00897	0.01065	0.00972	0.01197	0.00918	0.00776	0.20875	0.01845	0.02495	0.30094	0.10790	0.09067	0.01230	0.00696	0.00205	0.00437	0.13951	0.00598	0.00666
39	0.00778	0.00559	0.00686	0.00735	0.00839	0.00511	0.00520	0.00951	0.01330	0.01814	0.23035	0.37935	0.18593	0.01515	0.00701	0.00209	0.00312	0.01339	0.07127	0.00511
40	0.00824	0.00568	0.00706	0.00776	0.00808	0.00556	0.00516	0.00902	0.01033	0.01370	0.02554	0.31180	0.02970	0.39839	0.01872	0.00409	0.00486	0.11747	0.00455	0.00430
41	0.01522	0.01407	0.02286	0.03171	0.59639	0.01445	0.03734	0.09607	0.01487	0.02100	0.01208	0.01645	0.01026	0.00607	0.00654	0.00183	0.03918	0.03114	0.00333	0.00914
42	0.01228	0.02297	0.45103	0.04746	0.10293	0.01282	0.09555	0.01777	0.01286	0.01893	0.03876	0.01438	0.00985	0.00561	0.00569	0.00175	0.00787	0.00491	0.00288	0.11369
43	0.01013	0.00698	0.00889	0.02937	0.01070	0.00675	0.00640	0.03908	0.05395	0.06754	0.45368	0.17860	0.07974	0.01257	0.00690	0.00197	0.00343	0.01107	0.00617	0.00607
44	0.35083	0.06369	0.01683	0.12600	0.02003	0.01379	0.12898	0.04246	0.05043	0.02214	0.01050	0.01270	0.00815	0.00549	0.00484	0.00173	0.00612	0.00442	0.00350	0.10735
45	0.09700	0.01147	0.05191	0.01045	0.01447	0.01011	0.03603	0.06926	0.03419	0.06741	0.11094	0.03203	0.01636	0.00946	0.06006	0.00208	0.04207	0.00550	0.00430	0.31491

[dist]
# distance from previous block
# <min> <max>
1	40

[block]
# block no. 6 follows, 39 sequences, length 6
# corresponding to MSA columns:
# 438-443
name=unknown_G
#
# <colnr> <probs for GDERKNQSTAVLIFYWHMCP>
#	G	D	E	R	K	N	Q	S	T	A	V	L	I	F	Y	W	H	M	C	P
0	0.01887	0.01428	0.01626	0.01281	0.01695	0.04356	0.03531	0.30446	0.13388	0.11422	0.01537	0.01563	0.01130	0.00699	0.00690	0.00174	0.07507	0.00529	0.00519	0.14591
1	0.01952	0.05864	0.07478	0.05611	0.01915	0.08550	0.03019	0.27382	0.09164	0.14721	0.01506	0.01522	0.01080	0.00658	0.00565	0.00171	0.00664	0.00513	0.00500	0.07165
2	0.00997	0.00814	0.00841	0.00828	0.00998	0.06493	0.00609	0.01277	0.06396	0.05098	0.23330	0.23219	0.24144	0.01360	0.00689	0.00202	0.00385	0.01175	0.00570	0.00577
3	0.01117	0.01047	0.01705	0.63023	0.03537	0.01316	0.01520	0.01471	0.01186	0.01565	0.06550	0.01755	0.01144	0.00690	0.00759	0.00204	0.09907	0.00565	0.00291	0.00648
4	0.06398	0.01172	0.01499	0.07031	0.01786	0.01086	0.05807	0.10697	0.05268	0.14657	0.01379	0.01470	0.01020	0.00562	0.00517	0.00142	0.00543	0.00466	0.00448	0.38053
5	0.00993	0.00792	0.01058	0.15707	0.01617	0.00826	0.00828	0.05925	0.05160	0.01913	0.18029	0.26958	0.07795	0.01330	0.03401	0.00228	0.00489	0.01057	0.00501	0.05393

[dist]
# distance from previous block
# <min> <max>
0	1

[block]
# block no. 7 follows, 39 sequences, length 11
# corresponding to MSA columns:
# 445-455
name=unknown_H
#
# <colnr> <probs for GDERKNQSTAVLIFYWHMCP>
#	G	D	E	R	K	N	Q	S	T	A	V	L	I	F	Y	W	H	M	C	P
0	0.01698	0.11798	0.01630	0.05471	0.01664	0.09727	0.00996	0.14362	0.20439	0.09407	0.01824	0.07834	0.01523	0.00826	0.00608	0.00185	0.02400	0.03636	0.03156	0.00817
1	0.01555	0.53766	0.18277	0.01277	0.04157	0.05249	0.01295	0.05470	0.01317	0.01631	0.00916	0.01057	0.00775	0.00533	0.00442	0.00145	0.00705	0.00362	0.00273	0.00798
2	0.01576	0.46031	0.22137	0.01282	0.01884	0.01935	0.04451	0.07424	0.01370	0.05524	0.01025	0.01146	0.00817	0.00548	0.00469	0.00152	0.00707	0.00395	0.00305	0.00823
3	0.00731	0.00523	0.00695	0.00816	0.00860	0.00487	0.00550	0.00849	0.01180	0.01585	0.09550	0.72325	0.04057	0.01796	0.00750	0.00235	0.00337	0.01628	0.00558	0.00487
4	0.00856	0.00602	0.00743	0.00728	0.00868	0.00545	0.00531	0.01059	0.01466	0.04681	0.41136	0.15971	0.20808	0.06306	0.00850	0.00222	0.00320	0.01173	0.00597	0.00537
5	0.00799	0.00589	0.00747	0.00737	0.00867	0.00537	0.00541	0.01031	0.01540	0.02123	0.53793	0.16786	0.15008	0.01355	0.00707	0.00197	0.00292	0.01195	0.00620	0.00537
6	0.53023	0.01092	0.01058	0.00881	0.01281	0.01155	0.00726	0.02169	0.01265	0.30219	0.01391	0.01356	0.00950	0.00618	0.00452	0.00183	0.00475	0.00423	0.00504	0.00778
7	0.00779	0.00575	0.00738	0.00826	0.00924	0.00534	0.00613	0.00947	0.01289	0.01692	0.13333	0.41495	0.16669	0.01660	0.00750	0.00232	0.00367	0.15508	0.00562	0.00507
8	0.01647	0.53261	0.02592	0.01135	0.01551	0.11300	0.01038	0.07344	0.01380	0.01632	0.04660	0.01206	0.01025	0.00616	0.00567	0.00148	0.07445	0.00397	0.00306	0.00749
9	0.01959	0.01324	0.01583	0.09058	0.07590	0.04560	0.01087	0.19675	0.13257	0.22956	0.01709	0.01692	0.01208	0.00673	0.00575	0.00174	0.00595	0.00545	0.00539	0.09240
10	0.03924	0.05984	0.05837	0.04822	0.10554	0.05201	0.05044	0.03532	0.09712	0.22218	0.04727	0.07452	0.01614	0.03020	0.00689	0.00199	0.02033	0.02124	0.00490	0.00824

[dist]
# distance from previous block
# <min> <max>
0	36

[block]
# block no. 8 follows, 39 sequences, length 10
# corresponding to MSA columns:
# 492-501
name=unknown_I
#
# <colnr> <probs for GDERKNQSTAVLIFYWHMCP>
#	G	D	E	R	K	N	Q	S	T	A	V	L	I	F	Y	W	H	M	C	P
0	0.05894	0.12324	0.05167	0.01181	0.01587	0.01572	0.01003	0.08875	0.45871	0.07283	0.01948	0.01839	0.01456	0.00724	0.00555	0.00185	0.00528	0.00573	0.00532	0.00904
1	0.01812	0.05567	0.01924	0.04229	0.05024	0.25922	0.10916	0.12562	0.01628	0.07233	0.01234	0.02939	0.00995	0.00903	0.05898	0.00223	0.03883	0.00516	0.00379	0.06216
2	0.01297	0.01402	0.02881	0.29187	0.03439	0.01431	0.47949	0.01758	0.01320	0.01758	0.01145	0.01589	0.00859	0.00531	0.00660	0.00199	0.00923	0.00637	0.00286	0.00748
3	0.00715	0.00576	0.00637	0.00672	0.00821	0.00498	0.00485	0.00860	0.01310	0.01627	0.10058	0.26221	0.50295	0.01578	0.00715	0.00210	0.00310	0.01358	0.00556	0.00498
4	0.00845	0.00599	0.00755	0.00781	0.00888	0.00571	0.00567	0.01093	0.03771	0.01952	0.33736	0.26452	0.07234	0.06566	0.00854	0.00231	0.00343	0.06070	0.06161	0.00530
5	0.00955	0.00662	0.00890	0.00990	0.03601	0.00647	0.00695	0.04831	0.01315	0.04932	0.09943	0.48299	0.03490	0.01790	0.05999	0.00280	0.00480	0.09093	0.00543	0.00564
6	0.00873	0.00602	0.00847	0.00847	0.00911	0.00666	0.00610	0.00967	0.00903	0.01269	0.01584	0.02659	0.01595	0.23678	0.47815	0.11548	0.01180	0.00677	0.00320	0.00448
7	0.01428	0.29855	0.30877	0.01501	0.02095	0.07043	0.08545	0.01830	0.01243	0.01632	0.00952	0.01168	0.00771	0.00584	0.00640	0.00171	0.08189	0.00423	0.00260	0.00791
8	0.01917	0.32954	0.02243	0.01257	0.01686	0.23158	0.01071	0.19988	0.06867	0.02067	0.01109	0.01188	0.00895	0.00607	0.00491	0.00152	0.00748	0.00413	0.00377	0.00812
9	0.07353	0.23677	0.04631	0.06831	0.10899	0.11902	0.07141	0.12229	0.01509	0.03370	0.01037	0.01238	0.00836	0.00591	0.00580	0.00167	0.04431	0.00446	0.00335	0.00797

[dist]
# distance from previous block
# <min> <max>
3	23

[block]
# block no. 9 follows, 39 sequences, length 10
# corresponding to MSA columns:
# 525-534
name=unknown_J
#
# <colnr> <probs for GDERKNQSTAVLIFYWHMCP>
#	G	D	E	R	K	N	Q	S	T	A	V	L	I	F	Y	W	H	M	C	P
0	0.16607	0.01432	0.01320	0.01122	0.01471	0.11180	0.00896	0.25563	0.10515	0.06313	0.04583	0.04440	0.03618	0.00788	0.00554	0.00182	0.00581	0.02790	0.05246	0.00799
1	0.01354	0.00906	0.01118	0.01017	0.01243	0.00959	0.00802	0.01935	0.19855	0.15311	0.19313	0.10624	0.07701	0.01122	0.00786	0.00209	0.07620	0.06803	0.00591	0.00729
2	0.08270	0.10810	0.03288	0.14983	0.05606	0.01313	0.07041	0.08436	0.03643	0.07472	0.01497	0.08374	0.01361	0.12518	0.00963	0.00245	0.02429	0.00654	0.00390	0.00706
3	0.00814	0.00630	0.00857	0.01033	0.07783	0.00587	0.00654	0.00987	0.01310	0.01763	0.20241	0.43683	0.14381	0.01528	0.00718	0.00216	0.00355	0.01369	0.00549	0.00544
4	0.01757	0.04564	0.08097	0.01119	0.01622	0.05498	0.00981	0.10724	0.08339	0.18604	0.01490	0.01497	0.01086	0.00594	0.00521	0.00144	0.00564	0.00464	0.00472	0.31863
5	0.09126	0.01297	0.01206	0.01076	0.01383	0.10299	0.00832	0.07810	0.31328	0.04354	0.01942	0.08791	0.01602	0.00807	0.00552	0.00180	0.00517	0.00648	0.10729	0.05522
6	0.04307	0.13042	0.10330	0.01096	0.01509	0.01316	0.01001	0.21026	0.01751	0.11565	0.10943	0.09629	0.08242	0.00899	0.00587	0.00181	0.00544	0.00728	0.00510	0.00792
7	0.01079	0.00642	0.00778	0.00757	0.00875	0.00604	0.00523	0.01176	0.01134	0.12195	0.02900	0.13793	0.15229	0.36523	0.04983	0.00407	0.00526	0.04886	0.00480	0.00511
8	0.00814	0.00560	0.00687	0.00751	0.00775	0.00547	0.00481	0.00877	0.01006	0.01338	0.02505	0.32864	0.02931	0.43041	0.01961	0.00420	0.00483	0.07092	0.00447	0.00421
9	0.04996	0.14177	0.19851	0.01606	0.08636	0.01422	0.11394	0.04771	0.06121	0.10595	0.07612	0.01786	0.03155	0.00658	0.00568	0.00178	0.00678	0.00567	0.00399	0.00830

[dist]
# distance from previous block
# <min> <max>
3	8

[block]
# block no. 10 follows, 39 sequences, length 34
# corresponding to MSA columns:
# 549-582
name=unknown_K
#
# <colnr> <probs for GDERKNQSTAVLIFYWHMCP>
#	G	D	E	R	K	N	Q	S	T	A	V	L	I	F	Y	W	H	M	C	P
0	0.06862	0.01858	0.08869	0.01954	0.02482	0.12393	0.38231	0.12866	0.01603	0.03435	0.01164	0.01422	0.00872	0.00573	0.00655	0.00188	0.02838	0.00575	0.00351	0.00809
1	0.00737	0.00577	0.00656	0.00683	0.00818	0.00509	0.00487	0.00887	0.01315	0.01674	0.16436	0.24131	0.40834	0.06486	0.00860	0.00232	0.00325	0.01305	0.00554	0.00495
2	0.06029	0.11644	0.09354	0.01157	0.01598	0.01362	0.02628	0.16053	0.10229	0.17959	0.07852	0.01998	0.01603	0.00741	0.00560	0.00178	0.00562	0.02833	0.04809	0.00852
3	0.00760	0.00542	0.00684	0.00764	0.00814	0.00509	0.00505	0.00864	0.01149	0.01535	0.10942	0.50883	0.08294	0.17466	0.01203	0.00299	0.00380	0.01421	0.00521	0.00465
4	0.01177	0.01096	0.01754	0.64718	0.07503	0.01338	0.01567	0.01723	0.09993	0.01649	0.01217	0.01646	0.00918	0.00613	0.00592	0.00196	0.00745	0.00543	0.00305	0.00705
5	0.01644	0.01351	0.01534	0.13894	0.01970	0.06623	0.01105	0.31507	0.05929	0.02489	0.01395	0.01659	0.01094	0.01364	0.14100	0.00319	0.05766	0.00546	0.04918	0.00790
6	0.01623	0.74454	0.03004	0.01046	0.01539	0.07308	0.01021	0.01810	0.01233	0.01395	0.00828	0.00957	0.00759	0.00513	0.00390	0.00128	0.00661	0.00321	0.00256	0.00754
7	0.00759	0.00564	0.00764	0.00871	0.00908	0.00569	0.00601	0.00871	0.01108	0.01496	0.03015	0.69585	0.03582	0.01981	0.05894	0.00289	0.04583	0.01549	0.00518	0.00492
8	0.00869	0.00660	0.00830	0.00945	0.01035	0.02415	0.00717	0.01101	0.04296	0.01659	0.04931	0.47328	0.03617	0.01688	0.00763	0.00246	0.00433	0.25392	0.00546	0.00528
9	0.01581	0.79572	0.03099	0.01012	0.01518	0.02340	0.01012	0.01771	0.01202	0.01391	0.00822	0.00949	0.00759	0.00506	0.00379	0.00126	0.00632	0.00316	0.00253	0.00759
10	0.01293	0.00691	0.00754	0.00697	0.00900	0.00687	0.00536	0.01706	0.09273	0.11297	0.06218	0.02532	0.06678	0.00788	0.00490	0.00157	0.00326	0.00643	0.53686	0.00646
11	0.34004	0.01136	0.01277	0.01114	0.01346	0.05227	0.06070	0.01513	0.01031	0.01923	0.01088	0.01557	0.00974	0.05651	0.19679	0.00405	0.14572	0.00491	0.00326	0.00613
12	0.00728	0.00595	0.00644	0.00643	0.00820	0.00510	0.00478	0.00901	0.01400	0.01749	0.19854	0.10310	0.56384	0.01463	0.00702	0.00200	0.00298	0.01241	0.00570	0.00510
13	0.01530	0.64597	0.02742	0.01026	0.01479	0.02105	0.00984	0.06247	0.01270	0.01538	0.00957	0.01153	0.00866	0.01018	0.10101	0.00234	0.00754	0.00370	0.00283	0.00745
14	0.00742	0.00596	0.00662	0.00655	0.00828	0.00516	0.00488	0.00928	0.01435	0.01827	0.26790	0.09214	0.50383	0.01429	0.00701	0.00198	0.00296	0.01217	0.00580	0.00516
15	0.01102	0.00551	0.00551	0.00551	0.00689	0.00551	0.00413	0.01378	0.01240	0.02205	0.01929	0.02205	0.01516	0.00689	0.00413	0.00138	0.00276	0.00551	0.82500	0.00551
16	0.02260	0.01637	0.01763	0.01351	0.01824	0.01805	0.01116	0.71405	0.02747	0.05925	0.01448	0.01438	0.01020	0.00711	0.00592	0.00178	0.00646	0.00534	0.00596	0.01006
17	0.01278	0.01086	0.01253	0.00912	0.01425	0.00865	0.00729	0.04324	0.05183	0.02025	0.01137	0.01286	0.00930	0.00468	0.00453	0.00097	0.00448	0.00374	0.00373	0.75354
18	0.01369	0.38533	0.42283	0.01373	0.02077	0.01822	0.01641	0.01826	0.01227	0.01650	0.00950	0.01110	0.00754	0.00536	0.00477	0.00159	0.00762	0.00381	0.00251	0.00821
19	0.00843	0.00609	0.00799	0.00762	0.00902	0.00564	0.00579	0.01122	0.01657	0.02340	0.71411	0.04536	0.05465	0.01231	0.00704	0.00191	0.00293	0.04789	0.00645	0.00557
20	0.00721	0.00515	0.00686	0.00823	0.00858	0.00480	0.00549	0.00823	0.01132	0.01510	0.03259	0.78831	0.03911	0.01853	0.00755	0.00240	0.00343	0.01681	0.00549	0.00480
21	0.06669	0.00739	0.00950	0.00874	0.01089	0.00684	0.00656	0.01627	0.01391	0.26703	0.16329	0.28327	0.03022	0.03761	0.00803	0.03662	0.00406	0.01039	0.00600	0.00669
22	0.01370	0.01265	0.02294	0.35937	0.23776	0.01351	0.17100	0.01765	0.01306	0.06362	0.01180	0.01576	0.00896	0.00562	0.00613	0.00191	0.00791	0.00567	0.00308	0.00788
23	0.00838	0.00575	0.00665	0.00680	0.00705	0.00570	0.00411	0.00873	0.00933	0.01234	0.02291	0.10428	0.07422	0.62165	0.05684	0.00527	0.00576	0.02640	0.00391	0.00390
24	0.02290	0.01523	0.06363	0.01276	0.01766	0.01480	0.01103	0.43923	0.04426	0.27084	0.01723	0.01625	0.01162	0.00710	0.00591	0.00181	0.00612	0.00551	0.00616	0.00996
25	0.01454	0.54884	0.26671	0.01229	0.01854	0.02028	0.01390	0.01804	0.01217	0.01547	0.00899	0.01045	0.00756	0.00524	0.00438	0.00146	0.00710	0.00355	0.00252	0.00796
26	0.01740	0.22710	0.25157	0.01429	0.01967	0.32211	0.01425	0.02070	0.01421	0.03450	0.00972	0.01116	0.00775	0.00571	0.00504	0.00157	0.00880	0.00387	0.00285	0.00771
27	0.00870	0.00573	0.00669	0.00669	0.00675	0.00578	0.00388	0.00865	0.00859	0.01151	0.01796	0.03659	0.02044	0.70448	0.06865	0.05731	0.00623	0.00826	0.00350	0.00361
28	0.01581	0.79572	0.03099	0.01012	0.01518	0.02340	0.01012	0.01771	0.01202	0.01391	0.00822	0.00949	0.00759	0.00506	0.00379	0.00126	0.00632	0.00316	0.00253	0.00759
29	0.00845	0.00631	0.00937	0.00937	0.01038	0.00732	0.00722	0.01047	0.00946	0.01363	0.01597	0.02393	0.01509	0.07794	0.73556	0.00933	0.01539	0.00644	0.00319	0.00520
30	0.03076	0.01384	0.06389	0.16758	0.07786	0.01301	0.36200	0.03746	0.01336	0.01834	0.01464	0.13150	0.01321	0.00732	0.00661	0.00202	0.00810	0.00774	0.00337	0.00739
31	0.01472	0.55479	0.14649	0.05338	0.01926	0.02058	0.06068	0.01770	0.01212	0.01509	0.00896	0.01084	0.00769	0.00536	0.00491	0.00149	0.03189	0.00379	0.00256	0.00771
32	0.00760	0.00589	0.00735	0.03985	0.01015	0.00548	0.00607	0.00917	0.01253	0.01596	0.06191	0.39224	0.28905	0.01631	0.00734	0.00226	0.00368	0.09673	0.00540	0.00504
33	0.06406	0.01081	0.01692	0.64668	0.03626	0.01310	0.01507	0.04848	0.01276	0.06417	0.01135	0.01559	0.00832	0.00603	0.00577	0.00194	0.00743	0.00517	0.00314	0.00694

[dist]
# distance from previous block
# <min> <max>
0	1

[block]
# block no. 11 follows, 39 sequences, length 13
# corresponding to MSA columns:
# 584-596
name=unknown_L
#
# <colnr> <probs for GDERKNQSTAVLIFYWHMCP>
#	G	D	E	R	K	N	Q	S	T	A	V	L	I	F	Y	W	H	M	C	P
0	0.01426	0.40206	0.07702	0.09528	0.05617	0.01881	0.14156	0.01731	0.01227	0.01566	0.01012	0.01380	0.00879	0.00594	0.00613	0.00168	0.06612	0.02674	0.00273	0.00756
1	0.00859	0.00577	0.00663	0.00663	0.00669	0.00583	0.00380	0.00871	0.00865	0.01160	0.01847	0.03780	0.02111	0.74885	0.07289	0.00595	0.00632	0.00847	0.00356	0.00368
2	0.00783	0.00579	0.00729	0.00743	0.00858	0.00533	0.00534	0.00980	0.01420	0.01931	0.39104	0.24781	0.16587	0.04606	0.02897	0.00239	0.00347	0.01246	0.00585	0.00518
3	0.01584	0.01190	0.01667	0.26962	0.02413	0.01441	0.01281	0.08307	0.08955	0.15258	0.01377	0.01625	0.01032	0.00778	0.00986	0.00211	0.23192	0.00551	0.00411	0.00777
4	0.01975	0.05605	0.01686	0.01462	0.01727	0.59417	0.01127	0.02134	0.01530	0.01452	0.01015	0.01367	0.00901	0.00866	0.04188	0.00204	0.09121	0.03243	0.00308	0.00672
5	0.01441	0.02471	0.49424	0.01508	0.02216	0.01430	0.01751	0.21662	0.01681	0.02365	0.01559	0.01655	0.06847	0.00679	0.00581	0.00186	0.00766	0.00529	0.00369	0.00880
6	0.01178	0.00680	0.00900	0.00802	0.01001	0.00616	0.00616	0.01447	0.01677	0.16164	0.61551	0.03967	0.04808	0.01120	0.00678	0.00185	0.00321	0.00980	0.00666	0.00642
7	0.01884	0.01479	0.09974	0.01661	0.02190	0.01234	0.27276	0.10258	0.01628	0.28820	0.01740	0.06270	0.01277	0.00694	0.00638	0.00192	0.00728	0.00673	0.00498	0.00886
8	0.01847	0.02783	0.28355	0.01564	0.02091	0.41965	0.01514	0.09641	0.01639	0.01838	0.01020	0.01169	0.00783	0.00603	0.00550	0.00167	0.00954	0.00417	0.00315	0.00787
9	0.01042	0.01612	0.28043	0.09308	0.01950	0.01125	0.01396	0.01438	0.01127	0.01641	0.06403	0.01900	0.01359	0.02067	0.28458	0.00473	0.09102	0.00570	0.00304	0.00680
10	0.01186	0.03059	0.76153	0.01686	0.02560	0.01373	0.02185	0.01873	0.01249	0.01873	0.01061	0.01249	0.00749	0.00562	0.00562	0.00187	0.00874	0.00437	0.00250	0.00874
11	0.00981	0.03922	0.19368	0.01117	0.01422	0.00867	0.01081	0.04246	0.01294	0.01751	0.02632	0.34321	0.05440	0.01378	0.00700	0.00227	0.00541	0.17619	0.00466	0.00624
12	0.83394	0.01144	0.00869	0.00778	0.01144	0.01327	0.00640	0.01738	0.01006	0.02653	0.00823	0.00961	0.00640	0.00549	0.00366	0.00183	0.00457	0.00320	0.00366	0.00640

[dist]
# distance from previous block
# <min> <max>
0	2

[block]
# block no. 12 follows, 39 sequences, length 9
# corresponding to MSA columns:
# 599-607
name=unknown_M
#
# <colnr> <probs for GDERKNQSTAVLIFYWHMCP>
#	G	D	E	R	K	N	Q	S	T	A	V	L	I	F	Y	W	H	M	C	P
0	0.01848	0.10197	0.02063	0.01885	0.15532	0.35662	0.06443	0.08294	0.03906	0.01791	0.01076	0.01289	0.00887	0.00752	0.03580	0.00195	0.03034	0.00460	0.00330	0.00776
1	0.01477	0.01487	0.02208	0.17195	0.54559	0.09257	0.01713	0.01815	0.01350	0.01803	0.01080	0.01443	0.00891	0.00547	0.00581	0.00177	0.00756	0.00511	0.00288	0.00859
2	0.00771	0.00586	0.00646	0.00648	0.00766	0.00530	0.00442	0.00888	0.01225	0.01558	0.14213	0.09596	0.37794	0.26106	0.01435	0.00319	0.00386	0.01128	0.00503	0.00462
3	0.00939	0.00735	0.00978	0.00937	0.00974	0.00867	0.00684	0.01041	0.00923	0.01303	0.01659	0.05756	0.01784	0.35863	0.24929	0.00603	0.16112	0.03099	0.00339	0.00477
4	0.02268	0.00997	0.01304	0.01026	0.01424	0.00909	0.00836	0.09808	0.01801	0.54601	0.16029	0.02407	0.02196	0.00820	0.00614	0.00183	0.00476	0.00678	0.00702	0.00922
5	0.01353	0.01316	0.01837	0.01910	0.16813	0.04235	0.01331	0.04480	0.01106	0.01619	0.00961	0.01434	0.00892	0.01256	0.09372	0.00307	0.48251	0.00527	0.00287	0.00711
6	0.00784	0.00783	0.06451	0.00735	0.00949	0.00586	0.00610	0.00996	0.01381	0.01785	0.23226	0.08635	0.42844	0.06599	0.00846	0.00222	0.00359	0.01135	0.00540	0.00533
