[name]
unknown

[dist]
# distance from previous block
# <min> <max>
0	6

[block]
# block no. 0 follows, 51 sequences, length 15
# corresponding to MSA columns:
# 6-20
name=unknown_A
#
# <colnr> <probs for GDERKNQSTAVLIFYWHMCP>
#	G	D	E	R	K	N	Q	S	T	A	V	L	I	F	Y	W	H	M	C	P
0	0.01275	0.00883	0.00968	0.00921	0.01123	0.08638	0.00753	0.06729	0.07993	0.16947	0.02035	0.03472	0.01940	0.09158	0.00773	0.00216	0.00492	0.34650	0.00455	0.00578
1	0.01181	0.01115	0.01822	0.02611	0.65745	0.01077	0.01344	0.01460	0.01101	0.01605	0.00915	0.01181	0.00769	0.00425	0.00465	0.00133	0.00545	0.00412	0.00252	0.15842
2	0.00613	0.00441	0.00596	0.00692	0.00730	0.00423	0.00472	0.00714	0.00945	0.01274	0.05852	0.70984	0.03107	0.01731	0.08647	0.00257	0.00386	0.01288	0.00440	0.00406
3	0.00592	0.00452	0.00545	0.00619	0.00696	0.00405	0.00427	0.00692	0.01003	0.01280	0.03498	0.55396	0.29753	0.01437	0.00611	0.00188	0.00273	0.01272	0.00456	0.00405
4	0.01576	0.03946	0.01747	0.09348	0.01879	0.07828	0.17596	0.30907	0.08548	0.09843	0.01206	0.01295	0.00872	0.00538	0.00502	0.00152	0.00617	0.00471	0.00395	0.00736
5	0.01205	0.43273	0.29049	0.01037	0.01539	0.01513	0.01152	0.01593	0.06336	0.04454	0.04022	0.01094	0.00869	0.00484	0.00398	0.00130	0.00569	0.00351	0.00258	0.00675
6	0.01084	0.02204	0.57188	0.01335	0.01919	0.09068	0.05163	0.04494	0.01099	0.01531	0.00941	0.01184	0.00723	0.03772	0.06012	0.00208	0.00771	0.00396	0.00232	0.00676
7	0.02116	0.00810	0.01093	0.00846	0.01208	0.00704	0.00696	0.02309	0.01381	0.74625	0.01916	0.01684	0.01219	0.00606	0.00484	0.00149	0.00405	0.00492	0.06447	0.00810
8	0.01017	0.00991	0.06574	0.00775	0.01232	0.00689	0.00669	0.01260	0.01020	0.01598	0.00874	0.01020	0.00720	0.00371	0.00371	0.00079	0.00389	0.00296	0.00285	0.79769
9	0.19190	0.11453	0.17274	0.06464	0.01543	0.06457	0.00988	0.11820	0.02464	0.07893	0.01006	0.03701	0.00790	0.00522	0.00418	0.00142	0.00541	0.00385	0.00320	0.06629
10	0.01530	0.00724	0.00852	0.00705	0.00957	0.00701	0.00566	0.11928	0.01344	0.31498	0.01673	0.01684	0.01186	0.00588	0.00420	0.00133	0.00342	0.00470	0.42046	0.00651
11	0.00658	0.00511	0.00611	0.00626	0.00761	0.00464	0.00490	0.00833	0.01181	0.01526	0.25058	0.07037	0.38755	0.01288	0.03187	0.00196	0.00319	0.15590	0.00473	0.00436
12	0.01097	0.01033	0.01740	0.21031	0.54033	0.01080	0.01370	0.01391	0.01115	0.01561	0.08767	0.01484	0.01136	0.00507	0.00497	0.00151	0.00565	0.00483	0.00267	0.00693
13	0.01016	0.02329	0.66791	0.01323	0.01958	0.06664	0.01634	0.01517	0.01071	0.01516	0.01156	0.01434	0.04475	0.00552	0.00482	0.00158	0.00701	0.04302	0.00235	0.00686
14	0.00878	0.00655	0.00793	0.00750	0.00905	0.00674	0.00582	0.03386	0.13289	0.05417	0.27465	0.10840	0.17340	0.01142	0.03772	0.00196	0.04443	0.06467	0.00479	0.00527

[dist]
# distance from previous block
# <min> <max>
1	2

[block]
# block no. 1 follows, 51 sequences, length 22
# corresponding to MSA columns:
# 23-44
name=unknown_B
#
# <colnr> <probs for GDERKNQSTAVLIFYWHMCP>
#	G	D	E	R	K	N	Q	S	T	A	V	L	I	F	Y	W	H	M	C	P
0	0.00736	0.00552	0.00753	0.00864	0.04824	0.00521	0.00626	0.00902	0.01063	0.01433	0.10081	0.34083	0.05218	0.03774	0.00672	0.00201	0.00362	0.26883	0.00437	0.06015
1	0.01488	0.04620	0.09903	0.01755	0.27251	0.02989	0.01194	0.32251	0.08425	0.03627	0.01122	0.01222	0.00848	0.00526	0.00480	0.00148	0.00565	0.00434	0.00367	0.00787
2	0.01681	0.06613	0.04722	0.01368	0.08599	0.03677	0.11176	0.28528	0.01587	0.20696	0.01226	0.01274	0.00871	0.00554	0.00552	0.00152	0.05093	0.00453	0.00413	0.00766
3	0.00631	0.00458	0.00638	0.00717	0.00764	0.00466	0.00505	0.00744	0.00894	0.01219	0.02277	0.57437	0.02623	0.02206	0.25498	0.00383	0.00605	0.01127	0.00396	0.00411
4	0.01492	0.01066	0.01254	0.01064	0.01326	0.06291	0.04009	0.12612	0.19407	0.20468	0.01671	0.05045	0.01363	0.00759	0.00665	0.00172	0.10883	0.09301	0.00454	0.00699
5	0.86201	0.00950	0.00722	0.00646	0.00950	0.01102	0.00532	0.01445	0.00836	0.02205	0.00684	0.00798	0.00532	0.00456	0.00304	0.00152	0.00380	0.00266	0.00304	0.00532
6	0.00952	0.00902	0.01505	0.67965	0.03059	0.01129	0.04031	0.01256	0.00965	0.01272	0.00869	0.01297	0.00671	0.00531	0.00615	0.00168	0.09655	0.00442	0.02168	0.00547
7	0.01303	0.01007	0.01434	0.06965	0.30933	0.01042	0.01059	0.12671	0.10593	0.10715	0.03319	0.05555	0.06597	0.00668	0.00513	0.00158	0.00490	0.03875	0.00390	0.00715
8	0.00650	0.00494	0.00598	0.00585	0.00710	0.00442	0.00434	0.00835	0.01265	0.01701	0.48756	0.10777	0.28708	0.01128	0.00584	0.00162	0.00242	0.00980	0.00506	0.00442
9	0.02205	0.00836	0.01140	0.00874	0.01254	0.00722	0.00722	0.02395	0.01407	0.80004	0.01939	0.01673	0.01216	0.00608	0.00494	0.00152	0.00418	0.00494	0.00608	0.00836
10	0.00600	0.00494	0.00527	0.00529	0.00678	0.00421	0.00393	0.00738	0.01149	0.01421	0.16182	0.09822	0.62891	0.01228	0.00584	0.00166	0.00249	0.01039	0.00469	0.00421
11	0.01314	0.83025	0.02575	0.00841	0.01261	0.01945	0.00841	0.01472	0.00999	0.01156	0.00683	0.00788	0.00631	0.00420	0.00315	0.00105	0.00526	0.00263	0.00210	0.00631
12	0.02205	0.00836	0.01140	0.00874	0.01254	0.00722	0.00722	0.02395	0.01407	0.80004	0.01939	0.01673	0.01216	0.00608	0.00494	0.00152	0.00418	0.00494	0.00608	0.00836
13	0.01868	0.01376	0.01475	0.01131	0.01524	0.01524	0.00934	0.78025	0.02311	0.03097	0.01180	0.01180	0.00836	0.00590	0.00492	0.00147	0.00541	0.00442	0.00492	0.00836
14	0.00783	0.00560	0.00780	0.00879	0.00993	0.00556	0.00762	0.01010	0.01155	0.01516	0.09489	0.05375	0.02990	0.01326	0.00670	0.00220	0.00433	0.69588	0.00460	0.00454
15	0.01868	0.00935	0.01266	0.01005	0.01340	0.00915	0.04674	0.12521	0.04419	0.50329	0.01764	0.01902	0.01259	0.00682	0.00588	0.00163	0.05775	0.07293	0.00530	0.00771
16	0.00618	0.00477	0.00570	0.00635	0.00735	0.00429	0.00468	0.00740	0.01045	0.01316	0.03667	0.38278	0.35870	0.01387	0.00615	0.00189	0.00293	0.11798	0.00456	0.00413
17	0.00702	0.00527	0.00790	0.00790	0.00878	0.00614	0.00614	0.00878	0.00790	0.01141	0.01316	0.01931	0.01229	0.03686	0.80782	0.00790	0.01316	0.00527	0.00263	0.00439
18	0.01286	0.01306	0.02663	0.01913	0.02394	0.01246	0.66009	0.09543	0.01292	0.05688	0.01061	0.01328	0.00779	0.00442	0.00566	0.00163	0.00778	0.00561	0.00292	0.00689
19	0.00757	0.00515	0.00599	0.00590	0.00614	0.00528	0.00362	0.03487	0.00789	0.01060	0.01542	0.03089	0.01730	0.70581	0.09402	0.00486	0.00553	0.02675	0.00306	0.00334
20	0.00609	0.00435	0.00582	0.00696	0.00729	0.00408	0.00473	0.00701	0.00951	0.01266	0.02703	0.78447	0.03229	0.01530	0.00630	0.00201	0.00294	0.05260	0.00456	0.00402
21	0.00717	0.00521	0.00581	0.00554	0.00721	0.00448	0.00420	0.00873	0.01209	0.06634	0.24131	0.04255	0.54898	0.01141	0.00575	0.00162	0.00256	0.00963	0.00488	0.00455

[dist]
# distance from previous block
# <min> <max>
0	1

[block]
# block no. 2 follows, 51 sequences, length 6
# corresponding to MSA columns:
# 46-51
name=unknown_C
#
# <colnr> <probs for GDERKNQSTAVLIFYWHMCP>
#	G	D	E	R	K	N	Q	S	T	A	V	L	I	F	Y	W	H	M	C	P
0	0.02081	0.00856	0.01140	0.00895	0.01257	0.00769	0.00742	0.07773	0.01453	0.68930	0.01930	0.01908	0.01302	0.00659	0.00507	0.00157	0.00429	0.05810	0.00589	0.00809
1	0.00634	0.00500	0.00572	0.00554	0.00697	0.00438	0.00415	0.00809	0.01246	0.01627	0.39654	0.04236	0.44602	0.01133	0.00580	0.00161	0.00241	0.00968	0.00496	0.00438
2	0.00928	0.00873	0.01474	0.81548	0.03385	0.01092	0.01365	0.01256	0.00983	0.01256	0.00873	0.01310	0.00655	0.00491	0.00491	0.00164	0.00655	0.00437	0.00218	0.00546
3	0.07253	0.01273	0.01467	0.01153	0.01508	0.01420	0.06582	0.50122	0.15707	0.02647	0.01254	0.01277	0.00918	0.00595	0.00541	0.00156	0.04439	0.00461	0.00449	0.00778
4	0.26438	0.01257	0.01332	0.01079	0.01401	0.13973	0.10238	0.09732	0.05431	0.17458	0.01104	0.01165	0.00802	0.00541	0.00515	0.00154	0.05942	0.00403	0.00374	0.00660
5	0.46921	0.19029	0.04827	0.00828	0.01186	0.06109	0.00739	0.12337	0.01123	0.02014	0.00768	0.00866	0.00607	0.00471	0.00349	0.00140	0.00480	0.00298	0.00303	0.00608

[dist]
# distance from previous block
# <min> <max>
1	6

[block]
# block no. 3 follows, 51 sequences, length 47
# corresponding to MSA columns:
# 58-104
name=unknown_D
#
# <colnr> <probs for GDERKNQSTAVLIFYWHMCP>
#	G	D	E	R	K	N	Q	S	T	A	V	L	I	F	Y	W	H	M	C	P
0	0.04039	0.01065	0.01283	0.00994	0.01355	0.01092	0.00821	0.32018	0.01710	0.43341	0.01535	0.01423	0.01017	0.00612	0.00553	0.00154	0.05178	0.00465	0.00532	0.00811
1	0.01266	0.01039	0.01867	0.01433	0.01789	0.01007	0.36689	0.03236	0.12624	0.14733	0.01601	0.08674	0.01356	0.03151	0.00623	0.00181	0.00601	0.07083	0.00387	0.00661
2	0.01141	0.00835	0.01306	0.01117	0.01341	0.02256	0.14934	0.01399	0.02416	0.15050	0.12072	0.03234	0.03589	0.00929	0.00704	0.00188	0.08922	0.27569	0.00426	0.00574
3	0.00599	0.00428	0.00570	0.00684	0.00713	0.00399	0.00456	0.00684	0.00941	0.01254	0.02709	0.82409	0.03250	0.01540	0.00627	0.00200	0.00285	0.01397	0.00456	0.00399
4	0.01181	0.01009	0.01081	0.00991	0.01253	0.01159	0.00779	0.02458	0.71314	0.02000	0.02058	0.02190	0.01628	0.00733	0.00517	0.00172	0.00395	0.07840	0.00495	0.00747
5	0.01836	0.02342	0.01393	0.01266	0.01519	0.80756	0.00950	0.01962	0.01393	0.01203	0.00760	0.00886	0.00633	0.00506	0.00443	0.00127	0.00886	0.00317	0.00253	0.00570
6	0.01601	0.05738	0.30514	0.01168	0.01685	0.01113	0.04561	0.16259	0.01409	0.29141	0.01301	0.01286	0.00875	0.00535	0.00478	0.00151	0.00578	0.00428	0.00403	0.00778
7	0.01547	0.26188	0.20489	0.05693	0.01617	0.01226	0.02729	0.01831	0.01165	0.31106	0.01224	0.01224	0.00854	0.00507	0.00435	0.00140	0.00547	0.00391	0.00362	0.00727
8	0.86201	0.00950	0.00722	0.00646	0.00950	0.01102	0.00532	0.01445	0.00836	0.02205	0.00684	0.00798	0.00532	0.00456	0.00304	0.00152	0.00380	0.00266	0.00304	0.00532
9	0.01005	0.07216	0.75676	0.01368	0.02077	0.01188	0.01759	0.01551	0.01035	0.01533	0.00870	0.01023	0.00623	0.00464	0.00458	0.00153	0.00715	0.00357	0.00208	0.00721
10	0.00975	0.02526	0.01030	0.00851	0.01072	0.00765	0.06724	0.01497	0.20115	0.06450	0.44874	0.02748	0.03116	0.00813	0.00541	0.00154	0.00340	0.00722	0.00494	0.04195
11	0.01222	0.01056	0.01111	0.01000	0.01278	0.01222	0.00778	0.02611	0.78776	0.02056	0.02000	0.01833	0.01500	0.00667	0.00500	0.00167	0.00389	0.00556	0.00500	0.00778
12	0.01868	0.01376	0.01475	0.01131	0.01524	0.01524	0.00934	0.78025	0.02311	0.03097	0.01180	0.01180	0.00836	0.00590	0.00492	0.00147	0.00541	0.00442	0.00492	0.00836
13	0.01075	0.01075	0.01505	0.01290	0.01290	0.01505	0.01075	0.01183	0.00753	0.01183	0.00645	0.01075	0.00645	0.00860	0.01613	0.00215	0.81830	0.00430	0.00215	0.00538
14	0.00592	0.00476	0.00528	0.00562	0.00682	0.00412	0.00404	0.00709	0.01077	0.01335	0.07808	0.29045	0.51997	0.01326	0.00595	0.00176	0.00259	0.01143	0.00460	0.00412
15	0.01214	0.01329	0.02792	0.02000	0.02489	0.01264	0.72045	0.07371	0.01247	0.01690	0.01008	0.01315	0.00752	0.00428	0.00573	0.00164	0.00807	0.00570	0.00267	0.00676
16	0.86201	0.00950	0.00722	0.00646	0.00950	0.01102	0.00532	0.01445	0.00836	0.02205	0.00684	0.00798	0.00532	0.00456	0.00304	0.00152	0.00380	0.00266	0.00304	0.00532
17	0.00749	0.00536	0.00716	0.00796	0.00892	0.00526	0.00655	0.00932	0.01087	0.01424	0.09060	0.10038	0.07451	0.11645	0.00892	0.00247	0.00414	0.51071	0.00441	0.00428
18	0.00791	0.00493	0.00574	0.00568	0.00592	0.00484	0.00336	0.00810	0.00774	0.05561	0.01668	0.09770	0.01876	0.71158	0.02228	0.00434	0.00457	0.00759	0.00329	0.00337
19	0.01743	0.01866	0.01366	0.01182	0.01471	0.47013	0.00915	0.24561	0.08009	0.01833	0.01012	0.01099	0.00792	0.00690	0.04130	0.00166	0.00762	0.00383	0.00345	0.00660
20	0.00959	0.00905	0.01530	0.73060	0.11629	0.01100	0.01380	0.01283	0.00997	0.01293	0.00879	0.01300	0.00668	0.00486	0.00491	0.00162	0.00647	0.00437	0.00221	0.00571
21	0.01258	0.01073	0.01131	0.01007	0.01291	0.01239	0.00786	0.06724	0.74606	0.02113	0.01955	0.01798	0.01464	0.00663	0.00500	0.00166	0.00397	0.00549	0.00500	0.00781
22	0.00591	0.00492	0.00515	0.00522	0.00673	0.00417	0.00387	0.00720	0.01125	0.01368	0.10213	0.11058	0.67728	0.01251	0.00585	0.00168	0.00251	0.01056	0.00462	0.00417
23	0.01018	0.00990	0.01559	0.64550	0.16250	0.04742	0.01370	0.01331	0.01025	0.01313	0.00877	0.01275	0.00675	0.00483	0.00488	0.00159	0.00654	0.00431	0.00224	0.00586
24	0.00707	0.00500	0.00671	0.00752	0.00814	0.00499	0.00572	0.00839	0.00958	0.01271	0.02315	0.29470	0.02617	0.17449	0.08260	0.00317	0.00481	0.30697	0.00406	0.00404
25	0.00700	0.00504	0.00685	0.00793	0.00872	0.00488	0.00630	0.00862	0.01049	0.01372	0.02747	0.38498	0.06202	0.01431	0.00653	0.00212	0.00372	0.41048	0.00454	0.00428
26	0.02769	0.01855	0.43163	0.01241	0.01761	0.02665	0.04834	0.09535	0.14747	0.03358	0.03153	0.06461	0.01078	0.00597	0.00490	0.00159	0.00603	0.00493	0.00324	0.00712
27	0.01509	0.08713	0.23976	0.01349	0.07929	0.21300	0.01211	0.12830	0.01342	0.10064	0.00984	0.01083	0.00734	0.00522	0.00509	0.00144	0.04415	0.00378	0.00307	0.00702
28	0.86201	0.00950	0.00722	0.00646	0.00950	0.01102	0.00532	0.01445	0.00836	0.02205	0.00684	0.00798	0.00532	0.00456	0.00304	0.00152	0.00380	0.00266	0.00304	0.00532
29	0.00709	0.00491	0.00602	0.00628	0.00739	0.00439	0.00454	0.00845	0.01117	0.05987	0.18362	0.36000	0.27668	0.01283	0.00597	0.00178	0.00274	0.02703	0.00482	0.00443
30	0.01158	0.01108	0.01890	0.18873	0.64262	0.01152	0.01479	0.01457	0.01091	0.01535	0.00914	0.01235	0.00754	0.00449	0.00487	0.00150	0.00598	0.00438	0.00238	0.00731
31	0.01019	0.00873	0.01019	0.00728	0.01165	0.00655	0.00582	0.01237	0.01019	0.01601	0.00873	0.01019	0.00728	0.00364	0.00364	0.00073	0.00364	0.00291	0.00291	0.85734
32	0.00705	0.00497	0.00644	0.00622	0.00732	0.00462	0.00466	0.00927	0.01333	0.01901	0.67535	0.08704	0.04293	0.01024	0.00572	0.00157	0.00242	0.03173	0.05553	0.00459
33	0.00706	0.00510	0.00708	0.00708	0.00768	0.00570	0.00513	0.00825	0.00766	0.01080	0.01391	0.02343	0.01408	0.29054	0.55659	0.00689	0.01047	0.00587	0.00274	0.00394
34	0.00686	0.00502	0.00643	0.00608	0.00728	0.00460	0.00456	0.00908	0.01368	0.01916	0.73034	0.03761	0.11042	0.01025	0.00580	0.00156	0.00233	0.00901	0.00534	0.00460
35	0.00715	0.00476	0.00536	0.00536	0.00536	0.00476	0.00298	0.00715	0.00715	0.00953	0.01548	0.03216	0.01787	0.82729	0.02501	0.00476	0.00476	0.00715	0.00298	0.00298
36	0.01286	0.76273	0.09086	0.00888	0.01334	0.01877	0.00923	0.01479	0.01002	0.01190	0.00700	0.00809	0.00630	0.00424	0.00328	0.00109	0.00542	0.00271	0.00210	0.00639
37	0.86201	0.00950	0.00722	0.00646	0.00950	0.01102	0.00532	0.01445	0.00836	0.02205	0.00684	0.00798	0.00532	0.00456	0.00304	0.00152	0.00380	0.00266	0.00304	0.00532
38	0.01295	0.01130	0.01904	0.05196	0.70447	0.01126	0.01435	0.01579	0.01140	0.08510	0.01012	0.01259	0.00813	0.00455	0.00487	0.00147	0.00571	0.00443	0.00275	0.00777
39	0.01190	0.00868	0.01037	0.00749	0.01178	0.00665	0.00602	0.01404	0.01075	0.12885	0.01027	0.01113	0.00798	0.00399	0.00383	0.00084	0.00372	0.00320	0.00337	0.73515
40	0.01019	0.00873	0.01019	0.00728	0.01165	0.00655	0.00582	0.01237	0.01019	0.01601	0.00873	0.01019	0.00728	0.00364	0.00364	0.00073	0.00364	0.00291	0.00291	0.85734
41	0.01125	0.03365	0.20852	0.01123	0.01505	0.06367	0.08418	0.10153	0.15032	0.01887	0.21279	0.01955	0.03467	0.00666	0.00512	0.00154	0.00525	0.00570	0.00388	0.00655
42	0.00745	0.00514	0.00684	0.00767	0.00856	0.00493	0.00604	0.00900	0.01054	0.03734	0.04562	0.31632	0.08868	0.06339	0.00757	0.00224	0.00374	0.36007	0.00451	0.00434
43	0.01216	0.01168	0.01995	0.03016	0.79664	0.01168	0.01508	0.01508	0.01119	0.01605	0.00924	0.01216	0.00778	0.00438	0.00487	0.00146	0.00584	0.00438	0.00243	0.00778
44	0.20572	0.03742	0.01401	0.04272	0.01508	0.03047	0.04239	0.50658	0.01820	0.02660	0.01025	0.01089	0.00747	0.00542	0.00447	0.00148	0.00529	0.00401	0.00415	0.00737
45	0.67258	0.04740	0.00984	0.00900	0.07278	0.01186	0.00671	0.04800	0.00926	0.02093	0.00723	0.00863	0.00576	0.00481	0.00398	0.00153	0.04806	0.00296	0.00298	0.00570
46	0.00999	0.02456	0.75599	0.01377	0.02078	0.01146	0.01756	0.01617	0.05544	0.01585	0.00947	0.01084	0.00673	0.00478	0.00469	0.00156	0.00707	0.00374	0.00224	0.00729

[dist]
# distance from previous block
# <min> <max>
0	2

[block]
# block no. 4 follows, 51 sequences, length 20
# corresponding to MSA columns:
# 107-126
name=unknown_E
#
# <colnr> <probs for GDERKNQSTAVLIFYWHMCP>
#	G	D	E	R	K	N	Q	S	T	A	V	L	I	F	Y	W	H	M	C	P
0	0.00598	0.00432	0.00566	0.00674	0.00710	0.00400	0.00452	0.00685	0.00951	0.01259	0.02835	0.78067	0.07510	0.01523	0.00625	0.00198	0.00283	0.01377	0.00456	0.00400
1	0.02987	0.04781	0.10338	0.01108	0.08597	0.00868	0.00891	0.06111	0.01297	0.41674	0.03169	0.11320	0.03254	0.00699	0.00499	0.00156	0.00457	0.00586	0.00475	0.00734
2	0.06250	0.01142	0.01897	0.06201	0.71760	0.01161	0.01444	0.01494	0.01096	0.01626	0.00908	0.01195	0.00759	0.00441	0.00476	0.00147	0.00575	0.00428	0.00246	0.00754
3	0.00928	0.00873	0.01474	0.81548	0.03385	0.01092	0.01365	0.01256	0.00983	0.01256	0.00873	0.01310	0.00655	0.00491	0.00491	0.00164	0.00655	0.00437	0.00218	0.00546
4	0.01361	0.01104	0.01557	0.19541	0.21574	0.01204	0.03814	0.21533	0.12280	0.06672	0.01247	0.03789	0.00966	0.00564	0.00499	0.00156	0.00551	0.00492	0.00367	0.00729
5	0.01366	0.25712	0.39033	0.01114	0.01670	0.01279	0.01275	0.01727	0.01112	0.19725	0.01070	0.01113	0.00763	0.00486	0.00429	0.00140	0.00596	0.00364	0.00302	0.00724
6	0.01322	0.01062	0.01661	0.27226	0.38254	0.03105	0.01303	0.04818	0.01178	0.13711	0.01072	0.01307	0.00806	0.00489	0.00488	0.00152	0.00586	0.00443	0.00303	0.00712
7	0.00973	0.00919	0.01555	0.69365	0.15218	0.01104	0.01387	0.01295	0.01004	0.01310	0.00881	0.01296	0.00674	0.00483	0.00491	0.00161	0.00644	0.00437	0.00222	0.00582
8	0.01318	0.05457	0.18173	0.07304	0.06589	0.03703	0.17187	0.02914	0.05023	0.17507	0.05978	0.03249	0.02223	0.00562	0.00505	0.00155	0.00601	0.00513	0.00350	0.00692
9	0.01276	0.04221	0.20453	0.02136	0.42129	0.01123	0.03188	0.01665	0.04596	0.11347	0.01153	0.01308	0.02204	0.00489	0.00481	0.00149	0.00586	0.00440	0.00294	0.00759
10	0.02205	0.00836	0.01140	0.00874	0.01254	0.00722	0.00722	0.02395	0.01407	0.80004	0.01939	0.01673	0.01216	0.00608	0.00494	0.00152	0.00418	0.00494	0.00608	0.00836
11	0.01081	0.02015	0.46058	0.04431	0.07392	0.03816	0.25061	0.01562	0.01090	0.01543	0.00915	0.01142	0.00672	0.00451	0.00503	0.00157	0.00751	0.00435	0.00224	0.00699
12	0.01409	0.03035	0.26453	0.01522	0.18141	0.01033	0.02900	0.03392	0.08195	0.23598	0.01456	0.01477	0.04051	0.00550	0.00486	0.00153	0.00555	0.00464	0.00370	0.00759
13	0.06182	0.17678	0.18080	0.01326	0.12676	0.06575	0.01115	0.10386	0.01278	0.18574	0.01091	0.01143	0.00794	0.00500	0.00438	0.00140	0.00570	0.00383	0.00340	0.00730
14	0.00614	0.00428	0.00574	0.00682	0.00708	0.00401	0.00454	0.00682	0.00923	0.01230	0.02597	0.77552	0.03106	0.01550	0.00705	0.05332	0.00294	0.01339	0.00442	0.00388
15	0.01278	0.03884	0.19147	0.02120	0.37178	0.01119	0.12057	0.01629	0.01148	0.11921	0.03093	0.01303	0.00893	0.00478	0.00494	0.00151	0.00616	0.00455	0.00291	0.00746
16	0.01323	0.06232	0.18587	0.06193	0.14377	0.01069	0.05459	0.01822	0.13276	0.18322	0.07251	0.01543	0.01226	0.00560	0.00488	0.00153	0.00537	0.00484	0.00373	0.00726
17	0.02205	0.00836	0.01140	0.00874	0.01254	0.00722	0.00722	0.02395	0.01407	0.80004	0.01939	0.01673	0.01216	0.00608	0.00494	0.00152	0.00418	0.00494	0.00608	0.00836
18	0.01213	0.01259	0.07912	0.12336	0.13932	0.03829	0.14651	0.03796	0.30123	0.03757	0.01355	0.01464	0.01021	0.00539	0.00506	0.00160	0.00580	0.00498	0.00350	0.00718
19	0.01105	0.09230	0.65349	0.01340	0.02008	0.01184	0.04313	0.01608	0.01064	0.07011	0.00943	0.01071	0.00669	0.00471	0.00460	0.00151	0.00691	0.00371	0.00237	0.00724

[dist]
# distance from previous block
# <min> <max>
0	13

[block]
# block no. 5 follows, 51 sequences, length 82
# corresponding to MSA columns:
# 140-191,199-228
name=unknown_F
#
# <colnr> <probs for GDERKNQSTAVLIFYWHMCP>
#	G	D	E	R	K	N	Q	S	T	A	V	L	I	F	Y	W	H	M	C	P
0	0.07225	0.03198	0.28409	0.01426	0.13922	0.03844	0.02301	0.06154	0.04360	0.22616	0.01212	0.01253	0.00849	0.00514	0.00467	0.00151	0.00577	0.00415	0.00357	0.00751
1	0.59754	0.05590	0.06980	0.00814	0.03673	0.01090	0.00696	0.01559	0.00943	0.11215	0.00882	0.00964	0.00655	0.00476	0.00347	0.00148	0.00421	0.00312	0.02887	0.00594
2	0.01598	0.21424	0.01591	0.01088	0.02447	0.41454	0.00865	0.03153	0.08323	0.06980	0.02064	0.01236	0.04682	0.00550	0.00431	0.00130	0.00672	0.00384	0.00308	0.00621
3	0.01048	0.00937	0.07122	0.01005	0.03993	0.00846	0.06193	0.02518	0.23805	0.08204	0.22832	0.05782	0.09543	0.00821	0.00542	0.00164	0.00400	0.03154	0.00463	0.00628
4	0.01148	0.08878	0.62059	0.01285	0.01924	0.03989	0.01575	0.01627	0.01089	0.08720	0.02689	0.01128	0.00767	0.00489	0.00459	0.00150	0.00676	0.00377	0.00253	0.00717
5	0.04148	0.37858	0.35425	0.01114	0.03011	0.01461	0.01248	0.01582	0.01045	0.07742	0.00874	0.00974	0.00674	0.00457	0.00397	0.00133	0.00598	0.00327	0.00245	0.00687
6	0.00786	0.00756	0.05013	0.00857	0.01104	0.00615	0.13656	0.01003	0.01173	0.04544	0.15695	0.05464	0.43908	0.01010	0.00574	0.00165	0.00380	0.02372	0.00428	0.00497
7	0.02816	0.42342	0.23938	0.01044	0.01507	0.09856	0.01107	0.03985	0.01076	0.01354	0.00806	0.00959	0.00674	0.00670	0.05835	0.00170	0.00671	0.00320	0.00228	0.00643
8	0.01141	0.01106	0.01930	0.22246	0.55501	0.01154	0.06843	0.01451	0.01088	0.01517	0.00917	0.01247	0.00746	0.00449	0.00494	0.00152	0.00619	0.00448	0.00238	0.00713
9	0.00982	0.00753	0.01233	0.01015	0.01175	0.00764	0.17807	0.01126	0.00919	0.09125	0.01502	0.11501	0.01524	0.33663	0.07363	0.00343	0.07701	0.00702	0.00327	0.00477
10	0.01764	0.01664	0.06512	0.01196	0.01562	0.26618	0.04861	0.29841	0.07132	0.12254	0.01174	0.01195	0.00849	0.00554	0.00480	0.00144	0.00651	0.00419	0.00401	0.00731
11	0.07392	0.01160	0.01830	0.02612	0.64645	0.01180	0.01363	0.08232	0.01212	0.04318	0.00962	0.01198	0.00780	0.00458	0.00474	0.00147	0.00560	0.00428	0.00281	0.00768
12	0.01043	0.00847	0.01391	0.67687	0.03001	0.01017	0.01260	0.01350	0.01035	0.08982	0.01106	0.01659	0.00871	0.00567	0.00505	0.00167	0.00617	0.06055	0.00274	0.00567
13	0.00756	0.00563	0.00694	0.00746	0.00830	0.00567	0.00524	0.06148	0.09460	0.01495	0.05626	0.65016	0.02953	0.01359	0.00602	0.00191	0.00312	0.01221	0.00467	0.00472
14	0.00829	0.00595	0.00742	0.00687	0.00836	0.00583	0.00524	0.01224	0.12399	0.04900	0.64173	0.03366	0.04031	0.00948	0.00567	0.00157	0.00265	0.02116	0.00536	0.00522
15	0.00986	0.00940	0.01561	0.57116	0.13347	0.01144	0.03013	0.01280	0.00985	0.01317	0.02645	0.01322	0.00763	0.00541	0.00637	0.00168	0.10978	0.00450	0.00229	0.00577
16	0.01614	0.00711	0.00963	0.00805	0.01080	0.00631	0.00657	0.01821	0.01370	0.48846	0.23943	0.02685	0.02371	0.00807	0.00540	0.00161	0.00369	0.09367	0.00571	0.00687
17	0.27929	0.04413	0.01154	0.00943	0.01251	0.04117	0.03719	0.07537	0.39907	0.02091	0.01392	0.01366	0.01053	0.00570	0.00432	0.00157	0.00438	0.00437	0.00408	0.00687
18	0.04469	0.01013	0.01351	0.22820	0.04943	0.01071	0.04935	0.11578	0.14748	0.01797	0.01107	0.01277	0.00851	0.00500	0.00477	0.00137	0.02120	0.00419	0.00329	0.24058
19	0.01263	0.04220	0.04919	0.02261	0.32074	0.01268	0.34337	0.10373	0.01267	0.01747	0.00974	0.01238	0.00761	0.00446	0.00521	0.00154	0.00687	0.00491	0.00272	0.00728
20	0.01075	0.10011	0.23730	0.01275	0.01522	0.01449	0.01259	0.01318	0.00858	0.01285	0.00716	0.01035	0.00637	0.00704	0.01156	0.00187	0.50578	0.00394	0.00212	0.00600
21	0.01608	0.01843	0.01309	0.01147	0.01407	0.52897	0.03839	0.11604	0.01466	0.01546	0.06094	0.01449	0.06978	0.00604	0.00470	0.00135	0.00722	0.00440	0.03857	0.00585
22	0.01189	0.25370	0.48607	0.01219	0.01814	0.04347	0.03116	0.01598	0.01065	0.06153	0.00887	0.01005	0.00664	0.00462	0.00427	0.00140	0.00659	0.00345	0.00235	0.00698
23	0.01287	0.76501	0.08866	0.00886	0.01331	0.01879	0.00920	0.01478	0.01002	0.01189	0.00699	0.00809	0.00630	0.00424	0.00328	0.00109	0.00542	0.00271	0.00210	0.00638
24	0.00914	0.00483	0.00526	0.00508	0.00634	0.00469	0.00383	0.01140	0.01121	0.04890	0.17614	0.02260	0.03501	0.00676	0.00402	0.00125	0.00237	0.00559	0.63084	0.00473
25	0.01168	0.01125	0.01943	0.07447	0.66707	0.01131	0.05705	0.01464	0.01118	0.01581	0.02300	0.01412	0.02324	0.00481	0.00499	0.00150	0.00587	0.01862	0.00255	0.00741
26	0.01174	0.01521	0.25868	0.11805	0.27689	0.01139	0.03902	0.01650	0.08519	0.07188	0.01072	0.01263	0.00809	0.00503	0.00530	0.00157	0.03773	0.00434	0.00279	0.00725
27	0.00599	0.00428	0.00570	0.00684	0.00713	0.00399	0.00456	0.00684	0.00941	0.01254	0.02709	0.82409	0.03250	0.01540	0.00627	0.00200	0.00285	0.01397	0.00456	0.00399
28	0.00598	0.00430	0.00568	0.00678	0.00711	0.00400	0.00453	0.00685	0.00947	0.01257	0.02786	0.79752	0.05857	0.01530	0.00626	0.00198	0.00284	0.01385	0.00456	0.00400
29	0.05369	0.01121	0.08196	0.44815	0.09401	0.01144	0.07216	0.05457	0.08410	0.02676	0.01016	0.01302	0.00761	0.00500	0.00487	0.00160	0.00620	0.00445	0.00273	0.00631
30	0.00607	0.00433	0.00579	0.00693	0.00725	0.00406	0.00470	0.00698	0.00949	0.01263	0.02704	0.79215	0.03233	0.01532	0.00629	0.00201	0.00292	0.04511	0.00456	0.00401
31	0.00792	0.00566	0.00792	0.00905	0.01018	0.00566	0.00792	0.01018	0.01131	0.01471	0.02602	0.05543	0.02828	0.01358	0.00679	0.00226	0.00453	0.76356	0.00453	0.00453
32	0.86201	0.00950	0.00722	0.00646	0.00950	0.01102	0.00532	0.01445	0.00836	0.02205	0.00684	0.00798	0.00532	0.00456	0.00304	0.00152	0.00380	0.00266	0.00304	0.00532
33	0.00691	0.00493	0.00620	0.00599	0.00714	0.00453	0.00445	0.00900	0.01304	0.01839	0.60485	0.09496	0.12403	0.01041	0.00568	0.00156	0.00237	0.00914	0.06187	0.00453
34	0.01019	0.00873	0.01019	0.00728	0.01165	0.00655	0.00582	0.01237	0.01019	0.01601	0.00873	0.01019	0.00728	0.00364	0.00364	0.00073	0.00364	0.00291	0.00291	0.85734
35	0.00735	0.00559	0.00724	0.00676	0.00766	0.00576	0.00505	0.00904	0.01186	0.01666	0.52158	0.03311	0.09002	0.10983	0.03022	0.02523	0.09001	0.00808	0.00455	0.00441
36	0.00645	0.00492	0.00590	0.00581	0.00703	0.00440	0.00428	0.00819	0.01235	0.01649	0.43618	0.12428	0.30676	0.02728	0.00622	0.00170	0.00248	0.00992	0.00498	0.00436
37	0.01169	0.14801	0.21928	0.03851	0.02977	0.10310	0.01075	0.01806	0.24520	0.01575	0.02920	0.07328	0.02441	0.00626	0.00467	0.00151	0.00555	0.00501	0.00331	0.00669
38	0.02205	0.00836	0.01140	0.00874	0.01254	0.00722	0.00722	0.02395	0.01407	0.80004	0.01939	0.01673	0.01216	0.00608	0.00494	0.00152	0.00418	0.00494	0.00608	0.00836
39	0.01129	0.00882	0.01039	0.00748	0.01180	0.00680	0.00601	0.03090	0.01078	0.07641	0.00962	0.01073	0.00768	0.00388	0.00377	0.00081	0.00372	0.00310	0.00320	0.77280
40	0.09602	0.00622	0.00633	0.00598	0.00763	0.00654	0.00474	0.09790	0.01165	0.01975	0.01565	0.02033	0.01298	0.00643	0.00390	0.00133	0.00302	0.08162	0.58692	0.00507
41	0.00986	0.02542	0.80183	0.01401	0.02127	0.01141	0.01816	0.01556	0.01038	0.01556	0.00882	0.01038	0.00623	0.00467	0.00467	0.00156	0.00726	0.00363	0.00208	0.00726
42	0.02205	0.00836	0.01140	0.00874	0.01254	0.00722	0.00722	0.02395	0.01407	0.80004	0.01939	0.01673	0.01216	0.00608	0.00494	0.00152	0.00418	0.00494	0.00608	0.00836
43	0.00986	0.02542	0.80183	0.01401	0.02127	0.01141	0.01816	0.01556	0.01038	0.01556	0.00882	0.01038	0.00623	0.00467	0.00467	0.00156	0.00726	0.00363	0.00208	0.00726
44	0.02179	0.00878	0.01166	0.00894	0.01275	0.00784	0.00739	0.08188	0.01476	0.74113	0.01881	0.01635	0.01187	0.00607	0.00494	0.00152	0.00428	0.00490	0.00599	0.00836
45	0.01299	0.01331	0.05462	0.01652	0.02096	0.01287	0.44839	0.16182	0.16883	0.01957	0.01226	0.01388	0.00908	0.00500	0.00543	0.00162	0.00682	0.00540	0.00343	0.00721
46	0.01134	0.00522	0.00573	0.00528	0.00688	0.00503	0.00408	0.01356	0.01094	0.15050	0.01660	0.01805	0.01252	0.00579	0.00369	0.00121	0.00261	0.00464	0.71110	0.00522
47	0.05584	0.00831	0.01098	0.00854	0.01213	0.00739	0.00702	0.04029	0.01403	0.69676	0.07123	0.01760	0.01411	0.00628	0.00492	0.00152	0.00407	0.00510	0.00588	0.00798
48	0.01732	0.01381	0.24805	0.01086	0.01565	0.00904	0.03698	0.04659	0.03693	0.47159	0.01582	0.01545	0.01054	0.00577	0.00493	0.00156	0.00528	0.02130	0.00466	0.00787
49	0.00599	0.00428	0.00570	0.00684	0.00713	0.00399	0.00456	0.00684	0.00941	0.01254	0.02709	0.82409	0.03250	0.01540	0.00627	0.00200	0.00285	0.01397	0.00456	0.00399
50	0.01590	0.00679	0.00883	0.00726	0.00989	0.00607	0.00581	0.01798	0.01319	0.45612	0.18601	0.02140	0.01965	0.00686	0.00479	0.00144	0.00335	0.00571	0.19623	0.00671
51	0.01201	0.01108	0.01881	0.15874	0.64526	0.01140	0.01459	0.01496	0.01106	0.04129	0.00949	0.01247	0.00773	0.00452	0.00488	0.00149	0.00590	0.00440	0.00251	0.00742
52	0.17282	0.03162	0.12219	0.02495	0.09981	0.04564	0.02134	0.09848	0.01200	0.17520	0.01176	0.01271	0.02906	0.00625	0.01953	0.00168	0.10046	0.00417	0.00352	0.00682
53	0.66751	0.01065	0.00962	0.01028	0.11719	0.05757	0.00708	0.01474	0.00904	0.02029	0.00720	0.00870	0.00576	0.00471	0.00383	0.00152	0.03275	0.00298	0.00290	0.00568
54	0.01089	0.00951	0.03302	0.11229	0.38898	0.00935	0.01131	0.01376	0.02922	0.06915	0.14925	0.07229	0.04332	0.00668	0.00534	0.00156	0.01801	0.00605	0.00343	0.00658
55	0.00865	0.00534	0.00691	0.00632	0.00776	0.00489	0.00481	0.01090	0.01363	0.10065	0.64629	0.03359	0.05501	0.00939	0.00555	0.00152	0.00251	0.00821	0.06306	0.00501
56	0.00822	0.06171	0.00930	0.00782	0.00847	0.00768	0.00593	0.00886	0.00759	0.01061	0.01160	0.01953	0.01173	0.20380	0.34574	0.13903	0.12064	0.00522	0.00253	0.00399
57	0.13459	0.00827	0.01043	0.00821	0.01165	0.00757	0.00668	0.02152	0.01283	0.64125	0.01743	0.01659	0.01163	0.06158	0.00605	0.00174	0.00417	0.00478	0.00546	0.00759
58	0.01537	0.00920	0.01093	0.00914	0.01207	0.00947	0.00739	0.18125	0.18970	0.26345	0.15543	0.02254	0.01928	0.00745	0.00524	0.00161	0.00407	0.06378	0.00535	0.00728
59	0.49342	0.00896	0.00884	0.00737	0.01057	0.00946	0.00605	0.04348	0.01116	0.28315	0.06462	0.01299	0.01051	0.00549	0.00393	0.00152	0.00388	0.00391	0.00429	0.00640
60	0.01272	0.01080	0.01139	0.01010	0.01297	0.01245	0.00790	0.08388	0.72919	0.02135	0.01937	0.01783	0.01449	0.00661	0.00499	0.00165	0.00401	0.00547	0.00499	0.00782
61	0.00986	0.02542	0.80183	0.01401	0.02127	0.01141	0.01816	0.01556	0.01038	0.01556	0.00882	0.01038	0.00623	0.00467	0.00467	0.00156	0.00726	0.00363	0.00208	0.00726
62	0.01314	0.83025	0.02575	0.00841	0.01261	0.01945	0.00841	0.01472	0.00999	0.01156	0.00683	0.00788	0.00631	0.00420	0.00315	0.00105	0.00526	0.00263	0.00210	0.00631
63	0.00804	0.00579	0.00801	0.00908	0.01025	0.00583	0.00792	0.01061	0.03224	0.01486	0.02586	0.05443	0.02792	0.01339	0.00674	0.00225	0.00451	0.74313	0.00454	0.00461
64	0.01314	0.83025	0.02575	0.00841	0.01261	0.01945	0.00841	0.01472	0.00999	0.01156	0.00683	0.00788	0.00631	0.00420	0.00315	0.00105	0.00526	0.00263	0.00210	0.00631
65	0.01724	0.00798	0.01016	0.00819	0.01122	0.00746	0.00662	0.07823	0.06535	0.47810	0.16275	0.02031	0.01846	0.00681	0.00497	0.00150	0.00375	0.00565	0.07794	0.00731
66	0.00611	0.00441	0.00581	0.00684	0.00727	0.00411	0.00470	0.00712	0.00976	0.01296	0.05703	0.71859	0.06855	0.01496	0.00626	0.00198	0.00290	0.05201	0.00459	0.00405
67	0.01210	0.01032	0.01086	0.00979	0.01250	0.01193	0.00761	0.02554	0.75753	0.02047	0.01985	0.01833	0.01491	0.00663	0.00494	0.00165	0.00383	0.00552	0.03803	0.00765
68	0.00715	0.00476	0.00536	0.00536	0.00536	0.00476	0.00298	0.00715	0.00715	0.00953	0.01548	0.03216	0.01787	0.82729	0.02501	0.00476	0.00476	0.00715	0.00298	0.00298
69	0.56533	0.00964	0.01065	0.04225	0.02815	0.01042	0.07883	0.01637	0.00990	0.17354	0.00972	0.01049	0.00696	0.00483	0.00379	0.00154	0.00445	0.00351	0.00354	0.00610
70	0.01460	0.00949	0.01082	0.00920	0.01210	0.01012	0.00729	0.10483	0.39147	0.21559	0.12136	0.01966	0.01767	0.00686	0.00505	0.00158	0.00388	0.00570	0.02523	0.00750
71	0.01108	0.00879	0.01031	0.00749	0.01175	0.00683	0.00600	0.01373	0.04276	0.06938	0.00993	0.01097	0.00793	0.00393	0.00378	0.00082	0.00369	0.00316	0.00321	0.76445
72	0.00777	0.00634	0.00915	0.09653	0.12542	0.00630	0.00701	0.00994	0.01195	0.01641	0.39038	0.08348	0.12747	0.04001	0.03868	0.00196	0.00387	0.00806	0.00426	0.00501
73	0.00687	0.00542	0.00820	0.00840	0.00927	0.00517	0.07577	0.00857	0.03498	0.01328	0.02520	0.65748	0.02928	0.01393	0.00623	0.00198	0.00353	0.07765	0.00438	0.00440
74	0.00645	0.00469	0.00615	0.00662	0.00722	0.00461	0.00462	0.00762	0.00961	0.01300	0.13133	0.39378	0.09211	0.11861	0.16658	0.00341	0.00502	0.01041	0.00410	0.00405
75	0.00948	0.00893	0.01509	0.76221	0.08559	0.01097	0.01375	0.01273	0.00992	0.01279	0.00877	0.01304	0.00663	0.00488	0.00491	0.00163	0.00650	0.00437	0.00220	0.00562
76	0.01151	0.01179	0.01625	0.40407	0.26328	0.12008	0.01330	0.01424	0.01063	0.01350	0.00856	0.01206	0.00689	0.00505	0.00569	0.00157	0.06883	0.00420	0.00230	0.00620
77	0.00658	0.00470	0.00638	0.00752	0.00806	0.00450	0.00559	0.00786	0.00999	0.01320	0.02676	0.58979	0.03122	0.01484	0.00643	0.00208	0.00336	0.24246	0.00455	0.00415
78	0.01188	0.01016	0.01072	0.00969	0.01228	0.01172	0.00745	0.02483	0.73481	0.01981	0.01970	0.01927	0.01520	0.06233	0.00636	0.00188	0.00395	0.00566	0.00486	0.00745
79	0.00811	0.06172	0.00839	0.00786	0.06745	0.00661	0.00497	0.02985	0.02771	0.01320	0.13995	0.05704	0.13156	0.39837	0.01466	0.00307	0.00411	0.00747	0.00363	0.00428
80	0.01893	0.01083	0.01225	0.00962	0.01319	0.05414	0.00784	0.26802	0.04900	0.39555	0.06849	0.01590	0.01288	0.00618	0.00492	0.00147	0.00468	0.00490	0.00531	0.03588
81	0.12455	0.04070	0.09890	0.01363	0.12469	0.12523	0.08384	0.04028	0.01196	0.17722	0.01074	0.01162	0.00787	0.00481	0.00446	0.00138	0.00577	0.00393	0.00336	0.10507

[dist]
# distance from previous block
# <min> <max>
2	8

[block]
# block no. 6 follows, 51 sequences, length 16
# corresponding to MSA columns:
# 237-252
name=unknown_G
#
# <colnr> <probs for GDERKNQSTAVLIFYWHMCP>
#	G	D	E	R	K	N	Q	S	T	A	V	L	I	F	Y	W	H	M	C	P
0	0.06554	0.03790	0.11798	0.01096	0.08248	0.02700	0.03196	0.01422	0.05695	0.01631	0.01019	0.01307	0.00856	0.00467	0.00416	0.00114	0.00470	0.04289	0.00293	0.44639
1	0.00706	0.00518	0.00580	0.00554	0.00718	0.00446	0.00419	0.00865	0.01215	0.05949	0.26414	0.04250	0.53330	0.01139	0.00576	0.00162	0.00253	0.00963	0.00489	0.00453
2	0.00840	0.00784	0.01456	0.01241	0.03861	0.00742	0.27750	0.01055	0.01043	0.01404	0.05928	0.32928	0.06913	0.01186	0.05167	0.03320	0.00549	0.02968	0.00361	0.00505
3	0.01015	0.02028	0.54331	0.01344	0.01928	0.01093	0.09434	0.03876	0.07662	0.01672	0.07495	0.03688	0.01120	0.00557	0.00496	0.00159	0.00650	0.00477	0.00279	0.00696
4	0.00645	0.00504	0.00591	0.00608	0.00741	0.00450	0.00469	0.00811	0.01179	0.01515	0.24278	0.10949	0.41459	0.01222	0.00599	0.00175	0.00279	0.12616	0.00478	0.00432
5	0.01309	0.22645	0.06658	0.17375	0.12662	0.18832	0.01115	0.04315	0.02677	0.01356	0.00854	0.01111	0.00718	0.03110	0.00534	0.00149	0.03341	0.00372	0.00245	0.00623
6	0.00690	0.00535	0.00755	0.00785	0.00840	0.00601	0.00583	0.00818	0.00861	0.01200	0.01953	0.37612	0.03881	0.02402	0.35659	0.00458	0.08674	0.00915	0.00349	0.00430
7	0.03988	0.15562	0.15765	0.01382	0.11997	0.08814	0.07672	0.03540	0.01200	0.20774	0.01111	0.01180	0.00808	0.00488	0.00450	0.00140	0.00594	0.00398	0.00331	0.03806
8	0.03582	0.01042	0.01727	0.16665	0.47158	0.01065	0.03876	0.01570	0.01125	0.13187	0.01116	0.03782	0.00889	0.00506	0.00491	0.00153	0.00566	0.00476	0.00301	0.00723
9	0.01546	0.00687	0.00927	0.00779	0.01036	0.00608	0.00620	0.01740	0.01349	0.46165	0.25793	0.10031	0.02508	0.00841	0.00539	0.00160	0.00350	0.03085	0.00568	0.00669
10	0.00603	0.00450	0.00561	0.00636	0.00703	0.00408	0.00438	0.00709	0.01019	0.01331	0.09622	0.58129	0.20746	0.01428	0.00613	0.00188	0.00272	0.01273	0.00463	0.00408
11	0.01172	0.04070	0.40303	0.08498	0.08330	0.01155	0.11644	0.05999	0.01153	0.07831	0.01085	0.01252	0.02542	0.00503	0.00512	0.00156	0.02381	0.00434	0.00271	0.00708
12	0.41320	0.11526	0.22019	0.00941	0.01386	0.01180	0.03492	0.01585	0.00982	0.10304	0.00882	0.00972	0.00649	0.00470	0.00378	0.00148	0.00508	0.00326	0.00298	0.00633
13	0.00618	0.00442	0.00593	0.00706	0.00744	0.00416	0.00490	0.00718	0.00960	0.01276	0.02698	0.74675	0.03208	0.01521	0.00632	0.00202	0.00302	0.08939	0.00456	0.00405
14	0.31139	0.06487	0.22008	0.01177	0.06519	0.15813	0.03106	0.02966	0.01074	0.04443	0.00826	0.00955	0.00631	0.00471	0.00402	0.00145	0.00602	0.00331	0.00272	0.00631
15	0.00624	0.00462	0.00591	0.00667	0.00734	0.00417	0.00456	0.00725	0.00977	0.01304	0.05296	0.67837	0.10457	0.01428	0.00606	0.00188	0.00284	0.01284	0.00450	0.05213

[dist]
# distance from previous block
# <min> <max>
0	4

[block]
# block no. 7 follows, 51 sequences, length 46
# corresponding to MSA columns:
# 257-302
name=unknown_H
#
# <colnr> <probs for GDERKNQSTAVLIFYWHMCP>
#	G	D	E	R	K	N	Q	S	T	A	V	L	I	F	Y	W	H	M	C	P
0	0.01366	0.01170	0.01189	0.01035	0.01333	0.04775	0.00814	0.16244	0.61521	0.02207	0.01797	0.01673	0.01342	0.00646	0.00496	0.00161	0.00438	0.00525	0.00488	0.00779
1	0.01022	0.01018	0.02861	0.03573	0.01484	0.03570	0.13688	0.02377	0.02012	0.01339	0.01162	0.01990	0.01119	0.01224	0.12100	0.00281	0.35269	0.13092	0.00276	0.00543
2	0.01319	0.32753	0.37251	0.01098	0.01650	0.01374	0.01259	0.01668	0.01086	0.14822	0.00987	0.01052	0.00727	0.00473	0.00414	0.00136	0.00597	0.00348	0.00277	0.00709
3	0.01207	0.01534	0.18829	0.01885	0.06130	0.01178	0.52348	0.01631	0.01151	0.07627	0.01040	0.01287	0.00758	0.00441	0.00545	0.00162	0.00764	0.00521	0.00268	0.00695
4	0.00715	0.00476	0.00536	0.00536	0.00536	0.00476	0.00298	0.00715	0.00715	0.00953	0.01548	0.03216	0.01787	0.82729	0.02501	0.00476	0.00476	0.00715	0.00298	0.00298
5	0.00684	0.00502	0.00641	0.00606	0.00727	0.00459	0.00455	0.00905	0.01364	0.01906	0.71926	0.03777	0.12156	0.01029	0.00580	0.00156	0.00234	0.00904	0.00532	0.00459
6	0.01314	0.83025	0.02575	0.00841	0.01261	0.01945	0.00841	0.01472	0.00999	0.01156	0.00683	0.00788	0.00631	0.00420	0.00315	0.00105	0.00526	0.00263	0.00210	0.00631
7	0.00640	0.00451	0.00587	0.00672	0.00707	0.00430	0.00455	0.00730	0.00942	0.01260	0.06907	0.57939	0.03040	0.15732	0.00957	0.00248	0.00329	0.07153	0.00433	0.00389
8	0.00916	0.00458	0.00458	0.00458	0.00573	0.00458	0.00344	0.01145	0.01031	0.01832	0.01603	0.01832	0.01260	0.00573	0.00344	0.00115	0.00229	0.00458	0.85457	0.00458
9	0.00586	0.00498	0.00506	0.00504	0.00667	0.00417	0.00378	0.00716	0.01133	0.01359	0.08603	0.04678	0.75820	0.01233	0.00581	0.00165	0.00248	0.01030	0.00460	0.00417
10	0.00616	0.00440	0.00589	0.00703	0.00739	0.00414	0.00485	0.00713	0.00957	0.01273	0.02699	0.75729	0.03214	0.01524	0.00632	0.00202	0.00300	0.07911	0.00456	0.00404
11	0.00884	0.00500	0.00552	0.00569	0.00679	0.00501	0.00430	0.04195	0.01076	0.01743	0.01885	0.17182	0.01759	0.00827	0.00434	0.00142	0.00273	0.07683	0.58225	0.00462
12	0.86201	0.00950	0.00722	0.00646	0.00950	0.01102	0.00532	0.01445	0.00836	0.02205	0.00684	0.00798	0.00532	0.00456	0.00304	0.00152	0.00380	0.00266	0.00304	0.00532
13	0.00916	0.00458	0.00458	0.00458	0.00573	0.00458	0.00344	0.01145	0.01031	0.01832	0.01603	0.01832	0.01260	0.00573	0.00344	0.00115	0.00229	0.00458	0.85457	0.00458
14	0.01314	0.83025	0.02575	0.00841	0.01261	0.01945	0.00841	0.01472	0.00999	0.01156	0.00683	0.00788	0.00631	0.00420	0.00315	0.00105	0.00526	0.00263	0.00210	0.00631
15	0.00702	0.00527	0.00790	0.00790	0.00878	0.00614	0.00614	0.00878	0.00790	0.01141	0.01316	0.01931	0.01229	0.03686	0.80782	0.00790	0.01316	0.00527	0.00263	0.00439
16	0.00955	0.00584	0.00616	0.00602	0.00741	0.00613	0.00451	0.03671	0.14370	0.01831	0.01807	0.12666	0.01556	0.00719	0.00413	0.00136	0.00273	0.00601	0.56878	0.00516
17	0.09614	0.58114	0.07813	0.00888	0.01312	0.01707	0.00881	0.06766	0.03178	0.04672	0.00818	0.00898	0.00682	0.00453	0.00349	0.00120	0.00519	0.00300	0.00262	0.00654
18	0.01529	0.01263	0.01318	0.01081	0.01398	0.05647	0.00870	0.36978	0.29028	0.02394	0.01387	0.01377	0.01038	0.00620	0.00571	0.00154	0.06771	0.00466	0.00449	0.05660
19	0.00592	0.00494	0.00517	0.00520	0.00673	0.00418	0.00386	0.00725	0.01135	0.01383	0.11699	0.09098	0.68194	0.01239	0.00583	0.00167	0.00249	0.01044	0.00464	0.00418
20	0.04356	0.00955	0.01536	0.41258	0.28769	0.01051	0.01263	0.01318	0.01012	0.01422	0.00919	0.01338	0.00758	0.04850	0.00580	0.00167	0.00588	0.00434	0.00240	0.07187
21	0.86201	0.00950	0.00722	0.00646	0.00950	0.01102	0.00532	0.01445	0.00836	0.02205	0.00684	0.00798	0.00532	0.00456	0.00304	0.00152	0.00380	0.00266	0.00304	0.00532
22	0.00638	0.00500	0.00577	0.00558	0.00699	0.00439	0.00418	0.00816	0.01255	0.01649	0.42156	0.04201	0.42086	0.01125	0.00580	0.00160	0.00240	0.00963	0.00499	0.00439
23	0.86201	0.00950	0.00722	0.00646	0.00950	0.01102	0.00532	0.01445	0.00836	0.02205	0.00684	0.00798	0.00532	0.00456	0.00304	0.00152	0.00380	0.00266	0.00304	0.00532
24	0.01028	0.00901	0.01133	0.00809	0.01250	0.00691	0.05270	0.01258	0.01028	0.01600	0.00881	0.01038	0.00729	0.00367	0.00377	0.00078	0.00392	0.00309	0.00289	0.80574
