[name]
unknown

[dist]
# distance from previous block
# <min> <max>
10	131

[block]
# block no. 0 follows, 44 sequences, length 31
# corresponding to MSA columns:
# 161-191
name=unknown_A
#
# <colnr> <probs for GDERKNQSTAVLIFYWHMCP>
#	G	D	E	R	K	N	Q	S	T	A	V	L	I	F	Y	W	H	M	C	P
0	0.03116	0.09525	0.26727	0.01233	0.01707	0.04163	0.02682	0.19963	0.06024	0.02097	0.03192	0.14312	0.01391	0.00770	0.00540	0.00173	0.00618	0.00629	0.00387	0.00750
1	0.13455	0.08614	0.18059	0.01228	0.01640	0.21038	0.05043	0.01782	0.01267	0.08132	0.04647	0.05274	0.01191	0.00670	0.00536	0.00167	0.02635	0.03603	0.00341	0.00679
2	0.05091	0.01110	0.01368	0.12086	0.16555	0.08015	0.01008	0.07970	0.01304	0.12470	0.01633	0.05491	0.04915	0.13625	0.00936	0.00231	0.02416	0.02720	0.00389	0.00670
3	0.13093	0.01003	0.01304	0.14839	0.09435	0.03779	0.03942	0.01460	0.06111	0.01724	0.01734	0.07673	0.07128	0.00828	0.00665	0.00186	0.08272	0.08357	0.04167	0.04300
4	0.05382	0.01404	0.16518	0.08820	0.17066	0.01018	0.01201	0.01516	0.01143	0.01766	0.00972	0.01196	0.00777	0.00461	0.00463	0.00129	0.00563	0.00385	0.00287	0.38932
5	0.00983	0.00891	0.01465	0.48713	0.13589	0.01029	0.01283	0.01273	0.01100	0.01448	0.01491	0.21381	0.01473	0.00830	0.00582	0.00189	0.00612	0.00754	0.00313	0.00602
6	0.01494	0.22714	0.01884	0.10245	0.03543	0.16796	0.03990	0.03960	0.26455	0.01722	0.01321	0.01396	0.01041	0.00591	0.00490	0.00157	0.00643	0.00458	0.00361	0.00741
7	0.01817	0.01371	0.01633	0.08213	0.10816	0.01503	0.01114	0.53967	0.02159	0.04730	0.01373	0.06308	0.01081	0.00692	0.00554	0.00169	0.00595	0.00558	0.00487	0.00861
8	0.00772	0.00557	0.00729	0.00686	0.00814	0.00514	0.00514	0.01029	0.01543	0.02186	0.77152	0.04072	0.05144	0.01115	0.00643	0.00171	0.00257	0.00986	0.00600	0.00514
9	0.01118	0.00921	0.01027	0.00937	0.01172	0.01013	0.00721	0.02136	0.45924	0.02242	0.32758	0.02865	0.03082	0.00892	0.00591	0.00179	0.00360	0.00767	0.00573	0.00721
10	0.00772	0.00557	0.00729	0.00686	0.00814	0.00514	0.00514	0.01029	0.01543	0.02186	0.77152	0.04072	0.05144	0.01115	0.00643	0.00171	0.00257	0.00986	0.00600	0.00514
11	0.01042	0.00993	0.01711	0.75827	0.03711	0.01219	0.05059	0.01410	0.01100	0.01410	0.00975	0.01454	0.00732	0.00541	0.00550	0.00182	0.00736	0.00492	0.00244	0.00612
12	0.00772	0.00557	0.00729	0.00686	0.00814	0.00514	0.00514	0.01029	0.01543	0.02186	0.77152	0.04072	0.05144	0.01115	0.00643	0.00171	0.00257	0.00986	0.00600	0.00514
13	0.01130	0.00969	0.01130	0.00807	0.01292	0.00727	0.00646	0.01373	0.01130	0.01776	0.00969	0.01130	0.00807	0.00404	0.00404	0.00081	0.00404	0.00323	0.00323	0.84173
14	0.02446	0.00928	0.01265	0.00970	0.01392	0.00801	0.00801	0.02657	0.01560	0.77817	0.02151	0.01856	0.01350	0.00675	0.00548	0.00169	0.00464	0.00548	0.00675	0.00928
15	0.01413	0.01199	0.01265	0.01121	0.01439	0.01383	0.00877	0.08682	0.70577	0.02372	0.02147	0.01976	0.01606	0.00733	0.00554	0.00183	0.00445	0.00606	0.00554	0.00868
16	0.01756	0.01370	0.01458	0.01190	0.01570	0.01543	0.00960	0.43509	0.35191	0.02926	0.01711	0.01629	0.01253	0.00692	0.00550	0.00173	0.00526	0.00546	0.00550	0.00899
17	0.02446	0.00928	0.01265	0.00970	0.01392	0.00801	0.00801	0.02657	0.01560	0.77817	0.02151	0.01856	0.01350	0.00675	0.00548	0.00169	0.00464	0.00548	0.00675	0.00928
18	0.02037	0.02598	0.01545	0.01404	0.01685	0.78652	0.01053	0.02177	0.01545	0.01334	0.00843	0.00983	0.00702	0.00562	0.00492	0.00140	0.00983	0.00351	0.00281	0.00632
19	0.00823	0.00583	0.00789	0.00889	0.00999	0.00569	0.00734	0.01040	0.01236	0.01648	0.10122	0.20564	0.05863	0.01470	0.00713	0.00230	0.00424	0.46980	0.03835	0.00490
20	0.84691	0.01054	0.00801	0.00717	0.01054	0.01223	0.00590	0.01603	0.00928	0.02446	0.00759	0.00886	0.00590	0.00506	0.00337	0.00169	0.00422	0.00295	0.00337	0.00590
21	0.01202	0.01011	0.01169	0.00841	0.01322	0.00799	0.00675	0.06974	0.01239	0.01902	0.00995	0.01144	0.00817	0.00423	0.00414	0.00087	0.00419	0.00336	0.00340	0.77893
22	0.84691	0.01054	0.00801	0.00717	0.01054	0.01223	0.00590	0.01603	0.00928	0.02446	0.00759	0.00886	0.00590	0.00506	0.00337	0.00169	0.00422	0.00295	0.00337	0.00590
23	0.00788	0.00548	0.00692	0.00692	0.00726	0.00582	0.00452	0.00855	0.00822	0.01129	0.01628	0.03073	0.01767	0.54218	0.29103	0.00649	0.00852	0.00720	0.00317	0.00385
24	0.01458	0.81168	0.02857	0.00933	0.01399	0.02157	0.00933	0.01632	0.01108	0.01283	0.00758	0.00875	0.00700	0.00466	0.00350	0.00117	0.00583	0.00292	0.00233	0.00700
25	0.01321	0.00849	0.00906	0.00814	0.01050	0.00918	0.00633	0.06379	0.29340	0.08330	0.01945	0.01976	0.01465	0.00678	0.00469	0.00154	0.00358	0.00551	0.41164	0.00699
26	0.00655	0.00530	0.00583	0.00618	0.00755	0.00457	0.00445	0.00785	0.01196	0.01477	0.07625	0.27344	0.52692	0.01466	0.00659	0.00195	0.00287	0.01262	0.00510	0.00457
27	0.84691	0.01054	0.00801	0.00717	0.01054	0.01223	0.00590	0.01603	0.00928	0.02446	0.00759	0.00886	0.00590	0.00506	0.00337	0.00169	0.00422	0.00295	0.00337	0.00590
28	0.00903	0.00615	0.00840	0.00942	0.01071	0.00603	0.00802	0.01131	0.01241	0.04190	0.02974	0.13125	0.06818	0.01466	0.00724	0.00238	0.00464	0.58425	0.02918	0.00509
29	0.09090	0.00938	0.01228	0.00950	0.01364	0.00835	0.00784	0.02572	0.01509	0.71729	0.02038	0.01777	0.01288	0.00661	0.00531	0.00169	0.00460	0.00528	0.00648	0.00901
30	0.00703	0.00508	0.00664	0.00723	0.00797	0.00470	0.00505	0.00859	0.01237	0.01688	0.30426	0.48912	0.07531	0.01475	0.00674	0.00201	0.00293	0.01324	0.00541	0.00470

[dist]
# distance from previous block
# <min> <max>
0	1

[block]
# block no. 1 follows, 44 sequences, length 11
# corresponding to MSA columns:
# 193-203
name=unknown_B
#
# <colnr> <probs for GDERKNQSTAVLIFYWHMCP>
#	G	D	E	R	K	N	Q	S	T	A	V	L	I	F	Y	W	H	M	C	P
0	0.01544	0.69790	0.02675	0.00989	0.01441	0.07174	0.00949	0.07417	0.01250	0.01453	0.00806	0.00915	0.00717	0.00487	0.00374	0.00122	0.00611	0.00311	0.00261	0.00713
1	0.00688	0.00546	0.00626	0.00677	0.00815	0.00484	0.00514	0.00834	0.01197	0.01480	0.04476	0.23598	0.47098	0.01481	0.00675	0.00204	0.00323	0.13317	0.00506	0.00463
2	0.00947	0.00473	0.00710	0.00710	0.00710	0.00473	0.00473	0.00710	0.00710	0.00947	0.00947	0.01657	0.00947	0.01894	0.02131	0.84138	0.00473	0.00473	0.00237	0.00237
3	0.01765	0.01567	0.01450	0.01220	0.01575	0.15214	0.00966	0.31979	0.33476	0.02577	0.01609	0.01556	0.01197	0.00674	0.00540	0.00168	0.00597	0.00519	0.00502	0.00848
4	0.01109	0.02723	0.73504	0.01528	0.02304	0.01271	0.01947	0.01795	0.05576	0.01759	0.01051	0.01203	0.00748	0.00531	0.00520	0.00173	0.00784	0.00415	0.00249	0.00809
5	0.00703	0.00540	0.00637	0.00643	0.00771	0.00481	0.00467	0.00875	0.01309	0.01723	0.33068	0.18047	0.33040	0.04325	0.00733	0.00199	0.00285	0.01143	0.00536	0.00474
6	0.01621	0.01267	0.01356	0.01147	0.01499	0.01432	0.00912	0.24784	0.50799	0.06063	0.01942	0.01808	0.01428	0.00711	0.00552	0.00178	0.00484	0.00575	0.00557	0.00885
7	0.00912	0.00595	0.00767	0.00720	0.00880	0.00542	0.00556	0.01150	0.01487	0.08695	0.56310	0.04178	0.13199	0.01138	0.00643	0.00179	0.00297	0.06622	0.00588	0.00543
8	0.01270	0.05526	0.60203	0.01511	0.02235	0.01372	0.04587	0.13479	0.01379	0.01982	0.01027	0.01178	0.00734	0.00536	0.00521	0.00170	0.00769	0.00422	0.00282	0.00818
9	0.00909	0.00816	0.01272	0.51078	0.02679	0.00947	0.01135	0.01206	0.01178	0.01516	0.12337	0.05777	0.15369	0.00823	0.00583	0.00182	0.00563	0.00719	0.00350	0.00560
10	0.01860	0.00940	0.01166	0.00948	0.01277	0.00904	0.00761	0.18359	0.01700	0.38830	0.11169	0.11088	0.04195	0.00861	0.00573	0.00173	0.00440	0.00719	0.03241	0.00796

[dist]
# distance from previous block
# <min> <max>
0	12

[block]
# block no. 2 follows, 44 sequences, length 14
# corresponding to MSA columns:
# 216-229
name=unknown_C
#
# <colnr> <probs for GDERKNQSTAVLIFYWHMCP>
#	G	D	E	R	K	N	Q	S	T	A	V	L	I	F	Y	W	H	M	C	P
0	0.05201	0.28937	0.07861	0.11749	0.01780	0.06945	0.01049	0.10060	0.01342	0.08064	0.02642	0.01314	0.02324	0.00571	0.00481	0.00147	0.02211	0.00417	0.03082	0.03823
1	0.06068	0.01400	0.14590	0.21293	0.23004	0.01207	0.03812	0.05006	0.04199	0.08766	0.01213	0.03129	0.00934	0.00571	0.00531	0.00172	0.00646	0.00500	0.02196	0.00762
2	0.00772	0.00532	0.00609	0.00608	0.00642	0.00517	0.00367	0.00819	0.00934	0.01244	0.11219	0.06883	0.09214	0.60858	0.02241	0.00442	0.00464	0.00879	0.00386	0.00369
3	0.05325	0.01756	0.27173	0.01298	0.03790	0.01312	0.01277	0.25653	0.11204	0.02433	0.09826	0.01769	0.01456	0.00682	0.00544	0.00173	0.00600	0.02498	0.00428	0.00803
4	0.00662	0.00522	0.00585	0.00632	0.00747	0.00458	0.00443	0.00774	0.01139	0.01415	0.04335	0.33095	0.44881	0.06763	0.00805	0.00221	0.00308	0.01275	0.00495	0.00445
5	0.01221	0.01241	0.09842	0.01087	0.01407	0.01192	0.00938	0.04708	0.47027	0.02201	0.17708	0.02307	0.02225	0.00798	0.00614	0.00182	0.03350	0.00660	0.00516	0.00776
6	0.03871	0.01612	0.01298	0.01121	0.01423	0.32854	0.00864	0.06487	0.06870	0.23603	0.02903	0.01624	0.01179	0.06022	0.03021	0.00202	0.00706	0.00487	0.03133	0.00720
7	0.01137	0.02584	0.67370	0.01490	0.02224	0.01268	0.01855	0.04622	0.06100	0.01812	0.01089	0.01249	0.00787	0.00663	0.03261	0.00198	0.00796	0.00427	0.00266	0.00803
8	0.84691	0.01054	0.00801	0.00717	0.01054	0.01223	0.00590	0.01603	0.00928	0.02446	0.00759	0.00886	0.00590	0.00506	0.00337	0.00169	0.00422	0.00295	0.00337	0.00590
9	0.01229	0.12659	0.63398	0.01436	0.02174	0.01349	0.01797	0.01776	0.01172	0.06686	0.01028	0.01162	0.00735	0.00522	0.00499	0.00165	0.00755	0.00398	0.00260	0.00800
10	0.84691	0.01054	0.00801	0.00717	0.01054	0.01223	0.00590	0.01603	0.00928	0.02446	0.00759	0.00886	0.00590	0.00506	0.00337	0.00169	0.00422	0.00295	0.00337	0.00590
11	0.02073	0.01083	0.06024	0.01008	0.01408	0.00930	0.00863	0.10424	0.06001	0.52042	0.05294	0.01974	0.01491	0.05971	0.00697	0.00193	0.00493	0.00572	0.00600	0.00859
12	0.11612	0.29276	0.12485	0.01391	0.13475	0.01518	0.01129	0.03495	0.06301	0.10949	0.02896	0.01270	0.00964	0.00544	0.00450	0.00151	0.00572	0.00412	0.00342	0.00766
13	0.01310	0.07818	0.35216	0.01347	0.01906	0.01133	0.11713	0.01744	0.01285	0.13986	0.11012	0.01796	0.03422	0.00634	0.00543	0.00168	0.00648	0.00549	0.03019	0.00752

[dist]
# distance from previous block
# <min> <max>
0	5

[block]
# block no. 3 follows, 44 sequences, length 6
# corresponding to MSA columns:
# 235-240
name=unknown_D
#
# <colnr> <probs for GDERKNQSTAVLIFYWHMCP>
#	G	D	E	R	K	N	Q	S	T	A	V	L	I	F	Y	W	H	M	C	P
0	0.07955	0.13955	0.01088	0.00820	0.00998	0.00852	0.00672	0.01115	0.01197	0.01668	0.15819	0.24410	0.07199	0.01227	0.00610	0.00196	0.00402	0.18829	0.00462	0.00526
1	0.01185	0.14262	0.01417	0.00828	0.01310	0.00964	0.00694	0.01416	0.01127	0.01695	0.00934	0.01088	0.00790	0.00414	0.00395	0.00087	0.00433	0.00318	0.00308	0.70337
2	0.01359	0.01396	0.01443	0.06772	0.15696	0.20468	0.03246	0.01893	0.19241	0.01702	0.01767	0.12268	0.04207	0.00798	0.00561	0.00174	0.00620	0.02834	0.02863	0.00693
3	0.22275	0.61131	0.02343	0.00879	0.01313	0.01924	0.00847	0.01625	0.01063	0.01574	0.00758	0.00877	0.00672	0.00476	0.00347	0.00130	0.00543	0.00292	0.00259	0.00672
4	0.01234	0.12044	0.59112	0.01494	0.02217	0.01352	0.06810	0.01774	0.01180	0.06394	0.01033	0.01183	0.00742	0.00518	0.00508	0.00166	0.00765	0.00415	0.00261	0.00796
5	0.01761	0.01494	0.06698	0.01225	0.01643	0.01548	0.01044	0.45776	0.27681	0.02925	0.01597	0.01546	0.01163	0.00674	0.00547	0.00171	0.00556	0.00528	0.00527	0.00897

[dist]
# distance from previous block
# <min> <max>
0	1

[block]
# block no. 4 follows, 44 sequences, length 20
# corresponding to MSA columns:
# 242-260,262
name=unknown_E
#
# <colnr> <probs for GDERKNQSTAVLIFYWHMCP>
#	G	D	E	R	K	N	Q	S	T	A	V	L	I	F	Y	W	H	M	C	P
0	0.01927	0.02417	0.01561	0.01408	0.01653	0.68705	0.01071	0.02065	0.01453	0.01331	0.00826	0.01010	0.00704	0.00613	0.00659	0.00153	0.11173	0.00367	0.00275	0.00627
1	0.00746	0.00547	0.00714	0.00801	0.00863	0.00549	0.00562	0.00955	0.06222	0.01432	0.02689	0.56986	0.03090	0.06794	0.09628	0.00314	0.00478	0.05681	0.00474	0.00473
2	0.00765	0.00538	0.00692	0.00703	0.00811	0.00501	0.00520	0.00979	0.01368	0.01928	0.47136	0.22190	0.07157	0.01253	0.00643	0.00185	0.00286	0.05235	0.06617	0.00494
3	0.00805	0.00550	0.00652	0.00640	0.00780	0.00509	0.00488	0.01035	0.01370	0.01959	0.39831	0.04023	0.19891	0.01094	0.00593	0.00170	0.00278	0.05936	0.18896	0.00500
4	0.00875	0.00668	0.00854	0.00891	0.05491	0.00656	0.00619	0.01258	0.09970	0.02026	0.48304	0.06767	0.08187	0.04512	0.00716	0.00192	0.00325	0.03620	0.03510	0.00561
5	0.74064	0.01038	0.00861	0.00750	0.01098	0.01169	0.00618	0.01739	0.01010	0.12185	0.00939	0.01011	0.00689	0.00528	0.00365	0.00169	0.00427	0.00328	0.00381	0.00634
6	0.00790	0.00529	0.00676	0.00719	0.00816	0.00489	0.00516	0.00957	0.01236	0.04338	0.24186	0.40789	0.09938	0.01386	0.00650	0.00196	0.00304	0.04141	0.06854	0.00489
7	0.01327	0.01261	0.04375	0.11433	0.57209	0.01232	0.04134	0.01661	0.01238	0.05010	0.01166	0.01630	0.00981	0.00554	0.00555	0.00170	0.00655	0.04302	0.00295	0.00813
8	0.02118	0.00974	0.01403	0.11317	0.07223	0.00935	0.00977	0.02352	0.01439	0.58441	0.01842	0.01732	0.01201	0.00659	0.00612	0.00174	0.04639	0.00532	0.00567	0.00864
9	0.02446	0.00928	0.01265	0.00970	0.01392	0.00801	0.00801	0.02657	0.01560	0.77817	0.02151	0.01856	0.01350	0.00675	0.00548	0.00169	0.00464	0.00548	0.00675	0.00928
10	0.00790	0.00539	0.00648	0.00648	0.00666	0.00557	0.00397	0.00827	0.00809	0.01096	0.01669	0.03298	0.01865	0.66333	0.17123	0.00594	0.00705	0.00753	0.00323	0.00360
11	0.04275	0.08733	0.29888	0.05272	0.19370	0.02981	0.08164	0.03055	0.02466	0.09111	0.01110	0.01287	0.00825	0.00524	0.00518	0.00166	0.00705	0.00451	0.00303	0.00798
12	0.01817	0.00896	0.01217	0.05133	0.04690	0.00867	0.00839	0.02201	0.10484	0.44368	0.07482	0.02107	0.03273	0.01156	0.10653	0.00263	0.00591	0.00600	0.00562	0.00803
13	0.02432	0.00951	0.01279	0.00981	0.01403	0.00836	0.00810	0.05468	0.01599	0.74951	0.02118	0.01835	0.01333	0.00674	0.00548	0.00168	0.00469	0.00546	0.00670	0.00928
14	0.56089	0.07574	0.04491	0.04111	0.04401	0.12411	0.00825	0.01687	0.01059	0.02097	0.00800	0.00951	0.00636	0.00512	0.00385	0.00161	0.00553	0.00323	0.00310	0.00626
15	0.01229	0.01987	0.35573	0.02423	0.34716	0.01293	0.11529	0.01706	0.01208	0.01753	0.01015	0.01278	0.00783	0.00496	0.00544	0.00170	0.00753	0.00470	0.00253	0.00821
16	0.01332	0.13523	0.18120	0.01042	0.01572	0.01150	0.01030	0.04030	0.07626	0.08250	0.01157	0.01240	0.00889	0.00497	0.00450	0.00125	0.00532	0.00385	0.00346	0.36705
17	0.00761	0.00552	0.00734	0.00820	0.00916	0.00525	0.00638	0.00945	0.01226	0.01628	0.16357	0.33658	0.09418	0.01503	0.00704	0.00221	0.00371	0.28025	0.00521	0.00479
18	0.01130	0.00969	0.01130	0.00807	0.01292	0.00727	0.00646	0.01373	0.01130	0.01776	0.00969	0.01130	0.00807	0.00404	0.00404	0.00081	0.00404	0.00323	0.00323	0.84173
19	0.01149	0.02318	0.01325	0.16422	0.09293	0.00938	0.02402	0.01555	0.10100	0.06010	0.04631	0.12888	0.03530	0.00737	0.00532	0.00155	0.00489	0.00647	0.00389	0.24491

[dist]
# distance from previous block
# <min> <max>
0	1

[block]
# block no. 5 follows, 44 sequences, length 37
# corresponding to MSA columns:
# 264-300
name=unknown_F
#
# <colnr> <probs for GDERKNQSTAVLIFYWHMCP>
#	G	D	E	R	K	N	Q	S	T	A	V	L	I	F	Y	W	H	M	C	P
0	0.00675	0.00492	0.00636	0.00729	0.00788	0.00453	0.00498	0.00795	0.01125	0.01498	0.12390	0.63547	0.11158	0.01602	0.00684	0.00212	0.00305	0.01440	0.00518	0.00453
1	0.01250	0.01196	0.02023	0.25346	0.52887	0.01287	0.01607	0.01577	0.01180	0.01649	0.00996	0.01373	0.00818	0.00523	0.00594	0.00171	0.04002	0.00485	0.00261	0.00778
2	0.00745	0.00569	0.00760	0.00748	0.00874	0.00584	0.00573	0.00944	0.01145	0.01567	0.23230	0.03400	0.20163	0.02637	0.38945	0.00520	0.00852	0.00827	0.00427	0.00488
3	0.01175	0.01118	0.01560	0.01429	0.05903	0.01462	0.02827	0.01454	0.07742	0.01507	0.02953	0.03126	0.02816	0.00906	0.01416	0.00218	0.55959	0.00546	0.05260	0.00626
4	0.00921	0.00517	0.00561	0.00564	0.00687	0.00501	0.00418	0.01155	0.01214	0.01975	0.15910	0.09007	0.06764	0.00855	0.00470	0.00146	0.00261	0.00719	0.56853	0.00501
5	0.01118	0.05273	0.01614	0.21335	0.29061	0.03959	0.01209	0.01402	0.01257	0.01683	0.16941	0.02225	0.06966	0.02949	0.00620	0.00177	0.00567	0.00627	0.00347	0.00668
6	0.02006	0.02304	0.01650	0.01417	0.01746	0.57668	0.04841	0.18422	0.01757	0.01821	0.00959	0.01080	0.00758	0.00577	0.00511	0.00148	0.00895	0.00397	0.00339	0.00703
7	0.01049	0.00998	0.01712	0.74304	0.05996	0.01220	0.04270	0.01415	0.01102	0.01418	0.00976	0.01451	0.00735	0.00540	0.00549	0.00181	0.00731	0.00490	0.00244	0.00618
8	0.00660	0.00553	0.00574	0.00569	0.00746	0.00467	0.00427	0.00813	0.01280	0.01562	0.14456	0.05100	0.68230	0.01348	0.00644	0.00183	0.00274	0.01130	0.00518	0.00467
9	0.01130	0.00969	0.01130	0.00807	0.01292	0.00727	0.00646	0.01373	0.01130	0.01776	0.00969	0.01130	0.00807	0.00404	0.00404	0.00081	0.00404	0.00323	0.00323	0.84173
10	0.00786	0.00548	0.00692	0.00687	0.00730	0.00572	0.00453	0.00871	0.00896	0.01237	0.09526	0.03199	0.02129	0.49814	0.24995	0.00594	0.00776	0.00751	0.00347	0.00396
11	0.06488	0.00890	0.01162	0.00909	0.01295	0.00792	0.00747	0.02458	0.01485	0.66056	0.02041	0.01825	0.01316	0.00662	0.00520	0.00164	0.00440	0.00531	0.09352	0.00867
12	0.01139	0.01027	0.01635	0.71349	0.03539	0.01261	0.01464	0.09151	0.01244	0.01606	0.01005	0.01438	0.00748	0.00556	0.00545	0.00180	0.00713	0.00485	0.00274	0.00639
13	0.84691	0.01054	0.00801	0.00717	0.01054	0.01223	0.00590	0.01603	0.00928	0.02446	0.00759	0.00886	0.00590	0.00506	0.00337	0.00169	0.00422	0.00295	0.00337	0.00590
14	0.00695	0.00492	0.00649	0.00762	0.00798	0.00467	0.00518	0.00793	0.01035	0.01376	0.02861	0.66428	0.03398	0.09962	0.00918	0.00256	0.00354	0.07317	0.00487	0.00436
15	0.84691	0.01054	0.00801	0.00717	0.01054	0.01223	0.00590	0.01603	0.00928	0.02446	0.00759	0.00886	0.00590	0.00506	0.00337	0.00169	0.00422	0.00295	0.00337	0.00590
16	0.02072	0.01527	0.01636	0.01254	0.01691	0.01691	0.01036	0.75622	0.02563	0.03436	0.01309	0.01309	0.00927	0.00654	0.00545	0.00164	0.00600	0.00491	0.00545	0.00927
17	0.02072	0.01527	0.01636	0.01254	0.01691	0.01691	0.01036	0.75622	0.02563	0.03436	0.01309	0.01309	0.00927	0.00654	0.00545	0.00164	0.00600	0.00491	0.00545	0.00927
18	0.02072	0.01527	0.01636	0.01254	0.01691	0.01691	0.01036	0.75622	0.02563	0.03436	0.01309	0.01309	0.00927	0.00654	0.00545	0.00164	0.00600	0.00491	0.00545	0.00927
19	0.02446	0.00928	0.01265	0.00970	0.01392	0.00801	0.00801	0.02657	0.01560	0.77817	0.02151	0.01856	0.01350	0.00675	0.00548	0.00169	0.00464	0.00548	0.00675	0.00928
20	0.35728	0.00979	0.01077	0.00868	0.01255	0.00972	0.00716	0.02230	0.01304	0.47317	0.01588	0.01463	0.01042	0.00606	0.00463	0.00169	0.00447	0.00446	0.00538	0.00791
21	0.00644	0.00552	0.00552	0.00552	0.00736	0.00460	0.00414	0.00782	0.01243	0.01473	0.05523	0.05247	0.77218	0.01381	0.00644	0.00184	0.00276	0.01151	0.00506	0.00460
22	0.00765	0.00552	0.00723	0.00690	0.00813	0.00510	0.00514	0.01013	0.01513	0.02139	0.72731	0.08628	0.05052	0.01150	0.00646	0.00174	0.00261	0.01020	0.00595	0.00510
23	0.39726	0.00985	0.01055	0.00855	0.01239	0.00992	0.00706	0.02179	0.01274	0.43653	0.01520	0.01416	0.01005	0.00598	0.00453	0.00169	0.00445	0.00434	0.00522	0.00775
24	0.84691	0.01054	0.00801	0.00717	0.01054	0.01223	0.00590	0.01603	0.00928	0.02446	0.00759	0.00886	0.00590	0.00506	0.00337	0.00169	0.00422	0.00295	0.00337	0.00590
25	0.00652	0.00522	0.00583	0.00632	0.00757	0.00453	0.00450	0.00773	0.01166	0.01441	0.04548	0.34381	0.48713	0.01507	0.00664	0.00199	0.00292	0.01305	0.00506	0.00453
26	0.00665	0.00549	0.00584	0.00583	0.00751	0.00468	0.00434	0.00819	0.01279	0.01578	0.16420	0.08900	0.62373	0.01356	0.00647	0.00184	0.00275	0.01146	0.00521	0.00468
27	0.10630	0.00956	0.01229	0.00952	0.01366	0.00867	0.00786	0.04467	0.01524	0.68356	0.01990	0.01745	0.01263	0.00657	0.00527	0.00169	0.00463	0.00522	0.00638	0.00894
28	0.84691	0.01054	0.00801	0.00717	0.01054	0.01223	0.00590	0.01603	0.00928	0.02446	0.00759	0.00886	0.00590	0.00506	0.00337	0.00169	0.00422	0.00295	0.00337	0.00590
29	0.00664	0.00474	0.00633	0.00759	0.00791	0.00443	0.00506	0.00759	0.01044	0.01392	0.03005	0.80485	0.03606	0.01708	0.00696	0.00221	0.00316	0.01550	0.00506	0.00443
30	0.01371	0.00692	0.00910	0.00779	0.01019	0.00615	0.00611	0.01602	0.01526	0.29678	0.44171	0.03358	0.09459	0.00975	0.00609	0.00171	0.00334	0.00840	0.00620	0.00661
31	0.00660	0.00490	0.00617	0.00719	0.00780	0.00446	0.00488	0.00764	0.01083	0.01408	0.03498	0.65746	0.18026	0.01644	0.00686	0.00214	0.00308	0.01472	0.00506	0.00446
32	0.02360	0.00994	0.01297	0.01002	0.01420	0.00908	0.00825	0.09256	0.05223	0.67499	0.02078	0.01815	0.01326	0.00676	0.00548	0.00169	0.00475	0.00546	0.00657	0.00925
33	0.84691	0.01054	0.00801	0.00717	0.01054	0.01223	0.00590	0.01603	0.00928	0.02446	0.00759	0.00886	0.00590	0.00506	0.00337	0.00169	0.00422	0.00295	0.00337	0.00590
34	0.01103	0.01037	0.01480	0.01314	0.01394	0.01328	0.04892	0.01352	0.05462	0.01468	0.01508	0.05996	0.03215	0.01079	0.01357	0.00233	0.48497	0.16363	0.00334	0.00589
35	0.01134	0.01593	0.23279	0.35974	0.19160	0.01256	0.06765	0.01571	0.01153	0.01594	0.00993	0.01347	0.00753	0.00519	0.00543	0.00175	0.00745	0.00473	0.00247	0.00726
36	0.00674	0.00482	0.00641	0.00753	0.00793	0.00449	0.00507	0.00783	0.01089	0.01463	0.09690	0.73595	0.03744	0.01654	0.00691	0.00217	0.00311	0.01499	0.00515	0.00449

[dist]
# distance from previous block
# <min> <max>
0	8

[block]
# block no. 6 follows, 44 sequences, length 36
# corresponding to MSA columns:
# 317-327,329-353
name=unknown_G
#
# <colnr> <probs for GDERKNQSTAVLIFYWHMCP>
#	G	D	E	R	K	N	Q	S	T	A	V	L	I	F	Y	W	H	M	C	P
0	0.01327	0.08175	0.01555	0.01146	0.06146	0.01097	0.05445	0.12028	0.05181	0.01992	0.01074	0.01214	0.00863	0.00470	0.00450	0.00112	0.00496	0.00389	0.00352	0.50486
1	0.01056	0.00680	0.00900	0.00792	0.00980	0.00656	0.04677	0.05870	0.01470	0.06827	0.39588	0.03142	0.03286	0.00906	0.00563	0.00163	0.00337	0.03840	0.23690	0.00575
2	0.01048	0.00829	0.01379	0.10443	0.01533	0.00948	0.11294	0.01072	0.00873	0.01206	0.00976	0.03158	0.00919	0.01373	0.03223	0.40958	0.17558	0.00524	0.00250	0.00437
3	0.74840	0.00986	0.00782	0.00722	0.01023	0.01132	0.00581	0.01504	0.00941	0.02322	0.01022	0.10218	0.00944	0.00647	0.00379	0.00175	0.00409	0.00442	0.00357	0.00573
4	0.01599	0.01258	0.03701	0.15159	0.20421	0.01266	0.02648	0.21990	0.01597	0.12025	0.01227	0.01390	0.00906	0.00566	0.00552	0.00159	0.02057	0.00477	0.00398	0.10604
5	0.01093	0.02820	0.78016	0.01554	0.02360	0.01266	0.02014	0.01727	0.01151	0.01727	0.00978	0.01151	0.00691	0.00518	0.00518	0.00173	0.00806	0.00403	0.00230	0.00806
6	0.01459	0.08518	0.44802	0.01390	0.02035	0.01268	0.06129	0.07543	0.01345	0.16456	0.01331	0.01397	0.02734	0.00572	0.00523	0.00168	0.00700	0.00462	0.00350	0.00817
7	0.00664	0.00474	0.00633	0.00759	0.00791	0.00443	0.00506	0.00759	0.01044	0.01392	0.03005	0.80485	0.03606	0.01708	0.00696	0.00221	0.00316	0.01550	0.00506	0.00443
8	0.00671	0.00480	0.00639	0.00755	0.00792	0.00447	0.00507	0.00776	0.01075	0.01441	0.07598	0.75752	0.03701	0.01671	0.00693	0.00218	0.00313	0.01515	0.00512	0.00447
9	0.01333	0.01540	0.03114	0.02243	0.02778	0.06133	0.70881	0.01773	0.01303	0.01721	0.01087	0.01441	0.00820	0.00466	0.00634	0.00181	0.00923	0.00625	0.00276	0.00729
10	0.00676	0.00510	0.00621	0.00704	0.00787	0.00463	0.00494	0.00790	0.01108	0.01418	0.03722	0.49686	0.26181	0.04738	0.00766	0.00224	0.00324	0.05841	0.00499	0.00447
11	0.02435	0.00945	0.01276	0.00978	0.01400	0.00827	0.00808	0.04756	0.01589	0.75677	0.02127	0.01840	0.01337	0.00674	0.00548	0.00169	0.00468	0.00547	0.00671	0.00928
12	0.02047	0.01132	0.01328	0.01055	0.01443	0.01159	0.00859	0.25290	0.15266	0.36498	0.01878	0.01729	0.01278	0.00678	0.00538	0.00167	0.00487	0.00540	0.05738	0.00890
13	0.11453	0.09670	0.38312	0.01371	0.03685	0.08423	0.04382	0.06437	0.03343	0.03861	0.01037	0.01176	0.00772	0.00535	0.00482	0.00162	0.00705	0.00405	0.03034	0.00755
14	0.00672	0.00561	0.00591	0.00605	0.00782	0.00480	0.00469	0.00823	0.01244	0.01491	0.05214	0.05353	0.68533	0.01395	0.00657	0.00192	0.00303	0.09665	0.00506	0.00465
15	0.01093	0.02820	0.78016	0.01554	0.02360	0.01266	0.02014	0.01727	0.01151	0.01727	0.00978	0.01151	0.00691	0.00518	0.00518	0.00173	0.00806	0.00403	0.00230	0.00806
16	0.84691	0.01054	0.00801	0.00717	0.01054	0.01223	0.00590	0.01603	0.00928	0.02446	0.00759	0.00886	0.00590	0.00506	0.00337	0.00169	0.00422	0.00295	0.00337	0.00590
17	0.01193	0.01193	0.01670	0.01431	0.01431	0.01670	0.01193	0.01312	0.00835	0.01312	0.00716	0.01193	0.00716	0.00954	0.01789	0.00239	0.79843	0.00477	0.00239	0.00596
18	0.01130	0.00969	0.01130	0.00807	0.01292	0.00727	0.00646	0.01373	0.01130	0.01776	0.00969	0.01130	0.00807	0.00404	0.00404	0.00081	0.00404	0.00323	0.00323	0.84173
19	0.01458	0.81168	0.02857	0.00933	0.01399	0.02157	0.00933	0.01632	0.01108	0.01283	0.00758	0.00875	0.00700	0.00466	0.00350	0.00117	0.00583	0.00292	0.00233	0.00700
20	0.02037	0.02598	0.01545	0.01404	0.01685	0.78652	0.01053	0.02177	0.01545	0.01334	0.00843	0.00983	0.00702	0.00562	0.00492	0.00140	0.00983	0.00351	0.00281	0.00632
21	0.00772	0.00557	0.00729	0.00686	0.00814	0.00514	0.00514	0.01029	0.01543	0.02186	0.77152	0.04072	0.05144	0.01115	0.00643	0.00171	0.00257	0.00986	0.00600	0.00514
22	0.02403	0.00996	0.01308	0.01003	0.01426	0.00903	0.00828	0.11007	0.01675	0.69305	0.02054	0.01793	0.01301	0.00672	0.00548	0.00168	0.00479	0.00542	0.00660	0.00928
23	0.01130	0.00969	0.01130	0.00807	0.01292	0.00727	0.00646	0.01373	0.01130	0.01776	0.00969	0.01130	0.00807	0.00404	0.00404	0.00081	0.00404	0.00323	0.00323	0.84173
24	0.01768	0.00815	0.01043	0.00850	0.01153	0.00751	0.00683	0.07563	0.01573	0.41237	0.22070	0.02431	0.02338	0.00785	0.00550	0.00163	0.00389	0.00655	0.12425	0.00758
25	0.00652	0.00553	0.00563	0.00561	0.00741	0.00464	0.00420	0.00798	0.01261	0.01517	0.09930	0.05174	0.72783	0.01364	0.00644	0.00183	0.00275	0.01140	0.00512	0.00464
26	0.00779	0.00584	0.00876	0.00876	0.00974	0.00681	0.00681	0.00974	0.00876	0.01266	0.01460	0.02142	0.01363	0.04089	0.78680	0.00876	0.01460	0.00584	0.00292	0.00487
27	0.84691	0.01054	0.00801	0.00717	0.01054	0.01223	0.00590	0.01603	0.00928	0.02446	0.00759	0.00886	0.00590	0.00506	0.00337	0.00169	0.00422	0.00295	0.00337	0.00590
28	0.84691	0.01054	0.00801	0.00717	0.01054	0.01223	0.00590	0.01603	0.00928	0.02446	0.00759	0.00886	0.00590	0.00506	0.00337	0.00169	0.00422	0.00295	0.00337	0.00590
29	0.00696	0.00518	0.00592	0.00639	0.00750	0.00463	0.00451	0.00831	0.01164	0.01523	0.08560	0.34246	0.35626	0.03361	0.00693	0.00201	0.00295	0.01232	0.07701	0.00458
30	0.01287	0.01471	0.03217	0.02298	0.02849	0.01379	0.75460	0.01746	0.01287	0.01746	0.01103	0.01471	0.00827	0.00460	0.00643	0.00184	0.00919	0.00643	0.00276	0.00735
31	0.00681	0.00495	0.00643	0.00739	0.00798	0.00458	0.00509	0.00802	0.01124	0.01496	0.11707	0.63022	0.10293	0.01606	0.00687	0.00213	0.00311	0.03445	0.00517	0.00454
32	0.75005	0.01110	0.00899	0.00780	0.01129	0.01278	0.00643	0.10281	0.01120	0.02562	0.00824	0.00935	0.00630	0.00523	0.00362	0.00168	0.00443	0.00318	0.00362	0.00630
33	0.00660	0.00548	0.00578	0.00581	0.00749	0.00466	0.00432	0.00810	0.01266	0.01551	0.13765	0.09769	0.64209	0.01370	0.00647	0.00185	0.00276	0.01156	0.00517	0.00466
34	0.01051	0.02848	0.01470	0.01207	0.01289	0.01204	0.09574	0.01176	0.00883	0.01274	0.01143	0.02071	0.01192	0.27791	0.06713	0.00366	0.37348	0.00604	0.00277	0.00519
35	0.01772	0.08649	0.01415	0.01112	0.01421	0.25831	0.00873	0.02244	0.18326	0.20596	0.01724	0.10748	0.01420	0.00756	0.00531	0.00165	0.00616	0.00595	0.00463	0.00742

[dist]
# distance from previous block
# <min> <max>
0	12

[block]
# block no. 7 follows, 44 sequences, length 24
# corresponding to MSA columns:
# 372-387,390-397
name=unknown_H
#
# <colnr> <probs for GDERKNQSTAVLIFYWHMCP>
#	G	D	E	R	K	N	Q	S	T	A	V	L	I	F	Y	W	H	M	C	P
0	0.36040	0.26433	0.05949	0.00894	0.01303	0.01465	0.00829	0.01673	0.01062	0.08145	0.00902	0.01012	0.00717	0.00520	0.00442	0.00148	0.04165	0.00332	0.00320	0.07649
1	0.02832	0.14728	0.13307	0.01640	0.10651	0.10903	0.13550	0.05723	0.17758	0.01835	0.01236	0.01358	0.00959	0.00557	0.00517	0.00162	0.00693	0.00477	0.00338	0.00777
2	0.00969	0.00887	0.01469	0.66453	0.03263	0.01084	0.01347	0.01288	0.01082	0.01393	0.01307	0.14574	0.01205	0.00738	0.00570	0.00188	0.00659	0.00661	0.00286	0.00579
3	0.01196	0.00549	0.00802	0.00753	0.00823	0.00528	0.00528	0.01033	0.00851	0.13709	0.01147	0.01690	0.01014	0.01692	0.01868	0.70198	0.00472	0.00486	0.00309	0.00351
4	0.00877	0.00629	0.00894	0.00870	0.01006	0.00634	0.03845	0.01107	0.03961	0.05838	0.09718	0.24849	0.09615	0.04003	0.25337	0.00422	0.00721	0.04709	0.00445	0.00522
5	0.01820	0.01402	0.01494	0.01203	0.01594	0.01573	0.00975	0.50000	0.28596	0.03029	0.01630	0.01564	0.01187	0.00684	0.00549	0.00171	0.00541	0.00535	0.00549	0.00905
6	0.01392	0.02105	0.41225	0.14405	0.02380	0.01391	0.01622	0.24997	0.01587	0.02211	0.01081	0.01251	0.00771	0.00566	0.00531	0.00171	0.00728	0.00444	0.00332	0.00811
7	0.01030	0.00969	0.01635	0.79530	0.03755	0.01211	0.01514	0.01393	0.01090	0.01393	0.00969	0.01453	0.00727	0.00545	0.00545	0.00182	0.00727	0.00484	0.00242	0.00606
8	0.00820	0.00571	0.00726	0.00679	0.00827	0.00518	0.00512	0.01060	0.01503	0.05071	0.64555	0.04143	0.14696	0.01133	0.00639	0.00173	0.00268	0.00991	0.00590	0.00523
9	0.01406	0.01336	0.01993	0.01471	0.01940	0.06225	0.27818	0.10392	0.04628	0.04142	0.01131	0.01326	0.00872	0.00499	0.00557	0.00143	0.02567	0.00483	0.00347	0.30724
10	0.00949	0.00809	0.00833	0.00809	0.00982	0.04952	0.00615	0.02928	0.14308	0.01697	0.07229	0.13535	0.29911	0.04024	0.00738	0.00201	0.03512	0.06060	0.05351	0.00557
11	0.01130	0.00969	0.01130	0.00807	0.01292	0.00727	0.00646	0.01373	0.01130	0.01776	0.00969	0.01130	0.00807	0.00404	0.00404	0.00081	0.00404	0.00323	0.00323	0.84173
12	0.01456	0.23847	0.14573	0.01137	0.01633	0.01455	0.03701	0.13660	0.01375	0.06392	0.01027	0.01150	0.00805	0.00530	0.00527	0.00137	0.05094	0.00388	0.00333	0.20781
13	0.75549	0.03106	0.00890	0.00756	0.01094	0.01258	0.00622	0.01712	0.07295	0.02402	0.00882	0.00982	0.00684	0.00525	0.00356	0.00169	0.00427	0.00322	0.00353	0.00616
14	0.00730	0.00532	0.00700	0.00805	0.00885	0.00502	0.00606	0.00883	0.01151	0.01508	0.06740	0.46973	0.11504	0.01585	0.00705	0.00224	0.00364	0.22629	0.00509	0.00465
15	0.01215	0.01335	0.02813	0.15028	0.02884	0.01302	0.58920	0.01647	0.01269	0.01713	0.05407	0.01616	0.01056	0.00511	0.00627	0.00183	0.00850	0.00636	0.00289	0.00701
16	0.00901	0.00530	0.00640	0.00677	0.00776	0.00509	0.00493	0.01085	0.01160	0.04730	0.10837	0.29404	0.02747	0.05690	0.00691	0.00199	0.00320	0.06885	0.31234	0.00493
17	0.00758	0.00557	0.00710	0.00672	0.00806	0.00509	0.00504	0.01003	0.01511	0.02110	0.69527	0.04197	0.12816	0.01143	0.00643	0.00173	0.00259	0.01003	0.00590	0.00509
18	0.01035	0.00610	0.00796	0.00794	0.00953	0.00560	0.00617	0.01229	0.01316	0.14342	0.20555	0.23242	0.12439	0.01287	0.00655	0.00200	0.00357	0.15608	0.02848	0.00556
19	0.00790	0.00538	0.00641	0.00641	0.00658	0.00554	0.00389	0.00823	0.00807	0.01092	0.01675	0.03331	0.01879	0.68098	0.15376	0.00586	0.00683	0.00758	0.00324	0.00356
20	0.00673	0.00553	0.00593	0.00583	0.00754	0.00473	0.00437	0.00839	0.01311	0.01635	0.21851	0.04979	0.60788	0.01320	0.00644	0.00181	0.00272	0.01113	0.00528	0.00473
21	0.01130	0.00969	0.01130	0.00807	0.01292	0.00727	0.00646	0.01373	0.01130	0.01776	0.00969	0.01130	0.00807	0.00404	0.00404	0.00081	0.00404	0.00323	0.00323	0.84173
22	0.01591	0.42635	0.14967	0.01154	0.01652	0.09438	0.01148	0.18195	0.01482	0.01842	0.00926	0.01028	0.00749	0.00526	0.00435	0.00139	0.00663	0.00360	0.00307	0.00761
23	0.01172	0.01213	0.13757	0.00975	0.01248	0.01023	0.00843	0.13135	0.18515	0.01821	0.01646	0.02461	0.01530	0.36558	0.01541	0.00333	0.00563	0.00640	0.00399	0.00625

[dist]
# distance from previous block
# <min> <max>
0	8

[block]
# block no. 8 follows, 44 sequences, length 57
# corresponding to MSA columns:
# 411-467
name=unknown_I
#
# <colnr> <probs for GDERKNQSTAVLIFYWHMCP>
#	G	D	E	R	K	N	Q	S	T	A	V	L	I	F	Y	W	H	M	C	P
0	0.01059	0.00820	0.00933	0.00921	0.04781	0.00829	0.00665	0.01691	0.26135	0.07268	0.13763	0.03594	0.33297	0.01039	0.00603	0.00180	0.00356	0.00876	0.00535	0.00654
1	0.74703	0.10668	0.01048	0.00743	0.01096	0.01335	0.00632	0.01606	0.00949	0.02306	0.00759	0.00884	0.00604	0.00501	0.00339	0.00162	0.00441	0.00295	0.00325	0.00604
2	0.01296	0.01223	0.01983	0.02723	0.57682	0.01164	0.03268	0.01604	0.01216	0.01779	0.01014	0.01301	0.00849	0.00466	0.00510	0.00143	0.00597	0.00451	0.00282	0.20446
3	0.01356	0.01171	0.01233	0.01109	0.01418	0.01356	0.00863	0.02897	0.76455	0.02281	0.02219	0.02034	0.01664	0.00740	0.00555	0.00185	0.00431	0.00616	0.00555	0.00863
4	0.02035	0.01586	0.01610	0.01258	0.01677	0.07134	0.01029	0.66844	0.06116	0.03230	0.01320	0.01321	0.00947	0.00652	0.00542	0.00163	0.00619	0.00487	0.00527	0.00903
5	0.01224	0.26750	0.20199	0.01041	0.01478	0.01340	0.01069	0.03427	0.08754	0.04905	0.22220	0.01994	0.02058	0.00699	0.00505	0.00155	0.00527	0.00559	0.00392	0.00705
6	0.02138	0.00861	0.01176	0.00960	0.01320	0.00756	0.00791	0.02346	0.01489	0.63542	0.02296	0.07651	0.01716	0.00844	0.00583	0.00182	0.00459	0.09402	0.00643	0.00844
7	0.01030	0.00969	0.01635	0.79530	0.03755	0.01211	0.01514	0.01393	0.01090	0.01393	0.00969	0.01453	0.00727	0.00545	0.00545	0.00182	0.00727	0.00484	0.00242	0.00606
8	0.23949	0.01164	0.01259	0.01120	0.06457	0.07051	0.00843	0.08218	0.01453	0.40897	0.01539	0.01454	0.01033	0.00607	0.00488	0.00166	0.00516	0.00458	0.00518	0.00812
9	0.00770	0.00558	0.00676	0.00660	0.00804	0.00497	0.00489	0.00967	0.01385	0.04270	0.42213	0.13559	0.28631	0.01260	0.00647	0.00182	0.00277	0.01094	0.00560	0.00501
10	0.00671	0.00480	0.00639	0.00754	0.00792	0.00448	0.00507	0.00777	0.01077	0.01445	0.07984	0.75353	0.03709	0.01668	0.00692	0.00218	0.00312	0.01512	0.00512	0.00448
11	0.05996	0.11935	0.04361	0.01163	0.07088	0.02700	0.05776	0.03393	0.01199	0.05206	0.01001	0.01156	0.00807	0.00454	0.00435	0.00114	0.00515	0.00368	0.00322	0.46010
12	0.01473	0.22577	0.03238	0.01174	0.08159	0.02993	0.00914	0.05986	0.10751	0.09641	0.01213	0.01277	0.00950	0.00518	0.00447	0.00127	0.00514	0.00401	0.00370	0.27277
13	0.01380	0.14137	0.09321	0.01712	0.18763	0.10819	0.05103	0.02009	0.21354	0.01754	0.01426	0.04447	0.01204	0.00647	0.00525	0.00166	0.00632	0.03477	0.00356	0.00767
14	0.00725	0.00555	0.00664	0.00637	0.00786	0.00494	0.00477	0.00938	0.01432	0.01923	0.50750	0.04505	0.31710	0.01213	0.00643	0.00176	0.00264	0.01047	0.00566	0.00494
15	0.01595	0.21952	0.05039	0.01153	0.04270	0.01548	0.00978	0.29856	0.06722	0.02313	0.01130	0.01202	0.00880	0.00546	0.00464	0.00135	0.00552	0.00408	0.00394	0.18864
16	0.01005	0.00936	0.01568	0.74240	0.03556	0.01160	0.01446	0.01350	0.01087	0.01393	0.01106	0.06761	0.00920	0.00623	0.00555	0.00184	0.00699	0.00556	0.00260	0.00595
17	0.01544	0.01657	0.18788	0.02133	0.29703	0.03641	0.07560	0.10450	0.04840	0.12457	0.01258	0.01400	0.00928	0.00550	0.00544	0.00168	0.00674	0.00491	0.00363	0.00849
18	0.01377	0.60798	0.17000	0.01146	0.01682	0.01935	0.06423	0.01658	0.01129	0.01399	0.00824	0.00969	0.00707	0.00476	0.00402	0.00132	0.00649	0.00337	0.00236	0.00722
19	0.02388	0.00911	0.01235	0.00951	0.01361	0.00789	0.00784	0.02601	0.01544	0.74752	0.02136	0.01863	0.01351	0.00673	0.00541	0.00167	0.00455	0.00547	0.04040	0.00911
20	0.01194	0.00697	0.00880	0.00767	0.00984	0.00645	0.00597	0.06170	0.01579	0.18105	0.48303	0.03561	0.12278	0.01023	0.00617	0.00172	0.00325	0.00881	0.00602	0.00622
21	0.00791	0.00535	0.00630	0.00630	0.00642	0.00548	0.00374	0.00815	0.00803	0.01083	0.01686	0.03390	0.01905	0.71290	0.12220	0.00572	0.00644	0.00767	0.00326	0.00350
22	0.02039	0.02518	0.01552	0.01393	0.01686	0.72862	0.01052	0.07702	0.01622	0.01492	0.00878	0.01008	0.00719	0.00569	0.00496	0.00142	0.00954	0.00362	0.00301	0.00654
23	0.00669	0.00558	0.00586	0.00592	0.00768	0.00475	0.00452	0.00822	0.01263	0.01531	0.10118	0.05229	0.67442	0.01371	0.00652	0.00188	0.00290	0.06017	0.00512	0.00467
24	0.70742	0.01127	0.01131	0.00932	0.01300	0.01264	0.09596	0.05150	0.01049	0.02409	0.00827	0.00976	0.00635	0.00508	0.00384	0.00170	0.00490	0.00346	0.00340	0.00624
25	0.01030	0.00969	0.01635	0.79530	0.03755	0.01211	0.01514	0.01393	0.01090	0.01393	0.00969	0.01453	0.00727	0.00545	0.00545	0.00182	0.00727	0.00484	0.00242	0.00606
26	0.01416	0.00835	0.01018	0.00878	0.01138	0.00823	0.00688	0.08356	0.13556	0.22523	0.29570	0.08100	0.06881	0.00950	0.00598	0.00176	0.00376	0.00812	0.00597	0.00710
27	0.02446	0.00928	0.01265	0.00970	0.01392	0.00801	0.00801	0.02657	0.01560	0.77817	0.02151	0.01856	0.01350	0.00675	0.00548	0.00169	0.00464	0.00548	0.00675	0.00928
28	0.00768	0.00520	0.00638	0.00658	0.00729	0.00493	0.00449	0.00783	0.00963	0.01231	0.02906	0.14171	0.25463	0.19212	0.05879	0.21249	0.00458	0.02665	0.00388	0.00376
29	0.00682	0.00482	0.00627	0.00736	0.00764	0.00455	0.00482	0.00764	0.01009	0.01345	0.02827	0.69859	0.03381	0.12640	0.00983	0.00264	0.00346	0.01445	0.00482	0.00427
30	0.00742	0.00556	0.00688	0.00655	0.00796	0.00502	0.00491	0.00972	0.01474	0.02021	0.60563	0.04344	0.21836	0.01176	0.00643	0.00174	0.00262	0.01024	0.00578	0.00502
31	0.01673	0.11556	0.01612	0.01275	0.01505	0.48269	0.00995	0.01809	0.01323	0.01332	0.01072	0.10521	0.01052	0.00748	0.00699	0.00162	0.12984	0.00507	0.00296	0.00612
32	0.04971	0.00902	0.01197	0.00929	0.01327	0.00794	0.00765	0.02525	0.01511	0.70034	0.02080	0.01837	0.01329	0.00667	0.00530	0.00166	0.00448	0.00537	0.06566	0.00887
33	0.00713	0.00495	0.00618	0.00697	0.00716	0.00475	0.00439	0.00772	0.00948	0.01264	0.02515	0.51231	0.02988	0.31804	0.01487	0.00338	0.00397	0.01262	0.00439	0.00400
34	0.01364	0.01320	0.04745	0.24318	0.02193	0.11969	0.06472	0.06019	0.07910	0.05261	0.01229	0.01488	0.00945	0.00631	0.00671	0.00174	0.10162	0.00491	0.11969	0.00669
35	0.01581	0.01330	0.01643	0.08526	0.01859	0.04695	0.08535	0.33644	0.11717	0.02471	0.04790	0.01902	0.01324	0.00742	0.00675	0.00182	0.07033	0.06116	0.00455	0.00780
36	0.70106	0.01206	0.01047	0.00891	0.01243	0.06464	0.05628	0.04756	0.01062	0.02366	0.00811	0.00949	0.00628	0.00513	0.00377	0.00168	0.00500	0.00330	0.00338	0.00617
37	0.01854	0.11831	0.01753	0.06683	0.06876	0.59118	0.01111	0.02026	0.01442	0.01362	0.00853	0.01026	0.00714	0.00544	0.00481	0.00142	0.00896	0.00362	0.00272	0.00654
38	0.00693	0.00498	0.00647	0.00728	0.00781	0.00468	0.00494	0.00811	0.01109	0.01494	0.14863	0.56670	0.07193	0.07854	0.02788	0.00252	0.00350	0.01357	0.00502	0.00447
39	0.01569	0.40383	0.08182	0.01332	0.07155	0.09027	0.06085	0.11675	0.01386	0.04240	0.00953	0.01081	0.00776	0.00510	0.00444	0.00138	0.00657	0.00380	0.00303	0.03725
40	0.01515	0.02280	0.26636	0.01334	0.01758	0.37398	0.01285	0.03677	0.01368	0.01575	0.01205	0.06999	0.01069	0.00681	0.00523	0.00162	0.00803	0.04067	0.04994	0.00670
41	0.00664	0.00474	0.00633	0.00759	0.00791	0.00443	0.00506	0.00759	0.01044	0.01392	0.03005	0.80485	0.03606	0.01708	0.00696	0.00221	0.00316	0.01550	0.00506	0.00443
42	0.01180	0.01069	0.01802	0.52985	0.26604	0.01223	0.01538	0.01526	0.01154	0.04269	0.01029	0.01436	0.00792	0.00531	0.00544	0.00175	0.00693	0.00487	0.00266	0.00698
43	0.01020	0.00723	0.00987	0.00907	0.00971	0.00846	0.00683	0.01103	0.00921	0.06892	0.06431	0.02352	0.01582	0.22977	0.21108	0.09790	0.19268	0.00626	0.00332	0.00478
44	0.45676	0.00994	0.01021	0.00837	0.01214	0.01023	0.00690	0.02103	0.01228	0.38200	0.01419	0.01346	0.00951	0.00586	0.00437	0.00169	0.00442	0.00415	0.00497	0.00750
45	0.01123	0.00806	0.00913	0.00844	0.01052	0.00858	0.00645	0.01876	0.31217	0.06007	0.26051	0.07942	0.02842	0.00903	0.00563	0.00173	0.00340	0.00775	0.14400	0.00668
46	0.01208	0.02017	0.33527	0.01996	0.02651	0.01333	0.45698	0.01738	0.01232	0.01738	0.01052	0.01341	0.00772	0.00483	0.00593	0.00179	0.00873	0.00546	0.00257	0.00764
47	0.01458	0.81168	0.02857	0.00933	0.01399	0.02157	0.00933	0.01632	0.01108	0.01283	0.00758	0.00875	0.00700	0.00466	0.00350	0.00117	0.00583	0.00292	0.00233	0.00700
48	0.04620	0.00949	0.01476	0.21074	0.23382	0.00998	0.01214	0.01544	0.01254	0.10849	0.06979	0.02751	0.01721	0.00811	0.00592	0.00190	0.00574	0.17941	0.00393	0.00686
49	0.00699	0.00503	0.00670	0.00792	0.00845	0.00474	0.00564	0.00822	0.01087	0.01435	0.03087	0.65070	0.06506	0.01661	0.00703	0.00225	0.00346	0.13553	0.00505	0.00453
50	0.01193	0.01193	0.01670	0.01431	0.01431	0.01670	0.01193	0.01312	0.00835	0.01312	0.00716	0.01193	0.00716	0.00954	0.01789	0.00239	0.79843	0.00477	0.00239	0.00596
51	0.01287	0.01471	0.03217	0.02298	0.02849	0.01379	0.75460	0.01746	0.01287	0.01746	0.01103	0.01471	0.00827	0.00460	0.00643	0.00184	0.00919	0.00643	0.00276	0.00735
