[name]
unknown

[dist]
# distance from previous block
# <min> <max>
12	910

[block]
# block no. 0 follows, 43 sequences, length 20
# corresponding to MSA columns:
# 977-996
name=unknown_A
#
# <colnr> <probs for GDERKNQSTAVLIFYWHMCP>
#	G	D	E	R	K	N	Q	S	T	A	V	L	I	F	Y	W	H	M	C	P
0	0.01164	0.01034	0.01354	0.00967	0.01466	0.00802	0.07860	0.01431	0.01164	0.01802	0.00998	0.01182	0.00822	0.00416	0.00434	0.00092	0.00461	0.00360	0.00323	0.75870
1	0.63725	0.08789	0.01069	0.00793	0.01132	0.01318	0.00660	0.04497	0.05392	0.02314	0.00890	0.01027	0.00708	0.00609	0.00467	0.04851	0.00455	0.00336	0.00348	0.00620
2	0.00853	0.00647	0.00818	0.00812	0.00929	0.00663	0.00616	0.01162	0.07780	0.01798	0.31500	0.12240	0.08057	0.10673	0.04772	0.00274	0.03783	0.11591	0.00512	0.00521
3	0.00876	0.00799	0.08170	0.00791	0.01000	0.00596	0.00674	0.01116	0.01366	0.06248	0.35155	0.14997	0.19348	0.02859	0.00692	0.00195	0.00355	0.03679	0.00534	0.00549
4	0.01161	0.01027	0.01462	0.01239	0.01450	0.01157	0.11555	0.07337	0.18271	0.01874	0.09012	0.14989	0.01992	0.04342	0.05470	0.00256	0.15517	0.00792	0.00433	0.00663
5	0.01559	0.01244	0.01429	0.01116	0.01522	0.04008	0.04990	0.25201	0.13557	0.05972	0.08693	0.01689	0.01446	0.00637	0.00527	0.00147	0.00517	0.00525	0.00477	0.24746
6	0.00828	0.00655	0.01003	0.00968	0.01114	0.00632	0.07842	0.01052	0.01253	0.01693	0.20234	0.23689	0.07616	0.01643	0.08527	0.00282	0.00529	0.19433	0.00491	0.00517
7	0.01433	0.01250	0.01357	0.01176	0.01493	0.04927	0.04034	0.11371	0.52718	0.02328	0.05633	0.02011	0.01674	0.00929	0.04919	0.00222	0.00556	0.00616	0.00525	0.00829
8	0.00805	0.00648	0.00732	0.00732	0.00897	0.00622	0.00548	0.01186	0.12719	0.01761	0.18944	0.17480	0.34961	0.01311	0.00654	0.00194	0.00318	0.04405	0.00541	0.00540
9	0.05675	0.01475	0.08858	0.01406	0.08525	0.01461	0.01110	0.26929	0.32390	0.03872	0.01637	0.01608	0.01210	0.00664	0.00544	0.00176	0.00553	0.00533	0.00493	0.00881
10	0.01519	0.28837	0.04645	0.08778	0.01725	0.23836	0.01040	0.05116	0.01306	0.01484	0.01080	0.08710	0.01016	0.00661	0.00531	0.00150	0.04054	0.00480	0.00298	0.04735
11	0.01311	0.01198	0.09187	0.05988	0.06777	0.00928	0.06014	0.01687	0.04926	0.11494	0.08552	0.01637	0.01348	0.00562	0.00506	0.00136	0.00519	0.00489	0.00391	0.36350
12	0.01665	0.16161	0.15569	0.01367	0.06794	0.01316	0.06840	0.02185	0.12745	0.24427	0.01514	0.01506	0.01082	0.00587	0.00516	0.00162	0.00597	0.00487	0.00430	0.04050
13	0.01178	0.00784	0.00942	0.00861	0.01077	0.00791	0.00658	0.01769	0.22199	0.13151	0.32450	0.12774	0.06988	0.01049	0.00621	0.00185	0.00350	0.00912	0.00591	0.00671
14	0.01060	0.02987	0.04447	0.03993	0.01208	0.00873	0.00723	0.05497	0.18019	0.05524	0.08247	0.12700	0.26547	0.04796	0.00714	0.00203	0.00409	0.00918	0.00503	0.00631
15	0.01528	0.10582	0.10761	0.13847	0.15843	0.04366	0.07917	0.01934	0.05666	0.17040	0.04221	0.01556	0.01121	0.00584	0.00538	0.00168	0.00654	0.00510	0.00375	0.00789
16	0.02101	0.01012	0.04098	0.01145	0.06012	0.00871	0.00889	0.05286	0.03665	0.55761	0.02143	0.11248	0.01584	0.00795	0.00573	0.00178	0.00482	0.00670	0.00614	0.00873
17	0.00765	0.00622	0.00862	0.00850	0.00985	0.00579	0.06112	0.00986	0.04596	0.01587	0.10709	0.42715	0.22015	0.01448	0.00679	0.00207	0.00361	0.02910	0.00508	0.00504
18	0.01367	0.01215	0.14331	0.05983	0.05825	0.00935	0.03117	0.05152	0.06278	0.18779	0.09394	0.14576	0.05214	0.00918	0.00602	0.00187	0.00524	0.04395	0.00482	0.00727
19	0.01769	0.01725	0.17470	0.03444	0.19537	0.11005	0.01356	0.10488	0.04274	0.21412	0.01379	0.01437	0.00981	0.00590	0.00541	0.00167	0.00675	0.00480	0.00415	0.00854

[dist]
# distance from previous block
# <min> <max>
2	7

[block]
# block no. 1 follows, 43 sequences, length 15
# corresponding to MSA columns:
# 1004-1018
name=unknown_B
#
# <colnr> <probs for GDERKNQSTAVLIFYWHMCP>
#	G	D	E	R	K	N	Q	S	T	A	V	L	I	F	Y	W	H	M	C	P
0	0.20877	0.03824	0.03031	0.03759	0.01617	0.09216	0.03625	0.28950	0.01699	0.09209	0.01160	0.01265	0.00861	0.00746	0.03390	0.00196	0.04932	0.00444	0.00428	0.00771
1	0.41628	0.04253	0.09240	0.01117	0.03989	0.01358	0.03749	0.18030	0.01420	0.08973	0.01061	0.01145	0.00775	0.00559	0.00446	0.00169	0.00545	0.00397	0.00399	0.00746
2	0.05993	0.03858	0.02026	0.07603	0.02085	0.14549	0.24452	0.06980	0.01340	0.04036	0.01058	0.01366	0.00848	0.03438	0.00708	0.00176	0.06232	0.00494	0.00318	0.12439
3	0.09856	0.01157	0.01455	0.03804	0.15903	0.04886	0.03567	0.04686	0.08858	0.07558	0.07279	0.01614	0.01305	0.00731	0.03383	0.00180	0.03633	0.00498	0.00390	0.19255
4	0.00804	0.00613	0.00895	0.00885	0.00978	0.00715	0.00684	0.00986	0.00896	0.01283	0.01607	0.02323	0.03930	0.08085	0.68655	0.00822	0.04424	0.00620	0.00304	0.00489
5	0.00740	0.00545	0.00693	0.00696	0.00811	0.00498	0.00507	0.00946	0.01405	0.01929	0.49496	0.22581	0.14473	0.01314	0.00666	0.00188	0.00278	0.01162	0.00574	0.00498
6	0.50211	0.01144	0.01089	0.00896	0.01277	0.01252	0.00739	0.17190	0.01423	0.18317	0.01182	0.01195	0.00832	0.00581	0.00431	0.00170	0.00475	0.00395	0.00458	0.00742
7	0.01140	0.00651	0.00823	0.00769	0.00945	0.00615	0.00579	0.01443	0.06226	0.15677	0.33791	0.18842	0.03492	0.01087	0.00607	0.00179	0.00323	0.00951	0.11255	0.00606
8	0.00805	0.00537	0.00604	0.00604	0.00604	0.00537	0.00336	0.00805	0.00805	0.01074	0.01745	0.03624	0.02013	0.80536	0.02819	0.00537	0.00537	0.00805	0.00336	0.00336
9	0.00858	0.00529	0.00708	0.00793	0.00865	0.00487	0.00544	0.00966	0.01113	0.09108	0.02965	0.72254	0.03431	0.01629	0.00692	0.00220	0.00336	0.01472	0.00531	0.00500
10	0.01234	0.01197	0.04837	0.49869	0.21284	0.01303	0.01548	0.08966	0.01298	0.01734	0.01034	0.01424	0.00791	0.00549	0.00551	0.00177	0.00709	0.00490	0.00284	0.00720
11	0.01415	0.01321	0.02190	0.09521	0.59605	0.01354	0.05256	0.09119	0.01386	0.01944	0.01070	0.01382	0.00870	0.00515	0.00555	0.00167	0.00673	0.00502	0.00300	0.00855
12	0.01538	0.19055	0.12636	0.01724	0.19234	0.04543	0.02919	0.19107	0.03241	0.02081	0.01061	0.01212	0.00838	0.00535	0.00493	0.00149	0.00647	0.00426	0.00338	0.08224
13	0.03440	0.04246	0.01501	0.01226	0.03769	0.14639	0.05918	0.12694	0.07399	0.11093	0.01418	0.05367	0.01156	0.01046	0.09533	0.00238	0.00722	0.00527	0.00414	0.13654
14	0.11852	0.03390	0.06610	0.01070	0.03168	0.04535	0.00898	0.19411	0.01577	0.11296	0.06783	0.02682	0.01241	0.00609	0.00490	0.00145	0.00520	0.00472	0.00438	0.22811

[dist]
# distance from previous block
# <min> <max>
2	45

[block]
# block no. 2 follows, 43 sequences, length 25
# corresponding to MSA columns:
# 1068-1092
name=unknown_C
#
# <colnr> <probs for GDERKNQSTAVLIFYWHMCP>
#	G	D	E	R	K	N	Q	S	T	A	V	L	I	F	Y	W	H	M	C	P
0	0.15876	0.01405	0.06706	0.01247	0.01598	0.13518	0.13692	0.05376	0.01334	0.11847	0.05151	0.11040	0.02984	0.03617	0.00653	0.00191	0.02038	0.00647	0.00406	0.00676
1	0.15070	0.14603	0.07903	0.01306	0.04298	0.08825	0.10137	0.05975	0.08600	0.03062	0.01073	0.01217	0.00848	0.00547	0.00525	0.00155	0.03826	0.00422	0.00334	0.11275
2	0.20346	0.05497	0.10034	0.01100	0.04303	0.05770	0.01765	0.04125	0.08874	0.03476	0.01404	0.11505	0.01299	0.05762	0.02278	0.00207	0.03039	0.00582	0.00371	0.08263
3	0.06323	0.17362	0.18278	0.01118	0.01645	0.07672	0.01102	0.11786	0.01371	0.01930	0.00969	0.01100	0.00768	0.00502	0.00448	0.00131	0.00612	0.00364	0.00318	0.26201
4	0.01523	0.35341	0.24596	0.01162	0.01711	0.01603	0.01243	0.02008	0.10020	0.13996	0.01242	0.01273	0.00931	0.00557	0.00463	0.00152	0.00621	0.00411	0.00348	0.00800
5	0.00831	0.05355	0.01952	0.00788	0.00934	0.00676	0.00603	0.01128	0.07420	0.01778	0.27881	0.31437	0.11039	0.01317	0.00651	0.00196	0.00339	0.04611	0.00530	0.00535
6	0.01012	0.06224	0.00955	0.05326	0.01115	0.00703	0.00610	0.01204	0.01313	0.10517	0.15865	0.07464	0.36645	0.01094	0.00599	0.00171	0.00361	0.00920	0.00500	0.07402
7	0.01373	0.05006	0.04245	0.16489	0.09708	0.01244	0.02098	0.05733	0.26126	0.08050	0.01581	0.01805	0.01239	0.07176	0.00725	0.00201	0.00565	0.00548	0.00417	0.05673
8	0.01663	0.32581	0.01952	0.01061	0.01429	0.12272	0.00914	0.16519	0.02965	0.08041	0.04878	0.05976	0.01248	0.00673	0.00508	0.00149	0.02568	0.00495	0.03373	0.00736
9	0.01004	0.05508	0.02664	0.07168	0.01305	0.00796	0.00725	0.02537	0.06342	0.04521	0.02305	0.36115	0.06862	0.01108	0.00585	0.00176	0.00417	0.00971	0.00441	0.18449
10	0.08513	0.17467	0.13342	0.01296	0.05329	0.01635	0.01162	0.35652	0.01832	0.06989	0.01158	0.01217	0.00854	0.00586	0.00493	0.00159	0.00617	0.00432	0.00419	0.00846
11	0.02729	0.23466	0.26547	0.01274	0.01793	0.09234	0.05371	0.03255	0.05246	0.06732	0.03730	0.05944	0.01139	0.00630	0.00501	0.00160	0.00680	0.00497	0.00327	0.00746
12	0.00799	0.00624	0.00699	0.00692	0.00853	0.00574	0.00511	0.06934	0.01371	0.01753	0.15718	0.22980	0.41717	0.01381	0.00659	0.00193	0.00314	0.01186	0.00532	0.00511
13	0.01091	0.00950	0.01306	0.01164	0.01237	0.01231	0.00943	0.06296	0.00995	0.01479	0.01132	0.01702	0.01063	0.04787	0.31495	0.00495	0.38511	0.00539	0.03012	0.00574
14	0.09542	0.01611	0.15598	0.04898	0.04808	0.05199	0.02940	0.15489	0.01388	0.09120	0.01070	0.01273	0.00819	0.00692	0.00884	0.00190	0.22907	0.00461	0.00355	0.00755
15	0.00938	0.00728	0.00876	0.00824	0.01002	0.00745	0.00635	0.01525	0.20356	0.02188	0.51077	0.03790	0.05982	0.01070	0.00638	0.00184	0.00324	0.05919	0.00589	0.00610
16	0.84448	0.01071	0.00814	0.00728	0.01071	0.01242	0.00600	0.01628	0.00943	0.02485	0.00771	0.00900	0.00600	0.00514	0.00343	0.00171	0.00428	0.00300	0.00343	0.00600
17	0.01784	0.01309	0.01373	0.01144	0.01505	0.05652	0.00913	0.24362	0.34333	0.14778	0.05459	0.01856	0.01530	0.00723	0.00560	0.00176	0.00518	0.00580	0.00567	0.00877
18	0.00795	0.00537	0.00660	0.00700	0.00735	0.00540	0.00461	0.00874	0.00932	0.01280	0.02115	0.20883	0.02382	0.43673	0.09725	0.00455	0.00566	0.06891	0.05394	0.00403
19	0.02336	0.00905	0.01233	0.00968	0.01364	0.00784	0.00789	0.02541	0.01542	0.71227	0.02256	0.08307	0.01559	0.00772	0.00569	0.00176	0.00459	0.00640	0.00671	0.00902
20	0.01276	0.01435	0.07172	0.24183	0.03046	0.01367	0.44542	0.06755	0.01332	0.01789	0.01088	0.01458	0.00810	0.00509	0.00610	0.00184	0.00848	0.00582	0.00287	0.00727
21	0.00767	0.00571	0.00660	0.00664	0.00824	0.00502	0.00502	0.00940	0.01319	0.04329	0.21149	0.14075	0.43977	0.01365	0.00665	0.00193	0.00304	0.06155	0.00542	0.00498
22	0.01379	0.24096	0.02458	0.01538	0.01850	0.04423	0.21467	0.01615	0.01099	0.03509	0.00892	0.01208	0.00771	0.00668	0.00999	0.00186	0.30418	0.00475	0.00265	0.00685
23	0.01714	0.08772	0.01682	0.11182	0.01892	0.33776	0.01106	0.11752	0.11227	0.01764	0.01096	0.01255	0.00875	0.00638	0.00646	0.00165	0.08969	0.00436	0.00344	0.00711
24	0.00804	0.00616	0.00752	0.00780	0.00905	0.00601	0.00593	0.01073	0.06555	0.01689	0.18964	0.19980	0.20944	0.06860	0.00851	0.00230	0.01867	0.14910	0.00519	0.00506

[dist]
# distance from previous block
# <min> <max>
5	55

[block]
# block no. 3 follows, 43 sequences, length 19
# corresponding to MSA columns:
# 1148-1166
name=unknown_D
#
# <colnr> <probs for GDERKNQSTAVLIFYWHMCP>
#	G	D	E	R	K	N	Q	S	T	A	V	L	I	F	Y	W	H	M	C	P
0	0.21270	0.01563	0.08779	0.01199	0.01621	0.11223	0.05696	0.17474	0.04546	0.12084	0.01198	0.01268	0.00873	0.00594	0.00539	0.00166	0.03481	0.00437	0.00415	0.05575
1	0.06615	0.00831	0.01036	0.00890	0.01174	0.00788	0.00708	0.06507	0.04217	0.33424	0.17578	0.12589	0.05777	0.00974	0.00597	0.00184	0.00408	0.04376	0.00599	0.00729
2	0.01473	0.01415	0.02412	0.01798	0.02242	0.03369	0.40759	0.15533	0.10060	0.03875	0.05917	0.01671	0.01227	0.00611	0.00681	0.00184	0.04978	0.00624	0.00391	0.00778
3	0.01061	0.00615	0.00796	0.00753	0.00922	0.00552	0.00562	0.01256	0.01403	0.16148	0.34876	0.23138	0.13278	0.01235	0.00649	0.00188	0.00319	0.01084	0.00588	0.00576
4	0.00707	0.00498	0.00647	0.00737	0.00785	0.00464	0.00496	0.00794	0.01082	0.01440	0.09057	0.59463	0.09019	0.05895	0.00901	0.05356	0.00335	0.01389	0.00496	0.00438
5	0.00743	0.00521	0.00687	0.00782	0.00843	0.00496	0.00560	0.00885	0.01143	0.01551	0.11693	0.51835	0.03591	0.06415	0.00827	0.00239	0.00355	0.12843	0.03525	0.00463
6	0.00861	0.00633	0.00787	0.00802	0.00922	0.00622	0.00595	0.05476	0.05038	0.01859	0.26974	0.30291	0.07781	0.05607	0.00790	0.00221	0.00355	0.09319	0.00540	0.00526
7	0.22870	0.01098	0.01165	0.00940	0.01300	0.01151	0.00766	0.24966	0.01695	0.17358	0.11009	0.01718	0.01506	0.00676	0.00497	0.00163	0.00462	0.00516	0.05074	0.05069
8	0.01214	0.01256	0.02116	0.12719	0.02178	0.01550	0.21198	0.01464	0.01009	0.01464	0.00870	0.01325	0.00759	0.00775	0.01324	0.00219	0.47131	0.00531	0.00253	0.00645
9	0.01148	0.01061	0.01758	0.68215	0.03588	0.01281	0.05905	0.07483	0.01242	0.01607	0.01021	0.01466	0.00761	0.00558	0.00560	0.00183	0.00739	0.00502	0.00273	0.00650
10	0.01046	0.00984	0.01661	0.79205	0.03814	0.01230	0.01538	0.01415	0.01107	0.01415	0.00984	0.01477	0.00738	0.00554	0.00554	0.00185	0.00738	0.00492	0.00246	0.00615
11	0.00683	0.00556	0.00605	0.00606	0.00769	0.00478	0.00449	0.00845	0.01310	0.01640	0.20149	0.10933	0.56303	0.01373	0.00658	0.00187	0.00280	0.01166	0.00534	0.00478
12	0.03147	0.21608	0.01896	0.06115	0.09027	0.10729	0.04244	0.07789	0.10138	0.10467	0.05749	0.01641	0.03881	0.00635	0.00507	0.00157	0.00608	0.00506	0.00397	0.00757
13	0.00896	0.00583	0.00692	0.00704	0.00856	0.00516	0.00516	0.01029	0.01209	0.10303	0.04028	0.28521	0.36506	0.06173	0.00795	0.00222	0.00343	0.05072	0.00523	0.00512
14	0.05905	0.24263	0.11912	0.01428	0.12563	0.08962	0.01137	0.09395	0.01354	0.04520	0.01368	0.10047	0.03557	0.00693	0.00496	0.00159	0.00620	0.00547	0.00342	0.00733
15	0.13079	0.16938	0.14834	0.03474	0.06220	0.01567	0.01169	0.24996	0.04656	0.03398	0.01115	0.01233	0.00852	0.00702	0.03334	0.00187	0.00647	0.00426	0.00376	0.00797
16	0.00859	0.00628	0.00756	0.00701	0.00870	0.00581	0.00529	0.03874	0.02712	0.02086	0.48072	0.07531	0.15200	0.01099	0.00616	0.00170	0.00291	0.00953	0.07370	0.05103
17	0.01098	0.15692	0.01449	0.10192	0.01450	0.01168	0.00867	0.01383	0.05330	0.04435	0.24133	0.08632	0.05282	0.00986	0.02086	0.00194	0.13866	0.00731	0.00419	0.00609
18	0.04294	0.34589	0.02204	0.01247	0.04354	0.06628	0.07032	0.17529	0.06086	0.04822	0.01204	0.05513	0.01020	0.00616	0.00478	0.00151	0.00618	0.00480	0.00368	0.00766

[dist]
# distance from previous block
# <min> <max>
3	7

[block]
# block no. 4 follows, 43 sequences, length 12
# corresponding to MSA columns:
# 1174-1185
name=unknown_E
#
# <colnr> <probs for GDERKNQSTAVLIFYWHMCP>
#	G	D	E	R	K	N	Q	S	T	A	V	L	I	F	Y	W	H	M	C	P
0	0.01160	0.00967	0.01128	0.00844	0.01284	0.00771	0.00667	0.06109	0.01233	0.01872	0.01227	0.09595	0.01132	0.00568	0.00451	0.00103	0.00414	0.00472	0.00363	0.69639
1	0.00946	0.00814	0.01111	0.00961	0.01220	0.00747	0.08539	0.01327	0.11203	0.01714	0.06315	0.28262	0.13719	0.01088	0.00604	0.00175	0.00413	0.00977	0.00458	0.19405
2	0.01040	0.12891	0.05595	0.30310	0.02265	0.01157	0.05875	0.01391	0.04151	0.01608	0.13334	0.06495	0.10120	0.00790	0.00564	0.00175	0.00574	0.00687	0.00359	0.00619
3	0.00916	0.00867	0.08981	0.00821	0.01045	0.00672	0.00703	0.01278	0.07084	0.05162	0.43741	0.08373	0.11799	0.05201	0.00744	0.00199	0.00363	0.00934	0.00539	0.00579
4	0.11679	0.01533	0.05376	0.01461	0.13064	0.19123	0.01030	0.07028	0.13449	0.06429	0.09418	0.05130	0.01547	0.00703	0.00532	0.00169	0.00611	0.00561	0.00419	0.00737
5	0.00965	0.00846	0.08934	0.00769	0.01022	0.00614	0.00675	0.01214	0.01386	0.10025	0.29998	0.06324	0.29238	0.01112	0.00620	0.00178	0.00352	0.00946	0.04206	0.00578
6	0.04953	0.12031	0.07036	0.01227	0.03334	0.04263	0.01046	0.41131	0.07466	0.05611	0.01312	0.01434	0.01002	0.04945	0.00639	0.00182	0.00608	0.00481	0.00460	0.00840
7	0.01433	0.01318	0.01595	0.09743	0.01750	0.07914	0.01130	0.12167	0.01254	0.04466	0.00937	0.01256	0.00793	0.00768	0.01169	0.00195	0.40445	0.00460	0.00318	0.10888
8	0.00807	0.00495	0.00669	0.00717	0.00753	0.00471	0.00481	0.00760	0.00934	0.01228	0.04122	0.32290	0.10360	0.05513	0.01438	0.36820	0.00396	0.01002	0.00388	0.00357
9	0.06690	0.17041	0.17208	0.01186	0.04769	0.07038	0.02999	0.01652	0.02677	0.04143	0.09081	0.01453	0.01260	0.00562	0.00471	0.00139	0.00585	0.00439	0.00331	0.20275
10	0.12022	0.01457	0.01558	0.20437	0.07829	0.17802	0.04621	0.07509	0.06388	0.04736	0.01098	0.01302	0.00843	0.00555	0.00505	0.00160	0.00683	0.00441	0.00341	0.09714
11	0.05669	0.13636	0.10206	0.02609	0.01562	0.06152	0.03762	0.06476	0.01278	0.03451	0.01240	0.06553	0.01118	0.00631	0.00483	0.00140	0.00565	0.04885	0.00344	0.29243

[dist]
# distance from previous block
# <min> <max>
1	46

[block]
# block no. 5 follows, 43 sequences, length 33
# corresponding to MSA columns:
# 1232-1264
name=unknown_F
#
# <colnr> <probs for GDERKNQSTAVLIFYWHMCP>
#	G	D	E	R	K	N	Q	S	T	A	V	L	I	F	Y	W	H	M	C	P
0	0.08149	0.25832	0.03988	0.11109	0.18252	0.03730	0.05575	0.05939	0.02262	0.03614	0.00985	0.01194	0.00799	0.00511	0.00469	0.00150	0.00633	0.00413	0.00298	0.06098
1	0.10972	0.22568	0.07010	0.01109	0.01554	0.09600	0.00999	0.24603	0.01632	0.04084	0.01080	0.01249	0.00862	0.00579	0.00463	0.00147	0.00616	0.02343	0.00379	0.08150
2	0.01275	0.29097	0.08401	0.01461	0.13679	0.01471	0.06448	0.01703	0.09733	0.01689	0.06589	0.01726	0.06584	0.00618	0.00492	0.00149	0.00569	0.00514	0.00336	0.07467
3	0.01033	0.00855	0.01002	0.00967	0.01142	0.00950	0.00745	0.01759	0.31240	0.01902	0.12290	0.20712	0.07878	0.01159	0.00734	0.00205	0.06780	0.07474	0.00524	0.00650
4	0.00723	0.00564	0.00662	0.00682	0.00830	0.00503	0.00522	0.00905	0.01320	0.01694	0.23022	0.13216	0.40526	0.01388	0.00675	0.00197	0.00312	0.11236	0.00538	0.00486
5	0.01370	0.01355	0.01807	0.40944	0.23153	0.12046	0.01473	0.08149	0.01346	0.01697	0.01013	0.01368	0.00790	0.00550	0.00545	0.00172	0.00741	0.00474	0.00286	0.00719
6	0.02485	0.00943	0.01285	0.00985	0.01414	0.00814	0.00814	0.02699	0.01585	0.77465	0.02185	0.01885	0.01371	0.00685	0.00557	0.00171	0.00471	0.00557	0.00685	0.00943
7	0.00741	0.00540	0.00760	0.00817	0.00879	0.00574	0.00588	0.00880	0.00959	0.01327	0.02197	0.36811	0.02438	0.08508	0.38607	0.00571	0.00902	0.01043	0.00396	0.00463
8	0.01709	0.01217	0.01383	0.01119	0.01469	0.01313	0.03470	0.40193	0.12887	0.07921	0.01868	0.08088	0.04192	0.00784	0.00557	0.00172	0.00512	0.00641	0.09682	0.00821
9	0.01901	0.02351	0.01779	0.01527	0.01854	0.60720	0.11416	0.02215	0.08140	0.01499	0.01017	0.01163	0.00818	0.00572	0.00527	0.00153	0.00940	0.00422	0.00309	0.00678
10	0.01111	0.02865	0.77667	0.01579	0.02397	0.01286	0.02046	0.01754	0.01169	0.01754	0.00994	0.01169	0.00702	0.00526	0.00526	0.00175	0.00818	0.00409	0.00234	0.00818
11	0.00686	0.00555	0.00609	0.00611	0.00771	0.00479	0.00452	0.00850	0.01314	0.01655	0.21664	0.11694	0.53982	0.01370	0.00659	0.00187	0.00280	0.01167	0.00536	0.00479
12	0.00735	0.00535	0.00672	0.00698	0.00784	0.00500	0.00487	0.00888	0.01232	0.01671	0.30425	0.29150	0.13194	0.12544	0.03702	0.00268	0.00365	0.01169	0.00517	0.00465
13	0.02105	0.01238	0.01461	0.01207	0.04136	0.01285	0.00949	0.31280	0.14927	0.32662	0.01821	0.01680	0.01241	0.00682	0.00557	0.00172	0.00526	0.00544	0.00598	0.00929
14	0.01326	0.01019	0.01312	0.01143	0.01428	0.01106	0.07385	0.02269	0.40923	0.10236	0.04119	0.08486	0.01829	0.01302	0.11436	0.00288	0.00619	0.02496	0.00510	0.00766
15	0.00934	0.00662	0.00771	0.00751	0.00927	0.00629	0.00559	0.01294	0.11737	0.07882	0.18715	0.21826	0.28644	0.01277	0.00646	0.00192	0.00324	0.01104	0.00554	0.00570
16	0.01097	0.01083	0.01973	0.64267	0.03636	0.01264	0.15827	0.01485	0.01146	0.01485	0.01011	0.01480	0.00758	0.00537	0.00573	0.00185	0.00776	0.00524	0.00253	0.00641
17	0.01071	0.07048	0.62598	0.01429	0.02118	0.01222	0.01769	0.01611	0.01152	0.01680	0.01268	0.12171	0.01115	0.00692	0.00541	0.00179	0.00736	0.00565	0.00273	0.00761
18	0.00691	0.00533	0.00632	0.00669	0.00786	0.00474	0.00478	0.00843	0.01258	0.01631	0.20901	0.32364	0.33826	0.01462	0.00673	0.00198	0.00291	0.01279	0.00536	0.00474
19	0.01416	0.00752	0.00960	0.00824	0.01079	0.00695	0.00647	0.01767	0.08157	0.28269	0.38547	0.03269	0.09368	0.00965	0.00612	0.00175	0.00351	0.00828	0.00624	0.00695
20	0.01377	0.01234	0.02194	0.04596	0.31969	0.01212	0.22686	0.06886	0.01387	0.07071	0.05496	0.08582	0.01387	0.00658	0.00600	0.00178	0.00672	0.00668	0.00363	0.00784
21	0.01181	0.14344	0.01269	0.00929	0.01156	0.01012	0.00757	0.08718	0.07663	0.06968	0.06111	0.27061	0.05301	0.01181	0.00616	0.00196	0.00445	0.13973	0.00491	0.00628
22	0.02069	0.02640	0.01569	0.01427	0.01712	0.78313	0.01070	0.02212	0.01569	0.01355	0.00856	0.00999	0.00713	0.00571	0.00499	0.00143	0.00999	0.00357	0.00285	0.00642
23	0.01156	0.00991	0.01232	0.00913	0.01363	0.00801	0.04341	0.03650	0.03599	0.01900	0.07220	0.01567	0.01267	0.00517	0.00460	0.00105	0.00433	0.02215	0.00367	0.65901
24	0.00843	0.00541	0.00699	0.00765	0.00861	0.00493	0.00539	0.00966	0.01159	0.08205	0.05919	0.57976	0.13708	0.01569	0.00686	0.00214	0.00332	0.03493	0.00533	0.00500
25	0.00750	0.00533	0.00630	0.00659	0.00704	0.00519	0.00419	0.00811	0.00943	0.01236	0.02639	0.21210	0.14290	0.43654	0.08221	0.00439	0.00525	0.01021	0.00402	0.00396
26	0.01323	0.01372	0.01983	0.35671	0.29031	0.12023	0.07476	0.01655	0.01242	0.01573	0.00998	0.01374	0.00792	0.00528	0.00552	0.00172	0.00762	0.00487	0.00264	0.00721
27	0.01156	0.12389	0.68538	0.01501	0.02278	0.01397	0.01912	0.01742	0.01164	0.01699	0.00967	0.01135	0.00703	0.00520	0.00505	0.00168	0.00791	0.00395	0.00234	0.00805
28	0.01385	0.01433	0.01827	0.05772	0.01833	0.14455	0.13789	0.08067	0.01225	0.01602	0.00989	0.01383	0.00856	0.01210	0.11885	0.00296	0.30541	0.00509	0.00292	0.00651
29	0.00920	0.00595	0.00780	0.00823	0.00953	0.00555	0.00640	0.01105	0.01275	0.08369	0.15645	0.27086	0.12487	0.03415	0.00749	0.00224	0.00382	0.22934	0.00540	0.00523
30	0.01354	0.01440	0.02288	0.01757	0.02144	0.08643	0.37366	0.02013	0.19763	0.01849	0.05996	0.01722	0.01297	0.00641	0.00740	0.00188	0.09069	0.00622	0.00367	0.00740
31	0.07755	0.00822	0.00893	0.00860	0.00989	0.05544	0.00636	0.07642	0.01102	0.01555	0.01661	0.07981	0.01711	0.25640	0.27109	0.00526	0.00861	0.05845	0.00364	0.00503
32	0.00846	0.00563	0.00671	0.00668	0.00691	0.00574	0.00410	0.02921	0.00873	0.01173	0.01728	0.07993	0.01945	0.60441	0.09116	0.07279	0.00603	0.00799	0.00342	0.00366

[dist]
# distance from previous block
# <min> <max>
2	5

[block]
# block no. 6 follows, 43 sequences, length 17
# corresponding to MSA columns:
# 1270-1286
name=unknown_G
#
# <colnr> <probs for GDERKNQSTAVLIFYWHMCP>
#	G	D	E	R	K	N	Q	S	T	A	V	L	I	F	Y	W	H	M	C	P
0	0.01235	0.01119	0.01540	0.49103	0.04897	0.05505	0.01304	0.11051	0.05450	0.01802	0.06451	0.03821	0.01267	0.00673	0.00567	0.00182	0.00668	0.02353	0.00345	0.00667
1	0.11569	0.00672	0.00753	0.09450	0.01142	0.00666	0.00586	0.01015	0.01227	0.01716	0.16469	0.06453	0.39907	0.05178	0.00714	0.00202	0.00362	0.00946	0.00469	0.00503
2	0.01471	0.53708	0.19493	0.01148	0.01676	0.11408	0.01209	0.01748	0.01190	0.01411	0.00831	0.00965	0.00709	0.00498	0.00411	0.00134	0.00693	0.00329	0.00242	0.00726
3	0.01151	0.00797	0.01033	0.01115	0.10849	0.00744	0.00750	0.02735	0.05542	0.12495	0.12437	0.03690	0.25493	0.05534	0.00740	0.00201	0.00415	0.08465	0.00502	0.05311
4	0.03010	0.10505	0.01727	0.01276	0.01556	0.23029	0.05025	0.01792	0.02478	0.08159	0.03003	0.01269	0.00930	0.00670	0.00850	0.00166	0.22353	0.00436	0.00323	0.11445
5	0.01717	0.49478	0.02367	0.01140	0.01538	0.32737	0.00997	0.01880	0.01304	0.01324	0.00805	0.00933	0.00712	0.00513	0.00413	0.00128	0.00755	0.00320	0.00256	0.00683
6	0.05871	0.00933	0.01083	0.00806	0.01240	0.00742	0.00642	0.01418	0.01210	0.05107	0.10830	0.01552	0.01401	0.00521	0.00444	0.00103	0.00395	0.00423	0.00381	0.64898
7	0.00769	0.00544	0.00718	0.00749	0.00793	0.00573	0.00509	0.00864	0.00898	0.01233	0.01966	0.21598	0.02183	0.33604	0.29880	0.00590	0.00830	0.00914	0.00365	0.00421
8	0.01154	0.01068	0.01778	0.17753	0.44594	0.01122	0.01405	0.01449	0.01170	0.01626	0.01405	0.09058	0.03412	0.01061	0.09307	0.00256	0.00724	0.00627	0.00301	0.00730
9	0.00695	0.00493	0.00644	0.00748	0.00782	0.00464	0.00495	0.00790	0.01059	0.01420	0.06923	0.67432	0.03563	0.10555	0.00941	0.00257	0.00342	0.01457	0.00499	0.00441
10	0.02297	0.00887	0.01186	0.00925	0.01314	0.00775	0.00759	0.02517	0.01530	0.67711	0.02136	0.01908	0.01377	0.00680	0.00535	0.00166	0.00444	0.00552	0.11413	0.00887
11	0.01481	0.80869	0.02902	0.00948	0.01421	0.02191	0.00948	0.01658	0.01125	0.01303	0.00770	0.00888	0.00711	0.00474	0.00355	0.00118	0.00592	0.00296	0.00237	0.00711
12	0.00795	0.00543	0.00653	0.00657	0.00680	0.00551	0.00405	0.00844	0.00883	0.01200	0.06987	0.07728	0.02247	0.60769	0.12321	0.00540	0.00628	0.00834	0.00359	0.00375
13	0.07934	0.00892	0.01169	0.00940	0.01311	0.00797	0.00760	0.02375	0.01473	0.62428	0.02199	0.11945	0.01614	0.00809	0.00561	0.00178	0.00449	0.00671	0.00640	0.00855
14	0.22180	0.00972	0.01141	0.00914	0.01304	0.00938	0.00750	0.02402	0.05629	0.52295	0.01833	0.01664	0.01204	0.00646	0.00499	0.00171	0.00451	0.00497	0.03669	0.00840
15	0.21798	0.01282	0.01307	0.01069	0.01442	0.01432	0.00868	0.35661	0.17246	0.05676	0.05686	0.01557	0.01272	0.00673	0.00511	0.00173	0.00506	0.00507	0.00513	0.00822
16	0.00789	0.00542	0.00698	0.00752	0.00851	0.00497	0.00542	0.00944	0.01239	0.04851	0.19981	0.44490	0.13752	0.01496	0.00685	0.00208	0.00322	0.06324	0.00543	0.00494

[dist]
# distance from previous block
# <min> <max>
4	20

[block]
# block no. 7 follows, 43 sequences, length 84
# corresponding to MSA columns:
# 1309-1392
name=unknown_H
#
# <colnr> <probs for GDERKNQSTAVLIFYWHMCP>
#	G	D	E	R	K	N	Q	S	T	A	V	L	I	F	Y	W	H	M	C	P
0	0.45191	0.01009	0.01050	0.11518	0.01530	0.01076	0.00773	0.01704	0.01111	0.13459	0.02604	0.01329	0.00908	0.00561	0.00428	0.00162	0.00473	0.01769	0.00387	0.12958
1	0.05199	0.12009	0.41378	0.01375	0.04101	0.01368	0.01511	0.09042	0.01331	0.09332	0.01101	0.01213	0.00800	0.00549	0.00521	0.00162	0.02249	0.00412	0.00322	0.06024
2	0.01160	0.18328	0.46102	0.01440	0.06214	0.02897	0.01574	0.01606	0.01159	0.01611	0.01230	0.11925	0.01119	0.00680	0.00517	0.00169	0.00699	0.00549	0.00276	0.00746
3	0.00766	0.00628	0.01003	0.00972	0.01088	0.00584	0.10706	0.00922	0.01127	0.01505	0.06407	0.62393	0.06686	0.01518	0.00695	0.00216	0.00400	0.01403	0.00487	0.00495
4	0.01307	0.01494	0.03268	0.02334	0.02894	0.01401	0.75070	0.01774	0.01307	0.01774	0.01120	0.01494	0.00840	0.00467	0.00654	0.00187	0.00934	0.00654	0.00280	0.00747
5	0.03099	0.01374	0.08925	0.07973	0.22430	0.02562	0.14041	0.05768	0.03325	0.15689	0.01453	0.02958	0.03061	0.01738	0.00638	0.00182	0.03041	0.00563	0.00379	0.00801
6	0.00868	0.00574	0.00742	0.00712	0.00843	0.00528	0.00526	0.01093	0.01456	0.06308	0.56081	0.14375	0.06783	0.03574	0.00713	0.00191	0.00290	0.01041	0.02773	0.00529
7	0.00724	0.00518	0.00698	0.00818	0.00875	0.00492	0.00592	0.00861	0.01128	0.01502	0.06530	0.61499	0.03640	0.01665	0.00716	0.00229	0.00357	0.16174	0.00518	0.00466
8	0.01140	0.03844	0.68842	0.01578	0.02351	0.01310	0.05291	0.01821	0.05435	0.01780	0.01068	0.01231	0.00764	0.00536	0.00532	0.00176	0.00799	0.00431	0.00255	0.00817
9	0.01497	0.02336	0.53389	0.01429	0.02125	0.01259	0.01686	0.11975	0.01441	0.15753	0.01256	0.01321	0.00856	0.00574	0.00536	0.00173	0.00727	0.00448	0.00360	0.00858
10	0.01180	0.01144	0.06834	0.16071	0.19115	0.01073	0.10390	0.01585	0.05297	0.05152	0.02737	0.07092	0.01650	0.00843	0.00622	0.00198	0.00639	0.17305	0.00374	0.00699
11	0.01757	0.44123	0.02295	0.01106	0.01541	0.11670	0.00987	0.24285	0.01649	0.03401	0.01949	0.01098	0.00852	0.00557	0.00442	0.00138	0.00643	0.00380	0.00353	0.00775
12	0.01228	0.00698	0.00871	0.00754	0.00996	0.00634	0.00587	0.01460	0.01268	0.15849	0.15117	0.05959	0.02082	0.01228	0.11146	0.00245	0.00496	0.00637	0.22941	0.15803
13	0.01136	0.02174	0.50610	0.09054	0.02228	0.01166	0.01649	0.01739	0.06191	0.04044	0.07854	0.01543	0.01202	0.00594	0.00535	0.00170	0.00697	0.00483	0.00310	0.06619
14	0.02491	0.01583	0.22021	0.12534	0.08517	0.06665	0.05536	0.01721	0.01264	0.13326	0.01549	0.09820	0.01348	0.00758	0.00576	0.00183	0.00670	0.06800	0.00370	0.02268
15	0.01046	0.00984	0.01661	0.79205	0.03814	0.01230	0.01538	0.01415	0.01107	0.01415	0.00984	0.01477	0.00738	0.00554	0.00554	0.00185	0.00738	0.00492	0.00246	0.00615
16	0.00728	0.00493	0.00625	0.00723	0.00760	0.00468	0.00477	0.00827	0.01035	0.01431	0.02751	0.62004	0.03216	0.12404	0.00964	0.00258	0.00345	0.01365	0.08683	0.00441
17	0.01252	0.01654	0.19858	0.20304	0.19618	0.03564	0.09522	0.04243	0.01211	0.01685	0.00989	0.01329	0.00777	0.00583	0.00720	0.00184	0.11008	0.00486	0.00265	0.00748
18	0.01087	0.00932	0.01363	0.01835	0.31070	0.02140	0.01038	0.01405	0.06226	0.03714	0.07647	0.20545	0.11783	0.01033	0.00621	0.00189	0.00480	0.05786	0.00430	0.00675
19	0.02240	0.00918	0.01228	0.00959	0.01348	0.00814	0.00785	0.05626	0.01627	0.64150	0.12165	0.02163	0.01870	0.00745	0.00570	0.00172	0.00449	0.00614	0.00670	0.00886
20	0.00681	0.00493	0.00643	0.00751	0.00801	0.00456	0.00508	0.00791	0.01108	0.01473	0.08135	0.69860	0.08910	0.01672	0.00700	0.00219	0.00314	0.01508	0.00520	0.00456
21	0.01173	0.13682	0.31020	0.01782	0.19561	0.01292	0.04985	0.01590	0.01256	0.01766	0.12905	0.01771	0.03633	0.00627	0.00535	0.00165	0.00650	0.00538	0.00312	0.00757
22	0.00705	0.00509	0.00674	0.00796	0.00850	0.00478	0.00564	0.00827	0.01103	0.01454	0.03180	0.65118	0.07755	0.01686	0.00712	0.00227	0.00347	0.12038	0.00514	0.00460
23	0.00749	0.00537	0.00626	0.00659	0.00763	0.00494	0.00468	0.00894	0.01185	0.01591	0.14753	0.23793	0.26054	0.12200	0.00943	0.00240	0.00332	0.04561	0.08698	0.00460
24	0.01802	0.01378	0.01455	0.04948	0.03812	0.08232	0.00992	0.28327	0.24204	0.12644	0.01731	0.04017	0.01309	0.00721	0.00560	0.00175	0.00572	0.01739	0.00526	0.00857
25	0.01330	0.01304	0.02259	0.07452	0.58207	0.01357	0.08778	0.01654	0.01216	0.01736	0.01015	0.01373	0.00851	0.00541	0.00684	0.00175	0.08466	0.00508	0.00270	0.00823
26	0.01111	0.02865	0.77667	0.01579	0.02397	0.01286	0.02046	0.01754	0.01169	0.01754	0.00994	0.01169	0.00702	0.00526	0.00526	0.00175	0.00818	0.00409	0.00234	0.00818
27	0.00894	0.00765	0.01150	0.26091	0.09343	0.00828	0.00974	0.01166	0.04057	0.01503	0.02410	0.34786	0.09580	0.01158	0.00633	0.00202	0.00494	0.02994	0.00407	0.00565
28	0.01148	0.02397	0.56461	0.01857	0.13116	0.01255	0.07051	0.01707	0.01199	0.01757	0.01139	0.01559	0.00902	0.00584	0.00554	0.00180	0.00783	0.05289	0.00261	0.00801
29	0.00985	0.00651	0.00824	0.00835	0.00972	0.00638	0.00612	0.01340	0.11500	0.09237	0.20136	0.40582	0.03512	0.01346	0.00663	0.00204	0.00347	0.04481	0.00560	0.00577
30	0.05552	0.01249	0.01268	0.01038	0.01375	0.04776	0.00834	0.44004	0.02037	0.02713	0.05079	0.06819	0.19090	0.00905	0.00577	0.00174	0.00512	0.00720	0.00522	0.00757
31	0.01219	0.01422	0.12914	0.29907	0.40441	0.01281	0.01693	0.01607	0.01194	0.01662	0.01015	0.01379	0.00803	0.00519	0.00547	0.00173	0.00709	0.00481	0.00258	0.00776
32	0.00711	0.00527	0.00664	0.00705	0.00802	0.00480	0.00500	0.00876	0.01284	0.01726	0.30705	0.38455	0.17624	0.01452	0.00678	0.00199	0.00292	0.01289	0.00549	0.00480
33	0.01281	0.01444	0.03110	0.09914	0.02985	0.01384	0.67819	0.01739	0.01287	0.01739	0.01107	0.01492	0.00830	0.00475	0.00644	0.00187	0.00914	0.00638	0.00277	0.00734
34	0.01404	0.01375	0.02765	0.12566	0.07212	0.01342	0.51749	0.05140	0.01358	0.07678	0.01190	0.01507	0.00875	0.00506	0.00622	0.00183	0.00841	0.00608	0.00319	0.00761
35	0.01228	0.06738	0.49173	0.01472	0.05591	0.01298	0.01627	0.06678	0.08478	0.03323	0.05920	0.01572	0.03260	0.00617	0.00535	0.00172	0.00692	0.00494	0.00328	0.00803
36	0.00657	0.00550	0.00572	0.00590	0.00756	0.00465	0.00434	0.00792	0.01235	0.01485	0.05261	0.15566	0.66847	0.01448	0.00662	0.00192	0.00286	0.01224	0.00514	0.00465
37	0.01567	0.01382	0.02215	0.02695	0.47671	0.01405	0.11036	0.18829	0.01589	0.04472	0.01153	0.01393	0.00902	0.00536	0.00564	0.00168	0.00677	0.00517	0.00352	0.00877
38	0.01389	0.01914	0.30124	0.05591	0.18106	0.01334	0.17238	0.09686	0.01393	0.06234	0.01134	0.01352	0.00833	0.00532	0.00564	0.00175	0.00763	0.00500	0.00313	0.00827
39	0.01313	0.01442	0.05003	0.06370	0.31331	0.01357	0.41322	0.01728	0.01276	0.01770	0.01080	0.01436	0.00846	0.00483	0.00605	0.00178	0.00815	0.00577	0.00275	0.00793
40	0.00771	0.00566	0.00723	0.00683	0.00820	0.00517	0.00513	0.01020	0.01538	0.02149	0.69771	0.04255	0.12289	0.01159	0.00653	0.00175	0.00263	0.01018	0.00600	0.00517
41	0.01149	0.11005	0.69865	0.01513	0.02295	0.01381	0.01932	0.01744	0.01165	0.01707	0.00971	0.01140	0.00703	0.00521	0.00508	0.00169	0.00795	0.00397	0.00234	0.00807
42	0.01454	0.02144	0.43434	0.01568	0.06301	0.01288	0.05795	0.13996	0.03486	0.10830	0.01293	0.03710	0.00952	0.00605	0.00549	0.00175	0.00716	0.00501	0.00361	0.00843
43	0.01566	0.01524	0.02056	0.04536	0.54105	0.11903	0.01515	0.12506	0.01496	0.01984	0.01057	0.01316	0.00861	0.00530	0.00543	0.00162	0.00699	0.00475	0.00316	0.00849
44	0.00867	0.00669	0.00817	0.00834	0.00995	0.00661	0.00667	0.01271	0.11576	0.01864	0.24710	0.08819	0.18625	0.01294	0.00680	0.00207	0.00372	0.23973	0.00547	0.00552
45	0.09932	0.01382	0.01598	0.01580	0.15479	0.01523	0.01089	0.38764	0.18113	0.02827	0.01422	0.01454	0.01058	0.00637	0.00534	0.00171	0.00563	0.00506	0.00484	0.00882
46	0.05942	0.03489	0.36652	0.02052	0.25036	0.05690	0.03781	0.03754	0.03501	0.01839	0.01076	0.02809	0.00849	0.00550	0.00527	0.00170	0.00730	0.00463	0.00281	0.00808
47	0.01815	0.01818	0.01907	0.01580	0.04064	0.29734	0.17708	0.11516	0.13129	0.09213	0.01325	0.01413	0.00990	0.00596	0.00558	0.00166	0.00788	0.00506	0.00399	0.00776
48	0.01359	0.01784	0.13217	0.02202	0.06928	0.08964	0.53615	0.01810	0.01312	0.01732	0.01073	0.01394	0.00811	0.00487	0.00615	0.00180	0.00909	0.00582	0.00274	0.00754
49	0.01046	0.00984	0.01661	0.79205	0.03814	0.01230	0.01538	0.01415	0.01107	0.01415	0.00984	0.01477	0.00738	0.00554	0.00554	0.00185	0.00738	0.00492	0.00246	0.00615
50	0.01451	0.04398	0.04251	0.08440	0.31904	0.14302	0.11398	0.01967	0.12963	0.01756	0.01195	0.01419	0.00950	0.00548	0.00550	0.00168	0.00727	0.00503	0.00317	0.00792
51	0.00795	0.00577	0.00805	0.00805	0.00875	0.00646	0.00587	0.00935	0.00865	0.01223	0.01561	0.02604	0.01571	0.26759	0.55990	0.00786	0.01203	0.00656	0.00308	0.00447
52	0.00743	0.00526	0.00653	0.00703	0.00757	0.00500	0.00470	0.00847	0.01088	0.01457	0.14986	0.34645	0.08519	0.26550	0.01366	0.00314	0.00386	0.04590	0.00473	0.00430
53	0.00675	0.00482	0.00643	0.00771	0.00803	0.00450	0.00514	0.00771	0.01060	0.01414	0.03053	0.80175	0.03663	0.01735	0.00707	0.00225	0.00321	0.01574	0.00514	0.00450
54	0.01263	0.01223	0.01479	0.11994	0.12122	0.12462	0.05324	0.01783	0.15399	0.01728	0.01877	0.04474	0.01770	0.00912	0.00622	0.00199	0.00640	0.23647	0.00406	0.00675
55	0.01111	0.02865	0.77667	0.01579	0.02397	0.01286	0.02046	0.01754	0.01169	0.01754	0.00994	0.01169	0.00702	0.00526	0.00526	0.00175	0.00818	0.00409	0.00234	0.00818
56	0.01266	0.01409	0.03034	0.02205	0.02722	0.01325	0.67756	0.01712	0.01304	0.01763	0.01299	0.01963	0.01072	0.00572	0.00665	0.00193	0.00892	0.07822	0.00303	0.00724
57	0.00707	0.00514	0.00674	0.00789	0.00852	0.00481	0.00564	0.00832	0.01114	0.01460	0.03286	0.61218	0.10806	0.01670	0.00711	0.00226	0.00347	0.12775	0.00513	0.00461
58	0.01371	0.01316	0.02248	0.03399	0.77081	0.01316	0.01700	0.01700	0.01261	0.01809	0.01042	0.01371	0.00877	0.00493	0.00548	0.00164	0.00658	0.00493	0.00274	0.00877
59	0.01704	0.01338	0.08827	0.01118	0.01506	0.03931	0.00973	0.21905	0.16484	0.18751	0.13262	0.02024	0.01822	0.00841	0.02792	0.00194	0.00552	0.00603	0.00544	0.00829
60	0.00655	0.00561	0.00561	0.00561	0.00748	0.00468	0.00421	0.00795	0.01262	0.01496	0.05610	0.05330	0.76857	0.01403	0.00655	0.00187	0.00281	0.01169	0.00514	0.00468
61	0.01356	0.01358	0.02488	0.03149	0.59621	0.01336	0.18968	0.01717	0.01272	0.01801	0.01060	0.01400	0.00869	0.00487	0.00573	0.00170	0.00723	0.00531	0.00276	0.00847
62	0.01434	0.01363	0.02330	0.03044	0.59505	0.01367	0.11670	0.08961	0.01400	0.01970	0.01081	0.01384	0.00879	0.00507	0.00563	0.00168	0.00691	0.00516	0.00303	0.00866
63	0.01138	0.02677	0.67492	0.01682	0.02465	0.01302	0.12033	0.01757	0.01188	0.01757	0.01011	0.01214	0.00721	0.00518	0.00544	0.00177	0.00834	0.00443	0.00240	0.00809
64	0.00675	0.00482	0.00643	0.00771	0.00803	0.00450	0.00514	0.00771	0.01060	0.01414	0.03053	0.80175	0.03663	0.01735	0.00707	0.00225	0.00321	0.01574	0.00514	0.00450
65	0.84448	0.01071	0.00814	0.00728	0.01071	0.01242	0.00600	0.01628	0.00943	0.02485	0.00771	0.00900	0.00600	0.00514	0.00343	0.00171	0.00428	0.00300	0.00343	0.00600
66	0.12283	0.00880	0.08381	0.00944	0.01156	0.00735	0.00849	0.01184	0.01206	0.01778	0.08752	0.17367	0.06338	0.01288	0.00659	0.00221	0.00466	0.34503	0.00469	0.00541
67	0.09379	0.13356	0.59864	0.01408	0.02133	0.01406	0.01753	0.01728	0.01141	0.01764	0.00941	0.01104	0.00693	0.00518	0.00485	0.00167	0.00749	0.00383	0.00245	0.00782
68	0.09537	0.01262	0.02010	0.08532	0.55654	0.01310	0.03682	0.01777	0.07458	0.01888	0.01114	0.01394	0.00906	0.00521	0.00533	0.00169	0.00631	0.00490	0.00303	0.00827
69	0.01481	0.80869	0.02902	0.00948	0.01421	0.02191	0.00948	0.01658	0.01125	0.01303	0.00770	0.00888	0.00711	0.00474	0.00355	0.00118	0.00592	0.00296	0.00237	0.00711
70	0.09616	0.62076	0.02456	0.00909	0.01372	0.01899	0.00873	0.01619	0.01110	0.01488	0.00799	0.00925	0.00715	0.00469	0.00362	0.00119	0.00551	0.00301	0.00260	0.12080
71	0.01371	0.01316	0.02248	0.03399	0.77081	0.01316	0.01700	0.01700	0.01261	0.01809	0.01042	0.01371	0.00877	0.00493	0.00548	0.00164	0.00658	0.00493	0.00274	0.00877
72	0.01322	0.41624	0.30163	0.01367	0.01978	0.01754	0.11484	0.01709	0.01166	0.01532	0.00899	0.01073	0.00725	0.00492	0.00458	0.00149	0.00721	0.00386	0.00242	0.00755
73	0.02298	0.03898	0.01391	0.01036	0.01457	0.01036	0.00857	0.12462	0.08419	0.58004	0.02025	0.01791	0.01318	0.00681	0.00550	0.00170	0.00491	0.00546	0.00641	0.00928
74	0.00757	0.00556	0.00758	0.00842	0.00929	0.00557	0.00643	0.00924	0.01101	0.01466	0.04150	0.35432	0.09363	0.02214	0.18988	0.00385	0.00638	0.19355	0.00464	0.00478
75	0.00692	0.00545	0.00624	0.00641	0.00780	0.00478	0.00467	0.00853	0.01295	0.01660	0.22961	0.21437	0.42787	0.01407	0.00666	0.00192	0.00285	0.01216	0.00538	0.00478
76	0.04456	0.07396	0.24018	0.01331	0.03802	0.07268	0.02525	0.09501	0.21852	0.07682	0.02532	0.02769	0.01162	0.00639	0.00528	0.00172	0.00634	0.00506	0.00409	0.00817
77	0.01358	0.01314	0.02277	0.05632	0.71497	0.01317	0.05038	0.01695	0.01259	0.01796	0.01044	0.01380	0.00871	0.00494	0.00553	0.00166	0.00673	0.00501	0.00274	0.00863
78	0.09034	0.00619	0.00761	0.00750	0.00851	0.00671	0.00543	0.00985	0.00940	0.01415	0.06791	0.02849	0.07060	0.26984	0.36708	0.00613	0.00921	0.00697	0.00349	0.00456
79	0.01279	0.01425	0.05403	0.48886	0.12736	0.14543	0.04853	0.01621	0.01219	0.01488	0.00976	0.01367	0.00755	0.00544	0.00547	0.00174	0.00786	0.00472	0.00257	0.00669
80	0.01580	0.10119	0.23534	0.06381	0.23086	0.03489	0.06448	0.05257	0.01391	0.11177	0.01259	0.01476	0.00962	0.00609	0.00575	0.00186	0.00737	0.00499	0.00359	0.00877
81	0.01207	0.01287	0.09383	0.43630	0.20968	0.01256	0.06619	0.01621	0.02878	0.04300	0.01080	0.01450	0.00819	0.00540	0.00557	0.00179	0.00724	0.00501	0.00277	0.00724
82	0.00850	0.00576	0.00757	0.05210	0.01026	0.00541	0.00594	0.01007	0.01216	0.07164	0.13786	0.43531	0.16070	0.01440	0.00673	0.00206	0.00348	0.03968	0.00525	0.00511
83	0.03066	0.09219	0.24180	0.01520	0.11783	0.04750	0.01338	0.03747	0.02626	0.27479	0.01394	0.01421	0.00975	0.00596	0.00567	0.00168	0.03456	0.00464	0.00410	0.00843

[dist]
# distance from previous block
# <min> <max>
5	27

[block]
# block no. 8 follows, 43 sequences, length 82
# corresponding to MSA columns:
# 1427-1468,1470-1509
name=unknown_I
#
# <colnr> <probs for GDERKNQSTAVLIFYWHMCP>
#	G	D	E	R	K	N	Q	S	T	A	V	L	I	F	Y	W	H	M	C	P
0	0.01502	0.13968	0.26090	0.03526	0.13656	0.01304	0.01383	0.03947	0.01296	0.17433	0.01452	0.01534	0.04797	0.00608	0.00560	0.00165	0.03338	0.00480	0.00361	0.02602
1	0.01445	0.08569	0.29402	0.04271	0.01851	0.05137	0.01315	0.10143	0.08754	0.10875	0.03697	0.07688	0.01280	0.00693	0.00537	0.00171	0.00638	0.00557	0.00394	0.02580
2	0.01545	0.00752	0.00973	0.00818	0.01096	0.00670	0.00648	0.01805	0.03660	0.35885	0.30641	0.03244	0.13997	0.00961	0.00608	0.00175	0.00363	0.00816	0.00628	0.00713
3	0.01273	0.01456	0.08251	0.07705	0.09070	0.18515	0.04598	0.05363	0.01374	0.01689	0.08061	0.12809	0.07572	0.00918	0.00626	0.00184	0.02347	0.07167	0.00384	0.00638
4	0.04184	0.06336	0.37582	0.01786	0.17826	0.01279	0.01600	0.01860	0.04855	0.10237	0.01246	0.01509	0.00956	0.00597	0.00567	0.00175	0.02992	0.03274	0.00324	0.00816
5	0.01599	0.00828	0.01052	0.00892	0.01177	0.00787	0.00704	0.02053	0.14131	0.34091	0.28967	0.05456	0.04041	0.00903	0.00599	0.00177	0.00383	0.00772	0.00629	0.00757
