[name]
unknown

[dist]
# distance from previous block
# <min> <max>
0	1564

[block]
# block no. 0 follows, 40 sequences, length 13
# corresponding to MSA columns:
# 1564-1576
name=unknown_A
#
# <colnr> <probs for GDERKNQSTAVLIFYWHMCP>
#	G	D	E	R	K	N	Q	S	T	A	V	L	I	F	Y	W	H	M	C	P
0	0.06161	0.01152	0.01860	0.30539	0.36610	0.01254	0.01518	0.01578	0.01228	0.01743	0.01335	0.01884	0.03776	0.03558	0.00666	0.00200	0.00682	0.03203	0.00302	0.00751
1	0.01129	0.01093	0.01933	0.69709	0.03897	0.01312	0.09680	0.01528	0.01186	0.01528	0.01050	0.01552	0.00787	0.00571	0.00593	0.00194	0.00798	0.00536	0.00262	0.00661
2	0.01213	0.01143	0.01908	0.37264	0.35526	0.01253	0.01576	0.01563	0.01265	0.01711	0.04590	0.01858	0.05396	0.00632	0.00590	0.00184	0.00688	0.00582	0.00304	0.00755
3	0.01439	0.01382	0.02360	0.03569	0.75936	0.01382	0.01785	0.01785	0.01324	0.01900	0.01094	0.01439	0.00921	0.00518	0.00576	0.00173	0.00691	0.00518	0.00288	0.00921
4	0.01535	0.01321	0.01438	0.06149	0.06961	0.05928	0.01033	0.02837	0.56454	0.06568	0.02102	0.02001	0.01572	0.00741	0.00586	0.00191	0.00533	0.00618	0.00539	0.00893
5	0.01113	0.01053	0.01747	0.71779	0.03799	0.01333	0.01586	0.01479	0.01140	0.01479	0.01011	0.01527	0.00774	0.00618	0.00692	0.00199	0.07252	0.00516	0.00258	0.00645
6	0.01446	0.01249	0.01315	0.01183	0.01512	0.01446	0.00920	0.03090	0.74885	0.02433	0.02367	0.02170	0.01775	0.00789	0.00592	0.00197	0.00460	0.00657	0.00592	0.00920
7	0.01272	0.01272	0.01781	0.01527	0.01527	0.01781	0.01272	0.01399	0.00891	0.01399	0.00763	0.01272	0.00763	0.01018	0.01908	0.00254	0.78499	0.00509	0.00254	0.00636
8	0.01114	0.00659	0.00870	0.00781	0.00969	0.00598	0.00598	0.01380	0.01649	0.14368	0.63702	0.03959	0.04829	0.01113	0.00669	0.00182	0.00310	0.00976	0.00653	0.00620
9	0.01435	0.01095	0.01184	0.01096	0.05693	0.09793	0.00794	0.07418	0.01649	0.12985	0.33713	0.02838	0.05499	0.00883	0.00604	0.00165	0.00473	0.00744	0.00544	0.11395
10	0.06879	0.13992	0.28543	0.01261	0.01828	0.07175	0.01330	0.07509	0.04265	0.06650	0.06482	0.01468	0.01188	0.00612	0.00514	0.00162	0.00672	0.00462	0.00365	0.08642
11	0.19133	0.07630	0.04986	0.02730	0.01474	0.10571	0.00903	0.01920	0.01295	0.19338	0.02836	0.06084	0.01207	0.02448	0.00644	0.00178	0.05659	0.00517	0.00428	0.10020
12	0.01467	0.05298	0.14779	0.01072	0.01581	0.01046	0.01015	0.06294	0.06030	0.13555	0.09770	0.01743	0.01511	0.00625	0.00522	0.00143	0.00524	0.00506	0.00444	0.32076

[dist]
# distance from previous block
# <min> <max>
1	42

[block]
# block no. 1 follows, 40 sequences, length 16
# corresponding to MSA columns:
# 1619-1634
name=unknown_B
#
# <colnr> <probs for GDERKNQSTAVLIFYWHMCP>
#	G	D	E	R	K	N	Q	S	T	A	V	L	I	F	Y	W	H	M	C	P
0	0.01407	0.12473	0.36797	0.01536	0.06167	0.01422	0.03966	0.02102	0.14135	0.08521	0.01459	0.01697	0.01121	0.00648	0.00556	0.00182	0.00705	0.03887	0.00366	0.00852
1	0.05750	0.14776	0.15739	0.01577	0.13594	0.06290	0.01269	0.04531	0.08219	0.13853	0.01450	0.05187	0.01156	0.00787	0.03188	0.00199	0.00680	0.00530	0.00399	0.00828
2	0.04421	0.30302	0.14882	0.03444	0.05515	0.01592	0.05925	0.04075	0.05416	0.03138	0.04728	0.04025	0.01181	0.00610	0.00495	0.00155	0.00632	0.00488	0.00334	0.08643
3	0.01548	0.17890	0.02206	0.07905	0.35777	0.07250	0.01372	0.01860	0.02882	0.06597	0.01114	0.01340	0.00907	0.00535	0.00517	0.00155	0.00667	0.00454	0.00318	0.08703
4	0.01200	0.00897	0.01028	0.00913	0.01179	0.00902	0.00704	0.05263	0.23126	0.07062	0.24452	0.08552	0.12463	0.01026	0.00626	0.00183	0.00383	0.00878	0.00580	0.08584
5	0.01206	0.01034	0.01206	0.00861	0.01378	0.00775	0.00689	0.01464	0.01206	0.01895	0.01034	0.01206	0.00861	0.00431	0.00431	0.00086	0.00431	0.00345	0.00345	0.83118
6	0.01222	0.01125	0.01876	0.28598	0.37404	0.01212	0.01557	0.01562	0.01265	0.01721	0.01447	0.04646	0.01339	0.00749	0.00618	0.00197	0.00685	0.11701	0.00324	0.00753
7	0.02154	0.01601	0.01713	0.01327	0.01782	0.01777	0.01092	0.68760	0.08063	0.03574	0.01468	0.01453	0.01047	0.00705	0.00582	0.00176	0.00627	0.00533	0.00582	0.00984
8	0.00829	0.00577	0.00712	0.00773	0.00822	0.00565	0.00536	0.00921	0.01045	0.01373	0.02633	0.21250	0.06488	0.40104	0.01848	0.00403	0.00493	0.17752	0.00446	0.00429
9	0.00799	0.00593	0.00744	0.00707	0.00854	0.00539	0.00530	0.01051	0.01590	0.02199	0.63437	0.04563	0.17762	0.01238	0.00686	0.00185	0.00278	0.01082	0.00623	0.00539
10	0.00801	0.00571	0.00685	0.00703	0.00776	0.00541	0.00473	0.00917	0.01172	0.01564	0.19975	0.16272	0.13764	0.33398	0.01631	0.00354	0.00420	0.05050	0.00486	0.00447
11	0.01276	0.01215	0.02066	0.39240	0.41539	0.01339	0.01704	0.01642	0.01247	0.01702	0.01065	0.01492	0.00851	0.00548	0.00578	0.00183	0.00731	0.00517	0.00274	0.00790
12	0.01102	0.00971	0.01487	0.21390	0.11058	0.01144	0.01271	0.01374	0.01188	0.01612	0.01825	0.06296	0.01861	0.01093	0.00949	0.00233	0.17073	0.27069	0.00375	0.00630
13	0.83671	0.01125	0.00855	0.00765	0.01125	0.01305	0.00630	0.01709	0.00990	0.02609	0.00810	0.00945	0.00630	0.00540	0.00360	0.00180	0.00450	0.00315	0.00360	0.00630
14	0.06826	0.01326	0.02092	0.16597	0.51019	0.01401	0.01614	0.08625	0.01408	0.02040	0.01093	0.01423	0.00882	0.00548	0.00563	0.00177	0.00685	0.00505	0.00315	0.00859
15	0.09951	0.00958	0.01096	0.00937	0.01234	0.00985	0.00742	0.08903	0.15615	0.18957	0.27082	0.02670	0.02762	0.00871	0.00589	0.00182	0.00411	0.00722	0.04566	0.00768

[dist]
# distance from previous block
# <min> <max>
0	3

[block]
# block no. 2 follows, 40 sequences, length 32
# corresponding to MSA columns:
# 1638-1669
name=unknown_C
#
# <colnr> <probs for GDERKNQSTAVLIFYWHMCP>
#	G	D	E	R	K	N	Q	S	T	A	V	L	I	F	Y	W	H	M	C	P
0	0.04722	0.06230	0.21091	0.01172	0.01718	0.01196	0.01171	0.05132	0.05333	0.07636	0.01182	0.01310	0.00906	0.00565	0.00586	0.00147	0.05943	0.00419	0.00361	0.33180
1	0.15249	0.01284	0.01464	0.01315	0.09097	0.02997	0.00960	0.21075	0.01661	0.14390	0.01289	0.01360	0.00950	0.00600	0.00555	0.00156	0.03379	0.00450	0.00460	0.21309
2	0.01284	0.01610	0.21909	0.01303	0.01733	0.06280	0.10333	0.01753	0.05694	0.06923	0.16555	0.02248	0.04064	0.00764	0.00638	0.00180	0.03765	0.00649	0.11590	0.00724
3	0.00887	0.00603	0.00769	0.00741	0.00888	0.00547	0.00550	0.01116	0.01528	0.06174	0.51871	0.15166	0.14384	0.01292	0.00689	0.00192	0.00298	0.01136	0.00617	0.00554
4	0.16831	0.01347	0.01401	0.01150	0.01519	0.07394	0.05314	0.24110	0.10457	0.07715	0.05224	0.03422	0.10084	0.00793	0.00564	0.00182	0.00565	0.00629	0.00508	0.00790
5	0.01641	0.19496	0.24062	0.01334	0.01892	0.05832	0.02514	0.14195	0.13889	0.07640	0.01359	0.01399	0.01010	0.00618	0.00527	0.00169	0.00688	0.00470	0.00400	0.00864
6	0.00709	0.00506	0.00675	0.00810	0.00843	0.00472	0.00540	0.00810	0.01113	0.01484	0.03205	0.79184	0.03846	0.01822	0.00742	0.00236	0.00337	0.01653	0.00540	0.00472
7	0.00933	0.00621	0.00799	0.00739	0.00903	0.00564	0.00560	0.01192	0.01617	0.07352	0.63933	0.04301	0.11904	0.01184	0.00679	0.00184	0.00291	0.01036	0.00636	0.00574
8	0.04526	0.04367	0.16826	0.02105	0.07522	0.01488	0.40433	0.07710	0.05469	0.02049	0.01203	0.01470	0.00901	0.00539	0.00617	0.00188	0.00850	0.00585	0.00325	0.00825
9	0.01490	0.67049	0.15342	0.01106	0.01664	0.02142	0.01188	0.01758	0.01189	0.01447	0.00848	0.00982	0.00745	0.00507	0.00403	0.00134	0.00662	0.00331	0.00248	0.00765
10	0.00850	0.00593	0.00817	0.00929	0.01017	0.00577	0.00734	0.01022	0.01239	0.01641	0.08309	0.32777	0.03531	0.01683	0.00871	0.05803	0.00441	0.36147	0.00526	0.00494
11	0.01098	0.01034	0.01744	0.78165	0.04005	0.01292	0.01615	0.01486	0.01163	0.01486	0.01034	0.01550	0.00775	0.00581	0.00581	0.00194	0.00775	0.00517	0.00258	0.00646
12	0.04858	0.01289	0.02018	0.34413	0.11341	0.06438	0.14588	0.01617	0.01213	0.01650	0.01113	0.04304	0.00928	0.00653	0.00738	0.00195	0.09507	0.00571	0.01870	0.00694
13	0.00821	0.00600	0.00778	0.00796	0.00909	0.00571	0.00585	0.01101	0.04656	0.02038	0.45619	0.27693	0.04688	0.01393	0.00706	0.00205	0.00317	0.05382	0.00601	0.00540
14	0.00927	0.00662	0.00925	0.01059	0.01188	0.00660	0.00919	0.01187	0.01328	0.01728	0.03085	0.09917	0.03370	0.01616	0.00800	0.00266	0.00526	0.68768	0.00536	0.00533
15	0.09425	0.01166	0.09584	0.01066	0.01409	0.00981	0.00935	0.13442	0.01538	0.21278	0.02195	0.24380	0.02065	0.01073	0.00623	0.00203	0.00513	0.06826	0.00542	0.00753
16	0.01206	0.01034	0.01206	0.00861	0.01378	0.00775	0.00689	0.01464	0.01206	0.01895	0.01034	0.01206	0.00861	0.00431	0.00431	0.00086	0.00431	0.00345	0.00345	0.83118
17	0.01123	0.00926	0.05197	0.01026	0.01200	0.04163	0.00843	0.01334	0.01047	0.09139	0.01544	0.02193	0.01388	0.09405	0.50621	0.00704	0.06601	0.00608	0.00349	0.00588
18	0.01446	0.01249	0.01315	0.01183	0.01512	0.01446	0.00920	0.03090	0.74885	0.02433	0.02367	0.02170	0.01775	0.00789	0.00592	0.00197	0.00460	0.00657	0.00592	0.00920
19	0.02609	0.00990	0.01350	0.01035	0.01484	0.00855	0.00855	0.02834	0.01664	0.76338	0.02294	0.01979	0.01439	0.00720	0.00585	0.00180	0.00495	0.00585	0.00720	0.00990
20	0.01300	0.25879	0.07548	0.09664	0.01633	0.01292	0.00980	0.01582	0.04195	0.10014	0.01900	0.27847	0.01925	0.00999	0.00569	0.00184	0.00540	0.00846	0.00416	0.00685
21	0.01458	0.01501	0.02212	0.15107	0.45569	0.10621	0.06625	0.01783	0.01313	0.01741	0.01045	0.01408	0.00864	0.00568	0.00663	0.00180	0.05730	0.00511	0.00283	0.00819
22	0.00741	0.00520	0.00665	0.00768	0.00794	0.00494	0.00495	0.00818	0.01050	0.01400	0.02880	0.61323	0.03436	0.20243	0.01268	0.00314	0.00391	0.01462	0.00495	0.00444
23	0.01237	0.01236	0.02278	0.44021	0.19401	0.01354	0.18762	0.01640	0.01248	0.01665	0.01081	0.01531	0.00832	0.00546	0.00605	0.00190	0.00805	0.00557	0.00273	0.00739
24	0.01245	0.06281	0.68959	0.01610	0.02430	0.01419	0.02037	0.06067	0.01314	0.01928	0.01054	0.01225	0.00752	0.00559	0.00546	0.00181	0.00836	0.00430	0.00265	0.00862
25	0.01372	0.19922	0.02264	0.30469	0.28449	0.04874	0.01506	0.01687	0.01245	0.01600	0.00995	0.01343	0.00818	0.00540	0.00528	0.00168	0.00721	0.00462	0.00268	0.00767
26	0.01425	0.01149	0.01749	0.33138	0.20558	0.01216	0.01379	0.04928	0.04559	0.09930	0.01260	0.01538	0.00949	0.00572	0.00558	0.00170	0.00652	0.00505	0.00358	0.13408
27	0.10148	0.01453	0.01952	0.05345	0.44494	0.07952	0.01443	0.07977	0.05491	0.06457	0.01211	0.01426	0.00954	0.00571	0.00551	0.00174	0.00672	0.00497	0.00362	0.00869
28	0.02183	0.02379	0.01581	0.01402	0.01722	0.59860	0.01068	0.05483	0.01669	0.12314	0.01148	0.01247	0.00887	0.00771	0.03605	0.00187	0.00971	0.00421	0.00373	0.00727
29	0.01427	0.01303	0.01602	0.20645	0.13114	0.05828	0.01229	0.07083	0.33701	0.02138	0.04661	0.01879	0.01439	0.00697	0.00586	0.00188	0.00611	0.00592	0.00448	0.00828
30	0.00910	0.00758	0.01091	0.01435	0.18665	0.00720	0.00857	0.01111	0.01276	0.01691	0.08316	0.29758	0.20402	0.01361	0.00693	0.00212	0.00429	0.09232	0.00487	0.00596
31	0.01237	0.01186	0.02073	0.11832	0.39565	0.01217	0.11266	0.01550	0.01253	0.01743	0.01506	0.16947	0.01475	0.00801	0.00675	0.00194	0.03610	0.00766	0.00334	0.00769

[dist]
# distance from previous block
# <min> <max>
2	8

[block]
# block no. 3 follows, 40 sequences, length 20
# corresponding to MSA columns:
# 1678-1697
name=unknown_D
#
# <colnr> <probs for GDERKNQSTAVLIFYWHMCP>
#	G	D	E	R	K	N	Q	S	T	A	V	L	I	F	Y	W	H	M	C	P
0	0.01326	0.00875	0.01286	0.01248	0.08957	0.00828	0.06230	0.01703	0.06713	0.17041	0.36971	0.03337	0.07042	0.00972	0.00651	0.00186	0.00436	0.02900	0.00583	0.00716
1	0.01515	0.03834	0.13831	0.01460	0.04368	0.03960	0.03363	0.06835	0.01336	0.12955	0.06243	0.01952	0.01379	0.00865	0.01063	0.00210	0.28109	0.05570	0.00395	0.00756
2	0.00933	0.00612	0.00800	0.00786	0.00925	0.00565	0.00591	0.01157	0.01483	0.07258	0.45439	0.17374	0.08006	0.04165	0.00782	0.00214	0.00335	0.07414	0.00604	0.00555
3	0.25178	0.01101	0.01224	0.00985	0.01392	0.01117	0.00808	0.10816	0.06128	0.39694	0.01762	0.01640	0.01182	0.00669	0.00515	0.00179	0.00488	0.00505	0.03752	0.00867
4	0.19407	0.00998	0.01203	0.01114	0.06250	0.00964	0.00824	0.05659	0.01418	0.31408	0.01903	0.12985	0.01584	0.00837	0.00554	0.00183	0.00479	0.03596	0.00540	0.08093
5	0.01230	0.01010	0.01198	0.00904	0.01343	0.00841	0.00721	0.01569	0.05826	0.04435	0.09060	0.01627	0.01424	0.00570	0.00540	0.00114	0.03969	0.00454	0.00400	0.62765
6	0.00766	0.00544	0.00727	0.00853	0.00906	0.00520	0.00611	0.00895	0.01143	0.01515	0.03087	0.58890	0.03626	0.06935	0.00902	0.00265	0.00394	0.16416	0.00526	0.00478
7	0.83671	0.01125	0.00855	0.00765	0.01125	0.01305	0.00630	0.01709	0.00990	0.02609	0.00810	0.00945	0.00630	0.00540	0.00360	0.00180	0.00450	0.00315	0.00360	0.00630
8	0.00790	0.00584	0.00737	0.00718	0.00853	0.00532	0.00531	0.01026	0.01539	0.02123	0.57081	0.12586	0.16142	0.01301	0.00692	0.00191	0.00284	0.01143	0.00614	0.00532
9	0.01677	0.01364	0.01445	0.01230	0.01600	0.01554	0.00976	0.24514	0.53085	0.02805	0.02074	0.01936	0.01538	0.00761	0.00589	0.00190	0.00515	0.00617	0.00589	0.00941
10	0.01272	0.01272	0.01781	0.01527	0.01527	0.01781	0.01272	0.01399	0.00891	0.01399	0.00763	0.01272	0.00763	0.01018	0.01908	0.00254	0.78499	0.00509	0.00254	0.00636
11	0.00771	0.00551	0.00632	0.00674	0.00740	0.00516	0.00436	0.00850	0.01066	0.01391	0.03307	0.27763	0.21553	0.32326	0.01590	0.00351	0.00413	0.01185	0.03452	0.00432
12	0.00757	0.00559	0.00718	0.00822	0.00910	0.00520	0.00606	0.00908	0.01219	0.01587	0.06493	0.47904	0.16639	0.01690	0.00743	0.00234	0.00369	0.16289	0.00543	0.00492
13	0.01793	0.00904	0.01121	0.00926	0.01211	0.00861	0.00711	0.12262	0.01593	0.34222	0.11082	0.05524	0.04328	0.19434	0.01166	0.00273	0.00494	0.00752	0.00592	0.00752
14	0.00821	0.00556	0.00651	0.00670	0.00686	0.00547	0.00397	0.00857	0.00947	0.01272	0.07253	0.16405	0.02640	0.61094	0.02430	0.00482	0.00506	0.00995	0.00404	0.00386
15	0.07309	0.01443	0.01513	0.01238	0.01641	0.01627	0.01000	0.40742	0.31575	0.03100	0.01747	0.01677	0.01281	0.00724	0.00571	0.00184	0.00555	0.00563	0.00571	0.00938
16	0.01531	0.01605	0.02517	0.01927	0.02337	0.12456	0.38722	0.06687	0.02740	0.04079	0.01318	0.01907	0.01105	0.00702	0.00826	0.00202	0.11318	0.06925	0.00348	0.00749
17	0.01773	0.01743	0.01429	0.01279	0.01606	0.26914	0.00984	0.02814	0.45082	0.07292	0.01868	0.01779	0.01406	0.00720	0.00569	0.00180	0.00661	0.00557	0.00502	0.00842
18	0.01380	0.17952	0.37524	0.01595	0.06712	0.02908	0.06833	0.01959	0.07565	0.04866	0.01171	0.01313	0.00884	0.00557	0.00526	0.00168	0.00745	0.00451	0.00307	0.04584
19	0.09202	0.07319	0.11920	0.06543	0.10500	0.02662	0.01207	0.07310	0.04150	0.31143	0.01570	0.01563	0.01082	0.00630	0.00542	0.00176	0.00611	0.00501	0.00484	0.00882

[dist]
# distance from previous block
# <min> <max>
0	1

[block]
# block no. 4 follows, 40 sequences, length 39
# corresponding to MSA columns:
# 1699-1737
name=unknown_E
#
# <colnr> <probs for GDERKNQSTAVLIFYWHMCP>
#	G	D	E	R	K	N	Q	S	T	A	V	L	I	F	Y	W	H	M	C	P
0	0.27155	0.01418	0.01487	0.10013	0.07588	0.08083	0.01068	0.21402	0.01601	0.07184	0.01114	0.01274	0.00838	0.00640	0.00611	0.00183	0.06701	0.00448	0.00412	0.00779
1	0.01074	0.00872	0.01000	0.00961	0.01170	0.00917	0.00713	0.01862	0.32381	0.02028	0.12148	0.30865	0.02956	0.01196	0.00647	0.00201	0.00388	0.01053	0.00560	0.07006
2	0.02074	0.02330	0.01591	0.01411	0.01738	0.53875	0.01077	0.09799	0.13896	0.04844	0.01249	0.01308	0.00971	0.00646	0.00544	0.00161	0.00887	0.00445	0.00394	0.00760
3	0.00793	0.00552	0.00739	0.00859	0.00927	0.00534	0.00634	0.00950	0.01168	0.01587	0.03022	0.53528	0.03473	0.01793	0.03758	0.00265	0.00429	0.18426	0.06069	0.00494
4	0.01274	0.01216	0.02048	0.37807	0.39140	0.01360	0.01681	0.01628	0.01228	0.01684	0.01050	0.01482	0.00846	0.00572	0.00644	0.00186	0.04582	0.00517	0.00273	0.00780
5	0.00727	0.00563	0.00662	0.00697	0.00825	0.00498	0.00500	0.00889	0.01331	0.01723	0.21584	0.29851	0.35023	0.01522	0.00705	0.00206	0.00304	0.01328	0.00564	0.00498
6	0.07304	0.00935	0.01187	0.00957	0.01329	0.00866	0.00776	0.02443	0.07207	0.50974	0.13203	0.02294	0.02025	0.00782	0.00577	0.00179	0.00444	0.00641	0.05005	0.00872
7	0.01115	0.01051	0.01775	0.74469	0.07569	0.01296	0.01623	0.01501	0.01171	0.01506	0.01037	0.01545	0.00782	0.00578	0.00581	0.00193	0.00771	0.00517	0.00260	0.00660
8	0.00977	0.00737	0.00847	0.00843	0.01011	0.00741	0.00615	0.01483	0.19200	0.04763	0.11009	0.29281	0.19537	0.05231	0.00791	0.00226	0.00369	0.01170	0.00561	0.00608
9	0.01206	0.01034	0.01206	0.00861	0.01378	0.00775	0.00689	0.01464	0.01206	0.01895	0.01034	0.01206	0.00861	0.00431	0.00431	0.00086	0.00431	0.00345	0.00345	0.83118
10	0.03108	0.06628	0.10174	0.42551	0.03051	0.01464	0.05082	0.07846	0.05180	0.01791	0.01102	0.01459	0.00841	0.00622	0.00667	0.00191	0.06706	0.00505	0.00305	0.00726
11	0.83671	0.01125	0.00855	0.00765	0.01125	0.01305	0.00630	0.01709	0.00990	0.02609	0.00810	0.00945	0.00630	0.00540	0.00360	0.00180	0.00450	0.00315	0.00360	0.00630
12	0.01206	0.01034	0.01206	0.00861	0.01378	0.00775	0.00689	0.01464	0.01206	0.01895	0.01034	0.01206	0.00861	0.00431	0.00431	0.00086	0.00431	0.00345	0.00345	0.83118
13	0.01495	0.01273	0.01342	0.01193	0.01531	0.01469	0.00932	0.07580	0.70316	0.02511	0.02305	0.02121	0.01725	0.00783	0.00591	0.00196	0.00472	0.00649	0.00591	0.00925
14	0.00723	0.00521	0.00688	0.00807	0.00856	0.00485	0.00552	0.00844	0.01163	0.01551	0.07883	0.69092	0.06521	0.01761	0.00739	0.00233	0.00339	0.04216	0.00546	0.00480
15	0.01908	0.01402	0.01526	0.01243	0.01643	0.01559	0.01004	0.39680	0.29153	0.08694	0.01829	0.01759	0.01331	0.00871	0.03478	0.00212	0.00597	0.00581	0.00586	0.00946
16	0.00846	0.00564	0.00634	0.00634	0.00634	0.00564	0.00352	0.00846	0.00846	0.01128	0.01832	0.03805	0.02114	0.79563	0.02960	0.00564	0.00564	0.00846	0.00352	0.00352
17	0.01320	0.01274	0.02168	0.26124	0.45334	0.01389	0.04471	0.01666	0.01243	0.01733	0.01053	0.01465	0.00863	0.00576	0.00686	0.00186	0.06840	0.00523	0.00276	0.00810
18	0.00934	0.00622	0.00796	0.00736	0.00903	0.00564	0.00558	0.01190	0.01610	0.07486	0.62273	0.04323	0.13416	0.01189	0.00679	0.00184	0.00292	0.01039	0.00634	0.00573
19	0.01328	0.01401	0.11735	0.03525	0.06692	0.04219	0.05970	0.01868	0.13665	0.07622	0.14390	0.02360	0.04898	0.00862	0.00849	0.00200	0.14440	0.02791	0.00438	0.00748
20	0.11875	0.01319	0.02085	0.24734	0.17432	0.04197	0.17004	0.05102	0.01347	0.07715	0.01158	0.01463	0.00870	0.00561	0.00573	0.00185	0.00744	0.00528	0.00337	0.00772
21	0.00837	0.00600	0.00818	0.00818	0.00881	0.00663	0.00581	0.00963	0.00900	0.01263	0.01664	0.02876	0.01711	0.33617	0.48354	0.00790	0.01171	0.00710	0.00327	0.00454
22	0.01996	0.01476	0.01574	0.01244	0.01660	0.01638	0.01016	0.56962	0.13352	0.03348	0.01585	0.01580	0.01151	0.00710	0.00568	0.00174	0.00580	0.00545	0.07902	0.00939
23	0.00725	0.00529	0.00708	0.00831	0.00864	0.00511	0.00562	0.00827	0.01107	0.01482	0.03132	0.76860	0.03754	0.01798	0.00777	0.00237	0.02669	0.01619	0.00531	0.00477
24	0.01479	0.01132	0.01338	0.04257	0.01584	0.08671	0.04596	0.13658	0.01644	0.10140	0.05016	0.04119	0.02341	0.01146	0.00696	0.00221	0.00622	0.36130	0.00520	0.00691
25	0.05214	0.01494	0.01950	0.21862	0.33218	0.12031	0.01508	0.08537	0.01424	0.01900	0.01050	0.01378	0.00845	0.00588	0.00627	0.00179	0.04599	0.00489	0.00311	0.00796
26	0.01371	0.01372	0.02238	0.01743	0.01999	0.01611	0.23375	0.07215	0.01206	0.01756	0.00960	0.01367	0.00825	0.00787	0.01318	0.00217	0.42758	0.00552	0.00299	0.07031
27	0.00795	0.00597	0.00746	0.00772	0.00911	0.00548	0.00598	0.01011	0.01428	0.01896	0.32623	0.14789	0.23850	0.01432	0.00717	0.00211	0.00341	0.15636	0.00579	0.00521
28	0.01198	0.01173	0.01892	0.29608	0.10024	0.01455	0.07391	0.01471	0.01087	0.01525	0.01084	0.06348	0.00989	0.00816	0.01117	0.00218	0.31053	0.00600	0.00281	0.00670
29	0.01793	0.01131	0.04508	0.04026	0.13914	0.01046	0.01056	0.12993	0.02905	0.29035	0.02072	0.19275	0.01786	0.00923	0.00617	0.00192	0.00537	0.00799	0.00549	0.00843
30	0.01053	0.00658	0.00819	0.00786	0.00956	0.00608	0.00581	0.01312	0.05055	0.12304	0.28601	0.22281	0.16823	0.04508	0.00774	0.00214	0.00345	0.01136	0.00595	0.00592
31	0.01265	0.01374	0.02860	0.02091	0.02565	0.01317	0.56705	0.01694	0.01388	0.01909	0.13438	0.03414	0.01687	0.00656	0.00750	0.00198	0.04849	0.00755	0.00353	0.00732
32	0.01235	0.01173	0.01992	0.48211	0.32889	0.01328	0.01683	0.01606	0.01228	0.01652	0.01058	0.01506	0.00834	0.00556	0.00579	0.00185	0.00741	0.00517	0.00270	0.00756
33	0.01105	0.01043	0.01746	0.75036	0.03904	0.01312	0.01601	0.01482	0.01152	0.01482	0.01023	0.01539	0.00775	0.00599	0.00636	0.00196	0.03949	0.00516	0.00258	0.00646
34	0.01177	0.01000	0.01173	0.00851	0.01339	0.00758	0.00678	0.01436	0.01240	0.01928	0.06751	0.01446	0.01216	0.00489	0.00450	0.00094	0.00419	0.00399	0.00367	0.76789
35	0.00928	0.00625	0.00819	0.00777	0.00929	0.00596	0.00592	0.01164	0.01454	0.06708	0.45966	0.04047	0.11736	0.04886	0.13283	0.00325	0.00521	0.03520	0.00566	0.00557
36	0.01577	0.49284	0.13021	0.01110	0.01607	0.05617	0.01114	0.03827	0.04009	0.07054	0.01095	0.01298	0.00928	0.05550	0.00599	0.00170	0.00658	0.00404	0.00314	0.00765
37	0.01710	0.03870	0.01296	0.01014	0.01376	0.01052	0.00818	0.11352	0.14679	0.24487	0.10678	0.05242	0.04945	0.00931	0.02675	0.00195	0.00494	0.02100	0.00580	0.10504
38	0.01945	0.07582	0.01735	0.01376	0.05349	0.08363	0.01067	0.41653	0.13109	0.05613	0.01560	0.05320	0.01221	0.00735	0.00570	0.00175	0.00630	0.00572	0.00521	0.00903

[dist]
# distance from previous block
# <min> <max>
0	2

[block]
# block no. 5 follows, 40 sequences, length 17
# corresponding to MSA columns:
# 1740-1756
name=unknown_F
#
# <colnr> <probs for GDERKNQSTAVLIFYWHMCP>
#	G	D	E	R	K	N	Q	S	T	A	V	L	I	F	Y	W	H	M	C	P
0	0.11225	0.01245	0.09297	0.01469	0.06736	0.01060	0.15414	0.06280	0.01355	0.12123	0.01910	0.25603	0.01843	0.00963	0.00623	0.00200	0.00597	0.00880	0.00450	0.00727
1	0.01992	0.00847	0.01117	0.00925	0.01268	0.00734	0.00737	0.02185	0.01522	0.52189	0.03039	0.14545	0.14283	0.01017	0.00626	0.00191	0.00437	0.00858	0.00662	0.00826
2	0.00921	0.00722	0.00980	0.00936	0.01022	0.00763	0.05026	0.01158	0.07605	0.01446	0.02196	0.25078	0.02425	0.32632	0.06681	0.00408	0.05475	0.03604	0.00422	0.00499
3	0.01506	0.01429	0.05293	0.10473	0.35426	0.01385	0.18947	0.05329	0.01395	0.08151	0.01208	0.01510	0.00930	0.00565	0.00656	0.00185	0.03863	0.00560	0.00334	0.00855
4	0.01685	0.01443	0.01471	0.01293	0.03551	0.10248	0.00989	0.24440	0.22402	0.03991	0.01616	0.01866	0.01307	0.09000	0.04642	0.00262	0.07922	0.00582	0.00480	0.00811
5	0.01698	0.01265	0.01640	0.01673	0.19702	0.01208	0.01088	0.19186	0.04749	0.12113	0.01357	0.01450	0.01021	0.00569	0.00529	0.00145	0.00554	0.00474	0.00447	0.29131
6	0.01206	0.01034	0.01206	0.00861	0.01378	0.00775	0.00689	0.01464	0.01206	0.01895	0.01034	0.01206	0.00861	0.00431	0.00431	0.00086	0.00431	0.00345	0.00345	0.83118
7	0.00712	0.00542	0.00655	0.00729	0.00826	0.00485	0.00508	0.00844	0.01232	0.01589	0.10567	0.47772	0.28147	0.01648	0.00719	0.00218	0.00317	0.01456	0.00549	0.00485
8	0.00823	0.00594	0.00777	0.00732	0.00869	0.00549	0.00549	0.01097	0.01646	0.02332	0.75629	0.04344	0.05487	0.01189	0.00686	0.00183	0.00274	0.01052	0.00640	0.00549
9	0.00823	0.00594	0.00777	0.00732	0.00869	0.00549	0.00549	0.01097	0.01646	0.02332	0.75629	0.04344	0.05487	0.01189	0.00686	0.00183	0.00274	0.01052	0.00640	0.00549
10	0.00947	0.00746	0.00881	0.00930	0.01059	0.00787	0.00663	0.01546	0.24928	0.01791	0.02935	0.54322	0.03178	0.01488	0.00694	0.00224	0.00377	0.01332	0.00557	0.00617
11	0.02176	0.02654	0.01658	0.01482	0.01798	0.69496	0.01122	0.09670	0.01759	0.01653	0.00950	0.01084	0.00774	0.00609	0.00530	0.00152	0.01007	0.00390	0.00329	0.00706
12	0.10528	0.02603	0.01567	0.01423	0.01729	0.69445	0.01073	0.02259	0.01580	0.01545	0.00890	0.01038	0.00737	0.00593	0.00507	0.00153	0.00987	0.00368	0.00306	0.00670
13	0.00846	0.00564	0.00634	0.00634	0.00634	0.00564	0.00352	0.00846	0.00846	0.01128	0.01832	0.03805	0.02114	0.79563	0.02960	0.00564	0.00564	0.00846	0.00352	0.00352
14	0.34895	0.01304	0.03953	0.01028	0.01403	0.04919	0.00850	0.02415	0.29386	0.11881	0.01608	0.01561	0.01181	0.00661	0.00492	0.00185	0.00503	0.00488	0.00487	0.00798
15	0.34517	0.22774	0.04458	0.02612	0.01464	0.04765	0.00892	0.05390	0.02821	0.13899	0.01122	0.01180	0.00843	0.00573	0.00433	0.00164	0.00561	0.00385	0.00393	0.00753
16	0.01769	0.09423	0.01738	0.01258	0.04564	0.01210	0.07245	0.07613	0.07608	0.24299	0.04730	0.01682	0.01307	0.00640	0.00596	0.00158	0.03761	0.00526	0.00488	0.19386

[dist]
# distance from previous block
# <min> <max>
0	84

[block]
# block no. 6 follows, 40 sequences, length 38
# corresponding to MSA columns:
# 1841-1878
name=unknown_G
#
# <colnr> <probs for GDERKNQSTAVLIFYWHMCP>
#	G	D	E	R	K	N	Q	S	T	A	V	L	I	F	Y	W	H	M	C	P
0	0.01573	0.13161	0.23157	0.01550	0.10654	0.03287	0.01381	0.15084	0.03426	0.06745	0.01187	0.01304	0.00896	0.00565	0.00518	0.00156	0.00669	0.00441	0.00368	0.13879
1	0.01522	0.33064	0.03468	0.14564	0.02012	0.01595	0.04241	0.06254	0.01332	0.08342	0.01084	0.01253	0.00858	0.00531	0.00470	0.00141	0.00618	0.00410	0.00335	0.17905
2	0.01350	0.01326	0.05156	0.01566	0.01704	0.01608	0.09048	0.01551	0.01014	0.06777	0.00970	0.01406	0.00859	0.01096	0.05593	0.00276	0.57190	0.00536	0.00294	0.00681
3	0.00795	0.00584	0.00715	0.00726	0.00864	0.00525	0.00537	0.00992	0.01420	0.03247	0.34190	0.21141	0.26182	0.01423	0.00702	0.00202	0.00310	0.04338	0.00585	0.00522
4	0.01431	0.01405	0.02495	0.03428	0.66753	0.01393	0.10860	0.01795	0.01330	0.01895	0.01104	0.01456	0.00916	0.00515	0.00590	0.00176	0.00727	0.00539	0.00289	0.00904
5	0.00720	0.00515	0.00685	0.00802	0.00846	0.00480	0.00541	0.00840	0.01169	0.01573	0.10739	0.71398	0.04017	0.01756	0.00736	0.00231	0.00331	0.01591	0.00550	0.00480
6	0.00981	0.00639	0.00878	0.00961	0.01091	0.00616	0.00782	0.01201	0.01332	0.07019	0.10605	0.25926	0.03571	0.01559	0.00759	0.00244	0.00451	0.40273	0.00561	0.00552
7	0.01810	0.01845	0.01792	0.20563	0.15990	0.31426	0.01345	0.09511	0.01584	0.07069	0.01118	0.01345	0.00861	0.00599	0.00558	0.00169	0.00834	0.00466	0.00347	0.00768
8	0.00926	0.00654	0.00788	0.00752	0.00926	0.00607	0.00564	0.01242	0.06697	0.06479	0.39778	0.12170	0.23671	0.01275	0.00679	0.00193	0.00313	0.01106	0.00604	0.00578
9	0.01539	0.01190	0.01298	0.01162	0.01492	0.01342	0.00915	0.02960	0.63216	0.10082	0.02399	0.02392	0.01827	0.00827	0.00603	0.00199	0.00468	0.04582	0.00602	0.00906
10	0.00821	0.00554	0.00641	0.00665	0.00671	0.00548	0.00386	0.00839	0.00893	0.01191	0.02075	0.17153	0.02421	0.65797	0.02567	0.00506	0.00524	0.00989	0.00386	0.00374
11	0.01369	0.01596	0.05239	0.02393	0.02981	0.01467	0.69840	0.01898	0.03537	0.01879	0.01208	0.01578	0.00905	0.00501	0.00680	0.00196	0.00962	0.00679	0.00302	0.00790
12	0.02093	0.02447	0.01676	0.01475	0.01773	0.58058	0.01135	0.13639	0.01749	0.01778	0.00965	0.01125	0.00789	0.00655	0.00665	0.00164	0.08343	0.00411	0.00340	0.00721
13	0.00902	0.00653	0.00891	0.01013	0.01146	0.00642	0.00870	0.01149	0.01324	0.01710	0.03336	0.10730	0.09792	0.01607	0.00789	0.00260	0.00503	0.61620	0.00536	0.00528
14	0.00846	0.00564	0.00634	0.00634	0.00634	0.00564	0.00352	0.00846	0.00846	0.01128	0.01832	0.03805	0.02114	0.79563	0.02960	0.00564	0.00564	0.00846	0.00352	0.00352
15	0.01206	0.01034	0.01206	0.00861	0.01378	0.00775	0.00689	0.01464	0.01206	0.01895	0.01034	0.01206	0.00861	0.00431	0.00431	0.00086	0.00431	0.00345	0.00345	0.83118
16	0.02283	0.01049	0.01347	0.01029	0.01487	0.00926	0.00844	0.07043	0.04854	0.55268	0.02016	0.01813	0.01323	0.00670	0.00557	0.00164	0.00491	0.00541	0.00638	0.15659
17	0.00701	0.00582	0.00613	0.00621	0.00798	0.00494	0.00460	0.00856	0.01335	0.01631	0.11860	0.11948	0.63141	0.01478	0.00692	0.00199	0.00297	0.01249	0.00549	0.00494
18	0.01857	0.42181	0.02363	0.01241	0.01642	0.38950	0.01058	0.02025	0.01410	0.01395	0.00853	0.00990	0.00748	0.00547	0.00447	0.00137	0.00831	0.00342	0.00274	0.00711
19	0.00816	0.00594	0.00767	0.00724	0.00864	0.00546	0.00543	0.01083	0.01628	0.02290	0.71786	0.04413	0.09356	0.01204	0.00686	0.00184	0.00275	0.01061	0.00635	0.00546
20	0.09143	0.01400	0.02317	0.01905	0.09879	0.05261	0.31738	0.04337	0.01477	0.24473	0.01465	0.01591	0.01028	0.00579	0.00603	0.00184	0.00750	0.00584	0.00437	0.00847
21	0.01459	0.01380	0.04787	0.06845	0.05922	0.03193	0.03286	0.06063	0.55126	0.02326	0.02029	0.01964	0.01525	0.00731	0.00589	0.00193	0.00550	0.00618	0.00520	0.00892
22	0.00799	0.00593	0.00744	0.00707	0.00854	0.00539	0.00530	0.01052	0.01590	0.02199	0.63457	0.04562	0.17741	0.01238	0.00686	0.00185	0.00278	0.01082	0.00623	0.00539
23	0.01608	0.01224	0.02086	0.23942	0.28466	0.01258	0.10621	0.03272	0.01386	0.18337	0.01359	0.01606	0.00991	0.00581	0.00593	0.00183	0.00707	0.00554	0.00382	0.00842
24	0.00709	0.00506	0.00675	0.00810	0.00843	0.00472	0.00540	0.00810	0.01113	0.01484	0.03205	0.79184	0.03846	0.01822	0.00742	0.00236	0.00337	0.01653	0.00540	0.00472
25	0.04441	0.01308	0.01720	0.04248	0.10996	0.01350	0.05628	0.26714	0.08038	0.24680	0.03771	0.01726	0.01283	0.00682	0.00586	0.00180	0.00598	0.00571	0.00553	0.00927
26	0.01391	0.40417	0.38155	0.01330	0.01993	0.04481	0.01551	0.01810	0.01220	0.01597	0.00924	0.01078	0.00742	0.00527	0.00464	0.00154	0.00751	0.00370	0.00249	0.00798
27	0.01056	0.00546	0.00557	0.00554	0.00692	0.00541	0.00416	0.01323	0.01247	0.02157	0.06116	0.02404	0.04204	0.00733	0.00431	0.00140	0.00272	0.00593	0.75478	0.00541
28	0.01134	0.01070	0.01808	0.70406	0.11488	0.01301	0.01633	0.01517	0.01180	0.01529	0.01040	0.01539	0.00790	0.00575	0.00581	0.00192	0.00766	0.00517	0.00261	0.00675
29	0.01098	0.01034	0.01744	0.78165	0.04005	0.01292	0.01615	0.01486	0.01163	0.01486	0.01034	0.01550	0.00775	0.00581	0.00581	0.00194	0.00775	0.00517	0.00258	0.00646
30	0.00810	0.00594	0.00759	0.00718	0.00861	0.00543	0.00538	0.01072	0.01615	0.02259	0.68903	0.04465	0.12258	0.01216	0.00686	0.00184	0.00276	0.01069	0.00630	0.00543
31	0.00811	0.00585	0.00767	0.00740	0.00866	0.00541	0.00548	0.01067	0.01591	0.02244	0.68095	0.12129	0.05316	0.01255	0.00692	0.00188	0.00281	0.01114	0.00630	0.00541
32	0.00723	0.00516	0.00691	0.00826	0.00866	0.00485	0.00565	0.00834	0.01127	0.01500	0.03197	0.74650	0.03815	0.01808	0.00746	0.00238	0.00350	0.06046	0.00540	0.00476
33	0.00831	0.00561	0.00654	0.00668	0.00677	0.00563	0.00392	0.00852	0.00878	0.01176	0.01961	0.11567	0.02260	0.67515	0.06643	0.00549	0.00593	0.00918	0.00370	0.00374
34	0.01864	0.08418	0.01783	0.01434	0.01664	0.41510	0.01142	0.02015	0.01368	0.06721	0.00947	0.01177	0.00802	0.00734	0.00961	0.00183	0.25849	0.00427	0.00311	0.00690
35	0.00807	0.00611	0.00883	0.06342	0.01157	0.00670	0.00701	0.00981	0.01014	0.01397	0.02188	0.26808	0.04431	0.07345	0.41160	0.00618	0.01022	0.00973	0.00389	0.00503
36	0.01319	0.33226	0.20740	0.01145	0.01619	0.09416	0.01178	0.01616	0.01271	0.01571	0.05346	0.09863	0.07938	0.00783	0.00516	0.00163	0.00649	0.00607	0.00329	0.00706
37	0.01449	0.07512	0.12848	0.05201	0.41764	0.01377	0.01580	0.03534	0.01321	0.05785	0.01118	0.01373	0.00894	0.00545	0.00582	0.00166	0.02970	0.00475	0.00312	0.09194

[dist]
# distance from previous block
# <min> <max>
0	27

[block]
# block no. 7 follows, 40 sequences, length 24
# corresponding to MSA columns:
# 1906-1929
name=unknown_H
#
# <colnr> <probs for GDERKNQSTAVLIFYWHMCP>
#	G	D	E	R	K	N	Q	S	T	A	V	L	I	F	Y	W	H	M	C	P
0	0.23135	0.26278	0.16399	0.04184	0.04380	0.03959	0.07791	0.04630	0.01237	0.01946	0.00931	0.01112	0.00743	0.00533	0.00460	0.00164	0.00676	0.00394	0.00298	0.00750
1	0.01338	0.03598	0.09118	0.08180	0.01755	0.02538	0.02275	0.10193	0.25217	0.03406	0.11770	0.08237	0.02095	0.00892	0.00668	0.00196	0.03884	0.03372	0.00493	0.00776
2	0.00800	0.00594	0.00746	0.00708	0.00855	0.00539	0.00531	0.01054	0.01593	0.02205	0.64004	0.04553	0.17191	0.01236	0.00686	0.00185	0.00278	0.01081	0.00623	0.00539
3	0.01178	0.02930	0.72567	0.01701	0.02545	0.01357	0.06053	0.01843	0.01236	0.01843	0.01051	0.01246	0.00745	0.00549	0.00560	0.00185	0.00866	0.00444	0.00248	0.00855
4	0.00876	0.00653	0.00888	0.00850	0.00963	0.00628	0.04745	0.01038	0.01209	0.01617	0.19242	0.04561	0.09995	0.33077	0.01634	0.00358	0.00490	0.16230	0.00472	0.00474
5	0.01098	0.01034	0.01744	0.78165	0.04005	0.01292	0.01615	0.01486	0.01163	0.01486	0.01034	0.01550	0.00775	0.00581	0.00581	0.00194	0.00775	0.00517	0.00258	0.00646
6	0.01321	0.01415	0.02576	0.01972	0.02255	0.01632	0.36225	0.01623	0.01123	0.01623	0.00962	0.01415	0.00821	0.00764	0.01320	0.00226	0.41153	0.00594	0.00274	0.00708
7	0.00835	0.00604	0.00840	0.00840	0.00911	0.00676	0.00609	0.00978	0.00907	0.01280	0.01644	0.02763	0.01661	0.28013	0.53891	0.00818	0.01245	0.00693	0.00324	0.00467
8	0.01696	0.00793	0.01070	0.00913	0.01201	0.00709	0.00737	0.01946	0.01623	0.37947	0.32645	0.03437	0.03311	0.01007	0.00649	0.00190	0.00408	0.08291	0.00668	0.00760
9	0.00733	0.00591	0.00653	0.00637	0.00814	0.00510	0.00478	0.00923	0.01434	0.01827	0.29388	0.05174	0.52042	0.01377	0.00687	0.00192	0.00288	0.01168	0.00574	0.00510
10	0.01165	0.01102	0.01865	0.63520	0.18127	0.01310	0.01648	0.01544	0.01194	0.01567	0.01045	0.01529	0.00804	0.00569	0.00580	0.00190	0.00759	0.00517	0.00264	0.00700
11	0.02517	0.01010	0.01347	0.01046	0.01487	0.00902	0.00860	0.02854	0.07476	0.70473	0.02300	0.01994	0.01466	0.00725	0.00585	0.00181	0.00492	0.00591	0.00710	0.00984
12	0.01760	0.01370	0.01429	0.03892	0.07503	0.13806	0.01036	0.03778	0.25885	0.18892	0.02047	0.02481	0.01640	0.00830	0.00608	0.00193	0.00609	0.10881	0.00529	0.00832
13	0.01206	0.01034	0.01206	0.00861	0.01378	0.00775	0.00689	0.01464	0.01206	0.01895	0.01034	0.01206	0.00861	0.00431	0.00431	0.00086	0.00431	0.00345	0.00345	0.83118
14	0.01089	0.00828	0.01017	0.07065	0.01344	0.00879	0.00769	0.05733	0.19119	0.04418	0.13447	0.31577	0.05697	0.01261	0.00670	0.00210	0.00419	0.03248	0.00553	0.00655
15	0.78938	0.01233	0.05196	0.00816	0.01204	0.01307	0.00717	0.01717	0.01003	0.02565	0.00823	0.00961	0.00636	0.00541	0.00371	0.00180	0.00473	0.00321	0.00353	0.00643
16	0.00743	0.00551	0.00694	0.00744	0.00842	0.00502	0.00525	0.00912	0.01332	0.01787	0.28204	0.40641	0.17298	0.01545	0.00713	0.00211	0.00308	0.01373	0.00574	0.00502
17	0.01999	0.08991	0.01761	0.01320	0.01700	0.20646	0.01071	0.31615	0.12390	0.06241	0.01364	0.01398	0.01028	0.00687	0.00626	0.00172	0.05174	0.00488	0.00470	0.00858
18	0.01308	0.01248	0.02123	0.32253	0.48277	0.01347	0.01719	0.01670	0.01262	0.01741	0.01071	0.01482	0.00865	0.00542	0.00578	0.00181	0.00723	0.00518	0.00277	0.00815
19	0.01990	0.01532	0.01917	0.07626	0.12873	0.05805	0.06987	0.39827	0.02114	0.11435	0.01383	0.01476	0.00993	0.00643	0.00586	0.00177	0.00691	0.00534	0.00491	0.00919
20	0.00876	0.00611	0.00765	0.00717	0.00880	0.00551	0.00541	0.01123	0.01582	0.05525	0.58245	0.04490	0.19467	0.01225	0.00682	0.00185	0.00288	0.01066	0.00624	0.00557
21	0.01364	0.01297	0.02170	0.20085	0.56153	0.01365	0.01703	0.01784	0.04986	0.01834	0.01144	0.01501	0.00932	0.00546	0.00578	0.00179	0.00698	0.00525	0.00297	0.00860
22	0.01422	0.01153	0.01611	0.32106	0.11170	0.01319	0.01291	0.02274	0.29682	0.09335	0.01680	0.01819	0.01244	0.00668	0.00585	0.00191	0.00616	0.00578	0.00436	0.00818
23	0.00731	0.00557	0.00672	0.00716	0.00831	0.00498	0.00509	0.00892	0.01322	0.01732	0.22757	0.35221	0.28376	0.01542	0.00709	0.00209	0.00307	0.01355	0.00566	0.00498

[dist]
# distance from previous block
# <min> <max>
2	49

[block]
# block no. 8 follows, 40 sequences, length 19
# corresponding to MSA columns:
# 1979-1997
name=unknown_I
#
# <colnr> <probs for GDERKNQSTAVLIFYWHMCP>
#	G	D	E	R	K	N	Q	S	T	A	V	L	I	F	Y	W	H	M	C	P
0	0.02231	0.01188	0.01532	0.07731	0.05988	0.01193	0.01036	0.19655	0.07549	0.42770	0.01912	0.01788	0.01273	0.00697	0.00584	0.00181	0.00561	0.00566	0.00614	0.00951
1	0.01509	0.01320	0.02224	0.09563	0.63707	0.01330	0.01693	0.01848	0.01339	0.08108	0.01189	0.01494	0.00952	0.00540	0.00577	0.00175	0.00681	0.00524	0.00322	0.00904
2	0.00737	0.00564	0.00676	0.00705	0.00831	0.00503	0.00507	0.00910	0.01360	0.01786	0.27230	0.28713	0.30390	0.01494	0.00704	0.00205	0.00302	0.01307	0.00572	0.00503
3	0.01206	0.01034	0.01206	0.00861	0.01378	0.00775	0.00689	0.01464	0.01206	0.01895	0.01034	0.01206	0.00861	0.00431	0.00431	0.00086	0.00431	0.00345	0.00345	0.83118
4	0.02012	0.15798	0.01891	0.05338	0.01859	0.60601	0.01127	0.02181	0.01544	0.01417	0.00890	0.01055	0.00750	0.00581	0.00502	0.00148	0.00962	0.00371	0.00289	0.00685
5	0.00737	0.00527	0.00708	0.00843	0.00889	0.00497	0.00590	0.00859	0.01142	0.01517	0.03189	0.70055	0.03783	0.01795	0.00750	0.00240	0.00362	0.10498	0.00539	0.00480
6	0.29805	0.01738	0.01405	0.01202	0.01530	0.24048	0.00959	0.17861	0.01582	0.04734	0.01009	0.01145	0.00785	0.00650	0.00634	0.00178	0.09201	0.00409	0.00391	0.00735
7	0.11898	0.01627	0.01803	0.02271	0.34617	0.18644	0.01325	0.02075	0.12615	0.01944	0.01241	0.01504	0.01023	0.00618	0.00582	0.00176	0.02887	0.01988	0.00350	0.00812
8	0.01066	0.00622	0.00825	0.00844	0.00983	0.00580	0.00633	0.01252	0.01329	0.12876	0.16586	0.36509	0.05100	0.01511	0.02843	0.00235	0.00403	0.09991	0.05233	0.00577
9	0.01460	0.14969	0.33849	0.01789	0.11449	0.09653	0.06954	0.06019	0.05144	0.01863	0.01094	0.01270	0.00841	0.00560	0.00537	0.00170	0.00796	0.00452	0.00297	0.00834
10	0.01555	0.79913	0.03047	0.00995	0.01493	0.02301	0.00995	0.01741	0.01182	0.01368	0.00808	0.00933	0.00746	0.00498	0.00373	0.00124	0.00622	0.00311	0.00249	0.00746
11	0.00706	0.00590	0.00616	0.00609	0.00797	0.00499	0.00457	0.00871	0.01371	0.01678	0.15686	0.05421	0.65838	0.01433	0.00687	0.00194	0.00292	0.01203	0.00554	0.00499
12	0.12580	0.01356	0.01504	0.01167	0.01614	0.01430	0.00963	0.41588	0.02164	0.27350	0.01617	0.01531	0.01091	0.00685	0.00555	0.00177	0.00568	0.00517	0.00599	0.00944
13	0.01405	0.50215	0.31431	0.01251	0.01888	0.01934	0.01440	0.01780	0.01199	0.01551	0.00899	0.01047	0.00743	0.00519	0.00442	0.00147	0.00714	0.00357	0.00248	0.00790
14	0.00864	0.00600	0.00825	0.00842	0.00908	0.00650	0.00617	0.00975	0.00943	0.01300	0.01789	0.03258	0.01863	0.27506	0.37957	0.07623	0.01028	0.09658	0.00348	0.00446
15	0.00768	0.00579	0.00710	0.00705	0.00842	0.00521	0.00518	0.00981	0.01476	0.01992	0.45323	0.16222	0.24509	0.01364	0.00695	0.00195	0.00290	0.01193	0.00597	0.00521
16	0.01190	0.01199	0.16783	0.01052	0.01361	0.00828	0.02557	0.01541	0.06409	0.12949	0.03987	0.24957	0.05149	0.14159	0.01033	0.00266	0.00534	0.02916	0.00475	0.00655
17	0.73272	0.01067	0.00865	0.00803	0.01135	0.01225	0.00668	0.01646	0.01034	0.02500	0.01095	0.01650	0.00971	0.00674	0.00416	0.00191	0.00461	0.09328	0.00382	0.00618
18	0.17021	0.08424	0.01823	0.01380	0.01774	0.29429	0.11923	0.03939	0.08928	0.04303	0.01131	0.01259	0.00886	0.00580	0.00511	0.00163	0.00772	0.00443	0.00358	0.04953

[dist]
# distance from previous block
# <min> <max>
0	13

[block]
# block no. 9 follows, 40 sequences, length 14
# corresponding to MSA columns:
# 2011-2024
name=unknown_J
#
# <colnr> <probs for GDERKNQSTAVLIFYWHMCP>
#	G	D	E	R	K	N	Q	S	T	A	V	L	I	F	Y	W	H	M	C	P
0	0.31508	0.01073	0.01041	0.00916	0.01226	0.01192	0.00731	0.09773	0.17473	0.04244	0.09206	0.02354	0.13233	0.00838	0.00566	0.00188	0.02590	0.00639	0.00496	0.00712
1	0.58926	0.11100	0.01143	0.00816	0.01151	0.01326	0.00687	0.01600	0.01029	0.02268	0.03518	0.01245	0.00927	0.01082	0.10929	0.00277	0.00618	0.00382	0.00349	0.00627
2	0.05983	0.07222	0.01421	0.01053	0.01438	0.01113	0.00886	0.15563	0.01701	0.32312	0.04874	0.04203	0.01739	0.00855	0.00589	0.00184	0.00520	0.11900	0.00580	0.05862
3	0.01632	0.01010	0.01195	0.01030	0.01367	0.01017	0.00819	0.02420	0.30510	0.24313	0.08215	0.04773	0.05694	0.00887	0.00607	0.00187	0.00447	0.05535	0.00605	0.07734
4	0.02211	0.01629	0.01745	0.01338	0.01803	0.01803	0.01105	0.73997	0.02734	0.03665	0.01396	0.01396	0.00989	0.00698	0.00582	0.00175	0.00640	0.00524	0.00582	0.00989
5	0.01507	0.70378	0.12161	0.01077	0.01620	0.02183	0.01138	0.01754	0.01187	0.01427	0.00838	0.00969	0.00745	0.00504	0.00395	0.00132	0.00651	0.00326	0.00248	0.00760
6	0.02211	0.01629	0.01745	0.01338	0.01803	0.01803	0.01105	0.73997	0.02734	0.03665	0.01396	0.01396	0.00989	0.00698	0.00582	0.00175	0.00640	0.00524	0.00582	0.00989
7	0.01166	0.03008	0.76550	0.01657	0.02517	0.01351	0.02149	0.01842	0.01228	0.01842	0.01044	0.01228	0.00737	0.00552	0.00552	0.00184	0.00859	0.00430	0.00246	0.00859
8	0.06799	0.00732	0.00892	0.00776	0.01004	0.00663	0.00589	0.01327	0.01405	0.09807	0.38360	0.03193	0.06146	0.05833	0.00873	0.06514	0.00370	0.00795	0.00532	0.13391
9	0.01345	0.38423	0.42702	0.01352	0.02045	0.01788	0.01617	0.01795	0.01206	0.01624	0.00935	0.01092	0.00741	0.00527	0.00470	0.00157	0.00750	0.00375	0.00247	0.00807
10	0.07787	0.67882	0.08636	0.01029	0.01545	0.02151	0.01057	0.01747	0.01171	0.01500	0.00827	0.00957	0.00737	0.00505	0.00386	0.00133	0.00627	0.00321	0.00257	0.00746
