[name]
unknown

[dist]
# distance from previous block
# <min> <max>
0	40

[block]
# block no. 0 follows, 44 sequences, length 11
# corresponding to MSA columns:
# 46-56
name=unknown_A
#
# <colnr> <probs for GDERKNQSTAVLIFYWHMCP>
#	G	D	E	R	K	N	Q	S	T	A	V	L	I	F	Y	W	H	M	C	P
0	0.00914	0.00736	0.01031	0.00982	0.01116	0.00785	0.03901	0.03214	0.01311	0.01792	0.26145	0.08350	0.08533	0.01235	0.00849	0.00212	0.12062	0.25810	0.00487	0.00535
1	0.00859	0.00777	0.00739	0.00739	0.00872	0.09742	0.00532	0.01010	0.01282	0.01601	0.23541	0.21227	0.26530	0.07116	0.00794	0.00209	0.00382	0.01075	0.00492	0.00482
2	0.00802	0.00551	0.00701	0.00664	0.00792	0.00514	0.00498	0.01059	0.01493	0.02167	0.67723	0.03817	0.04675	0.01055	0.00610	0.00166	0.00257	0.00926	0.11017	0.00514
3	0.01149	0.00806	0.00939	0.00860	0.01082	0.00828	0.00658	0.01818	0.27524	0.11024	0.26925	0.11195	0.10905	0.01022	0.00607	0.00182	0.00350	0.00882	0.00573	0.00671
4	0.01117	0.00914	0.01057	0.00772	0.01214	0.00701	0.00615	0.01361	0.01132	0.01807	0.01065	0.01237	0.00877	0.00431	0.00401	0.00086	0.00386	0.00345	0.10223	0.74259
5	0.84691	0.01054	0.00801	0.00717	0.01054	0.01223	0.00590	0.01603	0.00928	0.02446	0.00759	0.00886	0.00590	0.00506	0.00337	0.00169	0.00422	0.00295	0.00337	0.00590
6	0.01317	0.26024	0.11552	0.01796	0.02350	0.01604	0.44349	0.01709	0.01217	0.01602	0.00983	0.01252	0.00773	0.00468	0.00539	0.00162	0.00803	0.00508	0.00258	0.00732
7	0.00865	0.10862	0.08837	0.00801	0.01034	0.00783	0.00709	0.01119	0.01360	0.01861	0.43941	0.12546	0.11107	0.01069	0.00600	0.00172	0.00363	0.00923	0.00496	0.00553
8	0.00664	0.00540	0.00588	0.00604	0.00755	0.00464	0.00442	0.00809	0.01247	0.01548	0.14060	0.17763	0.55812	0.01402	0.00653	0.00189	0.00281	0.01197	0.00518	0.00464
9	0.01797	0.01121	0.01274	0.01062	0.01418	0.01197	0.00849	0.14305	0.37808	0.26168	0.02033	0.01863	0.01436	0.00701	0.00543	0.00174	0.00460	0.00570	0.04343	0.00878
10	0.01560	0.01144	0.03302	0.07060	0.01610	0.01161	0.00918	0.13302	0.29718	0.15709	0.04595	0.01920	0.01470	0.00691	0.00541	0.00167	0.00487	0.02872	0.00513	0.11260

[dist]
# distance from previous block
# <min> <max>
2	15

[block]
# block no. 1 follows, 44 sequences, length 11
# corresponding to MSA columns:
# 72-82
name=unknown_B
#
# <colnr> <probs for GDERKNQSTAVLIFYWHMCP>
#	G	D	E	R	K	N	Q	S	T	A	V	L	I	F	Y	W	H	M	C	P
0	0.54511	0.03401	0.01052	0.03131	0.01266	0.01176	0.00707	0.06476	0.01195	0.20886	0.01140	0.01166	0.00804	0.00557	0.00408	0.00167	0.00457	0.00375	0.00427	0.00698
1	0.00799	0.00523	0.00624	0.00631	0.00641	0.00524	0.00376	0.00797	0.00827	0.01111	0.04029	0.08185	0.02054	0.62450	0.05626	0.08780	0.00540	0.00806	0.00339	0.00340
2	0.00705	0.00504	0.00678	0.00795	0.00847	0.00477	0.00567	0.00835	0.01107	0.01477	0.07279	0.64023	0.03619	0.01641	0.00702	0.00223	0.00343	0.13212	0.00511	0.00457
3	0.01071	0.01011	0.01710	0.69672	0.13290	0.01222	0.01535	0.01429	0.01110	0.01443	0.00976	0.01440	0.00744	0.00537	0.00544	0.00179	0.00717	0.00485	0.00246	0.00639
4	0.84691	0.01054	0.00801	0.00717	0.01054	0.01223	0.00590	0.01603	0.00928	0.02446	0.00759	0.00886	0.00590	0.00506	0.00337	0.00169	0.00422	0.00295	0.00337	0.00590
5	0.01193	0.01193	0.01670	0.01431	0.01431	0.01670	0.01193	0.01312	0.00835	0.01312	0.00716	0.01193	0.00716	0.00954	0.01789	0.00239	0.79843	0.00477	0.00239	0.00596
6	0.84691	0.01054	0.00801	0.00717	0.01054	0.01223	0.00590	0.01603	0.00928	0.02446	0.00759	0.00886	0.00590	0.00506	0.00337	0.00169	0.00422	0.00295	0.00337	0.00590
7	0.01291	0.01090	0.01159	0.01048	0.01333	0.01247	0.00813	0.02667	0.66798	0.02262	0.08736	0.02212	0.01957	0.00768	0.00555	0.00181	0.00409	0.00644	0.04013	0.00818
8	0.00780	0.00576	0.00832	0.00829	0.00917	0.00652	0.00628	0.00956	0.00912	0.01304	0.06717	0.02446	0.01698	0.13101	0.64176	0.00786	0.01265	0.00637	0.00318	0.00470
9	0.00894	0.00615	0.00773	0.00761	0.00903	0.00587	0.00567	0.01208	0.07912	0.06675	0.37758	0.23793	0.10111	0.01246	0.00647	0.00190	0.00312	0.03937	0.00565	0.00547
10	0.01382	0.03728	0.36224	0.05893	0.02020	0.03021	0.03286	0.16450	0.01440	0.07229	0.01280	0.08169	0.01045	0.00687	0.00621	0.00178	0.05678	0.00542	0.00352	0.00774

[dist]
# distance from previous block
# <min> <max>
1	77

[block]
# block no. 2 follows, 44 sequences, length 23
# corresponding to MSA columns:
# 164-186
name=unknown_C
#
# <colnr> <probs for GDERKNQSTAVLIFYWHMCP>
#	G	D	E	R	K	N	Q	S	T	A	V	L	I	F	Y	W	H	M	C	P
0	0.21264	0.06659	0.05971	0.04290	0.01747	0.19509	0.12320	0.01931	0.06219	0.08867	0.01089	0.01214	0.00825	0.00537	0.00477	0.00158	0.00677	0.00421	0.00343	0.05481
1	0.01242	0.01693	0.29743	0.26438	0.09417	0.01180	0.06994	0.01686	0.01198	0.09598	0.01204	0.01603	0.00915	0.00584	0.00552	0.00179	0.00724	0.04011	0.00301	0.00740
2	0.00675	0.00482	0.00645	0.00772	0.00808	0.00452	0.00526	0.00778	0.01055	0.01404	0.02999	0.76607	0.03581	0.01697	0.00699	0.00223	0.00326	0.05317	0.00506	0.00446
3	0.00725	0.00544	0.00672	0.00665	0.00792	0.00491	0.00489	0.00930	0.01397	0.01897	0.48950	0.15686	0.22229	0.01266	0.00651	0.00182	0.00271	0.01109	0.00564	0.00491
4	0.02327	0.01118	0.01383	0.01060	0.01487	0.01084	0.00876	0.25846	0.01879	0.54178	0.01883	0.01682	0.01215	0.00668	0.00547	0.00167	0.00507	0.00530	0.00634	0.00928
5	0.01835	0.01356	0.01380	0.01096	0.01455	0.05442	0.00891	0.55238	0.02194	0.03014	0.01389	0.01453	0.01020	0.00645	0.00506	0.00154	0.00543	0.00487	0.19081	0.00818
6	0.05298	0.00598	0.00757	0.00724	0.00869	0.00566	0.00553	0.01113	0.01462	0.05045	0.60749	0.08622	0.04528	0.01127	0.00634	0.00180	0.00294	0.05775	0.00577	0.00529
7	0.01838	0.00778	0.01025	0.00862	0.01158	0.00696	0.00681	0.02061	0.02962	0.49087	0.04358	0.17201	0.01906	0.00884	0.00557	0.00174	0.00401	0.00751	0.11858	0.00764
8	0.84691	0.01054	0.00801	0.00717	0.01054	0.01223	0.00590	0.01603	0.00928	0.02446	0.00759	0.00886	0.00590	0.00506	0.00337	0.00169	0.00422	0.00295	0.00337	0.00590
9	0.00959	0.00837	0.00974	0.05151	0.06709	0.05861	0.00717	0.04065	0.03994	0.01872	0.34086	0.06381	0.20013	0.01137	0.02937	0.00196	0.02169	0.00884	0.00490	0.00567
10	0.00760	0.00557	0.00713	0.00674	0.00808	0.00510	0.00506	0.01007	0.01517	0.02124	0.70863	0.04175	0.11472	0.01138	0.00643	0.00173	0.00259	0.01000	0.00592	0.00510
11	0.01192	0.02290	0.49356	0.01503	0.02060	0.06439	0.04442	0.03807	0.01156	0.01655	0.01022	0.04697	0.00838	0.00662	0.00781	0.00186	0.16440	0.00477	0.00258	0.00738
12	0.01120	0.01061	0.01798	0.58037	0.24543	0.01235	0.01559	0.01472	0.01133	0.01502	0.00985	0.01424	0.00765	0.00528	0.00544	0.00176	0.00704	0.00485	0.00250	0.00678
13	0.00772	0.00557	0.00729	0.00686	0.00814	0.00514	0.00514	0.01029	0.01543	0.02186	0.77152	0.04072	0.05144	0.01115	0.00643	0.00171	0.00257	0.00986	0.00600	0.00514
14	0.01994	0.08367	0.01641	0.01370	0.01664	0.73035	0.01045	0.02137	0.01513	0.01330	0.00836	0.00975	0.00702	0.00555	0.00481	0.00139	0.00954	0.00347	0.00277	0.00637
15	0.01343	0.01303	0.02418	0.10020	0.45848	0.01293	0.23272	0.01706	0.01253	0.04605	0.01085	0.01414	0.00859	0.00491	0.00571	0.00170	0.00728	0.00534	0.00284	0.00804
16	0.00669	0.00478	0.00637	0.00756	0.00792	0.00446	0.00506	0.00772	0.01068	0.01430	0.06585	0.76795	0.03680	0.01679	0.00693	0.00219	0.00313	0.01523	0.00511	0.00446
17	0.00796	0.00579	0.00667	0.00648	0.00824	0.00507	0.00499	0.00982	0.01351	0.05758	0.26759	0.04778	0.46003	0.01272	0.00647	0.00184	0.00297	0.06401	0.00543	0.00504
18	0.01818	0.01470	0.01531	0.06976	0.01775	0.06658	0.01030	0.47514	0.20478	0.02864	0.01476	0.01476	0.01078	0.00661	0.00544	0.00169	0.00593	0.00512	0.00508	0.00868
19	0.00772	0.00557	0.00729	0.00686	0.00814	0.00514	0.00514	0.01029	0.01543	0.02186	0.77152	0.04072	0.05144	0.01115	0.00643	0.00171	0.00257	0.00986	0.00600	0.00514
20	0.01019	0.01094	0.07720	0.49440	0.02840	0.01159	0.01326	0.01430	0.06081	0.01502	0.03558	0.01963	0.09996	0.00707	0.00670	0.00186	0.07809	0.00578	0.00302	0.00619
21	0.07360	0.00994	0.01131	0.00825	0.01294	0.00803	0.00663	0.04227	0.01188	0.05274	0.01019	0.01151	0.00820	0.00433	0.00411	0.00094	0.00415	0.00337	0.00348	0.71213
22	0.00890	0.00638	0.00796	0.00788	0.00925	0.00618	0.00574	0.05951	0.04208	0.03902	0.21606	0.36950	0.07483	0.02720	0.05415	0.00238	0.00403	0.01125	0.00515	0.04253

[dist]
# distance from previous block
# <min> <max>
2	7

[block]
# block no. 3 follows, 44 sequences, length 28
# corresponding to MSA columns:
# 194-221
name=unknown_D
#
# <colnr> <probs for GDERKNQSTAVLIFYWHMCP>
#	G	D	E	R	K	N	Q	S	T	A	V	L	I	F	Y	W	H	M	C	P
0	0.00963	0.00830	0.01260	0.45108	0.02510	0.00958	0.01098	0.05518	0.01231	0.01608	0.10344	0.16783	0.07823	0.00899	0.00592	0.00187	0.00554	0.00793	0.00370	0.00572
1	0.00779	0.00584	0.00876	0.00876	0.00974	0.00681	0.00681	0.00974	0.00876	0.01266	0.01460	0.02142	0.01363	0.04089	0.78680	0.00876	0.01460	0.00584	0.00292	0.00487
2	0.01070	0.04427	0.01189	0.01113	0.07719	0.04858	0.03824	0.04130	0.17960	0.01815	0.12126	0.03128	0.26456	0.01185	0.06366	0.00226	0.00515	0.00791	0.00461	0.00639
3	0.71806	0.01034	0.00874	0.00757	0.01107	0.01157	0.00623	0.01768	0.01027	0.14254	0.00977	0.01038	0.00709	0.00533	0.00370	0.00169	0.00428	0.00335	0.00390	0.00643
4	0.01436	0.04915	0.34173	0.01731	0.07783	0.08071	0.15356	0.16360	0.01494	0.02023	0.01051	0.01232	0.00777	0.00534	0.00540	0.00167	0.00782	0.00463	0.00308	0.00802
5	0.00824	0.00622	0.00769	0.00721	0.00873	0.00600	0.00544	0.01209	0.09494	0.02143	0.63876	0.03942	0.10107	0.01094	0.00634	0.00174	0.00277	0.00959	0.00588	0.00547
6	0.84691	0.01054	0.00801	0.00717	0.01054	0.01223	0.00590	0.01603	0.00928	0.02446	0.00759	0.00886	0.00590	0.00506	0.00337	0.00169	0.00422	0.00295	0.00337	0.00590
7	0.01458	0.81168	0.02857	0.00933	0.01399	0.02157	0.00933	0.01632	0.01108	0.01283	0.00758	0.00875	0.00700	0.00466	0.00350	0.00117	0.00583	0.00292	0.00233	0.00700
8	0.00673	0.00506	0.00624	0.00694	0.00779	0.00457	0.00483	0.00801	0.01162	0.01518	0.13397	0.50324	0.23517	0.01543	0.00675	0.00205	0.00298	0.01369	0.00518	0.00457
9	0.00746	0.00556	0.00693	0.00659	0.00799	0.00503	0.00494	0.00979	0.01482	0.02042	0.62625	0.04311	0.19761	0.01169	0.00643	0.00174	0.00261	0.01019	0.00581	0.00503
10	0.00758	0.00557	0.00710	0.00672	0.00806	0.00509	0.00504	0.01003	0.01512	0.02111	0.69598	0.04196	0.12745	0.01143	0.00643	0.00173	0.00259	0.01003	0.00590	0.00509
11	0.84691	0.01054	0.00801	0.00717	0.01054	0.01223	0.00590	0.01603	0.00928	0.02446	0.00759	0.00886	0.00590	0.00506	0.00337	0.00169	0.00422	0.00295	0.00337	0.00590
12	0.01043	0.01052	0.04220	0.73612	0.03670	0.01220	0.04737	0.01419	0.01101	0.01419	0.00975	0.01444	0.00730	0.00540	0.00548	0.00181	0.00738	0.00489	0.00243	0.00618
13	0.00708	0.00555	0.00641	0.00619	0.00776	0.00487	0.00465	0.00906	0.01394	0.01832	0.41544	0.04656	0.40973	0.01247	0.00644	0.00178	0.00267	0.01068	0.00553	0.00487
14	0.01286	0.01005	0.01166	0.01111	0.05678	0.01084	0.00809	0.16206	0.28200	0.03951	0.20182	0.10351	0.04803	0.00914	0.00590	0.00180	0.00419	0.00782	0.00543	0.00738
15	0.10001	0.11654	0.31497	0.01254	0.01827	0.01461	0.01341	0.24236	0.01586	0.08536	0.01126	0.01196	0.00808	0.00565	0.00490	0.00162	0.00649	0.00417	0.00374	0.00818
16	0.00758	0.00551	0.00714	0.00686	0.00809	0.00507	0.00510	0.00999	0.01494	0.02098	0.68713	0.09775	0.08001	0.01169	0.00647	0.00176	0.00262	0.01034	0.00589	0.00507
17	0.30886	0.01253	0.01524	0.01193	0.01598	0.05730	0.14607	0.10937	0.04538	0.20730	0.01294	0.01335	0.00911	0.00570	0.00489	0.00170	0.00579	0.00462	0.00439	0.00754
18	0.07953	0.01453	0.01428	0.01175	0.02683	0.14234	0.00933	0.29691	0.01807	0.17247	0.04252	0.01419	0.01090	0.00649	0.00594	0.00160	0.05623	0.00471	0.00474	0.06662
19	0.01493	0.01404	0.01957	0.10745	0.40900	0.07757	0.04511	0.14337	0.07838	0.02024	0.01157	0.01386	0.00913	0.00547	0.00543	0.00165	0.00669	0.00493	0.00339	0.00822
20	0.01239	0.01081	0.01714	0.59521	0.07677	0.01277	0.04019	0.11656	0.01321	0.03762	0.01055	0.01439	0.00783	0.00557	0.00548	0.00178	0.00704	0.00493	0.00298	0.00678
21	0.00947	0.00473	0.00710	0.00710	0.00710	0.00473	0.00473	0.00710	0.00710	0.00947	0.00947	0.01657	0.00947	0.01894	0.02131	0.84138	0.00473	0.00473	0.00237	0.00237
22	0.01343	0.07161	0.02062	0.06362	0.48110	0.01353	0.04976	0.04602	0.12139	0.01845	0.01258	0.04160	0.01056	0.00571	0.00539	0.00166	0.00615	0.00535	0.00326	0.00820
23	0.00763	0.00551	0.00721	0.00692	0.00813	0.00509	0.00514	0.01008	0.01504	0.02124	0.71328	0.10074	0.05023	0.01161	0.00647	0.00175	0.00262	0.01030	0.00593	0.00509
24	0.01493	0.38908	0.17001	0.04380	0.01695	0.01674	0.01153	0.12227	0.01360	0.07999	0.01226	0.01309	0.04389	0.00578	0.00483	0.00147	0.02480	0.00416	0.00327	0.00754
25	0.00699	0.00537	0.00640	0.00650	0.00779	0.00478	0.00474	0.00875	0.01318	0.01737	0.33267	0.21261	0.32624	0.01347	0.00655	0.00187	0.00277	0.01173	0.00543	0.00478
26	0.31388	0.07401	0.01258	0.02732	0.01348	0.23784	0.00809	0.05256	0.03658	0.04048	0.01165	0.01281	0.03966	0.00602	0.00483	0.00158	0.03699	0.00399	0.05933	0.00634
27	0.42004	0.04553	0.04145	0.00915	0.01294	0.04915	0.00782	0.17463	0.01389	0.07957	0.01060	0.01140	0.00789	0.00555	0.00417	0.00158	0.00500	0.00376	0.05399	0.04188

[dist]
# distance from previous block
# <min> <max>
0	11

[block]
# block no. 4 follows, 44 sequences, length 47
# corresponding to MSA columns:
# 233-279
name=unknown_E
#
# <colnr> <probs for GDERKNQSTAVLIFYWHMCP>
#	G	D	E	R	K	N	Q	S	T	A	V	L	I	F	Y	W	H	M	C	P
0	0.01285	0.01241	0.05412	0.11622	0.02113	0.04892	0.25177	0.03550	0.07073	0.06527	0.01470	0.02109	0.01236	0.05093	0.00770	0.00204	0.04814	0.07921	0.06818	0.00673
1	0.01231	0.01293	0.02533	0.22266	0.19469	0.01328	0.37489	0.01623	0.01210	0.01647	0.01037	0.01429	0.00805	0.00506	0.00638	0.00180	0.03763	0.00562	0.00264	0.00725
2	0.01310	0.40299	0.09235	0.07423	0.04646	0.08026	0.01047	0.04023	0.01190	0.01450	0.01239	0.15400	0.01242	0.00717	0.00470	0.00151	0.00604	0.00565	0.00299	0.00664
3	0.14866	0.00947	0.01195	0.00932	0.01341	0.00865	0.00769	0.02498	0.01465	0.66435	0.01941	0.01709	0.01235	0.00649	0.00516	0.00169	0.00458	0.00510	0.00624	0.00877
4	0.05373	0.01246	0.01483	0.01199	0.01529	0.07828	0.11386	0.20443	0.14402	0.04796	0.20722	0.02197	0.03471	0.00757	0.00573	0.00171	0.00544	0.00652	0.00494	0.00735
5	0.00664	0.00474	0.00633	0.00759	0.00791	0.00443	0.00506	0.00759	0.01044	0.01392	0.03005	0.80485	0.03606	0.01708	0.00696	0.00221	0.00316	0.01550	0.00506	0.00443
6	0.01215	0.00855	0.01172	0.01083	0.04137	0.00775	0.04439	0.05494	0.01307	0.10926	0.02043	0.12035	0.02018	0.00991	0.00602	0.00180	0.00481	0.26304	0.00457	0.23486
7	0.00662	0.00482	0.00625	0.00739	0.00786	0.00444	0.00497	0.00761	0.01063	0.01399	0.03244	0.73326	0.10610	0.01677	0.00691	0.00218	0.00312	0.01512	0.00506	0.00444
8	0.05990	0.01509	0.01529	0.01214	0.01618	0.05859	0.00989	0.56879	0.13691	0.03096	0.01395	0.01381	0.01011	0.00655	0.00534	0.00166	0.00587	0.00493	0.00522	0.00885
9	0.27534	0.01369	0.01371	0.01083	0.01488	0.01528	0.00894	0.51311	0.02039	0.04667	0.01157	0.01190	0.00832	0.00609	0.00481	0.00165	0.00542	0.00432	0.00484	0.00823
10	0.00761	0.00553	0.00719	0.00698	0.00822	0.00511	0.00524	0.00999	0.01476	0.02064	0.64595	0.10395	0.08451	0.01192	0.00652	0.00179	0.00273	0.04046	0.00584	0.00505
11	0.01590	0.01807	0.01425	0.01285	0.01492	0.38991	0.00992	0.02012	0.16515	0.01559	0.04365	0.05750	0.01243	0.00768	0.00800	0.00176	0.17698	0.00524	0.00353	0.00656
12	0.00682	0.00487	0.00652	0.00779	0.00818	0.00458	0.00536	0.00789	0.01061	0.01411	0.02995	0.74473	0.03568	0.01692	0.00700	0.00224	0.00331	0.07390	0.00506	0.00448
13	0.07930	0.01051	0.01123	0.00828	0.01291	0.04380	0.00660	0.01429	0.01133	0.01810	0.00946	0.01104	0.00785	0.00419	0.00402	0.00091	0.00432	0.00322	0.00322	0.73540
14	0.53787	0.17623	0.07535	0.00879	0.01285	0.03487	0.00815	0.06088	0.01097	0.02181	0.00812	0.00933	0.00644	0.00509	0.00371	0.00157	0.00511	0.00316	0.00318	0.00651
15	0.74671	0.10699	0.01049	0.00743	0.01096	0.01335	0.00632	0.01606	0.00949	0.02306	0.00759	0.00884	0.00604	0.00501	0.00339	0.00162	0.00441	0.00295	0.00325	0.00604
16	0.01658	0.09356	0.09373	0.01028	0.01420	0.01026	0.03423	0.05436	0.07561	0.31768	0.19779	0.02188	0.02111	0.00739	0.00551	0.00166	0.00481	0.00618	0.00536	0.00781
17	0.01251	0.01407	0.03006	0.02175	0.02671	0.01349	0.67711	0.01674	0.01250	0.01705	0.01174	0.05308	0.00957	0.00548	0.00709	0.00189	0.05240	0.00678	0.00285	0.00713
18	0.01030	0.00969	0.01635	0.79530	0.03755	0.01211	0.01514	0.01393	0.01090	0.01393	0.00969	0.01453	0.00727	0.00545	0.00545	0.00182	0.00727	0.00484	0.00242	0.00606
19	0.00887	0.00764	0.01162	0.37654	0.03600	0.00853	0.01024	0.01165	0.01217	0.01589	0.16730	0.08529	0.13487	0.00957	0.00610	0.00189	0.00516	0.08120	0.00396	0.00549
20	0.01017	0.00941	0.01574	0.73180	0.03543	0.01164	0.01463	0.01372	0.01103	0.01412	0.01124	0.01833	0.00922	0.00623	0.00562	0.00187	0.00709	0.06411	0.00263	0.00597
21	0.01452	0.01372	0.01277	0.01151	0.01455	0.12254	0.00890	0.02795	0.65893	0.02147	0.02025	0.01886	0.01529	0.00715	0.00546	0.00179	0.00509	0.00579	0.00516	0.00830
22	0.01326	0.01050	0.05629	0.05241	0.11671	0.01011	0.05453	0.07342	0.04822	0.14408	0.01703	0.05716	0.04775	0.01657	0.22116	0.00371	0.03992	0.00617	0.00396	0.00702
23	0.01312	0.02285	0.52844	0.01562	0.02253	0.01227	0.12533	0.01915	0.05375	0.11675	0.01218	0.01338	0.00850	0.00542	0.00542	0.00174	0.00757	0.00469	0.00313	0.00814
24	0.01458	0.81168	0.02857	0.00933	0.01399	0.02157	0.00933	0.01632	0.01108	0.01283	0.00758	0.00875	0.00700	0.00466	0.00350	0.00117	0.00583	0.00292	0.00233	0.00700
25	0.01502	0.01318	0.02268	0.01680	0.02133	0.01306	0.38625	0.18675	0.07432	0.08294	0.05562	0.01853	0.05394	0.00628	0.00607	0.00177	0.00702	0.00645	0.00421	0.00778
26	0.00720	0.00544	0.00771	0.10756	0.01182	0.00549	0.00651	0.00857	0.01059	0.01403	0.02741	0.67019	0.03219	0.01551	0.00679	0.00218	0.00377	0.04764	0.00472	0.00466
27	0.08336	0.09382	0.08023	0.01624	0.02118	0.07941	0.33717	0.05536	0.01362	0.14920	0.01200	0.01358	0.00870	0.00524	0.00546	0.00168	0.00749	0.00514	0.00356	0.00759
28	0.00879	0.00628	0.00879	0.01004	0.01130	0.00628	0.00879	0.01130	0.01255	0.01632	0.02887	0.06150	0.03138	0.01506	0.00753	0.00251	0.00502	0.73770	0.00502	0.00502
29	0.01079	0.00996	0.01635	0.75782	0.03656	0.01234	0.01491	0.04947	0.01161	0.01491	0.00985	0.01447	0.00736	0.00550	0.00545	0.00181	0.00721	0.00485	0.00257	0.00621
30	0.03440	0.07090	0.05805	0.01439	0.07821	0.03854	0.08561	0.28503	0.09600	0.11796	0.01473	0.05653	0.01142	0.00662	0.00543	0.00168	0.00604	0.00555	0.00459	0.00831
31	0.00784	0.00589	0.00756	0.00781	0.00802	0.00635	0.00530	0.00855	0.00934	0.01277	0.04517	0.37010	0.02619	0.31396	0.04098	0.00358	0.10147	0.01086	0.00403	0.00423
32	0.00757	0.00514	0.00605	0.00640	0.00649	0.00505	0.00379	0.00784	0.00862	0.01149	0.02073	0.24806	0.02430	0.58991	0.02201	0.00444	0.00470	0.01002	0.00379	0.00361
33	0.01273	0.05230	0.09443	0.01798	0.18539	0.04803	0.18098	0.01615	0.01359	0.07744	0.22160	0.02109	0.02044	0.00674	0.00579	0.00168	0.00616	0.00641	0.00389	0.00718
34	0.01056	0.02601	0.70519	0.01463	0.02206	0.01191	0.01864	0.01647	0.01175	0.01737	0.04929	0.01490	0.04573	0.00589	0.00530	0.00173	0.00753	0.00467	0.00262	0.00775
35	0.57870	0.01438	0.01034	0.00922	0.01235	0.19798	0.00735	0.04367	0.01134	0.02170	0.00812	0.00951	0.00645	0.00542	0.00432	0.00164	0.03256	0.00325	0.01559	0.00611
36	0.01455	0.70591	0.09246	0.01009	0.01496	0.05829	0.01032	0.01667	0.01133	0.01323	0.00781	0.00904	0.00699	0.00476	0.00371	0.00123	0.00622	0.00304	0.00235	0.00705
37	0.00693	0.00487	0.00651	0.00746	0.00791	0.00455	0.00506	0.00800	0.01109	0.01499	0.14620	0.65171	0.03739	0.01622	0.00747	0.03679	0.00313	0.01416	0.00510	0.00446
38	0.00712	0.00551	0.00649	0.00633	0.00780	0.00488	0.00471	0.00910	0.01389	0.01842	0.42841	0.08588	0.35665	0.01259	0.00646	0.00179	0.00268	0.01085	0.00555	0.00488
39	0.04806	0.01203	0.01272	0.01025	0.01362	0.01322	0.00831	0.46561	0.08112	0.02927	0.04508	0.01632	0.01253	0.00670	0.00504	0.00157	0.00485	0.00518	0.20058	0.00795
40	0.13172	0.00934	0.01151	0.00907	0.01291	0.00872	0.00746	0.05883	0.01486	0.57270	0.01892	0.01718	0.01233	0.00648	0.00505	0.00165	0.00445	0.00508	0.08328	0.00844
41	0.01123	0.09156	0.71938	0.01504	0.02282	0.01338	0.01927	0.01719	0.01148	0.01691	0.00961	0.01129	0.00691	0.00514	0.00504	0.00168	0.00788	0.00394	0.00230	0.00797
42	0.00739	0.00556	0.00684	0.00652	0.00795	0.00501	0.00489	0.00966	0.01467	0.02005	0.58948	0.04371	0.23461	0.01182	0.00643	0.00175	0.00262	0.01028	0.00576	0.00501
43	0.01297	0.01389	0.02673	0.01985	0.02365	0.01482	0.49410	0.05218	0.01213	0.01698	0.00996	0.01379	0.00798	0.00618	0.00984	0.00199	0.24729	0.00586	0.00278	0.00703
44	0.01543	0.01867	0.23531	0.01787	0.13089	0.09776	0.13593	0.09008	0.07503	0.11062	0.01264	0.01385	0.00920	0.00558	0.00548	0.00169	0.00730	0.00492	0.00359	0.00814
45	0.00797	0.00680	0.04296	0.00722	0.00877	0.00575	0.00571	0.01066	0.03779	0.01929	0.51609	0.03992	0.12138	0.11450	0.00914	0.00222	0.00332	0.03008	0.00534	0.00509
46	0.01295	0.05745	0.01827	0.27390	0.02411	0.14794	0.14192	0.03558	0.04689	0.01495	0.01095	0.01554	0.00919	0.07231	0.04608	0.00236	0.05528	0.00514	0.00286	0.00630

[dist]
# distance from previous block
# <min> <max>
2	4

[block]
# block no. 5 follows, 44 sequences, length 39
# corresponding to MSA columns:
# 284-322
name=unknown_F
#
# <colnr> <probs for GDERKNQSTAVLIFYWHMCP>
#	G	D	E	R	K	N	Q	S	T	A	V	L	I	F	Y	W	H	M	C	P
0	0.84691	0.01054	0.00801	0.00717	0.01054	0.01223	0.00590	0.01603	0.00928	0.02446	0.00759	0.00886	0.00590	0.00506	0.00337	0.00169	0.00422	0.00295	0.00337	0.00590
1	0.15551	0.01436	0.01553	0.01248	0.01636	0.07441	0.08621	0.31803	0.20562	0.02645	0.01388	0.01411	0.01028	0.00624	0.00519	0.00170	0.00591	0.00495	0.00465	0.00812
2	0.00814	0.00578	0.00730	0.00793	0.00904	0.00550	0.00592	0.01043	0.05412	0.04348	0.09565	0.41100	0.15089	0.01477	0.00681	0.00213	0.00351	0.14735	0.00522	0.00504
3	0.01508	0.01169	0.01374	0.01145	0.01402	0.07120	0.05625	0.25401	0.01628	0.08109	0.07548	0.08915	0.04405	0.00992	0.00880	0.09230	0.08757	0.03668	0.00450	0.00674
4	0.00682	0.00497	0.00648	0.00761	0.00817	0.00462	0.00532	0.00797	0.01085	0.01423	0.03258	0.65531	0.11283	0.01654	0.00696	0.00220	0.00330	0.08368	0.00506	0.00450
5	0.01193	0.01193	0.01670	0.01431	0.01431	0.01670	0.01193	0.01312	0.00835	0.01312	0.00716	0.01193	0.00716	0.00954	0.01789	0.00239	0.79843	0.00477	0.00239	0.00596
6	0.01554	0.01090	0.01219	0.01075	0.01396	0.01200	0.00851	0.02746	0.56662	0.17866	0.02243	0.02233	0.01683	0.00770	0.00565	0.00185	0.00442	0.04788	0.00577	0.00856
7	0.01048	0.00988	0.01668	0.75171	0.07971	0.01216	0.01523	0.01409	0.01099	0.01415	0.00972	0.01448	0.00735	0.00542	0.00545	0.00181	0.00722	0.00485	0.00244	0.00620
8	0.02072	0.01527	0.01636	0.01254	0.01691	0.01691	0.01036	0.75622	0.02563	0.03436	0.01309	0.01309	0.00927	0.00654	0.00545	0.00164	0.00600	0.00491	0.00545	0.00927
9	0.01177	0.00978	0.01007	0.00976	0.01128	0.11765	0.00736	0.06987	0.01292	0.07206	0.04765	0.39518	0.02512	0.01246	0.00720	0.00199	0.06541	0.07172	0.00465	0.03609
10	0.01095	0.01048	0.01807	0.63093	0.16061	0.01233	0.05054	0.01457	0.01125	0.01475	0.00985	0.01437	0.00754	0.00531	0.00549	0.00178	0.00723	0.00492	0.00248	0.00655
11	0.00779	0.00582	0.00865	0.00865	0.00958	0.00675	0.00667	0.00966	0.00873	0.01257	0.01471	0.02201	0.01389	0.07262	0.75542	0.00862	0.01422	0.00593	0.00294	0.00480
12	0.78320	0.01063	0.00834	0.00747	0.01082	0.01233	0.00611	0.01702	0.06702	0.02433	0.00871	0.00973	0.00673	0.00524	0.00354	0.00170	0.00422	0.00320	0.00354	0.00611
13	0.01230	0.01157	0.01952	0.09430	0.60913	0.01174	0.01503	0.01527	0.01202	0.01696	0.01287	0.11998	0.01221	0.00655	0.00561	0.00172	0.00610	0.00629	0.00299	0.00785
14	0.00669	0.00478	0.00637	0.00756	0.00792	0.00446	0.00506	0.00770	0.01064	0.01424	0.06060	0.77336	0.03669	0.01684	0.00694	0.00219	0.00314	0.01527	0.00510	0.00446
15	0.01241	0.03809	0.52414	0.05127	0.02276	0.01285	0.08098	0.07686	0.04026	0.04756	0.01162	0.03644	0.00871	0.00574	0.00537	0.00174	0.00750	0.00480	0.00297	0.00794
16	0.01968	0.02489	0.01509	0.01376	0.01647	0.74417	0.01033	0.02112	0.01509	0.01331	0.00876	0.01046	0.00738	0.00753	0.04738	0.00180	0.01009	0.00364	0.00282	0.00624
17	0.84691	0.01054	0.00801	0.00717	0.01054	0.01223	0.00590	0.01603	0.00928	0.02446	0.00759	0.00886	0.00590	0.00506	0.00337	0.00169	0.00422	0.00295	0.00337	0.00590
18	0.01061	0.00965	0.01678	0.01322	0.01615	0.00952	0.28430	0.01491	0.08808	0.01835	0.11717	0.10393	0.07697	0.00822	0.00636	0.00178	0.03565	0.00787	0.15425	0.00622
19	0.00806	0.00552	0.00715	0.00765	0.00818	0.00547	0.00523	0.00902	0.01047	0.05006	0.06937	0.51715	0.05639	0.15770	0.01116	0.00271	0.04675	0.01262	0.00473	0.00459
20	0.00839	0.00634	0.00769	0.00731	0.00885	0.00618	0.00552	0.01245	0.11330	0.02077	0.53440	0.06989	0.12262	0.01112	0.00629	0.00177	0.00288	0.02140	0.02735	0.00551
21	0.01450	0.01018	0.01310	0.08622	0.04233	0.01103	0.03981	0.09851	0.23026	0.14025	0.11249	0.02049	0.01755	0.00726	0.00598	0.00173	0.03752	0.00605	0.09718	0.00756
22	0.00756	0.00551	0.00711	0.00684	0.00808	0.00506	0.00508	0.00994	0.01488	0.02085	0.67401	0.10040	0.09074	0.01175	0.00647	0.00176	0.00263	0.01039	0.00588	0.00506
23	0.01392	0.01126	0.01463	0.05626	0.01667	0.05318	0.09829	0.02814	0.01253	0.12257	0.01147	0.01285	0.00876	0.00469	0.00468	0.00116	0.00530	0.00407	0.00362	0.51595
24	0.01496	0.01070	0.01412	0.05434	0.01622	0.00939	0.06720	0.10805	0.01397	0.15969	0.01239	0.01331	0.00919	0.00497	0.00475	0.00121	0.00498	0.00420	0.00407	0.47230
25	0.09404	0.00999	0.01164	0.00997	0.03806	0.01031	0.00767	0.18097	0.01512	0.15658	0.08318	0.01796	0.01438	0.04478	0.00692	0.00173	0.06267	0.00523	0.12003	0.10876
26	0.00713	0.00522	0.00745	0.00816	0.00877	0.00490	0.03966	0.00833	0.01061	0.01444	0.02848	0.72422	0.03353	0.01590	0.00676	0.00214	0.00341	0.01449	0.05179	0.00460
27	0.00741	0.00562	0.00686	0.00671	0.00816	0.00507	0.00514	0.00960	0.01424	0.01915	0.48326	0.04617	0.27675	0.01231	0.00653	0.00182	0.00284	0.07179	0.00562	0.00496
28	0.04437	0.01168	0.01895	0.15961	0.42551	0.01171	0.04911	0.01661	0.01216	0.07539	0.01088	0.01366	0.00858	0.00499	0.00521	0.00157	0.00620	0.00470	0.00306	0.11606
29	0.01059	0.00999	0.01689	0.72477	0.10576	0.01219	0.01529	0.01419	0.01104	0.01429	0.00974	0.01444	0.00739	0.00540	0.00545	0.00180	0.00719	0.00485	0.00245	0.00629
30	0.00947	0.00738	0.01035	0.20007	0.01679	0.00800	0.00888	0.08720	0.01266	0.01668	0.03503	0.35566	0.02552	0.01263	0.00655	0.00211	0.00485	0.17024	0.00447	0.00546
31	0.01405	0.01257	0.02059	0.02956	0.65121	0.01236	0.01526	0.03918	0.01287	0.05443	0.01083	0.01354	0.00884	0.00493	0.00529	0.00155	0.00617	0.00475	0.00302	0.07902
32	0.01626	0.01658	0.02322	0.01767	0.02173	0.17506	0.34891	0.14862	0.01527	0.05523	0.01091	0.01327	0.00831	0.00582	0.00720	0.00177	0.09804	0.00532	0.00339	0.00741
33	0.01193	0.01193	0.01670	0.01431	0.01431	0.01670	0.01193	0.01312	0.00835	0.01312	0.00716	0.01193	0.00716	0.00954	0.01789	0.00239	0.79843	0.00477	0.00239	0.00596
34	0.00932	0.00772	0.00791	0.00810	0.00893	0.08614	0.00588	0.01049	0.01073	0.01354	0.07662	0.06057	0.05036	0.36933	0.05847	0.00388	0.00584	0.19780	0.00399	0.00436
35	0.00886	0.00584	0.00747	0.00724	0.00849	0.00557	0.00530	0.01130	0.03885	0.06583	0.42409	0.16962	0.05526	0.07484	0.05035	0.00245	0.00373	0.00992	0.03978	0.00522
36	0.01435	0.04668	0.06055	0.04314	0.01793	0.04191	0.12318	0.16694	0.31609	0.02217	0.01701	0.07706	0.01375	0.00717	0.00564	0.00178	0.00589	0.00628	0.00453	0.00795
37	0.00754	0.04900	0.00800	0.00780	0.00870	0.00576	0.00561	0.00874	0.01057	0.01406	0.02753	0.58091	0.05631	0.04905	0.03728	0.00248	0.00400	0.06865	0.00467	0.04332
38	0.01246	0.13399	0.04381	0.01079	0.08368	0.01000	0.00817	0.02472	0.01179	0.07712	0.01499	0.04316	0.06837	0.04938	0.00583	0.00143	0.00471	0.00487	0.00352	0.38722

[dist]
# distance from previous block
# <min> <max>
0	23

[block]
# block no. 6 follows, 44 sequences, length 24
# corresponding to MSA columns:
# 346-369
name=unknown_G
#
# <colnr> <probs for GDERKNQSTAVLIFYWHMCP>
#	G	D	E	R	K	N	Q	S	T	A	V	L	I	F	Y	W	H	M	C	P
0	0.47385	0.13504	0.01464	0.01046	0.04231	0.04938	0.07338	0.01689	0.04410	0.02070	0.00884	0.01028	0.00708	0.00500	0.00396	0.00154	0.00524	0.00352	0.00319	0.07059
1	0.00727	0.00554	0.00659	0.00633	0.00775	0.00496	0.00469	0.00928	0.01396	0.01871	0.47519	0.04465	0.30723	0.05484	0.00758	0.00195	0.00279	0.01034	0.00552	0.00485
2	0.05802	0.59974	0.12311	0.01080	0.01582	0.01925	0.05046	0.01691	0.03635	0.01459	0.00854	0.00981	0.00732	0.00484	0.00393	0.00132	0.00616	0.00336	0.00251	0.00715
3	0.00968	0.00590	0.00764	0.00713	0.00868	0.00538	0.00537	0.01197	0.01458	0.11092	0.53305	0.12036	0.07207	0.01112	0.00624	0.00175	0.00289	0.00976	0.05001	0.00553
4	0.00788	0.00553	0.00645	0.00658	0.00803	0.00493	0.00482	0.00938	0.01212	0.05897	0.10843	0.24714	0.39366	0.01503	0.04512	0.00224	0.00354	0.01150	0.04376	0.00491
5	0.00741	0.00491	0.00655	0.00724	0.00760	0.00467	0.00484	0.00791	0.01030	0.01391	0.12732	0.48545	0.03196	0.09829	0.01148	0.14590	0.00357	0.01210	0.00455	0.00406
6	0.84691	0.01054	0.00801	0.00717	0.01054	0.01223	0.00590	0.01603	0.00928	0.02446	0.00759	0.00886	0.00590	0.00506	0.00337	0.00169	0.00422	0.00295	0.00337	0.00590
7	0.01148	0.00948	0.00924	0.00883	0.01057	0.09380	0.00678	0.01691	0.20143	0.01909	0.10783	0.10263	0.02144	0.00896	0.00592	0.00172	0.04091	0.06057	0.25633	0.00609
8	0.02037	0.02598	0.01545	0.01404	0.01685	0.78652	0.01053	0.02177	0.01545	0.01334	0.00843	0.00983	0.00702	0.00562	0.00492	0.00140	0.00983	0.00351	0.00281	0.00632
9	0.84691	0.01054	0.00801	0.00717	0.01054	0.01223	0.00590	0.01603	0.00928	0.02446	0.00759	0.00886	0.00590	0.00506	0.00337	0.00169	0.00422	0.00295	0.00337	0.00590
10	0.05219	0.00997	0.01161	0.09994	0.04822	0.12363	0.03424	0.01262	0.01075	0.01435	0.08278	0.01927	0.01434	0.03744	0.30837	0.09684	0.00959	0.00551	0.00309	0.00524
11	0.00686	0.00538	0.00589	0.00603	0.00752	0.00468	0.00442	0.00841	0.01250	0.01596	0.15649	0.17053	0.50524	0.01354	0.00639	0.00185	0.00279	0.01156	0.04925	0.00468
12	0.00947	0.00473	0.00710	0.00710	0.00710	0.00473	0.00473	0.00710	0.00710	0.00947	0.00947	0.01657	0.00947	0.01894	0.02131	0.84138	0.00473	0.00473	0.00237	0.00237
13	0.00709	0.00545	0.00651	0.00664	0.00797	0.00487	0.00493	0.00891	0.01323	0.01739	0.32271	0.18085	0.32793	0.01343	0.00659	0.00189	0.00288	0.05051	0.00542	0.00480
14	0.01555	0.01339	0.02175	0.01644	0.02087	0.01365	0.33294	0.19699	0.16472	0.07998	0.01547	0.01821	0.01179	0.00633	0.00601	0.00182	0.00690	0.04474	0.00438	0.00809
15	0.01088	0.01169	0.08729	0.68347	0.03521	0.01240	0.01536	0.05161	0.01170	0.01527	0.00987	0.01418	0.00733	0.00548	0.00543	0.00180	0.00728	0.00477	0.00256	0.00640
16	0.01875	0.01238	0.01543	0.08270	0.07755	0.01345	0.01060	0.30388	0.10018	0.22343	0.01531	0.01539	0.01080	0.00669	0.00642	0.00174	0.06642	0.00518	0.00508	0.00861
17	0.00922	0.00678	0.00809	0.00832	0.00980	0.03527	0.00659	0.01118	0.01278	0.05483	0.17328	0.15411	0.13615	0.05244	0.00776	0.00222	0.00411	0.26863	0.00508	0.03335
18	0.05248	0.08383	0.10477	0.01013	0.01478	0.03731	0.00923	0.11098	0.04274	0.15203	0.05264	0.01433	0.01142	0.00562	0.00474	0.00135	0.00516	0.00436	0.00416	0.27795
19	0.01588	0.18911	0.08669	0.01156	0.04000	0.01340	0.01009	0.10548	0.05675	0.19215	0.02863	0.07626	0.01318	0.00742	0.00636	0.00169	0.08163	0.02817	0.00429	0.03126
20	0.05360	0.13799	0.16265	0.01155	0.03609	0.01149	0.04466	0.06768	0.06038	0.03772	0.05072	0.20485	0.03220	0.00922	0.00559	0.00181	0.00536	0.05578	0.00398	0.00667
21	0.12581	0.02932	0.15092	0.01248	0.06660	0.06420	0.03609	0.10077	0.05250	0.05594	0.03802	0.01440	0.01024	0.00877	0.00865	0.18987	0.00594	0.00460	0.00344	0.02143
22	0.18935	0.10917	0.10897	0.05387	0.07962	0.03121	0.02984	0.05052	0.06816	0.10174	0.01457	0.05759	0.04551	0.00665	0.00528	0.00169	0.03015	0.00518	0.00374	0.00717
23	0.14250	0.13999	0.16074	0.01398	0.09253	0.07679	0.04472	0.09226	0.06670	0.05947	0.02553	0.01293	0.00936	0.00679	0.03196	0.00184	0.00663	0.00433	0.00344	0.00751

[dist]
# distance from previous block
# <min> <max>
1	40

[block]
# block no. 7 follows, 44 sequences, length 19
# corresponding to MSA columns:
# 410-428
name=unknown_H
#
# <colnr> <probs for GDERKNQSTAVLIFYWHMCP>
#	G	D	E	R	K	N	Q	S	T	A	V	L	I	F	Y	W	H	M	C	P
0	0.03673	0.04727	0.01492	0.17463	0.07013	0.01254	0.03679	0.18127	0.15814	0.02111	0.03504	0.10139	0.03830	0.00799	0.00566	0.00181	0.00551	0.03922	0.00430	0.00724
1	0.01782	0.00975	0.04624	0.00949	0.01295	0.00857	0.00798	0.08184	0.07630	0.40265	0.23747	0.02435	0.02409	0.00798	0.00575	0.00171	0.00428	0.00669	0.00613	0.00797
2	0.01422	0.21133	0.46402	0.01302	0.01958	0.01395	0.01540	0.01870	0.01214	0.15224	0.01135	0.01211	0.00811	0.00534	0.00483	0.00159	0.00692	0.00402	0.00310	0.00802
3	0.01265	0.03435	0.13432	0.04732	0.06252	0.00982	0.01011	0.01764	0.13696	0.14521	0.15481	0.12158	0.04171	0.00877	0.00624	0.00181	0.03495	0.00742	0.00471	0.00711
4	0.01008	0.00728	0.01102	0.00995	0.01147	0.00727	0.09613	0.01206	0.07269	0.06230	0.02316	0.25706	0.09910	0.01380	0.01061	0.20440	0.04062	0.04179	0.00416	0.00505
5	0.01299	0.08338	0.25753	0.04780	0.03852	0.03948	0.04182	0.06679	0.24123	0.01920	0.01461	0.01724	0.01157	0.00662	0.00582	0.00178	0.03455	0.04755	0.00370	0.00781
6	0.04261	0.01416	0.16730	0.20516	0.20555	0.01167	0.06209	0.01679	0.03147	0.09459	0.02232	0.06413	0.01080	0.00625	0.00572	0.00177	0.02139	0.00556	0.00326	0.00743
7	0.01015	0.04476	0.01518	0.21763	0.20017	0.00989	0.04670	0.01283	0.01185	0.01586	0.07794	0.17879	0.05046	0.00922	0.00601	0.00188	0.00553	0.07528	0.00366	0.00623
8	0.01172	0.01114	0.01892	0.45694	0.36481	0.01249	0.01585	0.01517	0.01157	0.01565	0.00994	0.01407	0.00788	0.00519	0.00543	0.00173	0.00692	0.00485	0.00255	0.00720
9	0.01278	0.01171	0.02013	0.18408	0.22223	0.03724	0.19755	0.01604	0.01256	0.07480	0.07061	0.07080	0.01370	0.00651	0.00612	0.00178	0.02447	0.00636	0.00338	0.00713
10	0.01102	0.02992	0.09497	0.21166	0.05489	0.01022	0.09462	0.02866	0.05070	0.05211	0.14811	0.08538	0.02044	0.00826	0.00597	0.00186	0.00585	0.07490	0.00395	0.00650
11	0.01228	0.01117	0.01559	0.01347	0.01376	0.01514	0.01111	0.01351	0.00898	0.06138	0.00995	0.07778	0.00994	0.00999	0.01621	0.00233	0.68280	0.00570	0.00288	0.00605
12	0.05649	0.01141	0.07607	0.01033	0.01481	0.00940	0.00912	0.07974	0.03796	0.60670	0.01936	0.01722	0.01242	0.00655	0.00537	0.00169	0.00500	0.00524	0.00611	0.00902
13	0.01668	0.04396	0.21756	0.01427	0.04735	0.07686	0.08455	0.09660	0.12726	0.19786	0.01468	0.01480	0.01036	0.00597	0.00539	0.00169	0.00661	0.00496	0.00425	0.00833
14	0.01268	0.01113	0.01366	0.11835	0.10690	0.01269	0.01031	0.02408	0.52082	0.02046	0.01964	0.05409	0.01570	0.00747	0.00563	0.00185	0.00493	0.02682	0.00476	0.00800
15	0.01158	0.01166	0.10749	0.04877	0.05871	0.00889	0.03575	0.04308	0.04404	0.05290	0.18909	0.01937	0.01871	0.00633	0.00515	0.00138	0.00478	0.00545	0.00401	0.32286
16	0.00893	0.00685	0.00812	0.00841	0.02668	0.00691	0.00620	0.01348	0.16042	0.01823	0.18545	0.15767	0.16283	0.04013	0.00701	0.00203	0.00353	0.10221	0.06929	0.00561
17	0.10888	0.22482	0.05027	0.01040	0.01430	0.01553	0.00915	0.28250	0.08483	0.02314	0.01450	0.09470	0.03074	0.00717	0.00488	0.00161	0.00532	0.00549	0.00421	0.00756
18	0.05305	0.07693	0.04036	0.06273	0.01422	0.00908	0.04172	0.01583	0.01324	0.18795	0.22742	0.07587	0.02309	0.00790	0.00566	0.00161	0.01932	0.00671	0.00473	0.11256

[dist]
# distance from previous block
# <min> <max>
0	1

[block]
# block no. 8 follows, 44 sequences, length 17
# corresponding to MSA columns:
# 430-446
name=unknown_I
#
# <colnr> <probs for GDERKNQSTAVLIFYWHMCP>
#	G	D	E	R	K	N	Q	S	T	A	V	L	I	F	Y	W	H	M	C	P
0	0.01256	0.33366	0.14894	0.00991	0.01391	0.01352	0.00986	0.03687	0.01237	0.07571	0.08956	0.13676	0.04346	0.00816	0.00505	0.00160	0.00527	0.03238	0.00373	0.00670
1	0.01037	0.04297	0.04287	0.58573	0.08001	0.01169	0.01390	0.01386	0.01161	0.01526	0.10687	0.01747	0.01297	0.00610	0.00548	0.00176	0.00659	0.00538	0.00289	0.00622
2	0.01171	0.04735	0.17418	0.17667	0.09968	0.01252	0.10589	0.01797	0.15864	0.01752	0.02611	0.04520	0.01177	0.00639	0.00574	0.00178	0.02129	0.02024	0.03203	0.00730
3	0.03288	0.09272	0.02917	0.17597	0.21286	0.05679	0.02587	0.03545	0.03199	0.17536	0.04186	0.01646	0.03705	0.00604	0.00526	0.00164	0.00607	0.00513	0.00380	0.00760
4	0.11408	0.00602	0.00627	0.00631	0.00797	0.00565	0.00469	0.00940	0.01216	0.01722	0.16613	0.17507	0.39925	0.01258	0.00606	0.00185	0.00298	0.01063	0.03084	0.00485
5	0.01805	0.04138	0.01145	0.00904	0.01216	0.00840	0.00729	0.04802	0.07480	0.42435	0.04727	0.12096	0.01821	0.00843	0.00552	0.00173	0.00424	0.03343	0.09751	0.00776
6	0.01121	0.00990	0.01652	0.66901	0.10900	0.01187	0.01475	0.01472	0.01126	0.04691	0.01043	0.01473	0.00781	0.00547	0.00541	0.00178	0.00697	0.00488	0.02095	0.00643
7	0.11589	0.00637	0.00751	0.00702	0.00872	0.00616	0.00534	0.01189	0.01403	0.07125	0.51462	0.09089	0.06870	0.01044	0.00592	0.00173	0.00297	0.00899	0.03612	0.00544
8	0.01156	0.00913	0.01386	0.29929	0.09812	0.01045	0.01125	0.06994	0.03031	0.06666	0.05057	0.01806	0.01232	0.01663	0.24094	0.00387	0.02175	0.00547	0.00337	0.00643
9	0.04780	0.02189	0.11524	0.05752	0.02022	0.44222	0.12807	0.02022	0.01408	0.06836	0.00996	0.01164	0.00763	0.00545	0.00520	0.00157	0.00880	0.00422	0.00301	0.00688
10	0.02042	0.00988	0.01449	0.01107	0.01504	0.00905	0.10296	0.08254	0.01573	0.50989	0.06983	0.01926	0.01508	0.00672	0.00553	0.00167	0.00503	0.00582	0.07157	0.00842
11	0.00710	0.00524	0.00623	0.00647	0.00760	0.00467	0.00462	0.00811	0.01180	0.01513	0.17048	0.22908	0.36751	0.01479	0.00846	0.10906	0.00308	0.01132	0.00488	0.00437
12	0.01271	0.01368	0.21648	0.07766	0.01727	0.00917	0.03025	0.05103	0.01312	0.14858	0.10247	0.14406	0.01816	0.00797	0.00558	0.00169	0.00541	0.00686	0.00422	0.11362
13	0.01190	0.00887	0.01261	0.19378	0.02935	0.00947	0.06720	0.07736	0.08400	0.06936	0.12668	0.04600	0.06680	0.00761	0.00547	0.00169	0.00486	0.00665	0.16387	0.00646
14	0.00744	0.00602	0.00962	0.00955	0.01053	0.00562	0.10072	0.00885	0.01075	0.01437	0.02762	0.70400	0.03251	0.01549	0.00689	0.00217	0.00393	0.01434	0.00477	0.00480
15	0.28731	0.01644	0.05208	0.14043	0.06768	0.26033	0.02994	0.01819	0.01224	0.05570	0.00926	0.01116	0.00715	0.00537	0.00461	0.00162	0.00700	0.00383	0.00309	0.00655
16	0.01308	0.01222	0.13489	0.05050	0.04256	0.04593	0.01018	0.06365	0.03111	0.14836	0.02051	0.09532	0.08967	0.01332	0.10627	0.02690	0.02740	0.05726	0.00420	0.00669

[dist]
# distance from previous block
# <min> <max>
0	5

[block]
# block no. 9 follows, 44 sequences, length 13
# corresponding to MSA columns:
# 452-464
name=unknown_J
#
# <colnr> <probs for GDERKNQSTAVLIFYWHMCP>
#	G	D	E	R	K	N	Q	S	T	A	V	L	I	F	Y	W	H	M	C	P
0	0.00818	0.00597	0.00731	0.07098	0.01028	0.00559	0.00554	0.01035	0.01351	0.04349	0.33060	0.04082	0.33383	0.01119	0.00610	0.00173	0.00310	0.00956	0.07673	0.00513
1	0.04289	0.05242	0.01408	0.01141	0.01484	0.09875	0.00907	0.16179	0.44785	0.06112	0.01779	0.01683	0.01326	0.00681	0.00529	0.00171	0.00532	0.00535	0.00507	0.00836
2	0.05295	0.01074	0.01514	0.01342	0.12226	0.00910	0.09357	0.01546	0.01180	0.06369	0.01053	0.01232	0.00840	0.00443	0.00456	0.00114	0.00502	0.00395	0.00332	0.53820
3	0.01273	0.20884	0.42737	0.01327	0.01938	0.01424	0.04327	0.06767	0.01251	0.04757	0.01167	0.07649	0.00980	0.00617	0.00501	0.00163	0.00689	0.00492	0.00295	0.00761
4	0.01942	0.01509	0.01523	0.01229	0.01597	0.10706	0.00995	0.42418	0.13701	0.11335	0.01452	0.01437	0.01049	0.00678	0.00622	0.00170	0.05767	0.00499	0.00510	0.00861
5	0.00796	0.00610	0.00656	0.00642	0.00829	0.00545	0.00481	0.01044	0.06831	0.05370	0.08982	0.12112	0.56513	0.01315	0.00638	0.00186	0.00300	0.01110	0.00524	0.00515
6	0.01028	0.01228	0.20096	0.01088	0.01424	0.00822	0.01073	0.01434	0.06392	0.05524	0.02191	0.16742	0.02226	0.01109	0.00632	0.00204	0.00531	0.28341	0.00433	0.07482
7	0.04912	0.06072	0.11405	0.01194	0.05170	0.01118	0.03400	0.07979	0.09873	0.21363	0.06861	0.04391	0.03301	0.00693	0.00566	0.00165	0.02873	0.00565	0.00463	0.07635
8	0.00846	0.00703	0.03126	0.00777	0.00934	0.00649	0.00602	0.01243	0.11934	0.01904	0.38972	0.13542	0.10206	0.07704	0.00814	0.00214	0.00341	0.04410	0.00536	0.00543
9	0.00846	0.00594	0.00863	0.00848	0.00960	0.00664	0.00655	0.01036	0.00953	0.04572	0.06220	0.02393	0.03793	0.06774	0.65320	0.00769	0.01273	0.00632	0.00335	0.00500
10	0.01424	0.06469	0.16087	0.18749	0.10505	0.07044	0.05867	0.04695	0.01262	0.11071	0.01130	0.01358	0.00846	0.00584	0.00632	0.00172	0.07591	0.00466	0.03314	0.00735
