[name]
unknown

[dist]
# distance from previous block
# <min> <max>
0	693

[block]
# block no. 0 follows, 45 sequences, length 20
# corresponding to MSA columns:
# 726-745
name=unknown_A
#
# <colnr> <probs for GDERKNQSTAVLIFYWHMCP>
#	G	D	E	R	K	N	Q	S	T	A	V	L	I	F	Y	W	H	M	C	P
0	0.00779	0.00535	0.00678	0.00721	0.00773	0.00522	0.00508	0.00881	0.01038	0.01396	0.14285	0.17758	0.02941	0.33842	0.01576	0.03624	0.00433	0.16872	0.00432	0.00407
1	0.09929	0.01232	0.07041	0.08647	0.05620	0.02694	0.02226	0.23955	0.04436	0.09551	0.08679	0.06329	0.02594	0.00714	0.00528	0.00168	0.00529	0.00584	0.03810	0.00736
2	0.08388	0.08823	0.00952	0.00678	0.00929	0.00798	0.00555	0.01669	0.01211	0.21769	0.01662	0.01747	0.01228	0.00608	0.00411	0.00138	0.00350	0.00472	0.46979	0.00634
3	0.01317	0.01091	0.01484	0.36379	0.06437	0.01264	0.01187	0.14362	0.20156	0.04550	0.05253	0.01688	0.01227	0.00632	0.00544	0.00175	0.00586	0.00538	0.00399	0.00732
4	0.09485	0.00721	0.00791	0.00777	0.00954	0.00748	0.00590	0.03710	0.13283	0.05969	0.02519	0.21753	0.10396	0.04931	0.00663	0.00201	0.00369	0.07568	0.14003	0.00570
5	0.05059	0.29325	0.27508	0.01168	0.01698	0.01582	0.01251	0.14699	0.05199	0.01887	0.01103	0.05269	0.00919	0.00588	0.00461	0.00152	0.00622	0.00439	0.00317	0.00753
6	0.01935	0.01775	0.05265	0.04426	0.01758	0.20936	0.01076	0.46001	0.04468	0.05330	0.01203	0.01248	0.00876	0.00614	0.00523	0.00157	0.00690	0.00450	0.00450	0.00820
7	0.03152	0.00935	0.01214	0.00962	0.01313	0.00878	0.04345	0.09450	0.07706	0.33177	0.16877	0.02273	0.05638	0.00747	0.00550	0.00160	0.00434	0.00632	0.00560	0.08997
8	0.03973	0.04437	0.02018	0.11600	0.42251	0.01290	0.08568	0.09137	0.01332	0.04622	0.01095	0.01366	0.00865	0.00513	0.00522	0.00161	0.00633	0.00483	0.04350	0.00785
9	0.01229	0.06289	0.01272	0.01004	0.01247	0.04512	0.03768	0.10360	0.10223	0.06159	0.12496	0.14797	0.07216	0.00992	0.01950	0.00187	0.07702	0.02278	0.00455	0.05862
10	0.00927	0.00746	0.00788	0.00825	0.00942	0.08425	0.00613	0.01080	0.01217	0.05215	0.13442	0.35309	0.10678	0.04195	0.00727	0.00212	0.00410	0.13262	0.00490	0.00495
11	0.01160	0.00931	0.00984	0.00888	0.01078	0.08675	0.00683	0.04637	0.10480	0.08300	0.26912	0.02881	0.10382	0.05167	0.09947	0.00270	0.04807	0.00741	0.00481	0.00598
12	0.08147	0.08109	0.04111	0.01084	0.01425	0.11198	0.00896	0.08738	0.35881	0.07595	0.04604	0.01738	0.01397	0.00675	0.00509	0.00167	0.00530	0.01958	0.00465	0.00774
13	0.00879	0.00765	0.00787	0.00842	0.00938	0.08472	0.00593	0.01146	0.09410	0.01510	0.07614	0.53987	0.04451	0.03493	0.00700	0.00211	0.00395	0.02820	0.00483	0.00503
14	0.00663	0.00481	0.00627	0.00726	0.00777	0.00444	0.00493	0.00776	0.01091	0.01455	0.10659	0.67633	0.08992	0.01600	0.00676	0.00210	0.00303	0.01442	0.00508	0.00444
15	0.10328	0.01540	0.07329	0.07127	0.01787	0.10795	0.04525	0.30157	0.11164	0.06265	0.01308	0.03055	0.00984	0.00625	0.00516	0.00166	0.00624	0.00488	0.00433	0.00783
16	0.05100	0.00781	0.00849	0.00728	0.00964	0.00798	0.00577	0.15815	0.01467	0.13654	0.05638	0.01894	0.01438	0.00654	0.00442	0.00142	0.00354	0.00518	0.47543	0.00645
17	0.00787	0.00735	0.08484	0.00799	0.00944	0.00542	0.00639	0.00939	0.01074	0.05100	0.02973	0.53848	0.13081	0.06450	0.00782	0.00225	0.00375	0.01264	0.00468	0.00490
18	0.03131	0.01035	0.01292	0.12342	0.01657	0.01122	0.03218	0.29097	0.04357	0.06824	0.11144	0.09968	0.04507	0.03250	0.04416	0.00217	0.00558	0.00693	0.00473	0.00700
19	0.13536	0.17409	0.04332	0.01133	0.03770	0.08853	0.03076	0.03155	0.04672	0.05523	0.01301	0.11424	0.01236	0.00819	0.01816	0.00182	0.11888	0.03498	0.00343	0.02034

[dist]
# distance from previous block
# <min> <max>
1	50

[block]
# block no. 1 follows, 45 sequences, length 22
# corresponding to MSA columns:
# 798-819
name=unknown_B
#
# <colnr> <probs for GDERKNQSTAVLIFYWHMCP>
#	G	D	E	R	K	N	Q	S	T	A	V	L	I	F	Y	W	H	M	C	P
0	0.06800	0.04305	0.01963	0.24389	0.30520	0.09952	0.09090	0.03732	0.01230	0.01663	0.00963	0.01282	0.00769	0.00506	0.00518	0.00164	0.00706	0.00460	0.00270	0.00718
1	0.01306	0.01157	0.01705	0.20032	0.33172	0.01262	0.01308	0.10645	0.14433	0.01898	0.01281	0.01613	0.01039	0.06038	0.00685	0.00193	0.00605	0.00521	0.00345	0.00764
2	0.01344	0.34646	0.08062	0.01045	0.01416	0.07019	0.03653	0.01656	0.06783	0.07292	0.01624	0.08662	0.06449	0.00748	0.00527	0.00157	0.03210	0.04691	0.00348	0.00670
3	0.01366	0.04527	0.06152	0.06845	0.02439	0.01283	0.47737	0.01751	0.01259	0.11301	0.04258	0.01544	0.01027	0.00542	0.00665	0.00179	0.05482	0.00591	0.00326	0.00725
4	0.01173	0.01213	0.12243	0.14780	0.06773	0.01011	0.06772	0.04041	0.01196	0.07725	0.04500	0.08122	0.04019	0.00810	0.03450	0.00189	0.05637	0.00588	0.00346	0.15412
5	0.01473	0.00828	0.05421	0.00835	0.01123	0.00668	0.00711	0.01722	0.01447	0.33439	0.29224	0.02965	0.07068	0.00885	0.00575	0.00169	0.00381	0.04110	0.06268	0.00687
6	0.06918	0.01104	0.01515	0.22831	0.02114	0.01296	0.07742	0.07900	0.24097	0.01892	0.01450	0.06588	0.01190	0.00715	0.00691	0.00187	0.10109	0.00584	0.00381	0.00698
7	0.00832	0.00531	0.00607	0.00601	0.00734	0.00497	0.00456	0.01039	0.01260	0.01860	0.26342	0.03561	0.19702	0.01037	0.00604	0.03510	0.00279	0.05062	0.31006	0.00481
8	0.01102	0.21267	0.12575	0.00919	0.01229	0.01115	0.00866	0.04671	0.01141	0.04594	0.07617	0.02367	0.06403	0.14570	0.13608	0.00330	0.00685	0.04006	0.00344	0.00590
9	0.01060	0.00599	0.00717	0.00657	0.00841	0.00539	0.00499	0.01259	0.01329	0.15302	0.26108	0.06029	0.22604	0.03986	0.00649	0.00178	0.00305	0.00862	0.15921	0.00554
10	0.06476	0.36261	0.02023	0.01050	0.01462	0.04301	0.00925	0.25750	0.13096	0.02163	0.01143	0.01177	0.00900	0.00565	0.00441	0.00144	0.00560	0.00401	0.00384	0.00777
11	0.06857	0.12269	0.07381	0.07666	0.04285	0.04765	0.01845	0.07555	0.03086	0.17713	0.01208	0.01279	0.00889	0.00526	0.00462	0.00138	0.00548	0.00407	0.00383	0.20738
12	0.01599	0.04747	0.12063	0.13695	0.04768	0.09976	0.03622	0.18100	0.09470	0.11393	0.02325	0.01419	0.00989	0.00605	0.00559	0.00166	0.02852	0.00478	0.00397	0.00776
13	0.66728	0.01175	0.00920	0.00807	0.01135	0.07121	0.00655	0.08756	0.01143	0.02407	0.04387	0.01066	0.00831	0.00544	0.00377	0.00164	0.00467	0.00345	0.00360	0.00613
14	0.00699	0.00509	0.00643	0.00719	0.00788	0.00475	0.00507	0.00821	0.01101	0.01450	0.10577	0.45106	0.14512	0.10330	0.00905	0.00244	0.00343	0.09343	0.00488	0.00440
15	0.01190	0.01103	0.07376	0.09233	0.01612	0.01080	0.03360	0.05338	0.33120	0.05487	0.06154	0.13607	0.01847	0.01055	0.05758	0.00229	0.00550	0.00723	0.00463	0.00716
16	0.00765	0.00526	0.00613	0.00622	0.00655	0.00514	0.00387	0.00819	0.00928	0.01239	0.10636	0.08924	0.06938	0.58447	0.02144	0.00428	0.00460	0.04203	0.00385	0.00368
17	0.01159	0.01052	0.01392	0.04056	0.01422	0.01302	0.03660	0.06319	0.17334	0.01737	0.08300	0.09034	0.04071	0.00939	0.01102	0.00206	0.35216	0.00669	0.00387	0.00644
18	0.01219	0.00715	0.00907	0.00783	0.01000	0.00674	0.00611	0.08532	0.01610	0.17936	0.52410	0.03334	0.06130	0.00973	0.00605	0.00168	0.00328	0.00840	0.00598	0.00628
19	0.01288	0.01084	0.01598	0.01306	0.01538	0.01225	0.14143	0.10104	0.11314	0.06710	0.07549	0.05134	0.01565	0.04701	0.04030	0.00238	0.21434	0.03968	0.00402	0.00671
20	0.44375	0.06867	0.01270	0.00962	0.01309	0.06392	0.00799	0.23690	0.01437	0.02484	0.00911	0.01019	0.00701	0.00568	0.00486	0.00163	0.05139	0.00361	0.00377	0.00690
21	0.06073	0.01052	0.01603	0.15047	0.26975	0.01094	0.05914	0.07394	0.03415	0.03502	0.04147	0.09826	0.02644	0.00678	0.00536	0.00167	0.00558	0.00615	0.04150	0.04610

[dist]
# distance from previous block
# <min> <max>
0	2

[block]
# block no. 2 follows, 45 sequences, length 21
# corresponding to MSA columns:
# 822-842
name=unknown_C
#
# <colnr> <probs for GDERKNQSTAVLIFYWHMCP>
#	G	D	E	R	K	N	Q	S	T	A	V	L	I	F	Y	W	H	M	C	P
0	0.33230	0.01268	0.05354	0.00963	0.01337	0.05465	0.00823	0.19055	0.03930	0.15254	0.07313	0.01437	0.01189	0.00619	0.00464	0.00164	0.00501	0.00451	0.00454	0.00731
1	0.01252	0.01190	0.02019	0.11664	0.64783	0.01214	0.01559	0.01561	0.01194	0.01687	0.01124	0.06242	0.01002	0.00559	0.00541	0.00165	0.00626	0.00543	0.00277	0.00796
2	0.01702	0.01316	0.01856	0.01411	0.01823	0.01377	0.20104	0.35853	0.09950	0.10042	0.01440	0.01600	0.01074	0.04994	0.02755	0.00207	0.00659	0.00559	0.00465	0.00815
3	0.01284	0.00891	0.01031	0.00943	0.01161	0.00937	0.00721	0.19022	0.15284	0.09020	0.03419	0.29423	0.03853	0.05510	0.00725	0.00210	0.00431	0.04945	0.00523	0.00666
4	0.01176	0.01325	0.05124	0.06899	0.02460	0.01280	0.52117	0.01551	0.01152	0.01584	0.01094	0.01580	0.00896	0.05961	0.05166	0.00245	0.08851	0.00606	0.00269	0.00665
5	0.06788	0.00846	0.01007	0.00834	0.01145	0.00800	0.00669	0.08927	0.04294	0.35112	0.09324	0.04720	0.19044	0.00876	0.00556	0.00170	0.00396	0.00719	0.03047	0.00725
6	0.01452	0.01233	0.01710	0.04367	0.23232	0.01312	0.07094	0.23728	0.16183	0.02312	0.05633	0.06509	0.01411	0.00683	0.00559	0.00171	0.00565	0.00609	0.00432	0.00806
7	0.07896	0.00848	0.00965	0.00887	0.01117	0.00891	0.00688	0.06377	0.22467	0.10943	0.17779	0.15827	0.05107	0.00996	0.00583	0.00184	0.00382	0.04855	0.00539	0.00667
8	0.01645	0.11670	0.08441	0.01217	0.01603	0.14219	0.03813	0.24563	0.08912	0.06180	0.04454	0.01428	0.01108	0.00810	0.04848	0.00196	0.03251	0.00474	0.00405	0.00762
9	0.00732	0.00521	0.00650	0.00724	0.00801	0.00486	0.00516	0.00845	0.01069	0.02708	0.03212	0.41979	0.17396	0.13450	0.00987	0.00260	0.00365	0.12385	0.00475	0.00440
10	0.11992	0.07773	0.01578	0.01107	0.01534	0.06853	0.09619	0.15150	0.03349	0.07896	0.02411	0.01250	0.00911	0.00518	0.00463	0.00135	0.00553	0.00417	0.00381	0.26112
11	0.01672	0.01242	0.01614	0.22057	0.13371	0.03289	0.01188	0.31327	0.01761	0.12508	0.03789	0.01486	0.01040	0.00607	0.00538	0.00166	0.00611	0.00501	0.00431	0.00800
12	0.19363	0.13638	0.18285	0.01282	0.08559	0.02456	0.01138	0.11424	0.03419	0.13969	0.01143	0.01205	0.00834	0.00545	0.00458	0.00158	0.00579	0.00404	0.00371	0.00771
13	0.00889	0.00567	0.00720	0.00777	0.00879	0.00542	0.00570	0.04154	0.01171	0.06558	0.02819	0.50665	0.06760	0.01421	0.00642	0.00205	0.00348	0.10697	0.09114	0.00502
14	0.00772	0.00517	0.00588	0.00596	0.00598	0.00515	0.00337	0.00778	0.00797	0.01062	0.01774	0.08547	0.02056	0.75958	0.02599	0.00501	0.00507	0.00829	0.00337	0.00332
15	0.06832	0.14563	0.20975	0.05968	0.01906	0.01414	0.09595	0.15150	0.06969	0.04570	0.06059	0.01426	0.01110	0.00580	0.00504	0.00162	0.00631	0.00476	0.00357	0.00754
16	0.01557	0.03517	0.09871	0.03680	0.13976	0.02247	0.03606	0.14696	0.10847	0.16480	0.09034	0.03187	0.01484	0.00673	0.00576	0.00169	0.02585	0.00564	0.00452	0.00799
17	0.00776	0.00549	0.00768	0.00773	0.00835	0.00608	0.00558	0.00886	0.00838	0.01177	0.01539	0.05787	0.01574	0.24549	0.50417	0.05896	0.01083	0.00664	0.00303	0.00421
18	0.01236	0.17337	0.15964	0.09717	0.09316	0.01323	0.12557	0.03948	0.01240	0.04961	0.10954	0.01657	0.01366	0.02976	0.00624	0.00172	0.03111	0.00524	0.00318	0.00698
19	0.00930	0.00548	0.00685	0.00690	0.00798	0.00537	0.00506	0.01109	0.01132	0.06980	0.14086	0.18436	0.02566	0.11327	0.09520	0.00292	0.00458	0.05409	0.23499	0.00493
20	0.08396	0.01112	0.09733	0.13617	0.01699	0.02948	0.03251	0.04099	0.02364	0.11058	0.08478	0.06030	0.01572	0.02247	0.03548	0.00205	0.04611	0.04616	0.06614	0.03801

[dist]
# distance from previous block
# <min> <max>
1	48

[block]
# block no. 3 follows, 45 sequences, length 21
# corresponding to MSA columns:
# 891-911
name=unknown_D
#
# <colnr> <probs for GDERKNQSTAVLIFYWHMCP>
#	G	D	E	R	K	N	Q	S	T	A	V	L	I	F	Y	W	H	M	C	P
0	0.22057	0.06544	0.05001	0.01151	0.01567	0.01248	0.12389	0.10547	0.11557	0.11989	0.01321	0.03502	0.01006	0.00583	0.00482	0.00161	0.00541	0.00481	0.00410	0.07461
1	0.18389	0.09482	0.01064	0.00839	0.01031	0.00981	0.00664	0.02780	0.05905	0.03310	0.05570	0.23817	0.05220	0.01451	0.11975	0.00282	0.05493	0.00787	0.00400	0.00560
2	0.08553	0.17254	0.11880	0.09682	0.03432	0.01505	0.01127	0.26305	0.03672	0.09935	0.01160	0.01240	0.00850	0.00567	0.00479	0.00157	0.00596	0.00426	0.00394	0.00788
3	0.00760	0.00515	0.00602	0.00617	0.00632	0.00507	0.00366	0.00794	0.00877	0.01179	0.07971	0.15062	0.02440	0.62870	0.02259	0.00447	0.00468	0.00907	0.00372	0.00356
4	0.10768	0.01005	0.01217	0.14088	0.04590	0.01093	0.00900	0.15175	0.10972	0.15780	0.01558	0.01750	0.01165	0.00647	0.00497	0.00165	0.00490	0.03266	0.14146	0.00730
5	0.00693	0.00514	0.00599	0.00636	0.00750	0.00460	0.00455	0.00843	0.01197	0.01588	0.16763	0.31721	0.32425	0.01370	0.00631	0.00188	0.00281	0.01194	0.07233	0.00460
6	0.01673	0.21543	0.01768	0.01172	0.01478	0.32971	0.00959	0.10142	0.07487	0.01650	0.01019	0.01148	0.00838	0.00594	0.00568	0.00146	0.07873	0.00389	0.05903	0.00678
7	0.04540	0.00528	0.00671	0.00719	0.00802	0.00500	0.00504	0.00893	0.01125	0.03800	0.18681	0.46700	0.08034	0.01471	0.00778	0.07786	0.00319	0.01203	0.00492	0.00454
8	0.05301	0.01623	0.07769	0.05337	0.01791	0.18461	0.08653	0.10337	0.13781	0.06190	0.01262	0.01387	0.01892	0.00636	0.00678	0.00171	0.10748	0.00477	0.00367	0.03138
9	0.05048	0.00975	0.01140	0.00997	0.01237	0.01074	0.00787	0.08948	0.22454	0.08929	0.08596	0.12504	0.03988	0.00898	0.00725	0.00182	0.11514	0.02101	0.00480	0.07424
10	0.00691	0.00490	0.00626	0.00702	0.00744	0.00462	0.00464	0.00790	0.01053	0.01416	0.12788	0.53860	0.05519	0.16521	0.01061	0.00267	0.00342	0.01301	0.00478	0.00425
11	0.00795	0.00584	0.00723	0.00759	0.00864	0.00560	0.00549	0.06867	0.01281	0.01709	0.17893	0.45869	0.12968	0.01432	0.00659	0.00201	0.00327	0.04948	0.00520	0.00493
12	0.03517	0.17524	0.35667	0.01613	0.08174	0.01480	0.13065	0.09622	0.01296	0.01821	0.00973	0.01155	0.00739	0.00503	0.00497	0.00159	0.00724	0.00425	0.00273	0.00774
13	0.12846	0.00682	0.00671	0.00614	0.00807	0.00713	0.00479	0.07906	0.01237	0.05594	0.01587	0.01774	0.01223	0.00611	0.00391	0.00136	0.00312	0.00471	0.61380	0.00566
14	0.00686	0.00489	0.00649	0.00752	0.00798	0.00460	0.00519	0.00803	0.01081	0.01450	0.10150	0.64216	0.03592	0.05104	0.00774	0.00229	0.00329	0.06978	0.00499	0.00442
15	0.07728	0.01464	0.01783	0.06867	0.03943	0.10574	0.14926	0.31469	0.04639	0.02345	0.01190	0.03434	0.00940	0.02326	0.00634	0.00177	0.03892	0.00518	0.00397	0.00755
16	0.00727	0.00543	0.00666	0.00674	0.00803	0.00492	0.00510	0.00902	0.01303	0.01725	0.34406	0.12349	0.28554	0.01320	0.00716	0.03962	0.00301	0.09053	0.00524	0.00468
17	0.00726	0.00498	0.00601	0.00655	0.00668	0.00484	0.00399	0.00766	0.00886	0.01182	0.02234	0.36605	0.02636	0.47108	0.01855	0.00391	0.00431	0.01100	0.00399	0.00373
18	0.73725	0.01042	0.00846	0.00759	0.01084	0.01200	0.00626	0.04878	0.04011	0.02404	0.00934	0.01197	0.00764	0.00564	0.00370	0.00171	0.00427	0.04040	0.00358	0.00602
19	0.01406	0.04656	0.01327	0.04500	0.03473	0.01067	0.02142	0.15365	0.12360	0.09823	0.01836	0.02056	0.08058	0.00689	0.00515	0.00148	0.00475	0.05438	0.00445	0.24220
20	0.16881	0.03263	0.03403	0.01087	0.01449	0.06221	0.02667	0.31746	0.03931	0.11724	0.01335	0.04860	0.01028	0.00661	0.00540	0.00165	0.03556	0.00494	0.04221	0.00767

[dist]
# distance from previous block
# <min> <max>
0	40

[block]
# block no. 4 follows, 45 sequences, length 9
# corresponding to MSA columns:
# 962-970
name=unknown_E
#
# <colnr> <probs for GDERKNQSTAVLIFYWHMCP>
#	G	D	E	R	K	N	Q	S	T	A	V	L	I	F	Y	W	H	M	C	P
0	0.06963	0.04097	0.03345	0.03210	0.09157	0.01329	0.01005	0.33755	0.08076	0.09216	0.01471	0.01773	0.01157	0.00676	0.00524	0.00166	0.00540	0.06636	0.03108	0.03798
1	0.00811	0.00530	0.00685	0.00718	0.00819	0.00491	0.00519	0.00983	0.01244	0.05714	0.27941	0.38905	0.07636	0.01341	0.00640	0.00192	0.00301	0.04200	0.05838	0.00492
2	0.03963	0.01229	0.08182	0.16614	0.04091	0.01203	0.07080	0.11180	0.21971	0.06038	0.01499	0.01665	0.01131	0.03138	0.00592	0.00181	0.00567	0.00528	0.08412	0.00738
3	0.00803	0.00533	0.00702	0.00788	0.00855	0.00523	0.00596	0.00928	0.01053	0.01434	0.02472	0.29178	0.02757	0.12457	0.01071	0.06913	0.00414	0.28105	0.07983	0.00432
4	0.01968	0.01329	0.01468	0.01157	0.01559	0.01443	0.00945	0.48504	0.16913	0.16561	0.01613	0.01525	0.01130	0.00664	0.00539	0.00166	0.00534	0.00518	0.00562	0.00901
5	0.00769	0.00567	0.00821	0.00821	0.00902	0.00648	0.00619	0.00932	0.00850	0.01215	0.01476	0.02321	0.01434	0.15699	0.67461	0.00811	0.01299	0.00606	0.00293	0.00456
6	0.01527	0.21365	0.11658	0.01211	0.02996	0.11653	0.03238	0.12582	0.01363	0.08740	0.01130	0.02854	0.00933	0.03103	0.07224	0.00224	0.06701	0.00450	0.00336	0.00711
7	0.01345	0.16345	0.11703	0.03845	0.01558	0.01153	0.03605	0.06647	0.03653	0.11055	0.01473	0.06531	0.03852	0.00641	0.00485	0.00142	0.00527	0.02922	0.00373	0.22143
8	0.08835	0.09865	0.20098	0.07711	0.01976	0.01358	0.10495	0.10835	0.07546	0.11506	0.01211	0.01324	0.00881	0.00568	0.00549	0.00168	0.03486	0.00460	0.00362	0.00766

[dist]
# distance from previous block
# <min> <max>
0	6

[block]
# block no. 5 follows, 45 sequences, length 10
# corresponding to MSA columns:
# 977-986
name=unknown_F
#
# <colnr> <probs for GDERKNQSTAVLIFYWHMCP>
#	G	D	E	R	K	N	Q	S	T	A	V	L	I	F	Y	W	H	M	C	P
0	0.01505	0.16635	0.09876	0.03088	0.03588	0.05795	0.04939	0.15700	0.27627	0.03740	0.01430	0.01445	0.01083	0.00603	0.00503	0.00161	0.00590	0.00481	0.00410	0.00801
1	0.08220	0.01512	0.20447	0.01249	0.06982	0.06389	0.01124	0.04152	0.01362	0.34775	0.01506	0.01484	0.01023	0.00589	0.00500	0.00161	0.00574	0.00463	0.06687	0.00803
2	0.01057	0.00842	0.05138	0.05611	0.01183	0.00775	0.00710	0.09348	0.05457	0.05758	0.17065	0.13883	0.14110	0.00984	0.00587	0.00172	0.01818	0.00834	0.14076	0.00593
3	0.00722	0.00504	0.00605	0.00649	0.00681	0.00484	0.00407	0.00783	0.00953	0.01266	0.07554	0.32241	0.07992	0.40801	0.01688	0.00361	0.00408	0.01094	0.00419	0.00387
4	0.05851	0.01173	0.01675	0.14518	0.25543	0.05446	0.06797	0.06038	0.07917	0.01780	0.02915	0.11633	0.01303	0.00712	0.00606	0.00177	0.04240	0.00628	0.00342	0.00704
5	0.00720	0.00533	0.00682	0.00771	0.00849	0.00510	0.00556	0.00918	0.04710	0.01507	0.08391	0.54102	0.10814	0.01537	0.00677	0.00213	0.00333	0.11200	0.00507	0.00470
6	0.00959	0.01286	0.20735	0.01085	0.01413	0.00932	0.04561	0.01450	0.11327	0.01822	0.24000	0.08470	0.09480	0.00932	0.00689	0.00184	0.07007	0.02606	0.00430	0.00632
7	0.00700	0.00483	0.00643	0.00724	0.00767	0.00454	0.00489	0.00787	0.01068	0.01444	0.14676	0.58304	0.03500	0.05236	0.00889	0.07290	0.00325	0.01314	0.00483	0.00425
8	0.01085	0.07344	0.37254	0.01228	0.01708	0.01189	0.01330	0.01756	0.18004	0.01738	0.04397	0.14051	0.01515	0.00782	0.00595	0.00179	0.04128	0.00640	0.00355	0.00722
9	0.04801	0.32832	0.38556	0.01277	0.01893	0.01570	0.05622	0.01699	0.01132	0.04772	0.00926	0.01064	0.00714	0.00493	0.00447	0.00149	0.00685	0.00369	0.00253	0.00745

[dist]
# distance from previous block
# <min> <max>
0	14

[block]
# block no. 6 follows, 45 sequences, length 12
# corresponding to MSA columns:
# 1001-1012
name=unknown_G
#
# <colnr> <probs for GDERKNQSTAVLIFYWHMCP>
#	G	D	E	R	K	N	Q	S	T	A	V	L	I	F	Y	W	H	M	C	P
0	0.18305	0.06409	0.01501	0.02894	0.01564	0.27956	0.05028	0.11574	0.04581	0.01913	0.00953	0.01088	0.00758	0.00545	0.00498	0.00147	0.03356	0.00380	0.00333	0.10217
1	0.61576	0.01119	0.05697	0.07682	0.01366	0.01160	0.00758	0.01587	0.04170	0.02226	0.04025	0.01125	0.00839	0.00532	0.00385	0.00164	0.00458	0.00356	0.00337	0.04436
2	0.00949	0.00583	0.00739	0.00692	0.00843	0.00539	0.00527	0.01173	0.01399	0.09732	0.48084	0.03779	0.09343	0.05980	0.00735	0.00192	0.00306	0.05419	0.08454	0.00532
3	0.00820	0.00649	0.00845	0.00829	0.00936	0.00664	0.03180	0.01075	0.07549	0.01532	0.12640	0.25031	0.12836	0.15393	0.01091	0.00260	0.05332	0.08389	0.00460	0.00489
4	0.01588	0.00988	0.01107	0.00931	0.01231	0.01046	0.00741	0.17777	0.23326	0.17920	0.06927	0.01950	0.01591	0.00699	0.00510	0.00160	0.00415	0.00567	0.19752	0.00773
5	0.01364	0.01868	0.35142	0.01315	0.03982	0.04394	0.01349	0.07282	0.18015	0.10032	0.03498	0.04276	0.01220	0.00645	0.00528	0.00170	0.00617	0.00522	0.02990	0.00792
6	0.01227	0.00627	0.00678	0.00626	0.00809	0.00629	0.00482	0.01608	0.09335	0.12326	0.01847	0.01978	0.01398	0.00642	0.00416	0.00137	0.00297	0.00517	0.63828	0.00594
7	0.01852	0.12129	0.16220	0.01271	0.04259	0.01269	0.05755	0.16029	0.01560	0.32140	0.01461	0.01426	0.00995	0.00585	0.00513	0.00160	0.00595	0.00472	0.00462	0.00847
8	0.00682	0.00543	0.00617	0.00641	0.00789	0.00478	0.00488	0.00842	0.01241	0.01557	0.14914	0.14842	0.48995	0.01379	0.00654	0.00192	0.00301	0.09871	0.00511	0.00463
9	0.01222	0.01115	0.01883	0.16058	0.06680	0.01113	0.21938	0.01533	0.01147	0.05736	0.01062	0.01360	0.00832	0.00526	0.00652	0.00154	0.09281	0.00481	0.03708	0.23520
10	0.26296	0.00906	0.00938	0.00833	0.01104	0.00980	0.00657	0.01880	0.22500	0.10836	0.24857	0.02260	0.02339	0.00765	0.00508	0.00171	0.00373	0.00616	0.00509	0.00671
11	0.00832	0.00601	0.00757	0.00815	0.00908	0.00592	0.00598	0.07984	0.01221	0.01620	0.05851	0.49878	0.06378	0.05779	0.00786	0.00230	0.00377	0.13807	0.00496	0.00489

[dist]
# distance from previous block
# <min> <max>
5	49

[block]
# block no. 7 follows, 45 sequences, length 25
# corresponding to MSA columns:
# 1062-1086
name=unknown_H
#
# <colnr> <probs for GDERKNQSTAVLIFYWHMCP>
#	G	D	E	R	K	N	Q	S	T	A	V	L	I	F	Y	W	H	M	C	P
0	0.09498	0.04662	0.03503	0.06590	0.01676	0.05939	0.14591	0.07446	0.01334	0.13629	0.09514	0.06927	0.01548	0.04268	0.00675	0.00185	0.03215	0.00612	0.02251	0.01937
1	0.08191	0.17026	0.01426	0.00921	0.01246	0.02781	0.00761	0.12620	0.03815	0.17565	0.01635	0.15250	0.01475	0.03673	0.02306	0.00187	0.00501	0.01739	0.00445	0.06437
2	0.08584	0.24500	0.19945	0.01071	0.01533	0.01445	0.01087	0.15000	0.03133	0.05315	0.07179	0.03288	0.01233	0.03838	0.00557	0.00167	0.00573	0.00470	0.00358	0.00723
3	0.00715	0.00508	0.00643	0.00709	0.00754	0.00492	0.00479	0.00807	0.00990	0.01317	0.05509	0.40617	0.07625	0.24642	0.06639	0.00347	0.00456	0.05901	0.00437	0.00415
4	0.06832	0.06375	0.22744	0.06567	0.01850	0.01184	0.05438	0.12390	0.01451	0.21485	0.07301	0.01564	0.01228	0.00609	0.00519	0.00165	0.00600	0.00496	0.00421	0.00781
5	0.04227	0.07520	0.10009	0.11282	0.03578	0.08328	0.01101	0.20308	0.01521	0.08669	0.01277	0.04753	0.01047	0.00740	0.02517	0.00179	0.02517	0.03572	0.00384	0.06470
6	0.01991	0.03765	0.01419	0.01082	0.01446	0.04568	0.05537	0.08855	0.05910	0.46246	0.01873	0.07083	0.01356	0.00720	0.00590	0.00170	0.03577	0.00591	0.02399	0.00823
7	0.00780	0.00523	0.00600	0.00600	0.00605	0.00528	0.00343	0.00790	0.00785	0.01052	0.01678	0.03439	0.01920	0.77103	0.06721	0.00538	0.00568	0.00770	0.00323	0.00333
8	0.10637	0.01560	0.22633	0.23749	0.06245	0.04317	0.01358	0.04052	0.06344	0.04472	0.01233	0.04169	0.02674	0.00619	0.00559	0.00175	0.03710	0.00492	0.00310	0.00693
9	0.05862	0.09394	0.01755	0.07361	0.01802	0.05125	0.09566	0.24602	0.06579	0.13510	0.01281	0.01351	0.00933	0.00584	0.00540	0.00158	0.02646	0.00470	0.00427	0.06055
10	0.05252	0.06890	0.06410	0.02945	0.01630	0.01459	0.01026	0.41600	0.03480	0.17730	0.01354	0.01352	0.00951	0.00636	0.00579	0.00164	0.04729	0.00470	0.00491	0.00851
11	0.03388	0.08501	0.04075	0.01139	0.09147	0.00994	0.00854	0.01801	0.09463	0.17128	0.07625	0.01692	0.02493	0.00589	0.00480	0.00135	0.00455	0.01211	0.00423	0.28406
12	0.00916	0.00914	0.08535	0.00840	0.01083	0.00769	0.00722	0.01432	0.16244	0.01967	0.35564	0.04961	0.13908	0.00970	0.00613	0.00171	0.02236	0.00824	0.03728	0.03602
13	0.01112	0.00733	0.02589	0.07887	0.01228	0.00706	0.00716	0.01350	0.01369	0.15598	0.40417	0.08970	0.04786	0.00979	0.00677	0.00176	0.05823	0.00832	0.03459	0.00593
14	0.19549	0.00938	0.01032	0.00872	0.01192	0.03494	0.00709	0.04420	0.04379	0.36464	0.04432	0.03760	0.01454	0.00718	0.00497	0.00168	0.00439	0.05560	0.09188	0.00734
15	0.06868	0.01062	0.01702	0.51986	0.11424	0.01255	0.06070	0.03959	0.03841	0.01601	0.00998	0.01386	0.00767	0.00551	0.00585	0.00178	0.04366	0.00479	0.00271	0.00651
16	0.01234	0.00646	0.00822	0.00765	0.00955	0.00606	0.00604	0.01458	0.03726	0.19876	0.16098	0.05984	0.08024	0.01061	0.00709	0.07723	0.00367	0.12162	0.16601	0.00580
17	0.00769	0.00633	0.00717	0.02673	0.00908	0.00609	0.00535	0.05550	0.01252	0.01569	0.06750	0.19425	0.49826	0.01326	0.00695	0.00190	0.04488	0.01113	0.00484	0.00491
18	0.00892	0.00576	0.00707	0.00703	0.00859	0.00519	0.00539	0.01075	0.01291	0.09365	0.21829	0.17503	0.26969	0.01261	0.00634	0.00188	0.00318	0.09738	0.04521	0.00517
19	0.01388	0.03827	0.02129	0.07809	0.23443	0.01264	0.22460	0.04980	0.11416	0.08102	0.01286	0.01492	0.00981	0.00606	0.02305	0.00181	0.00679	0.00533	0.00349	0.04771
20	0.02000	0.01429	0.01554	0.01187	0.01619	0.01545	0.00979	0.66265	0.02365	0.07976	0.01318	0.01311	0.00931	0.00629	0.00528	0.00156	0.00569	0.00476	0.00530	0.06635
21	0.01766	0.13770	0.16204	0.02910	0.01693	0.08680	0.03578	0.13555	0.02380	0.24819	0.01363	0.01432	0.00981	0.03808	0.00590	0.00171	0.00631	0.00459	0.00421	0.00791
22	0.05301	0.00855	0.01085	0.00961	0.04367	0.00807	0.03195	0.01715	0.11862	0.18802	0.17554	0.02513	0.07792	0.07656	0.00727	0.00188	0.00414	0.00659	0.00494	0.13052
23	0.00701	0.00531	0.00714	0.00807	0.00835	0.00544	0.00559	0.00796	0.01009	0.01363	0.02757	0.73650	0.03295	0.01615	0.00782	0.00220	0.07467	0.01431	0.00475	0.00450
24	0.02847	0.01125	0.05358	0.41224	0.15930	0.01224	0.05233	0.01472	0.04250	0.01507	0.01048	0.03585	0.00863	0.00644	0.00713	0.02971	0.08579	0.00511	0.00266	0.00649

[dist]
# distance from previous block
# <min> <max>
0	1

[block]
# block no. 8 follows, 45 sequences, length 12
# corresponding to MSA columns:
# 1088-1099
name=unknown_I
#
# <colnr> <probs for GDERKNQSTAVLIFYWHMCP>
#	G	D	E	R	K	N	Q	S	T	A	V	L	I	F	Y	W	H	M	C	P
0	0.04500	0.32774	0.22050	0.01200	0.01693	0.01558	0.07598	0.04794	0.01182	0.05799	0.00999	0.01154	0.00788	0.00533	0.00517	0.00149	0.05323	0.00394	0.06279	0.00717
1	0.01659	0.07501	0.01189	0.00865	0.01175	0.00883	0.00706	0.10186	0.01537	0.34577	0.17283	0.06935	0.08034	0.00843	0.00551	0.00164	0.00409	0.00700	0.04072	0.00733
2	0.00996	0.00581	0.00732	0.00703	0.00833	0.00551	0.00507	0.01144	0.01150	0.12762	0.15698	0.16614	0.10629	0.17420	0.09871	0.00323	0.00482	0.00898	0.07600	0.00509
3	0.01710	0.10342	0.01904	0.04565	0.05023	0.05071	0.14657	0.18421	0.06940	0.17954	0.01384	0.02569	0.01018	0.00584	0.00525	0.00158	0.00617	0.00508	0.00432	0.05620
4	0.01143	0.17407	0.64307	0.01416	0.02147	0.01410	0.01785	0.01683	0.01125	0.01619	0.00923	0.01083	0.00682	0.00501	0.00479	0.00160	0.00753	0.00376	0.00227	0.00774
5	0.00700	0.00501	0.00597	0.00648	0.00707	0.00466	0.00426	0.00760	0.00989	0.01274	0.03114	0.35701	0.21601	0.23696	0.01323	0.05138	0.00368	0.01159	0.00435	0.00398
6	0.03070	0.15402	0.17422	0.01162	0.01556	0.11612	0.01110	0.09408	0.04141	0.08652	0.01217	0.04637	0.01008	0.01077	0.10779	0.00252	0.05975	0.00474	0.00340	0.00705
7	0.06439	0.23664	0.18567	0.09992	0.01813	0.08805	0.01165	0.06481	0.01256	0.07134	0.02984	0.01264	0.00906	0.00690	0.03773	0.00179	0.00676	0.00406	0.03107	0.00699
8	0.01076	0.00844	0.00875	0.00856	0.01011	0.09444	0.00640	0.06406	0.01367	0.07579	0.19749	0.32258	0.08077	0.01235	0.00630	0.00189	0.00413	0.06292	0.00510	0.00548
9	0.01446	0.01077	0.01330	0.04624	0.06940	0.03855	0.03863	0.10131	0.05387	0.14844	0.01765	0.01796	0.09606	0.00617	0.00501	0.00137	0.00490	0.00514	0.00423	0.30655
10	0.49710	0.01038	0.00971	0.00830	0.01153	0.01151	0.00674	0.10277	0.05650	0.07824	0.06441	0.03608	0.01149	0.00623	0.00456	0.00166	0.02536	0.00439	0.00412	0.04891
11	0.18464	0.01023	0.01210	0.00947	0.01348	0.00997	0.00782	0.13055	0.01558	0.52527	0.01730	0.01563	0.01123	0.00629	0.00499	0.00165	0.00468	0.00483	0.00581	0.00849

[dist]
# distance from previous block
# <min> <max>
0	7

[block]
# block no. 9 follows, 45 sequences, length 8
# corresponding to MSA columns:
# 1107-1114
name=unknown_J
#
# <colnr> <probs for GDERKNQSTAVLIFYWHMCP>
#	G	D	E	R	K	N	Q	S	T	A	V	L	I	F	Y	W	H	M	C	P
0	0.04314	0.01259	0.04075	0.01163	0.04965	0.04325	0.00922	0.29248	0.11377	0.14057	0.04457	0.01781	0.01317	0.00677	0.00523	0.00162	0.00517	0.03580	0.06846	0.04435
1	0.01029	0.00668	0.00900	0.00781	0.00980	0.00618	0.04231	0.04022	0.01489	0.11114	0.49101	0.03532	0.12301	0.00998	0.00603	0.00168	0.00324	0.00875	0.05692	0.00574
2	0.01334	0.01369	0.15382	0.07764	0.01758	0.01180	0.03936	0.07776	0.31126	0.09038	0.08080	0.01880	0.01547	0.00842	0.04392	0.00209	0.00585	0.00572	0.00453	0.00777
3	0.00712	0.00537	0.00622	0.00629	0.00759	0.00483	0.00463	0.00878	0.01252	0.01649	0.26202	0.12811	0.34996	0.07653	0.00802	0.00210	0.00301	0.04780	0.03801	0.00461
4	0.04132	0.01151	0.08616	0.13974	0.08345	0.01040	0.01065	0.09930	0.07263	0.23291	0.08222	0.05864	0.03314	0.00716	0.00547	0.00172	0.00528	0.00603	0.00468	0.00760
5	0.00846	0.00562	0.00715	0.00762	0.00869	0.00531	0.00580	0.01005	0.01161	0.05574	0.10738	0.23275	0.13036	0.12582	0.00958	0.00253	0.00388	0.22210	0.03481	0.00475
6	0.09289	0.01132	0.01301	0.01117	0.03303	0.01266	0.00878	0.30624	0.06939	0.10335	0.03115	0.05275	0.01271	0.03630	0.05823	0.00232	0.09464	0.01707	0.02555	0.00745
7	0.06432	0.07640	0.03183	0.06493	0.06664	0.05763	0.06655	0.01525	0.03537	0.03531	0.07692	0.01678	0.01286	0.00586	0.00514	0.00139	0.02570	0.04185	0.00340	0.29588

[dist]
# distance from previous block
# <min> <max>
7	40

[block]
# block no. 10 follows, 45 sequences, length 12
# corresponding to MSA columns:
# 1156-1167
name=unknown_K
#
# <colnr> <probs for GDERKNQSTAVLIFYWHMCP>
#	G	D	E	R	K	N	Q	S	T	A	V	L	I	F	Y	W	H	M	C	P
0	0.48070	0.08022	0.01202	0.00890	0.01254	0.01387	0.00742	0.18170	0.09533	0.04681	0.01062	0.01113	0.00800	0.00557	0.00408	0.00162	0.00470	0.00374	0.00401	0.00702
1	0.04127	0.08459	0.16989	0.01227	0.01653	0.07310	0.04002	0.17440	0.02909	0.01965	0.01193	0.01339	0.04302	0.00623	0.00666	0.00158	0.11907	0.00444	0.00335	0.12950
2	0.07679	0.01108	0.01177	0.03920	0.01366	0.07365	0.03630	0.14467	0.19798	0.05049	0.03642	0.07725	0.03123	0.00938	0.04454	0.02311	0.00541	0.00607	0.10414	0.00686
3	0.46381	0.03653	0.01097	0.00881	0.01223	0.03532	0.00722	0.19293	0.04584	0.05456	0.07550	0.01326	0.01123	0.00601	0.00428	0.00163	0.00466	0.00419	0.00420	0.00682
4	0.05353	0.04476	0.15466	0.03290	0.01569	0.01242	0.01041	0.30075	0.04112	0.07720	0.10476	0.03523	0.01488	0.00684	0.00518	0.00162	0.00535	0.00543	0.06962	0.00764
5	0.01020	0.00640	0.00713	0.00676	0.00831	0.00667	0.00515	0.05962	0.08627	0.02044	0.14972	0.05933	0.02111	0.01058	0.07181	0.00208	0.00393	0.00645	0.45248	0.00556
6	0.01145	0.13455	0.34848	0.01221	0.01706	0.01250	0.03197	0.07288	0.03306	0.01679	0.04154	0.04966	0.03478	0.00964	0.05973	0.05837	0.04036	0.00513	0.00301	0.00683
7	0.07895	0.00587	0.00650	0.00654	0.00813	0.00545	0.00500	0.00935	0.01261	0.01732	0.24432	0.11927	0.37024	0.01256	0.00623	0.00186	0.00303	0.07687	0.00509	0.00481
8	0.02886	0.28905	0.16578	0.01106	0.01533	0.04298	0.04756	0.06105	0.05484	0.04079	0.07248	0.01549	0.01245	0.04566	0.07280	0.00226	0.00678	0.00468	0.00323	0.00687
9	0.00723	0.00523	0.00639	0.00671	0.00747	0.00490	0.00465	0.00847	0.01123	0.01495	0.20413	0.25171	0.15515	0.22379	0.01207	0.00282	0.00359	0.06047	0.00474	0.00430
10	0.06156	0.11594	0.01402	0.03921	0.01399	0.01043	0.00767	0.03856	0.01175	0.11129	0.01053	0.01175	0.00829	0.00491	0.00498	0.00116	0.05365	0.00360	0.00348	0.47323
11	0.01442	0.01255	0.04541	0.17124	0.19507	0.09952	0.04039	0.01717	0.01241	0.14842	0.02565	0.01535	0.01014	0.04053	0.03511	0.00196	0.00667	0.00484	0.00344	0.09971

[dist]
# distance from previous block
# <min> <max>
1	8

[block]
# block no. 11 follows, 45 sequences, length 9
# corresponding to MSA columns:
# 1176-1184
name=unknown_L
#
# <colnr> <probs for GDERKNQSTAVLIFYWHMCP>
#	G	D	E	R	K	N	Q	S	T	A	V	L	I	F	Y	W	H	M	C	P
0	0.01550	0.00904	0.01124	0.00951	0.01162	0.03288	0.00752	0.04159	0.01261	0.30866	0.05690	0.05828	0.09509	0.10585	0.01075	0.00225	0.17126	0.00672	0.02608	0.00666
1	0.00927	0.00675	0.00790	0.00745	0.00877	0.00667	0.00535	0.09962	0.01204	0.01618	0.10004	0.12566	0.10445	0.30464	0.05038	0.00336	0.00483	0.06625	0.00428	0.05611
2	0.00998	0.00934	0.10630	0.00848	0.01110	0.00706	0.00756	0.07536	0.01403	0.07751	0.22978	0.13134	0.22151	0.01115	0.00616	0.00182	0.00394	0.05668	0.00504	0.00586
3	0.15468	0.02735	0.19046	0.01254	0.03977	0.01224	0.06723	0.16788	0.03842	0.10742	0.06943	0.03133	0.01228	0.00634	0.00539	0.00169	0.02557	0.00508	0.01734	0.00754
4	0.00928	0.00656	0.00800	0.00759	0.00872	0.00657	0.00542	0.05860	0.01072	0.03274	0.05885	0.12532	0.06287	0.32183	0.07258	0.03158	0.03163	0.06665	0.00395	0.07053
5	0.06722	0.11100	0.25103	0.01327	0.05745	0.01266	0.06820	0.10530	0.01273	0.03720	0.01460	0.07789	0.05738	0.04773	0.00683	0.00187	0.04163	0.00570	0.00331	0.00701
6	0.06763	0.01024	0.06973	0.00836	0.01116	0.05143	0.00712	0.06189	0.08998	0.09349	0.09829	0.04766	0.01672	0.00696	0.00472	0.00150	0.00412	0.00562	0.29176	0.05160
7	0.06903	0.05421	0.09616	0.04540	0.01491	0.09404	0.00932	0.07684	0.08081	0.11025	0.01417	0.07635	0.01173	0.00822	0.04179	0.00188	0.02710	0.00521	0.05518	0.10740
8	0.01432	0.01511	0.19259	0.04665	0.04495	0.06213	0.04614	0.05596	0.04003	0.15677	0.07294	0.01673	0.01287	0.00613	0.00545	0.00154	0.02193	0.02408	0.00393	0.15976

[dist]
# distance from previous block
# <min> <max>
1	18

[block]
# block no. 12 follows, 45 sequences, length 41
# corresponding to MSA columns:
# 1203-1237,1255-1260
name=unknown_M
#
# <colnr> <probs for GDERKNQSTAVLIFYWHMCP>
#	G	D	E	R	K	N	Q	S	T	A	V	L	I	F	Y	W	H	M	C	P
0	0.01059	0.03446	0.01137	0.04686	0.07591	0.00868	0.02602	0.01319	0.03861	0.07071	0.12513	0.04668	0.16279	0.01056	0.04415	0.00206	0.10081	0.03175	0.11020	0.02947
1	0.05623	0.04370	0.02752	0.02915	0.01407	0.01129	0.00839	0.21126	0.11761	0.25345	0.13005	0.02022	0.03872	0.00729	0.00538	0.00166	0.00467	0.00589	0.00548	0.00797
2	0.02811	0.00918	0.01255	0.23621	0.01889	0.01011	0.00939	0.15334	0.01321	0.16004	0.01290	0.01680	0.01018	0.07164	0.03130	0.16449	0.02652	0.00511	0.00382	0.00620
3	0.01474	0.01333	0.06400	0.04113	0.08773	0.01363	0.01050	0.22490	0.37062	0.02425	0.03960	0.01700	0.01348	0.00661	0.00537	0.00170	0.00518	0.00544	0.00480	0.03598
4	0.00773	0.00552	0.00745	0.00745	0.00801	0.00607	0.00525	0.00883	0.00828	0.01159	0.01545	0.02702	0.01600	0.36630	0.46756	0.00718	0.01050	0.00662	0.00304	0.00414
5	0.03479	0.01224	0.01681	0.09334	0.01843	0.05823	0.13217	0.13776	0.01338	0.06582	0.01220	0.08681	0.01067	0.00732	0.00822	0.00179	0.18683	0.00575	0.00356	0.09389
6	0.01043	0.00708	0.01012	0.08290	0.08985	0.00710	0.00780	0.01274	0.05445	0.09108	0.15891	0.17692	0.05955	0.01187	0.00828	0.12177	0.00428	0.07481	0.00449	0.00553
7	0.09793	0.04710	0.01513	0.01171	0.03641	0.03134	0.06834	0.15335	0.07348	0.28164	0.01477	0.01468	0.01039	0.00641	0.00596	0.02414	0.03545	0.00482	0.00479	0.06215
8	0.08072	0.00783	0.00922	0.00839	0.01053	0.02632	0.00642	0.07559	0.01365	0.20668	0.16110	0.25823	0.04484	0.01241	0.05084	0.00221	0.00447	0.00902	0.00529	0.00625
9	0.00712	0.00490	0.00631	0.00707	0.00738	0.00468	0.00465	0.00781	0.00988	0.01324	0.07362	0.50602	0.03106	0.21124	0.01259	0.04715	0.00372	0.03305	0.00448	0.00404
10	0.01055	0.01229	0.10774	0.03540	0.01841	0.02940	0.27386	0.05583	0.01224	0.01647	0.01869	0.30818	0.03795	0.00965	0.00654	0.00192	0.02572	0.00925	0.00370	0.00620
11	0.05552	0.07832	0.03518	0.09576	0.02072	0.03431	0.24652	0.08536	0.03435	0.08856	0.03043	0.04074	0.01038	0.00635	0.00710	0.00178	0.11259	0.00553	0.00346	0.00705
12	0.33077	0.01001	0.01072	0.00866	0.01235	0.01023	0.00713	0.10206	0.01388	0.37210	0.01494	0.01422	0.01007	0.00598	0.00452	0.00163	0.00444	0.00438	0.05427	0.00765
13	0.08547	0.00602	0.00731	0.00801	0.00904	0.00606	0.00623	0.00992	0.01068	0.01504	0.02593	0.19333	0.07523	0.18448	0.01111	0.00288	0.00443	0.32987	0.00444	0.00452
14	0.01174	0.01159	0.02081	0.37133	0.30169	0.01262	0.14216	0.01528	0.01154	0.01567	0.00990	0.01391	0.00781	0.00511	0.00581	0.00174	0.02662	0.00504	0.00254	0.00709
15	0.29467	0.00939	0.01037	0.00826	0.01206	0.00896	0.00675	0.01946	0.01254	0.34665	0.06317	0.01525	0.01228	0.00590	0.00452	0.00151	0.00419	0.00446	0.00488	0.15474
16	0.00674	0.00469	0.00616	0.00733	0.00770	0.00440	0.00491	0.00776	0.01033	0.01406	0.02889	0.76267	0.03426	0.01621	0.00667	0.00213	0.00308	0.01467	0.05293	0.00440
17	0.06876	0.12866	0.14199	0.01106	0.01586	0.03203	0.03484	0.12193	0.04039	0.17257	0.01232	0.01273	0.00897	0.00546	0.00493	0.00145	0.02048	0.00416	0.00395	0.15746
18	0.00938	0.00777	0.01007	0.00920	0.01031	0.00879	0.01934	0.06654	0.01184	0.01619	0.14598	0.10641	0.16081	0.10078	0.06391	0.00280	0.19354	0.04695	0.00417	0.00521
19	0.05198	0.01096	0.01340	0.01031	0.01448	0.01068	0.00852	0.24755	0.01813	0.52899	0.01819	0.01631	0.01177	0.00652	0.00532	0.00165	0.00496	0.00514	0.00614	0.00902
20	0.01576	0.11251	0.10136	0.08184	0.03699	0.15900	0.02941	0.12273	0.12649	0.07760	0.01247	0.01345	0.00944	0.00599	0.00555	0.00160	0.04272	0.00450	0.03313	0.00746
21	0.01125	0.02474	0.63006	0.01697	0.09247	0.01260	0.05148	0.01771	0.06045	0.01741	0.01052	0.01222	0.00764	0.00519	0.00520	0.00170	0.00760	0.00428	0.00253	0.00799
22	0.01474	0.01153	0.01245	0.01080	0.01399	0.01299	0.00850	0.13409	0.56676	0.07318	0.06472	0.02005	0.01714	0.00734	0.00550	0.00177	0.00441	0.00606	0.00555	0.00843
23	0.00901	0.00565	0.00639	0.00621	0.00692	0.00580	0.00414	0.04281	0.00999	0.01500	0.04534	0.02828	0.01785	0.42055	0.09757	0.00407	0.00526	0.00668	0.25822	0.00427
24	0.00688	0.00520	0.00624	0.00668	0.00769	0.00471	0.00477	0.00825	0.01173	0.01522	0.16649	0.31557	0.28693	0.07553	0.00819	0.00222	0.00315	0.05505	0.00501	0.00449
25	0.01289	0.01090	0.01652	0.52297	0.03015	0.01275	0.05592	0.14193	0.07414	0.05201	0.01168	0.01471	0.00856	0.00571	0.00543	0.00176	0.00671	0.00500	0.00334	0.00692
26	0.00717	0.00546	0.00670	0.00716	0.00842	0.00499	0.00553	0.00894	0.01245	0.01611	0.18770	0.20801	0.30390	0.01402	0.00670	0.00202	0.00328	0.18161	0.00516	0.00470
27	0.01950	0.02403	0.01499	0.01353	0.01638	0.69743	0.01021	0.04812	0.07865	0.01465	0.00959	0.01066	0.00779	0.00571	0.00491	0.00143	0.00909	0.00372	0.00308	0.00652
28	0.12408	0.06631	0.16862	0.06356	0.06352	0.03408	0.03012	0.07395	0.09341	0.18214	0.01322	0.01367	0.00945	0.00567	0.00490	0.00162	0.00584	0.00447	0.00399	0.03738
29	0.03536	0.16779	0.19098	0.09780	0.02108	0.09009	0.14540	0.03490	0.01166	0.01548	0.00955	0.01210	0.01748	0.00574	0.00680	0.00169	0.12224	0.00441	0.00257	0.00687
30	0.84927	0.01038	0.00789	0.00706	0.01038	0.01204	0.00581	0.01578	0.00914	0.02408	0.00747	0.00872	0.00581	0.00498	0.00332	0.00166	0.00415	0.00291	0.00332	0.00581
31	0.00826	0.00591	0.00716	0.00725	0.00852	0.00569	0.00551	0.01024	0.03681	0.04019	0.12294	0.04401	0.24349	0.19243	0.07226	0.00322	0.00476	0.17204	0.00461	0.00471
32	0.00738	0.00506	0.00640	0.00734	0.00810	0.00479	0.00536	0.00886	0.01098	0.01510	0.03020	0.48699	0.10737	0.01463	0.00646	0.00206	0.00331	0.14102	0.12403	0.00457
33	0.07613	0.01088	0.01263	0.01077	0.04712	0.01122	0.00831	0.30824	0.01781	0.25874	0.01647	0.05817	0.01220	0.00687	0.00509	0.00161	0.00478	0.00546	0.11945	0.00805
34	0.00765	0.00573	0.00643	0.00631	0.00798	0.00507	0.00470	0.00970	0.03771	0.05015	0.20443	0.12899	0.48007	0.01287	0.00633	0.00182	0.00285	0.01097	0.00527	0.00496
35	0.01315	0.01520	0.03061	0.02206	0.02731	0.06380	0.70997	0.01747	0.01283	0.01693	0.01069	0.01417	0.00807	0.00459	0.00624	0.00178	0.00909	0.00615	0.00272	0.00717
36	0.01174	0.01174	0.01644	0.01409	0.01409	0.01644	0.01174	0.01292	0.00822	0.01292	0.00705	0.01174	0.00705	0.00940	0.01762	0.00235	0.80153	0.00470	0.00235	0.00587
37	0.01004	0.00933	0.01730	0.06589	0.04725	0.00913	0.26860	0.01313	0.01209	0.01606	0.02057	0.13516	0.02122	0.01052	0.00676	0.00213	0.00633	0.31871	0.00392	0.00586
38	0.00829	0.00577	0.00691	0.00668	0.00813	0.00530	0.00492	0.01060	0.04171	0.05857	0.34686	0.13586	0.24597	0.05894	0.00748	0.00198	0.00299	0.01025	0.02774	0.00507
39	0.01175	0.04082	0.15277	0.01065	0.01408	0.05451	0.05264	0.01499	0.03912	0.10749	0.13511	0.15628	0.06158	0.00907	0.00601	0.00173	0.02457	0.03535	0.00429	0.06718
40	0.06347	0.14087	0.06420	0.03802	0.01426	0.06695	0.03395	0.12908	0.06504	0.01914	0.09833	0.12270	0.05145	0.00835	0.00564	0.00169	0.02763	0.02740	0.01528	0.00653

[dist]
# distance from previous block
# <min> <max>
2	39

[block]
# block no. 13 follows, 45 sequences, length 9
# corresponding to MSA columns:
# 1300-1308
name=unknown_N
#
# <colnr> <probs for GDERKNQSTAVLIFYWHMCP>
#	G	D	E	R	K	N	Q	S	T	A	V	L	I	F	Y	W	H	M	C	P
0	0.01329	0.29818	0.11425	0.06006	0.04721	0.04078	0.05413	0.08441	0.01264	0.01666	0.04900	0.01368	0.01022	0.00582	0.00562	0.00149	0.06781	0.02332	0.00297	0.07847
