[name]
unknown

[dist]
# distance from previous block
# <min> <max>
0	288

[block]
# block no. 0 follows, 38 sequences, length 18
# corresponding to MSA columns:
# 294-311
name=unknown_A
#
# <colnr> <probs for GDERKNQSTAVLIFYWHMCP>
#	G	D	E	R	K	N	Q	S	T	A	V	L	I	F	Y	W	H	M	C	P
0	0.04764	0.01637	0.22265	0.04909	0.08979	0.01213	0.07559	0.02875	0.07662	0.02054	0.15336	0.07302	0.02113	0.00862	0.00718	0.00202	0.05543	0.02831	0.00412	0.00764
1	0.01396	0.01505	0.11049	0.14502	0.18239	0.01424	0.03601	0.07296	0.20357	0.02148	0.05112	0.01906	0.02962	0.00721	0.00688	0.00197	0.05020	0.00609	0.00413	0.00854
2	0.00913	0.00802	0.05480	0.05849	0.01214	0.00714	0.00755	0.01081	0.01254	0.01713	0.23738	0.09632	0.13209	0.05456	0.09124	0.13716	0.03453	0.00920	0.00458	0.00519
3	0.01324	0.01120	0.04521	0.07690	0.06602	0.01109	0.07886	0.01936	0.16729	0.09222	0.23072	0.02684	0.02593	0.03028	0.03913	0.00240	0.04299	0.00760	0.00511	0.00761
4	0.00751	0.00560	0.00702	0.00798	0.00885	0.00511	0.00563	0.00888	0.01251	0.01627	0.08331	0.52639	0.20253	0.01747	0.00755	0.00234	0.00348	0.06090	0.00565	0.00502
5	0.13753	0.01383	0.08951	0.06944	0.11601	0.01178	0.06859	0.05552	0.01393	0.13258	0.01346	0.03959	0.01045	0.00609	0.00542	0.00167	0.00616	0.00517	0.00409	0.19918
6	0.04880	0.01321	0.10080	0.18089	0.09630	0.01099	0.03140	0.01978	0.01380	0.21693	0.01595	0.01727	0.03288	0.00628	0.00564	0.00172	0.00627	0.00531	0.02218	0.15358
7	0.11639	0.02064	0.30409	0.04288	0.02072	0.09578	0.06764	0.06227	0.01374	0.03767	0.01403	0.10980	0.01236	0.00950	0.04460	0.00233	0.00810	0.00625	0.00354	0.00768
8	0.14555	0.01484	0.04249	0.09259	0.01865	0.11198	0.05424	0.14120	0.11458	0.05328	0.03694	0.01674	0.01230	0.00678	0.00544	0.00180	0.00639	0.00534	0.11106	0.00782
9	0.01275	0.03021	0.71046	0.01694	0.02557	0.01427	0.02154	0.06427	0.01369	0.02025	0.01103	0.01281	0.00779	0.00581	0.00573	0.00190	0.00875	0.00451	0.00276	0.00898
10	0.00797	0.00573	0.00783	0.00870	0.00928	0.00582	0.00616	0.00931	0.01088	0.01477	0.02702	0.45587	0.03095	0.10760	0.21188	0.00475	0.00724	0.05856	0.00475	0.00493
11	0.01136	0.01069	0.01804	0.77412	0.04143	0.01337	0.01671	0.01537	0.01203	0.01537	0.01069	0.01604	0.00802	0.00601	0.00601	0.00200	0.00802	0.00535	0.00267	0.00668
12	0.00845	0.00580	0.00693	0.00709	0.00776	0.00554	0.00466	0.00968	0.01202	0.01662	0.21184	0.19203	0.08218	0.33101	0.01665	0.00359	0.00421	0.01105	0.05826	0.00464
13	0.01254	0.08829	0.48610	0.09639	0.02438	0.01403	0.01807	0.06202	0.01379	0.01959	0.06071	0.05216	0.01264	0.00686	0.00580	0.00188	0.00779	0.00554	0.00319	0.00824
14	0.01067	0.00737	0.00911	0.00835	0.01020	0.00718	0.00635	0.06094	0.06161	0.05621	0.53702	0.08603	0.05992	0.01175	0.00684	0.00191	0.00335	0.01027	0.03856	0.00635
15	0.09369	0.06730	0.01688	0.01316	0.06109	0.01314	0.05767	0.12707	0.04167	0.02222	0.01170	0.01388	0.00954	0.00840	0.05636	0.00203	0.06119	0.00458	0.00383	0.31461
16	0.12844	0.04629	0.06346	0.10925	0.04742	0.01165	0.04465	0.06333	0.01358	0.14904	0.01401	0.01786	0.01124	0.11083	0.00868	0.00223	0.00613	0.00528	0.00416	0.14248
17	0.06961	0.11450	0.08437	0.01450	0.01895	0.15263	0.09319	0.14379	0.09415	0.07496	0.01364	0.03277	0.01067	0.00688	0.00639	0.00182	0.04937	0.00530	0.00419	0.00833

[dist]
# distance from previous block
# <min> <max>
0	13

[block]
# block no. 1 follows, 38 sequences, length 22
# corresponding to MSA columns:
# 325-346
name=unknown_B
#
# <colnr> <probs for GDERKNQSTAVLIFYWHMCP>
#	G	D	E	R	K	N	Q	S	T	A	V	L	I	F	Y	W	H	M	C	P
0	0.06155	0.14201	0.08466	0.03966	0.06925	0.03153	0.06353	0.05496	0.12255	0.14595	0.04320	0.01724	0.02313	0.00683	0.00616	0.00180	0.03831	0.00548	0.00446	0.03773
1	0.01402	0.06771	0.15879	0.04171	0.06117	0.01201	0.01166	0.07302	0.10270	0.07209	0.07855	0.02115	0.07547	0.00779	0.00628	0.02771	0.00577	0.00601	0.00439	0.15202
2	0.00894	0.00686	0.00822	0.00791	0.00956	0.00646	0.00578	0.01235	0.08164	0.02026	0.34966	0.16864	0.15613	0.07087	0.00870	0.00226	0.00348	0.01125	0.00583	0.05521
3	0.05589	0.01205	0.01436	0.03230	0.11110	0.01316	0.01017	0.13729	0.29921	0.06104	0.06875	0.09778	0.01962	0.02060	0.00652	0.00203	0.00519	0.00746	0.01687	0.00859
4	0.00787	0.00602	0.00710	0.00702	0.00850	0.00538	0.00513	0.00986	0.01475	0.01953	0.37176	0.12261	0.32072	0.05666	0.00845	0.00222	0.00315	0.01208	0.00596	0.00526
5	0.01258	0.01080	0.01456	0.19783	0.11185	0.01221	0.01141	0.02109	0.28726	0.02114	0.12149	0.02322	0.01986	0.01005	0.05197	0.00241	0.00615	0.00676	0.04954	0.00783
6	0.00796	0.00588	0.00750	0.00838	0.00915	0.00562	0.00579	0.01026	0.05607	0.01734	0.14441	0.59043	0.07458	0.01702	0.00747	0.00231	0.00344	0.01532	0.00578	0.00529
7	0.01361	0.01320	0.03047	0.07759	0.22528	0.08760	0.06252	0.01843	0.11233	0.03755	0.09425	0.14996	0.02059	0.00902	0.00664	0.00197	0.01884	0.00810	0.00432	0.00772
8	0.01696	0.01788	0.16339	0.01644	0.07759	0.03257	0.05978	0.26047	0.04434	0.05529	0.05741	0.01629	0.01251	0.00713	0.00737	0.00188	0.08485	0.00557	0.00444	0.05781
9	0.76806	0.01251	0.01014	0.00885	0.01264	0.04472	0.03279	0.01800	0.01066	0.02620	0.00855	0.01005	0.00666	0.00559	0.00392	0.00185	0.00511	0.00342	0.00367	0.00659
10	0.10065	0.01383	0.01439	0.01187	0.01574	0.01543	0.00956	0.37731	0.21826	0.03093	0.01905	0.04340	0.03812	0.00795	0.00580	0.00188	0.00546	0.00621	0.05512	0.00903
11	0.02210	0.00905	0.01187	0.00948	0.01330	0.00791	0.00770	0.02443	0.01633	0.55424	0.07036	0.02594	0.09160	0.00847	0.00601	0.00183	0.00451	0.00696	0.09898	0.00892
12	0.01207	0.03112	0.75741	0.01715	0.02604	0.01397	0.02223	0.01905	0.01270	0.01905	0.01080	0.01270	0.00762	0.00572	0.00572	0.00191	0.00889	0.00445	0.00254	0.00889
13	0.00763	0.00580	0.00707	0.00771	0.00887	0.00524	0.00559	0.00925	0.01329	0.01724	0.15499	0.37246	0.27478	0.01645	0.00745	0.00225	0.00340	0.06964	0.00575	0.00513
14	0.01197	0.01140	0.01031	0.03463	0.04597	0.17436	0.00699	0.01286	0.01133	0.01344	0.01787	0.12654	0.01966	0.41354	0.06040	0.00435	0.00734	0.00835	0.00369	0.00501
15	0.83108	0.01163	0.00884	0.00791	0.01163	0.01350	0.00651	0.01768	0.01024	0.02699	0.00838	0.00977	0.00651	0.00558	0.00372	0.00186	0.00465	0.00326	0.00372	0.00651
16	0.01220	0.00737	0.00894	0.00816	0.01023	0.00704	0.00623	0.04866	0.05169	0.12232	0.33839	0.10623	0.09960	0.01124	0.00646	0.00188	0.00350	0.00969	0.13361	0.00656
17	0.01228	0.02961	0.68446	0.01798	0.02658	0.01410	0.09367	0.01907	0.01285	0.01907	0.01093	0.01306	0.00777	0.00565	0.00586	0.00192	0.00902	0.00471	0.00259	0.00881
18	0.00740	0.00539	0.00700	0.00826	0.00882	0.00499	0.00565	0.00857	0.01183	0.01555	0.03591	0.68222	0.11121	0.01839	0.00765	0.00241	0.00353	0.04471	0.00558	0.00493
19	0.09962	0.00992	0.01312	0.08737	0.01698	0.00939	0.00919	0.02347	0.01505	0.46723	0.02072	0.05032	0.01515	0.00927	0.03303	0.00217	0.00568	0.04815	0.00603	0.05815
20	0.01458	0.08958	0.01775	0.01434	0.08277	0.01145	0.12123	0.08842	0.01563	0.12441	0.08585	0.10673	0.14379	0.00974	0.00645	0.00191	0.00566	0.02879	0.00499	0.02595
21	0.14511	0.19699	0.08195	0.01428	0.09045	0.12525	0.01141	0.06399	0.09371	0.06681	0.04699	0.01466	0.01179	0.00637	0.00510	0.00170	0.00666	0.00470	0.00396	0.00811

[dist]
# distance from previous block
# <min> <max>
4	27

[block]
# block no. 2 follows, 38 sequences, length 20
# corresponding to MSA columns:
# 374-393
name=unknown_C
#
# <colnr> <probs for GDERKNQSTAVLIFYWHMCP>
#	G	D	E	R	K	N	Q	S	T	A	V	L	I	F	Y	W	H	M	C	P
0	0.28723	0.19438	0.07511	0.01448	0.10923	0.12123	0.01129	0.08857	0.01403	0.02188	0.00965	0.01122	0.00779	0.00571	0.00465	0.00168	0.00676	0.00390	0.00341	0.00778
1	0.07750	0.03671	0.01732	0.23462	0.03529	0.01256	0.10833	0.09373	0.03783	0.10841	0.04283	0.01802	0.01246	0.00658	0.00569	0.00184	0.00639	0.00575	0.13055	0.00762
2	0.01807	0.07746	0.02363	0.02445	0.30468	0.19311	0.11495	0.10950	0.01639	0.04424	0.01153	0.01385	0.00918	0.00580	0.00584	0.00173	0.00826	0.00512	0.00351	0.00870
3	0.01011	0.00644	0.00861	0.04483	0.01085	0.00631	0.00632	0.01169	0.01242	0.09132	0.14593	0.30102	0.05896	0.15143	0.10220	0.00371	0.00567	0.01150	0.00519	0.00550
4	0.05932	0.01220	0.07041	0.01099	0.01601	0.00973	0.00967	0.05421	0.01647	0.55490	0.02022	0.01826	0.01310	0.00688	0.00574	0.00175	0.00537	0.00550	0.00641	0.10285
5	0.00740	0.00595	0.00660	0.00677	0.00839	0.00515	0.00495	0.00906	0.01389	0.01746	0.17592	0.18824	0.49837	0.01538	0.00721	0.00208	0.00309	0.01318	0.00577	0.00515
6	0.00887	0.00583	0.00687	0.00687	0.00695	0.00590	0.00403	0.00882	0.00874	0.01173	0.01811	0.03667	0.02053	0.67865	0.08084	0.06855	0.00650	0.00832	0.00354	0.00369
7	0.01666	0.01310	0.01406	0.01228	0.01591	0.01485	0.00966	0.09990	0.61535	0.08240	0.02345	0.02151	0.01730	0.00802	0.00611	0.00200	0.00497	0.00661	0.00621	0.00965
8	0.01013	0.00540	0.00794	0.00794	0.00805	0.00551	0.00535	0.00821	0.00810	0.01091	0.01168	0.02042	0.01179	0.08072	0.10247	0.67761	0.00642	0.00562	0.00275	0.00298
9	0.01005	0.00832	0.01140	0.01059	0.01100	0.01035	0.00805	0.01127	0.00924	0.01341	0.01447	0.02530	0.01496	0.26548	0.30714	0.00631	0.24748	0.00680	0.00317	0.00521
10	0.71780	0.07257	0.01110	0.00857	0.01236	0.06144	0.00713	0.01811	0.01082	0.02524	0.00843	0.00983	0.00668	0.00559	0.00384	0.00180	0.00518	0.00329	0.00360	0.00664
11	0.01534	0.00781	0.00865	0.00762	0.01003	0.00781	0.00597	0.07304	0.06038	0.16309	0.02031	0.02145	0.01511	0.00718	0.00482	0.00156	0.00366	0.00575	0.55333	0.00709
12	0.03559	0.01856	0.27583	0.04154	0.04460	0.01308	0.08646	0.02189	0.22364	0.04403	0.11513	0.02058	0.01780	0.00730	0.00613	0.00195	0.00669	0.00634	0.00438	0.00848
13	0.00776	0.00567	0.00730	0.00785	0.00877	0.00521	0.00552	0.00953	0.01383	0.01878	0.30772	0.43327	0.11451	0.01601	0.00740	0.00219	0.00320	0.01431	0.00598	0.00521
14	0.01213	0.04867	0.30351	0.05081	0.02968	0.03242	0.06029	0.04541	0.06931	0.01932	0.06308	0.15850	0.01871	0.00926	0.00663	0.00204	0.02311	0.03553	0.00394	0.00764
15	0.00961	0.00741	0.00879	0.00851	0.01022	0.00738	0.00632	0.04045	0.13048	0.02176	0.35084	0.20465	0.14373	0.01331	0.00703	0.00205	0.00346	0.01165	0.00614	0.00620
16	0.12132	0.11289	0.11093	0.13791	0.02187	0.03418	0.08632	0.05726	0.09975	0.02065	0.06661	0.01660	0.01289	0.00682	0.00648	0.00189	0.05778	0.00542	0.01478	0.00765
17	0.61185	0.04549	0.01078	0.03316	0.01317	0.01290	0.00721	0.01751	0.01088	0.05277	0.00961	0.01124	0.00755	0.00709	0.03413	0.00204	0.00529	0.00359	0.00374	0.09998
18	0.01648	0.06368	0.10862	0.11939	0.04910	0.01276	0.02715	0.09823	0.06881	0.18210	0.05305	0.02166	0.06971	0.00827	0.00714	0.02791	0.03676	0.01618	0.00478	0.00823
19	0.01392	0.07088	0.06404	0.06917	0.01685	0.01126	0.06391	0.07964	0.06308	0.05907	0.05787	0.01929	0.01449	0.04081	0.00639	0.00175	0.00546	0.00560	0.17906	0.15745

[dist]
# distance from previous block
# <min> <max>
6	60

[block]
# block no. 3 follows, 38 sequences, length 21
# corresponding to MSA columns:
# 456-476
name=unknown_D
#
# <colnr> <probs for GDERKNQSTAVLIFYWHMCP>
#	G	D	E	R	K	N	Q	S	T	A	V	L	I	F	Y	W	H	M	C	P
0	0.15794	0.23835	0.27376	0.01391	0.04076	0.05893	0.03014	0.07317	0.01372	0.03461	0.01018	0.01166	0.00789	0.00568	0.00490	0.00170	0.00730	0.00405	0.00317	0.00817
1	0.01322	0.21575	0.46514	0.01451	0.02156	0.01614	0.01719	0.01986	0.09179	0.01873	0.04363	0.01440	0.01094	0.00613	0.00536	0.00177	0.00757	0.00468	0.00311	0.00853
2	0.01649	0.05308	0.01485	0.01183	0.01553	0.01529	0.00949	0.22581	0.41461	0.02740	0.02339	0.02223	0.07097	0.00823	0.00597	0.00191	0.00515	0.00662	0.04206	0.00912
3	0.03308	0.01133	0.01217	0.01019	0.01402	0.04336	0.00789	0.02036	0.23182	0.05825	0.01881	0.13327	0.01665	0.00802	0.00555	0.00158	0.00472	0.00673	0.00482	0.35737
4	0.01340	0.00964	0.01185	0.01146	0.01367	0.04739	0.03621	0.07040	0.05560	0.08763	0.02585	0.04761	0.02578	0.07781	0.00930	0.00268	0.00589	0.39967	0.04162	0.00657
5	0.01519	0.10479	0.02398	0.01064	0.03035	0.06622	0.00852	0.05033	0.02939	0.12621	0.10686	0.04465	0.09029	0.00801	0.00609	0.00157	0.03426	0.00636	0.00471	0.23157
6	0.01951	0.01375	0.05049	0.01149	0.01558	0.06868	0.00956	0.22588	0.01897	0.23394	0.08797	0.06278	0.01777	0.04401	0.00714	0.00194	0.00583	0.00657	0.00570	0.09243
7	0.01052	0.00683	0.00898	0.00878	0.01039	0.00692	0.00662	0.01282	0.03919	0.10341	0.02948	0.16346	0.16756	0.06670	0.32360	0.00546	0.00902	0.00964	0.00474	0.00588
8	0.01025	0.00628	0.00809	0.00814	0.00960	0.00567	0.00591	0.01205	0.01416	0.11633	0.24152	0.37183	0.13715	0.01496	0.00722	0.00215	0.00346	0.01325	0.00613	0.00585
9	0.02188	0.14333	0.01899	0.01430	0.01785	0.58846	0.01119	0.02355	0.01633	0.07663	0.01036	0.01147	0.00834	0.00614	0.00524	0.00154	0.00970	0.00396	0.00338	0.00736
10	0.01170	0.00808	0.00910	0.00828	0.01083	0.00775	0.00639	0.01680	0.16527	0.11960	0.18469	0.04292	0.36087	0.01213	0.00676	0.00198	0.00364	0.01022	0.00615	0.00681
11	0.01394	0.01446	0.01831	0.01577	0.01603	0.08088	0.01303	0.01528	0.00987	0.01450	0.00801	0.01297	0.00788	0.01017	0.01854	0.00254	0.71339	0.00515	0.00267	0.00661
12	0.02050	0.01203	0.01555	0.12383	0.06066	0.01246	0.01094	0.16914	0.11826	0.31962	0.03830	0.02026	0.03568	0.00752	0.00610	0.00190	0.00579	0.00620	0.00595	0.00932
13	0.01385	0.01541	0.03017	0.08579	0.02918	0.05141	0.54060	0.01824	0.01355	0.01805	0.01204	0.01643	0.00941	0.00882	0.07119	0.00267	0.04588	0.00665	0.00301	0.00764
14	0.00926	0.00574	0.00768	0.00858	0.00937	0.00529	0.00590	0.01048	0.01222	0.08681	0.05268	0.68997	0.03788	0.01756	0.00750	0.00237	0.00363	0.01586	0.00579	0.00542
15	0.01337	0.12111	0.41896	0.01782	0.02503	0.01560	0.19178	0.02022	0.08302	0.01908	0.01214	0.01412	0.00903	0.00572	0.00586	0.00187	0.00849	0.00516	0.00301	0.00862
16	0.01672	0.04922	0.01723	0.24699	0.04307	0.01193	0.06582	0.02158	0.10043	0.24210	0.10508	0.02129	0.01730	0.00733	0.00614	0.00191	0.00619	0.00643	0.00503	0.00821
17	0.01116	0.08675	0.09405	0.33011	0.05964	0.01202	0.01365	0.01464	0.01262	0.01648	0.01966	0.08029	0.06960	0.00934	0.00635	0.00207	0.00672	0.13215	0.01601	0.00668
18	0.01095	0.01025	0.01689	0.70021	0.03823	0.01257	0.01554	0.01472	0.01219	0.01545	0.01553	0.02007	0.07929	0.00690	0.00612	0.00201	0.00754	0.00605	0.00295	0.00653
19	0.01510	0.22645	0.25910	0.07066	0.02028	0.10549	0.01402	0.01876	0.01331	0.07834	0.01350	0.08719	0.01166	0.00710	0.00538	0.00174	0.00736	0.00551	0.03127	0.00780
20	0.01445	0.09127	0.06260	0.01386	0.06798	0.05398	0.06529	0.07947	0.04660	0.09403	0.10803	0.18409	0.04332	0.01008	0.00687	0.00196	0.03514	0.00865	0.00483	0.00749

[dist]
# distance from previous block
# <min> <max>
0	54

[block]
# block no. 4 follows, 38 sequences, length 45
# corresponding to MSA columns:
# 532-569,575-581
name=unknown_E
#
# <colnr> <probs for GDERKNQSTAVLIFYWHMCP>
#	G	D	E	R	K	N	Q	S	T	A	V	L	I	F	Y	W	H	M	C	P
0	0.11196	0.03049	0.03472	0.08947	0.13095	0.06176	0.06377	0.05871	0.07092	0.08443	0.05550	0.01656	0.01250	0.00714	0.00781	0.00195	0.12195	0.00551	0.00401	0.02989
1	0.13426	0.03740	0.01461	0.05459	0.06161	0.08965	0.00976	0.18426	0.03892	0.11702	0.02783	0.06080	0.04463	0.00760	0.00555	0.00177	0.00594	0.00596	0.04062	0.05721
2	0.01695	0.01110	0.01386	0.07517	0.03645	0.05589	0.03735	0.02054	0.07178	0.24577	0.03792	0.10944	0.01685	0.03189	0.00666	0.00186	0.00551	0.00695	0.02851	0.16957
3	0.56383	0.01159	0.01035	0.00881	0.01266	0.01264	0.00716	0.09042	0.01279	0.06676	0.01163	0.05901	0.00967	0.00655	0.00441	0.00179	0.00479	0.00452	0.00426	0.09637
4	0.01312	0.01107	0.01282	0.00921	0.01453	0.00868	0.00739	0.05937	0.01345	0.02073	0.01092	0.01260	0.00899	0.00463	0.00455	0.00095	0.00459	0.00368	0.00372	0.77500
5	0.01218	0.01108	0.01794	0.62326	0.09374	0.01330	0.01586	0.05958	0.01346	0.01762	0.05527	0.01759	0.01120	0.00642	0.00607	0.00197	0.00755	0.00568	0.00314	0.00706
6	0.00848	0.00612	0.00801	0.00759	0.00898	0.00565	0.00567	0.01126	0.01686	0.02386	0.72636	0.06722	0.05625	0.01250	0.00711	0.00191	0.00286	0.01107	0.00659	0.00565
7	0.00856	0.00584	0.00771	0.00870	0.00959	0.00545	0.00633	0.01010	0.01264	0.04581	0.07769	0.53184	0.09455	0.01734	0.00764	0.00241	0.00383	0.13298	0.00571	0.00527
8	0.00785	0.00612	0.00711	0.00687	0.00858	0.00539	0.00515	0.01006	0.01545	0.02037	0.42068	0.05111	0.38630	0.01370	0.00710	0.00196	0.00294	0.01174	0.00613	0.00539
9	0.01290	0.00736	0.00891	0.00826	0.01030	0.00716	0.00627	0.01704	0.09955	0.14604	0.24922	0.14164	0.03212	0.01061	0.00615	0.00186	0.00354	0.00916	0.21516	0.00676
10	0.78648	0.01192	0.00935	0.00824	0.01202	0.01378	0.00679	0.05704	0.01123	0.02759	0.00871	0.01003	0.00672	0.00567	0.00385	0.00186	0.00476	0.00338	0.00385	0.00672
11	0.01558	0.11783	0.03403	0.01063	0.01569	0.09987	0.00893	0.09232	0.01477	0.03914	0.01095	0.01233	0.00888	0.00515	0.00472	0.00117	0.00582	0.00383	0.00371	0.49465
12	0.01544	0.01044	0.01307	0.07031	0.01602	0.01052	0.01917	0.08839	0.14356	0.16276	0.19465	0.02610	0.05637	0.00859	0.00652	0.00181	0.02542	0.00718	0.00571	0.11796
13	0.01712	0.53456	0.05589	0.07142	0.01845	0.15312	0.01145	0.01936	0.01328	0.04400	0.00942	0.01091	0.00803	0.00551	0.00447	0.00144	0.00738	0.00366	0.00287	0.00765
14	0.02098	0.01498	0.01697	0.01340	0.01728	0.01691	0.01104	0.48867	0.06129	0.10619	0.01516	0.01561	0.01099	0.00777	0.00798	0.00193	0.11994	0.00554	0.03791	0.00947
15	0.83108	0.01163	0.00884	0.00791	0.01163	0.01350	0.00651	0.01768	0.01024	0.02699	0.00838	0.00977	0.00651	0.00558	0.00372	0.00186	0.00465	0.00326	0.00372	0.00651
16	0.01461	0.01401	0.02392	0.09476	0.69539	0.01422	0.01832	0.01822	0.01357	0.01932	0.01127	0.01498	0.00941	0.00541	0.00596	0.00180	0.00722	0.00536	0.00295	0.00931
17	0.01979	0.01409	0.01588	0.01277	0.01650	0.01572	0.01035	0.42312	0.12073	0.10474	0.01662	0.01810	0.01262	0.05800	0.05049	0.00259	0.06717	0.00592	0.00561	0.00917
18	0.01629	0.01358	0.01435	0.01251	0.01615	0.01558	0.00984	0.14922	0.62078	0.02730	0.02280	0.02110	0.01700	0.00800	0.00610	0.00200	0.00507	0.00657	0.00610	0.00964
19	0.00877	0.00574	0.00764	0.00834	0.00918	0.00530	0.00580	0.01030	0.01308	0.06176	0.19122	0.57456	0.04206	0.01671	0.00745	0.00229	0.00344	0.01506	0.00593	0.00538
20	0.01665	0.01021	0.01217	0.01063	0.01347	0.01092	0.00858	0.07569	0.20342	0.19802	0.06557	0.02664	0.01953	0.00900	0.00709	0.00197	0.06521	0.07839	0.15870	0.00814
21	0.01642	0.01458	0.02473	0.17006	0.15341	0.06161	0.27154	0.03394	0.01445	0.13352	0.01326	0.01614	0.00977	0.00597	0.00682	0.00194	0.03380	0.00599	0.00370	0.00833
22	0.01112	0.00948	0.00999	0.00935	0.01199	0.01003	0.00720	0.02038	0.37312	0.02104	0.07294	0.05275	0.32788	0.01170	0.00666	0.00205	0.00395	0.02518	0.00590	0.00731
23	0.00733	0.00524	0.00698	0.00838	0.00873	0.00489	0.00558	0.00838	0.01152	0.01536	0.03316	0.78466	0.03979	0.01885	0.00768	0.00244	0.00349	0.01710	0.00558	0.00489
24	0.03806	0.00752	0.00940	0.00900	0.01097	0.00725	0.00669	0.01657	0.08910	0.18318	0.15790	0.34181	0.03291	0.01305	0.00676	0.00210	0.00387	0.01148	0.04561	0.00678
25	0.07246	0.01955	0.06170	0.01337	0.01776	0.26526	0.01115	0.21325	0.01941	0.22600	0.01468	0.01451	0.01030	0.00675	0.00567	0.00174	0.00764	0.00488	0.00508	0.00883
26	0.00871	0.00637	0.00956	0.00956	0.01057	0.00738	0.00738	0.01057	0.00956	0.01375	0.01577	0.02331	0.01476	0.04366	0.72020	0.05866	0.01546	0.00637	0.00319	0.00521
27	0.02699	0.01024	0.01396	0.01070	0.01536	0.00884	0.00884	0.02932	0.01722	0.75522	0.02373	0.02048	0.01489	0.00745	0.00605	0.00186	0.00512	0.00605	0.00745	0.01024
28	0.01033	0.00634	0.00819	0.00847	0.00977	0.00600	0.00623	0.01273	0.03604	0.09064	0.19988	0.37947	0.03790	0.01450	0.00704	0.00217	0.00363	0.06749	0.08734	0.00586
29	0.01225	0.01160	0.01964	0.58915	0.21949	0.01360	0.01715	0.01615	0.01245	0.01644	0.01085	0.01575	0.00840	0.00585	0.00600	0.00195	0.00780	0.00535	0.00275	0.00740
30	0.01027	0.00810	0.00940	0.05512	0.01230	0.05347	0.00739	0.04020	0.01401	0.03780	0.15823	0.32046	0.07673	0.05729	0.00855	0.00243	0.00467	0.11255	0.00540	0.00566
31	0.60147	0.03705	0.01161	0.06914	0.01517	0.07791	0.00820	0.05302	0.01217	0.05446	0.00955	0.01101	0.00729	0.00581	0.00426	0.00183	0.00561	0.00369	0.00381	0.00693
32	0.01143	0.01733	0.27923	0.40230	0.03178	0.01261	0.01745	0.01601	0.01215	0.01658	0.01230	0.01887	0.01001	0.00760	0.00713	0.05148	0.00797	0.05780	0.00284	0.00714
33	0.01669	0.03636	0.05441	0.02449	0.33095	0.01562	0.08786	0.20215	0.10638	0.02485	0.01391	0.01578	0.01076	0.00620	0.00600	0.00183	0.00698	0.00564	0.02375	0.00939
34	0.01247	0.01069	0.01247	0.00891	0.01426	0.00802	0.00713	0.01515	0.01247	0.01960	0.01069	0.01247	0.00891	0.00446	0.00446	0.00089	0.00446	0.00356	0.00356	0.82536
35	0.01141	0.00942	0.01046	0.01014	0.01233	0.01026	0.00757	0.02103	0.39503	0.02127	0.08661	0.26264	0.09227	0.01241	0.00676	0.00215	0.00407	0.01082	0.00595	0.00740
36	0.01010	0.00654	0.00852	0.00853	0.00945	0.00657	0.00614	0.01151	0.01198	0.07377	0.14127	0.18843	0.03083	0.26396	0.08866	0.00413	0.03219	0.08728	0.00495	0.00522
37	0.00853	0.00589	0.00756	0.00755	0.00873	0.00549	0.00551	0.01096	0.01535	0.02200	0.51464	0.20695	0.04876	0.01321	0.00693	0.00196	0.00298	0.01172	0.08977	0.00549
38	0.01668	0.45700	0.18604	0.01269	0.01844	0.07904	0.01315	0.11996	0.01499	0.01864	0.00983	0.01109	0.00806	0.00565	0.00469	0.00152	0.00734	0.00385	0.00310	0.00827
39	0.00732	0.00529	0.00693	0.00824	0.00869	0.00490	0.00553	0.00839	0.01165	0.01541	0.03478	0.74226	0.08114	0.01864	0.00765	0.00242	0.00346	0.01684	0.00558	0.00490
40	0.01674	0.71412	0.03004	0.01083	0.01576	0.09954	0.01043	0.01863	0.01272	0.01421	0.00846	0.00977	0.00772	0.00525	0.00402	0.00131	0.00688	0.00328	0.00263	0.00764
41	0.01070	0.00811	0.00981	0.00814	0.01130	0.00665	0.00627	0.01317	0.01440	0.05293	0.28441	0.08412	0.11510	0.00969	0.00601	0.00154	0.00367	0.00833	0.00522	0.34044
42	0.38469	0.01132	0.01227	0.01206	0.08849	0.01196	0.00870	0.06140	0.03613	0.21522	0.01513	0.01681	0.01123	0.00674	0.00497	0.00186	0.00507	0.03252	0.05544	0.00800
43	0.01365	0.04405	0.03628	0.18837	0.05419	0.01501	0.18083	0.09931	0.01387	0.01892	0.01332	0.10070	0.01210	0.00826	0.00929	0.00213	0.17189	0.00696	0.00347	0.00741
44	0.55877	0.01330	0.01061	0.00929	0.01289	0.10331	0.00747	0.04373	0.01293	0.10013	0.06828	0.01392	0.01159	0.00643	0.00451	0.00182	0.00537	0.00429	0.00433	0.00701

[dist]
# distance from previous block
# <min> <max>
0	4

[block]
# block no. 5 follows, 38 sequences, length 16
# corresponding to MSA columns:
# 586-601
name=unknown_F
#
# <colnr> <probs for GDERKNQSTAVLIFYWHMCP>
#	G	D	E	R	K	N	Q	S	T	A	V	L	I	F	Y	W	H	M	C	P
0	0.12991	0.00907	0.00957	0.00905	0.01127	0.00949	0.00680	0.14043	0.07490	0.02191	0.03079	0.29016	0.17608	0.04380	0.00747	0.00226	0.00432	0.01091	0.00536	0.00645
1	0.03408	0.01329	0.01360	0.01121	0.01495	0.06808	0.00901	0.27678	0.09735	0.10094	0.05348	0.02385	0.09146	0.00841	0.00594	0.00178	0.00553	0.03357	0.06070	0.07599
2	0.01072	0.00742	0.00941	0.00818	0.01067	0.00655	0.00632	0.01329	0.01507	0.08190	0.40348	0.03535	0.10069	0.01401	0.08543	0.00251	0.00475	0.00872	0.00563	0.16989
3	0.01283	0.01280	0.06956	0.01099	0.01665	0.00931	0.06804	0.03272	0.01301	0.01997	0.01091	0.01285	0.00886	0.00466	0.00480	0.00108	0.00530	0.00397	0.00350	0.67817
4	0.67028	0.01231	0.01045	0.00892	0.01285	0.01398	0.00735	0.12099	0.01322	0.06885	0.01010	0.01104	0.00751	0.00592	0.00418	0.00185	0.00496	0.00372	0.00426	0.00726
5	0.08084	0.01107	0.01204	0.01035	0.01375	0.01191	0.00821	0.08316	0.32118	0.18336	0.02127	0.02038	0.01543	0.00750	0.00552	0.00184	0.00458	0.00601	0.17291	0.00870
6	0.00768	0.00585	0.00708	0.00749	0.00875	0.00525	0.00544	0.00945	0.01386	0.01814	0.23492	0.30325	0.28879	0.01574	0.00735	0.00217	0.00325	0.04449	0.00586	0.00519
7	0.17555	0.01245	0.01412	0.01112	0.01558	0.01270	0.00915	0.22060	0.05265	0.38749	0.01834	0.01691	0.01220	0.00707	0.00561	0.00185	0.00543	0.00539	0.00629	0.00951
8	0.02403	0.00958	0.01301	0.01020	0.01433	0.00833	0.00833	0.02644	0.01719	0.63795	0.13989	0.02440	0.02161	0.00822	0.00622	0.00187	0.00475	0.00682	0.00731	0.00951
9	0.01721	0.01144	0.01424	0.06931	0.07706	0.01204	0.00998	0.19409	0.12700	0.15794	0.12520	0.05553	0.02055	0.00839	0.00612	0.00187	0.00522	0.00705	0.07121	0.00854
10	0.01330	0.01055	0.01355	0.17459	0.01964	0.01015	0.00953	0.11208	0.01565	0.04723	0.16792	0.02067	0.01925	0.00693	0.00562	0.00150	0.00520	0.00584	0.00449	0.33631
11	0.00836	0.00575	0.00746	0.00810	0.00902	0.00543	0.00589	0.01036	0.01367	0.01923	0.26514	0.38984	0.04226	0.01524	0.00719	0.00219	0.00342	0.08517	0.09098	0.00529
12	0.10123	0.30552	0.10837	0.01553	0.10246	0.05160	0.04032	0.10466	0.03954	0.02018	0.01044	0.01214	0.00853	0.00598	0.00573	0.00168	0.05026	0.00429	0.00332	0.00822
13	0.17231	0.01092	0.01514	0.13480	0.14624	0.01183	0.05155	0.06090	0.03749	0.02050	0.01661	0.03961	0.01584	0.08979	0.00867	0.00249	0.00633	0.14800	0.00400	0.00697
14	0.10048	0.08313	0.16101	0.01571	0.09440	0.22827	0.01302	0.06055	0.07528	0.01974	0.01409	0.01526	0.04983	0.00652	0.00538	0.00171	0.00767	0.00483	0.00357	0.03953
15	0.06111	0.03676	0.01332	0.03611	0.01410	0.01269	0.00862	0.21510	0.06231	0.07918	0.01705	0.02077	0.04102	0.10065	0.01142	0.07038	0.08586	0.00602	0.10027	0.00726

[dist]
# distance from previous block
# <min> <max>
6	33

[block]
# block no. 6 follows, 38 sequences, length 14
# corresponding to MSA columns:
# 638-651
name=unknown_G
#
# <colnr> <probs for GDERKNQSTAVLIFYWHMCP>
#	G	D	E	R	K	N	Q	S	T	A	V	L	I	F	Y	W	H	M	C	P
0	0.03858	0.12827	0.01539	0.01102	0.01385	0.05017	0.07397	0.01643	0.01342	0.17406	0.02433	0.34575	0.04663	0.01188	0.00644	0.00203	0.00531	0.01046	0.00510	0.00692
1	0.13623	0.03420	0.01208	0.04897	0.01456	0.01212	0.00828	0.05919	0.29063	0.04154	0.04742	0.09690	0.05861	0.00881	0.00571	0.00190	0.00464	0.00722	0.05464	0.05635
2	0.14244	0.01671	0.04167	0.01296	0.01712	0.17346	0.04683	0.12499	0.05503	0.18567	0.01414	0.01455	0.01023	0.00667	0.00625	0.00178	0.04982	0.00488	0.00473	0.07007
3	0.08808	0.01079	0.01198	0.00889	0.01381	0.00892	0.00713	0.05639	0.01328	0.02109	0.01449	0.01577	0.06456	0.00553	0.00468	0.00112	0.00449	0.00433	0.00387	0.64080
4	0.00777	0.00570	0.00777	0.05374	0.01065	0.00553	0.00621	0.00922	0.01224	0.01648	0.13107	0.61576	0.03978	0.03791	0.00812	0.00243	0.00373	0.01531	0.00550	0.00507
5	0.01808	0.00983	0.01198	0.00990	0.01316	0.00967	0.00791	0.13550	0.08090	0.28168	0.24734	0.02747	0.02752	0.00894	0.00621	0.00184	0.00441	0.00748	0.08187	0.00833
6	0.00897	0.00822	0.07068	0.00935	0.01082	0.00735	0.00764	0.01064	0.00986	0.01382	0.01853	0.04388	0.05660	0.16804	0.44544	0.08286	0.01170	0.00716	0.00337	0.00508
7	0.00921	0.00624	0.00775	0.00748	0.00808	0.00624	0.00483	0.00949	0.00909	0.01254	0.01673	0.03175	0.01818	0.49415	0.16494	0.10899	0.00757	0.00748	0.00343	0.06582
8	0.00913	0.00694	0.00939	0.00903	0.00971	0.00789	0.00663	0.01062	0.01048	0.01489	0.13062	0.03076	0.02293	0.26923	0.33503	0.00648	0.09368	0.00773	0.00382	0.00501
9	0.83108	0.01163	0.00884	0.00791	0.01163	0.01350	0.00651	0.01768	0.01024	0.02699	0.00838	0.00977	0.00651	0.00558	0.00372	0.00186	0.00465	0.00326	0.00372	0.00651
10	0.01423	0.01155	0.01499	0.05697	0.01596	0.01419	0.01067	0.13741	0.06841	0.05698	0.01515	0.08843	0.01403	0.06032	0.09906	0.00334	0.30013	0.00688	0.00412	0.00715
11	0.01772	0.07356	0.06205	0.01412	0.05980	0.05335	0.05339	0.02602	0.28631	0.18763	0.01869	0.01809	0.01362	0.00683	0.00577	0.00179	0.00597	0.00570	0.00517	0.08444
12	0.01961	0.09312	0.14046	0.01457	0.05582	0.09941	0.01275	0.20425	0.09002	0.16479	0.01579	0.01680	0.01164	0.00697	0.00577	0.00180	0.00698	0.02539	0.00490	0.00916
13	0.01155	0.00839	0.01083	0.01033	0.05259	0.00754	0.01911	0.04933	0.01459	0.05646	0.19882	0.17899	0.04459	0.01041	0.00617	0.00173	0.00410	0.02901	0.08178	0.20368

[dist]
# distance from previous block
# <min> <max>
1	5

[block]
# block no. 7 follows, 38 sequences, length 22
# corresponding to MSA columns:
# 657-678
name=unknown_H
#
# <colnr> <probs for GDERKNQSTAVLIFYWHMCP>
#	G	D	E	R	K	N	Q	S	T	A	V	L	I	F	Y	W	H	M	C	P
0	0.07158	0.02297	0.01625	0.01440	0.01724	0.50188	0.01112	0.06466	0.01608	0.05470	0.01187	0.01344	0.03373	0.00721	0.00747	0.00177	0.11834	0.00454	0.00356	0.00719
1	0.01376	0.01329	0.12643	0.01210	0.06127	0.00966	0.01024	0.07817	0.01552	0.09497	0.18287	0.02305	0.05327	0.00751	0.00576	0.00156	0.00512	0.00629	0.00476	0.27440
2	0.06742	0.10672	0.43360	0.01579	0.06525	0.01444	0.01696	0.01891	0.03884	0.04729	0.01202	0.03915	0.00951	0.00637	0.00605	0.00183	0.04171	0.00486	0.00313	0.05015
3	0.00807	0.00581	0.00782	0.03611	0.00985	0.00586	0.00601	0.00888	0.01087	0.01455	0.02815	0.58481	0.03330	0.11554	0.01198	0.05444	0.03388	0.01442	0.00493	0.00472
4	0.00863	0.00609	0.00800	0.00805	0.00855	0.00657	0.00549	0.00965	0.00926	0.01284	0.01813	0.05713	0.01934	0.42214	0.36622	0.00748	0.01046	0.00797	0.00352	0.00448
5	0.01463	0.04338	0.02131	0.33588	0.32429	0.05924	0.03571	0.01817	0.01338	0.06040	0.01157	0.01528	0.00903	0.00579	0.00590	0.00185	0.00766	0.00527	0.00311	0.00814
6	0.05384	0.01576	0.18249	0.09207	0.03734	0.01392	0.01369	0.07521	0.01243	0.05579	0.01188	0.01646	0.01000	0.05695	0.09440	0.01870	0.22306	0.00537	0.00333	0.00729
7	0.01219	0.01017	0.01833	0.01462	0.01773	0.00975	0.26288	0.01526	0.01378	0.08122	0.11227	0.17533	0.06943	0.01164	0.03287	0.00235	0.03722	0.03780	0.05841	0.00675
8	0.01029	0.00783	0.01247	0.01061	0.01281	0.00726	0.12227	0.01320	0.01551	0.05704	0.43808	0.13566	0.05656	0.01162	0.00699	0.00198	0.00426	0.02186	0.04752	0.00617
9	0.08722	0.15009	0.13267	0.05199	0.03622	0.06150	0.15292	0.10860	0.03930	0.05840	0.01218	0.02658	0.00951	0.00631	0.00621	0.00183	0.04139	0.00521	0.00366	0.00821
10	0.01508	0.01667	0.13985	0.14758	0.09166	0.01479	0.18738	0.13698	0.04788	0.04818	0.01342	0.04152	0.01050	0.00674	0.00711	0.00199	0.05438	0.00612	0.00375	0.00841
11	0.00778	0.00560	0.00744	0.00862	0.00928	0.00527	0.00617	0.00926	0.01243	0.01654	0.09461	0.58220	0.07153	0.01780	0.00770	0.00243	0.00372	0.12091	0.00567	0.00506
12	0.17850	0.01063	0.01297	0.01025	0.01467	0.01002	0.00844	0.02725	0.05158	0.58144	0.02087	0.01855	0.01348	0.00713	0.00561	0.00187	0.00501	0.00556	0.00668	0.00950
13	0.05173	0.09390	0.20020	0.09183	0.14752	0.02631	0.01462	0.07330	0.02498	0.10872	0.05681	0.03791	0.01363	0.00701	0.00578	0.00185	0.00683	0.02465	0.00400	0.00842
14	0.01785	0.04459	0.01426	0.10486	0.04976	0.01106	0.00964	0.09683	0.08459	0.26213	0.12455	0.02345	0.03915	0.00799	0.00596	0.00183	0.00515	0.00664	0.08134	0.00837
15	0.00840	0.00601	0.00772	0.00752	0.00884	0.00554	0.00555	0.01094	0.01600	0.02256	0.59553	0.13835	0.08717	0.01307	0.00706	0.00195	0.00293	0.01155	0.03777	0.00554
16	0.01620	0.08564	0.20941	0.09061	0.15889	0.05598	0.06667	0.03878	0.01415	0.13846	0.01356	0.04050	0.01048	0.00650	0.00622	0.00186	0.02832	0.00549	0.00370	0.00860
17	0.10185	0.04312	0.18938	0.17568	0.15376	0.01372	0.08366	0.01928	0.04492	0.08352	0.01338	0.01570	0.02395	0.00607	0.00575	0.00190	0.00736	0.00528	0.00347	0.00825
18	0.01157	0.01090	0.01842	0.73100	0.08295	0.01342	0.01681	0.01555	0.01213	0.01562	0.01073	0.01597	0.00811	0.00598	0.00601	0.00199	0.00797	0.00535	0.00269	0.00685
19	0.06087	0.00819	0.05808	0.00964	0.01142	0.00682	0.02119	0.01179	0.01266	0.05510	0.06691	0.43025	0.07648	0.01538	0.00725	0.00234	0.00441	0.13011	0.00536	0.00575
20	0.01851	0.08586	0.07112	0.08733	0.05232	0.03385	0.07907	0.10174	0.01617	0.24447	0.07914	0.01853	0.01471	0.00724	0.00696	0.00188	0.06169	0.00591	0.00489	0.00859
21	0.06828	0.05720	0.07517	0.05001	0.09832	0.31612	0.02591	0.02318	0.01548	0.19495	0.01313	0.01396	0.00962	0.00626	0.00554	0.00171	0.00820	0.00466	0.00408	0.00820

[dist]
# distance from previous block
# <min> <max>
2	15

[block]
# block no. 8 follows, 38 sequences, length 17
# corresponding to MSA columns:
# 699-715
name=unknown_I
#
# <colnr> <probs for GDERKNQSTAVLIFYWHMCP>
#	G	D	E	R	K	N	Q	S	T	A	V	L	I	F	Y	W	H	M	C	P
0	0.13734	0.11791	0.21487	0.03138	0.05634	0.12423	0.02296	0.04351	0.04207	0.04902	0.06053	0.04878	0.01306	0.00690	0.00539	0.00179	0.00712	0.00530	0.00369	0.00781
1	0.14686	0.01347	0.16877	0.01056	0.01471	0.00970	0.01018	0.01871	0.03832	0.19181	0.25352	0.05466	0.02663	0.00881	0.00601	0.00191	0.00503	0.00727	0.00542	0.00764
2	0.01853	0.04725	0.01770	0.16171	0.04571	0.26269	0.05861	0.07142	0.01552	0.13242	0.01346	0.01715	0.01078	0.09134	0.00848	0.00220	0.00822	0.00537	0.00394	0.00749
3	0.03626	0.01268	0.01819	0.01394	0.01814	0.01284	0.12329	0.18137	0.01828	0.33935	0.07069	0.01932	0.01514	0.00764	0.00759	0.00195	0.08206	0.00630	0.00583	0.00914
4	0.10226	0.01623	0.08441	0.01289	0.01794	0.01561	0.01139	0.44468	0.02270	0.18900	0.01550	0.01512	0.01062	0.00697	0.00577	0.00183	0.00631	0.00525	0.00578	0.00974
5	0.83108	0.01163	0.00884	0.00791	0.01163	0.01350	0.00651	0.01768	0.01024	0.02699	0.00838	0.00977	0.00651	0.00558	0.00372	0.00186	0.00465	0.00326	0.00372	0.00651
6	0.00969	0.00626	0.00750	0.00767	0.00909	0.00584	0.00566	0.01184	0.02799	0.06285	0.14019	0.22766	0.18915	0.06864	0.00849	0.00234	0.00366	0.07173	0.12824	0.00554
7	0.00823	0.00687	0.00834	0.00936	0.07684	0.00610	0.00617	0.01031	0.01466	0.01881	0.25220	0.05024	0.48328	0.01349	0.00700	0.00197	0.00337	0.01150	0.00564	0.00566
8	0.00863	0.00837	0.07619	0.00776	0.01001	0.00624	0.00664	0.01132	0.01486	0.02048	0.36347	0.04402	0.27476	0.03930	0.00754	0.00203	0.00357	0.01034	0.07879	0.00570
9	0.01920	0.16416	0.01809	0.01328	0.01637	0.46490	0.01052	0.02057	0.01503	0.03974	0.01174	0.01674	0.01064	0.00834	0.00708	0.07751	0.00885	0.06721	0.00332	0.00669
10	0.09809	0.01241	0.01337	0.01142	0.01507	0.01366	0.00901	0.11860	0.40378	0.15884	0.02116	0.02078	0.01572	0.05221	0.00726	0.00218	0.00512	0.00625	0.00597	0.00911
11	0.09661	0.01195	0.01203	0.01023	0.01334	0.04536	0.00826	0.30608	0.01890	0.02768	0.01878	0.02213	0.05502	0.01044	0.05532	0.00228	0.00594	0.04611	0.22595	0.00759
12	0.49764	0.01458	0.07829	0.01031	0.01478	0.03477	0.00919	0.14178	0.01460	0.11742	0.01155	0.01218	0.00832	0.00612	0.00463	0.00185	0.00560	0.00409	0.00445	0.00784
13	0.01133	0.00785	0.05212	0.07730	0.01250	0.00721	0.00758	0.05015	0.00965	0.01294	0.01072	0.01755	0.01006	0.01792	0.01994	0.65765	0.00576	0.00520	0.00281	0.00377
14	0.00942	0.00733	0.00923	0.00944	0.05210	0.00703	0.00665	0.05819	0.01588	0.02147	0.38457	0.04290	0.24923	0.01565	0.08149	0.00269	0.00470	0.01030	0.00574	0.00599
15	0.09067	0.44223	0.05086	0.04825	0.13080	0.01919	0.01173	0.06444	0.01361	0.01855	0.05182	0.01320	0.01088	0.00582	0.00466	0.00154	0.00634	0.00427	0.00320	0.00793
16	0.40053	0.04825	0.08512	0.01060	0.03282	0.05512	0.00914	0.03867	0.02983	0.10020	0.12124	0.01702	0.01556	0.00691	0.00494	0.00183	0.00540	0.00503	0.00444	0.00734

[dist]
# distance from previous block
# <min> <max>
5	21

[block]
# block no. 9 follows, 38 sequences, length 26
# corresponding to MSA columns:
# 737-762
name=unknown_J
#
# <colnr> <probs for GDERKNQSTAVLIFYWHMCP>
#	G	D	E	R	K	N	Q	S	T	A	V	L	I	F	Y	W	H	M	C	P
0	0.01084	0.00723	0.00920	0.00815	0.01062	0.00628	0.04242	0.01288	0.01478	0.13347	0.17178	0.07770	0.44554	0.01313	0.00696	0.00200	0.00372	0.01123	0.00593	0.00614
1	0.01576	0.04119	0.15894	0.05725	0.21019	0.02372	0.12614	0.05555	0.05602	0.11928	0.01524	0.06714	0.01224	0.00685	0.00616	0.00191	0.00733	0.00633	0.00399	0.00878
2	0.01839	0.16131	0.02777	0.01281	0.07199	0.01236	0.03402	0.04422	0.06035	0.29822	0.05919	0.10133	0.05505	0.00862	0.00593	0.00183	0.00538	0.00724	0.00548	0.00850
3	0.00809	0.00558	0.00688	0.00761	0.00783	0.00541	0.00481	0.00870	0.01028	0.01369	0.02632	0.40226	0.03103	0.38693	0.01867	0.00408	0.00468	0.03819	0.00466	0.00432
4	0.12398	0.12770	0.07132	0.11396	0.09813	0.08262	0.01209	0.08435	0.01444	0.10413	0.03076	0.01562	0.01081	0.04627	0.00716	0.00199	0.03797	0.00496	0.00386	0.00785
5	0.01068	0.00673	0.00816	0.00746	0.00959	0.00591	0.00572	0.01294	0.01579	0.12811	0.37865	0.04632	0.31576	0.01271	0.00695	0.00194	0.00325	0.01087	0.00635	0.00611
6	0.01736	0.58570	0.02742	0.01150	0.01612	0.17889	0.01053	0.02010	0.05629	0.01492	0.00951	0.01066	0.00836	0.00555	0.00432	0.00139	0.00726	0.00357	0.00289	0.00767
7	0.00919	0.00648	0.00825	0.00811	0.00956	0.00614	0.00608	0.01238	0.05257	0.04059	0.48686	0.16578	0.07896	0.01328	0.00711	0.00203	0.00326	0.05144	0.02609	0.00582
8	0.00822	0.00609	0.00767	0.00739	0.00884	0.00554	0.00550	0.01075	0.01618	0.02237	0.59820	0.09071	0.16394	0.01314	0.00713	0.00195	0.00291	0.01153	0.00640	0.00554
9	0.00727	0.00546	0.00675	0.00778	0.00857	0.00494	0.00532	0.00844	0.01209	0.01559	0.04041	0.59480	0.22496	0.01790	0.00753	0.00234	0.00337	0.01595	0.00558	0.00494
10	0.00872	0.00610	0.00777	0.00735	0.00879	0.00565	0.00552	0.01152	0.01655	0.02377	0.66489	0.04323	0.07051	0.01190	0.00684	0.00185	0.00284	0.01045	0.08009	0.00565
11	0.00785	0.00593	0.00735	0.00811	0.00930	0.00543	0.00609	0.00958	0.01326	0.01711	0.11917	0.33744	0.26101	0.01657	0.00756	0.00232	0.00368	0.15137	0.00569	0.00516
12	0.49469	0.12069	0.01427	0.01050	0.04008	0.01487	0.00849	0.01896	0.01146	0.12018	0.01047	0.01172	0.00805	0.00628	0.00582	0.00186	0.08651	0.00391	0.00391	0.00729
13	0.01411	0.11660	0.02461	0.01741	0.02020	0.05495	0.24196	0.01637	0.01149	0.01562	0.00963	0.01403	0.00849	0.00878	0.01320	0.07633	0.32105	0.00551	0.00278	0.00689
14	0.01648	0.68471	0.02928	0.01069	0.01567	0.08978	0.01026	0.01841	0.01267	0.01447	0.00856	0.00990	0.00778	0.00521	0.00403	0.00129	0.00673	0.00329	0.00267	0.04811
15	0.01303	0.01147	0.01869	0.41143	0.16904	0.01285	0.05549	0.06630	0.01404	0.03787	0.07835	0.01957	0.01377	0.04435	0.00735	0.00212	0.00723	0.00614	0.00352	0.00741
16	0.08164	0.00597	0.00713	0.00804	0.00894	0.00574	0.00557	0.00945	0.01202	0.01712	0.08423	0.58609	0.11268	0.01681	0.00722	0.00231	0.00350	0.01495	0.00549	0.00511
17	0.00904	0.00675	0.00924	0.00907	0.00970	0.00776	0.00663	0.01042	0.00949	0.01354	0.01709	0.05909	0.01759	0.27164	0.42440	0.00739	0.07649	0.00748	0.02225	0.00492
18	0.02327	0.01927	0.01750	0.01412	0.01840	0.25191	0.03394	0.34858	0.02213	0.16967	0.01456	0.01454	0.01032	0.00687	0.00587	0.00174	0.00777	0.00511	0.00528	0.00914
19	0.01267	0.14812	0.20090	0.19210	0.11151	0.04128	0.01523	0.01662	0.01274	0.01701	0.04772	0.01896	0.01260	0.01018	0.07413	0.00255	0.00830	0.04679	0.00309	0.00752
20	0.00765	0.00546	0.00735	0.00874	0.00923	0.00516	0.00614	0.00893	0.01183	0.01571	0.03298	0.68796	0.03909	0.01855	0.00776	0.00249	0.00377	0.11066	0.00558	0.00497
21	0.01499	0.01305	0.02133	0.19247	0.09096	0.01380	0.19951	0.09645	0.13206	0.06887	0.04263	0.03563	0.01406	0.00710	0.00646	0.00200	0.00727	0.02878	0.00431	0.00826
22	0.01975	0.05214	0.01933	0.07334	0.11877	0.01581	0.04509	0.35181	0.06214	0.11924	0.01488	0.01558	0.01078	0.00663	0.00589	0.00178	0.00655	0.00544	0.00512	0.04995
23	0.05197	0.11271	0.01728	0.08180	0.06930	0.01410	0.01068	0.14334	0.07498	0.20561	0.01896	0.06198	0.04941	0.00803	0.00662	0.00189	0.05139	0.00632	0.00508	0.00855
24	0.01034	0.00660	0.00857	0.00873	0.00987	0.00644	0.00621	0.04859	0.01312	0.08380	0.11773	0.42664	0.03368	0.09608	0.09102	0.00340	0.00531	0.01274	0.00546	0.00567
25	0.08537	0.01413	0.10417	0.01255	0.05955	0.01154	0.01044	0.08297	0.12065	0.10132	0.04110	0.01608	0.01246	0.00615	0.00528	0.00154	0.00542	0.00492	0.00453	0.29984

[dist]
# distance from previous block
# <min> <max>
1	28

[block]
# block no. 10 follows, 38 sequences, length 20
# corresponding to MSA columns:
# 791-810
name=unknown_K
#
# <colnr> <probs for GDERKNQSTAVLIFYWHMCP>
#	G	D	E	R	K	N	Q	S	T	A	V	L	I	F	Y	W	H	M	C	P
0	0.01124	0.00777	0.01023	0.11719	0.01480	0.00780	0.00787	0.01492	0.06907	0.08151	0.25441	0.11419	0.07601	0.02636	0.00700	0.00202	0.00429	0.05110	0.07517	0.04704
1	0.01823	0.01287	0.01579	0.06100	0.13688	0.02667	0.01104	0.25379	0.10007	0.12342	0.04519	0.01861	0.01404	0.00713	0.00578	0.00179	0.00574	0.00585	0.12719	0.00890
2	0.00806	0.00608	0.00744	0.00721	0.00874	0.00546	0.00537	0.01043	0.01578	0.02143	0.51606	0.09362	0.24529	0.01350	0.00713	0.00196	0.00294	0.01176	0.00628	0.00546
3	0.01170	0.00788	0.01082	0.01209	0.12035	0.00723	0.00777	0.01418	0.01552	0.12466	0.34080	0.07675	0.20332	0.01158	0.00681	0.00193	0.00388	0.01010	0.00590	0.00672
4	0.01448	0.01447	0.02267	0.07716	0.54861	0.06448	0.06210	0.01786	0.01386	0.01874	0.01543	0.01844	0.07232	0.00628	0.00609	0.00182	0.00729	0.00599	0.00319	0.00871
5	0.00743	0.00552	0.00693	0.00782	0.00864	0.00502	0.00539	0.00878	0.01262	0.01659	0.12423	0.54914	0.18527	0.01733	0.00749	0.00229	0.00332	0.01547	0.00571	0.00502
6	0.01546	0.01101	0.01297	0.00973	0.01462	0.00930	0.00781	0.05974	0.07960	0.13834	0.04113	0.01594	0.01253	0.00571	0.00504	0.00124	0.00465	0.00462	0.00466	0.54589
