[name]
unknown

[dist]
# distance from previous block
# <min> <max>
0	78

[block]
# block no. 0 follows, 45 sequences, length 9
# corresponding to MSA columns:
# 82-90
name=unknown_A
#
# <colnr> <probs for GDERKNQSTAVLIFYWHMCP>
#	G	D	E	R	K	N	Q	S	T	A	V	L	I	F	Y	W	H	M	C	P
0	0.07699	0.00717	0.00971	0.01186	0.12428	0.00718	0.00817	0.01160	0.01181	0.01693	0.08512	0.06585	0.09239	0.03721	0.00754	0.03562	0.00450	0.33066	0.05004	0.00534
1	0.28018	0.01223	0.05498	0.04416	0.12309	0.01222	0.00968	0.19553	0.01465	0.13354	0.01196	0.01283	0.00868	0.00565	0.00460	0.00162	0.00517	0.00426	0.05744	0.00754
2	0.01107	0.00834	0.00888	0.00775	0.01009	0.00845	0.00601	0.21432	0.05699	0.02112	0.11084	0.03460	0.34215	0.05936	0.00711	0.00191	0.00379	0.00838	0.07283	0.00601
3	0.00731	0.00570	0.00678	0.00652	0.00814	0.00495	0.00483	0.00916	0.01300	0.01745	0.33474	0.16538	0.29675	0.01220	0.00621	0.00173	0.00282	0.01058	0.00519	0.08056
4	0.01268	0.01635	0.20438	0.02872	0.59698	0.01269	0.01728	0.01660	0.01201	0.01741	0.00999	0.01282	0.00809	0.00486	0.00526	0.00162	0.00675	0.00459	0.00256	0.00837
5	0.01868	0.01931	0.01554	0.01309	0.01653	0.41983	0.05556	0.13923	0.10072	0.08058	0.01183	0.01243	0.00899	0.00580	0.00508	0.00148	0.00766	0.00429	0.00382	0.05957
6	0.84927	0.01038	0.00789	0.00706	0.01038	0.01204	0.00581	0.01578	0.00914	0.02408	0.00747	0.00872	0.00581	0.00498	0.00332	0.00166	0.00415	0.00291	0.00332	0.00581
7	0.01344	0.13252	0.02274	0.02940	0.66374	0.01402	0.01539	0.01641	0.01203	0.01680	0.00970	0.01259	0.00826	0.00475	0.00503	0.00153	0.00628	0.00450	0.00260	0.00826
8	0.00755	0.00552	0.00731	0.00697	0.00822	0.00529	0.00527	0.00994	0.01408	0.01985	0.62855	0.03779	0.07815	0.01547	0.12340	0.00273	0.00431	0.00919	0.00541	0.00500

[dist]
# distance from previous block
# <min> <max>
0	5

[block]
# block no. 1 follows, 45 sequences, length 24
# corresponding to MSA columns:
# 96-119
name=unknown_B
#
# <colnr> <probs for GDERKNQSTAVLIFYWHMCP>
#	G	D	E	R	K	N	Q	S	T	A	V	L	I	F	Y	W	H	M	C	P
0	0.00936	0.00680	0.00841	0.00752	0.00921	0.00666	0.00577	0.11342	0.01658	0.02322	0.67005	0.03635	0.04493	0.01035	0.00620	0.00168	0.00300	0.00904	0.00583	0.00562
1	0.00806	0.11686	0.00946	0.00674	0.00856	0.00708	0.00532	0.01000	0.01332	0.01755	0.39132	0.09896	0.26483	0.01135	0.00598	0.00169	0.00308	0.00969	0.00506	0.00510
2	0.00739	0.00518	0.00630	0.00663	0.00769	0.00478	0.00483	0.00917	0.01236	0.01717	0.25467	0.28705	0.18282	0.01289	0.00620	0.00185	0.00286	0.04501	0.12044	0.00472
3	0.00893	0.00658	0.00800	0.00839	0.00944	0.00668	0.00595	0.11261	0.06546	0.01709	0.02674	0.64312	0.03053	0.01472	0.00655	0.00208	0.00358	0.01318	0.00507	0.00531
4	0.01931	0.01554	0.01433	0.01174	0.01516	0.26229	0.05486	0.18808	0.01682	0.21246	0.01400	0.01429	0.01004	0.00606	0.00504	0.00151	0.00651	0.00465	0.11982	0.00751
5	0.73357	0.00959	0.00777	0.00705	0.00991	0.01103	0.00565	0.01457	0.00884	0.02205	0.00773	0.00977	0.00630	0.00687	0.00575	0.11767	0.00422	0.00315	0.00319	0.00533
6	0.01110	0.01035	0.01649	0.56360	0.15611	0.01226	0.01428	0.01621	0.11532	0.01555	0.01133	0.01493	0.00865	0.00553	0.00537	0.00176	0.00663	0.00495	0.00285	0.00673
7	0.01001	0.00763	0.00971	0.00888	0.00984	0.00883	0.00663	0.11276	0.01057	0.01474	0.01410	0.02368	0.01414	0.30335	0.31151	0.00563	0.11351	0.00621	0.00328	0.00499
8	0.02216	0.00919	0.01296	0.11822	0.01691	0.00845	0.00886	0.02445	0.01473	0.67581	0.01957	0.01773	0.01244	0.00647	0.00539	0.00168	0.00492	0.00531	0.00606	0.00870
9	0.84927	0.01038	0.00789	0.00706	0.01038	0.01204	0.00581	0.01578	0.00914	0.02408	0.00747	0.00872	0.00581	0.00498	0.00332	0.00166	0.00415	0.00291	0.00332	0.00581
10	0.01174	0.01118	0.01900	0.40758	0.41528	0.01235	0.01571	0.01512	0.01149	0.01567	0.00982	0.01379	0.00784	0.00507	0.00534	0.00169	0.00676	0.00478	0.00252	0.00726
11	0.01329	0.01275	0.02179	0.03295	0.77787	0.01275	0.01647	0.01647	0.01222	0.01754	0.01010	0.01329	0.00850	0.00478	0.00531	0.00159	0.00638	0.00478	0.00266	0.00850
12	0.06799	0.00920	0.01221	0.00942	0.01353	0.00811	0.00778	0.02561	0.01503	0.74128	0.02045	0.01776	0.01289	0.00656	0.00529	0.00166	0.00455	0.00527	0.00647	0.00896
13	0.00713	0.00547	0.00653	0.00627	0.00773	0.00487	0.00470	0.00923	0.01410	0.01892	0.50821	0.04438	0.31910	0.01194	0.00634	0.00173	0.00260	0.01031	0.00557	0.00487
14	0.00739	0.00548	0.00689	0.00654	0.00789	0.00498	0.00490	0.00973	0.01471	0.02037	0.65607	0.04201	0.17034	0.01141	0.00633	0.00171	0.00256	0.00998	0.00576	0.00498
15	0.00754	0.00548	0.00709	0.00669	0.00798	0.00504	0.00502	0.01001	0.01505	0.02118	0.73977	0.04066	0.08613	0.01110	0.00633	0.00169	0.00254	0.00979	0.00586	0.00504
16	0.01304	0.01250	0.02135	0.09244	0.72028	0.01269	0.01635	0.01626	0.01211	0.01724	0.01005	0.01337	0.00840	0.00483	0.00532	0.00161	0.00644	0.00478	0.00264	0.00831
17	0.01449	0.01146	0.01177	0.01034	0.01335	0.06986	0.00806	0.02487	0.49166	0.12184	0.11214	0.02113	0.01912	0.00739	0.00546	0.00171	0.00448	0.00612	0.00538	0.03937
18	0.00984	0.00849	0.00844	0.00802	0.00891	0.10209	0.00560	0.04250	0.01000	0.01264	0.01756	0.02815	0.07259	0.40638	0.20373	0.00505	0.03550	0.00681	0.00329	0.00442
19	0.01349	0.62544	0.20972	0.01065	0.01605	0.01913	0.01174	0.01630	0.01101	0.01368	0.00798	0.00927	0.00687	0.00471	0.00384	0.00128	0.00627	0.00313	0.00229	0.00714
20	0.01403	0.31996	0.36623	0.01242	0.01833	0.07670	0.01401	0.03752	0.01213	0.06911	0.00961	0.01071	0.00736	0.00509	0.00449	0.00146	0.00696	0.00364	0.00271	0.00752
21	0.74863	0.01023	0.00845	0.00736	0.01079	0.01154	0.00607	0.01705	0.00989	0.11647	0.00915	0.00988	0.00672	0.00519	0.00358	0.00166	0.00420	0.00321	0.00373	0.00622
22	0.01678	0.01796	0.01535	0.08798	0.04781	0.34980	0.01087	0.14111	0.10622	0.01801	0.02460	0.01285	0.00931	0.00645	0.00677	0.00165	0.11157	0.00445	0.00348	0.00697
23	0.27530	0.16182	0.04412	0.01055	0.04666	0.01423	0.00879	0.19681	0.02956	0.10561	0.01086	0.01139	0.00810	0.00543	0.00429	0.00151	0.00515	0.00383	0.00395	0.05203

[dist]
# distance from previous block
# <min> <max>
0	1

[block]
# block no. 2 follows, 45 sequences, length 8
# corresponding to MSA columns:
# 121-128
name=unknown_C
#
# <colnr> <probs for GDERKNQSTAVLIFYWHMCP>
#	G	D	E	R	K	N	Q	S	T	A	V	L	I	F	Y	W	H	M	C	P
0	0.05366	0.48327	0.13605	0.01452	0.15519	0.04798	0.01197	0.01648	0.01129	0.01473	0.00830	0.00991	0.00712	0.00476	0.00408	0.00134	0.00626	0.00341	0.00243	0.00726
1	0.01104	0.01040	0.01722	0.41565	0.26320	0.01212	0.01435	0.01412	0.01077	0.01472	0.00993	0.01438	0.00814	0.00876	0.07855	0.00241	0.08025	0.00486	0.00251	0.00664
2	0.01339	0.01216	0.02096	0.14690	0.57961	0.01240	0.05780	0.01665	0.01220	0.06054	0.01069	0.01379	0.00855	0.00496	0.00538	0.00164	0.00654	0.00490	0.00285	0.00808
3	0.00779	0.00526	0.00613	0.00613	0.00623	0.00535	0.00360	0.00798	0.00789	0.01061	0.01666	0.03373	0.01891	0.73473	0.10312	0.00554	0.00612	0.00760	0.00322	0.00341
4	0.38446	0.01123	0.01105	0.00887	0.01276	0.01184	0.00726	0.19308	0.03892	0.10539	0.01106	0.01153	0.00813	0.00540	0.00422	0.00150	0.00458	0.00378	0.00420	0.16073
5	0.01196	0.01214	0.01498	0.01304	0.01333	0.08599	0.01058	0.01306	0.00884	0.01267	0.00842	0.01424	0.00852	0.08992	0.04699	0.00278	0.61952	0.00493	0.00250	0.00560
6	0.01898	0.00783	0.01022	0.00824	0.01145	0.00691	0.00666	0.02115	0.01445	0.52747	0.10086	0.02229	0.04954	0.00732	0.00523	0.00159	0.00389	0.00603	0.16215	0.00774
7	0.00665	0.00518	0.00606	0.00658	0.00772	0.00459	0.00475	0.00800	0.01174	0.01491	0.10931	0.34754	0.38251	0.01468	0.00659	0.00198	0.00297	0.04865	0.00507	0.00453

[dist]
# distance from previous block
# <min> <max>
0	12

[block]
# block no. 3 follows, 45 sequences, length 25
# corresponding to MSA columns:
# 141-163,172,173
name=unknown_D
#
# <colnr> <probs for GDERKNQSTAVLIFYWHMCP>
#	G	D	E	R	K	N	Q	S	T	A	V	L	I	F	Y	W	H	M	C	P
0	0.00737	0.00548	0.00686	0.00651	0.00788	0.00497	0.00488	0.00969	0.01465	0.02024	0.64309	0.04221	0.18339	0.01145	0.00633	0.00171	0.00257	0.01000	0.00574	0.00497
1	0.02146	0.00855	0.01162	0.00910	0.01280	0.00744	0.00744	0.02360	0.01534	0.66041	0.14136	0.02175	0.01924	0.00733	0.00555	0.00167	0.00424	0.00609	0.00653	0.00849
2	0.84927	0.01038	0.00789	0.00706	0.01038	0.01204	0.00581	0.01578	0.00914	0.02408	0.00747	0.00872	0.00581	0.00498	0.00332	0.00166	0.00415	0.00291	0.00332	0.00581
3	0.00665	0.00534	0.00594	0.00603	0.00750	0.00463	0.00443	0.00821	0.01261	0.01596	0.21212	0.16135	0.50338	0.01349	0.00642	0.00184	0.00274	0.01155	0.00519	0.00463
4	0.01534	0.47300	0.14412	0.01020	0.01500	0.01619	0.01046	0.01786	0.01174	0.17022	0.01105	0.01181	0.00860	0.00738	0.05448	0.00182	0.00640	0.00375	0.00322	0.00738
5	0.01138	0.01044	0.01689	0.62598	0.10145	0.01245	0.03304	0.07263	0.03388	0.01597	0.01024	0.01428	0.00772	0.00543	0.00539	0.00176	0.00695	0.00485	0.00274	0.00654
6	0.05952	0.01029	0.01182	0.01028	0.01277	0.11621	0.05546	0.01550	0.03117	0.13880	0.01427	0.03978	0.01201	0.02126	0.35304	0.00467	0.00979	0.00533	0.00364	0.07441
7	0.01113	0.00954	0.01113	0.00795	0.01272	0.00716	0.00636	0.01352	0.01113	0.01749	0.00954	0.01113	0.00795	0.00398	0.00398	0.00080	0.00398	0.00318	0.00318	0.84417
8	0.01030	0.00986	0.01710	0.74877	0.03640	0.01203	0.06252	0.01394	0.01086	0.01394	0.00963	0.01432	0.00722	0.00531	0.00543	0.00179	0.00728	0.00487	0.00241	0.00604
9	0.01299	0.01239	0.02110	0.06708	0.71901	0.01250	0.01615	0.01617	0.01216	0.01731	0.01067	0.01488	0.00917	0.00514	0.00539	0.00163	0.00637	0.02889	0.00272	0.00827
10	0.00739	0.00548	0.00688	0.00653	0.00789	0.00497	0.00490	0.00972	0.01469	0.02034	0.65303	0.04205	0.17340	0.01142	0.00633	0.00171	0.00256	0.00998	0.00575	0.00497
11	0.01288	0.01104	0.01173	0.01058	0.01347	0.01268	0.00822	0.02702	0.70680	0.02238	0.08324	0.02166	0.01918	0.00758	0.00553	0.00181	0.00411	0.00637	0.00550	0.00822
12	0.01129	0.01098	0.01733	0.59153	0.20205	0.04721	0.01505	0.01468	0.01127	0.01455	0.00961	0.01387	0.00745	0.00524	0.00533	0.00173	0.00710	0.00471	0.00246	0.00654
13	0.09470	0.01156	0.01421	0.01280	0.09776	0.01168	0.00939	0.25503	0.03657	0.37664	0.01616	0.01523	0.01087	0.00625	0.00520	0.00164	0.00514	0.00495	0.00548	0.00875
14	0.00865	0.00618	0.00865	0.00989	0.01112	0.00618	0.00865	0.01112	0.01236	0.01606	0.02842	0.06055	0.03089	0.01483	0.00741	0.00247	0.00494	0.74174	0.00494	0.00494
15	0.28287	0.16207	0.01573	0.01008	0.01412	0.01604	0.00862	0.38513	0.01746	0.02679	0.01016	0.01077	0.00766	0.00564	0.00436	0.00154	0.00532	0.00386	0.00415	0.00766
16	0.01288	0.01515	0.14323	0.03013	0.65756	0.01271	0.01701	0.01656	0.01208	0.01745	0.01002	0.01297	0.00823	0.00483	0.00528	0.00161	0.00663	0.00465	0.00259	0.00841
17	0.01653	0.05045	0.06530	0.02189	0.39132	0.08229	0.01318	0.04590	0.02784	0.19985	0.02551	0.01438	0.01020	0.00551	0.00521	0.00158	0.00619	0.00478	0.00378	0.00830
18	0.01445	0.01258	0.02080	0.03020	0.68397	0.01255	0.01552	0.05078	0.01305	0.07781	0.01109	0.01366	0.00890	0.00500	0.00532	0.00160	0.00621	0.00483	0.00309	0.00858
19	0.00719	0.00535	0.00664	0.00657	0.00777	0.00485	0.00481	0.00917	0.01366	0.01863	0.49587	0.15890	0.19615	0.03176	0.00692	0.00187	0.00272	0.01084	0.00551	0.00480
20	0.01625	0.01701	0.19195	0.01654	0.16942	0.13518	0.02734	0.03650	0.07643	0.20239	0.01475	0.03526	0.02439	0.00614	0.00530	0.00164	0.00654	0.00506	0.00395	0.00797
21	0.01388	0.01249	0.02136	0.05088	0.68574	0.01245	0.03970	0.01705	0.01240	0.06636	0.01082	0.01367	0.00876	0.00491	0.00535	0.00161	0.00637	0.00487	0.00291	0.00844
22	0.01092	0.01034	0.01752	0.60709	0.22218	0.01213	0.01530	0.01440	0.01111	0.01467	0.00968	0.01405	0.00749	0.00522	0.00535	0.00174	0.00696	0.00477	0.00245	0.00660
23	0.01805	0.01380	0.01471	0.01177	0.01565	0.01541	0.00956	0.53390	0.23498	0.03012	0.01648	0.01590	0.03078	0.00686	0.00542	0.00168	0.00536	0.00535	0.00539	0.00883
24	0.01371	0.01299	0.02201	0.04948	0.63907	0.01310	0.07642	0.07440	0.01324	0.01868	0.01036	0.01338	0.00849	0.00491	0.00540	0.00162	0.00658	0.00491	0.00287	0.00839

[dist]
# distance from previous block
# <min> <max>
0	1

[block]
# block no. 4 follows, 45 sequences, length 27
# corresponding to MSA columns:
# 175-201
name=unknown_E
#
# <colnr> <probs for GDERKNQSTAVLIFYWHMCP>
#	G	D	E	R	K	N	Q	S	T	A	V	L	I	F	Y	W	H	M	C	P
0	0.00787	0.00569	0.00738	0.00785	0.00912	0.00540	0.00636	0.01008	0.01307	0.01757	0.27248	0.10341	0.14920	0.01322	0.00673	0.00205	0.00361	0.31710	0.03691	0.00488
1	0.01312	0.01259	0.02149	0.07318	0.73893	0.01271	0.01639	0.01633	0.01214	0.01734	0.01007	0.01334	0.00843	0.00481	0.00532	0.00160	0.00642	0.00478	0.00264	0.00837
2	0.01047	0.00878	0.01039	0.00773	0.01184	0.00676	0.00612	0.01288	0.01189	0.01825	0.15315	0.01657	0.01596	0.00529	0.00442	0.00096	0.00370	0.00440	0.00369	0.68675
3	0.00781	0.00520	0.00585	0.00585	0.00585	0.00520	0.00325	0.00781	0.00781	0.01041	0.01691	0.03513	0.01952	0.81135	0.02732	0.00520	0.00520	0.00781	0.00325	0.00325
4	0.00842	0.00651	0.00781	0.00750	0.00903	0.00648	0.00560	0.01300	0.15552	0.01999	0.46559	0.13694	0.11427	0.01130	0.00624	0.00179	0.00295	0.00991	0.00561	0.00556
5	0.01329	0.01275	0.02179	0.03295	0.77787	0.01275	0.01647	0.01647	0.01222	0.01754	0.01010	0.01329	0.00850	0.00478	0.00531	0.00159	0.00638	0.00478	0.00266	0.00850
6	0.00903	0.00640	0.00846	0.00814	0.00933	0.02807	0.00618	0.01091	0.01070	0.06231	0.19424	0.02635	0.02256	0.10000	0.46559	0.00605	0.01001	0.00678	0.00386	0.00503
7	0.00730	0.00549	0.00679	0.00672	0.00808	0.00499	0.00512	0.00942	0.01387	0.01871	0.47157	0.08546	0.24494	0.01235	0.00646	0.00182	0.00284	0.07768	0.00552	0.00487
8	0.02005	0.02558	0.01521	0.01383	0.01659	0.78980	0.01037	0.02143	0.01521	0.01314	0.00830	0.00968	0.00691	0.00553	0.00484	0.00138	0.00968	0.00346	0.00277	0.00622
9	0.00738	0.00540	0.00759	0.00785	0.00869	0.00567	0.00583	0.00914	0.01063	0.01489	0.19329	0.23207	0.02828	0.04794	0.36745	0.00512	0.00826	0.02563	0.00418	0.00470
10	0.01605	0.01807	0.01814	0.15766	0.02212	0.35041	0.15128	0.07284	0.10886	0.01665	0.01103	0.01295	0.00853	0.00560	0.00533	0.00161	0.00815	0.00466	0.00321	0.00686
11	0.01174	0.01174	0.01644	0.01409	0.01409	0.01644	0.01174	0.01292	0.00822	0.01292	0.00705	0.01174	0.00705	0.00940	0.01762	0.00235	0.80153	0.00470	0.00235	0.00587
12	0.00695	0.00529	0.00607	0.00622	0.00732	0.00477	0.00438	0.00824	0.01166	0.01502	0.18493	0.17306	0.34906	0.16331	0.01039	0.00250	0.00327	0.02832	0.00484	0.00438
13	0.00836	0.00590	0.00798	0.00900	0.00995	0.00588	0.00743	0.01028	0.01139	0.01488	0.02640	0.10448	0.02912	0.15977	0.01100	0.00295	0.00487	0.56111	0.00464	0.00460
14	0.01113	0.00954	0.01113	0.00795	0.01272	0.00716	0.00636	0.01352	0.01113	0.01749	0.00954	0.01113	0.00795	0.00398	0.00398	0.00080	0.00398	0.00318	0.00318	0.84417
15	0.01335	0.01153	0.01214	0.01092	0.01396	0.01335	0.00850	0.02852	0.76817	0.02245	0.02185	0.02003	0.01639	0.00728	0.00546	0.00182	0.00425	0.00607	0.00546	0.00850
16	0.01014	0.00954	0.01610	0.79845	0.03697	0.01193	0.01491	0.01371	0.01073	0.01371	0.00954	0.01431	0.00716	0.00537	0.00537	0.00179	0.00716	0.00477	0.00239	0.00596
17	0.00767	0.00575	0.00863	0.00863	0.00959	0.00671	0.00671	0.00959	0.00863	0.01246	0.01438	0.02109	0.01342	0.04026	0.79008	0.00863	0.01438	0.00575	0.00288	0.00479
18	0.01087	0.00986	0.01202	0.01018	0.01253	0.08299	0.09746	0.05966	0.11304	0.02078	0.43687	0.03029	0.06306	0.00902	0.00602	0.00169	0.00444	0.00800	0.00509	0.00611
19	0.01276	0.00663	0.00883	0.00763	0.00980	0.00595	0.00595	0.01515	0.01525	0.25942	0.53908	0.03327	0.03896	0.00962	0.00604	0.00168	0.00317	0.00836	0.00614	0.00634
20	0.01368	0.66697	0.16984	0.01033	0.01555	0.01959	0.01118	0.01625	0.01099	0.01345	0.00787	0.00912	0.00687	0.00469	0.00375	0.00125	0.00615	0.00308	0.00229	0.00708
21	0.00703	0.00544	0.00645	0.00688	0.00808	0.00505	0.00517	0.00843	0.01116	0.01405	0.03842	0.17980	0.37875	0.09320	0.08061	0.00294	0.00447	0.13499	0.00462	0.00447
22	0.01460	0.58859	0.16955	0.01038	0.01556	0.01830	0.01108	0.01721	0.01141	0.08708	0.00919	0.01005	0.00748	0.00488	0.00394	0.00130	0.00604	0.00332	0.00271	0.00730
23	0.00684	0.00481	0.00618	0.00711	0.00739	0.00456	0.00462	0.00763	0.00992	0.01326	0.05112	0.62046	0.03263	0.18368	0.01114	0.00280	0.00353	0.01351	0.00465	0.00415
24	0.01370	0.01440	0.09420	0.02937	0.63569	0.01308	0.01622	0.08482	0.01333	0.01898	0.01031	0.01306	0.00840	0.00497	0.00530	0.00161	0.00648	0.00471	0.00287	0.00851
25	0.01496	0.01259	0.02002	0.02799	0.60588	0.01270	0.01478	0.08901	0.04237	0.08946	0.01183	0.01396	0.00930	0.00521	0.00533	0.00161	0.00609	0.00489	0.00339	0.00862
26	0.00987	0.00621	0.00795	0.00753	0.00917	0.00580	0.00575	0.01270	0.05478	0.11865	0.42643	0.14918	0.09778	0.01149	0.00630	0.00182	0.00313	0.05411	0.00572	0.00563

[dist]
# distance from previous block
# <min> <max>
6	25

[block]
# block no. 5 follows, 45 sequences, length 38
# corresponding to MSA columns:
# 227-245,277-280,283-297
name=unknown_F
#
# <colnr> <probs for GDERKNQSTAVLIFYWHMCP>
#	G	D	E	R	K	N	Q	S	T	A	V	L	I	F	Y	W	H	M	C	P
0	0.01643	0.01080	0.02961	0.01565	0.22264	0.00940	0.01005	0.03497	0.03246	0.28153	0.01409	0.01445	0.01016	0.00527	0.00492	0.00137	0.00496	0.00451	0.00432	0.27238
1	0.01566	0.05032	0.42349	0.01300	0.01915	0.01217	0.01460	0.11108	0.05094	0.21723	0.01354	0.01364	0.00924	0.00575	0.00517	0.00166	0.00655	0.00450	0.00394	0.00838
2	0.06908	0.08333	0.16625	0.12015	0.12472	0.01355	0.01279	0.14659	0.10164	0.09219	0.01242	0.01353	0.00915	0.00567	0.00503	0.00164	0.00609	0.00455	0.00372	0.00791
3	0.01250	0.01066	0.01759	0.41732	0.29975	0.01164	0.01445	0.01576	0.01168	0.08070	0.01073	0.01412	0.00820	0.00520	0.00528	0.00166	0.00650	0.00475	0.00289	0.04861
4	0.01021	0.00804	0.01109	0.01252	0.15952	0.00767	0.02674	0.01378	0.08630	0.06812	0.26752	0.03331	0.23375	0.00951	0.00593	0.00170	0.00383	0.00831	0.00488	0.02727
5	0.01351	0.15812	0.46787	0.01404	0.02058	0.01388	0.07208	0.06957	0.01273	0.09328	0.01073	0.01190	0.00772	0.00522	0.00496	0.00160	0.00717	0.00416	0.00296	0.00791
6	0.01498	0.00898	0.01080	0.00905	0.01177	0.00901	0.00716	0.20280	0.05559	0.20401	0.29340	0.08476	0.02766	0.00896	0.00581	0.00170	0.00399	0.00759	0.02483	0.00717
7	0.01075	0.00999	0.01671	0.40579	0.30073	0.01112	0.01402	0.01380	0.01121	0.01510	0.01267	0.13004	0.01179	0.00683	0.00556	0.00178	0.00628	0.00631	0.00286	0.00665
8	0.01323	0.01290	0.02263	0.03207	0.71390	0.01282	0.07977	0.01654	0.01226	0.01751	0.01016	0.01339	0.00847	0.00476	0.00540	0.00161	0.00661	0.00492	0.00266	0.00839
9	0.09712	0.08116	0.03176	0.01227	0.07911	0.09773	0.00922	0.02325	0.26137	0.21542	0.01677	0.01607	0.02295	0.00630	0.00499	0.00164	0.00529	0.00495	0.00468	0.00795
10	0.00652	0.00513	0.00589	0.00636	0.00753	0.00450	0.00452	0.00779	0.01166	0.01470	0.09802	0.35809	0.42086	0.01471	0.00655	0.00195	0.00287	0.01281	0.00505	0.00450
11	0.01471	0.01207	0.02014	0.06740	0.62941	0.01200	0.01514	0.01775	0.01261	0.12913	0.01169	0.01407	0.00914	0.00508	0.00533	0.00161	0.00615	0.00487	0.00323	0.00847
12	0.01329	0.01275	0.02179	0.03295	0.77787	0.01275	0.01647	0.01647	0.01222	0.01754	0.01010	0.01329	0.00850	0.00478	0.00531	0.00159	0.00638	0.00478	0.00266	0.00850
13	0.00783	0.00585	0.00736	0.00728	0.00863	0.00557	0.00557	0.01085	0.06001	0.01945	0.49405	0.11352	0.12617	0.01202	0.00645	0.00185	0.00299	0.09383	0.00558	0.00514
14	0.00781	0.00525	0.00608	0.00623	0.00634	0.00524	0.00374	0.00804	0.00826	0.01099	0.01836	0.07228	0.02111	0.71482	0.02488	0.00486	0.00509	0.06372	0.00346	0.00343
15	0.01061	0.02318	0.58284	0.01552	0.02223	0.01181	0.12624	0.01603	0.01132	0.01658	0.01134	0.06327	0.00918	0.00762	0.04688	0.00211	0.00813	0.00513	0.00254	0.00744
16	0.01192	0.28044	0.54095	0.01334	0.02020	0.01528	0.01641	0.01670	0.01120	0.01560	0.00894	0.01046	0.00683	0.00494	0.00457	0.00152	0.00723	0.00361	0.00228	0.00760
17	0.07533	0.01056	0.01576	0.58622	0.06808	0.01267	0.01361	0.12319	0.01281	0.01763	0.00990	0.01363	0.00741	0.00547	0.00521	0.00174	0.00671	0.00464	0.00291	0.00654
18	0.00767	0.00573	0.00852	0.00852	0.00944	0.00665	0.00658	0.00952	0.00860	0.01238	0.01447	0.02162	0.01365	0.06971	0.76094	0.00850	0.01403	0.00583	0.00289	0.00473
19	0.00768	0.00568	0.00726	0.00798	0.00859	0.00571	0.00561	0.03729	0.03272	0.01462	0.02749	0.59978	0.04979	0.07583	0.00872	0.00239	0.03233	0.06107	0.00478	0.00468
20	0.01837	0.02143	0.01626	0.01504	0.06310	0.52967	0.03774	0.09790	0.05207	0.01615	0.00953	0.01109	0.00776	0.00596	0.00610	0.00154	0.07635	0.00402	0.00313	0.00678
21	0.01267	0.01448	0.03167	0.02262	0.02805	0.01357	0.75837	0.01719	0.01267	0.01719	0.01086	0.01448	0.00814	0.00452	0.00633	0.00181	0.00905	0.00633	0.00271	0.00724
22	0.08980	0.14180	0.01833	0.01825	0.28947	0.06079	0.01136	0.06841	0.06331	0.16939	0.01248	0.01332	0.00942	0.00546	0.00484	0.00154	0.00575	0.00444	0.00382	0.00803
23	0.01627	0.17195	0.15303	0.01433	0.08257	0.02381	0.10268	0.08394	0.03301	0.20756	0.01283	0.01340	0.00924	0.00541	0.00499	0.00153	0.00623	0.00455	0.00385	0.04882
24	0.01115	0.00890	0.00872	0.06760	0.01148	0.12065	0.00646	0.01358	0.03274	0.06718	0.19977	0.13082	0.08661	0.00927	0.00542	0.00163	0.00419	0.00782	0.20050	0.00550
25	0.01294	0.01548	0.16835	0.02480	0.46671	0.01289	0.01545	0.03233	0.16100	0.01869	0.01237	0.01422	0.00973	0.00537	0.00530	0.00166	0.00625	0.00488	0.00318	0.00840
26	0.05935	0.01472	0.01670	0.01688	0.19637	0.08072	0.01131	0.42917	0.01977	0.08435	0.01220	0.01291	0.00895	0.00592	0.00521	0.00159	0.00615	0.00465	0.00450	0.00857
27	0.01192	0.02749	0.68793	0.01512	0.02241	0.10919	0.01866	0.01755	0.01182	0.01652	0.00947	0.01113	0.00681	0.00515	0.00507	0.00166	0.00815	0.00390	0.00233	0.00772
28	0.01302	0.01248	0.02130	0.09826	0.71466	0.01268	0.01634	0.01624	0.01210	0.01721	0.01005	0.01337	0.00839	0.00483	0.00532	0.00161	0.00644	0.00478	0.00263	0.00829
29	0.01411	0.01230	0.01967	0.02795	0.60824	0.01247	0.01466	0.01897	0.12306	0.07611	0.01266	0.01465	0.01002	0.00529	0.00534	0.00163	0.00593	0.00502	0.00337	0.00855
30	0.02240	0.00983	0.01392	0.01305	0.12559	0.00885	0.00921	0.04530	0.01518	0.64885	0.01932	0.01739	0.01247	0.00637	0.00539	0.00165	0.00487	0.00529	0.00602	0.00904
31	0.01982	0.01173	0.07312	0.01182	0.01622	0.01005	0.09664	0.04321	0.14341	0.48614	0.01900	0.01747	0.01262	0.00638	0.00550	0.00171	0.00533	0.00550	0.00562	0.00871
32	0.84927	0.01038	0.00789	0.00706	0.01038	0.01204	0.00581	0.01578	0.00914	0.02408	0.00747	0.00872	0.00581	0.00498	0.00332	0.00166	0.00415	0.00291	0.00332	0.00581
33	0.01242	0.01068	0.01078	0.04195	0.01250	0.11331	0.00745	0.17876	0.04441	0.02284	0.44437	0.02819	0.03254	0.00887	0.00585	0.00164	0.00449	0.00745	0.00521	0.00628
34	0.01898	0.01348	0.01525	0.01461	0.12970	0.08598	0.01031	0.33230	0.03742	0.20079	0.01543	0.04878	0.01185	0.00691	0.00546	0.00166	0.00583	0.03188	0.00498	0.00840
35	0.00823	0.00600	0.00827	0.00811	0.00898	0.00676	0.00602	0.04030	0.00912	0.01285	0.01493	0.02413	0.01471	0.22453	0.57384	0.00751	0.01182	0.00621	0.00307	0.00460
36	0.00761	0.00514	0.00596	0.00613	0.00623	0.00507	0.00358	0.00785	0.00847	0.01135	0.05023	0.14839	0.02315	0.66189	0.02346	0.00462	0.00479	0.00898	0.00362	0.00349
37	0.00829	0.00569	0.00675	0.00661	0.00695	0.00592	0.00414	0.03931	0.00871	0.01177	0.01653	0.04442	0.01833	0.63688	0.15285	0.00557	0.00672	0.00746	0.00331	0.00377

[dist]
# distance from previous block
# <min> <max>
0	5

# created by:
# /home/berkeley/.conda/envs/busco_data_prod/bin/msa2prfl.pl pipeline/OGs_align_augustus/33634/160887.fs
