[name]
unknown

[dist]
# distance from previous block
# <min> <max>
0	384

[block]
# block no. 0 follows, 42 sequences, length 18
# corresponding to MSA columns:
# 395-412
name=unknown_A
#
# <colnr> <probs for GDERKNQSTAVLIFYWHMCP>
#	G	D	E	R	K	N	Q	S	T	A	V	L	I	F	Y	W	H	M	C	P
0	0.06780	0.00981	0.04053	0.04816	0.01395	0.01001	0.05859	0.06658	0.06672	0.05298	0.11984	0.07228	0.06125	0.12376	0.04984	0.00282	0.08748	0.03713	0.00432	0.00616
1	0.01574	0.09208	0.29847	0.01404	0.05860	0.01385	0.01392	0.21119	0.01637	0.09983	0.05040	0.01443	0.01099	0.00606	0.00529	0.00163	0.00654	0.00475	0.00399	0.06183
2	0.14488	0.00943	0.01051	0.04795	0.01289	0.00933	0.00698	0.11904	0.01382	0.07985	0.08991	0.02104	0.05504	0.09323	0.02780	0.00211	0.00483	0.00563	0.04883	0.19688
3	0.00762	0.00566	0.00724	0.00765	0.00879	0.00515	0.00561	0.00939	0.01281	0.01733	0.24832	0.37099	0.12743	0.01455	0.00688	0.00205	0.00328	0.08867	0.00541	0.04516
4	0.01605	0.01213	0.01668	0.38236	0.09498	0.05172	0.01324	0.14276	0.01505	0.15848	0.01277	0.01510	0.00916	0.00614	0.00596	0.00180	0.02896	0.00506	0.00391	0.00769
5	0.00686	0.00490	0.00653	0.00784	0.00816	0.00457	0.00522	0.00784	0.01077	0.01437	0.03102	0.79855	0.03722	0.01763	0.00718	0.00229	0.00326	0.01600	0.00522	0.00457
6	0.02058	0.02529	0.01608	0.01441	0.01726	0.68699	0.01094	0.07128	0.01627	0.01523	0.00896	0.01049	0.00741	0.00608	0.00583	0.00152	0.05181	0.00379	0.00306	0.00671
7	0.01675	0.23532	0.10733	0.01274	0.01677	0.34065	0.01133	0.02107	0.12360	0.01567	0.01157	0.01378	0.00970	0.00614	0.00491	0.00154	0.00777	0.03292	0.00321	0.00722
8	0.00686	0.00490	0.00653	0.00784	0.00816	0.00457	0.00522	0.00784	0.01077	0.01437	0.03102	0.79855	0.03722	0.01763	0.00718	0.00229	0.00326	0.01600	0.00522	0.00457
9	0.01496	0.01041	0.01607	0.24905	0.04215	0.01135	0.08284	0.01956	0.10767	0.21075	0.05350	0.01878	0.01341	0.02317	0.04640	0.00231	0.05995	0.00587	0.00433	0.00748
10	0.01401	0.45519	0.02264	0.01101	0.05227	0.01622	0.03835	0.01605	0.01151	0.05473	0.01032	0.01304	0.00916	0.05446	0.05863	0.00201	0.00640	0.00396	0.00294	0.14708
11	0.01902	0.02347	0.05937	0.01337	0.01651	0.59879	0.01059	0.02089	0.01555	0.05530	0.06376	0.01526	0.05106	0.00668	0.00531	0.00153	0.00885	0.00465	0.00344	0.00662
12	0.01328	0.21159	0.11206	0.00973	0.01506	0.01195	0.00928	0.01610	0.01190	0.06212	0.01020	0.01148	0.00824	0.00465	0.00427	0.00110	0.00519	0.00350	0.00320	0.47510
13	0.84197	0.01088	0.00827	0.00740	0.01088	0.01262	0.00609	0.01654	0.00958	0.02525	0.00784	0.00914	0.00609	0.00522	0.00348	0.00174	0.00435	0.00305	0.00348	0.00609
14	0.02371	0.06540	0.01502	0.01063	0.01505	0.01124	0.00890	0.18487	0.01806	0.55779	0.01931	0.01722	0.01252	0.00677	0.00551	0.00169	0.00518	0.00535	0.00636	0.00941
15	0.01230	0.01081	0.01471	0.15461	0.11853	0.04062	0.01118	0.01614	0.09007	0.05869	0.15502	0.02215	0.06060	0.00846	0.00900	0.00195	0.19793	0.00647	0.00397	0.00679
16	0.01422	0.01269	0.02075	0.15518	0.52829	0.01342	0.01594	0.05424	0.01316	0.05475	0.01101	0.01424	0.00887	0.00558	0.00635	0.00176	0.05306	0.00504	0.00307	0.00838
17	0.01405	0.03597	0.07088	0.26606	0.24899	0.07104	0.05222	0.09777	0.05425	0.01873	0.01118	0.01412	0.00868	0.00560	0.00555	0.00174	0.00726	0.00496	0.00314	0.00781

[dist]
# distance from previous block
# <min> <max>
0	1

[block]
# block no. 1 follows, 42 sequences, length 25
# corresponding to MSA columns:
# 414-438
name=unknown_B
#
# <colnr> <probs for GDERKNQSTAVLIFYWHMCP>
#	G	D	E	R	K	N	Q	S	T	A	V	L	I	F	Y	W	H	M	C	P
0	0.21393	0.01155	0.01590	0.31901	0.18383	0.01308	0.01281	0.09728	0.01308	0.05369	0.01053	0.01338	0.00798	0.00558	0.00510	0.00177	0.00630	0.00457	0.00334	0.00730
1	0.01309	0.01234	0.02000	0.18213	0.51207	0.01305	0.01561	0.01795	0.10087	0.01811	0.01314	0.01603	0.02929	0.00569	0.00563	0.00175	0.00648	0.00535	0.00314	0.00827
2	0.01070	0.01000	0.01654	0.73741	0.03709	0.01217	0.01504	0.01436	0.01128	0.01464	0.01000	0.01478	0.00756	0.00553	0.00553	0.00181	0.00728	0.00489	0.00256	0.06083
3	0.00768	0.00532	0.00705	0.00736	0.00817	0.00495	0.00520	0.00909	0.01288	0.01773	0.37160	0.33962	0.06424	0.01487	0.00848	0.09055	0.00314	0.01198	0.00538	0.00470
4	0.84197	0.01088	0.00827	0.00740	0.01088	0.01262	0.00609	0.01654	0.00958	0.02525	0.00784	0.00914	0.00609	0.00522	0.00348	0.00174	0.00435	0.00305	0.00348	0.00609
5	0.01063	0.01000	0.01688	0.78870	0.03876	0.01250	0.01563	0.01438	0.01125	0.01438	0.01000	0.01500	0.00750	0.00563	0.00563	0.00188	0.00750	0.00500	0.00250	0.00625
6	0.84197	0.01088	0.00827	0.00740	0.01088	0.01262	0.00609	0.01654	0.00958	0.02525	0.00784	0.00914	0.00609	0.00522	0.00348	0.00174	0.00435	0.00305	0.00348	0.00609
7	0.00975	0.00941	0.00821	0.00758	0.00985	0.11803	0.00575	0.03669	0.01408	0.01685	0.13608	0.04200	0.48745	0.01175	0.00622	0.00174	0.00409	0.00966	0.00490	0.05992
8	0.74498	0.01073	0.00884	0.00771	0.01130	0.01211	0.00635	0.01784	0.01035	0.11382	0.00954	0.01033	0.00703	0.00543	0.00374	0.00174	0.00441	0.00336	0.00390	0.00651
9	0.02136	0.01479	0.01616	0.01250	0.01690	0.01613	0.01029	0.61552	0.07324	0.12204	0.01516	0.01467	0.01059	0.00684	0.00564	0.00171	0.00591	0.00522	0.00579	0.00953
10	0.77063	0.01131	0.00902	0.00788	0.01145	0.01304	0.00649	0.08016	0.01105	0.02614	0.00833	0.00952	0.00640	0.00536	0.00367	0.00174	0.00451	0.00322	0.00367	0.00640
11	0.01320	0.01241	0.02080	0.15906	0.40350	0.01292	0.10177	0.06267	0.05607	0.01870	0.01308	0.07631	0.01137	0.00634	0.00585	0.00180	0.00673	0.00615	0.00328	0.00800
12	0.84197	0.01088	0.00827	0.00740	0.01088	0.01262	0.00609	0.01654	0.00958	0.02525	0.00784	0.00914	0.00609	0.00522	0.00348	0.00174	0.00435	0.00305	0.00348	0.00609
13	0.01394	0.01322	0.02164	0.03180	0.67775	0.01345	0.01628	0.01877	0.10119	0.01900	0.01205	0.01477	0.00990	0.00533	0.00559	0.00170	0.00642	0.00517	0.00313	0.00891
14	0.01324	0.01133	0.01207	0.01107	0.01395	0.01300	0.00852	0.02756	0.67775	0.02257	0.02377	0.10352	0.01931	0.00870	0.00588	0.00195	0.00433	0.00739	0.00567	0.00845
15	0.01870	0.01061	0.01197	0.00959	0.01297	0.01096	0.00779	0.31384	0.01883	0.22036	0.01739	0.01749	0.01234	0.00674	0.00506	0.00157	0.00462	0.00528	0.28576	0.00811
16	0.80250	0.01100	0.00897	0.00869	0.04693	0.01266	0.00663	0.01658	0.00973	0.02492	0.00797	0.00937	0.00623	0.00521	0.00358	0.00174	0.00446	0.00314	0.00345	0.00623
17	0.01110	0.01035	0.01740	0.53467	0.20113	0.01212	0.01509	0.01458	0.01137	0.01515	0.01067	0.01551	0.00852	0.00937	0.08780	0.00259	0.00812	0.00511	0.00262	0.00673
18	0.84197	0.01088	0.00827	0.00740	0.01088	0.01262	0.00609	0.01654	0.00958	0.02525	0.00784	0.00914	0.00609	0.00522	0.00348	0.00174	0.00435	0.00305	0.00348	0.00609
19	0.01252	0.01253	0.01693	0.01652	0.10380	0.05201	0.01235	0.01410	0.00988	0.01439	0.01096	0.01707	0.03552	0.00959	0.01522	0.00231	0.58459	0.05052	0.00279	0.00639
20	0.01411	0.01428	0.02284	0.02979	0.55247	0.06196	0.09370	0.01723	0.01256	0.01748	0.01017	0.01363	0.00859	0.00561	0.00719	0.00178	0.10045	0.00509	0.00276	0.00830
21	0.75409	0.01115	0.00982	0.01028	0.09115	0.01270	0.00728	0.01662	0.00992	0.02452	0.00813	0.00965	0.00639	0.00520	0.00370	0.00173	0.00460	0.00326	0.00341	0.00639
22	0.01432	0.01439	0.02653	0.07120	0.05649	0.01448	0.46237	0.11640	0.12448	0.02093	0.01324	0.01575	0.00990	0.00551	0.00626	0.00186	0.00806	0.00622	0.00361	0.00801
23	0.01346	0.01350	0.01928	0.15729	0.47394	0.10329	0.01495	0.01640	0.01270	0.01673	0.01243	0.09694	0.01148	0.00655	0.00569	0.00174	0.00687	0.00601	0.00301	0.00772
24	0.02347	0.01153	0.01474	0.01237	0.06241	0.01114	0.00951	0.22705	0.01878	0.51951	0.01906	0.01726	0.01240	0.00678	0.00565	0.00172	0.00530	0.00545	0.00633	0.00953

[dist]
# distance from previous block
# <min> <max>
0	7

[block]
# block no. 2 follows, 42 sequences, length 22
# corresponding to MSA columns:
# 446-467
name=unknown_C
#
# <colnr> <probs for GDERKNQSTAVLIFYWHMCP>
#	G	D	E	R	K	N	Q	S	T	A	V	L	I	F	Y	W	H	M	C	P
0	0.00949	0.00805	0.01083	0.19297	0.03790	0.00800	0.00835	0.01286	0.05620	0.01812	0.22675	0.06559	0.15756	0.00918	0.00590	0.00168	0.00435	0.00794	0.00447	0.15381
1	0.21054	0.01116	0.01293	0.16189	0.06504	0.05497	0.00945	0.01739	0.01201	0.13880	0.01161	0.01341	0.00876	0.00693	0.03794	0.00184	0.00593	0.00420	0.00371	0.21149
2	0.01045	0.00837	0.01104	0.05421	0.01360	0.00731	0.04599	0.01318	0.04622	0.05183	0.02291	0.24452	0.10771	0.00966	0.00569	0.00159	0.00427	0.00852	0.00431	0.32862
3	0.67358	0.01057	0.00879	0.00781	0.01110	0.01204	0.00629	0.01776	0.07206	0.06750	0.01054	0.01244	0.00837	0.05532	0.00537	0.00199	0.00446	0.00380	0.00387	0.00636
4	0.00818	0.00546	0.00614	0.00614	0.00614	0.00546	0.00341	0.00818	0.00818	0.01091	0.01773	0.03683	0.02046	0.80222	0.02864	0.00546	0.00546	0.00818	0.00341	0.00341
5	0.01175	0.02718	0.70422	0.01531	0.02317	0.01249	0.01949	0.01786	0.01212	0.05332	0.01268	0.01404	0.03995	0.00581	0.00542	0.00179	0.00792	0.00456	0.00272	0.00822
6	0.84197	0.01088	0.00827	0.00740	0.01088	0.01262	0.00609	0.01654	0.00958	0.02525	0.00784	0.00914	0.00609	0.00522	0.00348	0.00174	0.00435	0.00305	0.00348	0.00609
7	0.84197	0.01088	0.00827	0.00740	0.01088	0.01262	0.00609	0.01654	0.00958	0.02525	0.00784	0.00914	0.00609	0.00522	0.00348	0.00174	0.00435	0.00305	0.00348	0.00609
8	0.01328	0.01518	0.03321	0.02372	0.02941	0.01423	0.74668	0.01803	0.01328	0.01803	0.01139	0.01518	0.00854	0.00474	0.00664	0.00190	0.00949	0.00664	0.00285	0.00759
9	0.01400	0.01209	0.01273	0.01145	0.01463	0.01400	0.00891	0.02990	0.75695	0.02354	0.02291	0.02100	0.01718	0.00764	0.00573	0.00191	0.00445	0.00636	0.00573	0.00891
10	0.01251	0.01071	0.01315	0.01132	0.09121	0.00873	0.00801	0.06036	0.01271	0.01941	0.01028	0.01202	0.00847	0.00442	0.00440	0.00097	0.00455	0.00362	0.00342	0.69972
11	0.00733	0.00533	0.00653	0.00721	0.00789	0.00498	0.00494	0.00838	0.01102	0.01436	0.06865	0.39842	0.17250	0.18735	0.01177	0.00290	0.00378	0.06734	0.00487	0.00443
12	0.00940	0.00788	0.01126	0.01049	0.01117	0.00991	0.00835	0.01082	0.00903	0.01311	0.01494	0.02072	0.05860	0.02882	0.44195	0.06483	0.25464	0.00597	0.00294	0.00518
13	0.01232	0.01256	0.02397	0.22371	0.24952	0.01283	0.28715	0.01612	0.01244	0.01692	0.01221	0.07142	0.01046	0.00598	0.00610	0.00185	0.00769	0.00641	0.00291	0.00742
14	0.01065	0.00912	0.01484	0.61443	0.03220	0.01092	0.01341	0.01386	0.01149	0.05019	0.01549	0.11839	0.04689	0.00764	0.00588	0.00192	0.00661	0.00678	0.00319	0.00612
15	0.00722	0.00539	0.00679	0.00720	0.00821	0.00496	0.00514	0.00888	0.01277	0.01710	0.26966	0.36282	0.19416	0.01616	0.04450	0.00237	0.00356	0.01279	0.00543	0.00487
16	0.01167	0.01000	0.01167	0.00834	0.01334	0.00750	0.00667	0.01417	0.01167	0.01834	0.01000	0.01167	0.00834	0.00417	0.00417	0.00083	0.00417	0.00333	0.00333	0.83663
17	0.01393	0.01337	0.02284	0.03454	0.76712	0.01337	0.01727	0.01727	0.01281	0.01839	0.01059	0.01393	0.00891	0.00501	0.00557	0.00167	0.00669	0.00501	0.00279	0.00891
18	0.01186	0.01010	0.01497	0.46611	0.06253	0.01132	0.01262	0.01484	0.05209	0.01695	0.08414	0.04207	0.05948	0.06638	0.00894	0.04125	0.00672	0.00695	0.00389	0.00678
19	0.84197	0.01088	0.00827	0.00740	0.01088	0.01262	0.00609	0.01654	0.00958	0.02525	0.00784	0.00914	0.00609	0.00522	0.00348	0.00174	0.00435	0.00305	0.00348	0.00609
20	0.00823	0.00551	0.00630	0.00638	0.00645	0.00551	0.00373	0.00838	0.00845	0.01125	0.01842	0.03834	0.02114	0.75753	0.02746	0.00529	0.00544	0.04915	0.00351	0.00351
21	0.01762	0.01944	0.01634	0.01683	0.13760	0.37858	0.01144	0.07422	0.17182	0.01831	0.02920	0.01412	0.01081	0.00649	0.00614	0.00167	0.05332	0.00475	0.00372	0.00758

[dist]
# distance from previous block
# <min> <max>
0	7

[block]
# block no. 3 follows, 42 sequences, length 25
# corresponding to MSA columns:
# 475-499
name=unknown_D
#
# <colnr> <probs for GDERKNQSTAVLIFYWHMCP>
#	G	D	E	R	K	N	Q	S	T	A	V	L	I	F	Y	W	H	M	C	P
0	0.05162	0.01124	0.01097	0.06067	0.01277	0.16073	0.00757	0.01422	0.01085	0.09299	0.01372	0.05887	0.01335	0.22051	0.01567	0.14301	0.08654	0.00607	0.00346	0.00516
1	0.01882	0.09531	0.04369	0.10212	0.15781	0.01152	0.04779	0.02159	0.01402	0.38109	0.01648	0.03968	0.01178	0.00638	0.00551	0.00171	0.00588	0.00549	0.00480	0.00854
2	0.01405	0.01602	0.19549	0.01769	0.19119	0.01287	0.01359	0.04726	0.28716	0.07303	0.03825	0.01872	0.01389	0.00676	0.00568	0.00182	0.00594	0.02765	0.00433	0.00862
3	0.01412	0.15228	0.05187	0.01007	0.01502	0.01167	0.03648	0.09337	0.01368	0.06863	0.03261	0.01291	0.00988	0.00503	0.00454	0.00116	0.00510	0.00397	0.00367	0.45394
4	0.00813	0.00579	0.00759	0.00847	0.00927	0.00569	0.00650	0.00966	0.01121	0.01468	0.02859	0.23956	0.07538	0.18860	0.04147	0.00334	0.00499	0.32173	0.00473	0.00461
5	0.01195	0.12011	0.43768	0.01547	0.06634	0.01384	0.04976	0.01760	0.06602	0.01755	0.05553	0.01512	0.01123	0.03308	0.00672	0.00187	0.04453	0.00487	0.00294	0.00778
6	0.01175	0.01041	0.04841	0.00926	0.01289	0.00916	0.00764	0.01850	0.24315	0.04987	0.14700	0.02446	0.09836	0.00771	0.00545	0.00152	0.00409	0.00646	0.00485	0.27908
7	0.00720	0.00525	0.00678	0.00739	0.00819	0.00483	0.00516	0.00877	0.01265	0.01712	0.27276	0.48240	0.11003	0.01532	0.00696	0.00208	0.00303	0.01372	0.00554	0.00483
8	0.09096	0.02254	0.01499	0.01334	0.01632	0.55186	0.01018	0.09844	0.05277	0.01745	0.01005	0.01176	0.00826	0.02838	0.00606	0.00166	0.03073	0.00403	0.00338	0.00683
9	0.00729	0.00535	0.00684	0.00726	0.00820	0.00490	0.00515	0.00902	0.01316	0.01787	0.33823	0.39489	0.13167	0.01468	0.00689	0.00203	0.00296	0.01309	0.00563	0.00490
10	0.31177	0.34221	0.01838	0.00942	0.01335	0.10887	0.00832	0.06227	0.01225	0.01932	0.00877	0.01003	0.00730	0.00528	0.00388	0.00146	0.00577	0.00333	0.04123	0.00679
11	0.01310	0.01189	0.01816	0.24529	0.31202	0.01302	0.02764	0.06618	0.14688	0.01952	0.05921	0.01723	0.01274	0.00617	0.00570	0.00178	0.00629	0.00560	0.00363	0.00794
12	0.00703	0.00524	0.00655	0.00722	0.00809	0.00476	0.00504	0.00845	0.01225	0.01619	0.18375	0.48548	0.19805	0.01567	0.00696	0.00210	0.00305	0.01394	0.00542	0.00476
13	0.01256	0.01538	0.09433	0.02133	0.02670	0.01328	0.60560	0.01705	0.01266	0.01736	0.01182	0.01650	0.00938	0.05376	0.04382	0.00243	0.00941	0.00649	0.00285	0.00729
14	0.01233	0.15068	0.06100	0.01289	0.06347	0.11073	0.06569	0.05904	0.01302	0.01626	0.01888	0.31854	0.02036	0.01056	0.00596	0.00187	0.00590	0.04252	0.00395	0.00636
15	0.00843	0.00551	0.00753	0.00759	0.00799	0.00588	0.00521	0.00867	0.00844	0.01163	0.01554	0.06442	0.01641	0.29564	0.30914	0.19915	0.00884	0.00700	0.00313	0.00385
16	0.00701	0.00572	0.00620	0.00608	0.00782	0.00490	0.00456	0.00878	0.01368	0.01723	0.25191	0.05082	0.56867	0.01350	0.00665	0.00186	0.00280	0.01141	0.00549	0.00490
17	0.01658	0.60216	0.07521	0.01026	0.01522	0.01941	0.01021	0.05275	0.01285	0.12459	0.01033	0.01089	0.00830	0.00525	0.00412	0.00134	0.00600	0.00357	0.00322	0.00775
18	0.01081	0.00887	0.01232	0.01211	0.01409	0.05803	0.09107	0.01356	0.01328	0.03984	0.02614	0.05327	0.02753	0.01345	0.00741	0.00241	0.00597	0.57935	0.00483	0.00567
19	0.84197	0.01088	0.00827	0.00740	0.01088	0.01262	0.00609	0.01654	0.00958	0.02525	0.00784	0.00914	0.00609	0.00522	0.00348	0.00174	0.00435	0.00305	0.00348	0.00609
20	0.01063	0.01000	0.01688	0.78870	0.03876	0.01250	0.01563	0.01438	0.01125	0.01438	0.01000	0.01500	0.00750	0.00563	0.00563	0.00188	0.00750	0.00500	0.00250	0.00625
21	0.00689	0.00517	0.00639	0.00723	0.00804	0.00467	0.00499	0.00811	0.01170	0.01521	0.09432	0.54860	0.22567	0.01629	0.00700	0.00215	0.00311	0.01449	0.00530	0.00467
22	0.01414	0.38733	0.07131	0.09409	0.06169	0.05675	0.01096	0.07914	0.01361	0.01724	0.10113	0.01470	0.01318	0.00596	0.00469	0.00145	0.00612	0.00451	0.00324	0.03876
23	0.01441	0.00911	0.01253	0.00977	0.01352	0.00774	0.06408	0.01727	0.03316	0.22127	0.17030	0.07504	0.02130	0.00750	0.00552	0.00148	0.00438	0.00658	0.00505	0.29998
24	0.02970	0.01561	0.04488	0.01304	0.05069	0.10319	0.01028	0.34749	0.13151	0.02654	0.04310	0.01500	0.01181	0.00643	0.00536	0.00158	0.00604	0.00498	0.00473	0.12803

[dist]
# distance from previous block
# <min> <max>
1	9

[block]
# block no. 4 follows, 42 sequences, length 13
# corresponding to MSA columns:
# 514-526
name=unknown_E
#
# <colnr> <probs for GDERKNQSTAVLIFYWHMCP>
#	G	D	E	R	K	N	Q	S	T	A	V	L	I	F	Y	W	H	M	C	P
0	0.01036	0.00860	0.01172	0.10050	0.10439	0.00902	0.00924	0.01566	0.16699	0.01890	0.16785	0.16521	0.02747	0.01059	0.00636	0.00197	0.00460	0.11242	0.00483	0.04334
1	0.00712	0.00551	0.00626	0.00654	0.00786	0.00486	0.00473	0.00834	0.01219	0.01526	0.10777	0.20846	0.45218	0.05001	0.00854	0.04349	0.00322	0.03796	0.00509	0.00460
2	0.09436	0.01282	0.01258	0.01126	0.01450	0.05191	0.00879	0.05053	0.62557	0.02359	0.02046	0.01908	0.01538	0.00728	0.00547	0.00186	0.00478	0.00587	0.00537	0.00854
3	0.00830	0.00611	0.00805	0.00894	0.01025	0.00586	0.00744	0.01052	0.01300	0.01684	0.10567	0.13400	0.16895	0.01513	0.00740	0.00235	0.00432	0.45655	0.00529	0.00505
4	0.01516	0.01209	0.02006	0.17715	0.50094	0.01236	0.01546	0.01839	0.01306	0.14212	0.01239	0.01500	0.00947	0.00546	0.00560	0.00172	0.00653	0.00512	0.00342	0.00851
5	0.01444	0.48120	0.18446	0.01190	0.01730	0.01886	0.03975	0.06092	0.09186	0.01678	0.01038	0.01140	0.00845	0.00534	0.00443	0.00146	0.00648	0.00387	0.00296	0.00778
6	0.00710	0.00510	0.00658	0.00767	0.00813	0.00478	0.00521	0.00811	0.01079	0.01423	0.03146	0.63099	0.08558	0.09288	0.00925	0.00258	0.00356	0.05643	0.00505	0.00451
7	0.01087	0.00876	0.01185	0.01034	0.01229	0.03546	0.07883	0.01419	0.08108	0.06994	0.23412	0.12183	0.11799	0.01287	0.05212	0.02720	0.08040	0.00895	0.00488	0.00602
8	0.01477	0.46482	0.10274	0.01346	0.06870	0.01793	0.08206	0.03780	0.03860	0.05870	0.01112	0.04631	0.00958	0.00572	0.00462	0.00148	0.00639	0.00452	0.00306	0.00763
9	0.02093	0.01122	0.01326	0.01039	0.01426	0.01129	0.00851	0.30474	0.01958	0.34949	0.06060	0.01849	0.01453	0.00709	0.00549	0.00167	0.00494	0.00563	0.10908	0.00879
10	0.71570	0.03786	0.01014	0.00909	0.04000	0.07698	0.00703	0.01707	0.01029	0.02365	0.00801	0.00940	0.00633	0.00525	0.00370	0.00170	0.00498	0.00317	0.00337	0.00627
11	0.00911	0.00598	0.00729	0.00736	0.00896	0.00532	0.00554	0.01079	0.01312	0.09691	0.15269	0.24676	0.31688	0.01406	0.00678	0.00203	0.00335	0.07618	0.00556	0.00534
12	0.00867	0.00612	0.00747	0.00731	0.00849	0.00597	0.00523	0.01144	0.06804	0.03483	0.33397	0.14664	0.09528	0.15728	0.04475	0.00284	0.00400	0.01003	0.03649	0.00516

[dist]
# distance from previous block
# <min> <max>
1	3

[block]
# block no. 5 follows, 42 sequences, length 13
# corresponding to MSA columns:
# 530-542
name=unknown_F
#
# <colnr> <probs for GDERKNQSTAVLIFYWHMCP>
#	G	D	E	R	K	N	Q	S	T	A	V	L	I	F	Y	W	H	M	C	P
0	0.10098	0.08255	0.01798	0.42873	0.08590	0.01374	0.04237	0.08443	0.01300	0.06324	0.01074	0.01388	0.00806	0.00561	0.00526	0.00176	0.00677	0.00473	0.00319	0.00709
1	0.00890	0.00682	0.00781	0.00717	0.00907	0.00641	0.00548	0.09002	0.01583	0.02101	0.39801	0.04380	0.33451	0.01209	0.00653	0.00181	0.00312	0.01030	0.00574	0.00555
2	0.01391	0.01255	0.02093	0.10549	0.54928	0.01284	0.04326	0.01811	0.06332	0.05364	0.01273	0.01685	0.01052	0.00577	0.00572	0.00176	0.00657	0.03502	0.00325	0.00848
3	0.01236	0.03879	0.04588	0.01300	0.01412	0.01397	0.04505	0.01390	0.00953	0.06485	0.01084	0.01733	0.01039	0.13854	0.06471	0.00320	0.46895	0.00555	0.00297	0.00607
4	0.84197	0.01088	0.00827	0.00740	0.01088	0.01262	0.00609	0.01654	0.00958	0.02525	0.00784	0.00914	0.00609	0.00522	0.00348	0.00174	0.00435	0.00305	0.00348	0.00609
5	0.00749	0.00568	0.00691	0.00672	0.00815	0.00509	0.00499	0.00966	0.01463	0.01978	0.50003	0.09942	0.26539	0.01276	0.00668	0.00185	0.00276	0.01110	0.00584	0.00509
6	0.01363	0.01307	0.02231	0.10229	0.70169	0.01329	0.01712	0.01701	0.01267	0.01803	0.01053	0.01402	0.00879	0.00507	0.00558	0.00169	0.00676	0.00501	0.00276	0.00867
7	0.00692	0.00495	0.00659	0.00779	0.00818	0.00462	0.00523	0.00800	0.01108	0.01486	0.07485	0.75332	0.03817	0.01726	0.00715	0.00225	0.00323	0.01565	0.00528	0.00462
8	0.00714	0.00512	0.00678	0.00764	0.00823	0.00476	0.00525	0.00855	0.01210	0.01647	0.21882	0.60476	0.04129	0.01606	0.00704	0.00215	0.00311	0.01451	0.00547	0.00476
9	0.40588	0.01019	0.01083	0.00880	0.01274	0.01030	0.00726	0.02235	0.01306	0.42345	0.01551	0.01449	0.01028	0.00615	0.00464	0.00174	0.00459	0.00444	0.00534	0.00795
10	0.18751	0.08828	0.08187	0.08219	0.14542	0.14072	0.01190	0.08416	0.09164	0.02025	0.01091	0.01248	0.00855	0.00568	0.00488	0.00166	0.00664	0.00427	0.00342	0.00756
11	0.59483	0.05948	0.01124	0.10023	0.01490	0.03648	0.00778	0.01747	0.01067	0.08988	0.00941	0.01076	0.00707	0.00542	0.00399	0.00172	0.00504	0.00353	0.00360	0.00651
12	0.11341	0.01370	0.06961	0.07788	0.38756	0.01304	0.01411	0.10693	0.01434	0.11843	0.01205	0.01393	0.00909	0.00557	0.00533	0.00171	0.00627	0.00481	0.00371	0.00852

[dist]
# distance from previous block
# <min> <max>
1	40

[block]
# block no. 6 follows, 42 sequences, length 46
# corresponding to MSA columns:
# 583-628
name=unknown_G
#
# <colnr> <probs for GDERKNQSTAVLIFYWHMCP>
#	G	D	E	R	K	N	Q	S	T	A	V	L	I	F	Y	W	H	M	C	P
0	0.01468	0.01204	0.01531	0.08738	0.10743	0.01397	0.01113	0.08586	0.33699	0.07560	0.01697	0.03689	0.01326	0.00763	0.00784	0.00195	0.13637	0.00591	0.00460	0.00820
1	0.01706	0.01192	0.01520	0.01233	0.01610	0.01263	0.08181	0.15056	0.31484	0.18489	0.01899	0.01859	0.01382	0.00992	0.07188	0.00242	0.00622	0.00591	0.00540	0.02950
2	0.01302	0.01075	0.01347	0.01239	0.11717	0.00914	0.00849	0.03178	0.07975	0.05406	0.01189	0.01321	0.00950	0.00478	0.00460	0.00111	0.00461	0.00398	0.00369	0.59261
3	0.00717	0.00541	0.00649	0.00685	0.00791	0.00488	0.00482	0.00865	0.01258	0.01651	0.22668	0.31611	0.27159	0.06791	0.00832	0.00224	0.00312	0.01267	0.00535	0.00474
4	0.01469	0.23726	0.03572	0.11218	0.06259	0.15297	0.01161	0.04968	0.03301	0.01577	0.05410	0.01349	0.01050	0.00670	0.00762	0.00170	0.16596	0.00451	0.00300	0.00692
5	0.00680	0.00539	0.00603	0.00652	0.00774	0.00472	0.00459	0.00799	0.01184	0.01469	0.04548	0.33070	0.45882	0.05247	0.00788	0.00221	0.00313	0.01324	0.00514	0.00462
6	0.01102	0.06227	0.64669	0.01470	0.02197	0.01254	0.01841	0.01680	0.01214	0.01786	0.07167	0.04510	0.01203	0.00630	0.00544	0.00177	0.00755	0.00506	0.00280	0.00788
7	0.00780	0.00575	0.00729	0.00691	0.00831	0.00524	0.00518	0.01030	0.01554	0.02163	0.67455	0.04357	0.14329	0.01185	0.00664	0.00179	0.00268	0.01039	0.00607	0.00524
8	0.01954	0.01575	0.01579	0.01270	0.01675	0.07811	0.01027	0.51285	0.20550	0.03078	0.01544	0.01508	0.01126	0.00690	0.00561	0.00172	0.00608	0.00527	0.00543	0.00916
9	0.03264	0.01284	0.03702	0.34631	0.05246	0.01325	0.32484	0.04341	0.01291	0.05261	0.01126	0.01499	0.00832	0.00532	0.00600	0.00186	0.00809	0.00567	0.00300	0.00720
10	0.02221	0.00890	0.01209	0.00950	0.01332	0.00775	0.00775	0.02447	0.01608	0.63938	0.15269	0.02318	0.02082	0.00776	0.00583	0.00175	0.00441	0.00645	0.00683	0.00883
11	0.02139	0.01576	0.01689	0.01295	0.01745	0.01745	0.01070	0.74835	0.02646	0.03547	0.01351	0.01351	0.00957	0.00676	0.00563	0.00169	0.00619	0.00507	0.00563	0.00957
12	0.01345	0.01747	0.26525	0.02083	0.25546	0.01213	0.08233	0.04442	0.03961	0.08020	0.04872	0.06849	0.01301	0.00657	0.00577	0.00179	0.00680	0.00597	0.00353	0.00821
13	0.33050	0.07825	0.05044	0.01139	0.01557	0.06016	0.07189	0.19447	0.05045	0.05424	0.01116	0.01209	0.00836	0.00577	0.00466	0.00168	0.00588	0.00423	0.02127	0.00753
14	0.02525	0.00958	0.01306	0.01001	0.01437	0.00827	0.00827	0.02743	0.01611	0.77102	0.02220	0.01915	0.01393	0.00697	0.00566	0.00174	0.00479	0.00566	0.00697	0.00958
15	0.00756	0.00589	0.00606	0.00591	0.00793	0.00492	0.00447	0.00903	0.01299	0.05229	0.05530	0.05244	0.72799	0.01389	0.00660	0.00189	0.00295	0.01157	0.00531	0.00499
16	0.01426	0.10801	0.34971	0.04003	0.17491	0.01372	0.03935	0.01862	0.01247	0.12070	0.01151	0.01320	0.00851	0.00565	0.00593	0.00173	0.04571	0.00455	0.00312	0.00830
17	0.02407	0.01002	0.01354	0.01050	0.01451	0.00933	0.00869	0.05251	0.01588	0.68315	0.02069	0.01840	0.01324	0.00719	0.00669	0.00180	0.06836	0.00558	0.00655	0.00930
18	0.00807	0.00621	0.00744	0.00713	0.00870	0.00584	0.00534	0.01140	0.07470	0.02040	0.49164	0.08049	0.22729	0.01218	0.00659	0.00184	0.00288	0.01058	0.00587	0.00542
19	0.01138	0.02846	0.73836	0.01640	0.02459	0.01312	0.05484	0.01783	0.01195	0.01783	0.01016	0.01204	0.00719	0.00532	0.00541	0.00179	0.00837	0.00427	0.00240	0.00828
20	0.11584	0.03032	0.06182	0.01738	0.20646	0.07383	0.04045	0.08157	0.01480	0.26637	0.01447	0.02885	0.01050	0.00612	0.00534	0.00170	0.00616	0.00506	0.00450	0.00846
21	0.02006	0.01012	0.01321	0.09904	0.01669	0.05424	0.02731	0.02247	0.01530	0.49333	0.12514	0.04322	0.01887	0.00763	0.00583	0.00176	0.00519	0.00642	0.00595	0.00822
22	0.84197	0.01088	0.00827	0.00740	0.01088	0.01262	0.00609	0.01654	0.00958	0.02525	0.00784	0.00914	0.00609	0.00522	0.00348	0.00174	0.00435	0.00305	0.00348	0.00609
23	0.84197	0.01088	0.00827	0.00740	0.01088	0.01262	0.00609	0.01654	0.00958	0.02525	0.00784	0.00914	0.00609	0.00522	0.00348	0.00174	0.00435	0.00305	0.00348	0.00609
24	0.01642	0.01518	0.05214	0.01624	0.08631	0.06497	0.13342	0.26006	0.18622	0.03823	0.01575	0.06210	0.01253	0.00699	0.00586	0.00180	0.00655	0.00614	0.00461	0.00848
25	0.00730	0.00568	0.00663	0.00649	0.00802	0.00501	0.00483	0.00929	0.01420	0.01870	0.39643	0.09266	0.37830	0.01313	0.00668	0.00186	0.00278	0.01130	0.00569	0.00501
26	0.01240	0.01063	0.01326	0.08382	0.11829	0.01170	0.00978	0.05005	0.37264	0.02189	0.17313	0.02504	0.05689	0.00816	0.00592	0.00184	0.00466	0.00704	0.00510	0.00776
27	0.01670	0.01134	0.01231	0.01034	0.01363	0.01238	0.00825	0.23275	0.29364	0.11572	0.01911	0.01862	0.01399	0.00706	0.00529	0.00169	0.00459	0.00566	0.18855	0.00837
28	0.01318	0.00782	0.00981	0.00852	0.01089	0.00756	0.00665	0.05085	0.10319	0.19144	0.47589	0.03311	0.03808	0.00981	0.00626	0.00178	0.00351	0.00848	0.00629	0.00689
29	0.01028	0.00909	0.01298	0.01175	0.01218	0.01197	0.00948	0.01160	0.00871	0.01307	0.01097	0.01718	0.01059	0.03790	0.34188	0.05498	0.40184	0.00545	0.00271	0.00541
30	0.00929	0.00770	0.01074	0.01004	0.01053	0.00960	0.00774	0.01063	0.00873	0.01272	0.01347	0.02258	0.01358	0.20185	0.39511	0.00636	0.23520	0.00619	0.00294	0.00499
31	0.09528	0.02538	0.01525	0.01386	0.01681	0.71025	0.01044	0.02194	0.01537	0.01481	0.00862	0.01006	0.00714	0.00575	0.00493	0.00148	0.00962	0.00357	0.00295	0.00649
32	0.01087	0.01047	0.01836	0.71950	0.03791	0.01266	0.08176	0.01471	0.01144	0.01471	0.01013	0.01502	0.00760	0.00555	0.00572	0.00188	0.00768	0.00515	0.00253	0.00637
33	0.00837	0.00620	0.00771	0.00847	0.00930	0.00619	0.00588	0.05395	0.07921	0.01645	0.02924	0.68145	0.03376	0.01608	0.00696	0.00222	0.00355	0.01448	0.00529	0.00526
34	0.24167	0.01148	0.01173	0.00971	0.01337	0.09313	0.00786	0.02240	0.01370	0.42072	0.01625	0.01577	0.01112	0.00956	0.07505	0.00237	0.00618	0.00477	0.00523	0.00790
35	0.00703	0.00502	0.00673	0.00804	0.00844	0.00472	0.00553	0.00814	0.01095	0.01457	0.03092	0.73923	0.03683	0.01746	0.00723	0.00231	0.00342	0.07356	0.00522	0.00462
36	0.01109	0.01048	0.01772	0.68291	0.14093	0.01262	0.01586	0.01478	0.01147	0.01494	0.01008	0.01485	0.00770	0.00554	0.00562	0.00185	0.00739	0.00500	0.00254	0.00663
37	0.02059	0.01028	0.01254	0.01020	0.01376	0.04668	0.00831	0.10505	0.01647	0.47284	0.09362	0.02266	0.01785	0.01092	0.07586	0.00242	0.00595	0.03951	0.00610	0.00839
38	0.00716	0.00518	0.00696	0.00819	0.00860	0.00498	0.00570	0.00829	0.01093	0.01457	0.03047	0.71764	0.03624	0.01730	0.00744	0.00232	0.01790	0.08031	0.00517	0.00466
39	0.00709	0.00520	0.00668	0.00773	0.00831	0.00489	0.00526	0.00861	0.03218	0.01508	0.06728	0.68111	0.09612	0.01679	0.00707	0.00222	0.00324	0.01512	0.00528	0.00474
40	0.01408	0.01409	0.02134	0.14446	0.59140	0.08256	0.01645	0.01731	0.01287	0.01737	0.01033	0.01375	0.00855	0.00518	0.00553	0.00168	0.00712	0.00489	0.00275	0.00830
41	0.01167	0.01000	0.01167	0.00834	0.01334	0.00750	0.00667	0.01417	0.01167	0.01834	0.01000	0.01167	0.00834	0.00417	0.00417	0.00083	0.00417	0.00333	0.00333	0.83663
42	0.01264	0.06872	0.20830	0.01441	0.01706	0.07459	0.01384	0.01526	0.01029	0.01466	0.00931	0.04870	0.00870	0.00844	0.01263	0.00212	0.44596	0.00503	0.00260	0.00672
43	0.01436	0.01293	0.02154	0.16400	0.50460	0.01340	0.05955	0.07621	0.01380	0.04883	0.01123	0.01437	0.00889	0.00532	0.00565	0.00172	0.00688	0.00514	0.00313	0.00845
44	0.00832	0.00544	0.00644	0.00644	0.00651	0.00551	0.00379	0.00823	0.00816	0.01095	0.01683	0.03405	0.01906	0.68036	0.07852	0.08085	0.00605	0.00774	0.00330	0.00343
45	0.01147	0.12817	0.37571	0.04356	0.01892	0.01272	0.01459	0.01576	0.01239	0.03527	0.13563	0.02095	0.01695	0.00751	0.00656	0.00182	0.06783	0.06363	0.00336	0.00720

[dist]
# distance from previous block
# <min> <max>
1	33

[block]
# block no. 7 follows, 42 sequences, length 9
# corresponding to MSA columns:
# 662-670
name=unknown_H
#
# <colnr> <probs for GDERKNQSTAVLIFYWHMCP>
#	G	D	E	R	K	N	Q	S	T	A	V	L	I	F	Y	W	H	M	C	P
0	0.00810	0.00631	0.00772	0.00769	0.00928	0.00582	0.00569	0.01024	0.03947	0.01596	0.09360	0.27255	0.19749	0.05112	0.09102	0.00284	0.00477	0.05500	0.00476	0.11056
1	0.01129	0.00967	0.01121	0.00813	0.01290	0.00729	0.00649	0.01371	0.01176	0.01810	0.01358	0.01491	0.06596	0.00494	0.00436	0.00091	0.00407	0.00398	0.00348	0.77326
2	0.01214	0.01245	0.02398	0.28306	0.18338	0.01290	0.30564	0.01603	0.01235	0.01665	0.01192	0.06141	0.00997	0.00586	0.00611	0.00187	0.00787	0.00631	0.00286	0.00723
3	0.01423	0.01386	0.01717	0.26002	0.02412	0.15425	0.11965	0.10144	0.01406	0.03749	0.01259	0.06116	0.01091	0.07511	0.00766	0.00204	0.00743	0.00582	0.00340	0.05758
4	0.02352	0.00963	0.01288	0.00980	0.01424	0.00817	0.00807	0.02574	0.01554	0.67541	0.02065	0.01820	0.01322	0.00661	0.00547	0.00163	0.00471	0.00536	0.00650	0.11463
5	0.01063	0.01000	0.01688	0.78870	0.03876	0.01250	0.01563	0.01438	0.01125	0.01438	0.01000	0.01500	0.00750	0.00563	0.00563	0.00188	0.00750	0.00500	0.00250	0.00625
6	0.01167	0.01000	0.01167	0.00834	0.01334	0.00750	0.00667	0.01417	0.01167	0.01834	0.01000	0.01167	0.00834	0.00417	0.00417	0.00083	0.00417	0.00333	0.00333	0.83663
7	0.01610	0.01349	0.01246	0.01002	0.01405	0.18234	0.00787	0.01906	0.06122	0.16091	0.01683	0.01694	0.07367	0.00614	0.00497	0.00130	0.00554	0.00476	0.00424	0.36807
8	0.01134	0.07661	0.01252	0.00838	0.01277	0.00838	0.00674	0.01359	0.01154	0.01740	0.01249	0.11139	0.01191	0.00593	0.00450	0.00105	0.00421	0.00492	0.00350	0.66083

[dist]
# distance from previous block
# <min> <max>
0	1

[block]
# block no. 8 follows, 42 sequences, length 29
# corresponding to MSA columns:
# 672-700
name=unknown_I
#
# <colnr> <probs for GDERKNQSTAVLIFYWHMCP>
#	G	D	E	R	K	N	Q	S	T	A	V	L	I	F	Y	W	H	M	C	P
0	0.06418	0.01261	0.02063	0.16098	0.57398	0.01320	0.01606	0.01711	0.03445	0.01828	0.01068	0.01403	0.00875	0.00521	0.00546	0.00172	0.00662	0.00493	0.00287	0.00829
1	0.01046	0.00944	0.03785	0.05482	0.24453	0.00930	0.01078	0.01329	0.05698	0.01600	0.01915	0.26693	0.02018	0.01282	0.03902	0.06905	0.03803	0.06120	0.00385	0.00633
2	0.00916	0.00736	0.01168	0.03998	0.01403	0.00724	0.09692	0.01174	0.01258	0.01642	0.02837	0.17326	0.06485	0.01416	0.00741	0.00240	0.00536	0.46688	0.00481	0.00539
3	0.24093	0.06101	0.06881	0.06221	0.01627	0.01186	0.04262	0.03052	0.10116	0.07710	0.01187	0.01293	0.00902	0.00538	0.00457	0.00150	0.00521	0.00413	0.00377	0.22914
4	0.00818	0.00621	0.00920	0.06754	0.01171	0.00715	0.00721	0.01006	0.00922	0.01302	0.01585	0.06621	0.01551	0.11544	0.60206	0.00776	0.01287	0.00673	0.00314	0.00493
5	0.00814	0.00591	0.00864	0.00864	0.00948	0.00675	0.00653	0.00971	0.00887	0.01266	0.01511	0.02351	0.01458	0.12613	0.65918	0.04869	0.01350	0.00622	0.00303	0.00472
6	0.01073	0.00879	0.00989	0.00974	0.01164	0.00965	0.00720	0.01978	0.41052	0.01964	0.05937	0.34850	0.02720	0.01201	0.00638	0.00206	0.00387	0.01058	0.00554	0.00693
7	0.01772	0.31324	0.02222	0.04190	0.06650	0.29691	0.03806	0.11029	0.01511	0.01677	0.00924	0.01076	0.00769	0.00546	0.00471	0.00143	0.00777	0.00383	0.00303	0.00735
8	0.03542	0.09481	0.01179	0.05663	0.01190	0.00954	0.00736	0.05161	0.01003	0.01392	0.01330	0.02001	0.02639	0.10309	0.29682	0.18308	0.04081	0.00553	0.00301	0.00495
9	0.04701	0.20915	0.38279	0.01583	0.10939	0.02994	0.01569	0.01870	0.05777	0.04845	0.01078	0.01216	0.00822	0.00539	0.00492	0.00163	0.00707	0.00413	0.00288	0.00809
10	0.01570	0.01790	0.05368	0.09886	0.39797	0.25202	0.01492	0.01918	0.04527	0.01676	0.01044	0.01306	0.00853	0.00544	0.00542	0.00164	0.00782	0.00460	0.00290	0.00789
11	0.01152	0.00998	0.01664	0.74091	0.03726	0.01224	0.01518	0.01518	0.01155	0.06081	0.01075	0.01526	0.00790	0.00571	0.00563	0.00187	0.00734	0.00504	0.00277	0.00646
12	0.84197	0.01088	0.00827	0.00740	0.01088	0.01262	0.00609	0.01654	0.00958	0.02525	0.00784	0.00914	0.00609	0.00522	0.00348	0.00174	0.00435	0.00305	0.00348	0.00609
13	0.00847	0.00904	0.10915	0.00986	0.01179	0.00777	0.00871	0.01100	0.00939	0.01361	0.01452	0.02129	0.01338	0.06417	0.65184	0.00797	0.01385	0.00586	0.00294	0.00540
14	0.00701	0.00505	0.00686	0.00799	0.00841	0.00489	0.00546	0.00813	0.01055	0.01420	0.02893	0.69672	0.03418	0.02085	0.10853	0.00317	0.00481	0.01469	0.00493	0.00463
15	0.02105	0.01443	0.01596	0.01235	0.01652	0.01582	0.01019	0.59824	0.02383	0.12524	0.01452	0.01446	0.01021	0.00691	0.00611	0.00171	0.03932	0.00514	0.03872	0.00925
16	0.01300	0.00973	0.01189	0.00940	0.04010	0.00761	0.00713	0.01544	0.01235	0.10497	0.04042	0.04271	0.01174	0.00529	0.00459	0.00106	0.00424	0.00438	0.00391	0.65004
17	0.05036	0.05489	0.49282	0.01538	0.03281	0.01339	0.07354	0.06525	0.01283	0.05088	0.01157	0.04745	0.00902	0.00616	0.00595	0.00181	0.03992	0.00495	0.00301	0.00800
18	0.00907	0.00612	0.00757	0.00718	0.00893	0.00555	0.00553	0.01123	0.01429	0.08341	0.37426	0.04401	0.28488	0.01426	0.05715	0.00233	0.00385	0.04924	0.00567	0.00546
19	0.01381	0.01522	0.03214	0.02302	0.02863	0.01444	0.69859	0.06575	0.01414	0.01917	0.01152	0.01507	0.00861	0.00488	0.00658	0.00188	0.00927	0.00654	0.00303	0.00772
20	0.01201	0.04308	0.01030	0.05221	0.01231	0.00737	0.00751	0.01438	0.03346	0.16860	0.12275	0.24561	0.03858	0.03786	0.00733	0.00219	0.00437	0.16859	0.00537	0.00611
21	0.01269	0.05069	0.04747	0.38597	0.19060	0.01333	0.10478	0.01721	0.06078	0.04548	0.01151	0.01494	0.00879	0.00552	0.00564	0.00180	0.00722	0.00519	0.00298	0.00741
22	0.01514	0.09531	0.13270	0.04694	0.20640	0.25770	0.05162	0.01813	0.01320	0.01570	0.01062	0.03780	0.00913	0.00814	0.05590	0.00209	0.00858	0.00475	0.00281	0.00734
23	0.01493	0.00924	0.01512	0.07253	0.05837	0.00869	0.14044	0.01718	0.01306	0.26510	0.02260	0.17086	0.07960	0.04336	0.00783	0.03538	0.00552	0.00833	0.00484	0.00702
24	0.03307	0.03237	0.08708	0.07136	0.09186	0.00911	0.06617	0.04547	0.01239	0.01705	0.03897	0.33666	0.05121	0.01163	0.00643	0.00204	0.00527	0.07147	0.00422	0.00615
25	0.01369	0.04113	0.03979	0.07416	0.12844	0.00917	0.00947	0.05903	0.01312	0.18149	0.02076	0.29163	0.02049	0.06211	0.00759	0.00215	0.00506	0.00911	0.00471	0.00692
26	0.15581	0.01208	0.04171	0.07682	0.15595	0.07175	0.00997	0.06601	0.01292	0.10211	0.06192	0.01948	0.01375	0.15550	0.00974	0.00242	0.01580	0.00554	0.00387	0.00682
27	0.12307	0.01065	0.01236	0.11033	0.09680	0.07096	0.00942	0.04139	0.02238	0.11026	0.02145	0.23207	0.06309	0.01038	0.00615	0.00204	0.00546	0.04027	0.00463	0.00684
28	0.16076	0.07502	0.05925	0.06969	0.01728	0.03740	0.05117	0.09164	0.01356	0.13088	0.01235	0.01435	0.00952	0.00849	0.04176	0.03652	0.05471	0.00465	0.00401	0.10703

[dist]
# distance from previous block
# <min> <max>
0	235

# created by:
# /home/berkeley/.conda/envs/busco_data_prod/bin/msa2prfl.pl pipeline/OGs_align_augustus/33634/160966.fs
