[name]
unknown

[dist]
# distance from previous block
# <min> <max>
5	584

[block]
# block no. 0 follows, 43 sequences, length 11
# corresponding to MSA columns:
# 593-603
name=unknown_A
#
# <colnr> <probs for GDERKNQSTAVLIFYWHMCP>
#	G	D	E	R	K	N	Q	S	T	A	V	L	I	F	Y	W	H	M	C	P
0	0.00836	0.00638	0.00784	0.00821	0.00931	0.00645	0.00586	0.01255	0.15533	0.01788	0.21272	0.46292	0.03675	0.01397	0.00666	0.00205	0.00329	0.01250	0.00547	0.00550
1	0.01631	0.01316	0.01621	0.05282	0.16112	0.01353	0.01090	0.34810	0.06422	0.02578	0.01229	0.01345	0.00935	0.00569	0.00518	0.00147	0.00565	0.00463	0.00430	0.21585
2	0.05356	0.01221	0.01841	0.32113	0.30770	0.01356	0.01461	0.15649	0.01443	0.02011	0.01062	0.01381	0.00823	0.00550	0.00542	0.00173	0.00669	0.00485	0.00320	0.00775
3	0.03548	0.20970	0.24357	0.01516	0.01985	0.01628	0.15498	0.01626	0.01099	0.01564	0.00891	0.01167	0.00734	0.00612	0.00826	0.00180	0.20385	0.00444	0.00249	0.00720
4	0.00847	0.00637	0.00872	0.20218	0.01443	0.00692	0.00671	0.00965	0.00940	0.01253	0.01807	0.17682	0.01994	0.43164	0.01778	0.00377	0.00538	0.00866	0.02823	0.00432
5	0.00773	0.00523	0.00614	0.00646	0.00654	0.00515	0.00380	0.00797	0.00869	0.01159	0.02071	0.22698	0.02424	0.60902	0.02293	0.00459	0.00483	0.00997	0.00380	0.00364
6	0.03380	0.06445	0.31978	0.01553	0.02164	0.01257	0.19807	0.02022	0.04186	0.19800	0.01340	0.01433	0.00932	0.00555	0.00553	0.00174	0.00728	0.00505	0.00368	0.00821
7	0.01247	0.00790	0.01305	0.01123	0.01355	0.00722	0.14846	0.01443	0.01238	0.20432	0.02467	0.45622	0.02552	0.01231	0.00659	0.00204	0.00476	0.01145	0.00512	0.00629
8	0.01190	0.00652	0.00857	0.00767	0.00966	0.00586	0.00588	0.01418	0.01509	0.20854	0.47426	0.10187	0.08594	0.01090	0.00634	0.00179	0.00320	0.00950	0.00614	0.00618
9	0.01269	0.01227	0.01998	0.17411	0.44227	0.01394	0.01547	0.01554	0.01129	0.01615	0.00952	0.01351	0.00813	0.00624	0.00866	0.00188	0.20323	0.00491	0.00261	0.00760
10	0.01577	0.00976	0.04010	0.00907	0.01210	0.00922	0.00757	0.18039	0.04769	0.20086	0.16142	0.02319	0.02055	0.00773	0.00536	0.00163	0.00422	0.02321	0.21277	0.00738

[dist]
# distance from previous block
# <min> <max>
1	24

[block]
# block no. 1 follows, 43 sequences, length 8
# corresponding to MSA columns:
# 628-635
name=unknown_B
#
# <colnr> <probs for GDERKNQSTAVLIFYWHMCP>
#	G	D	E	R	K	N	Q	S	T	A	V	L	I	F	Y	W	H	M	C	P
0	0.01413	0.32098	0.02501	0.02451	0.47805	0.01655	0.01409	0.01684	0.01209	0.01613	0.00937	0.01184	0.00813	0.00486	0.00474	0.00147	0.00633	0.00417	0.00260	0.00813
1	0.01334	0.01376	0.02488	0.01867	0.02332	0.01392	0.46362	0.02226	0.30240	0.01984	0.01559	0.01715	0.01169	0.00577	0.00619	0.00187	0.00742	0.00643	0.00390	0.00797
2	0.01240	0.02038	0.38400	0.01502	0.02092	0.01336	0.11113	0.02217	0.30174	0.01974	0.01498	0.01559	0.01102	0.00606	0.00557	0.00182	0.00686	0.00525	0.00367	0.00832
3	0.01254	0.33048	0.48737	0.01334	0.02020	0.01636	0.01621	0.01717	0.01152	0.01579	0.00907	0.01061	0.00705	0.00506	0.00460	0.00153	0.00731	0.00365	0.00235	0.00777
4	0.01338	0.50686	0.31832	0.01192	0.01799	0.01841	0.01373	0.01695	0.01142	0.01477	0.00857	0.00997	0.00707	0.00494	0.00421	0.00140	0.00680	0.00340	0.00236	0.00752
5	0.01159	0.01045	0.01661	0.70888	0.03591	0.01282	0.01486	0.09293	0.01267	0.01637	0.01021	0.01461	0.00760	0.00566	0.00554	0.00183	0.00725	0.00493	0.00279	0.00650
6	0.00662	0.00530	0.00593	0.00642	0.00769	0.00461	0.00457	0.00786	0.01184	0.01464	0.04621	0.34291	0.48535	0.01531	0.00675	0.00202	0.00296	0.01326	0.00514	0.00461
7	0.00816	0.00547	0.00565	0.00568	0.00728	0.00496	0.00431	0.01012	0.01236	0.01753	0.06967	0.04055	0.41669	0.01104	0.00556	0.00167	0.00281	0.03889	0.32671	0.00490

[dist]
# distance from previous block
# <min> <max>
0	2

[block]
# block no. 2 follows, 43 sequences, length 14
# corresponding to MSA columns:
# 638-651
name=unknown_C
#
# <colnr> <probs for GDERKNQSTAVLIFYWHMCP>
#	G	D	E	R	K	N	Q	S	T	A	V	L	I	F	Y	W	H	M	C	P
0	0.01061	0.00769	0.00986	0.03662	0.01192	0.00716	0.02719	0.02893	0.07855	0.08386	0.19541	0.17347	0.12177	0.01055	0.00606	0.00175	0.00385	0.03732	0.00509	0.14236
1	0.05916	0.12248	0.04550	0.07346	0.08591	0.07911	0.04540	0.11826	0.01283	0.01777	0.00904	0.01195	0.00765	0.00691	0.00950	0.00187	0.27867	0.00447	0.00298	0.00708
2	0.01127	0.02594	0.65234	0.01558	0.02243	0.01353	0.01910	0.01685	0.01117	0.01685	0.00950	0.01176	0.00706	0.00599	0.00738	0.00186	0.13699	0.00422	0.00235	0.00784
3	0.00773	0.00571	0.00729	0.00733	0.00865	0.00527	0.00566	0.01001	0.01433	0.01952	0.47805	0.10334	0.16256	0.01286	0.00676	0.00193	0.00310	0.12912	0.00571	0.00506
4	0.04978	0.01136	0.01742	0.05198	0.14117	0.01121	0.12858	0.07569	0.08003	0.27988	0.05333	0.01930	0.01399	0.00664	0.00575	0.00178	0.00585	0.03307	0.00489	0.00830
5	0.01276	0.01187	0.01922	0.12372	0.02179	0.01254	0.25654	0.07422	0.23315	0.02037	0.06648	0.04504	0.01543	0.00693	0.00600	0.00185	0.00637	0.02285	0.03544	0.00742
6	0.00696	0.00491	0.00636	0.00744	0.00771	0.00464	0.00485	0.00777	0.01019	0.01358	0.02839	0.67647	0.03393	0.14632	0.01053	0.00276	0.00357	0.01449	0.00485	0.00431
7	0.01306	0.01233	0.02017	0.09591	0.58289	0.01214	0.01515	0.01625	0.01229	0.01774	0.01027	0.01344	0.00856	0.00485	0.00526	0.00153	0.00624	0.00466	0.00281	0.14445
8	0.01343	0.01337	0.08584	0.22476	0.36480	0.01263	0.05401	0.01801	0.06810	0.07329	0.01202	0.01477	0.00921	0.00544	0.00555	0.00174	0.00677	0.00509	0.00316	0.00802
9	0.01269	0.01184	0.01880	0.05297	0.53229	0.01153	0.01393	0.01618	0.03929	0.01808	0.03405	0.01652	0.05093	0.00558	0.00535	0.00154	0.00581	0.00521	0.00315	0.14427
10	0.00880	0.00684	0.00948	0.13705	0.01454	0.00728	0.00826	0.01208	0.07707	0.01615	0.08035	0.27779	0.02902	0.04964	0.00781	0.00235	0.00465	0.24080	0.00472	0.00533
11	0.01525	0.01488	0.11257	0.14176	0.08609	0.05134	0.02345	0.21334	0.09974	0.06598	0.04045	0.01634	0.03199	0.00639	0.00548	0.00168	0.00626	0.00524	0.00417	0.05759
12	0.07680	0.18663	0.27159	0.01219	0.01774	0.01519	0.01283	0.15615	0.09076	0.06138	0.01184	0.01249	0.00882	0.00567	0.00483	0.00159	0.00630	0.00421	0.00364	0.03937
13	0.05480	0.01084	0.06919	0.03944	0.06999	0.00910	0.02958	0.07938	0.01390	0.11206	0.14964	0.08389	0.01936	0.02783	0.00598	0.00164	0.00480	0.00638	0.00443	0.20775

[dist]
# distance from previous block
# <min> <max>
5	34

[block]
# block no. 3 follows, 43 sequences, length 130
# corresponding to MSA columns:
# 686-750,756-820
name=unknown_D
#
# <colnr> <probs for GDERKNQSTAVLIFYWHMCP>
#	G	D	E	R	K	N	Q	S	T	A	V	L	I	F	Y	W	H	M	C	P
0	0.01231	0.01165	0.01943	0.28209	0.41552	0.01253	0.03880	0.01655	0.06100	0.01732	0.05019	0.01598	0.01108	0.00562	0.00560	0.00174	0.00659	0.00533	0.00301	0.00768
1	0.01518	0.01023	0.01597	0.01687	0.18740	0.00989	0.09504	0.03788	0.06258	0.21994	0.02150	0.05062	0.05572	0.00873	0.00621	0.00193	0.00563	0.16618	0.00482	0.00767
2	0.01303	0.01246	0.02125	0.19273	0.61740	0.01298	0.01666	0.01640	0.01229	0.01727	0.01030	0.01393	0.00848	0.00506	0.00549	0.00169	0.00675	0.00493	0.00268	0.00822
3	0.01111	0.02865	0.77667	0.01579	0.02397	0.01286	0.02046	0.01754	0.01169	0.01754	0.00994	0.01169	0.00702	0.00526	0.00526	0.00175	0.00818	0.00409	0.00234	0.00818
4	0.00871	0.00595	0.00686	0.00666	0.00699	0.00613	0.00407	0.04670	0.00907	0.01219	0.01698	0.03366	0.01897	0.69043	0.09984	0.00552	0.00632	0.00769	0.00343	0.00382
5	0.00675	0.00482	0.00643	0.00771	0.00803	0.00450	0.00514	0.00771	0.01060	0.01414	0.03053	0.80175	0.03663	0.01735	0.00707	0.00225	0.00321	0.01574	0.00514	0.00450
6	0.00727	0.00564	0.00662	0.00637	0.00793	0.00498	0.00478	0.00935	0.01434	0.01903	0.45555	0.04660	0.36659	0.01251	0.00654	0.00180	0.00270	0.01075	0.00568	0.00498
7	0.01046	0.00984	0.01661	0.79205	0.03814	0.01230	0.01538	0.01415	0.01107	0.01415	0.00984	0.01477	0.00738	0.00554	0.00554	0.00185	0.00738	0.00492	0.00246	0.00615
8	0.00706	0.00505	0.00678	0.00800	0.00848	0.00476	0.00562	0.00829	0.01106	0.01474	0.05753	0.68059	0.03661	0.01687	0.00712	0.00227	0.00343	0.10598	0.00517	0.00460
9	0.00773	0.00575	0.00738	0.00819	0.00938	0.00541	0.00653	0.00963	0.01248	0.01614	0.10583	0.23446	0.21335	0.01510	0.00714	0.00224	0.00386	0.31932	0.00521	0.00487
10	0.00791	0.00593	0.00890	0.00890	0.00989	0.00692	0.00692	0.00989	0.00890	0.01286	0.01483	0.02176	0.01385	0.04154	0.78341	0.00890	0.01483	0.00593	0.00297	0.00494
11	0.00905	0.00589	0.00766	0.00708	0.00858	0.00541	0.00536	0.01163	0.01552	0.07114	0.68788	0.03903	0.04815	0.01083	0.00636	0.00172	0.00275	0.00952	0.04094	0.00550
12	0.01111	0.02865	0.77667	0.01579	0.02397	0.01286	0.02046	0.01754	0.01169	0.01754	0.00994	0.01169	0.00702	0.00526	0.00526	0.00175	0.00818	0.00409	0.00234	0.00818
13	0.00892	0.00637	0.00892	0.01020	0.01147	0.00637	0.00892	0.01147	0.01275	0.01657	0.02932	0.06247	0.03187	0.01530	0.00765	0.00255	0.00510	0.73354	0.00510	0.00510
14	0.00675	0.00482	0.00643	0.00771	0.00803	0.00450	0.00514	0.00771	0.01060	0.01414	0.03053	0.80175	0.03663	0.01735	0.00707	0.00225	0.00321	0.01574	0.00514	0.00450
15	0.84448	0.01071	0.00814	0.00728	0.01071	0.01242	0.00600	0.01628	0.00943	0.02485	0.00771	0.00900	0.00600	0.00514	0.00343	0.00171	0.00428	0.00300	0.00343	0.00600
16	0.01212	0.01212	0.01696	0.01454	0.01454	0.01696	0.01212	0.01333	0.00848	0.01333	0.00727	0.01212	0.00727	0.00969	0.01818	0.00242	0.79523	0.00485	0.00242	0.00606
17	0.01481	0.80869	0.02902	0.00948	0.01421	0.02191	0.00948	0.01658	0.01125	0.01303	0.00770	0.00888	0.00711	0.00474	0.00355	0.00118	0.00592	0.00296	0.00237	0.00711
18	0.17830	0.00967	0.01197	0.00937	0.01350	0.00894	0.00774	0.02499	0.01465	0.63427	0.01920	0.01701	0.01227	0.00653	0.00517	0.00171	0.00463	0.00509	0.00621	0.00878
19	0.02119	0.01529	0.01648	0.01263	0.01706	0.01684	0.01044	0.72529	0.02566	0.06249	0.01362	0.01350	0.00958	0.00666	0.00554	0.00166	0.00604	0.00501	0.00559	0.00942
20	0.00805	0.00537	0.00604	0.00604	0.00604	0.00537	0.00336	0.00805	0.00805	0.01074	0.01745	0.03624	0.02013	0.80536	0.02819	0.00537	0.00537	0.00805	0.00336	0.00336
21	0.76429	0.01058	0.00860	0.00753	0.01105	0.01201	0.00621	0.01733	0.01005	0.09821	0.00909	0.00996	0.00675	0.00531	0.00364	0.00171	0.00433	0.00325	0.00376	0.00633
22	0.00791	0.00593	0.00890	0.00890	0.00989	0.00692	0.00692	0.00989	0.00890	0.01286	0.01483	0.02176	0.01385	0.04154	0.78341	0.00890	0.01483	0.00593	0.00297	0.00494
23	0.00670	0.00562	0.00582	0.00577	0.00757	0.00474	0.00433	0.00824	0.01298	0.01581	0.13924	0.05191	0.68490	0.01371	0.00654	0.00186	0.00278	0.01149	0.00525	0.00474
24	0.01350	0.01298	0.02198	0.06126	0.70440	0.01332	0.01668	0.01670	0.01234	0.01770	0.01023	0.01366	0.00864	0.00520	0.00614	0.00169	0.04737	0.00493	0.00271	0.00853
25	0.02485	0.00943	0.01285	0.00985	0.01414	0.00814	0.00814	0.02699	0.01585	0.77465	0.02185	0.01885	0.01371	0.00685	0.00557	0.00171	0.00471	0.00557	0.00685	0.00943
26	0.00749	0.00557	0.00697	0.00680	0.00810	0.00505	0.00503	0.00971	0.01460	0.02005	0.56172	0.12155	0.18203	0.01244	0.00659	0.00182	0.00271	0.01091	0.00582	0.00505
27	0.01121	0.02794	0.73822	0.01618	0.02423	0.01292	0.05820	0.01755	0.01176	0.01755	0.01000	0.01186	0.00709	0.00523	0.00533	0.00176	0.00824	0.00422	0.00236	0.00815
28	0.00783	0.00559	0.00767	0.00895	0.00975	0.00543	0.00703	0.00959	0.01167	0.01535	0.02993	0.43352	0.03426	0.01633	0.00736	0.00240	0.00415	0.37327	0.00512	0.00480
29	0.01736	0.01047	0.01214	0.01029	0.01367	0.01100	0.00817	0.05123	0.39571	0.28586	0.07033	0.02113	0.01772	0.00746	0.00559	0.00178	0.00437	0.00617	0.04091	0.00864
30	0.02485	0.00943	0.01285	0.00985	0.01414	0.00814	0.00814	0.02699	0.01585	0.77465	0.02185	0.01885	0.01371	0.00685	0.00557	0.00171	0.00471	0.00557	0.00685	0.00943
31	0.02196	0.01405	0.01572	0.01205	0.01645	0.01501	0.00995	0.57817	0.02359	0.21254	0.01535	0.01463	0.01045	0.00670	0.00555	0.00167	0.00576	0.00513	0.00586	0.00942
32	0.11258	0.01255	0.01690	0.01514	0.09214	0.01341	0.13515	0.10370	0.31680	0.09820	0.01660	0.01665	0.01224	0.00634	0.00550	0.00179	0.00565	0.00559	0.00472	0.00836
33	0.02050	0.06333	0.01668	0.01353	0.01699	0.49792	0.01058	0.25623	0.01879	0.02038	0.01004	0.01099	0.00787	0.00596	0.00509	0.00149	0.00853	0.00399	0.00369	0.00742
34	0.00671	0.00497	0.00627	0.00731	0.00793	0.00453	0.00496	0.00776	0.01099	0.01430	0.03546	0.65732	0.17787	0.01671	0.00697	0.00218	0.00313	0.01496	0.00514	0.00453
35	0.00830	0.00601	0.00740	0.00753	0.00892	0.00569	0.00575	0.01061	0.04023	0.04101	0.20633	0.14147	0.24019	0.06625	0.05757	0.00267	0.00424	0.12957	0.00518	0.00509
36	0.01264	0.01493	0.07608	0.02002	0.02400	0.01488	0.46606	0.01631	0.01151	0.01631	0.00986	0.01382	0.00795	0.00632	0.01019	0.00204	0.26153	0.00583	0.00265	0.00706
37	0.01371	0.01316	0.02248	0.03399	0.77081	0.01316	0.01700	0.01700	0.01261	0.01809	0.01042	0.01371	0.00877	0.00493	0.00548	0.00164	0.00658	0.00493	0.00274	0.00877
38	0.01060	0.00995	0.01676	0.70194	0.09843	0.01211	0.01517	0.01417	0.01119	0.01448	0.01059	0.04144	0.00849	0.00589	0.00558	0.00184	0.00717	0.00529	0.00258	0.00632
39	0.01021	0.00815	0.00945	0.00869	0.01072	0.00864	0.00664	0.01803	0.31311	0.02259	0.47037	0.03310	0.03815	0.00980	0.00617	0.00180	0.00332	0.00852	0.00591	0.00664
40	0.84448	0.01071	0.00814	0.00728	0.01071	0.01242	0.00600	0.01628	0.00943	0.02485	0.00771	0.00900	0.00600	0.00514	0.00343	0.00171	0.00428	0.00300	0.00343	0.00600
41	0.00791	0.00593	0.00890	0.00890	0.00989	0.00692	0.00692	0.00989	0.00890	0.01286	0.01483	0.02176	0.01385	0.04154	0.78341	0.00890	0.01483	0.00593	0.00297	0.00494
42	0.00703	0.00510	0.00667	0.00785	0.00828	0.00486	0.00528	0.00857	0.04021	0.01449	0.03021	0.77092	0.03585	0.01696	0.00701	0.00223	0.00326	0.01537	0.00516	0.00467
43	0.01240	0.00910	0.00997	0.00917	0.01155	0.00997	0.00704	0.02196	0.42009	0.06282	0.11766	0.08281	0.02223	0.00851	0.00551	0.00176	0.00373	0.00721	0.16919	0.00731
44	0.01471	0.00740	0.00825	0.00712	0.00944	0.00735	0.00562	0.11319	0.01438	0.17701	0.01821	0.01931	0.01347	0.00656	0.00444	0.00143	0.00348	0.00522	0.55680	0.00660
45	0.23048	0.01364	0.01406	0.01105	0.01521	0.01500	0.00912	0.48746	0.02073	0.11194	0.01280	0.01280	0.00901	0.00629	0.00501	0.00168	0.00549	0.00454	0.00515	0.00855
46	0.01153	0.00600	0.00794	0.00807	0.00945	0.00546	0.00580	0.01290	0.01199	0.20485	0.02747	0.55056	0.02931	0.01395	0.00647	0.00205	0.00354	0.01245	0.06443	0.00578
47	0.01086	0.00673	0.00704	0.00672	0.00843	0.00712	0.00511	0.01641	0.18154	0.02137	0.09149	0.02265	0.01848	0.00716	0.00453	0.00147	0.00299	0.00588	0.56803	0.00598
48	0.00683	0.00486	0.00640	0.00760	0.00790	0.00456	0.00502	0.00773	0.01044	0.01392	0.02967	0.75190	0.03556	0.06866	0.00844	0.00245	0.00335	0.01524	0.00502	0.00442
49	0.02146	0.01410	0.01569	0.01200	0.01643	0.01503	0.00991	0.58162	0.02349	0.18122	0.01487	0.01433	0.01023	0.00660	0.00549	0.00164	0.00575	0.00504	0.00572	0.03939
50	0.01148	0.00984	0.01148	0.00820	0.01312	0.00738	0.00656	0.01395	0.01148	0.01805	0.00984	0.01148	0.00820	0.00410	0.00410	0.00082	0.00410	0.00328	0.00328	0.83922
51	0.01564	0.34189	0.06589	0.01099	0.01525	0.05255	0.00997	0.08548	0.26500	0.06363	0.01418	0.01403	0.01099	0.00604	0.00471	0.00154	0.00567	0.00450	0.00403	0.00804
52	0.01262	0.01304	0.01792	0.01510	0.01561	0.05637	0.06014	0.01407	0.00915	0.01363	0.00759	0.01219	0.00734	0.00916	0.01674	0.00234	0.70347	0.00489	0.00247	0.00617
53	0.01113	0.02742	0.72684	0.01529	0.02326	0.01251	0.01956	0.01731	0.01168	0.01757	0.00993	0.01168	0.00709	0.00519	0.00519	0.00169	0.00792	0.00404	0.00240	0.06230
54	0.00795	0.00532	0.00607	0.00618	0.00620	0.00530	0.00350	0.00803	0.00826	0.01102	0.01852	0.09913	0.02149	0.74063	0.02645	0.00511	0.00519	0.00869	0.00350	0.00345
55	0.01046	0.00984	0.01661	0.79205	0.03814	0.01230	0.01538	0.01415	0.01107	0.01415	0.00984	0.01477	0.00738	0.00554	0.00554	0.00185	0.00738	0.00492	0.00246	0.00615
56	0.00811	0.00543	0.00623	0.00631	0.00639	0.00543	0.00372	0.00828	0.00836	0.01112	0.01822	0.03795	0.02090	0.75392	0.02685	0.00519	0.00535	0.05530	0.00347	0.00347
57	0.00892	0.00637	0.00892	0.01020	0.01147	0.00637	0.00892	0.01147	0.01275	0.01657	0.02932	0.06247	0.03187	0.01530	0.00765	0.00255	0.00510	0.73354	0.00510	0.00510
58	0.00668	0.00509	0.00615	0.00699	0.00784	0.00456	0.00482	0.00779	0.01130	0.01442	0.03928	0.54548	0.28724	0.01621	0.00689	0.00212	0.00307	0.01436	0.00514	0.00456
59	0.00729	0.00564	0.00664	0.00639	0.00794	0.00499	0.00479	0.00939	0.01438	0.01913	0.46534	0.04644	0.35673	0.01247	0.00654	0.00180	0.00269	0.01073	0.00569	0.00499
60	0.02071	0.02569	0.01575	0.01417	0.01712	0.73325	0.01069	0.06967	0.01637	0.01494	0.00887	0.01020	0.00728	0.00577	0.00503	0.00144	0.00973	0.00366	0.00303	0.00662
61	0.01276	0.01433	0.03076	0.11529	0.03005	0.01380	0.66274	0.01731	0.01283	0.01731	0.01104	0.01492	0.00828	0.00477	0.00642	0.00186	0.00910	0.00634	0.00276	0.00731
62	0.00735	0.00523	0.00704	0.00826	0.00881	0.00500	0.00601	0.00867	0.01103	0.01461	0.02968	0.58447	0.03475	0.04987	0.00810	0.00246	0.00378	0.19523	0.00506	0.00460
63	0.01310	0.01481	0.03183	0.02284	0.02834	0.01400	0.71959	0.01823	0.04442	0.01797	0.01168	0.01518	0.00876	0.00479	0.00650	0.00187	0.00913	0.00652	0.00292	0.00752
64	0.01093	0.01057	0.01860	0.66603	0.08494	0.01253	0.08881	0.01469	0.01137	0.01477	0.01002	0.01471	0.00758	0.00541	0.00563	0.00183	0.00753	0.00508	0.00251	0.00645
65	0.01481	0.80869	0.02902	0.00948	0.01421	0.02191	0.00948	0.01658	0.01125	0.01303	0.00770	0.00888	0.00711	0.00474	0.00355	0.00118	0.00592	0.00296	0.00237	0.00711
66	0.00734	0.00524	0.00711	0.00839	0.00897	0.00501	0.00617	0.00874	0.01119	0.01480	0.03020	0.60034	0.03533	0.01679	0.00723	0.00233	0.00373	0.21130	0.00513	0.00466
67	0.04475	0.01287	0.02356	0.01779	0.04457	0.01223	0.40603	0.06628	0.04235	0.21870	0.01608	0.01725	0.03811	0.00584	0.00605	0.00180	0.00723	0.00620	0.00425	0.00804
68	0.02105	0.01551	0.01662	0.01274	0.01717	0.01717	0.01053	0.75235	0.02604	0.03490	0.01330	0.01330	0.00942	0.00665	0.00554	0.00166	0.00609	0.00499	0.00554	0.00942
69	0.02040	0.01282	0.01454	0.01122	0.01542	0.01329	0.00922	0.46165	0.02159	0.22600	0.04438	0.01733	0.04384	0.00703	0.00554	0.00164	0.00535	0.00550	0.00576	0.05748
70	0.02038	0.02543	0.01578	0.01422	0.01703	0.72420	0.01075	0.05061	0.01583	0.01439	0.00870	0.01020	0.00723	0.00589	0.00551	0.00147	0.03925	0.00367	0.00294	0.00653
71	0.00914	0.00811	0.01094	0.01000	0.01090	0.00962	0.02094	0.01071	0.01085	0.01500	0.12023	0.08592	0.19933	0.04465	0.09265	0.00297	0.28700	0.04182	0.00396	0.00527
72	0.00675	0.00482	0.00643	0.00771	0.00803	0.00450	0.00514	0.00771	0.01060	0.01414	0.03053	0.80175	0.03663	0.01735	0.00707	0.00225	0.00321	0.01574	0.00514	0.00450
73	0.01111	0.02865	0.77667	0.01579	0.02397	0.01286	0.02046	0.01754	0.01169	0.01754	0.00994	0.01169	0.00702	0.00526	0.00526	0.00175	0.00818	0.00409	0.00234	0.00818
74	0.01049	0.00722	0.00820	0.00743	0.00935	0.03657	0.00569	0.03959	0.01529	0.10212	0.45383	0.03840	0.19286	0.01083	0.00624	0.00173	0.00330	0.00927	0.03581	0.00576
75	0.03793	0.00673	0.00715	0.00643	0.00841	0.00678	0.00501	0.07956	0.01331	0.10944	0.01778	0.01945	0.01347	0.00648	0.00420	0.00138	0.00319	0.00513	0.64211	0.00605
76	0.18548	0.01067	0.01215	0.00970	0.01350	0.01077	0.00787	0.15737	0.05444	0.40069	0.01721	0.01709	0.01197	0.05851	0.00661	0.00195	0.00491	0.00515	0.00564	0.00831
77	0.15751	0.00987	0.01224	0.00955	0.01370	0.00919	0.00789	0.05389	0.01521	0.62396	0.01922	0.01703	0.01229	0.00657	0.00522	0.00171	0.00470	0.00513	0.00625	0.00887
78	0.00678	0.00484	0.00645	0.00769	0.00804	0.00452	0.00514	0.00779	0.01075	0.01437	0.05136	0.78026	0.03707	0.01718	0.00705	0.00223	0.00320	0.01558	0.00517	0.00452
79	0.07076	0.00896	0.00980	0.00977	0.01179	0.04116	0.00786	0.06183	0.16319	0.04052	0.02524	0.16396	0.05337	0.01184	0.00638	0.00211	0.00467	0.26887	0.03167	0.00623
80	0.07580	0.00951	0.01256	0.00969	0.01392	0.00841	0.00801	0.02632	0.01545	0.72804	0.02097	0.01824	0.01323	0.00675	0.00544	0.00171	0.00469	0.00541	0.00664	0.00921
81	0.01066	0.00637	0.00823	0.00767	0.00940	0.00592	0.00584	0.01343	0.04250	0.13789	0.45481	0.13609	0.06227	0.01130	0.00636	0.00182	0.00317	0.03329	0.03710	0.00589
82	0.01107	0.00713	0.00758	0.00718	0.00899	0.00751	0.00551	0.05383	0.16274	0.02147	0.08286	0.04982	0.04703	0.00798	0.00485	0.00156	0.00323	0.02818	0.47543	0.00607
83	0.01420	0.01404	0.04724	0.19983	0.45263	0.07230	0.01562	0.06341	0.01341	0.03928	0.01063	0.01371	0.00845	0.00530	0.00546	0.00168	0.00700	0.00482	0.00297	0.00804
84	0.00673	0.00488	0.00636	0.00755	0.00799	0.00451	0.00507	0.00773	0.01076	0.01420	0.03249	0.74417	0.09294	0.01710	0.00703	0.00222	0.00318	0.01543	0.00514	0.00451
85	0.01047	0.00634	0.00766	0.00705	0.00913	0.00555	0.00545	0.01241	0.01411	0.15989	0.26688	0.06743	0.35741	0.01200	0.00641	0.00184	0.00320	0.03526	0.00576	0.00575
86	0.01378	0.01190	0.01252	0.01127	0.01440	0.01378	0.00877	0.02943	0.76081	0.02317	0.02254	0.02066	0.01691	0.00751	0.00564	0.00188	0.00438	0.00626	0.00564	0.00877
87	0.06657	0.01160	0.09885	0.01151	0.06270	0.00987	0.02876	0.09095	0.10717	0.04659	0.30360	0.02463	0.02628	0.00792	0.00566	0.00167	0.00456	0.00675	0.00485	0.07950
88	0.01335	0.50130	0.32365	0.01196	0.01806	0.01835	0.01381	0.01696	0.01143	0.01481	0.00858	0.00999	0.00707	0.00494	0.00423	0.00141	0.00681	0.00341	0.00236	0.00753
89	0.00905	0.00655	0.00898	0.01015	0.01147	0.00662	0.00878	0.01209	0.04403	0.01676	0.02908	0.08795	0.03142	0.01505	0.00754	0.00251	0.00500	0.67661	0.00512	0.00523
90	0.00715	0.00563	0.00645	0.00624	0.00785	0.00493	0.00468	0.00912	0.01405	0.01835	0.38884	0.04772	0.43372	0.01276	0.00654	0.00181	0.00272	0.01091	0.00559	0.00493
91	0.09751	0.00990	0.01126	0.00825	0.01296	0.00796	0.00664	0.01526	0.01164	0.08128	0.01062	0.01184	0.00843	0.00444	0.00415	0.00099	0.00417	0.00344	0.00359	0.68568
92	0.02303	0.00974	0.01276	0.00996	0.01413	0.00879	0.00816	0.02680	0.10471	0.65663	0.02148	0.01879	0.01389	0.00683	0.00552	0.00170	0.00465	0.00557	0.00658	0.04030
93	0.00770	0.00555	0.00731	0.00732	0.00844	0.00516	0.00545	0.00999	0.01450	0.02028	0.57684	0.18975	0.04790	0.01275	0.00671	0.00189	0.00289	0.05864	0.00585	0.00508
94	0.01251	0.01104	0.01907	0.01550	0.04541	0.01078	0.29140	0.13410	0.01488	0.04454	0.08105	0.19816	0.04417	0.00928	0.00648	0.00193	0.00622	0.04229	0.00436	0.00684
95	0.14051	0.06173	0.01290	0.00944	0.01360	0.07465	0.00763	0.04952	0.12977	0.07798	0.01234	0.01290	0.00955	0.00528	0.00445	0.00130	0.00490	0.00396	0.00395	0.36362
96	0.01131	0.16760	0.16967	0.03721	0.01617	0.01224	0.03878	0.05201	0.01237	0.01651	0.01773	0.11262	0.01809	0.00991	0.00680	0.00199	0.05909	0.22974	0.00369	0.00646
97	0.00855	0.00589	0.00721	0.00674	0.00841	0.00525	0.00510	0.01076	0.01475	0.06898	0.50035	0.04357	0.27010	0.01186	0.00647	0.00178	0.00281	0.01024	0.00585	0.00533
98	0.03507	0.06074	0.03671	0.00924	0.01163	0.00911	0.00758	0.06404	0.13270	0.08638	0.11141	0.21984	0.08153	0.01137	0.00618	0.00195	0.00423	0.09867	0.00518	0.00645
99	0.04442	0.19622	0.10915	0.05944	0.41946	0.01522	0.01493	0.04764	0.01257	0.01765	0.00974	0.01224	0.00805	0.00503	0.00495	0.00156	0.00655	0.00432	0.00274	0.00813
100	0.00909	0.00606	0.00814	0.00924	0.04099	0.00577	0.00624	0.04118	0.01206	0.07057	0.06639	0.61049	0.03328	0.01523	0.00682	0.00215	0.00363	0.04214	0.00523	0.00530
101	0.03402	0.00511	0.00653	0.00767	0.00822	0.00483	0.00526	0.00814	0.01075	0.01462	0.03113	0.70808	0.07532	0.01670	0.00694	0.00222	0.00330	0.04148	0.00508	0.00458
102	0.01404	0.07368	0.04652	0.33861	0.06123	0.01393	0.07863	0.12781	0.10930	0.06320	0.01266	0.01494	0.00939	0.00585	0.00548	0.00175	0.00671	0.00510	0.00361	0.00755
103	0.01212	0.01212	0.01696	0.01454	0.01454	0.01696	0.01212	0.01333	0.00848	0.01333	0.00727	0.01212	0.00727	0.00969	0.01818	0.00242	0.79523	0.00485	0.00242	0.00606
104	0.04133	0.37164	0.22237	0.01290	0.01856	0.01700	0.09866	0.07341	0.01283	0.04549	0.00972	0.01112	0.00765	0.00509	0.00459	0.00148	0.00677	0.00394	0.00288	0.03258
105	0.01797	0.01305	0.01587	0.08020	0.13774	0.09350	0.04166	0.18783	0.01677	0.22118	0.01912	0.01925	0.09679	0.00700	0.00564	0.00170	0.00609	0.00581	0.00474	0.00810
106	0.01203	0.11350	0.62661	0.01448	0.02197	0.01341	0.01808	0.01759	0.01178	0.04441	0.01012	0.01163	0.00733	0.00520	0.00502	0.00164	0.00760	0.00398	0.00255	0.05106
107	0.00983	0.00706	0.00805	0.00835	0.00969	0.03521	0.00598	0.01285	0.10712	0.08656	0.03103	0.50679	0.12132	0.01427	0.00660	0.00207	0.00371	0.01263	0.00528	0.00560
108	0.00779	0.00566	0.00734	0.00692	0.00825	0.00521	0.00519	0.01036	0.01557	0.02195	0.74219	0.04180	0.07813	0.01142	0.00653	0.00175	0.00262	0.01008	0.00606	0.00521
109	0.01046	0.00984	0.01661	0.79205	0.03814	0.01230	0.01538	0.01415	0.01107	0.01415	0.00984	0.01477	0.00738	0.00554	0.00554	0.00185	0.00738	0.00492	0.00246	0.00615
110	0.01371	0.01316	0.02248	0.03399	0.77081	0.01316	0.01700	0.01700	0.01261	0.01809	0.01042	0.01371	0.00877	0.00493	0.00548	0.00164	0.00658	0.00493	0.00274	0.00877
111	0.01371	0.01316	0.02248	0.03399	0.77081	0.01316	0.01700	0.01700	0.01261	0.01809	0.01042	0.01371	0.00877	0.00493	0.00548	0.00164	0.00658	0.00493	0.00274	0.00877
112	0.02207	0.00951	0.01243	0.00982	0.01372	0.00871	0.00801	0.04601	0.09242	0.60878	0.08933	0.02092	0.01741	0.00732	0.00566	0.00173	0.00453	0.00603	0.00662	0.00898
113	0.00820	0.00598	0.00721	0.00680	0.00843	0.00545	0.00513	0.01088	0.04010	0.04449	0.50392	0.04353	0.26557	0.01186	0.00647	0.00178	0.00280	0.01025	0.00582	0.00532
114	0.00806	0.00602	0.00776	0.00867	0.01003	0.00573	0.00725	0.01014	0.01253	0.01590	0.03706	0.12476	0.24216	0.01512	0.00728	0.00233	0.00428	0.46487	0.00512	0.00493
115	0.01903	0.00853	0.01114	0.00916	0.01243	0.00782	0.00733	0.02250	0.08708	0.49065	0.15505	0.07408	0.02239	0.00838	0.00578	0.00175	0.00413	0.00707	0.03755	0.00813
116	0.00681	0.00502	0.00639	0.00739	0.00802	0.00460	0.00507	0.00796	0.01122	0.01471	0.07102	0.63064	0.15417	0.01648	0.00697	0.00217	0.00315	0.02845	0.00519	0.00457
117	0.01215	0.01221	0.01747	0.01482	0.01500	0.01687	0.03575	0.01347	0.00863	0.01347	0.00740	0.01221	0.00731	0.00953	0.01780	0.00241	0.77008	0.00490	0.00244	0.00610
118	0.01046	0.00984	0.01661	0.79205	0.03814	0.01230	0.01538	0.01415	0.01107	0.01415	0.00984	0.01477	0.00738	0.00554	0.00554	0.00185	0.00738	0.00492	0.00246	0.00615
119	0.00787	0.00532	0.00619	0.00647	0.00674	0.00522	0.00399	0.00833	0.00909	0.01220	0.02234	0.17378	0.06206	0.55804	0.02146	0.00435	0.00474	0.04299	0.03504	0.00378
120	0.01156	0.01137	0.01489	0.01311	0.01335	0.04998	0.01065	0.01277	0.00897	0.01320	0.01009	0.06565	0.01048	0.05750	0.08514	0.00310	0.59398	0.00577	0.00272	0.00572
121	0.01293	0.01514	0.05695	0.05220	0.06022	0.01387	0.66768	0.01757	0.01293	0.01761	0.01108	0.01477	0.00833	0.00473	0.00641	0.00185	0.00911	0.00633	0.00277	0.00750
122	0.00674	0.00485	0.00640	0.00763	0.00801	0.00451	0.00511	0.00772	0.01068	0.01417	0.03148	0.77371	0.06405	0.01723	0.00705	0.00224	0.00320	0.01559	0.00514	0.00451
123	0.01874	0.29248	0.04492	0.01253	0.03055	0.29256	0.04122	0.02076	0.01390	0.16713	0.01113	0.01173	0.00853	0.00553	0.00469	0.00143	0.00737	0.00393	0.00347	0.00741
124	0.01343	0.01072	0.03412	0.01000	0.03870	0.00826	0.02854	0.03541	0.01248	0.10845	0.01142	0.01258	0.00888	0.00457	0.00446	0.00103	0.00457	0.00377	0.00371	0.64489
125	0.14682	0.34346	0.15822	0.01126	0.01637	0.01690	0.03619	0.12772	0.01362	0.06875	0.00999	0.01093	0.00774	0.00532	0.00437	0.00150	0.00614	0.00377	0.00331	0.00764
126	0.01964	0.04321	0.01600	0.01214	0.01619	0.07814	0.03480	0.42656	0.08004	0.14177	0.03601	0.01655	0.03944	0.00693	0.00553	0.00167	0.00596	0.00542	0.00532	0.00869
127	0.00755	0.00565	0.00700	0.00666	0.00810	0.00510	0.00500	0.00989	0.01499	0.02058	0.60829	0.04404	0.21288	0.01193	0.00654	0.00177	0.00266	0.01039	0.00588	0.00510
128	0.05739	0.01337	0.04446	0.02612	0.03637	0.03654	0.02394	0.22712	0.24312	0.19502	0.01753	0.01717	0.01257	0.00682	0.00550	0.00176	0.00546	0.01564	0.00537	0.00875
129	0.06092	0.23047	0.10807	0.06609	0.04543	0.01624	0.03965	0.05645	0.01176	0.08349	0.00978	0.01202	0.00792	0.00652	0.00832	0.00178	0.22053	0.00429	0.00305	0.00723

[dist]
# distance from previous block
# <min> <max>
0	2

[block]
# block no. 4 follows, 43 sequences, length 28
# corresponding to MSA columns:
# 823-850
name=unknown_E
#
# <colnr> <probs for GDERKNQSTAVLIFYWHMCP>
#	G	D	E	R	K	N	Q	S	T	A	V	L	I	F	Y	W	H	M	C	P
0	0.00875	0.00645	0.00798	0.00837	0.00951	0.01890	0.00625	0.04129	0.04206	0.02887	0.15065	0.37870	0.06530	0.01654	0.07026	0.00266	0.00459	0.10819	0.01945	0.00524
1	0.42899	0.11086	0.01312	0.00926	0.01263	0.01237	0.07085	0.01647	0.06724	0.04470	0.08071	0.05825	0.04124	0.00682	0.00453	0.00171	0.00469	0.00526	0.00391	0.00638
2	0.04770	0.41538	0.27916	0.01135	0.01702	0.01662	0.01268	0.01676	0.01170	0.03714	0.04869	0.01192	0.00962	0.00531	0.00436	0.00143	0.00634	0.00380	0.00276	0.04025
3	0.01705	0.01227	0.01749	0.05369	0.25444	0.04403	0.04127	0.06174	0.05503	0.23631	0.01533	0.01639	0.03153	0.00666	0.00724	0.00180	0.10983	0.00538	0.00427	0.00826
4	0.00813	0.00535	0.00696	0.00771	0.00841	0.00501	0.00538	0.00928	0.01111	0.05567	0.06603	0.52851	0.06624	0.11311	0.00959	0.00259	0.00368	0.07745	0.00506	0.00472
5	0.01064	0.01002	0.01693	0.75089	0.07793	0.01235	0.01547	0.01430	0.01116	0.01436	0.00987	0.01471	0.00746	0.00550	0.00553	0.00183	0.00734	0.00492	0.00248	0.00629
6	0.01111	0.01051	0.01779	0.63981	0.18529	0.01248	0.01571	0.01472	0.01138	0.01494	0.00996	0.01455	0.00766	0.00542	0.00553	0.00181	0.00722	0.00492	0.00252	0.00668
7	0.01331	0.00880	0.01042	0.00943	0.01199	0.00910	0.00745	0.02070	0.29919	0.16274	0.21128	0.05080	0.06719	0.00973	0.00614	0.00189	0.00396	0.08267	0.00589	0.00730
8	0.00675	0.00482	0.00643	0.00771	0.00803	0.00450	0.00514	0.00771	0.01060	0.01414	0.03053	0.80175	0.03663	0.01735	0.00707	0.00225	0.00321	0.01574	0.00514	0.00450
9	0.01077	0.00559	0.00564	0.00548	0.00690	0.00566	0.00415	0.04344	0.01221	0.02124	0.01787	0.02034	0.01400	0.00646	0.00394	0.00131	0.00273	0.00515	0.80181	0.00534
10	0.01481	0.80869	0.02902	0.00948	0.01421	0.02191	0.00948	0.01658	0.01125	0.01303	0.00770	0.00888	0.00711	0.00474	0.00355	0.00118	0.00592	0.00296	0.00237	0.00711
11	0.01146	0.01087	0.01842	0.55823	0.26414	0.01257	0.01588	0.01503	0.01155	0.01537	0.01002	0.01444	0.00781	0.00535	0.00552	0.00178	0.00714	0.00493	0.00255	0.00696
12	0.01529	0.74475	0.02793	0.00987	0.01445	0.08414	0.00958	0.01704	0.01162	0.01307	0.00777	0.00897	0.00711	0.00482	0.00367	0.00120	0.00626	0.00301	0.00241	0.00705
13	0.01148	0.00984	0.01148	0.00820	0.01312	0.00738	0.00656	0.01395	0.01148	0.01805	0.00984	0.01148	0.00820	0.00410	0.00410	0.00082	0.00410	0.00328	0.00328	0.83922
14	0.05577	0.01384	0.01536	0.01182	0.01617	0.01479	0.00976	0.54603	0.02288	0.21410	0.01514	0.01447	0.01032	0.00664	0.00546	0.00168	0.00568	0.00505	0.00577	0.00928
15	0.00784	0.00566	0.00740	0.00697	0.00827	0.00523	0.00523	0.01045	0.01568	0.02221	0.76789	0.04137	0.05226	0.01132	0.00653	0.00174	0.00261	0.01002	0.00610	0.00523
16	0.00892	0.00637	0.00892	0.01020	0.01147	0.00637	0.00892	0.01147	0.01275	0.01657	0.02932	0.06247	0.03187	0.01530	0.00765	0.00255	0.00510	0.73354	0.00510	0.00510
17	0.68467	0.01034	0.00884	0.00765	0.01116	0.01151	0.00629	0.01796	0.01055	0.14896	0.01035	0.01096	0.00751	0.00546	0.00380	0.00170	0.00431	0.00349	0.02797	0.00654
18	0.02260	0.01069	0.01328	0.01038	0.01448	0.01031	0.00851	0.16981	0.08280	0.53531	0.02008	0.01798	0.01316	0.00686	0.00551	0.00170	0.00488	0.00550	0.03697	0.00921
19	0.01898	0.01195	0.01346	0.01082	0.01454	0.01270	0.00877	0.32860	0.17371	0.21250	0.05126	0.01806	0.01433	0.00707	0.00547	0.00169	0.00495	0.00563	0.07678	0.00874
20	0.00675	0.00482	0.00643	0.00771	0.00803	0.00450	0.00514	0.00771	0.01060	0.01414	0.03053	0.80175	0.03663	0.01735	0.00707	0.00225	0.00321	0.01574	0.00514	0.00450
21	0.01281	0.01052	0.00850	0.00798	0.00952	0.18175	0.00609	0.01502	0.01228	0.01845	0.01504	0.01754	0.01204	0.00655	0.00529	0.00141	0.06904	0.00478	0.57985	0.00552
22	0.00832	0.00581	0.00719	0.00722	0.00853	0.00532	0.00526	0.03041	0.01357	0.05215	0.30679	0.30388	0.19751	0.01365	0.00665	0.00194	0.00305	0.01201	0.00558	0.00516
23	0.00677	0.00519	0.00634	0.00708	0.00799	0.00476	0.00496	0.00797	0.01117	0.01432	0.03817	0.47680	0.29019	0.01817	0.07035	0.00266	0.00402	0.01353	0.00496	0.00460
24	0.01162	0.08137	0.23490	0.01393	0.01672	0.01519	0.01375	0.01440	0.00974	0.01453	0.00944	0.04727	0.00879	0.00979	0.04728	0.00241	0.43470	0.00501	0.00254	0.00663
25	0.01627	0.47632	0.10146	0.01292	0.09552	0.01753	0.01121	0.04869	0.01283	0.14432	0.01085	0.01156	0.00849	0.00525	0.00436	0.00140	0.00602	0.00381	0.00330	0.00788
26	0.00782	0.00582	0.00837	0.00896	0.00993	0.00555	0.03574	0.00966	0.01212	0.01625	0.14236	0.43140	0.03648	0.01531	0.00714	0.00225	0.00393	0.23082	0.00518	0.00491
27	0.01904	0.00901	0.01132	0.00915	0.01263	0.00836	0.00740	0.07537	0.07187	0.45973	0.10509	0.02562	0.11827	0.00831	0.00575	0.00173	0.00425	0.00685	0.03209	0.00816

[dist]
# distance from previous block
# <min> <max>
0	9

[block]
# block no. 5 follows, 43 sequences, length 65
# corresponding to MSA columns:
# 860-924
name=unknown_F
#
# <colnr> <probs for GDERKNQSTAVLIFYWHMCP>
#	G	D	E	R	K	N	Q	S	T	A	V	L	I	F	Y	W	H	M	C	P
0	0.01416	0.66788	0.12192	0.01020	0.01538	0.02000	0.01070	0.01656	0.01132	0.01387	0.00810	0.00938	0.00715	0.00477	0.00380	0.00124	0.00611	0.00312	0.00241	0.05193
1	0.00675	0.00482	0.00643	0.00771	0.00803	0.00450	0.00514	0.00771	0.01060	0.01414	0.03053	0.80175	0.03663	0.01735	0.00707	0.00225	0.00321	0.01574	0.00514	0.00450
2	0.00767	0.00565	0.00717	0.00679	0.00817	0.00515	0.00509	0.01013	0.01528	0.02127	0.67610	0.04291	0.14463	0.01167	0.00653	0.00176	0.00264	0.01023	0.00597	0.00515
3	0.01201	0.01016	0.01177	0.00845	0.01335	0.00792	0.00678	0.05470	0.01229	0.01898	0.01003	0.01158	0.00827	0.00424	0.00418	0.00087	0.00421	0.00338	0.00341	0.79342
4	0.02105	0.01551	0.01662	0.01274	0.01717	0.01717	0.01053	0.75235	0.02604	0.03490	0.01330	0.01330	0.00942	0.00665	0.00554	0.00166	0.00609	0.00499	0.00554	0.00942
5	0.00753	0.00523	0.00658	0.00707	0.00733	0.00524	0.00453	0.00817	0.00915	0.01234	0.02214	0.32969	0.02565	0.39750	0.12263	0.00464	0.00582	0.01073	0.00399	0.00401
6	0.00777	0.00566	0.00730	0.00689	0.00823	0.00520	0.00517	0.01031	0.01551	0.02181	0.72860	0.04203	0.09180	0.01147	0.00653	0.00175	0.00262	0.01011	0.00604	0.00520
7	0.02105	0.01551	0.01662	0.01274	0.01717	0.01717	0.01053	0.75235	0.02604	0.03490	0.01330	0.01330	0.00942	0.00665	0.00554	0.00166	0.00609	0.00499	0.00554	0.00942
8	0.00655	0.00561	0.00561	0.00561	0.00748	0.00468	0.00421	0.00795	0.01262	0.01496	0.05610	0.05330	0.76857	0.01403	0.00655	0.00187	0.00281	0.01169	0.00514	0.00468
9	0.00675	0.00482	0.00643	0.00771	0.00803	0.00450	0.00514	0.00771	0.01060	0.01414	0.03053	0.80175	0.03663	0.01735	0.00707	0.00225	0.00321	0.01574	0.00514	0.00450
10	0.01359	0.01304	0.02228	0.06027	0.74541	0.01313	0.01694	0.01690	0.01256	0.01796	0.01040	0.01374	0.00872	0.00496	0.00548	0.00165	0.00661	0.00493	0.00273	0.00868
11	0.01307	0.01494	0.03268	0.02334	0.02894	0.01401	0.75070	0.01774	0.01307	0.01774	0.01120	0.01494	0.00840	0.00467	0.00654	0.00187	0.00934	0.00654	0.00280	0.00747
12	0.00679	0.00562	0.00594	0.00586	0.00763	0.00478	0.00440	0.00842	0.01319	0.01631	0.18892	0.05107	0.63491	0.01352	0.00654	0.00185	0.00277	0.01138	0.00532	0.00478
13	0.04361	0.00940	0.01003	0.00899	0.01151	0.01026	0.00699	0.09344	0.33081	0.02313	0.17325	0.02648	0.08776	0.00851	0.00554	0.00173	0.00379	0.00707	0.13059	0.00712
14	0.01125	0.05927	0.74731	0.01554	0.02359	0.01322	0.02003	0.01750	0.01168	0.01736	0.00985	0.01158	0.00702	0.00524	0.00519	0.00173	0.00810	0.00405	0.00234	0.00814
15	0.05095	0.01185	0.01652	0.08399	0.01648	0.01633	0.01212	0.01354	0.00876	0.01394	0.00752	0.01221	0.00722	0.00911	0.01635	0.00234	0.68747	0.00477	0.00247	0.00606
16	0.01046	0.00984	0.01661	0.79205	0.03814	0.01230	0.01538	0.01415	0.01107	0.01415	0.00984	0.01477	0.00738	0.00554	0.00554	0.00185	0.00738	0.00492	0.00246	0.00615
17	0.00675	0.00482	0.00643	0.00771	0.00803	0.00450	0.00514	0.00771	0.01060	0.01414	0.03053	0.80175	0.03663	0.01735	0.00707	0.00225	0.00321	0.01574	0.00514	0.00450
18	0.01148	0.00984	0.01148	0.00820	0.01312	0.00738	0.00656	0.01395	0.01148	0.01805	0.00984	0.01148	0.00820	0.00410	0.00410	0.00082	0.00410	0.00328	0.00328	0.83922
19	0.01418	0.05440	0.01720	0.46470	0.05508	0.01403	0.01336	0.20728	0.04323	0.04648	0.01154	0.01439	0.00852	0.00588	0.00543	0.00175	0.00674	0.00491	0.00354	0.00736
20	0.01255	0.33342	0.48456	0.01332	0.02016	0.01640	0.01617	0.01717	0.01152	0.01578	0.00906	0.01060	0.00705	0.00506	0.00459	0.00153	0.00730	0.00365	0.00235	0.00776
21	0.00802	0.00549	0.00666	0.00666	0.00688	0.00571	0.00413	0.00845	0.00824	0.01120	0.01688	0.03308	0.01876	0.63868	0.19299	0.00614	0.00743	0.00759	0.00327	0.00370
22	0.01521	0.68648	0.06899	0.01023	0.01505	0.06207	0.01020	0.05139	0.01221	0.01433	0.00813	0.00931	0.00721	0.00491	0.00382	0.00125	0.00627	0.00315	0.00254	0.00724
23	0.00791	0.00593	0.00890	0.00890	0.00989	0.00692	0.00692	0.00989	0.00890	0.01286	0.01483	0.02176	0.01385	0.04154	0.78341	0.00890	0.01483	0.00593	0.00297	0.00494
24	0.01212	0.01212	0.01696	0.01454	0.01454	0.01696	0.01212	0.01333	0.00848	0.01333	0.00727	0.01212	0.00727	0.00969	0.01818	0.00242	0.79523	0.00485	0.00242	0.00606
25	0.01046	0.00984	0.01661	0.79205	0.03814	0.01230	0.01538	0.01415	0.01107	0.01415	0.00984	0.01477	0.00738	0.00554	0.00554	0.00185	0.00738	0.00492	0.00246	0.00615
26	0.00736	0.00573	0.00677	0.00688	0.00842	0.00513	0.00535	0.00933	0.01357	0.01754	0.28042	0.07470	0.39192	0.01347	0.00674	0.00195	0.00314	0.13122	0.00544	0.00492
27	0.01148	0.00984	0.01148	0.00820	0.01312	0.00738	0.00656	0.01395	0.01148	0.01805	0.00984	0.01148	0.00820	0.00410	0.00410	0.00082	0.00410	0.00328	0.00328	0.83922
28	0.02485	0.00943	0.01285	0.00985	0.01414	0.00814	0.00814	0.02699	0.01585	0.77465	0.02185	0.01885	0.01371	0.00685	0.00557	0.00171	0.00471	0.00557	0.00685	0.00943
29	0.01148	0.00984	0.01148	0.00820	0.01312	0.00738	0.00656	0.01395	0.01148	0.01805	0.00984	0.01148	0.00820	0.00410	0.00410	0.00082	0.00410	0.00328	0.00328	0.83922
30	0.00962	0.00481	0.00722	0.00722	0.00722	0.00481	0.00481	0.00722	0.00722	0.00962	0.00962	0.01684	0.00962	0.01924	0.02165	0.83886	0.00481	0.00481	0.00241	0.00241
31	0.00830	0.00631	0.00700	0.00718	0.00891	0.02118	0.00562	0.00998	0.01281	0.05330	0.07363	0.11844	0.47191	0.01395	0.00674	0.00202	0.00354	0.15892	0.00521	0.00504
32	0.01307	0.01494	0.03268	0.02334	0.02894	0.01401	0.75070	0.01774	0.01307	0.01774	0.01120	0.01494	0.00840	0.00467	0.00654	0.00187	0.00934	0.00654	0.00280	0.00747
33	0.00757	0.00581	0.00712	0.00784	0.00923	0.00536	0.00632	0.00938	0.01237	0.01551	0.04110	0.16932	0.35147	0.01506	0.00708	0.00221	0.00382	0.31349	0.00512	0.00483
34	0.01184	0.01138	0.01948	0.44747	0.30903	0.01288	0.04687	0.01533	0.01163	0.01573	0.01001	0.01428	0.00794	0.00544	0.00606	0.00179	0.03810	0.00499	0.00258	0.00718
35	0.00677	0.00499	0.00634	0.00733	0.00796	0.00457	0.00499	0.00790	0.01121	0.01471	0.07432	0.63818	0.15750	0.01648	0.00695	0.00216	0.00311	0.01477	0.00519	0.00457
36	0.00691	0.00513	0.00644	0.00715	0.00797	0.00467	0.00497	0.00827	0.01195	0.01580	0.17271	0.51070	0.18593	0.01557	0.00686	0.00208	0.00302	0.01387	0.00532	0.00467
37	0.01175	0.01128	0.01948	0.48241	0.30253	0.01269	0.05007	0.01535	0.01172	0.01574	0.01011	0.01439	0.00793	0.00528	0.00556	0.00177	0.00718	0.00500	0.00258	0.00716
38	0.00663	0.00555	0.00578	0.00586	0.00757	0.00469	0.00434	0.00807	0.01263	0.01530	0.09360	0.11361	0.66910	0.01415	0.00659	0.00189	0.00283	0.01193	0.00520	0.00469
39	0.00675	0.00482	0.00643	0.00771	0.00803	0.00450	0.00514	0.00771	0.01060	0.01414	0.03053	0.80175	0.03663	0.01735	0.00707	0.00225	0.00321	0.01574	0.00514	0.00450
40	0.08460	0.01018	0.01278	0.04281	0.01491	0.00977	0.00840	0.12852	0.01639	0.53996	0.01885	0.01724	0.01228	0.00662	0.00531	0.00169	0.00488	0.00524	0.05076	0.00880
41	0.00756	0.00579	0.00721	0.00783	0.00868	0.00570	0.00551	0.00997	0.07251	0.01584	0.11296	0.53432	0.13283	0.01524	0.00713	0.00212	0.02507	0.01351	0.00521	0.00499
42	0.00683	0.00488	0.00650	0.00766	0.00805	0.00455	0.00515	0.00791	0.01098	0.01473	0.08503	0.74555	0.03779	0.01691	0.00703	0.00221	0.00317	0.01532	0.00521	0.00455
43	0.84448	0.01071	0.00814	0.00728	0.01071	0.01242	0.00600	0.01628	0.00943	0.02485	0.00771	0.00900	0.00600	0.00514	0.00343	0.00171	0.00428	0.00300	0.00343	0.00600
