[name]
unknown

[dist]
# distance from previous block
# <min> <max>
0	685

[block]
# block no. 0 follows, 42 sequences, length 23
# corresponding to MSA columns:
# 765-787
name=unknown_A
#
# <colnr> <probs for GDERKNQSTAVLIFYWHMCP>
#	G	D	E	R	K	N	Q	S	T	A	V	L	I	F	Y	W	H	M	C	P
0	0.17734	0.01194	0.01356	0.11483	0.01778	0.01318	0.00984	0.28324	0.06617	0.12464	0.01555	0.01975	0.01228	0.00739	0.00547	0.00185	0.00560	0.08676	0.00493	0.00792
1	0.00778	0.00540	0.00686	0.00759	0.00838	0.00500	0.00533	0.00902	0.01153	0.03806	0.09009	0.48257	0.13301	0.09337	0.00918	0.00251	0.00358	0.07083	0.00517	0.00474
2	0.21620	0.01001	0.01134	0.00944	0.01288	0.01010	0.00763	0.11789	0.02574	0.34429	0.01836	0.07077	0.01451	0.05692	0.00678	0.00205	0.00483	0.04698	0.00550	0.00778
3	0.03269	0.00555	0.00690	0.00757	0.00856	0.00511	0.00529	0.00951	0.01162	0.06473	0.05931	0.56877	0.16196	0.01577	0.00686	0.00215	0.00330	0.01402	0.00532	0.00500
4	0.01490	0.00808	0.01045	0.00960	0.01212	0.00780	0.00776	0.01915	0.12385	0.27590	0.14449	0.11753	0.02770	0.01103	0.00650	0.00204	0.00433	0.18356	0.00604	0.00719
5	0.42519	0.01271	0.01075	0.00950	0.01280	0.11428	0.00759	0.06032	0.07559	0.12665	0.01365	0.05881	0.01119	0.00691	0.00467	0.00178	0.00527	0.03102	0.00436	0.00695
6	0.06026	0.00798	0.00944	0.00840	0.01092	0.00778	0.00657	0.01764	0.13824	0.19673	0.27085	0.05886	0.14647	0.01017	0.00612	0.00184	0.00366	0.02528	0.00593	0.00684
7	0.03258	0.00815	0.00947	0.00836	0.01066	0.00805	0.00641	0.11242	0.07248	0.12867	0.23758	0.09307	0.16536	0.07163	0.00796	0.00211	0.00391	0.00899	0.00566	0.00648
8	0.36411	0.01098	0.01092	0.00899	0.01269	0.01167	0.00736	0.18065	0.01524	0.19386	0.01890	0.01838	0.11008	0.00716	0.00487	0.00175	0.00466	0.00526	0.00498	0.00747
9	0.10561	0.00938	0.01087	0.00906	0.01197	0.00939	0.00704	0.13413	0.04510	0.28626	0.07900	0.05988	0.01802	0.14976	0.00963	0.00242	0.00475	0.00662	0.03377	0.00734
10	0.60081	0.01123	0.00988	0.00852	0.01204	0.01267	0.00695	0.12138	0.03845	0.07500	0.01128	0.05063	0.00906	0.00627	0.00420	0.00177	0.00459	0.00427	0.00418	0.00684
11	0.01422	0.00739	0.00941	0.00827	0.01073	0.00667	0.00640	0.04889	0.01503	0.28330	0.22021	0.16813	0.15563	0.01124	0.00635	0.00187	0.00370	0.00968	0.00610	0.00678
12	0.01162	0.11335	0.01134	0.00819	0.01034	0.00818	0.00652	0.01417	0.03381	0.13661	0.39670	0.15188	0.03697	0.01085	0.00617	0.00179	0.00364	0.02607	0.00562	0.00621
13	0.14685	0.00933	0.01068	0.00925	0.01179	0.00996	0.00728	0.17139	0.01424	0.13777	0.04336	0.02230	0.02727	0.12170	0.17999	0.02700	0.00729	0.03144	0.00453	0.00660
14	0.00984	0.00727	0.00979	0.00926	0.01062	0.00826	0.00714	0.10857	0.01128	0.01583	0.01515	0.02252	0.01414	0.11797	0.59681	0.00768	0.01287	0.00613	0.00341	0.00546
15	0.00789	0.00585	0.00854	0.00872	0.00957	0.00662	0.00659	0.00965	0.00923	0.01312	0.01736	0.12677	0.01753	0.08217	0.63384	0.00794	0.01295	0.00749	0.00333	0.00487
16	0.01300	0.01410	0.04360	0.07194	0.18307	0.15163	0.11488	0.01624	0.03291	0.01592	0.03646	0.01670	0.01143	0.01560	0.21478	0.00370	0.02872	0.00544	0.00303	0.00685
17	0.01123	0.01017	0.01095	0.01050	0.03628	0.08041	0.00797	0.08456	0.05271	0.01801	0.10195	0.05361	0.24776	0.01383	0.07480	0.00257	0.11079	0.06131	0.00453	0.00603
18	0.12298	0.02263	0.47219	0.01647	0.05988	0.01326	0.11465	0.01864	0.07252	0.01934	0.01104	0.01280	0.00809	0.00542	0.00531	0.00180	0.00755	0.00456	0.00288	0.00800
19	0.01261	0.01175	0.01934	0.15419	0.47296	0.01272	0.01490	0.01527	0.01150	0.01625	0.01055	0.01559	0.00931	0.05868	0.00938	0.04411	0.09549	0.00520	0.00273	0.00747
20	0.01424	0.18093	0.34553	0.01400	0.01980	0.11711	0.05629	0.01963	0.08869	0.05084	0.01200	0.03572	0.00946	0.00593	0.00514	0.00165	0.00746	0.00464	0.00311	0.00782
21	0.12288	0.05045	0.17851	0.39164	0.06754	0.01305	0.04161	0.01622	0.01149	0.04164	0.01012	0.01337	0.00754	0.00546	0.00522	0.00179	0.00713	0.00455	0.00277	0.00701
22	0.01201	0.01186	0.01567	0.23657	0.24450	0.11314	0.01266	0.01460	0.01230	0.01559	0.01598	0.20894	0.01621	0.00882	0.00601	0.00189	0.00648	0.03674	0.00342	0.00663

[dist]
# distance from previous block
# <min> <max>
11	70

[block]
# block no. 1 follows, 42 sequences, length 12
# corresponding to MSA columns:
# 865-876
name=unknown_B
#
# <colnr> <probs for GDERKNQSTAVLIFYWHMCP>
#	G	D	E	R	K	N	Q	S	T	A	V	L	I	F	Y	W	H	M	C	P
0	0.65487	0.01116	0.00928	0.00832	0.01173	0.01293	0.00673	0.01956	0.17847	0.02486	0.01124	0.01182	0.00860	0.00577	0.00399	0.00178	0.00438	0.00380	0.00399	0.00673
1	0.01313	0.01657	0.19084	0.07570	0.46683	0.01332	0.01701	0.01866	0.09765	0.01859	0.01185	0.01434	0.00937	0.00543	0.00554	0.00174	0.00685	0.00497	0.00301	0.00861
2	0.01510	0.00989	0.01202	0.00876	0.01360	0.00770	0.00707	0.01752	0.01279	0.20867	0.01309	0.01356	0.00975	0.00488	0.00454	0.00106	0.00432	0.00392	0.00425	0.62749
3	0.01240	0.02751	0.00953	0.00918	0.03270	0.02252	0.00642	0.02845	0.01201	0.18311	0.02396	0.33321	0.02516	0.19126	0.01151	0.00282	0.00459	0.05285	0.00502	0.00580
4	0.00777	0.00622	0.00885	0.18397	0.01503	0.00645	0.00747	0.00957	0.01155	0.01514	0.08916	0.46841	0.12120	0.01400	0.00672	0.00210	0.00412	0.01253	0.00469	0.00503
5	0.84197	0.01088	0.00827	0.00740	0.01088	0.01262	0.00609	0.01654	0.00958	0.02525	0.00784	0.00914	0.00609	0.00522	0.00348	0.00174	0.00435	0.00305	0.00348	0.00609
6	0.65645	0.01448	0.01001	0.00900	0.01236	0.18595	0.00717	0.01788	0.01102	0.02266	0.00803	0.00937	0.00636	0.00535	0.00384	0.00168	0.00566	0.00318	0.00335	0.00619
7	0.01517	0.07677	0.03997	0.01095	0.06764	0.00951	0.00851	0.01773	0.01274	0.18799	0.01262	0.01331	0.00951	0.00495	0.00460	0.00116	0.00478	0.00398	0.00401	0.49410
8	0.01060	0.00658	0.00859	0.00830	0.00906	0.00706	0.00584	0.01258	0.17683	0.01306	0.01322	0.01882	0.01197	0.04247	0.05142	0.58568	0.00525	0.00537	0.00324	0.00405
9	0.01342	0.01087	0.01185	0.01074	0.01343	0.01215	0.00825	0.14508	0.44041	0.02344	0.04824	0.19616	0.02164	0.00988	0.00607	0.00195	0.00442	0.00845	0.00561	0.00792
10	0.00860	0.00661	0.00808	0.00880	0.00983	0.00681	0.00628	0.01304	0.17952	0.01658	0.02911	0.58050	0.03241	0.01525	0.00689	0.00222	0.00364	0.05490	0.00534	0.00559
11	0.00779	0.00575	0.00728	0.00690	0.00830	0.00524	0.00518	0.01029	0.01553	0.02161	0.67188	0.04362	0.14597	0.01186	0.00664	0.00179	0.00268	0.01040	0.00607	0.00524

[dist]
# distance from previous block
# <min> <max>
1	4

[block]
# block no. 2 follows, 42 sequences, length 7
# corresponding to MSA columns:
# 881-887
name=unknown_C
#
# <colnr> <probs for GDERKNQSTAVLIFYWHMCP>
#	G	D	E	R	K	N	Q	S	T	A	V	L	I	F	Y	W	H	M	C	P
0	0.63369	0.01160	0.01065	0.13465	0.04828	0.04887	0.00834	0.01651	0.01029	0.02266	0.00834	0.01034	0.00650	0.00531	0.00399	0.00175	0.00523	0.00347	0.00327	0.00626
1	0.01304	0.12111	0.08001	0.22529	0.10605	0.09535	0.03045	0.04126	0.07938	0.01735	0.08967	0.03429	0.03016	0.00669	0.00546	0.00170	0.00661	0.00560	0.00345	0.00709
2	0.01247	0.00767	0.00930	0.00783	0.01058	0.00649	0.00583	0.01422	0.01172	0.15125	0.01839	0.16727	0.01752	0.14127	0.00908	0.00210	0.00415	0.00717	0.09673	0.29895
3	0.00843	0.00634	0.00866	0.04740	0.04960	0.00611	0.00627	0.01092	0.01477	0.02079	0.61350	0.03870	0.04529	0.08864	0.00870	0.00213	0.00338	0.00945	0.00556	0.00536
4	0.09566	0.01348	0.07020	0.01149	0.01517	0.01400	0.00964	0.07025	0.58364	0.02398	0.01990	0.01870	0.01488	0.00717	0.00547	0.00187	0.00484	0.00579	0.00525	0.00863
5	0.01692	0.43029	0.10493	0.01192	0.01662	0.19801	0.01127	0.11922	0.01461	0.01693	0.00906	0.01022	0.00754	0.00537	0.00442	0.00139	0.00726	0.00356	0.00296	0.00750
6	0.01855	0.01282	0.09363	0.01993	0.30538	0.01057	0.01286	0.02164	0.01440	0.36463	0.05587	0.01762	0.01338	0.00629	0.00565	0.00172	0.00576	0.00550	0.00485	0.00897

[dist]
# distance from previous block
# <min> <max>
4	8

[block]
# block no. 3 follows, 42 sequences, length 29
# corresponding to MSA columns:
# 898-926
name=unknown_D
#
# <colnr> <probs for GDERKNQSTAVLIFYWHMCP>
#	G	D	E	R	K	N	Q	S	T	A	V	L	I	F	Y	W	H	M	C	P
0	0.00940	0.00727	0.01015	0.00953	0.00993	0.00882	0.00720	0.01012	0.00874	0.01257	0.04026	0.02255	0.01443	0.18088	0.29244	0.13998	0.20203	0.00615	0.00298	0.00457
1	0.01391	0.01027	0.01150	0.01033	0.01306	0.01118	0.00797	0.10492	0.38886	0.09341	0.08232	0.16924	0.03891	0.00981	0.00608	0.00193	0.00428	0.00839	0.00576	0.00785
2	0.00682	0.00503	0.00639	0.00748	0.00807	0.00460	0.00507	0.00788	0.01111	0.01450	0.03530	0.67601	0.15700	0.01707	0.00710	0.00222	0.00320	0.01532	0.00522	0.00460
3	0.00697	0.00498	0.00666	0.00796	0.00834	0.00467	0.00542	0.00803	0.01088	0.01449	0.03096	0.76163	0.03698	0.01753	0.00721	0.00230	0.00336	0.05182	0.00522	0.00460
4	0.00804	0.00603	0.00904	0.00904	0.01005	0.00703	0.00703	0.01005	0.00904	0.01306	0.01507	0.02211	0.01407	0.04221	0.77992	0.00904	0.01507	0.00603	0.00301	0.00502
5	0.00818	0.00546	0.00614	0.00614	0.00614	0.00546	0.00341	0.00818	0.00818	0.01091	0.01773	0.03683	0.02046	0.80222	0.02864	0.00546	0.00546	0.00818	0.00341	0.00341
6	0.84197	0.01088	0.00827	0.00740	0.01088	0.01262	0.00609	0.01654	0.00958	0.02525	0.00784	0.00914	0.00609	0.00522	0.00348	0.00174	0.00435	0.00305	0.00348	0.00609
7	0.00818	0.00546	0.00614	0.00614	0.00614	0.00546	0.00341	0.00818	0.00818	0.01091	0.01773	0.03683	0.02046	0.80222	0.02864	0.00546	0.00546	0.00818	0.00341	0.00341
8	0.01780	0.01129	0.01280	0.01086	0.01441	0.01212	0.00863	0.07613	0.45145	0.25341	0.02188	0.01993	0.01557	0.00733	0.00563	0.00182	0.00460	0.00602	0.03931	0.00901
9	0.01162	0.01121	0.01665	0.19184	0.07571	0.01479	0.01279	0.01360	0.00955	0.01398	0.00908	0.01450	0.00841	0.03586	0.06778	0.00282	0.47589	0.00513	0.00256	0.00622
10	0.01049	0.00525	0.00525	0.00525	0.00656	0.00525	0.00393	0.01311	0.01180	0.02098	0.01836	0.02098	0.01442	0.00656	0.00393	0.00131	0.00262	0.00525	0.83346	0.00525
11	0.01167	0.01000	0.01167	0.00834	0.01334	0.00750	0.00667	0.01417	0.01167	0.01834	0.01000	0.01167	0.00834	0.00417	0.00417	0.00083	0.00417	0.00333	0.00333	0.83663
12	0.01505	0.80561	0.02949	0.00963	0.01444	0.02227	0.00963	0.01685	0.01143	0.01324	0.00782	0.00903	0.00722	0.00481	0.00361	0.00120	0.00602	0.00301	0.00241	0.00722
13	0.00665	0.00570	0.00570	0.00570	0.00760	0.00475	0.00428	0.00808	0.01283	0.01520	0.05701	0.05416	0.76483	0.01425	0.00665	0.00190	0.00285	0.01188	0.00523	0.00475
14	0.01049	0.00525	0.00525	0.00525	0.00656	0.00525	0.00393	0.01311	0.01180	0.02098	0.01836	0.02098	0.01442	0.00656	0.00393	0.00131	0.00262	0.00525	0.83346	0.00525
15	0.01167	0.01000	0.01167	0.00834	0.01334	0.00750	0.00667	0.01417	0.01167	0.01834	0.01000	0.01167	0.00834	0.00417	0.00417	0.00083	0.00417	0.00333	0.00333	0.83663
16	0.02183	0.01968	0.01588	0.01317	0.01695	0.35245	0.01040	0.31550	0.02020	0.14062	0.01274	0.01291	0.00923	0.00637	0.00539	0.00159	0.00772	0.00452	0.00463	0.00823
17	0.01129	0.02911	0.77306	0.01604	0.02436	0.01307	0.02079	0.01782	0.01188	0.01782	0.01010	0.01188	0.00713	0.00535	0.00535	0.00178	0.00832	0.00416	0.00238	0.00832
18	0.00721	0.00515	0.00694	0.00824	0.00873	0.00488	0.00584	0.00845	0.01113	0.01477	0.03082	0.67989	0.03644	0.01729	0.00728	0.00233	0.00357	0.13113	0.00522	0.00467
19	0.00809	0.00608	0.00823	0.07500	0.01110	0.00589	0.00628	0.01066	0.01490	0.02073	0.58845	0.09746	0.07844	0.01171	0.00663	0.00185	0.00321	0.03425	0.00573	0.00531
20	0.01256	0.01197	0.02036	0.34809	0.46430	0.01301	0.01659	0.01607	0.01216	0.01672	0.01034	0.01438	0.00833	0.00527	0.00559	0.00176	0.00702	0.00501	0.00267	0.00781
21	0.00734	0.00556	0.00682	0.00723	0.00843	0.00504	0.00537	0.00909	0.01307	0.01715	0.24002	0.27604	0.27060	0.01466	0.00693	0.00206	0.00318	0.09103	0.00549	0.00490
22	0.67303	0.01148	0.01035	0.00878	0.01246	0.01301	0.03520	0.08108	0.04416	0.05280	0.00965	0.01064	0.00726	0.00551	0.00397	0.00175	0.00473	0.00360	0.00387	0.00670
23	0.01441	0.17629	0.23724	0.07210	0.17177	0.06664	0.05087	0.05722	0.01312	0.04755	0.01028	0.01238	0.00802	0.00549	0.00559	0.00165	0.03413	0.00438	0.00289	0.00796
24	0.04105	0.00595	0.00715	0.00679	0.00833	0.00548	0.00511	0.01030	0.01499	0.02106	0.57847	0.04338	0.20764	0.01186	0.00651	0.00180	0.00277	0.01027	0.00587	0.00522
25	0.00861	0.00611	0.00770	0.00836	0.00949	0.00592	0.00617	0.01136	0.07914	0.04640	0.06489	0.46173	0.11939	0.01531	0.00700	0.00221	0.00366	0.12586	0.00538	0.00531
26	0.01404	0.49586	0.12319	0.04182	0.04084	0.01855	0.03645	0.03813	0.07943	0.01584	0.01190	0.01301	0.03860	0.00561	0.00445	0.00145	0.00625	0.00414	0.00294	0.00751
27	0.04286	0.01349	0.09504	0.06061	0.33514	0.01218	0.04040	0.05407	0.09942	0.01938	0.01488	0.08490	0.01334	0.00714	0.00575	0.00181	0.00614	0.04871	0.00361	0.04113
28	0.00781	0.00530	0.00685	0.00769	0.00846	0.00490	0.00540	0.00917	0.01177	0.04140	0.10276	0.57241	0.09822	0.01589	0.00694	0.00216	0.00329	0.04902	0.03567	0.00488

[dist]
# distance from previous block
# <min> <max>
3	9

[block]
# block no. 4 follows, 42 sequences, length 56
# corresponding to MSA columns:
# 936-991
name=unknown_E
#
# <colnr> <probs for GDERKNQSTAVLIFYWHMCP>
#	G	D	E	R	K	N	Q	S	T	A	V	L	I	F	Y	W	H	M	C	P
0	0.01494	0.16035	0.19197	0.05730	0.12357	0.07276	0.05209	0.01843	0.01311	0.12261	0.05733	0.01470	0.01133	0.00575	0.00517	0.00158	0.00672	0.00473	0.00345	0.06211
1	0.00780	0.00582	0.00693	0.00668	0.00825	0.00517	0.00497	0.00992	0.01402	0.01925	0.39498	0.11714	0.26058	0.01226	0.00640	0.00179	0.00284	0.01061	0.06001	0.04459
2	0.01170	0.01273	0.11582	0.06490	0.12919	0.01059	0.15483	0.01655	0.08405	0.05127	0.20094	0.07217	0.03452	0.00793	0.00616	0.00184	0.00593	0.00746	0.00422	0.00720
3	0.09066	0.01006	0.01143	0.00834	0.01316	0.00803	0.00670	0.01512	0.01171	0.06011	0.01046	0.01184	0.00843	0.00442	0.00418	0.00097	0.00422	0.00343	0.00355	0.71317
4	0.00715	0.00523	0.00672	0.00738	0.00817	0.00480	0.00514	0.00865	0.01246	0.01678	0.24131	0.50051	0.12388	0.01552	0.00697	0.00210	0.00305	0.01389	0.00550	0.00480
5	0.00810	0.00542	0.00616	0.00624	0.00626	0.00540	0.00352	0.00816	0.00834	0.01112	0.01852	0.08212	0.02146	0.75557	0.02737	0.00527	0.00533	0.00865	0.00352	0.00348
6	0.00735	0.00573	0.00667	0.00643	0.00803	0.00505	0.00483	0.00943	0.01448	0.01912	0.43283	0.04772	0.38657	0.01279	0.00664	0.00183	0.00275	0.01097	0.00574	0.00505
7	0.01815	0.01415	0.01507	0.01229	0.01622	0.01594	0.00991	0.43376	0.34632	0.03025	0.01762	0.01679	0.01290	0.00714	0.00567	0.00179	0.00543	0.00563	0.00567	0.00928
8	0.00776	0.00566	0.00729	0.00706	0.00833	0.00520	0.00523	0.01016	0.01519	0.02121	0.63965	0.12018	0.10139	0.01232	0.00669	0.00183	0.00273	0.01089	0.00603	0.00520
9	0.01505	0.80561	0.02949	0.00963	0.01444	0.02227	0.00963	0.01685	0.01143	0.01324	0.00782	0.00903	0.00722	0.00481	0.00361	0.00120	0.00602	0.00301	0.00241	0.00722
10	0.10157	0.01010	0.01130	0.00823	0.01307	0.00806	0.00661	0.01443	0.01144	0.01909	0.00977	0.01140	0.00809	0.00428	0.00409	0.00093	0.00419	0.00330	0.00335	0.74670
11	0.01889	0.08783	0.01710	0.13201	0.11282	0.12375	0.01126	0.04459	0.01426	0.30031	0.01435	0.01529	0.01030	0.01850	0.00648	0.00176	0.05319	0.00491	0.00438	0.00803
12	0.01063	0.01000	0.01688	0.78870	0.03876	0.01250	0.01563	0.01438	0.01125	0.01438	0.01000	0.01500	0.00750	0.00563	0.00563	0.00188	0.00750	0.00500	0.00250	0.00625
13	0.01505	0.80561	0.02949	0.00963	0.01444	0.02227	0.00963	0.01685	0.01143	0.01324	0.00782	0.00903	0.00722	0.00481	0.00361	0.00120	0.00602	0.00301	0.00241	0.00722
14	0.06202	0.01420	0.01449	0.01202	0.01581	0.04142	0.00964	0.35624	0.35897	0.02874	0.01734	0.01658	0.01278	0.00704	0.00554	0.00178	0.00543	0.00550	0.00547	0.00898
15	0.00733	0.00550	0.00680	0.00695	0.00814	0.00497	0.00503	0.00922	0.01373	0.01846	0.38517	0.25576	0.22458	0.01389	0.00679	0.00195	0.00287	0.01222	0.00569	0.00497
16	0.10752	0.10287	0.10139	0.07675	0.11346	0.01262	0.02238	0.03850	0.07285	0.27490	0.01489	0.01506	0.01048	0.00601	0.00516	0.00170	0.00581	0.00483	0.00447	0.00836
17	0.01567	0.01550	0.02879	0.02095	0.02620	0.08554	0.57505	0.01975	0.01393	0.12192	0.01263	0.01526	0.00916	0.00515	0.00636	0.00183	0.00890	0.00622	0.00342	0.00776
18	0.00787	0.00563	0.00768	0.00889	0.00969	0.00544	0.00689	0.00964	0.01199	0.01588	0.06982	0.44009	0.03598	0.01640	0.00741	0.00239	0.00406	0.32412	0.00526	0.00487
19	0.01256	0.01439	0.14036	0.27320	0.16762	0.01239	0.16688	0.01667	0.01233	0.05725	0.01201	0.03923	0.00944	0.00576	0.00577	0.00181	0.00744	0.00560	0.03186	0.00745
20	0.01608	0.03377	0.11608	0.01154	0.03577	0.01027	0.01010	0.01906	0.03894	0.30285	0.06121	0.04398	0.07076	0.03651	0.05067	0.00239	0.12117	0.00640	0.00484	0.00760
21	0.00804	0.00603	0.00904	0.00904	0.01005	0.00703	0.00703	0.01005	0.00904	0.01306	0.01507	0.02211	0.01407	0.04221	0.77992	0.00904	0.01507	0.00603	0.00301	0.00502
22	0.11601	0.01116	0.01576	0.01887	0.30147	0.01098	0.01122	0.06756	0.01456	0.26075	0.06145	0.01883	0.05340	0.00666	0.00548	0.00172	0.00532	0.00566	0.00472	0.00840
23	0.01539	0.01422	0.06676	0.04017	0.42278	0.02926	0.12758	0.05842	0.01397	0.11361	0.01283	0.03698	0.01016	0.00572	0.00577	0.00174	0.00694	0.00558	0.00352	0.00857
24	0.01505	0.80561	0.02949	0.00963	0.01444	0.02227	0.00963	0.01685	0.01143	0.01324	0.00782	0.00903	0.00722	0.00481	0.00361	0.00120	0.00602	0.00301	0.00241	0.00722
25	0.00818	0.00546	0.00614	0.00614	0.00614	0.00546	0.00341	0.00818	0.00818	0.01091	0.01773	0.03683	0.02046	0.80222	0.02864	0.00546	0.00546	0.00818	0.00341	0.00341
26	0.01276	0.12715	0.01887	0.01392	0.01472	0.01786	0.01181	0.01455	0.03315	0.01382	0.00795	0.01212	0.00768	0.00905	0.01591	0.00226	0.65276	0.00469	0.00256	0.00640
27	0.01227	0.05468	0.04922	0.00914	0.01414	0.00926	0.00783	0.04575	0.01221	0.01863	0.00997	0.01163	0.00824	0.00452	0.00464	0.00098	0.02586	0.00347	0.00331	0.69424
28	0.01563	0.08061	0.01886	0.24415	0.21487	0.03791	0.01334	0.19005	0.01564	0.07125	0.01182	0.01468	0.00916	0.03082	0.00615	0.00181	0.00669	0.00495	0.00365	0.00795
29	0.00773	0.00570	0.00707	0.00741	0.00840	0.00549	0.00544	0.00918	0.01149	0.01508	0.12272	0.15368	0.20578	0.18928	0.10076	0.00365	0.00524	0.12661	0.00469	0.00460
30	0.01171	0.11491	0.06136	0.15469	0.20829	0.01217	0.03572	0.04033	0.03446	0.01790	0.13250	0.04840	0.08948	0.00757	0.00568	0.00173	0.00574	0.00663	0.00369	0.00706
31	0.10277	0.00656	0.00806	0.00842	0.00949	0.00698	0.00652	0.01077	0.01022	0.01511	0.02030	0.03989	0.02165	0.26588	0.18414	0.00481	0.00736	0.26244	0.00396	0.00470
32	0.00689	0.00492	0.00656	0.00781	0.00817	0.00459	0.00523	0.00792	0.01092	0.01460	0.05223	0.77666	0.03768	0.01745	0.00717	0.00227	0.00325	0.01583	0.00525	0.00459
33	0.01284	0.01075	0.01142	0.01037	0.01320	0.01218	0.00803	0.02596	0.60439	0.02284	0.09131	0.02470	0.06109	0.00828	0.00575	0.00186	0.00409	0.00694	0.05585	0.00813
34	0.84197	0.01088	0.00827	0.00740	0.01088	0.01262	0.00609	0.01654	0.00958	0.02525	0.00784	0.00914	0.00609	0.00522	0.00348	0.00174	0.00435	0.00305	0.00348	0.00609
35	0.01576	0.01208	0.01306	0.01140	0.01481	0.01362	0.00897	0.08147	0.62353	0.10585	0.02215	0.02026	0.01628	0.00750	0.00571	0.00187	0.00462	0.00619	0.00585	0.00903
36	0.01179	0.01127	0.04063	0.13980	0.08855	0.00946	0.05390	0.01485	0.01181	0.01766	0.01014	0.01264	0.00822	0.00456	0.00472	0.00118	0.00541	0.00399	0.00309	0.54634
37	0.05861	0.41416	0.26244	0.01251	0.04360	0.01747	0.01315	0.01827	0.04656	0.05203	0.01003	0.01115	0.00797	0.00525	0.00442	0.00149	0.00655	0.00373	0.00284	0.00776
38	0.01263	0.01383	0.02947	0.02165	0.02667	0.01303	0.63264	0.01704	0.01323	0.01784	0.01423	0.02265	0.01223	0.00641	0.00682	0.00200	0.00882	0.11836	0.00321	0.00722
39	0.00861	0.00586	0.00738	0.00696	0.00846	0.00533	0.00523	0.01102	0.01516	0.05312	0.57910	0.06727	0.14282	0.01165	0.00649	0.00178	0.00279	0.01017	0.04540	0.00539
40	0.06627	0.01232	0.02054	0.07898	0.28674	0.01211	0.15386	0.04481	0.01400	0.23331	0.01394	0.01544	0.01002	0.00563	0.00568	0.00175	0.00659	0.00539	0.00410	0.00851
41	0.01472	0.31584	0.04482	0.15138	0.14203	0.01555	0.06053	0.01747	0.01244	0.11244	0.01350	0.01513	0.04988	0.00579	0.00496	0.00157	0.00635	0.00478	0.00325	0.00755
42	0.01412	0.00730	0.00960	0.00884	0.01131	0.00659	0.00728	0.01637	0.01457	0.28181	0.16315	0.04248	0.15806	0.01159	0.00663	0.00203	0.00418	0.22142	0.00600	0.00667
43	0.06499	0.01041	0.01232	0.01018	0.01390	0.01054	0.00819	0.03851	0.28073	0.41082	0.02132	0.01927	0.01462	0.00708	0.00547	0.00178	0.00455	0.00574	0.05065	0.00891
44	0.01371	0.01315	0.02246	0.08330	0.72002	0.01332	0.01716	0.01708	0.01271	0.01813	0.01055	0.01400	0.00882	0.00505	0.00557	0.00168	0.00674	0.00501	0.00277	0.00874
45	0.02139	0.01071	0.01424	0.01416	0.14000	0.05091	0.00963	0.02361	0.01504	0.53231	0.02035	0.09124	0.01492	0.00758	0.00576	0.00176	0.00526	0.00641	0.00588	0.00883
46	0.00806	0.00596	0.00872	0.00872	0.00961	0.00686	0.00662	0.00984	0.00895	0.01282	0.01537	0.02377	0.01479	0.12817	0.69495	0.00864	0.01399	0.00627	0.00306	0.00484
47	0.01063	0.01000	0.01688	0.78870	0.03876	0.01250	0.01563	0.01438	0.01125	0.01438	0.01000	0.01500	0.00750	0.00563	0.00563	0.00188	0.00750	0.00500	0.00250	0.00625
48	0.00796	0.00575	0.00752	0.00708	0.00841	0.00531	0.00531	0.01062	0.01593	0.02257	0.76415	0.04204	0.05310	0.01150	0.00664	0.00177	0.00265	0.01018	0.00619	0.00531
49	0.00805	0.00598	0.00878	0.00878	0.00969	0.00689	0.00670	0.00988	0.00897	0.01287	0.01532	0.02345	0.01465	0.11130	0.71162	0.00872	0.01420	0.00623	0.00305	0.00488
50	0.01018	0.00741	0.00854	0.00781	0.00886	0.00777	0.00546	0.11608	0.01254	0.01689	0.13316	0.03509	0.08506	0.43796	0.01904	0.00382	0.04711	0.02801	0.00430	0.00490
51	0.02008	0.01503	0.01718	0.01329	0.01769	0.01649	0.05414	0.58585	0.12054	0.05881	0.01492	0.01479	0.01065	0.00676	0.00570	0.00173	0.00611	0.00535	0.00552	0.00937
52	0.01271	0.01311	0.06488	0.02902	0.60465	0.01204	0.01551	0.01601	0.01293	0.01826	0.05642	0.01941	0.08772	0.00632	0.00573	0.00171	0.00617	0.00594	0.00319	0.00826
53	0.06262	0.00969	0.01262	0.00985	0.01396	0.00876	0.00809	0.04991	0.03617	0.64642	0.06536	0.01990	0.01583	0.00716	0.00561	0.00175	0.00468	0.00580	0.00668	0.00914
54	0.01674	0.55661	0.08043	0.01038	0.01526	0.04326	0.01023	0.01940	0.03590	0.14878	0.01105	0.01145	0.00872	0.00536	0.00422	0.00137	0.00605	0.00369	0.00334	0.00775
55	0.09208	0.05012	0.55297	0.06091	0.02309	0.01299	0.05689	0.01713	0.01187	0.01842	0.04572	0.01332	0.00931	0.00559	0.00526	0.00177	0.00760	0.00448	0.00270	0.00776

[dist]
# distance from previous block
# <min> <max>
1	10

[block]
# block no. 5 follows, 42 sequences, length 42
# corresponding to MSA columns:
# 1002-1043
name=unknown_F
#
# <colnr> <probs for GDERKNQSTAVLIFYWHMCP>
#	G	D	E	R	K	N	Q	S	T	A	V	L	I	F	Y	W	H	M	C	P
0	0.05759	0.57310	0.13603	0.01071	0.01587	0.01978	0.01110	0.05365	0.04835	0.01613	0.00917	0.01025	0.00775	0.00515	0.00406	0.00137	0.00620	0.00344	0.00278	0.00752
1	0.24954	0.33741	0.25490	0.01099	0.01651	0.01666	0.01210	0.01707	0.01104	0.01809	0.00854	0.00995	0.00687	0.00510	0.00411	0.00154	0.00626	0.00338	0.00270	0.00724
2	0.01454	0.63892	0.16555	0.01096	0.01636	0.04408	0.01172	0.01720	0.01166	0.01410	0.00827	0.00959	0.00721	0.00494	0.00397	0.00132	0.00657	0.00324	0.00242	0.00740
3	0.00804	0.00603	0.00904	0.00904	0.01005	0.00703	0.00703	0.01005	0.00904	0.01306	0.01507	0.02211	0.01407	0.04221	0.77992	0.00904	0.01507	0.00603	0.00301	0.00502
4	0.00692	0.00495	0.00659	0.00779	0.00818	0.00462	0.00523	0.00800	0.01109	0.01486	0.07552	0.75263	0.03818	0.01726	0.00715	0.00225	0.00323	0.01565	0.00528	0.00462
5	0.00775	0.00567	0.00728	0.00704	0.00832	0.00519	0.00522	0.01014	0.01518	0.02117	0.63497	0.11619	0.11023	0.01232	0.00669	0.00183	0.00273	0.01088	0.00602	0.00519
6	0.01505	0.80561	0.02949	0.00963	0.01444	0.02227	0.00963	0.01685	0.01143	0.01324	0.00782	0.00903	0.00722	0.00481	0.00361	0.00120	0.00602	0.00301	0.00241	0.00722
7	0.01231	0.01231	0.01724	0.01477	0.01477	0.01724	0.01231	0.01354	0.00862	0.01354	0.00739	0.01231	0.00739	0.00985	0.01847	0.00246	0.79192	0.00492	0.00246	0.00616
8	0.02139	0.01576	0.01689	0.01295	0.01745	0.01745	0.01070	0.74835	0.02646	0.03547	0.01351	0.01351	0.00957	0.00676	0.00563	0.00169	0.00619	0.00507	0.00563	0.00957
9	0.00665	0.00570	0.00570	0.00570	0.00760	0.00475	0.00428	0.00808	0.01283	0.01520	0.05701	0.05416	0.76483	0.01425	0.00665	0.00190	0.00285	0.01188	0.00523	0.00475
10	0.00796	0.00575	0.00752	0.00708	0.00841	0.00531	0.00531	0.01062	0.01593	0.02257	0.76415	0.04204	0.05310	0.01150	0.00664	0.00177	0.00265	0.01018	0.00619	0.00531
11	0.00846	0.00624	0.00798	0.00872	0.01000	0.00602	0.00697	0.04067	0.01306	0.01694	0.07470	0.26139	0.17134	0.01529	0.00725	0.00229	0.00412	0.32816	0.00528	0.00512
12	0.00804	0.00603	0.00904	0.00904	0.01005	0.00703	0.00703	0.01005	0.00904	0.01306	0.01507	0.02211	0.01407	0.04221	0.77992	0.00904	0.01507	0.00603	0.00301	0.00502
13	0.03196	0.00521	0.00646	0.00736	0.00774	0.00503	0.00480	0.00832	0.01018	0.01409	0.02696	0.58019	0.03185	0.19486	0.01185	0.00296	0.00378	0.01354	0.02850	0.00437
14	0.03984	0.00826	0.00943	0.00891	0.01027	0.04539	0.00693	0.01209	0.04656	0.01837	0.30281	0.10979	0.16504	0.01188	0.00843	0.00199	0.13042	0.05309	0.00499	0.00552
15	0.38501	0.22410	0.01668	0.01140	0.07911	0.05240	0.00882	0.09101	0.01269	0.06055	0.00943	0.01054	0.00745	0.00537	0.00410	0.00157	0.00549	0.00357	0.00350	0.00719
16	0.04993	0.17675	0.01663	0.01182	0.10697	0.01155	0.00858	0.01522	0.01167	0.01759	0.00952	0.01128	0.00807	0.00446	0.00419	0.00106	0.00488	0.00346	0.00308	0.52330
17	0.03559	0.38867	0.04101	0.01411	0.10017	0.05739	0.05536	0.06478	0.12188	0.05384	0.01169	0.01259	0.00938	0.00554	0.00466	0.00150	0.00625	0.00426	0.00343	0.00790
18	0.84197	0.01088	0.00827	0.00740	0.01088	0.01262	0.00609	0.01654	0.00958	0.02525	0.00784	0.00914	0.00609	0.00522	0.00348	0.00174	0.00435	0.00305	0.00348	0.00609
19	0.01399	0.20344	0.36791	0.01755	0.15586	0.01532	0.02803	0.06538	0.01312	0.05423	0.01049	0.01210	0.00798	0.00532	0.00504	0.00162	0.00720	0.00422	0.00290	0.00830
20	0.00788	0.00536	0.00620	0.00645	0.00657	0.00527	0.00378	0.00811	0.00882	0.01170	0.02147	0.18280	0.04651	0.62823	0.02387	0.00474	0.00496	0.00979	0.00381	0.00367
21	0.08291	0.00651	0.00804	0.00824	0.00963	0.00629	0.00600	0.03416	0.01247	0.11562	0.10702	0.49803	0.03219	0.01409	0.00657	0.00210	0.00364	0.03545	0.00542	0.00561
22	0.01492	0.77930	0.05469	0.00985	0.01478	0.02196	0.01001	0.01688	0.01145	0.01340	0.00790	0.00912	0.00722	0.00483	0.00367	0.00122	0.00610	0.00305	0.00241	0.00726
23	0.00856	0.00542	0.00599	0.00599	0.00621	0.00542	0.00349	0.00898	0.00877	0.01253	0.01783	0.03428	0.01949	0.67418	0.02467	0.00479	0.00500	0.00771	0.13699	0.00371
24	0.00817	0.00551	0.00640	0.00640	0.00649	0.00560	0.00374	0.00835	0.00826	0.01111	0.01749	0.03550	0.01989	0.73391	0.09617	0.00578	0.00632	0.00799	0.00337	0.00356
25	0.01413	0.01210	0.01281	0.01132	0.01466	0.01373	0.00884	0.05526	0.68496	0.02366	0.02178	0.02016	0.01636	0.00739	0.00563	0.00184	0.00450	0.00613	0.00558	0.05917
26	0.01328	0.01518	0.03321	0.02372	0.02941	0.01423	0.74668	0.01803	0.01328	0.01803	0.01139	0.01518	0.00854	0.00474	0.00664	0.00190	0.00949	0.00664	0.00285	0.00759
27	0.01901	0.01369	0.01534	0.10764	0.01876	0.04672	0.01047	0.46808	0.02134	0.11478	0.01567	0.09468	0.01256	0.00772	0.00577	0.00177	0.00606	0.00619	0.00524	0.00852
28	0.01545	0.00870	0.01110	0.01029	0.01302	0.00866	0.00854	0.02085	0.17855	0.26835	0.07033	0.03812	0.02417	0.01071	0.00655	0.00211	0.00474	0.28634	0.00595	0.00747
29	0.05175	0.01312	0.11130	0.39675	0.12072	0.01237	0.01438	0.05151	0.05089	0.01767	0.01228	0.01539	0.03173	0.00581	0.00540	0.00174	0.00672	0.00496	0.00304	0.07248
30	0.01277	0.00846	0.01137	0.00958	0.03436	0.00733	0.03993	0.03294	0.01472	0.15734	0.31826	0.02772	0.06661	0.00827	0.00575	0.00152	0.00397	0.00719	0.00526	0.22666
31	0.09999	0.31061	0.03450	0.05067	0.07534	0.01655	0.05495	0.12268	0.04748	0.08193	0.01119	0.01228	0.00872	0.00547	0.00464	0.00151	0.00599	0.00419	0.00361	0.04772
32	0.01484	0.66420	0.13854	0.01059	0.01590	0.02044	0.01123	0.01735	0.01166	0.03957	0.00865	0.00979	0.00744	0.00497	0.00394	0.00131	0.00632	0.00327	0.00256	0.00746
33	0.00810	0.00583	0.00636	0.00614	0.00796	0.00507	0.00463	0.00994	0.01354	0.04899	0.20617	0.04673	0.50302	0.01258	0.00634	0.00181	0.00287	0.01058	0.08823	0.00512
34	0.01220	0.00729	0.00923	0.00804	0.01017	0.00691	0.00625	0.08083	0.01677	0.14996	0.54320	0.03480	0.04111	0.01012	0.00628	0.00174	0.00334	0.00877	0.03657	0.00642
35	0.05565	0.10650	0.27181	0.01866	0.21627	0.06526	0.01507	0.01954	0.02542	0.13655	0.01190	0.01316	0.00881	0.00552	0.00516	0.00166	0.00694	0.00444	0.00336	0.00833
36	0.05322	0.01231	0.02048	0.24311	0.52769	0.01309	0.01627	0.01643	0.01222	0.01760	0.01029	0.01400	0.00838	0.00519	0.00549	0.00173	0.00680	0.00492	0.00274	0.00804
37	0.00717	0.00598	0.00630	0.00629	0.00808	0.00527	0.00469	0.00943	0.05151	0.01626	0.11951	0.10843	0.60358	0.01391	0.00664	0.00192	0.00295	0.01175	0.00534	0.00500
38	0.01201	0.01099	0.07998	0.11226	0.22770	0.00970	0.01172	0.01567	0.03875	0.08206	0.19849	0.02631	0.06286	0.00803	0.00592	0.00179	0.00525	0.04185	0.04154	0.00714
39	0.12293	0.01725	0.22412	0.01561	0.12875	0.04480	0.01314	0.05677	0.16856	0.13165	0.01444	0.01481	0.01048	0.00608	0.00527	0.00176	0.00621	0.00484	0.00413	0.00841
40	0.01069	0.01117	0.05137	0.11461	0.04065	0.05084	0.08537	0.01310	0.01084	0.01469	0.01659	0.12514	0.05740	0.01570	0.15284	0.00339	0.18784	0.02854	0.00325	0.00599
41	0.00844	0.00653	0.00834	0.03454	0.01026	0.00670	0.00649	0.01104	0.05209	0.01707	0.22420	0.13654	0.15046	0.10142	0.04453	0.00276	0.04262	0.12585	0.00498	0.00515

[dist]
# distance from previous block
# <min> <max>
0	619

# created by:
# /home/berkeley/.conda/envs/busco_data_prod/bin/msa2prfl.pl pipeline/OGs_align_augustus/33634/161135.fs
