[name]
unknown

[dist]
# distance from previous block
# <min> <max>
3	64

[block]
# block no. 0 follows, 37 sequences, length 26
# corresponding to MSA columns:
# 125-150
name=unknown_A
#
# <colnr> <probs for GDERKNQSTAVLIFYWHMCP>
#	G	D	E	R	K	N	Q	S	T	A	V	L	I	F	Y	W	H	M	C	P
0	0.01378	0.03642	0.01526	0.12865	0.06372	0.02807	0.04939	0.08047	0.09543	0.05696	0.05055	0.06951	0.10804	0.02027	0.00647	0.00187	0.00568	0.00736	0.04575	0.11635
1	0.01512	0.01381	0.06816	0.14446	0.02245	0.03054	0.10684	0.09641	0.12868	0.08755	0.06882	0.05124	0.03410	0.02907	0.00773	0.00210	0.04393	0.00697	0.00466	0.03736
2	0.15053	0.03435	0.01523	0.08113	0.03565	0.05288	0.04308	0.07759	0.02710	0.19233	0.05266	0.05985	0.01454	0.00763	0.00638	0.00186	0.04388	0.00605	0.02462	0.07268
3	0.11303	0.02527	0.04632	0.20968	0.02210	0.01257	0.02442	0.12797	0.05275	0.11735	0.05764	0.04813	0.06134	0.02842	0.00664	0.00205	0.00611	0.00658	0.00475	0.02689
4	0.14132	0.03084	0.01648	0.05250	0.14657	0.06129	0.03636	0.10857	0.09001	0.13073	0.05298	0.01867	0.01406	0.04616	0.00700	0.00207	0.00625	0.00578	0.02394	0.00843
5	0.08306	0.01096	0.01373	0.01332	0.07617	0.01177	0.00959	0.12916	0.04434	0.16903	0.02060	0.14204	0.03100	0.07770	0.01019	0.00248	0.09698	0.04487	0.00524	0.00779
6	0.21251	0.03154	0.01199	0.07662	0.01498	0.01070	0.01951	0.03236	0.03038	0.11149	0.04456	0.07952	0.03782	0.08436	0.07444	0.00307	0.03123	0.05440	0.00457	0.03394
7	0.03282	0.01237	0.01860	0.05920	0.02000	0.01252	0.16214	0.16277	0.06151	0.17385	0.01765	0.04596	0.01399	0.02605	0.04481	0.05881	0.00726	0.03648	0.00502	0.02822
8	0.05624	0.01126	0.01365	0.05577	0.03646	0.01200	0.00958	0.19924	0.07601	0.14703	0.11761	0.12526	0.04051	0.01014	0.00709	0.00205	0.03811	0.02798	0.00583	0.00817
9	0.08377	0.01111	0.01365	0.10447	0.01782	0.01163	0.00967	0.16003	0.06241	0.21940	0.04083	0.15844	0.01841	0.00947	0.00649	0.00200	0.01945	0.00786	0.00570	0.03739
10	0.03576	0.05130	0.06757	0.06746	0.01876	0.01390	0.06310	0.23419	0.01782	0.09498	0.04267	0.11884	0.01600	0.00920	0.00765	0.02105	0.06285	0.00724	0.04152	0.00813
11	0.01210	0.01023	0.01433	0.03883	0.01495	0.04707	0.12578	0.03379	0.01239	0.04763	0.04867	0.09821	0.04556	0.29518	0.03322	0.00361	0.04396	0.00847	0.00409	0.06193
12	0.02032	0.01458	0.01652	0.03379	0.01792	0.06527	0.04630	0.38403	0.02198	0.14494	0.01903	0.15238	0.01625	0.00928	0.00644	0.00196	0.00644	0.00771	0.00583	0.00901
13	0.16622	0.09806	0.01700	0.01222	0.01620	0.05943	0.05191	0.23663	0.05015	0.08261	0.03583	0.02027	0.01377	0.05729	0.00729	0.00214	0.00638	0.05348	0.00491	0.00820
14	0.08330	0.01165	0.01393	0.01141	0.01515	0.01193	0.00919	0.19169	0.05517	0.34081	0.02141	0.13357	0.01705	0.00933	0.00690	0.00202	0.04258	0.00749	0.00635	0.00908
15	0.12300	0.01161	0.01223	0.00965	0.01412	0.04368	0.00762	0.03655	0.05678	0.07141	0.01445	0.08367	0.01259	0.00662	0.00503	0.00138	0.00489	0.00528	0.00431	0.47513
16	0.01334	0.12415	0.18596	0.01313	0.03665	0.01415	0.01223	0.02228	0.28596	0.02072	0.03597	0.11958	0.01757	0.00852	0.00593	0.00190	0.00588	0.00709	0.00456	0.06442
17	0.01038	0.01071	0.11005	0.10241	0.01781	0.00874	0.01218	0.01370	0.01336	0.01773	0.02568	0.05199	0.02680	0.01524	0.03280	0.03227	0.00673	0.48058	0.00470	0.00612
18	0.01379	0.11689	0.02053	0.01532	0.01602	0.01948	0.01300	0.01521	0.00978	0.01469	0.00810	0.01292	0.00801	0.00998	0.01793	0.00250	0.67125	0.00508	0.00267	0.00685
19	0.73420	0.01167	0.00961	0.00838	0.01228	0.01318	0.00691	0.01938	0.01125	0.11232	0.01036	0.01122	0.00763	0.00590	0.00407	0.00189	0.00479	0.00365	0.00423	0.00707
20	0.01435	0.01223	0.01309	0.01182	0.01501	0.01396	0.00917	0.02973	0.63972	0.02546	0.12085	0.02589	0.02390	0.00887	0.00636	0.00206	0.00458	0.00747	0.00630	0.00917
21	0.01461	0.01210	0.01306	0.01186	0.01486	0.01390	0.00911	0.02925	0.63848	0.02361	0.02301	0.02227	0.01761	0.01004	0.00859	0.11154	0.00491	0.00671	0.00575	0.00875
22	0.00994	0.00676	0.00727	0.00683	0.00925	0.00568	0.00523	0.01159	0.01443	0.11459	0.05696	0.05383	0.64686	0.01444	0.00709	0.00204	0.00338	0.01202	0.00594	0.00587
23	0.00750	0.00543	0.00710	0.00832	0.00885	0.00503	0.00562	0.00869	0.01216	0.01614	0.07151	0.69414	0.08973	0.01859	0.00774	0.00243	0.00349	0.01677	0.00574	0.00503
24	0.01321	0.00741	0.00817	0.00750	0.00945	0.00772	0.00583	0.10041	0.01457	0.05638	0.01904	0.02192	0.01498	0.01236	0.10557	0.00262	0.00524	0.00582	0.57537	0.00645
25	0.00866	0.00626	0.00818	0.00770	0.00914	0.00578	0.00578	0.01155	0.01733	0.02455	0.74346	0.04572	0.05776	0.01251	0.00722	0.00193	0.00289	0.01107	0.00674	0.00578

[dist]
# distance from previous block
# <min> <max>
0	3

[block]
# block no. 1 follows, 37 sequences, length 32
# corresponding to MSA columns:
# 154-185
name=unknown_B
#
# <colnr> <probs for GDERKNQSTAVLIFYWHMCP>
#	G	D	E	R	K	N	Q	S	T	A	V	L	I	F	Y	W	H	M	C	P
0	0.01173	0.01074	0.01790	0.68493	0.07582	0.01315	0.01629	0.01571	0.01236	0.01631	0.01148	0.01667	0.00871	0.00615	0.00600	0.00199	0.00778	0.00546	0.05392	0.00688
1	0.01427	0.01336	0.02271	0.15723	0.58350	0.01381	0.01765	0.01759	0.01328	0.01869	0.01135	0.01556	0.00950	0.00656	0.00719	0.05329	0.00730	0.00544	0.00296	0.00877
2	0.19504	0.27642	0.02026	0.01281	0.04438	0.27582	0.01025	0.01993	0.01360	0.01766	0.00946	0.01137	0.00814	0.00826	0.05199	0.00208	0.00836	0.00381	0.00312	0.00725
3	0.58983	0.10657	0.01268	0.00908	0.01290	0.03655	0.00759	0.07481	0.01243	0.02567	0.01063	0.05870	0.00924	0.00663	0.00430	0.00185	0.00523	0.00439	0.00394	0.00699
4	0.01454	0.01404	0.02303	0.08925	0.55839	0.03095	0.05064	0.01878	0.05115	0.01955	0.01355	0.06364	0.01192	0.00652	0.00623	0.00190	0.00721	0.00633	0.00334	0.00905
5	0.00887	0.00678	0.00979	0.00894	0.01054	0.00628	0.05084	0.01166	0.01641	0.02306	0.60419	0.14065	0.05244	0.01293	0.00730	0.00201	0.00344	0.01166	0.00637	0.00583
6	0.01142	0.00606	0.00673	0.00646	0.00804	0.00587	0.00488	0.01426	0.01422	0.05613	0.20819	0.02868	0.02660	0.00855	0.00513	0.00158	0.00297	0.00712	0.57117	0.00594
7	0.00869	0.00626	0.00843	0.00936	0.01044	0.00599	0.00735	0.01090	0.01404	0.01880	0.19908	0.30429	0.06283	0.01661	0.00791	0.00248	0.00422	0.29097	0.00591	0.00543
8	0.00794	0.00640	0.00719	0.00748	0.00935	0.00565	0.00594	0.00988	0.01422	0.01752	0.10342	0.06032	0.53159	0.01562	0.00752	0.00223	0.00367	0.17299	0.00575	0.00532
9	0.82811	0.01184	0.00900	0.00805	0.01184	0.01373	0.00663	0.01799	0.01042	0.02746	0.00852	0.00994	0.00663	0.00568	0.00379	0.00189	0.00474	0.00331	0.00379	0.00663
10	0.01637	0.78856	0.03208	0.01047	0.01571	0.02422	0.01047	0.01833	0.01244	0.01440	0.00851	0.00982	0.00786	0.00524	0.00393	0.00131	0.00655	0.00327	0.00262	0.00786
11	0.82811	0.01184	0.00900	0.00805	0.01184	0.01373	0.00663	0.01799	0.01042	0.02746	0.00852	0.00994	0.00663	0.00568	0.00379	0.00189	0.00474	0.00331	0.00379	0.00663
12	0.01388	0.01533	0.03284	0.02399	0.02958	0.01443	0.63524	0.01874	0.01440	0.01945	0.01488	0.02307	0.01253	0.00663	0.00738	0.00216	0.00974	0.09441	0.00341	0.00793
13	0.00860	0.00625	0.00809	0.00763	0.00910	0.00575	0.00572	0.01142	0.01717	0.02417	0.71158	0.04634	0.08987	0.01265	0.00722	0.00193	0.00290	0.01116	0.00669	0.00575
14	0.02261	0.01682	0.01800	0.01395	0.01873	0.01867	0.01147	0.66931	0.08682	0.03751	0.01554	0.01536	0.01109	0.00743	0.00613	0.00186	0.00658	0.00563	0.00613	0.01035
15	0.00919	0.00775	0.01311	0.01228	0.01392	0.00732	0.14391	0.01132	0.01263	0.01683	0.02944	0.51860	0.03366	0.01613	0.00780	0.00246	0.00519	0.12759	0.00518	0.00571
16	0.82811	0.01184	0.00900	0.00805	0.01184	0.01373	0.00663	0.01799	0.01042	0.02746	0.00852	0.00994	0.00663	0.00568	0.00379	0.00189	0.00474	0.00331	0.00379	0.00663
17	0.02011	0.07700	0.01875	0.01407	0.01751	0.13861	0.01159	0.28963	0.01916	0.08716	0.01235	0.01384	0.00956	0.00774	0.00925	0.00193	0.19730	0.00502	0.00453	0.04488
18	0.01296	0.01081	0.01288	0.01185	0.01473	0.01172	0.04128	0.05561	0.36989	0.02301	0.06673	0.03900	0.11098	0.01131	0.00699	0.00224	0.00507	0.17914	0.00590	0.00792
19	0.00828	0.00624	0.00766	0.00730	0.00891	0.00561	0.00548	0.01082	0.01643	0.02242	0.56254	0.04923	0.24001	0.01331	0.00722	0.00196	0.00294	0.01156	0.00646	0.00561
20	0.00866	0.00626	0.00818	0.00770	0.00914	0.00578	0.00578	0.01155	0.01733	0.02455	0.74346	0.04572	0.05776	0.01251	0.00722	0.00193	0.00289	0.01107	0.00674	0.00578
21	0.01515	0.01454	0.02485	0.03757	0.74669	0.01454	0.01879	0.01879	0.01394	0.02000	0.01151	0.01515	0.00970	0.00545	0.00606	0.00182	0.00727	0.00545	0.00303	0.00970
22	0.11410	0.01142	0.01267	0.00933	0.01451	0.00961	0.00752	0.06502	0.01364	0.04016	0.01118	0.01269	0.00901	0.00494	0.00459	0.00112	0.00473	0.00378	0.00392	0.64606
23	0.02287	0.02917	0.01735	0.01577	0.01892	0.76030	0.01183	0.02444	0.01735	0.01498	0.00946	0.01104	0.00788	0.00631	0.00552	0.00158	0.01104	0.00394	0.00315	0.00710
24	0.02662	0.01061	0.01418	0.01100	0.01565	0.00943	0.00904	0.03002	0.06695	0.70100	0.02420	0.02097	0.01540	0.00763	0.00616	0.00191	0.00518	0.00621	0.00748	0.01037
25	0.01433	0.01436	0.02246	0.08920	0.40246	0.06477	0.11513	0.01859	0.05235	0.01953	0.05697	0.02059	0.06817	0.00683	0.00635	0.00189	0.00734	0.00655	0.00360	0.00851
26	0.01515	0.01454	0.02485	0.03757	0.74669	0.01454	0.01879	0.01879	0.01394	0.02000	0.01151	0.01515	0.00970	0.00545	0.00606	0.00182	0.00727	0.00545	0.00303	0.00970
27	0.00844	0.00625	0.00787	0.00747	0.00901	0.00568	0.00560	0.01112	0.01680	0.02330	0.63745	0.04778	0.16454	0.01298	0.00722	0.00195	0.00292	0.01136	0.00657	0.00568
28	0.01172	0.01120	0.01935	0.72847	0.04159	0.01371	0.05663	0.01586	0.01236	0.01586	0.01096	0.01633	0.00822	0.00607	0.00618	0.00204	0.00828	0.00554	0.00274	0.00688
29	0.01165	0.01077	0.01792	0.59066	0.12304	0.01278	0.01587	0.01553	0.01305	0.01723	0.09867	0.01970	0.01428	0.00681	0.00624	0.00200	0.00742	0.00612	0.00324	0.00703
30	0.00749	0.00598	0.00674	0.00721	0.00871	0.00523	0.00527	0.00901	0.01342	0.01667	0.07880	0.27490	0.47064	0.01656	0.00747	0.00223	0.00336	0.04943	0.00572	0.00516
31	0.41921	0.01525	0.01312	0.09074	0.08789	0.17493	0.00976	0.01844	0.01232	0.02146	0.01019	0.01396	0.00871	0.07341	0.00700	0.00218	0.00681	0.00436	0.00346	0.00679

[dist]
# distance from previous block
# <min> <max>
1	18

[block]
# block no. 2 follows, 37 sequences, length 30
# corresponding to MSA columns:
# 207-236
name=unknown_C
#
# <colnr> <probs for GDERKNQSTAVLIFYWHMCP>
#	G	D	E	R	K	N	Q	S	T	A	V	L	I	F	Y	W	H	M	C	P
0	0.09419	0.16201	0.01961	0.06772	0.01862	0.28177	0.03436	0.01976	0.01396	0.04323	0.04870	0.01386	0.01077	0.00713	0.00777	0.00182	0.13950	0.00467	0.00335	0.00719
1	0.00834	0.00667	0.00752	0.00723	0.00913	0.00607	0.00544	0.01147	0.06171	0.02047	0.34432	0.05108	0.41083	0.01379	0.00716	0.00201	0.00312	0.01176	0.00616	0.00571
2	0.00801	0.00604	0.00742	0.00759	0.00895	0.00545	0.00557	0.01008	0.01492	0.01994	0.35731	0.22624	0.24688	0.01510	0.00741	0.00213	0.00320	0.03618	0.00615	0.00541
3	0.02125	0.00986	0.01275	0.01039	0.01416	0.00919	0.00835	0.02599	0.12548	0.47306	0.19140	0.02692	0.02558	0.00883	0.00641	0.00193	0.00461	0.00741	0.00718	0.00923
4	0.82811	0.01184	0.00900	0.00805	0.01184	0.01373	0.00663	0.01799	0.01042	0.02746	0.00852	0.00994	0.00663	0.00568	0.00379	0.00189	0.00474	0.00331	0.00379	0.00663
5	0.00889	0.00598	0.00690	0.00690	0.00698	0.00606	0.00399	0.00905	0.00897	0.01204	0.01908	0.03891	0.02176	0.73209	0.08327	0.00621	0.00668	0.00873	0.00368	0.00383
6	0.02746	0.01042	0.01421	0.01089	0.01563	0.00900	0.00900	0.02983	0.01752	0.75093	0.02415	0.02083	0.01515	0.00758	0.00616	0.00189	0.00521	0.00616	0.00758	0.01042
7	0.82811	0.01184	0.00900	0.00805	0.01184	0.01373	0.00663	0.01799	0.01042	0.02746	0.00852	0.00994	0.00663	0.00568	0.00379	0.00189	0.00474	0.00331	0.00379	0.00663
8	0.02390	0.01613	0.01774	0.01360	0.01848	0.01748	0.01124	0.62132	0.02708	0.14594	0.01612	0.01562	0.01112	0.00738	0.00613	0.00185	0.00651	0.00561	0.00634	0.01041
9	0.01523	0.01315	0.01384	0.01246	0.01592	0.01523	0.00969	0.03253	0.73563	0.02561	0.02491	0.02284	0.01869	0.00830	0.00623	0.00208	0.00484	0.00692	0.00623	0.00969
10	0.02746	0.01042	0.01421	0.01089	0.01563	0.00900	0.00900	0.02983	0.01752	0.75093	0.02415	0.02083	0.01515	0.00758	0.00616	0.00189	0.00521	0.00616	0.00758	0.01042
11	0.01637	0.78856	0.03208	0.01047	0.01571	0.02422	0.01047	0.01833	0.01244	0.01440	0.00851	0.00982	0.00786	0.00524	0.00393	0.00131	0.00655	0.00327	0.00262	0.00786
12	0.02682	0.01023	0.01387	0.01068	0.01529	0.00887	0.00881	0.02921	0.01733	0.72177	0.02398	0.02091	0.01517	0.00756	0.00608	0.00188	0.00511	0.00614	0.04007	0.01023
13	0.00863	0.00584	0.00685	0.00711	0.00721	0.00581	0.00419	0.00889	0.00945	0.01264	0.02189	0.17746	0.02544	0.62064	0.04826	0.00541	0.00580	0.01041	0.00406	0.00400
14	0.01563	0.01335	0.01407	0.01254	0.01607	0.01542	0.00979	0.06763	0.69986	0.02626	0.02440	0.02243	0.01827	0.00826	0.00622	0.00206	0.00494	0.00685	0.00622	0.00973
15	0.00746	0.00533	0.00710	0.00852	0.00888	0.00497	0.00568	0.00852	0.01172	0.01563	0.03374	0.78088	0.04049	0.01918	0.00781	0.00249	0.00355	0.01740	0.00568	0.00497
16	0.00835	0.00615	0.00801	0.00917	0.01024	0.00581	0.00711	0.01018	0.01303	0.01683	0.03825	0.37755	0.16360	0.01765	0.00796	0.00254	0.00428	0.28237	0.00566	0.00526
17	0.01270	0.11021	0.67833	0.01672	0.02537	0.01525	0.02136	0.01928	0.01287	0.01887	0.01073	0.01260	0.00776	0.00576	0.00562	0.00187	0.00879	0.00439	0.00259	0.00892
18	0.01156	0.01088	0.01836	0.77016	0.04216	0.01360	0.01700	0.01564	0.01224	0.01564	0.01088	0.01632	0.00816	0.00612	0.00612	0.00204	0.00816	0.00544	0.00272	0.00680
19	0.00746	0.00533	0.00710	0.00852	0.00888	0.00497	0.00568	0.00852	0.01172	0.01563	0.03374	0.78088	0.04049	0.01918	0.00781	0.00249	0.00355	0.01740	0.00568	0.00497
20	0.01228	0.03166	0.75316	0.01745	0.02649	0.01422	0.02262	0.01939	0.01292	0.01939	0.01099	0.01292	0.00775	0.00582	0.00582	0.00194	0.00905	0.00452	0.00258	0.00905
21	0.19948	0.01384	0.01611	0.06993	0.09392	0.01489	0.01112	0.29941	0.01964	0.18143	0.01470	0.01510	0.01033	0.00674	0.00561	0.00187	0.00614	0.00515	0.00534	0.00924
22	0.01473	0.01411	0.02408	0.12405	0.66352	0.01443	0.01858	0.01841	0.01374	0.01948	0.01144	0.01529	0.00951	0.00553	0.00607	0.00184	0.00738	0.00545	0.00299	0.00935
23	0.00752	0.00546	0.00710	0.00827	0.00884	0.00504	0.00560	0.00874	0.01228	0.01629	0.08242	0.67143	0.10157	0.01843	0.00773	0.00241	0.00347	0.01661	0.00575	0.00504
24	0.01389	0.32964	0.46928	0.01470	0.02225	0.01815	0.01784	0.01897	0.01273	0.01742	0.01001	0.01170	0.00779	0.00559	0.00507	0.00169	0.00806	0.00403	0.00260	0.00858
25	0.01462	0.02774	0.60662	0.01693	0.02519	0.01352	0.05793	0.02093	0.01368	0.12673	0.01299	0.01428	0.00892	0.00604	0.00594	0.00194	0.00855	0.00491	0.00334	0.00921
26	0.01010	0.00848	0.01215	0.01137	0.01206	0.01072	0.00898	0.01186	0.00962	0.01416	0.01422	0.02233	0.01379	0.09868	0.48395	0.00743	0.23486	0.00641	0.00314	0.00567
27	0.01327	0.01519	0.15299	0.01096	0.01705	0.00997	0.01043	0.05989	0.01373	0.02099	0.01113	0.01286	0.00890	0.00495	0.00487	0.00116	0.00552	0.00391	0.00358	0.61865
28	0.77858	0.01290	0.00951	0.00852	0.01227	0.05965	0.00695	0.01839	0.01084	0.02670	0.00858	0.01001	0.00671	0.00572	0.00389	0.00187	0.00512	0.00335	0.00375	0.00666
29	0.01445	0.01651	0.03612	0.02580	0.03199	0.01548	0.72446	0.01961	0.01445	0.01961	0.01238	0.01651	0.00929	0.00516	0.00722	0.00206	0.01032	0.00722	0.00310	0.00826

[dist]
# distance from previous block
# <min> <max>
0	1

[block]
# block no. 3 follows, 37 sequences, length 22
# corresponding to MSA columns:
# 238-259
name=unknown_D
#
# <colnr> <probs for GDERKNQSTAVLIFYWHMCP>
#	G	D	E	R	K	N	Q	S	T	A	V	L	I	F	Y	W	H	M	C	P
0	0.00744	0.00540	0.00702	0.00832	0.00882	0.00499	0.00559	0.00855	0.01192	0.01571	0.03625	0.71662	0.10312	0.01885	0.00776	0.00245	0.00351	0.01700	0.00568	0.00499
1	0.01522	0.01161	0.01290	0.01181	0.01490	0.01291	0.00924	0.04919	0.50500	0.08913	0.02618	0.11351	0.02203	0.01019	0.00659	0.00216	0.00485	0.06745	0.00623	0.00889
2	0.01252	0.01244	0.01827	0.70597	0.04018	0.07713	0.01656	0.01639	0.01267	0.01558	0.01076	0.01587	0.00814	0.00614	0.00607	0.00200	0.00840	0.00531	0.00276	0.00683
3	0.02436	0.01332	0.01584	0.01209	0.01696	0.01318	0.00997	0.32515	0.02189	0.38249	0.01894	0.01750	0.01259	0.00721	0.00600	0.00178	0.00580	0.00566	0.00661	0.08268
4	0.01277	0.00702	0.00716	0.00667	0.00849	0.00723	0.00512	0.09614	0.01467	0.02463	0.01936	0.02189	0.01508	0.00716	0.00449	0.00147	0.00330	0.00568	0.72540	0.00625
5	0.00866	0.00626	0.00818	0.00770	0.00914	0.00578	0.00578	0.01155	0.01733	0.02455	0.74346	0.04572	0.05776	0.01251	0.00722	0.00193	0.00289	0.01107	0.00674	0.00578
6	0.01378	0.06879	0.65319	0.01653	0.02501	0.01429	0.02083	0.02022	0.01329	0.08137	0.01198	0.01344	0.00839	0.00594	0.00575	0.00190	0.00859	0.00460	0.00301	0.00910
7	0.00773	0.00552	0.00742	0.00884	0.00932	0.00521	0.00616	0.00900	0.01199	0.01594	0.03359	0.69903	0.03988	0.01892	0.00789	0.00252	0.00379	0.09652	0.00568	0.00505
8	0.02746	0.01042	0.01421	0.01089	0.01563	0.00900	0.00900	0.02983	0.01752	0.75093	0.02415	0.02083	0.01515	0.00758	0.00616	0.00189	0.00521	0.00616	0.00758	0.01042
9	0.01515	0.01454	0.02485	0.03757	0.74669	0.01454	0.01879	0.01879	0.01394	0.02000	0.01151	0.01515	0.00970	0.00545	0.00606	0.00182	0.00727	0.00545	0.00303	0.00970
10	0.10392	0.19795	0.01778	0.01044	0.01507	0.01302	0.00902	0.02525	0.01542	0.47965	0.01911	0.03956	0.01329	0.00717	0.00543	0.00177	0.00543	0.00551	0.00595	0.00926
11	0.01063	0.00532	0.00797	0.00797	0.00797	0.00532	0.00532	0.00797	0.00797	0.01063	0.01063	0.01861	0.01063	0.02127	0.02392	0.82190	0.00532	0.00532	0.00266	0.00266
12	0.01156	0.01088	0.01836	0.77016	0.04216	0.01360	0.01700	0.01564	0.01224	0.01564	0.01088	0.01632	0.00816	0.00612	0.00612	0.00204	0.00816	0.00544	0.00272	0.00680
13	0.01497	0.01286	0.01366	0.01240	0.01577	0.01484	0.00970	0.03160	0.70186	0.02527	0.02527	0.02500	0.01946	0.00871	0.00633	0.00211	0.00488	0.03962	0.00620	0.00950
14	0.01574	0.67273	0.14243	0.01154	0.01736	0.02269	0.01233	0.01849	0.01251	0.01516	0.00889	0.01029	0.00784	0.00533	0.00422	0.00141	0.00693	0.00346	0.00261	0.00804
15	0.01474	0.01412	0.02410	0.12181	0.66568	0.01444	0.01858	0.01842	0.01374	0.01950	0.01144	0.01528	0.00952	0.00553	0.00607	0.00184	0.00737	0.00545	0.00299	0.00936
16	0.00875	0.00653	0.00971	0.00971	0.01076	0.00758	0.00749	0.01085	0.00980	0.01411	0.01651	0.02470	0.01559	0.07598	0.73093	0.00968	0.01597	0.00665	0.00330	0.00539
17	0.00746	0.00533	0.00710	0.00852	0.00888	0.00497	0.00568	0.00852	0.01172	0.01563	0.03374	0.78088	0.04049	0.01918	0.00781	0.00249	0.00355	0.01740	0.00568	0.00497
18	0.01156	0.01088	0.01836	0.77016	0.04216	0.01360	0.01700	0.01564	0.01224	0.01564	0.01088	0.01632	0.00816	0.00612	0.00612	0.00204	0.00816	0.00544	0.00272	0.00680
19	0.01495	0.01204	0.01844	0.50517	0.11699	0.04164	0.01560	0.01850	0.01332	0.13005	0.01283	0.01655	0.00940	0.00649	0.00673	0.00200	0.04259	0.00549	0.00352	0.00770
20	0.00746	0.00533	0.00710	0.00852	0.00888	0.00497	0.00568	0.00852	0.01172	0.01563	0.03374	0.78088	0.04049	0.01918	0.00781	0.00249	0.00355	0.01740	0.00568	0.00497
21	0.01228	0.03166	0.75316	0.01745	0.02649	0.01422	0.02262	0.01939	0.01292	0.01939	0.01099	0.01292	0.00775	0.00582	0.00582	0.00194	0.00905	0.00452	0.00258	0.00905

[dist]
# distance from previous block
# <min> <max>
0	4

[block]
# block no. 4 follows, 37 sequences, length 45
# corresponding to MSA columns:
# 269-313
name=unknown_E
#
# <colnr> <probs for GDERKNQSTAVLIFYWHMCP>
#	G	D	E	R	K	N	Q	S	T	A	V	L	I	F	Y	W	H	M	C	P
0	0.02746	0.01042	0.01421	0.01089	0.01563	0.00900	0.00900	0.02983	0.01752	0.75093	0.02415	0.02083	0.01515	0.00758	0.00616	0.00189	0.00521	0.00616	0.00758	0.01042
1	0.01106	0.00849	0.00958	0.00879	0.01102	0.00843	0.00670	0.13875	0.06342	0.02334	0.25408	0.14701	0.25922	0.01321	0.00705	0.00204	0.00386	0.01129	0.00612	0.00655
2	0.00786	0.00564	0.00752	0.00874	0.00936	0.00531	0.00619	0.00932	0.01256	0.01677	0.09670	0.61069	0.05753	0.01822	0.00783	0.00247	0.00374	0.10265	0.00577	0.00513
3	0.00742	0.00584	0.00671	0.00727	0.00858	0.00513	0.00516	0.00886	0.01324	0.01668	0.09484	0.36118	0.40370	0.01685	0.00748	0.00223	0.00328	0.01468	0.00575	0.00513
4	0.00992	0.00654	0.00859	0.00791	0.00958	0.00599	0.00599	0.01278	0.01734	0.07319	0.69529	0.04406	0.05490	0.01218	0.00715	0.00192	0.00304	0.01074	0.00679	0.00609
5	0.02282	0.01293	0.01521	0.01206	0.01644	0.01328	0.00983	0.26537	0.14658	0.34085	0.06272	0.02054	0.01663	0.00791	0.00622	0.00191	0.00553	0.00636	0.00680	0.01002
6	0.01637	0.78856	0.03208	0.01047	0.01571	0.02422	0.01047	0.01833	0.01244	0.01440	0.00851	0.00982	0.00786	0.00524	0.00393	0.00131	0.00655	0.00327	0.00262	0.00786
7	0.07070	0.05349	0.09101	0.07915	0.16707	0.11940	0.01324	0.09797	0.02878	0.06491	0.03978	0.10004	0.01443	0.00795	0.00629	0.00190	0.02517	0.00649	0.00410	0.00813
8	0.01662	0.06264	0.04297	0.06297	0.42245	0.17416	0.01594	0.02120	0.08644	0.01894	0.01219	0.01472	0.00997	0.00595	0.00583	0.00178	0.00788	0.00512	0.00332	0.00888
9	0.01305	0.01318	0.02306	0.01887	0.07628	0.04897	0.34171	0.04302	0.01524	0.02042	0.18408	0.02710	0.06019	0.07619	0.00912	0.00232	0.00751	0.00820	0.00424	0.00725
10	0.02096	0.01587	0.01703	0.01361	0.01806	0.01769	0.01113	0.54365	0.18694	0.03490	0.01766	0.01857	0.01320	0.00792	0.00623	0.00193	0.00627	0.03218	0.00613	0.01007
11	0.00832	0.00599	0.00820	0.00871	0.00931	0.00634	0.00612	0.00965	0.01031	0.01422	0.02316	0.29586	0.02570	0.19199	0.34004	0.00641	0.00964	0.01090	0.00422	0.00492
12	0.01398	0.02107	0.32619	0.01677	0.08470	0.01474	0.01593	0.02578	0.36772	0.02249	0.01787	0.01799	0.01329	0.00701	0.00604	0.00200	0.00683	0.00578	0.00441	0.00942
13	0.00757	0.00563	0.00706	0.00795	0.00879	0.00512	0.00549	0.00897	0.01290	0.01697	0.13173	0.53883	0.18552	0.01757	0.00762	0.00233	0.00337	0.01567	0.00582	0.00512
14	0.01523	0.01315	0.01384	0.01246	0.01592	0.01523	0.00969	0.03253	0.73563	0.02561	0.02491	0.02284	0.01869	0.00830	0.00623	0.00208	0.00484	0.00692	0.00623	0.00969
15	0.82811	0.01184	0.00900	0.00805	0.01184	0.01373	0.00663	0.01799	0.01042	0.02746	0.00852	0.00994	0.00663	0.00568	0.00379	0.00189	0.00474	0.00331	0.00379	0.00663
16	0.02055	0.04339	0.01630	0.01464	0.01750	0.62500	0.01096	0.02259	0.04006	0.01540	0.01296	0.10694	0.01228	0.00795	0.00579	0.00170	0.00980	0.00569	0.00356	0.00694
17	0.82811	0.01184	0.00900	0.00805	0.01184	0.01373	0.00663	0.01799	0.01042	0.02746	0.00852	0.00994	0.00663	0.00568	0.00379	0.00189	0.00474	0.00331	0.00379	0.00663
18	0.01609	0.73787	0.08036	0.01094	0.01643	0.02355	0.01129	0.01840	0.01247	0.01474	0.00868	0.01003	0.00785	0.00528	0.00405	0.00135	0.00671	0.00336	0.00262	0.00794
19	0.00866	0.00626	0.00818	0.00770	0.00914	0.00578	0.00578	0.01155	0.01733	0.02455	0.74346	0.04572	0.05776	0.01251	0.00722	0.00193	0.00289	0.01107	0.00674	0.00578
20	0.00753	0.00541	0.00715	0.00842	0.00888	0.00503	0.00566	0.00872	0.01212	0.01620	0.07850	0.71793	0.05841	0.01868	0.00776	0.00244	0.00350	0.01690	0.00575	0.00503
21	0.01399	0.02659	0.54402	0.01797	0.02571	0.01420	0.12031	0.02007	0.01334	0.08354	0.01217	0.01416	0.00864	0.00616	0.00687	0.00200	0.05315	0.00510	0.00310	0.00892
22	0.01555	0.01213	0.01392	0.01040	0.01549	0.01063	0.00845	0.17970	0.01665	0.05168	0.01328	0.01613	0.01084	0.00588	0.00515	0.00125	0.00512	0.03739	0.00445	0.56590
23	0.01584	0.01542	0.01761	0.01646	0.08100	0.11511	0.01230	0.10627	0.07555	0.01987	0.04552	0.01589	0.01189	0.00948	0.02743	0.00231	0.34789	0.00552	0.00376	0.05488
24	0.11033	0.69865	0.02940	0.01019	0.01526	0.02301	0.01003	0.01829	0.01220	0.01591	0.00851	0.00983	0.00771	0.00529	0.00391	0.00138	0.00634	0.00328	0.00275	0.00771
25	0.78543	0.01198	0.00983	0.00960	0.05042	0.01377	0.00727	0.01804	0.01060	0.02707	0.00868	0.01022	0.00679	0.00567	0.00391	0.00189	0.00487	0.00343	0.00375	0.00679
26	0.00768	0.00622	0.00681	0.00667	0.00854	0.00536	0.00500	0.00964	0.01500	0.01902	0.27297	0.05483	0.53170	0.01458	0.00723	0.00202	0.00303	0.01235	0.00601	0.00536
27	0.00789	0.00630	0.00717	0.00758	0.00932	0.00558	0.00593	0.00973	0.01393	0.01721	0.08523	0.12867	0.49241	0.01601	0.00755	0.00226	0.00368	0.16253	0.00572	0.00528
28	0.54842	0.01201	0.01123	0.00936	0.01349	0.01308	0.00772	0.09166	0.01402	0.20869	0.01303	0.01313	0.00913	0.00632	0.00461	0.00189	0.00505	0.00424	0.00496	0.00795
29	0.00779	0.00622	0.00697	0.00678	0.00861	0.00540	0.00509	0.00986	0.01527	0.01965	0.32707	0.05378	0.47721	0.01434	0.00723	0.00201	0.00302	0.01220	0.00609	0.00540
30	0.82811	0.01184	0.00900	0.00805	0.01184	0.01373	0.00663	0.01799	0.01042	0.02746	0.00852	0.00994	0.00663	0.00568	0.00379	0.00189	0.00474	0.00331	0.00379	0.00663
31	0.02327	0.01715	0.01837	0.01408	0.01898	0.01898	0.01163	0.72628	0.02878	0.03858	0.01470	0.01470	0.01041	0.00735	0.00612	0.00184	0.00674	0.00551	0.00612	0.01041
32	0.82811	0.01184	0.00900	0.00805	0.01184	0.01373	0.00663	0.01799	0.01042	0.02746	0.00852	0.00994	0.00663	0.00568	0.00379	0.00189	0.00474	0.00331	0.00379	0.00663
33	0.64235	0.01300	0.01271	0.01047	0.01463	0.01463	0.07053	0.11858	0.01338	0.02835	0.00974	0.01120	0.00740	0.00587	0.00442	0.00190	0.00551	0.00397	0.00406	0.00731
34	0.01660	0.01213	0.01379	0.01148	0.01541	0.01255	0.00909	0.08607	0.33909	0.12925	0.02065	0.06309	0.01616	0.00796	0.00637	0.00180	0.03010	0.00649	0.00567	0.19626
35	0.00878	0.00640	0.00903	0.00903	0.00984	0.00721	0.00664	0.01041	0.00960	0.01361	0.01713	0.02814	0.01708	0.23465	0.57431	0.00884	0.01372	0.00716	0.00339	0.00502
36	0.02746	0.01042	0.01421	0.01089	0.01563	0.00900	0.00900	0.02983	0.01752	0.75093	0.02415	0.02083	0.01515	0.00758	0.00616	0.00189	0.00521	0.00616	0.00758	0.01042
37	0.00772	0.00574	0.00782	0.05943	0.01108	0.00556	0.00640	0.00901	0.01185	0.01567	0.03339	0.69938	0.06786	0.01815	0.00768	0.00244	0.00384	0.01641	0.00548	0.00510
38	0.02722	0.01081	0.01445	0.01108	0.01582	0.00957	0.00915	0.07015	0.01817	0.70969	0.02360	0.02048	0.01488	0.00756	0.00615	0.00189	0.00530	0.00612	0.00749	0.01042
39	0.02746	0.01042	0.01421	0.01089	0.01563	0.00900	0.00900	0.02983	0.01752	0.75093	0.02415	0.02083	0.01515	0.00758	0.00616	0.00189	0.00521	0.00616	0.00758	0.01042
40	0.02746	0.01042	0.01421	0.01089	0.01563	0.00900	0.00900	0.02983	0.01752	0.75093	0.02415	0.02083	0.01515	0.00758	0.00616	0.00189	0.00521	0.00616	0.00758	0.01042
41	0.01193	0.01126	0.01903	0.69467	0.11476	0.01370	0.01718	0.01596	0.01241	0.01609	0.01095	0.01620	0.00832	0.00605	0.00611	0.00202	0.00807	0.00544	0.00275	0.00710
42	0.02746	0.01042	0.01421	0.01089	0.01563	0.00900	0.00900	0.02983	0.01752	0.75093	0.02415	0.02083	0.01515	0.00758	0.00616	0.00189	0.00521	0.00616	0.00758	0.01042
43	0.00746	0.00533	0.00710	0.00852	0.00888	0.00497	0.00568	0.00852	0.01172	0.01563	0.03374	0.78088	0.04049	0.01918	0.00781	0.00249	0.00355	0.01740	0.00568	0.00497
44	0.01277	0.00922	0.01170	0.01105	0.04903	0.00879	0.04521	0.11721	0.01640	0.09302	0.04068	0.07050	0.36332	0.01255	0.00699	0.00209	0.00473	0.08963	0.02821	0.00690

[dist]
# distance from previous block
# <min> <max>
3	6

[block]
# block no. 5 follows, 37 sequences, length 37
# corresponding to MSA columns:
# 320-356
name=unknown_F
#
# <colnr> <probs for GDERKNQSTAVLIFYWHMCP>
#	G	D	E	R	K	N	Q	S	T	A	V	L	I	F	Y	W	H	M	C	P
0	0.00796	0.00568	0.00768	0.00909	0.00967	0.00540	0.00655	0.00939	0.01221	0.01618	0.03346	0.63324	0.03940	0.01871	0.00795	0.00255	0.00398	0.16012	0.00567	0.00511
1	0.06970	0.30481	0.11097	0.01270	0.01810	0.01988	0.01213	0.30636	0.04775	0.02608	0.01197	0.01270	0.00923	0.00631	0.00513	0.00167	0.00674	0.00448	0.00425	0.00903
2	0.02746	0.01042	0.01421	0.01089	0.01563	0.00900	0.00900	0.02983	0.01752	0.75093	0.02415	0.02083	0.01515	0.00758	0.00616	0.00189	0.00521	0.00616	0.00758	0.01042
3	0.01190	0.02850	0.65618	0.04559	0.02561	0.01342	0.02100	0.01840	0.01288	0.01900	0.01303	0.05700	0.01059	0.00698	0.00604	0.00201	0.00858	0.03184	0.00287	0.00861
4	0.01468	0.22693	0.34121	0.01524	0.02189	0.01694	0.08011	0.02179	0.13576	0.04932	0.01336	0.01443	0.01008	0.00610	0.00553	0.00180	0.00763	0.00491	0.00346	0.00882
5	0.00786	0.00623	0.00706	0.00685	0.00865	0.00543	0.00514	0.00999	0.01542	0.02002	0.35875	0.05317	0.44529	0.01420	0.00723	0.00201	0.00301	0.01211	0.00614	0.00543
6	0.09342	0.01028	0.01330	0.01037	0.01484	0.00921	0.00854	0.02799	0.01667	0.65053	0.02262	0.02003	0.01447	0.00739	0.00585	0.00187	0.00504	0.00589	0.05184	0.00984
7	0.01254	0.01193	0.01978	0.54665	0.13350	0.01415	0.05139	0.01751	0.06763	0.01715	0.01200	0.01655	0.00922	0.00633	0.00674	0.00204	0.03874	0.00564	0.00305	0.00748
8	0.04628	0.01323	0.02208	0.27755	0.48556	0.01420	0.01771	0.01772	0.01324	0.01886	0.01119	0.01533	0.00907	0.00568	0.00599	0.00189	0.00746	0.00536	0.00296	0.00862
9	0.02560	0.01340	0.01605	0.01231	0.01711	0.01342	0.01017	0.33865	0.02251	0.43506	0.01996	0.01811	0.01305	0.00748	0.00614	0.00187	0.00589	0.00587	0.00693	0.01041
10	0.00986	0.00705	0.00986	0.01127	0.01268	0.00705	0.00986	0.01268	0.01409	0.01832	0.03241	0.06905	0.03523	0.01691	0.00845	0.00282	0.00564	0.70549	0.00564	0.00564
11	0.01648	0.13484	0.19126	0.02128	0.19895	0.03567	0.12448	0.04883	0.01481	0.11246	0.03479	0.01556	0.01103	0.00604	0.00590	0.00181	0.00772	0.00540	0.00369	0.00898
12	0.00764	0.00622	0.00677	0.00663	0.00852	0.00534	0.00497	0.00957	0.01491	0.01882	0.25636	0.05515	0.54843	0.01465	0.00723	0.00203	0.00304	0.01239	0.00598	0.00534
13	0.02746	0.01042	0.01421	0.01089	0.01563	0.00900	0.00900	0.02983	0.01752	0.75093	0.02415	0.02083	0.01515	0.00758	0.00616	0.00189	0.00521	0.00616	0.00758	0.01042
14	0.02507	0.01334	0.01590	0.01229	0.01703	0.01345	0.01012	0.31709	0.06126	0.41776	0.02029	0.01841	0.01339	0.00752	0.00615	0.00188	0.00582	0.00593	0.00690	0.01037
15	0.01511	0.55678	0.25289	0.01261	0.01901	0.02116	0.01419	0.01865	0.01259	0.01593	0.00927	0.01077	0.00782	0.00541	0.00451	0.00150	0.00731	0.00366	0.00261	0.00822
16	0.00817	0.00635	0.00760	0.00831	0.00987	0.00578	0.00660	0.01007	0.01363	0.01700	0.04728	0.18063	0.38700	0.01658	0.00775	0.00239	0.00404	0.24999	0.00567	0.00530
17	0.01141	0.00571	0.00571	0.00571	0.00713	0.00571	0.00428	0.01426	0.01284	0.02282	0.01997	0.02282	0.01569	0.00713	0.00428	0.00143	0.00285	0.00571	0.81886	0.00571
18	0.00852	0.00625	0.00799	0.00755	0.00906	0.00572	0.00566	0.01128	0.01699	0.02376	0.67618	0.04703	0.12554	0.01281	0.00722	0.00194	0.00291	0.01125	0.00663	0.00572
19	0.00875	0.00653	0.00969	0.00969	0.01073	0.00757	0.00747	0.01084	0.00979	0.01410	0.01653	0.02479	0.01562	0.08000	0.72696	0.00966	0.01591	0.00667	0.00330	0.00538
20	0.01523	0.01315	0.01384	0.01246	0.01592	0.01523	0.00969	0.03253	0.73563	0.02561	0.02491	0.02284	0.01869	0.00830	0.00623	0.00208	0.00484	0.00692	0.00623	0.00969
21	0.02287	0.02917	0.01735	0.01577	0.01892	0.76030	0.01183	0.02444	0.01735	0.01498	0.00946	0.01104	0.00788	0.00631	0.00552	0.00158	0.01104	0.00394	0.00315	0.00710
22	0.10849	0.01803	0.09082	0.01975	0.18619	0.11576	0.01413	0.14129	0.04316	0.02241	0.01117	0.01364	0.00903	0.00719	0.00872	0.00200	0.17118	0.00496	0.00367	0.00842
23	0.02097	0.02704	0.06309	0.01534	0.01857	0.62503	0.01219	0.02295	0.01632	0.01567	0.01004	0.01195	0.00832	0.00660	0.00639	0.00166	0.05867	0.00417	0.04791	0.00712
24	0.00880	0.00613	0.00765	0.00749	0.00812	0.00615	0.00498	0.01006	0.01172	0.01626	0.24878	0.03937	0.03245	0.42469	0.13701	0.00527	0.00659	0.00923	0.00460	0.00464
25	0.00965	0.00764	0.00962	0.07615	0.01296	0.00776	0.00721	0.01452	0.12289	0.02242	0.44742	0.07764	0.13641	0.01204	0.00701	0.00200	0.00371	0.01051	0.00611	0.00633
26	0.01052	0.00790	0.01016	0.01020	0.03885	0.00787	0.00765	0.07226	0.04596	0.02353	0.42874	0.04453	0.08165	0.01439	0.04865	0.00251	0.00467	0.12747	0.00609	0.00639
27	0.01217	0.02927	0.67012	0.01699	0.02507	0.01418	0.02130	0.01867	0.01255	0.01884	0.01107	0.01350	0.00814	0.00810	0.04390	0.00237	0.05774	0.00468	0.00262	0.00872
28	0.01151	0.01159	0.10739	0.01070	0.01373	0.00946	0.00964	0.09498	0.08913	0.02372	0.30884	0.06256	0.08194	0.01177	0.00704	0.00211	0.00482	0.12625	0.00579	0.00703
29	0.00768	0.00564	0.00724	0.00827	0.00903	0.00520	0.00578	0.00910	0.01274	0.01683	0.11146	0.56479	0.13992	0.01785	0.00771	0.00239	0.00353	0.05393	0.00579	0.00512
30	0.06402	0.39824	0.30660	0.01314	0.01969	0.04434	0.01484	0.01882	0.01268	0.01732	0.00958	0.01116	0.00778	0.00550	0.00472	0.00158	0.00748	0.00379	0.00273	0.03599
31	0.06381	0.14291	0.26036	0.01466	0.08613	0.03205	0.01376	0.01879	0.04208	0.07579	0.03969	0.06530	0.04111	0.00745	0.00555	0.00181	0.00654	0.00598	0.06816	0.00808
32	0.11762	0.12595	0.19652	0.01382	0.04012	0.08090	0.05168	0.09611	0.01512	0.04122	0.04483	0.05971	0.07617	0.00776	0.00569	0.00184	0.00694	0.00616	0.00396	0.00788
33	0.10085	0.09130	0.14921	0.01729	0.16798	0.01393	0.01335	0.08872	0.02996	0.11442	0.02718	0.01612	0.01125	0.00633	0.00548	0.00173	0.00642	0.02217	0.00414	0.11215
34	0.07827	0.16736	0.21162	0.01359	0.06154	0.01451	0.01290	0.04573	0.03318	0.03362	0.03792	0.01562	0.03960	0.00635	0.00569	0.00162	0.03410	0.00478	0.00353	0.17848
35	0.01711	0.17687	0.21425	0.01803	0.13659	0.08667	0.04124	0.06781	0.05069	0.09974	0.02687	0.01470	0.01063	0.00621	0.00560	0.00176	0.00759	0.00495	0.00377	0.00890
36	0.10519	0.03609	0.20213	0.01720	0.14720	0.01364	0.01403	0.10439	0.08003	0.11985	0.05349	0.03076	0.01353	0.00692	0.00579	0.00187	0.00650	0.00563	0.00450	0.03126

[dist]
# distance from previous block
# <min> <max>
0	27

# created by:
# /home/berkeley/.conda/envs/busco_data_prod/bin/msa2prfl.pl pipeline/OGs_align_augustus/33634/161211.fs
