[name]
unknown

[dist]
# distance from previous block
# <min> <max>
1	169

[block]
# block no. 0 follows, 43 sequences, length 52
# corresponding to MSA columns:
# 249-300
name=unknown_A
#
# <colnr> <probs for GDERKNQSTAVLIFYWHMCP>
#	G	D	E	R	K	N	Q	S	T	A	V	L	I	F	Y	W	H	M	C	P
0	0.16650	0.24178	0.05687	0.07372	0.04059	0.12622	0.01034	0.08737	0.01322	0.05571	0.03137	0.01185	0.00884	0.00579	0.00520	0.00157	0.04874	0.00396	0.00328	0.00706
1	0.01478	0.09745	0.39314	0.01493	0.06079	0.02891	0.01553	0.23802	0.01607	0.02230	0.01073	0.01198	0.00789	0.00557	0.00515	0.00162	0.00713	0.00426	0.00337	0.04037
2	0.01459	0.09752	0.22482	0.05133	0.01841	0.01421	0.01251	0.14833	0.24339	0.06267	0.04602	0.01619	0.01271	0.00649	0.00533	0.00172	0.00597	0.00516	0.00431	0.00831
3	0.01261	0.10396	0.09444	0.05048	0.05579	0.01042	0.03216	0.07725	0.01316	0.09132	0.03539	0.21406	0.03134	0.00891	0.00557	0.00170	0.00513	0.02369	0.02500	0.10764
4	0.01300	0.20195	0.39430	0.05065	0.08469	0.01548	0.03500	0.07262	0.01261	0.01752	0.00962	0.01159	0.00743	0.00544	0.00560	0.00165	0.04624	0.00411	0.00264	0.00787
5	0.01424	0.07857	0.37347	0.10237	0.02238	0.01301	0.05776	0.05033	0.01290	0.14856	0.02408	0.01383	0.00915	0.00589	0.00602	0.00175	0.04971	0.00467	0.00337	0.00794
6	0.04281	0.01008	0.01664	0.66240	0.11201	0.01220	0.01490	0.01434	0.01107	0.01485	0.00982	0.01449	0.00753	0.00583	0.00588	0.02435	0.00711	0.00485	0.00253	0.00632
7	0.01543	0.01298	0.09646	0.22687	0.14163	0.04798	0.01279	0.06055	0.02663	0.20364	0.03408	0.05798	0.01231	0.01915	0.00595	0.00182	0.00631	0.00571	0.00407	0.00768
8	0.01355	0.01943	0.39646	0.05207	0.09076	0.01132	0.07850	0.01816	0.01264	0.15299	0.03330	0.07097	0.01181	0.00650	0.00562	0.00179	0.00698	0.00567	0.00353	0.00797
9	0.01119	0.01058	0.01792	0.62258	0.20194	0.01250	0.01574	0.01479	0.01142	0.01503	0.00997	0.01453	0.00769	0.00540	0.00552	0.00180	0.00720	0.00492	0.00252	0.00674
10	0.01257	0.01202	0.02027	0.27938	0.49179	0.01309	0.01621	0.01587	0.01189	0.01655	0.01006	0.01397	0.00824	0.00539	0.00619	0.00175	0.04943	0.00493	0.00263	0.00777
11	0.01666	0.01385	0.11561	0.07703	0.21000	0.01169	0.09252	0.09277	0.01471	0.23615	0.03119	0.03791	0.01162	0.00620	0.00567	0.00174	0.00638	0.00560	0.00427	0.00841
12	0.01387	0.08798	0.06059	0.27978	0.18491	0.01370	0.08671	0.10283	0.01368	0.06402	0.01160	0.03533	0.00915	0.00577	0.00547	0.00172	0.00688	0.00520	0.00324	0.00757
13	0.01360	0.05695	0.10159	0.13894	0.46005	0.01311	0.01575	0.04024	0.01275	0.05498	0.01136	0.03584	0.00934	0.00555	0.00541	0.00168	0.00663	0.00507	0.00300	0.00817
14	0.01265	0.01221	0.02115	0.27181	0.50289	0.01293	0.05363	0.01614	0.01215	0.01684	0.01028	0.01410	0.00832	0.00511	0.00555	0.00172	0.00697	0.00501	0.00266	0.00788
15	0.02194	0.01249	0.01482	0.01260	0.05622	0.08531	0.03299	0.16723	0.01742	0.45346	0.01830	0.01866	0.01269	0.00695	0.00564	0.00172	0.00576	0.04122	0.00577	0.00882
16	0.01985	0.05351	0.13994	0.01123	0.01619	0.03185	0.01052	0.12676	0.03967	0.39287	0.01653	0.01553	0.01109	0.00619	0.00527	0.00160	0.00562	0.00487	0.00523	0.08569
17	0.08035	0.01233	0.02048	0.19089	0.46358	0.01317	0.06586	0.01620	0.01184	0.01753	0.00997	0.01355	0.00815	0.00531	0.00606	0.00175	0.04761	0.00488	0.00273	0.00776
18	0.00835	0.00633	0.00751	0.00786	0.00948	0.00600	0.00623	0.01127	0.07338	0.03414	0.07738	0.15119	0.34074	0.01401	0.00684	0.00211	0.00369	0.22299	0.00526	0.00525
19	0.01428	0.00810	0.01073	0.00956	0.01180	0.00807	0.02197	0.03912	0.09308	0.25910	0.11501	0.26373	0.02532	0.01216	0.03674	0.00222	0.04716	0.00932	0.00559	0.00692
20	0.06302	0.01246	0.08558	0.03735	0.14093	0.01053	0.02657	0.07661	0.01515	0.44909	0.01694	0.01623	0.01127	0.00620	0.00543	0.00171	0.00559	0.00515	0.00527	0.00889
21	0.02949	0.01370	0.07181	0.13579	0.13492	0.01356	0.09716	0.17701	0.09946	0.09254	0.03097	0.01553	0.01081	0.00625	0.00625	0.00179	0.04543	0.00536	0.00407	0.00812
22	0.00787	0.00547	0.00677	0.00725	0.00773	0.00533	0.00498	0.00883	0.01032	0.01375	0.09301	0.20747	0.05172	0.39069	0.01715	0.00373	0.00452	0.14490	0.00437	0.00414
23	0.84448	0.01071	0.00814	0.00728	0.01071	0.01242	0.00600	0.01628	0.00943	0.02485	0.00771	0.00900	0.00600	0.00514	0.00343	0.00171	0.00428	0.00300	0.00343	0.00600
24	0.00791	0.00593	0.00890	0.00890	0.00989	0.00692	0.00692	0.00989	0.00890	0.01286	0.01483	0.02176	0.01385	0.04154	0.78341	0.00890	0.01483	0.00593	0.00297	0.00494
25	0.01733	0.01366	0.01452	0.01199	0.01575	0.01543	0.00963	0.38214	0.40231	0.02889	0.01803	0.01707	0.01325	0.00709	0.00559	0.00177	0.00522	0.00564	0.00559	0.00908
26	0.01972	0.21704	0.01845	0.01206	0.01577	0.39457	0.00983	0.06269	0.01509	0.14702	0.01096	0.01148	0.00843	0.00568	0.00474	0.00141	0.00768	0.00384	0.00359	0.02995
27	0.01312	0.44000	0.35794	0.01270	0.01898	0.01768	0.03825	0.01704	0.01151	0.01517	0.00880	0.01031	0.00711	0.00497	0.00440	0.00146	0.00703	0.00357	0.00237	0.00759
28	0.01433	0.25916	0.07472	0.01234	0.01669	0.03264	0.11245	0.10614	0.17030	0.03698	0.03829	0.01765	0.07195	0.00658	0.00516	0.00161	0.00597	0.00544	0.00393	0.00764
29	0.02069	0.02640	0.01569	0.01427	0.01712	0.78313	0.01070	0.02212	0.01569	0.01355	0.00856	0.00999	0.00713	0.00571	0.00499	0.00143	0.00999	0.00357	0.00285	0.00642
30	0.01148	0.00984	0.01148	0.00820	0.01312	0.00738	0.00656	0.01395	0.01148	0.01805	0.00984	0.01148	0.00820	0.00410	0.00410	0.00082	0.00410	0.00328	0.00328	0.83922
31	0.00805	0.00537	0.00604	0.00604	0.00604	0.00537	0.00336	0.00805	0.00805	0.01074	0.01745	0.03624	0.02013	0.80536	0.02819	0.00537	0.00537	0.00805	0.00336	0.00336
32	0.53571	0.01616	0.01099	0.02992	0.01365	0.28121	0.00788	0.01826	0.01165	0.02063	0.00806	0.00949	0.00643	0.00535	0.00403	0.00162	0.00635	0.00325	0.00320	0.00615
33	0.01481	0.80869	0.02902	0.00948	0.01421	0.02191	0.00948	0.01658	0.01125	0.01303	0.00770	0.00888	0.00711	0.00474	0.00355	0.00118	0.00592	0.00296	0.00237	0.00711
34	0.01833	0.01204	0.01411	0.05281	0.01634	0.01191	0.00904	0.30351	0.05325	0.19959	0.01455	0.01450	0.01031	0.00596	0.00515	0.00146	0.00520	0.00470	0.00505	0.24218
35	0.01928	0.09574	0.01820	0.01494	0.05037	0.52044	0.04674	0.11674	0.01618	0.01670	0.00928	0.01078	0.00757	0.00577	0.00539	0.00149	0.03029	0.00394	0.00314	0.00702
36	0.00674	0.00487	0.00638	0.00758	0.00800	0.00451	0.00508	0.00773	0.01073	0.01419	0.03211	0.75543	0.08193	0.01715	0.00704	0.00223	0.00319	0.01549	0.00514	0.00451
37	0.09274	0.01383	0.03819	0.01197	0.01501	0.06716	0.00986	0.18893	0.25435	0.06609	0.01525	0.03787	0.01192	0.00752	0.00756	0.00187	0.14193	0.00540	0.00461	0.00793
38	0.01342	0.05668	0.38776	0.06601	0.02434	0.01320	0.20848	0.03215	0.01264	0.09817	0.01144	0.01341	0.00817	0.00539	0.00586	0.00177	0.02524	0.00492	0.00301	0.00793
39	0.03732	0.01177	0.01619	0.01615	0.18488	0.01124	0.07006	0.06915	0.14997	0.05750	0.01317	0.01436	0.01023	0.00530	0.00504	0.00141	0.00531	0.00468	0.00389	0.31239
40	0.00805	0.00537	0.00604	0.00604	0.00604	0.00537	0.00336	0.00805	0.00805	0.01074	0.01745	0.03624	0.02013	0.80536	0.02819	0.00537	0.00537	0.00805	0.00336	0.00336
41	0.01055	0.00820	0.00958	0.00864	0.01071	0.00859	0.00665	0.07309	0.22922	0.02346	0.49689	0.03329	0.03886	0.00987	0.00620	0.00177	0.00339	0.00856	0.00592	0.00656
42	0.00962	0.00481	0.00722	0.00722	0.00722	0.00481	0.00481	0.00722	0.00722	0.00962	0.00962	0.01684	0.00962	0.01924	0.02165	0.83886	0.00481	0.00481	0.00241	0.00241
43	0.28626	0.01216	0.01548	0.08198	0.24660	0.02907	0.01163	0.03901	0.04634	0.01976	0.00952	0.01219	0.00784	0.00613	0.00717	0.00184	0.15247	0.00432	0.00311	0.00711
44	0.01371	0.01316	0.02248	0.03399	0.77081	0.01316	0.01700	0.01700	0.01261	0.01809	0.01042	0.01371	0.00877	0.00493	0.00548	0.00164	0.00658	0.00493	0.00274	0.00877
45	0.01433	0.01449	0.02138	0.07368	0.64409	0.10116	0.01619	0.01742	0.01288	0.01736	0.01017	0.01334	0.00851	0.00506	0.00543	0.00163	0.00701	0.00478	0.00274	0.00836
46	0.03262	0.06838	0.11874	0.03390	0.18478	0.02680	0.02661	0.01472	0.01159	0.07027	0.05304	0.09610	0.01496	0.01601	0.20311	0.00355	0.00826	0.00628	0.00344	0.00683
47	0.04770	0.13515	0.42770	0.01573	0.07653	0.03272	0.05988	0.01833	0.03078	0.07240	0.01073	0.01224	0.00794	0.00540	0.00534	0.00168	0.02466	0.00426	0.00287	0.00796
48	0.06084	0.14878	0.04900	0.10600	0.19953	0.01320	0.06720	0.01807	0.07044	0.10583	0.07918	0.01735	0.01360	0.00618	0.00527	0.00167	0.00593	0.02063	0.00372	0.00759
49	0.05758	0.07624	0.11195	0.01569	0.14899	0.04964	0.04593	0.07865	0.10625	0.15658	0.06611	0.01633	0.01312	0.00622	0.00531	0.00166	0.00593	0.00518	0.00427	0.02837
50	0.24404	0.01154	0.03247	0.05156	0.16859	0.01161	0.02238	0.07524	0.08126	0.06912	0.01468	0.03930	0.05023	0.00629	0.00490	0.00164	0.00513	0.00507	0.00392	0.10102
51	0.10640	0.07221	0.04914	0.10092	0.08768	0.01298	0.03708	0.12135	0.13767	0.13513	0.03639	0.03673	0.01227	0.00647	0.00524	0.00171	0.00557	0.00532	0.00440	0.02535

[dist]
# distance from previous block
# <min> <max>
2	40

[block]
# block no. 1 follows, 43 sequences, length 90
# corresponding to MSA columns:
# 342-431
name=unknown_B
#
# <colnr> <probs for GDERKNQSTAVLIFYWHMCP>
#	G	D	E	R	K	N	Q	S	T	A	V	L	I	F	Y	W	H	M	C	P
0	0.01247	0.05469	0.08449	0.12160	0.10290	0.04877	0.01112	0.14434	0.01415	0.01876	0.01738	0.21754	0.03021	0.00928	0.00606	0.00184	0.02003	0.04347	0.00393	0.03698
1	0.05032	0.07197	0.11645	0.15115	0.28899	0.03571	0.03104	0.04438	0.05603	0.06102	0.01193	0.03599	0.00958	0.00576	0.00530	0.00170	0.00659	0.00501	0.00322	0.00786
2	0.03277	0.25379	0.07357	0.13064	0.18243	0.01519	0.04211	0.07703	0.01315	0.04607	0.03303	0.01438	0.03387	0.00565	0.00493	0.00155	0.00627	0.00465	0.00315	0.02576
3	0.01515	0.06073	0.01777	0.01617	0.13800	0.06676	0.11397	0.10399	0.01473	0.12749	0.04788	0.04140	0.05851	0.00807	0.00663	0.00183	0.05056	0.09870	0.00427	0.00739
4	0.01301	0.01417	0.05221	0.17509	0.04373	0.03598	0.39898	0.07202	0.01336	0.01787	0.01214	0.01549	0.03268	0.00562	0.00674	0.00183	0.05252	0.00588	0.00299	0.02770
5	0.03895	0.09541	0.24431	0.04794	0.05464	0.01147	0.03591	0.04158	0.04785	0.09447	0.01675	0.16563	0.02820	0.00812	0.00553	0.00178	0.00593	0.02020	0.00381	0.03154
6	0.01465	0.15948	0.16797	0.12082	0.11684	0.03365	0.05278	0.06014	0.01278	0.10495	0.01090	0.01296	0.00833	0.00590	0.00656	0.00171	0.09417	0.00453	0.00317	0.00769
7	0.01021	0.00921	0.01242	0.28793	0.06674	0.04757	0.01029	0.01436	0.10680	0.01613	0.08067	0.22090	0.03896	0.01107	0.04022	0.00222	0.00583	0.00844	0.00398	0.00607
8	0.00773	0.00559	0.00676	0.00673	0.00799	0.00506	0.00488	0.00948	0.01323	0.03476	0.34587	0.15819	0.25312	0.09034	0.00873	0.00222	0.00313	0.02592	0.00541	0.00487
9	0.04289	0.21710	0.22229	0.11778	0.04388	0.05813	0.01309	0.08787	0.01334	0.07064	0.01085	0.01245	0.00823	0.00549	0.00477	0.00156	0.00666	0.00413	0.05133	0.00751
10	0.01128	0.06479	0.74203	0.01549	0.02352	0.01328	0.01995	0.01749	0.01167	0.01733	0.00984	0.01156	0.00702	0.00524	0.00518	0.00173	0.00808	0.00404	0.00234	0.00814
11	0.00655	0.00561	0.00561	0.00561	0.00748	0.00468	0.00421	0.00795	0.01262	0.01496	0.05610	0.05330	0.76857	0.01403	0.00655	0.00187	0.00281	0.01169	0.00514	0.00468
12	0.01064	0.03871	0.40419	0.20756	0.02513	0.01180	0.05329	0.01549	0.01185	0.01664	0.05108	0.04615	0.01253	0.00683	0.00567	0.00185	0.00728	0.06332	0.00291	0.00709
13	0.01402	0.01322	0.02201	0.05323	0.66088	0.01341	0.03957	0.05988	0.03519	0.01909	0.01095	0.01396	0.00900	0.00512	0.00553	0.00167	0.00660	0.00503	0.00298	0.00869
14	0.01321	0.00686	0.00908	0.00785	0.01012	0.00614	0.00612	0.01564	0.01564	0.26131	0.50984	0.03456	0.06089	0.00998	0.00623	0.00174	0.00329	0.00865	0.00631	0.00655
15	0.01046	0.00984	0.01661	0.79205	0.03814	0.01230	0.01538	0.01415	0.01107	0.01415	0.00984	0.01477	0.00738	0.00554	0.00554	0.00185	0.00738	0.00492	0.00246	0.00615
16	0.01404	0.01350	0.05186	0.16038	0.34043	0.01311	0.19419	0.05993	0.01341	0.06805	0.01141	0.01443	0.00873	0.00521	0.00575	0.00174	0.00730	0.00533	0.00312	0.00806
17	0.01046	0.00984	0.01661	0.79205	0.03814	0.01230	0.01538	0.01415	0.01107	0.01415	0.00984	0.01477	0.00738	0.00554	0.00554	0.00185	0.00738	0.00492	0.00246	0.00615
18	0.01046	0.00984	0.01661	0.79205	0.03814	0.01230	0.01538	0.01415	0.01107	0.01415	0.00984	0.01477	0.00738	0.00554	0.00554	0.00185	0.00738	0.00492	0.00246	0.00615
19	0.01349	0.26753	0.23773	0.01533	0.11403	0.01500	0.07276	0.03536	0.03063	0.06106	0.01439	0.01552	0.07247	0.00593	0.00500	0.00158	0.00656	0.00484	0.00310	0.00768
20	0.01398	0.24196	0.42186	0.01382	0.02038	0.01487	0.06698	0.01846	0.01218	0.11055	0.01089	0.01203	0.00797	0.00527	0.00491	0.00160	0.00721	0.00413	0.00294	0.00799
21	0.01145	0.00991	0.01624	0.70915	0.03559	0.01212	0.01466	0.03833	0.01174	0.05231	0.01067	0.01509	0.00792	0.00653	0.02474	0.00201	0.00739	0.00498	0.00279	0.00639
22	0.01233	0.11793	0.64581	0.01471	0.02227	0.01364	0.01848	0.01798	0.01188	0.06085	0.01037	0.01178	0.00741	0.00529	0.00508	0.00169	0.00772	0.00405	0.00260	0.00813
23	0.01779	0.09378	0.12712	0.04446	0.04041	0.02740	0.02221	0.02105	0.03990	0.37092	0.04185	0.08225	0.01502	0.00745	0.00552	0.00173	0.00552	0.02251	0.00502	0.00809
24	0.01220	0.02498	0.60049	0.01633	0.02356	0.01294	0.11149	0.01790	0.01195	0.06119	0.01065	0.01254	0.00759	0.00550	0.00609	0.00180	0.04757	0.00452	0.00266	0.00806
25	0.00992	0.00876	0.01422	0.28616	0.14931	0.00954	0.04808	0.01244	0.01097	0.01461	0.01695	0.13103	0.04004	0.12753	0.04919	0.00279	0.00656	0.05274	0.00331	0.00585
26	0.01355	0.14383	0.44172	0.01340	0.01965	0.01304	0.03853	0.03870	0.01271	0.12107	0.03704	0.05909	0.01124	0.00632	0.00523	0.00169	0.00687	0.00509	0.00335	0.00789
27	0.01111	0.02865	0.77667	0.01579	0.02397	0.01286	0.02046	0.01754	0.01169	0.01754	0.00994	0.01169	0.00702	0.00526	0.00526	0.00175	0.00818	0.00409	0.00234	0.00818
28	0.00964	0.00662	0.00935	0.04536	0.02866	0.00663	0.00865	0.01193	0.01235	0.05481	0.02713	0.13262	0.02919	0.05767	0.00846	0.00258	0.00503	0.53309	0.00493	0.00529
29	0.01275	0.17674	0.53618	0.01475	0.02170	0.08325	0.04697	0.01777	0.01202	0.01633	0.00944	0.01114	0.00710	0.00518	0.00496	0.00162	0.00796	0.00393	0.00241	0.00779
30	0.01046	0.00984	0.01661	0.79205	0.03814	0.01230	0.01538	0.01415	0.01107	0.01415	0.00984	0.01477	0.00738	0.00554	0.00554	0.00185	0.00738	0.00492	0.00246	0.00615
31	0.00672	0.00494	0.00631	0.00740	0.00795	0.00452	0.00500	0.00775	0.01090	0.01426	0.03431	0.69098	0.14495	0.01686	0.00699	0.00219	0.00315	0.01514	0.00514	0.00452
32	0.01182	0.01135	0.01960	0.46594	0.31854	0.01271	0.05002	0.01541	0.01176	0.01583	0.01013	0.01437	0.00796	0.00527	0.00556	0.00177	0.00717	0.00500	0.00258	0.00722
33	0.01927	0.15389	0.12408	0.01248	0.01725	0.13370	0.04398	0.16907	0.01639	0.23685	0.01349	0.01347	0.00952	0.00595	0.00513	0.00158	0.00671	0.00453	0.00439	0.00830
34	0.01111	0.02865	0.77667	0.01579	0.02397	0.01286	0.02046	0.01754	0.01169	0.01754	0.00994	0.01169	0.00702	0.00526	0.00526	0.00175	0.00818	0.00409	0.00234	0.00818
35	0.01111	0.02865	0.77667	0.01579	0.02397	0.01286	0.02046	0.01754	0.01169	0.01754	0.00994	0.01169	0.00702	0.00526	0.00526	0.00175	0.00818	0.00409	0.00234	0.00818
36	0.01528	0.01048	0.01274	0.07925	0.01584	0.01120	0.00944	0.31712	0.01802	0.09978	0.02048	0.15755	0.01947	0.01038	0.00629	0.00199	0.00535	0.17680	0.00523	0.00730
37	0.01055	0.00994	0.01678	0.77059	0.05889	0.01233	0.01543	0.01423	0.01112	0.01426	0.00986	0.01474	0.00742	0.00552	0.00554	0.00184	0.00736	0.00492	0.00247	0.00623
38	0.00731	0.00522	0.00707	0.00835	0.00892	0.00498	0.00611	0.00868	0.01115	0.01476	0.03022	0.61191	0.03541	0.01682	0.00722	0.00233	0.00370	0.20006	0.00513	0.00465
39	0.01153	0.01084	0.01830	0.48311	0.29661	0.01230	0.01562	0.01502	0.01171	0.01567	0.01105	0.01684	0.00913	0.00582	0.00563	0.00181	0.00698	0.04230	0.00270	0.00703
40	0.01285	0.39495	0.42558	0.01282	0.01939	0.01711	0.01530	0.01709	0.01149	0.01542	0.00889	0.01037	0.00706	0.00502	0.00446	0.00149	0.00712	0.00356	0.00235	0.00768
41	0.01807	0.00898	0.01291	0.01063	0.01388	0.00825	0.06808	0.07034	0.01500	0.42057	0.04915	0.18320	0.02046	0.00963	0.00615	0.00190	0.00483	0.06427	0.00592	0.00777
42	0.06296	0.02094	0.42052	0.01433	0.02065	0.01262	0.07527	0.12823	0.01441	0.13539	0.01280	0.03550	0.00928	0.00600	0.00540	0.00176	0.00707	0.00492	0.00368	0.00827
43	0.01506	0.01834	0.07612	0.01942	0.02401	0.19514	0.42766	0.05607	0.01387	0.01725	0.01027	0.01324	0.00797	0.00548	0.00702	0.00179	0.07570	0.00545	0.00289	0.00725
44	0.00848	0.00595	0.00856	0.00847	0.00940	0.00671	0.00638	0.01014	0.00899	0.03712	0.01549	0.02402	0.01487	0.16483	0.63528	0.00809	0.01297	0.00627	0.00316	0.00483
45	0.08116	0.40425	0.31875	0.01191	0.01787	0.01740	0.01353	0.04928	0.01193	0.01671	0.00882	0.01018	0.00708	0.00506	0.00430	0.00147	0.00668	0.00350	0.00258	0.00754
46	0.01424	0.68825	0.14447	0.01045	0.01572	0.02052	0.01117	0.01673	0.01132	0.01373	0.00805	0.00932	0.00709	0.00482	0.00382	0.00127	0.00627	0.00314	0.00236	0.00727
47	0.00962	0.00481	0.00722	0.00722	0.00722	0.00481	0.00481	0.00722	0.00722	0.00962	0.00962	0.01684	0.00962	0.01924	0.02165	0.83886	0.00481	0.00481	0.00241	0.00241
48	0.01487	0.01406	0.05197	0.06505	0.02640	0.01293	0.53803	0.01902	0.01328	0.14850	0.01283	0.01543	0.00919	0.00524	0.00655	0.00185	0.02745	0.00616	0.00346	0.00772
49	0.04948	0.01242	0.02337	0.25251	0.16666	0.01278	0.30942	0.01679	0.01234	0.05808	0.01144	0.02914	0.00887	0.00535	0.00586	0.00181	0.00766	0.00572	0.00298	0.00730
50	0.01362	0.01307	0.02231	0.05533	0.75019	0.01313	0.01695	0.01692	0.01257	0.01798	0.01040	0.01374	0.00873	0.00495	0.00548	0.00165	0.00660	0.00493	0.00273	0.00870
51	0.01111	0.02865	0.77667	0.01579	0.02397	0.01286	0.02046	0.01754	0.01169	0.01754	0.00994	0.01169	0.00702	0.00526	0.00526	0.00175	0.00818	0.00409	0.00234	0.00818
52	0.01111	0.02865	0.77667	0.01579	0.02397	0.01286	0.02046	0.01754	0.01169	0.01754	0.00994	0.01169	0.00702	0.00526	0.00526	0.00175	0.00818	0.00409	0.00234	0.00818
53	0.01301	0.11720	0.46353	0.01623	0.02312	0.01420	0.17100	0.05440	0.01281	0.04827	0.01058	0.01240	0.00770	0.00521	0.00535	0.00170	0.00791	0.00457	0.00278	0.00802
54	0.00805	0.00537	0.00604	0.00604	0.00604	0.00537	0.00336	0.00805	0.00805	0.01074	0.01745	0.03624	0.02013	0.80536	0.02819	0.00537	0.00537	0.00805	0.00336	0.00336
55	0.01193	0.01189	0.01658	0.01424	0.01430	0.01654	0.01185	0.01314	0.00862	0.01338	0.00894	0.01352	0.03326	0.00984	0.01778	0.00240	0.76817	0.00508	0.00252	0.00601
56	0.00816	0.00558	0.00780	0.08466	0.01134	0.00547	0.00632	0.00946	0.01095	0.05817	0.02800	0.67934	0.03244	0.01559	0.00683	0.00218	0.00371	0.01410	0.00498	0.00495
57	0.01551	0.04399	0.10722	0.01870	0.14144	0.02939	0.20775	0.14065	0.03132	0.10589	0.03146	0.03427	0.01090	0.00619	0.00643	0.00177	0.04955	0.00566	0.00382	0.00810
58	0.01292	0.01469	0.03204	0.02296	0.02844	0.01378	0.73262	0.01750	0.01301	0.01765	0.01167	0.03402	0.00909	0.00498	0.00655	0.00188	0.00919	0.00676	0.00286	0.00740
59	0.01819	0.01183	0.01910	0.01454	0.01894	0.01149	0.24565	0.02467	0.20956	0.33642	0.01863	0.01807	0.01285	0.00633	0.00590	0.00181	0.00610	0.00606	0.00524	0.00863
60	0.01320	0.01170	0.01949	0.35364	0.28542	0.01297	0.06348	0.05249	0.01260	0.06075	0.01085	0.01443	0.00839	0.00564	0.00630	0.00179	0.05133	0.00507	0.00298	0.00748
61	0.01009	0.00952	0.01739	0.01402	0.03842	0.00898	0.28442	0.01383	0.03824	0.02001	0.39776	0.05783	0.04744	0.00880	0.00649	0.00181	0.00533	0.00869	0.00470	0.00624
62	0.01046	0.00984	0.01661	0.79205	0.03814	0.01230	0.01538	0.01415	0.01107	0.01415	0.00984	0.01477	0.00738	0.00554	0.00554	0.00185	0.00738	0.00492	0.00246	0.00615
63	0.02018	0.01528	0.01732	0.01327	0.01770	0.01680	0.05328	0.66916	0.06662	0.03325	0.01370	0.01381	0.00978	0.00658	0.00560	0.00169	0.00619	0.00515	0.00539	0.00927
64	0.01642	0.01155	0.01887	0.05261	0.18415	0.01219	0.12491	0.01901	0.01264	0.25846	0.01418	0.04380	0.01090	0.00706	0.00861	0.00191	0.18499	0.00575	0.00407	0.00790
65	0.00668	0.00533	0.00599	0.00650	0.00778	0.00465	0.00467	0.00794	0.01187	0.01469	0.04589	0.33459	0.47695	0.01530	0.00677	0.00203	0.00301	0.02961	0.00514	0.00462
66	0.01046	0.00984	0.01661	0.79205	0.03814	0.01230	0.01538	0.01415	0.01107	0.01415	0.00984	0.01477	0.00738	0.00554	0.00554	0.00185	0.00738	0.00492	0.00246	0.00615
67	0.00665	0.00520	0.00603	0.00669	0.00777	0.00458	0.00469	0.00783	0.01158	0.01454	0.04292	0.43903	0.39135	0.01574	0.00682	0.00207	0.00302	0.01378	0.00514	0.00458
68	0.01106	0.00833	0.01308	0.26075	0.06790	0.00873	0.04925	0.01408	0.01368	0.09399	0.31845	0.02724	0.05083	0.00821	0.00598	0.00176	0.00496	0.00735	0.02810	0.00627
69	0.04477	0.02222	0.46382	0.01520	0.02186	0.04590	0.11264	0.01963	0.01281	0.17041	0.01237	0.01339	0.00852	0.00552	0.00541	0.00174	0.00757	0.00465	0.00337	0.00818
70	0.51613	0.01363	0.01146	0.12277	0.03165	0.15696	0.00873	0.01695	0.01086	0.02054	0.00821	0.01025	0.00652	0.00550	0.00472	0.00171	0.04062	0.00350	0.00312	0.00616
71	0.01046	0.00984	0.01661	0.79205	0.03814	0.01230	0.01538	0.01415	0.01107	0.01415	0.00984	0.01477	0.00738	0.00554	0.00554	0.00185	0.00738	0.00492	0.00246	0.00615
72	0.01209	0.06609	0.67881	0.01523	0.02294	0.01365	0.01912	0.07644	0.01282	0.01871	0.01010	0.01168	0.00721	0.00535	0.00520	0.00172	0.00791	0.00411	0.00260	0.00823
73	0.01299	0.01253	0.02168	0.19417	0.58294	0.01302	0.04891	0.01643	0.01231	0.01724	0.01033	0.01399	0.00846	0.00505	0.00554	0.00170	0.00687	0.00500	0.00268	0.00816
74	0.01148	0.00984	0.01148	0.00820	0.01312	0.00738	0.00656	0.01395	0.01148	0.01805	0.00984	0.01148	0.00820	0.00410	0.00410	0.00082	0.00410	0.00328	0.00328	0.83922
75	0.00722	0.00564	0.00655	0.00632	0.00790	0.00496	0.00474	0.00926	0.01423	0.01877	0.42984	0.04704	0.39246	0.01261	0.00654	0.00180	0.00270	0.01081	0.00564	0.00496
76	0.01481	0.80869	0.02902	0.00948	0.01421	0.02191	0.00948	0.01658	0.01125	0.01303	0.00770	0.00888	0.00711	0.00474	0.00355	0.00118	0.00592	0.00296	0.00237	0.00711
77	0.00800	0.00659	0.03220	0.07490	0.01143	0.00607	0.00669	0.01052	0.03804	0.01745	0.25664	0.36705	0.05758	0.01311	0.00653	0.00199	0.00360	0.03476	0.04166	0.00518
78	0.00682	0.00491	0.00647	0.00758	0.00803	0.00456	0.00512	0.00793	0.01106	0.01478	0.08744	0.71841	0.06281	0.01678	0.00701	0.00220	0.00315	0.01517	0.00521	0.00456
79	0.02485	0.00943	0.01285	0.00985	0.01414	0.00814	0.00814	0.02699	0.01585	0.77465	0.02185	0.01885	0.01371	0.00685	0.00557	0.00171	0.00471	0.00557	0.00685	0.00943
80	0.01356	0.01313	0.02278	0.06094	0.70708	0.01317	0.05370	0.01693	0.01258	0.01793	0.01044	0.01381	0.00870	0.00494	0.00554	0.00166	0.00675	0.00501	0.00273	0.00861
81	0.06838	0.02549	0.01526	0.01386	0.01675	0.73851	0.01043	0.02178	0.01533	0.01421	0.00851	0.00993	0.00707	0.00567	0.00490	0.00144	0.00966	0.00353	0.00289	0.00640
82	0.00723	0.00521	0.00691	0.00781	0.00850	0.00489	0.00560	0.00874	0.01196	0.01609	0.17853	0.53089	0.06414	0.01577	0.00702	0.00217	0.00332	0.10517	0.00533	0.00473
83	0.00696	0.00501	0.00664	0.00786	0.00835	0.00469	0.00547	0.00810	0.01092	0.01442	0.03167	0.69094	0.07227	0.01698	0.00710	0.00226	0.00338	0.08727	0.00514	0.00457
84	0.00704	0.00507	0.00661	0.00769	0.00821	0.00475	0.00533	0.00818	0.01094	0.01447	0.05504	0.61954	0.08055	0.06239	0.00830	0.00242	0.00347	0.08041	0.00506	0.00452
85	0.01051	0.00637	0.00774	0.00712	0.00839	0.00610	0.00495	0.01254	0.05049	0.12007	0.27145	0.03553	0.06275	0.35419	0.01573	0.00332	0.00419	0.00844	0.00495	0.00515
86	0.30162	0.04899	0.14479	0.01103	0.01572	0.01433	0.01043	0.27377	0.03987	0.07369	0.01140	0.01194	0.00824	0.00585	0.00469	0.00169	0.00569	0.00414	0.00422	0.00791
87	0.01384	0.01081	0.07537	0.03723	0.05374	0.00980	0.05670	0.07138	0.05047	0.18083	0.02035	0.26072	0.01943	0.01027	0.00722	0.00199	0.07254	0.03550	0.00475	0.00706
88	0.04796	0.01257	0.01605	0.02713	0.08719	0.01321	0.06741	0.31173	0.10376	0.15700	0.01750	0.06205	0.03633	0.00725	0.00567	0.00176	0.00564	0.00611	0.00514	0.00852
89	0.01414	0.15134	0.18526	0.10885	0.01942	0.05482	0.01278	0.05855	0.04082	0.09240	0.01265	0.01702	0.01045	0.00691	0.00678	0.00177	0.10210	0.06654	0.00342	0.03398

[dist]
# distance from previous block
# <min> <max>
9	38

[block]
# block no. 2 follows, 43 sequences, length 36
# corresponding to MSA columns:
# 470-505
name=unknown_C
#
# <colnr> <probs for GDERKNQSTAVLIFYWHMCP>
#	G	D	E	R	K	N	Q	S	T	A	V	L	I	F	Y	W	H	M	C	P
0	0.10363	0.09770	0.05106	0.10689	0.03761	0.12880	0.01113	0.09762	0.07127	0.01851	0.04420	0.01358	0.01015	0.00684	0.00779	0.00179	0.17654	0.00460	0.00335	0.00694
1	0.01008	0.00686	0.04220	0.00808	0.00973	0.00558	0.00621	0.01169	0.01223	0.14471	0.08810	0.46629	0.13850	0.01408	0.00662	0.00204	0.00359	0.01246	0.00538	0.00559
2	0.01187	0.14539	0.32729	0.17161	0.02467	0.01422	0.11060	0.03165	0.01180	0.01621	0.01062	0.04794	0.00868	0.00591	0.00581	0.00174	0.03911	0.00497	0.00263	0.00729
3	0.05049	0.00709	0.00889	0.00791	0.01013	0.00669	0.00622	0.01563	0.04994	0.20092	0.42533	0.03411	0.05973	0.00987	0.00606	0.00177	0.00341	0.04594	0.04346	0.00640
4	0.01170	0.02764	0.69979	0.01547	0.02313	0.04903	0.01937	0.01839	0.05226	0.01766	0.01055	0.01210	0.00755	0.00540	0.00527	0.00175	0.00806	0.00418	0.00254	0.00813
5	0.00841	0.00672	0.00910	0.04333	0.01104	0.00740	0.00724	0.01062	0.04760	0.01564	0.10681	0.44170	0.03129	0.01434	0.00855	0.00222	0.11823	0.09984	0.00475	0.00516
6	0.01109	0.03473	0.20629	0.48555	0.03209	0.01288	0.06459	0.01615	0.05352	0.01571	0.01062	0.01420	0.00789	0.00550	0.00549	0.00181	0.00751	0.00485	0.00263	0.00691
7	0.01393	0.03855	0.19920	0.18009	0.05769	0.04641	0.01296	0.05040	0.01290	0.11402	0.01146	0.01322	0.00844	0.00529	0.00503	0.00150	0.00640	0.00428	0.00336	0.21487
8	0.01148	0.00984	0.01148	0.00820	0.01312	0.00738	0.00656	0.01395	0.01148	0.01805	0.00984	0.01148	0.00820	0.00410	0.00410	0.00082	0.00410	0.00328	0.00328	0.83922
9	0.07249	0.03902	0.13253	0.04242	0.01601	0.01269	0.04917	0.01450	0.01021	0.06518	0.01275	0.01649	0.04380	0.03152	0.14442	0.00329	0.27882	0.00524	0.00303	0.00640
10	0.01543	0.06779	0.15817	0.10321	0.05950	0.04869	0.09297	0.08708	0.03886	0.16890	0.05252	0.03495	0.03409	0.00655	0.00556	0.00172	0.00652	0.00563	0.00409	0.00780
11	0.00705	0.00535	0.00625	0.00672	0.00772	0.00485	0.00472	0.00824	0.01146	0.01461	0.08713	0.30328	0.32205	0.13380	0.01003	0.00255	0.00344	0.05132	0.00493	0.00448
12	0.00734	0.00515	0.00657	0.00716	0.00788	0.00480	0.00495	0.00884	0.01208	0.01671	0.24169	0.46229	0.07187	0.05581	0.00779	0.00219	0.00310	0.01287	0.05621	0.00470
13	0.03531	0.05907	0.30662	0.03958	0.20350	0.01202	0.03793	0.01772	0.01270	0.11528	0.06099	0.01730	0.01238	0.00619	0.00546	0.00173	0.00664	0.03818	0.00343	0.00797
14	0.25185	0.15813	0.05827	0.01043	0.03635	0.07908	0.04175	0.01519	0.01227	0.01930	0.17663	0.02011	0.04845	0.00720	0.00513	0.00165	0.02189	0.02632	0.00375	0.00627
15	0.00674	0.00485	0.00640	0.00763	0.00801	0.00451	0.00511	0.00772	0.01068	0.01417	0.03151	0.77305	0.06469	0.01722	0.00705	0.00223	0.00320	0.01559	0.00514	0.00451
16	0.03297	0.12186	0.01958	0.01922	0.27585	0.01552	0.01223	0.27771	0.08490	0.06751	0.01276	0.01374	0.00974	0.00586	0.00522	0.00161	0.00597	0.00480	0.00419	0.00876
17	0.06598	0.00732	0.01017	0.07778	0.02654	0.00735	0.04138	0.03679	0.01207	0.03252	0.06220	0.36733	0.02730	0.01274	0.00648	0.00208	0.00449	0.14747	0.00464	0.04737
18	0.08990	0.13259	0.16287	0.04502	0.08874	0.07472	0.01207	0.01826	0.01243	0.15704	0.04673	0.01472	0.02463	0.00639	0.00637	0.00170	0.09008	0.00466	0.00359	0.00747
19	0.01293	0.06122	0.60858	0.01534	0.02276	0.01283	0.06672	0.01856	0.01223	0.10152	0.01124	0.01257	0.00786	0.00538	0.00530	0.00173	0.00777	0.00437	0.00287	0.00823
20	0.00675	0.00482	0.00643	0.00771	0.00803	0.00450	0.00514	0.00771	0.01060	0.01414	0.03053	0.80175	0.03663	0.01735	0.00707	0.00225	0.00321	0.01574	0.00514	0.00450
21	0.02522	0.01819	0.35312	0.04460	0.03136	0.01136	0.05681	0.05643	0.05552	0.09240	0.08947	0.05128	0.05102	0.00725	0.00605	0.00181	0.03070	0.00604	0.00381	0.00758
22	0.06106	0.07128	0.50837	0.01622	0.02317	0.01380	0.15717	0.04001	0.01218	0.01820	0.00997	0.01204	0.00730	0.00523	0.00553	0.00175	0.02181	0.00446	0.00259	0.00786
23	0.00673	0.00487	0.00637	0.00757	0.00800	0.00451	0.00508	0.00773	0.01074	0.01419	0.03221	0.75242	0.08487	0.01713	0.00703	0.00222	0.00319	0.01548	0.00514	0.00451
24	0.01221	0.01123	0.01968	0.19359	0.13246	0.01185	0.20924	0.06339	0.01296	0.04202	0.05097	0.13416	0.01478	0.00766	0.00689	0.00190	0.05733	0.00725	0.00352	0.00691
25	0.07379	0.18399	0.13231	0.03348	0.05259	0.04481	0.02453	0.05068	0.10152	0.08269	0.12894	0.01740	0.01592	0.00666	0.00542	0.00164	0.02705	0.00522	0.00397	0.00740
26	0.01481	0.59149	0.15571	0.01100	0.01620	0.06781	0.01148	0.04921	0.01225	0.01479	0.00838	0.00963	0.00719	0.00497	0.00402	0.00132	0.00657	0.00328	0.00253	0.00735
27	0.00892	0.00598	0.00704	0.00664	0.00848	0.00522	0.00503	0.01080	0.01392	0.09666	0.30114	0.08586	0.39885	0.01251	0.00647	0.00183	0.00296	0.01068	0.00566	0.00535
28	0.04277	0.07249	0.07661	0.21325	0.04770	0.03145	0.12738	0.01598	0.05916	0.04269	0.05122	0.10058	0.01392	0.00726	0.00622	0.00182	0.04551	0.00639	0.03092	0.00669
29	0.01542	0.01395	0.18724	0.01176	0.01615	0.01021	0.04930	0.05254	0.13341	0.24232	0.15301	0.02302	0.01996	0.00765	0.00582	0.00180	0.00539	0.03793	0.00515	0.00799
30	0.00791	0.00576	0.00812	0.00814	0.00890	0.00643	0.00599	0.00944	0.00905	0.01282	0.04903	0.04725	0.01758	0.21235	0.55708	0.00760	0.01184	0.00686	0.00325	0.00459
31	0.01153	0.01074	0.07165	0.13233	0.04475	0.00948	0.18473	0.01463	0.01241	0.09506	0.02164	0.16798	0.07771	0.00963	0.00641	0.00200	0.00615	0.11064	0.00407	0.00647
32	0.01383	0.12241	0.40582	0.05010	0.03896	0.01280	0.01511	0.03953	0.02862	0.13529	0.03624	0.03578	0.01119	0.00629	0.00527	0.00171	0.00676	0.02285	0.00348	0.00794
33	0.00769	0.00567	0.00763	0.05971	0.01053	0.00563	0.00618	0.04106	0.01138	0.01513	0.02836	0.69120	0.03335	0.01603	0.00692	0.00221	0.00368	0.03780	0.00498	0.00484
34	0.01075	0.02640	0.70271	0.01497	0.02245	0.01210	0.01899	0.01674	0.01185	0.01763	0.05028	0.04804	0.01067	0.00611	0.00541	0.00178	0.00768	0.00491	0.00266	0.00787
35	0.32221	0.04018	0.15842	0.12550	0.11764	0.01258	0.05672	0.01671	0.01112	0.05625	0.01026	0.03165	0.00807	0.00554	0.00473	0.00174	0.00611	0.00439	0.00313	0.00705

[dist]
# distance from previous block
# <min> <max>
2	22

[block]
# block no. 3 follows, 43 sequences, length 23
# corresponding to MSA columns:
# 557-579
name=unknown_D
#
# <colnr> <probs for GDERKNQSTAVLIFYWHMCP>
#	G	D	E	R	K	N	Q	S	T	A	V	L	I	F	Y	W	H	M	C	P
0	0.51287	0.01347	0.01075	0.00968	0.02715	0.12871	0.00750	0.10307	0.05114	0.03658	0.01000	0.01177	0.00797	0.04265	0.00525	0.00184	0.00546	0.00380	0.00374	0.00659
1	0.01239	0.05122	0.17061	0.03931	0.12656	0.01204	0.03471	0.01779	0.13696	0.05346	0.01533	0.09219	0.01355	0.00762	0.00674	0.00181	0.07966	0.04341	0.00368	0.08099
2	0.01357	0.01478	0.01350	0.01286	0.05257	0.29421	0.04329	0.01530	0.01318	0.01545	0.15540	0.07299	0.04258	0.01198	0.07805	0.03742	0.09692	0.00648	0.00363	0.00584
3	0.01322	0.00957	0.01254	0.12654	0.09647	0.04483	0.02364	0.05010	0.06026	0.14472	0.10801	0.11057	0.06574	0.09901	0.00845	0.00221	0.00523	0.00766	0.00459	0.00664
4	0.01206	0.12930	0.32831	0.15250	0.09872	0.01344	0.03773	0.01699	0.04725	0.03737	0.04138	0.03891	0.01070	0.00596	0.00527	0.00170	0.00695	0.00499	0.00294	0.00754
5	0.00800	0.00559	0.00714	0.00714	0.00753	0.00597	0.00473	0.00876	0.00838	0.01156	0.01644	0.03065	0.01771	0.51062	0.31962	0.00673	0.00902	0.00724	0.00321	0.00397
6	0.00962	0.00481	0.00722	0.00722	0.00722	0.00481	0.00481	0.00722	0.00722	0.00962	0.00962	0.01684	0.00962	0.01924	0.02165	0.83886	0.00481	0.00481	0.00241	0.00241
7	0.01406	0.21241	0.09592	0.12330	0.20510	0.05613	0.03377	0.06208	0.05315	0.03774	0.01163	0.04999	0.00982	0.00592	0.00508	0.00161	0.00659	0.00493	0.00313	0.00764
8	0.01511	0.00843	0.01014	0.00927	0.01151	0.03674	0.00699	0.09960	0.01435	0.27724	0.02476	0.41354	0.02456	0.01209	0.00630	0.00197	0.00431	0.01057	0.00569	0.00682
9	0.00803	0.00582	0.00744	0.00829	0.00915	0.00564	0.00612	0.04699	0.01192	0.01566	0.03068	0.49538	0.09001	0.05591	0.00815	0.00242	0.00387	0.17861	0.00506	0.00485
10	0.10834	0.01115	0.03105	0.10426	0.05634	0.06260	0.01015	0.04872	0.02336	0.10210	0.05278	0.06902	0.01527	0.01078	0.05817	0.00242	0.14030	0.08272	0.00394	0.00654
11	0.00844	0.00741	0.04701	0.05179	0.03374	0.00658	0.00685	0.01142	0.06214	0.01768	0.26867	0.25179	0.08117	0.07882	0.00820	0.00220	0.00381	0.01042	0.03652	0.00537
12	0.00740	0.00545	0.00693	0.00698	0.00811	0.00497	0.00507	0.00944	0.01402	0.01926	0.49208	0.23220	0.14122	0.01317	0.00667	0.00188	0.00279	0.01166	0.00574	0.00497
13	0.01112	0.00632	0.00691	0.00649	0.00824	0.00630	0.00496	0.01503	0.09514	0.07573	0.13816	0.02599	0.07219	0.00788	0.00479	0.00150	0.00296	0.00652	0.49794	0.00585
14	0.07111	0.20543	0.05218	0.04021	0.07894	0.05675	0.11026	0.05087	0.06206	0.03819	0.01410	0.12750	0.01294	0.00713	0.00514	0.00166	0.00601	0.00612	0.04643	0.00699
15	0.01408	0.62075	0.02468	0.00946	0.01340	0.01898	0.00903	0.01587	0.01117	0.03720	0.01085	0.01232	0.03822	0.00715	0.03723	0.00164	0.06260	0.00376	0.04480	0.00682
16	0.01187	0.04191	0.45691	0.19316	0.06075	0.01225	0.01724	0.01683	0.01180	0.06677	0.01173	0.05362	0.00916	0.00602	0.00540	0.00178	0.00738	0.00499	0.00283	0.00761
17	0.00685	0.00547	0.00615	0.00644	0.00787	0.00478	0.00474	0.00834	0.01254	0.01569	0.13200	0.21864	0.48965	0.01451	0.00671	0.00197	0.00298	0.04469	0.00525	0.00472
18	0.09016	0.04436	0.09030	0.21084	0.09800	0.06410	0.10981	0.04921	0.03456	0.13806	0.01214	0.01409	0.00883	0.00559	0.00534	0.00173	0.00691	0.00486	0.00355	0.00755
19	0.04551	0.07428	0.01539	0.34189	0.13763	0.01123	0.01171	0.01317	0.01050	0.01440	0.01174	0.05287	0.01069	0.06847	0.09927	0.05963	0.00737	0.00552	0.00278	0.00595
20	0.01069	0.00744	0.01082	0.13200	0.01508	0.00767	0.04119	0.04299	0.01214	0.11031	0.02537	0.42838	0.07520	0.01262	0.00698	0.00206	0.03735	0.01118	0.00473	0.00579
21	0.05671	0.06659	0.03142	0.14228	0.21510	0.12711	0.08611	0.01767	0.02294	0.06487	0.01031	0.01309	0.00824	0.00589	0.00692	0.00175	0.10799	0.00470	0.00299	0.00732
22	0.14663	0.08020	0.07274	0.19302	0.11113	0.03775	0.02402	0.10600	0.06478	0.01994	0.01227	0.03153	0.01019	0.00634	0.00512	0.00174	0.00617	0.04226	0.02101	0.00717

[dist]
# distance from previous block
# <min> <max>
0	15

[block]
# block no. 4 follows, 43 sequences, length 33
# corresponding to MSA columns:
# 595-627
name=unknown_E
#
# <colnr> <probs for GDERKNQSTAVLIFYWHMCP>
#	G	D	E	R	K	N	Q	S	T	A	V	L	I	F	Y	W	H	M	C	P
0	0.32634	0.01053	0.01170	0.05393	0.01455	0.01086	0.00800	0.09464	0.01422	0.38047	0.01509	0.01442	0.01007	0.00613	0.00477	0.00172	0.00484	0.00452	0.00521	0.00797
1	0.03076	0.00911	0.00961	0.03674	0.04223	0.06666	0.00686	0.07101	0.03127	0.07772	0.09750	0.11335	0.32848	0.01090	0.00605	0.00178	0.00423	0.00912	0.00492	0.04172
2	0.01205	0.01110	0.01541	0.01341	0.01378	0.01500	0.01104	0.01383	0.03395	0.04462	0.01030	0.05860	0.01005	0.01245	0.07678	0.00288	0.63012	0.00563	0.00291	0.00611
3	0.10153	0.20176	0.07856	0.09537	0.09488	0.02580	0.02479	0.06875	0.03847	0.13998	0.04329	0.04035	0.01158	0.00619	0.00493	0.00162	0.00582	0.00492	0.00383	0.00757
4	0.01871	0.08000	0.07001	0.01532	0.10350	0.04632	0.06763	0.28527	0.06388	0.17270	0.01418	0.01441	0.01012	0.00611	0.00542	0.00166	0.00631	0.00501	0.00469	0.00876
5	0.00848	0.00657	0.00917	0.00898	0.03650	0.00625	0.03631	0.01162	0.04682	0.02084	0.56229	0.08305	0.07058	0.01136	0.00656	0.00184	0.00331	0.05829	0.00567	0.00553
6	0.01364	0.03536	0.09572	0.07705	0.04290	0.13629	0.08807	0.11540	0.01513	0.04438	0.13750	0.02208	0.09472	0.00929	0.04629	0.00207	0.00691	0.00634	0.00401	0.00685
7	0.11668	0.12380	0.20094	0.02882	0.06949	0.04512	0.04981	0.05145	0.01316	0.15396	0.03934	0.01587	0.01109	0.00622	0.00532	0.00169	0.02002	0.03579	0.00376	0.00767
8	0.04536	0.33746	0.11061	0.01109	0.01574	0.04356	0.01057	0.10827	0.15927	0.08846	0.01285	0.01299	0.00984	0.00581	0.00463	0.00152	0.00589	0.00424	0.00385	0.00798
9	0.00696	0.00563	0.00619	0.00605	0.00774	0.00485	0.00454	0.00875	0.01361	0.01729	0.28519	0.04946	0.53803	0.01316	0.00654	0.00183	0.00274	0.01115	0.00545	0.00485
10	0.01488	0.08218	0.08311	0.10976	0.07373	0.03119	0.14819	0.04957	0.11690	0.13480	0.05307	0.01650	0.01232	0.00626	0.00616	0.00176	0.04239	0.00550	0.00396	0.00778
11	0.03388	0.14969	0.20322	0.01873	0.23957	0.01405	0.02607	0.07159	0.03303	0.14051	0.01216	0.01331	0.00906	0.00548	0.00510	0.00162	0.00646	0.00452	0.00354	0.00842
12	0.00846	0.00632	0.00882	0.01057	0.05668	0.00615	0.00799	0.01057	0.01231	0.01614	0.05676	0.23986	0.09041	0.01493	0.00725	0.00234	0.00446	0.42983	0.00500	0.00515
13	0.00728	0.00504	0.00627	0.00704	0.00723	0.00485	0.00442	0.00785	0.00957	0.01277	0.02524	0.49258	0.02997	0.33561	0.01560	0.00351	0.00408	0.01264	0.00442	0.00404
14	0.01519	0.05155	0.21092	0.12065	0.11246	0.05611	0.06923	0.08559	0.03910	0.13050	0.01271	0.01488	0.00943	0.00597	0.00580	0.00174	0.02754	0.01907	0.00359	0.00798
15	0.68500	0.04157	0.00999	0.00831	0.01174	0.10697	0.00677	0.01738	0.01048	0.04911	0.00831	0.00946	0.00645	0.00526	0.00370	0.00166	0.00506	0.00316	0.00344	0.00621
16	0.01332	0.01374	0.02636	0.06110	0.44083	0.01347	0.31326	0.01718	0.01273	0.01779	0.01071	0.01425	0.00857	0.00485	0.00591	0.00174	0.00773	0.00558	0.00275	0.00814
17	0.01833	0.14699	0.01733	0.01155	0.01561	0.03813	0.00968	0.43877	0.14162	0.04241	0.01415	0.01416	0.01052	0.00644	0.00512	0.00159	0.00569	0.00484	0.04847	0.00862
18	0.04935	0.06285	0.01373	0.15817	0.06035	0.01074	0.00940	0.04614	0.11406	0.13715	0.11935	0.02133	0.03065	0.03533	0.00619	0.00178	0.00504	0.02253	0.00447	0.09137
19	0.03456	0.15152	0.18315	0.03165	0.06515	0.01301	0.03660	0.10153	0.01450	0.20981	0.05360	0.02891	0.01210	0.00619	0.00516	0.00161	0.00600	0.00499	0.00419	0.03578
20	0.07968	0.23555	0.35151	0.04535	0.04442	0.01463	0.01432	0.01832	0.01197	0.12042	0.01080	0.01189	0.00795	0.00533	0.00471	0.00159	0.00670	0.00396	0.00307	0.00782
21	0.00675	0.00482	0.00643	0.00771	0.00803	0.00450	0.00514	0.00771	0.01060	0.01414	0.03053	0.80175	0.03663	0.01735	0.00707	0.00225	0.00321	0.01574	0.00514	0.00450
22	0.03884	0.17794	0.13822	0.08643	0.05079	0.04054	0.05766	0.03237	0.05512	0.15349	0.03078	0.06084	0.01202	0.00647	0.00513	0.00165	0.00611	0.00534	0.03276	0.00752
23	0.01414	0.03926	0.19321	0.02120	0.28463	0.04421	0.09417	0.01852	0.04946	0.10478	0.03034	0.04281	0.02596	0.00610	0.00559	0.00172	0.00677	0.00556	0.00347	0.00812
24	0.00851	0.00663	0.00942	0.00980	0.01102	0.00659	0.05232	0.01167	0.08650	0.01602	0.02817	0.44615	0.03145	0.01495	0.00707	0.00228	0.00429	0.23683	0.00503	0.00529
25	0.04220	0.01504	0.15263	0.11499	0.25672	0.02465	0.11843	0.01798	0.01265	0.12755	0.01337	0.01547	0.03415	0.00573	0.00585	0.00175	0.02430	0.00524	0.00334	0.00794
26	0.05365	0.09412	0.14397	0.15018	0.03451	0.03998	0.02446	0.10897	0.05983	0.14628	0.01456	0.02892	0.03497	0.00649	0.00572	0.00173	0.03493	0.00509	0.00395	0.00769
27	0.01284	0.21105	0.46252	0.01571	0.06730	0.01535	0.06342	0.05932	0.01255	0.01751	0.00971	0.01145	0.00737	0.00516	0.00497	0.00161	0.00750	0.00408	0.00258	0.00799
28	0.00823	0.00584	0.00684	0.00647	0.00815	0.00515	0.00485	0.01015	0.01397	0.06146	0.36891	0.04529	0.37487	0.04635	0.00741	0.00195	0.00294	0.01044	0.00559	0.00514
29	0.01339	0.10067	0.18337	0.15429	0.10129	0.03898	0.10031	0.03158	0.02688	0.08985	0.06101	0.04915	0.01250	0.00630	0.00549	0.00172	0.00681	0.00556	0.00340	0.00743
30	0.13829	0.12397	0.16992	0.05132	0.07547	0.01360	0.11684	0.04499	0.05291	0.12530	0.01198	0.01321	0.00881	0.00544	0.00501	0.00166	0.00644	0.00456	0.00355	0.02671
31	0.01339	0.01245	0.01682	0.15900	0.28142	0.03896	0.01287	0.02213	0.34195	0.01947	0.01559	0.01684	0.01205	0.00620	0.00554	0.00178	0.00587	0.00547	0.00397	0.00822
32	0.00777	0.00566	0.00639	0.00646	0.00807	0.00489	0.00475	0.00924	0.01267	0.05898	0.12156	0.21777	0.48781	0.01408	0.00661	0.00193	0.00299	0.01208	0.00534	0.00496

[dist]
# distance from previous block
# <min> <max>
1	26

[block]
# block no. 5 follows, 43 sequences, length 49
# corresponding to MSA columns:
# 656-694,705-714
name=unknown_F
#
# <colnr> <probs for GDERKNQSTAVLIFYWHMCP>
#	G	D	E	R	K	N	Q	S	T	A	V	L	I	F	Y	W	H	M	C	P
0	0.15457	0.09066	0.01350	0.00990	0.01336	0.04865	0.00808	0.14768	0.14547	0.14905	0.10511	0.04532	0.01658	0.00724	0.00513	0.00167	0.00488	0.00566	0.00500	0.02251
1	0.37352	0.05146	0.05571	0.01131	0.07542	0.04774	0.00883	0.07083	0.02955	0.15956	0.05781	0.01391	0.01110	0.00599	0.00456	0.00167	0.00514	0.00435	0.00422	0.00730
