[name]
unknown

[dist]
# distance from previous block
# <min> <max>
10	149

[block]
# block no. 0 follows, 44 sequences, length 15
# corresponding to MSA columns:
# 169-183
name=unknown_A
#
# <colnr> <probs for GDERKNQSTAVLIFYWHMCP>
#	G	D	E	R	K	N	Q	S	T	A	V	L	I	F	Y	W	H	M	C	P
0	0.03445	0.11320	0.14392	0.01387	0.07946	0.09026	0.07343	0.07016	0.03393	0.09139	0.09178	0.05210	0.02694	0.00671	0.00545	0.00161	0.01777	0.00557	0.00379	0.04420
1	0.06079	0.20535	0.25464	0.04464	0.06511	0.01344	0.03383	0.03962	0.01210	0.07778	0.04605	0.03318	0.01058	0.00624	0.00544	0.03347	0.00619	0.00455	0.00315	0.04384
2	0.05911	0.24286	0.08586	0.10001	0.06784	0.01353	0.05151	0.04810	0.01263	0.04922	0.11605	0.03215	0.01439	0.00610	0.00484	0.00149	0.00562	0.00501	0.00341	0.08027
3	0.07857	0.14107	0.19578	0.01430	0.11359	0.01346	0.03792	0.10029	0.06215	0.03631	0.04845	0.01382	0.01066	0.00559	0.00482	0.00153	0.00590	0.00448	0.02867	0.08265
4	0.01059	0.03295	0.05279	0.01100	0.03564	0.02929	0.06470	0.08191	0.06765	0.03645	0.06118	0.36319	0.05817	0.01194	0.00633	0.00197	0.00470	0.05880	0.00468	0.00606
5	0.10723	0.07884	0.01172	0.00814	0.01191	0.03822	0.00656	0.01396	0.01188	0.03709	0.12355	0.06249	0.01591	0.00616	0.00451	0.00120	0.00418	0.00495	0.00376	0.44773
6	0.07793	0.01335	0.08655	0.03028	0.01588	0.01272	0.01011	0.25748	0.17881	0.12844	0.01691	0.01988	0.01314	0.00729	0.00547	0.00177	0.00539	0.08009	0.00501	0.03351
7	0.01994	0.01651	0.01582	0.01262	0.01662	0.13140	0.01021	0.57294	0.09898	0.03005	0.01332	0.01334	0.00968	0.00649	0.00538	0.00162	0.00640	0.00483	0.00507	0.00877
8	0.00976	0.00612	0.00798	0.00774	0.00939	0.00562	0.00612	0.01203	0.01420	0.11174	0.39616	0.08735	0.13072	0.01208	0.00657	0.00192	0.00339	0.15989	0.00572	0.00552
9	0.00749	0.00631	0.00840	0.03928	0.01040	0.00573	0.05480	0.00954	0.01315	0.01691	0.24897	0.08017	0.42197	0.01232	0.00647	0.00185	0.00343	0.04272	0.00506	0.00501
10	0.01273	0.00685	0.00877	0.00762	0.00993	0.00615	0.00595	0.01532	0.03495	0.24927	0.41292	0.03532	0.15180	0.01013	0.00612	0.00173	0.00327	0.00870	0.00607	0.00640
11	0.01308	0.01486	0.03021	0.06565	0.05430	0.04753	0.65557	0.01743	0.01286	0.01710	0.01081	0.01444	0.00817	0.00470	0.00628	0.00181	0.00902	0.00616	0.00274	0.00728
12	0.00766	0.00517	0.00602	0.00629	0.00635	0.00511	0.00367	0.00786	0.00845	0.01126	0.01983	0.19430	0.02317	0.64521	0.02346	0.00465	0.00485	0.00949	0.00367	0.00354
13	0.01417	0.01324	0.02373	0.08845	0.12913	0.01332	0.36076	0.12243	0.07041	0.05323	0.04599	0.01603	0.01113	0.00557	0.00596	0.00177	0.00734	0.00595	0.00362	0.00777
14	0.01839	0.06146	0.01638	0.03546	0.01704	0.25294	0.03817	0.27566	0.08199	0.05788	0.01203	0.01266	0.00907	0.00590	0.00510	0.00150	0.00695	0.00441	0.00414	0.08285

[dist]
# distance from previous block
# <min> <max>
0	22

[block]
# block no. 1 follows, 44 sequences, length 23
# corresponding to MSA columns:
# 206-228
name=unknown_B
#
# <colnr> <probs for GDERKNQSTAVLIFYWHMCP>
#	G	D	E	R	K	N	Q	S	T	A	V	L	I	F	Y	W	H	M	C	P
0	0.04183	0.08324	0.04094	0.01041	0.04235	0.04440	0.04505	0.01525	0.01167	0.04310	0.00986	0.01143	0.00803	0.00439	0.00426	0.00104	0.00497	0.00353	0.00318	0.57106
1	0.01399	0.01260	0.04783	0.05242	0.02164	0.01148	0.35450	0.04428	0.07851	0.12451	0.04116	0.05152	0.01242	0.00600	0.00585	0.00170	0.00680	0.00623	0.00389	0.10265
2	0.00701	0.00516	0.00632	0.00708	0.00800	0.00471	0.00508	0.00838	0.01151	0.01512	0.08003	0.45066	0.23777	0.01515	0.00669	0.00206	0.00315	0.07703	0.04450	0.00460
3	0.01407	0.60615	0.18951	0.01089	0.01619	0.05579	0.01171	0.01678	0.01138	0.01381	0.00809	0.00939	0.00698	0.00482	0.00393	0.00130	0.00650	0.00318	0.00235	0.00719
4	0.00700	0.00543	0.00639	0.00651	0.00786	0.00482	0.00481	0.00875	0.01311	0.01709	0.29613	0.18296	0.36747	0.01352	0.00657	0.00189	0.00285	0.03671	0.00538	0.00477
5	0.01130	0.00969	0.01130	0.00807	0.01292	0.00727	0.00646	0.01373	0.01130	0.01776	0.00969	0.01130	0.00807	0.00404	0.00404	0.00081	0.00404	0.00323	0.00323	0.84173
6	0.00983	0.00777	0.00900	0.00885	0.01061	0.00818	0.00672	0.04888	0.24871	0.01933	0.15925	0.24960	0.09533	0.01204	0.00637	0.00198	0.00370	0.08231	0.00539	0.00616
7	0.08875	0.10974	0.01707	0.03920	0.01672	0.17209	0.05487	0.20430	0.06287	0.13613	0.01241	0.01294	0.00915	0.00604	0.00544	0.00160	0.03426	0.00447	0.00420	0.00773
8	0.02075	0.01409	0.01549	0.01200	0.01624	0.01530	0.00987	0.58986	0.08031	0.14668	0.01506	0.01447	0.01047	0.00664	0.00547	0.00166	0.00566	0.00509	0.00566	0.00922
9	0.10362	0.05027	0.01401	0.01217	0.04553	0.14055	0.00923	0.11470	0.40709	0.02220	0.01614	0.01572	0.01227	0.00653	0.00510	0.00169	0.00557	0.00504	0.00460	0.00797
10	0.01074	0.00765	0.00914	0.00800	0.01048	0.00708	0.00621	0.05372	0.08401	0.08154	0.28574	0.09193	0.12931	0.00989	0.00588	0.00164	0.00350	0.03425	0.00527	0.15404
11	0.01501	0.15996	0.11486	0.07172	0.06345	0.01281	0.01076	0.08240	0.08396	0.16729	0.01521	0.08061	0.01256	0.03958	0.00643	0.00182	0.02869	0.00565	0.01969	0.00753
12	0.01329	0.14227	0.17042	0.01885	0.02465	0.01454	0.46680	0.01766	0.01246	0.05080	0.01072	0.01334	0.00805	0.00481	0.00570	0.00170	0.00825	0.00539	0.00278	0.00751
13	0.00744	0.00536	0.00721	0.00836	0.00911	0.00512	0.00637	0.00903	0.01145	0.01508	0.05582	0.48051	0.06489	0.01602	0.00713	0.00229	0.00380	0.27526	0.00508	0.00467
14	0.05618	0.02384	0.54485	0.01453	0.02132	0.04032	0.04274	0.07882	0.05047	0.06025	0.01119	0.01237	0.00794	0.00548	0.00518	0.00171	0.00742	0.00430	0.00305	0.00805
15	0.03516	0.01683	0.28684	0.03382	0.07975	0.01129	0.03770	0.09031	0.05457	0.19572	0.02974	0.05286	0.03750	0.00671	0.00547	0.00174	0.00615	0.00560	0.00418	0.00807
16	0.00666	0.00484	0.00628	0.00738	0.00786	0.00447	0.00498	0.00770	0.01079	0.01425	0.05681	0.71015	0.10458	0.01658	0.00689	0.00216	0.00311	0.01494	0.00509	0.00447
17	0.00749	0.00550	0.00703	0.00689	0.00813	0.00504	0.00514	0.00975	0.01447	0.02004	0.58813	0.12344	0.13114	0.01220	0.00652	0.00181	0.00273	0.03377	0.00576	0.00500
18	0.01774	0.02110	0.01643	0.05652	0.01785	0.51033	0.03850	0.05726	0.01410	0.01456	0.00856	0.01089	0.00723	0.00647	0.00783	0.00167	0.17967	0.00404	0.00283	0.00642
19	0.01567	0.03403	0.23696	0.01691	0.08474	0.04181	0.16265	0.19994	0.02751	0.09494	0.01243	0.01422	0.00910	0.00572	0.00555	0.00171	0.00723	0.01688	0.00374	0.00826
20	0.00664	0.00474	0.00633	0.00759	0.00791	0.00443	0.00506	0.00759	0.01044	0.01392	0.03005	0.80485	0.03606	0.01708	0.00696	0.00221	0.00316	0.01550	0.00506	0.00443
21	0.00792	0.00643	0.00971	0.04807	0.11172	0.00624	0.03197	0.00944	0.01089	0.01459	0.02698	0.60285	0.06332	0.01435	0.00664	0.00209	0.00398	0.01311	0.00455	0.00517
22	0.05128	0.12121	0.23004	0.01776	0.11714	0.13022	0.17033	0.05605	0.01314	0.02898	0.00987	0.01190	0.00762	0.00510	0.00516	0.00161	0.00775	0.00444	0.00281	0.00757

[dist]
# distance from previous block
# <min> <max>
1	24

[block]
# block no. 2 follows, 44 sequences, length 11
# corresponding to MSA columns:
# 253-263
name=unknown_C
#
# <colnr> <probs for GDERKNQSTAVLIFYWHMCP>
#	G	D	E	R	K	N	Q	S	T	A	V	L	I	F	Y	W	H	M	C	P
0	0.07480	0.08768	0.08178	0.01982	0.29276	0.07054	0.05307	0.04981	0.07406	0.10042	0.03549	0.01428	0.01053	0.00560	0.00514	0.00162	0.00627	0.00479	0.00357	0.00799
1	0.07964	0.06542	0.20654	0.06299	0.06528	0.18408	0.08810	0.01816	0.04547	0.04303	0.01202	0.01365	0.03810	0.00572	0.00534	0.00162	0.02344	0.00454	0.00301	0.03384
2	0.01305	0.06267	0.01824	0.19510	0.31418	0.01321	0.01320	0.07755	0.09665	0.01809	0.01166	0.01485	0.00953	0.03731	0.00655	0.00179	0.03363	0.00491	0.00320	0.05463
3	0.00883	0.00694	0.00819	0.00789	0.00958	0.00699	0.00601	0.01401	0.18513	0.01997	0.38227	0.10619	0.14757	0.01146	0.00635	0.00186	0.00321	0.05616	0.00561	0.00579
4	0.01130	0.00969	0.01130	0.00807	0.01292	0.00727	0.00646	0.01373	0.01130	0.01776	0.00969	0.01130	0.00807	0.00404	0.00404	0.00081	0.00404	0.00323	0.00323	0.84173
5	0.00774	0.00570	0.00826	0.00834	0.00915	0.00648	0.00627	0.00938	0.00876	0.01247	0.01588	0.07145	0.01578	0.13536	0.64389	0.00792	0.01273	0.00670	0.00310	0.00465
6	0.02092	0.01227	0.01407	0.01097	0.01500	0.01279	0.00900	0.40353	0.06859	0.29636	0.01696	0.01595	0.01154	0.00666	0.00537	0.00164	0.00519	0.00520	0.05904	0.00897
7	0.00791	0.00525	0.00611	0.00636	0.00654	0.00521	0.00389	0.00832	0.00873	0.01190	0.01970	0.14686	0.02247	0.60733	0.02234	0.00447	0.00482	0.04897	0.04915	0.00366
8	0.00783	0.00568	0.00796	0.00796	0.00866	0.00638	0.00581	0.00922	0.00852	0.01206	0.01534	0.02548	0.01539	0.25944	0.57066	0.00777	0.01195	0.00644	0.00303	0.00442
9	0.01189	0.00650	0.00804	0.00728	0.00948	0.00567	0.00558	0.01367	0.01369	0.23467	0.19048	0.14366	0.30458	0.01168	0.00624	0.00182	0.00331	0.00999	0.00574	0.00603
10	0.24844	0.08501	0.01564	0.01514	0.16524	0.21902	0.01016	0.07636	0.05410	0.04895	0.01010	0.01135	0.00798	0.00544	0.00456	0.00156	0.00646	0.00390	0.00341	0.00719

[dist]
# distance from previous block
# <min> <max>
15	39

[block]
# block no. 3 follows, 44 sequences, length 110
# corresponding to MSA columns:
# 312-336,343-427
name=unknown_D
#
# <colnr> <probs for GDERKNQSTAVLIFYWHMCP>
#	G	D	E	R	K	N	Q	S	T	A	V	L	I	F	Y	W	H	M	C	P
0	0.18872	0.03317	0.01508	0.02801	0.17923	0.10905	0.04441	0.07260	0.01314	0.09182	0.01441	0.04277	0.06229	0.00646	0.00539	0.00163	0.03172	0.00513	0.00370	0.05126
1	0.00836	0.00691	0.03965	0.00800	0.00962	0.00583	0.03863	0.01049	0.02746	0.04827	0.24516	0.25741	0.17519	0.08364	0.00838	0.00221	0.00366	0.01097	0.00504	0.00513
2	0.03578	0.01596	0.01595	0.01251	0.01666	0.08364	0.01022	0.64643	0.05703	0.03184	0.01298	0.01305	0.00934	0.00647	0.00537	0.00163	0.00623	0.00481	0.00519	0.00892
3	0.07770	0.01139	0.01191	0.01067	0.01370	0.01314	0.00835	0.05657	0.62826	0.02291	0.03256	0.01954	0.01594	0.00882	0.04218	0.00215	0.00483	0.00591	0.00526	0.00821
4	0.01093	0.02820	0.78016	0.01554	0.02360	0.01266	0.02014	0.01727	0.01151	0.01727	0.00978	0.01151	0.00691	0.00518	0.00518	0.00173	0.00806	0.00403	0.00230	0.00806
5	0.05212	0.04767	0.05199	0.01298	0.03845	0.05201	0.10976	0.02193	0.23583	0.17564	0.08490	0.01842	0.01541	0.00685	0.00618	0.00176	0.04990	0.00576	0.00467	0.00779
6	0.01329	0.00781	0.00966	0.00842	0.01087	0.00760	0.00657	0.01832	0.16877	0.22235	0.38535	0.03122	0.06819	0.00934	0.00600	0.00174	0.00349	0.00802	0.00606	0.00693
7	0.00769	0.00532	0.00676	0.00760	0.00837	0.00498	0.00523	0.00933	0.04179	0.04808	0.03215	0.65418	0.11629	0.01586	0.00678	0.00213	0.00323	0.01423	0.00516	0.00483
8	0.01410	0.01361	0.04314	0.04385	0.05676	0.11169	0.09579	0.06876	0.28990	0.04849	0.09122	0.04455	0.01671	0.00713	0.00562	0.00174	0.00582	0.00619	0.02739	0.00755
9	0.00669	0.00534	0.00599	0.00623	0.00762	0.00464	0.00452	0.00814	0.01240	0.01562	0.15854	0.23421	0.48248	0.01420	0.00657	0.00191	0.00283	0.01223	0.00521	0.00464
10	0.01450	0.01301	0.01450	0.01236	0.01571	0.05745	0.07233	0.10402	0.56508	0.02286	0.01966	0.03417	0.01499	0.00716	0.00561	0.00181	0.00520	0.00609	0.00514	0.00837
11	0.00783	0.00566	0.00785	0.00785	0.00851	0.00632	0.00568	0.00915	0.00849	0.01198	0.01544	0.02603	0.01563	0.28899	0.54143	0.00764	0.01159	0.00652	0.00304	0.00436
12	0.01221	0.01594	0.14388	0.05536	0.05733	0.01319	0.51786	0.01673	0.01235	0.01705	0.01153	0.02982	0.00923	0.00545	0.00657	0.00186	0.03437	0.02919	0.00277	0.00728
13	0.01130	0.00969	0.01130	0.00807	0.01292	0.00727	0.00646	0.01373	0.01130	0.01776	0.00969	0.01130	0.00807	0.00404	0.00404	0.00081	0.00404	0.00323	0.00323	0.84173
14	0.00676	0.00483	0.00646	0.00773	0.00810	0.00453	0.00527	0.00780	0.01055	0.01405	0.02998	0.76366	0.03580	0.01697	0.00699	0.00223	0.00327	0.05552	0.00506	0.00446
15	0.02357	0.01070	0.01353	0.01038	0.01463	0.01013	0.00857	0.19988	0.01799	0.60150	0.01951	0.01726	0.01249	0.00670	0.00548	0.00167	0.00496	0.00535	0.00644	0.00928
16	0.00920	0.00599	0.00771	0.00721	0.00880	0.00547	0.00545	0.01167	0.02545	0.08918	0.54447	0.11065	0.10075	0.01140	0.00636	0.00177	0.00292	0.02084	0.00584	0.01889
17	0.00791	0.00538	0.00640	0.00640	0.00656	0.00553	0.00387	0.00822	0.00806	0.01091	0.01676	0.03337	0.01882	0.68421	0.15057	0.00585	0.00679	0.00759	0.00324	0.00356
18	0.01070	0.01010	0.01708	0.69885	0.13083	0.01222	0.01534	0.01428	0.01109	0.01442	0.00976	0.01440	0.00744	0.00538	0.00544	0.00179	0.00717	0.00485	0.00246	0.00638
19	0.00772	0.00557	0.00729	0.00686	0.00814	0.00514	0.00514	0.01029	0.01543	0.02186	0.77152	0.04072	0.05144	0.01115	0.00643	0.00171	0.00257	0.00986	0.00600	0.00514
20	0.01131	0.01126	0.01647	0.67615	0.05827	0.07820	0.01468	0.01466	0.01124	0.01397	0.00951	0.01401	0.00729	0.00560	0.00586	0.00180	0.03638	0.00473	0.00246	0.00616
21	0.01119	0.00969	0.01189	0.09984	0.01579	0.00783	0.00747	0.01375	0.01126	0.01732	0.00969	0.01168	0.00798	0.00420	0.00420	0.00093	0.00441	0.00342	0.00314	0.74432
22	0.00772	0.00560	0.00729	0.00693	0.00824	0.00517	0.00525	0.01025	0.01524	0.02144	0.72284	0.04184	0.07238	0.01137	0.00647	0.00175	0.00267	0.03651	0.00594	0.00512
23	0.01416	0.01188	0.01260	0.01109	0.01425	0.01361	0.00869	0.11300	0.64850	0.02411	0.05104	0.02031	0.01717	0.00745	0.00557	0.00182	0.00444	0.00616	0.00555	0.00856
24	0.01030	0.00969	0.01635	0.79530	0.03755	0.01211	0.01514	0.01393	0.01090	0.01393	0.00969	0.01453	0.00727	0.00545	0.00545	0.00182	0.00727	0.00484	0.00242	0.00606
25	0.01016	0.00508	0.00508	0.00508	0.00635	0.00508	0.00381	0.01270	0.01143	0.02033	0.01778	0.02033	0.01397	0.00635	0.00381	0.00127	0.00254	0.00508	0.83867	0.00508
26	0.01627	0.01214	0.01317	0.01122	0.01469	0.01358	0.00891	0.17460	0.52899	0.11318	0.02028	0.01868	0.01480	0.00715	0.00552	0.00179	0.00469	0.00583	0.00567	0.00883
27	0.01443	0.62474	0.15067	0.01058	0.01578	0.01977	0.01117	0.07103	0.01222	0.01514	0.00835	0.00952	0.00715	0.00489	0.00392	0.00129	0.00621	0.00324	0.00256	0.00734
28	0.01443	0.01214	0.01282	0.01127	0.01451	0.01397	0.00884	0.11743	0.67466	0.02421	0.02108	0.01946	0.01575	0.00729	0.00554	0.00182	0.00452	0.00601	0.00554	0.00871
29	0.00736	0.00533	0.00710	0.00825	0.00902	0.00507	0.00625	0.00887	0.01133	0.01480	0.03179	0.48740	0.09710	0.01611	0.00711	0.00228	0.00376	0.26137	0.00505	0.00464
30	0.01212	0.01182	0.03280	0.01308	0.01818	0.00977	0.24312	0.04102	0.01230	0.01824	0.01023	0.01245	0.00816	0.00432	0.00487	0.00118	0.00581	0.00432	0.00314	0.53307
31	0.84691	0.01054	0.00801	0.00717	0.01054	0.01223	0.00590	0.01603	0.00928	0.02446	0.00759	0.00886	0.00590	0.00506	0.00337	0.00169	0.00422	0.00295	0.00337	0.00590
32	0.01193	0.01193	0.01670	0.01431	0.01431	0.01670	0.01193	0.01312	0.00835	0.01312	0.00716	0.01193	0.00716	0.00954	0.01789	0.00239	0.79843	0.00477	0.00239	0.00596
33	0.01701	0.01256	0.01363	0.01140	0.01501	0.01400	0.00911	0.25725	0.45007	0.10942	0.01925	0.01787	0.01398	0.00706	0.00551	0.00176	0.00488	0.00569	0.00565	0.00890
34	0.01212	0.28286	0.53587	0.01352	0.02047	0.01556	0.01663	0.01696	0.01137	0.01582	0.00907	0.01061	0.00694	0.00501	0.00463	0.00154	0.00733	0.00367	0.00231	0.00771
35	0.02446	0.00928	0.01265	0.00970	0.01392	0.00801	0.00801	0.02657	0.01560	0.77817	0.02151	0.01856	0.01350	0.00675	0.00548	0.00169	0.00464	0.00548	0.00675	0.00928
36	0.00697	0.00551	0.00627	0.00614	0.00770	0.00481	0.00458	0.00881	0.01357	0.01758	0.34387	0.07522	0.45392	0.01285	0.00646	0.00180	0.00270	0.01099	0.00544	0.00481
37	0.00668	0.00481	0.00634	0.00747	0.00790	0.00447	0.00503	0.00773	0.01075	0.01432	0.06597	0.73883	0.06617	0.01667	0.00691	0.00218	0.00312	0.01507	0.00511	0.00447
38	0.01172	0.01158	0.01613	0.01387	0.01387	0.01610	0.01147	0.01285	0.00833	0.01299	0.00769	0.01318	0.00783	0.05177	0.01841	0.00254	0.75650	0.00494	0.00243	0.00582
39	0.00767	0.00553	0.00724	0.00689	0.00813	0.00511	0.00514	0.01016	0.01520	0.02149	0.73660	0.07671	0.05072	0.01142	0.00645	0.00174	0.00260	0.01012	0.00596	0.00511
40	0.04955	0.01493	0.01747	0.05664	0.01889	0.04568	0.08992	0.53744	0.06611	0.02956	0.01283	0.01349	0.00928	0.00624	0.00547	0.00167	0.00639	0.00502	0.00482	0.00861
41	0.00788	0.00548	0.00694	0.00694	0.00728	0.00582	0.00454	0.00856	0.00822	0.01130	0.01627	0.03066	0.01764	0.53819	0.29498	0.00651	0.00857	0.00719	0.00317	0.00385
42	0.02096	0.01490	0.01613	0.01237	0.01672	0.01635	0.01022	0.71072	0.02501	0.08074	0.01361	0.01343	0.00953	0.00656	0.00546	0.00164	0.00591	0.00494	0.00553	0.00927
43	0.05547	0.00974	0.01113	0.00803	0.01279	0.00753	0.00643	0.01385	0.01120	0.01812	0.00958	0.01118	0.00796	0.00409	0.00400	0.00085	0.00405	0.00322	0.00324	0.79755
44	0.01543	0.65308	0.02567	0.00990	0.01424	0.10200	0.00935	0.06289	0.01246	0.01446	0.00834	0.00950	0.00736	0.00494	0.00378	0.00122	0.00616	0.00317	0.02906	0.00701
45	0.84691	0.01054	0.00801	0.00717	0.01054	0.01223	0.00590	0.01603	0.00928	0.02446	0.00759	0.00886	0.00590	0.00506	0.00337	0.00169	0.00422	0.00295	0.00337	0.00590
46	0.01304	0.01322	0.04729	0.14216	0.45684	0.04449	0.03362	0.03190	0.07460	0.01747	0.01173	0.04172	0.00988	0.00581	0.00588	0.00171	0.03244	0.00529	0.00301	0.00788
47	0.01184	0.01139	0.01591	0.22341	0.16143	0.07934	0.05393	0.04172	0.01244	0.01628	0.07816	0.04751	0.03272	0.03313	0.00779	0.00198	0.08853	0.07275	0.00335	0.00640
48	0.00670	0.00479	0.00638	0.00755	0.00792	0.00447	0.00507	0.00773	0.01070	0.01433	0.06863	0.76509	0.03686	0.01677	0.00693	0.00219	0.00313	0.01521	0.00511	0.00447
49	0.09445	0.00939	0.01226	0.00948	0.01363	0.00837	0.00783	0.02567	0.01507	0.71404	0.02032	0.01773	0.01285	0.00660	0.00530	0.00169	0.00460	0.00527	0.00646	0.00899
50	0.02011	0.01497	0.01602	0.01242	0.01667	0.01662	0.01021	0.69433	0.08851	0.03338	0.01386	0.01371	0.00990	0.00662	0.00546	0.00165	0.00586	0.00502	0.00546	0.00922
51	0.84691	0.01054	0.00801	0.00717	0.01054	0.01223	0.00590	0.01603	0.00928	0.02446	0.00759	0.00886	0.00590	0.00506	0.00337	0.00169	0.00422	0.00295	0.00337	0.00590
52	0.84691	0.01054	0.00801	0.00717	0.01054	0.01223	0.00590	0.01603	0.00928	0.02446	0.00759	0.00886	0.00590	0.00506	0.00337	0.00169	0.00422	0.00295	0.00337	0.00590
53	0.84691	0.01054	0.00801	0.00717	0.01054	0.01223	0.00590	0.01603	0.00928	0.02446	0.00759	0.00886	0.00590	0.00506	0.00337	0.00169	0.00422	0.00295	0.00337	0.00590
54	0.01458	0.81168	0.02857	0.00933	0.01399	0.02157	0.00933	0.01632	0.01108	0.01283	0.00758	0.00875	0.00700	0.00466	0.00350	0.00117	0.00583	0.00292	0.00233	0.00700
55	0.01785	0.00951	0.01181	0.01023	0.01350	0.00952	0.00837	0.02445	0.26391	0.38178	0.02314	0.02734	0.01795	0.00855	0.00589	0.00190	0.00460	0.14542	0.00602	0.00825
56	0.01425	0.01157	0.01232	0.01094	0.01408	0.01322	0.00855	0.05399	0.68583	0.05872	0.02174	0.02000	0.01617	0.00731	0.00550	0.00182	0.00435	0.00606	0.02499	0.00860
57	0.00772	0.00557	0.00729	0.00686	0.00814	0.00514	0.00514	0.01029	0.01543	0.02186	0.77152	0.04072	0.05144	0.01115	0.00643	0.00171	0.00257	0.00986	0.00600	0.00514
58	0.01030	0.00969	0.01635	0.79530	0.03755	0.01211	0.01514	0.01393	0.01090	0.01393	0.00969	0.01453	0.00727	0.00545	0.00545	0.00182	0.00727	0.00484	0.00242	0.00606
59	0.00781	0.00524	0.00598	0.00609	0.00612	0.00521	0.00346	0.00790	0.00815	0.01087	0.01833	0.10425	0.02127	0.73785	0.02589	0.00501	0.00510	0.00860	0.00346	0.00340
60	0.00947	0.00473	0.00710	0.00710	0.00710	0.00473	0.00473	0.00710	0.00710	0.00947	0.00947	0.01657	0.00947	0.01894	0.02131	0.84138	0.00473	0.00473	0.00237	0.00237
61	0.01503	0.71982	0.02694	0.00978	0.01424	0.08529	0.00941	0.01719	0.03607	0.01320	0.00813	0.00922	0.00731	0.00483	0.00368	0.00121	0.00612	0.00307	0.00248	0.00699
62	0.01196	0.00841	0.00990	0.00889	0.01121	0.00877	0.00689	0.01948	0.30716	0.11031	0.38108	0.03051	0.03316	0.00923	0.00599	0.00178	0.00353	0.01886	0.00590	0.00698
63	0.04948	0.01692	0.01362	0.01205	0.01439	0.36895	0.03764	0.06411	0.01385	0.06815	0.01488	0.10740	0.04790	0.06132	0.00807	0.00193	0.08350	0.00602	0.00363	0.00620
64	0.01519	0.01211	0.01294	0.01124	0.01457	0.01377	0.00885	0.13661	0.61608	0.06382	0.02081	0.01917	0.01539	0.00724	0.00553	0.00181	0.00458	0.00594	0.00560	0.00876
65	0.01560	0.01082	0.01093	0.03838	0.04064	0.09134	0.00755	0.20771	0.01598	0.10223	0.01540	0.01670	0.01153	0.00628	0.00465	0.00146	0.00474	0.00490	0.38628	0.00690
66	0.00929	0.00727	0.00877	0.00924	0.01072	0.00765	0.00717	0.01493	0.23028	0.01726	0.02872	0.31404	0.06731	0.01349	0.00669	0.00218	0.00404	0.22994	0.00519	0.00584
67	0.01127	0.00969	0.01147	0.03380	0.01372	0.00743	0.00674	0.01373	0.01129	0.01764	0.00969	0.01141	0.00805	0.00408	0.00408	0.00084	0.00414	0.00328	0.00320	0.81442
68	0.01216	0.01207	0.02173	0.17311	0.41287	0.01226	0.17043	0.01560	0.01222	0.01674	0.01414	0.01726	0.07327	0.00568	0.00571	0.00172	0.00688	0.00575	0.00286	0.00753
69	0.01117	0.00959	0.01403	0.01512	0.16083	0.01138	0.02136	0.01259	0.00941	0.04175	0.01193	0.02014	0.01191	0.23499	0.09712	0.00367	0.29847	0.00583	0.00293	0.00578
70	0.01322	0.01138	0.01202	0.01084	0.01383	0.01309	0.00842	0.02791	0.72360	0.02263	0.05017	0.02166	0.03154	0.00765	0.00560	0.00184	0.00422	0.00640	0.00556	0.00843
71	0.18483	0.00683	0.00651	0.00613	0.00799	0.00732	0.00477	0.05484	0.01164	0.02157	0.01523	0.01759	0.01201	0.00789	0.04455	0.00177	0.00371	0.00467	0.57467	0.00548
72	0.04377	0.01084	0.01601	0.34359	0.11725	0.01214	0.04438	0.05616	0.13423	0.06304	0.03749	0.01594	0.01090	0.00596	0.00562	0.00173	0.02087	0.00518	0.00358	0.05134
73	0.77155	0.01087	0.00989	0.00891	0.03459	0.01235	0.05138	0.01613	0.00959	0.02384	0.00788	0.00935	0.00613	0.00503	0.00362	0.00169	0.00459	0.00322	0.00332	0.00607
74	0.01193	0.01193	0.01670	0.01431	0.01431	0.01670	0.01193	0.01312	0.00835	0.01312	0.00716	0.01193	0.00716	0.00954	0.01789	0.00239	0.79843	0.00477	0.00239	0.00596
75	0.01225	0.01160	0.01966	0.27554	0.50326	0.01237	0.01585	0.01558	0.01194	0.01650	0.01095	0.01609	0.00927	0.00553	0.00551	0.00172	0.00666	0.03936	0.00272	0.00764
76	0.01615	0.09093	0.01718	0.01374	0.01548	0.38085	0.01103	0.01750	0.01195	0.01320	0.00780	0.01065	0.00708	0.00725	0.01046	0.00181	0.35413	0.00401	0.00258	0.00623
77	0.01193	0.01193	0.01670	0.01431	0.01431	0.01670	0.01193	0.01312	0.00835	0.01312	0.00716	0.01193	0.00716	0.00954	0.01789	0.00239	0.79843	0.00477	0.00239	0.00596
78	0.00765	0.00557	0.00719	0.00679	0.00810	0.00512	0.00509	0.01016	0.01527	0.02149	0.73366	0.04134	0.08954	0.01129	0.00643	0.00172	0.00258	0.00995	0.00595	0.00512
79	0.00664	0.00474	0.00633	0.00759	0.00791	0.00443	0.00506	0.00759	0.01044	0.01392	0.03005	0.80485	0.03606	0.01708	0.00696	0.00221	0.00316	0.01550	0.00506	0.00443
80	0.01080	0.00588	0.00602	0.00575	0.00725	0.00602	0.00437	0.05602	0.03469	0.02126	0.04151	0.02055	0.01497	0.00655	0.00404	0.00132	0.00279	0.00525	0.73953	0.00543
81	0.01226	0.01038	0.01120	0.01036	0.01296	0.01180	0.00793	0.02491	0.61635	0.02149	0.06442	0.13287	0.02131	0.00898	0.00580	0.00189	0.00406	0.00769	0.00550	0.00784
82	0.08860	0.01012	0.01271	0.00986	0.01400	0.00948	0.00813	0.11096	0.02979	0.61836	0.01944	0.01719	0.01246	0.00660	0.00531	0.00168	0.00476	0.00523	0.00631	0.00900
83	0.00947	0.00473	0.00710	0.00710	0.00710	0.00473	0.00473	0.00710	0.00710	0.00947	0.00947	0.01657	0.00947	0.01894	0.02131	0.84138	0.00473	0.00473	0.00237	0.00237
84	0.02092	0.01425	0.01565	0.01207	0.01635	0.01549	0.00995	0.61860	0.05901	0.13919	0.01471	0.01420	0.01022	0.00661	0.00546	0.00165	0.00573	0.00505	0.00564	0.00924
85	0.01130	0.00969	0.01130	0.00807	0.01292	0.00727	0.00646	0.01373	0.01130	0.01776	0.00969	0.01130	0.00807	0.00404	0.00404	0.00081	0.00404	0.00323	0.00323	0.84173
86	0.01538	0.58867	0.02433	0.01016	0.01428	0.15451	0.00932	0.01814	0.06971	0.01391	0.00915	0.01017	0.00795	0.00509	0.00391	0.00126	0.00632	0.00333	0.02744	0.00695
87	0.70688	0.01028	0.00858	0.00751	0.01091	0.01159	0.00616	0.01750	0.03060	0.11085	0.00987	0.01060	0.00729	0.00535	0.00369	0.00168	0.00422	0.00339	0.02672	0.00634
88	0.01501	0.01236	0.07436	0.14225	0.12786	0.01184	0.02893	0.14728	0.12065	0.14044	0.05702	0.05901	0.01437	0.00705	0.00563	0.00176	0.00571	0.01610	0.00448	0.00789
89	0.01027	0.00932	0.01524	0.48726	0.13928	0.01089	0.01337	0.01330	0.01106	0.01459	0.01360	0.08917	0.01276	0.03560	0.00693	0.00203	0.02995	0.07635	0.00298	0.00609
90	0.00784	0.00531	0.00621	0.00624	0.00641	0.00529	0.00372	0.00820	0.00877	0.01185	0.08500	0.07615	0.02322	0.66164	0.05823	0.00496	0.00534	0.00841	0.00362	0.00360
91	0.04633	0.00837	0.01092	0.00874	0.01225	0.00737	0.00710	0.02202	0.01483	0.56811	0.09222	0.03886	0.09522	0.00800	0.00557	0.00170	0.00415	0.00660	0.03356	0.00809
92	0.02072	0.01527	0.01636	0.01254	0.01691	0.01691	0.01036	0.75622	0.02563	0.03436	0.01309	0.01309	0.00927	0.00654	0.00545	0.00164	0.00600	0.00491	0.00545	0.00927
93	0.28085	0.00956	0.01104	0.00882	0.01269	0.00924	0.00727	0.02279	0.01362	0.52001	0.03971	0.01619	0.01227	0.00635	0.00485	0.00169	0.00445	0.00482	0.00567	0.00810
94	0.01458	0.81168	0.02857	0.00933	0.01399	0.02157	0.00933	0.01632	0.01108	0.01283	0.00758	0.00875	0.00700	0.00466	0.00350	0.00117	0.00583	0.00292	0.00233	0.00700
95	0.01217	0.01161	0.01974	0.34802	0.47015	0.01261	0.01607	0.01557	0.01179	0.01621	0.01002	0.01392	0.00807	0.00510	0.00542	0.00170	0.00680	0.00485	0.00258	0.00757
96	0.01813	0.01764	0.01483	0.08435	0.06196	0.34979	0.01042	0.12756	0.07868	0.10955	0.02886	0.01547	0.04593	0.00647	0.00529	0.00159	0.00729	0.00487	0.00402	0.00730
97	0.84691	0.01054	0.00801	0.00717	0.01054	0.01223	0.00590	0.01603	0.00928	0.02446	0.00759	0.00886	0.00590	0.00506	0.00337	0.00169	0.00422	0.00295	0.00337	0.00590
98	0.01033	0.05531	0.48028	0.01254	0.01816	0.01098	0.01466	0.01588	0.06097	0.01818	0.18175	0.04423	0.01875	0.02737	0.00604	0.00181	0.00626	0.00588	0.00345	0.00716
99	0.00701	0.00541	0.00633	0.00649	0.00784	0.00480	0.00479	0.00860	0.01278	0.01650	0.24758	0.18058	0.39218	0.01382	0.00695	0.02308	0.00292	0.04239	0.00525	0.00468
100	0.00873	0.00798	0.01195	0.47341	0.02525	0.00905	0.01067	0.01144	0.01149	0.01424	0.02780	0.04358	0.30577	0.00892	0.00586	0.00183	0.00544	0.00763	0.00350	0.00546
101	0.00720	0.00543	0.00707	0.04435	0.00954	0.00514	0.00570	0.00884	0.01211	0.01603	0.19827	0.39803	0.17256	0.01445	0.00672	0.00204	0.00331	0.07334	0.00514	0.00475
102	0.00947	0.00473	0.00710	0.00710	0.00710	0.00473	0.00473	0.00710	0.00710	0.00947	0.00947	0.01657	0.00947	0.01894	0.02131	0.84138	0.00473	0.00473	0.00237	0.00237
103	0.01475	0.53547	0.13171	0.05184	0.01702	0.14069	0.01134	0.01719	0.01182	0.01359	0.00813	0.00961	0.00700	0.00493	0.00406	0.00132	0.00685	0.00327	0.00241	0.00699
104	0.04614	0.01010	0.01148	0.00840	0.01309	0.00825	0.00674	0.05312	0.04519	0.01912	0.01033	0.01170	0.00843	0.00436	0.00415	0.00093	0.00416	0.00344	0.00345	0.72742
105	0.01516	0.05227	0.01420	0.01287	0.09601	0.03073	0.03132	0.11482	0.14258	0.17191	0.07535	0.12083	0.05314	0.00850	0.00613	0.00177	0.03270	0.00717	0.00498	0.00758
106	0.05732	0.01287	0.01395	0.04196	0.12818	0.07345	0.01007	0.02539	0.52862	0.02110	0.01814	0.01770	0.01381	0.00669	0.00536	0.00177	0.00516	0.00555	0.00469	0.00822
107	0.77419	0.01155	0.04868	0.00853	0.03801	0.01228	0.00702	0.01611	0.00950	0.02385	0.00780	0.00916	0.00605	0.00506	0.00354	0.00169	0.00450	0.00307	0.00329	0.00611
108	0.01336	0.03802	0.09407	0.07032	0.35644	0.01146	0.05703	0.01717	0.04343	0.09633	0.06169	0.04778	0.01325	0.00617	0.00544	0.00167	0.00596	0.00568	0.04697	0.00778
109	0.01470	0.01203	0.05053	0.05604	0.04658	0.01095	0.25909	0.08904	0.01417	0.15385	0.01548	0.02112	0.01247	0.00664	0.00584	0.00175	0.00653	0.10035	0.04639	0.07643

[dist]
# distance from previous block
# <min> <max>
5	23

[block]
# block no. 4 follows, 44 sequences, length 15
# corresponding to MSA columns:
# 452-466
name=unknown_E
#
# <colnr> <probs for GDERKNQSTAVLIFYWHMCP>
#	G	D	E	R	K	N	Q	S	T	A	V	L	I	F	Y	W	H	M	C	P
0	0.01461	0.01268	0.01818	0.15932	0.34492	0.01362	0.01359	0.19675	0.10233	0.02171	0.01220	0.01429	0.00945	0.00563	0.00539	0.00166	0.00616	0.00496	0.00367	0.03888
1	0.01314	0.01394	0.02779	0.02755	0.35410	0.01342	0.43250	0.01714	0.01267	0.01761	0.01069	0.01418	0.00843	0.00471	0.00598	0.00174	0.00801	0.00575	0.00273	0.00791
2	0.00960	0.00538	0.00798	0.00778	0.00782	0.00583	0.00543	0.00773	0.00728	0.00992	0.00952	0.01641	0.00947	0.01918	0.05665	0.73280	0.07125	0.00479	0.00239	0.00278
3	0.00698	0.00554	0.00626	0.00608	0.00769	0.00483	0.00456	0.00886	0.01368	0.01771	0.35507	0.04755	0.47048	0.01269	0.00644	0.00179	0.00268	0.01082	0.00546	0.00483
4	0.01615	0.01571	0.01361	0.01201	0.01519	0.20617	0.00932	0.11871	0.48530	0.02191	0.01762	0.01681	0.01332	0.00685	0.00538	0.00171	0.00590	0.00535	0.00485	0.00814
5	0.09279	0.01353	0.01482	0.01145	0.01569	0.01452	0.00945	0.52995	0.02199	0.19910	0.01449	0.01394	0.00992	0.00646	0.00528	0.00165	0.00554	0.00487	0.00556	0.00898
6	0.00674	0.00496	0.00634	0.00740	0.00802	0.00457	0.00513	0.00785	0.01088	0.01419	0.03404	0.63935	0.15442	0.01643	0.00691	0.00217	0.00321	0.05783	0.00506	0.00449
7	0.02097	0.01085	0.01308	0.01040	0.01432	0.01086	0.00847	0.17537	0.17067	0.44575	0.01980	0.01787	0.01329	0.00683	0.00543	0.00170	0.00478	0.00549	0.03507	0.00900
8	0.00938	0.00477	0.00704	0.00704	0.00704	0.00477	0.00465	0.00715	0.00715	0.00953	0.00992	0.01768	0.01007	0.06487	0.02168	0.79274	0.00477	0.00492	0.00242	0.00242
9	0.01203	0.02495	0.64485	0.01455	0.02171	0.01216	0.01797	0.06133	0.01252	0.06123	0.01186	0.05936	0.00916	0.00606	0.00532	0.00175	0.00745	0.00485	0.00291	0.00798
10	0.01130	0.00969	0.01130	0.00807	0.01292	0.00727	0.00646	0.01373	0.01130	0.01776	0.00969	0.01130	0.00807	0.00404	0.00404	0.00081	0.00404	0.00323	0.00323	0.84173
11	0.00905	0.00602	0.00827	0.00878	0.00998	0.00577	0.02632	0.01088	0.01171	0.06086	0.02845	0.28581	0.07230	0.06436	0.00819	0.00241	0.00426	0.31681	0.05474	0.00502
12	0.01193	0.01193	0.01670	0.01431	0.01431	0.01670	0.01193	0.01312	0.00835	0.01312	0.00716	0.01193	0.00716	0.00954	0.01789	0.00239	0.79843	0.00477	0.00239	0.00596
13	0.00998	0.00794	0.01221	0.38757	0.03837	0.00897	0.01056	0.03266	0.01202	0.04849	0.10389	0.21718	0.02105	0.00951	0.00599	0.00191	0.00535	0.03937	0.02121	0.00576
14	0.01900	0.09708	0.05961	0.01308	0.01656	0.57863	0.01057	0.02082	0.01458	0.05944	0.00928	0.01043	0.00746	0.00548	0.00478	0.00138	0.00870	0.00359	0.00300	0.05653

[dist]
# distance from previous block
# <min> <max>
1	13

[block]
# block no. 5 follows, 44 sequences, length 61
# corresponding to MSA columns:
# 480-540
name=unknown_F
#
# <colnr> <probs for GDERKNQSTAVLIFYWHMCP>
#	G	D	E	R	K	N	Q	S	T	A	V	L	I	F	Y	W	H	M	C	P
0	0.01631	0.01282	0.07267	0.03942	0.18380	0.01210	0.01137	0.16425	0.16126	0.17689	0.01783	0.05391	0.03855	0.00698	0.00555	0.00173	0.00545	0.00591	0.00477	0.00843
1	0.14925	0.03372	0.00659	0.00571	0.00753	0.00692	0.00447	0.01379	0.01119	0.04317	0.01586	0.01798	0.01238	0.00609	0.00378	0.00135	0.00299	0.00467	0.64716	0.00541
2	0.01156	0.13814	0.64214	0.01448	0.02185	0.01396	0.01814	0.01762	0.04273	0.01687	0.00999	0.01149	0.00732	0.00520	0.00496	0.00165	0.00759	0.00396	0.00244	0.00793
3	0.01003	0.00933	0.01564	0.68752	0.03396	0.01145	0.02750	0.01342	0.01101	0.01424	0.03650	0.07050	0.01077	0.00650	0.00581	0.00185	0.01951	0.00578	0.00273	0.00593
4	0.00714	0.00507	0.00622	0.00693	0.00733	0.00481	0.00453	0.00788	0.00989	0.01298	0.02824	0.43921	0.10536	0.28226	0.01391	0.00322	0.00391	0.04255	0.00447	0.00409
5	0.02117	0.00853	0.01148	0.00905	0.01271	0.00743	0.00738	0.02333	0.01537	0.62875	0.12560	0.02286	0.04598	0.00760	0.00561	0.00169	0.00424	0.00629	0.02651	0.00844
6	0.01866	0.01424	0.01520	0.01213	0.01612	0.01594	0.00986	0.54639	0.23883	0.03103	0.01571	0.01518	0.01140	0.00679	0.00548	0.00170	0.00551	0.00527	0.00548	0.00909
7	0.07357	0.01264	0.01426	0.01107	0.01523	0.01327	0.00912	0.42368	0.04559	0.28845	0.01601	0.01505	0.01083	0.00655	0.00531	0.00166	0.00531	0.00503	0.01842	0.00898
8	0.05275	0.01509	0.01604	0.01234	0.01666	0.01673	0.01019	0.72753	0.02500	0.03397	0.01288	0.01292	0.00914	0.00649	0.00537	0.00164	0.00593	0.00483	0.00537	0.00914
9	0.01324	0.01270	0.02168	0.09287	0.71693	0.01289	0.01661	0.01651	0.01230	0.01751	0.01021	0.01357	0.00853	0.00490	0.00540	0.00163	0.00654	0.00486	0.00268	0.00843
10	0.01458	0.81168	0.02857	0.00933	0.01399	0.02157	0.00933	0.01632	0.01108	0.01283	0.00758	0.00875	0.00700	0.00466	0.00350	0.00117	0.00583	0.00292	0.00233	0.00700
11	0.55797	0.01129	0.00970	0.00828	0.01171	0.04789	0.00676	0.10145	0.01235	0.11911	0.01065	0.01133	0.00781	0.00555	0.00397	0.00164	0.00463	0.00365	0.05758	0.00668
12	0.02887	0.01081	0.01180	0.01055	0.01326	0.01201	0.00822	0.22516	0.33652	0.02368	0.02153	0.20692	0.01960	0.00972	0.00589	0.00190	0.00453	0.03606	0.00535	0.00762
13	0.00900	0.00588	0.00695	0.00648	0.00827	0.00520	0.00493	0.01106	0.01398	0.09210	0.36291	0.04180	0.33019	0.01144	0.00616	0.00173	0.00284	0.00975	0.06400	0.00533
14	0.01260	0.01192	0.02016	0.13786	0.61166	0.01223	0.01561	0.01584	0.01244	0.01758	0.06954	0.01576	0.01178	0.00543	0.00549	0.00165	0.00628	0.00525	0.00292	0.00800
15	0.00711	0.00555	0.00644	0.00622	0.00777	0.00489	0.00467	0.00911	0.01400	0.01845	0.42943	0.04633	0.39565	0.01242	0.00644	0.00177	0.00266	0.01065	0.00555	0.00489
16	0.00942	0.00475	0.00706	0.00706	0.00706	0.00475	0.00469	0.00713	0.00713	0.00951	0.00973	0.01721	0.00981	0.04516	0.02152	0.81361	0.00475	0.00484	0.00240	0.00240
17	0.02008	0.02551	0.01549	0.01405	0.01677	0.76063	0.01058	0.02148	0.01521	0.01334	0.00838	0.00990	0.00703	0.00575	0.00535	0.00144	0.03635	0.00355	0.00279	0.00631
18	0.01477	0.00746	0.00975	0.00833	0.01087	0.00686	0.00653	0.01801	0.06896	0.32325	0.38789	0.06216	0.03317	0.00937	0.00601	0.00173	0.00355	0.00808	0.00623	0.00701
19	0.01063	0.01019	0.01613	0.70246	0.06616	0.03921	0.01461	0.01405	0.01111	0.01407	0.01054	0.04800	0.00854	0.00593	0.00549	0.00181	0.00715	0.00525	0.00256	0.00610
20	0.01364	0.01163	0.01230	0.01104	0.01408	0.01340	0.00858	0.05925	0.70801	0.02300	0.02206	0.04609	0.01697	0.00768	0.00559	0.00185	0.00435	0.00642	0.00553	0.00852
21	0.50796	0.01121	0.01397	0.10391	0.08175	0.01244	0.11285	0.01640	0.01047	0.05169	0.00909	0.01120	0.00696	0.00520	0.00466	0.00173	0.02481	0.00397	0.00323	0.00650
22	0.01364	0.01044	0.01670	0.48197	0.05860	0.01178	0.06499	0.08792	0.01323	0.13416	0.01280	0.04781	0.00974	0.00616	0.00559	0.00179	0.00667	0.00550	0.00353	0.00699
23	0.01278	0.00986	0.01520	0.04020	0.07454	0.01008	0.15783	0.12209	0.01443	0.05257	0.09809	0.02285	0.01684	0.00731	0.00598	0.00170	0.03600	0.06983	0.22516	0.00667
24	0.00828	0.01130	0.19220	0.00906	0.01186	0.02712	0.00866	0.01106	0.01258	0.01703	0.23189	0.23685	0.17777	0.01166	0.00623	0.00187	0.00427	0.01011	0.00460	0.00558
25	0.01747	0.00888	0.01160	0.01046	0.04212	0.00855	0.00804	0.03327	0.13436	0.39520	0.09175	0.04675	0.02012	0.03585	0.02526	0.00211	0.00475	0.08973	0.00586	0.00785
26	0.01646	0.01315	0.01396	0.01168	0.01528	0.01491	0.00933	0.32315	0.46565	0.02748	0.01851	0.01741	0.01366	0.00705	0.00551	0.00176	0.00500	0.00566	0.00551	0.00889
27	0.00672	0.00491	0.00634	0.00746	0.00800	0.00454	0.00512	0.00779	0.01077	0.01413	0.03300	0.68024	0.12382	0.01659	0.00692	0.00218	0.00320	0.04871	0.00506	0.00448
28	0.02018	0.01397	0.01590	0.01232	0.01656	0.01512	0.03530	0.54142	0.10823	0.14087	0.01529	0.01477	0.01070	0.00660	0.00550	0.00167	0.00572	0.00519	0.00556	0.00913
29	0.75760	0.01102	0.00992	0.00842	0.01197	0.01253	0.05415	0.04817	0.01022	0.02444	0.00805	0.00942	0.00620	0.00510	0.00366	0.00169	0.00461	0.00326	0.00342	0.00614
30	0.01193	0.01193	0.01670	0.01431	0.01431	0.01670	0.01193	0.01312	0.00835	0.01312	0.00716	0.01193	0.00716	0.00954	0.01789	0.00239	0.79843	0.00477	0.00239	0.00596
31	0.01501	0.01148	0.01248	0.01078	0.01393	0.01276	0.00848	0.19685	0.43900	0.07253	0.05112	0.07907	0.03565	0.00819	0.00568	0.00181	0.00454	0.00680	0.00557	0.00827
32	0.01495	0.76125	0.02773	0.00963	0.01418	0.07067	0.00941	0.01667	0.01136	0.01286	0.00763	0.00882	0.00700	0.00473	0.00359	0.00118	0.00609	0.00295	0.00236	0.00695
33	0.05405	0.01488	0.01590	0.01223	0.01655	0.01641	0.01010	0.70150	0.02463	0.05942	0.01316	0.01311	0.00928	0.00649	0.00537	0.00164	0.00588	0.00485	0.00541	0.00914
34	0.00746	0.00556	0.00693	0.00659	0.00798	0.00503	0.00494	0.00978	0.01482	0.02040	0.62500	0.04313	0.19888	0.01169	0.00643	0.00174	0.00261	0.01020	0.00581	0.00503
35	0.01093	0.02820	0.78016	0.01554	0.02360	0.01266	0.02014	0.01727	0.01151	0.01727	0.00978	0.01151	0.00691	0.00518	0.00518	0.00173	0.00806	0.00403	0.00230	0.00806
36	0.01346	0.00665	0.00769	0.00739	0.03768	0.00650	0.00540	0.05131	0.01293	0.16172	0.01796	0.01939	0.01345	0.00638	0.00426	0.00138	0.00325	0.00514	0.61187	0.00620
37	0.00767	0.00534	0.00610	0.00614	0.00747	0.00485	0.00452	0.00961	0.01289	0.01806	0.27044	0.14644	0.28050	0.01183	0.00595	0.00173	0.00271	0.01017	0.18273	0.00485
38	0.01383	0.01171	0.01941	0.09988	0.56980	0.01175	0.01476	0.01687	0.01267	0.09579	0.03186	0.01676	0.04912	0.00572	0.00549	0.00166	0.00608	0.00538	0.00329	0.00817
39	0.00947	0.00473	0.00710	0.00710	0.00710	0.00473	0.00473	0.00710	0.00710	0.00947	0.00947	0.01657	0.00947	0.01894	0.02131	0.84138	0.00473	0.00473	0.00237	0.00237
40	0.70511	0.01098	0.00921	0.00791	0.01145	0.01247	0.00652	0.09736	0.01146	0.07297	0.00907	0.00993	0.00675	0.00533	0.00373	0.00168	0.00444	0.00332	0.00381	0.00648
41	0.84691	0.01054	0.00801	0.00717	0.01054	0.01223	0.00590	0.01603	0.00928	0.02446	0.00759	0.00886	0.00590	0.00506	0.00337	0.00169	0.00422	0.00295	0.00337	0.00590
42	0.01269	0.14304	0.53766	0.01488	0.02189	0.01375	0.08786	0.01785	0.01189	0.07427	0.01046	0.01193	0.00755	0.00517	0.00507	0.00165	0.00757	0.00420	0.00269	0.00792
43	0.73314	0.02897	0.00931	0.00802	0.01135	0.10282	0.00652	0.01670	0.01004	0.02292	0.00769	0.00897	0.00606	0.00512	0.00356	0.00164	0.00491	0.00302	0.00329	0.00598
44	0.00851	0.00547	0.00713	0.00775	0.00852	0.00515	0.00534	0.03132	0.01145	0.07103	0.07579	0.63147	0.03368	0.05997	0.00794	0.00230	0.00344	0.01366	0.00516	0.00491
45	0.00661	0.00505	0.00608	0.00689	0.00777	0.00452	0.00480	0.00774	0.01119	0.01425	0.03910	0.52059	0.30110	0.01587	0.00678	0.00208	0.00305	0.02697	0.00506	0.00450
46	0.00779	0.00584	0.00876	0.00876	0.00974	0.00681	0.00681	0.00974	0.00876	0.01266	0.01460	0.02142	0.01363	0.04089	0.78680	0.00876	0.01460	0.00584	0.00292	0.00487
47	0.01751	0.01367	0.01455	0.01189	0.01568	0.01541	0.00959	0.43020	0.35687	0.02918	0.01717	0.01634	0.01258	0.00693	0.00550	0.00173	0.00524	0.00547	0.00550	0.00898
48	0.16832	0.00950	0.01184	0.00926	0.01333	0.00875	0.00764	0.02472	0.01450	0.64634	0.01907	0.01686	0.01217	0.00645	0.00511	0.00169	0.00457	0.00504	0.00616	0.00869
49	0.02072	0.01527	0.01636	0.01254	0.01691	0.01691	0.01036	0.75622	0.02563	0.03436	0.01309	0.01309	0.00927	0.00654	0.00545	0.00164	0.00600	0.00491	0.00545	0.00927
50	0.01030	0.00969	0.01635	0.79530	0.03755	0.01211	0.01514	0.01393	0.01090	0.01393	0.00969	0.01453	0.00727	0.00545	0.00545	0.00182	0.00727	0.00484	0.00242	0.00606
51	0.01458	0.81168	0.02857	0.00933	0.01399	0.02157	0.00933	0.01632	0.01108	0.01283	0.00758	0.00875	0.00700	0.00466	0.00350	0.00117	0.00583	0.00292	0.00233	0.00700
52	0.01041	0.00981	0.01656	0.76792	0.06403	0.01214	0.01520	0.01403	0.01096	0.01407	0.00971	0.01450	0.00732	0.00543	0.00545	0.00181	0.00724	0.00485	0.00243	0.00615
53	0.01373	0.01207	0.01241	0.01117	0.01424	0.03298	0.00868	0.02879	0.74572	0.02257	0.02184	0.02008	0.01640	0.00735	0.00553	0.00184	0.00445	0.00610	0.00548	0.00857
54	0.00662	0.00553	0.00577	0.00571	0.00747	0.00468	0.00428	0.00816	0.01284	0.01571	0.15387	0.05085	0.67293	0.01344	0.00644	0.00182	0.00274	0.01128	0.00519	0.00468
55	0.01296	0.01229	0.02086	0.09144	0.67034	0.01248	0.01612	0.01618	0.01230	0.01742	0.01135	0.01651	0.00992	0.00553	0.00553	0.00169	0.00645	0.04960	0.00282	0.00821
56	0.00820	0.00569	0.00735	0.00687	0.00829	0.00521	0.00518	0.01068	0.01524	0.04684	0.70032	0.04073	0.09643	0.01117	0.00640	0.00172	0.00265	0.00982	0.00597	0.00525
57	0.00947	0.00473	0.00710	0.00710	0.00710	0.00473	0.00473	0.00710	0.00710	0.00947	0.00947	0.01657	0.00947	0.01894	0.02131	0.84138	0.00473	0.00473	0.00237	0.00237
58	0.14170	0.01220	0.01285	0.09108	0.01631	0.10766	0.00889	0.10401	0.03749	0.36228	0.01557	0.01513	0.01057	0.00621	0.00504	0.00165	0.00557	0.00474	0.03311	0.00792
59	0.01280	0.00707	0.00914	0.00841	0.01060	0.00655	0.00674	0.04446	0.01424	0.21088	0.21623	0.11804	0.06046	0.01084	0.00618	0.00187	0.00385	0.15771	0.05813	0.03582
60	0.01245	0.14246	0.46905	0.06920	0.04495	0.02754	0.06410	0.01780	0.04094	0.04711	0.01047	0.01216	0.00773	0.00523	0.00505	0.00165	0.00744	0.00423	0.00267	0.00777

[dist]
# distance from previous block
# <min> <max>
0	18

[block]
# block no. 6 follows, 44 sequences, length 35
# corresponding to MSA columns:
# 559-593
