[name]
unknown

[dist]
# distance from previous block
# <min> <max>
2	1000

[block]
# block no. 0 follows, 40 sequences, length 116
# corresponding to MSA columns:
# 1203-1318
name=unknown_A
#
# <colnr> <probs for GDERKNQSTAVLIFYWHMCP>
#	G	D	E	R	K	N	Q	S	T	A	V	L	I	F	Y	W	H	M	C	P
0	0.02417	0.01233	0.01492	0.01151	0.01602	0.01224	0.00949	0.28773	0.05002	0.46884	0.01970	0.01774	0.01289	0.00715	0.00584	0.00179	0.00546	0.00565	0.00664	0.00987
1	0.01372	0.01307	0.02220	0.12772	0.63930	0.01337	0.01714	0.01720	0.01317	0.01866	0.04087	0.01570	0.01087	0.00553	0.00581	0.00176	0.00685	0.00539	0.00298	0.00872
2	0.83671	0.01125	0.00855	0.00765	0.01125	0.01305	0.00630	0.01709	0.00990	0.02609	0.00810	0.00945	0.00630	0.00540	0.00360	0.00180	0.00450	0.00315	0.00360	0.00630
3	0.00709	0.00506	0.00675	0.00810	0.00843	0.00472	0.00540	0.00810	0.01113	0.01484	0.03205	0.79184	0.03846	0.01822	0.00742	0.00236	0.00337	0.01653	0.00540	0.00472
4	0.09230	0.01463	0.02975	0.02154	0.02689	0.01404	0.60981	0.01853	0.03240	0.01965	0.01211	0.01557	0.00914	0.00513	0.00638	0.00191	0.00878	0.00642	0.04742	0.00760
5	0.01408	0.01350	0.02304	0.10349	0.69398	0.01374	0.01769	0.01758	0.01309	0.01862	0.01088	0.01449	0.00908	0.00524	0.00576	0.00175	0.00699	0.00518	0.00285	0.00896
6	0.00709	0.00506	0.00675	0.00810	0.00843	0.00472	0.00540	0.00810	0.01113	0.01484	0.03205	0.79184	0.03846	0.01822	0.00742	0.00236	0.00337	0.01653	0.00540	0.00472
7	0.01183	0.01143	0.02007	0.58258	0.16354	0.01324	0.08327	0.01572	0.01210	0.01592	0.01057	0.01533	0.00810	0.00562	0.00590	0.00190	0.00780	0.00533	0.00267	0.00706
8	0.00952	0.00528	0.00726	0.00726	0.00730	0.00532	0.00466	0.00796	0.00792	0.01060	0.01288	0.02422	0.01371	0.26236	0.05459	0.54154	0.00565	0.00616	0.00286	0.00294
9	0.00834	0.00612	0.00877	0.00877	0.00960	0.00695	0.00655	0.01001	0.00917	0.01307	0.01611	0.02578	0.01581	0.18886	0.62908	0.00863	0.01366	0.00666	0.00319	0.00487
10	0.01084	0.00542	0.00542	0.00542	0.00678	0.00542	0.00407	0.01355	0.01220	0.02168	0.01897	0.02168	0.01491	0.00678	0.00407	0.00136	0.00271	0.00542	0.82791	0.00542
11	0.01341	0.01788	0.14556	0.02330	0.02960	0.01452	0.62918	0.01860	0.01351	0.01860	0.01156	0.01517	0.00860	0.00500	0.00666	0.00194	0.00962	0.00647	0.00287	0.00796
12	0.00883	0.00633	0.00863	0.00926	0.01057	0.00614	0.00767	0.01147	0.01452	0.01966	0.31958	0.08497	0.04218	0.01449	0.00754	0.00233	0.00424	0.41044	0.00577	0.00538
13	0.01084	0.00542	0.00542	0.00542	0.00678	0.00542	0.00407	0.01355	0.01220	0.02168	0.01897	0.02168	0.01491	0.00678	0.00407	0.00136	0.00271	0.00542	0.82791	0.00542
14	0.01533	0.01801	0.18116	0.01914	0.02499	0.04218	0.38515	0.07295	0.01502	0.10443	0.05282	0.01661	0.01165	0.00586	0.00633	0.00188	0.00839	0.00617	0.00372	0.00822
15	0.01439	0.01382	0.02360	0.03569	0.75936	0.01382	0.01785	0.01785	0.01324	0.01900	0.01094	0.01439	0.00921	0.00518	0.00576	0.00173	0.00691	0.00518	0.00288	0.00921
16	0.01405	0.01554	0.03377	0.02414	0.02999	0.01455	0.71925	0.01888	0.01380	0.03800	0.01206	0.01579	0.00897	0.00496	0.00684	0.00196	0.00968	0.00684	0.00305	0.00790
17	0.01084	0.00542	0.00542	0.00542	0.00678	0.00542	0.00407	0.01355	0.01220	0.02168	0.01897	0.02168	0.01491	0.00678	0.00407	0.00136	0.00271	0.00542	0.82791	0.00542
18	0.01098	0.01034	0.01744	0.78165	0.04005	0.01292	0.01615	0.01486	0.01163	0.01486	0.01034	0.01550	0.00775	0.00581	0.00581	0.00194	0.00775	0.00517	0.00258	0.00646
19	0.01555	0.79913	0.03047	0.00995	0.01493	0.02301	0.00995	0.01741	0.01182	0.01368	0.00808	0.00933	0.00746	0.00498	0.00373	0.00124	0.00622	0.00311	0.00249	0.00746
20	0.01480	0.02570	0.60219	0.01522	0.02293	0.01243	0.01868	0.02057	0.01323	0.18020	0.01315	0.01391	0.00889	0.00589	0.00560	0.00183	0.00780	0.00463	0.00349	0.00888
21	0.02172	0.02772	0.01648	0.01498	0.01798	0.77228	0.01124	0.02322	0.01648	0.01423	0.00899	0.01049	0.00749	0.00599	0.00524	0.00150	0.01049	0.00375	0.00300	0.00674
22	0.83671	0.01125	0.00855	0.00765	0.01125	0.01305	0.00630	0.01709	0.00990	0.02609	0.00810	0.00945	0.00630	0.00540	0.00360	0.00180	0.00450	0.00315	0.00360	0.00630
23	0.00849	0.00567	0.00644	0.00649	0.00653	0.00567	0.00372	0.00858	0.00862	0.01148	0.01874	0.03898	0.02156	0.76944	0.02887	0.00554	0.00563	0.03237	0.00359	0.00359
24	0.01435	0.01393	0.02428	0.03499	0.71354	0.01387	0.06312	0.01790	0.01327	0.01897	0.01099	0.01447	0.00919	0.00516	0.00583	0.00174	0.00709	0.00529	0.00288	0.00913
25	0.01249	0.00744	0.00760	0.00698	0.00878	0.05412	0.03098	0.01517	0.01277	0.06288	0.01831	0.02066	0.01419	0.00668	0.00434	0.00141	0.00358	0.00539	0.70038	0.00584
26	0.01272	0.01272	0.01781	0.01527	0.01527	0.01781	0.01272	0.01399	0.00891	0.01399	0.00763	0.01272	0.00763	0.01018	0.01908	0.00254	0.78499	0.00509	0.00254	0.00636
27	0.01202	0.01150	0.04147	0.01371	0.01708	0.01131	0.18694	0.02015	0.28246	0.02012	0.02489	0.10028	0.08688	0.00954	0.00650	0.00205	0.00572	0.08905	0.05094	0.00739
28	0.01419	0.01195	0.01386	0.06053	0.01691	0.01356	0.03111	0.09572	0.50394	0.02371	0.02259	0.03901	0.01846	0.00881	0.00623	0.00204	0.00520	0.09816	0.00553	0.00849
29	0.08456	0.01590	0.01677	0.01294	0.01751	0.01765	0.01069	0.68455	0.02600	0.03584	0.01351	0.01362	0.00961	0.00686	0.00565	0.00175	0.00625	0.00508	0.00565	0.00961
30	0.01443	0.31159	0.42506	0.01356	0.02044	0.01655	0.01604	0.01896	0.01251	0.08562	0.01073	0.01189	0.00805	0.00548	0.00489	0.00162	0.00738	0.00400	0.00291	0.00830
31	0.13616	0.01354	0.01495	0.01161	0.01607	0.01430	0.00959	0.41188	0.02150	0.26803	0.01603	0.01520	0.01084	0.00683	0.00552	0.00177	0.00567	0.00514	0.00595	0.00939
32	0.01272	0.01272	0.01781	0.01527	0.01527	0.01781	0.01272	0.01399	0.00891	0.01399	0.00763	0.01272	0.00763	0.01018	0.01908	0.00254	0.78499	0.00509	0.00254	0.00636
33	0.00939	0.00874	0.01604	0.01353	0.01587	0.00816	0.25107	0.01183	0.01232	0.01645	0.04489	0.45048	0.06903	0.01334	0.00721	0.00220	0.00555	0.03349	0.00460	0.00582
34	0.01112	0.01047	0.01769	0.75208	0.06856	0.01296	0.01622	0.01498	0.01169	0.01502	0.01036	0.01546	0.00781	0.00579	0.00581	0.00193	0.00772	0.00517	0.00260	0.00657
35	0.01406	0.01580	0.02985	0.02303	0.06843	0.08009	0.56694	0.01838	0.01391	0.01815	0.01324	0.01978	0.01101	0.00605	0.00677	0.00197	0.00929	0.07252	0.00317	0.00759
36	0.00933	0.00666	0.00931	0.01058	0.01192	0.00665	0.00922	0.01201	0.01351	0.01763	0.05896	0.06474	0.03430	0.01590	0.00799	0.00264	0.00525	0.69266	0.00540	0.00536
37	0.01156	0.01014	0.01608	0.25453	0.17573	0.01093	0.05286	0.08053	0.01337	0.01794	0.01815	0.27532	0.01860	0.00990	0.00640	0.00202	0.00610	0.00908	0.00391	0.00684
38	0.00706	0.00578	0.00623	0.00636	0.00803	0.00495	0.00468	0.00862	0.01334	0.01648	0.13660	0.15590	0.57604	0.01488	0.00695	0.00200	0.00298	0.01265	0.00552	0.00495
39	0.00823	0.00573	0.00705	0.00699	0.00760	0.00555	0.00460	0.00949	0.01192	0.01647	0.31321	0.10947	0.03596	0.38759	0.04237	0.00394	0.00460	0.00995	0.00483	0.00447
40	0.07386	0.01087	0.01409	0.11821	0.01838	0.01078	0.00971	0.13301	0.01700	0.47992	0.01877	0.01772	0.01229	0.00685	0.00564	0.00180	0.00546	0.00548	0.03111	0.00905
41	0.04228	0.12276	0.28009	0.01417	0.01981	0.18480	0.01439	0.19079	0.02889	0.03369	0.01100	0.01210	0.00826	0.00597	0.00526	0.00167	0.00794	0.00427	0.00355	0.00831
42	0.02084	0.13889	0.01854	0.01419	0.01754	0.63396	0.01104	0.05079	0.01624	0.01504	0.00906	0.01046	0.00758	0.00588	0.00505	0.00147	0.00971	0.00371	0.00303	0.00697
43	0.04767	0.01091	0.01365	0.01009	0.01500	0.00919	0.04836	0.04250	0.05234	0.14560	0.01328	0.01404	0.01003	0.00515	0.00482	0.00121	0.00482	0.00426	0.00427	0.54284
44	0.24040	0.16351	0.05860	0.01302	0.03370	0.18571	0.06727	0.07380	0.06523	0.02042	0.01029	0.01167	0.00820	0.00579	0.00500	0.00166	0.02078	0.00411	0.00344	0.00740
45	0.15756	0.01318	0.01930	0.05963	0.40750	0.01366	0.03716	0.10778	0.01469	0.09745	0.01204	0.01413	0.00924	0.00566	0.00544	0.00177	0.00637	0.00496	0.00379	0.00869
46	0.00822	0.00583	0.00692	0.00684	0.00763	0.00555	0.00461	0.00947	0.01200	0.01617	0.26771	0.04371	0.13011	0.39123	0.01791	0.00373	0.00431	0.04875	0.00482	0.00445
47	0.00815	0.00612	0.00777	0.00858	0.00993	0.00573	0.00693	0.01019	0.01318	0.01689	0.09248	0.18716	0.25033	0.01574	0.00750	0.00235	0.00411	0.33630	0.00545	0.00512
48	0.08467	0.30007	0.10866	0.02882	0.07187	0.01809	0.10256	0.14760	0.01470	0.02043	0.01009	0.01193	0.00810	0.00570	0.00560	0.00165	0.04378	0.00438	0.00327	0.00803
49	0.27654	0.10330	0.12556	0.06201	0.06203	0.05439	0.11762	0.07430	0.03783	0.02157	0.01029	0.01222	0.00793	0.00555	0.00496	0.00176	0.00685	0.00440	0.00333	0.00756
50	0.00921	0.00735	0.00864	0.00854	0.00931	0.05472	0.00608	0.01045	0.00945	0.01269	0.01622	0.02792	0.01664	0.33063	0.43846	0.00743	0.01143	0.00693	0.00326	0.00465
51	0.02211	0.01629	0.01745	0.01338	0.01803	0.01803	0.01105	0.73997	0.02734	0.03665	0.01396	0.01396	0.00989	0.00698	0.00582	0.00175	0.00640	0.00524	0.00582	0.00989
52	0.01377	0.03366	0.31948	0.10165	0.09841	0.01366	0.05869	0.10618	0.08241	0.04356	0.04265	0.03509	0.01182	0.00649	0.00581	0.00185	0.00725	0.00554	0.00364	0.00839
53	0.01206	0.08735	0.35987	0.05695	0.02067	0.01192	0.05811	0.01648	0.01257	0.06401	0.01687	0.12480	0.01579	0.00876	0.00609	0.00199	0.00702	0.10766	0.00360	0.00744
54	0.00846	0.00564	0.00634	0.00634	0.00634	0.00564	0.00352	0.00846	0.00846	0.01128	0.01832	0.03805	0.02114	0.79563	0.02960	0.00564	0.00564	0.00846	0.00352	0.00352
55	0.01166	0.03008	0.76550	0.01657	0.02517	0.01351	0.02149	0.01842	0.01228	0.01842	0.01044	0.01228	0.00737	0.00552	0.00552	0.00184	0.00859	0.00430	0.00246	0.00859
56	0.01454	0.06791	0.17623	0.15891	0.24236	0.01375	0.03689	0.04778	0.05974	0.08895	0.02946	0.01546	0.01052	0.00593	0.00566	0.00179	0.00701	0.00518	0.00351	0.00844
57	0.15052	0.04870	0.05433	0.01113	0.01519	0.09022	0.00955	0.14875	0.01643	0.27542	0.03406	0.01783	0.01265	0.00919	0.05109	0.00222	0.00655	0.03276	0.00515	0.00826
58	0.00840	0.00584	0.00739	0.00739	0.00775	0.00620	0.00482	0.00913	0.00877	0.01205	0.01737	0.03277	0.01885	0.53434	0.28775	0.00693	0.00909	0.00768	0.00338	0.00410
59	0.00746	0.00545	0.00706	0.00793	0.00873	0.00505	0.00565	0.00897	0.01251	0.01665	0.16147	0.51257	0.12391	0.01652	0.00731	0.00225	0.00339	0.07661	0.00557	0.00493
60	0.01412	0.24757	0.41190	0.01424	0.02084	0.01657	0.03279	0.06402	0.03470	0.04480	0.01073	0.01218	0.00815	0.00576	0.00563	0.00170	0.03881	0.00423	0.00296	0.00831
61	0.01640	0.01689	0.01319	0.01194	0.01475	0.30578	0.00909	0.06165	0.22546	0.04353	0.09801	0.06499	0.07650	0.00862	0.00591	0.00178	0.00660	0.00680	0.00480	0.00733
62	0.00709	0.00506	0.00675	0.00810	0.00843	0.00472	0.00540	0.00810	0.01113	0.01484	0.03205	0.79184	0.03846	0.01822	0.00742	0.00236	0.00337	0.01653	0.00540	0.00472
63	0.01473	0.01263	0.01870	0.42115	0.08320	0.01450	0.05982	0.23798	0.01663	0.02205	0.01174	0.01519	0.00879	0.00722	0.02923	0.00209	0.00764	0.00533	0.00364	0.00776
64	0.01221	0.01110	0.01810	0.55072	0.03377	0.01312	0.07561	0.08958	0.01347	0.01757	0.01261	0.03506	0.01046	0.00693	0.00642	0.00199	0.02703	0.05424	0.00319	0.00682
65	0.01137	0.01035	0.01668	0.66137	0.03584	0.01275	0.01499	0.05519	0.01240	0.01606	0.01204	0.07154	0.01009	0.00690	0.00629	0.00197	0.02866	0.00599	0.00297	0.00652
66	0.01233	0.01213	0.01697	0.01466	0.01472	0.01682	0.01213	0.01362	0.00892	0.01389	0.00842	0.01404	0.00843	0.03328	0.06672	0.00305	0.71579	0.00525	0.00261	0.00621
67	0.54409	0.01159	0.01207	0.03353	0.01448	0.01303	0.07648	0.03320	0.11996	0.02482	0.05795	0.01425	0.01139	0.00617	0.00457	0.00185	0.00504	0.00457	0.00407	0.00690
68	0.01442	0.01255	0.01261	0.01129	0.01432	0.06080	0.00876	0.06691	0.54038	0.02415	0.11443	0.02330	0.02123	0.00818	0.00591	0.00189	0.00476	0.00677	0.03888	0.00847
69	0.01391	0.01335	0.02290	0.08047	0.63586	0.01349	0.05103	0.01769	0.02792	0.01899	0.04013	0.01580	0.01104	0.00552	0.00586	0.00176	0.00689	0.00549	0.00306	0.00883
70	0.01139	0.01063	0.01781	0.61785	0.15425	0.01266	0.01572	0.01498	0.01171	0.01533	0.01088	0.01659	0.00874	0.04994	0.00714	0.00211	0.00750	0.00535	0.00268	0.00674
71	0.00862	0.00626	0.00824	0.00817	0.00957	0.00597	0.00641	0.01168	0.03530	0.02194	0.57009	0.06124	0.04905	0.01278	0.00709	0.00202	0.00336	0.16054	0.00615	0.00554
72	0.01519	0.05891	0.01710	0.28166	0.05398	0.18244	0.01249	0.08573	0.01391	0.03547	0.01095	0.01515	0.00911	0.05674	0.02466	0.00219	0.08281	0.00493	0.00320	0.03338
73	0.02563	0.00979	0.01335	0.01027	0.01468	0.00847	0.00847	0.02789	0.01664	0.74417	0.04198	0.02041	0.01545	0.00732	0.00587	0.00180	0.00489	0.00597	0.00718	0.00978
74	0.01965	0.02298	0.01626	0.01448	0.01726	0.52262	0.01113	0.07386	0.11526	0.01715	0.01116	0.01253	0.00906	0.00684	0.00710	0.00171	0.10576	0.00440	0.00353	0.00725
75	0.01372	0.01350	0.01375	0.01316	0.06054	0.20812	0.05178	0.01584	0.01442	0.05933	0.21912	0.12265	0.05771	0.01051	0.01971	0.00201	0.08507	0.00816	0.00452	0.00640
76	0.00857	0.00603	0.00784	0.00734	0.00879	0.00553	0.00552	0.01126	0.01637	0.03888	0.71939	0.04332	0.07539	0.01187	0.00684	0.00183	0.00280	0.01047	0.00639	0.00556
77	0.00831	0.00623	0.00935	0.00935	0.01038	0.00727	0.00727	0.01038	0.00935	0.01350	0.01558	0.02285	0.01454	0.04361	0.77259	0.00935	0.01558	0.00623	0.00312	0.00519
78	0.01777	0.02176	0.02530	0.01970	0.02412	0.39745	0.37094	0.02095	0.01512	0.01641	0.01036	0.01306	0.00815	0.00545	0.00604	0.00173	0.01015	0.00529	0.00297	0.00729
79	0.01174	0.02952	0.73711	0.01688	0.02537	0.01355	0.04931	0.01842	0.01233	0.01842	0.01049	0.01241	0.00742	0.00550	0.00558	0.00185	0.00864	0.00440	0.00247	0.00857
80	0.00818	0.00600	0.00849	0.00852	0.00948	0.00648	0.00638	0.01015	0.01109	0.01572	0.18825	0.10279	0.02667	0.09437	0.46255	0.00664	0.01064	0.00839	0.00413	0.00508
81	0.00687	0.00589	0.00589	0.00589	0.00785	0.00491	0.00442	0.00835	0.01325	0.01571	0.05891	0.05596	0.75700	0.01473	0.00687	0.00196	0.00295	0.01227	0.00540	0.00491
82	0.02019	0.01177	0.01948	0.11009	0.02203	0.01126	0.20172	0.07200	0.01584	0.40085	0.01769	0.01784	0.01181	0.00639	0.00605	0.00184	0.00660	0.00598	0.03178	0.00878
83	0.01530	0.66799	0.07016	0.01091	0.01562	0.04614	0.01086	0.01738	0.01176	0.01399	0.00821	0.00980	0.00747	0.00546	0.00512	0.00139	0.06916	0.00336	0.00251	0.00741
84	0.01420	0.01362	0.02326	0.07747	0.71908	0.01377	0.01775	0.01768	0.01315	0.01877	0.01090	0.01445	0.00913	0.00522	0.00576	0.00174	0.00696	0.00518	0.00286	0.00906
85	0.01362	0.01518	0.07206	0.01467	0.01702	0.12078	0.09568	0.05375	0.07575	0.01716	0.01490	0.14873	0.01457	0.00978	0.01067	0.00216	0.27079	0.02222	0.00366	0.00687
86	0.01272	0.01272	0.01781	0.01527	0.01527	0.01781	0.01272	0.01399	0.00891	0.01399	0.00763	0.01272	0.00763	0.01018	0.01908	0.00254	0.78499	0.00509	0.00254	0.00636
87	0.00820	0.00645	0.00746	0.00712	0.00888	0.00598	0.00536	0.01154	0.07414	0.02040	0.42238	0.04663	0.32870	0.01269	0.00679	0.00189	0.00297	0.01089	0.00597	0.00556
88	0.01272	0.01272	0.01781	0.01527	0.01527	0.01781	0.01272	0.01399	0.00891	0.01399	0.00763	0.01272	0.00763	0.01018	0.01908	0.00254	0.78499	0.00509	0.00254	0.00636
89	0.00937	0.00669	0.00937	0.01071	0.01205	0.00669	0.00937	0.01205	0.01339	0.01740	0.03079	0.06560	0.03347	0.01606	0.00803	0.00268	0.00535	0.72021	0.00535	0.00535
90	0.02172	0.02772	0.01648	0.01498	0.01798	0.77228	0.01124	0.02322	0.01648	0.01423	0.00899	0.01049	0.00749	0.00599	0.00524	0.00150	0.01049	0.00375	0.00300	0.00674
91	0.07631	0.01114	0.01390	0.01073	0.01520	0.01055	0.00886	0.15690	0.01816	0.58504	0.02038	0.01808	0.01307	0.00705	0.00570	0.00179	0.00518	0.00557	0.00672	0.00967
92	0.01446	0.01249	0.01315	0.01183	0.01512	0.01446	0.00920	0.03090	0.74885	0.02433	0.02367	0.02170	0.01775	0.00789	0.00592	0.00197	0.00460	0.00657	0.00592	0.00920
93	0.01288	0.01200	0.02152	0.24078	0.16230	0.01281	0.20928	0.01647	0.01262	0.04724	0.01423	0.01893	0.03897	0.00662	0.00719	0.00194	0.07196	0.02996	0.05499	0.00731
94	0.01010	0.00505	0.00758	0.00758	0.00758	0.00505	0.00505	0.00758	0.00758	0.01010	0.01010	0.01768	0.01010	0.02020	0.02273	0.83081	0.00505	0.00505	0.00253	0.00253
95	0.01674	0.05624	0.21635	0.01288	0.01804	0.01384	0.01259	0.09477	0.30416	0.16551	0.01827	0.01744	0.01305	0.00689	0.00568	0.00185	0.00599	0.00552	0.00505	0.00915
96	0.01667	0.01325	0.01414	0.01213	0.01577	0.01504	0.00960	0.19178	0.55557	0.05687	0.02144	0.01986	0.01583	0.00766	0.00589	0.00191	0.00502	0.00624	0.00595	0.00939
97	0.00709	0.00506	0.00675	0.00810	0.00843	0.00472	0.00540	0.00810	0.01113	0.01484	0.03205	0.79184	0.03846	0.01822	0.00742	0.00236	0.00337	0.01653	0.00540	0.00472
98	0.10097	0.01483	0.01413	0.01210	0.01576	0.09117	0.00958	0.21182	0.40139	0.03929	0.01809	0.01730	0.01347	0.00720	0.00559	0.00185	0.00565	0.00558	0.00538	0.00885
99	0.19215	0.10506	0.03953	0.01262	0.01668	0.09075	0.09598	0.16205	0.07029	0.05347	0.07631	0.01560	0.01300	0.00660	0.00559	0.00175	0.02542	0.00514	0.00427	0.00773
100	0.00846	0.00564	0.00634	0.00634	0.00634	0.00564	0.00352	0.00846	0.00846	0.01128	0.01832	0.03805	0.02114	0.79563	0.02960	0.00564	0.00564	0.00846	0.00352	0.00352
101	0.00831	0.00589	0.00735	0.00698	0.00842	0.00541	0.00524	0.01091	0.01571	0.02230	0.61036	0.04291	0.13148	0.01175	0.00661	0.00180	0.00276	0.01026	0.08012	0.00541
102	0.01313	0.01389	0.02819	0.02493	0.19243	0.01325	0.47096	0.01730	0.01345	0.01840	0.01436	0.06155	0.01270	0.00668	0.00675	0.00199	0.00841	0.07060	0.00327	0.00776
103	0.00887	0.00689	0.00993	0.00974	0.01088	0.00815	0.00761	0.01182	0.05580	0.01420	0.01577	0.02237	0.01446	0.04002	0.69407	0.00861	0.04586	0.00621	0.00327	0.00549
104	0.00709	0.00506	0.00675	0.00810	0.00843	0.00472	0.00540	0.00810	0.01113	0.01484	0.03205	0.79184	0.03846	0.01822	0.00742	0.00236	0.00337	0.01653	0.00540	0.00472
105	0.73825	0.01062	0.00846	0.00761	0.01094	0.01215	0.00620	0.01637	0.01068	0.02576	0.09702	0.01349	0.01207	0.00617	0.00399	0.00180	0.00429	0.00402	0.00393	0.00620
106	0.01392	0.01406	0.06331	0.20913	0.50203	0.01385	0.01722	0.06256	0.01369	0.01910	0.01096	0.01451	0.00881	0.00546	0.00576	0.00178	0.00717	0.00513	0.00297	0.00857
107	0.01564	0.01536	0.08855	0.01836	0.20188	0.06142	0.01271	0.09116	0.30411	0.06046	0.03723	0.01921	0.01449	0.00707	0.00587	0.00185	0.00609	0.02495	0.00470	0.00889
108	0.68257	0.01206	0.01056	0.00993	0.05237	0.01376	0.00756	0.11470	0.01243	0.02713	0.00904	0.01032	0.00694	0.00560	0.00401	0.00179	0.00488	0.00354	0.00386	0.00694
109	0.01233	0.01162	0.01899	0.02453	0.42431	0.01132	0.08491	0.04366	0.01388	0.01881	0.04252	0.04375	0.20798	0.00820	0.00623	0.00183	0.00595	0.00761	0.00381	0.00778
110	0.01282	0.00612	0.00682	0.00632	0.00814	0.00588	0.00486	0.01546	0.01325	0.13010	0.09007	0.02349	0.01865	0.00733	0.00459	0.00147	0.00304	0.00597	0.62955	0.00608
111	0.00906	0.00803	0.05569	0.05121	0.01174	0.00663	0.00707	0.01202	0.04064	0.05088	0.30243	0.10504	0.27880	0.01236	0.00671	0.00195	0.00372	0.02469	0.00552	0.00580
112	0.00923	0.00617	0.00809	0.00749	0.00903	0.00566	0.00566	0.01195	0.01647	0.06476	0.71522	0.04211	0.05260	0.01163	0.00680	0.00183	0.00287	0.01026	0.00645	0.00573
113	0.01401	0.49544	0.32072	0.01257	0.01897	0.01926	0.01451	0.01781	0.01200	0.01555	0.00901	0.01049	0.00742	0.00519	0.00444	0.00148	0.00716	0.00358	0.00247	0.00791
114	0.01202	0.07765	0.68062	0.01658	0.02480	0.01417	0.05868	0.01836	0.01233	0.01813	0.01036	0.01227	0.00745	0.00546	0.00548	0.00181	0.00851	0.00436	0.00248	0.00848
115	0.01503	0.08587	0.01499	0.01180	0.01528	0.03755	0.00940	0.05325	0.63497	0.02346	0.02147	0.01996	0.01623	0.00753	0.00569	0.00188	0.00498	0.00613	0.00551	0.00899

[dist]
# distance from previous block
# <min> <max>
11	22

[block]
# block no. 1 follows, 40 sequences, length 8
# corresponding to MSA columns:
# 1345-1352
name=unknown_B
#
# <colnr> <probs for GDERKNQSTAVLIFYWHMCP>
#	G	D	E	R	K	N	Q	S	T	A	V	L	I	F	Y	W	H	M	C	P
0	0.02126	0.01177	0.06388	0.08392	0.09520	0.01000	0.05023	0.02417	0.01521	0.50480	0.01948	0.04518	0.01335	0.00702	0.00592	0.00184	0.00584	0.00605	0.00574	0.00914
1	0.01153	0.01096	0.01899	0.58054	0.13284	0.01279	0.06862	0.01536	0.01210	0.01584	0.01177	0.01843	0.00960	0.00629	0.00602	0.00196	0.00764	0.04904	0.00282	0.00686
2	0.01580	0.01413	0.02624	0.11594	0.16769	0.03835	0.37014	0.01976	0.01395	0.13952	0.01316	0.01592	0.00963	0.00548	0.00631	0.00187	0.00823	0.00607	0.00358	0.00823
3	0.01474	0.02030	0.38905	0.05426	0.02283	0.01174	0.11654	0.01956	0.01332	0.18501	0.01536	0.08472	0.01196	0.00697	0.00597	0.00190	0.00743	0.00615	0.00386	0.00833
4	0.01735	0.06006	0.22072	0.08602	0.11804	0.06797	0.03440	0.02198	0.05818	0.23625	0.01476	0.01542	0.01038	0.00613	0.00562	0.00178	0.00703	0.00505	0.00417	0.00868
5	0.01158	0.00928	0.07876	0.01053	0.01286	0.00752	0.04810	0.01458	0.05653	0.13859	0.02574	0.42753	0.02693	0.01570	0.06269	0.00270	0.00548	0.03332	0.00515	0.00642
6	0.01450	0.08824	0.23126	0.02025	0.19624	0.07941	0.11639	0.01846	0.01326	0.07413	0.01332	0.08403	0.01138	0.00663	0.00578	0.00179	0.00757	0.00594	0.00330	0.00812
7	0.01226	0.01700	0.22508	0.21497	0.26674	0.01300	0.07986	0.01670	0.01248	0.01750	0.01207	0.06393	0.01018	0.00624	0.00591	0.00187	0.00761	0.00581	0.00286	0.00795

[dist]
# distance from previous block
# <min> <max>
0	2

[block]
# block no. 2 follows, 40 sequences, length 28
# corresponding to MSA columns:
# 1355-1382
name=unknown_C
#
# <colnr> <probs for GDERKNQSTAVLIFYWHMCP>
#	G	D	E	R	K	N	Q	S	T	A	V	L	I	F	Y	W	H	M	C	P
0	0.01310	0.01166	0.01954	0.30747	0.40082	0.01253	0.01581	0.01646	0.01264	0.05136	0.01293	0.07617	0.01121	0.00653	0.00591	0.00186	0.00685	0.00610	0.00317	0.00788
1	0.01358	0.01298	0.09775	0.18973	0.11981	0.01204	0.07831	0.01829	0.08119	0.10951	0.05738	0.06432	0.01509	0.00820	0.01768	0.00208	0.06171	0.02873	0.00399	0.00764
2	0.01340	0.01641	0.17862	0.12187	0.38575	0.01306	0.07832	0.01758	0.01301	0.04692	0.01374	0.01652	0.04691	0.00587	0.00587	0.00181	0.00734	0.00552	0.00305	0.00843
3	0.02190	0.01312	0.04950	0.01294	0.05372	0.04181	0.01035	0.18401	0.01774	0.40720	0.01809	0.01844	0.01263	0.04109	0.00773	0.00200	0.05760	0.01523	0.00579	0.00911
4	0.01427	0.34294	0.37055	0.01336	0.01989	0.01770	0.01534	0.09404	0.01366	0.01833	0.01027	0.02668	0.00829	0.00571	0.00486	0.00160	0.00729	0.00415	0.00288	0.00819
5	0.01082	0.00831	0.01356	0.05349	0.11277	0.00805	0.09196	0.01312	0.01268	0.07517	0.05826	0.37966	0.02792	0.01293	0.00698	0.00218	0.00513	0.09590	0.00482	0.00628
6	0.01501	0.49722	0.12110	0.06642	0.07623	0.01865	0.01219	0.01783	0.01250	0.06420	0.04291	0.01273	0.01016	0.00557	0.00454	0.00147	0.00645	0.00408	0.00300	0.00775
7	0.01430	0.18916	0.31929	0.01413	0.01911	0.01625	0.01520	0.01799	0.01169	0.09362	0.01044	0.01255	0.00819	0.00688	0.00897	0.00190	0.22505	0.00442	0.00298	0.00786
8	0.01196	0.05555	0.68260	0.01697	0.02523	0.01393	0.07743	0.01840	0.01238	0.01827	0.01046	0.01244	0.00748	0.00546	0.00557	0.00183	0.00861	0.00446	0.00249	0.00850
9	0.01238	0.08870	0.53012	0.01642	0.08293	0.01326	0.01806	0.01780	0.01275	0.04697	0.04722	0.01713	0.03327	0.00646	0.00560	0.00181	0.00757	0.03028	0.00305	0.00823
10	0.01310	0.01087	0.01790	0.56732	0.13623	0.01279	0.01546	0.01664	0.01226	0.09323	0.01162	0.01568	0.00864	0.00604	0.00634	0.00192	0.03842	0.00524	0.00310	0.00720
11	0.01717	0.01697	0.04342	0.10665	0.02274	0.22479	0.20774	0.05660	0.01507	0.12801	0.01460	0.09300	0.01215	0.00713	0.00610	0.00183	0.00817	0.00645	0.00393	0.00749
12	0.01360	0.01206	0.04989	0.36448	0.05761	0.03878	0.10932	0.01764	0.04547	0.11562	0.01532	0.10704	0.01285	0.00739	0.00612	0.00195	0.00710	0.00679	0.00374	0.00723
13	0.04184	0.01323	0.12447	0.35331	0.16878	0.01190	0.01507	0.01627	0.01229	0.07380	0.01385	0.10435	0.01197	0.00717	0.00587	0.00192	0.00688	0.00633	0.00333	0.00735
14	0.01178	0.07035	0.09618	0.18960	0.06856	0.01111	0.01108	0.01413	0.01103	0.06747	0.01507	0.09003	0.01473	0.22833	0.01347	0.00297	0.06759	0.00689	0.00342	0.00621
15	0.00803	0.00624	0.00791	0.07174	0.01146	0.00604	0.00667	0.00972	0.01215	0.01535	0.03784	0.21082	0.28562	0.10418	0.00977	0.00264	0.00431	0.17963	0.00494	0.00494
16	0.01421	0.04804	0.36231	0.04677	0.11650	0.01336	0.17092	0.01925	0.01317	0.10777	0.01256	0.02732	0.00929	0.00576	0.00586	0.00184	0.00800	0.00534	0.00324	0.00849
17	0.01492	0.01213	0.07546	0.26387	0.18556	0.01144	0.01400	0.01891	0.04476	0.17935	0.01634	0.05104	0.01326	0.00738	0.00604	0.00193	0.00652	0.06505	0.00412	0.00793
18	0.01301	0.01512	0.08599	0.14149	0.02906	0.01367	0.47021	0.05390	0.01376	0.01862	0.01322	0.07951	0.01105	0.00630	0.00659	0.00197	0.00868	0.00711	0.00320	0.00753
19	0.00987	0.00788	0.01164	0.17427	0.01712	0.00841	0.03995	0.01230	0.01312	0.05160	0.19824	0.17186	0.13951	0.01173	0.00771	0.00207	0.06599	0.04610	0.00478	0.00583
20	0.01317	0.01429	0.16703	0.07172	0.24165	0.01079	0.04029	0.01680	0.01340	0.10746	0.05194	0.06371	0.09877	0.00828	0.00618	0.00191	0.00627	0.05452	0.00402	0.00780
21	0.04785	0.01644	0.27961	0.09992	0.02010	0.01036	0.01332	0.01928	0.01358	0.24821	0.02153	0.04516	0.10691	0.00788	0.00587	0.00189	0.00625	0.02334	0.00452	0.00800
22	0.04414	0.00953	0.01275	0.01025	0.01427	0.00849	0.00844	0.02597	0.03349	0.63632	0.02359	0.05632	0.01680	0.00834	0.00603	0.00190	0.00489	0.06241	0.00685	0.00921
23	0.07378	0.01166	0.01657	0.07955	0.06464	0.01196	0.07999	0.12806	0.01630	0.31334	0.07429	0.01850	0.01446	0.00716	0.00681	0.00187	0.06136	0.00589	0.00529	0.00852
24	0.08488	0.03088	0.13856	0.12989	0.17476	0.01214	0.02687	0.05050	0.01398	0.19733	0.01505	0.01901	0.01159	0.00675	0.00573	0.00187	0.00653	0.06122	0.00417	0.00829
25	0.05320	0.01183	0.03153	0.09240	0.12452	0.02426	0.08002	0.03329	0.10390	0.27677	0.04928	0.04073	0.01515	0.00727	0.00597	0.00188	0.00597	0.02846	0.00508	0.00847
26	0.07229	0.13017	0.06851	0.01099	0.02954	0.01069	0.04114	0.01673	0.02806	0.16905	0.02032	0.17203	0.01968	0.08348	0.00819	0.00231	0.00544	0.09986	0.00465	0.00688
27	0.21132	0.30082	0.08795	0.01124	0.02845	0.01611	0.04123	0.04487	0.02557	0.13855	0.01144	0.01213	0.00868	0.00558	0.00450	0.00157	0.00590	0.00401	0.00374	0.03633

[dist]
# distance from previous block
# <min> <max>
31	202

[block]
# block no. 3 follows, 40 sequences, length 24
# corresponding to MSA columns:
# 1602-1625
name=unknown_D
#
# <colnr> <probs for GDERKNQSTAVLIFYWHMCP>
#	G	D	E	R	K	N	Q	S	T	A	V	L	I	F	Y	W	H	M	C	P
0	0.05618	0.09407	0.28609	0.01878	0.18814	0.01365	0.04834	0.05175	0.01348	0.09582	0.01263	0.04629	0.01000	0.00609	0.00546	0.00174	0.00699	0.00513	0.00343	0.03592
1	0.01457	0.06059	0.14924	0.03094	0.13244	0.01245	0.07625	0.09623	0.05809	0.09545	0.04667	0.09407	0.01545	0.00768	0.00593	0.00182	0.00631	0.03308	0.00423	0.05851
2	0.02898	0.09971	0.06749	0.18680	0.21441	0.04375	0.02586	0.09164	0.01448	0.08239	0.03788	0.05647	0.01206	0.00663	0.00563	0.00177	0.00673	0.00568	0.00368	0.00797
3	0.10942	0.08918	0.09051	0.13240	0.07235	0.03602	0.02314	0.08331	0.04153	0.09198	0.11492	0.05976	0.01692	0.00741	0.00556	0.00180	0.00594	0.00610	0.00425	0.00750
4	0.04780	0.08932	0.12351	0.01842	0.14176	0.08990	0.15502	0.08482	0.01479	0.05383	0.05652	0.04583	0.01259	0.00639	0.00571	0.00173	0.00730	0.00572	0.00363	0.03542
5	0.01257	0.13890	0.01963	0.43330	0.12719	0.01463	0.01419	0.05378	0.01270	0.01640	0.01331	0.01680	0.05707	0.00642	0.00610	0.00181	0.03987	0.00530	0.00296	0.00706
6	0.04622	0.08630	0.07959	0.05309	0.35533	0.01331	0.04691	0.03208	0.03177	0.04601	0.01399	0.10585	0.01287	0.02902	0.00664	0.00192	0.02124	0.00640	0.00344	0.00801
7	0.04700	0.32099	0.29899	0.01504	0.09159	0.05126	0.01477	0.01844	0.01246	0.04628	0.00992	0.01145	0.00786	0.00533	0.00475	0.00156	0.00719	0.00390	0.00279	0.02842
8	0.08771	0.01695	0.01512	0.01312	0.01562	0.27325	0.02887	0.10724	0.01423	0.01820	0.01061	0.01373	0.00909	0.01366	0.14849	0.00318	0.15829	0.00466	0.00335	0.04465
9	0.01010	0.00505	0.00758	0.00758	0.00758	0.00505	0.00505	0.00758	0.00758	0.01010	0.01010	0.01768	0.01010	0.02020	0.02273	0.83081	0.00505	0.00505	0.00253	0.00253
10	0.00723	0.00538	0.00673	0.00749	0.00835	0.00489	0.00520	0.00862	0.01246	0.01641	0.15547	0.51090	0.19679	0.01643	0.00721	0.00219	0.00318	0.01463	0.00556	0.00489
11	0.01311	0.02916	0.01496	0.09546	0.05091	0.01220	0.03890	0.01793	0.14355	0.09636	0.10447	0.08749	0.01905	0.01165	0.06235	0.00258	0.18112	0.00719	0.00442	0.00714
12	0.01495	0.07613	0.04681	0.19612	0.12618	0.01287	0.07699	0.03534	0.09095	0.12598	0.03309	0.01629	0.01140	0.00598	0.00558	0.00170	0.00641	0.00530	0.00394	0.10800
13	0.47224	0.24384	0.01622	0.00945	0.01324	0.10132	0.00818	0.01775	0.01116	0.02065	0.00818	0.00966	0.00683	0.00553	0.00444	0.00163	0.03657	0.00328	0.00316	0.00669
14	0.00719	0.00606	0.00627	0.00636	0.00820	0.00526	0.00471	0.00920	0.04181	0.01596	0.05469	0.13234	0.65218	0.01483	0.00689	0.00201	0.00306	0.01250	0.00542	0.00506
15	0.00804	0.00692	0.03940	0.00761	0.00934	0.00570	0.00610	0.01054	0.01503	0.02053	0.48359	0.10507	0.20253	0.01292	0.00690	0.00194	0.00320	0.04332	0.00589	0.00543
16	0.00819	0.00594	0.00771	0.00727	0.00866	0.00547	0.00545	0.01089	0.01635	0.02307	0.73296	0.04386	0.07835	0.01198	0.00686	0.00183	0.00275	0.01058	0.00637	0.00547
17	0.01360	0.01300	0.02216	0.21003	0.59125	0.01361	0.01745	0.01715	0.01286	0.01803	0.01080	0.01465	0.00887	0.00533	0.00577	0.00178	0.00711	0.00518	0.00281	0.00857
18	0.00796	0.00590	0.00703	0.00675	0.00831	0.00530	0.00506	0.01029	0.01518	0.02079	0.48876	0.04610	0.27637	0.01248	0.00669	0.00184	0.00281	0.01077	0.05633	0.00530
19	0.00969	0.00715	0.00906	0.00959	0.03818	0.00692	0.00726	0.01331	0.08217	0.04857	0.23165	0.09195	0.19606	0.01326	0.00706	0.00214	0.00397	0.21039	0.00568	0.00593
20	0.02076	0.11595	0.01826	0.01380	0.01750	0.44207	0.01094	0.21862	0.05254	0.02075	0.01091	0.01181	0.00861	0.00623	0.00525	0.00156	0.00859	0.00421	0.00384	0.00780
21	0.04559	0.01369	0.02150	0.08083	0.55647	0.01436	0.01617	0.09688	0.03049	0.02084	0.01127	0.01433	0.00920	0.00569	0.00622	0.00178	0.03742	0.00514	0.00326	0.00888
22	0.01469	0.03590	0.07565	0.11731	0.31951	0.04038	0.13691	0.08736	0.07728	0.02022	0.01220	0.01491	0.00953	0.00566	0.00588	0.00180	0.00747	0.00542	0.00336	0.00854
23	0.00985	0.00646	0.00833	0.00815	0.00954	0.00610	0.00597	0.04996	0.01510	0.07498	0.39762	0.31462	0.04350	0.01361	0.00694	0.00202	0.00333	0.01210	0.00606	0.00576

[dist]
# distance from previous block
# <min> <max>
1	14

[block]
# block no. 4 follows, 40 sequences, length 13
# corresponding to MSA columns:
# 1640-1652
name=unknown_E
#
# <colnr> <probs for GDERKNQSTAVLIFYWHMCP>
#	G	D	E	R	K	N	Q	S	T	A	V	L	I	F	Y	W	H	M	C	P
0	0.00856	0.00649	0.00918	0.00904	0.01010	0.00720	0.00682	0.01031	0.00956	0.01371	0.01693	0.09833	0.01703	0.12059	0.54876	0.00756	0.03675	0.00728	0.00338	0.05241
1	0.00924	0.00742	0.01101	0.05603	0.05549	0.00872	0.00839	0.01115	0.00955	0.01364	0.01465	0.02305	0.01409	0.13711	0.51532	0.00736	0.08303	0.00630	0.00307	0.00538
2	0.01421	0.01401	0.02209	0.16727	0.58810	0.05787	0.01716	0.01763	0.01314	0.01798	0.01072	0.01436	0.00885	0.00534	0.00574	0.00175	0.00727	0.00510	0.00283	0.00858
3	0.01468	0.01255	0.02049	0.12054	0.37760	0.01289	0.09488	0.09351	0.01457	0.05016	0.01285	0.01584	0.01004	0.00572	0.00567	0.00173	0.00663	0.00543	0.11593	0.00830
4	0.01439	0.01382	0.02360	0.03569	0.75936	0.01382	0.01785	0.01785	0.01324	0.01900	0.01094	0.01439	0.00921	0.00518	0.00576	0.00173	0.00691	0.00518	0.00288	0.00921
5	0.59408	0.01084	0.01003	0.00846	0.01232	0.01170	0.00697	0.02046	0.01192	0.24677	0.01254	0.01254	0.00872	0.00594	0.00427	0.00180	0.00463	0.00396	0.00468	0.00737
6	0.01032	0.03070	0.03753	0.07396	0.08572	0.00884	0.02921	0.01464	0.09411	0.03543	0.33818	0.03500	0.16306	0.01012	0.00642	0.00186	0.00433	0.00884	0.00520	0.00654
7	0.00782	0.00588	0.00724	0.00700	0.00846	0.00530	0.00521	0.01014	0.01534	0.02089	0.53712	0.09059	0.23171	0.01298	0.00690	0.00189	0.00283	0.01131	0.00609	0.00530
8	0.01145	0.09980	0.11316	0.09017	0.13221	0.01161	0.01163	0.01631	0.10434	0.01883	0.16072	0.10893	0.03960	0.00892	0.00600	0.00185	0.00546	0.03179	0.00424	0.02298
9	0.05226	0.09964	0.07846	0.29067	0.17962	0.01450	0.03916	0.04664	0.08004	0.04687	0.01201	0.01473	0.00921	0.00581	0.00549	0.00180	0.00695	0.00500	0.00329	0.00786
10	0.00980	0.00624	0.00812	0.00762	0.00922	0.00567	0.00572	0.01224	0.01572	0.09534	0.56576	0.12293	0.08867	0.01227	0.00682	0.00189	0.00304	0.01080	0.00632	0.00581
11	0.04453	0.05720	0.12287	0.01113	0.04933	0.00973	0.00950	0.01438	0.05591	0.04244	0.22843	0.08653	0.09851	0.04186	0.02681	0.00226	0.04977	0.03768	0.00467	0.00648
12	0.06164	0.42055	0.15698	0.08867	0.04659	0.01830	0.01269	0.05922	0.01299	0.05988	0.01002	0.01152	0.00801	0.00543	0.00457	0.00153	0.00666	0.00388	0.00303	0.00784

[dist]
# distance from previous block
# <min> <max>
0	7

[block]
# block no. 5 follows, 40 sequences, length 6
# corresponding to MSA columns:
# 1660-1662,1664-1666
name=unknown_F
#
# <colnr> <probs for GDERKNQSTAVLIFYWHMCP>
#	G	D	E	R	K	N	Q	S	T	A	V	L	I	F	Y	W	H	M	C	P
0	0.15053	0.00964	0.04894	0.01012	0.05775	0.00897	0.00769	0.01721	0.09606	0.10975	0.17086	0.06719	0.06922	0.00873	0.00552	0.00179	0.00411	0.00723	0.14184	0.00687
1	0.13240	0.01007	0.01285	0.00999	0.01437	0.00914	0.00825	0.02687	0.01576	0.66669	0.02100	0.01844	0.01333	0.00696	0.00555	0.00180	0.00489	0.00549	0.00673	0.00942
2	0.01273	0.09317	0.29473	0.08713	0.09274	0.04698	0.07953	0.01854	0.08798	0.01835	0.06021	0.01823	0.03208	0.00660	0.00574	0.00182	0.00731	0.02490	0.00333	0.00789
3	0.00785	0.00576	0.00736	0.00731	0.00854	0.00527	0.00535	0.01010	0.01503	0.02077	0.53267	0.19458	0.13084	0.01348	0.00697	0.00195	0.00289	0.01192	0.00609	0.00527
4	0.01364	0.01796	0.26216	0.12875	0.22524	0.01294	0.06161	0.01928	0.07386	0.07093	0.01301	0.01526	0.00972	0.00580	0.00570	0.00182	0.00723	0.00517	0.04150	0.00841
5	0.00831	0.00615	0.00802	0.00867	0.00996	0.00572	0.00678	0.01033	0.01310	0.01747	0.15416	0.29010	0.11705	0.01530	0.00732	0.00226	0.00397	0.26206	0.00545	0.04782

[dist]
# distance from previous block
# <min> <max>
1	10

[block]
# block no. 6 follows, 40 sequences, length 7
# corresponding to MSA columns:
# 1677-1683
name=unknown_G
#
# <colnr> <probs for GDERKNQSTAVLIFYWHMCP>
#	G	D	E	R	K	N	Q	S	T	A	V	L	I	F	Y	W	H	M	C	P
0	0.36834	0.14095	0.06182	0.03417	0.01565	0.07458	0.03768	0.10806	0.01375	0.03985	0.04914	0.01271	0.00999	0.00596	0.00456	0.00169	0.00596	0.00418	0.00375	0.00721
1	0.04670	0.40841	0.10380	0.04101	0.07384	0.01643	0.01079	0.01583	0.01255	0.01677	0.14320	0.01787	0.01675	0.04691	0.00605	0.00173	0.00587	0.00508	0.00332	0.00708
2	0.01163	0.01089	0.07344	0.09815	0.01585	0.01007	0.00928	0.12136	0.12222	0.02333	0.32966	0.03140	0.09966	0.00964	0.00634	0.00186	0.00462	0.00822	0.00539	0.00698
3	0.00742	0.00555	0.00706	0.00760	0.00857	0.00519	0.00541	0.00901	0.01254	0.01671	0.19206	0.39677	0.18897	0.01879	0.08740	0.00290	0.00443	0.01327	0.00538	0.00498
4	0.01099	0.01305	0.13446	0.34955	0.07612	0.01137	0.09063	0.01437	0.01173	0.01564	0.01556	0.05140	0.07308	0.00849	0.00789	0.09278	0.00716	0.00628	0.00297	0.00648
5	0.00956	0.00601	0.00779	0.00803	0.00935	0.00547	0.00588	0.01129	0.01344	0.09920	0.20970	0.38623	0.13238	0.01489	0.00708	0.00214	0.00346	0.05673	0.00584	0.00554
6	0.01503	0.56884	0.02785	0.01535	0.15511	0.02073	0.01173	0.01714	0.01178	0.01472	0.00857	0.01064	0.00781	0.00556	0.00572	0.00147	0.08799	0.00371	0.00257	0.00768

[dist]
# distance from previous block
# <min> <max>
0	12

[block]
# block no. 7 follows, 40 sequences, length 11
# corresponding to MSA columns:
# 1696-1706
name=unknown_H
#
# <colnr> <probs for GDERKNQSTAVLIFYWHMCP>
#	G	D	E	R	K	N	Q	S	T	A	V	L	I	F	Y	W	H	M	C	P
0	0.01348	0.01741	0.12168	0.02356	0.02977	0.01456	0.65260	0.01860	0.01355	0.01860	0.01161	0.01528	0.00865	0.00498	0.00670	0.00195	0.00966	0.00656	0.00288	0.00793
1	0.01587	0.52707	0.08985	0.05776	0.05709	0.04510	0.01189	0.10389	0.01393	0.01720	0.00930	0.01080	0.00785	0.00536	0.00441	0.00143	0.00671	0.00372	0.00293	0.00786
2	0.01464	0.57294	0.09054	0.01160	0.01587	0.02114	0.01150	0.01680	0.01126	0.01415	0.00819	0.01027	0.00749	0.00608	0.00702	0.00156	0.16549	0.00362	0.00250	0.00733
3	0.00709	0.00506	0.00675	0.00810	0.00843	0.00472	0.00540	0.00810	0.01113	0.01484	0.03205	0.79184	0.03846	0.01822	0.00742	0.00236	0.00337	0.01653	0.00540	0.00472
4	0.01258	0.02712	0.64455	0.05693	0.02561	0.01324	0.05708	0.01882	0.01257	0.06198	0.01123	0.01306	0.00787	0.00561	0.00563	0.00185	0.00840	0.00457	0.00277	0.00852
5	0.01446	0.01249	0.01315	0.01183	0.01512	0.01446	0.00920	0.03090	0.74885	0.02433	0.02367	0.02170	0.01775	0.00789	0.00592	0.00197	0.00460	0.00657	0.00592	0.00920
6	0.00823	0.00594	0.00777	0.00732	0.00869	0.00549	0.00549	0.01097	0.01646	0.02332	0.75629	0.04344	0.05487	0.01189	0.00686	0.00183	0.00274	0.01052	0.00640	0.00549
7	0.00726	0.00581	0.00650	0.00654	0.00815	0.00504	0.00482	0.00902	0.01386	0.01764	0.24251	0.14053	0.48306	0.01438	0.00693	0.00198	0.00294	0.01231	0.00567	0.00504
8	0.12227	0.01046	0.01159	0.00848	0.01344	0.00846	0.00681	0.01497	0.01177	0.01990	0.01004	0.01171	0.00830	0.00445	0.00421	0.00099	0.00433	0.00341	0.00347	0.72094
9	0.04933	0.10585	0.01990	0.06709	0.35520	0.01309	0.02895	0.01840	0.04134	0.11226	0.03039	0.07489	0.01299	0.00667	0.00557	0.00173	0.00604	0.00594	0.00380	0.04058
10	0.01082	0.01128	0.13142	0.01027	0.01368	0.00797	0.04726	0.03238	0.01490	0.06346	0.37772	0.09828	0.03408	0.00972	0.00629	0.00176	0.00453	0.00858	0.00515	0.11045

[dist]
# distance from previous block
# <min> <max>
0	5

[block]
# block no. 8 follows, 40 sequences, length 10
# corresponding to MSA columns:
# 1712-1721
name=unknown_I
#
# <colnr> <probs for GDERKNQSTAVLIFYWHMCP>
#	G	D	E	R	K	N	Q	S	T	A	V	L	I	F	Y	W	H	M	C	P
0	0.69188	0.01229	0.01028	0.01022	0.06866	0.05371	0.00747	0.01737	0.01061	0.02458	0.00847	0.01000	0.00669	0.00536	0.00388	0.00173	0.00500	0.00335	0.00350	0.04494
1	0.19722	0.01466	0.10409	0.14620	0.21232	0.03912	0.06471	0.05729	0.01296	0.02082	0.01092	0.01372	0.00849	0.00560	0.00519	0.00177	0.00669	0.00471	0.06591	0.00760
2	0.01379	0.03066	0.06124	0.17875	0.25590	0.01230	0.05604	0.01830	0.06856	0.07491	0.01394	0.01869	0.01139	0.00632	0.00578	0.00177	0.00659	0.05458	0.00359	0.10691
3	0.00938	0.00616	0.00810	0.00758	0.00910	0.00564	0.00569	0.01197	0.01610	0.07390	0.65435	0.09473	0.05091	0.01201	0.00683	0.00186	0.00294	0.01062	0.00639	0.00574
4	0.01060	0.00941	0.01524	0.19418	0.24776	0.00982	0.02906	0.01337	0.01261	0.01711	0.08307	0.22740	0.04753	0.01027	0.00649	0.00202	0.00566	0.04773	0.00400	0.00668
5	0.00724	0.00574	0.00651	0.00667	0.00817	0.00501	0.00487	0.00891	0.01358	0.01733	0.21761	0.20196	0.44631	0.01477	0.00698	0.00201	0.00298	0.01272	0.00564	0.00501
6	0.00775	0.00557	0.00734	0.00765	0.00858	0.00516	0.00545	0.00976	0.01421	0.01974	0.45061	0.35932	0.04794	0.01456	0.00710	0.00205	0.00301	0.01306	0.00598	0.00516
7	0.01936	0.02286	0.01796	0.13644	0.04852	0.52053	0.05263	0.08179	0.01636	0.01663	0.00984	0.01199	0.00787	0.00596	0.00549	0.00162	0.00955	0.00432	0.00316	0.00711
8	0.76749	0.01146	0.00981	0.01001	0.07422	0.01311	0.00727	0.01716	0.01018	0.02549	0.00834	0.00986	0.00654	0.00538	0.00378	0.00179	0.00470	0.00332	0.00354	0.00654
9	0.01123	0.01161	0.08777	0.16322	0.22857	0.01026	0.01280	0.01436	0.01231	0.03264	0.05229	0.13594	0.05426	0.01163	0.07663	0.00253	0.00688	0.00741	0.00361	0.06405

[dist]
# distance from previous block
# <min> <max>
0	4

[block]
# block no. 9 follows, 40 sequences, length 23
# corresponding to MSA columns:
# 1726-1740,1745-1748,1762-1765
name=unknown_J
#
# <colnr> <probs for GDERKNQSTAVLIFYWHMCP>
#	G	D	E	R	K	N	Q	S	T	A	V	L	I	F	Y	W	H	M	C	P
0	0.42906	0.00963	0.01038	0.00934	0.01177	0.01085	0.05473	0.01439	0.01042	0.02098	0.01438	0.13261	0.01423	0.06262	0.03291	0.00246	0.06344	0.03295	0.05700	0.00585
1	0.01093	0.01013	0.01688	0.65520	0.08436	0.01224	0.01520	0.01467	0.01222	0.01598	0.08481	0.01822	0.01255	0.00638	0.00591	0.00191	0.00720	0.00570	0.00298	0.00654
2	0.70091	0.01259	0.01057	0.01093	0.08634	0.06319	0.00778	0.01757	0.01066	0.02460	0.00844	0.01001	0.00667	0.00542	0.00392	0.00177	0.00513	0.00339	0.00349	0.00662
3	0.01497	0.01857	0.27730	0.03216	0.09167	0.02348	0.12223	0.09276	0.01453	0.10655	0.01366	0.02964	0.01021	0.00629	0.00618	0.00182	0.03507	0.00542	0.08922	0.00828
4	0.01055	0.01102	0.08237	0.07511	0.12130	0.01018	0.01063	0.01502	0.10439	0.01868	0.17096	0.13393	0.11306	0.01041	0.00768	0.00200	0.08268	0.00877	0.00452	0.00676
5	0.23072	0.00985	0.01166	0.00936	0.01331	0.00939	0.00767	0.02374	0.01491	0.50179	0.09234	0.01952	0.01637	0.00721	0.00538	0.00180	0.00461	0.00563	0.00620	0.00854
