[name]
unknown

[dist]
# distance from previous block
# <min> <max>
0	466

[block]
# block no. 0 follows, 47 sequences, length 15
# corresponding to MSA columns:
# 635-649
name=unknown_A
#
# <colnr> <probs for GDERKNQSTAVLIFYWHMCP>
#	G	D	E	R	K	N	Q	S	T	A	V	L	I	F	Y	W	H	M	C	P
0	0.01229	0.01405	0.03073	0.02195	0.02722	0.01317	0.76558	0.01668	0.01229	0.01668	0.01054	0.01405	0.00790	0.00439	0.00615	0.00176	0.00878	0.00615	0.00263	0.00702
1	0.01040	0.01000	0.01750	0.57079	0.15411	0.01152	0.08495	0.01378	0.01080	0.01422	0.01034	0.04973	0.00848	0.00554	0.00535	0.00172	0.00682	0.00523	0.00250	0.00623
2	0.00997	0.03142	0.12414	0.14018	0.07186	0.01008	0.16204	0.01413	0.07094	0.01578	0.04415	0.14393	0.07201	0.00821	0.00578	0.00180	0.00589	0.05797	0.00347	0.00624
3	0.01513	0.01218	0.01409	0.01275	0.06680	0.01357	0.03492	0.22243	0.47047	0.05258	0.01773	0.01691	0.01313	0.00657	0.00529	0.00169	0.00486	0.00547	0.00504	0.00839
4	0.00905	0.00452	0.00678	0.00678	0.00678	0.00452	0.00452	0.00678	0.00678	0.00905	0.00905	0.01583	0.00905	0.01809	0.02035	0.84848	0.00452	0.00452	0.00226	0.00226
5	0.01309	0.26811	0.34438	0.01261	0.01809	0.08095	0.05675	0.05026	0.01196	0.04405	0.01014	0.04883	0.00837	0.00546	0.00460	0.00148	0.00681	0.00422	0.00269	0.00713
6	0.03934	0.16530	0.09407	0.01018	0.01433	0.09726	0.00927	0.07289	0.01419	0.35987	0.06139	0.01507	0.01217	0.00601	0.00480	0.00149	0.00548	0.00459	0.00460	0.00770
7	0.00769	0.00862	0.10513	0.01027	0.01218	0.00646	0.11498	0.00972	0.01043	0.01417	0.02375	0.60182	0.02727	0.01323	0.00637	0.00201	0.00441	0.01224	0.00420	0.00505
8	0.01124	0.01006	0.01737	0.49745	0.18963	0.01131	0.07558	0.01450	0.01109	0.05599	0.01101	0.05205	0.00893	0.00562	0.00534	0.00171	0.00661	0.00527	0.00274	0.00649
9	0.01196	0.01143	0.01947	0.26574	0.55794	0.01213	0.01552	0.01517	0.01142	0.01589	0.00963	0.01319	0.00785	0.00481	0.00517	0.00160	0.00642	0.00464	0.00250	0.00750
10	0.17313	0.04648	0.01223	0.00935	0.01257	0.01224	0.00766	0.36652	0.01802	0.05352	0.21495	0.01872	0.01895	0.00707	0.00500	0.00157	0.00449	0.00552	0.00489	0.00711
11	0.00628	0.00511	0.00556	0.00581	0.00720	0.00439	0.00422	0.00758	0.01164	0.01436	0.09701	0.22219	0.56307	0.01372	0.00627	0.00183	0.00271	0.01175	0.00490	0.00439
12	0.01779	0.02204	0.01500	0.01347	0.01560	0.63477	0.01034	0.01909	0.01336	0.01270	0.00780	0.00981	0.00673	0.00614	0.00726	0.00154	0.17440	0.00360	0.00260	0.00597
13	0.85377	0.01007	0.00765	0.00685	0.01007	0.01168	0.00564	0.01531	0.00886	0.02336	0.00725	0.00846	0.00564	0.00483	0.00322	0.00161	0.00403	0.00282	0.00322	0.00564
14	0.00929	0.00779	0.00930	0.00948	0.03530	0.00855	0.00682	0.01518	0.27465	0.01671	0.05967	0.31856	0.11654	0.01150	0.00693	0.00193	0.07131	0.00983	0.00475	0.00592

[dist]
# distance from previous block
# <min> <max>
0	29

[block]
# block no. 1 follows, 47 sequences, length 18
# corresponding to MSA columns:
# 679-696
name=unknown_B
#
# <colnr> <probs for GDERKNQSTAVLIFYWHMCP>
#	G	D	E	R	K	N	Q	S	T	A	V	L	I	F	Y	W	H	M	C	P
0	0.00650	0.00529	0.00575	0.00563	0.00724	0.00454	0.00423	0.00814	0.01268	0.01598	0.25772	0.04696	0.57623	0.01247	0.00615	0.00172	0.00259	0.01055	0.00509	0.00454
1	0.01945	0.02482	0.01476	0.01342	0.01610	0.79608	0.01006	0.02079	0.01476	0.01275	0.00805	0.00939	0.00671	0.00537	0.00470	0.00134	0.00939	0.00335	0.00268	0.00604
2	0.01130	0.01075	0.01826	0.43485	0.39406	0.01195	0.01519	0.01459	0.01110	0.01508	0.00951	0.01341	0.00757	0.00494	0.00518	0.00165	0.00658	0.00463	0.00244	0.00696
3	0.00700	0.00508	0.00659	0.00670	0.00767	0.00468	0.00484	0.00892	0.01314	0.01822	0.51451	0.27636	0.08182	0.01251	0.00630	0.00179	0.00264	0.01114	0.00541	0.00468
4	0.01901	0.02261	0.01464	0.01304	0.01591	0.64644	0.00991	0.10862	0.07260	0.01577	0.00955	0.01050	0.00764	0.00560	0.00480	0.00140	0.00857	0.00370	0.00317	0.00653
5	0.01047	0.00958	0.08618	0.00941	0.01237	0.00774	0.06384	0.03710	0.08691	0.07646	0.38573	0.05384	0.02978	0.00829	0.00562	0.00158	0.00401	0.00733	0.00483	0.09893
6	0.08652	0.01397	0.06557	0.01323	0.07022	0.07106	0.06578	0.26212	0.09794	0.15913	0.03370	0.01433	0.01069	0.00597	0.00509	0.00160	0.00576	0.00483	0.00453	0.00796
7	0.01779	0.02132	0.01399	0.01269	0.01544	0.59521	0.00960	0.02256	0.20978	0.01506	0.01142	0.01197	0.00906	0.00580	0.00485	0.00145	0.00804	0.00400	0.00335	0.00660
8	0.00650	0.00531	0.00578	0.00594	0.00743	0.00464	0.00440	0.00816	0.02715	0.01478	0.11521	0.16721	0.55986	0.01335	0.00624	0.00182	0.00278	0.03399	0.00493	0.00451
9	0.06670	0.01171	0.01830	0.11977	0.37773	0.01203	0.06906	0.10801	0.01352	0.13539	0.01158	0.01351	0.00868	0.00517	0.00514	0.00160	0.00602	0.00473	0.00349	0.00786
10	0.07735	0.04210	0.04501	0.01149	0.01514	0.23124	0.06571	0.10893	0.03685	0.01779	0.01011	0.01269	0.00841	0.02428	0.00559	0.00144	0.03807	0.02325	0.00323	0.22129
11	0.00649	0.00503	0.00595	0.00651	0.00759	0.00448	0.00472	0.00780	0.01130	0.01435	0.09330	0.36559	0.36384	0.01439	0.00644	0.00195	0.00295	0.06804	0.00490	0.00439
12	0.00757	0.00560	0.00650	0.00656	0.00794	0.00520	0.00480	0.01008	0.06764	0.03633	0.20893	0.24518	0.30972	0.01253	0.00609	0.00180	0.00284	0.01087	0.03893	0.00489
13	0.01271	0.00971	0.01289	0.00976	0.01344	0.00889	0.04985	0.01488	0.01093	0.12864	0.01072	0.01241	0.00850	0.00629	0.03211	0.00145	0.13955	0.00390	0.00341	0.50997
14	0.04010	0.14005	0.41207	0.01385	0.08100	0.01265	0.01428	0.04615	0.03826	0.07425	0.01183	0.07194	0.00969	0.00594	0.00484	0.00159	0.00634	0.00475	0.00301	0.00741
15	0.00649	0.00459	0.00600	0.00707	0.00734	0.00432	0.00464	0.00729	0.00969	0.01293	0.02729	0.72399	0.03266	0.10834	0.00893	0.00245	0.00325	0.01397	0.00464	0.00411
16	0.00746	0.00500	0.00571	0.00583	0.00586	0.00497	0.00332	0.00754	0.00780	0.01040	0.01758	0.10864	0.02042	0.74040	0.02461	0.00477	0.00485	0.00826	0.00332	0.00326
17	0.01335	0.04221	0.17564	0.03781	0.05147	0.01362	0.27985	0.12473	0.06661	0.04539	0.01113	0.01322	0.00835	0.00553	0.00662	0.00173	0.08706	0.00506	0.00318	0.00744

[dist]
# distance from previous block
# <min> <max>
0	1

[block]
# block no. 2 follows, 47 sequences, length 97
# corresponding to MSA columns:
# 698-794
name=unknown_C
#
# <colnr> <probs for GDERKNQSTAVLIFYWHMCP>
#	G	D	E	R	K	N	Q	S	T	A	V	L	I	F	Y	W	H	M	C	P
0	0.01082	0.01455	0.29813	0.04318	0.01569	0.00929	0.01153	0.05635	0.01249	0.08592	0.18102	0.12614	0.02054	0.00944	0.03575	0.00199	0.04995	0.00684	0.00390	0.00649
1	0.01945	0.02482	0.01476	0.01342	0.01610	0.79608	0.01006	0.02079	0.01476	0.01275	0.00805	0.00939	0.00671	0.00537	0.00470	0.00134	0.00939	0.00335	0.00268	0.00604
2	0.00634	0.00453	0.00604	0.00725	0.00755	0.00423	0.00483	0.00725	0.00997	0.01329	0.02870	0.81358	0.03444	0.01632	0.00665	0.00211	0.00302	0.01480	0.00483	0.00423
3	0.00694	0.00517	0.00645	0.00641	0.00759	0.00469	0.00470	0.00889	0.01331	0.01815	0.49936	0.17738	0.19746	0.01217	0.00623	0.00175	0.00259	0.01069	0.00539	0.00469
4	0.00983	0.00926	0.01562	0.80447	0.03587	0.01157	0.01446	0.01331	0.01041	0.01331	0.00926	0.01388	0.00694	0.00521	0.00521	0.00174	0.00694	0.00463	0.00231	0.00579
5	0.51573	0.00871	0.00823	0.00749	0.01027	0.00940	0.00600	0.01558	0.01031	0.16305	0.01433	0.15129	0.01304	0.00754	0.00436	0.00173	0.00396	0.03884	0.00417	0.00596
6	0.01024	0.00971	0.01643	0.66356	0.09722	0.01145	0.04469	0.01366	0.01063	0.01396	0.00935	0.01364	0.00713	0.00505	0.00517	0.00167	0.00678	0.00461	0.00239	0.05266
7	0.85377	0.01007	0.00765	0.00685	0.01007	0.01168	0.00564	0.01531	0.00886	0.02336	0.00725	0.00846	0.00564	0.00483	0.00322	0.00161	0.00403	0.00282	0.00322	0.00564
8	0.00685	0.00516	0.00667	0.00722	0.00795	0.00490	0.00506	0.00811	0.01088	0.01473	0.15365	0.55767	0.10152	0.01437	0.00680	0.00196	0.03289	0.01275	0.00482	0.03603
9	0.00662	0.00466	0.00604	0.00703	0.00730	0.00442	0.00462	0.00740	0.00959	0.01277	0.02643	0.65179	0.03150	0.16238	0.01029	0.00266	0.00344	0.03251	0.00453	0.00405
10	0.01545	0.00736	0.00917	0.00774	0.01035	0.00695	0.00614	0.01903	0.09560	0.35166	0.18133	0.02282	0.02102	0.00731	0.00504	0.00153	0.00348	0.00610	0.21495	0.00696
11	0.01102	0.01040	0.01724	0.50381	0.28346	0.01191	0.01462	0.01499	0.05318	0.01501	0.01010	0.01386	0.00787	0.00512	0.00519	0.00167	0.00654	0.00470	0.00257	0.00674
12	0.03262	0.01171	0.01385	0.01068	0.01463	0.01206	0.00883	0.38002	0.01918	0.38988	0.01605	0.01488	0.01066	0.00642	0.00559	0.00161	0.03204	0.00492	0.00567	0.00871
13	0.00654	0.00501	0.00600	0.00635	0.00742	0.00447	0.00454	0.00800	0.01189	0.01553	0.23131	0.33649	0.31025	0.01372	0.00634	0.00186	0.00274	0.01203	0.00507	0.00447
14	0.00771	0.00555	0.00757	0.00872	0.00962	0.00547	0.00704	0.00981	0.02761	0.01485	0.02787	0.34505	0.03137	0.01496	0.00694	0.00228	0.00411	0.45401	0.00482	0.00465
15	0.01307	0.01267	0.01996	0.12732	0.47882	0.05563	0.08780	0.07179	0.01295	0.01762	0.04455	0.01408	0.00984	0.00512	0.00528	0.00159	0.00651	0.00493	0.00289	0.00758
16	0.02329	0.00898	0.01216	0.00932	0.01335	0.00783	0.00770	0.04047	0.01510	0.77274	0.02038	0.01762	0.01281	0.00644	0.00524	0.00161	0.00446	0.00523	0.00642	0.00886
17	0.01595	0.01273	0.02434	0.01763	0.02246	0.01200	0.49189	0.09198	0.01417	0.22200	0.01337	0.01487	0.00931	0.00511	0.00581	0.00170	0.00733	0.00576	0.00389	0.00769
18	0.00902	0.00634	0.00943	0.00887	0.01033	0.00595	0.08013	0.01126	0.04723	0.08952	0.13685	0.47943	0.05905	0.01281	0.00631	0.00193	0.00368	0.01169	0.00493	0.00524
19	0.01897	0.01003	0.01201	0.00964	0.01326	0.00995	0.00782	0.16038	0.16711	0.42220	0.02233	0.02025	0.08749	0.00719	0.00533	0.00165	0.00443	0.00582	0.00583	0.00830
20	0.01993	0.01437	0.01550	0.01188	0.01604	0.01583	0.00981	0.73928	0.02413	0.06118	0.01280	0.01270	0.00901	0.00626	0.00521	0.00156	0.00568	0.00471	0.00526	0.00886
21	0.01059	0.00900	0.01052	0.00771	0.01201	0.00698	0.00614	0.01333	0.03681	0.01745	0.07321	0.01340	0.01140	0.00452	0.00409	0.00088	0.00375	0.00370	0.00338	0.75114
22	0.46886	0.01162	0.01243	0.06802	0.07222	0.04429	0.06534	0.08748	0.08938	0.02196	0.00978	0.01114	0.00749	0.00520	0.00419	0.00163	0.00514	0.00385	0.00344	0.00653
23	0.00773	0.00557	0.00750	0.00714	0.00764	0.00582	0.03517	0.00846	0.00800	0.01096	0.01544	0.02920	0.01672	0.55163	0.25556	0.00591	0.00786	0.00692	0.00303	0.00376
24	0.01551	0.01185	0.01245	0.01071	0.01396	0.04208	0.00846	0.12687	0.54368	0.12535	0.01944	0.01789	0.01420	0.00681	0.00526	0.00170	0.00458	0.00554	0.00534	0.00833
25	0.01331	0.07170	0.01512	0.02827	0.01407	0.03407	0.00947	0.09053	0.01130	0.07093	0.00913	0.01158	0.00769	0.00675	0.01001	0.00165	0.36323	0.00408	0.00309	0.22405
26	0.00769	0.00602	0.00688	0.00647	0.00814	0.00562	0.00491	0.04163	0.05686	0.01855	0.39736	0.04145	0.35653	0.01134	0.00606	0.00169	0.00276	0.00969	0.00531	0.00505
27	0.00745	0.00554	0.00816	0.00816	0.00902	0.00640	0.00625	0.00917	0.00831	0.01194	0.01414	0.02150	0.01347	0.09879	0.73723	0.00811	0.01327	0.00573	0.00282	0.00453
28	0.02330	0.00896	0.01214	0.00931	0.01334	0.00780	0.00769	0.03787	0.01507	0.77539	0.02041	0.01764	0.01282	0.00644	0.00524	0.00161	0.00445	0.00523	0.00642	0.00886
29	0.03781	0.00966	0.01249	0.00959	0.01362	0.00888	0.00792	0.12581	0.01610	0.67191	0.01922	0.01685	0.01221	0.00639	0.00520	0.00160	0.00460	0.00512	0.00622	0.00880
30	0.00641	0.00465	0.00606	0.00705	0.00753	0.00430	0.00477	0.00747	0.01049	0.01396	0.09050	0.69484	0.09147	0.01563	0.00657	0.00205	0.00295	0.01409	0.00491	0.00430
31	0.00791	0.00545	0.00688	0.00673	0.00809	0.00494	0.00509	0.00992	0.01340	0.05876	0.45304	0.13727	0.19055	0.01188	0.00623	0.00177	0.00282	0.05893	0.00542	0.00493
32	0.02265	0.01001	0.01280	0.00981	0.01387	0.00936	0.00811	0.17446	0.01683	0.63630	0.01893	0.01668	0.01208	0.00641	0.00523	0.00160	0.00469	0.00513	0.00620	0.00886
33	0.00732	0.00532	0.00689	0.00650	0.00775	0.00489	0.00487	0.00973	0.01462	0.02060	0.75177	0.03936	0.07930	0.01075	0.00614	0.00164	0.00246	0.00948	0.00570	0.00489
34	0.00652	0.00504	0.00594	0.00624	0.00739	0.00447	0.00448	0.00798	0.01195	0.01549	0.22415	0.29728	0.35722	0.01359	0.00631	0.00185	0.00272	0.01185	0.00506	0.00447
35	0.01945	0.02482	0.01476	0.01342	0.01610	0.79608	0.01006	0.02079	0.01476	0.01275	0.00805	0.00939	0.00671	0.00537	0.00470	0.00134	0.00939	0.00335	0.00268	0.00604
36	0.01395	0.01168	0.01234	0.01080	0.01392	0.01342	0.00848	0.13577	0.66537	0.02340	0.01993	0.01842	0.01487	0.00695	0.00529	0.00174	0.00436	0.00571	0.00529	0.00833
37	0.01277	0.01226	0.02093	0.06081	0.75654	0.01234	0.01593	0.01588	0.01180	0.01687	0.00978	0.01293	0.00820	0.00466	0.00516	0.00155	0.00621	0.00464	0.00257	0.00816
38	0.00675	0.00482	0.00651	0.00772	0.00820	0.00458	0.00555	0.00796	0.01037	0.01375	0.02848	0.66250	0.03355	0.01593	0.00676	0.00217	0.00338	0.16185	0.00483	0.00434
39	0.01080	0.00926	0.01080	0.00771	0.01234	0.00694	0.00617	0.01311	0.01080	0.01697	0.00926	0.01080	0.00771	0.00386	0.00386	0.00077	0.00386	0.00309	0.00309	0.84882
40	0.01160	0.02444	0.66495	0.01502	0.02223	0.01184	0.08220	0.01719	0.01141	0.07611	0.01031	0.01178	0.00719	0.00502	0.00507	0.00166	0.00754	0.00415	0.00256	0.00773
41	0.01244	0.01297	0.01000	0.00928	0.01121	0.29912	0.00696	0.02362	0.05711	0.02624	0.29509	0.06930	0.09333	0.00873	0.00546	0.00155	0.00523	0.00711	0.03973	0.00553
42	0.85377	0.01007	0.00765	0.00685	0.01007	0.01168	0.00564	0.01531	0.00886	0.02336	0.00725	0.00846	0.00564	0.00483	0.00322	0.00161	0.00403	0.00282	0.00322	0.00564
43	0.01109	0.05591	0.71866	0.01446	0.02184	0.01264	0.01834	0.05797	0.01173	0.01724	0.00944	0.01098	0.00673	0.00500	0.00490	0.00162	0.00751	0.00385	0.00237	0.00772
44	0.00634	0.00453	0.00604	0.00725	0.00755	0.00423	0.00483	0.00725	0.00997	0.01329	0.02870	0.81358	0.03444	0.01632	0.00665	0.00211	0.00302	0.01480	0.00483	0.00423
45	0.00671	0.00493	0.00632	0.00697	0.00777	0.00455	0.00499	0.00815	0.01151	0.01535	0.20790	0.46475	0.14691	0.01439	0.00650	0.00197	0.00297	0.06786	0.00504	0.00446
46	0.00698	0.00512	0.00658	0.00703	0.00784	0.00483	0.00496	0.00902	0.04061	0.01656	0.31891	0.45534	0.06935	0.01366	0.00638	0.00190	0.00283	0.01225	0.00520	0.00465
47	0.01412	0.01205	0.01795	0.04907	0.48223	0.01249	0.01321	0.13507	0.10556	0.05590	0.01369	0.01527	0.03851	0.00561	0.00522	0.00159	0.00568	0.00506	0.00357	0.00815
48	0.00983	0.00926	0.01562	0.80447	0.03587	0.01157	0.01446	0.01331	0.01041	0.01331	0.00926	0.01388	0.00694	0.00521	0.00521	0.00174	0.00694	0.00463	0.00231	0.00579
49	0.01144	0.00683	0.00866	0.00776	0.00967	0.00653	0.00594	0.07391	0.04315	0.16532	0.43334	0.15014	0.03559	0.01023	0.00594	0.00170	0.00324	0.00894	0.00567	0.00599
50	0.00668	0.00528	0.00601	0.00586	0.00736	0.00461	0.00438	0.00847	0.01305	0.01696	0.36338	0.06173	0.45335	0.01217	0.00616	0.00171	0.00257	0.01040	0.00522	0.00461
51	0.00781	0.00584	0.00782	0.00798	0.00845	0.00634	0.00573	0.00894	0.00993	0.03025	0.11912	0.40449	0.02791	0.12768	0.08385	0.00305	0.11545	0.01063	0.00421	0.00451
52	0.08168	0.01162	0.01573	0.25628	0.02217	0.07239	0.11381	0.11887	0.01378	0.18501	0.01242	0.01403	0.00880	0.00553	0.00507	0.00162	0.00624	0.00474	0.04320	0.00700
53	0.00764	0.00503	0.00573	0.00573	0.00573	0.00503	0.00322	0.00754	0.00754	0.01005	0.01608	0.03326	0.01849	0.78113	0.02623	0.04290	0.00503	0.00744	0.00312	0.00312
54	0.00991	0.00933	0.01575	0.78601	0.05375	0.01159	0.01450	0.01337	0.01045	0.01339	0.00927	0.01386	0.00697	0.00519	0.00521	0.00173	0.00692	0.00463	0.00232	0.00584
55	0.01020	0.05423	0.01651	0.72580	0.06822	0.01211	0.01422	0.01355	0.01049	0.01341	0.00917	0.01353	0.00699	0.00514	0.00510	0.00169	0.00683	0.00453	0.00232	0.00595
56	0.05427	0.01073	0.01322	0.01053	0.01376	0.01144	0.00868	0.24203	0.01602	0.36328	0.01515	0.01509	0.01054	0.00914	0.06592	0.00220	0.12006	0.00490	0.00508	0.00796
57	0.00742	0.00532	0.00725	0.00733	0.00788	0.00584	0.00519	0.00855	0.00818	0.01144	0.01572	0.07255	0.01644	0.32017	0.46988	0.00679	0.01007	0.00685	0.00304	0.00408
58	0.01255	0.01153	0.01977	0.21268	0.48932	0.01217	0.06150	0.01568	0.01151	0.05198	0.01008	0.01336	0.00807	0.00504	0.00577	0.00164	0.04241	0.00475	0.00269	0.00750
59	0.01081	0.01011	0.01679	0.63999	0.06118	0.01203	0.07010	0.05594	0.04349	0.01513	0.01005	0.01402	0.00754	0.00526	0.00528	0.00172	0.00687	0.00480	0.00263	0.00624
60	0.24287	0.01086	0.01439	0.45584	0.06852	0.06121	0.04698	0.01463	0.01043	0.01640	0.00872	0.01206	0.00669	0.00504	0.00467	0.00167	0.00634	0.00412	0.00262	0.00596
61	0.01394	0.63325	0.13493	0.01017	0.01493	0.09127	0.01049	0.01620	0.01103	0.01290	0.00762	0.00883	0.00667	0.00461	0.00370	0.00121	0.00623	0.00299	0.00227	0.00677
62	0.01249	0.01197	0.02042	0.13196	0.68759	0.01227	0.01579	0.01564	0.01167	0.01653	0.00973	0.01302	0.00808	0.00471	0.00516	0.00157	0.00628	0.00464	0.00254	0.00793
63	0.05155	0.00987	0.01118	0.00942	0.01194	0.08479	0.06082	0.11240	0.04367	0.07806	0.33879	0.05835	0.05932	0.00848	0.00558	0.00160	0.00438	0.00727	0.00489	0.03765
64	0.03368	0.00885	0.03963	0.01009	0.05393	0.00832	0.03281	0.13340	0.04962	0.02144	0.38238	0.08316	0.03094	0.00913	0.00576	0.00166	0.00393	0.04244	0.00492	0.04390
65	0.01875	0.00867	0.01079	0.00873	0.01202	0.00826	0.00706	0.06676	0.11538	0.47710	0.05150	0.01882	0.01465	0.00663	0.00501	0.00156	0.00404	0.00540	0.15096	0.00792
66	0.00877	0.00731	0.00937	0.00866	0.01056	0.00727	0.06244	0.04428	0.15898	0.01709	0.10783	0.23583	0.24309	0.01167	0.00612	0.00186	0.00369	0.04475	0.00486	0.00555
67	0.10199	0.00978	0.01216	0.00941	0.01339	0.00922	0.00778	0.12795	0.01567	0.60982	0.01816	0.01611	0.01164	0.00626	0.00504	0.00160	0.00457	0.00493	0.00597	0.00855
68	0.00808	0.00626	0.00836	0.00831	0.00953	0.00622	0.04744	0.01142	0.11652	0.01589	0.11650	0.39585	0.06495	0.05687	0.00733	0.00211	0.00361	0.06366	0.04605	0.00504
69	0.01416	0.00745	0.00938	0.00804	0.01050	0.00710	0.00631	0.03931	0.10206	0.29203	0.31431	0.05949	0.02805	0.00852	0.00553	0.00163	0.00346	0.00728	0.06863	0.00677
70	0.01081	0.01006	0.01455	0.36516	0.18525	0.04718	0.01199	0.04544	0.04317	0.01610	0.09743	0.04896	0.06869	0.00679	0.00540	0.00168	0.00579	0.00598	0.00328	0.00629
71	0.00748	0.00501	0.00571	0.00580	0.00583	0.00498	0.00329	0.00755	0.00776	0.01035	0.01738	0.09599	0.02016	0.75339	0.02493	0.00482	0.00489	0.00815	0.00329	0.00324
72	0.00637	0.00508	0.00573	0.00611	0.00737	0.00443	0.00444	0.00768	0.01149	0.01435	0.09435	0.28290	0.47850	0.01401	0.00634	0.00188	0.00282	0.03687	0.00490	0.00439
73	0.16622	0.00881	0.01093	0.00864	0.01232	0.00815	0.00710	0.02247	0.01384	0.59815	0.07509	0.01770	0.01434	0.00648	0.00496	0.00161	0.00421	0.00513	0.00583	0.00801
74	0.01136	0.01123	0.01625	0.01372	0.01407	0.01528	0.05273	0.01274	0.00835	0.01308	0.00752	0.01192	0.00720	0.00871	0.01586	0.00220	0.72563	0.00466	0.04176	0.00573
75	0.00650	0.00462	0.00612	0.00726	0.00758	0.00435	0.00488	0.00741	0.00992	0.01320	0.02796	0.73964	0.03339	0.06144	0.00779	0.00229	0.00321	0.04353	0.00474	0.00419
76	0.00744	0.00520	0.00649	0.00628	0.00709	0.00493	0.00434	0.00908	0.01227	0.01724	0.50041	0.06852	0.03852	0.25760	0.01234	0.00269	0.00327	0.00897	0.02296	0.00435
77	0.01770	0.02190	0.01502	0.01347	0.01557	0.62652	0.01035	0.01900	0.01328	0.01270	0.00779	0.00983	0.00674	0.00618	0.00739	0.00155	0.18284	0.00362	0.00260	0.00596
78	0.01193	0.01325	0.02770	0.02013	0.02452	0.01303	0.63930	0.01571	0.01155	0.01585	0.01045	0.01486	0.00839	0.04985	0.00849	0.00200	0.09766	0.00605	0.00262	0.00666
79	0.21684	0.01254	0.02154	0.01587	0.02040	0.01246	0.42132	0.09025	0.01295	0.10937	0.01110	0.01298	0.00803	0.00492	0.00525	0.00169	0.00684	0.00510	0.00347	0.00708
80	0.00728	0.00536	0.00686	0.00678	0.00804	0.00494	0.00521	0.00949	0.01376	0.01889	0.54800	0.07922	0.15087	0.01174	0.00630	0.00177	0.00280	0.10244	0.00545	0.00479
81	0.01430	0.00718	0.00924	0.00780	0.01030	0.00660	0.00616	0.03851	0.04334	0.32325	0.36558	0.02861	0.06059	0.00862	0.00561	0.00162	0.00340	0.00735	0.04525	0.00668
82	0.01174	0.01180	0.02782	0.01375	0.01411	0.01586	0.02285	0.04369	0.00877	0.01349	0.00716	0.01147	0.00693	0.00886	0.01625	0.00223	0.75035	0.00458	0.00240	0.00588
83	0.01058	0.05659	0.76148	0.01462	0.02220	0.01241	0.01885	0.01646	0.01098	0.01633	0.00927	0.01090	0.00660	0.00493	0.00489	0.00163	0.00762	0.00381	0.00220	0.00766
84	0.00632	0.00463	0.00594	0.00699	0.00749	0.00425	0.00472	0.00728	0.01022	0.01339	0.03183	0.71445	0.13156	0.01591	0.00658	0.00207	0.00297	0.01431	0.00483	0.00425
85	0.00643	0.00469	0.00606	0.00697	0.00752	0.00432	0.00475	0.00754	0.01067	0.01416	0.10905	0.65218	0.11569	0.01540	0.00654	0.00203	0.00292	0.01384	0.00493	0.00432
86	0.01817	0.00816	0.01045	0.00838	0.01163	0.00735	0.00679	0.07298	0.01497	0.49940	0.11799	0.02442	0.12114	0.00784	0.00540	0.00161	0.00394	0.00647	0.04532	0.00758
87	0.00634	0.00453	0.00604	0.00725	0.00755	0.00423	0.00483	0.00725	0.00997	0.01329	0.02870	0.81358	0.03444	0.01632	0.00665	0.00211	0.00302	0.01480	0.00483	0.00423
88	0.01177	0.01772	0.24722	0.01992	0.02588	0.01286	0.55278	0.01663	0.01192	0.01663	0.01020	0.01318	0.00753	0.00455	0.00580	0.00173	0.00847	0.00549	0.00251	0.00722
89	0.00669	0.00503	0.00621	0.00658	0.00760	0.00455	0.00475	0.00824	0.01204	0.01594	0.26864	0.33681	0.24314	0.01363	0.00638	0.00188	0.00281	0.03946	0.00511	0.00451
90	0.00637	0.00462	0.00602	0.00707	0.00752	0.00427	0.00477	0.00737	0.01031	0.01366	0.06105	0.72230	0.09376	0.01584	0.00659	0.00207	0.00297	0.01429	0.00487	0.00427
91	0.01319	0.01139	0.03815	0.01055	0.01338	0.01246	0.00846	0.09952	0.55626	0.03176	0.01844	0.01850	0.01420	0.04095	0.00749	0.05271	0.03451	0.00563	0.00482	0.00763
92	0.00681	0.00487	0.00639	0.00690	0.00756	0.00454	0.00479	0.00830	0.01178	0.01619	0.32995	0.46878	0.03965	0.04931	0.00732	0.00205	0.00288	0.01233	0.00512	0.00446
93	0.00634	0.00453	0.00604	0.00725	0.00755	0.00423	0.00483	0.00725	0.00997	0.01329	0.02870	0.81358	0.03444	0.01632	0.00665	0.00211	0.00302	0.01480	0.00483	0.00423
94	0.00633	0.00458	0.00600	0.00713	0.00752	0.00424	0.00478	0.00726	0.01008	0.01334	0.03015	0.76777	0.07933	0.01613	0.00662	0.00209	0.00300	0.01458	0.00483	0.00424
95	0.03110	0.34794	0.16571	0.01170	0.06146	0.01491	0.01097	0.06089	0.04611	0.18539	0.01162	0.01190	0.00863	0.00522	0.00436	0.00141	0.00567	0.00388	0.00349	0.00762
96	0.27255	0.03418	0.10066	0.04113	0.03229	0.23059	0.00995	0.11211	0.05520	0.01954	0.00926	0.01054	0.00719	0.00547	0.00488	0.00156	0.03939	0.00367	0.00321	0.00662

[dist]
# distance from previous block
# <min> <max>
0	2

[block]
# block no. 3 follows, 47 sequences, length 30
# corresponding to MSA columns:
# 797-826
name=unknown_D
#
# <colnr> <probs for GDERKNQSTAVLIFYWHMCP>
#	G	D	E	R	K	N	Q	S	T	A	V	L	I	F	Y	W	H	M	C	P
0	0.01080	0.00926	0.01080	0.00771	0.01234	0.00694	0.00617	0.01311	0.01080	0.01697	0.00926	0.01080	0.00771	0.00386	0.00386	0.00077	0.00386	0.00309	0.00309	0.84882
1	0.01295	0.01119	0.01178	0.01060	0.01354	0.01295	0.00824	0.02767	0.77509	0.02178	0.02120	0.01943	0.01590	0.00707	0.00530	0.00177	0.00412	0.00589	0.00530	0.00824
2	0.01461	0.65643	0.06563	0.00977	0.01427	0.06262	0.00961	0.08863	0.01218	0.01449	0.00790	0.00895	0.00689	0.00471	0.00368	0.00120	0.00591	0.00306	0.00254	0.00691
3	0.01444	0.74875	0.02626	0.00918	0.01361	0.02021	0.00900	0.08218	0.01181	0.01407	0.00771	0.00872	0.00688	0.00461	0.00351	0.00115	0.00558	0.00295	0.00249	0.00688
4	0.01980	0.01459	0.01563	0.01198	0.01615	0.01615	0.00990	0.76713	0.02448	0.03282	0.01250	0.01250	0.00886	0.00625	0.00521	0.00156	0.00573	0.00469	0.00521	0.00886
5	0.00746	0.00531	0.00688	0.00649	0.00771	0.00491	0.00486	0.00992	0.01459	0.02083	0.75227	0.03815	0.04776	0.01047	0.00605	0.00162	0.00246	0.00924	0.03811	0.00491
6	0.01106	0.06772	0.69961	0.01464	0.02197	0.01246	0.04607	0.01670	0.01113	0.03815	0.00960	0.01116	0.00683	0.00494	0.00492	0.00162	0.00753	0.00392	0.00234	0.00765
7	0.00722	0.00559	0.00661	0.00631	0.00780	0.00513	0.00475	0.00989	0.05098	0.01857	0.49215	0.04183	0.30134	0.01135	0.00611	0.00169	0.00260	0.00979	0.00540	0.00490
8	0.02336	0.00886	0.01209	0.00927	0.01329	0.00765	0.00765	0.02538	0.01491	0.78810	0.02055	0.01773	0.01289	0.00645	0.00524	0.00161	0.00443	0.00524	0.00645	0.00886
9	0.00879	0.00564	0.00742	0.00679	0.00827	0.00516	0.00516	0.01121	0.01476	0.08886	0.71431	0.03702	0.04593	0.01027	0.00606	0.00164	0.00263	0.00905	0.00580	0.00526
10	0.09662	0.01775	0.09887	0.01356	0.01721	0.30003	0.14266	0.01879	0.03951	0.10036	0.04819	0.01312	0.00989	0.00576	0.00574	0.00159	0.05589	0.00451	0.00330	0.00666
11	0.00735	0.00503	0.00604	0.00617	0.00642	0.00498	0.00381	0.00790	0.00888	0.01204	0.11401	0.15247	0.02476	0.55330	0.06148	0.00435	0.00488	0.00880	0.00371	0.00362
12	0.01061	0.00872	0.00982	0.00948	0.01155	0.00966	0.00734	0.01997	0.45984	0.01929	0.09254	0.17039	0.02426	0.01010	0.00589	0.00191	0.00387	0.11285	0.00518	0.00673
13	0.01286	0.01207	0.02027	0.04506	0.58855	0.01220	0.08061	0.04431	0.05483	0.01788	0.01096	0.01371	0.00891	0.00490	0.00517	0.00156	0.00610	0.00485	0.04724	0.00793
14	0.01035	0.07637	0.49240	0.01297	0.01877	0.01144	0.05932	0.01585	0.06244	0.01717	0.13287	0.01716	0.03824	0.00617	0.00516	0.00163	0.00639	0.00514	0.00307	0.00708
15	0.01239	0.00679	0.00791	0.00696	0.00906	0.00660	0.00543	0.06083	0.06282	0.17118	0.20395	0.02557	0.07741	0.00783	0.00494	0.00149	0.00315	0.00653	0.31308	0.00608
16	0.85377	0.01007	0.00765	0.00685	0.01007	0.01168	0.00564	0.01531	0.00886	0.02336	0.00725	0.00846	0.00564	0.00483	0.00322	0.00161	0.00403	0.00282	0.00322	0.00564
17	0.01421	0.01223	0.02045	0.05729	0.02051	0.06390	0.34928	0.08213	0.01339	0.13949	0.01411	0.05629	0.01154	0.00845	0.05698	0.00218	0.01809	0.04890	0.00369	0.00691
18	0.01134	0.00787	0.01124	0.01023	0.03152	0.00803	0.06779	0.01445	0.07930	0.15050	0.06665	0.09566	0.15641	0.01372	0.10688	0.00270	0.07189	0.08333	0.00450	0.00602
19	0.00644	0.00463	0.00613	0.00725	0.00766	0.00432	0.00494	0.00746	0.01025	0.01362	0.05110	0.73788	0.05944	0.01598	0.00664	0.00210	0.00306	0.04196	0.00486	0.00428
20	0.02854	0.06524	0.06627	0.00980	0.01266	0.01980	0.02043	0.15681	0.06912	0.13674	0.10234	0.21165	0.02063	0.00925	0.00588	0.00174	0.02729	0.02433	0.00476	0.00673
21	0.01122	0.11430	0.56669	0.01633	0.08943	0.01318	0.08544	0.01636	0.01114	0.01608	0.00925	0.01114	0.00687	0.00481	0.00489	0.00159	0.00742	0.00401	0.00228	0.00757
22	0.00996	0.00991	0.12800	0.00880	0.01126	0.02398	0.00782	0.07992	0.01387	0.06665	0.34275	0.22308	0.03217	0.01041	0.00591	0.00174	0.00397	0.00909	0.00490	0.00579
23	0.01569	0.01001	0.01093	0.00897	0.01191	0.01068	0.00721	0.32255	0.10237	0.11508	0.04184	0.01706	0.01296	0.00645	0.00474	0.00148	0.00420	0.00510	0.28345	0.00733
24	0.01193	0.00992	0.01140	0.00825	0.01282	0.00810	0.00664	0.10756	0.01251	0.01895	0.00966	0.01101	0.00786	0.00416	0.00403	0.00087	0.00409	0.00329	0.00335	0.74361
25	0.01494	0.02731	0.24937	0.03081	0.19591	0.03773	0.09184	0.04332	0.01281	0.20084	0.01227	0.01335	0.00873	0.00520	0.00514	0.00158	0.00651	0.00459	0.00349	0.03426
26	0.78020	0.00996	0.00805	0.00706	0.01036	0.01133	0.00582	0.01620	0.00940	0.09112	0.00843	0.00928	0.00628	0.00498	0.00340	0.00161	0.00406	0.00303	0.00351	0.00593
27	0.00707	0.00507	0.00679	0.00741	0.00820	0.00479	0.00549	0.00880	0.01204	0.01643	0.29939	0.40242	0.03894	0.01394	0.00656	0.00199	0.00313	0.14182	0.00515	0.00458
28	0.01224	0.01061	0.01449	0.36829	0.02336	0.06264	0.01170	0.05105	0.01109	0.08265	0.01126	0.07337	0.00969	0.00782	0.02254	0.00198	0.21076	0.00537	0.00303	0.00606
29	0.05274	0.00890	0.01234	0.03726	0.01413	0.00799	0.03028	0.02346	0.01419	0.66709	0.01951	0.01886	0.01297	0.02365	0.00570	0.00172	0.00466	0.03030	0.00594	0.00832

[dist]
# distance from previous block
# <min> <max>
0	10

[block]
# block no. 4 follows, 47 sequences, length 13
# corresponding to MSA columns:
# 837-849
name=unknown_E
#
# <colnr> <probs for GDERKNQSTAVLIFYWHMCP>
#	G	D	E	R	K	N	Q	S	T	A	V	L	I	F	Y	W	H	M	C	P
0	0.00789	0.00647	0.00662	0.00634	0.00786	0.05376	0.00476	0.00986	0.01331	0.01772	0.39067	0.03934	0.31420	0.01082	0.00582	0.00162	0.00295	0.00918	0.08602	0.00479
1	0.00804	0.00569	0.00664	0.00681	0.00728	0.00583	0.00448	0.00986	0.08222	0.01227	0.01968	0.12783	0.02182	0.54674	0.01977	0.00406	0.00469	0.09855	0.00376	0.00397
2	0.01099	0.12525	0.66159	0.01392	0.02101	0.01319	0.01748	0.01686	0.04357	0.01619	0.00959	0.01103	0.00700	0.00498	0.00476	0.00159	0.00728	0.00380	0.00233	0.00759
3	0.01157	0.00948	0.01508	0.55643	0.02918	0.01109	0.04599	0.03295	0.07980	0.08790	0.05940	0.01627	0.01100	0.00581	0.00532	0.00172	0.00623	0.00516	0.00326	0.00637
4	0.00729	0.00496	0.00594	0.00634	0.00649	0.00488	0.00392	0.00768	0.00849	0.01129	0.02043	0.24845	0.02382	0.55087	0.01994	0.00409	0.00448	0.05338	0.00371	0.00355
5	0.00983	0.00926	0.01562	0.80447	0.03587	0.01157	0.01446	0.01331	0.01041	0.01331	0.00926	0.01388	0.00694	0.00521	0.00521	0.00174	0.00694	0.00463	0.00231	0.00579
6	0.34976	0.01145	0.01169	0.00963	0.01290	0.01297	0.00791	0.23636	0.08093	0.12511	0.01170	0.01208	0.00853	0.00605	0.00555	0.00167	0.08004	0.00411	0.00432	0.00723
7	0.00636	0.00508	0.00572	0.00619	0.00744	0.00444	0.00452	0.00761	0.01126	0.01391	0.04338	0.29828	0.49284	0.01428	0.00638	0.00191	0.00290	0.05832	0.00483	0.00437
8	0.00634	0.00453	0.00604	0.00725	0.00755	0.00423	0.00483	0.00725	0.00997	0.01329	0.02870	0.81358	0.03444	0.01632	0.00665	0.00211	0.00302	0.01480	0.00483	0.00423
9	0.01194	0.01159	0.01718	0.01417	0.01523	0.01489	0.10664	0.08012	0.01012	0.01492	0.00917	0.06156	0.00886	0.00871	0.01399	0.00214	0.58455	0.00541	0.00274	0.00606
10	0.01066	0.07710	0.74177	0.01447	0.02196	0.01263	0.01859	0.01644	0.01097	0.01622	0.00921	0.01083	0.00660	0.00492	0.00485	0.00162	0.00756	0.00378	0.00220	0.00763
11	0.77818	0.00965	0.00759	0.00682	0.00987	0.01108	0.00557	0.01482	0.00939	0.02314	0.07642	0.01118	0.00952	0.00535	0.00348	0.00161	0.00389	0.00341	0.00345	0.00557
12	0.01289	0.16893	0.26380	0.06187	0.01754	0.01314	0.02626	0.06256	0.01204	0.10462	0.04925	0.01525	0.05466	0.00639	0.00640	0.00163	0.10784	0.00472	0.00323	0.00700

[dist]
# distance from previous block
# <min> <max>
1	28

[block]
# block no. 5 follows, 47 sequences, length 13
# corresponding to MSA columns:
# 878-884,887-892
name=unknown_F
#
# <colnr> <probs for GDERKNQSTAVLIFYWHMCP>
#	G	D	E	R	K	N	Q	S	T	A	V	L	I	F	Y	W	H	M	C	P
0	0.08006	0.32681	0.07711	0.01119	0.01555	0.09844	0.04232	0.25470	0.01540	0.02018	0.00929	0.01023	0.00734	0.00518	0.00431	0.00138	0.00620	0.00367	0.00331	0.00731
1	0.01343	0.01253	0.05627	0.08405	0.46792	0.01249	0.01406	0.05275	0.09283	0.06707	0.01154	0.01375	0.00910	0.00547	0.00602	0.00165	0.06320	0.00477	0.00318	0.00792
2	0.00983	0.00926	0.01562	0.80447	0.03587	0.01157	0.01446	0.01331	0.01041	0.01331	0.00926	0.01388	0.00694	0.00521	0.00521	0.00174	0.00694	0.00463	0.00231	0.00579
3	0.00882	0.00600	0.00766	0.00704	0.00858	0.00571	0.00535	0.01220	0.07347	0.06981	0.67454	0.03605	0.04426	0.01010	0.00602	0.00165	0.00271	0.00888	0.00574	0.00542
4	0.01121	0.01619	0.21416	0.10186	0.02578	0.01221	0.45751	0.01573	0.01175	0.01612	0.01262	0.01543	0.05362	0.00514	0.00575	0.00173	0.00795	0.00571	0.00262	0.00690
5	0.00766	0.00576	0.00817	0.00801	0.00877	0.00659	0.00604	0.00924	0.00889	0.01271	0.09508	0.02417	0.01748	0.16179	0.54687	0.00680	0.05208	0.00626	0.00313	0.00449
6	0.01173	0.01138	0.09102	0.10476	0.14028	0.01048	0.04630	0.01829	0.22799	0.06794	0.15565	0.02203	0.01892	0.00710	0.00551	0.00171	0.00510	0.04247	0.00422	0.00711
7	0.00673	0.00541	0.00607	0.00622	0.00780	0.00475	0.00487	0.00840	0.01232	0.01535	0.15771	0.04994	0.54128	0.01302	0.00633	0.00185	0.00299	0.13944	0.00496	0.00454
8	0.01045	0.02694	0.79000	0.01484	0.02254	0.01209	0.01924	0.01649	0.01099	0.01649	0.00935	0.01099	0.00660	0.00495	0.00495	0.00165	0.00770	0.00385	0.00220	0.00770
9	0.24031	0.13781	0.09635	0.08992	0.04157	0.03306	0.04876	0.09594	0.05715	0.01939	0.04366	0.05349	0.01056	0.00593	0.00451	0.00158	0.00546	0.00463	0.00333	0.00659
10	0.00652	0.00467	0.00620	0.00713	0.00759	0.00435	0.00485	0.00769	0.01078	0.01458	0.15651	0.68210	0.03694	0.01535	0.00656	0.00203	0.00293	0.01389	0.00499	0.00435
11	0.00738	0.00509	0.00632	0.00691	0.00724	0.00500	0.00468	0.00812	0.00914	0.01211	0.02217	0.26383	0.02560	0.42659	0.01694	0.00368	0.00441	0.15704	0.00397	0.00379
12	0.01764	0.01134	0.05349	0.01772	0.28606	0.01023	0.01123	0.09889	0.01435	0.35197	0.01584	0.06255	0.01180	0.00630	0.00528	0.00162	0.00526	0.00547	0.00464	0.00831

[dist]
# distance from previous block
# <min> <max>
1	3

[block]
# block no. 6 follows, 47 sequences, length 9
# corresponding to MSA columns:
# 896-904
name=unknown_G
#
# <colnr> <probs for GDERKNQSTAVLIFYWHMCP>
#	G	D	E	R	K	N	Q	S	T	A	V	L	I	F	Y	W	H	M	C	P
0	0.01014	0.00937	0.01500	0.65552	0.06022	0.01141	0.01341	0.01468	0.08771	0.01468	0.04928	0.01566	0.01001	0.00565	0.00526	0.00173	0.00640	0.00500	0.00280	0.00608
1	0.01345	0.01152	0.01934	0.15438	0.58597	0.01177	0.01490	0.01650	0.01193	0.09408	0.01079	0.01354	0.00851	0.00491	0.00517	0.00158	0.00613	0.00470	0.00292	0.00791
2	0.32034	0.01223	0.05010	0.01010	0.04084	0.04897	0.00812	0.09233	0.18990	0.07661	0.01239	0.01263	0.00926	0.00553	0.00433	0.00154	0.00474	0.00406	0.00402	0.09193
3	0.52561	0.04077	0.02700	0.01037	0.06673	0.05306	0.04549	0.01561	0.00994	0.03546	0.00813	0.00969	0.00645	0.00492	0.00429	0.00153	0.03760	0.00331	0.00307	0.09099
4	0.00757	0.00505	0.00568	0.00568	0.00568	0.00505	0.00316	0.00757	0.00757	0.01010	0.01641	0.03408	0.01893	0.81698	0.02651	0.00505	0.00505	0.00757	0.00316	0.00316
5	0.03112	0.01230	0.09617	0.12488	0.21513	0.01074	0.10941	0.04530	0.01290	0.21515	0.04598	0.03404	0.01138	0.00577	0.00533	0.00165	0.00603	0.00531	0.00380	0.00759
6	0.07128	0.45261	0.25558	0.01122	0.01659	0.01690	0.04160	0.05359	0.01135	0.01551	0.00827	0.00959	0.00674	0.00472	0.00402	0.00136	0.00624	0.00334	0.00245	0.00704
7	0.00819	0.00645	0.00884	0.00844	0.00905	0.00769	0.00641	0.00951	0.00838	0.01209	0.01519	0.02322	0.04978	0.20193	0.42422	0.00600	0.15097	0.00607	0.03308	0.00450
8	0.01159	0.00973	0.01122	0.00809	0.01268	0.00775	0.00650	0.07952	0.01200	0.01837	0.00954	0.01095	0.00781	0.00407	0.00398	0.00084	0.00402	0.00323	0.00327	0.77484

[dist]
# distance from previous block
# <min> <max>
0	5

[block]
# block no. 7 follows, 47 sequences, length 17
# corresponding to MSA columns:
# 910-926
name=unknown_H
#
# <colnr> <probs for GDERKNQSTAVLIFYWHMCP>
#	G	D	E	R	K	N	Q	S	T	A	V	L	I	F	Y	W	H	M	C	P
0	0.02783	0.06185	0.45561	0.01388	0.06980	0.02703	0.03131	0.01587	0.01112	0.03162	0.00942	0.01106	0.00711	0.00467	0.00462	0.00141	0.00652	0.00372	0.00255	0.20299
1	0.06829	0.04932	0.36806	0.01491	0.02076	0.07323	0.18121	0.07668	0.01263	0.04623	0.00996	0.01165	0.00728	0.00496	0.00502	0.00159	0.00735	0.00431	0.00282	0.03374
2	0.00634	0.00453	0.00604	0.00725	0.00755	0.00423	0.00483	0.00725	0.00997	0.01329	0.02870	0.81358	0.03444	0.01632	0.00665	0.00211	0.00302	0.01480	0.00483	0.00423
3	0.01392	0.82012	0.02729	0.00891	0.01337	0.02061	0.00891	0.01559	0.01058	0.01225	0.00724	0.00835	0.00668	0.00446	0.00334	0.00111	0.00557	0.00278	0.00223	0.00668
4	0.00634	0.00453	0.00604	0.00725	0.00755	0.00423	0.00483	0.00725	0.00997	0.01329	0.02870	0.81358	0.03444	0.01632	0.00665	0.00211	0.00302	0.01480	0.00483	0.00423
5	0.00737	0.00532	0.00696	0.00655	0.00778	0.00491	0.00491	0.00983	0.01474	0.02088	0.78175	0.03890	0.04914	0.01065	0.00614	0.00164	0.00246	0.00942	0.00573	0.00491
6	0.01113	0.18417	0.63880	0.01367	0.02072	0.01378	0.01719	0.01631	0.01091	0.01565	0.00893	0.01047	0.00661	0.00485	0.00463	0.00154	0.00727	0.00364	0.00220	0.00750
7	0.01518	0.10261	0.10147	0.20953	0.05646	0.01405	0.04406	0.27864	0.03084	0.08049	0.01136	0.01285	0.00828	0.00553	0.00502	0.00158	0.00624	0.00450	0.00371	0.00761
8	0.22727	0.18195	0.22897	0.01097	0.01570	0.13508	0.01114	0.07658	0.01216	0.04447	0.00882	0.00992	0.00678	0.00504	0.00418	0.00148	0.00633	0.00341	0.00292	0.00685
9	0.01343	0.70824	0.13487	0.00975	0.01466	0.01941	0.01037	0.01572	0.01064	0.01285	0.00754	0.00873	0.00667	0.00452	0.00357	0.00119	0.00587	0.00293	0.00222	0.00683
10	0.01217	0.01368	0.02937	0.07010	0.06208	0.01304	0.68582	0.01644	0.01216	0.01649	0.01042	0.01398	0.00786	0.00445	0.00604	0.00175	0.00855	0.00598	0.00261	0.00700
11	0.00631	0.00530	0.00549	0.00551	0.00721	0.00449	0.00417	0.00774	0.01206	0.01457	0.09976	0.04968	0.70812	0.01306	0.00619	0.00177	0.00270	0.03651	0.00489	0.00444
12	0.01247	0.01056	0.01119	0.01011	0.01287	0.01212	0.00784	0.02592	0.69602	0.02163	0.06737	0.02062	0.01781	0.00724	0.00528	0.00173	0.00395	0.00606	0.04133	0.00789
13	0.00981	0.00881	0.01181	0.01049	0.01050	0.01152	0.00812	0.01052	0.00789	0.01166	0.01113	0.04718	0.01226	0.30840	0.02022	0.00330	0.48297	0.00602	0.00269	0.00471
14	0.01076	0.07825	0.65368	0.05365	0.02287	0.01270	0.06487	0.01629	0.01102	0.01606	0.00927	0.01115	0.00670	0.00489	0.00493	0.00162	0.00758	0.00396	0.00223	0.00749
15	0.00786	0.00627	0.00723	0.00738	0.00887	0.00618	0.00557	0.01182	0.15232	0.01638	0.13546	0.22887	0.27969	0.01261	0.00623	0.00190	0.00322	0.09195	0.00504	0.00518
16	0.43540	0.06447	0.01154	0.00890	0.01234	0.01349	0.00733	0.17666	0.18296	0.02428	0.01146	0.01175	0.00867	0.00561	0.00411	0.00160	0.00451	0.00390	0.00404	0.00697

[dist]
# distance from previous block
# <min> <max>
0	1

[block]
# block no. 8 follows, 47 sequences, length 17
# corresponding to MSA columns:
# 928-944
name=unknown_I
#
# <colnr> <probs for GDERKNQSTAVLIFYWHMCP>
#	G	D	E	R	K	N	Q	S	T	A	V	L	I	F	Y	W	H	M	C	P
0	0.00916	0.30775	0.01394	0.00787	0.00971	0.01032	0.00635	0.01035	0.01020	0.01291	0.02072	0.51421	0.02412	0.01191	0.00542	0.00174	0.00397	0.01034	0.00387	0.00514
1	0.01266	0.53186	0.30448	0.01107	0.01670	0.01751	0.01266	0.01592	0.01073	0.01379	0.00801	0.00931	0.00665	0.00463	0.00393	0.00131	0.00634	0.00317	0.00222	0.00705
2	0.01233	0.45664	0.37681	0.01163	0.01757	0.01671	0.01364	0.01601	0.01077	0.01420	0.00820	0.00956	0.00664	0.00468	0.00408	0.00136	0.00654	0.00327	0.00221	0.00715
3	0.11249	0.17329	0.26131	0.01397	0.11216	0.04603	0.03307	0.04311	0.04092	0.04335	0.06489	0.01303	0.01043	0.00539	0.00460	0.00152	0.00607	0.00421	0.00302	0.00714
4	0.00646	0.00499	0.00589	0.00629	0.00738	0.00443	0.00448	0.00783	0.01166	0.01504	0.18012	0.34904	0.34983	0.01394	0.00635	0.00188	0.00276	0.01220	0.00500	0.00443
5	0.01407	0.51291	0.05973	0.03379	0.04070	0.03163	0.10243	0.03258	0.05951	0.05460	0.00957	0.01076	0.00783	0.00482	0.00415	0.00133	0.00604	0.00373	0.00277	0.00704
6	0.06448	0.00978	0.01490	0.08528	0.39520	0.00982	0.01125	0.01478	0.01177	0.05787	0.08035	0.01679	0.02803	0.00565	0.00486	0.00149	0.00496	0.00505	0.12162	0.05605
7	0.01076	0.07394	0.59571	0.01520	0.02201	0.01245	0.12863	0.01607	0.01112	0.01612	0.01022	0.04583	0.00799	0.00532	0.00510	0.00165	0.00752	0.00459	0.00238	0.00738
8	0.01239	0.40135	0.33895	0.01147	0.01703	0.01600	0.01306	0.05471	0.01134	0.01506	0.00880	0.01041	0.00716	0.00691	0.05360	0.00181	0.00697	0.00350	0.00241	0.00709
9	0.07328	0.01359	0.15979	0.11084	0.21438	0.04027	0.04389	0.01488	0.01132	0.04370	0.05271	0.03072	0.01228	0.00776	0.03540	0.00198	0.05311	0.07031	0.00306	0.00672
10	0.00634	0.00453	0.00604	0.00725	0.00755	0.00423	0.00483	0.00725	0.00997	0.01329	0.02870	0.81358	0.03444	0.01632	0.00665	0.00211	0.00302	0.01480	0.00483	0.00423
11	0.01426	0.77229	0.02654	0.00918	0.01353	0.06724	0.00898	0.01591	0.01083	0.01228	0.00729	0.00842	0.00668	0.00451	0.00342	0.00113	0.00580	0.00282	0.00226	0.00664
12	0.05842	0.00594	0.00725	0.02835	0.00885	0.00578	0.00526	0.01071	0.04658	0.01997	0.58752	0.05845	0.11668	0.01041	0.00592	0.00167	0.00278	0.00905	0.00536	0.00505
13	0.00757	0.00505	0.00568	0.00568	0.00568	0.00505	0.00316	0.00757	0.00757	0.01010	0.01641	0.03408	0.01893	0.81698	0.02651	0.00505	0.00505	0.00757	0.00316	0.00316
14	0.06507	0.01037	0.01568	0.43729	0.08293	0.01229	0.03346	0.08052	0.01179	0.08393	0.01018	0.01338	0.00766	0.00581	0.00660	0.00176	0.10714	0.00461	0.00301	0.00652
15	0.00842	0.00631	0.02823	0.00731	0.00828	0.00598	0.00550	0.00995	0.01115	0.04420	0.30241	0.05059	0.03022	0.30177	0.03918	0.00320	0.04613	0.08233	0.00435	0.00451
16	0.01373	0.74018	0.05528	0.01057	0.06185	0.01978	0.00974	0.01565	0.01068	0.01271	0.00748	0.00874	0.00678	0.00449	0.00351	0.00116	0.00569	0.00294	0.00225	0.00682

[dist]
# distance from previous block
# <min> <max>
0	2

[block]
# block no. 9 follows, 47 sequences, length 26
# corresponding to MSA columns:
# 947-972
name=unknown_J
#
# <colnr> <probs for GDERKNQSTAVLIFYWHMCP>
#	G	D	E	R	K	N	Q	S	T	A	V	L	I	F	Y	W	H	M	C	P
0	0.04526	0.08522	0.17910	0.06150	0.01615	0.01015	0.00991	0.03655	0.03168	0.04098	0.01011	0.02475	0.00811	0.00472	0.00427	0.00118	0.00510	0.00370	0.00303	0.41853
