[name]
unknown

[dist]
# distance from previous block
# <min> <max>
0	412

[block]
# block no. 0 follows, 45 sequences, length 6
# corresponding to MSA columns:
# 441-446
name=unknown_A
#
# <colnr> <probs for GDERKNQSTAVLIFYWHMCP>
#	G	D	E	R	K	N	Q	S	T	A	V	L	I	F	Y	W	H	M	C	P
0	0.00865	0.00618	0.00865	0.00989	0.01112	0.00618	0.00865	0.01112	0.01236	0.01606	0.02842	0.06055	0.03089	0.01483	0.00741	0.00247	0.00494	0.74174	0.00494	0.00494
1	0.00687	0.00492	0.00657	0.00757	0.00810	0.00462	0.00530	0.00818	0.01119	0.01508	0.14206	0.62996	0.03741	0.01577	0.00682	0.00213	0.00318	0.07464	0.00512	0.00451
2	0.04036	0.03476	0.08100	0.16263	0.20044	0.05028	0.12546	0.03963	0.03442	0.16029	0.01232	0.01417	0.00900	0.00538	0.00535	0.00167	0.00671	0.00493	0.00350	0.00770
3	0.01294	0.01038	0.01220	0.01232	0.09124	0.01140	0.00858	0.06375	0.45134	0.05677	0.11328	0.06722	0.02046	0.03575	0.00638	0.00190	0.00433	0.00687	0.00517	0.00772
4	0.00676	0.00537	0.00607	0.00608	0.00755	0.00468	0.00449	0.00843	0.01293	0.01660	0.27581	0.13370	0.46625	0.01314	0.00640	0.00182	0.00271	0.01127	0.00527	0.00468
5	0.72404	0.01268	0.00900	0.00808	0.01132	0.12949	0.00650	0.01663	0.01005	0.02243	0.00760	0.00887	0.00598	0.00507	0.00355	0.00162	0.00499	0.00299	0.00324	0.00588

[dist]
# distance from previous block
# <min> <max>
0	2

[block]
# block no. 1 follows, 45 sequences, length 21
# corresponding to MSA columns:
# 449-469
name=unknown_B
#
# <colnr> <probs for GDERKNQSTAVLIFYWHMCP>
#	G	D	E	R	K	N	Q	S	T	A	V	L	I	F	Y	W	H	M	C	P
0	0.00806	0.00655	0.05001	0.00683	0.00765	0.00575	0.00493	0.00917	0.00931	0.01317	0.10706	0.05047	0.02169	0.49090	0.12000	0.00466	0.00597	0.00753	0.06619	0.00409
1	0.01561	0.27464	0.06963	0.01356	0.10869	0.15336	0.01061	0.04885	0.09293	0.07530	0.01106	0.01190	0.00877	0.00528	0.00452	0.00138	0.00627	0.00392	0.00329	0.08044
2	0.01883	0.10783	0.01699	0.01187	0.01599	0.04670	0.00988	0.55630	0.11332	0.02919	0.01317	0.01313	0.00966	0.00630	0.00514	0.00157	0.00583	0.00470	0.00492	0.00868
3	0.00704	0.00511	0.00625	0.00678	0.00746	0.00477	0.00463	0.00812	0.01082	0.01425	0.12924	0.36237	0.16338	0.19408	0.01133	0.00275	0.00353	0.04911	0.00471	0.00426
4	0.01214	0.32923	0.49411	0.01296	0.01961	0.01583	0.01575	0.01664	0.01117	0.01533	0.00880	0.01029	0.00683	0.00491	0.00447	0.00149	0.00709	0.00355	0.00228	0.00753
5	0.06608	0.17694	0.19999	0.01136	0.01649	0.01397	0.01142	0.19459	0.01548	0.22418	0.01291	0.01285	0.00904	0.00572	0.00481	0.00156	0.00590	0.00427	0.00423	0.00820
6	0.00697	0.00498	0.00672	0.00796	0.00846	0.00473	0.00573	0.00822	0.01070	0.01418	0.02935	0.65591	0.03457	0.01641	0.00697	0.00224	0.00349	0.16296	0.00497	0.00448
7	0.00868	0.00652	0.00747	0.00692	0.00877	0.00615	0.00528	0.04689	0.07417	0.04297	0.37030	0.04111	0.33186	0.01137	0.00619	0.00174	0.00297	0.00970	0.00550	0.00545
8	0.04661	0.21321	0.01963	0.01685	0.22506	0.07436	0.02759	0.05312	0.10923	0.12564	0.01234	0.01321	0.00954	0.00557	0.00510	0.00153	0.02549	0.00442	0.00364	0.00785
9	0.01918	0.01294	0.01624	0.04249	0.20060	0.04848	0.01115	0.28257	0.04227	0.24715	0.01461	0.01469	0.01026	0.00605	0.00534	0.00162	0.00579	0.00496	0.00487	0.00872
10	0.01285	0.01068	0.01142	0.01028	0.01315	0.01211	0.00799	0.02597	0.64999	0.04327	0.08368	0.02312	0.05602	0.00787	0.00557	0.00181	0.00405	0.00660	0.00551	0.00805
11	0.00750	0.00548	0.00705	0.00665	0.00796	0.00502	0.00499	0.00995	0.01497	0.02100	0.72112	0.04096	0.10489	0.01117	0.00633	0.00170	0.00255	0.00983	0.00584	0.00502
12	0.01113	0.00954	0.01113	0.00795	0.01272	0.00716	0.00636	0.01352	0.01113	0.01749	0.00954	0.01113	0.00795	0.00398	0.00398	0.00080	0.00398	0.00318	0.00318	0.84417
13	0.01725	0.01246	0.09254	0.01525	0.15635	0.01061	0.04731	0.07324	0.06634	0.31811	0.01735	0.01714	0.04603	0.00634	0.00577	0.00165	0.03173	0.00532	0.00470	0.05453
14	0.01478	0.10245	0.37540	0.01399	0.01959	0.21881	0.04339	0.04363	0.04789	0.05628	0.01039	0.01156	0.00775	0.00537	0.00496	0.00157	0.00781	0.00402	0.00290	0.00748
15	0.00634	0.00544	0.00544	0.00544	0.00725	0.00453	0.00408	0.00770	0.01224	0.01450	0.05438	0.05166	0.77569	0.01359	0.00634	0.00181	0.00272	0.01133	0.00498	0.00453
16	0.00895	0.00788	0.01247	0.45772	0.05030	0.00908	0.01113	0.01165	0.01109	0.01439	0.05490	0.19953	0.07435	0.00929	0.00592	0.00190	0.00555	0.04494	0.00347	0.00549
17	0.01109	0.04665	0.01059	0.00937	0.01113	0.00942	0.00713	0.12210	0.16034	0.04176	0.02327	0.41858	0.02446	0.01216	0.00667	0.00198	0.04073	0.03143	0.00493	0.00621
18	0.03226	0.12805	0.05203	0.04128	0.09065	0.01496	0.10439	0.14030	0.14849	0.04420	0.01220	0.01365	0.00950	0.00615	0.00680	0.00170	0.11450	0.00483	0.00365	0.03041
19	0.05342	0.01404	0.12555	0.14923	0.33782	0.01262	0.06347	0.01755	0.08870	0.04308	0.01133	0.01384	0.00881	0.00538	0.00568	0.00171	0.03221	0.00483	0.00300	0.00773
20	0.01196	0.07021	0.06100	0.01229	0.09727	0.00986	0.04548	0.05403	0.01216	0.01786	0.01111	0.01515	0.00965	0.00515	0.00460	0.00118	0.00503	0.05887	0.00323	0.49393

[dist]
# distance from previous block
# <min> <max>
3	8

[block]
# block no. 2 follows, 45 sequences, length 20
# corresponding to MSA columns:
# 479-498
name=unknown_C
#
# <colnr> <probs for GDERKNQSTAVLIFYWHMCP>
#	G	D	E	R	K	N	Q	S	T	A	V	L	I	F	Y	W	H	M	C	P
0	0.01404	0.10118	0.18908	0.01153	0.06027	0.01036	0.01061	0.01722	0.01204	0.16544	0.01163	0.01242	0.00864	0.00486	0.00453	0.00125	0.00532	0.00385	0.00352	0.35220
1	0.06569	0.00942	0.01150	0.00857	0.01300	0.00775	0.00697	0.01894	0.01279	0.33793	0.01429	0.01398	0.01006	0.00515	0.00453	0.00121	0.00423	0.00409	0.00464	0.44525
2	0.00847	0.00572	0.00794	0.03446	0.01052	0.00559	0.00708	0.01024	0.01147	0.05321	0.02799	0.41001	0.03141	0.01505	0.00698	0.00227	0.00413	0.33757	0.00496	0.00491
3	0.01844	0.01307	0.01427	0.01150	0.01534	0.01438	0.00932	0.41284	0.28092	0.12584	0.01705	0.01605	0.01217	0.00676	0.00541	0.00169	0.00516	0.00533	0.00557	0.00891
4	0.01077	0.02777	0.78354	0.01530	0.02323	0.01247	0.01983	0.01700	0.01133	0.01700	0.00963	0.01133	0.00680	0.00510	0.00510	0.00170	0.00793	0.00397	0.00227	0.00793
5	0.01846	0.01443	0.05259	0.01210	0.01616	0.01511	0.01030	0.53947	0.12118	0.06767	0.01486	0.01606	0.01107	0.00693	0.00576	0.00170	0.02531	0.03689	0.00520	0.00873
6	0.01163	0.05903	0.60012	0.01612	0.02337	0.01290	0.14527	0.01726	0.01166	0.03885	0.01008	0.01195	0.00722	0.00502	0.00525	0.00169	0.00793	0.00437	0.00247	0.00780
7	0.02408	0.00914	0.01246	0.00955	0.01370	0.00789	0.00789	0.02616	0.01536	0.78158	0.02118	0.01827	0.01329	0.00664	0.00540	0.00166	0.00457	0.00540	0.00664	0.00914
8	0.00704	0.00511	0.00676	0.00765	0.00826	0.00492	0.00541	0.00858	0.02466	0.01470	0.10226	0.56450	0.05604	0.03451	0.05988	0.00264	0.00402	0.07361	0.00490	0.00456
9	0.02026	0.04775	0.03715	0.01204	0.05399	0.07830	0.03112	0.08826	0.04678	0.44788	0.01736	0.04240	0.01217	0.00669	0.00572	0.00166	0.03145	0.00536	0.00531	0.00837
10	0.01324	0.01347	0.12656	0.06659	0.31256	0.01170	0.04954	0.03866	0.05645	0.09527	0.01302	0.04942	0.01081	0.03745	0.03516	0.00211	0.05154	0.00548	0.00335	0.00764
11	0.00666	0.00497	0.00624	0.00720	0.00793	0.00454	0.00507	0.00782	0.01089	0.01407	0.03513	0.57679	0.20334	0.01593	0.00678	0.00212	0.00317	0.07194	0.00498	0.00445
12	0.01203	0.01238	0.05655	0.30439	0.45586	0.01247	0.03787	0.01554	0.01166	0.01614	0.00990	0.01359	0.00793	0.00500	0.00535	0.00167	0.00681	0.00478	0.00254	0.00753
13	0.03361	0.01551	0.13332	0.01663	0.18566	0.06956	0.01231	0.17068	0.10971	0.17779	0.01414	0.01441	0.01016	0.00592	0.00525	0.00164	0.00608	0.00482	0.00433	0.00845
14	0.00745	0.00585	0.00707	0.00745	0.00880	0.00556	0.00595	0.00914	0.01187	0.01498	0.07148	0.09421	0.37892	0.05299	0.02411	0.00237	0.03062	0.25171	0.00480	0.00467
15	0.02126	0.00901	0.01188	0.00947	0.01312	0.00815	0.00767	0.06692	0.04069	0.61275	0.04518	0.09653	0.01651	0.00779	0.00557	0.00172	0.00443	0.00649	0.00634	0.00852
16	0.04080	0.16079	0.07054	0.03889	0.18001	0.04028	0.03724	0.15416	0.03613	0.06654	0.03200	0.09418	0.01234	0.00668	0.00512	0.00160	0.00584	0.00560	0.00373	0.00753
17	0.01322	0.01263	0.02143	0.09954	0.60108	0.01290	0.06940	0.04347	0.04085	0.01794	0.01064	0.01370	0.00867	0.00497	0.00540	0.00164	0.00654	0.00494	0.00284	0.00821
18	0.02005	0.02558	0.01521	0.01383	0.01659	0.78980	0.01037	0.02143	0.01521	0.01314	0.00830	0.00968	0.00691	0.00553	0.00484	0.00138	0.00968	0.00346	0.00277	0.00622
19	0.01221	0.01120	0.01971	0.02253	0.36625	0.01084	0.18215	0.01571	0.03271	0.05493	0.13497	0.02131	0.07796	0.00657	0.00580	0.00169	0.00594	0.00651	0.00364	0.00738

[dist]
# distance from previous block
# <min> <max>
0	1

[block]
# block no. 3 follows, 45 sequences, length 86
# corresponding to MSA columns:
# 500-585
name=unknown_D
#
# <colnr> <probs for GDERKNQSTAVLIFYWHMCP>
#	G	D	E	R	K	N	Q	S	T	A	V	L	I	F	Y	W	H	M	C	P
0	0.04266	0.00817	0.00958	0.00890	0.01093	0.00871	0.02471	0.01731	0.30978	0.02043	0.28548	0.13438	0.06140	0.01011	0.00597	0.00183	0.00356	0.02434	0.00537	0.00638
1	0.00894	0.00921	0.07384	0.01018	0.03352	0.06924	0.00823	0.01096	0.01109	0.01443	0.02351	0.30838	0.05380	0.01753	0.13007	0.00313	0.02123	0.18341	0.00412	0.00517
2	0.01300	0.01246	0.02127	0.10290	0.71016	0.01268	0.01633	0.01622	0.01209	0.01719	0.01005	0.01338	0.00838	0.00484	0.00532	0.00161	0.00645	0.00478	0.00263	0.00827
3	0.02039	0.01535	0.01608	0.01239	0.01664	0.03970	0.01021	0.73794	0.02494	0.03321	0.01275	0.01279	0.00906	0.00642	0.00535	0.00160	0.00602	0.00479	0.00529	0.00904
4	0.00788	0.00533	0.00650	0.00665	0.00696	0.00547	0.00432	0.00851	0.00854	0.01170	0.01801	0.07006	0.01994	0.55873	0.14550	0.00524	0.00644	0.06436	0.03610	0.00375
5	0.00641	0.00544	0.00554	0.00561	0.00737	0.00457	0.00422	0.00779	0.01219	0.01452	0.05307	0.07042	0.73751	0.01371	0.00639	0.00184	0.00279	0.03109	0.00498	0.00454
6	0.84927	0.01038	0.00789	0.00706	0.01038	0.01204	0.00581	0.01578	0.00914	0.02408	0.00747	0.00872	0.00581	0.00498	0.00332	0.00166	0.00415	0.00291	0.00332	0.00581
7	0.01161	0.01103	0.08031	0.01357	0.01689	0.00966	0.19988	0.01664	0.11923	0.07544	0.03560	0.05550	0.02022	0.00968	0.00648	0.00206	0.00601	0.29924	0.00437	0.00658
8	0.84927	0.01038	0.00789	0.00706	0.01038	0.01204	0.00581	0.01578	0.00914	0.02408	0.00747	0.00872	0.00581	0.00498	0.00332	0.00166	0.00415	0.00291	0.00332	0.00581
9	0.00772	0.00554	0.00757	0.00757	0.00816	0.00614	0.00539	0.00891	0.00831	0.01168	0.01534	0.02644	0.01574	0.33404	0.49947	0.00732	0.01088	0.00653	0.00302	0.00421
10	0.01262	0.01147	0.01171	0.01064	0.01242	0.15902	0.00837	0.12034	0.01241	0.03496	0.01255	0.01687	0.01102	0.02532	0.44245	0.00553	0.07806	0.00508	0.00326	0.00589
11	0.11645	0.57192	0.16360	0.01004	0.01509	0.01851	0.01071	0.01621	0.01077	0.01484	0.00786	0.00912	0.00674	0.00473	0.00373	0.00131	0.00595	0.00307	0.00242	0.00695
12	0.01272	0.01030	0.01079	0.00980	0.01250	0.01177	0.00760	0.02549	0.62497	0.02199	0.02103	0.02002	0.01589	0.00709	0.00514	0.00171	0.00392	0.00587	0.16356	0.00784
13	0.00847	0.00682	0.00991	0.01002	0.04866	0.00673	0.06658	0.01042	0.03355	0.03386	0.06337	0.34090	0.15921	0.07951	0.04095	0.00254	0.04289	0.02606	0.00443	0.00512
14	0.01164	0.00970	0.01071	0.00989	0.01237	0.01086	0.00773	0.02287	0.53299	0.02171	0.19411	0.02801	0.02542	0.00876	0.00582	0.00185	0.00392	0.06872	0.00552	0.00742
15	0.01113	0.00954	0.01113	0.00795	0.01272	0.00716	0.00636	0.01352	0.01113	0.01749	0.00954	0.01113	0.00795	0.00398	0.00398	0.00080	0.00398	0.00318	0.00318	0.84417
16	0.01538	0.01035	0.01129	0.00964	0.03136	0.08358	0.00719	0.04669	0.05878	0.23421	0.01588	0.05436	0.01321	0.13129	0.03989	0.00227	0.00541	0.00549	0.00442	0.21933
17	0.01005	0.00709	0.00888	0.00736	0.00999	0.00597	0.00571	0.01250	0.01389	0.08069	0.46725	0.02898	0.03385	0.00836	0.00549	0.00140	0.00316	0.00725	0.00508	0.27702
18	0.00707	0.00558	0.00575	0.00563	0.00752	0.00468	0.00425	0.00848	0.01243	0.04461	0.07073	0.05007	0.72818	0.01326	0.00631	0.00180	0.00279	0.01106	0.00507	0.00472
19	0.00910	0.00812	0.01380	0.01476	0.15138	0.00778	0.14195	0.01152	0.02543	0.01605	0.10383	0.40894	0.04177	0.01156	0.00639	0.00194	0.00472	0.01091	0.00426	0.00578
20	0.01014	0.00954	0.01610	0.79845	0.03697	0.01193	0.01491	0.01371	0.01073	0.01371	0.00954	0.01431	0.00716	0.00537	0.00537	0.00179	0.00716	0.00477	0.00239	0.00596
21	0.01852	0.02304	0.01544	0.01388	0.01613	0.64756	0.01062	0.01987	0.01393	0.01310	0.00807	0.01006	0.00694	0.00624	0.00719	0.00156	0.15533	0.00369	0.00269	0.00616
22	0.00762	0.00566	0.00728	0.00793	0.00917	0.00533	0.00640	0.00962	0.01256	0.01638	0.17283	0.16032	0.20922	0.01411	0.00688	0.00213	0.00372	0.33290	0.00514	0.00479
23	0.00663	0.00476	0.00643	0.00757	0.00794	0.00456	0.00513	0.00765	0.01014	0.01360	0.02831	0.74173	0.03365	0.01879	0.07267	0.00272	0.00406	0.01446	0.00481	0.00440
24	0.01077	0.02777	0.78354	0.01530	0.02323	0.01247	0.01983	0.01700	0.01133	0.01700	0.00963	0.01133	0.00680	0.00510	0.00510	0.00170	0.00793	0.00397	0.00227	0.00793
25	0.02006	0.02526	0.01524	0.01378	0.01660	0.76643	0.01037	0.04376	0.01551	0.01376	0.00844	0.00978	0.00698	0.00556	0.00486	0.00139	0.00957	0.00350	0.00284	0.00631
26	0.01144	0.00953	0.01116	0.00799	0.01274	0.00717	0.00640	0.01382	0.01123	0.03600	0.00982	0.01130	0.00808	0.00404	0.00401	0.00082	0.00399	0.00323	0.00326	0.82394
27	0.77559	0.01027	0.00830	0.00728	0.01068	0.01167	0.00600	0.01671	0.00969	0.09172	0.00870	0.00957	0.00648	0.00513	0.00351	0.00166	0.00419	0.00313	0.00362	0.00611
28	0.00932	0.00466	0.00699	0.00699	0.00699	0.00466	0.00466	0.00699	0.00699	0.00932	0.00932	0.01632	0.00932	0.01865	0.02098	0.84382	0.00466	0.00466	0.00233	0.00233
29	0.00767	0.00575	0.00863	0.00863	0.00959	0.00671	0.00671	0.00959	0.00863	0.01246	0.01438	0.02109	0.01342	0.04026	0.79008	0.00863	0.01438	0.00575	0.00288	0.00479
30	0.01365	0.01168	0.01231	0.01099	0.01407	0.01349	0.00857	0.05992	0.73628	0.02294	0.02146	0.01972	0.01607	0.00725	0.00546	0.00181	0.00432	0.00602	0.00546	0.00852
31	0.09218	0.01124	0.01331	0.01029	0.01442	0.01121	0.00850	0.27421	0.01819	0.46427	0.01721	0.01564	0.01125	0.00644	0.00521	0.00164	0.00499	0.00500	0.00593	0.00885
32	0.00767	0.00575	0.00863	0.00863	0.00959	0.00671	0.00671	0.00959	0.00863	0.01246	0.01438	0.02109	0.01342	0.04026	0.79008	0.00863	0.01438	0.00575	0.00288	0.00479
33	0.01335	0.01153	0.01214	0.01092	0.01396	0.01335	0.00850	0.02852	0.76817	0.02245	0.02185	0.02003	0.01639	0.00728	0.00546	0.00182	0.00425	0.00607	0.00546	0.00850
34	0.01113	0.00954	0.01113	0.00795	0.01272	0.00716	0.00636	0.01352	0.01113	0.01749	0.00954	0.01113	0.00795	0.00398	0.00398	0.00080	0.00398	0.00318	0.00318	0.84417
35	0.00767	0.00575	0.00863	0.00863	0.00959	0.00671	0.00671	0.00959	0.00863	0.01246	0.01438	0.02109	0.01342	0.04026	0.79008	0.00863	0.01438	0.00575	0.00288	0.00479
36	0.01267	0.01448	0.03167	0.02262	0.02805	0.01357	0.75837	0.01719	0.01267	0.01719	0.01086	0.01448	0.00814	0.00452	0.00633	0.00181	0.00905	0.00633	0.00271	0.00724
37	0.02390	0.00943	0.01264	0.00969	0.01385	0.00833	0.00801	0.06304	0.01586	0.74400	0.02076	0.01800	0.01308	0.00663	0.00540	0.00166	0.00463	0.00537	0.00658	0.00913
38	0.01077	0.02777	0.78354	0.01530	0.02323	0.01247	0.01983	0.01700	0.01133	0.01700	0.00963	0.01133	0.00680	0.00510	0.00510	0.00170	0.00793	0.00397	0.00227	0.00793
39	0.00689	0.00546	0.00620	0.00601	0.00759	0.00476	0.00451	0.00876	0.01353	0.01756	0.36855	0.04662	0.45960	0.01245	0.00634	0.00176	0.00264	0.01062	0.00539	0.00476
40	0.02081	0.01438	0.01571	0.01204	0.01632	0.01568	0.00995	0.67892	0.02415	0.11642	0.01380	0.01348	0.00959	0.00647	0.00537	0.00162	0.00576	0.00490	0.00551	0.00913
41	0.01267	0.01448	0.03167	0.02262	0.02805	0.01357	0.75837	0.01719	0.01267	0.01719	0.01086	0.01448	0.00814	0.00452	0.00633	0.00181	0.00905	0.00633	0.00271	0.00724
42	0.84927	0.01038	0.00789	0.00706	0.01038	0.01204	0.00581	0.01578	0.00914	0.02408	0.00747	0.00872	0.00581	0.00498	0.00332	0.00166	0.00415	0.00291	0.00332	0.00581
43	0.01014	0.00954	0.01610	0.79845	0.03697	0.01193	0.01491	0.01371	0.01073	0.01371	0.00954	0.01431	0.00716	0.00537	0.00537	0.00179	0.00716	0.00477	0.00239	0.00596
44	0.00654	0.00467	0.00623	0.00747	0.00779	0.00436	0.00498	0.00747	0.01028	0.01370	0.02959	0.80785	0.03550	0.01682	0.00685	0.00218	0.00311	0.01526	0.00498	0.00436
45	0.01099	0.02632	0.70951	0.01606	0.05184	0.01254	0.04140	0.01732	0.03358	0.01719	0.01005	0.01176	0.00719	0.00513	0.00516	0.00170	0.00780	0.00413	0.00239	0.00795
46	0.07993	0.00701	0.00895	0.00972	0.01129	0.00724	0.00839	0.05567	0.01279	0.01772	0.02578	0.07596	0.02764	0.01357	0.00693	0.00234	0.00488	0.61413	0.00483	0.00525
47	0.00654	0.00467	0.00623	0.00747	0.00779	0.00436	0.00498	0.00747	0.01028	0.01370	0.02959	0.80785	0.03550	0.01682	0.00685	0.00218	0.00311	0.01526	0.00498	0.00436
48	0.00654	0.00467	0.00623	0.00747	0.00779	0.00436	0.00498	0.00747	0.01028	0.01370	0.02959	0.80785	0.03550	0.01682	0.00685	0.00218	0.00311	0.01526	0.00498	0.00436
49	0.02005	0.02558	0.01521	0.01383	0.01659	0.78980	0.01037	0.02143	0.01521	0.01314	0.00830	0.00968	0.00691	0.00553	0.00484	0.00138	0.00968	0.00346	0.00277	0.00622
50	0.00780	0.00524	0.00606	0.00606	0.00613	0.00531	0.00351	0.00794	0.00787	0.01056	0.01673	0.03410	0.01907	0.75487	0.08319	0.00545	0.00588	0.00766	0.00322	0.00337
51	0.01267	0.01448	0.03167	0.02262	0.02805	0.01357	0.75837	0.01719	0.01267	0.01719	0.01086	0.01448	0.00814	0.00452	0.00633	0.00181	0.00905	0.00633	0.00271	0.00724
52	0.01334	0.01160	0.01261	0.01121	0.01430	0.01336	0.02657	0.02825	0.74996	0.02233	0.02158	0.01989	0.01619	0.00722	0.00548	0.00182	0.00436	0.00608	0.00540	0.00847
53	0.00795	0.00568	0.00783	0.00899	0.00994	0.00556	0.00734	0.00995	0.01186	0.01561	0.06630	0.28975	0.03331	0.01525	0.00719	0.00234	0.00426	0.48113	0.00500	0.00477
54	0.00731	0.00539	0.00658	0.00641	0.00774	0.00488	0.00476	0.00943	0.01393	0.01914	0.50957	0.09929	0.22785	0.01186	0.00627	0.00174	0.00262	0.01033	0.04003	0.00488
55	0.01477	0.01035	0.01238	0.01036	0.01331	0.01089	0.04191	0.28819	0.10514	0.09231	0.09354	0.09849	0.04787	0.00877	0.00572	0.00175	0.00468	0.05999	0.07227	0.00731
56	0.01398	0.62680	0.16923	0.01049	0.01570	0.01936	0.01123	0.05363	0.01171	0.01451	0.00814	0.00934	0.00698	0.00478	0.00385	0.00127	0.00616	0.00317	0.00245	0.00720
57	0.00654	0.00467	0.00623	0.00747	0.00779	0.00436	0.00498	0.00747	0.01028	0.01370	0.02959	0.80785	0.03550	0.01682	0.00685	0.00218	0.00311	0.01526	0.00498	0.00436
58	0.01335	0.01153	0.01214	0.01092	0.01396	0.01335	0.00850	0.02852	0.76817	0.02245	0.02185	0.02003	0.01639	0.00728	0.00546	0.00182	0.00425	0.00607	0.00546	0.00850
59	0.84927	0.01038	0.00789	0.00706	0.01038	0.01204	0.00581	0.01578	0.00914	0.02408	0.00747	0.00872	0.00581	0.00498	0.00332	0.00166	0.00415	0.00291	0.00332	0.00581
60	0.00743	0.00523	0.00686	0.00783	0.00834	0.00508	0.00568	0.00861	0.01035	0.01368	0.02650	0.42161	0.03069	0.18847	0.01145	0.00292	0.00410	0.22628	0.00460	0.00429
61	0.03014	0.09819	0.25456	0.01053	0.01620	0.01059	0.01101	0.02930	0.01164	0.06275	0.01007	0.01134	0.00778	0.00462	0.00437	0.00120	0.00547	0.00355	0.00305	0.41365
62	0.00765	0.00569	0.00714	0.00753	0.00868	0.00553	0.00590	0.00931	0.01127	0.01459	0.08806	0.04717	0.23719	0.15830	0.10674	0.00347	0.00534	0.26144	0.00447	0.00452
63	0.02315	0.01063	0.01338	0.01026	0.01445	0.01010	0.00847	0.21153	0.01786	0.59269	0.01908	0.01691	0.01224	0.00659	0.00539	0.00165	0.00491	0.00526	0.00632	0.00913
64	0.14779	0.01839	0.01198	0.01095	0.01344	0.48138	0.00829	0.01806	0.01394	0.01673	0.12924	0.01513	0.01415	0.00636	0.00475	0.00146	0.00711	0.00448	0.07050	0.00588
65	0.02299	0.00955	0.01247	0.00962	0.01364	0.00867	0.00793	0.10300	0.01620	0.66431	0.02012	0.01779	0.01287	0.00660	0.00531	0.00164	0.00461	0.00532	0.04845	0.00893
66	0.02041	0.01504	0.01611	0.01235	0.01665	0.01665	0.01020	0.75997	0.02524	0.03383	0.01289	0.01289	0.00913	0.00644	0.00537	0.00161	0.00591	0.00483	0.00537	0.00913
67	0.00654	0.00467	0.00623	0.00747	0.00779	0.00436	0.00498	0.00747	0.01028	0.01370	0.02959	0.80785	0.03550	0.01682	0.00685	0.00218	0.00311	0.01526	0.00498	0.00436
68	0.00654	0.00467	0.00623	0.00747	0.00779	0.00436	0.00498	0.00747	0.01028	0.01370	0.02959	0.80785	0.03550	0.01682	0.00685	0.00218	0.00311	0.01526	0.00498	0.00436
69	0.01435	0.81458	0.02813	0.00918	0.01378	0.02124	0.00918	0.01607	0.01091	0.01263	0.00746	0.00861	0.00689	0.00459	0.00344	0.00115	0.00574	0.00287	0.00230	0.00689
70	0.01077	0.02777	0.78354	0.01530	0.02323	0.01247	0.01983	0.01700	0.01133	0.01700	0.00963	0.01133	0.00680	0.00510	0.00510	0.00170	0.00793	0.00397	0.00227	0.00793
71	0.16200	0.01050	0.01240	0.00968	0.01372	0.01030	0.00799	0.16787	0.01625	0.50814	0.01725	0.01561	0.01122	0.00633	0.00504	0.00165	0.00476	0.00487	0.00584	0.00858
72	0.01413	0.01192	0.01257	0.01108	0.01425	0.01371	0.00868	0.10893	0.68650	0.02371	0.02086	0.01924	0.01559	0.00719	0.00545	0.00180	0.00443	0.00593	0.00545	0.00857
73	0.02390	0.00943	0.01264	0.00969	0.01385	0.00833	0.00801	0.06304	0.01586	0.74400	0.02076	0.01800	0.01308	0.00663	0.00540	0.00166	0.00463	0.00537	0.00658	0.00913
74	0.02312	0.00885	0.01195	0.00924	0.01319	0.00769	0.00761	0.02523	0.01508	0.72955	0.02093	0.01839	0.01332	0.00662	0.00529	0.00163	0.00443	0.00537	0.06366	0.00885
75	0.04114	0.00941	0.01252	0.00962	0.01376	0.00835	0.00794	0.05710	0.01565	0.73403	0.02054	0.01784	0.01296	0.00660	0.00535	0.00166	0.00462	0.00532	0.00652	0.00907
76	0.01077	0.02777	0.78354	0.01530	0.02323	0.01247	0.01983	0.01700	0.01133	0.01700	0.00963	0.01133	0.00680	0.00510	0.00510	0.00170	0.00793	0.00397	0.00227	0.00793
77	0.02408	0.00914	0.01246	0.00955	0.01370	0.00789	0.00789	0.02616	0.01536	0.78158	0.02118	0.01827	0.01329	0.00664	0.00540	0.00166	0.00457	0.00540	0.00664	0.00914
78	0.00857	0.00614	0.00865	0.00978	0.01099	0.00622	0.00849	0.01099	0.01204	0.01576	0.02724	0.05723	0.02942	0.01697	0.07319	0.00299	0.00574	0.67989	0.00477	0.00493
79	0.01870	0.01227	0.01780	0.01359	0.01748	0.05065	0.18646	0.12767	0.04510	0.33669	0.01560	0.01619	0.01093	0.03031	0.00727	0.00184	0.07306	0.00548	0.00483	0.00806
80	0.00745	0.00540	0.00722	0.00836	0.00920	0.00517	0.00651	0.00909	0.01135	0.01480	0.03116	0.41686	0.09569	0.01568	0.00706	0.00228	0.00388	0.33325	0.00497	0.00463
81	0.01591	0.00851	0.00967	0.00809	0.01086	0.00858	0.00646	0.14968	0.08216	0.23220	0.01920	0.01923	0.03607	0.00671	0.00472	0.00150	0.00383	0.00537	0.36408	0.00717
82	0.01162	0.01072	0.01232	0.01097	0.01161	0.09901	0.00855	0.01273	0.00981	0.04300	0.06724	0.02110	0.01436	0.20699	0.05565	0.00318	0.37094	0.02180	0.00313	0.00526
83	0.44523	0.04588	0.04297	0.00886	0.01278	0.01192	0.00767	0.11560	0.01310	0.23183	0.01202	0.01198	0.00838	0.00562	0.00424	0.00163	0.00472	0.00388	0.00441	0.00729
84	0.01365	0.00979	0.01036	0.00954	0.01166	0.08399	0.00721	0.10589	0.10952	0.15469	0.05219	0.33414	0.03788	0.01102	0.00621	0.00187	0.01922	0.00944	0.00516	0.00655
85	0.03875	0.00981	0.01372	0.01529	0.21585	0.00980	0.03817	0.12126	0.01334	0.15017	0.01638	0.02172	0.04539	0.21987	0.01114	0.00257	0.00541	0.00599	0.03849	0.00687

[dist]
# distance from previous block
# <min> <max>
1	8

[block]
# block no. 4 follows, 45 sequences, length 36
# corresponding to MSA columns:
# 594-629
name=unknown_E
#
# <colnr> <probs for GDERKNQSTAVLIFYWHMCP>
#	G	D	E	R	K	N	Q	S	T	A	V	L	I	F	Y	W	H	M	C	P
0	0.01197	0.01077	0.01676	0.54570	0.16558	0.02927	0.01433	0.04528	0.05090	0.04228	0.01078	0.01440	0.00816	0.00545	0.00535	0.00174	0.00678	0.00484	0.00287	0.00679
1	0.04789	0.08407	0.01484	0.03464	0.08501	0.25634	0.00951	0.06391	0.07840	0.08025	0.01365	0.08664	0.01203	0.00687	0.00505	0.00154	0.00638	0.03069	0.00375	0.07853
2	0.01496	0.01279	0.01959	0.02665	0.55513	0.01312	0.01437	0.13009	0.07957	0.06253	0.01214	0.01408	0.00954	0.00535	0.00534	0.00162	0.00602	0.00494	0.00353	0.00863
3	0.00780	0.00522	0.00593	0.00593	0.00596	0.00525	0.00335	0.00786	0.00783	0.01047	0.01684	0.03473	0.01934	0.78942	0.04902	0.00530	0.00547	0.00775	0.00324	0.00330
4	0.00781	0.00520	0.00585	0.00585	0.00585	0.00520	0.00325	0.00781	0.00781	0.01041	0.01691	0.03513	0.01952	0.81135	0.02732	0.00520	0.00520	0.00781	0.00325	0.00325
5	0.00851	0.00568	0.00718	0.00668	0.00819	0.00516	0.00505	0.01087	0.01467	0.06573	0.60780	0.03948	0.13980	0.01086	0.00617	0.00169	0.00268	0.00947	0.03909	0.00524
6	0.01998	0.21838	0.01807	0.01068	0.01501	0.01514	0.00923	0.34415	0.01853	0.25761	0.01404	0.01344	0.00983	0.00603	0.00488	0.00151	0.00545	0.00450	0.00497	0.00856
7	0.01655	0.01652	0.15839	0.06646	0.04039	0.10860	0.20475	0.07158	0.03095	0.21231	0.01323	0.01425	0.00925	0.00555	0.00551	0.00168	0.00727	0.00506	0.00386	0.00783
8	0.05722	0.69378	0.02706	0.01020	0.01467	0.02008	0.06490	0.01606	0.01088	0.01357	0.00771	0.00913	0.00693	0.00473	0.00400	0.00125	0.02544	0.00318	0.00238	0.00683
9	0.01075	0.00569	0.00682	0.00635	0.00793	0.00536	0.00482	0.01314	0.01319	0.11762	0.29891	0.06399	0.02837	0.00854	0.00506	0.00151	0.00281	0.00727	0.38634	0.00552
10	0.01156	0.01143	0.01594	0.01370	0.01370	0.01591	0.01134	0.01267	0.00820	0.01280	0.00752	0.01286	0.00764	0.04768	0.01808	0.00249	0.76351	0.00485	0.00239	0.00575
11	0.01113	0.00954	0.01113	0.00795	0.01272	0.00716	0.00636	0.01352	0.01113	0.01749	0.00954	0.01113	0.00795	0.00398	0.00398	0.00080	0.00398	0.00318	0.00318	0.84417
12	0.01312	0.01439	0.02996	0.02157	0.02667	0.01391	0.67544	0.06424	0.01326	0.01805	0.01081	0.01425	0.00816	0.00488	0.00681	0.00182	0.04636	0.00616	0.00287	0.00730
13	0.01444	0.01323	0.01267	0.01131	0.01438	0.09771	0.00879	0.06500	0.64870	0.02202	0.01992	0.01854	0.01499	0.00705	0.00539	0.00176	0.00492	0.00572	0.00516	0.00828
14	0.00640	0.00536	0.00556	0.00568	0.00733	0.00453	0.00420	0.00774	0.01210	0.01459	0.06961	0.13095	0.67984	0.01387	0.00640	0.00185	0.00276	0.01170	0.00501	0.00453
15	0.40885	0.01141	0.05048	0.00903	0.01298	0.01121	0.00781	0.10324	0.03481	0.28211	0.01326	0.01289	0.00908	0.00578	0.00441	0.00166	0.00469	0.00411	0.00469	0.00750
16	0.00755	0.00532	0.00702	0.00744	0.00840	0.00503	0.00560	0.00956	0.01293	0.01798	0.36905	0.29037	0.04058	0.01330	0.00656	0.00196	0.00314	0.13808	0.04531	0.00481
17	0.00750	0.00552	0.00717	0.00778	0.00889	0.00519	0.00610	0.00944	0.01257	0.01666	0.22647	0.23425	0.15630	0.01411	0.00683	0.00209	0.00352	0.25963	0.00521	0.00477
18	0.01169	0.01439	0.13132	0.25573	0.16551	0.01297	0.24442	0.01570	0.01152	0.01589	0.00989	0.01358	0.00765	0.00524	0.00645	0.00179	0.06153	0.00513	0.00252	0.00709
19	0.01319	0.01256	0.06120	0.01120	0.01455	0.01330	0.00922	0.02779	0.72003	0.02211	0.02107	0.01947	0.01578	0.00714	0.00544	0.00181	0.00448	0.00594	0.00526	0.00846
20	0.01014	0.00954	0.01610	0.79845	0.03697	0.01193	0.01491	0.01371	0.01073	0.01371	0.00954	0.01431	0.00716	0.00537	0.00537	0.00179	0.00716	0.00477	0.00239	0.00596
21	0.14501	0.00905	0.01099	0.00873	0.01239	0.00852	0.00716	0.05415	0.01434	0.54093	0.01832	0.01684	0.01206	0.00634	0.00488	0.00161	0.00430	0.00495	0.11131	0.00812
22	0.13330	0.06143	0.34345	0.01403	0.06826	0.03772	0.03436	0.07859	0.04377	0.07403	0.02996	0.01269	0.00897	0.00563	0.00528	0.00167	0.03171	0.00429	0.00327	0.00761
23	0.12896	0.01362	0.01222	0.01036	0.01351	0.21557	0.00817	0.07239	0.01466	0.30758	0.06378	0.06580	0.01396	0.00712	0.00546	0.00164	0.02770	0.00540	0.00482	0.00727
24	0.02877	0.00574	0.00701	0.00679	0.00815	0.00525	0.01819	0.00963	0.01223	0.05276	0.25057	0.18115	0.26095	0.11781	0.00908	0.00228	0.00330	0.01053	0.00502	0.00479
25	0.70618	0.09147	0.01061	0.00825	0.03066	0.04889	0.00663	0.01609	0.00967	0.02227	0.00758	0.00887	0.00604	0.00496	0.00346	0.00160	0.00462	0.00298	0.00318	0.00601
26	0.00703	0.05690	0.00716	0.00606	0.00791	0.00569	0.00472	0.00850	0.01219	0.01475	0.08323	0.08948	0.61709	0.01313	0.00624	0.00182	0.00303	0.04550	0.00486	0.00472
27	0.01295	0.16559	0.48851	0.01377	0.02019	0.04769	0.03416	0.05293	0.04073	0.04744	0.01025	0.01154	0.00759	0.00529	0.00507	0.00160	0.02023	0.00400	0.00275	0.00775
28	0.00767	0.00527	0.00662	0.00696	0.00804	0.00476	0.00496	0.00917	0.01222	0.05548	0.22575	0.40879	0.19614	0.01411	0.00653	0.00195	0.00296	0.01249	0.00531	0.00482
29	0.00770	0.00582	0.00764	0.00782	0.04436	0.00536	0.00547	0.01011	0.01466	0.02040	0.64275	0.04037	0.14532	0.01103	0.00628	0.00170	0.00274	0.00969	0.00563	0.00516
30	0.00793	0.00644	0.02516	0.02624	0.05075	0.00576	0.00601	0.01031	0.01402	0.01954	0.57377	0.03815	0.11369	0.06966	0.00778	0.00196	0.00318	0.00921	0.00529	0.00515
31	0.78812	0.01029	0.00823	0.00724	0.01063	0.01173	0.00597	0.01655	0.00960	0.08022	0.00849	0.00943	0.00637	0.00511	0.00348	0.00166	0.00418	0.00309	0.00357	0.00606
32	0.01610	0.40367	0.04658	0.01275	0.06795	0.27568	0.01043	0.04778	0.01307	0.01435	0.02572	0.01033	0.00810	0.00525	0.00453	0.00133	0.02336	0.00351	0.00268	0.00684
33	0.01395	0.00931	0.01209	0.00964	0.01255	0.00921	0.00782	0.01596	0.01205	0.20814	0.11824	0.03130	0.01548	0.00713	0.00795	0.00153	0.19356	0.00522	0.00426	0.30462
34	0.03250	0.03150	0.06845	0.09205	0.08509	0.01079	0.00982	0.19367	0.04102	0.10791	0.01863	0.17733	0.05204	0.04660	0.00664	0.00193	0.00522	0.00734	0.00443	0.00705
35	0.01417	0.05810	0.13648	0.03672	0.13183	0.01384	0.01192	0.12713	0.34916	0.04074	0.01575	0.01581	0.01182	0.00623	0.00526	0.00170	0.00555	0.00514	0.00430	0.00836

[dist]
# distance from previous block
# <min> <max>
4	10

[block]
# block no. 5 follows, 45 sequences, length 18
# corresponding to MSA columns:
# 640-657
name=unknown_F
#
# <colnr> <probs for GDERKNQSTAVLIFYWHMCP>
#	G	D	E	R	K	N	Q	S	T	A	V	L	I	F	Y	W	H	M	C	P
0	0.23569	0.10623	0.15016	0.01624	0.18363	0.05657	0.05498	0.05543	0.01198	0.04835	0.00946	0.01121	0.00738	0.00517	0.00489	0.00160	0.02673	0.00397	0.00302	0.00730
1	0.08654	0.20814	0.27822	0.01440	0.08305	0.02977	0.05428	0.03373	0.02772	0.06666	0.00992	0.01147	0.00765	0.00539	0.00553	0.00160	0.06161	0.00401	0.00286	0.00745
2	0.00822	0.00592	0.00761	0.00753	0.00842	0.00649	0.00546	0.01051	0.06133	0.01325	0.01787	0.02655	0.05321	0.25973	0.41155	0.00623	0.00948	0.00659	0.06946	0.00460
3	0.01558	0.01036	0.01125	0.00916	0.01212	0.01103	0.00738	0.39088	0.01900	0.06636	0.09589	0.01980	0.04875	0.00718	0.00504	0.00152	0.00434	0.00571	0.25135	0.00729
4	0.84927	0.01038	0.00789	0.00706	0.01038	0.01204	0.00581	0.01578	0.00914	0.02408	0.00747	0.00872	0.00581	0.00498	0.00332	0.00166	0.00415	0.00291	0.00332	0.00581
5	0.01426	0.00729	0.00953	0.00811	0.01059	0.00672	0.00638	0.01750	0.06799	0.31000	0.43623	0.03041	0.03407	0.00907	0.00592	0.00169	0.00342	0.00782	0.00616	0.00685
6	0.00660	0.00487	0.00618	0.00716	0.00779	0.00446	0.00493	0.00769	0.01082	0.01413	0.05447	0.63004	0.16779	0.01602	0.00676	0.00211	0.00308	0.03563	0.00501	0.00443
7	0.00722	0.00518	0.00639	0.00652	0.00757	0.00468	0.00467	0.00832	0.01198	0.01579	0.27100	0.20287	0.27550	0.01419	0.00862	0.12659	0.00303	0.01066	0.00488	0.00434
8	0.01267	0.01448	0.03167	0.02262	0.02805	0.01357	0.75837	0.01719	0.01267	0.01719	0.01086	0.01448	0.00814	0.00452	0.00633	0.00181	0.00905	0.00633	0.00271	0.00724
9	0.00767	0.00575	0.00863	0.00863	0.00959	0.00671	0.00671	0.00959	0.00863	0.01246	0.01438	0.02109	0.01342	0.04026	0.79008	0.00863	0.01438	0.00575	0.00288	0.00479
10	0.01113	0.00954	0.01113	0.00795	0.01272	0.00716	0.00636	0.01352	0.01113	0.01749	0.00954	0.01113	0.00795	0.00398	0.00398	0.00080	0.00398	0.00318	0.00318	0.84417
11	0.01849	0.07731	0.01560	0.01294	0.01594	0.57096	0.00995	0.05012	0.14771	0.01552	0.01080	0.01155	0.00866	0.00581	0.00487	0.00145	0.00831	0.00393	0.00331	0.00678
12	0.01334	0.01137	0.01204	0.01077	0.01377	0.01307	0.00839	0.05563	0.70240	0.02284	0.05883	0.02075	0.01781	0.00743	0.00550	0.00181	0.00423	0.00620	0.00548	0.00835
13	0.00808	0.00609	0.00860	0.12448	0.01214	0.00682	0.00652	0.00955	0.00897	0.01233	0.05402	0.02642	0.01674	0.32767	0.34232	0.00595	0.00920	0.00659	0.00310	0.00439
14	0.84927	0.01038	0.00789	0.00706	0.01038	0.01204	0.00581	0.01578	0.00914	0.02408	0.00747	0.00872	0.00581	0.00498	0.00332	0.00166	0.00415	0.00291	0.00332	0.00581
15	0.01717	0.14365	0.09662	0.06572	0.01702	0.01416	0.01066	0.28009	0.01701	0.17226	0.06111	0.01486	0.01173	0.00641	0.00573	0.00161	0.04690	0.00483	0.00447	0.00800
16	0.00724	0.00537	0.00675	0.00661	0.00785	0.00488	0.00488	0.00936	0.01404	0.01928	0.55169	0.13997	0.17786	0.01219	0.00640	0.00177	0.00264	0.01070	0.00563	0.00488
17	0.05444	0.01799	0.25247	0.03012	0.05310	0.16426	0.04456	0.01678	0.04079	0.05742	0.07326	0.07096	0.02759	0.03948	0.00661	0.00184	0.03256	0.00568	0.00338	0.00674

[dist]
# distance from previous block
# <min> <max>
0	4

[block]
# block no. 6 follows, 45 sequences, length 83
# corresponding to MSA columns:
# 662-744
name=unknown_G
#
# <colnr> <probs for GDERKNQSTAVLIFYWHMCP>
#	G	D	E	R	K	N	Q	S	T	A	V	L	I	F	Y	W	H	M	C	P
0	0.01628	0.49075	0.02367	0.01105	0.01534	0.11757	0.04021	0.17685	0.03247	0.01767	0.00921	0.01018	0.00765	0.00517	0.00420	0.00132	0.00638	0.00358	0.00311	0.00734
1	0.04342	0.00684	0.00951	0.00901	0.01035	0.00787	0.00710	0.03532	0.00947	0.03818	0.01366	0.01932	0.01240	0.03355	0.63424	0.00725	0.05853	0.00544	0.00308	0.03547
2	0.01403	0.03467	0.22557	0.16585	0.11427	0.01239	0.04319	0.06836	0.12053	0.12821	0.01328	0.01454	0.00958	0.00570	0.00530	0.00170	0.00645	0.00485	0.00364	0.00791
3	0.04325	0.12099	0.12645	0.01364	0.08082	0.01356	0.05599	0.22506	0.02935	0.17138	0.05704	0.01485	0.01163	0.00602	0.00513	0.00159	0.00586	0.00489	0.00435	0.00815
4	0.00752	0.00519	0.00603	0.00613	0.00645	0.00504	0.00374	0.00804	0.00932	0.01244	0.11205	0.13026	0.08095	0.56066	0.02079	0.00417	0.00445	0.00919	0.00391	0.00370
5	0.01470	0.01011	0.01148	0.00970	0.01266	0.01071	0.00769	0.19070	0.25283	0.13552	0.22414	0.02484	0.05484	0.00825	0.00570	0.00171	0.00415	0.00688	0.00571	0.00765
6	0.03953	0.22349	0.08622	0.01686	0.22653	0.01384	0.03738	0.03363	0.05216	0.18603	0.01325	0.01395	0.02330	0.00549	0.00483	0.00153	0.00579	0.00453	0.00367	0.00799
7	0.01635	0.05738	0.08002	0.25256	0.13843	0.03764	0.01252	0.03384	0.01309	0.28500	0.01363	0.01479	0.00950	0.00569	0.00522	0.00165	0.00617	0.00478	0.00398	0.00775
8	0.01995	0.00816	0.01093	0.00888	0.01227	0.00708	0.00713	0.02180	0.01434	0.60146	0.02534	0.13686	0.08378	0.00875	0.00569	0.00175	0.00419	0.00737	0.00625	0.00803
9	0.01227	0.01219	0.01823	0.01638	0.07989	0.01588	0.07813	0.04076	0.00957	0.01445	0.00785	0.01216	0.00734	0.00847	0.01513	0.00221	0.63538	0.00485	0.00252	0.00633
10	0.01754	0.15551	0.16283	0.03618	0.10534	0.05761	0.01186	0.06277	0.02927	0.28881	0.01377	0.01380	0.00966	0.00568	0.00496	0.00156	0.00606	0.00446	0.00415	0.00817
11	0.13175	0.01339	0.01391	0.01155	0.03013	0.13269	0.03603	0.17082	0.03378	0.29286	0.03591	0.01470	0.01103	0.00635	0.00562	0.00165	0.04029	0.00478	0.00488	0.00788
12	0.52389	0.06304	0.01454	0.01347	0.13495	0.05179	0.09618	0.01636	0.01046	0.02096	0.00833	0.01016	0.00664	0.00490	0.00408	0.00162	0.00546	0.00363	0.00305	0.00650
13	0.10981	0.00888	0.01049	0.00907	0.01192	0.00888	0.00708	0.08213	0.11439	0.32141	0.02091	0.20743	0.01807	0.03664	0.00628	0.00192	0.00426	0.00762	0.00549	0.00733
14	0.00731	0.00525	0.00713	0.00800	0.00875	0.00507	0.00600	0.00896	0.01157	0.01560	0.16117	0.44247	0.03579	0.01665	0.05220	0.00254	0.00411	0.19177	0.00502	0.00465
15	0.00881	0.00635	0.00786	0.00737	0.00870	0.00619	0.00543	0.08856	0.01488	0.02070	0.51867	0.14924	0.04131	0.08194	0.00816	0.00206	0.00321	0.00984	0.00548	0.00523
16	0.01090	0.00704	0.00823	0.00729	0.00953	0.00656	0.00567	0.07263	0.04596	0.13630	0.28730	0.03823	0.32178	0.01081	0.00608	0.00173	0.00326	0.00914	0.00560	0.00595
17	0.01264	0.00692	0.00875	0.00771	0.00987	0.00654	0.00603	0.01617	0.08112	0.21647	0.40864	0.03090	0.03326	0.00908	0.00574	0.00166	0.00326	0.02591	0.10290	0.00640
18	0.02323	0.08017	0.01384	0.00952	0.01371	0.00907	0.00800	0.02527	0.01497	0.71377	0.01997	0.01742	0.01272	0.00646	0.00523	0.00162	0.00467	0.00518	0.00626	0.00894
19	0.01695	0.01055	0.01213	0.01034	0.01372	0.01124	0.00820	0.02724	0.48735	0.28675	0.04032	0.01991	0.01616	0.00715	0.00546	0.00176	0.00432	0.00593	0.00588	0.00863
20	0.01435	0.81458	0.02813	0.00918	0.01378	0.02124	0.00918	0.01607	0.01091	0.01263	0.00746	0.00861	0.00689	0.00459	0.00344	0.00115	0.00574	0.00287	0.00230	0.00689
21	0.00757	0.00576	0.00733	0.00758	0.00889	0.00499	0.00529	0.00883	0.01047	0.01455	0.02510	0.62939	0.02933	0.01394	0.00621	0.00187	0.00331	0.01255	0.00458	0.19247
22	0.00711	0.00508	0.00688	0.00813	0.00869	0.00485	0.00597	0.00846	0.01084	0.01434	0.02927	0.60601	0.03426	0.01628	0.00700	0.00226	0.00361	0.21147	0.00497	0.00452
23	0.02309	0.01073	0.01345	0.01031	0.01450	0.01026	0.00852	0.22508	0.01804	0.57889	0.01893	0.01681	0.01216	0.00659	0.00539	0.00165	0.00493	0.00524	0.00630	0.00913
24	0.00674	0.00469	0.00616	0.00733	0.00770	0.00440	0.00491	0.00777	0.01033	0.01407	0.02889	0.76228	0.03425	0.01621	0.00667	0.00213	0.00308	0.01467	0.05335	0.00440
25	0.01378	0.01132	0.01210	0.01077	0.01378	0.01291	0.00840	0.08040	0.64776	0.04451	0.03547	0.05208	0.01719	0.00766	0.00553	0.00181	0.00430	0.00640	0.00548	0.00833
26	0.01114	0.01081	0.01927	0.02050	0.26844	0.01097	0.20475	0.01406	0.01211	0.01702	0.12472	0.11604	0.01851	0.00794	0.00730	0.00185	0.09055	0.03377	0.00348	0.00676
27	0.00764	0.00503	0.00664	0.00745	0.00813	0.00463	0.00512	0.00880	0.01108	0.05884	0.09584	0.66402	0.06536	0.01558	0.00670	0.00209	0.00313	0.01404	0.00516	0.00471
28	0.01479	0.01131	0.01650	0.02059	0.37266	0.01123	0.01181	0.03453	0.16115	0.14720	0.04570	0.01631	0.01254	0.00579	0.00526	0.00157	0.00524	0.00517	0.00412	0.09655
29	0.01465	0.01052	0.01207	0.00900	0.01348	0.02299	0.00725	0.10566	0.05129	0.14567	0.01245	0.01294	0.00937	0.00490	0.00447	0.00110	0.00442	0.00389	0.00412	0.54975
30	0.01113	0.00954	0.01113	0.00795	0.01272	0.00716	0.00636	0.01352	0.01113	0.01749	0.00954	0.01113	0.00795	0.00398	0.00398	0.00080	0.00398	0.00318	0.00318	0.84417
31	0.41713	0.01117	0.01117	0.00904	0.01283	0.01200	0.00746	0.19979	0.01479	0.23797	0.01262	0.01240	0.00871	0.00580	0.00440	0.00165	0.00470	0.00407	0.00475	0.00755
32	0.01320	0.10178	0.49006	0.01372	0.02017	0.01422	0.01588	0.15951	0.08502	0.02028	0.01119	0.01218	0.00815	0.00551	0.00502	0.00164	0.00698	0.00422	0.00316	0.00811
33	0.00800	0.00501	0.00636	0.00658	0.00694	0.00484	0.00433	0.00759	0.00867	0.01129	0.02179	0.13623	0.12747	0.27426	0.01846	0.30275	0.00436	0.03825	0.00348	0.00333
34	0.74189	0.01189	0.00951	0.00829	0.01165	0.08070	0.03703	0.01634	0.00982	0.02284	0.00769	0.00904	0.00601	0.00501	0.00358	0.00164	0.00484	0.00310	0.00325	0.00591
35	0.02266	0.00880	0.01194	0.00926	0.01316	0.00764	0.00761	0.02478	0.01527	0.71364	0.07304	0.01981	0.01587	0.00693	0.00543	0.00165	0.00439	0.00569	0.02366	0.00877
36	0.01435	0.81458	0.02813	0.00918	0.01378	0.02124	0.00918	0.01607	0.01091	0.01263	0.00746	0.00861	0.00689	0.00459	0.00344	0.00115	0.00574	0.00287	0.00230	0.00689
37	0.00661	0.00549	0.00581	0.00584	0.00756	0.00469	0.00445	0.00817	0.01257	0.01536	0.13161	0.05091	0.65340	0.01338	0.00640	0.00184	0.00283	0.05340	0.00508	0.00461
38	0.02100	0.00853	0.01125	0.00890	0.01249	0.00761	0.00726	0.02369	0.04593	0.61503	0.06437	0.01981	0.01563	0.00687	0.00526	0.00162	0.00419	0.00563	0.10655	0.00838
39	0.00731	0.00536	0.00686	0.00674	0.00791	0.00491	0.00496	0.00949	0.01415	0.01965	0.59088	0.15887	0.11867	0.01212	0.00641	0.00178	0.00264	0.01072	0.00568	0.00491
40	0.84927	0.01038	0.00789	0.00706	0.01038	0.01204	0.00581	0.01578	0.00914	0.02408	0.00747	0.00872	0.00581	0.00498	0.00332	0.00166	0.00415	0.00291	0.00332	0.00581
41	0.02041	0.01504	0.01611	0.01235	0.01665	0.01665	0.01020	0.75997	0.02524	0.03383	0.01289	0.01289	0.00913	0.00644	0.00537	0.00161	0.00591	0.00483	0.00537	0.00913
42	0.02123	0.00896	0.01185	0.00955	0.01322	0.00815	0.00790	0.05077	0.04880	0.60667	0.02151	0.02268	0.01515	0.00751	0.00554	0.00173	0.00455	0.08299	0.04274	0.00848
43	0.01267	0.01448	0.03167	0.02262	0.02805	0.01357	0.75837	0.01719	0.01267	0.01719	0.01086	0.01448	0.00814	0.00452	0.00633	0.00181	0.00905	0.00633	0.00271	0.00724
44	0.01014	0.00954	0.01610	0.79845	0.03697	0.01193	0.01491	0.01371	0.01073	0.01371	0.00954	0.01431	0.00716	0.00537	0.00537	0.00179	0.00716	0.00477	0.00239	0.00596
45	0.00776	0.00522	0.00604	0.00608	0.00615	0.00528	0.00352	0.00791	0.00793	0.01063	0.01711	0.05622	0.01958	0.73904	0.07590	0.00534	0.00574	0.00789	0.00328	0.00338
46	0.84927	0.01038	0.00789	0.00706	0.01038	0.01204	0.00581	0.01578	0.00914	0.02408	0.00747	0.00872	0.00581	0.00498	0.00332	0.00166	0.00415	0.00291	0.00332	0.00581
