[name]
unknown

[dist]
# distance from previous block
# <min> <max>
0	188

[block]
# block no. 0 follows, 37 sequences, length 7
# corresponding to MSA columns:
# 228-234
name=unknown_A
#
# <colnr> <probs for GDERKNQSTAVLIFYWHMCP>
#	G	D	E	R	K	N	Q	S	T	A	V	L	I	F	Y	W	H	M	C	P
0	0.01796	0.07207	0.27275	0.01348	0.01919	0.01238	0.01422	0.08084	0.01591	0.25647	0.01912	0.02523	0.01518	0.00841	0.00628	0.00203	0.00684	0.12769	0.00503	0.00892
1	0.02746	0.01042	0.01421	0.01089	0.01563	0.00900	0.00900	0.02983	0.01752	0.75093	0.02415	0.02083	0.01515	0.00758	0.00616	0.00189	0.00521	0.00616	0.00758	0.01042
2	0.01754	0.07502	0.27653	0.01547	0.02174	0.01616	0.07475	0.29746	0.01972	0.05975	0.05614	0.01599	0.01221	0.00680	0.00602	0.00186	0.00753	0.00551	0.00449	0.00930
3	0.11357	0.11958	0.46433	0.01414	0.02081	0.01408	0.01670	0.01753	0.01238	0.01923	0.01362	0.12187	0.01230	0.00764	0.00561	0.00193	0.00741	0.00606	0.00318	0.00802
4	0.02285	0.01755	0.08059	0.01397	0.01921	0.01733	0.01224	0.57930	0.02603	0.12554	0.01556	0.01531	0.01077	0.00725	0.00610	0.00185	0.00674	0.00551	0.00600	0.01029
5	0.26272	0.31509	0.12876	0.01123	0.01653	0.01831	0.01118	0.10690	0.01413	0.05154	0.01027	0.01136	0.00808	0.00581	0.00453	0.00167	0.00634	0.00386	0.00360	0.00808
6	0.21476	0.37483	0.23860	0.01193	0.01793	0.01870	0.01310	0.01856	0.01208	0.01908	0.00924	0.01076	0.00752	0.00552	0.00445	0.00164	0.00684	0.00365	0.00290	0.00790

[dist]
# distance from previous block
# <min> <max>
4	31

[block]
# block no. 1 follows, 37 sequences, length 22
# corresponding to MSA columns:
# 266-287
name=unknown_B
#
# <colnr> <probs for GDERKNQSTAVLIFYWHMCP>
#	G	D	E	R	K	N	Q	S	T	A	V	L	I	F	Y	W	H	M	C	P
0	0.08381	0.27958	0.33598	0.01409	0.02050	0.13565	0.01555	0.01972	0.01325	0.01772	0.00972	0.01135	0.00771	0.00569	0.00497	0.00167	0.00817	0.00392	0.00279	0.00814
1	0.06062	0.42841	0.13545	0.01293	0.05513	0.06957	0.01197	0.01756	0.01272	0.01640	0.01260	0.11718	0.01238	0.00736	0.00497	0.00165	0.00676	0.00558	0.00316	0.00761
2	0.22758	0.32547	0.20149	0.01140	0.01681	0.01729	0.01211	0.01780	0.01224	0.01959	0.04011	0.03681	0.01113	0.00647	0.00471	0.00171	0.00643	0.01999	0.00324	0.00761
3	0.05084	0.22344	0.49427	0.01475	0.02212	0.01627	0.01787	0.01847	0.01262	0.01828	0.01144	0.05267	0.00946	0.00637	0.00534	0.00180	0.00791	0.00483	0.00281	0.00841
4	0.17573	0.36873	0.15584	0.01237	0.01783	0.06576	0.05078	0.01907	0.01281	0.03876	0.02723	0.01201	0.00907	0.00573	0.00466	0.00163	0.00701	0.00403	0.00314	0.00782
5	0.03492	0.16391	0.10826	0.11108	0.11849	0.17365	0.04216	0.02035	0.01431	0.08856	0.02804	0.01425	0.01004	0.00613	0.00573	0.00172	0.01958	0.00478	0.00344	0.03060
6	0.01991	0.11052	0.15853	0.01625	0.04422	0.51533	0.01396	0.02264	0.01587	0.01592	0.00972	0.01140	0.00792	0.00607	0.00542	0.00162	0.01005	0.00403	0.00298	0.00763
7	0.01678	0.18834	0.30866	0.01381	0.02007	0.03924	0.01488	0.02354	0.14168	0.15214	0.01526	0.01538	0.01106	0.00647	0.00553	0.00181	0.00713	0.00495	0.00416	0.00909
8	0.13852	0.00739	0.00970	0.00955	0.01107	0.00861	0.00749	0.01205	0.00993	0.01631	0.01515	0.02181	0.01393	0.03954	0.64074	0.00858	0.01455	0.00604	0.00336	0.00565
9	0.01148	0.14228	0.36735	0.01265	0.01838	0.01267	0.01445	0.01611	0.01414	0.01974	0.21450	0.02560	0.08941	0.00844	0.00603	0.00185	0.00643	0.00688	0.00401	0.00761
10	0.01640	0.01621	0.01893	0.09143	0.24184	0.20409	0.05101	0.01900	0.01435	0.07429	0.01528	0.13590	0.01428	0.00835	0.00706	0.00195	0.05090	0.00710	0.00379	0.00782
11	0.01617	0.66596	0.03093	0.01477	0.13149	0.02269	0.01179	0.01840	0.01268	0.01529	0.00899	0.01066	0.00815	0.00527	0.00427	0.00139	0.00666	0.00362	0.00268	0.00815
12	0.71898	0.11626	0.01210	0.00838	0.01236	0.01514	0.00715	0.01804	0.01069	0.02571	0.00852	0.00993	0.00679	0.00562	0.00381	0.00182	0.00498	0.00331	0.00363	0.00679
13	0.00867	0.00584	0.00674	0.00697	0.00703	0.00578	0.00402	0.00884	0.00935	0.01246	0.02158	0.15739	0.02514	0.66360	0.02746	0.00539	0.00556	0.01025	0.00402	0.00391
14	0.00831	0.00615	0.00775	0.00755	0.00898	0.00559	0.00559	0.01079	0.01619	0.02232	0.55949	0.12658	0.16463	0.01370	0.00729	0.00201	0.00299	0.01204	0.00646	0.00559
15	0.01164	0.00692	0.00914	0.00821	0.01017	0.00629	0.00629	0.01445	0.01736	0.13960	0.62953	0.04178	0.05101	0.01173	0.00705	0.00192	0.00326	0.01029	0.00687	0.00651
16	0.10467	0.58794	0.02659	0.01010	0.01500	0.02064	0.00963	0.01852	0.01252	0.06132	0.01040	0.03509	0.00927	0.00583	0.00421	0.00142	0.00606	0.00392	0.00320	0.05366
17	0.01546	0.62093	0.19178	0.01202	0.01810	0.02201	0.01316	0.01856	0.01255	0.01551	0.00906	0.01051	0.00783	0.00537	0.00435	0.00145	0.00710	0.00355	0.00261	0.00812
18	0.01396	0.36961	0.25273	0.01260	0.01828	0.01767	0.01365	0.03081	0.06516	0.01791	0.05257	0.06586	0.01416	0.00727	0.00527	0.00172	0.00679	0.02249	0.00343	0.00805
19	0.04288	0.37554	0.30391	0.01312	0.01935	0.04667	0.01474	0.01840	0.01307	0.01747	0.05162	0.01488	0.01142	0.00628	0.00503	0.00166	0.00738	0.02555	0.00299	0.00805
20	0.04175	0.23078	0.21993	0.01433	0.05847	0.03841	0.01381	0.15568	0.01650	0.06326	0.05243	0.01634	0.03965	0.00677	0.00545	0.00173	0.00697	0.00513	0.00398	0.00864
21	0.03982	0.30211	0.20780	0.01304	0.03467	0.07983	0.01308	0.04794	0.01444	0.08866	0.05289	0.01667	0.05145	0.00675	0.00524	0.00167	0.00702	0.00500	0.00370	0.00819

[dist]
# distance from previous block
# <min> <max>
20	48

[block]
# block no. 2 follows, 37 sequences, length 11
# corresponding to MSA columns:
# 343-353
name=unknown_C
#
# <colnr> <probs for GDERKNQSTAVLIFYWHMCP>
#	G	D	E	R	K	N	Q	S	T	A	V	L	I	F	Y	W	H	M	C	P
0	0.00950	0.17639	0.01249	0.00836	0.01027	0.00931	0.00652	0.01108	0.01302	0.01662	0.11935	0.37157	0.18459	0.01456	0.00677	0.00207	0.00403	0.01261	0.00514	0.00574
1	0.01756	0.43677	0.07451	0.01431	0.10378	0.04106	0.01178	0.02008	0.01365	0.14542	0.01336	0.05952	0.01134	0.00659	0.00499	0.00160	0.00652	0.00501	0.00374	0.00841
2	0.11427	0.35722	0.18863	0.05559	0.01919	0.01770	0.01290	0.02018	0.01309	0.13298	0.01167	0.01264	0.00885	0.00584	0.00481	0.00166	0.00678	0.00414	0.00354	0.00832
3	0.01392	0.33649	0.46275	0.01464	0.02215	0.01825	0.01773	0.01896	0.01273	0.01738	0.00999	0.01167	0.00779	0.00558	0.00506	0.00169	0.00804	0.00402	0.00260	0.00857
4	0.01500	0.57322	0.02972	0.01265	0.01745	0.02054	0.12217	0.01735	0.01267	0.01537	0.01215	0.10335	0.01199	0.00690	0.00491	0.00157	0.00678	0.00559	0.00306	0.00757
5	0.01174	0.01151	0.15381	0.03345	0.01434	0.00778	0.00980	0.01430	0.01283	0.13186	0.02728	0.41510	0.05588	0.03772	0.03072	0.00258	0.00546	0.01201	0.00516	0.00666
6	0.01396	0.23838	0.26024	0.03114	0.02030	0.06547	0.06749	0.01790	0.01333	0.03473	0.01508	0.08298	0.01413	0.00814	0.00587	0.00190	0.00759	0.09021	0.00342	0.00775
7	0.01060	0.00613	0.00822	0.00890	0.00994	0.00560	0.00620	0.01187	0.01263	0.13125	0.03223	0.66137	0.03650	0.01735	0.00755	0.00239	0.00381	0.01563	0.00598	0.00583
8	0.01097	0.00677	0.00831	0.00779	0.00983	0.00597	0.00588	0.01309	0.01548	0.13487	0.30504	0.14025	0.28524	0.01362	0.00713	0.00204	0.00341	0.01174	0.00637	0.00619
9	0.01758	0.10724	0.02193	0.29113	0.02847	0.10590	0.13245	0.02089	0.01445	0.18107	0.01365	0.01594	0.00985	0.00620	0.00598	0.00187	0.00802	0.00546	0.00391	0.00802
10	0.01258	0.08820	0.69929	0.01693	0.02569	0.01496	0.02171	0.01931	0.01289	0.01901	0.01080	0.01269	0.00776	0.00577	0.00567	0.00189	0.00886	0.00443	0.00259	0.00896

[dist]
# distance from previous block
# <min> <max>
0	62

[block]
# block no. 3 follows, 37 sequences, length 9
# corresponding to MSA columns:
# 416-424
name=unknown_D
#
# <colnr> <probs for GDERKNQSTAVLIFYWHMCP>
#	G	D	E	R	K	N	Q	S	T	A	V	L	I	F	Y	W	H	M	C	P
0	0.20156	0.21148	0.01952	0.27121	0.02445	0.14696	0.01207	0.01840	0.01277	0.01792	0.00949	0.01229	0.00768	0.00583	0.00493	0.00174	0.00747	0.00414	0.00301	0.00708
1	0.00897	0.00688	0.01002	0.14706	0.01611	0.00719	0.00906	0.01114	0.01257	0.01649	0.02918	0.41567	0.03297	0.01609	0.00771	0.00251	0.00505	0.23469	0.00513	0.00551
2	0.05476	0.00620	0.00685	0.00694	0.00719	0.00627	0.00407	0.00937	0.00927	0.01313	0.02016	0.11389	0.02324	0.66305	0.02724	0.00536	0.00562	0.00945	0.00391	0.00400
3	0.40519	0.21573	0.01677	0.08286	0.01642	0.01627	0.00909	0.02002	0.07713	0.07469	0.01135	0.01247	0.00880	0.00598	0.00444	0.00177	0.00559	0.00404	0.00387	0.00752
4	0.23006	0.26363	0.12531	0.01127	0.01655	0.01681	0.01106	0.08821	0.01446	0.15304	0.01227	0.01274	0.00908	0.00606	0.00477	0.00171	0.00621	0.00420	0.00414	0.00841
5	0.01750	0.25128	0.17640	0.01295	0.01835	0.01753	0.01284	0.24846	0.01809	0.06756	0.01455	0.09133	0.01243	0.00761	0.00557	0.00177	0.00675	0.00588	0.00436	0.00880
6	0.01672	0.43423	0.11205	0.01135	0.01646	0.01845	0.01127	0.09108	0.01534	0.09559	0.10849	0.01660	0.01548	0.00673	0.00505	0.00158	0.00624	0.00499	0.00404	0.00825
7	0.05888	0.35736	0.25015	0.01323	0.01950	0.01952	0.01425	0.16324	0.01582	0.02156	0.01054	0.01178	0.00828	0.00587	0.00495	0.00164	0.00726	0.00412	0.00339	0.00868
8	0.01662	0.36577	0.21224	0.01286	0.01877	0.01882	0.01347	0.08046	0.11019	0.07722	0.01307	0.01362	0.01005	0.00615	0.00508	0.00166	0.00687	0.00449	0.00377	0.00882

[dist]
# distance from previous block
# <min> <max>
11	23

[block]
# block no. 4 follows, 37 sequences, length 21
# corresponding to MSA columns:
# 453-473
name=unknown_E
#
# <colnr> <probs for GDERKNQSTAVLIFYWHMCP>
#	G	D	E	R	K	N	Q	S	T	A	V	L	I	F	Y	W	H	M	C	P
0	0.07461	0.38089	0.14639	0.01140	0.01650	0.01763	0.01152	0.04379	0.05140	0.06913	0.08257	0.04239	0.01484	0.00695	0.00504	0.00166	0.00621	0.00520	0.00385	0.00803
1	0.13495	0.10501	0.33979	0.06999	0.02217	0.09268	0.01589	0.02033	0.07853	0.01970	0.01134	0.01313	0.00865	0.00623	0.00591	0.00188	0.03803	0.00447	0.00317	0.00816
2	0.01333	0.14313	0.09832	0.06552	0.01800	0.01258	0.07966	0.01630	0.01212	0.09768	0.01562	0.02028	0.02957	0.06353	0.26520	0.00479	0.02771	0.00598	0.00358	0.00710
3	0.07090	0.52967	0.22641	0.01220	0.01838	0.02078	0.01351	0.01859	0.01243	0.01665	0.00918	0.01067	0.00774	0.00542	0.00443	0.00152	0.00710	0.00362	0.00269	0.00810
4	0.01617	0.07168	0.14030	0.01257	0.01709	0.01377	0.01174	0.24671	0.01742	0.07391	0.01450	0.01708	0.01145	0.01814	0.22851	0.00412	0.00971	0.00540	0.00436	0.06535
5	0.01693	0.54589	0.10787	0.01223	0.01745	0.09365	0.01213	0.07039	0.01403	0.01677	0.00930	0.01077	0.00804	0.00577	0.00508	0.00150	0.03749	0.00372	0.00292	0.00805
6	0.23377	0.26352	0.05846	0.01162	0.01643	0.06983	0.01052	0.22769	0.01709	0.02530	0.01053	0.01154	0.00828	0.00608	0.00475	0.00167	0.00656	0.00406	0.00400	0.00829
7	0.01075	0.16421	0.08487	0.01002	0.01271	0.01060	0.00916	0.01303	0.01256	0.01607	0.02737	0.06880	0.12612	0.15978	0.01143	0.00291	0.00577	0.24350	0.00438	0.00595
8	0.10275	0.57238	0.11735	0.01110	0.01662	0.02108	0.01148	0.01902	0.01255	0.05477	0.00963	0.01079	0.00809	0.00548	0.00426	0.00148	0.00659	0.00358	0.00300	0.00800
9	0.14731	0.31935	0.27364	0.01286	0.01913	0.01852	0.01413	0.09594	0.01406	0.02086	0.01003	0.01143	0.00790	0.00574	0.00479	0.00168	0.00713	0.00395	0.00318	0.00834
10	0.00909	0.00587	0.00682	0.00682	0.00682	0.00587	0.00388	0.00880	0.00880	0.01173	0.01834	0.03772	0.02099	0.70149	0.03037	0.09503	0.00587	0.00851	0.00359	0.00359
11	0.00728	0.00602	0.00639	0.00668	0.00839	0.00513	0.00486	0.00873	0.01349	0.01635	0.05621	0.20712	0.59975	0.01626	0.00735	0.00215	0.00319	0.01384	0.00568	0.00513
12	0.01261	0.12519	0.22835	0.01123	0.01574	0.01116	0.01164	0.01654	0.01537	0.09140	0.35735	0.02871	0.03206	0.00906	0.00624	0.00184	0.00542	0.00759	0.00503	0.00747
13	0.01670	0.51638	0.02678	0.09406	0.01894	0.02116	0.01124	0.14929	0.01531	0.01902	0.01036	0.01223	0.00878	0.00800	0.04695	0.00196	0.00731	0.00411	0.00332	0.00808
14	0.09386	0.59012	0.09460	0.01198	0.01749	0.02168	0.06312	0.01848	0.01243	0.01648	0.00901	0.01060	0.00783	0.00533	0.00432	0.00148	0.00687	0.00368	0.00276	0.00787
15	0.01244	0.39085	0.02004	0.00926	0.01289	0.01506	0.00821	0.01431	0.01237	0.01545	0.02239	0.11468	0.14641	0.01318	0.08769	0.00248	0.00644	0.00714	0.00372	0.08501
16	0.30737	0.15132	0.29287	0.01256	0.01868	0.01619	0.01376	0.08663	0.01346	0.02329	0.01004	0.01150	0.00762	0.00582	0.00480	0.00181	0.00685	0.00397	0.00336	0.00811
17	0.01461	0.43582	0.25332	0.01310	0.01902	0.01969	0.01434	0.01815	0.01231	0.01629	0.00936	0.01129	0.00791	0.00590	0.00610	0.00161	0.08092	0.00388	0.00267	0.05372
18	0.33827	0.07242	0.10122	0.07805	0.02259	0.04014	0.22759	0.01868	0.01245	0.02185	0.01019	0.01282	0.00782	0.00556	0.00531	0.00191	0.00753	0.00483	0.00325	0.00751
19	0.24251	0.09947	0.07004	0.14765	0.05978	0.03308	0.06103	0.11735	0.01459	0.05437	0.01107	0.01328	0.00843	0.00620	0.00582	0.00188	0.03709	0.00467	0.00373	0.00794
20	0.14384	0.14317	0.11605	0.17097	0.02237	0.01512	0.03209	0.05751	0.01345	0.07291	0.01350	0.01958	0.01142	0.00751	0.00659	0.00199	0.05943	0.08116	0.00372	0.00762

[dist]
# distance from previous block
# <min> <max>
7	18

[block]
# block no. 5 follows, 37 sequences, length 30
# corresponding to MSA columns:
# 497-526
name=unknown_F
#
# <colnr> <probs for GDERKNQSTAVLIFYWHMCP>
#	G	D	E	R	K	N	Q	S	T	A	V	L	I	F	Y	W	H	M	C	P
0	0.20696	0.19459	0.03562	0.01040	0.01447	0.06614	0.00898	0.08661	0.04477	0.11329	0.03137	0.06571	0.06870	0.00785	0.00521	0.00177	0.00572	0.00587	0.00456	0.02139
1	0.12624	0.09678	0.04299	0.07501	0.01703	0.01307	0.00983	0.13893	0.04358	0.18918	0.05133	0.07057	0.07238	0.00859	0.00585	0.00191	0.00557	0.01765	0.00530	0.00821
2	0.01298	0.06013	0.04115	0.10385	0.01715	0.06689	0.01019	0.01619	0.04657	0.07026	0.02216	0.12829	0.02233	0.06035	0.00830	0.00238	0.00614	0.21996	0.00465	0.08007
3	0.18744	0.01787	0.08776	0.01766	0.02300	0.09628	0.29145	0.10842	0.01580	0.07881	0.01232	0.01433	0.00903	0.00591	0.00598	0.00192	0.00828	0.00552	0.00392	0.00829
4	0.55663	0.01573	0.05836	0.01036	0.01456	0.10691	0.00891	0.09244	0.01366	0.05974	0.01015	0.01126	0.00764	0.00603	0.00448	0.00185	0.00602	0.00383	0.00405	0.00740
5	0.01164	0.00852	0.01037	0.00851	0.01192	0.00694	0.00657	0.01411	0.01443	0.07627	0.23369	0.10606	0.08845	0.00953	0.00601	0.00154	0.00388	0.00820	0.00523	0.36812
6	0.02092	0.11386	0.01913	0.01356	0.01802	0.11278	0.01117	0.42506	0.15203	0.03026	0.01510	0.01509	0.01126	0.00713	0.00579	0.00178	0.00692	0.00529	0.00533	0.00954
7	0.01286	0.12365	0.17988	0.01403	0.01864	0.01314	0.12481	0.08885	0.01537	0.02107	0.16191	0.10093	0.02280	0.01082	0.04455	0.00234	0.00714	0.02536	0.00430	0.00755
8	0.01741	0.24631	0.01986	0.01151	0.01539	0.01402	0.05438	0.04775	0.01390	0.22862	0.01592	0.01795	0.01242	0.01835	0.23480	0.00414	0.00940	0.00544	0.00442	0.00800
9	0.01348	0.06557	0.10617	0.02182	0.02752	0.01460	0.51753	0.01813	0.01382	0.01876	0.01465	0.11075	0.01292	0.00698	0.00694	0.00206	0.00911	0.00796	0.00333	0.00790
10	0.00873	0.00603	0.00826	0.00950	0.01028	0.00583	0.00728	0.01012	0.01233	0.01620	0.03155	0.40197	0.05313	0.01840	0.00971	0.08708	0.00455	0.28870	0.00535	0.00500
11	0.15425	0.23512	0.17756	0.01387	0.01912	0.23529	0.04893	0.02035	0.01374	0.01810	0.00951	0.01120	0.00771	0.00574	0.00494	0.00166	0.00828	0.00394	0.00299	0.00770
12	0.01392	0.12427	0.58776	0.01623	0.02438	0.01595	0.01997	0.09212	0.01450	0.02074	0.01106	0.01272	0.00804	0.00590	0.00561	0.00185	0.00850	0.00447	0.00295	0.00904
13	0.02306	0.00932	0.01255	0.01016	0.01386	0.00818	0.00804	0.02502	0.01591	0.58332	0.02484	0.11731	0.01903	0.08915	0.00894	0.00238	0.00508	0.00784	0.00694	0.00905
14	0.01369	0.01902	0.25947	0.23745	0.07293	0.04171	0.01642	0.12453	0.01549	0.02072	0.01784	0.01998	0.09997	0.00734	0.00613	0.00195	0.00766	0.00602	0.00360	0.00808
15	0.01639	0.16162	0.44961	0.01490	0.02216	0.05276	0.01737	0.02141	0.01392	0.15549	0.01294	0.01376	0.00917	0.00607	0.00553	0.00180	0.00798	0.00458	0.00356	0.00899
16	0.00957	0.00635	0.00757	0.00764	0.00934	0.00557	0.00558	0.01121	0.01400	0.09294	0.13351	0.29136	0.35170	0.01553	0.00731	0.00217	0.00344	0.01347	0.00601	0.00572
17	0.00890	0.00593	0.00668	0.00668	0.00668	0.00593	0.00371	0.00890	0.00890	0.01187	0.01929	0.04006	0.02225	0.78487	0.03116	0.00593	0.00593	0.00890	0.00371	0.00371
18	0.72673	0.01172	0.00946	0.00818	0.01217	0.01304	0.00671	0.01767	0.01070	0.02653	0.00882	0.01029	0.00693	0.00554	0.00388	0.00177	0.00471	0.00335	0.00377	0.10804
19	0.01538	0.49961	0.16387	0.01216	0.01777	0.02064	0.01260	0.02122	0.14961	0.01746	0.01208	0.01287	0.00989	0.00593	0.00472	0.00157	0.00669	0.00420	0.00330	0.00843
20	0.12880	0.30041	0.13896	0.01151	0.01630	0.01583	0.01161	0.01884	0.02512	0.10029	0.01575	0.02371	0.01418	0.00806	0.00541	0.00187	0.00634	0.14528	0.00400	0.00775
21	0.12238	0.16017	0.18647	0.01081	0.01464	0.01267	0.01069	0.01471	0.01084	0.01661	0.01273	0.01935	0.01190	0.15278	0.16370	0.05597	0.00869	0.00536	0.00310	0.00642
22	0.14297	0.11253	0.11731	0.01036	0.01402	0.01097	0.00967	0.01626	0.01307	0.11958	0.02468	0.19105	0.09470	0.01110	0.00617	0.00207	0.00532	0.08632	0.00480	0.00703
23	0.01255	0.31392	0.07701	0.00979	0.01296	0.03955	0.00886	0.01437	0.01189	0.01474	0.03027	0.02939	0.06264	0.25128	0.01339	0.00303	0.00634	0.07829	0.00355	0.00619
24	0.00873	0.00894	0.09995	0.00909	0.01046	0.00671	0.00727	0.01026	0.01073	0.01464	0.02428	0.34406	0.02775	0.30347	0.07037	0.00423	0.00608	0.02354	0.00439	0.00506
25	0.01233	0.07250	0.33635	0.01415	0.01960	0.01167	0.05978	0.01681	0.01345	0.06458	0.02190	0.10679	0.06998	0.01007	0.00661	0.00214	0.00706	0.14252	0.00407	0.00764
26	0.07149	0.13858	0.08798	0.06210	0.02112	0.01372	0.14442	0.02348	0.01493	0.33756	0.01642	0.01657	0.01123	0.00638	0.00581	0.00185	0.00688	0.00552	0.00494	0.00901
27	0.21009	0.01867	0.22984	0.09111	0.02095	0.03990	0.01362	0.04794	0.21534	0.03345	0.01455	0.01544	0.01079	0.00661	0.00548	0.00196	0.00667	0.00504	0.00412	0.00842
28	0.15671	0.14200	0.20966	0.15689	0.02357	0.01665	0.01445	0.17193	0.01573	0.02345	0.01095	0.01294	0.00823	0.00609	0.00529	0.00183	0.00723	0.00450	0.00359	0.00831
29	0.39400	0.27197	0.05831	0.01037	0.02588	0.05112	0.00928	0.01851	0.03644	0.02132	0.01058	0.04964	0.00933	0.00634	0.00435	0.00172	0.00585	0.00427	0.00347	0.00726

[dist]
# distance from previous block
# <min> <max>
4	107

[block]
# block no. 6 follows, 37 sequences, length 46
# corresponding to MSA columns:
# 648-693
name=unknown_G
#
# <colnr> <probs for GDERKNQSTAVLIFYWHMCP>
#	G	D	E	R	K	N	Q	S	T	A	V	L	I	F	Y	W	H	M	C	P
0	0.09178	0.09727	0.01969	0.06608	0.20266	0.01464	0.03964	0.08327	0.10889	0.17639	0.01601	0.01748	0.01201	0.00670	0.00577	0.00186	0.00631	0.01972	0.00473	0.00911
1	0.01843	0.01311	0.04093	0.04326	0.27742	0.01188	0.04043	0.05355	0.02918	0.23869	0.03170	0.01727	0.01236	0.00625	0.00591	0.00172	0.00624	0.00556	0.00474	0.14137
2	0.09198	0.08378	0.11675	0.01224	0.01703	0.03648	0.03185	0.15269	0.04745	0.16537	0.07024	0.03267	0.03911	0.00776	0.00583	0.00184	0.00612	0.02633	0.00511	0.04935
3	0.01529	0.01896	0.25177	0.02392	0.30331	0.01342	0.04437	0.03826	0.05747	0.10057	0.01505	0.06393	0.01217	0.00687	0.00616	0.00193	0.00733	0.00615	0.00383	0.00923
4	0.08638	0.13216	0.05403	0.18420	0.09564	0.01591	0.01298	0.18905	0.01686	0.09829	0.01267	0.01441	0.00942	0.00623	0.00549	0.00177	0.00675	0.00489	0.00418	0.04869
5	0.01538	0.01333	0.02314	0.23076	0.41045	0.01381	0.08801	0.01916	0.01390	0.09383	0.01273	0.01618	0.00980	0.00582	0.00620	0.00191	0.00760	0.00570	0.00342	0.00885
6	0.01511	0.01427	0.06549	0.18730	0.36481	0.03520	0.03029	0.01867	0.01381	0.09349	0.01565	0.01845	0.05607	0.00670	0.00671	0.00193	0.03796	0.00592	0.00356	0.00860
7	0.02466	0.01270	0.06188	0.01335	0.06436	0.01078	0.01072	0.09966	0.03280	0.55515	0.03522	0.01985	0.01472	0.00741	0.00615	0.00189	0.00569	0.00605	0.00677	0.01018
8	0.06226	0.03687	0.04260	0.13846	0.06846	0.05934	0.05082	0.01561	0.02684	0.06104	0.02902	0.05060	0.22368	0.01154	0.03550	0.00234	0.00649	0.06733	0.00439	0.00681
9	0.09219	0.00647	0.00771	0.00872	0.00961	0.00650	0.00602	0.01096	0.05587	0.01745	0.03061	0.65535	0.03568	0.01713	0.00730	0.00240	0.00375	0.01531	0.00552	0.00543
10	0.00893	0.00741	0.01112	0.28454	0.02090	0.00812	0.00971	0.01112	0.01208	0.01570	0.02758	0.44931	0.08171	0.01417	0.00716	0.00229	0.00519	0.01273	0.00461	0.00565
11	0.01566	0.18191	0.21511	0.13938	0.17234	0.01646	0.01643	0.09092	0.01481	0.06456	0.01174	0.01393	0.00896	0.00593	0.00557	0.00178	0.00755	0.00480	0.00337	0.00879
12	0.01780	0.01363	0.02056	0.11876	0.36579	0.04180	0.03811	0.02257	0.08879	0.18694	0.01565	0.01727	0.01159	0.00634	0.00612	0.00189	0.00690	0.00576	0.00437	0.00935
13	0.00877	0.00612	0.00780	0.00803	0.00846	0.00638	0.00539	0.00966	0.00977	0.01331	0.02076	0.11341	0.02297	0.45213	0.23185	0.00648	0.00860	0.05173	0.00391	0.00445
14	0.01228	0.03166	0.75316	0.01745	0.02649	0.01422	0.02262	0.01939	0.01292	0.01939	0.01099	0.01292	0.00775	0.00582	0.00582	0.00194	0.00905	0.00452	0.00258	0.00905
15	0.01262	0.01088	0.01305	0.05714	0.01625	0.00850	0.00787	0.01543	0.01266	0.01967	0.01088	0.01292	0.00901	0.00463	0.00463	0.00098	0.00476	0.00374	0.00357	0.77079
16	0.10296	0.04238	0.01546	0.01166	0.01591	0.01482	0.00958	0.38786	0.03581	0.10374	0.12901	0.01953	0.01790	0.00777	0.00588	0.00179	0.00559	0.00605	0.00584	0.06046
17	0.01285	0.00998	0.01723	0.01370	0.01693	0.00934	0.21505	0.01678	0.04390	0.11083	0.34853	0.07908	0.03517	0.01017	0.00713	0.00203	0.00554	0.03293	0.00566	0.00716
18	0.00825	0.00627	0.00892	0.01151	0.08463	0.00595	0.00703	0.00958	0.01195	0.01608	0.03146	0.70226	0.03732	0.01777	0.00763	0.00242	0.00393	0.01618	0.00541	0.00546
19	0.01226	0.01318	0.09320	0.04599	0.38456	0.01124	0.01430	0.01586	0.01468	0.02066	0.20923	0.02735	0.09501	0.00837	0.00646	0.00189	0.00591	0.00758	0.00422	0.00806
20	0.01335	0.02845	0.63108	0.01689	0.02474	0.01435	0.02081	0.01957	0.01285	0.06511	0.01151	0.01347	0.00825	0.00643	0.00730	0.00201	0.08731	0.00471	0.00291	0.00889
21	0.06598	0.01538	0.01462	0.01319	0.01429	0.20848	0.01020	0.01589	0.01169	0.01523	0.01290	0.09568	0.01354	0.13543	0.01579	0.00285	0.32272	0.00667	0.00335	0.00614
22	0.01001	0.00763	0.00982	0.00974	0.01014	0.00861	0.00727	0.01107	0.01049	0.01426	0.02102	0.04355	0.02340	0.42008	0.02255	0.00443	0.14704	0.21000	0.00408	0.00482
23	0.00971	0.00645	0.00829	0.00895	0.01033	0.00629	0.00733	0.01239	0.01433	0.02036	0.17797	0.09721	0.06319	0.01393	0.00719	0.00228	0.00423	0.33918	0.18476	0.00562
24	0.01605	0.01356	0.01431	0.01262	0.01623	0.01561	0.00989	0.10376	0.66305	0.02694	0.02387	0.02200	0.01784	0.00821	0.00622	0.00205	0.00504	0.00678	0.00622	0.00976
25	0.01982	0.06570	0.21383	0.01317	0.01913	0.01359	0.01314	0.16705	0.05285	0.25785	0.01648	0.01609	0.01133	0.00665	0.00577	0.00177	0.00655	0.00520	0.00519	0.08884
26	0.01402	0.18105	0.18478	0.18164	0.08005	0.05754	0.01486	0.05275	0.05691	0.01823	0.01375	0.09261	0.01217	0.00736	0.00573	0.00186	0.00737	0.00601	0.00340	0.00793
27	0.01404	0.56198	0.02504	0.00971	0.01385	0.01885	0.00916	0.01613	0.01336	0.01635	0.13287	0.04387	0.06668	0.00788	0.00494	0.00154	0.00561	0.02728	0.00368	0.00718
28	0.01592	0.29518	0.16331	0.01123	0.01637	0.01517	0.01141	0.05307	0.01450	0.14853	0.02282	0.04439	0.14778	0.00820	0.00553	0.00174	0.00607	0.00636	0.00433	0.00808
29	0.01922	0.03835	0.18748	0.06217	0.09607	0.01351	0.01409	0.16850	0.03470	0.23775	0.03275	0.03996	0.01305	0.00722	0.00607	0.00190	0.00674	0.00591	0.00511	0.00945
30	0.00801	0.00637	0.00723	0.00721	0.00891	0.00572	0.00533	0.01052	0.04248	0.01925	0.26843	0.14626	0.41278	0.01477	0.00727	0.00208	0.00316	0.01269	0.00603	0.00551
31	0.01156	0.01088	0.01836	0.77016	0.04216	0.01360	0.01700	0.01564	0.01224	0.01564	0.01088	0.01632	0.00816	0.00612	0.00612	0.00204	0.00816	0.00544	0.00272	0.00680
32	0.01479	0.18429	0.31868	0.13124	0.02520	0.06448	0.05919	0.01939	0.01346	0.06728	0.01215	0.01557	0.00949	0.00628	0.00565	0.00184	0.00820	0.03146	0.00314	0.00824
33	0.01549	0.01449	0.06146	0.17736	0.14694	0.10242	0.01326	0.05581	0.07557	0.09471	0.06282	0.09241	0.01731	0.00846	0.00635	0.00198	0.00689	0.03383	0.00443	0.00799
34	0.01652	0.73572	0.03093	0.01071	0.01582	0.04596	0.01048	0.01906	0.04061	0.01485	0.00917	0.01036	0.00828	0.00539	0.00406	0.00135	0.00662	0.00343	0.00277	0.00790
35	0.01188	0.00965	0.08181	0.05828	0.03547	0.00754	0.00889	0.01438	0.01410	0.13847	0.13092	0.27044	0.15341	0.01315	0.00702	0.00215	0.00463	0.02559	0.00557	0.00667
36	0.01302	0.01107	0.01287	0.00922	0.01464	0.00849	0.00739	0.03736	0.01319	0.02052	0.01100	0.01276	0.00911	0.00462	0.00458	0.00094	0.00460	0.00368	0.00370	0.79723
37	0.01228	0.03166	0.75316	0.01745	0.02649	0.01422	0.02262	0.01939	0.01292	0.01939	0.01099	0.01292	0.00775	0.00582	0.00582	0.00194	0.00905	0.00452	0.00258	0.00905
38	0.01156	0.01088	0.01836	0.77016	0.04216	0.01360	0.01700	0.01564	0.01224	0.01564	0.01088	0.01632	0.00816	0.00612	0.00612	0.00204	0.00816	0.00544	0.00272	0.00680
39	0.00987	0.00666	0.00908	0.00925	0.01045	0.00693	0.00696	0.02444	0.01165	0.06034	0.02556	0.20772	0.07119	0.10470	0.33791	0.00598	0.00970	0.07148	0.00456	0.00557
40	0.01195	0.01188	0.02344	0.01765	0.02148	0.01122	0.40864	0.01491	0.01268	0.01687	0.02037	0.02639	0.11494	0.11892	0.05492	0.08722	0.00853	0.00802	0.00351	0.00646
41	0.01356	0.16377	0.04316	0.01451	0.01815	0.04222	0.19755	0.01641	0.01297	0.06148	0.04388	0.09878	0.01676	0.05448	0.13037	0.00342	0.02817	0.02950	0.00380	0.00705
42	0.00981	0.00754	0.01067	0.14676	0.03919	0.00787	0.00886	0.03547	0.02381	0.01761	0.10144	0.27940	0.08952	0.01471	0.00879	0.07554	0.00497	0.10744	0.00492	0.00569
43	0.06104	0.00963	0.01109	0.01038	0.01190	0.07521	0.05368	0.03974	0.01220	0.01657	0.04116	0.13765	0.02251	0.25776	0.13704	0.00460	0.00788	0.08027	0.00421	0.00547
44	0.09564	0.02557	0.01756	0.12522	0.15176	0.01208	0.09107	0.04530	0.05144	0.08991	0.10570	0.02264	0.04487	0.05485	0.00762	0.00214	0.00625	0.00666	0.00440	0.03935
45	0.12869	0.09377	0.01952	0.05591	0.10145	0.12811	0.10650	0.04446	0.01444	0.02043	0.08602	0.01714	0.01393	0.00657	0.00587	0.00171	0.02359	0.01664	0.00371	0.11155

[dist]
# distance from previous block
# <min> <max>
5	17

[block]
# block no. 7 follows, 37 sequences, length 20
# corresponding to MSA columns:
# 754-773
name=unknown_H
#
# <colnr> <probs for GDERKNQSTAVLIFYWHMCP>
#	G	D	E	R	K	N	Q	S	T	A	V	L	I	F	Y	W	H	M	C	P
0	0.07525	0.09227	0.20380	0.01295	0.01813	0.05697	0.01277	0.02313	0.12845	0.18056	0.03803	0.01664	0.01268	0.00698	0.00641	0.00185	0.05076	0.00522	0.00457	0.05258
1	0.01304	0.02327	0.45237	0.05982	0.02418	0.01327	0.08596	0.01828	0.01281	0.06577	0.01455	0.01804	0.04051	0.06681	0.00903	0.00232	0.06292	0.00569	0.00319	0.00819
2	0.06917	0.27716	0.39681	0.01410	0.02109	0.01769	0.01642	0.07340	0.01390	0.01986	0.02308	0.01241	0.00879	0.00585	0.00511	0.00172	0.00765	0.00422	0.00302	0.00854
3	0.01159	0.01475	0.16774	0.38188	0.13150	0.01242	0.01644	0.01585	0.01296	0.01770	0.06976	0.09118	0.01523	0.00771	0.00630	0.00202	0.00737	0.00684	0.00333	0.00741
4	0.01893	0.01905	0.23751	0.06832	0.07162	0.06988	0.08803	0.02315	0.01514	0.28499	0.01633	0.01771	0.01141	0.00668	0.00616	0.00193	0.00768	0.02176	0.00461	0.00912
5	0.01359	0.05152	0.45888	0.06884	0.07501	0.01379	0.09168	0.01921	0.01347	0.07104	0.01496	0.01679	0.05119	0.00641	0.00604	0.00193	0.00829	0.00548	0.00321	0.00869
6	0.01256	0.02611	0.54173	0.02006	0.12294	0.01364	0.06146	0.01867	0.01326	0.01938	0.01320	0.01882	0.01075	0.00679	0.00618	0.00201	0.00855	0.07215	0.00297	0.00876
7	0.02437	0.01178	0.01469	0.01141	0.01585	0.01133	0.00937	0.21445	0.02052	0.48403	0.09698	0.02180	0.01835	0.00803	0.00626	0.00188	0.00537	0.00650	0.00710	0.00993
8	0.01344	0.07195	0.28012	0.11318	0.06475	0.06307	0.01600	0.01850	0.04622	0.04469	0.01695	0.02729	0.01526	0.00865	0.00638	0.00209	0.00765	0.17221	0.00374	0.00785
9	0.01047	0.00538	0.00785	0.00785	0.00785	0.00538	0.00516	0.00806	0.00806	0.01075	0.01146	0.02067	0.01175	0.09462	0.02462	0.74351	0.00538	0.00566	0.00276	0.00276
10	0.00830	0.00651	0.00768	0.00816	0.00995	0.00590	0.00664	0.01041	0.01424	0.01776	0.09979	0.06168	0.43592	0.01580	0.00768	0.00233	0.00401	0.26610	0.00574	0.00538
11	0.04307	0.00920	0.01076	0.00967	0.01200	0.00929	0.00742	0.17065	0.01703	0.10730	0.14601	0.15977	0.08405	0.11678	0.01017	0.00262	0.00484	0.06665	0.00584	0.00689
12	0.11881	0.25774	0.07841	0.11500	0.02058	0.09352	0.03799	0.02051	0.03935	0.11226	0.01185	0.01338	0.00913	0.00622	0.00574	0.00175	0.04172	0.00448	0.00362	0.00793
13	0.01463	0.01349	0.04174	0.14812	0.13395	0.05513	0.09796	0.05525	0.01364	0.06961	0.01446	0.02223	0.01280	0.09660	0.02903	0.00273	0.11154	0.05594	0.00369	0.00748
14	0.00940	0.00683	0.00792	0.00780	0.00934	0.00658	0.00571	0.06533	0.01453	0.01966	0.16856	0.19516	0.24697	0.06878	0.05919	0.00283	0.00450	0.01154	0.08374	0.00562
15	0.01238	0.01192	0.07170	0.09856	0.04486	0.01004	0.07867	0.01685	0.08266	0.06100	0.02379	0.12236	0.12410	0.00900	0.00621	0.00181	0.00567	0.00796	0.00442	0.20600
16	0.01632	0.01897	0.16784	0.08596	0.22041	0.11224	0.05700	0.05167	0.01466	0.08770	0.01315	0.04692	0.01063	0.00692	0.00710	0.00194	0.06267	0.00573	0.00359	0.00858
17	0.01240	0.02894	0.06659	0.01473	0.12934	0.08554	0.05095	0.03192	0.02303	0.01928	0.06891	0.08709	0.19376	0.00972	0.00620	0.00184	0.00563	0.00833	0.11460	0.04122
18	0.01328	0.01143	0.01326	0.03980	0.01499	0.08260	0.03501	0.07721	0.06996	0.05176	0.02417	0.25476	0.06005	0.01415	0.04051	0.00260	0.11005	0.07276	0.00489	0.00677
19	0.08781	0.03375	0.18030	0.17081	0.07872	0.02789	0.01389	0.05902	0.01466	0.10685	0.10541	0.06284	0.01706	0.00774	0.00601	0.00194	0.00665	0.00645	0.00426	0.00794

[dist]
# distance from previous block
# <min> <max>
1	41

[block]
# block no. 8 follows, 37 sequences, length 15
# corresponding to MSA columns:
# 826-840
name=unknown_I
#
# <colnr> <probs for GDERKNQSTAVLIFYWHMCP>
#	G	D	E	R	K	N	Q	S	T	A	V	L	I	F	Y	W	H	M	C	P
0	0.01322	0.05963	0.08537	0.06894	0.01668	0.01181	0.01056	0.12469	0.01532	0.05131	0.05409	0.15589	0.10510	0.01096	0.00782	0.00205	0.07983	0.05506	0.00472	0.06697
1	0.09476	0.06981	0.05121	0.26775	0.11533	0.01417	0.08886	0.03089	0.08547	0.02019	0.08937	0.01865	0.01459	0.00673	0.00595	0.00193	0.00695	0.00596	0.00373	0.00771
2	0.22097	0.09431	0.12427	0.05694	0.13010	0.01599	0.13137	0.11793	0.01484	0.02356	0.01094	0.01321	0.00842	0.00579	0.00544	0.00186	0.00728	0.00487	0.00355	0.00836
3	0.01653	0.09649	0.18689	0.02143	0.25809	0.06256	0.01565	0.05051	0.01506	0.11771	0.04720	0.01901	0.01333	0.00690	0.00596	0.00185	0.00726	0.04473	0.00395	0.00891
4	0.00921	0.00865	0.06386	0.00953	0.01182	0.00689	0.05100	0.01196	0.01433	0.01967	0.21030	0.14704	0.20930	0.01324	0.00706	0.00211	0.00430	0.10264	0.09124	0.00588
5	0.00987	0.01061	0.10623	0.05647	0.01435	0.00859	0.00946	0.01403	0.06317	0.02135	0.37889	0.10368	0.07554	0.01189	0.00766	0.00209	0.04216	0.05198	0.00551	0.00646
6	0.01760	0.01984	0.25544	0.07100	0.02338	0.01486	0.07800	0.19525	0.11391	0.12568	0.01568	0.01634	0.01105	0.00673	0.00614	0.00194	0.00744	0.00562	0.00468	0.00942
7	0.02275	0.01270	0.01510	0.01184	0.01625	0.01263	0.00963	0.31216	0.02123	0.33649	0.02035	0.09392	0.01534	0.00844	0.00620	0.00186	0.00562	0.00685	0.00653	0.06410
8	0.00773	0.00622	0.00689	0.00672	0.00857	0.00538	0.00504	0.00975	0.01512	0.01932	0.29866	0.05433	0.50582	0.01446	0.00723	0.00202	0.00303	0.01228	0.00605	0.00538
9	0.01613	0.18639	0.06559	0.01266	0.05964	0.05556	0.01038	0.05198	0.08747	0.14053	0.08876	0.07517	0.07112	0.00908	0.00600	0.00186	0.00579	0.04288	0.00498	0.00803
10	0.01709	0.01576	0.01727	0.01763	0.13416	0.13978	0.01222	0.06634	0.21137	0.07251	0.01550	0.01711	0.01228	0.01017	0.05456	0.00252	0.16518	0.00570	0.00438	0.00848
11	0.01610	0.00845	0.01092	0.00933	0.01216	0.00788	0.00733	0.02025	0.08936	0.28674	0.41193	0.03445	0.03847	0.01031	0.00674	0.00193	0.00392	0.00888	0.00699	0.00784
12	0.00742	0.00548	0.00695	0.00813	0.00877	0.00501	0.00551	0.00857	0.01210	0.01578	0.03859	0.65707	0.16116	0.01855	0.00771	0.00241	0.00347	0.01663	0.00568	0.00501
13	0.01374	0.01336	0.06448	0.40022	0.21801	0.01408	0.01673	0.01824	0.04826	0.05885	0.01228	0.01617	0.00943	0.00646	0.00712	0.00202	0.06380	0.00549	0.00323	0.00802
14	0.00837	0.00581	0.00728	0.00778	0.00806	0.00585	0.00497	0.00906	0.01002	0.01352	0.02393	0.29718	0.02763	0.40979	0.12853	0.00529	0.00661	0.01154	0.00434	0.00441

[dist]
# distance from previous block
# <min> <max>
0	2

[block]
# block no. 9 follows, 37 sequences, length 20
# corresponding to MSA columns:
# 843-862
name=unknown_J
#
# <colnr> <probs for GDERKNQSTAVLIFYWHMCP>
#	G	D	E	R	K	N	Q	S	T	A	V	L	I	F	Y	W	H	M	C	P
0	0.08127	0.17036	0.15133	0.18683	0.02164	0.01356	0.01264	0.01548	0.01265	0.01802	0.09342	0.10800	0.01799	0.01042	0.04629	0.00233	0.00698	0.02017	0.00364	0.00699
1	0.01421	0.33241	0.38022	0.01634	0.06530	0.01831	0.05800	0.01894	0.01288	0.01744	0.01011	0.01202	0.00800	0.00552	0.00516	0.00169	0.00801	0.00423	0.00265	0.00856
2	0.06452	0.01421	0.06213	0.03637	0.35078	0.05143	0.01437	0.01750	0.05450	0.01903	0.01554	0.15221	0.01513	0.00878	0.00781	0.00205	0.09447	0.00741	0.00367	0.00809
3	0.00840	0.00575	0.00760	0.00843	0.00907	0.00579	0.00593	0.00987	0.01128	0.01589	0.02716	0.44048	0.03052	0.09348	0.16871	0.00425	0.00649	0.04022	0.09561	0.00507
4	0.01266	0.10303	0.68516	0.01679	0.02548	0.01516	0.02147	0.01929	0.01288	0.01892	0.01075	0.01263	0.00776	0.00576	0.00564	0.00188	0.00881	0.00441	0.00259	0.00893
5	0.01114	0.00910	0.01096	0.00854	0.01244	0.00724	0.00668	0.01393	0.01448	0.02172	0.29314	0.02542	0.02783	0.00761	0.00557	0.00130	0.00390	0.00649	0.00483	0.50770
6	0.01887	0.01154	0.05105	0.01022	0.01537	0.00873	0.00873	0.02167	0.01499	0.33572	0.04851	0.01766	0.01375	0.00626	0.00542	0.00143	0.00498	0.00509	0.00541	0.39458
7	0.00902	0.00599	0.00736	0.00736	0.00756	0.00619	0.00456	0.00919	0.00899	0.01219	0.01803	0.03534	0.02001	0.58627	0.16235	0.07618	0.00777	0.00817	0.00354	0.00394
8	0.00797	0.00615	0.00728	0.00718	0.00877	0.00546	0.00531	0.01015	0.01544	0.02048	0.40237	0.12035	0.33230	0.01434	0.00728	0.00204	0.00304	0.01241	0.00621	0.00546
9	0.01289	0.01306	0.06410	0.18836	0.15760	0.01236	0.22565	0.01575	0.01221	0.01661	0.01139	0.01653	0.00935	0.00936	0.01073	0.20040	0.00801	0.00589	0.00287	0.00688
10	0.01551	0.05601	0.01722	0.29968	0.06255	0.01337	0.01286	0.06288	0.05281	0.14967	0.01654	0.10617	0.01395	0.00848	0.00760	0.00207	0.08355	0.00692	0.00435	0.00781
11	0.01002	0.00855	0.01107	0.01074	0.01187	0.05561	0.00840	0.01210	0.01027	0.01430	0.01525	0.02233	0.01422	0.04044	0.65033	0.00871	0.08060	0.00629	0.00322	0.00567
12	0.01279	0.00843	0.01216	0.34716	0.02356	0.00955	0.01043	0.01613	0.01291	0.08149	0.01620	0.01978	0.01228	0.00755	0.02139	0.00192	0.00571	0.00564	0.36835	0.00659
13	0.04699	0.01242	0.02041	0.29632	0.37999	0.01346	0.01645	0.01780	0.01315	0.05997	0.01217	0.01620	0.00965	0.00816	0.04957	0.00237	0.00790	0.00547	0.00322	0.00833
14	0.01515	0.56299	0.24697	0.01255	0.01892	0.02124	0.01409	0.01864	0.01258	0.01589	0.00925	0.01074	0.00783	0.00541	0.00449	0.00150	0.00729	0.00365	0.00261	0.00821
15	0.01146	0.07591	0.05376	0.05648	0.10005	0.01040	0.01027	0.01407	0.01159	0.05794	0.01871	0.02377	0.07158	0.04766	0.40184	0.00612	0.01165	0.00652	0.00358	0.00665
16	0.00881	0.00575	0.00745	0.00762	0.00837	0.00540	0.00525	0.00919	0.01209	0.01615	0.20713	0.18722	0.14439	0.08976	0.01458	0.24681	0.00407	0.01072	0.00486	0.00439
17	0.01679	0.01234	0.01766	0.02040	0.27528	0.01209	0.01235	0.02160	0.10886	0.17032	0.04739	0.01805	0.01385	0.00671	0.00672	0.00174	0.05366	0.00566	0.00464	0.17389
18	0.05927	0.05719	0.01582	0.01285	0.05691	0.01321	0.03458	0.23387	0.06990	0.02634	0.11338	0.09086	0.01951	0.00829	0.00592	0.00173	0.00540	0.00693	0.00509	0.16294
19	0.01409	0.01162	0.08504	0.01304	0.05801	0.01027	0.02347	0.01828	0.08207	0.15508	0.12902	0.11434	0.02295	0.01495	0.11256	0.00313	0.07920	0.00802	0.00504	0.03982

[dist]
# distance from previous block
# <min> <max>
1	78

[block]
# block no. 10 follows, 37 sequences, length 36
# corresponding to MSA columns:
# 941-976
name=unknown_K
#
# <colnr> <probs for GDERKNQSTAVLIFYWHMCP>
#	G	D	E	R	K	N	Q	S	T	A	V	L	I	F	Y	W	H	M	C	P
0	0.01260	0.06279	0.01495	0.09045	0.03155	0.01253	0.01014	0.01618	0.06769	0.06569	0.29920	0.02734	0.02882	0.01008	0.01029	0.00211	0.21815	0.00763	0.00485	0.00694
1	0.04515	0.01101	0.01540	0.30638	0.02552	0.01259	0.04181	0.09929	0.13380	0.02079	0.01921	0.14929	0.01779	0.00964	0.00657	0.00216	0.00642	0.06536	0.00449	0.00735
2	0.04921	0.21229	0.25413	0.07743	0.02326	0.08035	0.07942	0.10338	0.01514	0.03567	0.01098	0.01286	0.00839	0.00589	0.00544	0.00176	0.00811	0.00459	0.00327	0.00842
3	0.06260	0.02863	0.05994	0.01670	0.06852	0.26284	0.03315	0.08450	0.01460	0.01846	0.01026	0.01341	0.00875	0.01019	0.06100	0.00254	0.22828	0.00486	0.00329	0.00749
4	0.00756	0.00540	0.00719	0.00846	0.00890	0.00504	0.00569	0.00877	0.01218	0.01636	0.09221	0.72032	0.04191	0.01863	0.00776	0.00244	0.00350	0.01688	0.00577	0.00504
5	0.00952	0.00605	0.00907	0.00907	0.00971	0.00669	0.00669	0.00971	0.00907	0.01273	0.01402	0.02180	0.01338	0.03574	0.45670	0.34485	0.01183	0.00605	0.00302	0.00431
6	0.01541	0.07036	0.22025	0.15924	0.02332	0.01260	0.02819	0.06686	0.01455	0.15577	0.01666	0.12064	0.01400	0.00803	0.00607	0.00193	0.00688	0.00677	0.00427	0.04823
7	0.00774	0.00628	0.00690	0.00690	0.00878	0.00544	0.00528	0.00967	0.01469	0.01839	0.20599	0.05684	0.54415	0.01497	0.00732	0.00209	0.00324	0.06410	0.00591	0.00533
8	0.01017	0.00849	0.01280	0.01211	0.01357	0.00904	0.08611	0.01326	0.06118	0.01695	0.02550	0.27831	0.02777	0.07433	0.06314	0.00328	0.08664	0.18662	0.00480	0.00594
9	0.01564	0.63085	0.07661	0.06364	0.01939	0.02222	0.06485	0.01831	0.01260	0.01519	0.00911	0.01095	0.00798	0.00533	0.00444	0.00145	0.00709	0.00379	0.00266	0.00789
10	0.00965	0.01269	0.17062	0.01113	0.01363	0.05446	0.01007	0.01220	0.01251	0.01661	0.02716	0.51220	0.03092	0.01529	0.00728	0.00233	0.00537	0.06499	0.00485	0.00604
11	0.01662	0.62053	0.11374	0.01166	0.01730	0.02252	0.01199	0.09261	0.01421	0.01751	0.00944	0.01069	0.00811	0.00552	0.00438	0.00144	0.00685	0.00365	0.00298	0.00826
12	0.01353	0.06833	0.22675	0.04889	0.01774	0.01128	0.01222	0.05205	0.05508	0.11413	0.11097	0.07064	0.15410	0.00958	0.00633	0.00195	0.00585	0.00794	0.00485	0.00779
13	0.01433	0.13950	0.18437	0.02399	0.29417	0.02503	0.10059	0.01933	0.05396	0.01947	0.05760	0.01628	0.01242	0.00608	0.00589	0.00181	0.00754	0.00553	0.00329	0.00882
14	0.01009	0.00564	0.00835	0.00835	0.00862	0.00591	0.00579	0.00873	0.00847	0.01155	0.01245	0.02100	0.01234	0.06600	0.20050	0.58616	0.00800	0.00580	0.00286	0.00338
15	0.01501	0.39507	0.25418	0.01268	0.01841	0.01844	0.01390	0.01863	0.01266	0.05248	0.01096	0.01265	0.00884	0.00607	0.00578	0.00164	0.06027	0.00415	0.07010	0.00810
16	0.01489	0.09614	0.09886	0.22446	0.35819	0.01489	0.01716	0.01874	0.01348	0.06899	0.01185	0.01506	0.00927	0.00579	0.00583	0.00184	0.00747	0.00517	0.00317	0.00872
17	0.00882	0.00662	0.00818	0.00890	0.00990	0.00657	0.00633	0.01217	0.10305	0.01763	0.09186	0.46986	0.08156	0.07006	0.00920	0.00263	0.00397	0.07138	0.00570	0.00561
18	0.01406	0.14967	0.08557	0.01696	0.05742	0.01388	0.24117	0.01830	0.04910	0.07334	0.08667	0.13100	0.01909	0.00835	0.00643	0.00195	0.00704	0.00799	0.00418	0.00783
19	0.05625	0.01358	0.01917	0.30844	0.02849	0.07494	0.12273	0.07814	0.05017	0.12501	0.01495	0.05532	0.01158	0.00705	0.00622	0.00199	0.00762	0.00628	0.00417	0.00791
20	0.01685	0.07700	0.02193	0.12960	0.41138	0.01432	0.01552	0.02121	0.06793	0.14320	0.01432	0.01641	0.01093	0.00610	0.00592	0.00184	0.00680	0.00550	0.00396	0.00927
21	0.01366	0.01197	0.01982	0.43459	0.27065	0.01343	0.01669	0.03125	0.01349	0.05378	0.01301	0.01906	0.01056	0.00660	0.00623	0.00200	0.00755	0.04444	0.00329	0.00794
22	0.04953	0.01568	0.06905	0.17761	0.13352	0.09225	0.03405	0.11129	0.05198	0.07507	0.01343	0.01714	0.01070	0.06463	0.00871	0.00224	0.05552	0.00558	0.00391	0.00811
23	0.01798	0.07652	0.01879	0.12664	0.18892	0.01412	0.01260	0.15823	0.05202	0.16149	0.04437	0.01915	0.01369	0.05965	0.00768	0.00212	0.00646	0.00594	0.00477	0.00884
24	0.01283	0.00690	0.00907	0.00863	0.01030	0.00630	0.00626	0.01458	0.01434	0.19570	0.22877	0.29526	0.03686	0.11293	0.01025	0.00263	0.00407	0.01181	0.00618	0.00635
25	0.01375	0.01594	0.15020	0.01679	0.02160	0.04281	0.26748	0.04294	0.01477	0.07977	0.07067	0.15260	0.06427	0.00918	0.00688	0.00206	0.00744	0.00884	0.00435	0.00767
26	0.11783	0.08770	0.18329	0.01384	0.06633	0.02217	0.01252	0.10169	0.06404	0.15048	0.06933	0.01934	0.05113	0.00735	0.00570	0.00186	0.00622	0.00577	0.00475	0.00867
