[name]
unknown

[dist]
# distance from previous block
# <min> <max>
2	215

[block]
# block no. 0 follows, 47 sequences, length 15
# corresponding to MSA columns:
# 249-263
name=unknown_A
#
# <colnr> <probs for GDERKNQSTAVLIFYWHMCP>
#	G	D	E	R	K	N	Q	S	T	A	V	L	I	F	Y	W	H	M	C	P
0	0.01107	0.01097	0.03695	0.27716	0.05617	0.01129	0.19264	0.05531	0.04307	0.01677	0.08361	0.01696	0.03456	0.00595	0.00606	0.00166	0.04944	0.00552	0.00314	0.08169
1	0.01222	0.01103	0.01150	0.00853	0.01295	0.07811	0.00679	0.06790	0.01213	0.01773	0.00938	0.01080	0.00771	0.00416	0.00403	0.00088	0.00449	0.00322	0.00320	0.71325
2	0.01484	0.01169	0.01539	0.13183	0.20014	0.01281	0.01128	0.17668	0.25805	0.09018	0.01488	0.01547	0.01104	0.00599	0.00523	0.00165	0.00539	0.00510	0.00430	0.00807
3	0.01747	0.01596	0.01367	0.01181	0.01468	0.28678	0.00926	0.10023	0.23463	0.14233	0.01420	0.01415	0.01059	0.00648	0.00621	0.00162	0.08364	0.00464	0.00427	0.00739
4	0.01476	0.07270	0.06548	0.06572	0.11034	0.01136	0.15336	0.04654	0.06986	0.18771	0.01293	0.01393	0.00942	0.00515	0.00502	0.00148	0.00585	0.00472	0.00376	0.13990
5	0.10102	0.01456	0.17409	0.01423	0.01896	0.01150	0.25262	0.08566	0.05442	0.11307	0.09517	0.01613	0.01298	0.00579	0.00536	0.00167	0.00633	0.00543	0.00378	0.00724
6	0.01809	0.14309	0.01636	0.01082	0.01478	0.01531	0.00912	0.47144	0.09830	0.09817	0.01347	0.01330	0.00978	0.00606	0.00486	0.00150	0.00529	0.00456	0.03740	0.00829
7	0.01268	0.01020	0.01788	0.41606	0.12830	0.01102	0.13594	0.01592	0.01162	0.13916	0.01210	0.04520	0.00929	0.00563	0.00541	0.00171	0.00659	0.00537	0.00316	0.00675
8	0.03865	0.13624	0.11441	0.04688	0.01511	0.01058	0.00944	0.04922	0.01349	0.42225	0.03080	0.04278	0.03440	0.00644	0.00495	0.00157	0.00505	0.00513	0.00481	0.00780
9	0.02017	0.00910	0.01169	0.00933	0.01294	0.00853	0.00758	0.04737	0.13765	0.57372	0.08740	0.01970	0.01644	0.00691	0.00533	0.00164	0.00425	0.00569	0.00616	0.00841
10	0.00974	0.00725	0.00968	0.00897	0.01026	0.00836	0.00698	0.13130	0.01080	0.01515	0.01323	0.01935	0.01220	0.08345	0.53276	0.05253	0.05421	0.00546	0.00315	0.00515
11	0.01144	0.02156	0.53891	0.01355	0.02016	0.01113	0.05661	0.01704	0.05236	0.05880	0.01064	0.01195	0.00769	0.00494	0.00487	0.00152	0.00677	0.00404	0.00276	0.14325
12	0.04807	0.01453	0.20773	0.02630	0.01780	0.01065	0.12828	0.07278	0.05857	0.26643	0.03110	0.01684	0.05207	0.00618	0.00548	0.00167	0.01823	0.00531	0.00428	0.00771
13	0.00655	0.00497	0.00607	0.00667	0.00763	0.00449	0.00479	0.00790	0.01136	0.01472	0.13916	0.41593	0.27488	0.01442	0.00646	0.00195	0.00294	0.05973	0.00495	0.00441
14	0.00667	0.00477	0.00640	0.00752	0.00799	0.00450	0.00531	0.00786	0.01050	0.01401	0.06948	0.67152	0.03465	0.01575	0.00669	0.00213	0.00323	0.11180	0.00488	0.00434

[dist]
# distance from previous block
# <min> <max>
8	11

[block]
# block no. 1 follows, 47 sequences, length 27
# corresponding to MSA columns:
# 275-301
name=unknown_B
#
# <colnr> <probs for GDERKNQSTAVLIFYWHMCP>
#	G	D	E	R	K	N	Q	S	T	A	V	L	I	F	Y	W	H	M	C	P
0	0.09191	0.42815	0.02004	0.00968	0.01361	0.16049	0.00860	0.03112	0.01228	0.16580	0.01009	0.01046	0.00785	0.00508	0.00398	0.00131	0.00592	0.00341	0.00328	0.00693
1	0.01087	0.01071	0.02133	0.01602	0.01958	0.01019	0.45165	0.01424	0.01256	0.04475	0.19479	0.10353	0.02055	0.00736	0.00657	0.00178	0.03582	0.00773	0.00372	0.00625
2	0.05017	0.00949	0.01084	0.00794	0.01240	0.00766	0.00636	0.03140	0.04609	0.03539	0.01004	0.01128	0.00814	0.00416	0.00396	0.00089	0.00393	0.00329	0.00332	0.73323
3	0.16199	0.01034	0.01351	0.15516	0.01759	0.01127	0.08573	0.12648	0.07603	0.04744	0.01180	0.01571	0.00976	0.11634	0.00823	0.00207	0.03849	0.00486	0.00352	0.08367
4	0.01356	0.37449	0.23051	0.01289	0.01829	0.01659	0.12573	0.12029	0.01288	0.01691	0.00903	0.01049	0.00714	0.00483	0.00445	0.00142	0.00664	0.00384	0.00269	0.00731
5	0.00830	0.00610	0.00690	0.00651	0.00829	0.00565	0.00491	0.01135	0.09253	0.06285	0.26447	0.06115	0.39666	0.03300	0.00656	0.00181	0.00292	0.00965	0.00520	0.00518
6	0.00656	0.00476	0.00624	0.00734	0.00787	0.00444	0.00515	0.00767	0.01037	0.01362	0.03073	0.66114	0.10075	0.01582	0.00666	0.00211	0.00319	0.09646	0.00483	0.00431
7	0.01622	0.00881	0.01279	0.21715	0.03455	0.00917	0.00980	0.01911	0.04086	0.37942	0.05215	0.02156	0.01443	0.00729	0.00619	0.00177	0.05366	0.08304	0.00479	0.00723
8	0.35241	0.34843	0.08643	0.00889	0.01312	0.01584	0.00861	0.08514	0.01121	0.01901	0.00792	0.00902	0.00646	0.00482	0.00361	0.00140	0.00515	0.00307	0.00290	0.00655
9	0.02110	0.00873	0.01160	0.00913	0.01282	0.00783	0.00746	0.02417	0.07575	0.65823	0.08859	0.01975	0.01637	0.00687	0.00532	0.00163	0.00423	0.00566	0.00629	0.00846
10	0.05395	0.00866	0.01156	0.00923	0.01240	0.00829	0.00756	0.02136	0.01391	0.56414	0.12912	0.01976	0.01722	0.00727	0.00652	0.00168	0.08807	0.00567	0.00577	0.00783
11	0.01227	0.15368	0.52267	0.01413	0.02052	0.11394	0.06081	0.01691	0.01149	0.01534	0.00891	0.01055	0.00670	0.00489	0.00473	0.00153	0.00764	0.00375	0.00229	0.00728
12	0.01026	0.02591	0.75412	0.01450	0.02185	0.01173	0.01858	0.01607	0.01095	0.01635	0.01023	0.04773	0.00787	0.00547	0.00503	0.00167	0.00748	0.00435	0.00232	0.00754
13	0.00873	0.00563	0.00724	0.00669	0.00822	0.00510	0.00507	0.01098	0.01431	0.09301	0.60883	0.05838	0.12650	0.01068	0.00607	0.00166	0.00268	0.00933	0.00568	0.00521
14	0.00653	0.00480	0.00612	0.00683	0.00753	0.00439	0.00473	0.00782	0.01123	0.01497	0.18786	0.54517	0.14347	0.01470	0.00647	0.00197	0.00285	0.01315	0.00502	0.00439
15	0.02473	0.01279	0.13134	0.01222	0.01619	0.01071	0.11344	0.12042	0.08189	0.23563	0.01567	0.06304	0.01205	0.01965	0.07517	0.00233	0.03513	0.00571	0.00437	0.00752
16	0.00742	0.00595	0.00661	0.00656	0.00811	0.00563	0.00485	0.01056	0.11583	0.01597	0.16622	0.15403	0.41760	0.01256	0.00662	0.03233	0.00293	0.01035	0.00496	0.00491
17	0.00858	0.00572	0.00720	0.00759	0.00866	0.00551	0.00539	0.01120	0.09095	0.08132	0.10177	0.54296	0.07537	0.01377	0.00631	0.00197	0.00318	0.01231	0.00511	0.00512
18	0.01173	0.01114	0.01905	0.14403	0.56759	0.01143	0.03862	0.01469	0.01146	0.01606	0.01172	0.09678	0.01078	0.00594	0.00535	0.00164	0.00605	0.00575	0.00278	0.00742
19	0.06504	0.43256	0.09011	0.03897	0.01559	0.18108	0.01015	0.07562	0.02173	0.01516	0.00825	0.00947	0.00691	0.00491	0.00400	0.00130	0.00651	0.00325	0.00265	0.00673
20	0.07198	0.33753	0.17174	0.01023	0.01482	0.01474	0.02790	0.09407	0.01204	0.06235	0.01001	0.01244	0.00837	0.07743	0.00612	0.00168	0.00576	0.00387	0.00299	0.05393
21	0.13950	0.10914	0.12447	0.02849	0.06669	0.07187	0.01051	0.13063	0.09580	0.11073	0.01183	0.01255	0.00884	0.00644	0.02388	0.00173	0.03164	0.00418	0.00372	0.00738
22	0.00938	0.07831	0.00941	0.00787	0.00922	0.00690	0.00603	0.01090	0.01049	0.09449	0.09427	0.27600	0.02385	0.06780	0.23540	0.00392	0.00669	0.03983	0.00417	0.00508
23	0.01112	0.14279	0.01762	0.50263	0.08899	0.01343	0.01294	0.01526	0.08463	0.01422	0.01003	0.01333	0.00787	0.00538	0.00539	0.00164	0.03931	0.00445	0.00261	0.00636
24	0.13908	0.56438	0.02179	0.00857	0.01284	0.01726	0.00812	0.03493	0.01086	0.04338	0.00808	0.00908	0.00692	0.00457	0.00350	0.00118	0.00512	0.00296	0.00270	0.09470
25	0.01304	0.26754	0.01811	0.12694	0.08536	0.04622	0.00961	0.01555	0.02733	0.06206	0.00947	0.01123	0.00774	0.00479	0.00463	0.00124	0.03432	0.00361	0.00286	0.24834
26	0.01159	0.10610	0.37694	0.06245	0.07862	0.01246	0.04577	0.09369	0.01298	0.01821	0.11890	0.01527	0.01307	0.00581	0.00505	0.00158	0.00640	0.00481	0.00307	0.00721

[dist]
# distance from previous block
# <min> <max>
11	24

[block]
# block no. 2 follows, 47 sequences, length 23
# corresponding to MSA columns:
# 326-348
name=unknown_C
#
# <colnr> <probs for GDERKNQSTAVLIFYWHMCP>
#	G	D	E	R	K	N	Q	S	T	A	V	L	I	F	Y	W	H	M	C	P
0	0.09142	0.05071	0.03972	0.03885	0.02787	0.01271	0.03054	0.32044	0.06573	0.07808	0.01243	0.03393	0.00950	0.00578	0.00476	0.00145	0.00516	0.00453	0.00427	0.16213
1	0.04073	0.08798	0.08534	0.05373	0.06518	0.05500	0.03278	0.17022	0.12804	0.09375	0.01254	0.01313	0.00934	0.00547	0.00477	0.00146	0.00559	0.00435	0.00390	0.12671
2	0.01249	0.18161	0.30067	0.01215	0.01656	0.01369	0.01293	0.01573	0.01057	0.08790	0.01015	0.01307	0.00829	0.00687	0.02241	0.00179	0.18869	0.03077	0.00278	0.05087
3	0.01187	0.01344	0.18974	0.11343	0.09714	0.01061	0.05527	0.01691	0.11313	0.09928	0.13887	0.01919	0.03688	0.00676	0.00610	0.00171	0.05317	0.00572	0.00379	0.00701
4	0.00786	0.00522	0.00667	0.04828	0.00789	0.00543	0.00438	0.00792	0.00777	0.01043	0.01508	0.05785	0.01672	0.53855	0.10351	0.13717	0.00591	0.00700	0.00300	0.00335
5	0.01783	0.14045	0.01665	0.01228	0.05523	0.12762	0.00965	0.23746	0.08252	0.16326	0.01267	0.01290	0.00937	0.00610	0.00584	0.00155	0.07223	0.00439	0.00423	0.00776
6	0.01298	0.07266	0.10833	0.09628	0.07834	0.01185	0.19490	0.03682	0.05328	0.10269	0.01232	0.05269	0.00985	0.00572	0.00571	0.00159	0.04040	0.00525	0.00330	0.09505
7	0.00732	0.00507	0.00658	0.00720	0.00801	0.00472	0.00519	0.00871	0.01128	0.03804	0.16551	0.45261	0.10581	0.05163	0.00745	0.00215	0.00323	0.09998	0.00496	0.00452
8	0.00783	0.00601	0.00845	0.09119	0.05111	0.00594	0.00639	0.01015	0.01330	0.01859	0.54828	0.10896	0.03960	0.05280	0.00711	0.00187	0.00331	0.00909	0.00499	0.00502
9	0.07252	0.05407	0.03433	0.07678	0.01629	0.06867	0.07021	0.15887	0.07418	0.18362	0.08157	0.05816	0.01435	0.00675	0.00518	0.00162	0.00544	0.00561	0.00450	0.00725
10	0.01144	0.00679	0.00978	0.02275	0.01106	0.00665	0.04644	0.01317	0.01150	0.19507	0.05800	0.28944	0.04655	0.03949	0.05516	0.00242	0.04655	0.08589	0.03618	0.00567
11	0.49775	0.00960	0.00890	0.00754	0.01073	0.01047	0.00617	0.09656	0.01189	0.16051	0.01156	0.01209	0.00836	0.00545	0.00385	0.00155	0.00406	0.00374	0.12276	0.00645
12	0.01303	0.01361	0.04739	0.04481	0.59856	0.09362	0.01476	0.01601	0.01218	0.01649	0.03117	0.01557	0.01023	0.00541	0.00523	0.00158	0.00642	0.04347	0.00277	0.00767
13	0.07663	0.04009	0.01709	0.44531	0.06219	0.02772	0.09249	0.10542	0.01257	0.05688	0.01014	0.01319	0.00753	0.00523	0.00508	0.00166	0.00660	0.00460	0.00299	0.00658
14	0.00687	0.00530	0.00637	0.00691	0.00817	0.00481	0.00536	0.00846	0.01172	0.01484	0.09954	0.21615	0.36975	0.01397	0.00653	0.00199	0.00326	0.20063	0.00490	0.00450
15	0.04486	0.18319	0.01631	0.09351	0.01630	0.03835	0.03100	0.08709	0.35822	0.01922	0.02903	0.01517	0.01188	0.00616	0.00513	0.00160	0.02672	0.00484	0.00402	0.00738
16	0.10160	0.73555	0.02524	0.00870	0.01302	0.01967	0.00857	0.01556	0.01040	0.01341	0.00724	0.00836	0.00657	0.00449	0.00333	0.00117	0.00541	0.00279	0.00233	0.00657
17	0.00810	0.00594	0.00794	0.00907	0.08786	0.00617	0.00530	0.00887	0.00821	0.01130	0.01512	0.02858	0.01639	0.54433	0.21018	0.00549	0.00732	0.00679	0.00301	0.00405
18	0.07628	0.06507	0.12790	0.09409	0.05698	0.10052	0.03081	0.04197	0.06264	0.04086	0.02315	0.03279	0.01052	0.04800	0.14173	0.00292	0.02952	0.00485	0.00309	0.00632
19	0.01223	0.03233	0.06426	0.01105	0.07115	0.01002	0.00854	0.11907	0.18336	0.06146	0.21495	0.05245	0.03241	0.00770	0.00537	0.00158	0.00429	0.01746	0.00472	0.08561
20	0.11538	0.12042	0.13071	0.07433	0.03850	0.03982	0.03165	0.06292	0.04011	0.04509	0.03729	0.11554	0.03144	0.00983	0.07154	0.00220	0.01771	0.00578	0.00340	0.00634
21	0.11494	0.10527	0.07672	0.01208	0.07543	0.04585	0.06389	0.05290	0.08087	0.09910	0.09280	0.10060	0.01643	0.00735	0.00510	0.00165	0.00515	0.03313	0.00401	0.00673
22	0.09714	0.13462	0.08487	0.11750	0.08624	0.04983	0.08193	0.03074	0.02659	0.16065	0.02482	0.01303	0.00904	0.00521	0.00471	0.00150	0.00593	0.00432	0.00344	0.05789

[dist]
# distance from previous block
# <min> <max>
46	128

[block]
# block no. 3 follows, 47 sequences, length 15
# corresponding to MSA columns:
# 494-508
name=unknown_D
#
# <colnr> <probs for GDERKNQSTAVLIFYWHMCP>
#	G	D	E	R	K	N	Q	S	T	A	V	L	I	F	Y	W	H	M	C	P
0	0.01370	0.71168	0.02775	0.01066	0.01523	0.01961	0.11070	0.01574	0.01081	0.01285	0.00768	0.00912	0.00685	0.00445	0.00372	0.00120	0.00600	0.00324	0.00228	0.00673
1	0.13389	0.01068	0.08280	0.00945	0.01371	0.00860	0.00845	0.02321	0.01373	0.61449	0.01773	0.01586	0.01134	0.00609	0.00494	0.00161	0.00468	0.00478	0.00562	0.00832
2	0.12321	0.00881	0.01148	0.01003	0.01074	0.01095	0.04007	0.01118	0.00816	0.01329	0.01077	0.01956	0.01129	0.29486	0.05590	0.00344	0.34319	0.00551	0.00276	0.00480
3	0.12216	0.00553	0.00694	0.00683	0.00740	0.00588	0.00472	0.00846	0.00745	0.01163	0.01091	0.01892	0.01102	0.16768	0.13670	0.45088	0.00598	0.00502	0.00264	0.00324
4	0.00697	0.00533	0.00745	0.11430	0.01138	0.00534	0.00610	0.00849	0.01088	0.01456	0.14884	0.54779	0.06545	0.01377	0.00635	0.00197	0.00344	0.01240	0.00464	0.00456
5	0.01206	0.01573	0.13257	0.02130	0.05013	0.01300	0.64188	0.01663	0.01210	0.01667	0.01035	0.01360	0.00774	0.00447	0.00595	0.00174	0.00855	0.00579	0.00257	0.00715
6	0.00983	0.00926	0.01562	0.80447	0.03587	0.01157	0.01446	0.01331	0.01041	0.01331	0.00926	0.01388	0.00694	0.00521	0.00521	0.00174	0.00694	0.00463	0.00231	0.00579
7	0.17003	0.01513	0.20440	0.05005	0.06548	0.01178	0.27368	0.01520	0.01088	0.01733	0.01108	0.08540	0.00954	0.00590	0.00560	0.00174	0.03178	0.00556	0.00281	0.00664
8	0.00633	0.00459	0.00599	0.00711	0.00752	0.00424	0.00477	0.00727	0.01011	0.01335	0.03044	0.75835	0.08855	0.01609	0.00661	0.00209	0.00299	0.01453	0.00483	0.00424
9	0.25801	0.01274	0.01345	0.03477	0.08511	0.04295	0.00914	0.35692	0.01710	0.10513	0.01132	0.01184	0.00816	0.00565	0.00462	0.00158	0.00532	0.00415	0.00435	0.00769
10	0.10176	0.01205	0.04573	0.07653	0.44698	0.01163	0.06300	0.01692	0.03364	0.09199	0.01087	0.01307	0.00845	0.00490	0.00497	0.00156	0.00591	0.00455	0.00309	0.04240
11	0.00961	0.00740	0.01102	0.00969	0.01073	0.00834	0.07587	0.01121	0.04154	0.04411	0.01325	0.02152	0.01289	0.23929	0.24118	0.09335	0.13541	0.00590	0.00300	0.00470
12	0.00729	0.00537	0.00752	0.00761	0.00839	0.00587	0.00563	0.00880	0.00899	0.01259	0.06960	0.10199	0.05067	0.15021	0.51767	0.00653	0.01030	0.00726	0.00333	0.00439
13	0.04451	0.19850	0.16123	0.01597	0.21068	0.01371	0.01210	0.05734	0.09456	0.01744	0.01034	0.01175	0.00828	0.00491	0.00448	0.00139	0.00568	0.00393	0.00296	0.12025
14	0.01373	0.77724	0.06852	0.00923	0.01386	0.02015	0.00947	0.01564	0.01060	0.01248	0.00735	0.00850	0.00668	0.00448	0.00343	0.00114	0.00568	0.00284	0.00223	0.00674

[dist]
# distance from previous block
# <min> <max>
0	2

[block]
# block no. 4 follows, 47 sequences, length 16
# corresponding to MSA columns:
# 511-526
name=unknown_E
#
# <colnr> <probs for GDERKNQSTAVLIFYWHMCP>
#	G	D	E	R	K	N	Q	S	T	A	V	L	I	F	Y	W	H	M	C	P
0	0.02030	0.09717	0.06460	0.00977	0.01388	0.00976	0.00869	0.02250	0.01362	0.57779	0.01713	0.01563	0.01125	0.00617	0.00562	0.00156	0.04953	0.00475	0.00534	0.04494
1	0.01416	0.23741	0.25562	0.04707	0.01862	0.17759	0.06178	0.01810	0.05455	0.05472	0.00982	0.01109	0.00759	0.00507	0.00459	0.00146	0.00714	0.00383	0.00273	0.00704
2	0.01065	0.01110	0.15707	0.00990	0.01315	0.00811	0.05093	0.03138	0.09485	0.09901	0.22926	0.06406	0.12478	0.00916	0.00581	0.00175	0.00448	0.06355	0.00468	0.00631
3	0.01884	0.01198	0.01334	0.01045	0.01418	0.01273	0.00856	0.47642	0.05705	0.19333	0.01653	0.01596	0.03886	0.00657	0.00512	0.00156	0.00497	0.00511	0.08014	0.00831
4	0.01799	0.07549	0.01712	0.09748	0.04657	0.01069	0.13336	0.07431	0.01422	0.39937	0.04878	0.01632	0.01205	0.00592	0.00526	0.00160	0.00558	0.00524	0.00477	0.00786
5	0.01252	0.08033	0.05105	0.16150	0.31239	0.05653	0.01286	0.01819	0.18587	0.01668	0.01248	0.03562	0.01018	0.00565	0.00505	0.00160	0.00596	0.00494	0.00317	0.00742
6	0.00762	0.00503	0.00656	0.00728	0.00809	0.00462	0.00515	0.00883	0.01090	0.06449	0.07455	0.58726	0.11379	0.01488	0.00651	0.00203	0.00315	0.05965	0.00499	0.00463
7	0.02251	0.01023	0.01293	0.00991	0.01397	0.00968	0.00819	0.20223	0.01719	0.60802	0.01863	0.01648	0.01193	0.00640	0.00523	0.00160	0.00474	0.00511	0.00615	0.00886
8	0.03966	0.12322	0.31045	0.03718	0.14387	0.07994	0.01412	0.09056	0.02937	0.06930	0.01028	0.01161	0.00771	0.00515	0.00476	0.00153	0.00670	0.00401	0.00299	0.00760
9	0.04100	0.22567	0.22871	0.06541	0.05271	0.01485	0.10385	0.13877	0.01336	0.05444	0.00993	0.01143	0.00750	0.00504	0.00470	0.00151	0.00657	0.00410	0.00301	0.00743
10	0.00809	0.00549	0.00715	0.00664	0.00802	0.00503	0.00502	0.01049	0.01467	0.05681	0.72512	0.03822	0.06835	0.01052	0.00610	0.00164	0.00255	0.00927	0.00574	0.00508
11	0.00645	0.00463	0.00614	0.00728	0.00768	0.00432	0.00496	0.00747	0.01022	0.01361	0.04910	0.74452	0.05219	0.01601	0.00664	0.00211	0.00307	0.04446	0.00486	0.00427
12	0.13868	0.10461	0.12563	0.01253	0.05210	0.04313	0.07070	0.20199	0.05256	0.09067	0.02158	0.04198	0.00980	0.00588	0.00480	0.00157	0.00581	0.00469	0.00384	0.00745
13	0.00943	0.00586	0.00686	0.00649	0.00825	0.00530	0.00490	0.01165	0.04087	0.12235	0.19692	0.13121	0.31819	0.01111	0.00578	0.00170	0.00292	0.00948	0.09543	0.00529
14	0.00655	0.00474	0.00624	0.00736	0.00786	0.00443	0.00515	0.00765	0.01032	0.01359	0.03026	0.67933	0.08622	0.01589	0.00667	0.00212	0.00318	0.09329	0.00483	0.00430
15	0.17427	0.09825	0.01485	0.07649	0.12471	0.05259	0.00951	0.10918	0.01355	0.22868	0.01315	0.01433	0.01944	0.00577	0.00467	0.00156	0.00533	0.02218	0.00410	0.00739

[dist]
# distance from previous block
# <min> <max>
0	7

[block]
# block no. 5 follows, 47 sequences, length 46
# corresponding to MSA columns:
# 534-579
name=unknown_F
#
# <colnr> <probs for GDERKNQSTAVLIFYWHMCP>
#	G	D	E	R	K	N	Q	S	T	A	V	L	I	F	Y	W	H	M	C	P
0	0.01367	0.60753	0.17427	0.01033	0.01535	0.04441	0.01099	0.04629	0.01136	0.01392	0.00789	0.00907	0.00675	0.00465	0.00377	0.00124	0.00611	0.00309	0.00236	0.00695
1	0.02579	0.02294	0.16424	0.00959	0.01273	0.00826	0.00890	0.10276	0.01327	0.15098	0.08702	0.28295	0.05267	0.01014	0.00574	0.00180	0.00454	0.02463	0.00465	0.00640
2	0.10396	0.00991	0.01431	0.56466	0.02886	0.01192	0.01239	0.12331	0.01228	0.01726	0.01040	0.04956	0.00833	0.00582	0.00505	0.00171	0.00627	0.00490	0.00295	0.00615
3	0.01531	0.07975	0.32309	0.01161	0.01694	0.01100	0.01247	0.02910	0.01225	0.27665	0.01283	0.01309	0.00890	0.00558	0.00558	0.00154	0.05721	0.00421	0.00378	0.09910
4	0.00998	0.00537	0.00601	0.00586	0.00722	0.00527	0.00438	0.01266	0.03901	0.06850	0.13409	0.10836	0.02110	0.00793	0.00451	0.00142	0.00269	0.00668	0.54377	0.00517
5	0.01066	0.02541	0.70009	0.01568	0.02309	0.01222	0.10762	0.01651	0.01115	0.01651	0.00949	0.01136	0.00675	0.00488	0.00509	0.00166	0.00782	0.00412	0.00225	0.00762
6	0.01975	0.02231	0.01444	0.01284	0.01574	0.65729	0.00975	0.05549	0.03242	0.09794	0.00991	0.01066	0.00768	0.00556	0.00479	0.00139	0.00857	0.00368	0.00327	0.00652
7	0.01226	0.09942	0.02147	0.20055	0.46321	0.01316	0.08513	0.01541	0.01144	0.01564	0.00947	0.01273	0.00776	0.00472	0.00506	0.00156	0.00653	0.00458	0.00249	0.00742
8	0.00659	0.00471	0.00632	0.00753	0.00794	0.00444	0.00526	0.00767	0.01021	0.01357	0.02857	0.72420	0.03391	0.01609	0.00671	0.00215	0.00323	0.10180	0.00483	0.00430
9	0.00703	0.00506	0.00666	0.00678	0.00770	0.00469	0.00489	0.00897	0.01316	0.01836	0.53176	0.29608	0.04426	0.01253	0.00631	0.00180	0.00264	0.01121	0.00543	0.00469
10	0.00809	0.09371	0.00918	0.00743	0.00877	0.00682	0.00574	0.01039	0.03969	0.01699	0.35937	0.26066	0.03645	0.03185	0.00656	0.00188	0.00331	0.08320	0.00492	0.00497
11	0.00637	0.00480	0.00606	0.02297	0.00801	0.00442	0.00483	0.00742	0.01041	0.01347	0.03376	0.62417	0.20356	0.01538	0.00651	0.00203	0.00301	0.01373	0.00478	0.00430
12	0.00670	0.00479	0.00642	0.00745	0.00796	0.00451	0.00526	0.00795	0.01073	0.01439	0.11022	0.64019	0.03551	0.01547	0.00666	0.00210	0.00317	0.10122	0.00493	0.00437
13	0.40169	0.32282	0.09489	0.02865	0.01372	0.01519	0.02993	0.01553	0.00987	0.01797	0.00760	0.00897	0.00623	0.00470	0.00357	0.00143	0.00520	0.00305	0.00270	0.00629
14	0.00795	0.00559	0.00705	0.00691	0.00744	0.00596	0.00468	0.03502	0.00878	0.01210	0.05030	0.02865	0.01783	0.47230	0.30130	0.00596	0.00815	0.00684	0.00321	0.00397
15	0.01328	0.67416	0.16763	0.01000	0.01505	0.01904	0.01081	0.01576	0.01066	0.01303	0.00763	0.00884	0.00667	0.00455	0.00364	0.00121	0.00596	0.00298	0.00222	0.00687
16	0.01144	0.01071	0.01759	0.07425	0.51161	0.01131	0.01354	0.01403	0.01111	0.01573	0.01284	0.11942	0.01257	0.00720	0.00675	0.00176	0.09263	0.04544	0.00294	0.00711
17	0.00744	0.00499	0.00572	0.00585	0.00588	0.00496	0.00334	0.00754	0.00783	0.01044	0.01774	0.11860	0.02061	0.73016	0.02435	0.00473	0.00483	0.00836	0.00334	0.00327
18	0.01346	0.43450	0.25963	0.01083	0.01621	0.04213	0.01185	0.01654	0.01116	0.06734	0.00898	0.01002	0.00716	0.00473	0.00405	0.00130	0.00615	0.00332	0.00259	0.06807
19	0.00795	0.00583	0.00692	0.00713	0.00777	0.00604	0.00474	0.01063	0.12224	0.01340	0.04797	0.28997	0.02431	0.35294	0.06557	0.00368	0.00472	0.00966	0.00410	0.00442
20	0.00670	0.00526	0.00569	0.00558	0.00717	0.00456	0.00419	0.00839	0.01256	0.01620	0.24193	0.04520	0.54033	0.01206	0.00599	0.00169	0.00258	0.01018	0.05917	0.00456
21	0.01256	0.01236	0.02153	0.05433	0.58649	0.01283	0.10420	0.01560	0.01144	0.01637	0.00954	0.01290	0.00801	0.00511	0.00657	0.00166	0.09340	0.00481	0.00254	0.00775
22	0.01076	0.00800	0.01195	0.02521	0.07305	0.00794	0.09679	0.01488	0.13625	0.10034	0.09496	0.32358	0.02408	0.01031	0.00592	0.00183	0.00428	0.00944	0.03429	0.00615
23	0.00641	0.00463	0.00600	0.00703	0.00745	0.00430	0.00471	0.00737	0.01017	0.01348	0.05518	0.70274	0.08704	0.04779	0.00739	0.00219	0.00306	0.01407	0.00480	0.00422
24	0.00664	0.00475	0.00636	0.00739	0.00787	0.00446	0.00517	0.00785	0.01067	0.01432	0.11026	0.66105	0.03563	0.01553	0.00664	0.00209	0.00312	0.08091	0.00493	0.00436
25	0.01352	0.01314	0.14376	0.30772	0.09289	0.03862	0.03660	0.02797	0.03205	0.17001	0.02841	0.02394	0.00969	0.00578	0.00561	0.00169	0.03327	0.00488	0.00339	0.00706
26	0.01880	0.11900	0.01624	0.01288	0.01578	0.70424	0.00993	0.02018	0.01426	0.01269	0.00795	0.00927	0.00671	0.00526	0.00454	0.00131	0.00894	0.00329	0.00263	0.00611
27	0.01003	0.00946	0.01597	0.75478	0.08402	0.01162	0.01456	0.01348	0.01051	0.01354	0.00929	0.01382	0.00703	0.00517	0.00520	0.00172	0.00689	0.00463	0.00233	0.00594
28	0.05526	0.00871	0.01242	0.05341	0.03939	0.00834	0.05634	0.04816	0.03888	0.39107	0.10004	0.01862	0.01516	0.00817	0.00735	0.11643	0.00472	0.00550	0.00497	0.00706
29	0.01197	0.01069	0.01708	0.26624	0.38377	0.01154	0.01358	0.01648	0.10209	0.04429	0.06101	0.01582	0.01155	0.00555	0.00525	0.00164	0.00587	0.00511	0.00316	0.00729
30	0.00675	0.00519	0.00618	0.00617	0.00746	0.00461	0.00454	0.00855	0.01294	0.01715	0.39152	0.15804	0.32717	0.01246	0.00622	0.00175	0.00261	0.01082	0.00526	0.00461
31	0.00769	0.00546	0.00805	0.00775	0.00857	0.00521	0.05357	0.00861	0.01061	0.01454	0.24123	0.28164	0.03005	0.10750	0.02950	0.15793	0.00399	0.00974	0.00424	0.00413
32	0.04458	0.00641	0.00864	0.00806	0.00943	0.00686	0.00612	0.04153	0.00969	0.12401	0.01435	0.02053	0.01287	0.13015	0.43559	0.09752	0.00968	0.00553	0.00342	0.00501
33	0.10931	0.00560	0.00570	0.00576	0.00717	0.00577	0.00449	0.01210	0.01091	0.01931	0.04785	0.05159	0.01642	0.00737	0.00418	0.00144	0.00290	0.08589	0.59133	0.00492
34	0.01174	0.00855	0.00975	0.00873	0.01113	0.00908	0.00677	0.02003	0.38357	0.10409	0.28537	0.02784	0.07409	0.00861	0.00564	0.00170	0.00349	0.00735	0.00554	0.00693
35	0.01200	0.00999	0.01469	0.46852	0.07743	0.01153	0.01234	0.16047	0.01356	0.03941	0.01422	0.03154	0.05530	0.00661	0.00540	0.00173	0.00614	0.04930	0.00335	0.00647
36	0.00657	0.00474	0.00627	0.00740	0.00788	0.00444	0.00518	0.00768	0.01035	0.01368	0.03959	0.68379	0.07144	0.01588	0.00667	0.00212	0.00319	0.09399	0.00484	0.00431
37	0.01361	0.01274	0.01966	0.11270	0.58482	0.04079	0.01489	0.10482	0.01330	0.01833	0.01000	0.01283	0.00812	0.00492	0.00515	0.00156	0.00633	0.00460	0.00286	0.00797
38	0.04173	0.01139	0.02018	0.16513	0.05348	0.02692	0.31186	0.03860	0.01265	0.19143	0.01360	0.06591	0.01050	0.00587	0.00560	0.00172	0.00674	0.00594	0.00367	0.00706
39	0.02174	0.00900	0.01189	0.00933	0.01315	0.00814	0.00763	0.02514	0.09733	0.68113	0.04431	0.01857	0.01434	0.00664	0.00527	0.00163	0.00434	0.00544	0.00630	0.00867
40	0.01325	0.01388	0.04627	0.01781	0.06963	0.06295	0.39326	0.04449	0.18590	0.04354	0.01481	0.01633	0.04109	0.00558	0.00570	0.00170	0.00707	0.00586	0.00353	0.00735
41	0.01631	0.23590	0.01771	0.01091	0.01468	0.09465	0.00920	0.28718	0.22149	0.02219	0.01295	0.01291	0.00994	0.00589	0.00467	0.00147	0.00562	0.00435	0.00416	0.00781
42	0.01278	0.33418	0.30608	0.10593	0.01993	0.06567	0.03193	0.01633	0.01117	0.03933	0.00882	0.01049	0.00692	0.00485	0.00437	0.00143	0.00680	0.00359	0.00240	0.00699
43	0.04831	0.19707	0.29147	0.01181	0.02453	0.01254	0.05268	0.01803	0.01948	0.19538	0.04473	0.01332	0.01008	0.00538	0.00467	0.00150	0.00597	0.00426	0.00347	0.03531
44	0.01146	0.08913	0.54219	0.01657	0.11179	0.01286	0.06536	0.01697	0.04207	0.02965	0.00997	0.01165	0.00737	0.00495	0.00494	0.00160	0.00721	0.00411	0.00247	0.00768
45	0.01069	0.01075	0.06545	0.52264	0.14664	0.01133	0.01392	0.01484	0.05631	0.03256	0.05605	0.01544	0.01028	0.00556	0.00524	0.00169	0.00639	0.00495	0.00282	0.00645

[dist]
# distance from previous block
# <min> <max>
9	36

[block]
# block no. 6 follows, 47 sequences, length 18
# corresponding to MSA columns:
# 617-634
name=unknown_G
#
# <colnr> <probs for GDERKNQSTAVLIFYWHMCP>
#	G	D	E	R	K	N	Q	S	T	A	V	L	I	F	Y	W	H	M	C	P
0	0.85377	0.01007	0.00765	0.00685	0.01007	0.01168	0.00564	0.01531	0.00886	0.02336	0.00725	0.00846	0.00564	0.00483	0.00322	0.00161	0.00403	0.00282	0.00322	0.00564
1	0.01318	0.01101	0.03049	0.24504	0.20609	0.03275	0.04367	0.05498	0.01237	0.11422	0.01261	0.02859	0.03109	0.00546	0.00506	0.00151	0.00587	0.00485	0.00331	0.13785
2	0.03952	0.14200	0.04903	0.10311	0.03749	0.01254	0.09090	0.12331	0.06327	0.21451	0.01400	0.04079	0.01045	0.00594	0.00496	0.00157	0.00560	0.00500	0.02853	0.00749
3	0.00693	0.00552	0.00610	0.00598	0.00745	0.00499	0.00438	0.00906	0.04819	0.01589	0.24292	0.07451	0.45453	0.08104	0.00787	0.00202	0.00288	0.01019	0.00495	0.00460
4	0.00677	0.00453	0.00616	0.00718	0.00743	0.00428	0.00479	0.00718	0.00947	0.01263	0.02563	0.68881	0.03047	0.01659	0.00879	0.13450	0.00326	0.01320	0.00443	0.00392
5	0.01448	0.22188	0.18314	0.02817	0.08981	0.09644	0.09365	0.01751	0.01189	0.12416	0.01074	0.02949	0.00845	0.00544	0.00530	0.00152	0.04337	0.00433	0.00301	0.00721
6	0.01439	0.01636	0.29171	0.01367	0.01883	0.01083	0.14331	0.08235	0.03831	0.20103	0.01502	0.04893	0.01169	0.00655	0.00550	0.00173	0.00642	0.06181	0.00394	0.00762
7	0.00649	0.00471	0.00611	0.00717	0.00765	0.00438	0.00492	0.00750	0.01019	0.01341	0.03043	0.67252	0.10166	0.04133	0.00727	0.00219	0.00316	0.05989	0.00478	0.00425
8	0.01397	0.05511	0.01536	0.17531	0.10366	0.02682	0.02033	0.08348	0.05282	0.14952	0.01339	0.06207	0.01111	0.00794	0.02763	0.00194	0.14416	0.02480	0.00370	0.00690
9	0.01568	0.07465	0.08180	0.01406	0.06227	0.01296	0.14562	0.18572	0.15003	0.14875	0.01484	0.04580	0.01121	0.00615	0.00529	0.00164	0.00585	0.00543	0.00432	0.00794
10	0.05914	0.01140	0.01525	0.05565	0.30355	0.01221	0.01117	0.03598	0.33700	0.01954	0.01450	0.01531	0.01127	0.00568	0.00501	0.00159	0.00504	0.00495	0.00385	0.07188
11	0.13699	0.12798	0.01394	0.00960	0.01314	0.05987	0.00796	0.12233	0.16285	0.22607	0.05700	0.01534	0.01262	0.00619	0.00470	0.00155	0.00484	0.00471	0.00472	0.00758
12	0.10108	0.12603	0.01632	0.08489	0.08877	0.01481	0.01011	0.34877	0.08001	0.02397	0.01211	0.01442	0.00957	0.00606	0.00484	0.00158	0.00551	0.03944	0.00406	0.00764
13	0.08254	0.00844	0.01076	0.00857	0.01203	0.00764	0.00696	0.02128	0.04393	0.52187	0.15347	0.02045	0.01858	0.00695	0.00517	0.00158	0.00401	0.00570	0.00584	0.05423
14	0.01157	0.17005	0.40390	0.08165	0.06269	0.01339	0.04452	0.05958	0.01204	0.01676	0.06790	0.01318	0.01015	0.00535	0.00483	0.00155	0.00668	0.00432	0.00270	0.00720
15	0.21755	0.20937	0.01608	0.02472	0.01410	0.06920	0.00856	0.26025	0.09637	0.02264	0.01052	0.01108	0.00812	0.00548	0.00425	0.00148	0.00539	0.00381	0.00379	0.00724
16	0.00911	0.00503	0.00710	0.00711	0.00736	0.00514	0.00483	0.00841	0.06544	0.01038	0.01165	0.08428	0.01174	0.01710	0.01804	0.71181	0.00436	0.00551	0.00271	0.00288
17	0.01534	0.01191	0.07864	0.01177	0.05039	0.05609	0.00985	0.14766	0.09991	0.19677	0.01911	0.02783	0.01645	0.00855	0.00576	0.00184	0.00538	0.22460	0.00485	0.00730

[dist]
# distance from previous block
# <min> <max>
20	88

[block]
# block no. 7 follows, 47 sequences, length 37
# corresponding to MSA columns:
# 723-759
name=unknown_H
#
# <colnr> <probs for GDERKNQSTAVLIFYWHMCP>
#	G	D	E	R	K	N	Q	S	T	A	V	L	I	F	Y	W	H	M	C	P
0	0.10365	0.13131	0.13445	0.02204	0.06756	0.01197	0.03147	0.06170	0.08467	0.19374	0.01364	0.05059	0.01048	0.00592	0.00471	0.00153	0.00528	0.00474	0.00396	0.05659
1	0.10162	0.07834	0.16092	0.02796	0.02586	0.03795	0.01002	0.07558	0.06200	0.15723	0.05940	0.01807	0.02434	0.00646	0.00489	0.00156	0.00527	0.05818	0.00404	0.08029
2	0.19688	0.12207	0.09243	0.00975	0.01352	0.02363	0.02746	0.08576	0.06788	0.12950	0.06916	0.04145	0.01294	0.00643	0.00489	0.00157	0.02219	0.02513	0.00401	0.04335
3	0.06081	0.03989	0.09177	0.03540	0.06336	0.02978	0.00957	0.10393	0.06850	0.28616	0.08705	0.01817	0.01453	0.00653	0.00511	0.00159	0.00502	0.02892	0.00477	0.03914
4	0.08149	0.01215	0.10804	0.03293	0.09996	0.01009	0.02057	0.09289	0.07000	0.19865	0.03949	0.01635	0.05115	0.00598	0.00491	0.00150	0.00498	0.00489	0.00424	0.13974
5	0.11577	0.08125	0.03904	0.01473	0.18264	0.05402	0.01004	0.06806	0.08406	0.10942	0.03139	0.03995	0.01094	0.02362	0.00625	0.00166	0.07319	0.00480	0.00367	0.04552
6	0.05737	0.01085	0.01455	0.08401	0.24555	0.03929	0.01057	0.11289	0.05404	0.15898	0.14202	0.01815	0.01613	0.00639	0.00524	0.00160	0.00515	0.00548	0.00430	0.00745
7	0.01326	0.05540	0.10938	0.19275	0.34364	0.01210	0.01412	0.05986	0.01251	0.09411	0.03597	0.01396	0.00952	0.00526	0.00509	0.00159	0.00617	0.00467	0.00310	0.00755
8	0.01414	0.07816	0.06401	0.00900	0.01352	0.02601	0.00791	0.05572	0.01246	0.17210	0.01207	0.01354	0.00932	0.00498	0.00436	0.00113	0.00461	0.02670	0.00379	0.46648
9	0.03831	0.03670	0.03696	0.03080	0.06121	0.00967	0.22343	0.03523	0.03266	0.12498	0.05617	0.18375	0.01666	0.00777	0.00562	0.00169	0.00552	0.01574	0.00398	0.07313
10	0.03388	0.08077	0.04061	0.22736	0.04567	0.05270	0.07425	0.01458	0.05504	0.01463	0.04690	0.01558	0.04875	0.00684	0.00828	0.00179	0.21834	0.00506	0.00283	0.00612
11	0.01104	0.01375	0.18413	0.05280	0.01484	0.09918	0.01005	0.04663	0.09758	0.03650	0.05412	0.04065	0.08182	0.05029	0.18009	0.00328	0.00771	0.00587	0.00350	0.00616
12	0.00668	0.00489	0.00628	0.00679	0.00757	0.00449	0.00476	0.00817	0.01184	0.01601	0.29261	0.45918	0.12349	0.01400	0.00642	0.00191	0.00278	0.01251	0.00515	0.00449
13	0.01448	0.71689	0.02572	0.00946	0.01367	0.08232	0.00908	0.03706	0.01125	0.01288	0.00744	0.00862	0.00675	0.00468	0.00379	0.00117	0.02280	0.00292	0.00235	0.00667
14	0.00654	0.00479	0.00614	0.00686	0.00754	0.00440	0.00474	0.00782	0.01121	0.01500	0.19102	0.55563	0.12966	0.01473	0.00648	0.00197	0.00285	0.01319	0.00502	0.00440
15	0.01256	0.31912	0.37137	0.01273	0.01861	0.01523	0.07397	0.05001	0.01175	0.03581	0.02829	0.01119	0.00806	0.00496	0.00450	0.00145	0.00669	0.00385	0.00258	0.00728
16	0.04487	0.03808	0.01520	0.05736	0.01649	0.01230	0.06339	0.31427	0.04925	0.29106	0.01599	0.01547	0.02945	0.00623	0.00519	0.00160	0.00537	0.00507	0.00512	0.00824
17	0.00646	0.00462	0.00618	0.00739	0.00774	0.00433	0.00504	0.00746	0.01009	0.01343	0.02864	0.76957	0.03418	0.01620	0.00668	0.00213	0.00312	0.05764	0.00483	0.00426
18	0.01766	0.00978	0.05653	0.00929	0.01279	0.00845	0.00793	0.09437	0.06753	0.42994	0.20402	0.02208	0.02113	0.00740	0.00544	0.00163	0.00425	0.00616	0.00582	0.00779
19	0.00757	0.00505	0.00568	0.00568	0.00568	0.00505	0.00316	0.00757	0.00757	0.01010	0.01641	0.03408	0.01893	0.81698	0.02651	0.00505	0.00505	0.00757	0.00316	0.00316
20	0.08692	0.01101	0.01740	0.10924	0.12513	0.01124	0.17244	0.06529	0.05723	0.17316	0.01352	0.03669	0.01041	0.00594	0.00564	0.00168	0.03019	0.02428	0.00384	0.03875
21	0.01204	0.19065	0.47508	0.05213	0.04132	0.01371	0.07062	0.01663	0.01121	0.05666	0.00959	0.01121	0.00711	0.00489	0.00473	0.00154	0.00708	0.00392	0.00248	0.00742
22	0.85377	0.01007	0.00765	0.00685	0.01007	0.01168	0.00564	0.01531	0.00886	0.02336	0.00725	0.00846	0.00564	0.00483	0.00322	0.00161	0.00403	0.00282	0.00322	0.00564
23	0.37149	0.05409	0.01191	0.00890	0.01265	0.01214	0.00743	0.20357	0.01449	0.23853	0.01226	0.01204	0.00851	0.00561	0.00428	0.00157	0.00464	0.00395	0.00456	0.00739
24	0.01111	0.01093	0.01553	0.07969	0.01538	0.01506	0.01149	0.01251	0.00839	0.01276	0.00813	0.01409	0.00806	0.00906	0.01557	0.00224	0.69823	0.04370	0.00241	0.00566
25	0.00897	0.00729	0.00954	0.00978	0.05059	0.00757	0.04295	0.01366	0.20496	0.01576	0.07295	0.30147	0.04523	0.14887	0.03386	0.00263	0.00438	0.00961	0.00444	0.00548
26	0.00899	0.00698	0.00905	0.01043	0.03443	0.03951	0.00869	0.01137	0.01210	0.01551	0.02621	0.05527	0.02833	0.01371	0.00703	0.00233	0.00503	0.69544	0.00464	0.00495
27	0.01688	0.01314	0.01399	0.01139	0.01504	0.01479	0.00919	0.45206	0.34431	0.02812	0.01621	0.01545	0.01186	0.00660	0.00525	0.00165	0.00504	0.00520	0.00525	0.00859
28	0.01945	0.02482	0.01476	0.01342	0.01610	0.79608	0.01006	0.02079	0.01476	0.01275	0.00805	0.00939	0.00671	0.00537	0.00470	0.00134	0.00939	0.00335	0.00268	0.00604
29	0.01266	0.01284	0.06445	0.14375	0.56503	0.01245	0.01539	0.05545	0.03584	0.01741	0.01018	0.01311	0.00823	0.00490	0.00516	0.00159	0.00630	0.00463	0.00274	0.00788
30	0.01158	0.10854	0.27326	0.21038	0.14941	0.01303	0.06642	0.05212	0.01181	0.01626	0.03320	0.01285	0.00847	0.00511	0.00499	0.00160	0.00684	0.00442	0.00258	0.00713
31	0.00901	0.00497	0.00546	0.00540	0.00659	0.00489	0.00404	0.01139	0.01175	0.01943	0.19862	0.04637	0.02242	0.00815	0.02145	0.00149	0.00270	0.00623	0.60479	0.00485
32	0.01320	0.13638	0.16041	0.19669	0.04121	0.09766	0.01198	0.05323	0.01262	0.08786	0.10294	0.01522	0.01257	0.00599	0.00530	0.00156	0.03052	0.00470	0.00327	0.00670
33	0.00640	0.00457	0.00609	0.00721	0.00757	0.00427	0.00484	0.00739	0.01023	0.01370	0.06890	0.77223	0.03523	0.01601	0.00662	0.00209	0.00299	0.01452	0.00488	0.00427
34	0.01093	0.01048	0.05259	0.00973	0.05417	0.00803	0.00769	0.01341	0.01070	0.01669	0.00915	0.01096	0.00763	0.00426	0.00475	0.00095	0.05104	0.00329	0.00296	0.71059
35	0.05763	0.22713	0.31686	0.01150	0.01710	0.01431	0.01258	0.14357	0.01315	0.03923	0.00952	0.01059	0.00724	0.00496	0.00438	0.00140	0.00613	0.00362	0.00298	0.09613
36	0.36489	0.01111	0.01338	0.01585	0.25970	0.01191	0.00970	0.07302	0.07524	0.10267	0.01102	0.01207	0.00833	0.00523	0.00437	0.00160	0.00490	0.00405	0.00368	0.00727

[dist]
# distance from previous block
# <min> <max>
0	2

[block]
# block no. 8 follows, 47 sequences, length 20
# corresponding to MSA columns:
# 762-781
name=unknown_I
#
# <colnr> <probs for GDERKNQSTAVLIFYWHMCP>
#	G	D	E	R	K	N	Q	S	T	A	V	L	I	F	Y	W	H	M	C	P
0	0.00935	0.00519	0.00721	0.00710	0.00738	0.00536	0.00481	0.00884	0.08108	0.01033	0.01058	0.01708	0.01020	0.05656	0.01920	0.72490	0.00451	0.00481	0.00260	0.00288
1	0.00973	0.00880	0.01383	0.59745	0.02912	0.01062	0.01230	0.01413	0.08503	0.01536	0.13654	0.01850	0.01470	0.00627	0.00537	0.00172	0.00594	0.00553	0.00316	0.00588
2	0.01911	0.00892	0.01230	0.13905	0.01665	0.00863	0.00864	0.02262	0.08764	0.53769	0.06821	0.01864	0.01456	0.00658	0.00530	0.00165	0.00468	0.00547	0.00561	0.00804
3	0.01210	0.01504	0.15005	0.01803	0.02299	0.01223	0.46524	0.08825	0.01315	0.01798	0.01294	0.04474	0.01100	0.00612	0.00599	0.00180	0.00769	0.08456	0.00311	0.00698
4	0.15001	0.01199	0.01891	0.02560	0.54607	0.01265	0.05095	0.01557	0.01101	0.01760	0.00913	0.01208	0.00767	0.00509	0.00604	0.00164	0.08341	0.00441	0.00266	0.00752
5	0.01285	0.01176	0.01975	0.10392	0.61532	0.01176	0.02961	0.01591	0.01177	0.04680	0.01014	0.01306	0.00826	0.00471	0.00510	0.00152	0.00609	0.00459	0.00274	0.06435
6	0.71818	0.00987	0.00838	0.00724	0.01060	0.01102	0.00597	0.01695	0.00985	0.14823	0.00942	0.00997	0.00682	0.00510	0.00355	0.00161	0.00409	0.00321	0.00375	0.00617
7	0.00746	0.00549	0.00793	0.00793	0.00871	0.00627	0.00596	0.00902	0.00824	0.01176	0.01435	0.02268	0.01398	0.16607	0.67065	0.00783	0.01250	0.00591	0.00285	0.00441
8	0.01084	0.02456	0.66446	0.01764	0.14695	0.01214	0.01871	0.01641	0.01114	0.01658	0.00942	0.01130	0.00687	0.00490	0.00498	0.00163	0.00745	0.00398	0.00226	0.00779
9	0.01045	0.02694	0.79000	0.01484	0.02254	0.01209	0.01924	0.01649	0.01099	0.01649	0.00935	0.01099	0.00660	0.00495	0.00495	0.00165	0.00770	0.00385	0.00220	0.00770
10	0.00735	0.00535	0.00706	0.00670	0.00792	0.00506	0.00505	0.00971	0.01401	0.01981	0.68430	0.03730	0.06437	0.01362	0.08707	0.00233	0.00364	0.00907	0.00541	0.00487
11	0.01139	0.01139	0.01595	0.01367	0.01367	0.01595	0.01139	0.01253	0.00798	0.01253	0.00684	0.01139	0.00684	0.00911	0.01709	0.00228	0.80745	0.00456	0.00228	0.00570
12	0.00733	0.00532	0.00690	0.00651	0.00775	0.00490	0.00488	0.00975	0.01464	0.02065	0.75693	0.03928	0.07410	0.01073	0.00614	0.00164	0.00246	0.00947	0.00570	0.00490
13	0.01123	0.00924	0.01084	0.00777	0.01237	0.00697	0.00622	0.01353	0.01094	0.04348	0.00964	0.01104	0.00789	0.00395	0.00390	0.00080	0.00388	0.00316	0.00320	0.81994
14	0.02131	0.00893	0.01188	0.00901	0.01314	0.00754	0.00741	0.02338	0.01423	0.66220	0.01870	0.01659	0.01205	0.00602	0.00501	0.00147	0.00434	0.00489	0.00590	0.14601
15	0.00759	0.00532	0.00683	0.00688	0.00797	0.00495	0.00500	0.00977	0.03266	0.04131	0.44652	0.29089	0.08973	0.01244	0.00626	0.00180	0.00276	0.01106	0.00539	0.00486
16	0.01059	0.00992	0.01666	0.47740	0.28221	0.01123	0.01412	0.01379	0.01110	0.01492	0.04959	0.04449	0.01055	0.00571	0.00529	0.00168	0.00632	0.00525	0.00267	0.00650
17	0.01603	0.01337	0.01344	0.01162	0.04277	0.13630	0.00889	0.15338	0.20490	0.11828	0.01391	0.01403	0.01042	0.00606	0.00576	0.00149	0.06258	0.00455	0.00430	0.15793
18	0.01111	0.00991	0.01543	0.09703	0.41117	0.01010	0.01177	0.01493	0.07952	0.03212	0.14294	0.02227	0.10573	0.00693	0.00545	0.00163	0.00502	0.00629	0.00365	0.00702
19	0.04157	0.00869	0.04901	0.00811	0.01136	0.00687	0.00686	0.02339	0.02407	0.06753	0.09831	0.08032	0.09543	0.00815	0.00514	0.00143	0.00393	0.10754	0.00414	0.34815

[dist]
# distance from previous block
# <min> <max>
3	5

[block]
# block no. 9 follows, 47 sequences, length 62
# corresponding to MSA columns:
# 790-851
name=unknown_J
#
# <colnr> <probs for GDERKNQSTAVLIFYWHMCP>
#	G	D	E	R	K	N	Q	S	T	A	V	L	I	F	Y	W	H	M	C	P
0	0.01063	0.01833	0.39219	0.05136	0.27484	0.01109	0.01582	0.01493	0.01138	0.01620	0.01558	0.01723	0.11595	0.00601	0.00520	0.00163	0.00645	0.00515	0.00270	0.00734
1	0.01410	0.01028	0.02989	0.13065	0.25294	0.00972	0.03277	0.01725	0.03681	0.20253	0.06209	0.03606	0.01257	0.00580	0.00513	0.00152	0.00527	0.00519	0.00388	0.12555
2	0.00791	0.00663	0.01043	0.28559	0.01814	0.00724	0.04117	0.00980	0.01005	0.01321	0.02023	0.44255	0.02256	0.07104	0.00759	0.00218	0.00479	0.01035	0.00374	0.00481
3	0.00794	0.00660	0.00846	0.04376	0.11184	0.00623	0.00638	0.01043	0.04070	0.01667	0.22106	0.03810	0.39725	0.01048	0.00581	0.00167	0.00329	0.00897	0.04908	0.00526
4	0.01310	0.05121	0.08228	0.04697	0.29094	0.03799	0.01159	0.03756	0.02546	0.07965	0.01120	0.03965	0.00921	0.00512	0.00474	0.00135	0.00549	0.00443	0.00318	0.23888
5	0.00625	0.00528	0.00541	0.00538	0.00709	0.00444	0.00403	0.00767	0.01210	0.01462	0.11219	0.04920	0.72260	0.01298	0.00615	0.00175	0.00262	0.01086	0.00491	0.00444
6	0.01714	0.11270	0.08462	0.01255	0.03143	0.03678	0.07183	0.38104	0.03222	0.10940	0.01308	0.05094	0.01005	0.00623	0.00509	0.00156	0.00594	0.00503	0.00437	0.00802
7	0.01485	0.21614	0.16507	0.01187	0.03625	0.01533	0.01112	0.21493	0.19809	0.04698	0.01288	0.01303	0.00970	0.00572	0.00472	0.00152	0.00565	0.00436	0.00389	0.00793
8	0.00643	0.00459	0.00614	0.00735	0.00768	0.00430	0.00498	0.00739	0.01005	0.01339	0.02866	0.78328	0.03426	0.01624	0.00667	0.00213	0.00309	0.04430	0.00483	0.00425
9	0.01080	0.00926	0.01080	0.00771	0.01234	0.00694	0.00617	0.01311	0.01080	0.01697	0.00926	0.01080	0.00771	0.00386	0.00386	0.00077	0.00386	0.00309	0.00309	0.84882
10	0.01590	0.03840	0.17473	0.01721	0.21604	0.02539	0.02745	0.15507	0.08151	0.17647	0.01329	0.01382	0.00956	0.00558	0.00511	0.00159	0.00596	0.00467	0.00399	0.00826
11	0.00897	0.00455	0.00673	0.00673	0.00673	0.00455	0.00445	0.00683	0.00683	0.00910	0.00943	0.01679	0.00957	0.06028	0.02068	0.80394	0.00455	0.00468	0.00231	0.00231
12	0.01629	0.00967	0.01144	0.00986	0.01301	0.01009	0.00791	0.02477	0.39851	0.30948	0.04961	0.02273	0.01715	0.00756	0.00546	0.00176	0.00423	0.06669	0.00570	0.00807
