[name]
unknown

[dist]
# distance from previous block
# <min> <max>
6	567

[block]
# block no. 0 follows, 46 sequences, length 42
# corresponding to MSA columns:
# 1055-1096
name=unknown_A
#
# <colnr> <probs for GDERKNQSTAVLIFYWHMCP>
#	G	D	E	R	K	N	Q	S	T	A	V	L	I	F	Y	W	H	M	C	P
0	0.01541	0.01844	0.06559	0.03779	0.22589	0.38805	0.01180	0.01759	0.01324	0.03095	0.01256	0.09257	0.03431	0.00660	0.00518	0.00155	0.00750	0.00528	0.00302	0.00667
1	0.06120	0.44036	0.06062	0.01034	0.01476	0.06330	0.00967	0.21194	0.01481	0.05480	0.00953	0.01023	0.00759	0.00519	0.00413	0.00134	0.00589	0.00354	0.00333	0.00742
2	0.01158	0.27997	0.01366	0.00717	0.00949	0.03411	0.00621	0.01368	0.01109	0.01672	0.04857	0.01607	0.01238	0.00598	0.00454	0.00128	0.05060	0.00437	0.44687	0.00564
3	0.01096	0.00940	0.01096	0.00783	0.01253	0.00705	0.00626	0.01331	0.01096	0.01723	0.00940	0.01096	0.00783	0.00392	0.00392	0.00078	0.00392	0.00313	0.00313	0.84653
4	0.85155	0.01022	0.00777	0.00695	0.01022	0.01186	0.00573	0.01554	0.00900	0.02372	0.00736	0.00859	0.00573	0.00491	0.00327	0.00164	0.00409	0.00286	0.00327	0.00573
5	0.00978	0.00894	0.01277	0.01149	0.01191	0.01193	0.00936	0.01126	0.00827	0.01252	0.01015	0.01565	0.00973	0.02276	0.36210	0.00506	0.45335	0.00509	0.00254	0.00531
6	0.00769	0.00513	0.00577	0.00577	0.00577	0.00513	0.00320	0.00769	0.00769	0.01025	0.01666	0.03460	0.01922	0.81421	0.02691	0.00513	0.00513	0.00769	0.00320	0.00320
7	0.85155	0.01022	0.00777	0.00695	0.01022	0.01186	0.00573	0.01554	0.00900	0.02372	0.00736	0.00859	0.00573	0.00491	0.00327	0.00164	0.00409	0.00286	0.00327	0.00573
8	0.01157	0.01157	0.01619	0.01388	0.01388	0.01619	0.01157	0.01272	0.00810	0.01272	0.00694	0.01157	0.00694	0.00925	0.01735	0.00231	0.80453	0.00463	0.00231	0.00578
9	0.00650	0.00527	0.00579	0.00600	0.00747	0.00456	0.00446	0.00794	0.01203	0.01491	0.11987	0.17208	0.55387	0.01370	0.00637	0.00186	0.00282	0.04497	0.00500	0.00451
10	0.01124	0.09911	0.57775	0.01563	0.04926	0.01344	0.07680	0.01639	0.01106	0.01611	0.00923	0.01125	0.00689	0.00519	0.00577	0.00167	0.05932	0.00407	0.00229	0.00755
11	0.00656	0.00461	0.00609	0.00727	0.00761	0.00432	0.00486	0.00754	0.01016	0.01372	0.02871	0.78212	0.03419	0.01619	0.00664	0.00211	0.00305	0.01466	0.03527	0.00432
12	0.02329	0.01032	0.01261	0.00981	0.01382	0.05910	0.00803	0.05990	0.01558	0.69975	0.01965	0.01720	0.01249	0.00646	0.00528	0.00162	0.00489	0.00517	0.00624	0.00881
13	0.01197	0.00962	0.01545	0.57269	0.10332	0.01125	0.01338	0.01587	0.05205	0.09984	0.01161	0.01491	0.00853	0.00550	0.00524	0.00171	0.00639	0.00484	0.02927	0.00656
14	0.01202	0.01053	0.06139	0.00843	0.01328	0.00745	0.00725	0.01459	0.01133	0.08208	0.01037	0.01157	0.00820	0.00421	0.00411	0.00091	0.00422	0.00337	0.00336	0.72134
15	0.00781	0.00558	0.00729	0.00740	0.00867	0.00527	0.00590	0.01021	0.01378	0.01910	0.47640	0.04525	0.08981	0.01188	0.00643	0.00188	0.00320	0.22572	0.04349	0.00492
16	0.00760	0.00548	0.00758	0.00758	0.00821	0.00611	0.00547	0.00885	0.00823	0.01160	0.01500	0.02540	0.01523	0.29908	0.53658	0.00737	0.01113	0.00634	0.00296	0.00421
17	0.01157	0.01157	0.01619	0.01388	0.01388	0.01619	0.01157	0.01272	0.00810	0.01272	0.00694	0.01157	0.00694	0.00925	0.01735	0.00231	0.80453	0.00463	0.00231	0.00578
18	0.00902	0.00808	0.01424	0.01174	0.01415	0.00753	0.22756	0.01171	0.01247	0.01724	0.23758	0.19483	0.04233	0.01080	0.02309	0.00198	0.00506	0.08534	0.02130	0.04393
19	0.85155	0.01022	0.00777	0.00695	0.01022	0.01186	0.00573	0.01554	0.00900	0.02372	0.00736	0.00859	0.00573	0.00491	0.00327	0.00164	0.00409	0.00286	0.00327	0.00573
20	0.00767	0.00519	0.00611	0.00611	0.00623	0.00531	0.00363	0.00791	0.00779	0.01050	0.01634	0.03286	0.01847	0.71689	0.12320	0.00555	0.00626	0.00743	0.00316	0.00339
21	0.00661	0.00519	0.00576	0.00602	0.00722	0.00459	0.00428	0.00780	0.01128	0.01409	0.08990	0.20598	0.46053	0.11627	0.00902	0.00230	0.00312	0.03097	0.00475	0.00431
22	0.01471	0.22136	0.07139	0.02010	0.31077	0.19576	0.04463	0.01758	0.02870	0.01509	0.00912	0.01116	0.00765	0.00490	0.00469	0.00143	0.00704	0.00397	0.00259	0.00736
23	0.01085	0.03638	0.23741	0.01039	0.01428	0.00942	0.01048	0.01664	0.15434	0.06856	0.23140	0.02642	0.04687	0.00817	0.00560	0.00172	0.00484	0.06908	0.00444	0.03273
24	0.01041	0.00665	0.00801	0.00735	0.00920	0.00653	0.00567	0.01467	0.12939	0.10410	0.40242	0.03269	0.08227	0.00941	0.00568	0.00165	0.00305	0.03074	0.12421	0.00590
25	0.00784	0.00622	0.00908	0.01168	0.13502	0.00609	0.00723	0.00941	0.01060	0.01426	0.02609	0.46235	0.08466	0.01674	0.09350	0.00275	0.00496	0.08213	0.00430	0.00508
26	0.01296	0.01171	0.02032	0.11537	0.49320	0.01184	0.10237	0.01642	0.02756	0.06164	0.01212	0.01705	0.01017	0.00560	0.00551	0.00169	0.00643	0.05727	0.00304	0.00773
27	0.01055	0.00726	0.00819	0.00729	0.00953	0.00697	0.00567	0.09226	0.07972	0.10016	0.22563	0.03708	0.34880	0.01057	0.00591	0.00171	0.00328	0.00887	0.02466	0.00590
28	0.00649	0.00463	0.00617	0.00733	0.00768	0.00432	0.00491	0.00747	0.01033	0.01382	0.06087	0.77810	0.03560	0.01632	0.00673	0.00213	0.00304	0.01480	0.00495	0.00432
29	0.05122	0.01064	0.01618	0.58495	0.03114	0.01267	0.04760	0.15043	0.01319	0.01775	0.00996	0.01359	0.00738	0.00542	0.00524	0.00172	0.00677	0.00469	0.00294	0.00649
30	0.01266	0.00770	0.00799	0.00698	0.00905	0.00816	0.00549	0.21434	0.02863	0.02341	0.01610	0.01783	0.01237	0.00623	0.00415	0.00134	0.00340	0.00490	0.60321	0.00608
31	0.00734	0.00540	0.00687	0.00650	0.00781	0.00493	0.00487	0.00970	0.01462	0.02039	0.69338	0.04083	0.13545	0.01111	0.00624	0.00168	0.00252	0.00975	0.00571	0.00493
32	0.01045	0.00550	0.00557	0.00535	0.00676	0.00560	0.00407	0.05621	0.01189	0.02050	0.01698	0.01930	0.01328	0.00617	0.00379	0.00125	0.00266	0.00492	0.79459	0.00516
33	0.00767	0.00521	0.00617	0.00617	0.00631	0.00535	0.00371	0.00795	0.00781	0.01055	0.01629	0.03254	0.01833	0.69918	0.14072	0.00563	0.00647	0.00739	0.00315	0.00343
34	0.01204	0.01191	0.01566	0.04950	0.01488	0.05167	0.01129	0.04801	0.00934	0.01370	0.00780	0.01218	0.00740	0.01053	0.06098	0.00257	0.64752	0.00464	0.00250	0.00589
35	0.01026	0.05268	0.00658	0.00543	0.00694	0.00624	0.00422	0.01324	0.04586	0.01939	0.01686	0.01905	0.01327	0.00611	0.00375	0.00125	0.00273	0.00485	0.75607	0.00519
36	0.12911	0.01375	0.01452	0.01127	0.01536	0.01512	0.00930	0.60781	0.02202	0.09111	0.01264	0.01257	0.00889	0.00617	0.00503	0.00160	0.00549	0.00456	0.00512	0.00856
37	0.06070	0.01081	0.01742	0.35881	0.35766	0.01194	0.01424	0.03807	0.01177	0.01672	0.04480	0.01445	0.00957	0.00530	0.00519	0.00166	0.00629	0.00482	0.00277	0.00701
38	0.00711	0.00507	0.00632	0.00668	0.00759	0.00469	0.00477	0.00874	0.01208	0.01660	0.29031	0.33238	0.14119	0.04718	0.00717	0.00200	0.00292	0.03308	0.05954	0.00457
39	0.00868	0.00719	0.01080	0.11508	0.15871	0.00737	0.00873	0.01117	0.04036	0.01553	0.10213	0.38875	0.02684	0.01174	0.00621	0.00194	0.00431	0.06468	0.00425	0.00554
40	0.10175	0.01004	0.01106	0.01044	0.05401	0.04627	0.00783	0.21062	0.01571	0.07610	0.16854	0.02786	0.04288	0.07192	0.00727	0.00201	0.00479	0.11969	0.00476	0.00647
41	0.01271	0.41649	0.08561	0.06007	0.01573	0.01625	0.03323	0.05580	0.07812	0.01511	0.01176	0.10246	0.01101	0.00663	0.00530	0.00151	0.05742	0.00503	0.00302	0.00673

[dist]
# distance from previous block
# <min> <max>
11	20

[block]
# block no. 1 follows, 46 sequences, length 14
# corresponding to MSA columns:
# 1117-1130
name=unknown_B
#
# <colnr> <probs for GDERKNQSTAVLIFYWHMCP>
#	G	D	E	R	K	N	Q	S	T	A	V	L	I	F	Y	W	H	M	C	P
0	0.32481	0.01092	0.01245	0.31966	0.03972	0.05596	0.01006	0.05039	0.01114	0.04816	0.00918	0.01163	0.00695	0.00514	0.00441	0.00161	0.00569	0.00386	0.00307	0.06520
1	0.05296	0.01233	0.02151	0.04352	0.52150	0.01218	0.14584	0.01720	0.01225	0.09315	0.01102	0.01359	0.00863	0.00487	0.00533	0.00162	0.00648	0.00495	0.00304	0.00804
2	0.01267	0.04890	0.01828	0.41147	0.13183	0.07374	0.09085	0.03613	0.06205	0.04761	0.01078	0.01386	0.00820	0.00530	0.00526	0.00167	0.00694	0.00478	0.00290	0.00678
3	0.00998	0.00940	0.01586	0.80150	0.03641	0.01175	0.01468	0.01351	0.01057	0.01351	0.00940	0.01409	0.00705	0.00529	0.00529	0.00176	0.00705	0.00470	0.00235	0.00587
4	0.00653	0.00464	0.00611	0.00725	0.00754	0.00435	0.00479	0.00738	0.00996	0.01328	0.02830	0.75841	0.03390	0.07036	0.00811	0.00235	0.00321	0.01453	0.00479	0.00422
5	0.07975	0.04219	0.23397	0.01829	0.22708	0.12162	0.01411	0.04852	0.01221	0.05615	0.00965	0.01163	0.00755	0.00554	0.00616	0.00164	0.08953	0.00413	0.00284	0.00744
6	0.01900	0.01136	0.09281	0.03327	0.01568	0.03444	0.06005	0.02165	0.01369	0.50525	0.01796	0.01866	0.01246	0.00948	0.07596	0.00229	0.00626	0.03652	0.00519	0.00801
7	0.00739	0.00531	0.00687	0.00738	0.00823	0.00504	0.00551	0.00903	0.01182	0.01591	0.24575	0.25361	0.08714	0.11939	0.00936	0.00244	0.00358	0.18680	0.00494	0.00450
8	0.01084	0.00974	0.01325	0.01166	0.01221	0.01276	0.00943	0.07024	0.00956	0.01408	0.01072	0.05276	0.01071	0.08028	0.17901	0.00377	0.47501	0.00559	0.00285	0.00554
9	0.04486	0.09086	0.38082	0.05250	0.12535	0.08868	0.01502	0.01678	0.01153	0.05469	0.01004	0.01206	0.00769	0.00740	0.05800	0.00204	0.00766	0.00406	0.00264	0.00732
10	0.00746	0.00596	0.00745	0.05246	0.00999	0.00599	0.00594	0.02355	0.02923	0.01438	0.03401	0.32127	0.28800	0.03267	0.04345	0.00237	0.03762	0.06893	0.00454	0.00473
11	0.01091	0.00611	0.00707	0.00688	0.00842	0.00598	0.00520	0.07093	0.01241	0.09785	0.02284	0.24209	0.05705	0.00985	0.00513	0.00164	0.00323	0.04325	0.37769	0.00547
12	0.01204	0.01061	0.01563	0.39210	0.17788	0.02985	0.01277	0.10279	0.04797	0.02966	0.07171	0.04923	0.01257	0.00631	0.00540	0.00170	0.00611	0.00556	0.00334	0.00677
13	0.17031	0.01673	0.01323	0.07389	0.04802	0.33979	0.00933	0.04797	0.09660	0.04280	0.01037	0.01152	0.00811	0.00542	0.00458	0.00146	0.00677	0.00383	0.00335	0.08593

[dist]
# distance from previous block
# <min> <max>
2	39

[block]
# block no. 2 follows, 46 sequences, length 14
# corresponding to MSA columns:
# 1186-1199
name=unknown_C
#
# <colnr> <probs for GDERKNQSTAVLIFYWHMCP>
#	G	D	E	R	K	N	Q	S	T	A	V	L	I	F	Y	W	H	M	C	P
0	0.27248	0.21835	0.01632	0.00976	0.01348	0.01366	0.07495	0.08628	0.02863	0.03745	0.00979	0.01160	0.00800	0.00912	0.09958	0.00228	0.00631	0.00383	0.00321	0.07491
1	0.45550	0.01015	0.01101	0.07382	0.01325	0.01266	0.00820	0.01384	0.00868	0.01833	0.00753	0.01054	0.00648	0.00732	0.00917	0.06576	0.25575	0.00370	0.00282	0.00550
2	0.01144	0.00727	0.00658	0.00617	0.00776	0.06548	0.00471	0.07416	0.01250	0.02031	0.01619	0.01837	0.01267	0.00612	0.00391	0.00127	0.00327	0.00480	0.71169	0.00535
3	0.55076	0.01377	0.01311	0.01082	0.01434	0.16137	0.13445	0.01684	0.01073	0.02051	0.00808	0.00973	0.00632	0.00493	0.00406	0.00161	0.00595	0.00354	0.00307	0.00604
4	0.37131	0.00964	0.01163	0.10192	0.02792	0.01048	0.06249	0.04003	0.01144	0.13587	0.07020	0.07901	0.01306	0.00672	0.00501	0.00172	0.02594	0.00533	0.00397	0.00632
5	0.00926	0.00740	0.00954	0.09035	0.01280	0.00761	0.00716	0.04853	0.07751	0.01583	0.03647	0.30490	0.02161	0.05929	0.05897	0.00244	0.03312	0.05568	0.00412	0.13741
6	0.01178	0.01302	0.02738	0.07743	0.02602	0.01270	0.61069	0.01573	0.01193	0.01620	0.01182	0.07534	0.00997	0.00569	0.00678	0.00184	0.04939	0.00672	0.00280	0.00675
7	0.01071	0.00911	0.01068	0.00774	0.01219	0.00690	0.00617	0.01307	0.01125	0.01752	0.06539	0.01304	0.01089	0.00442	0.00408	0.00085	0.00381	0.00360	0.00333	0.78526
8	0.01210	0.01163	0.01979	0.17677	0.48345	0.01208	0.07864	0.01610	0.05899	0.01686	0.03468	0.01552	0.02897	0.00535	0.00539	0.00165	0.00632	0.00522	0.00289	0.00759
9	0.00741	0.00548	0.00735	0.00735	0.00816	0.00592	0.00536	0.00873	0.00878	0.01203	0.02030	0.02856	0.12153	0.23740	0.48428	0.00668	0.01021	0.00696	0.00322	0.00429
10	0.01138	0.00991	0.01447	0.47980	0.06316	0.01169	0.01226	0.03973	0.19228	0.03868	0.03632	0.01748	0.03801	0.00622	0.00537	0.00175	0.00594	0.00539	0.00348	0.00669
11	0.01205	0.01176	0.02078	0.27240	0.46462	0.01239	0.09801	0.01545	0.01163	0.01605	0.00986	0.01353	0.00792	0.00486	0.00536	0.00165	0.00681	0.00488	0.00254	0.00745
12	0.01159	0.07954	0.15451	0.06941	0.09929	0.05605	0.12026	0.05409	0.03408	0.01830	0.22711	0.02002	0.01968	0.00667	0.00546	0.00162	0.00597	0.00597	0.00363	0.00674
13	0.66273	0.06883	0.01016	0.00782	0.01123	0.03920	0.00650	0.05514	0.03744	0.04858	0.00862	0.00954	0.00662	0.00511	0.00358	0.00159	0.00449	0.00317	0.00347	0.00619

[dist]
# distance from previous block
# <min> <max>
0	1

[block]
# block no. 3 follows, 46 sequences, length 10
# corresponding to MSA columns:
# 1201-1210
name=unknown_D
#
# <colnr> <probs for GDERKNQSTAVLIFYWHMCP>
#	G	D	E	R	K	N	Q	S	T	A	V	L	I	F	Y	W	H	M	C	P
0	0.00705	0.00576	0.00827	0.00826	0.00948	0.00525	0.07183	0.00849	0.01100	0.01416	0.03438	0.47866	0.24378	0.01447	0.00659	0.00203	0.00358	0.05762	0.00471	0.00463
1	0.05728	0.01271	0.01737	0.11068	0.22395	0.03461	0.03781	0.18996	0.04394	0.01993	0.01014	0.01274	0.00815	0.00632	0.00796	0.00178	0.18934	0.00467	0.00329	0.00739
2	0.00658	0.00507	0.00602	0.00642	0.00751	0.00451	0.00457	0.00800	0.01190	0.01542	0.19600	0.34834	0.33247	0.01410	0.00644	0.00190	0.00279	0.01235	0.00510	0.00451
3	0.01137	0.06918	0.33762	0.01500	0.07788	0.03607	0.10245	0.06053	0.01256	0.01738	0.06661	0.08729	0.01439	0.00712	0.00549	0.00173	0.00661	0.06050	0.00320	0.00700
4	0.03497	0.00634	0.00823	0.00764	0.00951	0.00593	0.00608	0.01306	0.01376	0.16541	0.38947	0.03733	0.10133	0.01237	0.05403	0.00220	0.00400	0.11716	0.00548	0.00570
5	0.01131	0.08742	0.53431	0.01329	0.01944	0.06691	0.01568	0.01694	0.07045	0.01626	0.01325	0.05449	0.04544	0.00617	0.00505	0.00165	0.00699	0.00486	0.00278	0.00732
6	0.00783	0.00566	0.00721	0.00720	0.00749	0.00616	0.00486	0.00851	0.00824	0.01132	0.01673	0.09077	0.01852	0.48726	0.21175	0.00546	0.05823	0.02968	0.00324	0.00387
7	0.07237	0.00968	0.01196	0.00941	0.01318	0.00889	0.03498	0.05038	0.06075	0.15207	0.01399	0.03496	0.01152	0.00618	0.00537	0.00137	0.04554	0.06189	0.00409	0.39142
8	0.01376	0.17810	0.43128	0.01236	0.01858	0.01303	0.01431	0.04395	0.01218	0.13986	0.01100	0.01177	0.00790	0.00514	0.00468	0.00150	0.00651	0.00390	0.00310	0.06710
9	0.06329	0.27442	0.21364	0.01449	0.07175	0.03601	0.14271	0.03595	0.03167	0.01653	0.04566	0.01238	0.00937	0.00511	0.00469	0.00150	0.00663	0.00429	0.00275	0.00714

[dist]
# distance from previous block
# <min> <max>
0	7

[block]
# block no. 4 follows, 46 sequences, length 19
# corresponding to MSA columns:
# 1220-1231,1245-1251
name=unknown_E
#
# <colnr> <probs for GDERKNQSTAVLIFYWHMCP>
#	G	D	E	R	K	N	Q	S	T	A	V	L	I	F	Y	W	H	M	C	P
0	0.41865	0.10253	0.01150	0.02553	0.01197	0.02593	0.00696	0.07366	0.05720	0.04995	0.09631	0.01492	0.01273	0.00604	0.00418	0.00156	0.00442	0.02285	0.00385	0.04926
1	0.21228	0.01297	0.01286	0.01069	0.01407	0.08622	0.03680	0.27959	0.11979	0.04811	0.06573	0.01673	0.01293	0.00668	0.00498	0.00166	0.00534	0.04070	0.00454	0.00733
2	0.71257	0.01064	0.01061	0.00875	0.01233	0.01179	0.09230	0.01559	0.00950	0.02261	0.00785	0.00936	0.00610	0.00481	0.00364	0.00161	0.00463	0.00326	0.00320	0.04886
3	0.01352	0.68082	0.15892	0.01009	0.01518	0.01942	0.01086	0.01599	0.01081	0.01318	0.00772	0.00894	0.00677	0.00461	0.00367	0.00122	0.00603	0.00301	0.00226	0.00696
4	0.01220	0.01274	0.10432	0.46836	0.09222	0.01274	0.01422	0.14122	0.05764	0.01803	0.01072	0.01377	0.00798	0.00550	0.00526	0.00171	0.00670	0.00469	0.00303	0.00697
5	0.01348	0.01254	0.02072	0.12063	0.56145	0.01295	0.05891	0.10147	0.01336	0.01864	0.01024	0.01323	0.00827	0.00495	0.00530	0.00161	0.00647	0.00480	0.00289	0.00808
6	0.01304	0.01540	0.11636	0.02057	0.02612	0.01286	0.62526	0.01752	0.01251	0.06966	0.01125	0.01416	0.00822	0.00466	0.00604	0.00176	0.00848	0.00591	0.00289	0.00734
7	0.01058	0.01051	0.06179	0.00844	0.00999	0.14052	0.00646	0.03432	0.01099	0.03685	0.07315	0.10154	0.06353	0.33408	0.07166	0.00355	0.00619	0.00742	0.00364	0.00479
8	0.00657	0.00477	0.00609	0.00709	0.00757	0.00442	0.00479	0.00751	0.01023	0.01342	0.03101	0.64670	0.11886	0.07323	0.00815	0.00233	0.00322	0.03503	0.00478	0.00425
9	0.01567	0.01222	0.01464	0.06540	0.01668	0.01264	0.04219	0.36726	0.06200	0.04666	0.01240	0.03060	0.00954	0.00588	0.00535	0.00143	0.02955	0.00468	0.00432	0.24088
10	0.16073	0.00928	0.01127	0.00870	0.01277	0.00833	0.00715	0.02176	0.01334	0.51620	0.01649	0.01512	0.01088	0.00579	0.00472	0.00148	0.00432	0.00450	0.00537	0.16181
11	0.05139	0.04977	0.08465	0.06670	0.01822	0.02182	0.10956	0.15436	0.01501	0.30661	0.01412	0.01438	0.00968	0.00600	0.00593	0.00167	0.05274	0.00489	0.00452	0.00797
12	0.01250	0.04331	0.05981	0.05029	0.41046	0.01260	0.12617	0.01762	0.12288	0.01749	0.01285	0.01719	0.01078	0.00574	0.00547	0.00169	0.00635	0.05590	0.00314	0.00777
13	0.01452	0.00695	0.00923	0.00782	0.01031	0.00616	0.00616	0.01670	0.01472	0.35599	0.38287	0.05908	0.06855	0.00927	0.00585	0.00167	0.00340	0.00798	0.00606	0.00670
14	0.00810	0.00651	0.00919	0.01059	0.09698	0.00670	0.00698	0.00987	0.01143	0.01576	0.21158	0.26238	0.09154	0.03806	0.08559	0.00267	0.06636	0.05019	0.00442	0.00510
15	0.01361	0.18617	0.28716	0.07676	0.14599	0.01492	0.01451	0.16638	0.01393	0.01901	0.00975	0.01145	0.00748	0.00515	0.00479	0.00153	0.00665	0.00405	0.00293	0.00778
16	0.00638	0.00530	0.00558	0.00564	0.00726	0.00450	0.00418	0.00780	0.01218	0.01489	0.12152	0.10970	0.65010	0.01339	0.00629	0.00180	0.00269	0.01131	0.00500	0.00450
17	0.00732	0.00497	0.00587	0.00623	0.00632	0.00488	0.00370	0.00759	0.00840	0.01120	0.02032	0.26222	0.02384	0.58029	0.02100	0.00425	0.00452	0.00984	0.00370	0.00352
18	0.01168	0.01190	0.04576	0.34630	0.38885	0.01228	0.07655	0.01519	0.01144	0.01568	0.00977	0.01353	0.00774	0.00494	0.00533	0.00167	0.00686	0.00480	0.00250	0.00723

[dist]
# distance from previous block
# <min> <max>
0	6

[block]
# block no. 5 follows, 46 sequences, length 42
# corresponding to MSA columns:
# 1258-1299
name=unknown_F
#
# <colnr> <probs for GDERKNQSTAVLIFYWHMCP>
#	G	D	E	R	K	N	Q	S	T	A	V	L	I	F	Y	W	H	M	C	P
0	0.06277	0.01707	0.01671	0.09361	0.13908	0.33803	0.07624	0.01805	0.05046	0.01522	0.01030	0.01410	0.00879	0.00607	0.00615	0.00164	0.07472	0.04156	0.00290	0.00654
1	0.00695	0.00553	0.00635	0.00669	0.00823	0.00493	0.00532	0.00866	0.01224	0.01520	0.10188	0.07929	0.49793	0.01362	0.00654	0.00196	0.00326	0.20586	0.00497	0.00460
2	0.01722	0.01343	0.01590	0.12944	0.08423	0.01502	0.01106	0.50618	0.10672	0.02777	0.01298	0.01373	0.00947	0.00615	0.00529	0.00163	0.00585	0.00489	0.00464	0.00841
3	0.01361	0.49486	0.11859	0.00979	0.01434	0.06912	0.00979	0.01595	0.01156	0.04593	0.05494	0.01237	0.02891	0.00527	0.00405	0.00125	0.00573	0.00373	0.00281	0.07736
4	0.01247	0.13425	0.50873	0.03153	0.07398	0.01320	0.04011	0.01724	0.01149	0.08271	0.01021	0.01168	0.00743	0.00511	0.00506	0.00160	0.01879	0.00403	0.00265	0.00772
5	0.10326	0.66836	0.06162	0.00912	0.01366	0.01913	0.00916	0.01615	0.01071	0.03796	0.00788	0.00892	0.00686	0.00465	0.00352	0.00123	0.00556	0.00296	0.00250	0.00679
6	0.01270	0.00625	0.00771	0.00705	0.00906	0.00581	0.00563	0.01500	0.01301	0.21983	0.15379	0.02959	0.06482	0.00856	0.00517	0.00160	0.00332	0.10175	0.32338	0.00597
7	0.01041	0.00976	0.03754	0.27198	0.15291	0.03536	0.01118	0.01345	0.03560	0.03438	0.05076	0.02205	0.08613	0.06174	0.09784	0.00273	0.02828	0.02866	0.00320	0.00603
8	0.01449	0.03460	0.01082	0.03233	0.03916	0.00833	0.00732	0.04620	0.10754	0.26998	0.02420	0.08595	0.10978	0.07660	0.00740	0.00204	0.00436	0.07228	0.03982	0.00681
9	0.00659	0.00481	0.00624	0.00733	0.00788	0.00446	0.00511	0.00769	0.01052	0.01378	0.03190	0.65870	0.12168	0.01603	0.00674	0.00213	0.00317	0.07597	0.00490	0.00436
10	0.85155	0.01022	0.00777	0.00695	0.01022	0.01186	0.00573	0.01554	0.00900	0.02372	0.00736	0.00859	0.00573	0.00491	0.00327	0.00164	0.00409	0.00286	0.00327	0.00573
11	0.00668	0.00470	0.00606	0.00705	0.00730	0.00446	0.00458	0.00742	0.00965	0.01287	0.02672	0.66016	0.03191	0.17133	0.01066	0.00272	0.00347	0.01360	0.00458	0.00408
12	0.01559	0.61244	0.02441	0.01023	0.01429	0.22067	0.00935	0.01720	0.01184	0.01257	0.00756	0.00875	0.00679	0.00476	0.00375	0.00119	0.00666	0.00298	0.00238	0.00661
13	0.01074	0.05592	0.01104	0.00799	0.01148	0.00783	0.00639	0.02464	0.04965	0.04277	0.15250	0.04254	0.01739	0.00890	0.07087	0.00175	0.00465	0.00512	0.00386	0.46400
14	0.01153	0.01248	0.08420	0.25224	0.20291	0.03674	0.04700	0.01626	0.10036	0.01664	0.06337	0.01551	0.01141	0.00570	0.00561	0.00163	0.03076	0.00501	0.00308	0.07757
15	0.00973	0.00674	0.00928	0.00871	0.00904	0.00793	0.00641	0.01017	0.07162	0.01137	0.01084	0.01745	0.01052	0.08499	0.08927	0.45387	0.17047	0.00507	0.00268	0.00382
16	0.02134	0.00928	0.01200	0.00935	0.01311	0.00854	0.00767	0.11931	0.01621	0.59312	0.08332	0.01918	0.01567	0.00686	0.00533	0.00162	0.00442	0.00559	0.03959	0.00850
17	0.01060	0.01005	0.01687	0.63302	0.16837	0.01207	0.01483	0.01396	0.01073	0.01415	0.00940	0.01381	0.00728	0.00534	0.00576	0.00175	0.03861	0.00470	0.00240	0.00632
18	0.01096	0.00940	0.01096	0.00783	0.01253	0.00705	0.00626	0.01331	0.01096	0.01723	0.00940	0.01096	0.00783	0.00392	0.00392	0.00078	0.00392	0.00313	0.00313	0.84653
19	0.01271	0.41314	0.38501	0.01201	0.01807	0.01667	0.01403	0.04598	0.01150	0.01530	0.00857	0.00991	0.00683	0.00483	0.00424	0.00140	0.00668	0.00341	0.00237	0.00736
20	0.00900	0.00470	0.00699	0.00699	0.00707	0.00478	0.00472	0.00713	0.00705	0.00948	0.00984	0.01706	0.00985	0.04587	0.08579	0.74862	0.00541	0.00478	0.00237	0.00253
21	0.00693	0.00498	0.00655	0.00765	0.00812	0.00478	0.00535	0.00834	0.02931	0.01382	0.02813	0.65655	0.03309	0.05908	0.00787	0.00233	0.00343	0.10445	0.00482	0.00441
22	0.00688	0.00503	0.00600	0.00640	0.00744	0.00455	0.00455	0.00839	0.01184	0.01590	0.19782	0.34737	0.26542	0.01352	0.00624	0.00186	0.00278	0.01185	0.07163	0.00455
23	0.00738	0.00563	0.00779	0.00781	0.00901	0.00523	0.03669	0.00933	0.01264	0.01706	0.32000	0.27072	0.13374	0.01315	0.00655	0.00194	0.00331	0.12209	0.00516	0.00479
24	0.01458	0.01278	0.01707	0.01361	0.01740	0.01393	0.17424	0.19275	0.43530	0.02352	0.01714	0.01693	0.01273	0.00639	0.00555	0.00174	0.00559	0.00576	0.00476	0.00824
25	0.00778	0.07344	0.00857	0.00703	0.00832	0.00616	0.00531	0.00982	0.01342	0.01857	0.52920	0.22673	0.04259	0.01170	0.00612	0.00174	0.00290	0.01034	0.00530	0.00497
26	0.00694	0.00512	0.00654	0.00749	0.00830	0.00478	0.00555	0.00828	0.01091	0.01410	0.03321	0.45870	0.17777	0.04038	0.00741	0.00224	0.00349	0.18951	0.00485	0.00443
27	0.01096	0.00940	0.01096	0.00783	0.01253	0.00705	0.00626	0.01331	0.01096	0.01723	0.00940	0.01096	0.00783	0.00392	0.00392	0.00078	0.00392	0.00313	0.00313	0.84653
28	0.00748	0.00540	0.00707	0.00665	0.00790	0.00499	0.00499	0.00998	0.01496	0.02120	0.77844	0.03949	0.04988	0.01081	0.00624	0.00166	0.00249	0.00956	0.00582	0.00499
29	0.01189	0.00937	0.01106	0.00795	0.01260	0.00710	0.00637	0.01422	0.01127	0.07319	0.01023	0.01147	0.00821	0.00411	0.00402	0.00085	0.00396	0.00329	0.00338	0.78547
30	0.01096	0.00940	0.01096	0.00783	0.01253	0.00705	0.00626	0.01331	0.01096	0.01723	0.00940	0.01096	0.00783	0.00392	0.00392	0.00078	0.00392	0.00313	0.00313	0.84653
31	0.00922	0.00768	0.00954	0.00797	0.01104	0.00618	0.02516	0.01115	0.01093	0.01587	0.01962	0.23722	0.08139	0.00881	0.00514	0.00136	0.00376	0.04892	0.00386	0.47519
32	0.01265	0.01154	0.01689	0.01408	0.01479	0.01529	0.06282	0.01411	0.00899	0.07790	0.00837	0.01229	0.00753	0.00870	0.01557	0.00222	0.68262	0.00480	0.00269	0.00615
33	0.00748	0.00540	0.00707	0.00665	0.00790	0.00499	0.00499	0.00998	0.01496	0.02120	0.77844	0.03949	0.04988	0.01081	0.00624	0.00166	0.00249	0.00956	0.00582	0.00499
34	0.00998	0.00940	0.01586	0.80150	0.03641	0.01175	0.01468	0.01351	0.01057	0.01351	0.00940	0.01409	0.00705	0.00529	0.00529	0.00176	0.00705	0.00470	0.00235	0.00587
35	0.01096	0.00940	0.01096	0.00783	0.01253	0.00705	0.00626	0.01331	0.01096	0.01723	0.00940	0.01096	0.00783	0.00392	0.00392	0.00078	0.00392	0.00313	0.00313	0.84653
36	0.01980	0.01454	0.01662	0.01264	0.01694	0.01586	0.05421	0.68914	0.02373	0.06344	0.01291	0.01300	0.00910	0.00624	0.00535	0.00160	0.00594	0.00487	0.00519	0.00888
37	0.00736	0.00540	0.00690	0.00652	0.00782	0.00494	0.00489	0.00974	0.01467	0.02051	0.70612	0.04063	0.12264	0.01107	0.00624	0.00167	0.00251	0.00972	0.00573	0.00494
38	0.01741	0.01069	0.01409	0.01126	0.01459	0.04410	0.08868	0.15392	0.03346	0.31347	0.10170	0.02251	0.01712	0.03395	0.00679	0.00184	0.03364	0.06798	0.00523	0.00756
39	0.00935	0.00626	0.00865	0.00821	0.00996	0.00568	0.05015	0.01118	0.01238	0.11094	0.13425	0.23497	0.23735	0.01265	0.00642	0.00194	0.00369	0.12559	0.00510	0.00527
40	0.33189	0.34499	0.01712	0.00854	0.01247	0.06309	0.00762	0.03972	0.01094	0.04160	0.00816	0.00922	0.00674	0.00479	0.00359	0.00134	0.00512	0.00304	0.00297	0.07705
41	0.70954	0.09645	0.01019	0.00733	0.01079	0.01257	0.00621	0.01622	0.00957	0.07077	0.00822	0.00917	0.00631	0.00497	0.00341	0.00158	0.00428	0.00301	0.00337	0.00605

[dist]
# distance from previous block
# <min> <max>
2	4

[block]
# block no. 6 follows, 46 sequences, length 53
# corresponding to MSA columns:
# 1304-1356
name=unknown_G
#
# <colnr> <probs for GDERKNQSTAVLIFYWHMCP>
#	G	D	E	R	K	N	Q	S	T	A	V	L	I	F	Y	W	H	M	C	P
0	0.21826	0.01307	0.01322	0.01045	0.01426	0.01457	0.00860	0.53609	0.02017	0.03014	0.01171	0.01217	0.00850	0.00599	0.00470	0.00158	0.00519	0.00432	0.05907	0.00795
1	0.01140	0.06062	0.65487	0.01464	0.02148	0.06277	0.01797	0.01672	0.01119	0.01605	0.00915	0.01097	0.00672	0.00530	0.00573	0.00167	0.05908	0.00387	0.00227	0.00753
2	0.01413	0.81739	0.02770	0.00905	0.01357	0.02092	0.00905	0.01583	0.01074	0.01244	0.00735	0.00848	0.00678	0.00452	0.00339	0.00113	0.00565	0.00283	0.00226	0.00678
3	0.01413	0.81739	0.02770	0.00905	0.01357	0.02092	0.00905	0.01583	0.01074	0.01244	0.00735	0.00848	0.00678	0.00452	0.00339	0.00113	0.00565	0.00283	0.00226	0.00678
4	0.00642	0.00468	0.00606	0.00716	0.00762	0.00431	0.00482	0.00738	0.01031	0.01357	0.03157	0.73507	0.10908	0.01625	0.00670	0.00211	0.00303	0.01464	0.00491	0.00431
5	0.01315	0.01136	0.01195	0.01076	0.01375	0.01315	0.00837	0.02809	0.77168	0.02211	0.02152	0.01972	0.01614	0.00717	0.00538	0.00179	0.00418	0.00598	0.00538	0.00837
6	0.01059	0.01012	0.01380	0.01201	0.01212	0.01364	0.00972	0.01157	0.00828	0.01242	0.01149	0.01783	0.05802	0.14111	0.01821	0.00274	0.62288	0.00554	0.00262	0.00528
7	0.01609	0.01590	0.02359	0.01876	0.07140	0.19883	0.41066	0.01933	0.01348	0.14155	0.01170	0.01366	0.00858	0.00505	0.00567	0.00164	0.00817	0.00531	0.00331	0.00728
8	0.00655	0.00473	0.00637	0.00744	0.00784	0.00454	0.00507	0.00759	0.00999	0.01338	0.02807	0.71040	0.04872	0.01895	0.09031	0.00281	0.00424	0.01395	0.00469	0.00434
9	0.01506	0.00853	0.01035	0.00853	0.01128	0.00836	0.00681	0.18649	0.01692	0.23953	0.31613	0.02643	0.05299	0.00838	0.00560	0.00161	0.00382	0.00703	0.05912	0.00701
10	0.01920	0.07295	0.01592	0.01279	0.01606	0.49040	0.01001	0.23010	0.05046	0.01904	0.00997	0.01080	0.00783	0.00572	0.00485	0.00143	0.00800	0.00386	0.00353	0.00707
11	0.00712	0.00575	0.00638	0.00616	0.00783	0.00520	0.00464	0.00974	0.06136	0.01723	0.30804	0.04487	0.47254	0.01208	0.00619	0.00174	0.00271	0.01026	0.00526	0.00490
12	0.00712	0.00530	0.00646	0.00633	0.00762	0.00478	0.00469	0.00916	0.01360	0.01857	0.49063	0.11872	0.23903	0.01192	0.00621	0.00173	0.00260	0.01039	0.03037	0.00478
13	0.01308	0.01256	0.02146	0.03245	0.78123	0.01256	0.01622	0.01622	0.01204	0.01727	0.00994	0.01308	0.00837	0.00471	0.00523	0.00157	0.00628	0.00471	0.00262	0.00837
14	0.02082	0.01003	0.01255	0.00977	0.01355	0.00962	0.00801	0.21080	0.01757	0.50145	0.11105	0.01927	0.01653	0.00701	0.00542	0.00163	0.00459	0.00569	0.00614	0.00851
15	0.01975	0.02520	0.01498	0.01362	0.01634	0.79299	0.01021	0.02111	0.01498	0.01294	0.00817	0.00953	0.00681	0.00545	0.00477	0.00136	0.00953	0.00340	0.00272	0.00613
16	0.00735	0.00610	0.00755	0.08274	0.02986	0.02295	0.00611	0.00898	0.02338	0.01404	0.03396	0.42002	0.26814	0.01373	0.00636	0.00197	0.00361	0.03385	0.00457	0.00472
17	0.01955	0.01017	0.01316	0.03467	0.04787	0.01030	0.00884	0.06594	0.18072	0.47004	0.01884	0.01734	0.01275	0.00673	0.00609	0.00171	0.05576	0.00534	0.00565	0.00853
18	0.00649	0.00473	0.00612	0.00712	0.00763	0.00436	0.00482	0.00755	0.01063	0.01407	0.08007	0.68514	0.11005	0.01587	0.00666	0.00208	0.00299	0.01429	0.00497	0.00436
19	0.02292	0.01187	0.14700	0.03102	0.13163	0.00917	0.13245	0.02407	0.02520	0.01602	0.01865	0.29479	0.01955	0.00991	0.00607	0.00192	0.00565	0.08220	0.00367	0.00623
20	0.09970	0.18306	0.05120	0.01261	0.01624	0.27344	0.08570	0.08462	0.04114	0.03953	0.00942	0.01080	0.00754	0.00551	0.00539	0.00150	0.05884	0.00389	0.00307	0.00679
21	0.01479	0.08736	0.01020	0.00743	0.00994	0.00753	0.00604	0.01689	0.01271	0.29486	0.06757	0.09126	0.01745	0.00762	0.00479	0.00151	0.00364	0.02824	0.30363	0.00653
22	0.00897	0.00851	0.06015	0.01227	0.16892	0.00724	0.00806	0.01208	0.04518	0.01835	0.30348	0.03258	0.21059	0.00928	0.00572	0.00165	0.00374	0.00807	0.06928	0.00588
23	0.01211	0.11376	0.01911	0.31081	0.12838	0.01292	0.10910	0.05095	0.04121	0.04208	0.01085	0.01418	0.00859	0.00864	0.08379	0.00232	0.01677	0.00483	0.00287	0.00673
24	0.01517	0.01454	0.01735	0.14952	0.33324	0.18402	0.01306	0.05030	0.07884	0.07599	0.01142	0.01340	0.00887	0.00539	0.00516	0.00158	0.00678	0.00458	0.00325	0.00754
25	0.79830	0.01014	0.00806	0.00711	0.01043	0.01160	0.00586	0.01620	0.00939	0.07268	0.00823	0.00919	0.00620	0.00501	0.00340	0.00164	0.00412	0.00302	0.00348	0.00594
26	0.01127	0.07493	0.58486	0.01572	0.09652	0.01220	0.01718	0.01634	0.01129	0.04281	0.01104	0.06249	0.00890	0.00575	0.00506	0.00166	0.00710	0.00468	0.00259	0.00762
27	0.01680	0.00958	0.01181	0.00875	0.01317	0.00794	0.00713	0.06613	0.01356	0.33455	0.01433	0.01397	0.01007	0.00515	0.00458	0.00119	0.00428	0.00414	0.00467	0.44821
28	0.01602	0.06559	0.01691	0.09720	0.01855	0.09895	0.09731	0.23265	0.09156	0.08650	0.01258	0.01367	0.00938	0.00681	0.03228	0.00176	0.00654	0.00470	0.00402	0.08701
29	0.01108	0.04602	0.01314	0.01113	0.01218	0.08993	0.00901	0.01329	0.05896	0.01425	0.06600	0.08648	0.11929	0.00999	0.01127	0.00201	0.38475	0.03214	0.00343	0.00564
30	0.00782	0.00883	0.08418	0.00714	0.00946	0.05607	0.00617	0.00989	0.01278	0.01594	0.20347	0.04179	0.49432	0.01148	0.00603	0.00172	0.00359	0.00959	0.00470	0.00502
31	0.00844	0.00627	0.00869	0.00798	0.00980	0.00565	0.06426	0.01043	0.01283	0.06564	0.23861	0.14119	0.30258	0.01208	0.00635	0.00185	0.00350	0.08362	0.00508	0.00512
32	0.01336	0.02300	0.53307	0.01468	0.02137	0.01318	0.06470	0.19328	0.01460	0.04367	0.01066	0.01193	0.00751	0.00534	0.00517	0.00166	0.00731	0.00430	0.00311	0.00808
33	0.01368	0.04201	0.07593	0.05325	0.05831	0.01299	0.52699	0.03976	0.01287	0.09362	0.01149	0.01413	0.00840	0.00480	0.00586	0.00172	0.00800	0.00570	0.00308	0.00740
34	0.00922	0.08632	0.00889	0.00710	0.00803	0.00697	0.00502	0.01000	0.00919	0.06098	0.01823	0.14099	0.01990	0.43459	0.10116	0.00427	0.00580	0.05534	0.00363	0.00435
35	0.01048	0.02164	0.53473	0.01411	0.02043	0.01147	0.09040	0.01671	0.08656	0.01698	0.01645	0.01741	0.10685	0.00625	0.00534	0.00171	0.00691	0.00527	0.00293	0.00737
36	0.01155	0.14525	0.11393	0.01597	0.06861	0.02538	0.29704	0.01567	0.06065	0.01590	0.01688	0.07888	0.09737	0.00669	0.00552	0.00167	0.00663	0.00648	0.00315	0.00678
37	0.01030	0.00642	0.00863	0.00859	0.00982	0.00653	0.00651	0.04127	0.01167	0.13061	0.07260	0.39928	0.02703	0.01611	0.09203	0.00274	0.05567	0.08391	0.00483	0.00543
38	0.00644	0.00460	0.00613	0.00736	0.00767	0.00429	0.00491	0.00736	0.01012	0.01350	0.02914	0.81076	0.03497	0.01656	0.00675	0.00215	0.00307	0.01503	0.00491	0.00429
39	0.01248	0.01426	0.03119	0.02228	0.02763	0.01337	0.76203	0.01693	0.01248	0.01693	0.01070	0.01426	0.00802	0.00446	0.00624	0.00178	0.00891	0.00624	0.00267	0.00713
40	0.00964	0.00816	0.04364	0.00924	0.01030	0.00879	0.00743	0.01104	0.00910	0.06199	0.01708	0.02415	0.08905	0.21091	0.24997	0.00472	0.21023	0.00633	0.00321	0.00501
41	0.01403	0.01459	0.01682	0.01683	0.14732	0.20664	0.05908	0.01590	0.01110	0.04651	0.00931	0.01268	0.00811	0.01013	0.08821	0.00250	0.30651	0.00457	0.00272	0.00643
42	0.00783	0.00556	0.00691	0.00696	0.00810	0.00547	0.00512	0.01061	0.06115	0.01788	0.32889	0.21899	0.08377	0.01439	0.08437	0.00242	0.00391	0.00976	0.11296	0.00497
43	0.02194	0.01251	0.01347	0.01061	0.01452	0.10400	0.00863	0.23545	0.01781	0.46303	0.01694	0.01550	0.01118	0.00635	0.00521	0.00158	0.00544	0.00492	0.02235	0.00857
44	0.01801	0.01154	0.01176	0.00996	0.01315	0.12147	0.00786	0.02393	0.24473	0.34458	0.06774	0.01880	0.01551	0.00683	0.00521	0.00162	0.00486	0.00549	0.05906	0.00788
45	0.00737	0.00510	0.00607	0.00628	0.00655	0.00509	0.00389	0.00780	0.00846	0.01127	0.02090	0.16727	0.06986	0.54921	0.09847	0.00474	0.00552	0.00897	0.00357	0.00362
46	0.00756	0.00544	0.00690	0.00732	0.00824	0.00520	0.00554	0.00915	0.01158	0.01540	0.20475	0.14506	0.12368	0.18569	0.01107	0.00272	0.00387	0.23168	0.00474	0.00442
47	0.01621	0.52398	0.02299	0.01074	0.01460	0.30688	0.00948	0.01779	0.01231	0.01262	0.00765	0.00887	0.00679	0.00487	0.00390	0.00122	0.00709	0.00304	0.00243	0.00654
48	0.01975	0.02520	0.01498	0.01362	0.01634	0.79299	0.01021	0.02111	0.01498	0.01294	0.00817	0.00953	0.00681	0.00545	0.00477	0.00136	0.00953	0.00340	0.00272	0.00613
49	0.01095	0.07732	0.68908	0.01515	0.02259	0.01290	0.06692	0.01670	0.01122	0.01648	0.00943	0.01119	0.00679	0.00495	0.00500	0.00165	0.00775	0.00399	0.00226	0.00770
50	0.01072	0.00854	0.01510	0.14873	0.01858	0.00841	0.20480	0.01320	0.01155	0.10665	0.02114	0.31892	0.05836	0.01006	0.00617	0.00191	0.00546	0.02174	0.00408	0.00589
51	0.01503	0.01140	0.01316	0.21023	0.01928	0.09680	0.00937	0.08695	0.01333	0.17475	0.01223	0.01421	0.00919	0.03955	0.00575	0.00153	0.00568	0.00435	0.00379	0.25342
52	0.60756	0.01125	0.00891	0.00795	0.01099	0.09519	0.00639	0.01630	0.01034	0.08040	0.04161	0.01151	0.00877	0.00759	0.05485	0.00205	0.00529	0.00358	0.00354	0.00592

[dist]
# distance from previous block
# <min> <max>
0	2

[block]
# block no. 7 follows, 46 sequences, length 84
# corresponding to MSA columns:
# 1359-1442
name=unknown_H
#
# <colnr> <probs for GDERKNQSTAVLIFYWHMCP>
#	G	D	E	R	K	N	Q	S	T	A	V	L	I	F	Y	W	H	M	C	P
0	0.09510	0.00756	0.01176	0.03607	0.01323	0.00744	0.13848	0.01165	0.01145	0.04249	0.08214	0.30287	0.04278	0.01162	0.00627	0.00201	0.00469	0.16267	0.00439	0.00532
1	0.01100	0.03574	0.01056	0.00783	0.01148	0.00700	0.00623	0.01321	0.01182	0.07164	0.12820	0.08355	0.01748	0.00655	0.00469	0.00115	0.00376	0.02924	0.00395	0.53491
2	0.01228	0.01388	0.02999	0.08370	0.02832	0.01324	0.70313	0.01666	0.01233	0.01666	0.01059	0.01425	0.00794	0.00452	0.00616	0.00178	0.00877	0.00612	0.00265	0.00703
3	0.01642	0.01120	0.13799	0.00951	0.01342	0.00803	0.00888	0.05354	0.01459	0.39476	0.17406	0.02417	0.09438	0.00781	0.00554	0.00166	0.00452	0.00648	0.00547	0.00755
4	0.01357	0.01255	0.02001	0.05865	0.06563	0.01317	0.28328	0.07453	0.33259	0.04494	0.01560	0.01649	0.01164	0.00586	0.00567	0.00175	0.00631	0.00582	0.00410	0.00785
5	0.01252	0.01386	0.02861	0.02076	0.02567	0.01344	0.65545	0.01799	0.09398	0.01735	0.01173	0.01476	0.00886	0.00491	0.00652	0.00180	0.03546	0.00616	0.00295	0.00722
6	0.01091	0.01035	0.01754	0.57059	0.26005	0.01199	0.01514	0.01432	0.01101	0.01464	0.00956	0.01379	0.00745	0.00511	0.00527	0.00170	0.00682	0.00470	0.00243	0.00662
7	0.06025	0.01540	0.01540	0.01203	0.01609	0.07738	0.00985	0.66893	0.02331	0.03125	0.01208	0.01225	0.00866	0.00621	0.00515	0.00157	0.00603	0.00456	0.00499	0.00861
8	0.78547	0.01041	0.00885	0.00896	0.07099	0.01191	0.00655	0.01559	0.00924	0.02321	0.00756	0.00894	0.00593	0.00489	0.00343	0.00163	0.00426	0.00301	0.00322	0.00593
9	0.01177	0.01122	0.01908	0.35870	0.46526	0.01221	0.01557	0.01507	0.01142	0.01567	0.00971	0.01351	0.00781	0.00495	0.00526	0.00165	0.00661	0.00471	0.00250	0.00731
10	0.01068	0.00908	0.01065	0.00774	0.01216	0.00688	0.00616	0.01304	0.01128	0.01755	0.07122	0.01326	0.01121	0.00447	0.00410	0.00085	0.00380	0.00365	0.00335	0.77888
11	0.00644	0.00460	0.00613	0.00736	0.00767	0.00429	0.00491	0.00736	0.01012	0.01350	0.02914	0.81076	0.03497	0.01656	0.00675	0.00215	0.00307	0.01503	0.00491	0.00429
12	0.01308	0.01256	0.02146	0.03245	0.78123	0.01256	0.01622	0.01622	0.01204	0.01727	0.00994	0.01308	0.00837	0.00471	0.00523	0.00157	0.00628	0.00471	0.00262	0.00837
13	0.01315	0.01136	0.01195	0.01076	0.01375	0.01315	0.00837	0.02809	0.77168	0.02211	0.02152	0.01972	0.01614	0.00717	0.00538	0.00179	0.00418	0.00598	0.00538	0.00837
14	0.00680	0.00511	0.00618	0.00685	0.00774	0.00468	0.00492	0.00800	0.01087	0.01390	0.05320	0.37120	0.27189	0.09674	0.00871	0.00236	0.00337	0.10839	0.00475	0.00433
15	0.01083	0.00965	0.01649	0.56594	0.03070	0.01117	0.10045	0.01476	0.04239	0.05205	0.08252	0.01691	0.01183	0.00584	0.00549	0.00175	0.00660	0.00541	0.00304	0.00619
16	0.05686	0.01366	0.02835	0.02048	0.02553	0.01298	0.65940	0.03557	0.01266	0.03781	0.01140	0.01549	0.00878	0.00491	0.00607	0.00179	0.00834	0.02991	0.00294	0.00708
17	0.00998	0.00940	0.01586	0.80150	0.03641	0.01175	0.01468	0.01351	0.01057	0.01351	0.00940	0.01409	0.00705	0.00529	0.00529	0.00176	0.00705	0.00470	0.00235	0.00587
18	0.00643	0.00466	0.00607	0.00720	0.00763	0.00431	0.00484	0.00738	0.01027	0.01356	0.03106	0.75087	0.09361	0.01631	0.00671	0.00212	0.00304	0.01472	0.00491	0.00431
19	0.01145	0.01080	0.01821	0.33639	0.43037	0.01170	0.01482	0.01470	0.01166	0.01605	0.06412	0.01535	0.01078	0.00537	0.00533	0.00165	0.00632	0.00505	0.00274	0.00714
20	0.79622	0.01040	0.00823	0.00724	0.01057	0.01196	0.00596	0.04852	0.00983	0.04155	0.00790	0.00898	0.00604	0.00501	0.00341	0.00163	0.00417	0.00300	0.00343	0.00594
21	0.01308	0.01256	0.02146	0.03245	0.78123	0.01256	0.01622	0.01622	0.01204	0.01727	0.00994	0.01308	0.00837	0.00471	0.00523	0.00157	0.00628	0.00471	0.00262	0.00837
22	0.01141	0.02523	0.68983	0.01447	0.02173	0.01214	0.01811	0.01805	0.07129	0.05279	0.01096	0.01215	0.00774	0.00526	0.00506	0.00168	0.00737	0.00414	0.00268	0.00791
23	0.85155	0.01022	0.00777	0.00695	0.01022	0.01186	0.00573	0.01554	0.00900	0.02372	0.00736	0.00859	0.00573	0.00491	0.00327	0.00164	0.00409	0.00286	0.00327	0.00573
24	0.00998	0.00940	0.01586	0.80150	0.03641	0.01175	0.01468	0.01351	0.01057	0.01351	0.00940	0.01409	0.00705	0.00529	0.00529	0.00176	0.00705	0.00470	0.00235	0.00587
25	0.00645	0.00530	0.00568	0.00572	0.00730	0.00453	0.00424	0.00793	0.01232	0.01525	0.15991	0.11401	0.60651	0.01327	0.00629	0.00180	0.00268	0.01125	0.00505	0.00453
26	0.00998	0.00940	0.01586	0.80150	0.03641	0.01175	0.01468	0.01351	0.01057	0.01351	0.00940	0.01409	0.00705	0.00529	0.00529	0.00176	0.00705	0.00470	0.00235	0.00587
27	0.85155	0.01022	0.00777	0.00695	0.01022	0.01186	0.00573	0.01554	0.00900	0.02372	0.00736	0.00859	0.00573	0.00491	0.00327	0.00164	0.00409	0.00286	0.00327	0.00573
28	0.01975	0.02520	0.01498	0.01362	0.01634	0.79299	0.01021	0.02111	0.01498	0.01294	0.00817	0.00953	0.00681	0.00545	0.00477	0.00136	0.00953	0.00340	0.00272	0.00613
29	0.00644	0.00460	0.00613	0.00736	0.00767	0.00429	0.00491	0.00736	0.01012	0.01350	0.02914	0.81076	0.03497	0.01656	0.00675	0.00215	0.00307	0.01503	0.00491	0.00429
30	0.00852	0.00608	0.00852	0.00974	0.01095	0.00608	0.00852	0.01095	0.01217	0.01582	0.02799	0.05963	0.03042	0.01460	0.00730	0.00243	0.00487	0.74565	0.00487	0.00487
31	0.85155	0.01022	0.00777	0.00695	0.01022	0.01186	0.00573	0.01554	0.00900	0.02372	0.00736	0.00859	0.00573	0.00491	0.00327	0.00164	0.00409	0.00286	0.00327	0.00573
32	0.01308	0.01256	0.02146	0.03245	0.78123	0.01256	0.01622	0.01622	0.01204	0.01727	0.00994	0.01308	0.00837	0.00471	0.00523	0.00157	0.00628	0.00471	0.00262	0.00837
33	0.00998	0.00940	0.01586	0.80150	0.03641	0.01175	0.01468	0.01351	0.01057	0.01351	0.00940	0.01409	0.00705	0.00529	0.00529	0.00176	0.00705	0.00470	0.00235	0.00587
34	0.00748	0.00540	0.00707	0.00665	0.00790	0.00499	0.00499	0.00998	0.01496	0.02120	0.77844	0.03949	0.04988	0.01081	0.00624	0.00166	0.00249	0.00956	0.00582	0.00499
35	0.01500	0.69537	0.02574	0.00975	0.01400	0.13984	0.00923	0.01664	0.01139	0.01251	0.00748	0.00864	0.00679	0.00467	0.00360	0.00117	0.00625	0.00292	0.00233	0.00668
36	0.00769	0.00513	0.00577	0.00577	0.00577	0.00513	0.00320	0.00769	0.00769	0.01025	0.01666	0.03460	0.01922	0.81421	0.02691	0.00513	0.00513	0.00769	0.00320	0.00320
37	0.02010	0.01481	0.01587	0.01216	0.01639	0.01639	0.01005	0.76360	0.02486	0.03332	0.01269	0.01269	0.00899	0.00635	0.00529	0.00159	0.00582	0.00476	0.00529	0.00899
