[name]
unknown

[dist]
# distance from previous block
# <min> <max>
0	88

[block]
# block no. 0 follows, 44 sequences, length 17
# corresponding to MSA columns:
# 137-153
name=unknown_A
#
# <colnr> <probs for GDERKNQSTAVLIFYWHMCP>
#	G	D	E	R	K	N	Q	S	T	A	V	L	I	F	Y	W	H	M	C	P
0	0.00769	0.00637	0.03375	0.00760	0.00908	0.00543	0.00613	0.00999	0.01371	0.01865	0.41284	0.13804	0.15690	0.01277	0.00665	0.00194	0.00329	0.13868	0.00544	0.00505
1	0.00859	0.00630	0.00917	0.04564	0.01127	0.00705	0.00767	0.01022	0.00983	0.01347	0.01817	0.03365	0.01857	0.06720	0.34918	0.09130	0.04603	0.23849	0.00350	0.00468
2	0.13687	0.01169	0.01964	0.06098	0.02013	0.01169	0.29320	0.04892	0.01338	0.21062	0.06541	0.01640	0.01214	0.00604	0.00625	0.00179	0.04762	0.00568	0.00415	0.00740
3	0.01324	0.01270	0.04913	0.07910	0.50716	0.01214	0.09280	0.01681	0.02627	0.05688	0.01255	0.04848	0.01077	0.00589	0.00565	0.00172	0.00655	0.03099	0.00311	0.00804
4	0.00845	0.00848	0.08111	0.01000	0.01191	0.00730	0.07815	0.01054	0.00996	0.01388	0.05302	0.10864	0.06429	0.08931	0.36671	0.05276	0.00964	0.00742	0.00336	0.00508
5	0.01089	0.01010	0.01716	0.18380	0.36216	0.01046	0.05900	0.01366	0.01158	0.01590	0.01568	0.23360	0.01595	0.00836	0.00591	0.00184	0.00589	0.00791	0.00330	0.00685
6	0.06354	0.01187	0.06084	0.02004	0.31171	0.01113	0.05330	0.01771	0.04270	0.15391	0.04986	0.05708	0.01416	0.00711	0.00638	0.00180	0.05516	0.05003	0.00395	0.00773
7	0.01324	0.08873	0.40410	0.01715	0.10753	0.05886	0.10284	0.03768	0.01256	0.06232	0.01120	0.03953	0.00874	0.00560	0.00528	0.00167	0.00750	0.00479	0.00288	0.00783
8	0.01325	0.01263	0.02108	0.09064	0.67052	0.01293	0.01611	0.01728	0.05902	0.01782	0.01095	0.01400	0.00903	0.00506	0.00541	0.00165	0.00640	0.00494	0.00285	0.00844
9	0.01397	0.01335	0.05599	0.13557	0.51435	0.01304	0.04043	0.08549	0.01352	0.04598	0.01085	0.01373	0.00859	0.00517	0.00544	0.00166	0.00664	0.00490	0.00304	0.00829
10	0.01468	0.05596	0.23227	0.04327	0.17051	0.01094	0.01318	0.01865	0.04379	0.21408	0.01590	0.11535	0.01311	0.00712	0.00547	0.00174	0.00593	0.00610	0.00403	0.00793
11	0.01285	0.04026	0.13655	0.04359	0.03436	0.02972	0.06114	0.01561	0.01269	0.18359	0.06887	0.21368	0.06009	0.00981	0.00600	0.00187	0.00528	0.05278	0.00456	0.00669
12	0.01278	0.01236	0.02149	0.19497	0.57351	0.01282	0.05999	0.01618	0.01212	0.01696	0.01018	0.01379	0.00832	0.00497	0.00547	0.00167	0.00681	0.00495	0.00264	0.00801
13	0.01378	0.06367	0.07505	0.07953	0.46313	0.01389	0.10451	0.08730	0.01348	0.01874	0.01038	0.01324	0.00834	0.00504	0.00540	0.00164	0.00688	0.00487	0.00290	0.00822
14	0.01626	0.12121	0.28395	0.01523	0.09621	0.01313	0.06059	0.09214	0.01408	0.21579	0.01299	0.01354	0.00912	0.00558	0.00517	0.00163	0.00659	0.00458	0.00384	0.00837
15	0.05240	0.01180	0.08227	0.20575	0.12747	0.01100	0.05707	0.05107	0.05827	0.14172	0.05754	0.04671	0.01409	0.00697	0.00563	0.00180	0.00599	0.05115	0.00400	0.00732
16	0.01140	0.01137	0.02093	0.49504	0.15357	0.01263	0.18596	0.01519	0.01160	0.01537	0.01009	0.01441	0.00772	0.00516	0.00567	0.00179	0.00758	0.00521	0.00254	0.00677

[dist]
# distance from previous block
# <min> <max>
13	28

[block]
# block no. 1 follows, 44 sequences, length 22
# corresponding to MSA columns:
# 185-206
name=unknown_B
#
# <colnr> <probs for GDERKNQSTAVLIFYWHMCP>
#	G	D	E	R	K	N	Q	S	T	A	V	L	I	F	Y	W	H	M	C	P
0	0.01203	0.01043	0.06624	0.00929	0.02904	0.00808	0.00772	0.06193	0.03702	0.07766	0.17545	0.02029	0.04976	0.00653	0.00501	0.00128	0.00419	0.00545	0.00430	0.40828
1	0.01490	0.01041	0.02486	0.01009	0.05120	0.03748	0.00770	0.04274	0.01328	0.20796	0.04577	0.03667	0.04366	0.00595	0.00484	0.00125	0.00453	0.00488	0.00436	0.42747
2	0.01385	0.01205	0.01971	0.02839	0.62001	0.01195	0.01471	0.04235	0.01322	0.07038	0.04469	0.01721	0.05540	0.00582	0.00551	0.00164	0.00596	0.00549	0.00334	0.00832
3	0.01162	0.01382	0.14341	0.07066	0.11823	0.02911	0.22764	0.01527	0.01220	0.04360	0.01589	0.12886	0.01505	0.00797	0.00612	0.00189	0.00689	0.10331	0.00342	0.02503
4	0.01253	0.01515	0.22176	0.01785	0.22296	0.01099	0.04092	0.01806	0.11375	0.08291	0.16740	0.01988	0.01833	0.00671	0.00561	0.00171	0.00577	0.00594	0.00399	0.00778
5	0.01159	0.01042	0.01407	0.01014	0.01500	0.00836	0.10434	0.01479	0.04010	0.01792	0.01034	0.01209	0.00843	0.00424	0.00441	0.00098	0.00472	0.00376	0.00326	0.70103
6	0.01106	0.01038	0.01689	0.49746	0.22602	0.01191	0.01443	0.01512	0.05549	0.01551	0.01366	0.01718	0.06004	0.00598	0.00551	0.00177	0.00658	0.00538	0.00286	0.00678
7	0.01326	0.01137	0.01211	0.01103	0.01400	0.01310	0.00864	0.02786	0.71734	0.02240	0.02261	0.02292	0.01757	0.00788	0.00567	0.00189	0.00436	0.05208	0.00551	0.00840
8	0.00754	0.00662	0.00981	0.00884	0.01069	0.00593	0.11444	0.00933	0.01205	0.01535	0.08916	0.29003	0.37278	0.01334	0.00661	0.00195	0.00382	0.01195	0.00479	0.00499
9	0.01304	0.48217	0.34466	0.01194	0.01803	0.01782	0.01388	0.01672	0.01126	0.01469	0.00851	0.00991	0.00696	0.00488	0.00421	0.00140	0.00677	0.00338	0.00232	0.00744
10	0.01972	0.11969	0.01717	0.01325	0.01651	0.58029	0.01036	0.12938	0.01642	0.01638	0.00901	0.01018	0.00735	0.00564	0.00482	0.00141	0.00878	0.00364	0.00314	0.00684
11	0.01435	0.01196	0.01250	0.01127	0.01408	0.06119	0.00891	0.02587	0.54828	0.08168	0.02097	0.02260	0.01650	0.00802	0.00640	0.00190	0.05121	0.06901	0.00524	0.00807
12	0.01030	0.00969	0.01635	0.79530	0.03755	0.01211	0.01514	0.01393	0.01090	0.01393	0.00969	0.01453	0.00727	0.00545	0.00545	0.00182	0.00727	0.00484	0.00242	0.00606
13	0.01182	0.05422	0.67356	0.01456	0.02202	0.01238	0.01836	0.01753	0.01180	0.06861	0.01212	0.01335	0.03461	0.00557	0.00518	0.00171	0.00756	0.00435	0.00270	0.00798
14	0.01265	0.01001	0.05941	0.01129	0.06772	0.00876	0.02720	0.07122	0.06508	0.12350	0.09113	0.07724	0.03746	0.06610	0.10180	0.00273	0.00599	0.02261	0.00439	0.13373
15	0.01265	0.31281	0.47526	0.01322	0.01983	0.04806	0.01581	0.01711	0.01152	0.01549	0.00893	0.01044	0.00694	0.00501	0.00456	0.00151	0.00732	0.00360	0.00233	0.00760
16	0.01131	0.18047	0.08523	0.03695	0.01283	0.02961	0.00816	0.01380	0.01303	0.07420	0.27730	0.07628	0.05837	0.02598	0.00586	0.00164	0.00451	0.00704	0.00434	0.07309
17	0.01356	0.01171	0.01233	0.01109	0.01418	0.01356	0.00863	0.02897	0.76455	0.02281	0.02219	0.02034	0.01664	0.00740	0.00555	0.00185	0.00431	0.00616	0.00555	0.00863
18	0.00899	0.00635	0.00851	0.03816	0.01128	0.00629	0.00760	0.01169	0.04302	0.04735	0.09223	0.17979	0.10283	0.01395	0.00700	0.00224	0.00432	0.39804	0.00511	0.00525
19	0.00751	0.00556	0.00700	0.00664	0.00802	0.00506	0.00498	0.00988	0.01494	0.02069	0.65397	0.04265	0.16972	0.01158	0.00643	0.00174	0.00260	0.01013	0.00585	0.00506
20	0.05500	0.03134	0.01566	0.04127	0.07364	0.04461	0.06767	0.18207	0.15658	0.17341	0.01618	0.05817	0.01240	0.00674	0.00541	0.00169	0.00558	0.00568	0.00481	0.04208
21	0.05273	0.04367	0.06165	0.04417	0.01768	0.07936	0.13152	0.03424	0.02282	0.12911	0.01177	0.01364	0.00901	0.00536	0.00550	0.00143	0.04034	0.01494	0.00359	0.27747

[dist]
# distance from previous block
# <min> <max>
0	5

[block]
# block no. 2 follows, 44 sequences, length 20
# corresponding to MSA columns:
# 212-231
name=unknown_C
#
# <colnr> <probs for GDERKNQSTAVLIFYWHMCP>
#	G	D	E	R	K	N	Q	S	T	A	V	L	I	F	Y	W	H	M	C	P
0	0.01488	0.77052	0.02788	0.00958	0.01414	0.06164	0.00939	0.01661	0.01131	0.01285	0.00762	0.00880	0.00700	0.00471	0.00357	0.00118	0.00604	0.00295	0.00236	0.00696
1	0.01227	0.19761	0.36231	0.05112	0.01890	0.01321	0.01376	0.01675	0.03862	0.05781	0.03802	0.05019	0.01071	0.00590	0.00486	0.00154	0.00637	0.00464	0.00303	0.09237
2	0.01114	0.07244	0.73772	0.01519	0.02305	0.01316	0.01953	0.01721	0.01149	0.01701	0.00966	0.01135	0.00691	0.00515	0.00508	0.00169	0.00793	0.00397	0.00230	0.00800
3	0.00700	0.00554	0.00630	0.00611	0.00771	0.00484	0.00458	0.00891	0.01375	0.01786	0.37011	0.04730	0.45534	0.01264	0.00644	0.00179	0.00268	0.01078	0.00548	0.00484
4	0.01155	0.06347	0.12108	0.01062	0.03479	0.00877	0.03497	0.01485	0.05465	0.12840	0.11716	0.18414	0.04642	0.03231	0.08802	0.00264	0.00584	0.02943	0.00447	0.00642
5	0.17300	0.01089	0.01539	0.10071	0.01837	0.03193	0.12701	0.02160	0.01346	0.40984	0.01556	0.01545	0.01037	0.00592	0.00522	0.00172	0.00573	0.00504	0.00489	0.00790
6	0.01458	0.81168	0.02857	0.00933	0.01399	0.02157	0.00933	0.01632	0.01108	0.01283	0.00758	0.00875	0.00700	0.00466	0.00350	0.00117	0.00583	0.00292	0.00233	0.00700
7	0.01128	0.09312	0.68422	0.01497	0.02239	0.01358	0.01888	0.01701	0.01134	0.01671	0.00949	0.01130	0.00692	0.00532	0.00559	0.00171	0.04203	0.00397	0.00231	0.00788
8	0.01447	0.08546	0.10374	0.15627	0.05953	0.02511	0.07048	0.01751	0.01258	0.20104	0.01694	0.02172	0.05168	0.00732	0.00626	0.00181	0.04815	0.08879	0.00393	0.00720
9	0.03509	0.53973	0.17528	0.01122	0.01641	0.04203	0.03743	0.01742	0.05386	0.01474	0.00899	0.01019	0.00754	0.00496	0.00409	0.00136	0.00638	0.00346	0.00256	0.00726
10	0.01458	0.81168	0.02857	0.00933	0.01399	0.02157	0.00933	0.01632	0.01108	0.01283	0.00758	0.00875	0.00700	0.00466	0.00350	0.00117	0.00583	0.00292	0.00233	0.00700
11	0.01093	0.02820	0.78016	0.01554	0.02360	0.01266	0.02014	0.01727	0.01151	0.01727	0.00978	0.01151	0.00691	0.00518	0.00518	0.00173	0.00806	0.00403	0.00230	0.00806
12	0.00793	0.00529	0.00595	0.00595	0.00595	0.00529	0.00330	0.00793	0.00793	0.01057	0.01718	0.03568	0.01982	0.80840	0.02775	0.00529	0.00529	0.00793	0.00330	0.00330
13	0.02270	0.01134	0.05405	0.01102	0.01552	0.00974	0.04421	0.12495	0.01663	0.60141	0.01926	0.01726	0.01233	0.00654	0.00551	0.00169	0.00522	0.00537	0.00615	0.00912
14	0.01449	0.03591	0.04200	0.11067	0.08592	0.01101	0.03722	0.14927	0.01451	0.10129	0.01256	0.01556	0.00991	0.00566	0.00503	0.00141	0.00551	0.04089	0.00387	0.29732
15	0.00769	0.00630	0.00806	0.00781	0.00896	0.00683	0.00599	0.00917	0.01014	0.01338	0.03047	0.03411	0.32039	0.08704	0.33106	0.00502	0.09088	0.00819	0.00376	0.00475
16	0.00824	0.00768	0.08674	0.00695	0.00779	0.00606	0.00506	0.00890	0.00830	0.01127	0.01641	0.03315	0.01847	0.72458	0.02539	0.00491	0.00557	0.00752	0.00320	0.00380
17	0.18460	0.04150	0.01442	0.01110	0.01494	0.09972	0.04087	0.25589	0.01689	0.20288	0.01326	0.01354	0.00946	0.00791	0.04753	0.00201	0.00635	0.00454	0.00468	0.00787
18	0.25305	0.10162	0.01444	0.05376	0.01535	0.35263	0.00913	0.01861	0.01251	0.04504	0.00886	0.01043	0.00716	0.00562	0.00502	0.00154	0.04835	0.00355	0.02704	0.00631
19	0.01189	0.05589	0.41222	0.01574	0.10400	0.01185	0.05403	0.01741	0.06756	0.05587	0.08361	0.04343	0.01356	0.00633	0.00539	0.00171	0.00660	0.00539	0.01985	0.00768

[dist]
# distance from previous block
# <min> <max>
0	11

[block]
# block no. 3 follows, 44 sequences, length 73
# corresponding to MSA columns:
# 243-315
name=unknown_D
#
# <colnr> <probs for GDERKNQSTAVLIFYWHMCP>
#	G	D	E	R	K	N	Q	S	T	A	V	L	I	F	Y	W	H	M	C	P
0	0.01463	0.01096	0.01501	0.15429	0.14008	0.01172	0.03133	0.03467	0.28787	0.15183	0.02733	0.01830	0.03137	0.00651	0.00549	0.00173	0.00534	0.00565	0.00457	0.04132
1	0.01130	0.00969	0.01130	0.00807	0.01292	0.00727	0.00646	0.01373	0.01130	0.01776	0.00969	0.01130	0.00807	0.00404	0.00404	0.00081	0.00404	0.00323	0.00323	0.84173
2	0.01324	0.01270	0.02168	0.09303	0.71678	0.01289	0.01661	0.01651	0.01230	0.01751	0.01021	0.01357	0.00853	0.00490	0.00540	0.00163	0.00654	0.00486	0.00268	0.00843
3	0.00719	0.00583	0.00645	0.00661	0.00811	0.00532	0.00483	0.00970	0.07109	0.01596	0.12681	0.22956	0.45538	0.01379	0.00650	0.00192	0.00296	0.01186	0.00521	0.00494
4	0.00787	0.00570	0.00769	0.00884	0.00983	0.00551	0.00715	0.00976	0.01183	0.01537	0.03142	0.31219	0.09340	0.01564	0.00725	0.00236	0.00421	0.43418	0.00504	0.00479
5	0.00684	0.00541	0.00595	0.00600	0.00751	0.00467	0.00441	0.00811	0.01233	0.01533	0.15293	0.11487	0.55323	0.01405	0.00747	0.05726	0.00290	0.01118	0.00502	0.00452
6	0.01356	0.01171	0.01233	0.01109	0.01418	0.01356	0.00863	0.02897	0.76455	0.02281	0.02219	0.02034	0.01664	0.00740	0.00555	0.00185	0.00431	0.00616	0.00555	0.00863
7	0.01356	0.01171	0.01233	0.01109	0.01418	0.01356	0.00863	0.02897	0.76455	0.02281	0.02219	0.02034	0.01664	0.00740	0.00555	0.00185	0.00431	0.00616	0.00555	0.00863
8	0.01055	0.00995	0.01680	0.73573	0.09516	0.01218	0.01526	0.01415	0.01102	0.01423	0.00973	0.01445	0.00737	0.00540	0.00545	0.00180	0.00721	0.00485	0.00244	0.00626
9	0.01091	0.01033	0.05087	0.00826	0.01304	0.00734	0.00699	0.01345	0.01140	0.01750	0.01326	0.01453	0.06776	0.00486	0.00429	0.00094	0.00415	0.00392	0.00332	0.73288
10	0.00974	0.00835	0.01273	0.42759	0.04405	0.01001	0.01066	0.01196	0.00980	0.01314	0.01225	0.02135	0.01161	0.26472	0.01355	0.00295	0.06828	0.00584	0.03622	0.00519
11	0.01233	0.00966	0.01141	0.00820	0.01300	0.00733	0.00658	0.01473	0.01164	0.07722	0.01061	0.01187	0.00850	0.00425	0.00415	0.00088	0.00408	0.00341	0.00351	0.77664
12	0.02017	0.01474	0.01577	0.01216	0.01636	0.01629	0.01002	0.71752	0.02489	0.03363	0.01333	0.01347	0.00952	0.00653	0.00537	0.00162	0.00582	0.00492	0.04882	0.00905
13	0.26670	0.03424	0.01581	0.05221	0.14414	0.01193	0.08805	0.07103	0.01323	0.23310	0.01278	0.01353	0.00907	0.00556	0.00488	0.00168	0.00556	0.00457	0.00421	0.00774
14	0.01407	0.16792	0.37496	0.01440	0.04095	0.17077	0.01508	0.04964	0.01262	0.01610	0.00906	0.01083	0.00712	0.00557	0.00583	0.00160	0.06967	0.00384	0.00256	0.00742
15	0.00863	0.00541	0.00718	0.00779	0.00872	0.00499	0.00557	0.00999	0.01172	0.08913	0.11275	0.56349	0.06488	0.01515	0.00677	0.00211	0.00335	0.06202	0.00533	0.00502
16	0.00786	0.00555	0.00728	0.00728	0.00774	0.00601	0.00496	0.00878	0.00832	0.01156	0.01596	0.02893	0.01689	0.44531	0.38683	0.00693	0.00969	0.00694	0.00312	0.00404
17	0.01103	0.03573	0.01508	0.05444	0.04764	0.01210	0.05103	0.01286	0.00981	0.01442	0.01119	0.05727	0.01106	0.07216	0.05019	0.00248	0.33130	0.02916	0.00291	0.16814
18	0.00796	0.00532	0.00604	0.00608	0.00612	0.00532	0.00349	0.00804	0.00808	0.01076	0.01757	0.03653	0.02020	0.78206	0.02708	0.00519	0.00528	0.03216	0.00336	0.00336
19	0.00701	0.00553	0.00613	0.00598	0.00761	0.00481	0.00448	0.00885	0.01345	0.01742	0.30596	0.04731	0.49449	0.01263	0.00635	0.00178	0.00269	0.01072	0.03200	0.00481
20	0.08313	0.01281	0.01930	0.11345	0.12505	0.03466	0.17823	0.15535	0.01511	0.16754	0.01271	0.01428	0.00914	0.00572	0.00584	0.00173	0.02886	0.00515	0.00402	0.00791
21	0.01515	0.50558	0.16966	0.01125	0.01632	0.10801	0.01156	0.05850	0.01259	0.03487	0.00877	0.00990	0.00728	0.00503	0.00414	0.00134	0.00670	0.00337	0.00267	0.00731
22	0.00664	0.00474	0.00633	0.00759	0.00791	0.00443	0.00506	0.00759	0.01044	0.01392	0.03005	0.80485	0.03606	0.01708	0.00696	0.00221	0.00316	0.01550	0.00506	0.00443
23	0.00866	0.00680	0.01059	0.01069	0.01222	0.00660	0.08636	0.01100	0.01212	0.01585	0.02829	0.21718	0.05948	0.01435	0.00725	0.00235	0.00497	0.47533	0.00479	0.00512
24	0.09411	0.17214	0.10760	0.08480	0.03677	0.06182	0.11895	0.06486	0.07400	0.01792	0.01283	0.05045	0.01123	0.00658	0.00518	0.00170	0.00652	0.06221	0.00333	0.00699
25	0.00755	0.00533	0.00698	0.00773	0.00836	0.00513	0.00561	0.00895	0.01129	0.01517	0.15051	0.36701	0.03457	0.16038	0.01080	0.00276	0.00388	0.17864	0.00489	0.00448
26	0.00702	0.00535	0.00607	0.00625	0.00734	0.00482	0.00435	0.00823	0.01158	0.01482	0.15231	0.18301	0.35839	0.18281	0.01108	0.00263	0.00337	0.02135	0.00483	0.00438
27	0.01130	0.00969	0.01130	0.00807	0.01292	0.00727	0.00646	0.01373	0.01130	0.01776	0.00969	0.01130	0.00807	0.00404	0.00404	0.00081	0.00404	0.00323	0.00323	0.84173
28	0.10719	0.02290	0.03189	0.01380	0.01704	0.59278	0.05995	0.04528	0.01488	0.03352	0.00900	0.01040	0.00721	0.00554	0.00489	0.00148	0.00891	0.00375	0.00303	0.00655
29	0.01885	0.01178	0.01356	0.01099	0.01454	0.01234	0.00892	0.42986	0.02026	0.20741	0.01849	0.13651	0.01550	0.00864	0.00580	0.00178	0.00520	0.04560	0.00568	0.00832
30	0.00956	0.00699	0.00858	0.00799	0.00869	0.00778	0.00558	0.08791	0.01004	0.01380	0.01533	0.02794	0.01620	0.47305	0.21096	0.00553	0.06934	0.00685	0.00337	0.00453
31	0.00780	0.00555	0.00744	0.00749	0.00802	0.00605	0.00522	0.00886	0.00848	0.01181	0.01641	0.06280	0.01731	0.37142	0.42380	0.00697	0.01006	0.00718	0.00318	0.00417
32	0.00788	0.00578	0.00867	0.00867	0.00959	0.00670	0.00670	0.00959	0.00867	0.01248	0.01432	0.02115	0.01340	0.03967	0.74428	0.05501	0.01405	0.00578	0.00289	0.00473
33	0.01206	0.05181	0.05602	0.07814	0.25714	0.01045	0.01125	0.01501	0.01162	0.01721	0.00977	0.01213	0.00807	0.00450	0.00461	0.00121	0.00536	0.00390	0.00290	0.42681
34	0.01030	0.00969	0.01635	0.79530	0.03755	0.01211	0.01514	0.01393	0.01090	0.01393	0.00969	0.01453	0.00727	0.00545	0.00545	0.00182	0.00727	0.00484	0.00242	0.00606
35	0.30504	0.04728	0.01617	0.19475	0.30642	0.01290	0.01224	0.01583	0.01091	0.01904	0.00907	0.01189	0.00730	0.00505	0.00461	0.00167	0.00583	0.00410	0.00286	0.00702
36	0.01470	0.07811	0.03767	0.08664	0.05681	0.01496	0.01065	0.18236	0.36057	0.02260	0.01587	0.01610	0.01204	0.00675	0.00616	0.00176	0.05825	0.00528	0.00452	0.00820
37	0.00880	0.00628	0.00835	0.00802	0.00855	0.00710	0.00572	0.00977	0.00856	0.03658	0.01530	0.02703	0.01588	0.39364	0.33388	0.00630	0.08598	0.00670	0.00317	0.00439
38	0.05194	0.26064	0.11847	0.01165	0.01647	0.05115	0.03201	0.24813	0.05874	0.02173	0.01072	0.01154	0.00832	0.00548	0.00463	0.00145	0.00615	0.00402	0.00363	0.07314
39	0.00691	0.00528	0.00635	0.00663	0.00779	0.00472	0.00476	0.00852	0.01271	0.01671	0.27294	0.29950	0.29935	0.01406	0.00661	0.00193	0.00284	0.01232	0.00536	0.00472
40	0.01315	0.01240	0.02075	0.02949	0.63752	0.01237	0.04469	0.04801	0.01314	0.01853	0.04697	0.01678	0.05032	0.00567	0.00554	0.00164	0.00620	0.00549	0.00309	0.00825
41	0.03758	0.26520	0.28853	0.07538	0.05471	0.01547	0.07999	0.05558	0.01236	0.05326	0.00990	0.01161	0.00757	0.00512	0.00478	0.00156	0.00695	0.00408	0.00279	0.00760
42	0.00668	0.00557	0.00587	0.00603	0.00776	0.00476	0.00462	0.00815	0.01237	0.01486	0.05185	0.07777	0.67642	0.01403	0.00657	0.00192	0.00299	0.08208	0.00506	0.00464
43	0.01030	0.00661	0.01965	0.00743	0.04102	0.00649	0.00538	0.01435	0.09511	0.02069	0.14007	0.02320	0.02000	0.00716	0.00452	0.00143	0.00300	0.00595	0.56195	0.00568
44	0.01312	0.01492	0.10728	0.10541	0.21417	0.01316	0.34096	0.03497	0.04291	0.04205	0.01139	0.01435	0.00863	0.00504	0.00585	0.00176	0.00777	0.00553	0.00296	0.00777
45	0.00887	0.00744	0.04370	0.00919	0.03947	0.00703	0.04465	0.00956	0.00855	0.01176	0.01471	0.02799	0.01587	0.49646	0.10726	0.08880	0.04467	0.00685	0.00303	0.00415
46	0.08964	0.00940	0.01213	0.00942	0.01348	0.00849	0.00777	0.04428	0.01522	0.67395	0.02006	0.01770	0.01279	0.00659	0.00526	0.00167	0.00457	0.00525	0.03345	0.00887
47	0.20292	0.03241	0.05066	0.07522	0.02899	0.03811	0.03017	0.18514	0.07712	0.14994	0.01307	0.01369	0.00943	0.00613	0.00544	0.00170	0.03985	0.00457	0.02776	0.00767
48	0.01844	0.02604	0.15696	0.01484	0.03841	0.62275	0.01248	0.02080	0.01464	0.01419	0.00873	0.01024	0.00704	0.00552	0.00498	0.00147	0.00941	0.00364	0.00271	0.00670
49	0.03242	0.01221	0.02061	0.22270	0.52367	0.01286	0.04533	0.03413	0.01230	0.01739	0.01015	0.01368	0.00823	0.00504	0.00541	0.00168	0.00672	0.00487	0.00272	0.00789
50	0.15668	0.11566	0.18911	0.03381	0.21522	0.04387	0.02526	0.01751	0.01189	0.09230	0.01119	0.02597	0.00898	0.00563	0.00485	0.00164	0.00629	0.02339	0.00317	0.00757
51	0.00793	0.00529	0.00595	0.00595	0.00595	0.00529	0.00330	0.00793	0.00793	0.01057	0.01718	0.03568	0.01982	0.80840	0.02775	0.00529	0.00529	0.00793	0.00330	0.00330
52	0.01443	0.01214	0.01282	0.01127	0.01451	0.01397	0.00884	0.11729	0.67481	0.02421	0.02108	0.01946	0.01575	0.00729	0.00554	0.00182	0.00452	0.00601	0.00554	0.00871
53	0.01193	0.01193	0.01670	0.01431	0.01431	0.01670	0.01193	0.01312	0.00835	0.01312	0.00716	0.01193	0.00716	0.00954	0.01789	0.00239	0.79843	0.00477	0.00239	0.00596
54	0.00695	0.00498	0.00660	0.00738	0.00797	0.00463	0.00508	0.00836	0.01186	0.01618	0.24105	0.58740	0.04044	0.01539	0.00681	0.00207	0.00299	0.01389	0.00533	0.00463
55	0.06284	0.00592	0.00656	0.00676	0.00824	0.00557	0.00520	0.00954	0.01194	0.01622	0.11383	0.07932	0.35513	0.09629	0.00857	0.00230	0.00355	0.15095	0.04656	0.00471
56	0.00747	0.00556	0.00695	0.00660	0.00800	0.00504	0.00495	0.00982	0.01486	0.02050	0.63432	0.04297	0.18949	0.01166	0.00643	0.00174	0.00261	0.01017	0.00582	0.00504
57	0.00683	0.00491	0.00647	0.00741	0.00794	0.00456	0.00505	0.00807	0.01136	0.01533	0.16056	0.65259	0.05675	0.01596	0.00685	0.00212	0.00305	0.01441	0.00523	0.00456
58	0.22866	0.01408	0.01426	0.01119	0.01531	0.01573	0.00924	0.56993	0.02152	0.03187	0.01171	0.01202	0.00842	0.00617	0.00493	0.00165	0.00555	0.00442	0.00493	0.00842
59	0.01093	0.02820	0.78016	0.01554	0.02360	0.01266	0.02014	0.01727	0.01151	0.01727	0.00978	0.01151	0.00691	0.00518	0.00518	0.00173	0.00806	0.00403	0.00230	0.00806
60	0.01278	0.01228	0.02059	0.16546	0.57120	0.01317	0.01599	0.01589	0.01175	0.01667	0.00985	0.01352	0.00825	0.00542	0.00662	0.00173	0.08344	0.00485	0.00262	0.00792
61	0.08253	0.09147	0.10395	0.01127	0.01545	0.01378	0.01023	0.31292	0.01734	0.15429	0.01402	0.05808	0.01089	0.00846	0.04304	0.00201	0.03242	0.00520	0.00460	0.00805
62	0.01379	0.01352	0.02184	0.03262	0.74161	0.04643	0.01646	0.01695	0.01255	0.01762	0.01018	0.01333	0.00857	0.00489	0.00538	0.00161	0.00662	0.00480	0.00270	0.00854
63	0.01140	0.01056	0.07403	0.01598	0.21091	0.00895	0.07093	0.02560	0.02648	0.08267	0.25968	0.02833	0.13467	0.00840	0.00596	0.00172	0.00484	0.00756	0.00450	0.00685
64	0.00961	0.00519	0.00558	0.00548	0.00676	0.00510	0.00411	0.01216	0.01234	0.02067	0.18790	0.02493	0.02243	0.00743	0.00440	0.00137	0.00255	0.00616	0.65074	0.00510
65	0.02069	0.02468	0.01523	0.01371	0.01662	0.72565	0.01034	0.02214	0.01546	0.07314	0.00945	0.01051	0.00753	0.00571	0.00496	0.00143	0.00943	0.00367	0.00312	0.00655
66	0.63983	0.01151	0.01067	0.00888	0.01254	0.01298	0.03915	0.14610	0.01250	0.04995	0.00915	0.01016	0.00684	0.00535	0.00394	0.00168	0.00476	0.00353	0.00382	0.00666
67	0.00787	0.00563	0.00772	0.00889	0.00977	0.00548	0.00710	0.00976	0.01187	0.01567	0.07058	0.35630	0.03435	0.01565	0.00724	0.00235	0.00414	0.40974	0.00509	0.00479
68	0.00749	0.00579	0.00692	0.00736	0.00848	0.00554	0.00523	0.01031	0.09112	0.01627	0.14964	0.42825	0.20851	0.01438	0.00661	0.00201	0.00310	0.01271	0.00526	0.00502
69	0.00718	0.00546	0.00660	0.00650	0.00786	0.00489	0.00481	0.00918	0.01389	0.01864	0.45400	0.12958	0.28623	0.01268	0.00649	0.00181	0.00270	0.01103	0.00559	0.00489
70	0.01957	0.01375	0.01508	0.01170	0.01572	0.01494	0.00961	0.61882	0.02375	0.08932	0.09724	0.01655	0.01423	0.00707	0.00556	0.00165	0.00552	0.00550	0.00561	0.00882
71	0.01136	0.01114	0.01621	0.31866	0.05337	0.03613	0.01294	0.01367	0.01011	0.01413	0.05180	0.01458	0.00977	0.00774	0.01153	0.00207	0.39104	0.00506	0.00263	0.00607
72	0.00667	0.00479	0.00633	0.00751	0.00790	0.00445	0.00504	0.00767	0.01063	0.01416	0.05121	0.76226	0.05754	0.01682	0.00693	0.00219	0.00314	0.01523	0.00509	0.00445

[dist]
# distance from previous block
# <min> <max>
0	111

[block]
# block no. 4 follows, 44 sequences, length 55
# corresponding to MSA columns:
# 427-481
name=unknown_E
#
# <colnr> <probs for GDERKNQSTAVLIFYWHMCP>
#	G	D	E	R	K	N	Q	S	T	A	V	L	I	F	Y	W	H	M	C	P
0	0.01121	0.02143	0.01113	0.04101	0.03052	0.00759	0.00708	0.01400	0.04333	0.05210	0.01487	0.13952	0.01409	0.00693	0.00484	0.00126	0.00416	0.03422	0.02056	0.52017
1	0.05642	0.07301	0.12126	0.01215	0.05675	0.04311	0.01048	0.04154	0.01255	0.20559	0.01596	0.01668	0.07004	0.00700	0.00727	0.00170	0.14574	0.00502	0.03668	0.06104
2	0.84691	0.01054	0.00801	0.00717	0.01054	0.01223	0.00590	0.01603	0.00928	0.02446	0.00759	0.00886	0.00590	0.00506	0.00337	0.00169	0.00422	0.00295	0.00337	0.00590
3	0.01130	0.00969	0.01130	0.00807	0.01292	0.00727	0.00646	0.01373	0.01130	0.01776	0.00969	0.01130	0.00807	0.00404	0.00404	0.00081	0.00404	0.00323	0.00323	0.84173
4	0.01356	0.01171	0.01233	0.01109	0.01418	0.01356	0.00863	0.02897	0.76455	0.02281	0.02219	0.02034	0.01664	0.00740	0.00555	0.00185	0.00431	0.00616	0.00555	0.00863
5	0.02273	0.00914	0.01231	0.00965	0.01358	0.00807	0.00797	0.04855	0.01578	0.67921	0.06196	0.02150	0.01621	0.00735	0.00562	0.00172	0.00459	0.03860	0.00659	0.00886
6	0.00788	0.00534	0.00633	0.00655	0.00672	0.00535	0.00406	0.00825	0.00857	0.01143	0.01919	0.10711	0.02198	0.63960	0.05611	0.00493	0.00546	0.06796	0.00359	0.00361
7	0.00793	0.00529	0.00595	0.00595	0.00595	0.00529	0.00330	0.00793	0.00793	0.01057	0.01718	0.03568	0.01982	0.80840	0.02775	0.00529	0.00529	0.00793	0.00330	0.00330
8	0.01332	0.01288	0.02229	0.06805	0.70891	0.01295	0.04792	0.01663	0.01236	0.01762	0.01026	0.01359	0.00856	0.00487	0.00544	0.00164	0.00663	0.00492	0.00269	0.00846
9	0.00739	0.00551	0.00687	0.00663	0.00797	0.00499	0.00493	0.00961	0.01450	0.01990	0.57783	0.09153	0.19810	0.01207	0.00647	0.00177	0.00265	0.01055	0.00575	0.00499
10	0.01917	0.01495	0.01537	0.01232	0.01623	0.06529	0.01011	0.59182	0.08131	0.03064	0.01478	0.01738	0.01150	0.00724	0.00560	0.00171	0.00604	0.06459	0.00526	0.00869
11	0.02043	0.02415	0.01561	0.01379	0.01686	0.65446	0.01050	0.14779	0.01720	0.01695	0.00923	0.01039	0.00741	0.00578	0.00501	0.00144	0.00917	0.00375	0.00326	0.00683
12	0.00784	0.00583	0.00722	0.00686	0.00819	0.00552	0.00507	0.01061	0.04868	0.01978	0.55942	0.04037	0.14133	0.07710	0.03045	0.00223	0.00324	0.00963	0.00555	0.00507
13	0.00996	0.00937	0.03963	0.05142	0.21886	0.00877	0.03803	0.01379	0.07651	0.01870	0.26872	0.06397	0.14185	0.00908	0.00601	0.00175	0.00449	0.00813	0.00447	0.00650
14	0.00947	0.00774	0.00923	0.00872	0.01067	0.00767	0.00646	0.01406	0.18015	0.01702	0.05169	0.38015	0.03869	0.01149	0.00648	0.00181	0.03931	0.01001	0.00469	0.18450
15	0.10722	0.01300	0.01389	0.01150	0.01487	0.07637	0.03307	0.21097	0.15546	0.11316	0.01511	0.01750	0.01182	0.00709	0.00630	0.00174	0.07009	0.05471	0.00467	0.06148
16	0.01625	0.11393	0.17013	0.01754	0.18276	0.05093	0.07358	0.07235	0.05071	0.17982	0.01299	0.01382	0.00946	0.00556	0.00521	0.00162	0.00656	0.00472	0.00378	0.00828
17	0.01575	0.27705	0.03780	0.03592	0.25247	0.04923	0.02532	0.16164	0.02567	0.04364	0.01033	0.01194	0.00833	0.00534	0.00496	0.00149	0.01760	0.00422	0.00328	0.00801
18	0.00661	0.00550	0.00578	0.00578	0.00749	0.00466	0.00431	0.00813	0.01273	0.01561	0.14579	0.08284	0.64880	0.01361	0.00646	0.00184	0.00275	0.01146	0.00518	0.00466
19	0.04261	0.01084	0.02847	0.05128	0.21388	0.01002	0.04765	0.03337	0.03695	0.12584	0.05288	0.01737	0.04673	0.02226	0.00587	0.00156	0.02211	0.00519	0.00385	0.22128
20	0.20190	0.11357	0.13434	0.01333	0.04614	0.31128	0.04266	0.01843	0.01244	0.01671	0.00848	0.01018	0.00687	0.00539	0.00504	0.00155	0.03858	0.00362	0.00278	0.00669
21	0.01268	0.01153	0.01578	0.16359	0.05659	0.05201	0.01188	0.01463	0.01050	0.07003	0.07115	0.01523	0.01131	0.00826	0.01241	0.00208	0.44580	0.00519	0.00304	0.00631
22	0.69922	0.01032	0.00885	0.00762	0.01115	0.01147	0.00628	0.01792	0.01041	0.15981	0.01009	0.01060	0.00727	0.00536	0.00375	0.00169	0.00429	0.00341	0.00398	0.00651
23	0.01446	0.04554	0.04836	0.32661	0.10242	0.08312	0.04201	0.06982	0.09585	0.10006	0.01250	0.01462	0.00924	0.00576	0.00536	0.00171	0.00677	0.00489	0.00351	0.00737
24	0.01397	0.01010	0.01481	0.27862	0.13371	0.01049	0.01137	0.08331	0.01388	0.14985	0.10591	0.01776	0.01427	0.00621	0.00539	0.00161	0.00559	0.00537	0.00403	0.11376
25	0.01436	0.01211	0.01278	0.01126	0.01448	0.01394	0.00882	0.11058	0.68163	0.02410	0.02117	0.01953	0.01581	0.00730	0.00554	0.00183	0.00450	0.00602	0.00554	0.00870
26	0.05239	0.13255	0.07162	0.04876	0.01773	0.25448	0.04101	0.18725	0.01594	0.06464	0.01035	0.01154	0.00795	0.00578	0.00540	0.00154	0.03826	0.00410	0.00354	0.02518
27	0.01193	0.01193	0.01670	0.01431	0.01431	0.01670	0.01193	0.01312	0.00835	0.01312	0.00716	0.01193	0.00716	0.00954	0.01789	0.00239	0.79843	0.00477	0.00239	0.00596
28	0.01109	0.01179	0.02004	0.05129	0.01989	0.07315	0.36764	0.01432	0.01326	0.01712	0.15310	0.06076	0.14585	0.00799	0.00629	0.00180	0.00663	0.00799	0.00381	0.00622
29	0.01130	0.00969	0.01130	0.00807	0.01292	0.00727	0.00646	0.01373	0.01130	0.01776	0.00969	0.01130	0.00807	0.00404	0.00404	0.00081	0.00404	0.00323	0.00323	0.84173
30	0.01093	0.02820	0.78016	0.01554	0.02360	0.01266	0.02014	0.01727	0.01151	0.01727	0.00978	0.01151	0.00691	0.00518	0.00518	0.00173	0.00806	0.00403	0.00230	0.00806
31	0.00671	0.00500	0.00625	0.00706	0.00781	0.00454	0.00487	0.00792	0.01139	0.01491	0.11188	0.55903	0.20127	0.01574	0.00679	0.00208	0.00301	0.01403	0.00516	0.00454
32	0.00901	0.00909	0.00745	0.00727	0.00913	0.14313	0.00541	0.01044	0.01301	0.01488	0.09114	0.09903	0.53664	0.01242	0.00621	0.00178	0.00403	0.01028	0.00472	0.00493
33	0.00670	0.00477	0.00631	0.00752	0.00782	0.00447	0.00498	0.00761	0.01033	0.01377	0.02948	0.77088	0.03534	0.05203	0.00788	0.00235	0.00326	0.01516	0.00498	0.00438
34	0.01887	0.02349	0.01567	0.01409	0.01640	0.65015	0.01078	0.02024	0.01419	0.01330	0.00820	0.01020	0.00705	0.00631	0.00721	0.00158	0.14952	0.00373	0.00273	0.00626
35	0.21945	0.02152	0.01369	0.04749	0.01626	0.56480	0.00962	0.02003	0.01376	0.01605	0.00828	0.00981	0.00676	0.00548	0.00457	0.00149	0.00836	0.00344	0.00293	0.00621
36	0.00793	0.00529	0.00595	0.00595	0.00595	0.00529	0.00330	0.00793	0.00793	0.01057	0.01718	0.03568	0.01982	0.80840	0.02775	0.00529	0.00529	0.00793	0.00330	0.00330
37	0.13700	0.01621	0.04834	0.01222	0.01604	0.16813	0.04313	0.23960	0.19202	0.05360	0.01358	0.01374	0.01007	0.00621	0.00510	0.00166	0.00630	0.00469	0.00444	0.00791
38	0.01356	0.01171	0.01233	0.01109	0.01418	0.01356	0.00863	0.02897	0.76455	0.02281	0.02219	0.02034	0.01664	0.00740	0.00555	0.00185	0.00431	0.00616	0.00555	0.00863
39	0.01030	0.00969	0.01635	0.79530	0.03755	0.01211	0.01514	0.01393	0.01090	0.01393	0.00969	0.01453	0.00727	0.00545	0.00545	0.00182	0.00727	0.00484	0.00242	0.00606
40	0.00673	0.00480	0.00642	0.00769	0.00804	0.00450	0.00521	0.00774	0.01052	0.01401	0.03000	0.77580	0.03587	0.01700	0.00698	0.00223	0.00324	0.04371	0.00506	0.00445
41	0.84691	0.01054	0.00801	0.00717	0.01054	0.01223	0.00590	0.01603	0.00928	0.02446	0.00759	0.00886	0.00590	0.00506	0.00337	0.00169	0.00422	0.00295	0.00337	0.00590
42	0.01166	0.01163	0.01729	0.16043	0.01925	0.01572	0.04399	0.01346	0.00902	0.01346	0.00779	0.01253	0.00722	0.00857	0.01508	0.00226	0.61734	0.00486	0.00241	0.00604
43	0.01030	0.00969	0.01635	0.79530	0.03755	0.01211	0.01514	0.01393	0.01090	0.01393	0.00969	0.01453	0.00727	0.00545	0.00545	0.00182	0.00727	0.00484	0.00242	0.00606
44	0.00944	0.00610	0.00745	0.00686	0.00856	0.00554	0.00514	0.01175	0.03168	0.10506	0.42198	0.04035	0.23015	0.07617	0.00804	0.00204	0.00312	0.00954	0.00561	0.00541
45	0.84691	0.01054	0.00801	0.00717	0.01054	0.01223	0.00590	0.01603	0.00928	0.02446	0.00759	0.00886	0.00590	0.00506	0.00337	0.00169	0.00422	0.00295	0.00337	0.00590
46	0.01030	0.00969	0.01635	0.79530	0.03755	0.01211	0.01514	0.01393	0.01090	0.01393	0.00969	0.01453	0.00727	0.00545	0.00545	0.00182	0.00727	0.00484	0.00242	0.00606
47	0.00844	0.00545	0.00646	0.00660	0.00688	0.00537	0.00411	0.00882	0.00885	0.03807	0.01968	0.11891	0.02230	0.62977	0.02307	0.00460	0.00502	0.07008	0.00375	0.00377
48	0.00678	0.00480	0.00629	0.00742	0.00770	0.00452	0.00488	0.00763	0.01017	0.01356	0.02869	0.72391	0.03435	0.10034	0.00915	0.00254	0.00339	0.01470	0.00488	0.00431
49	0.77904	0.01067	0.00854	0.00749	0.01094	0.01222	0.00617	0.04476	0.01018	0.05812	0.00842	0.00945	0.00637	0.00519	0.00355	0.00168	0.00430	0.00314	0.00360	0.00618
50	0.02072	0.01527	0.01636	0.01254	0.01691	0.01691	0.01036	0.75622	0.02563	0.03436	0.01309	0.01309	0.00927	0.00654	0.00545	0.00164	0.00600	0.00491	0.00545	0.00927
51	0.00732	0.00513	0.00653	0.00737	0.00789	0.00489	0.00511	0.00842	0.01055	0.01416	0.06088	0.46739	0.06475	0.17160	0.01097	0.00279	0.00375	0.10452	0.03165	0.00434
52	0.00791	0.00534	0.00622	0.00622	0.00631	0.00543	0.00364	0.00810	0.00801	0.01077	0.01693	0.03429	0.01922	0.73401	0.10132	0.00562	0.00619	0.00773	0.00327	0.00345
53	0.01134	0.01509	0.22077	0.06213	0.03070	0.00980	0.07055	0.02869	0.01165	0.01747	0.01008	0.01229	0.00797	0.00595	0.03457	0.00153	0.00622	0.00396	0.00291	0.43631
54	0.01368	0.01217	0.01739	0.01439	0.01544	0.01583	0.06124	0.07325	0.01060	0.07600	0.00903	0.01273	0.00790	0.00875	0.01515	0.00223	0.61969	0.00495	0.00300	0.00658

[dist]
# distance from previous block
# <min> <max>
0	1

[block]
# block no. 5 follows, 44 sequences, length 29
# corresponding to MSA columns:
# 483-511
name=unknown_F
#
# <colnr> <probs for GDERKNQSTAVLIFYWHMCP>
#	G	D	E	R	K	N	Q	S	T	A	V	L	I	F	Y	W	H	M	C	P
0	0.01585	0.08685	0.12394	0.01924	0.16338	0.16825	0.19647	0.05706	0.01387	0.08730	0.01097	0.01283	0.00833	0.00523	0.00537	0.00161	0.00778	0.00476	0.00317	0.00773
1	0.01361	0.00962	0.01154	0.00836	0.01309	0.00740	0.00673	0.01597	0.01206	0.15080	0.01176	0.01257	0.00902	0.00451	0.00429	0.00096	0.00414	0.00362	0.00385	0.69609
2	0.01219	0.11527	0.53236	0.01594	0.02301	0.01372	0.14931	0.01753	0.01185	0.04458	0.01018	0.01202	0.00740	0.00507	0.00522	0.00168	0.00788	0.00438	0.00255	0.00785
3	0.00786	0.00526	0.00597	0.00603	0.00604	0.00524	0.00339	0.00791	0.00805	0.01074	0.01782	0.07435	0.02064	0.76861	0.02670	0.00513	0.00518	0.00831	0.00339	0.00336
4	0.01217	0.05665	0.18928	0.12092	0.12269	0.04883	0.27046	0.01634	0.01237	0.01665	0.04203	0.01582	0.03959	0.00554	0.00568	0.00172	0.00768	0.00552	0.00281	0.00724
5	0.84691	0.01054	0.00801	0.00717	0.01054	0.01223	0.00590	0.01603	0.00928	0.02446	0.00759	0.00886	0.00590	0.00506	0.00337	0.00169	0.00422	0.00295	0.00337	0.00590
6	0.01062	0.01013	0.01642	0.64162	0.03298	0.01301	0.01451	0.01377	0.01040	0.01377	0.00919	0.01402	0.00725	0.00626	0.00790	0.00193	0.16295	0.00483	0.00242	0.00604
7	0.01297	0.01478	0.03044	0.07629	0.02868	0.04267	0.67530	0.01738	0.01283	0.01706	0.01084	0.01451	0.00816	0.00469	0.00631	0.00182	0.00908	0.00621	0.00274	0.00722
8	0.00882	0.00578	0.00753	0.00697	0.00843	0.00532	0.00527	0.01136	0.01530	0.06750	0.69868	0.03864	0.04778	0.01070	0.00628	0.00170	0.00270	0.00942	0.03646	0.00539
9	0.00931	0.00594	0.00773	0.00707	0.00868	0.00540	0.00538	0.01178	0.01530	0.09645	0.66118	0.03912	0.08392	0.01084	0.00634	0.00172	0.00279	0.00951	0.00603	0.00553
10	0.01356	0.01171	0.01233	0.01109	0.01418	0.01356	0.00863	0.02897	0.76455	0.02281	0.02219	0.02034	0.01664	0.00740	0.00555	0.00185	0.00431	0.00616	0.00555	0.00863
11	0.00793	0.00529	0.00595	0.00595	0.00595	0.00529	0.00330	0.00793	0.00793	0.01057	0.01718	0.03568	0.01982	0.80840	0.02775	0.00529	0.00529	0.00793	0.00330	0.00330
12	0.01193	0.01193	0.01670	0.01431	0.01431	0.01670	0.01193	0.01312	0.00835	0.01312	0.00716	0.01193	0.00716	0.00954	0.01789	0.00239	0.79843	0.00477	0.00239	0.00596
13	0.02037	0.02598	0.01545	0.01404	0.01685	0.78652	0.01053	0.02177	0.01545	0.01334	0.00843	0.00983	0.00702	0.00562	0.00492	0.00140	0.00983	0.00351	0.00281	0.00632
14	0.01287	0.01471	0.03217	0.02298	0.02849	0.01379	0.75460	0.01746	0.01287	0.01746	0.01103	0.01471	0.00827	0.00460	0.00643	0.00184	0.00919	0.00643	0.00276	0.00735
15	0.01030	0.00969	0.01635	0.79530	0.03755	0.01211	0.01514	0.01393	0.01090	0.01393	0.00969	0.01453	0.00727	0.00545	0.00545	0.00182	0.00727	0.00484	0.00242	0.00606
16	0.01458	0.81168	0.02857	0.00933	0.01399	0.02157	0.00933	0.01632	0.01108	0.01283	0.00758	0.00875	0.00700	0.00466	0.00350	0.00117	0.00583	0.00292	0.00233	0.00700
17	0.00788	0.00547	0.00688	0.00688	0.00721	0.00580	0.00447	0.00853	0.00821	0.01127	0.01632	0.03092	0.01776	0.55256	0.28077	0.00644	0.00839	0.00723	0.00318	0.00382
18	0.00665	0.00543	0.00588	0.00598	0.00755	0.00466	0.00441	0.00814	0.01259	0.01564	0.15405	0.14928	0.57308	0.01386	0.00651	0.00187	0.00279	0.01179	0.00520	0.00466
19	0.00793	0.00529	0.00595	0.00595	0.00595	0.00529	0.00330	0.00793	0.00793	0.01057	0.01718	0.03568	0.01982	0.80840	0.02775	0.00529	0.00529	0.00793	0.00330	0.00330
20	0.00764	0.00557	0.00719	0.00678	0.00810	0.00511	0.00509	0.01015	0.01526	0.02146	0.73112	0.04139	0.09209	0.01130	0.00643	0.00172	0.00258	0.00995	0.00595	0.00511
21	0.01030	0.00969	0.01635	0.79530	0.03755	0.01211	0.01514	0.01393	0.01090	0.01393	0.00969	0.01453	0.00727	0.00545	0.00545	0.00182	0.00727	0.00484	0.00242	0.00606
22	0.01215	0.01253	0.01913	0.03980	0.01740	0.03527	0.14451	0.01400	0.00940	0.01386	0.00823	0.01310	0.00770	0.03013	0.01540	0.00232	0.59130	0.00512	0.00249	0.00615
23	0.01193	0.01193	0.01670	0.01431	0.01431	0.01670	0.01193	0.01312	0.00835	0.01312	0.00716	0.01193	0.00716	0.00954	0.01789	0.00239	0.79843	0.00477	0.00239	0.00596
24	0.01030	0.00969	0.01635	0.79530	0.03755	0.01211	0.01514	0.01393	0.01090	0.01393	0.00969	0.01453	0.00727	0.00545	0.00545	0.00182	0.00727	0.00484	0.00242	0.00606
25	0.00779	0.00584	0.00876	0.00876	0.00974	0.00681	0.00681	0.00974	0.00876	0.01266	0.01460	0.02142	0.01363	0.04089	0.78680	0.00876	0.01460	0.00584	0.00292	0.00487
26	0.00875	0.00823	0.04704	0.00824	0.01058	0.00730	0.03434	0.01367	0.16144	0.01902	0.29331	0.03861	0.30670	0.01085	0.00620	0.00179	0.00351	0.00932	0.00526	0.00586
27	0.00797	0.00533	0.00609	0.00615	0.00621	0.00533	0.00358	0.00810	0.00816	0.01086	0.01776	0.03696	0.02040	0.76891	0.02674	0.00515	0.00527	0.04426	0.00339	0.00339
28	0.01275	0.10605	0.42488	0.03366	0.05263	0.05204	0.04912	0.04469	0.01236	0.05559	0.01261	0.01420	0.04580	0.00687	0.02896	0.00188	0.03084	0.00460	0.00287	0.00758

[dist]
# distance from previous block
# <min> <max>
2	58

[block]
# block no. 6 follows, 44 sequences, length 44
# corresponding to MSA columns:
# 570-613
name=unknown_G
#
# <colnr> <probs for GDERKNQSTAVLIFYWHMCP>
#	G	D	E	R	K	N	Q	S	T	A	V	L	I	F	Y	W	H	M	C	P
0	0.01284	0.01270	0.06693	0.02160	0.38211	0.01213	0.01284	0.06176	0.19729	0.02015	0.08497	0.01969	0.05757	0.00667	0.00558	0.00170	0.00546	0.00596	0.00396	0.00809
1	0.01254	0.01161	0.01826	0.25310	0.42208	0.03247	0.01451	0.01622	0.04604	0.03966	0.01433	0.01712	0.06663	0.00590	0.00549	0.00170	0.00636	0.00540	0.00305	0.00753
2	0.02361	0.00951	0.01292	0.01049	0.03705	0.00843	0.00831	0.02638	0.05118	0.71907	0.02120	0.01849	0.01350	0.00672	0.00548	0.00169	0.00468	0.00550	0.00657	0.00923
3	0.01088	0.03507	0.04231	0.64123	0.10212	0.01256	0.01498	0.01504	0.04502	0.01476	0.01024	0.01443	0.00779	0.00545	0.00538	0.00178	0.00705	0.00482	0.00258	0.00650
4	0.00664	0.00474	0.00633	0.00759	0.00791	0.00443	0.00506	0.00759	0.01044	0.01392	0.03005	0.80485	0.03606	0.01708	0.00696	0.00221	0.00316	0.01550	0.00506	0.00443
5	0.01281	0.01452	0.03115	0.02241	0.02756	0.01398	0.70579	0.01718	0.01257	0.01718	0.01077	0.01452	0.00820	0.00492	0.00719	0.00187	0.06106	0.00632	0.00273	0.00726
6	0.01093	0.02820	0.78016	0.01554	0.02360	0.01266	0.02014	0.01727	0.01151	0.01727	0.00978	0.01151	0.00691	0.00518	0.00518	0.00173	0.00806	0.00403	0.00230	0.00806
7	0.00656	0.00507	0.00599	0.00673	0.00768	0.00450	0.00468	0.00769	0.01127	0.01426	0.04056	0.49083	0.34329	0.01571	0.00674	0.00206	0.00300	0.01383	0.00506	0.00450
8	0.84691	0.01054	0.00801	0.00717	0.01054	0.01223	0.00590	0.01603	0.00928	0.02446	0.00759	0.00886	0.00590	0.00506	0.00337	0.00169	0.00422	0.00295	0.00337	0.00590
9	0.01130	0.00969	0.01130	0.00807	0.01292	0.00727	0.00646	0.01373	0.01130	0.01776	0.00969	0.01130	0.00807	0.00404	0.00404	0.00081	0.00404	0.00323	0.00323	0.84173
10	0.01104	0.01018	0.01670	0.70855	0.08036	0.01242	0.01498	0.05332	0.01177	0.01524	0.00990	0.01440	0.00745	0.00547	0.00545	0.00180	0.00715	0.00485	0.00260	0.00638
11	0.00793	0.00529	0.00595	0.00595	0.00595	0.00529	0.00330	0.00793	0.00793	0.01057	0.01718	0.03568	0.01982	0.80840	0.02775	0.00529	0.00529	0.00793	0.00330	0.00330
12	0.01424	0.01205	0.01271	0.01123	0.01443	0.01388	0.00879	0.09748	0.69494	0.02389	0.02133	0.01966	0.01595	0.00732	0.00554	0.00183	0.00447	0.00605	0.00554	0.00869
13	0.00711	0.00514	0.00682	0.00800	0.00863	0.00485	0.00583	0.00844	0.01105	0.01451	0.03155	0.58548	0.08653	0.01640	0.00705	0.00225	0.00355	0.17718	0.00505	0.00457
14	0.01309	0.01254	0.02140	0.12959	0.68142	0.01285	0.01653	0.01638	0.01222	0.01732	0.01018	0.01362	0.00846	0.00493	0.00540	0.00164	0.00658	0.00486	0.00266	0.00831
15	0.00774	0.00569	0.00755	0.00835	0.00940	0.00525	0.00628	0.00929	0.01114	0.01500	0.02763	0.50898	0.03185	0.01516	0.00683	0.00216	0.00379	0.22295	0.00486	0.09012
16	0.01085	0.01026	0.01736	0.66243	0.16606	0.01226	0.01542	0.01442	0.01116	0.01461	0.00979	0.01435	0.00751	0.00535	0.00544	0.00178	0.00713	0.00485	0.00247	0.00651
17	0.00947	0.00473	0.00710	0.00710	0.00710	0.00473	0.00473	0.00710	0.00710	0.00947	0.00947	0.01657	0.00947	0.01894	0.02131	0.84138	0.00473	0.00473	0.00237	0.00237
