[name]
unknown

[dist]
# distance from previous block
# <min> <max>
0	277

[block]
# block no. 0 follows, 41 sequences, length 24
# corresponding to MSA columns:
# 339-362
name=unknown_A
#
# <colnr> <probs for GDERKNQSTAVLIFYWHMCP>
#	G	D	E	R	K	N	Q	S	T	A	V	L	I	F	Y	W	H	M	C	P
0	0.02754	0.03979	0.13454	0.01254	0.04326	0.01046	0.04583	0.03446	0.07221	0.15771	0.03344	0.16608	0.03489	0.00946	0.00683	0.00193	0.05316	0.05620	0.00462	0.05506
1	0.08564	0.08099	0.07888	0.01080	0.01523	0.01263	0.00958	0.15040	0.12504	0.20618	0.07011	0.01728	0.01434	0.00671	0.00528	0.00165	0.00522	0.00526	0.00513	0.09364
2	0.01480	0.05658	0.10645	0.10004	0.21378	0.01311	0.05725	0.11074	0.04486	0.08634	0.01332	0.03681	0.01058	0.00843	0.05512	0.00219	0.00719	0.00539	0.00372	0.05331
3	0.03884	0.00969	0.10583	0.06015	0.01404	0.00795	0.00924	0.01327	0.01173	0.09118	0.09119	0.16285	0.02212	0.02136	0.25585	0.00436	0.00842	0.06163	0.00424	0.00607
4	0.13879	0.12131	0.06087	0.03059	0.01542	0.01383	0.00965	0.08576	0.06676	0.05800	0.01107	0.01255	0.00880	0.00607	0.00658	0.00157	0.11744	0.00413	0.00366	0.22713
5	0.00842	0.00649	0.03459	0.00800	0.00925	0.00558	0.00629	0.00979	0.01265	0.01708	0.27660	0.15217	0.12741	0.01501	0.01013	0.17105	0.00386	0.11595	0.00496	0.00471
6	0.01687	0.01622	0.15821	0.01662	0.11764	0.03005	0.08247	0.16615	0.09970	0.15182	0.05810	0.01705	0.01319	0.00651	0.00579	0.00177	0.00648	0.00561	0.00462	0.02514
7	0.01427	0.21505	0.16495	0.02168	0.28350	0.01577	0.09521	0.01879	0.05879	0.04319	0.01123	0.01328	0.00894	0.00531	0.00525	0.00164	0.00704	0.00471	0.00300	0.00839
8	0.01492	0.01082	0.06821	0.01138	0.01468	0.00948	0.07277	0.04958	0.14675	0.22108	0.09583	0.21564	0.02347	0.01005	0.00631	0.00196	0.00494	0.00892	0.00557	0.00763
9	0.04779	0.02762	0.16206	0.05726	0.01667	0.00978	0.01071	0.04935	0.01404	0.34373	0.01776	0.06698	0.01320	0.00901	0.03366	0.03535	0.00592	0.00587	0.06525	0.00800
10	0.06561	0.01464	0.21302	0.05984	0.09079	0.01050	0.05819	0.01659	0.02954	0.10658	0.07052	0.06583	0.04163	0.01251	0.11615	0.00290	0.00760	0.00640	0.00385	0.00730
11	0.06393	0.04052	0.06847	0.11471	0.09493	0.04916	0.19570	0.04154	0.01265	0.07645	0.01278	0.04824	0.01083	0.06497	0.00885	0.05201	0.02795	0.00593	0.00337	0.00700
12	0.00986	0.00817	0.09047	0.00861	0.00992	0.00641	0.00699	0.01023	0.05368	0.01297	0.05110	0.08664	0.05285	0.01674	0.01669	0.53993	0.00496	0.00656	0.00325	0.00397
13	0.25246	0.15637	0.06137	0.05802	0.04926	0.11197	0.02851	0.02614	0.01170	0.01831	0.01130	0.09622	0.01059	0.00710	0.00583	0.00176	0.06756	0.00517	0.01373	0.00664
14	0.00743	0.00545	0.00712	0.00809	0.00885	0.00498	0.00563	0.00865	0.01124	0.01506	0.03105	0.66771	0.06258	0.01677	0.00712	0.00223	0.00349	0.06335	0.00518	0.05799
15	0.01803	0.25155	0.01974	0.01197	0.03457	0.08786	0.02824	0.04548	0.06129	0.21104	0.01335	0.01376	0.01005	0.00623	0.00618	0.00157	0.08011	0.00447	0.00414	0.09039
16	0.01344	0.03747	0.06832	0.03028	0.01543	0.00969	0.00864	0.03783	0.08991	0.07390	0.01247	0.01348	0.00971	0.00503	0.00466	0.00116	0.00483	0.00403	0.00385	0.55588
17	0.06293	0.03226	0.13005	0.14816	0.02146	0.01242	0.10845	0.07046	0.07318	0.06514	0.01311	0.01721	0.01062	0.10079	0.00886	0.00222	0.03889	0.00541	0.00359	0.07478
18	0.00757	0.00543	0.00721	0.00782	0.00863	0.00508	0.00560	0.00936	0.01322	0.01815	0.32781	0.44226	0.04408	0.01525	0.00711	0.00213	0.00319	0.05939	0.00571	0.00499
19	0.04063	0.00773	0.00965	0.13941	0.01462	0.00822	0.00751	0.03138	0.09655	0.06490	0.16117	0.11100	0.07082	0.00929	0.00568	0.00178	0.00408	0.00794	0.20142	0.00622
20	0.01596	0.15436	0.10830	0.14594	0.08359	0.01441	0.06611	0.08270	0.05848	0.14813	0.01313	0.01450	0.00966	0.00590	0.00559	0.00169	0.02154	0.00488	0.00385	0.04128
21	0.01757	0.01651	0.01538	0.06060	0.07199	0.26823	0.04047	0.03409	0.18831	0.13164	0.01905	0.01908	0.07756	0.00717	0.00569	0.00173	0.00697	0.00573	0.00446	0.00776
22	0.00750	0.00551	0.00710	0.00823	0.00878	0.00535	0.00558	0.00960	0.06519	0.01528	0.03092	0.73867	0.03634	0.01718	0.00719	0.00229	0.00341	0.01554	0.00535	0.00497
23	0.01494	0.04801	0.18979	0.23193	0.03919	0.03073	0.04651	0.11592	0.04526	0.11764	0.03803	0.01653	0.02758	0.00638	0.00567	0.00180	0.00696	0.00533	0.00388	0.00794

[dist]
# distance from previous block
# <min> <max>
1	8

[block]
# block no. 1 follows, 41 sequences, length 15
# corresponding to MSA columns:
# 376-390
name=unknown_B
#
# <colnr> <probs for GDERKNQSTAVLIFYWHMCP>
#	G	D	E	R	K	N	Q	S	T	A	V	L	I	F	Y	W	H	M	C	P
0	0.01188	0.12496	0.10180	0.10625	0.01741	0.03345	0.04438	0.05262	0.09812	0.01744	0.01834	0.15248	0.02982	0.06774	0.00751	0.00214	0.00587	0.05266	0.04848	0.00664
1	0.47479	0.01372	0.03709	0.02697	0.10392	0.07320	0.06523	0.04966	0.01195	0.03578	0.00933	0.01115	0.00728	0.00548	0.00478	0.00174	0.02460	0.00392	0.00344	0.03597
2	0.00768	0.00624	0.00723	0.00710	0.00879	0.00577	0.00547	0.00943	0.01272	0.01621	0.13407	0.04773	0.45882	0.04629	0.08455	0.00281	0.02666	0.07346	0.00499	0.03399
3	0.01420	0.09732	0.17952	0.11435	0.10972	0.06473	0.03162	0.08240	0.08301	0.03188	0.01180	0.01408	0.00924	0.00740	0.03054	0.00202	0.08531	0.00482	0.01822	0.00782
4	0.05690	0.01440	0.04862	0.14252	0.04003	0.03862	0.01190	0.29629	0.11094	0.07353	0.01356	0.01480	0.01002	0.00694	0.00706	0.00187	0.09399	0.00514	0.00452	0.00835
5	0.00816	0.00548	0.00629	0.00644	0.00648	0.00544	0.00369	0.00828	0.00863	0.01151	0.01963	0.12758	0.02282	0.70606	0.02652	0.00516	0.00528	0.00926	0.00369	0.00361
6	0.00821	0.00545	0.00634	0.00652	0.00656	0.00540	0.00377	0.00824	0.00863	0.01151	0.01948	0.13690	0.02261	0.66375	0.02595	0.03898	0.00523	0.00923	0.00367	0.00358
7	0.01315	0.01145	0.04592	0.00985	0.01505	0.00863	0.04308	0.04321	0.01280	0.06576	0.01114	0.01259	0.00883	0.00459	0.00456	0.00103	0.00480	0.00380	0.00364	0.67612
8	0.00734	0.00582	0.00659	0.00640	0.00808	0.00507	0.00480	0.00933	0.01440	0.01868	0.36120	0.04973	0.45570	0.01328	0.00675	0.00187	0.00281	0.01133	0.00574	0.00507
9	0.01350	0.01543	0.03375	0.02411	0.02989	0.01446	0.74253	0.01832	0.01350	0.01832	0.01157	0.01543	0.00868	0.00482	0.00675	0.00193	0.00964	0.00675	0.00289	0.00771
10	0.01767	0.00984	0.01371	0.11070	0.05273	0.01030	0.00980	0.03843	0.04644	0.34483	0.12572	0.02118	0.01807	0.00787	0.00751	0.00187	0.10727	0.00620	0.04188	0.00796
11	0.03290	0.00879	0.01350	0.13195	0.08512	0.00885	0.07369	0.03771	0.01401	0.08880	0.21253	0.14576	0.07106	0.01011	0.00642	0.00194	0.00503	0.04052	0.00483	0.00650
12	0.01633	0.00868	0.01095	0.00927	0.01222	0.00836	0.00733	0.02152	0.16305	0.32031	0.31892	0.02918	0.03080	0.00907	0.00616	0.00182	0.00393	0.00774	0.00651	0.00786
13	0.00692	0.00563	0.00613	0.00637	0.00792	0.00484	0.00464	0.00837	0.01286	0.01590	0.11119	0.21089	0.54848	0.01498	0.00687	0.00200	0.00297	0.01281	0.00539	0.00484
14	0.01247	0.01053	0.01219	0.00876	0.01382	0.00825	0.00703	0.05973	0.01279	0.01972	0.01039	0.01198	0.00855	0.00440	0.00433	0.00090	0.00436	0.00350	0.00353	0.78275

[dist]
# distance from previous block
# <min> <max>
6	23

[block]
# block no. 2 follows, 41 sequences, length 26
# corresponding to MSA columns:
# 416-441
name=unknown_C
#
# <colnr> <probs for GDERKNQSTAVLIFYWHMCP>
#	G	D	E	R	K	N	Q	S	T	A	V	L	I	F	Y	W	H	M	C	P
0	0.03831	0.01093	0.01590	0.36647	0.13842	0.01256	0.01313	0.01951	0.19720	0.05313	0.03079	0.01844	0.01228	0.00656	0.00570	0.00187	0.00622	0.02141	0.02365	0.00752
1	0.01529	0.80242	0.02997	0.00979	0.01468	0.02263	0.00979	0.01713	0.01162	0.01346	0.00795	0.00918	0.00734	0.00489	0.00367	0.00122	0.00612	0.00306	0.00245	0.00734
2	0.00861	0.00588	0.00701	0.00701	0.00848	0.00522	0.00508	0.01021	0.01325	0.07222	0.21140	0.23111	0.32062	0.05762	0.00806	0.00219	0.00325	0.01203	0.00557	0.00520
3	0.01127	0.00579	0.00610	0.00589	0.00742	0.00575	0.00446	0.01434	0.03526	0.05590	0.07369	0.02282	0.01762	0.00709	0.00434	0.00141	0.00283	0.00576	0.70663	0.00565
4	0.00757	0.00578	0.00649	0.00631	0.00797	0.00509	0.00474	0.00960	0.01421	0.01883	0.33237	0.04773	0.42761	0.01282	0.00655	0.00184	0.00280	0.01090	0.06570	0.00509
5	0.03957	0.01635	0.01483	0.01226	0.01578	0.18916	0.00979	0.33135	0.07860	0.09263	0.01426	0.01470	0.01053	0.00681	0.00595	0.00168	0.04134	0.00494	0.09121	0.00826
6	0.02537	0.01020	0.01356	0.01040	0.01483	0.00910	0.00859	0.08104	0.01715	0.71299	0.02191	0.01904	0.01383	0.00706	0.00575	0.00177	0.00497	0.00571	0.00698	0.00973
7	0.01186	0.01017	0.01186	0.00847	0.01356	0.00762	0.00678	0.01440	0.01186	0.01864	0.01017	0.01186	0.00847	0.00424	0.00424	0.00085	0.00424	0.00339	0.00339	0.83395
8	0.01423	0.01229	0.01293	0.01164	0.01487	0.01423	0.00905	0.03039	0.75297	0.02393	0.02328	0.02134	0.01746	0.00776	0.00582	0.00194	0.00453	0.00647	0.00582	0.00905
9	0.83938	0.01106	0.00841	0.00752	0.01106	0.01283	0.00619	0.01681	0.00973	0.02566	0.00796	0.00929	0.00619	0.00531	0.00354	0.00177	0.00442	0.00310	0.00354	0.00619
10	0.02174	0.01602	0.01717	0.01316	0.01774	0.01774	0.01087	0.74423	0.02689	0.03605	0.01373	0.01373	0.00973	0.00687	0.00572	0.00172	0.00629	0.00515	0.00572	0.00973
11	0.83938	0.01106	0.00841	0.00752	0.01106	0.01283	0.00619	0.01681	0.00973	0.02566	0.00796	0.00929	0.00619	0.00531	0.00354	0.00177	0.00442	0.00310	0.00354	0.00619
12	0.01416	0.01359	0.02322	0.03511	0.76330	0.01359	0.01755	0.01755	0.01302	0.01869	0.01076	0.01416	0.00906	0.00510	0.00566	0.00170	0.00680	0.00510	0.00283	0.00906
13	0.01423	0.01229	0.01293	0.01164	0.01487	0.01423	0.00905	0.03039	0.75297	0.02393	0.02328	0.02134	0.01746	0.00776	0.00582	0.00194	0.00453	0.00647	0.00582	0.00905
14	0.00738	0.00525	0.00700	0.00826	0.00872	0.00499	0.00580	0.00857	0.01114	0.01479	0.03059	0.64298	0.03615	0.06090	0.00860	0.00255	0.00374	0.12273	0.00520	0.00467
15	0.01320	0.00853	0.01003	0.00879	0.01141	0.00847	0.00686	0.05767	0.17896	0.16028	0.28975	0.03441	0.16757	0.01023	0.00630	0.00184	0.00374	0.00868	0.00612	0.00714
16	0.00820	0.00600	0.00854	0.00854	0.00933	0.00679	0.00633	0.00979	0.00900	0.01279	0.01592	0.02579	0.01574	0.21052	0.61066	0.00838	0.01315	0.00661	0.00315	0.00474
17	0.01147	0.00648	0.00828	0.00751	0.00942	0.00587	0.00574	0.01388	0.01527	0.16173	0.45269	0.07902	0.09954	0.01092	0.00633	0.00179	0.00315	0.00947	0.08533	0.00612
18	0.00720	0.00531	0.00675	0.00745	0.00827	0.00485	0.00518	0.00867	0.01251	0.01671	0.20855	0.50470	0.15096	0.01592	0.00709	0.00214	0.00311	0.01422	0.00554	0.00485
19	0.06846	0.01023	0.01164	0.00868	0.01329	0.00850	0.00695	0.04888	0.03488	0.04676	0.06634	0.01460	0.01220	0.00518	0.00454	0.00108	0.00426	0.00414	0.00392	0.62546
20	0.00715	0.00573	0.00638	0.00638	0.00800	0.00497	0.00472	0.00889	0.01371	0.01742	0.24780	0.12091	0.49973	0.01404	0.00681	0.00193	0.00288	0.01199	0.00558	0.00497
21	0.00765	0.00567	0.00742	0.00775	0.00861	0.00544	0.00555	0.00944	0.01332	0.01832	0.35618	0.39328	0.08277	0.01469	0.00743	0.00208	0.03067	0.01301	0.00565	0.00505
22	0.01470	0.01599	0.04673	0.01874	0.02273	0.11126	0.37273	0.05182	0.04647	0.04094	0.01255	0.05772	0.01049	0.00689	0.00849	0.00197	0.14265	0.00640	0.00334	0.00739
23	0.05374	0.01123	0.01711	0.36919	0.02731	0.01276	0.06653	0.08015	0.01370	0.19186	0.01308	0.01556	0.00932	0.00648	0.00703	0.00191	0.08631	0.00527	0.00393	0.00751
24	0.00702	0.00502	0.00668	0.00793	0.00831	0.00468	0.00531	0.00810	0.01119	0.01499	0.06526	0.76042	0.03858	0.01763	0.00728	0.00230	0.00329	0.01599	0.00536	0.00468
25	0.01246	0.00766	0.01026	0.00941	0.01097	0.00800	0.00727	0.01417	0.01292	0.18868	0.16282	0.24842	0.09586	0.01332	0.03194	0.00230	0.14185	0.01008	0.00534	0.00627

[dist]
# distance from previous block
# <min> <max>
0	7

[block]
# block no. 3 follows, 41 sequences, length 33
# corresponding to MSA columns:
# 450-472,476-485
name=unknown_D
#
# <colnr> <probs for GDERKNQSTAVLIFYWHMCP>
#	G	D	E	R	K	N	Q	S	T	A	V	L	I	F	Y	W	H	M	C	P
0	0.01731	0.04242	0.01565	0.08747	0.05999	0.15161	0.01042	0.10583	0.06872	0.14369	0.01364	0.03262	0.01056	0.00650	0.00619	0.00161	0.05869	0.00493	0.00421	0.15794
1	0.01175	0.01014	0.01691	0.73572	0.03781	0.01243	0.01541	0.01546	0.01175	0.06270	0.01096	0.01552	0.00804	0.00581	0.00572	0.00190	0.00745	0.00513	0.00283	0.00657
2	0.03360	0.05966	0.01281	0.17298	0.01722	0.03912	0.03405	0.04139	0.05277	0.02003	0.34934	0.03055	0.09567	0.00922	0.00610	0.00179	0.00479	0.00794	0.00480	0.00618
3	0.06116	0.00610	0.00737	0.00703	0.00829	0.00586	0.00509	0.01061	0.01423	0.02068	0.54624	0.06099	0.06813	0.14178	0.01026	0.00244	0.00330	0.00977	0.00559	0.00509
4	0.06203	0.00878	0.01243	0.29503	0.02144	0.00934	0.04005	0.01424	0.01192	0.01844	0.04673	0.01911	0.01270	0.00632	0.00503	0.00159	0.00526	0.03277	0.23061	0.14616
5	0.01148	0.01032	0.01671	0.67588	0.06161	0.01259	0.01502	0.05229	0.01232	0.01624	0.01084	0.01547	0.00818	0.00581	0.00562	0.00186	0.00725	0.00510	0.04885	0.00657
6	0.00722	0.00526	0.00680	0.00758	0.00831	0.00484	0.00524	0.00867	0.01240	0.01669	0.20960	0.54756	0.10644	0.01611	0.00712	0.00216	0.00313	0.01446	0.00555	0.00484
7	0.01080	0.01017	0.01716	0.78523	0.03940	0.01271	0.01589	0.01461	0.01144	0.01461	0.01017	0.01525	0.00762	0.00572	0.00572	0.00191	0.00762	0.00508	0.00254	0.00635
8	0.10479	0.00986	0.01280	0.00992	0.01426	0.00884	0.00819	0.02680	0.01573	0.69515	0.02115	0.01848	0.01338	0.00691	0.00554	0.00177	0.00482	0.00549	0.00674	0.00939
9	0.00732	0.00525	0.00695	0.00772	0.00837	0.00488	0.00534	0.00885	0.01259	0.01721	0.25978	0.55955	0.04289	0.01597	0.00713	0.00216	0.00312	0.01441	0.00562	0.00488
10	0.00813	0.00594	0.00718	0.00681	0.00844	0.00529	0.00513	0.01040	0.01513	0.04119	0.50227	0.04624	0.29185	0.01251	0.00672	0.00184	0.00283	0.01080	0.00599	0.00533
11	0.00762	0.00563	0.00713	0.00717	0.00836	0.00513	0.00522	0.00973	0.01446	0.01981	0.47970	0.22514	0.15653	0.01361	0.00688	0.00194	0.00288	0.01202	0.00591	0.00513
12	0.00747	0.00536	0.00708	0.00762	0.00841	0.00498	0.00535	0.00922	0.01328	0.01830	0.35496	0.46126	0.04499	0.01516	0.00705	0.00209	0.00304	0.01363	0.00575	0.00498
13	0.01186	0.01017	0.01186	0.00847	0.01356	0.00762	0.00678	0.01440	0.01186	0.01864	0.01017	0.01186	0.00847	0.00424	0.00424	0.00085	0.00424	0.00339	0.00339	0.83395
14	0.05220	0.01531	0.01624	0.01273	0.01708	0.01706	0.01044	0.61748	0.12665	0.03397	0.01483	0.01461	0.01066	0.00693	0.00565	0.00175	0.00598	0.00525	0.00565	0.00950
15	0.01080	0.01017	0.01716	0.78523	0.03940	0.01271	0.01589	0.01461	0.01144	0.01461	0.01017	0.01525	0.00762	0.00572	0.00572	0.00191	0.00762	0.00508	0.00254	0.00635
16	0.01466	0.67368	0.15314	0.01087	0.01636	0.02108	0.01168	0.01729	0.01170	0.01423	0.00834	0.00966	0.00732	0.00498	0.00396	0.00132	0.00651	0.00325	0.00244	0.00753
17	0.00697	0.00498	0.00664	0.00796	0.00830	0.00465	0.00531	0.00796	0.01095	0.01460	0.03153	0.79525	0.03783	0.01792	0.00730	0.00232	0.00332	0.01626	0.00531	0.00465
18	0.02139	0.00879	0.01191	0.00945	0.01313	0.00767	0.00767	0.02372	0.01633	0.58624	0.20198	0.02512	0.02384	0.00820	0.00599	0.00178	0.00434	0.00687	0.00689	0.00868
19	0.01137	0.03599	0.01254	0.12869	0.04479	0.00911	0.03895	0.01572	0.10454	0.08479	0.26808	0.07677	0.09373	0.00992	0.00633	0.00189	0.00460	0.04050	0.00514	0.00657
20	0.01350	0.01543	0.03375	0.02411	0.02989	0.01446	0.74253	0.01832	0.01350	0.01832	0.01157	0.01543	0.00868	0.00482	0.00675	0.00193	0.00964	0.00675	0.00289	0.00771
21	0.00967	0.00615	0.00802	0.00737	0.00897	0.00565	0.00559	0.01233	0.01603	0.08520	0.66758	0.03989	0.04900	0.01110	0.00655	0.00178	0.00288	0.00975	0.04073	0.00576
22	0.06476	0.01110	0.01629	0.08906	0.16138	0.01386	0.01223	0.01392	0.00988	0.01526	0.00960	0.01450	0.00879	0.01332	0.11462	0.05444	0.36282	0.00506	0.00271	0.00642
23	0.09354	0.01357	0.06501	0.14149	0.14325	0.02917	0.15130	0.08152	0.01450	0.14940	0.05145	0.01626	0.01160	0.00604	0.00573	0.00180	0.00684	0.00553	0.00400	0.00800
24	0.00874	0.00914	0.09403	0.00831	0.01079	0.00700	0.00728	0.01288	0.08571	0.02067	0.43409	0.04019	0.21671	0.01128	0.00651	0.00185	0.00357	0.00970	0.00557	0.00596
25	0.00846	0.00563	0.00691	0.00708	0.00769	0.00538	0.00465	0.00945	0.01113	0.03942	0.17268	0.23119	0.05982	0.36854	0.01697	0.00365	0.00428	0.02788	0.00473	0.00445
26	0.01411	0.24454	0.10597	0.04460	0.03791	0.03144	0.19875	0.06001	0.11746	0.01833	0.01329	0.02999	0.01108	0.00627	0.00549	0.00173	0.00713	0.04070	0.00343	0.00777
27	0.08150	0.04263	0.01909	0.11204	0.09417	0.01286	0.15169	0.05839	0.10748	0.17413	0.01459	0.01577	0.01060	0.00600	0.00583	0.00176	0.02084	0.00538	0.00428	0.06099
28	0.00770	0.00543	0.00710	0.00768	0.00806	0.00553	0.00512	0.00860	0.00967	0.01313	0.02328	0.36403	0.02671	0.28317	0.19316	0.00499	0.00685	0.01127	0.00418	0.00436
29	0.06641	0.00817	0.00956	0.04865	0.03825	0.00828	0.00686	0.07857	0.04012	0.13533	0.10401	0.02482	0.09249	0.00794	0.00518	0.00164	0.00392	0.00649	0.30660	0.00670
30	0.01525	0.01160	0.03350	0.15604	0.13459	0.01101	0.11558	0.01938	0.06486	0.18689	0.03107	0.04677	0.01243	0.00632	0.00573	0.00170	0.00619	0.00585	0.00420	0.13104
31	0.35414	0.10473	0.07996	0.01065	0.01474	0.09560	0.02394	0.03443	0.05784	0.09318	0.01087	0.01182	0.00828	0.00585	0.00507	0.00169	0.04111	0.00393	0.00372	0.03847
32	0.04545	0.01155	0.01248	0.01108	0.01415	0.01298	0.00880	0.14431	0.44735	0.02529	0.11431	0.02607	0.02168	0.00871	0.00602	0.00194	0.00465	0.06918	0.00573	0.00827

[dist]
# distance from previous block
# <min> <max>
4	7

[block]
# block no. 4 follows, 41 sequences, length 6
# corresponding to MSA columns:
# 496-501
name=unknown_E
#
# <colnr> <probs for GDERKNQSTAVLIFYWHMCP>
#	G	D	E	R	K	N	Q	S	T	A	V	L	I	F	Y	W	H	M	C	P
0	0.42402	0.00981	0.01044	0.12848	0.01569	0.01078	0.00795	0.01789	0.01162	0.17766	0.01383	0.07208	0.01101	0.00678	0.00465	0.00180	0.00481	0.00509	0.05882	0.00679
1	0.00875	0.00615	0.00754	0.00805	0.00931	0.00591	0.00600	0.01151	0.06799	0.04098	0.09829	0.35855	0.15989	0.01458	0.00685	0.00214	0.00357	0.11538	0.06318	0.00537
2	0.01870	0.00918	0.01254	0.12984	0.01715	0.00886	0.00896	0.07125	0.01520	0.42343	0.02370	0.15594	0.06139	0.00919	0.00608	0.00189	0.00501	0.00782	0.00587	0.00803
3	0.12959	0.00779	0.00831	0.00789	0.01024	0.00778	0.00625	0.01455	0.11276	0.06895	0.14339	0.04090	0.31194	0.01152	0.00624	0.00196	0.00372	0.09480	0.00538	0.00605
4	0.59475	0.01255	0.01103	0.00921	0.01306	0.01430	0.00759	0.23445	0.01487	0.02877	0.00969	0.01062	0.00725	0.00578	0.00419	0.00175	0.00498	0.00371	0.00419	0.00725
5	0.04752	0.01651	0.14203	0.01934	0.02448	0.05022	0.45773	0.01688	0.01238	0.01717	0.01085	0.01468	0.00847	0.00716	0.00858	0.12183	0.00860	0.00580	0.00279	0.00696

[dist]
# distance from previous block
# <min> <max>
1	5

[block]
# block no. 5 follows, 41 sequences, length 6
# corresponding to MSA columns:
# 507-512
name=unknown_F
#
# <colnr> <probs for GDERKNQSTAVLIFYWHMCP>
#	G	D	E	R	K	N	Q	S	T	A	V	L	I	F	Y	W	H	M	C	P
0	0.14356	0.13067	0.01559	0.01099	0.01461	0.22856	0.00895	0.09779	0.01573	0.17222	0.09501	0.01581	0.01397	0.00665	0.00505	0.00160	0.00643	0.00482	0.00447	0.00749
1	0.07905	0.00702	0.00866	0.00939	0.06681	0.00695	0.00573	0.01203	0.01027	0.10507	0.01974	0.17483	0.02111	0.42804	0.01822	0.00387	0.00505	0.00883	0.00421	0.00511
2	0.10166	0.10809	0.09525	0.06827	0.03822	0.01252	0.03139	0.03446	0.17442	0.08857	0.04608	0.06510	0.09691	0.00797	0.00550	0.00181	0.00533	0.00654	0.00444	0.00747
3	0.01586	0.11186	0.17366	0.01474	0.04455	0.04187	0.10283	0.12953	0.10374	0.10363	0.03902	0.03116	0.01257	0.00677	0.00597	0.00178	0.02583	0.02216	0.00418	0.00829
4	0.01442	0.02264	0.45975	0.01498	0.02196	0.01276	0.06997	0.10664	0.01441	0.10032	0.01208	0.01329	0.00852	0.00561	0.00547	0.00170	0.00743	0.00459	0.00346	0.10000
5	0.01302	0.08068	0.10282	0.11947	0.02413	0.09730	0.28096	0.01665	0.01278	0.01650	0.01295	0.10807	0.01164	0.00667	0.00591	0.00177	0.00785	0.00651	0.00310	0.07123

[dist]
# distance from previous block
# <min> <max>
0	70

[block]
# block no. 6 follows, 41 sequences, length 22
# corresponding to MSA columns:
# 604-625
name=unknown_G
#
# <colnr> <probs for GDERKNQSTAVLIFYWHMCP>
#	G	D	E	R	K	N	Q	S	T	A	V	L	I	F	Y	W	H	M	C	P
0	0.36374	0.12145	0.05810	0.01106	0.06392	0.01309	0.03218	0.01718	0.04313	0.06444	0.01345	0.01533	0.05036	0.04291	0.00585	0.00186	0.02086	0.00455	0.02144	0.03509
1	0.45370	0.01122	0.04473	0.05840	0.01402	0.01163	0.00796	0.01880	0.10871	0.09927	0.08166	0.01701	0.03872	0.00674	0.00469	0.00181	0.00466	0.00495	0.00439	0.00692
2	0.06289	0.07143	0.01549	0.08663	0.01715	0.13215	0.05155	0.05379	0.07318	0.07840	0.06009	0.04375	0.04426	0.00988	0.05975	0.00225	0.06770	0.00580	0.00398	0.05987
3	0.14531	0.01478	0.06704	0.10232	0.01906	0.01508	0.01096	0.43120	0.02008	0.02926	0.01223	0.01335	0.00892	0.00626	0.00522	0.00170	0.00606	0.00469	0.04025	0.04623
4	0.10054	0.01225	0.13320	0.01150	0.02868	0.00935	0.05012	0.01681	0.01248	0.19359	0.01944	0.22655	0.03030	0.00940	0.00641	0.00188	0.04105	0.00797	0.00459	0.08390
5	0.00859	0.00626	0.00765	0.00698	0.00881	0.00556	0.00528	0.01111	0.01491	0.02136	0.51651	0.03878	0.13414	0.01073	0.00620	0.00167	0.00289	0.00930	0.08701	0.09625
6	0.01529	0.80242	0.02997	0.00979	0.01468	0.02263	0.00979	0.01713	0.01162	0.01346	0.00795	0.00918	0.00734	0.00489	0.00367	0.00122	0.00612	0.00306	0.00245	0.00734
7	0.00843	0.00606	0.00691	0.00655	0.00845	0.00525	0.00496	0.01035	0.01433	0.06611	0.29558	0.04856	0.47170	0.01306	0.00669	0.00188	0.00296	0.01108	0.00576	0.00534
8	0.00844	0.00552	0.00722	0.00795	0.00883	0.00507	0.00559	0.00979	0.01212	0.06765	0.11061	0.57808	0.09523	0.01616	0.00711	0.00221	0.00339	0.03837	0.00554	0.00511
9	0.00785	0.00584	0.00731	0.00694	0.00840	0.00529	0.00520	0.01032	0.01561	0.02157	0.63188	0.04498	0.18322	0.01220	0.00675	0.00182	0.00273	0.01066	0.00612	0.00529
10	0.01954	0.00835	0.01043	0.00856	0.01180	0.00772	0.00689	0.02288	0.06572	0.45090	0.02123	0.02026	0.01457	0.00698	0.00513	0.00163	0.00406	0.00565	0.29959	0.00812
11	0.01423	0.01229	0.01293	0.01164	0.01487	0.01423	0.00905	0.03039	0.75297	0.02393	0.02328	0.02134	0.01746	0.00776	0.00582	0.00194	0.00453	0.00647	0.00582	0.00905
12	0.01186	0.01017	0.01186	0.00847	0.01356	0.00762	0.00678	0.01440	0.01186	0.01864	0.01017	0.01186	0.00847	0.00424	0.00424	0.00085	0.00424	0.00339	0.00339	0.83395
13	0.83938	0.01106	0.00841	0.00752	0.01106	0.01283	0.00619	0.01681	0.00973	0.02566	0.00796	0.00929	0.00619	0.00531	0.00354	0.00177	0.00442	0.00310	0.00354	0.00619
14	0.01080	0.01017	0.01716	0.78523	0.03940	0.01271	0.01589	0.01461	0.01144	0.01461	0.01017	0.01525	0.00762	0.00572	0.00572	0.00191	0.00762	0.00508	0.00254	0.00635
15	0.00697	0.00498	0.00664	0.00796	0.00830	0.00465	0.00531	0.00796	0.01095	0.01460	0.03153	0.79525	0.03783	0.01792	0.00730	0.00232	0.00332	0.01626	0.00531	0.00465
16	0.00900	0.00606	0.00784	0.00752	0.00903	0.00555	0.00573	0.01144	0.01535	0.06495	0.55254	0.09423	0.11542	0.01238	0.00681	0.00190	0.00306	0.05953	0.00611	0.00554
17	0.01461	0.66366	0.16272	0.01096	0.01649	0.02095	0.01182	0.01730	0.01170	0.01429	0.00837	0.00970	0.00732	0.00499	0.00399	0.00133	0.00654	0.00327	0.00244	0.00754
18	0.01188	0.01166	0.01628	0.01421	0.01425	0.01605	0.01169	0.01310	0.00901	0.01386	0.01025	0.10173	0.01096	0.01091	0.01746	0.00248	0.69901	0.00629	0.00282	0.00607
19	0.00710	0.00523	0.00666	0.00752	0.00825	0.00478	0.00518	0.00842	0.01204	0.01596	0.14307	0.57169	0.15014	0.01648	0.00714	0.00219	0.00316	0.01475	0.00546	0.00478
20	0.01379	0.13457	0.46516	0.01697	0.10499	0.05023	0.01745	0.06128	0.03162	0.03707	0.01076	0.01233	0.00804	0.00552	0.00523	0.00170	0.00771	0.00428	0.00288	0.00840
21	0.06344	0.01679	0.07147	0.09889	0.05122	0.12374	0.32389	0.10810	0.01490	0.01978	0.01184	0.04747	0.00954	0.00597	0.00600	0.00183	0.00836	0.00591	0.00332	0.00754

[dist]
# distance from previous block
# <min> <max>
0	9

[block]
# block no. 7 follows, 41 sequences, length 45
# corresponding to MSA columns:
# 635-679
name=unknown_H
#
# <colnr> <probs for GDERKNQSTAVLIFYWHMCP>
#	G	D	E	R	K	N	Q	S	T	A	V	L	I	F	Y	W	H	M	C	P
0	0.01530	0.01376	0.01336	0.01192	0.01511	0.08850	0.00925	0.09711	0.57634	0.02368	0.02134	0.05603	0.01669	0.00797	0.00582	0.00189	0.00520	0.00653	0.00551	0.00867
1	0.01247	0.07393	0.01436	0.07438	0.04493	0.01001	0.00839	0.03230	0.04535	0.01853	0.01068	0.01248	0.00876	0.00466	0.00447	0.00107	0.00483	0.00375	0.00338	0.61126
2	0.71997	0.01152	0.01130	0.02278	0.01351	0.01313	0.07845	0.01683	0.01010	0.02440	0.00834	0.01009	0.00650	0.00541	0.00434	0.00181	0.02820	0.00354	0.00343	0.00635
3	0.00821	0.00550	0.00627	0.00638	0.00640	0.00547	0.00361	0.00829	0.00853	0.01137	0.01910	0.09808	0.02216	0.73647	0.02737	0.00529	0.00537	0.00895	0.00361	0.00356
4	0.01437	0.08943	0.01511	0.07343	0.01694	0.01507	0.00975	0.05754	0.59102	0.02266	0.02034	0.01935	0.01536	0.00728	0.00560	0.00186	0.00500	0.00597	0.00522	0.00870
5	0.00695	0.00506	0.00655	0.00775	0.00824	0.00466	0.00522	0.00799	0.01115	0.01468	0.03411	0.72297	0.10845	0.01758	0.00725	0.00228	0.00328	0.01585	0.00531	0.00466
6	0.01359	0.07889	0.06529	0.02198	0.02768	0.01505	0.61431	0.01883	0.05089	0.01821	0.01182	0.01508	0.00895	0.00500	0.00640	0.00187	0.00905	0.00633	0.00298	0.00779
7	0.01443	0.01373	0.01705	0.01460	0.01524	0.09086	0.01204	0.01578	0.01010	0.07409	0.00884	0.01286	0.00803	0.00937	0.01640	0.00234	0.64980	0.00494	0.00291	0.00657
8	0.00802	0.00534	0.00710	0.00795	0.00863	0.00494	0.00547	0.00934	0.01201	0.05137	0.14301	0.64310	0.03919	0.01645	0.00714	0.00222	0.00330	0.01486	0.00554	0.00500
9	0.01247	0.01358	0.05252	0.29849	0.03033	0.04693	0.34155	0.01662	0.01269	0.01698	0.01189	0.01661	0.00922	0.00562	0.00606	0.00186	0.00823	0.02234	0.06906	0.00695
10	0.00811	0.00573	0.00730	0.00737	0.00804	0.00597	0.00508	0.00909	0.00945	0.01287	0.02253	0.07619	0.11055	0.33748	0.29706	0.03003	0.00857	0.00826	0.02602	0.00432
11	0.00745	0.00537	0.00695	0.00780	0.00847	0.00504	0.00549	0.00882	0.01190	0.01589	0.14311	0.49541	0.09001	0.07951	0.00900	0.00251	0.00356	0.08366	0.00531	0.00474
12	0.00776	0.00581	0.00697	0.00668	0.00822	0.00521	0.00501	0.01006	0.01503	0.02049	0.50924	0.04589	0.27825	0.01240	0.00665	0.00182	0.00276	0.01071	0.03582	0.00521
13	0.00763	0.00575	0.00707	0.00706	0.00843	0.00519	0.00527	0.00976	0.01450	0.01952	0.43805	0.14561	0.24640	0.01346	0.00687	0.00194	0.00295	0.04356	0.00585	0.00514
14	0.01529	0.80242	0.02997	0.00979	0.01468	0.02263	0.00979	0.01713	0.01162	0.01346	0.00795	0.00918	0.00734	0.00489	0.00367	0.00122	0.00612	0.00306	0.00245	0.00734
15	0.01147	0.02959	0.76934	0.01630	0.02476	0.01328	0.02113	0.01811	0.01208	0.01811	0.01026	0.01208	0.00725	0.00543	0.00543	0.00181	0.00845	0.00423	0.00242	0.00845
16	0.02566	0.00973	0.01327	0.01018	0.01460	0.00841	0.00841	0.02788	0.01637	0.76726	0.02257	0.01947	0.01416	0.00708	0.00575	0.00177	0.00487	0.00575	0.00708	0.00973
17	0.01529	0.80242	0.02997	0.00979	0.01468	0.02263	0.00979	0.01713	0.01162	0.01346	0.00795	0.00918	0.00734	0.00489	0.00367	0.00122	0.00612	0.00306	0.00245	0.00734
18	0.01113	0.01050	0.01775	0.71198	0.11009	0.01279	0.01605	0.01490	0.01159	0.01501	0.01022	0.01514	0.00777	0.00566	0.00571	0.00189	0.00754	0.00508	0.00257	0.00662
19	0.00697	0.00498	0.00664	0.00796	0.00830	0.00465	0.00531	0.00796	0.01095	0.01460	0.03153	0.79525	0.03783	0.01792	0.00730	0.00232	0.00332	0.01626	0.00531	0.00465
20	0.00717	0.00513	0.00683	0.00795	0.00843	0.00479	0.00544	0.00841	0.01162	0.01564	0.11558	0.68609	0.03954	0.01714	0.00726	0.00227	0.00331	0.03723	0.00542	0.00475
21	0.01983	0.05691	0.01620	0.01323	0.01657	0.39845	0.03052	0.15861	0.03443	0.10096	0.01385	0.08896	0.01180	0.00735	0.00553	0.00165	0.00792	0.00554	0.00420	0.00748
22	0.01350	0.01543	0.03375	0.02411	0.02989	0.01446	0.74253	0.01832	0.01350	0.01832	0.01157	0.01543	0.00868	0.00482	0.00675	0.00193	0.00964	0.00675	0.00289	0.00771
23	0.05242	0.01496	0.01630	0.07506	0.01883	0.03725	0.01076	0.55392	0.02331	0.09120	0.01367	0.01398	0.00967	0.00661	0.00557	0.00170	0.00626	0.00501	0.00533	0.03819
24	0.00819	0.00607	0.00890	0.00890	0.00983	0.00699	0.00679	0.01003	0.00911	0.01306	0.01558	0.02393	0.01493	0.11673	0.70335	0.00884	0.01437	0.00634	0.00310	0.00495
25	0.01409	0.01486	0.02865	0.02109	0.02551	0.01544	0.51438	0.08823	0.01379	0.01907	0.01091	0.01464	0.00853	0.00614	0.00923	0.00203	0.17651	0.00622	0.00309	0.00760
26	0.23829	0.36011	0.03224	0.01060	0.01471	0.19909	0.00935	0.04867	0.01285	0.01788	0.00844	0.00971	0.00714	0.00533	0.00410	0.00146	0.00671	0.00332	0.00300	0.00698
27	0.01021	0.00558	0.00784	0.00774	0.00800	0.00573	0.00523	0.00932	0.06715	0.01110	0.01134	0.01854	0.01099	0.05132	0.02131	0.73257	0.00496	0.00523	0.00279	0.00305
28	0.00927	0.00658	0.00733	0.00687	0.00888	0.00588	0.00519	0.04760	0.01429	0.07516	0.17529	0.08051	0.48075	0.04158	0.00746	0.00203	0.00330	0.01098	0.00558	0.00550
29	0.09895	0.06420	0.08031	0.06300	0.01880	0.01367	0.10205	0.05742	0.12389	0.15062	0.01396	0.01504	0.01032	0.00655	0.00708	0.00183	0.10643	0.00511	0.00416	0.05662
30	0.01171	0.01155	0.04689	0.21281	0.38674	0.01143	0.01449	0.01498	0.01274	0.01760	0.08767	0.08158	0.05078	0.00738	0.00596	0.00182	0.00620	0.00679	0.00340	0.00746
31	0.00804	0.00583	0.00726	0.00743	0.00868	0.00538	0.00540	0.01032	0.03544	0.03424	0.33601	0.29258	0.18132	0.01414	0.00690	0.00202	0.00308	0.02493	0.00577	0.00524
32	0.00861	0.06989	0.01037	0.00886	0.01008	0.00807	0.00689	0.01040	0.01069	0.01470	0.09511	0.18659	0.07119	0.02798	0.38774	0.00556	0.04932	0.00875	0.00393	0.00526
33	0.09735	0.07605	0.12260	0.01628	0.09712	0.08551	0.12379	0.04583	0.01368	0.17209	0.01307	0.03674	0.00999	0.00635	0.00632	0.00179	0.05839	0.00520	0.00386	0.00798
34	0.02193	0.05007	0.01648	0.01374	0.08884	0.01351	0.01030	0.33388	0.02022	0.32277	0.01681	0.01605	0.01145	0.00668	0.00558	0.00170	0.00566	0.00529	0.02963	0.00943
35	0.01134	0.00697	0.00835	0.00786	0.00991	0.00647	0.00602	0.03917	0.04730	0.14187	0.16421	0.17410	0.24855	0.01243	0.00650	0.00194	0.00355	0.04420	0.05313	0.00611
36	0.01102	0.01164	0.08533	0.07263	0.01452	0.06880	0.00943	0.03548	0.03918	0.01448	0.01383	0.02241	0.01339	0.23722	0.21228	0.00483	0.11861	0.00611	0.00317	0.00565
37	0.01715	0.03829	0.09017	0.06959	0.01898	0.10117	0.08641	0.17709	0.01715	0.16124	0.10793	0.01944	0.03825	0.00789	0.02194	0.00190	0.00678	0.00598	0.00471	0.00793
38	0.21002	0.07244	0.04081	0.01167	0.04184	0.06238	0.00936	0.12608	0.24347	0.04099	0.01429	0.01443	0.01086	0.00625	0.00492	0.00168	0.00544	0.00467	0.00445	0.07395
39	0.01418	0.01596	0.14030	0.07440	0.10465	0.03957	0.16345	0.12660	0.01471	0.03755	0.01235	0.05066	0.01006	0.00663	0.01787	0.00180	0.02247	0.00554	0.00350	0.13775
40	0.01256	0.07688	0.25520	0.03438	0.01850	0.01222	0.07106	0.05609	0.11691	0.04145	0.08919	0.03420	0.05764	0.00712	0.00560	0.00172	0.00612	0.00602	0.03301	0.06414
41	0.24844	0.01102	0.01150	0.01028	0.04374	0.02875	0.00779	0.17740	0.01578	0.09604	0.13299	0.03705	0.04949	0.03545	0.00609	0.00186	0.00479	0.01570	0.00488	0.06096
42	0.01442	0.12168	0.06886	0.01085	0.01442	0.01211	0.03560	0.08078	0.12895	0.12862	0.14668	0.07394	0.05114	0.00850	0.00632	0.00177	0.04001	0.00698	0.00495	0.04343
43	0.04664	0.09273	0.18653	0.03862	0.01580	0.01103	0.01058	0.06602	0.01329	0.17370	0.05358	0.02030	0.03643	0.12481	0.00955	0.03686	0.00590	0.00563	0.00415	0.04784
44	0.03145	0.05322	0.22304	0.05908	0.06288	0.10741	0.01321	0.11351	0.03221	0.09888	0.07397	0.06384	0.01433	0.00723	0.00585	0.00177	0.02048	0.00577	0.00403	0.00784

[dist]
# distance from previous block
# <min> <max>
3	84

[block]
# block no. 8 follows, 41 sequences, length 12
# corresponding to MSA columns:
# 768-779
name=unknown_I
#
# <colnr> <probs for GDERKNQSTAVLIFYWHMCP>
#	G	D	E	R	K	N	Q	S	T	A	V	L	I	F	Y	W	H	M	C	P
0	0.02960	0.05443	0.03058	0.08597	0.08207	0.03695	0.02508	0.14154	0.05633	0.09762	0.06692	0.07714	0.06068	0.00825	0.00672	0.00181	0.06283	0.01679	0.00450	0.05420
1	0.13107	0.00856	0.02107	0.03183	0.01077	0.05330	0.00635	0.01254	0.04483	0.04436	0.05520	0.26161	0.15204	0.10105	0.03789	0.00266	0.00483	0.00999	0.00461	0.00544
2	0.01531	0.13910	0.03891	0.12620	0.01831	0.04467	0.02755	0.05472	0.03850	0.14935	0.08084	0.01762	0.02552	0.00722	0.00732	0.00176	0.12278	0.00539	0.03448	0.04445
3	0.11640	0.00984	0.01115	0.00839	0.01290	0.00815	0.00674	0.01590	0.01238	0.10992	0.04711	0.01570	0.04321	0.00549	0.00455	0.00116	0.00421	0.00432	0.00407	0.55842
4	0.01409	0.01010	0.01382	0.01151	0.01458	0.01022	0.09459	0.11905	0.14457	0.12199	0.23413	0.03163	0.05482	0.00949	0.00644	0.00192	0.00492	0.08899	0.00568	0.00744
5	0.01425	0.01205	0.01272	0.01137	0.01447	0.01385	0.00879	0.06720	0.66562	0.02374	0.02243	0.02198	0.01726	0.05919	0.00733	0.00216	0.00469	0.00652	0.00566	0.00873
6	0.01236	0.06925	0.01387	0.09048	0.01535	0.05970	0.07474	0.02906	0.04287	0.05689	0.06366	0.04682	0.11797	0.00983	0.00843	0.10428	0.04989	0.00672	0.12184	0.00598
7	0.07305	0.01023	0.01650	0.72680	0.03727	0.01272	0.01516	0.01478	0.01131	0.01544	0.01000	0.01480	0.00752	0.00569	0.00555	0.00190	0.00738	0.00493	0.00262	0.00634
8	0.06164	0.01142	0.01599	0.31944	0.07945	0.01265	0.03928	0.13480	0.06233	0.02027	0.01406	0.05186	0.03449	0.00669	0.00579	0.00177	0.01906	0.00568	0.00368	0.09968
9	0.01654	0.01263	0.04281	0.05957	0.01994	0.03688	0.20483	0.09914	0.01514	0.20648	0.04717	0.04664	0.01328	0.00828	0.03463	0.02614	0.00693	0.00614	0.00450	0.09234
10	0.04192	0.29406	0.09773	0.01115	0.01556	0.07587	0.03353	0.06449	0.01299	0.07306	0.01112	0.01411	0.00950	0.08464	0.00747	0.00184	0.03279	0.00432	0.00332	0.11055
11	0.24691	0.11906	0.04364	0.01119	0.04501	0.03264	0.00916	0.18197	0.01536	0.12808	0.01333	0.06872	0.01083	0.00672	0.00486	0.00167	0.00544	0.00503	0.00441	0.04598

[dist]
# distance from previous block
# <min> <max>
3	25

[block]
# block no. 9 follows, 41 sequences, length 20
# corresponding to MSA columns:
# 807-826
name=unknown_J
#
# <colnr> <probs for GDERKNQSTAVLIFYWHMCP>
#	G	D	E	R	K	N	Q	S	T	A	V	L	I	F	Y	W	H	M	C	P
0	0.03218	0.01071	0.07220	0.40466	0.02664	0.01055	0.04006	0.01470	0.01168	0.05156	0.04563	0.01806	0.01159	0.05033	0.02183	0.03449	0.00662	0.00541	0.07668	0.05443
1	0.05975	0.05178	0.01268	0.05263	0.03159	0.00900	0.07018	0.04633	0.01380	0.09334	0.11302	0.03258	0.28874	0.01097	0.03598	0.00205	0.00499	0.00814	0.00473	0.05772
2	0.01192	0.01073	0.05557	0.33823	0.02513	0.01050	0.04084	0.01601	0.06235	0.07394	0.01476	0.10295	0.01273	0.00919	0.05054	0.00219	0.00672	0.00628	0.00360	0.14583
3	0.01130	0.00936	0.01256	0.01032	0.01355	0.00878	0.08894	0.01671	0.16935	0.04956	0.16123	0.09292	0.12090	0.00907	0.00597	0.00168	0.00439	0.00805	0.00495	0.20040
4	0.10520	0.01074	0.01480	0.07176	0.01738	0.00949	0.11026	0.01582	0.01232	0.06287	0.05159	0.01446	0.01098	0.00513	0.00485	0.00129	0.00523	0.00447	0.00364	0.46770
5	0.00709	0.00507	0.00675	0.00788	0.00832	0.00473	0.00532	0.00828	0.01154	0.01553	0.11307	0.71105	0.03964	0.01722	0.00724	0.00226	0.00325	0.01560	0.00542	0.00473
6	0.01232	0.01112	0.01660	0.34789	0.02648	0.01253	0.09701	0.09095	0.15868	0.01945	0.04733	0.02193	0.09830	0.00737	0.00602	0.00190	0.00639	0.00656	0.00401	0.00717
7	0.01269	0.01209	0.02056	0.36333	0.44656	0.01320	0.01682	0.01627	0.01233	0.01690	0.01050	0.01463	0.00843	0.00537	0.00569	0.00179	0.00716	0.00509	0.00270	0.00788
8	0.00750	0.00560	0.00687	0.00725	0.00835	0.00512	0.00526	0.00916	0.01299	0.01716	0.24482	0.27894	0.23256	0.06664	0.00849	0.00231	0.00333	0.06732	0.00547	0.00488
9	0.00697	0.00498	0.00664	0.00796	0.00830	0.00465	0.00531	0.00796	0.01095	0.01460	0.03153	0.79525	0.03783	0.01792	0.00730	0.00232	0.00332	0.01626	0.00531	0.00465
10	0.00783	0.00533	0.00657	0.00711	0.00748	0.00518	0.00458	0.00870	0.01037	0.01426	0.08718	0.36765	0.03054	0.32491	0.03868	0.00370	0.00447	0.01173	0.04945	0.00430
11	0.02174	0.01602	0.01717	0.01316	0.01774	0.01774	0.01087	0.74423	0.02689	0.03605	0.01373	0.01373	0.00973	0.00687	0.00572	0.00172	0.00629	0.00515	0.00572	0.00973
12	0.02566	0.00973	0.01327	0.01018	0.01460	0.00841	0.00841	0.02788	0.01637	0.76726	0.02257	0.01947	0.01416	0.00708	0.00575	0.00177	0.00487	0.00575	0.00708	0.00973
13	0.01423	0.01229	0.01293	0.01164	0.01487	0.01423	0.00905	0.03039	0.75297	0.02393	0.02328	0.02134	0.01746	0.00776	0.00582	0.00194	0.00453	0.00647	0.00582	0.00905
14	0.00717	0.00513	0.00685	0.00807	0.00852	0.00481	0.00555	0.00837	0.01141	0.01527	0.07668	0.70546	0.03854	0.01741	0.00730	0.00231	0.00339	0.05767	0.00537	0.00473
15	0.14400	0.01362	0.01262	0.01126	0.01458	0.09891	0.00879	0.02729	0.51208	0.06635	0.01924	0.01812	0.01439	0.00713	0.00539	0.00185	0.00518	0.00559	0.00522	0.00838
16	0.01496	0.13656	0.04852	0.30329	0.09206	0.06685	0.04539	0.09951	0.06009	0.06184	0.01178	0.01421	0.00895	0.00583	0.00540	0.00172	0.00712	0.00485	0.00341	0.00765
17	0.01878	0.25713	0.10435	0.01309	0.01734	0.40730	0.01160	0.02100	0.01439	0.07210	0.00979	0.01087	0.00787	0.00564	0.00479	0.00146	0.00844	0.00372	0.00306	0.00728
18	0.01373	0.01127	0.01286	0.00936	0.01434	0.00953	0.00755	0.15207	0.01470	0.02192	0.01084	0.01221	0.00871	0.00473	0.00452	0.00101	0.00462	0.00372	0.00383	0.67848
19	0.04560	0.01416	0.02219	0.29229	0.02922	0.09864	0.27718	0.01889	0.06982	0.05792	0.01212	0.01523	0.00903	0.00563	0.00596	0.00186	0.00815	0.00560	0.00325	0.00726

[dist]
# distance from previous block
# <min> <max>
0	2

[block]
# block no. 10 follows, 41 sequences, length 17
# corresponding to MSA columns:
# 829-845
name=unknown_K
#
# <colnr> <probs for GDERKNQSTAVLIFYWHMCP>
#	G	D	E	R	K	N	Q	S	T	A	V	L	I	F	Y	W	H	M	C	P
0	0.00707	0.00521	0.00671	0.00767	0.00834	0.00486	0.00528	0.00828	0.01144	0.01510	0.07340	0.60127	0.14437	0.01851	0.05124	0.00263	0.00391	0.01474	0.00523	0.00474
1	0.02382	0.01327	0.07326	0.01131	0.01595	0.06792	0.00986	0.10009	0.01710	0.57646	0.01966	0.01761	0.01265	0.00684	0.00568	0.00175	0.00571	0.00541	0.00626	0.00940
2	0.11132	0.01135	0.01448	0.09164	0.07603	0.01155	0.01006	0.13221	0.06763	0.38858	0.01749	0.01677	0.01178	0.00661	0.00550	0.00178	0.00544	0.00530	0.00560	0.00890
3	0.00718	0.00536	0.00657	0.00744	0.00827	0.00491	0.00521	0.00835	0.01151	0.01478	0.03778	0.48309	0.23570	0.07108	0.00871	0.00246	0.00350	0.06825	0.00518	0.00466
4	0.32831	0.06982	0.01438	0.18383	0.07532	0.04507	0.01055	0.01577	0.01089	0.01907	0.01047	0.01565	0.00914	0.00793	0.03397	0.00214	0.08392	0.05415	0.00316	0.00645
5	0.00767	0.00548	0.00742	0.00862	0.00929	0.00524	0.00639	0.00925	0.01195	0.01591	0.08500	0.53816	0.03767	0.01688	0.00743	0.00237	0.00381	0.21122	0.00537	0.00487
6	0.01500	0.03833	0.06724	0.15818	0.01992	0.09993	0.01103	0.19526	0.01663	0.04631	0.10534	0.01913	0.05542	0.00722	0.00603	0.00167	0.03202	0.00568	0.00421	0.09545
7	0.01699	0.02006	0.01590	0.14565	0.02007	0.45005	0.01160	0.01871	0.01345	0.01385	0.00948	0.01351	0.00840	0.06357	0.00949	0.00203	0.15355	0.00450	0.00283	0.00629
8	0.01607	0.00962	0.01192	0.00900	0.01349	0.00765	0.00721	0.01838	0.01329	0.26766	0.01597	0.07591	0.01267	0.00626	0.00498	0.00127	0.00437	0.00519	0.00477	0.49432
9	0.01030	0.01387	0.19770	0.15942	0.15145	0.01020	0.03984	0.01382	0.01203	0.01662	0.04316	0.23949	0.04923	0.00955	0.00621	0.00196	0.00617	0.00859	0.00360	0.00681
10	0.00822	0.00637	0.00863	0.05277	0.01066	0.00691	0.00651	0.00968	0.01073	0.01466	0.10584	0.25734	0.08100	0.15135	0.17753	0.00425	0.06819	0.01026	0.00425	0.00487
11	0.00878	0.00656	0.00801	0.00799	0.00896	0.00692	0.00560	0.01194	0.11141	0.01519	0.08878	0.14397	0.06761	0.28080	0.19711	0.00490	0.00700	0.00911	0.00432	0.00504
12	0.01393	0.16525	0.01728	0.02735	0.11484	0.03959	0.01018	0.07286	0.27345	0.01998	0.05542	0.01831	0.01480	0.01200	0.11732	0.00278	0.00698	0.00557	0.00423	0.00788
13	0.01512	0.00841	0.01035	0.00875	0.01169	0.00777	0.00689	0.07259	0.05524	0.26575	0.21063	0.08392	0.15158	0.01008	0.00619	0.00179	0.00394	0.00854	0.00608	0.05465
14	0.12749	0.01394	0.01693	0.16392	0.10373	0.11829	0.05391	0.01857	0.06671	0.07424	0.01116	0.01383	0.00881	0.00675	0.00823	0.00193	0.17615	0.00485	0.00336	0.00718
15	0.11985	0.16998	0.13528	0.11771	0.01987	0.03962	0.07075	0.07318	0.01326	0.01922	0.09782	0.01585	0.01320	0.00750	0.02919	0.00195	0.04028	0.00504	0.00338	0.00708
16	0.03889	0.10655	0.04941	0.00958	0.01220	0.01002	0.03515	0.06748	0.01375	0.06929	0.17702	0.11066	0.11076	0.06342	0.05210	0.00251	0.03217	0.02811	0.00468	0.00625

[dist]
# distance from previous block
# <min> <max>
0	51

[block]
# block no. 11 follows, 41 sequences, length 34
# corresponding to MSA columns:
# 898-931
name=unknown_L
#
# <colnr> <probs for GDERKNQSTAVLIFYWHMCP>
#	G	D	E	R	K	N	Q	S	T	A	V	L	I	F	Y	W	H	M	C	P
