[name]
unknown

[dist]
# distance from previous block
# <min> <max>
0	128

[block]
# block no. 0 follows, 46 sequences, length 59
# corresponding to MSA columns:
# 164-222
name=unknown_A
#
# <colnr> <probs for GDERKNQSTAVLIFYWHMCP>
#	G	D	E	R	K	N	Q	S	T	A	V	L	I	F	Y	W	H	M	C	P
0	0.01498	0.08606	0.27055	0.01104	0.01612	0.01091	0.01154	0.07722	0.04073	0.22553	0.03183	0.01694	0.04821	0.00624	0.00500	0.00155	0.00557	0.02030	0.02554	0.07413
1	0.01828	0.04357	0.01764	0.01463	0.07973	0.13204	0.10936	0.28556	0.04664	0.15652	0.02392	0.01454	0.01026	0.00601	0.00531	0.00159	0.00647	0.01545	0.00445	0.00804
2	0.01032	0.00974	0.01647	0.71702	0.11823	0.01183	0.01485	0.01381	0.01073	0.01392	0.00946	0.01398	0.00719	0.00522	0.00528	0.00174	0.00696	0.00470	0.00238	0.00615
3	0.01096	0.00940	0.01096	0.00783	0.01253	0.00705	0.00626	0.01331	0.01096	0.01723	0.00940	0.01096	0.00783	0.00392	0.00392	0.00078	0.00392	0.00313	0.00313	0.84653
4	0.00721	0.00499	0.00617	0.00656	0.00747	0.00462	0.00466	0.00889	0.01202	0.01688	0.26684	0.36579	0.12784	0.01293	0.00611	0.00182	0.00276	0.01144	0.12039	0.00462
5	0.00902	0.00470	0.00705	0.00705	0.00714	0.00479	0.00479	0.00714	0.00705	0.00949	0.00968	0.01654	0.00958	0.02047	0.09720	0.76320	0.00554	0.00470	0.00235	0.00254
6	0.00832	0.00619	0.00774	0.00717	0.00865	0.00602	0.00543	0.03084	0.08430	0.02159	0.68982	0.03700	0.04576	0.01036	0.00613	0.00167	0.00273	0.00911	0.00577	0.00540
7	0.00988	0.00539	0.00588	0.00596	0.00721	0.00537	0.00439	0.01270	0.05410	0.04993	0.02018	0.18871	0.01825	0.00846	0.00451	0.00148	0.00277	0.00716	0.58250	0.00515
8	0.01157	0.00975	0.01129	0.00812	0.01278	0.00767	0.00651	0.06303	0.01188	0.01829	0.00961	0.01108	0.00791	0.00408	0.00401	0.00084	0.00404	0.00324	0.00328	0.79102
9	0.01638	0.29407	0.01868	0.01142	0.01482	0.35733	0.00941	0.02083	0.17913	0.01477	0.01081	0.01140	0.00884	0.00551	0.00443	0.00138	0.00703	0.00377	0.00315	0.00684
10	0.71172	0.01049	0.00797	0.00727	0.01016	0.05530	0.00577	0.01498	0.00929	0.02176	0.00894	0.04356	0.00792	0.06089	0.00512	0.00188	0.00443	0.00373	0.00330	0.00552
11	0.01230	0.01075	0.01475	0.34961	0.02363	0.06035	0.04230	0.07385	0.05065	0.06067	0.01315	0.06258	0.01150	0.03002	0.00769	0.00195	0.11009	0.05455	0.00335	0.00625
12	0.00633	0.00536	0.00548	0.00551	0.00724	0.00451	0.00414	0.00773	0.01213	0.01455	0.07962	0.06331	0.72743	0.01337	0.00627	0.00180	0.00271	0.02309	0.00494	0.00449
13	0.00752	0.00531	0.00691	0.00695	0.00746	0.00556	0.00475	0.00856	0.00906	0.01256	0.11038	0.09147	0.02213	0.38185	0.29075	0.00564	0.00780	0.00779	0.00353	0.00404
14	0.00658	0.00470	0.00629	0.00752	0.00789	0.00441	0.00515	0.00760	0.01026	0.01365	0.02906	0.76098	0.03466	0.01643	0.00678	0.00217	0.00319	0.06345	0.00490	0.00433
15	0.01112	0.14370	0.67502	0.01418	0.02151	0.01355	0.01799	0.01661	0.01110	0.01611	0.00917	0.01077	0.00671	0.00495	0.00478	0.00159	0.00749	0.00375	0.00224	0.00766
16	0.02070	0.00870	0.01154	0.00914	0.01276	0.00782	0.00744	0.02382	0.07467	0.62188	0.12304	0.02103	0.01829	0.00717	0.00545	0.00165	0.00420	0.00594	0.00635	0.00841
17	0.01189	0.06213	0.01103	0.00844	0.01009	0.00989	0.02510	0.22528	0.01294	0.01724	0.01450	0.02548	0.01487	0.48785	0.01838	0.00369	0.02580	0.00641	0.00370	0.00527
18	0.01844	0.01486	0.01576	0.01252	0.01590	0.06774	0.01027	0.56791	0.04036	0.02818	0.01164	0.01247	0.00868	0.00680	0.00731	0.00170	0.14193	0.00468	0.00461	0.00824
19	0.01315	0.10361	0.01403	0.01005	0.06565	0.00965	0.00763	0.05879	0.01220	0.08625	0.01041	0.01155	0.00828	0.00442	0.00415	0.00100	0.00444	0.00350	0.00343	0.56783
20	0.00660	0.00507	0.00628	0.00689	0.00784	0.00475	0.00495	0.00786	0.01064	0.01367	0.03565	0.39944	0.29773	0.01872	0.12105	0.00295	0.00460	0.03624	0.00460	0.00444
21	0.00756	0.00564	0.00838	0.00838	0.00929	0.00655	0.00647	0.00937	0.00846	0.01219	0.01426	0.02134	0.01346	0.07144	0.76180	0.00836	0.01379	0.00575	0.00285	0.00466
22	0.03617	0.01316	0.11031	0.02000	0.34126	0.02776	0.01278	0.04820	0.03243	0.17779	0.06657	0.03580	0.01279	0.00617	0.00571	0.00165	0.03438	0.00529	0.00386	0.00791
23	0.01344	0.03937	0.02380	0.01764	0.03731	0.01323	0.43339	0.08769	0.12343	0.04725	0.01327	0.04733	0.01050	0.00579	0.00630	0.00175	0.04011	0.00610	0.00353	0.02878
24	0.02372	0.00900	0.01227	0.00941	0.01350	0.00777	0.00777	0.02576	0.01513	0.78489	0.02086	0.01799	0.01309	0.00654	0.00532	0.00164	0.00450	0.00532	0.00654	0.00900
25	0.00817	0.00629	0.00888	0.00874	0.00991	0.00733	0.00680	0.01148	0.09214	0.01335	0.01497	0.02065	0.01354	0.03609	0.70691	0.00776	0.01307	0.00570	0.00311	0.00512
26	0.01413	0.81739	0.02770	0.00905	0.01357	0.02092	0.00905	0.01583	0.01074	0.01244	0.00735	0.00848	0.00678	0.00452	0.00339	0.00113	0.00565	0.00283	0.00226	0.00678
27	0.00769	0.00513	0.00577	0.00577	0.00577	0.00513	0.00320	0.00769	0.00769	0.01025	0.01666	0.03460	0.01922	0.81421	0.02691	0.00513	0.00513	0.00769	0.00320	0.00320
28	0.00653	0.00467	0.00621	0.00730	0.00769	0.00435	0.00491	0.00758	0.01052	0.01413	0.09051	0.74759	0.03619	0.01609	0.00671	0.00211	0.00302	0.01458	0.00498	0.00435
29	0.00782	0.00581	0.00733	0.00688	0.00827	0.00553	0.00518	0.01112	0.06671	0.02098	0.69662	0.03860	0.07769	0.01067	0.00618	0.00168	0.00262	0.00938	0.00575	0.00520
30	0.02219	0.00934	0.01222	0.00960	0.01353	0.00855	0.00786	0.02610	0.12483	0.67429	0.02095	0.01824	0.01353	0.00663	0.00533	0.00166	0.00445	0.00541	0.00637	0.00891
31	0.00629	0.00536	0.00542	0.00540	0.00717	0.00448	0.00405	0.00768	0.01216	0.01454	0.08044	0.05045	0.75204	0.01329	0.00625	0.00178	0.00267	0.01110	0.00494	0.00448
32	0.02168	0.01118	0.01342	0.01034	0.01436	0.01114	0.00852	0.32351	0.01890	0.44944	0.01741	0.01592	0.01145	0.00645	0.00524	0.00160	0.00495	0.00508	0.04061	0.00883
33	0.01060	0.02735	0.78682	0.01507	0.02288	0.01228	0.01953	0.01674	0.01116	0.01674	0.00949	0.01116	0.00670	0.00502	0.00502	0.00167	0.00781	0.00391	0.00223	0.00781
34	0.01096	0.00940	0.01096	0.00783	0.01253	0.00705	0.00626	0.01331	0.01096	0.01723	0.00940	0.01096	0.00783	0.00392	0.00392	0.00078	0.00392	0.00313	0.00313	0.84653
35	0.00811	0.00819	0.08505	0.00875	0.01090	0.00631	0.06601	0.01101	0.01407	0.01990	0.59154	0.08761	0.04135	0.01014	0.00615	0.00171	0.00356	0.00912	0.00516	0.00539
36	0.02129	0.01289	0.01468	0.01125	0.01544	0.01355	0.00930	0.52000	0.02165	0.28145	0.01539	0.01444	0.01034	0.00641	0.00530	0.00160	0.00538	0.00494	0.00570	0.00899
37	0.00998	0.00940	0.01586	0.80150	0.03641	0.01175	0.01468	0.01351	0.01057	0.01351	0.00940	0.01409	0.00705	0.00529	0.00529	0.00176	0.00705	0.00470	0.00235	0.00587
38	0.01096	0.00940	0.01096	0.00783	0.01253	0.00705	0.00626	0.01331	0.01096	0.01723	0.00940	0.01096	0.00783	0.00392	0.00392	0.00078	0.00392	0.00313	0.00313	0.84653
39	0.01116	0.02366	0.59194	0.01552	0.02242	0.01253	0.11829	0.01813	0.10263	0.01741	0.01109	0.01261	0.00801	0.00520	0.00523	0.00170	0.00753	0.00447	0.00267	0.00779
40	0.00788	0.00534	0.00662	0.00662	0.00675	0.00560	0.00418	0.00798	0.00789	0.01070	0.01612	0.08392	0.01814	0.55737	0.11653	0.08854	0.03567	0.00753	0.00315	0.00347
41	0.00682	0.00515	0.00630	0.00649	0.00761	0.00463	0.00469	0.00851	0.01268	0.01691	0.34646	0.27428	0.25368	0.01327	0.00639	0.00184	0.00272	0.01166	0.00529	0.00463
42	0.01157	0.01157	0.01619	0.01388	0.01388	0.01619	0.01157	0.01272	0.00810	0.01272	0.00694	0.01157	0.00694	0.00925	0.01735	0.00231	0.80453	0.00463	0.00231	0.00578
43	0.01086	0.02180	0.52439	0.01521	0.02126	0.01224	0.12895	0.01590	0.01113	0.01663	0.03144	0.01295	0.00852	0.00562	0.00649	0.00173	0.09303	0.00455	0.05003	0.00725
44	0.00755	0.00566	0.00850	0.00850	0.00944	0.00661	0.00661	0.00944	0.00850	0.01227	0.01416	0.02077	0.01322	0.03965	0.79326	0.00850	0.01416	0.00566	0.00283	0.00472
45	0.01198	0.01146	0.01967	0.16467	0.51981	0.01183	0.06429	0.01540	0.03087	0.01641	0.01170	0.07631	0.01041	0.00579	0.00543	0.00167	0.00628	0.00565	0.00282	0.00753
46	0.00642	0.00470	0.00604	0.00711	0.00760	0.00432	0.00479	0.00739	0.01037	0.01359	0.03223	0.71439	0.12934	0.01616	0.00668	0.00210	0.00302	0.01454	0.00491	0.00432
47	0.01354	0.01155	0.01218	0.01084	0.01390	0.01333	0.00846	0.06973	0.72940	0.02275	0.02102	0.01933	0.01573	0.00713	0.00537	0.00178	0.00428	0.00591	0.00537	0.00840
48	0.01154	0.06602	0.05623	0.00850	0.01335	0.00868	0.00736	0.04467	0.01153	0.01754	0.00940	0.01087	0.00774	0.00412	0.00400	0.00089	0.00433	0.00322	0.00311	0.70689
49	0.00937	0.00770	0.00951	0.00903	0.01013	0.05221	0.00693	0.06178	0.00986	0.01353	0.01358	0.02072	0.01292	0.12998	0.55063	0.00681	0.06166	0.00566	0.00301	0.00497
50	0.02010	0.01481	0.01587	0.01216	0.01639	0.01639	0.01005	0.76360	0.02486	0.03332	0.01269	0.01269	0.00899	0.00635	0.00529	0.00159	0.00582	0.00476	0.00529	0.00899
51	0.00644	0.00460	0.00613	0.00736	0.00767	0.00429	0.00491	0.00736	0.01012	0.01350	0.02914	0.81076	0.03497	0.01656	0.00675	0.00215	0.00307	0.01503	0.00491	0.00429
52	0.00755	0.00566	0.00850	0.00850	0.00944	0.00661	0.00661	0.00944	0.00850	0.01227	0.01416	0.02077	0.01322	0.03965	0.79326	0.00850	0.01416	0.00566	0.00283	0.00472
53	0.08046	0.00908	0.01196	0.00924	0.01327	0.00805	0.00763	0.02506	0.01471	0.73272	0.01993	0.01735	0.01258	0.00643	0.00518	0.00164	0.00447	0.00515	0.00632	0.00877
54	0.02372	0.00900	0.01227	0.00941	0.01350	0.00777	0.00777	0.02576	0.01513	0.78489	0.02086	0.01799	0.01309	0.00654	0.00532	0.00164	0.00450	0.00532	0.00654	0.00900
55	0.00946	0.00653	0.00820	0.00734	0.00901	0.00629	0.00563	0.08932	0.01600	0.05345	0.66774	0.03582	0.04412	0.01017	0.00610	0.00165	0.00292	0.00889	0.00579	0.00557
56	0.02195	0.01184	0.01403	0.01075	0.01491	0.01198	0.00888	0.38616	0.01988	0.41779	0.01687	0.01540	0.01109	0.00645	0.00530	0.00161	0.00514	0.00504	0.00593	0.00899
57	0.00826	0.00622	0.00774	0.00722	0.00870	0.00611	0.00545	0.01246	0.11890	0.02133	0.67447	0.03677	0.04525	0.01031	0.00612	0.00168	0.00273	0.00907	0.00576	0.00545
58	0.12867	0.01630	0.01374	0.01152	0.01489	0.30024	0.03001	0.17396	0.01583	0.17948	0.01205	0.01259	0.00882	0.00770	0.04947	0.00192	0.00725	0.00422	0.00413	0.00721

[dist]
# distance from previous block
# <min> <max>
0	1

[block]
# block no. 1 follows, 46 sequences, length 51
# corresponding to MSA columns:
# 224-274
name=unknown_B
#
# <colnr> <probs for GDERKNQSTAVLIFYWHMCP>
#	G	D	E	R	K	N	Q	S	T	A	V	L	I	F	Y	W	H	M	C	P
0	0.01297	0.23438	0.33710	0.01217	0.01756	0.01480	0.01332	0.04892	0.13743	0.04933	0.01139	0.01222	0.00868	0.00555	0.00525	0.00156	0.04523	0.00407	0.00309	0.02500
1	0.01358	0.01233	0.06383	0.01080	0.01437	0.01249	0.00899	0.06328	0.58369	0.05403	0.01916	0.01795	0.01428	0.00667	0.00522	0.00168	0.00450	0.00550	0.00501	0.08264
2	0.05523	0.09598	0.51399	0.01500	0.07124	0.02729	0.04413	0.01746	0.01155	0.08579	0.01026	0.01161	0.00739	0.00507	0.00486	0.00161	0.00710	0.00401	0.00273	0.00770
3	0.18596	0.04710	0.01471	0.01174	0.04588	0.01504	0.00932	0.46140	0.04110	0.06113	0.01162	0.01209	0.00850	0.00609	0.00539	0.00162	0.04437	0.00435	0.00456	0.00804
4	0.00628	0.00536	0.00539	0.00538	0.00716	0.00447	0.00404	0.00764	0.01212	0.01444	0.06985	0.05062	0.76269	0.01333	0.00625	0.00178	0.00267	0.01112	0.00493	0.00447
5	0.00672	0.00513	0.00589	0.00615	0.00739	0.00454	0.00444	0.00822	0.01204	0.01567	0.18645	0.25869	0.39305	0.01342	0.00626	0.00184	0.00274	0.01163	0.04521	0.00454
6	0.04874	0.05056	0.01794	0.21735	0.33141	0.02619	0.01331	0.11618	0.09241	0.01894	0.01112	0.01351	0.00872	0.00534	0.00509	0.00162	0.00612	0.00466	0.00321	0.00760
7	0.00928	0.00737	0.00934	0.00971	0.07342	0.00753	0.00662	0.01460	0.19059	0.02053	0.49989	0.03245	0.03703	0.04996	0.00699	0.00186	0.00333	0.00823	0.00532	0.00597
8	0.00644	0.00460	0.00613	0.00736	0.00767	0.00429	0.00491	0.00736	0.01012	0.01350	0.02914	0.81076	0.03497	0.01656	0.00675	0.00215	0.00307	0.01503	0.00491	0.00429
9	0.02401	0.24013	0.38828	0.01270	0.01856	0.06813	0.02666	0.05573	0.05053	0.05401	0.01013	0.01118	0.00764	0.00515	0.00460	0.00151	0.00687	0.00382	0.00282	0.00752
10	0.01149	0.01053	0.01707	0.56967	0.19575	0.01231	0.01463	0.07643	0.01207	0.01597	0.00979	0.01376	0.00750	0.00525	0.00527	0.00171	0.00678	0.00471	0.00265	0.00667
11	0.00664	0.00470	0.00615	0.00724	0.00753	0.00443	0.00480	0.00749	0.00989	0.01318	0.02767	0.70248	0.03303	0.10873	0.00909	0.00250	0.00335	0.03223	0.00471	0.00418
12	0.01965	0.01420	0.01525	0.01175	0.01582	0.01565	0.00969	0.71188	0.02398	0.04674	0.01308	0.01315	0.00930	0.00634	0.00521	0.00157	0.00562	0.00478	0.04757	0.00879
13	0.01308	0.01256	0.02146	0.03245	0.78123	0.01256	0.01622	0.01622	0.01204	0.01727	0.00994	0.01308	0.00837	0.00471	0.00523	0.00157	0.00628	0.00471	0.00262	0.00837
14	0.01479	0.01642	0.01208	0.01102	0.01340	0.38775	0.00834	0.01977	0.19918	0.01743	0.22197	0.02020	0.02085	0.00733	0.00532	0.00155	0.00631	0.00571	0.00422	0.00636
15	0.01345	0.01258	0.11494	0.11770	0.14547	0.01130	0.02325	0.05949	0.07563	0.13032	0.05670	0.01617	0.02238	0.00724	0.02809	0.00186	0.09075	0.00510	0.00371	0.06385
16	0.00676	0.00491	0.00638	0.00700	0.00771	0.00453	0.00487	0.00821	0.01180	0.01601	0.27022	0.51271	0.09027	0.01451	0.00655	0.00197	0.00286	0.01302	0.00520	0.00453
17	0.01114	0.00956	0.01104	0.00807	0.01263	0.00755	0.00644	0.01454	0.07418	0.01763	0.01040	0.01169	0.00852	0.00419	0.00404	0.00087	0.00394	0.00337	0.00332	0.77687
18	0.01267	0.13436	0.27265	0.04795	0.10714	0.01294	0.05207	0.06735	0.06779	0.05028	0.04987	0.02405	0.01072	0.00557	0.00495	0.00154	0.00621	0.00464	0.00320	0.06405
19	0.16970	0.12020	0.10159	0.01140	0.01529	0.13343	0.09532	0.09090	0.01339	0.05050	0.09441	0.01443	0.01229	0.00583	0.00469	0.00153	0.00603	0.00458	0.04785	0.00666
20	0.00718	0.00545	0.00664	0.00650	0.00791	0.00491	0.00497	0.00930	0.01381	0.01855	0.48579	0.04478	0.27992	0.01194	0.00633	0.00177	0.00275	0.07124	0.00545	0.00481
21	0.01149	0.05083	0.07337	0.01294	0.14445	0.03321	0.00914	0.05316	0.10683	0.06563	0.18565	0.09074	0.12344	0.00871	0.00561	0.00168	0.00451	0.00748	0.00448	0.00666
22	0.02641	0.09917	0.05663	0.09673	0.12202	0.02220	0.07702	0.11339	0.14185	0.17040	0.01404	0.01464	0.01021	0.00573	0.00514	0.00162	0.00585	0.00490	0.00412	0.00794
23	0.00799	0.00573	0.00700	0.00681	0.00694	0.00625	0.00436	0.00834	0.00783	0.01073	0.01551	0.03081	0.01739	0.64230	0.13002	0.00535	0.07278	0.00716	0.00308	0.00362
24	0.00652	0.00537	0.00574	0.00564	0.00731	0.00458	0.00423	0.00812	0.01270	0.01582	0.21476	0.04834	0.61693	0.01281	0.00625	0.00176	0.00264	0.01080	0.00511	0.00458
25	0.01110	0.01122	0.04689	0.41504	0.31210	0.01178	0.04580	0.01449	0.01120	0.01517	0.01060	0.05173	0.00890	0.00557	0.00537	0.00171	0.00668	0.00523	0.00258	0.00685
26	0.09041	0.31826	0.18892	0.07444	0.06925	0.01569	0.04801	0.07842	0.01217	0.04620	0.00927	0.01081	0.00728	0.00496	0.00437	0.00146	0.00626	0.00376	0.00281	0.00723
27	0.01111	0.00666	0.00764	0.00814	0.07174	0.00695	0.00555	0.08099	0.01233	0.02053	0.01591	0.01827	0.01250	0.00615	0.00438	0.00133	0.02743	0.00488	0.67189	0.00561
28	0.01315	0.01136	0.01195	0.01076	0.01375	0.01315	0.00837	0.02809	0.77168	0.02211	0.02152	0.01972	0.01614	0.00717	0.00538	0.00179	0.00418	0.00598	0.00538	0.00837
29	0.01295	0.01134	0.09145	0.01518	0.15813	0.00976	0.08117	0.10758	0.02505	0.12365	0.06320	0.20032	0.01793	0.01008	0.04547	0.00210	0.00577	0.00761	0.00423	0.00703
30	0.01608	0.01430	0.01588	0.16050	0.09428	0.11603	0.02580	0.30625	0.15560	0.02306	0.01279	0.01389	0.00957	0.00599	0.00525	0.00163	0.00634	0.00482	0.00411	0.00783
31	0.00777	0.00569	0.00801	0.00794	0.00865	0.00651	0.00591	0.00923	0.00838	0.01206	0.01460	0.02354	0.01438	0.20978	0.57645	0.00735	0.03485	0.00606	0.02842	0.00442
32	0.85155	0.01022	0.00777	0.00695	0.01022	0.01186	0.00573	0.01554	0.00900	0.02372	0.00736	0.00859	0.00573	0.00491	0.00327	0.00164	0.00409	0.00286	0.00327	0.00573
33	0.01268	0.01215	0.02073	0.13298	0.68387	0.01245	0.01602	0.01587	0.01185	0.01678	0.00987	0.01322	0.00820	0.00479	0.00524	0.00160	0.00638	0.00471	0.00258	0.00805
34	0.01985	0.00814	0.01103	0.00875	0.01216	0.00711	0.00711	0.02201	0.01509	0.60313	0.20117	0.02311	0.02184	0.00756	0.00554	0.00164	0.00402	0.00633	0.00637	0.00804
35	0.01308	0.01256	0.02146	0.03245	0.78123	0.01256	0.01622	0.01622	0.01204	0.01727	0.00994	0.01308	0.00837	0.00471	0.00523	0.00157	0.00628	0.00471	0.00262	0.00837
36	0.00651	0.00469	0.00618	0.00735	0.00776	0.00437	0.00500	0.00751	0.01030	0.01362	0.03033	0.74441	0.07231	0.01633	0.00674	0.00214	0.00311	0.04210	0.00491	0.00432
37	0.00743	0.00536	0.00702	0.00669	0.00789	0.00495	0.00498	0.00985	0.01473	0.02082	0.74186	0.07714	0.04915	0.01109	0.00626	0.00169	0.00252	0.00983	0.00577	0.00495
38	0.00644	0.00460	0.00613	0.00736	0.00767	0.00429	0.00491	0.00736	0.01012	0.01350	0.02914	0.81076	0.03497	0.01656	0.00675	0.00215	0.00307	0.01503	0.00491	0.00429
39	0.01152	0.01114	0.01782	0.29583	0.27666	0.01343	0.01420	0.01416	0.01027	0.01451	0.00880	0.01296	0.00745	0.00635	0.00910	0.00187	0.26014	0.00468	0.00243	0.00668
40	0.04874	0.18941	0.01935	0.05998	0.01644	0.10609	0.06934	0.04088	0.01058	0.01424	0.00783	0.01093	0.00700	0.00689	0.01025	0.00182	0.36731	0.00415	0.00252	0.00626
41	0.14198	0.02130	0.01308	0.01191	0.01459	0.61194	0.00901	0.01956	0.01377	0.01510	0.00881	0.01024	0.00721	0.00543	0.00446	0.00139	0.00814	0.00345	0.07268	0.00597
42	0.01142	0.02917	0.28816	0.27460	0.15763	0.05196	0.01609	0.01547	0.01105	0.01519	0.00923	0.01236	0.00713	0.00542	0.00613	0.00171	0.07356	0.00432	0.00237	0.00701
43	0.00818	0.00630	0.00828	0.00798	0.00830	0.00726	0.00568	0.00904	0.00855	0.01202	0.05431	0.10214	0.01878	0.37644	0.20488	0.00499	0.14191	0.00749	0.00326	0.00420
44	0.00801	0.00621	0.00912	0.07436	0.01149	0.00727	0.00717	0.00978	0.00873	0.01231	0.01445	0.02356	0.01406	0.13557	0.55031	0.00689	0.04973	0.04338	0.00292	0.00468
45	0.00722	0.00539	0.00671	0.00638	0.00774	0.00488	0.00478	0.00947	0.01435	0.01975	0.62616	0.04188	0.20307	0.01135	0.00624	0.00169	0.00253	0.00990	0.00563	0.00488
46	0.01060	0.02735	0.78682	0.01507	0.02288	0.01228	0.01953	0.01674	0.01116	0.01674	0.00949	0.01116	0.00670	0.00502	0.00502	0.00167	0.00781	0.00391	0.00223	0.00781
47	0.06305	0.01342	0.01474	0.01135	0.01550	0.01445	0.00938	0.57899	0.02212	0.18218	0.01404	0.01354	0.00964	0.00631	0.00519	0.00160	0.00547	0.00477	0.00544	0.00883
48	0.04965	0.01184	0.17208	0.01385	0.15426	0.00862	0.01048	0.01223	0.01082	0.01597	0.04561	0.31987	0.01956	0.00968	0.00608	0.00177	0.03741	0.00845	0.00361	0.08816
49	0.01175	0.16556	0.04554	0.00994	0.01207	0.12858	0.00831	0.04959	0.01066	0.01339	0.01138	0.01693	0.01078	0.12267	0.28537	0.00442	0.07986	0.00484	0.00280	0.00556
50	0.01374	0.05244	0.07825	0.01105	0.05202	0.00954	0.04664	0.01727	0.06259	0.15582	0.01221	0.01299	0.00920	0.00493	0.00484	0.00122	0.02459	0.00404	0.00371	0.42290

[dist]
# distance from previous block
# <min> <max>
0	4

[block]
# block no. 2 follows, 46 sequences, length 20
# corresponding to MSA columns:
# 279-298
name=unknown_C
#
# <colnr> <probs for GDERKNQSTAVLIFYWHMCP>
#	G	D	E	R	K	N	Q	S	T	A	V	L	I	F	Y	W	H	M	C	P
0	0.13207	0.08811	0.34607	0.01342	0.05101	0.02863	0.03988	0.06999	0.02680	0.06156	0.01106	0.01410	0.00872	0.00587	0.00537	0.00168	0.03998	0.04529	0.00310	0.00731
1	0.00914	0.00584	0.00722	0.00662	0.00838	0.00518	0.00506	0.01125	0.01416	0.11393	0.47819	0.04006	0.25286	0.01101	0.00612	0.00169	0.00279	0.00949	0.00565	0.00534
2	0.00761	0.00534	0.00747	0.00923	0.06299	0.00502	0.00583	0.00873	0.01046	0.04475	0.02744	0.72211	0.03219	0.01532	0.00658	0.00209	0.00335	0.01390	0.00481	0.00477
3	0.01162	0.01181	0.01711	0.57383	0.14126	0.10035	0.04084	0.01488	0.01135	0.01411	0.00938	0.01344	0.00725	0.00519	0.00525	0.00169	0.00728	0.00461	0.00244	0.00631
4	0.08734	0.04942	0.24510	0.12407	0.23962	0.01197	0.01425	0.01637	0.03781	0.05889	0.01080	0.01383	0.00857	0.05292	0.00622	0.00184	0.00638	0.00448	0.00286	0.00729
5	0.00644	0.00460	0.00613	0.00736	0.00767	0.00429	0.00491	0.00736	0.01012	0.01350	0.02914	0.81076	0.03497	0.01656	0.00675	0.00215	0.00307	0.01503	0.00491	0.00429
6	0.08294	0.00571	0.00686	0.00761	0.00841	0.00569	0.00528	0.05279	0.01089	0.01558	0.02622	0.69175	0.03081	0.01491	0.00635	0.00207	0.00332	0.01333	0.00478	0.00470
7	0.08779	0.02704	0.24702	0.18352	0.14345	0.01258	0.09106	0.08183	0.01247	0.04948	0.01019	0.01255	0.00755	0.00513	0.00509	0.00167	0.00685	0.00446	0.00290	0.00737
8	0.01354	0.13199	0.06505	0.05863	0.01560	0.24674	0.01051	0.01531	0.01138	0.01325	0.01369	0.01571	0.10658	0.00747	0.00865	0.00172	0.25060	0.00480	0.00276	0.00599
9	0.01186	0.04747	0.26238	0.17323	0.09000	0.01108	0.02918	0.03180	0.01159	0.05674	0.01009	0.01223	0.00762	0.00484	0.00480	0.00143	0.00625	0.00404	0.00282	0.22054
10	0.01219	0.03943	0.20908	0.01255	0.03273	0.01165	0.05892	0.05388	0.13783	0.06268	0.09055	0.04966	0.01455	0.00698	0.00679	0.00169	0.10624	0.00556	0.00376	0.08326
11	0.00632	0.00536	0.00546	0.00543	0.00719	0.00449	0.00408	0.00773	0.01223	0.01470	0.09748	0.05019	0.73490	0.01323	0.00625	0.00178	0.00267	0.01106	0.00496	0.00449
12	0.01263	0.06776	0.04027	0.37745	0.07854	0.01169	0.01205	0.10764	0.01314	0.08652	0.04879	0.06393	0.01256	0.00675	0.00536	0.00171	0.00599	0.03703	0.00352	0.00667
13	0.05838	0.04759	0.11816	0.05460	0.05460	0.06080	0.18390	0.04769	0.03721	0.16192	0.01456	0.11113	0.01212	0.00671	0.00544	0.00170	0.00638	0.00612	0.00381	0.00718
14	0.01975	0.00829	0.01080	0.00864	0.01197	0.00760	0.00703	0.06075	0.01440	0.54552	0.01927	0.01824	0.01297	0.00882	0.06112	0.00205	0.00487	0.00524	0.16475	0.00792
15	0.01013	0.00968	0.01674	0.75637	0.03590	0.01184	0.05797	0.01371	0.01068	0.01371	0.00947	0.01410	0.00710	0.00524	0.00534	0.00176	0.00716	0.00479	0.00237	0.00595
16	0.00842	0.15309	0.01047	0.00698	0.00887	0.00778	0.00565	0.01044	0.01322	0.01756	0.42080	0.08359	0.18672	0.01067	0.00579	0.00165	0.00322	0.03503	0.00490	0.00516
17	0.06317	0.05407	0.04930	0.05480	0.27201	0.01190	0.10358	0.06830	0.02738	0.03044	0.06629	0.01789	0.08000	0.00625	0.00573	0.00162	0.03751	0.00553	0.00335	0.04088
18	0.03866	0.14653	0.35763	0.01134	0.01634	0.01176	0.01258	0.05842	0.01248	0.06293	0.12117	0.09806	0.01625	0.00712	0.00509	0.00163	0.00579	0.00579	0.00349	0.00695
19	0.01322	0.25785	0.13814	0.08319	0.05784	0.07830	0.04851	0.01769	0.11012	0.04728	0.01339	0.01442	0.05319	0.00567	0.00469	0.00148	0.00614	0.00448	0.00311	0.04129

[dist]
# distance from previous block
# <min> <max>
0	54

[block]
# block no. 3 follows, 46 sequences, length 6
# corresponding to MSA columns:
# 353-358
name=unknown_D
#
# <colnr> <probs for GDERKNQSTAVLIFYWHMCP>
#	G	D	E	R	K	N	Q	S	T	A	V	L	I	F	Y	W	H	M	C	P
0	0.01235	0.05462	0.29391	0.01204	0.01667	0.07757	0.05259	0.04342	0.03962	0.07907	0.13787	0.05977	0.01718	0.00711	0.00536	0.00164	0.00605	0.03428	0.00373	0.04516
1	0.15257	0.24953	0.14501	0.01163	0.01631	0.06012	0.08405	0.07810	0.05443	0.08671	0.01050	0.01137	0.00798	0.00519	0.00443	0.00150	0.00612	0.00393	0.00329	0.00724
2	0.14867	0.12838	0.24087	0.01254	0.05324	0.09260	0.03767	0.01823	0.04781	0.11261	0.03373	0.01251	0.00925	0.00538	0.00461	0.00154	0.00623	0.00408	0.00330	0.02676
3	0.20347	0.26705	0.07692	0.00980	0.01371	0.05178	0.00901	0.08933	0.05611	0.03917	0.00961	0.01108	0.00786	0.02540	0.00537	0.00154	0.05360	0.00363	0.00319	0.06236
4	0.23530	0.05593	0.40338	0.08896	0.01961	0.01213	0.01390	0.01683	0.01085	0.08362	0.00978	0.01122	0.00702	0.00512	0.00453	0.00164	0.00637	0.00378	0.00289	0.00712
5	0.00899	0.00540	0.00652	0.00631	0.00668	0.00537	0.00388	0.00907	0.00822	0.06748	0.01616	0.03087	0.01751	0.63545	0.07548	0.07685	0.00563	0.00711	0.00335	0.00365

[dist]
# distance from previous block
# <min> <max>
4	11

[block]
# block no. 4 follows, 46 sequences, length 13
# corresponding to MSA columns:
# 370-382
name=unknown_E
#
# <colnr> <probs for GDERKNQSTAVLIFYWHMCP>
#	G	D	E	R	K	N	Q	S	T	A	V	L	I	F	Y	W	H	M	C	P
0	0.09010	0.04669	0.18216	0.01351	0.11924	0.01067	0.01122	0.08255	0.01358	0.26083	0.04672	0.07343	0.01294	0.00663	0.00512	0.00165	0.00540	0.00545	0.00435	0.00776
1	0.01891	0.02226	0.01403	0.01278	0.01540	0.66832	0.00958	0.02029	0.01458	0.06982	0.01088	0.07807	0.00966	0.00647	0.00498	0.00145	0.00861	0.00453	0.00319	0.00618
2	0.00724	0.00554	0.00794	0.08087	0.04880	0.00550	0.00653	0.00866	0.01061	0.01419	0.06558	0.62373	0.03168	0.01456	0.00654	0.00207	0.00364	0.04701	0.00461	0.00470
3	0.07540	0.08302	0.19979	0.08371	0.07931	0.08213	0.17544	0.01730	0.01181	0.08599	0.01023	0.01232	0.00768	0.00525	0.00571	0.00165	0.04874	0.00450	0.00289	0.00716
4	0.00904	0.07580	0.01034	0.07535	0.01184	0.00782	0.00720	0.01099	0.01046	0.04504	0.09405	0.02954	0.06831	0.09119	0.32001	0.00475	0.00844	0.11111	0.00364	0.00507
5	0.00937	0.00901	0.05106	0.07912	0.07293	0.00820	0.11418	0.06630	0.01242	0.01664	0.08847	0.31632	0.11255	0.01081	0.00614	0.00187	0.00481	0.00990	0.00418	0.00574
6	0.01196	0.07497	0.18132	0.10448	0.21422	0.05185	0.07604	0.01596	0.04829	0.03762	0.01513	0.05779	0.07487	0.00637	0.00529	0.00165	0.00641	0.00562	0.00305	0.00711
7	0.11369	0.08014	0.15622	0.00906	0.01201	0.00894	0.00855	0.04264	0.01138	0.01711	0.05904	0.27612	0.04620	0.01007	0.00541	0.00179	0.00451	0.06250	0.04694	0.02769
8	0.19021	0.13275	0.03424	0.00834	0.01136	0.07619	0.00695	0.01447	0.01137	0.09658	0.04460	0.16749	0.08263	0.00814	0.00478	0.00156	0.00454	0.00650	0.00391	0.09337
9	0.09094	0.12271	0.06340	0.10643	0.01574	0.09732	0.00923	0.01579	0.01210	0.12996	0.01857	0.02385	0.10277	0.00765	0.00512	0.00165	0.00552	0.11810	0.00381	0.04934
10	0.01306	0.39429	0.36699	0.01201	0.01799	0.01666	0.01383	0.08047	0.01214	0.01616	0.00877	0.01004	0.00693	0.00490	0.00429	0.00141	0.00664	0.00348	0.00251	0.00743
11	0.12035	0.27864	0.21022	0.01059	0.01526	0.01466	0.01090	0.12983	0.01287	0.04455	0.01153	0.09716	0.01024	0.00635	0.00450	0.00153	0.00570	0.00481	0.00328	0.00705
12	0.01232	0.21778	0.11351	0.01062	0.03738	0.01231	0.00968	0.11704	0.01284	0.05367	0.01691	0.02251	0.07715	0.02415	0.14469	0.00288	0.00706	0.09742	0.00356	0.00653

[dist]
# distance from previous block
# <min> <max>
5	51

[block]
# block no. 5 follows, 46 sequences, length 21
# corresponding to MSA columns:
# 434-454
name=unknown_F
#
# <colnr> <probs for GDERKNQSTAVLIFYWHMCP>
#	G	D	E	R	K	N	Q	S	T	A	V	L	I	F	Y	W	H	M	C	P
0	0.01098	0.04806	0.03841	0.17884	0.07189	0.05908	0.03690	0.05274	0.08624	0.01779	0.20147	0.10629	0.02168	0.00794	0.00554	0.00167	0.00517	0.00694	0.00400	0.03837
1	0.03868	0.01074	0.01778	0.21972	0.23131	0.01147	0.12215	0.06736	0.01293	0.01816	0.15078	0.01813	0.01550	0.00623	0.00597	0.00170	0.03553	0.00576	0.00334	0.00679
2	0.01232	0.01065	0.01092	0.00988	0.01237	0.05875	0.00761	0.07436	0.45060	0.02154	0.18945	0.07797	0.02389	0.00847	0.00562	0.00175	0.00417	0.00716	0.00528	0.00724
3	0.00816	0.00551	0.00718	0.00700	0.00823	0.00514	0.00523	0.01021	0.01340	0.05766	0.49195	0.14254	0.08481	0.04840	0.04425	0.00224	0.00346	0.04427	0.00538	0.00497
4	0.01937	0.01356	0.01496	0.01161	0.01550	0.01487	0.00957	0.61219	0.02239	0.11053	0.01537	0.01515	0.04871	0.00686	0.00590	0.00164	0.04281	0.00514	0.00526	0.00861
5	0.00768	0.00513	0.00581	0.00579	0.00584	0.00512	0.00326	0.00776	0.00792	0.01061	0.04136	0.03475	0.02021	0.78816	0.02624	0.00501	0.00504	0.00775	0.00329	0.00326
6	0.01203	0.01378	0.13371	0.25756	0.17590	0.01198	0.21103	0.01598	0.01175	0.05773	0.01119	0.01546	0.00873	0.00534	0.00557	0.00174	0.00728	0.03335	0.00279	0.00711
7	0.00649	0.00526	0.00577	0.00586	0.00735	0.00453	0.00431	0.00798	0.01230	0.01540	0.17921	0.15356	0.54676	0.01337	0.00631	0.00181	0.00270	0.01141	0.00507	0.00453
8	0.01343	0.05292	0.06379	0.35934	0.14078	0.01220	0.09960	0.05140	0.01238	0.12649	0.01133	0.01400	0.00828	0.00528	0.00528	0.00167	0.00670	0.00483	0.00316	0.00715
9	0.14386	0.06871	0.01804	0.01773	0.24268	0.06036	0.10192	0.09535	0.01308	0.06113	0.01016	0.01193	0.00796	0.00491	0.00473	0.00146	0.00595	0.00422	0.00327	0.12255
10	0.13025	0.05210	0.18594	0.01181	0.02992	0.10448	0.01097	0.15298	0.15957	0.05009	0.03301	0.01444	0.02989	0.00610	0.00487	0.00161	0.00593	0.00460	0.00391	0.00750
11	0.01248	0.01189	0.11590	0.01498	0.11416	0.01011	0.10093	0.03327	0.07856	0.11595	0.01772	0.07032	0.01612	0.00992	0.04092	0.00221	0.04769	0.17594	0.00402	0.00691
12	0.01133	0.00622	0.00811	0.00716	0.00910	0.00561	0.00554	0.01366	0.01471	0.19930	0.53628	0.03409	0.07150	0.00972	0.00591	0.00164	0.00297	0.00843	0.04281	0.00590
13	0.01236	0.02184	0.50482	0.05535	0.02254	0.01249	0.10745	0.07086	0.06532	0.06000	0.01131	0.01276	0.00804	0.00529	0.00524	0.00169	0.00733	0.00451	0.00296	0.00782
14	0.01256	0.07690	0.04811	0.05616	0.07226	0.07709	0.26023	0.02451	0.03755	0.05189	0.06089	0.06084	0.06647	0.00685	0.00646	0.00172	0.06320	0.00630	0.00335	0.00665
15	0.00748	0.00540	0.00707	0.00665	0.00790	0.00499	0.00499	0.00998	0.01496	0.02120	0.77844	0.03949	0.04988	0.01081	0.00624	0.00166	0.00249	0.00956	0.00582	0.00499
16	0.01296	0.01243	0.02123	0.06342	0.75124	0.01253	0.01616	0.01611	0.01198	0.01712	0.00992	0.01312	0.00832	0.00473	0.00524	0.00158	0.00631	0.00471	0.00261	0.00827
17	0.01109	0.01233	0.09156	0.45598	0.24454	0.01214	0.06750	0.01482	0.01117	0.01511	0.00965	0.01354	0.00746	0.00504	0.00531	0.00170	0.00703	0.00473	0.00244	0.00685
18	0.01701	0.00966	0.01453	0.01131	0.01496	0.00909	0.14064	0.04910	0.09247	0.38224	0.06323	0.02209	0.09536	0.00875	0.04271	0.00202	0.00545	0.00639	0.00530	0.00770
19	0.01957	0.00829	0.01055	0.00843	0.01173	0.00761	0.00686	0.07323	0.01463	0.52009	0.01922	0.01812	0.01292	0.00711	0.02107	0.00167	0.00427	0.00518	0.22157	0.00786
20	0.01145	0.00815	0.00970	0.01065	0.09289	0.05478	0.00711	0.04792	0.01266	0.13981	0.02923	0.30279	0.19623	0.01169	0.00607	0.00186	0.00416	0.04214	0.00481	0.00589

[dist]
# distance from previous block
# <min> <max>
0	4

[block]
# block no. 6 follows, 46 sequences, length 20
# corresponding to MSA columns:
# 459-478
name=unknown_G
#
# <colnr> <probs for GDERKNQSTAVLIFYWHMCP>
#	G	D	E	R	K	N	Q	S	T	A	V	L	I	F	Y	W	H	M	C	P
0	0.01367	0.55438	0.09234	0.04683	0.01680	0.06402	0.07834	0.01610	0.01119	0.01352	0.00808	0.00967	0.00695	0.00462	0.00398	0.00126	0.00635	0.00336	0.00237	0.04616
1	0.00758	0.00556	0.00797	0.00797	0.00874	0.00632	0.00596	0.00910	0.00834	0.01189	0.01464	0.02341	0.01437	0.18789	0.64659	0.00785	0.01243	0.00605	0.00290	0.00443
2	0.01096	0.00940	0.01096	0.00783	0.01253	0.00705	0.00626	0.01331	0.01096	0.01723	0.00940	0.01096	0.00783	0.00392	0.00392	0.00078	0.00392	0.00313	0.00313	0.84653
3	0.00663	0.00474	0.00635	0.00758	0.00797	0.00446	0.00523	0.00769	0.01031	0.01371	0.02903	0.74275	0.03455	0.01639	0.00680	0.00217	0.00323	0.08119	0.00490	0.00435
4	0.00903	0.00638	0.00915	0.00958	0.01110	0.00617	0.03918	0.01134	0.01229	0.05230	0.05878	0.10153	0.09751	0.01366	0.00699	0.00226	0.00461	0.53816	0.00490	0.00509
5	0.01103	0.12388	0.69406	0.01433	0.02174	0.01333	0.01825	0.01663	0.01111	0.01622	0.00923	0.01083	0.00671	0.00496	0.00482	0.00161	0.00755	0.00377	0.00224	0.00769
6	0.01060	0.02735	0.78682	0.01507	0.02288	0.01228	0.01953	0.01674	0.01116	0.01674	0.00949	0.01116	0.00670	0.00502	0.00502	0.00167	0.00781	0.00391	0.00223	0.00781
7	0.00755	0.00566	0.00850	0.00850	0.00944	0.00661	0.00661	0.00944	0.00850	0.01227	0.01416	0.02077	0.01322	0.03965	0.79326	0.00850	0.01416	0.00566	0.00283	0.00472
8	0.01391	0.76758	0.07556	0.00943	0.01416	0.02037	0.00971	0.01589	0.01077	0.01271	0.00748	0.00865	0.00678	0.00455	0.00349	0.00116	0.00579	0.00289	0.00226	0.00685
9	0.00769	0.00513	0.00577	0.00577	0.00577	0.00513	0.00320	0.00769	0.00769	0.01025	0.01666	0.03460	0.01922	0.81421	0.02691	0.00513	0.00513	0.00769	0.00320	0.00320
10	0.01045	0.00992	0.01647	0.65074	0.11131	0.01223	0.01456	0.01372	0.01050	0.01382	0.00923	0.01376	0.00717	0.00559	0.00637	0.00179	0.07918	0.00469	0.00237	0.00612
11	0.01776	0.01888	0.01522	0.10032	0.05389	0.42946	0.01079	0.11335	0.05988	0.06495	0.01047	0.01186	0.00814	0.00592	0.00576	0.00155	0.05745	0.00413	0.00337	0.00686
12	0.01413	0.81739	0.02770	0.00905	0.01357	0.02092	0.00905	0.01583	0.01074	0.01244	0.00735	0.00848	0.00678	0.00452	0.00339	0.00113	0.00565	0.00283	0.00226	0.00678
13	0.01450	0.03756	0.03921	0.01852	0.27620	0.10344	0.01167	0.06826	0.20969	0.05473	0.02887	0.01477	0.01112	0.00592	0.00567	0.00160	0.04195	0.00486	0.00376	0.04772
14	0.01272	0.01090	0.04838	0.13595	0.01706	0.01137	0.00961	0.13657	0.29680	0.05080	0.05157	0.07165	0.04904	0.00820	0.00564	0.00181	0.00493	0.06505	0.00471	0.00723
15	0.01389	0.01636	0.01091	0.01016	0.01245	0.43176	0.00761	0.01587	0.04963	0.01390	0.02661	0.05351	0.29883	0.00891	0.00542	0.00157	0.00647	0.00685	0.00375	0.00554
16	0.01241	0.00995	0.03939	0.08214	0.07771	0.00804	0.00842	0.01494	0.01151	0.11530	0.01208	0.05957	0.01004	0.00523	0.00453	0.00116	0.00455	0.00441	0.00353	0.51510
17	0.01585	0.30831	0.01841	0.01054	0.01407	0.22995	0.00887	0.08836	0.08149	0.05220	0.04133	0.04823	0.01114	0.00604	0.00450	0.00137	0.00623	0.00440	0.00345	0.04525
18	0.00654	0.00495	0.00604	0.00665	0.00755	0.00445	0.00465	0.00783	0.01144	0.01491	0.15148	0.46519	0.25969	0.01473	0.00652	0.00196	0.00286	0.01303	0.00505	0.00445
19	0.01156	0.08335	0.19341	0.08286	0.05248	0.04567	0.01097	0.01483	0.01119	0.01618	0.00921	0.01111	0.00739	0.00445	0.00435	0.00117	0.00561	0.00351	0.00274	0.42796

[dist]
# distance from previous block
# <min> <max>
0	1

[block]
# block no. 7 follows, 46 sequences, length 79
# corresponding to MSA columns:
# 480-497,527-587
name=unknown_H
#
# <colnr> <probs for GDERKNQSTAVLIFYWHMCP>
#	G	D	E	R	K	N	Q	S	T	A	V	L	I	F	Y	W	H	M	C	P
0	0.00761	0.00573	0.00718	0.00781	0.00911	0.00546	0.00641	0.00943	0.01157	0.01464	0.03528	0.05258	0.28983	0.08270	0.04675	0.00273	0.00458	0.39137	0.00464	0.00458
1	0.01358	0.52146	0.07368	0.01081	0.01461	0.07967	0.02924	0.01559	0.01091	0.01315	0.00902	0.01285	0.00848	0.00594	0.00576	0.00145	0.10976	0.05499	0.00249	0.00655
2	0.00644	0.00460	0.00613	0.00736	0.00767	0.00429	0.00491	0.00736	0.01012	0.01350	0.02914	0.81076	0.03497	0.01656	0.00675	0.00215	0.00307	0.01503	0.00491	0.00429
3	0.01169	0.01105	0.01868	0.24133	0.51418	0.01167	0.01488	0.01476	0.01148	0.01593	0.01135	0.07810	0.01017	0.00583	0.00537	0.00167	0.00623	0.00554	0.00273	0.00736
4	0.01286	0.00980	0.01146	0.00837	0.01293	0.00796	0.00674	0.06719	0.03652	0.09008	0.01108	0.01202	0.00867	0.00443	0.00419	0.00095	0.00411	0.00354	0.00367	0.68345
5	0.01615	0.01356	0.03854	0.01168	0.01511	0.06262	0.02520	0.27136	0.30145	0.07721	0.01740	0.01694	0.04231	0.00700	0.00612	0.00172	0.05722	0.00542	0.00489	0.00811
6	0.01340	0.01130	0.01196	0.01073	0.01374	0.01302	0.00835	0.02804	0.75342	0.04053	0.02150	0.01968	0.01606	0.00716	0.00538	0.00179	0.00419	0.00596	0.00541	0.00838
7	0.01059	0.01006	0.01674	0.62017	0.14829	0.01223	0.01466	0.01386	0.01059	0.01402	0.00928	0.01374	0.00724	0.00552	0.00626	0.00178	0.07165	0.00469	0.00239	0.00625
8	0.00650	0.00537	0.00571	0.00562	0.00730	0.00457	0.00422	0.00808	0.01265	0.01571	0.20338	0.04852	0.62837	0.01286	0.00625	0.00176	0.00264	0.01083	0.00510	0.00457
9	0.00998	0.00940	0.01586	0.80150	0.03641	0.01175	0.01468	0.01351	0.01057	0.01351	0.00940	0.01409	0.00705	0.00529	0.00529	0.00176	0.00705	0.00470	0.00235	0.00587
10	0.04094	0.01714	0.28808	0.19363	0.02243	0.06670	0.03265	0.01748	0.06457	0.08802	0.01122	0.01292	0.00818	0.00525	0.00495	0.00157	0.00662	0.00426	0.00307	0.11032
11	0.00755	0.00566	0.00850	0.00850	0.00944	0.00661	0.00661	0.00944	0.00850	0.01227	0.01416	0.02077	0.01322	0.03965	0.79326	0.00850	0.01416	0.00566	0.00283	0.00472
12	0.01248	0.01426	0.03119	0.02228	0.02763	0.01337	0.76203	0.01693	0.01248	0.01693	0.01070	0.01426	0.00802	0.00446	0.00624	0.00178	0.00891	0.00624	0.00267	0.00713
13	0.01073	0.02643	0.73420	0.01557	0.02321	0.01235	0.07124	0.01676	0.01125	0.01676	0.00957	0.01138	0.00679	0.00498	0.00511	0.00168	0.00789	0.00407	0.00226	0.00777
14	0.01227	0.01173	0.01999	0.23401	0.58603	0.01235	0.01582	0.01551	0.01165	0.01628	0.00980	0.01335	0.00803	0.00486	0.00525	0.00162	0.00648	0.00471	0.00255	0.00772
15	0.01935	0.01387	0.01489	0.01151	0.01550	0.01526	0.00948	0.68529	0.02351	0.04988	0.01325	0.01339	0.00946	0.00634	0.00516	0.00156	0.00551	0.00479	0.07335	0.00866
16	0.00644	0.00460	0.00613	0.00736	0.00767	0.00429	0.00491	0.00736	0.01012	0.01350	0.02914	0.81076	0.03497	0.01656	0.00675	0.00215	0.00307	0.01503	0.00491	0.00429
17	0.01977	0.01408	0.01514	0.08680	0.01777	0.07741	0.01009	0.49799	0.02093	0.16634	0.01350	0.01353	0.00937	0.00621	0.00525	0.00159	0.00600	0.00474	0.00503	0.00846
18	0.01274	0.01218	0.02096	0.03044	0.69619	0.01214	0.04676	0.01589	0.01207	0.01716	0.01123	0.01637	0.00989	0.00539	0.00542	0.00164	0.00629	0.05637	0.00278	0.00808
19	0.00852	0.00608	0.00852	0.00974	0.01095	0.00608	0.00852	0.01095	0.01217	0.01582	0.02799	0.05963	0.03042	0.01460	0.00730	0.00243	0.00487	0.74565	0.00487	0.00487
20	0.00769	0.00513	0.00577	0.00577	0.00577	0.00513	0.00320	0.00769	0.00769	0.01025	0.01666	0.03460	0.01922	0.81421	0.02691	0.00513	0.00513	0.00769	0.00320	0.00320
21	0.85155	0.01022	0.00777	0.00695	0.01022	0.01186	0.00573	0.01554	0.00900	0.02372	0.00736	0.00859	0.00573	0.00491	0.00327	0.00164	0.00409	0.00286	0.00327	0.00573
22	0.01975	0.02520	0.01498	0.01362	0.01634	0.79299	0.01021	0.02111	0.01498	0.01294	0.00817	0.00953	0.00681	0.00545	0.00477	0.00136	0.00953	0.00340	0.00272	0.00613
23	0.85155	0.01022	0.00777	0.00695	0.01022	0.01186	0.00573	0.01554	0.00900	0.02372	0.00736	0.00859	0.00573	0.00491	0.00327	0.00164	0.00409	0.00286	0.00327	0.00573
24	0.00998	0.00940	0.01586	0.80150	0.03641	0.01175	0.01468	0.01351	0.01057	0.01351	0.00940	0.01409	0.00705	0.00529	0.00529	0.00176	0.00705	0.00470	0.00235	0.00587
25	0.02372	0.00900	0.01227	0.00941	0.01350	0.00777	0.00777	0.02576	0.01513	0.78489	0.02086	0.01799	0.01309	0.00654	0.00532	0.00164	0.00450	0.00532	0.00654	0.00900
26	0.00998	0.00940	0.01586	0.80150	0.03641	0.01175	0.01468	0.01351	0.01057	0.01351	0.00940	0.01409	0.00705	0.00529	0.00529	0.00176	0.00705	0.00470	0.00235	0.00587
27	0.02010	0.01481	0.01587	0.01216	0.01639	0.01639	0.01005	0.76360	0.02486	0.03332	0.01269	0.01269	0.00899	0.00635	0.00529	0.00159	0.00582	0.00476	0.00529	0.00899
28	0.85155	0.01022	0.00777	0.00695	0.01022	0.01186	0.00573	0.01554	0.00900	0.02372	0.00736	0.00859	0.00573	0.00491	0.00327	0.00164	0.00409	0.00286	0.00327	0.00573
29	0.00626	0.00529	0.00542	0.00552	0.00718	0.00445	0.00409	0.00757	0.01189	0.01422	0.05157	0.11255	0.71870	0.01365	0.00629	0.00181	0.00271	0.01147	0.00491	0.00445
30	0.00625	0.00536	0.00536	0.00536	0.00714	0.00446	0.00402	0.00759	0.01205	0.01428	0.05355	0.05088	0.77909	0.01339	0.00625	0.00179	0.00268	0.01116	0.00491	0.00446
31	0.00748	0.00540	0.00707	0.00665	0.00790	0.00499	0.00499	0.00998	0.01496	0.02120	0.77844	0.03949	0.04988	0.01081	0.00624	0.00166	0.00249	0.00956	0.00582	0.00499
32	0.00644	0.00460	0.00613	0.00736	0.00767	0.00429	0.00491	0.00736	0.01012	0.01350	0.02914	0.81076	0.03497	0.01656	0.00675	0.00215	0.00307	0.01503	0.00491	0.00429
33	0.01096	0.00940	0.01096	0.00783	0.01253	0.00705	0.00626	0.01331	0.01096	0.01723	0.00940	0.01096	0.00783	0.00392	0.00392	0.00078	0.00392	0.00313	0.00313	0.84653
34	0.00985	0.00493	0.00493	0.00493	0.00616	0.00493	0.00370	0.01232	0.01109	0.01971	0.01725	0.01971	0.01355	0.00616	0.00370	0.00123	0.00246	0.00493	0.84356	0.00493
35	0.85155	0.01022	0.00777	0.00695	0.01022	0.01186	0.00573	0.01554	0.00900	0.02372	0.00736	0.00859	0.00573	0.00491	0.00327	0.00164	0.00409	0.00286	0.00327	0.00573
36	0.02372	0.00900	0.01227	0.00941	0.01350	0.00777	0.00777	0.02576	0.01513	0.78489	0.02086	0.01799	0.01309	0.00654	0.00532	0.00164	0.00450	0.00532	0.00654	0.00900
37	0.85155	0.01022	0.00777	0.00695	0.01022	0.01186	0.00573	0.01554	0.00900	0.02372	0.00736	0.00859	0.00573	0.00491	0.00327	0.00164	0.00409	0.00286	0.00327	0.00573
38	0.01308	0.01256	0.02146	0.03245	0.78123	0.01256	0.01622	0.01622	0.01204	0.01727	0.00994	0.01308	0.00837	0.00471	0.00523	0.00157	0.00628	0.00471	0.00262	0.00837
39	0.01344	0.01150	0.01212	0.01082	0.01386	0.01328	0.00844	0.05873	0.74057	0.02258	0.02115	0.01943	0.01584	0.00714	0.00538	0.00178	0.00425	0.00593	0.00538	0.00839
40	0.00644	0.00460	0.00613	0.00736	0.00767	0.00429	0.00491	0.00736	0.01012	0.01350	0.02914	0.81076	0.03497	0.01656	0.00675	0.00215	0.00307	0.01503	0.00491	0.00429
41	0.01269	0.01087	0.01156	0.01043	0.01327	0.01249	0.00809	0.02662	0.71027	0.02204	0.08295	0.02133	0.01888	0.00747	0.00545	0.00178	0.00405	0.00627	0.00541	0.00809
42	0.76477	0.01010	0.00824	0.00721	0.01057	0.01143	0.00594	0.01661	0.00964	0.10351	0.00878	0.00957	0.00650	0.00508	0.00349	0.00164	0.00413	0.00312	0.00361	0.00607
