[name]
unknown

[dist]
# distance from previous block
# <min> <max>
0	57

[block]
# block no. 0 follows, 42 sequences, length 49
# corresponding to MSA columns:
# 57-105
name=unknown_A
#
# <colnr> <probs for GDERKNQSTAVLIFYWHMCP>
#	G	D	E	R	K	N	Q	S	T	A	V	L	I	F	Y	W	H	M	C	P
0	0.08154	0.04662	0.05357	0.06525	0.01662	0.01292	0.01018	0.27130	0.07636	0.10488	0.01890	0.02494	0.04711	0.00840	0.00580	0.00188	0.00563	0.13526	0.00499	0.00785
1	0.01612	0.15010	0.01772	0.01154	0.01529	0.03871	0.11267	0.11455	0.01594	0.19518	0.17615	0.03751	0.05877	0.00775	0.00570	0.00168	0.00546	0.00667	0.00498	0.00752
2	0.04976	0.05280	0.12385	0.01971	0.11950	0.03210	0.34150	0.01751	0.01297	0.07008	0.01577	0.03135	0.07452	0.00611	0.00595	0.00180	0.00759	0.00625	0.00332	0.00759
3	0.01002	0.00658	0.00851	0.00750	0.00952	0.00583	0.00574	0.01261	0.01548	0.09337	0.61048	0.03652	0.04444	0.01026	0.00627	0.00166	0.00302	0.00899	0.00595	0.09723
4	0.01556	0.00885	0.01104	0.00862	0.01239	0.00726	0.00672	0.01752	0.01274	0.27981	0.01714	0.09206	0.01441	0.09681	0.00775	0.00181	0.00444	0.00590	0.00479	0.37438
5	0.01226	0.00998	0.01173	0.00841	0.01338	0.00754	0.00674	0.01475	0.01186	0.05124	0.01054	0.01200	0.00858	0.00429	0.00423	0.00087	0.00419	0.00344	0.00349	0.80047
6	0.01400	0.01209	0.01273	0.01145	0.01463	0.01400	0.00891	0.02990	0.75695	0.02354	0.02291	0.02100	0.01718	0.00764	0.00573	0.00191	0.00445	0.00636	0.00573	0.00891
7	0.01063	0.01000	0.01688	0.78870	0.03876	0.01250	0.01563	0.01438	0.01125	0.01438	0.01000	0.01500	0.00750	0.00563	0.00563	0.00188	0.00750	0.00500	0.00250	0.00625
8	0.00907	0.00648	0.00907	0.01036	0.01166	0.00648	0.00907	0.01166	0.01296	0.01684	0.02980	0.06348	0.03239	0.01555	0.00777	0.00259	0.00518	0.72924	0.00518	0.00518
9	0.02158	0.01649	0.01379	0.01167	0.01511	0.32648	0.00912	0.03746	0.03010	0.35944	0.08713	0.01755	0.01488	0.00693	0.00551	0.00163	0.00682	0.00525	0.00517	0.00790
10	0.00856	0.00762	0.01359	0.01204	0.01378	0.00713	0.20136	0.01053	0.01144	0.01533	0.02582	0.59132	0.02963	0.01422	0.00704	0.00218	0.00491	0.01352	0.00460	0.00537
11	0.04808	0.01352	0.02237	0.01717	0.02157	0.01405	0.36288	0.02365	0.36895	0.02097	0.01675	0.01771	0.01257	0.00615	0.00607	0.00190	0.00687	0.00636	0.00425	0.00816
12	0.01179	0.00929	0.01038	0.00967	0.01212	0.01004	0.00752	0.02123	0.40966	0.05355	0.15790	0.07944	0.10935	0.01024	0.00623	0.00195	0.00395	0.06264	0.00573	0.00729
13	0.00851	0.00592	0.00788	0.00779	0.00838	0.00645	0.00544	0.02521	0.00894	0.01242	0.01579	0.02775	0.01635	0.35866	0.39516	0.06490	0.01014	0.00683	0.00320	0.00427
14	0.01385	0.01329	0.02270	0.05279	0.74950	0.01335	0.01723	0.01720	0.01278	0.01829	0.01057	0.01395	0.00888	0.00503	0.00557	0.00168	0.00671	0.00501	0.00278	0.00885
15	0.41238	0.01074	0.01152	0.00963	0.01327	0.01147	0.04574	0.03588	0.11691	0.21670	0.01514	0.05391	0.01145	0.00665	0.00476	0.00180	0.00473	0.00507	0.00480	0.00746
16	0.01388	0.01350	0.02356	0.03379	0.71582	0.01343	0.06799	0.01732	0.01285	0.01836	0.01064	0.01402	0.00889	0.00500	0.00565	0.00169	0.00688	0.00513	0.00279	0.00882
17	0.01239	0.01042	0.01586	0.23687	0.20080	0.01170	0.01257	0.07747	0.01303	0.05007	0.04766	0.14435	0.01586	0.00861	0.00740	0.00195	0.09327	0.02903	0.00371	0.00696
18	0.01092	0.00851	0.01229	0.01493	0.20998	0.00837	0.00895	0.01489	0.08394	0.05862	0.42452	0.06666	0.03537	0.00948	0.00625	0.00178	0.00402	0.00850	0.00524	0.00678
19	0.38769	0.01094	0.01142	0.00923	0.01321	0.01137	0.00761	0.11435	0.01452	0.34600	0.01471	0.01399	0.00989	0.00616	0.00469	0.00173	0.00477	0.00442	0.00525	0.00803
20	0.02525	0.00958	0.01306	0.01001	0.01437	0.00827	0.00827	0.02743	0.01611	0.77102	0.02220	0.01915	0.01393	0.00697	0.00566	0.00174	0.00479	0.00566	0.00697	0.00958
21	0.01430	0.01533	0.13932	0.02701	0.49961	0.01274	0.03450	0.05492	0.01368	0.07150	0.03120	0.01588	0.03303	0.00572	0.00563	0.00171	0.00664	0.00530	0.00332	0.00865
22	0.11676	0.01326	0.02020	0.02848	0.58091	0.01369	0.01503	0.08880	0.03339	0.02103	0.01086	0.01348	0.00885	0.00528	0.00532	0.00169	0.00629	0.00481	0.00323	0.00863
23	0.84197	0.01088	0.00827	0.00740	0.01088	0.01262	0.00609	0.01654	0.00958	0.02525	0.00784	0.00914	0.00609	0.00522	0.00348	0.00174	0.00435	0.00305	0.00348	0.00609
24	0.00914	0.00735	0.00995	0.00935	0.00973	0.00893	0.00695	0.01020	0.00861	0.01237	0.01420	0.02528	0.01485	0.32161	0.30977	0.00608	0.20134	0.00657	0.00303	0.00469
25	0.01257	0.21426	0.40822	0.07997	0.12694	0.01533	0.03433	0.01723	0.01188	0.01651	0.00964	0.01180	0.00746	0.00518	0.00501	0.00164	0.00749	0.00413	0.00246	0.00795
26	0.00686	0.00490	0.00653	0.00784	0.00816	0.00457	0.00522	0.00784	0.01077	0.01437	0.03102	0.79855	0.03722	0.01763	0.00718	0.00229	0.00326	0.01600	0.00522	0.00457
27	0.00686	0.00490	0.00653	0.00784	0.00816	0.00457	0.00522	0.00784	0.01077	0.01437	0.03102	0.79855	0.03722	0.01763	0.00718	0.00229	0.00326	0.01600	0.00522	0.00457
28	0.01393	0.01337	0.02284	0.03454	0.76712	0.01337	0.01727	0.01727	0.01281	0.01839	0.01059	0.01393	0.00891	0.00501	0.00557	0.00167	0.00669	0.00501	0.00279	0.00891
29	0.01424	0.01347	0.02259	0.03364	0.73594	0.01354	0.01700	0.04767	0.01338	0.01910	0.01071	0.01391	0.00894	0.00509	0.00557	0.00167	0.00667	0.00502	0.00290	0.00894
30	0.01393	0.01337	0.02284	0.03454	0.76712	0.01337	0.01727	0.01727	0.01281	0.01839	0.01059	0.01393	0.00891	0.00501	0.00557	0.00167	0.00669	0.00501	0.00279	0.00891
31	0.02338	0.01097	0.01417	0.06480	0.01674	0.01059	0.00932	0.18580	0.01806	0.55590	0.01943	0.01762	0.01252	0.00683	0.00565	0.00174	0.00529	0.00548	0.00636	0.00934
32	0.01505	0.80561	0.02949	0.00963	0.01444	0.02227	0.00963	0.01685	0.01143	0.01324	0.00782	0.00903	0.00722	0.00481	0.00361	0.00120	0.00602	0.00301	0.00241	0.00722
33	0.02525	0.00958	0.01306	0.01001	0.01437	0.00827	0.00827	0.02743	0.01611	0.77102	0.02220	0.01915	0.01393	0.00697	0.00566	0.00174	0.00479	0.00566	0.00697	0.00958
34	0.00686	0.00490	0.00653	0.00784	0.00816	0.00457	0.00522	0.00784	0.01077	0.01437	0.03102	0.79855	0.03722	0.01763	0.00718	0.00229	0.00326	0.01600	0.00522	0.00457
35	0.01393	0.01325	0.02188	0.03234	0.69546	0.01343	0.01647	0.01847	0.08368	0.01888	0.01176	0.01460	0.00970	0.00526	0.00559	0.00169	0.00647	0.00514	0.00307	0.00891
36	0.01285	0.00744	0.01034	0.01069	0.06361	0.00694	0.00801	0.01537	0.01468	0.20102	0.26914	0.04189	0.06328	0.01136	0.00669	0.00202	0.00426	0.23809	0.00578	0.00653
37	0.01136	0.01075	0.01820	0.62217	0.19959	0.01269	0.01599	0.01502	0.01160	0.01526	0.01013	0.01477	0.00781	0.00549	0.00561	0.00183	0.00732	0.00500	0.00256	0.00684
38	0.00818	0.00549	0.00629	0.00629	0.00634	0.00554	0.00360	0.00828	0.00823	0.01102	0.01759	0.03606	0.02013	0.76257	0.06784	0.00564	0.00596	0.00807	0.00339	0.00349
39	0.01170	0.01203	0.02278	0.45943	0.03373	0.01345	0.27864	0.01563	0.01180	0.01563	0.01032	0.01488	0.00787	0.00560	0.00688	0.00192	0.06276	0.00559	0.00262	0.00673
40	0.01849	0.28244	0.03765	0.05299	0.08327	0.02765	0.01026	0.02175	0.06528	0.30974	0.01529	0.02800	0.01120	0.00616	0.00496	0.00158	0.00565	0.00482	0.00451	0.00833
41	0.00791	0.00596	0.00785	0.00853	0.00978	0.00589	0.00686	0.00985	0.01176	0.01524	0.03370	0.15409	0.21688	0.02139	0.17790	0.00380	0.00650	0.28644	0.00472	0.00495
42	0.01396	0.00667	0.00882	0.00841	0.01032	0.00604	0.00629	0.01561	0.01288	0.28836	0.02639	0.40957	0.02614	0.01249	0.00629	0.00199	0.00380	0.03162	0.09788	0.00647
43	0.01274	0.01216	0.02070	0.30610	0.50485	0.01306	0.01668	0.01623	0.01225	0.01694	0.01038	0.01432	0.00841	0.00523	0.00559	0.00174	0.00698	0.00501	0.00268	0.00796
44	0.01361	0.04643	0.47336	0.01507	0.02152	0.08532	0.06532	0.06923	0.01379	0.05601	0.04309	0.01596	0.01082	0.00624	0.00556	0.00177	0.00780	0.03797	0.00320	0.00795
45	0.00665	0.00570	0.00570	0.00570	0.00760	0.00475	0.00428	0.00808	0.01283	0.01520	0.05701	0.05416	0.76483	0.01425	0.00665	0.00190	0.00285	0.01188	0.00523	0.00475
46	0.01568	0.01087	0.01927	0.04870	0.01953	0.01065	0.26011	0.01870	0.01318	0.25702	0.01819	0.02130	0.05137	0.01186	0.11176	0.00288	0.05964	0.03745	0.00437	0.00747
47	0.01384	0.10765	0.26582	0.04443	0.32693	0.01373	0.01636	0.03504	0.01280	0.06966	0.01159	0.03692	0.00932	0.00568	0.00533	0.00168	0.00692	0.00489	0.00303	0.00838
48	0.07162	0.01174	0.01253	0.01118	0.01426	0.03200	0.02789	0.02650	0.56959	0.05532	0.03692	0.07183	0.01786	0.00806	0.00569	0.00190	0.00462	0.00676	0.00545	0.00828

[dist]
# distance from previous block
# <min> <max>
0	7

[block]
# block no. 1 follows, 42 sequences, length 17
# corresponding to MSA columns:
# 113-129
name=unknown_B
#
# <colnr> <probs for GDERKNQSTAVLIFYWHMCP>
#	G	D	E	R	K	N	Q	S	T	A	V	L	I	F	Y	W	H	M	C	P
0	0.01393	0.01337	0.02284	0.03454	0.76712	0.01337	0.01727	0.01727	0.01281	0.01839	0.01059	0.01393	0.00891	0.00501	0.00557	0.00167	0.00669	0.00501	0.00279	0.00891
1	0.17503	0.01035	0.01410	0.15568	0.08451	0.01126	0.05916	0.09431	0.03514	0.05030	0.01678	0.07483	0.01571	0.00868	0.00586	0.00200	0.00581	0.16961	0.00413	0.00676
2	0.08002	0.01731	0.19834	0.01263	0.01752	0.08181	0.03270	0.13378	0.12377	0.19335	0.04243	0.01594	0.01216	0.00650	0.00543	0.00175	0.00632	0.00512	0.00469	0.00842
3	0.01053	0.00659	0.00908	0.00967	0.01122	0.00635	0.00815	0.01294	0.01350	0.10127	0.12562	0.12078	0.03349	0.01424	0.00734	0.00236	0.00464	0.49108	0.00552	0.00563
4	0.05256	0.01212	0.01402	0.06127	0.01647	0.01270	0.00934	0.35126	0.04703	0.24702	0.02079	0.01989	0.09488	0.00755	0.00567	0.00175	0.00536	0.00596	0.00569	0.00866
5	0.04473	0.06593	0.31165	0.02536	0.02063	0.03413	0.10944	0.11127	0.09300	0.06676	0.04281	0.01557	0.01125	0.00615	0.00552	0.00176	0.00707	0.01512	0.00373	0.00813
6	0.01288	0.23087	0.32869	0.01335	0.01884	0.01466	0.05582	0.03871	0.01241	0.04087	0.01277	0.01866	0.01108	0.00684	0.00582	0.00175	0.04104	0.09947	0.02802	0.00746
7	0.03946	0.00853	0.01085	0.00960	0.01249	0.00816	0.00784	0.06819	0.04711	0.35061	0.02357	0.11521	0.02027	0.00997	0.00608	0.00195	0.00457	0.16587	0.08214	0.00753
8	0.01841	0.01551	0.10105	0.01628	0.14856	0.01421	0.01229	0.37389	0.03469	0.11630	0.01353	0.01406	0.00975	0.00611	0.00546	0.00163	0.00613	0.00490	0.00473	0.08250
9	0.03192	0.17685	0.28108	0.01280	0.01823	0.07338	0.01337	0.07738	0.13417	0.08568	0.01346	0.01484	0.01027	0.00619	0.00512	0.00167	0.00673	0.02501	0.00373	0.00813
10	0.02497	0.01003	0.01334	0.01023	0.01459	0.00894	0.00845	0.08024	0.01687	0.71713	0.02157	0.01874	0.01361	0.00695	0.00566	0.00174	0.00489	0.00562	0.00687	0.00958
11	0.01037	0.00763	0.00905	0.00826	0.00895	0.00849	0.00569	0.10627	0.01071	0.01463	0.01578	0.02968	0.01699	0.53960	0.09356	0.00496	0.09393	0.00721	0.00356	0.00467
12	0.00863	0.09445	0.00871	0.00662	0.00743	0.00716	0.00438	0.00910	0.00939	0.01204	0.02297	0.10342	0.11834	0.54047	0.02107	0.00423	0.00498	0.00879	0.00370	0.00411
13	0.09452	0.01452	0.01562	0.01207	0.01646	0.01582	0.00997	0.58880	0.02360	0.13128	0.01415	0.01387	0.00984	0.00665	0.00544	0.00170	0.00585	0.00497	0.00562	0.00926
14	0.00723	0.00516	0.00696	0.00826	0.00875	0.00489	0.00587	0.00848	0.01114	0.01478	0.03081	0.67481	0.03641	0.01728	0.00728	0.00234	0.00359	0.13606	0.00522	0.00467
15	0.01660	0.01412	0.09798	0.01195	0.01609	0.01348	0.01039	0.13427	0.44716	0.14476	0.01998	0.01858	0.01442	0.00714	0.00566	0.00184	0.00519	0.00581	0.00554	0.00905
16	0.01442	0.01617	0.12550	0.10569	0.02744	0.01392	0.43696	0.10602	0.01463	0.06498	0.01197	0.01477	0.00869	0.00530	0.00618	0.00185	0.00843	0.00588	0.00333	0.00789

[dist]
# distance from previous block
# <min> <max>
0	1

[block]
# block no. 2 follows, 42 sequences, length 16
# corresponding to MSA columns:
# 131-146
name=unknown_C
#
# <colnr> <probs for GDERKNQSTAVLIFYWHMCP>
#	G	D	E	R	K	N	Q	S	T	A	V	L	I	F	Y	W	H	M	C	P
0	0.02525	0.00958	0.01306	0.01001	0.01437	0.00827	0.00827	0.02743	0.01611	0.77102	0.02220	0.01915	0.01393	0.00697	0.00566	0.00174	0.00479	0.00566	0.00697	0.00958
1	0.01227	0.01579	0.16641	0.08327	0.16667	0.01266	0.28859	0.01708	0.03681	0.01778	0.01373	0.02099	0.01175	0.00653	0.00623	0.00192	0.00783	0.10296	0.00313	0.00759
2	0.00851	0.00572	0.00858	0.00858	0.00931	0.00645	0.00645	0.00931	0.00858	0.01218	0.01364	0.02076	0.01291	0.03609	0.57515	0.23253	0.01232	0.00572	0.00286	0.00433
3	0.02179	0.00873	0.01187	0.00955	0.01319	0.00760	0.00769	0.02383	0.01538	0.62650	0.06570	0.12535	0.01930	0.00866	0.00592	0.00182	0.00446	0.00731	0.00669	0.00866
4	0.02419	0.01392	0.01379	0.01114	0.01513	0.20233	0.00893	0.02618	0.01607	0.58050	0.01880	0.01689	0.01225	0.00667	0.00551	0.00167	0.00614	0.00515	0.00594	0.00881
5	0.63417	0.01391	0.11220	0.00921	0.01347	0.01325	0.00861	0.10234	0.01186	0.02545	0.00880	0.01002	0.00664	0.00542	0.00398	0.00174	0.00510	0.00343	0.00358	0.00680
6	0.01648	0.45817	0.02442	0.01417	0.11653	0.13197	0.01094	0.10388	0.04545	0.01705	0.00963	0.01088	0.00815	0.00533	0.00442	0.00139	0.00667	0.00375	0.00305	0.00769
7	0.00817	0.00548	0.00624	0.00621	0.00630	0.00545	0.00355	0.00836	0.00875	0.01177	0.07239	0.03721	0.02285	0.74432	0.02703	0.00519	0.00525	0.00833	0.00361	0.00355
8	0.01501	0.01114	0.01749	0.40999	0.19522	0.01229	0.01420	0.07617	0.01374	0.16090	0.01273	0.01543	0.00921	0.00583	0.00562	0.00179	0.00670	0.00513	0.00366	0.00774
9	0.07468	0.12038	0.01985	0.25456	0.04852	0.09626	0.10470	0.06270	0.06323	0.01740	0.01047	0.01332	0.00828	0.00595	0.00641	0.00177	0.07668	0.00474	0.00306	0.00703
10	0.01481	0.01539	0.02309	0.03061	0.58221	0.11659	0.09948	0.01806	0.01329	0.01772	0.01042	0.01356	0.00865	0.00509	0.00563	0.00167	0.00747	0.00501	0.00281	0.00844
11	0.00781	0.00575	0.00731	0.00692	0.00831	0.00524	0.00519	0.01032	0.01557	0.02171	0.68141	0.04346	0.13638	0.01183	0.00664	0.00179	0.00268	0.01038	0.00608	0.00524
12	0.01484	0.00958	0.07147	0.09148	0.01514	0.00786	0.00867	0.03597	0.01385	0.29802	0.04895	0.17838	0.16149	0.01030	0.00615	0.00190	0.00466	0.00880	0.00540	0.00710
13	0.01259	0.23085	0.35386	0.01302	0.01873	0.01478	0.03915	0.07461	0.01276	0.01758	0.04224	0.01401	0.01027	0.01052	0.10924	0.00260	0.00824	0.00451	0.00291	0.00753
14	0.21524	0.12300	0.11751	0.01153	0.01595	0.10372	0.01055	0.17968	0.13172	0.02328	0.01184	0.01243	0.00902	0.00597	0.00476	0.00166	0.00620	0.00422	0.00394	0.00780
15	0.03002	0.00992	0.00977	0.00887	0.01094	0.11072	0.00671	0.06287	0.05234	0.02117	0.42287	0.11181	0.03605	0.01017	0.00611	0.00171	0.00421	0.00869	0.00531	0.06974

[dist]
# distance from previous block
# <min> <max>
0	1

[block]
# block no. 3 follows, 42 sequences, length 31
# corresponding to MSA columns:
# 148-178
name=unknown_D
#
# <colnr> <probs for GDERKNQSTAVLIFYWHMCP>
#	G	D	E	R	K	N	Q	S	T	A	V	L	I	F	Y	W	H	M	C	P
0	0.01354	0.01179	0.01294	0.06224	0.06464	0.08655	0.00956	0.14252	0.16196	0.01999	0.01904	0.10765	0.01816	0.09493	0.00903	0.00235	0.03468	0.11700	0.00453	0.00690
1	0.01349	0.06465	0.01863	0.01377	0.01771	0.01324	0.19664	0.07554	0.30983	0.02179	0.10980	0.02003	0.01751	0.00684	0.00580	0.00174	0.00572	0.00634	0.00463	0.07630
2	0.02525	0.00958	0.01306	0.01001	0.01437	0.00827	0.00827	0.02743	0.01611	0.77102	0.02220	0.01915	0.01393	0.00697	0.00566	0.00174	0.00479	0.00566	0.00697	0.00958
3	0.01682	0.01717	0.23586	0.13820	0.02197	0.01321	0.01377	0.25814	0.01727	0.15796	0.01422	0.04607	0.01043	0.00664	0.00561	0.00178	0.00665	0.00534	0.00440	0.00847
4	0.00791	0.00801	0.08193	0.00750	0.00961	0.00591	0.00642	0.01044	0.01421	0.01930	0.44000	0.04246	0.26066	0.05188	0.00763	0.00200	0.00341	0.01000	0.00539	0.00534
5	0.01047	0.00981	0.01591	0.63707	0.03342	0.01223	0.01425	0.01381	0.01131	0.01475	0.05012	0.01797	0.04572	0.00674	0.00697	0.00193	0.08301	0.00558	0.00281	0.00612
6	0.01040	0.00682	0.00852	0.00802	0.00973	0.00664	0.00606	0.01449	0.11151	0.09384	0.44375	0.14466	0.04022	0.01128	0.00640	0.00185	0.00323	0.02264	0.04386	0.00608
7	0.15801	0.09197	0.18866	0.09042	0.01937	0.01328	0.08728	0.01790	0.10759	0.03817	0.01281	0.02734	0.01061	0.05887	0.00715	0.00205	0.03357	0.02446	0.00337	0.00711
8	0.10801	0.01444	0.01252	0.01069	0.01390	0.23339	0.00838	0.06365	0.04152	0.25576	0.16082	0.01965	0.01863	0.00733	0.00545	0.00166	0.00596	0.00566	0.00514	0.00746
9	0.17940	0.01108	0.01619	0.31943	0.02492	0.01308	0.09105	0.06336	0.01195	0.01849	0.01152	0.01808	0.00986	0.00705	0.00721	0.00199	0.11074	0.07493	0.00320	0.00647
10	0.00913	0.00884	0.05866	0.00818	0.01066	0.00773	0.00679	0.01479	0.19686	0.01945	0.23911	0.03988	0.33577	0.01128	0.00633	0.00186	0.00355	0.00954	0.00543	0.00616
11	0.01508	0.67845	0.10061	0.01057	0.01560	0.07190	0.01079	0.01732	0.01178	0.01372	0.00810	0.00938	0.00721	0.00493	0.00388	0.00128	0.00652	0.00316	0.00244	0.00728
12	0.02102	0.02682	0.01595	0.01450	0.01740	0.77963	0.01087	0.02247	0.01595	0.01377	0.00870	0.01015	0.00725	0.00580	0.00507	0.00145	0.01015	0.00362	0.00290	0.00652
13	0.00782	0.00575	0.00733	0.00693	0.00832	0.00525	0.00520	0.01035	0.01560	0.02177	0.68798	0.04334	0.12976	0.01180	0.00664	0.00178	0.00268	0.01036	0.00609	0.00525
14	0.02525	0.00958	0.01306	0.01001	0.01437	0.00827	0.00827	0.02743	0.01611	0.77102	0.02220	0.01915	0.01393	0.00697	0.00566	0.00174	0.00479	0.00566	0.00697	0.00958
15	0.84197	0.01088	0.00827	0.00740	0.01088	0.01262	0.00609	0.01654	0.00958	0.02525	0.00784	0.00914	0.00609	0.00522	0.00348	0.00174	0.00435	0.00305	0.00348	0.00609
16	0.00796	0.00575	0.00752	0.00708	0.00841	0.00531	0.00531	0.01062	0.01593	0.02257	0.76415	0.04204	0.05310	0.01150	0.00664	0.00177	0.00265	0.01018	0.00619	0.00531
17	0.01345	0.01467	0.09511	0.08261	0.64702	0.01328	0.01750	0.01713	0.01262	0.01807	0.01050	0.01380	0.00865	0.00509	0.00555	0.00170	0.00690	0.00493	0.00273	0.00868
18	0.00683	0.00498	0.00644	0.00761	0.00810	0.00459	0.00512	0.00786	0.01100	0.01446	0.03382	0.71837	0.11559	0.01727	0.00713	0.00224	0.00322	0.01555	0.00522	0.00459
19	0.01167	0.01000	0.01167	0.00834	0.01334	0.00750	0.00667	0.01417	0.01167	0.01834	0.01000	0.01167	0.00834	0.00417	0.00417	0.00083	0.00417	0.00333	0.00333	0.83663
20	0.00814	0.00619	0.00832	0.08278	0.01139	0.00600	0.00635	0.01079	0.01509	0.02089	0.59973	0.04131	0.11273	0.01133	0.00658	0.00182	0.00324	0.03625	0.00571	0.00535
21	0.00827	0.00555	0.00642	0.00655	0.00667	0.00555	0.00396	0.00852	0.00865	0.01149	0.01890	0.03941	0.02161	0.72603	0.02662	0.00518	0.00543	0.07802	0.00358	0.00358
22	0.01358	0.01335	0.05257	0.12655	0.09478	0.01386	0.13154	0.05363	0.39254	0.02106	0.01701	0.01778	0.01281	0.00648	0.00582	0.00186	0.00617	0.00593	0.00435	0.00832
23	0.01294	0.05786	0.26345	0.01601	0.08046	0.01273	0.13384	0.12123	0.01467	0.02062	0.09786	0.01737	0.03224	0.00701	0.02194	0.00183	0.00700	0.00556	0.00355	0.07184
24	0.01028	0.00839	0.01017	0.01018	0.04844	0.05867	0.00731	0.01215	0.01198	0.05171	0.20116	0.02949	0.10178	0.09777	0.23517	0.00431	0.08382	0.00753	0.00418	0.00553
25	0.04253	0.13562	0.38187	0.05010	0.04298	0.01316	0.01449	0.01605	0.01113	0.04643	0.01129	0.01596	0.00964	0.13543	0.00952	0.00233	0.04676	0.00477	0.00280	0.00714
26	0.01212	0.08703	0.01324	0.08621	0.01525	0.01226	0.00861	0.03480	0.39357	0.02083	0.15222	0.05184	0.07153	0.00861	0.00578	0.00182	0.00447	0.00725	0.00512	0.00744
27	0.32111	0.09417	0.16900	0.01149	0.01632	0.04502	0.03623	0.14788	0.05803	0.03727	0.01062	0.01160	0.00796	0.00566	0.00460	0.00169	0.00607	0.00402	0.00368	0.00757
28	0.03680	0.01008	0.01404	0.22270	0.02063	0.01060	0.03591	0.14023	0.01594	0.23236	0.13639	0.05116	0.01829	0.00759	0.00581	0.00179	0.00548	0.00648	0.02018	0.00755
29	0.01293	0.09060	0.44308	0.01389	0.02021	0.01231	0.06386	0.01803	0.02706	0.10160	0.10808	0.01668	0.01409	0.00624	0.00546	0.00171	0.00690	0.00518	0.00349	0.02861
30	0.10396	0.01195	0.01578	0.04889	0.23395	0.04205	0.01128	0.09071	0.01468	0.22018	0.06805	0.01741	0.02887	0.00677	0.00634	0.00176	0.05928	0.00544	0.00451	0.00812

[dist]
# distance from previous block
# <min> <max>
0	6

[block]
# block no. 4 follows, 42 sequences, length 33
# corresponding to MSA columns:
# 185-217
name=unknown_E
#
# <colnr> <probs for GDERKNQSTAVLIFYWHMCP>
#	G	D	E	R	K	N	Q	S	T	A	V	L	I	F	Y	W	H	M	C	P
0	0.01478	0.32522	0.27036	0.01408	0.02013	0.01624	0.13443	0.01865	0.01246	0.10813	0.01091	0.01221	0.00823	0.00524	0.00493	0.00157	0.00719	0.00431	0.00303	0.00793
1	0.01802	0.02074	0.06738	0.05816	0.01956	0.38000	0.08597	0.17745	0.01742	0.01992	0.07169	0.01437	0.01162	0.00632	0.00553	0.00162	0.00834	0.00489	0.00370	0.00730
2	0.00698	0.00531	0.00614	0.00671	0.00762	0.00478	0.00456	0.00799	0.01119	0.01416	0.03934	0.38001	0.32623	0.14004	0.01036	0.00263	0.00344	0.01311	0.00494	0.00446
3	0.71927	0.01055	0.00851	0.00764	0.01093	0.01212	0.00622	0.01694	0.05956	0.02492	0.07041	0.01260	0.01066	0.00589	0.00389	0.00175	0.00422	0.00385	0.00385	0.00622
4	0.00708	0.00506	0.00679	0.00809	0.00852	0.00476	0.00561	0.00822	0.01100	0.01462	0.03089	0.72396	0.03673	0.01742	0.00724	0.00232	0.00346	0.08838	0.00522	0.00463
5	0.04030	0.01094	0.01205	0.00994	0.01339	0.07188	0.00794	0.08315	0.10027	0.37385	0.13054	0.02409	0.08034	0.00814	0.00578	0.00175	0.00483	0.00662	0.00604	0.00815
6	0.58565	0.01114	0.01236	0.12505	0.03822	0.01257	0.07297	0.01687	0.01054	0.05692	0.00920	0.01113	0.00696	0.00531	0.00424	0.00177	0.00536	0.00383	0.00342	0.00649
7	0.84197	0.01088	0.00827	0.00740	0.01088	0.01262	0.00609	0.01654	0.00958	0.02525	0.00784	0.00914	0.00609	0.00522	0.00348	0.00174	0.00435	0.00305	0.00348	0.00609
8	0.84197	0.01088	0.00827	0.00740	0.01088	0.01262	0.00609	0.01654	0.00958	0.02525	0.00784	0.00914	0.00609	0.00522	0.00348	0.00174	0.00435	0.00305	0.00348	0.00609
9	0.22365	0.01246	0.02030	0.21490	0.16343	0.01333	0.21521	0.03934	0.01215	0.01955	0.01005	0.01332	0.00776	0.00520	0.00535	0.00180	0.00706	0.00496	0.00300	0.00718
10	0.01355	0.01522	0.10026	0.02943	0.51722	0.01353	0.14786	0.01817	0.05468	0.01855	0.01137	0.01434	0.00913	0.00515	0.00575	0.00174	0.00723	0.00529	0.00292	0.00862
11	0.00681	0.00564	0.00596	0.00602	0.00773	0.00479	0.00446	0.00832	0.01298	0.01590	0.12878	0.11350	0.63122	0.01424	0.00669	0.00192	0.00286	0.01204	0.00533	0.00479
12	0.17350	0.01612	0.19102	0.01552	0.04350	0.03378	0.22617	0.01786	0.03884	0.07388	0.06354	0.05583	0.01292	0.00640	0.00558	0.00182	0.00686	0.00589	0.00361	0.00736
13	0.01714	0.01903	0.15304	0.01867	0.13108	0.19539	0.16437	0.05327	0.01463	0.14474	0.01269	0.02839	0.00953	0.00585	0.00568	0.00171	0.00797	0.00518	0.00363	0.00803
14	0.01316	0.00673	0.00764	0.00682	0.00883	0.00657	0.00530	0.06516	0.01415	0.14054	0.13882	0.02358	0.02025	0.00743	0.00476	0.00148	0.00321	0.00609	0.51327	0.00623
15	0.01164	0.01148	0.02081	0.52956	0.15219	0.01296	0.14959	0.01550	0.01187	0.01568	0.01035	0.01487	0.00791	0.00537	0.00580	0.00185	0.00774	0.00530	0.00261	0.00692
16	0.01415	0.14929	0.37903	0.01820	0.17300	0.01507	0.01659	0.11470	0.01405	0.03979	0.01061	0.01225	0.00801	0.00542	0.00516	0.00165	0.00724	0.00431	0.00302	0.00846
17	0.01250	0.01147	0.01906	0.05251	0.55512	0.01151	0.01479	0.01567	0.01310	0.01845	0.08987	0.02413	0.01682	0.00725	0.00601	0.00182	0.00608	0.11244	0.00348	0.00791
18	0.00857	0.00537	0.00671	0.00671	0.00680	0.00546	0.00411	0.00814	0.00805	0.01083	0.01550	0.03055	0.01720	0.53661	0.09684	0.21273	0.00621	0.00716	0.00313	0.00332
19	0.03528	0.01195	0.01774	0.21248	0.07739	0.01314	0.12757	0.05500	0.27355	0.06984	0.01625	0.01848	0.01234	0.00656	0.00583	0.00188	0.00630	0.02626	0.00424	0.00792
20	0.01461	0.07873	0.11048	0.01088	0.01462	0.02710	0.02880	0.18437	0.03086	0.11141	0.24256	0.04277	0.05029	0.00840	0.00602	0.00173	0.01690	0.00694	0.00508	0.00746
21	0.00734	0.00509	0.00680	0.00765	0.00809	0.00485	0.00518	0.00826	0.01091	0.01475	0.11730	0.56573	0.03505	0.06823	0.04489	0.06298	0.00399	0.01353	0.00492	0.00445
22	0.00705	0.00510	0.00667	0.00758	0.00818	0.00472	0.00519	0.00837	0.01185	0.01594	0.16876	0.61604	0.08112	0.01630	0.00705	0.00217	0.00313	0.01468	0.00540	0.00472
23	0.01353	0.01545	0.15572	0.23762	0.09981	0.03150	0.13799	0.09782	0.03739	0.05345	0.01282	0.05855	0.01024	0.00630	0.00582	0.00183	0.00736	0.00579	0.00338	0.00763
24	0.01680	0.01230	0.01430	0.09230	0.09931	0.13691	0.03365	0.04186	0.01513	0.24395	0.14357	0.02375	0.05918	0.00782	0.00588	0.00175	0.00591	0.03326	0.00491	0.00745
25	0.00683	0.00502	0.00641	0.00752	0.00808	0.00460	0.00508	0.00787	0.01108	0.01449	0.03485	0.68867	0.14462	0.01713	0.00710	0.00223	0.00320	0.01539	0.00522	0.00460
26	0.00705	0.00569	0.00627	0.00618	0.00786	0.00491	0.00462	0.00882	0.01367	0.01735	0.26517	0.07688	0.52868	0.01356	0.00667	0.00188	0.00281	0.01152	0.00551	0.00491
27	0.01298	0.01247	0.01998	0.16618	0.53312	0.03948	0.01554	0.01626	0.01296	0.01793	0.08688	0.01684	0.01309	0.00581	0.00567	0.00171	0.00655	0.00549	0.00308	0.00799
28	0.00685	0.00493	0.00649	0.00774	0.00814	0.00458	0.00518	0.00785	0.01087	0.01440	0.03221	0.76451	0.07049	0.01748	0.00716	0.00227	0.00325	0.01581	0.00522	0.00458
29	0.02468	0.01049	0.01363	0.01045	0.01482	0.00963	0.00863	0.13384	0.01764	0.66244	0.02092	0.01832	0.01329	0.00693	0.00565	0.00173	0.00500	0.00557	0.00677	0.00958
30	0.10466	0.01527	0.01601	0.01239	0.01679	0.01696	0.01023	0.67409	0.02475	0.03443	0.01294	0.01307	0.00922	0.00660	0.00541	0.00169	0.00601	0.00486	0.00541	0.00922
31	0.00686	0.00490	0.00653	0.00784	0.00816	0.00457	0.00522	0.00784	0.01077	0.01437	0.03102	0.79855	0.03722	0.01763	0.00718	0.00229	0.00326	0.01600	0.00522	0.00457
32	0.01328	0.01518	0.03321	0.02372	0.02941	0.01423	0.74668	0.01803	0.01328	0.01803	0.01139	0.01518	0.00854	0.00474	0.00664	0.00190	0.00949	0.00664	0.00285	0.00759

[dist]
# distance from previous block
# <min> <max>
0	5

[block]
# block no. 5 follows, 42 sequences, length 66
# corresponding to MSA columns:
# 223-288
name=unknown_F
#
# <colnr> <probs for GDERKNQSTAVLIFYWHMCP>
#	G	D	E	R	K	N	Q	S	T	A	V	L	I	F	Y	W	H	M	C	P
0	0.01400	0.01209	0.01273	0.01145	0.01463	0.01400	0.00891	0.02990	0.75695	0.02354	0.02291	0.02100	0.01718	0.00764	0.00573	0.00191	0.00445	0.00636	0.00573	0.00891
1	0.02062	0.01571	0.01844	0.01398	0.01859	0.01714	0.08086	0.67873	0.02520	0.03380	0.01331	0.01367	0.00947	0.00656	0.00573	0.00171	0.00651	0.00522	0.00536	0.00938
2	0.00818	0.00546	0.00614	0.00614	0.00614	0.00546	0.00341	0.00818	0.00818	0.01091	0.01773	0.03683	0.02046	0.80222	0.02864	0.00546	0.00546	0.00818	0.00341	0.00341
3	0.00982	0.00661	0.00903	0.00821	0.01001	0.00611	0.03505	0.01260	0.03417	0.09221	0.49273	0.10515	0.10396	0.01162	0.00661	0.00186	0.00335	0.03919	0.00592	0.00578
4	0.01603	0.01208	0.01311	0.01139	0.01483	0.01356	0.00898	0.08893	0.60320	0.11879	0.02204	0.02015	0.01614	0.00748	0.00571	0.00187	0.00464	0.00617	0.00587	0.00905
5	0.00717	0.00512	0.00689	0.00819	0.00866	0.00484	0.00577	0.00838	0.01108	0.01472	0.03085	0.69477	0.03654	0.01734	0.00727	0.00233	0.00354	0.11670	0.00522	0.00466
6	0.01505	0.80561	0.02949	0.00963	0.01444	0.02227	0.00963	0.01685	0.01143	0.01324	0.00782	0.00903	0.00722	0.00481	0.00361	0.00120	0.00602	0.00301	0.00241	0.00722
7	0.01148	0.02778	0.70253	0.01677	0.02484	0.01318	0.08999	0.01784	0.01202	0.01784	0.01022	0.01220	0.00726	0.00529	0.00547	0.00179	0.00843	0.00440	0.00242	0.00825
8	0.02488	0.01017	0.01342	0.01029	0.01466	0.00915	0.00850	0.09615	0.01709	0.70089	0.02137	0.01862	0.01351	0.00695	0.00566	0.00174	0.00492	0.00560	0.00684	0.00958
9	0.00708	0.00523	0.00668	0.00775	0.00847	0.00483	0.00551	0.00833	0.01140	0.01481	0.03550	0.57970	0.16611	0.01678	0.00716	0.00225	0.00342	0.09911	0.00522	0.00467
10	0.01393	0.01337	0.02284	0.03454	0.76712	0.01337	0.01727	0.01727	0.01281	0.01839	0.01059	0.01393	0.00891	0.00501	0.00557	0.00167	0.00669	0.00501	0.00279	0.00891
11	0.00786	0.00567	0.00743	0.00715	0.00838	0.00524	0.00530	0.01035	0.01544	0.02179	0.69426	0.11416	0.05159	0.01209	0.00669	0.00182	0.00271	0.01073	0.00610	0.00524
12	0.01400	0.01209	0.01273	0.01145	0.01463	0.01400	0.00891	0.02990	0.75695	0.02354	0.02291	0.02100	0.01718	0.00764	0.00573	0.00191	0.00445	0.00636	0.00573	0.00891
13	0.02143	0.02518	0.01567	0.01407	0.01711	0.70609	0.01063	0.02294	0.01596	0.08596	0.00999	0.01101	0.00789	0.00591	0.00513	0.00148	0.00964	0.00382	0.00329	0.00682
14	0.01063	0.01000	0.01688	0.78870	0.03876	0.01250	0.01563	0.01438	0.01125	0.01438	0.01000	0.01500	0.00750	0.00563	0.00563	0.00188	0.00750	0.00500	0.00250	0.00625
15	0.01063	0.01000	0.01688	0.78870	0.03876	0.01250	0.01563	0.01438	0.01125	0.01438	0.01000	0.01500	0.00750	0.00563	0.00563	0.00188	0.00750	0.00500	0.00250	0.00625
16	0.00796	0.00575	0.00752	0.00708	0.00841	0.00531	0.00531	0.01062	0.01593	0.02257	0.76415	0.04204	0.05310	0.01150	0.00664	0.00177	0.00265	0.01018	0.00619	0.00531
17	0.02102	0.02682	0.01595	0.01450	0.01740	0.77963	0.01087	0.02247	0.01595	0.01377	0.00870	0.01015	0.00725	0.00580	0.00507	0.00145	0.01015	0.00362	0.00290	0.00652
18	0.02525	0.00958	0.01306	0.01001	0.01437	0.00827	0.00827	0.02743	0.01611	0.77102	0.02220	0.01915	0.01393	0.00697	0.00566	0.00174	0.00479	0.00566	0.00697	0.00958
19	0.00686	0.00490	0.00653	0.00784	0.00816	0.00457	0.00522	0.00784	0.01077	0.01437	0.03102	0.79855	0.03722	0.01763	0.00718	0.00229	0.00326	0.01600	0.00522	0.00457
20	0.01303	0.38911	0.42833	0.01307	0.01976	0.01733	0.01562	0.01737	0.01167	0.01570	0.00904	0.01056	0.00717	0.00510	0.00454	0.00151	0.00725	0.00363	0.00239	0.00781
21	0.02031	0.02519	0.01543	0.01397	0.01677	0.70673	0.01045	0.04955	0.01591	0.01445	0.00939	0.01178	0.00808	0.05072	0.00642	0.00168	0.00973	0.00394	0.00303	0.00647
22	0.00796	0.00575	0.00752	0.00708	0.00841	0.00531	0.00531	0.01062	0.01593	0.02257	0.76415	0.04204	0.05310	0.01150	0.00664	0.00177	0.00265	0.01018	0.00619	0.00531
23	0.01248	0.01052	0.01141	0.01050	0.01315	0.01189	0.00806	0.02512	0.58286	0.02253	0.12667	0.09805	0.02408	0.00913	0.00599	0.00193	0.00409	0.00781	0.00574	0.00799
24	0.00669	0.00554	0.00586	0.00612	0.00771	0.00472	0.00446	0.00803	0.01242	0.01504	0.05187	0.20129	0.62102	0.01492	0.00676	0.00198	0.00293	0.01269	0.00523	0.00472
25	0.01167	0.01000	0.01167	0.00834	0.01334	0.00750	0.00667	0.01417	0.01167	0.01834	0.01000	0.01167	0.00834	0.00417	0.00417	0.00083	0.00417	0.00333	0.00333	0.83663
26	0.07988	0.01067	0.01723	0.58995	0.16608	0.01267	0.01513	0.01507	0.01139	0.01599	0.00993	0.01433	0.00764	0.00548	0.00544	0.00183	0.00710	0.00484	0.00263	0.00671
27	0.00699	0.00577	0.00619	0.00636	0.00812	0.00497	0.00490	0.00859	0.01292	0.01568	0.08345	0.07572	0.62951	0.01438	0.00679	0.00199	0.00312	0.09448	0.00526	0.00482
28	0.01257	0.14498	0.41276	0.01372	0.03861	0.01313	0.03617	0.01772	0.05422	0.07251	0.01671	0.04792	0.08173	0.00682	0.00536	0.00173	0.00675	0.00551	0.00332	0.00778
29	0.17984	0.04953	0.11270	0.03463	0.23972	0.08581	0.04191	0.01959	0.04711	0.12033	0.01183	0.01325	0.00891	0.00555	0.00506	0.00169	0.00650	0.00451	0.00356	0.00796
30	0.01125	0.00946	0.01022	0.00938	0.01190	0.01030	0.00722	0.02144	0.45024	0.02171	0.19159	0.03205	0.17043	0.00977	0.00611	0.00188	0.00375	0.00827	0.00573	0.00731
31	0.00679	0.00547	0.00605	0.00641	0.00781	0.00473	0.00461	0.00815	0.01240	0.01537	0.08919	0.27321	0.50994	0.01509	0.00681	0.00201	0.00296	0.01300	0.00528	0.00473
32	0.03549	0.27354	0.02094	0.08718	0.07707	0.01720	0.01106	0.26040	0.01682	0.09783	0.01157	0.01264	0.00882	0.00599	0.00547	0.00159	0.03979	0.00439	0.00400	0.00821
33	0.00804	0.00603	0.00904	0.00904	0.01005	0.00703	0.00703	0.01005	0.00904	0.01306	0.01507	0.02211	0.01407	0.04221	0.77992	0.00904	0.01507	0.00603	0.00301	0.00502
34	0.00665	0.00570	0.00570	0.00570	0.00760	0.00475	0.00428	0.00808	0.01283	0.01520	0.05701	0.05416	0.76483	0.01425	0.00665	0.00190	0.00285	0.01188	0.00523	0.00475
35	0.01698	0.11401	0.09560	0.01177	0.01589	0.09803	0.01047	0.22448	0.12331	0.09792	0.10573	0.01840	0.01598	0.00714	0.00547	0.00167	0.00599	0.01824	0.00480	0.00812
36	0.01256	0.01116	0.01666	0.54822	0.07399	0.01335	0.01422	0.10463	0.11388	0.01837	0.01220	0.01557	0.00914	0.00600	0.00564	0.00185	0.00689	0.00519	0.00333	0.00716
37	0.01129	0.02911	0.77306	0.01604	0.02436	0.01307	0.02079	0.01782	0.01188	0.01782	0.01010	0.01188	0.00713	0.00535	0.00535	0.00178	0.00832	0.00416	0.00238	0.00832
38	0.00686	0.00490	0.00653	0.00784	0.00816	0.00457	0.00522	0.00784	0.01077	0.01437	0.03102	0.79855	0.03722	0.01763	0.00718	0.00229	0.00326	0.01600	0.00522	0.00457
39	0.01505	0.80561	0.02949	0.00963	0.01444	0.02227	0.00963	0.01685	0.01143	0.01324	0.00782	0.00903	0.00722	0.00481	0.00361	0.00120	0.00602	0.00301	0.00241	0.00722
40	0.01129	0.02911	0.77306	0.01604	0.02436	0.01307	0.02079	0.01782	0.01188	0.01782	0.01010	0.01188	0.00713	0.00535	0.00535	0.00178	0.00832	0.00416	0.00238	0.00832
41	0.00719	0.00514	0.00692	0.00822	0.00869	0.00486	0.00581	0.00842	0.01111	0.01474	0.03083	0.68705	0.03649	0.01731	0.00727	0.00233	0.00356	0.12419	0.00522	0.00466
42	0.01129	0.02911	0.77306	0.01604	0.02436	0.01307	0.02079	0.01782	0.01188	0.01782	0.01010	0.01188	0.00713	0.00535	0.00535	0.00178	0.00832	0.00416	0.00238	0.00832
43	0.01063	0.01000	0.01688	0.78870	0.03876	0.01250	0.01563	0.01438	0.01125	0.01438	0.01000	0.01500	0.00750	0.00563	0.00563	0.00188	0.00750	0.00500	0.00250	0.00625
44	0.01129	0.02911	0.77306	0.01604	0.02436	0.01307	0.02079	0.01782	0.01188	0.01782	0.01010	0.01188	0.00713	0.00535	0.00535	0.00178	0.00832	0.00416	0.00238	0.00832
45	0.01448	0.68782	0.14228	0.01060	0.01595	0.02087	0.01132	0.01700	0.01150	0.01394	0.00817	0.00946	0.00721	0.00490	0.00387	0.00129	0.00637	0.00318	0.00240	0.00739
46	0.00833	0.00576	0.00651	0.00642	0.00675	0.00575	0.00385	0.00927	0.03887	0.01271	0.09078	0.03744	0.05534	0.66150	0.02469	0.00481	0.00504	0.00846	0.00385	0.00387
47	0.01032	0.00818	0.00948	0.00882	0.01064	0.00884	0.00659	0.01765	0.29926	0.02042	0.30388	0.03132	0.03103	0.12281	0.08306	0.00303	0.00492	0.00804	0.00532	0.00640
48	0.01063	0.01000	0.01688	0.78870	0.03876	0.01250	0.01563	0.01438	0.01125	0.01438	0.01000	0.01500	0.00750	0.00563	0.00563	0.00188	0.00750	0.00500	0.00250	0.00625
49	0.00688	0.00529	0.00631	0.00695	0.00797	0.00471	0.00487	0.00819	0.01205	0.01547	0.11081	0.44279	0.31598	0.01576	0.00693	0.00209	0.00305	0.01387	0.00532	0.00471
50	0.01393	0.01337	0.02284	0.03454	0.76712	0.01337	0.01727	0.01727	0.01281	0.01839	0.01059	0.01393	0.00891	0.00501	0.00557	0.00167	0.00669	0.00501	0.00279	0.00891
51	0.01269	0.01185	0.01990	0.02968	0.62691	0.01180	0.01516	0.01564	0.01250	0.01772	0.01433	0.13637	0.01400	0.00728	0.00589	0.00179	0.00611	0.02899	0.00324	0.00813
52	0.00807	0.00573	0.00743	0.00701	0.00833	0.00531	0.00525	0.01072	0.01576	0.02250	0.73407	0.04119	0.05154	0.01131	0.00653	0.00175	0.00265	0.00998	0.03956	0.00531
53	0.01150	0.01182	0.02351	0.05123	0.11880	0.01131	0.40581	0.01512	0.01300	0.01780	0.10135	0.15748	0.01878	0.00789	0.00656	0.00192	0.00715	0.00844	0.00363	0.00691
54	0.12686	0.07490	0.13324	0.04456	0.06037	0.01181	0.07186	0.03775	0.01386	0.34748	0.01512	0.01503	0.01026	0.00597	0.00524	0.00172	0.00601	0.00489	0.00467	0.00841
55	0.01544	0.01645	0.01700	0.01832	0.19893	0.27296	0.06793	0.06494	0.04537	0.01875	0.14585	0.02079	0.01788	0.00723	0.00581	0.00169	0.00716	0.04646	0.00387	0.00719
56	0.01520	0.01464	0.02174	0.03091	0.63689	0.07279	0.01614	0.08836	0.01437	0.01968	0.01072	0.01360	0.00885	0.00524	0.00554	0.00166	0.00690	0.00491	0.00307	0.00879
57	0.01187	0.05865	0.14695	0.15110	0.11397	0.01190	0.13550	0.05293	0.01324	0.03661	0.03621	0.02291	0.16936	0.00735	0.00587	0.00179	0.00657	0.00660	0.00350	0.00713
58	0.01212	0.08836	0.30818	0.12299	0.10928	0.01279	0.04461	0.04590	0.02794	0.03473	0.08100	0.03359	0.04145	0.00656	0.00554	0.00175	0.00679	0.00557	0.00328	0.00758
59	0.06022	0.01299	0.11846	0.09627	0.16544	0.01115	0.06573	0.04591	0.01295	0.12031	0.05005	0.07428	0.04975	0.04471	0.00745	0.00201	0.04460	0.00648	0.00389	0.00736
60	0.01534	0.01597	0.25644	0.04476	0.04208	0.01029	0.07556	0.01952	0.03489	0.25041	0.01917	0.05637	0.07310	0.00712	0.00571	0.00176	0.00621	0.00612	0.00437	0.05480
61	0.01723	0.01174	0.03682	0.08051	0.32801	0.01099	0.01274	0.04893	0.01429	0.27092	0.03677	0.03406	0.01235	0.00622	0.00559	0.00168	0.00580	0.00551	0.00445	0.05538
62	0.01493	0.03179	0.21995	0.08097	0.04728	0.03217	0.02752	0.01836	0.01320	0.23138	0.04829	0.13176	0.01565	0.00782	0.00571	0.00178	0.00599	0.00666	0.00437	0.05442
63	0.01340	0.05431	0.41338	0.01427	0.02043	0.01212	0.08926	0.04777	0.03785	0.11453	0.06458	0.03132	0.04844	0.00665	0.00565	0.00178	0.00695	0.00564	0.00369	0.00799
64	0.01514	0.09150	0.08307	0.06780	0.06116	0.02728	0.14703	0.04045	0.08446	0.17293	0.01768	0.09507	0.02967	0.00755	0.00585	0.00182	0.00631	0.03320	0.00431	0.00772
65	0.01783	0.03528	0.10759	0.05370	0.08139	0.02910	0.01058	0.03606	0.01450	0.36314	0.07410	0.07445	0.02879	0.00754	0.00567	0.00173	0.00541	0.00633	0.00518	0.04165

[dist]
# distance from previous block
# <min> <max>
3	46

[block]
# block no. 6 follows, 42 sequences, length 8
# corresponding to MSA columns:
# 338-345
name=unknown_G
#
# <colnr> <probs for GDERKNQSTAVLIFYWHMCP>
#	G	D	E	R	K	N	Q	S	T	A	V	L	I	F	Y	W	H	M	C	P
0	0.07078	0.05734	0.07928	0.08401	0.05667	0.11512	0.03435	0.19855	0.01653	0.15331	0.01417	0.07027	0.01122	0.00688	0.00543	0.00172	0.00656	0.00549	0.00437	0.00796
1	0.15468	0.27288	0.04246	0.04794	0.04629	0.01477	0.00953	0.05392	0.01314	0.17764	0.07171	0.01476	0.01231	0.00624	0.00523	0.00160	0.03881	0.00454	0.00403	0.00751
2	0.17575	0.13760	0.17505	0.08094	0.06473	0.01395	0.01206	0.08192	0.01284	0.08050	0.01108	0.03352	0.00875	0.00592	0.00523	0.00165	0.03293	0.00439	0.00343	0.05775
3	0.01523	0.42837	0.02326	0.08360	0.08376	0.08762	0.01090	0.05517	0.13047	0.01657	0.01101	0.01222	0.00909	0.00554	0.00453	0.00146	0.00635	0.00405	0.00318	0.00760
4	0.00923	0.00695	0.00863	0.00938	0.07789	0.00615	0.00636	0.01121	0.01305	0.05577	0.12242	0.10030	0.36698	0.01178	0.00626	0.00181	0.00356	0.05595	0.04716	0.07916
5	0.01053	0.00732	0.00989	0.01139	0.07750	0.00728	0.00785	0.01405	0.10583	0.08524	0.02712	0.40387	0.02904	0.01384	0.00684	0.00220	0.00426	0.16464	0.00522	0.00609
6	0.14799	0.12607	0.12165	0.01131	0.01591	0.01277	0.04156	0.07121	0.01373	0.24989	0.01424	0.01600	0.01057	0.00644	0.00559	0.00170	0.03937	0.03904	0.00440	0.05056
7	0.15741	0.16795	0.10552	0.01235	0.01701	0.06283	0.10191	0.02060	0.06715	0.18545	0.01291	0.01345	0.00943	0.00577	0.00516	0.00165	0.02132	0.00452	0.00395	0.02366

[dist]
# distance from previous block
# <min> <max>
8	268

# created by:
# /home/berkeley/.conda/envs/busco_data_prod/bin/msa2prfl.pl pipeline/OGs_align_augustus/33634/161777.fs
