[name]
unknown

[dist]
# distance from previous block
# <min> <max>
0	544

[block]
# block no. 0 follows, 44 sequences, length 18
# corresponding to MSA columns:
# 544-561
name=unknown_A
#
# <colnr> <probs for GDERKNQSTAVLIFYWHMCP>
#	G	D	E	R	K	N	Q	S	T	A	V	L	I	F	Y	W	H	M	C	P
0	0.14065	0.00584	0.00685	0.00766	0.00861	0.00586	0.00549	0.00941	0.01077	0.01634	0.07839	0.56681	0.03197	0.01459	0.00640	0.00212	0.00343	0.06917	0.00486	0.00476
1	0.02059	0.05845	0.04096	0.00961	0.01365	0.00918	0.00821	0.02398	0.08327	0.55969	0.02362	0.02121	0.08795	0.00732	0.00545	0.00169	0.00462	0.00593	0.00604	0.00857
2	0.01540	0.63338	0.02709	0.01098	0.01559	0.06629	0.08279	0.01743	0.01181	0.06302	0.00888	0.01004	0.00755	0.00485	0.00400	0.00128	0.00633	0.00346	0.00269	0.00714
3	0.02020	0.10019	0.01637	0.01136	0.01552	0.04510	0.00949	0.45525	0.03970	0.17844	0.01440	0.01404	0.01015	0.00636	0.00517	0.00158	0.00568	0.00479	0.03747	0.00873
4	0.00774	0.00527	0.00631	0.00670	0.00689	0.00520	0.00421	0.00819	0.00891	0.01184	0.02104	0.19992	0.02437	0.56383	0.02138	0.00437	0.00481	0.08147	0.00384	0.00371
5	0.00664	0.00474	0.00633	0.00759	0.00791	0.00443	0.00506	0.00759	0.01044	0.01392	0.03005	0.80485	0.03606	0.01708	0.00696	0.00221	0.00316	0.01550	0.00506	0.00443
6	0.04568	0.37170	0.23851	0.01225	0.01752	0.14942	0.03493	0.01792	0.01210	0.04216	0.00895	0.01025	0.00721	0.00506	0.00437	0.00142	0.00715	0.00353	0.00262	0.00723
7	0.01458	0.81168	0.02857	0.00933	0.01399	0.02157	0.00933	0.01632	0.01108	0.01283	0.00758	0.00875	0.00700	0.00466	0.00350	0.00117	0.00583	0.00292	0.00233	0.00700
8	0.00664	0.00474	0.00633	0.00759	0.00791	0.00443	0.00506	0.00759	0.01044	0.01392	0.03005	0.80485	0.03606	0.01708	0.00696	0.00221	0.00316	0.01550	0.00506	0.00443
9	0.01421	0.73399	0.10310	0.00994	0.01494	0.02069	0.01040	0.01642	0.01112	0.01327	0.00780	0.00902	0.00699	0.00472	0.00366	0.00122	0.00605	0.00303	0.00233	0.00710
10	0.06386	0.35931	0.37340	0.01208	0.01821	0.01618	0.01404	0.01728	0.01141	0.05581	0.00933	0.01054	0.00723	0.00504	0.00437	0.00148	0.00670	0.00357	0.00261	0.00754
11	0.00662	0.00482	0.00625	0.00739	0.00785	0.00445	0.00497	0.00761	0.01063	0.01400	0.03253	0.73067	0.10863	0.01676	0.00691	0.00218	0.00312	0.01510	0.00506	0.00445
12	0.10774	0.14801	0.12951	0.01177	0.01651	0.01615	0.01109	0.41705	0.01888	0.02654	0.01168	0.01347	0.00900	0.00619	0.00494	0.00161	0.00604	0.03139	0.00423	0.00819
13	0.25207	0.27100	0.24161	0.01071	0.01597	0.01534	0.01150	0.05418	0.01166	0.05876	0.00924	0.01032	0.00711	0.00513	0.00416	0.00153	0.00597	0.00349	0.00301	0.00723
14	0.18823	0.16358	0.05580	0.00975	0.01343	0.01337	0.02891	0.17538	0.05004	0.04173	0.16144	0.01867	0.04460	0.00696	0.00489	0.00160	0.00489	0.00540	0.00431	0.00701
15	0.03581	0.19332	0.18941	0.01211	0.01719	0.03454	0.01195	0.33898	0.01790	0.05337	0.03757	0.01277	0.00974	0.00594	0.00494	0.00155	0.00630	0.00439	0.00402	0.00821
16	0.11031	0.26474	0.23111	0.01205	0.01737	0.06496	0.03795	0.13676	0.01370	0.01927	0.00934	0.01060	0.00730	0.00519	0.00448	0.00148	0.00659	0.00372	0.00303	0.04005
17	0.13558	0.16415	0.34671	0.01296	0.01891	0.01439	0.06604	0.09269	0.01283	0.05474	0.01003	0.01133	0.00745	0.00521	0.00471	0.00159	0.00671	0.00398	0.00305	0.02692

[dist]
# distance from previous block
# <min> <max>
14	92

[block]
# block no. 1 follows, 44 sequences, length 26
# corresponding to MSA columns:
# 661-686
name=unknown_B
#
# <colnr> <probs for GDERKNQSTAVLIFYWHMCP>
#	G	D	E	R	K	N	Q	S	T	A	V	L	I	F	Y	W	H	M	C	P
0	0.11900	0.01193	0.01343	0.03235	0.15014	0.10981	0.03832	0.07164	0.02336	0.08199	0.09512	0.04552	0.12294	0.00755	0.00536	0.00164	0.00537	0.00627	0.00415	0.05414
1	0.08511	0.06388	0.10232	0.01481	0.14562	0.03124	0.01109	0.15064	0.15423	0.04179	0.01365	0.01618	0.01098	0.04049	0.00604	0.00178	0.00568	0.02858	0.00396	0.07194
2	0.19983	0.04986	0.04298	0.06652	0.05230	0.04757	0.05979	0.13228	0.11039	0.10434	0.02223	0.01604	0.01087	0.00639	0.00530	0.00173	0.02130	0.03863	0.00417	0.00747
3	0.07143	0.01070	0.04060	0.26901	0.03184	0.01128	0.05355	0.04678	0.12508	0.11239	0.01551	0.03724	0.03342	0.00881	0.05445	0.00223	0.02502	0.01738	0.00387	0.02941
4	0.29686	0.01273	0.06432	0.04490	0.05419	0.04521	0.05347	0.10730	0.09028	0.02187	0.01522	0.01889	0.05789	0.00687	0.00498	0.00176	0.00546	0.06749	0.00389	0.02644
5	0.00950	0.00673	0.00950	0.00934	0.04235	0.00609	0.04071	0.01146	0.01267	0.07671	0.24907	0.29301	0.05758	0.03769	0.00698	0.00194	0.00372	0.03170	0.00503	0.08821
6	0.06739	0.11666	0.08158	0.04373	0.03529	0.01176	0.00933	0.09286	0.06890	0.19292	0.01670	0.04791	0.04682	0.03683	0.00619	0.00175	0.02644	0.00541	0.03493	0.05662
7	0.03826	0.07999	0.06912	0.03365	0.08323	0.01070	0.05354	0.07276	0.01454	0.33382	0.05747	0.01944	0.07322	0.00679	0.00537	0.00164	0.00530	0.00568	0.00490	0.03059
8	0.01020	0.04263	0.01301	0.10122	0.14420	0.00870	0.04028	0.01340	0.04186	0.04667	0.35759	0.03032	0.11028	0.00886	0.00595	0.00171	0.00435	0.00787	0.00465	0.00624
9	0.04574	0.04456	0.01367	0.01114	0.05840	0.01023	0.00853	0.07947	0.06133	0.38361	0.01811	0.03247	0.03794	0.00673	0.00582	0.00160	0.04544	0.00530	0.00523	0.12470
10	0.01481	0.05403	0.01905	0.11347	0.14756	0.01523	0.07952	0.22125	0.09101	0.02123	0.01152	0.01377	0.00905	0.00650	0.00779	0.00181	0.15593	0.00503	0.00364	0.00779
11	0.00682	0.00487	0.00627	0.00727	0.00765	0.00456	0.00481	0.00773	0.01038	0.01379	0.05244	0.65275	0.06867	0.11317	0.00945	0.00256	0.00338	0.01422	0.00488	0.00432
12	0.00980	0.00974	0.06139	0.18227	0.18853	0.00914	0.03660	0.03110	0.01158	0.01567	0.01966	0.33939	0.04211	0.01032	0.00610	0.00193	0.00536	0.00942	0.00373	0.00618
13	0.03998	0.16549	0.02032	0.26180	0.23231	0.05412	0.04248	0.01617	0.03732	0.01549	0.00978	0.01294	0.00802	0.00604	0.02090	0.00177	0.04087	0.00447	0.00266	0.00707
14	0.01800	0.19553	0.01896	0.04224	0.05338	0.11583	0.01050	0.37602	0.07669	0.02436	0.01169	0.01232	0.00893	0.00595	0.00495	0.00152	0.00639	0.00437	0.00417	0.00818
15	0.01371	0.08810	0.11855	0.04508	0.07760	0.01068	0.01019	0.03656	0.02985	0.12092	0.01171	0.01339	0.00912	0.02885	0.00560	0.00141	0.02354	0.00410	0.00352	0.34752
16	0.03811	0.01259	0.01882	0.17122	0.23282	0.01339	0.09093	0.21472	0.03601	0.08537	0.01229	0.01456	0.00923	0.01882	0.00586	0.00176	0.00650	0.00512	0.00383	0.00806
17	0.00755	0.00546	0.00757	0.00787	0.00847	0.00592	0.00563	0.00883	0.00897	0.01249	0.01879	0.20836	0.02026	0.20479	0.43623	0.00646	0.00986	0.00857	0.00351	0.00442
18	0.05050	0.00931	0.01508	0.12159	0.13836	0.00986	0.12073	0.01336	0.04973	0.01615	0.01806	0.30531	0.01881	0.00987	0.00678	0.00195	0.05483	0.00898	0.02459	0.00616
19	0.01773	0.04201	0.06412	0.12987	0.02086	0.14626	0.10184	0.15221	0.06263	0.18793	0.01358	0.01436	0.00964	0.00594	0.00541	0.00166	0.00695	0.00493	0.00421	0.00786
20	0.01171	0.01168	0.01692	0.01437	0.01468	0.01595	0.04603	0.01311	0.00858	0.01329	0.00780	0.01265	0.00761	0.01127	0.06531	0.00276	0.71297	0.00491	0.00244	0.00596
21	0.00758	0.00546	0.00699	0.00765	0.00870	0.00513	0.00587	0.00943	0.01237	0.01660	0.18001	0.29146	0.15509	0.01428	0.00676	0.00209	0.00345	0.20827	0.04803	0.00479
22	0.01485	0.01705	0.20625	0.06228	0.19709	0.04603	0.13175	0.08746	0.03966	0.11037	0.01212	0.01388	0.00890	0.00552	0.00576	0.00171	0.02278	0.00497	0.00344	0.00813
23	0.01710	0.01385	0.06300	0.04124	0.05266	0.06084	0.05257	0.26211	0.11586	0.15005	0.03944	0.04696	0.04502	0.00715	0.00560	0.00171	0.00583	0.00593	0.00491	0.00817
24	0.00682	0.00547	0.00608	0.00607	0.00763	0.00474	0.00450	0.00849	0.01310	0.01665	0.25308	0.11364	0.50787	0.01334	0.00648	0.00184	0.00274	0.01139	0.00532	0.00474
25	0.01438	0.10588	0.05410	0.18252	0.08280	0.03976	0.17251	0.12657	0.03328	0.06354	0.01180	0.03791	0.00932	0.00592	0.00591	0.00171	0.03601	0.00529	0.00338	0.00742

[dist]
# distance from previous block
# <min> <max>
3	30

[block]
# block no. 2 follows, 44 sequences, length 59
# corresponding to MSA columns:
# 717-775
name=unknown_C
#
# <colnr> <probs for GDERKNQSTAVLIFYWHMCP>
#	G	D	E	R	K	N	Q	S	T	A	V	L	I	F	Y	W	H	M	C	P
0	0.07426	0.16650	0.07904	0.04400	0.01476	0.01168	0.00902	0.01629	0.02201	0.12937	0.02408	0.06847	0.01108	0.00625	0.00547	0.00143	0.05962	0.00473	0.00362	0.24832
1	0.01380	0.05785	0.49814	0.01536	0.03115	0.03679	0.09343	0.07053	0.01321	0.10228	0.01131	0.01258	0.00797	0.00538	0.00528	0.00169	0.00759	0.00445	0.00308	0.00811
2	0.01080	0.06543	0.01235	0.01019	0.01175	0.04443	0.00823	0.09369	0.01103	0.01516	0.01267	0.01783	0.01152	0.02880	0.50809	0.00626	0.11767	0.00529	0.00308	0.00571
3	0.01471	0.14773	0.09203	0.01598	0.08014	0.07419	0.19903	0.10860	0.08507	0.05317	0.01492	0.01607	0.06191	0.00600	0.00538	0.00163	0.00686	0.00537	0.00358	0.00763
4	0.00730	0.00563	0.00753	0.00832	0.00870	0.00586	0.00590	0.00837	0.01043	0.01406	0.04044	0.65393	0.06035	0.01597	0.00816	0.00222	0.09109	0.03632	0.00478	0.00463
5	0.00749	0.00595	0.00681	0.00671	0.00831	0.00547	0.00506	0.01028	0.06542	0.01779	0.30059	0.09959	0.38458	0.01272	0.00646	0.00185	0.00293	0.04149	0.00542	0.00508
6	0.00828	0.00664	0.00940	0.00930	0.04903	0.00626	0.04992	0.01120	0.04574	0.01958	0.47693	0.13821	0.12561	0.01136	0.00641	0.00180	0.00334	0.01017	0.00539	0.00545
7	0.01585	0.06837	0.07473	0.01537	0.14704	0.01250	0.05260	0.09031	0.18678	0.16347	0.01514	0.01532	0.01112	0.00586	0.00521	0.00158	0.00554	0.00499	0.00438	0.10383
8	0.01852	0.01363	0.01453	0.01151	0.01535	0.01512	0.00939	0.56915	0.13063	0.03114	0.01492	0.01493	0.01085	0.00665	0.00529	0.00163	0.00537	0.00511	0.09756	0.00872
9	0.01913	0.02340	0.01488	0.01351	0.01637	0.64656	0.01019	0.02307	0.15109	0.01506	0.01092	0.01173	0.00876	0.00594	0.00503	0.00149	0.00883	0.00399	0.00330	0.00674
10	0.01286	0.25429	0.16958	0.03643	0.20267	0.01539	0.01347	0.01739	0.09257	0.01624	0.01152	0.01517	0.00987	0.00608	0.00579	0.00164	0.06113	0.04742	0.00293	0.00757
11	0.00763	0.00592	0.00828	0.00841	0.00912	0.00625	0.02471	0.00896	0.01005	0.01375	0.06207	0.36649	0.07240	0.10194	0.20912	0.00415	0.06120	0.01076	0.00414	0.00465
12	0.00730	0.00528	0.00703	0.00817	0.00889	0.00501	0.00612	0.00878	0.01133	0.01489	0.04970	0.51255	0.08490	0.01611	0.00708	0.00227	0.00368	0.23123	0.00507	0.00463
13	0.01259	0.00893	0.03473	0.00933	0.01248	0.00765	0.05723	0.04776	0.04243	0.16012	0.30240	0.05506	0.05903	0.00841	0.00573	0.00158	0.00408	0.00736	0.00519	0.15789
14	0.01333	0.08653	0.07339	0.07434	0.11944	0.01235	0.21689	0.08779	0.01342	0.07766	0.01489	0.15698	0.01357	0.00736	0.00579	0.00177	0.00654	0.00704	0.00365	0.00725
15	0.00746	0.00546	0.00637	0.00673	0.00809	0.00481	0.00494	0.00885	0.01201	0.04707	0.07495	0.31049	0.41154	0.01459	0.00664	0.00200	0.00310	0.05493	0.00517	0.00479
16	0.04247	0.36232	0.04413	0.06515	0.01661	0.06182	0.04118	0.07333	0.10490	0.09293	0.01234	0.03938	0.01002	0.00590	0.00460	0.00149	0.00594	0.00450	0.00357	0.00741
17	0.01443	0.42747	0.18365	0.01124	0.01612	0.04964	0.01159	0.01775	0.04451	0.07242	0.00984	0.01096	0.00795	0.00540	0.00517	0.00143	0.06085	0.00365	0.00286	0.04306
18	0.01129	0.10522	0.70627	0.01493	0.02265	0.01354	0.01908	0.01717	0.01147	0.01683	0.00957	0.01124	0.00691	0.00513	0.00501	0.00167	0.00784	0.00392	0.00230	0.00795
19	0.00801	0.00569	0.00656	0.00666	0.00828	0.00497	0.00502	0.00954	0.01252	0.06815	0.10683	0.19658	0.46037	0.01382	0.00656	0.00194	0.00312	0.06515	0.00526	0.00497
20	0.03842	0.01342	0.14756	0.01402	0.09893	0.01146	0.03421	0.11829	0.01396	0.08222	0.10599	0.04141	0.08820	0.00831	0.00764	0.00185	0.12940	0.03350	0.00408	0.00710
21	0.01728	0.01257	0.06611	0.11006	0.04399	0.03074	0.02904	0.20467	0.08132	0.23366	0.07420	0.03074	0.02685	0.00696	0.00558	0.00171	0.00560	0.00577	0.00503	0.00812
22	0.01222	0.00794	0.00979	0.00857	0.01072	0.00807	0.00672	0.05392	0.11083	0.15429	0.35641	0.04034	0.12161	0.00992	0.00692	0.00179	0.05951	0.00826	0.00567	0.00652
23	0.01175	0.01168	0.01655	0.06830	0.01585	0.01623	0.01207	0.01312	0.00853	0.01317	0.00745	0.01225	0.00726	0.00974	0.02889	0.00244	0.73155	0.00479	0.00240	0.00595
24	0.06295	0.01073	0.01559	0.34858	0.06928	0.01226	0.04448	0.10864	0.06626	0.08992	0.01335	0.06907	0.01079	0.00676	0.00612	0.00182	0.04699	0.00569	0.00369	0.00702
25	0.01037	0.07384	0.06776	0.03312	0.03428	0.06306	0.00714	0.01168	0.01007	0.04124	0.04170	0.11186	0.01823	0.37871	0.05137	0.00369	0.02609	0.00737	0.00344	0.00496
26	0.00687	0.00513	0.00639	0.00693	0.00784	0.00465	0.00487	0.00833	0.01216	0.01612	0.22393	0.43936	0.20785	0.01483	0.00671	0.00200	0.00292	0.01316	0.00530	0.00465
27	0.01298	0.00824	0.03195	0.00763	0.01021	0.04147	0.00619	0.02559	0.01401	0.22280	0.16991	0.03329	0.26810	0.00972	0.00572	0.00168	0.00373	0.00807	0.11243	0.00627
28	0.01432	0.33378	0.29231	0.06625	0.01935	0.10306	0.01362	0.01782	0.01203	0.06753	0.00957	0.01093	0.00744	0.00515	0.00453	0.00147	0.00709	0.00369	0.00269	0.00739
29	0.01124	0.00691	0.00864	0.04152	0.01098	0.00655	0.00634	0.04450	0.04556	0.16231	0.12185	0.25050	0.21251	0.01216	0.00632	0.00191	0.00368	0.03514	0.00542	0.00596
30	0.00779	0.00584	0.00876	0.00876	0.00974	0.00681	0.00681	0.00974	0.00876	0.01266	0.01460	0.02142	0.01363	0.04089	0.78680	0.00876	0.01460	0.00584	0.00292	0.00487
31	0.06524	0.01272	0.01547	0.09289	0.12510	0.06568	0.02944	0.17531	0.11113	0.22018	0.02303	0.01550	0.01109	0.00621	0.00534	0.00168	0.00583	0.00509	0.00475	0.00829
32	0.01449	0.01034	0.01487	0.03828	0.15436	0.00930	0.05946	0.01798	0.06493	0.18367	0.01474	0.06919	0.01188	0.00600	0.00511	0.00142	0.00502	0.00534	0.00413	0.30949
33	0.01254	0.01198	0.02041	0.26058	0.55473	0.01270	0.01626	0.01590	0.01196	0.01665	0.01009	0.01380	0.00823	0.00503	0.00541	0.00168	0.00671	0.00485	0.00262	0.00787
34	0.00793	0.00529	0.00595	0.00595	0.00595	0.00529	0.00330	0.00793	0.00793	0.01057	0.01718	0.03568	0.01982	0.80840	0.02775	0.00529	0.00529	0.00793	0.00330	0.00330
35	0.01289	0.01006	0.01176	0.00851	0.01327	0.00801	0.00685	0.06753	0.01262	0.07160	0.01075	0.01193	0.00854	0.00440	0.00424	0.00093	0.00422	0.00351	0.00363	0.72477
36	0.11048	0.05859	0.57085	0.01378	0.02059	0.01310	0.01671	0.01837	0.09446	0.01854	0.01080	0.01205	0.00787	0.00539	0.00493	0.00171	0.00709	0.00409	0.00279	0.00782
37	0.00664	0.00474	0.00633	0.00759	0.00791	0.00443	0.00506	0.00759	0.01044	0.01392	0.03005	0.80485	0.03606	0.01708	0.00696	0.00221	0.00316	0.01550	0.00506	0.00443
38	0.03897	0.21722	0.39986	0.01295	0.01871	0.01477	0.01476	0.01759	0.01145	0.10193	0.01021	0.01159	0.00767	0.00571	0.00615	0.00166	0.09436	0.00397	0.00285	0.00764
39	0.01542	0.10679	0.31178	0.01307	0.01871	0.01506	0.01372	0.27042	0.11755	0.04623	0.01269	0.01314	0.00923	0.00593	0.00515	0.00165	0.00651	0.00454	0.00395	0.00847
40	0.00742	0.00515	0.00657	0.00723	0.00808	0.00469	0.00503	0.00871	0.01165	0.04359	0.13742	0.54779	0.15574	0.01534	0.00675	0.00206	0.00307	0.01370	0.00526	0.00474
41	0.00725	0.00541	0.00673	0.00672	0.00794	0.00489	0.00492	0.00926	0.01385	0.01886	0.48046	0.18797	0.20003	0.01283	0.00653	0.00184	0.00272	0.01127	0.00563	0.00489
42	0.01131	0.00930	0.01086	0.00869	0.01236	0.00817	0.00679	0.07384	0.08287	0.01862	0.01463	0.13546	0.01369	0.00917	0.05996	0.00175	0.00483	0.00572	0.00389	0.50810
43	0.03689	0.24119	0.01961	0.01259	0.01628	0.40269	0.04177	0.10046	0.01511	0.05263	0.00942	0.01049	0.00760	0.00545	0.00464	0.00140	0.00790	0.00371	0.00317	0.00701
44	0.01476	0.00976	0.01255	0.01097	0.08940	0.00796	0.00778	0.01710	0.01240	0.21112	0.01301	0.01420	0.00991	0.03220	0.00535	0.00127	0.00448	0.00413	0.00407	0.51759
45	0.03043	0.05390	0.00925	0.00820	0.00968	0.00737	0.00615	0.08106	0.01239	0.04920	0.07922	0.40738	0.08418	0.01725	0.11513	0.00291	0.00520	0.01095	0.00474	0.00541
46	0.01411	0.42018	0.04176	0.01147	0.01556	0.01629	0.10474	0.10021	0.01320	0.04865	0.01325	0.10213	0.01259	0.00706	0.00489	0.00155	0.00593	0.05600	0.00342	0.00700
47	0.00779	0.00584	0.00876	0.00876	0.00974	0.00681	0.00681	0.00974	0.00876	0.01266	0.01460	0.02142	0.01363	0.04089	0.78680	0.00876	0.01460	0.00584	0.00292	0.00487
48	0.01570	0.00911	0.01285	0.06727	0.14773	0.00886	0.00923	0.06907	0.02387	0.28019	0.14235	0.07123	0.03892	0.00800	0.00568	0.00172	0.00464	0.02173	0.05434	0.00751
49	0.01451	0.01341	0.01628	0.46305	0.07316	0.14887	0.01335	0.10702	0.01392	0.06921	0.01073	0.01375	0.00798	0.00567	0.00536	0.00170	0.00734	0.00466	0.00318	0.00687
50	0.01222	0.00704	0.00887	0.00780	0.01003	0.00657	0.00606	0.01573	0.08438	0.20649	0.43930	0.03471	0.11859	0.01002	0.00612	0.00173	0.00326	0.00863	0.00604	0.00642
51	0.00850	0.00571	0.00712	0.00667	0.00818	0.00520	0.00504	0.01087	0.01470	0.05698	0.57419	0.03999	0.15580	0.01100	0.00620	0.00170	0.00270	0.00956	0.06464	0.00526
52	0.07241	0.01370	0.02958	0.12495	0.22290	0.05872	0.18207	0.13120	0.01447	0.06702	0.01151	0.02643	0.00891	0.00552	0.00551	0.00171	0.00702	0.00521	0.00344	0.00774
53	0.01143	0.00929	0.06508	0.18899	0.01820	0.00824	0.06018	0.01427	0.02191	0.14667	0.11430	0.13273	0.16723	0.00951	0.00602	0.00184	0.00497	0.00837	0.00452	0.00625
54	0.00688	0.00544	0.00626	0.00675	0.00810	0.00482	0.00508	0.00836	0.01205	0.01502	0.07214	0.24401	0.45209	0.01472	0.00673	0.00203	0.00318	0.11665	0.00509	0.00464
55	0.45349	0.01072	0.01363	0.19351	0.06629	0.01203	0.09193	0.01578	0.01038	0.04440	0.00913	0.01168	0.00702	0.00561	0.00500	0.03033	0.00565	0.00404	0.00312	0.00626
56	0.01832	0.07737	0.01544	0.01289	0.01575	0.59300	0.00986	0.02138	0.09794	0.01495	0.06372	0.01310	0.01122	0.00614	0.00499	0.00146	0.00843	0.00421	0.00330	0.00654
57	0.01189	0.08013	0.57979	0.01414	0.02095	0.01312	0.01708	0.06116	0.06444	0.02733	0.01187	0.05305	0.00931	0.00601	0.00520	0.00171	0.00723	0.00476	0.00291	0.00792
58	0.00996	0.00772	0.00964	0.00999	0.01186	0.00797	0.00832	0.01547	0.19387	0.01781	0.02601	0.10052	0.02654	0.01259	0.00677	0.00221	0.00465	0.45928	0.00503	0.06378

[dist]
# distance from previous block
# <min> <max>
9	25

[block]
# block no. 3 follows, 44 sequences, length 68
# corresponding to MSA columns:
# 805-847,849-873
name=unknown_D
#
# <colnr> <probs for GDERKNQSTAVLIFYWHMCP>
#	G	D	E	R	K	N	Q	S	T	A	V	L	I	F	Y	W	H	M	C	P
0	0.00767	0.00570	0.00698	0.00783	0.04234	0.00511	0.00523	0.00901	0.01178	0.04406	0.08506	0.33392	0.35037	0.04996	0.00751	0.00211	0.00326	0.01223	0.00500	0.00487
1	0.00679	0.00486	0.00646	0.00749	0.00794	0.00452	0.00507	0.00796	0.01111	0.01499	0.13034	0.70149	0.03814	0.01628	0.00689	0.00215	0.00308	0.01474	0.00519	0.00452
2	0.01303	0.01124	0.01285	0.01079	0.06537	0.03237	0.00794	0.10107	0.08821	0.02005	0.01133	0.01252	0.00907	0.00476	0.00447	0.00108	0.00463	0.00383	0.00367	0.58174
3	0.07375	0.01264	0.01500	0.01132	0.01579	0.01266	0.06139	0.35145	0.03820	0.09645	0.01261	0.01310	0.00921	0.00562	0.00498	0.00142	0.00536	0.00448	0.00460	0.24996
4	0.02017	0.01575	0.01411	0.01181	0.01540	0.23247	0.00933	0.17087	0.18093	0.24784	0.01626	0.01538	0.01150	0.00653	0.00533	0.00163	0.00632	0.00496	0.00511	0.00829
5	0.01590	0.01417	0.01823	0.01439	0.01816	0.14393	0.22080	0.06506	0.18605	0.13116	0.09925	0.01852	0.01559	0.00657	0.00577	0.00172	0.00660	0.00602	0.00451	0.00762
6	0.00754	0.00558	0.00688	0.00670	0.00797	0.00512	0.00499	0.00960	0.01383	0.01883	0.49293	0.04409	0.19848	0.09379	0.00870	0.00216	0.00306	0.05947	0.00546	0.00483
7	0.00778	0.00591	0.00741	0.00818	0.00962	0.00554	0.00682	0.00978	0.01241	0.01559	0.03913	0.09144	0.31842	0.01467	0.00708	0.00224	0.00406	0.42404	0.00504	0.00483
8	0.19526	0.01111	0.01088	0.00961	0.01250	0.04303	0.00756	0.10303	0.32589	0.02387	0.17855	0.02098	0.02057	0.00753	0.00523	0.00174	0.00433	0.00601	0.00505	0.00726
9	0.00696	0.00532	0.00639	0.00660	0.00780	0.00475	0.00477	0.00865	0.01295	0.01708	0.30770	0.26349	0.30027	0.01378	0.00659	0.00190	0.00281	0.01205	0.00540	0.00475
10	0.01891	0.01459	0.01670	0.01299	0.01720	0.01610	0.06013	0.57600	0.15737	0.03115	0.01458	0.01450	0.01053	0.00657	0.00554	0.00169	0.00591	0.00524	0.00529	0.00903
11	0.00773	0.00557	0.00734	0.00717	0.00839	0.00519	0.00543	0.01019	0.01486	0.02088	0.66117	0.09383	0.04877	0.01186	0.00656	0.00181	0.00281	0.06949	0.00586	0.00509
12	0.01730	0.01188	0.01321	0.01101	0.01457	0.01296	0.00880	0.21103	0.39894	0.17610	0.05001	0.01898	0.01556	0.00720	0.00555	0.00176	0.00473	0.00586	0.00578	0.00878
13	0.57600	0.01167	0.01049	0.00873	0.01242	0.01313	0.00720	0.20674	0.01393	0.08096	0.01000	0.01064	0.00731	0.00556	0.00406	0.00167	0.00470	0.00364	0.00415	0.00701
14	0.02081	0.01514	0.01628	0.01248	0.01684	0.01671	0.01031	0.73989	0.02541	0.05101	0.01328	0.01321	0.00937	0.00655	0.00545	0.00164	0.00597	0.00492	0.00548	0.00927
15	0.14691	0.01052	0.01116	0.01011	0.01307	0.01170	0.00816	0.09117	0.36737	0.07169	0.02143	0.02603	0.04704	0.00847	0.00556	0.00191	0.00454	0.13049	0.00516	0.00752
16	0.06958	0.01089	0.01141	0.01017	0.01318	0.01222	0.00795	0.07448	0.52859	0.05304	0.02424	0.05090	0.09353	0.00817	0.00554	0.00183	0.00423	0.00672	0.00538	0.00795
17	0.01819	0.07577	0.01907	0.01466	0.06866	0.01599	0.09462	0.51823	0.02130	0.02857	0.01263	0.01445	0.00961	0.00626	0.00543	0.00162	0.00628	0.02824	0.00464	0.03579
18	0.73106	0.00994	0.00788	0.00705	0.01024	0.01134	0.00577	0.01607	0.00973	0.05152	0.00914	0.01039	0.00701	0.00525	0.00350	0.00164	0.00406	0.00326	0.08921	0.00594
19	0.04212	0.01247	0.08348	0.32933	0.24920	0.01211	0.07610	0.03306	0.01207	0.01710	0.04322	0.01509	0.00988	0.00547	0.00540	0.00172	0.00674	0.00507	0.03328	0.00709
20	0.01377	0.01049	0.04019	0.03806	0.01464	0.00868	0.02578	0.05855	0.06417	0.14249	0.04483	0.04893	0.01253	0.00581	0.00483	0.00126	0.00455	0.00486	0.00420	0.45139
21	0.00664	0.00474	0.00633	0.00759	0.00791	0.00443	0.00506	0.00759	0.01044	0.01392	0.03005	0.80485	0.03606	0.01708	0.00696	0.00221	0.00316	0.01550	0.00506	0.00443
22	0.08648	0.02391	0.02896	0.01222	0.04917	0.04892	0.00949	0.25998	0.31425	0.03302	0.01562	0.01533	0.01166	0.00643	0.00517	0.00166	0.00527	0.00503	0.00484	0.06260
23	0.03338	0.12757	0.19456	0.01124	0.01661	0.01302	0.01899	0.19338	0.01492	0.04671	0.01908	0.01197	0.00856	0.00519	0.00465	0.00134	0.00576	0.00395	0.00357	0.26554
24	0.03466	0.16164	0.18291	0.04141	0.04895	0.01444	0.02876	0.18989	0.06643	0.12757	0.01289	0.02336	0.00955	0.00588	0.00500	0.00159	0.00612	0.00460	0.00400	0.03038
25	0.01275	0.23847	0.37079	0.01411	0.04979	0.01428	0.07489	0.01695	0.01198	0.06417	0.05257	0.03425	0.01076	0.00572	0.00496	0.00159	0.00683	0.00467	0.00292	0.00755
26	0.00911	0.00658	0.00811	0.00851	0.00954	0.00661	0.00607	0.13540	0.01309	0.01747	0.02712	0.64828	0.03135	0.01522	0.00672	0.00212	0.00370	0.03459	0.00513	0.00527
27	0.03285	0.08687	0.14136	0.03893	0.14290	0.04561	0.09514	0.04807	0.07362	0.10735	0.05711	0.01701	0.04595	0.00635	0.00585	0.00169	0.03663	0.00538	0.00372	0.00764
28	0.01192	0.01423	0.16101	0.06877	0.10196	0.04594	0.07317	0.01758	0.14791	0.04552	0.07976	0.02337	0.09392	0.00771	0.00633	0.00182	0.04162	0.04642	0.00390	0.00714
29	0.00990	0.00589	0.00704	0.00677	0.00822	0.00570	0.00506	0.01293	0.05563	0.07172	0.31564	0.13274	0.03173	0.00975	0.00547	0.00163	0.00288	0.00843	0.29737	0.00550
30	0.01235	0.13624	0.06630	0.01320	0.06618	0.12209	0.06878	0.01479	0.01246	0.03244	0.06189	0.09008	0.04707	0.00927	0.00665	0.00186	0.05946	0.16895	0.00370	0.00624
31	0.05520	0.12768	0.32291	0.04886	0.04872	0.01388	0.04745	0.07239	0.09008	0.09462	0.01210	0.01308	0.00884	0.00561	0.00517	0.00166	0.01594	0.00444	0.00341	0.00795
32	0.17588	0.00933	0.01092	0.00921	0.01233	0.00964	0.00742	0.02145	0.12922	0.35017	0.04201	0.04937	0.01439	0.00912	0.04975	0.00215	0.04154	0.00562	0.04286	0.00762
33	0.01090	0.00557	0.00595	0.00565	0.00730	0.00529	0.00431	0.01321	0.01211	0.09333	0.04629	0.02583	0.13481	0.00771	0.00447	0.00141	0.00278	0.00628	0.60137	0.00542
34	0.01478	0.24094	0.11052	0.03180	0.11418	0.04831	0.03512	0.06123	0.14467	0.08461	0.05239	0.01485	0.01195	0.00591	0.00494	0.00156	0.00596	0.00475	0.00373	0.00781
35	0.06921	0.01884	0.40615	0.01299	0.02783	0.01131	0.01426	0.05071	0.01181	0.10514	0.01199	0.01423	0.00908	0.01272	0.16131	0.00314	0.04417	0.00457	0.00316	0.00739
36	0.00880	0.00591	0.00720	0.00739	0.00879	0.00553	0.00553	0.01094	0.04289	0.07429	0.09795	0.26487	0.24022	0.04043	0.03706	0.00235	0.00384	0.08847	0.04239	0.00516
37	0.00982	0.08114	0.24487	0.01126	0.01488	0.04536	0.05254	0.01318	0.03582	0.01531	0.02119	0.32794	0.07052	0.02331	0.00626	0.00193	0.00556	0.00921	0.00375	0.00613
38	0.04624	0.08798	0.18772	0.03181	0.06133	0.01321	0.09708	0.15688	0.04963	0.15629	0.01389	0.05034	0.01055	0.00624	0.00533	0.00169	0.00634	0.00528	0.00408	0.00809
39	0.00807	0.00591	0.00727	0.00787	0.00877	0.00573	0.00550	0.08444	0.01222	0.01610	0.03110	0.64010	0.11500	0.01564	0.00675	0.00211	0.00341	0.01397	0.00510	0.00494
40	0.01231	0.21301	0.14730	0.08176	0.03777	0.02420	0.01031	0.02382	0.01171	0.09643	0.01830	0.15375	0.08210	0.02990	0.00636	0.02855	0.00551	0.00679	0.00361	0.00650
41	0.09271	0.09215	0.10812	0.01640	0.15836	0.08323	0.06376	0.17393	0.02472	0.08414	0.01209	0.04503	0.00962	0.00599	0.00512	0.00163	0.00647	0.00490	0.00374	0.00788
42	0.01360	0.35209	0.03746	0.01093	0.06458	0.01438	0.00896	0.04349	0.07344	0.09023	0.07015	0.05261	0.04828	0.01034	0.08498	0.00223	0.00610	0.00542	0.00374	0.00699
43	0.01285	0.01294	0.02343	0.10774	0.43809	0.01345	0.19621	0.01625	0.01195	0.01684	0.01007	0.01374	0.00825	0.00534	0.00694	0.00177	0.08849	0.00523	0.00265	0.00778
44	0.11858	0.07992	0.08461	0.01267	0.05500	0.12022	0.04122	0.08296	0.13742	0.12051	0.01522	0.03426	0.03209	0.00664	0.00530	0.00168	0.01869	0.02134	0.00414	0.00754
45	0.01068	0.04444	0.11337	0.06167	0.09228	0.01018	0.10060	0.04278	0.07050	0.01731	0.04656	0.19433	0.02047	0.00988	0.00620	0.00196	0.00572	0.14057	0.00400	0.00651
46	0.00660	0.00520	0.00596	0.00647	0.00764	0.00456	0.00459	0.00787	0.01176	0.01480	0.08658	0.36888	0.41971	0.01503	0.00666	0.00199	0.00292	0.01309	0.00512	0.00456
47	0.00849	0.00631	0.00780	0.00843	0.00944	0.00633	0.00612	0.06514	0.07534	0.01647	0.02914	0.56541	0.06507	0.01512	0.00677	0.00216	0.00365	0.09247	0.00513	0.00521
48	0.04158	0.04380	0.05926	0.23827	0.10680	0.03794	0.14738	0.07094	0.10161	0.05242	0.01210	0.01451	0.00913	0.00565	0.00572	0.00174	0.02451	0.00510	0.01416	0.00738
49	0.00922	0.00639	0.00743	0.00704	0.00764	0.00671	0.00455	0.08499	0.00987	0.01332	0.01637	0.03123	0.01781	0.61171	0.13861	0.00543	0.00675	0.00731	0.00347	0.00415
50	0.00739	0.00539	0.00694	0.00691	0.00803	0.00495	0.00505	0.00952	0.01413	0.01960	0.55691	0.20611	0.10348	0.01263	0.00654	0.00183	0.00271	0.01120	0.00573	0.00495
51	0.04967	0.02479	0.62215	0.01580	0.04660	0.01241	0.06466	0.01784	0.01180	0.06933	0.01057	0.01213	0.00745	0.00523	0.00520	0.00173	0.00767	0.00426	0.00269	0.00802
52	0.04558	0.04802	0.06821	0.07649	0.05242	0.05764	0.01124	0.42203	0.04857	0.09704	0.01293	0.01341	0.00927	0.00616	0.00526	0.00164	0.00622	0.00472	0.00465	0.00851
53	0.01095	0.01018	0.01512	0.54635	0.05431	0.03416	0.01316	0.04481	0.05412	0.01538	0.01389	0.06998	0.04522	0.00695	0.00615	0.00185	0.04223	0.00591	0.00304	0.00624
54	0.00960	0.00720	0.00939	0.01022	0.01179	0.00752	0.00876	0.01431	0.14083	0.01742	0.02773	0.05448	0.02886	0.01375	0.00719	0.00240	0.00490	0.61291	0.00511	0.00564
55	0.04579	0.03093	0.20919	0.02818	0.11348	0.09354	0.01335	0.17999	0.11182	0.04894	0.01215	0.01326	0.00913	0.00611	0.00606	0.00171	0.05998	0.00460	0.00372	0.00807
56	0.01270	0.03500	0.01196	0.09443	0.01436	0.04460	0.02456	0.16533	0.01392	0.07059	0.06521	0.10312	0.01781	0.17451	0.10826	0.00336	0.00668	0.02339	0.00417	0.00605
57	0.00815	0.00584	0.00737	0.00802	0.00886	0.00574	0.00572	0.05107	0.04619	0.01536	0.02887	0.54123	0.08813	0.01578	0.00801	0.07231	0.00362	0.07008	0.00488	0.00478
58	0.02290	0.00882	0.01183	0.00920	0.01309	0.00769	0.00755	0.02506	0.01515	0.69557	0.02110	0.01875	0.01355	0.00670	0.00530	0.00164	0.00441	0.00544	0.09743	0.00882
59	0.01130	0.00969	0.01130	0.00807	0.01292	0.00727	0.00646	0.01373	0.01130	0.01776	0.00969	0.01130	0.00807	0.00404	0.00404	0.00081	0.00404	0.00323	0.00323	0.84173
60	0.02041	0.02467	0.01556	0.01386	0.01686	0.69245	0.01051	0.11154	0.01669	0.01591	0.00900	0.01023	0.00730	0.00573	0.00498	0.00143	0.00936	0.00368	0.00313	0.00668
61	0.00838	0.00644	0.00783	0.00786	0.00929	0.00639	0.00594	0.01252	0.13438	0.01887	0.32873	0.20889	0.12539	0.01255	0.00652	0.00194	0.00325	0.08385	0.00551	0.00547
62	0.01776	0.01139	0.01246	0.01003	0.01343	0.01220	0.00813	0.38638	0.09222	0.13391	0.01640	0.01648	0.01182	0.00660	0.00503	0.00157	0.00473	0.00516	0.22620	0.00810
63	0.02019	0.01164	0.01670	0.05876	0.01811	0.06286	0.14079	0.02333	0.04819	0.47486	0.01739	0.01680	0.01159	0.00638	0.00623	0.00174	0.04535	0.00547	0.00525	0.00835
64	0.00663	0.00480	0.00626	0.00743	0.00787	0.00444	0.00499	0.00761	0.01059	0.01398	0.03200	0.74651	0.09313	0.01683	0.00692	0.00219	0.00313	0.01519	0.00506	0.00444
65	0.00727	0.00532	0.00641	0.00654	0.00775	0.00481	0.00475	0.00911	0.01311	0.01783	0.34003	0.22801	0.24678	0.01300	0.00638	0.00184	0.00277	0.01136	0.06210	0.00481
66	0.81680	0.01111	0.00828	0.00742	0.01077	0.04044	0.00607	0.01623	0.00950	0.02406	0.00762	0.00889	0.00594	0.00508	0.00343	0.00168	0.00442	0.00297	0.00335	0.00592
67	0.01549	0.01172	0.01299	0.01038	0.01441	0.01193	0.00832	0.19521	0.29395	0.08897	0.01614	0.01569	0.01200	0.00610	0.00505	0.00146	0.00465	0.00491	0.00491	0.26571

[dist]
# distance from previous block
# <min> <max>
0	1

[block]
# block no. 4 follows, 44 sequences, length 25
# corresponding to MSA columns:
# 875-899
name=unknown_E
#
# <colnr> <probs for GDERKNQSTAVLIFYWHMCP>
#	G	D	E	R	K	N	Q	S	T	A	V	L	I	F	Y	W	H	M	C	P
0	0.04239	0.01183	0.01616	0.36479	0.08803	0.01372	0.01273	0.22798	0.05649	0.02105	0.01118	0.01389	0.00845	0.00599	0.00604	0.00174	0.05139	0.00481	0.00355	0.03778
1	0.00700	0.00566	0.00627	0.00648	0.00794	0.00509	0.00472	0.00914	0.05264	0.01565	0.11646	0.24212	0.47332	0.01404	0.00653	0.00192	0.00293	0.01208	0.00518	0.00483
2	0.02105	0.00932	0.01186	0.00951	0.01323	0.00876	0.00772	0.02567	0.15422	0.56447	0.02127	0.01906	0.01413	0.00683	0.00533	0.00168	0.00438	0.00557	0.08719	0.00875
3	0.02404	0.00995	0.01307	0.01002	0.01425	0.00901	0.00828	0.10808	0.01672	0.69508	0.02057	0.01795	0.01302	0.00672	0.00548	0.00168	0.00479	0.00542	0.00660	0.00928
4	0.01179	0.01276	0.04649	0.13695	0.15029	0.01216	0.39596	0.01566	0.01225	0.01664	0.01328	0.07805	0.01177	0.00642	0.00619	0.00187	0.00769	0.05376	0.00301	0.00702
5	0.00673	0.00495	0.00634	0.00741	0.00801	0.00456	0.00512	0.00783	0.01086	0.01417	0.03385	0.64830	0.14899	0.01647	0.00691	0.00217	0.00320	0.05458	0.00506	0.00449
6	0.00722	0.00543	0.00667	0.00695	0.00812	0.00495	0.00516	0.00899	0.01287	0.01704	0.29311	0.22290	0.25065	0.03987	0.00737	0.00207	0.00311	0.08745	0.00532	0.00475
7	0.64552	0.01104	0.00964	0.00817	0.01177	0.01239	0.00673	0.11633	0.01217	0.10894	0.00986	0.01049	0.00719	0.00545	0.00389	0.00168	0.00450	0.00349	0.00402	0.00673
8	0.00855	0.00671	0.00951	0.00946	0.01074	0.00659	0.06479	0.05146	0.05332	0.01625	0.04068	0.53165	0.05650	0.01454	0.00679	0.00214	0.00404	0.09608	0.00494	0.00524
9	0.02144	0.00999	0.01262	0.01001	0.01389	0.00952	0.00816	0.09037	0.13635	0.54872	0.06347	0.01962	0.01578	0.00708	0.00554	0.00171	0.00459	0.00579	0.00640	0.00894
10	0.84691	0.01054	0.00801	0.00717	0.01054	0.01223	0.00590	0.01603	0.00928	0.02446	0.00759	0.00886	0.00590	0.00506	0.00337	0.00169	0.00422	0.00295	0.00337	0.00590
11	0.76680	0.01100	0.00882	0.00769	0.01116	0.01268	0.00634	0.08780	0.01086	0.02542	0.00812	0.00927	0.00623	0.00520	0.00358	0.00168	0.00439	0.00314	0.00358	0.00623
12	0.00713	0.00520	0.00674	0.00728	0.00813	0.00480	0.00522	0.00879	0.01253	0.01699	0.30033	0.42268	0.10490	0.01454	0.00675	0.00202	0.00302	0.05281	0.00540	0.00473
13	0.04422	0.12683	0.05266	0.05771	0.09004	0.01199	0.06465	0.06062	0.05878	0.27596	0.07757	0.02792	0.01419	0.00644	0.00527	0.00164	0.00548	0.00544	0.00463	0.00795
14	0.01583	0.04802	0.31461	0.01498	0.06809	0.10366	0.06939	0.01973	0.01308	0.20659	0.01286	0.02554	0.00928	0.00574	0.00544	0.00164	0.01839	0.00468	0.00361	0.03884
15	0.00677	0.00484	0.00647	0.00774	0.00811	0.00454	0.00528	0.00781	0.01056	0.01406	0.02998	0.76064	0.03578	0.01696	0.00699	0.00223	0.00327	0.05845	0.00506	0.00446
16	0.02134	0.01318	0.01493	0.01157	0.01579	0.01395	0.00952	0.48026	0.07682	0.26040	0.01633	0.01529	0.01110	0.00667	0.00547	0.00167	0.00546	0.00518	0.00586	0.00923
17	0.01142	0.01109	0.01730	0.47893	0.21007	0.05211	0.03491	0.01478	0.01197	0.01565	0.07905	0.01643	0.01163	0.00581	0.00553	0.00174	0.00684	0.00528	0.00284	0.00664
18	0.00718	0.00592	0.00638	0.00635	0.00811	0.00530	0.00484	0.00961	0.05752	0.01626	0.14945	0.07035	0.56574	0.01322	0.00646	0.00187	0.00297	0.05232	0.00522	0.00494
19	0.01130	0.00969	0.01130	0.00807	0.01292	0.00727	0.00646	0.01373	0.01130	0.01776	0.00969	0.01130	0.00807	0.00404	0.00404	0.00081	0.00404	0.00323	0.00323	0.84173
20	0.02216	0.01297	0.01493	0.01145	0.01576	0.01349	0.00946	0.47552	0.02177	0.32050	0.01633	0.01519	0.01090	0.00662	0.00546	0.00166	0.00548	0.00513	0.00595	0.00927
21	0.01100	0.00681	0.00594	0.00582	0.00722	0.06959	0.00437	0.01345	0.01176	0.01975	0.01701	0.01946	0.01340	0.00629	0.00390	0.00128	0.00314	0.00495	0.76967	0.00518
22	0.01967	0.02482	0.01555	0.01407	0.01664	0.72297	0.01065	0.02106	0.01486	0.01332	0.00832	0.01000	0.00703	0.00594	0.00599	0.00149	0.07493	0.00362	0.00277	0.00629
23	0.00676	0.00506	0.00629	0.00711	0.00791	0.00460	0.00497	0.00800	0.01142	0.01486	0.09746	0.52865	0.21961	0.01571	0.00681	0.00209	0.00308	0.03992	0.00514	0.00455
24	0.01255	0.01361	0.02798	0.02057	0.02544	0.01306	0.60978	0.01804	0.08829	0.01789	0.01382	0.01966	0.01128	0.00586	0.00645	0.00190	0.00831	0.07498	0.00325	0.00726

[dist]
# distance from previous block
# <min> <max>
0	3

[block]
# block no. 5 follows, 44 sequences, length 7
# corresponding to MSA columns:
# 903-909
name=unknown_F
#
# <colnr> <probs for GDERKNQSTAVLIFYWHMCP>
#	G	D	E	R	K	N	Q	S	T	A	V	L	I	F	Y	W	H	M	C	P
0	0.00865	0.00680	0.00948	0.01099	0.11656	0.00658	0.00696	0.01173	0.05634	0.01979	0.47723	0.18470	0.04044	0.01120	0.00634	0.00181	0.00334	0.01004	0.00533	0.00569
1	0.00732	0.00526	0.00662	0.00737	0.00802	0.00499	0.00522	0.00847	0.01075	0.01411	0.06717	0.38162	0.12138	0.18655	0.01145	0.00286	0.00386	0.13792	0.00472	0.00434
2	0.84691	0.01054	0.00801	0.00717	0.01054	0.01223	0.00590	0.01603	0.00928	0.02446	0.00759	0.00886	0.00590	0.00506	0.00337	0.00169	0.00422	0.00295	0.00337	0.00590
3	0.01462	0.01372	0.02603	0.10098	0.08799	0.01356	0.45722	0.12196	0.01463	0.07609	0.01190	0.01465	0.00873	0.00514	0.00604	0.00178	0.00798	0.00585	0.00340	0.00774
4	0.01173	0.01693	0.25143	0.06309	0.01965	0.07455	0.12566	0.04592	0.06506	0.01777	0.06820	0.07867	0.06143	0.00714	0.00562	0.00170	0.00659	0.00629	0.00349	0.06907
5	0.01242	0.01186	0.02019	0.28937	0.52689	0.01267	0.01620	0.01579	0.01191	0.01651	0.01007	0.01384	0.00818	0.00506	0.00542	0.00169	0.00674	0.00485	0.00261	0.00777
6	0.01439	0.12540	0.02164	0.12139	0.18390	0.01450	0.15484	0.12467	0.07007	0.05050	0.03510	0.01465	0.01032	0.00570	0.00575	0.00167	0.02912	0.00517	0.00349	0.00775

[dist]
# distance from previous block
# <min> <max>
1	5

[block]
# block no. 6 follows, 44 sequences, length 6
# corresponding to MSA columns:
# 915-920
name=unknown_G
#
# <colnr> <probs for GDERKNQSTAVLIFYWHMCP>
#	G	D	E	R	K	N	Q	S	T	A	V	L	I	F	Y	W	H	M	C	P
0	0.31930	0.01323	0.05813	0.01083	0.01501	0.05198	0.06107	0.16113	0.01480	0.22571	0.01277	0.01287	0.00885	0.00580	0.00473	0.00168	0.00553	0.00434	0.00454	0.00770
1	0.68790	0.00960	0.00788	0.00711	0.01009	0.01089	0.00576	0.01494	0.01044	0.02397	0.15234	0.01489	0.01453	0.00621	0.00395	0.00169	0.00391	0.00426	0.00387	0.00576
2	0.00808	0.00581	0.00734	0.00768	0.00846	0.00583	0.00555	0.01023	0.05401	0.01528	0.16503	0.20214	0.03070	0.25006	0.06645	0.00351	0.00486	0.13976	0.00459	0.00461
3	0.18640	0.01531	0.01387	0.01126	0.01510	0.16025	0.00909	0.34164	0.01868	0.15838	0.01258	0.01258	0.00891	0.00611	0.00494	0.00161	0.00613	0.00435	0.00476	0.00804
4	0.05654	0.01267	0.01416	0.20032	0.02032	0.08062	0.01071	0.23338	0.12838	0.07570	0.01531	0.01984	0.01230	0.00722	0.00555	0.00180	0.00610	0.08714	0.00445	0.00750
5	0.05491	0.01343	0.15758	0.01172	0.03525	0.04094	0.04005	0.07789	0.07198	0.16079	0.10573	0.07876	0.05362	0.00843	0.00576	0.00181	0.00539	0.06400	0.00470	0.00725

[dist]
# distance from previous block
# <min> <max>
0	15

[block]
# block no. 7 follows, 44 sequences, length 46
# corresponding to MSA columns:
# 937-982
name=unknown_H
#
# <colnr> <probs for GDERKNQSTAVLIFYWHMCP>
#	G	D	E	R	K	N	Q	S	T	A	V	L	I	F	Y	W	H	M	C	P
0	0.12739	0.00994	0.01162	0.05686	0.05663	0.02837	0.00830	0.02079	0.21222	0.20854	0.11788	0.02120	0.04325	0.00892	0.04249	0.00207	0.00501	0.00600	0.00506	0.00744
1	0.01036	0.00801	0.01161	0.18147	0.10358	0.00848	0.00944	0.03633	0.06294	0.05929	0.06128	0.28861	0.05137	0.01099	0.00623	0.00197	0.00480	0.07275	0.00440	0.00607
2	0.01436	0.01186	0.01753	0.08480	0.20861	0.01168	0.08020	0.12157	0.01392	0.08135	0.01126	0.01333	0.00872	0.00530	0.00582	0.00147	0.05047	0.00458	0.00354	0.24961
3	0.01201	0.01213	0.01600	0.01477	0.05668	0.05865	0.01150	0.01331	0.00917	0.01347	0.00947	0.08351	0.00984	0.00974	0.01547	0.00227	0.63767	0.00567	0.00267	0.00600
4	0.01660	0.01576	0.09334	0.01227	0.01612	0.15788	0.03674	0.02554	0.37752	0.16254	0.01779	0.01691	0.01293	0.00661	0.00541	0.00172	0.00598	0.00532	0.00482	0.00821
5	0.84691	0.01054	0.00801	0.00717	0.01054	0.01223	0.00590	0.01603	0.00928	0.02446	0.00759	0.00886	0.00590	0.00506	0.00337	0.00169	0.00422	0.00295	0.00337	0.00590
6	0.00717	0.00546	0.00671	0.00683	0.00810	0.00499	0.00508	0.00903	0.01304	0.01735	0.33020	0.18341	0.27332	0.01500	0.05253	0.00230	0.00356	0.04576	0.00531	0.00482
7	0.00683	0.00504	0.00639	0.00710	0.00787	0.00461	0.00493	0.00819	0.01180	0.01570	0.18812	0.52334	0.15944	0.01531	0.00676	0.00205	0.00297	0.01368	0.00526	0.00461
8	0.01069	0.00747	0.00983	0.05386	0.05397	0.00791	0.00716	0.06574	0.01115	0.06774	0.01885	0.03233	0.04611	0.33792	0.10100	0.00408	0.03930	0.11585	0.00386	0.00520
9	0.11061	0.09945	0.27597	0.01175	0.01599	0.02235	0.06761	0.02716	0.01050	0.01596	0.01128	0.01719	0.01027	0.18604	0.06246	0.00295	0.03839	0.00499	0.00280	0.00628
10	0.01452	0.00870	0.00952	0.00809	0.01047	0.00917	0.00637	0.24440	0.03670	0.07931	0.01597	0.01761	0.01215	0.00761	0.00607	0.07731	0.00402	0.00506	0.42041	0.00654
11	0.01333	0.54998	0.16669	0.01038	0.01543	0.01802	0.01097	0.01663	0.04564	0.01482	0.05168	0.01169	0.00996	0.00522	0.00409	0.00132	0.00592	0.00367	0.00272	0.04184
12	0.08272	0.00543	0.00665	0.00752	0.00828	0.00528	0.00526	0.00877	0.01098	0.01580	0.10577	0.60907	0.05212	0.01523	0.00659	0.00212	0.00325	0.03951	0.00500	0.00466
13	0.00773	0.00560	0.00697	0.00665	0.00795	0.00517	0.00490	0.00980	0.01386	0.02955	0.51840	0.04131	0.18569	0.08502	0.04544	0.00240	0.00345	0.00975	0.00544	0.00492
14	0.01263	0.01410	0.07013	0.05791	0.05982	0.01259	0.55170	0.01681	0.01259	0.04860	0.01288	0.08025	0.01069	0.00581	0.00627	0.00185	0.00822	0.00687	0.00307	0.00723
15	0.06159	0.01484	0.05155	0.11194	0.02017	0.10316	0.11662	0.23724	0.12172	0.04355	0.01377	0.05521	0.01087	0.00655	0.00550	0.00173	0.00663	0.00555	0.00415	0.00767
16	0.01319	0.00667	0.00834	0.00752	0.00965	0.00617	0.00589	0.01579	0.03447	0.23696	0.21182	0.08373	0.07125	0.00942	0.00560	0.00169	0.00341	0.05211	0.21000	0.00632
17	0.01249	0.00965	0.01143	0.00822	0.01301	0.00733	0.00660	0.01488	0.01169	0.08630	0.01076	0.01196	0.00856	0.00428	0.00417	0.00089	0.00409	0.00343	0.00355	0.76671
18	0.07653	0.01432	0.12639	0.05657	0.06991	0.07391	0.05476	0.03444	0.01220	0.01820	0.03995	0.01278	0.00941	0.00493	0.00468	0.00129	0.00577	0.00405	0.00313	0.37678
19	0.01201	0.10377	0.01316	0.00990	0.01193	0.05320	0.03853	0.01385	0.01044	0.11784	0.01406	0.01920	0.01238	0.08393	0.41725	0.00563	0.04826	0.00544	0.00337	0.00585
20	0.00683	0.00487	0.00648	0.00763	0.00798	0.00462	0.00515	0.00782	0.01032	0.01377	0.02876	0.70846	0.03422	0.06230	0.03460	0.00262	0.00374	0.04057	0.00489	0.00440
21	0.01143	0.01127	0.02023	0.48739	0.18772	0.01269	0.14025	0.01508	0.01148	0.01531	0.00997	0.01428	0.00772	0.00529	0.00592	0.00179	0.02773	0.00511	0.00254	0.00681
22	0.08624	0.00968	0.01476	0.16288	0.17025	0.01013	0.06989	0.01455	0.05090	0.01724	0.01753	0.07117	0.03586	0.00854	0.00589	0.00191	0.00574	0.18971	0.00367	0.05347
23	0.01308	0.01254	0.02139	0.13081	0.68024	0.01285	0.01653	0.01637	0.01222	0.01731	0.01018	0.01363	0.00846	0.00493	0.00540	0.00164	0.00658	0.00486	0.00266	0.00831
