[name]
unknown

[dist]
# distance from previous block
# <min> <max>
3	14

[block]
# block no. 0 follows, 44 sequences, length 34
# corresponding to MSA columns:
# 367-400
name=unknown_A
#
# <colnr> <probs for GDERKNQSTAVLIFYWHMCP>
#	G	D	E	R	K	N	Q	S	T	A	V	L	I	F	Y	W	H	M	C	P
0	0.01488	0.11937	0.02307	0.01989	0.20367	0.11969	0.22297	0.04786	0.02968	0.04536	0.01056	0.01282	0.00840	0.00507	0.00549	0.00154	0.02135	0.00478	0.00305	0.08051
1	0.00796	0.07638	0.00853	0.00649	0.00862	0.00666	0.00510	0.00938	0.01217	0.01524	0.11955	0.04138	0.51211	0.01212	0.00704	0.04448	0.02293	0.00943	0.00458	0.06986
2	0.03763	0.01511	0.05429	0.01276	0.03202	0.08652	0.03775	0.44903	0.02035	0.08584	0.01478	0.10187	0.01214	0.00744	0.00555	0.00170	0.00613	0.00597	0.00490	0.00823
3	0.12113	0.01744	0.27906	0.01228	0.01765	0.01239	0.02790	0.18682	0.03809	0.19456	0.01349	0.01404	0.00944	0.02496	0.00566	0.00178	0.00618	0.00463	0.00429	0.00823
4	0.07893	0.01238	0.01938	0.02717	0.58007	0.01230	0.01430	0.04590	0.01275	0.05772	0.01068	0.01318	0.00865	0.00496	0.00513	0.00156	0.00598	0.00460	0.00311	0.08124
5	0.01391	0.55544	0.09016	0.01000	0.01452	0.07001	0.00986	0.01667	0.04129	0.01459	0.06789	0.01213	0.01088	0.00535	0.00408	0.00128	0.00589	0.00374	0.00282	0.04950
6	0.58897	0.07292	0.01085	0.00815	0.01167	0.01276	0.00683	0.08711	0.01150	0.08973	0.00969	0.01074	0.00737	0.00714	0.04368	0.00200	0.00508	0.00350	0.00376	0.00655
7	0.08345	0.04877	0.09854	0.01124	0.01560	0.04409	0.02609	0.20962	0.08051	0.26367	0.02413	0.01523	0.01116	0.00630	0.00514	0.00165	0.00556	0.00490	0.03599	0.00836
8	0.77508	0.01043	0.00842	0.00739	0.01084	0.01186	0.00609	0.01695	0.00983	0.09029	0.00881	0.00970	0.00657	0.00521	0.00356	0.00169	0.00425	0.00317	0.00367	0.00620
9	0.01631	0.01222	0.01334	0.01086	0.01394	0.01354	0.00859	0.45428	0.11864	0.02695	0.04916	0.03177	0.01438	0.14184	0.02891	0.00248	0.02406	0.00599	0.00499	0.00774
10	0.00849	0.00574	0.00704	0.00677	0.00833	0.00511	0.00505	0.01046	0.01389	0.07746	0.39987	0.14079	0.26591	0.01238	0.00643	0.00182	0.00287	0.01075	0.00565	0.00521
11	0.01133	0.00960	0.01296	0.07260	0.09694	0.01037	0.04153	0.07975	0.18995	0.02013	0.17750	0.09962	0.06080	0.00930	0.00658	0.00187	0.04024	0.04742	0.00473	0.00680
12	0.00717	0.00494	0.00644	0.00739	0.00795	0.00465	0.00512	0.00853	0.01123	0.01556	0.11982	0.61026	0.03581	0.01533	0.00664	0.00208	0.00312	0.04537	0.07798	0.00460
13	0.01060	0.00926	0.01402	0.35938	0.05648	0.01033	0.05672	0.07518	0.04199	0.01667	0.05237	0.05978	0.11092	0.07757	0.00767	0.00210	0.00588	0.00686	0.02015	0.00605
14	0.01561	0.00883	0.01100	0.00855	0.01237	0.00748	0.00685	0.01868	0.05577	0.29683	0.14072	0.01959	0.01787	0.00646	0.00504	0.00135	0.00399	0.00537	0.03038	0.32726
15	0.01165	0.09644	0.63254	0.01554	0.02299	0.01365	0.08041	0.03480	0.01192	0.01729	0.00977	0.01157	0.00708	0.00512	0.00514	0.00168	0.00790	0.00415	0.00242	0.00793
16	0.01101	0.12386	0.44538	0.01255	0.01832	0.01255	0.01449	0.01710	0.11368	0.01695	0.01726	0.07078	0.08926	0.00712	0.00526	0.00172	0.00638	0.00573	0.00322	0.00739
17	0.03301	0.03088	0.07204	0.01053	0.01507	0.04617	0.00911	0.22932	0.05266	0.13359	0.01304	0.01373	0.00970	0.02439	0.00539	0.00145	0.00534	0.00435	0.00439	0.28586
18	0.01259	0.22585	0.48961	0.01319	0.01987	0.01452	0.01578	0.01775	0.04117	0.05050	0.01023	0.01146	0.00766	0.00515	0.00473	0.00155	0.00701	0.00386	0.00268	0.04486
19	0.01458	0.81168	0.02857	0.00933	0.01399	0.02157	0.00933	0.01632	0.01108	0.01283	0.00758	0.00875	0.00700	0.00466	0.00350	0.00117	0.00583	0.00292	0.00233	0.00700
20	0.00768	0.00564	0.00738	0.00822	0.00931	0.00535	0.00653	0.00958	0.01233	0.01613	0.13159	0.26337	0.15385	0.01490	0.00705	0.00222	0.00382	0.32510	0.00517	0.00481
21	0.00927	0.00487	0.00730	0.00730	0.00742	0.00499	0.00499	0.00742	0.00730	0.00985	0.01009	0.01716	0.00997	0.02159	0.11377	0.74081	0.00593	0.00487	0.00243	0.00267
22	0.01235	0.01192	0.04500	0.01306	0.01403	0.01495	0.01105	0.01584	0.11351	0.03785	0.01059	0.01392	0.00918	0.00874	0.01422	0.00218	0.57224	0.00498	0.06796	0.00644
23	0.01167	0.00680	0.00848	0.00802	0.00993	0.00636	0.00602	0.02873	0.07172	0.19027	0.14708	0.29793	0.15177	0.01228	0.00632	0.00192	0.00351	0.01946	0.00564	0.00610
24	0.00816	0.00625	0.00892	0.00872	0.00944	0.00737	0.00661	0.00969	0.00858	0.01232	0.01444	0.02319	0.01420	0.17624	0.58601	0.00760	0.07852	0.00613	0.00294	0.00468
25	0.02040	0.02505	0.01553	0.01391	0.01686	0.71930	0.01052	0.08592	0.01634	0.01518	0.00883	0.01012	0.00722	0.00570	0.00496	0.00142	0.00950	0.00363	0.00304	0.00658
26	0.00673	0.00481	0.00640	0.00753	0.00793	0.00448	0.00507	0.00780	0.01083	0.01453	0.08769	0.74545	0.03725	0.01662	0.00692	0.00218	0.00312	0.01506	0.00513	0.00448
27	0.00670	0.00539	0.00600	0.00633	0.00775	0.00469	0.00467	0.00811	0.01217	0.01509	0.09438	0.22560	0.51650	0.01446	0.00662	0.00195	0.00296	0.05091	0.00512	0.00462
28	0.01426	0.11756	0.11974	0.04758	0.01803	0.04353	0.08978	0.12131	0.01305	0.06950	0.01137	0.06169	0.00975	0.00735	0.00884	0.00186	0.22904	0.00530	0.00333	0.00714
29	0.01179	0.04605	0.05422	0.03806	0.21494	0.04359	0.02778	0.01460	0.01300	0.04652	0.21936	0.04424	0.02096	0.00704	0.00569	0.00153	0.02389	0.00613	0.00388	0.15674
30	0.49108	0.09348	0.02595	0.00903	0.01271	0.04262	0.00769	0.14184	0.02781	0.02371	0.00931	0.01089	0.00739	0.00555	0.00429	0.00161	0.02258	0.01507	0.00362	0.04378
31	0.01458	0.81168	0.02857	0.00933	0.01399	0.02157	0.00933	0.01632	0.01108	0.01283	0.00758	0.00875	0.00700	0.00466	0.00350	0.00117	0.00583	0.00292	0.00233	0.00700
32	0.01088	0.01254	0.16183	0.09484	0.05543	0.01002	0.02809	0.08031	0.12315	0.02747	0.05755	0.27467	0.02059	0.00984	0.00598	0.00190	0.00527	0.00867	0.00424	0.00673
33	0.00736	0.00545	0.00683	0.00670	0.00794	0.00496	0.00493	0.00947	0.01414	0.01941	0.53895	0.14052	0.17480	0.02564	0.00685	0.00186	0.00273	0.01084	0.00567	0.00493

[dist]
# distance from previous block
# <min> <max>
5	22

[block]
# block no. 1 follows, 44 sequences, length 19
# corresponding to MSA columns:
# 425-443
name=unknown_B
#
# <colnr> <probs for GDERKNQSTAVLIFYWHMCP>
#	G	D	E	R	K	N	Q	S	T	A	V	L	I	F	Y	W	H	M	C	P
0	0.01538	0.01513	0.06045	0.01311	0.05443	0.11094	0.01026	0.14183	0.46946	0.02286	0.01766	0.01699	0.01327	0.00677	0.00542	0.00174	0.00561	0.00544	0.00485	0.00841
1	0.64758	0.01168	0.00976	0.00941	0.05762	0.06318	0.00700	0.01666	0.03317	0.02272	0.00843	0.00975	0.00665	0.00507	0.00372	0.00160	0.00471	0.00323	0.00335	0.07472
2	0.06834	0.05344	0.01489	0.07532	0.01675	0.01415	0.00957	0.37711	0.11889	0.11986	0.06465	0.01619	0.01308	0.00671	0.00531	0.00167	0.00537	0.00525	0.00513	0.00833
3	0.06404	0.00973	0.01136	0.08186	0.01468	0.01065	0.00818	0.03967	0.35006	0.12274	0.20143	0.02363	0.02296	0.00788	0.00561	0.00178	0.00424	0.00662	0.00540	0.00748
4	0.01653	0.12725	0.01653	0.11537	0.01814	0.03293	0.01012	0.24897	0.25009	0.08548	0.01526	0.01528	0.01126	0.00639	0.00519	0.00166	0.00560	0.00502	0.00468	0.00825
5	0.01820	0.01377	0.01536	0.08408	0.01796	0.01536	0.01029	0.56726	0.09598	0.03052	0.06389	0.01576	0.01260	0.00683	0.00553	0.00168	0.00572	0.00535	0.00522	0.00864
6	0.01399	0.01834	0.20564	0.01801	0.05690	0.07248	0.29059	0.10247	0.12857	0.01983	0.01243	0.01419	0.00925	0.00547	0.00572	0.00175	0.00774	0.00535	0.00338	0.00791
7	0.01215	0.01159	0.01971	0.35254	0.46578	0.01260	0.01607	0.01556	0.01178	0.01619	0.01002	0.01393	0.00806	0.00511	0.00542	0.00170	0.00681	0.00485	0.00258	0.00756
8	0.01003	0.00873	0.01394	0.12813	0.24072	0.00885	0.03647	0.01294	0.01328	0.01837	0.28971	0.04602	0.05246	0.00888	0.00612	0.00181	0.00492	0.08805	0.00424	0.00634
9	0.00992	0.00915	0.01486	0.60655	0.03097	0.01132	0.01329	0.01304	0.01095	0.01439	0.06180	0.08880	0.01283	0.00723	0.00667	0.00189	0.07145	0.00615	0.00290	0.00584
10	0.00826	0.00617	0.00792	0.00857	0.00978	0.00611	0.00676	0.01144	0.08164	0.01703	0.15414	0.26530	0.08982	0.01419	0.00692	0.00218	0.00385	0.28951	0.00525	0.00517
11	0.01447	0.01328	0.01413	0.01440	0.11079	0.11055	0.01018	0.11586	0.33196	0.02084	0.01737	0.02097	0.01435	0.00942	0.04878	0.00220	0.04061	0.07762	0.00450	0.00774
12	0.00673	0.00486	0.00637	0.00741	0.00790	0.00450	0.00502	0.00785	0.01101	0.01469	0.09967	0.69347	0.07763	0.01636	0.00688	0.00215	0.00309	0.01476	0.00515	0.00450
13	0.01467	0.01355	0.08567	0.01364	0.05472	0.01311	0.08477	0.10510	0.41840	0.07623	0.01811	0.01770	0.01337	0.00660	0.00551	0.00177	0.00539	0.00570	0.03756	0.00843
14	0.00666	0.00525	0.00601	0.00641	0.00765	0.00460	0.00458	0.00802	0.01206	0.01525	0.12721	0.31868	0.42898	0.01467	0.00663	0.00196	0.00288	0.01274	0.00517	0.00460
15	0.02752	0.01613	0.24786	0.19367	0.16764	0.01179	0.09184	0.01700	0.01209	0.10025	0.01230	0.03937	0.00963	0.00589	0.00552	0.00177	0.00703	0.02204	0.00311	0.00756
16	0.00999	0.00611	0.00793	0.00744	0.00914	0.00555	0.00576	0.01227	0.01458	0.12804	0.47725	0.08745	0.12112	0.01151	0.00642	0.00182	0.00314	0.07300	0.00586	0.00562
17	0.01216	0.14158	0.36861	0.01533	0.08160	0.01391	0.06799	0.01889	0.15030	0.01790	0.05084	0.01460	0.01123	0.00575	0.00516	0.00166	0.00670	0.00479	0.00316	0.00785
18	0.04047	0.01366	0.05559	0.09249	0.26981	0.02982	0.09282	0.12761	0.03125	0.08188	0.01140	0.01373	0.00877	0.00594	0.00692	0.00177	0.09970	0.00498	0.00346	0.00793

[dist]
# distance from previous block
# <min> <max>
0	1

[block]
# block no. 2 follows, 44 sequences, length 21
# corresponding to MSA columns:
# 445-465
name=unknown_C
#
# <colnr> <probs for GDERKNQSTAVLIFYWHMCP>
#	G	D	E	R	K	N	Q	S	T	A	V	L	I	F	Y	W	H	M	C	P
0	0.00845	0.00671	0.00840	0.00896	0.06704	0.00624	0.00611	0.03730	0.02884	0.01851	0.31234	0.09664	0.26711	0.03488	0.00692	0.00188	0.00336	0.03816	0.00514	0.03703
1	0.01439	0.37706	0.18287	0.01212	0.01687	0.16465	0.04066	0.01763	0.04059	0.01451	0.01090	0.01216	0.03988	0.00559	0.00486	0.00145	0.03017	0.00394	0.00267	0.00703
2	0.00789	0.00545	0.00679	0.00679	0.00708	0.00574	0.00435	0.00847	0.00818	0.01119	0.01641	0.03141	0.01797	0.57881	0.25481	0.00633	0.00807	0.00730	0.00319	0.00377
3	0.01458	0.81168	0.02857	0.00933	0.01399	0.02157	0.00933	0.01632	0.01108	0.01283	0.00758	0.00875	0.00700	0.00466	0.00350	0.00117	0.00583	0.00292	0.00233	0.00700
4	0.13784	0.06542	0.01316	0.02902	0.01386	0.01087	0.00773	0.09126	0.01256	0.07998	0.01033	0.01165	0.00814	0.00516	0.00525	0.00126	0.06514	0.00368	0.00361	0.42407
5	0.03027	0.17465	0.16201	0.01127	0.01567	0.01234	0.06119	0.01915	0.12071	0.16713	0.10457	0.04742	0.03659	0.00703	0.00525	0.00165	0.00544	0.00584	0.00431	0.00751
6	0.12377	0.04502	0.04645	0.01298	0.09732	0.01119	0.06065	0.08798	0.13240	0.10171	0.06977	0.12701	0.04471	0.00809	0.00548	0.00177	0.00496	0.00693	0.00454	0.00725
7	0.01078	0.18227	0.06707	0.00746	0.00997	0.00953	0.00666	0.04086	0.01181	0.01763	0.01927	0.14033	0.06708	0.00808	0.00457	0.00148	0.00390	0.00658	0.37895	0.00574
8	0.01245	0.01212	0.10543	0.01178	0.01521	0.01053	0.10669	0.15369	0.12070	0.04412	0.18073	0.13166	0.02308	0.00872	0.00593	0.00179	0.00512	0.00776	0.03543	0.00706
9	0.00702	0.00506	0.00667	0.00751	0.00817	0.00472	0.00529	0.00845	0.01176	0.01586	0.19392	0.55420	0.07033	0.01550	0.00686	0.00211	0.00314	0.06352	0.00526	0.00463
10	0.01030	0.00969	0.01635	0.79530	0.03755	0.01211	0.01514	0.01393	0.01090	0.01393	0.00969	0.01453	0.00727	0.00545	0.00545	0.00182	0.00727	0.00484	0.00242	0.00606
11	0.00658	0.00531	0.00586	0.00618	0.00757	0.00459	0.00446	0.00793	0.01208	0.01499	0.09692	0.25904	0.52035	0.01453	0.00658	0.00194	0.00286	0.01249	0.00513	0.00459
12	0.07488	0.01320	0.01649	0.07606	0.18778	0.01424	0.01152	0.37010	0.05685	0.10526	0.01316	0.01394	0.00956	0.00605	0.00531	0.00167	0.00585	0.00488	0.00460	0.00862
13	0.84691	0.01054	0.00801	0.00717	0.01054	0.01223	0.00590	0.01603	0.00928	0.02446	0.00759	0.00886	0.00590	0.00506	0.00337	0.00169	0.00422	0.00295	0.00337	0.00590
14	0.01112	0.00978	0.01397	0.09416	0.24127	0.00986	0.01036	0.01604	0.14173	0.01870	0.15968	0.08069	0.03291	0.00752	0.00556	0.00163	0.00477	0.00672	0.00409	0.12945
15	0.01849	0.02273	0.01432	0.01304	0.01570	0.64647	0.00980	0.02097	0.06631	0.01494	0.09488	0.01401	0.01265	0.00636	0.00513	0.00147	0.00864	0.00440	0.00335	0.00635
16	0.01110	0.01033	0.06479	0.11467	0.01722	0.00951	0.10845	0.08273	0.07447	0.04772	0.28174	0.06134	0.07545	0.00867	0.00605	0.00178	0.00501	0.00780	0.00468	0.00650
17	0.03288	0.01501	0.18367	0.09536	0.03492	0.04152	0.04502	0.10095	0.15411	0.06646	0.01674	0.04736	0.01423	0.00776	0.00575	0.00187	0.00620	0.11860	0.00413	0.00744
18	0.01178	0.02580	0.66564	0.01679	0.07475	0.01252	0.04763	0.01765	0.01180	0.05088	0.01038	0.01208	0.00737	0.00520	0.00526	0.00172	0.00784	0.00424	0.00254	0.00812
19	0.01963	0.02072	0.01572	0.01342	0.01659	0.43523	0.01049	0.27556	0.05026	0.02100	0.01054	0.01155	0.00822	0.00628	0.00601	0.00157	0.06182	0.00419	0.00381	0.00741
20	0.01388	0.15843	0.19570	0.01346	0.03525	0.01309	0.12867	0.04933	0.05953	0.08937	0.01159	0.01280	0.00875	0.00509	0.00490	0.00145	0.00631	0.00436	0.00334	0.18470

[dist]
# distance from previous block
# <min> <max>
0	1

[block]
# block no. 3 follows, 44 sequences, length 39
# corresponding to MSA columns:
# 467-480,488-512
name=unknown_D
#
# <colnr> <probs for GDERKNQSTAVLIFYWHMCP>
#	G	D	E	R	K	N	Q	S	T	A	V	L	I	F	Y	W	H	M	C	P
0	0.04463	0.00986	0.01185	0.01081	0.01164	0.04864	0.00845	0.07539	0.01078	0.01531	0.01507	0.16886	0.01621	0.13158	0.05792	0.00301	0.30776	0.04323	0.00351	0.00547
1	0.00760	0.00553	0.00715	0.00683	0.00809	0.00508	0.00509	0.01003	0.01502	0.02110	0.69772	0.08143	0.08570	0.01159	0.00646	0.00175	0.00261	0.01024	0.00591	0.00508
2	0.01270	0.01118	0.01857	0.41142	0.34441	0.01236	0.01528	0.03551	0.01219	0.05881	0.01068	0.01428	0.00824	0.00530	0.00543	0.00172	0.00676	0.00489	0.00286	0.00740
3	0.00764	0.00553	0.00740	0.00836	0.00928	0.00529	0.00653	0.00947	0.01208	0.01599	0.12905	0.35395	0.08273	0.01527	0.00709	0.00224	0.00382	0.30834	0.00517	0.00477
4	0.80292	0.01137	0.00841	0.00754	0.01088	0.05344	0.00615	0.01633	0.00961	0.02387	0.00764	0.00891	0.00596	0.00509	0.00346	0.00167	0.00452	0.00298	0.00334	0.00593
5	0.02349	0.01014	0.01404	0.01067	0.01497	0.00918	0.04745	0.09683	0.01643	0.66610	0.02014	0.01782	0.01281	0.00661	0.00553	0.00169	0.00501	0.00548	0.00641	0.00918
6	0.01082	0.00886	0.01201	0.05445	0.01321	0.01083	0.00884	0.11805	0.01124	0.01591	0.01283	0.01946	0.01192	0.07725	0.37538	0.00543	0.20151	0.02308	0.00320	0.00573
7	0.01201	0.01216	0.01798	0.01503	0.01549	0.01646	0.07348	0.01348	0.00872	0.01348	0.00748	0.01216	0.00725	0.00913	0.01694	0.00234	0.73301	0.00491	0.00242	0.00608
8	0.01356	0.01171	0.01233	0.01109	0.01418	0.01356	0.00863	0.02897	0.76455	0.02281	0.02219	0.02034	0.01664	0.00740	0.00555	0.00185	0.00431	0.00616	0.00555	0.00863
9	0.00794	0.00596	0.00716	0.00775	0.00856	0.00597	0.00536	0.01086	0.11638	0.01473	0.02838	0.46222	0.08415	0.15987	0.01055	0.00271	0.00377	0.04799	0.00481	0.00486
10	0.01367	0.33971	0.18252	0.01285	0.04742	0.01646	0.05402	0.02016	0.20720	0.03724	0.01252	0.01313	0.00979	0.00554	0.00468	0.00153	0.00609	0.00434	0.00332	0.00779
11	0.00669	0.00497	0.00624	0.00710	0.00781	0.00452	0.00488	0.00786	0.01126	0.01474	0.09671	0.58595	0.18954	0.01591	0.00681	0.00210	0.00303	0.01421	0.00514	0.00452
12	0.12850	0.02196	0.50716	0.01519	0.08738	0.01220	0.01624	0.01773	0.04823	0.04980	0.03898	0.01312	0.00932	0.00553	0.00502	0.00172	0.00685	0.00433	0.00296	0.00778
13	0.00778	0.00699	0.05076	0.00909	0.03223	0.00570	0.00696	0.00953	0.01121	0.01501	0.02921	0.46991	0.10286	0.01448	0.00668	0.00209	0.00390	0.15006	0.00471	0.06084
14	0.03007	0.03311	0.01617	0.14055	0.03010	0.41755	0.03382	0.02811	0.03110	0.01424	0.00914	0.01185	0.00765	0.00762	0.03849	0.00195	0.13516	0.00419	0.00278	0.00632
15	0.01442	0.07388	0.01959	0.23726	0.12284	0.01278	0.14185	0.08971	0.04379	0.12408	0.01346	0.05880	0.01065	0.00618	0.00556	0.00173	0.00655	0.00572	0.00368	0.00747
16	0.01527	0.20862	0.01816	0.05608	0.02626	0.19793	0.05909	0.01835	0.06204	0.07897	0.07483	0.01443	0.01219	0.00574	0.00479	0.00139	0.00636	0.00448	0.00350	0.13152
17	0.00765	0.00530	0.00614	0.00625	0.00679	0.00512	0.00400	0.00844	0.00989	0.01337	0.10376	0.12968	0.13426	0.44045	0.04911	0.00397	0.00461	0.00933	0.04792	0.00398
18	0.01465	0.01313	0.05194	0.11875	0.04945	0.01407	0.01081	0.19483	0.42314	0.02381	0.01729	0.01716	0.01286	0.00672	0.00549	0.00178	0.00538	0.00554	0.00483	0.00840
19	0.00660	0.00506	0.00605	0.00680	0.00771	0.00451	0.00472	0.00775	0.01132	0.01444	0.06007	0.50245	0.31157	0.01569	0.00675	0.00206	0.00300	0.01385	0.00509	0.00451
20	0.01392	0.04129	0.29138	0.05883	0.06343	0.01316	0.03634	0.17750	0.09511	0.05556	0.01286	0.01458	0.00966	0.02001	0.07017	0.00234	0.00739	0.00485	0.00364	0.00797
21	0.01349	0.01295	0.02213	0.03346	0.77440	0.01295	0.01673	0.01673	0.01241	0.01781	0.01025	0.01349	0.00864	0.00486	0.00540	0.00162	0.00648	0.00486	0.00270	0.00864
22	0.01554	0.16251	0.21783	0.01296	0.02760	0.10976	0.05466	0.06587	0.08238	0.13132	0.01357	0.05905	0.01076	0.00632	0.00512	0.00162	0.00665	0.00505	0.00372	0.00772
23	0.01214	0.00946	0.07366	0.17003	0.01603	0.00889	0.00870	0.09214	0.01311	0.06313	0.04158	0.01803	0.01262	0.00637	0.00501	0.00153	0.02658	0.00511	0.40964	0.00623
24	0.00947	0.00473	0.00710	0.00710	0.00710	0.00473	0.00473	0.00710	0.00710	0.00947	0.00947	0.01657	0.00947	0.01894	0.02131	0.84138	0.00473	0.00473	0.00237	0.00237
25	0.01449	0.74538	0.02722	0.00947	0.01401	0.02091	0.00927	0.01737	0.07353	0.01365	0.00879	0.00971	0.00780	0.00489	0.00367	0.00122	0.00570	0.00318	0.00260	0.00713
26	0.01303	0.01078	0.08478	0.01167	0.03031	0.00906	0.10824	0.05538	0.07647	0.15686	0.16869	0.10311	0.03263	0.04867	0.03885	0.00222	0.00548	0.00754	0.00478	0.03144
27	0.00863	0.00660	0.00787	0.00757	0.00941	0.00609	0.00599	0.05230	0.01366	0.01814	0.23240	0.04484	0.25823	0.05658	0.00763	0.00206	0.00367	0.17884	0.00508	0.07442
28	0.01326	0.04057	0.01584	0.01240	0.01475	0.01247	0.11277	0.16162	0.04581	0.05549	0.03612	0.01923	0.01276	0.11732	0.12937	0.00338	0.17038	0.01611	0.00374	0.00658
29	0.00743	0.00580	0.00830	0.15633	0.01365	0.00599	0.00711	0.00900	0.01075	0.01409	0.02759	0.57322	0.07279	0.01459	0.00667	0.00213	0.00401	0.05119	0.00456	0.00478
30	0.03789	0.17071	0.44244	0.01284	0.01899	0.01313	0.01502	0.01784	0.01202	0.12285	0.01258	0.01619	0.00992	0.00615	0.00505	0.00168	0.00679	0.06702	0.00319	0.00770
31	0.01193	0.00918	0.01425	0.47259	0.06930	0.01044	0.01217	0.01562	0.05458	0.11576	0.03256	0.07928	0.06502	0.00729	0.00566	0.00182	0.00598	0.00639	0.00365	0.00653
32	0.00664	0.00518	0.00603	0.00655	0.00767	0.00457	0.00464	0.00794	0.01181	0.01500	0.10724	0.38347	0.38380	0.01502	0.00667	0.00199	0.00292	0.01312	0.00514	0.00457
33	0.01428	0.32694	0.23347	0.04541	0.08817	0.03625	0.01287	0.02739	0.01197	0.09844	0.01062	0.01268	0.00851	0.04463	0.00570	0.00166	0.00652	0.00406	0.00295	0.00749
34	0.01304	0.13091	0.24816	0.05830	0.08096	0.01308	0.01317	0.01964	0.18499	0.07736	0.01564	0.01916	0.02263	0.00675	0.00531	0.00174	0.00608	0.07161	0.00373	0.00774
35	0.02072	0.00932	0.01199	0.00961	0.01333	0.00855	0.00794	0.10955	0.01618	0.54195	0.02480	0.02527	0.09679	0.00820	0.00576	0.00177	0.00463	0.06898	0.00626	0.00840
36	0.01445	0.00902	0.04644	0.00804	0.01076	0.00844	0.00674	0.13028	0.07485	0.15069	0.03573	0.01898	0.01394	0.00659	0.00461	0.00148	0.00384	0.00527	0.44301	0.00686
37	0.01682	0.42112	0.05327	0.03076	0.01619	0.35108	0.01043	0.01865	0.01298	0.01326	0.00809	0.00947	0.00701	0.00512	0.00423	0.00131	0.00768	0.00326	0.00254	0.00672
38	0.01223	0.00824	0.01086	0.00863	0.01202	0.00682	0.04792	0.01447	0.01294	0.16123	0.14129	0.09139	0.12363	0.00818	0.00541	0.00144	0.00395	0.00708	0.00472	0.31754

[dist]
# distance from previous block
# <min> <max>
0	3

[block]
# block no. 4 follows, 44 sequences, length 12
# corresponding to MSA columns:
# 516-527
name=unknown_E
#
# <colnr> <probs for GDERKNQSTAVLIFYWHMCP>
#	G	D	E	R	K	N	Q	S	T	A	V	L	I	F	Y	W	H	M	C	P
0	0.04558	0.04060	0.08533	0.16632	0.01922	0.01140	0.01061	0.11028	0.10958	0.24034	0.09042	0.01816	0.01478	0.00670	0.00540	0.00171	0.00543	0.00549	0.00481	0.00783
1	0.01341	0.01258	0.02064	0.12165	0.39682	0.01334	0.10587	0.09043	0.05438	0.01877	0.01168	0.04089	0.00975	0.00593	0.00643	0.00176	0.05913	0.00548	0.00316	0.00790
2	0.04817	0.01500	0.01968	0.05332	0.08176	0.10459	0.20059	0.25142	0.08968	0.04175	0.01262	0.01408	0.00941	0.00578	0.00553	0.00168	0.00701	0.00519	0.02480	0.00794
3	0.09945	0.01138	0.01345	0.01041	0.01460	0.01135	0.00860	0.26767	0.01834	0.46153	0.01742	0.01584	0.01139	0.00652	0.00528	0.00167	0.00505	0.00506	0.00601	0.00896
4	0.01380	0.13665	0.50477	0.01400	0.02072	0.04102	0.03451	0.05868	0.01283	0.09794	0.01087	0.01197	0.00778	0.00535	0.00501	0.00163	0.00736	0.00411	0.00298	0.00802
5	0.00769	0.00524	0.00670	0.00719	0.00802	0.00481	0.00499	0.00903	0.01182	0.04742	0.19796	0.46979	0.11553	0.06743	0.00810	0.00224	0.00319	0.01289	0.00523	0.00473
6	0.11412	0.00873	0.01119	0.00899	0.01253	0.00805	0.00733	0.02221	0.01441	0.54700	0.11399	0.02044	0.01743	0.00937	0.05716	0.00216	0.00499	0.00577	0.00602	0.00808
7	0.02136	0.00850	0.01138	0.00897	0.01260	0.00744	0.00732	0.02355	0.01520	0.62757	0.10052	0.02107	0.01755	0.00718	0.00543	0.00165	0.00422	0.00591	0.08415	0.00845
8	0.00715	0.00535	0.00663	0.00673	0.00790	0.00484	0.00489	0.00903	0.01347	0.01819	0.41719	0.23721	0.21488	0.01327	0.00657	0.00187	0.00277	0.01167	0.00554	0.00484
9	0.00905	0.00578	0.00757	0.00720	0.00862	0.00528	0.00536	0.01128	0.01455	0.09045	0.55929	0.16199	0.06901	0.01178	0.00643	0.00180	0.00286	0.01041	0.00589	0.00539
10	0.00784	0.00573	0.00759	0.00850	0.00962	0.00549	0.00688	0.00983	0.01234	0.01611	0.11135	0.23469	0.13643	0.01495	0.00713	0.00226	0.00401	0.38927	0.00514	0.00484
11	0.05132	0.21627	0.02635	0.01648	0.02098	0.01622	0.36057	0.08585	0.05272	0.01808	0.01045	0.01284	0.00828	0.00538	0.00639	0.00169	0.07468	0.00509	0.00304	0.00732

[dist]
# distance from previous block
# <min> <max>
0	2

[block]
# block no. 5 follows, 44 sequences, length 29
# corresponding to MSA columns:
# 530-558
name=unknown_F
#
# <colnr> <probs for GDERKNQSTAVLIFYWHMCP>
#	G	D	E	R	K	N	Q	S	T	A	V	L	I	F	Y	W	H	M	C	P
0	0.05114	0.11334	0.08539	0.09106	0.01569	0.02354	0.00944	0.08413	0.07400	0.06318	0.08195	0.17311	0.01835	0.00858	0.00569	0.00172	0.02321	0.01628	0.00416	0.05602
1	0.76045	0.00998	0.00771	0.00695	0.01011	0.01149	0.00569	0.01568	0.00950	0.02403	0.00864	0.01004	0.00674	0.00519	0.00342	0.00164	0.00404	0.00317	0.08969	0.00582
2	0.00926	0.00640	0.00935	0.15079	0.04172	0.00650	0.00758	0.01097	0.01135	0.08522	0.06609	0.51823	0.02863	0.01325	0.00646	0.00204	0.00413	0.01195	0.00471	0.00536
3	0.15015	0.00947	0.01194	0.00931	0.01340	0.00866	0.00769	0.02496	0.01464	0.66299	0.01938	0.01707	0.01234	0.00649	0.00516	0.00169	0.00457	0.00510	0.00623	0.00876
4	0.01361	0.01465	0.01693	0.14868	0.09734	0.17946	0.01267	0.01547	0.01071	0.01379	0.00818	0.01209	0.00730	0.00753	0.01173	0.00200	0.41449	0.00452	0.00251	0.00633
5	0.00697	0.00511	0.00654	0.00710	0.00792	0.00468	0.00498	0.00850	0.01231	0.01661	0.27525	0.46429	0.13011	0.01475	0.00672	0.00201	0.00292	0.01317	0.00537	0.00468
6	0.00954	0.00518	0.00553	0.00553	0.00653	0.00525	0.00394	0.01154	0.01054	0.01782	0.01742	0.02342	0.01509	0.16611	0.06883	0.00263	0.00401	0.00570	0.61065	0.00472
7	0.00830	0.00542	0.00695	0.00727	0.00832	0.00493	0.00515	0.00978	0.01230	0.07486	0.22209	0.43679	0.12829	0.03421	0.00717	0.00208	0.00313	0.01260	0.00539	0.00498
8	0.00679	0.00525	0.00620	0.00657	0.00773	0.00466	0.00469	0.00827	0.01235	0.01598	0.20118	0.32435	0.34759	0.01442	0.00663	0.00195	0.00287	0.01261	0.00527	0.00466
9	0.01450	0.01347	0.01560	0.06970	0.20237	0.08468	0.01136	0.08034	0.40381	0.02101	0.01646	0.01675	0.01260	0.00641	0.00544	0.00173	0.00568	0.00541	0.00438	0.00829
10	0.41672	0.03391	0.17947	0.01023	0.01481	0.06431	0.01001	0.06627	0.01220	0.13124	0.01049	0.01118	0.00754	0.00545	0.00432	0.00166	0.00565	0.00372	0.00370	0.00713
11	0.01682	0.09327	0.01693	0.09323	0.01747	0.07314	0.01079	0.23296	0.01545	0.12244	0.01139	0.01317	0.00876	0.00780	0.02648	0.00196	0.22184	0.00466	0.00391	0.00749
12	0.00769	0.00551	0.00751	0.00870	0.00952	0.00533	0.00683	0.00943	0.01160	0.01525	0.04560	0.41566	0.05058	0.01591	0.00721	0.00234	0.00403	0.36150	0.00506	0.00473
13	0.01318	0.00984	0.01088	0.00973	0.01245	0.01084	0.00757	0.02400	0.49889	0.09131	0.16860	0.02417	0.02299	0.00800	0.00560	0.00177	0.00388	0.00675	0.06178	0.00777
14	0.00862	0.00726	0.01047	0.14406	0.12134	0.00727	0.00824	0.01111	0.01328	0.01788	0.33023	0.07615	0.20268	0.01022	0.00615	0.00177	0.00400	0.00898	0.00466	0.00563
15	0.01005	0.00922	0.01358	0.01124	0.01378	0.00949	0.15300	0.01550	0.18365	0.01865	0.20509	0.04490	0.20808	0.00964	0.00713	0.00186	0.06565	0.00846	0.00474	0.00629
16	0.01247	0.00995	0.01609	0.27446	0.29570	0.01054	0.01285	0.01559	0.01272	0.09590	0.14062	0.01924	0.01615	0.00637	0.00554	0.00169	0.00573	0.00577	0.03546	0.00713
17	0.03862	0.01054	0.01433	0.01100	0.01505	0.01007	0.04858	0.12208	0.01626	0.58132	0.01876	0.01707	0.01215	0.00673	0.00618	0.00173	0.04919	0.00537	0.00605	0.00892
18	0.01527	0.01281	0.01816	0.24745	0.31147	0.05598	0.01397	0.15051	0.01482	0.08978	0.01154	0.01399	0.00871	0.00555	0.00540	0.00167	0.00664	0.00485	0.00350	0.00793
19	0.00700	0.00541	0.00639	0.00642	0.00778	0.00480	0.00471	0.00881	0.01335	0.01756	0.34864	0.17207	0.35096	0.01324	0.00652	0.00185	0.00275	0.01148	0.00545	0.00480
20	0.01249	0.24902	0.52569	0.01370	0.02051	0.05820	0.01656	0.01725	0.01161	0.01580	0.00909	0.01064	0.00694	0.00506	0.00469	0.00155	0.00753	0.00369	0.00234	0.00766
21	0.01060	0.00848	0.01062	0.05424	0.06369	0.02008	0.00812	0.05140	0.17861	0.03047	0.26255	0.11299	0.04010	0.01043	0.00624	0.00190	0.00419	0.11375	0.00517	0.00637
22	0.01956	0.01516	0.01467	0.01204	0.01574	0.20639	0.03771	0.20542	0.06786	0.22855	0.01563	0.01747	0.01174	0.00679	0.00543	0.00163	0.00643	0.05405	0.00490	0.05282
23	0.00689	0.00543	0.00626	0.00659	0.00796	0.00480	0.00492	0.00845	0.01244	0.01574	0.15162	0.21601	0.43779	0.01425	0.00665	0.00197	0.00303	0.07933	0.00519	0.00468
24	0.01168	0.00968	0.01134	0.00812	0.01295	0.00729	0.00650	0.01410	0.01143	0.03962	0.01003	0.01151	0.00823	0.00412	0.00408	0.00083	0.00405	0.00329	0.00333	0.81781
25	0.06905	0.01228	0.02028	0.15039	0.60822	0.01277	0.01576	0.01625	0.01197	0.01765	0.00999	0.01334	0.00824	0.00496	0.00527	0.00165	0.00645	0.00473	0.00270	0.00805
26	0.10025	0.01391	0.02005	0.02895	0.62537	0.08446	0.01504	0.01712	0.01237	0.01808	0.00981	0.01268	0.00820	0.00495	0.00514	0.00161	0.00655	0.00454	0.00278	0.00814
27	0.13136	0.00960	0.01369	0.52740	0.02835	0.01163	0.01209	0.01567	0.08860	0.01696	0.01143	0.01485	0.00866	0.00568	0.00501	0.00175	0.00608	0.00473	0.08026	0.00621
28	0.04671	0.01025	0.01291	0.08299	0.01558	0.01110	0.00900	0.03749	0.17313	0.19797	0.07342	0.01756	0.01424	0.00711	0.00739	0.00172	0.14000	0.00534	0.00461	0.13149

[dist]
# distance from previous block
# <min> <max>
0	4

[block]
# block no. 6 follows, 44 sequences, length 24
# corresponding to MSA columns:
# 563-586
name=unknown_G
#
# <colnr> <probs for GDERKNQSTAVLIFYWHMCP>
#	G	D	E	R	K	N	Q	S	T	A	V	L	I	F	Y	W	H	M	C	P
0	0.69113	0.05987	0.01014	0.06693	0.01296	0.01259	0.00692	0.01641	0.00983	0.06073	0.00845	0.00976	0.00646	0.00515	0.00364	0.00166	0.00457	0.00322	0.00341	0.00615
1	0.13974	0.06969	0.01461	0.01123	0.01485	0.16052	0.00908	0.30991	0.13047	0.02470	0.01463	0.01473	0.04977	0.00654	0.00498	0.00161	0.00602	0.00476	0.00443	0.00772
2	0.01606	0.01337	0.01749	0.01833	0.22494	0.01463	0.03927	0.31616	0.15152	0.02519	0.04298	0.01555	0.01187	0.00654	0.00637	0.00173	0.05969	0.00536	0.00442	0.00853
3	0.03462	0.05396	0.01740	0.12772	0.13817	0.07275	0.08601	0.06822	0.02868	0.24495	0.01647	0.01715	0.05692	0.00625	0.00543	0.00167	0.00620	0.00539	0.00426	0.00779
4	0.01354	0.01230	0.01574	0.01324	0.01457	0.07884	0.05270	0.06136	0.01169	0.07350	0.09950	0.01624	0.01329	0.00988	0.04155	0.00233	0.45447	0.00546	0.00341	0.00639
5	0.07017	0.18599	0.07952	0.05924	0.01677	0.01324	0.03471	0.09559	0.05487	0.31501	0.01477	0.01442	0.01026	0.00593	0.00493	0.00159	0.00558	0.00462	0.00462	0.00817
6	0.07200	0.01356	0.06628	0.02566	0.50956	0.01275	0.01454	0.09688	0.01392	0.10556	0.01161	0.01358	0.00896	0.00528	0.00526	0.00164	0.00616	0.00475	0.00347	0.00855
7	0.21300	0.01169	0.01596	0.01227	0.01638	0.05828	0.18141	0.02109	0.01330	0.34515	0.01485	0.01493	0.01013	0.00577	0.00510	0.00169	0.00583	0.00497	0.04051	0.00768
8	0.00964	0.00845	0.04795	0.01025	0.06815	0.00760	0.00767	0.02449	0.12620	0.03992	0.25505	0.08514	0.18087	0.01098	0.00628	0.00188	0.00387	0.09439	0.00515	0.00608
9	0.03967	0.02792	0.26489	0.02867	0.04302	0.10763	0.08804	0.04232	0.04775	0.08667	0.02979	0.05824	0.04417	0.00675	0.00539	0.00170	0.00670	0.01485	0.04854	0.00725
10	0.01312	0.01226	0.02028	0.22859	0.53678	0.01299	0.01592	0.06249	0.01285	0.01785	0.01029	0.01374	0.00832	0.00512	0.00541	0.00167	0.00665	0.00486	0.00280	0.00801
11	0.00793	0.00529	0.00595	0.00595	0.00595	0.00529	0.00330	0.00793	0.00793	0.01057	0.01718	0.03568	0.01982	0.80840	0.02775	0.00529	0.00529	0.00793	0.00330	0.00330
12	0.00802	0.00602	0.00836	0.00830	0.00889	0.00690	0.00609	0.00932	0.00864	0.01222	0.01595	0.08373	0.01654	0.24233	0.47254	0.00690	0.06453	0.00706	0.00315	0.00449
13	0.01327	0.17639	0.32189	0.09706	0.02062	0.07537	0.01454	0.06315	0.01249	0.03741	0.01059	0.01418	0.00864	0.00613	0.00597	0.00169	0.06696	0.04353	0.00283	0.00729
14	0.01705	0.04320	0.01595	0.07490	0.15942	0.15835	0.01129	0.08323	0.01445	0.19236	0.01471	0.01971	0.01207	0.00721	0.00638	0.00176	0.06034	0.09598	0.00412	0.00751
15	0.00717	0.00538	0.00609	0.00617	0.00757	0.00477	0.00453	0.00892	0.01286	0.01710	0.24601	0.16142	0.38954	0.01288	0.00627	0.00181	0.00275	0.01106	0.08292	0.00477
16	0.00799	0.00611	0.00891	0.10689	0.01249	0.00668	0.00714	0.01008	0.01092	0.01518	0.19354	0.12917	0.02566	0.06600	0.33147	0.00494	0.00848	0.03944	0.00397	0.00495
17	0.01305	0.17066	0.18755	0.15747	0.02536	0.01439	0.27248	0.01713	0.01205	0.06370	0.01051	0.01308	0.00788	0.00502	0.00536	0.00167	0.00766	0.00489	0.00277	0.00732
18	0.11138	0.01103	0.01315	0.01020	0.01436	0.01086	0.00842	0.22196	0.01763	0.49726	0.01775	0.01605	0.01155	0.00651	0.00525	0.00167	0.00496	0.00506	0.00604	0.00892
19	0.00706	0.00534	0.00657	0.00705	0.00816	0.00485	0.00520	0.00869	0.01244	0.01628	0.21100	0.31742	0.26345	0.01448	0.00674	0.00202	0.00310	0.09017	0.00528	0.00471
20	0.01216	0.00892	0.01373	0.09907	0.26084	0.00893	0.01048	0.01500	0.04164	0.12585	0.08181	0.25801	0.02143	0.00954	0.00598	0.00185	0.00488	0.00866	0.00436	0.00688
21	0.01345	0.11295	0.08195	0.34710	0.07454	0.01292	0.11761	0.01693	0.01205	0.12451	0.01176	0.01509	0.00884	0.00556	0.00537	0.00171	0.00695	0.02044	0.00314	0.00712
22	0.01134	0.01219	0.06254	0.05385	0.08113	0.03366	0.01176	0.01332	0.01022	0.01487	0.09249	0.01774	0.06009	0.00900	0.01312	0.00212	0.48575	0.00567	0.00298	0.00617
23	0.00716	0.00554	0.00645	0.00623	0.00770	0.00491	0.00462	0.00910	0.01378	0.01822	0.42192	0.04571	0.36926	0.04656	0.00735	0.00192	0.00277	0.01051	0.00547	0.00483

[dist]
# distance from previous block
# <min> <max>
0	1

[block]
# block no. 7 follows, 44 sequences, length 17
# corresponding to MSA columns:
# 588,591-597,600-608
name=unknown_H
#
# <colnr> <probs for GDERKNQSTAVLIFYWHMCP>
#	G	D	E	R	K	N	Q	S	T	A	V	L	I	F	Y	W	H	M	C	P
0	0.05395	0.54992	0.02383	0.07819	0.01631	0.14409	0.00977	0.01690	0.01170	0.01372	0.00797	0.00952	0.00701	0.00488	0.00391	0.00127	0.00647	0.00319	0.00250	0.03491
1	0.00832	0.00511	0.00628	0.00632	0.00633	0.00510	0.00376	0.00769	0.00777	0.01037	0.01541	0.05406	0.01742	0.56268	0.02530	0.23956	0.00507	0.00727	0.00310	0.00308
2	0.01695	0.13493	0.08700	0.01704	0.18592	0.07748	0.04666	0.14590	0.07531	0.14091	0.01293	0.01365	0.00961	0.00570	0.00514	0.00159	0.00637	0.00467	0.00396	0.00830
3	0.00952	0.00847	0.01122	0.06300	0.10947	0.04038	0.04251	0.01292	0.08751	0.01700	0.16896	0.20731	0.15457	0.03396	0.00682	0.00195	0.00441	0.00961	0.00456	0.00584
4	0.01067	0.00666	0.00824	0.00745	0.00944	0.00620	0.00572	0.01399	0.07732	0.14351	0.44158	0.05515	0.17111	0.01073	0.00622	0.00176	0.00310	0.00926	0.00590	0.00599
5	0.01280	0.01224	0.02087	0.19901	0.61428	0.01277	0.01639	0.01612	0.01208	0.01697	0.01013	0.01372	0.00834	0.00499	0.00541	0.00166	0.00665	0.00485	0.00264	0.00808
6	0.01274	0.07347	0.00897	0.00670	0.00883	0.00731	0.00537	0.03829	0.01318	0.14148	0.14266	0.02224	0.01939	0.00708	0.00454	0.00141	0.00326	0.00575	0.47126	0.00605
7	0.00737	0.00546	0.00687	0.00674	0.00799	0.00496	0.00497	0.00954	0.01429	0.01967	0.55827	0.14200	0.16700	0.01235	0.00650	0.00180	0.00268	0.01086	0.00573	0.00496
8	0.00889	0.00550	0.00726	0.00766	0.00871	0.00504	0.00549	0.01036	0.01218	0.09974	0.17993	0.50204	0.07181	0.01452	0.00668	0.00205	0.00325	0.03831	0.00543	0.00514
9	0.00709	0.00516	0.00650	0.00694	0.00786	0.00472	0.00491	0.00872	0.01252	0.01701	0.29247	0.39749	0.15503	0.01417	0.00660	0.00195	0.00288	0.01259	0.03065	0.00472
10	0.29164	0.00961	0.01039	0.00846	0.01201	0.00973	0.00693	0.08207	0.01379	0.36346	0.01573	0.01517	0.01072	0.00612	0.00456	0.00162	0.00432	0.00455	0.12154	0.00759
11	0.34955	0.01339	0.01304	0.01040	0.01437	0.01505	0.00859	0.46162	0.01912	0.03042	0.01090	0.01140	0.00793	0.00595	0.00463	0.00166	0.00529	0.00413	0.00463	0.00793
12	0.01207	0.09824	0.01391	0.07680	0.01539	0.00977	0.00773	0.05310	0.01200	0.01776	0.00964	0.01140	0.00795	0.00436	0.00418	0.00098	0.00462	0.00342	0.00318	0.63351
13	0.75532	0.09870	0.01027	0.00741	0.01092	0.01326	0.00628	0.01606	0.00948	0.02318	0.00759	0.00884	0.00602	0.00502	0.00339	0.00163	0.00439	0.00295	0.00326	0.00602
14	0.01254	0.00650	0.00829	0.00746	0.00881	0.00630	0.00521	0.01345	0.01022	0.22609	0.01796	0.02851	0.01702	0.45648	0.14731	0.00485	0.00665	0.00690	0.00421	0.00524
15	0.01230	0.00747	0.00976	0.00841	0.01060	0.00715	0.03136	0.09538	0.01573	0.15108	0.40701	0.09389	0.03430	0.00973	0.00597	0.00171	0.00357	0.00849	0.07976	0.00631
16	0.05303	0.08264	0.01937	0.17331	0.38073	0.08789	0.01381	0.03850	0.01259	0.03901	0.01000	0.01276	0.00808	0.00511	0.00505	0.00157	0.00662	0.00442	0.00288	0.04265

[dist]
# distance from previous block
# <min> <max>
1	3

[block]
# block no. 8 follows, 44 sequences, length 7
# corresponding to MSA columns:
# 612-618
name=unknown_I
#
# <colnr> <probs for GDERKNQSTAVLIFYWHMCP>
#	G	D	E	R	K	N	Q	S	T	A	V	L	I	F	Y	W	H	M	C	P
0	0.00897	0.00577	0.00746	0.00751	0.00820	0.00595	0.00535	0.01001	0.00999	0.05063	0.06973	0.16983	0.02291	0.25910	0.12310	0.05228	0.03770	0.06306	0.07796	0.00447
1	0.08143	0.01338	0.05862	0.02059	0.30188	0.05612	0.10538	0.01969	0.04218	0.20272	0.01450	0.01558	0.03164	0.00572	0.00539	0.00168	0.00628	0.00518	0.00391	0.00814
2	0.00820	0.00536	0.00713	0.00713	0.00745	0.00568	0.00478	0.00836	0.00803	0.01104	0.01470	0.02691	0.01558	0.38654	0.28000	0.18165	0.00828	0.00656	0.00298	0.00363
3	0.00902	0.00577	0.00775	0.00840	0.00954	0.00543	0.00650	0.01077	0.01221	0.08330	0.10972	0.37841	0.06753	0.01472	0.00693	0.00219	0.00381	0.24757	0.00530	0.00513
4	0.01283	0.02750	0.01258	0.04989	0.08025	0.07987	0.05526	0.01486	0.02969	0.13374	0.06632	0.16886	0.04892	0.01070	0.00763	0.09205	0.00522	0.06855	0.02924	0.00604
5	0.01363	0.08229	0.30104	0.06553	0.02008	0.01278	0.07066	0.04927	0.15547	0.11019	0.01466	0.05607	0.01131	0.00640	0.00537	0.00174	0.00645	0.00540	0.00377	0.00790
6	0.01278	0.11050	0.28557	0.01524	0.06646	0.08184	0.09909	0.05630	0.05579	0.01704	0.01191	0.05601	0.01002	0.00894	0.06948	0.00226	0.02532	0.00514	0.00298	0.00733

[dist]
# distance from previous block
# <min> <max>
9	21

[block]
# block no. 9 follows, 44 sequences, length 8
# corresponding to MSA columns:
# 640-647
name=unknown_J
#
# <colnr> <probs for GDERKNQSTAVLIFYWHMCP>
#	G	D	E	R	K	N	Q	S	T	A	V	L	I	F	Y	W	H	M	C	P
0	0.02096	0.01916	0.01463	0.01263	0.01565	0.45808	0.00982	0.02258	0.01486	0.26745	0.01266	0.01292	0.00919	0.00635	0.00628	0.00159	0.07958	0.00428	0.00408	0.00727
1	0.11729	0.17690	0.01977	0.08867	0.38871	0.01381	0.01266	0.01549	0.01144	0.01693	0.01110	0.08319	0.01030	0.00599	0.00490	0.00160	0.00583	0.00517	0.00290	0.00735
2	0.32207	0.05690	0.04189	0.01044	0.01421	0.03748	0.04205	0.18351	0.01413	0.09901	0.01082	0.01223	0.00823	0.02831	0.00594	0.00175	0.05498	0.00412	0.00397	0.04794
3	0.11201	0.01157	0.01850	0.28646	0.43538	0.01258	0.01490	0.01570	0.01153	0.01730	0.00975	0.01329	0.00785	0.00508	0.00517	0.00169	0.00647	0.00463	0.00269	0.00744
4	0.00759	0.00518	0.00616	0.00643	0.00662	0.00506	0.00389	0.00805	0.00920	0.01238	0.08627	0.22444	0.02656	0.54496	0.02079	0.00422	0.00453	0.00995	0.00397	0.00374
5	0.00772	0.00541	0.00665	0.00653	0.00778	0.00498	0.00483	0.00994	0.01394	0.01976	0.49142	0.12643	0.14722	0.01159	0.00616	0.00173	0.00266	0.01013	0.11013	0.00498
6	0.00841	0.10187	0.01011	0.00913	0.05632	0.00719	0.00626	0.01002	0.01175	0.01603	0.18331	0.46044	0.03310	0.01306	0.00619	0.00190	0.00353	0.01164	0.04458	0.00518
7	0.06352	0.00631	0.00743	0.00672	0.00861	0.00603	0.00519	0.01413	0.01368	0.14414	0.33975	0.02804	0.02940	0.00838	0.00517	0.00155	0.00300	0.00706	0.29604	0.00584

[dist]
# distance from previous block
# <min> <max>
1	5

[block]
# block no. 10 follows, 44 sequences, length 53
# corresponding to MSA columns:
# 653-705
name=unknown_K
#
# <colnr> <probs for GDERKNQSTAVLIFYWHMCP>
#	G	D	E	R	K	N	Q	S	T	A	V	L	I	F	Y	W	H	M	C	P
0	0.02163	0.01140	0.01436	0.01242	0.07323	0.01130	0.00938	0.22381	0.08490	0.45068	0.01842	0.01684	0.01226	0.00661	0.00547	0.00168	0.00512	0.00534	0.00598	0.00917
1	0.02020	0.01402	0.01669	0.01279	0.01712	0.01501	0.06680	0.53096	0.07680	0.15033	0.01493	0.01461	0.01040	0.00649	0.00554	0.00168	0.00590	0.00521	0.00546	0.00908
2	0.21510	0.01453	0.01437	0.01133	0.01541	0.04256	0.00932	0.55653	0.02143	0.03130	0.01163	0.01198	0.00840	0.00616	0.00495	0.00164	0.00571	0.00440	0.00487	0.00838
3	0.64982	0.00978	0.00815	0.00748	0.01042	0.01115	0.00599	0.01588	0.06763	0.02327	0.06929	0.07736	0.01270	0.00669	0.00407	0.00174	0.00401	0.00476	0.00388	0.00593
4	0.01323	0.01212	0.01580	0.01340	0.01432	0.01596	0.01103	0.12818	0.07289	0.01706	0.00975	0.01387	0.00883	0.04500	0.01542	0.00236	0.57601	0.00505	0.00316	0.00657
5	0.07704	0.01214	0.01881	0.08981	0.52384	0.01267	0.01427	0.05107	0.07065	0.01935	0.04929	0.01510	0.01111	0.00551	0.00531	0.00166	0.00598	0.00506	0.00324	0.00807
6	0.01187	0.13926	0.07663	0.04694	0.01561	0.01616	0.01187	0.01371	0.00917	0.01339	0.00814	0.01227	0.00764	0.01079	0.07619	0.00263	0.51461	0.00451	0.00242	0.00620
7	0.02429	0.00955	0.01282	0.00983	0.01405	0.00842	0.00812	0.06012	0.01607	0.74397	0.02112	0.01830	0.01330	0.00674	0.00548	0.00168	0.00470	0.00546	0.00669	0.00928
8	0.00688	0.00503	0.00647	0.00720	0.00791	0.00462	0.00499	0.00827	0.01185	0.01592	0.21163	0.54238	0.11612	0.01531	0.00678	0.00205	0.00298	0.01372	0.00529	0.00462
9	0.01367	0.38160	0.21812	0.13665	0.05838	0.01631	0.01330	0.01700	0.01158	0.07325	0.00969	0.01137	0.00760	0.00509	0.00449	0.00148	0.00657	0.00380	0.00270	0.00738
10	0.01338	0.06366	0.52684	0.01406	0.02097	0.01202	0.04980	0.01843	0.01218	0.13760	0.01158	0.01261	0.00811	0.00529	0.00511	0.00163	0.00714	0.00425	0.00310	0.07228
11	0.00781	0.00558	0.00724	0.00736	0.00858	0.00517	0.00561	0.00996	0.01383	0.03050	0.44950	0.17901	0.11698	0.01296	0.00667	0.00193	0.00309	0.11759	0.00561	0.00501
12	0.00686	0.00485	0.00630	0.00732	0.00762	0.00458	0.00480	0.00772	0.01020	0.01364	0.04866	0.66868	0.03406	0.13523	0.01005	0.00266	0.00346	0.01421	0.00482	0.00428
13	0.05016	0.01660	0.13210	0.05164	0.01795	0.10197	0.01137	0.29926	0.07387	0.16999	0.01396	0.01397	0.00978	0.00622	0.00528	0.00166	0.00636	0.00474	0.00469	0.00841
14	0.04104	0.48433	0.02311	0.01039	0.01455	0.02574	0.07596	0.05099	0.03349	0.07450	0.07261	0.01369	0.01189	0.00561	0.00433	0.00138	0.00559	0.00428	0.03945	0.00708
15	0.01248	0.01306	0.12631	0.01230	0.09457	0.00920	0.01985	0.04795	0.01229	0.05125	0.01044	0.01200	0.00825	0.00453	0.00451	0.00112	0.00507	0.00373	0.00328	0.54783
16	0.13183	0.01239	0.06847	0.01457	0.15652	0.03073	0.01044	0.05793	0.07486	0.36326	0.01600	0.01545	0.01097	0.00607	0.00515	0.00168	0.00534	0.00490	0.00496	0.00848
17	0.00728	0.00545	0.00662	0.00652	0.00775	0.00493	0.00473	0.00917	0.01352	0.01826	0.44526	0.12828	0.23464	0.07349	0.00812	0.00208	0.00289	0.01077	0.00545	0.00478
