[name]
unknown

[dist]
# distance from previous block
# <min> <max>
0	22

[block]
# block no. 0 follows, 37 sequences, length 19
# corresponding to MSA columns:
# 280-298
name=unknown_A
#
# <colnr> <probs for GDERKNQSTAVLIFYWHMCP>
#	G	D	E	R	K	N	Q	S	T	A	V	L	I	F	Y	W	H	M	C	P
0	0.01074	0.00912	0.01030	0.00874	0.01212	0.03015	0.00679	0.01305	0.01356	0.01909	0.10964	0.12898	0.14072	0.01017	0.00605	0.00159	0.00426	0.06135	0.00473	0.39884
1	0.05792	0.19607	0.08774	0.04032	0.04813	0.03947	0.08415	0.07455	0.01402	0.01957	0.01303	0.09483	0.01196	0.00704	0.00577	0.00165	0.02604	0.00580	0.00358	0.16837
2	0.01624	0.19545	0.20831	0.06674	0.02084	0.11160	0.01377	0.07050	0.07056	0.05148	0.01213	0.01343	0.00935	0.00599	0.00528	0.00163	0.00745	0.00444	0.00356	0.11127
3	0.00798	0.00645	0.00785	0.00893	0.05177	0.00575	0.00594	0.00971	0.01382	0.01768	0.15365	0.26180	0.39557	0.01552	0.00733	0.00215	0.00344	0.01349	0.00569	0.00547
4	0.01299	0.10059	0.14666	0.04483	0.07810	0.01341	0.01224	0.07801	0.10442	0.02048	0.09676	0.05965	0.05646	0.03065	0.07954	0.00279	0.04342	0.00701	0.00425	0.00773
5	0.01044	0.00615	0.00728	0.00767	0.00891	0.00601	0.00561	0.01317	0.04157	0.04904	0.07395	0.31296	0.02897	0.01262	0.00618	0.00198	0.00344	0.04789	0.35038	0.00577
6	0.09105	0.17885	0.10194	0.01368	0.05721	0.04175	0.01187	0.23374	0.01803	0.09644	0.01263	0.01335	0.00945	0.00619	0.00524	0.00164	0.00658	0.00455	0.00441	0.09142
7	0.04011	0.10082	0.10992	0.02371	0.01843	0.02954	0.04953	0.22574	0.04342	0.19260	0.03891	0.03969	0.01374	0.03809	0.00692	0.00201	0.00659	0.00599	0.00522	0.00904
8	0.01453	0.17106	0.04983	0.02099	0.02654	0.01694	0.48466	0.01925	0.03711	0.01875	0.04087	0.01633	0.01114	0.00581	0.00701	0.00193	0.03952	0.00644	0.00322	0.00808
9	0.01187	0.00880	0.01079	0.00858	0.01220	0.00716	0.00671	0.01464	0.01507	0.06979	0.33734	0.02791	0.03111	0.00828	0.00583	0.00142	0.00385	0.00710	0.00527	0.40631
10	0.00842	0.00591	0.00706	0.00751	0.00796	0.00574	0.00486	0.00912	0.01054	0.01384	0.02833	0.22957	0.10545	0.43200	0.04574	0.00457	0.00536	0.05911	0.00454	0.00437
11	0.05142	0.40648	0.05580	0.01124	0.01617	0.01906	0.01051	0.14510	0.05518	0.11470	0.01318	0.01360	0.01017	0.00621	0.00482	0.00158	0.00616	0.00441	0.04559	0.00863
12	0.00753	0.00578	0.00683	0.00746	0.00858	0.00516	0.00521	0.00892	0.01303	0.01668	0.11041	0.40043	0.32046	0.04386	0.00834	0.00239	0.00339	0.01474	0.00571	0.00508
13	0.02229	0.24386	0.02022	0.01147	0.01626	0.01585	0.00996	0.14751	0.08445	0.34053	0.01792	0.01667	0.01248	0.00691	0.00549	0.00173	0.00584	0.00526	0.00572	0.00958
14	0.00999	0.00615	0.00729	0.00721	0.00762	0.00605	0.00448	0.01031	0.01005	0.04964	0.04940	0.06257	0.02354	0.58839	0.02594	0.05291	0.00554	0.03651	0.03215	0.00425
15	0.01381	0.01320	0.01898	0.01692	0.05557	0.01708	0.05442	0.07324	0.01173	0.01734	0.01140	0.08484	0.01140	0.01061	0.01630	0.00251	0.55366	0.00660	0.00328	0.00709
16	0.03959	0.01197	0.01343	0.01090	0.05091	0.04044	0.00812	0.01691	0.04961	0.02027	0.01149	0.01317	0.00946	0.00488	0.00471	0.00107	0.00496	0.00389	0.00371	0.68049
17	0.01568	0.01513	0.08307	0.04091	0.03462	0.05176	0.08878	0.14475	0.13749	0.06385	0.05470	0.08834	0.03643	0.00914	0.00794	0.00209	0.08589	0.02631	0.00485	0.00826
18	0.02865	0.01528	0.07241	0.25420	0.04806	0.07060	0.08924	0.07258	0.09650	0.07019	0.01361	0.01604	0.01017	0.00642	0.00645	0.00188	0.03270	0.00546	0.00388	0.08566

[dist]
# distance from previous block
# <min> <max>
0	8

[block]
# block no. 1 follows, 37 sequences, length 16
# corresponding to MSA columns:
# 307-322
name=unknown_B
#
# <colnr> <probs for GDERKNQSTAVLIFYWHMCP>
#	G	D	E	R	K	N	Q	S	T	A	V	L	I	F	Y	W	H	M	C	P
0	0.00944	0.00734	0.00919	0.05323	0.03254	0.00716	0.00698	0.01234	0.05246	0.04326	0.21977	0.15106	0.30804	0.01368	0.00754	0.00211	0.02741	0.02474	0.00570	0.00599
1	0.00836	0.00601	0.00735	0.00750	0.00865	0.00556	0.00536	0.01027	0.01418	0.01939	0.32437	0.20193	0.16770	0.11009	0.01021	0.00257	0.00353	0.03553	0.04620	0.00523
2	0.06800	0.01075	0.01410	0.01087	0.01556	0.00963	0.00898	0.05626	0.01760	0.68650	0.02299	0.02004	0.01454	0.00747	0.00603	0.00189	0.00524	0.00599	0.00733	0.01022
3	0.01660	0.00864	0.01085	0.00946	0.01222	0.00826	0.00731	0.02108	0.12208	0.28895	0.20631	0.11245	0.02962	0.04874	0.00772	0.00216	0.00425	0.00885	0.06659	0.00786
4	0.69096	0.01130	0.00947	0.00839	0.01209	0.01269	0.00684	0.01876	0.01129	0.10747	0.01174	0.05611	0.00955	0.00668	0.00429	0.00193	0.00472	0.00445	0.00432	0.00696
5	0.01060	0.02552	0.00930	0.00909	0.01053	0.00786	0.00671	0.07909	0.07418	0.02034	0.06984	0.43026	0.03203	0.01449	0.00689	0.00219	0.00400	0.05112	0.12982	0.00614
6	0.00809	0.00618	0.00685	0.00668	0.00848	0.00543	0.00501	0.01022	0.01504	0.01987	0.29705	0.05124	0.44219	0.01375	0.00698	0.00196	0.00301	0.01166	0.07488	0.00543
7	0.01833	0.43293	0.02464	0.01191	0.01652	0.11079	0.01057	0.10625	0.13927	0.05580	0.01295	0.01333	0.01038	0.00626	0.00489	0.00157	0.00676	0.00439	0.00397	0.00851
8	0.82811	0.01184	0.00900	0.00805	0.01184	0.01373	0.00663	0.01799	0.01042	0.02746	0.00852	0.00994	0.00663	0.00568	0.00379	0.00189	0.00474	0.00331	0.00379	0.00663
9	0.03401	0.04077	0.05840	0.06610	0.05819	0.03485	0.01101	0.15914	0.20091	0.09874	0.11170	0.02344	0.05958	0.00831	0.00619	0.00192	0.00575	0.00682	0.00548	0.00871
10	0.00916	0.00637	0.00803	0.00762	0.00926	0.00576	0.00571	0.01168	0.01639	0.05465	0.54631	0.09162	0.17801	0.01324	0.00721	0.00198	0.00307	0.01157	0.00652	0.00582
11	0.01308	0.02426	0.43634	0.01940	0.02681	0.01418	0.25986	0.01967	0.04161	0.01991	0.01253	0.01511	0.00917	0.00577	0.00622	0.00196	0.00895	0.00561	0.05094	0.00861
12	0.01043	0.00653	0.00801	0.00772	0.00943	0.00586	0.00567	0.01236	0.01471	0.10778	0.27383	0.18386	0.22758	0.06534	0.00872	0.00232	0.00355	0.01187	0.02854	0.00589
13	0.01136	0.00997	0.01435	0.06254	0.01497	0.01306	0.01062	0.01268	0.00955	0.01409	0.01157	0.01859	0.01118	0.05653	0.24968	0.08676	0.37792	0.00589	0.00291	0.00579
14	0.03440	0.18389	0.08934	0.08828	0.18901	0.04209	0.02889	0.08231	0.07587	0.06857	0.05008	0.01620	0.01246	0.00643	0.00562	0.00177	0.00689	0.00529	0.00392	0.00869
15	0.00903	0.00661	0.00894	0.00906	0.01008	0.00722	0.00669	0.01175	0.05384	0.01600	0.07685	0.15481	0.02388	0.12296	0.41319	0.00672	0.01071	0.00900	0.03719	0.00546

[dist]
# distance from previous block
# <min> <max>
5	65

[block]
# block no. 2 follows, 37 sequences, length 18
# corresponding to MSA columns:
# 388-405
name=unknown_C
#
# <colnr> <probs for GDERKNQSTAVLIFYWHMCP>
#	G	D	E	R	K	N	Q	S	T	A	V	L	I	F	Y	W	H	M	C	P
0	0.06713	0.00957	0.01155	0.08511	0.01531	0.01004	0.00843	0.11495	0.08198	0.06782	0.07952	0.23255	0.03847	0.01294	0.04672	0.00242	0.00542	0.00935	0.03565	0.06506
1	0.04438	0.03204	0.13946	0.18474	0.02312	0.05087	0.01337	0.18312	0.05581	0.02386	0.12246	0.02068	0.03934	0.00784	0.00657	0.00194	0.03172	0.00625	0.00443	0.00800
2	0.01240	0.03505	0.01196	0.01223	0.08829	0.04877	0.00805	0.07202	0.01390	0.05690	0.06012	0.25098	0.08541	0.08839	0.03840	0.05960	0.00559	0.01010	0.00479	0.03703
3	0.07128	0.04441	0.04212	0.02838	0.16562	0.10507	0.03573	0.08279	0.07886	0.10459	0.03861	0.01711	0.01250	0.03637	0.00818	0.00204	0.08395	0.00555	0.00427	0.03257
4	0.07216	0.01323	0.01588	0.06224	0.04401	0.07239	0.03756	0.02042	0.12524	0.10693	0.01494	0.04727	0.01226	0.00918	0.03344	0.00223	0.17728	0.00581	0.00424	0.12330
5	0.09362	0.09391	0.06705	0.01527	0.07596	0.01595	0.03762	0.04337	0.05023	0.01822	0.01136	0.01656	0.01041	0.09875	0.01366	0.00256	0.28694	0.00540	0.00330	0.03987
6	0.10146	0.06584	0.04552	0.08761	0.04283	0.05096	0.17487	0.06044	0.10731	0.08756	0.03880	0.03053	0.01297	0.00675	0.00597	0.00188	0.00708	0.01553	0.00429	0.05179
7	0.23080	0.19503	0.08935	0.01070	0.01564	0.01519	0.01001	0.10000	0.01481	0.12399	0.05116	0.01444	0.01161	0.00629	0.00487	0.00166	0.00575	0.00451	0.00433	0.08987
8	0.02341	0.01405	0.01615	0.01263	0.01714	0.01468	0.01033	0.43311	0.04087	0.27095	0.01931	0.06770	0.01416	0.00823	0.00625	0.00190	0.00598	0.00655	0.00657	0.01003
9	0.01218	0.00635	0.00717	0.00672	0.00854	0.00603	0.00513	0.01490	0.01440	0.09802	0.18513	0.03013	0.07334	0.00894	0.00533	0.00163	0.00312	0.00743	0.49935	0.00617
10	0.01252	0.01146	0.01862	0.68836	0.06875	0.01401	0.01670	0.06509	0.01346	0.01741	0.01117	0.01616	0.00838	0.00618	0.00612	0.00202	0.00803	0.00545	0.00297	0.00717
11	0.05346	0.01040	0.01235	0.01075	0.03833	0.01043	0.00825	0.15914	0.05367	0.24821	0.12946	0.02329	0.02043	0.00806	0.00579	0.00179	0.00467	0.00657	0.18649	0.00845
12	0.00915	0.00631	0.00789	0.00767	0.00925	0.00568	0.00568	0.01142	0.01568	0.05992	0.43991	0.16687	0.20369	0.01399	0.00726	0.00205	0.00317	0.01225	0.00638	0.00576
13	0.01476	0.00875	0.01196	0.01144	0.04528	0.00840	0.03496	0.03781	0.05315	0.21347	0.07768	0.23615	0.09975	0.01240	0.00727	0.00215	0.02442	0.05649	0.03635	0.00735
14	0.00999	0.00660	0.00794	0.00759	0.00813	0.00665	0.00481	0.04148	0.00988	0.01340	0.01701	0.03280	0.01862	0.52723	0.08575	0.14479	0.00664	0.00772	0.00360	0.03938
15	0.07645	0.06428	0.01733	0.05337	0.01825	0.06552	0.01097	0.27886	0.07635	0.13433	0.01462	0.01522	0.01073	0.00732	0.00727	0.00188	0.09130	0.00521	0.00509	0.04565
16	0.10013	0.07182	0.07268	0.05180	0.01779	0.05019	0.01052	0.12823	0.01523	0.06250	0.01155	0.01313	0.00900	0.00597	0.00595	0.00152	0.05408	0.00429	0.00396	0.30968
17	0.07288	0.46207	0.06394	0.01155	0.01638	0.05712	0.01091	0.06839	0.08195	0.01859	0.01075	0.01190	0.00903	0.00599	0.00519	0.00155	0.03971	0.00398	0.00335	0.04476

[dist]
# distance from previous block
# <min> <max>
4	26

[block]
# block no. 3 follows, 37 sequences, length 12
# corresponding to MSA columns:
# 435-446
name=unknown_D
#
# <colnr> <probs for GDERKNQSTAVLIFYWHMCP>
#	G	D	E	R	K	N	Q	S	T	A	V	L	I	F	Y	W	H	M	C	P
0	0.08424	0.01365	0.01480	0.01190	0.01572	0.01502	0.00965	0.45809	0.02224	0.06446	0.01549	0.01758	0.01190	0.04731	0.09990	0.00298	0.00734	0.00566	0.07327	0.00880
1	0.05059	0.01880	0.15121	0.01582	0.08561	0.09585	0.01326	0.21561	0.05972	0.16652	0.01512	0.01538	0.01076	0.00666	0.00583	0.00180	0.00708	0.00517	0.00493	0.05428
2	0.07196	0.36423	0.06471	0.01300	0.05135	0.05725	0.01132	0.10944	0.05325	0.06342	0.01185	0.01319	0.00961	0.00835	0.04695	0.00208	0.03165	0.00438	0.00371	0.00829
3	0.51315	0.01250	0.01444	0.09716	0.22149	0.01395	0.01114	0.01797	0.01160	0.02411	0.00961	0.01208	0.00765	0.00566	0.00467	0.00189	0.00581	0.00414	0.00346	0.00751
4	0.01960	0.18007	0.12420	0.01394	0.01942	0.01771	0.05269	0.29663	0.08113	0.11358	0.01474	0.01495	0.01071	0.00668	0.00569	0.00178	0.00688	0.00520	0.00490	0.00950
5	0.00784	0.00620	0.00709	0.00713	0.00883	0.00544	0.00537	0.00984	0.01483	0.01905	0.26949	0.11136	0.43772	0.01494	0.00734	0.00210	0.00321	0.05085	0.00601	0.00537
6	0.01523	0.00895	0.01299	0.22495	0.05329	0.00923	0.01014	0.01835	0.01503	0.21444	0.19010	0.02555	0.02315	0.00817	0.00608	0.00186	0.00519	0.00701	0.14283	0.00746
7	0.05900	0.00999	0.01348	0.01086	0.01450	0.00935	0.05782	0.07472	0.01612	0.39240	0.02371	0.10431	0.04554	0.05015	0.00748	0.00214	0.00520	0.00763	0.08714	0.00847
8	0.01001	0.00657	0.00833	0.00817	0.00928	0.00650	0.00586	0.01071	0.01158	0.06602	0.05701	0.15185	0.21899	0.13511	0.09213	0.13845	0.04359	0.01018	0.00466	0.00500
9	0.07453	0.57312	0.02746	0.01125	0.01612	0.10366	0.01047	0.09045	0.01448	0.01782	0.00924	0.01045	0.00803	0.00560	0.00431	0.00143	0.00693	0.00358	0.00311	0.00794
10	0.04413	0.01136	0.06360	0.01082	0.01406	0.01063	0.00914	0.02185	0.20686	0.17264	0.15550	0.05515	0.03916	0.01136	0.04957	0.00243	0.04620	0.00754	0.04277	0.02522
11	0.01639	0.08047	0.15987	0.01443	0.01906	0.10115	0.05324	0.11361	0.20903	0.04851	0.01694	0.07353	0.01387	0.00795	0.00671	0.00195	0.04374	0.00635	0.00453	0.00866

[dist]
# distance from previous block
# <min> <max>
19	58

[block]
# block no. 4 follows, 37 sequences, length 22
# corresponding to MSA columns:
# 510-531
name=unknown_E
#
# <colnr> <probs for GDERKNQSTAVLIFYWHMCP>
#	G	D	E	R	K	N	Q	S	T	A	V	L	I	F	Y	W	H	M	C	P
0	0.09043	0.01474	0.01618	0.01347	0.03631	0.06638	0.04067	0.29728	0.05220	0.05858	0.03886	0.01626	0.01217	0.00733	0.00707	0.00183	0.08206	0.00543	0.07799	0.06474
1	0.22311	0.10253	0.08835	0.04795	0.06738	0.09450	0.02827	0.05784	0.04664	0.05533	0.03574	0.01398	0.01047	0.00610	0.00507	0.00170	0.00655	0.00454	0.00385	0.10012
2	0.06914	0.07697	0.06559	0.01402	0.01802	0.18812	0.05980	0.09953	0.09717	0.02113	0.04293	0.01503	0.01165	0.00697	0.00717	0.00178	0.09355	0.00505	0.00395	0.10244
3	0.01080	0.00710	0.00900	0.00888	0.01051	0.00686	0.00672	0.06119	0.01513	0.07593	0.21864	0.27009	0.10476	0.01660	0.05862	0.00270	0.00471	0.07197	0.03368	0.00611
4	0.00813	0.00586	0.00744	0.00805	0.00874	0.00568	0.00554	0.00938	0.01175	0.01568	0.09868	0.34876	0.11083	0.19420	0.09819	0.00401	0.00552	0.04361	0.00506	0.00487
5	0.01745	0.00848	0.01073	0.00921	0.01187	0.00799	0.00704	0.03715	0.06457	0.31803	0.12880	0.07964	0.02413	0.11632	0.01045	0.03873	0.00463	0.00799	0.08923	0.00756
6	0.01860	0.01371	0.01503	0.01239	0.01623	0.01506	0.00992	0.35568	0.24372	0.07313	0.10687	0.05403	0.02021	0.00878	0.00636	0.00195	0.00547	0.00716	0.00630	0.00940
7	0.82811	0.01184	0.00900	0.00805	0.01184	0.01373	0.00663	0.01799	0.01042	0.02746	0.00852	0.00994	0.00663	0.00568	0.00379	0.00189	0.00474	0.00331	0.00379	0.00663
8	0.01592	0.74331	0.03079	0.01044	0.01543	0.02326	0.01031	0.01790	0.01229	0.01439	0.00897	0.01064	0.00829	0.00759	0.04771	0.00180	0.00712	0.00346	0.00266	0.00772
9	0.01570	0.63635	0.12663	0.01244	0.01824	0.02231	0.06131	0.01856	0.01264	0.01541	0.00910	0.01069	0.00794	0.00531	0.00440	0.00144	0.00713	0.00371	0.00265	0.00804
10	0.07899	0.10621	0.09698	0.01534	0.02015	0.07871	0.16164	0.10035	0.06541	0.10913	0.01536	0.05984	0.01249	0.00736	0.00638	0.00192	0.02814	0.02287	0.00434	0.00838
11	0.82811	0.01184	0.00900	0.00805	0.01184	0.01373	0.00663	0.01799	0.01042	0.02746	0.00852	0.00994	0.00663	0.00568	0.00379	0.00189	0.00474	0.00331	0.00379	0.00663
12	0.13192	0.01175	0.05017	0.04422	0.01391	0.06697	0.00835	0.01963	0.14039	0.07631	0.15541	0.03684	0.02193	0.00822	0.00557	0.00182	0.00486	0.00662	0.18790	0.00722
13	0.00791	0.00612	0.00721	0.00717	0.00874	0.00542	0.00529	0.01000	0.01519	0.02003	0.36512	0.14481	0.34574	0.01463	0.00730	0.00206	0.00306	0.01266	0.00616	0.00542
14	0.01496	0.01234	0.02033	0.29581	0.34303	0.01342	0.01626	0.01844	0.01337	0.10442	0.01285	0.01656	0.00997	0.00796	0.04003	0.00230	0.04050	0.00558	0.00345	0.00842
15	0.00773	0.00588	0.00716	0.00785	0.00901	0.00531	0.00568	0.00934	0.01340	0.01732	0.13595	0.38167	0.28187	0.01687	0.00759	0.00230	0.00348	0.07055	0.00582	0.00520
16	0.01023	0.00578	0.00844	0.04266	0.00963	0.00602	0.00584	0.00875	0.00849	0.01140	0.01249	0.02220	0.01269	0.13547	0.09694	0.58421	0.00663	0.00597	0.00288	0.00328
17	0.01658	0.68234	0.02981	0.01062	0.01585	0.02276	0.01033	0.06639	0.01357	0.01643	0.00910	0.01035	0.00811	0.00533	0.00412	0.00132	0.00642	0.00345	0.00293	0.06419
18	0.01455	0.01075	0.05185	0.01053	0.01380	0.00975	0.00871	0.04222	0.20028	0.15657	0.14100	0.12247	0.07579	0.01072	0.00662	0.00201	0.00463	0.04759	0.00604	0.06413
19	0.01317	0.01288	0.06861	0.59025	0.03684	0.01397	0.01626	0.06596	0.06346	0.04158	0.01254	0.01657	0.00923	0.00638	0.00611	0.00202	0.00780	0.00551	0.00334	0.00752
20	0.01324	0.01099	0.01761	0.01435	0.01779	0.01072	0.20319	0.01931	0.16944	0.08172	0.06972	0.22261	0.02394	0.01052	0.00693	0.00210	0.00590	0.03097	0.00518	0.06377
21	0.07000	0.01353	0.06596	0.04900	0.06152	0.01406	0.01145	0.14972	0.06492	0.06101	0.01493	0.06096	0.01245	0.00834	0.00892	0.00201	0.17957	0.00603	0.10164	0.04399

[dist]
# distance from previous block
# <min> <max>
1	30

[block]
# block no. 5 follows, 37 sequences, length 15
# corresponding to MSA columns:
# 562,566-579
name=unknown_F
#
# <colnr> <probs for GDERKNQSTAVLIFYWHMCP>
#	G	D	E	R	K	N	Q	S	T	A	V	L	I	F	Y	W	H	M	C	P
0	0.01049	0.00731	0.00890	0.00855	0.01036	0.00697	0.00644	0.06401	0.03904	0.06224	0.31170	0.21401	0.17071	0.01398	0.00724	0.00211	0.00366	0.03984	0.00624	0.00619
1	0.01581	0.00882	0.01244	0.01136	0.03660	0.00825	0.04854	0.05679	0.01552	0.24236	0.10475	0.16356	0.06601	0.01206	0.00773	0.04361	0.00492	0.08523	0.04828	0.00736
2	0.01590	0.01880	0.25141	0.10127	0.06918	0.01416	0.02989	0.11434	0.10766	0.10802	0.05275	0.01768	0.01318	0.00717	0.00691	0.00199	0.05063	0.00576	0.00438	0.00894
3	0.05407	0.00821	0.01049	0.01088	0.06369	0.00848	0.00713	0.01560	0.11800	0.09135	0.04058	0.06417	0.01788	0.19152	0.04322	0.23173	0.00571	0.00722	0.00432	0.00576
4	0.01721	0.08821	0.04830	0.10740	0.23436	0.12376	0.07392	0.08303	0.01529	0.06796	0.01175	0.01442	0.00927	0.00637	0.00707	0.00187	0.07255	0.00519	0.00351	0.00854
5	0.01260	0.05072	0.29291	0.01350	0.01858	0.05157	0.01408	0.01732	0.04960	0.01888	0.08102	0.04368	0.05594	0.00803	0.00784	0.00187	0.11570	0.00603	0.00363	0.13651
6	0.01473	0.01581	0.01832	0.01584	0.01669	0.15321	0.04012	0.01625	0.01120	0.01503	0.01033	0.06885	0.01041	0.01031	0.01603	0.00244	0.54868	0.00605	0.00300	0.00670
7	0.01535	0.01792	0.17806	0.01612	0.03472	0.03272	0.12870	0.03906	0.36487	0.06347	0.03211	0.01939	0.01472	0.00717	0.00629	0.00201	0.00686	0.00636	0.00488	0.00924
8	0.01637	0.78856	0.03208	0.01047	0.01571	0.02422	0.01047	0.01833	0.01244	0.01440	0.00851	0.00982	0.00786	0.00524	0.00393	0.00131	0.00655	0.00327	0.00262	0.00786
9	0.00976	0.00717	0.00957	0.00925	0.01043	0.00796	0.00691	0.06234	0.01122	0.01558	0.01928	0.02874	0.05430	0.20581	0.50456	0.00799	0.01268	0.00733	0.00371	0.00542
10	0.00768	0.00622	0.00682	0.00667	0.00854	0.00536	0.00500	0.00965	0.01501	0.01905	0.27582	0.05477	0.52882	0.01456	0.00723	0.00202	0.00303	0.01234	0.00602	0.00536
11	0.02313	0.01641	0.01780	0.01375	0.01856	0.01802	0.01133	0.63448	0.06804	0.09148	0.01599	0.01562	0.01124	0.00742	0.00613	0.00185	0.00651	0.00564	0.00624	0.01037
12	0.31147	0.26177	0.01824	0.01072	0.04149	0.01649	0.00892	0.05690	0.05086	0.11315	0.01233	0.01302	0.00948	0.00606	0.00449	0.00169	0.00549	0.00416	0.04537	0.00792
13	0.00861	0.00597	0.00710	0.00753	0.00793	0.00583	0.00489	0.00927	0.01045	0.01371	0.02693	0.18401	0.08410	0.48896	0.02218	0.00461	0.00523	0.09392	0.00446	0.00429
14	0.01904	0.01222	0.09695	0.01155	0.01586	0.00958	0.04671	0.02345	0.08210	0.37174	0.10909	0.05347	0.05824	0.00872	0.00632	0.00193	0.00530	0.00743	0.05151	0.00880

[dist]
# distance from previous block
# <min> <max>
3	13

[block]
# block no. 6 follows, 37 sequences, length 19
# corresponding to MSA columns:
# 596-614
name=unknown_G
#
# <colnr> <probs for GDERKNQSTAVLIFYWHMCP>
#	G	D	E	R	K	N	Q	S	T	A	V	L	I	F	Y	W	H	M	C	P
0	0.09332	0.25081	0.04936	0.01453	0.07734	0.16818	0.01157	0.08541	0.05702	0.04119	0.01112	0.01250	0.00904	0.00625	0.00581	0.00165	0.04973	0.00428	0.00360	0.04728
1	0.01427	0.01200	0.01338	0.01244	0.03327	0.05843	0.00945	0.02225	0.29761	0.06121	0.07440	0.05564	0.03581	0.03406	0.04715	0.00260	0.14029	0.00723	0.06070	0.00779
2	0.00801	0.00596	0.00750	0.00837	0.00922	0.00565	0.00579	0.01023	0.05145	0.01742	0.12836	0.56461	0.11997	0.01732	0.00759	0.00234	0.00348	0.01552	0.00585	0.00535
3	0.00782	0.00572	0.00720	0.00785	0.00869	0.00527	0.00541	0.00931	0.01317	0.01761	0.20668	0.44511	0.14405	0.07521	0.00936	0.00255	0.00351	0.01460	0.00579	0.00510
4	0.02366	0.01122	0.01417	0.01108	0.01535	0.01064	0.00907	0.17659	0.01991	0.48568	0.13328	0.02336	0.02072	0.00829	0.00631	0.00189	0.00518	0.00678	0.00713	0.00970
5	0.01672	0.01129	0.01267	0.01112	0.01434	0.01218	0.00868	0.10399	0.35852	0.14911	0.05028	0.10942	0.02081	0.00937	0.00624	0.00200	0.00471	0.00787	0.08183	0.00884
6	0.24079	0.01462	0.01493	0.01181	0.01625	0.01609	0.00973	0.44086	0.02211	0.10105	0.01412	0.01432	0.01004	0.00691	0.00542	0.00184	0.00589	0.00499	0.03904	0.00920
7	0.46278	0.01223	0.01191	0.00985	0.01403	0.01322	0.00809	0.11701	0.04967	0.22605	0.01440	0.01417	0.01004	0.00655	0.00486	0.00190	0.00514	0.00456	0.00525	0.00832
8	0.01637	0.78856	0.03208	0.01047	0.01571	0.02422	0.01047	0.01833	0.01244	0.01440	0.00851	0.00982	0.00786	0.00524	0.00393	0.00131	0.00655	0.00327	0.00262	0.00786
9	0.66695	0.01163	0.00985	0.00853	0.01237	0.01306	0.00701	0.04886	0.01211	0.11126	0.01108	0.01195	0.00816	0.00603	0.00418	0.00187	0.00479	0.00384	0.03926	0.00719
10	0.01468	0.01225	0.01582	0.31580	0.02623	0.01429	0.01252	0.15374	0.23833	0.02387	0.06630	0.02026	0.01548	0.00750	0.00616	0.00198	0.00632	0.00630	0.03390	0.00826
11	0.00757	0.00558	0.00709	0.00806	0.00882	0.00510	0.00553	0.00894	0.01277	0.01687	0.12600	0.57612	0.15356	0.01777	0.00765	0.00235	0.00340	0.01591	0.00581	0.00510
12	0.14024	0.01413	0.01472	0.01173	0.01589	0.01551	0.00960	0.44480	0.05477	0.08008	0.01560	0.01591	0.01128	0.00713	0.00552	0.00180	0.00571	0.00532	0.12111	0.00915
13	0.01211	0.00707	0.00920	0.00826	0.01039	0.00644	0.00637	0.01469	0.01649	0.16260	0.47740	0.04122	0.13080	0.01397	0.05315	0.00242	0.00419	0.01007	0.00656	0.00657
14	0.00962	0.00654	0.00888	0.00893	0.01017	0.00685	0.00678	0.01152	0.01149	0.05231	0.05942	0.09727	0.09366	0.11837	0.37818	0.00637	0.01025	0.06516	0.03275	0.00548
15	0.01665	0.57649	0.13573	0.01208	0.01772	0.06951	0.01242	0.06724	0.01394	0.01682	0.00936	0.01068	0.00802	0.00553	0.00446	0.00145	0.00721	0.00365	0.00289	0.00816
16	0.00889	0.00696	0.00982	0.00985	0.01142	0.00629	0.04629	0.01071	0.01256	0.01704	0.04707	0.49245	0.05954	0.01591	0.00742	0.00228	0.00433	0.11625	0.00529	0.10962
17	0.01306	0.01268	0.01924	0.54610	0.17133	0.05385	0.01661	0.01773	0.05713	0.01703	0.01178	0.01622	0.00908	0.00614	0.00608	0.00198	0.00794	0.00545	0.00302	0.00754
18	0.01489	0.06682	0.02217	0.13051	0.37937	0.05548	0.05988	0.01887	0.04841	0.04002	0.01385	0.01985	0.01199	0.03854	0.00716	0.00206	0.00741	0.05082	0.00345	0.00845

[dist]
# distance from previous block
# <min> <max>
0	37

[block]
# block no. 7 follows, 37 sequences, length 22
# corresponding to MSA columns:
# 652-673
name=unknown_H
#
# <colnr> <probs for GDERKNQSTAVLIFYWHMCP>
#	G	D	E	R	K	N	Q	S	T	A	V	L	I	F	Y	W	H	M	C	P
0	0.03655	0.01446	0.01618	0.07418	0.07377	0.16092	0.07500	0.09967	0.01565	0.07608	0.04866	0.13684	0.01812	0.09062	0.00926	0.00239	0.02063	0.01936	0.00444	0.00724
1	0.01477	0.12114	0.04600	0.13929	0.24180	0.01426	0.04556	0.01850	0.03563	0.07621	0.07309	0.01751	0.01369	0.00652	0.00640	0.00178	0.03992	0.00560	0.00371	0.07864
2	0.04725	0.01077	0.06510	0.03186	0.09702	0.00975	0.03588	0.06344	0.06209	0.04394	0.06330	0.24858	0.02431	0.13968	0.02690	0.00292	0.00577	0.00995	0.00473	0.00676
3	0.01279	0.01068	0.05901	0.01266	0.06551	0.00985	0.03106	0.04033	0.07052	0.10493	0.17860	0.11783	0.13335	0.01279	0.04073	0.00243	0.07500	0.00935	0.00534	0.00722
4	0.29127	0.04276	0.01565	0.15068	0.09804	0.01324	0.05546	0.05489	0.01266	0.02174	0.04306	0.01626	0.01134	0.01287	0.13290	0.00324	0.00805	0.00518	0.00359	0.00711
5	0.01336	0.01433	0.07300	0.28813	0.27516	0.01404	0.11957	0.01842	0.05759	0.01889	0.03936	0.01721	0.01130	0.00611	0.00629	0.00196	0.00783	0.00594	0.00323	0.00828
6	0.02141	0.01606	0.01723	0.01355	0.01808	0.01782	0.01108	0.59129	0.13222	0.03602	0.04980	0.01732	0.01381	0.00773	0.00619	0.00188	0.00628	0.00597	0.00617	0.01009
7	0.01505	0.63593	0.02751	0.01003	0.01467	0.02100	0.00965	0.01775	0.04625	0.01581	0.06570	0.01682	0.06957	0.00670	0.00453	0.00145	0.00594	0.00475	0.00332	0.00758
8	0.01491	0.13979	0.28219	0.01433	0.02048	0.13966	0.04318	0.01893	0.01347	0.01786	0.01028	0.01224	0.00819	0.00565	0.00575	0.00156	0.03625	0.00416	0.00297	0.20816
9	0.01176	0.01162	0.02311	0.01779	0.02145	0.01094	0.40548	0.01517	0.01313	0.01815	0.01978	0.24515	0.01993	0.06308	0.00881	0.00241	0.00743	0.01024	0.06779	0.00677
10	0.01434	0.38083	0.36323	0.01487	0.02193	0.01895	0.07196	0.01891	0.01282	0.01710	0.00995	0.01177	0.00792	0.00550	0.00505	0.00166	0.00799	0.00416	0.00264	0.00843
11	0.01699	0.71856	0.03083	0.01080	0.01601	0.02375	0.01058	0.08257	0.01392	0.01660	0.00907	0.01026	0.00809	0.00543	0.00413	0.00136	0.00656	0.00348	0.00294	0.00809
12	0.01257	0.08546	0.70190	0.01695	0.02573	0.01493	0.02175	0.01931	0.01289	0.01903	0.01081	0.01270	0.00776	0.00577	0.00568	0.00189	0.00887	0.00443	0.00259	0.00896
13	0.00803	0.00588	0.00784	0.00887	0.00936	0.00579	0.00621	0.00933	0.01210	0.01630	0.08750	0.60552	0.03928	0.05462	0.00942	0.00264	0.03485	0.06582	0.00555	0.00509
14	0.00800	0.00606	0.00816	0.00921	0.00953	0.00622	0.00638	0.00909	0.01151	0.01554	0.03141	0.71123	0.03754	0.01841	0.00893	0.00250	0.07344	0.01631	0.00541	0.00513
15	0.02219	0.01611	0.01722	0.01332	0.01791	0.01778	0.01097	0.66167	0.02733	0.03715	0.01517	0.01543	0.01089	0.00733	0.00596	0.00180	0.00638	0.00553	0.07987	0.00998
16	0.07967	0.00660	0.00727	0.00710	0.00884	0.00632	0.00540	0.01200	0.01465	0.02204	0.31385	0.06860	0.19976	0.01182	0.00634	0.00190	0.00321	0.03347	0.18551	0.00566
17	0.01553	0.01292	0.09615	0.05223	0.03008	0.01092	0.14427	0.06967	0.04857	0.14486	0.06441	0.05000	0.01648	0.00750	0.00598	0.00185	0.00606	0.00676	0.20784	0.00795
18	0.00859	0.00656	0.00776	0.00751	0.00919	0.00598	0.00559	0.03789	0.01596	0.02127	0.39586	0.13081	0.29637	0.01411	0.00725	0.00203	0.00319	0.01221	0.00623	0.00565
19	0.00856	0.00672	0.00789	0.00813	0.00982	0.00628	0.00627	0.01163	0.06400	0.01899	0.19063	0.15115	0.33715	0.01512	0.00745	0.00222	0.00368	0.13272	0.00593	0.00566
20	0.01473	0.01403	0.02355	0.08768	0.64626	0.01404	0.01787	0.01833	0.01373	0.01968	0.01143	0.01506	0.00954	0.00544	0.00596	0.00177	0.00715	0.00533	0.00305	0.06537
21	0.20665	0.01996	0.01586	0.04172	0.01774	0.31474	0.01102	0.15055	0.01649	0.02219	0.01005	0.01200	0.00809	0.00700	0.00740	0.00188	0.12102	0.00435	0.00376	0.00753

[dist]
# distance from previous block
# <min> <max>
0	2

[block]
# block no. 8 follows, 37 sequences, length 29
# corresponding to MSA columns:
# 676-704
name=unknown_I
#
# <colnr> <probs for GDERKNQSTAVLIFYWHMCP>
#	G	D	E	R	K	N	Q	S	T	A	V	L	I	F	Y	W	H	M	C	P
0	0.01527	0.01376	0.02168	0.08762	0.50311	0.01437	0.01634	0.10831	0.03849	0.02163	0.01279	0.01631	0.01051	0.00985	0.08092	0.00264	0.00810	0.00562	0.00353	0.00914
1	0.00814	0.00616	0.00750	0.00734	0.00886	0.00553	0.00544	0.01047	0.01583	0.02140	0.47990	0.11583	0.25728	0.01399	0.00728	0.00202	0.00301	0.01218	0.00633	0.00553
2	0.00933	0.00629	0.00788	0.00759	0.00913	0.00578	0.00570	0.01192	0.01604	0.04629	0.50596	0.09597	0.12637	0.01272	0.00697	0.00195	0.00310	0.02811	0.08710	0.00579
3	0.01712	0.00810	0.00950	0.00823	0.01098	0.00783	0.00649	0.02135	0.09146	0.26760	0.04465	0.02288	0.01715	0.00758	0.00521	0.00167	0.00386	0.00615	0.43449	0.00771
4	0.82811	0.01184	0.00900	0.00805	0.01184	0.01373	0.00663	0.01799	0.01042	0.02746	0.00852	0.00994	0.00663	0.00568	0.00379	0.00189	0.00474	0.00331	0.00379	0.00663
5	0.01810	0.01439	0.01532	0.01295	0.01691	0.01632	0.01031	0.25814	0.49085	0.04482	0.02157	0.02015	0.01592	0.00798	0.00619	0.00199	0.00547	0.00645	0.00622	0.00994
6	0.01619	0.01461	0.02926	0.02143	0.02667	0.01397	0.50673	0.02093	0.04090	0.14045	0.01577	0.05965	0.01227	0.00671	0.00765	0.00209	0.04472	0.00751	0.00408	0.00841
7	0.06480	0.21298	0.21266	0.01411	0.01969	0.07954	0.05342	0.05868	0.18660	0.02074	0.01369	0.01447	0.01056	0.00634	0.00539	0.00178	0.00728	0.00486	0.00379	0.00862
8	0.82811	0.01184	0.00900	0.00805	0.01184	0.01373	0.00663	0.01799	0.01042	0.02746	0.00852	0.00994	0.00663	0.00568	0.00379	0.00189	0.00474	0.00331	0.00379	0.00663
9	0.05861	0.00975	0.01085	0.00914	0.01216	0.03841	0.00716	0.08569	0.01713	0.10044	0.36364	0.03208	0.07829	0.00974	0.00630	0.00174	0.00422	0.00818	0.00588	0.14058
10	0.00762	0.00552	0.00720	0.00826	0.00888	0.00510	0.00563	0.00898	0.01268	0.01699	0.13921	0.62831	0.08702	0.01797	0.00769	0.00238	0.00343	0.01620	0.00584	0.00510
11	0.01485	0.01243	0.01180	0.03492	0.01380	0.15210	0.00826	0.10050	0.03860	0.08029	0.26334	0.14630	0.03145	0.01075	0.00655	0.00191	0.00541	0.00906	0.05072	0.00696
12	0.00844	0.00660	0.00738	0.00710	0.00889	0.00595	0.00526	0.03771	0.01523	0.01966	0.27690	0.07516	0.42479	0.06327	0.00873	0.00227	0.00337	0.01192	0.00592	0.00547
13	0.00992	0.00574	0.00781	0.00794	0.00812	0.00578	0.00533	0.00885	0.00895	0.01193	0.01584	0.03083	0.01705	0.27168	0.05166	0.44392	0.00596	0.07599	0.00332	0.00340
14	0.09491	0.01642	0.01767	0.01565	0.09018	0.04577	0.01163	0.50230	0.05997	0.03344	0.01398	0.01450	0.01026	0.00691	0.00582	0.00181	0.00659	0.00524	0.00540	0.04155
15	0.01068	0.00635	0.00967	0.10533	0.01268	0.00691	0.00711	0.00933	0.00868	0.01161	0.01115	0.01911	0.01084	0.04430	0.05936	0.62602	0.02912	0.00551	0.00273	0.00348
16	0.56420	0.07850	0.02592	0.01293	0.10668	0.08876	0.00927	0.01878	0.01176	0.02406	0.00904	0.01075	0.00726	0.00568	0.00429	0.00181	0.00590	0.00367	0.00351	0.00721
17	0.01434	0.13630	0.09221	0.11276	0.09828	0.01589	0.03434	0.02413	0.33150	0.02102	0.03555	0.01903	0.02431	0.00710	0.00586	0.00191	0.00630	0.00596	0.00442	0.00877
18	0.01039	0.00793	0.08178	0.00898	0.00993	0.00616	0.00708	0.00918	0.00894	0.01214	0.01361	0.11512	0.01415	0.01947	0.02008	0.63622	0.00546	0.00678	0.00304	0.00359
19	0.64381	0.11272	0.08575	0.00929	0.01378	0.01512	0.00870	0.01817	0.01092	0.02500	0.00877	0.01022	0.00690	0.00564	0.00401	0.00182	0.00539	0.00343	0.00352	0.00703
20	0.01581	0.57033	0.02797	0.01394	0.10833	0.06193	0.01114	0.01805	0.01339	0.01615	0.08184	0.01413	0.01304	0.00605	0.00461	0.00145	0.00652	0.00436	0.00311	0.00784
21	0.01084	0.01116	0.10491	0.04025	0.01479	0.00885	0.03074	0.08292	0.01526	0.02030	0.06671	0.07440	0.24262	0.01264	0.00705	0.00219	0.00527	0.18656	0.05604	0.00651
22	0.02008	0.05951	0.08428	0.01302	0.01810	0.03769	0.01147	0.39267	0.04500	0.10179	0.01537	0.04404	0.01167	0.00721	0.00582	0.00173	0.00645	0.00557	0.00533	0.11321
23	0.01780	0.59041	0.02831	0.01142	0.01643	0.06054	0.01070	0.13702	0.04435	0.01890	0.01024	0.01121	0.00872	0.00577	0.00447	0.00144	0.00674	0.00383	0.00337	0.00832
24	0.01119	0.01029	0.01706	0.67306	0.03796	0.01260	0.01557	0.01512	0.01289	0.01677	0.10417	0.02006	0.01448	0.00693	0.00626	0.00203	0.00749	0.00616	0.00323	0.00667
25	0.00892	0.00613	0.00699	0.00698	0.00780	0.00589	0.00454	0.00973	0.01081	0.03156	0.03116	0.08033	0.21208	0.43198	0.08440	0.00481	0.00583	0.01000	0.03552	0.00454
26	0.01445	0.01060	0.01279	0.03963	0.01549	0.00930	0.00831	0.01934	0.12212	0.11367	0.04343	0.03877	0.01555	0.00703	0.00550	0.00146	0.00480	0.05263	0.00478	0.46036
27	0.68747	0.01258	0.01042	0.00903	0.01294	0.01447	0.00741	0.10888	0.04679	0.02879	0.01008	0.01115	0.00768	0.00602	0.00420	0.00190	0.00500	0.00376	0.00420	0.00725
28	0.01270	0.01494	0.11114	0.01544	0.01667	0.01680	0.01378	0.01483	0.01033	0.01583	0.04435	0.05736	0.01213	0.01064	0.01699	0.00254	0.59747	0.00619	0.00302	0.00686

[dist]
# distance from previous block
# <min> <max>
0	3

[block]
# block no. 9 follows, 37 sequences, length 10
# corresponding to MSA columns:
# 708-717
name=unknown_J
#
# <colnr> <probs for GDERKNQSTAVLIFYWHMCP>
#	G	D	E	R	K	N	Q	S	T	A	V	L	I	F	Y	W	H	M	C	P
0	0.10644	0.01115	0.01266	0.00940	0.01430	0.00949	0.00758	0.01567	0.01222	0.02047	0.01042	0.01242	0.00872	0.00507	0.00545	0.00113	0.05436	0.00370	0.00358	0.67576
1	0.01479	0.31050	0.27629	0.01392	0.01984	0.01840	0.03420	0.05475	0.09639	0.01899	0.01194	0.01338	0.00946	0.00628	0.00605	0.00175	0.05448	0.00454	0.02558	0.00848
2	0.02248	0.01675	0.01793	0.01392	0.01868	0.01861	0.01144	0.65807	0.09827	0.03730	0.01570	0.01550	0.01122	0.00744	0.00613	0.00186	0.00655	0.00565	0.00613	0.01034
3	0.00837	0.00633	0.00778	0.00766	0.00929	0.00574	0.00591	0.01085	0.01594	0.02143	0.45752	0.05236	0.26090	0.01391	0.00737	0.00207	0.00327	0.09142	0.00630	0.00558
4	0.01471	0.48119	0.32490	0.01331	0.02009	0.02016	0.01540	0.01876	0.01264	0.01643	0.00952	0.01108	0.00781	0.00547	0.00469	0.00156	0.00756	0.00378	0.00260	0.00834
5	0.04787	0.01138	0.01344	0.04626	0.01603	0.04114	0.00907	0.05398	0.13561	0.42208	0.04365	0.02092	0.01600	0.00761	0.00591	0.00187	0.00527	0.00615	0.08650	0.00927
6	0.00814	0.00607	0.00771	0.00867	0.00980	0.00564	0.00660	0.00991	0.01324	0.01709	0.07910	0.36383	0.21407	0.01727	0.00782	0.00244	0.00398	0.20764	0.00573	0.00525
7	0.00774	0.00561	0.00748	0.00845	0.00909	0.00535	0.00585	0.00917	0.01237	0.01671	0.12728	0.58020	0.06836	0.02078	0.08172	0.00312	0.00471	0.01532	0.00559	0.00513
8	0.01592	0.01401	0.02293	0.07711	0.53525	0.01407	0.04427	0.04872	0.04329	0.06802	0.01296	0.01581	0.01030	0.00577	0.00605	0.00181	0.00707	0.00554	0.00359	0.04752
9	0.00852	0.00625	0.00804	0.00801	0.00942	0.00577	0.00610	0.01107	0.01602	0.02203	0.51347	0.11903	0.13577	0.01400	0.00742	0.00210	0.00329	0.09168	0.00639	0.00561

[dist]
# distance from previous block
# <min> <max>
0	1

[block]
# block no. 10 follows, 37 sequences, length 21
# corresponding to MSA columns:
# 719-732,758-764
name=unknown_K
#
# <colnr> <probs for GDERKNQSTAVLIFYWHMCP>
#	G	D	E	R	K	N	Q	S	T	A	V	L	I	F	Y	W	H	M	C	P
0	0.08468	0.12497	0.52518	0.01655	0.02437	0.01557	0.08880	0.01915	0.01279	0.01948	0.01059	0.01262	0.00782	0.00567	0.00554	0.00187	0.00847	0.00452	0.00275	0.00860
1	0.04260	0.61847	0.04819	0.01127	0.01641	0.06509	0.01088	0.09441	0.01442	0.01756	0.00929	0.01050	0.00809	0.00555	0.00430	0.00142	0.00683	0.00359	0.00306	0.00808
2	0.01324	0.01082	0.01167	0.01065	0.01347	0.01207	0.00822	0.02572	0.49770	0.02478	0.17132	0.02892	0.05563	0.00934	0.00630	0.00199	0.00420	0.00790	0.07769	0.00836
3	0.00801	0.00600	0.00737	0.00765	0.00889	0.00545	0.00554	0.00991	0.01438	0.01915	0.30547	0.25756	0.23072	0.04663	0.00841	0.00232	0.00337	0.04190	0.00600	0.00530
4	0.00785	0.00552	0.00699	0.00800	0.00870	0.00511	0.00547	0.00925	0.01248	0.01701	0.09218	0.58947	0.10978	0.01731	0.00742	0.00231	0.00340	0.01551	0.07112	0.00511
5	0.01680	0.01316	0.01416	0.01242	0.01608	0.01491	0.00975	0.07566	0.62836	0.09013	0.02421	0.02215	0.01786	0.00818	0.00622	0.00205	0.00499	0.00677	0.00634	0.00980
6	0.82811	0.01184	0.00900	0.00805	0.01184	0.01373	0.00663	0.01799	0.01042	0.02746	0.00852	0.00994	0.00663	0.00568	0.00379	0.00189	0.00474	0.00331	0.00379	0.00663
7	0.02124	0.01537	0.01650	0.01302	0.01741	0.01698	0.01063	0.54524	0.12527	0.05796	0.01688	0.01674	0.01217	0.00747	0.00598	0.00184	0.00608	0.00574	0.07758	0.00990
8	0.17233	0.01627	0.04548	0.01275	0.01747	0.01727	0.01084	0.53712	0.02408	0.03510	0.01361	0.01407	0.00981	0.00697	0.00560	0.00184	0.00630	0.00507	0.03855	0.00946
9	0.01637	0.78856	0.03208	0.01047	0.01571	0.02422	0.01047	0.01833	0.01244	0.01440	0.00851	0.00982	0.00786	0.00524	0.00393	0.00131	0.00655	0.00327	0.00262	0.00786
10	0.82811	0.01184	0.00900	0.00805	0.01184	0.01373	0.00663	0.01799	0.01042	0.02746	0.00852	0.00994	0.00663	0.00568	0.00379	0.00189	0.00474	0.00331	0.00379	0.00663
11	0.00921	0.00711	0.00847	0.03884	0.01096	0.00680	0.00632	0.07264	0.01531	0.02000	0.20261	0.25897	0.29042	0.01479	0.00726	0.00213	0.00371	0.01284	0.00584	0.00578
12	0.00793	0.00603	0.00731	0.00755	0.00892	0.00542	0.00553	0.00991	0.01466	0.01938	0.30939	0.23656	0.28164	0.01536	0.00742	0.00215	0.00323	0.04017	0.00608	0.00536
13	0.01156	0.01088	0.01836	0.77016	0.04216	0.01360	0.01700	0.01564	0.01224	0.01564	0.01088	0.01632	0.00816	0.00612	0.00612	0.00204	0.00816	0.00544	0.00272	0.00680
14	0.01074	0.00665	0.00866	0.00809	0.00985	0.00603	0.00609	0.01325	0.01645	0.11225	0.52450	0.13142	0.09649	0.01290	0.00716	0.00200	0.00327	0.01135	0.00664	0.00621
15	0.00977	0.00638	0.00846	0.00816	0.00961	0.00604	0.00609	0.01227	0.01557	0.06751	0.49028	0.15363	0.04664	0.01631	0.08134	0.00277	0.00446	0.01108	0.03772	0.00591
16	0.01493	0.01727	0.12260	0.12955	0.02991	0.01512	0.39486	0.07874	0.07232	0.04265	0.01352	0.01650	0.00994	0.00588	0.00668	0.00202	0.00896	0.00642	0.00361	0.00850
17	0.00842	0.00858	0.08084	0.00840	0.01057	0.00630	0.00711	0.01104	0.01499	0.02030	0.36230	0.17576	0.23492	0.01384	0.00719	0.00206	0.00367	0.01204	0.00586	0.00579
18	0.10934	0.01193	0.01919	0.01566	0.01805	0.01348	0.20782	0.01498	0.01170	0.01791	0.01712	0.13005	0.04456	0.04179	0.01203	0.00250	0.24998	0.05157	0.00370	0.00663
19	0.01265	0.01293	0.08563	0.00989	0.01569	0.00876	0.00877	0.01580	0.01272	0.01989	0.01089	0.01272	0.00894	0.00466	0.00466	0.00101	0.00498	0.00371	0.00352	0.74219
20	0.13719	0.23160	0.02012	0.01323	0.01704	0.45405	0.01071	0.02186	0.01502	0.01662	0.00907	0.01055	0.00770	0.00593	0.00484	0.00155	0.00892	0.00367	0.00310	0.00723

[dist]
# distance from previous block
# <min> <max>
0	3

[block]
# block no. 11 follows, 37 sequences, length 8
# corresponding to MSA columns:
# 768-775
name=unknown_L
#
# <colnr> <probs for GDERKNQSTAVLIFYWHMCP>
#	G	D	E	R	K	N	Q	S	T	A	V	L	I	F	Y	W	H	M	C	P
0	0.01357	0.01355	0.04980	0.10315	0.40418	0.01342	0.05788	0.01859	0.09345	0.01940	0.01582	0.11782	0.01448	0.00781	0.00678	0.00200	0.02879	0.00727	0.00368	0.00858
1	0.00981	0.09352	0.01072	0.00879	0.01015	0.00871	0.00634	0.01305	0.10784	0.01662	0.06686	0.39043	0.05340	0.16166	0.01157	0.00291	0.00446	0.01233	0.00510	0.00573
2	0.00742	0.00548	0.00695	0.00812	0.00877	0.00501	0.00550	0.00857	0.01211	0.01578	0.03867	0.65488	0.16330	0.01854	0.00771	0.00241	0.00347	0.01662	0.00568	0.00501
3	0.72172	0.01165	0.00969	0.00843	0.01234	0.01310	0.00694	0.01957	0.01136	0.12360	0.01060	0.01139	0.00776	0.00593	0.00410	0.00189	0.00480	0.00369	0.00429	0.00713
4	0.10068	0.01066	0.10761	0.00955	0.01224	0.00834	0.00841	0.05194	0.01548	0.02316	0.38204	0.18327	0.03937	0.01192	0.00671	0.00203	0.00426	0.01030	0.00561	0.00640
5	0.00748	0.00569	0.00689	0.00769	0.00870	0.00510	0.00535	0.00886	0.01291	0.01665	0.10108	0.48327	0.27339	0.01742	0.00757	0.00230	0.00335	0.01541	0.00577	0.00510
6	0.77000	0.01309	0.00960	0.00861	0.01235	0.06761	0.00700	0.01846	0.01092	0.02656	0.00859	0.01002	0.00672	0.00573	0.00391	0.00187	0.00519	0.00336	0.00374	0.00666
7	0.04960	0.54719	0.04942	0.01096	0.01579	0.05550	0.01055	0.01946	0.01331	0.09720	0.01232	0.01605	0.01085	0.00654	0.00468	0.00155	0.00654	0.06109	0.00349	0.00791

[dist]
# distance from previous block
# <min> <max>
0	7

[block]
# block no. 12 follows, 37 sequences, length 10
# corresponding to MSA columns:
# 784-793
name=unknown_M
#
# <colnr> <probs for GDERKNQSTAVLIFYWHMCP>
#	G	D	E	R	K	N	Q	S	T	A	V	L	I	F	Y	W	H	M	C	P
0	0.01015	0.00768	0.00801	0.00800	0.00839	0.06256	0.00513	0.01027	0.00982	0.01253	0.01836	0.05624	0.02045	0.52611	0.07602	0.10347	0.00687	0.04217	0.00366	0.00409
1	0.01475	0.01210	0.01380	0.01004	0.01538	0.01027	0.00811	0.15395	0.01583	0.02358	0.01162	0.01308	0.00933	0.00508	0.00484	0.00109	0.00496	0.00399	0.00411	0.66407
2	0.00832	0.00624	0.00770	0.00734	0.00893	0.00563	0.00550	0.01088	0.01651	0.02261	0.57903	0.04891	0.22340	0.01324	0.00722	0.00196	0.00294	0.01152	0.00648	0.00563
3	0.01228	0.03166	0.75316	0.01745	0.02649	0.01422	0.02262	0.01939	0.01292	0.01939	0.01099	0.01292	0.00775	0.00582	0.00582	0.00194	0.00905	0.00452	0.00258	0.00905
4	0.16001	0.03358	0.04370	0.14165	0.08817	0.10438	0.01137	0.04805	0.01503	0.12108	0.13358	0.02108	0.01799	0.00759	0.00581	0.00189	0.00642	0.02643	0.00453	0.00763
5	0.00794	0.00583	0.00754	0.00863	0.00950	0.00543	0.00630	0.00950	0.01281	0.01677	0.07819	0.49912	0.14641	0.01783	0.00781	0.00245	0.00383	0.14320	0.00573	0.00517
6	0.06571	0.03934	0.15415	0.06370	0.23029	0.01270	0.07400	0.01965	0.01447	0.14322	0.10691	0.01930	0.01604	0.00680	0.00608	0.00189	0.00682	0.00607	0.00421	0.00867
7	0.01087	0.00779	0.00974	0.05997	0.03574	0.00788	0.00643	0.07150	0.01171	0.01591	0.04579	0.08258	0.02034	0.42031	0.02122	0.08823	0.00574	0.00817	0.00397	0.06612
8	0.07227	0.01818	0.01707	0.01377	0.01815	0.13231	0.01111	0.48892	0.11277	0.03266	0.01476	0.01484	0.01080	0.00720	0.00590	0.00183	0.00704	0.00531	0.00553	0.00958
9	0.01600	0.01320	0.06575	0.17031	0.02170	0.01394	0.01274	0.08948	0.01385	0.14769	0.01333	0.01683	0.01046	0.03994	0.04110	0.00255	0.23259	0.00553	0.00403	0.06899

[dist]
# distance from previous block
# <min> <max>
0	10

[block]
# block no. 13 follows, 37 sequences, length 31
# corresponding to MSA columns:
# 804-834
name=unknown_N
#
# <colnr> <probs for GDERKNQSTAVLIFYWHMCP>
#	G	D	E	R	K	N	Q	S	T	A	V	L	I	F	Y	W	H	M	C	P
0	0.09468	0.51996	0.09575	0.01143	0.01666	0.09039	0.01129	0.01973	0.01309	0.06485	0.00987	0.01097	0.00821	0.00559	0.00439	0.00149	0.00694	0.00365	0.00310	0.00795
1	0.12612	0.06316	0.01971	0.31751	0.21770	0.01400	0.05408	0.01662	0.01242	0.01842	0.01197	0.04907	0.01035	0.03649	0.00674	0.00208	0.00718	0.00576	0.00313	0.00749
