[name]
unknown

[dist]
# distance from previous block
# <min> <max>
0	30

[block]
# block no. 0 follows, 42 sequences, length 14
# corresponding to MSA columns:
# 30-43
name=unknown_A
#
# <colnr> <probs for GDERKNQSTAVLIFYWHMCP>
#	G	D	E	R	K	N	Q	S	T	A	V	L	I	F	Y	W	H	M	C	P
0	0.01064	0.00983	0.06012	0.01107	0.01309	0.06094	0.00992	0.05341	0.01376	0.01763	0.02619	0.08023	0.02790	0.01379	0.00729	0.00240	0.00572	0.56551	0.00487	0.00570
1	0.01526	0.37050	0.18221	0.01105	0.01610	0.05270	0.01137	0.05825	0.01307	0.09347	0.01157	0.03313	0.00936	0.00574	0.00451	0.00144	0.00621	0.00418	0.06068	0.03919
2	0.06184	0.00823	0.00986	0.00927	0.01133	0.00841	0.00697	0.07471	0.11809	0.16586	0.05285	0.38298	0.02581	0.01215	0.00655	0.00203	0.02026	0.01054	0.00554	0.00671
3	0.00834	0.00607	0.00717	0.00748	0.00869	0.00577	0.00535	0.06776	0.01312	0.01756	0.11063	0.42602	0.20894	0.01456	0.00665	0.00203	0.00329	0.01279	0.06266	0.00514
4	0.16343	0.01250	0.06163	0.01103	0.01494	0.03367	0.06287	0.14781	0.06891	0.19614	0.09860	0.01818	0.01538	0.00685	0.00530	0.00172	0.00527	0.00554	0.06241	0.00782
5	0.20173	0.08099	0.14303	0.01177	0.01625	0.08386	0.04588	0.09486	0.02696	0.14951	0.04184	0.01466	0.02616	0.00632	0.00543	0.00171	0.03262	0.00469	0.00409	0.00762
6	0.01136	0.00794	0.01097	0.06093	0.01331	0.00898	0.00821	0.11759	0.01219	0.07053	0.01503	0.02020	0.01298	0.03219	0.56250	0.00699	0.01257	0.00580	0.00364	0.00608
7	0.17137	0.09988	0.03598	0.00980	0.01359	0.03385	0.00834	0.10542	0.01444	0.26894	0.03125	0.06667	0.01296	0.00950	0.06039	0.00219	0.00584	0.00542	0.00485	0.03932
8	0.10843	0.11625	0.01713	0.01172	0.01604	0.01700	0.00985	0.49673	0.08081	0.05241	0.01318	0.01323	0.00963	0.00642	0.00515	0.00165	0.00579	0.00471	0.00503	0.00884
9	0.10704	0.11042	0.10734	0.01241	0.01721	0.05279	0.01129	0.46303	0.02066	0.02864	0.01160	0.01216	0.00852	0.00615	0.00510	0.00164	0.00641	0.00443	0.00451	0.00863
10	0.01643	0.48384	0.11423	0.01140	0.01650	0.04139	0.01127	0.20915	0.01556	0.01963	0.00961	0.01058	0.00783	0.00542	0.00439	0.00141	0.00645	0.00370	0.00326	0.00795
11	0.09634	0.27570	0.13676	0.01225	0.01741	0.01696	0.05809	0.22230	0.01601	0.08220	0.01114	0.01193	0.00838	0.00565	0.00479	0.00157	0.00638	0.00421	0.00380	0.00815
12	0.01603	0.23054	0.22624	0.06338	0.01927	0.01571	0.01301	0.14275	0.08402	0.11781	0.01282	0.01339	0.00941	0.00588	0.00502	0.00162	0.00647	0.00446	0.00385	0.00832
13	0.19492	0.08203	0.25761	0.01225	0.01747	0.06353	0.02766	0.08036	0.10159	0.05544	0.01210	0.02695	0.00924	0.00595	0.00489	0.00169	0.00640	0.00444	0.00362	0.03184

[dist]
# distance from previous block
# <min> <max>
1	54

[block]
# block no. 1 follows, 42 sequences, length 18
# corresponding to MSA columns:
# 98-115
name=unknown_B
#
# <colnr> <probs for GDERKNQSTAVLIFYWHMCP>
#	G	D	E	R	K	N	Q	S	T	A	V	L	I	F	Y	W	H	M	C	P
0	0.07201	0.10930	0.01648	0.05084	0.01623	0.01222	0.09507	0.11952	0.06908	0.10256	0.07014	0.07976	0.01553	0.03664	0.00623	0.00178	0.00544	0.00617	0.00439	0.11062
1	0.01182	0.00898	0.03432	0.16275	0.01642	0.04045	0.00861	0.03923	0.03871	0.12442	0.02552	0.31569	0.10151	0.01141	0.00625	0.00197	0.00485	0.00996	0.03096	0.00618
2	0.01243	0.00985	0.01383	0.28083	0.05157	0.00987	0.01047	0.01594	0.04820	0.08775	0.04995	0.04547	0.01232	0.00615	0.00553	0.00151	0.02449	0.00520	0.00367	0.30495
3	0.06245	0.00923	0.01238	0.09297	0.09516	0.00962	0.02759	0.10648	0.03786	0.07097	0.24220	0.04246	0.03938	0.09962	0.02549	0.00236	0.00512	0.00733	0.00473	0.00658
4	0.05811	0.00596	0.00730	0.00743	0.00875	0.00565	0.00561	0.01019	0.01376	0.01948	0.39765	0.20104	0.13499	0.01318	0.00668	0.00198	0.00318	0.08833	0.00560	0.00512
5	0.01752	0.09217	0.04675	0.05273	0.01814	0.43944	0.05495	0.01968	0.01445	0.04480	0.05944	0.01330	0.01070	0.00610	0.00565	0.00152	0.03815	0.00439	0.00320	0.05692
6	0.02052	0.01264	0.01448	0.01141	0.01551	0.01314	0.00929	0.38489	0.09309	0.25313	0.01794	0.06332	0.01324	0.00745	0.00568	0.00172	0.00534	0.00596	0.00592	0.04533
7	0.07307	0.01029	0.01295	0.01015	0.01431	0.00969	0.00833	0.09034	0.06984	0.58954	0.03806	0.01872	0.01423	0.00700	0.00555	0.00175	0.00481	0.00561	0.00653	0.00922
8	0.01167	0.01000	0.01167	0.00834	0.01334	0.00750	0.00667	0.01417	0.01167	0.01834	0.01000	0.01167	0.00834	0.00417	0.00417	0.00083	0.00417	0.00333	0.00333	0.83663
9	0.01361	0.09624	0.07604	0.04975	0.01497	0.05367	0.03785	0.07213	0.07454	0.09254	0.03534	0.08020	0.04084	0.12915	0.00917	0.00225	0.01882	0.00649	0.03490	0.06150
10	0.00899	0.00699	0.00859	0.00757	0.00983	0.00618	0.00583	0.01209	0.04701	0.02091	0.48423	0.03611	0.09458	0.01007	0.00609	0.00161	0.00318	0.03532	0.00543	0.18939
11	0.04854	0.01208	0.01255	0.01054	0.01376	0.06118	0.00834	0.28580	0.09967	0.10938	0.09403	0.11317	0.07269	0.00900	0.00585	0.00178	0.00505	0.00736	0.00547	0.02373
12	0.07594	0.02645	0.00880	0.03491	0.01063	0.00717	0.00619	0.02327	0.04459	0.04163	0.25017	0.17048	0.15667	0.02558	0.00657	0.00192	0.00364	0.04113	0.00514	0.05914
13	0.01447	0.00979	0.01219	0.01010	0.01337	0.00936	0.03617	0.15728	0.06562	0.14319	0.06354	0.19151	0.04248	0.00938	0.00587	0.00171	0.00459	0.02828	0.00520	0.17591
14	0.04262	0.18408	0.01568	0.01019	0.01333	0.05510	0.02606	0.10602	0.09008	0.08524	0.08242	0.14501	0.01857	0.01086	0.05929	0.00219	0.00585	0.00694	0.00448	0.03600
15	0.01623	0.01324	0.10420	0.14361	0.06650	0.01176	0.03386	0.13218	0.06761	0.20109	0.01636	0.06105	0.02386	0.00700	0.00596	0.00177	0.02467	0.00585	0.00455	0.05865
16	0.06123	0.04270	0.05129	0.08996	0.07237	0.01225	0.11164	0.08126	0.09853	0.06874	0.07661	0.06251	0.01583	0.00868	0.03169	0.00208	0.04879	0.03100	0.00413	0.02868
17	0.03150	0.04577	0.12386	0.05926	0.10664	0.03589	0.03940	0.08576	0.08348	0.09527	0.09181	0.10039	0.03128	0.00812	0.00609	0.00182	0.02331	0.01846	0.00435	0.00754

[dist]
# distance from previous block
# <min> <max>
16	45

[block]
# block no. 2 follows, 42 sequences, length 15
# corresponding to MSA columns:
# 171-185
name=unknown_C
#
# <colnr> <probs for GDERKNQSTAVLIFYWHMCP>
#	G	D	E	R	K	N	Q	S	T	A	V	L	I	F	Y	W	H	M	C	P
0	0.03723	0.01197	0.01586	0.01369	0.06336	0.01248	0.08117	0.22514	0.10706	0.19158	0.04239	0.06177	0.04045	0.00793	0.00647	0.00185	0.04045	0.02557	0.00527	0.00834
1	0.01260	0.00997	0.01300	0.01236	0.06101	0.01047	0.06553	0.06820	0.28365	0.06656	0.07509	0.20018	0.05258	0.03371	0.00690	0.00205	0.00469	0.00891	0.00521	0.00732
2	0.00922	0.00889	0.06361	0.02570	0.03887	0.00775	0.08281	0.04398	0.04195	0.01644	0.02442	0.48231	0.02715	0.01529	0.05181	0.00255	0.00538	0.04153	0.00456	0.00576
3	0.07958	0.01172	0.04458	0.01108	0.01549	0.03850	0.05013	0.06948	0.01552	0.48640	0.01845	0.01844	0.01260	0.00673	0.00550	0.00170	0.00542	0.03377	0.00573	0.06917
4	0.01291	0.01039	0.01328	0.04409	0.01552	0.00857	0.04873	0.01641	0.05913	0.07657	0.01184	0.01318	0.00930	0.00470	0.00458	0.00108	0.00468	0.00396	0.00370	0.63737
5	0.04050	0.00801	0.05153	0.00830	0.01025	0.00712	0.00682	0.01270	0.06431	0.04773	0.31547	0.04992	0.13763	0.07307	0.07844	0.00281	0.02041	0.05424	0.00509	0.00567
6	0.01119	0.01031	0.04429	0.01287	0.01585	0.00954	0.19948	0.06689	0.01408	0.04513	0.21681	0.14769	0.05221	0.01114	0.04297	0.00222	0.04576	0.00877	0.00453	0.03827
7	0.78162	0.01106	0.00933	0.00938	0.06601	0.01268	0.00691	0.01660	0.00981	0.02475	0.00804	0.00949	0.00630	0.00521	0.00363	0.00174	0.00452	0.00319	0.00343	0.00630
8	0.01146	0.00976	0.01143	0.00826	0.01306	0.00738	0.00659	0.01397	0.01191	0.01858	0.05272	0.01339	0.01087	0.00458	0.00431	0.00089	0.00408	0.00372	0.00350	0.78953
9	0.01581	0.04384	0.06362	0.01733	0.05514	0.01267	0.31571	0.08830	0.01476	0.17235	0.05500	0.05823	0.01350	0.00670	0.00663	0.00184	0.03991	0.00656	0.00419	0.00793
10	0.07305	0.01363	0.01353	0.08312	0.06331	0.17779	0.00976	0.09410	0.01426	0.03861	0.09292	0.07583	0.03436	0.02507	0.00734	0.00184	0.08497	0.02895	0.00394	0.06360
11	0.06129	0.05109	0.09846	0.00992	0.01438	0.06682	0.00884	0.02958	0.03203	0.10461	0.01427	0.06995	0.02328	0.00635	0.00485	0.00137	0.00519	0.01826	0.02368	0.35578
12	0.08381	0.10064	0.01452	0.01185	0.06428	0.05659	0.05453	0.02541	0.03065	0.03365	0.01413	0.09210	0.01402	0.16592	0.09506	0.00324	0.06989	0.00633	0.00342	0.05995
13	0.03818	0.06542	0.01583	0.08952	0.01776	0.08550	0.06153	0.16115	0.07941	0.11460	0.05404	0.01769	0.01318	0.00660	0.00535	0.00162	0.00594	0.02767	0.05145	0.08754
14	0.01369	0.06656	0.01596	0.24942	0.07443	0.06892	0.01160	0.06119	0.18091	0.04850	0.01519	0.07337	0.01276	0.00728	0.00605	0.00181	0.03564	0.01883	0.00390	0.03400

[dist]
# distance from previous block
# <min> <max>
1	18

[block]
# block no. 3 follows, 42 sequences, length 17
# corresponding to MSA columns:
# 204-220
name=unknown_D
#
# <colnr> <probs for GDERKNQSTAVLIFYWHMCP>
#	G	D	E	R	K	N	Q	S	T	A	V	L	I	F	Y	W	H	M	C	P
0	0.19385	0.01175	0.01395	0.01250	0.06066	0.01271	0.06224	0.10715	0.26172	0.11833	0.03842	0.01784	0.01357	0.04334	0.00637	0.00197	0.00517	0.00554	0.00491	0.00801
1	0.55226	0.04743	0.01042	0.04530	0.01267	0.04171	0.00716	0.01633	0.01073	0.06801	0.04540	0.06911	0.01122	0.00672	0.00476	0.00178	0.03428	0.00466	0.00379	0.00624
2	0.00914	0.00688	0.00874	0.00819	0.00954	0.00709	0.00624	0.03283	0.03454	0.04045	0.39260	0.12766	0.14114	0.02641	0.04296	0.00231	0.08239	0.00998	0.00537	0.00553
3	0.07063	0.01116	0.14578	0.01135	0.07462	0.00819	0.00948	0.01362	0.01353	0.06271	0.33072	0.05114	0.06597	0.01220	0.07223	0.00243	0.00540	0.02777	0.00470	0.00637
4	0.01429	0.04407	0.44661	0.01647	0.09578	0.01334	0.01679	0.06385	0.04199	0.11752	0.01218	0.01344	0.00876	0.00601	0.00635	0.00180	0.06434	0.00461	0.00335	0.00845
5	0.01499	0.08977	0.06497	0.10447	0.12846	0.20730	0.07500	0.01838	0.04340	0.04047	0.05635	0.01453	0.01113	0.00582	0.00550	0.00157	0.02031	0.00478	0.00323	0.08957
6	0.01776	0.00889	0.01122	0.00933	0.01256	0.00844	0.00744	0.02266	0.15799	0.39917	0.21590	0.02704	0.05932	0.00860	0.00597	0.00179	0.00408	0.00725	0.00645	0.00812
7	0.05739	0.07989	0.07515	0.01085	0.01456	0.06157	0.00960	0.07684	0.01512	0.31174	0.11262	0.02106	0.01723	0.00774	0.00649	0.00178	0.06261	0.04473	0.00515	0.00787
8	0.00806	0.00589	0.00757	0.00802	0.00908	0.00577	0.00619	0.00981	0.01184	0.01563	0.13062	0.10230	0.15617	0.15829	0.10908	0.00367	0.00560	0.23692	0.00474	0.00475
9	0.01337	0.44894	0.33873	0.01252	0.01859	0.01823	0.01439	0.01712	0.01150	0.01516	0.00875	0.01035	0.00719	0.00525	0.00496	0.00150	0.03987	0.00357	0.00240	0.00763
10	0.05058	0.33829	0.24859	0.01412	0.05243	0.05848	0.06690	0.03028	0.01221	0.03711	0.00941	0.01109	0.00755	0.00533	0.00516	0.00156	0.03665	0.00392	0.00270	0.00763
11	0.01452	0.13707	0.01300	0.00884	0.01124	0.01012	0.00694	0.05017	0.08553	0.18574	0.03153	0.05916	0.02601	0.14452	0.04369	0.14962	0.00542	0.00626	0.00436	0.00626
12	0.06878	0.07094	0.01461	0.01092	0.01464	0.05925	0.00893	0.30827	0.15738	0.10369	0.01572	0.01562	0.01152	0.00663	0.00513	0.00164	0.00539	0.00503	0.10755	0.00835
13	0.00818	0.00546	0.00614	0.00614	0.00614	0.00546	0.00341	0.00818	0.00818	0.01091	0.01773	0.03683	0.02046	0.80222	0.02864	0.00546	0.00546	0.00818	0.00341	0.00341
14	0.01532	0.31614	0.14855	0.01306	0.01729	0.09495	0.05272	0.01796	0.01193	0.08531	0.00975	0.01158	0.00794	0.00623	0.00745	0.00167	0.16777	0.00410	0.00291	0.00736
15	0.01470	0.01740	0.31359	0.10756	0.05606	0.01116	0.03768	0.01951	0.04405	0.20647	0.01520	0.01837	0.01135	0.00847	0.04763	0.00223	0.00731	0.04931	0.00392	0.00804
16	0.01457	0.01749	0.10899	0.01984	0.02492	0.11650	0.46271	0.01866	0.01348	0.06056	0.03517	0.01507	0.00987	0.00557	0.00687	0.00184	0.05135	0.00593	0.00312	0.00749

[dist]
# distance from previous block
# <min> <max>
0	1

[block]
# block no. 4 follows, 42 sequences, length 9
# corresponding to MSA columns:
# 222-230
name=unknown_E
#
# <colnr> <probs for GDERKNQSTAVLIFYWHMCP>
#	G	D	E	R	K	N	Q	S	T	A	V	L	I	F	Y	W	H	M	C	P
0	0.00863	0.00682	0.01034	0.18057	0.01579	0.00800	0.00839	0.01072	0.00940	0.01303	0.01435	0.02275	0.01358	0.14841	0.49618	0.00692	0.01196	0.00613	0.00296	0.00505
1	0.01421	0.06658	0.01791	0.01574	0.07678	0.14391	0.01202	0.01689	0.07179	0.01478	0.00917	0.01258	0.00828	0.00827	0.01317	0.00210	0.48154	0.00471	0.00283	0.00674
2	0.05260	0.01211	0.01560	0.01333	0.04293	0.01292	0.09816	0.11423	0.35564	0.14759	0.01957	0.05962	0.01495	0.00740	0.00579	0.00186	0.00534	0.00644	0.00534	0.00859
3	0.00915	0.00736	0.01129	0.01001	0.01111	0.00774	0.10403	0.01054	0.00953	0.01305	0.01688	0.03189	0.01788	0.40910	0.18766	0.00532	0.05288	0.07658	0.00336	0.00465
4	0.01631	0.01960	0.02477	0.01917	0.02321	0.32277	0.38211	0.01940	0.01392	0.01590	0.00993	0.01289	0.00791	0.00564	0.00711	0.00177	0.08246	0.00527	0.00283	0.00703
5	0.04819	0.01116	0.01827	0.14503	0.06645	0.01182	0.18327	0.06640	0.01279	0.12833	0.01384	0.04134	0.01161	0.11313	0.02871	0.00255	0.08023	0.00618	0.00372	0.00697
6	0.05418	0.01358	0.01695	0.12891	0.05993	0.10119	0.11095	0.07736	0.20543	0.01930	0.01402	0.01671	0.01119	0.04205	0.05124	0.00240	0.05793	0.00552	0.00380	0.00735
7	0.38113	0.01113	0.01165	0.01057	0.03016	0.04425	0.03663	0.03394	0.04987	0.05685	0.01393	0.11030	0.03051	0.02647	0.00744	0.00201	0.12713	0.00583	0.00385	0.00636
8	0.04055	0.05217	0.01591	0.08930	0.04608	0.01211	0.08877	0.10037	0.10795	0.08958	0.01461	0.01763	0.01167	0.04528	0.14152	0.00317	0.04561	0.00552	0.04034	0.03185

[dist]
# distance from previous block
# <min> <max>
11	115

[block]
# block no. 5 follows, 42 sequences, length 23
# corresponding to MSA columns:
# 365-387
name=unknown_F
#
# <colnr> <probs for GDERKNQSTAVLIFYWHMCP>
#	G	D	E	R	K	N	Q	S	T	A	V	L	I	F	Y	W	H	M	C	P
0	0.05614	0.10924	0.19103	0.05087	0.09603	0.01230	0.02927	0.01834	0.09706	0.09308	0.03159	0.03994	0.05674	0.00661	0.00522	0.00165	0.00583	0.00544	0.01968	0.07392
1	0.08228	0.12042	0.10619	0.11418	0.10322	0.08392	0.09089	0.01852	0.03581	0.09369	0.01128	0.01310	0.00859	0.00536	0.00506	0.00159	0.00680	0.00447	0.00330	0.09134
2	0.03543	0.11119	0.07191	0.03116	0.01506	0.08295	0.00930	0.07822	0.08755	0.16669	0.12833	0.01893	0.01706	0.02403	0.00576	0.00165	0.00547	0.00546	0.00465	0.09921
3	0.05546	0.01303	0.17017	0.05125	0.01590	0.03529	0.03957	0.03682	0.01263	0.14123	0.03592	0.14594	0.03428	0.08430	0.03578	0.00252	0.00619	0.07275	0.00430	0.00666
4	0.10062	0.07737	0.14746	0.03049	0.01546	0.02852	0.04129	0.01818	0.04795	0.19346	0.12918	0.06637	0.06456	0.00794	0.00554	0.00176	0.00532	0.00657	0.00466	0.00731
5	0.03633	0.16228	0.25479	0.01560	0.11357	0.01345	0.06018	0.01572	0.02795	0.01637	0.01329	0.09165	0.01252	0.04955	0.02274	0.00212	0.04419	0.03746	0.00304	0.00717
6	0.06547	0.36395	0.12148	0.01223	0.04533	0.04461	0.06033	0.01544	0.01153	0.01538	0.01301	0.16354	0.01313	0.00756	0.00521	0.00163	0.02418	0.00608	0.00308	0.00682
7	0.03868	0.09251	0.01241	0.00908	0.01126	0.00917	0.05886	0.07427	0.01374	0.01915	0.28630	0.08098	0.04782	0.13417	0.06077	0.00277	0.00520	0.00813	0.00460	0.03013
8	0.58071	0.12191	0.01221	0.06364	0.01357	0.01380	0.00746	0.05432	0.01090	0.02277	0.00949	0.05084	0.00815	0.00592	0.00396	0.00170	0.00485	0.00396	0.00347	0.00637
9	0.05941	0.41997	0.09670	0.01124	0.01598	0.08849	0.02064	0.08202	0.07077	0.07107	0.01085	0.01153	0.00862	0.00551	0.00443	0.00145	0.00639	0.00385	0.00337	0.00771
10	0.01302	0.14831	0.44566	0.02967	0.02051	0.04475	0.01589	0.09290	0.01334	0.01839	0.01148	0.06759	0.00958	0.00635	0.00542	0.00169	0.02032	0.00490	0.00297	0.02725
11	0.11922	0.14224	0.10916	0.01059	0.01489	0.02620	0.00984	0.10404	0.03353	0.24005	0.06307	0.03965	0.03148	0.00702	0.00544	0.00169	0.02388	0.00536	0.00472	0.00793
12	0.07327	0.05604	0.17051	0.01394	0.03059	0.07079	0.12057	0.02146	0.21242	0.08140	0.07907	0.01756	0.01450	0.00652	0.00554	0.00177	0.00640	0.00559	0.00417	0.00787
13	0.01440	0.23443	0.01809	0.01127	0.01372	0.10065	0.00938	0.11168	0.04216	0.01634	0.01112	0.01595	0.01039	0.12726	0.06316	0.00276	0.18256	0.00488	0.00322	0.00657
14	0.75280	0.05279	0.00986	0.00783	0.01144	0.01340	0.00654	0.05744	0.01062	0.02519	0.00815	0.00938	0.00635	0.00529	0.00361	0.00171	0.00454	0.00316	0.00355	0.00635
15	0.00726	0.00588	0.00653	0.00634	0.00814	0.00502	0.00473	0.00902	0.01341	0.01717	0.23155	0.10187	0.49369	0.01327	0.00656	0.00184	0.00290	0.01130	0.00537	0.04815
16	0.00968	0.00492	0.00726	0.00726	0.00726	0.00492	0.00480	0.00738	0.00738	0.00984	0.01025	0.01829	0.01042	0.06658	0.02239	0.78634	0.00492	0.00509	0.00250	0.00250
17	0.13505	0.00990	0.01239	0.00975	0.01391	0.00920	0.00802	0.02610	0.05974	0.62522	0.02030	0.01791	0.01307	0.00677	0.00537	0.00175	0.00471	0.00535	0.00642	0.00907
18	0.01303	0.01056	0.01373	0.01305	0.14570	0.00859	0.00864	0.01566	0.01219	0.07193	0.01097	0.01260	0.00884	0.00452	0.00452	0.00105	0.00465	0.00379	0.00350	0.63249
19	0.01134	0.01090	0.08776	0.01028	0.01419	0.00842	0.06370	0.01472	0.04128	0.05659	0.05618	0.01885	0.03523	0.04024	0.15519	0.00294	0.00699	0.00529	0.03255	0.32735
20	0.01801	0.01380	0.05199	0.01619	0.15584	0.03357	0.02349	0.22050	0.13378	0.17585	0.03776	0.01651	0.01251	0.00660	0.00590	0.00172	0.02426	0.00540	0.00497	0.04135
21	0.01493	0.20952	0.17459	0.06506	0.15485	0.04201	0.03461	0.01873	0.03884	0.11685	0.01214	0.03066	0.00954	0.00568	0.00504	0.00158	0.00658	0.00464	0.00334	0.05081
22	0.01483	0.09026	0.25542	0.07288	0.23607	0.01326	0.04056	0.04019	0.01318	0.13191	0.01200	0.01368	0.00886	0.00546	0.00534	0.00167	0.00692	0.00467	0.00334	0.02949

[dist]
# distance from previous block
# <min> <max>
26	46

[block]
# block no. 6 follows, 42 sequences, length 22
# corresponding to MSA columns:
# 437-458
name=unknown_G
#
# <colnr> <probs for GDERKNQSTAVLIFYWHMCP>
#	G	D	E	R	K	N	Q	S	T	A	V	L	I	F	Y	W	H	M	C	P
0	0.01605	0.28056	0.12635	0.03947	0.17865	0.08096	0.01316	0.09988	0.01413	0.07187	0.01053	0.01203	0.00833	0.00550	0.00508	0.00154	0.02046	0.00416	0.00322	0.00806
1	0.01676	0.14877	0.27305	0.01334	0.04217	0.01280	0.03913	0.04659	0.01381	0.25755	0.01489	0.01691	0.01097	0.00636	0.00534	0.00170	0.00647	0.04608	0.00417	0.02316
2	0.01342	0.15236	0.27470	0.01588	0.04121	0.07447	0.17624	0.01873	0.07983	0.03174	0.01417	0.01561	0.05502	0.00593	0.00545	0.00170	0.00754	0.00520	0.00310	0.00771
3	0.01269	0.01717	0.28926	0.01283	0.01770	0.01159	0.03451	0.17235	0.04686	0.02193	0.08247	0.04187	0.04756	0.00858	0.00604	0.00189	0.00625	0.13027	0.00424	0.03392
4	0.06789	0.55364	0.02436	0.01044	0.03464	0.05046	0.00942	0.01906	0.01242	0.15628	0.01063	0.01111	0.00846	0.00529	0.00410	0.00136	0.00588	0.00359	0.00336	0.00761
5	0.01160	0.00661	0.00826	0.00768	0.00871	0.00654	0.00526	0.01239	0.01061	0.16478	0.04810	0.14399	0.04571	0.42889	0.01882	0.00383	0.04984	0.00882	0.00449	0.00509
6	0.01448	0.68793	0.14218	0.01060	0.01595	0.02087	0.01132	0.01700	0.01150	0.01393	0.00817	0.00946	0.00721	0.00490	0.00387	0.00129	0.00637	0.00318	0.00240	0.00739
7	0.01380	0.01016	0.01654	0.57867	0.08567	0.01171	0.01427	0.01720	0.01234	0.16662	0.01249	0.01576	0.00889	0.00585	0.00563	0.00183	0.00690	0.00513	0.00342	0.00711
8	0.00934	0.00770	0.01195	0.34226	0.02261	0.00871	0.01118	0.01214	0.01184	0.01535	0.02156	0.17407	0.02262	0.01168	0.00675	0.00223	0.00583	0.29260	0.00404	0.00553
9	0.01220	0.11521	0.01139	0.00811	0.01050	0.00814	0.00658	0.01432	0.01430	0.16956	0.30898	0.10411	0.12906	0.01084	0.00615	0.00180	0.00378	0.05314	0.00556	0.00628
10	0.17811	0.02545	0.61947	0.01430	0.02165	0.01298	0.01784	0.01757	0.01142	0.01931	0.00964	0.01133	0.00692	0.00532	0.00497	0.00177	0.00752	0.00394	0.00260	0.00787
11	0.01199	0.01112	0.01728	0.47635	0.18482	0.01298	0.01462	0.01810	0.16134	0.01705	0.01271	0.01598	0.00974	0.00590	0.00564	0.00184	0.00672	0.00528	0.00321	0.00734
12	0.01404	0.01775	0.17289	0.02902	0.55030	0.08245	0.01740	0.01785	0.01291	0.01786	0.01032	0.01318	0.00841	0.00515	0.00548	0.00167	0.00733	0.00472	0.00271	0.00858
13	0.01039	0.16748	0.01292	0.00923	0.01148	0.01025	0.00780	0.01454	0.12348	0.01743	0.12106	0.11376	0.10462	0.01177	0.00631	0.00200	0.00449	0.24007	0.00484	0.00606
14	0.07847	0.01497	0.16621	0.01169	0.01682	0.01158	0.01117	0.18512	0.01711	0.40417	0.01684	0.01574	0.01105	0.00647	0.00544	0.00174	0.00578	0.00504	0.00550	0.00908
15	0.01231	0.01231	0.01724	0.01477	0.01477	0.01724	0.01231	0.01354	0.00862	0.01354	0.00739	0.01231	0.00739	0.00985	0.01847	0.00246	0.79192	0.00492	0.00246	0.00616
16	0.00682	0.00506	0.00636	0.00741	0.00805	0.00461	0.00503	0.00788	0.01119	0.01453	0.03624	0.64905	0.18335	0.01695	0.00708	0.00221	0.00318	0.01517	0.00522	0.00461
17	0.00829	0.00634	0.00777	0.00856	0.00946	0.00646	0.00596	0.01227	0.16063	0.01621	0.02939	0.64239	0.03320	0.01562	0.00689	0.00221	0.00350	0.01406	0.00532	0.00544
18	0.01093	0.00915	0.01084	0.00808	0.01235	0.00706	0.00640	0.01346	0.01253	0.01919	0.16146	0.01777	0.01733	0.00564	0.00466	0.00102	0.00386	0.00471	0.00391	0.66967
19	0.01628	0.17021	0.01603	0.00939	0.01416	0.01154	0.00799	0.08394	0.01395	0.18803	0.01262	0.01299	0.00948	0.00516	0.00452	0.00119	0.00486	0.00395	0.00417	0.40954
20	0.01110	0.01054	0.01749	0.64547	0.10748	0.01301	0.01549	0.01458	0.01117	0.01469	0.00982	0.01466	0.00763	0.00595	0.00678	0.00191	0.07820	0.00500	0.00252	0.00650
21	0.01062	0.00933	0.01457	0.01262	0.01456	0.00985	0.15582	0.07885	0.05824	0.01753	0.02208	0.40734	0.02397	0.01244	0.00824	0.00216	0.10105	0.03013	0.00448	0.00610

[dist]
# distance from previous block
# <min> <max>
4	11

[block]
# block no. 7 follows, 42 sequences, length 6
# corresponding to MSA columns:
# 471-476
name=unknown_H
#
# <colnr> <probs for GDERKNQSTAVLIFYWHMCP>
#	G	D	E	R	K	N	Q	S	T	A	V	L	I	F	Y	W	H	M	C	P
0	0.01743	0.01379	0.01466	0.01215	0.01594	0.01560	0.00974	0.36342	0.41785	0.02908	0.01854	0.01752	0.01365	0.00723	0.00568	0.00181	0.00526	0.00576	0.00568	0.00922
1	0.01621	0.01297	0.07345	0.01547	0.10903	0.01207	0.09446	0.02460	0.30832	0.20626	0.05269	0.01928	0.01526	0.00682	0.00581	0.00182	0.00559	0.00606	0.00511	0.00872
2	0.00815	0.00558	0.00675	0.00675	0.00696	0.00579	0.00417	0.00858	0.00836	0.01136	0.01717	0.03373	0.01912	0.64242	0.18661	0.00621	0.00748	0.00773	0.00333	0.00375
3	0.00973	0.00829	0.01127	0.01079	0.01112	0.01033	0.00844	0.01106	0.01003	0.01476	0.01932	0.33872	0.02163	0.01304	0.01189	0.00229	0.35172	0.04790	0.08230	0.00537
4	0.47243	0.29182	0.01623	0.00844	0.01247	0.01562	0.00755	0.01768	0.01085	0.09140	0.00919	0.01005	0.00723	0.00524	0.00373	0.00155	0.00498	0.00328	0.00343	0.00682
5	0.01558	0.21777	0.10765	0.09105	0.14463	0.01482	0.01243	0.07106	0.08959	0.13079	0.04236	0.01510	0.01149	0.00600	0.00512	0.00162	0.00608	0.00484	0.00387	0.00815

[dist]
# distance from previous block
# <min> <max>
0	2

[block]
# block no. 8 follows, 42 sequences, length 12
# corresponding to MSA columns:
# 479-490
name=unknown_I
#
# <colnr> <probs for GDERKNQSTAVLIFYWHMCP>
#	G	D	E	R	K	N	Q	S	T	A	V	L	I	F	Y	W	H	M	C	P
0	0.04947	0.01895	0.24904	0.04208	0.07355	0.06140	0.18905	0.07338	0.01355	0.08196	0.01126	0.01346	0.00834	0.00589	0.00690	0.00184	0.08373	0.00502	0.00324	0.00791
1	0.01125	0.02529	0.61392	0.01622	0.02356	0.01251	0.10359	0.01720	0.01230	0.01805	0.04996	0.01611	0.01078	0.00605	0.00567	0.00183	0.00802	0.03701	0.00275	0.00794
2	0.01009	0.00758	0.01060	0.12903	0.01454	0.00861	0.00810	0.03101	0.05308	0.04902	0.13600	0.02537	0.01996	0.13113	0.29524	0.00502	0.04936	0.00676	0.00387	0.00563
3	0.01550	0.74579	0.02845	0.01000	0.01467	0.08044	0.00972	0.01728	0.01178	0.01328	0.00789	0.00911	0.00722	0.00489	0.00372	0.00122	0.00634	0.00306	0.00245	0.00717
4	0.00804	0.00603	0.00904	0.00904	0.01005	0.00703	0.00703	0.01005	0.00904	0.01306	0.01507	0.02211	0.01407	0.04221	0.77992	0.00904	0.01507	0.00603	0.00301	0.00502
5	0.01314	0.01416	0.02895	0.05366	0.22491	0.01361	0.50117	0.01734	0.01300	0.01786	0.01180	0.04171	0.00958	0.00529	0.00634	0.00185	0.00846	0.00647	0.00290	0.00779
6	0.78869	0.01116	0.00987	0.00845	0.01207	0.01273	0.05372	0.01664	0.00982	0.02478	0.00806	0.00953	0.00625	0.00519	0.00369	0.00175	0.00468	0.00328	0.00344	0.00619
7	0.01147	0.01269	0.07570	0.62961	0.06824	0.05403	0.03953	0.01533	0.01169	0.01490	0.01001	0.01446	0.00756	0.00556	0.00561	0.00184	0.00774	0.00492	0.00254	0.00659
8	0.02155	0.01420	0.01582	0.01209	0.01660	0.01505	0.00998	0.56285	0.02354	0.17795	0.01499	0.01450	0.01035	0.00664	0.00555	0.00165	0.00580	0.00508	0.00575	0.06007
9	0.00978	0.00489	0.00733	0.00733	0.00733	0.00489	0.00489	0.00733	0.00733	0.00978	0.00978	0.01711	0.00978	0.01955	0.02199	0.83627	0.00489	0.00489	0.00244	0.00244
10	0.00928	0.00696	0.00817	0.00810	0.00978	0.00690	0.00631	0.05052	0.09416	0.01932	0.20464	0.11760	0.19922	0.03736	0.00729	0.00210	0.00370	0.14690	0.05603	0.00563
11	0.01551	0.06145	0.31126	0.01259	0.01801	0.01101	0.03688	0.02024	0.05204	0.24924	0.09192	0.02073	0.01598	0.00716	0.00569	0.00180	0.00618	0.04963	0.00453	0.00815

[dist]
# distance from previous block
# <min> <max>
8	20

[block]
# block no. 9 follows, 42 sequences, length 15
# corresponding to MSA columns:
# 512-526
name=unknown_J
#
# <colnr> <probs for GDERKNQSTAVLIFYWHMCP>
#	G	D	E	R	K	N	Q	S	T	A	V	L	I	F	Y	W	H	M	C	P
0	0.08059	0.40808	0.12692	0.01160	0.01637	0.01811	0.04500	0.11971	0.01362	0.01865	0.04561	0.01211	0.00974	0.00577	0.00518	0.00152	0.04674	0.00407	0.00315	0.00748
1	0.04868	0.01156	0.01594	0.01382	0.01408	0.01591	0.01146	0.01329	0.00871	0.01401	0.00825	0.01324	0.00806	0.01319	0.10120	0.00315	0.67188	0.00496	0.00257	0.00603
2	0.01405	0.16334	0.07989	0.12232	0.24972	0.01477	0.16431	0.03451	0.01283	0.05430	0.01074	0.01344	0.00845	0.00514	0.00538	0.00165	0.00719	0.00489	0.00295	0.03012
3	0.01106	0.00618	0.00723	0.00666	0.00837	0.00592	0.00509	0.03645	0.01431	0.08984	0.31396	0.02986	0.05156	0.00878	0.00529	0.00156	0.00295	0.00742	0.38172	0.00579
4	0.00859	0.00634	0.00872	0.00967	0.06974	0.00676	0.00606	0.00971	0.00892	0.01243	0.01603	0.02877	0.01683	0.41777	0.34264	0.00666	0.00960	0.00702	0.00319	0.00454
5	0.00766	0.00581	0.00715	0.00741	0.00861	0.00538	0.00530	0.01001	0.04882	0.01766	0.26504	0.36636	0.17065	0.01421	0.00676	0.00199	0.00308	0.01259	0.00550	0.03002
6	0.01167	0.01000	0.01167	0.00834	0.01334	0.00750	0.00667	0.01417	0.01167	0.01834	0.01000	0.01167	0.00834	0.00417	0.00417	0.00083	0.00417	0.00333	0.00333	0.83663
7	0.01367	0.01296	0.02125	0.09341	0.62541	0.01337	0.01622	0.01842	0.09419	0.01862	0.01189	0.01479	0.00970	0.00535	0.00559	0.00171	0.00651	0.00516	0.00308	0.00870
8	0.01254	0.01195	0.02033	0.35246	0.46008	0.01301	0.01658	0.01605	0.01216	0.01670	0.01034	0.01438	0.00832	0.00527	0.00559	0.00176	0.00703	0.00501	0.00267	0.00779
9	0.01153	0.00604	0.00656	0.00600	0.00788	0.00568	0.00459	0.01411	0.01235	0.07552	0.06302	0.02124	0.01615	0.00666	0.00425	0.00132	0.00293	0.00539	0.64407	0.08469
10	0.09872	0.00618	0.00687	0.00676	0.00838	0.00583	0.00504	0.01005	0.01351	0.01931	0.34788	0.14541	0.28095	0.01256	0.00637	0.00188	0.00299	0.01075	0.00545	0.00511
11	0.10399	0.01169	0.01478	0.01266	0.01372	0.01518	0.01033	0.07457	0.05568	0.03833	0.01028	0.01511	0.00945	0.08429	0.01562	0.00255	0.49694	0.00515	0.00325	0.00643
12	0.01304	0.01257	0.02087	0.21036	0.29800	0.01345	0.13762	0.01953	0.17920	0.01851	0.01334	0.01598	0.01036	0.00570	0.00580	0.00181	0.00685	0.00559	0.00339	0.00804
13	0.00867	0.00541	0.00705	0.00716	0.00757	0.00540	0.00487	0.00832	0.00885	0.01165	0.01979	0.03212	0.09835	0.28670	0.09448	0.31505	0.00586	0.06585	0.00335	0.00350
14	0.01353	0.03655	0.12120	0.01594	0.14372	0.04074	0.02905	0.02190	0.30394	0.05721	0.03437	0.05656	0.01645	0.00790	0.00586	0.00188	0.00574	0.07491	0.00449	0.00807

[dist]
# distance from previous block
# <min> <max>
0	1

[block]
# block no. 10 follows, 42 sequences, length 34
# corresponding to MSA columns:
# 528-561
name=unknown_K
#
# <colnr> <probs for GDERKNQSTAVLIFYWHMCP>
#	G	D	E	R	K	N	Q	S	T	A	V	L	I	F	Y	W	H	M	C	P
0	0.68700	0.01076	0.00937	0.00811	0.01156	0.01221	0.00669	0.01797	0.01047	0.13185	0.00988	0.01072	0.00728	0.00568	0.00448	0.00177	0.04016	0.00351	0.00394	0.00660
1	0.05137	0.01192	0.01627	0.01399	0.01422	0.01648	0.01164	0.01367	0.00881	0.01443	0.00791	0.01256	0.00765	0.00948	0.01710	0.00238	0.71895	0.00485	0.04022	0.00611
2	0.04732	0.10797	0.03953	0.02982	0.01678	0.06886	0.04330	0.18367	0.33631	0.04386	0.01630	0.01602	0.01223	0.00663	0.00535	0.00173	0.00583	0.00526	0.00476	0.00846
3	0.01393	0.01337	0.02284	0.03454	0.76712	0.01337	0.01727	0.01727	0.01281	0.01839	0.01059	0.01393	0.00891	0.00501	0.00557	0.00167	0.00669	0.00501	0.00279	0.00891
4	0.84197	0.01088	0.00827	0.00740	0.01088	0.01262	0.00609	0.01654	0.00958	0.02525	0.00784	0.00914	0.00609	0.00522	0.00348	0.00174	0.00435	0.00305	0.00348	0.00609
5	0.00796	0.00575	0.00752	0.00708	0.00841	0.00531	0.00531	0.01062	0.01593	0.02257	0.76415	0.04204	0.05310	0.01150	0.00664	0.00177	0.00265	0.01018	0.00619	0.00531
6	0.01357	0.01433	0.02707	0.02016	0.02400	0.01540	0.46549	0.06960	0.01279	0.01790	0.01030	0.01417	0.00826	0.00647	0.01024	0.00206	0.25198	0.00599	0.00293	0.00729
7	0.01945	0.00963	0.01403	0.18816	0.07387	0.00944	0.01028	0.02238	0.02876	0.46296	0.05166	0.01898	0.01395	0.00672	0.00561	0.00175	0.00534	0.00566	0.04300	0.00837
8	0.00682	0.00571	0.00594	0.00588	0.00771	0.00482	0.00441	0.00841	0.01323	0.01617	0.14952	0.05257	0.67173	0.01389	0.00665	0.00188	0.00282	0.01165	0.00535	0.00482
9	0.01128	0.02005	0.41172	0.32637	0.02931	0.01273	0.01777	0.04576	0.01218	0.01703	0.01092	0.04042	0.00842	0.00594	0.00553	0.00183	0.00773	0.00494	0.00266	0.00741
10	0.00747	0.00526	0.00658	0.00728	0.00766	0.00497	0.00466	0.00817	0.00994	0.01334	0.02583	0.51547	0.03059	0.28070	0.01429	0.00330	0.00403	0.01294	0.00455	0.03297
11	0.00905	0.00621	0.00694	0.00670	0.00713	0.00629	0.00406	0.06353	0.00985	0.01307	0.01959	0.06686	0.05129	0.67796	0.02513	0.00490	0.00531	0.00842	0.00373	0.00397
12	0.01167	0.01000	0.01167	0.00834	0.01334	0.00750	0.00667	0.01417	0.01167	0.01834	0.01000	0.01167	0.00834	0.00417	0.00417	0.00083	0.00417	0.00333	0.00333	0.83663
13	0.19629	0.04825	0.01881	0.12865	0.41077	0.01361	0.02724	0.03099	0.04032	0.01963	0.01031	0.01308	0.00834	0.00526	0.00506	0.00171	0.00621	0.00457	0.00305	0.00784
14	0.01053	0.00836	0.01036	0.00980	0.01161	0.00957	0.00756	0.04980	0.25016	0.01761	0.03497	0.04403	0.01665	0.05939	0.42631	0.00592	0.01026	0.00655	0.00415	0.00641
15	0.84197	0.01088	0.00827	0.00740	0.01088	0.01262	0.00609	0.01654	0.00958	0.02525	0.00784	0.00914	0.00609	0.00522	0.00348	0.00174	0.00435	0.00305	0.00348	0.00609
16	0.01231	0.01231	0.01724	0.01477	0.01477	0.01724	0.01231	0.01354	0.00862	0.01354	0.00739	0.01231	0.00739	0.00985	0.01847	0.00246	0.79192	0.00492	0.00246	0.00616
17	0.00702	0.00501	0.00671	0.00802	0.00842	0.00471	0.00550	0.00811	0.01093	0.01455	0.03093	0.74524	0.03687	0.01748	0.00723	0.00231	0.00340	0.06772	0.00522	0.00462
18	0.00793	0.00522	0.00668	0.00753	0.00826	0.00482	0.00518	0.00920	0.01147	0.04618	0.06619	0.61524	0.08917	0.01579	0.00680	0.00213	0.00322	0.01416	0.06996	0.00488
19	0.00686	0.00490	0.00653	0.00784	0.00816	0.00457	0.00522	0.00784	0.01077	0.01437	0.03102	0.79855	0.03722	0.01763	0.00718	0.00229	0.00326	0.01600	0.00522	0.00457
20	0.02139	0.01576	0.01689	0.01295	0.01745	0.01745	0.01070	0.74835	0.02646	0.03547	0.01351	0.01351	0.00957	0.00676	0.00563	0.00169	0.00619	0.00507	0.00563	0.00957
21	0.36566	0.01057	0.01134	0.00914	0.01314	0.01075	0.00754	0.07517	0.01413	0.40658	0.01558	0.01457	0.01035	0.00622	0.00475	0.00174	0.00471	0.00453	0.00542	0.00812
22	0.31293	0.01403	0.01383	0.01098	0.01512	0.01574	0.00906	0.48836	0.02046	0.03184	0.01149	0.01196	0.00834	0.00621	0.00487	0.00171	0.00554	0.00435	0.00487	0.00834
23	0.00755	0.00539	0.00733	0.00863	0.00926	0.00517	0.00643	0.00904	0.01146	0.01514	0.03063	0.56785	0.03570	0.01698	0.00737	0.00238	0.00387	0.23985	0.00521	0.00476
24	0.01505	0.80561	0.02949	0.00963	0.01444	0.02227	0.00963	0.01685	0.01143	0.01324	0.00782	0.00903	0.00722	0.00481	0.00361	0.00120	0.00602	0.00301	0.00241	0.00722
25	0.49957	0.01357	0.01089	0.00964	0.01247	0.14204	0.00775	0.05110	0.01148	0.02200	0.00895	0.01078	0.00722	0.00608	0.00579	0.00175	0.10548	0.00364	0.06354	0.00628
26	0.01397	0.01279	0.04835	0.01447	0.11772	0.01334	0.01037	0.09963	0.47302	0.02333	0.05639	0.02154	0.05479	0.00760	0.00577	0.00184	0.00495	0.00641	0.00516	0.00857
27	0.00868	0.00552	0.00665	0.00650	0.00776	0.00522	0.00482	0.01116	0.01412	0.02125	0.44707	0.09034	0.05910	0.01041	0.00579	0.00166	0.00269	0.00903	0.27701	0.00522
28	0.01249	0.01190	0.02024	0.36312	0.44978	0.01299	0.01656	0.01601	0.01213	0.01664	0.01033	0.01440	0.00830	0.00528	0.00560	0.00176	0.00704	0.00501	0.00266	0.00775
29	0.00733	0.00567	0.00612	0.00601	0.00771	0.00494	0.00451	0.00917	0.01352	0.01758	0.23180	0.04812	0.51783	0.01287	0.00640	0.00181	0.00278	0.01085	0.08005	0.00494
30	0.00978	0.00489	0.00733	0.00733	0.00733	0.00489	0.00489	0.00733	0.00733	0.00978	0.00978	0.01711	0.00978	0.01955	0.02199	0.83627	0.00489	0.00489	0.00244	0.00244
31	0.01734	0.49143	0.02410	0.04563	0.01637	0.09308	0.01012	0.15289	0.01497	0.07239	0.01010	0.01096	0.00816	0.00546	0.00436	0.00139	0.00643	0.00373	0.00338	0.00771
32	0.00785	0.00577	0.00739	0.00721	0.00856	0.00531	0.00548	0.01029	0.01513	0.02093	0.59439	0.07597	0.13394	0.01239	0.00675	0.00187	0.00290	0.06672	0.00596	0.00520
33	0.03209	0.01051	0.05219	0.00998	0.01231	0.09909	0.00814	0.01487	0.01147	0.13791	0.01648	0.09818	0.01490	0.04145	0.36932	0.00523	0.01026	0.00645	0.00387	0.04531

[dist]
# distance from previous block
# <min> <max>
0	6

[block]
# block no. 11 follows, 42 sequences, length 22
# corresponding to MSA columns:
# 568-589
name=unknown_L
#
# <colnr> <probs for GDERKNQSTAVLIFYWHMCP>
#	G	D	E	R	K	N	Q	S	T	A	V	L	I	F	Y	W	H	M	C	P
0	0.09565	0.19131	0.36468	0.03991	0.04554	0.01527	0.05893	0.01808	0.06388	0.01776	0.01029	0.01201	0.00792	0.00548	0.00532	0.00169	0.03159	0.00418	0.00278	0.00774
1	0.01184	0.01157	0.01857	0.52794	0.17785	0.03853	0.03919	0.01526	0.01156	0.01519	0.00990	0.01442	0.00779	0.00583	0.00668	0.00187	0.07161	0.00501	0.00258	0.00682
2	0.09599	0.01331	0.05287	0.13521	0.37473	0.01306	0.14550	0.01721	0.03637	0.01867	0.01101	0.01421	0.00874	0.00522	0.00550	0.00175	0.00693	0.00512	0.03073	0.00787
3	0.01046	0.00591	0.00741	0.00704	0.00852	0.00568	0.03583	0.01282	0.01242	0.06406	0.11111	0.17694	0.02334	0.00929	0.00512	0.00161	0.00317	0.00805	0.48575	0.00547
4	0.01134	0.01039	0.01814	0.12894	0.23914	0.01057	0.13517	0.01463	0.01266	0.01707	0.01837	0.05654	0.01820	0.00934	0.00662	0.00210	0.00661	0.27365	0.00372	0.00681
5	0.01063	0.01000	0.01688	0.78870	0.03876	0.01250	0.01563	0.01438	0.01125	0.01438	0.01000	0.01500	0.00750	0.00563	0.00563	0.00188	0.00750	0.00500	0.00250	0.00625
6	0.01081	0.00887	0.00979	0.00899	0.01132	0.00946	0.00690	0.04040	0.34885	0.02186	0.26423	0.05193	0.16318	0.01026	0.00621	0.00187	0.00362	0.00876	0.00577	0.00693
7	0.00804	0.00603	0.00904	0.00904	0.01005	0.00703	0.00703	0.01005	0.00904	0.01306	0.01507	0.02211	0.01407	0.04221	0.77992	0.00904	0.01507	0.00603	0.00301	0.00502
8	0.01477	0.06762	0.25955	0.01875	0.14536	0.01409	0.14248	0.13461	0.03982	0.06846	0.01325	0.01477	0.02894	0.00579	0.00561	0.00174	0.00727	0.00518	0.00352	0.00843
9	0.84197	0.01088	0.00827	0.00740	0.01088	0.01262	0.00609	0.01654	0.00958	0.02525	0.00784	0.00914	0.00609	0.00522	0.00348	0.00174	0.00435	0.00305	0.00348	0.00609
10	0.01231	0.01231	0.01724	0.01477	0.01477	0.01724	0.01231	0.01354	0.00862	0.01354	0.00739	0.01231	0.00739	0.00985	0.01847	0.00246	0.79192	0.00492	0.00246	0.00616
11	0.04214	0.01377	0.01644	0.01583	0.14403	0.01481	0.01106	0.38423	0.14848	0.12737	0.01563	0.01550	0.01125	0.00660	0.00558	0.00173	0.00574	0.00530	0.00528	0.00925
12	0.22794	0.07971	0.16418	0.01074	0.01563	0.05011	0.01045	0.02166	0.01323	0.33309	0.01432	0.01390	0.00972	0.00597	0.00485	0.00169	0.00575	0.00438	0.00460	0.00810
13	0.09867	0.00972	0.01254	0.00968	0.01399	0.00862	0.00798	0.02567	0.01526	0.65955	0.02019	0.01781	0.01289	0.00664	0.00537	0.00169	0.00471	0.00529	0.00644	0.05728
14	0.00781	0.00575	0.00730	0.00691	0.00831	0.00524	0.00519	0.01031	0.01556	0.02168	0.67884	0.04350	0.13896	0.01184	0.00664	0.00179	0.00268	0.01038	0.00608	0.00524
15	0.01084	0.01022	0.01726	0.74077	0.08505	0.01256	0.01573	0.01456	0.01135	0.01463	0.01004	0.01494	0.00759	0.00559	0.00562	0.00186	0.00745	0.00500	0.00252	0.00642
16	0.24747	0.46203	0.02082	0.00894	0.01319	0.01751	0.00831	0.03261	0.01167	0.08716	0.00968	0.01056	0.00786	0.00524	0.00382	0.00142	0.00531	0.00339	0.03593	0.00709
17	0.00824	0.00617	0.00714	0.00683	0.00843	0.00578	0.00519	0.01008	0.01339	0.04392	0.24314	0.07911	0.41847	0.01265	0.00715	0.00187	0.04868	0.01056	0.05803	0.00518
18	0.01727	0.01895	0.01902	0.01585	0.03692	0.36220	0.18919	0.06644	0.04652	0.04255	0.05518	0.01499	0.01149	0.00615	0.00581	0.00164	0.02263	0.00517	0.05494	0.00708
19	0.00816	0.00538	0.00624	0.00635	0.00638	0.00535	0.00365	0.00811	0.00836	0.01114	0.01841	0.10045	0.02128	0.69096	0.02644	0.05250	0.00524	0.00866	0.00351	0.00345
20	0.02159	0.01700	0.01541	0.01246	0.01638	0.21425	0.00999	0.38710	0.02108	0.17291	0.01416	0.01405	0.01002	0.00654	0.00542	0.00162	0.00680	0.00481	0.03983	0.00859
21	0.01660	0.01743	0.01594	0.04119	0.06066	0.30400	0.04106	0.06327	0.03624	0.04408	0.01039	0.01220	0.00838	0.00579	0.00624	0.00146	0.07877	0.00416	0.00335	0.22879

[dist]
# distance from previous block
# <min> <max>
0	3

[block]
# block no. 12 follows, 42 sequences, length 29
# corresponding to MSA columns:
# 593-621
name=unknown_M
#
# <colnr> <probs for GDERKNQSTAVLIFYWHMCP>
#	G	D	E	R	K	N	Q	S	T	A	V	L	I	F	Y	W	H	M	C	P
0	0.01517	0.66892	0.02679	0.00987	0.01457	0.02071	0.00949	0.05974	0.05937	0.01544	0.00922	0.01018	0.00804	0.00507	0.00389	0.00126	0.00583	0.00336	0.00285	0.05025
1	0.79984	0.01082	0.00852	0.00754	0.01106	0.01240	0.00621	0.01710	0.00991	0.06372	0.00858	0.00966	0.00650	0.00531	0.00359	0.00174	0.00438	0.00318	0.00366	0.00627
2	0.01581	0.05926	0.04191	0.22832	0.17131	0.01494	0.01339	0.26405	0.07577	0.04187	0.01250	0.01442	0.00938	0.00602	0.00550	0.00173	0.00653	0.00501	0.00397	0.00831
3	0.01291	0.01318	0.02426	0.18998	0.16870	0.01374	0.32164	0.01871	0.12138	0.01799	0.01251	0.01568	0.00962	0.00555	0.00641	0.00187	0.02913	0.00589	0.00317	0.00770
4	0.00818	0.00546	0.00614	0.00614	0.00614	0.00546	0.00341	0.00818	0.00818	0.01091	0.01773	0.03683	0.02046	0.80222	0.02864	0.00546	0.00546	0.00818	0.00341	0.00341
5	0.00885	0.00554	0.00737	0.00787	0.00880	0.00509	0.00553	0.01033	0.01247	0.08753	0.19995	0.54996	0.03870	0.01521	0.00691	0.00211	0.00327	0.01368	0.00561	0.00521
6	0.01996	0.01505	0.01608	0.01266	0.01691	0.01678	0.01035	0.60953	0.16761	0.03316	0.01533	0.01496	0.01104	0.00693	0.00565	0.00173	0.00586	0.00532	0.00565	0.00944
7	0.05220	0.00781	0.00899	0.00766	0.01032	0.00763	0.00609	0.06095	0.04584	0.26571	0.04614	0.02021	0.01514	0.00687	0.00475	0.00153	0.00369	0.00550	0.41587	0.00710
8	0.30399	0.01408	0.01392	0.01104	0.01519	0.01579	0.00911	0.49632	0.02065	0.03195	0.01156	0.01201	0.00837	0.00623	0.00489	0.00171	0.00556	0.00437	0.00489	0.00837
9	0.00815	0.00560	0.00688	0.00688	0.00713	0.00586	0.00433	0.00866	0.00840	0.01146	0.01706	0.03309	0.01884	0.60923	0.21942	0.00637	0.00790	0.00764	0.00331	0.00382
10	0.01505	0.80561	0.02949	0.00963	0.01444	0.02227	0.00963	0.01685	0.01143	0.01324	0.00782	0.00903	0.00722	0.00481	0.00361	0.00120	0.00602	0.00301	0.00241	0.00722
11	0.01063	0.01000	0.01688	0.78870	0.03876	0.01250	0.01563	0.01438	0.01125	0.01438	0.01000	0.01500	0.00750	0.00563	0.00563	0.00188	0.00750	0.00500	0.00250	0.00625
12	0.00861	0.00594	0.00734	0.00727	0.00771	0.00630	0.00476	0.00984	0.05153	0.01210	0.01674	0.03067	0.01783	0.50382	0.21664	0.07041	0.00778	0.00728	0.00337	0.00406
13	0.00878	0.00632	0.00734	0.00730	0.00901	0.00576	0.00554	0.04783	0.01366	0.05611	0.13342	0.20658	0.38438	0.01397	0.00675	0.00200	0.00338	0.07110	0.00545	0.00532
14	0.01134	0.01136	0.02092	0.57262	0.03561	0.01310	0.19593	0.01525	0.01166	0.01525	0.01025	0.01495	0.00775	0.00556	0.00633	0.00190	0.03564	0.00540	0.00258	0.00658
15	0.00738	0.00554	0.00795	0.00841	0.00919	0.00516	0.03923	0.00887	0.01194	0.01620	0.17928	0.60872	0.03914	0.01579	0.00705	0.00216	0.00343	0.01439	0.00531	0.00486
16	0.00978	0.00489	0.00733	0.00733	0.00733	0.00489	0.00489	0.00733	0.00733	0.00978	0.00978	0.01711	0.00978	0.01955	0.02199	0.83627	0.00489	0.00489	0.00244	0.00244
17	0.01539	0.73047	0.02842	0.01075	0.03924	0.06986	0.00996	0.01722	0.01177	0.01344	0.00797	0.00926	0.00728	0.00488	0.00377	0.00123	0.00630	0.00311	0.00245	0.00723
