[name]
unknown

[dist]
# distance from previous block
# <min> <max>
6	269

[block]
# block no. 0 follows, 50 sequences, length 18
# corresponding to MSA columns:
# 271-288
name=unknown_A
#
# <colnr> <probs for GDERKNQSTAVLIFYWHMCP>
#	G	D	E	R	K	N	Q	S	T	A	V	L	I	F	Y	W	H	M	C	P
0	0.06266	0.00825	0.01016	0.00825	0.01143	0.00752	0.00657	0.08141	0.02826	0.37907	0.04871	0.14061	0.03660	0.00748	0.00496	0.00149	0.00390	0.00624	0.00506	0.14137
1	0.01404	0.00785	0.00975	0.00823	0.01094	0.00736	0.00644	0.08961	0.07413	0.28569	0.11924	0.17376	0.04044	0.00901	0.02059	0.00168	0.00390	0.00720	0.00511	0.10505
2	0.04351	0.00700	0.00866	0.00757	0.00990	0.00645	0.00583	0.04500	0.04067	0.24016	0.14737	0.22512	0.02252	0.00890	0.00518	0.00156	0.00342	0.00768	0.05901	0.10449
3	0.01407	0.00738	0.00989	0.10118	0.01321	0.00713	0.00708	0.01717	0.08208	0.34560	0.17025	0.10969	0.07711	0.00835	0.00539	0.00164	0.00386	0.00716	0.00520	0.00657
4	0.09796	0.04516	0.01319	0.10298	0.01575	0.03022	0.03651	0.16338	0.16902	0.19926	0.03997	0.01511	0.01143	0.00689	0.02974	0.00176	0.00519	0.00478	0.00444	0.00725
5	0.03874	0.00920	0.01070	0.00900	0.01174	0.00939	0.02351	0.26392	0.06398	0.04427	0.14656	0.10350	0.06440	0.00841	0.00530	0.00157	0.00413	0.07165	0.00467	0.10534
6	0.08320	0.00863	0.01038	0.00855	0.01161	0.00854	0.00687	0.06810	0.15718	0.38385	0.17737	0.02043	0.01924	0.00698	0.00505	0.00157	0.00384	0.00574	0.00551	0.00735
7	0.01440	0.10582	0.02798	0.05514	0.01592	0.03178	0.11527	0.20430	0.07432	0.12500	0.04074	0.07260	0.01264	0.00753	0.02785	0.00176	0.02997	0.02598	0.00406	0.00695
8	0.18300	0.00875	0.01060	0.00825	0.01202	0.00799	0.00679	0.02107	0.01269	0.55681	0.01595	0.01448	0.01042	0.00558	0.00449	0.00145	0.00410	0.00433	0.00520	0.10603
9	0.01083	0.01881	0.43442	0.13913	0.19047	0.01172	0.01607	0.03756	0.06374	0.01622	0.00988	0.01193	0.00738	0.00488	0.00485	0.00158	0.00666	0.00412	0.00248	0.00727
10	0.00965	0.00653	0.00774	0.00703	0.00885	0.00639	0.00534	0.01384	0.16023	0.10837	0.36880	0.03301	0.17225	0.06143	0.00687	0.00182	0.00306	0.00807	0.00517	0.00555
11	0.00738	0.00557	0.00732	0.00700	0.00816	0.00568	0.00515	0.00873	0.00857	0.01204	0.03198	0.04726	0.08600	0.21324	0.41954	0.00555	0.00875	0.00630	0.00307	0.10270
12	0.00731	0.00526	0.00664	0.09925	0.00914	0.00548	0.00458	0.00789	0.00799	0.01056	0.01743	0.12054	0.04592	0.58599	0.04246	0.00412	0.00498	0.00777	0.00316	0.00351
13	0.01218	0.01316	0.06313	0.15774	0.16442	0.08012	0.14350	0.03827	0.16497	0.01613	0.01120	0.01340	0.00874	0.00549	0.00620	0.00165	0.08511	0.00477	0.00298	0.00684
14	0.01070	0.14345	0.59504	0.01415	0.02079	0.01290	0.10471	0.01568	0.01061	0.01520	0.00878	0.01049	0.00647	0.00460	0.00464	0.00151	0.00718	0.00379	0.00216	0.00715
15	0.01410	0.18951	0.01762	0.01352	0.09960	0.18031	0.06273	0.05498	0.25491	0.01641	0.01199	0.01267	0.00952	0.00549	0.00500	0.00146	0.03559	0.00428	0.00334	0.00698
16	0.00725	0.00483	0.00544	0.00544	0.00544	0.00483	0.00302	0.00725	0.00725	0.00966	0.01571	0.03262	0.01812	0.82483	0.02537	0.00483	0.00483	0.00725	0.00302	0.00302
17	0.01517	0.40943	0.07288	0.01033	0.01415	0.24293	0.00937	0.01814	0.08318	0.06814	0.00942	0.01006	0.00763	0.00491	0.00398	0.00125	0.00631	0.00333	0.00281	0.00657

[dist]
# distance from previous block
# <min> <max>
13	18

[block]
# block no. 1 follows, 50 sequences, length 13
# corresponding to MSA columns:
# 308-320
name=unknown_B
#
# <colnr> <probs for GDERKNQSTAVLIFYWHMCP>
#	G	D	E	R	K	N	Q	S	T	A	V	L	I	F	Y	W	H	M	C	P
0	0.01129	0.12043	0.54228	0.01426	0.02069	0.01299	0.12134	0.07064	0.01158	0.01645	0.00908	0.01073	0.00665	0.00469	0.00473	0.00152	0.00713	0.00392	0.00237	0.00724
1	0.00793	0.00619	0.00883	0.16749	0.01397	0.00652	0.00780	0.01066	0.03611	0.01590	0.24348	0.10580	0.05385	0.01090	0.00609	0.00190	0.00412	0.28324	0.00440	0.00486
2	0.69362	0.00978	0.00839	0.00719	0.01043	0.01096	0.00592	0.06707	0.01025	0.12470	0.00895	0.00952	0.00652	0.00492	0.00347	0.00154	0.00402	0.00312	0.00362	0.00601
3	0.01390	0.07415	0.18351	0.01984	0.36309	0.01175	0.01343	0.04639	0.05645	0.15203	0.01161	0.01278	0.00866	0.00498	0.00479	0.00149	0.00576	0.00432	0.00325	0.00780
4	0.00797	0.00457	0.00598	0.00598	0.00598	0.00457	0.00369	0.00686	0.00686	0.00915	0.01208	0.02364	0.01326	0.40972	0.02234	0.44185	0.00457	0.00575	0.00258	0.00258
5	0.06844	0.01579	0.22387	0.01386	0.12822	0.10065	0.01158	0.08051	0.10114	0.10682	0.08860	0.01486	0.01239	0.00577	0.00483	0.00153	0.00572	0.00464	0.00364	0.00715
6	0.01038	0.00914	0.01490	0.01234	0.01342	0.01091	0.15467	0.01125	0.00846	0.03067	0.00981	0.08042	0.00961	0.01052	0.01403	0.21448	0.37213	0.00548	0.00254	0.00483
7	0.01159	0.03797	0.01286	0.01035	0.01313	0.01072	0.09407	0.06968	0.39875	0.03738	0.22296	0.02213	0.02199	0.00723	0.00531	0.00162	0.00418	0.00637	0.00481	0.00691
8	0.03954	0.00977	0.04730	0.00886	0.01274	0.00831	0.00753	0.09279	0.05016	0.40896	0.07314	0.01614	0.01318	0.00585	0.00474	0.00138	0.00422	0.00473	0.00501	0.18564
9	0.76481	0.01013	0.00819	0.00711	0.01030	0.01167	0.00586	0.10097	0.01018	0.02339	0.00751	0.00854	0.00575	0.00478	0.00330	0.00154	0.00404	0.00290	0.00330	0.00575
10	0.01152	0.16345	0.19779	0.01752	0.27697	0.01191	0.03797	0.01482	0.02696	0.05058	0.01226	0.11783	0.01130	0.00625	0.00483	0.00153	0.00569	0.02105	0.00287	0.00692
11	0.00935	0.00639	0.00856	0.00792	0.00875	0.00707	0.00594	0.09525	0.01021	0.01417	0.14169	0.04428	0.01664	0.04216	0.16713	0.31815	0.08325	0.00572	0.00324	0.00414
12	0.00828	0.09879	0.00960	0.00738	0.00814	0.00804	0.00546	0.00913	0.00785	0.01073	0.01303	0.02351	0.01383	0.40185	0.26469	0.00512	0.09191	0.00584	0.00272	0.00410

[dist]
# distance from previous block
# <min> <max>
1	6

[block]
# block no. 2 follows, 50 sequences, length 26
# corresponding to MSA columns:
# 327-352
name=unknown_C
#
# <colnr> <probs for GDERKNQSTAVLIFYWHMCP>
#	G	D	E	R	K	N	Q	S	T	A	V	L	I	F	Y	W	H	M	C	P
0	0.07307	0.13811	0.13118	0.01273	0.10030	0.04873	0.01055	0.19939	0.07889	0.14214	0.01184	0.01213	0.00865	0.00533	0.00453	0.00146	0.00551	0.00409	0.00381	0.00756
1	0.01502	0.65067	0.02314	0.00889	0.01297	0.07495	0.00843	0.01664	0.01102	0.12560	0.00883	0.00937	0.00726	0.00460	0.00356	0.00115	0.00544	0.00305	0.00275	0.00665
2	0.01172	0.01124	0.01894	0.02641	0.61478	0.01156	0.05104	0.01477	0.03341	0.01581	0.01090	0.07432	0.00991	0.00567	0.00595	0.00159	0.06664	0.00528	0.00269	0.00736
3	0.59547	0.00927	0.00867	0.00729	0.01061	0.00996	0.00601	0.01770	0.01031	0.26708	0.01096	0.01090	0.00759	0.00511	0.00369	0.00154	0.00398	0.00343	0.00406	0.00637
4	0.00638	0.00503	0.00562	0.00593	0.00717	0.00448	0.00442	0.00760	0.01068	0.01315	0.04016	0.14602	0.49756	0.10439	0.00828	0.00217	0.00313	0.11927	0.00444	0.00411
5	0.01157	0.01227	0.02476	0.05453	0.24148	0.01185	0.47753	0.01526	0.01156	0.01585	0.01097	0.01611	0.00909	0.00497	0.00565	0.00167	0.00737	0.05803	0.00264	0.00686
6	0.01277	0.01015	0.01097	0.00978	0.01256	0.01148	0.00762	0.02513	0.67305	0.07916	0.07400	0.01977	0.01722	0.00696	0.00512	0.00167	0.00386	0.00582	0.00518	0.00771
7	0.04889	0.01293	0.01523	0.01495	0.17147	0.01415	0.01027	0.49295	0.12362	0.02659	0.01238	0.01279	0.00916	0.00573	0.00491	0.00152	0.00530	0.00457	0.00442	0.00816
8	0.01043	0.05312	0.51353	0.01507	0.03586	0.01170	0.17551	0.01571	0.03644	0.01611	0.06109	0.01310	0.00959	0.00503	0.00500	0.00158	0.00703	0.00453	0.00252	0.00704
9	0.01344	0.75565	0.02511	0.04085	0.01378	0.03872	0.00879	0.03326	0.01054	0.01225	0.00715	0.00833	0.00646	0.00436	0.00334	0.00111	0.00548	0.00279	0.00221	0.00640
10	0.01994	0.00910	0.01134	0.00923	0.01264	0.04638	0.00764	0.05857	0.01430	0.60838	0.01968	0.02202	0.01423	0.00721	0.00526	0.00164	0.00458	0.11435	0.00571	0.00779
11	0.00979	0.00924	0.01563	0.71238	0.13186	0.01117	0.01403	0.01306	0.01014	0.01319	0.00893	0.01317	0.00681	0.00491	0.00498	0.00164	0.00655	0.00443	0.00225	0.00584
12	0.00725	0.00483	0.00544	0.00544	0.00544	0.00483	0.00302	0.00725	0.00725	0.00966	0.01571	0.03262	0.01812	0.82483	0.02537	0.00483	0.00483	0.00725	0.00302	0.00302
13	0.00767	0.00613	0.00899	0.00867	0.00941	0.00750	0.00682	0.00930	0.00793	0.01158	0.01243	0.01870	0.01177	0.05591	0.66831	0.00707	0.12939	0.00525	0.00261	0.00455
14	0.36632	0.00964	0.01025	0.00824	0.01180	0.00993	0.00680	0.11434	0.01303	0.38302	0.01347	0.01270	0.00900	0.00551	0.00422	0.00154	0.00424	0.00400	0.00475	0.00721
15	0.00866	0.00537	0.00649	0.00646	0.00797	0.00474	0.00476	0.00992	0.01105	0.13948	0.03584	0.31369	0.36594	0.01370	0.04017	0.00205	0.00339	0.01069	0.00479	0.00485
16	0.01727	0.01301	0.01389	0.01095	0.01464	0.01442	0.00895	0.62023	0.14408	0.02886	0.01516	0.01477	0.04755	0.00643	0.00504	0.00154	0.00510	0.00496	0.00498	0.00818
17	0.02107	0.00889	0.01163	0.00903	0.01275	0.00810	0.00742	0.08105	0.05264	0.67313	0.04682	0.01739	0.01343	0.00633	0.00504	0.00155	0.00425	0.00515	0.00600	0.00832
18	0.01193	0.01057	0.01643	0.02189	0.49972	0.00985	0.01178	0.01460	0.01126	0.04641	0.03770	0.01281	0.00932	0.00449	0.00460	0.00126	0.00506	0.00418	0.00286	0.26331
19	0.00689	0.00490	0.00635	0.00722	0.00770	0.00478	0.00514	0.00823	0.02895	0.01281	0.02476	0.47950	0.02869	0.17277	0.01015	0.00262	0.00367	0.17647	0.00432	0.00406
20	0.03084	0.44483	0.01978	0.00992	0.04273	0.07327	0.00848	0.04542	0.08500	0.14982	0.01080	0.01102	0.00841	0.00495	0.00393	0.00125	0.00522	0.00354	0.00330	0.03746
21	0.01319	0.01444	0.12206	0.02378	0.48009	0.04615	0.06162	0.10471	0.04062	0.03036	0.01015	0.01228	0.00800	0.00478	0.00496	0.00151	0.00625	0.00444	0.00287	0.00774
22	0.01144	0.00936	0.04022	0.00969	0.07052	0.00771	0.00728	0.03779	0.07824	0.08763	0.14272	0.01638	0.01521	0.00544	0.00447	0.00114	0.00390	0.00457	0.00384	0.44244
23	0.00920	0.00530	0.00649	0.00630	0.00698	0.00511	0.00408	0.00974	0.00878	0.12449	0.01895	0.16544	0.03649	0.51458	0.05342	0.00395	0.00474	0.00810	0.00377	0.00408
24	0.01616	0.15464	0.01576	0.01149	0.03076	0.28839	0.00908	0.19744	0.18029	0.01867	0.02331	0.01207	0.00943	0.00560	0.00454	0.00139	0.00630	0.00405	0.00364	0.00699
25	0.01744	0.01970	0.01459	0.01261	0.01558	0.51717	0.04651	0.14956	0.12728	0.01691	0.01037	0.01110	0.00810	0.00547	0.00473	0.00140	0.00763	0.00391	0.00334	0.00659

[dist]
# distance from previous block
# <min> <max>
0	2

[block]
# block no. 3 follows, 50 sequences, length 15
# corresponding to MSA columns:
# 355-369
name=unknown_D
#
# <colnr> <probs for GDERKNQSTAVLIFYWHMCP>
#	G	D	E	R	K	N	Q	S	T	A	V	L	I	F	Y	W	H	M	C	P
0	0.33207	0.40471	0.03158	0.00856	0.02767	0.04188	0.00767	0.03230	0.01017	0.05447	0.00778	0.00872	0.00639	0.00457	0.00339	0.00130	0.00490	0.00290	0.00277	0.00620
1	0.09225	0.01224	0.01818	0.04079	0.53344	0.07011	0.05502	0.01639	0.01155	0.08837	0.01000	0.01220	0.00792	0.00467	0.00479	0.00149	0.00595	0.00432	0.00287	0.00745
2	0.01300	0.59284	0.03976	0.01002	0.05570	0.04305	0.00884	0.01583	0.07267	0.01326	0.00840	0.00940	0.00728	0.00446	0.00357	0.00113	0.00526	0.00307	0.00248	0.08998
3	0.00618	0.00439	0.00579	0.00682	0.00712	0.00412	0.00453	0.00704	0.00954	0.01276	0.05091	0.74619	0.03246	0.06728	0.00756	0.00219	0.00300	0.01356	0.00455	0.00400
4	0.00698	0.00514	0.00679	0.00661	0.00761	0.00515	0.00491	0.00878	0.01114	0.01551	0.38281	0.03223	0.10977	0.10837	0.26167	0.00398	0.00613	0.00781	0.00423	0.00439
5	0.00622	0.00460	0.00581	0.00648	0.00718	0.00420	0.00449	0.00743	0.01070	0.01419	0.17142	0.54004	0.17079	0.01409	0.00619	0.00188	0.00273	0.01258	0.00478	0.00420
6	0.01494	0.01355	0.02229	0.01636	0.02084	0.01385	0.40651	0.34991	0.05054	0.02295	0.01135	0.01302	0.00830	0.00509	0.00545	0.00160	0.00693	0.00526	0.00371	0.00754
7	0.00708	0.00515	0.00725	0.00732	0.00796	0.00576	0.00536	0.00838	0.00793	0.01119	0.01482	0.07402	0.01513	0.22493	0.56689	0.00687	0.01064	0.00636	0.00288	0.00408
8	0.01104	0.00858	0.00994	0.00907	0.01104	0.00925	0.02179	0.18848	0.22715	0.01951	0.05805	0.29032	0.02160	0.06227	0.00689	0.00197	0.00403	0.02814	0.00473	0.00615
9	0.00735	0.00545	0.00691	0.00660	0.00790	0.00517	0.00504	0.01029	0.05754	0.01930	0.65095	0.03808	0.09169	0.01038	0.00590	0.00163	0.00260	0.05704	0.00535	0.00485
10	0.01199	0.01221	0.02296	0.07022	0.49991	0.01205	0.26510	0.01538	0.01141	0.01599	0.00958	0.01275	0.00772	0.00439	0.00525	0.00156	0.00678	0.00491	0.00247	0.00738
11	0.01101	0.01120	0.01329	0.01172	0.01209	0.10712	0.00941	0.01205	0.00848	0.01180	0.00899	0.05272	0.00929	0.09053	0.06015	0.00266	0.55488	0.00504	0.00246	0.00513
12	0.01000	0.02578	0.79900	0.01421	0.02157	0.01158	0.01842	0.01579	0.01052	0.01579	0.00895	0.01052	0.00631	0.00474	0.00474	0.00158	0.00737	0.00368	0.00210	0.00737
13	0.05850	0.01303	0.02702	0.02144	0.12351	0.01243	0.63584	0.01581	0.01153	0.01636	0.00982	0.01301	0.00749	0.00426	0.00561	0.00165	0.00784	0.00552	0.00255	0.00680
14	0.01309	0.17253	0.01809	0.12543	0.26538	0.14485	0.03117	0.01544	0.01145	0.05204	0.04336	0.01286	0.00939	0.00703	0.05585	0.00182	0.00672	0.00421	0.00271	0.00657

[dist]
# distance from previous block
# <min> <max>
0	2

[block]
# block no. 4 follows, 50 sequences, length 12
# corresponding to MSA columns:
# 372-383
name=unknown_E
#
# <colnr> <probs for GDERKNQSTAVLIFYWHMCP>
#	G	D	E	R	K	N	Q	S	T	A	V	L	I	F	Y	W	H	M	C	P
0	0.00874	0.00580	0.00697	0.00696	0.00844	0.00533	0.00514	0.06023	0.01162	0.09485	0.03228	0.38953	0.26504	0.01268	0.00594	0.00181	0.00318	0.04331	0.00476	0.02736
1	0.01230	0.68875	0.02262	0.00801	0.01155	0.01721	0.00760	0.01363	0.00964	0.01138	0.00841	0.01216	0.00838	0.14293	0.00695	0.00170	0.00525	0.00344	0.00228	0.00583
2	0.00929	0.00465	0.00465	0.00465	0.00581	0.00465	0.00348	0.01161	0.01045	0.01858	0.01626	0.01858	0.01278	0.00581	0.00348	0.00116	0.00232	0.00465	0.85250	0.00465
3	0.86003	0.00964	0.00733	0.00655	0.00964	0.01118	0.00540	0.01465	0.00848	0.02236	0.00694	0.00810	0.00540	0.00463	0.00308	0.00154	0.00386	0.00270	0.00308	0.00540
4	0.86003	0.00964	0.00733	0.00655	0.00964	0.01118	0.00540	0.01465	0.00848	0.02236	0.00694	0.00810	0.00540	0.00463	0.00308	0.00154	0.00386	0.00270	0.00308	0.00540
5	0.16366	0.00910	0.01111	0.00868	0.01241	0.00860	0.00717	0.08047	0.01399	0.60745	0.01692	0.01508	0.01087	0.00589	0.00468	0.00154	0.00427	0.00458	0.00556	0.00796
6	0.00712	0.00534	0.00801	0.00801	0.00890	0.00623	0.00623	0.00890	0.00801	0.01157	0.01335	0.01958	0.01246	0.03738	0.80507	0.00801	0.01335	0.00534	0.00267	0.00445
7	0.00606	0.00506	0.00528	0.00523	0.00684	0.00428	0.00392	0.00748	0.01176	0.01441	0.15734	0.04642	0.68427	0.01227	0.00589	0.00167	0.00250	0.01030	0.00475	0.00428
8	0.01234	0.01184	0.02023	0.03059	0.79373	0.01184	0.01530	0.01530	0.01135	0.01628	0.00938	0.01234	0.00790	0.00444	0.00493	0.00148	0.00592	0.00444	0.00247	0.00790
9	0.00613	0.00438	0.00584	0.00690	0.00724	0.00409	0.00463	0.00709	0.00982	0.01317	0.07449	0.77328	0.03383	0.01528	0.00633	0.00200	0.00286	0.01385	0.00468	0.00409
10	0.00790	0.00512	0.00672	0.00734	0.00816	0.00486	0.00523	0.00967	0.04615	0.07762	0.08507	0.60803	0.03127	0.01390	0.00619	0.00195	0.00312	0.06218	0.00484	0.00467
11	0.18189	0.01027	0.01008	0.00781	0.01172	0.06920	0.00621	0.01439	0.05783	0.01745	0.00909	0.01029	0.00739	0.00418	0.00372	0.00100	0.00415	0.00309	0.00308	0.56716

[dist]
# distance from previous block
# <min> <max>
1	4

[block]
# block no. 5 follows, 50 sequences, length 23
# corresponding to MSA columns:
# 388-410
name=unknown_F
#
# <colnr> <probs for GDERKNQSTAVLIFYWHMCP>
#	G	D	E	R	K	N	Q	S	T	A	V	L	I	F	Y	W	H	M	C	P
0	0.00832	0.00636	0.00739	0.00722	0.00839	0.00662	0.00517	0.01276	0.20667	0.01596	0.21917	0.15046	0.05120	0.22576	0.01095	0.00257	0.00360	0.04195	0.00453	0.00495
1	0.01280	0.67933	0.08824	0.00932	0.01387	0.01792	0.03412	0.01487	0.01023	0.01251	0.00733	0.00854	0.00650	0.00426	0.00345	0.00111	0.00548	0.00287	0.00220	0.06507
2	0.01328	0.01171	0.02218	0.01638	0.02064	0.01116	0.47571	0.06538	0.06602	0.12634	0.01366	0.05898	0.01085	0.00567	0.00563	0.00166	0.00676	0.02989	0.00356	0.03456
3	0.01581	0.13447	0.16440	0.01369	0.12675	0.01241	0.02641	0.14586	0.06603	0.22615	0.01285	0.01297	0.00914	0.00534	0.00470	0.00147	0.00550	0.00430	0.00393	0.00780
4	0.03317	0.01413	0.01531	0.01611	0.20333	0.17617	0.03940	0.15260	0.19229	0.08774	0.01287	0.01338	0.00970	0.00553	0.00489	0.00151	0.00593	0.00454	0.00387	0.00751
5	0.00725	0.00483	0.00544	0.00544	0.00544	0.00483	0.00302	0.00725	0.00725	0.00966	0.01571	0.03262	0.01812	0.82483	0.02537	0.00483	0.00483	0.00725	0.00302	0.00302
6	0.69442	0.01049	0.00883	0.00752	0.01079	0.01202	0.00620	0.16479	0.01143	0.02415	0.00793	0.00886	0.00600	0.00489	0.00346	0.00153	0.00418	0.00305	0.00346	0.00600
7	0.86003	0.00964	0.00733	0.00655	0.00964	0.01118	0.00540	0.01465	0.00848	0.02236	0.00694	0.00810	0.00540	0.00463	0.00308	0.00154	0.00386	0.00270	0.00308	0.00540
8	0.01280	0.58711	0.22752	0.01003	0.01508	0.01712	0.01107	0.01551	0.01039	0.04264	0.00794	0.00900	0.00660	0.00446	0.00367	0.00122	0.00582	0.00302	0.00228	0.00673
9	0.01626	0.01230	0.01325	0.01082	0.01427	0.01374	0.00877	0.44726	0.30772	0.05197	0.01579	0.01601	0.01177	0.00653	0.00508	0.00160	0.00484	0.02886	0.00504	0.00813
10	0.01051	0.00953	0.04816	0.00774	0.01217	0.00682	0.00651	0.01285	0.01043	0.03697	0.00971	0.03491	0.00823	0.00417	0.00386	0.00084	0.00386	0.00338	0.00305	0.76631
11	0.00712	0.00534	0.00801	0.00801	0.00890	0.00623	0.00623	0.00890	0.00801	0.01157	0.01335	0.01958	0.01246	0.03738	0.80507	0.00801	0.01335	0.00534	0.00267	0.00445
12	0.06737	0.01340	0.01525	0.02837	0.03977	0.11935	0.09144	0.31624	0.01705	0.22284	0.01274	0.01282	0.00886	0.00558	0.00491	0.00150	0.00590	0.00449	0.00446	0.00767
13	0.00651	0.00505	0.00592	0.00576	0.00713	0.00446	0.00430	0.00833	0.01274	0.01687	0.43911	0.06904	0.37395	0.01145	0.00590	0.00163	0.00245	0.00985	0.00508	0.00446
14	0.00803	0.00574	0.00803	0.00918	0.01033	0.00574	0.00803	0.01033	0.01147	0.01492	0.02639	0.05622	0.02869	0.01377	0.00688	0.00229	0.00459	0.76018	0.00459	0.00459
15	0.00725	0.00483	0.00544	0.00544	0.00544	0.00483	0.00302	0.00725	0.00725	0.00966	0.01571	0.03262	0.01812	0.82483	0.02537	0.00483	0.00483	0.00725	0.00302	0.00302
16	0.86003	0.00964	0.00733	0.00655	0.00964	0.01118	0.00540	0.01465	0.00848	0.02236	0.00694	0.00810	0.00540	0.00463	0.00308	0.00154	0.00386	0.00270	0.00308	0.00540
17	0.01034	0.00886	0.01034	0.00738	0.01181	0.00664	0.00591	0.01255	0.01034	0.01624	0.00886	0.01034	0.00738	0.00369	0.00369	0.00074	0.00369	0.00295	0.00295	0.85530
18	0.01333	0.82783	0.02612	0.00853	0.01279	0.01972	0.00853	0.01493	0.01013	0.01173	0.00693	0.00800	0.00640	0.00426	0.00320	0.00107	0.00533	0.00267	0.00213	0.00640
19	0.00731	0.00570	0.00662	0.00689	0.04240	0.00509	0.00484	0.03361	0.01229	0.03689	0.20201	0.09708	0.49807	0.01156	0.00583	0.00166	0.00281	0.00984	0.00477	0.00472
20	0.00929	0.00465	0.00465	0.00465	0.00581	0.00465	0.00348	0.01161	0.01045	0.01858	0.01626	0.01858	0.01278	0.00581	0.00348	0.00116	0.00232	0.00465	0.85250	0.00465
21	0.86003	0.00964	0.00733	0.00655	0.00964	0.01118	0.00540	0.01465	0.00848	0.02236	0.00694	0.00810	0.00540	0.00463	0.00308	0.00154	0.00386	0.00270	0.00308	0.00540
22	0.01655	0.01197	0.01302	0.01056	0.01392	0.02884	0.00857	0.44469	0.18035	0.09945	0.03212	0.01584	0.01180	0.00864	0.06194	0.00202	0.00558	0.02139	0.00491	0.00784

[dist]
# distance from previous block
# <min> <max>
0	1

[block]
# block no. 6 follows, 50 sequences, length 12
# corresponding to MSA columns:
# 412-423
name=unknown_G
#
# <colnr> <probs for GDERKNQSTAVLIFYWHMCP>
#	G	D	E	R	K	N	Q	S	T	A	V	L	I	F	Y	W	H	M	C	P
0	0.01393	0.01489	0.03877	0.01069	0.01321	0.29254	0.00847	0.03633	0.27358	0.03849	0.15078	0.01764	0.01677	0.00678	0.00553	0.00154	0.04435	0.00520	0.00404	0.00647
1	0.01331	0.01125	0.01743	0.22983	0.41380	0.01202	0.01343	0.14976	0.01329	0.06254	0.01029	0.01278	0.00793	0.00495	0.00496	0.00153	0.00594	0.00448	0.00306	0.00742
2	0.01076	0.01017	0.01720	0.38276	0.41321	0.01116	0.01413	0.01386	0.01086	0.01486	0.04644	0.01395	0.00920	0.00496	0.00500	0.00157	0.00608	0.00465	0.00250	0.00668
3	0.01133	0.00971	0.01028	0.00933	0.01191	0.01099	0.00723	0.02323	0.64826	0.02000	0.07744	0.02304	0.10033	0.00763	0.00522	0.00168	0.00368	0.00639	0.00505	0.00727
4	0.01091	0.01091	0.01527	0.01309	0.01309	0.01527	0.01091	0.01200	0.00763	0.01200	0.00654	0.01091	0.00654	0.00872	0.01636	0.00218	0.81570	0.00436	0.00218	0.00545
5	0.01211	0.00630	0.00817	0.00734	0.00931	0.00577	0.00562	0.01454	0.05011	0.27184	0.28913	0.19219	0.06384	0.00982	0.00559	0.00165	0.00316	0.00856	0.02898	0.00593
6	0.00589	0.00505	0.00505	0.00505	0.00673	0.00421	0.00379	0.00715	0.01136	0.01347	0.05049	0.04797	0.79171	0.01262	0.00589	0.00168	0.00252	0.01052	0.00463	0.00421
7	0.00728	0.00474	0.00584	0.00629	0.00657	0.00456	0.00395	0.00777	0.00861	0.04197	0.02145	0.40697	0.02495	0.40817	0.01554	0.00337	0.00389	0.01045	0.00391	0.00372
8	0.07492	0.01897	0.05978	0.01237	0.01472	0.45616	0.01006	0.04374	0.04791	0.01413	0.00818	0.01001	0.00685	0.00601	0.00720	0.00155	0.19517	0.00362	0.00269	0.00596
9	0.00923	0.05512	0.01050	0.00891	0.01013	0.02558	0.00713	0.04985	0.00915	0.03323	0.01215	0.01752	0.01119	0.05373	0.55265	0.00611	0.11500	0.00502	0.00280	0.00499
10	0.03244	0.14384	0.03185	0.01359	0.16300	0.08043	0.03144	0.01768	0.01185	0.24947	0.01189	0.01287	0.00893	0.02671	0.00537	0.00144	0.03136	0.00409	0.00361	0.11816
11	0.19280	0.01150	0.10007	0.32415	0.07599	0.03131	0.03334	0.01426	0.01030	0.04594	0.03405	0.01234	0.00803	0.00492	0.00447	0.00151	0.00569	0.00402	0.00275	0.08255

[dist]
# distance from previous block
# <min> <max>
0	6

[block]
# block no. 7 follows, 50 sequences, length 11
# corresponding to MSA columns:
# 430-440
name=unknown_H
#
# <colnr> <probs for GDERKNQSTAVLIFYWHMCP>
#	G	D	E	R	K	N	Q	S	T	A	V	L	I	F	Y	W	H	M	C	P
0	0.04186	0.13036	0.22170	0.01387	0.12950	0.02825	0.08199	0.01421	0.03196	0.01673	0.22075	0.01802	0.01790	0.00611	0.00490	0.00149	0.00542	0.00530	0.00324	0.00643
1	0.07330	0.02284	0.01368	0.01243	0.01503	0.75324	0.00936	0.01956	0.01376	0.01286	0.00765	0.00893	0.00635	0.00510	0.00440	0.00130	0.00866	0.00318	0.00260	0.00575
2	0.00691	0.00504	0.00699	0.00841	0.03567	0.00484	0.00601	0.00832	0.01034	0.01375	0.05340	0.53890	0.03132	0.01449	0.00645	0.00207	0.00348	0.23467	0.00457	0.00437
3	0.00905	0.27756	0.13351	0.00857	0.01124	0.01034	0.00801	0.01091	0.00988	0.01286	0.01791	0.43109	0.02019	0.01023	0.00508	0.00164	0.00437	0.00880	0.00342	0.00532
4	0.01036	0.00926	0.01156	0.01103	0.06808	0.02699	0.00823	0.08221	0.03600	0.03292	0.04245	0.02514	0.28473	0.00937	0.00966	0.00183	0.31427	0.00669	0.00359	0.00561
5	0.01302	0.04250	0.04896	0.02384	0.51067	0.10672	0.03209	0.01750	0.12435	0.01627	0.01068	0.01265	0.00866	0.00486	0.00486	0.00148	0.00610	0.00441	0.00283	0.00754
6	0.02840	0.12274	0.18439	0.01812	0.29494	0.03322	0.01287	0.05101	0.15387	0.01701	0.01141	0.03080	0.00922	0.00525	0.00468	0.00149	0.00574	0.00442	0.00300	0.00742
7	0.01270	0.30264	0.21272	0.01314	0.08804	0.09144	0.04599	0.03492	0.10054	0.01514	0.03212	0.01152	0.00881	0.00498	0.00432	0.00138	0.00614	0.00385	0.00272	0.00690
8	0.00647	0.00498	0.00576	0.00573	0.00693	0.00444	0.00414	0.00798	0.01183	0.01548	0.32158	0.11804	0.36796	0.08720	0.00774	0.00196	0.00271	0.01001	0.00480	0.00427
9	0.03085	0.01119	0.01557	0.36486	0.23814	0.07679	0.01256	0.06663	0.01166	0.01554	0.00960	0.01349	0.00779	0.00506	0.00483	0.00151	0.00618	0.02671	0.00266	0.07836
10	0.05679	0.03296	0.00985	0.00822	0.01083	0.00859	0.00653	0.01922	0.24984	0.22386	0.08811	0.07888	0.01782	0.00743	0.00490	0.00157	0.00366	0.03386	0.10584	0.03122

[dist]
# distance from previous block
# <min> <max>
0	3

[block]
# block no. 8 follows, 50 sequences, length 14
# corresponding to MSA columns:
# 444-457
name=unknown_I
#
# <colnr> <probs for GDERKNQSTAVLIFYWHMCP>
#	G	D	E	R	K	N	Q	S	T	A	V	L	I	F	Y	W	H	M	C	P
0	0.01018	0.14031	0.57026	0.05608	0.01968	0.01211	0.01546	0.01491	0.01077	0.01541	0.08072	0.01277	0.01010	0.00518	0.00463	0.00151	0.00657	0.00407	0.00243	0.00688
1	0.01382	0.01096	0.01396	0.04011	0.21258	0.01175	0.00982	0.23727	0.19771	0.05635	0.05545	0.01775	0.04596	0.04672	0.00609	0.00172	0.00489	0.00540	0.00424	0.00745
2	0.01380	0.75521	0.02504	0.00892	0.01303	0.09063	0.00863	0.01537	0.01049	0.01177	0.00700	0.00809	0.00640	0.00434	0.00332	0.00109	0.00566	0.00271	0.00217	0.00634
3	0.03292	0.06984	0.09212	0.04038	0.11851	0.13641	0.12211	0.19716	0.10686	0.01939	0.01086	0.01212	0.00829	0.00519	0.00486	0.00150	0.00649	0.00438	0.00335	0.00726
4	0.01048	0.30892	0.03729	0.00861	0.01104	0.04913	0.04629	0.01195	0.01021	0.04024	0.04547	0.27414	0.01807	0.09845	0.00706	0.00188	0.00473	0.00742	0.00334	0.00529
5	0.01803	0.01060	0.01238	0.00975	0.01349	0.01072	0.00793	0.24481	0.17949	0.32884	0.01644	0.01517	0.01131	0.00599	0.00488	0.00148	0.00449	0.00478	0.00526	0.09416
6	0.01091	0.01091	0.01527	0.01309	0.01309	0.01527	0.01091	0.01200	0.00763	0.01200	0.00654	0.01091	0.00654	0.00872	0.01636	0.00218	0.81570	0.00436	0.00218	0.00545
7	0.00664	0.00486	0.00664	0.04568	0.00887	0.00469	0.00540	0.00811	0.01081	0.01462	0.20469	0.52920	0.03459	0.01367	0.00623	0.00193	0.00310	0.08124	0.00471	0.00432
8	0.00713	0.00531	0.00784	0.00784	0.00867	0.00614	0.00602	0.00879	0.00796	0.01144	0.01351	0.02045	0.01284	0.08991	0.75307	0.00780	0.01278	0.00547	0.00269	0.00435
9	0.01453	0.01177	0.01247	0.01058	0.01377	0.01339	0.00841	0.27096	0.53678	0.02429	0.01758	0.01644	0.01302	0.00651	0.00504	0.00163	0.00445	0.00526	0.00504	0.00808
10	0.00645	0.00450	0.00567	0.00646	0.00665	0.00430	0.00411	0.00704	0.00880	0.01174	0.02368	0.56717	0.02818	0.27655	0.01249	0.00293	0.00352	0.01194	0.00411	0.00372
11	0.00797	0.00862	0.09524	0.00837	0.01007	0.00765	0.00737	0.01020	0.01174	0.01644	0.38125	0.03081	0.18831	0.00978	0.00803	0.00173	0.17942	0.00773	0.00422	0.00506
12	0.00627	0.00470	0.00582	0.00631	0.00716	0.00425	0.00444	0.00761	0.01113	0.01472	0.22337	0.43561	0.22339	0.01353	0.00613	0.00183	0.00267	0.01199	0.00484	0.00425
13	0.01245	0.01198	0.03904	0.09494	0.44697	0.03418	0.01316	0.08181	0.09711	0.01735	0.01148	0.01525	0.00961	0.00563	0.00561	0.00160	0.04581	0.04561	0.00304	0.00736

[dist]
# distance from previous block
# <min> <max>
0	1

[block]
# block no. 9 follows, 50 sequences, length 25
# corresponding to MSA columns:
# 459-483
name=unknown_J
#
# <colnr> <probs for GDERKNQSTAVLIFYWHMCP>
#	G	D	E	R	K	N	Q	S	T	A	V	L	I	F	Y	W	H	M	C	P
0	0.01350	0.01075	0.01597	0.03117	0.25470	0.02447	0.09084	0.05082	0.02660	0.13529	0.01112	0.01254	0.00848	0.00456	0.00463	0.00127	0.00520	0.00419	0.00336	0.29053
1	0.01347	0.77168	0.04575	0.00887	0.01314	0.05391	0.00883	0.01517	0.01031	0.01185	0.00702	0.00811	0.00640	0.00431	0.00330	0.00109	0.00554	0.00272	0.00215	0.00639
2	0.07711	0.03764	0.01385	0.01214	0.01488	0.67728	0.00924	0.05182	0.01406	0.03675	0.00817	0.00927	0.00661	0.00515	0.00441	0.00131	0.00827	0.00327	0.00280	0.00596
3	0.01310	0.01119	0.01271	0.01267	0.10413	0.01266	0.00892	0.10610	0.61263	0.02146	0.01812	0.01715	0.01364	0.00641	0.00505	0.00165	0.00434	0.00537	0.00476	0.00795
4	0.00712	0.00515	0.00697	0.00696	0.00757	0.00562	0.00498	0.00830	0.00811	0.01132	0.04801	0.02570	0.03958	0.30807	0.47724	0.00645	0.00961	0.00631	0.00297	0.00396
5	0.01222	0.11546	0.50156	0.01316	0.01899	0.13960	0.03430	0.01717	0.05693	0.03217	0.00945	0.01068	0.00703	0.00488	0.00458	0.00148	0.00715	0.00369	0.00246	0.00704
6	0.00701	0.00511	0.00669	0.00634	0.00751	0.00479	0.00477	0.00928	0.01358	0.01915	0.70746	0.03649	0.07602	0.01213	0.05982	0.00201	0.00310	0.00883	0.00526	0.00467
7	0.00925	0.00808	0.01283	0.14751	0.26901	0.00860	0.02285	0.01117	0.00957	0.01318	0.01384	0.14899	0.01427	0.18161	0.08060	0.00290	0.03065	0.00671	0.00290	0.00546
8	0.00606	0.00495	0.00535	0.00547	0.00689	0.00425	0.00402	0.00740	0.01144	0.01416	0.13785	0.15573	0.59363	0.01275	0.00596	0.00172	0.00256	0.01085	0.00473	0.00425
9	0.01333	0.82783	0.02612	0.00853	0.01279	0.01972	0.00853	0.01493	0.01013	0.01173	0.00693	0.00800	0.00640	0.00426	0.00320	0.00107	0.00533	0.00267	0.00213	0.00640
10	0.45002	0.04770	0.01280	0.01023	0.01335	0.20368	0.11545	0.01567	0.01045	0.01798	0.00878	0.05715	0.00762	0.00532	0.00402	0.00151	0.00575	0.00395	0.00293	0.00564
11	0.01155	0.04476	0.09378	0.02170	0.45614	0.05777	0.02471	0.01497	0.04758	0.01620	0.09978	0.02713	0.03746	0.01880	0.00533	0.00155	0.00560	0.00519	0.00299	0.00703
12	0.01601	0.11791	0.06252	0.01158	0.03382	0.01450	0.03725	0.49802	0.03598	0.02562	0.07225	0.01438	0.01157	0.00608	0.00488	0.00148	0.00540	0.01874	0.00433	0.00769
13	0.00826	0.00836	0.08193	0.01107	0.14102	0.00678	0.00774	0.01135	0.04479	0.01803	0.44389	0.03144	0.14784	0.00895	0.00558	0.00158	0.00351	0.00784	0.00452	0.00554
14	0.04782	0.01006	0.03405	0.30095	0.18732	0.01060	0.05367	0.05971	0.03587	0.07488	0.01248	0.01834	0.01043	0.00691	0.02682	0.00184	0.00609	0.09252	0.00316	0.00647
15	0.01585	0.01557	0.16890	0.01426	0.09702	0.06182	0.06554	0.27622	0.08782	0.12816	0.01254	0.01294	0.00896	0.00550	0.00498	0.00153	0.00601	0.00452	0.00401	0.00785
16	0.86003	0.00964	0.00733	0.00655	0.00964	0.01118	0.00540	0.01465	0.00848	0.02236	0.00694	0.00810	0.00540	0.00463	0.00308	0.00154	0.00386	0.00270	0.00308	0.00540
17	0.01544	0.05667	0.08651	0.03835	0.16905	0.09078	0.01093	0.21440	0.10346	0.10669	0.01207	0.01268	0.00895	0.00536	0.00476	0.00145	0.00571	0.00430	0.00380	0.04863
18	0.00616	0.00447	0.00584	0.00691	0.00736	0.00415	0.00474	0.00714	0.00980	0.01290	0.02930	0.71689	0.09487	0.01527	0.00635	0.00201	0.00295	0.05416	0.00463	0.00409
19	0.01541	0.06916	0.23794	0.01067	0.01530	0.00986	0.03570	0.04924	0.01257	0.32798	0.05387	0.01499	0.01133	0.02537	0.00559	0.00156	0.02724	0.00458	0.00412	0.06752
20	0.01211	0.34214	0.37182	0.01290	0.07737	0.01479	0.01346	0.02953	0.03163	0.03901	0.00887	0.01010	0.00694	0.00465	0.00416	0.00137	0.00622	0.00345	0.00240	0.00709
21	0.21131	0.09868	0.18277	0.01099	0.01502	0.23682	0.01039	0.10891	0.01261	0.03698	0.00850	0.00962	0.00656	0.00507	0.00447	0.00144	0.02709	0.00337	0.00292	0.00648
22	0.00822	0.00449	0.00616	0.00616	0.00616	0.00449	0.00392	0.00673	0.00673	0.00897	0.01086	0.02061	0.01162	0.26976	0.02132	0.58921	0.00449	0.00524	0.00243	0.00243
23	0.05032	0.34958	0.01713	0.00830	0.01243	0.04122	0.00737	0.01609	0.01104	0.16080	0.00996	0.01046	0.00778	0.00449	0.00374	0.00108	0.00467	0.00322	0.00321	0.27711
24	0.00726	0.00487	0.00560	0.00571	0.00578	0.00486	0.00337	0.00742	0.00757	0.01008	0.01672	0.05997	0.01923	0.75026	0.02365	0.00459	0.00475	0.05198	0.00317	0.00315

[dist]
# distance from previous block
# <min> <max>
0	1

[block]
# block no. 10 follows, 50 sequences, length 99
# corresponding to MSA columns:
# 485-583
name=unknown_K
#
# <colnr> <probs for GDERKNQSTAVLIFYWHMCP>
#	G	D	E	R	K	N	Q	S	T	A	V	L	I	F	Y	W	H	M	C	P
0	0.01216	0.01051	0.09940	0.00839	0.01287	0.00720	0.00750	0.01467	0.01099	0.14948	0.01154	0.04744	0.00924	0.00476	0.00415	0.00103	0.00416	0.00388	0.00348	0.57713
1	0.01203	0.04437	0.24952	0.01082	0.04763	0.00940	0.01050	0.05882	0.01154	0.08889	0.01001	0.01110	0.00757	0.00442	0.00424	0.00115	0.00511	0.00350	0.00306	0.40631
2	0.01189	0.01198	0.05135	0.07383	0.68492	0.01153	0.01503	0.01496	0.01124	0.01600	0.01006	0.01420	0.00865	0.00488	0.00501	0.00153	0.00597	0.03684	0.00253	0.00760
3	0.01136	0.01830	0.35301	0.01699	0.11803	0.04348	0.18650	0.01747	0.13223	0.01652	0.01142	0.01375	0.00875	0.00514	0.00512	0.00161	0.00688	0.02342	0.00279	0.00724
4	0.00593	0.00505	0.00511	0.00509	0.00676	0.00423	0.00382	0.00723	0.01146	0.01369	0.07653	0.04759	0.76553	0.01254	0.00589	0.00168	0.00252	0.01047	0.00466	0.00423
5	0.01220	0.04729	0.05439	0.02272	0.46880	0.02957	0.08611	0.01515	0.01123	0.03249	0.00940	0.01182	0.00769	0.00433	0.00470	0.00134	0.00581	0.00417	0.00261	0.16818
6	0.01333	0.82783	0.02612	0.00853	0.01279	0.01972	0.00853	0.01493	0.01013	0.01173	0.00693	0.00800	0.00640	0.00426	0.00320	0.00107	0.00533	0.00267	0.00213	0.00640
7	0.01034	0.00886	0.01034	0.00738	0.01181	0.00664	0.00591	0.01255	0.01034	0.01624	0.00886	0.01034	0.00738	0.00369	0.00369	0.00074	0.00369	0.00295	0.00295	0.85530
8	0.03250	0.21658	0.14420	0.01150	0.04479	0.13552	0.01038	0.14456	0.04127	0.14422	0.01116	0.02311	0.00844	0.00534	0.00442	0.00139	0.00598	0.00394	0.00350	0.00720
9	0.01238	0.08192	0.05365	0.01518	0.09210	0.01036	0.29840	0.01541	0.01218	0.13966	0.14621	0.07024	0.01662	0.00634	0.00540	0.00158	0.00580	0.00631	0.00369	0.00659
10	0.01745	0.01380	0.03328	0.01435	0.12506	0.01470	0.02479	0.61156	0.04893	0.02827	0.01180	0.01226	0.00857	0.00573	0.00499	0.00151	0.00559	0.00453	0.00453	0.00832
11	0.01234	0.01184	0.02023	0.03059	0.79373	0.01184	0.01530	0.01530	0.01135	0.01628	0.00938	0.01234	0.00790	0.00444	0.00493	0.00148	0.00592	0.00444	0.00247	0.00790
12	0.01034	0.00886	0.01034	0.00738	0.01181	0.00664	0.00591	0.01255	0.01034	0.01624	0.00886	0.01034	0.00738	0.00369	0.00369	0.00074	0.00369	0.00295	0.00295	0.85530
13	0.01579	0.09210	0.27015	0.01307	0.09947	0.01095	0.01202	0.05209	0.04961	0.31516	0.01357	0.01339	0.00931	0.00536	0.00474	0.00151	0.00558	0.00430	0.00397	0.00783
14	0.01370	0.75616	0.02507	0.00876	0.01298	0.01929	0.00858	0.06811	0.02538	0.01326	0.00753	0.00847	0.00670	0.00443	0.00336	0.00111	0.00532	0.00285	0.00238	0.00657
15	0.00866	0.00433	0.00649	0.00649	0.00649	0.00433	0.00433	0.00649	0.00649	0.00866	0.00866	0.01515	0.00866	0.01732	0.01948	0.85498	0.00433	0.00433	0.00216	0.00216
16	0.00705	0.00510	0.00666	0.00627	0.00745	0.00470	0.00470	0.00941	0.01411	0.01999	0.79110	0.03723	0.04703	0.01019	0.00588	0.00157	0.00235	0.00901	0.00549	0.00470
17	0.01318	0.79340	0.05929	0.00877	0.01317	0.01937	0.00895	0.01496	0.01014	0.01190	0.00702	0.00810	0.00639	0.00428	0.00326	0.00109	0.00542	0.00271	0.00213	0.00644
18	0.01385	0.08546	0.37644	0.01225	0.03174	0.06086	0.02753	0.03365	0.07440	0.18665	0.04090	0.01338	0.00996	0.00541	0.00475	0.00152	0.00611	0.00429	0.00346	0.00739
19	0.01474	0.01114	0.06877	0.11332	0.30909	0.01010	0.02892	0.01787	0.03285	0.25880	0.02454	0.01422	0.00975	0.00526	0.00516	0.00152	0.02160	0.00463	0.00370	0.04401
20	0.01077	0.01094	0.05293	0.08468	0.33646	0.01043	0.15047	0.01414	0.02728	0.01567	0.02896	0.02272	0.01313	0.00715	0.01675	0.00182	0.01806	0.16803	0.00301	0.00661
21	0.00642	0.00522	0.00579	0.00607	0.00762	0.00459	0.00484	0.00794	0.01139	0.01382	0.04454	0.05001	0.60331	0.01291	0.00614	0.00183	0.00303	0.19562	0.00462	0.00430
22	0.01190	0.03321	0.01062	0.03686	0.01219	0.00700	0.00634	0.01401	0.01120	0.14845	0.06846	0.06907	0.01279	0.00546	0.00429	0.00107	0.00379	0.00455	0.00374	0.53499
23	0.01346	0.80793	0.02582	0.00864	0.01286	0.03915	0.00856	0.01505	0.01023	0.01174	0.00695	0.00802	0.00640	0.00429	0.00323	0.00107	0.00542	0.00268	0.00214	0.00638
24	0.01034	0.00886	0.01034	0.00738	0.01181	0.00664	0.00591	0.01255	0.01034	0.01624	0.00886	0.01034	0.00738	0.00369	0.00369	0.00074	0.00369	0.00295	0.00295	0.85530
25	0.01468	0.08650	0.37652	0.01178	0.01711	0.06809	0.01282	0.04243	0.07779	0.22536	0.01261	0.01266	0.00876	0.00532	0.00470	0.00151	0.00613	0.00411	0.00357	0.00755
26	0.01464	0.65963	0.05292	0.00886	0.01318	0.01751	0.00875	0.03393	0.01105	0.12653	0.00897	0.00949	0.00731	0.00460	0.00356	0.00116	0.00525	0.00309	0.00278	0.00678
27	0.01025	0.00908	0.01415	0.01871	0.38850	0.00903	0.02843	0.03239	0.05847	0.01794	0.27456	0.04801	0.05488	0.00723	0.00537	0.00155	0.00442	0.00664	0.00386	0.00654
28	0.01234	0.01184	0.02023	0.03059	0.79373	0.01184	0.01530	0.01530	0.01135	0.01628	0.00938	0.01234	0.00790	0.00444	0.00493	0.00148	0.00592	0.00444	0.00247	0.00790
29	0.01034	0.00886	0.01034	0.00738	0.01181	0.00664	0.00591	0.01255	0.01034	0.01624	0.00886	0.01034	0.00738	0.00369	0.00369	0.00074	0.00369	0.00295	0.00295	0.85530
30	0.01439	0.16036	0.42142	0.01157	0.01731	0.01169	0.01327	0.01826	0.01161	0.25597	0.01190	0.01207	0.00819	0.00510	0.00455	0.00148	0.00605	0.00392	0.00336	0.00754
31	0.67370	0.13624	0.01067	0.00728	0.01051	0.06559	0.00616	0.01505	0.00911	0.02005	0.00699	0.00814	0.00562	0.00461	0.00320	0.00145	0.00443	0.00273	0.00290	0.00558
32	0.00797	0.00488	0.00726	0.00723	0.00762	0.00534	0.00523	0.00766	0.00720	0.01002	0.01089	0.01750	0.01056	0.04680	0.36745	0.44628	0.01961	0.00485	0.00241	0.00324
33	0.01333	0.82783	0.02612	0.00853	0.01279	0.01972	0.00853	0.01493	0.01013	0.01173	0.00693	0.00800	0.00640	0.00426	0.00320	0.00107	0.00533	0.00267	0.00213	0.00640
34	0.01333	0.82783	0.02612	0.00853	0.01279	0.01972	0.00853	0.01493	0.01013	0.01173	0.00693	0.00800	0.00640	0.00426	0.00320	0.00107	0.00533	0.00267	0.00213	0.00640
35	0.00694	0.00657	0.04212	0.00651	0.00864	0.00521	0.04230	0.00889	0.02618	0.03176	0.10157	0.04256	0.62994	0.01142	0.00580	0.00167	0.00308	0.00966	0.00452	0.00467
36	0.01116	0.00919	0.01067	0.00769	0.01207	0.00724	0.00617	0.06355	0.01129	0.03370	0.00929	0.01058	0.00756	0.00390	0.00381	0.00081	0.00382	0.00310	0.00316	0.78125
37	0.01418	0.01203	0.08551	0.08865	0.30918	0.02900	0.02620	0.04445	0.01216	0.18956	0.01157	0.01292	0.00853	0.00486	0.00477	0.00141	0.00552	0.00428	0.00340	0.13182
38	0.01103	0.01752	0.37911	0.01237	0.03619	0.01165	0.01284	0.02042	0.36846	0.01833	0.05020	0.01553	0.01234	0.00592	0.00495	0.00163	0.00552	0.00485	0.00364	0.00750
39	0.00592	0.00501	0.00513	0.00519	0.00678	0.00421	0.00386	0.00718	0.01130	0.01354	0.06310	0.09613	0.73015	0.01276	0.00592	0.00170	0.00254	0.01072	0.00464	0.00421
40	0.01088	0.00859	0.01017	0.00740	0.01158	0.00656	0.00592	0.01309	0.01083	0.06592	0.06119	0.01253	0.01031	0.00428	0.00392	0.00084	0.00364	0.00348	0.00332	0.74554
41	0.01333	0.82783	0.02612	0.00853	0.01279	0.01972	0.00853	0.01493	0.01013	0.01173	0.00693	0.00800	0.00640	0.00426	0.00320	0.00107	0.00533	0.00267	0.00213	0.00640
42	0.01119	0.00967	0.03492	0.00845	0.03342	0.00735	0.00675	0.04663	0.01109	0.04531	0.00941	0.01071	0.00759	0.00393	0.00386	0.00085	0.00396	0.00316	0.00312	0.73865
43	0.01315	0.36226	0.25552	0.01153	0.04404	0.02727	0.01174	0.08334	0.08466	0.04846	0.00987	0.01065	0.00769	0.00489	0.00415	0.00136	0.00586	0.00358	0.00284	0.00714
44	0.02236	0.00848	0.01157	0.00887	0.01272	0.00733	0.00733	0.02429	0.01427	0.79719	0.01966	0.01697	0.01234	0.00617	0.00501	0.00154	0.00424	0.00501	0.00617	0.00848
45	0.01161	0.01376	0.21894	0.01580	0.22327	0.01016	0.01197	0.07717	0.08557	0.06486	0.19611	0.01859	0.01774	0.00632	0.00513	0.00155	0.00513	0.00547	0.00375	0.00708
46	0.01211	0.01220	0.04150	0.05965	0.64095	0.01190	0.08348	0.01573	0.04350	0.01629	0.00986	0.01269	0.00808	0.00455	0.00502	0.00152	0.00613	0.00460	0.00256	0.00768
47	0.01034	0.00886	0.01034	0.00738	0.01181	0.00664	0.00591	0.01255	0.01034	0.01624	0.00886	0.01034	0.00738	0.00369	0.00369	0.00074	0.00369	0.00295	0.00295	0.85530
48	0.02761	0.17523	0.58601	0.01272	0.01919	0.01306	0.01563	0.03915	0.01094	0.04405	0.00901	0.01028	0.00660	0.00474	0.00443	0.00148	0.00675	0.00355	0.00236	0.00722
49	0.01321	0.79864	0.05424	0.00874	0.01311	0.01943	0.00889	0.01496	0.01014	0.01187	0.00700	0.00809	0.00639	0.00428	0.00325	0.00108	0.00540	0.00270	0.00213	0.00643
50	0.00866	0.00433	0.00649	0.00649	0.00649	0.00433	0.00433	0.00649	0.00649	0.00866	0.00866	0.01515	0.00866	0.01732	0.01948	0.85498	0.00433	0.00433	0.00216	0.00216
51	0.01333	0.82783	0.02612	0.00853	0.01279	0.01972	0.00853	0.01493	0.01013	0.01173	0.00693	0.00800	0.00640	0.00426	0.00320	0.00107	0.00533	0.00267	0.00213	0.00640
52	0.01274	0.65040	0.14613	0.00933	0.01395	0.01756	0.00989	0.01503	0.01044	0.02947	0.04016	0.00980	0.00820	0.00463	0.00359	0.00118	0.00550	0.00314	0.00235	0.00652
53	0.01101	0.04108	0.72291	0.01368	0.02072	0.01142	0.01737	0.01642	0.01080	0.07531	0.00972	0.01096	0.00678	0.00484	0.00472	0.00157	0.00709	0.00376	0.00242	0.00743
54	0.01242	0.61029	0.23574	0.01007	0.01517	0.01751	0.01121	0.01516	0.01024	0.01283	0.00748	0.00868	0.00637	0.00439	0.00362	0.00121	0.00588	0.00294	0.00212	0.00666
55	0.01333	0.82783	0.02612	0.00853	0.01279	0.01972	0.00853	0.01493	0.01013	0.01173	0.00693	0.00800	0.00640	0.00426	0.00320	0.00107	0.00533	0.00267	0.00213	0.00640
56	0.86003	0.00964	0.00733	0.00655	0.00964	0.01118	0.00540	0.01465	0.00848	0.02236	0.00694	0.00810	0.00540	0.00463	0.00308	0.00154	0.00386	0.00270	0.00308	0.00540
57	0.01045	0.16527	0.62902	0.01287	0.01942	0.01270	0.01609	0.01536	0.01061	0.01526	0.04284	0.01125	0.00811	0.00489	0.00452	0.00149	0.00679	0.00374	0.00226	0.00708
58	0.00860	0.00437	0.00655	0.00655	0.00659	0.00440	0.00440	0.00659	0.00655	0.00877	0.00885	0.01533	0.00881	0.01812	0.05083	0.82118	0.00469	0.00437	0.00218	0.00226
