[name]
unknown

[dist]
# distance from previous block
# <min> <max>
0	58

[block]
# block no. 0 follows, 41 sequences, length 37
# corresponding to MSA columns:
# 553-555,560-593
name=unknown_A
#
# <colnr> <probs for GDERKNQSTAVLIFYWHMCP>
#	G	D	E	R	K	N	Q	S	T	A	V	L	I	F	Y	W	H	M	C	P
0	0.00813	0.00575	0.00771	0.00885	0.00957	0.00561	0.00676	0.00971	0.01156	0.01523	0.02916	0.37440	0.03339	0.12236	0.01050	0.00289	0.00447	0.32414	0.00504	0.00476
1	0.00817	0.00613	0.00919	0.00919	0.01021	0.00715	0.00715	0.01021	0.00919	0.01328	0.01532	0.02247	0.01430	0.04290	0.77631	0.00919	0.01532	0.00613	0.00306	0.00511
2	0.03834	0.05095	0.13169	0.08036	0.08141	0.24199	0.15501	0.02070	0.08819	0.04008	0.01165	0.01359	0.00895	0.00571	0.00558	0.00172	0.00834	0.00489	0.00323	0.00764
3	0.01263	0.11124	0.37098	0.04313	0.05578	0.01407	0.05198	0.04076	0.13046	0.01874	0.01283	0.01458	0.00980	0.00814	0.05372	0.00221	0.00770	0.00483	0.02835	0.00807
4	0.01587	0.01037	0.01329	0.00980	0.01457	0.00851	0.04415	0.05156	0.01391	0.22070	0.01603	0.01624	0.04611	0.00564	0.00496	0.00124	0.00471	0.00469	0.00456	0.49309
5	0.01186	0.01017	0.01186	0.00847	0.01356	0.00762	0.00678	0.01440	0.01186	0.01864	0.01017	0.01186	0.00847	0.00424	0.00424	0.00085	0.00424	0.00339	0.00339	0.83395
6	0.01300	0.01383	0.09648	0.09593	0.01985	0.05545	0.14300	0.12647	0.09248	0.02029	0.06977	0.15858	0.01840	0.04146	0.00718	0.00207	0.00649	0.00789	0.00424	0.00714
7	0.01068	0.01050	0.10630	0.00979	0.01234	0.00879	0.00865	0.03634	0.09621	0.05412	0.35433	0.03179	0.05448	0.04668	0.06576	0.00260	0.05429	0.02480	0.00511	0.00644
8	0.03729	0.02720	0.66676	0.01552	0.02341	0.01316	0.01945	0.05019	0.01292	0.06613	0.01112	0.01253	0.00776	0.00560	0.00541	0.00180	0.00802	0.00433	0.00288	0.00852
9	0.00770	0.00567	0.00726	0.00760	0.00874	0.00523	0.00566	0.00970	0.01383	0.01869	0.35557	0.26824	0.15225	0.01442	0.00705	0.00207	0.00321	0.09629	0.00574	0.00508
10	0.01786	0.01409	0.01498	0.01238	0.01626	0.01592	0.00993	0.37547	0.40197	0.02979	0.01867	0.01766	0.01372	0.00733	0.00577	0.00183	0.00538	0.00583	0.00577	0.00938
11	0.00696	0.00502	0.00660	0.00786	0.00827	0.00465	0.00527	0.00798	0.01105	0.01464	0.03274	0.76113	0.07116	0.01776	0.00728	0.00230	0.00330	0.01607	0.00531	0.00465
12	0.01317	0.40618	0.36985	0.01276	0.01910	0.01755	0.01489	0.01724	0.01171	0.01560	0.00939	0.01118	0.00765	0.00705	0.04319	0.00189	0.00766	0.00375	0.00246	0.00774
13	0.01304	0.25041	0.38637	0.01620	0.02301	0.01627	0.18320	0.01788	0.01227	0.01681	0.00989	0.01200	0.00760	0.00514	0.00522	0.00167	0.00805	0.00447	0.00253	0.00796
14	0.00832	0.00555	0.00624	0.00624	0.00624	0.00555	0.00347	0.00832	0.00832	0.01109	0.01802	0.03743	0.02080	0.79898	0.02911	0.00555	0.00555	0.00832	0.00347	0.00347
15	0.01147	0.02959	0.76934	0.01630	0.02476	0.01328	0.02113	0.01811	0.01208	0.01811	0.01026	0.01208	0.00725	0.00543	0.00543	0.00181	0.00845	0.00423	0.00242	0.00845
16	0.08986	0.01564	0.24210	0.01169	0.01616	0.01085	0.03321	0.13423	0.01533	0.06733	0.16772	0.10641	0.04823	0.00871	0.00588	0.00185	0.00561	0.00729	0.00457	0.00734
17	0.00872	0.00674	0.00815	0.00814	0.00885	0.03964	0.00573	0.00997	0.00979	0.01329	0.07076	0.07735	0.02070	0.31302	0.36679	0.00656	0.00988	0.00776	0.00358	0.00457
18	0.02497	0.01084	0.01396	0.01070	0.01515	0.01005	0.00884	0.15383	0.01822	0.63869	0.02101	0.01846	0.01338	0.00704	0.00575	0.00176	0.00512	0.00565	0.00684	0.00973
19	0.00707	0.00544	0.00647	0.00699	0.00811	0.00484	0.00495	0.00852	0.01261	0.01628	0.15951	0.38394	0.32359	0.01557	0.00700	0.00209	0.00305	0.01367	0.00547	0.00484
20	0.01627	0.50345	0.07284	0.01397	0.10639	0.08027	0.01160	0.08421	0.01371	0.03697	0.00943	0.01075	0.00795	0.00527	0.00438	0.00140	0.00666	0.00369	0.00296	0.00784
21	0.01080	0.01017	0.01716	0.78523	0.03940	0.01271	0.01589	0.01461	0.01144	0.01461	0.01017	0.01525	0.00762	0.00572	0.00572	0.00191	0.00762	0.00508	0.00254	0.00635
22	0.00697	0.00498	0.00664	0.00796	0.00830	0.00465	0.00531	0.00796	0.01095	0.01460	0.03153	0.79525	0.03783	0.01792	0.00730	0.00232	0.00332	0.01626	0.00531	0.00465
23	0.01249	0.01257	0.02146	0.10838	0.21820	0.01402	0.17743	0.01577	0.02901	0.01658	0.01454	0.01799	0.07705	0.00742	0.00974	0.00203	0.22893	0.00611	0.00301	0.00727
24	0.00963	0.00624	0.00806	0.00763	0.00929	0.00569	0.00589	0.01208	0.01541	0.09014	0.52321	0.06697	0.13043	0.01215	0.00678	0.00190	0.00317	0.07350	0.00613	0.00570
25	0.00697	0.00498	0.00664	0.00796	0.00830	0.00465	0.00531	0.00796	0.01095	0.01460	0.03153	0.79525	0.03783	0.01792	0.00730	0.00232	0.00332	0.01626	0.00531	0.00465
26	0.01313	0.01221	0.02012	0.36956	0.39242	0.01346	0.01639	0.06184	0.01318	0.01795	0.01068	0.01462	0.00846	0.00549	0.00569	0.00179	0.00714	0.00509	0.00288	0.00789
27	0.01739	0.01212	0.01732	0.02092	0.32511	0.01231	0.01238	0.05590	0.19524	0.21987	0.03989	0.01817	0.01386	0.00655	0.00576	0.00178	0.00558	0.00577	0.00493	0.00916
28	0.00727	0.00566	0.00654	0.00663	0.00804	0.00500	0.00482	0.00899	0.01353	0.01754	0.27489	0.18024	0.38739	0.03821	0.00753	0.00207	0.00299	0.01214	0.00557	0.00494
29	0.01173	0.08233	0.71888	0.01586	0.02407	0.01392	0.02036	0.01805	0.01205	0.01780	0.01011	0.01188	0.00725	0.00540	0.00531	0.00177	0.00829	0.00415	0.00242	0.00838
30	0.01569	0.11806	0.10764	0.04451	0.01901	0.20099	0.10610	0.05167	0.05135	0.06832	0.01502	0.06044	0.01336	0.00764	0.00578	0.00180	0.00753	0.09409	0.00376	0.00727
31	0.01048	0.00733	0.01140	0.01042	0.01199	0.00723	0.09114	0.01229	0.01173	0.10009	0.06867	0.34424	0.02689	0.08551	0.10846	0.00337	0.03642	0.04192	0.00473	0.00567
32	0.01218	0.01234	0.04666	0.38331	0.28987	0.01311	0.06185	0.01586	0.01210	0.01646	0.01114	0.01659	0.00917	0.00602	0.00641	0.00189	0.04128	0.03357	0.00277	0.00742
33	0.01334	0.00890	0.01142	0.01029	0.01256	0.03820	0.05711	0.04234	0.10008	0.17406	0.08944	0.34848	0.04545	0.01210	0.00657	0.00203	0.00453	0.01078	0.00558	0.00676
34	0.03683	0.01154	0.01769	0.52127	0.17788	0.03983	0.01525	0.04423	0.01256	0.01668	0.01124	0.01689	0.00910	0.00610	0.00572	0.00187	0.00730	0.03815	0.00289	0.00697
35	0.39017	0.01348	0.01293	0.10413	0.01705	0.06679	0.00936	0.20598	0.05202	0.02556	0.01053	0.01199	0.00799	0.00615	0.00532	0.00180	0.04325	0.00417	0.00401	0.00731
36	0.04364	0.00747	0.00932	0.04821	0.01180	0.00739	0.00686	0.01509	0.08034	0.13763	0.23998	0.07246	0.13142	0.06607	0.03981	0.00248	0.00450	0.06381	0.00549	0.00623

[dist]
# distance from previous block
# <min> <max>
0	5

[block]
# block no. 1 follows, 41 sequences, length 7
# corresponding to MSA columns:
# 599-605
name=unknown_B
#
# <colnr> <probs for GDERKNQSTAVLIFYWHMCP>
#	G	D	E	R	K	N	Q	S	T	A	V	L	I	F	Y	W	H	M	C	P
0	0.04387	0.04881	0.01150	0.09076	0.04583	0.00924	0.00796	0.01397	0.06881	0.07861	0.01879	0.18476	0.01890	0.16962	0.13056	0.00380	0.03604	0.00821	0.00407	0.00589
1	0.08441	0.09675	0.24773	0.09113	0.11967	0.09496	0.01470	0.08040	0.04330	0.05886	0.01121	0.01285	0.00844	0.00570	0.00519	0.00170	0.00725	0.00441	0.00330	0.00804
2	0.09035	0.06828	0.04614	0.05827	0.10363	0.04188	0.04818	0.04500	0.05588	0.21825	0.03915	0.01872	0.03039	0.00668	0.00543	0.00170	0.00578	0.03380	0.00455	0.07793
3	0.01428	0.01275	0.08941	0.11436	0.25290	0.01151	0.03987	0.03860	0.01327	0.14325	0.01823	0.08397	0.07500	0.00777	0.00680	0.00188	0.05765	0.00670	0.00395	0.00784
4	0.00724	0.00529	0.00685	0.00785	0.00855	0.00490	0.00553	0.00860	0.01190	0.01573	0.10555	0.57216	0.12542	0.01673	0.00723	0.00225	0.00337	0.07466	0.00540	0.00479
5	0.01392	0.17070	0.27562	0.12538	0.13872	0.01406	0.01529	0.01794	0.01259	0.10251	0.01380	0.01540	0.04816	0.00598	0.00527	0.00169	0.00692	0.00485	0.00319	0.00799
6	0.01277	0.01555	0.15640	0.07877	0.37388	0.01231	0.07728	0.01675	0.01276	0.01846	0.04552	0.01497	0.01061	0.00536	0.00556	0.00164	0.00684	0.00508	0.00298	0.12653

[dist]
# distance from previous block
# <min> <max>
5	22

[block]
# block no. 2 follows, 41 sequences, length 44
# corresponding to MSA columns:
# 629-672
name=unknown_C
#
# <colnr> <probs for GDERKNQSTAVLIFYWHMCP>
#	G	D	E	R	K	N	Q	S	T	A	V	L	I	F	Y	W	H	M	C	P
0	0.04733	0.18704	0.25948	0.01304	0.01819	0.13520	0.01343	0.07580	0.01393	0.07452	0.01195	0.01526	0.00973	0.00744	0.02724	0.00190	0.02963	0.04786	0.00336	0.00769
1	0.01630	0.57669	0.05981	0.01174	0.04975	0.06282	0.01065	0.04664	0.04016	0.06459	0.00998	0.01090	0.00833	0.00531	0.00422	0.00137	0.00636	0.00362	0.00304	0.00774
2	0.01306	0.01178	0.08537	0.14548	0.04726	0.01016	0.04422	0.02948	0.10282	0.10675	0.07302	0.07265	0.03189	0.00759	0.00575	0.00172	0.00554	0.03299	0.00433	0.16815
3	0.01283	0.01306	0.10061	0.25789	0.12795	0.04200	0.01322	0.04826	0.08439	0.06165	0.09867	0.07194	0.01685	0.00759	0.00592	0.00186	0.00631	0.01769	0.00395	0.00734
4	0.01316	0.01279	0.04749	0.10402	0.45876	0.04586	0.01457	0.01624	0.01301	0.04544	0.04709	0.09836	0.04387	0.00727	0.00590	0.00180	0.00634	0.00669	0.00345	0.00789
5	0.01529	0.80242	0.02997	0.00979	0.01468	0.02263	0.00979	0.01713	0.01162	0.01346	0.00795	0.00918	0.00734	0.00489	0.00367	0.00122	0.00612	0.00306	0.00245	0.00734
6	0.01416	0.01533	0.14523	0.01393	0.01823	0.06294	0.14868	0.08803	0.12300	0.08395	0.14846	0.06494	0.03147	0.00791	0.00613	0.00185	0.00633	0.00709	0.00464	0.00770
7	0.01007	0.00636	0.00779	0.00768	0.00939	0.00581	0.00568	0.01222	0.04147	0.12525	0.12519	0.29367	0.26745	0.01510	0.03746	0.00231	0.00386	0.01190	0.00562	0.00572
8	0.02174	0.01602	0.01717	0.01316	0.01774	0.01774	0.01087	0.74423	0.02689	0.03605	0.01373	0.01373	0.00973	0.00687	0.00572	0.00172	0.00629	0.00515	0.00572	0.00973
9	0.01251	0.01251	0.01752	0.01502	0.01502	0.01752	0.01251	0.01377	0.00876	0.01377	0.00751	0.01251	0.00751	0.01001	0.01877	0.00250	0.78851	0.00501	0.00250	0.00626
10	0.00861	0.00584	0.00694	0.00682	0.00686	0.00610	0.00411	0.00857	0.00831	0.01121	0.01691	0.03441	0.01923	0.68314	0.05592	0.06123	0.04099	0.00786	0.00334	0.00359
11	0.00731	0.00571	0.00619	0.00618	0.00753	0.00506	0.00434	0.00859	0.01235	0.01551	0.14792	0.07833	0.46701	0.18921	0.01177	0.00273	0.00348	0.01115	0.00504	0.00460
12	0.00697	0.00498	0.00664	0.00796	0.00830	0.00465	0.00531	0.00796	0.01095	0.01460	0.03153	0.79525	0.03783	0.01792	0.00730	0.00232	0.00332	0.01626	0.00531	0.00465
13	0.01080	0.01017	0.01716	0.78523	0.03940	0.01271	0.01589	0.01461	0.01144	0.01461	0.01017	0.01525	0.00762	0.00572	0.00572	0.00191	0.00762	0.00508	0.00254	0.00635
14	0.00920	0.00594	0.00793	0.00878	0.00989	0.00558	0.00671	0.01085	0.01227	0.07769	0.03256	0.44131	0.09357	0.01608	0.00732	0.00234	0.00402	0.23726	0.00544	0.00528
15	0.05634	0.01055	0.01356	0.01044	0.01485	0.00971	0.00862	0.11415	0.01739	0.65037	0.02094	0.01838	0.01332	0.00699	0.00566	0.00176	0.00502	0.00558	0.00678	0.00960
16	0.00823	0.00588	0.00796	0.00796	0.00855	0.00648	0.00561	0.00942	0.00883	0.01236	0.01645	0.02872	0.01701	0.35892	0.46400	0.00767	0.01124	0.00704	0.00323	0.00442
17	0.01292	0.00751	0.00774	0.00692	0.00892	0.00785	0.00540	0.16196	0.01502	0.02432	0.01766	0.01978	0.01366	0.00671	0.00435	0.00141	0.00340	0.00529	0.66296	0.00623
18	0.01313	0.01240	0.02292	0.27136	0.09577	0.01343	0.26941	0.01672	0.01228	0.06679	0.01199	0.04387	0.00966	0.00644	0.00780	0.00198	0.10761	0.00612	0.00309	0.00723
19	0.01593	0.07841	0.01525	0.01181	0.01547	0.01568	0.00951	0.18277	0.53558	0.02567	0.01996	0.01870	0.01496	0.00733	0.00562	0.00183	0.00504	0.00590	0.00552	0.00906
20	0.01164	0.06260	0.73777	0.01602	0.02433	0.01368	0.02065	0.01807	0.01206	0.01792	0.01017	0.01195	0.00725	0.00541	0.00536	0.00179	0.00835	0.00418	0.00242	0.00841
21	0.01272	0.28225	0.52762	0.01417	0.02146	0.01634	0.01742	0.01779	0.01193	0.01659	0.00951	0.01113	0.00728	0.00526	0.00486	0.00162	0.00769	0.00384	0.00243	0.00809
22	0.00764	0.00574	0.00809	0.01028	0.07010	0.00545	0.00646	0.00890	0.01121	0.01503	0.02978	0.70348	0.03529	0.01679	0.00719	0.00228	0.00368	0.04247	0.00511	0.00503
23	0.01080	0.01017	0.01716	0.78523	0.03940	0.01271	0.01589	0.01461	0.01144	0.01461	0.01017	0.01525	0.00762	0.00572	0.00572	0.00191	0.00762	0.00508	0.00254	0.00635
24	0.01080	0.01017	0.01716	0.78523	0.03940	0.01271	0.01589	0.01461	0.01144	0.01461	0.01017	0.01525	0.00762	0.00572	0.00572	0.00191	0.00762	0.00508	0.00254	0.00635
25	0.00999	0.00532	0.00810	0.05976	0.00960	0.00549	0.00570	0.00793	0.00772	0.01025	0.00995	0.01724	0.00978	0.01892	0.02124	0.77765	0.00515	0.00498	0.00249	0.00274
26	0.00818	0.00552	0.00624	0.00632	0.00642	0.00546	0.00361	0.00829	0.00866	0.01147	0.02045	0.08087	0.05269	0.72218	0.02695	0.00521	0.00531	0.00892	0.00365	0.00359
27	0.00695	0.00504	0.00657	0.00779	0.00825	0.00466	0.00523	0.00798	0.01112	0.01467	0.03369	0.73459	0.09709	0.01764	0.00726	0.00229	0.00328	0.01592	0.00531	0.00466
28	0.01699	0.01443	0.04571	0.04494	0.05152	0.06510	0.06902	0.15062	0.32456	0.11513	0.01858	0.01818	0.02480	0.00697	0.00581	0.00183	0.00603	0.00587	0.00512	0.00879
29	0.01282	0.01384	0.02784	0.02119	0.05372	0.01396	0.52021	0.01650	0.01218	0.01685	0.01159	0.01728	0.00981	0.09075	0.01099	0.00240	0.13153	0.00658	0.00289	0.00708
30	0.01147	0.02959	0.76934	0.01630	0.02476	0.01328	0.02113	0.01811	0.01208	0.01811	0.01026	0.01208	0.00725	0.00543	0.00543	0.00181	0.00845	0.00423	0.00242	0.00845
31	0.05310	0.01118	0.01205	0.01025	0.01322	0.01220	0.00810	0.31951	0.13828	0.02742	0.10257	0.11570	0.01999	0.00883	0.00571	0.00179	0.00464	0.00726	0.12048	0.00773
32	0.01872	0.01077	0.04685	0.01167	0.04413	0.01000	0.00934	0.04591	0.13075	0.38866	0.06005	0.05633	0.01731	0.01054	0.05934	0.00238	0.04157	0.02135	0.00582	0.00851
33	0.00697	0.00498	0.00664	0.00796	0.00830	0.00465	0.00531	0.00796	0.01095	0.01460	0.03153	0.79525	0.03783	0.01792	0.00730	0.00232	0.00332	0.01626	0.00531	0.00465
34	0.00821	0.00553	0.00624	0.00630	0.00637	0.00548	0.00357	0.00830	0.00858	0.01138	0.01991	0.06969	0.04609	0.74029	0.02746	0.00529	0.00536	0.00877	0.00360	0.00356
35	0.01212	0.01172	0.02051	0.47660	0.27578	0.01314	0.07646	0.01588	0.01213	0.01625	0.01048	0.01491	0.00818	0.00544	0.00579	0.00184	0.00752	0.00523	0.00267	0.00735
36	0.00986	0.00832	0.01135	0.01043	0.01078	0.01045	0.00802	0.01084	0.00892	0.01288	0.01479	0.03949	0.04286	0.21822	0.21989	0.04228	0.30594	0.00664	0.00306	0.00499
37	0.01093	0.01041	0.01792	0.75033	0.03896	0.01279	0.04920	0.01478	0.01153	0.01478	0.01023	0.01526	0.00767	0.00568	0.00577	0.00191	0.00772	0.00516	0.00256	0.00642
38	0.00715	0.00508	0.00671	0.00795	0.00829	0.00478	0.00534	0.00814	0.01086	0.01446	0.03057	0.71621	0.03650	0.07037	0.00879	0.00255	0.00354	0.04295	0.00518	0.00459
39	0.04658	0.33074	0.22772	0.01268	0.01803	0.04215	0.04557	0.06480	0.01307	0.06765	0.01106	0.04278	0.00917	0.00610	0.00538	0.00161	0.03950	0.00449	0.00316	0.00776
40	0.01320	0.05889	0.07848	0.19558	0.19639	0.04262	0.13130	0.03209	0.04082	0.01711	0.01135	0.01592	0.00939	0.00634	0.00733	0.00189	0.09952	0.03124	0.00295	0.00754
41	0.01202	0.00763	0.01080	0.06208	0.01360	0.00750	0.04056	0.06791	0.01349	0.14053	0.02621	0.41998	0.02781	0.01361	0.00688	0.00218	0.00464	0.11105	0.00533	0.00620
42	0.04837	0.07938	0.08797	0.06234	0.04281	0.01576	0.01156	0.27554	0.18827	0.02509	0.01581	0.01635	0.03851	0.00708	0.00638	0.00181	0.05859	0.00536	0.00455	0.00847
43	0.06478	0.01248	0.01695	0.31461	0.06767	0.06386	0.06832	0.09905	0.04609	0.10723	0.04385	0.01612	0.01107	0.00617	0.00562	0.00178	0.00679	0.00530	0.00389	0.03837

[dist]
# distance from previous block
# <min> <max>
0	3

[block]
# block no. 3 follows, 41 sequences, length 12
# corresponding to MSA columns:
# 676-687
name=unknown_D
#
# <colnr> <probs for GDERKNQSTAVLIFYWHMCP>
#	G	D	E	R	K	N	Q	S	T	A	V	L	I	F	Y	W	H	M	C	P
0	0.01580	0.13708	0.18252	0.04887	0.16260	0.13433	0.01400	0.05861	0.08375	0.06564	0.01197	0.01332	0.00922	0.00573	0.00522	0.00163	0.00720	0.00450	0.00341	0.03462
1	0.07656	0.13958	0.25619	0.01433	0.02000	0.04176	0.14601	0.01918	0.01326	0.14307	0.06587	0.01540	0.01196	0.00597	0.00540	0.00172	0.00707	0.00510	0.00367	0.00791
2	0.00927	0.00774	0.01146	0.04830	0.19996	0.00756	0.00904	0.01132	0.01231	0.01649	0.08123	0.29625	0.13847	0.04202	0.00757	0.00220	0.00455	0.08375	0.00456	0.00593
3	0.07572	0.01034	0.01318	0.01096	0.01445	0.01027	0.06894	0.10143	0.12694	0.19379	0.02489	0.06215	0.11451	0.00911	0.00603	0.00189	0.00502	0.08751	0.00539	0.05747
4	0.01553	0.07845	0.01867	0.04790	0.24414	0.07788	0.03947	0.08291	0.01399	0.10399	0.01444	0.11431	0.01307	0.02100	0.00746	0.00189	0.08688	0.00642	0.00384	0.00775
5	0.01271	0.00791	0.00901	0.00793	0.00926	0.00807	0.00536	0.14303	0.01258	0.10155	0.01777	0.03112	0.01805	0.56635	0.02225	0.00443	0.00560	0.00746	0.00428	0.00531
6	0.00828	0.00587	0.00763	0.00851	0.00963	0.00561	0.00675	0.01032	0.01278	0.01715	0.11215	0.26009	0.12448	0.01513	0.00719	0.00228	0.00397	0.31241	0.06472	0.00506
7	0.01381	0.05590	0.09277	0.26714	0.28070	0.03606	0.04260	0.01743	0.01265	0.07141	0.01118	0.01425	0.00861	0.00543	0.00552	0.00172	0.00713	0.00488	0.00302	0.04779
8	0.04720	0.01628	0.15077	0.02999	0.08024	0.03446	0.10358	0.20331	0.06806	0.11737	0.01542	0.02970	0.01204	0.00700	0.00589	0.00185	0.00678	0.05711	0.00447	0.00848
9	0.01655	0.01616	0.01378	0.01216	0.01433	0.29863	0.00941	0.07965	0.01466	0.08479	0.09709	0.01872	0.01522	0.06837	0.09268	0.00284	0.12890	0.00555	0.00392	0.00659
10	0.44362	0.07631	0.01400	0.03022	0.05385	0.01243	0.07948	0.01716	0.01133	0.10225	0.01278	0.10074	0.01118	0.00685	0.00470	0.00180	0.00520	0.00539	0.00391	0.00680
11	0.00880	0.00689	0.00924	0.00901	0.01059	0.00635	0.04350	0.05143	0.01233	0.01659	0.02927	0.50379	0.10046	0.03115	0.00727	0.00214	0.00400	0.04284	0.00495	0.09939

[dist]
# distance from previous block
# <min> <max>
0	2

[block]
# block no. 4 follows, 41 sequences, length 20
# corresponding to MSA columns:
# 690-709
name=unknown_E
#
# <colnr> <probs for GDERKNQSTAVLIFYWHMCP>
#	G	D	E	R	K	N	Q	S	T	A	V	L	I	F	Y	W	H	M	C	P
0	0.00934	0.00601	0.00783	0.00777	0.00860	0.00617	0.00541	0.01042	0.00981	0.07045	0.02113	0.13151	0.05593	0.33536	0.28260	0.00592	0.00846	0.00859	0.00394	0.00474
1	0.01406	0.18276	0.33941	0.04494	0.05661	0.04081	0.03349	0.05167	0.01265	0.05452	0.01021	0.01223	0.00790	0.00606	0.00688	0.00176	0.10890	0.00433	0.00287	0.00793
2	0.01151	0.01639	0.24166	0.01655	0.10682	0.01080	0.14838	0.01582	0.01330	0.01936	0.17242	0.01952	0.01803	0.00641	0.00577	0.00164	0.00646	0.00596	0.00357	0.15964
3	0.01057	0.00694	0.00906	0.00922	0.04971	0.00641	0.00664	0.01330	0.03494	0.11341	0.38406	0.07111	0.17855	0.01178	0.00666	0.00191	0.00352	0.07026	0.00588	0.00608
4	0.01700	0.11904	0.11184	0.01223	0.01697	0.04177	0.01109	0.25042	0.20802	0.06189	0.01497	0.01490	0.01113	0.00641	0.00530	0.00164	0.00598	0.00493	0.00467	0.07982
5	0.01467	0.13053	0.06880	0.08225	0.15790	0.01315	0.03514	0.06598	0.04410	0.10342	0.03326	0.03309	0.03444	0.00660	0.00581	0.00164	0.03160	0.02232	0.00385	0.11144
6	0.01522	0.12709	0.27479	0.01789	0.14827	0.03068	0.06743	0.09243	0.04886	0.08891	0.02734	0.01414	0.00999	0.00580	0.00542	0.00171	0.00712	0.00485	0.00354	0.00853
7	0.01248	0.10527	0.60197	0.04358	0.02414	0.01408	0.05526	0.01827	0.01224	0.04632	0.01057	0.01235	0.00761	0.00542	0.00534	0.00176	0.00811	0.00432	0.00263	0.00828
8	0.01060	0.00935	0.01461	0.10636	0.30955	0.00941	0.01152	0.01328	0.01295	0.01760	0.12360	0.11231	0.11954	0.03085	0.00697	0.00202	0.00527	0.07338	0.00410	0.00673
9	0.01434	0.08558	0.37829	0.05857	0.05656	0.06753	0.03903	0.01880	0.01300	0.12166	0.01363	0.04597	0.01092	0.00666	0.00559	0.00180	0.00744	0.04324	0.00341	0.00798
10	0.04490	0.02997	0.07632	0.07965	0.01934	0.01167	0.10368	0.08855	0.09525	0.28200	0.03417	0.01911	0.02645	0.00684	0.00577	0.00180	0.00601	0.02373	0.00507	0.03971
11	0.00895	0.00758	0.01134	0.21276	0.07949	0.00823	0.00957	0.01104	0.01149	0.01515	0.02560	0.37214	0.09581	0.01284	0.00727	0.00215	0.04140	0.05735	0.00425	0.00559
12	0.01309	0.01108	0.04379	0.15098	0.10358	0.01060	0.16292	0.04810	0.01358	0.10866	0.04619	0.16658	0.01837	0.00901	0.00644	0.00199	0.00640	0.06730	0.00422	0.00712
13	0.04752	0.01310	0.03425	0.04557	0.09574	0.02659	0.02971	0.22008	0.07915	0.06015	0.04604	0.01527	0.01176	0.00600	0.00527	0.00150	0.00558	0.00492	0.00442	0.24739
14	0.01328	0.03536	0.05426	0.04554	0.23834	0.01217	0.15508	0.04372	0.01314	0.05139	0.05014	0.01975	0.01323	0.04932	0.03307	0.00222	0.04469	0.04393	0.00348	0.07789
15	0.00707	0.00512	0.00671	0.00793	0.00844	0.00476	0.00544	0.00819	0.01123	0.01480	0.03348	0.70008	0.09297	0.01755	0.00729	0.00231	0.00339	0.05324	0.00531	0.00469
16	0.05603	0.01107	0.05019	0.15294	0.14290	0.01091	0.05489	0.04873	0.09050	0.06834	0.01856	0.20024	0.01767	0.00922	0.00613	0.00198	0.00579	0.04251	0.00422	0.00718
17	0.01815	0.01063	0.01522	0.07775	0.05037	0.01035	0.08086	0.07160	0.08651	0.32975	0.01896	0.02074	0.02956	0.09965	0.00853	0.00220	0.00572	0.00611	0.00522	0.05213
18	0.01096	0.00825	0.00961	0.00964	0.04956	0.05646	0.00685	0.01314	0.01450	0.09015	0.35631	0.11010	0.14604	0.01128	0.00708	0.00186	0.04547	0.00957	0.03721	0.00596
19	0.01120	0.05141	0.01403	0.21697	0.04785	0.01102	0.01059	0.04651	0.06866	0.01670	0.01646	0.11778	0.01589	0.01265	0.08159	0.02651	0.05988	0.08764	0.00371	0.08295

[dist]
# distance from previous block
# <min> <max>
6	19

[block]
# block no. 5 follows, 41 sequences, length 57
# corresponding to MSA columns:
# 729-785
name=unknown_F
#
# <colnr> <probs for GDERKNQSTAVLIFYWHMCP>
#	G	D	E	R	K	N	Q	S	T	A	V	L	I	F	Y	W	H	M	C	P
0	0.06431	0.01070	0.03773	0.14378	0.05139	0.03900	0.03998	0.04487	0.06724	0.07673	0.01877	0.26167	0.01854	0.00994	0.00670	0.00196	0.04580	0.00855	0.00429	0.04806
1	0.04068	0.10026	0.06803	0.01177	0.01597	0.03743	0.06978	0.11870	0.12385	0.05769	0.05270	0.05047	0.01483	0.00713	0.00542	0.00163	0.00564	0.04239	0.02261	0.15302
2	0.03807	0.01225	0.01497	0.01214	0.01573	0.03719	0.07315	0.13933	0.23209	0.15561	0.11231	0.02044	0.01798	0.00753	0.00641	0.00180	0.04043	0.00625	0.00540	0.05092
3	0.00820	0.00602	0.00797	0.00794	0.00861	0.00653	0.00565	0.00944	0.00956	0.01322	0.05793	0.07016	0.06654	0.30474	0.36183	0.00651	0.03302	0.00798	0.00361	0.00453
4	0.00822	0.00585	0.00778	0.00773	0.00837	0.00627	0.00541	0.00951	0.00973	0.01361	0.11142	0.03119	0.02202	0.34930	0.37146	0.00675	0.00970	0.00756	0.00364	0.00447
5	0.01428	0.01299	0.05140	0.22636	0.47331	0.01285	0.01639	0.01781	0.01290	0.08956	0.01172	0.01486	0.00910	0.00546	0.00568	0.00176	0.00689	0.00512	0.00315	0.00840
6	0.00771	0.00583	0.00711	0.00679	0.00831	0.00523	0.00510	0.01005	0.01529	0.02079	0.55886	0.04626	0.25673	0.01249	0.00675	0.00184	0.00276	0.01084	0.00601	0.00523
7	0.01200	0.04278	0.01261	0.00853	0.01360	0.00824	0.00690	0.01451	0.01185	0.01843	0.01008	0.01175	0.00843	0.00426	0.00421	0.00086	0.00431	0.00338	0.00335	0.79992
8	0.00832	0.00555	0.00624	0.00624	0.00624	0.00555	0.00347	0.00832	0.00832	0.01109	0.01802	0.03743	0.02080	0.79898	0.02911	0.00555	0.00555	0.00832	0.00347	0.00347
9	0.01454	0.01123	0.01375	0.01182	0.01499	0.01227	0.06510	0.02600	0.50762	0.10056	0.07047	0.03941	0.01886	0.00869	0.00698	0.05225	0.00484	0.00680	0.00554	0.00828
10	0.01241	0.04037	0.42856	0.01923	0.02620	0.01413	0.30900	0.01800	0.01250	0.01792	0.01063	0.01337	0.00783	0.00536	0.00646	0.00187	0.04027	0.00524	0.00261	0.00804
11	0.02423	0.00942	0.01281	0.00993	0.01411	0.00816	0.00816	0.02648	0.01636	0.70635	0.08293	0.02137	0.01742	0.00746	0.00583	0.00177	0.00469	0.00613	0.00702	0.00938
12	0.00857	0.00655	0.00776	0.00816	0.00939	0.00642	0.00582	0.05484	0.08290	0.01739	0.07336	0.48917	0.17742	0.01528	0.00693	0.00215	0.00350	0.01352	0.00544	0.00545
13	0.01490	0.72300	0.10596	0.01046	0.01572	0.02167	0.01095	0.01723	0.01167	0.01394	0.00819	0.00947	0.00733	0.00495	0.00385	0.00128	0.00636	0.00318	0.00244	0.00745
14	0.00697	0.00498	0.00664	0.00796	0.00830	0.00465	0.00531	0.00796	0.01095	0.01460	0.03153	0.79525	0.03783	0.01792	0.00730	0.00232	0.00332	0.01626	0.00531	0.00465
15	0.00756	0.00581	0.00691	0.00667	0.00823	0.00516	0.00499	0.00974	0.01487	0.01989	0.47544	0.06296	0.32527	0.01289	0.00676	0.00186	0.00279	0.01113	0.00590	0.00516
16	0.40493	0.01127	0.01293	0.01101	0.04424	0.01167	0.05400	0.06801	0.01363	0.29581	0.01400	0.01387	0.00960	0.00602	0.00477	0.00177	0.00513	0.00451	0.00490	0.00792
17	0.02894	0.01306	0.01896	0.09670	0.16888	0.01431	0.09786	0.16573	0.13386	0.06928	0.01457	0.01765	0.01145	0.00697	0.00721	0.00191	0.08498	0.03515	0.00422	0.00832
18	0.01080	0.01017	0.01716	0.78523	0.03940	0.01271	0.01589	0.01461	0.01144	0.01461	0.01017	0.01525	0.00762	0.00572	0.00572	0.00191	0.00762	0.00508	0.00254	0.00635
19	0.01299	0.01403	0.08975	0.18001	0.18400	0.01290	0.25306	0.01689	0.01261	0.05473	0.01287	0.07330	0.01083	0.00643	0.00668	0.00191	0.03987	0.00642	0.00314	0.00760
20	0.00930	0.00599	0.00767	0.00714	0.00864	0.00554	0.00539	0.01197	0.01572	0.06110	0.63703	0.03907	0.04740	0.01088	0.00638	0.00174	0.00281	0.00953	0.10109	0.00561
21	0.00824	0.00629	0.00875	0.00869	0.00955	0.00712	0.00654	0.00982	0.00947	0.01324	0.01994	0.06691	0.08250	0.15100	0.51596	0.00729	0.05296	0.00745	0.00341	0.00487
22	0.00725	0.00534	0.00679	0.00743	0.00828	0.00488	0.00519	0.00879	0.01271	0.01704	0.23757	0.47854	0.14774	0.01569	0.00707	0.00212	0.00309	0.01401	0.00558	0.00488
23	0.01231	0.02144	0.40866	0.09939	0.13257	0.01346	0.08874	0.04965	0.01282	0.01833	0.01239	0.01486	0.03814	0.00601	0.00636	0.00185	0.04706	0.00508	0.00280	0.00805
24	0.25385	0.01116	0.01448	0.11292	0.10189	0.01163	0.04277	0.05792	0.02896	0.27458	0.01446	0.01501	0.01007	0.00607	0.00512	0.00178	0.00556	0.00485	0.01888	0.00803
25	0.83938	0.01106	0.00841	0.00752	0.01106	0.01283	0.00619	0.01681	0.00973	0.02566	0.00796	0.00929	0.00619	0.00531	0.00354	0.00177	0.00442	0.00310	0.00354	0.00619
26	0.01067	0.00895	0.01050	0.01144	0.09583	0.04280	0.00740	0.03729	0.12397	0.01754	0.13614	0.03266	0.11320	0.21801	0.08603	0.00351	0.00594	0.02771	0.00447	0.00596
27	0.02476	0.00954	0.01299	0.01002	0.01429	0.00825	0.00825	0.02700	0.01636	0.72912	0.06037	0.02066	0.01620	0.00732	0.00580	0.00177	0.00476	0.00599	0.00704	0.00951
28	0.00819	0.00607	0.00887	0.00887	0.00978	0.00698	0.00675	0.01001	0.00910	0.01304	0.01561	0.02409	0.01500	0.12475	0.69543	0.00880	0.01426	0.00637	0.00311	0.00493
29	0.00790	0.00584	0.00738	0.00699	0.00843	0.00531	0.00524	0.01042	0.01573	0.02185	0.65822	0.04452	0.15671	0.01210	0.00675	0.00182	0.00273	0.01060	0.00615	0.00531
30	0.01208	0.01029	0.01198	0.00857	0.01365	0.00784	0.00687	0.03022	0.01219	0.01902	0.01024	0.01190	0.00850	0.00429	0.00427	0.00087	0.00428	0.00343	0.00344	0.81608
31	0.05526	0.05146	0.09849	0.05049	0.01475	0.00971	0.08794	0.04301	0.01207	0.06446	0.10468	0.02752	0.01932	0.29729	0.01434	0.00318	0.00603	0.03016	0.00391	0.00592
32	0.05998	0.17499	0.21349	0.01400	0.01964	0.01586	0.10326	0.18231	0.05294	0.09197	0.01243	0.01329	0.00910	0.00584	0.00526	0.00169	0.00691	0.00471	0.00389	0.00846
33	0.01266	0.05181	0.02019	0.21642	0.26874	0.01484	0.03783	0.01543	0.01115	0.01572	0.00965	0.01399	0.00829	0.00791	0.03375	0.00221	0.24444	0.00505	0.00265	0.00727
34	0.00745	0.00540	0.00703	0.00752	0.00837	0.00498	0.00530	0.00921	0.01334	0.01827	0.34951	0.42899	0.08329	0.01503	0.00703	0.00207	0.00303	0.01347	0.00574	0.00498
35	0.00864	0.00670	0.00870	0.00826	0.00948	0.00693	0.00626	0.01163	0.05244	0.02047	0.50981	0.11939	0.07260	0.01372	0.04728	0.00231	0.07408	0.01016	0.00562	0.00554
36	0.01985	0.01541	0.01606	0.01275	0.01682	0.06388	0.01038	0.48743	0.12782	0.06601	0.01471	0.01472	0.01072	0.00697	0.00630	0.00173	0.04642	0.00518	0.00534	0.05150
37	0.00678	0.00571	0.00588	0.00602	0.00779	0.00481	0.00445	0.00818	0.01282	0.01536	0.05515	0.13329	0.68454	0.01485	0.00682	0.00197	0.00294	0.01251	0.00531	0.00481
38	0.00713	0.00536	0.00662	0.00726	0.00820	0.00484	0.00508	0.00858	0.01250	0.01644	0.17967	0.45996	0.22589	0.01583	0.00705	0.00212	0.00309	0.01404	0.00550	0.00484
39	0.01098	0.00753	0.00931	0.00853	0.01009	0.00791	0.00640	0.05050	0.08976	0.07134	0.28374	0.05600	0.03013	0.14647	0.10336	0.00335	0.04173	0.00820	0.04874	0.00594
40	0.09662	0.01147	0.01433	0.01108	0.01547	0.01119	0.03257	0.18108	0.04127	0.49570	0.01903	0.01725	0.01242	0.00682	0.00558	0.00177	0.00528	0.00544	0.00630	0.00933
41	0.01421	0.01094	0.01763	0.47573	0.17815	0.01231	0.01473	0.03286	0.02932	0.13970	0.01269	0.01583	0.00924	0.00589	0.00572	0.00184	0.00691	0.00523	0.00348	0.00758
42	0.00831	0.00558	0.00642	0.00642	0.00648	0.00564	0.00369	0.00843	0.00837	0.01122	0.01786	0.03653	0.02040	0.75323	0.07433	0.00577	0.00614	0.00819	0.00344	0.00357
43	0.01080	0.01017	0.01716	0.78523	0.03940	0.01271	0.01589	0.01461	0.01144	0.01461	0.01017	0.01525	0.00762	0.00572	0.00572	0.00191	0.00762	0.00508	0.00254	0.00635
44	0.01950	0.01138	0.01357	0.01135	0.01503	0.01173	0.00938	0.23207	0.14171	0.28986	0.02160	0.02667	0.01699	0.00879	0.00616	0.00195	0.00530	0.14206	0.00613	0.00877
45	0.06868	0.01855	0.08750	0.05280	0.01803	0.25000	0.01133	0.16720	0.05362	0.12507	0.01340	0.04286	0.01038	0.00693	0.00614	0.00175	0.04862	0.00504	0.00426	0.00785
46	0.00707	0.00511	0.00672	0.00796	0.00844	0.00475	0.00545	0.00817	0.01119	0.01478	0.03306	0.71379	0.08135	0.01761	0.00730	0.00231	0.00339	0.05156	0.00531	0.00469
47	0.02174	0.01602	0.01717	0.01316	0.01774	0.01774	0.01087	0.74423	0.02689	0.03605	0.01373	0.01373	0.00973	0.00687	0.00572	0.00172	0.00629	0.00515	0.00572	0.00973
48	0.01321	0.01210	0.02076	0.25007	0.44918	0.01272	0.05247	0.01663	0.01261	0.04545	0.01214	0.05498	0.01030	0.00600	0.00582	0.00181	0.00693	0.00578	0.00304	0.00800
49	0.09031	0.01645	0.10043	0.01674	0.05799	0.04538	0.21203	0.26984	0.01768	0.04870	0.01231	0.01401	0.00906	0.00594	0.00590	0.00178	0.02074	0.00527	0.04115	0.00831
50	0.00697	0.00498	0.00664	0.00796	0.00830	0.00465	0.00531	0.00796	0.01095	0.01460	0.03153	0.79525	0.03783	0.01792	0.00730	0.00232	0.00332	0.01626	0.00531	0.00465
51	0.01978	0.00963	0.01228	0.01005	0.01355	0.00914	0.00816	0.11880	0.05231	0.42842	0.15339	0.05479	0.02283	0.00884	0.00612	0.00185	0.00462	0.05043	0.00652	0.00847
52	0.11078	0.01253	0.10593	0.01467	0.09179	0.01063	0.12487	0.05117	0.01341	0.07906	0.10289	0.14386	0.06672	0.00894	0.00651	0.00192	0.03514	0.00788	0.00429	0.00703
53	0.02209	0.00887	0.01209	0.00986	0.01352	0.00775	0.00797	0.02414	0.01541	0.61943	0.02427	0.13917	0.01859	0.00912	0.00608	0.00189	0.00465	0.03961	0.00673	0.00876
54	0.01623	0.01036	0.01186	0.00981	0.01237	0.01092	0.00744	0.30186	0.01694	0.13552	0.01680	0.02414	0.01489	0.30470	0.07749	0.00376	0.00654	0.00650	0.00487	0.00702
55	0.08367	0.01348	0.01695	0.32306	0.10147	0.12373	0.04043	0.03741	0.01327	0.13450	0.01181	0.01442	0.00873	0.00608	0.00616	0.00182	0.04730	0.00488	0.00352	0.00732
56	0.01667	0.01370	0.01747	0.02038	0.28909	0.08079	0.01249	0.15874	0.04960	0.10510	0.08500	0.01929	0.01512	0.00720	0.00663	0.00180	0.05355	0.03457	0.00441	0.00838

[dist]
# distance from previous block
# <min> <max>
5	10

[block]
# block no. 6 follows, 41 sequences, length 22
# corresponding to MSA columns:
# 796-817
name=unknown_G
#
# <colnr> <probs for GDERKNQSTAVLIFYWHMCP>
#	G	D	E	R	K	N	Q	S	T	A	V	L	I	F	Y	W	H	M	C	P
0	0.01433	0.48356	0.10525	0.01005	0.01437	0.01675	0.00988	0.01650	0.01180	0.08674	0.01324	0.10808	0.01271	0.06678	0.00643	0.00180	0.00587	0.00545	0.00332	0.00707
1	0.08654	0.13290	0.22176	0.01339	0.01894	0.01375	0.11811	0.05112	0.07869	0.01980	0.04950	0.01432	0.01098	0.00565	0.00512	0.00159	0.00649	0.00474	0.00340	0.14323
2	0.01101	0.01056	0.01841	0.72769	0.03868	0.01284	0.07082	0.01489	0.01159	0.01489	0.01027	0.01526	0.00770	0.00565	0.00580	0.00191	0.00778	0.00521	0.00257	0.00646
3	0.00787	0.00621	0.00706	0.00749	0.00874	0.00594	0.00528	0.01080	0.10163	0.01579	0.03927	0.37380	0.30037	0.07205	0.00850	0.00237	0.00347	0.01295	0.00524	0.00516
4	0.17727	0.01072	0.01263	0.09573	0.01642	0.01175	0.00923	0.11546	0.10426	0.19592	0.01784	0.03191	0.03280	0.00958	0.04545	0.00228	0.04141	0.05673	0.00494	0.00767
5	0.11235	0.01028	0.01144	0.00836	0.01325	0.00826	0.00671	0.01470	0.01160	0.01949	0.00990	0.01155	0.00820	0.00437	0.00415	0.00096	0.00426	0.00335	0.00341	0.73343
6	0.00740	0.00533	0.00677	0.00738	0.00806	0.00496	0.00503	0.00873	0.01211	0.01633	0.21388	0.45410	0.09976	0.11093	0.00977	0.00255	0.00340	0.01347	0.00533	0.00471
7	0.00703	0.00502	0.00669	0.00792	0.00831	0.00468	0.00531	0.00811	0.01122	0.01503	0.06937	0.75617	0.03867	0.01760	0.00727	0.00230	0.00329	0.01595	0.00536	0.00468
8	0.03975	0.01620	0.02215	0.04139	0.27781	0.13491	0.17603	0.11265	0.08451	0.02068	0.01209	0.01434	0.00946	0.00566	0.00579	0.00175	0.00766	0.00532	0.00353	0.00831
9	0.02042	0.02536	0.01636	0.01565	0.05963	0.67531	0.01127	0.02311	0.07173	0.01501	0.01004	0.01137	0.00823	0.00599	0.00524	0.00152	0.00968	0.00397	0.00316	0.00695
10	0.00782	0.00570	0.00750	0.00833	0.00931	0.00537	0.00635	0.00968	0.01286	0.01710	0.18128	0.35761	0.11323	0.01570	0.00731	0.00227	0.00371	0.21838	0.00550	0.00500
11	0.02082	0.01841	0.16093	0.01298	0.01762	0.18811	0.01195	0.09657	0.01616	0.33376	0.01531	0.01497	0.01045	0.00662	0.00625	0.00174	0.04905	0.00488	0.00484	0.00858
12	0.01586	0.01394	0.02018	0.04587	0.42182	0.05658	0.05336	0.09012	0.10468	0.07722	0.02447	0.01623	0.02141	0.00601	0.00576	0.00174	0.00659	0.00550	0.00388	0.00878
13	0.01308	0.01114	0.01833	0.01455	0.01679	0.01265	0.19897	0.01572	0.01202	0.08144	0.10293	0.01885	0.01510	0.00812	0.01087	0.00203	0.30656	0.00622	0.12794	0.00669
14	0.01057	0.11742	0.01473	0.01124	0.01231	0.01272	0.00921	0.01213	0.00963	0.01368	0.01387	0.13313	0.01438	0.02182	0.27565	0.00460	0.29723	0.00682	0.00311	0.00577
15	0.01025	0.00779	0.00879	0.00854	0.01052	0.00792	0.00637	0.01626	0.24067	0.05889	0.10160	0.23963	0.23491	0.01269	0.00656	0.00202	0.00360	0.01097	0.00565	0.00639
16	0.36965	0.14274	0.11812	0.01195	0.01666	0.05397	0.09883	0.05901	0.04629	0.02170	0.00978	0.01125	0.00760	0.00543	0.00451	0.00170	0.00628	0.00399	0.00333	0.00722
17	0.01556	0.01312	0.05548	0.14475	0.15949	0.05399	0.05797	0.01948	0.05590	0.16403	0.01347	0.01503	0.00996	0.00559	0.00541	0.00158	0.00631	0.00490	0.00390	0.19409
18	0.06058	0.38566	0.25850	0.01288	0.01877	0.01798	0.05975	0.05922	0.04674	0.01767	0.00994	0.01130	0.00793	0.00532	0.00462	0.00154	0.00691	0.00394	0.00287	0.00786
19	0.01101	0.13166	0.01321	0.01007	0.05310	0.00973	0.00740	0.01276	0.01034	0.04865	0.01402	0.02125	0.01336	0.18173	0.30824	0.00519	0.00926	0.00561	0.00327	0.13013
20	0.22206	0.05703	0.04841	0.01204	0.07043	0.01358	0.00931	0.22705	0.07495	0.02478	0.04074	0.01776	0.04586	0.05541	0.05495	0.00243	0.00605	0.00532	0.00433	0.00751
21	0.16599	0.04075	0.09121	0.01126	0.04019	0.04659	0.00935	0.17544	0.03403	0.06320	0.05694	0.15054	0.03656	0.04508	0.00662	0.00201	0.00542	0.00711	0.00456	0.00716

[dist]
# distance from previous block
# <min> <max>
3	8

[block]
# block no. 7 follows, 41 sequences, length 13
# corresponding to MSA columns:
# 826-838
name=unknown_H
#
# <colnr> <probs for GDERKNQSTAVLIFYWHMCP>
#	G	D	E	R	K	N	Q	S	T	A	V	L	I	F	Y	W	H	M	C	P
0	0.37841	0.05786	0.17314	0.01032	0.01510	0.01293	0.01020	0.08546	0.02720	0.08288	0.03765	0.01363	0.02629	0.00603	0.00459	0.00171	0.00548	0.00427	0.00390	0.04296
1	0.08581	0.16798	0.09033	0.01153	0.01542	0.19590	0.01020	0.06871	0.03911	0.06897	0.04756	0.05268	0.01234	0.00850	0.04301	0.00196	0.02277	0.00498	0.00371	0.04852
2	0.10690	0.08048	0.01750	0.06529	0.08558	0.08490	0.06000	0.14200	0.08502	0.13311	0.01441	0.01695	0.01117	0.00673	0.00581	0.00178	0.02802	0.04191	0.00439	0.00805
3	0.00740	0.00568	0.00684	0.00734	0.00862	0.00512	0.00550	0.00910	0.01299	0.01672	0.16548	0.26810	0.32761	0.01519	0.00708	0.00212	0.00333	0.11536	0.00547	0.00494
4	0.01493	0.06547	0.01628	0.15392	0.07273	0.15489	0.01143	0.02381	0.35740	0.01902	0.01583	0.01661	0.01223	0.00675	0.00598	0.00180	0.03350	0.00534	0.00415	0.00791
5	0.01681	0.00974	0.01207	0.00926	0.01357	0.00808	0.00741	0.05430	0.01413	0.28998	0.01713	0.09916	0.01376	0.00687	0.00519	0.00138	0.00447	0.00572	0.00505	0.40593
6	0.13737	0.22095	0.18062	0.01180	0.01656	0.10207	0.01169	0.06193	0.01346	0.09924	0.04667	0.01311	0.01028	0.00612	0.00545	0.00164	0.04566	0.00425	0.00354	0.00758
7	0.01517	0.06704	0.05203	0.02681	0.01679	0.26959	0.06534	0.01832	0.04908	0.04698	0.01765	0.03035	0.01699	0.00937	0.00655	0.00197	0.02774	0.25164	0.00397	0.00660
8	0.00742	0.00566	0.00681	0.00687	0.00822	0.00506	0.00502	0.00936	0.01409	0.01875	0.37744	0.19356	0.29329	0.01386	0.00686	0.00195	0.00289	0.01209	0.00577	0.00506
9	0.01533	0.54829	0.05064	0.01075	0.01573	0.05141	0.04613	0.01758	0.01219	0.05094	0.00928	0.01053	0.00790	0.00496	0.00413	0.00126	0.00621	0.00349	0.00285	0.13041
10	0.20594	0.05250	0.09378	0.03888	0.05520	0.01322	0.03565	0.17522	0.02809	0.17586	0.01444	0.01701	0.01092	0.00670	0.00527	0.00180	0.00588	0.05087	0.00461	0.00816
11	0.00806	0.00622	0.00850	0.00915	0.00959	0.00674	0.00670	0.00931	0.01059	0.01445	0.02610	0.51414	0.03034	0.05154	0.09312	0.00325	0.10277	0.07990	0.00464	0.00491
12	0.02158	0.01052	0.01403	0.01103	0.01498	0.00993	0.04317	0.15984	0.01767	0.48043	0.05919	0.09672	0.01747	0.00825	0.00600	0.00182	0.00510	0.00697	0.00641	0.00891

[dist]
# distance from previous block
# <min> <max>
0	1

[block]
# block no. 8 follows, 41 sequences, length 52
# corresponding to MSA columns:
# 840-874,876-892
name=unknown_I
#
# <colnr> <probs for GDERKNQSTAVLIFYWHMCP>
#	G	D	E	R	K	N	Q	S	T	A	V	L	I	F	Y	W	H	M	C	P
0	0.01356	0.01195	0.01662	0.24591	0.06555	0.01342	0.07386	0.06441	0.32822	0.03536	0.01734	0.01850	0.02786	0.00670	0.00582	0.00186	0.00608	0.00592	0.00434	0.03673
1	0.02018	0.04350	0.01748	0.01325	0.01704	0.04003	0.01099	0.54612	0.02262	0.06397	0.01277	0.01353	0.00941	0.00729	0.00775	0.00182	0.13315	0.00504	0.00506	0.00899
2	0.00912	0.00647	0.00889	0.01006	0.01123	0.00647	0.00858	0.01146	0.01263	0.01645	0.02893	0.06152	0.03158	0.10253	0.01025	0.00296	0.00530	0.64545	0.00507	0.00507
3	0.01186	0.01017	0.01186	0.00847	0.01356	0.00762	0.00678	0.01440	0.01186	0.01864	0.01017	0.01186	0.00847	0.00424	0.00424	0.00085	0.00424	0.00339	0.00339	0.83395
4	0.00710	0.00507	0.00678	0.00811	0.00850	0.00475	0.00553	0.00818	0.01108	0.01474	0.03146	0.75412	0.03755	0.01780	0.00733	0.00234	0.00343	0.05614	0.00531	0.00468
5	0.01066	0.00533	0.00533	0.00533	0.00666	0.00533	0.00400	0.01333	0.01200	0.02132	0.01866	0.02132	0.01466	0.00666	0.00400	0.00133	0.00267	0.00533	0.83073	0.00533
6	0.00922	0.00658	0.00922	0.01053	0.01185	0.00658	0.00922	0.01185	0.01317	0.01712	0.03029	0.06452	0.03292	0.01580	0.00790	0.00263	0.00527	0.72480	0.00527	0.00527
7	0.01288	0.01129	0.01884	0.52864	0.17961	0.01293	0.04631	0.04704	0.01277	0.05879	0.01119	0.01521	0.00841	0.00568	0.00575	0.00185	0.00733	0.00520	0.00300	0.00728
8	0.05523	0.01481	0.01997	0.01542	0.01974	0.06659	0.22247	0.23694	0.16448	0.05677	0.05679	0.01717	0.01331	0.00659	0.00596	0.00182	0.00684	0.00600	0.00472	0.00839
9	0.00741	0.00514	0.00674	0.00783	0.00836	0.00483	0.00539	0.00872	0.01153	0.01583	0.08805	0.65180	0.03731	0.01657	0.00706	0.00223	0.00331	0.04533	0.06179	0.00478
10	0.01263	0.01298	0.02067	0.01676	0.01796	0.01668	0.16171	0.01462	0.00974	0.01469	0.00850	0.01331	0.00789	0.00962	0.03181	0.00252	0.61340	0.00539	0.00259	0.00653
11	0.04970	0.05223	0.01864	0.02043	0.28532	0.03053	0.06313	0.08088	0.08899	0.09737	0.03726	0.05414	0.01404	0.00792	0.02265	0.00198	0.02354	0.03891	0.00416	0.00820
12	0.35532	0.01145	0.01175	0.00968	0.01336	0.05403	0.00794	0.02213	0.01314	0.37190	0.01483	0.01434	0.01008	0.00649	0.00571	0.00180	0.05855	0.00451	0.00510	0.00788
13	0.00705	0.00510	0.00669	0.00792	0.00841	0.00474	0.00541	0.00815	0.01119	0.01477	0.03328	0.71375	0.08704	0.01760	0.00729	0.00231	0.00337	0.04595	0.00531	0.00468
14	0.06058	0.01410	0.04200	0.10480	0.42296	0.04628	0.07144	0.04932	0.08070	0.01955	0.01216	0.02914	0.00993	0.00575	0.00565	0.00177	0.00687	0.00536	0.00328	0.00834
15	0.04595	0.00963	0.01411	0.21266	0.08950	0.01055	0.05752	0.01647	0.16045	0.01865	0.11520	0.18476	0.02217	0.00935	0.00618	0.00196	0.00537	0.00844	0.00436	0.00674
16	0.01571	0.26333	0.20729	0.01476	0.02013	0.16005	0.12605	0.03362	0.02868	0.04809	0.01029	0.01192	0.00808	0.00550	0.00535	0.00160	0.02462	0.00430	0.00293	0.00770
17	0.01429	0.01342	0.01819	0.03931	0.11621	0.03145	0.01300	0.12828	0.01237	0.01792	0.00901	0.01296	0.00806	0.00866	0.01435	0.00224	0.52500	0.00502	0.00306	0.00718
18	0.01314	0.01292	0.01969	0.02268	0.30023	0.01602	0.01444	0.01521	0.01039	0.01564	0.00875	0.01314	0.00810	0.00814	0.01377	0.00220	0.49055	0.00504	0.00263	0.00733
