[name]
unknown

[dist]
# distance from previous block
# <min> <max>
0	333

[block]
# block no. 0 follows, 35 sequences, length 10
# corresponding to MSA columns:
# 345-349,351-355
name=unknown_A
#
# <colnr> <probs for GDERKNQSTAVLIFYWHMCP>
#	G	D	E	R	K	N	Q	S	T	A	V	L	I	F	Y	W	H	M	C	P
0	0.00850	0.00605	0.00811	0.00932	0.00993	0.00591	0.00672	0.00995	0.01219	0.01625	0.03175	0.49585	0.03688	0.10109	0.06696	0.00360	0.00539	0.15489	0.00548	0.00519
1	0.00897	0.00631	0.00807	0.00808	0.00877	0.00636	0.00549	0.01039	0.01223	0.01696	0.22597	0.11530	0.03413	0.33346	0.16683	0.00540	0.00716	0.01029	0.00487	0.00496
2	0.01113	0.00807	0.01005	0.00916	0.01107	0.00816	0.00707	0.01535	0.09131	0.07024	0.46762	0.04254	0.14065	0.01246	0.00831	0.00209	0.06099	0.01050	0.00652	0.00671
3	0.01186	0.00783	0.00935	0.00869	0.00984	0.00826	0.00601	0.09350	0.01248	0.04601	0.01898	0.03261	0.01921	0.43608	0.19444	0.00613	0.00854	0.00792	0.05676	0.00549
4	0.15622	0.01223	0.01365	0.01142	0.01542	0.01278	0.00915	0.13712	0.17310	0.27643	0.02195	0.09811	0.01699	0.00891	0.00616	0.00206	0.00531	0.00718	0.00644	0.00938
5	0.10683	0.01717	0.01593	0.01313	0.01699	0.16977	0.01055	0.25251	0.02027	0.16569	0.03390	0.01638	0.01220	0.00764	0.00698	0.00191	0.06435	0.00541	0.05343	0.00895
6	0.20498	0.31655	0.07866	0.01201	0.01708	0.06643	0.04386	0.07656	0.01415	0.02113	0.01037	0.01262	0.00875	0.03397	0.00572	0.00180	0.00689	0.00417	0.00346	0.06083
7	0.01570	0.01507	0.02575	0.03894	0.73748	0.01507	0.01947	0.01947	0.01444	0.02073	0.01193	0.01570	0.01005	0.00565	0.00628	0.00188	0.00754	0.00565	0.00314	0.01005
8	0.15507	0.01154	0.01418	0.01106	0.01582	0.01087	0.00913	0.07934	0.01784	0.57614	0.02172	0.01932	0.01393	0.00752	0.00598	0.00196	0.00544	0.00586	0.00711	0.01017
9	0.63446	0.01430	0.01087	0.00976	0.01358	0.09047	0.00784	0.02130	0.10478	0.02688	0.01115	0.01216	0.00863	0.00631	0.00444	0.00195	0.00560	0.00399	0.00419	0.00733

[dist]
# distance from previous block
# <min> <max>
4	8

[block]
# block no. 1 follows, 35 sequences, length 30
# corresponding to MSA columns:
# 366-395
name=unknown_B
#
# <colnr> <probs for GDERKNQSTAVLIFYWHMCP>
#	G	D	E	R	K	N	Q	S	T	A	V	L	I	F	Y	W	H	M	C	P
0	0.01777	0.13817	0.26516	0.01681	0.02352	0.01668	0.13914	0.13211	0.05211	0.11670	0.01435	0.01542	0.01033	0.00643	0.00610	0.00192	0.00810	0.00549	0.00422	0.00948
1	0.01455	0.01441	0.06316	0.22282	0.19402	0.01597	0.01631	0.01870	0.05687	0.05273	0.01205	0.01608	0.00979	0.00792	0.01103	0.00226	0.25408	0.00569	0.00334	0.00822
2	0.00830	0.00643	0.00757	0.00735	0.00908	0.00569	0.00549	0.01064	0.01627	0.02158	0.42465	0.07854	0.34650	0.01453	0.00751	0.00208	0.00311	0.01252	0.00648	0.00569
3	0.01957	0.18302	0.08412	0.04302	0.02286	0.28754	0.15122	0.05584	0.01634	0.06248	0.01157	0.01345	0.00904	0.00615	0.00584	0.00176	0.00946	0.00493	0.00351	0.00829
4	0.01767	0.02048	0.28656	0.08146	0.11409	0.01382	0.09637	0.04746	0.01533	0.20140	0.01508	0.01653	0.01053	0.00658	0.00675	0.00202	0.02842	0.00569	0.00424	0.00952
5	0.00940	0.00771	0.00843	0.00803	0.01023	0.00737	0.00609	0.01428	0.14031	0.02128	0.25905	0.05038	0.40633	0.01383	0.00731	0.00210	0.00346	0.01172	0.00632	0.00637
6	0.00817	0.00642	0.00737	0.00720	0.00900	0.00563	0.00538	0.01037	0.01594	0.02080	0.36180	0.07996	0.40969	0.01482	0.00751	0.00209	0.00313	0.01270	0.00638	0.00563
7	0.01131	0.00877	0.01229	0.01165	0.01241	0.01060	0.00903	0.01290	0.01100	0.05888	0.01985	0.22199	0.02095	0.06398	0.25484	0.00526	0.23447	0.00953	0.00417	0.00612
8	0.01461	0.09933	0.20453	0.30934	0.12748	0.05799	0.01798	0.06140	0.01448	0.01908	0.01129	0.01474	0.00866	0.00616	0.00598	0.00194	0.00847	0.00508	0.00306	0.00840
9	0.01143	0.01333	0.19051	0.01231	0.01568	0.00870	0.01216	0.01501	0.01390	0.06164	0.02730	0.21110	0.02852	0.01416	0.00759	0.00249	0.00606	0.29729	0.04397	0.00685
10	0.02412	0.01777	0.01904	0.01460	0.01967	0.01967	0.01206	0.71633	0.02983	0.03998	0.01523	0.01523	0.01079	0.00762	0.00635	0.00190	0.00698	0.00571	0.00635	0.01079
11	0.13193	0.01513	0.06609	0.03096	0.53877	0.01430	0.01686	0.01907	0.01377	0.02201	0.01205	0.01532	0.00989	0.00583	0.00580	0.00188	0.00695	0.00529	0.05884	0.00926
12	0.15830	0.36012	0.02318	0.01240	0.01678	0.28252	0.01063	0.02151	0.01449	0.03638	0.00960	0.01095	0.00813	0.00597	0.00470	0.00158	0.00809	0.00373	0.00325	0.00771
13	0.02374	0.01758	0.01883	0.01452	0.01953	0.01950	0.01197	0.68589	0.06087	0.03938	0.01570	0.01561	0.01117	0.00766	0.00635	0.00191	0.00689	0.00578	0.00635	0.01076
14	0.01819	0.07750	0.05421	0.03007	0.09213	0.01434	0.01150	0.22538	0.07955	0.12731	0.07652	0.12669	0.02007	0.00941	0.00649	0.00200	0.00600	0.00789	0.00566	0.00910
15	0.00941	0.00674	0.00856	0.00842	0.00877	0.00737	0.00561	0.01018	0.00955	0.01320	0.01847	0.03500	0.02009	0.51330	0.25356	0.00723	0.04802	0.00829	0.00365	0.00456
16	0.00939	0.00654	0.00836	0.00866	0.00922	0.00681	0.00610	0.01051	0.01054	0.01422	0.02201	0.04362	0.02406	0.45063	0.19868	0.00646	0.00867	0.14670	0.00414	0.00468
17	0.01424	0.01552	0.06043	0.13556	0.27596	0.01479	0.28612	0.01864	0.01411	0.01951	0.01345	0.06110	0.01142	0.00661	0.00715	0.00208	0.02435	0.00704	0.00325	0.00866
18	0.01863	0.02141	0.10970	0.06688	0.15082	0.23555	0.15210	0.02228	0.01555	0.09368	0.01257	0.01503	0.00958	0.00642	0.00698	0.00194	0.04317	0.00550	0.00359	0.00863
19	0.02097	0.01683	0.06823	0.01789	0.02354	0.01588	0.23492	0.27528	0.05838	0.17677	0.01682	0.01747	0.01172	0.00690	0.00670	0.00201	0.00788	0.00643	0.00544	0.00996
20	0.01165	0.01108	0.06058	0.06129	0.07924	0.01001	0.11306	0.01472	0.01436	0.05212	0.17307	0.22771	0.05899	0.01212	0.00817	0.00224	0.05145	0.02614	0.00501	0.00701
21	0.01317	0.03988	0.11610	0.33104	0.18207	0.01427	0.01692	0.01714	0.01324	0.03244	0.04733	0.05550	0.01303	0.00757	0.00760	0.00210	0.07298	0.00636	0.00332	0.00795
22	0.01519	0.15027	0.02462	0.21204	0.25724	0.08541	0.08098	0.01855	0.01397	0.01776	0.01249	0.06030	0.01101	0.00670	0.00608	0.00189	0.00807	0.00602	0.00317	0.00826
23	0.01951	0.52829	0.02796	0.01235	0.01719	0.20680	0.01114	0.03723	0.01487	0.05936	0.01019	0.01130	0.00866	0.00590	0.00468	0.00148	0.00788	0.00380	0.00325	0.00816
24	0.03110	0.15447	0.26718	0.01548	0.06700	0.03849	0.02926	0.02141	0.03567	0.16276	0.05816	0.06183	0.01513	0.00757	0.00597	0.00190	0.00718	0.00614	0.00435	0.00893
25	0.01578	0.01396	0.02381	0.13400	0.49007	0.01435	0.06103	0.01943	0.01427	0.07572	0.01362	0.04371	0.01133	0.00661	0.00695	0.00199	0.03424	0.00627	0.00355	0.00931
26	0.01248	0.05538	0.01193	0.00970	0.01223	0.01012	0.00758	0.05179	0.18089	0.05707	0.38430	0.07451	0.08358	0.01156	0.00697	0.00203	0.00404	0.00994	0.00649	0.00742
27	0.06544	0.28409	0.14510	0.01624	0.02194	0.15331	0.15715	0.02125	0.04634	0.01832	0.01101	0.01297	0.00886	0.00588	0.00549	0.00175	0.00867	0.00474	0.00315	0.00829
28	0.01738	0.01978	0.23674	0.01892	0.04790	0.01436	0.20884	0.07020	0.04802	0.16365	0.04069	0.01792	0.01259	0.00691	0.00735	0.00207	0.04662	0.00629	0.00444	0.00933
29	0.01342	0.01397	0.05915	0.44286	0.26882	0.01457	0.06127	0.01772	0.01344	0.01813	0.01159	0.01635	0.00903	0.00604	0.00638	0.00204	0.00834	0.00571	0.00294	0.00824

[dist]
# distance from previous block
# <min> <max>
0	10

[block]
# block no. 2 follows, 35 sequences, length 10
# corresponding to MSA columns:
# 406-415
name=unknown_C
#
# <colnr> <probs for GDERKNQSTAVLIFYWHMCP>
#	G	D	E	R	K	N	Q	S	T	A	V	L	I	F	Y	W	H	M	C	P
0	0.00792	0.00638	0.00705	0.00702	0.00886	0.00551	0.00521	0.00987	0.01526	0.01934	0.24536	0.10574	0.50327	0.01548	0.00753	0.00213	0.00318	0.01318	0.00619	0.00551
1	0.01728	0.05495	0.10244	0.10857	0.06986	0.06138	0.09513	0.04676	0.01570	0.18466	0.05811	0.06868	0.05564	0.00836	0.00683	0.00201	0.02314	0.00723	0.00477	0.00849
2	0.05924	0.01665	0.14834	0.04774	0.14439	0.01343	0.08064	0.12144	0.01715	0.17759	0.05156	0.04567	0.03227	0.00759	0.00641	0.00200	0.00707	0.00661	0.00491	0.00929
3	0.00949	0.00678	0.00939	0.01085	0.01199	0.00667	0.00896	0.01188	0.01389	0.01817	0.03399	0.27665	0.03810	0.01821	0.00857	0.00282	0.00521	0.49688	0.00586	0.00564
4	0.01308	0.01285	0.02267	0.30156	0.17658	0.01369	0.17387	0.01797	0.05889	0.01880	0.01840	0.05237	0.07603	0.00755	0.00677	0.00210	0.00789	0.00736	0.00360	0.00796
5	0.03206	0.05736	0.14157	0.09363	0.08413	0.05254	0.12856	0.08010	0.06286	0.12546	0.04406	0.04092	0.01368	0.00718	0.00639	0.00199	0.00775	0.00637	0.00444	0.00895
6	0.01402	0.01473	0.06187	0.18107	0.36147	0.01417	0.14114	0.01819	0.01405	0.01942	0.01414	0.04733	0.01239	0.00703	0.00672	0.00207	0.00813	0.05003	0.00333	0.00869
7	0.00957	0.00610	0.00805	0.00867	0.00957	0.00564	0.00601	0.01086	0.01332	0.06675	0.15231	0.50881	0.06506	0.04532	0.00958	0.04404	0.00385	0.01501	0.00597	0.00552
8	0.04463	0.03706	0.09009	0.12155	0.09674	0.07926	0.04941	0.10694	0.01718	0.23289	0.01675	0.03574	0.01241	0.00735	0.00628	0.00197	0.00743	0.02216	0.00497	0.00919
9	0.03969	0.01307	0.07327	0.11946	0.04168	0.03263	0.05363	0.06257	0.12456	0.08748	0.04177	0.09666	0.01831	0.00985	0.02189	0.00223	0.00644	0.04019	0.10663	0.00800

[dist]
# distance from previous block
# <min> <max>
7	15

[block]
# block no. 3 follows, 35 sequences, length 8
# corresponding to MSA columns:
# 432-439
name=unknown_D
#
# <colnr> <probs for GDERKNQSTAVLIFYWHMCP>
#	G	D	E	R	K	N	Q	S	T	A	V	L	I	F	Y	W	H	M	C	P
0	0.01784	0.04839	0.10675	0.14158	0.02475	0.03224	0.12707	0.08019	0.03835	0.17445	0.01554	0.01731	0.01117	0.00692	0.00712	0.00198	0.05450	0.00586	0.05589	0.03210
1	0.01677	0.05971	0.25939	0.05360	0.02466	0.05043	0.13160	0.12196	0.07787	0.07099	0.01412	0.01561	0.01030	0.00641	0.00619	0.00191	0.00824	0.00552	0.00407	0.06065
2	0.01489	0.00871	0.01053	0.00940	0.01220	0.00825	0.00727	0.01966	0.13188	0.21670	0.20135	0.11033	0.19832	0.01227	0.00708	0.00210	0.00409	0.01048	0.00677	0.00772
3	0.01647	0.53559	0.11232	0.01368	0.01945	0.05148	0.08540	0.02049	0.06087	0.01687	0.01070	0.01221	0.00903	0.00574	0.00487	0.00158	0.00755	0.00424	0.00303	0.00842
4	0.01850	0.05736	0.07727	0.06224	0.07146	0.04635	0.05142	0.02165	0.01537	0.26748	0.06339	0.06757	0.01690	0.00984	0.04311	0.00228	0.00699	0.00675	0.00518	0.08890
5	0.01182	0.01506	0.16901	0.18393	0.11124	0.01180	0.06172	0.01664	0.05345	0.01879	0.02152	0.16548	0.06691	0.00993	0.00680	0.00217	0.00698	0.03326	0.02589	0.00762
6	0.01049	0.00742	0.00931	0.05842	0.01234	0.00713	0.00693	0.01372	0.05561	0.07096	0.31916	0.10232	0.21719	0.05114	0.00859	0.00232	0.00398	0.03048	0.00619	0.00629
7	0.02083	0.13796	0.09769	0.03364	0.01824	0.05632	0.01175	0.05800	0.09004	0.30224	0.03795	0.03919	0.01473	0.00785	0.00673	0.00193	0.04398	0.00604	0.00552	0.00936

[dist]
# distance from previous block
# <min> <max>
0	2

[block]
# block no. 4 follows, 35 sequences, length 28
# corresponding to MSA columns:
# 442-447,452-467,472-477
name=unknown_E
#
# <colnr> <probs for GDERKNQSTAVLIFYWHMCP>
#	G	D	E	R	K	N	Q	S	T	A	V	L	I	F	Y	W	H	M	C	P
0	0.01683	0.08567	0.11463	0.10517	0.16803	0.01487	0.15418	0.02211	0.07191	0.14090	0.01558	0.03593	0.01186	0.00666	0.00637	0.00198	0.00777	0.00624	0.00415	0.00916
1	0.00939	0.00830	0.06301	0.00983	0.01149	0.00691	0.00823	0.01167	0.01271	0.01754	0.03062	0.26572	0.09289	0.04304	0.11309	0.02168	0.00650	0.17774	0.08394	0.00571
2	0.01173	0.02003	0.33151	0.16979	0.07957	0.01252	0.05731	0.01671	0.01351	0.01861	0.02170	0.07416	0.12894	0.00860	0.00657	0.00209	0.00773	0.00744	0.00351	0.00796
3	0.07754	0.01315	0.03398	0.10965	0.02042	0.01299	0.01113	0.17842	0.06070	0.35442	0.03207	0.01899	0.01374	0.00749	0.00618	0.00196	0.00613	0.00597	0.00627	0.02880
4	0.04559	0.01599	0.04257	0.05019	0.08502	0.11559	0.11769	0.10168	0.12746	0.05480	0.01780	0.08264	0.01528	0.01128	0.06200	0.00266	0.00833	0.03038	0.00461	0.00842
5	0.01215	0.01161	0.02008	0.71969	0.04309	0.01421	0.05754	0.01644	0.01282	0.01644	0.01136	0.01692	0.00852	0.00629	0.00641	0.00212	0.00858	0.00574	0.00284	0.00713
6	0.01568	0.24603	0.02387	0.19654	0.06243	0.03848	0.08312	0.01998	0.06664	0.05951	0.01285	0.01525	0.01013	0.00605	0.00552	0.00171	0.00721	0.00506	0.02968	0.09426
7	0.01230	0.01058	0.04016	0.01386	0.10006	0.03585	0.00931	0.01689	0.14449	0.04776	0.02502	0.34382	0.02608	0.04075	0.00930	0.06282	0.00522	0.01123	0.00513	0.03937
8	0.04057	0.09284	0.06864	0.25420	0.02651	0.07833	0.01399	0.18952	0.06017	0.02353	0.05075	0.01683	0.01226	0.00722	0.00662	0.00196	0.03797	0.00557	0.00417	0.00837
9	0.01830	0.03691	0.04383	0.29217	0.04224	0.01666	0.06667	0.29992	0.02009	0.06782	0.01367	0.01614	0.00990	0.00690	0.00660	0.00200	0.02082	0.00575	0.00456	0.00904
10	0.01231	0.01013	0.01055	0.00988	0.01224	0.05955	0.00755	0.01867	0.20333	0.05040	0.17603	0.06856	0.18278	0.01622	0.09920	0.00306	0.00601	0.00954	0.03685	0.00713
11	0.01245	0.00994	0.01347	0.05320	0.09102	0.01158	0.01006	0.04134	0.01325	0.01993	0.06670	0.02594	0.09044	0.01203	0.04894	0.01907	0.21090	0.02222	0.22076	0.00675
12	0.00916	0.00639	0.00806	0.00781	0.00929	0.00593	0.00587	0.01195	0.01680	0.02398	0.55123	0.08525	0.09938	0.01309	0.00723	0.00201	0.00313	0.03316	0.09439	0.00589
13	0.00898	0.00648	0.00848	0.00798	0.00948	0.00599	0.00599	0.01197	0.01796	0.02544	0.73413	0.04739	0.05986	0.01297	0.00748	0.00200	0.00299	0.01147	0.00698	0.00599
14	0.00881	0.00648	0.00825	0.00780	0.00937	0.00591	0.00585	0.01165	0.01756	0.02450	0.65821	0.04894	0.13636	0.01332	0.00748	0.00201	0.00302	0.01169	0.00686	0.00591
15	0.01696	0.78087	0.03324	0.01085	0.01628	0.02510	0.01085	0.01900	0.01289	0.01493	0.00882	0.01018	0.00814	0.00543	0.00407	0.00136	0.00678	0.00339	0.00271	0.00814
16	0.00982	0.00698	0.00958	0.01092	0.01212	0.00693	0.00914	0.01227	0.01384	0.01807	0.03262	0.15823	0.03608	0.08151	0.01065	0.00315	0.00559	0.55123	0.00568	0.00559
17	0.01696	0.78087	0.03324	0.01085	0.01628	0.02510	0.01085	0.01900	0.01289	0.01493	0.00882	0.01018	0.00814	0.00543	0.00407	0.00136	0.00678	0.00339	0.00271	0.00814
18	0.01637	0.00937	0.01224	0.01175	0.01448	0.00924	0.01004	0.10253	0.01726	0.19654	0.02888	0.05111	0.02771	0.01366	0.00775	0.00252	0.00578	0.42259	0.03254	0.00764
19	0.00923	0.00615	0.00692	0.00692	0.00692	0.00615	0.00384	0.00923	0.00923	0.01230	0.01999	0.04151	0.02306	0.77705	0.03229	0.00615	0.00615	0.00923	0.00384	0.00384
20	0.00912	0.00655	0.00896	0.00896	0.00966	0.00726	0.00638	0.01053	0.00983	0.01381	0.01813	0.03120	0.01859	0.32359	0.47963	0.00866	0.01289	0.00772	0.00357	0.00498
21	0.01858	0.00915	0.01182	0.01037	0.01354	0.00855	0.00836	0.02194	0.06837	0.35468	0.03095	0.03763	0.11848	0.07779	0.05989	0.00308	0.00600	0.12610	0.00650	0.00821
22	0.02685	0.01437	0.01620	0.01263	0.01745	0.07445	0.01033	0.22166	0.02140	0.48516	0.02102	0.01897	0.01370	0.00768	0.00631	0.00192	0.00635	0.00600	0.00705	0.01051
23	0.01165	0.00663	0.00799	0.00745	0.00924	0.00622	0.00566	0.01456	0.01615	0.08466	0.39149	0.03658	0.05429	0.01051	0.00624	0.00180	0.00319	0.00899	0.31036	0.00635
24	0.01353	0.02644	0.53377	0.01665	0.02368	0.01420	0.01970	0.01923	0.01311	0.06826	0.01387	0.07770	0.01144	0.00801	0.00824	0.00216	0.11186	0.00604	0.00331	0.00879
25	0.00940	0.00843	0.06330	0.01033	0.01207	0.00686	0.00884	0.01200	0.01399	0.01892	0.10372	0.28940	0.07451	0.01646	0.00796	0.00254	0.00485	0.28961	0.04094	0.00587
26	0.01384	0.01011	0.01536	0.41575	0.02948	0.01150	0.01309	0.01825	0.07321	0.12723	0.01991	0.18819	0.01800	0.00980	0.00675	0.00220	0.00663	0.00867	0.00458	0.00744
27	0.01716	0.50079	0.07070	0.06421	0.02048	0.05353	0.07104	0.04535	0.04293	0.04510	0.01105	0.01262	0.00912	0.00587	0.00496	0.00160	0.00746	0.00434	0.00326	0.00841

[dist]
# distance from previous block
# <min> <max>
0	19

[block]
# block no. 5 follows, 35 sequences, length 13
# corresponding to MSA columns:
# 497-509
name=unknown_F
#
# <colnr> <probs for GDERKNQSTAVLIFYWHMCP>
#	G	D	E	R	K	N	Q	S	T	A	V	L	I	F	Y	W	H	M	C	P
0	0.09824	0.06710	0.05576	0.21193	0.06451	0.21712	0.01335	0.01990	0.05649	0.01842	0.01428	0.06814	0.01282	0.00794	0.00603	0.00198	0.00813	0.04674	0.00366	0.00746
1	0.01251	0.01079	0.01377	0.14889	0.01979	0.00925	0.00924	0.01561	0.01356	0.02033	0.08502	0.01734	0.01437	0.00585	0.00529	0.00127	0.00522	0.00489	0.00391	0.58312
2	0.01601	0.06444	0.21980	0.02155	0.21672	0.01539	0.01668	0.06955	0.04347	0.08651	0.01448	0.06024	0.01199	0.00775	0.00810	0.00206	0.10606	0.00611	0.00389	0.00918
3	0.00770	0.00564	0.00724	0.00853	0.00912	0.00518	0.00575	0.00887	0.01244	0.01631	0.03866	0.68303	0.12945	0.01939	0.00802	0.00252	0.00362	0.01745	0.00589	0.00518
4	0.01711	0.04869	0.07973	0.28714	0.11324	0.08939	0.06211	0.02177	0.05705	0.14092	0.01441	0.01685	0.01052	0.00654	0.00624	0.00198	0.00808	0.00565	0.00398	0.00858
5	0.05695	0.34465	0.15558	0.01549	0.03819	0.10387	0.08528	0.02011	0.03123	0.01761	0.01026	0.01238	0.00856	0.00622	0.00643	0.00176	0.06976	0.00445	0.00299	0.00825
6	0.01218	0.00948	0.01391	0.01532	0.15559	0.00899	0.04652	0.04459	0.01703	0.06595	0.36705	0.03891	0.15653	0.01111	0.00713	0.00200	0.00465	0.00988	0.00586	0.00731
7	0.01315	0.01128	0.01315	0.00940	0.01503	0.00846	0.00752	0.01597	0.01315	0.02067	0.01128	0.01315	0.00940	0.00470	0.00470	0.00094	0.00470	0.00376	0.00376	0.81583
8	0.01355	0.00723	0.00940	0.00918	0.01106	0.00674	0.00708	0.01581	0.01485	0.17566	0.14428	0.21424	0.03334	0.05381	0.00846	0.00243	0.00434	0.13222	0.12964	0.00668
9	0.02244	0.00917	0.01195	0.00965	0.01338	0.00816	0.00780	0.02507	0.01696	0.49477	0.09632	0.02472	0.02034	0.00826	0.00602	0.00185	0.00456	0.00679	0.20266	0.00912
10	0.00898	0.00648	0.00848	0.00798	0.00948	0.00599	0.00599	0.01197	0.01796	0.02544	0.73413	0.04739	0.05986	0.01297	0.00748	0.00200	0.00299	0.01147	0.00698	0.00599
11	0.82186	0.01227	0.00932	0.00834	0.01227	0.01423	0.00687	0.01865	0.01080	0.02846	0.00883	0.01031	0.00687	0.00589	0.00393	0.00196	0.00491	0.00344	0.00393	0.00687
12	0.74021	0.01244	0.01031	0.05335	0.01445	0.01445	0.00773	0.04785	0.01171	0.02822	0.00925	0.01091	0.00713	0.00599	0.00417	0.00197	0.00521	0.00366	0.00396	0.00705

[dist]
# distance from previous block
# <min> <max>
0	3

[block]
# block no. 6 follows, 35 sequences, length 31
# corresponding to MSA columns:
# 513-523,584-601,612,613
name=unknown_G
#
# <colnr> <probs for GDERKNQSTAVLIFYWHMCP>
#	G	D	E	R	K	N	Q	S	T	A	V	L	I	F	Y	W	H	M	C	P
0	0.46130	0.01734	0.01381	0.01276	0.05135	0.17639	0.00962	0.14784	0.01603	0.02736	0.01037	0.01172	0.00803	0.00633	0.00488	0.00188	0.00685	0.00410	0.00419	0.00785
1	0.00988	0.00707	0.00977	0.01086	0.01228	0.00696	0.00924	0.01274	0.01515	0.02011	0.16785	0.09524	0.04120	0.01675	0.00849	0.00273	0.00521	0.53656	0.00606	0.00584
2	0.00769	0.00638	0.00673	0.00675	0.00871	0.00542	0.00502	0.00944	0.01475	0.01809	0.14358	0.09976	0.61402	0.01591	0.00753	0.00215	0.00321	0.01342	0.00602	0.00542
3	0.02075	0.01558	0.01675	0.01353	0.01781	0.01729	0.01092	0.50247	0.16432	0.03487	0.01912	0.08045	0.01524	0.00883	0.00646	0.00200	0.00620	0.00703	0.03037	0.01003
4	0.01578	0.01363	0.01434	0.01291	0.01650	0.01578	0.01004	0.03371	0.72602	0.02654	0.02582	0.02367	0.01937	0.00861	0.00646	0.00215	0.00502	0.00717	0.00646	0.01004
5	0.02245	0.01430	0.01614	0.01305	0.01755	0.01531	0.01056	0.27836	0.27073	0.23849	0.02178	0.02003	0.01522	0.00803	0.00639	0.00201	0.00583	0.00642	0.00682	0.01053
6	0.02370	0.03023	0.01798	0.01634	0.01961	0.75158	0.01226	0.02533	0.01798	0.01553	0.00981	0.01144	0.00817	0.00654	0.00572	0.00163	0.01144	0.00409	0.00327	0.00735
7	0.00906	0.00680	0.01020	0.01020	0.01133	0.00793	0.00793	0.01133	0.01020	0.01473	0.01699	0.02492	0.01586	0.04758	0.75191	0.01020	0.01699	0.00680	0.00340	0.00566
8	0.01649	0.01515	0.17723	0.01562	0.10197	0.01065	0.03495	0.02026	0.01581	0.23117	0.16862	0.05072	0.07106	0.00920	0.00714	0.00203	0.02998	0.00782	0.00547	0.00866
9	0.02846	0.01080	0.01472	0.01129	0.01619	0.00932	0.00932	0.03092	0.01816	0.74187	0.02503	0.02159	0.01570	0.00785	0.00638	0.00196	0.00540	0.00638	0.00785	0.01080
10	0.01198	0.01128	0.01903	0.76180	0.04369	0.01409	0.01762	0.01621	0.01268	0.01621	0.01128	0.01691	0.00846	0.00634	0.00634	0.00211	0.00846	0.00564	0.00282	0.00705
11	0.01456	0.01519	0.04992	0.10320	0.42287	0.01459	0.19499	0.01872	0.01423	0.01988	0.01353	0.06388	0.01174	0.00655	0.00670	0.00202	0.00824	0.00687	0.00329	0.00905
12	0.00968	0.00728	0.01024	0.01100	0.05569	0.00806	0.00734	0.01119	0.01010	0.01424	0.01752	0.03008	0.01791	0.30996	0.42173	0.00799	0.03361	0.00758	0.00353	0.00531
13	0.82186	0.01227	0.00932	0.00834	0.01227	0.01423	0.00687	0.01865	0.01080	0.02846	0.00883	0.01031	0.00687	0.00589	0.00393	0.00196	0.00491	0.00344	0.00393	0.00687
14	0.00898	0.00648	0.00848	0.00798	0.00948	0.00599	0.00599	0.01197	0.01796	0.02544	0.73413	0.04739	0.05986	0.01297	0.00748	0.00200	0.00299	0.01147	0.00698	0.00599
15	0.01198	0.01128	0.01903	0.76180	0.04369	0.01409	0.01762	0.01621	0.01268	0.01621	0.01128	0.01691	0.00846	0.00634	0.00634	0.00211	0.00846	0.00564	0.00282	0.00705
16	0.02637	0.01415	0.01680	0.01288	0.01787	0.01430	0.01064	0.36045	0.02377	0.40442	0.02032	0.01853	0.01334	0.00774	0.00636	0.00193	0.00616	0.00606	0.00713	0.01079
17	0.02846	0.01080	0.01472	0.01129	0.01619	0.00932	0.00932	0.03092	0.01816	0.74187	0.02503	0.02159	0.01570	0.00785	0.00638	0.00196	0.00540	0.00638	0.00785	0.01080
18	0.01022	0.00730	0.01022	0.01168	0.01314	0.00730	0.01022	0.01314	0.01460	0.01899	0.03359	0.07156	0.03651	0.01752	0.00876	0.00292	0.00584	0.69478	0.00584	0.00584
19	0.05275	0.01119	0.01340	0.00985	0.01522	0.00894	0.00797	0.02006	0.01438	0.21273	0.01482	0.01527	0.01096	0.00559	0.00511	0.00126	0.00489	0.00444	0.00485	0.56629
20	0.76722	0.01182	0.00919	0.00838	0.01206	0.01362	0.00680	0.01799	0.01089	0.02764	0.01059	0.06149	0.00923	0.00683	0.00421	0.00200	0.00483	0.00442	0.00406	0.00676
21	0.00941	0.00608	0.00706	0.00706	0.00706	0.00608	0.00402	0.00912	0.00912	0.01217	0.01904	0.03917	0.02180	0.69754	0.03150	0.09138	0.00608	0.00883	0.00373	0.00373
22	0.00751	0.00638	0.00647	0.00654	0.00860	0.00535	0.00487	0.00909	0.01435	0.01709	0.06289	0.09445	0.70239	0.01625	0.00753	0.00216	0.00324	0.01361	0.00589	0.00535
23	0.53404	0.01173	0.01128	0.00941	0.01369	0.01245	0.00776	0.02310	0.01347	0.28726	0.01471	0.01440	0.01007	0.00660	0.00482	0.00196	0.00509	0.00450	0.00535	0.00829
24	0.01533	0.19113	0.05306	0.14647	0.34379	0.04853	0.05122	0.01881	0.01387	0.01825	0.01178	0.03855	0.01019	0.00620	0.00587	0.00183	0.00778	0.00551	0.00307	0.00875
25	0.01448	0.01975	0.22607	0.03061	0.44728	0.01460	0.07519	0.01934	0.01437	0.02075	0.04783	0.01675	0.01194	0.00610	0.00637	0.00194	0.00807	0.00582	0.00321	0.00954
26	0.00773	0.00552	0.00736	0.00883	0.00920	0.00515	0.00589	0.00883	0.01215	0.01619	0.03497	0.77291	0.04196	0.01987	0.00810	0.00258	0.00368	0.01803	0.00589	0.00515
27	0.01080	0.00612	0.00684	0.00666	0.00814	0.00594	0.00499	0.01377	0.01498	0.02429	0.27723	0.03219	0.03194	0.00940	0.00553	0.00166	0.00297	0.00791	0.52270	0.00594
28	0.01396	0.01507	0.12270	0.01258	0.05302	0.01077	0.01083	0.07423	0.04079	0.02223	0.01445	0.01593	0.04083	0.00581	0.00529	0.00132	0.00567	0.00469	0.00397	0.52585
29	0.01485	0.11384	0.50371	0.01833	0.05805	0.01629	0.06690	0.07923	0.01500	0.03930	0.01188	0.01375	0.00867	0.00608	0.00595	0.00193	0.00878	0.00490	0.00318	0.00937
30	0.00773	0.00552	0.00736	0.00883	0.00920	0.00515	0.00589	0.00883	0.01215	0.01619	0.03497	0.77291	0.04196	0.01987	0.00810	0.00258	0.00368	0.01803	0.00589	0.00515

[dist]
# distance from previous block
# <min> <max>
3	16

[block]
# block no. 7 follows, 35 sequences, length 24
# corresponding to MSA columns:
# 649,650,653-674
name=unknown_H
#
# <colnr> <probs for GDERKNQSTAVLIFYWHMCP>
#	G	D	E	R	K	N	Q	S	T	A	V	L	I	F	Y	W	H	M	C	P
0	0.01508	0.01443	0.08328	0.06955	0.15146	0.01156	0.01233	0.07208	0.01491	0.05609	0.01237	0.01447	0.00973	0.00549	0.00544	0.00142	0.00613	0.00460	0.00387	0.43573
1	0.08886	0.01195	0.01336	0.01088	0.01458	0.01225	0.00870	0.17569	0.08021	0.02680	0.15583	0.04570	0.02142	0.00842	0.00688	0.00176	0.05543	0.00662	0.02766	0.22701
2	0.02037	0.25253	0.02268	0.07367	0.02041	0.44754	0.01233	0.02232	0.01572	0.01539	0.00957	0.01159	0.00819	0.00637	0.00586	0.00163	0.03917	0.00406	0.00305	0.00755
3	0.04911	0.00715	0.00875	0.00898	0.00966	0.00758	0.00651	0.01119	0.01087	0.01524	0.02240	0.04560	0.02470	0.43863	0.08403	0.00526	0.03989	0.19533	0.00431	0.00482
4	0.05306	0.11840	0.19441	0.05437	0.12382	0.01605	0.05130	0.08298	0.11111	0.11138	0.01504	0.01608	0.01109	0.00658	0.00593	0.00192	0.00732	0.00542	0.00430	0.00943
5	0.01320	0.01100	0.01777	0.02521	0.40108	0.01083	0.01346	0.01586	0.01362	0.05791	0.02127	0.29273	0.02225	0.01278	0.03933	0.00250	0.00642	0.01026	0.00441	0.00811
6	0.00907	0.00675	0.00998	0.00998	0.01104	0.00781	0.00766	0.01119	0.01013	0.01457	0.01719	0.02603	0.01634	0.09608	0.70406	0.00993	0.01627	0.00696	0.00343	0.00554
7	0.01804	0.01458	0.04963	0.08136	0.22250	0.01434	0.10083	0.07407	0.10693	0.16535	0.01786	0.01920	0.03218	0.00721	0.00725	0.00204	0.04597	0.00639	0.00476	0.00951
8	0.11790	0.01505	0.10644	0.11938	0.07051	0.01327	0.09072	0.05826	0.07825	0.19354	0.06084	0.01912	0.01443	0.00713	0.00622	0.00202	0.00687	0.00613	0.00496	0.00895
9	0.01231	0.00931	0.01375	0.01718	0.22345	0.00881	0.01007	0.01522	0.01622	0.08176	0.34589	0.07287	0.12528	0.01112	0.00707	0.00201	0.00459	0.00990	0.00574	0.00746
10	0.02617	0.01401	0.01666	0.01282	0.01777	0.01416	0.01058	0.34006	0.04200	0.40659	0.02063	0.01878	0.01358	0.00777	0.00637	0.00194	0.00610	0.00610	0.00714	0.01077
11	0.09370	0.07046	0.12923	0.01722	0.09005	0.01425	0.09952	0.02273	0.03082	0.24026	0.01608	0.01821	0.01187	0.00737	0.00766	0.00206	0.08704	0.02771	0.00468	0.00910
12	0.01407	0.06913	0.19111	0.01994	0.04301	0.01410	0.33260	0.01882	0.01445	0.05677	0.04413	0.09002	0.04661	0.00777	0.00690	0.00208	0.00851	0.00788	0.00380	0.00831
13	0.06592	0.00866	0.00978	0.00890	0.01141	0.00862	0.00684	0.01776	0.15391	0.09364	0.30876	0.04077	0.19708	0.03084	0.00756	0.00216	0.00388	0.00999	0.00644	0.00710
14	0.01300	0.01137	0.01894	0.61929	0.10830	0.01355	0.01685	0.01696	0.01311	0.05405	0.01310	0.05061	0.01047	0.00695	0.00642	0.00210	0.00800	0.00623	0.00325	0.00745
15	0.09390	0.07479	0.16325	0.04492	0.09200	0.01415	0.09197	0.05344	0.04023	0.23305	0.02768	0.01703	0.01193	0.00667	0.00604	0.00195	0.00717	0.00565	0.00478	0.00938
16	0.00815	0.00645	0.00734	0.00712	0.00897	0.00563	0.00534	0.01038	0.01601	0.02082	0.36133	0.05499	0.43555	0.01469	0.00749	0.00208	0.00312	0.01254	0.00638	0.00563
17	0.00855	0.00588	0.00717	0.00781	0.00802	0.00570	0.00483	0.00914	0.01082	0.01448	0.05085	0.36703	0.03271	0.41438	0.02069	0.00442	0.00494	0.01322	0.00486	0.00450
18	0.01789	0.01264	0.06633	0.19922	0.07084	0.01150	0.08507	0.02167	0.02804	0.27133	0.03297	0.09046	0.01661	0.00859	0.00674	0.00212	0.00691	0.03723	0.00518	0.00867
19	0.01380	0.15461	0.42538	0.05215	0.05144	0.01594	0.09517	0.01935	0.01373	0.03323	0.04080	0.03278	0.01133	0.00649	0.00599	0.00192	0.00850	0.00547	0.00311	0.00879
20	0.00908	0.00671	0.00975	0.00975	0.01073	0.00769	0.00737	0.01104	0.01006	0.01440	0.01740	0.02719	0.01684	0.14725	0.65358	0.00964	0.01551	0.00713	0.00346	0.00542
21	0.01696	0.78087	0.03324	0.01085	0.01628	0.02510	0.01085	0.01900	0.01289	0.01493	0.00882	0.01018	0.00814	0.00543	0.00407	0.00136	0.00678	0.00339	0.00271	0.00814
22	0.01345	0.04453	0.01466	0.01097	0.05208	0.00951	0.00827	0.01628	0.01321	0.02043	0.01120	0.01316	0.00938	0.00478	0.00475	0.00101	0.00493	0.00384	0.00368	0.73989
23	0.04269	0.18580	0.06750	0.08455	0.04789	0.19790	0.08797	0.02041	0.05035	0.01725	0.01130	0.01475	0.00962	0.04091	0.00852	0.00207	0.09449	0.00507	0.00321	0.00777

[dist]
# distance from previous block
# <min> <max>
0	1

[block]
# block no. 8 follows, 35 sequences, length 23
# corresponding to MSA columns:
# 676-698
name=unknown_I
#
# <colnr> <probs for GDERKNQSTAVLIFYWHMCP>
#	G	D	E	R	K	N	Q	S	T	A	V	L	I	F	Y	W	H	M	C	P
0	0.00907	0.00608	0.00746	0.00807	0.00852	0.00602	0.00538	0.01008	0.01109	0.01530	0.02601	0.27356	0.02946	0.35969	0.05442	0.00449	0.00558	0.08046	0.07455	0.00472
1	0.05704	0.01616	0.14016	0.15596	0.22997	0.01406	0.01610	0.05636	0.07205	0.06183	0.06318	0.01986	0.01444	0.00730	0.00671	0.00204	0.02874	0.02516	0.00407	0.00883
2	0.02344	0.01064	0.01455	0.01175	0.01593	0.00978	0.03884	0.07782	0.01795	0.48990	0.02462	0.02831	0.01813	0.00908	0.00659	0.00206	0.00558	0.10543	0.08005	0.00955
3	0.12703	0.00815	0.01012	0.03960	0.01236	0.00883	0.00751	0.01454	0.01162	0.09816	0.01929	0.06912	0.01857	0.18228	0.23868	0.00545	0.02592	0.05846	0.03819	0.00611
4	0.02412	0.01777	0.01904	0.01460	0.01967	0.01967	0.01206	0.71633	0.02983	0.03998	0.01523	0.01523	0.01079	0.00762	0.00635	0.00190	0.00698	0.00571	0.00635	0.01079
5	0.00794	0.00567	0.00760	0.00907	0.00953	0.00533	0.00625	0.00919	0.01235	0.01643	0.03485	0.71421	0.04150	0.01968	0.00815	0.00261	0.00386	0.07468	0.00588	0.00521
6	0.01696	0.78087	0.03324	0.01085	0.01628	0.02510	0.01085	0.01900	0.01289	0.01493	0.00882	0.01018	0.00814	0.00543	0.00407	0.00136	0.00678	0.00339	0.00271	0.00814
7	0.01272	0.03281	0.74418	0.01808	0.02746	0.01473	0.02344	0.02009	0.01339	0.02009	0.01138	0.01339	0.00804	0.00603	0.00603	0.00201	0.00938	0.00469	0.00268	0.00938
8	0.02486	0.01027	0.01347	0.01060	0.01481	0.00922	0.00860	0.06176	0.01792	0.57167	0.06301	0.02372	0.01825	0.04039	0.00735	0.00209	0.00516	0.00670	0.08036	0.00980
9	0.01036	0.00690	0.00950	0.00977	0.03114	0.00751	0.00705	0.01249	0.01116	0.03814	0.03489	0.02721	0.01781	0.14091	0.45283	0.00736	0.01196	0.00705	0.15023	0.00574
10	0.00841	0.00588	0.00780	0.00910	0.00975	0.00558	0.00651	0.00999	0.01289	0.01749	0.06894	0.58481	0.04064	0.01850	0.00798	0.00255	0.00396	0.12591	0.04797	0.00534
11	0.01777	0.60592	0.02982	0.01215	0.01683	0.13705	0.01130	0.01969	0.01343	0.01504	0.00893	0.01066	0.00816	0.00603	0.00561	0.00151	0.06570	0.00367	0.00280	0.00793
12	0.00775	0.00599	0.00708	0.00775	0.00897	0.00532	0.00546	0.00925	0.01367	0.01748	0.11468	0.40818	0.33045	0.01763	0.00779	0.00234	0.00342	0.01548	0.00600	0.00532
13	0.14645	0.01489	0.07925	0.01250	0.01678	0.01489	0.01068	0.02982	0.48653	0.08703	0.02172	0.02041	0.01602	0.00787	0.00600	0.00209	0.00543	0.00628	0.00583	0.00953
14	0.05636	0.25173	0.12267	0.04549	0.06233	0.05593	0.01256	0.04962	0.01467	0.11518	0.01237	0.01356	0.00953	0.00593	0.00517	0.00159	0.00688	0.00440	0.00384	0.15020
15	0.00983	0.00700	0.01010	0.03569	0.01199	0.00772	0.00768	0.01210	0.01174	0.04274	0.12182	0.02987	0.04247	0.08756	0.52287	0.00794	0.01315	0.00776	0.00416	0.00582
16	0.00894	0.00624	0.00790	0.00841	0.00961	0.00585	0.00629	0.01120	0.01479	0.02059	0.26702	0.27477	0.11370	0.01547	0.00752	0.00227	0.00364	0.11392	0.09624	0.00563
17	0.05221	0.06683	0.05214	0.03401	0.01607	0.04783	0.01009	0.09362	0.06837	0.20259	0.08086	0.10168	0.02050	0.00959	0.00699	0.00203	0.04161	0.03131	0.05326	0.00839
18	0.01720	0.03890	0.05887	0.04222	0.11037	0.03241	0.01112	0.04295	0.07197	0.21930	0.07144	0.15773	0.02252	0.01022	0.00667	0.00208	0.00574	0.03760	0.03218	0.00851
19	0.01493	0.01437	0.01876	0.29931	0.09761	0.11806	0.04924	0.01865	0.04349	0.05144	0.03561	0.01861	0.01206	0.04058	0.05270	0.00273	0.09482	0.00600	0.00353	0.00751
20	0.10141	0.00850	0.00914	0.00910	0.01036	0.04634	0.00647	0.03430	0.04186	0.01740	0.05582	0.21552	0.06346	0.08189	0.04971	0.22386	0.00567	0.00957	0.00448	0.00516
21	0.20673	0.01545	0.11719	0.03960	0.04134	0.01327	0.11482	0.06074	0.06718	0.13721	0.01731	0.01972	0.03553	0.00725	0.00595	0.00201	0.00670	0.03342	0.02661	0.03197
22	0.14112	0.05169	0.05504	0.06160	0.16027	0.09309	0.01258	0.04434	0.09568	0.04178	0.03734	0.06344	0.04389	0.00820	0.00702	0.00202	0.06210	0.00641	0.00420	0.00817

[dist]
# distance from previous block
# <min> <max>
1	83

[block]
# block no. 9 follows, 35 sequences, length 21
# corresponding to MSA columns:
# 839-859
name=unknown_J
#
# <colnr> <probs for GDERKNQSTAVLIFYWHMCP>
#	G	D	E	R	K	N	Q	S	T	A	V	L	I	F	Y	W	H	M	C	P
0	0.20415	0.08383	0.06103	0.13039	0.02165	0.01559	0.05551	0.17212	0.03861	0.08474	0.04107	0.03849	0.01249	0.00720	0.00573	0.00196	0.00665	0.00570	0.00463	0.00846
1	0.01348	0.01135	0.05035	0.26216	0.02366	0.01163	0.01189	0.11592	0.03652	0.04803	0.02074	0.06650	0.05873	0.07983	0.04030	0.00282	0.00701	0.06163	0.07026	0.00720
2	0.01536	0.01458	0.12004	0.08508	0.06105	0.06983	0.01202	0.05226	0.01483	0.13072	0.08079	0.11577	0.02053	0.07799	0.01036	0.03677	0.04138	0.02838	0.00472	0.00752
3	0.05003	0.10505	0.19782	0.05117	0.10035	0.01452	0.03105	0.02099	0.06249	0.13417	0.09604	0.01929	0.01616	0.00755	0.00718	0.00199	0.06504	0.00598	0.00437	0.00877
4	0.01352	0.05735	0.01181	0.00979	0.02797	0.00888	0.00749	0.01727	0.07695	0.15499	0.27308	0.05777	0.17121	0.01455	0.06639	0.00266	0.00513	0.00969	0.00621	0.00728
5	0.02105	0.00964	0.01250	0.01021	0.01398	0.00871	0.00820	0.02480	0.07478	0.45379	0.18865	0.03133	0.09441	0.00985	0.00674	0.00200	0.00462	0.00826	0.00736	0.00913
6	0.07001	0.05426	0.13132	0.05545	0.06422	0.01371	0.11363	0.06072	0.07313	0.23662	0.01675	0.01754	0.01182	0.00745	0.00705	0.03918	0.00715	0.00585	0.00492	0.00921
7	0.05569	0.07801	0.06372	0.09889	0.04412	0.05648	0.04240	0.07296	0.01666	0.25360	0.08531	0.05567	0.03265	0.00820	0.00626	0.00195	0.00652	0.00681	0.00538	0.00872
8	0.00930	0.00700	0.00830	0.00804	0.00984	0.00652	0.00599	0.01279	0.07113	0.03625	0.37872	0.13035	0.26361	0.01426	0.00745	0.00212	0.00334	0.01237	0.00650	0.00611
9	0.01089	0.00725	0.00921	0.00862	0.01046	0.00685	0.00649	0.01465	0.06752	0.08363	0.52678	0.11470	0.08214	0.01305	0.00738	0.00207	0.00341	0.01147	0.00686	0.00656
10	0.01943	0.03305	0.13439	0.14477	0.02490	0.02942	0.09059	0.11058	0.01684	0.24100	0.01614	0.01733	0.01120	0.00710	0.00718	0.00202	0.05255	0.00585	0.02648	0.00919
11	0.01497	0.05992	0.46858	0.04458	0.06999	0.01468	0.01914	0.06226	0.05030	0.07996	0.01440	0.04828	0.01103	0.00697	0.00613	0.00200	0.00817	0.00564	0.00368	0.00933
12	0.00951	0.00661	0.00840	0.00922	0.01065	0.00611	0.00717	0.01141	0.01388	0.05359	0.04207	0.31262	0.22923	0.01747	0.00806	0.00254	0.00434	0.23545	0.00597	0.00571
13	0.01198	0.01128	0.01903	0.76180	0.04369	0.01409	0.01762	0.01621	0.01268	0.01621	0.01128	0.01691	0.00846	0.00634	0.00634	0.00211	0.00846	0.00564	0.00282	0.00705
14	0.03934	0.04347	0.08921	0.11872	0.12145	0.04753	0.19169	0.02120	0.02881	0.14743	0.01526	0.05170	0.01191	0.00705	0.00706	0.00205	0.03676	0.00654	0.00410	0.00872
15	0.01322	0.04881	0.06919	0.42871	0.22079	0.01479	0.01772	0.01728	0.01318	0.01768	0.01222	0.01835	0.01006	0.00676	0.00683	0.00207	0.03549	0.03584	0.00302	0.00798
16	0.00850	0.00675	0.00767	0.00739	0.00930	0.00606	0.00556	0.01139	0.04512	0.02124	0.36262	0.05341	0.40340	0.01437	0.00745	0.00208	0.00319	0.01228	0.00640	0.00583
17	0.01187	0.01038	0.04602	0.11114	0.01620	0.01097	0.00955	0.07042	0.03419	0.01750	0.01819	0.09150	0.01862	0.27995	0.05246	0.00402	0.11725	0.03406	0.03963	0.00610
18	0.06684	0.15183	0.28452	0.08338	0.05700	0.01565	0.07162	0.02071	0.04308	0.09173	0.04591	0.01615	0.01183	0.00648	0.00583	0.00191	0.00772	0.00532	0.00371	0.00877
19	0.01822	0.01495	0.14303	0.02931	0.07726	0.03094	0.01224	0.06557	0.03122	0.24789	0.10150	0.06251	0.01959	0.00860	0.00685	0.00198	0.03323	0.00706	0.07918	0.00886
20	0.01553	0.01314	0.01381	0.01246	0.01592	0.01515	0.00968	0.03251	0.68067	0.02635	0.02549	0.02367	0.01917	0.00853	0.00633	0.00211	0.00489	0.00709	0.05773	0.00978

[dist]
# distance from previous block
# <min> <max>
0	1

[block]
# block no. 10 follows, 35 sequences, length 12
# corresponding to MSA columns:
# 861-872
name=unknown_K
#
# <colnr> <probs for GDERKNQSTAVLIFYWHMCP>
#	G	D	E	R	K	N	Q	S	T	A	V	L	I	F	Y	W	H	M	C	P
0	0.20359	0.01388	0.02340	0.06057	0.19300	0.01406	0.25613	0.01864	0.01333	0.04043	0.01310	0.03916	0.01112	0.06327	0.00813	0.00234	0.00779	0.00642	0.00359	0.00805
1	0.00803	0.00562	0.00735	0.00859	0.00906	0.00527	0.00576	0.00928	0.01243	0.01691	0.07595	0.67146	0.04129	0.04710	0.00881	0.00263	0.00370	0.01682	0.03876	0.00519
2	0.01640	0.01393	0.01469	0.01304	0.01673	0.01607	0.01019	0.08429	0.67443	0.02753	0.02504	0.02304	0.01873	0.00853	0.00645	0.00213	0.00517	0.00706	0.00645	0.01010
3	0.02167	0.00880	0.01113	0.00909	0.01260	0.00793	0.00733	0.02433	0.01618	0.44863	0.02326	0.02243	0.01593	0.00766	0.00559	0.00177	0.00440	0.00619	0.33629	0.00880
4	0.02412	0.01777	0.01904	0.01460	0.01967	0.01967	0.01206	0.71633	0.02983	0.03998	0.01523	0.01523	0.01079	0.00762	0.00635	0.00190	0.00698	0.00571	0.00635	0.01079
5	0.02696	0.01046	0.01424	0.01103	0.01568	0.00907	0.00907	0.02946	0.01814	0.68667	0.07966	0.02358	0.01911	0.00825	0.00646	0.00197	0.00521	0.00677	0.00778	0.01043
6	0.74300	0.01171	0.00924	0.00831	0.01200	0.01343	0.00678	0.01800	0.01149	0.02817	0.07920	0.01390	0.01201	0.00658	0.00427	0.00197	0.00472	0.00421	0.00422	0.00678
7	0.00939	0.00730	0.00791	0.00735	0.00989	0.00621	0.00559	0.01177	0.03722	0.05151	0.10932	0.07802	0.52933	0.01424	0.00716	0.00202	0.00351	0.01195	0.00588	0.08442
8	0.15147	0.01108	0.01355	0.01072	0.01516	0.01047	0.00880	0.07294	0.01776	0.51290	0.09061	0.02189	0.01827	0.00802	0.00610	0.00196	0.00519	0.00636	0.00705	0.00971
9	0.01504	0.01110	0.01350	0.07889	0.01706	0.01074	0.00909	0.10993	0.10268	0.08808	0.20578	0.02482	0.02458	0.00816	0.00616	0.00169	0.00499	0.00686	0.00555	0.25529
10	0.02240	0.02564	0.01736	0.01533	0.01889	0.52972	0.01172	0.14323	0.08441	0.02076	0.01438	0.01520	0.03887	0.00729	0.00597	0.00175	0.00976	0.00502	0.00419	0.00810
11	0.01487	0.00942	0.01142	0.04811	0.01355	0.00946	0.00754	0.10178	0.06825	0.13831	0.09570	0.10237	0.02421	0.26240	0.01509	0.00336	0.00551	0.00876	0.00547	0.05441

[dist]
# distance from previous block
# <min> <max>
0	1

[block]
# block no. 11 follows, 35 sequences, length 16
# corresponding to MSA columns:
# 874-889
name=unknown_L
#
# <colnr> <probs for GDERKNQSTAVLIFYWHMCP>
#	G	D	E	R	K	N	Q	S	T	A	V	L	I	F	Y	W	H	M	C	P
0	0.01163	0.00833	0.01157	0.03453	0.09140	0.00832	0.00987	0.01505	0.04718	0.05291	0.05994	0.11275	0.07443	0.03263	0.00824	0.00255	0.00534	0.33543	0.07126	0.00663
1	0.00769	0.00567	0.00720	0.00843	0.00910	0.00519	0.00571	0.00888	0.01253	0.01635	0.03987	0.65384	0.15787	0.01924	0.00800	0.00250	0.00360	0.01726	0.00589	0.00519
2	0.02670	0.01035	0.01410	0.01108	0.01560	0.00897	0.00903	0.02904	0.01765	0.68020	0.02587	0.08544	0.01793	0.00887	0.00653	0.00202	0.00525	0.00737	0.00768	0.01032
3	0.01564	0.01525	0.02674	0.03790	0.67762	0.01516	0.07853	0.01954	0.01449	0.02069	0.01201	0.01582	0.01001	0.00563	0.00638	0.00191	0.00780	0.00581	0.00315	0.00992
4	0.00810	0.00648	0.00699	0.00705	0.00902	0.00562	0.00540	0.01006	0.01490	0.01870	0.15143	0.05847	0.55565	0.01540	0.00747	0.00216	0.00339	0.06830	0.03990	0.00550
5	0.01996	0.00830	0.01022	0.00854	0.01169	0.00758	0.00682	0.02267	0.01568	0.37461	0.02281	0.02265	0.01599	0.00762	0.00539	0.00172	0.00415	0.00614	0.41919	0.00830
6	0.02412	0.01777	0.01904	0.01460	0.01967	0.01967	0.01206	0.71633	0.02983	0.03998	0.01523	0.01523	0.01079	0.00762	0.00635	0.00190	0.00698	0.00571	0.00635	0.01079
7	0.01775	0.69322	0.03146	0.01150	0.01667	0.10993	0.01102	0.01974	0.01348	0.01500	0.00893	0.01032	0.00814	0.00556	0.00426	0.00139	0.00733	0.00347	0.00278	0.00805
8	0.01021	0.01109	0.11613	0.06597	0.04886	0.00840	0.01093	0.01293	0.01360	0.01792	0.06465	0.09620	0.18169	0.01460	0.00931	0.08444	0.00573	0.21637	0.00480	0.00617
9	0.02305	0.02901	0.01861	0.01817	0.07757	0.69212	0.01284	0.02486	0.01769	0.01595	0.00998	0.01178	0.00832	0.00647	0.00577	0.00165	0.01113	0.00421	0.00326	0.00757
10	0.01570	0.01507	0.02575	0.03894	0.73748	0.01507	0.01947	0.01947	0.01444	0.02073	0.01193	0.01570	0.01005	0.00565	0.00628	0.00188	0.00754	0.00565	0.00314	0.01005
11	0.01315	0.01128	0.01315	0.00940	0.01503	0.00846	0.00752	0.01597	0.01315	0.02067	0.01128	0.01315	0.00940	0.00470	0.00470	0.00094	0.00470	0.00376	0.00376	0.81583
12	0.02263	0.14913	0.02040	0.01547	0.01908	0.63652	0.01204	0.02433	0.01717	0.01543	0.00965	0.01124	0.00817	0.00636	0.00546	0.00159	0.01070	0.00398	0.00318	0.00748
13	0.82186	0.01227	0.00932	0.00834	0.01227	0.01423	0.00687	0.01865	0.01080	0.02846	0.00883	0.01031	0.00687	0.00589	0.00393	0.00196	0.00491	0.00344	0.00393	0.00687
14	0.01497	0.01711	0.03743	0.02674	0.03316	0.01604	0.71444	0.02032	0.01497	0.02032	0.01283	0.01711	0.00963	0.00535	0.00749	0.00214	0.01070	0.00749	0.00321	0.00856
15	0.01029	0.00722	0.00970	0.01036	0.04361	0.00770	0.00727	0.03668	0.01210	0.01759	0.04416	0.10153	0.02184	0.15507	0.31750	0.00609	0.00986	0.04873	0.12695	0.00575

[dist]
# distance from previous block
# <min> <max>
3	8

[block]
# block no. 12 follows, 35 sequences, length 26
