[name]
unknown

[dist]
# distance from previous block
# <min> <max>
0	579

[block]
# block no. 0 follows, 44 sequences, length 18
# corresponding to MSA columns:
# 636-653
name=unknown_A
#
# <colnr> <probs for GDERKNQSTAVLIFYWHMCP>
#	G	D	E	R	K	N	Q	S	T	A	V	L	I	F	Y	W	H	M	C	P
0	0.01050	0.00976	0.01655	0.60098	0.03232	0.01151	0.07883	0.03969	0.01184	0.01545	0.05819	0.06648	0.01198	0.00651	0.00569	0.00183	0.00684	0.00598	0.00295	0.00612
1	0.00726	0.00555	0.00665	0.00638	0.00786	0.00495	0.00478	0.00940	0.01435	0.01928	0.51267	0.04497	0.31190	0.01211	0.00643	0.00176	0.00264	0.01045	0.00566	0.00495
2	0.00703	0.00494	0.00632	0.00714	0.00747	0.00469	0.00466	0.00790	0.01027	0.01380	0.08974	0.55983	0.03355	0.20216	0.01179	0.00289	0.00361	0.01325	0.00473	0.00422
3	0.02072	0.01527	0.01636	0.01254	0.01691	0.01691	0.01036	0.75622	0.02563	0.03436	0.01309	0.01309	0.00927	0.00654	0.00545	0.00164	0.00600	0.00491	0.00545	0.00927
4	0.84691	0.01054	0.00801	0.00717	0.01054	0.01223	0.00590	0.01603	0.00928	0.02446	0.00759	0.00886	0.00590	0.00506	0.00337	0.00169	0.00422	0.00295	0.00337	0.00590
5	0.00698	0.00554	0.00626	0.00608	0.00769	0.00483	0.00456	0.00886	0.01369	0.01772	0.35601	0.04754	0.46953	0.01269	0.00644	0.00179	0.00268	0.01081	0.00546	0.00483
6	0.01293	0.01444	0.03042	0.02193	0.02723	0.01377	0.68890	0.01848	0.07907	0.01793	0.01201	0.01520	0.00901	0.00484	0.00636	0.00184	0.00876	0.00641	0.00300	0.00747
7	0.01130	0.00969	0.01130	0.00807	0.01292	0.00727	0.00646	0.01373	0.01130	0.01776	0.00969	0.01130	0.00807	0.00404	0.00404	0.00081	0.00404	0.00323	0.00323	0.84173
8	0.01479	0.01232	0.01302	0.01134	0.01464	0.01413	0.00893	0.15366	0.63786	0.02479	0.02063	0.01910	0.01538	0.00725	0.00553	0.00181	0.00460	0.00595	0.00553	0.00874
9	0.84691	0.01054	0.00801	0.00717	0.01054	0.01223	0.00590	0.01603	0.00928	0.02446	0.00759	0.00886	0.00590	0.00506	0.00337	0.00169	0.00422	0.00295	0.00337	0.00590
10	0.01403	0.01155	0.01151	0.00994	0.01270	0.09115	0.00778	0.18489	0.20197	0.05640	0.24275	0.02629	0.08856	0.00864	0.00579	0.00171	0.00464	0.00712	0.00539	0.00719
11	0.00926	0.00753	0.00913	0.00786	0.01073	0.00602	0.00585	0.01104	0.01093	0.01608	0.01860	0.35865	0.02032	0.00975	0.00532	0.00142	0.00365	0.00860	0.00403	0.47523
12	0.01207	0.01191	0.01631	0.01403	0.01430	0.01642	0.01164	0.01452	0.07494	0.01397	0.00848	0.01267	0.00799	0.00935	0.01680	0.00234	0.72849	0.00489	0.00266	0.00620
13	0.00675	0.00479	0.00629	0.00745	0.00774	0.00450	0.00491	0.00762	0.01023	0.01363	0.02896	0.73979	0.03468	0.08401	0.00872	0.00247	0.00334	0.01486	0.00491	0.00433
14	0.84691	0.01054	0.00801	0.00717	0.01054	0.01223	0.00590	0.01603	0.00928	0.02446	0.00759	0.00886	0.00590	0.00506	0.00337	0.00169	0.00422	0.00295	0.00337	0.00590
15	0.02037	0.02598	0.01545	0.01404	0.01685	0.78652	0.01053	0.02177	0.01545	0.01334	0.00843	0.00983	0.00702	0.00562	0.00492	0.00140	0.00983	0.00351	0.00281	0.00632
16	0.00779	0.00581	0.00863	0.00863	0.00956	0.00674	0.00665	0.00965	0.00872	0.01256	0.01472	0.02209	0.01392	0.07713	0.75095	0.00860	0.01416	0.00594	0.00294	0.00479
17	0.00818	0.00492	0.00575	0.00642	0.00721	0.00472	0.00448	0.00984	0.01094	0.01676	0.02556	0.43395	0.05246	0.01226	0.00556	0.00179	0.00288	0.01079	0.37083	0.00472

[dist]
# distance from previous block
# <min> <max>
0	28

[block]
# block no. 1 follows, 44 sequences, length 11
# corresponding to MSA columns:
# 682-692
name=unknown_B
#
# <colnr> <probs for GDERKNQSTAVLIFYWHMCP>
#	G	D	E	R	K	N	Q	S	T	A	V	L	I	F	Y	W	H	M	C	P
0	0.84691	0.01054	0.00801	0.00717	0.01054	0.01223	0.00590	0.01603	0.00928	0.02446	0.00759	0.00886	0.00590	0.00506	0.00337	0.00169	0.00422	0.00295	0.00337	0.00590
1	0.02393	0.01013	0.01318	0.01010	0.01434	0.00927	0.00835	0.12988	0.01702	0.67285	0.02032	0.01778	0.01290	0.00672	0.00548	0.00168	0.00483	0.00540	0.00656	0.00928
2	0.00664	0.00540	0.00588	0.00603	0.00755	0.00464	0.00442	0.00810	0.01249	0.01551	0.14252	0.17249	0.56136	0.01400	0.00652	0.00189	0.00280	0.01194	0.00518	0.00464
3	0.01699	0.01156	0.01544	0.24031	0.08605	0.01259	0.01148	0.23660	0.07566	0.19215	0.03624	0.01613	0.01137	0.00633	0.00549	0.00172	0.00587	0.00525	0.00465	0.00812
4	0.01405	0.01457	0.02620	0.02478	0.27044	0.04789	0.38797	0.08145	0.01377	0.01870	0.01070	0.01385	0.00838	0.00508	0.00637	0.00175	0.03763	0.00559	0.00296	0.00784
5	0.00947	0.00473	0.00710	0.00710	0.00710	0.00473	0.00473	0.00710	0.00710	0.00947	0.00947	0.01657	0.00947	0.01894	0.02131	0.84138	0.00473	0.00473	0.00237	0.00237
6	0.00797	0.00598	0.00754	0.00687	0.00856	0.00531	0.00519	0.01042	0.01476	0.02083	0.63260	0.03878	0.10972	0.01066	0.00619	0.00163	0.00274	0.00934	0.00564	0.08929
7	0.03666	0.12805	0.13278	0.01318	0.09249	0.01126	0.05096	0.01804	0.04611	0.20313	0.01438	0.07084	0.01160	0.00749	0.00652	0.07458	0.00560	0.00534	0.00391	0.06710
8	0.00857	0.00717	0.00786	0.03255	0.00984	0.07572	0.00615	0.00974	0.01064	0.01351	0.02412	0.42845	0.02773	0.15662	0.05719	0.00310	0.00519	0.10696	0.00433	0.00455
9	0.01287	0.01471	0.03217	0.02298	0.02849	0.01379	0.75460	0.01746	0.01287	0.01746	0.01103	0.01471	0.00827	0.00460	0.00643	0.00184	0.00919	0.00643	0.00276	0.00735
10	0.06714	0.20109	0.14051	0.08068	0.01896	0.17062	0.05309	0.07399	0.01338	0.08384	0.01010	0.01157	0.00777	0.00556	0.00530	0.00156	0.04041	0.00403	0.00315	0.00723

[dist]
# distance from previous block
# <min> <max>
3	80

[block]
# block no. 2 follows, 44 sequences, length 16
# corresponding to MSA columns:
# 773-788
name=unknown_C
#
# <colnr> <probs for GDERKNQSTAVLIFYWHMCP>
#	G	D	E	R	K	N	Q	S	T	A	V	L	I	F	Y	W	H	M	C	P
0	0.01433	0.01343	0.01493	0.24905	0.02181	0.16470	0.06285	0.15086	0.01473	0.01905	0.01194	0.03307	0.00947	0.00596	0.00510	0.00156	0.00662	0.00490	0.13710	0.05853
1	0.01032	0.00743	0.00828	0.00827	0.00935	0.04724	0.00577	0.09033	0.01203	0.06280	0.02311	0.42789	0.02579	0.19277	0.04002	0.00301	0.00481	0.01106	0.00462	0.00511
2	0.00788	0.00550	0.00701	0.00701	0.00738	0.00586	0.00463	0.00861	0.00824	0.01136	0.01621	0.03029	0.01748	0.51854	0.31442	0.00660	0.00880	0.00714	0.00316	0.00389
3	0.01435	0.00936	0.01019	0.00882	0.01136	0.01003	0.00707	0.25529	0.09305	0.05795	0.01792	0.02243	0.01459	0.03691	0.00583	0.00173	0.00427	0.07561	0.33632	0.00691
4	0.00818	0.00598	0.00727	0.00684	0.00843	0.00553	0.00516	0.01112	0.05336	0.04128	0.54026	0.04187	0.22135	0.01147	0.00636	0.00175	0.00276	0.00994	0.00577	0.00531
5	0.00920	0.00590	0.00776	0.00711	0.00866	0.00540	0.00540	0.01173	0.01545	0.08899	0.70495	0.03876	0.04807	0.01076	0.00635	0.00171	0.00276	0.00947	0.00607	0.00551
6	0.01458	0.81168	0.02857	0.00933	0.01399	0.02157	0.00933	0.01632	0.01108	0.01283	0.00758	0.00875	0.00700	0.00466	0.00350	0.00117	0.00583	0.00292	0.00233	0.00700
7	0.00701	0.00533	0.00785	0.00850	0.00913	0.00498	0.04941	0.00818	0.01058	0.01413	0.02892	0.75810	0.03441	0.01634	0.00693	0.00219	0.00352	0.01496	0.00492	0.00460
8	0.01193	0.01193	0.01670	0.01431	0.01431	0.01670	0.01193	0.01312	0.00835	0.01312	0.00716	0.01193	0.00716	0.00954	0.01789	0.00239	0.79843	0.00477	0.00239	0.00596
9	0.02406	0.00992	0.01305	0.01001	0.01424	0.00897	0.00827	0.10519	0.01668	0.69803	0.02060	0.01797	0.01304	0.00673	0.00548	0.00168	0.00479	0.00542	0.00661	0.00928
10	0.00677	0.00539	0.00611	0.00652	0.00789	0.00474	0.00484	0.00820	0.01209	0.01504	0.08403	0.24339	0.48206	0.01461	0.00667	0.00199	0.00305	0.07688	0.00511	0.00462
11	0.01356	0.01171	0.01233	0.01109	0.01418	0.01356	0.00863	0.02897	0.76455	0.02281	0.02219	0.02034	0.01664	0.00740	0.00555	0.00185	0.00431	0.00616	0.00555	0.00863
12	0.01150	0.00970	0.00964	0.00919	0.01097	0.13131	0.00718	0.05928	0.01510	0.05705	0.35841	0.09924	0.03462	0.01101	0.00634	0.00186	0.00458	0.15208	0.00522	0.00571
13	0.01133	0.03182	0.01217	0.00895	0.01330	0.00819	0.02778	0.01474	0.06579	0.01783	0.01264	0.01739	0.01118	0.00550	0.00457	0.00110	0.00436	0.08266	0.00355	0.64515
14	0.01077	0.00928	0.01351	0.01283	0.08601	0.01019	0.06710	0.05807	0.01048	0.01501	0.01246	0.02016	0.01211	0.21052	0.18064	0.00413	0.16223	0.00576	0.00307	0.09570
15	0.01480	0.53654	0.04616	0.01260	0.09613	0.13270	0.01024	0.01668	0.01169	0.01343	0.00865	0.01117	0.00797	0.05480	0.00547	0.00152	0.00652	0.00356	0.00250	0.00687

[dist]
# distance from previous block
# <min> <max>
0	6

[block]
# block no. 3 follows, 44 sequences, length 18
# corresponding to MSA columns:
# 795-812
name=unknown_D
#
# <colnr> <probs for GDERKNQSTAVLIFYWHMCP>
#	G	D	E	R	K	N	Q	S	T	A	V	L	I	F	Y	W	H	M	C	P
0	0.01524	0.01030	0.01218	0.00942	0.01351	0.02645	0.00763	0.04591	0.07075	0.20736	0.01434	0.01592	0.01101	0.00584	0.00545	0.00130	0.04606	0.03423	0.00438	0.44272
1	0.01449	0.04398	0.06974	0.04477	0.38849	0.01379	0.09460	0.11778	0.10004	0.04035	0.01223	0.01421	0.00952	0.00542	0.00545	0.00167	0.00651	0.00507	0.00346	0.00843
2	0.04437	0.05616	0.10726	0.16220	0.14194	0.07439	0.08235	0.07456	0.03170	0.03427	0.01283	0.07721	0.02467	0.00666	0.00603	0.00175	0.04568	0.00565	0.00322	0.00712
3	0.00728	0.00520	0.00706	0.00832	0.00891	0.00498	0.00617	0.00869	0.01107	0.01463	0.02970	0.58411	0.03467	0.01648	0.00713	0.00230	0.00371	0.22995	0.00505	0.00460
4	0.02916	0.01284	0.05720	0.10396	0.13691	0.01209	0.18933	0.04955	0.08415	0.05721	0.01188	0.01411	0.00912	0.00535	0.00594	0.00161	0.04303	0.00500	0.00336	0.16820
5	0.03303	0.09967	0.19639	0.11509	0.08249	0.04649	0.10027	0.06251	0.02713	0.11825	0.01151	0.01321	0.00848	0.00554	0.00563	0.00166	0.03460	0.00461	0.00332	0.03013
6	0.04704	0.07663	0.09809	0.09617	0.06630	0.16934	0.17969	0.10110	0.01377	0.01762	0.00980	0.01240	0.00772	0.00597	0.00647	0.03307	0.04418	0.00464	0.00295	0.00705
7	0.01081	0.00850	0.00942	0.00848	0.01075	0.00894	0.00656	0.09344	0.25348	0.02214	0.29497	0.03250	0.16033	0.00972	0.00593	0.00175	0.00351	0.00824	0.04393	0.00658
8	0.00870	0.00748	0.01079	0.17973	0.01575	0.00887	0.00874	0.01038	0.01009	0.01365	0.02106	0.30887	0.07383	0.04686	0.06659	0.00275	0.16744	0.02959	0.00371	0.00511
9	0.07780	0.10343	0.10792	0.01271	0.03802	0.07144	0.03665	0.26098	0.09358	0.10296	0.01344	0.01459	0.01008	0.00623	0.00512	0.00164	0.00616	0.02476	0.00435	0.00815
10	0.01519	0.00929	0.01124	0.01012	0.01280	0.00954	0.00813	0.14422	0.15774	0.20856	0.02332	0.17529	0.02129	0.01049	0.00619	0.00198	0.00461	0.15702	0.00563	0.00737
11	0.07892	0.00766	0.00985	0.00835	0.01111	0.00700	0.00659	0.01837	0.01451	0.39005	0.26840	0.10981	0.02785	0.00918	0.00579	0.00175	0.00377	0.00781	0.00607	0.00714
12	0.02446	0.00928	0.01265	0.00970	0.01392	0.00801	0.00801	0.02657	0.01560	0.77817	0.02151	0.01856	0.01350	0.00675	0.00548	0.00169	0.00464	0.00548	0.00675	0.00928
13	0.01524	0.00908	0.01087	0.00953	0.01222	0.00915	0.00745	0.15745	0.12075	0.22757	0.05881	0.23061	0.06161	0.01040	0.00604	0.00188	0.00428	0.03406	0.00570	0.00731
14	0.00722	0.00530	0.00756	0.00818	0.00883	0.00564	0.00595	0.00868	0.00959	0.01328	0.02223	0.40850	0.02471	0.02912	0.40149	0.00553	0.00895	0.01061	0.00398	0.00465
15	0.00670	0.00499	0.00624	0.00707	0.00781	0.00453	0.00487	0.00789	0.01133	0.01481	0.10278	0.57072	0.19875	0.01582	0.00680	0.00209	0.00302	0.01411	0.00515	0.00453
16	0.34831	0.00978	0.01083	0.00870	0.01259	0.00967	0.00718	0.02242	0.01311	0.48139	0.01603	0.01474	0.01051	0.00608	0.00465	0.00169	0.00447	0.00449	0.00542	0.00795
17	0.01967	0.00839	0.01066	0.00859	0.01192	0.00771	0.00696	0.04609	0.04804	0.50341	0.04656	0.01968	0.01495	0.00682	0.00510	0.00159	0.00407	0.00555	0.21622	0.00805

[dist]
# distance from previous block
# <min> <max>
0	5

[block]
# block no. 4 follows, 44 sequences, length 45
# corresponding to MSA columns:
# 818-825,827-829,836-869
name=unknown_E
#
# <colnr> <probs for GDERKNQSTAVLIFYWHMCP>
#	G	D	E	R	K	N	Q	S	T	A	V	L	I	F	Y	W	H	M	C	P
0	0.84691	0.01054	0.00801	0.00717	0.01054	0.01223	0.00590	0.01603	0.00928	0.02446	0.00759	0.00886	0.00590	0.00506	0.00337	0.00169	0.00422	0.00295	0.00337	0.00590
1	0.00669	0.00517	0.00611	0.00665	0.00771	0.00459	0.00469	0.00801	0.01186	0.01520	0.12889	0.40262	0.34226	0.01502	0.00668	0.00200	0.00293	0.01318	0.00517	0.00459
2	0.01446	0.78630	0.05292	0.00953	0.01430	0.02128	0.00968	0.01636	0.01109	0.01297	0.00765	0.00883	0.00699	0.00468	0.00355	0.00118	0.00590	0.00295	0.00233	0.00703
3	0.01175	0.00968	0.01135	0.00813	0.01295	0.00729	0.00651	0.01416	0.01145	0.04349	0.01009	0.01155	0.00826	0.00413	0.00409	0.00084	0.00406	0.00331	0.00335	0.81357
4	0.01521	0.08808	0.12596	0.01931	0.25941	0.01434	0.03843	0.16301	0.14136	0.06158	0.01312	0.01416	0.00996	0.00573	0.00527	0.00165	0.00618	0.00488	0.00384	0.00852
5	0.01190	0.01136	0.01964	0.20727	0.38517	0.01180	0.10945	0.01551	0.03086	0.01679	0.01385	0.04614	0.04812	0.00600	0.00559	0.00172	0.00648	0.00584	0.03918	0.00735
6	0.01996	0.01595	0.01456	0.01179	0.01546	0.18831	0.00945	0.43110	0.02073	0.11167	0.01347	0.01372	0.00973	0.00634	0.00516	0.00155	0.00635	0.00468	0.09184	0.00817
7	0.01058	0.01001	0.01134	0.02686	0.15661	0.08270	0.00821	0.01427	0.10112	0.01747	0.14840	0.03163	0.28042	0.00928	0.00580	0.00166	0.00447	0.00786	0.00442	0.06688
8	0.00675	0.00522	0.00617	0.00660	0.00772	0.00463	0.00469	0.00817	0.01216	0.01569	0.17414	0.35513	0.34408	0.01465	0.00665	0.00197	0.00289	0.01283	0.00523	0.00463
9	0.00793	0.00529	0.00595	0.00595	0.00595	0.00529	0.00330	0.00793	0.00793	0.01057	0.01718	0.03568	0.01982	0.80840	0.02775	0.00529	0.00529	0.00793	0.00330	0.00330
10	0.01019	0.00913	0.01508	0.17149	0.22476	0.00933	0.07014	0.01329	0.01344	0.01868	0.33686	0.02628	0.04291	0.00783	0.00595	0.00172	0.00510	0.00726	0.00411	0.00644
11	0.01287	0.01471	0.03217	0.02298	0.02849	0.01379	0.75460	0.01746	0.01287	0.01746	0.01103	0.01471	0.00827	0.00460	0.00643	0.00184	0.00919	0.00643	0.00276	0.00735
12	0.02072	0.01527	0.01636	0.01254	0.01691	0.01691	0.01036	0.75622	0.02563	0.03436	0.01309	0.01309	0.00927	0.00654	0.00545	0.00164	0.00600	0.00491	0.00545	0.00927
13	0.01290	0.34377	0.02160	0.07463	0.01604	0.01836	0.01111	0.01452	0.00969	0.01306	0.00753	0.01081	0.00710	0.00719	0.01092	0.00183	0.40617	0.00401	0.00237	0.00640
14	0.00761	0.00557	0.00714	0.00675	0.00808	0.00510	0.00506	0.01008	0.01518	0.02127	0.71210	0.04170	0.11123	0.01137	0.00643	0.00173	0.00259	0.01000	0.00592	0.00510
15	0.05925	0.01063	0.01349	0.05445	0.05127	0.01046	0.02441	0.12510	0.08564	0.27579	0.03228	0.04273	0.01261	0.00652	0.00547	0.00158	0.02204	0.00531	0.00498	0.15598
16	0.01918	0.01094	0.07203	0.01178	0.01592	0.00893	0.11987	0.02182	0.01379	0.49056	0.01819	0.01886	0.01266	0.06334	0.07402	0.00256	0.00647	0.00571	0.00526	0.00812
17	0.01193	0.01193	0.01670	0.01431	0.01431	0.01670	0.01193	0.01312	0.00835	0.01312	0.00716	0.01193	0.00716	0.00954	0.01789	0.00239	0.79843	0.00477	0.00239	0.00596
18	0.02029	0.01170	0.01363	0.01092	0.01486	0.01216	0.00887	0.23852	0.23042	0.34907	0.01926	0.01748	0.01316	0.00687	0.00549	0.00172	0.00494	0.00551	0.00603	0.00909
19	0.01110	0.06371	0.74610	0.01526	0.02316	0.01306	0.01965	0.01722	0.01149	0.01706	0.00968	0.01138	0.00691	0.00516	0.00510	0.00170	0.00796	0.00398	0.00230	0.00801
20	0.00674	0.00479	0.00630	0.00746	0.00775	0.00450	0.00492	0.00762	0.01024	0.01365	0.02902	0.74340	0.03476	0.08030	0.00862	0.00246	0.00333	0.01489	0.00492	0.00434
21	0.02065	0.01030	0.01269	0.01023	0.01400	0.01013	0.00838	0.14496	0.13527	0.46266	0.02053	0.02057	0.01439	0.00730	0.00555	0.00174	0.00475	0.04918	0.03795	0.00876
22	0.00947	0.00473	0.00710	0.00710	0.00710	0.00473	0.00473	0.00710	0.00710	0.00947	0.00947	0.01657	0.00947	0.01894	0.02131	0.84138	0.00473	0.00473	0.00237	0.00237
23	0.00692	0.00514	0.00693	0.04320	0.00933	0.00502	0.00557	0.00810	0.01042	0.01380	0.02950	0.62344	0.09123	0.03411	0.07717	0.00281	0.00438	0.01368	0.00471	0.00453
24	0.00681	0.00487	0.00652	0.00779	0.00818	0.00458	0.00536	0.00789	0.01061	0.01411	0.02995	0.74546	0.03568	0.01692	0.00700	0.00224	0.00331	0.07319	0.00506	0.00448
25	0.11208	0.01665	0.01585	0.01287	0.01666	0.20476	0.06910	0.33269	0.07964	0.05347	0.01251	0.01365	0.00944	0.00623	0.00521	0.00164	0.00679	0.01846	0.00440	0.00788
26	0.01070	0.00524	0.00537	0.00526	0.00664	0.00519	0.00397	0.01323	0.01159	0.04888	0.01792	0.02026	0.01396	0.00637	0.00387	0.00129	0.00262	0.00510	0.80732	0.00524
27	0.01013	0.00733	0.00843	0.00790	0.00989	0.02202	0.00623	0.07482	0.03738	0.07302	0.20622	0.05392	0.28598	0.01408	0.06871	0.00241	0.00454	0.09609	0.00523	0.00569
28	0.01343	0.01111	0.01183	0.01070	0.01363	0.01271	0.00829	0.02739	0.68479	0.04339	0.02241	0.05739	0.01739	0.00780	0.00556	0.00184	0.00421	0.00655	0.03121	0.00834
29	0.01206	0.01014	0.01171	0.00843	0.01324	0.00804	0.00677	0.07304	0.01245	0.01909	0.00996	0.01145	0.00817	0.00424	0.00415	0.00087	0.00419	0.00336	0.00341	0.77523
30	0.00729	0.00539	0.00693	0.00775	0.00872	0.00503	0.00587	0.00892	0.01196	0.01563	0.12177	0.37572	0.17860	0.01522	0.00695	0.00216	0.00350	0.20274	0.00516	0.00470
31	0.36499	0.01680	0.01268	0.01172	0.04847	0.28250	0.00879	0.13345	0.03966	0.02177	0.00935	0.01045	0.00730	0.00555	0.00440	0.00158	0.00655	0.00365	0.00354	0.00679
32	0.00987	0.00556	0.00835	0.09156	0.01063	0.00586	0.00600	0.02865	0.00802	0.01064	0.00959	0.01626	0.00923	0.01715	0.01917	0.72825	0.00504	0.00475	0.00246	0.00295
33	0.00687	0.00491	0.00658	0.00780	0.00822	0.00462	0.00540	0.00800	0.01077	0.01435	0.05001	0.71596	0.03604	0.01673	0.00700	0.00223	0.00332	0.08160	0.00508	0.00450
34	0.01350	0.04676	0.33891	0.01614	0.02121	0.17379	0.14573	0.01751	0.01202	0.01566	0.00921	0.01171	0.00722	0.00588	0.00743	0.00177	0.14142	0.00444	0.00250	0.00719
35	0.01053	0.00993	0.01677	0.74036	0.09068	0.01217	0.01526	0.01413	0.01101	0.01421	0.00973	0.01446	0.00737	0.00541	0.00545	0.00180	0.00721	0.00485	0.00244	0.00624
36	0.00879	0.00628	0.00879	0.01004	0.01130	0.00628	0.00879	0.01130	0.01255	0.01632	0.02887	0.06150	0.03138	0.01506	0.00753	0.00251	0.00502	0.73770	0.00502	0.00502
37	0.01036	0.00893	0.00927	0.00859	0.01112	0.00954	0.00661	0.01947	0.42675	0.01918	0.03703	0.03477	0.35597	0.01028	0.00595	0.00185	0.00362	0.00856	0.00533	0.00682
38	0.01287	0.01471	0.03217	0.02298	0.02849	0.01379	0.75460	0.01746	0.01287	0.01746	0.01103	0.01471	0.00827	0.00460	0.00643	0.00184	0.00919	0.00643	0.00276	0.00735
39	0.00788	0.00549	0.00701	0.00701	0.00737	0.00586	0.00463	0.00861	0.00824	0.01136	0.01621	0.03031	0.01749	0.51950	0.31346	0.00659	0.00879	0.00714	0.00316	0.00389
40	0.01349	0.01295	0.02213	0.03346	0.77440	0.01295	0.01673	0.01673	0.01241	0.01781	0.01025	0.01349	0.00864	0.00486	0.00540	0.00162	0.00648	0.00486	0.00270	0.00864
41	0.01252	0.10309	0.36391	0.01759	0.02398	0.01430	0.30032	0.05064	0.01256	0.01757	0.01013	0.01253	0.00755	0.00506	0.00578	0.00172	0.02556	0.00489	0.00262	0.00769
42	0.01349	0.01295	0.02213	0.03346	0.77440	0.01295	0.01673	0.01673	0.01241	0.01781	0.01025	0.01349	0.00864	0.00486	0.00540	0.00162	0.00648	0.00486	0.00270	0.00864
43	0.01946	0.01229	0.05144	0.01498	0.14433	0.01153	0.02663	0.14846	0.12771	0.35844	0.01749	0.01662	0.01200	0.00637	0.00548	0.00170	0.00539	0.00533	0.00537	0.00897
44	0.08130	0.01226	0.05383	0.10817	0.12481	0.01154	0.21821	0.03163	0.05098	0.17247	0.04344	0.01721	0.03709	0.00597	0.00562	0.00175	0.00645	0.00571	0.00394	0.00760

[dist]
# distance from previous block
# <min> <max>
6	27

[block]
# block no. 5 follows, 44 sequences, length 48
# corresponding to MSA columns:
# 897-944
name=unknown_F
#
# <colnr> <probs for GDERKNQSTAVLIFYWHMCP>
#	G	D	E	R	K	N	Q	S	T	A	V	L	I	F	Y	W	H	M	C	P
0	0.00929	0.00649	0.00802	0.00806	0.00934	0.00645	0.00582	0.03259	0.11671	0.05894	0.23469	0.39082	0.03513	0.04240	0.00726	0.00209	0.00339	0.01153	0.00543	0.00556
1	0.79771	0.01082	0.00851	0.00749	0.01092	0.01251	0.00617	0.06011	0.01025	0.02505	0.00792	0.00911	0.00610	0.00515	0.00350	0.00168	0.00432	0.00307	0.00350	0.00610
2	0.00664	0.00474	0.00633	0.00759	0.00791	0.00443	0.00506	0.00759	0.01044	0.01392	0.03005	0.80485	0.03606	0.01708	0.00696	0.00221	0.00316	0.01550	0.00506	0.00443
3	0.00724	0.00506	0.00646	0.00719	0.00748	0.00496	0.00471	0.00798	0.00952	0.01275	0.02444	0.45859	0.02866	0.29049	0.07248	0.00377	0.00481	0.03505	0.00430	0.00409
4	0.04567	0.14745	0.01591	0.01056	0.01454	0.01391	0.00885	0.18235	0.22578	0.25277	0.01707	0.01590	0.01211	0.00648	0.00509	0.00163	0.00503	0.00503	0.00527	0.00860
5	0.00779	0.00584	0.00876	0.00876	0.00974	0.00681	0.00681	0.00974	0.00876	0.01266	0.01460	0.02142	0.01363	0.04089	0.78680	0.00876	0.01460	0.00584	0.00292	0.00487
6	0.01130	0.00969	0.01130	0.00807	0.01292	0.00727	0.00646	0.01373	0.01130	0.01776	0.00969	0.01130	0.00807	0.00404	0.00404	0.00081	0.00404	0.00323	0.00323	0.84173
7	0.01053	0.00681	0.00845	0.00750	0.00944	0.00640	0.00579	0.07545	0.01597	0.10593	0.54093	0.03727	0.12690	0.01057	0.00624	0.00172	0.00312	0.00914	0.00593	0.00589
8	0.00664	0.00474	0.00633	0.00759	0.00791	0.00443	0.00506	0.00759	0.01044	0.01392	0.03005	0.80485	0.03606	0.01708	0.00696	0.00221	0.00316	0.01550	0.00506	0.00443
9	0.00879	0.00628	0.00879	0.01004	0.01130	0.00628	0.00879	0.01130	0.01255	0.01632	0.02887	0.06150	0.03138	0.01506	0.00753	0.00251	0.00502	0.73770	0.00502	0.00502
10	0.02399	0.00954	0.01276	0.00983	0.01402	0.00847	0.00811	0.04949	0.04026	0.73034	0.02127	0.01844	0.01347	0.00676	0.00548	0.00169	0.00467	0.00549	0.00667	0.00926
11	0.02405	0.00993	0.01306	0.01001	0.01424	0.00898	0.00827	0.10625	0.01670	0.69695	0.02059	0.01796	0.01303	0.00673	0.00548	0.00168	0.00479	0.00542	0.00661	0.00928
12	0.01458	0.81168	0.02857	0.00933	0.01399	0.02157	0.00933	0.01632	0.01108	0.01283	0.00758	0.00875	0.00700	0.00466	0.00350	0.00117	0.00583	0.00292	0.00233	0.00700
13	0.00660	0.00553	0.00574	0.00569	0.00746	0.00467	0.00427	0.00813	0.01280	0.01561	0.14399	0.05101	0.68287	0.01348	0.00644	0.00183	0.00274	0.01130	0.00518	0.00467
14	0.00673	0.00484	0.00641	0.00764	0.00805	0.00452	0.00520	0.00777	0.01059	0.01405	0.03072	0.74927	0.05716	0.01689	0.00697	0.00222	0.00324	0.04821	0.00506	0.00446
15	0.00669	0.00481	0.00635	0.00749	0.00790	0.00447	0.00504	0.00774	0.01077	0.01437	0.07108	0.73982	0.05993	0.01666	0.00691	0.00218	0.00312	0.01507	0.00511	0.00447
16	0.00779	0.00584	0.00876	0.00876	0.00974	0.00681	0.00681	0.00974	0.00876	0.01266	0.01460	0.02142	0.01363	0.04089	0.78680	0.00876	0.01460	0.00584	0.00292	0.00487
17	0.06612	0.01350	0.02223	0.26158	0.18315	0.07972	0.26209	0.01650	0.01216	0.01654	0.01001	0.01361	0.00778	0.00503	0.00559	0.00174	0.00777	0.00514	0.00269	0.00704
18	0.02278	0.00965	0.01269	0.00971	0.01397	0.00849	0.00799	0.05859	0.03460	0.65397	0.02003	0.01767	0.01287	0.00650	0.00535	0.00161	0.00464	0.00526	0.00633	0.08730
19	0.06078	0.21938	0.06580	0.01093	0.01484	0.01519	0.02679	0.04087	0.39659	0.04778	0.01648	0.01686	0.01283	0.00651	0.00494	0.00166	0.00512	0.02435	0.00435	0.00793
20	0.01057	0.00998	0.01424	0.06471	0.10628	0.02926	0.02823	0.01253	0.02695	0.01449	0.03079	0.25370	0.01726	0.01078	0.01118	0.00214	0.33943	0.00819	0.00340	0.00591
21	0.00761	0.00557	0.00713	0.00674	0.00808	0.00510	0.00506	0.01008	0.01517	0.02125	0.70960	0.04174	0.11374	0.01138	0.00643	0.00173	0.00259	0.01000	0.00592	0.00510
22	0.01130	0.00969	0.01130	0.00807	0.01292	0.00727	0.00646	0.01373	0.01130	0.01776	0.00969	0.01130	0.00807	0.00404	0.00404	0.00081	0.00404	0.00323	0.00323	0.84173
23	0.00772	0.00557	0.00729	0.00686	0.00814	0.00514	0.00514	0.01029	0.01543	0.02186	0.77152	0.04072	0.05144	0.01115	0.00643	0.00171	0.00257	0.00986	0.00600	0.00514
24	0.84691	0.01054	0.00801	0.00717	0.01054	0.01223	0.00590	0.01603	0.00928	0.02446	0.00759	0.00886	0.00590	0.00506	0.00337	0.00169	0.00422	0.00295	0.00337	0.00590
25	0.01234	0.26454	0.53594	0.01353	0.02048	0.01525	0.01660	0.01719	0.01147	0.03287	0.00938	0.01083	0.00708	0.00506	0.00468	0.00156	0.00731	0.00372	0.00241	0.00776
26	0.01458	0.81168	0.02857	0.00933	0.01399	0.02157	0.00933	0.01632	0.01108	0.01283	0.00758	0.00875	0.00700	0.00466	0.00350	0.00117	0.00583	0.00292	0.00233	0.00700
27	0.01287	0.01471	0.03217	0.02298	0.02849	0.01379	0.75460	0.01746	0.01287	0.01746	0.01103	0.01471	0.00827	0.00460	0.00643	0.00184	0.00919	0.00643	0.00276	0.00735
28	0.01118	0.01125	0.02122	0.38543	0.05788	0.01211	0.27943	0.01533	0.03559	0.01575	0.01259	0.05504	0.01065	0.00626	0.00599	0.00187	0.00752	0.04542	0.00292	0.00656
29	0.01287	0.01471	0.03217	0.02298	0.02849	0.01379	0.75460	0.01746	0.01287	0.01746	0.01103	0.01471	0.00827	0.00460	0.00643	0.00184	0.00919	0.00643	0.00276	0.00735
30	0.01193	0.01193	0.01670	0.01431	0.01431	0.01670	0.01193	0.01312	0.00835	0.01312	0.00716	0.01193	0.00716	0.00954	0.01789	0.00239	0.79843	0.00477	0.00239	0.00596
31	0.00664	0.00474	0.00633	0.00759	0.00791	0.00443	0.00506	0.00759	0.01044	0.01392	0.03005	0.80485	0.03606	0.01708	0.00696	0.00221	0.00316	0.01550	0.00506	0.00443
32	0.01093	0.02820	0.78016	0.01554	0.02360	0.01266	0.02014	0.01727	0.01151	0.01727	0.00978	0.01151	0.00691	0.00518	0.00518	0.00173	0.00806	0.00403	0.00230	0.00806
33	0.00671	0.00477	0.00631	0.00750	0.00780	0.00447	0.00497	0.00761	0.01030	0.01374	0.02936	0.76344	0.03518	0.05968	0.00808	0.00238	0.00328	0.01509	0.00497	0.00437
34	0.01875	0.01055	0.01248	0.01043	0.01405	0.01092	0.00834	0.02783	0.40780	0.38262	0.02186	0.01949	0.01514	0.00709	0.00552	0.00177	0.00447	0.00584	0.00612	0.00894
35	0.01030	0.00969	0.01635	0.79530	0.03755	0.01211	0.01514	0.01393	0.01090	0.01393	0.00969	0.01453	0.00727	0.00545	0.00545	0.00182	0.00727	0.00484	0.00242	0.00606
36	0.01240	0.48008	0.02070	0.02510	0.01351	0.01566	0.00922	0.01498	0.04029	0.01446	0.01572	0.02799	0.01601	0.00847	0.00504	0.00168	0.00551	0.26342	0.00341	0.00634
37	0.00694	0.00572	0.00614	0.00620	0.00790	0.00502	0.00469	0.00891	0.03630	0.01574	0.12422	0.09657	0.59023	0.01360	0.00650	0.00189	0.00294	0.05051	0.00517	0.00480
38	0.02180	0.00901	0.01202	0.00944	0.01323	0.00803	0.00771	0.04294	0.03942	0.63503	0.12102	0.02142	0.01853	0.00735	0.00561	0.00169	0.00439	0.00607	0.00658	0.00871
39	0.01323	0.06940	0.01559	0.38038	0.02524	0.01307	0.01180	0.05988	0.24050	0.07686	0.01482	0.01707	0.01118	0.00634	0.00538	0.00177	0.00595	0.02032	0.00392	0.00731
40	0.01234	0.01068	0.01468	0.43822	0.02700	0.01275	0.01222	0.04751	0.30700	0.03842	0.01503	0.01686	0.01118	0.00629	0.00549	0.00182	0.00599	0.00538	0.00387	0.00727
41	0.00798	0.00527	0.00599	0.00599	0.00599	0.00527	0.00335	0.00790	0.00790	0.01053	0.01691	0.03500	0.01946	0.78059	0.02752	0.03475	0.00527	0.00782	0.00327	0.00327
42	0.01899	0.02358	0.01551	0.01398	0.01642	0.65533	0.01065	0.02086	0.04089	0.01365	0.00874	0.01048	0.00738	0.00621	0.00669	0.00155	0.11612	0.00377	0.00285	0.00635
43	0.01489	0.67636	0.04391	0.01012	0.01449	0.08994	0.00977	0.01699	0.02742	0.01320	0.00800	0.00927	0.00721	0.00500	0.00424	0.00126	0.03542	0.00313	0.00244	0.00696
44	0.00980	0.00973	0.03831	0.42733	0.04472	0.01034	0.12434	0.01292	0.01113	0.01465	0.01537	0.22638	0.01516	0.00842	0.00599	0.00192	0.00646	0.00792	0.00318	0.00593
45	0.00878	0.00566	0.00712	0.00696	0.00747	0.00587	0.00457	0.00945	0.00858	0.05250	0.01667	0.03064	0.01769	0.54367	0.24568	0.00610	0.00794	0.00719	0.00338	0.00408
46	0.16965	0.01078	0.01277	0.01199	0.08175	0.09694	0.12323	0.01570	0.01196	0.03535	0.02793	0.01585	0.01102	0.00572	0.00449	0.00150	0.00512	0.00480	0.34731	0.00614
47	0.01363	0.01252	0.01759	0.09718	0.33361	0.05554	0.04075	0.10499	0.07499	0.01921	0.01304	0.07216	0.01126	0.00642	0.00581	0.00167	0.03089	0.00566	0.03424	0.04885

[dist]
# distance from previous block
# <min> <max>
0	16

[block]
# block no. 6 follows, 44 sequences, length 11
# corresponding to MSA columns:
# 961-971
name=unknown_G
#
# <colnr> <probs for GDERKNQSTAVLIFYWHMCP>
#	G	D	E	R	K	N	Q	S	T	A	V	L	I	F	Y	W	H	M	C	P
0	0.03038	0.09392	0.22994	0.07840	0.08851	0.03313	0.05151	0.06251	0.01239	0.01778	0.00971	0.01179	0.00762	0.00499	0.00511	0.00143	0.02611	0.00401	0.00286	0.22790
1	0.00816	0.00615	0.00768	0.00740	0.00882	0.00588	0.00548	0.01164	0.08688	0.02013	0.51494	0.17927	0.06580	0.01173	0.00636	0.00179	0.00290	0.01037	0.00566	0.03293
2	0.00759	0.00515	0.00604	0.00637	0.00645	0.00506	0.00376	0.00784	0.00858	0.01144	0.02052	0.23515	0.02403	0.60319	0.02236	0.00449	0.00473	0.00989	0.00376	0.00360
3	0.01069	0.00898	0.01214	0.16224	0.08023	0.00874	0.00890	0.05989	0.03926	0.01830	0.13244	0.13973	0.01943	0.00778	0.00539	0.00152	0.00463	0.00682	0.00397	0.26893
4	0.01213	0.07834	0.23598	0.06304	0.37737	0.01268	0.01573	0.01599	0.01192	0.01687	0.01269	0.01496	0.05606	0.00549	0.00519	0.00160	0.00656	0.00481	0.00272	0.04986
5	0.01130	0.00969	0.01130	0.00807	0.01292	0.00727	0.00646	0.01373	0.01130	0.01776	0.00969	0.01130	0.00807	0.00404	0.00404	0.00081	0.00404	0.00323	0.00323	0.84173
6	0.01189	0.08073	0.12173	0.06587	0.04704	0.02664	0.07045	0.07076	0.08583	0.04357	0.01941	0.04166	0.10955	0.13406	0.00943	0.02264	0.00586	0.02269	0.00372	0.00647
7	0.01757	0.00978	0.01215	0.00901	0.01356	0.00807	0.00734	0.05606	0.01391	0.35372	0.01507	0.01459	0.01052	0.00536	0.00474	0.00124	0.00440	0.00431	0.00489	0.43372
8	0.00866	0.00645	0.00954	0.00918	0.01074	0.00621	0.06163	0.01086	0.01246	0.04422	0.19472	0.16965	0.11547	0.01671	0.10973	0.00295	0.00547	0.19525	0.00487	0.00521
9	0.00923	0.00873	0.07907	0.12668	0.01447	0.00730	0.00816	0.01228	0.04264	0.06413	0.17342	0.05487	0.29457	0.01204	0.04538	0.00217	0.00474	0.02981	0.00461	0.00571
10	0.03426	0.12882	0.15630	0.01156	0.04207	0.08298	0.04738	0.01508	0.04300	0.01796	0.24410	0.06430	0.02274	0.00760	0.00536	0.00159	0.00544	0.00640	0.00389	0.05916

[dist]
# distance from previous block
# <min> <max>
2	18

[block]
# block no. 7 follows, 44 sequences, length 37
# corresponding to MSA columns:
# 990-1026
name=unknown_H
#
# <colnr> <probs for GDERKNQSTAVLIFYWHMCP>
#	G	D	E	R	K	N	Q	S	T	A	V	L	I	F	Y	W	H	M	C	P
0	0.40283	0.00780	0.00767	0.02455	0.01016	0.00848	0.00598	0.01247	0.01018	0.04124	0.01872	0.34554	0.02031	0.01075	0.00523	0.00196	0.00390	0.05263	0.00426	0.00533
1	0.01811	0.00863	0.01115	0.00908	0.01222	0.00816	0.00733	0.10549	0.01582	0.41654	0.17433	0.02287	0.02087	0.01089	0.08065	0.00234	0.00520	0.00633	0.05624	0.00775
2	0.01030	0.00969	0.01635	0.79530	0.03755	0.01211	0.01514	0.01393	0.01090	0.01393	0.00969	0.01453	0.00727	0.00545	0.00545	0.00182	0.00727	0.00484	0.00242	0.00606
3	0.00688	0.00554	0.00613	0.00598	0.00763	0.00479	0.00449	0.00867	0.01346	0.01718	0.30151	0.04843	0.52437	0.01289	0.00644	0.00180	0.00270	0.01094	0.00539	0.00479
4	0.00879	0.00628	0.00879	0.01004	0.01130	0.00628	0.00879	0.01130	0.01255	0.01632	0.02887	0.06150	0.03138	0.01506	0.00753	0.00251	0.00502	0.73770	0.00502	0.00502
5	0.02071	0.01562	0.01633	0.01259	0.01690	0.04218	0.01037	0.73210	0.02530	0.03367	0.01294	0.01298	0.00920	0.00651	0.00544	0.00163	0.00612	0.00486	0.00537	0.00917
6	0.00664	0.00474	0.00633	0.00759	0.00791	0.00443	0.00506	0.00759	0.01044	0.01392	0.03005	0.80485	0.03606	0.01708	0.00696	0.00221	0.00316	0.01550	0.00506	0.00443
7	0.01277	0.01104	0.01618	0.36653	0.08569	0.01265	0.05447	0.08294	0.20642	0.04375	0.01446	0.04501	0.01128	0.00642	0.00558	0.00181	0.00621	0.00569	0.00377	0.00732
8	0.01438	0.63572	0.10962	0.01056	0.01524	0.06626	0.01073	0.01658	0.01124	0.01336	0.00785	0.00928	0.00700	0.00504	0.00454	0.00131	0.04874	0.00317	0.00236	0.00702
9	0.42966	0.01009	0.00974	0.00772	0.01179	0.00979	0.00628	0.01565	0.01055	0.06697	0.00935	0.01052	0.00732	0.00471	0.00379	0.00130	0.00416	0.00323	0.00351	0.37386
10	0.01466	0.01268	0.01397	0.07820	0.07053	0.05170	0.01002	0.10842	0.51256	0.03842	0.01858	0.01800	0.01392	0.00686	0.00549	0.00178	0.00518	0.00567	0.00497	0.00839
11	0.01747	0.01460	0.03834	0.02034	0.30208	0.08828	0.03280	0.24113	0.01722	0.12269	0.04227	0.01473	0.01093	0.00594	0.00544	0.00162	0.00638	0.00504	0.00419	0.00850
12	0.01349	0.01295	0.02213	0.03346	0.77440	0.01295	0.01673	0.01673	0.01241	0.01781	0.01025	0.01349	0.00864	0.00486	0.00540	0.00162	0.00648	0.00486	0.00270	0.00864
13	0.00879	0.00628	0.00879	0.01004	0.01130	0.00628	0.00879	0.01130	0.01255	0.01632	0.02887	0.06150	0.03138	0.01506	0.00753	0.00251	0.00502	0.73770	0.00502	0.00502
14	0.02072	0.01527	0.01636	0.01254	0.01691	0.01691	0.01036	0.75622	0.02563	0.03436	0.01309	0.01309	0.00927	0.00654	0.00545	0.00164	0.00600	0.00491	0.00545	0.00927
15	0.01349	0.01295	0.02213	0.03346	0.77440	0.01295	0.01673	0.01673	0.01241	0.01781	0.01025	0.01349	0.00864	0.00486	0.00540	0.00162	0.00648	0.00486	0.00270	0.00864
16	0.02072	0.01527	0.01636	0.01254	0.01691	0.01691	0.01036	0.75622	0.02563	0.03436	0.01309	0.01309	0.00927	0.00654	0.00545	0.00164	0.00600	0.00491	0.00545	0.00927
17	0.01617	0.65359	0.04571	0.00956	0.01423	0.01901	0.00939	0.01810	0.01186	0.14398	0.01002	0.01050	0.00811	0.00503	0.00388	0.00127	0.00569	0.00338	0.00309	0.00741
18	0.01360	0.01257	0.13255	0.02556	0.06387	0.00872	0.00966	0.01691	0.02894	0.15567	0.02952	0.01480	0.03082	0.00528	0.00474	0.00125	0.00493	0.00433	0.00383	0.43246
19	0.01895	0.01606	0.01442	0.01191	0.01540	0.20735	0.00945	0.39499	0.04185	0.08750	0.04016	0.06499	0.03755	0.00741	0.00548	0.00163	0.00640	0.00569	0.00488	0.00792
20	0.01619	0.29264	0.07908	0.00976	0.01417	0.01321	0.00914	0.01893	0.03328	0.24488	0.06905	0.01504	0.01264	0.00593	0.00496	0.00141	0.02619	0.00447	0.00414	0.12489
21	0.24025	0.01216	0.01097	0.02406	0.02796	0.17359	0.02794	0.04327	0.01200	0.06010	0.01473	0.14410	0.01440	0.02554	0.04043	0.05279	0.00612	0.06001	0.00379	0.00579
22	0.06498	0.01456	0.01558	0.01205	0.01631	0.01603	0.00994	0.65294	0.04412	0.07837	0.01355	0.01339	0.00955	0.00650	0.00535	0.00165	0.00578	0.00487	0.00542	0.00907
23	0.01029	0.00937	0.01558	0.74121	0.03541	0.01163	0.01436	0.01385	0.01094	0.01437	0.01024	0.01493	0.00773	0.00551	0.00534	0.00178	0.00694	0.00486	0.05967	0.00599
24	0.00644	0.00552	0.00552	0.00552	0.00736	0.00460	0.00414	0.00782	0.01243	0.01473	0.05523	0.05247	0.77218	0.01381	0.00644	0.00184	0.00276	0.01151	0.00506	0.00460
25	0.01655	0.18515	0.19930	0.01326	0.01761	0.42510	0.01241	0.01918	0.01348	0.01419	0.00921	0.03312	0.00783	0.00565	0.00475	0.00146	0.00841	0.00386	0.00266	0.00681
26	0.00677	0.00491	0.00640	0.00735	0.00790	0.00454	0.00501	0.00797	0.01125	0.01505	0.13243	0.64961	0.08854	0.01605	0.00685	0.00212	0.00306	0.01446	0.00519	0.00454
27	0.01164	0.01044	0.01041	0.01003	0.01209	0.08045	0.00748	0.02044	0.41568	0.01890	0.04837	0.28639	0.02351	0.01065	0.00600	0.00193	0.00437	0.00921	0.00515	0.00688
28	0.01458	0.81168	0.02857	0.00933	0.01399	0.02157	0.00933	0.01632	0.01108	0.01283	0.00758	0.00875	0.00700	0.00466	0.00350	0.00117	0.00583	0.00292	0.00233	0.00700
29	0.05047	0.06851	0.03273	0.01116	0.01541	0.03981	0.00934	0.37324	0.13909	0.04653	0.01337	0.01349	0.00994	0.00601	0.00499	0.00150	0.00545	0.00456	0.00467	0.14973
30	0.01517	0.01068	0.05807	0.00901	0.01386	0.00781	0.00774	0.01773	0.01259	0.24240	0.01319	0.01346	0.00961	0.00491	0.00453	0.00112	0.00446	0.00394	0.00421	0.54550
31	0.01434	0.58206	0.10366	0.01376	0.13420	0.01890	0.01155	0.01680	0.01147	0.03748	0.00865	0.01007	0.00744	0.00481	0.00403	0.00131	0.00612	0.00341	0.00252	0.00743
32	0.01038	0.15509	0.06541	0.00935	0.01202	0.01027	0.02632	0.03437	0.10866	0.01891	0.30137	0.11196	0.03028	0.00978	0.00583	0.00176	0.00430	0.07300	0.00474	0.00620
33	0.00648	0.00552	0.00558	0.00557	0.00739	0.00462	0.00417	0.00790	0.01252	0.01496	0.07841	0.05209	0.74885	0.01372	0.00644	0.00184	0.00276	0.01145	0.00509	0.00462
34	0.01297	0.00938	0.01489	0.42297	0.02632	0.01041	0.05638	0.03331	0.04130	0.15857	0.09526	0.06537	0.01534	0.00704	0.00571	0.00180	0.00600	0.00628	0.00398	0.00671
35	0.01433	0.09607	0.05211	0.12366	0.42366	0.01385	0.05069	0.08434	0.01345	0.06055	0.01081	0.01336	0.00853	0.00517	0.00526	0.00162	0.00656	0.00474	0.00309	0.00814
36	0.01349	0.01295	0.02213	0.03346	0.77440	0.01295	0.01673	0.01673	0.01241	0.01781	0.01025	0.01349	0.00864	0.00486	0.00540	0.00162	0.00648	0.00486	0.00270	0.00864

[dist]
# distance from previous block
# <min> <max>
0	4

[block]
# block no. 8 follows, 44 sequences, length 13
# corresponding to MSA columns:
# 1031-1043
name=unknown_I
#
# <colnr> <probs for GDERKNQSTAVLIFYWHMCP>
#	G	D	E	R	K	N	Q	S	T	A	V	L	I	F	Y	W	H	M	C	P
0	0.00670	0.00549	0.00593	0.00602	0.00764	0.00471	0.00450	0.00824	0.01265	0.01564	0.14600	0.11735	0.58926	0.01379	0.00652	0.00188	0.00284	0.03497	0.00518	0.00467
1	0.01218	0.01113	0.01824	0.28655	0.39431	0.01203	0.01490	0.05085	0.01256	0.01712	0.01252	0.01979	0.01103	0.00641	0.00568	0.00180	0.00654	0.09599	0.00303	0.00735
2	0.01370	0.01233	0.02027	0.18384	0.55127	0.01288	0.01570	0.06533	0.01309	0.04368	0.01071	0.01385	0.00857	0.00515	0.00541	0.00166	0.00654	0.00488	0.00296	0.00818
3	0.01849	0.00783	0.00974	0.00795	0.01097	0.00721	0.00641	0.05256	0.01434	0.43790	0.01963	0.01904	0.01351	0.00658	0.00480	0.00152	0.00385	0.00529	0.34484	0.00757
4	0.01291	0.01242	0.02063	0.02357	0.36706	0.01265	0.16963	0.01939	0.19856	0.01930	0.07496	0.01764	0.01400	0.00594	0.00574	0.00173	0.00620	0.00592	0.00368	0.00808
5	0.01436	0.01211	0.01278	0.01126	0.01448	0.01393	0.00882	0.10995	0.68227	0.02409	0.02118	0.01953	0.01582	0.00730	0.00554	0.00183	0.00450	0.00602	0.00554	0.00870
6	0.01458	0.81168	0.02857	0.00933	0.01399	0.02157	0.00933	0.01632	0.01108	0.01283	0.00758	0.00875	0.00700	0.00466	0.00350	0.00117	0.00583	0.00292	0.00233	0.00700
7	0.09485	0.06855	0.04039	0.01023	0.01401	0.03658	0.02529	0.08128	0.08722	0.35373	0.03403	0.04242	0.01415	0.00717	0.00527	0.00170	0.00504	0.04330	0.02678	0.00799
8	0.00940	0.00710	0.02761	0.00746	0.00922	0.00645	0.00583	0.04169	0.01292	0.07819	0.17843	0.09620	0.31764	0.10360	0.00940	0.00226	0.04475	0.03157	0.00498	0.00529
9	0.12106	0.10568	0.08308	0.06976	0.06264	0.01340	0.07505	0.13870	0.06283	0.02080	0.07932	0.04804	0.01331	0.00659	0.00564	0.00167	0.03948	0.00536	0.00374	0.04386
10	0.78037	0.01044	0.00839	0.00737	0.01082	0.01189	0.00607	0.01688	0.00979	0.08544	0.00872	0.00964	0.00652	0.00520	0.00354	0.00169	0.00425	0.00316	0.00365	0.00618
11	0.00650	0.00531	0.00574	0.00608	0.00751	0.00456	0.00439	0.00776	0.01189	0.01451	0.04844	0.25541	0.57362	0.01469	0.00658	0.00194	0.00287	0.01258	0.00506	0.00456
12	0.01346	0.01713	0.29864	0.01210	0.01672	0.01195	0.01246	0.23042	0.01498	0.05069	0.01414	0.01777	0.03579	0.11003	0.09843	0.00297	0.02601	0.00530	0.00369	0.00734

[dist]
# distance from previous block
# <min> <max>
2	5

[block]
# block no. 9 follows, 44 sequences, length 17
# corresponding to MSA columns:
# 1049-1065
name=unknown_J
#
# <colnr> <probs for GDERKNQSTAVLIFYWHMCP>
#	G	D	E	R	K	N	Q	S	T	A	V	L	I	F	Y	W	H	M	C	P
0	0.01256	0.03804	0.17357	0.02786	0.10164	0.05967	0.04311	0.01694	0.07426	0.04942	0.02991	0.01717	0.03773	0.00595	0.00508	0.00146	0.00586	0.03985	0.00344	0.25647
1	0.08874	0.19364	0.29279	0.01319	0.04519	0.04695	0.02855	0.12107	0.01381	0.09232	0.01068	0.01163	0.00790	0.00539	0.00474	0.00157	0.00666	0.00401	0.00331	0.00786
2	0.01030	0.00969	0.01635	0.79530	0.03755	0.01211	0.01514	0.01393	0.01090	0.01393	0.00969	0.01453	0.00727	0.00545	0.00545	0.00182	0.00727	0.00484	0.00242	0.00606
3	0.01130	0.00969	0.01130	0.00807	0.01292	0.00727	0.00646	0.01373	0.01130	0.01776	0.00969	0.01130	0.00807	0.00404	0.00404	0.00081	0.00404	0.00323	0.00323	0.84173
4	0.37578	0.01865	0.36857	0.01132	0.01696	0.01201	0.01275	0.01765	0.01094	0.09558	0.00999	0.01105	0.00712	0.00528	0.00442	0.00171	0.00605	0.00370	0.00321	0.00724
5	0.01348	0.00690	0.00874	0.00754	0.00987	0.00627	0.00591	0.03382	0.01494	0.25835	0.35363	0.03158	0.10155	0.00929	0.00577	0.00166	0.00332	0.00791	0.11299	0.00648
6	0.01740	0.01417	0.01418	0.05284	0.01630	0.10321	0.00953	0.32624	0.24249	0.06837	0.01583	0.01670	0.01202	0.05759	0.00684	0.00192	0.00588	0.00534	0.00495	0.00819
7	0.02037	0.02598	0.01545	0.01404	0.01685	0.78652	0.01053	0.02177	0.01545	0.01334	0.00843	0.00983	0.00702	0.00562	0.00492	0.00140	0.00983	0.00351	0.00281	0.00632
8	0.00664	0.00474	0.00633	0.00759	0.00791	0.00443	0.00506	0.00759	0.01044	0.01392	0.03005	0.80485	0.03606	0.01708	0.00696	0.00221	0.00316	0.01550	0.00506	0.00443
9	0.00705	0.00508	0.00676	0.00796	0.00854	0.00480	0.00574	0.00833	0.01095	0.01443	0.03114	0.62010	0.07383	0.01651	0.00704	0.00225	0.00350	0.15636	0.00505	0.00455
10	0.01806	0.14533	0.01785	0.01245	0.01627	0.20837	0.04556	0.23217	0.16603	0.06509	0.01322	0.01340	0.01000	0.00610	0.00507	0.00156	0.00667	0.00459	0.00425	0.00795
11	0.00646	0.00546	0.00558	0.00568	0.00741	0.00459	0.00421	0.00781	0.01227	0.01467	0.05330	0.10998	0.71591	0.01406	0.00648	0.00187	0.00279	0.01181	0.00506	0.00459
