[name]
unknown

[dist]
# distance from previous block
# <min> <max>
4	215

[block]
# block no. 0 follows, 42 sequences, length 22
# corresponding to MSA columns:
# 221-242
name=unknown_A
#
# <colnr> <probs for GDERKNQSTAVLIFYWHMCP>
#	G	D	E	R	K	N	Q	S	T	A	V	L	I	F	Y	W	H	M	C	P
0	0.01231	0.01160	0.01932	0.40603	0.30022	0.01267	0.04454	0.03656	0.01237	0.01687	0.01037	0.01434	0.00818	0.00530	0.00554	0.00172	0.00701	0.00495	0.00277	0.06736
1	0.01436	0.01076	0.04586	0.01079	0.06506	0.00820	0.00833	0.01704	0.01284	0.17037	0.04096	0.01546	0.01158	0.00533	0.00478	0.00118	0.00461	0.01802	0.00413	0.53037
2	0.01167	0.01000	0.01167	0.00834	0.01334	0.00750	0.00667	0.01417	0.01167	0.01834	0.01000	0.01167	0.00834	0.00417	0.00417	0.00083	0.00417	0.00333	0.00333	0.83663
3	0.01660	0.01219	0.09804	0.01078	0.03889	0.00898	0.00928	0.04668	0.02718	0.27651	0.04459	0.01577	0.01212	0.00573	0.00504	0.00137	0.00495	0.00467	0.00469	0.35597
4	0.80069	0.01113	0.00870	0.00768	0.01121	0.01287	0.00633	0.05336	0.01043	0.02576	0.00812	0.00936	0.00627	0.00530	0.00359	0.00174	0.00445	0.00315	0.00359	0.00627
5	0.00817	0.00563	0.00749	0.00755	0.00800	0.00605	0.00516	0.00891	0.00862	0.01192	0.01667	0.06621	0.01777	0.38211	0.34982	0.06571	0.00944	0.00741	0.00326	0.00409
6	0.01382	0.26570	0.46210	0.01352	0.02033	0.01570	0.01609	0.04425	0.01257	0.07220	0.01041	0.01160	0.00774	0.00535	0.00485	0.00160	0.00728	0.00395	0.00284	0.00812
7	0.00924	0.04472	0.06402	0.00930	0.01120	0.00798	0.00792	0.01159	0.01037	0.04554	0.07740	0.02366	0.04884	0.03271	0.56098	0.00697	0.01221	0.00633	0.00346	0.00556
8	0.00684	0.00555	0.00607	0.00628	0.00780	0.00478	0.00458	0.00831	0.01276	0.01586	0.13081	0.20127	0.54022	0.01462	0.00676	0.00196	0.00291	0.01251	0.00533	0.00478
9	0.01352	0.02090	0.35491	0.03461	0.05814	0.01362	0.29416	0.07253	0.01371	0.05270	0.01140	0.01373	0.00823	0.00529	0.00589	0.00181	0.00836	0.00529	0.00302	0.00818
10	0.01280	0.01047	0.01274	0.01046	0.06696	0.00837	0.00766	0.04614	0.01256	0.05012	0.01070	0.01222	0.00866	0.00445	0.00439	0.00097	0.00446	0.00362	0.00354	0.70871
11	0.01046	0.00848	0.00962	0.00891	0.01105	0.00903	0.00680	0.01873	0.33876	0.02213	0.35962	0.06194	0.09107	0.01025	0.00626	0.00186	0.00348	0.00886	0.00588	0.00681
12	0.00766	0.00557	0.00739	0.00856	0.00941	0.00530	0.00656	0.00929	0.01180	0.01537	0.03321	0.44866	0.10952	0.01651	0.00735	0.00236	0.00394	0.28152	0.00521	0.00482
13	0.01413	0.29513	0.25241	0.01192	0.01715	0.03403	0.01255	0.01966	0.13356	0.07962	0.01385	0.06867	0.01150	0.00655	0.00495	0.00162	0.00627	0.00507	0.00353	0.00783
14	0.02256	0.00918	0.01218	0.00953	0.01351	0.00802	0.00781	0.04258	0.01603	0.64522	0.05794	0.02348	0.08989	0.00788	0.00580	0.00176	0.00454	0.00646	0.00673	0.00891
15	0.00686	0.00490	0.00653	0.00784	0.00816	0.00457	0.00522	0.00784	0.01077	0.01437	0.03102	0.79855	0.03722	0.01763	0.00718	0.00229	0.00326	0.01600	0.00522	0.00457
16	0.01316	0.13635	0.57929	0.01466	0.02203	0.01451	0.01794	0.07514	0.01313	0.04855	0.01053	0.01190	0.00760	0.00545	0.00514	0.00169	0.00769	0.00413	0.00282	0.00831
17	0.01815	0.08467	0.01909	0.12345	0.07730	0.22903	0.07962	0.11484	0.01551	0.13448	0.01186	0.01340	0.00887	0.00601	0.00592	0.00166	0.04001	0.00470	0.00375	0.00768
18	0.01129	0.02911	0.77306	0.01604	0.02436	0.01307	0.02079	0.01782	0.01188	0.01782	0.01010	0.01188	0.00713	0.00535	0.00535	0.00178	0.00832	0.00416	0.00238	0.00832
19	0.06631	0.00584	0.00785	0.00844	0.00931	0.00560	0.03950	0.00894	0.01091	0.01535	0.02973	0.67017	0.06913	0.01599	0.00687	0.00221	0.00361	0.01445	0.00499	0.00483
20	0.01063	0.01000	0.01688	0.78870	0.03876	0.01250	0.01563	0.01438	0.01125	0.01438	0.01000	0.01500	0.00750	0.00563	0.00563	0.00188	0.00750	0.00500	0.00250	0.00625
21	0.01301	0.25364	0.43811	0.01406	0.02071	0.01602	0.04982	0.04173	0.07049	0.01750	0.01060	0.01196	0.00808	0.00539	0.00494	0.00163	0.00733	0.00414	0.00277	0.00805

[dist]
# distance from previous block
# <min> <max>
0	29

[block]
# block no. 1 follows, 42 sequences, length 98
# corresponding to MSA columns:
# 272-369
name=unknown_B
#
# <colnr> <probs for GDERKNQSTAVLIFYWHMCP>
#	G	D	E	R	K	N	Q	S	T	A	V	L	I	F	Y	W	H	M	C	P
0	0.01238	0.01197	0.03838	0.19964	0.42572	0.01212	0.04521	0.01614	0.02976	0.01772	0.04454	0.01928	0.01245	0.00628	0.00577	0.00179	0.00656	0.05669	0.02987	0.00771
1	0.00894	0.00671	0.00854	0.00872	0.01024	0.00668	0.00701	0.01298	0.10103	0.01988	0.34504	0.08019	0.08048	0.01291	0.00696	0.00211	0.00380	0.26647	0.00568	0.00562
2	0.01905	0.02254	0.05800	0.01705	0.12872	0.49660	0.01208	0.05206	0.07683	0.04870	0.01100	0.01222	0.00869	0.00590	0.00526	0.00156	0.00867	0.00423	0.00337	0.00743
3	0.01233	0.13541	0.53786	0.07065	0.04779	0.01455	0.03976	0.04741	0.01244	0.01768	0.00997	0.01193	0.00737	0.00532	0.00518	0.00170	0.00783	0.00419	0.00255	0.00807
4	0.05527	0.01330	0.05526	0.01070	0.01553	0.03503	0.03195	0.19308	0.06224	0.02296	0.01156	0.01265	0.00899	0.00520	0.00476	0.00126	0.00526	0.00409	0.00396	0.44697
5	0.01337	0.01411	0.01651	0.01431	0.01482	0.12977	0.01172	0.01471	0.01011	0.01407	0.04894	0.01362	0.00987	0.00934	0.01583	0.00227	0.63272	0.00502	0.00273	0.00616
6	0.01176	0.06778	0.58574	0.01430	0.02118	0.01224	0.01750	0.01714	0.01216	0.05858	0.03446	0.07274	0.01191	0.00684	0.00552	0.00181	0.00735	0.03009	0.00304	0.00786
7	0.74055	0.01144	0.00938	0.03104	0.03792	0.03467	0.00698	0.01709	0.03310	0.02432	0.00848	0.00987	0.00661	0.00532	0.00373	0.00174	0.00469	0.00329	0.00348	0.00630
8	0.01152	0.00999	0.01616	0.02326	0.44313	0.00982	0.01239	0.01399	0.01227	0.03730	0.01982	0.26486	0.04269	0.00990	0.00623	0.00192	0.00536	0.04828	0.00387	0.00723
9	0.01122	0.01032	0.01688	0.74630	0.03760	0.01277	0.01536	0.05450	0.01208	0.01553	0.01019	0.01492	0.00761	0.00569	0.00563	0.00187	0.00743	0.00500	0.00267	0.00643
10	0.01388	0.01399	0.02437	0.05382	0.56937	0.03554	0.15757	0.01742	0.01288	0.01798	0.01062	0.01407	0.00873	0.00508	0.00598	0.00173	0.02044	0.00529	0.00279	0.00847
11	0.06523	0.01085	0.00976	0.00882	0.01120	0.11501	0.00681	0.07034	0.15206	0.06270	0.07644	0.03986	0.01671	0.00728	0.00491	0.00158	0.00450	0.00577	0.32348	0.00668
12	0.01129	0.02911	0.77306	0.01604	0.02436	0.01307	0.02079	0.01782	0.01188	0.01782	0.01010	0.01188	0.00713	0.00535	0.00535	0.00178	0.00832	0.00416	0.00238	0.00832
13	0.02141	0.01222	0.01424	0.01110	0.01525	0.01248	0.00911	0.36009	0.05234	0.33275	0.04402	0.01927	0.05435	0.00744	0.00573	0.00173	0.00525	0.00590	0.00617	0.00914
14	0.00880	0.00754	0.00921	0.00954	0.01079	0.06058	0.04496	0.01045	0.01197	0.01525	0.02994	0.44983	0.09582	0.01504	0.00702	0.00221	0.00450	0.17743	0.00488	0.02425
15	0.00978	0.00489	0.00733	0.00733	0.00733	0.00489	0.00489	0.00733	0.00733	0.00978	0.00978	0.01711	0.00978	0.01955	0.02199	0.83627	0.00489	0.00489	0.00244	0.00244
16	0.01167	0.01000	0.01167	0.00834	0.01334	0.00750	0.00667	0.01417	0.01167	0.01834	0.01000	0.01167	0.00834	0.00417	0.00417	0.00083	0.00417	0.00333	0.00333	0.83663
17	0.00766	0.00574	0.00710	0.00676	0.00822	0.00518	0.00507	0.01003	0.01521	0.02087	0.60086	0.04484	0.21745	0.01214	0.00664	0.00180	0.00270	0.01057	0.00597	0.00518
18	0.01162	0.01145	0.01678	0.01420	0.01486	0.01498	0.07248	0.01314	0.00946	0.01402	0.01276	0.01903	0.06300	0.05561	0.01679	0.00255	0.59295	0.03547	0.00286	0.00598
19	0.01328	0.01518	0.03321	0.02372	0.02941	0.01423	0.74668	0.01803	0.01328	0.01803	0.01139	0.01518	0.00854	0.00474	0.00664	0.00190	0.00949	0.00664	0.00285	0.00759
20	0.00684	0.00577	0.00594	0.00604	0.00782	0.00495	0.00448	0.00856	0.02982	0.01531	0.05367	0.12642	0.67618	0.01443	0.00668	0.00194	0.00293	0.01215	0.00524	0.00483
21	0.04382	0.02464	0.01542	0.01395	0.01693	0.66444	0.01053	0.03717	0.09186	0.01552	0.01022	0.01130	0.00828	0.00599	0.00511	0.00151	0.00932	0.00392	0.00326	0.00682
22	0.01151	0.00828	0.00866	0.00844	0.00889	0.12471	0.00581	0.00967	0.00866	0.01039	0.00961	0.01603	0.00938	0.01742	0.01938	0.70715	0.00570	0.00469	0.00251	0.00307
23	0.01328	0.01518	0.03321	0.02372	0.02941	0.01423	0.74668	0.01803	0.01328	0.01803	0.01139	0.01518	0.00854	0.00474	0.00664	0.00190	0.00949	0.00664	0.00285	0.00759
24	0.01119	0.01057	0.01789	0.66082	0.16226	0.01265	0.01591	0.01487	0.01152	0.01506	0.01010	0.01482	0.00774	0.00552	0.00562	0.00184	0.00736	0.00500	0.00255	0.00670
25	0.02037	0.01525	0.01631	0.01274	0.01706	0.01697	0.01045	0.64893	0.12755	0.03382	0.01481	0.01455	0.01062	0.00688	0.00564	0.00172	0.00595	0.00525	0.00564	0.00948
26	0.01063	0.01000	0.01688	0.78870	0.03876	0.01250	0.01563	0.01438	0.01125	0.01438	0.01000	0.01500	0.00750	0.00563	0.00563	0.00188	0.00750	0.00500	0.00250	0.00625
27	0.00804	0.00603	0.00904	0.00904	0.01005	0.00703	0.00703	0.01005	0.00904	0.01306	0.01507	0.02211	0.01407	0.04221	0.77992	0.00904	0.01507	0.00603	0.00301	0.00502
28	0.00776	0.00574	0.00724	0.00687	0.00828	0.00522	0.00515	0.01022	0.01545	0.02142	0.65401	0.04393	0.16395	0.01193	0.00664	0.00179	0.00269	0.01044	0.00604	0.00522
29	0.00813	0.00593	0.00871	0.00871	0.00958	0.00680	0.00661	0.00976	0.00889	0.01273	0.01509	0.02324	0.01447	0.11044	0.67916	0.04403	0.01376	0.00618	0.00303	0.00477
30	0.01482	0.72820	0.06179	0.01127	0.05602	0.02138	0.01054	0.01692	0.01153	0.01372	0.00807	0.00942	0.00731	0.00485	0.00379	0.00125	0.00616	0.00317	0.00243	0.00736
31	0.00876	0.00625	0.00871	0.01001	0.01116	0.00621	0.00852	0.01112	0.01265	0.01649	0.02997	0.16765	0.03307	0.01584	0.00769	0.00255	0.00491	0.62817	0.00519	0.00510
32	0.00842	0.00622	0.00849	0.00832	0.00886	0.00710	0.00600	0.00954	0.00866	0.01223	0.01544	0.02683	0.01591	0.32248	0.43422	0.02290	0.06407	0.00673	0.00311	0.00445
33	0.00939	0.00745	0.01085	0.01088	0.04191	0.00887	0.00817	0.04220	0.00985	0.01421	0.01379	0.02014	0.01278	0.03483	0.60718	0.02901	0.10422	0.00579	0.00304	0.00544
34	0.01210	0.01104	0.01692	0.11331	0.38851	0.01152	0.01303	0.01724	0.13403	0.01879	0.09368	0.04906	0.06776	0.00745	0.00588	0.00180	0.00560	0.02069	0.00388	0.00772
35	0.00880	0.00715	0.01051	0.01007	0.01089	0.00886	0.00798	0.01067	0.00897	0.01315	0.01370	0.02036	0.01288	0.03643	0.64400	0.00787	0.15375	0.00583	0.00292	0.00523
36	0.02979	0.01608	0.12402	0.03852	0.40351	0.04975	0.08497	0.05040	0.01294	0.01833	0.01053	0.01413	0.00873	0.00588	0.00707	0.00181	0.09562	0.01688	0.00288	0.00816
37	0.01280	0.01221	0.04198	0.31892	0.42047	0.01265	0.01620	0.01633	0.01230	0.04048	0.01133	0.01604	0.00924	0.00566	0.00566	0.00178	0.00694	0.02835	0.00287	0.00779
38	0.00665	0.00570	0.00570	0.00570	0.00760	0.00475	0.00428	0.00808	0.01283	0.01520	0.05701	0.05416	0.76483	0.01425	0.00665	0.00190	0.00285	0.01188	0.00523	0.00475
39	0.01966	0.13389	0.01835	0.01221	0.01669	0.01764	0.01029	0.56933	0.07026	0.03082	0.01314	0.01326	0.00966	0.00644	0.00529	0.00160	0.00599	0.00479	0.00508	0.03562
40	0.01168	0.01108	0.01878	0.54843	0.27080	0.01278	0.01615	0.01530	0.01175	0.01566	0.01019	0.01466	0.00795	0.00543	0.00561	0.00181	0.00724	0.00501	0.00259	0.00710
41	0.01295	0.08002	0.42743	0.05205	0.16389	0.01344	0.07056	0.01793	0.01232	0.05864	0.01077	0.01282	0.00800	0.00527	0.00535	0.00170	0.00758	0.00451	0.00277	0.03200
42	0.00837	0.00615	0.00769	0.00730	0.00874	0.00587	0.00547	0.01183	0.06800	0.02190	0.62424	0.07271	0.08083	0.01146	0.00651	0.00179	0.00282	0.01007	0.03274	0.00551
43	0.00807	0.00595	0.00890	0.00894	0.00989	0.00688	0.00690	0.00988	0.00904	0.01299	0.01538	0.04636	0.01464	0.04061	0.72797	0.03899	0.01433	0.00630	0.00306	0.00492
44	0.01445	0.66921	0.13674	0.01099	0.01634	0.02069	0.03410	0.01703	0.01156	0.01405	0.00826	0.00963	0.00725	0.00489	0.00396	0.00131	0.00646	0.00329	0.00242	0.00739
45	0.00826	0.00615	0.00906	0.00898	0.00985	0.00718	0.00690	0.00993	0.00891	0.01281	0.01476	0.02246	0.01405	0.08576	0.67799	0.04393	0.03910	0.00607	0.00300	0.00485
46	0.01049	0.00525	0.00525	0.00525	0.00656	0.00525	0.00393	0.01311	0.01180	0.02098	0.01836	0.02098	0.01442	0.00656	0.00393	0.00131	0.00262	0.00525	0.83346	0.00525
47	0.00736	0.00550	0.00661	0.00678	0.00802	0.00494	0.00491	0.00920	0.01348	0.01809	0.32656	0.24002	0.27051	0.01376	0.00668	0.00193	0.00287	0.01203	0.03580	0.00494
48	0.01171	0.12664	0.02010	0.51026	0.10250	0.01405	0.06383	0.01507	0.01153	0.01484	0.01099	0.01499	0.02745	0.00573	0.00577	0.00178	0.02845	0.00500	0.00261	0.00670
49	0.01325	0.01396	0.04922	0.09731	0.02080	0.13786	0.20380	0.03921	0.01354	0.03147	0.01662	0.03995	0.01567	0.00869	0.00692	0.00202	0.04100	0.21170	0.03048	0.00653
50	0.01393	0.01337	0.02284	0.03454	0.76712	0.01337	0.01727	0.01727	0.01281	0.01839	0.01059	0.01393	0.00891	0.00501	0.00557	0.00167	0.00669	0.00501	0.00279	0.00891
51	0.00687	0.00507	0.00640	0.00741	0.00803	0.00464	0.00503	0.00796	0.01123	0.01467	0.05453	0.63300	0.16618	0.03125	0.00747	0.00226	0.00322	0.01497	0.00522	0.00460
52	0.01146	0.00656	0.00842	0.00749	0.00956	0.00586	0.00578	0.01382	0.01547	0.18180	0.49221	0.03907	0.15836	0.01097	0.00643	0.00178	0.00314	0.00948	0.00621	0.00614
53	0.01505	0.80561	0.02949	0.00963	0.01444	0.02227	0.00963	0.01685	0.01143	0.01324	0.00782	0.00903	0.00722	0.00481	0.00361	0.00120	0.00602	0.00301	0.00241	0.00722
54	0.07038	0.01056	0.04093	0.01139	0.05556	0.00903	0.00905	0.03645	0.01555	0.62822	0.04025	0.01856	0.01395	0.00682	0.00554	0.00174	0.00496	0.00553	0.00633	0.00918
55	0.17177	0.01672	0.01333	0.01124	0.01493	0.30713	0.00884	0.04763	0.01488	0.26093	0.01316	0.01310	0.00935	0.00598	0.00492	0.00156	0.00678	0.00420	0.00444	0.06909
56	0.00686	0.00490	0.00653	0.00784	0.00816	0.00457	0.00522	0.00784	0.01077	0.01437	0.03102	0.79855	0.03722	0.01763	0.00718	0.00229	0.00326	0.01600	0.00522	0.00457
57	0.00851	0.00610	0.00670	0.00653	0.00857	0.00523	0.00508	0.01015	0.01325	0.08034	0.08138	0.05146	0.60709	0.01363	0.00666	0.00194	0.00321	0.07355	0.00541	0.00522
58	0.02468	0.00997	0.01357	0.01103	0.04193	0.00883	0.00870	0.05664	0.01641	0.71339	0.02142	0.01873	0.01357	0.00689	0.00565	0.00174	0.00492	0.00561	0.00676	0.00955
59	0.01393	0.01337	0.02284	0.03454	0.76712	0.01337	0.01727	0.01727	0.01281	0.01839	0.01059	0.01393	0.00891	0.00501	0.00557	0.00167	0.00669	0.00501	0.00279	0.00891
60	0.00978	0.00489	0.00733	0.00733	0.00733	0.00489	0.00489	0.00733	0.00733	0.00978	0.00978	0.01711	0.00978	0.01955	0.02199	0.83627	0.00489	0.00489	0.00244	0.00244
61	0.01372	0.01316	0.02247	0.08150	0.72177	0.01332	0.01717	0.01709	0.01272	0.01814	0.01055	0.01400	0.00883	0.00505	0.00557	0.00168	0.00674	0.00501	0.00277	0.00875
62	0.01393	0.01337	0.02284	0.03454	0.76712	0.01337	0.01727	0.01727	0.01281	0.01839	0.01059	0.01393	0.00891	0.00501	0.00557	0.00167	0.00669	0.00501	0.00279	0.00891
63	0.07059	0.01028	0.01253	0.04123	0.01488	0.00835	0.03737	0.01451	0.01157	0.01865	0.00991	0.01177	0.00815	0.00433	0.00428	0.00098	0.00454	0.00352	0.00329	0.70929
64	0.84197	0.01088	0.00827	0.00740	0.01088	0.01262	0.00609	0.01654	0.00958	0.02525	0.00784	0.00914	0.00609	0.00522	0.00348	0.00174	0.00435	0.00305	0.00348	0.00609
65	0.00804	0.00603	0.00904	0.00904	0.01005	0.00703	0.00703	0.01005	0.00904	0.01306	0.01507	0.02211	0.01407	0.04221	0.77992	0.00904	0.01507	0.00603	0.00301	0.00502
66	0.03582	0.02857	0.75048	0.01578	0.02396	0.01306	0.02036	0.01778	0.01181	0.01804	0.01003	0.01180	0.00710	0.00534	0.00529	0.00178	0.00820	0.00413	0.00241	0.00825
67	0.01154	0.01088	0.01674	0.61925	0.09076	0.04378	0.01493	0.03839	0.01218	0.01551	0.01151	0.01811	0.00943	0.00633	0.00575	0.00189	0.00734	0.05633	0.00283	0.00650
68	0.00686	0.00490	0.00653	0.00784	0.00816	0.00457	0.00522	0.00784	0.01077	0.01437	0.03102	0.79855	0.03722	0.01763	0.00718	0.00229	0.00326	0.01600	0.00522	0.00457
69	0.01049	0.00525	0.00525	0.00525	0.00656	0.00525	0.00393	0.01311	0.01180	0.02098	0.01836	0.02098	0.01442	0.00656	0.00393	0.00131	0.00262	0.00525	0.83346	0.00525
70	0.02086	0.01525	0.01632	0.01257	0.01692	0.01685	0.01036	0.71223	0.02574	0.03476	0.01375	0.01388	0.00981	0.00675	0.00555	0.00167	0.00602	0.00508	0.04630	0.00936
71	0.01429	0.01292	0.01278	0.01152	0.01462	0.06801	0.00892	0.02872	0.67897	0.02282	0.04732	0.02095	0.01771	0.00764	0.00571	0.00187	0.00480	0.00630	0.00554	0.00862
72	0.00831	0.00600	0.00821	0.00814	0.00887	0.00668	0.00589	0.02197	0.00905	0.01273	0.01593	0.02687	0.01613	0.29522	0.51606	0.00772	0.01171	0.00673	0.00319	0.00456
73	0.01622	0.00775	0.01028	0.00860	0.01140	0.00699	0.00681	0.01911	0.04143	0.37120	0.39315	0.03066	0.03362	0.00926	0.00615	0.00176	0.00371	0.00794	0.00654	0.00742
74	0.00665	0.00570	0.00570	0.00570	0.00760	0.00475	0.00428	0.00808	0.01283	0.01520	0.05701	0.05416	0.76483	0.01425	0.00665	0.00190	0.00285	0.01188	0.00523	0.00475
75	0.02052	0.02578	0.01572	0.01428	0.01720	0.72532	0.01073	0.02300	0.06851	0.01447	0.00971	0.01092	0.00795	0.00593	0.00512	0.00148	0.00974	0.00382	0.00310	0.00669
76	0.01367	0.01144	0.01267	0.01002	0.01430	0.01105	0.00796	0.10644	0.28615	0.02226	0.01514	0.01530	0.01172	0.00574	0.00491	0.00133	0.00451	0.00465	0.00448	0.43626
77	0.01497	0.01281	0.01983	0.13744	0.46634	0.01345	0.01502	0.10045	0.08038	0.06509	0.01262	0.01498	0.00982	0.00565	0.00560	0.00173	0.00644	0.00518	0.00357	0.00864
78	0.02102	0.02682	0.01595	0.01450	0.01740	0.77963	0.01087	0.02247	0.01595	0.01377	0.00870	0.01015	0.00725	0.00580	0.00507	0.00145	0.01015	0.00362	0.00290	0.00652
79	0.00806	0.00596	0.00869	0.00869	0.00957	0.00684	0.00659	0.00982	0.00894	0.01280	0.01540	0.02392	0.01486	0.13579	0.68742	0.00860	0.01389	0.00629	0.00306	0.00483
80	0.01747	0.02013	0.01867	0.02276	0.33875	0.40876	0.01339	0.01979	0.01437	0.01600	0.00958	0.01185	0.00802	0.00537	0.00524	0.00151	0.00834	0.00420	0.00287	0.05292
81	0.00811	0.00573	0.00754	0.00754	0.00802	0.00622	0.00516	0.00908	0.00860	0.01195	0.01645	0.02974	0.01738	0.43608	0.39058	0.00718	0.01009	0.00715	0.00322	0.00419
82	0.84197	0.01088	0.00827	0.00740	0.01088	0.01262	0.00609	0.01654	0.00958	0.02525	0.00784	0.00914	0.00609	0.00522	0.00348	0.00174	0.00435	0.00305	0.00348	0.00609
83	0.07335	0.01231	0.01276	0.01129	0.01460	0.01419	0.00886	0.08911	0.64277	0.02466	0.02105	0.01953	0.01576	0.00739	0.00556	0.00188	0.00459	0.00602	0.00556	0.00876
84	0.00974	0.00762	0.00906	0.00837	0.01024	0.00787	0.00637	0.01631	0.23448	0.02285	0.54554	0.03583	0.04251	0.01036	0.00637	0.00181	0.00319	0.00905	0.00606	0.00637
85	0.02171	0.01526	0.01658	0.01271	0.01720	0.01670	0.01050	0.68944	0.02561	0.09558	0.01422	0.01397	0.00993	0.00677	0.00563	0.00169	0.00608	0.00512	0.00574	0.00957
86	0.00767	0.00589	0.00612	0.00599	0.00799	0.00494	0.00452	0.00913	0.01295	0.05649	0.05444	0.07148	0.70499	0.01394	0.00661	0.00190	0.00297	0.01164	0.00532	0.00501
87	0.01049	0.00525	0.00525	0.00525	0.00656	0.00525	0.00393	0.01311	0.01180	0.02098	0.01836	0.02098	0.01442	0.00656	0.00393	0.00131	0.00262	0.00525	0.83346	0.00525
88	0.01063	0.01000	0.01688	0.78870	0.03876	0.01250	0.01563	0.01438	0.01125	0.01438	0.01000	0.01500	0.00750	0.00563	0.00563	0.00188	0.00750	0.00500	0.00250	0.00625
89	0.00796	0.00575	0.00752	0.00708	0.00841	0.00531	0.00531	0.01062	0.01593	0.02257	0.76415	0.04204	0.05310	0.01150	0.00664	0.00177	0.00265	0.01018	0.00619	0.00531
90	0.01167	0.01000	0.01167	0.00834	0.01334	0.00750	0.00667	0.01417	0.01167	0.01834	0.01000	0.01167	0.00834	0.00417	0.00417	0.00083	0.00417	0.00333	0.00333	0.83663
91	0.01066	0.00965	0.01566	0.41829	0.18818	0.01076	0.01332	0.01360	0.01156	0.01536	0.01568	0.10820	0.05352	0.00801	0.00637	0.02775	0.00632	0.02732	0.00313	0.03667
92	0.04457	0.01402	0.02457	0.01981	0.08833	0.01457	0.37297	0.16216	0.01482	0.02077	0.01122	0.01479	0.00890	0.02693	0.00880	0.03061	0.10540	0.00582	0.00337	0.00758
93	0.01346	0.13305	0.13380	0.01766	0.05388	0.01411	0.33459	0.06339	0.01350	0.03778	0.04852	0.01606	0.01123	0.03015	0.03078	0.00206	0.00790	0.00571	0.02488	0.00750
94	0.00804	0.00651	0.00979	0.25388	0.01780	0.00707	0.00850	0.00990	0.01093	0.01437	0.02440	0.55166	0.02786	0.01385	0.00669	0.00216	0.00460	0.01253	0.00437	0.00510
95	0.14014	0.01389	0.03753	0.12481	0.06017	0.05144	0.01095	0.30570	0.01820	0.16341	0.01327	0.01393	0.00934	0.00622	0.00528	0.00172	0.00614	0.00477	0.00472	0.00836
96	0.04189	0.20298	0.39173	0.01383	0.02038	0.01445	0.07779	0.01798	0.01212	0.07294	0.01050	0.01193	0.00784	0.00519	0.00492	0.00157	0.00714	0.00411	0.00288	0.07784
97	0.42166	0.19308	0.08163	0.01215	0.09803	0.03700	0.00976	0.04385	0.01148	0.03497	0.00883	0.01026	0.00706	0.00522	0.00407	0.00161	0.00558	0.00349	0.00319	0.00706

[dist]
# distance from previous block
# <min> <max>
0	1

[block]
# block no. 2 follows, 42 sequences, length 18
# corresponding to MSA columns:
# 371-388
name=unknown_C
#
# <colnr> <probs for GDERKNQSTAVLIFYWHMCP>
#	G	D	E	R	K	N	Q	S	T	A	V	L	I	F	Y	W	H	M	C	P
0	0.09044	0.01313	0.02156	0.08149	0.07761	0.01361	0.29403	0.09997	0.14426	0.04337	0.01442	0.01802	0.01130	0.00624	0.00595	0.00188	0.00704	0.04393	0.00393	0.00782
1	0.03516	0.05287	0.11563	0.01010	0.01312	0.00936	0.03866	0.07097	0.06364	0.03382	0.34601	0.11331	0.03242	0.00994	0.00615	0.00183	0.00451	0.03094	0.00506	0.00649
2	0.01018	0.00635	0.00785	0.00726	0.00922	0.00564	0.00563	0.01236	0.01480	0.13128	0.38611	0.04371	0.27458	0.01193	0.00656	0.00185	0.00318	0.04985	0.00594	0.00576
3	0.01216	0.01788	0.23621	0.06305	0.06564	0.01300	0.40129	0.01709	0.01298	0.01818	0.07557	0.01649	0.01194	0.00556	0.00617	0.00184	0.00832	0.00607	0.00298	0.00759
4	0.06288	0.41491	0.27411	0.01118	0.01672	0.01684	0.01255	0.01677	0.01151	0.01630	0.00969	0.01124	0.00788	0.00520	0.00422	0.00144	0.00633	0.00363	0.08931	0.00731
5	0.01442	0.01167	0.01523	0.09878	0.19658	0.05593	0.01064	0.03348	0.01328	0.11473	0.05160	0.01508	0.01143	0.00543	0.00507	0.00137	0.00553	0.00463	0.00376	0.33137
6	0.01529	0.06354	0.01613	0.01328	0.01539	0.21355	0.01064	0.02153	0.26156	0.01694	0.01295	0.01447	0.01062	0.00776	0.00984	0.00194	0.27870	0.00496	0.00367	0.00724
7	0.01637	0.01327	0.01349	0.01153	0.01495	0.05211	0.00912	0.22560	0.44898	0.04264	0.01927	0.01836	0.01432	0.00721	0.00554	0.00178	0.00509	0.00577	0.06587	0.00872
8	0.84197	0.01088	0.00827	0.00740	0.01088	0.01262	0.00609	0.01654	0.00958	0.02525	0.00784	0.00914	0.00609	0.00522	0.00348	0.00174	0.00435	0.00305	0.00348	0.00609
9	0.01037	0.00528	0.00543	0.00543	0.00673	0.00533	0.00409	0.01296	0.01167	0.02059	0.01820	0.02104	0.01441	0.00832	0.04237	0.00169	0.00324	0.00528	0.79233	0.00523
10	0.01028	0.00923	0.01451	0.55744	0.03046	0.01112	0.01308	0.01467	0.07982	0.01535	0.01543	0.13726	0.01422	0.00816	0.00599	0.00198	0.00645	0.04501	0.00335	0.00618
11	0.84197	0.01088	0.00827	0.00740	0.01088	0.01262	0.00609	0.01654	0.00958	0.02525	0.00784	0.00914	0.00609	0.00522	0.00348	0.00174	0.00435	0.00305	0.00348	0.00609
12	0.01049	0.00525	0.00525	0.00525	0.00656	0.00525	0.00393	0.01311	0.01180	0.02098	0.01836	0.02098	0.01442	0.00656	0.00393	0.00131	0.00262	0.00525	0.83346	0.00525
13	0.02434	0.00984	0.01301	0.01002	0.01426	0.00881	0.00826	0.07932	0.01668	0.68544	0.02140	0.01882	0.01363	0.00693	0.00558	0.00172	0.00480	0.00560	0.04214	0.00939
14	0.02100	0.01557	0.01667	0.01287	0.01730	0.01727	0.01060	0.71035	0.06510	0.03484	0.01401	0.01391	0.00997	0.00680	0.00563	0.00170	0.00610	0.00514	0.00563	0.00954
15	0.79703	0.01115	0.00874	0.00770	0.01124	0.01289	0.00635	0.05662	0.01050	0.02581	0.00815	0.00938	0.00629	0.00531	0.00360	0.00174	0.00445	0.00316	0.00360	0.00629
16	0.01579	0.14206	0.01693	0.01299	0.12055	0.01187	0.00932	0.08964	0.01400	0.14577	0.01212	0.01299	0.00930	0.00512	0.00467	0.00125	0.00513	0.00408	0.00394	0.36248
17	0.52935	0.07650	0.05451	0.00954	0.01339	0.03304	0.06129	0.01690	0.01120	0.06003	0.07849	0.01327	0.01116	0.00584	0.00427	0.00171	0.00510	0.00417	0.00370	0.00653

[dist]
# distance from previous block
# <min> <max>
0	3

[block]
# block no. 3 follows, 42 sequences, length 22
# corresponding to MSA columns:
# 392-413
name=unknown_D
#
# <colnr> <probs for GDERKNQSTAVLIFYWHMCP>
#	G	D	E	R	K	N	Q	S	T	A	V	L	I	F	Y	W	H	M	C	P
0	0.09865	0.01145	0.01584	0.19429	0.06578	0.01440	0.01211	0.07204	0.01134	0.05077	0.00986	0.01372	0.00825	0.00975	0.05919	0.00252	0.33540	0.00487	0.00308	0.00669
1	0.02102	0.02682	0.01595	0.01450	0.01740	0.77963	0.01087	0.02247	0.01595	0.01377	0.00870	0.01015	0.00725	0.00580	0.00507	0.00145	0.01015	0.00362	0.00290	0.00652
2	0.00674	0.00568	0.00584	0.00586	0.00767	0.00478	0.00437	0.00823	0.01295	0.01563	0.10027	0.07960	0.69476	0.01420	0.00667	0.00191	0.00285	0.01192	0.00529	0.00478
3	0.00818	0.00546	0.00614	0.00614	0.00614	0.00546	0.00341	0.00818	0.00818	0.01091	0.01773	0.03683	0.02046	0.80222	0.02864	0.00546	0.00546	0.00818	0.00341	0.00341
4	0.80486	0.01170	0.04244	0.00779	0.01149	0.01264	0.00675	0.01660	0.00968	0.02492	0.00794	0.00926	0.00614	0.00523	0.00357	0.00174	0.00453	0.00310	0.00343	0.00619
5	0.02102	0.02682	0.01595	0.01450	0.01740	0.77963	0.01087	0.02247	0.01595	0.01377	0.00870	0.01015	0.00725	0.00580	0.00507	0.00145	0.01015	0.00362	0.00290	0.00652
6	0.01372	0.01316	0.02247	0.08166	0.72161	0.01332	0.01717	0.01709	0.01272	0.01814	0.01055	0.01400	0.00883	0.00505	0.00557	0.00168	0.00674	0.00501	0.00277	0.00875
7	0.00804	0.00603	0.00904	0.00904	0.01005	0.00703	0.00703	0.01005	0.00904	0.01306	0.01507	0.02211	0.01407	0.04221	0.77992	0.00904	0.01507	0.00603	0.00301	0.00502
8	0.84197	0.01088	0.00827	0.00740	0.01088	0.01262	0.00609	0.01654	0.00958	0.02525	0.00784	0.00914	0.00609	0.00522	0.00348	0.00174	0.00435	0.00305	0.00348	0.00609
9	0.01328	0.01518	0.03321	0.02372	0.02941	0.01423	0.74668	0.01803	0.01328	0.01803	0.01139	0.01518	0.00854	0.00474	0.00664	0.00190	0.00949	0.00664	0.00285	0.00759
10	0.01114	0.05515	0.01364	0.11679	0.01594	0.04415	0.00973	0.06982	0.01106	0.01512	0.01222	0.01748	0.01096	0.02505	0.40216	0.00556	0.14974	0.00534	0.00301	0.00594
11	0.00686	0.00490	0.00653	0.00784	0.00816	0.00457	0.00522	0.00784	0.01077	0.01437	0.03102	0.79855	0.03722	0.01763	0.00718	0.00229	0.00326	0.01600	0.00522	0.00457
12	0.02525	0.00958	0.01306	0.01001	0.01437	0.00827	0.00827	0.02743	0.01611	0.77102	0.02220	0.01915	0.01393	0.00697	0.00566	0.00174	0.00479	0.00566	0.00697	0.00958
13	0.15367	0.05024	0.01511	0.26116	0.08196	0.01146	0.01106	0.02011	0.01298	0.30720	0.01427	0.01525	0.00984	0.00598	0.00518	0.00175	0.00580	0.00483	0.00440	0.00777
14	0.00692	0.00567	0.00611	0.00610	0.00779	0.00485	0.00453	0.00857	0.01332	0.01661	0.19537	0.09442	0.58237	0.01390	0.00668	0.00190	0.00284	0.01178	0.00542	0.00485
15	0.01328	0.01518	0.03321	0.02372	0.02941	0.01423	0.74668	0.01803	0.01328	0.01803	0.01139	0.01518	0.00854	0.00474	0.00664	0.00190	0.00949	0.00664	0.00285	0.00759
16	0.00716	0.00573	0.00642	0.00640	0.00805	0.00499	0.00484	0.00898	0.01367	0.01738	0.25886	0.07314	0.50120	0.01362	0.00672	0.00191	0.00292	0.04756	0.00550	0.00493
17	0.07082	0.00929	0.02874	0.05811	0.03126	0.00841	0.00878	0.02152	0.01428	0.46083	0.02138	0.06880	0.01666	0.00846	0.00580	0.00187	0.00491	0.10459	0.04748	0.00801
18	0.01063	0.01000	0.01688	0.78870	0.03876	0.01250	0.01563	0.01438	0.01125	0.01438	0.01000	0.01500	0.00750	0.00563	0.00563	0.00188	0.00750	0.00500	0.00250	0.00625
19	0.01155	0.05381	0.70299	0.01660	0.04515	0.01342	0.04426	0.01778	0.01194	0.01769	0.01008	0.01195	0.00723	0.00530	0.00534	0.00176	0.00823	0.00423	0.00240	0.00827
20	0.01248	0.03662	0.30128	0.27410	0.18152	0.01319	0.01736	0.04494	0.01254	0.03853	0.01059	0.01353	0.00791	0.00546	0.00546	0.00177	0.00748	0.00466	0.00276	0.00782
21	0.05512	0.01065	0.01744	0.41353	0.14941	0.01176	0.06731	0.01676	0.01210	0.12505	0.01230	0.01640	0.00941	0.05129	0.00691	0.00202	0.00685	0.00530	0.00332	0.00709

[dist]
# distance from previous block
# <min> <max>
4	321

# created by:
# /home/berkeley/.conda/envs/busco_data_prod/bin/msa2prfl.pl pipeline/OGs_align_augustus/33634/162670.fs
