[name]
unknown

[dist]
# distance from previous block
# <min> <max>
0	141

[block]
# block no. 0 follows, 38 sequences, length 7
# corresponding to MSA columns:
# 152-158
name=unknown_A
#
# <colnr> <probs for GDERKNQSTAVLIFYWHMCP>
#	G	D	E	R	K	N	Q	S	T	A	V	L	I	F	Y	W	H	M	C	P
0	0.01620	0.04902	0.03214	0.10537	0.14207	0.04331	0.01173	0.12867	0.06303	0.12060	0.01787	0.13002	0.01579	0.00851	0.00610	0.00188	0.00611	0.03076	0.00471	0.06613
1	0.07931	0.09247	0.16377	0.01361	0.03652	0.19202	0.01230	0.02223	0.09394	0.12769	0.03913	0.03149	0.01229	0.00685	0.00577	0.00176	0.02372	0.00510	0.00414	0.03590
2	0.04933	0.11415	0.19398	0.08344	0.26664	0.04288	0.01618	0.05165	0.05880	0.04995	0.01205	0.01414	0.00934	0.00585	0.00555	0.00178	0.00732	0.00486	0.00335	0.00876
3	0.01259	0.05864	0.01638	0.05461	0.13964	0.01158	0.06639	0.08856	0.08974	0.02099	0.11760	0.19647	0.02535	0.01067	0.00667	0.00205	0.00556	0.06429	0.00485	0.00736
4	0.00994	0.00601	0.00896	0.08682	0.01162	0.00641	0.00659	0.00912	0.00883	0.01184	0.01343	0.06799	0.01369	0.09442	0.12094	0.50338	0.00692	0.00646	0.00298	0.00364
5	0.00886	0.00711	0.00814	0.00894	0.00996	0.04480	0.00666	0.01043	0.01255	0.01600	0.05638	0.34845	0.13644	0.08383	0.04044	0.00298	0.00500	0.18269	0.00522	0.00512
6	0.00899	0.00686	0.01025	0.01101	0.05546	0.00776	0.00779	0.01101	0.00982	0.01408	0.01611	0.02472	0.01541	0.11917	0.64295	0.00879	0.01451	0.00662	0.00325	0.00545

[dist]
# distance from previous block
# <min> <max>
0	11

[block]
# block no. 1 follows, 38 sequences, length 16
# corresponding to MSA columns:
# 172-175,180-191
name=unknown_B
#
# <colnr> <probs for GDERKNQSTAVLIFYWHMCP>
#	G	D	E	R	K	N	Q	S	T	A	V	L	I	F	Y	W	H	M	C	P
0	0.50353	0.01211	0.01238	0.01036	0.01425	0.01340	0.06643	0.06575	0.11483	0.06467	0.01544	0.01596	0.05547	0.00671	0.00482	0.00191	0.00517	0.00495	0.00447	0.00741
1	0.01411	0.01118	0.01332	0.04992	0.01612	0.00923	0.00809	0.07524	0.01403	0.06331	0.01175	0.01329	0.00932	0.00494	0.00476	0.00108	0.00486	0.00396	0.00394	0.66756
2	0.00909	0.00668	0.00834	0.00875	0.00979	0.00671	0.00625	0.01267	0.11771	0.01837	0.18981	0.37921	0.03746	0.06748	0.00973	0.04603	0.00389	0.05085	0.00560	0.00556
3	0.01782	0.09301	0.01641	0.01141	0.01605	0.01436	0.00940	0.22082	0.19214	0.10050	0.01614	0.01595	0.01204	0.00649	0.00539	0.00156	0.00540	0.00508	0.00516	0.23486
4	0.08643	0.05066	0.20272	0.05888	0.01741	0.01143	0.01164	0.08483	0.02797	0.09837	0.12027	0.05450	0.09048	0.00851	0.00587	0.00187	0.00571	0.00692	0.04790	0.00761
5	0.05175	0.01215	0.01719	0.24781	0.11869	0.01333	0.03557	0.13051	0.03349	0.07728	0.01314	0.01638	0.01016	0.03064	0.00734	0.00196	0.05478	0.00536	0.04124	0.08122
6	0.01512	0.01048	0.01699	0.01345	0.01709	0.00985	0.19336	0.04089	0.06427	0.19838	0.14151	0.08549	0.11452	0.00987	0.00684	0.00202	0.00571	0.04090	0.00559	0.00767
7	0.00775	0.00557	0.00743	0.00865	0.00927	0.00524	0.00616	0.00919	0.01231	0.01639	0.08470	0.60767	0.05999	0.01796	0.00771	0.00244	0.00373	0.11716	0.00565	0.00504
8	0.01125	0.00881	0.01307	0.01763	0.27246	0.00870	0.00987	0.01399	0.01333	0.01986	0.11610	0.11827	0.07089	0.01149	0.05337	0.00229	0.00529	0.00814	0.21831	0.00687
9	0.01286	0.01306	0.05822	0.42751	0.22609	0.01388	0.01643	0.01879	0.11765	0.01812	0.01286	0.01648	0.00989	0.00613	0.00600	0.00195	0.00736	0.00551	0.00325	0.00797
10	0.00767	0.00564	0.00727	0.00844	0.00922	0.00524	0.00607	0.00906	0.01223	0.01592	0.03737	0.55617	0.15177	0.01792	0.00769	0.00243	0.00374	0.12557	0.00558	0.00502
11	0.00833	0.00556	0.00721	0.00820	0.00879	0.00516	0.00550	0.00936	0.01163	0.04812	0.03287	0.64516	0.07345	0.08841	0.00967	0.00271	0.00375	0.01562	0.00549	0.00502
12	0.01388	0.01208	0.07096	0.31896	0.06401	0.01206	0.01280	0.13097	0.01545	0.05197	0.06314	0.01887	0.01346	0.00683	0.00570	0.00182	0.00630	0.00574	0.16756	0.00743
13	0.01487	0.01361	0.01846	0.18411	0.26825	0.05629	0.01376	0.11988	0.01539	0.02091	0.01370	0.01636	0.04349	0.00610	0.00570	0.00165	0.00674	0.00526	0.00360	0.17185
14	0.37415	0.04801	0.01457	0.01232	0.06406	0.01382	0.05020	0.11972	0.06005	0.08306	0.05953	0.01515	0.01218	0.00644	0.00498	0.00180	0.00541	0.00487	0.00452	0.04518
15	0.01266	0.01051	0.01178	0.01166	0.05161	0.03709	0.00838	0.12834	0.17542	0.02238	0.11028	0.20786	0.13193	0.01200	0.00708	0.00208	0.02472	0.02138	0.00558	0.00723

[dist]
# distance from previous block
# <min> <max>
13	44

[block]
# block no. 2 follows, 38 sequences, length 14
# corresponding to MSA columns:
# 250-252,256-266
name=unknown_C
#
# <colnr> <probs for GDERKNQSTAVLIFYWHMCP>
#	G	D	E	R	K	N	Q	S	T	A	V	L	I	F	Y	W	H	M	C	P
0	0.07598	0.02530	0.51164	0.01610	0.02351	0.01414	0.06682	0.06190	0.07489	0.05524	0.01267	0.01400	0.00903	0.00603	0.00573	0.00191	0.00800	0.00486	0.00339	0.00885
1	0.01045	0.00522	0.00784	0.00784	0.00784	0.00522	0.00522	0.00784	0.00784	0.01045	0.01045	0.01829	0.01045	0.02090	0.02351	0.82497	0.00522	0.00522	0.00261	0.00261
2	0.05275	0.03429	0.02391	0.07623	0.22154	0.01421	0.24084	0.03459	0.12057	0.06729	0.01495	0.04595	0.01192	0.00642	0.00626	0.00194	0.00740	0.00646	0.00391	0.00857
3	0.01561	0.01002	0.01251	0.01075	0.03561	0.00884	0.00832	0.04027	0.07632	0.19402	0.04123	0.09020	0.01828	0.00849	0.00587	0.00165	0.00478	0.08792	0.00525	0.32407
4	0.01425	0.00749	0.00942	0.00854	0.01102	0.00666	0.00653	0.01656	0.03562	0.26540	0.13706	0.20684	0.22461	0.01283	0.00685	0.00205	0.00386	0.01104	0.00637	0.00698
5	0.14865	0.01262	0.01649	0.06983	0.22101	0.03363	0.01200	0.06839	0.07009	0.18685	0.02864	0.01674	0.01190	0.00841	0.04112	0.00224	0.03278	0.00540	0.00459	0.00862
6	0.04814	0.19623	0.12164	0.03459	0.02035	0.05475	0.11884	0.15607	0.08448	0.06128	0.01369	0.03998	0.01082	0.00657	0.00559	0.00177	0.00722	0.00542	0.00406	0.00851
7	0.01223	0.00771	0.00952	0.00878	0.01102	0.00738	0.00682	0.01655	0.11138	0.14299	0.34098	0.08441	0.14291	0.01206	0.00692	0.00202	0.00373	0.05939	0.00641	0.00679
8	0.01376	0.10569	0.19047	0.01135	0.01701	0.01161	0.01126	0.01824	0.06399	0.07520	0.01383	0.06203	0.01153	0.00623	0.00513	0.00143	0.00574	0.00500	0.00381	0.36671
9	0.05162	0.03659	0.01121	0.00903	0.01237	0.06144	0.00706	0.01644	0.06331	0.10790	0.09174	0.09976	0.17925	0.00969	0.00590	0.00168	0.00454	0.00801	0.00505	0.21740
10	0.00816	0.00561	0.00680	0.00734	0.00755	0.00544	0.00453	0.00872	0.01027	0.01376	0.05991	0.34118	0.03081	0.43966	0.02020	0.00427	0.00474	0.01223	0.00457	0.00425
11	0.06897	0.05791	0.03574	0.14480	0.13997	0.06464	0.05179	0.07178	0.08402	0.17515	0.03652	0.01696	0.01220	0.00656	0.00580	0.00184	0.00674	0.00553	0.00451	0.00858
12	0.01843	0.05207	0.11082	0.01308	0.01800	0.01275	0.06974	0.09019	0.14290	0.24778	0.05200	0.01860	0.01454	0.00705	0.00626	0.00181	0.02628	0.00584	0.00533	0.08654
13	0.01582	0.00909	0.01220	0.08120	0.01556	0.00938	0.00880	0.04426	0.10384	0.24974	0.14033	0.05089	0.02231	0.01756	0.18704	0.00378	0.00758	0.00732	0.00558	0.00772

[dist]
# distance from previous block
# <min> <max>
1	9

[block]
# block no. 3 follows, 38 sequences, length 7
# corresponding to MSA columns:
# 278-284
name=unknown_D
#
# <colnr> <probs for GDERKNQSTAVLIFYWHMCP>
#	G	D	E	R	K	N	Q	S	T	A	V	L	I	F	Y	W	H	M	C	P
0	0.01563	0.01282	0.01994	0.05459	0.07501	0.01296	0.19324	0.12404	0.12337	0.09284	0.04726	0.02231	0.04205	0.00932	0.04504	0.00231	0.00723	0.03772	0.00472	0.05761
1	0.00999	0.00578	0.00848	0.06477	0.01039	0.00601	0.00603	0.00871	0.00861	0.01149	0.01337	0.07220	0.01392	0.11805	0.06274	0.56060	0.00599	0.00654	0.00298	0.00335
2	0.00945	0.00714	0.00984	0.00957	0.01047	0.00824	0.00719	0.03988	0.01033	0.01461	0.01706	0.07147	0.01719	0.18668	0.49114	0.00766	0.06586	0.00742	0.00352	0.00528
3	0.00873	0.00629	0.00887	0.00884	0.00977	0.00703	0.00661	0.01060	0.01013	0.01463	0.06489	0.02759	0.01893	0.16456	0.55960	0.00816	0.01295	0.00708	0.03964	0.00512
4	0.01118	0.00970	0.07024	0.01099	0.01322	0.00859	0.03311	0.01456	0.05830	0.07955	0.08050	0.18563	0.07876	0.03640	0.08116	0.00310	0.05761	0.15597	0.00504	0.00639
5	0.07965	0.29838	0.01932	0.01047	0.01431	0.01480	0.03549	0.01916	0.08050	0.13387	0.03651	0.07230	0.03469	0.04114	0.00643	0.00192	0.00554	0.05833	0.00445	0.03273
6	0.01460	0.19565	0.16693	0.05550	0.03948	0.03503	0.03530	0.05677	0.03780	0.06638	0.01530	0.07615	0.04271	0.00783	0.00724	0.00185	0.09839	0.00596	0.00365	0.03749

[dist]
# distance from previous block
# <min> <max>
1	17

[block]
# block no. 4 follows, 38 sequences, length 16
# corresponding to MSA columns:
# 302-308,330-338
name=unknown_E
#
# <colnr> <probs for GDERKNQSTAVLIFYWHMCP>
#	G	D	E	R	K	N	Q	S	T	A	V	L	I	F	Y	W	H	M	C	P
0	0.09932	0.03993	0.07190	0.01306	0.04411	0.01124	0.09053	0.04895	0.05953	0.18975	0.10703	0.04743	0.01822	0.00759	0.00587	0.00180	0.00567	0.02406	0.00503	0.10899
1	0.01508	0.01366	0.02271	0.14890	0.02589	0.01419	0.27826	0.11537	0.15000	0.05168	0.06395	0.01907	0.01419	0.00665	0.00646	0.00195	0.00745	0.00662	0.00437	0.03355
2	0.01413	0.01345	0.02144	0.16588	0.13635	0.05950	0.20846	0.01885	0.07695	0.05941	0.01706	0.06986	0.04921	0.00717	0.00635	0.00191	0.00744	0.00695	0.00381	0.05583
3	0.68256	0.05782	0.01213	0.00940	0.01334	0.01430	0.05204	0.01867	0.05502	0.02564	0.00959	0.01094	0.00747	0.00568	0.00409	0.00185	0.00511	0.00371	0.00376	0.00687
4	0.01162	0.00974	0.01145	0.00870	0.01312	0.00751	0.00673	0.01394	0.01213	0.01861	0.01392	0.10765	0.01344	0.05392	0.00644	0.00138	0.00442	0.00552	0.00381	0.67596
5	0.00886	0.00671	0.00813	0.00788	0.00942	0.00643	0.00589	0.01243	0.07968	0.02123	0.44138	0.08600	0.16690	0.06665	0.00873	0.00228	0.00342	0.04617	0.00608	0.00573
6	0.05809	0.06942	0.01622	0.10441	0.01908	0.04240	0.01064	0.25054	0.23922	0.04193	0.01865	0.04971	0.03796	0.00785	0.00586	0.00189	0.00598	0.00625	0.00518	0.00871
7	0.01375	0.00984	0.01119	0.00988	0.01282	0.01010	0.00763	0.04400	0.29095	0.09081	0.14122	0.10738	0.02495	0.00934	0.00604	0.00183	0.00416	0.00796	0.08922	0.10691
8	0.12245	0.01472	0.06817	0.15107	0.18307	0.02716	0.09806	0.10621	0.05316	0.09885	0.01322	0.01529	0.00978	0.00610	0.00581	0.00189	0.00711	0.00536	0.00400	0.00855
9	0.01570	0.25183	0.20499	0.01752	0.04554	0.07077	0.21608	0.04434	0.01405	0.04903	0.01104	0.01311	0.00854	0.00551	0.00556	0.00172	0.00836	0.00492	0.00307	0.00831
10	0.00740	0.00535	0.00700	0.00818	0.00871	0.00495	0.00553	0.00860	0.01205	0.01604	0.08590	0.68648	0.08527	0.01815	0.00760	0.00238	0.00342	0.01638	0.00566	0.00495
11	0.01556	0.00908	0.01197	0.09274	0.01554	0.00909	0.00859	0.07723	0.03590	0.23565	0.24705	0.07351	0.08625	0.01029	0.00701	0.00197	0.02884	0.02012	0.00609	0.00753
12	0.01470	0.11890	0.09413	0.27120	0.07408	0.03510	0.06455	0.02032	0.11714	0.08032	0.01347	0.01583	0.01017	0.00638	0.00633	0.00189	0.03852	0.00532	0.00360	0.00804
13	0.01076	0.00787	0.01173	0.06687	0.14605	0.00773	0.00940	0.01280	0.01276	0.07320	0.02788	0.41670	0.05768	0.01423	0.00718	0.00227	0.00482	0.09865	0.00505	0.00635
14	0.00900	0.03439	0.03181	0.00825	0.00921	0.00688	0.00612	0.01017	0.01063	0.01403	0.02485	0.12735	0.07279	0.40394	0.07368	0.00463	0.00619	0.13719	0.00424	0.00466
15	0.01154	0.17869	0.11574	0.06391	0.01685	0.01284	0.04675	0.01469	0.03069	0.01695	0.09404	0.16636	0.02116	0.04254	0.03198	0.00234	0.06129	0.03236	0.00390	0.03539

[dist]
# distance from previous block
# <min> <max>
12	26

[block]
# block no. 5 follows, 38 sequences, length 8
# corresponding to MSA columns:
# 372-379
name=unknown_F
#
# <colnr> <probs for GDERKNQSTAVLIFYWHMCP>
#	G	D	E	R	K	N	Q	S	T	A	V	L	I	F	Y	W	H	M	C	P
0	0.09627	0.10737	0.11030	0.01332	0.06036	0.10147	0.01133	0.05445	0.03911	0.24014	0.01462	0.01468	0.01044	0.00620	0.00528	0.00166	0.00648	0.00468	0.00460	0.09722
1	0.13612	0.12233	0.13252	0.01359	0.01843	0.09714	0.06173	0.11712	0.06151	0.11912	0.01295	0.01382	0.00960	0.00650	0.00617	0.00182	0.05221	0.00477	0.00416	0.00839
2	0.01055	0.00582	0.00895	0.09111	0.01149	0.00611	0.00647	0.00866	0.00829	0.01098	0.01048	0.01804	0.01019	0.01928	0.02161	0.73554	0.00553	0.00524	0.00262	0.00305
3	0.01346	0.01176	0.01698	0.05054	0.21624	0.01240	0.06370	0.07460	0.20269	0.02146	0.05255	0.13103	0.01992	0.04303	0.00757	0.00220	0.00590	0.04121	0.00470	0.00808
4	0.01447	0.01109	0.01427	0.07196	0.01738	0.00984	0.04371	0.07636	0.04857	0.09359	0.01483	0.07669	0.01249	0.00647	0.00534	0.00139	0.00520	0.00553	0.00434	0.46648
5	0.00780	0.00596	0.00727	0.00799	0.00925	0.00542	0.00602	0.00950	0.01322	0.01690	0.09947	0.31715	0.30280	0.01656	0.00754	0.00231	0.00367	0.15036	0.00566	0.00515
6	0.34087	0.01261	0.01282	0.03132	0.01505	0.04083	0.03498	0.15700	0.05379	0.13651	0.01415	0.01476	0.01026	0.00648	0.00494	0.00181	0.00543	0.00475	0.09369	0.00793
7	0.01591	0.14474	0.34226	0.01661	0.02336	0.05966	0.14510	0.08131	0.01488	0.08319	0.01200	0.01357	0.00877	0.00582	0.00571	0.00180	0.00832	0.00492	0.00339	0.00869

[dist]
# distance from previous block
# <min> <max>
0	2

[block]
# block no. 6 follows, 38 sequences, length 13
# corresponding to MSA columns:
# 386-398
name=unknown_G
#
# <colnr> <probs for GDERKNQSTAVLIFYWHMCP>
#	G	D	E	R	K	N	Q	S	T	A	V	L	I	F	Y	W	H	M	C	P
0	0.00862	0.00666	0.00870	0.00858	0.00968	0.00674	0.00648	0.01076	0.01451	0.02007	0.40617	0.21211	0.11809	0.01414	0.00853	0.00215	0.07872	0.04795	0.00584	0.00552
1	0.01579	0.07811	0.09197	0.01172	0.01722	0.02652	0.04622	0.11220	0.03314	0.09018	0.01261	0.01368	0.00964	0.00544	0.00508	0.00134	0.00583	0.00437	0.00409	0.41487
2	0.07944	0.16304	0.20699	0.01259	0.01776	0.09172	0.01257	0.10884	0.01569	0.11545	0.07108	0.05151	0.01419	0.00719	0.00547	0.00176	0.00681	0.00549	0.00422	0.00820
3	0.00756	0.00540	0.00725	0.00864	0.00909	0.00509	0.00599	0.00878	0.01174	0.01561	0.03303	0.71474	0.03928	0.01863	0.00774	0.00247	0.00369	0.08475	0.00558	0.00495
4	0.01416	0.01197	0.02042	0.20467	0.34529	0.01233	0.07556	0.01757	0.01363	0.09014	0.04738	0.09094	0.01466	0.00730	0.00629	0.00193	0.00687	0.00694	0.00376	0.00818
5	0.03987	0.12458	0.25168	0.01324	0.01822	0.01216	0.08612	0.01617	0.01295	0.05603	0.06726	0.19628	0.01913	0.00912	0.00604	0.00190	0.00642	0.00796	0.00394	0.05092
6	0.01462	0.00950	0.07695	0.00942	0.01214	0.00733	0.00784	0.01689	0.01438	0.25606	0.20290	0.16449	0.03016	0.13711	0.01055	0.00262	0.00472	0.00950	0.00585	0.00697
7	0.00758	0.00555	0.00701	0.00795	0.00866	0.00513	0.00548	0.00883	0.01217	0.01598	0.08775	0.53430	0.15079	0.07142	0.00918	0.00259	0.00363	0.04558	0.00552	0.00491
8	0.01275	0.03701	0.18891	0.18652	0.02796	0.04752	0.23103	0.01725	0.01316	0.01770	0.03760	0.03610	0.01229	0.00765	0.01966	0.00216	0.04601	0.04809	0.00315	0.00748
9	0.01656	0.07068	0.26530	0.01262	0.01803	0.01163	0.01322	0.06746	0.01496	0.21895	0.01828	0.06533	0.01486	0.00813	0.00594	0.00189	0.00638	0.07807	0.04749	0.04423
10	0.05636	0.00738	0.00874	0.00804	0.01005	0.00680	0.00586	0.01430	0.01251	0.18456	0.02991	0.13929	0.16490	0.24161	0.01365	0.00315	0.00466	0.04120	0.00525	0.04178
11	0.01805	0.13700	0.04566	0.08115	0.02154	0.28111	0.10659	0.11768	0.05319	0.01931	0.01247	0.01625	0.01037	0.00670	0.00575	0.00175	0.00859	0.04541	0.00365	0.00776
12	0.01398	0.26152	0.16344	0.01420	0.05551	0.01625	0.04509	0.06766	0.01339	0.01814	0.01304	0.07896	0.01223	0.00761	0.00678	0.00177	0.08187	0.04227	0.00336	0.08295

[dist]
# distance from previous block
# <min> <max>
18	86

[block]
# block no. 7 follows, 38 sequences, length 19
# corresponding to MSA columns:
# 496-514
name=unknown_H
#
# <colnr> <probs for GDERKNQSTAVLIFYWHMCP>
#	G	D	E	R	K	N	Q	S	T	A	V	L	I	F	Y	W	H	M	C	P
0	0.09226	0.13829	0.13855	0.05703	0.15368	0.10504	0.01347	0.04704	0.04415	0.09634	0.01407	0.03104	0.03118	0.00651	0.00541	0.00176	0.00705	0.00510	0.00375	0.00828
1	0.19922	0.13572	0.27155	0.01295	0.01881	0.06013	0.01364	0.10761	0.03746	0.07401	0.01159	0.01255	0.00856	0.00601	0.00505	0.00177	0.00702	0.00427	0.00373	0.00835
2	0.07556	0.09134	0.13094	0.01539	0.11531	0.01407	0.01240	0.16672	0.01657	0.12618	0.06241	0.05806	0.01440	0.00742	0.00617	0.00181	0.03315	0.00589	0.00457	0.04163
3	0.05700	0.11908	0.08830	0.10380	0.13947	0.05025	0.01273	0.04605	0.13941	0.09245	0.06032	0.03736	0.01448	0.00703	0.00568	0.00182	0.00638	0.00577	0.00427	0.00836
4	0.01407	0.15987	0.21090	0.17094	0.14775	0.03535	0.08342	0.04117	0.04700	0.01831	0.01126	0.01397	0.00876	0.00572	0.00563	0.00180	0.00788	0.00493	0.00298	0.00829
5	0.02223	0.01502	0.09093	0.01261	0.01754	0.01359	0.01116	0.29492	0.09001	0.31711	0.03943	0.01827	0.01389	0.00739	0.00604	0.00186	0.00597	0.00585	0.00625	0.00990
6	0.00834	0.00599	0.00767	0.00786	0.00849	0.00623	0.00537	0.00939	0.00994	0.01343	0.02401	0.13623	0.09368	0.34476	0.28539	0.00636	0.00888	0.00945	0.00395	0.00457
7	0.01004	0.01233	0.15476	0.01299	0.05376	0.00867	0.08028	0.01373	0.01491	0.02091	0.34987	0.09241	0.06677	0.01097	0.00692	0.00203	0.00523	0.07170	0.00508	0.00663
8	0.10615	0.01223	0.01449	0.01132	0.01586	0.01217	0.00932	0.21086	0.05544	0.45898	0.01981	0.01793	0.01301	0.00724	0.00581	0.00186	0.00544	0.00564	0.00663	0.00983
9	0.01452	0.49552	0.31449	0.01296	0.01957	0.01997	0.01495	0.01842	0.01241	0.01606	0.00931	0.01084	0.00768	0.00537	0.00458	0.00153	0.00739	0.00370	0.00256	0.00818
10	0.21032	0.49773	0.02394	0.01023	0.01483	0.08904	0.00945	0.01905	0.01245	0.05419	0.00922	0.01033	0.00779	0.00546	0.00408	0.00148	0.00635	0.00343	0.00314	0.00749
11	0.83108	0.01163	0.00884	0.00791	0.01163	0.01350	0.00651	0.01768	0.01024	0.02699	0.00838	0.00977	0.00651	0.00558	0.00372	0.00186	0.00465	0.00326	0.00372	0.00651
12	0.01459	0.01302	0.01823	0.02327	0.35605	0.01385	0.01335	0.05183	0.30046	0.02302	0.09213	0.02092	0.01788	0.00725	0.00614	0.00190	0.00575	0.00650	0.00471	0.00916
13	0.01416	0.01857	0.20170	0.15009	0.15737	0.06371	0.09039	0.07455	0.04956	0.01991	0.03618	0.01673	0.02980	0.00659	0.00673	0.00193	0.04476	0.00565	0.00339	0.00825
14	0.00863	0.00628	0.00885	0.00885	0.00964	0.00708	0.00650	0.01022	0.00943	0.01336	0.01686	0.02776	0.01683	0.24034	0.57197	0.00866	0.01341	0.00705	0.00333	0.00492
15	0.04850	0.00684	0.00841	0.05757	0.01129	0.00649	0.00627	0.01185	0.01514	0.05639	0.39399	0.08330	0.24669	0.01252	0.00685	0.00197	0.00347	0.01077	0.00591	0.00579
16	0.01035	0.00794	0.01197	0.03880	0.17919	0.00826	0.00873	0.01150	0.01025	0.01422	0.01595	0.07499	0.01648	0.24365	0.19794	0.12522	0.00843	0.00735	0.00334	0.00543
17	0.01578	0.58279	0.08719	0.05263	0.04634	0.07042	0.01209	0.01824	0.01252	0.01487	0.00884	0.01063	0.00781	0.00550	0.00486	0.00146	0.03402	0.00362	0.00263	0.00774
18	0.05716	0.05497	0.07713	0.01151	0.01642	0.04091	0.03239	0.11247	0.05961	0.21322	0.01845	0.01818	0.05933	0.00680	0.00550	0.00162	0.00574	0.00540	0.00501	0.19817

[dist]
# distance from previous block
# <min> <max>
0	2

[block]
# block no. 8 follows, 38 sequences, length 17
# corresponding to MSA columns:
# 517-533
name=unknown_I
#
# <colnr> <probs for GDERKNQSTAVLIFYWHMCP>
#	G	D	E	R	K	N	Q	S	T	A	V	L	I	F	Y	W	H	M	C	P
0	0.45370	0.05171	0.01467	0.11337	0.13686	0.10564	0.01059	0.01830	0.01196	0.02217	0.00927	0.01155	0.00741	0.00566	0.00460	0.00180	0.00634	0.00394	0.00333	0.00714
1	0.01444	0.15257	0.15800	0.06607	0.17869	0.08388	0.06145	0.01976	0.09626	0.01875	0.06483	0.01754	0.01350	0.00655	0.00573	0.00179	0.00732	0.02114	0.00350	0.00823
2	0.01007	0.00543	0.00792	0.00792	0.00805	0.00555	0.00534	0.00826	0.00814	0.01098	0.01194	0.02097	0.01210	0.09891	0.10997	0.65039	0.00654	0.00571	0.00278	0.00303
3	0.00864	0.00823	0.05894	0.00946	0.05122	0.00650	0.00718	0.01134	0.01532	0.02082	0.42312	0.08127	0.25015	0.01264	0.00697	0.00195	0.00358	0.01097	0.00579	0.00590
4	0.01381	0.09447	0.18528	0.01553	0.06861	0.01600	0.01384	0.02130	0.22487	0.01929	0.01387	0.01550	0.01106	0.00747	0.00909	0.00199	0.19901	0.00523	0.00371	0.06008
5	0.06523	0.01705	0.27172	0.01171	0.01743	0.01014	0.01232	0.01777	0.01378	0.11135	0.13863	0.01894	0.01725	0.00668	0.00550	0.00160	0.00582	0.00541	0.00422	0.24744
6	0.06055	0.13042	0.31122	0.01642	0.08658	0.06807	0.04347	0.02149	0.06374	0.12335	0.01309	0.01409	0.00959	0.00602	0.00548	0.00179	0.00753	0.00474	0.00365	0.00872
7	0.06068	0.21387	0.07761	0.01293	0.06583	0.01408	0.03301	0.10370	0.01469	0.10171	0.01871	0.20689	0.03351	0.00939	0.00578	0.00186	0.00576	0.00785	0.00446	0.00770
8	0.01639	0.10870	0.05914	0.01985	0.27080	0.01286	0.01264	0.07365	0.01513	0.16333	0.05634	0.13134	0.01734	0.00828	0.00602	0.00185	0.00594	0.00723	0.00459	0.00857
9	0.01296	0.14449	0.05687	0.01133	0.06465	0.01194	0.00908	0.10374	0.01487	0.01996	0.02553	0.02572	0.22545	0.00821	0.00550	0.00152	0.00508	0.00658	0.00420	0.24230
10	0.01363	0.06918	0.30261	0.04395	0.12392	0.01378	0.11174	0.06199	0.01418	0.03176	0.04745	0.03423	0.01168	0.00619	0.00584	0.00177	0.00757	0.00550	0.00334	0.08969
11	0.05883	0.18868	0.25497	0.06523	0.09426	0.01663	0.15234	0.06659	0.01386	0.01956	0.01069	0.01309	0.00825	0.00555	0.00553	0.00178	0.00799	0.00483	0.00299	0.00837
12	0.01400	0.16253	0.34718	0.01413	0.02059	0.01504	0.05052	0.11085	0.01513	0.02119	0.08412	0.01573	0.01306	0.00631	0.00550	0.00169	0.00718	0.00503	0.00353	0.08669
13	0.04683	0.15571	0.10324	0.08699	0.01717	0.01200	0.04581	0.01461	0.01229	0.06204	0.02146	0.28450	0.05912	0.01100	0.00676	0.00203	0.03819	0.00938	0.00417	0.00670
14	0.01743	0.11289	0.21537	0.01433	0.04999	0.03033	0.05734	0.06987	0.01536	0.20874	0.06076	0.01672	0.01309	0.00644	0.00565	0.00171	0.00670	0.00528	0.00446	0.08754
15	0.05903	0.06026	0.15928	0.05493	0.08019	0.01260	0.01256	0.14275	0.01603	0.07181	0.06439	0.05505	0.05301	0.00858	0.00607	0.00191	0.00619	0.08242	0.00450	0.04842
16	0.01239	0.01518	0.20818	0.08944	0.06961	0.01070	0.01285	0.06031	0.05253	0.05474	0.01894	0.24022	0.01845	0.00973	0.00625	0.00195	0.00606	0.00847	0.00423	0.09976

[dist]
# distance from previous block
# <min> <max>
4	95

[block]
# block no. 9 follows, 38 sequences, length 14
# corresponding to MSA columns:
# 638-651
name=unknown_J
#
# <colnr> <probs for GDERKNQSTAVLIFYWHMCP>
#	G	D	E	R	K	N	Q	S	T	A	V	L	I	F	Y	W	H	M	C	P
0	0.01550	0.03644	0.05501	0.06522	0.24594	0.13342	0.01288	0.01930	0.05713	0.06514	0.03541	0.03519	0.03696	0.00654	0.00566	0.00164	0.00676	0.00551	0.00378	0.15660
1	0.06052	0.05983	0.02160	0.08937	0.33006	0.04265	0.07932	0.04518	0.01450	0.13742	0.01337	0.01610	0.01033	0.00599	0.00581	0.00179	0.00700	0.01769	0.00387	0.03762
2	0.01609	0.01296	0.01887	0.16828	0.26099	0.06158	0.04894	0.01921	0.01396	0.14828	0.01438	0.05669	0.01158	0.00650	0.00590	0.00175	0.00680	0.00585	0.00394	0.11747
3	0.04097	0.01329	0.04450	0.17919	0.28533	0.04165	0.04973	0.01730	0.04828	0.01894	0.06179	0.02004	0.05221	0.00696	0.00650	0.00187	0.03411	0.01752	0.00352	0.05632
4	0.01613	0.04365	0.02113	0.08145	0.44258	0.05814	0.01514	0.04428	0.04237	0.07839	0.01258	0.01502	0.00998	0.00570	0.00572	0.00170	0.00686	0.00512	0.00359	0.09049
5	0.05616	0.01485	0.02029	0.04254	0.46074	0.08683	0.01477	0.03957	0.01416	0.04304	0.01134	0.01402	0.00926	0.00544	0.00555	0.00163	0.00688	0.00483	0.00335	0.14477
6	0.01566	0.01437	0.02211	0.07856	0.49178	0.03244	0.04310	0.12958	0.02961	0.02197	0.01316	0.05610	0.01127	0.00648	0.00609	0.00185	0.00708	0.00605	0.00364	0.00909
7	0.01634	0.01593	0.02139	0.07546	0.49594	0.13315	0.01598	0.05059	0.01506	0.04557	0.04798	0.01598	0.01171	0.00603	0.00594	0.00177	0.00748	0.00542	0.00345	0.00881
8	0.04457	0.01533	0.04819	0.15759	0.35961	0.06352	0.01557	0.13302	0.01574	0.02176	0.01142	0.01434	0.00904	0.00579	0.00576	0.00176	0.00726	0.00505	0.00347	0.06123
9	0.05383	0.01496	0.02204	0.10660	0.45355	0.07425	0.06182	0.04056	0.05722	0.03962	0.01221	0.01511	0.00975	0.00576	0.00590	0.00183	0.00740	0.00536	0.00339	0.00884
10	0.11474	0.01461	0.02201	0.07133	0.40049	0.03547	0.09529	0.11255	0.01522	0.02252	0.01136	0.01425	0.00905	0.00564	0.00577	0.00181	0.00719	0.00521	0.00348	0.03201
11	0.01800	0.13999	0.07532	0.02072	0.26681	0.09340	0.01370	0.08329	0.02842	0.14196	0.01426	0.05308	0.01154	0.00668	0.00566	0.00174	0.00694	0.00553	0.00409	0.00887
12	0.13346	0.01322	0.02061	0.16570	0.41401	0.01411	0.05126	0.01896	0.07449	0.02039	0.01193	0.01506	0.00954	0.00574	0.00571	0.00187	0.00689	0.00526	0.00330	0.00849
13	0.01043	0.00643	0.00931	0.01071	0.09092	0.00643	0.00623	0.00931	0.00877	0.01185	0.01314	0.02433	0.01383	0.25310	0.02371	0.48290	0.00563	0.00631	0.00297	0.00370

[dist]
# distance from previous block
# <min> <max>
0	1

[block]
# block no. 10 follows, 38 sequences, length 37
# corresponding to MSA columns:
# 653-668,670-690
name=unknown_K
#
# <colnr> <probs for GDERKNQSTAVLIFYWHMCP>
#	G	D	E	R	K	N	Q	S	T	A	V	L	I	F	Y	W	H	M	C	P
0	0.02151	0.06542	0.01839	0.06134	0.20977	0.06038	0.01216	0.03943	0.03447	0.38924	0.01760	0.01734	0.01215	0.00660	0.00584	0.00179	0.00629	0.00550	0.00533	0.00945
1	0.01763	0.01614	0.05684	0.10745	0.34468	0.04925	0.01559	0.25669	0.01857	0.04066	0.01244	0.01470	0.00954	0.00615	0.00595	0.00181	0.00727	0.00528	0.00404	0.00932
2	0.05858	0.01687	0.01975	0.02510	0.38995	0.19235	0.01431	0.02207	0.04263	0.14119	0.01326	0.01489	0.01018	0.00602	0.00574	0.00176	0.00748	0.00507	0.00391	0.00889
3	0.02068	0.01362	0.01798	0.01431	0.03189	0.02714	0.10800	0.23078	0.14369	0.25475	0.04534	0.01915	0.01465	0.00797	0.01986	0.00203	0.00643	0.00627	0.00594	0.00950
4	0.05744	0.01850	0.01964	0.09887	0.31279	0.27237	0.01459	0.02025	0.01438	0.04993	0.01074	0.01350	0.00875	0.00615	0.00656	0.00179	0.05773	0.00477	0.00320	0.00806
5	0.01397	0.01188	0.01265	0.05036	0.09621	0.08142	0.00930	0.02239	0.30422	0.02177	0.01997	0.06113	0.01617	0.00780	0.00556	0.00180	0.00511	0.00650	0.24403	0.00775
6	0.01045	0.00522	0.00784	0.00784	0.00784	0.00522	0.00522	0.00784	0.00784	0.01045	0.01045	0.01829	0.01045	0.02090	0.02351	0.82497	0.00522	0.00522	0.00261	0.00261
7	0.00800	0.00613	0.00733	0.00703	0.00867	0.00546	0.00527	0.01036	0.01582	0.02126	0.49801	0.04965	0.30842	0.01337	0.00710	0.00194	0.00291	0.01154	0.00625	0.00546
8	0.00859	0.00645	0.00967	0.00967	0.01074	0.00752	0.00752	0.01074	0.00967	0.01396	0.01611	0.02363	0.01504	0.04512	0.76474	0.00967	0.01611	0.00645	0.00322	0.00537
9	0.00811	0.00617	0.00748	0.00726	0.00889	0.00554	0.00552	0.01051	0.01576	0.02118	0.48115	0.05047	0.28587	0.01351	0.00716	0.00199	0.00305	0.04869	0.00622	0.00547
10	0.01831	0.02016	0.05039	0.01578	0.05775	0.29161	0.04668	0.09371	0.29853	0.02167	0.01600	0.01626	0.01227	0.00694	0.00588	0.00182	0.00776	0.00542	0.00452	0.00855
11	0.79281	0.01244	0.00923	0.00827	0.01196	0.04904	0.00676	0.01798	0.01056	0.02641	0.00842	0.00982	0.00657	0.00561	0.00380	0.00185	0.00495	0.00329	0.00369	0.00654
12	0.00737	0.00531	0.00699	0.00824	0.00871	0.00493	0.00554	0.00852	0.01186	0.01579	0.06652	0.71941	0.07175	0.01839	0.00763	0.00240	0.00344	0.01663	0.00563	0.00493
13	0.01247	0.01069	0.01247	0.00891	0.01426	0.00802	0.00713	0.01515	0.01247	0.01960	0.01069	0.01247	0.00891	0.00446	0.00446	0.00089	0.00446	0.00356	0.00356	0.82536
14	0.01140	0.00821	0.01052	0.00993	0.01195	0.00791	0.02801	0.10182	0.03984	0.05580	0.06541	0.44987	0.03068	0.01410	0.00698	0.00213	0.00435	0.04322	0.00552	0.09233
15	0.01608	0.79220	0.03152	0.01029	0.01544	0.02380	0.01029	0.01801	0.01222	0.01415	0.00836	0.00965	0.00772	0.00515	0.00386	0.00129	0.00643	0.00322	0.00257	0.00772
16	0.01409	0.00860	0.01009	0.00890	0.01169	0.00834	0.00694	0.01961	0.17666	0.19718	0.20745	0.03669	0.21864	0.01080	0.00653	0.00194	0.00386	0.00911	0.03540	0.00746
17	0.01635	0.01609	0.05432	0.01302	0.01680	0.10404	0.01061	0.08834	0.55634	0.02466	0.02112	0.01988	0.01585	0.00772	0.00601	0.00196	0.00586	0.00621	0.00556	0.00924
18	0.01090	0.01510	0.26489	0.01117	0.01537	0.00891	0.01156	0.01526	0.04201	0.06959	0.24154	0.13282	0.11495	0.01079	0.00660	0.00199	0.00525	0.00925	0.00500	0.00705
19	0.01346	0.22025	0.28075	0.01626	0.02253	0.01609	0.18552	0.01788	0.01274	0.01754	0.01144	0.04929	0.00963	0.00612	0.00607	0.00175	0.03571	0.00532	0.00289	0.06874
20	0.01207	0.03112	0.75741	0.01715	0.02604	0.01397	0.02223	0.01905	0.01270	0.01905	0.01080	0.01270	0.00762	0.00572	0.00572	0.00191	0.00889	0.00445	0.00254	0.00889
21	0.00812	0.00593	0.00766	0.00784	0.00901	0.00547	0.00576	0.01035	0.01506	0.02073	0.45653	0.25356	0.10827	0.01458	0.00732	0.00210	0.00317	0.04694	0.00619	0.00540
22	0.01611	0.01405	0.10663	0.12469	0.05392	0.01366	0.04354	0.03262	0.01317	0.19753	0.03799	0.01800	0.03553	0.00823	0.01050	0.00214	0.25371	0.00587	0.00412	0.00796
23	0.01688	0.35710	0.12027	0.05538	0.09543	0.05381	0.01314	0.06821	0.02733	0.09054	0.01136	0.01277	0.00899	0.00599	0.00558	0.00163	0.03944	0.00433	0.00342	0.00838
24	0.01194	0.01135	0.01571	0.01374	0.01397	0.01531	0.01120	0.01330	0.00971	0.01466	0.04265	0.01930	0.03813	0.07985	0.09080	0.00352	0.57950	0.00617	0.00305	0.00613
25	0.00896	0.00581	0.00648	0.00648	0.00660	0.00581	0.00369	0.00919	0.00908	0.01257	0.01901	0.03794	0.02133	0.72251	0.02839	0.00546	0.00558	0.00848	0.07283	0.00381
26	0.08767	0.01261	0.01487	0.01392	0.09939	0.03594	0.00999	0.20557	0.04794	0.27341	0.05854	0.01871	0.01470	0.00722	0.00573	0.00180	0.00555	0.00578	0.07159	0.00909
27	0.01462	0.01420	0.02477	0.08212	0.65830	0.01430	0.06625	0.01832	0.01363	0.01936	0.01133	0.01505	0.00941	0.00538	0.00604	0.00182	0.00740	0.00548	0.00296	0.00926
28	0.01435	0.00688	0.00829	0.00737	0.00957	0.00641	0.00572	0.01704	0.01490	0.20154	0.21300	0.02790	0.02621	0.00851	0.00542	0.00164	0.00338	0.00711	0.40800	0.00675
29	0.83108	0.01163	0.00884	0.00791	0.01163	0.01350	0.00651	0.01768	0.01024	0.02699	0.00838	0.00977	0.00651	0.00558	0.00372	0.00186	0.00465	0.00326	0.00372	0.00651
30	0.00864	0.00624	0.00750	0.00719	0.00890	0.00554	0.00539	0.01088	0.01552	0.04866	0.42990	0.08810	0.30842	0.01354	0.00709	0.00197	0.00304	0.01169	0.00622	0.00559
31	0.00720	0.00576	0.00644	0.00699	0.00836	0.00500	0.00497	0.00853	0.01285	0.01590	0.05004	0.34295	0.47059	0.01665	0.00733	0.00219	0.00322	0.01442	0.00559	0.00500
32	0.01765	0.20147	0.10719	0.01717	0.02297	0.01552	0.29891	0.02149	0.01433	0.20426	0.01404	0.01535	0.01009	0.00576	0.00591	0.00180	0.00785	0.00562	0.00399	0.00864
33	0.01218	0.00993	0.01339	0.06781	0.11874	0.01012	0.03471	0.06693	0.13036	0.04766	0.03024	0.17554	0.18271	0.01132	0.00669	0.00206	0.00506	0.04122	0.00506	0.02827
34	0.01682	0.70833	0.03007	0.01068	0.01579	0.02325	0.01042	0.09514	0.01396	0.01672	0.00902	0.01017	0.00799	0.00537	0.00409	0.00134	0.00645	0.00345	0.00295	0.00799
35	0.01024	0.00843	0.01001	0.00839	0.01177	0.00670	0.00634	0.01232	0.01251	0.01817	0.05067	0.24135	0.10272	0.01011	0.00578	0.00150	0.00396	0.00877	0.00449	0.46577
36	0.02674	0.05265	0.37652	0.01339	0.01888	0.01218	0.01490	0.01746	0.03185	0.08434	0.08176	0.06261	0.09452	0.00864	0.00728	0.00198	0.07575	0.00677	0.00394	0.00783

[dist]
# distance from previous block
# <min> <max>
0	1

[block]
# block no. 11 follows, 38 sequences, length 11
# corresponding to MSA columns:
# 692-702
name=unknown_L
#
# <colnr> <probs for GDERKNQSTAVLIFYWHMCP>
#	G	D	E	R	K	N	Q	S	T	A	V	L	I	F	Y	W	H	M	C	P
0	0.21219	0.14626	0.04906	0.01544	0.02007	0.03787	0.26487	0.05508	0.01337	0.02066	0.01300	0.10136	0.01174	0.00696	0.00564	0.00188	0.00721	0.00638	0.00356	0.00739
1	0.01488	0.11365	0.18125	0.12463	0.14917	0.01476	0.10411	0.01948	0.04400	0.09791	0.01322	0.03667	0.01037	0.00643	0.00651	0.00189	0.04364	0.00557	0.00347	0.00840
2	0.01286	0.01038	0.01235	0.00904	0.01407	0.00802	0.00723	0.01548	0.01249	0.05195	0.01164	0.01359	0.00959	0.00736	0.05639	0.00153	0.00528	0.00387	0.00371	0.73315
3	0.01330	0.01297	0.02296	0.35108	0.36479	0.01400	0.09928	0.01723	0.01304	0.01778	0.01115	0.01553	0.00884	0.00561	0.00611	0.00191	0.00786	0.00555	0.00285	0.00815
4	0.00739	0.00611	0.00648	0.00639	0.00830	0.00520	0.00479	0.00918	0.01438	0.01783	0.19868	0.05530	0.60989	0.01465	0.00711	0.00200	0.00301	0.01233	0.00579	0.00520
5	0.01489	0.01429	0.02442	0.03692	0.75106	0.01429	0.01846	0.01846	0.01370	0.01965	0.01132	0.01489	0.00953	0.00536	0.00596	0.00179	0.00715	0.00536	0.00298	0.00953
6	0.00749	0.00549	0.00707	0.00822	0.00889	0.00507	0.00571	0.00877	0.01215	0.01596	0.06334	0.61841	0.13188	0.01800	0.00762	0.00239	0.00354	0.05940	0.00562	0.00498
7	0.00859	0.00645	0.00967	0.00967	0.01074	0.00752	0.00752	0.01074	0.00967	0.01396	0.01611	0.02363	0.01504	0.04512	0.76474	0.00967	0.01611	0.00645	0.00322	0.00537
8	0.01314	0.01449	0.09375	0.30437	0.18211	0.01398	0.12201	0.04437	0.06295	0.01869	0.01297	0.04704	0.01054	0.00654	0.00656	0.00198	0.02721	0.00610	0.00326	0.00796
9	0.01828	0.32674	0.02195	0.01265	0.01653	0.30460	0.01067	0.06651	0.06774	0.01683	0.01155	0.01426	0.01005	0.00822	0.04063	0.00193	0.00843	0.03149	0.00340	0.00753
10	0.07651	0.08599	0.02178	0.04674	0.43772	0.01411	0.04384	0.03613	0.01359	0.01987	0.01296	0.01930	0.01160	0.00650	0.00578	0.00181	0.00669	0.07641	0.00337	0.05931

[dist]
# distance from previous block
# <min> <max>
5	29

[block]
# block no. 12 follows, 38 sequences, length 28
# corresponding to MSA columns:
# 759-786
name=unknown_M
#
# <colnr> <probs for GDERKNQSTAVLIFYWHMCP>
#	G	D	E	R	K	N	Q	S	T	A	V	L	I	F	Y	W	H	M	C	P
0	0.83108	0.01163	0.00884	0.00791	0.01163	0.01350	0.00651	0.01768	0.01024	0.02699	0.00838	0.00977	0.00651	0.00558	0.00372	0.00186	0.00465	0.00326	0.00372	0.00651
1	0.01608	0.79220	0.03152	0.01029	0.01544	0.02380	0.01029	0.01801	0.01222	0.01415	0.00836	0.00965	0.00772	0.00515	0.00386	0.00129	0.00643	0.00322	0.00257	0.00772
2	0.32180	0.01063	0.01187	0.00955	0.01378	0.01047	0.00787	0.02466	0.01454	0.46955	0.01799	0.01659	0.01183	0.00675	0.00515	0.00185	0.00489	0.00501	0.02644	0.00876
3	0.02335	0.01565	0.01726	0.01328	0.01803	0.01693	0.01096	0.59679	0.04441	0.15675	0.01624	0.01565	0.01121	0.00728	0.00603	0.00182	0.00632	0.00556	0.00626	0.01021
4	0.00795	0.00600	0.00735	0.00728	0.00871	0.00539	0.00536	0.01016	0.01529	0.02065	0.45256	0.15909	0.24403	0.01408	0.00719	0.00201	0.00299	0.01231	0.00618	0.00539
5	0.01242	0.00596	0.00625	0.00600	0.00765	0.00585	0.00456	0.01519	0.01297	0.07851	0.01994	0.02228	0.01538	0.00704	0.00435	0.00144	0.00298	0.00564	0.75965	0.00596
6	0.00863	0.00630	0.00895	0.00895	0.00978	0.00713	0.00662	0.01028	0.00946	0.01343	0.01677	0.02727	0.01662	0.21689	0.59513	0.00878	0.01374	0.00698	0.00332	0.00497
7	0.01808	0.00847	0.01161	0.01050	0.01350	0.00773	0.00883	0.02064	0.01586	0.38177	0.10748	0.04197	0.02737	0.01162	0.00706	0.00222	0.00503	0.28578	0.00660	0.00787
8	0.01527	0.01595	0.02068	0.23305	0.38420	0.16478	0.01630	0.01853	0.01392	0.01743	0.01145	0.01623	0.00963	0.00610	0.00595	0.00183	0.00807	0.02951	0.00301	0.00810
9	0.01557	0.04189	0.39274	0.01354	0.02053	0.01165	0.01528	0.02034	0.01363	0.18170	0.01356	0.01428	0.00954	0.00578	0.00543	0.00163	0.00691	0.00455	0.00387	0.20755
10	0.05241	0.02042	0.35906	0.01347	0.02016	0.01182	0.01483	0.05899	0.01467	0.23087	0.01457	0.01485	0.00999	0.00609	0.00555	0.00173	0.00683	0.00477	0.00433	0.13459
11	0.02287	0.01685	0.01805	0.01384	0.01866	0.01866	0.01143	0.73100	0.02828	0.03791	0.01444	0.01444	0.01023	0.00722	0.00602	0.00181	0.00662	0.00542	0.00602	0.01023
12	0.00836	0.00614	0.00783	0.00741	0.00889	0.00561	0.00556	0.01106	0.01667	0.02328	0.67391	0.04633	0.13126	0.01261	0.00710	0.00191	0.00286	0.01107	0.00651	0.00561
13	0.04877	0.23184	0.50381	0.01487	0.02232	0.04602	0.01797	0.01891	0.01264	0.01793	0.00999	0.01169	0.00760	0.00558	0.00513	0.00173	0.00813	0.00405	0.00262	0.00840
14	0.00762	0.00545	0.00730	0.00860	0.00911	0.00513	0.00599	0.00894	0.01204	0.01608	0.07084	0.67500	0.04018	0.01828	0.00771	0.00245	0.00366	0.08500	0.00563	0.00499
15	0.02597	0.00994	0.01342	0.01037	0.01482	0.00863	0.00854	0.02833	0.01692	0.70803	0.02347	0.02060	0.01493	0.00742	0.00593	0.00183	0.00497	0.00602	0.05990	0.00994
16	0.00871	0.00619	0.00741	0.00749	0.00896	0.00566	0.00546	0.01108	0.03610	0.04313	0.26489	0.24866	0.25225	0.01440	0.00704	0.00206	0.00321	0.01256	0.04918	0.00554
17	0.01501	0.05125	0.10491	0.04561	0.02724	0.05704	0.43776	0.07806	0.03689	0.02016	0.01259	0.01657	0.00980	0.00600	0.00704	0.00198	0.03586	0.02471	0.00335	0.00816
18	0.00751	0.00563	0.00697	0.00766	0.00863	0.00509	0.00535	0.00903	0.01315	0.01731	0.18135	0.45969	0.21739	0.01666	0.00742	0.00223	0.00325	0.01479	0.00579	0.00509
19	0.00751	0.00531	0.00693	0.00815	0.00845	0.00501	0.00534	0.00842	0.01117	0.01489	0.03136	0.69039	0.03752	0.11621	0.01058	0.00287	0.00379	0.01605	0.00534	0.00473
20	0.01650	0.60763	0.02822	0.01157	0.01586	0.11169	0.01080	0.01831	0.01244	0.01426	0.00842	0.01021	0.00774	0.00592	0.00595	0.00148	0.09932	0.00354	0.00264	0.00749
21	0.20686	0.10295	0.21142	0.02171	0.28712	0.01509	0.03714	0.01841	0.01248	0.02062	0.01019	0.01258	0.00811	0.00547	0.00517	0.00179	0.00702	0.00445	0.00300	0.00841
22	0.24102	0.01403	0.01398	0.01127	0.01535	0.04718	0.00920	0.34518	0.02036	0.12346	0.08787	0.01687	0.01441	0.00727	0.00548	0.00183	0.00570	0.00540	0.00551	0.00862
23	0.01399	0.13297	0.05489	0.01461	0.01912	0.01399	0.18690	0.09627	0.05989	0.02039	0.01738	0.05586	0.04289	0.00797	0.00646	0.00183	0.02732	0.09034	0.00405	0.13287
24	0.00762	0.00572	0.00670	0.00724	0.00812	0.00528	0.00489	0.00865	0.01158	0.01478	0.03886	0.33448	0.27978	0.18996	0.04555	0.00337	0.00441	0.01326	0.00505	0.00470
25	0.01136	0.01069	0.01804	0.77412	0.04143	0.01337	0.01671	0.01537	0.01203	0.01537	0.01069	0.01604	0.00802	0.00601	0.00601	0.00200	0.00802	0.00535	0.00267	0.00668
26	0.01276	0.04351	0.01213	0.00895	0.01288	0.00847	0.00696	0.01545	0.04076	0.07517	0.01550	0.09154	0.01443	0.09818	0.04085	0.00213	0.00517	0.00590	0.00411	0.48514
27	0.25025	0.18854	0.18807	0.01397	0.05842	0.09824	0.04077	0.04081	0.03638	0.02060	0.01004	0.01162	0.00793	0.00569	0.00480	0.00172	0.00710	0.00403	0.00321	0.00781

[dist]
# distance from previous block
# <min> <max>
11	41

[block]
# block no. 13 follows, 38 sequences, length 24
# corresponding to MSA columns:
# 849-872
name=unknown_N
#
# <colnr> <probs for GDERKNQSTAVLIFYWHMCP>
#	G	D	E	R	K	N	Q	S	T	A	V	L	I	F	Y	W	H	M	C	P
0	0.05537	0.08218	0.05282	0.20918	0.35729	0.01427	0.04259	0.01773	0.01302	0.04900	0.01218	0.04620	0.01022	0.00616	0.00578	0.00184	0.00712	0.00560	0.00318	0.00828
1	0.04970	0.01096	0.01691	0.08271	0.24886	0.01068	0.05633	0.01738	0.02556	0.11825	0.07685	0.10236	0.05142	0.00833	0.00619	0.00187	0.00579	0.02312	0.00444	0.08229
2	0.01334	0.01180	0.05084	0.04634	0.30328	0.01066	0.06222	0.01671	0.01474	0.08328	0.22595	0.05942	0.02482	0.00814	0.00638	0.00185	0.00576	0.00756	0.00453	0.04238
3	0.01493	0.01378	0.01235	0.01112	0.01383	0.16900	0.00854	0.18347	0.05004	0.02201	0.07435	0.18799	0.12005	0.01121	0.00649	0.00193	0.00587	0.03958	0.00515	0.04830
4	0.01498	0.35726	0.07127	0.04282	0.01603	0.01592	0.01030	0.04340	0.04975	0.07956	0.01488	0.08032	0.01369	0.00861	0.00647	0.05869	0.00598	0.05339	0.00380	0.05288
5	0.02020	0.01336	0.01692	0.04731	0.01866	0.07286	0.09943	0.10746	0.12441	0.30284	0.04018	0.02088	0.05123	0.00751	0.00617	0.00187	0.00628	0.00641	0.00575	0.03028
6	0.01337	0.01284	0.02214	0.34917	0.42271	0.01393	0.04475	0.01718	0.01301	0.01782	0.01108	0.01543	0.00887	0.00563	0.00602	0.00189	0.00763	0.00542	0.00285	0.00827
7	0.01823	0.00995	0.01470	0.25694	0.05463	0.01017	0.01120	0.02142	0.03112	0.35154	0.09780	0.02247	0.01745	0.04686	0.00739	0.00211	0.00592	0.00647	0.00540	0.00822
8	0.01397	0.01322	0.02178	0.09615	0.56040	0.01383	0.01667	0.01796	0.04981	0.01898	0.01325	0.06859	0.01185	0.00678	0.00685	0.00191	0.04968	0.00624	0.00327	0.00880
9	0.00829	0.00611	0.00777	0.00758	0.00901	0.00560	0.00570	0.01082	0.01605	0.02216	0.57203	0.09816	0.15042	0.01334	0.00719	0.00199	0.00303	0.04286	0.00636	0.00553
10	0.02233	0.01161	0.01761	0.04971	0.26202	0.01084	0.01237	0.02514	0.01584	0.48031	0.01907	0.01843	0.01283	0.00669	0.00602	0.00184	0.00591	0.00579	0.00576	0.00986
11	0.01284	0.01206	0.02056	0.28363	0.37707	0.01291	0.04616	0.01644	0.01307	0.01784	0.01404	0.05363	0.01270	0.00723	0.00632	0.00199	0.00726	0.07312	0.00323	0.00792
12	0.01171	0.00773	0.01083	0.05455	0.11285	0.00754	0.00785	0.01321	0.01196	0.11668	0.02522	0.25080	0.07603	0.23161	0.03154	0.00334	0.00540	0.01039	0.00472	0.00604
13	0.02010	0.01665	0.23778	0.01375	0.01950	0.01069	0.06631	0.02406	0.01535	0.41740	0.01970	0.02187	0.01397	0.00753	0.00622	0.00196	0.00666	0.06573	0.00549	0.00928
14	0.01998	0.01217	0.02000	0.01835	0.13990	0.01147	0.16652	0.02432	0.07366	0.36151	0.01984	0.02230	0.01450	0.00732	0.00643	0.00197	0.00654	0.05844	0.00551	0.00926
15	0.01441	0.01951	0.34056	0.05928	0.09275	0.01179	0.07326	0.01907	0.01370	0.14820	0.04349	0.10676	0.01485	0.00774	0.00621	0.00196	0.00725	0.00681	0.00400	0.00841
