[name]
unknown

[dist]
# distance from previous block
# <min> <max>
0	328

[block]
# block no. 0 follows, 41 sequences, length 23
# corresponding to MSA columns:
# 393-415
name=unknown_A
#
# <colnr> <probs for GDERKNQSTAVLIFYWHMCP>
#	G	D	E	R	K	N	Q	S	T	A	V	L	I	F	Y	W	H	M	C	P
0	0.09088	0.01101	0.01602	0.17159	0.25659	0.01114	0.01205	0.01686	0.04074	0.07740	0.01210	0.03176	0.00980	0.00636	0.00608	0.04357	0.00582	0.00491	0.00344	0.17187
1	0.01249	0.01014	0.01555	0.07355	0.27914	0.01046	0.01169	0.03196	0.01224	0.07086	0.01596	0.14777	0.01532	0.01303	0.10921	0.00282	0.05939	0.02548	0.00372	0.07921
2	0.01156	0.05055	0.01786	0.62577	0.08714	0.01340	0.01510	0.01632	0.07613	0.01565	0.01124	0.01540	0.00857	0.00581	0.00562	0.00186	0.00722	0.00510	0.00284	0.00683
3	0.00791	0.00579	0.00750	0.00725	0.00855	0.00538	0.00540	0.01034	0.01518	0.02122	0.61133	0.10367	0.10326	0.01398	0.04561	0.00222	0.00340	0.01074	0.00598	0.00528
4	0.00793	0.00542	0.00683	0.00718	0.00815	0.00506	0.00512	0.00988	0.01336	0.01901	0.33213	0.34217	0.07622	0.01363	0.00659	0.00195	0.00295	0.01211	0.11923	0.00506
5	0.00832	0.00555	0.00624	0.00624	0.00624	0.00555	0.00347	0.00832	0.00832	0.01109	0.01802	0.03743	0.02080	0.79898	0.02911	0.00555	0.00555	0.00832	0.00347	0.00347
6	0.00747	0.00519	0.00649	0.00732	0.00753	0.00498	0.00462	0.00810	0.00997	0.01329	0.02649	0.51254	0.03148	0.30930	0.01544	0.00353	0.00415	0.01330	0.00462	0.00421
7	0.83938	0.01106	0.00841	0.00752	0.01106	0.01283	0.00619	0.01681	0.00973	0.02566	0.00796	0.00929	0.00619	0.00531	0.00354	0.00177	0.00442	0.00310	0.00354	0.00619
8	0.01512	0.01273	0.01344	0.01182	0.01521	0.01464	0.00927	0.11504	0.66687	0.02536	0.02215	0.02044	0.01654	0.00765	0.00581	0.00191	0.00474	0.00631	0.00581	0.00913
9	0.01314	0.30572	0.01862	0.00896	0.01398	0.01322	0.00790	0.01542	0.01177	0.01671	0.00934	0.01086	0.00805	0.00448	0.00402	0.00099	0.00494	0.00327	0.00304	0.52558
10	0.09391	0.28889	0.26270	0.01371	0.05110	0.14341	0.01368	0.04227	0.01291	0.01718	0.00916	0.01068	0.00736	0.00535	0.00463	0.00154	0.00744	0.00370	0.00275	0.00763
11	0.00790	0.00584	0.00738	0.00700	0.00843	0.00532	0.00525	0.01042	0.01574	0.02187	0.65990	0.04449	0.15502	0.01209	0.00675	0.00182	0.00273	0.01059	0.00616	0.00532
12	0.02420	0.01208	0.01473	0.01129	0.01577	0.01189	0.00933	0.29511	0.02030	0.49448	0.01927	0.01733	0.01251	0.00700	0.00574	0.00175	0.00540	0.00553	0.00657	0.00973
13	0.01880	0.00804	0.01089	0.00928	0.01227	0.00707	0.00726	0.02071	0.01484	0.48727	0.09450	0.23805	0.02451	0.01054	0.00628	0.00193	0.00423	0.00912	0.00651	0.00791
14	0.01836	0.05487	0.01539	0.01157	0.01547	0.01257	0.04430	0.17691	0.17459	0.23996	0.03382	0.06810	0.01506	0.00762	0.00603	0.00176	0.02471	0.00627	0.00556	0.06707
15	0.01636	0.01258	0.01342	0.01144	0.01491	0.01417	0.00907	0.21964	0.46639	0.05515	0.02030	0.01923	0.01502	0.00740	0.00563	0.00182	0.00485	0.00599	0.07768	0.00894
16	0.00697	0.00498	0.00664	0.00796	0.00830	0.00465	0.00531	0.00796	0.01095	0.01460	0.03153	0.79525	0.03783	0.01792	0.00730	0.00232	0.00332	0.01626	0.00531	0.00465
17	0.10019	0.05058	0.14790	0.08227	0.26838	0.01386	0.14023	0.06329	0.01322	0.01966	0.01133	0.04299	0.00933	0.00577	0.00557	0.00178	0.00719	0.00536	0.00308	0.00801
18	0.05362	0.01110	0.03189	0.14745	0.13302	0.01135	0.06804	0.07419	0.09814	0.10079	0.01821	0.15771	0.01652	0.00869	0.00609	0.00195	0.00587	0.04349	0.00441	0.00749
19	0.00692	0.00516	0.00645	0.00749	0.00817	0.00469	0.00510	0.00802	0.01141	0.01479	0.03735	0.63208	0.19724	0.01716	0.00718	0.00224	0.00323	0.01534	0.00531	0.00469
20	0.01060	0.00997	0.01345	0.01219	0.01291	0.04694	0.03905	0.01218	0.01028	0.01455	0.05517	0.19452	0.01831	0.01805	0.16529	0.00369	0.34558	0.00809	0.00349	0.00569
21	0.05409	0.09312	0.19958	0.06090	0.05407	0.02916	0.05237	0.04896	0.02885	0.28535	0.02912	0.01557	0.01105	0.00616	0.00543	0.00174	0.00648	0.00502	0.00446	0.00852
22	0.01901	0.07968	0.10467	0.03216	0.06514	0.23300	0.02596	0.05058	0.01508	0.22145	0.04605	0.01506	0.01149	0.00653	0.00614	0.00169	0.04929	0.00487	0.00419	0.00796

[dist]
# distance from previous block
# <min> <max>
0	23

[block]
# block no. 1 follows, 41 sequences, length 17
# corresponding to MSA columns:
# 439-455
name=unknown_B
#
# <colnr> <probs for GDERKNQSTAVLIFYWHMCP>
#	G	D	E	R	K	N	Q	S	T	A	V	L	I	F	Y	W	H	M	C	P
0	0.18012	0.01335	0.05727	0.14172	0.01905	0.05291	0.01015	0.15701	0.01496	0.09846	0.01182	0.01322	0.00872	0.00571	0.00490	0.00157	0.00584	0.00431	0.02442	0.17451
1	0.12278	0.04077	0.01085	0.01066	0.06870	0.04141	0.02361	0.03423	0.03407	0.03602	0.04706	0.31017	0.06585	0.01100	0.00581	0.00188	0.00438	0.00949	0.07982	0.04142
2	0.00798	0.00573	0.00700	0.00690	0.00781	0.00558	0.00478	0.00912	0.01128	0.01508	0.19650	0.03913	0.19362	0.27777	0.13918	0.04875	0.00584	0.00910	0.00441	0.00443
3	0.04038	0.24732	0.37146	0.06111	0.08198	0.01603	0.07226	0.01755	0.01202	0.01689	0.00966	0.01176	0.00752	0.00522	0.00500	0.00165	0.00756	0.00417	0.00254	0.00793
4	0.01008	0.10446	0.09131	0.00952	0.01211	0.01043	0.00855	0.03386	0.03511	0.01789	0.20736	0.06679	0.23624	0.01081	0.00794	0.00190	0.11644	0.00857	0.00453	0.00611
5	0.00824	0.00640	0.00742	0.00701	0.00876	0.00591	0.00530	0.03357	0.04497	0.02042	0.42880	0.04584	0.33132	0.01249	0.00668	0.00185	0.00296	0.01071	0.00587	0.00546
6	0.14539	0.06331	0.26987	0.06367	0.01885	0.01225	0.03306	0.06192	0.01330	0.15231	0.01313	0.01423	0.00936	0.00590	0.00500	0.00171	0.00624	0.00456	0.09812	0.00782
7	0.01068	0.00639	0.00815	0.00739	0.00925	0.00578	0.00565	0.01317	0.01566	0.13170	0.53663	0.03948	0.12181	0.01104	0.00645	0.00178	0.00304	0.00958	0.05040	0.00597
8	0.00764	0.00583	0.00702	0.00672	0.00827	0.00520	0.00504	0.00991	0.01512	0.02039	0.52114	0.04692	0.29470	0.01264	0.00675	0.00184	0.00277	0.01093	0.00596	0.00520
9	0.01396	0.00995	0.01040	0.00921	0.01186	0.01103	0.00721	0.14203	0.31674	0.02484	0.01972	0.02007	0.01498	0.00714	0.00503	0.00164	0.00403	0.00576	0.35682	0.00758
10	0.01333	0.01398	0.02326	0.01683	0.02212	0.06249	0.38053	0.01696	0.01298	0.01817	0.01079	0.01357	0.00850	0.00464	0.00557	0.00144	0.00739	0.00511	0.00311	0.35922
11	0.01424	0.01157	0.01314	0.00960	0.01456	0.01006	0.00776	0.18983	0.01547	0.02282	0.01102	0.01231	0.00877	0.00487	0.00459	0.00106	0.00473	0.00381	0.00395	0.63583
12	0.01499	0.30739	0.01906	0.00956	0.01436	0.06912	0.00835	0.01716	0.01246	0.07885	0.01028	0.01138	0.00844	0.00484	0.00422	0.00111	0.00543	0.00348	0.00331	0.39621
13	0.01541	0.01121	0.01827	0.35236	0.27566	0.01199	0.01469	0.01871	0.01313	0.19273	0.01328	0.01587	0.00964	0.00583	0.00571	0.00180	0.00670	0.00524	0.00370	0.00805
14	0.01303	0.01117	0.01673	0.29371	0.19251	0.01144	0.01286	0.03843	0.01258	0.05584	0.01097	0.01406	0.00860	0.00536	0.00564	0.00154	0.02903	0.00461	0.00319	0.25871
15	0.01217	0.00904	0.01262	0.17035	0.07783	0.00965	0.01021	0.05828	0.08680	0.07863	0.14518	0.03428	0.04081	0.05204	0.00769	0.00222	0.00536	0.17533	0.00482	0.00670
16	0.49636	0.01314	0.01228	0.05293	0.11096	0.10441	0.00901	0.01880	0.01180	0.10885	0.01024	0.01154	0.00771	0.00558	0.00438	0.00173	0.00566	0.00384	0.00374	0.00704

[dist]
# distance from previous block
# <min> <max>
1	3

[block]
# block no. 2 follows, 41 sequences, length 15
# corresponding to MSA columns:
# 459-473
name=unknown_C
#
# <colnr> <probs for GDERKNQSTAVLIFYWHMCP>
#	G	D	E	R	K	N	Q	S	T	A	V	L	I	F	Y	W	H	M	C	P
0	0.11449	0.01382	0.01835	0.08645	0.39805	0.08229	0.01369	0.07698	0.01413	0.07925	0.01168	0.01398	0.00912	0.00560	0.00532	0.00170	0.00655	0.00479	0.03552	0.00824
1	0.16864	0.05344	0.01812	0.22375	0.31863	0.05864	0.01371	0.01656	0.01202	0.01822	0.01064	0.04381	0.00909	0.00584	0.00521	0.00175	0.00661	0.00497	0.00297	0.00740
2	0.01294	0.01205	0.01856	0.08299	0.33226	0.02866	0.07420	0.03954	0.11477	0.02024	0.16694	0.02109	0.01926	0.00702	0.00628	0.00180	0.02304	0.00647	0.00402	0.00788
3	0.01067	0.07785	0.05894	0.03965	0.09588	0.00913	0.02612	0.01380	0.05395	0.05775	0.16850	0.28986	0.05237	0.01138	0.00633	0.00194	0.00458	0.01012	0.00477	0.00641
4	0.01371	0.07463	0.18732	0.06452	0.06457	0.01229	0.13805	0.01900	0.09708	0.11699	0.04387	0.04849	0.07967	0.00725	0.00588	0.00182	0.00653	0.00648	0.00403	0.00781
5	0.01384	0.01031	0.01294	0.04129	0.05929	0.00829	0.00800	0.01644	0.01253	0.12075	0.01190	0.01317	0.00925	0.00473	0.00459	0.00107	0.00461	0.00388	0.00383	0.63930
6	0.01639	0.01205	0.01334	0.01082	0.01413	0.01301	0.00871	0.43311	0.06624	0.03046	0.26019	0.02401	0.02493	0.00850	0.00600	0.00174	0.00487	0.00694	0.03644	0.00810
7	0.01298	0.01207	0.08763	0.00940	0.01476	0.00826	0.00835	0.01590	0.01226	0.08117	0.01121	0.01252	0.00882	0.00459	0.00448	0.00102	0.00471	0.00367	0.00360	0.68260
8	0.00810	0.00585	0.00765	0.00720	0.00855	0.00540	0.00540	0.01079	0.01619	0.02294	0.76028	0.04273	0.05397	0.01169	0.00675	0.00180	0.00270	0.01034	0.00630	0.00540
9	0.18632	0.01294	0.01995	0.02137	0.26282	0.01448	0.12935	0.01681	0.01136	0.04181	0.00979	0.01306	0.00814	0.00649	0.00895	0.00197	0.21890	0.00494	0.00303	0.00751
10	0.01459	0.05847	0.03720	0.13175	0.09683	0.01198	0.12892	0.01981	0.13376	0.15566	0.01844	0.09177	0.03794	0.00848	0.02691	0.00206	0.00643	0.00687	0.00435	0.00778
11	0.00877	0.00603	0.00742	0.00771	0.00853	0.00589	0.00530	0.01084	0.05874	0.04105	0.13871	0.30748	0.05541	0.25438	0.01375	0.00319	0.00413	0.05277	0.00499	0.00490
12	0.02541	0.01014	0.01352	0.01037	0.01480	0.00900	0.00856	0.07365	0.01704	0.72053	0.02200	0.01910	0.01388	0.00707	0.00575	0.00177	0.00496	0.00571	0.00699	0.00973
13	0.01164	0.20520	0.32290	0.01394	0.01936	0.01371	0.11242	0.01562	0.01191	0.01625	0.01468	0.18830	0.01435	0.00804	0.00561	0.00180	0.00690	0.00700	0.00314	0.00723
14	0.01503	0.08198	0.33852	0.09578	0.06452	0.01468	0.04277	0.17074	0.03708	0.06749	0.01201	0.01349	0.00869	0.00585	0.00548	0.00175	0.00735	0.00472	0.00355	0.00852

[dist]
# distance from previous block
# <min> <max>
3	12

[block]
# block no. 3 follows, 41 sequences, length 9
# corresponding to MSA columns:
# 487-495
name=unknown_D
#
# <colnr> <probs for GDERKNQSTAVLIFYWHMCP>
#	G	D	E	R	K	N	Q	S	T	A	V	L	I	F	Y	W	H	M	C	P
0	0.03987	0.09413	0.28537	0.02170	0.30163	0.04672	0.01638	0.01797	0.01291	0.04951	0.05256	0.01445	0.01082	0.00569	0.00537	0.00169	0.00708	0.00479	0.00305	0.00831
1	0.01688	0.01473	0.01871	0.04720	0.31518	0.05515	0.01336	0.25418	0.16089	0.02491	0.01402	0.01525	0.01077	0.00624	0.00569	0.00175	0.00641	0.00530	0.00434	0.00906
2	0.01616	0.00740	0.00998	0.00902	0.01141	0.00661	0.00690	0.01787	0.01387	0.37637	0.07149	0.31748	0.02662	0.04156	0.00737	0.00216	0.00419	0.04028	0.00615	0.00712
3	0.01489	0.01459	0.02055	0.16866	0.46851	0.09720	0.01576	0.07177	0.03852	0.01888	0.01107	0.01414	0.00894	0.00552	0.00563	0.00172	0.00722	0.00499	0.00310	0.00835
4	0.01637	0.50116	0.04710	0.01115	0.01563	0.10742	0.01032	0.10412	0.08431	0.01740	0.01086	0.01257	0.00927	0.00582	0.00445	0.00143	0.00652	0.02314	0.00328	0.00768
5	0.01236	0.02692	0.09300	0.01178	0.08546	0.00836	0.00888	0.04346	0.01113	0.06160	0.02725	0.03793	0.01117	0.01181	0.01233	0.34805	0.00535	0.00503	0.00327	0.17484
6	0.01398	0.30802	0.18695	0.01186	0.01724	0.01519	0.05646	0.01820	0.06371	0.06932	0.04562	0.01479	0.03008	0.00581	0.00484	0.00148	0.00616	0.00457	0.00340	0.12233
7	0.00944	0.00651	0.00770	0.00774	0.00838	0.00663	0.00532	0.06335	0.01084	0.01438	0.02093	0.07546	0.02333	0.53815	0.02188	0.00450	0.00544	0.16155	0.00410	0.00437
8	0.00936	0.00880	0.06490	0.00893	0.01147	0.00669	0.00714	0.03908	0.01193	0.01692	0.02277	0.46903	0.02556	0.01241	0.00617	0.00181	0.00409	0.01103	0.00453	0.25737

[dist]
# distance from previous block
# <min> <max>
1	5

[block]
# block no. 4 follows, 41 sequences, length 65
# corresponding to MSA columns:
# 502-525,654-658,664-688,701-711
name=unknown_E
#
# <colnr> <probs for GDERKNQSTAVLIFYWHMCP>
#	G	D	E	R	K	N	Q	S	T	A	V	L	I	F	Y	W	H	M	C	P
0	0.01559	0.09373	0.19724	0.03813	0.01967	0.08407	0.07589	0.08190	0.15229	0.08800	0.01415	0.01585	0.01078	0.00666	0.00651	0.00182	0.06345	0.02220	0.00393	0.00815
1	0.05298	0.08883	0.03150	0.02942	0.07456	0.02618	0.00802	0.01400	0.01274	0.11994	0.10477	0.29367	0.08209	0.01208	0.02142	0.00206	0.00469	0.00986	0.00484	0.00635
2	0.03755	0.06140	0.03661	0.09051	0.18065	0.06540	0.09036	0.08352	0.05083	0.11092	0.01341	0.01613	0.01043	0.00630	0.00587	0.01907	0.00661	0.02545	0.02359	0.06540
3	0.01016	0.00800	0.00937	0.00758	0.01033	0.00670	0.00543	0.01167	0.01046	0.01552	0.03710	0.02350	0.01508	0.32271	0.04988	0.00313	0.00522	0.00570	0.00350	0.43895
4	0.01529	0.80242	0.02997	0.00979	0.01468	0.02263	0.00979	0.01713	0.01162	0.01346	0.00795	0.00918	0.00734	0.00489	0.00367	0.00122	0.00612	0.00306	0.00245	0.00734
5	0.00744	0.00541	0.00702	0.00748	0.00837	0.00498	0.00528	0.00921	0.01337	0.01828	0.34959	0.41843	0.09391	0.01498	0.00702	0.00207	0.00302	0.01341	0.00574	0.00498
6	0.37879	0.00789	0.00675	0.00636	0.00859	0.00868	0.00494	0.01459	0.01078	0.02267	0.01387	0.01690	0.01125	0.05128	0.00523	0.00177	0.00361	0.00451	0.41594	0.00561
7	0.00760	0.00583	0.00695	0.00667	0.00824	0.00518	0.00500	0.00983	0.01501	0.02014	0.49758	0.04733	0.31842	0.01274	0.00675	0.00185	0.00277	0.01099	0.00593	0.00518
8	0.01150	0.00943	0.01058	0.00967	0.01206	0.01030	0.00743	0.02168	0.42557	0.02349	0.35078	0.03084	0.03368	0.00951	0.00623	0.00188	0.00371	0.00819	0.00603	0.00743
9	0.01786	0.00801	0.01077	0.00885	0.01191	0.00707	0.00707	0.02028	0.01629	0.43651	0.35039	0.02980	0.03185	0.00913	0.00619	0.00178	0.00390	0.00779	0.00673	0.00781
10	0.02392	0.01253	0.01500	0.01150	0.01600	0.01255	0.00950	0.34620	0.02105	0.44233	0.01864	0.01692	0.01219	0.00698	0.00574	0.00175	0.00550	0.00548	0.00648	0.00973
11	0.00824	0.00585	0.00780	0.00780	0.00834	0.00639	0.00541	0.00932	0.00878	0.01225	0.01659	0.02952	0.01736	0.39908	0.42432	0.00747	0.01072	0.00716	0.00325	0.00433
12	0.83938	0.01106	0.00841	0.00752	0.01106	0.01283	0.00619	0.01681	0.00973	0.02566	0.00796	0.00929	0.00619	0.00531	0.00354	0.00177	0.00442	0.00310	0.00354	0.00619
13	0.01151	0.01142	0.01930	0.01531	0.01842	0.06864	0.30267	0.01468	0.01168	0.01598	0.01358	0.01862	0.01154	0.02197	0.34839	0.00508	0.01168	0.00613	0.06714	0.00629
14	0.00843	0.00595	0.00764	0.00796	0.02790	0.00627	0.00502	0.00917	0.00872	0.01199	0.01696	0.03202	0.01840	0.53590	0.26733	0.00661	0.00870	0.00753	0.00332	0.00414
15	0.00694	0.00511	0.00650	0.00762	0.00821	0.00467	0.00516	0.00800	0.01128	0.01474	0.03570	0.67843	0.15196	0.01738	0.00722	0.00226	0.00325	0.01560	0.00531	0.00467
16	0.01215	0.01121	0.01438	0.01138	0.01420	0.01202	0.00933	0.01412	0.01048	0.01647	0.00899	0.01215	0.00804	0.00680	0.01070	0.00158	0.35275	0.00411	0.00300	0.46615
17	0.01360	0.01195	0.01761	0.05823	0.32179	0.01097	0.03117	0.04894	0.01315	0.03923	0.01094	0.01335	0.00888	0.00487	0.00507	0.00134	0.00570	0.00440	0.00331	0.37550
18	0.01303	0.01299	0.01820	0.30229	0.14525	0.07060	0.01442	0.03369	0.01144	0.01545	0.00927	0.01366	0.00785	0.00725	0.01051	0.00206	0.29753	0.00496	0.00268	0.00686
19	0.00857	0.00591	0.00745	0.00808	0.00863	0.00589	0.00590	0.00970	0.01045	0.01377	0.02397	0.10806	0.02696	0.42576	0.01895	0.00413	0.00526	0.29395	0.00433	0.00428
20	0.00697	0.00498	0.00664	0.00796	0.00830	0.00465	0.00531	0.00796	0.01095	0.01460	0.03153	0.79525	0.03783	0.01792	0.00730	0.00232	0.00332	0.01626	0.00531	0.00465
21	0.01913	0.07456	0.14259	0.03520	0.16145	0.01280	0.03151	0.11990	0.01589	0.30684	0.01539	0.01547	0.01063	0.00614	0.00555	0.00172	0.00630	0.00510	0.00474	0.00908
22	0.01434	0.01392	0.01220	0.01092	0.01328	0.21439	0.00848	0.01802	0.12271	0.07841	0.02731	0.04449	0.23799	0.00971	0.00786	0.00186	0.12352	0.00728	0.00443	0.02888
23	0.01036	0.00802	0.00978	0.00815	0.01130	0.00647	0.00620	0.01254	0.01264	0.04273	0.16392	0.21167	0.02489	0.00918	0.00554	0.00143	0.00373	0.00802	0.00456	0.43889
24	0.01370	0.01229	0.01853	0.15165	0.33101	0.01342	0.01401	0.05396	0.09268	0.03657	0.01211	0.01504	0.00977	0.00713	0.02695	0.00198	0.10348	0.00513	0.00336	0.07722
25	0.00982	0.00849	0.01103	0.02780	0.01122	0.02931	0.00788	0.01090	0.00934	0.01311	0.01595	0.15280	0.01749	0.23330	0.15788	0.00449	0.26283	0.00798	0.00335	0.00502
26	0.81641	0.01120	0.00865	0.00768	0.01125	0.01297	0.00633	0.03725	0.01022	0.02595	0.00813	0.00942	0.00629	0.00535	0.00360	0.00177	0.00448	0.00315	0.00360	0.00629
27	0.01931	0.01115	0.01308	0.01099	0.01475	0.01164	0.00877	0.02927	0.42565	0.35424	0.02296	0.02051	0.01599	0.00746	0.00579	0.00186	0.00468	0.00615	0.00638	0.00936
28	0.00760	0.00561	0.00663	0.00690	0.00822	0.00496	0.00496	0.00906	0.01290	0.03380	0.18074	0.28803	0.35775	0.01503	0.00732	0.02424	0.00310	0.01275	0.00546	0.00493
29	0.02137	0.02726	0.01621	0.01474	0.01768	0.77602	0.01105	0.02284	0.01621	0.01400	0.00884	0.01031	0.00737	0.00589	0.00516	0.00147	0.01031	0.00368	0.00295	0.00663
30	0.00796	0.00615	0.00746	0.00801	0.00962	0.00565	0.00660	0.01004	0.01335	0.01680	0.10226	0.05826	0.38046	0.01485	0.00727	0.00223	0.00393	0.32865	0.00537	0.00507
31	0.01251	0.01251	0.01752	0.01502	0.01502	0.01752	0.01251	0.01377	0.00876	0.01377	0.00751	0.01251	0.00751	0.01001	0.01877	0.00250	0.78851	0.00501	0.00250	0.00626
32	0.01186	0.01017	0.01186	0.00847	0.01356	0.00762	0.00678	0.01440	0.01186	0.01864	0.01017	0.01186	0.00847	0.00424	0.00424	0.00085	0.00424	0.00339	0.00339	0.83395
33	0.02174	0.01602	0.01717	0.01316	0.01774	0.01774	0.01087	0.74423	0.02689	0.03605	0.01373	0.01373	0.00973	0.00687	0.00572	0.00172	0.00629	0.00515	0.00572	0.00973
34	0.00703	0.00502	0.00671	0.00804	0.00840	0.00470	0.00542	0.00807	0.01101	0.01467	0.03149	0.77451	0.03769	0.01786	0.00732	0.00233	0.00337	0.03637	0.00531	0.00466
35	0.00697	0.00498	0.00664	0.00796	0.00830	0.00465	0.00531	0.00796	0.01095	0.01460	0.03153	0.79525	0.03783	0.01792	0.00730	0.00232	0.00332	0.01626	0.00531	0.00465
36	0.01186	0.01017	0.01186	0.00847	0.01356	0.00762	0.00678	0.01440	0.01186	0.01864	0.01017	0.01186	0.00847	0.00424	0.00424	0.00085	0.00424	0.00339	0.00339	0.83395
37	0.01208	0.01126	0.01888	0.23992	0.44107	0.01192	0.01514	0.01521	0.01225	0.01690	0.01391	0.13902	0.01325	0.00731	0.00594	0.00186	0.00647	0.00687	0.00315	0.00760
38	0.00870	0.00578	0.00867	0.00867	0.00939	0.00650	0.00650	0.00939	0.00867	0.01228	0.01371	0.02095	0.01300	0.03603	0.55142	0.25509	0.01223	0.00578	0.00289	0.00432
39	0.01080	0.01017	0.01716	0.78523	0.03940	0.01271	0.01589	0.01461	0.01144	0.01461	0.01017	0.01525	0.00762	0.00572	0.00572	0.00191	0.00762	0.00508	0.00254	0.00635
40	0.83938	0.01106	0.00841	0.00752	0.01106	0.01283	0.00619	0.01681	0.00973	0.02566	0.00796	0.00929	0.00619	0.00531	0.00354	0.00177	0.00442	0.00310	0.00354	0.00619
41	0.01936	0.01020	0.01282	0.00955	0.01427	0.00847	0.00779	0.05329	0.01483	0.40254	0.01667	0.01584	0.01144	0.00581	0.00508	0.00136	0.00465	0.00468	0.00538	0.37599
42	0.02394	0.01250	0.01499	0.01149	0.01598	0.01251	0.00949	0.34308	0.02100	0.44552	0.01868	0.01694	0.01221	0.00699	0.00574	0.00175	0.00550	0.00549	0.00648	0.00973
43	0.01186	0.01017	0.01186	0.00847	0.01356	0.00762	0.00678	0.01440	0.01186	0.01864	0.01017	0.01186	0.00847	0.00424	0.00424	0.00085	0.00424	0.00339	0.00339	0.83395
44	0.00744	0.00577	0.00676	0.00662	0.00817	0.00510	0.00492	0.00948	0.01448	0.01912	0.40512	0.09267	0.36719	0.01330	0.00679	0.00189	0.00282	0.01146	0.00580	0.00510
45	0.01298	0.01380	0.02615	0.01918	0.02366	0.01373	0.44968	0.01663	0.01222	0.01746	0.01047	0.01414	0.00840	0.00576	0.00868	0.00183	0.16606	0.00573	0.00291	0.17052
46	0.01122	0.01075	0.01725	0.59502	0.03337	0.01390	0.01505	0.01440	0.01078	0.01440	0.00951	0.01457	0.00760	0.00678	0.00894	0.00205	0.20048	0.00506	0.00253	0.00633
47	0.02110	0.01199	0.01386	0.01098	0.01498	0.01238	0.00896	0.29942	0.11466	0.31350	0.01888	0.01772	0.01295	0.00704	0.00556	0.00172	0.00513	0.00557	0.09441	0.00917
48	0.00696	0.00502	0.00660	0.00786	0.00827	0.00465	0.00526	0.00798	0.01105	0.01464	0.03279	0.75983	0.07243	0.01776	0.00727	0.00230	0.00330	0.01606	0.00531	0.00465
49	0.01005	0.01673	0.32858	0.01351	0.01798	0.00968	0.11388	0.01361	0.01142	0.01606	0.01814	0.24443	0.03554	0.04500	0.00864	0.07178	0.00656	0.00853	0.00345	0.00643
50	0.02102	0.01685	0.01612	0.01395	0.03998	0.29134	0.04536	0.02300	0.01498	0.31429	0.01479	0.01582	0.01077	0.00706	0.00737	0.00178	0.11219	0.02081	0.00458	0.00791
51	0.79995	0.04893	0.00944	0.00763	0.01123	0.01330	0.00637	0.01683	0.00982	0.02508	0.00796	0.00929	0.00625	0.00529	0.00355	0.00174	0.00451	0.00310	0.00349	0.00625
52	0.01529	0.80242	0.02997	0.00979	0.01468	0.02263	0.00979	0.01713	0.01162	0.01346	0.00795	0.00918	0.00734	0.00489	0.00367	0.00122	0.00612	0.00306	0.00245	0.00734
53	0.01780	0.05376	0.05543	0.01356	0.03790	0.16833	0.06093	0.06143	0.24019	0.15976	0.01695	0.03622	0.01278	0.00682	0.00559	0.00173	0.00652	0.00556	0.00475	0.03399
54	0.01181	0.02887	0.05017	0.01278	0.10486	0.00979	0.02616	0.01759	0.17453	0.04400	0.21117	0.04987	0.05848	0.00814	0.00578	0.00165	0.00452	0.00708	0.00479	0.16796
55	0.01158	0.00958	0.01062	0.00989	0.01226	0.01056	0.00753	0.02207	0.45470	0.02232	0.21357	0.11872	0.05224	0.01017	0.00626	0.00195	0.00387	0.00878	0.00587	0.00747
56	0.83938	0.01106	0.00841	0.00752	0.01106	0.01283	0.00619	0.01681	0.00973	0.02566	0.00796	0.00929	0.00619	0.00531	0.00354	0.00177	0.00442	0.00310	0.00354	0.00619
57	0.00791	0.00584	0.00739	0.00700	0.00843	0.00532	0.00525	0.01044	0.01576	0.02191	0.66421	0.04441	0.15068	0.01208	0.00675	0.00182	0.00273	0.01058	0.00616	0.00532
58	0.01938	0.01485	0.01583	0.01268	0.01684	0.01663	0.01030	0.51963	0.25535	0.03223	0.01674	0.01613	0.01216	0.00715	0.00575	0.00179	0.00574	0.00556	0.00575	0.00952
59	0.00794	0.00580	0.00746	0.00713	0.00847	0.00532	0.00531	0.01046	0.01570	0.02197	0.67163	0.07968	0.10734	0.01221	0.00677	0.00183	0.00274	0.01076	0.00617	0.00532
60	0.00838	0.00572	0.00680	0.00718	0.00855	0.00503	0.00513	0.00968	0.01232	0.07565	0.04254	0.40379	0.35727	0.01552	0.00694	0.00210	0.00326	0.01355	0.00545	0.00514
61	0.01008	0.01751	0.36767	0.01237	0.01681	0.00990	0.05473	0.01374	0.01049	0.01508	0.01366	0.02238	0.01292	0.28634	0.10874	0.00403	0.00836	0.00603	0.00289	0.00626
62	0.01091	0.00940	0.00976	0.00904	0.01170	0.01005	0.00696	0.02054	0.42416	0.02016	0.03868	0.03632	0.34786	0.01075	0.00624	0.00194	0.00380	0.00896	0.00559	0.00718
63	0.01135	0.34109	0.07120	0.00893	0.01227	0.01318	0.00836	0.01397	0.01399	0.01862	0.39188	0.02650	0.03112	0.00840	0.00536	0.00156	0.00454	0.00686	0.00441	0.00643
64	0.01352	0.01071	0.01245	0.01058	0.03675	0.01012	0.00797	0.20819	0.05115	0.02258	0.01680	0.19774	0.01618	0.00836	0.00548	0.00151	0.00466	0.00710	0.00456	0.35361

[dist]
# distance from previous block
# <min> <max>
0	1

[block]
# block no. 5 follows, 41 sequences, length 11
# corresponding to MSA columns:
# 713-723
name=unknown_F
#
# <colnr> <probs for GDERKNQSTAVLIFYWHMCP>
#	G	D	E	R	K	N	Q	S	T	A	V	L	I	F	Y	W	H	M	C	P
0	0.01874	0.01166	0.01815	0.04596	0.33147	0.01105	0.03599	0.02203	0.03664	0.33436	0.01609	0.01655	0.01137	0.00597	0.00565	0.00170	0.00587	0.00536	0.00474	0.06066
1	0.00890	0.00622	0.00818	0.00904	0.00990	0.00622	0.00722	0.01062	0.01148	0.01502	0.02602	0.05510	0.02870	0.28823	0.01528	0.00365	0.00536	0.47557	0.00464	0.00464
2	0.01529	0.80242	0.02997	0.00979	0.01468	0.02263	0.00979	0.01713	0.01162	0.01346	0.00795	0.00918	0.00734	0.00489	0.00367	0.00122	0.00612	0.00306	0.00245	0.00734
3	0.01961	0.00879	0.01162	0.00935	0.01276	0.00792	0.00754	0.06145	0.01689	0.47973	0.26735	0.02689	0.02715	0.00860	0.00608	0.00178	0.00422	0.00725	0.00674	0.00829
4	0.83938	0.01106	0.00841	0.00752	0.01106	0.01283	0.00619	0.01681	0.00973	0.02566	0.00796	0.00929	0.00619	0.00531	0.00354	0.00177	0.00442	0.00310	0.00354	0.00619
5	0.01149	0.01017	0.01370	0.27867	0.02254	0.00939	0.00995	0.01448	0.01171	0.01724	0.01017	0.01304	0.00818	0.00475	0.00475	0.00122	0.00541	0.00398	0.00309	0.54607
6	0.00701	0.00575	0.00618	0.00618	0.00791	0.00492	0.00459	0.00866	0.01348	0.01675	0.18266	0.09719	0.59050	0.01419	0.00679	0.00193	0.00289	0.01201	0.00549	0.00492
7	0.00799	0.00556	0.00705	0.00746	0.00852	0.00504	0.00529	0.00961	0.01305	0.04666	0.24800	0.41960	0.16470	0.01510	0.00699	0.00208	0.00313	0.01341	0.00567	0.00510
8	0.01647	0.05421	0.01425	0.11493	0.03658	0.00990	0.03490	0.04954	0.01403	0.30550	0.04200	0.21122	0.01914	0.00959	0.00662	0.00193	0.03822	0.00822	0.00523	0.00752
9	0.01405	0.01467	0.03121	0.08140	0.02967	0.01395	0.64121	0.01863	0.01352	0.06475	0.01215	0.01567	0.00894	0.00503	0.00661	0.00192	0.00919	0.00656	0.00313	0.00774
10	0.01391	0.01292	0.08283	0.07835	0.18404	0.01211	0.03022	0.11312	0.12589	0.06626	0.15274	0.04806	0.01969	0.00770	0.00629	0.00183	0.02480	0.00667	0.00457	0.00798

[dist]
# distance from previous block
# <min> <max>
0	1

[block]
# block no. 6 follows, 41 sequences, length 6
# corresponding to MSA columns:
# 725-730
name=unknown_G
#
# <colnr> <probs for GDERKNQSTAVLIFYWHMCP>
#	G	D	E	R	K	N	Q	S	T	A	V	L	I	F	Y	W	H	M	C	P
0	0.01368	0.01846	0.30517	0.04049	0.01931	0.01203	0.01346	0.11822	0.09696	0.05324	0.05191	0.01532	0.01176	0.00602	0.00533	0.00159	0.00625	0.00482	0.00388	0.20211
1	0.00966	0.01139	0.13396	0.19185	0.01987	0.00960	0.04100	0.01286	0.01187	0.01635	0.12136	0.10809	0.04312	0.04260	0.10624	0.00307	0.04850	0.05884	0.00373	0.00604
2	0.01442	0.18245	0.14165	0.01135	0.01618	0.03942	0.01091	0.06349	0.04717	0.06936	0.01226	0.01524	0.01014	0.00615	0.00575	0.00148	0.05616	0.04308	0.00357	0.24977
3	0.00885	0.04351	0.00846	0.00746	0.00923	0.07373	0.00562	0.01062	0.01390	0.01731	0.25341	0.14459	0.35676	0.01294	0.00655	0.00187	0.00369	0.01098	0.00526	0.00524
4	0.04301	0.28047	0.05430	0.11920	0.07614	0.01465	0.01071	0.01739	0.05068	0.06356	0.03835	0.01361	0.01037	0.00546	0.00466	0.00141	0.00574	0.00423	0.00333	0.18273
5	0.16157	0.21335	0.11339	0.04227	0.04823	0.01412	0.03658	0.01682	0.01163	0.04968	0.00974	0.01145	0.00783	0.00517	0.00486	0.00144	0.03121	0.00377	0.00311	0.21380

[dist]
# distance from previous block
# <min> <max>
1	8

[block]
# block no. 7 follows, 41 sequences, length 16
# corresponding to MSA columns:
# 739-754
name=unknown_H
#
# <colnr> <probs for GDERKNQSTAVLIFYWHMCP>
#	G	D	E	R	K	N	Q	S	T	A	V	L	I	F	Y	W	H	M	C	P
0	0.01376	0.03684	0.06039	0.04794	0.01780	0.02961	0.09918	0.09616	0.15855	0.04215	0.03334	0.06963	0.01360	0.00862	0.03216	0.00203	0.09952	0.00612	0.00412	0.12849
1	0.01544	0.05615	0.19221	0.01621	0.12550	0.02905	0.03669	0.14018	0.14521	0.08353	0.06474	0.01687	0.01352	0.00651	0.00561	0.00173	0.00631	0.00542	0.00432	0.03480
2	0.00757	0.00680	0.05613	0.00844	0.00954	0.00542	0.00649	0.00933	0.01216	0.01659	0.17636	0.56732	0.03892	0.01579	0.00709	0.00220	0.00360	0.03988	0.00532	0.00506
3	0.01334	0.00857	0.01032	0.00967	0.01170	0.00870	0.00722	0.17871	0.05951	0.12451	0.02576	0.46456	0.02697	0.01331	0.00664	0.00209	0.00428	0.01170	0.00568	0.00677
4	0.04380	0.12311	0.06870	0.05959	0.04958	0.01375	0.14806	0.08929	0.08584	0.06516	0.01244	0.01394	0.00951	0.00544	0.00522	0.00154	0.00636	0.00480	0.00372	0.19016
5	0.01204	0.11795	0.31621	0.04285	0.03927	0.01343	0.05065	0.01665	0.05332	0.03226	0.05639	0.03724	0.01272	0.05240	0.02878	0.01799	0.08394	0.00547	0.00314	0.00729
6	0.00715	0.00500	0.00657	0.00783	0.00821	0.00468	0.00524	0.00823	0.01100	0.01494	0.03088	0.75641	0.03667	0.01736	0.00713	0.00227	0.00329	0.01571	0.04673	0.00468
7	0.01569	0.00732	0.00923	0.00791	0.00979	0.00676	0.00556	0.01662	0.01174	0.33227	0.01995	0.02980	0.01798	0.46263	0.01919	0.00394	0.00526	0.00723	0.00500	0.00613
8	0.03574	0.16733	0.14550	0.08257	0.04346	0.03578	0.02974	0.05037	0.05539	0.19461	0.03998	0.06810	0.01331	0.00697	0.00538	0.00172	0.00616	0.00567	0.00426	0.00797
9	0.01035	0.02988	0.08900	0.07250	0.04731	0.00828	0.02782	0.01326	0.05125	0.07084	0.03003	0.15161	0.23196	0.12896	0.00972	0.00248	0.00498	0.00935	0.00442	0.00601
10	0.83938	0.01106	0.00841	0.00752	0.01106	0.01283	0.00619	0.01681	0.00973	0.02566	0.00796	0.00929	0.00619	0.00531	0.00354	0.00177	0.00442	0.00310	0.00354	0.00619
11	0.04483	0.01129	0.01260	0.01068	0.01422	0.03872	0.00847	0.04615	0.33128	0.31464	0.04134	0.04345	0.01673	0.00770	0.00571	0.00184	0.00477	0.00631	0.03043	0.00882
12	0.01478	0.34014	0.19474	0.04155	0.07996	0.03748	0.12831	0.01838	0.01257	0.06726	0.01036	0.01215	0.00814	0.00522	0.00496	0.00157	0.00733	0.00433	0.00287	0.00790
13	0.01319	0.00929	0.05915	0.05526	0.01344	0.00829	0.03524	0.08302	0.03351	0.12774	0.02078	0.21195	0.01886	0.00937	0.00558	0.00178	0.00446	0.00809	0.27434	0.00665
14	0.00731	0.00534	0.00688	0.00750	0.00832	0.00491	0.00524	0.00891	0.01286	0.01739	0.27065	0.47686	0.11556	0.01556	0.00707	0.00211	0.00308	0.01392	0.00563	0.00491
15	0.00752	0.00576	0.00694	0.00739	0.00859	0.00530	0.00537	0.00963	0.03895	0.01708	0.19150	0.33634	0.26956	0.01506	0.00699	0.00209	0.00320	0.05213	0.00553	0.00505

[dist]
# distance from previous block
# <min> <max>
0	1

[block]
# block no. 8 follows, 41 sequences, length 9
# corresponding to MSA columns:
# 756-764
name=unknown_I
#
# <colnr> <probs for GDERKNQSTAVLIFYWHMCP>
#	G	D	E	R	K	N	Q	S	T	A	V	L	I	F	Y	W	H	M	C	P
0	0.06122	0.16715	0.37671	0.03871	0.13205	0.03568	0.03908	0.01828	0.01234	0.05361	0.01037	0.01219	0.00786	0.00536	0.00509	0.00168	0.00743	0.00424	0.00281	0.00814
1	0.01575	0.01090	0.01341	0.01206	0.04927	0.01160	0.03335	0.11115	0.28425	0.15433	0.12717	0.04894	0.02082	0.00822	0.00623	0.00184	0.02446	0.00692	0.05106	0.00826
2	0.00715	0.00518	0.00680	0.00802	0.00857	0.00483	0.00558	0.00833	0.01131	0.01489	0.03351	0.67182	0.09475	0.01746	0.00731	0.00232	0.00346	0.07868	0.00531	0.00472
3	0.07662	0.02977	0.03336	0.07672	0.07197	0.01042	0.09132	0.03362	0.01274	0.09496	0.01149	0.01327	0.00885	0.00496	0.00489	0.00133	0.00557	0.00430	0.00362	0.41022
4	0.06209	0.36518	0.07143	0.01280	0.06365	0.04349	0.01108	0.15107	0.01486	0.07674	0.01114	0.01317	0.00912	0.00610	0.00535	0.00157	0.04402	0.02562	0.00359	0.00794
5	0.00732	0.00539	0.00678	0.00732	0.00820	0.00493	0.00511	0.00885	0.01272	0.01704	0.24841	0.42471	0.15988	0.04615	0.00791	0.00223	0.00316	0.01354	0.00553	0.00485
6	0.01121	0.07790	0.05495	0.00978	0.01270	0.00880	0.06294	0.01334	0.04198	0.05154	0.01858	0.15285	0.05950	0.10542	0.01066	0.11251	0.00511	0.00741	0.00382	0.17901
7	0.01864	0.20862	0.12323	0.01276	0.01786	0.03949	0.05759	0.19900	0.06110	0.18596	0.01407	0.01411	0.01010	0.00613	0.00524	0.00164	0.00646	0.00478	0.00451	0.00871
8	0.37252	0.01196	0.01343	0.11756	0.16702	0.05431	0.01040	0.05348	0.01201	0.02133	0.01127	0.04464	0.00982	0.00813	0.04205	0.00217	0.00626	0.03134	0.00345	0.00685

[dist]
# distance from previous block
# <min> <max>
4	10

[block]
# block no. 9 follows, 41 sequences, length 24
# corresponding to MSA columns:
# 790-813
name=unknown_J
#
# <colnr> <probs for GDERKNQSTAVLIFYWHMCP>
#	G	D	E	R	K	N	Q	S	T	A	V	L	I	F	Y	W	H	M	C	P
0	0.01096	0.00964	0.03885	0.09515	0.05528	0.00943	0.03422	0.03439	0.17135	0.04016	0.27206	0.03268	0.13283	0.00967	0.00632	0.00188	0.00453	0.02862	0.00518	0.00680
1	0.01110	0.01252	0.17422	0.01035	0.01407	0.00859	0.02759	0.03444	0.06486	0.06818	0.33002	0.07295	0.05146	0.00922	0.00611	0.00175	0.00466	0.00798	0.00502	0.08492
2	0.01350	0.01543	0.03375	0.02411	0.02989	0.01446	0.74253	0.01832	0.01350	0.01832	0.01157	0.01543	0.00868	0.00482	0.00675	0.00193	0.00964	0.00675	0.00289	0.00771
3	0.01558	0.63365	0.02821	0.03945	0.04254	0.07085	0.04764	0.03815	0.01249	0.01460	0.00853	0.01009	0.00755	0.00505	0.00412	0.00133	0.00665	0.00349	0.00261	0.00741
4	0.04126	0.36408	0.33495	0.01285	0.01900	0.08131	0.01445	0.01836	0.01229	0.04077	0.00947	0.01082	0.00749	0.00529	0.00459	0.00152	0.00735	0.00369	0.00266	0.00779
5	0.02068	0.09723	0.12218	0.01171	0.01661	0.03294	0.01084	0.12968	0.09470	0.37775	0.01773	0.01647	0.01199	0.00663	0.00548	0.00172	0.00582	0.00519	0.00550	0.00915
6	0.01281	0.08383	0.08831	0.04417	0.12031	0.02541	0.12874	0.01615	0.03078	0.08867	0.06478	0.17707	0.03664	0.00870	0.00599	0.00184	0.00594	0.00796	0.04478	0.00713
7	0.02045	0.00858	0.01160	0.00929	0.01281	0.00751	0.00751	0.02281	0.01632	0.54650	0.24136	0.02637	0.02597	0.00845	0.00605	0.00178	0.00422	0.00711	0.00685	0.00845
8	0.01486	0.01094	0.01208	0.01038	0.01339	0.01194	0.00818	0.18513	0.31895	0.06791	0.19266	0.02451	0.02383	0.00835	0.00587	0.00180	0.00437	0.00695	0.06977	0.00810
9	0.03500	0.01697	0.12295	0.02376	0.33401	0.08687	0.09112	0.05927	0.06381	0.07013	0.01224	0.01430	0.00945	0.00574	0.00604	0.00176	0.02950	0.00510	0.00345	0.00854
10	0.02566	0.00973	0.01327	0.01018	0.01460	0.00841	0.00841	0.02788	0.01637	0.76726	0.02257	0.01947	0.01416	0.00708	0.00575	0.00177	0.00487	0.00575	0.00708	0.00973
11	0.03833	0.09863	0.05346	0.02940	0.05457	0.01060	0.00908	0.03895	0.01325	0.18188	0.01270	0.01342	0.00951	0.00517	0.00470	0.00126	0.00507	0.00408	0.00406	0.41185
12	0.01252	0.01126	0.01857	0.02695	0.51375	0.01126	0.01479	0.01566	0.01307	0.01817	0.01724	0.03088	0.01698	0.00865	0.00641	0.00201	0.00629	0.24410	0.00364	0.00780
13	0.00719	0.00573	0.00652	0.00698	0.00846	0.00505	0.00527	0.00875	0.01270	0.01574	0.07116	0.21740	0.47812	0.01533	0.00704	0.00211	0.00332	0.11291	0.00534	0.00487
14	0.05304	0.22391	0.02031	0.05573	0.18956	0.01579	0.01161	0.12655	0.07474	0.06507	0.04944	0.01649	0.01242	0.00651	0.00561	0.00167	0.03126	0.02830	0.00391	0.00808
15	0.01589	0.01082	0.01450	0.16248	0.09985	0.01147	0.01059	0.21224	0.01674	0.15130	0.07697	0.09992	0.01731	0.06488	0.00765	0.00210	0.00571	0.00703	0.00487	0.00768
16	0.04564	0.16120	0.20391	0.01649	0.11070	0.03661	0.06353	0.21955	0.03282	0.04030	0.01141	0.01273	0.00862	0.00575	0.00525	0.00166	0.00705	0.00458	0.00366	0.00854
17	0.01283	0.26757	0.42005	0.01407	0.02008	0.01687	0.01624	0.01712	0.01141	0.01598	0.00911	0.01124	0.00732	0.00599	0.00700	0.00174	0.13123	0.00399	0.00244	0.00776
18	0.53503	0.01057	0.01023	0.00851	0.01239	0.01118	0.00702	0.02095	0.01222	0.30304	0.01343	0.01310	0.00917	0.00597	0.00437	0.00177	0.00459	0.00409	0.00486	0.00752
19	0.00975	0.01348	0.19968	0.10933	0.01864	0.00972	0.08940	0.01299	0.01173	0.01596	0.06096	0.10592	0.14377	0.10339	0.02990	0.00258	0.04493	0.00808	0.00363	0.00615
20	0.00752	0.00543	0.00670	0.00731	0.00830	0.00498	0.00524	0.00914	0.01259	0.01698	0.17564	0.40196	0.19209	0.01511	0.00688	0.00209	0.00317	0.05142	0.06255	0.00491
21	0.01520	0.17522	0.03477	0.01538	0.14212	0.05674	0.06161	0.09159	0.09946	0.06098	0.01395	0.03443	0.01149	0.02953	0.00681	0.04838	0.00605	0.00527	0.08346	0.00757
22	0.00883	0.00617	0.00761	0.00725	0.00839	0.00559	0.00488	0.00941	0.01032	0.01433	0.10035	0.18245	0.04808	0.27274	0.01628	0.13467	0.00439	0.00888	0.00403	0.14535
23	0.01474	0.11537	0.07265	0.01328	0.06311	0.05779	0.04598	0.08916	0.09799	0.07380	0.03450	0.04273	0.01232	0.00965	0.00980	0.16399	0.06693	0.00548	0.00380	0.00694

[dist]
# distance from previous block
# <min> <max>
2	17

[block]
# block no. 10 follows, 41 sequences, length 6
# corresponding to MSA columns:
# 831-836
name=unknown_K
#
# <colnr> <probs for GDERKNQSTAVLIFYWHMCP>
#	G	D	E	R	K	N	Q	S	T	A	V	L	I	F	Y	W	H	M	C	P
0	0.07408	0.01202	0.05609	0.03822	0.01594	0.01130	0.03409	0.13272	0.14447	0.27927	0.05455	0.02188	0.08445	0.00772	0.00576	0.00182	0.00518	0.00632	0.00565	0.00846
1	0.02091	0.10995	0.01760	0.03919	0.01709	0.03654	0.08494	0.04866	0.06693	0.44361	0.01876	0.04248	0.01314	0.00688	0.00563	0.00174	0.00577	0.00580	0.00558	0.00879
2	0.01289	0.05683	0.11819	0.20492	0.08753	0.01252	0.10234	0.04145	0.06431	0.06839	0.08429	0.06909	0.01537	0.00723	0.00627	0.00186	0.02889	0.00644	0.00376	0.00741
3	0.01069	0.01044	0.10181	0.11404	0.03638	0.00857	0.03020	0.01466	0.07976	0.07882	0.11506	0.21010	0.14441	0.01097	0.00639	0.00197	0.00487	0.00962	0.00477	0.00647
4	0.01108	0.00628	0.00790	0.00748	0.00891	0.00619	0.00548	0.01272	0.01146	0.12839	0.06892	0.07286	0.08800	0.19464	0.19327	0.00434	0.00670	0.00780	0.15214	0.00544
5	0.01441	0.01420	0.01739	0.08201	0.05992	0.12968	0.03905	0.01629	0.01108	0.05354	0.00960	0.01341	0.00833	0.00824	0.01301	0.00213	0.45215	0.00494	0.04396	0.00667

[dist]
# distance from previous block
# <min> <max>
18	34

[block]
# block no. 11 follows, 41 sequences, length 12
# corresponding to MSA columns:
# 883-894
name=unknown_L
#
# <colnr> <probs for GDERKNQSTAVLIFYWHMCP>
#	G	D	E	R	K	N	Q	S	T	A	V	L	I	F	Y	W	H	M	C	P
0	0.01370	0.03712	0.01772	0.12634	0.32939	0.01199	0.01293	0.09264	0.01463	0.05227	0.09779	0.02064	0.04692	0.00685	0.00574	0.00170	0.00588	0.02803	0.00388	0.07383
1	0.00788	0.00568	0.00732	0.00740	0.00854	0.00530	0.00545	0.01004	0.01424	0.01977	0.46452	0.20281	0.09922	0.03299	0.02646	0.00222	0.00335	0.04646	0.02520	0.00513
2	0.01391	0.01337	0.02311	0.03352	0.69582	0.01333	0.05152	0.01734	0.01305	0.01860	0.01165	0.01641	0.01008	0.00555	0.00581	0.00175	0.00686	0.03654	0.00294	0.00883
3	0.00711	0.00539	0.00655	0.00714	0.00816	0.00484	0.00502	0.00856	0.01256	0.01639	0.17251	0.42418	0.26949	0.01570	0.00703	0.00210	0.00307	0.01386	0.00549	0.00484
4	0.08249	0.00676	0.00763	0.00747	0.00917	0.00659	0.00559	0.01148	0.04484	0.05036	0.20184	0.20359	0.29009	0.01303	0.00689	0.00198	0.02829	0.01105	0.00538	0.00548
5	0.01297	0.05183	0.41417	0.04758	0.17713	0.01382	0.01760	0.01935	0.09628	0.04253	0.01203	0.01382	0.00904	0.00587	0.00607	0.00181	0.04184	0.00473	0.00305	0.00847
6	0.03608	0.00962	0.01109	0.01017	0.01285	0.01019	0.00821	0.08692	0.26023	0.09946	0.14406	0.03524	0.07583	0.01038	0.00641	0.00202	0.00448	0.16355	0.00580	0.00741
7	0.01230	0.01061	0.01759	0.54656	0.03251	0.01283	0.06031	0.01567	0.01179	0.07601	0.03809	0.01624	0.00988	0.00654	0.00751	0.00197	0.10841	0.00542	0.00306	0.00667
8	0.00883	0.00630	0.00851	0.05234	0.01075	0.00624	0.00637	0.01100	0.01404	0.05135	0.42655	0.24896	0.06708	0.01291	0.00732	0.00198	0.03705	0.01132	0.00564	0.00545
9	0.08127	0.00847	0.00970	0.00802	0.01141	0.00711	0.00617	0.01341	0.01202	0.07460	0.04055	0.17064	0.10489	0.02684	0.00582	0.00154	0.00395	0.00736	0.00436	0.40185
10	0.07255	0.10420	0.16637	0.04901	0.01842	0.03283	0.02508	0.15984	0.16488	0.05862	0.01433	0.01587	0.01096	0.00645	0.00529	0.00172	0.00622	0.02683	0.00422	0.05632
11	0.12063	0.07271	0.14593	0.04440	0.01693	0.06524	0.01086	0.07613	0.06910	0.19196	0.05926	0.03002	0.01311	0.00662	0.00523	0.00169	0.00592	0.00512	0.00452	0.05464

[dist]
# distance from previous block
# <min> <max>
0	29

[block]
# block no. 12 follows, 41 sequences, length 17
# corresponding to MSA columns:
# 924-940
name=unknown_M
#
# <colnr> <probs for GDERKNQSTAVLIFYWHMCP>
#	G	D	E	R	K	N	Q	S	T	A	V	L	I	F	Y	W	H	M	C	P
0	0.04434	0.01113	0.04587	0.00987	0.01303	0.04951	0.00813	0.10506	0.11885	0.18472	0.18259	0.07229	0.11159	0.00945	0.00606	0.00183	0.00463	0.00785	0.00571	0.00749
1	0.09541	0.04871	0.08408	0.08567	0.04247	0.01069	0.00895	0.07018	0.08578	0.03128	0.01529	0.02184	0.01354	0.19333	0.03066	0.00280	0.00575	0.01976	0.12741	0.00638
2	0.07955	0.00927	0.01009	0.02355	0.01128	0.08631	0.04008	0.01248	0.01148	0.05374	0.06367	0.21532	0.08237	0.19454	0.03799	0.00306	0.04643	0.00926	0.00426	0.00529
3	0.18600	0.00728	0.00809	0.00764	0.00930	0.00748	0.00554	0.01226	0.01080	0.06631	0.11278	0.12488	0.02218	0.23053	0.11869	0.00386	0.00590	0.00776	0.00426	0.04846
4	0.04373	0.20751	0.11780	0.01432	0.10854	0.01470	0.02898	0.10374	0.01411	0.05062	0.07133	0.01459	0.01206	0.00605	0.00567	0.00153	0.04681	0.00466	0.00358	0.12967
5	0.12466	0.01137	0.01575	0.04455	0.33092	0.02645	0.01186	0.04239	0.06799	0.04607	0.06510	0.04843	0.05399	0.00916	0.04245	0.00217	0.00606	0.03908	0.00396	0.00761
6	0.09311	0.01274	0.01843	0.05959	0.37625	0.04099	0.04184	0.05949	0.02862	0.11800	0.01333	0.04231	0.01088	0.03099	0.00627	0.00185	0.00630	0.00548	0.00379	0.02973
7	0.23452	0.01090	0.01463	0.14086	0.19840	0.01211	0.02490	0.04381	0.04439	0.01991	0.01420	0.09358	0.02527	0.00866	0.03020	0.00214	0.03828	0.03271	0.00359	0.00696
8	0.07412	0.26450	0.02321	0.01560	0.10670	0.05260	0.15272	0.03477	0.01286	0.10038	0.01103	0.01297	0.00877	0.00622	0.00610	0.05596	0.00667	0.00454	0.00332	0.04695
9	0.32596	0.00975	0.01079	0.00888	0.01259	0.00968	0.00724	0.02172	0.01369	0.40691	0.07376	0.04635	0.01512	0.00718	0.00506	0.00179	0.00448	0.00551	0.00564	0.00790
10	0.00817	0.00536	0.00700	0.00791	0.00866	0.00491	0.00543	0.00929	0.01149	0.06390	0.03331	0.67806	0.10121	0.01690	0.00715	0.00225	0.00338	0.01520	0.00543	0.00500
11	0.05910	0.00986	0.07329	0.20998	0.06738	0.00934	0.01035	0.04679	0.01099	0.01549	0.03825	0.04521	0.04245	0.01297	0.04165	0.28645	0.00627	0.00576	0.00310	0.00533
