[name]
unknown

[dist]
# distance from previous block
# <min> <max>
0	121

[block]
# block no. 0 follows, 35 sequences, length 18
# corresponding to MSA columns:
# 159-176
name=unknown_A
#
# <colnr> <probs for GDERKNQSTAVLIFYWHMCP>
#	G	D	E	R	K	N	Q	S	T	A	V	L	I	F	Y	W	H	M	C	P
0	0.01942	0.01401	0.01637	0.01340	0.01746	0.06034	0.05032	0.10222	0.24804	0.19680	0.01996	0.01974	0.01461	0.01029	0.05527	0.00249	0.04446	0.00623	0.00577	0.08281
1	0.01097	0.00616	0.00875	0.00841	0.00900	0.00598	0.00575	0.00923	0.00890	0.01222	0.01201	0.02051	0.01196	0.07004	0.07187	0.63648	0.00624	0.00567	0.00296	0.07688
2	0.00854	0.00630	0.00823	0.00919	0.01023	0.00574	0.00657	0.01005	0.01262	0.01699	0.03347	0.59246	0.05800	0.01808	0.00786	0.00246	0.00404	0.10459	0.00569	0.07890
3	0.01478	0.14737	0.06000	0.15017	0.16672	0.01590	0.01382	0.04054	0.17358	0.02066	0.03159	0.01738	0.01271	0.00771	0.02638	0.00205	0.00698	0.00554	0.00397	0.08215
4	0.01401	0.13110	0.03559	0.05441	0.13042	0.01452	0.01215	0.05084	0.01346	0.03860	0.05433	0.02002	0.01439	0.01572	0.15601	0.00356	0.12685	0.02922	0.00370	0.08111
5	0.01428	0.01481	0.04854	0.08751	0.08387	0.09994	0.01288	0.05608	0.01365	0.01839	0.04462	0.06748	0.06175	0.01134	0.03845	0.00255	0.27556	0.00698	0.03407	0.00727
6	0.01467	0.06612	0.32969	0.01636	0.02284	0.01599	0.08306	0.04269	0.29558	0.02286	0.01718	0.01767	0.01274	0.00699	0.00623	0.00204	0.00757	0.00589	0.00431	0.00952
7	0.01722	0.33817	0.11276	0.09437	0.02141	0.01905	0.03935	0.15047	0.01645	0.06226	0.01343	0.06397	0.01140	0.00711	0.00551	0.00177	0.00718	0.00553	0.00393	0.00864
8	0.01685	0.05523	0.19155	0.16397	0.11846	0.01387	0.04363	0.07731	0.01559	0.15919	0.01605	0.07255	0.01267	0.00749	0.00633	0.00201	0.00750	0.00645	0.00432	0.00899
9	0.01457	0.32483	0.02141	0.05208	0.01610	0.10389	0.01027	0.01651	0.01249	0.01518	0.03223	0.03844	0.01322	0.07437	0.15732	0.00374	0.07767	0.00554	0.00322	0.00692
10	0.35184	0.08142	0.05934	0.04260	0.01434	0.01251	0.00871	0.04996	0.01263	0.02266	0.01807	0.26357	0.01894	0.01059	0.00568	0.00212	0.00522	0.00856	0.00446	0.00678
11	0.01363	0.07442	0.05728	0.01246	0.01577	0.08932	0.07534	0.05094	0.04196	0.04515	0.12001	0.25507	0.02691	0.01136	0.00675	0.00201	0.00601	0.01000	0.00499	0.08061
12	0.06580	0.01018	0.04081	0.01074	0.01354	0.00934	0.03352	0.08966	0.01446	0.09801	0.03765	0.24356	0.02286	0.08608	0.10880	0.00352	0.00687	0.00969	0.00508	0.08983
13	0.16277	0.01350	0.10292	0.07622	0.03569	0.01168	0.09614	0.05583	0.01464	0.08424	0.06635	0.10602	0.03319	0.00923	0.00633	0.00210	0.00630	0.05333	0.05589	0.00761
14	0.01416	0.04825	0.14925	0.04509	0.06657	0.03667	0.02889	0.01759	0.05311	0.09168	0.01817	0.10381	0.04070	0.01343	0.05722	0.11675	0.05785	0.00719	0.00406	0.02954
15	0.04732	0.08710	0.16893	0.04283	0.06346	0.05329	0.07492	0.07822	0.05883	0.05255	0.03805	0.09497	0.01505	0.02191	0.00688	0.00201	0.02064	0.00677	0.00417	0.06211
16	0.09549	0.10175	0.01883	0.01612	0.13011	0.08123	0.02667	0.08690	0.06181	0.13930	0.02583	0.01566	0.01161	0.00639	0.00554	0.00167	0.00647	0.00505	0.00463	0.15895
17	0.07483	0.06947	0.10414	0.01330	0.07079	0.04185	0.02318	0.04568	0.09884	0.08314	0.02450	0.07250	0.12420	0.00897	0.00601	0.00191	0.00576	0.00735	0.08086	0.04274

[dist]
# distance from previous block
# <min> <max>
0	69

[block]
# block no. 1 follows, 35 sequences, length 17
# corresponding to MSA columns:
# 246-262
name=unknown_B
#
# <colnr> <probs for GDERKNQSTAVLIFYWHMCP>
#	G	D	E	R	K	N	Q	S	T	A	V	L	I	F	Y	W	H	M	C	P
0	0.05043	0.05333	0.05719	0.03143	0.04594	0.08783	0.04549	0.06327	0.08755	0.13681	0.04255	0.11231	0.08559	0.00937	0.00636	0.00195	0.00625	0.00785	0.00516	0.06335
1	0.01704	0.03616	0.05914	0.03065	0.08111	0.04479	0.01114	0.09453	0.17183	0.12546	0.04340	0.06139	0.04976	0.00847	0.00626	0.00188	0.00592	0.02234	0.00536	0.12338
2	0.05018	0.03202	0.08319	0.01704	0.12881	0.03574	0.01269	0.22624	0.17050	0.05038	0.05587	0.01874	0.01497	0.00742	0.00610	0.00190	0.00639	0.00601	0.03695	0.03884
3	0.06437	0.03384	0.03793	0.01962	0.21740	0.01257	0.05943	0.03605	0.12472	0.07933	0.06922	0.12648	0.03332	0.00899	0.00647	0.00201	0.00596	0.00804	0.00487	0.04940
4	0.05329	0.04814	0.07550	0.01604	0.08316	0.13236	0.03397	0.21815	0.09222	0.02589	0.03651	0.05261	0.02927	0.00776	0.00608	0.00186	0.00719	0.00619	0.01967	0.05413
5	0.01838	0.07863	0.15004	0.01542	0.07503	0.08432	0.01314	0.10818	0.11452	0.14353	0.01838	0.04748	0.03382	0.00857	0.02305	0.00207	0.00722	0.00613	0.00490	0.04719
6	0.06910	0.09057	0.40703	0.08815	0.02490	0.01544	0.01788	0.06806	0.05456	0.08683	0.01328	0.01469	0.00952	0.00641	0.00582	0.00196	0.00800	0.00495	0.00370	0.00914
7	0.01231	0.05506	0.01352	0.01053	0.04203	0.00936	0.00792	0.01550	0.04417	0.01976	0.04389	0.09266	0.06330	0.00988	0.04728	0.00185	0.00537	0.00644	0.00424	0.49494
8	0.05288	0.28085	0.02288	0.01333	0.03969	0.04791	0.01121	0.23539	0.03851	0.15038	0.01419	0.01444	0.01059	0.00688	0.00596	0.00175	0.03392	0.00490	0.00491	0.00940
9	0.01148	0.00630	0.00886	0.00872	0.00907	0.00651	0.00595	0.01074	0.07822	0.01253	0.01246	0.01971	0.01183	0.02073	0.02301	0.73616	0.00546	0.00567	0.00312	0.00347
10	0.00817	0.00580	0.00766	0.00873	0.00940	0.00542	0.00608	0.00948	0.01300	0.01738	0.12534	0.56511	0.08141	0.01873	0.00875	0.03783	0.00377	0.05684	0.00589	0.00521
11	0.01789	0.20442	0.06208	0.16372	0.02316	0.10198	0.04553	0.07408	0.01564	0.13269	0.01537	0.08872	0.01297	0.00773	0.00592	0.00187	0.00749	0.00627	0.00422	0.00825
12	0.04324	0.21366	0.08065	0.03408	0.01868	0.09527	0.01180	0.11786	0.08659	0.21398	0.01604	0.01581	0.01157	0.00688	0.00562	0.00179	0.00698	0.00511	0.00503	0.00934
13	0.01224	0.00797	0.00988	0.00920	0.01039	0.00847	0.00648	0.08090	0.05347	0.05046	0.01785	0.02932	0.01756	0.32344	0.18927	0.14760	0.00848	0.00743	0.00414	0.00543
14	0.11393	0.05489	0.18285	0.01649	0.06813	0.01409	0.10366	0.05671	0.02959	0.07798	0.06578	0.09091	0.01621	0.00842	0.00749	0.00209	0.07125	0.00699	0.00424	0.00829
15	0.01504	0.01564	0.12709	0.12469	0.05337	0.01287	0.15041	0.03826	0.03436	0.09623	0.06482	0.01945	0.01415	0.00696	0.00707	0.00191	0.04423	0.01978	0.00413	0.14957
16	0.01557	0.04705	0.01836	0.04988	0.14710	0.01266	0.05131	0.06724	0.08456	0.07030	0.04410	0.01814	0.03042	0.00654	0.00610	0.00161	0.02186	0.00560	0.00440	0.29720

[dist]
# distance from previous block
# <min> <max>
19	47

[block]
# block no. 2 follows, 35 sequences, length 7
# corresponding to MSA columns:
# 325-331
name=unknown_C
#
# <colnr> <probs for GDERKNQSTAVLIFYWHMCP>
#	G	D	E	R	K	N	Q	S	T	A	V	L	I	F	Y	W	H	M	C	P
0	0.01659	0.06424	0.10664	0.34328	0.03159	0.10599	0.05933	0.12514	0.01642	0.05352	0.01228	0.01539	0.00911	0.00647	0.00616	0.00196	0.00861	0.00536	0.00364	0.00826
1	0.05183	0.01446	0.07650	0.07823	0.14065	0.01303	0.12402	0.10098	0.01640	0.18962	0.01777	0.09108	0.01448	0.03309	0.00742	0.00218	0.00716	0.00726	0.00488	0.00897
2	0.01408	0.05310	0.15139	0.01237	0.01615	0.10172	0.03595	0.05351	0.01533	0.07545	0.09759	0.19073	0.09919	0.01178	0.00754	0.03619	0.00638	0.00945	0.00487	0.00723
3	0.06181	0.10070	0.01930	0.10165	0.02085	0.05961	0.06045	0.13440	0.01592	0.02247	0.01135	0.01367	0.00910	0.00611	0.00638	0.00159	0.05685	0.00465	0.00384	0.28928
4	0.06019	0.05823	0.23827	0.05383	0.08404	0.01461	0.01506	0.08209	0.07737	0.03923	0.01528	0.09289	0.01321	0.00812	0.00720	0.00202	0.06597	0.00642	0.00400	0.06198
5	0.09906	0.13663	0.05916	0.01285	0.05024	0.05269	0.01053	0.01977	0.01420	0.17829	0.07143	0.09895	0.01749	0.00881	0.00741	0.00194	0.08761	0.00673	0.00476	0.06145
6	0.01610	0.12247	0.10302	0.01307	0.01725	0.06649	0.04273	0.14240	0.08691	0.05997	0.11417	0.10625	0.04502	0.00951	0.00675	0.00198	0.02475	0.00781	0.00507	0.00829

[dist]
# distance from previous block
# <min> <max>
0	22

[block]
# block no. 3 follows, 35 sequences, length 9
# corresponding to MSA columns:
# 354-362
name=unknown_D
#
# <colnr> <probs for GDERKNQSTAVLIFYWHMCP>
#	G	D	E	R	K	N	Q	S	T	A	V	L	I	F	Y	W	H	M	C	P
0	0.01557	0.14125	0.06366	0.06930	0.22798	0.05239	0.12632	0.02170	0.13116	0.02027	0.01420	0.01655	0.01127	0.00626	0.00599	0.00187	0.00758	0.00571	0.05206	0.00889
1	0.09435	0.01268	0.01795	0.09992	0.26669	0.01405	0.01368	0.05993	0.08273	0.02142	0.01805	0.09748	0.04744	0.00907	0.00809	0.00216	0.09509	0.02682	0.00414	0.00826
2	0.01198	0.01128	0.01903	0.76180	0.04369	0.01409	0.01762	0.01621	0.01268	0.01621	0.01128	0.01691	0.00846	0.00634	0.00634	0.00211	0.00846	0.00564	0.00282	0.00705
3	0.10111	0.01452	0.09516	0.06742	0.28073	0.01289	0.06566	0.05455	0.01433	0.02124	0.01926	0.14205	0.06659	0.00891	0.00648	0.00207	0.00676	0.00803	0.00398	0.00825
4	0.01355	0.05850	0.06126	0.01399	0.06651	0.08396	0.01130	0.01648	0.01494	0.06438	0.11300	0.04268	0.04500	0.01414	0.04611	0.00274	0.04158	0.27785	0.00501	0.00702
5	0.19057	0.01175	0.01492	0.07519	0.11491	0.01338	0.01119	0.05221	0.06245	0.07176	0.04944	0.11901	0.01750	0.00976	0.00856	0.00223	0.12980	0.03307	0.00458	0.00770
6	0.22442	0.00980	0.01233	0.04012	0.05911	0.01056	0.04280	0.01493	0.01255	0.05741	0.06707	0.16078	0.09200	0.04852	0.06608	0.00299	0.05848	0.00883	0.00462	0.00661
7	0.08609	0.01186	0.04340	0.16011	0.06364	0.01179	0.01142	0.09135	0.06078	0.17638	0.08421	0.13274	0.02050	0.00946	0.00650	0.00209	0.00591	0.00805	0.00543	0.00830
8	0.07506	0.01290	0.06656	0.09786	0.01892	0.01328	0.01175	0.17697	0.04410	0.02314	0.01665	0.02453	0.01467	0.02015	0.22194	0.00451	0.05880	0.08621	0.00437	0.00764

[dist]
# distance from previous block
# <min> <max>
11	45

[block]
# block no. 4 follows, 35 sequences, length 24
# corresponding to MSA columns:
# 433-445,447-457
name=unknown_E
#
# <colnr> <probs for GDERKNQSTAVLIFYWHMCP>
#	G	D	E	R	K	N	Q	S	T	A	V	L	I	F	Y	W	H	M	C	P
0	0.03448	0.12247	0.10979	0.02099	0.20444	0.01501	0.10530	0.04696	0.05550	0.11886	0.04977	0.01771	0.01325	0.00740	0.00711	0.04471	0.00722	0.00588	0.00417	0.00898
1	0.09023	0.16125	0.15608	0.05728	0.07270	0.01679	0.05904	0.06176	0.06634	0.02077	0.01341	0.05856	0.01149	0.00757	0.00741	0.00200	0.09407	0.00579	0.02916	0.00828
2	0.11822	0.14819	0.10018	0.05569	0.05717	0.04572	0.06348	0.06069	0.08889	0.05355	0.05580	0.04865	0.04183	0.00760	0.00581	0.00189	0.00669	0.00620	0.00429	0.02944
3	0.06402	0.24883	0.15370	0.01478	0.03962	0.10901	0.06394	0.09385	0.03451	0.04007	0.03040	0.01648	0.05143	0.00685	0.00556	0.00177	0.00768	0.00524	0.00379	0.00847
4	0.11794	0.18386	0.15207	0.05863	0.07214	0.03713	0.03947	0.07452	0.08231	0.02164	0.01394	0.06921	0.01195	0.00720	0.00559	0.00187	0.00700	0.00572	0.00384	0.03396
5	0.08271	0.37799	0.15405	0.01372	0.05995	0.04606	0.01294	0.02042	0.01364	0.09164	0.01132	0.01251	0.00899	0.00582	0.00488	0.00160	0.00702	0.00411	0.00345	0.06718
6	0.05564	0.30945	0.21581	0.01357	0.01950	0.06021	0.05229	0.02016	0.01421	0.09136	0.05453	0.01660	0.03816	0.00673	0.00542	0.00174	0.00738	0.00513	0.00370	0.00843
7	0.01582	0.29918	0.23735	0.03578	0.04017	0.06194	0.04526	0.01976	0.01399	0.06168	0.02769	0.01606	0.02469	0.00648	0.00545	0.00172	0.00770	0.02280	0.00337	0.05311
8	0.01187	0.05378	0.01306	0.01098	0.01176	0.01144	0.00835	0.01297	0.01067	0.05455	0.01829	0.15034	0.01973	0.25450	0.10010	0.00447	0.23453	0.00883	0.00397	0.00582
9	0.00987	0.00953	0.06181	0.00919	0.01119	0.04871	0.00732	0.01207	0.01382	0.01880	0.12076	0.35510	0.13652	0.01448	0.00706	0.00213	0.00436	0.01265	0.09406	0.05058
10	0.01120	0.00751	0.00955	0.00893	0.01087	0.00698	0.00675	0.05179	0.01699	0.07563	0.42099	0.19004	0.06402	0.01351	0.00736	0.00209	0.00373	0.03651	0.00655	0.04903
11	0.01553	0.33697	0.07578	0.01131	0.01611	0.01703	0.01050	0.08330	0.06658	0.04032	0.05275	0.10009	0.01610	0.00788	0.00539	0.00164	0.00598	0.00618	0.00420	0.12636
12	0.10870	0.07167	0.14868	0.01371	0.05596	0.01309	0.01231	0.08365	0.01640	0.30792	0.01667	0.01632	0.01143	0.00667	0.00570	0.00181	0.00634	0.00517	0.00531	0.09247
13	0.04256	0.00702	0.00998	0.01004	0.01125	0.00804	0.00782	0.01164	0.01048	0.01546	0.01803	0.02865	0.01740	0.08518	0.62634	0.00910	0.01507	0.05668	0.00362	0.00562
14	0.01616	0.37403	0.16592	0.01391	0.01939	0.06243	0.05303	0.07026	0.05505	0.01884	0.01277	0.06356	0.01131	0.00709	0.00584	0.00175	0.03146	0.00535	0.00346	0.00842
15	0.02290	0.14788	0.02146	0.01396	0.01910	0.02060	0.01185	0.59743	0.02694	0.03571	0.01414	0.01437	0.01034	0.00724	0.00596	0.00181	0.00695	0.00532	0.00573	0.01034
16	0.16444	0.51138	0.06749	0.01116	0.01643	0.04687	0.01088	0.04632	0.01358	0.04854	0.00991	0.01109	0.00832	0.00577	0.00439	0.00156	0.00670	0.00371	0.00330	0.00816
17	0.14068	0.05841	0.11763	0.15608	0.10264	0.04866	0.04780	0.06950	0.01472	0.05775	0.01359	0.01812	0.01092	0.00688	0.00581	0.00194	0.00728	0.04427	0.04634	0.03098
18	0.16924	0.17972	0.15566	0.02563	0.01710	0.07072	0.01164	0.05880	0.02850	0.02242	0.14901	0.01989	0.03504	0.00758	0.00550	0.00181	0.00643	0.00572	0.00417	0.02541
19	0.13304	0.04572	0.03587	0.12217	0.07672	0.03030	0.04860	0.12768	0.08457	0.12595	0.04154	0.02060	0.06511	0.00767	0.00607	0.00198	0.00648	0.00628	0.00498	0.00868
20	0.24245	0.05540	0.07054	0.19173	0.08009	0.04260	0.04483	0.06098	0.01377	0.04935	0.01114	0.01390	0.00858	0.00636	0.00623	0.00195	0.04678	0.00480	0.00362	0.04491
21	0.18391	0.13171	0.05889	0.03561	0.07858	0.03245	0.04695	0.09254	0.01538	0.13209	0.03254	0.04422	0.01246	0.00727	0.00615	0.00190	0.03804	0.00559	0.03525	0.00846
22	0.06265	0.29665	0.02226	0.04331	0.05432	0.05410	0.01106	0.11806	0.09480	0.08142	0.02862	0.05991	0.01341	0.00755	0.00584	0.00180	0.02545	0.00570	0.00445	0.00864
23	0.12322	0.08554	0.08993	0.03712	0.15195	0.03958	0.04028	0.16679	0.03263	0.08639	0.01371	0.03608	0.01080	0.00712	0.00670	0.00195	0.05122	0.00554	0.00437	0.00908

[dist]
# distance from previous block
# <min> <max>
8	88

[block]
# block no. 5 follows, 35 sequences, length 13
# corresponding to MSA columns:
# 556-568
name=unknown_F
#
# <colnr> <probs for GDERKNQSTAVLIFYWHMCP>
#	G	D	E	R	K	N	Q	S	T	A	V	L	I	F	Y	W	H	M	C	P
0	0.12695	0.01241	0.01581	0.19651	0.05353	0.01378	0.03178	0.15427	0.05921	0.06220	0.02060	0.02358	0.10013	0.02539	0.00735	0.00215	0.03583	0.02605	0.00468	0.02780
1	0.10867	0.10458	0.06883	0.04844	0.01551	0.01263	0.00960	0.08135	0.01398	0.07663	0.03509	0.04647	0.07512	0.10084	0.07312	0.02843	0.03797	0.00668	0.00431	0.05173
2	0.15555	0.01507	0.10302	0.06444	0.01822	0.04144	0.01078	0.10129	0.04921	0.09081	0.01600	0.04882	0.03032	0.04298	0.00682	0.00197	0.00618	0.00570	0.00453	0.18687
3	0.14633	0.13255	0.21402	0.01368	0.01932	0.06632	0.04128	0.07339	0.01458	0.05986	0.01270	0.05334	0.01050	0.00694	0.00600	0.00183	0.03443	0.00519	0.00378	0.08396
4	0.01316	0.04085	0.34872	0.05699	0.09223	0.01353	0.03702	0.02015	0.10141	0.02125	0.09070	0.01871	0.01540	0.00689	0.00612	0.00189	0.00739	0.00581	0.00379	0.09800
5	0.01448	0.01554	0.11757	0.07439	0.15485	0.03274	0.03504	0.01913	0.06913	0.04590	0.01303	0.01547	0.01032	0.00660	0.00668	0.04473	0.00663	0.00496	0.00370	0.30911
6	0.01488	0.01157	0.03333	0.05008	0.01587	0.04028	0.00876	0.05062	0.05212	0.12197	0.09515	0.09909	0.07781	0.00898	0.00612	0.00168	0.00514	0.00754	0.00521	0.29379
7	0.14141	0.30888	0.09950	0.01308	0.04011	0.07742	0.03153	0.05429	0.01440	0.07573	0.01118	0.01241	0.00887	0.00588	0.00490	0.00161	0.00699	0.00416	0.00364	0.08401
8	0.01416	0.01013	0.01391	0.06452	0.04608	0.01034	0.04467	0.11779	0.01471	0.08769	0.01855	0.09992	0.01751	0.17046	0.16154	0.00443	0.00845	0.00785	0.00457	0.08273
9	0.55232	0.01354	0.01229	0.01135	0.05060	0.06344	0.03006	0.04527	0.01242	0.02573	0.00977	0.01180	0.00781	0.00672	0.00555	0.04505	0.00576	0.00395	0.00383	0.08276
10	0.00971	0.00759	0.00914	0.00834	0.01060	0.00685	0.00629	0.01334	0.06558	0.02272	0.41394	0.10165	0.15909	0.01254	0.00706	0.00192	0.00347	0.01090	0.00621	0.12304
11	0.01050	0.00853	0.01182	0.18234	0.01874	0.00869	0.00944	0.01426	0.05250	0.02080	0.26945	0.14428	0.03452	0.01155	0.00700	0.00206	0.00494	0.07037	0.00531	0.11289
12	0.01515	0.01530	0.02845	0.10311	0.47196	0.01526	0.21723	0.01941	0.01443	0.02019	0.01213	0.01622	0.00978	0.00563	0.00663	0.00198	0.00852	0.00617	0.00313	0.00934

[dist]
# distance from previous block
# <min> <max>
0	10

[block]
# block no. 6 follows, 35 sequences, length 24
# corresponding to MSA columns:
# 579-602
name=unknown_G
#
# <colnr> <probs for GDERKNQSTAVLIFYWHMCP>
#	G	D	E	R	K	N	Q	S	T	A	V	L	I	F	Y	W	H	M	C	P
0	0.00774	0.00623	0.00690	0.00716	0.00883	0.00539	0.00521	0.00941	0.01439	0.01799	0.14350	0.21834	0.49365	0.01652	0.00763	0.00222	0.00329	0.01418	0.00603	0.00539
1	0.00824	0.00630	0.00718	0.00725	0.00856	0.00576	0.00507	0.00969	0.01334	0.01713	0.15616	0.12689	0.35074	0.19219	0.05450	0.00353	0.00466	0.01225	0.00546	0.00511
2	0.00908	0.00674	0.00988	0.00988	0.01091	0.00776	0.00754	0.01113	0.01010	0.01449	0.01728	0.02651	0.01655	0.11744	0.68300	0.00981	0.01595	0.00703	0.00344	0.00549
3	0.01636	0.00765	0.00887	0.00786	0.01038	0.00724	0.00613	0.04203	0.01518	0.22052	0.02466	0.06619	0.05308	0.00865	0.00539	0.00172	0.00381	0.00708	0.47985	0.00735
4	0.02549	0.01556	0.01767	0.01355	0.01857	0.01639	0.01119	0.49894	0.02613	0.26259	0.01834	0.01725	0.01235	0.00769	0.00636	0.00192	0.00648	0.00592	0.00682	0.01079
5	0.01198	0.01128	0.01903	0.76180	0.04369	0.01409	0.01762	0.01621	0.01268	0.01621	0.01128	0.01691	0.00846	0.00634	0.00634	0.00211	0.00846	0.00564	0.00282	0.00705
6	0.01578	0.01363	0.01434	0.01291	0.01650	0.01578	0.01004	0.03371	0.72602	0.02654	0.02582	0.02367	0.01937	0.00861	0.00646	0.00215	0.00502	0.00717	0.00646	0.01004
7	0.01388	0.01388	0.01943	0.01666	0.01666	0.01943	0.01388	0.01527	0.00972	0.01527	0.00833	0.01388	0.00833	0.01110	0.02082	0.00278	0.76544	0.00555	0.00278	0.00694
8	0.02412	0.01777	0.01904	0.01460	0.01967	0.01967	0.01206	0.71633	0.02983	0.03998	0.01523	0.01523	0.01079	0.00762	0.00635	0.00190	0.00698	0.00571	0.00635	0.01079
9	0.01497	0.01711	0.03743	0.02674	0.03316	0.01604	0.71444	0.02032	0.01497	0.02032	0.01283	0.01711	0.00963	0.00535	0.00749	0.00214	0.01070	0.00749	0.00321	0.00856
10	0.00881	0.00729	0.00793	0.00836	0.00974	0.03605	0.00597	0.01106	0.04173	0.01838	0.15641	0.35865	0.27334	0.01651	0.00764	0.00228	0.00378	0.01444	0.00598	0.00563
11	0.02332	0.01737	0.01859	0.01443	0.01937	0.01930	0.01186	0.65096	0.09650	0.03869	0.01624	0.01604	0.01161	0.00771	0.00636	0.00193	0.00679	0.00585	0.00636	0.01072
12	0.01497	0.01711	0.03743	0.02674	0.03316	0.01604	0.71444	0.02032	0.01497	0.02032	0.01283	0.01711	0.00963	0.00535	0.00749	0.00214	0.01070	0.00749	0.00321	0.00856
13	0.00923	0.00615	0.00692	0.00692	0.00692	0.00615	0.00384	0.00923	0.00923	0.01230	0.01999	0.04151	0.02306	0.77705	0.03229	0.00615	0.00615	0.00923	0.00384	0.00384
14	0.00977	0.00693	0.00871	0.00864	0.01029	0.00652	0.00657	0.01298	0.05140	0.04900	0.38974	0.15960	0.15373	0.01456	0.00762	0.00221	0.00363	0.08544	0.00654	0.00613
15	0.14770	0.01437	0.01845	0.26927	0.07504	0.07129	0.05871	0.11451	0.01529	0.02213	0.01268	0.01846	0.01052	0.00749	0.00736	0.00212	0.07235	0.05073	0.00377	0.00777
16	0.01272	0.03281	0.74418	0.01808	0.02746	0.01473	0.02344	0.02009	0.01339	0.02009	0.01138	0.01339	0.00804	0.00603	0.00603	0.00201	0.00938	0.00469	0.00268	0.00938
17	0.00777	0.00618	0.00700	0.00744	0.00897	0.00541	0.00540	0.00939	0.01406	0.01761	0.11091	0.27545	0.44749	0.01700	0.00772	0.00228	0.00342	0.03516	0.00598	0.00536
18	0.09143	0.01364	0.02293	0.29300	0.31531	0.01489	0.09822	0.01819	0.01338	0.01963	0.01139	0.01573	0.00907	0.00605	0.00666	0.00203	0.03129	0.00564	0.00310	0.00840
19	0.01474	0.01382	0.02301	0.29975	0.45342	0.01493	0.01846	0.05001	0.01451	0.01997	0.01184	0.01612	0.00951	0.00599	0.00631	0.00197	0.00784	0.00565	0.00317	0.00899
20	0.01578	0.01363	0.01434	0.01291	0.01650	0.01578	0.01004	0.03371	0.72602	0.02654	0.02582	0.02367	0.01937	0.00861	0.00646	0.00215	0.00502	0.00717	0.00646	0.01004
21	0.04290	0.03786	0.04551	0.05082	0.07581	0.01239	0.01074	0.12778	0.05210	0.12085	0.13985	0.02355	0.04684	0.01010	0.04073	0.00224	0.03693	0.00674	0.00525	0.11102
22	0.00977	0.00598	0.00750	0.00745	0.00759	0.00593	0.00458	0.00918	0.00976	0.01315	0.08553	0.03503	0.02277	0.46442	0.02754	0.26242	0.00564	0.00826	0.00380	0.00370
23	0.44298	0.01240	0.01313	0.06104	0.05620	0.01337	0.00936	0.07803	0.01466	0.22289	0.01410	0.01452	0.00988	0.00658	0.00508	0.00196	0.00559	0.00469	0.00508	0.00845

[dist]
# distance from previous block
# <min> <max>
0	19

[block]
# block no. 7 follows, 35 sequences, length 11
# corresponding to MSA columns:
# 622-632
name=unknown_H
#
# <colnr> <probs for GDERKNQSTAVLIFYWHMCP>
#	G	D	E	R	K	N	Q	S	T	A	V	L	I	F	Y	W	H	M	C	P
0	0.06327	0.10961	0.01898	0.05002	0.04745	0.07568	0.02525	0.11855	0.13463	0.07643	0.01458	0.01607	0.01141	0.00895	0.03595	0.00224	0.11445	0.00537	0.00448	0.06661
1	0.00870	0.00670	0.00801	0.00796	0.00960	0.00618	0.00593	0.01170	0.04951	0.02140	0.37077	0.14946	0.26915	0.01483	0.00756	0.00216	0.00334	0.03475	0.00643	0.00586
2	0.10206	0.01160	0.01833	0.63755	0.07922	0.01416	0.01653	0.01666	0.01257	0.01782	0.01104	0.01611	0.00837	0.00625	0.00607	0.00208	0.00801	0.00539	0.00296	0.00720
3	0.01262	0.00801	0.00988	0.00904	0.01125	0.00779	0.00689	0.01755	0.12140	0.12120	0.41849	0.09165	0.06964	0.01193	0.00705	0.00203	0.00367	0.01038	0.05237	0.00714
4	0.00992	0.00738	0.00907	0.00862	0.01033	0.00713	0.00644	0.05468	0.05354	0.02429	0.49393	0.15223	0.11072	0.01371	0.00745	0.00210	0.00346	0.01204	0.00666	0.00630
5	0.01976	0.01434	0.01663	0.01380	0.01734	0.01646	0.01118	0.21523	0.28812	0.14502	0.01956	0.01922	0.01439	0.00868	0.00908	0.00217	0.14692	0.00634	0.00597	0.00979
6	0.00781	0.00566	0.00738	0.00860	0.00918	0.00523	0.00582	0.00909	0.01275	0.01695	0.08941	0.66752	0.09302	0.01908	0.00801	0.00250	0.00360	0.01721	0.00597	0.00523
7	0.71770	0.01254	0.01032	0.00895	0.01302	0.01428	0.00738	0.06634	0.01254	0.07466	0.01029	0.01136	0.00770	0.00613	0.00424	0.00196	0.00508	0.00378	0.00434	0.00738
8	0.20130	0.01542	0.01619	0.01267	0.01747	0.01679	0.01047	0.45046	0.02372	0.15164	0.01541	0.01518	0.01072	0.00727	0.00582	0.00193	0.00626	0.00532	0.00606	0.00992
9	0.01198	0.01128	0.01903	0.76180	0.04369	0.01409	0.01762	0.01621	0.01268	0.01621	0.01128	0.01691	0.00846	0.00634	0.00634	0.00211	0.00846	0.00564	0.00282	0.00705
10	0.06781	0.01527	0.02489	0.07320	0.47416	0.01567	0.10258	0.10852	0.01615	0.02338	0.01223	0.01554	0.00980	0.00592	0.00629	0.00194	0.00774	0.00574	0.00359	0.00959

[dist]
# distance from previous block
# <min> <max>
1	2

[block]
# block no. 8 follows, 35 sequences, length 9
# corresponding to MSA columns:
# 635-643
name=unknown_I
#
# <colnr> <probs for GDERKNQSTAVLIFYWHMCP>
#	G	D	E	R	K	N	Q	S	T	A	V	L	I	F	Y	W	H	M	C	P
0	0.06700	0.00605	0.00748	0.00868	0.00929	0.00587	0.00584	0.00957	0.01187	0.01685	0.03215	0.67298	0.03826	0.06492	0.00927	0.00275	0.00392	0.01644	0.00562	0.00520
1	0.01183	0.00591	0.00591	0.00591	0.00739	0.00591	0.00443	0.01478	0.01330	0.02365	0.02069	0.02365	0.01626	0.00739	0.00443	0.00148	0.00296	0.00591	0.81227	0.00591
2	0.17486	0.01075	0.01155	0.01016	0.01317	0.03773	0.05830	0.01869	0.16679	0.02327	0.10777	0.03196	0.19779	0.00994	0.00613	0.00200	0.00473	0.00820	0.09909	0.00711
3	0.02128	0.02747	0.08039	0.01647	0.01984	0.54814	0.01345	0.05091	0.01680	0.01685	0.00993	0.01213	0.00829	0.00723	0.00806	0.00185	0.12560	0.00442	0.00327	0.00760
4	0.05295	0.04014	0.15596	0.06346	0.04948	0.01188	0.01211	0.05997	0.04690	0.02152	0.01407	0.07896	0.01226	0.00684	0.00555	0.00158	0.00612	0.00562	0.00390	0.35074
5	0.02036	0.20172	0.05089	0.04752	0.08194	0.17999	0.01252	0.09912	0.09424	0.13077	0.01453	0.01511	0.01098	0.00671	0.00566	0.00176	0.00767	0.00501	0.00446	0.00903
6	0.07833	0.00689	0.00832	0.00798	0.00963	0.00658	0.00597	0.01207	0.01660	0.02432	0.56530	0.10907	0.09925	0.01318	0.00723	0.00205	0.00323	0.01149	0.00655	0.00595
7	0.01566	0.01358	0.01551	0.16485	0.07906	0.09841	0.01178	0.07348	0.18964	0.06845	0.03928	0.16385	0.01963	0.00983	0.00666	0.00211	0.00652	0.00842	0.00508	0.00819
8	0.03946	0.05124	0.02075	0.02466	0.35522	0.01492	0.01439	0.15209	0.04944	0.07765	0.03939	0.01810	0.01321	0.01116	0.08781	0.00280	0.00793	0.00594	0.00441	0.00944

[dist]
# distance from previous block
# <min> <max>
1	21

[block]
# block no. 9 follows, 35 sequences, length 17
# corresponding to MSA columns:
# 665-681
name=unknown_J
#
# <colnr> <probs for GDERKNQSTAVLIFYWHMCP>
#	G	D	E	R	K	N	Q	S	T	A	V	L	I	F	Y	W	H	M	C	P
0	0.11608	0.03240	0.03142	0.23913	0.08099	0.11977	0.01316	0.09291	0.08715	0.04630	0.01436	0.05543	0.01170	0.00732	0.00596	0.00196	0.00741	0.00588	0.00413	0.02653
1	0.10904	0.01583	0.01682	0.04847	0.01911	0.01771	0.01118	0.48127	0.12734	0.03479	0.01774	0.01773	0.03890	0.00783	0.00614	0.00197	0.00640	0.00596	0.00591	0.00987
2	0.01520	0.47053	0.32818	0.01385	0.02092	0.02080	0.01608	0.01945	0.01310	0.01707	0.00988	0.01151	0.00810	0.00568	0.00488	0.00163	0.00786	0.00393	0.00270	0.00865
3	0.01604	0.01550	0.15511	0.01371	0.04755	0.01232	0.01202	0.14904	0.12512	0.11818	0.06240	0.15986	0.06470	0.01045	0.00675	0.00211	0.00592	0.00885	0.00563	0.00875
4	0.01780	0.01356	0.04896	0.32139	0.02949	0.05107	0.07426	0.02270	0.07439	0.22356	0.01740	0.02071	0.01268	0.00735	0.00652	0.00208	0.00758	0.03524	0.00473	0.00855
5	0.00912	0.00681	0.00875	0.00961	0.01115	0.00643	0.00791	0.01153	0.01469	0.01894	0.11904	0.13550	0.22317	0.01687	0.00822	0.00258	0.00462	0.37342	0.00599	0.00566
6	0.01797	0.01444	0.01497	0.07550	0.01878	0.10045	0.01090	0.07930	0.33886	0.12211	0.04129	0.02655	0.01891	0.00908	0.00662	0.00212	0.00630	0.08088	0.00591	0.00907
7	0.01510	0.45317	0.34468	0.01402	0.02118	0.02056	0.01637	0.01948	0.01311	0.01719	0.00994	0.01159	0.00810	0.00569	0.00493	0.00164	0.00792	0.00396	0.00270	0.00868
8	0.06631	0.01307	0.02009	0.15033	0.36000	0.01359	0.01544	0.02180	0.07401	0.14693	0.01599	0.01961	0.01246	0.00691	0.00628	0.00201	0.00688	0.03465	0.00435	0.00930
9	0.01183	0.00591	0.00591	0.00591	0.00739	0.00591	0.00443	0.01478	0.01330	0.02365	0.02069	0.02365	0.01626	0.00739	0.00443	0.00148	0.00296	0.00591	0.81227	0.00591
10	0.00800	0.00572	0.00768	0.00915	0.00964	0.00539	0.00637	0.00931	0.01242	0.01650	0.03481	0.69557	0.04136	0.01962	0.00817	0.00261	0.00392	0.09266	0.00588	0.00523
11	0.01673	0.66888	0.03288	0.01420	0.07757	0.02369	0.05582	0.01912	0.01315	0.01575	0.00933	0.01107	0.00839	0.00544	0.00447	0.00145	0.00709	0.00384	0.00278	0.00833
12	0.00865	0.00618	0.00842	0.00989	0.01066	0.00595	0.00749	0.01043	0.01306	0.01723	0.03446	0.51305	0.03994	0.01900	0.00834	0.00270	0.00448	0.26878	0.00587	0.00541
13	0.01173	0.00953	0.01564	0.09740	0.08310	0.00939	0.11178	0.01461	0.01405	0.05977	0.02977	0.21171	0.11239	0.01329	0.00764	0.00240	0.00613	0.17784	0.00502	0.00681
14	0.01501	0.06530	0.09050	0.07467	0.30790	0.01600	0.29796	0.01963	0.01436	0.01987	0.01201	0.01580	0.00949	0.00559	0.00661	0.00198	0.00897	0.00616	0.00308	0.00909
15	0.16172	0.08093	0.05539	0.06024	0.01920	0.07469	0.01174	0.29194	0.05716	0.02858	0.04332	0.01538	0.01176	0.00737	0.00660	0.00194	0.05320	0.00524	0.00478	0.00882
16	0.04780	0.01531	0.01854	0.01974	0.20588	0.04509	0.01281	0.27889	0.10744	0.09313	0.06106	0.01959	0.03067	0.00765	0.00633	0.00194	0.00653	0.00631	0.00548	0.00982

[dist]
# distance from previous block
# <min> <max>
8	47

[block]
# block no. 10 follows, 35 sequences, length 10
# corresponding to MSA columns:
# 766-775
name=unknown_K
#
# <colnr> <probs for GDERKNQSTAVLIFYWHMCP>
#	G	D	E	R	K	N	Q	S	T	A	V	L	I	F	Y	W	H	M	C	P
0	0.14437	0.12212	0.25243	0.01636	0.02257	0.05670	0.06466	0.09984	0.08252	0.04821	0.01523	0.01735	0.01189	0.00797	0.00662	0.00234	0.00840	0.00566	0.00471	0.01005
1	0.01656	0.01273	0.01431	0.06362	0.08824	0.09957	0.01039	0.07515	0.10865	0.14233	0.02367	0.27198	0.02268	0.01150	0.00687	0.00215	0.00604	0.00995	0.00554	0.00806
2	0.01004	0.00888	0.01507	0.01293	0.01541	0.00826	0.17655	0.01291	0.01485	0.01989	0.20273	0.23187	0.13493	0.01390	0.00780	0.00231	0.00539	0.09450	0.00550	0.00628
3	0.14677	0.15065	0.05741	0.10681	0.05196	0.05033	0.01180	0.14135	0.03866	0.08150	0.04970	0.01580	0.01219	0.00673	0.00548	0.00180	0.00664	0.00508	0.00440	0.05495
4	0.01426	0.09139	0.05754	0.08730	0.01931	0.10351	0.03610	0.01925	0.12407	0.01811	0.05600	0.05596	0.01562	0.01375	0.10227	0.00314	0.16449	0.00655	0.00389	0.00749
5	0.00843	0.00601	0.00804	0.00878	0.00928	0.00614	0.00599	0.00961	0.01096	0.01492	0.02668	0.40414	0.03057	0.19627	0.21808	0.00547	0.00789	0.01298	0.00475	0.00500
6	0.10721	0.01242	0.01762	0.20987	0.18232	0.01327	0.01352	0.02365	0.11447	0.21711	0.01693	0.01813	0.01213	0.00687	0.00609	0.00201	0.00655	0.00581	0.00489	0.00913
7	0.01415	0.20686	0.06958	0.01270	0.01637	0.09845	0.05702	0.01656	0.01318	0.01671	0.01619	0.10815	0.01656	0.08561	0.00955	0.00230	0.05761	0.07467	0.00372	0.10405
8	0.01204	0.01128	0.01610	0.06578	0.01656	0.01504	0.01199	0.01377	0.01031	0.01534	0.01347	0.10742	0.01388	0.01914	0.16484	0.00419	0.47179	0.00731	0.00328	0.00648
9	0.09523	0.01080	0.01316	0.01111	0.01492	0.01056	0.00893	0.07489	0.10221	0.39297	0.02488	0.13292	0.02001	0.01006	0.00655	0.00213	0.00520	0.04741	0.00681	0.00924

[dist]
# distance from previous block
# <min> <max>
3	25

[block]
# block no. 11 follows, 35 sequences, length 48
# corresponding to MSA columns:
# 802-825,849-872
name=unknown_L
#
# <colnr> <probs for GDERKNQSTAVLIFYWHMCP>
#	G	D	E	R	K	N	Q	S	T	A	V	L	I	F	Y	W	H	M	C	P
0	0.09812	0.00856	0.00995	0.00856	0.01157	0.00761	0.00659	0.01432	0.01515	0.06071	0.31664	0.09695	0.07960	0.01047	0.00633	0.00176	0.00387	0.00892	0.00565	0.22866
1	0.01535	0.01701	0.11547	0.11134	0.04216	0.01582	0.20966	0.12054	0.13262	0.02347	0.05431	0.01878	0.01371	0.00733	0.00794	0.00213	0.07275	0.00661	0.00424	0.00879
2	0.01700	0.63506	0.03051	0.01195	0.01654	0.07083	0.01133	0.01893	0.01281	0.01501	0.00882	0.01073	0.00817	0.00622	0.00631	0.00156	0.10383	0.00371	0.00276	0.00794
3	0.00866	0.00724	0.00766	0.00762	0.00970	0.00670	0.00567	0.01237	0.10512	0.01868	0.09290	0.13840	0.52575	0.01539	0.00743	0.00219	0.00349	0.01303	0.00602	0.00596
4	0.01278	0.03007	0.65096	0.01697	0.02587	0.01393	0.02141	0.01957	0.01336	0.02016	0.01137	0.01336	0.00821	0.00586	0.00586	0.00187	0.00878	0.00457	0.00282	0.11222
5	0.01672	0.48002	0.22487	0.01330	0.01976	0.02159	0.01443	0.10822	0.01519	0.01953	0.01034	0.01170	0.00845	0.00587	0.00489	0.00160	0.00751	0.00404	0.00317	0.00881
6	0.01048	0.00639	0.00830	0.00895	0.01017	0.00580	0.00636	0.01189	0.01331	0.11066	0.03736	0.55904	0.12671	0.01774	0.00782	0.00245	0.00392	0.04055	0.00614	0.00594
7	0.05385	0.01213	0.01504	0.01264	0.01515	0.05302	0.01031	0.02159	0.01423	0.30292	0.05469	0.03220	0.01528	0.01155	0.05493	0.00268	0.25587	0.00632	0.04732	0.00827
8	0.01710	0.05405	0.16822	0.04279	0.07180	0.01374	0.07231	0.07544	0.13363	0.15977	0.05789	0.03396	0.05497	0.00796	0.00644	0.00201	0.00677	0.00682	0.00510	0.00923
9	0.00781	0.00562	0.00743	0.00884	0.00932	0.00524	0.00600	0.00900	0.01232	0.01633	0.03606	0.72010	0.06877	0.01964	0.00810	0.00257	0.00374	0.04204	0.00589	0.00519
10	0.72013	0.01297	0.01056	0.00914	0.01321	0.01493	0.00753	0.10762	0.01322	0.02993	0.00965	0.01093	0.00737	0.00611	0.00423	0.00196	0.00517	0.00373	0.00423	0.00737
11	0.05741	0.09557	0.19748	0.16291	0.21542	0.03022	0.06267	0.06866	0.01471	0.02079	0.01146	0.01452	0.00890	0.00600	0.00596	0.00192	0.00818	0.00517	0.00320	0.00887
12	0.13890	0.12038	0.11644	0.05887	0.12090	0.01496	0.09774	0.02210	0.01437	0.20243	0.01429	0.01553	0.01031	0.00635	0.00601	0.00192	0.01990	0.00529	0.00431	0.00902
13	0.01208	0.00929	0.01145	0.01125	0.01314	0.00999	0.00898	0.09150	0.12939	0.02274	0.14590	0.19802	0.03447	0.01441	0.00845	0.00245	0.04681	0.21667	0.00602	0.00699
14	0.14968	0.06444	0.01963	0.08309	0.11197	0.04392	0.03993	0.25303	0.03129	0.06453	0.01288	0.01463	0.00976	0.00701	0.00696	0.00197	0.06645	0.00524	0.00457	0.00903
15	0.01559	0.01054	0.01191	0.01053	0.01359	0.01090	0.00818	0.11646	0.21777	0.13323	0.09272	0.12653	0.15321	0.01147	0.00684	0.00210	0.00460	0.00968	0.03584	0.00829
16	0.01183	0.00591	0.00591	0.00591	0.00739	0.00591	0.00443	0.01478	0.01330	0.02365	0.02069	0.02365	0.01626	0.00739	0.00443	0.00148	0.00296	0.00591	0.81227	0.00591
17	0.20991	0.01336	0.01444	0.01121	0.01609	0.01344	0.00920	0.23333	0.01894	0.21056	0.01538	0.01525	0.01082	0.00666	0.00544	0.00173	0.00562	0.00494	0.00562	0.17805
18	0.00906	0.00680	0.01020	0.01020	0.01133	0.00793	0.00793	0.01133	0.01020	0.01473	0.01699	0.02492	0.01586	0.04758	0.75191	0.01020	0.01699	0.00680	0.00340	0.00566
19	0.00906	0.00680	0.01020	0.01020	0.01133	0.00793	0.00793	0.01133	0.01020	0.01473	0.01699	0.02492	0.01586	0.04758	0.75191	0.01020	0.01699	0.00680	0.00340	0.00566
20	0.43375	0.01155	0.01196	0.00978	0.01419	0.01183	0.00807	0.02465	0.01440	0.37745	0.01676	0.01583	0.01119	0.00685	0.00513	0.00196	0.00515	0.00488	0.00585	0.00879
21	0.02083	0.01379	0.01549	0.01276	0.01698	0.01488	0.01024	0.23316	0.31603	0.19782	0.06158	0.02200	0.01821	0.00838	0.00646	0.00203	0.00558	0.00679	0.00678	0.01021
22	0.01245	0.01176	0.01988	0.66962	0.13216	0.01422	0.01785	0.01662	0.01291	0.01678	0.01136	0.01676	0.00866	0.00625	0.00633	0.00208	0.00834	0.00564	0.00286	0.00743
23	0.01768	0.01907	0.22739	0.06882	0.19538	0.01404	0.03973	0.10531	0.02972	0.15652	0.01598	0.01928	0.01206	0.00712	0.00641	0.00202	0.00763	0.04176	0.00445	0.00962
24	0.11202	0.01293	0.01537	0.01191	0.01676	0.01279	0.00984	0.22427	0.02068	0.46628	0.02051	0.01858	0.01336	0.00757	0.00611	0.00195	0.00580	0.00588	0.00700	0.01037
25	0.00892	0.00624	0.00778	0.00812	0.00943	0.00562	0.00581	0.01075	0.01464	0.05004	0.24513	0.36140	0.20973	0.01645	0.00770	0.00228	0.00344	0.01453	0.00629	0.00568
26	0.01908	0.03681	0.01517	0.01148	0.04181	0.01028	0.00895	0.06865	0.01595	0.25586	0.01595	0.01603	0.01152	0.00598	0.00539	0.00138	0.00525	0.00480	0.00521	0.44444
27	0.11671	0.00879	0.01187	0.01083	0.01309	0.00876	0.05260	0.01607	0.01394	0.16451	0.10150	0.33410	0.03011	0.01347	0.00781	0.00231	0.04460	0.03619	0.00581	0.00693
28	0.02800	0.01154	0.01518	0.01164	0.01657	0.01043	0.00962	0.10417	0.01940	0.66686	0.02398	0.02091	0.01518	0.00783	0.00638	0.00196	0.00557	0.00631	0.00769	0.01080
29	0.01400	0.06394	0.27455	0.10149	0.03142	0.01589	0.36717	0.01973	0.01408	0.01951	0.01196	0.01545	0.00888	0.00569	0.00668	0.00205	0.00979	0.00612	0.00296	0.00865
30	0.00853	0.00638	0.00791	0.00771	0.00925	0.00576	0.00571	0.01103	0.01662	0.02269	0.51688	0.11945	0.21009	0.01432	0.00754	0.00208	0.00311	0.01253	0.00663	0.00576
31	0.00868	0.00647	0.00807	0.00767	0.00930	0.00586	0.00575	0.01140	0.01726	0.02379	0.60065	0.05011	0.19438	0.01359	0.00749	0.00202	0.00304	0.01185	0.00677	0.00586
32	0.01609	0.00884	0.01080	0.00947	0.01225	0.00864	0.00738	0.02154	0.14432	0.22532	0.26142	0.05801	0.03214	0.01005	0.00649	0.00195	0.00405	0.00856	0.14465	0.00802
33	0.01091	0.00775	0.01002	0.01043	0.01212	0.00778	0.00840	0.01545	0.10590	0.04868	0.20868	0.17144	0.04029	0.01525	0.00795	0.00250	0.00465	0.29903	0.00629	0.00649
34	0.01483	0.01235	0.01403	0.01043	0.01578	0.01067	0.00837	0.10718	0.09147	0.02376	0.01333	0.01454	0.01064	0.00549	0.00510	0.00119	0.00502	0.00437	0.00438	0.62705
35	0.00906	0.00680	0.01020	0.01020	0.01133	0.00793	0.00793	0.01133	0.01020	0.01473	0.01699	0.02492	0.01586	0.04758	0.75191	0.01020	0.01699	0.00680	0.00340	0.00566
36	0.10762	0.01644	0.01900	0.01490	0.01966	0.06964	0.10042	0.31094	0.12105	0.13118	0.01671	0.01675	0.01193	0.00724	0.00621	0.00196	0.00706	0.00588	0.00569	0.00973
37	0.01593	0.01457	0.01345	0.01310	0.01571	0.18409	0.01065	0.05935	0.15069	0.05152	0.02519	0.05580	0.02442	0.01235	0.00737	0.00237	0.00700	0.32350	0.00547	0.00746
38	0.00793	0.00570	0.00745	0.00877	0.00927	0.00533	0.00597	0.00910	0.01224	0.01619	0.03558	0.66056	0.07555	0.05899	0.00936	0.00276	0.00390	0.05442	0.00578	0.00513
39	0.00829	0.00569	0.00718	0.00823	0.00857	0.00543	0.00533	0.00924	0.01152	0.01567	0.03071	0.56216	0.03618	0.19670	0.01358	0.00336	0.00422	0.01533	0.04772	0.00489
40	0.12480	0.01679	0.01861	0.01445	0.01911	0.01881	0.04145	0.55286	0.02548	0.03609	0.01387	0.01460	0.01008	0.00752	0.00701	0.00198	0.05538	0.00549	0.00568	0.00995
41	0.11849	0.01716	0.13837	0.08504	0.38810	0.01465	0.01721	0.05602	0.01455	0.04579	0.01197	0.01481	0.00939	0.00594	0.00589	0.00190	0.00737	0.00517	0.00348	0.03868
42	0.17179	0.24874	0.09367	0.05276	0.02035	0.01816	0.08764	0.12963	0.01572	0.06157	0.01160	0.01313	0.00893	0.00606	0.00523	0.00176	0.00707	0.00463	0.00389	0.03768
43	0.02085	0.01445	0.01594	0.01316	0.01748	0.01585	0.01057	0.25562	0.36770	0.16377	0.02222	0.02053	0.01589	0.00814	0.00641	0.00204	0.00573	0.00655	0.00668	0.01042
44	0.01161	0.01070	0.01790	0.66596	0.03957	0.01331	0.01638	0.01559	0.01237	0.01602	0.01200	0.01793	0.00940	0.01160	0.10142	0.00314	0.00955	0.00579	0.00289	0.00687
45	0.05876	0.03848	0.36582	0.12661	0.02493	0.01322	0.04176	0.01948	0.02689	0.09832	0.01410	0.01849	0.01107	0.10460	0.00936	0.00254	0.00805	0.00564	0.00358	0.00830
46	0.02347	0.01623	0.01777	0.01391	0.01874	0.01772	0.01140	0.52425	0.13061	0.13194	0.01810	0.01732	0.01271	0.00779	0.00637	0.00195	0.00648	0.00602	0.00656	0.01068
47	0.00947	0.10485	0.01124	0.00928	0.01071	0.00816	0.00714	0.01130	0.01365	0.01800	0.14676	0.42442	0.06676	0.01640	0.00756	0.00236	0.00427	0.11621	0.00566	0.00578

[dist]
# distance from previous block
# <min> <max>
0	51

[block]
# block no. 12 follows, 35 sequences, length 6
# corresponding to MSA columns:
# 924-929
name=unknown_M
#
# <colnr> <probs for GDERKNQSTAVLIFYWHMCP>
#	G	D	E	R	K	N	Q	S	T	A	V	L	I	F	Y	W	H	M	C	P
0	0.62329	0.01234	0.01130	0.01104	0.07256	0.01336	0.00802	0.01828	0.01148	0.02655	0.00949	0.01122	0.00755	0.00567	0.00425	0.00179	0.00509	0.00367	0.00383	0.13922
1	0.01111	0.00695	0.00818	0.00789	0.01004	0.00602	0.00590	0.01288	0.01489	0.13605	0.11484	0.20809	0.40297	0.01526	0.00744	0.00219	0.00365	0.01307	0.00631	0.00626
2	0.04877	0.16633	0.10076	0.05095	0.01843	0.04000	0.02723	0.11396	0.03918	0.07134	0.01693	0.13930	0.01565	0.00893	0.00647	0.00191	0.03224	0.02233	0.00445	0.07483
3	0.00870	0.00663	0.00831	0.00862	0.01012	0.00578	0.00606	0.01029	0.01303	0.01780	0.09310	0.51861	0.10517	0.01644	0.00743	0.00222	0.00374	0.01470	0.00563	0.13761
4	0.04167	0.07240	0.10843	0.08731	0.23739	0.03690	0.01589	0.15495	0.01682	0.07324	0.01263	0.01499	0.00975	0.00685	0.00747	0.00197	0.08276	0.00532	0.00397	0.00929
5	0.37805	0.17633	0.05373	0.01215	0.01670	0.16231	0.04504	0.05536	0.01394	0.02288	0.00967	0.01124	0.00778	0.00599	0.00471	0.00178	0.00719	0.00393	0.00357	0.00763

[dist]
# distance from previous block
# <min> <max>
0	1

[block]
# block no. 13 follows, 35 sequences, length 27
# corresponding to MSA columns:
# 931-957
name=unknown_N
#
# <colnr> <probs for GDERKNQSTAVLIFYWHMCP>
#	G	D	E	R	K	N	Q	S	T	A	V	L	I	F	Y	W	H	M	C	P
0	0.02330	0.02134	0.01746	0.01472	0.01871	0.31965	0.01158	0.23594	0.10314	0.12632	0.01540	0.01550	0.01132	0.00742	0.00652	0.00185	0.03018	0.00530	0.00520	0.00918
1	0.00791	0.00626	0.00704	0.00721	0.00881	0.00548	0.00522	0.00965	0.01456	0.01849	0.19494	0.19034	0.44083	0.04389	0.00851	0.00234	0.00336	0.01371	0.00604	0.00539
2	0.00869	0.00642	0.00812	0.00781	0.00933	0.00584	0.00581	0.01136	0.01709	0.02367	0.59431	0.09505	0.15524	0.01385	0.00752	0.00205	0.00307	0.01216	0.00676	0.00584
3	0.00786	0.00631	0.00701	0.00712	0.00886	0.00547	0.00523	0.00970	0.01490	0.01883	0.20758	0.16057	0.48642	0.01593	0.00758	0.00217	0.00323	0.01364	0.00613	0.00547
4	0.00875	0.00621	0.00761	0.00763	0.00849	0.00586	0.00515	0.01031	0.01376	0.01882	0.32619	0.16186	0.09613	0.27678	0.01610	0.00353	0.00420	0.01189	0.00565	0.00507
5	0.01696	0.78087	0.03324	0.01085	0.01628	0.02510	0.01085	0.01900	0.01289	0.01493	0.00882	0.01018	0.00814	0.00543	0.00407	0.00136	0.00678	0.00339	0.00271	0.00814
6	0.01272	0.03281	0.74418	0.01808	0.02746	0.01473	0.02344	0.02009	0.01339	0.02009	0.01138	0.01339	0.00804	0.00603	0.00603	0.00201	0.00938	0.00469	0.00268	0.00938
7	0.06579	0.01087	0.01447	0.01115	0.01601	0.00955	0.00921	0.03034	0.01781	0.70831	0.02427	0.02106	0.01529	0.00776	0.00626	0.00196	0.00538	0.00624	0.00767	0.01061
8	0.01388	0.01388	0.01943	0.01666	0.01666	0.01943	0.01388	0.01527	0.00972	0.01527	0.00833	0.01388	0.00833	0.01110	0.02082	0.00278	0.76544	0.00555	0.00278	0.00694
9	0.02370	0.03023	0.01798	0.01634	0.01961	0.75158	0.01226	0.02533	0.01798	0.01553	0.00981	0.01144	0.00817	0.00654	0.00572	0.00163	0.01144	0.00409	0.00327	0.00735
