[name]
unknown

[dist]
# distance from previous block
# <min> <max>
0	65

[block]
# block no. 0 follows, 41 sequences, length 29
# corresponding to MSA columns:
# 79-107
name=unknown_A
#
# <colnr> <probs for GDERKNQSTAVLIFYWHMCP>
#	G	D	E	R	K	N	Q	S	T	A	V	L	I	F	Y	W	H	M	C	P
0	0.04750	0.06239	0.03214	0.04457	0.08036	0.03321	0.00990	0.06294	0.01468	0.21433	0.05646	0.03059	0.04646	0.00915	0.00606	0.00191	0.00545	0.18989	0.00501	0.04702
1	0.19741	0.01287	0.06127	0.01452	0.14708	0.05986	0.01030	0.02142	0.04536	0.28555	0.07570	0.01723	0.01403	0.00657	0.00528	0.00175	0.00550	0.00523	0.00488	0.00818
2	0.09784	0.02706	0.06815	0.03170	0.14582	0.01045	0.01013	0.06438	0.01321	0.09150	0.04755	0.12458	0.03445	0.02393	0.00631	0.00176	0.02878	0.00655	0.00412	0.16173
3	0.06109	0.01202	0.01563	0.16640	0.06910	0.01294	0.03726	0.23696	0.04515	0.05172	0.05859	0.03328	0.01350	0.00707	0.00600	0.00175	0.02684	0.03635	0.00438	0.10395
4	0.11411	0.01260	0.01453	0.12715	0.15327	0.09882	0.01081	0.01945	0.12736	0.08924	0.06923	0.05035	0.01459	0.00687	0.00543	0.00173	0.00586	0.00570	0.00415	0.06873
5	0.01345	0.00876	0.01226	0.03168	0.07772	0.00847	0.03965	0.10165	0.01425	0.15709	0.02362	0.38896	0.02424	0.01199	0.00650	0.00201	0.00472	0.02579	0.00522	0.04195
6	0.01509	0.01778	0.21895	0.01323	0.01817	0.01472	0.01272	0.17987	0.39663	0.02495	0.01771	0.01720	0.01304	0.00694	0.00569	0.00186	0.00597	0.00558	0.00488	0.00904
7	0.08056	0.01263	0.02068	0.19810	0.54264	0.01333	0.01626	0.01685	0.01241	0.01836	0.01040	0.01400	0.00851	0.00525	0.00550	0.00175	0.00679	0.00493	0.00283	0.00823
8	0.01999	0.02498	0.01599	0.07725	0.01920	0.68089	0.01137	0.02170	0.01569	0.01418	0.00987	0.01304	0.00849	0.00631	0.00532	0.00156	0.00988	0.03474	0.00301	0.00655
9	0.01621	0.01384	0.10790	0.22977	0.04799	0.01199	0.21566	0.02014	0.01362	0.24367	0.01433	0.01618	0.00989	0.00583	0.00598	0.00185	0.00742	0.00565	0.00400	0.00807
10	0.01310	0.01117	0.01866	0.49108	0.25662	0.01260	0.01575	0.01665	0.01234	0.08076	0.01142	0.01528	0.00862	0.00565	0.00570	0.00183	0.00714	0.00514	0.00302	0.00747
11	0.07901	0.01104	0.01786	0.54619	0.20671	0.01292	0.01549	0.01548	0.01167	0.01647	0.01013	0.01451	0.00784	0.00554	0.00553	0.00185	0.00717	0.00492	0.00269	0.00698
12	0.01171	0.01164	0.01707	0.71878	0.03752	0.07854	0.01547	0.01532	0.01185	0.01456	0.01005	0.01482	0.00760	0.00573	0.00567	0.00187	0.00786	0.00496	0.00258	0.00638
13	0.01283	0.03488	0.11512	0.03422	0.01787	0.01060	0.16182	0.10498	0.01424	0.08353	0.02032	0.27964	0.02029	0.01044	0.00651	0.00203	0.00612	0.05310	0.00448	0.00701
14	0.01283	0.01234	0.02128	0.32465	0.45528	0.01328	0.04478	0.01645	0.01243	0.01710	0.01056	0.01463	0.00849	0.00533	0.00573	0.00179	0.00723	0.00515	0.00272	0.00796
15	0.01453	0.01461	0.02262	0.08104	0.62553	0.07890	0.04404	0.01785	0.01321	0.01801	0.01059	0.01395	0.00881	0.00519	0.00566	0.00170	0.00726	0.00504	0.00282	0.00863
16	0.01309	0.01248	0.02095	0.13774	0.60048	0.01275	0.01625	0.01638	0.01280	0.01785	0.01452	0.01764	0.07004	0.00595	0.00576	0.00175	0.00659	0.00566	0.00299	0.00834
17	0.01472	0.03235	0.11305	0.08115	0.11780	0.01028	0.10130	0.01784	0.01329	0.21206	0.03145	0.17728	0.03474	0.00864	0.00613	0.00190	0.00603	0.00785	0.00448	0.00765
18	0.01340	0.01942	0.28681	0.05281	0.08923	0.03363	0.25740	0.01872	0.04154	0.06046	0.04365	0.01554	0.01067	0.00578	0.00629	0.00185	0.02596	0.00561	0.00319	0.00804
19	0.08043	0.01253	0.02059	0.16963	0.49502	0.01301	0.04645	0.01671	0.01253	0.01859	0.02974	0.01468	0.00968	0.00536	0.00553	0.00173	0.00669	0.00509	0.00294	0.03305
20	0.01585	0.01642	0.17274	0.01948	0.09668	0.01257	0.30586	0.05229	0.01427	0.17920	0.01454	0.04889	0.01090	0.00611	0.00614	0.00186	0.00768	0.00621	0.00392	0.00839
21	0.01673	0.07845	0.13537	0.09138	0.02061	0.01220	0.12195	0.06935	0.04526	0.24624	0.03563	0.07301	0.01362	0.00709	0.00582	0.00181	0.00644	0.00625	0.00459	0.00818
22	0.03672	0.06638	0.25882	0.12961	0.07128	0.01329	0.09802	0.07807	0.01393	0.11130	0.02668	0.01444	0.00958	0.00574	0.00552	0.00174	0.00720	0.00494	0.00351	0.04320
23	0.04489	0.01323	0.08720	0.14857	0.12004	0.02897	0.09278	0.06919	0.02850	0.15813	0.04684	0.01769	0.02629	0.00896	0.06165	0.00232	0.00727	0.00564	0.00405	0.02779
24	0.01488	0.01572	0.11339	0.07768	0.08023	0.14295	0.06992	0.06470	0.04186	0.09689	0.01681	0.14596	0.03008	0.00863	0.01798	0.00192	0.00695	0.00696	0.00402	0.04246
25	0.16464	0.01492	0.13116	0.10780	0.04655	0.08269	0.03337	0.04991	0.07576	0.04050	0.01429	0.11890	0.01273	0.00828	0.02199	0.00199	0.02185	0.00610	0.00373	0.04283
26	0.01565	0.03321	0.09601	0.03185	0.01685	0.03092	0.09092	0.10847	0.01586	0.18967	0.15829	0.05522	0.03082	0.00767	0.00587	0.00170	0.00563	0.00667	0.00496	0.09376
27	0.01605	0.03581	0.17116	0.07882	0.11400	0.02481	0.06328	0.08445	0.07743	0.18289	0.04777	0.05036	0.01354	0.00686	0.00579	0.00181	0.00645	0.00593	0.00441	0.00840
28	0.01581	0.01700	0.25728	0.01289	0.01805	0.03987	0.04879	0.02118	0.10198	0.22464	0.04951	0.03156	0.02863	0.01784	0.00632	0.00185	0.02168	0.02506	0.00457	0.05551

[dist]
# distance from previous block
# <min> <max>
0	21

[block]
# block no. 1 follows, 41 sequences, length 16
# corresponding to MSA columns:
# 129-144
name=unknown_B
#
# <colnr> <probs for GDERKNQSTAVLIFYWHMCP>
#	G	D	E	R	K	N	Q	S	T	A	V	L	I	F	Y	W	H	M	C	P
0	0.03497	0.09838	0.08669	0.01187	0.04745	0.01207	0.02539	0.08438	0.12694	0.16955	0.03887	0.04305	0.04790	0.00696	0.00535	0.00161	0.00528	0.00568	0.00471	0.14289
1	0.01598	0.17501	0.13960	0.01390	0.07115	0.01386	0.06327	0.05279	0.10153	0.15340	0.01382	0.01434	0.01025	0.00571	0.00512	0.00155	0.00610	0.00468	0.00402	0.13392
2	0.06332	0.09269	0.03932	0.01247	0.06064	0.04138	0.04326	0.07264	0.11139	0.17848	0.07016	0.03432	0.02706	0.00691	0.00562	0.00165	0.02057	0.00562	0.00473	0.10776
3	0.08133	0.12797	0.10399	0.01391	0.07124	0.01388	0.06850	0.09776	0.11293	0.18715	0.02921	0.01549	0.01152	0.00618	0.00529	0.00169	0.00598	0.00506	0.00452	0.03640
4	0.06259	0.12407	0.10583	0.01432	0.07472	0.01461	0.07415	0.16509	0.11679	0.06218	0.03537	0.01484	0.01124	0.00603	0.00525	0.00162	0.00610	0.00495	0.00415	0.09610
5	0.01636	0.14938	0.06440	0.01212	0.06483	0.02802	0.02917	0.03662	0.03551	0.20433	0.01433	0.04784	0.01121	0.00600	0.00499	0.00142	0.00545	0.00487	0.00423	0.25892
6	0.01451	0.14326	0.08007	0.00990	0.01419	0.01128	0.00887	0.04661	0.08468	0.14596	0.06587	0.07659	0.04944	0.00735	0.00522	0.00151	0.00490	0.00599	0.00452	0.21926
7	0.03569	0.29259	0.16816	0.01213	0.03169	0.08723	0.01174	0.07191	0.03790	0.08606	0.02886	0.01267	0.00967	0.00564	0.00473	0.00147	0.00653	0.00410	0.00347	0.08775
8	0.00925	0.06907	0.00977	0.00766	0.00952	0.00748	0.00598	0.03528	0.04757	0.02201	0.58574	0.03930	0.10766	0.01107	0.00643	0.00177	0.00318	0.00959	0.00587	0.00580
9	0.01383	0.25392	0.36357	0.01419	0.02056	0.01560	0.08697	0.01886	0.04655	0.07060	0.03650	0.01354	0.00995	0.00565	0.00513	0.00165	0.00725	0.00455	0.00309	0.00807
10	0.00870	0.00663	0.00775	0.00718	0.00898	0.00617	0.00546	0.06756	0.01594	0.02136	0.45716	0.04473	0.29654	0.01229	0.00667	0.00184	0.00305	0.01054	0.00591	0.00554
11	0.01183	0.02612	0.59806	0.01518	0.02228	0.07228	0.03547	0.01748	0.01283	0.01811	0.07640	0.01629	0.04014	0.00634	0.00561	0.00179	0.00792	0.00507	0.00291	0.00789
12	0.00817	0.00613	0.00919	0.00919	0.01021	0.00715	0.00715	0.01021	0.00919	0.01328	0.01532	0.02247	0.01430	0.04290	0.77631	0.00919	0.01532	0.00613	0.00306	0.00511
13	0.00830	0.00711	0.04321	0.03832	0.01048	0.00603	0.00649	0.01117	0.01567	0.02204	0.66379	0.04078	0.08228	0.01130	0.00665	0.00181	0.00317	0.00993	0.00592	0.00555
14	0.01890	0.01250	0.01433	0.01123	0.01521	0.01299	0.00917	0.41336	0.02107	0.15585	0.09554	0.01834	0.01549	0.01000	0.06628	0.00224	0.00617	0.00572	0.00558	0.09005
15	0.01729	0.10960	0.24596	0.01219	0.01755	0.01246	0.01252	0.11662	0.01526	0.25149	0.01639	0.07477	0.01275	0.00725	0.00553	0.00175	0.00617	0.02460	0.00463	0.03523

[dist]
# distance from previous block
# <min> <max>
0	59

[block]
# block no. 2 follows, 41 sequences, length 24
# corresponding to MSA columns:
# 204-227
name=unknown_C
#
# <colnr> <probs for GDERKNQSTAVLIFYWHMCP>
#	G	D	E	R	K	N	Q	S	T	A	V	L	I	F	Y	W	H	M	C	P
0	0.07883	0.11781	0.47456	0.01411	0.02061	0.01382	0.05291	0.04659	0.01220	0.01829	0.01114	0.03413	0.00915	0.06412	0.00694	0.00203	0.00747	0.00478	0.00282	0.00768
1	0.00932	0.00817	0.06200	0.00928	0.01086	0.00678	0.06049	0.01089	0.01080	0.04191	0.02458	0.17181	0.08424	0.34263	0.01626	0.00360	0.00538	0.11186	0.00422	0.00493
2	0.07475	0.03973	0.11350	0.07632	0.13401	0.01165	0.07021	0.07963	0.01356	0.09925	0.01566	0.04044	0.01395	0.09171	0.00833	0.00229	0.00645	0.09727	0.00394	0.00735
3	0.05259	0.17641	0.23145	0.23121	0.02519	0.01476	0.05083	0.04778	0.01279	0.08961	0.01106	0.01320	0.00816	0.00559	0.00518	0.00172	0.00718	0.00449	0.00312	0.00767
4	0.06629	0.00640	0.00761	0.00726	0.00901	0.00599	0.00561	0.01135	0.01483	0.04856	0.47077	0.04389	0.20491	0.01200	0.00657	0.00189	0.00313	0.06264	0.00584	0.00548
5	0.00811	0.00557	0.00680	0.00720	0.00754	0.00546	0.00471	0.00888	0.01016	0.01362	0.08958	0.20308	0.02886	0.46933	0.01995	0.00418	0.00478	0.09377	0.00433	0.00410
6	0.09123	0.08784	0.19110	0.20759	0.06284	0.01439	0.15277	0.07258	0.01321	0.03860	0.01067	0.01340	0.00798	0.00546	0.00546	0.00179	0.00754	0.00486	0.00304	0.00764
7	0.01312	0.01290	0.02076	0.33579	0.41552	0.04885	0.03791	0.01664	0.01255	0.01682	0.01045	0.01445	0.00839	0.00538	0.00569	0.00178	0.00738	0.00507	0.00272	0.00782
8	0.00822	0.00551	0.00627	0.00636	0.00638	0.00548	0.00359	0.00829	0.00850	0.01133	0.01896	0.09008	0.02198	0.74472	0.02760	0.00532	0.00539	0.00887	0.00359	0.00355
9	0.01661	0.01366	0.05097	0.01764	0.10918	0.01327	0.18404	0.18835	0.06311	0.13295	0.01638	0.05441	0.01330	0.00748	0.00672	0.00192	0.03868	0.05837	0.00459	0.00838
10	0.01556	0.07188	0.20385	0.01792	0.18892	0.01384	0.01417	0.19266	0.03129	0.07735	0.06835	0.01819	0.01362	0.00678	0.00568	0.00176	0.00648	0.03902	0.00414	0.00855
11	0.01651	0.06834	0.01649	0.25816	0.05752	0.01100	0.04538	0.01940	0.01372	0.28496	0.05370	0.01900	0.04254	0.00662	0.00562	0.00172	0.00592	0.00568	0.00454	0.06319
12	0.04975	0.01961	0.36958	0.01303	0.01902	0.01181	0.01426	0.10869	0.01477	0.23958	0.01477	0.01620	0.01053	0.06449	0.00723	0.00206	0.00676	0.00504	0.00431	0.00853
13	0.01741	0.08689	0.29214	0.04510	0.02111	0.04441	0.08599	0.06467	0.01454	0.25122	0.01416	0.01461	0.00971	0.00595	0.00553	0.00174	0.00717	0.00492	0.00414	0.00860
14	0.01299	0.01037	0.10285	0.00967	0.01226	0.04301	0.00822	0.01520	0.01331	0.19994	0.13015	0.33256	0.02847	0.04450	0.00741	0.00214	0.00466	0.01044	0.00534	0.00651
15	0.01165	0.00879	0.04133	0.01186	0.10166	0.00803	0.04209	0.01552	0.06972	0.07600	0.18447	0.06354	0.04840	0.00984	0.03384	0.00198	0.00458	0.01889	0.24123	0.00658
16	0.32382	0.06915	0.04145	0.00876	0.01229	0.01175	0.00747	0.06823	0.08753	0.02254	0.09141	0.02025	0.10062	0.00850	0.03033	0.00193	0.00485	0.00552	0.00425	0.07936
17	0.09417	0.22021	0.05427	0.03399	0.01667	0.01558	0.07189	0.12697	0.15175	0.05772	0.08869	0.01683	0.01460	0.00659	0.00517	0.00167	0.00573	0.00529	0.00431	0.00787
18	0.01524	0.14897	0.03285	0.03531	0.07074	0.01344	0.02889	0.11322	0.16202	0.10507	0.07401	0.03286	0.05629	0.00739	0.00549	0.00167	0.00529	0.01768	0.00471	0.06886
19	0.04641	0.31311	0.04125	0.01037	0.01447	0.01461	0.04113	0.06894	0.03464	0.17683	0.16379	0.01912	0.01863	0.00697	0.00511	0.00158	0.00529	0.00553	0.00458	0.00767
20	0.01635	0.14380	0.25215	0.01365	0.05309	0.10856	0.01321	0.02034	0.03840	0.16853	0.03419	0.01417	0.01055	0.00594	0.00531	0.00160	0.01654	0.00452	0.00375	0.07535
21	0.06208	0.15849	0.31367	0.06718	0.02097	0.03624	0.06796	0.01873	0.01290	0.12394	0.05609	0.01469	0.01109	0.00593	0.00524	0.00170	0.00704	0.00476	0.00344	0.00787
22	0.03014	0.27522	0.17610	0.04043	0.01783	0.06843	0.01202	0.05450	0.06858	0.16491	0.03155	0.01405	0.01067	0.00602	0.00495	0.00159	0.00648	0.00448	0.00390	0.00813
23	0.16416	0.05682	0.13111	0.02428	0.11067	0.04808	0.01134	0.04987	0.05885	0.18372	0.01412	0.04254	0.01075	0.00630	0.00511	0.00169	0.00588	0.00495	0.00423	0.06553

[dist]
# distance from previous block
# <min> <max>
5	36

[block]
# block no. 3 follows, 41 sequences, length 16
# corresponding to MSA columns:
# 266-281
name=unknown_D
#
# <colnr> <probs for GDERKNQSTAVLIFYWHMCP>
#	G	D	E	R	K	N	Q	S	T	A	V	L	I	F	Y	W	H	M	C	P
0	0.14309	0.16738	0.26183	0.01289	0.03557	0.04633	0.03347	0.04507	0.02510	0.07410	0.05488	0.01373	0.01075	0.00597	0.00526	0.00167	0.02604	0.00444	0.00342	0.02901
1	0.06521	0.11721	0.24985	0.03289	0.01796	0.06485	0.02618	0.09579	0.04131	0.06750	0.04396	0.09030	0.02702	0.00832	0.02558	0.00195	0.00679	0.00592	0.00382	0.00758
2	0.06225	0.20311	0.18756	0.01313	0.03839	0.05950	0.05100	0.06199	0.05740	0.05866	0.03092	0.04667	0.02575	0.00686	0.00552	0.00170	0.02477	0.03171	0.00360	0.02951
3	0.07589	0.14198	0.22217	0.01311	0.06502	0.01344	0.01223	0.08803	0.07639	0.04021	0.09740	0.07155	0.01623	0.00857	0.03204	0.00200	0.00626	0.00593	0.00393	0.00763
4	0.08244	0.20565	0.15941	0.01241	0.05527	0.03258	0.02533	0.04147	0.02621	0.08153	0.09700	0.10350	0.01682	0.00773	0.00566	0.00172	0.02789	0.00619	0.00389	0.00730
5	0.06315	0.28072	0.26908	0.01454	0.07856	0.03056	0.03078	0.04346	0.04888	0.03778	0.02836	0.01261	0.00929	0.00568	0.00515	0.00162	0.02458	0.00424	0.00305	0.00793
6	0.01538	0.24146	0.33398	0.02758	0.03729	0.06073	0.05058	0.03902	0.01323	0.11350	0.01128	0.01242	0.00836	0.00553	0.00505	0.00162	0.00740	0.00425	0.00318	0.00817
7	0.08502	0.19125	0.21242	0.01148	0.03668	0.03337	0.01128	0.01715	0.05721	0.06243	0.03745	0.01903	0.08490	0.06068	0.00663	0.00188	0.00597	0.00528	0.00356	0.05631
8	0.05687	0.11865	0.43048	0.01378	0.03612	0.01315	0.01547	0.03494	0.01276	0.11844	0.01285	0.05913	0.01009	0.00630	0.00524	0.00172	0.00693	0.00495	0.00339	0.03874
9	0.12144	0.14273	0.20403	0.01226	0.01756	0.03339	0.05514	0.05008	0.04898	0.11079	0.01289	0.01537	0.01006	0.00605	0.00503	0.00164	0.00632	0.03953	0.00374	0.10299
10	0.12974	0.11864	0.26099	0.01308	0.04349	0.01334	0.04147	0.04915	0.03508	0.08463	0.07294	0.01502	0.01217	0.00612	0.00539	0.00168	0.02450	0.00475	0.00364	0.06418
11	0.07330	0.08040	0.03451	0.05007	0.21591	0.02715	0.11162	0.05294	0.05985	0.07115	0.02807	0.01808	0.01187	0.00643	0.00594	0.00175	0.02847	0.05418	0.00372	0.06457
12	0.06255	0.01277	0.05305	0.07220	0.10725	0.03428	0.17095	0.05309	0.04509	0.06719	0.13868	0.03357	0.01728	0.00686	0.00619	0.00176	0.02646	0.00630	0.00406	0.08043
13	0.00807	0.00548	0.00730	0.00817	0.00895	0.00514	0.00584	0.00950	0.01196	0.04532	0.10746	0.56100	0.06773	0.01724	0.03010	0.00247	0.00384	0.08401	0.00541	0.00501
14	0.14479	0.01528	0.01585	0.01231	0.01673	0.01700	0.01017	0.63476	0.02431	0.03449	0.01286	0.01306	0.00920	0.00663	0.00539	0.00172	0.00601	0.00484	0.00539	0.00920
15	0.01312	0.01316	0.01912	0.34492	0.34842	0.09004	0.01555	0.01640	0.01268	0.01635	0.01263	0.01623	0.04509	0.00590	0.00569	0.00177	0.00731	0.00529	0.00284	0.00748

[dist]
# distance from previous block
# <min> <max>
0	1

[block]
# block no. 4 follows, 41 sequences, length 73
# corresponding to MSA columns:
# 283-355
name=unknown_E
#
# <colnr> <probs for GDERKNQSTAVLIFYWHMCP>
#	G	D	E	R	K	N	Q	S	T	A	V	L	I	F	Y	W	H	M	C	P
0	0.01707	0.01433	0.08899	0.02370	0.31071	0.01228	0.18525	0.02075	0.01401	0.23363	0.01430	0.01580	0.01027	0.00563	0.00592	0.00178	0.00706	0.00560	0.00403	0.00888
1	0.01080	0.00986	0.01637	0.50591	0.08347	0.01142	0.05318	0.03957	0.01211	0.01586	0.01473	0.17273	0.01396	0.00813	0.00609	0.00197	0.00676	0.00744	0.00325	0.00640
2	0.01331	0.01272	0.02168	0.22539	0.57967	0.01337	0.01713	0.01681	0.01262	0.01765	0.01061	0.01443	0.00870	0.00525	0.00568	0.00175	0.00701	0.00509	0.00276	0.00837
3	0.01265	0.07167	0.11109	0.08181	0.35863	0.01241	0.05167	0.01605	0.01265	0.03755	0.04012	0.11419	0.01472	0.00742	0.00587	0.00182	0.00647	0.03206	0.00336	0.00779
4	0.01366	0.00859	0.01134	0.01121	0.04906	0.00847	0.02203	0.11737	0.03830	0.15926	0.06359	0.29083	0.03996	0.01242	0.00671	0.00210	0.00464	0.12801	0.00559	0.00687
5	0.01561	0.01352	0.01670	0.01992	0.28465	0.08292	0.01195	0.19083	0.07293	0.04801	0.01754	0.14640	0.03717	0.00829	0.00595	0.00181	0.00606	0.00718	0.00440	0.00815
6	0.01120	0.01094	0.01960	0.67329	0.03800	0.01297	0.12275	0.01516	0.01174	0.01516	0.01037	0.01528	0.00778	0.00559	0.00587	0.00191	0.00792	0.00533	0.00259	0.00655
7	0.00828	0.00633	0.00791	0.00801	0.00956	0.00550	0.00572	0.00970	0.01127	0.01552	0.02738	0.48545	0.07212	0.05951	0.00787	0.00217	0.00375	0.05678	0.00477	0.19240
8	0.01947	0.01489	0.01588	0.01270	0.01687	0.01667	0.01032	0.52797	0.24686	0.03238	0.01663	0.01604	0.01207	0.00714	0.00575	0.00178	0.00576	0.00555	0.00575	0.00952
9	0.00781	0.00581	0.00727	0.00696	0.00839	0.00527	0.00520	0.01023	0.01545	0.02130	0.60818	0.06751	0.18467	0.01240	0.00677	0.00184	0.00275	0.01084	0.00608	0.00527
10	0.02543	0.01010	0.01350	0.01035	0.01478	0.00895	0.00855	0.06971	0.01699	0.72456	0.02205	0.01913	0.01390	0.00707	0.00575	0.00177	0.00495	0.00572	0.00700	0.00973
11	0.01206	0.04969	0.58432	0.01622	0.04833	0.01288	0.05429	0.01800	0.02639	0.04456	0.02643	0.04406	0.01039	0.00628	0.00562	0.00183	0.00781	0.01973	0.00293	0.00819
12	0.00697	0.00498	0.00664	0.00796	0.00830	0.00465	0.00531	0.00796	0.01095	0.01460	0.03153	0.79525	0.03783	0.01792	0.00730	0.00232	0.00332	0.01626	0.00531	0.00465
13	0.01416	0.01359	0.02322	0.03511	0.76330	0.01359	0.01755	0.01755	0.01302	0.01869	0.01076	0.01416	0.00906	0.00510	0.00566	0.00170	0.00680	0.00510	0.00283	0.00906
14	0.01384	0.01488	0.02918	0.11136	0.02904	0.03640	0.55734	0.07316	0.01428	0.01900	0.01212	0.03959	0.00951	0.00552	0.00652	0.00191	0.00897	0.00664	0.00315	0.00758
15	0.00859	0.00664	0.00961	0.20506	0.01650	0.00697	0.00820	0.01060	0.01195	0.03361	0.08797	0.40926	0.09719	0.01362	0.00680	0.00214	0.00446	0.05078	0.00473	0.00531
16	0.00944	0.00614	0.00808	0.00742	0.00901	0.00563	0.00563	0.01210	0.01620	0.07980	0.70392	0.04095	0.05093	0.01134	0.00667	0.00180	0.00286	0.00999	0.00636	0.00573
17	0.04442	0.01326	0.07031	0.04429	0.05513	0.02629	0.09998	0.14264	0.06369	0.27992	0.06762	0.03690	0.01486	0.00704	0.00587	0.00181	0.00603	0.00609	0.00525	0.00860
18	0.01155	0.00993	0.01357	0.35721	0.02373	0.05710	0.01133	0.01429	0.01130	0.03786	0.02704	0.01804	0.01117	0.04197	0.11573	0.00302	0.09907	0.00542	0.12468	0.00601
19	0.01234	0.01045	0.01212	0.00870	0.01376	0.00812	0.00698	0.04990	0.01259	0.01949	0.01034	0.01195	0.00853	0.00436	0.00431	0.00089	0.00434	0.00347	0.00350	0.79385
20	0.01446	0.63409	0.19102	0.01121	0.01688	0.02060	0.01226	0.01734	0.01172	0.01447	0.00846	0.00981	0.00732	0.00501	0.00405	0.00135	0.00663	0.00331	0.00244	0.00758
21	0.00825	0.00570	0.00751	0.00749	0.00864	0.00526	0.00545	0.01045	0.01471	0.04052	0.53349	0.25587	0.04832	0.01334	0.00688	0.00195	0.00293	0.01190	0.00604	0.00530
22	0.00810	0.00585	0.00765	0.00720	0.00855	0.00540	0.00540	0.01079	0.01619	0.02294	0.76028	0.04273	0.05397	0.01169	0.00675	0.00180	0.00270	0.01034	0.00630	0.00540
23	0.01147	0.02959	0.76934	0.01630	0.02476	0.01328	0.02113	0.01811	0.01208	0.01811	0.01026	0.01208	0.00725	0.00543	0.00543	0.00181	0.00845	0.00423	0.00242	0.00845
24	0.02306	0.00952	0.01267	0.01004	0.01400	0.00851	0.00816	0.05118	0.03840	0.63234	0.05189	0.07950	0.01747	0.00810	0.00591	0.00182	0.00470	0.00674	0.00683	0.00915
25	0.01247	0.01318	0.04701	0.01507	0.01540	0.01735	0.01285	0.01394	0.00889	0.01394	0.00762	0.01250	0.00750	0.00983	0.01825	0.00248	0.75792	0.00498	0.00250	0.00634
26	0.01529	0.80242	0.02997	0.00979	0.01468	0.02263	0.00979	0.01713	0.01162	0.01346	0.00795	0.00918	0.00734	0.00489	0.00367	0.00122	0.00612	0.00306	0.00245	0.00734
27	0.00866	0.00658	0.00812	0.00748	0.00924	0.00615	0.00566	0.01226	0.07194	0.02207	0.59555	0.04046	0.11418	0.01122	0.00653	0.00177	0.00295	0.00981	0.00600	0.05338
28	0.01576	0.01194	0.01298	0.01144	0.01484	0.01345	0.00897	0.03006	0.65423	0.12356	0.02318	0.02109	0.01702	0.00767	0.00581	0.00192	0.00457	0.00637	0.00599	0.00914
29	0.02385	0.01264	0.01507	0.01155	0.01605	0.01272	0.00955	0.35872	0.02123	0.42956	0.01849	0.01682	0.01211	0.00698	0.00574	0.00175	0.00553	0.00547	0.00645	0.00973
30	0.03583	0.01154	0.01461	0.01164	0.03723	0.01093	0.02849	0.20074	0.01767	0.37938	0.01712	0.01638	0.01165	0.00745	0.02850	0.00182	0.00560	0.00516	0.00568	0.15258
31	0.01516	0.77500	0.05621	0.01002	0.01504	0.02230	0.01019	0.01716	0.01164	0.01362	0.00803	0.00928	0.00734	0.00491	0.00373	0.00124	0.00620	0.00310	0.00245	0.00738
32	0.01220	0.01037	0.01205	0.00863	0.01370	0.00798	0.00692	0.03974	0.01238	0.01924	0.01029	0.01193	0.00852	0.00433	0.00429	0.00088	0.00431	0.00345	0.00347	0.80533
33	0.01241	0.12950	0.10515	0.32209	0.02658	0.01350	0.07523	0.01706	0.06883	0.03926	0.05458	0.01588	0.01132	0.00590	0.00541	0.00170	0.00677	0.00511	0.00322	0.08049
34	0.00774	0.00534	0.00657	0.00724	0.00746	0.00518	0.00459	0.00833	0.00976	0.01299	0.02480	0.38562	0.02919	0.40304	0.01809	0.00393	0.00451	0.04712	0.00440	0.00409
35	0.00697	0.00498	0.00664	0.00796	0.00830	0.00465	0.00531	0.00796	0.01095	0.01460	0.03153	0.79525	0.03783	0.01792	0.00730	0.00232	0.00332	0.01626	0.00531	0.00465
36	0.00815	0.00567	0.00692	0.00680	0.00812	0.00522	0.00503	0.01047	0.01452	0.02066	0.46566	0.12507	0.15162	0.01206	0.00641	0.00181	0.00279	0.01052	0.12729	0.00522
37	0.01013	0.00939	0.07042	0.01065	0.01217	0.00944	0.02819	0.01217	0.00968	0.04280	0.01422	0.02188	0.01340	0.14983	0.38690	0.00611	0.15187	0.00610	0.02908	0.00557
38	0.00846	0.00538	0.00721	0.00820	0.00887	0.00498	0.00565	0.00959	0.01142	0.07217	0.03081	0.71650	0.03589	0.01704	0.00720	0.00229	0.00349	0.03435	0.00544	0.00505
39	0.01416	0.01359	0.02322	0.03511	0.76330	0.01359	0.01755	0.01755	0.01302	0.01869	0.01076	0.01416	0.00906	0.00510	0.00566	0.00170	0.00680	0.00510	0.00283	0.00906
40	0.11335	0.01334	0.01488	0.01152	0.01593	0.01402	0.00952	0.42041	0.02142	0.28346	0.01610	0.01519	0.01084	0.00677	0.00549	0.00174	0.00560	0.00513	0.00594	0.00934
41	0.00968	0.00679	0.00925	0.00885	0.01038	0.00732	0.00688	0.05321	0.01171	0.05635	0.08408	0.05173	0.10950	0.03200	0.50724	0.00663	0.01128	0.00745	0.00405	0.00560
42	0.01152	0.01077	0.03506	0.55884	0.05959	0.01160	0.01401	0.01508	0.01172	0.03376	0.01049	0.01453	0.00800	0.00541	0.00540	0.00167	0.00685	0.00473	0.00283	0.17813
43	0.13060	0.02241	0.01539	0.01366	0.01649	0.52024	0.01055	0.08360	0.01541	0.01746	0.00899	0.01073	0.00743	0.00637	0.00655	0.00165	0.09857	0.00388	0.00322	0.00680
44	0.01583	0.01280	0.01363	0.01183	0.01532	0.01459	0.00932	0.14502	0.61071	0.05169	0.02172	0.02005	0.01610	0.00759	0.00580	0.00190	0.00482	0.00623	0.00585	0.00919
45	0.00830	0.00609	0.00781	0.00734	0.00877	0.00573	0.00552	0.01150	0.04448	0.02283	0.71785	0.04215	0.06674	0.01160	0.00671	0.00181	0.00277	0.01023	0.00626	0.00553
46	0.01358	0.01011	0.01204	0.00868	0.01369	0.00772	0.00698	0.01608	0.01242	0.11164	0.01171	0.01281	0.00918	0.00459	0.00442	0.00096	0.00431	0.00368	0.00385	0.73156
47	0.00810	0.00585	0.00765	0.00720	0.00855	0.00540	0.00540	0.01079	0.01619	0.02294	0.76028	0.04273	0.05397	0.01169	0.00675	0.00180	0.00270	0.01034	0.00630	0.00540
48	0.01186	0.01017	0.01186	0.00847	0.01356	0.00762	0.00678	0.01440	0.01186	0.01864	0.01017	0.01186	0.00847	0.00424	0.00424	0.00085	0.00424	0.00339	0.00339	0.83395
49	0.01319	0.01033	0.01657	0.55219	0.03201	0.01234	0.02964	0.02816	0.01209	0.12160	0.01209	0.01645	0.00911	0.03679	0.00773	0.00207	0.07220	0.00533	0.00328	0.00680
50	0.01209	0.01194	0.01669	0.01448	0.01450	0.01654	0.01196	0.01332	0.00893	0.01383	0.00934	0.07232	0.00983	0.01062	0.01789	0.00249	0.72852	0.00587	0.00272	0.00613
51	0.00994	0.00497	0.00745	0.00745	0.00745	0.00497	0.00497	0.00745	0.00745	0.00994	0.00994	0.01739	0.00994	0.01987	0.02235	0.83358	0.00497	0.00497	0.00248	0.00248
52	0.20023	0.00790	0.00822	0.06623	0.01141	0.00845	0.00613	0.04927	0.01254	0.09194	0.01573	0.01761	0.01193	0.00633	0.00427	0.00153	0.00382	0.00484	0.46542	0.00622
53	0.01342	0.01247	0.02001	0.19065	0.02321	0.01538	0.14030	0.04422	0.01134	0.05906	0.00993	0.01409	0.00821	0.00784	0.01246	0.00219	0.40000	0.00538	0.00297	0.00687
54	0.01347	0.01281	0.02162	0.03247	0.69211	0.01275	0.01636	0.01666	0.01291	0.01833	0.01368	0.06068	0.03826	0.00618	0.00580	0.00174	0.00645	0.00600	0.00307	0.00865
55	0.01080	0.01017	0.01716	0.78523	0.03940	0.01271	0.01589	0.01461	0.01144	0.01461	0.01017	0.01525	0.00762	0.00572	0.00572	0.00191	0.00762	0.00508	0.00254	0.00635
56	0.01409	0.01355	0.02299	0.03432	0.73395	0.01374	0.01736	0.01741	0.01286	0.01849	0.01063	0.01409	0.00900	0.00529	0.00618	0.00173	0.03746	0.00509	0.00282	0.00895
57	0.00818	0.00608	0.00894	0.00894	0.00988	0.00701	0.00684	0.01005	0.00912	0.01309	0.01555	0.02373	0.01485	0.10675	0.71321	0.00888	0.01450	0.00631	0.00310	0.00497
58	0.00697	0.00498	0.00664	0.00796	0.00830	0.00465	0.00531	0.00796	0.01095	0.01460	0.03153	0.79525	0.03783	0.01792	0.00730	0.00232	0.00332	0.01626	0.00531	0.00465
59	0.01322	0.01455	0.03056	0.02228	0.02756	0.01385	0.64008	0.01859	0.06027	0.01858	0.01374	0.01955	0.01109	0.00585	0.00678	0.00198	0.00899	0.06159	0.00326	0.00761
60	0.83938	0.01106	0.00841	0.00752	0.01106	0.01283	0.00619	0.01681	0.00973	0.02566	0.00796	0.00929	0.00619	0.00531	0.00354	0.00177	0.00442	0.00310	0.00354	0.00619
61	0.01377	0.01319	0.02252	0.12184	0.67960	0.01349	0.01736	0.01721	0.01284	0.01822	0.01069	0.01428	0.00889	0.00517	0.00567	0.00172	0.00689	0.00509	0.00280	0.00875
62	0.01070	0.01001	0.01681	0.75674	0.03827	0.01244	0.01550	0.01447	0.01161	0.01492	0.03764	0.01626	0.00932	0.00594	0.00576	0.00190	0.00744	0.00528	0.00268	0.00632
63	0.77721	0.01096	0.00878	0.00772	0.01133	0.01249	0.00636	0.01766	0.01024	0.08232	0.00908	0.01007	0.00680	0.00544	0.00371	0.00177	0.00446	0.00330	0.00381	0.00646
64	0.00758	0.00592	0.00674	0.00690	0.00826	0.00545	0.00499	0.00959	0.04150	0.01618	0.14329	0.17721	0.37776	0.10615	0.02821	0.00260	0.00370	0.03786	0.00520	0.00491
65	0.01162	0.05932	0.74090	0.01605	0.02437	0.01364	0.02070	0.01808	0.01206	0.01794	0.01018	0.01196	0.00725	0.00541	0.00537	0.00179	0.00836	0.00418	0.00242	0.00841
66	0.01396	0.01339	0.02287	0.07835	0.72157	0.01354	0.01746	0.01738	0.01293	0.01845	0.01072	0.01422	0.00898	0.00513	0.00567	0.00171	0.00684	0.00510	0.00281	0.00890
67	0.01264	0.00993	0.01329	0.01278	0.10498	0.00926	0.04463	0.03291	0.12870	0.08039	0.16817	0.04720	0.07421	0.00784	0.00571	0.00158	0.00453	0.00687	0.00480	0.22958
68	0.03117	0.01031	0.01200	0.00885	0.01370	0.00832	0.00709	0.01695	0.06886	0.08976	0.01229	0.01325	0.00965	0.00480	0.00448	0.00104	0.00432	0.00384	0.00393	0.67540
69	0.00836	0.00558	0.00656	0.00656	0.00666	0.00568	0.00387	0.00847	0.00837	0.01126	0.01748	0.03530	0.01979	0.69926	0.10070	0.03465	0.00646	0.00799	0.00339	0.00359
70	0.03379	0.01474	0.13497	0.01849	0.12371	0.02782	0.24847	0.01776	0.01364	0.12157	0.07070	0.04839	0.07082	0.00720	0.00619	0.00186	0.00698	0.02123	0.00396	0.00769
71	0.00697	0.00498	0.00664	0.00796	0.00830	0.00465	0.00531	0.00796	0.01095	0.01460	0.03153	0.79525	0.03783	0.01792	0.00730	0.00232	0.00332	0.01626	0.00531	0.00465
72	0.01186	0.01017	0.01186	0.00847	0.01356	0.00762	0.00678	0.01440	0.01186	0.01864	0.01017	0.01186	0.00847	0.00424	0.00424	0.00085	0.00424	0.00339	0.00339	0.83395

[dist]
# distance from previous block
# <min> <max>
0	2

[block]
# block no. 5 follows, 41 sequences, length 10
# corresponding to MSA columns:
# 358-367
name=unknown_F
#
# <colnr> <probs for GDERKNQSTAVLIFYWHMCP>
#	G	D	E	R	K	N	Q	S	T	A	V	L	I	F	Y	W	H	M	C	P
0	0.01418	0.42988	0.26938	0.01495	0.10173	0.05043	0.01440	0.01774	0.01212	0.01558	0.00906	0.01072	0.00750	0.00513	0.00453	0.00148	0.00713	0.00369	0.00250	0.00786
1	0.00829	0.00565	0.00677	0.00677	0.00695	0.00583	0.00413	0.00866	0.00848	0.01148	0.01754	0.03474	0.01963	0.66316	0.16334	0.00620	0.00730	0.00792	0.00339	0.00376
2	0.00688	0.00580	0.00597	0.00593	0.00780	0.00488	0.00444	0.00845	0.01333	0.01615	0.12352	0.05390	0.69497	0.01423	0.00676	0.00192	0.00288	0.01191	0.00540	0.00488
3	0.02000	0.01111	0.07226	0.01319	0.10958	0.00888	0.00996	0.02268	0.01529	0.48720	0.07962	0.02329	0.08529	0.00774	0.00589	0.00178	0.00504	0.00649	0.00595	0.00876
4	0.01543	0.12726	0.06085	0.01990	0.16297	0.09880	0.21256	0.01863	0.01327	0.08672	0.01248	0.01693	0.01035	0.00635	0.00674	0.00180	0.06588	0.05201	0.00332	0.00776
5	0.01423	0.01229	0.01293	0.01164	0.01487	0.01423	0.00905	0.03039	0.75297	0.02393	0.02328	0.02134	0.01746	0.00776	0.00582	0.00194	0.00453	0.00647	0.00582	0.00905
6	0.83938	0.01106	0.00841	0.00752	0.01106	0.01283	0.00619	0.01681	0.00973	0.02566	0.00796	0.00929	0.00619	0.00531	0.00354	0.00177	0.00442	0.00310	0.00354	0.00619
7	0.00701	0.00588	0.00615	0.00628	0.00815	0.00501	0.00485	0.00858	0.01305	0.01562	0.05509	0.05602	0.68592	0.01462	0.00688	0.00200	0.00314	0.08555	0.00531	0.00487
8	0.02001	0.04789	0.03494	0.09174	0.01875	0.03338	0.07821	0.08890	0.04951	0.38831	0.01809	0.01842	0.01249	0.00674	0.00568	0.00177	0.00591	0.02178	0.04887	0.00860
9	0.01356	0.13801	0.35281	0.02010	0.19481	0.01469	0.09204	0.01868	0.03729	0.04935	0.01112	0.01309	0.00846	0.00536	0.00539	0.00171	0.00756	0.00465	0.00288	0.00843

[dist]
# distance from previous block
# <min> <max>
0	3

[block]
# block no. 6 follows, 41 sequences, length 8
# corresponding to MSA columns:
# 371-378
name=unknown_G
#
# <colnr> <probs for GDERKNQSTAVLIFYWHMCP>
#	G	D	E	R	K	N	Q	S	T	A	V	L	I	F	Y	W	H	M	C	P
0	0.00806	0.00634	0.00865	0.00803	0.00969	0.00577	0.04559	0.01045	0.01474	0.01996	0.45600	0.09641	0.22047	0.01266	0.00686	0.00192	0.00332	0.05400	0.00574	0.00533
1	0.01080	0.01017	0.01716	0.78523	0.03940	0.01271	0.01589	0.01461	0.01144	0.01461	0.01017	0.01525	0.00762	0.00572	0.00572	0.00191	0.00762	0.00508	0.00254	0.00635
2	0.23716	0.27360	0.11974	0.03396	0.01696	0.04427	0.05648	0.04949	0.01258	0.09359	0.01029	0.01142	0.00789	0.00544	0.00447	0.00160	0.00628	0.00390	0.00339	0.00749
3	0.06633	0.01214	0.04029	0.03165	0.01538	0.04193	0.00912	0.16298	0.06450	0.36487	0.06682	0.02085	0.06216	0.00759	0.00572	0.00178	0.00526	0.00606	0.00592	0.00865
4	0.09554	0.04037	0.00934	0.00805	0.01023	0.00789	0.00630	0.03423	0.05922	0.08612	0.25513	0.13188	0.17218	0.01152	0.00625	0.00191	0.00368	0.04857	0.00551	0.00608
5	0.01520	0.06198	0.10369	0.01110	0.03257	0.05506	0.00962	0.01811	0.03346	0.24132	0.06828	0.16690	0.05243	0.01025	0.00619	0.00194	0.00530	0.09416	0.00517	0.00727
6	0.01287	0.10651	0.60516	0.01569	0.02338	0.01400	0.05954	0.01864	0.01238	0.06470	0.01087	0.01243	0.00777	0.00545	0.00535	0.00176	0.00806	0.00434	0.00274	0.00838
7	0.01654	0.21354	0.20710	0.01628	0.12273	0.06323	0.05489	0.04174	0.03732	0.15541	0.01253	0.01343	0.00928	0.00567	0.00516	0.00163	0.00698	0.00455	0.00361	0.00840

[dist]
# distance from previous block
# <min> <max>
0	1

[block]
# block no. 7 follows, 41 sequences, length 39
# corresponding to MSA columns:
# 380-418
name=unknown_H
#
# <colnr> <probs for GDERKNQSTAVLIFYWHMCP>
#	G	D	E	R	K	N	Q	S	T	A	V	L	I	F	Y	W	H	M	C	P
0	0.06249	0.08123	0.18125	0.10552	0.01978	0.05060	0.01233	0.10468	0.01496	0.23932	0.01519	0.06264	0.01145	0.00686	0.00545	0.00176	0.00641	0.00544	0.00445	0.00818
1	0.05321	0.03357	0.11513	0.02136	0.28231	0.11357	0.07811	0.03612	0.02838	0.07025	0.01272	0.06195	0.01069	0.00621	0.00556	0.00170	0.00705	0.00548	0.00343	0.05320
2	0.01411	0.01342	0.02390	0.03014	0.53248	0.01324	0.15778	0.03446	0.01353	0.03578	0.01265	0.01812	0.01082	0.00589	0.00604	0.00181	0.00719	0.05692	0.00318	0.00856
3	0.06210	0.01414	0.01896	0.09276	0.26953	0.01529	0.03537	0.32656	0.06425	0.02637	0.01261	0.01430	0.00956	0.00607	0.00562	0.00175	0.00648	0.00514	0.00426	0.00889
4	0.10345	0.01117	0.01123	0.00967	0.01275	0.10230	0.00758	0.07329	0.03203	0.28341	0.08000	0.11902	0.11149	0.00936	0.00584	0.00182	0.00498	0.00763	0.00558	0.00740
5	0.01534	0.01332	0.02201	0.11794	0.48613	0.01362	0.07512	0.09462	0.01458	0.07399	0.01192	0.01473	0.00930	0.00548	0.00577	0.00175	0.00693	0.00528	0.00341	0.00875
6	0.01557	0.01447	0.02803	0.02036	0.02565	0.01390	0.53030	0.09355	0.05554	0.10318	0.01469	0.01692	0.02688	0.00566	0.00648	0.00189	0.00834	0.00658	0.00386	0.00815
7	0.01398	0.01269	0.02168	0.13656	0.50440	0.01292	0.07522	0.03371	0.01332	0.05387	0.01337	0.01736	0.03254	0.00589	0.00586	0.00178	0.00688	0.02638	0.00321	0.00838
8	0.05615	0.01496	0.01442	0.01260	0.01578	0.24124	0.05989	0.06121	0.01551	0.21188	0.01858	0.04420	0.01624	0.00885	0.00610	0.00191	0.00697	0.18139	0.00482	0.00728
9	0.01080	0.01017	0.01716	0.78523	0.03940	0.01271	0.01589	0.01461	0.01144	0.01461	0.01017	0.01525	0.00762	0.00572	0.00572	0.00191	0.00762	0.00508	0.00254	0.00635
10	0.05703	0.29647	0.24379	0.01191	0.01729	0.01569	0.01269	0.08485	0.01359	0.09181	0.01306	0.05388	0.01112	0.00674	0.00500	0.00166	0.00643	0.04561	0.00355	0.00782
11	0.01072	0.01007	0.01679	0.71112	0.06812	0.01232	0.01533	0.01439	0.01159	0.01483	0.01280	0.01738	0.04882	0.00617	0.00577	0.00190	0.00733	0.00547	0.00271	0.00638
12	0.00845	0.00610	0.00814	0.00831	0.00966	0.00579	0.00668	0.01110	0.01510	0.02080	0.49703	0.05041	0.06098	0.01315	0.00714	0.00209	0.00358	0.25423	0.00593	0.00534
13	0.01920	0.01344	0.02015	0.06107	0.08147	0.06058	0.18574	0.09907	0.01562	0.29687	0.01523	0.01607	0.01061	0.00644	0.00700	0.00185	0.07073	0.00564	0.00469	0.00852
14	0.10029	0.01026	0.01149	0.00837	0.01329	0.00818	0.00672	0.01466	0.01163	0.01939	0.00993	0.01159	0.00823	0.00435	0.00416	0.00095	0.00426	0.00336	0.00340	0.74549
15	0.01380	0.01322	0.02257	0.11527	0.68594	0.01350	0.01738	0.01724	0.01285	0.01825	0.01070	0.01427	0.00891	0.00516	0.00567	0.00172	0.00688	0.00509	0.00280	0.00877
16	0.09715	0.00651	0.00823	0.00927	0.01050	0.00657	0.00750	0.01105	0.01212	0.01732	0.04461	0.30369	0.03218	0.01530	0.00721	0.00242	0.00446	0.39364	0.00512	0.00516
17	0.72562	0.01110	0.00943	0.00828	0.01159	0.01296	0.00684	0.01719	0.01003	0.06691	0.00876	0.01013	0.00676	0.00579	0.00491	0.00183	0.06840	0.00340	0.00366	0.00640
18	0.10253	0.01041	0.01582	0.44633	0.10835	0.01175	0.01325	0.01764	0.01254	0.16375	0.03513	0.01615	0.01031	0.00606	0.00552	0.00184	0.00651	0.00516	0.00368	0.00726
19	0.00777	0.00596	0.00722	0.00746	0.00899	0.00541	0.00588	0.00986	0.01393	0.01808	0.26294	0.08871	0.33746	0.01412	0.00706	0.00208	0.00343	0.18296	0.00560	0.00510
20	0.01573	0.76907	0.02927	0.00980	0.01468	0.02203	0.00973	0.01758	0.01182	0.04517	0.00857	0.00961	0.00763	0.00499	0.00376	0.00125	0.00606	0.00317	0.00264	0.00744
21	0.00724	0.00581	0.00646	0.00630	0.00802	0.00503	0.00472	0.00914	0.01417	0.01814	0.30970	0.05063	0.50755	0.01349	0.00676	0.00188	0.00283	0.01145	0.00566	0.00503
22	0.01582	0.73828	0.02893	0.01006	0.01493	0.02223	0.00988	0.07643	0.01287	0.01530	0.00842	0.00955	0.00754	0.00505	0.00384	0.00126	0.00613	0.00323	0.00271	0.00754
23	0.00817	0.00611	0.00912	0.00912	0.01011	0.00711	0.00706	0.01017	0.00917	0.01322	0.01539	0.02284	0.01446	0.06177	0.75767	0.00910	0.01508	0.00618	0.00307	0.00507
24	0.01395	0.07935	0.05831	0.17930	0.09590	0.05359	0.37028	0.01799	0.01307	0.04646	0.01115	0.01452	0.00848	0.00521	0.00601	0.00181	0.00848	0.00565	0.00293	0.00758
25	0.01033	0.00798	0.00946	0.00861	0.01060	0.00824	0.00659	0.05344	0.20097	0.02386	0.53758	0.03589	0.04256	0.01046	0.00646	0.00183	0.00334	0.00911	0.00615	0.00653
26	0.00708	0.00506	0.00677	0.00810	0.00848	0.00475	0.00551	0.00816	0.01107	0.01473	0.03146	0.75765	0.03758	0.01781	0.00733	0.00234	0.00342	0.05272	0.00531	0.00468
27	0.01172	0.01376	0.10872	0.01512	0.01695	0.01483	0.09149	0.01415	0.00975	0.01470	0.00967	0.01455	0.00881	0.01475	0.15060	0.00355	0.47248	0.00530	0.00263	0.00648
28	0.01594	0.55645	0.14201	0.01118	0.01657	0.01992	0.01159	0.09708	0.01360	0.05543	0.00969	0.01065	0.00794	0.00530	0.00427	0.00140	0.00643	0.00361	0.00304	0.00790
29	0.02566	0.00973	0.01327	0.01018	0.01460	0.00841	0.00841	0.02788	0.01637	0.76726	0.02257	0.01947	0.01416	0.00708	0.00575	0.00177	0.00487	0.00575	0.00708	0.00973
30	0.00832	0.00555	0.00624	0.00624	0.00624	0.00555	0.00347	0.00832	0.00832	0.01109	0.01802	0.03743	0.02080	0.79898	0.02911	0.00555	0.00555	0.00832	0.00347	0.00347
31	0.00826	0.00552	0.00625	0.00631	0.00632	0.00551	0.00354	0.00830	0.00842	0.01123	0.01855	0.06727	0.02147	0.76822	0.02825	0.00542	0.00546	0.00863	0.00354	0.00351
32	0.01267	0.01250	0.02220	0.32088	0.32800	0.01361	0.12947	0.01633	0.01224	0.01678	0.01047	0.01468	0.00836	0.00557	0.00660	0.00186	0.05206	0.00534	0.00271	0.00765
33	0.01024	0.00979	0.05117	0.01139	0.01217	0.01134	0.00938	0.01162	0.00893	0.01320	0.01195	0.01979	0.01187	0.13903	0.27006	0.05498	0.32908	0.00583	0.00283	0.00535
34	0.01315	0.01471	0.03175	0.02300	0.02842	0.01382	0.68272	0.01779	0.01347	0.01822	0.01310	0.01943	0.01066	0.00572	0.00684	0.00199	0.00929	0.06531	0.00309	0.00751
35	0.01449	0.01293	0.01355	0.07492	0.01709	0.05034	0.00976	0.04833	0.63761	0.02303	0.02126	0.02011	0.01597	0.00748	0.00578	0.00191	0.00510	0.00619	0.00541	0.00874
36	0.01416	0.01359	0.02322	0.03511	0.76330	0.01359	0.01755	0.01755	0.01302	0.01869	0.01076	0.01416	0.00906	0.00510	0.00566	0.00170	0.00680	0.00510	0.00283	0.00906
37	0.01252	0.01015	0.01193	0.00855	0.01360	0.00766	0.00685	0.01504	0.01207	0.05416	0.01075	0.01222	0.00874	0.00437	0.00431	0.00089	0.00427	0.00350	0.00356	0.79484
38	0.01495	0.04815	0.05521	0.06171	0.25430	0.01211	0.02299	0.05329	0.07617	0.11133	0.03574	0.01549	0.01138	0.00580	0.00558	0.00156	0.02043	0.00498	0.00391	0.18493

[dist]
# distance from previous block
# <min> <max>
1	7

[block]
# block no. 8 follows, 41 sequences, length 14
# corresponding to MSA columns:
# 426-439
name=unknown_I
#
# <colnr> <probs for GDERKNQSTAVLIFYWHMCP>
#	G	D	E	R	K	N	Q	S	T	A	V	L	I	F	Y	W	H	M	C	P
0	0.00970	0.00796	0.01078	0.00996	0.01077	0.00895	0.03188	0.03579	0.01072	0.01491	0.05078	0.27041	0.05449	0.16735	0.01484	0.04063	0.19750	0.00976	0.00402	0.03878
1	0.83938	0.01106	0.00841	0.00752	0.01106	0.01283	0.00619	0.01681	0.00973	0.02566	0.00796	0.00929	0.00619	0.00531	0.00354	0.00177	0.00442	0.00310	0.00354	0.00619
2	0.01410	0.56038	0.26153	0.01183	0.01784	0.01970	0.01334	0.01744	0.01176	0.01492	0.00868	0.01008	0.00731	0.00506	0.00422	0.00141	0.00685	0.00342	0.00244	0.00769
3	0.00765	0.00570	0.00719	0.00797	0.00877	0.00547	0.00553	0.01004	0.06643	0.01656	0.13874	0.57512	0.09130	0.01602	0.00707	0.00219	0.00329	0.01438	0.00549	0.00509
4	0.00817	0.00613	0.00919	0.00919	0.01021	0.00715	0.00715	0.01021	0.00919	0.01328	0.01532	0.02247	0.01430	0.04290	0.77631	0.00919	0.01532	0.00613	0.00306	0.00511
5	0.00818	0.00609	0.00898	0.00898	0.00993	0.00703	0.00688	0.01008	0.00913	0.01312	0.01552	0.02355	0.01477	0.09731	0.72255	0.00893	0.01462	0.00629	0.00309	0.00499
6	0.01147	0.02959	0.76934	0.01630	0.02476	0.01328	0.02113	0.01811	0.01208	0.01811	0.01026	0.01208	0.00725	0.00543	0.00543	0.00181	0.00845	0.00423	0.00242	0.00845
7	0.83938	0.01106	0.00841	0.00752	0.01106	0.01283	0.00619	0.01681	0.00973	0.02566	0.00796	0.00929	0.00619	0.00531	0.00354	0.00177	0.00442	0.00310	0.00354	0.00619
8	0.01364	0.01292	0.02192	0.06798	0.67518	0.01304	0.01687	0.01700	0.01296	0.01838	0.01215	0.01787	0.01073	0.00590	0.00583	0.00178	0.00672	0.05746	0.00300	0.00866
9	0.01178	0.09250	0.70915	0.01577	0.02394	0.01404	0.02021	0.01803	0.01204	0.01774	0.01008	0.01184	0.00725	0.00539	0.00529	0.00176	0.00826	0.00413	0.00242	0.00836
10	0.00954	0.00676	0.00801	0.00781	0.00856	0.00711	0.00525	0.06959	0.04423	0.01461	0.01938	0.11488	0.02103	0.47756	0.13239	0.00516	0.00674	0.03276	0.00396	0.00466
11	0.01147	0.02959	0.76934	0.01630	0.02476	0.01328	0.02113	0.01811	0.01208	0.01811	0.01026	0.01208	0.00725	0.00543	0.00543	0.00181	0.00845	0.00423	0.00242	0.00845
12	0.01126	0.00887	0.01144	0.01143	0.07264	0.04268	0.04025	0.01542	0.09402	0.06982	0.42841	0.03593	0.06211	0.01026	0.00651	0.00186	0.00422	0.06079	0.00560	0.00650
13	0.01511	0.17054	0.02257	0.09448	0.30880	0.04872	0.05074	0.06672	0.04537	0.04337	0.01098	0.01350	0.00894	0.00583	0.00638	0.00170	0.07015	0.00479	0.00318	0.00813

[dist]
# distance from previous block
# <min> <max>
2	4

[block]
# block no. 9 follows, 41 sequences, length 18
# corresponding to MSA columns:
# 444-461
name=unknown_J
#
# <colnr> <probs for GDERKNQSTAVLIFYWHMCP>
#	G	D	E	R	K	N	Q	S	T	A	V	L	I	F	Y	W	H	M	C	P
0	0.04236	0.03574	0.18412	0.06663	0.06820	0.06209	0.01266	0.05476	0.13881	0.06088	0.04362	0.02151	0.07386	0.00782	0.00670	0.00189	0.06364	0.04302	0.00405	0.00764
