[name]
unknown

[dist]
# distance from previous block
# <min> <max>
0	244

[block]
# block no. 0 follows, 38 sequences, length 75
# corresponding to MSA columns:
# 525-599
name=unknown_A
#
# <colnr> <probs for GDERKNQSTAVLIFYWHMCP>
#	G	D	E	R	K	N	Q	S	T	A	V	L	I	F	Y	W	H	M	C	P
0	0.01118	0.05041	0.01197	0.01150	0.01326	0.00933	0.01005	0.06442	0.01453	0.01902	0.02797	0.05776	0.02989	0.01498	0.00856	0.00261	0.04972	0.58152	0.00525	0.00605
1	0.07246	0.01076	0.01335	0.00982	0.01480	0.00875	0.04617	0.01670	0.01312	0.09101	0.05393	0.01510	0.01206	0.00530	0.00485	0.00117	0.00475	0.00439	0.00409	0.59743
2	0.01720	0.01999	0.01747	0.14748	0.02180	0.38192	0.03373	0.01933	0.01390	0.01517	0.00971	0.01304	0.00825	0.00861	0.04139	0.00218	0.16777	0.00461	0.00296	0.05351
3	0.01601	0.01525	0.01953	0.01510	0.01971	0.12853	0.19689	0.07116	0.08798	0.06037	0.03052	0.01864	0.01266	0.00648	0.00594	0.00165	0.00718	0.04563	0.00418	0.23659
4	0.01143	0.01083	0.01848	0.75553	0.04118	0.01341	0.03440	0.01547	0.01208	0.01547	0.01073	0.01604	0.00805	0.00599	0.00604	0.00201	0.00807	0.00539	0.00268	0.00672
5	0.01099	0.00670	0.00842	0.04892	0.01009	0.00670	0.00555	0.01191	0.01077	0.09806	0.07185	0.03705	0.02315	0.53165	0.05560	0.00491	0.00609	0.04240	0.00431	0.00487
6	0.01247	0.01069	0.01247	0.00891	0.01426	0.00802	0.00713	0.01515	0.01247	0.01960	0.01069	0.01247	0.00891	0.00446	0.00446	0.00089	0.00446	0.00356	0.00356	0.82536
7	0.01448	0.01530	0.06504	0.06490	0.53394	0.01441	0.13202	0.01908	0.04520	0.01961	0.01197	0.01536	0.00968	0.00548	0.00614	0.00185	0.00765	0.00565	0.00309	0.00914
8	0.00775	0.00600	0.00678	0.00679	0.00841	0.00527	0.00501	0.00968	0.01446	0.01887	0.27072	0.13303	0.42287	0.01437	0.00705	0.00201	0.00302	0.01232	0.04033	0.00527
9	0.01390	0.12367	0.44076	0.01898	0.11065	0.01586	0.07439	0.06977	0.01387	0.01970	0.01081	0.01299	0.00818	0.00583	0.00615	0.00184	0.03629	0.00470	0.00289	0.00877
10	0.00747	0.00608	0.00661	0.00654	0.00836	0.00522	0.00488	0.00931	0.01447	0.01820	0.23272	0.07975	0.55015	0.01462	0.00713	0.00201	0.00301	0.01239	0.00585	0.00522
11	0.01118	0.01300	0.09277	0.07037	0.04217	0.04672	0.22526	0.01445	0.01318	0.01754	0.06434	0.30287	0.03787	0.01101	0.00698	0.00213	0.00677	0.01054	0.00417	0.00667
12	0.01603	0.09862	0.38910	0.01556	0.02219	0.01671	0.03503	0.24678	0.01748	0.02436	0.01160	0.01308	0.00852	0.00641	0.00649	0.00186	0.05272	0.00475	0.00368	0.00905
13	0.00961	0.00780	0.00850	0.00879	0.01020	0.04633	0.00645	0.06667	0.01439	0.01845	0.11514	0.38736	0.19483	0.01558	0.00729	0.00222	0.00411	0.06510	0.00560	0.00559
14	0.01425	0.01730	0.20428	0.29231	0.11230	0.03202	0.04759	0.09411	0.01461	0.06013	0.01292	0.04841	0.01013	0.00659	0.00604	0.00193	0.00779	0.00572	0.00345	0.00813
15	0.01452	0.31550	0.19378	0.01267	0.01868	0.01632	0.05963	0.01881	0.05111	0.04360	0.01111	0.01250	0.00888	0.00535	0.00484	0.00145	0.00665	0.00413	0.00318	0.19729
16	0.01656	0.34175	0.02444	0.01367	0.01696	0.11437	0.04265	0.08847	0.01357	0.01691	0.00910	0.01166	0.00809	0.00717	0.00938	0.00182	0.24854	0.00433	0.00302	0.00754
17	0.01184	0.01317	0.14215	0.01137	0.01440	0.01077	0.04815	0.04774	0.20180	0.01812	0.01828	0.02721	0.01695	0.33604	0.05321	0.00396	0.00685	0.00714	0.00415	0.00670
18	0.00862	0.00629	0.00733	0.00764	0.00937	0.00557	0.00589	0.01036	0.01364	0.05258	0.07340	0.18438	0.43933	0.01563	0.00737	0.00222	0.00366	0.13561	0.00570	0.00540
19	0.01494	0.01339	0.02127	0.18149	0.32673	0.01422	0.08753	0.11796	0.06342	0.02184	0.01318	0.01624	0.01028	0.00603	0.00598	0.00185	0.00709	0.00565	0.06231	0.00861
20	0.00875	0.00583	0.00656	0.00656	0.00656	0.00583	0.00365	0.00875	0.00875	0.01166	0.01895	0.03937	0.02187	0.78858	0.03062	0.00583	0.00583	0.00875	0.00365	0.00365
21	0.01075	0.03490	0.45579	0.01333	0.01941	0.01120	0.01562	0.01635	0.04492	0.01919	0.11089	0.06530	0.13975	0.00890	0.00621	0.00195	0.00667	0.00736	0.00386	0.00766
22	0.00747	0.00539	0.00707	0.00816	0.00873	0.00499	0.00555	0.00876	0.01232	0.01650	0.12439	0.65633	0.07635	0.01785	0.00758	0.00235	0.00339	0.01611	0.00571	0.00499
23	0.01945	0.01446	0.01707	0.06898	0.05846	0.01615	0.01156	0.47557	0.03695	0.06214	0.01456	0.01643	0.01103	0.03022	0.07932	0.00271	0.04498	0.00564	0.00519	0.00912
24	0.06010	0.23560	0.44531	0.01576	0.06105	0.01683	0.01748	0.01846	0.01233	0.01800	0.00990	0.01184	0.00770	0.00574	0.00572	0.00176	0.04127	0.00413	0.00264	0.00837
25	0.01531	0.01309	0.01380	0.01231	0.01577	0.01512	0.00960	0.06228	0.70932	0.02572	0.02405	0.02210	0.01801	0.00812	0.00612	0.00203	0.00484	0.00674	0.00612	0.00955
26	0.01608	0.79220	0.03152	0.01029	0.01544	0.02380	0.01029	0.01801	0.01222	0.01415	0.00836	0.00965	0.00772	0.00515	0.00386	0.00129	0.00643	0.00322	0.00257	0.00772
27	0.01593	0.00955	0.01134	0.00991	0.01295	0.00966	0.00785	0.02322	0.25129	0.21301	0.17068	0.02874	0.02551	0.00903	0.00614	0.00189	0.00426	0.04734	0.10460	0.03712
28	0.02287	0.01685	0.01805	0.01384	0.01866	0.01866	0.01143	0.73100	0.02828	0.03791	0.01444	0.01444	0.01023	0.00722	0.00602	0.00181	0.00662	0.00542	0.00602	0.01023
29	0.00924	0.00681	0.00881	0.00868	0.01024	0.00662	0.00685	0.01308	0.06820	0.02284	0.53681	0.04842	0.04909	0.01296	0.00730	0.00210	0.00358	0.16613	0.00635	0.00592
30	0.02699	0.01024	0.01396	0.01070	0.01536	0.00884	0.00884	0.02932	0.01722	0.75522	0.02373	0.02048	0.01489	0.00745	0.00605	0.00186	0.00512	0.00605	0.00745	0.01024
31	0.02247	0.02867	0.01705	0.01550	0.01860	0.76443	0.01162	0.02402	0.01705	0.01472	0.00930	0.01085	0.00775	0.00620	0.00542	0.00155	0.01085	0.00387	0.00310	0.00697
32	0.02312	0.01215	0.01462	0.01168	0.01604	0.01224	0.00950	0.15971	0.20602	0.43404	0.02221	0.01987	0.01493	0.00759	0.00606	0.00190	0.00530	0.00613	0.00684	0.01005
33	0.00729	0.00554	0.00673	0.00762	0.00854	0.00497	0.00526	0.00854	0.01238	0.01589	0.06240	0.53142	0.26671	0.01751	0.00748	0.00230	0.00333	0.01552	0.00561	0.00497
34	0.01136	0.01069	0.01804	0.77412	0.04143	0.01337	0.01671	0.01537	0.01203	0.01537	0.01069	0.01604	0.00802	0.00601	0.00601	0.00200	0.00802	0.00535	0.00267	0.00668
35	0.01136	0.01069	0.01804	0.77412	0.04143	0.01337	0.01671	0.01537	0.01203	0.01537	0.01069	0.01604	0.00802	0.00601	0.00601	0.00200	0.00802	0.00535	0.00267	0.00668
36	0.00905	0.00674	0.00825	0.00796	0.00963	0.00645	0.00612	0.01283	0.07501	0.02240	0.49081	0.04615	0.15420	0.01257	0.00700	0.00198	0.00327	0.07299	0.04071	0.00588
37	0.00934	0.00673	0.00926	0.01057	0.01190	0.00664	0.00905	0.01189	0.01363	0.01767	0.03354	0.13124	0.07365	0.01674	0.00819	0.00270	0.00522	0.61103	0.00555	0.00546
38	0.00721	0.00610	0.00623	0.00620	0.00819	0.00512	0.00465	0.00883	0.01395	0.01682	0.11022	0.05696	0.69899	0.01502	0.00711	0.00202	0.00303	0.01257	0.00566	0.00512
39	0.11926	0.01093	0.01370	0.01063	0.01519	0.01017	0.00878	0.08455	0.01731	0.61353	0.02122	0.01876	0.01355	0.00721	0.00578	0.00186	0.00519	0.00568	0.00690	0.00981
40	0.01242	0.09898	0.69269	0.01654	0.02509	0.01485	0.02116	0.01896	0.01266	0.01861	0.01058	0.01243	0.00763	0.00566	0.00555	0.00185	0.00867	0.00434	0.00254	0.00879
41	0.00888	0.00654	0.00836	0.00783	0.00937	0.00621	0.00590	0.01253	0.05829	0.02418	0.70660	0.04365	0.05457	0.01206	0.00704	0.00190	0.00295	0.01065	0.00659	0.00590
42	0.01178	0.00990	0.01170	0.00868	0.01334	0.00761	0.00688	0.01449	0.01327	0.02039	0.13921	0.01813	0.01725	0.00582	0.00492	0.00107	0.00417	0.00484	0.00410	0.68246
43	0.01532	0.01279	0.01347	0.01198	0.01537	0.01469	0.00936	0.08109	0.64760	0.02592	0.02349	0.02187	0.01761	0.00803	0.00600	0.00199	0.00478	0.00663	0.05267	0.00935
44	0.00792	0.00566	0.00766	0.00906	0.00967	0.00540	0.00662	0.00941	0.01210	0.01602	0.03283	0.60419	0.03849	0.01829	0.00784	0.00253	0.00401	0.19169	0.00557	0.00505
45	0.02677	0.01059	0.01418	0.01087	0.01553	0.00936	0.00898	0.06634	0.01780	0.71738	0.02324	0.02016	0.01465	0.00743	0.00605	0.00186	0.00520	0.00602	0.00737	0.01024
46	0.00718	0.00610	0.00619	0.00617	0.00817	0.00511	0.00462	0.00877	0.01387	0.01663	0.09431	0.05727	0.71501	0.01509	0.00711	0.00202	0.00304	0.01261	0.00564	0.00511
47	0.01608	0.79220	0.03152	0.01029	0.01544	0.02380	0.01029	0.01801	0.01222	0.01415	0.00836	0.00965	0.00772	0.00515	0.00386	0.00129	0.00643	0.00322	0.00257	0.00772
48	0.00793	0.05022	0.00850	0.00860	0.00927	0.00605	0.00603	0.00910	0.01166	0.01540	0.03169	0.70930	0.03773	0.01797	0.00749	0.00239	0.00375	0.04643	0.00541	0.00508
49	0.00851	0.00615	0.00804	0.00757	0.00899	0.00568	0.00568	0.01135	0.01703	0.02412	0.74788	0.04494	0.05676	0.01230	0.00710	0.00189	0.00284	0.01088	0.00662	0.00568
50	0.01732	0.02034	0.25187	0.01446	0.02020	0.01618	0.01435	0.31805	0.21342	0.02851	0.01597	0.01603	0.01157	0.00699	0.00595	0.00190	0.00685	0.00548	0.00494	0.00962
51	0.00800	0.00600	0.00661	0.00656	0.00763	0.00554	0.00438	0.00903	0.01182	0.01505	0.11401	0.04760	0.34346	0.34620	0.03968	0.00387	0.00460	0.01063	0.00480	0.00454
52	0.01279	0.02566	0.53571	0.01649	0.02295	0.01496	0.01928	0.01865	0.03763	0.03566	0.01089	0.01334	0.00824	0.00700	0.00911	0.00208	0.19360	0.00476	0.00281	0.00839
53	0.01203	0.11975	0.34505	0.01230	0.01786	0.04369	0.01376	0.01623	0.01373	0.04577	0.10923	0.02663	0.18268	0.00867	0.00596	0.00184	0.00647	0.00696	0.00393	0.00746
54	0.02247	0.02867	0.01705	0.01550	0.01860	0.76443	0.01162	0.02402	0.01705	0.01472	0.00930	0.01085	0.00775	0.00620	0.00542	0.00155	0.01085	0.00387	0.00310	0.00697
55	0.01686	0.01386	0.01467	0.01263	0.01637	0.01585	0.00998	0.19965	0.56942	0.02822	0.02208	0.02053	0.01641	0.00794	0.00610	0.00198	0.00521	0.00647	0.00610	0.00969
56	0.02121	0.01603	0.01712	0.01351	0.01803	0.01788	0.01103	0.58472	0.17725	0.03525	0.01654	0.01612	0.01193	0.00742	0.00604	0.00185	0.00623	0.00571	0.00604	0.01008
57	0.00989	0.00645	0.00805	0.00739	0.00915	0.00591	0.00560	0.01270	0.01596	0.04934	0.54529	0.03805	0.04489	0.01070	0.00637	0.00174	0.00300	0.00931	0.15761	0.05260
58	0.00789	0.00584	0.00747	0.00846	0.00944	0.00543	0.00629	0.00953	0.01285	0.01674	0.08962	0.43176	0.17961	0.01718	0.00766	0.00239	0.00380	0.16726	0.00565	0.00512
59	0.01653	0.05974	0.01799	0.01461	0.01787	0.25261	0.09707	0.02406	0.27695	0.01906	0.01713	0.08476	0.01462	0.00809	0.00681	0.00191	0.05142	0.00655	0.00435	0.00786
60	0.01608	0.79220	0.03152	0.01029	0.01544	0.02380	0.01029	0.01801	0.01222	0.01415	0.00836	0.00965	0.00772	0.00515	0.00386	0.00129	0.00643	0.00322	0.00257	0.00772
61	0.01207	0.03112	0.75741	0.01715	0.02604	0.01397	0.02223	0.01905	0.01270	0.01905	0.01080	0.01270	0.00762	0.00572	0.00572	0.00191	0.00889	0.00445	0.00254	0.00889
62	0.00841	0.00611	0.00763	0.00763	0.00839	0.00633	0.00525	0.00947	0.00996	0.01332	0.02522	0.03675	0.14603	0.37734	0.29947	0.00660	0.00917	0.00858	0.00383	0.00454
63	0.00723	0.00561	0.00659	0.00738	0.00846	0.00497	0.00514	0.00849	0.01247	0.01575	0.04525	0.46843	0.34822	0.01728	0.00743	0.00226	0.00330	0.01518	0.00559	0.00497
64	0.02662	0.01083	0.01433	0.01098	0.01565	0.00972	0.00907	0.09189	0.01820	0.69126	0.02290	0.01994	0.01448	0.00743	0.00605	0.00186	0.00525	0.00599	0.00732	0.01024
65	0.01316	0.01316	0.01843	0.01579	0.01579	0.01843	0.01316	0.01448	0.00921	0.01448	0.00790	0.01316	0.00790	0.01053	0.01974	0.00263	0.77757	0.00526	0.00263	0.00658
66	0.01136	0.01069	0.01804	0.77412	0.04143	0.01337	0.01671	0.01537	0.01203	0.01537	0.01069	0.01604	0.00802	0.00601	0.00601	0.00200	0.00802	0.00535	0.00267	0.00668
67	0.00743	0.00531	0.00710	0.00849	0.00889	0.00497	0.00576	0.00855	0.01162	0.01547	0.03310	0.75357	0.03956	0.01875	0.00771	0.00246	0.00358	0.04717	0.00558	0.00491
68	0.83108	0.01163	0.00884	0.00791	0.01163	0.01350	0.00651	0.01768	0.01024	0.02699	0.00838	0.00977	0.00651	0.00558	0.00372	0.00186	0.00465	0.00326	0.00372	0.00651
69	0.00847	0.00605	0.00829	0.00968	0.01053	0.00587	0.00757	0.01035	0.01264	0.01664	0.03253	0.43806	0.03729	0.01777	0.00798	0.00260	0.00448	0.35242	0.00556	0.00520
70	0.00740	0.00614	0.00649	0.00651	0.00845	0.00524	0.00496	0.00913	0.01407	0.01719	0.13291	0.05703	0.63691	0.01499	0.00717	0.00206	0.00316	0.04932	0.00569	0.00517
71	0.01247	0.01069	0.01247	0.00891	0.01426	0.00802	0.00713	0.01515	0.01247	0.01960	0.01069	0.01247	0.00891	0.00446	0.00446	0.00089	0.00446	0.00356	0.00356	0.82536
72	0.00753	0.00558	0.00676	0.00754	0.00850	0.00504	0.00524	0.00895	0.01267	0.01667	0.10256	0.48054	0.24288	0.01675	0.00732	0.00223	0.00328	0.01482	0.04010	0.00504
73	0.05062	0.01470	0.01735	0.35479	0.14523	0.17117	0.01402	0.01816	0.01335	0.06139	0.01180	0.01634	0.00954	0.05542	0.02010	0.00223	0.00815	0.00522	0.00322	0.00720
74	0.00949	0.06267	0.00981	0.00829	0.00929	0.00793	0.00598	0.02618	0.01047	0.01447	0.04898	0.09167	0.02081	0.31908	0.29375	0.00623	0.00924	0.00810	0.03261	0.00497

[dist]
# distance from previous block
# <min> <max>
3	29

[block]
# block no. 1 follows, 38 sequences, length 6
# corresponding to MSA columns:
# 629-634
name=unknown_B
#
# <colnr> <probs for GDERKNQSTAVLIFYWHMCP>
#	G	D	E	R	K	N	Q	S	T	A	V	L	I	F	Y	W	H	M	C	P
0	0.07808	0.04345	0.07861	0.13609	0.14491	0.01397	0.10637	0.09215	0.06255	0.16323	0.01452	0.01602	0.01048	0.00623	0.00588	0.00188	0.00700	0.00551	0.00431	0.00877
1	0.01437	0.16350	0.10976	0.22472	0.07088	0.01386	0.01314	0.01872	0.05861	0.11203	0.12505	0.01968	0.01695	0.00704	0.00573	0.00181	0.00640	0.00585	0.00408	0.00781
2	0.00847	0.00572	0.00664	0.00691	0.00698	0.00565	0.00402	0.00868	0.00928	0.01238	0.02169	0.18305	0.02532	0.64019	0.02620	0.00518	0.00538	0.01036	0.00402	0.00388
3	0.01210	0.00882	0.01339	0.16091	0.15876	0.00900	0.01048	0.01496	0.01428	0.09301	0.23131	0.15130	0.02887	0.01003	0.00649	0.00195	0.00500	0.00898	0.05344	0.00693
4	0.01203	0.16176	0.08686	0.01064	0.01398	0.01213	0.00962	0.05150	0.01216	0.01678	0.01475	0.02348	0.01417	0.10641	0.19814	0.00413	0.03978	0.07562	0.00349	0.13259
5	0.01527	0.09095	0.01721	0.01260	0.01541	0.06338	0.05382	0.13078	0.08207	0.03800	0.01369	0.01909	0.01226	0.15796	0.01327	0.00263	0.16571	0.00578	0.00395	0.08615

[dist]
# distance from previous block
# <min> <max>
2	9

[block]
# block no. 2 follows, 38 sequences, length 19
# corresponding to MSA columns:
# 644-662
name=unknown_C
#
# <colnr> <probs for GDERKNQSTAVLIFYWHMCP>
#	G	D	E	R	K	N	Q	S	T	A	V	L	I	F	Y	W	H	M	C	P
0	0.06823	0.25788	0.36011	0.01468	0.02147	0.01750	0.06503	0.09447	0.01416	0.02011	0.01038	0.01201	0.00796	0.00565	0.00515	0.00171	0.00771	0.00428	0.00303	0.00847
1	0.07594	0.01290	0.01485	0.09583	0.01730	0.11076	0.01090	0.01701	0.01169	0.10851	0.01236	0.01678	0.01053	0.04451	0.15282	0.00370	0.26793	0.00539	0.00353	0.00676
2	0.01132	0.00882	0.10017	0.00706	0.00940	0.00666	0.00647	0.01465	0.01263	0.02200	0.01851	0.02120	0.01444	0.00685	0.00440	0.00147	0.00357	0.00546	0.71891	0.00602
3	0.01402	0.26943	0.09818	0.01144	0.01687	0.01462	0.04784	0.04918	0.01331	0.01848	0.01143	0.01510	0.00996	0.00569	0.00483	0.00134	0.00603	0.04525	0.00333	0.34368
4	0.01386	0.01407	0.01724	0.17839	0.10373	0.16874	0.08687	0.01609	0.01327	0.01637	0.10367	0.02000	0.01550	0.05634	0.01046	0.09906	0.05042	0.00611	0.00338	0.00642
5	0.01183	0.10455	0.00887	0.00620	0.00807	0.00790	0.00497	0.01452	0.01257	0.02139	0.01821	0.02082	0.01445	0.00677	0.00416	0.00139	0.00326	0.00531	0.71891	0.00587
6	0.07703	0.01599	0.10877	0.01272	0.01758	0.01459	0.01143	0.38661	0.02116	0.18796	0.01528	0.01550	0.01067	0.00799	0.00713	0.06327	0.00634	0.00527	0.00548	0.00924
7	0.00982	0.00636	0.00824	0.00763	0.00925	0.00586	0.00577	0.01262	0.01675	0.06854	0.65607	0.04197	0.05150	0.01166	0.00684	0.00186	0.00297	0.01024	0.06008	0.00595
8	0.01214	0.02100	0.39686	0.01550	0.05835	0.01260	0.01606	0.02029	0.18527	0.02000	0.01833	0.11602	0.01617	0.00868	0.00625	0.00206	0.00691	0.05518	0.00400	0.00834
9	0.00823	0.00561	0.00671	0.00722	0.00735	0.00549	0.00435	0.00861	0.00976	0.01301	0.02414	0.31126	0.02841	0.50778	0.02225	0.00460	0.00498	0.01180	0.00435	0.00410
10	0.01494	0.04087	0.25037	0.01691	0.11205	0.01392	0.04087	0.12485	0.14383	0.05702	0.10709	0.01940	0.01670	0.00719	0.00605	0.00188	0.00665	0.00606	0.00449	0.00887
11	0.00733	0.00524	0.00698	0.00838	0.00873	0.00489	0.00558	0.00838	0.01152	0.01536	0.03316	0.78466	0.03979	0.01885	0.00768	0.00244	0.00349	0.01710	0.00558	0.00489
12	0.11905	0.54120	0.02650	0.01252	0.06556	0.02116	0.01074	0.01756	0.01169	0.01620	0.00851	0.01047	0.00771	0.00590	0.00599	0.00156	0.10374	0.00363	0.00275	0.00755
13	0.00843	0.00615	0.00793	0.00748	0.00894	0.00564	0.00561	0.01119	0.01683	0.02366	0.70762	0.04570	0.09732	0.01247	0.00710	0.00190	0.00285	0.01099	0.00656	0.00564
14	0.01556	0.04475	0.08434	0.15990	0.07112	0.05004	0.06698	0.10862	0.13757	0.05943	0.03410	0.01675	0.01185	0.00718	0.00773	0.00198	0.10405	0.00568	0.00407	0.00829
15	0.01532	0.01004	0.01083	0.00977	0.01172	0.10254	0.00726	0.01669	0.01228	0.20967	0.01784	0.02525	0.01576	0.23029	0.24303	0.03505	0.00937	0.00660	0.00442	0.00630
16	0.01571	0.51409	0.14269	0.01383	0.06115	0.02052	0.04539	0.07139	0.01368	0.01739	0.00960	0.01116	0.00809	0.00538	0.00460	0.00147	0.00699	0.00388	0.00290	0.03007
17	0.02988	0.13489	0.15728	0.01411	0.03957	0.03544	0.06868	0.14907	0.06180	0.12978	0.10456	0.01849	0.01603	0.00706	0.00581	0.00179	0.00659	0.00581	0.00470	0.00866
18	0.23121	0.01263	0.04237	0.10079	0.13227	0.01308	0.01106	0.12687	0.07100	0.05148	0.13236	0.01919	0.01716	0.00721	0.00557	0.00188	0.00561	0.00581	0.00458	0.00789

[dist]
# distance from previous block
# <min> <max>
4	28

[block]
# block no. 3 follows, 38 sequences, length 6
# corresponding to MSA columns:
# 691-696
name=unknown_D
#
# <colnr> <probs for GDERKNQSTAVLIFYWHMCP>
#	G	D	E	R	K	N	Q	S	T	A	V	L	I	F	Y	W	H	M	C	P
0	0.01496	0.01292	0.01360	0.01224	0.01564	0.01496	0.00952	0.03197	0.74019	0.02516	0.02448	0.02244	0.01836	0.00816	0.00612	0.00204	0.00476	0.00680	0.00612	0.00952
1	0.02172	0.01628	0.01741	0.01361	0.01822	0.01812	0.01116	0.62919	0.13197	0.03606	0.01591	0.01561	0.01142	0.00736	0.00603	0.00184	0.00635	0.00562	0.00603	0.01013
2	0.01458	0.10734	0.22838	0.09168	0.05802	0.04136	0.07344	0.04314	0.05241	0.09649	0.01814	0.06376	0.07042	0.00753	0.00594	0.00188	0.00713	0.00637	0.00389	0.00811
3	0.02076	0.37062	0.02312	0.01157	0.01636	0.07814	0.01028	0.17453	0.01730	0.20311	0.01356	0.01346	0.01004	0.00625	0.00499	0.00156	0.00650	0.00444	0.00456	0.00882
4	0.00733	0.00524	0.00698	0.00838	0.00873	0.00489	0.00558	0.00838	0.01152	0.01536	0.03316	0.78466	0.03979	0.01885	0.00768	0.00244	0.00349	0.01710	0.00558	0.00489
5	0.01159	0.01283	0.09841	0.19819	0.24847	0.01135	0.04397	0.01526	0.01365	0.01877	0.13772	0.06442	0.08359	0.00827	0.00637	0.00193	0.00640	0.00750	0.00383	0.00746

[dist]
# distance from previous block
# <min> <max>
0	5

[block]
# block no. 4 follows, 38 sequences, length 15
# corresponding to MSA columns:
# 702-716
name=unknown_E
#
# <colnr> <probs for GDERKNQSTAVLIFYWHMCP>
#	G	D	E	R	K	N	Q	S	T	A	V	L	I	F	Y	W	H	M	C	P
0	0.02134	0.15268	0.01995	0.01297	0.01774	0.01888	0.01099	0.52823	0.07200	0.06475	0.01445	0.01440	0.01053	0.00693	0.00565	0.00173	0.00640	0.00515	0.00548	0.00974
1	0.01613	0.11582	0.06163	0.01597	0.07447	0.14592	0.07179	0.13629	0.04234	0.02010	0.02608	0.11689	0.01389	0.00847	0.00771	0.00192	0.10627	0.00663	0.00391	0.00775
2	0.01736	0.33446	0.02484	0.01413	0.01783	0.19449	0.07140	0.07403	0.01416	0.01662	0.00928	0.01155	0.00807	0.00661	0.00781	0.00172	0.16080	0.00427	0.00301	0.00755
3	0.01410	0.14844	0.06158	0.01059	0.01520	0.08493	0.00921	0.04105	0.08112	0.01984	0.10597	0.01698	0.01556	0.00626	0.00507	0.00135	0.00558	0.00488	0.00399	0.34831
4	0.01334	0.10366	0.01702	0.07418	0.07379	0.08621	0.05972	0.06594	0.03366	0.01711	0.01507	0.04511	0.01400	0.01847	0.19952	0.07271	0.00945	0.07081	0.00357	0.00665
5	0.00821	0.00614	0.00763	0.00725	0.00880	0.00555	0.00544	0.01077	0.01632	0.02244	0.60129	0.04770	0.20440	0.01293	0.00710	0.00192	0.00288	0.01127	0.00640	0.00555
6	0.04417	0.01637	0.17776	0.18432	0.09202	0.01381	0.05436	0.11942	0.01487	0.06532	0.01378	0.01952	0.01126	0.02970	0.00778	0.00214	0.06171	0.05993	0.00375	0.00803
7	0.01128	0.00947	0.01111	0.00859	0.01291	0.00738	0.00686	0.01384	0.01313	0.01951	0.08614	0.02459	0.10395	0.00728	0.00527	0.00124	0.00421	0.05205	0.00422	0.59696
8	0.01951	0.00860	0.01161	0.00956	0.01289	0.00760	0.00770	0.02204	0.01702	0.45738	0.29225	0.03127	0.03112	0.00958	0.00652	0.00191	0.00429	0.03369	0.00707	0.00838
9	0.01637	0.01630	0.01814	0.01540	0.01675	0.13840	0.01261	0.14210	0.01383	0.01864	0.00927	0.01302	0.00828	0.00925	0.01503	0.00231	0.51864	0.00507	0.00330	0.00729
10	0.01042	0.00629	0.00750	0.00720	0.00772	0.00625	0.00445	0.01081	0.00961	0.08046	0.01916	0.03631	0.02066	0.65433	0.08976	0.00579	0.00663	0.00831	0.00396	0.00440
11	0.01552	0.01138	0.05422	0.01090	0.01394	0.01065	0.00893	0.25541	0.01873	0.11941	0.12349	0.28089	0.02717	0.01182	0.00672	0.00205	0.00497	0.01017	0.00594	0.00771
12	0.02116	0.07771	0.01876	0.01380	0.01803	0.10123	0.01138	0.50733	0.06474	0.03113	0.01351	0.01404	0.01006	0.00724	0.00676	0.00181	0.06161	0.00514	0.00519	0.00938
13	0.08314	0.09949	0.33328	0.01590	0.04504	0.09554	0.07503	0.04494	0.01393	0.04890	0.01291	0.01778	0.01062	0.00676	0.00572	0.00188	0.00801	0.06966	0.00336	0.00812
14	0.01488	0.14736	0.46047	0.06129	0.02335	0.01482	0.01757	0.02065	0.04434	0.12155	0.01280	0.01393	0.00914	0.00599	0.00550	0.00181	0.00774	0.00463	0.00339	0.00878

[dist]
# distance from previous block
# <min> <max>
1	18

[block]
# block no. 5 follows, 38 sequences, length 84
# corresponding to MSA columns:
# 735-818
name=unknown_F
#
# <colnr> <probs for GDERKNQSTAVLIFYWHMCP>
#	G	D	E	R	K	N	Q	S	T	A	V	L	I	F	Y	W	H	M	C	P
0	0.08707	0.24709	0.18201	0.01360	0.01872	0.27414	0.01311	0.06748	0.01487	0.01808	0.00962	0.01105	0.00777	0.00581	0.00493	0.00159	0.00834	0.00386	0.00307	0.00778
1	0.02002	0.10850	0.09921	0.01348	0.01784	0.30417	0.01169	0.08543	0.09111	0.13922	0.01568	0.01577	0.03823	0.00686	0.00557	0.00170	0.00791	0.00499	0.00435	0.00828
2	0.01887	0.10141	0.01724	0.01231	0.01662	0.01627	0.01020	0.31295	0.24207	0.08402	0.01797	0.01871	0.01364	0.00748	0.00580	0.00180	0.00574	0.03220	0.00560	0.05909
3	0.01600	0.01446	0.02752	0.02021	0.02520	0.01417	0.45721	0.10100	0.01583	0.10375	0.05194	0.01822	0.01261	0.00825	0.04573	0.00239	0.04634	0.00686	0.00405	0.00826
4	0.01535	0.52886	0.23693	0.01246	0.01865	0.02070	0.01375	0.06164	0.01334	0.01699	0.00942	0.01081	0.00784	0.00543	0.00452	0.00149	0.00714	0.00370	0.00277	0.00821
5	0.06644	0.11020	0.09613	0.01513	0.05598	0.01608	0.09260	0.19862	0.16538	0.04777	0.01493	0.01608	0.01135	0.00656	0.00567	0.00179	0.00658	0.01509	0.00454	0.05309
6	0.74084	0.01148	0.00942	0.00822	0.01205	0.01297	0.00678	0.01899	0.01102	0.10872	0.01010	0.01097	0.00745	0.00579	0.00398	0.00186	0.00471	0.00357	0.00414	0.00693
7	0.00761	0.00611	0.00679	0.00662	0.00843	0.00529	0.00497	0.00961	0.01490	0.01906	0.30643	0.05326	0.50137	0.01419	0.00710	0.00198	0.00297	0.01205	0.00596	0.00529
8	0.01795	0.01043	0.01213	0.01011	0.01370	0.01022	0.00818	0.16572	0.09230	0.27002	0.03372	0.03332	0.23992	0.01033	0.00649	0.00197	0.00478	0.04403	0.00635	0.00834
9	0.00715	0.00595	0.00624	0.00648	0.00823	0.00505	0.00474	0.00859	0.01334	0.01610	0.05625	0.18070	0.62884	0.01585	0.00721	0.00210	0.00312	0.01344	0.00559	0.00505
10	0.01511	0.00761	0.01016	0.00869	0.01126	0.00681	0.00681	0.01777	0.01710	0.28529	0.48920	0.03620	0.04180	0.01056	0.00672	0.00188	0.00365	0.00915	0.00692	0.00731
11	0.01478	0.01422	0.02405	0.03564	0.70637	0.01454	0.01814	0.01822	0.01343	0.01934	0.01111	0.01478	0.00943	0.00567	0.00679	0.00184	0.05397	0.00535	0.00296	0.00935
12	0.00739	0.00536	0.00699	0.00828	0.00880	0.00497	0.00563	0.00853	0.01177	0.01552	0.03540	0.70191	0.09785	0.01848	0.00765	0.00242	0.00352	0.03903	0.00558	0.00492
13	0.53917	0.01190	0.01110	0.00930	0.01333	0.01303	0.00765	0.09327	0.04031	0.19103	0.01302	0.01311	0.00920	0.00626	0.00456	0.00186	0.00496	0.00423	0.00488	0.00784
14	0.03971	0.01196	0.01648	0.07941	0.19596	0.01072	0.02841	0.04232	0.01328	0.02016	0.01094	0.01343	0.00896	0.00496	0.00505	0.00129	0.00563	0.00429	0.00343	0.48361
15	0.68921	0.01210	0.05422	0.00846	0.01208	0.01260	0.00733	0.01666	0.01012	0.02465	0.00876	0.01091	0.00702	0.00731	0.00606	0.09424	0.00498	0.00355	0.00353	0.00622
16	0.01420	0.01623	0.03550	0.02535	0.03144	0.01521	0.72921	0.01927	0.01420	0.01927	0.01217	0.01623	0.00913	0.00507	0.00710	0.00203	0.01014	0.00710	0.00304	0.00811
17	0.01310	0.01466	0.13244	0.45703	0.05607	0.01433	0.01653	0.05992	0.01298	0.04437	0.01106	0.01516	0.00838	0.00668	0.00782	0.00205	0.11173	0.00523	0.00303	0.00745
18	0.00742	0.00551	0.00692	0.00782	0.00863	0.00501	0.00539	0.00876	0.01258	0.01652	0.11902	0.55369	0.18599	0.01738	0.00750	0.00230	0.00333	0.01551	0.00570	0.00501
19	0.01293	0.01236	0.02113	0.32646	0.34378	0.01371	0.05305	0.01654	0.01255	0.01728	0.01127	0.01593	0.00921	0.00862	0.05928	0.00247	0.04717	0.00551	0.00286	0.00789
20	0.00744	0.00528	0.00695	0.00823	0.00855	0.00496	0.00543	0.00841	0.01130	0.01507	0.03204	0.72583	0.03837	0.07961	0.00949	0.00271	0.00368	0.01644	0.00543	0.00479
21	0.01701	0.01687	0.06970	0.10488	0.20116	0.09492	0.01408	0.19100	0.18370	0.02421	0.01476	0.01606	0.01123	0.00663	0.00594	0.00186	0.00709	0.00548	0.00437	0.00906
22	0.02457	0.00953	0.01268	0.00992	0.01408	0.00835	0.00813	0.02697	0.01651	0.64302	0.02310	0.02077	0.01497	0.00738	0.00577	0.00179	0.00476	0.00598	0.13216	0.00953
23	0.00866	0.00755	0.00907	0.03299	0.03853	0.00760	0.00679	0.01099	0.03992	0.01723	0.11843	0.08808	0.47753	0.01369	0.00844	0.00210	0.09035	0.01120	0.00519	0.00568
24	0.02699	0.01024	0.01396	0.01070	0.01536	0.00884	0.00884	0.02932	0.01722	0.75522	0.02373	0.02048	0.01489	0.00745	0.00605	0.00186	0.00512	0.00605	0.00745	0.01024
25	0.01358	0.01288	0.02188	0.24296	0.51402	0.01369	0.01742	0.01720	0.01302	0.01816	0.01138	0.01565	0.00938	0.00755	0.04429	0.00225	0.00784	0.00541	0.00290	0.00852
26	0.00857	0.00653	0.00939	0.01203	0.09240	0.00628	0.00772	0.01019	0.01215	0.01628	0.03049	0.57779	0.03553	0.01696	0.00759	0.00242	0.00424	0.13262	0.00529	0.00552
27	0.83108	0.01163	0.00884	0.00791	0.01163	0.01350	0.00651	0.01768	0.01024	0.02699	0.00838	0.00977	0.00651	0.00558	0.00372	0.00186	0.00465	0.00326	0.00372	0.00651
28	0.00826	0.00592	0.00631	0.00628	0.00795	0.00522	0.00464	0.00961	0.01304	0.01708	0.08479	0.04666	0.50288	0.01430	0.00845	0.09427	0.00324	0.01054	0.14562	0.00492
29	0.53537	0.01300	0.01188	0.00983	0.01394	0.01458	0.00810	0.22137	0.01594	0.08988	0.01136	0.01198	0.00826	0.00620	0.00457	0.00185	0.00525	0.00410	0.00468	0.00788
30	0.01489	0.01429	0.02442	0.03692	0.75106	0.01429	0.01846	0.01846	0.01370	0.01965	0.01132	0.01489	0.00953	0.00536	0.00596	0.00179	0.00715	0.00536	0.00298	0.00953
31	0.01151	0.02831	0.67310	0.01591	0.02403	0.01297	0.02025	0.01788	0.01281	0.01874	0.01642	0.01777	0.09078	0.00678	0.00587	0.00192	0.00823	0.00537	0.00288	0.00846
32	0.01316	0.01316	0.01843	0.01579	0.01579	0.01843	0.01316	0.01448	0.00921	0.01448	0.00790	0.01316	0.00790	0.01053	0.01974	0.00263	0.77757	0.00526	0.00263	0.00658
33	0.04080	0.01081	0.01421	0.01091	0.01556	0.00974	0.00902	0.08732	0.01801	0.68290	0.02269	0.01979	0.01436	0.00739	0.00601	0.00186	0.00524	0.00595	0.00726	0.01017
34	0.01449	0.01389	0.02370	0.11966	0.67142	0.01419	0.01827	0.01812	0.01351	0.01917	0.01125	0.01502	0.00936	0.00543	0.00596	0.00181	0.00724	0.00536	0.00294	0.00921
35	0.01026	0.00529	0.00769	0.00769	0.00769	0.00529	0.00505	0.00794	0.00794	0.01059	0.01140	0.02065	0.01173	0.10705	0.02431	0.73305	0.00529	0.00562	0.00273	0.00273
36	0.01623	0.01136	0.01197	0.00991	0.01313	0.01216	0.00795	0.35107	0.05944	0.02886	0.02410	0.02438	0.13108	0.00849	0.00563	0.00173	0.00474	0.00672	0.26315	0.00791
37	0.01247	0.01069	0.01247	0.00891	0.01426	0.00802	0.00713	0.01515	0.01247	0.01960	0.01069	0.01247	0.00891	0.00446	0.00446	0.00089	0.00446	0.00356	0.00356	0.82536
38	0.00881	0.00609	0.00777	0.00735	0.00877	0.00567	0.00551	0.01165	0.01654	0.02394	0.66685	0.04243	0.05216	0.01171	0.00677	0.00184	0.00283	0.01029	0.09735	0.00567
39	0.05316	0.01055	0.01304	0.01025	0.01437	0.01000	0.00840	0.13485	0.01792	0.49806	0.02106	0.01947	0.01395	0.00727	0.00566	0.00178	0.00496	0.00578	0.14012	0.00934
40	0.01018	0.00817	0.01114	0.01258	0.12441	0.00803	0.00805	0.01468	0.09757	0.02331	0.53155	0.03817	0.06660	0.01085	0.00681	0.00190	0.00373	0.00962	0.00597	0.00668
41	0.02455	0.00952	0.01267	0.00992	0.01407	0.00834	0.00813	0.02695	0.01651	0.64195	0.02310	0.02078	0.01497	0.00738	0.00576	0.00179	0.00476	0.00598	0.13335	0.00952
42	0.01346	0.01190	0.01207	0.01099	0.01392	0.05026	0.00848	0.02576	0.51036	0.02348	0.13963	0.02931	0.10571	0.00950	0.00635	0.00199	0.00458	0.00795	0.00599	0.00830
43	0.00876	0.00635	0.00891	0.00907	0.00991	0.00704	0.00682	0.01045	0.00991	0.01386	0.01857	0.03244	0.01891	0.22365	0.50041	0.00796	0.01241	0.08603	0.00359	0.00497
44	0.01264	0.01216	0.01632	0.33361	0.06376	0.09592	0.05005	0.01682	0.05760	0.01711	0.01796	0.03166	0.01689	0.00933	0.00671	0.00218	0.00744	0.22125	0.00384	0.00675
45	0.01011	0.00815	0.00903	0.00839	0.00972	0.05277	0.00581	0.01126	0.01010	0.01376	0.01625	0.02883	0.01699	0.40003	0.24208	0.00594	0.00896	0.00697	0.00347	0.13137
46	0.01238	0.23483	0.20276	0.01317	0.05601	0.01371	0.04921	0.01498	0.01204	0.01595	0.05142	0.01979	0.08932	0.01059	0.02713	0.15439	0.00675	0.00566	0.00315	0.00675
47	0.01204	0.01022	0.01216	0.00900	0.01386	0.00796	0.00717	0.01465	0.01216	0.01897	0.01130	0.01373	0.00960	0.00902	0.08978	0.00188	0.00576	0.00389	0.00353	0.73334
48	0.01062	0.04200	0.28053	0.01197	0.02871	0.03386	0.01238	0.01508	0.05259	0.01807	0.07569	0.03278	0.30119	0.01021	0.00703	0.00197	0.04590	0.00819	0.00420	0.00703
49	0.00751	0.00611	0.00665	0.00652	0.00837	0.00525	0.00489	0.00941	0.01466	0.01851	0.25822	0.05417	0.54993	0.01439	0.00711	0.00199	0.00299	0.01217	0.00588	0.00525
50	0.01452	0.09997	0.01648	0.01340	0.05262	0.01571	0.01026	0.06243	0.39581	0.02153	0.01963	0.02060	0.03819	0.03813	0.03752	0.00245	0.12125	0.00627	0.00482	0.00840
51	0.00764	0.00556	0.00684	0.00755	0.00845	0.00502	0.00523	0.00856	0.01213	0.01559	0.07628	0.43447	0.26562	0.01756	0.00909	0.08669	0.00349	0.01415	0.00533	0.00476
52	0.02172	0.14575	0.01913	0.01445	0.01794	0.61135	0.01128	0.02336	0.01631	0.05247	0.00989	0.01116	0.00811	0.00610	0.00521	0.00153	0.00987	0.00388	0.00324	0.00726
53	0.01568	0.22185	0.09289	0.01983	0.10428	0.01778	0.26600	0.10919	0.03795	0.02036	0.01151	0.01392	0.00907	0.00570	0.00617	0.00178	0.02881	0.00538	0.00333	0.00851
54	0.01851	0.09945	0.24472	0.01470	0.06028	0.07320	0.01397	0.05271	0.08224	0.23284	0.01562	0.01558	0.01100	0.00643	0.00562	0.00177	0.00699	0.00502	0.00454	0.03482
55	0.01758	0.01093	0.06016	0.01210	0.01608	0.00895	0.11434	0.02075	0.01638	0.34106	0.26820	0.02834	0.04038	0.00878	0.00656	0.00190	0.00527	0.00786	0.00619	0.00820
56	0.00915	0.00683	0.00859	0.00893	0.01009	0.00689	0.00675	0.04699	0.01371	0.01851	0.13030	0.34509	0.14306	0.01541	0.00809	0.00228	0.05081	0.11778	0.04519	0.00553
57	0.07118	0.01679	0.09882	0.05398	0.01907	0.09881	0.01171	0.22821	0.04652	0.27019	0.01636	0.01596	0.01117	0.00688	0.00579	0.00183	0.00674	0.00526	0.00546	0.00927
58	0.01505	0.01396	0.05319	0.12133	0.15314	0.03230	0.04001	0.03456	0.35564	0.06140	0.01880	0.02056	0.01449	0.00732	0.00615	0.00198	0.00626	0.03021	0.00477	0.00890
59	0.00767	0.00556	0.00771	0.00873	0.00927	0.00560	0.00611	0.00902	0.01102	0.01498	0.02854	0.57846	0.03308	0.02596	0.21280	0.00440	0.00691	0.01421	0.00494	0.00502
60	0.10854	0.01328	0.01420	0.01234	0.03579	0.01453	0.00955	0.17568	0.37582	0.06283	0.01870	0.01797	0.01390	0.00717	0.00565	0.00183	0.00519	0.00569	0.00554	0.09580
61	0.01450	0.01099	0.01290	0.01086	0.01436	0.05145	0.03540	0.08946	0.05191	0.10333	0.05719	0.15583	0.02087	0.00967	0.00617	0.00177	0.00521	0.08802	0.00507	0.25506
62	0.01594	0.12568	0.41318	0.01623	0.07220	0.05501	0.01701	0.02145	0.04906	0.13911	0.01322	0.01410	0.00949	0.00604	0.00555	0.00180	0.00773	0.00469	0.00358	0.00893
63	0.01335	0.10161	0.03064	0.02104	0.02613	0.01458	0.53668	0.01744	0.01356	0.01809	0.01499	0.13427	0.01371	0.00721	0.00683	0.00201	0.00870	0.00821	0.00338	0.00757
64	0.01291	0.01228	0.02085	0.45002	0.35341	0.01377	0.01748	0.01673	0.01276	0.01725	0.01097	0.01553	0.00868	0.00573	0.00599	0.00191	0.00764	0.00535	0.00281	0.00793
65	0.01594	0.09250	0.07253	0.14112	0.11412	0.05368	0.14397	0.01948	0.01448	0.15336	0.09216	0.01935	0.02710	0.00674	0.00608	0.00184	0.00719	0.00615	0.00413	0.00809
66	0.01510	0.02124	0.38628	0.01626	0.02292	0.01217	0.14925	0.02014	0.01393	0.17434	0.01766	0.05755	0.05111	0.00716	0.00622	0.00195	0.00773	0.00638	0.00399	0.00862
67	0.00760	0.00557	0.00689	0.00776	0.00846	0.00514	0.00527	0.00874	0.01192	0.01557	0.07296	0.49541	0.16973	0.11698	0.01052	0.00278	0.00374	0.03476	0.00539	0.00482
68	0.00827	0.00623	0.00816	0.00793	0.00936	0.00613	0.00603	0.01064	0.01414	0.01950	0.39173	0.04091	0.17707	0.02291	0.23904	0.00430	0.00694	0.00987	0.00538	0.00547
69	0.01509	0.23858	0.19779	0.02198	0.24514	0.01675	0.10721	0.01912	0.01329	0.05505	0.01109	0.01335	0.00879	0.00545	0.00546	0.00171	0.00763	0.00480	0.00300	0.00872
70	0.01721	0.01144	0.04954	0.01016	0.01365	0.01078	0.00857	0.23394	0.03381	0.16528	0.15437	0.02445	0.04462	0.00836	0.00584	0.00176	0.00476	0.00680	0.18656	0.00812
71	0.01121	0.00561	0.00561	0.00561	0.00701	0.00561	0.00421	0.01402	0.01262	0.02243	0.01962	0.02243	0.01542	0.00701	0.00421	0.00140	0.00280	0.00561	0.82198	0.00561
72	0.01243	0.01298	0.09607	0.00983	0.01558	0.00869	0.00882	0.01559	0.01250	0.01954	0.01070	0.01250	0.00877	0.00460	0.00460	0.00100	0.00495	0.00366	0.00345	0.73373
73	0.01694	0.25746	0.01891	0.01073	0.01503	0.01536	0.00917	0.02414	0.25798	0.15647	0.05468	0.01808	0.01527	0.00687	0.00526	0.00163	0.00522	0.00538	0.00499	0.10045
74	0.23096	0.01570	0.15331	0.23835	0.12720	0.01402	0.06441	0.01732	0.01191	0.01997	0.01014	0.01346	0.00782	0.00592	0.00611	0.00195	0.04617	0.00474	0.00299	0.00753
75	0.00794	0.00603	0.00731	0.00719	0.00869	0.00540	0.00532	0.01016	0.01536	0.02066	0.45115	0.13204	0.27293	0.01396	0.00717	0.00200	0.00298	0.01215	0.00618	0.00540
76	0.00805	0.00567	0.00736	0.00802	0.00839	0.00572	0.00531	0.00896	0.01023	0.01385	0.02508	0.38643	0.02896	0.28280	0.16221	0.00498	0.00673	0.01223	0.00447	0.00456
77	0.18084	0.03742	0.46781	0.06232	0.07366	0.01407	0.01772	0.01896	0.03880	0.02064	0.01079	0.01276	0.00794	0.00576	0.00532	0.00189	0.00765	0.00438	0.00295	0.00831
78	0.00909	0.00720	0.00845	0.00850	0.01000	0.00743	0.00620	0.01330	0.14510	0.01671	0.03432	0.20013	0.22874	0.10764	0.16506	0.00412	0.00645	0.01085	0.00498	0.00575
79	0.01550	0.54551	0.06529	0.01051	0.01512	0.05807	0.01018	0.01785	0.01352	0.05211	0.12963	0.01615	0.01604	0.00651	0.00467	0.00146	0.00615	0.00470	0.00349	0.00753
80	0.03616	0.31941	0.32930	0.01380	0.01983	0.04130	0.01540	0.01813	0.01219	0.01676	0.00942	0.01144	0.00771	0.00601	0.00648	0.00171	0.09402	0.00399	0.00265	0.03431
81	0.01531	0.18177	0.09512	0.09709	0.01873	0.15175	0.01136	0.01995	0.10367	0.06515	0.14404	0.02058	0.03624	0.00752	0.00565	0.00173	0.00667	0.00591	0.00421	0.00754
82	0.10470	0.05245	0.05879	0.08947	0.01719	0.01303	0.01026	0.07284	0.22473	0.02094	0.01628	0.01887	0.01314	0.01859	0.23793	0.00429	0.00904	0.00571	0.00420	0.00754
83	0.27341	0.26054	0.17404	0.01158	0.01681	0.10057	0.01168	0.01939	0.01250	0.05779	0.00978	0.01102	0.00770	0.00564	0.00449	0.00166	0.00681	0.00371	0.00324	0.00763

[dist]
# distance from previous block
# <min> <max>
1	11

[block]
# block no. 6 follows, 38 sequences, length 21
# corresponding to MSA columns:
# 830-850
name=unknown_G
#
# <colnr> <probs for GDERKNQSTAVLIFYWHMCP>
#	G	D	E	R	K	N	Q	S	T	A	V	L	I	F	Y	W	H	M	C	P
0	0.01312	0.01131	0.04591	0.09835	0.01819	0.01132	0.07645	0.04840	0.19005	0.07305	0.27881	0.02791	0.02859	0.00903	0.00713	0.00198	0.03954	0.00785	0.00541	0.00761
1	0.01149	0.12327	0.14741	0.01494	0.14610	0.01134	0.01159	0.01503	0.01472	0.02064	0.33383	0.02778	0.04649	0.00861	0.00608	0.00175	0.00526	0.00740	0.00452	0.04175
2	0.18988	0.15375	0.09790	0.04796	0.01756	0.18874	0.01103	0.02113	0.01379	0.15498	0.01212	0.01316	0.00910	0.00763	0.03578	0.00202	0.00758	0.00427	0.00387	0.00774
3	0.01770	0.32196	0.10980	0.05321	0.01764	0.06847	0.01133	0.02035	0.01354	0.20003	0.01367	0.01537	0.01062	0.04167	0.05823	0.00233	0.00744	0.00469	0.00392	0.00805
4	0.01611	0.01292	0.12060	0.04767	0.01623	0.03022	0.01075	0.01822	0.01310	0.22667	0.08525	0.01919	0.01511	0.01018	0.01104	0.14966	0.11562	0.00574	0.00446	0.07125
5	0.06010	0.20643	0.07224	0.01198	0.04188	0.01329	0.01049	0.01949	0.08387	0.15030	0.02030	0.07694	0.01866	0.00961	0.00601	0.00200	0.00574	0.17819	0.00478	0.00772
6	0.01009	0.01004	0.04879	0.34435	0.08909	0.01006	0.01235	0.01322	0.01287	0.01641	0.02909	0.05911	0.24579	0.01013	0.00658	0.00206	0.00606	0.06360	0.00394	0.00638
7	0.01441	0.00685	0.00839	0.00794	0.00998	0.00643	0.00617	0.01678	0.01372	0.20855	0.02428	0.16291	0.02151	0.01017	0.00570	0.00184	0.00378	0.07597	0.38795	0.00666
8	0.01427	0.15008	0.01523	0.01105	0.01419	0.01293	0.00938	0.02192	0.27597	0.09111	0.02579	0.03591	0.06113	0.01055	0.00644	0.00211	0.00524	0.22350	0.00540	0.00780
9	0.00999	0.00837	0.00926	0.00911	0.00999	0.08013	0.00652	0.01131	0.01005	0.01321	0.01648	0.02807	0.01680	0.30939	0.42662	0.00750	0.01190	0.00703	0.00336	0.00490
10	0.01371	0.00974	0.01085	0.00981	0.01211	0.01101	0.00768	0.02238	0.32228	0.06345	0.06403	0.02277	0.01837	0.00818	0.00680	0.00185	0.07871	0.00642	0.30223	0.00763
11	0.01379	0.34110	0.29858	0.01546	0.06742	0.01744	0.05456	0.01796	0.01276	0.01698	0.01194	0.01711	0.01048	0.00648	0.00529	0.00173	0.00751	0.07245	0.00290	0.00808
12	0.01424	0.44213	0.36541	0.01345	0.02031	0.01928	0.01578	0.01849	0.01244	0.01641	0.00948	0.01105	0.00767	0.00541	0.00471	0.00157	0.00756	0.00378	0.00256	0.00826
13	0.00890	0.00562	0.00654	0.00697	0.00807	0.00529	0.00498	0.01092	0.01304	0.01940	0.14315	0.30524	0.11851	0.01309	0.00626	0.00193	0.00309	0.01143	0.30229	0.00529
14	0.01291	0.01353	0.09075	0.01980	0.18990	0.01232	0.13011	0.01714	0.04849	0.04724	0.20498	0.02463	0.02275	0.00837	0.00830	0.00202	0.10699	0.02777	0.00424	0.00775
15	0.01425	0.06251	0.04974	0.09141	0.20890	0.04740	0.01231	0.01794	0.05620	0.09852	0.04507	0.02172	0.01481	0.06451	0.13955	0.00347	0.00831	0.03180	0.00391	0.00766
16	0.01031	0.00609	0.00796	0.00833	0.00947	0.00559	0.00586	0.01179	0.01298	0.11612	0.12306	0.50220	0.06221	0.05013	0.00826	0.00239	0.00369	0.01390	0.03395	0.00568
17	0.02022	0.01288	0.02167	0.01627	0.02121	0.01224	0.26891	0.02617	0.14568	0.35884	0.01970	0.01930	0.01343	0.00672	0.00644	0.00195	0.00687	0.00656	0.00562	0.00934
18	0.01771	0.17649	0.10471	0.01933	0.14847	0.10408	0.12093	0.17431	0.01703	0.04445	0.01162	0.01339	0.00901	0.00588	0.00563	0.00171	0.00789	0.00495	0.00367	0.00876
19	0.02053	0.01403	0.01717	0.05865	0.01936	0.01507	0.05701	0.31506	0.20286	0.18748	0.01861	0.01797	0.01308	0.00730	0.00612	0.00190	0.00614	0.00601	0.00596	0.00971
20	0.00868	0.00620	0.00849	0.00952	0.01038	0.00625	0.00740	0.01051	0.01192	0.01586	0.02847	0.28431	0.03189	0.10634	0.12508	0.00405	0.00653	0.30804	0.00499	0.00510

[dist]
# distance from previous block
# <min> <max>
0	2

[block]
# block no. 7 follows, 38 sequences, length 56
# corresponding to MSA columns:
# 853-908
name=unknown_H
#
# <colnr> <probs for GDERKNQSTAVLIFYWHMCP>
#	G	D	E	R	K	N	Q	S	T	A	V	L	I	F	Y	W	H	M	C	P
0	0.01856	0.07413	0.01999	0.16465	0.07767	0.25807	0.04660	0.19300	0.01771	0.02102	0.01097	0.01331	0.00861	0.00643	0.00636	0.00177	0.04468	0.00482	0.00366	0.00799
1	0.01368	0.01089	0.01334	0.01082	0.06112	0.00848	0.00797	0.01638	0.01289	0.07275	0.01167	0.01321	0.00938	0.00473	0.00467	0.00102	0.00467	0.00386	0.00381	0.71467
2	0.01303	0.08083	0.52045	0.01634	0.02377	0.01494	0.06829	0.02134	0.14496	0.01983	0.01321	0.01450	0.00968	0.00607	0.00575	0.00189	0.00805	0.00497	0.00323	0.00887
3	0.10574	0.65360	0.02803	0.01039	0.01524	0.07424	0.00997	0.01840	0.01234	0.01560	0.00843	0.00975	0.00759	0.00527	0.00395	0.00137	0.00655	0.00327	0.00274	0.00754
4	0.01615	0.50063	0.12032	0.01595	0.14851	0.01978	0.01315	0.01904	0.01291	0.06929	0.01031	0.01175	0.00855	0.00542	0.00463	0.00150	0.00678	0.00396	0.00299	0.00837
5	0.01832	0.26197	0.02002	0.01104	0.01578	0.04678	0.00958	0.18695	0.01699	0.12306	0.01355	0.02490	0.01080	0.00636	0.00504	0.00147	0.00595	0.02336	0.01551	0.18256
6	0.01373	0.00723	0.00947	0.00892	0.01068	0.00680	0.00673	0.01537	0.01325	0.21809	0.10761	0.11712	0.02787	0.23976	0.04197	0.00353	0.00538	0.13473	0.00555	0.00621
