[name]
unknown

[dist]
# distance from previous block
# <min> <max>
0	240

[block]
# block no. 0 follows, 34 sequences, length 36
# corresponding to MSA columns:
# 288-323
name=unknown_A
#
# <colnr> <probs for GDERKNQSTAVLIFYWHMCP>
#	G	D	E	R	K	N	Q	S	T	A	V	L	I	F	Y	W	H	M	C	P
0	0.01627	0.01462	0.02109	0.10081	0.34459	0.05497	0.04829	0.12488	0.01693	0.02322	0.01569	0.06684	0.01380	0.00776	0.00651	0.00200	0.00736	0.03606	0.06935	0.00897
1	0.07927	0.03623	0.01632	0.09812	0.12627	0.01168	0.04889	0.05401	0.04148	0.06985	0.21569	0.06314	0.05172	0.00929	0.00661	0.00199	0.00566	0.00814	0.00518	0.05046
2	0.05959	0.01502	0.02066	0.19563	0.15740	0.04712	0.07797	0.22205	0.01869	0.02551	0.01506	0.08798	0.01290	0.00793	0.00657	0.00207	0.00768	0.00696	0.00441	0.00883
3	0.13255	0.01349	0.05504	0.01749	0.17933	0.03852	0.01175	0.05753	0.01611	0.12980	0.15555	0.02586	0.08234	0.00893	0.00716	0.00203	0.04571	0.00724	0.00516	0.00841
4	0.05652	0.01299	0.02071	0.34352	0.26493	0.01450	0.03812	0.05590	0.01412	0.01982	0.01252	0.01836	0.01044	0.06852	0.00874	0.00240	0.02040	0.00599	0.00333	0.00817
5	0.14368	0.01365	0.01807	0.35338	0.06738	0.05493	0.04414	0.02009	0.10767	0.02041	0.01290	0.01637	0.00999	0.00687	0.00697	0.00210	0.05548	0.00551	0.00364	0.03676
6	0.12216	0.01372	0.01692	0.07366	0.08401	0.05174	0.04801	0.13557	0.01781	0.17255	0.06295	0.02186	0.01583	0.00783	0.00625	0.00195	0.00656	0.04929	0.00531	0.08602
7	0.30029	0.01439	0.01826	0.10571	0.19529	0.05525	0.06057	0.01973	0.01330	0.06045	0.01137	0.01413	0.00894	0.00631	0.00631	0.00198	0.04687	0.00492	0.00372	0.05220
8	0.05797	0.01329	0.01903	0.20827	0.14669	0.01593	0.01470	0.02103	0.12672	0.07786	0.01415	0.01729	0.01116	0.00816	0.01044	0.00229	0.21667	0.00591	0.00399	0.00846
9	0.13473	0.01462	0.01678	0.01415	0.04844	0.01549	0.03355	0.31410	0.09030	0.14096	0.01786	0.05850	0.01367	0.00802	0.00618	0.00197	0.00621	0.00639	0.00595	0.05214
10	0.01914	0.05641	0.02249	0.02243	0.23401	0.01766	0.05221	0.29319	0.07781	0.02869	0.01427	0.01598	0.01104	0.00699	0.00707	0.00192	0.04699	0.00576	0.00476	0.06118
11	0.07791	0.01100	0.01526	0.21928	0.02249	0.01324	0.01201	0.06015	0.01297	0.01931	0.05178	0.01965	0.01357	0.01902	0.20901	0.00439	0.15110	0.00607	0.00364	0.05815
12	0.08011	0.01389	0.01924	0.28693	0.23318	0.04975	0.01531	0.06376	0.04844	0.02119	0.01537	0.01856	0.04979	0.00688	0.00619	0.00197	0.00743	0.00590	0.00372	0.05237
13	0.00940	0.00626	0.00705	0.00705	0.00705	0.00626	0.00392	0.00940	0.00940	0.01253	0.02036	0.04228	0.02349	0.77292	0.03289	0.00626	0.00626	0.00940	0.00392	0.00392
14	0.00963	0.00751	0.00956	0.01015	0.04956	0.00717	0.00698	0.01343	0.07359	0.02287	0.41508	0.16275	0.15899	0.01408	0.00757	0.00216	0.00362	0.01239	0.00650	0.00642
15	0.01727	0.77681	0.03386	0.01106	0.01658	0.02557	0.01106	0.01935	0.01313	0.01520	0.00898	0.01036	0.00829	0.00553	0.00415	0.00138	0.00691	0.00345	0.00276	0.00829
16	0.01271	0.01210	0.02077	0.65562	0.11677	0.01453	0.04275	0.01701	0.01319	0.01714	0.01161	0.01710	0.00883	0.00635	0.00649	0.00213	0.00860	0.00581	0.00292	0.00756
17	0.01041	0.00753	0.00850	0.00835	0.01038	0.00715	0.00621	0.01446	0.10781	0.05811	0.13943	0.19303	0.32303	0.01470	0.00735	0.00220	0.00368	0.01262	0.05858	0.00646
18	0.06445	0.01266	0.01840	0.51259	0.11148	0.04883	0.01591	0.01786	0.04728	0.01801	0.01262	0.01837	0.01018	0.05636	0.00799	0.00236	0.00810	0.00584	0.00325	0.00744
19	0.00848	0.00639	0.00790	0.00831	0.00969	0.00581	0.00617	0.01057	0.01524	0.02017	0.27395	0.26236	0.24044	0.01658	0.00794	0.00234	0.00360	0.08202	0.00636	0.00566
20	0.01508	0.01352	0.02311	0.25893	0.25254	0.01435	0.12525	0.02047	0.08207	0.06543	0.01553	0.05759	0.01265	0.00713	0.00673	0.00210	0.00789	0.00691	0.00388	0.00881
21	0.01501	0.00837	0.01055	0.00933	0.01189	0.00796	0.00722	0.01947	0.09305	0.20092	0.38232	0.06794	0.04040	0.01120	0.00696	0.00202	0.00390	0.00968	0.08410	0.00771
22	0.01791	0.01486	0.01765	0.13773	0.10746	0.05418	0.01289	0.18097	0.24297	0.06140	0.06914	0.02103	0.01696	0.00797	0.00654	0.00205	0.00666	0.00664	0.00548	0.00950
23	0.76717	0.01240	0.00985	0.00869	0.01276	0.01417	0.00716	0.01981	0.01148	0.07508	0.01007	0.01124	0.00758	0.00613	0.00416	0.00200	0.00503	0.00369	0.00426	0.00726
24	0.81856	0.01250	0.00950	0.00850	0.01250	0.01449	0.00700	0.01899	0.01100	0.02899	0.00900	0.01050	0.00700	0.00600	0.00400	0.00200	0.00500	0.00350	0.00400	0.00700
25	0.01547	0.01587	0.09720	0.10606	0.15101	0.01586	0.01518	0.14411	0.01561	0.02204	0.01302	0.01872	0.01125	0.04662	0.03795	0.00269	0.19239	0.02850	0.00378	0.04667
26	0.81856	0.01250	0.00950	0.00850	0.01250	0.01449	0.00700	0.01899	0.01100	0.02899	0.00900	0.01050	0.00700	0.00600	0.00400	0.00200	0.00500	0.00350	0.00400	0.00700
27	0.81856	0.01250	0.00950	0.00850	0.01250	0.01449	0.00700	0.01899	0.01100	0.02899	0.00900	0.01050	0.00700	0.00600	0.00400	0.00200	0.00500	0.00350	0.00400	0.00700
28	0.01855	0.05939	0.02068	0.12562	0.24656	0.26835	0.01476	0.02129	0.01568	0.06455	0.01391	0.07583	0.01226	0.00748	0.00625	0.00190	0.00868	0.00615	0.00371	0.00840
29	0.81856	0.01250	0.00950	0.00850	0.01250	0.01449	0.00700	0.01899	0.01100	0.02899	0.00900	0.01050	0.00700	0.00600	0.00400	0.00200	0.00500	0.00350	0.00400	0.00700
30	0.01701	0.01035	0.01119	0.00944	0.01238	0.01084	0.00751	0.24372	0.01977	0.07609	0.07701	0.02311	0.01830	0.00809	0.00553	0.00172	0.00452	0.00645	0.42899	0.00798
31	0.01278	0.00857	0.00998	0.03361	0.01263	0.00833	0.00721	0.02833	0.13043	0.12255	0.09879	0.14720	0.29866	0.01346	0.00722	0.00218	0.00417	0.01145	0.03525	0.00721
32	0.02492	0.01752	0.01903	0.01459	0.01975	0.01918	0.01206	0.65592	0.02941	0.09723	0.01632	0.01604	0.01139	0.00778	0.00647	0.00194	0.00698	0.00587	0.00659	0.01099
33	0.01018	0.00702	0.00833	0.00841	0.00896	0.00715	0.00555	0.04894	0.01154	0.01541	0.02308	0.12002	0.02597	0.52837	0.06388	0.00549	0.00659	0.08587	0.00448	0.00477
34	0.01179	0.02059	0.36322	0.01547	0.05884	0.01210	0.01574	0.01621	0.01314	0.01911	0.11047	0.06359	0.02008	0.15172	0.01279	0.00293	0.07344	0.00741	0.00375	0.00763
35	0.06221	0.01535	0.01938	0.05576	0.06571	0.01741	0.05138	0.29521	0.09871	0.08452	0.01571	0.01773	0.01194	0.00826	0.00899	0.00217	0.13657	0.01819	0.00526	0.00955

[dist]
# distance from previous block
# <min> <max>
0	18

[block]
# block no. 1 follows, 34 sequences, length 32
# corresponding to MSA columns:
# 342-373
name=unknown_B
#
# <colnr> <probs for GDERKNQSTAVLIFYWHMCP>
#	G	D	E	R	K	N	Q	S	T	A	V	L	I	F	Y	W	H	M	C	P
0	0.10722	0.06150	0.29621	0.08143	0.04917	0.01269	0.01511	0.01733	0.01346	0.04694	0.05837	0.17664	0.01888	0.00958	0.00636	0.00213	0.00695	0.00804	0.00406	0.00793
1	0.26612	0.09953	0.01761	0.12793	0.04861	0.05746	0.01128	0.18529	0.01696	0.02660	0.01135	0.01327	0.00878	0.00636	0.00526	0.00183	0.00674	0.00455	0.00420	0.08029
2	0.09357	0.01245	0.01630	0.12073	0.10411	0.01248	0.01156	0.09827	0.04981	0.23199	0.05812	0.01923	0.01475	0.00718	0.00607	0.00187	0.00607	0.00591	0.00545	0.12409
3	0.22323	0.01117	0.01276	0.09859	0.01734	0.01264	0.00982	0.08048	0.09395	0.06309	0.03520	0.04555	0.01759	0.06381	0.06594	0.00315	0.03484	0.09852	0.00489	0.00745
4	0.01403	0.01347	0.02359	0.27631	0.35704	0.01429	0.09219	0.01812	0.01437	0.01971	0.05255	0.02068	0.01355	0.00687	0.00672	0.00208	0.00801	0.03435	0.00343	0.00864
5	0.01489	0.01410	0.02388	0.14089	0.57913	0.01448	0.01852	0.01867	0.01452	0.02048	0.04159	0.04374	0.01317	0.00666	0.00652	0.00198	0.00749	0.00643	0.00341	0.00945
6	0.01285	0.01214	0.02055	0.63514	0.16171	0.01453	0.01827	0.01707	0.01323	0.01729	0.01160	0.01702	0.00889	0.00634	0.00645	0.00211	0.00845	0.00574	0.00293	0.00770
7	0.01340	0.01148	0.01340	0.00957	0.01531	0.00861	0.00766	0.01627	0.01340	0.02105	0.01148	0.01340	0.00957	0.00479	0.00479	0.00096	0.00479	0.00383	0.00383	0.81242
8	0.02124	0.29570	0.02361	0.01381	0.01824	0.30434	0.01159	0.16572	0.01876	0.02113	0.01125	0.01252	0.00922	0.00652	0.00530	0.00161	0.00863	0.00433	0.03804	0.00845
9	0.81856	0.01250	0.00950	0.00850	0.01250	0.01449	0.00700	0.01899	0.01100	0.02899	0.00900	0.01050	0.00700	0.00600	0.00400	0.00200	0.00500	0.00350	0.00400	0.00700
10	0.81856	0.01250	0.00950	0.00850	0.01250	0.01449	0.00700	0.01899	0.01100	0.02899	0.00900	0.01050	0.00700	0.00600	0.00400	0.00200	0.00500	0.00350	0.00400	0.00700
11	0.01593	0.01634	0.01901	0.01651	0.01736	0.12265	0.01358	0.05574	0.01253	0.01721	0.01058	0.01726	0.01026	0.01083	0.01748	0.00262	0.56848	0.04505	0.00328	0.00728
12	0.81856	0.01250	0.00950	0.00850	0.01250	0.01449	0.00700	0.01899	0.01100	0.02899	0.00900	0.01050	0.00700	0.00600	0.00400	0.00200	0.00500	0.00350	0.00400	0.00700
13	0.77497	0.01241	0.00980	0.00866	0.01272	0.01422	0.00714	0.01968	0.01141	0.06809	0.00991	0.01113	0.00749	0.00611	0.00414	0.00200	0.00503	0.00366	0.00422	0.00722
14	0.05554	0.04572	0.01804	0.06304	0.04984	0.13344	0.04968	0.04904	0.01696	0.33746	0.02046	0.02020	0.05377	0.00792	0.00712	0.00199	0.04879	0.00619	0.00560	0.00920
15	0.81856	0.01250	0.00950	0.00850	0.01250	0.01449	0.00700	0.01899	0.01100	0.02899	0.00900	0.01050	0.00700	0.00600	0.00400	0.00200	0.00500	0.00350	0.00400	0.00700
16	0.81856	0.01250	0.00950	0.00850	0.01250	0.01449	0.00700	0.01899	0.01100	0.02899	0.00900	0.01050	0.00700	0.00600	0.00400	0.00200	0.00500	0.00350	0.00400	0.00700
17	0.02053	0.33918	0.02439	0.01311	0.01765	0.17217	0.01136	0.18808	0.01849	0.05028	0.01204	0.01320	0.00970	0.00672	0.00580	0.00166	0.03571	0.00451	0.04671	0.00872
18	0.00907	0.00660	0.00854	0.00805	0.00961	0.00607	0.00604	0.01205	0.01812	0.02551	0.69768	0.04893	0.09275	0.01336	0.00762	0.00204	0.00306	0.01178	0.00706	0.00607
19	0.00854	0.00664	0.00789	0.00795	0.00948	0.00625	0.00581	0.01074	0.02989	0.01852	0.18492	0.14302	0.32731	0.07832	0.12160	0.00376	0.00568	0.01237	0.00570	0.00560
20	0.00923	0.00662	0.00761	0.00780	0.00953	0.00583	0.00573	0.01087	0.01435	0.05784	0.09690	0.22008	0.41214	0.05844	0.00917	0.00253	0.00380	0.04976	0.00607	0.00570
21	0.01109	0.01334	0.12805	0.19006	0.02307	0.01105	0.06985	0.01534	0.03995	0.01943	0.14621	0.07578	0.14751	0.04101	0.00867	0.00234	0.03656	0.00910	0.00452	0.00705
22	0.02483	0.01116	0.01442	0.01140	0.01581	0.01035	0.00929	0.08956	0.06383	0.52434	0.12925	0.02545	0.02247	0.00880	0.00667	0.00201	0.00525	0.00726	0.00764	0.01022
23	0.01857	0.49312	0.02788	0.05192	0.01889	0.11398	0.01166	0.09786	0.07656	0.01919	0.01145	0.01264	0.00959	0.00624	0.00494	0.00159	0.00746	0.00426	0.00358	0.00860
24	0.10053	0.14010	0.03639	0.01510	0.11407	0.01500	0.01116	0.11255	0.01599	0.09481	0.01277	0.01412	0.00996	0.00608	0.00566	0.00157	0.02490	0.00460	0.00430	0.26035
25	0.01670	0.01477	0.06002	0.23726	0.26340	0.01459	0.05975	0.09849	0.01652	0.09693	0.04783	0.01842	0.01273	0.00678	0.00655	0.00203	0.00773	0.00618	0.00414	0.00919
26	0.00962	0.01052	0.11118	0.01027	0.01280	0.00763	0.00914	0.01324	0.04342	0.02095	0.25603	0.22532	0.12884	0.01477	0.00769	0.00233	0.00462	0.09928	0.00591	0.00644
27	0.01601	0.01823	0.07474	0.02501	0.03156	0.01642	0.58147	0.08993	0.01663	0.02271	0.01319	0.01691	0.00983	0.00570	0.00735	0.00211	0.01027	0.00718	0.00357	0.03119
28	0.06451	0.07505	0.06063	0.01512	0.01954	0.34695	0.01249	0.21616	0.08603	0.02471	0.01302	0.01385	0.01004	0.00702	0.00588	0.00181	0.00899	0.00487	0.00447	0.00887
29	0.00787	0.00562	0.00750	0.00900	0.00937	0.00525	0.00600	0.00900	0.01237	0.01649	0.03561	0.76871	0.04274	0.02024	0.00825	0.00262	0.00375	0.01837	0.00600	0.00525
30	0.13040	0.05458	0.01682	0.14449	0.07753	0.03318	0.03512	0.03920	0.01459	0.16432	0.05447	0.01927	0.01414	0.01313	0.11610	0.00317	0.00821	0.00587	0.00458	0.05081
31	0.01608	0.01533	0.01671	0.12419	0.15037	0.16811	0.01266	0.10247	0.01612	0.01981	0.01704	0.10351	0.01660	0.05475	0.00973	0.06509	0.00776	0.07210	0.00416	0.00742

[dist]
# distance from previous block
# <min> <max>
0	2

[block]
# block no. 2 follows, 34 sequences, length 36
# corresponding to MSA columns:
# 376-411
name=unknown_C
#
# <colnr> <probs for GDERKNQSTAVLIFYWHMCP>
#	G	D	E	R	K	N	Q	S	T	A	V	L	I	F	Y	W	H	M	C	P
0	0.03935	0.06043	0.04688	0.06182	0.02118	0.01499	0.09151	0.15663	0.14713	0.15731	0.01752	0.01781	0.01266	0.00698	0.00618	0.00187	0.00668	0.00590	0.00538	0.12178
1	0.01472	0.01291	0.01566	0.22936	0.02408	0.04166	0.01221	0.02497	0.34961	0.04388	0.02135	0.05487	0.03241	0.03961	0.00853	0.00238	0.05093	0.00732	0.00506	0.00850
2	0.01322	0.01242	0.01690	0.06153	0.01759	0.01505	0.01189	0.01524	0.01118	0.01710	0.01138	0.05434	0.01100	0.01176	0.05499	0.00269	0.43062	0.00591	0.00330	0.22189
3	0.01327	0.01278	0.01771	0.01532	0.01550	0.01737	0.01257	0.01477	0.01082	0.01654	0.09125	0.01982	0.01541	0.06020	0.02041	0.00296	0.62660	0.00658	0.00338	0.00676
4	0.01020	0.00655	0.00827	0.00829	0.00901	0.00649	0.00550	0.01126	0.01173	0.05801	0.10907	0.18038	0.03028	0.38682	0.12494	0.00538	0.00691	0.01089	0.00488	0.00512
5	0.01605	0.01645	0.02019	0.05436	0.27304	0.14828	0.04229	0.02068	0.09385	0.02018	0.09566	0.02071	0.01699	0.03679	0.00920	0.00220	0.09407	0.00652	0.00402	0.00847
6	0.50402	0.01190	0.01169	0.00969	0.01409	0.01250	0.00799	0.02397	0.01398	0.31108	0.01557	0.01508	0.01058	0.00679	0.00499	0.00200	0.00520	0.00469	0.00559	0.00859
7	0.35323	0.06326	0.19604	0.01496	0.06193	0.01508	0.06956	0.02133	0.04165	0.08998	0.01238	0.01377	0.00913	0.00624	0.00531	0.00199	0.00693	0.00471	0.00398	0.00854
8	0.02080	0.30303	0.02313	0.04331	0.04665	0.01768	0.01105	0.14713	0.01742	0.20432	0.01485	0.01545	0.01107	0.00758	0.00662	0.04949	0.00652	0.00499	0.00484	0.04406
9	0.81856	0.01250	0.00950	0.00850	0.01250	0.01449	0.00700	0.01899	0.01100	0.02899	0.00900	0.01050	0.00700	0.00600	0.00400	0.00200	0.00500	0.00350	0.00400	0.00700
10	0.22591	0.01306	0.01525	0.01410	0.06163	0.04503	0.07059	0.04798	0.18730	0.07683	0.01689	0.05306	0.01373	0.00983	0.00862	0.11502	0.00615	0.00628	0.00481	0.00795
11	0.07319	0.06498	0.01756	0.01476	0.01820	0.45035	0.01161	0.06485	0.01766	0.08126	0.01413	0.01935	0.01220	0.00809	0.00652	0.00189	0.03266	0.07869	0.00420	0.00784
12	0.77529	0.01241	0.00980	0.00866	0.01271	0.01422	0.00713	0.01968	0.01141	0.06779	0.00990	0.01113	0.00749	0.00611	0.00414	0.00200	0.00503	0.00366	0.00422	0.00722
13	0.22359	0.05753	0.01460	0.01309	0.04417	0.01408	0.01057	0.10299	0.05678	0.02435	0.01968	0.03428	0.01913	0.01105	0.00814	0.00239	0.08780	0.24334	0.00490	0.00753
14	0.23617	0.01386	0.01479	0.01220	0.04322	0.01400	0.00951	0.22855	0.01842	0.09787	0.01340	0.01418	0.00994	0.00636	0.00530	0.00167	0.00572	0.00467	0.00505	0.24512
15	0.02118	0.02556	0.02434	0.02096	0.06934	0.46685	0.20540	0.05373	0.01776	0.01858	0.01122	0.01369	0.00897	0.00631	0.00639	0.00183	0.01099	0.00529	0.00344	0.00816
16	0.20273	0.35612	0.05173	0.01610	0.13707	0.01925	0.03383	0.02046	0.01344	0.08078	0.01114	0.01267	0.00901	0.00590	0.00487	0.00172	0.00670	0.00429	0.00358	0.00861
17	0.04933	0.01323	0.01998	0.19872	0.29375	0.01410	0.01577	0.10573	0.01644	0.08260	0.01640	0.02422	0.01395	0.00801	0.00667	0.00213	0.00730	0.09838	0.00434	0.00896
18	0.02157	0.06331	0.01927	0.01541	0.04870	0.08268	0.03987	0.06419	0.01588	0.29850	0.01642	0.01751	0.01199	0.01015	0.04260	0.00252	0.20931	0.00585	0.00516	0.00909
19	0.81856	0.01250	0.00950	0.00850	0.01250	0.01449	0.00700	0.01899	0.01100	0.02899	0.00900	0.01050	0.00700	0.00600	0.00400	0.00200	0.00500	0.00350	0.00400	0.00700
20	0.06153	0.01229	0.01991	0.52397	0.17959	0.01427	0.01717	0.01822	0.01350	0.06129	0.01231	0.01687	0.00929	0.00638	0.00630	0.00209	0.00802	0.00566	0.00331	0.00801
21	0.01626	0.01498	0.01820	0.34667	0.10160	0.11953	0.01471	0.03556	0.15057	0.06217	0.01548	0.01815	0.01168	0.00702	0.00631	0.00203	0.00784	0.00587	0.03701	0.00837
22	0.81856	0.01250	0.00950	0.00850	0.01250	0.01449	0.00700	0.01899	0.01100	0.02899	0.00900	0.01050	0.00700	0.00600	0.00400	0.00200	0.00500	0.00350	0.00400	0.00700
23	0.03329	0.01649	0.06085	0.10610	0.45947	0.04308	0.01783	0.09967	0.01656	0.06565	0.01309	0.01603	0.01026	0.00625	0.00633	0.00195	0.00777	0.00565	0.00382	0.00985
24	0.01920	0.31390	0.02433	0.01421	0.01769	0.26509	0.01207	0.02102	0.01433	0.04500	0.01007	0.01241	0.00883	0.00819	0.02456	0.00201	0.17172	0.00437	0.00320	0.00781
25	0.01326	0.00881	0.01167	0.01331	0.11552	0.00870	0.00849	0.01756	0.09379	0.09592	0.15530	0.18397	0.04325	0.02971	0.00732	0.00215	0.00442	0.01003	0.16943	0.00741
26	0.00890	0.00739	0.00887	0.00845	0.01008	0.00740	0.00648	0.01091	0.01457	0.01906	0.22316	0.04938	0.39493	0.03428	0.08624	0.00315	0.08380	0.01152	0.00565	0.00579
27	0.00882	0.00651	0.00814	0.00804	0.00940	0.00606	0.00588	0.01111	0.01575	0.02151	0.42419	0.11599	0.17138	0.08996	0.04896	0.00298	0.00428	0.02908	0.00628	0.00567
28	0.01503	0.01576	0.06757	0.33593	0.18054	0.05507	0.06740	0.06655	0.05270	0.02044	0.01273	0.01649	0.00980	0.00635	0.00639	0.00200	0.00832	0.00572	0.00348	0.05174
29	0.00914	0.00660	0.00864	0.00813	0.00965	0.00610	0.00610	0.01219	0.01829	0.02591	0.72921	0.04827	0.06097	0.01321	0.00762	0.00203	0.00305	0.01169	0.00711	0.00610
30	0.01340	0.01148	0.01340	0.00957	0.01531	0.00861	0.00766	0.01627	0.01340	0.02105	0.01148	0.01340	0.00957	0.00479	0.00479	0.00096	0.00479	0.00383	0.00383	0.81242
31	0.01245	0.00810	0.00795	0.00738	0.00951	0.04521	0.00556	0.01527	0.01402	0.02292	0.06523	0.06516	0.01946	0.00817	0.00503	0.00153	0.00376	0.00667	0.55813	0.11851
32	0.81856	0.01250	0.00950	0.00850	0.01250	0.01449	0.00700	0.01899	0.01100	0.02899	0.00900	0.01050	0.00700	0.00600	0.00400	0.00200	0.00500	0.00350	0.00400	0.00700
33	0.01414	0.01240	0.01272	0.01159	0.01455	0.05362	0.00892	0.02634	0.44772	0.02559	0.22437	0.03218	0.06790	0.01029	0.00688	0.00212	0.00480	0.00869	0.00651	0.00867
34	0.00895	0.05064	0.04096	0.00837	0.01045	0.00716	0.00671	0.01121	0.01523	0.01999	0.26887	0.20904	0.28872	0.01515	0.00751	0.00218	0.00378	0.01309	0.00604	0.00595
35	0.00952	0.00848	0.05012	0.00994	0.04216	0.00694	0.00759	0.01273	0.01756	0.02465	0.59948	0.04614	0.11453	0.01277	0.00749	0.00204	0.00363	0.01121	0.00660	0.00641

[dist]
# distance from previous block
# <min> <max>
0	125

[block]
# block no. 3 follows, 34 sequences, length 11
# corresponding to MSA columns:
# 583-593
name=unknown_D
#
# <colnr> <probs for GDERKNQSTAVLIFYWHMCP>
#	G	D	E	R	K	N	Q	S	T	A	V	L	I	F	Y	W	H	M	C	P
0	0.01328	0.01928	0.27547	0.10411	0.09311	0.01317	0.06004	0.01939	0.07108	0.04551	0.15294	0.02350	0.03728	0.00816	0.00721	0.00209	0.03459	0.00700	0.00424	0.00854
1	0.01470	0.01380	0.04656	0.07180	0.01833	0.08963	0.04972	0.02117	0.17281	0.06648	0.14765	0.02686	0.05562	0.03549	0.05209	0.00257	0.00692	0.00745	0.00516	0.09519
2	0.00847	0.00634	0.00787	0.00799	0.00937	0.00573	0.00580	0.01071	0.01596	0.02156	0.39956	0.23635	0.20913	0.01574	0.00779	0.00222	0.00328	0.01385	0.00657	0.00573
3	0.01786	0.00827	0.01037	0.00881	0.01185	0.00740	0.00697	0.02049	0.01678	0.31824	0.18320	0.03329	0.11555	0.01007	0.00640	0.00191	0.00408	0.00841	0.20202	0.00802
4	0.01727	0.77681	0.03386	0.01106	0.01658	0.02557	0.01106	0.01935	0.01313	0.01520	0.00898	0.01036	0.00829	0.00553	0.00415	0.00138	0.00691	0.00345	0.00276	0.00829
5	0.00787	0.00562	0.00750	0.00900	0.00937	0.00525	0.00600	0.00900	0.01237	0.01649	0.03561	0.76871	0.04274	0.02024	0.00825	0.00262	0.00375	0.01837	0.00600	0.00525
6	0.01761	0.57701	0.07278	0.01202	0.01739	0.07298	0.01175	0.07458	0.01518	0.01820	0.05015	0.01319	0.01146	0.00625	0.00476	0.00152	0.00719	0.00423	0.00334	0.00840
7	0.01551	0.05823	0.05350	0.07594	0.22847	0.01605	0.15437	0.06477	0.12863	0.02256	0.06366	0.01935	0.01480	0.00716	0.00741	0.00206	0.04759	0.00662	0.00414	0.00917
8	0.01601	0.17957	0.01890	0.01097	0.01611	0.01405	0.00935	0.06303	0.01447	0.06559	0.01183	0.01347	0.00970	0.00588	0.00622	0.00133	0.06822	0.00420	0.00395	0.46715
9	0.62323	0.04305	0.01134	0.00955	0.01333	0.06463	0.00773	0.02013	0.06823	0.02669	0.01195	0.05470	0.01018	0.00705	0.00458	0.00200	0.00547	0.00469	0.00422	0.00724
10	0.02272	0.06132	0.02048	0.01500	0.01996	0.04984	0.10559	0.20200	0.14824	0.25684	0.01970	0.01893	0.01374	0.00752	0.00648	0.00199	0.00694	0.00633	0.00617	0.01022

[dist]
# distance from previous block
# <min> <max>
0	1

[block]
# block no. 4 follows, 34 sequences, length 21
# corresponding to MSA columns:
# 595-615
name=unknown_E
#
# <colnr> <probs for GDERKNQSTAVLIFYWHMCP>
#	G	D	E	R	K	N	Q	S	T	A	V	L	I	F	Y	W	H	M	C	P
0	0.01398	0.03789	0.10561	0.09481	0.07072	0.04700	0.03281	0.01966	0.13466	0.03301	0.01508	0.01868	0.01237	0.01591	0.14585	0.05849	0.07379	0.00590	0.00381	0.05996
1	0.00913	0.00644	0.00790	0.00784	0.00891	0.00626	0.00549	0.01091	0.01356	0.01883	0.25113	0.09390	0.13223	0.22639	0.11488	0.00435	0.00594	0.01076	0.05986	0.00530
2	0.00929	0.00705	0.00963	0.05504	0.03396	0.00699	0.00771	0.01213	0.04668	0.01980	0.21362	0.42233	0.04295	0.01643	0.00790	0.00243	0.00422	0.06978	0.00604	0.00602
3	0.01501	0.00792	0.01014	0.00890	0.01160	0.00699	0.00691	0.01750	0.01730	0.24765	0.33302	0.08038	0.18540	0.01259	0.00730	0.00208	0.00390	0.01081	0.00710	0.00746
4	0.02848	0.01182	0.01550	0.01189	0.01690	0.01072	0.00982	0.11014	0.01987	0.65650	0.02434	0.02124	0.01542	0.00797	0.00649	0.00199	0.00568	0.00642	0.00782	0.01100
5	0.04425	0.01501	0.07904	0.17398	0.21504	0.04923	0.01483	0.06558	0.07963	0.02190	0.07491	0.06997	0.05246	0.00846	0.00657	0.00206	0.00701	0.00734	0.00429	0.00845
6	0.81856	0.01250	0.00950	0.00850	0.01250	0.01449	0.00700	0.01899	0.01100	0.02899	0.00900	0.01050	0.00700	0.00600	0.00400	0.00200	0.00500	0.00350	0.00400	0.00700
7	0.81856	0.01250	0.00950	0.00850	0.01250	0.01449	0.00700	0.01899	0.01100	0.02899	0.00900	0.01050	0.00700	0.00600	0.00400	0.00200	0.00500	0.00350	0.00400	0.00700
8	0.01502	0.01279	0.02057	0.16736	0.39276	0.01330	0.01598	0.01954	0.06053	0.07053	0.07897	0.07106	0.01764	0.00788	0.00666	0.00204	0.00686	0.00729	0.00423	0.00900
9	0.39096	0.01196	0.01157	0.00907	0.01399	0.01137	0.00735	0.01755	0.01227	0.02478	0.01032	0.01204	0.00836	0.00535	0.00442	0.00145	0.00489	0.00367	0.00391	0.43474
10	0.81856	0.01250	0.00950	0.00850	0.01250	0.01449	0.00700	0.01899	0.01100	0.02899	0.00900	0.01050	0.00700	0.00600	0.00400	0.00200	0.00500	0.00350	0.00400	0.00700
11	0.01076	0.00804	0.01047	0.06083	0.01375	0.00838	0.00822	0.09040	0.03776	0.02050	0.08935	0.42461	0.03500	0.01902	0.06830	0.00312	0.00574	0.07364	0.00574	0.00636
12	0.81856	0.01250	0.00950	0.00850	0.01250	0.01449	0.00700	0.01899	0.01100	0.02899	0.00900	0.01050	0.00700	0.00600	0.00400	0.00200	0.00500	0.00350	0.00400	0.00700
13	0.02383	0.02753	0.01834	0.01613	0.01983	0.57162	0.01234	0.15841	0.05440	0.02116	0.01184	0.01300	0.00938	0.00697	0.00599	0.00174	0.01046	0.00463	0.00409	0.00830
14	0.01587	0.01210	0.01833	0.32550	0.02907	0.01339	0.08411	0.14108	0.01689	0.08607	0.01698	0.05972	0.01377	0.00807	0.00656	0.00209	0.00728	0.03686	0.09821	0.00806
15	0.01438	0.06485	0.01382	0.01112	0.01372	0.12418	0.00881	0.07604	0.04743	0.04668	0.09591	0.07060	0.27057	0.01204	0.00861	0.00211	0.09745	0.00936	0.00522	0.00710
16	0.00919	0.00681	0.01011	0.01023	0.01118	0.00674	0.04861	0.01062	0.01207	0.01637	0.06368	0.37506	0.03237	0.10959	0.14061	0.05923	0.00706	0.06015	0.00499	0.00532
17	0.07717	0.01031	0.01265	0.01047	0.01428	0.00976	0.00831	0.02563	0.10566	0.41869	0.07350	0.04929	0.08326	0.06124	0.00835	0.00235	0.00506	0.00789	0.00697	0.00917
18	0.32588	0.01537	0.01595	0.06529	0.05359	0.01730	0.01103	0.36533	0.02101	0.03361	0.01259	0.01374	0.00927	0.00690	0.00552	0.00198	0.00644	0.00493	0.00512	0.00917
19	0.01353	0.01339	0.06817	0.20344	0.23832	0.01284	0.01492	0.09138	0.01551	0.02090	0.02189	0.14796	0.09115	0.00974	0.00684	0.00213	0.00685	0.00865	0.00421	0.00817
20	0.01580	0.01437	0.01828	0.05401	0.01971	0.07484	0.09383	0.02395	0.26045	0.06346	0.01790	0.02016	0.01419	0.01459	0.12291	0.00351	0.14835	0.00659	0.00464	0.00844

[dist]
# distance from previous block
# <min> <max>
0	10

[block]
# block no. 5 follows, 34 sequences, length 92
# corresponding to MSA columns:
# 639-705,714-738
name=unknown_F
#
# <colnr> <probs for GDERKNQSTAVLIFYWHMCP>
#	G	D	E	R	K	N	Q	S	T	A	V	L	I	F	Y	W	H	M	C	P
0	0.06748	0.03152	0.01356	0.01043	0.01478	0.01057	0.00839	0.11805	0.01672	0.13258	0.05860	0.10261	0.04284	0.00879	0.00599	0.00169	0.00508	0.03040	0.00539	0.31453
1	0.09507	0.04029	0.43297	0.05739	0.02401	0.06056	0.01799	0.02098	0.04148	0.07394	0.01554	0.04169	0.03636	0.00725	0.00605	0.00204	0.00823	0.00564	0.00367	0.00885
2	0.20783	0.04268	0.07470	0.01610	0.09843	0.09764	0.05053	0.07567	0.08092	0.12087	0.01496	0.01711	0.01156	0.05537	0.00746	0.00223	0.00713	0.00547	0.00461	0.00871
3	0.01641	0.01448	0.02139	0.20663	0.35006	0.06914	0.01666	0.01982	0.01435	0.09028	0.01331	0.01711	0.01058	0.00948	0.05830	0.00260	0.05115	0.00578	0.00360	0.00887
4	0.08181	0.01231	0.01292	0.01098	0.01453	0.06348	0.00869	0.09798	0.12616	0.21296	0.17728	0.03006	0.10382	0.00988	0.00663	0.00203	0.00524	0.00805	0.00655	0.00865
5	0.01433	0.01270	0.06525	0.08078	0.01956	0.01097	0.06697	0.02029	0.13714	0.09016	0.06722	0.11528	0.02001	0.00888	0.00645	0.00188	0.00586	0.02272	0.00504	0.22852
6	0.51949	0.01299	0.01226	0.01110	0.05400	0.01382	0.00838	0.08749	0.01366	0.02799	0.01036	0.01193	0.00814	0.00590	0.00455	0.00176	0.00531	0.00393	0.00416	0.18277
7	0.04826	0.04168	0.05121	0.02168	0.16843	0.01580	0.15959	0.14842	0.01698	0.04019	0.04734	0.08638	0.01523	0.00848	0.00851	0.00215	0.09913	0.00739	0.00433	0.00882
8	0.01379	0.15721	0.04700	0.05234	0.01844	0.01266	0.05401	0.01683	0.01342	0.01935	0.01300	0.05744	0.01174	0.00628	0.00528	0.00136	0.00594	0.02055	0.00367	0.46969
9	0.69337	0.01234	0.01010	0.00866	0.01293	0.01358	0.00710	0.01857	0.01137	0.02776	0.00938	0.01095	0.00740	0.00581	0.00412	0.00184	0.00497	0.00355	0.00397	0.13224
10	0.01483	0.05620	0.29821	0.01806	0.06280	0.01608	0.09036	0.02605	0.30190	0.02296	0.01765	0.01829	0.01318	0.00709	0.00640	0.00208	0.00766	0.00610	0.00438	0.00972
11	0.01942	0.01661	0.08813	0.01336	0.01819	0.01572	0.01171	0.41732	0.06360	0.04735	0.07087	0.05052	0.04866	0.00876	0.00649	0.00194	0.00634	0.00698	0.03357	0.05447
12	0.01539	0.02987	0.02185	0.14654	0.02502	0.06391	0.21408	0.04581	0.01491	0.07168	0.04167	0.06290	0.01531	0.00909	0.00889	0.04255	0.06554	0.03786	0.05956	0.00759
13	0.01032	0.00843	0.01236	0.13654	0.01689	0.01011	0.00967	0.01249	0.01111	0.01560	0.05608	0.05540	0.01859	0.14665	0.34916	0.00663	0.10677	0.00766	0.00365	0.00588
14	0.00845	0.00625	0.00855	0.00921	0.01012	0.00635	0.00666	0.01020	0.01236	0.01683	0.09002	0.38260	0.09281	0.02941	0.27237	0.00531	0.00850	0.01331	0.00519	0.00552
15	0.01246	0.02954	0.62695	0.05783	0.02700	0.01405	0.02172	0.01928	0.01389	0.02037	0.05007	0.01799	0.04685	0.00702	0.00630	0.00206	0.00886	0.00561	0.00312	0.00904
16	0.00796	0.00566	0.00747	0.00889	0.00924	0.00530	0.00588	0.00902	0.01221	0.01628	0.03478	0.72887	0.04168	0.06151	0.00960	0.00282	0.00389	0.01788	0.00588	0.00518
17	0.01296	0.03342	0.73944	0.01842	0.02797	0.01501	0.02387	0.02046	0.01364	0.02046	0.01160	0.01364	0.00818	0.00614	0.00614	0.00205	0.00955	0.00477	0.00273	0.00955
18	0.00787	0.00562	0.00750	0.00900	0.00937	0.00525	0.00600	0.00900	0.01237	0.01649	0.03561	0.76871	0.04274	0.02024	0.00825	0.00262	0.00375	0.01837	0.00600	0.00525
19	0.01557	0.01492	0.02546	0.11951	0.65607	0.01524	0.01962	0.01946	0.01451	0.02060	0.01208	0.01613	0.01005	0.00584	0.00640	0.00195	0.00778	0.00576	0.00316	0.00989
20	0.01572	0.01212	0.01347	0.01235	0.01546	0.01343	0.00960	0.09930	0.42256	0.06597	0.02746	0.16985	0.02424	0.01146	0.00705	0.00229	0.00514	0.05694	0.00649	0.00909
21	0.00766	0.00644	0.00665	0.00682	0.00880	0.00543	0.00503	0.00924	0.01446	0.01735	0.06211	0.14142	0.65292	0.01680	0.00770	0.00223	0.00333	0.01417	0.00600	0.00543
22	0.02899	0.01100	0.01499	0.01150	0.01649	0.00950	0.00950	0.03149	0.01849	0.73709	0.02549	0.02199	0.01599	0.00800	0.00650	0.00200	0.00550	0.00650	0.00800	0.01100
23	0.01727	0.77681	0.03386	0.01106	0.01658	0.02557	0.01106	0.01935	0.01313	0.01520	0.00898	0.01036	0.00829	0.00553	0.00415	0.00138	0.00691	0.00345	0.00276	0.00829
24	0.00979	0.00678	0.00830	0.00791	0.00976	0.00605	0.00593	0.01224	0.01681	0.06536	0.43718	0.10132	0.25987	0.01435	0.00760	0.00212	0.00331	0.01243	0.00675	0.00614
25	0.81856	0.01250	0.00950	0.00850	0.01250	0.01449	0.00700	0.01899	0.01100	0.02899	0.00900	0.01050	0.00700	0.00600	0.00400	0.00200	0.00500	0.00350	0.00400	0.00700
26	0.00787	0.00562	0.00750	0.00900	0.00937	0.00525	0.00600	0.00900	0.01237	0.01649	0.03561	0.76871	0.04274	0.02024	0.00825	0.00262	0.00375	0.01837	0.00600	0.00525
27	0.00902	0.00651	0.00852	0.00822	0.00962	0.00601	0.00609	0.01187	0.01770	0.02497	0.66002	0.12013	0.05915	0.01391	0.00768	0.00209	0.00312	0.01235	0.00700	0.00601
28	0.81856	0.01250	0.00950	0.00850	0.01250	0.01449	0.00700	0.01899	0.01100	0.02899	0.00900	0.01050	0.00700	0.00600	0.00400	0.00200	0.00500	0.00350	0.00400	0.00700
29	0.00927	0.00670	0.00933	0.00948	0.01029	0.00741	0.00695	0.01092	0.01044	0.01461	0.01990	0.06946	0.02054	0.24398	0.47792	0.00850	0.01304	0.04220	0.00384	0.00524
30	0.01340	0.01148	0.01340	0.00957	0.01531	0.00861	0.00766	0.01627	0.01340	0.02105	0.01148	0.01340	0.00957	0.00479	0.00479	0.00096	0.00479	0.00383	0.00383	0.81242
31	0.02414	0.03079	0.01831	0.01665	0.01998	0.74698	0.01248	0.02580	0.01831	0.01581	0.00999	0.01165	0.00832	0.00666	0.00583	0.00166	0.01165	0.00416	0.00333	0.00749
32	0.02899	0.01100	0.01499	0.01150	0.01649	0.00950	0.00950	0.03149	0.01849	0.73709	0.02549	0.02199	0.01599	0.00800	0.00650	0.00200	0.00550	0.00650	0.00800	0.01100
33	0.81856	0.01250	0.00950	0.00850	0.01250	0.01449	0.00700	0.01899	0.01100	0.02899	0.00900	0.01050	0.00700	0.00600	0.00400	0.00200	0.00500	0.00350	0.00400	0.00700
34	0.01599	0.01535	0.02623	0.03966	0.73262	0.01535	0.01983	0.01983	0.01471	0.02111	0.01215	0.01599	0.01023	0.00576	0.00640	0.00192	0.00768	0.00576	0.00320	0.01023
35	0.02456	0.01810	0.01939	0.01487	0.02004	0.02004	0.01228	0.71107	0.03038	0.04072	0.01551	0.01551	0.01099	0.00776	0.00646	0.00194	0.00711	0.00582	0.00646	0.01099
36	0.02010	0.01588	0.01688	0.01396	0.01834	0.01795	0.01120	0.35539	0.39333	0.03352	0.02118	0.02003	0.01558	0.00829	0.00652	0.00207	0.00606	0.00660	0.00652	0.01059
37	0.00787	0.00562	0.00750	0.00900	0.00937	0.00525	0.00600	0.00900	0.01237	0.01649	0.03561	0.76871	0.04274	0.02024	0.00825	0.00262	0.00375	0.01837	0.00600	0.00525
38	0.00787	0.00562	0.00750	0.00900	0.00937	0.00525	0.00600	0.00900	0.01237	0.01649	0.03561	0.76871	0.04274	0.02024	0.00825	0.00262	0.00375	0.01837	0.00600	0.00525
39	0.15942	0.01437	0.01680	0.20665	0.02433	0.01622	0.01232	0.32895	0.02086	0.08663	0.01433	0.01593	0.01029	0.00712	0.00596	0.00199	0.00685	0.00546	0.03642	0.00911
40	0.07049	0.01094	0.01319	0.06097	0.01627	0.01104	0.00908	0.12618	0.06410	0.26913	0.13107	0.02659	0.06160	0.00900	0.00636	0.00198	0.00514	0.00735	0.09068	0.00885
41	0.00892	0.00659	0.00850	0.00971	0.01063	0.00643	0.00708	0.01161	0.06184	0.01782	0.03634	0.54395	0.07776	0.01878	0.00823	0.00264	0.00424	0.14718	0.00603	0.00574
42	0.02410	0.01787	0.01913	0.01477	0.01986	0.01982	0.01217	0.67396	0.06824	0.03997	0.01610	0.01598	0.01147	0.00781	0.00647	0.00195	0.00700	0.00590	0.00647	0.01095
43	0.01496	0.01289	0.02087	0.43593	0.24084	0.01463	0.01737	0.05635	0.01466	0.05947	0.01281	0.01711	0.00978	0.00653	0.00670	0.00207	0.02311	0.00580	0.01966	0.00846
44	0.02899	0.01100	0.01499	0.01150	0.01649	0.00950	0.00950	0.03149	0.01849	0.73709	0.02549	0.02199	0.01599	0.00800	0.00650	0.00200	0.00550	0.00650	0.00800	0.01100
45	0.04677	0.01390	0.01823	0.14847	0.13301	0.01571	0.04444	0.04571	0.40973	0.02442	0.01996	0.02059	0.01513	0.00761	0.00647	0.00213	0.00643	0.00662	0.00515	0.00952
46	0.01340	0.01148	0.01340	0.00957	0.01531	0.00861	0.00766	0.01627	0.01340	0.02105	0.01148	0.01340	0.00957	0.00479	0.00479	0.00096	0.00479	0.00383	0.00383	0.81242
47	0.01543	0.02161	0.32416	0.04957	0.17351	0.01418	0.01812	0.02284	0.12409	0.09386	0.01580	0.01756	0.01177	0.00959	0.05741	0.00262	0.00855	0.00574	0.00402	0.00959
48	0.00976	0.00686	0.00815	0.00767	0.00969	0.00604	0.00581	0.01217	0.01678	0.06746	0.40131	0.05254	0.34358	0.01422	0.00756	0.00209	0.00330	0.01219	0.00669	0.00613
49	0.07183	0.08747	0.01657	0.01128	0.01628	0.01138	0.00951	0.02958	0.01754	0.62561	0.02292	0.02019	0.01472	0.00764	0.00612	0.00194	0.00561	0.00603	0.00725	0.01050
50	0.01760	0.01249	0.01463	0.01100	0.01630	0.01091	0.00897	0.15434	0.01752	0.12471	0.01547	0.01827	0.01226	0.00653	0.00558	0.00141	0.00540	0.04217	0.00504	0.49939
51	0.00923	0.00692	0.01038	0.01038	0.01154	0.00808	0.00808	0.01154	0.01038	0.01500	0.01731	0.02538	0.01615	0.04846	0.74732	0.01038	0.01731	0.00692	0.00346	0.00577
52	0.01631	0.01262	0.05417	0.01043	0.01624	0.00914	0.00891	0.01937	0.01437	0.15586	0.01413	0.01503	0.01070	0.00547	0.00518	0.00121	0.00518	0.00438	0.00455	0.61675
53	0.00940	0.00626	0.00705	0.00705	0.00705	0.00626	0.00392	0.00940	0.00940	0.01253	0.02036	0.04228	0.02349	0.77292	0.03289	0.00626	0.00626	0.00940	0.00392	0.00392
54	0.01607	0.01388	0.01461	0.01315	0.01680	0.01607	0.01023	0.03433	0.72094	0.02703	0.02630	0.02411	0.01972	0.00877	0.00657	0.00219	0.00511	0.00731	0.00657	0.01023
55	0.01607	0.01388	0.01461	0.01315	0.01680	0.01607	0.01023	0.03433	0.72094	0.02703	0.02630	0.02411	0.01972	0.00877	0.00657	0.00219	0.00511	0.00731	0.00657	0.01023
56	0.00787	0.00562	0.00750	0.00900	0.00937	0.00525	0.00600	0.00900	0.01237	0.01649	0.03561	0.76871	0.04274	0.02024	0.00825	0.00262	0.00375	0.01837	0.00600	0.00525
57	0.01725	0.01632	0.02007	0.01679	0.01851	0.09726	0.05251	0.08825	0.05262	0.05923	0.01153	0.01518	0.00982	0.00980	0.01569	0.00250	0.47918	0.00576	0.00376	0.00799
58	0.01340	0.01148	0.01340	0.00957	0.01531	0.00861	0.00766	0.01627	0.01340	0.02105	0.01148	0.01340	0.00957	0.00479	0.00479	0.00096	0.00479	0.00383	0.00383	0.81242
59	0.01180	0.00985	0.01060	0.01034	0.01193	0.05773	0.00749	0.03353	0.16814	0.01940	0.10260	0.19584	0.02857	0.15929	0.13896	0.00439	0.00736	0.01034	0.00526	0.00656
60	0.00911	0.00663	0.00858	0.00818	0.00974	0.00611	0.00619	0.01207	0.01797	0.02520	0.66667	0.04994	0.09785	0.01355	0.00767	0.00207	0.00317	0.03625	0.00701	0.00606
61	0.81856	0.01250	0.00950	0.00850	0.01250	0.01449	0.00700	0.01899	0.01100	0.02899	0.00900	0.01050	0.00700	0.00600	0.00400	0.00200	0.00500	0.00350	0.00400	0.00700
62	0.01065	0.00921	0.01230	0.10133	0.08698	0.00968	0.00962	0.01473	0.08239	0.01974	0.14408	0.04173	0.28115	0.01491	0.05907	0.00277	0.04713	0.04049	0.00522	0.00683
63	0.00992	0.00680	0.00855	0.00806	0.00985	0.00613	0.00606	0.01259	0.01736	0.06401	0.53299	0.08182	0.18392	0.01383	0.00759	0.00209	0.00326	0.01206	0.00690	0.00621
64	0.01310	0.04737	0.65595	0.06030	0.02889	0.01525	0.05048	0.02023	0.01365	0.02014	0.01159	0.01392	0.00828	0.00612	0.00617	0.00204	0.00949	0.00491	0.00276	0.00936
65	0.00932	0.00655	0.00850	0.00850	0.00901	0.00706	0.00573	0.01033	0.00983	0.01361	0.01903	0.03491	0.02029	0.45664	0.34479	0.00806	0.01109	0.00832	0.00372	0.00472
66	0.06076	0.09487	0.01782	0.12585	0.04534	0.04326	0.01097	0.11627	0.06072	0.02312	0.01255	0.01449	0.00996	0.00597	0.00538	0.00152	0.00633	0.00464	0.00408	0.33608
67	0.01727	0.77681	0.03386	0.01106	0.01658	0.02557	0.01106	0.01935	0.01313	0.01520	0.00898	0.01036	0.00829	0.00553	0.00415	0.00138	0.00691	0.00345	0.00276	0.00829
68	0.39736	0.01268	0.01188	0.01062	0.01441	0.01443	0.00850	0.02586	0.30366	0.07278	0.01809	0.01870	0.01379	0.00759	0.00535	0.00209	0.00505	0.02193	0.02671	0.00853
69	0.01160	0.00706	0.00905	0.00863	0.00973	0.00719	0.00599	0.01273	0.01110	0.10048	0.02246	0.03547	0.05895	0.40507	0.25973	0.00686	0.00958	0.00848	0.00437	0.00545
70	0.01527	0.01493	0.05536	0.52159	0.07991	0.08018	0.01703	0.06269	0.01497	0.05911	0.01244	0.01663	0.00923	0.00659	0.00639	0.00207	0.00860	0.00560	0.00344	0.00797
71	0.00936	0.00633	0.00819	0.00861	0.00962	0.00595	0.00603	0.01102	0.01383	0.05076	0.20261	0.38345	0.09473	0.09528	0.06036	0.00331	0.00479	0.01418	0.00598	0.00563
72	0.01785	0.05657	0.01855	0.12591	0.11990	0.01596	0.01264	0.30038	0.06577	0.02886	0.06992	0.02119	0.04734	0.00800	0.00634	0.00194	0.00652	0.00656	0.06063	0.00917
73	0.01204	0.00731	0.00963	0.00909	0.01109	0.00670	0.00712	0.01483	0.01738	0.12646	0.46234	0.08111	0.08810	0.01360	0.00767	0.00219	0.00385	0.10584	0.00696	0.00671
74	0.02899	0.01100	0.01499	0.01150	0.01649	0.00950	0.00950	0.03149	0.01849	0.73709	0.02549	0.02199	0.01599	0.00800	0.00650	0.00200	0.00550	0.00650	0.00800	0.01100
75	0.01727	0.77681	0.03386	0.01106	0.01658	0.02557	0.01106	0.01935	0.01313	0.01520	0.00898	0.01036	0.00829	0.00553	0.00415	0.00138	0.00691	0.00345	0.00276	0.00829
76	0.00813	0.00635	0.00738	0.00758	0.00915	0.00560	0.00551	0.01006	0.01523	0.01971	0.25311	0.22172	0.37473	0.01634	0.00777	0.00224	0.00332	0.01416	0.00633	0.00560
77	0.01340	0.01148	0.01340	0.00957	0.01531	0.00861	0.00766	0.01627	0.01340	0.02105	0.01148	0.01340	0.00957	0.00479	0.00479	0.00096	0.00479	0.00383	0.00383	0.81242
78	0.81856	0.01250	0.00950	0.00850	0.01250	0.01449	0.00700	0.01899	0.01100	0.02899	0.00900	0.01050	0.00700	0.00600	0.00400	0.00200	0.00500	0.00350	0.00400	0.00700
79	0.00782	0.00581	0.00731	0.00851	0.00924	0.00529	0.00578	0.00905	0.01284	0.01669	0.04160	0.62706	0.18052	0.01947	0.00812	0.00254	0.00365	0.01742	0.00600	0.00529
80	0.00797	0.00656	0.00701	0.00689	0.00893	0.00560	0.00517	0.00992	0.01551	0.01932	0.21186	0.05911	0.58243	0.01567	0.00763	0.00215	0.00322	0.01321	0.00625	0.00560
81	0.01710	0.31901	0.27521	0.05253	0.05783	0.01883	0.01620	0.05992	0.01491	0.09466	0.01228	0.01364	0.00933	0.00618	0.00544	0.00177	0.00781	0.00460	0.00354	0.00921
82	0.81856	0.01250	0.00950	0.00850	0.01250	0.01449	0.00700	0.01899	0.01100	0.02899	0.00900	0.01050	0.00700	0.00600	0.00400	0.00200	0.00500	0.00350	0.00400	0.00700
83	0.02899	0.01100	0.01499	0.01150	0.01649	0.00950	0.00950	0.03149	0.01849	0.73709	0.02549	0.02199	0.01599	0.00800	0.00650	0.00200	0.00550	0.00650	0.00800	0.01100
84	0.01867	0.01551	0.01945	0.01595	0.01811	0.01948	0.01325	0.27928	0.01799	0.05373	0.01182	0.01497	0.00973	0.00983	0.01504	0.00246	0.44587	0.00575	0.00441	0.00871
85	0.01470	0.01819	0.23401	0.28534	0.10318	0.01348	0.04481	0.01964	0.01451	0.10549	0.07153	0.01913	0.01383	0.00698	0.00650	0.00207	0.00806	0.00610	0.00384	0.00863
86	0.35620	0.02315	0.01463	0.01324	0.01685	0.44081	0.01019	0.02296	0.01525	0.02132	0.00957	0.01117	0.00777	0.00638	0.00506	0.00180	0.00887	0.00388	0.00361	0.00728
87	0.01174	0.01030	0.01642	0.30337	0.17305	0.01120	0.01351	0.01544	0.01548	0.02129	0.30392	0.02961	0.03027	0.00906	0.00692	0.00206	0.00615	0.00817	0.00467	0.00737
88	0.81856	0.01250	0.00950	0.00850	0.01250	0.01449	0.00700	0.01899	0.01100	0.02899	0.00900	0.01050	0.00700	0.00600	0.00400	0.00200	0.00500	0.00350	0.00400	0.00700
89	0.01038	0.00878	0.01372	0.19001	0.15043	0.00924	0.01134	0.01275	0.01293	0.01735	0.02565	0.45436	0.02877	0.01435	0.00749	0.00238	0.00561	0.01309	0.00475	0.00662
90	0.81856	0.01250	0.00950	0.00850	0.01250	0.01449	0.00700	0.01899	0.01100	0.02899	0.00900	0.01050	0.00700	0.00600	0.00400	0.00200	0.00500	0.00350	0.00400	0.00700
91	0.01305	0.01239	0.01701	0.01503	0.01535	0.01666	0.01220	0.01537	0.04979	0.01611	0.01336	0.09206	0.01376	0.04905	0.07305	0.00348	0.55473	0.00728	0.00345	0.00683

[dist]
# distance from previous block
# <min> <max>
0	23

[block]
# block no. 6 follows, 34 sequences, length 19
# corresponding to MSA columns:
# 762-780
name=unknown_G
#
# <colnr> <probs for GDERKNQSTAVLIFYWHMCP>
#	G	D	E	R	K	N	Q	S	T	A	V	L	I	F	Y	W	H	M	C	P
0	0.01590	0.38097	0.20794	0.15067	0.02490	0.02035	0.01567	0.08051	0.01475	0.01904	0.01068	0.01291	0.00856	0.00605	0.00528	0.00174	0.00791	0.00442	0.00310	0.00864
1	0.00940	0.00626	0.00705	0.00705	0.00705	0.00626	0.00392	0.00940	0.00940	0.01253	0.02036	0.04228	0.02349	0.77292	0.03289	0.00626	0.00626	0.00940	0.00392	0.00392
2	0.00787	0.00562	0.00750	0.00900	0.00937	0.00525	0.00600	0.00900	0.01237	0.01649	0.03561	0.76871	0.04274	0.02024	0.00825	0.00262	0.00375	0.01837	0.00600	0.00525
3	0.01220	0.01148	0.01938	0.75739	0.04450	0.01436	0.01794	0.01651	0.01292	0.01651	0.01148	0.01723	0.00861	0.00646	0.00646	0.00215	0.00861	0.00574	0.00287	0.00718
4	0.01414	0.01414	0.01979	0.01696	0.01696	0.01979	0.01414	0.01555	0.00990	0.01555	0.00848	0.01414	0.00848	0.01131	0.02120	0.00283	0.76110	0.00565	0.00283	0.00707
5	0.00814	0.00646	0.00732	0.00733	0.00910	0.00564	0.00541	0.01017	0.01559	0.02004	0.27353	0.13794	0.43884	0.01580	0.00770	0.00218	0.00326	0.01355	0.00635	0.00564
