[name]
unknown

[dist]
# distance from previous block
# <min> <max>
0	316

[block]
# block no. 0 follows, 46 sequences, length 25
# corresponding to MSA columns:
# 356-380
name=unknown_A
#
# <colnr> <probs for GDERKNQSTAVLIFYWHMCP>
#	G	D	E	R	K	N	Q	S	T	A	V	L	I	F	Y	W	H	M	C	P
0	0.05510	0.12810	0.06203	0.01448	0.14488	0.05105	0.05663	0.04921	0.06201	0.14644	0.01301	0.01553	0.01030	0.00571	0.00486	0.00148	0.00564	0.04565	0.00373	0.12416
1	0.09136	0.03778	0.23427	0.03200	0.10864	0.02051	0.02034	0.02628	0.02271	0.10232	0.01206	0.01587	0.00987	0.07400	0.00666	0.00182	0.00582	0.03265	0.00329	0.14175
2	0.09419	0.16039	0.16447	0.01134	0.04344	0.01272	0.01061	0.11282	0.04585	0.16070	0.02862	0.01591	0.01098	0.00610	0.00478	0.00155	0.00548	0.05056	0.00396	0.05554
3	0.06358	0.26873	0.15929	0.01281	0.08119	0.10733	0.01132	0.07797	0.01317	0.12047	0.03099	0.01195	0.00903	0.00535	0.00449	0.00144	0.00625	0.00393	0.00332	0.00740
4	0.10499	0.00773	0.00997	0.01029	0.09633	0.00762	0.00701	0.01387	0.03872	0.10297	0.43405	0.02770	0.03162	0.00845	0.00586	0.00162	0.02658	0.00719	0.00499	0.05244
5	0.02808	0.37659	0.10674	0.01007	0.01399	0.02742	0.04522	0.03331	0.01186	0.08661	0.06743	0.14285	0.01510	0.00724	0.00471	0.00150	0.00534	0.00587	0.00346	0.00661
6	0.01728	0.34774	0.08850	0.01003	0.01452	0.01466	0.00953	0.08382	0.05931	0.26889	0.02857	0.01350	0.01045	0.00567	0.00451	0.00143	0.00533	0.00423	0.00418	0.00785
7	0.02253	0.01065	0.08221	0.00992	0.01434	0.00818	0.00883	0.02495	0.01477	0.71553	0.01983	0.01738	0.01251	0.00641	0.00529	0.00164	0.00480	0.00519	0.00615	0.00889
8	0.02016	0.00992	0.05925	0.01010	0.01411	0.00799	0.05020	0.02264	0.01472	0.59490	0.11970	0.02021	0.01728	0.00690	0.00547	0.00165	0.00468	0.00584	0.00597	0.00829
9	0.02189	0.10667	0.01527	0.01014	0.01435	0.00969	0.05332	0.02404	0.01444	0.64565	0.01862	0.01662	0.01202	0.00617	0.00514	0.00158	0.00490	0.00507	0.00579	0.00862
10	0.02152	0.00986	0.01495	0.01318	0.10376	0.00881	0.07333	0.02390	0.01455	0.63010	0.01872	0.01710	0.01211	0.00615	0.00539	0.00164	0.00508	0.00533	0.00576	0.00876
11	0.01170	0.00666	0.00872	0.00787	0.00917	0.00688	0.00578	0.01281	0.00994	0.19694	0.01841	0.02650	0.05781	0.32988	0.20540	0.00471	0.06505	0.00660	0.00395	0.00522
12	0.00644	0.00460	0.00613	0.00736	0.00767	0.00429	0.00491	0.00736	0.01012	0.01350	0.02914	0.81076	0.03497	0.01656	0.00675	0.00215	0.00307	0.01503	0.00491	0.00429
13	0.02140	0.01065	0.01429	0.01389	0.15128	0.03663	0.00955	0.08123	0.01533	0.56217	0.01783	0.01641	0.01171	0.00616	0.00528	0.00161	0.00510	0.00510	0.00561	0.00878
14	0.01917	0.08283	0.04387	0.01222	0.01663	0.01486	0.06421	0.47539	0.03825	0.15896	0.01359	0.01347	0.00953	0.00606	0.00519	0.00158	0.00583	0.00480	0.00495	0.00861
15	0.01082	0.00713	0.01065	0.00999	0.01179	0.00681	0.08201	0.05343	0.01240	0.12797	0.02491	0.38843	0.02655	0.01285	0.00654	0.00208	0.00445	0.19061	0.00493	0.00566
16	0.80998	0.01045	0.00817	0.00721	0.01053	0.01209	0.00594	0.05294	0.00979	0.02420	0.00763	0.00879	0.00589	0.00498	0.00337	0.00163	0.00418	0.00296	0.00337	0.00589
17	0.08108	0.00736	0.02889	0.00756	0.00916	0.04506	0.00581	0.01089	0.01215	0.06211	0.21528	0.30488	0.14457	0.01213	0.00603	0.00185	0.00354	0.03165	0.00491	0.00510
18	0.13499	0.18234	0.01556	0.00985	0.01340	0.01262	0.04546	0.14235	0.04942	0.20009	0.01543	0.12923	0.01309	0.00723	0.00487	0.00161	0.00490	0.00584	0.00447	0.00725
19	0.16053	0.12725	0.01320	0.00858	0.01246	0.01067	0.00720	0.04317	0.06039	0.25081	0.06581	0.01488	0.01235	0.00573	0.00445	0.00139	0.00436	0.00437	0.00446	0.18795
20	0.09440	0.12431	0.09844	0.01127	0.03721	0.01305	0.03464	0.22411	0.03292	0.11256	0.05185	0.01360	0.01073	0.00567	0.00472	0.00146	0.00535	0.00441	0.00409	0.11520
21	0.11573	0.18014	0.05575	0.00935	0.01338	0.01199	0.00836	0.08104	0.05406	0.31059	0.06171	0.01598	0.02774	0.00620	0.00470	0.00152	0.00479	0.00474	0.00471	0.02750
22	0.31035	0.14337	0.09377	0.00994	0.03957	0.01236	0.00882	0.04473	0.02638	0.22700	0.01182	0.01195	0.00844	0.00536	0.00422	0.00154	0.00497	0.00382	0.00397	0.02761
23	0.35287	0.11996	0.11749	0.01172	0.09605	0.01266	0.00969	0.04216	0.01142	0.14053	0.02242	0.01155	0.00827	0.00532	0.00439	0.00158	0.01756	0.00378	0.00353	0.00704
24	0.28417	0.17599	0.13672	0.01290	0.12267	0.01378	0.01058	0.07466	0.01197	0.09785	0.00985	0.01088	0.00747	0.00510	0.00421	0.00153	0.00547	0.00368	0.00330	0.00723

[dist]
# distance from previous block
# <min> <max>
17	48

[block]
# block no. 1 follows, 46 sequences, length 13
# corresponding to MSA columns:
# 429-441
name=unknown_B
#
# <colnr> <probs for GDERKNQSTAVLIFYWHMCP>
#	G	D	E	R	K	N	Q	S	T	A	V	L	I	F	Y	W	H	M	C	P
0	0.14633	0.19280	0.21952	0.01418	0.14229	0.02672	0.01213	0.02933	0.01136	0.05783	0.00938	0.01082	0.00734	0.00483	0.00432	0.00143	0.00590	0.00363	0.00285	0.09701
1	0.04668	0.08931	0.20860	0.01182	0.04110	0.01157	0.03473	0.10294	0.04881	0.15111	0.05273	0.01418	0.01103	0.00557	0.00482	0.00146	0.00555	0.00447	0.00388	0.14962
2	0.07155	0.03830	0.07925	0.03563	0.39592	0.01199	0.01293	0.06872	0.05313	0.09172	0.05204	0.01460	0.01105	0.00546	0.00505	0.00157	0.00565	0.00479	0.00350	0.03713
3	0.07198	0.01170	0.04395	0.03539	0.38659	0.01068	0.03788	0.01759	0.01223	0.16971	0.01184	0.01340	0.00894	0.00497	0.00493	0.00148	0.00555	0.00447	0.00351	0.14321
4	0.01272	0.01056	0.01487	0.01690	0.28981	0.00925	0.01002	0.01566	0.03177	0.07353	0.01075	0.01247	0.00863	0.00448	0.00453	0.00116	0.00482	0.00394	0.00326	0.46088
5	0.00917	0.00803	0.01339	0.01153	0.01378	0.00764	0.19131	0.03723	0.02663	0.01664	0.10352	0.25769	0.08144	0.01145	0.00649	0.00197	0.00492	0.16226	0.00442	0.03049
6	0.01941	0.01447	0.01548	0.01202	0.01613	0.01607	0.00988	0.69063	0.09895	0.03221	0.01357	0.01339	0.00970	0.00643	0.00530	0.00161	0.00566	0.00488	0.00530	0.00893
7	0.02180	0.00964	0.01393	0.01357	0.15223	0.00864	0.00930	0.02404	0.01457	0.64618	0.01888	0.01711	0.01223	0.00621	0.00530	0.00162	0.00482	0.00521	0.00583	0.00888
8	0.01860	0.00974	0.01480	0.10169	0.09820	0.00931	0.06646	0.02182	0.05387	0.46599	0.01818	0.01971	0.01288	0.00664	0.00551	0.00172	0.00531	0.05626	0.00519	0.00812
9	0.35364	0.00973	0.01110	0.01000	0.06465	0.00973	0.00753	0.02103	0.01247	0.42841	0.01472	0.01390	0.00982	0.00576	0.00449	0.00163	0.00446	0.00429	0.00497	0.00765
10	0.01329	0.01099	0.01821	0.14036	0.50983	0.01117	0.01410	0.01621	0.01208	0.10383	0.01291	0.05799	0.01109	0.00606	0.00542	0.00167	0.00596	0.03786	0.00324	0.00771
11	0.01429	0.00890	0.04746	0.01225	0.08720	0.00763	0.06038	0.01657	0.01273	0.29456	0.03568	0.22741	0.02090	0.01002	0.00604	0.00189	0.00478	0.11943	0.00501	0.00685
12	0.00723	0.00528	0.00636	0.00668	0.00791	0.00472	0.00491	0.00874	0.01207	0.03877	0.17865	0.29758	0.32401	0.01382	0.00645	0.00192	0.00298	0.06214	0.00513	0.00467

[dist]
# distance from previous block
# <min> <max>
0	5

[block]
# block no. 2 follows, 46 sequences, length 14
# corresponding to MSA columns:
# 447-460
name=unknown_C
#
# <colnr> <probs for GDERKNQSTAVLIFYWHMCP>
#	G	D	E	R	K	N	Q	S	T	A	V	L	I	F	Y	W	H	M	C	P
0	0.01740	0.01088	0.08619	0.19528	0.06626	0.00940	0.01106	0.02052	0.02810	0.41902	0.01697	0.01905	0.01205	0.00656	0.00541	0.00172	0.00553	0.05598	0.00479	0.00783
1	0.01574	0.01126	0.04887	0.11637	0.29912	0.01044	0.06839	0.01871	0.01297	0.27253	0.04668	0.03085	0.01195	0.00587	0.00540	0.00165	0.00582	0.00539	0.00406	0.00794
2	0.01023	0.01355	0.17781	0.04749	0.08966	0.01021	0.24196	0.01426	0.04288	0.01601	0.01731	0.21896	0.04075	0.00837	0.00598	0.00185	0.00638	0.02646	0.00337	0.00652
3	0.01169	0.01137	0.02017	0.25439	0.41740	0.01193	0.11308	0.01498	0.01155	0.01590	0.01105	0.06209	0.00956	0.00557	0.00547	0.00169	0.00665	0.00554	0.00269	0.00723
4	0.01663	0.01498	0.28954	0.01116	0.01606	0.00891	0.01160	0.01999	0.01302	0.40289	0.01791	0.12467	0.01380	0.00738	0.00541	0.00172	0.00549	0.00615	0.00477	0.00792
5	0.01236	0.07961	0.64497	0.01400	0.02115	0.01235	0.01745	0.01772	0.01159	0.10529	0.01065	0.01177	0.00744	0.00516	0.00494	0.00163	0.00728	0.00400	0.00273	0.00788
6	0.01182	0.01884	0.36734	0.07631	0.07010	0.01190	0.23320	0.01662	0.01184	0.05842	0.01175	0.01611	0.00919	0.00560	0.00558	0.00176	0.00760	0.05583	0.00281	0.00737
7	0.01176	0.12429	0.65046	0.01401	0.02121	0.01310	0.01759	0.01712	0.01133	0.05811	0.00984	0.01120	0.00706	0.00504	0.00484	0.00160	0.00736	0.00385	0.00247	0.00775
8	0.01074	0.01029	0.01781	0.60501	0.18527	0.01200	0.05555	0.01424	0.01097	0.01445	0.00958	0.01390	0.00737	0.00513	0.00533	0.00172	0.00699	0.00478	0.00242	0.00644
9	0.00866	0.00613	0.00837	0.16060	0.01362	0.00610	0.00683	0.01030	0.01118	0.08449	0.03098	0.38408	0.22327	0.01263	0.00620	0.00193	0.00387	0.01112	0.00456	0.00508
10	0.01377	0.04879	0.22063	0.29934	0.08759	0.01147	0.02957	0.01756	0.01194	0.19093	0.01202	0.01389	0.00845	0.00541	0.00516	0.00167	0.00658	0.00458	0.00330	0.00737
11	0.01495	0.01215	0.09744	0.09152	0.20636	0.01024	0.11981	0.01813	0.01287	0.24808	0.04735	0.04163	0.04255	0.00627	0.00551	0.00168	0.00596	0.00580	0.00404	0.00767
12	0.01044	0.01855	0.46667	0.01171	0.01707	0.00935	0.01362	0.01462	0.01156	0.08631	0.02139	0.12383	0.15628	0.00825	0.00551	0.00175	0.00592	0.00685	0.00348	0.00683
13	0.01187	0.06207	0.29660	0.18800	0.06837	0.06908	0.16485	0.01615	0.01147	0.01543	0.00942	0.01228	0.00716	0.00513	0.00574	0.00168	0.04075	0.00452	0.00241	0.00703

[dist]
# distance from previous block
# <min> <max>
0	1

[block]
# block no. 3 follows, 46 sequences, length 73
# corresponding to MSA columns:
# 462-534
name=unknown_D
#
# <colnr> <probs for GDERKNQSTAVLIFYWHMCP>
#	G	D	E	R	K	N	Q	S	T	A	V	L	I	F	Y	W	H	M	C	P
0	0.01361	0.03340	0.57534	0.01341	0.02016	0.01114	0.01624	0.01861	0.01211	0.19642	0.01323	0.01373	0.02767	0.00558	0.00510	0.00166	0.00688	0.00440	0.00331	0.00799
1	0.01151	0.02059	0.45980	0.11805	0.02480	0.01201	0.18180	0.01659	0.01155	0.05599	0.01084	0.03339	0.00810	0.00531	0.00539	0.00172	0.00766	0.00489	0.00264	0.00738
2	0.01120	0.05330	0.42186	0.14124	0.06754	0.01141	0.03461	0.01565	0.01138	0.06237	0.03347	0.01604	0.05139	0.03906	0.00606	0.00181	0.00680	0.00489	0.00283	0.00709
3	0.01096	0.13119	0.03690	0.46693	0.08045	0.01236	0.03986	0.01401	0.01094	0.03380	0.01174	0.07128	0.01036	0.00636	0.00522	0.00171	0.00642	0.04052	0.00277	0.00620
4	0.00960	0.00826	0.01286	0.27011	0.17598	0.00871	0.02157	0.01202	0.01135	0.04048	0.03501	0.17397	0.18056	0.00918	0.00579	0.00180	0.00506	0.00818	0.00364	0.00589
5	0.01057	0.02349	0.19611	0.03057	0.05393	0.00815	0.05083	0.01344	0.01198	0.11005	0.09182	0.07976	0.21652	0.07051	0.00733	0.00199	0.00501	0.00767	0.00408	0.00618
6	0.01428	0.03525	0.21235	0.26619	0.05108	0.01124	0.08736	0.01810	0.01219	0.22168	0.01259	0.01423	0.00871	0.00544	0.00527	0.00168	0.00668	0.00477	0.00348	0.00744
7	0.01128	0.02640	0.74678	0.01478	0.02240	0.01204	0.01892	0.01721	0.01137	0.05645	0.01007	0.01151	0.00703	0.00510	0.00504	0.00167	0.00764	0.00398	0.00246	0.00787
8	0.01283	0.01971	0.49037	0.01240	0.01832	0.01002	0.01451	0.01726	0.01204	0.18642	0.01730	0.07358	0.07820	0.00693	0.00532	0.00171	0.00629	0.00566	0.00361	0.00753
9	0.01093	0.02581	0.69279	0.07849	0.02370	0.04440	0.01876	0.01666	0.01127	0.01632	0.00943	0.01133	0.00673	0.00506	0.00503	0.00167	0.00782	0.00395	0.00226	0.00759
10	0.01456	0.01427	0.21862	0.29240	0.06627	0.01078	0.01380	0.03409	0.01251	0.24272	0.02117	0.01466	0.00931	0.00564	0.00523	0.00169	0.00638	0.00473	0.00367	0.00750
11	0.01576	0.01146	0.03338	0.09915	0.40905	0.03036	0.01296	0.01853	0.01278	0.24521	0.01396	0.05078	0.01078	0.00588	0.00532	0.00163	0.00579	0.00531	0.00386	0.00806
12	0.00968	0.01644	0.34528	0.34084	0.02610	0.01084	0.01516	0.01397	0.01096	0.01498	0.01510	0.05476	0.09079	0.00658	0.00535	0.00175	0.00672	0.00554	0.00269	0.00648
13	0.01140	0.01059	0.13887	0.11053	0.04522	0.00799	0.04865	0.01401	0.01156	0.15939	0.03167	0.34691	0.02052	0.01020	0.00592	0.00188	0.00503	0.00915	0.00426	0.00627
14	0.01531	0.03111	0.41132	0.08042	0.03484	0.01079	0.02474	0.01963	0.01254	0.28769	0.01349	0.01386	0.00903	0.00556	0.00514	0.00166	0.00653	0.00450	0.00378	0.00805
15	0.01254	0.02094	0.49473	0.06010	0.13711	0.01154	0.03078	0.01744	0.01189	0.11353	0.03265	0.01333	0.00902	0.00533	0.00516	0.00166	0.00699	0.00445	0.00295	0.00785
16	0.00895	0.01641	0.37800	0.07764	0.01797	0.00914	0.04038	0.01287	0.01140	0.01554	0.03354	0.09215	0.22807	0.00868	0.00566	0.00178	0.00580	0.02642	0.00335	0.00627
17	0.01203	0.05793	0.28730	0.30542	0.11037	0.01221	0.04072	0.01624	0.01141	0.08205	0.01042	0.01301	0.00761	0.00517	0.00512	0.00167	0.00700	0.00443	0.00271	0.00719
18	0.01297	0.04542	0.13737	0.26983	0.13431	0.01067	0.02319	0.01620	0.01182	0.16462	0.01497	0.08349	0.03917	0.00662	0.00534	0.00170	0.00603	0.00576	0.00350	0.00702
19	0.01158	0.01610	0.29857	0.03741	0.20229	0.01031	0.05516	0.01548	0.01211	0.08485	0.05070	0.02097	0.13443	0.00683	0.00546	0.00169	0.00608	0.01938	0.00337	0.00725
20	0.01314	0.02148	0.47921	0.04114	0.12618	0.04394	0.06135	0.01795	0.01202	0.11775	0.01106	0.01253	0.00786	0.00517	0.00516	0.00165	0.00728	0.00435	0.00290	0.00788
21	0.01286	0.03229	0.51108	0.09712	0.08537	0.01166	0.01676	0.01777	0.01179	0.13737	0.01128	0.01266	0.00788	0.00526	0.00509	0.00166	0.00705	0.00426	0.00296	0.00783
22	0.01155	0.01362	0.22705	0.06119	0.14041	0.00933	0.01187	0.01550	0.05719	0.11676	0.02181	0.12684	0.13857	0.00834	0.00559	0.00176	0.00536	0.01645	0.00388	0.00692
23	0.01377	0.01082	0.01789	0.30462	0.38379	0.01146	0.01424	0.01687	0.01204	0.14596	0.01160	0.01428	0.00870	0.00523	0.00527	0.00165	0.00625	0.00481	0.00319	0.00758
24	0.01243	0.06692	0.39579	0.19414	0.02478	0.01225	0.09254	0.01705	0.01161	0.10735	0.01082	0.01280	0.00768	0.00518	0.00514	0.00167	0.00723	0.00443	0.00282	0.00738
25	0.01155	0.03725	0.11645	0.25703	0.33373	0.01156	0.01451	0.01491	0.01145	0.04133	0.01309	0.05650	0.04600	0.00601	0.00530	0.00167	0.00629	0.00541	0.00284	0.00712
26	0.01249	0.01186	0.01996	0.02988	0.70197	0.01181	0.01519	0.01550	0.01204	0.01704	0.01320	0.01738	0.05177	0.00566	0.00539	0.00162	0.00602	0.04039	0.00285	0.00799
27	0.01126	0.01054	0.01772	0.26225	0.45263	0.01121	0.01425	0.01422	0.01134	0.01563	0.01233	0.11941	0.01151	0.00646	0.00545	0.00170	0.00609	0.00608	0.00284	0.00707
28	0.02241	0.01556	0.26695	0.06849	0.05651	0.01035	0.14946	0.01746	0.01219	0.19934	0.01494	0.11636	0.01219	0.00677	0.00555	0.00175	0.00645	0.00618	0.00372	0.00739
29	0.01670	0.01242	0.10124	0.10597	0.31085	0.01054	0.01306	0.01977	0.01301	0.32192	0.01417	0.01494	0.00992	0.00554	0.00525	0.00163	0.00582	0.00486	0.00411	0.00828
30	0.01302	0.06082	0.06156	0.17903	0.37334	0.01269	0.13750	0.01645	0.01190	0.06770	0.01051	0.01343	0.00819	0.00491	0.00529	0.00163	0.00679	0.00485	0.00280	0.00759
31	0.01666	0.07525	0.01881	0.09628	0.31519	0.01148	0.06718	0.01942	0.01294	0.29360	0.01368	0.01467	0.00979	0.00539	0.00520	0.00159	0.00585	0.00489	0.00398	0.00814
32	0.01873	0.05388	0.28036	0.01134	0.01674	0.00995	0.01189	0.02218	0.01355	0.48292	0.01629	0.01518	0.01058	0.00592	0.00512	0.00162	0.00570	0.00471	0.00485	0.00848
33	0.01381	0.01207	0.02034	0.07642	0.67131	0.01210	0.01541	0.01688	0.01221	0.08247	0.01084	0.01356	0.00870	0.00490	0.00524	0.00159	0.00617	0.00476	0.00294	0.00828
34	0.00836	0.00729	0.01026	0.07969	0.18434	0.00700	0.00792	0.01048	0.01236	0.01616	0.17678	0.08520	0.35317	0.01045	0.00597	0.00173	0.00385	0.00909	0.00435	0.00555
35	0.01225	0.12814	0.61810	0.01377	0.02082	0.01299	0.01711	0.01744	0.01147	0.08586	0.01024	0.01143	0.00729	0.00510	0.00484	0.00160	0.00723	0.00389	0.00263	0.00779
36	0.01239	0.01326	0.16161	0.43892	0.07920	0.01146	0.06607	0.01624	0.01155	0.12229	0.01114	0.01403	0.00798	0.00532	0.00530	0.00172	0.00691	0.00474	0.00295	0.00692
37	0.01375	0.01188	0.03882	0.01764	0.05350	0.01078	0.43915	0.01720	0.01266	0.16668	0.01569	0.10871	0.01332	0.00683	0.00611	0.00182	0.00702	0.04753	0.00380	0.00711
38	0.01274	0.01221	0.02083	0.11814	0.69824	0.01247	0.01605	0.01592	0.01187	0.01685	0.00988	0.01320	0.00823	0.00477	0.00524	0.00159	0.00637	0.00471	0.00259	0.00810
39	0.01675	0.01050	0.01665	0.17541	0.32478	0.01047	0.01252	0.01953	0.01299	0.32549	0.01423	0.01526	0.01001	0.00556	0.00528	0.00163	0.00571	0.00495	0.00414	0.00813
40	0.01355	0.05910	0.54051	0.01416	0.02080	0.05232	0.05739	0.01846	0.01208	0.14590	0.01131	0.01228	0.00786	0.00525	0.00505	0.00163	0.00731	0.00420	0.00301	0.00784
41	0.85155	0.01022	0.00777	0.00695	0.01022	0.01186	0.00573	0.01554	0.00900	0.02372	0.00736	0.00859	0.00573	0.00491	0.00327	0.00164	0.00409	0.00286	0.00327	0.00573
42	0.01314	0.01152	0.01322	0.01364	0.11578	0.01307	0.00941	0.02651	0.67069	0.02147	0.01998	0.01884	0.01511	0.00685	0.00536	0.00176	0.00446	0.00581	0.00501	0.00837
43	0.00852	0.00586	0.00872	0.00855	0.00968	0.00668	0.00668	0.01042	0.00889	0.05842	0.01456	0.02060	0.01321	0.03767	0.74619	0.00809	0.01358	0.00564	0.00305	0.00498
44	0.00952	0.01012	0.11443	0.05756	0.14778	0.00821	0.01130	0.01257	0.01201	0.01629	0.06624	0.07233	0.02350	0.01095	0.00644	0.00209	0.00541	0.40329	0.00405	0.00591
45	0.01353	0.01155	0.01217	0.01084	0.01389	0.01333	0.00846	0.06850	0.73065	0.02273	0.02103	0.01934	0.01575	0.00713	0.00537	0.00178	0.00427	0.00591	0.00537	0.00840
46	0.01350	0.01319	0.06298	0.03030	0.69964	0.01230	0.01597	0.01675	0.01215	0.05721	0.01049	0.01323	0.00853	0.00482	0.00523	0.00158	0.00627	0.00470	0.00280	0.00838
47	0.05299	0.01044	0.01581	0.06161	0.30932	0.01000	0.01131	0.02101	0.01344	0.41654	0.01548	0.01551	0.01064	0.00570	0.00520	0.00162	0.00531	0.00495	0.00467	0.00845
48	0.01226	0.01579	0.11972	0.02144	0.02707	0.01324	0.67505	0.01691	0.01232	0.01691	0.01055	0.01390	0.00787	0.00452	0.00610	0.00177	0.00878	0.00597	0.00262	0.00721
49	0.01244	0.01184	0.02012	0.09976	0.67220	0.01203	0.01546	0.01549	0.01180	0.01673	0.01095	0.05700	0.00972	0.00541	0.00532	0.00162	0.00617	0.00528	0.00272	0.00793
50	0.01331	0.05514	0.24336	0.01787	0.06432	0.01229	0.34407	0.01759	0.01226	0.11824	0.01219	0.04371	0.00929	0.00537	0.00560	0.00170	0.00749	0.00554	0.00312	0.00752
51	0.01357	0.01209	0.02115	0.11751	0.54385	0.01215	0.10097	0.01681	0.01218	0.08222	0.01090	0.01375	0.00858	0.00490	0.00536	0.00162	0.00652	0.00494	0.00293	0.00800
52	0.01653	0.05781	0.19556	0.11716	0.04254	0.01028	0.04549	0.01979	0.01287	0.36022	0.01559	0.05832	0.01127	0.00631	0.00525	0.00167	0.00585	0.00532	0.00436	0.00782
53	0.01757	0.00927	0.01436	0.11413	0.11116	0.00880	0.06185	0.01996	0.01332	0.43575	0.01844	0.12200	0.01429	0.00734	0.00556	0.00172	0.00516	0.00652	0.00504	0.00777
54	0.01275	0.01156	0.09848	0.21754	0.19585	0.01021	0.06731	0.01586	0.01188	0.14929	0.01549	0.12350	0.03294	0.00703	0.00555	0.00174	0.00599	0.00641	0.00357	0.00704
55	0.02166	0.05247	0.01449	0.01057	0.01463	0.05222	0.05931	0.02452	0.05594	0.60850	0.01880	0.01687	0.01224	0.00627	0.00525	0.00161	0.00512	0.00518	0.00578	0.00856
56	0.01241	0.04106	0.23697	0.17729	0.02652	0.01251	0.31926	0.01686	0.01188	0.07804	0.01081	0.01349	0.00783	0.00495	0.00554	0.00172	0.00777	0.00510	0.00278	0.00720
57	0.01827	0.01067	0.06963	0.15952	0.01943	0.00918	0.07859	0.02107	0.01359	0.47492	0.01867	0.01814	0.05092	0.00636	0.00542	0.00168	0.00552	0.00549	0.00501	0.00792
58	0.01695	0.00954	0.01472	0.33653	0.10499	0.00991	0.01151	0.01972	0.01293	0.38663	0.01499	0.01587	0.01011	0.00583	0.00529	0.00168	0.00573	0.00500	0.00440	0.00765
59	0.00729	0.00560	0.00802	0.09680	0.04369	0.00559	0.00649	0.00884	0.01104	0.01490	0.14743	0.56332	0.03314	0.01387	0.00644	0.00200	0.00355	0.01256	0.00467	0.00476
60	0.01339	0.02172	0.52007	0.01570	0.06175	0.01157	0.09691	0.01843	0.01209	0.16068	0.01177	0.01288	0.00812	0.00523	0.00522	0.00167	0.00723	0.00446	0.00311	0.00799
61	0.02002	0.00978	0.01362	0.05786	0.01577	0.00932	0.05187	0.11626	0.02636	0.50662	0.01933	0.02135	0.01381	0.00719	0.00558	0.00173	0.00511	0.08445	0.00572	0.00825
62	0.00820	0.00586	0.00816	0.00937	0.01045	0.00581	0.00797	0.01040	0.01186	0.01547	0.02817	0.17423	0.03112	0.01490	0.00722	0.00239	0.00459	0.63418	0.00487	0.00478
63	0.01180	0.01087	0.01991	0.21087	0.19704	0.01107	0.23496	0.01501	0.01179	0.06631	0.01513	0.09128	0.05678	0.00658	0.00590	0.00176	0.01642	0.00656	0.00318	0.00679
64	0.01812	0.10188	0.01949	0.01525	0.11181	0.01148	0.18104	0.05940	0.01403	0.36865	0.01545	0.03562	0.01099	0.00586	0.00534	0.00161	0.00589	0.00539	0.00458	0.00812
65	0.01897	0.01026	0.01465	0.01149	0.01525	0.00981	0.10481	0.16792	0.01617	0.41292	0.02982	0.06205	0.01495	0.00759	0.00571	0.00175	0.00526	0.07702	0.00554	0.00806
66	0.74600	0.00993	0.00771	0.00703	0.00996	0.02541	0.00563	0.01479	0.00909	0.02225	0.00902	0.05180	0.00801	0.04993	0.00478	0.00185	0.00419	0.00377	0.00334	0.00552
67	0.00933	0.00608	0.00781	0.00835	0.00959	0.01981	0.00654	0.01105	0.01194	0.09739	0.08012	0.33868	0.08399	0.01398	0.00668	0.00212	0.00391	0.27245	0.00509	0.00509
68	0.00818	0.00782	0.06149	0.05303	0.05171	0.00647	0.04845	0.01048	0.01239	0.03099	0.25156	0.22118	0.19307	0.01131	0.00616	0.00181	0.00387	0.01006	0.00465	0.00531
69	0.01169	0.03031	0.02478	0.01106	0.05932	0.00881	0.08796	0.07256	0.03253	0.05626	0.16383	0.02057	0.07311	0.00649	0.00508	0.00133	0.00451	0.00571	0.00406	0.32003
70	0.10472	0.05608	0.10061	0.01016	0.01412	0.00961	0.08862	0.01632	0.07113	0.13616	0.06959	0.03532	0.13354	0.00707	0.00509	0.00155	0.00481	0.00596	0.00414	0.12537
71	0.07190	0.14450	0.08472	0.01131	0.05640	0.01258	0.00958	0.15791	0.05989	0.23766	0.04430	0.01541	0.02752	0.00644	0.01275	0.00160	0.00525	0.00475	0.00453	0.03101
72	0.15201	0.03414	0.11519	0.04822	0.01544	0.04440	0.04843	0.01923	0.11925	0.20449	0.06186	0.06984	0.01409	0.00678	0.00505	0.00167	0.00520	0.00556	0.00436	0.02480

[dist]
# distance from previous block
# <min> <max>
53	140

[block]
# block no. 4 follows, 46 sequences, length 6
# corresponding to MSA columns:
# 710-715
name=unknown_E
#
# <colnr> <probs for GDERKNQSTAVLIFYWHMCP>
#	G	D	E	R	K	N	Q	S	T	A	V	L	I	F	Y	W	H	M	C	P
0	0.01258	0.07843	0.46617	0.01320	0.01923	0.01335	0.01506	0.13572	0.12238	0.02001	0.04516	0.01368	0.01030	0.00576	0.00505	0.00164	0.00659	0.00451	0.00332	0.00788
1	0.01225	0.49330	0.22441	0.01029	0.01521	0.01636	0.01122	0.01523	0.01146	0.01482	0.11835	0.01363	0.01293	0.00555	0.00423	0.00135	0.00577	0.00408	0.00276	0.00680
2	0.00824	0.00799	0.07755	0.00798	0.01007	0.00609	0.00653	0.01070	0.05488	0.01575	0.13229	0.32004	0.10580	0.01196	0.00693	0.06191	0.00368	0.00970	0.00436	0.13756
3	0.00827	0.00591	0.00746	0.09025	0.01097	0.00554	0.00579	0.00998	0.01216	0.07644	0.15505	0.21362	0.35434	0.01230	0.00618	0.00183	0.00334	0.01063	0.00491	0.00502
4	0.06156	0.09388	0.21065	0.01615	0.20570	0.01143	0.01254	0.01655	0.01204	0.13801	0.08398	0.06327	0.01382	0.00650	0.00546	0.00163	0.03051	0.00538	0.00357	0.00738
5	0.01087	0.01045	0.12232	0.01142	0.06087	0.00756	0.06368	0.01339	0.01158	0.11311	0.04223	0.29742	0.04425	0.00971	0.00572	0.00172	0.00470	0.02619	0.00417	0.13863

[dist]
# distance from previous block
# <min> <max>
5	62

[block]
# block no. 5 follows, 46 sequences, length 91
# corresponding to MSA columns:
# 778-868
name=unknown_F
#
# <colnr> <probs for GDERKNQSTAVLIFYWHMCP>
#	G	D	E	R	K	N	Q	S	T	A	V	L	I	F	Y	W	H	M	C	P
0	0.04902	0.01797	0.37759	0.01352	0.05179	0.01056	0.04961	0.01950	0.03696	0.26017	0.03232	0.03425	0.01085	0.00595	0.00520	0.00168	0.00624	0.00493	0.00393	0.00796
1	0.01444	0.01847	0.36169	0.01650	0.08860	0.01126	0.16358	0.01887	0.01249	0.21062	0.01293	0.02550	0.00914	0.00544	0.00538	0.00168	0.00699	0.00496	0.00348	0.00797
2	0.01325	0.06115	0.20086	0.19637	0.05886	0.03250	0.01294	0.05408	0.03453	0.11329	0.01175	0.01442	0.00894	0.00580	0.00571	0.00162	0.05238	0.02533	0.01441	0.08178
3	0.01226	0.01580	0.21804	0.04632	0.02950	0.07668	0.19537	0.01646	0.04663	0.08281	0.04046	0.04937	0.10182	0.00712	0.00569	0.00174	0.00667	0.03690	0.00353	0.00683
4	0.01230	0.07822	0.07413	0.34035	0.02303	0.01042	0.03296	0.01527	0.01188	0.15012	0.07955	0.08788	0.01496	0.00714	0.00538	0.00172	0.00573	0.02649	0.01606	0.00643
5	0.01738	0.16163	0.08474	0.04465	0.01794	0.07801	0.06687	0.38205	0.01835	0.06193	0.01121	0.01198	0.00827	0.00566	0.00495	0.00152	0.00647	0.00436	0.00402	0.00800
6	0.01175	0.01076	0.01759	0.17374	0.47037	0.01127	0.01376	0.05153	0.01202	0.01668	0.01276	0.12349	0.01197	0.00763	0.03014	0.00190	0.00621	0.00616	0.00302	0.00725
7	0.01727	0.01156	0.04154	0.04400	0.19019	0.04875	0.11053	0.01996	0.01343	0.35348	0.02769	0.07112	0.01270	0.00646	0.00550	0.00167	0.00581	0.00588	0.00454	0.00793
8	0.05432	0.01511	0.19777	0.07293	0.30178	0.01158	0.11572	0.01635	0.01196	0.07305	0.03479	0.01549	0.04447	0.00550	0.00531	0.00166	0.00653	0.00512	0.00303	0.00755
9	0.01050	0.00943	0.01631	0.09555	0.01823	0.03581	0.25531	0.01314	0.01174	0.05918	0.03292	0.28231	0.03163	0.01008	0.00633	0.00195	0.00590	0.09395	0.00394	0.00580
10	0.01015	0.04446	0.43191	0.08331	0.02031	0.01091	0.04908	0.01522	0.04910	0.01612	0.01467	0.10307	0.01349	0.00764	0.00556	0.00183	0.00664	0.10663	0.00306	0.00683
11	0.01649	0.01326	0.19086	0.06101	0.12173	0.00934	0.01172	0.01969	0.01326	0.36821	0.06646	0.05646	0.01413	0.00665	0.00537	0.00167	0.00545	0.00564	0.00463	0.00795
12	0.01130	0.19086	0.51706	0.01283	0.01902	0.01312	0.01543	0.01583	0.01112	0.03728	0.01154	0.08297	0.00997	0.00621	0.00489	0.00162	0.00677	0.02227	0.00266	0.00725
13	0.00988	0.01169	0.12283	0.36127	0.06301	0.01044	0.10870	0.01342	0.01120	0.01487	0.01594	0.07830	0.06327	0.00746	0.00575	0.00184	0.00654	0.08445	0.00301	0.00611
14	0.01185	0.01217	0.04948	0.12145	0.48430	0.04536	0.03571	0.01479	0.01172	0.01602	0.01336	0.11693	0.03063	0.00656	0.00546	0.00167	0.00615	0.00616	0.00293	0.00728
15	0.01167	0.01110	0.01857	0.22651	0.52088	0.01162	0.01473	0.01475	0.01166	0.01604	0.01375	0.01676	0.07777	0.00564	0.00534	0.00164	0.00615	0.00529	0.00276	0.00738
16	0.01158	0.09566	0.10742	0.16806	0.20623	0.01228	0.13119	0.01553	0.04592	0.02718	0.05494	0.06530	0.01245	0.00617	0.00538	0.00167	0.00640	0.01664	0.00303	0.00699
17	0.01164	0.07137	0.58010	0.12338	0.02354	0.01241	0.01741	0.01687	0.01133	0.06946	0.01014	0.01188	0.00720	0.00513	0.00498	0.00165	0.00735	0.00405	0.00255	0.00756
18	0.22197	0.01092	0.07964	0.00913	0.01315	0.00939	0.00814	0.05830	0.01349	0.43964	0.01591	0.01497	0.01056	0.00597	0.00468	0.00161	0.00461	0.00454	0.06557	0.00781
19	0.01609	0.01141	0.08394	0.27452	0.16222	0.01035	0.01263	0.01919	0.01271	0.32272	0.01408	0.01521	0.00967	0.00566	0.00526	0.00167	0.00596	0.00488	0.00406	0.00775
20	0.01385	0.09619	0.34272	0.09789	0.09735	0.01216	0.03742	0.03638	0.01239	0.16350	0.03291	0.01363	0.00943	0.00544	0.00505	0.00161	0.00657	0.00448	0.00330	0.00772
21	0.01135	0.01037	0.01750	0.53845	0.26833	0.01189	0.01496	0.01471	0.01116	0.03699	0.00990	0.01389	0.00764	0.00514	0.00527	0.00170	0.00673	0.00472	0.00255	0.00674
22	0.00998	0.00940	0.01586	0.80150	0.03641	0.01175	0.01468	0.01351	0.01057	0.01351	0.00940	0.01409	0.00705	0.00529	0.00529	0.00176	0.00705	0.00470	0.00235	0.00587
23	0.01007	0.01155	0.14817	0.27469	0.09415	0.00969	0.02566	0.01317	0.01102	0.04852	0.04003	0.21841	0.01632	0.00858	0.00608	0.00185	0.03128	0.02124	0.00335	0.00616
24	0.01463	0.02654	0.25030	0.01522	0.11380	0.01022	0.10531	0.01837	0.01301	0.24513	0.09555	0.02888	0.02627	0.00627	0.00544	0.00166	0.00603	0.00557	0.00408	0.00773
25	0.01088	0.01102	0.06947	0.58884	0.06927	0.01157	0.07631	0.01451	0.01103	0.04796	0.01060	0.03660	0.00822	0.00555	0.00539	0.00175	0.00699	0.00509	0.00264	0.00632
26	0.01134	0.05259	0.65657	0.01526	0.05947	0.01215	0.01804	0.01684	0.01141	0.05020	0.01068	0.01343	0.00803	0.00545	0.00508	0.00168	0.00740	0.03410	0.00255	0.00774
27	0.01663	0.03998	0.21923	0.04853	0.17900	0.01080	0.04974	0.02015	0.01299	0.32890	0.01419	0.01453	0.00973	0.00554	0.00521	0.00163	0.00610	0.00476	0.00409	0.00827
28	0.01698	0.01510	0.25886	0.03754	0.09342	0.00983	0.01243	0.03799	0.01360	0.37657	0.05157	0.01657	0.02294	0.00613	0.00527	0.00165	0.00572	0.00506	0.00457	0.00821
29	0.02088	0.01357	0.01360	0.06859	0.05043	0.22375	0.00927	0.02290	0.01462	0.46976	0.02907	0.01554	0.01135	0.00614	0.00518	0.00157	0.00611	0.00479	0.00500	0.00789
30	0.00937	0.03442	0.08309	0.31647	0.12747	0.00956	0.01160	0.01207	0.01064	0.01420	0.01666	0.25369	0.03511	0.03476	0.00635	0.00193	0.00561	0.00792	0.00323	0.00583
31	0.02027	0.08091	0.11821	0.01117	0.04602	0.01004	0.00987	0.03717	0.04050	0.54387	0.01760	0.01602	0.01153	0.00611	0.00511	0.00160	0.00513	0.00490	0.00537	0.00860
32	0.01963	0.07372	0.05414	0.01423	0.12286	0.25660	0.01041	0.02179	0.01413	0.34018	0.01379	0.01362	0.00968	0.00572	0.00498	0.00151	0.00658	0.00438	0.00427	0.00779
33	0.00957	0.00952	0.08097	0.41408	0.02399	0.00917	0.01131	0.01287	0.01230	0.04339	0.26888	0.02356	0.04429	0.00740	0.00561	0.00172	0.00537	0.00647	0.00372	0.00582
34	0.01872	0.01418	0.01508	0.01250	0.04033	0.05055	0.00990	0.55769	0.10599	0.06273	0.01442	0.01569	0.01081	0.00673	0.00536	0.00164	0.00572	0.03825	0.00513	0.00859
35	0.01130	0.01000	0.07765	0.16043	0.01669	0.04047	0.00913	0.01425	0.04365	0.11388	0.03077	0.21911	0.05207	0.00913	0.00560	0.00172	0.00493	0.04986	0.00409	0.12527
36	0.01533	0.65011	0.04974	0.00963	0.01415	0.04120	0.00940	0.07228	0.01225	0.07130	0.00884	0.00961	0.00741	0.00485	0.00377	0.00123	0.00576	0.00321	0.00282	0.00713
37	0.01684	0.14930	0.01738	0.13458	0.04538	0.39298	0.01082	0.10712	0.04878	0.01592	0.00942	0.01102	0.00757	0.00543	0.00473	0.00144	0.00773	0.00383	0.00301	0.00671
38	0.00644	0.00460	0.00613	0.00736	0.00767	0.00429	0.00491	0.00736	0.01012	0.01350	0.02914	0.81076	0.03497	0.01656	0.00675	0.00215	0.00307	0.01503	0.00491	0.00429
39	0.00998	0.00940	0.01586	0.80150	0.03641	0.01175	0.01468	0.01351	0.01057	0.01351	0.00940	0.01409	0.00705	0.00529	0.00529	0.00176	0.00705	0.00470	0.00235	0.00587
40	0.01810	0.01255	0.01347	0.01057	0.01417	0.01371	0.00865	0.58203	0.02166	0.05654	0.01392	0.01433	0.01008	0.00631	0.00496	0.00151	0.00508	0.00481	0.17940	0.00815
41	0.01096	0.00940	0.01096	0.00783	0.01253	0.00705	0.00626	0.01331	0.01096	0.01723	0.00940	0.01096	0.00783	0.00392	0.00392	0.00078	0.00392	0.00313	0.00313	0.84653
42	0.00634	0.00536	0.00548	0.00545	0.00720	0.00450	0.00409	0.00776	0.01226	0.01478	0.10571	0.05006	0.72663	0.01320	0.00625	0.00178	0.00266	0.01104	0.00497	0.00450
43	0.00926	0.00538	0.00567	0.00554	0.00693	0.00530	0.00417	0.01224	0.05040	0.01948	0.14161	0.02621	0.10229	0.00773	0.00446	0.00139	0.00258	0.00639	0.57794	0.00506
44	0.00897	0.00510	0.00572	0.00557	0.00681	0.00495	0.00418	0.01145	0.01253	0.02026	0.30024	0.02706	0.02706	0.00789	0.00464	0.00139	0.00247	0.00665	0.53211	0.00495
45	0.00636	0.00536	0.00551	0.00547	0.00721	0.00451	0.00410	0.00780	0.01231	0.01491	0.11914	0.04985	0.71311	0.01316	0.00625	0.00177	0.00266	0.01101	0.00499	0.00451
46	0.00842	0.00601	0.00840	0.00962	0.01079	0.00600	0.00834	0.01077	0.01207	0.01570	0.02805	0.09708	0.03065	0.01470	0.00727	0.00242	0.00478	0.70922	0.00487	0.00484
47	0.85155	0.01022	0.00777	0.00695	0.01022	0.01186	0.00573	0.01554	0.00900	0.02372	0.00736	0.00859	0.00573	0.00491	0.00327	0.00164	0.00409	0.00286	0.00327	0.00573
48	0.01157	0.01157	0.01619	0.01388	0.01388	0.01619	0.01157	0.01272	0.00810	0.01272	0.00694	0.01157	0.00694	0.00925	0.01735	0.00231	0.80453	0.00463	0.00231	0.00578
49	0.00748	0.00540	0.00707	0.00665	0.00790	0.00499	0.00499	0.00998	0.01496	0.02120	0.77844	0.03949	0.04988	0.01081	0.00624	0.00166	0.00249	0.00956	0.00582	0.00499
50	0.01413	0.81739	0.02770	0.00905	0.01357	0.02092	0.00905	0.01583	0.01074	0.01244	0.00735	0.00848	0.00678	0.00452	0.00339	0.00113	0.00565	0.00283	0.00226	0.00678
51	0.01315	0.01136	0.01195	0.01076	0.01375	0.01315	0.00837	0.02809	0.77168	0.02211	0.02152	0.01972	0.01614	0.00717	0.00538	0.00179	0.00418	0.00598	0.00538	0.00837
52	0.85155	0.01022	0.00777	0.00695	0.01022	0.01186	0.00573	0.01554	0.00900	0.02372	0.00736	0.00859	0.00573	0.00491	0.00327	0.00164	0.00409	0.00286	0.00327	0.00573
53	0.01308	0.01256	0.02146	0.03245	0.78123	0.01256	0.01622	0.01622	0.01204	0.01727	0.00994	0.01308	0.00837	0.00471	0.00523	0.00157	0.00628	0.00471	0.00262	0.00837
54	0.01315	0.01136	0.01195	0.01076	0.01375	0.01315	0.00837	0.02809	0.77168	0.02211	0.02152	0.01972	0.01614	0.00717	0.00538	0.00179	0.00418	0.00598	0.00538	0.00837
55	0.01430	0.01291	0.02019	0.02825	0.62461	0.01324	0.01491	0.14616	0.03805	0.02020	0.01078	0.01322	0.00872	0.00507	0.00525	0.00158	0.00613	0.00476	0.00317	0.00848
56	0.00644	0.00462	0.00612	0.00732	0.00766	0.00430	0.00489	0.00737	0.01016	0.01351	0.02966	0.79442	0.05097	0.01649	0.00674	0.00214	0.00306	0.01495	0.00491	0.00430
57	0.00644	0.00460	0.00613	0.00736	0.00767	0.00429	0.00491	0.00736	0.01012	0.01350	0.02914	0.81076	0.03497	0.01656	0.00675	0.00215	0.00307	0.01503	0.00491	0.00429
58	0.01413	0.81739	0.02770	0.00905	0.01357	0.02092	0.00905	0.01583	0.01074	0.01244	0.00735	0.00848	0.00678	0.00452	0.00339	0.00113	0.00565	0.00283	0.00226	0.00678
59	0.01611	0.01841	0.01816	0.05546	0.38839	0.38181	0.01332	0.01842	0.01337	0.01506	0.00908	0.01145	0.00758	0.00508	0.00501	0.00148	0.00785	0.00409	0.00266	0.00721
60	0.00625	0.00536	0.00536	0.00536	0.00714	0.00446	0.00402	0.00759	0.01205	0.01428	0.05355	0.05088	0.77909	0.01339	0.00625	0.00179	0.00268	0.01116	0.00491	0.00446
61	0.00998	0.00940	0.01586	0.80150	0.03641	0.01175	0.01468	0.01351	0.01057	0.01351	0.00940	0.01409	0.00705	0.00529	0.00529	0.00176	0.00705	0.00470	0.00235	0.00587
62	0.01193	0.01185	0.02109	0.25370	0.36070	0.01279	0.14870	0.01525	0.01134	0.01571	0.00965	0.01345	0.00780	0.00524	0.00650	0.00173	0.07789	0.00497	0.00252	0.00719
63	0.01315	0.01136	0.01195	0.01076	0.01375	0.01315	0.00837	0.02809	0.77168	0.02211	0.02152	0.01972	0.01614	0.00717	0.00538	0.00179	0.00418	0.00598	0.00538	0.00837
64	0.01749	0.01943	0.01734	0.01994	0.28094	0.41855	0.01227	0.11930	0.01529	0.01718	0.00939	0.01119	0.00764	0.00531	0.00500	0.00146	0.00791	0.00404	0.00303	0.00729
65	0.00748	0.00540	0.00707	0.00665	0.00790	0.00499	0.00499	0.00998	0.01496	0.02120	0.77844	0.03949	0.04988	0.01081	0.00624	0.00166	0.00249	0.00956	0.00582	0.00499
66	0.01248	0.01426	0.03119	0.02228	0.02763	0.01337	0.76203	0.01693	0.01248	0.01693	0.01070	0.01426	0.00802	0.00446	0.00624	0.00178	0.00891	0.00624	0.00267	0.00713
67	0.11504	0.42617	0.23042	0.01173	0.05044	0.05853	0.01188	0.01634	0.01093	0.01522	0.00809	0.00949	0.00671	0.00476	0.00398	0.00137	0.00629	0.00324	0.00242	0.00697
68	0.51524	0.04736	0.01061	0.00830	0.01185	0.05724	0.00685	0.05126	0.01170	0.21919	0.01112	0.01124	0.00788	0.00541	0.00398	0.00159	0.00466	0.00361	0.00413	0.00678
69	0.01060	0.02735	0.78682	0.01507	0.02288	0.01228	0.01953	0.01674	0.01116	0.01674	0.00949	0.01116	0.00670	0.00502	0.00502	0.00167	0.00781	0.00391	0.00223	0.00781
70	0.02372	0.00900	0.01227	0.00941	0.01350	0.00777	0.00777	0.02576	0.01513	0.78489	0.02086	0.01799	0.01309	0.00654	0.00532	0.00164	0.00450	0.00532	0.00654	0.00900
71	0.85155	0.01022	0.00777	0.00695	0.01022	0.01186	0.00573	0.01554	0.00900	0.02372	0.00736	0.00859	0.00573	0.00491	0.00327	0.00164	0.00409	0.00286	0.00327	0.00573
72	0.85155	0.01022	0.00777	0.00695	0.01022	0.01186	0.00573	0.01554	0.00900	0.02372	0.00736	0.00859	0.00573	0.00491	0.00327	0.00164	0.00409	0.00286	0.00327	0.00573
73	0.00625	0.00536	0.00536	0.00536	0.00714	0.00446	0.00402	0.00759	0.01205	0.01428	0.05355	0.05088	0.77909	0.01339	0.00625	0.00179	0.00268	0.01116	0.00491	0.00446
74	0.01315	0.01136	0.01195	0.01076	0.01375	0.01315	0.00837	0.02809	0.77168	0.02211	0.02152	0.01972	0.01614	0.00717	0.00538	0.00179	0.00418	0.00598	0.00538	0.00837
75	0.01248	0.01426	0.03119	0.02228	0.02763	0.01337	0.76203	0.01693	0.01248	0.01693	0.01070	0.01426	0.00802	0.00446	0.00624	0.00178	0.00891	0.00624	0.00267	0.00713
76	0.01248	0.01426	0.03119	0.02228	0.02763	0.01337	0.76203	0.01693	0.01248	0.01693	0.01070	0.01426	0.00802	0.00446	0.00624	0.00178	0.00891	0.00624	0.00267	0.00713
77	0.00625	0.00536	0.00536	0.00536	0.00714	0.00446	0.00402	0.00759	0.01205	0.01428	0.05355	0.05088	0.77909	0.01339	0.00625	0.00179	0.00268	0.01116	0.00491	0.00446
78	0.85155	0.01022	0.00777	0.00695	0.01022	0.01186	0.00573	0.01554	0.00900	0.02372	0.00736	0.00859	0.00573	0.00491	0.00327	0.00164	0.00409	0.00286	0.00327	0.00573
79	0.02372	0.00900	0.01227	0.00941	0.01350	0.00777	0.00777	0.02576	0.01513	0.78489	0.02086	0.01799	0.01309	0.00654	0.00532	0.00164	0.00450	0.00532	0.00654	0.00900
80	0.01315	0.01136	0.01195	0.01076	0.01375	0.01315	0.00837	0.02809	0.77168	0.02211	0.02152	0.01972	0.01614	0.00717	0.00538	0.00179	0.00418	0.00598	0.00538	0.00837
81	0.00759	0.00530	0.00677	0.00682	0.00717	0.00563	0.00451	0.00831	0.00808	0.01112	0.01627	0.06180	0.01770	0.50073	0.30348	0.00622	0.00831	0.00726	0.00314	0.00380
82	0.00778	0.00530	0.00618	0.03879	0.00704	0.00540	0.00368	0.00793	0.00781	0.01039	0.01636	0.03374	0.01871	0.78064	0.02601	0.00499	0.00521	0.00756	0.00317	0.00331
83	0.04702	0.03861	0.17287	0.00987	0.01498	0.03470	0.00950	0.04959	0.03817	0.04022	0.01013	0.01137	0.00794	0.00455	0.00428	0.00113	0.00508	0.00352	0.00319	0.49329
84	0.02529	0.03283	0.01254	0.01293	0.15020	0.00821	0.05313	0.01216	0.01282	0.01813	0.30792	0.03026	0.09441	0.00878	0.00622	0.00165	0.03736	0.07400	0.00429	0.09687
85	0.01281	0.08042	0.45165	0.01768	0.16260	0.01331	0.04760	0.09603	0.01292	0.04172	0.01015	0.01182	0.00751	0.00509	0.00503	0.00161	0.00710	0.00421	0.00278	0.00797
86	0.01798	0.01203	0.01262	0.04989	0.01506	0.11164	0.00860	0.02492	0.30189	0.32509	0.01842	0.01707	0.01291	0.00647	0.00521	0.00163	0.00513	0.00520	0.00526	0.04299
87	0.00634	0.00500	0.00573	0.00631	0.00739	0.00438	0.00444	0.00748	0.01113	0.01391	0.04191	0.41327	0.42421	0.01490	0.00649	0.00196	0.00286	0.01300	0.00491	0.00438
88	0.01156	0.01276	0.13232	0.12839	0.39393	0.01072	0.01401	0.01483	0.01155	0.04288	0.01393	0.10626	0.03276	0.00657	0.00534	0.00167	0.00591	0.00599	0.04140	0.00724
89	0.01385	0.10833	0.10662	0.01758	0.08072	0.06491	0.31343	0.03950	0.11114	0.05664	0.01185	0.01365	0.00900	0.00523	0.00566	0.00165	0.02443	0.00513	0.00319	0.00748
90	0.01300	0.01254	0.02190	0.10046	0.44629	0.01267	0.17805	0.08217	0.01313	0.01814	0.01207	0.01494	0.03953	0.00521	0.00550	0.00164	0.00674	0.00531	0.00293	0.00776

[dist]
# distance from previous block
# <min> <max>
6	29

[block]
# block no. 6 follows, 46 sequences, length 100
# corresponding to MSA columns:
# 898-997
name=unknown_G
#
# <colnr> <probs for GDERKNQSTAVLIFYWHMCP>
#	G	D	E	R	K	N	Q	S	T	A	V	L	I	F	Y	W	H	M	C	P
0	0.00790	0.00538	0.00684	0.00717	0.00814	0.00494	0.00500	0.00906	0.01059	0.05287	0.07638	0.45347	0.09603	0.11896	0.03887	0.00261	0.00386	0.03132	0.00464	0.05596
1	0.01266	0.30619	0.26486	0.04050	0.08737	0.03549	0.12989	0.01671	0.03169	0.01522	0.00923	0.01113	0.00735	0.00480	0.00466	0.00148	0.00700	0.00402	0.00245	0.00730
2	0.00716	0.00526	0.00701	0.00726	0.00803	0.00538	0.00522	0.00858	0.01006	0.01378	0.13354	0.22395	0.09744	0.13805	0.29934	0.00481	0.00733	0.00936	0.00403	0.00441
3	0.01281	0.04223	0.03722	0.22428	0.36633	0.01252	0.01382	0.01811	0.14649	0.05575	0.01230	0.01455	0.00955	0.00539	0.00520	0.00165	0.00603	0.00487	0.00321	0.00769
4	0.00652	0.00478	0.00613	0.00703	0.00762	0.00439	0.00480	0.00766	0.01086	0.01438	0.10837	0.63569	0.13119	0.01557	0.00663	0.00205	0.00296	0.01398	0.00500	0.00439
5	0.01096	0.00940	0.01096	0.00783	0.01253	0.00705	0.00626	0.01331	0.01096	0.01723	0.00940	0.01096	0.00783	0.00392	0.00392	0.00078	0.00392	0.00313	0.00313	0.84653
6	0.85155	0.01022	0.00777	0.00695	0.01022	0.01186	0.00573	0.01554	0.00900	0.02372	0.00736	0.00859	0.00573	0.00491	0.00327	0.00164	0.00409	0.00286	0.00327	0.00573
7	0.00689	0.00494	0.00662	0.00773	0.00829	0.00467	0.00558	0.00819	0.01081	0.01436	0.06866	0.60889	0.05323	0.01581	0.00681	0.00217	0.00337	0.15360	0.00495	0.00444
8	0.00654	0.00470	0.00623	0.00741	0.00781	0.00439	0.00506	0.00755	0.01030	0.01364	0.03001	0.74400	0.06294	0.01634	0.00676	0.00215	0.00314	0.05180	0.00491	0.00433
9	0.00730	0.00540	0.00682	0.00646	0.00779	0.00491	0.00485	0.00963	0.01454	0.02019	0.67254	0.04115	0.15642	0.01118	0.00624	0.00168	0.00252	0.00979	0.00569	0.00491
10	0.00631	0.00536	0.00543	0.00542	0.00718	0.00449	0.00406	0.00770	0.01219	0.01460	0.08724	0.05035	0.74520	0.01327	0.00625	0.00178	0.00267	0.01108	0.00495	0.00449
11	0.01413	0.81739	0.02770	0.00905	0.01357	0.02092	0.00905	0.01583	0.01074	0.01244	0.00735	0.00848	0.00678	0.00452	0.00339	0.00113	0.00565	0.00283	0.00226	0.00678
