[name]
unknown

[dist]
# distance from previous block
# <min> <max>
14	1082

[block]
# block no. 0 follows, 40 sequences, length 12
# corresponding to MSA columns:
# 1151-1162
name=unknown_A
#
# <colnr> <probs for GDERKNQSTAVLIFYWHMCP>
#	G	D	E	R	K	N	Q	S	T	A	V	L	I	F	Y	W	H	M	C	P
0	0.11562	0.05599	0.24297	0.01311	0.01765	0.03659	0.05084	0.07212	0.01234	0.01897	0.01084	0.01516	0.00931	0.10043	0.01010	0.00227	0.12495	0.00483	0.00313	0.08279
1	0.01485	0.06567	0.12452	0.01227	0.01612	0.09021	0.01110	0.12490	0.10267	0.04861	0.08136	0.01747	0.01446	0.01074	0.08149	0.00247	0.08493	0.00539	0.00413	0.08664
2	0.01399	0.05136	0.01811	0.13348	0.09274	0.04633	0.07077	0.07465	0.15110	0.01945	0.01388	0.02724	0.02278	0.00680	0.00735	0.00178	0.10893	0.00543	0.00374	0.13007
3	0.04609	0.01428	0.05850	0.01637	0.02026	0.05021	0.26174	0.05424	0.05290	0.11565	0.10172	0.01860	0.01512	0.00728	0.00842	0.00198	0.13846	0.00635	0.00414	0.00767
4	0.09117	0.06437	0.03598	0.01383	0.10175	0.01262	0.00994	0.08454	0.03342	0.01843	0.01653	0.22146	0.01728	0.05267	0.03119	0.00247	0.17371	0.00806	0.00392	0.00664
5	0.04137	0.04888	0.01443	0.13164	0.01767	0.01273	0.01015	0.11307	0.08117	0.09551	0.01779	0.02221	0.06038	0.05108	0.10053	0.00306	0.12887	0.03814	0.00423	0.00711
6	0.08348	0.17550	0.24364	0.01165	0.01749	0.01357	0.01227	0.05375	0.01334	0.11853	0.02631	0.01310	0.00956	0.00557	0.00483	0.00150	0.00616	0.00416	0.00364	0.18196
7	0.01237	0.01132	0.01610	0.15767	0.01901	0.01489	0.01217	0.01420	0.01032	0.05186	0.01502	0.01876	0.09739	0.00975	0.01448	0.00232	0.50686	0.00600	0.00313	0.00638
8	0.58331	0.01097	0.01128	0.24518	0.02009	0.01301	0.00932	0.01641	0.01043	0.02264	0.00878	0.01131	0.00674	0.00553	0.00428	0.00184	0.00550	0.00377	0.00329	0.00635
9	0.01560	0.01382	0.01770	0.01469	0.01612	0.01788	0.01221	0.23678	0.01456	0.02095	0.00958	0.01310	0.00833	0.00920	0.01501	0.00230	0.54605	0.00513	0.00355	0.00744
10	0.01508	0.01321	0.01617	0.01359	0.01621	0.01585	0.04603	0.15882	0.32324	0.02291	0.01756	0.01838	0.03866	0.00851	0.01002	0.00210	0.24463	0.00608	0.00470	0.00824
11	0.01137	0.01073	0.01521	0.01345	0.01377	0.01458	0.01105	0.01289	0.00904	0.01384	0.01007	0.01583	0.00975	0.02044	0.25032	0.00463	0.54887	0.00544	0.00272	0.00600

[dist]
# distance from previous block
# <min> <max>
0	1

[block]
# block no. 1 follows, 40 sequences, length 11
# corresponding to MSA columns:
# 1164-1174
name=unknown_B
#
# <colnr> <probs for GDERKNQSTAVLIFYWHMCP>
#	G	D	E	R	K	N	Q	S	T	A	V	L	I	F	Y	W	H	M	C	P
0	0.01268	0.01240	0.01607	0.03181	0.01557	0.04665	0.03096	0.01632	0.10992	0.01584	0.01285	0.01649	0.03877	0.01215	0.07878	0.00286	0.46992	0.00557	0.00324	0.05113
1	0.01042	0.00677	0.00914	0.00952	0.01085	0.00684	0.00747	0.04530	0.01258	0.07977	0.02611	0.27122	0.02792	0.05825	0.16097	0.00393	0.00681	0.23546	0.00501	0.00564
2	0.01473	0.24927	0.39559	0.01480	0.04329	0.07707	0.01618	0.09202	0.01404	0.01860	0.01002	0.01152	0.00772	0.00554	0.00502	0.00163	0.00779	0.00403	0.00286	0.00827
3	0.18232	0.01370	0.01581	0.01336	0.01507	0.04862	0.01105	0.14731	0.01279	0.02059	0.00894	0.01219	0.00777	0.00845	0.01294	0.00220	0.45186	0.00466	0.00337	0.00701
4	0.01839	0.01014	0.01271	0.00940	0.01426	0.00811	0.00764	0.02082	0.01413	0.35479	0.01602	0.01555	0.01122	0.00561	0.00500	0.00128	0.00460	0.00453	0.00514	0.46066
5	0.83671	0.01125	0.00855	0.00765	0.01125	0.01305	0.00630	0.01709	0.00990	0.02609	0.00810	0.00945	0.00630	0.00540	0.00360	0.00180	0.00450	0.00315	0.00360	0.00630
6	0.01210	0.10746	0.05606	0.11602	0.04882	0.03831	0.05043	0.01549	0.04736	0.05815	0.20006	0.06086	0.06747	0.03944	0.00746	0.00197	0.03986	0.00742	0.01859	0.00666
7	0.00841	0.00584	0.00737	0.00737	0.00772	0.00619	0.00480	0.00911	0.00876	0.01203	0.01738	0.03286	0.01889	0.53883	0.28332	0.00690	0.00903	0.00770	0.00338	0.00409
8	0.03630	0.16266	0.17077	0.01242	0.01675	0.01459	0.01209	0.04960	0.07170	0.19354	0.01462	0.04701	0.01143	0.00814	0.02320	0.00202	0.13556	0.00531	0.00417	0.00813
9	0.01376	0.05954	0.28884	0.01487	0.07268	0.01262	0.03629	0.01912	0.09300	0.09959	0.01383	0.01674	0.01095	0.07426	0.02999	0.00232	0.05928	0.00519	0.00360	0.07352
10	0.01240	0.01113	0.01686	0.61225	0.03481	0.01356	0.01478	0.07859	0.11272	0.01799	0.01245	0.01621	0.00929	0.00619	0.00583	0.00193	0.00721	0.00536	0.00331	0.00712

[dist]
# distance from previous block
# <min> <max>
4	11

[block]
# block no. 2 follows, 40 sequences, length 34
# corresponding to MSA columns:
# 1186-1219
name=unknown_C
#
# <colnr> <probs for GDERKNQSTAVLIFYWHMCP>
#	G	D	E	R	K	N	Q	S	T	A	V	L	I	F	Y	W	H	M	C	P
0	0.24267	0.07710	0.08205	0.07500	0.11315	0.07605	0.05005	0.03461	0.03599	0.01963	0.01143	0.06809	0.01008	0.00685	0.00627	0.00185	0.07343	0.00520	0.00332	0.00717
1	0.01117	0.01180	0.06314	0.69585	0.03865	0.01305	0.05460	0.01527	0.01178	0.01527	0.01042	0.01532	0.00779	0.00575	0.00585	0.00193	0.00791	0.00521	0.00260	0.00666
2	0.06025	0.58012	0.02635	0.01156	0.05005	0.06508	0.01018	0.06170	0.01328	0.06171	0.00953	0.01056	0.00805	0.00532	0.00416	0.00137	0.00635	0.00354	0.00308	0.00773
3	0.00887	0.00555	0.00765	0.00777	0.00809	0.00582	0.00527	0.00866	0.00863	0.01180	0.01585	0.09071	0.01690	0.24738	0.23472	0.29401	0.00804	0.00733	0.00322	0.00375
4	0.03732	0.01454	0.13673	0.12372	0.09747	0.02599	0.01288	0.08894	0.10822	0.14812	0.03023	0.07665	0.01415	0.00774	0.00640	0.00192	0.03549	0.02081	0.00449	0.00818
5	0.01313	0.07692	0.37349	0.04368	0.08812	0.01390	0.18253	0.03311	0.01305	0.04568	0.01231	0.05550	0.00987	0.00610	0.00585	0.00184	0.00807	0.00564	0.00301	0.00819
6	0.01098	0.01034	0.01744	0.78165	0.04005	0.01292	0.01615	0.01486	0.01163	0.01486	0.01034	0.01550	0.00775	0.00581	0.00581	0.00194	0.00775	0.00517	0.00258	0.00646
7	0.15892	0.03989	0.01374	0.03101	0.01517	0.01101	0.00866	0.11040	0.01649	0.48863	0.03598	0.01744	0.01304	0.00687	0.00542	0.00178	0.00512	0.00532	0.00612	0.00901
8	0.00845	0.00567	0.00653	0.00653	0.00659	0.00574	0.00375	0.00857	0.00851	0.01141	0.01816	0.03713	0.02074	0.74978	0.07490	0.00586	0.00624	0.00832	0.00350	0.00363
9	0.01429	0.01216	0.01279	0.01153	0.01473	0.01404	0.00896	0.03009	0.71426	0.02420	0.02345	0.02170	0.01762	0.00784	0.00583	0.00194	0.00451	0.00652	0.04452	0.00903
10	0.00802	0.00594	0.00748	0.00709	0.00856	0.00540	0.00532	0.01056	0.01596	0.02213	0.64719	0.04540	0.16471	0.01233	0.00686	0.00185	0.00278	0.01079	0.00624	0.00540
11	0.83671	0.01125	0.00855	0.00765	0.01125	0.01305	0.00630	0.01709	0.00990	0.02609	0.00810	0.00945	0.00630	0.00540	0.00360	0.00180	0.00450	0.00315	0.00360	0.00630
12	0.00697	0.00582	0.00608	0.00618	0.00796	0.00493	0.00457	0.00848	0.01325	0.01609	0.09823	0.12349	0.64823	0.01488	0.00692	0.00199	0.00297	0.01256	0.00546	0.00493
13	0.83671	0.01125	0.00855	0.00765	0.01125	0.01305	0.00630	0.01709	0.00990	0.02609	0.00810	0.00945	0.00630	0.00540	0.00360	0.00180	0.00450	0.00315	0.00360	0.00630
14	0.80617	0.01105	0.00852	0.00764	0.01115	0.01277	0.00627	0.01687	0.01014	0.02599	0.03567	0.01070	0.00809	0.00564	0.00372	0.00180	0.00443	0.00342	0.00370	0.00627
15	0.01206	0.01034	0.01206	0.00861	0.01378	0.00775	0.00689	0.01464	0.01206	0.01895	0.01034	0.01206	0.00861	0.00431	0.00431	0.00086	0.00431	0.00345	0.00345	0.83118
16	0.00823	0.00594	0.00777	0.00732	0.00869	0.00549	0.00549	0.01097	0.01646	0.02332	0.75629	0.04344	0.05487	0.01189	0.00686	0.00183	0.00274	0.01052	0.00640	0.00549
17	0.83671	0.01125	0.00855	0.00765	0.01125	0.01305	0.00630	0.01709	0.00990	0.02609	0.00810	0.00945	0.00630	0.00540	0.00360	0.00180	0.00450	0.00315	0.00360	0.00630
18	0.02211	0.01629	0.01745	0.01338	0.01803	0.01803	0.01105	0.73997	0.02734	0.03665	0.01396	0.01396	0.00989	0.00698	0.00582	0.00175	0.00640	0.00524	0.00582	0.00989
19	0.83671	0.01125	0.00855	0.00765	0.01125	0.01305	0.00630	0.01709	0.00990	0.02609	0.00810	0.00945	0.00630	0.00540	0.00360	0.00180	0.00450	0.00315	0.00360	0.00630
20	0.01439	0.01382	0.02360	0.03569	0.75936	0.01382	0.01785	0.01785	0.01324	0.01900	0.01094	0.01439	0.00921	0.00518	0.00576	0.00173	0.00691	0.00518	0.00288	0.00921
21	0.01446	0.01249	0.01315	0.01183	0.01512	0.01446	0.00920	0.03090	0.74885	0.02433	0.02367	0.02170	0.01775	0.00789	0.00592	0.00197	0.00460	0.00657	0.00592	0.00920
22	0.02609	0.00990	0.01350	0.01035	0.01484	0.00855	0.00855	0.02834	0.01664	0.76338	0.02294	0.01979	0.01439	0.00720	0.00585	0.00180	0.00495	0.00585	0.00720	0.00990
23	0.00709	0.00506	0.00675	0.00810	0.00843	0.00472	0.00540	0.00810	0.01113	0.01484	0.03205	0.79184	0.03846	0.01822	0.00742	0.00236	0.00337	0.01653	0.00540	0.00472
24	0.00975	0.00727	0.00947	0.01021	0.01174	0.00746	0.00851	0.01423	0.11733	0.01891	0.12211	0.11975	0.03440	0.01457	0.00753	0.00244	0.00474	0.46814	0.00557	0.00586
25	0.00749	0.00627	0.03878	0.00868	0.00947	0.00536	0.00642	0.00890	0.01121	0.01507	0.03008	0.66965	0.03543	0.01908	0.05325	0.00278	0.00444	0.05755	0.00514	0.00495
26	0.02191	0.01326	0.10030	0.03907	0.05924	0.01060	0.08507	0.05865	0.01601	0.50547	0.01892	0.01783	0.01233	0.00661	0.00591	0.00182	0.00611	0.00569	0.00579	0.00939
27	0.00709	0.00506	0.00675	0.00810	0.00843	0.00472	0.00540	0.00810	0.01113	0.01484	0.03205	0.79184	0.03846	0.01822	0.00742	0.00236	0.00337	0.01653	0.00540	0.00472
28	0.01043	0.00543	0.00552	0.00559	0.00692	0.00535	0.00416	0.01298	0.01219	0.02099	0.02179	0.06559	0.05538	0.00782	0.00440	0.00144	0.00276	0.00639	0.73952	0.00535
29	0.01218	0.01545	0.16516	0.30256	0.18826	0.01349	0.08672	0.01636	0.01217	0.01686	0.01137	0.01679	0.00929	0.00636	0.00699	0.00196	0.06896	0.03874	0.00278	0.00754
30	0.01852	0.01142	0.05501	0.10873	0.08705	0.01070	0.01108	0.03608	0.07846	0.36144	0.01951	0.09734	0.01499	0.00812	0.00678	0.00193	0.05223	0.00672	0.00537	0.00853
31	0.00733	0.00509	0.00677	0.00796	0.00826	0.00480	0.00527	0.00809	0.01078	0.01437	0.03003	0.70438	0.03587	0.06489	0.00959	0.04784	0.00360	0.01542	0.00513	0.00453
32	0.01289	0.01154	0.01958	0.46767	0.22951	0.01281	0.05528	0.01657	0.01246	0.05587	0.01124	0.01530	0.00859	0.00560	0.00579	0.00183	0.00735	0.00523	0.00296	0.04193
33	0.01580	0.45430	0.14722	0.03534	0.01719	0.04948	0.01186	0.01856	0.01245	0.09544	0.01061	0.01188	0.00852	0.00574	0.00525	0.00151	0.04972	0.00390	0.03752	0.00770

[dist]
# distance from previous block
# <min> <max>
4	21

[block]
# block no. 3 follows, 40 sequences, length 17
# corresponding to MSA columns:
# 1253-1269
name=unknown_D
#
# <colnr> <probs for GDERKNQSTAVLIFYWHMCP>
#	G	D	E	R	K	N	Q	S	T	A	V	L	I	F	Y	W	H	M	C	P
0	0.00802	0.00594	0.00748	0.00710	0.00856	0.00540	0.00532	0.01057	0.01597	0.02214	0.64843	0.04538	0.16347	0.01233	0.00686	0.00185	0.00277	0.01079	0.00625	0.00540
1	0.01446	0.01249	0.01315	0.01183	0.01512	0.01446	0.00920	0.03090	0.74885	0.02433	0.02367	0.02170	0.01775	0.00789	0.00592	0.00197	0.00460	0.00657	0.00592	0.00920
2	0.02172	0.02772	0.01648	0.01498	0.01798	0.77228	0.01124	0.02322	0.01648	0.01423	0.00899	0.01049	0.00749	0.00599	0.00524	0.00150	0.01049	0.00375	0.00300	0.00674
3	0.01555	0.79913	0.03047	0.00995	0.01493	0.02301	0.00995	0.01741	0.01182	0.01368	0.00808	0.00933	0.00746	0.00498	0.00373	0.00124	0.00622	0.00311	0.00249	0.00746
4	0.00687	0.00589	0.00589	0.00589	0.00785	0.00491	0.00442	0.00835	0.01325	0.01571	0.05891	0.05596	0.75700	0.01473	0.00687	0.00196	0.00295	0.01227	0.00540	0.00491
5	0.00846	0.00564	0.00634	0.00634	0.00634	0.00564	0.00352	0.00846	0.00846	0.01128	0.01832	0.03805	0.02114	0.79563	0.02960	0.00564	0.00564	0.00846	0.00352	0.00352
6	0.01446	0.01249	0.01315	0.01183	0.01512	0.01446	0.00920	0.03090	0.74885	0.02433	0.02367	0.02170	0.01775	0.00789	0.00592	0.00197	0.00460	0.00657	0.00592	0.00920
7	0.01247	0.01237	0.02255	0.42395	0.23501	0.01353	0.16301	0.01644	0.01249	0.01676	0.01079	0.01524	0.00837	0.00546	0.00601	0.00188	0.00794	0.00552	0.00274	0.00749
8	0.01166	0.03008	0.76550	0.01657	0.02517	0.01351	0.02149	0.01842	0.01228	0.01842	0.01044	0.01228	0.00737	0.00552	0.00552	0.00184	0.00859	0.00430	0.00246	0.00859
9	0.01555	0.79913	0.03047	0.00995	0.01493	0.02301	0.00995	0.01741	0.01182	0.01368	0.00808	0.00933	0.00746	0.00498	0.00373	0.00124	0.00622	0.00311	0.00249	0.00746
10	0.49747	0.01035	0.00975	0.00827	0.01186	0.01110	0.00677	0.04323	0.01251	0.21834	0.01349	0.01379	0.00958	0.00609	0.00432	0.00174	0.00446	0.00420	0.10544	0.00725
11	0.01179	0.02920	0.72083	0.01706	0.02549	0.01358	0.06527	0.01843	0.01237	0.01843	0.01052	0.01249	0.00746	0.00549	0.00561	0.00185	0.00867	0.00445	0.00249	0.00855
12	0.00845	0.00567	0.00652	0.00652	0.00658	0.00574	0.00375	0.00857	0.00851	0.01141	0.01816	0.03715	0.02075	0.75080	0.07389	0.00586	0.00623	0.00832	0.00350	0.00362
13	0.00709	0.00506	0.00675	0.00810	0.00843	0.00472	0.00540	0.00810	0.01113	0.01484	0.03205	0.79184	0.03846	0.01822	0.00742	0.00236	0.00337	0.01653	0.00540	0.00472
14	0.01016	0.00847	0.00907	0.00866	0.01034	0.06160	0.00649	0.01449	0.13545	0.02053	0.39890	0.09694	0.10154	0.01218	0.00764	0.05255	0.00388	0.02958	0.00565	0.00589
15	0.01239	0.01097	0.01819	0.58806	0.14671	0.01308	0.01583	0.01598	0.01200	0.05488	0.01095	0.01542	0.00832	0.00602	0.00649	0.00193	0.04767	0.00520	0.00287	0.00705
16	0.01529	0.01674	0.01837	0.01838	0.13193	0.21091	0.01314	0.01696	0.01153	0.01484	0.00850	0.01241	0.00784	0.00832	0.01345	0.00215	0.46486	0.00476	0.00271	0.00690

[dist]
# distance from previous block
# <min> <max>
0	1

[block]
# block no. 4 follows, 40 sequences, length 39
# corresponding to MSA columns:
# 1271-1276,1278-1310
name=unknown_E
#
# <colnr> <probs for GDERKNQSTAVLIFYWHMCP>
#	G	D	E	R	K	N	Q	S	T	A	V	L	I	F	Y	W	H	M	C	P
0	0.11967	0.15635	0.15968	0.01557	0.09534	0.13609	0.03886	0.10320	0.01453	0.05704	0.01050	0.01206	0.00817	0.00590	0.00569	0.00169	0.04404	0.00427	0.00338	0.00796
1	0.02459	0.00956	0.01301	0.01009	0.01433	0.00829	0.00829	0.02688	0.01663	0.70100	0.08476	0.02179	0.01781	0.00759	0.00593	0.00180	0.00476	0.00624	0.00713	0.00952
2	0.00709	0.00506	0.00675	0.00810	0.00843	0.00472	0.00540	0.00810	0.01113	0.01484	0.03205	0.79184	0.03846	0.01822	0.00742	0.00236	0.00337	0.01653	0.00540	0.00472
3	0.01340	0.01362	0.12934	0.01017	0.01580	0.00913	0.00945	0.04664	0.01305	0.07164	0.01138	0.01271	0.00888	0.00481	0.00467	0.00112	0.00510	0.00382	0.00365	0.61161
4	0.01532	0.01950	0.33555	0.01673	0.11813	0.01206	0.03637	0.02123	0.08964	0.16900	0.01442	0.01512	0.01028	0.00591	0.00557	0.00173	0.00680	0.00494	0.00394	0.09776
5	0.08861	0.24586	0.39331	0.01349	0.01994	0.01665	0.01551	0.07023	0.03129	0.01910	0.01006	0.01155	0.00775	0.00565	0.00525	0.00168	0.02907	0.00400	0.00290	0.00811
6	0.01094	0.01026	0.01712	0.71680	0.03776	0.01289	0.01563	0.01463	0.01142	0.01476	0.01044	0.01569	0.00803	0.00759	0.03859	0.00227	0.04095	0.00521	0.00260	0.00640
7	0.00693	0.00589	0.00597	0.00595	0.00789	0.00493	0.00447	0.00846	0.01340	0.01605	0.08986	0.05541	0.72583	0.01460	0.00687	0.00196	0.00294	0.01220	0.00544	0.00493
8	0.01291	0.01042	0.01643	0.38462	0.17519	0.01163	0.01366	0.01714	0.07117	0.09168	0.01584	0.12528	0.01382	0.00773	0.00604	0.00194	0.00643	0.00695	0.00377	0.00733
9	0.02515	0.00993	0.01340	0.01023	0.01477	0.00849	0.00844	0.02742	0.01634	0.71359	0.02210	0.01928	0.01401	0.00700	0.00574	0.00174	0.00491	0.00569	0.00695	0.06483
10	0.00759	0.00592	0.00689	0.00664	0.00830	0.00521	0.00498	0.00974	0.01495	0.01974	0.42786	0.04934	0.38554	0.01323	0.00687	0.00189	0.00284	0.01134	0.00593	0.00521
11	0.01166	0.03008	0.76550	0.01657	0.02517	0.01351	0.02149	0.01842	0.01228	0.01842	0.01044	0.01228	0.00737	0.00552	0.00552	0.00184	0.00859	0.00430	0.00246	0.00859
12	0.01446	0.01249	0.01315	0.01183	0.01512	0.01446	0.00920	0.03090	0.74885	0.02433	0.02367	0.02170	0.01775	0.00789	0.00592	0.00197	0.00460	0.00657	0.00592	0.00920
13	0.83671	0.01125	0.00855	0.00765	0.01125	0.01305	0.00630	0.01709	0.00990	0.02609	0.00810	0.00945	0.00630	0.00540	0.00360	0.00180	0.00450	0.00315	0.00360	0.00630
14	0.83671	0.01125	0.00855	0.00765	0.01125	0.01305	0.00630	0.01709	0.00990	0.02609	0.00810	0.00945	0.00630	0.00540	0.00360	0.00180	0.00450	0.00315	0.00360	0.00630
15	0.01084	0.00542	0.00542	0.00542	0.00678	0.00542	0.00407	0.01355	0.01220	0.02168	0.01897	0.02168	0.01491	0.00678	0.00407	0.00136	0.00271	0.00542	0.82791	0.00542
16	0.01206	0.01034	0.01206	0.00861	0.01378	0.00775	0.00689	0.01464	0.01206	0.01895	0.01034	0.01206	0.00861	0.00431	0.00431	0.00086	0.00431	0.00345	0.00345	0.83118
17	0.01272	0.01272	0.01781	0.01527	0.01527	0.01781	0.01272	0.01399	0.00891	0.01399	0.00763	0.01272	0.00763	0.01018	0.01908	0.00254	0.78499	0.00509	0.00254	0.00636
18	0.02609	0.00990	0.01350	0.01035	0.01484	0.00855	0.00855	0.02834	0.01664	0.76338	0.02294	0.01979	0.01439	0.00720	0.00585	0.00180	0.00495	0.00585	0.00720	0.00990
19	0.02609	0.00990	0.01350	0.01035	0.01484	0.00855	0.00855	0.02834	0.01664	0.76338	0.02294	0.01979	0.01439	0.00720	0.00585	0.00180	0.00495	0.00585	0.00720	0.00990
20	0.00687	0.00589	0.00589	0.00589	0.00785	0.00491	0.00442	0.00835	0.01325	0.01571	0.05891	0.05596	0.75700	0.01473	0.00687	0.00196	0.00295	0.01227	0.00540	0.00491
21	0.01098	0.01034	0.01744	0.78165	0.04005	0.01292	0.01615	0.01486	0.01163	0.01486	0.01034	0.01550	0.00775	0.00581	0.00581	0.00194	0.00775	0.00517	0.00258	0.00646
22	0.01166	0.03008	0.76550	0.01657	0.02517	0.01351	0.02149	0.01842	0.01228	0.01842	0.01044	0.01228	0.00737	0.00552	0.00552	0.00184	0.00859	0.00430	0.00246	0.00859
23	0.01555	0.79913	0.03047	0.00995	0.01493	0.02301	0.00995	0.01741	0.01182	0.01368	0.00808	0.00933	0.00746	0.00498	0.00373	0.00124	0.00622	0.00311	0.00249	0.00746
24	0.00715	0.00590	0.00627	0.00618	0.00802	0.00503	0.00463	0.00887	0.01390	0.01724	0.19883	0.05345	0.61613	0.01416	0.00687	0.00194	0.00290	0.01192	0.00560	0.00503
25	0.02179	0.01613	0.01727	0.01331	0.01791	0.01788	0.01098	0.71019	0.05763	0.03613	0.01437	0.01429	0.01022	0.00702	0.00582	0.00175	0.00632	0.00529	0.00582	0.00986
26	0.04965	0.01041	0.01360	0.01044	0.01494	0.00934	0.00862	0.07888	0.01710	0.67117	0.02155	0.01888	0.01369	0.00706	0.00574	0.00177	0.00502	0.00567	0.00690	0.02956
27	0.02172	0.02772	0.01648	0.01498	0.01798	0.77228	0.01124	0.02322	0.01648	0.01423	0.00899	0.01049	0.00749	0.00599	0.00524	0.00150	0.01049	0.00375	0.00300	0.00674
28	0.00709	0.00506	0.00675	0.00810	0.00843	0.00472	0.00540	0.00810	0.01113	0.01484	0.03205	0.79184	0.03846	0.01822	0.00742	0.00236	0.00337	0.01653	0.00540	0.00472
29	0.05324	0.04518	0.07916	0.01793	0.02270	0.01411	0.35552	0.04312	0.09020	0.09978	0.01439	0.04826	0.01126	0.00659	0.00727	0.00196	0.07107	0.00643	0.00385	0.00799
30	0.08290	0.00999	0.01315	0.01016	0.01459	0.00886	0.00839	0.02755	0.01617	0.71171	0.02190	0.01907	0.01383	0.00707	0.00569	0.00180	0.00492	0.00566	0.00695	0.00964
31	0.01161	0.00576	0.00635	0.00629	0.00776	0.00559	0.00468	0.01400	0.01242	0.08699	0.02141	0.14429	0.01861	0.00864	0.00476	0.00156	0.00302	0.00723	0.62332	0.00571
32	0.01166	0.03008	0.76550	0.01657	0.02517	0.01351	0.02149	0.01842	0.01228	0.01842	0.01044	0.01228	0.00737	0.00552	0.00552	0.00184	0.00859	0.00430	0.00246	0.00859
33	0.07106	0.37063	0.13175	0.03280	0.01651	0.03464	0.03571	0.01730	0.06832	0.01664	0.01583	0.05731	0.06811	0.00721	0.00495	0.00164	0.00616	0.03285	0.00334	0.00723
34	0.00732	0.00523	0.00702	0.00836	0.00880	0.00492	0.00580	0.00850	0.01136	0.01511	0.03192	0.71766	0.03795	0.01800	0.00748	0.00239	0.00358	0.08840	0.00539	0.00479
35	0.01524	0.01302	0.01442	0.01249	0.01602	0.01485	0.03756	0.10522	0.64434	0.02541	0.02218	0.02065	0.01658	0.00768	0.00594	0.00195	0.00499	0.00644	0.00579	0.00922
36	0.07498	0.25533	0.06769	0.04597	0.03539	0.01587	0.11701	0.06918	0.06671	0.17760	0.01359	0.01424	0.01000	0.00588	0.00517	0.00167	0.00647	0.00484	0.00411	0.00831
37	0.01427	0.03543	0.19355	0.10799	0.10340	0.01326	0.16068	0.11824	0.01485	0.06860	0.01444	0.10222	0.01223	0.00713	0.00609	0.00189	0.00737	0.00660	0.00373	0.00806
38	0.00985	0.00890	0.04327	0.00930	0.01016	0.00934	0.00712	0.03522	0.01023	0.01397	0.02186	0.06406	0.12919	0.38344	0.02067	0.00386	0.20273	0.00823	0.00367	0.00495

[dist]
# distance from previous block
# <min> <max>
0	14

[block]
# block no. 5 follows, 40 sequences, length 14
# corresponding to MSA columns:
# 1326-1339
name=unknown_F
#
# <colnr> <probs for GDERKNQSTAVLIFYWHMCP>
#	G	D	E	R	K	N	Q	S	T	A	V	L	I	F	Y	W	H	M	C	P
0	0.08753	0.32029	0.05329	0.01311	0.05556	0.12143	0.04644	0.01933	0.07145	0.05043	0.01214	0.01335	0.03137	0.00608	0.00551	0.00158	0.05051	0.00435	0.00330	0.03293
1	0.01464	0.00820	0.01030	0.00893	0.01178	0.00742	0.00687	0.01807	0.08249	0.24164	0.13328	0.20680	0.02564	0.01011	0.00603	0.00178	0.00398	0.00876	0.05268	0.14062
2	0.01319	0.16793	0.18150	0.01836	0.04265	0.01501	0.34216	0.01753	0.01296	0.01770	0.03517	0.03718	0.01061	0.00563	0.00582	0.00173	0.00804	0.00576	0.00297	0.05809
3	0.00734	0.00544	0.00690	0.00787	0.00870	0.00500	0.00561	0.00871	0.01208	0.01575	0.07775	0.52954	0.18280	0.01695	0.00734	0.00228	0.00345	0.08618	0.00545	0.00487
4	0.00754	0.00561	0.00706	0.00763	0.00867	0.00513	0.00553	0.00926	0.01323	0.01757	0.23782	0.37245	0.19343	0.01556	0.00720	0.00216	0.00327	0.07018	0.00567	0.00502
5	0.00719	0.00511	0.00672	0.00796	0.00827	0.00480	0.00525	0.00813	0.01092	0.01456	0.03095	0.73163	0.03708	0.08031	0.00919	0.00262	0.00355	0.01589	0.00525	0.00463
6	0.00860	0.00572	0.00716	0.00704	0.00827	0.00537	0.00519	0.01111	0.01488	0.02184	0.50928	0.14007	0.04457	0.01171	0.00637	0.00180	0.00282	0.01030	0.17254	0.00537
7	0.01166	0.03008	0.76550	0.01657	0.02517	0.01351	0.02149	0.01842	0.01228	0.01842	0.01044	0.01228	0.00737	0.00552	0.00552	0.00184	0.00859	0.00430	0.00246	0.00859
8	0.02132	0.01570	0.01689	0.01310	0.01753	0.01733	0.01076	0.70150	0.02649	0.03550	0.01491	0.05484	0.01139	0.00757	0.00590	0.00178	0.00624	0.00583	0.00580	0.00962
9	0.83671	0.01125	0.00855	0.00765	0.01125	0.01305	0.00630	0.01709	0.00990	0.02609	0.00810	0.00945	0.00630	0.00540	0.00360	0.00180	0.00450	0.00315	0.00360	0.00630
10	0.83671	0.01125	0.00855	0.00765	0.01125	0.01305	0.00630	0.01709	0.00990	0.02609	0.00810	0.00945	0.00630	0.00540	0.00360	0.00180	0.00450	0.00315	0.00360	0.00630
11	0.11349	0.70516	0.02786	0.00968	0.01449	0.02182	0.00951	0.01737	0.01159	0.01516	0.00809	0.00934	0.00732	0.00503	0.00372	0.00131	0.00601	0.00311	0.00262	0.00732
12	0.02052	0.02800	0.10581	0.01517	0.01884	0.68179	0.01246	0.02265	0.01598	0.01473	0.00916	0.01070	0.00748	0.00594	0.00528	0.00154	0.01026	0.00381	0.00293	0.00696
13	0.00755	0.00569	0.00802	0.10036	0.01221	0.00570	0.00668	0.00890	0.01119	0.01485	0.02946	0.69924	0.03480	0.01674	0.00723	0.00231	0.00390	0.01518	0.00506	0.00493

[dist]
# distance from previous block
# <min> <max>
0	2

[block]
# block no. 6 follows, 40 sequences, length 63
# corresponding to MSA columns:
# 1342-1404
name=unknown_G
#
# <colnr> <probs for GDERKNQSTAVLIFYWHMCP>
#	G	D	E	R	K	N	Q	S	T	A	V	L	I	F	Y	W	H	M	C	P
0	0.02155	0.05402	0.01710	0.01461	0.01787	0.65610	0.01117	0.10789	0.01760	0.01687	0.00955	0.01086	0.00777	0.00607	0.00526	0.00152	0.00985	0.00390	0.00331	0.00714
1	0.00852	0.00572	0.00679	0.00679	0.00700	0.00589	0.00414	0.00894	0.00873	0.01199	0.01791	0.03505	0.01987	0.64786	0.14743	0.00608	0.00712	0.00799	0.03230	0.00386
2	0.02175	0.01608	0.01726	0.01321	0.01788	0.01767	0.01091	0.71459	0.02681	0.03603	0.01383	0.01390	0.00984	0.00689	0.00576	0.00171	0.00633	0.00517	0.00573	0.03862
3	0.04007	0.01086	0.01649	0.59918	0.03410	0.01273	0.01428	0.07470	0.01292	0.01753	0.01056	0.01476	0.00798	0.00572	0.00556	0.00179	0.00712	0.00490	0.00299	0.10578
4	0.01166	0.03008	0.76550	0.01657	0.02517	0.01351	0.02149	0.01842	0.01228	0.01842	0.01044	0.01228	0.00737	0.00552	0.00552	0.00184	0.00859	0.00430	0.00246	0.00859
5	0.00709	0.00506	0.00675	0.00810	0.00843	0.00472	0.00540	0.00810	0.01113	0.01484	0.03205	0.79184	0.03846	0.01822	0.00742	0.00236	0.00337	0.01653	0.00540	0.00472
6	0.02609	0.00990	0.01350	0.01035	0.01484	0.00855	0.00855	0.02834	0.01664	0.76338	0.02294	0.01979	0.01439	0.00720	0.00585	0.00180	0.00495	0.00585	0.00720	0.00990
7	0.01555	0.79913	0.03047	0.00995	0.01493	0.02301	0.00995	0.01741	0.01182	0.01368	0.00808	0.00933	0.00746	0.00498	0.00373	0.00124	0.00622	0.00311	0.00249	0.00746
8	0.00825	0.00601	0.00870	0.00883	0.00966	0.00677	0.00660	0.00986	0.00938	0.01329	0.01740	0.10219	0.01758	0.12501	0.59122	0.03056	0.01294	0.00749	0.00338	0.00488
9	0.00925	0.00796	0.00816	0.00775	0.01013	0.00790	0.00592	0.01540	0.24336	0.01840	0.04789	0.04524	0.52575	0.01259	0.00657	0.00197	0.00346	0.01049	0.00556	0.00625
10	0.00717	0.00580	0.00638	0.00646	0.00810	0.00500	0.00476	0.00884	0.01363	0.01714	0.19629	0.14608	0.52482	0.01459	0.00694	0.00199	0.00296	0.01245	0.00560	0.00500
11	0.00831	0.00623	0.00935	0.00935	0.01038	0.00727	0.00727	0.01038	0.00935	0.01350	0.01558	0.02285	0.01454	0.04361	0.77259	0.00935	0.01558	0.00623	0.00312	0.00519
12	0.00823	0.00594	0.00777	0.00732	0.00869	0.00549	0.00549	0.01097	0.01646	0.02332	0.75629	0.04344	0.05487	0.01189	0.00686	0.00183	0.00274	0.01052	0.00640	0.00549
13	0.00691	0.00589	0.00594	0.00593	0.00788	0.00493	0.00445	0.00842	0.01334	0.01592	0.07846	0.05561	0.73732	0.01465	0.00687	0.00196	0.00294	0.01222	0.00543	0.00493
14	0.01555	0.79913	0.03047	0.00995	0.01493	0.02301	0.00995	0.01741	0.01182	0.01368	0.00808	0.00933	0.00746	0.00498	0.00373	0.00124	0.00622	0.00311	0.00249	0.00746
15	0.00823	0.00594	0.00777	0.00732	0.00869	0.00549	0.00549	0.01097	0.01646	0.02332	0.75629	0.04344	0.05487	0.01189	0.00686	0.00183	0.00274	0.01052	0.00640	0.00549
16	0.02609	0.00990	0.01350	0.01035	0.01484	0.00855	0.00855	0.02834	0.01664	0.76338	0.02294	0.01979	0.01439	0.00720	0.00585	0.00180	0.00495	0.00585	0.00720	0.00990
17	0.83671	0.01125	0.00855	0.00765	0.01125	0.01305	0.00630	0.01709	0.00990	0.02609	0.00810	0.00945	0.00630	0.00540	0.00360	0.00180	0.00450	0.00315	0.00360	0.00630
18	0.83671	0.01125	0.00855	0.00765	0.01125	0.01305	0.00630	0.01709	0.00990	0.02609	0.00810	0.00945	0.00630	0.00540	0.00360	0.00180	0.00450	0.00315	0.00360	0.00630
19	0.01555	0.79913	0.03047	0.00995	0.01493	0.02301	0.00995	0.01741	0.01182	0.01368	0.00808	0.00933	0.00746	0.00498	0.00373	0.00124	0.00622	0.00311	0.00249	0.00746
20	0.01439	0.01382	0.02360	0.03569	0.75936	0.01382	0.01785	0.01785	0.01324	0.01900	0.01094	0.01439	0.00921	0.00518	0.00576	0.00173	0.00691	0.00518	0.00288	0.00921
21	0.00823	0.00594	0.00777	0.00732	0.00869	0.00549	0.00549	0.01097	0.01646	0.02332	0.75629	0.04344	0.05487	0.01189	0.00686	0.00183	0.00274	0.01052	0.00640	0.00549
22	0.01206	0.01034	0.01206	0.00861	0.01378	0.00775	0.00689	0.01464	0.01206	0.01895	0.01034	0.01206	0.00861	0.00431	0.00431	0.00086	0.00431	0.00345	0.00345	0.83118
23	0.01098	0.01034	0.01744	0.78165	0.04005	0.01292	0.01615	0.01486	0.01163	0.01486	0.01034	0.01550	0.00775	0.00581	0.00581	0.00194	0.00775	0.00517	0.00258	0.00646
24	0.01439	0.01382	0.02360	0.03569	0.75936	0.01382	0.01785	0.01785	0.01324	0.01900	0.01094	0.01439	0.00921	0.00518	0.00576	0.00173	0.00691	0.00518	0.00288	0.00921
25	0.83671	0.01125	0.00855	0.00765	0.01125	0.01305	0.00630	0.01709	0.00990	0.02609	0.00810	0.00945	0.00630	0.00540	0.00360	0.00180	0.00450	0.00315	0.00360	0.00630
26	0.83671	0.01125	0.00855	0.00765	0.01125	0.01305	0.00630	0.01709	0.00990	0.02609	0.00810	0.00945	0.00630	0.00540	0.00360	0.00180	0.00450	0.00315	0.00360	0.00630
27	0.01206	0.01034	0.01206	0.00861	0.01378	0.00775	0.00689	0.01464	0.01206	0.01895	0.01034	0.01206	0.00861	0.00431	0.00431	0.00086	0.00431	0.00345	0.00345	0.83118
28	0.80684	0.01143	0.00887	0.00786	0.01149	0.01323	0.00647	0.04360	0.01054	0.02648	0.00831	0.00961	0.00643	0.00546	0.00368	0.00180	0.00457	0.00323	0.00368	0.00643
29	0.00707	0.00590	0.00616	0.00610	0.00798	0.00499	0.00457	0.00873	0.01372	0.01681	0.15980	0.05415	0.65542	0.01432	0.00687	0.00194	0.00292	0.01202	0.00554	0.00499
30	0.01446	0.01249	0.01315	0.01183	0.01512	0.01446	0.00920	0.03090	0.74885	0.02433	0.02367	0.02170	0.01775	0.00789	0.00592	0.00197	0.00460	0.00657	0.00592	0.00920
31	0.01373	0.01569	0.03431	0.02451	0.03039	0.01471	0.73824	0.01863	0.01373	0.01863	0.01176	0.01569	0.00882	0.00490	0.00686	0.00196	0.00980	0.00686	0.00294	0.00784
32	0.02424	0.01287	0.01534	0.01176	0.01633	0.01296	0.00971	0.35946	0.02162	0.42523	0.01876	0.01708	0.01230	0.00710	0.00583	0.00177	0.00562	0.00556	0.00656	0.00989
33	0.01555	0.79913	0.03047	0.00995	0.01493	0.02301	0.00995	0.01741	0.01182	0.01368	0.00808	0.00933	0.00746	0.00498	0.00373	0.00124	0.00622	0.00311	0.00249	0.00746
34	0.00719	0.00514	0.00684	0.00803	0.00846	0.00479	0.00541	0.00836	0.01162	0.01562	0.09863	0.72303	0.03997	0.01764	0.00737	0.00231	0.00332	0.01598	0.00549	0.00479
35	0.00713	0.00508	0.00673	0.00804	0.00837	0.00475	0.00534	0.00811	0.01105	0.01473	0.03162	0.76799	0.03791	0.04281	0.00812	0.00247	0.00345	0.01628	0.00534	0.00469
36	0.00817	0.00594	0.00768	0.00725	0.00865	0.00546	0.00544	0.01085	0.01631	0.02296	0.72317	0.04403	0.08821	0.01202	0.00686	0.00184	0.00275	0.01060	0.00635	0.00546
37	0.00692	0.00589	0.00596	0.00594	0.00788	0.00493	0.00446	0.00844	0.01337	0.01598	0.08392	0.05552	0.73182	0.01463	0.00687	0.00196	0.00294	0.01221	0.00544	0.00493
38	0.02172	0.02772	0.01648	0.01498	0.01798	0.77228	0.01124	0.02322	0.01648	0.01423	0.00899	0.01049	0.00749	0.00599	0.00524	0.00150	0.01049	0.00375	0.00300	0.00674
39	0.01439	0.01382	0.02360	0.03569	0.75936	0.01382	0.01785	0.01785	0.01324	0.01900	0.01094	0.01439	0.00921	0.00518	0.00576	0.00173	0.00691	0.00518	0.00288	0.00921
40	0.00935	0.00804	0.00826	0.00783	0.01022	0.00803	0.00598	0.01570	0.25316	0.01852	0.04742	0.04479	0.51590	0.01250	0.00656	0.00197	0.00349	0.01041	0.00557	0.00631
41	0.01555	0.79913	0.03047	0.00995	0.01493	0.02301	0.00995	0.01741	0.01182	0.01368	0.00808	0.00933	0.00746	0.00498	0.00373	0.00124	0.00622	0.00311	0.00249	0.00746
42	0.00709	0.00506	0.00675	0.00810	0.00843	0.00472	0.00540	0.00810	0.01113	0.01484	0.03205	0.79184	0.03846	0.01822	0.00742	0.00236	0.00337	0.01653	0.00540	0.00472
43	0.02598	0.01008	0.01361	0.01043	0.01494	0.00882	0.00862	0.04858	0.01695	0.74271	0.02269	0.01963	0.01427	0.00719	0.00585	0.00180	0.00499	0.00583	0.00716	0.00990
44	0.01286	0.13425	0.20490	0.03235	0.01758	0.01167	0.01133	0.01641	0.01220	0.03915	0.01038	0.01202	0.00827	0.00484	0.00461	0.00122	0.00579	0.00373	0.00313	0.45332
45	0.01695	0.01105	0.01525	0.01331	0.03605	0.01307	0.01066	0.05564	0.01275	0.25855	0.01514	0.03706	0.01227	0.01221	0.07845	0.00283	0.35535	0.03137	0.00445	0.00759
46	0.00823	0.00594	0.00777	0.00732	0.00869	0.00549	0.00549	0.01097	0.01646	0.02332	0.75629	0.04344	0.05487	0.01189	0.00686	0.00183	0.00274	0.01052	0.00640	0.00549
47	0.74061	0.04702	0.01004	0.00820	0.01176	0.03057	0.00679	0.01756	0.03078	0.02495	0.00854	0.00988	0.00673	0.00557	0.00405	0.00179	0.02184	0.00330	0.00358	0.00644
48	0.02593	0.01016	0.01366	0.01047	0.01497	0.00893	0.00865	0.05712	0.01708	0.73399	0.02258	0.01956	0.01421	0.00719	0.00585	0.00180	0.00501	0.00582	0.00714	0.00990
49	0.01763	0.55043	0.02634	0.01104	0.01591	0.02143	0.01030	0.24696	0.01675	0.02098	0.00995	0.01080	0.00823	0.00561	0.00439	0.00140	0.00628	0.00378	0.00355	0.00823
50	0.00709	0.00506	0.00675	0.00810	0.00843	0.00472	0.00540	0.00810	0.01113	0.01484	0.03205	0.79184	0.03846	0.01822	0.00742	0.00236	0.00337	0.01653	0.00540	0.00472
51	0.14156	0.34829	0.23042	0.01181	0.01749	0.03544	0.01263	0.06424	0.01303	0.06311	0.01002	0.01112	0.00783	0.00548	0.00451	0.00157	0.00666	0.00376	0.00315	0.00788
52	0.00829	0.00617	0.00815	0.04713	0.01025	0.00583	0.00597	0.01101	0.01601	0.02240	0.67308	0.04280	0.09752	0.01176	0.00681	0.00184	0.00301	0.01035	0.00614	0.00550
53	0.00937	0.00669	0.00937	0.01071	0.01205	0.00669	0.00937	0.01205	0.01339	0.01740	0.03079	0.06560	0.03347	0.01606	0.00803	0.00268	0.00535	0.72021	0.00535	0.00535
54	0.01743	0.30397	0.07205	0.16704	0.05884	0.04210	0.01204	0.02020	0.01338	0.22114	0.01297	0.01395	0.00952	0.00584	0.00501	0.00161	0.00652	0.00449	0.00384	0.00807
55	0.01137	0.01061	0.01746	0.72640	0.03834	0.01328	0.01586	0.03496	0.01194	0.01543	0.01032	0.01534	0.00781	0.00604	0.00640	0.00196	0.04210	0.00517	0.00267	0.00655
56	0.01517	0.72510	0.10123	0.01059	0.01591	0.02209	0.01106	0.01751	0.01186	0.01414	0.00831	0.00961	0.00745	0.00503	0.00390	0.00130	0.00645	0.00322	0.00248	0.00757
57	0.02562	0.01065	0.01396	0.01070	0.01522	0.00966	0.00884	0.11212	0.01790	0.67783	0.02188	0.01911	0.01386	0.00717	0.00584	0.00179	0.00512	0.00578	0.00704	0.00990
58	0.01507	0.03964	0.02060	0.06694	0.51961	0.04336	0.01509	0.01806	0.01339	0.09492	0.01396	0.08794	0.01230	0.00668	0.00584	0.00178	0.00654	0.00619	0.00354	0.00856
59	0.00992	0.00815	0.01254	0.16779	0.16636	0.00840	0.01009	0.01230	0.01266	0.03353	0.13152	0.31919	0.06085	0.01178	0.00662	0.00204	0.00488	0.01066	0.00452	0.00621
60	0.00937	0.00669	0.00937	0.01071	0.01205	0.00669	0.00937	0.01205	0.01339	0.01740	0.03079	0.06560	0.03347	0.01606	0.00803	0.00268	0.00535	0.72021	0.00535	0.00535
61	0.01098	0.01034	0.01744	0.78165	0.04005	0.01292	0.01615	0.01486	0.01163	0.01486	0.01034	0.01550	0.00775	0.00581	0.00581	0.00194	0.00775	0.00517	0.00258	0.00646
62	0.77626	0.01136	0.00905	0.00795	0.01162	0.01303	0.00655	0.04210	0.01076	0.05627	0.00890	0.01002	0.00675	0.00552	0.00377	0.00180	0.00458	0.00333	0.00382	0.00657

[dist]
# distance from previous block
# <min> <max>
0	20

[block]
# block no. 7 follows, 40 sequences, length 10
# corresponding to MSA columns:
# 1425-1434
name=unknown_H
#
# <colnr> <probs for GDERKNQSTAVLIFYWHMCP>
#	G	D	E	R	K	N	Q	S	T	A	V	L	I	F	Y	W	H	M	C	P
0	0.01561	0.31168	0.13989	0.05527	0.07432	0.01711	0.01250	0.09444	0.10776	0.06376	0.01238	0.01331	0.00962	0.00580	0.00493	0.00157	0.00638	0.00441	0.00362	0.04563
1	0.71811	0.01085	0.00890	0.00782	0.01141	0.01225	0.00642	0.01807	0.01068	0.10003	0.01008	0.01104	0.00750	0.00564	0.00385	0.00178	0.00446	0.00352	0.04098	0.00662
2	0.01304	0.06006	0.01330	0.00879	0.01391	0.00876	0.00717	0.01556	0.01229	0.05892	0.01088	0.01231	0.00885	0.00451	0.00435	0.00094	0.00446	0.00355	0.00359	0.73477
3	0.01322	0.01126	0.01203	0.01091	0.01387	0.01274	0.00845	0.02701	0.61093	0.02372	0.12288	0.02648	0.06357	0.00880	0.00610	0.00195	0.00426	0.00741	0.00595	0.00847
4	0.00782	0.00584	0.00727	0.00709	0.00848	0.00529	0.00525	0.01012	0.01524	0.02084	0.53394	0.12150	0.20364	0.01313	0.00692	0.00191	0.00285	0.01150	0.00609	0.00529
5	0.00854	0.00573	0.00662	0.00674	0.00686	0.00573	0.00405	0.00878	0.00890	0.01183	0.01945	0.04054	0.02225	0.72538	0.02765	0.00537	0.00561	0.07260	0.00369	0.00369
6	0.02251	0.01131	0.01367	0.01078	0.01490	0.01118	0.00881	0.20184	0.09260	0.44108	0.02044	0.01873	0.01368	0.00717	0.00568	0.00176	0.00506	0.00573	0.08366	0.00941
7	0.01568	0.01554	0.03056	0.02202	0.02763	0.01500	0.58382	0.14069	0.01615	0.05411	0.01262	0.01557	0.00925	0.00535	0.00664	0.00192	0.00902	0.00654	0.00361	0.00828
8	0.00893	0.00609	0.00741	0.00697	0.00864	0.00548	0.00526	0.01132	0.01536	0.05712	0.49162	0.04401	0.22998	0.01204	0.00662	0.00183	0.00290	0.01039	0.06248	0.00555
9	0.05154	0.01795	0.01882	0.12974	0.31202	0.27742	0.01416	0.02027	0.07044	0.01747	0.01103	0.01354	0.00894	0.00577	0.00551	0.00170	0.00799	0.00470	0.00314	0.00784

[dist]
# distance from previous block
# <min> <max>
2	10

[block]
# block no. 8 follows, 40 sequences, length 8
# corresponding to MSA columns:
# 1445-1452
name=unknown_I
#
# <colnr> <probs for GDERKNQSTAVLIFYWHMCP>
#	G	D	E	R	K	N	Q	S	T	A	V	L	I	F	Y	W	H	M	C	P
0	0.01311	0.07163	0.05698	0.01648	0.17881	0.13147	0.03494	0.01678	0.06342	0.01876	0.19684	0.04463	0.07762	0.00827	0.00619	0.00174	0.02195	0.00699	0.00417	0.02921
1	0.60300	0.01267	0.03268	0.06143	0.01555	0.03572	0.05807	0.05186	0.01166	0.05810	0.00954	0.01107	0.00717	0.00557	0.00428	0.00181	0.00548	0.00381	0.00370	0.00682
2	0.00787	0.00580	0.00737	0.00726	0.00854	0.00529	0.00534	0.01017	0.01519	0.02098	0.55045	0.16522	0.14238	0.01327	0.00695	0.00193	0.00287	0.01171	0.00611	0.00529
3	0.04094	0.28034	0.09484	0.01373	0.04055	0.04167	0.10474	0.13267	0.01502	0.06367	0.01099	0.01232	0.00859	0.00543	0.00494	0.00150	0.00673	0.00433	0.00353	0.11345
4	0.01461	0.19250	0.32299	0.01390	0.01991	0.01501	0.06291	0.04113	0.10768	0.09613	0.01412	0.05018	0.01107	0.00647	0.00540	0.00175	0.00695	0.00526	0.00367	0.00837
5	0.00905	0.00723	0.00768	0.00708	0.00930	0.00669	0.00544	0.10270	0.01558	0.01962	0.16498	0.04856	0.54847	0.01328	0.00674	0.00191	0.00336	0.01109	0.00561	0.00564
6	0.01041	0.01134	0.14207	0.01080	0.05719	0.00806	0.00923	0.03774	0.03331	0.05789	0.34998	0.03625	0.19173	0.01049	0.00645	0.00185	0.00434	0.00898	0.00529	0.00659
7	0.04107	0.26590	0.08735	0.01269	0.04010	0.12222	0.04911	0.01858	0.01319	0.13188	0.01473	0.13339	0.01344	0.00770	0.00558	0.00169	0.02400	0.00613	0.00381	0.00743

[dist]
# distance from previous block
# <min> <max>
0	2

[block]
# block no. 9 follows, 40 sequences, length 9
# corresponding to MSA columns:
# 1455-1463
name=unknown_J
#
# <colnr> <probs for GDERKNQSTAVLIFYWHMCP>
#	G	D	E	R	K	N	Q	S	T	A	V	L	I	F	Y	W	H	M	C	P
0	0.01126	0.01184	0.06585	0.01307	0.01434	0.03513	0.05659	0.01312	0.00998	0.01451	0.01318	0.09193	0.01342	0.10812	0.12276	0.00370	0.36154	0.00677	0.02696	0.00593
1	0.00749	0.00598	0.00675	0.00673	0.00846	0.00523	0.00516	0.00945	0.01422	0.01813	0.26485	0.05304	0.48572	0.01399	0.00697	0.00198	0.00309	0.07195	0.00570	0.00512
2	0.00862	0.00708	0.03544	0.00853	0.00992	0.00622	0.00658	0.05339	0.01394	0.01884	0.22742	0.39344	0.10243	0.01490	0.00711	0.00215	0.00370	0.06927	0.00558	0.00545
3	0.07339	0.12033	0.06938	0.07317	0.18690	0.08469	0.01270	0.07459	0.03553	0.11895	0.01296	0.04437	0.01044	0.00660	0.00612	0.00176	0.05103	0.00515	0.00381	0.00811
4	0.02228	0.05019	0.01569	0.01223	0.04105	0.01095	0.03967	0.05101	0.09528	0.51561	0.02078	0.02004	0.01418	0.00736	0.00632	0.00185	0.03283	0.02712	0.00623	0.00933
5	0.00914	0.00598	0.00846	0.00858	0.00911	0.00653	0.00629	0.00951	0.00930	0.01309	0.01681	0.11972	0.01745	0.08805	0.26335	0.26322	0.04717	0.04996	0.04404	0.00425
6	0.01445	0.04478	0.14709	0.12328	0.25822	0.01330	0.03578	0.05286	0.01364	0.09366	0.03298	0.01845	0.01182	0.00682	0.00681	0.00189	0.06198	0.05046	0.00356	0.00819
7	0.01720	0.01286	0.08989	0.12056	0.06041	0.01153	0.07768	0.05723	0.06208	0.27361	0.01740	0.06667	0.01338	0.03848	0.00771	0.00207	0.05181	0.00641	0.00479	0.00824
8	0.01869	0.01068	0.02878	0.01357	0.10423	0.01007	0.00981	0.04888	0.14154	0.35737	0.04501	0.06222	0.04537	0.00873	0.00617	0.00193	0.00507	0.06719	0.00598	0.00872

[dist]
# distance from previous block
# <min> <max>
0	672

# created by:
# /home/berkeley/.conda/envs/busco_data_prod/bin/msa2prfl.pl pipeline/OGs_align_augustus/33634/162941.fs
