[name]
unknown

[dist]
# distance from previous block
# <min> <max>
0	828

[block]
# block no. 0 follows, 42 sequences, length 37
# corresponding to MSA columns:
# 914-950
name=unknown_A
#
# <colnr> <probs for GDERKNQSTAVLIFYWHMCP>
#	G	D	E	R	K	N	Q	S	T	A	V	L	I	F	Y	W	H	M	C	P
0	0.01357	0.00883	0.03422	0.01052	0.01305	0.00834	0.07676	0.01694	0.07779	0.20535	0.01926	0.07163	0.01682	0.13029	0.20048	0.00417	0.00779	0.04223	0.03536	0.00661
1	0.01168	0.00669	0.00805	0.00716	0.00952	0.00579	0.00556	0.01363	0.01450	0.20717	0.24090	0.04206	0.38221	0.01167	0.00640	0.00182	0.00328	0.00985	0.00593	0.00612
2	0.01689	0.01135	0.01269	0.01095	0.01440	0.01239	0.00865	0.04424	0.53421	0.21159	0.02240	0.02037	0.01612	0.00742	0.00566	0.00185	0.00452	0.00613	0.02919	0.00899
3	0.01220	0.01028	0.01117	0.01054	0.01301	0.01163	0.00798	0.02436	0.56941	0.02124	0.02494	0.21642	0.02222	0.01015	0.00609	0.00200	0.00415	0.00878	0.00560	0.00782
4	0.01157	0.01480	0.20303	0.01027	0.01611	0.00890	0.01022	0.01509	0.01172	0.01821	0.01003	0.01172	0.00803	0.00446	0.00446	0.00107	0.00521	0.00354	0.00309	0.62844
5	0.01133	0.00668	0.00755	0.00678	0.00930	0.00564	0.00528	0.01294	0.01365	0.20516	0.04826	0.04536	0.57611	0.01242	0.00640	0.00186	0.00334	0.01031	0.00566	0.00596
6	0.01241	0.00675	0.00919	0.00843	0.00998	0.00688	0.00627	0.01386	0.01056	0.20293	0.01765	0.02573	0.01593	0.25853	0.36274	0.00615	0.00964	0.00657	0.00412	0.00569
7	0.00774	0.00575	0.00841	0.00874	0.00958	0.00642	0.00658	0.00949	0.00948	0.01339	0.01908	0.21725	0.01989	0.03603	0.58571	0.00735	0.01211	0.00854	0.00357	0.00491
8	0.00856	0.00676	0.00981	0.20358	0.01602	0.00707	0.00790	0.01138	0.01442	0.01997	0.52645	0.08493	0.04060	0.01043	0.00642	0.00183	0.00391	0.00926	0.00520	0.00550
9	0.01858	0.02740	0.20624	0.01489	0.01915	0.58697	0.01337	0.02130	0.01493	0.01479	0.00905	0.01058	0.00722	0.00569	0.00514	0.00153	0.00969	0.00376	0.00277	0.00697
10	0.14100	0.15001	0.01620	0.20527	0.01999	0.01244	0.01004	0.02067	0.01310	0.33676	0.01447	0.01484	0.00997	0.00599	0.00497	0.00168	0.00562	0.00464	0.00452	0.00781
11	0.01821	0.22949	0.04019	0.03723	0.14900	0.01528	0.03863	0.16658	0.01590	0.20027	0.01319	0.01374	0.00967	0.00578	0.00508	0.00156	0.00607	0.00464	0.00425	0.02525
12	0.01508	0.00990	0.01202	0.00876	0.01360	0.00770	0.00707	0.01750	0.01278	0.20751	0.01307	0.01355	0.00974	0.00487	0.00454	0.00106	0.00432	0.00392	0.00425	0.62876
13	0.01167	0.01045	0.01475	0.01290	0.01290	0.01413	0.01045	0.01198	0.00830	0.01260	0.00799	0.01352	0.00799	0.01229	0.01935	0.21203	0.59411	0.00492	0.00246	0.00522
14	0.00672	0.00556	0.00589	0.00611	0.00772	0.00473	0.00447	0.00809	0.01254	0.01523	0.06906	0.18384	0.62110	0.01478	0.00674	0.00196	0.00292	0.01256	0.00525	0.00473
15	0.63670	0.01056	0.00947	0.00806	0.01176	0.01153	0.00664	0.01928	0.01122	0.21269	0.01145	0.01166	0.00806	0.00566	0.00403	0.00174	0.00446	0.00370	0.00436	0.00697
16	0.01272	0.01258	0.01865	0.01974	0.20386	0.01627	0.01356	0.01448	0.00967	0.01476	0.00819	0.01272	0.00777	0.00863	0.01523	0.00226	0.59457	0.00495	0.00254	0.00685
17	0.01598	0.00952	0.01603	0.01252	0.01601	0.00862	0.19280	0.01874	0.01463	0.31591	0.18115	0.13023	0.02425	0.00885	0.00633	0.00186	0.00530	0.00830	0.00552	0.00747
18	0.01062	0.00983	0.01400	0.01251	0.01291	0.01321	0.01023	0.01216	0.00879	0.01335	0.01042	0.01618	0.01003	0.02263	0.31921	0.00506	0.48510	0.00536	0.00268	0.00571
19	0.01707	0.21292	0.01852	0.01156	0.01565	0.01739	0.00977	0.29905	0.29258	0.02547	0.01555	0.01515	0.01179	0.00659	0.00516	0.00165	0.00551	0.00503	0.00486	0.00874
20	0.03861	0.01121	0.01284	0.01046	0.01390	0.01175	0.00842	0.27634	0.13506	0.18918	0.20537	0.02296	0.02255	0.00809	0.00585	0.00176	0.00468	0.00663	0.00602	0.00831
21	0.00772	0.00601	0.00707	0.00706	0.00852	0.00558	0.00519	0.01055	0.06562	0.01849	0.32514	0.19441	0.29118	0.01339	0.00669	0.00193	0.00297	0.01164	0.00564	0.00522
22	0.01375	0.01313	0.20180	0.01102	0.01486	0.00876	0.01077	0.06438	0.01384	0.20245	0.02379	0.20340	0.06416	0.01070	0.00630	0.00201	0.00537	0.11738	0.00496	0.00717
23	0.02045	0.00877	0.01110	0.00899	0.01247	0.00811	0.00727	0.02415	0.09122	0.50924	0.02133	0.01979	0.01439	0.00693	0.00524	0.00165	0.00422	0.00563	0.21061	0.00844
24	0.01354	0.60476	0.02436	0.00981	0.01374	0.01830	0.00949	0.01555	0.01182	0.01415	0.01335	0.02271	0.01355	0.00751	0.00466	0.00155	0.00581	0.18554	0.00310	0.00671
25	0.01644	0.01334	0.20223	0.01051	0.01501	0.00853	0.01043	0.01973	0.01467	0.35719	0.16827	0.02541	0.09712	0.00820	0.00587	0.00177	0.00506	0.00681	0.00548	0.00793
26	0.01274	0.00655	0.00848	0.00814	0.01006	0.00580	0.00603	0.01419	0.01287	0.25804	0.03299	0.40988	0.16445	0.01357	0.00659	0.00204	0.00368	0.01191	0.00578	0.00622
27	0.24474	0.01164	0.01258	0.00999	0.01401	0.01214	0.00823	0.24639	0.01733	0.30649	0.01544	0.01478	0.01048	0.00641	0.00498	0.00170	0.00500	0.00475	0.04449	0.00843
28	0.01333	0.01145	0.01688	0.59373	0.03340	0.01375	0.01439	0.19885	0.01507	0.01968	0.01088	0.01463	0.00802	0.00591	0.00563	0.00183	0.00717	0.00502	0.00329	0.00709
29	0.00938	0.00646	0.00966	0.20365	0.01529	0.00721	0.00751	0.00966	0.00874	0.01163	0.01243	0.02197	0.01233	0.20755	0.11689	0.32005	0.00699	0.00586	0.00276	0.00397
30	0.01236	0.20896	0.01536	0.00997	0.01192	0.04230	0.00832	0.01386	0.01091	0.06691	0.01585	0.04667	0.01614	0.17206	0.07476	0.00321	0.12805	0.13298	0.00357	0.00582
31	0.01219	0.01134	0.01938	0.52753	0.15366	0.01297	0.09105	0.04451	0.02720	0.03044	0.01086	0.01499	0.00823	0.00555	0.00573	0.00184	0.00741	0.00521	0.00285	0.00706
32	0.00775	0.00526	0.00681	0.00758	0.00824	0.00487	0.00516	0.00892	0.01150	0.04322	0.11574	0.58483	0.07864	0.07291	0.00858	0.00241	0.00339	0.01414	0.00527	0.00477
33	0.01837	0.16140	0.03855	0.06548	0.19400	0.04394	0.01179	0.12475	0.01543	0.23422	0.01384	0.01446	0.01004	0.00589	0.00518	0.00161	0.00609	0.00476	0.02168	0.00853
34	0.41525	0.04154	0.01329	0.03601	0.06106	0.06530	0.04493	0.01999	0.02559	0.21028	0.01219	0.01272	0.00873	0.00571	0.00454	0.00171	0.00543	0.00416	0.00421	0.00735
35	0.01560	0.05062	0.07125	0.24391	0.03533	0.02718	0.03393	0.03099	0.01282	0.23349	0.01447	0.04633	0.01096	0.00782	0.02660	0.00202	0.09047	0.00551	0.03326	0.00742
36	0.02859	0.16862	0.32372	0.04902	0.05446	0.05620	0.03751	0.06119	0.04750	0.03100	0.01061	0.01216	0.00812	0.00535	0.00497	0.00157	0.00709	0.00415	0.00298	0.08519

[dist]
# distance from previous block
# <min> <max>
0	1

[block]
# block no. 1 follows, 42 sequences, length 17
# corresponding to MSA columns:
# 952-968
name=unknown_B
#
# <colnr> <probs for GDERKNQSTAVLIFYWHMCP>
#	G	D	E	R	K	N	Q	S	T	A	V	L	I	F	Y	W	H	M	C	P
0	0.01402	0.00789	0.01000	0.00860	0.01111	0.00754	0.00674	0.04370	0.09815	0.23594	0.44474	0.03220	0.03645	0.00962	0.00622	0.00177	0.00359	0.00829	0.00634	0.00707
1	0.01350	0.00784	0.01046	0.07288	0.03309	0.00778	0.00756	0.05910	0.03633	0.20774	0.06953	0.22923	0.02356	0.13113	0.02870	0.00268	0.00497	0.04233	0.00515	0.00644
2	0.00783	0.00541	0.00658	0.00675	0.00716	0.00522	0.00429	0.00872	0.01072	0.01463	0.20973	0.20755	0.03245	0.42747	0.01830	0.00382	0.00426	0.01043	0.00452	0.00415
3	0.01500	0.00987	0.01385	0.01159	0.01467	0.00988	0.10313	0.05394	0.20556	0.21061	0.09162	0.17778	0.02257	0.00958	0.00624	0.00193	0.00488	0.02405	0.00559	0.00765
4	0.01824	0.01214	0.01359	0.01137	0.01510	0.01320	0.00908	0.16421	0.43212	0.21509	0.02096	0.01912	0.01493	0.00730	0.00569	0.00183	0.00487	0.00594	0.00602	0.00920
5	0.63512	0.01055	0.00948	0.00806	0.01177	0.01152	0.00665	0.01930	0.01123	0.21413	0.01147	0.01168	0.00808	0.00567	0.00403	0.00174	0.00446	0.00371	0.00436	0.00698
6	0.01259	0.01098	0.01330	0.20790	0.02017	0.01282	0.01028	0.02420	0.50011	0.02113	0.08764	0.02141	0.01802	0.00748	0.00578	0.00189	0.00506	0.00637	0.00495	0.00790
7	0.01763	0.60400	0.02533	0.00973	0.01442	0.01872	0.00929	0.01953	0.01262	0.20516	0.01147	0.01159	0.00892	0.00536	0.00413	0.00134	0.00571	0.00368	0.00356	0.00782
8	0.01129	0.02911	0.77306	0.01604	0.02436	0.01307	0.02079	0.01782	0.01188	0.01782	0.01010	0.01188	0.00713	0.00535	0.00535	0.00178	0.00832	0.00416	0.00238	0.00832
9	0.01559	0.01162	0.01618	0.01357	0.01467	0.01497	0.01129	0.01706	0.01052	0.20539	0.01114	0.01405	0.00904	0.00912	0.01522	0.00228	0.59257	0.00511	0.00360	0.00702
10	0.84197	0.01088	0.00827	0.00740	0.01088	0.01262	0.00609	0.01654	0.00958	0.02525	0.00784	0.00914	0.00609	0.00522	0.00348	0.00174	0.00435	0.00305	0.00348	0.00609
11	0.01176	0.21443	0.15189	0.01348	0.01770	0.01289	0.18170	0.01483	0.01188	0.03877	0.01667	0.25571	0.01701	0.00892	0.00579	0.00182	0.00633	0.00816	0.00352	0.00675
12	0.01680	0.01241	0.02036	0.02833	0.57647	0.01208	0.01499	0.01984	0.01365	0.20900	0.01353	0.01525	0.01018	0.00551	0.00559	0.00169	0.00621	0.00518	0.00384	0.00908
13	0.01229	0.00672	0.00885	0.00777	0.00988	0.00604	0.00602	0.01477	0.01585	0.21182	0.54685	0.03675	0.07276	0.01047	0.00639	0.00177	0.00320	0.00910	0.00635	0.00637
14	0.01352	0.02284	0.46348	0.01757	0.02463	0.01313	0.22676	0.04617	0.01322	0.08764	0.01171	0.01355	0.00825	0.00538	0.00576	0.00181	0.00825	0.00504	0.00305	0.00827
15	0.01552	0.01830	0.23092	0.04153	0.09085	0.01422	0.16509	0.20428	0.07679	0.06715	0.01302	0.01443	0.00943	0.00584	0.00576	0.00178	0.00732	0.00527	0.00388	0.00860
16	0.01871	0.01675	0.20745	0.01470	0.08681	0.01291	0.01298	0.21952	0.07781	0.25118	0.01577	0.01545	0.01083	0.00637	0.00557	0.00174	0.00621	0.00512	0.00496	0.00914

[dist]
# distance from previous block
# <min> <max>
0	2

[block]
# block no. 2 follows, 42 sequences, length 7
# corresponding to MSA columns:
# 971-977
name=unknown_C
#
# <colnr> <probs for GDERKNQSTAVLIFYWHMCP>
#	G	D	E	R	K	N	Q	S	T	A	V	L	I	F	Y	W	H	M	C	P
0	0.10301	0.00936	0.01210	0.00950	0.01349	0.00843	0.00779	0.02486	0.01546	0.63125	0.08756	0.02024	0.01669	0.00720	0.00554	0.00174	0.00455	0.00581	0.00656	0.00886
1	0.01313	0.04671	0.33373	0.01487	0.10789	0.01066	0.01407	0.01717	0.01295	0.14363	0.04874	0.06390	0.08709	0.00797	0.00579	0.00183	0.00622	0.05201	0.00395	0.00770
2	0.01667	0.14854	0.02119	0.07005	0.36792	0.08021	0.01357	0.07417	0.01425	0.12350	0.01177	0.01354	0.00915	0.00549	0.00522	0.00160	0.00662	0.00465	0.00351	0.00840
3	0.01769	0.01248	0.01706	0.11288	0.15571	0.04251	0.05732	0.18677	0.03842	0.20595	0.01614	0.05967	0.01261	0.00710	0.00583	0.00180	0.00622	0.03075	0.00474	0.00836
4	0.63770	0.06763	0.01132	0.00964	0.05342	0.05877	0.00738	0.01765	0.01068	0.07057	0.00895	0.01009	0.00689	0.00533	0.00384	0.00168	0.00497	0.00335	0.00355	0.00658
5	0.01397	0.01006	0.01337	0.01539	0.17966	0.02743	0.01003	0.05157	0.13196	0.14010	0.07195	0.09844	0.05697	0.00981	0.00628	0.00196	0.00505	0.14346	0.00506	0.00747
6	0.06016	0.07708	0.17714	0.01284	0.03373	0.05539	0.04416	0.07983	0.17865	0.09357	0.01407	0.01444	0.01044	0.00591	0.00514	0.00161	0.00611	0.00470	0.00408	0.12096

[dist]
# distance from previous block
# <min> <max>
0	1

[block]
# block no. 3 follows, 42 sequences, length 10
# corresponding to MSA columns:
# 979-988
name=unknown_D
#
# <colnr> <probs for GDERKNQSTAVLIFYWHMCP>
#	G	D	E	R	K	N	Q	S	T	A	V	L	I	F	Y	W	H	M	C	P
0	0.01420	0.01044	0.03890	0.00975	0.01369	0.00924	0.00804	0.01973	0.18066	0.16258	0.01607	0.01689	0.01228	0.01164	0.12938	0.00260	0.00625	0.00493	0.00448	0.32824
1	0.03790	0.01206	0.01999	0.02026	0.22678	0.03488	0.20015	0.03833	0.01373	0.16746	0.01667	0.11416	0.01454	0.00757	0.00612	0.00187	0.00655	0.04901	0.00417	0.00782
2	0.05750	0.10746	0.33902	0.01378	0.01965	0.01295	0.09517	0.04012	0.03877	0.12917	0.08082	0.01595	0.01284	0.00613	0.00538	0.00172	0.00676	0.00512	0.00372	0.00797
3	0.00798	0.00542	0.00640	0.00659	0.00671	0.00544	0.00393	0.00827	0.00862	0.01157	0.01946	0.14589	0.02242	0.63431	0.07940	0.00525	0.00583	0.00916	0.00364	0.00369
4	0.01284	0.00745	0.01089	0.00896	0.01139	0.00703	0.11221	0.01570	0.01335	0.13987	0.13486	0.02315	0.01956	0.00714	0.00502	0.00154	0.00396	0.00629	0.45250	0.00628
5	0.01427	0.58327	0.02540	0.12250	0.01798	0.01974	0.01040	0.01826	0.11224	0.01480	0.01018	0.01151	0.00861	0.00531	0.00419	0.00140	0.00602	0.00375	0.00287	0.00731
6	0.15143	0.22040	0.14530	0.05702	0.01747	0.04760	0.07034	0.05696	0.01232	0.01799	0.01282	0.12602	0.01217	0.00726	0.00503	0.00171	0.00627	0.02174	0.00329	0.00686
7	0.00780	0.00568	0.00737	0.00735	0.00857	0.00526	0.00552	0.01012	0.01473	0.02040	0.54900	0.15398	0.10018	0.01291	0.00681	0.00192	0.00296	0.06839	0.00590	0.00515
8	0.02132	0.01459	0.01683	0.01444	0.08450	0.01567	0.01091	0.57114	0.02363	0.14755	0.01459	0.01442	0.01018	0.00663	0.00563	0.00170	0.00602	0.00515	0.00558	0.00951
9	0.04148	0.06001	0.05032	0.04179	0.01802	0.04309	0.12403	0.16124	0.06650	0.20290	0.08200	0.01994	0.01537	0.00708	0.00577	0.00177	0.00612	0.03950	0.00494	0.00810

[dist]
# distance from previous block
# <min> <max>
0	7

[block]
# block no. 4 follows, 42 sequences, length 11
# corresponding to MSA columns:
# 996-1006
name=unknown_E
#
# <colnr> <probs for GDERKNQSTAVLIFYWHMCP>
#	G	D	E	R	K	N	Q	S	T	A	V	L	I	F	Y	W	H	M	C	P
0	0.01353	0.01495	0.11208	0.28020	0.06697	0.09659	0.01327	0.12384	0.09118	0.01900	0.01414	0.10331	0.01218	0.00731	0.00571	0.00183	0.00686	0.00614	0.00364	0.00726
1	0.00968	0.00663	0.00736	0.00691	0.00742	0.00682	0.00424	0.09216	0.01026	0.01370	0.01725	0.03418	0.01922	0.71197	0.02603	0.00503	0.00554	0.00783	0.00366	0.00411
2	0.01303	0.10070	0.02039	0.35220	0.09114	0.09575	0.12409	0.03272	0.03098	0.01614	0.04391	0.01593	0.02724	0.00589	0.00556	0.00173	0.00743	0.00530	0.00298	0.00688
3	0.04178	0.12391	0.17142	0.04183	0.03793	0.04128	0.04795	0.10488	0.07298	0.20415	0.01399	0.01438	0.00999	0.00620	0.00586	0.00172	0.04237	0.00480	0.00424	0.00834
4	0.00733	0.00541	0.00695	0.00784	0.00872	0.00502	0.00576	0.00886	0.01206	0.01580	0.11093	0.45852	0.16440	0.01604	0.00714	0.00222	0.00348	0.14342	0.00532	0.00479
5	0.01011	0.00844	0.09383	0.00790	0.00974	0.00632	0.00648	0.01184	0.01114	0.09092	0.05390	0.19417	0.09098	0.26095	0.01312	0.00300	0.00454	0.00919	0.10817	0.00526
6	0.01638	0.14288	0.10312	0.07321	0.11704	0.01388	0.13705	0.04674	0.07977	0.19358	0.01408	0.01503	0.01021	0.00577	0.00545	0.00170	0.00663	0.00514	0.00401	0.00833
7	0.01471	0.05090	0.05142	0.19615	0.07414	0.04185	0.03814	0.13332	0.05891	0.11073	0.01680	0.12052	0.03434	0.00790	0.00606	0.00183	0.02386	0.00670	0.00421	0.00746
8	0.11656	0.09777	0.01110	0.00863	0.01090	0.00877	0.00693	0.01481	0.01220	0.17017	0.05783	0.23639	0.02333	0.04880	0.02707	0.00230	0.00466	0.11004	0.02557	0.00618
9	0.05027	0.17242	0.07908	0.05102	0.01833	0.35168	0.04831	0.02041	0.01389	0.10059	0.01029	0.01162	0.00803	0.00577	0.00542	0.00155	0.03692	0.00402	0.00321	0.00716
10	0.00994	0.00636	0.00761	0.00703	0.00877	0.00585	0.00523	0.01241	0.04285	0.10413	0.34460	0.04042	0.23267	0.10352	0.00895	0.00222	0.00334	0.00954	0.03900	0.00556

[dist]
# distance from previous block
# <min> <max>
0	20

[block]
# block no. 5 follows, 42 sequences, length 55
# corresponding to MSA columns:
# 1027-1081
name=unknown_F
#
# <colnr> <probs for GDERKNQSTAVLIFYWHMCP>
#	G	D	E	R	K	N	Q	S	T	A	V	L	I	F	Y	W	H	M	C	P
0	0.03781	0.18503	0.04617	0.06820	0.04319	0.01504	0.03152	0.22866	0.07527	0.12806	0.01494	0.07593	0.01208	0.00700	0.00529	0.00168	0.00583	0.00562	0.00452	0.00816
1	0.01332	0.01237	0.01234	0.01155	0.03613	0.18506	0.00869	0.02825	0.01173	0.06178	0.01279	0.01722	0.01124	0.04427	0.33232	0.00482	0.08631	0.00509	0.01746	0.08728
2	0.01621	0.51575	0.02416	0.01054	0.01499	0.01978	0.00968	0.19313	0.08625	0.01959	0.01134	0.03564	0.00966	0.00595	0.00441	0.00142	0.00583	0.00422	0.00358	0.00786
3	0.01198	0.07052	0.06635	0.42597	0.09108	0.01305	0.02682	0.07490	0.04325	0.01716	0.02904	0.06410	0.01118	0.00734	0.02251	0.00197	0.00697	0.00572	0.00317	0.00693
4	0.00939	0.00862	0.05482	0.00742	0.00817	0.06708	0.00509	0.00991	0.00903	0.01157	0.01654	0.03316	0.01858	0.68954	0.02533	0.00491	0.00601	0.00757	0.00331	0.00396
5	0.00817	0.00596	0.00665	0.00634	0.00824	0.00512	0.00481	0.00997	0.01387	0.06441	0.24624	0.04869	0.52528	0.01305	0.00659	0.00186	0.00292	0.01103	0.00560	0.00520
6	0.01063	0.01000	0.01688	0.78870	0.03876	0.01250	0.01563	0.01438	0.01125	0.01438	0.01000	0.01500	0.00750	0.00563	0.00563	0.00188	0.00750	0.00500	0.00250	0.00625
7	0.01470	0.01193	0.01275	0.01136	0.01462	0.01364	0.00887	0.02975	0.71067	0.07023	0.02286	0.02088	0.01698	0.00759	0.00572	0.00190	0.00447	0.00632	0.00580	0.00895
8	0.01643	0.01279	0.01372	0.01171	0.01528	0.01445	0.00929	0.19812	0.53948	0.07303	0.02066	0.01913	0.01519	0.00739	0.00570	0.00185	0.00488	0.00601	0.00578	0.00910
9	0.01484	0.33384	0.29323	0.01343	0.01950	0.01696	0.07353	0.09233	0.01356	0.06486	0.01040	0.01164	0.00795	0.00533	0.00481	0.00155	0.00706	0.00409	0.00304	0.00803
10	0.01585	0.09433	0.14776	0.02695	0.01702	0.01173	0.03087	0.09362	0.04960	0.17390	0.01331	0.01377	0.00970	0.00549	0.00494	0.00141	0.00564	0.00437	0.00414	0.27561
11	0.01552	0.41487	0.09863	0.06936	0.01836	0.03480	0.04291	0.11849	0.04428	0.04734	0.01033	0.01168	0.00829	0.00561	0.00513	0.00151	0.03793	0.00404	0.00320	0.00770
12	0.01221	0.01217	0.01721	0.06312	0.01627	0.01694	0.01252	0.01360	0.00878	0.01360	0.00755	0.01248	0.00739	0.00959	0.01767	0.00243	0.74292	0.00493	0.00246	0.00616
13	0.05352	0.06254	0.02013	0.04055	0.41786	0.03533	0.01411	0.03588	0.01252	0.09081	0.01083	0.01352	0.00882	0.00617	0.00774	0.00180	0.15173	0.00481	0.00321	0.00813
14	0.01613	0.04727	0.16302	0.03102	0.11079	0.01019	0.01145	0.04691	0.01453	0.27696	0.14282	0.05246	0.01908	0.02455	0.00622	0.00183	0.00548	0.00637	0.00491	0.00801
15	0.08735	0.01070	0.01247	0.00995	0.01386	0.04510	0.00810	0.07185	0.06216	0.52214	0.03835	0.01837	0.01393	0.00689	0.00539	0.00171	0.00490	0.00545	0.05254	0.00877
16	0.00991	0.00618	0.00814	0.00741	0.00908	0.00564	0.00564	0.01251	0.01595	0.10666	0.68078	0.03947	0.04870	0.01099	0.00653	0.00177	0.00289	0.00967	0.00628	0.00579
17	0.03551	0.01573	0.12945	0.01682	0.04030	0.04711	0.28115	0.07985	0.01507	0.23947	0.03323	0.01602	0.01101	0.00588	0.00592	0.00179	0.00736	0.00570	0.00431	0.00833
18	0.03690	0.05390	0.03101	0.01300	0.06186	0.02829	0.01024	0.12692	0.03128	0.32448	0.04794	0.01655	0.01261	0.00742	0.00818	0.00185	0.16889	0.00533	0.00502	0.00834
19	0.00744	0.00525	0.00645	0.00708	0.00749	0.00500	0.00460	0.00824	0.01033	0.01370	0.06917	0.40472	0.08621	0.30217	0.01493	0.00339	0.00405	0.03095	0.00462	0.00422
20	0.00978	0.00489	0.00733	0.00733	0.00733	0.00489	0.00489	0.00733	0.00733	0.00978	0.00978	0.01711	0.00978	0.01955	0.02199	0.83627	0.00489	0.00489	0.00244	0.00244
21	0.01477	0.01633	0.07341	0.21157	0.28825	0.15171	0.04704	0.07567	0.03456	0.01801	0.01067	0.01358	0.00840	0.00553	0.00553	0.00171	0.00765	0.00481	0.00302	0.00778
22	0.01464	0.01078	0.01447	0.18549	0.05545	0.01184	0.03715	0.03774	0.31076	0.14762	0.09631	0.02085	0.01737	0.00723	0.00581	0.00184	0.00533	0.00626	0.00502	0.00802
23	0.00696	0.00519	0.00650	0.00750	0.00826	0.00474	0.00526	0.00815	0.01141	0.01473	0.03713	0.57205	0.21021	0.01669	0.00710	0.00221	0.00329	0.06275	0.00522	0.00465
24	0.01147	0.01378	0.17173	0.10197	0.05375	0.01083	0.09224	0.09495	0.03112	0.02022	0.21009	0.03997	0.05230	0.00915	0.02797	0.02027	0.02028	0.00694	0.00409	0.00691
25	0.01677	0.26115	0.23244	0.04210	0.01894	0.01563	0.02950	0.13104	0.01482	0.16816	0.01234	0.01289	0.00892	0.00572	0.00496	0.00159	0.00658	0.00433	0.00381	0.00833
26	0.01791	0.01929	0.01721	0.14412	0.17957	0.40170	0.01272	0.02073	0.04175	0.07663	0.01093	0.01287	0.00855	0.00577	0.00534	0.00161	0.00834	0.00441	0.00324	0.00732
27	0.64122	0.20382	0.01342	0.00794	0.01175	0.01497	0.00695	0.01662	0.01003	0.02233	0.00783	0.00911	0.00637	0.00512	0.00351	0.00161	0.00476	0.00304	0.00322	0.00637
28	0.01309	0.04250	0.01504	0.01255	0.03297	0.03889	0.09473	0.04275	0.01176	0.11728	0.01539	0.04585	0.01401	0.09125	0.21802	0.00421	0.12830	0.05129	0.00375	0.00637
29	0.00665	0.00570	0.00570	0.00570	0.00760	0.00475	0.00428	0.00808	0.01283	0.01520	0.05701	0.05416	0.76483	0.01425	0.00665	0.00190	0.00285	0.01188	0.00523	0.00475
30	0.00931	0.00748	0.00976	0.00949	0.01076	0.04340	0.00740	0.04760	0.01024	0.01422	0.01470	0.02112	0.01353	0.03874	0.70521	0.00832	0.01440	0.00587	0.00314	0.00532
31	0.00811	0.00637	0.00935	0.02955	0.12422	0.00617	0.00746	0.00959	0.01119	0.01509	0.02739	0.62858	0.03204	0.01535	0.00693	0.00220	0.00397	0.04635	0.00479	0.00530
32	0.84197	0.01088	0.00827	0.00740	0.01088	0.01262	0.00609	0.01654	0.00958	0.02525	0.00784	0.00914	0.00609	0.00522	0.00348	0.00174	0.00435	0.00305	0.00348	0.00609
33	0.01516	0.06502	0.19769	0.01547	0.07775	0.07686	0.07715	0.11791	0.10686	0.07387	0.07384	0.01634	0.01319	0.00656	0.00614	0.00175	0.04102	0.00535	0.00398	0.00808
34	0.01002	0.00894	0.01284	0.01170	0.01224	0.01176	0.00948	0.01167	0.00885	0.01329	0.01151	0.01757	0.01097	0.02721	0.42707	0.00599	0.37506	0.00552	0.00276	0.00555
35	0.01331	0.02584	0.61413	0.01569	0.02324	0.01321	0.05264	0.08827	0.01363	0.07143	0.01132	0.01269	0.00790	0.00556	0.00546	0.00178	0.00793	0.00446	0.00303	0.00849
36	0.50085	0.01121	0.01081	0.00890	0.01277	0.01210	0.00734	0.12267	0.01376	0.23259	0.01260	0.01252	0.00875	0.00592	0.00439	0.00173	0.00473	0.00405	0.00475	0.00755
37	0.00964	0.00498	0.00747	0.00747	0.00754	0.00506	0.00506	0.00754	0.00747	0.01003	0.01019	0.01750	0.01011	0.02132	0.08133	0.77151	0.00568	0.00498	0.00249	0.00265
38	0.00804	0.00603	0.00904	0.00904	0.01005	0.00703	0.00703	0.01005	0.00904	0.01306	0.01507	0.02211	0.01407	0.04221	0.77992	0.00904	0.01507	0.00603	0.00301	0.00502
39	0.01536	0.00885	0.00957	0.00806	0.01066	0.00921	0.00642	0.23347	0.01664	0.10771	0.01734	0.01856	0.01293	0.00666	0.00463	0.00147	0.00392	0.00524	0.49631	0.00701
40	0.00954	0.00813	0.01237	0.01468	0.20366	0.00771	0.04261	0.01229	0.01454	0.02018	0.43023	0.03540	0.14632	0.00994	0.00637	0.00177	0.00403	0.00895	0.00502	0.00626
41	0.01647	0.01313	0.01688	0.36795	0.02720	0.01519	0.01295	0.41247	0.01950	0.02582	0.01191	0.01419	0.00862	0.00624	0.00563	0.00177	0.00679	0.00504	0.00420	0.00805
42	0.01505	0.80561	0.02949	0.00963	0.01444	0.02227	0.00963	0.01685	0.01143	0.01324	0.00782	0.00903	0.00722	0.00481	0.00361	0.00120	0.00602	0.00301	0.00241	0.00722
43	0.01129	0.02911	0.77306	0.01604	0.02436	0.01307	0.02079	0.01782	0.01188	0.01782	0.01010	0.01188	0.00713	0.00535	0.00535	0.00178	0.00832	0.00416	0.00238	0.00832
44	0.01674	0.00953	0.01064	0.00888	0.01184	0.00988	0.00710	0.19427	0.10619	0.18826	0.01858	0.01880	0.01349	0.00682	0.00493	0.00157	0.00417	0.00543	0.35521	0.00767
45	0.00815	0.00560	0.00688	0.00688	0.00714	0.00586	0.00434	0.00866	0.00840	0.01146	0.01705	0.03305	0.01882	0.60700	0.22162	0.00638	0.00793	0.00763	0.00331	0.00382
46	0.00752	0.00553	0.00791	0.00846	0.00918	0.00591	0.00620	0.00910	0.00999	0.01389	0.04269	0.36104	0.02524	0.03065	0.42182	0.00590	0.00958	0.01049	0.00407	0.00483
47	0.05763	0.01469	0.01323	0.01175	0.01497	0.15576	0.00912	0.06956	0.48367	0.06164	0.01910	0.03483	0.01460	0.00730	0.00552	0.00180	0.00560	0.00579	0.00514	0.00830
48	0.01316	0.18565	0.56166	0.01426	0.02155	0.01456	0.01753	0.01838	0.01212	0.07638	0.01059	0.01187	0.00769	0.00537	0.00502	0.00166	0.00757	0.00404	0.00275	0.00819
49	0.12012	0.03343	0.01344	0.01208	0.04910	0.01283	0.00954	0.27760	0.10692	0.04519	0.01872	0.04505	0.01694	0.00919	0.00593	0.00197	0.00539	0.20386	0.00505	0.00764
50	0.01221	0.02265	0.43022	0.01960	0.02670	0.01361	0.35717	0.01792	0.01253	0.01792	0.01070	0.01341	0.00778	0.00507	0.00595	0.00184	0.00886	0.00531	0.00259	0.00798
51	0.00741	0.00538	0.00699	0.00733	0.00826	0.00496	0.00521	0.00928	0.01354	0.01863	0.40906	0.36804	0.08635	0.01429	0.00687	0.00200	0.00293	0.01278	0.00572	0.00496
52	0.01061	0.05650	0.36691	0.01147	0.01641	0.00989	0.01286	0.01496	0.01368	0.05427	0.30762	0.02578	0.05959	0.00821	0.00584	0.00175	0.00558	0.00687	0.00421	0.00698
53	0.01483	0.56804	0.14769	0.01165	0.03780	0.03628	0.01164	0.03280	0.04900	0.03134	0.00946	0.01055	0.00794	0.00515	0.00417	0.00137	0.00640	0.00353	0.00275	0.00761
54	0.39141	0.01080	0.01305	0.14950	0.12799	0.02595	0.04370	0.01544	0.01150	0.02108	0.09833	0.01670	0.04123	0.00632	0.00483	0.00177	0.00534	0.00502	0.00355	0.00647

[dist]
# distance from previous block
# <min> <max>
0	12

[block]
# block no. 6 follows, 42 sequences, length 12
# corresponding to MSA columns:
# 1100-1111
name=unknown_G
#
# <colnr> <probs for GDERKNQSTAVLIFYWHMCP>
#	G	D	E	R	K	N	Q	S	T	A	V	L	I	F	Y	W	H	M	C	P
0	0.01738	0.01409	0.01776	0.01992	0.28205	0.03816	0.01235	0.38624	0.01965	0.02686	0.01342	0.04916	0.01082	0.00658	0.00555	0.00168	0.00613	0.00550	0.05795	0.00874
1	0.01815	0.01103	0.01733	0.10832	0.33166	0.01074	0.01275	0.02095	0.01397	0.34144	0.01630	0.04659	0.01200	0.00641	0.00568	0.00175	0.00583	0.00571	0.00464	0.00873
2	0.01145	0.02089	0.44564	0.01273	0.01962	0.01068	0.01472	0.01625	0.01179	0.01804	0.01006	0.01179	0.00765	0.00484	0.00484	0.00137	0.00653	0.00380	0.00279	0.36452
3	0.01758	0.01387	0.01474	0.01218	0.01600	0.01567	0.00977	0.37762	0.40341	0.02931	0.01836	0.01737	0.01350	0.00721	0.00568	0.00180	0.00530	0.00574	0.00568	0.00923
4	0.79698	0.01115	0.00874	0.00770	0.01124	0.01289	0.00635	0.05667	0.01050	0.02581	0.00815	0.00938	0.00629	0.00531	0.00360	0.00174	0.00445	0.00316	0.00360	0.00629
5	0.01908	0.01125	0.01523	0.01239	0.01476	0.01299	0.01028	0.07007	0.01339	0.37504	0.01484	0.01565	0.01065	0.00827	0.01151	0.00207	0.36443	0.00528	0.00482	0.00801
6	0.01309	0.09875	0.32621	0.06393	0.03755	0.01166	0.01378	0.01718	0.01236	0.10580	0.03084	0.04618	0.01126	0.00620	0.00518	0.00159	0.00637	0.02539	0.00340	0.16329
7	0.00825	0.00570	0.00726	0.00687	0.00820	0.00530	0.00515	0.01090	0.01546	0.02239	0.67974	0.03965	0.04872	0.01094	0.00633	0.00172	0.00265	0.00962	0.09983	0.00530
8	0.01109	0.02217	0.53240	0.01339	0.01974	0.01104	0.01610	0.03779	0.01326	0.04270	0.15387	0.02063	0.06744	0.00719	0.00569	0.00178	0.00672	0.00588	0.00352	0.00759
9	0.00980	0.00629	0.00965	0.04851	0.09618	0.00636	0.00735	0.00938	0.00928	0.01244	0.01517	0.13138	0.01603	0.01649	0.01561	0.48747	0.00503	0.09041	0.00319	0.00398
10	0.00893	0.00731	0.01100	0.12259	0.03416	0.00742	0.05755	0.01204	0.04676	0.01883	0.37027	0.18517	0.03603	0.04751	0.00755	0.00207	0.00426	0.00995	0.00500	0.00562
11	0.01491	0.01591	0.23122	0.12023	0.17758	0.01153	0.01439	0.06744	0.01388	0.16139	0.03446	0.01586	0.01093	0.00599	0.00542	0.00172	0.00639	0.00506	0.07756	0.00813

[dist]
# distance from previous block
# <min> <max>
0	1

[block]
# block no. 7 follows, 42 sequences, length 22
# corresponding to MSA columns:
# 1113-1134
name=unknown_H
#
# <colnr> <probs for GDERKNQSTAVLIFYWHMCP>
#	G	D	E	R	K	N	Q	S	T	A	V	L	I	F	Y	W	H	M	C	P
0	0.01129	0.02911	0.77306	0.01604	0.02436	0.01307	0.02079	0.01782	0.01188	0.01782	0.01010	0.01188	0.00713	0.00535	0.00535	0.00178	0.00832	0.00416	0.00238	0.00832
1	0.01337	0.07347	0.39000	0.01420	0.03720	0.01252	0.06114	0.06760	0.01317	0.06544	0.01100	0.01246	0.00812	0.00520	0.00509	0.00153	0.00691	0.00423	0.00314	0.19422
2	0.02081	0.02056	0.01623	0.01357	0.01727	0.36163	0.01068	0.38040	0.06236	0.02500	0.01186	0.01241	0.00894	0.00637	0.00538	0.00159	0.00788	0.00449	0.00440	0.00816
3	0.00804	0.00603	0.00904	0.00904	0.01005	0.00703	0.00703	0.01005	0.00904	0.01306	0.01507	0.02211	0.01407	0.04221	0.77992	0.00904	0.01507	0.00603	0.00301	0.00502
4	0.01037	0.00851	0.01264	0.01709	0.29797	0.00848	0.00885	0.01183	0.01049	0.01458	0.06615	0.02841	0.01827	0.44247	0.01829	0.00375	0.00574	0.00711	0.00336	0.00565
5	0.00818	0.00546	0.00614	0.00614	0.00614	0.00546	0.00341	0.00818	0.00818	0.01091	0.01773	0.03683	0.02046	0.80222	0.02864	0.00546	0.00546	0.00818	0.00341	0.00341
6	0.01243	0.01177	0.01966	0.33862	0.42005	0.01262	0.01588	0.01589	0.01210	0.01676	0.01031	0.01421	0.00830	0.00520	0.00550	0.00170	0.00684	0.00489	0.00271	0.06456
7	0.00686	0.00490	0.00653	0.00784	0.00816	0.00457	0.00522	0.00784	0.01077	0.01437	0.03102	0.79855	0.03722	0.01763	0.00718	0.00229	0.00326	0.01600	0.00522	0.00457
8	0.02139	0.01576	0.01689	0.01295	0.01745	0.01745	0.01070	0.74835	0.02646	0.03547	0.01351	0.01351	0.00957	0.00676	0.00563	0.00169	0.00619	0.00507	0.00563	0.00957
9	0.01850	0.10548	0.17920	0.01480	0.08728	0.01218	0.07843	0.04966	0.01451	0.34384	0.03082	0.01587	0.01141	0.00608	0.00546	0.00169	0.00629	0.00514	0.00465	0.00871
10	0.00833	0.00553	0.00717	0.00727	0.00759	0.00578	0.00482	0.00864	0.00856	0.01166	0.01692	0.06728	0.01844	0.43299	0.22468	0.12086	0.00781	0.02853	0.00331	0.00381
11	0.04535	0.01769	0.20001	0.04689	0.02613	0.01403	0.43867	0.01806	0.04838	0.01810	0.01118	0.01426	0.00842	0.00542	0.00695	0.00190	0.06233	0.00574	0.00286	0.00762
12	0.05619	0.46425	0.21972	0.01213	0.01773	0.05294	0.05010	0.01773	0.01190	0.03887	0.00908	0.01045	0.00742	0.00508	0.00434	0.00144	0.00686	0.00360	0.00264	0.00751
13	0.01272	0.01256	0.08408	0.30228	0.24734	0.01156	0.01441	0.01627	0.01227	0.06633	0.02957	0.01482	0.00957	0.00542	0.00538	0.00163	0.00650	0.00484	0.00309	0.13935
14	0.00686	0.00490	0.00653	0.00784	0.00816	0.00457	0.00522	0.00784	0.01077	0.01437	0.03102	0.79855	0.03722	0.01763	0.00718	0.00229	0.00326	0.01600	0.00522	0.00457
15	0.00694	0.00506	0.00656	0.00772	0.00827	0.00468	0.00530	0.00804	0.01111	0.01458	0.03384	0.68118	0.11768	0.01716	0.00715	0.00226	0.00331	0.04933	0.00522	0.00462
16	0.01435	0.12142	0.30810	0.04433	0.03656	0.03353	0.17170	0.01949	0.05467	0.10919	0.01220	0.01374	0.00889	0.00558	0.00572	0.00174	0.02258	0.00490	0.00326	0.00806
17	0.00877	0.00537	0.00761	0.00781	0.00804	0.00562	0.00537	0.00817	0.00847	0.01152	0.01595	0.18423	0.01741	0.11390	0.14234	0.40377	0.03106	0.00779	0.00323	0.00354
18	0.00750	0.00552	0.00791	0.00850	0.00920	0.00592	0.00622	0.00905	0.00983	0.01365	0.02228	0.37293	0.02453	0.03110	0.43078	0.00599	0.00974	0.01053	0.00401	0.00482
19	0.01481	0.38515	0.30107	0.01294	0.03923	0.01728	0.01393	0.06813	0.01301	0.07213	0.01018	0.01126	0.00789	0.00531	0.00459	0.00150	0.00681	0.00382	0.00296	0.00801
20	0.06808	0.10418	0.21659	0.07023	0.04860	0.01236	0.02839	0.02162	0.05844	0.29451	0.01497	0.01500	0.01031	0.00601	0.00523	0.00171	0.00619	0.00480	0.00437	0.00841
21	0.03933	0.07833	0.06979	0.01364	0.01644	0.46426	0.01127	0.01938	0.01354	0.01465	0.00896	0.01114	0.00761	0.00650	0.00747	0.00165	0.15962	0.00394	0.04592	0.00655

[dist]
# distance from previous block
# <min> <max>
0	4

[block]
# block no. 8 follows, 42 sequences, length 15
# corresponding to MSA columns:
# 1140-1154
name=unknown_I
#
# <colnr> <probs for GDERKNQSTAVLIFYWHMCP>
#	G	D	E	R	K	N	Q	S	T	A	V	L	I	F	Y	W	H	M	C	P
0	0.01035	0.00610	0.00756	0.00707	0.00828	0.00570	0.00492	0.01179	0.01251	0.11953	0.28924	0.08400	0.06480	0.30544	0.01466	0.00316	0.00403	0.00913	0.02663	0.00511
1	0.00708	0.00565	0.00634	0.00631	0.00790	0.00491	0.00468	0.00886	0.01365	0.01747	0.27945	0.10853	0.48200	0.01364	0.00669	0.00189	0.00282	0.01166	0.00553	0.00491
2	0.07999	0.00966	0.01552	0.04138	0.01650	0.00913	0.17460	0.01817	0.01439	0.25916	0.21258	0.05764	0.02373	0.00822	0.00611	0.00184	0.00531	0.03357	0.00525	0.00725
3	0.01167	0.01000	0.01167	0.00834	0.01334	0.00750	0.00667	0.01417	0.01167	0.01834	0.01000	0.01167	0.00834	0.00417	0.00417	0.00083	0.00417	0.00333	0.00333	0.83663
4	0.01461	0.05148	0.13108	0.05120	0.32598	0.01327	0.04627	0.09475	0.04794	0.06201	0.01185	0.01382	0.00917	0.00538	0.00536	0.00161	0.00651	0.00479	0.00343	0.09950
5	0.05660	0.01430	0.01543	0.01215	0.01638	0.01571	0.00995	0.52328	0.14367	0.11049	0.01571	0.01513	0.01112	0.00685	0.00555	0.00173	0.00568	0.00525	0.00569	0.00931
6	0.01063	0.01000	0.01688	0.78870	0.03876	0.01250	0.01563	0.01438	0.01125	0.01438	0.01000	0.01500	0.00750	0.00563	0.00563	0.00188	0.00750	0.00500	0.00250	0.00625
7	0.01036	0.00862	0.01363	0.28801	0.11777	0.00996	0.01117	0.01270	0.01041	0.03196	0.01341	0.06224	0.01245	0.09100	0.20602	0.03710	0.04817	0.00618	0.00301	0.00585
8	0.02102	0.02682	0.01595	0.01450	0.01740	0.77963	0.01087	0.02247	0.01595	0.01377	0.00870	0.01015	0.00725	0.00580	0.00507	0.00145	0.01015	0.00362	0.00290	0.00652
9	0.01138	0.02847	0.73891	0.01639	0.02459	0.01312	0.05430	0.01783	0.01195	0.01783	0.01016	0.01203	0.00719	0.00532	0.00541	0.00179	0.00837	0.00427	0.00240	0.00828
10	0.00901	0.00598	0.00786	0.00726	0.00877	0.00549	0.00549	0.01163	0.01594	0.06764	0.71947	0.04066	0.05074	0.01123	0.00658	0.00177	0.00278	0.00991	0.00624	0.00557
11	0.00959	0.03972	0.01315	0.32179	0.04996	0.00954	0.02608	0.01286	0.04310	0.01661	0.16550	0.16555	0.08501	0.00967	0.00614	0.00190	0.00523	0.00859	0.00409	0.00592
12	0.06094	0.01230	0.01449	0.01116	0.01554	0.01242	0.00922	0.33729	0.02027	0.42026	0.01780	0.01627	0.01170	0.00680	0.00555	0.00172	0.00537	0.00528	0.00623	0.00942
13	0.01321	0.00718	0.00873	0.00792	0.00943	0.00700	0.00558	0.01534	0.07500	0.21095	0.02025	0.03285	0.01937	0.46731	0.01911	0.00397	0.00517	0.06135	0.00467	0.00563
14	0.00771	0.00560	0.00726	0.00715	0.00833	0.00515	0.00525	0.01001	0.01486	0.02076	0.60072	0.17874	0.08192	0.01273	0.00674	0.00187	0.00277	0.01130	0.00598	0.00515

[dist]
# distance from previous block
# <min> <max>
1	8

[block]
# block no. 9 follows, 42 sequences, length 12
# corresponding to MSA columns:
# 1163-1174
name=unknown_J
#
# <colnr> <probs for GDERKNQSTAVLIFYWHMCP>
#	G	D	E	R	K	N	Q	S	T	A	V	L	I	F	Y	W	H	M	C	P
0	0.38945	0.01308	0.07619	0.06404	0.01673	0.01258	0.06433	0.10562	0.03381	0.09991	0.01116	0.01228	0.00814	0.00558	0.00461	0.00170	0.00554	0.00416	0.00394	0.06716
1	0.68715	0.05487	0.11213	0.00868	0.01288	0.01319	0.00825	0.01673	0.00998	0.02362	0.00814	0.00950	0.00629	0.00522	0.00374	0.00172	0.00497	0.00319	0.00328	0.00645
2	0.00686	0.00490	0.00653	0.00784	0.00816	0.00457	0.00522	0.00784	0.01077	0.01437	0.03102	0.79855	0.03722	0.01763	0.00718	0.00229	0.00326	0.01600	0.00522	0.00457
3	0.01243	0.06953	0.01843	0.49962	0.11650	0.08338	0.01463	0.01554	0.01161	0.01462	0.00954	0.01374	0.00761	0.00593	0.00668	0.00182	0.08445	0.00473	0.00256	0.00664
4	0.01505	0.80561	0.02949	0.00963	0.01444	0.02227	0.00963	0.01685	0.01143	0.01324	0.00782	0.00903	0.00722	0.00481	0.00361	0.00120	0.00602	0.00301	0.00241	0.00722
5	0.00716	0.00513	0.00680	0.00763	0.00823	0.00477	0.00525	0.00859	0.01217	0.01658	0.22898	0.59427	0.04151	0.01598	0.00704	0.00215	0.00310	0.01443	0.00549	0.00477
6	0.02139	0.01576	0.01689	0.01295	0.01745	0.01745	0.01070	0.74835	0.02646	0.03547	0.01351	0.01351	0.00957	0.00676	0.00563	0.00169	0.00619	0.00507	0.00563	0.00957
7	0.00744	0.00573	0.00679	0.00653	0.00808	0.00509	0.00490	0.00960	0.01469	0.01962	0.48124	0.04689	0.33785	0.01260	0.00664	0.00182	0.00273	0.01086	0.00581	0.00509
8	0.02139	0.01576	0.01689	0.01295	0.01745	0.01745	0.01070	0.74835	0.02646	0.03547	0.01351	0.01351	0.00957	0.00676	0.00563	0.00169	0.00619	0.00507	0.00563	0.00957
9	0.01063	0.01000	0.01688	0.78870	0.03876	0.01250	0.01563	0.01438	0.01125	0.01438	0.01000	0.01500	0.00750	0.00563	0.00563	0.00188	0.00750	0.00500	0.00250	0.00625
10	0.01082	0.00917	0.01149	0.01057	0.01287	0.00964	0.05788	0.01880	0.34277	0.01898	0.02455	0.34229	0.02426	0.01133	0.00628	0.00199	0.00429	0.01016	0.00515	0.06673
11	0.01619	0.01303	0.01613	0.29144	0.02460	0.01505	0.01215	0.35508	0.15269	0.02574	0.01394	0.01540	0.01020	0.00651	0.00565	0.00180	0.00635	0.00528	0.00452	0.00826

[dist]
# distance from previous block
# <min> <max>
0	2

[block]
# block no. 10 follows, 42 sequences, length 34
# corresponding to MSA columns:
# 1177-1185,1210-1234
name=unknown_K
#
# <colnr> <probs for GDERKNQSTAVLIFYWHMCP>
#	G	D	E	R	K	N	Q	S	T	A	V	L	I	F	Y	W	H	M	C	P
0	0.00754	0.00558	0.00605	0.00602	0.00689	0.00516	0.00389	0.00830	0.01060	0.01344	0.08231	0.04431	0.32962	0.42595	0.01815	0.00375	0.00420	0.00984	0.00434	0.00409
1	0.01508	0.09351	0.02353	0.10583	0.26109	0.01473	0.18740	0.11768	0.05356	0.05496	0.01202	0.01440	0.00926	0.00546	0.00565	0.00172	0.00710	0.00530	0.00347	0.00826
2	0.00978	0.00489	0.00733	0.00733	0.00733	0.00489	0.00489	0.00733	0.00733	0.00978	0.00978	0.01711	0.00978	0.01955	0.02199	0.83627	0.00489	0.00489	0.00244	0.00244
3	0.45216	0.01026	0.01056	0.00865	0.01255	0.01055	0.00713	0.02174	0.01269	0.38120	0.01469	0.01392	0.00983	0.00606	0.00452	0.00174	0.00456	0.00429	0.00514	0.00776
4	0.00728	0.00559	0.00645	0.00643	0.00789	0.00492	0.00472	0.00880	0.01326	0.01708	0.27238	0.11428	0.42891	0.01404	0.00769	0.05597	0.00296	0.01126	0.00535	0.00476
5	0.04986	0.06395	0.01668	0.03866	0.12382	0.01122	0.06950	0.07623	0.02928	0.01969	0.01053	0.01246	0.00853	0.00476	0.00471	0.00123	0.00537	0.00407	0.00338	0.44607
6	0.00796	0.00575	0.00752	0.00708	0.00841	0.00531	0.00531	0.01062	0.01593	0.02257	0.76415	0.04204	0.05310	0.01150	0.00664	0.00177	0.00265	0.01018	0.00619	0.00531
7	0.01167	0.01000	0.01167	0.00834	0.01334	0.00750	0.00667	0.01417	0.01167	0.01834	0.01000	0.01167	0.00834	0.00417	0.00417	0.00083	0.00417	0.00333	0.00333	0.83663
8	0.30544	0.30361	0.08417	0.01073	0.03825	0.03559	0.00970	0.05607	0.06001	0.01987	0.00940	0.01059	0.00764	0.00543	0.00440	0.00156	0.02360	0.00357	0.00319	0.00717
9	0.01523	0.78125	0.02907	0.00978	0.01454	0.04596	0.00967	0.01703	0.01158	0.01326	0.00785	0.00906	0.00722	0.00485	0.00366	0.00121	0.00615	0.00303	0.00242	0.00720
10	0.03549	0.39859	0.15867	0.01203	0.05141	0.03315	0.01154	0.03906	0.01266	0.10864	0.01051	0.01141	0.00825	0.00521	0.00441	0.00139	0.00620	0.00374	0.00319	0.08447
11	0.01593	0.21901	0.12388	0.10430	0.10588	0.11274	0.06071	0.12411	0.01471	0.05287	0.01052	0.01231	0.00817	0.00550	0.00507	0.00158	0.00729	0.00435	0.00322	0.00784
12	0.01231	0.01231	0.01724	0.01477	0.01477	0.01724	0.01231	0.01354	0.00862	0.01354	0.00739	0.01231	0.00739	0.00985	0.01847	0.00246	0.79192	0.00492	0.00246	0.00616
13	0.01183	0.00815	0.00924	0.00805	0.01021	0.00831	0.00629	0.19670	0.01744	0.02497	0.35983	0.03092	0.08086	0.00938	0.00577	0.00165	0.00355	0.00789	0.19262	0.00633
14	0.00831	0.00603	0.00801	0.00826	0.00961	0.00572	0.00669	0.01087	0.01462	0.01996	0.44292	0.05093	0.08568	0.01321	0.00707	0.00209	0.00363	0.28541	0.00575	0.00523
15	0.00804	0.00603	0.00904	0.00904	0.01005	0.00703	0.00703	0.01005	0.00904	0.01306	0.01507	0.02211	0.01407	0.04221	0.77992	0.00904	0.01507	0.00603	0.00301	0.00502
16	0.00796	0.00575	0.00752	0.00708	0.00841	0.00531	0.00531	0.01062	0.01593	0.02257	0.76415	0.04204	0.05310	0.01150	0.00664	0.00177	0.00265	0.01018	0.00619	0.00531
17	0.00978	0.00489	0.00733	0.00733	0.00733	0.00489	0.00489	0.00733	0.00733	0.00978	0.00978	0.01711	0.00978	0.01955	0.02199	0.83627	0.00489	0.00489	0.00244	0.00244
18	0.00716	0.00536	0.00668	0.00734	0.00831	0.00488	0.00527	0.00867	0.01238	0.01626	0.17334	0.42562	0.21826	0.01552	0.00699	0.00212	0.00318	0.06245	0.00540	0.00479
19	0.01505	0.80561	0.02949	0.00963	0.01444	0.02227	0.00963	0.01685	0.01143	0.01324	0.00782	0.00903	0.00722	0.00481	0.00361	0.00120	0.00602	0.00301	0.00241	0.00722
20	0.02525	0.00958	0.01306	0.01001	0.01437	0.00827	0.00827	0.02743	0.01611	0.77102	0.02220	0.01915	0.01393	0.00697	0.00566	0.00174	0.00479	0.00566	0.00697	0.00958
21	0.00686	0.00490	0.00653	0.00784	0.00816	0.00457	0.00522	0.00784	0.01077	0.01437	0.03102	0.79855	0.03722	0.01763	0.00718	0.00229	0.00326	0.01600	0.00522	0.00457
22	0.01762	0.01113	0.01259	0.01068	0.01417	0.01194	0.00849	0.08585	0.42485	0.24279	0.02160	0.01985	0.01541	0.00729	0.00556	0.00180	0.00455	0.00597	0.06899	0.00888
23	0.02102	0.02682	0.01595	0.01450	0.01740	0.77963	0.01087	0.02247	0.01595	0.01377	0.00870	0.01015	0.00725	0.00580	0.00507	0.00145	0.01015	0.00362	0.00290	0.00652
24	0.00804	0.00603	0.00904	0.00904	0.01005	0.00703	0.00703	0.01005	0.00904	0.01306	0.01507	0.02211	0.01407	0.04221	0.77992	0.00904	0.01507	0.00603	0.00301	0.00502
25	0.00701	0.00523	0.00656	0.00755	0.00834	0.00479	0.00534	0.00824	0.01147	0.01479	0.03717	0.55240	0.21213	0.01663	0.00711	0.00222	0.00334	0.07978	0.00522	0.00467
26	0.01629	0.01323	0.01402	0.01192	0.01551	0.01507	0.00946	0.25263	0.53049	0.02724	0.01999	0.01868	0.01482	0.00736	0.00570	0.00184	0.00499	0.00596	0.00570	0.00911
27	0.06316	0.00961	0.01176	0.00985	0.03314	0.00928	0.00772	0.13438	0.01636	0.40453	0.05300	0.01905	0.01461	0.00691	0.00522	0.00164	0.00448	0.00553	0.18150	0.00826
28	0.01552	0.00808	0.01100	0.00944	0.01212	0.00744	0.04538	0.06444	0.01449	0.30819	0.06481	0.25050	0.08383	0.01076	0.00616	0.00189	0.00426	0.00941	0.06523	0.00708
29	0.72431	0.01200	0.04334	0.00987	0.06587	0.01282	0.00767	0.03591	0.01036	0.02470	0.00828	0.00972	0.00643	0.00525	0.00377	0.00174	0.00474	0.00329	0.00344	0.00649
