[name]
unknown

[dist]
# distance from previous block
# <min> <max>
29	326

[block]
# block no. 0 follows, 41 sequences, length 6
# corresponding to MSA columns:
# 443-448
name=unknown_A
#
# <colnr> <probs for GDERKNQSTAVLIFYWHMCP>
#	G	D	E	R	K	N	Q	S	T	A	V	L	I	F	Y	W	H	M	C	P
0	0.01424	0.01145	0.03191	0.03874	0.17812	0.01093	0.06557	0.08866	0.09487	0.10371	0.12796	0.05860	0.04045	0.00756	0.00588	0.00171	0.00537	0.00676	0.00467	0.10285
1	0.01367	0.01291	0.06615	0.04632	0.24910	0.05633	0.03894	0.04455	0.05640	0.08091	0.10738	0.05540	0.08373	0.00770	0.00589	0.00174	0.00580	0.00679	0.00421	0.05607
2	0.06428	0.01514	0.11783	0.07170	0.24355	0.04937	0.05640	0.08163	0.02966	0.09060	0.04004	0.04216	0.01176	0.00625	0.00558	0.00172	0.00658	0.00546	0.00377	0.05654
3	0.06587	0.01718	0.16705	0.01834	0.18659	0.05727	0.01362	0.09487	0.05967	0.08543	0.14878	0.02189	0.01936	0.00827	0.00653	0.00212	0.00673	0.00644	0.00495	0.00905
4	0.08775	0.07083	0.11978	0.04461	0.17960	0.03414	0.01263	0.11679	0.09615	0.09007	0.01298	0.01405	0.00977	0.00582	0.00520	0.00165	0.00617	0.00469	0.00396	0.08336
5	0.20914	0.01247	0.05308	0.06232	0.12930	0.03839	0.01028	0.06699	0.06877	0.08280	0.03952	0.06189	0.01318	0.00695	0.00521	0.00173	0.00546	0.02930	0.00414	0.09908

[dist]
# distance from previous block
# <min> <max>
0	1

[block]
# block no. 1 follows, 41 sequences, length 28
# corresponding to MSA columns:
# 450-477
name=unknown_B
#
# <colnr> <probs for GDERKNQSTAVLIFYWHMCP>
#	G	D	E	R	K	N	Q	S	T	A	V	L	I	F	Y	W	H	M	C	P
0	0.08583	0.01320	0.04112	0.05331	0.13027	0.08176	0.02092	0.07493	0.04952	0.15381	0.07752	0.01668	0.01363	0.00625	0.00531	0.00158	0.00575	0.00511	0.00439	0.15909
1	0.01208	0.01044	0.06194	0.01252	0.10890	0.00869	0.00902	0.07939	0.01484	0.06447	0.23853	0.11470	0.02630	0.00882	0.00588	0.00163	0.00451	0.01732	0.00480	0.19524
2	0.13617	0.01178	0.01749	0.31701	0.26921	0.01302	0.01405	0.05491	0.01251	0.01900	0.01018	0.01365	0.00805	0.00549	0.00549	0.00175	0.01962	0.00468	0.00301	0.06293
3	0.04485	0.01333	0.04138	0.06131	0.48301	0.05293	0.01447	0.01802	0.01311	0.10213	0.03333	0.01679	0.01140	0.06108	0.00723	0.00198	0.00657	0.00537	0.00346	0.00827
4	0.01153	0.00807	0.01032	0.01060	0.06349	0.00766	0.00727	0.03794	0.09756	0.09942	0.09583	0.34366	0.05242	0.01184	0.00633	0.00190	0.00401	0.01048	0.00524	0.11443
5	0.01382	0.01333	0.07257	0.02847	0.55823	0.01213	0.01561	0.01709	0.01280	0.06824	0.01349	0.07990	0.01195	0.00834	0.04702	0.00216	0.00695	0.00607	0.00331	0.00848
6	0.01066	0.01220	0.16017	0.01230	0.05823	0.00874	0.04466	0.01504	0.07156	0.05047	0.24962	0.14438	0.02948	0.01013	0.00636	0.00190	0.00497	0.05867	0.00481	0.04562
7	0.01077	0.00914	0.01265	0.01143	0.01326	0.00981	0.06944	0.06250	0.09467	0.01782	0.02215	0.34153	0.02369	0.01241	0.00855	0.00214	0.12540	0.07289	0.00460	0.07515
8	0.06065	0.14336	0.03906	0.01263	0.05307	0.03261	0.01011	0.28128	0.16761	0.02506	0.01542	0.07925	0.01286	0.00732	0.00535	0.00170	0.00567	0.00577	0.00467	0.03655
9	0.01298	0.01227	0.02005	0.17234	0.42645	0.01215	0.04815	0.01633	0.01249	0.01788	0.01055	0.01392	0.00864	0.00501	0.00541	0.00156	0.00652	0.00479	0.00290	0.18959
10	0.05163	0.00944	0.01113	0.00973	0.01262	0.00951	0.00768	0.13137	0.11527	0.22312	0.08893	0.16723	0.08118	0.01046	0.00622	0.00194	0.00442	0.04462	0.00592	0.00757
11	0.01244	0.06854	0.29765	0.01795	0.06250	0.01286	0.25575	0.01711	0.01291	0.04502	0.06312	0.08070	0.01376	0.00670	0.00602	0.00185	0.00767	0.00650	0.00327	0.00770
12	0.01039	0.00946	0.01510	0.52050	0.08191	0.01083	0.01319	0.01355	0.01160	0.01527	0.01559	0.12564	0.04990	0.00769	0.00586	0.00186	0.00645	0.00685	0.00316	0.07519
13	0.00802	0.00547	0.00687	0.00751	0.00843	0.00497	0.00520	0.00925	0.01191	0.05311	0.09226	0.51838	0.17746	0.05295	0.00810	0.00233	0.00337	0.01409	0.00539	0.00494
14	0.01486	0.31022	0.28823	0.01297	0.01914	0.01572	0.06155	0.01870	0.01253	0.11186	0.01105	0.01215	0.00836	0.00530	0.00481	0.00152	0.00686	0.00409	0.00313	0.07695
15	0.01157	0.01194	0.09958	0.08182	0.10528	0.03136	0.09095	0.01471	0.01223	0.05403	0.01832	0.09300	0.01789	0.03653	0.09938	0.00305	0.03045	0.17750	0.00381	0.00659
16	0.02420	0.00941	0.01281	0.00993	0.01410	0.00816	0.00816	0.02645	0.01636	0.70523	0.08404	0.02141	0.01748	0.00746	0.00583	0.00177	0.00469	0.00613	0.00701	0.00937
17	0.00811	0.00618	0.00794	0.03483	0.01074	0.00588	0.00707	0.01020	0.01304	0.01668	0.10121	0.15330	0.26431	0.01497	0.00729	0.00227	0.00412	0.32148	0.00528	0.00510
18	0.05281	0.01411	0.02617	0.03000	0.47369	0.01386	0.26827	0.01779	0.01303	0.01889	0.01091	0.01437	0.00879	0.00501	0.00594	0.00178	0.00767	0.00558	0.00289	0.00846
19	0.02389	0.01034	0.01342	0.01038	0.01461	0.00949	0.00854	0.12613	0.01782	0.61372	0.07290	0.02030	0.01633	0.00737	0.00582	0.00176	0.00491	0.00599	0.00684	0.00943
20	0.00826	0.00578	0.00742	0.00742	0.00783	0.00619	0.00494	0.00908	0.00867	0.01197	0.01694	0.03143	0.01819	0.49589	0.32864	0.00701	0.00946	0.00744	0.00330	0.00412
21	0.01156	0.01181	0.08636	0.24416	0.26151	0.01092	0.01416	0.01483	0.01219	0.04041	0.01629	0.16880	0.01586	0.00860	0.00613	0.00196	0.00635	0.05749	0.00349	0.00712
22	0.00994	0.00497	0.00745	0.00745	0.00745	0.00497	0.00497	0.00745	0.00745	0.00994	0.00994	0.01739	0.00994	0.01987	0.02235	0.83358	0.00497	0.00497	0.00248	0.00248
23	0.00994	0.00497	0.00745	0.00745	0.00745	0.00497	0.00497	0.00745	0.00745	0.00994	0.00994	0.01739	0.00994	0.01987	0.02235	0.83358	0.00497	0.00497	0.00248	0.00248
24	0.01553	0.12382	0.34715	0.01551	0.05141	0.27065	0.01550	0.02006	0.04742	0.01638	0.01008	0.01164	0.00785	0.00568	0.00534	0.00164	0.01981	0.00405	0.00277	0.00772
25	0.01986	0.01312	0.13051	0.01236	0.01678	0.01029	0.05984	0.02285	0.01447	0.46297	0.05202	0.01855	0.01390	0.00858	0.03710	0.00215	0.08482	0.00574	0.00543	0.00867
26	0.01216	0.05275	0.29090	0.01447	0.06838	0.01132	0.07606	0.01642	0.01215	0.01820	0.01026	0.01228	0.00803	0.00481	0.00496	0.00136	0.00649	0.00408	0.00291	0.37201
27	0.01376	0.05709	0.37303	0.05153	0.08147	0.01249	0.01554	0.01881	0.04305	0.10797	0.01209	0.01351	0.00886	0.00569	0.00578	0.00166	0.03729	0.00446	0.00331	0.13262

[dist]
# distance from previous block
# <min> <max>
0	1

[block]
# block no. 2 follows, 41 sequences, length 49
# corresponding to MSA columns:
# 479-527
name=unknown_C
#
# <colnr> <probs for GDERKNQSTAVLIFYWHMCP>
#	G	D	E	R	K	N	Q	S	T	A	V	L	I	F	Y	W	H	M	C	P
0	0.01347	0.08808	0.04167	0.00905	0.01418	0.00937	0.00775	0.01607	0.01227	0.08827	0.01112	0.01232	0.00885	0.00461	0.00437	0.00101	0.00463	0.00361	0.00361	0.64571
1	0.04359	0.08787	0.45366	0.01500	0.04122	0.03751	0.05144	0.04041	0.01290	0.06967	0.01096	0.01243	0.00800	0.00540	0.00520	0.00165	0.00747	0.00427	0.00302	0.08831
2	0.74793	0.07061	0.01034	0.00790	0.01158	0.01374	0.00663	0.04320	0.01050	0.02512	0.00817	0.00944	0.00641	0.00533	0.00363	0.00173	0.00462	0.00317	0.00354	0.00641
3	0.00931	0.00759	0.01085	0.04182	0.06013	0.00706	0.08266	0.01156	0.01303	0.04141	0.09974	0.04036	0.38986	0.04073	0.03052	0.00222	0.00460	0.02863	0.07224	0.00568
4	0.01416	0.01514	0.02769	0.02104	0.05174	0.07699	0.51506	0.03773	0.01380	0.03813	0.04163	0.01691	0.01107	0.03177	0.03044	0.00222	0.03736	0.00648	0.00323	0.00742
5	0.00987	0.00499	0.00740	0.00740	0.00740	0.00499	0.00491	0.00749	0.00749	0.00998	0.01026	0.01818	0.01037	0.05087	0.02262	0.80063	0.00499	0.00510	0.00252	0.00252
6	0.01306	0.04091	0.04045	0.39285	0.02718	0.01361	0.01291	0.13717	0.13307	0.01970	0.01454	0.08235	0.01211	0.00736	0.00614	0.00190	0.02740	0.00617	0.00382	0.00730
7	0.01559	0.01389	0.06488	0.04229	0.08074	0.01438	0.01125	0.14847	0.41212	0.06013	0.01869	0.01886	0.01408	0.00734	0.00632	0.00190	0.03738	0.01767	0.00512	0.00889
8	0.00745	0.00532	0.00719	0.00852	0.00906	0.00506	0.00615	0.00880	0.01143	0.01514	0.03126	0.63843	0.03678	0.01747	0.00743	0.00239	0.00374	0.16831	0.00530	0.00478
9	0.01160	0.02872	0.72429	0.01678	0.02507	0.01336	0.06532	0.01813	0.01216	0.01813	0.01034	0.01228	0.00733	0.00540	0.00551	0.00182	0.00853	0.00438	0.00244	0.00841
10	0.01255	0.01263	0.01818	0.01539	0.01562	0.01739	0.04234	0.01395	0.00895	0.01395	0.00767	0.01263	0.00756	0.00980	0.01828	0.00248	0.75669	0.00508	0.00252	0.00632
11	0.10019	0.02174	0.01466	0.01285	0.01625	0.52706	0.00983	0.02221	0.01522	0.12046	0.01079	0.01163	0.00830	0.00586	0.00500	0.00149	0.00845	0.00389	0.00362	0.08053
12	0.83938	0.01106	0.00841	0.00752	0.01106	0.01283	0.00619	0.01681	0.00973	0.02566	0.00796	0.00929	0.00619	0.00531	0.00354	0.00177	0.00442	0.00310	0.00354	0.00619
13	0.00850	0.00592	0.00758	0.00735	0.00877	0.00541	0.00552	0.01085	0.01514	0.04833	0.54008	0.12202	0.13856	0.01268	0.00682	0.00190	0.00297	0.04013	0.00606	0.00540
14	0.01333	0.00901	0.01165	0.01051	0.01279	0.00931	0.03714	0.11282	0.08512	0.12178	0.07054	0.12408	0.06034	0.07674	0.03410	0.00262	0.03416	0.16195	0.00528	0.00673
15	0.00827	0.00552	0.00625	0.00630	0.00631	0.00551	0.00353	0.00831	0.00841	0.01122	0.01851	0.06464	0.02141	0.77094	0.02833	0.00543	0.00547	0.00860	0.00353	0.00351
16	0.01414	0.01106	0.03425	0.01013	0.01509	0.00871	0.05267	0.01726	0.03483	0.13279	0.01249	0.01354	0.00957	0.00496	0.00499	0.00115	0.02052	0.00410	0.00395	0.59379
17	0.01249	0.12563	0.12328	0.00988	0.01541	0.01077	0.00935	0.02976	0.01216	0.01817	0.00994	0.01155	0.00816	0.00455	0.00436	0.00106	0.00515	0.00350	0.00316	0.58170
18	0.01554	0.05282	0.14923	0.01264	0.05385	0.01148	0.03094	0.11539	0.03985	0.13462	0.02779	0.01432	0.01047	0.00559	0.00509	0.00142	0.00570	0.00453	0.00414	0.30459
19	0.00817	0.00613	0.00919	0.00919	0.01021	0.00715	0.00715	0.01021	0.00919	0.01328	0.01532	0.02247	0.01430	0.04290	0.77631	0.00919	0.01532	0.00613	0.00306	0.00511
20	0.01178	0.01754	0.30284	0.01724	0.14266	0.01116	0.08608	0.01691	0.04924	0.04473	0.20413	0.02206	0.03409	0.00725	0.00599	0.00181	0.00641	0.00648	0.00390	0.00771
21	0.01241	0.01015	0.01192	0.00854	0.01360	0.00766	0.00684	0.01494	0.01204	0.04843	0.01066	0.01216	0.00870	0.00435	0.00430	0.00088	0.00426	0.00348	0.00354	0.80115
22	0.01251	0.01251	0.01752	0.01502	0.01502	0.01752	0.01251	0.01377	0.00876	0.01377	0.00751	0.01251	0.00751	0.01001	0.01877	0.00250	0.78851	0.00501	0.00250	0.00626
23	0.53758	0.05463	0.01225	0.04761	0.03823	0.08671	0.00840	0.01682	0.01050	0.02147	0.00836	0.01069	0.00693	0.01936	0.00613	0.00187	0.09923	0.00363	0.00323	0.00636
24	0.00792	0.00584	0.00740	0.00701	0.00843	0.00532	0.00526	0.01045	0.01577	0.02193	0.66574	0.04438	0.14914	0.01207	0.00675	0.00182	0.00273	0.01058	0.00616	0.00532
25	0.01299	0.01161	0.01634	0.04350	0.28722	0.01030	0.01113	0.03994	0.01277	0.01911	0.01050	0.01287	0.00870	0.00468	0.00485	0.00122	0.00535	0.00412	0.00324	0.47956
26	0.00756	0.00543	0.00728	0.00846	0.00914	0.00515	0.00621	0.00905	0.01183	0.01567	0.07124	0.55701	0.06115	0.01697	0.00740	0.00236	0.00373	0.18418	0.00535	0.00484
27	0.00882	0.00724	0.00951	0.01131	0.09871	0.03152	0.00729	0.01072	0.01252	0.01680	0.18114	0.29314	0.10144	0.03542	0.10243	0.00302	0.00544	0.05324	0.00482	0.00548
28	0.00817	0.00613	0.00919	0.00919	0.01021	0.00715	0.00715	0.01021	0.00919	0.01328	0.01532	0.02247	0.01430	0.04290	0.77631	0.00919	0.01532	0.00613	0.00306	0.00511
29	0.01648	0.48226	0.09714	0.01300	0.05414	0.22154	0.01161	0.01876	0.01296	0.01431	0.00855	0.01001	0.00743	0.00522	0.00434	0.00137	0.00749	0.00344	0.00260	0.00735
30	0.78399	0.02730	0.00920	0.00791	0.01145	0.04969	0.00650	0.01711	0.01008	0.02486	0.00801	0.00934	0.00627	0.00533	0.00362	0.00174	0.00474	0.00312	0.00349	0.00624
31	0.01344	0.03740	0.15096	0.02881	0.49295	0.01362	0.11603	0.01752	0.01300	0.01854	0.03587	0.01480	0.01016	0.00533	0.00575	0.00174	0.00731	0.00530	0.00288	0.00861
32	0.01187	0.03209	0.35142	0.01289	0.03122	0.01062	0.03984	0.01626	0.01219	0.03418	0.01303	0.01453	0.04789	0.00542	0.00504	0.00141	0.00633	0.00442	0.00309	0.34625
33	0.00765	0.00579	0.00707	0.00697	0.00841	0.00521	0.00523	0.00984	0.01470	0.01979	0.46151	0.10693	0.26453	0.01319	0.00684	0.00191	0.00291	0.04046	0.00588	0.00516
34	0.01374	0.23644	0.26293	0.01791	0.16575	0.01615	0.04935	0.01905	0.08972	0.03142	0.01128	0.01297	0.00890	0.00563	0.00559	0.00167	0.03580	0.00449	0.00298	0.00824
35	0.00697	0.00498	0.00664	0.00796	0.00830	0.00465	0.00531	0.00796	0.01095	0.01460	0.03153	0.79525	0.03783	0.01792	0.00730	0.00232	0.00332	0.01626	0.00531	0.00465
36	0.01513	0.01328	0.01342	0.01178	0.01520	0.05318	0.00920	0.09152	0.61621	0.02422	0.02108	0.01966	0.01584	0.00742	0.00570	0.00184	0.00496	0.00606	0.00555	0.04875
37	0.04690	0.01054	0.01208	0.00886	0.01375	0.00861	0.00711	0.05092	0.04002	0.05626	0.01133	0.01256	0.00905	0.00467	0.00441	0.00101	0.00438	0.00369	0.00378	0.69004
38	0.01694	0.08058	0.23492	0.03426	0.03470	0.02656	0.03965	0.07567	0.05471	0.24108	0.01691	0.03997	0.03555	0.00673	0.00554	0.00173	0.00636	0.00549	0.00449	0.03817
39	0.01320	0.04743	0.05436	0.02251	0.02808	0.01429	0.65548	0.01777	0.01326	0.01794	0.01235	0.05266	0.00999	0.00547	0.00661	0.00192	0.00916	0.00698	0.00298	0.00757
40	0.01135	0.02837	0.72910	0.01600	0.02407	0.01293	0.02050	0.01778	0.01213	0.01806	0.01132	0.01485	0.00861	0.00598	0.00556	0.00185	0.00828	0.04238	0.00257	0.00828
41	0.01147	0.02959	0.76934	0.01630	0.02476	0.01328	0.02113	0.01811	0.01208	0.01811	0.01026	0.01208	0.00725	0.00543	0.00543	0.00181	0.00845	0.00423	0.00242	0.00845
42	0.01174	0.00670	0.00825	0.00754	0.00975	0.00592	0.00587	0.01381	0.01461	0.18957	0.25353	0.07473	0.28730	0.01193	0.00652	0.00189	0.00342	0.04782	0.03296	0.00615
43	0.02508	0.00960	0.01309	0.01008	0.01440	0.00831	0.00831	0.02730	0.01637	0.74239	0.04722	0.02025	0.01549	0.00723	0.00579	0.00177	0.00479	0.00591	0.00705	0.00959
44	0.03494	0.01423	0.01451	0.01223	0.01595	0.04660	0.00974	0.28958	0.44270	0.02797	0.01889	0.01786	0.01399	0.00731	0.00571	0.00184	0.00540	0.00580	0.00562	0.00914
45	0.00891	0.00605	0.00685	0.00676	0.00704	0.00611	0.00403	0.04725	0.00954	0.01273	0.01903	0.10533	0.02176	0.68576	0.02588	0.00505	0.00538	0.00888	0.00375	0.00391
46	0.00833	0.00592	0.00791	0.00803	0.00863	0.00640	0.00574	0.00954	0.00919	0.01269	0.01791	0.03296	0.01889	0.37008	0.37801	0.00698	0.01011	0.07483	0.00345	0.00441
47	0.02566	0.00973	0.01327	0.01018	0.01460	0.00841	0.00841	0.02788	0.01637	0.76726	0.02257	0.01947	0.01416	0.00708	0.00575	0.00177	0.00487	0.00575	0.00708	0.00973
48	0.07428	0.04510	0.04256	0.01164	0.01599	0.05214	0.03869	0.17167	0.01744	0.39632	0.01809	0.01907	0.01278	0.00716	0.00565	0.00178	0.00582	0.04927	0.00572	0.00884

[dist]
# distance from previous block
# <min> <max>
1	8

[block]
# block no. 3 follows, 41 sequences, length 9
# corresponding to MSA columns:
# 536-544
name=unknown_D
#
# <colnr> <probs for GDERKNQSTAVLIFYWHMCP>
#	G	D	E	R	K	N	Q	S	T	A	V	L	I	F	Y	W	H	M	C	P
0	0.01200	0.01512	0.20183	0.01748	0.19758	0.01099	0.01332	0.01539	0.01200	0.04245	0.03221	0.13383	0.01403	0.00770	0.00693	0.00174	0.08493	0.00640	0.00341	0.17064
1	0.01609	0.63106	0.06869	0.01097	0.01574	0.14702	0.01063	0.01813	0.01241	0.01381	0.00823	0.00953	0.00734	0.00509	0.00401	0.00130	0.00694	0.00323	0.00253	0.00728
2	0.64772	0.01104	0.00973	0.00828	0.01204	0.01222	0.00683	0.05235	0.01178	0.16656	0.01099	0.01142	0.00786	0.00572	0.00406	0.00177	0.00459	0.00369	0.00431	0.00703
3	0.01095	0.00950	0.01271	0.01013	0.01402	0.00801	0.06922	0.01355	0.01229	0.01782	0.01928	0.02734	0.09243	0.00788	0.00591	0.00146	0.02940	0.15020	0.00390	0.48399
4	0.01330	0.01484	0.03048	0.02227	0.02689	0.01508	0.59523	0.01740	0.01254	0.01740	0.01075	0.01484	0.00844	0.00587	0.00918	0.00204	0.16680	0.00640	0.00281	0.00742
5	0.00697	0.00498	0.00664	0.00796	0.00830	0.00465	0.00531	0.00796	0.01095	0.01460	0.03153	0.79525	0.03783	0.01792	0.00730	0.00232	0.00332	0.01626	0.00531	0.00465
6	0.54315	0.01145	0.01239	0.09132	0.01634	0.01285	0.06990	0.07486	0.01203	0.05317	0.01068	0.01403	0.00852	0.00604	0.00452	0.00184	0.00541	0.04100	0.00378	0.00671
7	0.01701	0.11514	0.15367	0.01363	0.01755	0.41936	0.01219	0.02012	0.04238	0.01588	0.07982	0.01404	0.01209	0.00647	0.00573	0.00159	0.03863	0.00449	0.00320	0.00701
8	0.05534	0.01195	0.05858	0.01120	0.04679	0.00928	0.05596	0.04283	0.01255	0.04381	0.01090	0.01299	0.00884	0.02323	0.00518	0.00123	0.00508	0.00397	0.00349	0.57681

[dist]
# distance from previous block
# <min> <max>
0	3

[block]
# block no. 4 follows, 41 sequences, length 18
# corresponding to MSA columns:
# 548-565
name=unknown_E
#
# <colnr> <probs for GDERKNQSTAVLIFYWHMCP>
#	G	D	E	R	K	N	Q	S	T	A	V	L	I	F	Y	W	H	M	C	P
0	0.04159	0.01006	0.01402	0.18182	0.01997	0.00984	0.01002	0.05857	0.01552	0.53017	0.01895	0.01806	0.01232	0.00672	0.00565	0.00179	0.00548	0.00550	0.02515	0.00880
1	0.01406	0.04897	0.17150	0.02610	0.45483	0.01306	0.03165	0.01792	0.01286	0.05933	0.01115	0.01363	0.00884	0.00517	0.00542	0.00163	0.00680	0.00474	0.00302	0.08931
2	0.00792	0.00654	0.00738	0.00772	0.02799	0.00598	0.00577	0.01070	0.06289	0.01712	0.12495	0.05175	0.51812	0.01368	0.00682	0.00201	0.00341	0.10854	0.00538	0.00534
3	0.00832	0.00555	0.00624	0.00624	0.00624	0.00555	0.00347	0.00832	0.00832	0.01109	0.01802	0.03743	0.02080	0.79898	0.02911	0.00555	0.00555	0.00832	0.00347	0.00347
4	0.01439	0.01494	0.01507	0.01416	0.07349	0.21403	0.08429	0.06165	0.15282	0.01902	0.07729	0.02676	0.15768	0.00864	0.00606	0.00180	0.00646	0.03995	0.00443	0.00707
5	0.01550	0.05502	0.02243	0.04640	0.50394	0.04221	0.06746	0.03538	0.04233	0.08320	0.01210	0.01457	0.00960	0.00550	0.00585	0.00172	0.01952	0.00517	0.00336	0.00875
6	0.02137	0.02726	0.01621	0.01474	0.01768	0.77602	0.01105	0.02284	0.01621	0.01400	0.00884	0.01031	0.00737	0.00589	0.00516	0.00147	0.01031	0.00368	0.00295	0.00663
7	0.00831	0.00559	0.00646	0.00646	0.00654	0.00567	0.00374	0.00846	0.00838	0.01125	0.01782	0.03631	0.02031	0.74238	0.08505	0.00582	0.00628	0.00815	0.00344	0.00359
8	0.00842	0.00551	0.00631	0.00631	0.00631	0.00551	0.00356	0.00826	0.00826	0.01102	0.01752	0.03618	0.02012	0.75049	0.02869	0.05709	0.00551	0.00811	0.00340	0.00340
9	0.07891	0.11458	0.01665	0.01201	0.03599	0.01371	0.04314	0.12305	0.20541	0.25738	0.01790	0.02935	0.01293	0.00683	0.00540	0.00175	0.00535	0.00551	0.00537	0.00880
10	0.03575	0.66298	0.02808	0.01073	0.01535	0.02058	0.06284	0.01667	0.01152	0.01411	0.00879	0.01067	0.00795	0.00785	0.06389	0.00191	0.00705	0.00357	0.00256	0.00716
11	0.00843	0.00546	0.00638	0.00645	0.00646	0.00544	0.00371	0.00821	0.00835	0.01113	0.01780	0.07044	0.02045	0.68113	0.02739	0.09219	0.00538	0.00833	0.00345	0.00342
12	0.01398	0.01325	0.02247	0.16720	0.53775	0.01375	0.06590	0.06231	0.01364	0.01901	0.01089	0.01441	0.00882	0.00530	0.00575	0.00175	0.00711	0.00521	0.00296	0.00853
13	0.01568	0.01794	0.25595	0.02079	0.27518	0.03300	0.01558	0.03601	0.03148	0.16667	0.01369	0.03206	0.01028	0.00597	0.00557	0.00172	0.00677	0.00512	0.00376	0.04678
14	0.01357	0.01008	0.06917	0.00968	0.01260	0.00862	0.00825	0.13419	0.02958	0.15508	0.17459	0.15343	0.12314	0.01117	0.00646	0.00194	0.00447	0.06131	0.00567	0.00698
15	0.00736	0.00526	0.00706	0.00826	0.00880	0.00497	0.00585	0.00871	0.01165	0.01557	0.08591	0.63917	0.03837	0.01716	0.00734	0.00233	0.00354	0.11253	0.00538	0.00479
16	0.66937	0.01241	0.01027	0.01013	0.06647	0.06971	0.00742	0.01718	0.01058	0.02387	0.00836	0.00987	0.00663	0.00527	0.00386	0.00169	0.00503	0.00330	0.00343	0.05514
17	0.01482	0.07018	0.02073	0.08261	0.44108	0.01358	0.02756	0.06353	0.05749	0.06557	0.04125	0.01563	0.01139	0.00573	0.00554	0.00167	0.00630	0.00523	0.00356	0.04658

[dist]
# distance from previous block
# <min> <max>
5	9

[block]
# block no. 5 follows, 41 sequences, length 24
# corresponding to MSA columns:
# 577-600
name=unknown_F
#
# <colnr> <probs for GDERKNQSTAVLIFYWHMCP>
#	G	D	E	R	K	N	Q	S	T	A	V	L	I	F	Y	W	H	M	C	P
0	0.01690	0.21408	0.02064	0.06505	0.14894	0.06051	0.01175	0.21256	0.13834	0.03767	0.01299	0.01393	0.01010	0.00608	0.00518	0.00162	0.00633	0.00475	0.00407	0.00850
1	0.00825	0.00574	0.00685	0.00715	0.00761	0.00568	0.00479	0.00898	0.00977	0.01281	0.02447	0.08148	0.09343	0.51876	0.05424	0.00470	0.00555	0.13169	0.00403	0.00403
2	0.01591	0.25634	0.23131	0.01677	0.14688	0.01562	0.04527	0.05102	0.01350	0.13839	0.01184	0.01296	0.00887	0.00551	0.00506	0.00161	0.00684	0.00442	0.00341	0.00845
3	0.07863	0.02578	0.03737	0.02800	0.54918	0.01272	0.02808	0.03119	0.01289	0.04076	0.01299	0.09268	0.01182	0.00650	0.00565	0.00177	0.00627	0.00606	0.00330	0.00836
4	0.01025	0.00533	0.00555	0.00563	0.00688	0.00528	0.00417	0.01279	0.01212	0.02088	0.05597	0.08223	0.01838	0.00778	0.00439	0.00143	0.00272	0.00642	0.72652	0.00528
5	0.05144	0.65655	0.02706	0.01041	0.01496	0.13107	0.00982	0.01794	0.01220	0.01406	0.00808	0.00935	0.00730	0.00506	0.00388	0.00128	0.00665	0.00315	0.00257	0.00719
6	0.00832	0.00555	0.00624	0.00624	0.00624	0.00555	0.00347	0.00832	0.00832	0.01109	0.01802	0.03743	0.02080	0.79898	0.02911	0.00555	0.00555	0.00832	0.00347	0.00347
7	0.05413	0.08513	0.15782	0.01349	0.03737	0.01634	0.01232	0.36066	0.15801	0.02756	0.01405	0.01427	0.01034	0.00648	0.00541	0.00174	0.00628	0.00495	0.00467	0.00898
8	0.01356	0.01108	0.01593	0.20335	0.21144	0.04322	0.01219	0.01625	0.01249	0.10553	0.01471	0.12810	0.01327	0.00751	0.00636	0.00176	0.04564	0.00648	0.00370	0.12745
9	0.00688	0.00579	0.00599	0.00612	0.00794	0.00490	0.00461	0.00836	0.01293	0.01548	0.05534	0.09397	0.69089	0.01472	0.00684	0.00198	0.00302	0.04408	0.00531	0.00484
10	0.01482	0.01052	0.01670	0.47104	0.03009	0.01178	0.05585	0.05598	0.02959	0.18622	0.05024	0.01761	0.01175	0.00637	0.00584	0.00186	0.00674	0.00562	0.00400	0.00738
11	0.03216	0.03396	0.10349	0.11158	0.07364	0.01177	0.09074	0.03665	0.10002	0.30574	0.03123	0.01739	0.01235	0.00641	0.00575	0.00181	0.00625	0.00560	0.00485	0.00861
12	0.01158	0.01124	0.01506	0.01335	0.01370	0.04215	0.01089	0.01301	0.00924	0.01371	0.01054	0.05536	0.01059	0.01758	0.18593	0.00394	0.54763	0.00579	0.00279	0.00593
13	0.00726	0.00537	0.00712	0.00815	0.00857	0.00524	0.00559	0.00837	0.01121	0.01503	0.06937	0.69588	0.06370	0.01713	0.00774	0.00229	0.03667	0.01532	0.00524	0.00476
14	0.01501	0.23891	0.38409	0.01409	0.02050	0.08857	0.04793	0.01930	0.01285	0.09293	0.01081	0.01201	0.00805	0.00547	0.00501	0.00162	0.00768	0.00412	0.00297	0.00807
15	0.01205	0.04256	0.26357	0.07141	0.16524	0.02720	0.09531	0.03431	0.04582	0.01802	0.02936	0.11583	0.03933	0.00748	0.00592	0.00186	0.00698	0.00674	0.00334	0.00766
16	0.01147	0.01162	0.02225	0.16194	0.06142	0.01166	0.34709	0.01573	0.05202	0.01709	0.01759	0.17502	0.03559	0.00831	0.00659	0.00201	0.00730	0.02486	0.00359	0.00685
17	0.01205	0.01144	0.01941	0.50673	0.30817	0.01304	0.01650	0.01571	0.01203	0.01613	0.01039	0.01484	0.00816	0.00549	0.00570	0.00183	0.00732	0.00509	0.00265	0.00736
18	0.01353	0.11178	0.31217	0.01531	0.08576	0.07289	0.03984	0.01750	0.01294	0.08126	0.01649	0.06582	0.04960	0.00764	0.00570	0.00182	0.00704	0.07182	0.00349	0.00762
19	0.01337	0.01440	0.19657	0.02910	0.06393	0.03948	0.02618	0.05315	0.01454	0.14647	0.13222	0.06024	0.16824	0.00904	0.00608	0.00183	0.00553	0.00762	0.00471	0.00731
20	0.01359	0.01289	0.02126	0.16111	0.57233	0.01350	0.01650	0.01821	0.07932	0.01846	0.01178	0.01499	0.00957	0.00544	0.00569	0.00176	0.00673	0.00522	0.00305	0.00860
21	0.01293	0.01230	0.02111	0.11018	0.55699	0.01247	0.05260	0.01621	0.01283	0.01806	0.04194	0.08090	0.01307	0.00648	0.00590	0.00179	0.00657	0.00632	0.00315	0.00819
22	0.02105	0.04223	0.12799	0.01445	0.08431	0.16986	0.01187	0.06985	0.01592	0.36167	0.01580	0.01530	0.01076	0.00633	0.00551	0.00169	0.00683	0.00491	0.00491	0.00876
23	0.01562	0.00838	0.01186	0.16385	0.01775	0.00822	0.00945	0.01811	0.01399	0.31226	0.02690	0.06128	0.11593	0.01026	0.00645	0.00205	0.00520	0.17983	0.00545	0.00717

[dist]
# distance from previous block
# <min> <max>
0	11

[block]
# block no. 6 follows, 41 sequences, length 87
# corresponding to MSA columns:
# 612-698
name=unknown_G
#
# <colnr> <probs for GDERKNQSTAVLIFYWHMCP>
#	G	D	E	R	K	N	Q	S	T	A	V	L	I	F	Y	W	H	M	C	P
0	0.01527	0.04964	0.23224	0.01244	0.01700	0.14987	0.01214	0.02074	0.12921	0.13175	0.08478	0.06180	0.04314	0.00769	0.00569	0.00177	0.00654	0.00617	0.00437	0.00775
1	0.01528	0.01306	0.02193	0.05860	0.65731	0.01300	0.01651	0.01856	0.01333	0.09926	0.01201	0.01477	0.00956	0.00533	0.00567	0.00171	0.00662	0.00517	0.00328	0.00904
2	0.01630	0.04240	0.41524	0.01478	0.05771	0.01223	0.01572	0.05203	0.04560	0.23612	0.01531	0.01544	0.02278	0.00619	0.00554	0.00178	0.00691	0.00495	0.00412	0.00884
3	0.05854	0.05719	0.22921	0.08029	0.20456	0.01197	0.03412	0.01640	0.01280	0.05506	0.07368	0.02129	0.07255	0.00710	0.00569	0.00181	0.00644	0.04018	0.00350	0.00762
4	0.01294	0.01339	0.06250	0.27254	0.49237	0.01329	0.01722	0.01665	0.01247	0.01736	0.01054	0.01439	0.00850	0.00531	0.00567	0.00177	0.00715	0.00504	0.00272	0.00817
5	0.01369	0.27074	0.35279	0.01455	0.02077	0.08855	0.09371	0.01796	0.01265	0.01648	0.04134	0.01265	0.00942	0.00551	0.00505	0.00161	0.00778	0.00434	0.00269	0.00772
6	0.01243	0.04315	0.20278	0.04930	0.16823	0.01189	0.12692	0.01701	0.04448	0.04957	0.02877	0.07285	0.01548	0.00802	0.00620	0.00196	0.00693	0.12277	0.00363	0.00761
7	0.01177	0.02846	0.29969	0.08850	0.06210	0.01108	0.08994	0.03477	0.01311	0.06102	0.08385	0.12053	0.05414	0.00815	0.00604	0.00188	0.00664	0.00723	0.00373	0.00735
8	0.01165	0.01089	0.01760	0.01540	0.05821	0.06505	0.24604	0.01431	0.01291	0.04848	0.06433	0.26980	0.02340	0.04191	0.00769	0.00220	0.00636	0.07319	0.00427	0.00630
9	0.00889	0.05055	0.00879	0.00785	0.00838	0.00736	0.00546	0.00969	0.00966	0.01325	0.02048	0.21910	0.02320	0.39031	0.04296	0.00400	0.06949	0.04658	0.04956	0.00445
10	0.01356	0.01297	0.01913	0.17900	0.27990	0.04876	0.06670	0.04185	0.14096	0.01859	0.01356	0.04635	0.01124	0.00664	0.00675	0.00187	0.06351	0.00582	0.01495	0.00789
11	0.01349	0.01355	0.01280	0.01186	0.01344	0.20855	0.00928	0.05055	0.05817	0.01552	0.01456	0.02300	0.01390	0.08922	0.21033	0.00419	0.14509	0.08296	0.00351	0.00604
12	0.75934	0.01155	0.00926	0.00807	0.01172	0.01331	0.00665	0.08802	0.01141	0.02668	0.00853	0.00973	0.00654	0.00546	0.00375	0.00176	0.00461	0.00330	0.00375	0.00654
13	0.00820	0.00578	0.00758	0.00763	0.00810	0.00623	0.00519	0.00915	0.00881	0.01221	0.01735	0.06066	0.01856	0.42996	0.36246	0.00705	0.00983	0.00765	0.00336	0.00425
14	0.02321	0.00931	0.01250	0.00984	0.01380	0.00819	0.00802	0.04335	0.01621	0.64858	0.06097	0.06403	0.01745	0.00791	0.00584	0.00179	0.00465	0.00655	0.02869	0.00911
15	0.00721	0.00582	0.00686	0.00693	0.00831	0.00514	0.02465	0.00848	0.01200	0.01491	0.05671	0.24141	0.45451	0.10925	0.00958	0.00246	0.00350	0.01252	0.00504	0.00471
16	0.00783	0.00580	0.00732	0.00714	0.00850	0.00529	0.00535	0.01019	0.01517	0.02086	0.56267	0.10194	0.17032	0.01277	0.00683	0.00189	0.00287	0.03602	0.00602	0.00524
17	0.01529	0.80242	0.02997	0.00979	0.01468	0.02263	0.00979	0.01713	0.01162	0.01346	0.00795	0.00918	0.00734	0.00489	0.00367	0.00122	0.00612	0.00306	0.00245	0.00734
18	0.83938	0.01106	0.00841	0.00752	0.01106	0.01283	0.00619	0.01681	0.00973	0.02566	0.00796	0.00929	0.00619	0.00531	0.00354	0.00177	0.00442	0.00310	0.00354	0.00619
19	0.01301	0.01346	0.01687	0.11113	0.01809	0.09813	0.01248	0.01465	0.00992	0.01387	0.00842	0.01317	0.00788	0.01085	0.05751	0.00269	0.56410	0.00493	0.00259	0.00625
20	0.00712	0.00528	0.00664	0.00741	0.00823	0.00481	0.00514	0.00849	0.01224	0.01617	0.15953	0.52457	0.18104	0.01620	0.00710	0.00216	0.00313	0.01445	0.00548	0.00481
21	0.01186	0.02690	0.62955	0.01779	0.02573	0.01351	0.15823	0.01815	0.01235	0.01815	0.01051	0.01271	0.00752	0.00532	0.00568	0.00183	0.00868	0.00471	0.00251	0.00831
22	0.01406	0.01349	0.02303	0.05763	0.74156	0.01356	0.01750	0.01747	0.01298	0.01856	0.01074	0.01419	0.00902	0.00512	0.00566	0.00171	0.00682	0.00510	0.00282	0.00898
23	0.00874	0.00657	0.00819	0.00774	0.00931	0.00637	0.00589	0.01284	0.09539	0.02252	0.62461	0.04173	0.07925	0.01154	0.00669	0.00185	0.00300	0.03587	0.00617	0.00576
24	0.83938	0.01106	0.00841	0.00752	0.01106	0.01283	0.00619	0.01681	0.00973	0.02566	0.00796	0.00929	0.00619	0.00531	0.00354	0.00177	0.00442	0.00310	0.00354	0.00619
25	0.02137	0.02726	0.01621	0.01474	0.01768	0.77602	0.01105	0.02284	0.01621	0.01400	0.00884	0.01031	0.00737	0.00589	0.00516	0.00147	0.01031	0.00368	0.00295	0.00663
26	0.00861	0.00605	0.00729	0.00722	0.00763	0.00639	0.00462	0.00997	0.04965	0.01230	0.01769	0.03309	0.01911	0.58105	0.20001	0.00619	0.00774	0.00771	0.00350	0.00415
27	0.01399	0.01541	0.01485	0.35163	0.02550	0.28484	0.01219	0.01659	0.01353	0.01500	0.05275	0.06289	0.04277	0.00768	0.00582	0.00181	0.00778	0.04551	0.00330	0.00619
28	0.00894	0.00642	0.00796	0.00828	0.00996	0.00599	0.00673	0.01146	0.03310	0.04941	0.16117	0.08106	0.28414	0.01416	0.00715	0.00219	0.00392	0.28701	0.00555	0.00541
29	0.01157	0.04987	0.74994	0.01613	0.02449	0.01353	0.02084	0.01809	0.01206	0.01799	0.01020	0.01200	0.00725	0.00542	0.00539	0.00180	0.00839	0.00420	0.00242	0.00842
30	0.01173	0.01003	0.01172	0.00846	0.01342	0.00755	0.00674	0.01423	0.01184	0.01853	0.01073	0.03242	0.00924	0.00460	0.00432	0.00089	0.00421	0.00373	0.00344	0.81218
31	0.01186	0.01017	0.01186	0.00847	0.01356	0.00762	0.00678	0.01440	0.01186	0.01864	0.01017	0.01186	0.00847	0.00424	0.00424	0.00085	0.00424	0.00339	0.00339	0.83395
32	0.50124	0.01350	0.01272	0.01043	0.01435	0.06090	0.04845	0.20241	0.01498	0.05876	0.01030	0.01125	0.00764	0.00579	0.00446	0.00175	0.00557	0.00397	0.00417	0.00735
33	0.00918	0.00610	0.00781	0.00852	0.00947	0.00593	0.00594	0.01183	0.08783	0.07450	0.02997	0.65477	0.03388	0.01602	0.00703	0.00224	0.00356	0.01443	0.00550	0.00550
34	0.00832	0.00555	0.00624	0.00624	0.00624	0.00555	0.00347	0.00832	0.00832	0.01109	0.01802	0.03743	0.02080	0.79898	0.02911	0.00555	0.00555	0.00832	0.00347	0.00347
35	0.01080	0.01017	0.01716	0.78523	0.03940	0.01271	0.01589	0.01461	0.01144	0.01461	0.01017	0.01525	0.00762	0.00572	0.00572	0.00191	0.00762	0.00508	0.00254	0.00635
36	0.83938	0.01106	0.00841	0.00752	0.01106	0.01283	0.00619	0.01681	0.00973	0.02566	0.00796	0.00929	0.00619	0.00531	0.00354	0.00177	0.00442	0.00310	0.00354	0.00619
37	0.01080	0.01017	0.01716	0.78523	0.03940	0.01271	0.01589	0.01461	0.01144	0.01461	0.01017	0.01525	0.00762	0.00572	0.00572	0.00191	0.00762	0.00508	0.00254	0.00635
38	0.83938	0.01106	0.00841	0.00752	0.01106	0.01283	0.00619	0.01681	0.00973	0.02566	0.00796	0.00929	0.00619	0.00531	0.00354	0.00177	0.00442	0.00310	0.00354	0.00619
39	0.01143	0.02135	0.46835	0.01713	0.13130	0.01141	0.01692	0.01633	0.01234	0.04011	0.01675	0.10235	0.05409	0.00786	0.00589	0.00190	0.00706	0.04638	0.00325	0.00779
40	0.01251	0.01251	0.01752	0.01502	0.01502	0.01752	0.01251	0.01377	0.00876	0.01377	0.00751	0.01251	0.00751	0.01001	0.01877	0.00250	0.78851	0.00501	0.00250	0.00626
41	0.01186	0.01017	0.01186	0.00847	0.01356	0.00762	0.00678	0.01440	0.01186	0.01864	0.01017	0.01186	0.00847	0.00424	0.00424	0.00085	0.00424	0.00339	0.00339	0.83395
42	0.01347	0.01282	0.02178	0.09673	0.66020	0.01302	0.01673	0.01677	0.01277	0.01812	0.01187	0.05788	0.01055	0.00587	0.00576	0.00175	0.00667	0.00572	0.00295	0.00859
43	0.01291	0.01023	0.01166	0.01121	0.01382	0.01138	0.00909	0.02391	0.47106	0.04850	0.02567	0.03617	0.02267	0.01051	0.00654	0.00217	0.00479	0.25427	0.00567	0.00777
44	0.83938	0.01106	0.00841	0.00752	0.01106	0.01283	0.00619	0.01681	0.00973	0.02566	0.00796	0.00929	0.00619	0.00531	0.00354	0.00177	0.00442	0.00310	0.00354	0.00619
45	0.01471	0.01260	0.01623	0.01876	0.24374	0.01369	0.01175	0.12731	0.34541	0.02364	0.05381	0.02148	0.01639	0.00745	0.00592	0.00187	0.00543	0.04617	0.00488	0.00877
46	0.00719	0.00529	0.00674	0.00749	0.00827	0.00484	0.00519	0.00862	0.01241	0.01656	0.19622	0.52366	0.14438	0.01606	0.00710	0.00215	0.00312	0.01436	0.00553	0.00484
47	0.01416	0.01359	0.02322	0.03511	0.76330	0.01359	0.01755	0.01755	0.01302	0.01869	0.01076	0.01416	0.00906	0.00510	0.00566	0.00170	0.00680	0.00510	0.00283	0.00906
48	0.01351	0.01827	0.26912	0.04042	0.14541	0.01283	0.17029	0.08174	0.01424	0.05172	0.03317	0.02013	0.01236	0.00673	0.00610	0.00190	0.00757	0.08293	0.00349	0.00808
49	0.01267	0.01011	0.01667	0.68777	0.03628	0.01217	0.01494	0.01628	0.01206	0.10926	0.01173	0.01578	0.00845	0.00589	0.00572	0.00189	0.00728	0.00517	0.00311	0.00678
50	0.00938	0.00621	0.00778	0.00731	0.00883	0.00590	0.00550	0.01264	0.05078	0.05186	0.57067	0.06518	0.04483	0.01088	0.00632	0.00176	0.00289	0.00952	0.11605	0.00571
51	0.00949	0.02981	0.05621	0.00984	0.01189	0.00763	0.04457	0.01269	0.07020	0.03666	0.03016	0.23712	0.14614	0.06848	0.03881	0.00270	0.00516	0.17196	0.00480	0.00570
52	0.01303	0.01013	0.01198	0.00862	0.01364	0.00769	0.00692	0.01555	0.01224	0.08231	0.01122	0.01251	0.00896	0.00448	0.00436	0.00093	0.00429	0.00359	0.00370	0.76385
53	0.04995	0.06335	0.59544	0.01473	0.02208	0.01364	0.01812	0.07739	0.01316	0.01988	0.01080	0.01246	0.00782	0.00559	0.00521	0.00175	0.00766	0.00426	0.04849	0.00823
54	0.01432	0.16622	0.22175	0.07494	0.02456	0.10028	0.25085	0.04904	0.01349	0.01736	0.01024	0.01274	0.00787	0.00527	0.00554	0.00171	0.00846	0.00487	0.00278	0.00770
55	0.00796	0.00584	0.00746	0.00706	0.00846	0.00534	0.00529	0.01054	0.01588	0.02220	0.69109	0.04394	0.12362	0.01197	0.00675	0.00181	0.00272	0.01051	0.00620	0.00534
56	0.01599	0.01361	0.09616	0.01256	0.01668	0.01242	0.07695	0.11369	0.28775	0.15568	0.02098	0.02124	0.05563	0.04801	0.02452	0.00221	0.00590	0.00636	0.00519	0.00847
57	0.00734	0.00567	0.00672	0.00693	0.00831	0.00505	0.00512	0.00914	0.01357	0.01766	0.26772	0.21114	0.35027	0.01443	0.00693	0.00201	0.00305	0.04832	0.00561	0.00499
58	0.02137	0.02726	0.01621	0.01474	0.01768	0.77602	0.01105	0.02284	0.01621	0.01400	0.00884	0.01031	0.00737	0.00589	0.00516	0.00147	0.01031	0.00368	0.00295	0.00663
59	0.00817	0.00556	0.00686	0.00692	0.00795	0.00521	0.00493	0.01016	0.01354	0.01936	0.38951	0.19853	0.08155	0.09046	0.00869	0.00222	0.00312	0.01078	0.12146	0.00501
60	0.53306	0.09717	0.01273	0.00901	0.01296	0.01440	0.00762	0.14969	0.01361	0.08930	0.01025	0.01095	0.00764	0.00570	0.00414	0.00170	0.00498	0.00369	0.00412	0.00726
61	0.01008	0.01223	0.16816	0.09017	0.01671	0.00843	0.02860	0.01332	0.01263	0.04326	0.07983	0.07094	0.19243	0.01090	0.03399	0.00209	0.00564	0.07525	0.00414	0.12119
62	0.05167	0.24606	0.19846	0.01197	0.01717	0.05878	0.01211	0.18559	0.01576	0.06989	0.01167	0.01260	0.00884	0.00583	0.00480	0.00156	0.00653	0.00421	0.06842	0.00806
63	0.01796	0.31592	0.01953	0.04762	0.01561	0.09991	0.00955	0.02009	0.01394	0.24424	0.04711	0.02013	0.01418	0.00718	0.00516	0.00163	0.00604	0.08218	0.00439	0.00764
64	0.01413	0.00916	0.01338	0.29546	0.05158	0.00939	0.01047	0.01713	0.01335	0.18965	0.10926	0.01983	0.01590	0.00666	0.00548	0.00165	0.00537	0.00570	0.08852	0.11791
65	0.00900	0.00670	0.00841	0.00741	0.00952	0.00582	0.00564	0.01160	0.01524	0.03404	0.57457	0.03734	0.08162	0.01040	0.00627	0.00163	0.00303	0.00909	0.00573	0.15694
66	0.01186	0.01017	0.01186	0.00847	0.01356	0.00762	0.00678	0.01440	0.01186	0.01864	0.01017	0.01186	0.00847	0.00424	0.00424	0.00085	0.00424	0.00339	0.00339	0.83395
67	0.01082	0.00875	0.02465	0.19182	0.01828	0.00817	0.04877	0.01349	0.01323	0.08626	0.12819	0.03163	0.25709	0.00921	0.00604	0.00174	0.00482	0.00794	0.00450	0.12460
68	0.01066	0.00533	0.00533	0.00533	0.00666	0.00533	0.00400	0.01333	0.01200	0.02132	0.01866	0.02132	0.01466	0.00666	0.00400	0.00133	0.00267	0.00533	0.83073	0.00533
69	0.06184	0.07446	0.01433	0.01073	0.01446	0.19988	0.00852	0.05799	0.02604	0.04973	0.01213	0.07629	0.01082	0.00649	0.00551	0.00139	0.04357	0.00481	0.00366	0.31737
70	0.00932	0.04278	0.08856	0.00991	0.01227	0.00785	0.03399	0.01285	0.04888	0.01930	0.30606	0.13364	0.05590	0.01216	0.00678	0.00206	0.00447	0.18212	0.00520	0.00591
71	0.01372	0.01168	0.01439	0.05567	0.08685	0.00948	0.00905	0.01588	0.01301	0.01993	0.01194	0.01464	0.01010	0.00558	0.00522	0.00132	0.00527	0.00423	0.00387	0.68818
72	0.83938	0.01106	0.00841	0.00752	0.01106	0.01283	0.00619	0.01681	0.00973	0.02566	0.00796	0.00929	0.00619	0.00531	0.00354	0.00177	0.00442	0.00310	0.00354	0.00619
73	0.01184	0.01144	0.01623	0.07799	0.01631	0.01560	0.01203	0.01336	0.00923	0.01389	0.00974	0.01702	0.00974	0.04253	0.04981	0.00287	0.61665	0.04495	0.00272	0.00605
74	0.02376	0.01193	0.01373	0.01091	0.01483	0.09201	0.00888	0.06040	0.01629	0.58332	0.01969	0.01789	0.01286	0.00709	0.00634	0.00176	0.04873	0.00544	0.03507	0.00905
75	0.00994	0.00497	0.00745	0.00745	0.00745	0.00497	0.00497	0.00745	0.00745	0.00994	0.00994	0.01739	0.00994	0.01987	0.02235	0.83358	0.00497	0.00497	0.00248	0.00248
76	0.20257	0.09893	0.06200	0.02031	0.28107	0.01455	0.08402	0.10002	0.01361	0.02145	0.01109	0.04559	0.00938	0.00586	0.00513	0.00172	0.00635	0.00501	0.00337	0.00795
77	0.01513	0.12168	0.25191	0.08582	0.02247	0.04520	0.10188	0.12644	0.09459	0.06169	0.01265	0.01397	0.00932	0.00589	0.00548	0.00174	0.00735	0.00490	0.00362	0.00828
78	0.00780	0.00572	0.00731	0.00715	0.00842	0.00524	0.00527	0.01014	0.01515	0.02102	0.58709	0.14481	0.12793	0.01283	0.00682	0.00188	0.00280	0.01132	0.00606	0.00524
79	0.00979	0.00953	0.01677	0.13288	0.01982	0.00921	0.23984	0.01292	0.01356	0.01772	0.17581	0.03388	0.26517	0.00951	0.00659	0.00190	0.00573	0.00896	0.00431	0.00609
80	0.01306	0.01334	0.01777	0.01613	0.05707	0.05660	0.01272	0.01445	0.00938	0.01405	0.00776	0.01249	0.00759	0.00952	0.01733	0.00240	0.70441	0.00494	0.00254	0.00643
81	0.01353	0.37959	0.02341	0.35025	0.06696	0.04993	0.01293	0.01630	0.01181	0.01427	0.00911	0.01215	0.00756	0.00531	0.00474	0.00156	0.00699	0.00408	0.00253	0.00697
82	0.01464	0.33282	0.01982	0.00992	0.01462	0.12647	0.00862	0.01674	0.01240	0.01586	0.00908	0.01055	0.00785	0.00475	0.00414	0.00109	0.00589	0.00330	0.00294	0.37849
83	0.04752	0.10090	0.05532	0.07648	0.05917	0.01450	0.02964	0.11450	0.30919	0.04839	0.01663	0.01731	0.01269	0.02457	0.00590	0.00185	0.00558	0.00545	0.04617	0.00826
84	0.07797	0.00709	0.00851	0.00784	0.00964	0.00707	0.00596	0.01397	0.09469	0.05439	0.55149	0.03546	0.04229	0.01094	0.00709	0.04170	0.00324	0.00888	0.00587	0.00590
85	0.01767	0.01429	0.01877	0.05160	0.02001	0.01550	0.14315	0.33928	0.23696	0.05711	0.01633	0.01658	0.01189	0.00671	0.00594	0.00183	0.00639	0.00585	0.00514	0.00900
86	0.00988	0.00528	0.00801	0.04484	0.00914	0.00546	0.00561	0.00795	0.00774	0.01035	0.01025	0.01757	0.01007	0.02048	0.06379	0.74753	0.00568	0.00504	0.00252	0.00282

[dist]
# distance from previous block
# <min> <max>
0	32

[block]
# block no. 7 follows, 41 sequences, length 6
# corresponding to MSA columns:
# 731-736
name=unknown_H
#
# <colnr> <probs for GDERKNQSTAVLIFYWHMCP>
#	G	D	E	R	K	N	Q	S	T	A	V	L	I	F	Y	W	H	M	C	P
0	0.00824	0.00624	0.00761	0.00834	0.00929	0.00620	0.00593	0.01139	0.11081	0.01590	0.03192	0.48709	0.10698	0.07826	0.00884	0.00252	0.00380	0.08020	0.00523	0.00522
1	0.08837	0.01055	0.01300	0.01013	0.01431	0.01003	0.00834	0.13897	0.01723	0.54596	0.01977	0.01788	0.01286	0.00688	0.00546	0.00173	0.00492	0.00542	0.05901	0.00917
2	0.09822	0.01216	0.01489	0.13920	0.09508	0.07307	0.01121	0.07361	0.05242	0.06604	0.03063	0.01598	0.01092	0.01278	0.13152	0.00309	0.14341	0.00518	0.00359	0.00702
3	0.01005	0.00567	0.00875	0.11190	0.01174	0.00601	0.00643	0.00841	0.00799	0.01056	0.00997	0.01710	0.00963	0.01797	0.02012	0.72189	0.00532	0.00498	0.00249	0.00300
4	0.01487	0.09673	0.01819	0.01717	0.15847	0.18592	0.01183	0.01838	0.09206	0.01668	0.08062	0.01577	0.01317	0.00753	0.00913	0.00186	0.22585	0.00518	0.00337	0.00721
5	0.09760	0.16016	0.48789	0.01506	0.02212	0.01498	0.09115	0.01783	0.01190	0.01811	0.00976	0.01163	0.00730	0.00527	0.00507	0.00172	0.00775	0.00417	0.00259	0.00795

[dist]
# distance from previous block
# <min> <max>
0	1

[block]
# block no. 8 follows, 41 sequences, length 6
# corresponding to MSA columns:
# 738-743
name=unknown_I
#
# <colnr> <probs for GDERKNQSTAVLIFYWHMCP>
#	G	D	E	R	K	N	Q	S	T	A	V	L	I	F	Y	W	H	M	C	P
0	0.00763	0.00573	0.00707	0.00694	0.00831	0.00517	0.00512	0.00982	0.01479	0.02009	0.49908	0.13483	0.22821	0.01313	0.00682	0.00189	0.00282	0.01147	0.00593	0.00517
1	0.01274	0.01290	0.01351	0.01272	0.01492	0.19945	0.08933	0.01617	0.07492	0.01661	0.02252	0.16695	0.02345	0.01183	0.00682	0.00216	0.00661	0.28581	0.00448	0.00608
2	0.36154	0.08877	0.01348	0.01016	0.01371	0.18989	0.00820	0.08429	0.01366	0.10976	0.01092	0.01254	0.00857	0.04588	0.00568	0.00184	0.00622	0.00399	0.00391	0.00700
3	0.37510	0.04975	0.01678	0.01287	0.01680	0.07632	0.18263	0.05207	0.01271	0.05111	0.01219	0.01750	0.01035	0.00652	0.00511	0.00185	0.00643	0.08334	0.00372	0.00685
