[name]
unknown

[dist]
# distance from previous block
# <min> <max>
0	454

[block]
# block no. 0 follows, 44 sequences, length 7
# corresponding to MSA columns:
# 518-524
name=unknown_A
#
# <colnr> <probs for GDERKNQSTAVLIFYWHMCP>
#	G	D	E	R	K	N	Q	S	T	A	V	L	I	F	Y	W	H	M	C	P
0	0.00834	0.10764	0.00989	0.00798	0.00947	0.00705	0.00594	0.00965	0.01072	0.01438	0.02451	0.56984	0.02855	0.01373	0.00617	0.00191	0.00369	0.04270	0.00448	0.11336
1	0.01904	0.01204	0.01359	0.01067	0.01438	0.01269	0.00872	0.45528	0.02120	0.18463	0.11123	0.01826	0.01584	0.00715	0.00546	0.00163	0.00502	0.00567	0.06907	0.00843
2	0.12499	0.01278	0.01339	0.01100	0.01453	0.01421	0.00885	0.45469	0.13410	0.02873	0.01591	0.11392	0.01335	0.00782	0.00539	0.00175	0.00515	0.00619	0.00515	0.00812
3	0.36453	0.00966	0.00983	0.00826	0.01165	0.00998	0.00671	0.08578	0.01323	0.25992	0.01970	0.05558	0.10939	0.00743	0.00479	0.00173	0.00427	0.00563	0.00492	0.00703
4	0.04436	0.01454	0.11644	0.04379	0.01774	0.06956	0.10410	0.11449	0.01371	0.05876	0.01114	0.01353	0.00878	0.04537	0.00605	0.00156	0.00615	0.00439	0.00347	0.30206
5	0.47789	0.00994	0.00943	0.00811	0.01150	0.01054	0.00656	0.04351	0.04906	0.11998	0.01290	0.07312	0.01084	0.00653	0.00430	0.00165	0.00426	0.02591	0.00415	0.10980
6	0.13961	0.00918	0.01200	0.16500	0.12511	0.00967	0.00929	0.01499	0.08318	0.05050	0.08041	0.08673	0.11363	0.00795	0.00536	0.00172	0.00474	0.00674	0.00400	0.07019

[dist]
# distance from previous block
# <min> <max>
0	7

[block]
# block no. 1 follows, 44 sequences, length 22
# corresponding to MSA columns:
# 532-553
name=unknown_B
#
# <colnr> <probs for GDERKNQSTAVLIFYWHMCP>
#	G	D	E	R	K	N	Q	S	T	A	V	L	I	F	Y	W	H	M	C	P
0	0.01950	0.01095	0.01288	0.01040	0.01411	0.01124	0.00841	0.19581	0.20752	0.34892	0.05191	0.01877	0.01497	0.00704	0.00546	0.00170	0.00470	0.00569	0.04126	0.00876
1	0.51840	0.01004	0.00987	0.00818	0.01189	0.01055	0.00675	0.02024	0.01180	0.32552	0.01315	0.01273	0.00894	0.00573	0.00422	0.00169	0.00439	0.00396	0.00472	0.00725
2	0.00749	0.00549	0.00703	0.00681	0.00805	0.00502	0.00504	0.00979	0.01465	0.02040	0.63044	0.11840	0.11708	0.01199	0.00648	0.00178	0.00265	0.01058	0.00582	0.00502
3	0.05424	0.00944	0.01226	0.00956	0.01348	0.00859	0.00784	0.08051	0.01611	0.62175	0.09024	0.01983	0.01642	0.00708	0.00549	0.00169	0.00453	0.00575	0.00645	0.00876
4	0.00787	0.00595	0.00741	0.00678	0.00848	0.00527	0.00513	0.01026	0.01462	0.02047	0.59947	0.03964	0.14906	0.01086	0.00621	0.00165	0.00274	0.00947	0.00561	0.08305
5	0.00711	0.00551	0.00646	0.00630	0.00779	0.00487	0.00470	0.00908	0.01388	0.01835	0.42180	0.07889	0.37049	0.01258	0.00646	0.00179	0.00268	0.01083	0.00554	0.00487
6	0.01030	0.00969	0.01635	0.79530	0.03755	0.01211	0.01514	0.01393	0.01090	0.01393	0.00969	0.01453	0.00727	0.00545	0.00545	0.00182	0.00727	0.00484	0.00242	0.00606
7	0.00681	0.00546	0.00608	0.00609	0.00763	0.00473	0.00450	0.00847	0.01304	0.01658	0.24636	0.12438	0.50387	0.01341	0.00649	0.00184	0.00275	0.01146	0.00532	0.00473
8	0.02021	0.01501	0.01607	0.01244	0.01671	0.01667	0.01024	0.70401	0.07868	0.03353	0.01374	0.01361	0.00980	0.00661	0.00546	0.00165	0.00588	0.00500	0.00546	0.00923
9	0.84691	0.01054	0.00801	0.00717	0.01054	0.01223	0.00590	0.01603	0.00928	0.02446	0.00759	0.00886	0.00590	0.00506	0.00337	0.00169	0.00422	0.00295	0.00337	0.00590
10	0.03478	0.11445	0.04634	0.02830	0.03540	0.01018	0.00817	0.04439	0.01218	0.08276	0.01052	0.01175	0.00834	0.00458	0.00425	0.00107	0.00471	0.00356	0.00343	0.53084
11	0.03322	0.09717	0.16366	0.04478	0.03735	0.07561	0.22283	0.01668	0.01248	0.06614	0.01430	0.06125	0.01278	0.00713	0.00576	0.00181	0.00723	0.10954	0.00334	0.00695
12	0.02394	0.01011	0.01317	0.01010	0.01433	0.00925	0.00834	0.12825	0.01700	0.67452	0.02033	0.01779	0.01291	0.00672	0.00548	0.00168	0.00483	0.00540	0.00657	0.00928
13	0.06356	0.15357	0.03735	0.03027	0.01359	0.08826	0.03376	0.01709	0.05778	0.15313	0.03513	0.04201	0.06757	0.11695	0.00905	0.00216	0.06249	0.00580	0.00395	0.00653
14	0.03418	0.08969	0.03016	0.08570	0.01879	0.01271	0.15963	0.16732	0.06072	0.05171	0.03397	0.05202	0.01180	0.03389	0.00638	0.01743	0.00604	0.00556	0.00385	0.11844
15	0.01240	0.00669	0.00787	0.00715	0.00917	0.00645	0.00550	0.01597	0.08854	0.17166	0.17182	0.07776	0.07359	0.00869	0.00522	0.00160	0.00320	0.00733	0.31316	0.00621
16	0.00842	0.00526	0.00702	0.00771	0.00849	0.00484	0.00534	0.00965	0.01146	0.08602	0.10967	0.64868	0.03562	0.01547	0.00676	0.00211	0.00324	0.01395	0.00532	0.00496
17	0.01258	0.04615	0.18713	0.10693	0.06283	0.01236	0.28870	0.01664	0.01214	0.07720	0.01298	0.07682	0.01083	0.00634	0.00623	0.00182	0.03216	0.01978	0.00313	0.00725
18	0.06919	0.01297	0.02120	0.08344	0.07650	0.03025	0.29859	0.07670	0.12975	0.12462	0.01390	0.01539	0.01012	0.00562	0.00570	0.00177	0.00690	0.00560	0.00395	0.00783
19	0.00717	0.00521	0.00688	0.00802	0.00872	0.00491	0.00592	0.00855	0.01116	0.01460	0.03209	0.54602	0.10348	0.01626	0.00706	0.00225	0.00360	0.19845	0.00505	0.00459
20	0.01257	0.00994	0.01089	0.00997	0.01239	0.01097	0.00761	0.16079	0.35363	0.02209	0.02362	0.24893	0.04438	0.01022	0.00591	0.00189	0.00419	0.00878	0.03395	0.00728
21	0.05080	0.04357	0.01687	0.03703	0.17836	0.03103	0.04935	0.18404	0.10400	0.02119	0.01329	0.03821	0.01124	0.00825	0.03956	0.00203	0.08010	0.03628	0.00385	0.05095

[dist]
# distance from previous block
# <min> <max>
2	47

[block]
# block no. 2 follows, 44 sequences, length 10
# corresponding to MSA columns:
# 601-610
name=unknown_C
#
# <colnr> <probs for GDERKNQSTAVLIFYWHMCP>
#	G	D	E	R	K	N	Q	S	T	A	V	L	I	F	Y	W	H	M	C	P
0	0.02287	0.00897	0.01226	0.00973	0.01365	0.00784	0.00809	0.02502	0.01529	0.70077	0.02226	0.02292	0.01531	0.00759	0.00569	0.00177	0.00468	0.07987	0.00657	0.00885
1	0.05892	0.01010	0.01173	0.00965	0.01284	0.01038	0.00769	0.18169	0.14262	0.25712	0.16753	0.02255	0.02060	0.05342	0.00684	0.00191	0.00449	0.00635	0.00575	0.00784
2	0.00742	0.00551	0.00757	0.08587	0.01083	0.00548	0.00603	0.00896	0.01144	0.01547	0.19299	0.46801	0.03509	0.08346	0.00852	0.00234	0.00367	0.03181	0.00485	0.00467
3	0.04164	0.00978	0.01599	0.59662	0.05973	0.01149	0.04092	0.01547	0.01147	0.09249	0.01124	0.01496	0.00823	0.00555	0.00534	0.00177	0.00673	0.00491	0.03918	0.00648
4	0.01393	0.14604	0.01971	0.11937	0.32494	0.07819	0.01298	0.05704	0.10056	0.01746	0.01279	0.01545	0.03086	0.00582	0.00515	0.00160	0.00633	0.02088	0.00321	0.00769
5	0.00659	0.00496	0.00610	0.00701	0.00775	0.00448	0.00480	0.00766	0.01100	0.01415	0.03717	0.59209	0.24422	0.01615	0.00681	0.00211	0.00305	0.01437	0.00506	0.00448
6	0.00945	0.00774	0.01090	0.09397	0.06643	0.00888	0.00829	0.02916	0.07014	0.01450	0.03147	0.06880	0.03326	0.13988	0.31682	0.00511	0.06966	0.00669	0.00338	0.00548
7	0.01336	0.23029	0.01901	0.01212	0.01389	0.01700	0.01047	0.03832	0.04284	0.04235	0.00917	0.01212	0.00816	0.00776	0.01187	0.00192	0.45359	0.00437	0.04483	0.00654
8	0.04457	0.00990	0.01177	0.00867	0.01315	0.00807	0.02910	0.05755	0.01199	0.01865	0.01076	0.03889	0.00937	0.02937	0.00499	0.00111	0.00433	0.00397	0.00342	0.68035
9	0.07623	0.04028	0.10894	0.01456	0.13386	0.06810	0.06430	0.06211	0.03038	0.06810	0.09791	0.04351	0.09831	0.00757	0.00569	0.00171	0.01957	0.02194	0.02998	0.00695

[dist]
# distance from previous block
# <min> <max>
0	19

[block]
# block no. 3 follows, 44 sequences, length 11
# corresponding to MSA columns:
# 630-640
name=unknown_D
#
# <colnr> <probs for GDERKNQSTAVLIFYWHMCP>
#	G	D	E	R	K	N	Q	S	T	A	V	L	I	F	Y	W	H	M	C	P
0	0.01279	0.14099	0.36842	0.03309	0.08412	0.05093	0.05854	0.07314	0.02875	0.01817	0.07108	0.01408	0.01111	0.00570	0.00514	0.00162	0.00705	0.00464	0.00300	0.00765
1	0.00941	0.00766	0.01027	0.02694	0.05625	0.00779	0.00736	0.01106	0.01110	0.03695	0.08422	0.32250	0.08361	0.01147	0.00796	0.00186	0.13334	0.00960	0.00422	0.15644
2	0.00663	0.00481	0.00626	0.00742	0.00786	0.00444	0.00498	0.00761	0.01061	0.01399	0.03218	0.74108	0.09845	0.01680	0.00691	0.00218	0.00313	0.01516	0.00506	0.00444
3	0.01458	0.81168	0.02857	0.00933	0.01399	0.02157	0.00933	0.01632	0.01108	0.01283	0.00758	0.00875	0.00700	0.00466	0.00350	0.00117	0.00583	0.00292	0.00233	0.00700
4	0.01385	0.16511	0.24517	0.01611	0.10457	0.01537	0.08457	0.12469	0.10157	0.01942	0.01134	0.01281	0.00874	0.00567	0.00575	0.00166	0.04781	0.00456	0.00323	0.00799
5	0.18000	0.00951	0.01146	0.00907	0.01292	0.00903	0.00746	0.05843	0.01471	0.54295	0.04428	0.01728	0.01318	0.00655	0.00505	0.00167	0.00447	0.00511	0.03853	0.00833
6	0.00720	0.00526	0.00687	0.00784	0.00865	0.00494	0.00582	0.00869	0.01156	0.01518	0.08934	0.47695	0.13035	0.01574	0.00699	0.00220	0.00350	0.18315	0.00512	0.00464
7	0.01356	0.00687	0.00916	0.00785	0.01016	0.00615	0.00615	0.01597	0.01549	0.28590	0.50968	0.03298	0.03819	0.00961	0.00610	0.00170	0.00329	0.00833	0.00626	0.00659
8	0.00669	0.00495	0.00625	0.00715	0.00783	0.00452	0.00490	0.00784	0.01119	0.01468	0.09232	0.60718	0.17252	0.01602	0.00682	0.00211	0.00304	0.01433	0.00513	0.00452
9	0.01026	0.00816	0.01184	0.33332	0.03931	0.00937	0.00986	0.05085	0.04063	0.01551	0.01684	0.05777	0.08272	0.03026	0.04121	0.10670	0.02614	0.00617	0.09759	0.00548
10	0.00800	0.00537	0.00618	0.00628	0.00638	0.00537	0.00375	0.00820	0.00830	0.01104	0.01813	0.03778	0.02076	0.74383	0.02610	0.00506	0.00526	0.06732	0.00344	0.00344

[dist]
# distance from previous block
# <min> <max>
0	6

[block]
# block no. 4 follows, 44 sequences, length 26
# corresponding to MSA columns:
# 647-672
name=unknown_E
#
# <colnr> <probs for GDERKNQSTAVLIFYWHMCP>
#	G	D	E	R	K	N	Q	S	T	A	V	L	I	F	Y	W	H	M	C	P
0	0.01394	0.01190	0.01254	0.01117	0.01432	0.01374	0.00872	0.06725	0.72565	0.02341	0.02171	0.01996	0.01625	0.00735	0.00554	0.00184	0.00440	0.00610	0.00554	0.00866
1	0.80409	0.01134	0.00840	0.00753	0.01087	0.05235	0.00614	0.01632	0.00960	0.02388	0.00763	0.00891	0.00596	0.00509	0.00345	0.00167	0.00451	0.00298	0.00334	0.00593
2	0.01120	0.07152	0.71461	0.01543	0.02321	0.01319	0.04269	0.01722	0.01153	0.01702	0.00970	0.01146	0.00695	0.00513	0.00513	0.00170	0.00797	0.00404	0.00232	0.00798
3	0.01484	0.71616	0.02705	0.00991	0.01421	0.07397	0.00955	0.01653	0.01124	0.01288	0.00762	0.00898	0.00701	0.00498	0.00434	0.00125	0.04717	0.00305	0.00237	0.00690
4	0.00832	0.00635	0.00761	0.00739	0.00892	0.00612	0.00557	0.03829	0.07692	0.01958	0.39798	0.14549	0.19369	0.01220	0.00644	0.00185	0.00307	0.04325	0.00558	0.00537
5	0.00858	0.00586	0.00751	0.00709	0.00854	0.00543	0.00531	0.01127	0.03537	0.06056	0.60106	0.10225	0.09738	0.01148	0.00640	0.00177	0.00279	0.01010	0.00589	0.00536
6	0.01093	0.02820	0.78016	0.01554	0.02360	0.01266	0.02014	0.01727	0.01151	0.01727	0.00978	0.01151	0.00691	0.00518	0.00518	0.00173	0.00806	0.00403	0.00230	0.00806
7	0.00686	0.00487	0.00622	0.00721	0.00754	0.00459	0.00471	0.00766	0.01009	0.01337	0.02894	0.63678	0.06637	0.15499	0.01056	0.00273	0.00352	0.01400	0.00475	0.00424
8	0.01184	0.01199	0.01839	0.01521	0.01600	0.01580	0.11248	0.01354	0.00898	0.01369	0.00806	0.01279	0.00764	0.01047	0.05568	0.00264	0.65118	0.00505	0.00246	0.00610
9	0.00956	0.00681	0.00777	0.00771	0.00919	0.00702	0.00568	0.04701	0.15780	0.01928	0.14366	0.28515	0.06451	0.01124	0.00581	0.00181	0.00326	0.00981	0.19120	0.00572
10	0.01193	0.01193	0.01670	0.01431	0.01431	0.01670	0.01193	0.01312	0.00835	0.01312	0.00716	0.01193	0.00716	0.00954	0.01789	0.00239	0.79843	0.00477	0.00239	0.00596
11	0.84691	0.01054	0.00801	0.00717	0.01054	0.01223	0.00590	0.01603	0.00928	0.02446	0.00759	0.00886	0.00590	0.00506	0.00337	0.00169	0.00422	0.00295	0.00337	0.00590
12	0.12178	0.01469	0.01534	0.01189	0.01613	0.01633	0.00982	0.66568	0.02363	0.03315	0.01242	0.01257	0.00886	0.00636	0.00520	0.00164	0.00578	0.00467	0.00520	0.00886
13	0.01108	0.00940	0.01395	0.42397	0.04675	0.01012	0.01138	0.03208	0.01195	0.04686	0.07346	0.02816	0.03878	0.00618	0.00549	0.00158	0.02070	0.00528	0.00328	0.19954
14	0.06136	0.00935	0.01198	0.00927	0.01328	0.00830	0.00759	0.05756	0.01524	0.54965	0.08355	0.01886	0.01554	0.00671	0.00529	0.00158	0.00443	0.00544	0.00603	0.10900
15	0.00797	0.00601	0.00742	0.00699	0.00848	0.00568	0.00526	0.01131	0.06906	0.02098	0.62202	0.04082	0.14498	0.01123	0.00637	0.00174	0.00272	0.00981	0.00584	0.00532
16	0.00753	0.00567	0.00698	0.00670	0.00811	0.00520	0.00501	0.01008	0.03288	0.01995	0.56140	0.07887	0.20760	0.01192	0.00644	0.00177	0.00268	0.01040	0.00574	0.00508
17	0.03895	0.09537	0.12817	0.03710	0.08438	0.03977	0.08017	0.30317	0.09800	0.02405	0.01222	0.01322	0.00913	0.00583	0.00524	0.00164	0.00654	0.00476	0.00399	0.00830
18	0.58859	0.03521	0.01051	0.07574	0.01383	0.01227	0.00737	0.06577	0.01137	0.12153	0.00994	0.01088	0.00726	0.00540	0.00397	0.00168	0.00470	0.00357	0.00383	0.00661
19	0.00779	0.00575	0.00732	0.00710	0.00836	0.00542	0.00525	0.01070	0.04999	0.02052	0.60426	0.14473	0.07840	0.01189	0.00646	0.00179	0.00274	0.01053	0.00581	0.00519
20	0.00706	0.00522	0.00660	0.00758	0.00820	0.00497	0.00519	0.00878	0.04846	0.01440	0.03168	0.65408	0.10517	0.03840	0.00743	0.00225	0.00329	0.03157	0.00504	0.00464
21	0.03672	0.17696	0.26729	0.05534	0.07889	0.09691	0.12640	0.06881	0.01301	0.01727	0.00959	0.01161	0.00743	0.00512	0.00501	0.00159	0.00757	0.00425	0.00272	0.00753
22	0.02054	0.01125	0.07848	0.01033	0.01448	0.00932	0.00904	0.10033	0.05785	0.51552	0.05870	0.05808	0.01575	0.00737	0.00558	0.00172	0.00488	0.00606	0.00604	0.00868
23	0.00756	0.00507	0.00666	0.00752	0.00818	0.00467	0.00516	0.00872	0.01122	0.05020	0.09640	0.66304	0.07331	0.01591	0.00682	0.00213	0.00316	0.01433	0.00522	0.00473
24	0.12686	0.03405	0.06972	0.01111	0.01499	0.01372	0.00959	0.41664	0.01897	0.08487	0.01484	0.12058	0.01254	0.00770	0.00551	0.00173	0.01774	0.00602	0.00487	0.00797
25	0.04835	0.05069	0.04981	0.12873	0.01807	0.01296	0.02878	0.03701	0.18115	0.10349	0.01414	0.01557	0.02426	0.00733	0.01816	0.00189	0.17166	0.00503	0.00384	0.07909

[dist]
# distance from previous block
# <min> <max>
0	25

[block]
# block no. 5 follows, 44 sequences, length 50
# corresponding to MSA columns:
# 698-747
name=unknown_F
#
# <colnr> <probs for GDERKNQSTAVLIFYWHMCP>
#	G	D	E	R	K	N	Q	S	T	A	V	L	I	F	Y	W	H	M	C	P
0	0.28387	0.01105	0.01215	0.13051	0.04191	0.04253	0.00916	0.07456	0.07926	0.04163	0.03759	0.01529	0.03678	0.00813	0.04008	0.00209	0.10155	0.00476	0.02057	0.00652
1	0.04607	0.00605	0.00720	0.00696	0.00828	0.00611	0.00519	0.01195	0.01160	0.07988	0.13635	0.14969	0.06541	0.07099	0.07153	0.00252	0.03449	0.00802	0.26647	0.00523
2	0.01030	0.00969	0.01635	0.79530	0.03755	0.01211	0.01514	0.01393	0.01090	0.01393	0.00969	0.01453	0.00727	0.00545	0.00545	0.00182	0.00727	0.00484	0.00242	0.00606
3	0.01427	0.00842	0.01061	0.00883	0.01218	0.00721	0.00710	0.04534	0.01334	0.23759	0.04689	0.13083	0.03264	0.00866	0.00552	0.00157	0.00423	0.10700	0.00497	0.29279
4	0.02446	0.00928	0.01265	0.00970	0.01392	0.00801	0.00801	0.02657	0.01560	0.77817	0.02151	0.01856	0.01350	0.00675	0.00548	0.00169	0.00464	0.00548	0.00675	0.00928
5	0.03950	0.13060	0.62265	0.01438	0.02161	0.04727	0.01783	0.01730	0.01155	0.01675	0.00936	0.01099	0.00689	0.00513	0.00489	0.00164	0.00771	0.00382	0.00236	0.00777
6	0.01578	0.00968	0.01371	0.23704	0.05330	0.00918	0.00996	0.01848	0.01276	0.28681	0.01391	0.01491	0.00979	0.00544	0.00502	0.00145	0.00529	0.00457	0.00422	0.26869
7	0.84691	0.01054	0.00801	0.00717	0.01054	0.01223	0.00590	0.01603	0.00928	0.02446	0.00759	0.00886	0.00590	0.00506	0.00337	0.00169	0.00422	0.00295	0.00337	0.00590
8	0.01093	0.02820	0.78016	0.01554	0.02360	0.01266	0.02014	0.01727	0.01151	0.01727	0.00978	0.01151	0.00691	0.00518	0.00518	0.00173	0.00806	0.00403	0.00230	0.00806
9	0.00793	0.00529	0.00595	0.00595	0.00595	0.00529	0.00330	0.00793	0.00793	0.01057	0.01718	0.03568	0.01982	0.80840	0.02775	0.00529	0.00529	0.00793	0.00330	0.00330
10	0.01356	0.01171	0.01233	0.01109	0.01418	0.01356	0.00863	0.02897	0.76455	0.02281	0.02219	0.02034	0.01664	0.00740	0.00555	0.00185	0.00431	0.00616	0.00555	0.00863
11	0.01220	0.01779	0.27824	0.17124	0.08142	0.01291	0.21313	0.07768	0.01284	0.01784	0.01073	0.01428	0.00822	0.03989	0.00658	0.00191	0.00780	0.00513	0.00278	0.00741
12	0.01030	0.00969	0.01635	0.79530	0.03755	0.01211	0.01514	0.01393	0.01090	0.01393	0.00969	0.01453	0.00727	0.00545	0.00545	0.00182	0.00727	0.00484	0.00242	0.00606
13	0.02446	0.00928	0.01265	0.00970	0.01392	0.00801	0.00801	0.02657	0.01560	0.77817	0.02151	0.01856	0.01350	0.00675	0.00548	0.00169	0.00464	0.00548	0.00675	0.00928
14	0.00800	0.00533	0.00644	0.00644	0.00659	0.00548	0.00392	0.00815	0.00800	0.01081	0.01630	0.03232	0.01823	0.64305	0.14146	0.05872	0.00665	0.00741	0.00319	0.00348
15	0.11562	0.16424	0.17722	0.01264	0.01733	0.02550	0.12421	0.04690	0.01255	0.11632	0.01376	0.06546	0.01179	0.00680	0.00519	0.00171	0.00629	0.06566	0.00361	0.00719
16	0.01992	0.02134	0.04229	0.03995	0.03444	0.50456	0.04070	0.07903	0.01581	0.13485	0.01107	0.01194	0.00830	0.00579	0.00514	0.00151	0.00848	0.00414	0.00360	0.00716
17	0.46152	0.09161	0.01404	0.01088	0.02900	0.15218	0.05451	0.01688	0.01075	0.01958	0.00796	0.00980	0.00654	0.00556	0.00542	0.00167	0.08935	0.00350	0.00302	0.00624
18	0.01325	0.01271	0.02169	0.09102	0.71872	0.01289	0.01661	0.01652	0.01230	0.01752	0.01021	0.01357	0.00853	0.00490	0.00540	0.00163	0.00654	0.00486	0.00268	0.00844
19	0.00742	0.00543	0.00714	0.00822	0.00911	0.00515	0.00633	0.00902	0.01151	0.01493	0.03316	0.41864	0.13823	0.01586	0.00710	0.00227	0.00381	0.28695	0.00505	0.00468
20	0.12738	0.48761	0.02242	0.01003	0.01433	0.07585	0.00917	0.16450	0.01407	0.01872	0.00874	0.00971	0.00731	0.00516	0.00398	0.00135	0.00594	0.00336	0.00313	0.00726
21	0.00735	0.00500	0.00657	0.00746	0.00796	0.00466	0.00502	0.00842	0.01091	0.03598	0.10447	0.64836	0.03580	0.07426	0.00839	0.00237	0.00330	0.01409	0.00508	0.00456
22	0.00907	0.00699	0.00857	0.00875	0.01024	0.00722	0.00678	0.01426	0.19084	0.01878	0.23190	0.22148	0.04821	0.01263	0.00660	0.00205	0.00370	0.18073	0.00542	0.00576
23	0.05691	0.01994	0.33321	0.01912	0.02555	0.01325	0.41749	0.01731	0.01213	0.01776	0.01034	0.01310	0.00759	0.00486	0.00576	0.00178	0.00847	0.00527	0.00261	0.00756
24	0.00840	0.00572	0.00751	0.00697	0.00838	0.00526	0.00526	0.01095	0.01544	0.05271	0.74093	0.03982	0.04989	0.01097	0.00639	0.00171	0.00266	0.00968	0.00603	0.00531
25	0.01093	0.02820	0.78016	0.01554	0.02360	0.01266	0.02014	0.01727	0.01151	0.01727	0.00978	0.01151	0.00691	0.00518	0.00518	0.00173	0.00806	0.00403	0.00230	0.00806
26	0.44731	0.01043	0.01057	0.00863	0.01243	0.01092	0.00712	0.08183	0.01318	0.32852	0.01365	0.01311	0.00924	0.00586	0.00440	0.00168	0.00454	0.00413	0.00490	0.00754
27	0.00669	0.00478	0.00637	0.00756	0.00792	0.00446	0.00506	0.00770	0.01064	0.01424	0.06029	0.77368	0.03669	0.01684	0.00694	0.00219	0.00314	0.01527	0.00510	0.00446
28	0.14655	0.00969	0.01229	0.00970	0.01344	0.00937	0.00802	0.02387	0.01405	0.60170	0.01823	0.01655	0.01183	0.00673	0.00620	0.00175	0.07059	0.00504	0.00588	0.00850
29	0.01509	0.74545	0.02755	0.00960	0.01423	0.02118	0.00941	0.07786	0.01229	0.01462	0.00804	0.00911	0.00719	0.00482	0.00366	0.00121	0.00584	0.00308	0.00259	0.00719
30	0.00663	0.00480	0.00627	0.00744	0.00787	0.00444	0.00499	0.00761	0.01059	0.01398	0.03193	0.74862	0.09107	0.01684	0.00692	0.00219	0.00313	0.01520	0.00506	0.00444
31	0.00666	0.00484	0.00628	0.00738	0.00786	0.00447	0.00498	0.00769	0.01077	0.01423	0.05416	0.71284	0.10457	0.01660	0.00690	0.00216	0.00311	0.01496	0.00509	0.00447
32	0.01690	0.07241	0.01401	0.01085	0.01386	0.15272	0.00875	0.14260	0.13073	0.14960	0.08297	0.01853	0.01516	0.00723	0.00604	0.00165	0.05575	0.02614	0.06664	0.00746
33	0.02362	0.01062	0.01348	0.01034	0.01459	0.01000	0.00854	0.18975	0.01785	0.61182	0.01963	0.01733	0.01255	0.00670	0.00548	0.00168	0.00494	0.00535	0.00646	0.00928
34	0.01239	0.23606	0.47587	0.01429	0.02100	0.01527	0.07776	0.03570	0.03333	0.01668	0.00973	0.01133	0.00738	0.00509	0.00485	0.00159	0.00740	0.00401	0.00252	0.00776
35	0.01380	0.01183	0.01246	0.01114	0.01427	0.01367	0.00869	0.05365	0.73947	0.02320	0.02188	0.02009	0.01639	0.00737	0.00554	0.00184	0.00437	0.00612	0.00554	0.00865
36	0.04258	0.08627	0.33120	0.01360	0.01920	0.01402	0.05395	0.17391	0.01464	0.09936	0.01131	0.01245	0.00819	0.00585	0.00605	0.00168	0.06596	0.00440	0.00352	0.03186
37	0.02993	0.01069	0.05517	0.04757	0.01554	0.00980	0.05930	0.06666	0.14564	0.30535	0.03635	0.11216	0.04604	0.00890	0.02361	0.00196	0.00522	0.00700	0.00532	0.00782
38	0.01287	0.01471	0.03217	0.02298	0.02849	0.01379	0.75460	0.01746	0.01287	0.01746	0.01103	0.01471	0.00827	0.00460	0.00643	0.00184	0.00919	0.00643	0.00276	0.00735
39	0.01010	0.00938	0.01567	0.73638	0.03535	0.01159	0.01439	0.01366	0.01124	0.01452	0.06662	0.01649	0.01057	0.00588	0.00552	0.00181	0.00692	0.00522	0.00269	0.00599
40	0.07945	0.03279	0.09930	0.11671	0.20128	0.02259	0.04950	0.09080	0.02523	0.04027	0.10185	0.06510	0.01501	0.00687	0.00581	0.00174	0.02895	0.00591	0.00363	0.00722
41	0.01210	0.01347	0.02897	0.02107	0.02594	0.01263	0.66169	0.01624	0.01257	0.01702	0.01339	0.11265	0.01172	0.00614	0.00650	0.00188	0.00844	0.00756	0.00304	0.00699
42	0.08592	0.00937	0.01231	0.00951	0.01366	0.00833	0.00786	0.02578	0.01513	0.72185	0.02047	0.01783	0.01293	0.00662	0.00532	0.00169	0.00461	0.00529	0.00650	0.00903
43	0.00672	0.00483	0.00640	0.00762	0.00802	0.00451	0.00518	0.00775	0.01059	0.01404	0.03086	0.74999	0.06083	0.01689	0.00696	0.00221	0.00322	0.04387	0.00506	0.00446
44	0.04374	0.01211	0.01704	0.28799	0.12094	0.03938	0.04214	0.13326	0.03019	0.08424	0.01115	0.01391	0.00847	0.00627	0.00725	0.00182	0.12452	0.00488	0.00343	0.00727
45	0.07386	0.01357	0.02477	0.01846	0.02277	0.04631	0.49537	0.01747	0.07507	0.01815	0.05685	0.04774	0.01234	0.00603	0.00664	0.00184	0.04594	0.00652	0.00330	0.00699
46	0.00888	0.00624	0.00786	0.00830	0.00949	0.00607	0.00628	0.07144	0.01283	0.03853	0.08488	0.39974	0.10983	0.03320	0.00731	0.00221	0.00382	0.17279	0.00516	0.00514
47	0.16553	0.18639	0.04266	0.01108	0.01520	0.04634	0.03555	0.32729	0.01736	0.02480	0.04387	0.01411	0.01055	0.00621	0.00478	0.00158	0.00579	0.02916	0.00411	0.00763
48	0.74829	0.01089	0.01004	0.00991	0.07470	0.01234	0.03312	0.01613	0.00966	0.02366	0.00793	0.00945	0.00621	0.00503	0.00365	0.00169	0.00458	0.00323	0.00330	0.00618
49	0.01474	0.18804	0.06069	0.10533	0.04852	0.01374	0.05746	0.11105	0.10101	0.11708	0.08818	0.01688	0.01402	0.00745	0.03105	0.00185	0.00602	0.00525	0.00410	0.00755

[dist]
# distance from previous block
# <min> <max>
0	6

[block]
# block no. 6 follows, 44 sequences, length 32
# corresponding to MSA columns:
# 754-785
name=unknown_G
#
# <colnr> <probs for GDERKNQSTAVLIFYWHMCP>
#	G	D	E	R	K	N	Q	S	T	A	V	L	I	F	Y	W	H	M	C	P
0	0.29444	0.01245	0.07962	0.06187	0.02781	0.01242	0.00930	0.14860	0.08047	0.05417	0.07458	0.01635	0.04466	0.00677	0.00561	0.00175	0.05300	0.00498	0.00413	0.00702
1	0.01479	0.15665	0.13777	0.12448	0.14369	0.01380	0.08315	0.04460	0.07218	0.13822	0.01253	0.01393	0.00928	0.00549	0.00516	0.00163	0.00649	0.00474	0.00350	0.00790
2	0.00892	0.00840	0.05223	0.05455	0.08880	0.00744	0.03217	0.01235	0.06653	0.01800	0.24652	0.13990	0.17299	0.01070	0.00618	0.00183	0.00406	0.03349	0.02912	0.00582
3	0.00796	0.00568	0.00805	0.00809	0.00896	0.00641	0.00610	0.00970	0.00895	0.01311	0.01570	0.05012	0.01514	0.12456	0.60757	0.00751	0.01213	0.00635	0.07321	0.00469
4	0.05777	0.29566	0.37236	0.01191	0.01753	0.01490	0.01364	0.01614	0.03285	0.01555	0.00970	0.02940	0.00806	0.00649	0.00590	0.07205	0.00657	0.00397	0.00254	0.00703
5	0.18692	0.11107	0.15027	0.05351	0.04399	0.06538	0.03884	0.13723	0.02957	0.11772	0.01132	0.01220	0.00827	0.00557	0.00475	0.00162	0.00622	0.00417	0.00374	0.00762
6	0.00947	0.00473	0.00710	0.00710	0.00710	0.00473	0.00473	0.00710	0.00710	0.00947	0.00947	0.01657	0.00947	0.01894	0.02131	0.84138	0.00473	0.00473	0.00237	0.00237
7	0.01124	0.00984	0.01668	0.72076	0.03580	0.01192	0.04057	0.01482	0.01125	0.06029	0.01045	0.01478	0.00768	0.00550	0.00549	0.00181	0.00718	0.00494	0.00270	0.00630
8	0.01518	0.14134	0.07957	0.04624	0.12599	0.01420	0.06173	0.12796	0.07474	0.11259	0.01353	0.05296	0.01102	0.00673	0.00646	0.00172	0.08066	0.01571	0.00386	0.00780
9	0.01383	0.01632	0.23385	0.06118	0.04545	0.02221	0.06443	0.12169	0.16224	0.08035	0.07063	0.01910	0.01433	0.00683	0.00563	0.00178	0.00621	0.04186	0.00419	0.00790
10	0.00662	0.00485	0.00622	0.00732	0.00784	0.00445	0.00494	0.00762	0.01070	0.01402	0.03338	0.70514	0.13361	0.01665	0.00689	0.00216	0.00311	0.01497	0.00506	0.00445
11	0.00911	0.00674	0.00887	0.08262	0.03717	0.00657	0.00705	0.01193	0.04244	0.05953	0.28975	0.04185	0.23946	0.01136	0.00639	0.00188	0.00376	0.12282	0.00516	0.00554
12	0.13886	0.01215	0.01681	0.14607	0.24781	0.03987	0.04164	0.09850	0.01313	0.06135	0.01153	0.01590	0.00952	0.00630	0.00632	0.00179	0.07275	0.04896	0.00340	0.00734
13	0.20105	0.00765	0.00757	0.00685	0.00906	0.00801	0.00533	0.08534	0.01252	0.08283	0.01810	0.06665	0.05466	0.03522	0.00518	0.00166	0.00357	0.00570	0.37718	0.00588
14	0.00742	0.00560	0.00797	0.10995	0.01222	0.00568	0.00689	0.00893	0.01079	0.01425	0.02725	0.59822	0.03167	0.01529	0.00684	0.00220	0.00396	0.11542	0.00471	0.00472
15	0.02416	0.00976	0.01295	0.00993	0.01416	0.00873	0.00820	0.08554	0.01641	0.71805	0.02083	0.01811	0.01315	0.00673	0.00548	0.00168	0.00475	0.00544	0.00664	0.00928
16	0.01200	0.01080	0.01439	0.03906	0.01392	0.04662	0.01039	0.01336	0.00944	0.05513	0.04070	0.01515	0.01043	0.01444	0.13628	0.03759	0.50649	0.00513	0.00287	0.00581
17	0.02057	0.01044	0.01280	0.01031	0.01414	0.01035	0.00838	0.11080	0.20709	0.46806	0.04025	0.01966	0.01509	0.00714	0.00555	0.00174	0.00467	0.01779	0.00625	0.00893
18	0.01093	0.02820	0.78016	0.01554	0.02360	0.01266	0.02014	0.01727	0.01151	0.01727	0.00978	0.01151	0.00691	0.00518	0.00518	0.00173	0.00806	0.00403	0.00230	0.00806
19	0.02354	0.00948	0.01262	0.00982	0.01394	0.00848	0.00806	0.02677	0.07849	0.71475	0.02157	0.01871	0.01376	0.00680	0.00549	0.00170	0.00461	0.00554	0.00665	0.00922
20	0.00978	0.00684	0.00811	0.00806	0.00958	0.04079	0.00625	0.01184	0.01372	0.09061	0.32008	0.17377	0.11312	0.01253	0.00658	0.00195	0.00369	0.15180	0.00548	0.00539
21	0.00660	0.00553	0.00574	0.00569	0.00746	0.00467	0.00426	0.00813	0.01279	0.01560	0.14306	0.05103	0.68380	0.01348	0.00644	0.00183	0.00274	0.01130	0.00518	0.00467
22	0.01458	0.81168	0.02857	0.00933	0.01399	0.02157	0.00933	0.01632	0.01108	0.01283	0.00758	0.00875	0.00700	0.00466	0.00350	0.00117	0.00583	0.00292	0.00233	0.00700
23	0.00798	0.00535	0.00612	0.00619	0.00627	0.00535	0.00364	0.00813	0.00821	0.01092	0.01788	0.03724	0.02052	0.76040	0.02653	0.00512	0.00527	0.05208	0.00341	0.00341
24	0.67146	0.01126	0.00961	0.00818	0.01175	0.01280	0.00674	0.13851	0.01228	0.06211	0.00916	0.01002	0.00682	0.00539	0.00382	0.00168	0.00453	0.00340	0.00388	0.00662
25	0.01486	0.70178	0.07127	0.00995	0.01479	0.02068	0.01004	0.07618	0.01228	0.01482	0.00815	0.00926	0.00717	0.00485	0.00375	0.00124	0.00597	0.00314	0.00258	0.00724
26	0.05394	0.68315	0.11416	0.00994	0.01493	0.02010	0.01041	0.01642	0.01104	0.01389	0.00783	0.00907	0.00693	0.00474	0.00369	0.00126	0.00601	0.00305	0.00238	0.00707
27	0.01145	0.04808	0.52929	0.01359	0.01986	0.01210	0.01614	0.07629	0.04397	0.01922	0.10132	0.01809	0.01409	0.00661	0.00544	0.00175	0.00685	0.04496	0.00328	0.00763
28	0.01404	0.46572	0.20611	0.05298	0.01766	0.04447	0.01235	0.01696	0.01140	0.05401	0.00895	0.01045	0.00734	0.00525	0.00499	0.00144	0.05249	0.00355	0.00258	0.00724
29	0.12131	0.47505	0.04531	0.00932	0.01300	0.07884	0.00857	0.01520	0.01110	0.01471	0.01173	0.15091	0.01204	0.00702	0.00427	0.00146	0.00554	0.00525	0.00299	0.00638
30	0.07634	0.12317	0.11801	0.00882	0.01198	0.00980	0.00818	0.01406	0.07387	0.01954	0.35291	0.05471	0.05102	0.00857	0.00544	0.00163	0.00416	0.00716	0.00453	0.04609
31	0.10908	0.17007	0.05441	0.00987	0.01317	0.02534	0.00848	0.08100	0.25443	0.02041	0.08855	0.11004	0.01783	0.00787	0.00510	0.00169	0.00472	0.00635	0.00443	0.00715

[dist]
# distance from previous block
# <min> <max>
0	24

[block]
# block no. 7 follows, 44 sequences, length 21
# corresponding to MSA columns:
# 810-830
name=unknown_H
#
# <colnr> <probs for GDERKNQSTAVLIFYWHMCP>
#	G	D	E	R	K	N	Q	S	T	A	V	L	I	F	Y	W	H	M	C	P
0	0.13127	0.03026	0.05526	0.01092	0.04894	0.05521	0.00874	0.15093	0.03567	0.23144	0.03237	0.07316	0.09725	0.00778	0.00531	0.00171	0.00507	0.00620	0.00494	0.00755
1	0.01659	0.02277	0.04527	0.01002	0.01355	0.00863	0.05890	0.06784	0.04478	0.35195	0.19459	0.02606	0.09834	0.00823	0.00582	0.00172	0.00453	0.00705	0.00574	0.00761
2	0.00836	0.02664	0.00860	0.04466	0.00990	0.00635	0.00621	0.00888	0.00873	0.01196	0.01570	0.16595	0.01639	0.05794	0.33528	0.24521	0.00870	0.00728	0.00314	0.00412
3	0.30191	0.09100	0.10352	0.01060	0.04133	0.01199	0.02049	0.03554	0.05633	0.21496	0.01427	0.01525	0.02713	0.00612	0.00463	0.00168	0.00513	0.02647	0.00424	0.00743
4	0.09954	0.14502	0.07454	0.01134	0.04505	0.05623	0.03137	0.03648	0.02373	0.32595	0.01454	0.02826	0.01041	0.00590	0.00484	0.00153	0.00551	0.00460	0.00450	0.07065
5	0.01249	0.00662	0.00874	0.00798	0.01005	0.00601	0.00631	0.01473	0.01445	0.23293	0.34740	0.09448	0.07576	0.01084	0.00626	0.00184	0.00352	0.10068	0.03271	0.00621
6	0.06178	0.04610	0.04099	0.11784	0.01476	0.00896	0.02820	0.01429	0.11471	0.04233	0.17298	0.08541	0.18228	0.00975	0.00585	0.00182	0.00435	0.03700	0.00460	0.00601
7	0.05067	0.18983	0.07428	0.01410	0.09769	0.05755	0.08656	0.07123	0.01303	0.07021	0.03371	0.02962	0.01001	0.00564	0.00534	0.00146	0.03986	0.00453	0.00334	0.14133
8	0.01343	0.06789	0.01933	0.32778	0.15174	0.08432	0.09054	0.07472	0.08450	0.01724	0.01111	0.01399	0.00860	0.00549	0.00537	0.00169	0.00709	0.00489	0.00306	0.00720
9	0.00961	0.00601	0.00802	0.00796	0.00943	0.00559	0.00624	0.01182	0.01393	0.10311	0.38322	0.16394	0.06162	0.01255	0.00666	0.00197	0.00345	0.17374	0.00569	0.00545
10	0.01254	0.01127	0.03677	0.29246	0.09298	0.04720	0.08787	0.05667	0.03708	0.06469	0.04711	0.03747	0.05070	0.00664	0.00581	0.00174	0.02502	0.00585	0.07342	0.00672
11	0.08104	0.15011	0.13227	0.08174	0.07010	0.03104	0.06226	0.03939	0.05312	0.09896	0.05602	0.01623	0.01188	0.00638	0.00594	0.00170	0.05944	0.03157	0.00354	0.00726
12	0.00663	0.00480	0.00627	0.00745	0.00787	0.00444	0.00500	0.00761	0.01057	0.01397	0.03178	0.75322	0.08656	0.01686	0.00692	0.00219	0.00314	0.01522	0.00506	0.00444
13	0.02783	0.02740	0.03706	0.28235	0.05767	0.02837	0.09869	0.01678	0.01242	0.18590	0.03052	0.06036	0.06657	0.00707	0.00612	0.00180	0.03615	0.00619	0.00386	0.00691
14	0.09288	0.10144	0.18396	0.10929	0.08899	0.02568	0.05378	0.04706	0.02401	0.12979	0.01190	0.03634	0.00919	0.00604	0.00586	0.00171	0.05640	0.00477	0.00341	0.00748
15	0.01667	0.04391	0.25912	0.04523	0.05795	0.01428	0.01364	0.32449	0.05271	0.09968	0.01284	0.01340	0.00909	0.00598	0.00531	0.00167	0.00651	0.00467	0.00422	0.00862
16	0.00748	0.00568	0.00708	0.00787	0.00915	0.00528	0.00631	0.00925	0.01207	0.01524	0.03882	0.21126	0.30527	0.01501	0.00701	0.00220	0.00381	0.32142	0.00504	0.00474
17	0.02455	0.07131	0.22380	0.24238	0.05609	0.01310	0.14383	0.04370	0.03654	0.06480	0.01118	0.01370	0.00822	0.00534	0.00536	0.00172	0.00727	0.00483	0.01490	0.00737
18	0.06463	0.08318	0.01574	0.30848	0.07854	0.01309	0.01146	0.12384	0.10183	0.01894	0.03303	0.01657	0.03775	0.00863	0.05992	0.00220	0.00659	0.00516	0.00353	0.00693
19	0.01322	0.01149	0.01627	0.01364	0.01473	0.03715	0.07161	0.01485	0.01002	0.09957	0.01114	0.06760	0.01023	0.00909	0.01382	0.00217	0.53260	0.00570	0.03878	0.00632
20	0.00664	0.00474	0.00633	0.00759	0.00791	0.00443	0.00506	0.00759	0.01044	0.01392	0.03005	0.80485	0.03606	0.01708	0.00696	0.00221	0.00316	0.01550	0.00506	0.00443

[dist]
# distance from previous block
# <min> <max>
3	8

[block]
# block no. 8 follows, 44 sequences, length 69
# corresponding to MSA columns:
# 839-907
name=unknown_I
#
# <colnr> <probs for GDERKNQSTAVLIFYWHMCP>
#	G	D	E	R	K	N	Q	S	T	A	V	L	I	F	Y	W	H	M	C	P
0	0.04464	0.07711	0.01627	0.47854	0.02797	0.05524	0.02837	0.06808	0.01215	0.01592	0.03557	0.01503	0.00945	0.00913	0.08247	0.00241	0.00769	0.00484	0.00287	0.00626
1	0.01145	0.01004	0.01681	0.66422	0.12111	0.01198	0.01493	0.01495	0.01133	0.05653	0.01041	0.01464	0.00777	0.00545	0.00545	0.00179	0.00703	0.00488	0.00269	0.00653
2	0.76996	0.01060	0.00836	0.00739	0.01074	0.01222	0.00607	0.05673	0.01026	0.02485	0.00828	0.00952	0.00639	0.00519	0.00350	0.00167	0.00425	0.00314	0.03482	0.00606
3	0.01106	0.02606	0.67601	0.05917	0.02477	0.01272	0.08076	0.01710	0.01159	0.01710	0.00988	0.01194	0.00704	0.00515	0.00530	0.00174	0.00811	0.00427	0.00235	0.00789
4	0.00838	0.00558	0.00660	0.00683	0.00827	0.00488	0.00493	0.00966	0.01191	0.09308	0.04107	0.36824	0.38161	0.01447	0.00656	0.00198	0.00313	0.01258	0.00524	0.00501
5	0.00690	0.00521	0.00638	0.00678	0.00782	0.00469	0.00482	0.00845	0.01247	0.01647	0.25422	0.36541	0.25175	0.01440	0.00666	0.00196	0.00287	0.01270	0.00534	0.00469
6	0.01080	0.01025	0.01722	0.66582	0.06894	0.01234	0.05557	0.01525	0.06133	0.01489	0.01062	0.01488	0.00801	0.00551	0.00551	0.00181	0.00714	0.00502	0.00266	0.00642
7	0.01651	0.17559	0.17398	0.01322	0.01773	0.22930	0.03057	0.17386	0.04711	0.01894	0.01010	0.01131	0.00791	0.00578	0.00551	0.00155	0.04621	0.00404	0.00326	0.00753
8	0.84691	0.01054	0.00801	0.00717	0.01054	0.01223	0.00590	0.01603	0.00928	0.02446	0.00759	0.00886	0.00590	0.00506	0.00337	0.00169	0.00422	0.00295	0.00337	0.00590
9	0.00798	0.00557	0.00705	0.00693	0.00823	0.00507	0.00512	0.01002	0.01392	0.04741	0.47252	0.17117	0.16378	0.02599	0.00687	0.00190	0.00288	0.02688	0.00565	0.00506
10	0.01206	0.01219	0.02212	0.26824	0.17666	0.01302	0.24796	0.01616	0.04330	0.01630	0.01054	0.01427	0.00828	0.00541	0.00670	0.00179	0.07192	0.00533	0.00275	0.04502
11	0.00758	0.00557	0.00710	0.00672	0.00806	0.00509	0.00504	0.01003	0.01512	0.02112	0.69672	0.04195	0.12670	0.01142	0.00643	0.00173	0.00259	0.01003	0.00590	0.00509
12	0.01999	0.00868	0.01125	0.00906	0.01253	0.00795	0.00733	0.02353	0.09050	0.53906	0.11073	0.02155	0.01839	0.00730	0.00544	0.00167	0.00416	0.00603	0.08655	0.00832
13	0.00651	0.00526	0.00579	0.00622	0.00755	0.00454	0.00445	0.00775	0.01176	0.01446	0.04680	0.30436	0.52573	0.01490	0.00662	0.00197	0.00290	0.01284	0.00506	0.00454
14	0.01034	0.00621	0.00777	0.00751	0.00907	0.00586	0.00557	0.01314	0.06330	0.12709	0.27018	0.26772	0.07783	0.01175	0.00613	0.00183	0.00317	0.01032	0.08947	0.00571
15	0.84691	0.01054	0.00801	0.00717	0.01054	0.01223	0.00590	0.01603	0.00928	0.02446	0.00759	0.00886	0.00590	0.00506	0.00337	0.00169	0.00422	0.00295	0.00337	0.00590
16	0.01366	0.00980	0.01197	0.06587	0.01483	0.00850	0.00760	0.09321	0.01341	0.12468	0.02936	0.06628	0.01169	0.00580	0.00474	0.00120	0.00447	0.00480	0.00408	0.50404
17	0.01130	0.00969	0.01130	0.00807	0.01292	0.00727	0.00646	0.01373	0.01130	0.01776	0.00969	0.01130	0.00807	0.00404	0.00404	0.00081	0.00404	0.00323	0.00323	0.84173
18	0.02037	0.02598	0.01545	0.01404	0.01685	0.78652	0.01053	0.02177	0.01545	0.01334	0.00843	0.00983	0.00702	0.00562	0.00492	0.00140	0.00983	0.00351	0.00281	0.00632
19	0.02438	0.00941	0.01273	0.00976	0.01398	0.00820	0.00806	0.04208	0.01582	0.76236	0.02133	0.01844	0.01341	0.00674	0.00548	0.00169	0.00467	0.00547	0.00672	0.00928
20	0.84691	0.01054	0.00801	0.00717	0.01054	0.01223	0.00590	0.01603	0.00928	0.02446	0.00759	0.00886	0.00590	0.00506	0.00337	0.00169	0.00422	0.00295	0.00337	0.00590
21	0.01349	0.01295	0.02213	0.03346	0.77440	0.01295	0.01673	0.01673	0.01241	0.01781	0.01025	0.01349	0.00864	0.00486	0.00540	0.00162	0.00648	0.00486	0.00270	0.00864
22	0.02072	0.01527	0.01636	0.01254	0.01691	0.01691	0.01036	0.75622	0.02563	0.03436	0.01309	0.01309	0.00927	0.00654	0.00545	0.00164	0.00600	0.00491	0.00545	0.00927
23	0.01980	0.01481	0.01584	0.01236	0.01655	0.01647	0.01014	0.66214	0.12122	0.03286	0.01427	0.01403	0.01022	0.00665	0.00547	0.00166	0.00578	0.00507	0.00547	0.00919
24	0.00666	0.00482	0.00630	0.00743	0.00788	0.00446	0.00500	0.00770	0.01074	0.01424	0.05649	0.72916	0.08566	0.01666	0.00691	0.00217	0.00312	0.01504	0.00509	0.00446
25	0.00690	0.00501	0.00630	0.00712	0.00770	0.00465	0.00482	0.00796	0.01085	0.01432	0.09085	0.53560	0.13398	0.10963	0.00932	0.00249	0.00335	0.02983	0.00493	0.00439
26	0.02037	0.02598	0.01545	0.01404	0.01685	0.78652	0.01053	0.02177	0.01545	0.01334	0.00843	0.00983	0.00702	0.00562	0.00492	0.00140	0.00983	0.00351	0.00281	0.00632
27	0.00976	0.00643	0.00870	0.06527	0.04562	0.00609	0.00658	0.01163	0.01269	0.11537	0.19547	0.27378	0.17706	0.01296	0.02526	0.00206	0.00387	0.01068	0.00514	0.00557
28	0.00663	0.00478	0.00629	0.00750	0.00788	0.00444	0.00502	0.00760	0.01053	0.01395	0.03121	0.77022	0.06993	0.01693	0.00693	0.00220	0.00314	0.01531	0.00506	0.00444
29	0.02212	0.00871	0.01176	0.00920	0.01299	0.00759	0.00753	0.02429	0.01539	0.66724	0.09676	0.02087	0.01733	0.00717	0.00550	0.00167	0.00433	0.00590	0.04495	0.00867
30	0.18565	0.03202	0.05702	0.27340	0.02536	0.01258	0.20084	0.04186	0.01206	0.09297	0.01083	0.01346	0.00790	0.00528	0.00521	0.00176	0.00683	0.00483	0.00322	0.00690
31	0.01188	0.01058	0.01652	0.66121	0.05634	0.01282	0.01451	0.11985	0.01305	0.01696	0.01019	0.01430	0.00759	0.00559	0.00545	0.00179	0.00706	0.00485	0.00286	0.00659
32	0.01328	0.40561	0.10583	0.00979	0.01482	0.05026	0.00958	0.01576	0.01140	0.01509	0.00861	0.01001	0.00737	0.00454	0.00394	0.00111	0.00563	0.00318	0.00267	0.30153
33	0.02030	0.00852	0.01170	0.04526	0.01380	0.00760	0.00774	0.02258	0.01535	0.58473	0.17792	0.02301	0.02115	0.00761	0.00568	0.00170	0.00433	0.00637	0.00639	0.00826
34	0.02421	0.00968	0.01290	0.00989	0.01412	0.00861	0.00817	0.07522	0.01627	0.72857	0.02095	0.01819	0.01321	0.00673	0.00548	0.00168	0.00473	0.00544	0.00666	0.00928
35	0.00644	0.00552	0.00552	0.00552	0.00736	0.00460	0.00414	0.00782	0.01243	0.01473	0.05523	0.05247	0.77218	0.01381	0.00644	0.00184	0.00276	0.01151	0.00506	0.00460
36	0.00768	0.00557	0.00723	0.00682	0.00812	0.00513	0.00511	0.01021	0.01534	0.02163	0.74847	0.04110	0.07463	0.01123	0.00643	0.00172	0.00258	0.00991	0.00597	0.00513
37	0.02072	0.01527	0.01636	0.01254	0.01691	0.01691	0.01036	0.75622	0.02563	0.03436	0.01309	0.01309	0.00927	0.00654	0.00545	0.00164	0.00600	0.00491	0.00545	0.00927
38	0.01680	0.10222	0.01566	0.01049	0.01498	0.03624	0.00873	0.34072	0.03185	0.06418	0.01176	0.01230	0.00889	0.00546	0.00473	0.00129	0.00531	0.00411	0.00432	0.29997
39	0.00801	0.00736	0.03321	0.00734	0.00927	0.00671	0.00587	0.01145	0.10148	0.01719	0.20058	0.06034	0.44293	0.01203	0.00694	0.00185	0.04698	0.00999	0.00508	0.00538
40	0.02015	0.01010	0.02971	0.00949	0.01398	0.00831	0.00794	0.05619	0.01472	0.50502	0.01741	0.01603	0.01157	0.00591	0.00505	0.00143	0.00460	0.00477	0.00556	0.25206
41	0.84691	0.01054	0.00801	0.00717	0.01054	0.01223	0.00590	0.01603	0.00928	0.02446	0.00759	0.00886	0.00590	0.00506	0.00337	0.00169	0.00422	0.00295	0.00337	0.00590
42	0.01356	0.01171	0.01233	0.01109	0.01418	0.01356	0.00863	0.02897	0.76455	0.02281	0.02219	0.02034	0.01664	0.00740	0.00555	0.00185	0.00431	0.00616	0.00555	0.00863
43	0.01356	0.01171	0.01233	0.01109	0.01418	0.01356	0.00863	0.02897	0.76455	0.02281	0.02219	0.02034	0.01664	0.00740	0.00555	0.00185	0.00431	0.00616	0.00555	0.00863
44	0.01030	0.00969	0.01635	0.79530	0.03755	0.01211	0.01514	0.01393	0.01090	0.01393	0.00969	0.01453	0.00727	0.00545	0.00545	0.00182	0.00727	0.00484	0.00242	0.00606
45	0.01458	0.81168	0.02857	0.00933	0.01399	0.02157	0.00933	0.01632	0.01108	0.01283	0.00758	0.00875	0.00700	0.00466	0.00350	0.00117	0.00583	0.00292	0.00233	0.00700
46	0.00811	0.00572	0.00709	0.00665	0.00820	0.00513	0.00502	0.01038	0.01471	0.05192	0.56658	0.04264	0.22434	0.01160	0.00639	0.00174	0.00270	0.01007	0.00581	0.00519
47	0.00741	0.00533	0.00701	0.00707	0.00808	0.00494	0.00512	0.00951	0.01399	0.01957	0.55767	0.26110	0.04700	0.01286	0.00658	0.00186	0.00274	0.01149	0.00573	0.00494
48	0.01257	0.01899	0.29693	0.03848	0.10009	0.01337	0.29517	0.04939	0.08553	0.01857	0.01164	0.01391	0.00865	0.00521	0.00573	0.00177	0.00786	0.00528	0.00296	0.00791
49	0.00786	0.00575	0.00741	0.00711	0.00838	0.00543	0.00528	0.01082	0.04644	0.02115	0.67019	0.11183	0.04853	0.01155	0.00644	0.00177	0.00270	0.01024	0.00589	0.00522
50	0.01410	0.09238	0.01699	0.09136	0.01814	0.04736	0.10091	0.11106	0.04690	0.06247	0.03150	0.01355	0.00985	0.00520	0.00486	0.00133	0.00571	0.00442	0.00364	0.31829
51	0.00704	0.00503	0.00678	0.00804	0.00853	0.00477	0.00575	0.00828	0.01083	0.01436	0.02983	0.66723	0.03519	0.01671	0.00706	0.00227	0.00351	0.14919	0.00505	0.00454
