[name]
unknown

[dist]
# distance from previous block
# <min> <max>
1	457

[block]
# block no. 0 follows, 43 sequences, length 17
# corresponding to MSA columns:
# 515-531
name=unknown_A
#
# <colnr> <probs for GDERKNQSTAVLIFYWHMCP>
#	G	D	E	R	K	N	Q	S	T	A	V	L	I	F	Y	W	H	M	C	P
0	0.07463	0.16386	0.07765	0.05092	0.11042	0.03361	0.01028	0.04097	0.02182	0.08460	0.06706	0.05064	0.04492	0.00834	0.04068	0.00191	0.02840	0.00539	0.00366	0.08025
1	0.01294	0.12839	0.09975	0.03655	0.04957	0.01133	0.00958	0.03701	0.11120	0.09236	0.03328	0.12220	0.02638	0.03504	0.00675	0.02477	0.02228	0.00632	0.00402	0.13030
2	0.01417	0.32713	0.08775	0.01179	0.06421	0.07108	0.01014	0.01801	0.09353	0.06509	0.01591	0.01734	0.07886	0.00642	0.00474	0.00147	0.00576	0.02670	0.00348	0.07641
3	0.19686	0.04732	0.36417	0.04612	0.01884	0.05364	0.01375	0.04417	0.04676	0.05117	0.01236	0.04413	0.02604	0.00615	0.00494	0.00173	0.00659	0.00465	0.00325	0.00738
4	0.13309	0.17613	0.09462	0.01084	0.03812	0.05945	0.00941	0.06351	0.04715	0.03883	0.06799	0.04904	0.06040	0.04730	0.03322	0.00209	0.05294	0.00555	0.00366	0.00666
5	0.03488	0.07607	0.14113	0.07411	0.06202	0.01250	0.01139	0.13813	0.08283	0.14104	0.07177	0.01744	0.03201	0.00665	0.00558	0.00167	0.02279	0.00531	0.02173	0.04096
6	0.01181	0.01044	0.05096	0.39936	0.02566	0.01080	0.01192	0.04270	0.09008	0.06929	0.11449	0.02043	0.03244	0.00688	0.00562	0.00175	0.00587	0.01812	0.00384	0.06755
7	0.06568	0.55443	0.15304	0.01109	0.01629	0.01906	0.04319	0.01740	0.04779	0.01522	0.00895	0.01020	0.00756	0.00498	0.00406	0.00138	0.00627	0.00347	0.00261	0.00732
8	0.01305	0.01238	0.13112	0.01085	0.04966	0.00837	0.00942	0.01601	0.01218	0.12837	0.01381	0.07298	0.01173	0.00607	0.00490	0.00130	0.00491	0.02852	0.00383	0.46053
9	0.00756	0.00551	0.00628	0.00630	0.00714	0.00515	0.00422	0.00856	0.01099	0.01431	0.15796	0.06925	0.24824	0.37556	0.01650	0.00349	0.00406	0.04023	0.00449	0.00418
10	0.06603	0.32612	0.13875	0.01115	0.01582	0.01700	0.01085	0.08016	0.24438	0.01938	0.01310	0.01333	0.01024	0.00586	0.00462	0.00156	0.00571	0.00433	0.00370	0.00791
11	0.01874	0.04983	0.09403	0.03231	0.01634	0.03171	0.03110	0.10412	0.03669	0.35000	0.03870	0.01612	0.01211	0.00616	0.00525	0.00155	0.00547	0.00498	0.00506	0.13974
12	0.01430	0.22813	0.15722	0.01115	0.01544	0.07198	0.03177	0.04624	0.02776	0.11520	0.06139	0.13048	0.01549	0.00756	0.00517	0.00160	0.00588	0.00614	0.00387	0.04324
13	0.01111	0.02865	0.77667	0.01579	0.02397	0.01286	0.02046	0.01754	0.01169	0.01754	0.00994	0.01169	0.00702	0.00526	0.00526	0.00175	0.00818	0.00409	0.00234	0.00818
14	0.00739	0.00564	0.00677	0.00649	0.00800	0.00503	0.00487	0.00957	0.01461	0.01967	0.51837	0.04555	0.30336	0.01227	0.00654	0.00179	0.00268	0.01060	0.00576	0.00503
15	0.00804	0.00541	0.00623	0.00623	0.00629	0.00547	0.00359	0.00817	0.00811	0.01088	0.01728	0.03530	0.01973	0.75574	0.07725	0.00560	0.00598	0.00792	0.00333	0.00346
16	0.06780	0.32690	0.28872	0.01306	0.01870	0.06462	0.06300	0.04375	0.01213	0.01653	0.00896	0.01062	0.00718	0.00523	0.00498	0.00154	0.03246	0.00377	0.00260	0.00744

[dist]
# distance from previous block
# <min> <max>
0	11

[block]
# block no. 1 follows, 43 sequences, length 11
# corresponding to MSA columns:
# 543-553
name=unknown_B
#
# <colnr> <probs for GDERKNQSTAVLIFYWHMCP>
#	G	D	E	R	K	N	Q	S	T	A	V	L	I	F	Y	W	H	M	C	P
0	0.00758	0.00610	0.00761	0.00787	0.00905	0.00613	0.00608	0.00915	0.01152	0.01485	0.05885	0.20581	0.33087	0.01797	0.10553	0.00297	0.06571	0.11683	0.00468	0.00486
1	0.00676	0.00525	0.00615	0.00670	0.00781	0.00465	0.00473	0.00808	0.01198	0.01527	0.11147	0.39581	0.36498	0.01530	0.00678	0.00203	0.00297	0.01339	0.00523	0.00465
2	0.01067	0.00998	0.01635	0.74186	0.03662	0.01240	0.01496	0.01513	0.05927	0.01473	0.01066	0.01514	0.00799	0.00566	0.00554	0.00185	0.00719	0.00501	0.00266	0.00632
3	0.04127	0.09472	0.01712	0.04878	0.04125	0.15486	0.01109	0.06002	0.12935	0.01667	0.01052	0.01289	0.00888	0.00747	0.01018	0.00192	0.31826	0.00460	0.00322	0.00694
4	0.00692	0.00543	0.00626	0.00647	0.00781	0.00477	0.00469	0.00851	0.01289	0.01656	0.22717	0.23521	0.40925	0.01417	0.00667	0.00193	0.00286	0.01227	0.00538	0.00477
5	0.01692	0.02030	0.02012	0.13056	0.09249	0.43444	0.17159	0.01955	0.01418	0.01496	0.00949	0.01209	0.00760	0.00539	0.00545	0.00160	0.00915	0.00453	0.00278	0.00683
6	0.01481	0.80869	0.02902	0.00948	0.01421	0.02191	0.00948	0.01658	0.01125	0.01303	0.00770	0.00888	0.00711	0.00474	0.00355	0.00118	0.00592	0.00296	0.00237	0.00711
7	0.01148	0.00984	0.01148	0.00820	0.01312	0.00738	0.00656	0.01395	0.01148	0.01805	0.00984	0.01148	0.00820	0.00410	0.00410	0.00082	0.00410	0.00328	0.00328	0.83922
8	0.01111	0.02865	0.77667	0.01579	0.02397	0.01286	0.02046	0.01754	0.01169	0.01754	0.00994	0.01169	0.00702	0.00526	0.00526	0.00175	0.00818	0.00409	0.00234	0.00818
9	0.01173	0.01154	0.01622	0.01402	0.01411	0.01603	0.01164	0.01301	0.00852	0.01328	0.00797	0.01301	0.00788	0.01264	0.08902	0.00302	0.72298	0.00495	0.00247	0.00596
10	0.01219	0.01254	0.12224	0.00939	0.01475	0.00822	0.00866	0.01521	0.01176	0.06097	0.01054	0.01193	0.00834	0.00443	0.00435	0.00101	0.00473	0.00353	0.00335	0.67185

[dist]
# distance from previous block
# <min> <max>
0	1

[block]
# block no. 2 follows, 43 sequences, length 19
# corresponding to MSA columns:
# 555-573
name=unknown_C
#
# <colnr> <probs for GDERKNQSTAVLIFYWHMCP>
#	G	D	E	R	K	N	Q	S	T	A	V	L	I	F	Y	W	H	M	C	P
0	0.00894	0.00654	0.00761	0.00841	0.00924	0.05096	0.00597	0.01018	0.01157	0.06317	0.05172	0.62217	0.03353	0.01564	0.00688	0.00217	0.00384	0.07131	0.00514	0.00500
1	0.01455	0.01283	0.01292	0.01151	0.01470	0.05205	0.00897	0.07183	0.68047	0.02339	0.02130	0.01970	0.01598	0.00737	0.00560	0.00184	0.00476	0.00605	0.00549	0.00869
2	0.00675	0.00482	0.00643	0.00771	0.00803	0.00450	0.00514	0.00771	0.01060	0.01414	0.03053	0.80175	0.03663	0.01735	0.00707	0.00225	0.00321	0.01574	0.00514	0.00450
3	0.01198	0.02749	0.70992	0.01552	0.02337	0.01324	0.01959	0.08207	0.01295	0.01906	0.01023	0.01183	0.00723	0.00538	0.00529	0.00175	0.00800	0.00417	0.00262	0.00829
4	0.01295	0.01582	0.08024	0.02286	0.02863	0.01393	0.70402	0.01773	0.01298	0.01773	0.01112	0.01473	0.00831	0.00471	0.00645	0.00186	0.00926	0.00638	0.00277	0.00752
5	0.00675	0.00482	0.00643	0.00771	0.00803	0.00450	0.00514	0.00771	0.01060	0.01414	0.03053	0.80175	0.03663	0.01735	0.00707	0.00225	0.00321	0.01574	0.00514	0.00450
6	0.13956	0.01641	0.01730	0.16918	0.25801	0.25789	0.03129	0.01799	0.01283	0.01689	0.00933	0.01205	0.00756	0.00532	0.00506	0.00163	0.00754	0.00425	0.00283	0.00707
7	0.00784	0.00566	0.00740	0.00697	0.00827	0.00523	0.00523	0.01045	0.01568	0.02221	0.76789	0.04137	0.05226	0.01132	0.00653	0.00174	0.00261	0.01002	0.00610	0.00523
8	0.01154	0.00681	0.00882	0.00841	0.01045	0.00633	0.00684	0.01427	0.03780	0.16990	0.27206	0.04417	0.14664	0.01188	0.00664	0.00200	0.00384	0.21975	0.00580	0.00606
9	0.01623	0.01527	0.04409	0.09804	0.04216	0.12849	0.07278	0.19273	0.22852	0.05268	0.01486	0.01567	0.01112	0.00761	0.03311	0.00199	0.00694	0.00528	0.00437	0.00805
10	0.00775	0.00594	0.00808	0.07248	0.03667	0.00572	0.00649	0.00932	0.01125	0.01516	0.05590	0.51602	0.09951	0.01434	0.00660	0.00205	0.00371	0.04510	0.03241	0.04548
11	0.01428	0.20023	0.38743	0.04039	0.04761	0.03623	0.01522	0.08253	0.01331	0.07909	0.01067	0.01190	0.00790	0.00538	0.00491	0.00158	0.00708	0.00406	0.00305	0.02715
12	0.04598	0.09322	0.01910	0.01450	0.01777	0.34678	0.14913	0.08270	0.01451	0.01661	0.01150	0.09123	0.01052	0.00690	0.00616	0.00166	0.05624	0.00548	0.00326	0.00671
13	0.00697	0.00563	0.00620	0.00606	0.00774	0.00486	0.00454	0.00877	0.01363	0.01735	0.29117	0.04936	0.53201	0.01313	0.00654	0.00183	0.00274	0.01114	0.00546	0.00486
14	0.04065	0.06360	0.09666	0.04730	0.04987	0.01291	0.06093	0.05258	0.10186	0.04453	0.05354	0.06541	0.07971	0.00884	0.01883	0.00202	0.18366	0.00642	0.00377	0.00691
15	0.00801	0.00761	0.07485	0.00777	0.00962	0.00583	0.00653	0.01081	0.01487	0.02102	0.62902	0.09695	0.06333	0.01131	0.00646	0.00178	0.00315	0.00997	0.00567	0.00542
16	0.06818	0.41029	0.02089	0.01018	0.01386	0.09822	0.02545	0.07690	0.01297	0.03372	0.02759	0.01314	0.03433	0.00598	0.00507	0.00143	0.05461	0.00409	0.07626	0.00686
17	0.01459	0.41747	0.15785	0.01143	0.01611	0.12247	0.01133	0.04321	0.07823	0.01561	0.01106	0.05763	0.00978	0.00602	0.00451	0.00146	0.00659	0.00436	0.00299	0.00728
18	0.04671	0.03661	0.05140	0.02567	0.04568	0.03601	0.03592	0.12805	0.04181	0.22625	0.07422	0.09723	0.04194	0.00781	0.00555	0.00168	0.00514	0.00655	0.00500	0.08079

[dist]
# distance from previous block
# <min> <max>
0	24

[block]
# block no. 3 follows, 43 sequences, length 14
# corresponding to MSA columns:
# 598-611
name=unknown_D
#
# <colnr> <probs for GDERKNQSTAVLIFYWHMCP>
#	G	D	E	R	K	N	Q	S	T	A	V	L	I	F	Y	W	H	M	C	P
0	0.07325	0.04266	0.01572	0.01203	0.01608	0.14203	0.00979	0.44825	0.02048	0.02732	0.01137	0.01207	0.00853	0.00612	0.00545	0.00153	0.02997	0.00435	0.00449	0.10853
1	0.01263	0.01158	0.06271	0.22341	0.08038	0.01189	0.02668	0.09538	0.16609	0.04896	0.03429	0.06866	0.01377	0.02808	0.07275	0.00252	0.02281	0.00620	0.00396	0.00723
2	0.00744	0.00559	0.00689	0.00669	0.00806	0.00504	0.00497	0.00963	0.01455	0.01982	0.53767	0.09976	0.22870	0.01243	0.00657	0.00181	0.00270	0.01085	0.00579	0.00504
3	0.01331	0.10350	0.01814	0.11597	0.25015	0.03077	0.01224	0.06688	0.12118	0.01844	0.06169	0.01657	0.01270	0.02667	0.00720	0.00182	0.08722	0.00528	0.02275	0.00751
4	0.00750	0.00565	0.00693	0.00661	0.00806	0.00508	0.00496	0.00979	0.01487	0.02028	0.57882	0.04454	0.24253	0.01204	0.00654	0.00178	0.00266	0.01046	0.00584	0.00508
5	0.01121	0.01088	0.01798	0.26806	0.04500	0.04840	0.20192	0.03260	0.01141	0.01492	0.01225	0.01916	0.01082	0.14580	0.12261	0.00344	0.00870	0.00595	0.00288	0.00601
6	0.00805	0.00540	0.00620	0.00620	0.00625	0.00545	0.00355	0.00815	0.00810	0.01085	0.01731	0.03546	0.01979	0.76403	0.06906	0.00556	0.00588	0.00794	0.00333	0.00344
7	0.01378	0.01190	0.01252	0.01127	0.01440	0.01378	0.00877	0.02943	0.76081	0.02317	0.02254	0.02066	0.01691	0.00751	0.00564	0.00188	0.00438	0.00626	0.00564	0.00877
8	0.01148	0.00984	0.01148	0.00820	0.01312	0.00738	0.00656	0.01395	0.01148	0.01805	0.00984	0.01148	0.00820	0.00410	0.00410	0.00082	0.00410	0.00328	0.00328	0.83922
9	0.01378	0.01190	0.01252	0.01127	0.01440	0.01378	0.00877	0.02943	0.76081	0.02317	0.02254	0.02066	0.01691	0.00751	0.00564	0.00188	0.00438	0.00626	0.00564	0.00877
10	0.00666	0.00561	0.00577	0.00573	0.00755	0.00472	0.00430	0.00817	0.01289	0.01560	0.11896	0.05225	0.70531	0.01379	0.00654	0.00186	0.00279	0.01154	0.00523	0.00472
11	0.01148	0.00984	0.01148	0.00820	0.01312	0.00738	0.00656	0.01395	0.01148	0.01805	0.00984	0.01148	0.00820	0.00410	0.00410	0.00082	0.00410	0.00328	0.00328	0.83922
12	0.01260	0.01291	0.01689	0.01452	0.01468	0.05978	0.01204	0.01382	0.00888	0.01334	0.00734	0.01200	0.00726	0.00947	0.01744	0.00237	0.75135	0.00478	0.00245	0.00608
13	0.01032	0.00516	0.00516	0.00516	0.00645	0.00516	0.00387	0.01290	0.01161	0.02065	0.01807	0.02065	0.01420	0.00645	0.00387	0.00129	0.00258	0.00516	0.83611	0.00516

[dist]
# distance from previous block
# <min> <max>
0	14

[block]
# block no. 4 follows, 43 sequences, length 20
# corresponding to MSA columns:
# 626-645
name=unknown_E
#
# <colnr> <probs for GDERKNQSTAVLIFYWHMCP>
#	G	D	E	R	K	N	Q	S	T	A	V	L	I	F	Y	W	H	M	C	P
0	0.02008	0.01503	0.01607	0.01255	0.01680	0.01672	0.01029	0.65534	0.12464	0.03333	0.01454	0.01429	0.01042	0.00676	0.00555	0.00169	0.00586	0.00516	0.00555	0.00933
1	0.00948	0.00752	0.01211	0.01196	0.01382	0.00740	0.10847	0.01232	0.01279	0.01673	0.02689	0.05609	0.02872	0.01387	0.00750	0.00246	0.00567	0.63598	0.00479	0.00542
2	0.02469	0.00968	0.01301	0.00998	0.01427	0.00852	0.00824	0.05784	0.01628	0.74319	0.02149	0.01861	0.01353	0.00685	0.00557	0.00171	0.00477	0.00554	0.00680	0.00942
3	0.01526	0.01157	0.01257	0.01108	0.01437	0.01302	0.00868	0.02910	0.66084	0.12401	0.02245	0.02042	0.01648	0.00743	0.00563	0.00186	0.00443	0.00617	0.00580	0.00885
4	0.00708	0.00518	0.00691	0.00784	0.00829	0.00502	0.00539	0.00827	0.01121	0.01519	0.12869	0.67296	0.03773	0.01628	0.00737	0.00219	0.02996	0.01461	0.00518	0.00465
5	0.00655	0.00561	0.00561	0.00561	0.00748	0.00468	0.00421	0.00795	0.01262	0.01496	0.05610	0.05330	0.76857	0.01403	0.00655	0.00187	0.00281	0.01169	0.00514	0.00468
6	0.84448	0.01071	0.00814	0.00728	0.01071	0.01242	0.00600	0.01628	0.00943	0.02485	0.00771	0.00900	0.00600	0.00514	0.00343	0.00171	0.00428	0.00300	0.00343	0.00600
7	0.00675	0.00482	0.00643	0.00771	0.00803	0.00450	0.00514	0.00771	0.01060	0.01414	0.03053	0.80175	0.03663	0.01735	0.00707	0.00225	0.00321	0.01574	0.00514	0.00450
8	0.01281	0.00738	0.00773	0.00693	0.00895	0.00770	0.00540	0.12783	0.06401	0.05480	0.01779	0.01945	0.01362	0.00657	0.00432	0.00140	0.00333	0.00523	0.61853	0.00623
9	0.00666	0.00518	0.00605	0.00675	0.00778	0.00458	0.00471	0.00782	0.01153	0.01451	0.04223	0.45924	0.37158	0.01583	0.00683	0.00208	0.00303	0.01389	0.00514	0.00458
10	0.01125	0.01031	0.01693	0.61036	0.07465	0.01225	0.04545	0.06627	0.01227	0.01599	0.01156	0.06714	0.00960	0.00633	0.00568	0.00185	0.00705	0.00572	0.00289	0.00647
11	0.00823	0.00608	0.00774	0.00725	0.00868	0.00580	0.00546	0.01172	0.06541	0.02227	0.71815	0.03999	0.04990	0.01107	0.00647	0.00175	0.00273	0.00977	0.00607	0.00546
12	0.01371	0.01316	0.02248	0.03399	0.77081	0.01316	0.01700	0.01700	0.01261	0.01809	0.01042	0.01371	0.00877	0.00493	0.00548	0.00164	0.00658	0.00493	0.00274	0.00877
13	0.00675	0.00482	0.00643	0.00771	0.00803	0.00450	0.00514	0.00771	0.01060	0.01414	0.03053	0.80175	0.03663	0.01735	0.00707	0.00225	0.00321	0.01574	0.00514	0.00450
14	0.02808	0.14119	0.01149	0.00862	0.01013	0.00915	0.00664	0.01184	0.06089	0.03593	0.02515	0.45008	0.06843	0.03074	0.00738	0.00208	0.05124	0.03095	0.00451	0.00549
15	0.01046	0.00984	0.01661	0.79205	0.03814	0.01230	0.01538	0.01415	0.01107	0.01415	0.00984	0.01477	0.00738	0.00554	0.00554	0.00185	0.00738	0.00492	0.00246	0.00615
16	0.01961	0.01412	0.01508	0.01173	0.01574	0.01556	0.00963	0.65312	0.02410	0.03299	0.01394	0.01428	0.01006	0.00662	0.00532	0.00161	0.00562	0.00501	0.11700	0.00885
17	0.00686	0.00490	0.00656	0.00785	0.00822	0.00460	0.00534	0.00791	0.01072	0.01427	0.03046	0.76197	0.03637	0.01724	0.00710	0.00227	0.00331	0.05437	0.00514	0.00453
18	0.01148	0.00984	0.01148	0.00820	0.01312	0.00738	0.00656	0.01395	0.01148	0.01805	0.00984	0.01148	0.00820	0.00410	0.00410	0.00082	0.00410	0.00328	0.00328	0.83922
19	0.03210	0.01133	0.01562	0.06954	0.14254	0.01123	0.06630	0.17318	0.04327	0.03634	0.01459	0.13292	0.01322	0.00715	0.00545	0.00158	0.00546	0.00633	0.00403	0.20782

[dist]
# distance from previous block
# <min> <max>
0	1

[block]
# block no. 5 follows, 43 sequences, length 18
# corresponding to MSA columns:
# 647-664
name=unknown_F
#
# <colnr> <probs for GDERKNQSTAVLIFYWHMCP>
#	G	D	E	R	K	N	Q	S	T	A	V	L	I	F	Y	W	H	M	C	P
0	0.01083	0.01030	0.01694	0.65352	0.06996	0.01296	0.01503	0.01418	0.01081	0.01423	0.00953	0.01437	0.00743	0.00606	0.00720	0.00191	0.11111	0.00491	0.00247	0.00626
1	0.00795	0.00541	0.00637	0.00638	0.00661	0.00538	0.00385	0.00844	0.00922	0.01251	0.11682	0.07427	0.02490	0.62707	0.05849	0.00490	0.00533	0.00860	0.00379	0.00373
2	0.03697	0.01273	0.02134	0.08548	0.67208	0.01290	0.01627	0.01713	0.01253	0.04431	0.01070	0.01383	0.00877	0.00505	0.00543	0.00166	0.00651	0.00490	0.00288	0.00853
3	0.00871	0.00682	0.00890	0.00800	0.00981	0.00648	0.04093	0.04787	0.04897	0.02086	0.48585	0.07636	0.18624	0.01142	0.00647	0.00180	0.00325	0.01003	0.00566	0.00556
4	0.01327	0.30140	0.01900	0.15810	0.04727	0.01475	0.01008	0.06300	0.06725	0.05744	0.04132	0.11839	0.02848	0.00756	0.00545	0.00165	0.02899	0.00608	0.00364	0.00690
5	0.00738	0.00564	0.00676	0.00648	0.00799	0.00503	0.00486	0.00956	0.01459	0.01962	0.51347	0.04563	0.30830	0.01229	0.00654	0.00179	0.00268	0.01061	0.00576	0.00503
6	0.01409	0.01235	0.09403	0.11638	0.03702	0.01131	0.06075	0.20694	0.01533	0.09301	0.01670	0.13344	0.01533	0.09074	0.00845	0.00224	0.01887	0.04161	0.00431	0.00710
7	0.00687	0.00562	0.00607	0.00596	0.00768	0.00482	0.00447	0.00858	0.01340	0.01680	0.23717	0.05027	0.58636	0.01334	0.00654	0.00184	0.00276	0.01126	0.00539	0.00482
8	0.01425	0.01370	0.12812	0.01166	0.01545	0.03487	0.03586	0.08188	0.29509	0.10910	0.11738	0.02334	0.01938	0.02810	0.00638	0.00192	0.00531	0.04525	0.00506	0.00789
9	0.01181	0.01094	0.04809	0.00873	0.01379	0.00799	0.00736	0.04032	0.01201	0.01862	0.00997	0.01156	0.00819	0.00425	0.00421	0.00089	0.00437	0.00338	0.00332	0.77021
10	0.73472	0.01307	0.10936	0.00840	0.01246	0.01248	0.00790	0.01645	0.00972	0.02389	0.00800	0.00935	0.00613	0.00516	0.00367	0.00172	0.00480	0.00314	0.00328	0.00629
11	0.01589	0.01210	0.01308	0.01131	0.01473	0.01361	0.00893	0.12207	0.58691	0.10485	0.02128	0.01952	0.01560	0.00733	0.00562	0.00183	0.00464	0.00602	0.00575	0.00892
12	0.01212	0.01212	0.01696	0.01454	0.01454	0.01696	0.01212	0.01333	0.00848	0.01333	0.00727	0.01212	0.00727	0.00969	0.01818	0.00242	0.79523	0.00485	0.00242	0.00606
13	0.01694	0.01080	0.01255	0.01034	0.01356	0.07055	0.04105	0.14235	0.03581	0.26741	0.17439	0.02743	0.09624	0.00872	0.00597	0.00176	0.00497	0.04596	0.00568	0.00752
14	0.01949	0.01638	0.01675	0.01329	0.01739	0.11738	0.05002	0.50891	0.13358	0.02942	0.01394	0.01405	0.01018	0.00655	0.00554	0.00167	0.00653	0.00507	0.00505	0.00882
15	0.01091	0.02551	0.67533	0.01466	0.02176	0.01180	0.01840	0.01618	0.01110	0.01650	0.00990	0.01237	0.00736	0.00710	0.00742	0.11200	0.00774	0.00419	0.00235	0.00742
16	0.01531	0.16891	0.06702	0.01567	0.15393	0.01428	0.01165	0.01814	0.04114	0.17429	0.03551	0.03785	0.01146	0.00716	0.00833	0.00180	0.20107	0.00513	0.00371	0.00764
17	0.02194	0.03178	0.11076	0.01155	0.01642	0.01010	0.04977	0.08307	0.01588	0.56130	0.01876	0.01706	0.01208	0.00647	0.00553	0.00171	0.00554	0.00533	0.00586	0.00911

[dist]
# distance from previous block
# <min> <max>
0	17

[block]
# block no. 6 follows, 43 sequences, length 31
# corresponding to MSA columns:
# 682-712
name=unknown_G
#
# <colnr> <probs for GDERKNQSTAVLIFYWHMCP>
#	G	D	E	R	K	N	Q	S	T	A	V	L	I	F	Y	W	H	M	C	P
0	0.00715	0.00557	0.00649	0.00639	0.00788	0.00491	0.00474	0.00906	0.01385	0.01818	0.37621	0.10681	0.38680	0.01306	0.00658	0.00184	0.00275	0.01125	0.00557	0.00491
1	0.07510	0.02504	0.01522	0.01376	0.01670	0.70990	0.01039	0.04303	0.01558	0.01492	0.00864	0.01002	0.00713	0.00570	0.00491	0.00145	0.00950	0.00357	0.00297	0.00648
2	0.01327	0.01271	0.02169	0.13554	0.67267	0.01304	0.01678	0.01662	0.01240	0.01757	0.01034	0.01385	0.00859	0.00502	0.00549	0.00167	0.00669	0.00493	0.00270	0.00842
3	0.01307	0.01494	0.03268	0.02334	0.02894	0.01401	0.75070	0.01774	0.01307	0.01774	0.01120	0.01494	0.00840	0.00467	0.00654	0.00187	0.00934	0.00654	0.00280	0.00747
4	0.00673	0.00488	0.00636	0.00755	0.00799	0.00451	0.00507	0.00773	0.01076	0.01420	0.03254	0.74284	0.09424	0.01709	0.00703	0.00222	0.00318	0.01543	0.00514	0.00451
5	0.02057	0.02079	0.01607	0.03998	0.06727	0.50179	0.03157	0.04103	0.01556	0.17600	0.01174	0.01249	0.00874	0.00589	0.00522	0.00153	0.00844	0.00425	0.00375	0.00731
6	0.01481	0.80869	0.02902	0.00948	0.01421	0.02191	0.00948	0.01658	0.01125	0.01303	0.00770	0.00888	0.00711	0.00474	0.00355	0.00118	0.00592	0.00296	0.00237	0.00711
7	0.01371	0.01316	0.02248	0.03399	0.77081	0.01316	0.01700	0.01700	0.01261	0.01809	0.01042	0.01371	0.00877	0.00493	0.00548	0.00164	0.00658	0.00493	0.00274	0.00877
8	0.01111	0.02865	0.77667	0.01579	0.02397	0.01286	0.02046	0.01754	0.01169	0.01754	0.00994	0.01169	0.00702	0.00526	0.00526	0.00175	0.00818	0.00409	0.00234	0.00818
9	0.01046	0.00984	0.01661	0.79205	0.03814	0.01230	0.01538	0.01415	0.01107	0.01415	0.00984	0.01477	0.00738	0.00554	0.00554	0.00185	0.00738	0.00492	0.00246	0.00615
10	0.00784	0.00566	0.00740	0.00697	0.00827	0.00523	0.00523	0.01045	0.01568	0.02221	0.76789	0.04137	0.05226	0.01132	0.00653	0.00174	0.00261	0.01002	0.00610	0.00523
11	0.07590	0.00918	0.01208	0.06692	0.01497	0.00858	0.00817	0.02366	0.03356	0.56846	0.02074	0.01916	0.03598	0.00763	0.02267	0.00187	0.00492	0.00554	0.05155	0.00846
12	0.02485	0.00943	0.01285	0.00985	0.01414	0.00814	0.00814	0.02699	0.01585	0.77465	0.02185	0.01885	0.01371	0.00685	0.00557	0.00171	0.00471	0.00557	0.00685	0.00943
13	0.02485	0.00943	0.01285	0.00985	0.01414	0.00814	0.00814	0.02699	0.01585	0.77465	0.02185	0.01885	0.01371	0.00685	0.00557	0.00171	0.00471	0.00557	0.00685	0.00943
14	0.00697	0.00498	0.00668	0.00797	0.00839	0.00469	0.00553	0.00810	0.01082	0.01439	0.03040	0.72572	0.03614	0.01714	0.00713	0.00228	0.00341	0.08957	0.00514	0.00456
15	0.01111	0.02865	0.77667	0.01579	0.02397	0.01286	0.02046	0.01754	0.01169	0.01754	0.00994	0.01169	0.00702	0.00526	0.00526	0.00175	0.00818	0.00409	0.00234	0.00818
16	0.02069	0.02640	0.01569	0.01427	0.01712	0.78313	0.01070	0.02212	0.01569	0.01355	0.00856	0.00999	0.00713	0.00571	0.00499	0.00143	0.00999	0.00357	0.00285	0.00642
17	0.01748	0.01267	0.09537	0.01192	0.05971	0.01031	0.00987	0.13141	0.06017	0.27743	0.03889	0.03168	0.01260	0.00628	0.00525	0.00152	0.00515	0.00513	0.00497	0.20220
18	0.01315	0.01294	0.01689	0.01439	0.01485	0.04658	0.01194	0.07183	0.01014	0.01504	0.00779	0.01213	0.00743	0.00930	0.01667	0.00232	0.70278	0.00481	0.00269	0.00634
19	0.00675	0.00482	0.00643	0.00771	0.00803	0.00450	0.00514	0.00771	0.01060	0.01414	0.03053	0.80175	0.03663	0.01735	0.00707	0.00225	0.00321	0.01574	0.00514	0.00450
20	0.00761	0.00534	0.00732	0.05950	0.01021	0.00516	0.00590	0.00885	0.01101	0.03898	0.05283	0.68354	0.05092	0.01597	0.00689	0.00218	0.00351	0.01443	0.00505	0.00479
21	0.19131	0.06010	0.03811	0.06778	0.16365	0.14911	0.06309	0.01885	0.11164	0.01855	0.01152	0.03793	0.00956	0.00602	0.00538	0.00170	0.03045	0.00478	0.00331	0.00717
22	0.00792	0.00590	0.00740	0.00698	0.00842	0.00549	0.00525	0.01090	0.04412	0.02143	0.65936	0.04191	0.13113	0.01148	0.00650	0.00176	0.00270	0.01006	0.00597	0.00530
23	0.00774	0.00566	0.00726	0.00686	0.00821	0.00518	0.00515	0.01025	0.01544	0.02164	0.71187	0.04231	0.10864	0.01154	0.00653	0.00175	0.00263	0.01015	0.00602	0.00518
24	0.01852	0.13073	0.12761	0.01385	0.01773	0.57043	0.01195	0.02072	0.01452	0.01406	0.00865	0.01009	0.00711	0.00551	0.00484	0.00144	0.00919	0.00356	0.00271	0.00677
25	0.01343	0.06542	0.02264	0.10836	0.62357	0.01368	0.03959	0.01671	0.01238	0.01735	0.01021	0.01353	0.00851	0.00497	0.00539	0.00164	0.00670	0.00485	0.00269	0.00836
26	0.01082	0.00565	0.00570	0.00552	0.00695	0.00572	0.00418	0.04743	0.01229	0.02131	0.01784	0.02030	0.01397	0.00646	0.00395	0.00131	0.00274	0.00515	0.79733	0.00536
27	0.00682	0.00575	0.00630	0.04256	0.00900	0.00505	0.00486	0.00838	0.01260	0.01532	0.09675	0.10492	0.63512	0.01370	0.00654	0.00189	0.00304	0.01156	0.00508	0.00477
28	0.07867	0.04012	0.06161	0.05860	0.03849	0.00979	0.00923	0.06915	0.01498	0.41352	0.08914	0.04163	0.03601	0.00730	0.00547	0.00172	0.00497	0.00596	0.00551	0.00813
29	0.18662	0.15255	0.09607	0.01200	0.01588	0.30642	0.04207	0.01899	0.03371	0.03524	0.00963	0.01173	0.00798	0.04275	0.00564	0.00170	0.00742	0.00387	0.00303	0.00668
30	0.17524	0.01238	0.01247	0.01078	0.01407	0.04908	0.02320	0.14677	0.35514	0.05203	0.03335	0.06254	0.01469	0.00740	0.00528	0.00180	0.00492	0.00590	0.00503	0.00791

[dist]
# distance from previous block
# <min> <max>
0	202

# created by:
# /home/berkeley/.conda/envs/busco_data_prod/bin/msa2prfl.pl pipeline/OGs_align_augustus/33634/163362.fs
