[name]
unknown

[dist]
# distance from previous block
# <min> <max>
3	530

[block]
# block no. 0 follows, 35 sequences, length 27
# corresponding to MSA columns:
# 722-748
name=unknown_A
#
# <colnr> <probs for GDERKNQSTAVLIFYWHMCP>
#	G	D	E	R	K	N	Q	S	T	A	V	L	I	F	Y	W	H	M	C	P
0	0.02184	0.07027	0.01904	0.01398	0.01876	0.01923	0.01155	0.52253	0.17654	0.03537	0.01703	0.01667	0.01243	0.00767	0.00621	0.00192	0.00655	0.00586	0.00612	0.01044
1	0.04505	0.31902	0.38651	0.01453	0.02174	0.01879	0.01694	0.02066	0.06766	0.01891	0.01140	0.01282	0.00890	0.00599	0.00523	0.00177	0.00787	0.00433	0.00303	0.00886
2	0.02042	0.32032	0.08016	0.01339	0.01893	0.02144	0.01245	0.38760	0.02188	0.02856	0.01240	0.01309	0.00953	0.00663	0.00542	0.00170	0.00709	0.00472	0.00463	0.00963
3	0.01378	0.21846	0.56774	0.01629	0.02468	0.01731	0.02032	0.01982	0.01327	0.01881	0.01075	0.01260	0.00806	0.00588	0.00554	0.00185	0.00873	0.00437	0.00269	0.00907
4	0.01549	0.34007	0.32682	0.01425	0.02091	0.01931	0.01603	0.08720	0.01452	0.01944	0.01095	0.01339	0.00897	0.03734	0.00675	0.00192	0.03039	0.00446	0.00310	0.00871
5	0.01272	0.03281	0.74418	0.01808	0.02746	0.01473	0.02344	0.02009	0.01339	0.02009	0.01138	0.01339	0.00804	0.00603	0.00603	0.00201	0.00938	0.00469	0.00268	0.00938
6	0.53066	0.11255	0.18600	0.01096	0.01636	0.01570	0.01128	0.01903	0.01167	0.02480	0.00943	0.01102	0.00730	0.00586	0.00444	0.00190	0.00620	0.00373	0.00348	0.00762
7	0.04582	0.06353	0.40088	0.01823	0.07314	0.01479	0.08643	0.05339	0.04131	0.08938	0.01333	0.01512	0.00969	0.00689	0.00683	0.03495	0.00827	0.00525	0.00362	0.00914
8	0.08584	0.17330	0.17896	0.01460	0.04647	0.04521	0.01372	0.18973	0.07774	0.09516	0.01409	0.01461	0.01040	0.00668	0.00560	0.00184	0.00716	0.00496	0.00453	0.00940
9	0.37679	0.01581	0.01470	0.01190	0.01640	0.04482	0.00977	0.38186	0.02097	0.03397	0.01220	0.01291	0.00896	0.00681	0.00525	0.00192	0.00623	0.00464	0.00516	0.00893
10	0.00906	0.00680	0.01020	0.01020	0.01133	0.00793	0.00793	0.01133	0.01020	0.01473	0.01699	0.02492	0.01586	0.04758	0.75191	0.01020	0.01699	0.00680	0.00340	0.00566
11	0.01542	0.01478	0.02524	0.09428	0.68437	0.01500	0.01933	0.01922	0.01431	0.02038	0.01188	0.01579	0.00993	0.00571	0.00629	0.00190	0.00761	0.00565	0.00312	0.00982
12	0.01344	0.01102	0.01293	0.00997	0.01457	0.00949	0.00791	0.01828	0.11058	0.04399	0.11052	0.01945	0.01768	0.00663	0.00586	0.00133	0.02808	0.00539	0.00465	0.54823
13	0.82186	0.01227	0.00932	0.00834	0.01227	0.01423	0.00687	0.01865	0.01080	0.02846	0.00883	0.01031	0.00687	0.00589	0.00393	0.00196	0.00491	0.00344	0.00393	0.00687
14	0.82186	0.01227	0.00932	0.00834	0.01227	0.01423	0.00687	0.01865	0.01080	0.02846	0.00883	0.01031	0.00687	0.00589	0.00393	0.00196	0.00491	0.00344	0.00393	0.00687
15	0.00906	0.00680	0.01020	0.01020	0.01133	0.00793	0.00793	0.01133	0.01020	0.01473	0.01699	0.02492	0.01586	0.04758	0.75191	0.01020	0.01699	0.00680	0.00340	0.00566
16	0.01484	0.01548	0.01929	0.01662	0.01694	0.09110	0.01372	0.01625	0.01052	0.01529	0.00847	0.01364	0.00831	0.01066	0.01934	0.00266	0.69164	0.00541	0.00282	0.00698
17	0.01335	0.01099	0.01614	0.41072	0.03014	0.01138	0.01296	0.01682	0.01320	0.06777	0.01325	0.04884	0.01075	0.00645	0.00584	0.00171	0.00671	0.00556	0.00363	0.29379
18	0.00898	0.00648	0.00848	0.00798	0.00948	0.00599	0.00599	0.01197	0.01796	0.02544	0.73413	0.04739	0.05986	0.01297	0.00748	0.00200	0.00299	0.01147	0.00698	0.00599
19	0.01522	0.01681	0.06986	0.11162	0.27784	0.04744	0.25915	0.04105	0.03424	0.02042	0.01324	0.03964	0.01078	0.00627	0.00673	0.00202	0.00881	0.00659	0.00338	0.00891
20	0.00900	0.00708	0.00839	0.00773	0.00995	0.00607	0.00581	0.01138	0.01573	0.02141	0.36408	0.09699	0.27284	0.01329	0.00714	0.00193	0.00335	0.01146	0.00609	0.12027
21	0.74378	0.01281	0.01027	0.00895	0.01299	0.01476	0.00738	0.08694	0.01266	0.02959	0.00946	0.01079	0.00725	0.00606	0.00416	0.00196	0.00511	0.00366	0.00416	0.00725
22	0.01522	0.44171	0.30133	0.01477	0.02176	0.02052	0.06848	0.01951	0.01324	0.01728	0.01009	0.01191	0.00821	0.00565	0.00506	0.00166	0.00805	0.00419	0.00274	0.00864
23	0.00881	0.00650	0.00824	0.00787	0.00946	0.00594	0.00595	0.01160	0.01736	0.02407	0.61808	0.05006	0.15463	0.01355	0.00752	0.00204	0.00311	0.03252	0.00679	0.00589
24	0.00898	0.00649	0.00897	0.00912	0.00985	0.00715	0.00655	0.01048	0.01011	0.01417	0.01962	0.10292	0.02049	0.25512	0.47169	0.00828	0.01256	0.00860	0.00377	0.00509
25	0.02226	0.02538	0.01716	0.01667	0.07214	0.57212	0.01183	0.02424	0.01727	0.06674	0.01208	0.01365	0.00962	0.00664	0.00568	0.00166	0.00990	0.00454	0.08276	0.00765
26	0.09740	0.21492	0.05500	0.03460	0.09374	0.10111	0.14522	0.11744	0.01639	0.05066	0.01170	0.01364	0.00917	0.00605	0.00565	0.00179	0.00805	0.00502	0.00374	0.00870

[dist]
# distance from previous block
# <min> <max>
0	1

[block]
# block no. 1 follows, 35 sequences, length 24
# corresponding to MSA columns:
# 750-773
name=unknown_B
#
# <colnr> <probs for GDERKNQSTAVLIFYWHMCP>
#	G	D	E	R	K	N	Q	S	T	A	V	L	I	F	Y	W	H	M	C	P
0	0.01260	0.01228	0.01897	0.72229	0.04242	0.05318	0.01733	0.01669	0.01297	0.01617	0.01120	0.01662	0.00844	0.00635	0.00631	0.00209	0.00861	0.00556	0.00284	0.00706
1	0.00916	0.00642	0.00827	0.00827	0.00874	0.00689	0.00553	0.01010	0.00963	0.01330	0.01875	0.03465	0.02008	0.47537	0.32990	0.00782	0.01063	0.00822	0.00366	0.00460
2	0.01164	0.01536	0.19309	0.04695	0.06213	0.01111	0.04680	0.01821	0.14089	0.02142	0.16732	0.12026	0.09735	0.01053	0.00690	0.00212	0.00592	0.00923	0.00499	0.00779
3	0.00883	0.00648	0.00828	0.00783	0.00939	0.00592	0.00587	0.01169	0.01761	0.02462	0.66777	0.04874	0.12673	0.01328	0.00748	0.00201	0.00301	0.01166	0.00688	0.00592
4	0.00878	0.00794	0.04763	0.00947	0.01113	0.00658	0.02512	0.01144	0.03721	0.01917	0.19496	0.39475	0.14484	0.01620	0.00772	0.00234	0.00406	0.03890	0.00591	0.00587
5	0.03642	0.07048	0.33070	0.02533	0.28887	0.01531	0.06637	0.02031	0.01403	0.05612	0.01213	0.01462	0.00924	0.00589	0.00606	0.00193	0.00831	0.00520	0.00318	0.00950
6	0.01570	0.01507	0.02575	0.03894	0.73748	0.01507	0.01947	0.01947	0.01444	0.02073	0.01193	0.01570	0.01005	0.00565	0.00628	0.00188	0.00754	0.00565	0.00314	0.01005
7	0.00773	0.00552	0.00736	0.00883	0.00920	0.00515	0.00589	0.00883	0.01215	0.01619	0.03497	0.77291	0.04196	0.01987	0.00810	0.00258	0.00368	0.01803	0.00589	0.00515
8	0.82186	0.01227	0.00932	0.00834	0.01227	0.01423	0.00687	0.01865	0.01080	0.02846	0.00883	0.01031	0.00687	0.00589	0.00393	0.00196	0.00491	0.00344	0.00393	0.00687
9	0.01102	0.00551	0.00826	0.00826	0.00826	0.00551	0.00551	0.00826	0.00826	0.01102	0.01102	0.01928	0.01102	0.02204	0.02479	0.81543	0.00551	0.00551	0.00275	0.00275
10	0.82186	0.01227	0.00932	0.00834	0.01227	0.01423	0.00687	0.01865	0.01080	0.02846	0.00883	0.01031	0.00687	0.00589	0.00393	0.00196	0.00491	0.00344	0.00393	0.00687
11	0.01388	0.01388	0.01943	0.01666	0.01666	0.01943	0.01388	0.01527	0.00972	0.01527	0.00833	0.01388	0.00833	0.01110	0.02082	0.00278	0.76544	0.00555	0.00278	0.00694
12	0.00923	0.00615	0.00692	0.00692	0.00692	0.00615	0.00384	0.00923	0.00923	0.01230	0.01999	0.04151	0.02306	0.77705	0.03229	0.00615	0.00615	0.00923	0.00384	0.00384
13	0.02412	0.01777	0.01904	0.01460	0.01967	0.01967	0.01206	0.71633	0.02983	0.03998	0.01523	0.01523	0.01079	0.00762	0.00635	0.00190	0.00698	0.00571	0.00635	0.01079
14	0.01578	0.01363	0.01434	0.01291	0.01650	0.01578	0.01004	0.03371	0.72602	0.02654	0.02582	0.02367	0.01937	0.00861	0.00646	0.00215	0.00502	0.00717	0.00646	0.01004
15	0.00898	0.00648	0.00848	0.00798	0.00948	0.00599	0.00599	0.01197	0.01796	0.02544	0.73413	0.04739	0.05986	0.01297	0.00748	0.00200	0.00299	0.01147	0.00698	0.00599
16	0.01102	0.00551	0.00826	0.00826	0.00826	0.00551	0.00551	0.00826	0.00826	0.01102	0.01102	0.01928	0.01102	0.02204	0.02479	0.81543	0.00551	0.00551	0.00275	0.00275
17	0.01212	0.01063	0.01719	0.18674	0.27700	0.01119	0.01439	0.01532	0.01369	0.01850	0.02119	0.16264	0.02185	0.01124	0.00723	0.00231	0.00664	0.17842	0.00422	0.00748
18	0.01328	0.00667	0.00765	0.00709	0.00901	0.00637	0.00543	0.01618	0.01503	0.11614	0.19017	0.02901	0.02651	0.00877	0.00541	0.00166	0.00328	0.00729	0.51849	0.00656
19	0.01211	0.01013	0.01583	0.27620	0.15558	0.01127	0.01291	0.01484	0.01283	0.04852	0.03750	0.18979	0.03986	0.07592	0.00991	0.00255	0.05409	0.00911	0.00406	0.00698
20	0.01763	0.73618	0.03217	0.01088	0.01628	0.02419	0.01077	0.01969	0.01320	0.05711	0.00976	0.01084	0.00858	0.00557	0.00420	0.00139	0.00670	0.00357	0.00301	0.00830
21	0.01457	0.05968	0.01767	0.36651	0.09287	0.01260	0.01390	0.01823	0.03254	0.12675	0.01824	0.11397	0.01620	0.00902	0.00660	0.00214	0.00693	0.05957	0.00430	0.00771
22	0.01430	0.02066	0.27257	0.10778	0.11124	0.01486	0.19596	0.01996	0.03630	0.05129	0.03532	0.01679	0.01106	0.00655	0.00749	0.00209	0.05757	0.00604	0.00337	0.00880
23	0.01624	0.09003	0.01572	0.05945	0.01702	0.01428	0.00986	0.08030	0.33944	0.10127	0.10711	0.05585	0.04790	0.00922	0.00641	0.00203	0.00526	0.00766	0.00600	0.00895

[dist]
# distance from previous block
# <min> <max>
0	58

[block]
# block no. 2 follows, 35 sequences, length 35
# corresponding to MSA columns:
# 832-866
name=unknown_C
#
# <colnr> <probs for GDERKNQSTAVLIFYWHMCP>
#	G	D	E	R	K	N	Q	S	T	A	V	L	I	F	Y	W	H	M	C	P
0	0.35466	0.03801	0.08814	0.03329	0.01768	0.09677	0.04008	0.10655	0.03653	0.02546	0.01177	0.03627	0.00951	0.00659	0.00513	0.00186	0.00669	0.00475	0.00406	0.07623
1	0.05739	0.11069	0.11739	0.14571	0.06487	0.10812	0.09321	0.01949	0.01386	0.06303	0.01363	0.01748	0.03035	0.00727	0.00761	0.00202	0.08953	0.02690	0.00345	0.00799
2	0.01060	0.07268	0.02775	0.01001	0.01190	0.00975	0.02380	0.01407	0.08298	0.01714	0.07926	0.07408	0.09728	0.18292	0.18075	0.00483	0.02544	0.06413	0.00456	0.00607
3	0.01000	0.00670	0.00892	0.00843	0.00993	0.00642	0.00630	0.01261	0.01613	0.06106	0.52653	0.06738	0.04839	0.06595	0.11355	0.00343	0.00531	0.01063	0.00629	0.00603
4	0.02846	0.01080	0.01472	0.01129	0.01619	0.00932	0.00932	0.03092	0.01816	0.74187	0.02503	0.02159	0.01570	0.00785	0.00638	0.00196	0.00540	0.00638	0.00785	0.01080
5	0.00892	0.00646	0.00867	0.01002	0.01106	0.00621	0.00790	0.01094	0.01353	0.01763	0.03672	0.37413	0.09656	0.01842	0.00837	0.00271	0.00469	0.34570	0.00587	0.00550
6	0.01570	0.01507	0.02575	0.03894	0.73748	0.01507	0.01947	0.01947	0.01444	0.02073	0.01193	0.01570	0.01005	0.00565	0.00628	0.00188	0.00754	0.00565	0.00314	0.01005
7	0.00898	0.00648	0.00848	0.00798	0.00948	0.00599	0.00599	0.01197	0.01796	0.02544	0.73413	0.04739	0.05986	0.01297	0.00748	0.00200	0.00299	0.01147	0.00698	0.00599
8	0.01497	0.01711	0.03743	0.02674	0.03316	0.01604	0.71444	0.02032	0.01497	0.02032	0.01283	0.01711	0.00963	0.00535	0.00749	0.00214	0.01070	0.00749	0.00321	0.00856
9	0.01570	0.01507	0.02575	0.03894	0.73748	0.01507	0.01947	0.01947	0.01444	0.02073	0.01193	0.01570	0.01005	0.00565	0.00628	0.00188	0.00754	0.00565	0.00314	0.01005
10	0.02412	0.01777	0.01904	0.01460	0.01967	0.01967	0.01206	0.71633	0.02983	0.03998	0.01523	0.01523	0.01079	0.00762	0.00635	0.00190	0.00698	0.00571	0.00635	0.01079
11	0.02846	0.01080	0.01472	0.01129	0.01619	0.00932	0.00932	0.03092	0.01816	0.74187	0.02503	0.02159	0.01570	0.00785	0.00638	0.00196	0.00540	0.00638	0.00785	0.01080
12	0.01546	0.14905	0.11146	0.30224	0.06614	0.01726	0.09199	0.13404	0.01599	0.02107	0.01172	0.01500	0.00894	0.00622	0.00603	0.00193	0.00823	0.00535	0.00343	0.00845
13	0.01448	0.01425	0.02030	0.01704	0.01763	0.01928	0.04841	0.05297	0.01105	0.01684	0.00892	0.01411	0.00852	0.01063	0.01939	0.00270	0.68762	0.00566	0.00299	0.00723
14	0.00906	0.00680	0.01020	0.01020	0.01133	0.00793	0.00793	0.01133	0.01020	0.01473	0.01699	0.02492	0.01586	0.04758	0.75191	0.01020	0.01699	0.00680	0.00340	0.00566
15	0.01391	0.01195	0.01453	0.13808	0.02036	0.01394	0.01154	0.02565	0.42542	0.02270	0.02412	0.03188	0.02051	0.01018	0.00762	0.00233	0.04335	0.14787	0.00554	0.00853
16	0.01334	0.14138	0.64100	0.01703	0.02584	0.01624	0.02161	0.01993	0.01332	0.01934	0.01101	0.01293	0.00805	0.00594	0.00574	0.00191	0.00900	0.00450	0.00268	0.00920
17	0.02846	0.01080	0.01472	0.01129	0.01619	0.00932	0.00932	0.03092	0.01816	0.74187	0.02503	0.02159	0.01570	0.00785	0.00638	0.00196	0.00540	0.00638	0.00785	0.01080
18	0.02846	0.01080	0.01472	0.01129	0.01619	0.00932	0.00932	0.03092	0.01816	0.74187	0.02503	0.02159	0.01570	0.00785	0.00638	0.00196	0.00540	0.00638	0.00785	0.01080
19	0.01290	0.01175	0.05170	0.27356	0.17632	0.01175	0.03008	0.01649	0.01365	0.05954	0.01997	0.06506	0.05304	0.01189	0.05647	0.00274	0.00784	0.11370	0.00399	0.00758
20	0.01696	0.78087	0.03324	0.01085	0.01628	0.02510	0.01085	0.01900	0.01289	0.01493	0.00882	0.01018	0.00814	0.00543	0.00407	0.00136	0.00678	0.00339	0.00271	0.00814
21	0.01272	0.03281	0.74418	0.01808	0.02746	0.01473	0.02344	0.02009	0.01339	0.02009	0.01138	0.01339	0.00804	0.00603	0.00603	0.00201	0.00938	0.00469	0.00268	0.00938
22	0.00815	0.00645	0.00733	0.00711	0.00897	0.00563	0.00533	0.01036	0.01599	0.02077	0.35755	0.05507	0.43935	0.01471	0.00749	0.00208	0.00312	0.01255	0.00637	0.00563
23	0.01521	0.14381	0.51917	0.01736	0.06248	0.01576	0.01979	0.02105	0.01388	0.09652	0.01248	0.01390	0.00898	0.00611	0.00578	0.00190	0.00846	0.00472	0.00326	0.00937
24	0.00772	0.00557	0.00731	0.00869	0.00916	0.00516	0.00583	0.00885	0.01228	0.01625	0.03665	0.73198	0.08181	0.01966	0.00806	0.00255	0.00365	0.01777	0.00589	0.00516
25	0.00773	0.00552	0.00736	0.00883	0.00920	0.00515	0.00589	0.00883	0.01215	0.01619	0.03497	0.77291	0.04196	0.01987	0.00810	0.00258	0.00368	0.01803	0.00589	0.00515
26	0.01532	0.21055	0.33710	0.01870	0.08018	0.05553	0.10818	0.04284	0.03892	0.01954	0.01153	0.01358	0.00891	0.00593	0.00577	0.00184	0.00865	0.00490	0.00307	0.00899
27	0.01377	0.00773	0.00828	0.00766	0.00969	0.00800	0.00583	0.05358	0.09232	0.07169	0.02112	0.02415	0.01666	0.05296	0.02752	0.00212	0.00413	0.00629	0.55969	0.00682
28	0.01209	0.00911	0.01044	0.00941	0.01191	0.00925	0.00726	0.07364	0.17508	0.05007	0.36055	0.04138	0.18055	0.01201	0.00713	0.00205	0.00389	0.01026	0.00663	0.00731
29	0.06323	0.01337	0.01290	0.05333	0.01548	0.17005	0.00911	0.01938	0.01645	0.16900	0.26748	0.04838	0.02909	0.01165	0.04535	0.00238	0.03264	0.00777	0.00559	0.00737
30	0.01643	0.10002	0.15801	0.09882	0.19109	0.03244	0.10623	0.09036	0.01550	0.06151	0.01233	0.01506	0.00949	0.00644	0.00713	0.00197	0.05906	0.00547	0.00355	0.00907
31	0.02302	0.01718	0.13104	0.01618	0.07979	0.09126	0.05328	0.02720	0.05189	0.41380	0.01950	0.01857	0.01305	0.00713	0.00631	0.00195	0.00713	0.00591	0.00582	0.00998
32	0.07636	0.01225	0.05254	0.15131	0.02152	0.01114	0.01140	0.04431	0.03398	0.46579	0.02154	0.02053	0.03340	0.00759	0.00622	0.00200	0.00611	0.00616	0.00626	0.00959
33	0.01489	0.05774	0.02378	0.19386	0.25201	0.01479	0.13485	0.05107	0.04839	0.03785	0.05073	0.01988	0.01357	0.00679	0.00649	0.00198	0.00768	0.02996	0.00378	0.02992
34	0.06181	0.05671	0.11166	0.09927	0.19355	0.01478	0.07369	0.03793	0.11735	0.07123	0.01595	0.06693	0.01314	0.00749	0.00670	0.00204	0.03022	0.00653	0.00413	0.00889

[dist]
# distance from previous block
# <min> <max>
1	24

[block]
# block no. 3 follows, 35 sequences, length 21
# corresponding to MSA columns:
# 891-911
name=unknown_D
#
# <colnr> <probs for GDERKNQSTAVLIFYWHMCP>
#	G	D	E	R	K	N	Q	S	T	A	V	L	I	F	Y	W	H	M	C	P
0	0.21379	0.18055	0.09167	0.01321	0.01778	0.01505	0.13337	0.03718	0.01345	0.02117	0.04513	0.12475	0.05147	0.00854	0.00577	0.00196	0.00649	0.00723	0.00398	0.00745
1	0.01465	0.12529	0.16694	0.01480	0.06774	0.01370	0.04141	0.01810	0.01378	0.09620	0.08686	0.02095	0.04601	0.03750	0.03186	0.00228	0.09029	0.00613	0.00406	0.10143
2	0.02063	0.18175	0.13401	0.01319	0.01867	0.01664	0.01258	0.22242	0.04032	0.20174	0.01609	0.01630	0.01158	0.00959	0.05446	0.00237	0.00752	0.00533	0.00517	0.00964
3	0.01135	0.00937	0.01216	0.14272	0.06426	0.00903	0.00910	0.05127	0.01489	0.02045	0.10154	0.06208	0.22416	0.01010	0.00638	0.00182	0.00490	0.00858	0.06474	0.17111
4	0.01316	0.01231	0.01980	0.27558	0.23759	0.01383	0.03623	0.01636	0.01251	0.01747	0.01208	0.01831	0.01056	0.07538	0.03813	0.00270	0.11168	0.00590	0.00310	0.06730
5	0.01041	0.00771	0.00917	0.00844	0.01042	0.00751	0.00643	0.05928	0.07054	0.02517	0.49911	0.04423	0.14909	0.01244	0.00717	0.00199	0.00343	0.01076	0.05018	0.00651
6	0.01238	0.00725	0.00949	0.00849	0.01063	0.00655	0.00652	0.01520	0.01781	0.15275	0.57335	0.04349	0.08660	0.01222	0.00729	0.00200	0.00343	0.01066	0.00708	0.00681
7	0.01410	0.01388	0.04935	0.33065	0.15535	0.01472	0.08789	0.04274	0.15715	0.02065	0.01493	0.01812	0.01137	0.00664	0.00639	0.00205	0.00764	0.00611	0.03176	0.00850
8	0.00785	0.00561	0.00750	0.00898	0.00940	0.00526	0.00611	0.00905	0.01227	0.01633	0.03490	0.73774	0.04168	0.01976	0.00813	0.00259	0.00379	0.05197	0.00589	0.00519
9	0.00930	0.00754	0.00966	0.00931	0.01062	0.00790	0.00723	0.01149	0.01477	0.02009	0.31279	0.12219	0.21628	0.01555	0.03173	0.00252	0.11705	0.06235	0.00578	0.00586
10	0.01846	0.61588	0.07513	0.01138	0.01697	0.02203	0.01141	0.02089	0.01373	0.12658	0.01146	0.01213	0.00929	0.00584	0.00455	0.00149	0.00674	0.00393	0.00350	0.00863
11	0.02161	0.01625	0.01792	0.01413	0.01826	0.01846	0.01163	0.55091	0.05454	0.03521	0.01523	0.01604	0.01124	0.00806	0.00797	0.00199	0.09910	0.00577	0.06575	0.00993
12	0.00923	0.00615	0.00692	0.00692	0.00692	0.00615	0.00384	0.00923	0.00923	0.01230	0.01999	0.04151	0.02306	0.77705	0.03229	0.00615	0.00615	0.00923	0.00384	0.00384
13	0.01277	0.10933	0.39653	0.01522	0.04208	0.01405	0.03921	0.01838	0.06201	0.01817	0.01416	0.02046	0.01244	0.18516	0.01199	0.00291	0.00802	0.00589	0.00325	0.00799
14	0.01324	0.01299	0.01764	0.01526	0.01570	0.01759	0.01261	0.01554	0.04890	0.01609	0.01581	0.01993	0.09391	0.01155	0.01849	0.00267	0.63527	0.00656	0.00334	0.00692
15	0.01512	0.01504	0.05374	0.09578	0.16787	0.10518	0.01277	0.04229	0.16468	0.04304	0.17361	0.02510	0.04175	0.00846	0.00654	0.00197	0.00651	0.00722	0.00493	0.00840
16	0.82186	0.01227	0.00932	0.00834	0.01227	0.01423	0.00687	0.01865	0.01080	0.02846	0.00883	0.01031	0.00687	0.00589	0.00393	0.00196	0.00491	0.00344	0.00393	0.00687
17	0.01317	0.01139	0.01383	0.04886	0.03802	0.00894	0.00839	0.01609	0.01317	0.02044	0.01130	0.01342	0.00937	0.00481	0.00483	0.00103	0.00498	0.00391	0.00369	0.75037
18	0.02068	0.02521	0.01842	0.01644	0.01870	0.52683	0.01276	0.02224	0.01544	0.01545	0.00935	0.01219	0.00822	0.00794	0.01036	0.00198	0.24290	0.00454	0.00312	0.00723
19	0.82186	0.01227	0.00932	0.00834	0.01227	0.01423	0.00687	0.01865	0.01080	0.02846	0.00883	0.01031	0.00687	0.00589	0.00393	0.00196	0.00491	0.00344	0.00393	0.00687
20	0.01184	0.01006	0.01407	0.29476	0.05994	0.03180	0.01162	0.01633	0.07865	0.04142	0.20061	0.11686	0.06581	0.01035	0.00689	0.00211	0.00587	0.00911	0.00490	0.00701

[dist]
# distance from previous block
# <min> <max>
0	17

[block]
# block no. 4 follows, 35 sequences, length 74
# corresponding to MSA columns:
# 929-1002
name=unknown_E
#
# <colnr> <probs for GDERKNQSTAVLIFYWHMCP>
#	G	D	E	R	K	N	Q	S	T	A	V	L	I	F	Y	W	H	M	C	P
0	0.01402	0.04958	0.02007	0.01639	0.01664	0.01969	0.01374	0.01544	0.00986	0.01525	0.00835	0.01371	0.00832	0.01084	0.02004	0.00271	0.73013	0.00545	0.00277	0.00700
1	0.01001	0.00737	0.00968	0.01007	0.01170	0.00728	0.00828	0.01397	0.06522	0.02223	0.33365	0.05766	0.06096	0.01493	0.00803	0.00245	0.00451	0.33946	0.00637	0.00618
2	0.01227	0.00634	0.00639	0.00623	0.00783	0.00641	0.00471	0.04005	0.01390	0.02424	0.02050	0.02335	0.01606	0.00740	0.00450	0.00149	0.00310	0.00591	0.78324	0.00609
3	0.01014	0.00724	0.01013	0.01159	0.01301	0.00723	0.01008	0.01300	0.01452	0.01889	0.03363	0.09495	0.03669	0.01760	0.00874	0.00291	0.00577	0.67221	0.00584	0.00582
4	0.01016	0.00673	0.00876	0.00816	0.00987	0.00615	0.00615	0.01298	0.01761	0.07220	0.63169	0.07151	0.08773	0.01301	0.00743	0.00202	0.00319	0.01145	0.00695	0.00625
5	0.00944	0.00640	0.00717	0.00712	0.00724	0.00647	0.00405	0.01004	0.03313	0.01278	0.02018	0.04092	0.02294	0.75142	0.03143	0.00602	0.00611	0.00916	0.00393	0.00405
6	0.04399	0.02929	0.56257	0.01701	0.02513	0.04947	0.02035	0.11309	0.04049	0.02304	0.01223	0.01379	0.00876	0.00635	0.00599	0.00198	0.00884	0.00484	0.00337	0.00940
7	0.00978	0.00700	0.00968	0.01090	0.01224	0.00689	0.00921	0.01250	0.01473	0.01945	0.11888	0.14953	0.03998	0.01724	0.00853	0.00277	0.00525	0.53367	0.00599	0.00578
8	0.00821	0.00586	0.00791	0.00938	0.00996	0.00557	0.00672	0.00966	0.01262	0.01673	0.03470	0.63819	0.04091	0.01942	0.00822	0.00264	0.00410	0.14803	0.00588	0.00529
9	0.82186	0.01227	0.00932	0.00834	0.01227	0.01423	0.00687	0.01865	0.01080	0.02846	0.00883	0.01031	0.00687	0.00589	0.00393	0.00196	0.00491	0.00344	0.00393	0.00687
10	0.01502	0.49394	0.02354	0.00926	0.01342	0.01811	0.00867	0.01739	0.01320	0.01809	0.03832	0.01553	0.01239	0.00623	0.00433	0.00140	0.00545	0.00443	0.23653	0.04476
11	0.02370	0.03023	0.01798	0.01634	0.01961	0.75158	0.01226	0.02533	0.01798	0.01553	0.00981	0.01144	0.00817	0.00654	0.00572	0.00163	0.01144	0.00409	0.00327	0.00735
12	0.00773	0.00552	0.00736	0.00883	0.00920	0.00515	0.00589	0.00883	0.01215	0.01619	0.03497	0.77291	0.04196	0.01987	0.00810	0.00258	0.00368	0.01803	0.00589	0.00515
13	0.00773	0.00552	0.00736	0.00883	0.00920	0.00515	0.00589	0.00883	0.01215	0.01619	0.03497	0.77291	0.04196	0.01987	0.00810	0.00258	0.00368	0.01803	0.00589	0.00515
14	0.08380	0.01483	0.01593	0.06491	0.01916	0.01692	0.01103	0.27418	0.37102	0.03076	0.01967	0.01912	0.01455	0.00788	0.00620	0.00205	0.00595	0.00624	0.00596	0.00984
15	0.00819	0.00588	0.00778	0.00852	0.00930	0.00546	0.00592	0.01000	0.01430	0.01962	0.29408	0.50403	0.04859	0.01732	0.00787	0.00236	0.00343	0.01560	0.00629	0.00546
16	0.00750	0.00643	0.00643	0.00643	0.00857	0.00536	0.00482	0.00910	0.01446	0.01714	0.06427	0.06105	0.73490	0.01607	0.00750	0.00214	0.00321	0.01339	0.00589	0.00536
17	0.01553	0.01490	0.02544	0.07258	0.70519	0.01503	0.01938	0.01932	0.01436	0.02052	0.01190	0.01576	0.00997	0.00568	0.00628	0.00189	0.00758	0.00565	0.00313	0.00991
18	0.01676	0.01040	0.01610	0.17028	0.02148	0.01132	0.05765	0.01950	0.01348	0.24717	0.01732	0.02129	0.01340	0.05362	0.19897	0.00438	0.08796	0.00645	0.00464	0.00783
19	0.01080	0.00822	0.01094	0.01041	0.01173	0.00948	0.00792	0.06136	0.05879	0.01686	0.01758	0.02654	0.01665	0.16742	0.49202	0.00804	0.04822	0.00711	0.00385	0.00605
20	0.02068	0.14471	0.06901	0.06833	0.06095	0.47254	0.01354	0.04704	0.01673	0.01692	0.01016	0.01212	0.00837	0.00631	0.00558	0.00167	0.01000	0.00427	0.00321	0.00786
21	0.00906	0.00680	0.01020	0.01020	0.01133	0.00793	0.00793	0.01133	0.01020	0.01473	0.01699	0.02492	0.01586	0.04758	0.75191	0.01020	0.01699	0.00680	0.00340	0.00566
22	0.01289	0.01245	0.02149	0.55303	0.14945	0.01469	0.07030	0.01698	0.01297	0.01717	0.01133	0.01657	0.00879	0.00642	0.00721	0.00212	0.04986	0.00577	0.00290	0.00762
23	0.82186	0.01227	0.00932	0.00834	0.01227	0.01423	0.00687	0.01865	0.01080	0.02846	0.00883	0.01031	0.00687	0.00589	0.00393	0.00196	0.00491	0.00344	0.00393	0.00687
24	0.00804	0.00639	0.00722	0.00714	0.00893	0.00557	0.00530	0.01010	0.01555	0.02002	0.30022	0.10337	0.44925	0.01522	0.00753	0.00212	0.00317	0.01302	0.00628	0.00557
25	0.01391	0.01172	0.01356	0.00976	0.01535	0.00923	0.00783	0.06439	0.01431	0.02201	0.01155	0.01330	0.00949	0.00490	0.00481	0.00101	0.00486	0.00389	0.00394	0.76018
26	0.00864	0.00664	0.00816	0.00874	0.01031	0.00596	0.00666	0.01050	0.01370	0.01774	0.06554	0.31286	0.25677	0.01686	0.00780	0.00239	0.00407	0.16945	0.00577	0.06144
27	0.01349	0.01353	0.06667	0.09951	0.02167	0.01113	0.10894	0.01700	0.01327	0.03603	0.01225	0.03375	0.01014	0.00588	0.00638	0.00148	0.04831	0.00508	0.00359	0.47187
28	0.01023	0.00674	0.00857	0.00899	0.01023	0.00641	0.00636	0.01292	0.06302	0.07810	0.15179	0.48030	0.07863	0.03604	0.00832	0.00247	0.00384	0.01475	0.00622	0.00607
29	0.00928	0.00644	0.00846	0.00820	0.00961	0.00594	0.00606	0.01197	0.01706	0.04226	0.60719	0.15970	0.05595	0.01391	0.00755	0.00208	0.00316	0.01236	0.00684	0.00598
30	0.01489	0.01491	0.02737	0.15960	0.45184	0.01514	0.18399	0.01911	0.01427	0.01986	0.01203	0.01624	0.00968	0.00570	0.00658	0.00198	0.00844	0.00608	0.00310	0.00918
31	0.01564	0.01295	0.01814	0.27745	0.09766	0.03990	0.05212	0.13498	0.05134	0.07239	0.08306	0.03781	0.06276	0.00816	0.00660	0.00203	0.00704	0.00711	0.00464	0.00822
32	0.00838	0.00627	0.00785	0.00886	0.01000	0.00582	0.00668	0.01008	0.01335	0.01707	0.04225	0.36105	0.23306	0.04453	0.00895	0.00267	0.00422	0.19776	0.00581	0.00535
33	0.01647	0.01213	0.01335	0.01165	0.01515	0.01319	0.00915	0.09147	0.42354	0.11318	0.10706	0.02916	0.09730	0.00968	0.00666	0.00209	0.00483	0.00807	0.00661	0.00926
34	0.01397	0.01271	0.02166	0.38331	0.31601	0.01404	0.04023	0.01788	0.01351	0.04326	0.01238	0.01704	0.00979	0.00837	0.04755	0.00246	0.00853	0.00579	0.00317	0.00834
35	0.21688	0.26721	0.02776	0.06773	0.02311	0.01844	0.25773	0.01918	0.01309	0.02029	0.01040	0.01311	0.00837	0.00558	0.00539	0.00184	0.00781	0.00500	0.00320	0.00789
36	0.00920	0.00688	0.00879	0.00943	0.01108	0.00648	0.00781	0.01177	0.01529	0.01987	0.19330	0.06343	0.23530	0.01614	0.00814	0.00251	0.00450	0.35827	0.00610	0.00574
37	0.01094	0.00669	0.00796	0.00850	0.00985	0.00667	0.00642	0.01428	0.06254	0.04175	0.02815	0.28514	0.02853	0.01340	0.00659	0.00215	0.00390	0.12488	0.32558	0.00607
38	0.01316	0.02264	0.37295	0.07372	0.16955	0.01392	0.10392	0.01879	0.01408	0.02020	0.05314	0.02047	0.01350	0.00707	0.00655	0.00207	0.00850	0.05364	0.00330	0.00882
39	0.65137	0.01195	0.01048	0.00898	0.01311	0.01318	0.00740	0.02128	0.01238	0.18177	0.01231	0.01273	0.00877	0.00631	0.00445	0.00196	0.00501	0.00407	0.00477	0.00771
40	0.00812	0.00580	0.00781	0.00928	0.00982	0.00549	0.00656	0.00950	0.01253	0.01663	0.03475	0.66370	0.04111	0.01951	0.00820	0.00263	0.00402	0.12341	0.00588	0.00526
41	0.02260	0.34944	0.02312	0.01139	0.01626	0.01682	0.01025	0.02481	0.01538	0.38221	0.01698	0.01615	0.01197	0.00697	0.00616	0.00174	0.04800	0.00502	0.00531	0.00942
42	0.00922	0.00619	0.00710	0.00710	0.00716	0.00625	0.00407	0.00934	0.00928	0.01243	0.01982	0.04060	0.02267	0.73674	0.07205	0.00637	0.00675	0.00909	0.00382	0.00394
43	0.00780	0.00557	0.00744	0.00891	0.00931	0.00521	0.00601	0.00895	0.01221	0.01627	0.03493	0.75330	0.04181	0.01981	0.00812	0.00259	0.00374	0.03696	0.00589	0.00517
44	0.01388	0.01388	0.01943	0.01666	0.01666	0.01943	0.01388	0.01527	0.00972	0.01527	0.00833	0.01388	0.00833	0.01110	0.02082	0.00278	0.76544	0.00555	0.00278	0.00694
45	0.05931	0.14097	0.09895	0.32614	0.04548	0.01696	0.01518	0.14721	0.03596	0.03833	0.01222	0.01503	0.00921	0.00645	0.00581	0.00192	0.00763	0.00512	0.00372	0.00839
46	0.01421	0.01676	0.12637	0.12789	0.37301	0.01481	0.09940	0.01852	0.01399	0.01987	0.05110	0.01731	0.01211	0.00654	0.00746	0.00203	0.06043	0.00604	0.00322	0.00894
47	0.01183	0.00591	0.00591	0.00591	0.00739	0.00591	0.00443	0.01478	0.01330	0.02365	0.02069	0.02365	0.01626	0.00739	0.00443	0.00148	0.00296	0.00591	0.81227	0.00591
48	0.07160	0.01802	0.06866	0.12182	0.24028	0.11546	0.20632	0.01991	0.01436	0.01963	0.01143	0.01509	0.00907	0.00601	0.00688	0.00199	0.03610	0.00572	0.00315	0.00852
49	0.00750	0.00643	0.00643	0.00643	0.00857	0.00536	0.00482	0.00910	0.01446	0.01714	0.06427	0.06105	0.73490	0.01607	0.00750	0.00214	0.00321	0.01339	0.00589	0.00536
50	0.00750	0.00643	0.00643	0.00643	0.00857	0.00536	0.00482	0.00910	0.01446	0.01714	0.06427	0.06105	0.73490	0.01607	0.00750	0.00214	0.00321	0.01339	0.00589	0.00536
51	0.01388	0.01388	0.01943	0.01666	0.01666	0.01943	0.01388	0.01527	0.00972	0.01527	0.00833	0.01388	0.00833	0.01110	0.02082	0.00278	0.76544	0.00555	0.00278	0.00694
52	0.01578	0.01363	0.01434	0.01291	0.01650	0.01578	0.01004	0.03371	0.72602	0.02654	0.02582	0.02367	0.01937	0.00861	0.00646	0.00215	0.00502	0.00717	0.00646	0.01004
53	0.01696	0.78087	0.03324	0.01085	0.01628	0.02510	0.01085	0.01900	0.01289	0.01493	0.00882	0.01018	0.00814	0.00543	0.00407	0.00136	0.00678	0.00339	0.00271	0.00814
54	0.00782	0.00559	0.00744	0.00877	0.00922	0.00521	0.00590	0.00905	0.01255	0.01683	0.08330	0.72276	0.04320	0.01940	0.00805	0.00254	0.00363	0.01758	0.00596	0.00521
55	0.01570	0.01507	0.02575	0.03894	0.73748	0.01507	0.01947	0.01947	0.01444	0.02073	0.01193	0.01570	0.01005	0.00565	0.00628	0.00188	0.00754	0.00565	0.00314	0.01005
56	0.01315	0.01128	0.01315	0.00940	0.01503	0.00846	0.00752	0.01597	0.01315	0.02067	0.01128	0.01315	0.00940	0.00470	0.00470	0.00094	0.00470	0.00376	0.00376	0.81583
57	0.01272	0.03281	0.74418	0.01808	0.02746	0.01473	0.02344	0.02009	0.01339	0.02009	0.01138	0.01339	0.00804	0.00603	0.00603	0.00201	0.00938	0.00469	0.00268	0.00938
58	0.02370	0.03023	0.01798	0.01634	0.01961	0.75158	0.01226	0.02533	0.01798	0.01553	0.00981	0.01144	0.00817	0.00654	0.00572	0.00163	0.01144	0.00409	0.00327	0.00735
59	0.00870	0.00643	0.00812	0.00779	0.00933	0.00585	0.00581	0.01140	0.01717	0.02378	0.60210	0.08318	0.15928	0.01375	0.00751	0.00204	0.00306	0.01206	0.00677	0.00585
60	0.00773	0.00552	0.00736	0.00883	0.00920	0.00515	0.00589	0.00883	0.01215	0.01619	0.03497	0.77291	0.04196	0.01987	0.00810	0.00258	0.00368	0.01803	0.00589	0.00515
61	0.00776	0.00568	0.00730	0.00850	0.00914	0.00522	0.00576	0.00901	0.01270	0.01674	0.07085	0.65286	0.12699	0.01909	0.00800	0.00250	0.00359	0.01717	0.00594	0.00522
62	0.05638	0.06019	0.09933	0.01605	0.02123	0.06447	0.13018	0.26166	0.08352	0.06737	0.04686	0.01711	0.01297	0.00722	0.00665	0.00196	0.02657	0.00598	0.00495	0.00934
63	0.09615	0.04563	0.01601	0.04317	0.03272	0.01386	0.04281	0.04082	0.01211	0.08088	0.01569	0.11081	0.01555	0.13879	0.01542	0.00299	0.25813	0.00754	0.00405	0.00688
64	0.01450	0.01209	0.01636	0.19463	0.05714	0.01259	0.01185	0.08145	0.01434	0.05261	0.01318	0.05684	0.01126	0.00730	0.00786	0.00175	0.11317	0.00565	0.00390	0.31154
65	0.03414	0.06224	0.03728	0.00945	0.01166	0.03478	0.00763	0.01242	0.01396	0.01872	0.16427	0.20126	0.22877	0.01355	0.00822	0.00212	0.07275	0.01122	0.00521	0.05033
66	0.05793	0.01379	0.06981	0.05606	0.02168	0.01157	0.20008	0.03356	0.01391	0.02057	0.01501	0.02335	0.01342	0.04259	0.00744	0.00198	0.00713	0.09637	0.00383	0.28990
67	0.01297	0.06622	0.05528	0.09200	0.17311	0.01298	0.15757	0.01712	0.04666	0.01888	0.02103	0.10046	0.08726	0.03378	0.00753	0.00216	0.00711	0.03193	0.00393	0.05202
68	0.09451	0.07015	0.01161	0.00991	0.01210	0.05769	0.00766	0.03811	0.01403	0.04449	0.06611	0.33999	0.06236	0.01394	0.00690	0.00221	0.00497	0.08742	0.00529	0.05055
69	0.08014	0.03620	0.01329	0.00959	0.01447	0.00988	0.00771	0.06105	0.01455	0.04068	0.07838	0.04217	0.01511	0.00636	0.00513	0.00128	0.00476	0.00510	0.00437	0.54978
70	0.04465	0.08415	0.15504	0.07312	0.27255	0.01431	0.01586	0.04369	0.01449	0.08396	0.01367	0.04993	0.01122	0.00658	0.00589	0.00182	0.00710	0.00564	0.00374	0.09263
71	0.01107	0.03752	0.15009	0.01065	0.01387	0.00917	0.00970	0.05187	0.03944	0.03997	0.03065	0.30367	0.14373	0.07928	0.00922	0.00253	0.00532	0.01156	0.00502	0.03565
72	0.01372	0.11788	0.11149	0.31110	0.11434	0.04159	0.07029	0.01802	0.02744	0.01775	0.01270	0.05700	0.01074	0.00675	0.00609	0.00193	0.00802	0.00594	0.00316	0.04406
73	0.01565	0.07597	0.02183	0.13780	0.19271	0.01445	0.10032	0.10218	0.01586	0.06902	0.03926	0.11228	0.01563	0.00826	0.00693	0.00201	0.02947	0.00745	0.00424	0.02868

[dist]
# distance from previous block
# <min> <max>
2	122

[block]
# block no. 5 follows, 35 sequences, length 14
# corresponding to MSA columns:
# 1152-1165
name=unknown_F
#
# <colnr> <probs for GDERKNQSTAVLIFYWHMCP>
#	G	D	E	R	K	N	Q	S	T	A	V	L	I	F	Y	W	H	M	C	P
0	0.14669	0.22480	0.06999	0.01536	0.09534	0.03804	0.05135	0.05689	0.06054	0.11792	0.01382	0.01558	0.01078	0.00648	0.00536	0.00179	0.00671	0.02037	0.00422	0.03799
1	0.24587	0.11533	0.07702	0.01342	0.04322	0.08128	0.05311	0.10327	0.03071	0.07036	0.01327	0.04700	0.01077	0.00686	0.00531	0.00184	0.00670	0.00519	0.02906	0.04041
2	0.02001	0.08111	0.04797	0.02859	0.05315	0.08072	0.01089	0.09914	0.07849	0.21330	0.01630	0.01632	0.01182	0.00656	0.00568	0.00164	0.00637	0.00513	0.00513	0.21171
3	0.18078	0.05720	0.13505	0.01783	0.13959	0.07046	0.03049	0.10084	0.14668	0.04115	0.01415	0.01522	0.01076	0.00662	0.00568	0.00193	0.00705	0.00516	0.00429	0.00906
4	0.00913	0.00622	0.00803	0.00893	0.00974	0.00604	0.00640	0.01091	0.04570	0.01707	0.04850	0.44029	0.07865	0.01815	0.01009	0.11316	0.00416	0.09620	0.05742	0.00522
5	0.02235	0.01563	0.01846	0.01511	0.04495	0.04505	0.05643	0.35378	0.10560	0.18178	0.01849	0.03933	0.01347	0.00779	0.00641	0.00194	0.00669	0.00637	0.00614	0.03423
6	0.04248	0.01326	0.01797	0.06649	0.21507	0.01281	0.01244	0.11567	0.04988	0.14213	0.01486	0.01617	0.01113	0.00620	0.00579	0.00166	0.00616	0.00524	0.00469	0.23990
7	0.01725	0.23038	0.29284	0.01458	0.02104	0.05178	0.01572	0.15021	0.01689	0.06346	0.01354	0.01699	0.01086	0.00703	0.00574	0.00185	0.00786	0.04902	0.00390	0.00906
8	0.01402	0.07435	0.48329	0.11964	0.07359	0.01510	0.02026	0.02063	0.04655	0.05607	0.01260	0.01471	0.00914	0.00622	0.00600	0.00198	0.00856	0.00500	0.00317	0.00913
9	0.01389	0.01322	0.02247	0.39142	0.39917	0.01460	0.01857	0.01788	0.01359	0.01852	0.01161	0.01629	0.00927	0.00599	0.00631	0.00200	0.00799	0.00565	0.00298	0.00859
10	0.01517	0.01462	0.02438	0.09033	0.58710	0.01559	0.01857	0.01865	0.01367	0.01964	0.01139	0.01554	0.00969	0.00645	0.00826	0.00202	0.11080	0.00564	0.00307	0.00940
11	0.01354	0.01295	0.02143	0.40835	0.28187	0.01516	0.01775	0.01722	0.01289	0.01766	0.01110	0.01608	0.00899	0.00675	0.00829	0.00212	0.11120	0.00563	0.00293	0.00808
12	0.01026	0.00760	0.00944	0.03408	0.01198	0.00760	0.00732	0.10575	0.01500	0.01974	0.03453	0.51700	0.11012	0.01718	0.00779	0.00245	0.00440	0.06586	0.00585	0.00605
13	0.01690	0.01395	0.02328	0.13903	0.53960	0.01415	0.01782	0.02056	0.01470	0.11826	0.01362	0.01668	0.01059	0.00605	0.00630	0.00193	0.00738	0.00575	0.00374	0.00972

[dist]
# distance from previous block
# <min> <max>
0	1

[block]
# block no. 6 follows, 35 sequences, length 20
# corresponding to MSA columns:
# 1173-1192
name=unknown_G
#
# <colnr> <probs for GDERKNQSTAVLIFYWHMCP>
#	G	D	E	R	K	N	Q	S	T	A	V	L	I	F	Y	W	H	M	C	P
0	0.01514	0.01385	0.02232	0.32552	0.38095	0.01519	0.01791	0.09476	0.01543	0.02103	0.01203	0.01613	0.00949	0.00614	0.00631	0.00198	0.00784	0.00565	0.00336	0.00893
1	0.01029	0.00921	0.01309	0.09414	0.01666	0.05165	0.09890	0.01246	0.01315	0.01713	0.02908	0.45874	0.07134	0.01491	0.00750	0.00235	0.00555	0.02749	0.04037	0.00599
2	0.01657	0.01553	0.02595	0.03529	0.60227	0.01566	0.07421	0.09614	0.01618	0.02281	0.01237	0.01576	0.01010	0.00584	0.00638	0.00191	0.00773	0.00581	0.00350	0.01001
3	0.01460	0.01381	0.02288	0.19588	0.50432	0.01413	0.01775	0.01836	0.01391	0.01972	0.01171	0.01569	0.00962	0.00570	0.00612	0.00183	0.00743	0.00544	0.00314	0.09796
4	0.01429	0.01348	0.02250	0.09617	0.49606	0.01334	0.04657	0.01781	0.01395	0.01986	0.01407	0.08876	0.01290	0.00697	0.00634	0.00188	0.00707	0.00672	0.00345	0.09782
5	0.01340	0.01288	0.02233	0.47772	0.27526	0.01453	0.05822	0.01754	0.01341	0.01796	0.01158	0.01652	0.00906	0.00605	0.00639	0.00204	0.00828	0.00575	0.00295	0.00814
6	0.01683	0.01645	0.03193	0.02697	0.16856	0.01590	0.46403	0.09722	0.01667	0.06068	0.01357	0.01687	0.01016	0.00579	0.00707	0.00205	0.00939	0.00687	0.00379	0.00921
7	0.01558	0.01404	0.02374	0.19157	0.55171	0.01456	0.01854	0.01938	0.01426	0.05764	0.01248	0.01627	0.01001	0.00591	0.00630	0.00194	0.00762	0.00569	0.00332	0.00945
8	0.01503	0.01443	0.08680	0.17245	0.02829	0.01275	0.28219	0.01933	0.01476	0.12539	0.05884	0.08268	0.01667	0.00805	0.00706	0.00215	0.00814	0.03257	0.00430	0.00812
9	0.07656	0.01542	0.02030	0.28232	0.22389	0.11931	0.05554	0.04852	0.01475	0.01959	0.01441	0.01782	0.05132	0.00671	0.00619	0.00197	0.00812	0.00582	0.00341	0.00805
10	0.01497	0.01461	0.02273	0.10598	0.47673	0.05263	0.04725	0.01849	0.01420	0.01971	0.01304	0.05883	0.01153	0.00647	0.00624	0.00184	0.00744	0.00615	0.00334	0.09783
11	0.06249	0.01670	0.10385	0.07616	0.27702	0.04064	0.18509	0.01963	0.01443	0.06291	0.02966	0.05645	0.01248	0.00675	0.00652	0.00201	0.00812	0.00663	0.00364	0.00882
12	0.32518	0.12916	0.07255	0.01194	0.04693	0.01520	0.01012	0.07634	0.05584	0.12823	0.01407	0.03175	0.01097	0.02646	0.00574	0.00199	0.00586	0.00497	0.01838	0.00832
13	0.15046	0.06176	0.18686	0.01340	0.01875	0.01356	0.06660	0.08720	0.04613	0.15367	0.03501	0.05242	0.05135	0.02753	0.00666	0.00210	0.00665	0.00645	0.00482	0.00863
14	0.08824	0.30826	0.02173	0.05461	0.01755	0.05021	0.01039	0.07941	0.06997	0.17828	0.04059	0.01612	0.01276	0.00682	0.00526	0.00173	0.00631	0.00502	0.01797	0.00876
15	0.13888	0.07554	0.05277	0.01350	0.06227	0.04687	0.01081	0.14636	0.07460	0.14492	0.01954	0.02213	0.05521	0.00807	0.00591	0.00192	0.00616	0.05413	0.00522	0.05519
16	0.10969	0.20125	0.14748	0.01265	0.03091	0.03323	0.02764	0.02039	0.04491	0.11713	0.08477	0.01974	0.01596	0.00729	0.00556	0.00179	0.00640	0.03551	0.00437	0.07335
17	0.08963	0.15716	0.09553	0.07615	0.01979	0.03371	0.04182	0.08935	0.08922	0.11135	0.04449	0.06663	0.01479	0.00770	0.00582	0.00189	0.00655	0.00620	0.00466	0.03755
18	0.08741	0.15585	0.23824	0.01377	0.01936	0.07486	0.03485	0.06147	0.05103	0.06911	0.08751	0.03584	0.01592	0.00754	0.00583	0.00189	0.00725	0.01966	0.00419	0.00844
19	0.01957	0.23524	0.16669	0.01401	0.01961	0.14616	0.04103	0.05119	0.02814	0.17042	0.01562	0.01598	0.03616	0.00677	0.00563	0.00176	0.00783	0.00508	0.00423	0.00886

[dist]
# distance from previous block
# <min> <max>
35	178

[block]
# block no. 7 follows, 35 sequences, length 9
# corresponding to MSA columns:
# 1398-1406
name=unknown_H
#
# <colnr> <probs for GDERKNQSTAVLIFYWHMCP>
#	G	D	E	R	K	N	Q	S	T	A	V	L	I	F	Y	W	H	M	C	P
0	0.01661	0.06039	0.01846	0.01578	0.05984	0.21363	0.09400	0.05066	0.01566	0.06483	0.04885	0.14395	0.08069	0.01011	0.00793	0.00204	0.07639	0.00830	0.00442	0.00745
1	0.04407	0.01048	0.08221	0.01011	0.01209	0.00931	0.00833	0.01445	0.05208	0.05916	0.13022	0.06627	0.04082	0.26636	0.09720	0.00435	0.07320	0.00853	0.00459	0.00615
2	0.26705	0.05781	0.08540	0.01109	0.01508	0.01380	0.00985	0.11404	0.08463	0.05839	0.04746	0.08906	0.05590	0.01026	0.03286	0.00233	0.02545	0.00679	0.00486	0.00789
3	0.01546	0.07743	0.03521	0.01355	0.01728	0.11141	0.08851	0.06336	0.01457	0.06150	0.01554	0.10088	0.01424	0.01463	0.12972	0.00317	0.05427	0.00670	0.00405	0.15851
4	0.19142	0.01269	0.08828	0.06564	0.04166	0.01146	0.03977	0.04997	0.01395	0.08812	0.07630	0.18443	0.02070	0.01102	0.02470	0.00233	0.03914	0.00839	0.00475	0.02527
5	0.13881	0.12765	0.07371	0.01480	0.05039	0.05632	0.11751	0.05855	0.08151	0.02311	0.14011	0.02006	0.01865	0.00732	0.00589	0.00185	0.00665	0.00618	0.00438	0.04653
6	0.07427	0.11233	0.06661	0.01183	0.01579	0.11767	0.01012	0.07597	0.08792	0.11397	0.09722	0.03747	0.01821	0.05290	0.04170	0.00244	0.00699	0.00627	0.00490	0.04542
7	0.04424	0.11443	0.16315	0.01405	0.01941	0.01427	0.08324	0.08371	0.08279	0.11663	0.09070	0.02238	0.01761	0.00781	0.00620	0.00192	0.00672	0.04669	0.00484	0.05921
8	0.01581	0.10820	0.19421	0.13850	0.05679	0.06406	0.01523	0.10409	0.04956	0.05318	0.03761	0.06391	0.01329	0.00781	0.00693	0.00199	0.05021	0.00613	0.00397	0.00850

[dist]
# distance from previous block
# <min> <max>
81	212

[block]
# block no. 8 follows, 35 sequences, length 14
# corresponding to MSA columns:
# 1703-1716
name=unknown_I
#
# <colnr> <probs for GDERKNQSTAVLIFYWHMCP>
#	G	D	E	R	K	N	Q	S	T	A	V	L	I	F	Y	W	H	M	C	P
0	0.04128	0.14320	0.04399	0.01598	0.11123	0.05341	0.02960	0.16628	0.07563	0.11466	0.05545	0.01827	0.01434	0.03626	0.00685	0.00195	0.00662	0.00573	0.00489	0.05438
1	0.03874	0.14008	0.05341	0.06362	0.03369	0.01366	0.01032	0.09263	0.09433	0.03372	0.05505	0.10029	0.01749	0.00835	0.00579	0.00175	0.00567	0.02377	0.03420	0.17343
2	0.09179	0.06877	0.01748	0.04910	0.13731	0.03572	0.01109	0.13366	0.01645	0.04797	0.04760	0.01700	0.01268	0.00647	0.00552	0.00159	0.00606	0.02275	0.00431	0.26666
3	0.01259	0.03983	0.01313	0.01066	0.01321	0.01031	0.04347	0.06400	0.09346	0.03510	0.03589	0.06323	0.03653	0.22404	0.11693	0.00418	0.02204	0.03068	0.00451	0.12622
4	0.08104	0.07744	0.05155	0.11641	0.15659	0.01504	0.03260	0.15246	0.06042	0.06548	0.06427	0.02085	0.06383	0.00763	0.00613	0.00194	0.00658	0.00636	0.00463	0.00876
5	0.01025	0.00935	0.06076	0.07988	0.01455	0.00816	0.00862	0.06975	0.01569	0.02136	0.25537	0.28876	0.08565	0.03259	0.00800	0.00231	0.00460	0.01230	0.00572	0.00634
6	0.01068	0.00568	0.00781	0.00781	0.00791	0.00568	0.00507	0.00890	0.00881	0.01213	0.01363	0.02448	0.01402	0.18802	0.02512	0.58343	0.00548	0.00636	0.05577	0.00320
