[name]
unknown

[dist]
# distance from previous block
# <min> <max>
0	57

[block]
# block no. 0 follows, 46 sequences, length 7
# corresponding to MSA columns:
# 59-65
name=unknown_A
#
# <colnr> <probs for GDERKNQSTAVLIFYWHMCP>
#	G	D	E	R	K	N	Q	S	T	A	V	L	I	F	Y	W	H	M	C	P
0	0.01066	0.01009	0.01709	0.63281	0.19979	0.01192	0.01502	0.01410	0.01089	0.01433	0.00952	0.01387	0.00734	0.00516	0.00527	0.00172	0.00688	0.00470	0.00241	0.00642
1	0.01224	0.01201	0.01854	0.02217	0.35632	0.01457	0.01364	0.01429	0.00986	0.01475	0.00828	0.01224	0.00758	0.00723	0.01194	0.00198	0.44831	0.00466	0.00245	0.00694
2	0.01936	0.01313	0.01435	0.01117	0.01507	0.01426	0.00917	0.57912	0.05696	0.12138	0.01445	0.01423	0.01019	0.00639	0.00516	0.00157	0.00531	0.00490	0.07520	0.00862
3	0.01273	0.01269	0.02311	0.08615	0.56745	0.01267	0.17415	0.01618	0.01202	0.01693	0.01006	0.01341	0.00820	0.00470	0.00545	0.00163	0.00689	0.00503	0.00261	0.00793
4	0.01713	0.02085	0.01874	0.01758	0.11662	0.51002	0.14344	0.01926	0.01376	0.01419	0.00877	0.01094	0.00723	0.00540	0.00582	0.00152	0.05534	0.00414	0.00268	0.00657
5	0.01800	0.01562	0.01589	0.05515	0.01761	0.26611	0.10608	0.07260	0.07777	0.21027	0.01328	0.01371	0.00957	0.00566	0.00514	0.00151	0.00686	0.00460	0.00409	0.08048
6	0.31976	0.01276	0.01016	0.00921	0.01204	0.15750	0.00719	0.02033	0.26126	0.02070	0.01335	0.01376	0.01029	0.00590	0.00430	0.00159	0.00494	0.00423	0.10416	0.00657

[dist]
# distance from previous block
# <min> <max>
3	5

[block]
# block no. 1 follows, 46 sequences, length 7
# corresponding to MSA columns:
# 72-78
name=unknown_B
#
# <colnr> <probs for GDERKNQSTAVLIFYWHMCP>
#	G	D	E	R	K	N	Q	S	T	A	V	L	I	F	Y	W	H	M	C	P
0	0.01152	0.00906	0.01158	0.00959	0.01157	0.00992	0.00769	0.01366	0.03317	0.07294	0.08271	0.01718	0.01346	0.06557	0.01058	0.00185	0.28149	0.00500	0.08513	0.24636
1	0.00742	0.00505	0.00603	0.00628	0.00641	0.00505	0.00379	0.00774	0.00825	0.01106	0.01910	0.19596	0.02211	0.59548	0.07408	0.00473	0.00530	0.00909	0.00353	0.00353
2	0.01494	0.01327	0.01290	0.01127	0.01444	0.08950	0.00883	0.14919	0.57447	0.02308	0.01876	0.01757	0.01405	0.00687	0.00530	0.00172	0.00497	0.00553	0.00511	0.00825
3	0.00983	0.00819	0.01269	0.06942	0.07054	0.00982	0.03814	0.01187	0.00923	0.04278	0.01205	0.01735	0.01084	0.02531	0.44793	0.00562	0.18471	0.00531	0.00280	0.00556
4	0.04327	0.01120	0.06701	0.09383	0.01719	0.01175	0.10344	0.02995	0.04808	0.10896	0.01158	0.03036	0.00959	0.02642	0.04767	0.08438	0.24070	0.00519	0.00321	0.00621
5	0.01060	0.02735	0.78682	0.01507	0.02288	0.01228	0.01953	0.01674	0.01116	0.01674	0.00949	0.01116	0.00670	0.00502	0.00502	0.00167	0.00781	0.00391	0.00223	0.00781
6	0.01247	0.01007	0.01654	0.43627	0.17491	0.01120	0.05019	0.04103	0.01175	0.10356	0.01154	0.01583	0.00902	0.06540	0.00693	0.00195	0.00651	0.00507	0.00306	0.00669

[dist]
# distance from previous block
# <min> <max>
4	8

[block]
# block no. 2 follows, 46 sequences, length 27
# corresponding to MSA columns:
# 88-114
name=unknown_C
#
# <colnr> <probs for GDERKNQSTAVLIFYWHMCP>
#	G	D	E	R	K	N	Q	S	T	A	V	L	I	F	Y	W	H	M	C	P
0	0.00905	0.00759	0.01083	0.01026	0.01085	0.00953	0.00827	0.01053	0.00883	0.01276	0.01398	0.04327	0.01416	0.05413	0.35140	0.03458	0.27371	0.10834	0.00299	0.00494
1	0.73609	0.01145	0.00884	0.00776	0.01108	0.05627	0.00633	0.07755	0.01064	0.02390	0.00785	0.00898	0.00606	0.00506	0.00352	0.00162	0.00454	0.00305	0.00341	0.00602
2	0.01448	0.01261	0.01266	0.01111	0.01426	0.05756	0.00870	0.12896	0.62620	0.02314	0.01955	0.01818	0.01463	0.00696	0.00533	0.00174	0.00471	0.00566	0.00522	0.00833
3	0.01055	0.00922	0.01474	0.05024	0.04498	0.00924	0.18912	0.05568	0.12328	0.03870	0.04160	0.28496	0.08461	0.01003	0.00612	0.00188	0.00510	0.00940	0.00432	0.00623
4	0.01372	0.04906	0.06323	0.02408	0.45286	0.01347	0.05530	0.09807	0.14046	0.01953	0.01208	0.01391	0.00955	0.00529	0.00523	0.00161	0.00608	0.00488	0.00333	0.00827
5	0.01220	0.01040	0.06646	0.27309	0.05582	0.01029	0.01101	0.04577	0.14202	0.10826	0.14601	0.02213	0.01808	0.00722	0.00556	0.00175	0.00533	0.04754	0.00421	0.00682
6	0.00998	0.00940	0.01586	0.80150	0.03641	0.01175	0.01468	0.01351	0.01057	0.01351	0.00940	0.01409	0.00705	0.00529	0.00529	0.00176	0.00705	0.00470	0.00235	0.00587
7	0.00820	0.00549	0.00694	0.00720	0.00800	0.00538	0.00496	0.00986	0.04387	0.05728	0.09788	0.35907	0.06653	0.20208	0.08938	0.00336	0.00470	0.01072	0.00451	0.00460
8	0.66491	0.01110	0.00941	0.00806	0.01149	0.01273	0.00662	0.15123	0.04500	0.02538	0.00894	0.00981	0.00677	0.00527	0.00373	0.00163	0.00441	0.00334	0.00373	0.00643
9	0.13127	0.01087	0.01414	0.18197	0.16380	0.01205	0.01074	0.12513	0.14955	0.05480	0.08153	0.01639	0.01314	0.00617	0.00510	0.00167	0.00527	0.00514	0.00399	0.00728
10	0.01425	0.72958	0.08128	0.00949	0.01423	0.01979	0.00974	0.01628	0.01094	0.04277	0.00803	0.00904	0.00702	0.00464	0.00358	0.00119	0.00576	0.00300	0.00243	0.00694
11	0.02091	0.01350	0.01506	0.01154	0.01574	0.01445	0.00954	0.59758	0.02267	0.20243	0.01453	0.01389	0.00991	0.00639	0.00529	0.00160	0.00552	0.00488	0.00557	0.00899
12	0.01248	0.01426	0.03119	0.02228	0.02763	0.01337	0.76203	0.01693	0.01248	0.01693	0.01070	0.01426	0.00802	0.00446	0.00624	0.00178	0.00891	0.00624	0.00267	0.00713
13	0.00759	0.00595	0.00878	0.00875	0.00979	0.00574	0.06759	0.03783	0.01102	0.01477	0.05524	0.58191	0.06534	0.01677	0.07366	0.00260	0.00456	0.01272	0.00460	0.00478
14	0.01547	0.01074	0.02799	0.05555	0.09963	0.00962	0.00901	0.10872	0.04987	0.20718	0.01324	0.01372	0.00965	0.00519	0.00474	0.00130	0.00481	0.00428	0.00422	0.34508
15	0.00764	0.00510	0.00578	0.00583	0.00584	0.00509	0.00327	0.00767	0.00778	0.01038	0.01715	0.06534	0.01984	0.78261	0.02611	0.00501	0.00504	0.00798	0.00327	0.00325
16	0.81377	0.01017	0.00798	0.00706	0.01037	0.01167	0.00582	0.01601	0.00928	0.05846	0.00798	0.00902	0.00606	0.00498	0.00336	0.00164	0.00411	0.00297	0.00342	0.00587
17	0.01210	0.07791	0.05497	0.00988	0.01185	0.09025	0.00826	0.05652	0.04118	0.04780	0.11336	0.01905	0.01550	0.05037	0.08712	0.08741	0.13605	0.01470	0.06006	0.00568
18	0.00985	0.00493	0.00493	0.00493	0.00616	0.00493	0.00370	0.01232	0.01109	0.01971	0.01725	0.01971	0.01355	0.00616	0.00370	0.00123	0.00246	0.00493	0.84356	0.00493
19	0.09468	0.00859	0.00953	0.00795	0.01061	0.00891	0.00640	0.15901	0.01423	0.18777	0.01555	0.01640	0.01142	0.00677	0.01782	0.00157	0.03467	0.00473	0.35308	0.03028
20	0.00657	0.00469	0.00627	0.00740	0.00779	0.00439	0.00503	0.00763	0.01046	0.01400	0.07047	0.74297	0.03564	0.01618	0.00674	0.00213	0.00310	0.03924	0.00496	0.00435
21	0.06764	0.00975	0.01077	0.00884	0.01161	0.01050	0.03942	0.30669	0.04296	0.02524	0.01470	0.01602	0.01112	0.00611	0.00446	0.00144	0.00422	0.00482	0.39690	0.00678
22	0.00705	0.00556	0.00651	0.00751	0.00803	0.03859	0.00510	0.00806	0.01059	0.01377	0.05511	0.71341	0.06957	0.01573	0.00662	0.00208	0.00331	0.01415	0.00484	0.00441
23	0.01569	0.01197	0.01791	0.13280	0.09410	0.02799	0.13641	0.12560	0.07679	0.17928	0.01319	0.01468	0.00961	0.00619	0.00704	0.00176	0.11222	0.00517	0.00398	0.00762
24	0.01215	0.01041	0.02940	0.03113	0.01375	0.00880	0.00738	0.13151	0.03803	0.01982	0.04012	0.03953	0.01074	0.00515	0.00443	0.00107	0.00432	0.00419	0.00366	0.58442
25	0.01491	0.00821	0.00980	0.00835	0.01128	0.00786	0.00661	0.01982	0.19164	0.32234	0.09842	0.02951	0.23071	0.00898	0.00567	0.00172	0.00374	0.00748	0.00575	0.00722
26	0.01110	0.05402	0.09636	0.08061	0.10534	0.02008	0.02958	0.02493	0.05365	0.06920	0.15417	0.12653	0.02137	0.02449	0.00666	0.00184	0.04377	0.05477	0.01517	0.00635

[dist]
# distance from previous block
# <min> <max>
0	19

[block]
# block no. 3 follows, 46 sequences, length 54
# corresponding to MSA columns:
# 134-187
name=unknown_D
#
# <colnr> <probs for GDERKNQSTAVLIFYWHMCP>
#	G	D	E	R	K	N	Q	S	T	A	V	L	I	F	Y	W	H	M	C	P
0	0.01423	0.33147	0.17956	0.02989	0.01639	0.02734	0.02189	0.14428	0.01356	0.05523	0.03617	0.01299	0.03303	0.00585	0.00532	0.00149	0.05665	0.00420	0.00320	0.00726
1	0.04442	0.00927	0.01098	0.00818	0.01249	0.00748	0.00656	0.03614	0.01199	0.15741	0.01247	0.05140	0.01007	0.00512	0.00432	0.00106	0.00404	0.00415	0.00390	0.59854
2	0.00736	0.00524	0.00690	0.00724	0.00810	0.00502	0.00532	0.00922	0.01254	0.01754	0.37357	0.33673	0.03988	0.01309	0.00661	0.00191	0.01789	0.07473	0.04638	0.00472
3	0.01395	0.00675	0.00891	0.00762	0.00995	0.00605	0.00598	0.01622	0.01462	0.31849	0.40787	0.05105	0.03252	0.00897	0.00571	0.00163	0.00329	0.00773	0.06616	0.00653
4	0.01713	0.01334	0.01420	0.01156	0.01527	0.01501	0.00933	0.44986	0.34342	0.02854	0.01646	0.01569	0.01204	0.00670	0.00533	0.00167	0.00512	0.00528	0.00533	0.00872
5	0.01121	0.00989	0.01120	0.02672	0.01321	0.03152	0.00659	0.01356	0.01108	0.01701	0.00936	0.01099	0.00778	0.00399	0.00397	0.00082	0.00416	0.00318	0.00310	0.80066
6	0.08176	0.05875	0.01451	0.01063	0.01447	0.01452	0.00883	0.53665	0.02075	0.07702	0.01299	0.01324	0.00937	0.00613	0.00486	0.00153	0.00523	0.00456	0.09602	0.00818
7	0.85155	0.01022	0.00777	0.00695	0.01022	0.01186	0.00573	0.01554	0.00900	0.02372	0.00736	0.00859	0.00573	0.00491	0.00327	0.00164	0.00409	0.00286	0.00327	0.00573
8	0.01003	0.00856	0.01135	0.07534	0.01266	0.01063	0.00815	0.03681	0.08150	0.01355	0.01283	0.02095	0.01259	0.25051	0.15200	0.00409	0.26434	0.00584	0.00306	0.00520
9	0.00677	0.00510	0.00626	0.00660	0.00765	0.00460	0.00474	0.00835	0.01231	0.01632	0.28625	0.32949	0.24764	0.01372	0.00645	0.00189	0.00279	0.02326	0.00521	0.00458
10	0.00756	0.00563	0.00832	0.00832	0.00920	0.00651	0.00638	0.00932	0.00844	0.01214	0.01433	0.02168	0.01361	0.09088	0.74258	0.00827	0.01356	0.00580	0.00286	0.00462
11	0.01328	0.01234	0.15830	0.00940	0.01273	0.01007	0.00895	0.21627	0.01480	0.04638	0.01414	0.01573	0.01067	0.00616	0.00510	0.00148	0.04377	0.00468	0.38903	0.00674
12	0.01154	0.01099	0.01867	0.41483	0.41090	0.01216	0.01546	0.01487	0.01131	0.01540	0.00967	0.01359	0.00771	0.00500	0.00526	0.00167	0.00666	0.00470	0.00248	0.00713
13	0.11531	0.02292	0.57489	0.01329	0.02004	0.01210	0.01611	0.06853	0.01184	0.01880	0.00944	0.01093	0.00683	0.00501	0.00474	0.00159	0.00690	0.00378	0.00265	0.07431
14	0.01530	0.00724	0.00843	0.00713	0.00954	0.00700	0.00563	0.09130	0.01365	0.26898	0.01794	0.01896	0.01314	0.03352	0.00516	0.00153	0.00355	0.00513	0.46028	0.00659
15	0.00810	0.00566	0.00634	0.00629	0.00807	0.00487	0.00479	0.00955	0.01217	0.08779	0.05936	0.14134	0.55376	0.01316	0.00629	0.00185	0.00303	0.05761	0.00508	0.00491
16	0.00726	0.00530	0.00737	0.00755	0.00840	0.00547	0.00557	0.00903	0.01091	0.01532	0.25785	0.22551	0.03037	0.04900	0.32476	0.00465	0.00743	0.00930	0.00430	0.00465
17	0.01706	0.01758	0.32561	0.01308	0.01879	0.01119	0.07316	0.12072	0.01463	0.31354	0.01437	0.01424	0.00956	0.00574	0.00527	0.00166	0.00636	0.00475	0.00433	0.00837
18	0.01289	0.01410	0.01167	0.01088	0.01237	0.32495	0.00828	0.01434	0.01101	0.01242	0.01122	0.01646	0.01050	0.08785	0.33175	0.00470	0.09176	0.00482	0.00277	0.00527
19	0.00659	0.00471	0.00631	0.00754	0.00791	0.00443	0.00517	0.00763	0.01027	0.01367	0.02905	0.75540	0.03463	0.01642	0.00679	0.00217	0.00320	0.06888	0.00490	0.00434
20	0.04918	0.00537	0.00683	0.00744	0.00836	0.00508	0.00531	0.00947	0.01123	0.06267	0.13211	0.54654	0.05905	0.01436	0.00643	0.00203	0.00322	0.05547	0.00505	0.00479
21	0.01776	0.01138	0.05097	0.05732	0.04399	0.01102	0.00945	0.10578	0.25897	0.33084	0.03357	0.01765	0.01351	0.00659	0.00533	0.00169	0.00488	0.00542	0.00542	0.00845
22	0.01257	0.01474	0.09874	0.02619	0.36783	0.01290	0.35421	0.01659	0.01215	0.01707	0.01024	0.01343	0.00805	0.00463	0.00567	0.00168	0.00762	0.00533	0.00261	0.00776
23	0.07435	0.01308	0.01632	0.01984	0.32396	0.10573	0.03693	0.02006	0.20679	0.06186	0.01420	0.01706	0.01152	0.00611	0.00523	0.00167	0.00588	0.04796	0.00374	0.00770
24	0.09007	0.04316	0.06398	0.24049	0.07978	0.01169	0.21779	0.01593	0.01166	0.09284	0.03385	0.05334	0.01047	0.00577	0.00537	0.00172	0.00664	0.00554	0.00318	0.00674
25	0.01392	0.07415	0.28680	0.01742	0.14420	0.01289	0.13301	0.06474	0.07336	0.11024	0.01212	0.01337	0.00885	0.00528	0.00522	0.00164	0.00678	0.00472	0.00332	0.00798
26	0.00693	0.00541	0.00618	0.00672	0.00776	0.01922	0.00475	0.00812	0.01115	0.02517	0.05959	0.43259	0.33232	0.01549	0.03105	0.00216	0.00338	0.01267	0.00485	0.00450
27	0.01302	0.01317	0.02361	0.10006	0.43081	0.03106	0.24788	0.04396	0.01258	0.01731	0.01019	0.01345	0.00813	0.00476	0.00554	0.00165	0.00723	0.00516	0.00271	0.00772
28	0.01199	0.12894	0.15021	0.17813	0.06971	0.01182	0.09048	0.01570	0.03812	0.08541	0.05790	0.09066	0.01378	0.00683	0.00532	0.00168	0.00609	0.02709	0.00337	0.00677
29	0.01479	0.07877	0.06545	0.07728	0.02009	0.20571	0.24179	0.01718	0.01228	0.08973	0.01044	0.01303	0.00811	0.00679	0.00726	0.10968	0.00761	0.00470	0.00293	0.00636
30	0.01009	0.00860	0.01399	0.34461	0.10908	0.00940	0.05545	0.01326	0.03244	0.04640	0.14524	0.14258	0.03077	0.00808	0.00574	0.00178	0.00543	0.00738	0.00367	0.00601
31	0.01719	0.06125	0.22537	0.01168	0.01650	0.01094	0.03668	0.09361	0.02545	0.34285	0.03294	0.03798	0.01203	0.00654	0.00562	0.00167	0.03006	0.01893	0.00463	0.00808
32	0.01865	0.04036	0.14155	0.01268	0.09518	0.00949	0.01050	0.04601	0.01393	0.46598	0.01773	0.07705	0.01287	0.00680	0.00530	0.00166	0.00521	0.00566	0.00510	0.00830
33	0.00787	0.00566	0.00814	0.00807	0.00873	0.00648	0.00601	0.00900	0.00819	0.01164	0.01382	0.02224	0.01358	0.16245	0.56468	0.09278	0.03772	0.00585	0.00282	0.00426
34	0.01161	0.12784	0.62855	0.01488	0.05552	0.01325	0.01764	0.01690	0.01128	0.04200	0.00961	0.01113	0.00700	0.00500	0.00483	0.00160	0.00735	0.00385	0.00240	0.00775
35	0.01596	0.01093	0.05461	0.30758	0.05292	0.01045	0.11879	0.01914	0.01274	0.32184	0.01418	0.01549	0.00963	0.00563	0.00542	0.00170	0.00631	0.00513	0.00407	0.00749
36	0.01204	0.04310	0.04319	0.01641	0.04150	0.01151	0.39167	0.04239	0.01154	0.05258	0.01201	0.01728	0.01021	0.11189	0.09704	0.02867	0.04172	0.00590	0.00298	0.00636
37	0.01055	0.01149	0.11048	0.10906	0.06261	0.03475	0.17364	0.01381	0.01189	0.03113	0.08897	0.11006	0.04550	0.00736	0.00545	0.00167	0.00566	0.00685	0.15297	0.00611
38	0.03248	0.12539	0.37108	0.04171	0.09053	0.01220	0.02912	0.01755	0.01193	0.15190	0.03563	0.03615	0.01016	0.00570	0.00496	0.00160	0.00641	0.00463	0.00326	0.00762
39	0.06512	0.06702	0.09669	0.12064	0.06184	0.08455	0.03374	0.09909	0.08858	0.13477	0.03572	0.05089	0.01194	0.00647	0.00513	0.00165	0.00595	0.01896	0.00396	0.00728
40	0.01194	0.11598	0.15597	0.09020	0.15963	0.01252	0.20333	0.01558	0.01185	0.04268	0.03655	0.03909	0.03308	0.00605	0.00543	0.00167	0.00677	0.04168	0.00297	0.00705
41	0.03546	0.01410	0.19263	0.07311	0.01906	0.02485	0.14104	0.03189	0.03639	0.21627	0.04192	0.09541	0.01361	0.00701	0.00577	0.00176	0.02104	0.01734	0.00406	0.00728
42	0.01488	0.01393	0.08741	0.16182	0.11969	0.08549	0.13192	0.04046	0.07510	0.16128	0.01345	0.01496	0.02152	0.00573	0.00572	0.00168	0.02881	0.00508	0.00362	0.00745
43	0.04103	0.09218	0.12801	0.11157	0.34117	0.03495	0.04336	0.06432	0.03570	0.04340	0.01036	0.01263	0.00812	0.00506	0.00500	0.00158	0.00649	0.00444	0.00291	0.00772
44	0.01420	0.09942	0.20217	0.07340	0.06957	0.01145	0.08890	0.04221	0.02683	0.19156	0.03559	0.06898	0.01262	0.00661	0.00532	0.00168	0.00608	0.03216	0.00383	0.00743
45	0.08638	0.12822	0.19091	0.06798	0.05627	0.01305	0.18748	0.03691	0.01206	0.06202	0.07425	0.01439	0.01109	0.00555	0.00546	0.00163	0.03132	0.00490	0.00310	0.00702
46	0.01456	0.21074	0.14408	0.04020	0.10254	0.01329	0.09092	0.04417	0.04774	0.16042	0.04799	0.03727	0.01158	0.00584	0.00497	0.00155	0.00596	0.00498	0.00364	0.00754
47	0.07388	0.02570	0.14203	0.04889	0.04238	0.03460	0.07043	0.06601	0.10704	0.21767	0.01502	0.03965	0.01134	0.00709	0.00616	0.05214	0.00573	0.02258	0.00422	0.00742
48	0.01186	0.08548	0.24543	0.06732	0.13234	0.01126	0.03801	0.01640	0.07357	0.08035	0.06066	0.06919	0.05801	0.00698	0.00532	0.00168	0.00584	0.01961	0.00352	0.00716
49	0.01284	0.03423	0.10794	0.06867	0.01557	0.02674	0.06826	0.03676	0.04187	0.18411	0.03070	0.25133	0.04160	0.00949	0.00614	0.00184	0.02903	0.02191	0.00441	0.00657
50	0.01373	0.02893	0.27412	0.05484	0.17743	0.02391	0.11943	0.04455	0.06130	0.11973	0.02344	0.01399	0.00942	0.00536	0.00531	0.00166	0.00679	0.00484	0.00332	0.00789
51	0.02783	0.04520	0.08685	0.16101	0.16492	0.05929	0.08244	0.10721	0.03910	0.13052	0.01184	0.01359	0.00873	0.00556	0.00561	0.00165	0.03282	0.00473	0.00352	0.00759
52	0.01094	0.06243	0.39211	0.16376	0.06209	0.01175	0.05535	0.01563	0.02898	0.04092	0.01340	0.06075	0.04686	0.00618	0.00524	0.00170	0.00681	0.00526	0.00280	0.00706
53	0.01266	0.01285	0.12639	0.35461	0.14044	0.01169	0.04973	0.07665	0.01268	0.09010	0.03794	0.01480	0.00959	0.00616	0.01997	0.00182	0.00676	0.00491	0.00316	0.00708

[dist]
# distance from previous block
# <min> <max>
1	5

[block]
# block no. 4 follows, 46 sequences, length 8
# corresponding to MSA columns:
# 196-203
name=unknown_E
#
# <colnr> <probs for GDERKNQSTAVLIFYWHMCP>
#	G	D	E	R	K	N	Q	S	T	A	V	L	I	F	Y	W	H	M	C	P
0	0.01157	0.00717	0.00869	0.00839	0.03613	0.00719	0.00561	0.07811	0.05473	0.12820	0.04339	0.08566	0.01943	0.43548	0.01696	0.00355	0.00484	0.03540	0.00425	0.00524
1	0.00836	0.08600	0.13504	0.00967	0.04251	0.00771	0.00827	0.01062	0.01135	0.01531	0.12600	0.36463	0.08868	0.01193	0.00601	0.00187	0.00420	0.05218	0.00425	0.00541
2	0.12917	0.17688	0.11874	0.08088	0.04729	0.03643	0.03902	0.10307	0.06756	0.13532	0.01173	0.01249	0.00864	0.00544	0.00462	0.00155	0.00585	0.00418	0.00366	0.00745
3	0.09559	0.01126	0.01307	0.03430	0.09554	0.05852	0.00916	0.11681	0.11299	0.22408	0.05933	0.01893	0.01404	0.00691	0.00562	0.00168	0.03140	0.05199	0.00476	0.03404
4	0.01579	0.05987	0.07503	0.04806	0.01788	0.08953	0.13550	0.08462	0.12423	0.17759	0.01566	0.01614	0.04526	0.00638	0.00620	0.00169	0.06369	0.00527	0.00411	0.00752
5	0.06005	0.07523	0.06620	0.11733	0.07236	0.07947	0.11447	0.12527	0.13483	0.08423	0.01262	0.01378	0.00937	0.00561	0.00512	0.00163	0.00640	0.00478	0.00373	0.00753
6	0.27403	0.01034	0.01284	0.01100	0.04869	0.01057	0.08992	0.07561	0.07740	0.14406	0.06593	0.05393	0.01309	0.00630	0.00479	0.00161	0.00475	0.00521	0.00428	0.08565
7	0.03876	0.03116	0.02877	0.04054	0.05775	0.00871	0.04481	0.06378	0.07035	0.14094	0.30801	0.06668	0.02769	0.00867	0.00575	0.00171	0.00425	0.04007	0.00505	0.00656

[dist]
# distance from previous block
# <min> <max>
4	76

[block]
# block no. 5 follows, 46 sequences, length 24
# corresponding to MSA columns:
# 297-320
name=unknown_F
#
# <colnr> <probs for GDERKNQSTAVLIFYWHMCP>
#	G	D	E	R	K	N	Q	S	T	A	V	L	I	F	Y	W	H	M	C	P
0	0.08630	0.18299	0.08411	0.13842	0.14885	0.01342	0.04463	0.01625	0.10277	0.01652	0.03359	0.05027	0.03711	0.00615	0.00502	0.00160	0.01688	0.00511	0.00312	0.00686
1	0.01412	0.23660	0.19433	0.01374	0.13001	0.01325	0.01177	0.05615	0.01261	0.13875	0.01526	0.01576	0.08384	0.00593	0.00475	0.00148	0.00571	0.00468	0.00344	0.03782
2	0.06052	0.10296	0.31153	0.07712	0.07991	0.01205	0.06727	0.01647	0.03622	0.08274	0.01266	0.09478	0.01069	0.00631	0.00509	0.00167	0.00637	0.00536	0.00312	0.00718
3	0.04261	0.01263	0.07038	0.11254	0.38506	0.01223	0.05701	0.05549	0.03265	0.06042	0.01066	0.01348	0.00846	0.00601	0.00673	0.04431	0.05412	0.00474	0.00299	0.00749
4	0.01383	0.01191	0.03800	0.16264	0.10140	0.03873	0.14184	0.05328	0.13840	0.11692	0.04317	0.01592	0.01147	0.00591	0.00560	0.01423	0.00609	0.00526	0.00382	0.07157
5	0.01506	0.07932	0.19130	0.01427	0.07762	0.20482	0.04567	0.04697	0.03507	0.10090	0.06980	0.01457	0.02078	0.00612	0.00581	0.00159	0.05511	0.00468	0.00340	0.00715
6	0.01583	0.12305	0.11740	0.03925	0.04546	0.01127	0.04847	0.07212	0.05776	0.26765	0.10777	0.01860	0.03900	0.00659	0.00520	0.00159	0.00526	0.00548	0.00459	0.00765
7	0.00830	0.00577	0.00815	0.00986	0.06763	0.00551	0.00669	0.00982	0.01112	0.05348	0.05152	0.52325	0.03135	0.01454	0.00666	0.00212	0.00375	0.17064	0.00484	0.00499
8	0.01378	0.01258	0.01962	0.12243	0.44965	0.05302	0.07582	0.04380	0.01263	0.06684	0.01061	0.01326	0.00838	0.00492	0.00521	0.00155	0.00645	0.00469	0.00298	0.07178
9	0.01193	0.07355	0.07523	0.34786	0.16422	0.01309	0.05334	0.07938	0.01217	0.01632	0.01051	0.01534	0.00865	0.00586	0.00596	0.00172	0.05270	0.04256	0.00278	0.00682
10	0.01321	0.01023	0.01125	0.00997	0.01277	0.01139	0.00778	0.05431	0.54636	0.08053	0.15868	0.02290	0.02175	0.00775	0.00553	0.00175	0.00397	0.00653	0.00554	0.00783
11	0.02007	0.01560	0.01580	0.01227	0.01639	0.07558	0.01006	0.70702	0.02410	0.03176	0.01235	0.01245	0.00882	0.00628	0.00525	0.00157	0.00610	0.00466	0.00509	0.00877
12	0.00784	0.00545	0.00699	0.00688	0.00739	0.00570	0.00461	0.00848	0.00806	0.01117	0.01512	0.02783	0.01614	0.46657	0.30017	0.04928	0.00829	0.00664	0.00302	0.03440
13	0.00918	0.00459	0.00689	0.00689	0.00689	0.00459	0.00459	0.00689	0.00689	0.00918	0.00918	0.01607	0.00918	0.01837	0.02066	0.84619	0.00459	0.00459	0.00230	0.00230
14	0.00676	0.00513	0.00663	0.04693	0.00905	0.00483	0.00524	0.00817	0.01138	0.01499	0.16339	0.48291	0.18645	0.01435	0.00648	0.00197	0.00309	0.01277	0.00494	0.00453
15	0.01437	0.00990	0.01170	0.00868	0.01312	0.00835	0.00701	0.08141	0.05682	0.16863	0.01261	0.01299	0.00943	0.00483	0.00439	0.00108	0.00421	0.00386	0.00411	0.56250
16	0.08530	0.29379	0.14606	0.01232	0.01712	0.01530	0.13365	0.06805	0.07993	0.05806	0.03580	0.01267	0.00960	0.00530	0.00461	0.00150	0.00612	0.00433	0.00323	0.00727
17	0.01143	0.00667	0.00854	0.00780	0.00922	0.00673	0.02715	0.05555	0.01122	0.12188	0.01813	0.08609	0.01718	0.21631	0.04256	0.04618	0.02971	0.07129	0.20118	0.00518
18	0.01314	0.01190	0.01869	0.05447	0.01949	0.01253	0.27143	0.02263	0.39586	0.06333	0.04652	0.01820	0.01399	0.00624	0.00570	0.00177	0.00593	0.00611	0.00437	0.00771
19	0.01096	0.00940	0.01096	0.00783	0.01253	0.00705	0.00626	0.01331	0.01096	0.01723	0.00940	0.01096	0.00783	0.00392	0.00392	0.00078	0.00392	0.00313	0.00313	0.84653
20	0.03735	0.08542	0.20170	0.01257	0.01739	0.01368	0.07832	0.22247	0.14565	0.06435	0.01546	0.01569	0.05391	0.00622	0.00516	0.00164	0.00598	0.00508	0.00407	0.00790
21	0.05998	0.01117	0.03214	0.01271	0.05065	0.04253	0.07236	0.01906	0.01211	0.34167	0.02538	0.01591	0.01089	0.04724	0.00955	0.00199	0.21793	0.00513	0.00431	0.00730
22	0.05644	0.06471	0.24307	0.01334	0.05356	0.06434	0.08512	0.07415	0.05322	0.07834	0.09023	0.01546	0.01276	0.00587	0.00504	0.00157	0.00616	0.00489	0.03389	0.03784
23	0.11069	0.11037	0.03956	0.03393	0.19335	0.05552	0.00998	0.04412	0.05065	0.12147	0.12313	0.01648	0.01475	0.00605	0.00485	0.00151	0.00517	0.00494	0.00389	0.04960

[dist]
# distance from previous block
# <min> <max>
1	18

[block]
# block no. 6 follows, 46 sequences, length 15
# corresponding to MSA columns:
# 339-353
name=unknown_G
#
# <colnr> <probs for GDERKNQSTAVLIFYWHMCP>
#	G	D	E	R	K	N	Q	S	T	A	V	L	I	F	Y	W	H	M	C	P
0	0.03408	0.00676	0.00854	0.05491	0.03764	0.00660	0.00646	0.01166	0.07728	0.01778	0.27509	0.17363	0.13149	0.01086	0.00596	0.00176	0.00349	0.05881	0.00482	0.07238
1	0.01363	0.14355	0.16619	0.03756	0.01610	0.01221	0.03453	0.01876	0.14387	0.14200	0.05158	0.03420	0.01241	0.00625	0.00562	0.00156	0.05235	0.00493	0.00385	0.09884
2	0.01332	0.03008	0.08601	0.05040	0.38025	0.01123	0.07176	0.01683	0.02937	0.09539	0.03617	0.01415	0.01004	0.00506	0.00511	0.00149	0.00594	0.00474	0.00321	0.12945
3	0.01150	0.00914	0.01081	0.00790	0.01235	0.00696	0.00629	0.01376	0.01117	0.06219	0.01102	0.04970	0.00944	0.00468	0.00413	0.00090	0.00391	0.00383	0.00342	0.75692
4	0.01254	0.31711	0.08597	0.00898	0.01387	0.01279	0.00854	0.01496	0.01103	0.03974	0.00899	0.01026	0.00750	0.00433	0.00386	0.00102	0.00494	0.00315	0.00283	0.42759
5	0.01259	0.09499	0.17372	0.07588	0.23348	0.01288	0.01332	0.03121	0.18599	0.04213	0.01376	0.03379	0.01121	0.00612	0.00517	0.00166	0.00591	0.03505	0.00343	0.00771
6	0.01044	0.00962	0.01567	0.47692	0.16660	0.01116	0.02743	0.01405	0.04830	0.01455	0.01203	0.05108	0.01055	0.05703	0.00706	0.00199	0.02437	0.03213	0.00281	0.00620
7	0.01263	0.01019	0.01145	0.00914	0.01309	0.00962	0.00723	0.02019	0.32708	0.06492	0.01511	0.01502	0.01159	0.00542	0.00461	0.00125	0.00406	0.00444	0.00427	0.44868
8	0.04449	0.01053	0.01439	0.29843	0.10128	0.01109	0.01098	0.10320	0.07181	0.04290	0.01107	0.01333	0.00847	0.00515	0.00484	0.00145	0.00556	0.00433	0.00334	0.23333
9	0.01762	0.34806	0.02078	0.01087	0.01522	0.01827	0.00963	0.45311	0.01900	0.02465	0.01047	0.01094	0.00807	0.00559	0.00450	0.00140	0.00575	0.00396	0.00403	0.00807
10	0.01096	0.00940	0.01096	0.00783	0.01253	0.00705	0.00626	0.01331	0.01096	0.01723	0.00940	0.01096	0.00783	0.00392	0.00392	0.00078	0.00392	0.00313	0.00313	0.84653
11	0.01007	0.00873	0.00907	0.00950	0.01085	0.11531	0.00772	0.01254	0.04051	0.01534	0.07524	0.04393	0.02539	0.09691	0.05496	0.00281	0.00584	0.42551	0.02476	0.00500
12	0.01878	0.01468	0.01509	0.01197	0.01590	0.05418	0.00974	0.58929	0.16410	0.03021	0.01412	0.01385	0.01022	0.00646	0.00528	0.00161	0.00570	0.00492	0.00518	0.00873
13	0.44060	0.01132	0.01115	0.01000	0.03585	0.08664	0.06928	0.03297	0.02905	0.02005	0.01166	0.12863	0.01094	0.00665	0.00439	0.00163	0.00496	0.00520	0.00348	0.07556
14	0.01298	0.12339	0.23009	0.15355	0.11638	0.07902	0.05030	0.01698	0.03845	0.07219	0.01263	0.01434	0.04604	0.00557	0.00501	0.00159	0.00678	0.00461	0.00293	0.00717

[dist]
# distance from previous block
# <min> <max>
1	2

[block]
# block no. 7 follows, 46 sequences, length 7
# corresponding to MSA columns:
# 356-362
name=unknown_H
#
# <colnr> <probs for GDERKNQSTAVLIFYWHMCP>
#	G	D	E	R	K	N	Q	S	T	A	V	L	I	F	Y	W	H	M	C	P
0	0.00671	0.00499	0.00632	0.00728	0.00805	0.00460	0.00525	0.00795	0.01085	0.01401	0.03427	0.53308	0.19604	0.01558	0.00672	0.00211	0.00325	0.12362	0.00490	0.00442
1	0.01114	0.01058	0.01795	0.51385	0.31500	0.01205	0.01526	0.01452	0.01112	0.01492	0.00960	0.01372	0.00754	0.00507	0.00527	0.00169	0.00676	0.00470	0.00245	0.00681
2	0.00985	0.00645	0.00865	0.08796	0.01201	0.00629	0.00660	0.05370	0.01164	0.10506	0.02416	0.54822	0.02662	0.01298	0.00619	0.00194	0.00384	0.01161	0.00477	0.05147
3	0.01241	0.01187	0.02024	0.19962	0.61933	0.01238	0.01589	0.01563	0.01172	0.01645	0.00982	0.01330	0.00809	0.00484	0.00524	0.00161	0.00645	0.00471	0.00256	0.00783
4	0.01385	0.47897	0.02403	0.01170	0.01506	0.05534	0.07255	0.04489	0.01098	0.01373	0.00778	0.00995	0.00701	0.00582	0.00728	0.00151	0.20680	0.00367	0.00245	0.00662
5	0.00667	0.00478	0.00634	0.00721	0.00772	0.00444	0.00492	0.00793	0.01117	0.01517	0.19202	0.64311	0.03821	0.01531	0.00664	0.00204	0.00294	0.01384	0.00511	0.00444
6	0.00920	0.00750	0.00952	0.04012	0.06588	0.00773	0.00775	0.01414	0.17734	0.01733	0.11147	0.09263	0.17530	0.01141	0.00630	0.00198	0.00409	0.22967	0.00484	0.00581

[dist]
# distance from previous block
# <min> <max>
0	3

[block]
# block no. 8 follows, 46 sequences, length 7
# corresponding to MSA columns:
# 366-372
name=unknown_I
#
# <colnr> <probs for GDERKNQSTAVLIFYWHMCP>
#	G	D	E	R	K	N	Q	S	T	A	V	L	I	F	Y	W	H	M	C	P
0	0.01294	0.04606	0.10098	0.00938	0.01434	0.00956	0.00849	0.11855	0.01310	0.05613	0.01033	0.01146	0.00807	0.00453	0.00428	0.00105	0.00473	0.00354	0.00346	0.55903
1	0.00692	0.00511	0.00628	0.00651	0.00744	0.00467	0.00457	0.00841	0.01207	0.01618	0.31113	0.28294	0.19633	0.09673	0.00855	0.00220	0.00299	0.01142	0.00507	0.00447
2	0.01183	0.11999	0.04328	0.14274	0.18264	0.01226	0.03966	0.01538	0.06735	0.04379	0.04240	0.01764	0.07895	0.00649	0.00621	0.00162	0.08246	0.00528	0.03822	0.04181
3	0.00684	0.00486	0.00609	0.00677	0.00719	0.00458	0.00444	0.00773	0.01016	0.01356	0.10564	0.49198	0.08116	0.21004	0.01157	0.00280	0.00348	0.01242	0.00459	0.00411
4	0.01117	0.11660	0.13805	0.05224	0.18582	0.03759	0.06057	0.01503	0.06558	0.01607	0.05785	0.13358	0.04173	0.00772	0.00542	0.00169	0.00575	0.03739	0.00338	0.00675
5	0.01010	0.00794	0.01227	0.40211	0.02273	0.00895	0.01018	0.01192	0.01015	0.03951	0.06085	0.05358	0.01191	0.00905	0.00904	0.18387	0.03508	0.00534	0.00291	0.09252
6	0.01469	0.34349	0.16622	0.01266	0.07553	0.05630	0.01151	0.13151	0.03059	0.05657	0.01142	0.03038	0.02665	0.00561	0.00449	0.00143	0.00612	0.00418	0.00318	0.00744

[dist]
# distance from previous block
# <min> <max>
2	36

[block]
# block no. 9 follows, 46 sequences, length 20
# corresponding to MSA columns:
# 409-428
name=unknown_J
#
# <colnr> <probs for GDERKNQSTAVLIFYWHMCP>
#	G	D	E	R	K	N	Q	S	T	A	V	L	I	F	Y	W	H	M	C	P
0	0.01178	0.06251	0.07492	0.15381	0.21043	0.02887	0.01210	0.06711	0.02527	0.01747	0.14159	0.01747	0.01518	0.01931	0.00687	0.00171	0.09056	0.00534	0.00330	0.03439
1	0.00757	0.00557	0.00674	0.00633	0.00767	0.00508	0.00460	0.00942	0.01268	0.01759	0.42645	0.03788	0.17505	0.14120	0.03417	0.00239	0.00340	0.00890	0.03405	0.05324
2	0.00791	0.00542	0.00682	0.00717	0.00832	0.00498	0.00526	0.00968	0.02483	0.06044	0.19470	0.36616	0.19016	0.01377	0.00647	0.00196	0.00311	0.07275	0.00520	0.00487
3	0.00985	0.00493	0.00493	0.00493	0.00616	0.00493	0.00370	0.01232	0.01109	0.01971	0.01725	0.01971	0.01355	0.00616	0.00370	0.00123	0.00246	0.00493	0.84356	0.00493
4	0.04069	0.00938	0.01247	0.00966	0.01345	0.00867	0.00797	0.03943	0.01434	0.63580	0.01846	0.01666	0.01197	0.00653	0.00613	0.00163	0.06857	0.00504	0.00586	0.06729
5	0.00721	0.00531	0.00675	0.00656	0.00778	0.00485	0.00485	0.00939	0.01407	0.01948	0.60453	0.12410	0.14196	0.01176	0.00629	0.00173	0.00258	0.01036	0.00560	0.00485
6	0.01738	0.01346	0.01434	0.01161	0.01536	0.01513	0.00939	0.47640	0.31648	0.02894	0.01614	0.01544	0.01178	0.00667	0.00532	0.00167	0.00518	0.00523	0.00532	0.00875
7	0.10659	0.04084	0.06756	0.14069	0.25132	0.16415	0.01296	0.03815	0.01189	0.01634	0.00887	0.01160	0.00727	0.00553	0.00620	0.00164	0.09469	0.00413	0.00268	0.00690
8	0.01331	0.09840	0.02118	0.05398	0.60582	0.03807	0.01476	0.01693	0.05605	0.01677	0.01027	0.01290	0.00856	0.00488	0.00503	0.00154	0.00622	0.00454	0.00273	0.00805
9	0.07395	0.01540	0.26192	0.07129	0.01845	0.01037	0.03667	0.02040	0.07202	0.29718	0.01445	0.01445	0.00983	0.00567	0.00503	0.00163	0.00582	0.00460	0.00420	0.05667
10	0.00636	0.00526	0.00557	0.00571	0.00726	0.00448	0.00420	0.00772	0.01199	0.01464	0.09857	0.15141	0.63134	0.01364	0.00631	0.00183	0.00272	0.01157	0.00497	0.00448
11	0.01368	0.01104	0.01315	0.10737	0.06067	0.01248	0.00955	0.13265	0.39292	0.06060	0.01985	0.03644	0.06442	0.00733	0.00583	0.00176	0.03171	0.00603	0.00475	0.00776
12	0.01210	0.01086	0.01344	0.01185	0.01335	0.01358	0.00969	0.07172	0.25834	0.01766	0.01679	0.02112	0.05694	0.00911	0.01099	0.00207	0.36419	0.07559	0.00392	0.00669
13	0.01220	0.01337	0.02707	0.08767	0.02603	0.01353	0.56970	0.01681	0.05571	0.01646	0.01079	0.01426	0.00829	0.00522	0.00736	0.00184	0.09806	0.00591	0.00276	0.00694
14	0.01069	0.01177	0.09712	0.15160	0.06019	0.00976	0.12162	0.01387	0.01111	0.01600	0.01187	0.06388	0.01063	0.00602	0.00556	0.00148	0.03545	0.05008	0.00299	0.30833
15	0.01675	0.00835	0.01056	0.00861	0.01177	0.00773	0.00689	0.03435	0.10973	0.39470	0.20287	0.02289	0.02193	0.00744	0.00536	0.00158	0.00385	0.00624	0.05008	0.06833
16	0.00741	0.00537	0.00702	0.00687	0.00805	0.00498	0.00517	0.00973	0.01426	0.01995	0.64077	0.11257	0.06852	0.01165	0.00635	0.00176	0.00270	0.05632	0.00565	0.00490
17	0.01311	0.00633	0.00849	0.00805	0.00981	0.00568	0.00593	0.01447	0.01209	0.30740	0.05145	0.44845	0.02647	0.04710	0.00706	0.00206	0.00368	0.01082	0.00549	0.00606
18	0.00650	0.00498	0.00606	0.00669	0.00761	0.00454	0.00471	0.00772	0.01098	0.01414	0.08025	0.45042	0.29492	0.01657	0.05591	0.00239	0.00359	0.01277	0.00483	0.00442
19	0.01180	0.00990	0.01581	0.35690	0.25304	0.01093	0.01291	0.01550	0.06873	0.06583	0.03793	0.01664	0.03543	0.00661	0.00631	0.05470	0.00599	0.00520	0.00313	0.00672

[dist]
# distance from previous block
# <min> <max>
0	19

[block]
# block no. 10 follows, 46 sequences, length 14
# corresponding to MSA columns:
# 448-461
name=unknown_K
#
# <colnr> <probs for GDERKNQSTAVLIFYWHMCP>
#	G	D	E	R	K	N	Q	S	T	A	V	L	I	F	Y	W	H	M	C	P
0	0.01592	0.01261	0.01355	0.01096	0.01475	0.01372	0.00881	0.35248	0.33163	0.02639	0.01587	0.01535	0.01178	0.00634	0.00513	0.00156	0.00487	0.00503	0.00502	0.12822
1	0.77737	0.01011	0.00817	0.00717	0.01052	0.01149	0.00591	0.01646	0.00955	0.09193	0.00857	0.00943	0.00638	0.00505	0.00345	0.00164	0.00413	0.00308	0.00356	0.00602
2	0.01181	0.01009	0.01767	0.01369	0.01671	0.01011	0.29417	0.04806	0.03630	0.07380	0.13874	0.08630	0.03882	0.00768	0.00691	0.00177	0.08018	0.00721	0.09361	0.00637
3	0.00730	0.00534	0.00685	0.00659	0.00781	0.00489	0.00490	0.00957	0.01435	0.02002	0.65906	0.09650	0.11418	0.01146	0.00627	0.00171	0.00255	0.01010	0.00567	0.00489
4	0.00749	0.00560	0.00701	0.00741	0.00869	0.00523	0.00592	0.00942	0.01248	0.01628	0.21756	0.08085	0.24828	0.05971	0.00785	0.00221	0.00361	0.28474	0.00502	0.00466
5	0.00742	0.00543	0.00685	0.00764	0.00845	0.00519	0.00547	0.05107	0.01141	0.01497	0.03102	0.59486	0.12287	0.01539	0.00666	0.00210	0.00337	0.09026	0.00493	0.00464
6	0.01190	0.03619	0.42614	0.06587	0.24334	0.01244	0.07162	0.01668	0.01159	0.04069	0.01002	0.01227	0.00750	0.00494	0.00516	0.00164	0.00726	0.00438	0.00252	0.00783
7	0.06518	0.12580	0.03530	0.01280	0.05122	0.02661	0.06439	0.39049	0.06606	0.06216	0.01206	0.01256	0.00892	0.00573	0.00492	0.00152	0.00580	0.00449	0.00432	0.03968
8	0.01173	0.00746	0.00825	0.00741	0.00936	0.03108	0.00571	0.08995	0.05088	0.10406	0.25577	0.07686	0.06464	0.00872	0.00526	0.00156	0.00339	0.00736	0.24460	0.00594
9	0.01022	0.00580	0.00793	0.00774	0.00892	0.00570	0.00565	0.01145	0.01057	0.15130	0.09048	0.25403	0.02343	0.11603	0.21360	0.05235	0.00648	0.00888	0.00439	0.00507
10	0.01211	0.10486	0.16129	0.15484	0.35264	0.01354	0.05288	0.01567	0.01130	0.01574	0.00936	0.01237	0.00757	0.00507	0.00569	0.00162	0.04910	0.00442	0.00245	0.00747
11	0.01290	0.31503	0.21839	0.06002	0.08117	0.01558	0.09080	0.07404	0.01230	0.01626	0.01008	0.01350	0.00846	0.00538	0.00472	0.00151	0.00664	0.04328	0.00270	0.00723
12	0.00822	0.00580	0.00730	0.00783	0.00880	0.00570	0.00587	0.01051	0.06242	0.03532	0.07107	0.27552	0.08772	0.16090	0.01041	0.00268	0.00401	0.22049	0.00471	0.00471
13	0.15742	0.00773	0.00957	0.00942	0.07258	0.00747	0.00668	0.01533	0.01354	0.21671	0.33903	0.02729	0.07954	0.00838	0.00541	0.00165	0.00360	0.00703	0.00524	0.00638

[dist]
# distance from previous block
# <min> <max>
1	19

[block]
# block no. 11 follows, 46 sequences, length 12
# corresponding to MSA columns:
# 483-494
name=unknown_L
#
# <colnr> <probs for GDERKNQSTAVLIFYWHMCP>
#	G	D	E	R	K	N	Q	S	T	A	V	L	I	F	Y	W	H	M	C	P
0	0.01215	0.09668	0.10143	0.01371	0.15823	0.05503	0.01013	0.01495	0.01139	0.01644	0.00923	0.01104	0.00764	0.00434	0.00428	0.00110	0.00530	0.00350	0.00282	0.46061
1	0.07047	0.14161	0.11060	0.01335	0.10109	0.01449	0.01074	0.10684	0.33541	0.02077	0.01453	0.01459	0.01110	0.00596	0.00485	0.00161	0.00528	0.00473	0.00404	0.00794
2	0.06609	0.00742	0.01058	0.05783	0.12571	0.00756	0.00932	0.01182	0.01156	0.01619	0.02250	0.13617	0.02409	0.01190	0.00645	0.00213	0.00490	0.43503	0.00424	0.02849
3	0.01079	0.00935	0.01218	0.06212	0.01454	0.01012	0.07717	0.01934	0.37225	0.01984	0.19055	0.02853	0.07405	0.00862	0.00586	0.00181	0.00439	0.06673	0.00496	0.00680
4	0.01054	0.13438	0.00856	0.00558	0.00734	0.00748	0.00455	0.01288	0.01103	0.01855	0.01567	0.01792	0.01247	0.00590	0.00365	0.00122	0.00297	0.00459	0.70951	0.00522
5	0.01096	0.00940	0.01096	0.00783	0.01253	0.00705	0.00626	0.01331	0.01096	0.01723	0.00940	0.01096	0.00783	0.00392	0.00392	0.00078	0.00392	0.00313	0.00313	0.84653
6	0.00713	0.00530	0.00652	0.00637	0.00757	0.00482	0.00465	0.00906	0.01339	0.01824	0.49964	0.11267	0.20490	0.06698	0.00770	0.00197	0.00277	0.01028	0.00536	0.00469
7	0.01445	0.01207	0.01325	0.01230	0.05942	0.01372	0.00915	0.16539	0.58685	0.02393	0.01918	0.01801	0.01434	0.00687	0.00535	0.00174	0.00461	0.00567	0.00520	0.00848
8	0.60890	0.01252	0.01005	0.00861	0.01202	0.08472	0.00700	0.16543	0.01271	0.02464	0.00850	0.00949	0.00648	0.00524	0.00381	0.00160	0.00494	0.00329	0.00362	0.00641
9	0.03176	0.01033	0.03482	0.14707	0.16467	0.01042	0.07977	0.07999	0.08155	0.06776	0.01724	0.20574	0.02942	0.00828	0.00569	0.00179	0.00546	0.00753	0.00391	0.00681
10	0.01353	0.01225	0.01997	0.08134	0.62392	0.01237	0.01502	0.06499	0.01281	0.03953	0.01037	0.01317	0.00843	0.00487	0.00518	0.00155	0.00614	0.00466	0.00291	0.04700
11	0.00703	0.00510	0.00596	0.00639	0.00700	0.00479	0.00425	0.00779	0.00977	0.01255	0.03011	0.26148	0.21226	0.33422	0.01471	0.00327	0.00392	0.06123	0.00422	0.00394

[dist]
# distance from previous block
# <min> <max>
0	3

[block]
# block no. 12 follows, 46 sequences, length 18
# corresponding to MSA columns:
# 498-515
name=unknown_M
#
# <colnr> <probs for GDERKNQSTAVLIFYWHMCP>
#	G	D	E	R	K	N	Q	S	T	A	V	L	I	F	Y	W	H	M	C	P
0	0.04457	0.04490	0.05180	0.06615	0.60274	0.01276	0.01511	0.03964	0.01228	0.04551	0.01018	0.01287	0.00827	0.00487	0.00509	0.00157	0.00620	0.00456	0.00282	0.00811
1	0.04491	0.66525	0.02606	0.01094	0.05171	0.01958	0.03887	0.01568	0.01064	0.01329	0.00758	0.00913	0.00688	0.00484	0.00448	0.00127	0.05660	0.00317	0.00234	0.00677
2	0.00691	0.00528	0.00634	0.00628	0.00760	0.00471	0.00463	0.00879	0.01330	0.01775	0.42418	0.14355	0.30657	0.01247	0.00631	0.00177	0.00263	0.01084	0.00538	0.00471
3	0.00690	0.00520	0.00638	0.00647	0.00764	0.00468	0.00470	0.00870	0.01301	0.01747	0.40153	0.22695	0.24530	0.01289	0.00636	0.00181	0.00268	0.01130	0.00535	0.00468
4	0.01194	0.01644	0.23834	0.10473	0.17697	0.03429	0.05331	0.04520	0.02208	0.01632	0.00952	0.01245	0.00763	0.00654	0.02473	0.00188	0.15535	0.00446	0.00261	0.05524
5	0.00643	0.00464	0.00609	0.00726	0.00764	0.00430	0.00486	0.00737	0.01022	0.01354	0.03041	0.77127	0.07363	0.01640	0.00672	0.00213	0.00305	0.01483	0.00491	0.00430
6	0.01191	0.01250	0.05714	0.06691	0.15601	0.01145	0.37785	0.01600	0.03356	0.04539	0.12364	0.01868	0.03186	0.00585	0.00589	0.00172	0.00693	0.00633	0.00335	0.00703
7	0.04294	0.01170	0.01599	0.11310	0.20510	0.05580	0.04475	0.09524	0.05373	0.25776	0.04087	0.01567	0.01141	0.00589	0.00527	0.00163	0.00577	0.00507	0.00436	0.00794
8	0.69888	0.01007	0.00826	0.00724	0.01045	0.01145	0.00593	0.06440	0.01044	0.05525	0.00902	0.01009	0.00684	0.00516	0.00352	0.00160	0.00409	0.00325	0.06804	0.00601
9	0.50203	0.00989	0.00998	0.02666	0.07213	0.01073	0.00719	0.01772	0.05939	0.16158	0.03367	0.01421	0.04383	0.00588	0.00419	0.00165	0.00430	0.00425	0.00407	0.00663
10	0.01694	0.01324	0.01409	0.01153	0.01519	0.01492	0.00929	0.42961	0.36399	0.02823	0.01670	0.01589	0.01224	0.00672	0.00533	0.00168	0.00508	0.00531	0.00533	0.00871
11	0.47020	0.07045	0.01194	0.00880	0.01252	0.01330	0.00738	0.22076	0.01414	0.11123	0.01033	0.01076	0.00752	0.00546	0.00406	0.00159	0.00472	0.00365	0.00412	0.00706
12	0.00789	0.00558	0.00685	0.00662	0.00721	0.00565	0.00431	0.00855	0.00814	0.01128	0.01548	0.02930	0.01684	0.55518	0.22279	0.00568	0.00737	0.00683	0.00310	0.06536
13	0.02149	0.01173	0.01386	0.01072	0.01481	0.01193	0.00882	0.35578	0.06278	0.40522	0.01724	0.01572	0.01143	0.00649	0.00531	0.00162	0.00507	0.00511	0.00592	0.00896
14	0.10101	0.01043	0.01282	0.01003	0.01377	0.01045	0.00829	0.16671	0.01591	0.51027	0.01697	0.01560	0.01114	0.00655	0.00600	0.00168	0.06331	0.00492	0.00568	0.00845
15	0.01524	0.01350	0.05405	0.01303	0.01588	0.01492	0.06557	0.35994	0.01660	0.02312	0.01228	0.01417	0.03844	0.00737	0.00931	0.00184	0.27081	0.00504	0.04153	0.00737
16	0.44039	0.08300	0.01263	0.06700	0.01437	0.04096	0.00802	0.20822	0.01379	0.05437	0.00944	0.01044	0.00709	0.00535	0.00408	0.00158	0.00509	0.00360	0.00374	0.00681
17	0.17080	0.01638	0.17027	0.01544	0.09865	0.09637	0.14564	0.03514	0.10738	0.05391	0.01131	0.01267	0.00850	0.00525	0.00494	0.00163	0.00657	0.00448	0.00328	0.03139

[dist]
# distance from previous block
# <min> <max>
3	7

[block]
# block no. 13 follows, 46 sequences, length 7
# corresponding to MSA columns:
# 525-531
name=unknown_N
#
# <colnr> <probs for GDERKNQSTAVLIFYWHMCP>
#	G	D	E	R	K	N	Q	S	T	A	V	L	I	F	Y	W	H	M	C	P
0	0.01275	0.10247	0.07400	0.08723	0.48858	0.01349	0.06208	0.01681	0.06084	0.01669	0.01038	0.01303	0.00846	0.00490	0.00509	0.00157	0.00641	0.00462	0.00271	0.00788
1	0.01358	0.01132	0.01863	0.02540	0.53925	0.01119	0.04114	0.01714	0.04962	0.10296	0.10302	0.01713	0.01419	0.00575	0.00541	0.00161	0.00563	0.00547	0.00357	0.00799
2	0.10209	0.00758	0.01105	0.00998	0.01128	0.00894	0.06077	0.01094	0.00865	0.01369	0.01169	0.01721	0.01076	0.02708	0.47293	0.07235	0.13013	0.00515	0.00275	0.00497
