[name]
unknown

[dist]
# distance from previous block
# <min> <max>
0	375

[block]
# block no. 0 follows, 40 sequences, length 14
# corresponding to MSA columns:
# 382-395
name=unknown_A
#
# <colnr> <probs for GDERKNQSTAVLIFYWHMCP>
#	G	D	E	R	K	N	Q	S	T	A	V	L	I	F	Y	W	H	M	C	P
0	0.07325	0.00778	0.01011	0.01054	0.01255	0.00781	0.00911	0.04188	0.01404	0.10781	0.02753	0.05401	0.02828	0.01387	0.00736	0.00247	0.00528	0.55471	0.00546	0.00614
1	0.01853	0.01251	0.01399	0.01125	0.01470	0.01334	0.00894	0.45090	0.02168	0.11246	0.08552	0.07796	0.01802	0.10242	0.00887	0.00227	0.00558	0.00702	0.00572	0.00834
2	0.01499	0.01145	0.01323	0.01184	0.05100	0.01227	0.00889	0.30090	0.13754	0.02850	0.31029	0.02693	0.02898	0.00899	0.00624	0.00181	0.00469	0.00754	0.00592	0.00800
3	0.00736	0.00526	0.00706	0.00841	0.00887	0.00496	0.00587	0.00857	0.01140	0.01515	0.03190	0.70516	0.03787	0.01796	0.00750	0.00240	0.00361	0.10052	0.00539	0.00480
4	0.00845	0.00568	0.00654	0.00654	0.00661	0.00575	0.00377	0.00859	0.00852	0.01142	0.01814	0.03704	0.02070	0.74530	0.07932	0.00589	0.00630	0.00831	0.00350	0.00364
5	0.37562	0.01266	0.01325	0.01191	0.06816	0.01369	0.00899	0.23325	0.01664	0.17468	0.01298	0.01319	0.00917	0.00621	0.00486	0.00178	0.00532	0.00445	0.00492	0.00828
6	0.01600	0.01321	0.02101	0.02664	0.46249	0.01303	0.06301	0.05622	0.07617	0.11153	0.01364	0.01555	0.01053	0.00566	0.00575	0.00171	0.00644	0.00536	0.00386	0.07219
7	0.05171	0.01280	0.01973	0.30426	0.34910	0.01409	0.01567	0.12656	0.01464	0.02049	0.01105	0.01451	0.00865	0.00570	0.00569	0.00181	0.00703	0.00509	0.00325	0.00817
8	0.07495	0.01261	0.01672	0.27969	0.16763	0.05198	0.01311	0.09949	0.06809	0.02036	0.05689	0.01627	0.01180	0.00638	0.00602	0.00179	0.03150	0.00528	0.00363	0.05579
9	0.01346	0.01313	0.02025	0.26775	0.41443	0.05195	0.01599	0.01681	0.01267	0.01728	0.01050	0.01432	0.00857	0.00552	0.00608	0.00174	0.03263	0.00497	0.00282	0.06913
10	0.01554	0.01166	0.01682	0.16792	0.14118	0.01243	0.04899	0.09935	0.12398	0.13695	0.09924	0.01972	0.01615	0.00710	0.00639	0.00184	0.03144	0.00613	0.00467	0.03249
11	0.03267	0.01308	0.03813	0.14754	0.14513	0.05073	0.05695	0.13955	0.06017	0.05232	0.06588	0.09298	0.01554	0.00776	0.00640	0.00186	0.03132	0.00669	0.00420	0.03109
12	0.05735	0.02805	0.01585	0.13495	0.16348	0.01105	0.02553	0.04920	0.01407	0.17580	0.08971	0.05503	0.01581	0.00714	0.00610	0.00173	0.03055	0.00607	0.00443	0.10810
13	0.01516	0.01241	0.04016	0.05376	0.12201	0.02790	0.01059	0.17251	0.14803	0.07818	0.19693	0.02290	0.02222	0.00785	0.00599	0.00178	0.00529	0.00666	0.00522	0.04446

[dist]
# distance from previous block
# <min> <max>
0	1

[block]
# block no. 1 follows, 40 sequences, length 6
# corresponding to MSA columns:
# 397-402
name=unknown_B
#
# <colnr> <probs for GDERKNQSTAVLIFYWHMCP>
#	G	D	E	R	K	N	Q	S	T	A	V	L	I	F	Y	W	H	M	C	P
0	0.01602	0.10884	0.08885	0.04117	0.04837	0.04396	0.01073	0.16383	0.12530	0.08476	0.05295	0.04004	0.01394	0.00689	0.00540	0.00164	0.00578	0.00551	0.04059	0.09545
1	0.04061	0.07882	0.08517	0.08251	0.09393	0.06739	0.01141	0.08297	0.11653	0.10790	0.01466	0.03669	0.01167	0.04203	0.00646	0.00184	0.00622	0.00529	0.00416	0.10372
2	0.03618	0.07509	0.12806	0.04099	0.04442	0.06140	0.01096	0.07039	0.07225	0.09762	0.11435	0.04348	0.03700	0.00753	0.00614	0.00171	0.03925	0.00598	0.00437	0.10284
3	0.05033	0.01481	0.07870	0.07935	0.09764	0.07828	0.05220	0.12334	0.06376	0.09938	0.08153	0.01719	0.01393	0.00663	0.00599	0.00171	0.02682	0.00546	0.00431	0.09864
4	0.01583	0.06897	0.09651	0.03515	0.05896	0.03092	0.01081	0.08611	0.12578	0.14658	0.03468	0.04135	0.04552	0.00725	0.00621	0.00170	0.04540	0.00575	0.00460	0.13190
5	0.01569	0.04779	0.10698	0.06956	0.07784	0.05181	0.04842	0.05210	0.06810	0.16775	0.05436	0.08111	0.01510	0.00729	0.00572	0.00172	0.00606	0.00623	0.00448	0.11190

[dist]
# distance from previous block
# <min> <max>
3	77

[block]
# block no. 2 follows, 40 sequences, length 48
# corresponding to MSA columns:
# 480-527
name=unknown_C
#
# <colnr> <probs for GDERKNQSTAVLIFYWHMCP>
#	G	D	E	R	K	N	Q	S	T	A	V	L	I	F	Y	W	H	M	C	P
0	0.09082	0.07410	0.05681	0.01047	0.04464	0.00986	0.02128	0.04802	0.02590	0.10280	0.26793	0.06242	0.03661	0.00988	0.03247	0.00198	0.00488	0.00726	0.01708	0.07479
1	0.03618	0.13654	0.08028	0.04538	0.09048	0.02761	0.05131	0.07909	0.05653	0.09971	0.08575	0.10478	0.04238	0.03083	0.00645	0.00190	0.00581	0.00702	0.00439	0.00755
2	0.08708	0.11089	0.13324	0.01263	0.01701	0.05315	0.06134	0.10549	0.13277	0.07424	0.06349	0.01691	0.01356	0.00879	0.04862	0.00219	0.02665	0.00535	0.01867	0.00794
3	0.06683	0.05156	0.12840	0.01255	0.06512	0.01147	0.01066	0.05141	0.13916	0.19964	0.11403	0.02106	0.04217	0.00739	0.00564	0.00176	0.00528	0.00605	0.00509	0.05475
4	0.12940	0.15109	0.06970	0.01367	0.08080	0.02442	0.04100	0.14107	0.06134	0.07889	0.07468	0.04919	0.01435	0.00715	0.00587	0.00176	0.03782	0.00560	0.00429	0.00792
5	0.07410	0.02840	0.10101	0.01536	0.12025	0.05620	0.01179	0.25910	0.06266	0.08231	0.04477	0.04206	0.03852	0.00719	0.00565	0.00176	0.00617	0.00576	0.00470	0.03224
6	0.03850	0.06246	0.13590	0.01176	0.01633	0.06484	0.01081	0.08223	0.16325	0.20595	0.07238	0.03177	0.01557	0.00716	0.00559	0.00174	0.00581	0.00571	0.00508	0.05717
7	0.05741	0.01179	0.04437	0.01042	0.01398	0.03700	0.00850	0.13767	0.10943	0.10067	0.01792	0.14186	0.01598	0.03190	0.05935	0.00232	0.00583	0.00688	0.00480	0.18192
8	0.01722	0.01420	0.05286	0.01176	0.01548	0.06856	0.00982	0.30909	0.10013	0.08709	0.10772	0.06740	0.04318	0.00859	0.00621	0.00181	0.01697	0.01954	0.00545	0.03691
9	0.01298	0.01436	0.14793	0.01279	0.06643	0.04749	0.01086	0.12370	0.01528	0.04043	0.12388	0.04433	0.11228	0.04260	0.00772	0.00196	0.04861	0.02981	0.00439	0.09218
10	0.01089	0.00866	0.02996	0.06247	0.01300	0.03343	0.00797	0.05560	0.03802	0.05493	0.02463	0.37771	0.06031	0.01442	0.00938	0.08946	0.05870	0.04012	0.00468	0.00566
11	0.01505	0.01170	0.04323	0.01181	0.05517	0.03619	0.00894	0.13733	0.18686	0.11944	0.03821	0.08964	0.12393	0.04373	0.00801	0.04500	0.00512	0.00773	0.00527	0.00765
12	0.04094	0.01539	0.05580	0.01236	0.01629	0.06674	0.01029	0.28065	0.33607	0.02759	0.01775	0.01731	0.01318	0.00717	0.00564	0.00181	0.00575	0.00561	0.05472	0.00894
13	0.00851	0.00558	0.00643	0.00648	0.00649	0.00557	0.00368	0.00839	0.00850	0.01133	0.01831	0.06302	0.02108	0.72212	0.02842	0.05501	0.00552	0.00853	0.00353	0.00351
14	0.02781	0.05285	0.15221	0.05491	0.01810	0.03724	0.05195	0.11752	0.08024	0.14204	0.05061	0.15428	0.01747	0.00870	0.00601	0.00190	0.00607	0.00742	0.00476	0.00790
15	0.01762	0.43631	0.02553	0.01370	0.05551	0.17390	0.05447	0.12762	0.01529	0.01783	0.00952	0.01091	0.00801	0.00549	0.00465	0.00144	0.00737	0.00389	0.00314	0.00780
16	0.00712	0.00508	0.00677	0.00808	0.00844	0.00474	0.00540	0.00817	0.01127	0.01507	0.05120	0.77205	0.03890	0.01805	0.00741	0.00235	0.00336	0.01637	0.00542	0.00474
17	0.69441	0.01183	0.01082	0.01127	0.09966	0.01342	0.00792	0.05759	0.01127	0.02585	0.00876	0.01028	0.00684	0.00546	0.00398	0.00179	0.00489	0.00350	0.00364	0.00684
18	0.00723	0.00521	0.00685	0.00790	0.00844	0.00483	0.00537	0.00849	0.01192	0.01600	0.12889	0.66269	0.07014	0.01724	0.00733	0.00227	0.00327	0.01556	0.00553	0.00483
19	0.01736	0.36567	0.02147	0.01081	0.01529	0.10005	0.00950	0.10738	0.07159	0.08814	0.01205	0.01262	0.00954	0.00573	0.00460	0.00140	0.00613	0.00406	0.02555	0.11106
20	0.01503	0.05687	0.07485	0.01376	0.05621	0.01183	0.11086	0.07433	0.08544	0.09757	0.01332	0.01443	0.01010	0.00542	0.00523	0.00143	0.00589	0.00474	0.00403	0.33867
21	0.01120	0.00713	0.00936	0.00814	0.00991	0.00642	0.00586	0.04037	0.00977	0.01391	0.01033	0.01581	0.00964	0.01480	0.01640	0.54283	0.00488	0.00457	0.00294	0.25574
22	0.00757	0.00570	0.00705	0.00780	0.00871	0.00536	0.00543	0.00968	0.05039	0.01654	0.12594	0.52662	0.16914	0.01627	0.00718	0.00220	0.00328	0.01450	0.00555	0.00508
23	0.00983	0.05054	0.01060	0.00854	0.01058	0.00728	0.04971	0.01275	0.03655	0.05433	0.43603	0.09463	0.13113	0.01132	0.00651	0.00184	0.00358	0.00997	0.04836	0.00591
24	0.06632	0.05581	0.10764	0.01960	0.21091	0.01377	0.10036	0.08767	0.09485	0.16364	0.01462	0.01553	0.01067	0.00604	0.00567	0.00179	0.00660	0.00533	0.00429	0.00890
25	0.01607	0.01147	0.01612	0.15937	0.20366	0.01217	0.01212	0.07132	0.16254	0.16449	0.01813	0.01902	0.03807	0.00680	0.00574	0.00181	0.00576	0.00585	0.06100	0.00847
26	0.01027	0.00559	0.00600	0.00614	0.00738	0.00554	0.00450	0.02669	0.01248	0.02081	0.05288	0.16130	0.02077	0.00906	0.00482	0.00156	0.00290	0.00764	0.62826	0.00538
27	0.06094	0.01856	0.18461	0.09849	0.18379	0.09207	0.07111	0.10954	0.05603	0.05195	0.01206	0.01404	0.00906	0.00586	0.00565	0.00179	0.00755	0.00497	0.00353	0.00838
28	0.01578	0.01100	0.01440	0.01374	0.08204	0.04211	0.06418	0.13955	0.06667	0.17217	0.02215	0.28811	0.02111	0.01066	0.00644	0.00199	0.00540	0.00946	0.00536	0.00769
29	0.00761	0.00549	0.00729	0.00834	0.00905	0.00516	0.00603	0.00915	0.01231	0.01644	0.12941	0.54059	0.06932	0.01687	0.00743	0.00233	0.00360	0.13313	0.00552	0.00494
30	0.73508	0.01135	0.00986	0.00974	0.06324	0.01285	0.00722	0.01777	0.01050	0.06625	0.00911	0.01036	0.00695	0.00548	0.00387	0.00179	0.00469	0.00344	0.00375	0.00670
31	0.00761	0.00581	0.00661	0.00691	0.00805	0.00535	0.00491	0.00879	0.01156	0.01450	0.04019	0.14547	0.37000	0.21959	0.05005	0.00339	0.00454	0.07729	0.00480	0.00458
32	0.01257	0.01190	0.01566	0.20679	0.17251	0.07482	0.01217	0.04585	0.05430	0.01768	0.08822	0.06133	0.05797	0.05161	0.00872	0.00213	0.08831	0.00682	0.00373	0.00690
33	0.01319	0.01312	0.02003	0.22183	0.29274	0.05590	0.05017	0.01620	0.01223	0.01676	0.04860	0.01566	0.01073	0.00683	0.00880	0.00197	0.17941	0.00544	0.00292	0.00747
34	0.01206	0.01034	0.01206	0.00861	0.01378	0.00775	0.00689	0.01464	0.01206	0.01895	0.01034	0.01206	0.00861	0.00431	0.00431	0.00086	0.00431	0.00345	0.00345	0.83118
35	0.01526	0.01289	0.01360	0.01200	0.01542	0.01484	0.00940	0.10471	0.67375	0.02561	0.02266	0.02089	0.01693	0.00779	0.00591	0.00195	0.00479	0.00644	0.00591	0.00928
36	0.01407	0.05407	0.01488	0.06332	0.01673	0.00944	0.04879	0.01679	0.01270	0.11402	0.01191	0.01334	0.00924	0.00485	0.00472	0.00114	0.00504	0.00405	0.00379	0.57711
37	0.00806	0.00594	0.00754	0.00714	0.00858	0.00541	0.00535	0.01065	0.01606	0.02237	0.66903	0.04501	0.14273	0.01224	0.00686	0.00185	0.00277	0.01074	0.00628	0.00541
38	0.01373	0.01569	0.03431	0.02451	0.03039	0.01471	0.73824	0.01863	0.01373	0.01863	0.01176	0.01569	0.00882	0.00490	0.00686	0.00196	0.00980	0.00686	0.00294	0.00784
39	0.01616	0.01181	0.06086	0.25111	0.14018	0.01126	0.01286	0.06890	0.01484	0.22846	0.06829	0.02042	0.05510	0.00708	0.00593	0.00184	0.00617	0.00608	0.00456	0.00807
40	0.01594	0.01439	0.01715	0.01427	0.01695	0.16032	0.12565	0.05880	0.04460	0.10800	0.01520	0.07138	0.01322	0.01076	0.05968	0.00248	0.16331	0.03686	0.04393	0.00714
41	0.01238	0.00714	0.00771	0.00697	0.00897	0.00713	0.00540	0.10443	0.01497	0.06408	0.11469	0.02665	0.09106	0.00823	0.00500	0.00155	0.00332	0.00672	0.49740	0.00619
42	0.00687	0.00589	0.00589	0.00589	0.00785	0.00491	0.00442	0.00835	0.01325	0.01571	0.05891	0.05596	0.75700	0.01473	0.00687	0.00196	0.00295	0.01227	0.00540	0.00491
43	0.01206	0.01034	0.01206	0.00861	0.01378	0.00775	0.00689	0.01464	0.01206	0.01895	0.01034	0.01206	0.00861	0.00431	0.00431	0.00086	0.00431	0.00345	0.00345	0.83118
44	0.01378	0.01269	0.10560	0.05331	0.01670	0.00986	0.03502	0.05953	0.01296	0.10724	0.01307	0.01674	0.01074	0.09519	0.03393	0.00213	0.03859	0.00488	0.00381	0.35422
45	0.00858	0.00631	0.00713	0.00707	0.00886	0.00566	0.00524	0.01098	0.05164	0.05893	0.15461	0.18793	0.43752	0.01418	0.00687	0.00201	0.00319	0.01215	0.00568	0.00546
46	0.00712	0.00514	0.00675	0.00796	0.00842	0.00477	0.00535	0.00823	0.01147	0.01525	0.06445	0.72406	0.07398	0.01778	0.00737	0.00232	0.00333	0.01607	0.00544	0.00477
47	0.01897	0.04577	0.08394	0.04797	0.04527	0.01229	0.12688	0.11565	0.01596	0.31219	0.01731	0.07007	0.01293	0.00732	0.00655	0.00187	0.03899	0.00634	0.00506	0.00868

[dist]
# distance from previous block
# <min> <max>
0	5

[block]
# block no. 3 follows, 40 sequences, length 57
# corresponding to MSA columns:
# 533,535-590
name=unknown_D
#
# <colnr> <probs for GDERKNQSTAVLIFYWHMCP>
#	G	D	E	R	K	N	Q	S	T	A	V	L	I	F	Y	W	H	M	C	P
0	0.65568	0.01237	0.01053	0.00892	0.01275	0.01415	0.00735	0.17774	0.01377	0.02844	0.00940	0.01045	0.00710	0.00575	0.00409	0.00179	0.00492	0.00361	0.00409	0.00710
1	0.01492	0.05874	0.01896	0.38119	0.11805	0.01395	0.04237	0.10971	0.01436	0.09961	0.01222	0.01528	0.00910	0.00617	0.00631	0.00185	0.04307	0.00520	0.02127	0.00769
2	0.01638	0.42530	0.02407	0.01243	0.01575	0.20419	0.01092	0.01802	0.01226	0.01389	0.00820	0.01041	0.00751	0.00645	0.00773	0.00161	0.19148	0.00373	0.00262	0.00703
3	0.00785	0.00580	0.00734	0.00723	0.00853	0.00528	0.00532	0.01014	0.01515	0.02087	0.54047	0.16328	0.15459	0.01330	0.00695	0.00193	0.00287	0.01172	0.00610	0.00528
4	0.00772	0.00580	0.00715	0.00799	0.00895	0.00546	0.00577	0.00962	0.03855	0.01574	0.05292	0.43827	0.19933	0.05819	0.00850	0.00247	0.00371	0.11356	0.00533	0.00497
5	0.60770	0.01098	0.00993	0.00847	0.01227	0.01204	0.00696	0.02038	0.04442	0.20099	0.01231	0.01245	0.00873	0.00594	0.00424	0.00181	0.00461	0.00394	0.00456	0.00728
6	0.01039	0.00637	0.00711	0.00708	0.00848	0.00634	0.00521	0.07688	0.01372	0.02102	0.09403	0.23698	0.05914	0.01080	0.00554	0.00174	0.00324	0.00927	0.41104	0.00561
7	0.02536	0.01107	0.01422	0.01090	0.01543	0.01029	0.00901	0.15890	0.01861	0.63005	0.02129	0.01872	0.01357	0.00716	0.00584	0.00179	0.00521	0.00574	0.00694	0.00990
8	0.01588	0.01687	0.13473	0.06515	0.05458	0.01428	0.33966	0.15528	0.01614	0.08556	0.01278	0.01504	0.00923	0.00563	0.00620	0.00184	0.00817	0.00582	0.00377	0.03341
9	0.01446	0.01249	0.01315	0.01183	0.01512	0.01446	0.00920	0.03090	0.74885	0.02433	0.02367	0.02170	0.01775	0.00789	0.00592	0.00197	0.00460	0.00657	0.00592	0.00920
10	0.83671	0.01125	0.00855	0.00765	0.01125	0.01305	0.00630	0.01709	0.00990	0.02609	0.00810	0.00945	0.00630	0.00540	0.00360	0.00180	0.00450	0.00315	0.00360	0.00630
11	0.02173	0.01610	0.01724	0.01330	0.01789	0.01786	0.01096	0.70487	0.06305	0.03604	0.01444	0.01434	0.01028	0.00703	0.00582	0.00176	0.00631	0.00530	0.00582	0.00986
12	0.83671	0.01125	0.00855	0.00765	0.01125	0.01305	0.00630	0.01709	0.00990	0.02609	0.00810	0.00945	0.00630	0.00540	0.00360	0.00180	0.00450	0.00315	0.00360	0.00630
13	0.01439	0.01382	0.02360	0.03569	0.75936	0.01382	0.01785	0.01785	0.01324	0.01900	0.01094	0.01439	0.00921	0.00518	0.00576	0.00173	0.00691	0.00518	0.00288	0.00921
14	0.01446	0.01249	0.01315	0.01183	0.01512	0.01446	0.00920	0.03090	0.74885	0.02433	0.02367	0.02170	0.01775	0.00789	0.00592	0.00197	0.00460	0.00657	0.00592	0.00920
15	0.02419	0.00941	0.01282	0.01012	0.01420	0.00817	0.00823	0.02632	0.01609	0.68866	0.02385	0.09687	0.01680	0.00830	0.00601	0.00186	0.00479	0.00691	0.00702	0.00938
16	0.02468	0.00994	0.01330	0.01029	0.01458	0.00881	0.00846	0.06238	0.01716	0.67707	0.07238	0.02111	0.01693	0.00751	0.00592	0.00180	0.00487	0.00614	0.00708	0.00960
17	0.00846	0.00564	0.00634	0.00634	0.00634	0.00564	0.00352	0.00846	0.00846	0.01128	0.01832	0.03805	0.02114	0.79563	0.02960	0.00564	0.00564	0.00846	0.00352	0.00352
18	0.02292	0.00919	0.01248	0.00981	0.01375	0.00800	0.00800	0.02525	0.01661	0.63189	0.15324	0.02399	0.02159	0.00803	0.00603	0.00180	0.00456	0.00668	0.00706	0.00911
19	0.00709	0.00506	0.00675	0.00810	0.00843	0.00472	0.00540	0.00810	0.01113	0.01484	0.03205	0.79184	0.03846	0.01822	0.00742	0.00236	0.00337	0.01653	0.00540	0.00472
20	0.01206	0.01034	0.01206	0.00861	0.01378	0.00775	0.00689	0.01464	0.01206	0.01895	0.01034	0.01206	0.00861	0.00431	0.00431	0.00086	0.00431	0.00345	0.00345	0.83118
21	0.00700	0.00589	0.00609	0.00622	0.00808	0.00499	0.00470	0.00851	0.01317	0.01575	0.05638	0.08921	0.69064	0.01495	0.00695	0.00202	0.00308	0.04607	0.00540	0.00492
22	0.00707	0.00513	0.00667	0.00790	0.00838	0.00474	0.00531	0.00812	0.01132	0.01492	0.03443	0.72660	0.10216	0.01791	0.00737	0.00233	0.00334	0.01615	0.00540	0.00474
23	0.01325	0.03704	0.01865	0.01527	0.01626	0.04059	0.06149	0.01632	0.08343	0.01533	0.00972	0.01384	0.00885	0.00994	0.03032	0.00250	0.59222	0.00528	0.00293	0.00677
24	0.01523	0.04214	0.07550	0.18557	0.09207	0.04412	0.01264	0.04090	0.19037	0.12713	0.01738	0.01840	0.04464	0.00714	0.00668	0.00189	0.06008	0.00572	0.00430	0.00811
25	0.00709	0.00506	0.00675	0.00810	0.00843	0.00472	0.00540	0.00810	0.01113	0.01484	0.03205	0.79184	0.03846	0.01822	0.00742	0.00236	0.00337	0.01653	0.00540	0.00472
26	0.05117	0.01394	0.01634	0.01269	0.01704	0.01477	0.04375	0.47604	0.02289	0.17638	0.05280	0.01850	0.01374	0.00747	0.00593	0.00181	0.00598	0.03362	0.00588	0.00927
27	0.01501	0.01417	0.06680	0.09224	0.34427	0.05317	0.05653	0.05087	0.05048	0.09002	0.03760	0.05229	0.01277	0.00766	0.02887	0.00204	0.00709	0.00601	0.00376	0.00836
28	0.01476	0.64410	0.17864	0.01129	0.01699	0.02109	0.01228	0.01762	0.01191	0.01464	0.00856	0.00992	0.00744	0.00509	0.00409	0.00136	0.00670	0.00335	0.00248	0.00769
29	0.01129	0.00953	0.01120	0.00859	0.01304	0.00737	0.00693	0.01378	0.01231	0.01848	0.01706	0.02190	0.08096	0.00654	0.00495	0.00116	0.00429	0.08135	0.00383	0.66544
30	0.00831	0.00620	0.00921	0.00921	0.01021	0.00720	0.00710	0.01030	0.00931	0.01340	0.01570	0.02352	0.01483	0.07683	0.73977	0.00918	0.01514	0.00633	0.00313	0.00512
31	0.83671	0.01125	0.00855	0.00765	0.01125	0.01305	0.00630	0.01709	0.00990	0.02609	0.00810	0.00945	0.00630	0.00540	0.00360	0.00180	0.00450	0.00315	0.00360	0.00630
32	0.00961	0.00790	0.00922	0.00754	0.01077	0.00636	0.00585	0.01195	0.01367	0.01942	0.24378	0.03252	0.21251	0.00920	0.00572	0.00143	0.00350	0.00778	0.00482	0.37646
33	0.00855	0.00583	0.00731	0.00731	0.00775	0.00618	0.00483	0.00942	0.00898	0.01266	0.01742	0.03189	0.01852	0.49192	0.28165	0.00665	0.00886	0.00752	0.05256	0.00421
34	0.06376	0.00972	0.01283	0.00995	0.01424	0.00859	0.00820	0.02702	0.01609	0.68871	0.02202	0.01940	0.01404	0.00709	0.00565	0.00178	0.00481	0.00570	0.05092	0.00949
35	0.00775	0.00558	0.00735	0.00764	0.00858	0.00517	0.00545	0.00978	0.01425	0.01980	0.45534	0.35443	0.04805	0.01452	0.00709	0.00205	0.00301	0.01302	0.00598	0.00517
36	0.00787	0.00593	0.00727	0.00693	0.00846	0.00533	0.00520	0.01027	0.01560	0.02128	0.56956	0.04679	0.24287	0.01265	0.00686	0.00187	0.00280	0.01099	0.00613	0.00533
37	0.00738	0.00528	0.00704	0.00815	0.00868	0.00494	0.00565	0.00872	0.01199	0.01615	0.13026	0.64696	0.04039	0.01723	0.00738	0.00231	0.00341	0.05769	0.00553	0.00486
38	0.01551	0.01414	0.05871	0.01236	0.01618	0.01497	0.01023	0.14284	0.59025	0.02593	0.02134	0.01991	0.01588	0.00760	0.00588	0.00193	0.00513	0.00623	0.00569	0.00928
39	0.01206	0.01034	0.01206	0.00861	0.01378	0.00775	0.00689	0.01464	0.01206	0.01895	0.01034	0.01206	0.00861	0.00431	0.00431	0.00086	0.00431	0.00345	0.00345	0.83118
40	0.01500	0.01252	0.01325	0.01176	0.01513	0.01434	0.00920	0.07265	0.67394	0.04075	0.02385	0.02195	0.03344	0.00797	0.00593	0.00195	0.00468	0.00660	0.00593	0.00917
41	0.01098	0.01034	0.01744	0.78165	0.04005	0.01292	0.01615	0.01486	0.01163	0.01486	0.01034	0.01550	0.00775	0.00581	0.00581	0.00194	0.00775	0.00517	0.00258	0.00646
42	0.01166	0.03008	0.76550	0.01657	0.02517	0.01351	0.02149	0.01842	0.01228	0.01842	0.01044	0.01228	0.00737	0.00552	0.00552	0.00184	0.00859	0.00430	0.00246	0.00859
43	0.00709	0.00506	0.00675	0.00810	0.00843	0.00472	0.00540	0.00810	0.01113	0.01484	0.03205	0.79184	0.03846	0.01822	0.00742	0.00236	0.00337	0.01653	0.00540	0.00472
44	0.02588	0.01024	0.01371	0.01051	0.01502	0.00905	0.00868	0.06640	0.01722	0.72451	0.02246	0.01948	0.01415	0.00719	0.00585	0.00180	0.00503	0.00582	0.00712	0.00990
45	0.01024	0.00842	0.01242	0.01632	0.24981	0.00841	0.00898	0.01202	0.01131	0.01557	0.08036	0.03167	0.07824	0.30559	0.09699	0.00406	0.00665	0.03334	0.00373	0.00587
46	0.01373	0.01569	0.03431	0.02451	0.03039	0.01471	0.73824	0.01863	0.01373	0.01863	0.01176	0.01569	0.00882	0.00490	0.00686	0.00196	0.00980	0.00686	0.00294	0.00784
47	0.00695	0.00589	0.00600	0.00598	0.00790	0.00494	0.00448	0.00850	0.01345	0.01616	0.10051	0.05522	0.71511	0.01456	0.00687	0.00196	0.00293	0.01217	0.00546	0.00494
48	0.10881	0.10217	0.01685	0.01183	0.01548	0.05367	0.04192	0.03904	0.01410	0.37519	0.01547	0.01541	0.01081	0.00711	0.00773	0.00186	0.14419	0.00503	0.00500	0.00834
49	0.01336	0.27621	0.37319	0.01610	0.02295	0.01684	0.16887	0.01814	0.01243	0.01693	0.00995	0.01204	0.00770	0.00522	0.00523	0.00167	0.00808	0.00445	0.00257	0.00807
50	0.01373	0.01569	0.03431	0.02451	0.03039	0.01471	0.73824	0.01863	0.01373	0.01863	0.01176	0.01569	0.00882	0.00490	0.00686	0.00196	0.00980	0.00686	0.00294	0.00784
51	0.00815	0.00581	0.00665	0.00668	0.00737	0.00554	0.00438	0.00903	0.01091	0.01429	0.12993	0.04444	0.18158	0.46963	0.02020	0.00414	0.00465	0.05796	0.00444	0.00421
52	0.03422	0.01789	0.06907	0.06095	0.02019	0.25909	0.16913	0.07793	0.01498	0.01784	0.01662	0.14953	0.05040	0.00833	0.00612	0.00185	0.00796	0.00729	0.00371	0.00690
53	0.02277	0.00915	0.01228	0.00973	0.01368	0.00792	0.00792	0.02493	0.01611	0.63156	0.06288	0.05967	0.07729	0.00855	0.00605	0.00184	0.00460	0.00709	0.00693	0.00904
54	0.00775	0.00542	0.00665	0.00721	0.00758	0.00518	0.00460	0.00854	0.01067	0.01428	0.09997	0.37773	0.06507	0.33365	0.01636	0.00362	0.00421	0.01246	0.00474	0.00432
55	0.83671	0.01125	0.00855	0.00765	0.01125	0.01305	0.00630	0.01709	0.00990	0.02609	0.00810	0.00945	0.00630	0.00540	0.00360	0.00180	0.00450	0.00315	0.00360	0.00630
56	0.02299	0.01444	0.01626	0.01251	0.01709	0.01535	0.01032	0.52667	0.04390	0.23460	0.01667	0.01576	0.01133	0.00706	0.00583	0.00177	0.00595	0.00544	0.00620	0.00987

[dist]
# distance from previous block
# <min> <max>
0	3

[block]
# block no. 4 follows, 40 sequences, length 22
# corresponding to MSA columns:
# 594-615
name=unknown_E
#
# <colnr> <probs for GDERKNQSTAVLIFYWHMCP>
#	G	D	E	R	K	N	Q	S	T	A	V	L	I	F	Y	W	H	M	C	P
0	0.00855	0.00649	0.00821	0.00861	0.00992	0.00658	0.00661	0.01144	0.07666	0.01601	0.04807	0.19411	0.19458	0.03662	0.16747	0.03705	0.00640	0.14650	0.00483	0.00528
1	0.21337	0.01494	0.01545	0.09124	0.04813	0.14034	0.04158	0.14190	0.02805	0.10993	0.01221	0.01437	0.00932	0.00667	0.00641	0.00184	0.07262	0.01985	0.00413	0.00764
2	0.00938	0.00607	0.00770	0.00756	0.00906	0.00547	0.00556	0.01137	0.01445	0.09030	0.36266	0.24776	0.17325	0.01368	0.00692	0.00200	0.00316	0.01203	0.00602	0.00560
3	0.01214	0.01293	0.09118	0.60854	0.06901	0.01345	0.01632	0.07624	0.01308	0.01722	0.01068	0.01501	0.00796	0.00586	0.00578	0.00190	0.00768	0.00509	0.00286	0.00708
4	0.01473	0.01026	0.01140	0.00972	0.01223	0.01138	0.00775	0.22751	0.11200	0.04000	0.10385	0.02120	0.01788	0.00787	0.00644	0.00171	0.07013	0.00609	0.30045	0.00738
5	0.01968	0.01223	0.08513	0.01066	0.01482	0.01054	0.00940	0.11470	0.12637	0.35423	0.01999	0.01896	0.01374	0.00704	0.00550	0.00174	0.00502	0.00565	0.15576	0.00885
6	0.00775	0.00558	0.00735	0.00764	0.00858	0.00517	0.00545	0.00977	0.01424	0.01979	0.45443	0.35537	0.04803	0.01453	0.00709	0.00205	0.00301	0.01302	0.00598	0.00517
7	0.00767	0.00592	0.00700	0.00673	0.00834	0.00525	0.00505	0.00989	0.01514	0.02018	0.46842	0.04861	0.34469	0.01306	0.00686	0.00188	0.00283	0.01124	0.00599	0.00525
8	0.00809	0.00620	0.00744	0.00708	0.00871	0.00569	0.00533	0.01103	0.04574	0.02113	0.52156	0.04621	0.25923	0.01256	0.00682	0.00187	0.00288	0.01087	0.00609	0.00547
9	0.83671	0.01125	0.00855	0.00765	0.01125	0.01305	0.00630	0.01709	0.00990	0.02609	0.00810	0.00945	0.00630	0.00540	0.00360	0.00180	0.00450	0.00315	0.00360	0.00630
10	0.83671	0.01125	0.00855	0.00765	0.01125	0.01305	0.00630	0.01709	0.00990	0.02609	0.00810	0.00945	0.00630	0.00540	0.00360	0.00180	0.00450	0.00315	0.00360	0.00630
11	0.09639	0.01048	0.10682	0.01026	0.01300	0.00839	0.04505	0.01396	0.05800	0.02093	0.30847	0.12649	0.03406	0.01117	0.00653	0.00203	0.00460	0.11204	0.00513	0.00620
12	0.05721	0.63934	0.02733	0.01043	0.01522	0.05289	0.00995	0.09971	0.01368	0.01693	0.00879	0.00991	0.00768	0.00527	0.00402	0.00134	0.00633	0.00338	0.00294	0.00765
13	0.01062	0.00775	0.01101	0.01093	0.01283	0.00757	0.05229	0.04517	0.01357	0.04221	0.02763	0.08301	0.05077	0.08023	0.00940	0.00270	0.00548	0.48084	0.00506	0.04094
14	0.00886	0.00670	0.00837	0.00866	0.01001	0.00667	0.00655	0.01291	0.11633	0.01951	0.27889	0.27533	0.07630	0.01410	0.00709	0.00216	0.00363	0.12640	0.00581	0.00572
15	0.01450	0.01532	0.12273	0.10698	0.32156	0.01347	0.09056	0.02071	0.13815	0.07692	0.01398	0.01602	0.01061	0.00588	0.00588	0.00184	0.00699	0.00552	0.00365	0.00874
16	0.01360	0.01655	0.07823	0.02403	0.03008	0.01463	0.69518	0.01861	0.01364	0.01861	0.01168	0.01548	0.00874	0.00494	0.00678	0.00195	0.00973	0.00671	0.00291	0.00789
17	0.02395	0.01266	0.01555	0.01273	0.04999	0.01262	0.00998	0.31546	0.02081	0.43583	0.01877	0.01719	0.01234	0.00702	0.00583	0.00177	0.00562	0.00557	0.00644	0.00986
18	0.00949	0.00891	0.07274	0.03474	0.01221	0.00768	0.00793	0.03624	0.10963	0.01884	0.14314	0.38999	0.03262	0.01344	0.00676	0.00212	0.00418	0.04404	0.03926	0.00604
19	0.07034	0.01710	0.22983	0.01548	0.09690	0.01234	0.03914	0.08818	0.07851	0.25570	0.02906	0.01633	0.01173	0.00643	0.00566	0.00182	0.00640	0.00529	0.00476	0.00901
20	0.00716	0.00512	0.00681	0.00805	0.00845	0.00477	0.00540	0.00828	0.01147	0.01539	0.07826	0.74408	0.03951	0.01781	0.00739	0.00233	0.00333	0.01615	0.00546	0.00477
21	0.06854	0.08402	0.08974	0.11811	0.02497	0.01480	0.27451	0.12981	0.01533	0.10551	0.01251	0.01461	0.00907	0.00570	0.00585	0.00182	0.00770	0.00548	0.00378	0.00814

[dist]
# distance from previous block
# <min> <max>
0	1

[block]
# block no. 5 follows, 40 sequences, length 19
# corresponding to MSA columns:
# 617-635
name=unknown_F
#
# <colnr> <probs for GDERKNQSTAVLIFYWHMCP>
#	G	D	E	R	K	N	Q	S	T	A	V	L	I	F	Y	W	H	M	C	P
0	0.04695	0.03326	0.08408	0.22207	0.06093	0.07488	0.26682	0.07031	0.01418	0.05379	0.01148	0.01457	0.00854	0.00557	0.00598	0.00185	0.00833	0.00549	0.00323	0.00768
1	0.01205	0.01171	0.02072	0.53090	0.19798	0.01332	0.09839	0.01595	0.01222	0.01620	0.01063	0.01528	0.00820	0.00557	0.00592	0.00189	0.00780	0.00536	0.00269	0.00723
2	0.01206	0.01034	0.01206	0.00861	0.01378	0.00775	0.00689	0.01464	0.01206	0.01895	0.01034	0.01206	0.00861	0.00431	0.00431	0.00086	0.00431	0.00345	0.00345	0.83118
3	0.01348	0.01398	0.01770	0.01524	0.01549	0.08121	0.01260	0.01477	0.00954	0.01401	0.00775	0.01253	0.00762	0.00983	0.01792	0.00246	0.71991	0.00498	0.00258	0.00639
4	0.00797	0.00582	0.00678	0.00661	0.00763	0.00540	0.00451	0.00941	0.01277	0.01707	0.31494	0.04465	0.21936	0.29500	0.01506	0.00324	0.00384	0.01022	0.00511	0.00463
5	0.00770	0.00584	0.00656	0.00645	0.00809	0.00515	0.00481	0.00971	0.01423	0.01891	0.30468	0.07866	0.41350	0.01318	0.00665	0.00188	0.00287	0.01124	0.07473	0.00515
6	0.00793	0.00593	0.00736	0.00700	0.00850	0.00536	0.00525	0.01039	0.01575	0.02164	0.60194	0.04621	0.21027	0.01252	0.00686	0.00186	0.00279	0.01091	0.00618	0.00536
7	0.14244	0.01009	0.01279	0.00996	0.01433	0.00919	0.00822	0.02673	0.01568	0.65755	0.02081	0.01831	0.01323	0.00694	0.00553	0.00180	0.00488	0.00546	0.00668	0.00938
8	0.01446	0.01249	0.01315	0.01183	0.01512	0.01446	0.00920	0.03090	0.74885	0.02433	0.02367	0.02170	0.01775	0.00789	0.00592	0.00197	0.00460	0.00657	0.00592	0.00920
9	0.01185	0.01009	0.01182	0.00854	0.01350	0.00763	0.00681	0.01444	0.01230	0.01919	0.05138	0.01379	0.01116	0.00472	0.00445	0.00091	0.00422	0.00383	0.00361	0.78575
10	0.83671	0.01125	0.00855	0.00765	0.01125	0.01305	0.00630	0.01709	0.00990	0.02609	0.00810	0.00945	0.00630	0.00540	0.00360	0.00180	0.00450	0.00315	0.00360	0.00630
11	0.01098	0.01034	0.01744	0.78165	0.04005	0.01292	0.01615	0.01486	0.01163	0.01486	0.01034	0.01550	0.00775	0.00581	0.00581	0.00194	0.00775	0.00517	0.00258	0.00646
12	0.00774	0.00533	0.00657	0.00730	0.00785	0.00503	0.00485	0.00885	0.01122	0.01537	0.08188	0.46908	0.08597	0.17283	0.01152	0.00287	0.00370	0.01324	0.07421	0.00461
13	0.05683	0.01012	0.01494	0.32991	0.02446	0.01177	0.01195	0.01761	0.01220	0.21033	0.01447	0.06688	0.01150	0.00827	0.00873	0.03426	0.13871	0.00597	0.00401	0.00706
14	0.01601	0.44958	0.17218	0.01286	0.01856	0.01892	0.07538	0.08700	0.01389	0.07126	0.01049	0.01165	0.00829	0.00543	0.00470	0.00151	0.00692	0.00407	0.00318	0.00812
15	0.01027	0.00946	0.01296	0.01200	0.01227	0.01216	0.00948	0.01146	0.01002	0.01442	0.02013	0.29750	0.07232	0.01341	0.01400	0.00244	0.44652	0.00974	0.00378	0.00567
16	0.00780	0.00538	0.00709	0.00824	0.00886	0.00512	0.00590	0.00929	0.01181	0.01619	0.06266	0.58200	0.03643	0.01665	0.00721	0.00230	0.00360	0.12400	0.07455	0.00491
17	0.06908	0.06555	0.01452	0.28127	0.04705	0.01047	0.04858	0.01292	0.01162	0.01607	0.01914	0.29315	0.02030	0.01072	0.00627	0.00207	0.00578	0.05557	0.00386	0.00600
18	0.21335	0.07873	0.01701	0.29742	0.02466	0.06878	0.06344	0.01749	0.06000	0.01847	0.01035	0.01328	0.00812	0.00587	0.00572	0.00180	0.04470	0.00454	0.00313	0.04313

[dist]
# distance from previous block
# <min> <max>
0	7

[block]
# block no. 6 follows, 40 sequences, length 22
# corresponding to MSA columns:
# 646-667
name=unknown_G
#
# <colnr> <probs for GDERKNQSTAVLIFYWHMCP>
#	G	D	E	R	K	N	Q	S	T	A	V	L	I	F	Y	W	H	M	C	P
0	0.10349	0.19343	0.15414	0.01274	0.01752	0.16923	0.03921	0.06093	0.03718	0.09815	0.01166	0.01287	0.00897	0.00789	0.04713	0.00205	0.00781	0.00429	0.00356	0.00774
1	0.01392	0.04408	0.01470	0.05235	0.01644	0.00921	0.05364	0.01665	0.01267	0.10684	0.01183	0.01328	0.00922	0.00480	0.00471	0.00112	0.00500	0.00403	0.00377	0.60175
2	0.01176	0.01003	0.01213	0.00969	0.04677	0.00779	0.00724	0.01440	0.01257	0.01941	0.08884	0.01546	0.01351	0.00514	0.00464	0.00100	0.00426	0.00427	0.00373	0.70736
3	0.01796	0.08105	0.01699	0.06813	0.10604	0.40183	0.01122	0.02012	0.01540	0.07121	0.12029	0.01674	0.01519	0.00676	0.00551	0.00161	0.00799	0.00512	0.00372	0.00712
4	0.00796	0.00593	0.00725	0.00785	0.00870	0.00574	0.00539	0.01037	0.07141	0.01635	0.12310	0.46468	0.11761	0.10772	0.00978	0.00260	0.00361	0.01355	0.00534	0.00506
5	0.01711	0.01421	0.02030	0.14322	0.29566	0.04493	0.05540	0.20853	0.01704	0.08731	0.01256	0.01480	0.00948	0.00608	0.00618	0.00180	0.02736	0.00529	0.00398	0.00876
6	0.09764	0.01019	0.01348	0.14705	0.13746	0.05406	0.02405	0.01335	0.01165	0.01669	0.01918	0.31264	0.03382	0.01094	0.00728	0.00208	0.06895	0.00939	0.00390	0.00623
7	0.00942	0.00606	0.00760	0.00734	0.00887	0.00550	0.00545	0.01163	0.01477	0.07883	0.41715	0.17089	0.15103	0.01267	0.00668	0.00190	0.00305	0.01109	0.06444	0.00561
8	0.11898	0.01202	0.01878	0.21989	0.32140	0.01283	0.04922	0.01820	0.04166	0.08232	0.01276	0.01687	0.01018	0.00606	0.00565	0.00186	0.00664	0.03324	0.00348	0.00797
9	0.00840	0.00584	0.00738	0.00738	0.00775	0.00620	0.00482	0.00913	0.00877	0.01205	0.01737	0.03278	0.01885	0.53467	0.28742	0.00692	0.00909	0.00768	0.00338	0.00410
10	0.00751	0.00543	0.00699	0.00772	0.00845	0.00505	0.00537	0.00896	0.01247	0.01677	0.20271	0.48244	0.09916	0.06518	0.00866	0.00242	0.00341	0.04090	0.00551	0.00487
11	0.00816	0.00594	0.00767	0.00724	0.00864	0.00546	0.00543	0.01083	0.01628	0.02290	0.71797	0.04413	0.09345	0.01204	0.00686	0.00184	0.00275	0.01061	0.00635	0.00546
12	0.00707	0.00513	0.00668	0.00792	0.00839	0.00474	0.00532	0.00812	0.01131	0.01491	0.03422	0.73229	0.09660	0.01794	0.00738	0.00233	0.00334	0.01619	0.00540	0.00474
13	0.01555	0.79913	0.03047	0.00995	0.01493	0.02301	0.00995	0.01741	0.01182	0.01368	0.00808	0.00933	0.00746	0.00498	0.00373	0.00124	0.00622	0.00311	0.00249	0.00746
14	0.01166	0.03008	0.76550	0.01657	0.02517	0.01351	0.02149	0.01842	0.01228	0.01842	0.01044	0.01228	0.00737	0.00552	0.00552	0.00184	0.00859	0.00430	0.00246	0.00859
15	0.02415	0.00933	0.01247	0.00972	0.01382	0.00815	0.00798	0.02646	0.01608	0.66895	0.02244	0.02003	0.01446	0.00714	0.00562	0.00174	0.00466	0.00579	0.11170	0.00933
16	0.01555	0.79913	0.03047	0.00995	0.01493	0.02301	0.00995	0.01741	0.01182	0.01368	0.00808	0.00933	0.00746	0.00498	0.00373	0.00124	0.00622	0.00311	0.00249	0.00746
17	0.01111	0.01058	0.01820	0.74744	0.03962	0.01300	0.04878	0.01503	0.01172	0.01503	0.01040	0.01551	0.00780	0.00577	0.00586	0.00194	0.00784	0.00524	0.00260	0.00652
18	0.00736	0.00532	0.00703	0.00829	0.00886	0.00499	0.00584	0.00862	0.01155	0.01522	0.03358	0.65317	0.08293	0.01773	0.00747	0.00238	0.00360	0.10586	0.00539	0.00482
19	0.00718	0.00514	0.00668	0.00787	0.00825	0.00480	0.00521	0.00814	0.01101	0.01460	0.03205	0.70299	0.06595	0.07924	0.00915	0.00260	0.00353	0.01573	0.00525	0.00464
20	0.01885	0.21457	0.08623	0.01170	0.01628	0.07936	0.01064	0.21171	0.05828	0.15147	0.01423	0.01439	0.01046	0.00633	0.00509	0.00160	0.00625	0.00468	0.06936	0.00851
21	0.05436	0.17021	0.04960	0.00987	0.01400	0.01223	0.00868	0.08494	0.04317	0.18764	0.17241	0.02035	0.01983	0.00719	0.00530	0.00157	0.00491	0.00573	0.00500	0.12300

[dist]
# distance from previous block
# <min> <max>
0	4

[block]
# block no. 7 follows, 40 sequences, length 12
# corresponding to MSA columns:
# 672-683
name=unknown_H
#
# <colnr> <probs for GDERKNQSTAVLIFYWHMCP>
#	G	D	E	R	K	N	Q	S	T	A	V	L	I	F	Y	W	H	M	C	P
0	0.31795	0.01299	0.01264	0.01068	0.01448	0.01474	0.00862	0.21796	0.26089	0.05035	0.01531	0.01506	0.01133	0.00671	0.00504	0.00184	0.00506	0.00494	0.00508	0.00835
1	0.00823	0.00563	0.00685	0.00726	0.00751	0.00562	0.00464	0.00879	0.00951	0.01270	0.02225	0.20382	0.02564	0.51923	0.06184	0.00486	0.00564	0.07188	0.00407	0.00403
2	0.05920	0.01559	0.19026	0.01551	0.11339	0.01160	0.04112	0.10644	0.02800	0.22165	0.06375	0.07703	0.01541	0.00750	0.00587	0.00185	0.00612	0.00636	0.00480	0.00855
3	0.09677	0.01507	0.11677	0.17979	0.39381	0.01358	0.06680	0.01730	0.01249	0.01878	0.01052	0.01393	0.00836	0.00536	0.00560	0.00181	0.00725	0.00498	0.00284	0.00819
4	0.01548	0.51993	0.17732	0.01170	0.01702	0.01946	0.01236	0.01833	0.01213	0.07974	0.00982	0.01107	0.00806	0.00564	0.00534	0.00150	0.06064	0.00373	0.00289	0.00783
5	0.00795	0.00552	0.00721	0.00786	0.00870	0.00520	0.00567	0.00982	0.01318	0.01841	0.27195	0.42035	0.04167	0.01504	0.00703	0.00213	0.00328	0.07475	0.06916	0.00509
6	0.10946	0.01258	0.08146	0.01234	0.06267	0.01083	0.01011	0.11447	0.03576	0.31163	0.07444	0.02063	0.01579	0.00735	0.00566	0.00179	0.00534	0.04231	0.00549	0.05992
7	0.06932	0.01583	0.26991	0.01203	0.01632	0.01023	0.06724	0.03539	0.01173	0.07484	0.01446	0.02118	0.01269	0.21613	0.07441	0.00342	0.00749	0.00588	0.05480	0.00671
8	0.00724	0.00569	0.00631	0.00656	0.00805	0.00496	0.00477	0.00881	0.01313	0.01669	0.13909	0.22296	0.47509	0.01488	0.00689	0.00202	0.00301	0.01278	0.03611	0.00496
9	0.00978	0.00669	0.00854	0.04798	0.01104	0.00644	0.00625	0.01215	0.05894	0.07368	0.08364	0.40277	0.06856	0.11325	0.00967	0.00253	0.00407	0.01196	0.00514	0.05691
10	0.07299	0.21934	0.12391	0.07338	0.06380	0.01421	0.01151	0.07340	0.01373	0.14421	0.01510	0.12270	0.01322	0.00755	0.00530	0.00174	0.00600	0.00608	0.00405	0.00778
11	0.01546	0.01143	0.01739	0.09768	0.15538	0.01203	0.08577	0.03901	0.10507	0.17758	0.01988	0.06937	0.07035	0.00812	0.00749	0.00196	0.08651	0.00693	0.00455	0.00803

[dist]
# distance from previous block
# <min> <max>
2	24

[block]
# block no. 8 follows, 40 sequences, length 19
# corresponding to MSA columns:
# 708-726
name=unknown_I
#
# <colnr> <probs for GDERKNQSTAVLIFYWHMCP>
#	G	D	E	R	K	N	Q	S	T	A	V	L	I	F	Y	W	H	M	C	P
0	0.05669	0.07880	0.09247	0.11069	0.08779	0.09990	0.01227	0.08754	0.10022	0.12250	0.01351	0.01458	0.01006	0.00621	0.00570	0.00171	0.02677	0.00480	0.00407	0.06372
1	0.01498	0.01515	0.05769	0.15344	0.24463	0.09428	0.07185	0.09761	0.02743	0.03571	0.04761	0.01555	0.01114	0.00591	0.00572	0.00170	0.00718	0.00526	0.00351	0.08364
2	0.01083	0.00869	0.01266	0.35787	0.02336	0.01004	0.01067	0.01377	0.01154	0.01704	0.01451	0.08918	0.01266	0.00748	0.00649	0.00177	0.07305	0.00613	0.23059	0.08166
3	0.01359	0.01543	0.03349	0.06128	0.03086	0.01462	0.70317	0.01844	0.01362	0.01844	0.01170	0.01568	0.00877	0.00495	0.00681	0.00196	0.00970	0.00678	0.00292	0.00778
4	0.01256	0.01046	0.01150	0.01053	0.01307	0.01186	0.00804	0.02443	0.52015	0.02199	0.11414	0.02603	0.02241	0.08399	0.07983	0.00298	0.00549	0.00721	0.00550	0.00784
5	0.00709	0.00506	0.00675	0.00810	0.00843	0.00472	0.00540	0.00810	0.01113	0.01484	0.03205	0.79184	0.03846	0.01822	0.00742	0.00236	0.00337	0.01653	0.00540	0.00472
6	0.00986	0.00593	0.00792	0.00852	0.00947	0.00559	0.00607	0.01114	0.01169	0.10839	0.02870	0.52001	0.03219	0.09053	0.04729	0.00297	0.00457	0.07848	0.00533	0.00534
7	0.00860	0.00589	0.00717	0.00738	0.00779	0.00590	0.00496	0.00942	0.01006	0.01349	0.07975	0.04281	0.02579	0.54988	0.06179	0.00497	0.00586	0.14030	0.00407	0.00411
8	0.02031	0.01540	0.01644	0.01302	0.01735	0.01720	0.01062	0.57352	0.19670	0.03376	0.01624	0.01578	0.01173	0.00719	0.00584	0.00180	0.00598	0.00555	0.00584	0.00973
9	0.02609	0.00990	0.01350	0.01035	0.01484	0.00855	0.00855	0.02834	0.01664	0.76338	0.02294	0.01979	0.01439	0.00720	0.00585	0.00180	0.00495	0.00585	0.00720	0.00990
10	0.01446	0.01249	0.01315	0.01183	0.01512	0.01446	0.00920	0.03090	0.74885	0.02433	0.02367	0.02170	0.01775	0.00789	0.00592	0.00197	0.00460	0.00657	0.00592	0.00920
11	0.11455	0.00777	0.00947	0.00958	0.01148	0.00801	0.00791	0.04930	0.01301	0.07826	0.02540	0.06412	0.06162	0.08891	0.07927	0.00329	0.00606	0.35123	0.00493	0.00584
12	0.11854	0.15778	0.01581	0.01084	0.01458	0.01539	0.00893	0.02647	0.46108	0.08192	0.01878	0.01772	0.01414	0.00698	0.00522	0.00180	0.00492	0.00545	0.00509	0.00857
13	0.08371	0.15933	0.09337	0.11223	0.07629	0.04080	0.01166	0.03502	0.01375	0.24276	0.01362	0.01430	0.00975	0.00589	0.00510	0.00164	0.00621	0.00457	0.00419	0.06580
14	0.06281	0.12822	0.09300	0.01407	0.06857	0.15231	0.01148	0.19463	0.08544	0.04907	0.01403	0.07568	0.01180	0.00715	0.00540	0.00171	0.00680	0.00551	0.00420	0.00812
15	0.00784	0.00576	0.00749	0.00790	0.00894	0.00520	0.00555	0.00952	0.01286	0.01780	0.25508	0.49696	0.04116	0.01514	0.00700	0.00208	0.00325	0.01361	0.00555	0.07132
16	0.01375	0.13099	0.10484	0.22336	0.22762	0.01412	0.04611	0.01763	0.02738	0.06628	0.01277	0.01783	0.01055	0.00629	0.00566	0.00181	0.00706	0.05487	0.00322	0.00787
17	0.07352	0.08618	0.14564	0.24658	0.02527	0.01404	0.05073	0.12379	0.01488	0.14602	0.01272	0.01448	0.00905	0.00602	0.00548	0.00180	0.00696	0.00490	0.00389	0.00805
18	0.05884	0.00775	0.00953	0.00905	0.01114	0.00747	0.00689	0.08194	0.01441	0.18529	0.06950	0.35954	0.07922	0.01325	0.00668	0.00211	0.00414	0.06088	0.00579	0.00655

[dist]
# distance from previous block
# <min> <max>
16	77

[block]
# block no. 9 follows, 40 sequences, length 36
# corresponding to MSA columns:
# 817-852
name=unknown_J
#
# <colnr> <probs for GDERKNQSTAVLIFYWHMCP>
#	G	D	E	R	K	N	Q	S	T	A	V	L	I	F	Y	W	H	M	C	P
0	0.00981	0.00782	0.00990	0.04440	0.01215	0.00675	0.00657	0.01253	0.01435	0.02097	0.41658	0.02962	0.03393	0.00967	0.02853	0.00169	0.00395	0.00746	0.00500	0.31829
1	0.01968	0.09999	0.09859	0.01298	0.06041	0.01290	0.01096	0.08662	0.15502	0.33003	0.01821	0.01712	0.01263	0.00667	0.00554	0.00174	0.00564	0.00535	0.00543	0.03449
2	0.29071	0.01284	0.01512	0.01231	0.01620	0.01418	0.11403	0.13830	0.24347	0.02604	0.04972	0.01650	0.01310	0.00666	0.00531	0.00187	0.00552	0.00544	0.00472	0.00797
3	0.00709	0.00506	0.00675	0.00810	0.00843	0.00472	0.00540	0.00810	0.01113	0.01484	0.03205	0.79184	0.03846	0.01822	0.00742	0.00236	0.00337	0.01653	0.00540	0.00472
4	0.01399	0.04869	0.11318	0.10657	0.41296	0.01408	0.08101	0.01909	0.07909	0.03718	0.01221	0.01494	0.00962	0.00555	0.00576	0.00179	0.00717	0.00528	0.00317	0.00867
5	0.01338	0.01810	0.15686	0.02318	0.02952	0.01450	0.61811	0.01859	0.01348	0.01859	0.01154	0.01511	0.00858	0.00501	0.00664	0.00194	0.00960	0.00643	0.00286	0.00797
6	0.04422	0.01694	0.24584	0.05862	0.01984	0.02415	0.10918	0.09369	0.01298	0.03219	0.01288	0.01885	0.01115	0.15750	0.07517	0.00322	0.04748	0.00575	0.00329	0.00707
7	0.00831	0.00623	0.00935	0.00935	0.01038	0.00727	0.00727	0.01038	0.00935	0.01350	0.01558	0.02285	0.01454	0.04361	0.77259	0.00935	0.01558	0.00623	0.00312	0.00519
8	0.00717	0.00531	0.00669	0.00759	0.00835	0.00484	0.00522	0.00845	0.01211	0.01592	0.11488	0.57135	0.17709	0.01687	0.00726	0.00223	0.00322	0.01508	0.00551	0.00484
9	0.00833	0.00565	0.00660	0.00686	0.00704	0.00559	0.00419	0.00868	0.00924	0.01224	0.02176	0.12850	0.04079	0.62999	0.02491	0.00495	0.00529	0.06163	0.00392	0.00383
10	0.00869	0.00663	0.00810	0.00829	0.00988	0.00638	0.00660	0.01195	0.06791	0.01892	0.25186	0.05194	0.23236	0.05065	0.00824	0.00232	0.00389	0.23428	0.00563	0.00547
