[name]
unknown

[dist]
# distance from previous block
# <min> <max>
0	318

[block]
# block no. 0 follows, 42 sequences, length 12
# corresponding to MSA columns:
# 318-329
name=unknown_A
#
# <colnr> <probs for GDERKNQSTAVLIFYWHMCP>
#	G	D	E	R	K	N	Q	S	T	A	V	L	I	F	Y	W	H	M	C	P
0	0.00861	0.00633	0.00842	0.00902	0.01049	0.00600	0.00747	0.01096	0.01321	0.01763	0.16875	0.12939	0.09080	0.01423	0.00721	0.00225	0.00428	0.42608	0.00527	0.05359
1	0.01251	0.01075	0.01697	0.34156	0.25074	0.01199	0.01385	0.03207	0.06674	0.05332	0.01381	0.08479	0.01181	0.00687	0.00602	0.00184	0.02513	0.00612	0.02583	0.00730
2	0.00910	0.00603	0.00775	0.00716	0.00876	0.00547	0.00542	0.01159	0.01563	0.07658	0.63911	0.04158	0.12146	0.01145	0.00657	0.00178	0.00283	0.01002	0.00615	0.00557
3	0.01418	0.20089	0.21473	0.01156	0.01612	0.01357	0.01176	0.05324	0.06998	0.12394	0.05591	0.07496	0.03851	0.00772	0.00604	0.00174	0.04780	0.02574	0.00403	0.00759
4	0.01464	0.01286	0.01297	0.01153	0.01471	0.05474	0.00898	0.08155	0.62982	0.02385	0.05521	0.02082	0.01772	0.00765	0.00573	0.00186	0.00480	0.00629	0.00559	0.00867
5	0.01167	0.01000	0.01167	0.00834	0.01334	0.00750	0.00667	0.01417	0.01167	0.01834	0.01000	0.01167	0.00834	0.00417	0.00417	0.00083	0.00417	0.00333	0.00333	0.83663
6	0.01157	0.02056	0.39432	0.01762	0.02385	0.01232	0.26099	0.01683	0.01253	0.01772	0.01393	0.02189	0.01196	0.00691	0.00620	0.00196	0.00817	0.13014	0.00302	0.00753
7	0.00682	0.00571	0.00593	0.00588	0.00770	0.00482	0.00441	0.00840	0.01322	0.01614	0.14742	0.05261	0.67383	0.01390	0.00665	0.00188	0.00283	0.01166	0.00535	0.00482
8	0.01269	0.01014	0.01391	0.35156	0.02418	0.01158	0.01127	0.16465	0.07245	0.04448	0.06084	0.14228	0.03918	0.00856	0.00597	0.00190	0.00582	0.00739	0.00426	0.00688
9	0.00894	0.00509	0.00748	0.00772	0.00795	0.00520	0.00532	0.00789	0.00826	0.01119	0.01461	0.16201	0.01558	0.02311	0.15009	0.53976	0.00635	0.00713	0.00305	0.00328
10	0.01293	0.01334	0.01715	0.01476	0.01496	0.07145	0.01221	0.01418	0.00914	0.01356	0.00748	0.01216	0.00738	0.00956	0.01752	0.00239	0.73633	0.00483	0.00249	0.00618
11	0.14226	0.01093	0.01082	0.03268	0.01263	0.06871	0.00754	0.19080	0.01533	0.06539	0.03846	0.01679	0.01223	0.00943	0.06673	0.00218	0.02869	0.00497	0.25664	0.00679

[dist]
# distance from previous block
# <min> <max>
1	43

[block]
# block no. 1 follows, 42 sequences, length 16
# corresponding to MSA columns:
# 373-375,377-389
name=unknown_B
#
# <colnr> <probs for GDERKNQSTAVLIFYWHMCP>
#	G	D	E	R	K	N	Q	S	T	A	V	L	I	F	Y	W	H	M	C	P
0	0.01188	0.12143	0.44812	0.01289	0.01976	0.01254	0.01510	0.01659	0.01176	0.01740	0.00978	0.01146	0.00751	0.00492	0.00477	0.00142	0.00677	0.00376	0.00267	0.25946
1	0.13107	0.11588	0.01627	0.01412	0.11691	0.10460	0.01005	0.02273	0.23855	0.11812	0.01475	0.01495	0.01121	0.00637	0.00559	0.00171	0.04005	0.00481	0.00427	0.00799
2	0.78994	0.01189	0.00876	0.00785	0.01130	0.06124	0.00640	0.01692	0.00998	0.02452	0.00789	0.00921	0.00617	0.00526	0.00358	0.00172	0.00472	0.00308	0.00345	0.00612
3	0.01111	0.01009	0.01630	0.02376	0.46641	0.00990	0.01241	0.01356	0.01220	0.01687	0.02109	0.25569	0.08763	0.00970	0.00616	0.00188	0.00529	0.00898	0.00375	0.00721
4	0.02035	0.02396	0.01575	0.01380	0.01709	0.61222	0.01052	0.12429	0.01710	0.01719	0.00948	0.01074	0.00766	0.00581	0.00508	0.00144	0.00913	0.00381	0.00332	0.07127
5	0.05251	0.17492	0.24760	0.01258	0.01793	0.08164	0.04449	0.04931	0.01389	0.18265	0.06006	0.01475	0.01167	0.00605	0.00512	0.00163	0.00669	0.00469	0.00388	0.00795
6	0.01749	0.00982	0.01302	0.11923	0.01738	0.00855	0.00864	0.02003	0.01356	0.34869	0.01537	0.01543	0.01068	0.00560	0.00503	0.00138	0.00491	0.00459	0.00481	0.35580
7	0.00727	0.00547	0.00673	0.00695	0.00812	0.00493	0.00501	0.00908	0.01351	0.01807	0.34965	0.28008	0.23631	0.01413	0.00681	0.00196	0.00290	0.01243	0.00564	0.00493
8	0.00861	0.00688	0.00805	0.00870	0.00949	0.04857	0.00631	0.01047	0.03875	0.01433	0.02461	0.37797	0.02764	0.12464	0.15253	0.00393	0.00643	0.11276	0.00446	0.00486
9	0.15982	0.01409	0.01473	0.01163	0.01583	0.01555	0.00955	0.49912	0.08884	0.09434	0.01413	0.01392	0.01004	0.00659	0.00528	0.00172	0.00561	0.00489	0.00539	0.00892
10	0.00912	0.00596	0.00718	0.00717	0.00864	0.00550	0.00526	0.01145	0.04113	0.07433	0.22394	0.26194	0.20555	0.01294	0.00641	0.00191	0.00310	0.01128	0.09176	0.00541
11	0.01598	0.68992	0.02764	0.01012	0.01488	0.02156	0.00979	0.12399	0.01364	0.01650	0.00866	0.00968	0.00757	0.00510	0.00391	0.00127	0.00604	0.00331	0.00288	0.00757
12	0.00998	0.00684	0.00787	0.00757	0.00891	0.00681	0.00543	0.07622	0.04273	0.04473	0.07962	0.13715	0.15059	0.25423	0.03455	0.00320	0.00457	0.04909	0.06472	0.00520
13	0.00891	0.00767	0.01044	0.01019	0.01054	0.00920	0.00775	0.01014	0.01053	0.01483	0.08851	0.42378	0.05229	0.01418	0.01117	0.00229	0.28671	0.01136	0.00432	0.00521
14	0.01216	0.04513	0.08751	0.10493	0.01989	0.01160	0.12123	0.03946	0.01191	0.01728	0.01071	0.01350	0.02064	0.00592	0.00708	0.02431	0.09982	0.00453	0.00302	0.33939
15	0.04772	0.09828	0.04042	0.07456	0.05971	0.01268	0.06050	0.13178	0.11638	0.06271	0.08424	0.08189	0.01645	0.00741	0.00548	0.00170	0.00542	0.00631	0.02685	0.05951

[dist]
# distance from previous block
# <min> <max>
9	50

[block]
# block no. 2 follows, 42 sequences, length 11
# corresponding to MSA columns:
# 440-450
name=unknown_C
#
# <colnr> <probs for GDERKNQSTAVLIFYWHMCP>
#	G	D	E	R	K	N	Q	S	T	A	V	L	I	F	Y	W	H	M	C	P
0	0.13286	0.01579	0.06602	0.01972	0.28458	0.14392	0.01246	0.08575	0.03642	0.09183	0.01193	0.01425	0.00946	0.04387	0.00630	0.00185	0.00670	0.00470	0.00365	0.00793
1	0.05258	0.12022	0.52820	0.01411	0.02104	0.01431	0.01693	0.09859	0.01352	0.01979	0.04316	0.01291	0.00938	0.00570	0.00513	0.00170	0.00736	0.00433	0.00296	0.00808
2	0.00721	0.00567	0.00651	0.00641	0.00797	0.00497	0.00477	0.00912	0.01398	0.01821	0.34900	0.09774	0.42172	0.01333	0.00668	0.00187	0.00280	0.01144	0.00563	0.00497
3	0.01357	0.01396	0.01898	0.22554	0.29007	0.11322	0.01477	0.01625	0.01176	0.01552	0.00939	0.01332	0.00794	0.00649	0.00875	0.00189	0.20391	0.00481	0.00264	0.00721
4	0.00689	0.00507	0.00636	0.00736	0.00796	0.00465	0.00496	0.00790	0.01101	0.01434	0.03503	0.62395	0.16814	0.05798	0.00821	0.00238	0.00330	0.01484	0.00513	0.00454
5	0.00966	0.00493	0.00724	0.00724	0.00724	0.00493	0.00478	0.00740	0.00740	0.00986	0.01037	0.01859	0.01058	0.07833	0.02249	0.77387	0.00493	0.00514	0.00252	0.00252
6	0.01317	0.01136	0.04253	0.25220	0.18146	0.01177	0.01265	0.09082	0.05766	0.07538	0.05993	0.04343	0.08305	0.00745	0.00623	0.00183	0.03138	0.00637	0.00394	0.00739
7	0.00768	0.00557	0.00692	0.00701	0.00808	0.00514	0.00506	0.00930	0.01309	0.01762	0.34924	0.16710	0.18718	0.09984	0.00986	0.03855	0.00333	0.04937	0.00532	0.00474
8	0.12790	0.10008	0.01652	0.07206	0.12159	0.06957	0.04155	0.04204	0.06362	0.08046	0.01267	0.04254	0.01037	0.00641	0.00597	0.00167	0.06675	0.00496	0.06178	0.05150
9	0.03398	0.05793	0.17691	0.05060	0.02644	0.01016	0.01025	0.06145	0.03398	0.13033	0.04615	0.09322	0.01570	0.12501	0.00882	0.00225	0.00558	0.00642	0.04190	0.06291
10	0.16889	0.22866	0.01854	0.01162	0.04146	0.05585	0.06914	0.04561	0.07378	0.09658	0.01223	0.03904	0.00992	0.00583	0.00463	0.00152	0.00569	0.00452	0.00375	0.10274

[dist]
# distance from previous block
# <min> <max>
0	39

[block]
# block no. 3 follows, 42 sequences, length 7
# corresponding to MSA columns:
# 496-502
name=unknown_D
#
# <colnr> <probs for GDERKNQSTAVLIFYWHMCP>
#	G	D	E	R	K	N	Q	S	T	A	V	L	I	F	Y	W	H	M	C	P
0	0.12526	0.01241	0.05785	0.03554	0.08047	0.04497	0.07125	0.07896	0.04098	0.13132	0.01543	0.11975	0.01356	0.04106	0.00705	0.00194	0.04178	0.00640	0.00421	0.06983
1	0.00929	0.00810	0.01192	0.00983	0.01255	0.00702	0.12109	0.01138	0.01195	0.01647	0.08705	0.20129	0.15634	0.08676	0.00825	0.00204	0.00456	0.00927	0.00427	0.22057
2	0.01311	0.09799	0.24789	0.10491	0.05473	0.04343	0.05701	0.06187	0.10530	0.03670	0.07733	0.01706	0.02910	0.00651	0.00576	0.00175	0.02295	0.00536	0.00357	0.00768
3	0.00899	0.00706	0.00939	0.00888	0.00922	0.00841	0.00645	0.00991	0.00856	0.01217	0.01472	0.02688	0.01564	0.38635	0.27627	0.00603	0.17068	0.00680	0.00308	0.00451
4	0.00799	0.00594	0.00795	0.07868	0.01116	0.00580	0.00630	0.01020	0.01356	0.01867	0.36881	0.23271	0.10617	0.01279	0.00663	0.00195	0.00342	0.05391	0.04222	0.00515
5	0.01251	0.00885	0.01081	0.00972	0.01137	0.00985	0.00751	0.11396	0.08883	0.07777	0.08051	0.08958	0.02031	0.15929	0.07475	0.00320	0.11158	0.05031	0.05303	0.00626
6	0.10717	0.04966	0.01543	0.01194	0.01592	0.11155	0.00971	0.37604	0.14002	0.08577	0.01425	0.01408	0.01038	0.00655	0.00526	0.00168	0.00610	0.00484	0.00504	0.00861

[dist]
# distance from previous block
# <min> <max>
2	7

[block]
# block no. 4 follows, 42 sequences, length 33
# corresponding to MSA columns:
# 510-542
name=unknown_E
#
# <colnr> <probs for GDERKNQSTAVLIFYWHMCP>
#	G	D	E	R	K	N	Q	S	T	A	V	L	I	F	Y	W	H	M	C	P
0	0.46948	0.06676	0.01274	0.13866	0.05122	0.04257	0.00894	0.01805	0.05686	0.07373	0.01028	0.01179	0.00781	0.00554	0.00429	0.00172	0.00536	0.00387	0.00357	0.00676
1	0.01371	0.01317	0.01765	0.01488	0.01560	0.06348	0.04654	0.01518	0.00976	0.06173	0.00859	0.01275	0.00785	0.00918	0.01628	0.00233	0.65710	0.00497	0.00279	0.00646
2	0.01299	0.33584	0.24402	0.01355	0.01902	0.01664	0.11545	0.01737	0.05589	0.01599	0.01297	0.01443	0.05594	0.00595	0.00552	0.00161	0.04180	0.00470	0.00284	0.00749
3	0.17454	0.01051	0.01479	0.34038	0.05767	0.01194	0.05478	0.08953	0.01309	0.04024	0.05944	0.05262	0.01229	0.00659	0.00534	0.00181	0.00606	0.00560	0.03612	0.00667
4	0.08341	0.01387	0.01489	0.01166	0.01586	0.01503	0.00955	0.50246	0.08779	0.08322	0.04373	0.01523	0.01191	0.00675	0.00542	0.00167	0.00553	0.00516	0.00544	0.06144
5	0.00765	0.00569	0.00712	0.00687	0.00824	0.00516	0.00511	0.00997	0.01502	0.02067	0.58507	0.09221	0.18562	0.01241	0.00667	0.00183	0.00273	0.01086	0.00595	0.00516
6	0.02102	0.02682	0.01595	0.01450	0.01740	0.77963	0.01087	0.02247	0.01595	0.01377	0.00870	0.01015	0.00725	0.00580	0.00507	0.00145	0.01015	0.00362	0.00290	0.00652
7	0.06425	0.00746	0.00801	0.00714	0.00931	0.00764	0.00558	0.08713	0.04909	0.10395	0.09902	0.02162	0.01772	0.00713	0.00464	0.00150	0.00340	0.00573	0.48331	0.00637
8	0.05925	0.00695	0.00879	0.00776	0.00996	0.00640	0.00602	0.01485	0.01527	0.20629	0.47338	0.05953	0.08239	0.01039	0.00624	0.00179	0.00331	0.00895	0.00614	0.00635
9	0.01312	0.01034	0.01674	0.61362	0.07969	0.01215	0.01459	0.03984	0.01248	0.11610	0.01178	0.01544	0.00851	0.00580	0.00563	0.00184	0.00705	0.00509	0.00321	0.00697
10	0.00842	0.00537	0.00632	0.00632	0.00632	0.00537	0.00363	0.00806	0.00806	0.01074	0.01654	0.03388	0.01886	0.68524	0.02765	0.12964	0.00537	0.00769	0.00327	0.00327
11	0.02173	0.01522	0.01655	0.01269	0.01718	0.01664	0.01048	0.68477	0.02555	0.10034	0.01428	0.01401	0.00996	0.00677	0.00563	0.00169	0.00607	0.00512	0.00575	0.00957
12	0.01201	0.01061	0.01182	0.00856	0.01348	0.03526	0.00682	0.01447	0.01182	0.01817	0.00996	0.01161	0.00830	0.00423	0.00420	0.00086	0.00438	0.00334	0.00332	0.80679
13	0.01612	0.44250	0.06524	0.01127	0.01527	0.24064	0.01029	0.01812	0.01269	0.01426	0.00900	0.01056	0.00778	0.00546	0.00474	0.00137	0.03791	0.00350	0.06638	0.00689
14	0.81027	0.01098	0.00883	0.00844	0.03984	0.01265	0.00652	0.01657	0.00970	0.02499	0.00794	0.00933	0.00620	0.00522	0.00356	0.00174	0.00444	0.00312	0.00346	0.00620
15	0.01427	0.01114	0.03786	0.11057	0.06893	0.06444	0.02582	0.08405	0.03092	0.14856	0.01906	0.24765	0.01815	0.00980	0.00680	0.00193	0.05394	0.00833	0.03081	0.00696
16	0.01206	0.00930	0.01280	0.08007	0.03354	0.01114	0.00954	0.07003	0.01157	0.07208	0.01582	0.05685	0.03284	0.07791	0.15646	0.00369	0.23542	0.05655	0.03621	0.00612
17	0.00692	0.00495	0.00659	0.00779	0.00818	0.00461	0.00523	0.00799	0.01107	0.01483	0.07246	0.75579	0.03812	0.01728	0.00715	0.00226	0.00323	0.01567	0.00528	0.00461
18	0.02208	0.00878	0.01178	0.00928	0.01304	0.00768	0.00757	0.02435	0.01571	0.62404	0.10294	0.02181	0.01825	0.00743	0.00562	0.00171	0.00437	0.00612	0.07872	0.00873
19	0.02008	0.01410	0.01540	0.01222	0.01638	0.01547	0.00996	0.48436	0.20203	0.12445	0.01687	0.01603	0.01196	0.00699	0.00566	0.00175	0.00560	0.00545	0.00582	0.00941
20	0.06089	0.00897	0.01180	0.00931	0.01311	0.00797	0.00761	0.02418	0.01559	0.60909	0.11403	0.02162	0.01848	0.00743	0.00560	0.00173	0.00441	0.00608	0.04343	0.00869
21	0.42575	0.01336	0.01264	0.01021	0.01422	0.01507	0.00843	0.38774	0.01814	0.03043	0.01071	0.01136	0.00786	0.00600	0.00457	0.00171	0.00529	0.00407	0.00457	0.00786
22	0.01461	0.71501	0.11625	0.01038	0.01560	0.02119	0.01093	0.01696	0.01149	0.01377	0.00809	0.00936	0.00721	0.00488	0.00381	0.00127	0.00629	0.00314	0.00240	0.00735
23	0.17577	0.27879	0.02037	0.21704	0.02152	0.04652	0.05429	0.09408	0.01291	0.01854	0.00925	0.01152	0.00740	0.00535	0.00457	0.00159	0.00647	0.00400	0.00303	0.00699
24	0.54473	0.01199	0.01194	0.00989	0.01368	0.01344	0.05870	0.12848	0.08925	0.05467	0.01103	0.01182	0.00822	0.00573	0.00434	0.00176	0.00501	0.00404	0.00412	0.00714
25	0.01550	0.01162	0.01258	0.01080	0.01390	0.03292	0.00849	0.19870	0.32159	0.09166	0.14769	0.07022	0.02217	0.00859	0.00593	0.00183	0.00468	0.00716	0.00579	0.00818
26	0.00739	0.00565	0.00649	0.00638	0.00792	0.00500	0.00475	0.00935	0.01395	0.01849	0.34864	0.09161	0.39044	0.01295	0.00655	0.00184	0.00278	0.01111	0.04370	0.00500
27	0.00825	0.00561	0.00638	0.00638	0.00778	0.00517	0.00479	0.01035	0.01326	0.01882	0.25765	0.07034	0.25593	0.04192	0.00688	0.00190	0.00299	0.05211	0.21848	0.00501
28	0.00774	0.00596	0.00724	0.00729	0.00864	0.00566	0.00536	0.01048	0.06035	0.01810	0.30620	0.21435	0.23821	0.01554	0.06053	0.00244	0.00382	0.01143	0.00546	0.00520
29	0.00960	0.00543	0.00796	0.00784	0.00799	0.00572	0.00545	0.00805	0.00822	0.01122	0.06328	0.05348	0.01403	0.01920	0.04918	0.66002	0.05161	0.00580	0.00285	0.00306
30	0.01624	0.01242	0.01430	0.09871	0.01777	0.01384	0.01013	0.37057	0.17058	0.03750	0.06939	0.05149	0.01689	0.00827	0.00595	0.00186	0.00553	0.06503	0.00530	0.00822
31	0.13432	0.06399	0.01269	0.13100	0.11859	0.00979	0.00895	0.01316	0.01263	0.01904	0.23027	0.10184	0.06832	0.00875	0.00560	0.00175	0.00458	0.00749	0.00421	0.04304
32	0.08613	0.06804	0.11717	0.00953	0.01479	0.00980	0.00889	0.01609	0.01184	0.07686	0.01062	0.01187	0.00833	0.00468	0.00435	0.00114	0.00493	0.00358	0.00343	0.52791

[dist]
# distance from previous block
# <min> <max>
8	87

[block]
# block no. 5 follows, 42 sequences, length 8
# corresponding to MSA columns:
# 659-666
name=unknown_F
#
# <colnr> <probs for GDERKNQSTAVLIFYWHMCP>
#	G	D	E	R	K	N	Q	S	T	A	V	L	I	F	Y	W	H	M	C	P
0	0.10831	0.09143	0.06094	0.09824	0.06900	0.13848	0.01128	0.23585	0.01684	0.06997	0.01152	0.01279	0.00863	0.00593	0.00503	0.00162	0.00669	0.00440	0.03521	0.00783
1	0.05788	0.38693	0.14879	0.01056	0.01522	0.01590	0.01066	0.05871	0.01244	0.03933	0.01266	0.09934	0.01199	0.00696	0.00469	0.00153	0.00584	0.03793	0.00328	0.05935
2	0.00910	0.00752	0.01093	0.15918	0.09770	0.00785	0.00875	0.01229	0.06015	0.01766	0.22544	0.28241	0.05578	0.01154	0.00645	0.00196	0.00434	0.01036	0.00474	0.00585
3	0.06476	0.03658	0.06324	0.06285	0.07464	0.02797	0.05943	0.11192	0.08808	0.17592	0.01670	0.05201	0.03706	0.00675	0.00544	0.00168	0.00571	0.00568	0.00454	0.09903
4	0.01180	0.01063	0.05389	0.29567	0.06995	0.01098	0.01131	0.09561	0.08438	0.01935	0.06923	0.04919	0.03955	0.03864	0.00647	0.00192	0.00568	0.00626	0.11278	0.00672
5	0.01270	0.01136	0.01341	0.20545	0.12335	0.09670	0.01049	0.06022	0.08758	0.01892	0.06783	0.02107	0.07681	0.00713	0.00540	0.00168	0.00566	0.00596	0.16155	0.00674
6	0.05121	0.03986	0.00861	0.00764	0.00938	0.00729	0.00584	0.07147	0.01271	0.01699	0.07627	0.16115	0.29355	0.03849	0.09281	0.05530	0.00502	0.03656	0.00464	0.00519
7	0.00974	0.00784	0.01023	0.01120	0.08403	0.00813	0.00751	0.09089	0.01344	0.01810	0.11501	0.34939	0.15296	0.01320	0.00774	0.00205	0.07650	0.01133	0.00489	0.00581

[dist]
# distance from previous block
# <min> <max>
0	1

[block]
# block no. 6 follows, 42 sequences, length 37
# corresponding to MSA columns:
# 668-681,683-705
name=unknown_G
#
# <colnr> <probs for GDERKNQSTAVLIFYWHMCP>
#	G	D	E	R	K	N	Q	S	T	A	V	L	I	F	Y	W	H	M	C	P
0	0.04284	0.00942	0.01116	0.21168	0.01781	0.05172	0.00872	0.10678	0.01324	0.01867	0.01703	0.19492	0.01649	0.05244	0.00675	0.00195	0.00522	0.00750	0.15505	0.05060
1	0.35386	0.01279	0.01189	0.05155	0.01479	0.07946	0.00822	0.14075	0.06750	0.09044	0.03251	0.01316	0.00986	0.00595	0.00460	0.00164	0.00532	0.00423	0.00427	0.08720
2	0.05926	0.01305	0.01882	0.01599	0.05580	0.01582	0.11307	0.12717	0.03748	0.05954	0.01037	0.01346	0.00856	0.00795	0.01230	0.00213	0.41335	0.00517	0.00342	0.00729
3	0.05991	0.01104	0.01530	0.05499	0.22010	0.01141	0.03506	0.12269	0.07878	0.13070	0.04435	0.06277	0.01421	0.00697	0.00547	0.00172	0.00531	0.00604	0.10523	0.00794
4	0.28053	0.13832	0.19957	0.01248	0.01748	0.05910	0.08896	0.06481	0.01247	0.02039	0.01039	0.01377	0.00852	0.00584	0.00475	0.00171	0.00661	0.04396	0.00318	0.00716
5	0.16775	0.61334	0.06895	0.00959	0.01436	0.01995	0.00963	0.01685	0.01112	0.01573	0.00796	0.00922	0.00701	0.00492	0.00369	0.00134	0.00584	0.00308	0.00260	0.00708
6	0.00720	0.00572	0.00647	0.00628	0.00794	0.00499	0.00471	0.00915	0.01413	0.01830	0.35438	0.04906	0.46554	0.01310	0.00665	0.00185	0.00277	0.01116	0.00563	0.00499
7	0.01110	0.00849	0.01004	0.00946	0.01126	0.00943	0.00727	0.07895	0.22379	0.01864	0.04810	0.02883	0.01918	0.16030	0.21751	0.00448	0.00757	0.08370	0.03562	0.00626
8	0.01535	0.76783	0.02889	0.00979	0.01459	0.02204	0.00968	0.05184	0.01215	0.01430	0.00810	0.00924	0.00733	0.00491	0.00371	0.00123	0.00603	0.00311	0.00256	0.00733
9	0.00743	0.00528	0.00659	0.00729	0.00817	0.00488	0.00519	0.00897	0.01215	0.01652	0.15404	0.45129	0.15423	0.01506	0.00677	0.00207	0.00315	0.05195	0.07417	0.00481
10	0.02204	0.01302	0.01600	0.01221	0.01662	0.01336	0.05249	0.40646	0.02126	0.31501	0.01686	0.01601	0.01133	0.00671	0.00565	0.00171	0.00573	0.00539	0.03282	0.00932
11	0.00978	0.00489	0.00733	0.00733	0.00733	0.00489	0.00489	0.00733	0.00733	0.00978	0.00978	0.01711	0.00978	0.01955	0.02199	0.83627	0.00489	0.00489	0.00244	0.00244
12	0.02118	0.01457	0.01587	0.01223	0.01655	0.01587	0.01008	0.63634	0.02463	0.10766	0.01464	0.01448	0.01027	0.00677	0.00554	0.00167	0.00586	0.00514	0.05133	0.00933
13	0.05833	0.01082	0.01293	0.01052	0.05263	0.00954	0.00797	0.07931	0.01307	0.07710	0.01100	0.01241	0.00872	0.00502	0.00523	0.00116	0.04799	0.00382	0.00374	0.56867
14	0.06065	0.48420	0.02150	0.00906	0.01302	0.01751	0.00839	0.11836	0.01351	0.01863	0.01082	0.01216	0.00899	0.00547	0.00395	0.00132	0.00524	0.00377	0.17638	0.00708
15	0.13863	0.01507	0.01566	0.01216	0.01651	0.01676	0.01004	0.64380	0.02405	0.03401	0.01270	0.01289	0.00907	0.00654	0.00532	0.00170	0.00593	0.00478	0.00532	0.00907
16	0.01626	0.05336	0.04383	0.18782	0.22493	0.01284	0.04788	0.10604	0.02802	0.18002	0.01396	0.03686	0.01052	0.00616	0.00560	0.00174	0.00642	0.00543	0.00405	0.00826
17	0.00960	0.00834	0.03664	0.21881	0.05656	0.00878	0.00953	0.03920	0.01057	0.01435	0.01540	0.11081	0.01532	0.16225	0.22791	0.03154	0.00862	0.00710	0.00325	0.00541
18	0.00742	0.00522	0.00644	0.00705	0.00743	0.00496	0.00453	0.00823	0.01043	0.01392	0.09421	0.41751	0.07190	0.29730	0.01477	0.00335	0.00397	0.01245	0.00466	0.00423
19	0.01261	0.00774	0.00892	0.00821	0.01042	0.00773	0.00637	0.06668	0.12369	0.13050	0.09335	0.12676	0.12951	0.01019	0.00581	0.00180	0.00370	0.04557	0.19387	0.00656
20	0.01512	0.01095	0.01205	0.01018	0.01318	0.01170	0.00805	0.33572	0.11651	0.05443	0.09265	0.12964	0.10189	0.00962	0.00597	0.00181	0.00462	0.00799	0.05028	0.00764
21	0.48735	0.01001	0.00909	0.00804	0.01108	0.01117	0.00646	0.06193	0.08358	0.05029	0.14810	0.01751	0.01663	0.00682	0.00450	0.00174	0.00409	0.00499	0.05013	0.00651
22	0.06585	0.01406	0.01518	0.01201	0.01620	0.01542	0.00982	0.48837	0.15670	0.12384	0.01598	0.01533	0.01130	0.00686	0.00553	0.00174	0.00560	0.00526	0.00569	0.00926
23	0.00709	0.00558	0.00641	0.00650	0.00795	0.00489	0.00476	0.00882	0.01343	0.01734	0.27162	0.18147	0.41611	0.01400	0.00674	0.00193	0.00286	0.01208	0.00553	0.00489
24	0.01505	0.80561	0.02949	0.00963	0.01444	0.02227	0.00963	0.01685	0.01143	0.01324	0.00782	0.00903	0.00722	0.00481	0.00361	0.00120	0.00602	0.00301	0.00241	0.00722
25	0.11969	0.01747	0.01593	0.05635	0.05837	0.27744	0.01130	0.10933	0.01386	0.01814	0.00898	0.01156	0.00754	0.00700	0.00900	0.00185	0.24190	0.00427	0.00316	0.00686
26	0.01434	0.01092	0.01481	0.16556	0.14988	0.01188	0.01127	0.11354	0.17465	0.09060	0.08099	0.02162	0.01636	0.00732	0.00575	0.00181	0.00548	0.04569	0.04970	0.00783
27	0.01334	0.00745	0.00922	0.00823	0.01055	0.00710	0.00656	0.06092	0.03977	0.19333	0.27271	0.03458	0.09132	0.00998	0.00604	0.00180	0.00371	0.08740	0.12938	0.00660
28	0.01244	0.00980	0.05512	0.05258	0.01359	0.00934	0.00837	0.06164	0.14511	0.11116	0.25624	0.08205	0.06592	0.00960	0.00674	0.00186	0.04665	0.00804	0.03684	0.00690
29	0.00872	0.00602	0.00705	0.00667	0.00850	0.00526	0.00504	0.01067	0.01424	0.08082	0.32972	0.07121	0.40007	0.01269	0.00658	0.00185	0.00295	0.01083	0.00575	0.00536
30	0.00907	0.00529	0.00745	0.00745	0.00788	0.00548	0.00521	0.00843	0.00839	0.01161	0.01497	0.02236	0.05603	0.08917	0.20890	0.46829	0.00722	0.00587	0.04750	0.00345
31	0.01325	0.24570	0.26419	0.05897	0.01980	0.07651	0.05192	0.01665	0.01143	0.01503	0.00924	0.01230	0.00781	0.03622	0.00797	0.00185	0.13725	0.00424	0.00251	0.00716
32	0.03859	0.16552	0.01395	0.00909	0.01176	0.05140	0.04496	0.01483	0.03786	0.08110	0.28170	0.08371	0.07995	0.00919	0.00564	0.00167	0.00442	0.00778	0.05061	0.00627
33	0.05163	0.06912	0.11335	0.03857	0.09418	0.01119	0.07168	0.06014	0.03902	0.13368	0.17531	0.02042	0.01911	0.00694	0.00553	0.00167	0.00550	0.00600	0.03124	0.04571
34	0.04298	0.03754	0.01490	0.01466	0.12891	0.04176	0.01010	0.15621	0.21768	0.08793	0.01755	0.09985	0.01475	0.00978	0.04777	0.00222	0.03609	0.00649	0.00476	0.00808
35	0.19551	0.01088	0.05510	0.17208	0.08364	0.01093	0.01045	0.02694	0.01194	0.10207	0.07417	0.01656	0.01262	0.00908	0.06458	0.00229	0.04843	0.00502	0.03522	0.05247
36	0.04617	0.16199	0.06787	0.23781	0.14925	0.04282	0.06676	0.12848	0.01416	0.01894	0.01021	0.01290	0.00799	0.00546	0.00520	0.00166	0.00706	0.00458	0.00308	0.00761

[dist]
# distance from previous block
# <min> <max>
4	102

[block]
# block no. 7 follows, 42 sequences, length 7
# corresponding to MSA columns:
# 808-814
name=unknown_H
#
# <colnr> <probs for GDERKNQSTAVLIFYWHMCP>
#	G	D	E	R	K	N	Q	S	T	A	V	L	I	F	Y	W	H	M	C	P
0	0.04458	0.07530	0.05467	0.09827	0.27862	0.06172	0.03894	0.03700	0.09206	0.01820	0.01229	0.01624	0.01032	0.00615	0.00596	0.00171	0.04196	0.04172	0.00327	0.06100
1	0.09842	0.48553	0.16091	0.01181	0.01717	0.01878	0.06846	0.05262	0.01220	0.01673	0.00879	0.01025	0.00731	0.00504	0.00424	0.00144	0.00654	0.00360	0.00270	0.00745
2	0.01231	0.01231	0.01724	0.01477	0.01477	0.01724	0.01231	0.01354	0.00862	0.01354	0.00739	0.01231	0.00739	0.00985	0.01847	0.00246	0.79192	0.00492	0.00246	0.00616
3	0.11880	0.01247	0.01466	0.06681	0.09976	0.01365	0.01029	0.20270	0.24078	0.13743	0.01639	0.01623	0.01188	0.00659	0.00539	0.00178	0.00538	0.00529	0.00507	0.00865
4	0.01472	0.01602	0.05660	0.01705	0.02029	0.11519	0.24706	0.12015	0.01386	0.01835	0.01104	0.05324	0.00956	0.00744	0.00993	0.00200	0.25127	0.00585	0.00323	0.00717
5	0.00809	0.00584	0.00808	0.00808	0.00875	0.00651	0.00583	0.00943	0.00876	0.01235	0.01595	0.02698	0.01619	0.29397	0.53106	0.00786	0.01189	0.00674	0.00315	0.00449
6	0.00775	0.00574	0.00723	0.00686	0.00828	0.00522	0.00514	0.01021	0.01542	0.02137	0.64905	0.04401	0.16895	0.01195	0.00664	0.00179	0.00269	0.01045	0.00604	0.00522

[dist]
# distance from previous block
# <min> <max>
0	7

[block]
# block no. 8 follows, 42 sequences, length 31
# corresponding to MSA columns:
# 822-852
name=unknown_I
#
# <colnr> <probs for GDERKNQSTAVLIFYWHMCP>
#	G	D	E	R	K	N	Q	S	T	A	V	L	I	F	Y	W	H	M	C	P
0	0.01328	0.01518	0.03321	0.02372	0.02941	0.01423	0.74668	0.01803	0.01328	0.01803	0.01139	0.01518	0.00854	0.00474	0.00664	0.00190	0.00949	0.00664	0.00285	0.00759
1	0.84197	0.01088	0.00827	0.00740	0.01088	0.01262	0.00609	0.01654	0.00958	0.02525	0.00784	0.00914	0.00609	0.00522	0.00348	0.00174	0.00435	0.00305	0.00348	0.00609
2	0.00951	0.00642	0.00817	0.00748	0.00915	0.00602	0.00569	0.02815	0.03948	0.07113	0.64580	0.03979	0.07920	0.01110	0.00652	0.00178	0.00294	0.00973	0.00618	0.00577
3	0.02291	0.01037	0.04439	0.00998	0.01420	0.00878	0.00852	0.07360	0.01618	0.61414	0.02072	0.01866	0.01341	0.00684	0.00547	0.00170	0.00481	0.00551	0.09074	0.00908
4	0.00924	0.00518	0.00751	0.00751	0.00770	0.00537	0.00511	0.00796	0.00776	0.01054	0.01178	0.02054	0.01194	0.12248	0.16689	0.57434	0.00690	0.00552	0.00267	0.00306
5	0.01505	0.80561	0.02949	0.00963	0.01444	0.02227	0.00963	0.01685	0.01143	0.01324	0.00782	0.00903	0.00722	0.00481	0.00361	0.00120	0.00602	0.00301	0.00241	0.00722
6	0.01167	0.01000	0.01167	0.00834	0.01334	0.00750	0.00667	0.01417	0.01167	0.01834	0.01000	0.01167	0.00834	0.00417	0.00417	0.00083	0.00417	0.00333	0.00333	0.83663
7	0.00881	0.00685	0.01080	0.08408	0.04326	0.00673	0.07433	0.01049	0.01119	0.04210	0.02543	0.55439	0.02896	0.05492	0.00797	0.00233	0.00454	0.01289	0.00462	0.00530
8	0.38428	0.07191	0.01369	0.05072	0.01541	0.22813	0.00888	0.13183	0.01420	0.02223	0.00907	0.01040	0.00711	0.00561	0.00438	0.00162	0.00654	0.00362	0.00353	0.00684
9	0.08335	0.02029	0.40345	0.01406	0.06277	0.05105	0.01464	0.04300	0.03415	0.02015	0.17934	0.01875	0.01782	0.00683	0.00550	0.00175	0.00652	0.00553	0.00359	0.00746
10	0.00836	0.00595	0.00774	0.00768	0.00830	0.00653	0.00544	0.00956	0.00913	0.01300	0.01834	0.04983	0.05025	0.32840	0.34506	0.00630	0.04041	0.00728	0.06801	0.00444
11	0.00742	0.00537	0.00675	0.00744	0.00815	0.00503	0.00521	0.00869	0.01153	0.01527	0.13107	0.40387	0.12748	0.14450	0.01061	0.00272	0.00368	0.08560	0.00505	0.00457
12	0.01777	0.00794	0.01057	0.00867	0.01176	0.00697	0.00694	0.02007	0.01582	0.45052	0.29235	0.02975	0.07806	0.00909	0.00608	0.00176	0.00389	0.00770	0.00657	0.00772
13	0.01578	0.01297	0.01373	0.01181	0.01531	0.01483	0.00934	0.20299	0.58097	0.02641	0.02064	0.01919	0.01535	0.00742	0.00570	0.00186	0.00487	0.00605	0.00570	0.00907
14	0.01322	0.01698	0.22312	0.01783	0.02336	0.01228	0.35396	0.01850	0.05080	0.07830	0.01449	0.01951	0.01146	0.00628	0.00613	0.00189	0.00781	0.07011	0.04627	0.00767
15	0.44034	0.01327	0.01249	0.01012	0.01410	0.01499	0.00835	0.37473	0.01784	0.03025	0.01061	0.01128	0.00780	0.00597	0.00453	0.00172	0.00525	0.00404	0.00453	0.00780
16	0.04957	0.01938	0.01586	0.01309	0.01691	0.31789	0.01038	0.36709	0.02073	0.09715	0.01225	0.01257	0.00895	0.00635	0.00534	0.00160	0.00756	0.00448	0.00460	0.00825
17	0.01505	0.80561	0.02949	0.00963	0.01444	0.02227	0.00963	0.01685	0.01143	0.01324	0.00782	0.00903	0.00722	0.00481	0.00361	0.00120	0.00602	0.00301	0.00241	0.00722
18	0.01079	0.01017	0.01718	0.75096	0.07521	0.01255	0.01571	0.01452	0.01133	0.01458	0.01003	0.01495	0.00757	0.00560	0.00562	0.00187	0.00746	0.00500	0.00251	0.00638
19	0.01667	0.01329	0.01419	0.01199	0.01561	0.01504	0.00961	0.30746	0.44445	0.02789	0.01954	0.01978	0.01484	0.00761	0.00577	0.00185	0.00516	0.03458	0.00567	0.00902
20	0.00983	0.00584	0.00685	0.00651	0.00795	0.00562	0.00490	0.02932	0.01416	0.04240	0.36884	0.05869	0.03327	0.00929	0.00541	0.00158	0.00280	0.00796	0.37329	0.00547
21	0.01163	0.01107	0.01853	0.53498	0.23646	0.01303	0.01587	0.01512	0.01152	0.01542	0.01000	0.01454	0.00788	0.00572	0.00640	0.00186	0.05542	0.00500	0.00258	0.00697
22	0.00861	0.00589	0.00762	0.00716	0.00861	0.00538	0.00538	0.01110	0.01555	0.05503	0.66012	0.07180	0.09297	0.01171	0.00662	0.00180	0.00279	0.01031	0.00613	0.00544
23	0.00844	0.00636	0.00909	0.00898	0.00971	0.00741	0.00682	0.00992	0.00899	0.01282	0.01565	0.04990	0.01566	0.15185	0.53547	0.03576	0.07190	0.02737	0.00315	0.00477
24	0.01771	0.05426	0.09109	0.01463	0.08930	0.01372	0.05485	0.27777	0.06486	0.14348	0.04135	0.01550	0.01173	0.00627	0.00548	0.00164	0.00600	0.00517	0.00475	0.08045
25	0.00862	0.00812	0.04846	0.25189	0.01884	0.00800	0.00942	0.01149	0.04247	0.01517	0.04553	0.38494	0.06828	0.01345	0.03720	0.00235	0.00532	0.01076	0.00419	0.00551
26	0.01481	0.08412	0.01906	0.05889	0.24587	0.02793	0.04291	0.17424	0.05959	0.02152	0.05488	0.02940	0.01218	0.00633	0.00607	0.00164	0.04596	0.00530	0.00380	0.08550
27	0.31184	0.03416	0.04135	0.01163	0.03670	0.03790	0.09706	0.04137	0.08764	0.08254	0.04276	0.05484	0.01219	0.00718	0.00579	0.04351	0.00543	0.00527	0.00402	0.03684
28	0.04677	0.05647	0.03528	0.01328	0.15630	0.00921	0.00860	0.01413	0.01143	0.08504	0.07106	0.03865	0.01615	0.18824	0.09890	0.00324	0.00635	0.00605	0.00372	0.13114
29	0.21181	0.05616	0.02644	0.04165	0.12074	0.04038	0.03451	0.03369	0.05853	0.06628	0.03586	0.04513	0.01129	0.00722	0.00665	0.05505	0.04534	0.00496	0.00366	0.09466
30	0.11793	0.01257	0.04563	0.01666	0.19717	0.04540	0.04004	0.05684	0.04673	0.18321	0.04667	0.05650	0.01318	0.00676	0.00586	0.00172	0.03401	0.00562	0.00435	0.06318

[dist]
# distance from previous block
# <min> <max>
8	169

[block]
# block no. 9 follows, 42 sequences, length 13
# corresponding to MSA columns:
# 1072-1084
name=unknown_J
#
# <colnr> <probs for GDERKNQSTAVLIFYWHMCP>
#	G	D	E	R	K	N	Q	S	T	A	V	L	I	F	Y	W	H	M	C	P
0	0.04943	0.13114	0.08536	0.01248	0.07826	0.05516	0.01005	0.05794	0.12204	0.13313	0.07709	0.03280	0.04693	0.00692	0.00523	0.00161	0.00542	0.00555	0.00441	0.07903
1	0.01498	0.06688	0.06801	0.03947	0.30947	0.05522	0.01280	0.09560	0.02705	0.08503	0.04018	0.03957	0.05097	0.00649	0.00546	0.00163	0.00610	0.00557	0.00380	0.06574
2	0.03080	0.05672	0.07211	0.04604	0.25630	0.01217	0.09641	0.05709	0.01375	0.14726	0.02344	0.02847	0.01049	0.00565	0.00540	0.00160	0.00626	0.00515	0.00378	0.12111
3	0.01403	0.05495	0.04625	0.01486	0.13512	0.04338	0.08513	0.01782	0.07635	0.14840	0.11978	0.07771	0.07549	0.02466	0.00634	0.00182	0.00543	0.00719	0.00458	0.04071
4	0.03381	0.01169	0.01670	0.17734	0.16124	0.03470	0.05947	0.03783	0.01251	0.05711	0.01105	0.02511	0.00891	0.00541	0.00569	0.00148	0.03991	0.00464	0.00327	0.29214
5	0.05610	0.01211	0.01937	0.28182	0.31412	0.01381	0.04112	0.04344	0.01202	0.01730	0.00990	0.01382	0.00807	0.00602	0.00748	0.00187	0.12645	0.00495	0.00279	0.00743
6	0.01178	0.01234	0.06179	0.05597	0.07835	0.01421	0.04434	0.03387	0.01069	0.01557	0.03564	0.04488	0.04022	0.01024	0.03220	0.00240	0.44235	0.04365	0.00306	0.00646
7	0.04699	0.01048	0.01243	0.19382	0.01863	0.07235	0.00965	0.09854	0.01395	0.12061	0.02022	0.20133	0.05631	0.00984	0.00645	0.00193	0.03233	0.04813	0.00448	0.02152
8	0.00797	0.00568	0.00750	0.00837	0.00914	0.00556	0.00633	0.00952	0.01141	0.01510	0.06897	0.30165	0.06390	0.14847	0.04577	0.00318	0.00479	0.26716	0.00486	0.00466
9	0.01099	0.00622	0.00767	0.00715	0.00804	0.00609	0.00471	0.01170	0.00995	0.13776	0.05262	0.03250	0.02017	0.54910	0.10758	0.00507	0.00629	0.00762	0.00408	0.00470
10	0.01372	0.17861	0.05483	0.01034	0.01311	0.01216	0.00905	0.06724	0.01349	0.13372	0.12046	0.15294	0.02165	0.00983	0.00744	0.00188	0.10857	0.05959	0.00454	0.00681
11	0.01546	0.48815	0.19924	0.01163	0.01710	0.06062	0.01228	0.06742	0.01305	0.05533	0.00953	0.01058	0.00771	0.00524	0.00434	0.00141	0.00672	0.00359	0.00288	0.00772
12	0.01472	0.34299	0.27873	0.01222	0.01791	0.01680	0.01328	0.12623	0.01400	0.05235	0.01139	0.05510	0.00951	0.00610	0.00479	0.00156	0.00662	0.00455	0.00324	0.00790

[dist]
# distance from previous block
# <min> <max>
0	2

[block]
# block no. 10 follows, 42 sequences, length 27
# corresponding to MSA columns:
# 1087-1113
name=unknown_K
#
# <colnr> <probs for GDERKNQSTAVLIFYWHMCP>
#	G	D	E	R	K	N	Q	S	T	A	V	L	I	F	Y	W	H	M	C	P
0	0.01563	0.01251	0.01416	0.01287	0.04655	0.06184	0.04786	0.02667	0.48825	0.12587	0.02091	0.02148	0.01596	0.02820	0.00639	0.00196	0.00528	0.03375	0.00536	0.00849
1	0.01013	0.00782	0.01041	0.00946	0.01041	0.00902	0.03514	0.01247	0.03784	0.01718	0.13337	0.08131	0.02192	0.12424	0.01222	0.00245	0.20490	0.04294	0.21138	0.00539
2	0.09309	0.01219	0.05789	0.01069	0.01537	0.03953	0.07475	0.01824	0.05523	0.15014	0.01470	0.01531	0.04101	0.00556	0.00488	0.00136	0.00521	0.00460	0.00408	0.37618
3	0.06406	0.01248	0.01416	0.01120	0.01523	0.01308	0.00914	0.36907	0.07907	0.26744	0.04356	0.04670	0.01396	0.00739	0.00563	0.00175	0.00528	0.00585	0.00596	0.00900
4	0.00874	0.00590	0.00669	0.00659	0.00682	0.00597	0.00394	0.03730	0.00911	0.01213	0.01809	0.03707	0.02055	0.73706	0.02684	0.00518	0.00547	0.03926	0.00357	0.00373
5	0.01375	0.00806	0.00954	0.00824	0.01000	0.00809	0.00589	0.13774	0.01352	0.16541	0.08068	0.02931	0.01985	0.41734	0.04528	0.00391	0.00556	0.00725	0.00471	0.00588
6	0.01063	0.01000	0.01688	0.78870	0.03876	0.01250	0.01563	0.01438	0.01125	0.01438	0.01000	0.01500	0.00750	0.00563	0.00563	0.00188	0.00750	0.00500	0.00250	0.00625
7	0.01063	0.01000	0.01688	0.78870	0.03876	0.01250	0.01563	0.01438	0.01125	0.01438	0.01000	0.01500	0.00750	0.00563	0.00563	0.00188	0.00750	0.00500	0.00250	0.00625
8	0.00799	0.00610	0.00775	0.00795	0.00939	0.00526	0.00557	0.00933	0.01099	0.01531	0.02605	0.61246	0.03039	0.01445	0.00647	0.00194	0.00348	0.01300	0.00478	0.20134
9	0.06218	0.01215	0.03548	0.01146	0.01540	0.03335	0.05848	0.11668	0.20858	0.29082	0.01877	0.01781	0.01310	0.00676	0.00546	0.00175	0.00525	0.00556	0.07236	0.00861
10	0.01029	0.00526	0.00739	0.00723	0.00747	0.00519	0.00476	0.00860	0.00799	0.05148	0.01211	0.02132	0.01223	0.18185	0.02249	0.61780	0.00500	0.00562	0.00289	0.00303
11	0.01687	0.01254	0.01362	0.01159	0.01518	0.01402	0.00920	0.17736	0.51792	0.11559	0.02089	0.01924	0.01522	0.00737	0.00570	0.00184	0.00485	0.00601	0.00585	0.00912
12	0.01467	0.00986	0.01179	0.00902	0.01335	0.00836	0.00721	0.01889	0.11178	0.18455	0.07303	0.01691	0.01422	0.00581	0.00489	0.00125	0.00422	0.00478	0.00467	0.48074
13	0.01505	0.80561	0.02949	0.00963	0.01444	0.02227	0.00963	0.01685	0.01143	0.01324	0.00782	0.00903	0.00722	0.00481	0.00361	0.00120	0.00602	0.00301	0.00241	0.00722
14	0.84197	0.01088	0.00827	0.00740	0.01088	0.01262	0.00609	0.01654	0.00958	0.02525	0.00784	0.00914	0.00609	0.00522	0.00348	0.00174	0.00435	0.00305	0.00348	0.00609
15	0.01999	0.01471	0.05422	0.01265	0.04700	0.11926	0.01014	0.21247	0.09090	0.26727	0.04913	0.01774	0.01361	0.00697	0.00559	0.00171	0.00600	0.01673	0.02530	0.00863
16	0.00918	0.00614	0.00835	0.00830	0.00908	0.00661	0.00597	0.01041	0.00961	0.06383	0.01916	0.18110	0.02019	0.24373	0.33350	0.00593	0.04170	0.00855	0.00381	0.00484
17	0.00747	0.00509	0.00634	0.00719	0.00773	0.00480	0.00482	0.00863	0.01096	0.01517	0.06571	0.54390	0.07311	0.10678	0.00924	0.00250	0.00339	0.01336	0.09926	0.00456
18	0.00702	0.00533	0.00648	0.00701	0.00804	0.00478	0.00494	0.00849	0.01249	0.01633	0.19170	0.40742	0.26900	0.01530	0.00690	0.00206	0.00301	0.01349	0.00543	0.00478
19	0.01622	0.00970	0.01151	0.01000	0.01301	0.01003	0.00785	0.02420	0.33269	0.26673	0.11477	0.04922	0.02191	0.05129	0.00717	0.00206	0.00438	0.03311	0.00603	0.00812
20	0.01258	0.00997	0.01176	0.00845	0.01341	0.00755	0.00678	0.01506	0.01197	0.06907	0.01082	0.01217	0.00871	0.00436	0.00427	0.00089	0.00421	0.00349	0.00358	0.78088
21	0.06403	0.01129	0.01290	0.01077	0.01452	0.01191	0.00863	0.07793	0.37484	0.31789	0.02116	0.01911	0.01477	0.00718	0.00557	0.00182	0.00470	0.00582	0.00608	0.00906
22	0.47718	0.01033	0.01029	0.00853	0.01228	0.01084	0.00702	0.04224	0.01279	0.30495	0.04438	0.01437	0.01106	0.00618	0.00449	0.00174	0.00450	0.00438	0.00496	0.00747
23	0.01060	0.00737	0.01055	0.04332	0.01259	0.00716	0.06612	0.01363	0.07810	0.10806	0.05425	0.36755	0.10024	0.04393	0.00756	0.00222	0.00437	0.05132	0.00513	0.00591
24	0.01173	0.00806	0.01090	0.06177	0.01249	0.00870	0.03521	0.08262	0.03411	0.07198	0.01669	0.04287	0.04667	0.23580	0.09200	0.15255	0.06017	0.00669	0.00373	0.00525
25	0.06858	0.03544	0.01836	0.27426	0.13285	0.01266	0.10515	0.01571	0.01145	0.05596	0.01069	0.01435	0.00846	0.00650	0.00762	0.03707	0.09938	0.00497	0.03470	0.04583
26	0.10090	0.17923	0.06376	0.02864	0.02992	0.04063	0.00954	0.07978	0.04458	0.23147	0.01355	0.01358	0.00979	0.00573	0.00475	0.00149	0.00552	0.00429	0.00436	0.12845

[dist]
# distance from previous block
# <min> <max>
1	46

[block]
# block no. 11 follows, 42 sequences, length 12
# corresponding to MSA columns:
# 1160-1171
name=unknown_L
#
# <colnr> <probs for GDERKNQSTAVLIFYWHMCP>
#	G	D	E	R	K	N	Q	S	T	A	V	L	I	F	Y	W	H	M	C	P
0	0.01252	0.01244	0.01298	0.01240	0.06540	0.17137	0.05467	0.01459	0.05120	0.01397	0.01363	0.02281	0.01365	0.32487	0.05320	0.00354	0.08222	0.00610	0.00323	0.05520
1	0.17096	0.00999	0.01038	0.00906	0.01212	0.01085	0.00719	0.05213	0.28536	0.15348	0.01852	0.01814	0.01359	0.00678	0.00487	0.00170	0.00414	0.00531	0.19778	0.00767
2	0.01609	0.01051	0.01214	0.01025	0.01342	0.01107	0.00813	0.14984	0.27431	0.18498	0.21793	0.02488	0.02469	0.00837	0.00594	0.00180	0.00435	0.00700	0.00610	0.00821
3	0.01067	0.00711	0.01004	0.00930	0.01060	0.00797	0.00727	0.01260	0.01106	0.10878	0.14993	0.02507	0.02068	0.07403	0.41160	0.00585	0.10098	0.00673	0.00404	0.00568
4	0.01583	0.00778	0.01011	0.00887	0.01154	0.00712	0.00696	0.01881	0.06684	0.35315	0.16567	0.16487	0.08431	0.01068	0.00629	0.00190	0.00397	0.04183	0.00621	0.00728
5	0.00801	0.00541	0.00676	0.00701	0.00724	0.00551	0.00444	0.00837	0.00876	0.01185	0.01933	0.17741	0.02193	0.48088	0.14810	0.05582	0.00659	0.00911	0.00363	0.00384
6	0.07020	0.01155	0.01297	0.01076	0.01437	0.05333	0.00877	0.19114	0.05440	0.34812	0.01996	0.07099	0.01566	0.00836	0.00581	0.00185	0.00531	0.08221	0.00586	0.00838
7	0.01063	0.01000	0.01688	0.78870	0.03876	0.01250	0.01563	0.01438	0.01125	0.01438	0.01000	0.01500	0.00750	0.00563	0.00563	0.00188	0.00750	0.00500	0.00250	0.00625
8	0.46507	0.09178	0.01319	0.00999	0.01276	0.05731	0.00834	0.01715	0.06245	0.02060	0.00884	0.01075	0.00735	0.00645	0.00718	0.00185	0.18550	0.00374	0.00327	0.00644
9	0.16493	0.04920	0.05957	0.06601	0.02030	0.30627	0.16256	0.05272	0.01404	0.04012	0.00984	0.01180	0.00762	0.00548	0.00515	0.00165	0.00821	0.00437	0.00316	0.00700
10	0.00867	0.00542	0.00710	0.00757	0.00810	0.00525	0.00510	0.00918	0.00998	0.05381	0.02406	0.38435	0.04179	0.21412	0.06883	0.10398	0.00496	0.02901	0.00437	0.00435
11	0.04775	0.21790	0.10049	0.01218	0.01683	0.02776	0.05471	0.22431	0.03787	0.12963	0.01331	0.03891	0.01026	0.00639	0.00537	0.00163	0.02357	0.00492	0.01798	0.00821

[dist]
# distance from previous block
# <min> <max>
0	2

[block]
# block no. 12 follows, 42 sequences, length 8
# corresponding to MSA columns:
# 1175-1182
name=unknown_M
#
# <colnr> <probs for GDERKNQSTAVLIFYWHMCP>
#	G	D	E	R	K	N	Q	S	T	A	V	L	I	F	Y	W	H	M	C	P
0	0.01167	0.01000	0.01167	0.00834	0.01334	0.00750	0.00667	0.01417	0.01167	0.01834	0.01000	0.01167	0.00834	0.00417	0.00417	0.00083	0.00417	0.00333	0.00333	0.83663
1	0.01487	0.00826	0.01010	0.00871	0.01131	0.00817	0.00683	0.06808	0.10079	0.24217	0.15003	0.02717	0.08205	0.05312	0.09168	0.00272	0.00525	0.00710	0.09449	0.00710
2	0.01337	0.00792	0.01093	0.06648	0.07687	0.00769	0.00806	0.04686	0.01334	0.20583	0.07455	0.21315	0.05975	0.09998	0.00888	0.00237	0.00471	0.06761	0.00514	0.00651
3	0.01035	0.00913	0.03951	0.01007	0.01116	0.01014	0.00820	0.04345	0.01172	0.01706	0.20630	0.02576	0.05701	0.08788	0.06265	0.05045	0.26530	0.00697	0.06138	0.00549
4	0.00711	0.00508	0.00680	0.00784	0.00823	0.00494	0.00530	0.00813	0.01035	0.01393	0.02801	0.64278	0.03306	0.08428	0.10243	0.00336	0.00487	0.01416	0.00481	0.00453
5	0.01241	0.01112	0.07111	0.00965	0.01376	0.00889	0.00824	0.03376	0.09794	0.07314	0.04725	0.09010	0.01454	0.00790	0.02980	0.00161	0.02956	0.00560	0.00412	0.42952
6	0.51227	0.01090	0.01038	0.00885	0.01200	0.01247	0.00728	0.08683	0.01204	0.11489	0.01089	0.01203	0.00816	0.00617	0.00557	0.00178	0.08771	0.00393	0.06905	0.00679
7	0.07806	0.01010	0.01400	0.01131	0.01457	0.00982	0.10032	0.06497	0.01278	0.10027	0.01648	0.17379	0.01573	0.00860	0.00685	0.00173	0.08125	0.04085	0.00422	0.23433

[dist]
# distance from previous block
# <min> <max>
0	19

[block]
# block no. 13 follows, 42 sequences, length 14
# corresponding to MSA columns:
# 1202-1215
name=unknown_N
#
# <colnr> <probs for GDERKNQSTAVLIFYWHMCP>
#	G	D	E	R	K	N	Q	S	T	A	V	L	I	F	Y	W	H	M	C	P
0	0.23278	0.05192	0.01932	0.02614	0.53004	0.01361	0.01394	0.01706	0.01189	0.01994	0.00972	0.01242	0.00809	0.00506	0.00492	0.00167	0.00604	0.00440	0.00295	0.00809
