[name]
unknown

[dist]
# distance from previous block
# <min> <max>
14	167

[block]
# block no. 0 follows, 36 sequences, length 9
# corresponding to MSA columns:
# 355-363
name=unknown_A
#
# <colnr> <probs for GDERKNQSTAVLIFYWHMCP>
#	G	D	E	R	K	N	Q	S	T	A	V	L	I	F	Y	W	H	M	C	P
0	0.01371	0.05308	0.01309	0.01045	0.01310	0.07952	0.04571	0.01582	0.01513	0.13140	0.15796	0.08800	0.25775	0.01187	0.00785	0.00204	0.06146	0.00978	0.00549	0.00680
1	0.01665	0.29135	0.02316	0.01549	0.11582	0.08844	0.04895	0.02035	0.07078	0.07348	0.01624	0.01718	0.06398	0.00657	0.00532	0.00158	0.00666	0.00520	0.00384	0.10897
2	0.01831	0.01543	0.15208	0.01538	0.06923	0.01113	0.07926	0.02276	0.04763	0.27253	0.01824	0.02109	0.01361	0.00716	0.00617	0.00184	0.00655	0.05684	0.00507	0.15971
3	0.07819	0.03416	0.03413	0.01148	0.01538	0.04195	0.03000	0.10951	0.06910	0.21623	0.05876	0.02551	0.01785	0.08323	0.00860	0.00230	0.00589	0.06721	0.00556	0.08496
4	0.38853	0.01437	0.01328	0.01185	0.04564	0.08389	0.00909	0.11575	0.06491	0.14428	0.01357	0.01392	0.00988	0.00651	0.00503	0.00186	0.00588	0.00456	0.00487	0.04232
5	0.01704	0.02029	0.09307	0.07192	0.43797	0.21443	0.01749	0.02055	0.01492	0.01867	0.01107	0.01414	0.00909	0.00586	0.00600	0.00181	0.00866	0.00504	0.00306	0.00892
6	0.01254	0.01052	0.01573	0.16640	0.20141	0.01105	0.01230	0.08153	0.01664	0.02298	0.29913	0.03130	0.03050	0.00943	0.00680	0.00200	0.00567	0.05157	0.00497	0.00753
7	0.01884	0.00861	0.01117	0.00932	0.01269	0.00748	0.00741	0.02110	0.01669	0.41510	0.16586	0.07538	0.18161	0.01103	0.00680	0.00200	0.00431	0.00931	0.00703	0.00827
8	0.01602	0.08840	0.13052	0.15099	0.23946	0.01493	0.08347	0.02108	0.06248	0.11207	0.01389	0.01618	0.01042	0.00614	0.00608	0.00191	0.00761	0.00557	0.00374	0.00904

[dist]
# distance from previous block
# <min> <max>
8	49

[block]
# block no. 1 follows, 36 sequences, length 16
# corresponding to MSA columns:
# 415-430
name=unknown_B
#
# <colnr> <probs for GDERKNQSTAVLIFYWHMCP>
#	G	D	E	R	K	N	Q	S	T	A	V	L	I	F	Y	W	H	M	C	P
0	0.01657	0.01339	0.04608	0.01931	0.16487	0.02810	0.15249	0.04195	0.03229	0.16383	0.05710	0.07592	0.01656	0.04239	0.00758	0.00206	0.00677	0.00719	0.00468	0.10087
1	0.01568	0.04873	0.02316	0.07712	0.35304	0.01411	0.10069	0.04998	0.04224	0.05645	0.01283	0.01556	0.01017	0.00569	0.00596	0.00173	0.00710	0.00544	0.00365	0.15068
2	0.01619	0.01400	0.02185	0.09801	0.38463	0.01407	0.06132	0.11955	0.01627	0.05657	0.01504	0.01759	0.04292	0.00634	0.00616	0.00181	0.00704	0.00587	0.00391	0.09085
3	0.01774	0.01623	0.02091	0.04676	0.28272	0.12732	0.07292	0.09175	0.03710	0.08365	0.03667	0.01734	0.02831	0.00664	0.00645	0.00181	0.02356	0.00578	0.00413	0.07221
4	0.01459	0.01350	0.04437	0.01575	0.06184	0.06876	0.16561	0.10287	0.01758	0.06326	0.26830	0.02830	0.05048	0.01077	0.04369	0.00234	0.00703	0.00813	0.00515	0.00770
5	0.02327	0.02970	0.01766	0.01605	0.01926	0.75602	0.01204	0.02488	0.01766	0.01525	0.00963	0.01124	0.00803	0.00642	0.00562	0.00161	0.01124	0.00401	0.00321	0.00722
6	0.01292	0.01107	0.01292	0.00923	0.01477	0.00831	0.00738	0.01569	0.01292	0.02030	0.01107	0.01292	0.00923	0.00461	0.00461	0.00092	0.00461	0.00369	0.00369	0.81912
7	0.00890	0.00668	0.01001	0.01001	0.01113	0.00779	0.00779	0.01113	0.01001	0.01446	0.01669	0.02448	0.01558	0.04673	0.75634	0.01001	0.01669	0.00668	0.00334	0.00556
8	0.00819	0.00602	0.00775	0.00898	0.00958	0.00585	0.00609	0.01051	0.06598	0.01667	0.03367	0.72030	0.03954	0.01869	0.00783	0.00250	0.00371	0.01691	0.00583	0.00542
9	0.02230	0.01462	0.05255	0.01458	0.07181	0.01412	0.01138	0.34218	0.02199	0.25793	0.03923	0.04276	0.01480	0.04147	0.00742	0.00210	0.00627	0.00645	0.00618	0.00987
10	0.01298	0.01218	0.01631	0.01430	0.01490	0.01621	0.01158	0.01656	0.10982	0.01620	0.01251	0.01863	0.01180	0.08700	0.09406	0.00369	0.51491	0.00614	0.00339	0.00682
11	0.01104	0.00974	0.01549	0.36840	0.06071	0.01107	0.03924	0.01496	0.04649	0.01754	0.09328	0.10917	0.01945	0.03884	0.09418	0.00313	0.00787	0.00789	0.00387	0.02763
12	0.01565	0.06517	0.12452	0.01224	0.01675	0.01359	0.01115	0.14823	0.19385	0.07163	0.08661	0.05732	0.05003	0.00995	0.03294	0.00218	0.00613	0.00701	0.00531	0.06972
13	0.05011	0.10934	0.13699	0.01030	0.01441	0.03874	0.00981	0.01571	0.01501	0.05496	0.26747	0.03014	0.11625	0.00936	0.00612	0.00177	0.00518	0.00769	0.00491	0.09573
14	0.04342	0.33281	0.16022	0.01325	0.01853	0.01819	0.04603	0.04125	0.01377	0.10362	0.03901	0.01424	0.01093	0.00665	0.00673	0.00175	0.08771	0.00471	0.00362	0.03356
15	0.06861	0.18531	0.16255	0.01836	0.17554	0.03906	0.03603	0.01833	0.01338	0.03559	0.04365	0.01575	0.02700	0.00737	0.02551	0.00194	0.03460	0.00503	0.00334	0.08304

[dist]
# distance from previous block
# <min> <max>
2	27

[block]
# block no. 2 follows, 36 sequences, length 6
# corresponding to MSA columns:
# 458-463
name=unknown_C
#
# <colnr> <probs for GDERKNQSTAVLIFYWHMCP>
#	G	D	E	R	K	N	Q	S	T	A	V	L	I	F	Y	W	H	M	C	P
0	0.01126	0.12055	0.11342	0.01038	0.01336	0.05165	0.00948	0.01374	0.01400	0.01841	0.21632	0.09395	0.09764	0.01437	0.05224	0.07571	0.00608	0.05654	0.00464	0.00627
1	0.01881	0.50219	0.09373	0.01189	0.01745	0.02085	0.01175	0.11915	0.01575	0.11864	0.01195	0.01251	0.00937	0.00601	0.00480	0.00155	0.00674	0.00417	0.00385	0.00883
2	0.01684	0.07392	0.04515	0.01268	0.01752	0.04489	0.10058	0.05163	0.04138	0.16352	0.11667	0.01993	0.01765	0.00690	0.00585	0.00160	0.00601	0.00596	0.00492	0.24638
3	0.12464	0.01218	0.01722	0.37925	0.13045	0.01412	0.01427	0.08113	0.07967	0.02121	0.01386	0.06068	0.01143	0.00717	0.00601	0.00204	0.00699	0.00610	0.00378	0.00780
4	0.00867	0.00691	0.00921	0.00955	0.01027	0.00745	0.00701	0.01016	0.01207	0.01640	0.08638	0.41842	0.12405	0.02116	0.11475	0.00351	0.11008	0.01340	0.00511	0.00546
5	0.01597	0.13606	0.02280	0.04520	0.37325	0.01479	0.03847	0.03607	0.04297	0.08885	0.08167	0.04677	0.01614	0.00708	0.00606	0.00184	0.00655	0.00637	0.00410	0.00897

[dist]
# distance from previous block
# <min> <max>
6	12

[block]
# block no. 3 follows, 36 sequences, length 35
# corresponding to MSA columns:
# 482-516
name=unknown_D
#
# <colnr> <probs for GDERKNQSTAVLIFYWHMCP>
#	G	D	E	R	K	N	Q	S	T	A	V	L	I	F	Y	W	H	M	C	P
0	0.01669	0.11956	0.02022	0.26553	0.09140	0.08066	0.01386	0.04603	0.02411	0.11895	0.01312	0.03511	0.01045	0.00732	0.00783	0.00198	0.10991	0.00553	0.00377	0.00800
1	0.06655	0.01449	0.02136	0.15898	0.43885	0.04640	0.01634	0.05689	0.03313	0.02101	0.01181	0.01513	0.00956	0.00584	0.00592	0.00183	0.00729	0.00527	0.00338	0.05997
2	0.01873	0.01840	0.18058	0.01393	0.01931	0.07836	0.03844	0.06020	0.20571	0.20322	0.01852	0.01804	0.01315	0.00706	0.00604	0.00188	0.00678	0.00572	0.01886	0.06706
3	0.00919	0.00631	0.00736	0.00757	0.00793	0.00626	0.00474	0.02770	0.01058	0.01400	0.02441	0.16416	0.05337	0.55886	0.02477	0.00501	0.00553	0.05351	0.00437	0.00434
4	0.02103	0.01955	0.01844	0.04038	0.11906	0.28835	0.02577	0.11931	0.04336	0.13405	0.01380	0.01510	0.01044	0.00711	0.00724	0.00186	0.07592	0.00519	0.02543	0.00861
5	0.00917	0.00600	0.00688	0.00688	0.00688	0.00600	0.00388	0.00900	0.00900	0.01200	0.01908	0.03939	0.02190	0.73307	0.03125	0.05737	0.00600	0.00883	0.00371	0.00371
6	0.00917	0.00646	0.00801	0.00756	0.00913	0.00588	0.00558	0.01158	0.01625	0.04503	0.52723	0.04774	0.18120	0.08063	0.00946	0.00234	0.00333	0.01127	0.00641	0.00573
7	0.01679	0.01769	0.18352	0.02468	0.31008	0.01356	0.07323	0.02231	0.07504	0.15286	0.03803	0.01772	0.01272	0.00647	0.00628	0.00194	0.00732	0.00592	0.00422	0.00961
8	0.01441	0.02065	0.28893	0.01963	0.08790	0.01334	0.20213	0.01950	0.01383	0.06557	0.01237	0.01478	0.00923	0.00565	0.00635	0.00179	0.02242	0.00535	0.00334	0.17281
9	0.82504	0.01205	0.00916	0.00819	0.01205	0.01398	0.00675	0.01832	0.01060	0.02795	0.00868	0.01012	0.00675	0.00578	0.00386	0.00193	0.00482	0.00337	0.00386	0.00675
10	0.01512	0.01371	0.01808	0.01503	0.01845	0.01565	0.11742	0.07030	0.42901	0.02371	0.02127	0.02164	0.03809	0.00997	0.03775	0.00249	0.11117	0.00696	0.00522	0.00896
11	0.00881	0.00637	0.00830	0.00824	0.00907	0.00669	0.00581	0.01026	0.01099	0.01513	0.11287	0.03634	0.08721	0.30831	0.33110	0.00685	0.00987	0.00870	0.00416	0.00492
12	0.00987	0.00730	0.00973	0.00901	0.01089	0.00689	0.03414	0.01347	0.06131	0.04669	0.46471	0.10881	0.13662	0.01318	0.00736	0.00208	0.00365	0.04165	0.00643	0.00623
13	0.01639	0.01798	0.18212	0.04413	0.47487	0.01396	0.01861	0.02070	0.01442	0.11736	0.01331	0.01572	0.01015	0.00593	0.00613	0.00189	0.00753	0.00544	0.00360	0.00977
14	0.01279	0.01298	0.06757	0.08694	0.08638	0.01142	0.26304	0.01646	0.01409	0.06432	0.04539	0.15592	0.11531	0.00970	0.00709	0.00213	0.00720	0.00949	0.00429	0.00750
15	0.25063	0.01101	0.01298	0.01028	0.01483	0.01050	0.00848	0.02700	0.01581	0.54575	0.02014	0.01811	0.01300	0.00717	0.00559	0.00193	0.00517	0.00546	0.00663	0.00953
16	0.01461	0.04441	0.62473	0.01693	0.02530	0.06082	0.02088	0.02097	0.01384	0.08319	0.01221	0.01368	0.00856	0.00610	0.00589	0.00193	0.00894	0.00469	0.00311	0.00918
17	0.01510	0.01461	0.08873	0.14255	0.09820	0.02485	0.21524	0.01871	0.01388	0.11776	0.01781	0.02057	0.07411	0.00813	0.00852	0.05364	0.04910	0.00670	0.00384	0.00794
18	0.01257	0.00969	0.01379	0.06347	0.16160	0.00989	0.01081	0.01753	0.11330	0.06686	0.19412	0.08894	0.05322	0.01142	0.00712	0.00219	0.00521	0.14530	0.00549	0.00749
19	0.01232	0.01164	0.01968	0.65616	0.14850	0.01399	0.01758	0.01640	0.01272	0.01659	0.01117	0.01643	0.00854	0.00613	0.00622	0.00204	0.00817	0.00554	0.00282	0.00737
20	0.02292	0.01382	0.08227	0.01564	0.06494	0.01153	0.10350	0.02691	0.05136	0.47899	0.02044	0.01937	0.01353	0.00726	0.00693	0.00199	0.03629	0.00622	0.00612	0.00997
21	0.01366	0.01317	0.02298	0.31470	0.38907	0.01413	0.07399	0.01755	0.01348	0.01845	0.01243	0.04573	0.01046	0.00633	0.00636	0.00198	0.00785	0.00617	0.00307	0.00844
22	0.01757	0.16334	0.31368	0.01396	0.02034	0.01526	0.01514	0.11685	0.01613	0.16809	0.01563	0.07015	0.01223	0.00738	0.00582	0.00187	0.00722	0.00580	0.00439	0.00915
23	0.02083	0.01375	0.10927	0.01377	0.01877	0.01061	0.10809	0.04958	0.01702	0.40579	0.10491	0.02498	0.01966	0.00824	0.00662	0.00201	0.00631	0.04430	0.00619	0.00931
24	0.07343	0.01855	0.17648	0.13433	0.25641	0.08209	0.06217	0.01862	0.01373	0.01938	0.01305	0.04265	0.01124	0.00690	0.00617	0.00199	0.00807	0.04314	0.00325	0.00834
25	0.01677	0.04917	0.01811	0.07346	0.27002	0.01154	0.01272	0.01987	0.01532	0.19778	0.12576	0.02462	0.02000	0.00787	0.00631	0.00187	0.00593	0.05003	0.00495	0.06791
26	0.01254	0.01274	0.08483	0.01913	0.16163	0.01139	0.09864	0.01661	0.04399	0.03790	0.04265	0.09463	0.02212	0.01274	0.04117	0.00269	0.05620	0.21647	0.00443	0.00751
27	0.01288	0.01053	0.04228	0.01687	0.16919	0.00981	0.03658	0.03629	0.01445	0.09051	0.07873	0.21443	0.09115	0.01240	0.00791	0.00224	0.04675	0.09458	0.00510	0.00733
28	0.02378	0.06900	0.01705	0.05292	0.01824	0.01357	0.01060	0.24189	0.02050	0.38755	0.02025	0.02135	0.01431	0.00800	0.00624	0.00193	0.00607	0.05037	0.00649	0.00990
29	0.59661	0.01535	0.06765	0.01202	0.01658	0.06192	0.11180	0.01908	0.01184	0.02538	0.00949	0.01139	0.00731	0.00576	0.00463	0.00194	0.00638	0.00408	0.00362	0.00720
30	0.00999	0.00679	0.00861	0.00843	0.00944	0.00704	0.00591	0.01193	0.04135	0.05077	0.06931	0.07539	0.07547	0.32635	0.25953	0.00622	0.00887	0.00897	0.00439	0.00526
31	0.13735	0.01325	0.06738	0.01228	0.01607	0.01285	0.05513	0.08422	0.25223	0.07307	0.09962	0.10998	0.02173	0.00929	0.00628	0.00207	0.00540	0.00787	0.00556	0.00836
32	0.01901	0.01759	0.11694	0.05637	0.06691	0.01653	0.01345	0.43441	0.06796	0.03117	0.01645	0.08481	0.01338	0.00824	0.00635	0.00197	0.00687	0.00666	0.00532	0.00961
33	0.64098	0.01333	0.06382	0.00922	0.01366	0.01321	0.00819	0.01935	0.01160	0.09236	0.01046	0.01153	0.00778	0.00589	0.00427	0.00187	0.00517	0.00375	0.00411	0.05944
34	0.10681	0.01310	0.09423	0.50544	0.03378	0.01307	0.01536	0.01629	0.01272	0.01861	0.06389	0.01749	0.01181	0.00654	0.00592	0.00198	0.00742	0.00551	0.00322	0.04682

[dist]
# distance from previous block
# <min> <max>
17	94

[block]
# block no. 4 follows, 36 sequences, length 26
# corresponding to MSA columns:
# 621-646
name=unknown_E
#
# <colnr> <probs for GDERKNQSTAVLIFYWHMCP>
#	G	D	E	R	K	N	Q	S	T	A	V	L	I	F	Y	W	H	M	C	P
0	0.10860	0.11207	0.26200	0.05749	0.02139	0.01527	0.05986	0.04731	0.03485	0.05912	0.04183	0.01574	0.01131	0.00918	0.05175	0.00245	0.07283	0.00521	0.00357	0.00819
1	0.01916	0.01550	0.07668	0.01641	0.12280	0.09432	0.01216	0.06301	0.09706	0.22559	0.01864	0.04090	0.01467	0.02807	0.00735	0.00204	0.03170	0.04511	0.00518	0.06368
2	0.01549	0.01083	0.01298	0.01088	0.01459	0.02329	0.02204	0.10797	0.05144	0.11626	0.04733	0.04949	0.01964	0.04323	0.00737	0.00199	0.00537	0.14611	0.03932	0.25438
3	0.01304	0.01008	0.01175	0.00983	0.01335	0.00955	0.00766	0.02006	0.21851	0.06230	0.26686	0.02789	0.02943	0.00867	0.00613	0.00167	0.00416	0.00739	0.00575	0.26592
4	0.01140	0.00944	0.01128	0.00928	0.01310	0.00774	0.00708	0.01441	0.04787	0.01913	0.01846	0.22603	0.01885	0.01064	0.03601	0.00180	0.00484	0.00787	0.00439	0.52039
5	0.09606	0.20884	0.11907	0.01077	0.01490	0.01347	0.01019	0.01829	0.05377	0.10891	0.14732	0.13235	0.02343	0.00935	0.00585	0.00189	0.00545	0.00763	0.00482	0.00765
6	0.00955	0.00708	0.00914	0.00934	0.01097	0.00688	0.00756	0.01323	0.05878	0.02206	0.38177	0.05497	0.10283	0.01437	0.00775	0.00232	0.00411	0.26494	0.00633	0.00601
7	0.01250	0.03223	0.74875	0.01776	0.02697	0.01447	0.02302	0.01973	0.01315	0.01973	0.01118	0.01315	0.00789	0.00592	0.00592	0.00197	0.00921	0.00460	0.00263	0.00921
8	0.01082	0.00541	0.00812	0.00812	0.00812	0.00541	0.00541	0.00812	0.00812	0.01082	0.01082	0.01894	0.01082	0.02165	0.02435	0.81872	0.00541	0.00541	0.00271	0.00271
9	0.01082	0.00541	0.00812	0.00812	0.00812	0.00541	0.00541	0.00812	0.00812	0.01082	0.01082	0.01894	0.01082	0.02165	0.02435	0.81872	0.00541	0.00541	0.00271	0.00271
10	0.01666	0.78478	0.03265	0.01066	0.01599	0.02465	0.01066	0.01866	0.01266	0.01466	0.00866	0.00999	0.00800	0.00533	0.00400	0.00133	0.00666	0.00333	0.00267	0.00800
11	0.01053	0.01112	0.12302	0.01026	0.01318	0.00828	0.00939	0.01465	0.06549	0.04916	0.20519	0.05842	0.15808	0.05086	0.09221	0.00321	0.00624	0.09882	0.00531	0.00659
12	0.01414	0.20650	0.39095	0.01387	0.02087	0.01519	0.01607	0.01895	0.01356	0.06224	0.05238	0.01578	0.02853	0.00634	0.00544	0.00170	0.00735	0.00486	0.00337	0.10189
13	0.00887	0.00641	0.00837	0.00883	0.00950	0.00673	0.00617	0.01079	0.04233	0.01491	0.02421	0.26987	0.02677	0.24925	0.24339	0.00583	0.00846	0.03975	0.00447	0.00508
14	0.00795	0.00550	0.00719	0.00842	0.00892	0.00516	0.00569	0.00926	0.01232	0.01692	0.07092	0.68369	0.04033	0.01827	0.00766	0.00242	0.00353	0.01651	0.06419	0.00516
15	0.05389	0.01174	0.01326	0.00975	0.01507	0.00980	0.00783	0.07422	0.04582	0.02248	0.01190	0.01340	0.00965	0.00508	0.00479	0.00110	0.00482	0.00398	0.00402	0.67740
16	0.01654	0.01598	0.08956	0.04504	0.34851	0.01432	0.05499	0.14505	0.01661	0.05590	0.01313	0.01629	0.01047	0.03820	0.00713	0.00197	0.00723	0.00556	0.00390	0.09364
17	0.01482	0.28572	0.30225	0.04339	0.18053	0.03737	0.01746	0.01924	0.01331	0.01789	0.01039	0.01263	0.00838	0.00566	0.00532	0.00172	0.00796	0.00439	0.00276	0.00881
18	0.01285	0.01300	0.09192	0.06584	0.26759	0.01125	0.03194	0.01723	0.06564	0.05179	0.08281	0.17553	0.05076	0.01003	0.00676	0.00208	0.00610	0.02435	0.00450	0.00803
19	0.01438	0.01228	0.02146	0.31255	0.13840	0.01305	0.15536	0.04587	0.01428	0.08718	0.01582	0.11219	0.01366	0.00779	0.00666	0.00208	0.00768	0.00750	0.00388	0.00792
20	0.01808	0.15110	0.09460	0.01947	0.19372	0.01441	0.07993	0.02214	0.04445	0.21297	0.07411	0.01875	0.01512	0.00680	0.00600	0.00183	0.00672	0.00595	0.00464	0.00921
21	0.01469	0.08610	0.10000	0.01563	0.09006	0.02594	0.08434	0.04122	0.04104	0.11753	0.07010	0.16362	0.03731	0.01038	0.00673	0.00209	0.00629	0.07411	0.00491	0.00790
22	0.01167	0.00735	0.01016	0.08494	0.01375	0.00709	0.00768	0.01441	0.01625	0.12243	0.44142	0.13505	0.04431	0.01248	0.00723	0.00209	0.00403	0.04478	0.00637	0.00653
23	0.01981	0.35138	0.02417	0.04705	0.04706	0.06186	0.04037	0.07228	0.01562	0.20938	0.01480	0.04557	0.01165	0.00680	0.00534	0.00168	0.00673	0.00525	0.00445	0.00875
24	0.01712	0.01585	0.09332	0.08029	0.37347	0.01445	0.03959	0.07896	0.08834	0.11429	0.01493	0.01682	0.01124	0.00635	0.00622	0.00193	0.00719	0.00576	0.00419	0.00970
25	0.08589	0.01365	0.06194	0.01175	0.01479	0.08481	0.03863	0.08915	0.01464	0.16447	0.01728	0.05960	0.01531	0.20420	0.01354	0.00302	0.06286	0.00686	0.03030	0.00732

[dist]
# distance from previous block
# <min> <max>
1	104

[block]
# block no. 5 follows, 36 sequences, length 30
# corresponding to MSA columns:
# 751-780
name=unknown_F
#
# <colnr> <probs for GDERKNQSTAVLIFYWHMCP>
#	G	D	E	R	K	N	Q	S	T	A	V	L	I	F	Y	W	H	M	C	P
0	0.03140	0.05898	0.12939	0.04954	0.05151	0.01193	0.01143	0.08941	0.04853	0.09340	0.01676	0.10641	0.01482	0.04865	0.03938	0.00232	0.00655	0.00664	0.00442	0.17854
1	0.09301	0.22004	0.09346	0.10570	0.01832	0.04700	0.01101	0.03349	0.03315	0.03069	0.04642	0.20618	0.01882	0.00964	0.00582	0.00193	0.00617	0.00792	0.00404	0.00716
2	0.01238	0.04310	0.04961	0.05385	0.01476	0.00952	0.03111	0.03914	0.08227	0.08424	0.32244	0.04816	0.09233	0.03670	0.00775	0.00217	0.00479	0.05278	0.00584	0.00706
3	0.01733	0.12713	0.05326	0.03482	0.13111	0.06228	0.03534	0.04506	0.13772	0.15313	0.02058	0.08644	0.05244	0.00832	0.00611	0.00191	0.00637	0.00700	0.00489	0.00876
4	0.01406	0.21719	0.05783	0.09284	0.06474	0.01482	0.01133	0.08279	0.01560	0.04349	0.17259	0.02649	0.06984	0.00893	0.00678	0.00188	0.04488	0.04183	0.00447	0.00758
5	0.01436	0.07822	0.02992	0.01082	0.01388	0.01164	0.05241	0.15384	0.04366	0.05285	0.05891	0.06261	0.06437	0.03902	0.11194	0.00309	0.00688	0.00729	0.17694	0.00735
6	0.00986	0.04811	0.01045	0.00934	0.01053	0.02364	0.00700	0.01158	0.01104	0.02986	0.06495	0.12340	0.02223	0.16258	0.41889	0.00707	0.01146	0.00854	0.00400	0.00548
7	0.03625	0.04285	0.18947	0.01841	0.16137	0.06375	0.01458	0.07574	0.10226	0.15141	0.04931	0.01887	0.03374	0.00718	0.00608	0.00191	0.00697	0.00588	0.00469	0.00928
8	0.07221	0.24765	0.06677	0.01517	0.06358	0.05395	0.10077	0.06333	0.01422	0.04254	0.01511	0.12270	0.01449	0.00844	0.00649	0.00191	0.04266	0.03639	0.00383	0.00780
9	0.01426	0.00767	0.01041	0.04981	0.01355	0.00735	0.00839	0.01672	0.01463	0.20178	0.06413	0.19473	0.02904	0.01325	0.00716	0.00230	0.00483	0.22535	0.10775	0.00690
10	0.06079	0.06458	0.02057	0.19717	0.23434	0.05032	0.01466	0.17155	0.01726	0.09075	0.01301	0.01531	0.00980	0.00637	0.00592	0.00187	0.00730	0.00530	0.00414	0.00899
11	0.00869	0.00581	0.00776	0.00865	0.00937	0.00548	0.00597	0.00984	0.01231	0.04425	0.07702	0.57574	0.07481	0.02032	0.05721	0.04610	0.00456	0.01526	0.00560	0.00524
12	0.01576	0.09884	0.14135	0.07780	0.28086	0.01595	0.01618	0.13655	0.06265	0.02265	0.01412	0.04140	0.01182	0.00699	0.00606	0.00191	0.00726	0.02881	0.00385	0.00917
13	0.01538	0.01542	0.01580	0.01390	0.01581	0.21893	0.05614	0.01731	0.01275	0.05261	0.01326	0.01876	0.01190	0.06987	0.23169	0.00466	0.18009	0.00582	0.02328	0.00663
14	0.01912	0.01220	0.01254	0.01034	0.01375	0.05838	0.00828	0.26248	0.01986	0.15261	0.02079	0.02120	0.05179	0.00781	0.00557	0.00172	0.00523	0.00609	0.30187	0.00835
15	0.32136	0.01231	0.01622	0.15234	0.27291	0.01343	0.01276	0.01730	0.01252	0.02213	0.01526	0.01779	0.07669	0.00672	0.00541	0.00194	0.00618	0.00543	0.00357	0.00773
16	0.01469	0.01246	0.01317	0.01194	0.01502	0.01431	0.00910	0.03009	0.64035	0.02431	0.02464	0.02544	0.01948	0.10538	0.00952	0.00261	0.00507	0.00730	0.00602	0.00910
17	0.01881	0.01146	0.01552	0.01455	0.08280	0.01234	0.01065	0.09949	0.01588	0.27281	0.06700	0.07243	0.01829	0.05778	0.01128	0.00242	0.17807	0.02447	0.00551	0.00845
18	0.20640	0.05315	0.04898	0.01608	0.10138	0.01640	0.01231	0.06467	0.01285	0.10021	0.01110	0.01373	0.00897	0.00800	0.01094	0.00219	0.29592	0.00493	0.00380	0.00798
19	0.00807	0.00580	0.00774	0.00847	0.00923	0.00547	0.00592	0.00983	0.01373	0.01885	0.26801	0.49534	0.04575	0.01865	0.04598	0.00272	0.00406	0.01500	0.00602	0.00536
20	0.00800	0.00629	0.00722	0.00708	0.00883	0.00552	0.00528	0.01014	0.01557	0.02029	0.35218	0.08775	0.41435	0.01465	0.00738	0.00206	0.00308	0.01255	0.00625	0.00552
21	0.01338	0.02471	0.41760	0.02044	0.02752	0.01548	0.25625	0.01921	0.01322	0.01921	0.01128	0.01444	0.00845	0.00632	0.00822	0.00211	0.10505	0.00564	0.00282	0.00864
22	0.01363	0.01363	0.01908	0.01636	0.01636	0.01908	0.01363	0.01499	0.00954	0.01499	0.00818	0.01363	0.00818	0.01091	0.02045	0.00273	0.76963	0.00545	0.00273	0.00682
23	0.01207	0.01034	0.01191	0.00878	0.01379	0.00784	0.00698	0.01465	0.01312	0.01977	0.01906	0.02014	0.12133	0.00633	0.00504	0.00110	0.00439	0.00514	0.00401	0.69421
24	0.01667	0.00905	0.01147	0.00942	0.01276	0.00808	0.00747	0.06316	0.01768	0.27138	0.32273	0.03295	0.07945	0.00996	0.00660	0.00183	0.00420	0.00846	0.00668	0.10000
25	0.01209	0.01090	0.01592	0.29754	0.02583	0.01094	0.05597	0.01642	0.05813	0.01924	0.08313	0.02075	0.05113	0.00684	0.00590	0.00167	0.00618	0.00602	0.00388	0.29152
26	0.00938	0.00648	0.00794	0.00781	0.00950	0.00579	0.00583	0.01154	0.01550	0.06567	0.34039	0.17374	0.26691	0.01467	0.00743	0.00213	0.00336	0.03374	0.00636	0.00584
27	0.04076	0.01756	0.08839	0.19364	0.29951	0.13971	0.01642	0.03869	0.01458	0.03704	0.01254	0.05038	0.01055	0.00665	0.00608	0.00191	0.00810	0.00572	0.00334	0.00841
28	0.05589	0.01072	0.01291	0.08070	0.01668	0.01014	0.00871	0.08601	0.06614	0.09063	0.08610	0.11265	0.01913	0.00829	0.00584	0.00165	0.00499	0.00698	0.00499	0.31085
29	0.05506	0.01043	0.01140	0.01083	0.03513	0.07766	0.02683	0.01559	0.03133	0.10105	0.04570	0.25566	0.14262	0.01220	0.00665	0.00200	0.00502	0.02728	0.00525	0.12230

[dist]
# distance from previous block
# <min> <max>
2	8

[block]
# block no. 6 follows, 36 sequences, length 107
# corresponding to MSA columns:
# 814-920
name=unknown_G
#
# <colnr> <probs for GDERKNQSTAVLIFYWHMCP>
#	G	D	E	R	K	N	Q	S	T	A	V	L	I	F	Y	W	H	M	C	P
0	0.04730	0.10857	0.22795	0.01898	0.18321	0.02797	0.01530	0.07152	0.04122	0.05366	0.05275	0.04842	0.01352	0.00693	0.00580	0.00182	0.00700	0.00571	0.00386	0.05851
1	0.08801	0.01455	0.06871	0.01740	0.11888	0.01279	0.12479	0.07601	0.06603	0.13390	0.01495	0.01676	0.01123	0.00621	0.00586	0.00174	0.00659	0.01683	0.00450	0.19425
2	0.05899	0.01175	0.01311	0.01087	0.04312	0.04124	0.00820	0.04377	0.04427	0.09742	0.04303	0.03187	0.06302	0.00670	0.00533	0.00138	0.00501	0.00541	0.00457	0.46094
3	0.01362	0.01121	0.03902	0.01672	0.18373	0.03869	0.03985	0.01678	0.01623	0.10759	0.33979	0.03210	0.07147	0.00956	0.00674	0.00189	0.00518	0.00851	0.00547	0.03585
4	0.03121	0.01475	0.09244	0.01433	0.04700	0.04019	0.08823	0.03477	0.11573	0.21425	0.06620	0.01931	0.01545	0.00690	0.00603	0.00176	0.00625	0.00596	0.00518	0.17405
5	0.01072	0.00806	0.00992	0.00887	0.01171	0.00673	0.00678	0.01294	0.01379	0.04816	0.13426	0.23619	0.09136	0.01206	0.00658	0.00182	0.00408	0.06741	0.00525	0.30331
6	0.01283	0.01082	0.01242	0.00981	0.01418	0.00959	0.00771	0.01913	0.18307	0.02246	0.13791	0.02106	0.01995	0.00690	0.00549	0.00138	0.00440	0.00577	0.00485	0.49028
7	0.00799	0.00576	0.00743	0.00836	0.00905	0.00537	0.00577	0.00941	0.01291	0.01728	0.14842	0.52384	0.09292	0.07253	0.00954	0.00267	0.00374	0.04606	0.00581	0.00514
8	0.01004	0.00775	0.01105	0.01139	0.01249	0.00884	0.00946	0.01239	0.01200	0.01645	0.02353	0.04558	0.02460	0.05211	0.28369	0.00556	0.10442	0.33849	0.00442	0.00574
9	0.00759	0.00542	0.00723	0.00868	0.00904	0.00506	0.00578	0.00868	0.01193	0.01591	0.03434	0.77697	0.04121	0.01952	0.00795	0.00253	0.00361	0.01771	0.00578	0.00506
10	0.01550	0.01338	0.01409	0.01268	0.01620	0.01550	0.00986	0.03311	0.73091	0.02606	0.02536	0.02325	0.01902	0.00845	0.00634	0.00211	0.00493	0.00704	0.00634	0.00986
11	0.04705	0.04181	0.02271	0.08168	0.41573	0.01378	0.06462	0.02159	0.01479	0.19361	0.01459	0.01660	0.01087	0.00610	0.00612	0.00189	0.00706	0.00569	0.00418	0.00955
12	0.01989	0.01257	0.01998	0.10619	0.31697	0.01228	0.03750	0.03564	0.01584	0.30782	0.04056	0.01890	0.01349	0.00674	0.00629	0.00192	0.00662	0.00608	0.00506	0.00967
13	0.01279	0.08606	0.69753	0.01725	0.02618	0.01520	0.02214	0.01965	0.01312	0.01937	0.01100	0.01293	0.00790	0.00588	0.00578	0.00193	0.00903	0.00451	0.00263	0.00912
14	0.01103	0.01023	0.01714	0.57250	0.03534	0.01212	0.04923	0.01463	0.01258	0.01616	0.01754	0.13554	0.05309	0.00874	0.00661	0.00215	0.00741	0.00791	0.00341	0.00662
15	0.01542	0.01480	0.02529	0.03824	0.74217	0.01480	0.01912	0.01912	0.01419	0.02036	0.01172	0.01542	0.00987	0.00555	0.00617	0.00185	0.00740	0.00555	0.00308	0.00987
16	0.01306	0.01240	0.02103	0.50749	0.29134	0.01418	0.01795	0.01706	0.01307	0.01750	0.01130	0.01619	0.00886	0.00599	0.00621	0.00200	0.00798	0.00554	0.00288	0.00797
17	0.01258	0.01194	0.06070	0.01447	0.01845	0.01023	0.23608	0.01590	0.01488	0.09419	0.11594	0.03587	0.27807	0.01044	0.00772	0.00209	0.03879	0.00954	0.00495	0.00719
18	0.01177	0.01107	0.01869	0.76606	0.04291	0.01384	0.01730	0.01592	0.01246	0.01592	0.01107	0.01661	0.00831	0.00623	0.00623	0.00208	0.00831	0.00554	0.00277	0.00692
19	0.01266	0.01199	0.02030	0.58777	0.21420	0.01408	0.01775	0.01670	0.01288	0.01701	0.01123	0.01632	0.00869	0.00606	0.00621	0.00202	0.00808	0.00554	0.00285	0.00764
20	0.01221	0.01181	0.02119	0.05596	0.10721	0.01170	0.25975	0.01726	0.10182	0.01912	0.02175	0.28846	0.02195	0.01082	0.00725	0.00222	0.00688	0.01071	0.00446	0.00749
21	0.01913	0.02009	0.01802	0.24004	0.02621	0.35620	0.04040	0.02340	0.09103	0.08657	0.01326	0.01527	0.01003	0.00666	0.00601	0.00185	0.00910	0.00513	0.00383	0.00778
22	0.01177	0.01107	0.01869	0.76606	0.04291	0.01384	0.01730	0.01592	0.01246	0.01592	0.01107	0.01661	0.00831	0.00623	0.00623	0.00208	0.00831	0.00554	0.00277	0.00692
23	0.10410	0.01329	0.08074	0.01269	0.01792	0.01084	0.06791	0.04075	0.01667	0.53862	0.02067	0.01892	0.01332	0.00716	0.00608	0.00194	0.00605	0.00591	0.00648	0.00992
24	0.01450	0.17886	0.48439	0.01585	0.02349	0.01581	0.05289	0.02005	0.01367	0.07582	0.04050	0.01465	0.01059	0.00618	0.00569	0.00185	0.00821	0.00488	0.00323	0.00890
25	0.01325	0.01259	0.02138	0.46966	0.32768	0.01423	0.01804	0.01722	0.01316	0.01773	0.01134	0.01613	0.00894	0.00595	0.00620	0.00198	0.00794	0.00554	0.00290	0.00812
26	0.01147	0.02045	0.36278	0.01666	0.02245	0.01177	0.15850	0.01640	0.01320	0.01868	0.01896	0.22494	0.01880	0.01010	0.00691	0.00220	0.00776	0.04648	0.00376	0.00773
27	0.01365	0.01695	0.15038	0.26323	0.28989	0.01459	0.12479	0.01834	0.01354	0.01878	0.01156	0.01561	0.00897	0.00578	0.00632	0.00198	0.00847	0.00565	0.00292	0.00860
28	0.01286	0.09874	0.68546	0.01713	0.02600	0.01537	0.02193	0.01964	0.01311	0.01928	0.01096	0.01288	0.00790	0.00587	0.00575	0.00192	0.00898	0.00449	0.00263	0.00910
29	0.01270	0.01275	0.05873	0.05293	0.33106	0.01185	0.07005	0.01706	0.06554	0.01967	0.05592	0.19663	0.02113	0.00986	0.00683	0.00211	0.00643	0.03641	0.00421	0.00812
30	0.01364	0.01472	0.03019	0.29523	0.03633	0.01506	0.46423	0.01849	0.01389	0.01849	0.01205	0.01674	0.00904	0.00561	0.00694	0.00209	0.00970	0.00669	0.00301	0.00786
31	0.01532	0.65120	0.06837	0.01053	0.01568	0.02179	0.01063	0.01756	0.01287	0.01519	0.01529	0.01612	0.09516	0.00661	0.00450	0.00146	0.00638	0.00457	0.00304	0.00774
32	0.01400	0.01242	0.02063	0.10212	0.49692	0.01257	0.01598	0.01721	0.01377	0.04573	0.01673	0.14921	0.01619	0.00849	0.00657	0.00203	0.00670	0.03034	0.00378	0.00864
33	0.01062	0.01070	0.01917	0.02897	0.01910	0.00980	0.29513	0.01387	0.01456	0.01859	0.07610	0.04140	0.36249	0.01123	0.00739	0.00213	0.00634	0.04109	0.00472	0.00662
34	0.02543	0.01179	0.01871	0.01398	0.01908	0.01042	0.14460	0.02838	0.01724	0.60796	0.02230	0.02037	0.01429	0.00724	0.00647	0.00196	0.00629	0.00647	0.00684	0.01018
35	0.01500	0.00733	0.00984	0.00951	0.01153	0.00656	0.00699	0.01658	0.01412	0.28193	0.03135	0.48772	0.04553	0.01515	0.00733	0.00230	0.00422	0.01346	0.00649	0.00708
36	0.82504	0.01205	0.00916	0.00819	0.01205	0.01398	0.00675	0.01832	0.01060	0.02795	0.00868	0.01012	0.00675	0.00578	0.00386	0.00193	0.00482	0.00337	0.00386	0.00675
37	0.00759	0.00542	0.00723	0.00868	0.00904	0.00506	0.00578	0.00868	0.01193	0.01591	0.03434	0.77697	0.04121	0.01952	0.00795	0.00253	0.00361	0.01771	0.00578	0.00506
38	0.00807	0.00695	0.03658	0.00840	0.00979	0.00572	0.00639	0.00995	0.01375	0.01820	0.18131	0.40323	0.21023	0.01665	0.00763	0.00230	0.00367	0.03985	0.00587	0.00546
39	0.01438	0.06593	0.05044	0.00990	0.01554	0.00981	0.00852	0.01728	0.01331	0.07873	0.01201	0.01340	0.00958	0.00498	0.00477	0.00108	0.00504	0.00392	0.00389	0.65748
40	0.01817	0.01136	0.01490	0.01330	0.10180	0.00936	0.00937	0.02093	0.01469	0.25951	0.01560	0.01595	0.01135	0.00575	0.00534	0.00136	0.00517	0.00476	0.00494	0.45638
41	0.01292	0.01107	0.01292	0.00923	0.01477	0.00831	0.00738	0.01569	0.01292	0.02030	0.01107	0.01292	0.00923	0.00461	0.00461	0.00092	0.00461	0.00369	0.00369	0.81912
42	0.01252	0.03129	0.71605	0.01738	0.02642	0.01420	0.02233	0.01955	0.01314	0.01976	0.01118	0.01314	0.00795	0.00586	0.00586	0.00193	0.00900	0.00456	0.00268	0.04520
43	0.01297	0.01157	0.01578	0.01154	0.01692	0.00919	0.09836	0.01606	0.01323	0.02016	0.01261	0.01693	0.01089	0.00547	0.00521	0.00119	0.00543	0.04681	0.00375	0.66593
44	0.01464	0.01401	0.02389	0.19279	0.59368	0.01460	0.01874	0.01844	0.01382	0.01941	0.01158	0.01567	0.00954	0.00570	0.00618	0.00190	0.00759	0.00555	0.00302	0.00924
45	0.00825	0.00588	0.00772	0.00836	0.00915	0.00552	0.00586	0.01000	0.01388	0.01902	0.28643	0.43040	0.04596	0.07145	0.00946	0.00259	0.00364	0.04511	0.00602	0.00529
46	0.01594	0.01506	0.01963	0.02504	0.36148	0.06051	0.01440	0.02596	0.34654	0.02269	0.01791	0.01879	0.01400	0.00695	0.00621	0.00196	0.00649	0.00615	0.00460	0.00970
47	0.00775	0.00557	0.00756	0.00883	0.00929	0.00539	0.00602	0.00897	0.01170	0.01573	0.03224	0.68732	0.03815	0.02276	0.09712	0.00342	0.00517	0.01640	0.00549	0.00512
48	0.05099	0.01512	0.01889	0.13600	0.05152	0.01645	0.04709	0.42215	0.02297	0.13373	0.01523	0.01604	0.01069	0.00706	0.00620	0.00192	0.00699	0.00569	0.00552	0.00973
49	0.02327	0.02970	0.01766	0.01605	0.01926	0.75602	0.01204	0.02488	0.01766	0.01525	0.00963	0.01124	0.00803	0.00642	0.00562	0.00161	0.01124	0.00401	0.00321	0.00722
50	0.00941	0.00647	0.00810	0.00861	0.00918	0.00652	0.00620	0.01053	0.01100	0.01454	0.02431	0.05068	0.02710	0.47517	0.05435	0.00507	0.00639	0.25736	0.00446	0.00456
51	0.01014	0.00791	0.01110	0.01362	0.09888	0.00769	0.01005	0.01285	0.01430	0.01848	0.03655	0.06166	0.17511	0.01553	0.00806	0.00259	0.00541	0.47850	0.00543	0.00613
52	0.01318	0.01295	0.02329	0.45996	0.22109	0.01440	0.13064	0.01739	0.01326	0.01771	0.01149	0.01634	0.00889	0.00590	0.00639	0.00202	0.00843	0.00583	0.00291	0.00792
53	0.00875	0.00637	0.00824	0.00777	0.00927	0.00585	0.00583	0.01163	0.01748	0.02462	0.70885	0.04714	0.08904	0.01287	0.00735	0.00197	0.00295	0.01135	0.00681	0.00585
54	0.00809	0.00583	0.00778	0.00916	0.00982	0.00551	0.00663	0.00957	0.01253	0.01652	0.03525	0.59909	0.06914	0.01888	0.00806	0.00258	0.00404	0.16052	0.00577	0.00521
55	0.56546	0.01350	0.01433	0.01154	0.01592	0.01495	0.09554	0.13721	0.01448	0.05127	0.01071	0.01211	0.00800	0.00606	0.00476	0.00194	0.00588	0.00433	0.00429	0.00772
56	0.01572	0.41036	0.29914	0.01347	0.02012	0.01935	0.01516	0.02061	0.05476	0.06203	0.01155	0.01263	0.00905	0.00588	0.00499	0.00165	0.00743	0.00420	0.00317	0.00872
57	0.01540	0.01871	0.11967	0.02398	0.03049	0.01598	0.56134	0.09448	0.01607	0.02198	0.01269	0.01618	0.00939	0.00557	0.00706	0.00206	0.00996	0.00684	0.00342	0.00873
58	0.02795	0.01060	0.01446	0.01109	0.01591	0.00916	0.00916	0.03036	0.01783	0.74648	0.02458	0.02121	0.01542	0.00771	0.00627	0.00193	0.00530	0.00627	0.00771	0.01060
59	0.00918	0.00678	0.00883	0.00850	0.00991	0.00674	0.00634	0.01268	0.05940	0.02230	0.50844	0.08360	0.04688	0.04886	0.13008	0.00347	0.00546	0.01055	0.00607	0.00594
60	0.01743	0.00841	0.01111	0.01005	0.01281	0.00764	0.00788	0.04364	0.01580	0.33937	0.06538	0.26511	0.06952	0.01310	0.00716	0.00223	0.00464	0.08421	0.00670	0.00782
61	0.01673	0.66816	0.03128	0.01412	0.10262	0.04758	0.01171	0.01892	0.01301	0.01536	0.00906	0.01068	0.00822	0.00539	0.00431	0.00140	0.00690	0.00362	0.00273	0.00819
62	0.01292	0.01107	0.01292	0.00923	0.01477	0.00831	0.00738	0.01569	0.01292	0.02030	0.01107	0.01292	0.00923	0.00461	0.00461	0.00092	0.00461	0.00369	0.00369	0.81912
63	0.02271	0.01697	0.01815	0.01414	0.01895	0.01887	0.01161	0.63939	0.11288	0.03769	0.01620	0.01595	0.01160	0.00760	0.00625	0.00190	0.00663	0.00578	0.00625	0.01051
64	0.01899	0.01225	0.02061	0.06157	0.21159	0.01193	0.12749	0.02165	0.01458	0.27966	0.01620	0.01814	0.01176	0.00845	0.00913	0.09929	0.03718	0.00608	0.00468	0.00876
65	0.01119	0.00717	0.00922	0.00944	0.01142	0.00664	0.00778	0.01360	0.01507	0.10561	0.13456	0.08573	0.22679	0.01518	0.00780	0.00242	0.00453	0.31352	0.00614	0.00618
66	0.01299	0.12189	0.66343	0.01691	0.02566	0.01568	0.02155	0.01960	0.01310	0.01913	0.01088	0.01278	0.00790	0.00585	0.00569	0.00190	0.00890	0.00445	0.00263	0.00906
67	0.01582	0.01486	0.02312	0.37823	0.04629	0.10228	0.20672	0.01976	0.01432	0.09907	0.01285	0.01652	0.00941	0.00614	0.00646	0.00201	0.00890	0.00593	0.00349	0.00782
68	0.01455	0.01204	0.01984	0.10125	0.42338	0.01209	0.02727	0.01781	0.01433	0.08565	0.06710	0.11142	0.01851	0.00849	0.00661	0.00202	0.00652	0.03836	0.00418	0.00858
69	0.00882	0.00637	0.00833	0.00784	0.00931	0.00588	0.00588	0.01176	0.01764	0.02499	0.73888	0.04654	0.05879	0.01274	0.00735	0.00196	0.00294	0.01127	0.00686	0.00588
70	0.01381	0.01203	0.01998	0.36069	0.07262	0.03669	0.13330	0.01764	0.01392	0.07674	0.01686	0.02765	0.01474	0.00838	0.00688	0.00220	0.00795	0.14662	0.00387	0.00741
71	0.01521	0.02440	0.43272	0.02153	0.14129	0.01407	0.12768	0.02098	0.01414	0.10944	0.01314	0.01507	0.00938	0.00598	0.00622	0.00197	0.00864	0.00538	0.00341	0.00936
72	0.01471	0.01681	0.03676	0.02626	0.03256	0.01576	0.71954	0.01996	0.01471	0.01996	0.01261	0.01681	0.00945	0.00525	0.00735	0.00210	0.01050	0.00735	0.00315	0.00840
73	0.00837	0.00645	0.00770	0.00768	0.00941	0.00579	0.00595	0.01072	0.01574	0.02069	0.35837	0.05540	0.34371	0.01462	0.00752	0.00214	0.00341	0.10446	0.00625	0.00560
74	0.01970	0.05940	0.14211	0.04592	0.02348	0.06973	0.20186	0.02360	0.01539	0.28002	0.01599	0.01686	0.01106	0.00661	0.00692	0.00196	0.03976	0.00589	0.00465	0.00909
75	0.05031	0.01424	0.02623	0.02327	0.17529	0.01340	0.32020	0.02301	0.01543	0.25044	0.01606	0.01765	0.01133	0.00611	0.00663	0.00199	0.00799	0.00648	0.00461	0.00934
76	0.01177	0.01107	0.01869	0.76606	0.04291	0.01384	0.01730	0.01592	0.01246	0.01592	0.01107	0.01661	0.00831	0.00623	0.00623	0.00208	0.00831	0.00554	0.00277	0.00692
77	0.01297	0.02023	0.28581	0.09626	0.14387	0.01379	0.20933	0.01812	0.01354	0.01910	0.01415	0.09750	0.01228	0.00718	0.00660	0.00206	0.00857	0.00702	0.00320	0.00842
78	0.01367	0.09555	0.06065	0.08800	0.25442	0.02501	0.07664	0.04640	0.04184	0.01930	0.01868	0.13808	0.04694	0.00892	0.00647	0.00201	0.00687	0.03855	0.00391	0.00810
79	0.05819	0.01857	0.01754	0.01810	0.15318	0.27952	0.01214	0.02539	0.05519	0.25237	0.01559	0.01591	0.01129	0.00690	0.00638	0.00183	0.03298	0.00521	0.00482	0.00891
80	0.01363	0.01363	0.01908	0.01636	0.01636	0.01908	0.01363	0.01499	0.00954	0.01499	0.00818	0.01363	0.00818	0.01091	0.02045	0.00273	0.76963	0.00545	0.00273	0.00682
81	0.01207	0.02319	0.43580	0.01653	0.02287	0.03947	0.10135	0.01737	0.01342	0.01883	0.01745	0.14893	0.01659	0.00932	0.00670	0.00216	0.00813	0.07825	0.00357	0.00798
82	0.01228	0.03777	0.13626	0.05495	0.04672	0.01001	0.04297	0.01591	0.01410	0.06918	0.02515	0.08893	0.02552	0.01285	0.00753	0.00247	0.00660	0.37890	0.00488	0.00703
83	0.01309	0.09311	0.01957	0.61258	0.03730	0.01445	0.01585	0.01687	0.01285	0.05555	0.01249	0.01845	0.00984	0.00668	0.00610	0.00202	0.00786	0.03501	0.00315	0.00718
84	0.02327	0.02970	0.01766	0.01605	0.01926	0.75602	0.01204	0.02488	0.01766	0.01525	0.00963	0.01124	0.00803	0.00642	0.00562	0.00161	0.01124	0.00401	0.00321	0.00722
85	0.01261	0.06894	0.25190	0.01562	0.05843	0.01155	0.10000	0.01649	0.01332	0.07307	0.02107	0.27573	0.03331	0.01073	0.00673	0.00213	0.00678	0.00966	0.00424	0.00768
86	0.02423	0.08795	0.06186	0.04331	0.01814	0.01266	0.01084	0.11136	0.04647	0.48684	0.02053	0.01876	0.01351	0.00731	0.00602	0.00188	0.00597	0.00580	0.00647	0.01008
87	0.01335	0.01358	0.01965	0.61587	0.07407	0.09688	0.04601	0.01724	0.01322	0.01623	0.01101	0.01596	0.00840	0.00618	0.00620	0.00201	0.00868	0.00544	0.00285	0.00716
88	0.01610	0.01458	0.02470	0.03677	0.70275	0.01450	0.01858	0.01973	0.01438	0.05976	0.01242	0.01573	0.01017	0.00567	0.00617	0.00185	0.00729	0.00559	0.00334	0.00991
89	0.00759	0.00542	0.00723	0.00868	0.00904	0.00506	0.00578	0.00868	0.01193	0.01591	0.03434	0.77697	0.04121	0.01952	0.00795	0.00253	0.00361	0.01771	0.00578	0.00506
90	0.01590	0.01358	0.01431	0.01276	0.01635	0.01568	0.00996	0.06680	0.69656	0.02671	0.02485	0.02284	0.01861	0.00841	0.00633	0.00210	0.00503	0.00697	0.00633	0.00990
91	0.01357	0.01206	0.01661	0.01828	0.23912	0.01026	0.01112	0.01663	0.01337	0.02025	0.01221	0.01614	0.01056	0.00544	0.00526	0.00129	0.00552	0.03401	0.00359	0.53470
92	0.01358	0.02817	0.56010	0.01957	0.04075	0.01498	0.15514	0.05784	0.01435	0.02085	0.01167	0.01399	0.00837	0.00587	0.00621	0.00199	0.00929	0.00520	0.00293	0.00914
93	0.01330	0.02662	0.48965	0.02085	0.02900	0.01494	0.27649	0.01981	0.01372	0.01981	0.01170	0.01448	0.00846	0.00568	0.00644	0.00202	0.00968	0.00560	0.00282	0.00892
94	0.01451	0.01185	0.01966	0.51358	0.19584	0.01350	0.01674	0.01836	0.01348	0.10395	0.01283	0.01689	0.00950	0.00625	0.00622	0.00201	0.00775	0.00563	0.00343	0.00802
95	0.01820	0.03951	0.04442	0.32078	0.14539	0.01328	0.01476	0.06194	0.01539	0.24177	0.01546	0.01738	0.01085	0.00660	0.00614	0.00195	0.00713	0.00566	0.00453	0.00886
96	0.01450	0.02890	0.62764	0.01730	0.02584	0.01387	0.05105	0.02105	0.01380	0.10951	0.01290	0.01431	0.00889	0.00611	0.00602	0.00197	0.00878	0.00493	0.00328	0.00935
97	0.01542	0.01480	0.02529	0.03824	0.74217	0.01480	0.01912	0.01912	0.01419	0.02036	0.01172	0.01542	0.00987	0.00555	0.00617	0.00185	0.00740	0.00555	0.00308	0.00987
98	0.01328	0.01231	0.01961	0.21802	0.35332	0.01338	0.01566	0.01791	0.07678	0.01894	0.01706	0.08213	0.03915	0.00816	0.00709	0.00207	0.03944	0.03373	0.00369	0.00827
99	0.01443	0.01358	0.12612	0.10135	0.05505	0.03948	0.05291	0.01816	0.04236	0.15369	0.02255	0.26563	0.02177	0.01116	0.00687	0.00218	0.00634	0.03375	0.00495	0.00767
100	0.01463	0.01326	0.02042	0.49024	0.15595	0.06443	0.05660	0.01845	0.01366	0.07516	0.01225	0.01642	0.00918	0.00619	0.00624	0.00200	0.00824	0.00560	0.00327	0.00782
101	0.01542	0.01480	0.02529	0.03824	0.74217	0.01480	0.01912	0.01912	0.01419	0.02036	0.01172	0.01542	0.00987	0.00555	0.00617	0.00185	0.00740	0.00555	0.00308	0.00987
102	0.00821	0.00646	0.00843	0.08851	0.01264	0.00623	0.00688	0.01005	0.01341	0.01736	0.12396	0.37747	0.23871	0.01614	0.00755	0.00231	0.00398	0.04067	0.00559	0.00544
103	0.01543	0.04053	0.02082	0.10003	0.28036	0.01261	0.09875	0.01858	0.01429	0.13394	0.02127	0.07469	0.09954	0.00829	0.00699	0.00200	0.03160	0.00755	0.00428	0.00845
104	0.11131	0.03780	0.41064	0.05554	0.11508	0.01418	0.05751	0.02031	0.01347	0.08989	0.01226	0.01416	0.00883	0.00600	0.00580	0.00195	0.00807	0.00491	0.00336	0.00895
105	0.01709	0.73780	0.03180	0.01089	0.01620	0.02433	0.01073	0.06169	0.01368	0.01617	0.00905	0.01030	0.00815	0.00546	0.00413	0.00137	0.00667	0.00347	0.00288	0.00815
106	0.02098	0.01260	0.01538	0.01494	0.10231	0.04491	0.01053	0.02852	0.25550	0.34695	0.02317	0.06177	0.01703	0.00829	0.00634	0.00200	0.00560	0.00696	0.00640	0.00982

[dist]
# distance from previous block
# <min> <max>
0	6

[block]
# block no. 7 follows, 36 sequences, length 41
# corresponding to MSA columns:
# 927-944,950-965,1021-1027
name=unknown_H
#
# <colnr> <probs for GDERKNQSTAVLIFYWHMCP>
#	G	D	E	R	K	N	Q	S	T	A	V	L	I	F	Y	W	H	M	C	P
0	0.02335	0.01521	0.01710	0.01350	0.01813	0.05618	0.03451	0.31895	0.14338	0.26373	0.01946	0.01824	0.01340	0.00759	0.00627	0.00192	0.00639	0.00604	0.00646	0.01021
1	0.45624	0.01379	0.05073	0.05439	0.09610	0.01437	0.04984	0.04726	0.03834	0.07305	0.01135	0.01313	0.00861	0.00629	0.00567	0.00198	0.04250	0.00452	0.00400	0.00783
2	0.28378	0.29439	0.16899	0.01145	0.01704	0.01776	0.01182	0.04409	0.01303	0.07313	0.01053	0.01165	0.00818	0.00584	0.00458	0.00172	0.00648	0.00389	0.00354	0.00811
