[name]
unknown

[dist]
# distance from previous block
# <min> <max>
19	523

[block]
# block no. 0 follows, 44 sequences, length 19
# corresponding to MSA columns:
# 2321-2339
name=unknown_A
#
# <colnr> <probs for GDERKNQSTAVLIFYWHMCP>
#	G	D	E	R	K	N	Q	S	T	A	V	L	I	F	Y	W	H	M	C	P
0	0.08792	0.04851	0.07519	0.07460	0.04095	0.01031	0.02614	0.10716	0.02990	0.14581	0.17874	0.05491	0.01988	0.02712	0.00626	0.01786	0.00496	0.00628	0.00460	0.03290
1	0.04538	0.06640	0.11927	0.03450	0.16320	0.04047	0.06673	0.14517	0.09754	0.07962	0.01253	0.01363	0.00941	0.00556	0.00515	0.00158	0.00623	0.00468	0.00379	0.07913
2	0.00990	0.00689	0.00813	0.00762	0.00932	0.00668	0.00569	0.08579	0.04716	0.06551	0.26046	0.16229	0.19039	0.08196	0.00822	0.00215	0.00355	0.02735	0.00536	0.00557
3	0.01165	0.00913	0.01349	0.08373	0.17658	0.00969	0.02691	0.10455	0.03816	0.03349	0.06460	0.07882	0.01616	0.01538	0.15037	0.10053	0.00713	0.04959	0.00373	0.00630
4	0.04652	0.06476	0.10675	0.09664	0.01800	0.01235	0.03463	0.19665	0.03651	0.18356	0.04590	0.06228	0.01300	0.00812	0.03203	0.00195	0.02242	0.00566	0.00451	0.00775
5	0.01738	0.04353	0.07234	0.00976	0.01316	0.03514	0.00840	0.05205	0.03569	0.37662	0.08198	0.04768	0.01663	0.05485	0.07733	0.03287	0.00589	0.00605	0.00518	0.00747
6	0.00903	0.00614	0.00822	0.00770	0.00914	0.00566	0.04915	0.01061	0.01182	0.07362	0.13916	0.20454	0.19040	0.15598	0.01017	0.00249	0.00385	0.03283	0.06450	0.00498
7	0.02609	0.00992	0.07685	0.06733	0.06190	0.00878	0.03412	0.05311	0.03887	0.10637	0.20546	0.13805	0.06889	0.00983	0.00700	0.02887	0.03944	0.00809	0.00464	0.00639
8	0.12610	0.01478	0.01400	0.13030	0.02918	0.22908	0.04237	0.06824	0.07358	0.01772	0.01340	0.07517	0.03704	0.00697	0.00582	0.00167	0.04986	0.00536	0.00348	0.05589
9	0.09372	0.00742	0.00893	0.00811	0.01035	0.00707	0.00620	0.01611	0.04285	0.27560	0.02538	0.16095	0.10562	0.13846	0.00938	0.00244	0.00425	0.06565	0.00521	0.00628
10	0.01246	0.00904	0.01088	0.00823	0.01245	0.00702	0.00649	0.01467	0.01176	0.11666	0.01368	0.10755	0.01214	0.00596	0.00458	0.00109	0.00401	0.00500	0.00391	0.63240
11	0.02521	0.01281	0.04715	0.12005	0.01897	0.05798	0.08228	0.22183	0.01544	0.10922	0.01273	0.03891	0.00999	0.00912	0.04268	0.07341	0.05660	0.00526	0.00396	0.03640
12	0.01431	0.01256	0.05804	0.10108	0.01666	0.07727	0.00981	0.15575	0.16315	0.08213	0.01758	0.11207	0.01558	0.06470	0.00766	0.00209	0.03011	0.04783	0.00450	0.00712
13	0.00910	0.00611	0.00907	0.00884	0.01006	0.00691	0.00691	0.01106	0.00930	0.07288	0.01515	0.02119	0.01362	0.03820	0.72533	0.00821	0.01382	0.00581	0.00322	0.00521
14	0.01316	0.01065	0.07384	0.04078	0.19471	0.00970	0.01071	0.05014	0.03554	0.14951	0.04597	0.08930	0.01516	0.04042	0.17325	0.00337	0.02631	0.00641	0.00398	0.00709
15	0.02690	0.14535	0.18861	0.04219	0.11019	0.07985	0.08281	0.04021	0.10211	0.05974	0.01299	0.01429	0.03243	0.00585	0.00555	0.00164	0.03362	0.00476	0.00327	0.00764
16	0.01003	0.00550	0.00815	0.00792	0.00861	0.00576	0.00576	0.00960	0.00838	0.07112	0.01231	0.01851	0.01132	0.02606	0.30180	0.46888	0.00836	0.00520	0.00292	0.00383
17	0.00839	0.00503	0.00656	0.00655	0.00722	0.00470	0.00454	0.00743	0.00914	0.01158	0.04388	0.02949	0.27250	0.01699	0.01584	0.53239	0.00400	0.00719	0.00338	0.00320
18	0.01125	0.00885	0.01338	0.15021	0.15811	0.00945	0.03063	0.02313	0.05955	0.07537	0.01952	0.22013	0.06170	0.02904	0.00810	0.04841	0.05477	0.00821	0.00391	0.00625

[dist]
# distance from previous block
# <min> <max>
0	1

[block]
# block no. 1 follows, 44 sequences, length 30
# corresponding to MSA columns:
# 2341,2342,2348-2375
name=unknown_B
#
# <colnr> <probs for GDERKNQSTAVLIFYWHMCP>
#	G	D	E	R	K	N	Q	S	T	A	V	L	I	F	Y	W	H	M	C	P
0	0.00683	0.00503	0.00615	0.00688	0.00753	0.00462	0.00462	0.00782	0.01075	0.01401	0.06918	0.50044	0.19213	0.12589	0.00971	0.00254	0.00334	0.01332	0.00486	0.00434
1	0.00992	0.00591	0.00810	0.00785	0.00912	0.00579	0.00582	0.01152	0.01186	0.12151	0.23498	0.20159	0.02952	0.06210	0.20279	0.04618	0.00624	0.00915	0.00480	0.00525
2	0.01288	0.04113	0.20375	0.13209	0.10281	0.01208	0.16591	0.04317	0.04318	0.08532	0.04070	0.05949	0.02013	0.00630	0.00566	0.00176	0.00688	0.00587	0.00341	0.00747
3	0.01275	0.11656	0.14707	0.32836	0.08958	0.07677	0.01448	0.05697	0.01213	0.01570	0.00936	0.01253	0.00737	0.00567	0.00614	0.00171	0.07298	0.00435	0.00261	0.00692
4	0.01766	0.34451	0.02167	0.01381	0.12040	0.05596	0.01051	0.21188	0.01591	0.12221	0.01131	0.01192	0.00870	0.00551	0.00461	0.00143	0.00601	0.00408	0.00382	0.00809
5	0.01130	0.00969	0.01130	0.00807	0.01292	0.00727	0.00646	0.01373	0.01130	0.01776	0.00969	0.01130	0.00807	0.00404	0.00404	0.00081	0.00404	0.00323	0.00323	0.84173
6	0.08671	0.01386	0.28005	0.01001	0.01366	0.00835	0.01038	0.01244	0.01165	0.01749	0.16845	0.17056	0.08031	0.05529	0.03516	0.00227	0.00537	0.00809	0.00394	0.00596
7	0.01179	0.01419	0.12263	0.01448	0.01560	0.01614	0.01307	0.01370	0.00879	0.01370	0.00752	0.01187	0.00712	0.00894	0.01613	0.00229	0.68876	0.00467	0.00237	0.00625
8	0.00995	0.00604	0.00793	0.00725	0.00891	0.00549	0.00551	0.01234	0.01511	0.12619	0.60839	0.07660	0.06714	0.01092	0.00633	0.00174	0.00289	0.00959	0.00603	0.00567
9	0.01253	0.00660	0.00821	0.00736	0.00948	0.00582	0.00556	0.01414	0.01319	0.25705	0.15214	0.13277	0.24516	0.09471	0.00843	0.00218	0.00364	0.00946	0.00556	0.00601
10	0.00792	0.00640	0.00715	0.00681	0.00861	0.00606	0.00515	0.01171	0.11795	0.01861	0.32826	0.04346	0.38800	0.01189	0.00631	0.00179	0.00290	0.01013	0.00549	0.00537
11	0.01085	0.02563	0.67418	0.12373	0.02553	0.01259	0.01945	0.01680	0.01143	0.01680	0.00977	0.01193	0.00696	0.00522	0.00522	0.00174	0.00795	0.00414	0.00232	0.00778
12	0.01590	0.01135	0.01251	0.01087	0.01421	0.01258	0.00856	0.05086	0.59618	0.17007	0.02178	0.01977	0.01580	0.00724	0.00553	0.00181	0.00443	0.00599	0.00578	0.00878
13	0.00944	0.00668	0.00761	0.00726	0.00870	0.00662	0.00515	0.01301	0.14029	0.06358	0.14828	0.10716	0.19324	0.24429	0.01250	0.00285	0.00389	0.00927	0.00489	0.00527
14	0.00672	0.00493	0.00633	0.00742	0.00800	0.00454	0.00511	0.00780	0.01082	0.01415	0.03348	0.66428	0.13797	0.01653	0.00691	0.00218	0.00320	0.05009	0.00506	0.00448
15	0.00693	0.00531	0.00610	0.00632	0.00744	0.00476	0.00443	0.00824	0.01189	0.01528	0.17671	0.22619	0.35986	0.12434	0.00952	0.00238	0.00317	0.01165	0.00499	0.00448
16	0.13664	0.00687	0.00778	0.00738	0.00916	0.00681	0.00560	0.03868	0.01291	0.09194	0.24162	0.16199	0.08919	0.06468	0.00727	0.00205	0.00356	0.04430	0.05607	0.00550
17	0.01025	0.00747	0.00826	0.00766	0.00895	0.00773	0.00537	0.13616	0.06311	0.01649	0.02341	0.07343	0.12368	0.42407	0.01734	0.00365	0.00487	0.04885	0.00425	0.00501
18	0.00701	0.00541	0.00607	0.00613	0.00759	0.00475	0.00451	0.00872	0.01290	0.01682	0.23979	0.14751	0.44097	0.01312	0.00636	0.00183	0.00275	0.01124	0.05177	0.00475
19	0.00799	0.00555	0.00651	0.00657	0.00799	0.00490	0.00477	0.00948	0.01246	0.06437	0.17251	0.24203	0.36360	0.04384	0.00728	0.00203	0.00304	0.01162	0.01853	0.00491
20	0.01022	0.00617	0.00884	0.00837	0.00974	0.00650	0.00644	0.01191	0.01065	0.12008	0.13928	0.02430	0.01970	0.05501	0.46920	0.06772	0.01022	0.00644	0.00393	0.00529
21	0.00804	0.00634	0.00743	0.00771	0.00920	0.00616	0.00589	0.01162	0.11675	0.01687	0.13453	0.22033	0.27864	0.01353	0.00662	0.00202	0.00343	0.13437	0.00525	0.00526
22	0.00988	0.00695	0.00831	0.00820	0.00960	0.00706	0.00605	0.06121	0.12583	0.04217	0.05731	0.24602	0.13398	0.06758	0.00994	0.11870	0.00400	0.06716	0.00476	0.00529
23	0.00764	0.00517	0.00635	0.00675	0.00701	0.00507	0.00430	0.00800	0.00908	0.01206	0.03262	0.25154	0.05477	0.43053	0.04692	0.06080	0.00484	0.03890	0.00390	0.00376
24	0.04064	0.00801	0.00990	0.06162	0.01193	0.03325	0.04394	0.07712	0.01279	0.04826	0.17039	0.10594	0.07688	0.20076	0.03891	0.00285	0.00505	0.00815	0.03826	0.00536
25	0.12064	0.01251	0.01778	0.18537	0.25721	0.04432	0.08049	0.04836	0.14390	0.01917	0.01199	0.01426	0.00932	0.00553	0.00525	0.00172	0.00634	0.00493	0.00335	0.00755
26	0.01323	0.01260	0.01836	0.32751	0.32907	0.06501	0.01461	0.08116	0.01314	0.01745	0.01013	0.01351	0.00802	0.00525	0.00532	0.00164	0.00685	0.00468	0.00287	0.04960
27	0.07086	0.13578	0.01618	0.08823	0.07364	0.04521	0.00974	0.16521	0.15496	0.02103	0.01407	0.01487	0.04044	0.00599	0.00485	0.00151	0.00545	0.00467	0.00392	0.12341
28	0.01440	0.04532	0.05584	0.04131	0.35197	0.06908	0.05432	0.09053	0.01414	0.06770	0.06795	0.05465	0.01318	0.00626	0.00546	0.00163	0.00626	0.00563	0.00358	0.03078
29	0.05475	0.21541	0.08804	0.01451	0.16066	0.05190	0.01078	0.06042	0.01258	0.06532	0.02204	0.03835	0.00968	0.00604	0.00527	0.03474	0.00576	0.00434	0.00322	0.13617

[dist]
# distance from previous block
# <min> <max>
2	10

[block]
# block no. 2 follows, 44 sequences, length 17
# corresponding to MSA columns:
# 2386-2402
name=unknown_C
#
# <colnr> <probs for GDERKNQSTAVLIFYWHMCP>
#	G	D	E	R	K	N	Q	S	T	A	V	L	I	F	Y	W	H	M	C	P
0	0.08587	0.12732	0.15770	0.01164	0.01632	0.01296	0.06991	0.13982	0.05393	0.09536	0.07961	0.02750	0.02637	0.00631	0.00506	0.00158	0.00570	0.00513	0.00404	0.06787
1	0.05051	0.01259	0.01900	0.13605	0.36544	0.05234	0.07753	0.01814	0.08888	0.06509	0.01208	0.01499	0.00962	0.02903	0.00634	0.00181	0.02447	0.00510	0.00325	0.00773
2	0.00687	0.00496	0.00652	0.00756	0.00805	0.00457	0.00507	0.00785	0.01040	0.01397	0.02884	0.74967	0.03444	0.04012	0.00746	0.00225	0.00326	0.01477	0.00493	0.03844
3	0.01595	0.01281	0.01370	0.01132	0.01505	0.01414	0.00904	0.29383	0.41709	0.02652	0.01758	0.01676	0.01307	0.00674	0.00536	0.00166	0.00490	0.00540	0.00528	0.09377
4	0.01528	0.06401	0.28025	0.03216	0.14272	0.01239	0.01408	0.07919	0.03281	0.17624	0.01266	0.01355	0.00910	0.00566	0.00554	0.00163	0.03095	0.00451	0.00370	0.06358
5	0.01510	0.01074	0.01716	0.32417	0.14790	0.01145	0.06930	0.07894	0.01362	0.19947	0.01391	0.05075	0.01052	0.00621	0.00559	0.00176	0.00637	0.00561	0.00390	0.00754
6	0.01069	0.02530	0.66847	0.01498	0.02224	0.01194	0.05094	0.01656	0.01197	0.01774	0.08747	0.01463	0.01151	0.00576	0.00536	0.00173	0.00755	0.00473	0.00270	0.00773
7	0.01008	0.01029	0.11253	0.01089	0.05926	0.00751	0.08373	0.01275	0.01298	0.09406	0.11096	0.03619	0.39663	0.01020	0.00611	0.00178	0.00451	0.00882	0.00459	0.00612
8	0.01294	0.31994	0.25164	0.01562	0.02157	0.01640	0.25606	0.01697	0.01179	0.01565	0.00936	0.01151	0.00739	0.00479	0.00495	0.00155	0.00759	0.00439	0.00246	0.00743
9	0.01276	0.14234	0.40574	0.01396	0.01990	0.01339	0.09197	0.05537	0.04048	0.05668	0.01154	0.04147	0.00911	0.00651	0.00610	0.05038	0.00704	0.00477	0.00297	0.00751
10	0.00663	0.00478	0.00628	0.00748	0.00788	0.00444	0.00501	0.00760	0.01054	0.01396	0.03135	0.76608	0.07399	0.01691	0.00693	0.00219	0.00314	0.01529	0.00506	0.00444
11	0.00772	0.00526	0.00624	0.00657	0.00770	0.00487	0.00482	0.00956	0.01233	0.01739	0.19869	0.25534	0.19805	0.01261	0.00608	0.00183	0.00292	0.05301	0.18420	0.00480
12	0.01437	0.30173	0.19248	0.03092	0.10992	0.09434	0.01268	0.06419	0.01263	0.04030	0.00971	0.01159	0.00792	0.00719	0.04026	0.02858	0.00718	0.00390	0.00279	0.00732
13	0.01232	0.29199	0.48164	0.01318	0.01980	0.01572	0.01582	0.01763	0.05505	0.01609	0.00976	0.01109	0.00750	0.00513	0.00463	0.00154	0.00709	0.00378	0.00250	0.00773
14	0.00930	0.00485	0.00727	0.00727	0.00737	0.00495	0.00495	0.00737	0.00727	0.00979	0.00999	0.01707	0.00989	0.02118	0.09932	0.75652	0.00574	0.00485	0.00242	0.00262
15	0.01333	0.01632	0.21663	0.04354	0.25726	0.01250	0.11131	0.01908	0.11599	0.07849	0.03535	0.01529	0.01083	0.00571	0.00581	0.00174	0.02406	0.00522	0.00340	0.00813
16	0.01183	0.01184	0.08550	0.01028	0.04197	0.00884	0.00866	0.05940	0.01220	0.01852	0.01071	0.01379	0.00908	0.00500	0.00488	0.00110	0.03002	0.03653	0.00331	0.61655

[dist]
# distance from previous block
# <min> <max>
0	3

[block]
# block no. 3 follows, 44 sequences, length 10
# corresponding to MSA columns:
# 2406-2415
name=unknown_D
#
# <colnr> <probs for GDERKNQSTAVLIFYWHMCP>
#	G	D	E	R	K	N	Q	S	T	A	V	L	I	F	Y	W	H	M	C	P
0	0.01350	0.06962	0.43739	0.06002	0.02037	0.01199	0.01511	0.01920	0.08304	0.15039	0.01400	0.05816	0.01064	0.00632	0.00528	0.00173	0.00665	0.00511	0.00355	0.00794
1	0.01210	0.06281	0.01275	0.00843	0.01323	0.00880	0.00689	0.05941	0.01217	0.01846	0.00976	0.01125	0.00808	0.00423	0.00409	0.00088	0.00428	0.00331	0.00331	0.73577
2	0.00672	0.00508	0.00623	0.00711	0.00795	0.00460	0.00501	0.00789	0.01118	0.01431	0.03765	0.52922	0.26009	0.01596	0.00684	0.00212	0.00316	0.05931	0.00506	0.00452
3	0.09063	0.00717	0.00828	0.00744	0.00964	0.00695	0.00577	0.01471	0.08481	0.13603	0.36911	0.03391	0.16287	0.00988	0.00584	0.00173	0.00324	0.00835	0.02757	0.00608
4	0.07921	0.01004	0.03255	0.00835	0.01275	0.00801	0.00687	0.03384	0.01142	0.04581	0.01058	0.01285	0.00882	0.03481	0.04892	0.00156	0.00488	0.00367	0.00339	0.62165
5	0.04208	0.05640	0.01371	0.04146	0.04089	0.05714	0.00846	0.10524	0.09365	0.17127	0.02676	0.04385	0.01175	0.00607	0.00490	0.00141	0.00502	0.00486	0.00443	0.26064
6	0.03716	0.01274	0.02453	0.01242	0.06379	0.16883	0.06381	0.03780	0.05565	0.09469	0.04170	0.15567	0.08871	0.00941	0.02362	0.00186	0.02260	0.00730	0.00417	0.07354
7	0.03252	0.05648	0.05940	0.01100	0.03689	0.01096	0.03628	0.10141	0.17209	0.17526	0.06309	0.05004	0.06536	0.04653	0.00652	0.00185	0.00491	0.00630	0.00490	0.05819
8	0.03594	0.12052	0.09018	0.08862	0.03836	0.01165	0.00991	0.07849	0.05601	0.12346	0.13177	0.04792	0.03409	0.00721	0.00569	0.00162	0.03464	0.00581	0.00423	0.07387
9	0.12168	0.01250	0.07685	0.02365	0.03757	0.08489	0.07533	0.04088	0.04893	0.10147	0.16245	0.02271	0.07757	0.00746	0.00542	0.00166	0.00533	0.02442	0.00434	0.06486

[dist]
# distance from previous block
# <min> <max>
3	34

[block]
# block no. 4 follows, 44 sequences, length 9
# corresponding to MSA columns:
# 2452-2460
name=unknown_E
#
# <colnr> <probs for GDERKNQSTAVLIFYWHMCP>
#	G	D	E	R	K	N	Q	S	T	A	V	L	I	F	Y	W	H	M	C	P
0	0.26375	0.00923	0.04246	0.08466	0.03685	0.00907	0.00767	0.01345	0.04163	0.01885	0.09518	0.06177	0.08157	0.07680	0.00706	0.00207	0.00456	0.07323	0.00393	0.06622
1	0.00788	0.00632	0.00903	0.00816	0.00986	0.00578	0.06790	0.01028	0.01413	0.01922	0.47148	0.08567	0.19740	0.01172	0.00653	0.00183	0.00334	0.05290	0.00542	0.00517
2	0.00740	0.00547	0.00690	0.00673	0.00800	0.00498	0.00498	0.00960	0.01441	0.01987	0.57734	0.12582	0.16388	0.01221	0.00649	0.00179	0.00267	0.01073	0.00575	0.00498
3	0.01151	0.06467	0.48667	0.05761	0.02199	0.01321	0.06392	0.01831	0.11967	0.01735	0.01163	0.01339	0.00868	0.00694	0.03534	0.00201	0.03195	0.00457	0.00283	0.00774
4	0.03315	0.08318	0.18049	0.04324	0.15537	0.05202	0.01292	0.11523	0.10972	0.09370	0.01271	0.01360	0.00948	0.00565	0.00508	0.00159	0.00625	0.00454	0.00374	0.05834
5	0.01141	0.00876	0.01278	0.05271	0.07388	0.00895	0.08377	0.01622	0.15079	0.08752	0.20779	0.02713	0.05728	0.10052	0.07378	0.00274	0.00563	0.00730	0.00461	0.00646
6	0.01411	0.06142	0.10121	0.05559	0.05232	0.11367	0.05391	0.04561	0.07265	0.06335	0.01135	0.01268	0.00879	0.00508	0.00479	0.00133	0.00608	0.00412	0.00340	0.30853
7	0.45918	0.14169	0.01401	0.00930	0.01301	0.02966	0.05210	0.07913	0.03108	0.06681	0.05145	0.01218	0.00975	0.00560	0.00413	0.00161	0.00498	0.00394	0.00373	0.00669
8	0.04293	0.04137	0.01507	0.06926	0.16523	0.05421	0.01043	0.06758	0.30320	0.03329	0.04988	0.01677	0.01342	0.00627	0.00521	0.00162	0.00530	0.00524	0.00424	0.08948

[dist]
# distance from previous block
# <min> <max>
4	58

[block]
# block no. 5 follows, 44 sequences, length 19
# corresponding to MSA columns:
# 2526-2544
name=unknown_F
#
# <colnr> <probs for GDERKNQSTAVLIFYWHMCP>
#	G	D	E	R	K	N	Q	S	T	A	V	L	I	F	Y	W	H	M	C	P
0	0.01156	0.04665	0.05191	0.07146	0.03013	0.04880	0.00818	0.05725	0.09851	0.06380	0.12428	0.07121	0.14292	0.07457	0.02731	0.00218	0.01536	0.00742	0.00441	0.04207
1	0.12481	0.11705	0.08169	0.01295	0.08250	0.02887	0.05470	0.13344	0.01454	0.18043	0.02487	0.01463	0.03481	0.00588	0.00490	0.00155	0.00565	0.00467	0.00416	0.06790
2	0.01282	0.04008	0.09577	0.06153	0.23094	0.02341	0.08790	0.06293	0.10467	0.03439	0.01578	0.05268	0.04646	0.00696	0.00603	0.00176	0.03236	0.04451	0.00358	0.03544
3	0.04200	0.01220	0.07413	0.12528	0.07778	0.03564	0.04404	0.01707	0.08396	0.07789	0.01246	0.03831	0.00994	0.00545	0.00490	0.00140	0.00549	0.00464	0.00353	0.32391
4	0.00946	0.00568	0.00758	0.00770	0.00890	0.00521	0.00560	0.01117	0.01292	0.11868	0.28444	0.41293	0.03820	0.01359	0.00660	0.00198	0.00322	0.03519	0.00561	0.00534
5	0.00667	0.00494	0.00624	0.00717	0.00782	0.00451	0.00490	0.00780	0.01112	0.01457	0.08181	0.61977	0.17053	0.01611	0.00683	0.00211	0.00305	0.01442	0.00512	0.00451
6	0.02037	0.02598	0.01545	0.01404	0.01685	0.78652	0.01053	0.02177	0.01545	0.01334	0.00843	0.00983	0.00702	0.00562	0.00492	0.00140	0.00983	0.00351	0.00281	0.00632
7	0.00837	0.00603	0.00707	0.00776	0.00848	0.03130	0.00568	0.00977	0.01088	0.01479	0.05052	0.30204	0.02833	0.18837	0.01122	0.00281	0.00424	0.19780	0.10003	0.00450
8	0.15524	0.00935	0.01119	0.00895	0.01261	0.00896	0.00732	0.06479	0.03443	0.49166	0.05268	0.01789	0.01388	0.00665	0.00504	0.00165	0.00436	0.00522	0.07999	0.00815
9	0.01657	0.01372	0.01348	0.01158	0.01498	0.09486	0.00912	0.17241	0.47890	0.08498	0.01888	0.01765	0.01392	0.00699	0.00546	0.00175	0.00525	0.00558	0.00534	0.00857
10	0.00954	0.00693	0.00768	0.00755	0.00815	0.04730	0.00511	0.01026	0.00975	0.05222	0.05622	0.10902	0.02211	0.48472	0.04664	0.00420	0.03946	0.06501	0.00384	0.00428
11	0.01458	0.81168	0.02857	0.00933	0.01399	0.02157	0.00933	0.01632	0.01108	0.01283	0.00758	0.00875	0.00700	0.00466	0.00350	0.00117	0.00583	0.00292	0.00233	0.00700
12	0.00791	0.00534	0.00622	0.00622	0.00632	0.00543	0.00365	0.00810	0.00801	0.01077	0.01693	0.03429	0.01922	0.73358	0.10174	0.00562	0.00619	0.00772	0.00327	0.00346
13	0.00664	0.00474	0.00633	0.00759	0.00791	0.00443	0.00506	0.00759	0.01044	0.01392	0.03005	0.80485	0.03606	0.01708	0.00696	0.00221	0.00316	0.01550	0.00506	0.00443
14	0.62759	0.01109	0.00911	0.00792	0.01129	0.05187	0.00645	0.04906	0.01114	0.10917	0.01003	0.01084	0.00743	0.00542	0.00381	0.00165	0.00454	0.00347	0.05172	0.00640
15	0.00818	0.00588	0.00773	0.00862	0.00950	0.00585	0.00671	0.01045	0.04494	0.01538	0.06601	0.28053	0.03161	0.12327	0.00997	0.00273	0.00433	0.34866	0.00487	0.00477
16	0.32033	0.01200	0.01307	0.01032	0.01434	0.01280	0.04041	0.26926	0.01659	0.22073	0.01317	0.01303	0.00909	0.00598	0.00475	0.00168	0.00514	0.00441	0.00492	0.00797
17	0.12546	0.01265	0.01492	0.01175	0.01544	0.04207	0.09973	0.31713	0.06281	0.08576	0.05714	0.01618	0.01245	0.02376	0.00569	0.00173	0.00558	0.00527	0.07676	0.00772
18	0.05191	0.05474	0.06797	0.36613	0.02584	0.04671	0.01274	0.17357	0.01425	0.04003	0.01037	0.01308	0.00779	0.00576	0.00571	0.00168	0.04271	0.00449	0.00328	0.05124

[dist]
# distance from previous block
# <min> <max>
0	97

[block]
# block no. 6 follows, 44 sequences, length 39
# corresponding to MSA columns:
# 2642-2680
name=unknown_G
#
# <colnr> <probs for GDERKNQSTAVLIFYWHMCP>
#	G	D	E	R	K	N	Q	S	T	A	V	L	I	F	Y	W	H	M	C	P
0	0.05486	0.06714	0.08429	0.05688	0.10362	0.05902	0.01037	0.10636	0.01386	0.09538	0.03310	0.01317	0.00969	0.00528	0.00475	0.00136	0.00560	0.00418	0.00366	0.26742
1	0.01230	0.04920	0.49244	0.01375	0.04138	0.01146	0.01558	0.01760	0.04000	0.09559	0.06014	0.01483	0.01122	0.00734	0.04104	0.00197	0.00715	0.00465	0.00321	0.05915
2	0.00747	0.00563	0.00697	0.00731	0.00844	0.00531	0.00534	0.00991	0.05355	0.01732	0.27908	0.32664	0.17425	0.01387	0.00665	0.00198	0.00307	0.05684	0.00540	0.00496
3	0.01281	0.01234	0.02114	0.17974	0.58579	0.01293	0.03814	0.01610	0.01201	0.01690	0.01007	0.01368	0.00831	0.00511	0.00583	0.00169	0.03185	0.00490	0.00264	0.00801
4	0.05274	0.12920	0.24174	0.08493	0.05939	0.03189	0.11009	0.08745	0.03823	0.09681	0.01145	0.01291	0.00839	0.00541	0.00512	0.00165	0.00694	0.00454	0.00332	0.00779
5	0.01679	0.00816	0.01055	0.00871	0.01166	0.00756	0.00695	0.04959	0.06525	0.38918	0.31319	0.02712	0.02832	0.00849	0.00582	0.00170	0.00383	0.00720	0.02240	0.00754
6	0.02352	0.01078	0.01358	0.01041	0.01467	0.01024	0.00860	0.20968	0.01812	0.59150	0.01940	0.01718	0.01244	0.00670	0.00548	0.00167	0.00498	0.00534	0.00642	0.00928
7	0.01053	0.00930	0.03750	0.18006	0.14653	0.00922	0.03179	0.01363	0.03440	0.06003	0.18378	0.05621	0.15333	0.00875	0.00644	0.00180	0.03865	0.00759	0.00414	0.00634
8	0.01663	0.05610	0.16088	0.01839	0.20501	0.05051	0.09055	0.08500	0.01436	0.21179	0.01406	0.01489	0.02519	0.00573	0.00539	0.00165	0.00660	0.00500	0.00394	0.00833
9	0.02121	0.01024	0.01273	0.01022	0.01413	0.00999	0.00829	0.06073	0.22768	0.53062	0.02131	0.01881	0.01419	0.00692	0.00550	0.00173	0.00461	0.00565	0.00635	0.00909
10	0.00676	0.00483	0.00646	0.00772	0.00809	0.00453	0.00526	0.00779	0.01055	0.01405	0.02998	0.76512	0.03581	0.01697	0.00699	0.00223	0.00326	0.05409	0.00506	0.00446
11	0.01435	0.12050	0.11976	0.03923	0.04528	0.09860	0.03732	0.08126	0.32660	0.01979	0.01589	0.01600	0.02904	0.00637	0.00520	0.00167	0.00607	0.00510	0.00406	0.00791
12	0.01250	0.01161	0.01892	0.07495	0.56623	0.01185	0.01434	0.01644	0.06686	0.01805	0.08765	0.01768	0.01387	0.03816	0.00642	0.00181	0.00593	0.00558	0.00324	0.00791
13	0.00779	0.00584	0.00876	0.00876	0.00974	0.00681	0.00681	0.00974	0.00876	0.01266	0.01460	0.02142	0.01363	0.04089	0.78680	0.00876	0.01460	0.00584	0.00292	0.00487
14	0.80164	0.01061	0.00825	0.00738	0.01074	0.01230	0.00605	0.01673	0.05031	0.02437	0.00838	0.00948	0.00649	0.00519	0.00349	0.00170	0.00422	0.00313	0.00349	0.00605
15	0.00988	0.00514	0.00534	0.00529	0.00656	0.00509	0.00397	0.01242	0.01190	0.02050	0.10512	0.02269	0.01831	0.00691	0.00411	0.00132	0.00254	0.00563	0.74219	0.00509
16	0.84691	0.01054	0.00801	0.00717	0.01054	0.01223	0.00590	0.01603	0.00928	0.02446	0.00759	0.00886	0.00590	0.00506	0.00337	0.00169	0.00422	0.00295	0.00337	0.00590
17	0.02095	0.01490	0.01613	0.01237	0.01672	0.01636	0.01022	0.71132	0.02502	0.08013	0.01361	0.01343	0.00953	0.00656	0.00546	0.00164	0.00592	0.00494	0.00553	0.00927
18	0.01016	0.00508	0.00508	0.00508	0.00635	0.00508	0.00381	0.01270	0.01143	0.02033	0.01778	0.02033	0.01397	0.00635	0.00381	0.00127	0.00254	0.00508	0.83867	0.00508
19	0.84691	0.01054	0.00801	0.00717	0.01054	0.01223	0.00590	0.01603	0.00928	0.02446	0.00759	0.00886	0.00590	0.00506	0.00337	0.00169	0.00422	0.00295	0.00337	0.00590
20	0.01130	0.00969	0.01130	0.00807	0.01292	0.00727	0.00646	0.01373	0.01130	0.01776	0.00969	0.01130	0.00807	0.00404	0.00404	0.00081	0.00404	0.00323	0.00323	0.84173
21	0.01030	0.00969	0.01635	0.79530	0.03755	0.01211	0.01514	0.01393	0.01090	0.01393	0.00969	0.01453	0.00727	0.00545	0.00545	0.00182	0.00727	0.00484	0.00242	0.00606
22	0.81887	0.01050	0.00817	0.00726	0.01066	0.01209	0.00598	0.01639	0.00949	0.05016	0.00807	0.00919	0.00616	0.00512	0.00345	0.00169	0.00423	0.00304	0.00349	0.00602
23	0.00793	0.00529	0.00595	0.00595	0.00595	0.00529	0.00330	0.00793	0.00793	0.01057	0.01718	0.03568	0.01982	0.80840	0.02775	0.00529	0.00529	0.00793	0.00330	0.00330
24	0.00779	0.00584	0.00876	0.00876	0.00974	0.00681	0.00681	0.00974	0.00876	0.01266	0.01460	0.02142	0.01363	0.04089	0.78680	0.00876	0.01460	0.00584	0.00292	0.00487
25	0.84691	0.01054	0.00801	0.00717	0.01054	0.01223	0.00590	0.01603	0.00928	0.02446	0.00759	0.00886	0.00590	0.00506	0.00337	0.00169	0.00422	0.00295	0.00337	0.00590
26	0.01474	0.01230	0.01299	0.01133	0.01463	0.01411	0.00892	0.14923	0.64235	0.02472	0.02068	0.01914	0.01542	0.00726	0.00553	0.00181	0.00459	0.00596	0.00553	0.00874
27	0.00688	0.00585	0.00591	0.00584	0.00769	0.00511	0.00436	0.00898	0.05314	0.01503	0.05216	0.05016	0.70599	0.04001	0.00711	0.00196	0.00293	0.01110	0.00503	0.00478
28	0.01450	0.75390	0.02810	0.01107	0.06901	0.02095	0.00986	0.01635	0.01117	0.01319	0.00777	0.00909	0.00711	0.00468	0.00364	0.00120	0.00588	0.00306	0.00236	0.00711
29	0.01320	0.00888	0.01050	0.00903	0.01190	0.00882	0.00704	0.02003	0.27271	0.15849	0.24546	0.05660	0.02615	0.00834	0.00566	0.00165	0.00377	0.00713	0.00557	0.11907
30	0.01193	0.01193	0.01670	0.01431	0.01431	0.01670	0.01193	0.01312	0.00835	0.01312	0.00716	0.01193	0.00716	0.00954	0.01789	0.00239	0.79843	0.00477	0.00239	0.00596
31	0.00880	0.01530	0.34667	0.01112	0.01499	0.00834	0.01179	0.01262	0.03119	0.01626	0.08020	0.37441	0.02396	0.01112	0.00610	0.00195	0.00530	0.00976	0.00394	0.00619
32	0.01053	0.01194	0.10077	0.01445	0.13435	0.04053	0.10730	0.05330	0.02530	0.01693	0.02950	0.04637	0.30644	0.03472	0.00674	0.00191	0.00548	0.04313	0.00395	0.00636
33	0.00759	0.00507	0.00662	0.00748	0.00810	0.00468	0.00509	0.00866	0.01092	0.05102	0.06453	0.65926	0.07569	0.04809	0.00767	0.00227	0.00327	0.01423	0.00511	0.00466
34	0.01093	0.02820	0.78016	0.01554	0.02360	0.01266	0.02014	0.01727	0.01151	0.01727	0.00978	0.01151	0.00691	0.00518	0.00518	0.00173	0.00806	0.00403	0.00230	0.00806
35	0.01459	0.09933	0.16778	0.03460	0.32347	0.01292	0.09126	0.01822	0.01269	0.13662	0.02927	0.01418	0.00982	0.00532	0.00530	0.00163	0.00663	0.00487	0.00330	0.00820
36	0.01567	0.33243	0.21773	0.03432	0.01755	0.03291	0.03653	0.01883	0.01232	0.19102	0.01177	0.01249	0.00872	0.00639	0.02779	0.00170	0.00663	0.00407	0.00339	0.00770
37	0.00771	0.00561	0.00660	0.00679	0.00814	0.00505	0.00506	0.00923	0.01224	0.04063	0.14859	0.16092	0.35989	0.09487	0.00880	0.00231	0.00340	0.10436	0.00507	0.00473
38	0.02351	0.00988	0.01291	0.01000	0.01416	0.00902	0.00823	0.08128	0.06244	0.67607	0.02092	0.01826	0.01337	0.00677	0.00548	0.00169	0.00472	0.00548	0.00658	0.00924

[dist]
# distance from previous block
# <min> <max>
0	1

[block]
# block no. 7 follows, 44 sequences, length 69
# corresponding to MSA columns:
# 2682-2687,2689-2751
name=unknown_H
#
# <colnr> <probs for GDERKNQSTAVLIFYWHMCP>
#	G	D	E	R	K	N	Q	S	T	A	V	L	I	F	Y	W	H	M	C	P
0	0.04488	0.11064	0.11364	0.05471	0.08287	0.04980	0.10349	0.07956	0.05103	0.20450	0.01322	0.01403	0.00952	0.00583	0.00571	0.00167	0.03815	0.00481	0.00397	0.00798
1	0.00801	0.00556	0.00682	0.00709	0.00762	0.00550	0.00493	0.00901	0.01007	0.01346	0.10896	0.05922	0.05163	0.46850	0.04365	0.00417	0.00507	0.17261	0.00409	0.00402
2	0.00864	0.00621	0.00769	0.00819	0.00953	0.00607	0.00658	0.03812	0.03132	0.01609	0.03235	0.12661	0.20662	0.05165	0.00860	0.04902	0.00417	0.32745	0.05020	0.00488
3	0.69669	0.01180	0.01117	0.03742	0.06022	0.01321	0.02703	0.01686	0.01052	0.02421	0.00938	0.01164	0.00763	0.00618	0.00484	0.00198	0.03484	0.00379	0.00373	0.00686
4	0.01384	0.01053	0.01148	0.01018	0.01309	0.01175	0.00795	0.04952	0.54783	0.08605	0.10590	0.02225	0.01989	0.00767	0.00553	0.00178	0.00409	0.00642	0.05615	0.00810
5	0.01276	0.09645	0.29242	0.01337	0.04633	0.05603	0.03191	0.03337	0.19083	0.01826	0.01263	0.01359	0.00968	0.00621	0.02031	0.00168	0.00652	0.00443	0.00334	0.12986
6	0.10734	0.35410	0.21223	0.03161	0.01803	0.04078	0.08167	0.01742	0.01159	0.06619	0.00945	0.01083	0.00741	0.00502	0.00440	0.00149	0.00660	0.00376	0.00279	0.00728
7	0.02096	0.01161	0.01361	0.01071	0.01469	0.01188	0.00876	0.29412	0.11926	0.36829	0.01833	0.01687	0.01239	0.00674	0.00540	0.00167	0.00500	0.00534	0.04539	0.00899
8	0.00644	0.00552	0.00552	0.00552	0.00736	0.00460	0.00414	0.00782	0.01243	0.01473	0.05523	0.05247	0.77218	0.01381	0.00644	0.00184	0.00276	0.01151	0.00506	0.00460
9	0.01346	0.00979	0.01106	0.00996	0.01261	0.01053	0.00782	0.13230	0.31579	0.09322	0.07183	0.13787	0.07165	0.00987	0.00600	0.00190	0.00428	0.06713	0.00553	0.00741
10	0.00779	0.00554	0.00731	0.00735	0.00787	0.00598	0.00507	0.00879	0.00850	0.01177	0.01709	0.05358	0.03210	0.39633	0.39388	0.00680	0.00968	0.00723	0.00321	0.00412
11	0.02072	0.01527	0.01636	0.01254	0.01691	0.01691	0.01036	0.75622	0.02563	0.03436	0.01309	0.01309	0.00927	0.00654	0.00545	0.00164	0.00600	0.00491	0.00545	0.00927
12	0.01458	0.81168	0.02857	0.00933	0.01399	0.02157	0.00933	0.01632	0.01108	0.01283	0.00758	0.00875	0.00700	0.00466	0.00350	0.00117	0.00583	0.00292	0.00233	0.00700
13	0.20137	0.01050	0.01117	0.00950	0.01281	0.01121	0.00759	0.13645	0.20029	0.19806	0.02000	0.08335	0.05937	0.00778	0.00521	0.00177	0.00444	0.00619	0.00526	0.00768
14	0.01762	0.05530	0.33740	0.01223	0.01802	0.01095	0.01323	0.02230	0.05902	0.37507	0.01594	0.01523	0.01060	0.00603	0.00526	0.00169	0.00612	0.00479	0.00459	0.00862
15	0.02234	0.01217	0.01438	0.01108	0.01533	0.01237	0.00913	0.36859	0.04584	0.40384	0.01759	0.01605	0.01162	0.00667	0.00547	0.00167	0.00527	0.00524	0.00610	0.00925
16	0.01423	0.01071	0.01156	0.01029	0.01325	0.01201	0.00809	0.06386	0.54881	0.08365	0.02135	0.02121	0.01618	0.00743	0.00539	0.00178	0.00424	0.03059	0.10723	0.00816
17	0.01435	0.00883	0.01008	0.00845	0.01102	0.00902	0.00668	0.22794	0.02831	0.12675	0.21614	0.02494	0.04847	0.03351	0.00607	0.00170	0.00395	0.00667	0.20026	0.00685
18	0.01921	0.01382	0.01499	0.01192	0.01594	0.01526	0.00971	0.50405	0.21538	0.09718	0.01618	0.01544	0.01155	0.00678	0.00548	0.00170	0.00544	0.00528	0.00559	0.00911
19	0.02057	0.01519	0.01627	0.01251	0.01685	0.01683	0.01032	0.74011	0.04200	0.03410	0.01329	0.01325	0.00943	0.00656	0.00546	0.00164	0.00596	0.00494	0.00546	0.00926
20	0.01216	0.00853	0.00994	0.00886	0.01122	0.00894	0.00686	0.03996	0.29721	0.10402	0.36207	0.02920	0.03181	0.00897	0.00588	0.00174	0.00354	0.00770	0.03436	0.00701
21	0.00690	0.00519	0.00639	0.00682	0.00783	0.00468	0.00484	0.00844	0.01243	0.01646	0.25369	0.38010	0.23743	0.01447	0.00667	0.00197	0.00288	0.01278	0.00534	0.00468
22	0.01594	0.00954	0.01178	0.00865	0.01327	0.00753	0.00701	0.01825	0.01282	0.28553	0.01385	0.01386	0.00998	0.00499	0.00455	0.00112	0.00425	0.00402	0.00447	0.54860
23	0.02446	0.00928	0.01265	0.00970	0.01392	0.00801	0.00801	0.02657	0.01560	0.77817	0.02151	0.01856	0.01350	0.00675	0.00548	0.00169	0.00464	0.00548	0.00675	0.00928
24	0.00792	0.00533	0.00618	0.00618	0.00626	0.00541	0.00360	0.00808	0.00800	0.01074	0.01696	0.03449	0.01931	0.74464	0.09081	0.00557	0.00606	0.00775	0.00327	0.00343
25	0.02382	0.00942	0.01258	0.00968	0.01381	0.00834	0.00799	0.06056	0.01594	0.71821	0.02099	0.01836	0.01331	0.00673	0.00543	0.00167	0.00463	0.00544	0.03396	0.00914
26	0.01376	0.01350	0.02170	0.04742	0.72425	0.04946	0.01641	0.01691	0.01253	0.01752	0.01016	0.01334	0.00853	0.00490	0.00538	0.00161	0.00665	0.00479	0.00270	0.00848
27	0.01067	0.01007	0.01703	0.70545	0.12445	0.01221	0.01533	0.01426	0.01108	0.01439	0.00976	0.01441	0.00743	0.00538	0.00544	0.00179	0.00717	0.00485	0.00246	0.00636
28	0.75740	0.01102	0.00987	0.00838	0.01193	0.01255	0.05145	0.05106	0.01027	0.02450	0.00806	0.00941	0.00621	0.00510	0.00366	0.00169	0.00460	0.00326	0.00343	0.00615
29	0.01458	0.81168	0.02857	0.00933	0.01399	0.02157	0.00933	0.01632	0.01108	0.01283	0.00758	0.00875	0.00700	0.00466	0.00350	0.00117	0.00583	0.00292	0.00233	0.00700
30	0.00675	0.00482	0.00643	0.00759	0.00799	0.00451	0.00514	0.00783	0.01078	0.01445	0.07493	0.74398	0.03690	0.01668	0.00694	0.00219	0.00316	0.02934	0.00512	0.00448
31	0.00694	0.00539	0.00634	0.00681	0.00794	0.00490	0.00483	0.00875	0.03756	0.01554	0.13327	0.38770	0.32487	0.01472	0.00664	0.00199	0.00297	0.01291	0.00520	0.00473
32	0.00752	0.00549	0.00695	0.00671	0.00791	0.00505	0.00492	0.00970	0.01432	0.01987	0.59844	0.09231	0.12728	0.06011	0.00776	0.00198	0.00280	0.01030	0.00567	0.00493
33	0.00912	0.00594	0.00773	0.00750	0.00903	0.00547	0.00584	0.01142	0.01437	0.08478	0.47005	0.08958	0.12131	0.01202	0.00655	0.00188	0.00319	0.12308	0.00576	0.00538
34	0.01458	0.81168	0.02857	0.00933	0.01399	0.02157	0.00933	0.01632	0.01108	0.01283	0.00758	0.00875	0.00700	0.00466	0.00350	0.00117	0.00583	0.00292	0.00233	0.00700
35	0.01298	0.33538	0.36151	0.01298	0.01902	0.01583	0.05978	0.02813	0.01187	0.04148	0.02148	0.01302	0.00879	0.00544	0.00470	0.00154	0.00691	0.02897	0.00269	0.00751
36	0.66264	0.01026	0.00905	0.00774	0.01130	0.01129	0.00638	0.01839	0.01070	0.19333	0.01071	0.01103	0.00761	0.00544	0.00385	0.00169	0.00431	0.00352	0.00413	0.00666
37	0.00821	0.00540	0.00643	0.00622	0.00754	0.00504	0.00465	0.01058	0.01379	0.02032	0.45097	0.06073	0.12772	0.01032	0.00572	0.00162	0.00260	0.00890	0.23819	0.00504
38	0.01572	0.01769	0.03996	0.03803	0.01577	0.37236	0.03338	0.06984	0.07635	0.01635	0.01183	0.01415	0.00970	0.01174	0.13315	0.00272	0.03606	0.00454	0.07422	0.00645
39	0.01252	0.35599	0.41853	0.01286	0.01900	0.01664	0.01511	0.01662	0.01114	0.01515	0.00870	0.01038	0.00696	0.00523	0.00524	0.00153	0.05499	0.00361	0.00232	0.00749
40	0.06475	0.01244	0.01358	0.01037	0.01473	0.03813	0.00847	0.31421	0.01800	0.18994	0.01346	0.01341	0.00958	0.00574	0.00491	0.00140	0.00516	0.00439	0.00488	0.25245
41	0.00671	0.00529	0.00606	0.00638	0.00766	0.00464	0.00459	0.00815	0.01229	0.01562	0.16261	0.28543	0.42644	0.01440	0.00660	0.00194	0.00286	0.01249	0.00521	0.00464
42	0.03205	0.00766	0.01245	0.10559	0.01540	0.00762	0.14169	0.02748	0.01154	0.01563	0.05748	0.40790	0.08516	0.03750	0.00714	0.00212	0.00485	0.01117	0.00427	0.00531
43	0.01163	0.00921	0.01018	0.00925	0.01170	0.01005	0.00714	0.02150	0.44674	0.04668	0.24346	0.02838	0.07681	0.00886	0.00581	0.00179	0.00366	0.00754	0.03239	0.00725
44	0.80432	0.01048	0.00825	0.00730	0.01072	0.01201	0.00601	0.01657	0.00961	0.06350	0.00831	0.00936	0.00630	0.00515	0.00348	0.00169	0.00424	0.00308	0.00355	0.00608
45	0.01203	0.00635	0.00802	0.00719	0.00920	0.00574	0.00554	0.01425	0.01421	0.20731	0.34489	0.08394	0.11129	0.00999	0.00583	0.00169	0.00314	0.00859	0.13477	0.00605
46	0.01607	0.07250	0.02886	0.01257	0.03964	0.38496	0.00955	0.02131	0.20230	0.01691	0.08412	0.01604	0.01403	0.00731	0.02281	0.00170	0.00723	0.00489	0.03035	0.00687
47	0.00664	0.00474	0.00633	0.00759	0.00791	0.00443	0.00506	0.00759	0.01044	0.01392	0.03005	0.80485	0.03606	0.01708	0.00696	0.00221	0.00316	0.01550	0.00506	0.00443
48	0.02223	0.01286	0.01487	0.01140	0.01570	0.01333	0.00942	0.46250	0.02160	0.33378	0.01648	0.01529	0.01097	0.00663	0.00547	0.00166	0.00545	0.00514	0.00597	0.00927
49	0.01030	0.00969	0.01635	0.79530	0.03755	0.01211	0.01514	0.01393	0.01090	0.01393	0.00969	0.01453	0.00727	0.00545	0.00545	0.00182	0.00727	0.00484	0.00242	0.00606
50	0.01692	0.00828	0.00963	0.00796	0.01078	0.00812	0.00639	0.14475	0.01531	0.28504	0.01827	0.01847	0.01300	0.00652	0.00467	0.00148	0.00386	0.00519	0.40811	0.00725
51	0.01429	0.01431	0.01508	0.08045	0.07670	0.15948	0.04886	0.02362	0.41104	0.01894	0.01626	0.01679	0.01255	0.00772	0.03148	0.00199	0.03315	0.00540	0.00420	0.00770
52	0.00925	0.00681	0.00823	0.00761	0.00937	0.00672	0.00579	0.01402	0.15038	0.04780	0.54915	0.03727	0.10520	0.01054	0.00624	0.00175	0.00297	0.00918	0.00587	0.00587
53	0.00913	0.00846	0.03169	0.16787	0.10457	0.00877	0.03338	0.01133	0.01119	0.01519	0.09426	0.26113	0.07943	0.03917	0.02338	0.00222	0.08009	0.00924	0.00385	0.00562
54	0.01007	0.00684	0.00930	0.05600	0.01131	0.00746	0.00675	0.03304	0.05600	0.06642	0.01518	0.02266	0.01404	0.18150	0.38478	0.07365	0.00970	0.00601	0.00343	0.02587
55	0.00787	0.00553	0.00719	0.00719	0.00762	0.00596	0.00486	0.00873	0.00830	0.01149	0.01604	0.02937	0.01708	0.46870	0.36370	0.00682	0.00941	0.00700	0.00313	0.00400
56	0.01362	0.01211	0.02043	0.17373	0.58741	0.01247	0.01586	0.01685	0.01234	0.06689	0.01089	0.01402	0.00870	0.00509	0.00541	0.00166	0.00650	0.00490	0.00291	0.00820
57	0.01193	0.01193	0.01670	0.01431	0.01431	0.01670	0.01193	0.01312	0.00835	0.01312	0.00716	0.01193	0.00716	0.00954	0.01789	0.00239	0.79843	0.00477	0.00239	0.00596
58	0.02037	0.02598	0.01545	0.01404	0.01685	0.78652	0.01053	0.02177	0.01545	0.01334	0.00843	0.00983	0.00702	0.00562	0.00492	0.00140	0.00983	0.00351	0.00281	0.00632
59	0.01510	0.74032	0.02738	0.00976	0.01425	0.09105	0.00944	0.01682	0.01147	0.01287	0.00766	0.00884	0.00700	0.00475	0.00363	0.00119	0.00619	0.00297	0.00238	0.00693
60	0.00919	0.00608	0.00834	0.00913	0.01040	0.00586	0.00750	0.01130	0.01245	0.06367	0.08998	0.23670	0.03272	0.01455	0.00712	0.00230	0.00433	0.44578	0.00519	0.01741
61	0.04683	0.10949	0.34409	0.03429	0.04392	0.05679	0.06937	0.01906	0.01259	0.17432	0.01239	0.01411	0.00904	0.00567	0.00513	0.00166	0.00699	0.02300	0.00341	0.00785
62	0.01458	0.81168	0.02857	0.00933	0.01399	0.02157	0.00933	0.01632	0.01108	0.01283	0.00758	0.00875	0.00700	0.00466	0.00350	0.00117	0.00583	0.00292	0.00233	0.00700
63	0.00664	0.00474	0.00633	0.00759	0.00791	0.00443	0.00506	0.00759	0.01044	0.01392	0.03005	0.80485	0.03606	0.01708	0.00696	0.00221	0.00316	0.01550	0.00506	0.00443
64	0.01137	0.02162	0.51089	0.19757	0.05398	0.01204	0.01776	0.01658	0.01156	0.05232	0.01103	0.03974	0.00836	0.00571	0.00533	0.00176	0.00748	0.00471	0.00265	0.00755
65	0.01032	0.01016	0.03707	0.72714	0.05713	0.01193	0.01500	0.01398	0.01111	0.01438	0.03412	0.01526	0.00871	0.00561	0.00547	0.00181	0.00712	0.00498	0.00254	0.00615
66	0.00874	0.00594	0.00756	0.00702	0.00857	0.00547	0.00531	0.01147	0.03437	0.06687	0.62550	0.05174	0.11835	0.01113	0.00636	0.00174	0.00277	0.00975	0.00593	0.00542
67	0.00679	0.00485	0.00648	0.00764	0.00805	0.00454	0.00521	0.00789	0.01082	0.01449	0.07491	0.73073	0.03681	0.01664	0.00695	0.00219	0.00320	0.04221	0.00512	0.00449
68	0.01317	0.03037	0.21650	0.09614	0.30560	0.01246	0.12273	0.01729	0.01234	0.07703	0.01166	0.01519	0.00913	0.00545	0.00554	0.00172	0.00714	0.02960	0.00297	0.00796

[dist]
# distance from previous block
# <min> <max>
0	21

[block]
# block no. 8 follows, 44 sequences, length 8
# corresponding to MSA columns:
# 2773-2780
name=unknown_I
#
# <colnr> <probs for GDERKNQSTAVLIFYWHMCP>
#	G	D	E	R	K	N	Q	S	T	A	V	L	I	F	Y	W	H	M	C	P
0	0.14039	0.10481	0.25377	0.01186	0.01693	0.06206	0.03979	0.01937	0.04709	0.18294	0.01412	0.01567	0.02797	0.00614	0.00496	0.00167	0.00623	0.03285	0.00380	0.00757
1	0.01413	0.71683	0.11956	0.01008	0.01516	0.02049	0.01064	0.01644	0.01113	0.01336	0.00785	0.00908	0.00699	0.00473	0.00370	0.00123	0.00610	0.00305	0.00233	0.00712
2	0.01279	0.01157	0.05296	0.11898	0.42151	0.01100	0.04281	0.01603	0.01238	0.06602	0.04826	0.03751	0.01209	0.00586	0.00534	0.00164	0.00589	0.00547	0.10433	0.00757
3	0.11526	0.01173	0.01689	0.23289	0.25618	0.03317	0.03710	0.08576	0.01339	0.09744	0.04070	0.01470	0.01009	0.00565	0.00524	0.00170	0.00621	0.00490	0.00351	0.00748
4	0.01423	0.00925	0.01291	0.01405	0.15535	0.00908	0.02663	0.10567	0.04969	0.19100	0.04141	0.26104	0.04449	0.01010	0.00606	0.00187	0.00469	0.03024	0.00504	0.00721
5	0.34931	0.05259	0.01484	0.09612	0.20060	0.14570	0.01059	0.04104	0.01188	0.01961	0.00878	0.01087	0.00706	0.00518	0.00442	0.00161	0.00618	0.00377	0.00303	0.00682
6	0.01030	0.00969	0.01635	0.79530	0.03755	0.01211	0.01514	0.01393	0.01090	0.01393	0.00969	0.01453	0.00727	0.00545	0.00545	0.00182	0.00727	0.00484	0.00242	0.00606
7	0.16311	0.03799	0.01516	0.10185	0.18890	0.11661	0.01066	0.01900	0.01271	0.19460	0.01196	0.01313	0.00881	0.00542	0.00482	0.00156	0.00596	0.00428	0.00378	0.07968

[dist]
# distance from previous block
# <min> <max>
0	2

[block]
# block no. 9 follows, 44 sequences, length 15
# corresponding to MSA columns:
# 2783-2797
name=unknown_J
#
# <colnr> <probs for GDERKNQSTAVLIFYWHMCP>
#	G	D	E	R	K	N	Q	S	T	A	V	L	I	F	Y	W	H	M	C	P
0	0.01603	0.10313	0.07890	0.00940	0.01307	0.01053	0.02620	0.10801	0.05324	0.21926	0.01620	0.01655	0.01173	0.00614	0.00469	0.00148	0.00465	0.00487	0.26874	0.02721
1	0.01256	0.01410	0.03026	0.11634	0.02959	0.01358	0.66520	0.01704	0.01263	0.01704	0.01087	0.01469	0.00815	0.00470	0.00631	0.00184	0.00896	0.00624	0.00272	0.00720
2	0.01030	0.00969	0.01635	0.79530	0.03755	0.01211	0.01514	0.01393	0.01090	0.01393	0.00969	0.01453	0.00727	0.00545	0.00545	0.00182	0.00727	0.00484	0.00242	0.00606
3	0.00999	0.00922	0.01543	0.70022	0.03419	0.01147	0.01413	0.01342	0.01064	0.01378	0.01028	0.01537	0.00804	0.00973	0.09991	0.00266	0.00815	0.00497	0.00248	0.00591
4	0.00787	0.00551	0.00710	0.00710	0.00751	0.00591	0.00475	0.00867	0.00827	0.01143	0.01612	0.02981	0.01727	0.49260	0.34007	0.00672	0.00912	0.00707	0.00315	0.00395
5	0.00690	0.00547	0.00620	0.00616	0.00768	0.00478	0.00457	0.00866	0.01330	0.01713	0.30126	0.11255	0.45969	0.01316	0.00648	0.00183	0.00273	0.01128	0.00539	0.00478
6	0.00752	0.00556	0.00701	0.00665	0.00802	0.00506	0.00499	0.00990	0.01496	0.02074	0.65896	0.04257	0.16470	0.01156	0.00643	0.00173	0.00260	0.01012	0.00585	0.00506
7	0.01175	0.00875	0.00979	0.00889	0.01121	0.00946	0.00686	0.02067	0.38707	0.05981	0.26978	0.02700	0.02768	0.00848	0.00562	0.00173	0.00354	0.00722	0.10762	0.00707
8	0.01093	0.02820	0.78016	0.01554	0.02360	0.01266	0.02014	0.01727	0.01151	0.01727	0.00978	0.01151	0.00691	0.00518	0.00518	0.00173	0.00806	0.00403	0.00230	0.00806
