[name]
unknown

[dist]
# distance from previous block
# <min> <max>
0	175

[block]
# block no. 0 follows, 46 sequences, length 6
# corresponding to MSA columns:
# 288-293
name=unknown_A
#
# <colnr> <probs for GDERKNQSTAVLIFYWHMCP>
#	G	D	E	R	K	N	Q	S	T	A	V	L	I	F	Y	W	H	M	C	P
0	0.04232	0.04788	0.01374	0.14651	0.01721	0.06682	0.04823	0.01676	0.07366	0.15643	0.04040	0.07084	0.01553	0.03098	0.00735	0.00194	0.08404	0.10889	0.00407	0.00642
1	0.01061	0.00873	0.01102	0.04648	0.04459	0.03558	0.02831	0.05637	0.11899	0.03621	0.29385	0.04521	0.04798	0.01060	0.03848	0.00206	0.04758	0.08655	0.00474	0.02604
2	0.00780	0.00536	0.00675	0.00674	0.00798	0.00484	0.00492	0.00961	0.01309	0.05704	0.39501	0.25163	0.18416	0.01266	0.00633	0.00182	0.00279	0.01115	0.00543	0.00490
3	0.00875	0.00710	0.01054	0.00982	0.01084	0.00791	0.06212	0.04857	0.01005	0.01399	0.01798	0.28827	0.01939	0.06004	0.26769	0.03030	0.10933	0.00878	0.00359	0.00496
4	0.00736	0.00543	0.00703	0.00671	0.00798	0.00510	0.00506	0.00966	0.01395	0.01949	0.61770	0.03872	0.12513	0.01418	0.09071	0.00241	0.00377	0.00932	0.00540	0.00490
5	0.06374	0.01701	0.01579	0.01499	0.09747	0.28022	0.01092	0.19503	0.01491	0.01881	0.00908	0.01114	0.00747	0.00653	0.00810	0.00170	0.21275	0.00415	0.00325	0.00694

[dist]
# distance from previous block
# <min> <max>
0	2

[block]
# block no. 1 follows, 46 sequences, length 20
# corresponding to MSA columns:
# 296-315
name=unknown_B
#
# <colnr> <probs for GDERKNQSTAVLIFYWHMCP>
#	G	D	E	R	K	N	Q	S	T	A	V	L	I	F	Y	W	H	M	C	P
0	0.01018	0.01055	0.08621	0.16250	0.07361	0.00892	0.00989	0.01419	0.08781	0.01624	0.01569	0.14411	0.03484	0.00733	0.00516	0.00152	0.00495	0.03116	0.00348	0.27165
1	0.01397	0.12012	0.01679	0.28075	0.10189	0.12431	0.01151	0.14683	0.01401	0.01784	0.02522	0.01332	0.00885	0.00552	0.00484	0.00152	0.00644	0.00439	0.07513	0.00674
2	0.01220	0.01435	0.07935	0.01918	0.02446	0.01247	0.56512	0.01717	0.06110	0.01729	0.01114	0.01397	0.00843	0.00460	0.00580	0.00165	0.00789	0.00566	0.00288	0.11528
3	0.01222	0.01290	0.10812	0.19031	0.19705	0.01194	0.05886	0.12183	0.08867	0.01863	0.01383	0.11641	0.01214	0.00686	0.00550	0.00174	0.00610	0.00617	0.00346	0.00724
4	0.58246	0.01260	0.01134	0.01274	0.16001	0.11252	0.00833	0.01639	0.01035	0.02109	0.00796	0.00958	0.00638	0.00494	0.00384	0.00159	0.00521	0.00329	0.00307	0.00629
5	0.01866	0.02338	0.01514	0.01365	0.01601	0.68949	0.01039	0.01999	0.01406	0.01291	0.00801	0.00980	0.00683	0.00595	0.00644	0.00149	0.11546	0.00357	0.00267	0.00608
6	0.09672	0.00984	0.01162	0.11025	0.01565	0.00886	0.00761	0.05913	0.02915	0.03778	0.00995	0.01161	0.00791	0.00448	0.00418	0.00109	0.00447	0.00352	0.00331	0.56287
7	0.00708	0.00527	0.00669	0.00727	0.00831	0.00487	0.00551	0.00878	0.01208	0.01592	0.20512	0.30859	0.19903	0.01414	0.00664	0.00202	0.00324	0.16972	0.00511	0.00461
8	0.00665	0.00476	0.00632	0.00722	0.00771	0.00443	0.00492	0.00788	0.01108	0.01502	0.17727	0.65828	0.03791	0.01542	0.00665	0.00205	0.00295	0.01395	0.00509	0.00443
9	0.03431	0.03603	0.03821	0.06336	0.28540	0.05627	0.06445	0.17014	0.02405	0.01951	0.00998	0.01247	0.00804	0.00579	0.00695	0.00167	0.12484	0.00460	0.00316	0.03076
10	0.01316	0.02436	0.01193	0.01084	0.02884	0.11038	0.00821	0.03974	0.01140	0.14111	0.01670	0.23403	0.01678	0.05915	0.04823	0.00244	0.20516	0.00765	0.00396	0.00593
11	0.00862	0.00643	0.00767	0.00758	0.00905	0.00624	0.00574	0.10574	0.01385	0.01835	0.21696	0.27061	0.20446	0.01291	0.00637	0.00190	0.00337	0.08379	0.00518	0.00516
12	0.01232	0.01306	0.03809	0.29806	0.13881	0.11601	0.05480	0.01559	0.03702	0.01496	0.00953	0.01277	0.00766	0.00550	0.00643	0.00162	0.09604	0.00443	0.00265	0.11467
13	0.01985	0.02223	0.01523	0.01320	0.01636	0.57110	0.01017	0.23325	0.01780	0.01876	0.00946	0.01044	0.00743	0.00570	0.00492	0.00143	0.00847	0.00379	0.00346	0.00695
14	0.00718	0.00529	0.00672	0.00657	0.00777	0.00483	0.00485	0.00932	0.01395	0.01929	0.58543	0.14026	0.14512	0.01189	0.00630	0.00174	0.00259	0.01048	0.00558	0.00483
15	0.10861	0.00942	0.01170	0.05771	0.11199	0.00866	0.00795	0.05103	0.01186	0.05429	0.03446	0.07337	0.06421	0.00621	0.00465	0.00131	0.00436	0.00517	0.00363	0.36942
16	0.00841	0.00615	0.00821	0.00791	0.00934	0.00588	0.02144	0.00985	0.02764	0.01374	0.02092	0.15305	0.08877	0.07446	0.15857	0.12780	0.00598	0.10252	0.02557	0.12379
17	0.01185	0.01592	0.29330	0.11615	0.12188	0.01053	0.06104	0.01622	0.03764	0.10073	0.03510	0.01897	0.10861	0.00645	0.00537	0.00168	0.00620	0.00557	0.01958	0.00719
18	0.00823	0.00634	0.00866	0.01003	0.10690	0.00644	0.00607	0.00952	0.01007	0.01384	0.14341	0.08460	0.07976	0.32628	0.13451	0.00409	0.02491	0.00800	0.00372	0.00462
19	0.01468	0.03387	0.07479	0.16868	0.12887	0.12366	0.01208	0.22674	0.04043	0.02068	0.06698	0.01611	0.01191	0.00626	0.00528	0.00162	0.00647	0.02988	0.00369	0.00730

[dist]
# distance from previous block
# <min> <max>
0	1

[block]
# block no. 2 follows, 46 sequences, length 10
# corresponding to MSA columns:
# 317-326
name=unknown_C
#
# <colnr> <probs for GDERKNQSTAVLIFYWHMCP>
#	G	D	E	R	K	N	Q	S	T	A	V	L	I	F	Y	W	H	M	C	P
0	0.29560	0.26990	0.01696	0.04823	0.07972	0.01416	0.04198	0.01544	0.03802	0.01767	0.01164	0.01291	0.06036	0.00538	0.00403	0.00145	0.00503	0.00395	0.00300	0.05459
1	0.06532	0.00564	0.00667	0.00733	0.00856	0.00536	0.00565	0.00903	0.01133	0.01531	0.05964	0.30119	0.25796	0.01409	0.00649	0.00206	0.00348	0.20547	0.00481	0.00462
2	0.06870	0.00783	0.00883	0.00793	0.01008	0.00801	0.00613	0.10072	0.12552	0.06364	0.32886	0.08504	0.13805	0.00988	0.00578	0.00172	0.00341	0.00839	0.00536	0.00610
3	0.01329	0.00956	0.01133	0.00831	0.01275	0.00772	0.00669	0.06772	0.01270	0.12876	0.04289	0.01327	0.01040	0.00475	0.00431	0.00100	0.00407	0.00382	0.00388	0.63276
4	0.01413	0.81739	0.02770	0.00905	0.01357	0.02092	0.00905	0.01583	0.01074	0.01244	0.00735	0.00848	0.00678	0.00452	0.00339	0.00113	0.00565	0.00283	0.00226	0.00678
5	0.00759	0.00551	0.00772	0.00772	0.00839	0.00618	0.00564	0.00894	0.00827	0.01169	0.01487	0.02472	0.01493	0.26102	0.57423	0.00753	0.01158	0.00624	0.00294	0.00429
6	0.00793	0.00687	0.04016	0.00802	0.00973	0.00594	0.02851	0.01089	0.04542	0.01863	0.42496	0.09687	0.13408	0.01158	0.00636	0.00185	0.00342	0.12839	0.00522	0.00517
7	0.00768	0.00547	0.00719	0.00805	0.00904	0.00527	0.00640	0.00953	0.01166	0.01552	0.09812	0.25647	0.10247	0.04188	0.00747	0.00226	0.00386	0.35456	0.04245	0.00463
8	0.54651	0.03410	0.05482	0.00882	0.01238	0.09393	0.00757	0.10396	0.01181	0.04680	0.00889	0.01036	0.00693	0.02855	0.00452	0.00169	0.00516	0.00342	0.00347	0.00633
9	0.03535	0.16472	0.17697	0.06541	0.01720	0.05015	0.01098	0.08012	0.07105	0.11751	0.01162	0.01236	0.00866	0.00525	0.00458	0.00141	0.00580	0.00399	0.00351	0.15340

[dist]
# distance from previous block
# <min> <max>
0	13

[block]
# block no. 3 follows, 46 sequences, length 26
# corresponding to MSA columns:
# 340-365
name=unknown_D
#
# <colnr> <probs for GDERKNQSTAVLIFYWHMCP>
#	G	D	E	R	K	N	Q	S	T	A	V	L	I	F	Y	W	H	M	C	P
0	0.02644	0.00785	0.00925	0.13306	0.01369	0.02142	0.00712	0.02779	0.14362	0.07856	0.03697	0.07546	0.14059	0.00821	0.00532	0.00164	0.01856	0.00680	0.23164	0.00600
1	0.03519	0.00562	0.00605	0.00564	0.00729	0.00549	0.00434	0.01399	0.01174	0.11667	0.05756	0.02022	0.01519	0.00642	0.00402	0.00132	0.00277	0.00516	0.66986	0.00547
2	0.03457	0.00756	0.00997	0.00818	0.01111	0.00671	0.00655	0.01915	0.01467	0.46256	0.27018	0.03820	0.05205	0.00829	0.00559	0.00165	0.00370	0.00700	0.02501	0.00729
3	0.00710	0.00491	0.00606	0.00664	0.00725	0.00467	0.00449	0.00825	0.01040	0.01432	0.09763	0.42362	0.10709	0.14696	0.04183	0.00273	0.00371	0.01154	0.08652	0.00428
4	0.00765	0.00518	0.00605	0.00598	0.00621	0.00514	0.00358	0.00811	0.00891	0.01210	0.14202	0.03506	0.02412	0.66257	0.04266	0.00464	0.00492	0.00795	0.00362	0.00354
5	0.00727	0.00559	0.00760	0.13759	0.01224	0.00564	0.00630	0.00889	0.01091	0.01454	0.08188	0.45316	0.15225	0.01316	0.00621	0.00194	0.00358	0.01170	0.05489	0.00467
6	0.01854	0.14771	0.06409	0.01182	0.01632	0.01689	0.01045	0.59565	0.02171	0.02888	0.01162	0.01191	0.00849	0.00597	0.00496	0.00152	0.00591	0.00439	0.00461	0.00856
7	0.00718	0.00533	0.00638	0.00650	0.00773	0.00487	0.00481	0.00915	0.02347	0.01712	0.31490	0.18764	0.26292	0.02786	0.00664	0.00187	0.00285	0.04823	0.04985	0.00470
8	0.01308	0.01230	0.01830	0.40080	0.17944	0.05971	0.08138	0.13832	0.01365	0.01779	0.01009	0.01340	0.00770	0.00528	0.00533	0.00167	0.00701	0.00477	0.00294	0.00701
9	0.00865	0.13926	0.01137	0.00830	0.00974	0.00881	0.00665	0.01031	0.00878	0.01209	0.01330	0.02019	0.01278	0.11470	0.58323	0.00693	0.01182	0.00541	0.00278	0.00490
10	0.01091	0.01059	0.01493	0.01299	0.01315	0.01461	0.01075	0.01218	0.00816	0.01265	0.00813	0.01308	0.00797	0.01426	0.14510	0.00333	0.67440	0.00480	0.00240	0.00561
11	0.00948	0.00808	0.03545	0.00979	0.04041	0.03502	0.00720	0.02723	0.13637	0.03570	0.02441	0.41395	0.02638	0.05257	0.00735	0.00219	0.00421	0.11400	0.00469	0.00555
12	0.00771	0.00615	0.00914	0.05085	0.13646	0.00602	0.00726	0.00913	0.01046	0.01412	0.02500	0.63994	0.02920	0.01405	0.00643	0.00203	0.00379	0.01282	0.00440	0.00504
13	0.01165	0.01162	0.01568	0.14449	0.08124	0.06088	0.01180	0.01382	0.03299	0.01345	0.00877	0.01334	0.00801	0.03046	0.05565	0.00250	0.47040	0.00475	0.00252	0.00599
14	0.08885	0.01152	0.01120	0.00854	0.01282	0.10764	0.00675	0.01477	0.02455	0.01736	0.00927	0.01072	0.00765	0.00426	0.00399	0.00095	0.00465	0.00319	0.00313	0.64819
15	0.06333	0.11170	0.14443	0.07149	0.01857	0.11349	0.08902	0.08952	0.10973	0.01776	0.01132	0.02898	0.00918	0.00614	0.00614	0.00167	0.08207	0.01523	0.00321	0.00702
16	0.00825	0.00953	0.13703	0.00984	0.01187	0.00802	0.00898	0.01081	0.00892	0.01303	0.01303	0.01873	0.01183	0.03244	0.62502	0.00707	0.05229	0.00532	0.00271	0.00528
17	0.00726	0.00513	0.00631	0.00674	0.00779	0.00460	0.00477	0.00861	0.01169	0.04635	0.15936	0.42778	0.25565	0.01427	0.00646	0.00194	0.00292	0.01259	0.00512	0.00465
18	0.04178	0.06432	0.15132	0.01377	0.12016	0.01108	0.05551	0.02806	0.07921	0.01578	0.03815	0.02010	0.05187	0.15970	0.05919	0.00277	0.07209	0.00568	0.00317	0.00630
19	0.04318	0.03124	0.16732	0.15717	0.11884	0.09111	0.04326	0.21030	0.01499	0.02028	0.01026	0.01234	0.00775	0.00551	0.00539	0.00162	0.02757	0.00440	0.02002	0.00745
20	0.01017	0.00929	0.01542	0.56459	0.13541	0.01093	0.01388	0.01346	0.01104	0.01441	0.01253	0.02145	0.01108	0.00674	0.00561	0.00185	0.00658	0.12670	0.00280	0.00605
21	0.00765	0.00624	0.00802	0.00800	0.00891	0.00661	0.00613	0.00919	0.01150	0.01545	0.19479	0.25571	0.21681	0.01314	0.00831	0.00201	0.13497	0.07710	0.00468	0.00478
22	0.05737	0.06103	0.03071	0.17674	0.06683	0.04857	0.16000	0.13811	0.02563	0.12928	0.01166	0.01351	0.00854	0.00559	0.00579	0.00167	0.04317	0.00484	0.00361	0.00735
23	0.04612	0.01740	0.30763	0.20537	0.14952	0.01249	0.04132	0.10002	0.01270	0.01819	0.01043	0.01386	0.00806	0.00546	0.00519	0.00169	0.00695	0.02742	0.00281	0.00737
24	0.00753	0.00514	0.00670	0.00713	0.00803	0.00472	0.00508	0.00908	0.01210	0.04767	0.27400	0.44851	0.09575	0.01399	0.00650	0.00195	0.00296	0.03314	0.00527	0.00474
25	0.08976	0.04025	0.01674	0.27524	0.16735	0.06474	0.03010	0.18567	0.04541	0.02000	0.01044	0.01283	0.00799	0.00543	0.00502	0.00163	0.00640	0.00449	0.00330	0.00722

[dist]
# distance from previous block
# <min> <max>
1	31

[block]
# block no. 4 follows, 46 sequences, length 13
# corresponding to MSA columns:
# 397-409
name=unknown_E
#
# <colnr> <probs for GDERKNQSTAVLIFYWHMCP>
#	G	D	E	R	K	N	Q	S	T	A	V	L	I	F	Y	W	H	M	C	P
0	0.00863	0.00577	0.00771	0.00746	0.00837	0.00611	0.00542	0.02605	0.00960	0.04839	0.08518	0.02712	0.05461	0.24519	0.37677	0.05401	0.00891	0.00674	0.00350	0.00447
1	0.01149	0.11888	0.01755	0.27982	0.22501	0.01198	0.03352	0.01478	0.03629	0.04052	0.10746	0.01829	0.05027	0.00618	0.00521	0.00161	0.00576	0.00547	0.00320	0.00670
2	0.00854	0.00699	0.00781	0.00787	0.00922	0.03924	0.00569	0.02580	0.10922	0.01682	0.18643	0.40084	0.08970	0.01263	0.00618	0.00186	0.00342	0.01116	0.00499	0.04560
3	0.01250	0.01167	0.01961	0.36840	0.25522	0.01278	0.11584	0.10772	0.01304	0.01755	0.01014	0.01364	0.00782	0.00513	0.00540	0.00169	0.00692	0.00492	0.00284	0.00718
4	0.00804	0.00545	0.00699	0.00677	0.00807	0.00496	0.00501	0.01010	0.01379	0.06042	0.52300	0.17355	0.13013	0.01188	0.00628	0.00176	0.00272	0.01047	0.00559	0.00502
5	0.00693	0.00505	0.00630	0.00663	0.00744	0.00466	0.00460	0.00834	0.01178	0.01588	0.29170	0.33848	0.14380	0.11294	0.00900	0.00230	0.00307	0.01167	0.00501	0.00442
6	0.00666	0.00478	0.00621	0.00707	0.00756	0.00445	0.00477	0.00777	0.01074	0.01442	0.13678	0.61821	0.06750	0.06689	0.00795	0.00225	0.00310	0.01361	0.00493	0.00433
7	0.00831	0.00499	0.00559	0.00577	0.00688	0.00475	0.00420	0.01033	0.01166	0.01803	0.15294	0.18830	0.11786	0.00995	0.00506	0.00156	0.00262	0.00854	0.42789	0.00475
8	0.00852	0.00741	0.01040	0.00960	0.01028	0.00853	0.04756	0.00970	0.00967	0.01334	0.05324	0.26361	0.11500	0.13543	0.03790	0.00277	0.23915	0.00938	0.00374	0.00478
9	0.00934	0.00574	0.00759	0.00708	0.00856	0.00524	0.00532	0.01159	0.01438	0.11381	0.59279	0.13241	0.04353	0.01100	0.00619	0.00172	0.00281	0.00972	0.00580	0.00539
10	0.11777	0.61863	0.02330	0.00900	0.01318	0.01884	0.00855	0.01730	0.10376	0.01502	0.00909	0.00987	0.00780	0.00490	0.00362	0.00127	0.00528	0.00322	0.00277	0.00685
11	0.01041	0.03726	0.01140	0.14571	0.06050	0.00774	0.03212	0.01294	0.01330	0.10735	0.33612	0.04568	0.11920	0.00909	0.00584	0.00170	0.00416	0.02888	0.00473	0.00587
12	0.05923	0.35712	0.19457	0.01079	0.01600	0.01494	0.04189	0.03484	0.01160	0.08736	0.00964	0.01066	0.00754	0.00480	0.00417	0.00132	0.00585	0.00353	0.00292	0.12124

[dist]
# distance from previous block
# <min> <max>
0	1

[block]
# block no. 5 follows, 46 sequences, length 14
# corresponding to MSA columns:
# 411-424
name=unknown_F
#
# <colnr> <probs for GDERKNQSTAVLIFYWHMCP>
#	G	D	E	R	K	N	Q	S	T	A	V	L	I	F	Y	W	H	M	C	P
0	0.01509	0.53316	0.02256	0.01031	0.01406	0.22286	0.00930	0.01677	0.01199	0.01288	0.00949	0.01352	0.00899	0.00571	0.00412	0.00131	0.00660	0.07220	0.00263	0.00643
1	0.01663	0.04774	0.01313	0.01131	0.01379	0.48812	0.00865	0.04563	0.01431	0.04878	0.08571	0.01476	0.01253	0.00880	0.06731	0.00196	0.00805	0.00444	0.08233	0.00605
2	0.01529	0.05308	0.23930	0.01314	0.04435	0.01166	0.07166	0.07426	0.13917	0.21525	0.05760	0.01621	0.01264	0.00611	0.00527	0.00166	0.00586	0.00515	0.00432	0.00805
3	0.01432	0.01317	0.05839	0.01253	0.09130	0.10281	0.00936	0.21105	0.12190	0.05633	0.12276	0.02234	0.11460	0.01835	0.00576	0.00168	0.00527	0.00626	0.00460	0.00723
4	0.01633	0.01086	0.05803	0.00992	0.01367	0.00971	0.00850	0.09003	0.07574	0.29723	0.04912	0.01733	0.04422	0.00664	0.00625	0.00153	0.08294	0.00511	0.00481	0.19201
5	0.00718	0.00571	0.00870	0.00862	0.00963	0.00530	0.07911	0.00871	0.01118	0.01504	0.14268	0.57893	0.07004	0.01435	0.00660	0.00202	0.00353	0.01315	0.00483	0.00469
6	0.01204	0.01321	0.08789	0.11577	0.09391	0.08783	0.10897	0.08945	0.01264	0.01662	0.01447	0.16937	0.01417	0.00834	0.00695	0.00185	0.08734	0.04937	0.00338	0.00643
7	0.01054	0.09607	0.36174	0.01415	0.06325	0.01157	0.08760	0.01467	0.01167	0.01651	0.11897	0.01964	0.03147	0.02420	0.02354	0.00191	0.03477	0.04789	0.00305	0.00681
8	0.00660	0.00499	0.00612	0.00682	0.00772	0.00451	0.00485	0.00788	0.01128	0.01459	0.10631	0.46503	0.26206	0.01495	0.00658	0.00201	0.00300	0.05528	0.00499	0.00444
9	0.01831	0.02052	0.01418	0.01255	0.01547	0.51660	0.00960	0.13494	0.13407	0.01779	0.01136	0.01207	0.00891	0.00589	0.00489	0.00146	0.00781	0.00408	0.04265	0.00686
10	0.01250	0.00980	0.01443	0.24137	0.20441	0.01060	0.01134	0.05945	0.10508	0.08925	0.05807	0.07213	0.03265	0.00688	0.00538	0.00169	0.00534	0.00607	0.04654	0.00701
11	0.00911	0.07068	0.06216	0.01023	0.08159	0.00760	0.00738	0.01145	0.04284	0.04336	0.11413	0.31905	0.08924	0.08095	0.00777	0.00212	0.00410	0.02640	0.00435	0.00546
12	0.08204	0.00849	0.01047	0.00844	0.01180	0.00796	0.00686	0.03922	0.05547	0.50600	0.03335	0.01800	0.01339	0.00646	0.00487	0.00157	0.00405	0.00516	0.16855	0.00785
13	0.00795	0.00570	0.00708	0.00712	0.00825	0.00544	0.00522	0.05245	0.01327	0.01828	0.35324	0.27526	0.09729	0.04129	0.00702	0.00196	0.00308	0.04508	0.04013	0.00489

[dist]
# distance from previous block
# <min> <max>
0	3

[block]
# block no. 6 follows, 46 sequences, length 28
# corresponding to MSA columns:
# 428-455
name=unknown_G
#
# <colnr> <probs for GDERKNQSTAVLIFYWHMCP>
#	G	D	E	R	K	N	Q	S	T	A	V	L	I	F	Y	W	H	M	C	P
0	0.02301	0.01012	0.03748	0.12793	0.13794	0.03365	0.06562	0.02569	0.05393	0.11401	0.04304	0.15996	0.01626	0.08402	0.00816	0.00211	0.03961	0.00718	0.00384	0.00644
1	0.07186	0.01508	0.08263	0.01254	0.01605	0.16484	0.10694	0.15797	0.01489	0.08559	0.05502	0.01673	0.01200	0.00752	0.02943	0.00185	0.04662	0.04129	0.05425	0.00691
2	0.24565	0.15795	0.18697	0.01218	0.01676	0.19222	0.08703	0.01727	0.01150	0.01707	0.00835	0.00993	0.00660	0.00494	0.00432	0.00151	0.00691	0.00355	0.00268	0.00660
3	0.00842	0.00569	0.00653	0.00667	0.00731	0.00585	0.00444	0.01065	0.08594	0.01386	0.01980	0.16261	0.02097	0.40466	0.04055	0.00363	0.00452	0.04228	0.14129	0.00431
4	0.01422	0.01204	0.01227	0.01066	0.01364	0.05457	0.00835	0.17763	0.47918	0.02362	0.10164	0.02017	0.01791	0.02271	0.00583	0.00178	0.00464	0.00601	0.00522	0.00791
5	0.00773	0.00502	0.00665	0.00745	0.00806	0.00469	0.00514	0.00883	0.01065	0.06023	0.07297	0.62437	0.03322	0.07168	0.00808	0.00231	0.00335	0.05006	0.00494	0.00457
6	0.00666	0.00511	0.00602	0.00632	0.00742	0.00456	0.00449	0.00806	0.01187	0.01540	0.20819	0.29452	0.33441	0.05325	0.00742	0.00204	0.00288	0.01188	0.00503	0.00447
7	0.00660	0.00475	0.00593	0.00688	0.00749	0.00436	0.00469	0.00768	0.01051	0.01398	0.03266	0.63658	0.16122	0.01544	0.00649	0.00203	0.00297	0.01380	0.05159	0.00436
8	0.09256	0.00854	0.01030	0.00828	0.01158	0.00811	0.00674	0.08140	0.01436	0.46273	0.01809	0.01717	0.01223	0.00629	0.00472	0.00153	0.00405	0.00496	0.21869	0.00768
9	0.00959	0.00794	0.08685	0.00867	0.00946	0.00710	0.00704	0.00878	0.00754	0.01052	0.00930	0.01595	0.00916	0.05999	0.01895	0.59060	0.12211	0.00470	0.00234	0.00341
10	0.05996	0.01405	0.01487	0.01169	0.01569	0.01568	0.00958	0.61444	0.13815	0.03113	0.01378	0.01356	0.00992	0.00640	0.00520	0.00162	0.00548	0.00485	0.00520	0.00873
11	0.01142	0.03331	0.14884	0.00989	0.01289	0.02260	0.04781	0.02731	0.02387	0.09134	0.06718	0.10757	0.01477	0.01078	0.00989	0.25235	0.00513	0.00598	0.00348	0.09359
12	0.01126	0.01459	0.23868	0.09312	0.15899	0.01015	0.09487	0.01486	0.01155	0.07522	0.01599	0.16638	0.04250	0.00754	0.00560	0.00175	0.00616	0.00687	0.00332	0.02060
13	0.01060	0.02735	0.78682	0.01507	0.02288	0.01228	0.01953	0.01674	0.01116	0.01674	0.00949	0.01116	0.00670	0.00502	0.00502	0.00167	0.00781	0.00391	0.00223	0.00781
14	0.03746	0.00759	0.00979	0.00802	0.01101	0.00682	0.00644	0.02019	0.01393	0.48937	0.10782	0.05082	0.01811	0.00730	0.00509	0.00157	0.00378	0.00604	0.18142	0.00743
15	0.02208	0.00863	0.01174	0.00913	0.01293	0.00749	0.00749	0.02417	0.01511	0.70787	0.09726	0.02016	0.01680	0.00697	0.00541	0.00164	0.00430	0.00574	0.00647	0.00859
16	0.01079	0.00997	0.01646	0.71504	0.03465	0.01214	0.04397	0.06646	0.01165	0.01504	0.00968	0.01400	0.00722	0.00533	0.00532	0.00175	0.00703	0.00476	0.00257	0.00614
17	0.00764	0.00548	0.00817	0.00825	0.00906	0.00624	0.00629	0.00904	0.00845	0.01205	0.01470	0.07528	0.01432	0.03590	0.66059	0.09254	0.01242	0.00621	0.00292	0.00445
18	0.00646	0.00482	0.00602	0.00688	0.00757	0.00437	0.00472	0.00757	0.01084	0.01413	0.07956	0.59704	0.19974	0.01552	0.00661	0.00204	0.00295	0.01385	0.00496	0.00437
19	0.01125	0.02719	0.73247	0.01497	0.02242	0.06725	0.01888	0.01705	0.01143	0.01647	0.00939	0.01105	0.00670	0.00505	0.00500	0.00165	0.00793	0.00387	0.00227	0.00769
20	0.06067	0.01101	0.01144	0.00996	0.01295	0.01250	0.00786	0.16639	0.47435	0.02400	0.01841	0.01775	0.01381	0.00674	0.00500	0.00166	0.00424	0.00542	0.12801	0.00784
21	0.00729	0.00510	0.00622	0.00650	0.00683	0.00511	0.00414	0.00786	0.00866	0.01156	0.02170	0.20865	0.07540	0.46486	0.13290	0.00471	0.00581	0.00929	0.00365	0.00376
22	0.01308	0.01256	0.02146	0.03245	0.78123	0.01256	0.01622	0.01622	0.01204	0.01727	0.00994	0.01308	0.00837	0.00471	0.00523	0.00157	0.00628	0.00471	0.00262	0.00837
23	0.01923	0.00921	0.01128	0.00911	0.01250	0.03207	0.00734	0.10034	0.01546	0.50217	0.06404	0.08345	0.09338	0.00819	0.00555	0.00168	0.00439	0.00677	0.00596	0.00787
24	0.00785	0.00596	0.00885	0.02685	0.03916	0.00672	0.00692	0.00966	0.00888	0.01257	0.01541	0.04846	0.01513	0.10232	0.60768	0.00723	0.01202	0.05056	0.00303	0.00475
25	0.01110	0.13792	0.68058	0.01422	0.02158	0.01349	0.01806	0.01661	0.01110	0.01614	0.00919	0.01079	0.00671	0.00495	0.00479	0.00160	0.00751	0.00376	0.00224	0.00767
26	0.18024	0.01678	0.01510	0.09690	0.05543	0.32524	0.07262	0.01878	0.08851	0.01657	0.00970	0.01155	0.00774	0.00562	0.00554	0.00161	0.05854	0.00407	0.00302	0.00642
27	0.01451	0.01420	0.01896	0.11446	0.49138	0.15090	0.01433	0.01725	0.01246	0.06209	0.01013	0.01282	0.00819	0.00515	0.00553	0.00158	0.03107	0.00451	0.00283	0.00765

[dist]
# distance from previous block
# <min> <max>
0	2

[block]
# block no. 7 follows, 46 sequences, length 6
# corresponding to MSA columns:
# 458-463
name=unknown_H
#
# <colnr> <probs for GDERKNQSTAVLIFYWHMCP>
#	G	D	E	R	K	N	Q	S	T	A	V	L	I	F	Y	W	H	M	C	P
0	0.11431	0.21255	0.01651	0.00962	0.01389	0.01425	0.00829	0.26599	0.01569	0.08994	0.01076	0.01126	0.00817	0.00523	0.00429	0.00131	0.00506	0.00376	0.00395	0.18515
1	0.01923	0.00926	0.01156	0.00906	0.01285	0.00847	0.00738	0.08393	0.07544	0.48252	0.02092	0.01917	0.06374	0.00671	0.00514	0.00154	0.00429	0.00544	0.04823	0.10513
2	0.04474	0.07023	0.09680	0.04033	0.07916	0.01392	0.05142	0.19768	0.26131	0.06813	0.01470	0.01485	0.01087	0.00604	0.00513	0.00165	0.00559	0.00497	0.00433	0.00814
3	0.01112	0.00677	0.00798	0.00756	0.00944	0.00652	0.00587	0.09860	0.01347	0.11964	0.05444	0.20106	0.18886	0.01114	0.00579	0.00179	0.00356	0.08992	0.15075	0.00569
4	0.00625	0.00536	0.00536	0.00536	0.00714	0.00446	0.00402	0.00759	0.01205	0.01428	0.05355	0.05088	0.77909	0.01339	0.00625	0.00179	0.00268	0.01116	0.00491	0.00446
5	0.01265	0.01355	0.08278	0.06502	0.30411	0.01246	0.21852	0.06840	0.06381	0.01824	0.01260	0.01772	0.01053	0.00582	0.00569	0.00174	0.00687	0.06874	0.00315	0.00760

[dist]
# distance from previous block
# <min> <max>
0	20

[block]
# block no. 8 follows, 46 sequences, length 7
# corresponding to MSA columns:
# 484-490
name=unknown_I
#
# <colnr> <probs for GDERKNQSTAVLIFYWHMCP>
#	G	D	E	R	K	N	Q	S	T	A	V	L	I	F	Y	W	H	M	C	P
0	0.01286	0.05809	0.35670	0.05283	0.24163	0.01192	0.01566	0.01710	0.01177	0.09665	0.01069	0.01241	0.00795	0.00500	0.00497	0.00155	0.00660	0.00421	0.00286	0.06854
1	0.01165	0.01095	0.01758	0.22859	0.39549	0.01211	0.01390	0.01555	0.07569	0.01601	0.01193	0.07262	0.01052	0.00635	0.00645	0.00175	0.07716	0.00557	0.00292	0.00719
2	0.00930	0.01295	0.22798	0.01145	0.04386	0.00858	0.06441	0.01393	0.08055	0.01870	0.32218	0.06809	0.07883	0.00865	0.00581	0.00172	0.00479	0.00763	0.00432	0.00629
3	0.01242	0.18385	0.34832	0.07299	0.06553	0.01479	0.06327	0.07753	0.01202	0.01667	0.00918	0.01130	0.00714	0.00537	0.00592	0.00162	0.07808	0.00408	0.00256	0.00736
4	0.07527	0.04152	0.08058	0.01590	0.20337	0.06716	0.01097	0.09262	0.15244	0.09083	0.05150	0.01515	0.01194	0.00587	0.00497	0.00156	0.00549	0.00481	0.01904	0.04901
5	0.09323	0.22455	0.11263	0.01111	0.01511	0.16234	0.01019	0.05638	0.13552	0.08234	0.01146	0.01198	0.00884	0.00567	0.00497	0.00151	0.03755	0.00396	0.00346	0.00720
6	0.00801	0.00603	0.00746	0.00722	0.00776	0.00633	0.00489	0.00868	0.00862	0.01188	0.01867	0.15526	0.05415	0.43590	0.09864	0.00427	0.08431	0.00822	0.00343	0.06027

[dist]
# distance from previous block
# <min> <max>
0	2

[block]
# block no. 9 follows, 46 sequences, length 9
# corresponding to MSA columns:
# 493-501
name=unknown_J
#
# <colnr> <probs for GDERKNQSTAVLIFYWHMCP>
#	G	D	E	R	K	N	Q	S	T	A	V	L	I	F	Y	W	H	M	C	P
0	0.01212	0.01325	0.04944	0.16934	0.20742	0.01283	0.39065	0.01658	0.04337	0.01658	0.01068	0.01408	0.00822	0.00480	0.00575	0.00173	0.00771	0.00550	0.00270	0.00726
1	0.01359	0.00662	0.00890	0.00805	0.01015	0.00593	0.00620	0.01548	0.01359	0.31791	0.24590	0.24400	0.03060	0.01087	0.00606	0.00182	0.00353	0.03863	0.00581	0.00636
2	0.01668	0.01440	0.05604	0.01133	0.01473	0.21063	0.05485	0.07511	0.07644	0.21887	0.06357	0.02154	0.09515	0.00742	0.00546	0.00164	0.00602	0.03838	0.00461	0.00713
3	0.06661	0.51810	0.02239	0.04531	0.01501	0.19322	0.00933	0.01744	0.04519	0.01372	0.00825	0.00947	0.00715	0.00491	0.00387	0.00127	0.00643	0.00318	0.00257	0.00660
4	0.09008	0.00629	0.00742	0.00678	0.00843	0.00602	0.00503	0.01237	0.01261	0.13222	0.34825	0.05627	0.07710	0.14665	0.00920	0.00224	0.00342	0.00796	0.05637	0.00529
5	0.00653	0.00472	0.00603	0.00703	0.00745	0.00438	0.00468	0.00741	0.01010	0.01329	0.03039	0.67213	0.10424	0.08460	0.00843	0.00237	0.00321	0.01403	0.00476	0.00422
6	0.13129	0.01069	0.01174	0.01073	0.03969	0.01191	0.02883	0.04275	0.47721	0.07472	0.01969	0.01878	0.04567	0.00684	0.00505	0.00172	0.00429	0.00559	0.04511	0.00769
7	0.07589	0.01237	0.04333	0.01194	0.06092	0.04711	0.00921	0.15329	0.28657	0.09080	0.07812	0.01750	0.01479	0.00688	0.00581	0.00170	0.04683	0.00540	0.02380	0.00773
8	0.06795	0.00598	0.00645	0.00618	0.00789	0.00563	0.00469	0.01033	0.04922	0.01824	0.31435	0.04013	0.36802	0.01106	0.00582	0.00169	0.00277	0.00932	0.05930	0.00496

[dist]
# distance from previous block
# <min> <max>
0	4

[block]
# block no. 10 follows, 46 sequences, length 52
# corresponding to MSA columns:
# 506-557
name=unknown_K
#
# <colnr> <probs for GDERKNQSTAVLIFYWHMCP>
#	G	D	E	R	K	N	Q	S	T	A	V	L	I	F	Y	W	H	M	C	P
0	0.07650	0.01155	0.01608	0.42825	0.18122	0.07455	0.01334	0.01515	0.03073	0.01530	0.00941	0.01300	0.00745	0.00541	0.00580	0.00169	0.05666	0.00444	0.00260	0.03087
1	0.27051	0.01249	0.01268	0.03130	0.01450	0.01362	0.00834	0.40087	0.03961	0.02752	0.01083	0.01147	0.00801	0.00560	0.00451	0.00151	0.00504	0.00401	0.00433	0.11324
2	0.00699	0.00528	0.00645	0.00638	0.00765	0.00474	0.00470	0.00893	0.01346	0.01816	0.46793	0.14901	0.25633	0.01234	0.00631	0.00176	0.00263	0.01077	0.00543	0.00474
3	0.01912	0.02387	0.01469	0.01335	0.01609	0.71831	0.01004	0.02178	0.08744	0.01382	0.00945	0.01051	0.00770	0.00561	0.00483	0.00140	0.00902	0.00365	0.00298	0.00634
4	0.01160	0.01093	0.01843	0.28804	0.46987	0.01168	0.01481	0.01481	0.01178	0.01632	0.07119	0.01553	0.01125	0.00539	0.00533	0.00164	0.00623	0.00509	0.00278	0.00727
5	0.01445	0.01243	0.01232	0.01095	0.01402	0.07529	0.00853	0.04842	0.64859	0.06330	0.02016	0.01861	0.01502	0.00698	0.00532	0.00174	0.00468	0.00570	0.00523	0.00824
6	0.01512	0.67821	0.02547	0.00985	0.01406	0.15656	0.00925	0.01676	0.01149	0.01253	0.00749	0.00867	0.00679	0.00469	0.00363	0.00117	0.00634	0.00293	0.00234	0.00667
7	0.01318	0.00739	0.00937	0.00799	0.01034	0.00699	0.00628	0.07918	0.04140	0.23191	0.46176	0.03090	0.05282	0.00919	0.00587	0.00166	0.00339	0.00790	0.00594	0.00653
8	0.03691	0.05303	0.01206	0.00972	0.02997	0.00966	0.02673	0.13473	0.07547	0.19389	0.15536	0.10152	0.08012	0.03211	0.00644	0.00180	0.02112	0.00731	0.00513	0.00691
9	0.05882	0.07600	0.01466	0.01146	0.01468	0.03422	0.07980	0.04279	0.49208	0.02056	0.03614	0.02021	0.01530	0.00706	0.00531	0.00175	0.00493	0.05191	0.00466	0.00764
10	0.00644	0.00460	0.00613	0.00736	0.00767	0.00429	0.00491	0.00736	0.01012	0.01350	0.02914	0.81076	0.03497	0.01656	0.00675	0.00215	0.00307	0.01503	0.00491	0.00429
11	0.01384	0.00928	0.01062	0.00960	0.01183	0.03553	0.00747	0.23893	0.03420	0.12287	0.02103	0.29753	0.02100	0.01142	0.00679	0.04521	0.00460	0.08674	0.00504	0.00646
12	0.06013	0.01396	0.01558	0.06330	0.12591	0.08079	0.01066	0.38830	0.05233	0.11752	0.01281	0.01331	0.00924	0.00596	0.00514	0.00159	0.00596	0.00466	0.00456	0.00827
13	0.01404	0.01480	0.06616	0.06621	0.08017	0.12193	0.15622	0.06206	0.20107	0.04475	0.03272	0.01509	0.01095	0.00618	0.00658	0.00173	0.08312	0.00523	0.00363	0.00734
14	0.00763	0.00515	0.00600	0.00605	0.00613	0.00521	0.00354	0.00782	0.00785	0.01054	0.01694	0.06319	0.01934	0.72177	0.08740	0.00528	0.00577	0.00781	0.00324	0.00337
15	0.50675	0.01092	0.01186	0.07559	0.14855	0.01213	0.00882	0.08566	0.01152	0.07137	0.00934	0.01080	0.00707	0.00514	0.00410	0.00163	0.00490	0.00367	0.00348	0.00672
16	0.01660	0.01379	0.01385	0.01156	0.01507	0.06751	0.00922	0.34568	0.39734	0.02634	0.01679	0.01599	0.01241	0.00670	0.00530	0.00167	0.00525	0.00528	0.00516	0.00848
17	0.00725	0.00522	0.00650	0.00672	0.00754	0.00490	0.00475	0.00871	0.01176	0.01591	0.30637	0.21092	0.11859	0.18928	0.01098	0.00261	0.00341	0.06937	0.00487	0.00438
18	0.14982	0.01161	0.02640	0.17638	0.23208	0.01212	0.05906	0.11716	0.01345	0.13504	0.01147	0.01330	0.00843	0.00534	0.00501	0.00165	0.00594	0.00459	0.00361	0.00753
19	0.19494	0.16005	0.01616	0.09555	0.04219	0.12039	0.02271	0.15147	0.01411	0.12043	0.01056	0.01151	0.00789	0.00541	0.00446	0.00151	0.00596	0.00391	0.00367	0.00712
20	0.00732	0.00533	0.00648	0.00680	0.00805	0.00480	0.00507	0.00892	0.01221	0.03806	0.19509	0.26664	0.30870	0.01369	0.00648	0.00193	0.00304	0.09154	0.00514	0.00470
21	0.01127	0.00629	0.00838	0.00859	0.01025	0.00603	0.00717	0.01351	0.01247	0.15460	0.05842	0.09278	0.02570	0.02265	0.00657	0.00209	0.00421	0.40802	0.13544	0.00556
22	0.02822	0.05688	0.01443	0.10547	0.03930	0.24863	0.00973	0.06917	0.16651	0.15772	0.01393	0.01427	0.01027	0.00598	0.00497	0.00155	0.00638	0.00457	0.03469	0.00731
23	0.02372	0.00900	0.01227	0.00941	0.01350	0.00777	0.00777	0.02576	0.01513	0.78489	0.02086	0.01799	0.01309	0.00654	0.00532	0.00164	0.00450	0.00532	0.00654	0.00900
24	0.01734	0.04491	0.06299	0.01130	0.01551	0.04251	0.00968	0.37266	0.16142	0.09889	0.01422	0.01397	0.01030	0.00608	0.00506	0.00153	0.00544	0.00469	0.00480	0.09671
25	0.01036	0.01031	0.10775	0.01268	0.10614	0.00828	0.02901	0.07939	0.01281	0.03938	0.06057	0.23257	0.04822	0.01072	0.00610	0.00190	0.00488	0.16775	0.00427	0.04693
26	0.09016	0.28420	0.34181	0.01187	0.01763	0.01485	0.03248	0.04578	0.01176	0.09015	0.00983	0.01083	0.00737	0.00503	0.00439	0.00149	0.00639	0.00368	0.00288	0.00742
27	0.01195	0.13723	0.59030	0.01459	0.03907	0.01330	0.04575	0.01710	0.01139	0.05805	0.00986	0.01132	0.00715	0.00501	0.00486	0.00160	0.00733	0.00394	0.00250	0.00772
28	0.00662	0.00484	0.00626	0.00725	0.00785	0.00448	0.00506	0.00778	0.01076	0.01417	0.07286	0.62472	0.12504	0.01573	0.00670	0.00210	0.00311	0.06533	0.00495	0.00439
29	0.07467	0.01158	0.01434	0.12985	0.01803	0.01242	0.05039	0.34975	0.01791	0.14548	0.03668	0.01789	0.08386	0.00680	0.00532	0.00166	0.00546	0.00552	0.00474	0.00766
30	0.05522	0.06137	0.07351	0.01003	0.01226	0.00780	0.09781	0.01153	0.01094	0.06148	0.04037	0.46866	0.02495	0.01196	0.00606	0.00194	0.00449	0.02988	0.00428	0.00547
31	0.00941	0.00515	0.00580	0.00577	0.00701	0.00501	0.00434	0.01174	0.01198	0.04016	0.18113	0.08847	0.02358	0.00828	0.00465	0.00145	0.00265	0.03181	0.54661	0.00500
32	0.01126	0.03802	0.06061	0.00881	0.01355	0.00827	0.02504	0.04222	0.01159	0.01754	0.01098	0.01309	0.02703	0.00458	0.00421	0.00097	0.00440	0.01999	0.00320	0.67465
33	0.85155	0.01022	0.00777	0.00695	0.01022	0.01186	0.00573	0.01554	0.00900	0.02372	0.00736	0.00859	0.00573	0.00491	0.00327	0.00164	0.00409	0.00286	0.00327	0.00573
34	0.00842	0.00624	0.00770	0.00797	0.00932	0.00607	0.00621	0.08117	0.01318	0.01733	0.14485	0.27263	0.17493	0.01359	0.00658	0.00203	0.00365	0.20804	0.00507	0.00503
35	0.77097	0.01014	0.00854	0.08303	0.01273	0.01185	0.00658	0.01535	0.00915	0.02274	0.00756	0.00912	0.00585	0.00494	0.00346	0.00165	0.00437	0.00304	0.00318	0.00574
36	0.17741	0.21781	0.11325	0.00981	0.01439	0.01258	0.02870	0.01927	0.01205	0.28597	0.01254	0.01245	0.00886	0.00533	0.00435	0.00147	0.00522	0.00395	0.00401	0.05058
37	0.01163	0.01067	0.01726	0.02428	0.51512	0.01084	0.02144	0.01548	0.07540	0.01740	0.09155	0.05804	0.01513	0.00950	0.08089	0.00229	0.00633	0.00595	0.00332	0.00745
38	0.09312	0.01208	0.01970	0.09149	0.64786	0.01243	0.01510	0.01594	0.01163	0.01759	0.00965	0.01273	0.00801	0.00478	0.00505	0.00159	0.00613	0.00453	0.00266	0.00792
39	0.00881	0.00563	0.00736	0.00684	0.00827	0.00517	0.00516	0.01119	0.01460	0.08124	0.65468	0.07384	0.04492	0.01057	0.00609	0.00167	0.00268	0.00931	0.03671	0.00527
40	0.01273	0.01054	0.01668	0.24228	0.19512	0.01096	0.08234	0.06476	0.05065	0.08536	0.01332	0.08805	0.01123	0.00627	0.00538	0.00164	0.00593	0.00578	0.00347	0.08751
41	0.01280	0.01346	0.04050	0.40958	0.04536	0.12363	0.13630	0.08700	0.01291	0.01608	0.01027	0.01452	0.00807	0.01375	0.00576	0.00174	0.01616	0.02285	0.00281	0.00647
42	0.00722	0.00538	0.00679	0.00753	0.00827	0.00524	0.00522	0.00970	0.08375	0.01538	0.12987	0.60958	0.05643	0.01480	0.00653	0.00204	0.00309	0.01332	0.00508	0.00478
43	0.00952	0.00775	0.01051	0.05918	0.01201	0.00918	0.00781	0.08198	0.01096	0.01531	0.06852	0.25073	0.02000	0.04448	0.16755	0.01842	0.18877	0.00834	0.00373	0.00524
44	0.03651	0.21921	0.32664	0.09590	0.03790	0.03236	0.02271	0.01585	0.01119	0.05914	0.01141	0.08772	0.00986	0.00611	0.00479	0.00158	0.00646	0.00487	0.00281	0.00698
45	0.01874	0.00968	0.01183	0.00961	0.01311	0.00954	0.00775	0.09494	0.20008	0.43201	0.09018	0.02096	0.04250	0.00729	0.00544	0.00168	0.00430	0.00601	0.00602	0.00833
46	0.00753	0.00518	0.00636	0.00669	0.00695	0.00521	0.00434	0.00811	0.00863	0.01155	0.01971	0.17269	0.02251	0.52208	0.09484	0.00466	0.00560	0.08001	0.00363	0.00370
47	0.09505	0.01550	0.01771	0.01443	0.01730	0.21798	0.18259	0.01903	0.12996	0.04472	0.01095	0.01287	0.00869	0.00631	0.00784	0.00177	0.18261	0.00474	0.00323	0.00670
48	0.01303	0.01800	0.23413	0.04946	0.22275	0.08737	0.17053	0.05791	0.04057	0.01766	0.03121	0.01343	0.00908	0.00518	0.00538	0.00164	0.00739	0.00486	0.00286	0.00759
49	0.01120	0.00989	0.01263	0.00915	0.01380	0.00789	0.06679	0.01441	0.05257	0.01747	0.01016	0.01170	0.00830	0.00414	0.00418	0.00092	0.00433	0.00354	0.00322	0.73372
50	0.00847	0.00607	0.00760	0.00823	0.06855	0.00584	0.00469	0.00885	0.00840	0.01155	0.01547	0.06156	0.01728	0.58905	0.02175	0.05700	0.00498	0.00712	0.00316	0.08436
51	0.01278	0.04004	0.01384	0.12374	0.02423	0.01182	0.04409	0.20377	0.13533	0.03100	0.08329	0.12105	0.03966	0.00853	0.00638	0.00180	0.05340	0.03400	0.00443	0.00685

[dist]
# distance from previous block
# <min> <max>
0	153

# created by:
# /home/berkeley/.conda/envs/busco_data_prod/bin/msa2prfl.pl pipeline/OGs_align_augustus/33634/163654.fs
