[name]
unknown

[dist]
# distance from previous block
# <min> <max>
0	64

[block]
# block no. 0 follows, 42 sequences, length 14
# corresponding to MSA columns:
# 98-111
name=unknown_A
#
# <colnr> <probs for GDERKNQSTAVLIFYWHMCP>
#	G	D	E	R	K	N	Q	S	T	A	V	L	I	F	Y	W	H	M	C	P
0	0.03703	0.10343	0.05523	0.01219	0.03749	0.17286	0.02524	0.08800	0.03080	0.15400	0.04380	0.01912	0.01331	0.00693	0.00532	0.00160	0.00638	0.07547	0.00428	0.10751
1	0.11920	0.09539	0.06135	0.04487	0.01920	0.07601	0.15704	0.12726	0.06160	0.14544	0.01297	0.01392	0.00944	0.00593	0.00563	0.00172	0.02606	0.00493	0.00411	0.00794
2	0.01131	0.07278	0.31385	0.01272	0.01807	0.02974	0.07468	0.01607	0.04141	0.01886	0.19188	0.01949	0.01888	0.00666	0.00548	0.00160	0.00617	0.00568	0.00362	0.13104
3	0.01373	0.15169	0.12603	0.01219	0.06003	0.01196	0.03720	0.07670	0.05047	0.11416	0.21732	0.06614	0.02299	0.00801	0.00564	0.00170	0.00524	0.00677	0.00462	0.00740
4	0.00818	0.00549	0.00630	0.00630	0.00636	0.00555	0.00362	0.00829	0.00823	0.01103	0.01758	0.03599	0.02010	0.75887	0.07150	0.00566	0.00600	0.00806	0.00339	0.00350
5	0.02067	0.07135	0.01762	0.01266	0.01713	0.01766	0.01055	0.66989	0.05270	0.03345	0.01346	0.01347	0.00969	0.00665	0.00549	0.00166	0.00612	0.00497	0.00541	0.00938
6	0.01391	0.01116	0.05208	0.00939	0.01411	0.00880	0.00793	0.04190	0.08939	0.12300	0.04716	0.01510	0.01201	0.00539	0.00475	0.00119	0.00450	0.00437	0.00423	0.52964
7	0.01233	0.22058	0.54697	0.01489	0.02219	0.01541	0.05922	0.01759	0.01185	0.01670	0.00961	0.01136	0.00723	0.00518	0.00499	0.00165	0.00781	0.00401	0.00241	0.00800
8	0.00686	0.00490	0.00653	0.00784	0.00816	0.00457	0.00522	0.00784	0.01077	0.01437	0.03102	0.79855	0.03722	0.01763	0.00718	0.00229	0.00326	0.01600	0.00522	0.00457
9	0.00686	0.00490	0.00653	0.00784	0.00816	0.00457	0.00522	0.00784	0.01077	0.01437	0.03102	0.79855	0.03722	0.01763	0.00718	0.00229	0.00326	0.01600	0.00522	0.00457
10	0.06108	0.01141	0.01926	0.30581	0.09573	0.01225	0.16180	0.03690	0.01285	0.14979	0.01305	0.04109	0.00993	0.00620	0.00627	0.00186	0.03803	0.00570	0.00361	0.00737
11	0.00781	0.00586	0.00807	0.00833	0.00937	0.00551	0.03389	0.00953	0.01238	0.01656	0.19820	0.34158	0.10721	0.08122	0.00889	0.00243	0.00382	0.12927	0.00519	0.00487
12	0.00805	0.00598	0.00880	0.00880	0.00972	0.00690	0.00673	0.00989	0.00897	0.01288	0.01530	0.02335	0.01461	0.10627	0.71660	0.00874	0.01426	0.00621	0.00305	0.00489
13	0.00804	0.00603	0.00904	0.00904	0.01005	0.00703	0.00703	0.01005	0.00904	0.01306	0.01507	0.02211	0.01407	0.04221	0.77992	0.00904	0.01507	0.00603	0.00301	0.00502

[dist]
# distance from previous block
# <min> <max>
0	34

[block]
# block no. 1 follows, 42 sequences, length 14
# corresponding to MSA columns:
# 146-159
name=unknown_B
#
# <colnr> <probs for GDERKNQSTAVLIFYWHMCP>
#	G	D	E	R	K	N	Q	S	T	A	V	L	I	F	Y	W	H	M	C	P
0	0.01902	0.26268	0.06110	0.01236	0.01716	0.04616	0.06689	0.25012	0.01747	0.17510	0.01297	0.01317	0.00943	0.00593	0.00505	0.00156	0.00637	0.00456	0.00440	0.00850
1	0.01063	0.01000	0.01688	0.78870	0.03876	0.01250	0.01563	0.01438	0.01125	0.01438	0.01000	0.01500	0.00750	0.00563	0.00563	0.00188	0.00750	0.00500	0.00250	0.00625
2	0.00744	0.00530	0.00711	0.00836	0.00890	0.00506	0.00605	0.00876	0.01118	0.01480	0.03014	0.59064	0.03533	0.05186	0.00827	0.00250	0.00382	0.18468	0.00513	0.00466
3	0.00837	0.00567	0.00675	0.00701	0.00728	0.00567	0.00458	0.00891	0.00917	0.01214	0.02024	0.04236	0.02293	0.63898	0.02431	0.00486	0.00540	0.15781	0.00378	0.00378
4	0.01449	0.00991	0.01196	0.00868	0.01355	0.00766	0.00700	0.01692	0.01259	0.17453	0.01253	0.01322	0.00950	0.00475	0.00448	0.00102	0.00430	0.00382	0.00409	0.66500
5	0.00805	0.00588	0.00824	0.00815	0.00905	0.00641	0.00607	0.00986	0.01033	0.01468	0.17096	0.02871	0.02324	0.16321	0.49355	0.00693	0.01088	0.00725	0.00374	0.00481
6	0.01157	0.13863	0.28224	0.05978	0.04236	0.01320	0.10610	0.03976	0.01253	0.01683	0.01966	0.02095	0.16472	0.00728	0.00611	0.00176	0.04017	0.00604	0.00316	0.00716
7	0.01124	0.01184	0.08184	0.01358	0.01776	0.00935	0.22826	0.01439	0.01204	0.03260	0.01599	0.14286	0.01554	0.04958	0.00709	0.00186	0.00613	0.06487	0.00363	0.25954
8	0.01198	0.00668	0.00902	0.00917	0.01077	0.00634	0.00737	0.01368	0.01247	0.17192	0.02676	0.15425	0.04630	0.10429	0.01030	0.04337	0.00478	0.33967	0.00522	0.00566
9	0.01328	0.00917	0.01097	0.00958	0.01160	0.01014	0.00749	0.16669	0.08890	0.06764	0.08972	0.02238	0.03886	0.06201	0.12087	0.07169	0.07621	0.00625	0.11008	0.00648
10	0.01297	0.12574	0.03993	0.10515	0.21066	0.03591	0.10431	0.05905	0.03136	0.01695	0.01151	0.01516	0.00966	0.01303	0.16635	0.00320	0.02364	0.00511	0.00298	0.00730
11	0.00992	0.00496	0.00690	0.00690	0.00717	0.00496	0.00469	0.00853	0.00826	0.01210	0.01156	0.01791	0.01074	0.01685	0.01825	0.66300	0.00442	0.00496	0.17489	0.00303
12	0.00731	0.00512	0.00655	0.00752	0.00781	0.00489	0.00494	0.00811	0.01021	0.01359	0.02750	0.56448	0.03262	0.22167	0.01280	0.00313	0.00393	0.04878	0.00475	0.00430
13	0.18334	0.01161	0.01234	0.01002	0.01352	0.01249	0.00814	0.32885	0.03567	0.11328	0.16948	0.01958	0.01871	0.00747	0.00536	0.00172	0.00479	0.00582	0.02996	0.00785

[dist]
# distance from previous block
# <min> <max>
2	22

[block]
# block no. 2 follows, 42 sequences, length 15
# corresponding to MSA columns:
# 189-203
name=unknown_C
#
# <colnr> <probs for GDERKNQSTAVLIFYWHMCP>
#	G	D	E	R	K	N	Q	S	T	A	V	L	I	F	Y	W	H	M	C	P
0	0.18598	0.04878	0.06829	0.01262	0.04775	0.03094	0.08248	0.13387	0.12331	0.02310	0.05712	0.01492	0.01192	0.00598	0.00502	0.00161	0.00562	0.00485	0.00406	0.13177
1	0.07229	0.01650	0.17691	0.08353	0.16620	0.07611	0.01344	0.08638	0.09501	0.07066	0.01417	0.07900	0.01172	0.00684	0.00550	0.00178	0.00653	0.00568	0.00380	0.00791
2	0.04338	0.18417	0.20808	0.01438	0.09873	0.01496	0.01276	0.09682	0.14683	0.05981	0.01312	0.01401	0.01001	0.00625	0.00546	0.02395	0.00615	0.00459	0.02839	0.00813
3	0.00952	0.04704	0.01107	0.01085	0.07272	0.00836	0.03379	0.01277	0.10640	0.01514	0.03748	0.21571	0.05325	0.20683	0.13001	0.00389	0.00637	0.00915	0.00411	0.00554
4	0.00763	0.00529	0.00639	0.00692	0.00730	0.00506	0.00444	0.00812	0.00978	0.01282	0.02707	0.31898	0.11044	0.35857	0.01721	0.04506	0.00432	0.03630	0.00430	0.00400
5	0.19529	0.01143	0.01149	0.02392	0.01320	0.06373	0.00765	0.15005	0.04604	0.17368	0.01503	0.01874	0.01214	0.12559	0.02361	0.00238	0.00557	0.02210	0.02709	0.05129
6	0.01145	0.01048	0.01673	0.53397	0.14084	0.01252	0.01447	0.01598	0.07316	0.01609	0.01155	0.01559	0.00892	0.00594	0.00607	0.00184	0.04000	0.00513	0.05248	0.00680
7	0.01063	0.01000	0.01688	0.78870	0.03876	0.01250	0.01563	0.01438	0.01125	0.01438	0.01000	0.01500	0.00750	0.00563	0.00563	0.00188	0.00750	0.00500	0.00250	0.00625
8	0.01129	0.02911	0.77306	0.01604	0.02436	0.01307	0.02079	0.01782	0.01188	0.01782	0.01010	0.01188	0.00713	0.00535	0.00535	0.00178	0.00832	0.00416	0.00238	0.00832
9	0.00806	0.00527	0.00653	0.00695	0.00709	0.00518	0.00435	0.00813	0.00900	0.01198	0.02093	0.24613	0.02426	0.45055	0.02094	0.11044	0.00477	0.04188	0.00387	0.00369
10	0.02049	0.01489	0.01592	0.01231	0.01655	0.01644	0.01014	0.68746	0.02525	0.03427	0.01391	0.01413	0.00997	0.00674	0.00549	0.00166	0.00590	0.00508	0.07419	0.00921
11	0.00817	0.00558	0.00674	0.00697	0.00722	0.00565	0.00447	0.00870	0.00894	0.01197	0.01965	0.09130	0.02225	0.59381	0.09651	0.00528	0.00619	0.08308	0.00368	0.00383
12	0.01400	0.01209	0.01273	0.01145	0.01463	0.01400	0.00891	0.02990	0.75695	0.02354	0.02291	0.02100	0.01718	0.00764	0.00573	0.00191	0.00445	0.00636	0.00573	0.00891
13	0.00677	0.00524	0.00618	0.00693	0.00792	0.00465	0.00482	0.00794	0.01165	0.01472	0.04205	0.48253	0.34612	0.01620	0.00696	0.00212	0.00309	0.01425	0.00522	0.00465
14	0.01389	0.04214	0.46505	0.01670	0.08358	0.05830	0.07391	0.01891	0.01278	0.10359	0.01189	0.01342	0.00853	0.00553	0.00537	0.00172	0.00764	0.00459	0.04429	0.00817

[dist]
# distance from previous block
# <min> <max>
0	4

[block]
# block no. 3 follows, 42 sequences, length 36
# corresponding to MSA columns:
# 208-243
name=unknown_D
#
# <colnr> <probs for GDERKNQSTAVLIFYWHMCP>
#	G	D	E	R	K	N	Q	S	T	A	V	L	I	F	Y	W	H	M	C	P
0	0.01712	0.24409	0.19459	0.01346	0.01818	0.37449	0.01281	0.03612	0.01399	0.01505	0.00889	0.01031	0.00727	0.00544	0.00474	0.00146	0.00849	0.00361	0.00270	0.00720
1	0.05708	0.47759	0.30253	0.01188	0.01791	0.01837	0.01356	0.01719	0.01150	0.01556	0.00866	0.01009	0.00713	0.00503	0.00424	0.00145	0.00678	0.00343	0.00245	0.00757
2	0.00925	0.00810	0.01087	0.00938	0.01182	0.00786	0.09390	0.01426	0.16093	0.01917	0.23567	0.04919	0.32512	0.01111	0.00647	0.00187	0.00391	0.00976	0.00530	0.00606
3	0.00804	0.00603	0.00904	0.00904	0.01005	0.00703	0.00703	0.01005	0.00904	0.01306	0.01507	0.02211	0.01407	0.04221	0.77992	0.00904	0.01507	0.00603	0.00301	0.00502
4	0.00696	0.00572	0.00594	0.00606	0.00786	0.00489	0.00462	0.00850	0.01275	0.01550	0.05317	0.07000	0.67105	0.01414	0.00664	0.00194	0.00301	0.06188	0.03457	0.00479
5	0.01063	0.01000	0.01688	0.78870	0.03876	0.01250	0.01563	0.01438	0.01125	0.01438	0.01000	0.01500	0.00750	0.00563	0.00563	0.00188	0.00750	0.00500	0.00250	0.00625
6	0.00804	0.00603	0.00904	0.00904	0.01005	0.00703	0.00703	0.01005	0.00904	0.01306	0.01507	0.02211	0.01407	0.04221	0.77992	0.00904	0.01507	0.00603	0.00301	0.00502
7	0.01325	0.01409	0.02830	0.02700	0.29776	0.01351	0.44925	0.01732	0.01301	0.01800	0.01192	0.04771	0.00988	0.00539	0.00627	0.00183	0.00820	0.00644	0.00292	0.00795
8	0.02014	0.01212	0.01368	0.01083	0.01468	0.01274	0.00883	0.37320	0.08559	0.23565	0.01748	0.01687	0.01219	0.00686	0.00539	0.00166	0.00510	0.00537	0.13275	0.00885
9	0.00818	0.00548	0.00627	0.00627	0.00632	0.00553	0.00358	0.00827	0.00822	0.01101	0.01761	0.03613	0.02016	0.76646	0.06399	0.00562	0.00591	0.00808	0.00339	0.00349
10	0.12032	0.01221	0.01669	0.14743	0.12408	0.01400	0.05034	0.16688	0.03235	0.05797	0.01217	0.05556	0.01012	0.00719	0.00778	0.00191	0.14627	0.00549	0.00376	0.00748
11	0.01696	0.31037	0.02046	0.01265	0.05074	0.23461	0.01012	0.09042	0.13903	0.01776	0.01164	0.01243	0.00946	0.00582	0.00468	0.00146	0.00686	0.00412	0.03287	0.00754
12	0.01837	0.05334	0.05042	0.01412	0.04028	0.01074	0.18929	0.05204	0.01466	0.36291	0.01847	0.10263	0.01421	0.00734	0.00591	0.00180	0.00605	0.00678	0.02240	0.00825
13	0.01642	0.20613	0.21689	0.01535	0.09307	0.01446	0.08298	0.06347	0.01383	0.18865	0.01267	0.01346	0.00918	0.00556	0.00514	0.00161	0.00670	0.00458	0.00373	0.02613
14	0.05192	0.10514	0.57060	0.01426	0.02152	0.01341	0.01747	0.01881	0.01224	0.10797	0.01121	0.01233	0.00791	0.00548	0.00512	0.00172	0.00748	0.00417	0.00298	0.00825
15	0.00782	0.00546	0.00704	0.00795	0.00842	0.00532	0.00563	0.00890	0.01052	0.01392	0.02663	0.38067	0.03086	0.25815	0.01392	0.00334	0.00442	0.19200	0.00466	0.00437
16	0.01362	0.01334	0.08299	0.09177	0.39141	0.01226	0.04907	0.01863	0.09844	0.07144	0.06755	0.01845	0.01374	0.00627	0.00577	0.00177	0.00631	0.02524	0.00367	0.00825
17	0.01902	0.01597	0.05584	0.01379	0.04856	0.14646	0.04658	0.17549	0.20829	0.18606	0.01657	0.01609	0.01187	0.00661	0.00560	0.00173	0.00642	0.00531	0.00504	0.00868
18	0.05366	0.01301	0.11092	0.01216	0.01658	0.01066	0.06834	0.14016	0.01617	0.34702	0.01903	0.06023	0.01471	0.00791	0.00590	0.00187	0.00578	0.08208	0.00542	0.00840
19	0.00807	0.00605	0.00769	0.00821	0.00966	0.00567	0.00674	0.01030	0.01355	0.01762	0.20568	0.07375	0.24767	0.01430	0.00718	0.00220	0.00389	0.34128	0.00543	0.00507
20	0.01192	0.01115	0.01672	0.01676	0.14594	0.04307	0.16019	0.05992	0.11733	0.01845	0.02177	0.25139	0.06178	0.01001	0.00639	0.00196	0.00579	0.02819	0.00431	0.00696
21	0.01377	0.01292	0.02221	0.17647	0.47516	0.01339	0.10160	0.04810	0.03123	0.03409	0.01123	0.01454	0.00893	0.00528	0.00572	0.00175	0.00706	0.00525	0.00302	0.00829
22	0.01109	0.01018	0.01634	0.37223	0.11613	0.01149	0.06956	0.01617	0.12050	0.01659	0.01613	0.13486	0.01477	0.00804	0.00605	0.00195	0.00637	0.04122	0.00357	0.00676
23	0.01095	0.01067	0.01910	0.14526	0.07589	0.02956	0.25679	0.01416	0.01242	0.01637	0.01869	0.17982	0.01892	0.00970	0.00670	0.00209	0.00686	0.15600	0.00373	0.00635
24	0.01167	0.01000	0.01167	0.00834	0.01334	0.00750	0.00667	0.01417	0.01167	0.01834	0.01000	0.01167	0.00834	0.00417	0.00417	0.00083	0.00417	0.00333	0.00333	0.83663
25	0.01227	0.01132	0.01313	0.06705	0.01456	0.07692	0.00948	0.05381	0.11470	0.01629	0.05235	0.02239	0.01507	0.14793	0.06430	0.00313	0.25552	0.04001	0.00364	0.00612
26	0.01393	0.01337	0.02284	0.03454	0.76712	0.01337	0.01727	0.01727	0.01281	0.01839	0.01059	0.01393	0.00891	0.00501	0.00557	0.00167	0.00669	0.00501	0.00279	0.00891
27	0.00696	0.00578	0.00613	0.00624	0.00805	0.00495	0.00481	0.00857	0.01300	0.01575	0.09142	0.05445	0.65435	0.01424	0.00676	0.00196	0.00307	0.08340	0.00527	0.00482
28	0.01505	0.80561	0.02949	0.00963	0.01444	0.02227	0.00963	0.01685	0.01143	0.01324	0.00782	0.00903	0.00722	0.00481	0.00361	0.00120	0.00602	0.00301	0.00241	0.00722
29	0.00666	0.00567	0.00574	0.00579	0.00763	0.00474	0.00432	0.00807	0.01274	0.01517	0.05591	0.08579	0.73392	0.01440	0.00667	0.00192	0.00287	0.01205	0.00523	0.00474
30	0.84197	0.01088	0.00827	0.00740	0.01088	0.01262	0.00609	0.01654	0.00958	0.02525	0.00784	0.00914	0.00609	0.00522	0.00348	0.00174	0.00435	0.00305	0.00348	0.00609
31	0.08235	0.00967	0.01273	0.00983	0.01412	0.00858	0.00812	0.02667	0.01565	0.71888	0.02120	0.01845	0.01338	0.00684	0.00551	0.00174	0.00476	0.00548	0.00672	0.00933
32	0.00774	0.00574	0.00721	0.00684	0.00827	0.00521	0.00513	0.01018	0.01539	0.02129	0.64140	0.04414	0.17665	0.01198	0.00664	0.00179	0.00269	0.01047	0.00603	0.00521
33	0.00817	0.00550	0.00634	0.00634	0.00641	0.00557	0.00366	0.00831	0.00824	0.01106	0.01755	0.03580	0.02001	0.74909	0.08117	0.00571	0.00613	0.00803	0.00338	0.00352
34	0.01921	0.01651	0.01554	0.01277	0.01664	0.14078	0.01021	0.42400	0.23415	0.02851	0.01542	0.01511	0.01137	0.00685	0.00557	0.00171	0.00634	0.00520	0.00521	0.00888
35	0.01038	0.00860	0.01199	0.01055	0.01176	0.00995	0.03928	0.03809	0.01283	0.03762	0.29087	0.09303	0.06726	0.01260	0.05161	0.00242	0.25237	0.00832	0.02467	0.00583

[dist]
# distance from previous block
# <min> <max>
0	2

[block]
# block no. 4 follows, 42 sequences, length 8
# corresponding to MSA columns:
# 246-253
name=unknown_E
#
# <colnr> <probs for GDERKNQSTAVLIFYWHMCP>
#	G	D	E	R	K	N	Q	S	T	A	V	L	I	F	Y	W	H	M	C	P
0	0.01564	0.01223	0.01491	0.01107	0.01575	0.01147	0.05953	0.27805	0.01744	0.05392	0.04464	0.01419	0.01096	0.00556	0.00503	0.00129	0.00522	0.00457	0.00439	0.41415
1	0.01142	0.00966	0.01142	0.00853	0.01317	0.00740	0.00690	0.01393	0.01179	0.01819	0.01191	0.01667	0.01066	0.00527	0.00452	0.00100	0.00427	0.07341	0.00351	0.75636
2	0.01329	0.01013	0.01609	0.14691	0.33711	0.01029	0.01246	0.01625	0.01320	0.11421	0.10311	0.05218	0.03461	0.00728	0.00576	0.00176	0.00554	0.02922	0.06312	0.00749
3	0.01537	0.61485	0.11465	0.01100	0.01598	0.11845	0.01109	0.01769	0.01207	0.01384	0.00820	0.00950	0.00721	0.00500	0.00400	0.00130	0.00682	0.00322	0.00247	0.00726
4	0.01349	0.01368	0.01916	0.02185	0.28486	0.06798	0.01399	0.01549	0.01062	0.01530	0.00862	0.01274	0.00793	0.00784	0.01293	0.00211	0.45675	0.00487	0.00261	0.00717
5	0.19789	0.01349	0.06776	0.01626	0.20524	0.10732	0.01075	0.01626	0.01255	0.05714	0.10068	0.10969	0.01670	0.00774	0.00584	0.00179	0.03587	0.00629	0.00382	0.00693
6	0.01789	0.01389	0.01698	0.10788	0.18592	0.06709	0.01214	0.23910	0.12899	0.13057	0.01476	0.01547	0.01078	0.00633	0.00560	0.00173	0.00627	0.00523	0.00465	0.00873
7	0.01045	0.00689	0.00868	0.00801	0.00999	0.00638	0.00604	0.01351	0.06673	0.10699	0.31077	0.19197	0.08847	0.01298	0.04455	0.00216	0.00393	0.00985	0.00555	0.08611

[dist]
# distance from previous block
# <min> <max>
0	30

[block]
# block no. 5 follows, 42 sequences, length 24
# corresponding to MSA columns:
# 284-307
name=unknown_F
#
# <colnr> <probs for GDERKNQSTAVLIFYWHMCP>
#	G	D	E	R	K	N	Q	S	T	A	V	L	I	F	Y	W	H	M	C	P
0	0.07411	0.12143	0.03975	0.01805	0.23717	0.05166	0.03563	0.06091	0.03982	0.10787	0.09731	0.01665	0.01418	0.00650	0.00609	0.00169	0.05417	0.00527	0.00391	0.00784
1	0.00806	0.00540	0.00617	0.00629	0.00632	0.00538	0.00358	0.00815	0.00842	0.01123	0.01894	0.10636	0.02199	0.73060	0.02668	0.00517	0.00526	0.00890	0.00358	0.00352
2	0.01196	0.01062	0.01633	0.10909	0.09417	0.01149	0.12392	0.03308	0.15329	0.04284	0.10886	0.09459	0.06677	0.00869	0.00744	0.00194	0.08598	0.00762	0.00427	0.00703
3	0.01320	0.01036	0.01198	0.00906	0.01367	0.00880	0.00722	0.01822	0.15361	0.07974	0.01343	0.01404	0.01046	0.00505	0.00458	0.00111	0.00427	0.00410	0.00408	0.61299
4	0.01073	0.08115	0.31975	0.01350	0.03805	0.01105	0.09846	0.01513	0.01342	0.01922	0.26855	0.02271	0.02332	0.00737	0.00576	0.00173	0.00610	0.00647	0.03050	0.00703
5	0.01292	0.02353	0.48172	0.01798	0.02516	0.01355	0.23814	0.06361	0.01333	0.04054	0.01104	0.01318	0.00790	0.00530	0.00576	0.00181	0.00844	0.00500	0.00285	0.00821
6	0.01063	0.01000	0.01688	0.78870	0.03876	0.01250	0.01563	0.01438	0.01125	0.01438	0.01000	0.01500	0.00750	0.00563	0.00563	0.00188	0.00750	0.00500	0.00250	0.00625
7	0.01129	0.02911	0.77306	0.01604	0.02436	0.01307	0.02079	0.01782	0.01188	0.01782	0.01010	0.01188	0.00713	0.00535	0.00535	0.00178	0.00832	0.00416	0.00238	0.00832
8	0.00686	0.00490	0.00653	0.00784	0.00816	0.00457	0.00522	0.00784	0.01077	0.01437	0.03102	0.79855	0.03722	0.01763	0.00718	0.00229	0.00326	0.01600	0.00522	0.00457
9	0.00784	0.00575	0.00735	0.00695	0.00833	0.00526	0.00521	0.01038	0.01564	0.02187	0.69707	0.04319	0.12061	0.01177	0.00664	0.00178	0.00267	0.01034	0.00610	0.00526
10	0.00813	0.00543	0.00615	0.00621	0.00622	0.00542	0.00348	0.00817	0.00829	0.01105	0.01826	0.06694	0.02112	0.77120	0.02780	0.00533	0.00537	0.00849	0.00348	0.00346
11	0.01505	0.80561	0.02949	0.00963	0.01444	0.02227	0.00963	0.01685	0.01143	0.01324	0.00782	0.00903	0.00722	0.00481	0.00361	0.00120	0.00602	0.00301	0.00241	0.00722
12	0.00700	0.00571	0.00619	0.00607	0.00782	0.00490	0.00455	0.00875	0.01365	0.01717	0.24563	0.05093	0.57499	0.01352	0.00665	0.00187	0.00280	0.01142	0.00548	0.00490
13	0.01505	0.80561	0.02949	0.00963	0.01444	0.02227	0.00963	0.01685	0.01143	0.01324	0.00782	0.00903	0.00722	0.00481	0.00361	0.00120	0.00602	0.00301	0.00241	0.00722
14	0.00709	0.00506	0.00679	0.00810	0.00852	0.00477	0.00562	0.00823	0.01100	0.01462	0.03089	0.72250	0.03672	0.01742	0.00724	0.00232	0.00346	0.08979	0.00522	0.00463
15	0.01485	0.01293	0.01318	0.01169	0.01496	0.04295	0.00912	0.08670	0.67117	0.02412	0.02163	0.02000	0.01620	0.00750	0.00569	0.00187	0.00481	0.00616	0.00561	0.00887
16	0.01505	0.80561	0.02949	0.00963	0.01444	0.02227	0.00963	0.01685	0.01143	0.01324	0.00782	0.00903	0.00722	0.00481	0.00361	0.00120	0.00602	0.00301	0.00241	0.00722
17	0.00804	0.00603	0.00904	0.00904	0.01005	0.00703	0.00703	0.01005	0.00904	0.01306	0.01507	0.02211	0.01407	0.04221	0.77992	0.00904	0.01507	0.00603	0.00301	0.00502
18	0.01505	0.80561	0.02949	0.00963	0.01444	0.02227	0.00963	0.01685	0.01143	0.01324	0.00782	0.00903	0.00722	0.00481	0.00361	0.00120	0.00602	0.00301	0.00241	0.00722
19	0.12209	0.60690	0.06849	0.00957	0.01428	0.01949	0.00958	0.01704	0.01137	0.03705	0.00874	0.00992	0.00751	0.00502	0.00376	0.00133	0.00578	0.00323	0.03171	0.00714
20	0.00789	0.00629	0.00714	0.00683	0.00859	0.00582	0.00515	0.01116	0.08016	0.01926	0.37234	0.04576	0.37817	0.01243	0.00656	0.00184	0.00290	0.01062	0.00571	0.00537
21	0.01063	0.01000	0.01688	0.78870	0.03876	0.01250	0.01563	0.01438	0.01125	0.01438	0.01000	0.01500	0.00750	0.00563	0.00563	0.00188	0.00750	0.00500	0.00250	0.00625
22	0.01464	0.01325	0.01465	0.05465	0.05404	0.05912	0.03147	0.07456	0.54268	0.02253	0.01931	0.01874	0.01460	0.00722	0.00611	0.00187	0.03103	0.00594	0.00505	0.00854
23	0.01049	0.00525	0.00525	0.00525	0.00656	0.00525	0.00393	0.01311	0.01180	0.02098	0.01836	0.02098	0.01442	0.00656	0.00393	0.00131	0.00262	0.00525	0.83346	0.00525

[dist]
# distance from previous block
# <min> <max>
0	1

[block]
# block no. 6 follows, 42 sequences, length 76
# corresponding to MSA columns:
# 309-316,318-385
name=unknown_G
#
# <colnr> <probs for GDERKNQSTAVLIFYWHMCP>
#	G	D	E	R	K	N	Q	S	T	A	V	L	I	F	Y	W	H	M	C	P
0	0.01049	0.00525	0.00525	0.00525	0.00656	0.00525	0.00393	0.01311	0.01180	0.02098	0.01836	0.02098	0.01442	0.00656	0.00393	0.00131	0.00262	0.00525	0.83346	0.00525
1	0.01548	0.05422	0.14287	0.03867	0.03616	0.01480	0.22180	0.22706	0.10214	0.04191	0.03928	0.01555	0.01119	0.00607	0.00582	0.00177	0.00715	0.00561	0.00408	0.00836
2	0.64003	0.05583	0.06175	0.00863	0.01258	0.03820	0.00768	0.03248	0.01084	0.07626	0.00914	0.01015	0.00688	0.00538	0.00386	0.00170	0.00497	0.00336	0.00362	0.00663
3	0.02525	0.00958	0.01306	0.01001	0.01437	0.00827	0.00827	0.02743	0.01611	0.77102	0.02220	0.01915	0.01393	0.00697	0.00566	0.00174	0.00479	0.00566	0.00697	0.00958
4	0.05082	0.01498	0.01762	0.01960	0.25807	0.13620	0.03821	0.13125	0.10917	0.13201	0.01427	0.02885	0.01091	0.00624	0.00552	0.00170	0.00655	0.00524	0.00429	0.00849
5	0.00731	0.00611	0.00641	0.00626	0.00816	0.00542	0.00472	0.00983	0.06055	0.01679	0.15660	0.05031	0.61492	0.01344	0.00659	0.00188	0.00292	0.01128	0.00540	0.00510
6	0.01049	0.00525	0.00525	0.00525	0.00656	0.00525	0.00393	0.01311	0.01180	0.02098	0.01836	0.02098	0.01442	0.00656	0.00393	0.00131	0.00262	0.00525	0.83346	0.00525
7	0.06217	0.01453	0.03076	0.17143	0.08360	0.14602	0.01187	0.07756	0.03159	0.07254	0.01073	0.01317	0.00843	0.00642	0.00755	0.00175	0.14770	0.00453	0.00339	0.09426
8	0.01270	0.01198	0.01959	0.31381	0.41854	0.01311	0.01581	0.01748	0.08798	0.01741	0.01162	0.01505	0.00923	0.00551	0.00561	0.00177	0.00676	0.00515	0.00298	0.00792
9	0.01049	0.00525	0.00525	0.00525	0.00656	0.00525	0.00393	0.01311	0.01180	0.02098	0.01836	0.02098	0.01442	0.00656	0.00393	0.00131	0.00262	0.00525	0.83346	0.00525
10	0.00978	0.00489	0.00733	0.00733	0.00733	0.00489	0.00489	0.00733	0.00733	0.00978	0.00978	0.01711	0.00978	0.01955	0.02199	0.83627	0.00489	0.00489	0.00244	0.00244
11	0.07253	0.01277	0.02134	0.08932	0.16358	0.01303	0.25539	0.07035	0.10885	0.02060	0.07134	0.01708	0.01300	0.00593	0.00583	0.00178	0.00679	0.00593	0.00370	0.04089
12	0.00805	0.00561	0.00713	0.00734	0.00771	0.00584	0.00489	0.00884	0.00895	0.01219	0.01910	0.11630	0.02118	0.46924	0.22875	0.00593	0.00781	0.04747	0.00359	0.00407
13	0.00897	0.00644	0.00892	0.01016	0.01149	0.00640	0.00886	0.01151	0.01295	0.01677	0.03096	0.06308	0.06366	0.01549	0.00773	0.00256	0.00508	0.69861	0.00518	0.00516
14	0.05382	0.01069	0.03025	0.00952	0.01219	0.06170	0.00759	0.04615	0.25386	0.07408	0.28004	0.02792	0.06263	0.00887	0.00585	0.00178	0.00426	0.00741	0.03430	0.00709
15	0.01663	0.00786	0.01065	0.00970	0.01248	0.00720	0.00818	0.01903	0.01443	0.36523	0.05455	0.03848	0.02310	0.01064	0.00644	0.00205	0.00472	0.30669	0.05945	0.02250
16	0.02525	0.00958	0.01306	0.01001	0.01437	0.00827	0.00827	0.02743	0.01611	0.77102	0.02220	0.01915	0.01393	0.00697	0.00566	0.00174	0.00479	0.00566	0.00697	0.00958
17	0.00795	0.00572	0.00733	0.00717	0.00847	0.00529	0.00542	0.01038	0.01499	0.02098	0.58207	0.09312	0.10850	0.01222	0.00665	0.00185	0.00288	0.05817	0.03563	0.00520
18	0.01319	0.01542	0.14679	0.11353	0.51397	0.01297	0.03621	0.01708	0.01252	0.03257	0.01109	0.02940	0.00911	0.00542	0.00560	0.00173	0.00701	0.00514	0.00282	0.00841
19	0.00796	0.00575	0.00752	0.00708	0.00841	0.00531	0.00531	0.01062	0.01593	0.02257	0.76415	0.04204	0.05310	0.01150	0.00664	0.00177	0.00265	0.01018	0.00619	0.00531
20	0.00792	0.00555	0.00735	0.00838	0.00924	0.00532	0.00641	0.00969	0.01206	0.01630	0.08752	0.41189	0.06443	0.01560	0.00711	0.00227	0.00381	0.25555	0.05872	0.00489
21	0.01541	0.64502	0.09413	0.01077	0.01567	0.11036	0.01077	0.01760	0.01200	0.01371	0.00813	0.00941	0.00722	0.00498	0.00394	0.00128	0.00671	0.00318	0.00246	0.00724
22	0.04592	0.02841	0.10198	0.11590	0.03834	0.01181	0.08098	0.08229	0.11229	0.22828	0.05989	0.01792	0.01363	0.00759	0.02796	0.00200	0.00629	0.00565	0.00471	0.00815
23	0.40054	0.01090	0.01109	0.00905	0.01291	0.01145	0.00745	0.12512	0.01444	0.28919	0.01581	0.01522	0.04175	0.00644	0.00469	0.00174	0.00471	0.00464	0.00509	0.00776
24	0.00686	0.00490	0.00653	0.00784	0.00816	0.00457	0.00522	0.00784	0.01077	0.01437	0.03102	0.79855	0.03722	0.01763	0.00718	0.00229	0.00326	0.01600	0.00522	0.00457
25	0.01152	0.01079	0.01804	0.62401	0.17941	0.01279	0.01583	0.03248	0.01192	0.01566	0.01020	0.01476	0.00783	0.00553	0.00562	0.00183	0.00731	0.00501	0.00263	0.00685
26	0.01229	0.10710	0.47542	0.03193	0.08174	0.01405	0.07522	0.03680	0.04490	0.01783	0.01086	0.01294	0.00820	0.00693	0.03838	0.00204	0.00808	0.00452	0.00271	0.00807
27	0.01505	0.80561	0.02949	0.00963	0.01444	0.02227	0.00963	0.01685	0.01143	0.01324	0.00782	0.00903	0.00722	0.00481	0.00361	0.00120	0.00602	0.00301	0.00241	0.00722
28	0.00818	0.00546	0.00614	0.00614	0.00614	0.00546	0.00341	0.00818	0.00818	0.01091	0.01773	0.03683	0.02046	0.80222	0.02864	0.00546	0.00546	0.00818	0.00341	0.00341
29	0.81218	0.01084	0.00845	0.00750	0.01101	0.01247	0.00617	0.01694	0.00982	0.05246	0.00836	0.00951	0.00638	0.00529	0.00356	0.00174	0.00437	0.00314	0.00361	0.00622
30	0.00818	0.00548	0.00624	0.00624	0.00627	0.00551	0.00354	0.00825	0.00821	0.01099	0.01764	0.03632	0.02024	0.77583	0.05473	0.00558	0.00579	0.00811	0.00340	0.00347
31	0.01314	0.10495	0.27928	0.06816	0.21262	0.04790	0.16023	0.01761	0.01248	0.01712	0.01016	0.01285	0.00789	0.00512	0.00547	0.00171	0.00792	0.00476	0.00261	0.00800
32	0.01383	0.01485	0.01675	0.01486	0.02965	0.16291	0.01191	0.01518	0.01012	0.01366	0.00803	0.01235	0.00768	0.01036	0.04810	0.00253	0.59371	0.00472	0.00258	0.00623
33	0.00697	0.00551	0.00630	0.00669	0.00804	0.00484	0.00489	0.00845	0.01257	0.01582	0.12370	0.27040	0.44199	0.01501	0.00686	0.00203	0.00306	0.04677	0.00533	0.00478
34	0.01188	0.00662	0.00874	0.00867	0.01025	0.00619	0.00651	0.03933	0.01318	0.18351	0.09842	0.40298	0.03134	0.04540	0.00767	0.00226	0.00397	0.10149	0.00564	0.00596
35	0.00978	0.00489	0.00733	0.00733	0.00733	0.00489	0.00489	0.00733	0.00733	0.00978	0.00978	0.01711	0.00978	0.01955	0.02199	0.83627	0.00489	0.00489	0.00244	0.00244
36	0.00797	0.00565	0.00699	0.00671	0.00763	0.00533	0.00464	0.00971	0.01327	0.01843	0.48792	0.04093	0.07666	0.26831	0.01378	0.00297	0.00357	0.00961	0.00524	0.00467
37	0.00804	0.00601	0.00894	0.00894	0.00991	0.00698	0.00690	0.00998	0.00901	0.01299	0.01517	0.02265	0.01430	0.07009	0.75236	0.00891	0.01472	0.00611	0.00303	0.00497
38	0.02139	0.01576	0.01689	0.01295	0.01745	0.01745	0.01070	0.74835	0.02646	0.03547	0.01351	0.01351	0.00957	0.00676	0.00563	0.00169	0.00619	0.00507	0.00563	0.00957
39	0.84197	0.01088	0.00827	0.00740	0.01088	0.01262	0.00609	0.01654	0.00958	0.02525	0.00784	0.00914	0.00609	0.00522	0.00348	0.00174	0.00435	0.00305	0.00348	0.00609
40	0.01063	0.01000	0.01688	0.78870	0.03876	0.01250	0.01563	0.01438	0.01125	0.01438	0.01000	0.01500	0.00750	0.00563	0.00563	0.00188	0.00750	0.00500	0.00250	0.00625
41	0.01063	0.01000	0.01688	0.78870	0.03876	0.01250	0.01563	0.01438	0.01125	0.01438	0.01000	0.01500	0.00750	0.00563	0.00563	0.00188	0.00750	0.00500	0.00250	0.00625
42	0.84197	0.01088	0.00827	0.00740	0.01088	0.01262	0.00609	0.01654	0.00958	0.02525	0.00784	0.00914	0.00609	0.00522	0.00348	0.00174	0.00435	0.00305	0.00348	0.00609
43	0.00734	0.00573	0.00666	0.00643	0.00803	0.00505	0.00482	0.00942	0.01446	0.01908	0.42941	0.04778	0.39001	0.01281	0.00664	0.00183	0.00275	0.01098	0.00574	0.00505
44	0.01231	0.01231	0.01724	0.01477	0.01477	0.01724	0.01231	0.01354	0.00862	0.01354	0.00739	0.01231	0.00739	0.00985	0.01847	0.00246	0.79192	0.00492	0.00246	0.00616
45	0.01332	0.00608	0.00674	0.00616	0.00805	0.00582	0.00476	0.01585	0.01263	0.16466	0.01909	0.02063	0.01433	0.00663	0.00426	0.00139	0.00304	0.00532	0.67513	0.00608
46	0.00978	0.00489	0.00733	0.00733	0.00733	0.00489	0.00489	0.00733	0.00733	0.00978	0.00978	0.01711	0.00978	0.01955	0.02199	0.83627	0.00489	0.00489	0.00244	0.00244
47	0.00792	0.00575	0.00746	0.00703	0.00838	0.00529	0.00527	0.01053	0.01582	0.02230	0.73894	0.04247	0.07847	0.01160	0.00664	0.00177	0.00266	0.01024	0.00616	0.00529
48	0.04549	0.00869	0.00949	0.00799	0.01067	0.00892	0.00638	0.18848	0.01594	0.15903	0.01753	0.01847	0.01290	0.00663	0.00463	0.00149	0.00391	0.00520	0.46109	0.00707
49	0.01505	0.80561	0.02949	0.00963	0.01444	0.02227	0.00963	0.01685	0.01143	0.01324	0.00782	0.00903	0.00722	0.00481	0.00361	0.00120	0.00602	0.00301	0.00241	0.00722
50	0.01214	0.10601	0.41924	0.10458	0.02222	0.01323	0.01584	0.01802	0.07913	0.04410	0.01180	0.01377	0.00890	0.00825	0.06219	0.00223	0.00782	0.00449	0.00295	0.04311
51	0.07932	0.01479	0.09109	0.05705	0.07073	0.07365	0.02384	0.16337	0.17185	0.08033	0.04817	0.01794	0.03998	0.02022	0.00587	0.00180	0.00595	0.00553	0.00454	0.02399
52	0.02469	0.01048	0.01362	0.01044	0.01482	0.00961	0.00862	0.13238	0.01761	0.66393	0.02094	0.01833	0.01330	0.00693	0.00565	0.00173	0.00499	0.00557	0.00677	0.00958
53	0.01063	0.01000	0.01688	0.78870	0.03876	0.01250	0.01563	0.01438	0.01125	0.01438	0.01000	0.01500	0.00750	0.00563	0.00563	0.00188	0.00750	0.00500	0.00250	0.00625
54	0.04305	0.07381	0.15712	0.04313	0.09330	0.07602	0.04590	0.01924	0.09057	0.12425	0.03786	0.03816	0.01494	0.00765	0.00573	0.00184	0.00641	0.10932	0.00410	0.00759
55	0.00686	0.00490	0.00653	0.00784	0.00816	0.00457	0.00522	0.00784	0.01077	0.01437	0.03102	0.79855	0.03722	0.01763	0.00718	0.00229	0.00326	0.01600	0.00522	0.00457
56	0.04885	0.01521	0.11050	0.01220	0.01651	0.01461	0.01075	0.23927	0.38935	0.02621	0.01743	0.01681	0.01289	0.00686	0.00550	0.00178	0.00544	0.00546	0.00509	0.03928
57	0.02024	0.12913	0.01773	0.01386	0.01701	0.68013	0.01071	0.02173	0.01535	0.01370	0.00858	0.01000	0.00725	0.00567	0.00488	0.00142	0.00961	0.00354	0.00283	0.00662
58	0.01313	0.32400	0.46764	0.01342	0.02029	0.01643	0.01617	0.01774	0.01184	0.03836	0.00959	0.01101	0.00737	0.00519	0.00470	0.00156	0.00734	0.00377	0.00252	0.00794
59	0.18141	0.00983	0.01214	0.00951	0.01370	0.00910	0.00786	0.02534	0.01486	0.62842	0.01946	0.01724	0.01243	0.00663	0.00524	0.00174	0.00471	0.00516	0.00630	0.00891
60	0.01063	0.01000	0.01688	0.78870	0.03876	0.01250	0.01563	0.01438	0.01125	0.01438	0.01000	0.01500	0.00750	0.00563	0.00563	0.00188	0.00750	0.00500	0.00250	0.00625
61	0.05454	0.01434	0.01499	0.01204	0.01598	0.04252	0.00975	0.49594	0.12801	0.07714	0.01611	0.06528	0.01248	0.00750	0.00563	0.00176	0.00573	0.00586	0.00551	0.00890
62	0.02504	0.00992	0.01327	0.01017	0.01454	0.00877	0.00840	0.06692	0.01667	0.73072	0.02173	0.01885	0.01369	0.00695	0.00566	0.00174	0.00487	0.00563	0.00689	0.00958
63	0.00774	0.00571	0.00724	0.00693	0.00829	0.00520	0.00517	0.01016	0.01530	0.02124	0.63859	0.07595	0.14730	0.01213	0.00666	0.00181	0.00271	0.01065	0.00602	0.00520
64	0.01486	0.00729	0.00964	0.00818	0.01076	0.00647	0.00644	0.01724	0.01580	0.32435	0.41889	0.03358	0.08320	0.00985	0.00624	0.00177	0.00353	0.00846	0.00644	0.00700
65	0.12090	0.04936	0.08228	0.01620	0.06758	0.06464	0.18413	0.13018	0.11072	0.04915	0.01240	0.01393	0.00939	0.00604	0.00630	0.00180	0.05821	0.00510	0.00379	0.00791
66	0.00804	0.00603	0.00904	0.00904	0.01005	0.00703	0.00703	0.01005	0.00904	0.01306	0.01507	0.02211	0.01407	0.04221	0.77992	0.00904	0.01507	0.00603	0.00301	0.00502
67	0.00771	0.00521	0.00627	0.00683	0.00703	0.00506	0.00422	0.00824	0.00946	0.01283	0.02349	0.36493	0.02744	0.42960	0.01833	0.00391	0.00439	0.01143	0.03963	0.00399
68	0.05172	0.01869	0.23422	0.01372	0.01907	0.01522	0.03993	0.34594	0.15745	0.02709	0.01396	0.01431	0.01010	0.00638	0.00551	0.00177	0.00652	0.00502	0.00452	0.00887
69	0.00838	0.00582	0.00747	0.00777	0.00883	0.00551	0.00555	0.01085	0.05350	0.04816	0.30085	0.42262	0.06463	0.01430	0.00682	0.00204	0.00315	0.01279	0.00568	0.00528
70	0.01131	0.05396	0.01129	0.03493	0.03867	0.06960	0.00720	0.03727	0.01508	0.05245	0.42717	0.03037	0.06332	0.00906	0.00588	0.00159	0.00416	0.00772	0.00508	0.11389
71	0.04154	0.01653	0.29408	0.07832	0.01842	0.04088	0.01285	0.03620	0.01222	0.07668	0.01702	0.24210	0.01656	0.00925	0.00628	0.00191	0.03344	0.00777	0.00377	0.03420
72	0.62175	0.01314	0.07607	0.00894	0.01292	0.03747	0.00798	0.04931	0.03576	0.07840	0.00984	0.01071	0.00730	0.00552	0.00402	0.00174	0.00500	0.00355	0.00378	0.00679
73	0.04949	0.02111	0.01533	0.01400	0.04082	0.46256	0.01046	0.14066	0.12832	0.01931	0.01185	0.01280	0.00935	0.00738	0.03071	0.00183	0.00849	0.00437	0.00379	0.00739
74	0.03996	0.20580	0.49488	0.01444	0.04485	0.01476	0.01671	0.01763	0.01192	0.04314	0.01072	0.01351	0.00842	0.00567	0.00500	0.00167	0.00735	0.03292	0.00270	0.00793
75	0.04762	0.02225	0.10689	0.01843	0.16657	0.42486	0.01330	0.01969	0.01381	0.01556	0.00906	0.01130	0.00754	0.00601	0.00662	0.00165	0.09479	0.00409	0.00279	0.00716

[dist]
# distance from previous block
# <min> <max>
0	8

[block]
# block no. 7 follows, 42 sequences, length 28
# corresponding to MSA columns:
# 394-421
name=unknown_H
#
# <colnr> <probs for GDERKNQSTAVLIFYWHMCP>
#	G	D	E	R	K	N	Q	S	T	A	V	L	I	F	Y	W	H	M	C	P
0	0.07435	0.10798	0.03611	0.01534	0.12805	0.16163	0.02181	0.06363	0.04042	0.07692	0.03408	0.01452	0.03147	0.00666	0.00706	0.00169	0.12443	0.00473	0.00356	0.04556
1	0.00779	0.00574	0.00722	0.00805	0.00881	0.00556	0.00556	0.03687	0.04813	0.01605	0.06659	0.65209	0.07781	0.01625	0.00700	0.00220	0.00338	0.01460	0.00531	0.00502
2	0.01518	0.01329	0.01628	0.13686	0.10825	0.04787	0.02716	0.19606	0.19885	0.02267	0.01392	0.01524	0.01065	0.00637	0.00617	0.00171	0.04872	0.00513	0.00420	0.10542
3	0.08463	0.09978	0.20300	0.01156	0.01572	0.01235	0.03755	0.11876	0.06835	0.03569	0.04768	0.07197	0.01318	0.00975	0.02618	0.12146	0.00615	0.00564	0.00370	0.00690
4	0.01316	0.01195	0.01210	0.00918	0.01368	0.09277	0.00726	0.04816	0.04079	0.01892	0.01091	0.01239	0.00890	0.00471	0.00438	0.00100	0.00485	0.00365	0.04397	0.63729
5	0.00712	0.00517	0.00672	0.00776	0.00838	0.00481	0.00542	0.00836	0.01144	0.01512	0.08111	0.60212	0.10791	0.03121	0.00754	0.00230	0.00338	0.07421	0.00525	0.00467
6	0.01231	0.01231	0.01724	0.01477	0.01477	0.01724	0.01231	0.01354	0.00862	0.01354	0.00739	0.01231	0.00739	0.00985	0.01847	0.00246	0.79192	0.00492	0.00246	0.00616
7	0.01170	0.01010	0.01191	0.00861	0.01340	0.00792	0.00691	0.01414	0.01154	0.01813	0.00989	0.01170	0.00829	0.00441	0.00478	0.00090	0.03778	0.00340	0.00330	0.80119
8	0.01711	0.01209	0.01376	0.01172	0.01506	0.01304	0.00973	0.42397	0.06335	0.07426	0.01991	0.06630	0.01789	0.00976	0.00630	0.00198	0.00559	0.20451	0.00558	0.00808
9	0.00699	0.00498	0.00661	0.00786	0.00821	0.00468	0.00529	0.00799	0.01075	0.01431	0.03043	0.74090	0.03636	0.04957	0.00808	0.00243	0.00342	0.04146	0.00515	0.00455
10	0.01522	0.09455	0.23015	0.05217	0.05480	0.01411	0.08953	0.11478	0.08974	0.11310	0.03393	0.01507	0.01084	0.00621	0.00605	0.00176	0.04071	0.00511	0.00389	0.00827
11	0.01082	0.01020	0.01723	0.74471	0.08124	0.01255	0.01572	0.01455	0.01134	0.01461	0.01004	0.01494	0.00758	0.00559	0.00562	0.00186	0.00745	0.00500	0.00252	0.00641
12	0.02394	0.01005	0.01305	0.01008	0.01427	0.00917	0.00830	0.11086	0.01707	0.64129	0.02096	0.01860	0.01345	0.00692	0.00556	0.00171	0.00483	0.00557	0.05501	0.00932
13	0.00838	0.00646	0.00851	0.00852	0.00928	0.02509	0.00626	0.00987	0.00961	0.01336	0.06060	0.10791	0.01972	0.18839	0.46120	0.00681	0.03412	0.00767	0.00349	0.00474
14	0.08940	0.21628	0.11810	0.15769	0.05929	0.03304	0.04141	0.11759	0.03553	0.04411	0.01113	0.03300	0.00892	0.00586	0.00495	0.00164	0.00657	0.00460	0.00333	0.00755
15	0.00879	0.04316	0.00859	0.00745	0.00934	0.00663	0.01707	0.01157	0.06832	0.04942	0.19368	0.17993	0.34943	0.01290	0.00649	0.00190	0.00334	0.01110	0.00537	0.00551
16	0.00690	0.00493	0.00657	0.00781	0.00817	0.00460	0.00523	0.00795	0.01098	0.01470	0.06065	0.76797	0.03786	0.01738	0.00716	0.00226	0.00324	0.01576	0.00526	0.00460
17	0.01129	0.02911	0.77306	0.01604	0.02436	0.01307	0.02079	0.01782	0.01188	0.01782	0.01010	0.01188	0.00713	0.00535	0.00535	0.00178	0.00832	0.00416	0.00238	0.00832
18	0.01178	0.01010	0.01172	0.00848	0.01340	0.00780	0.00677	0.01489	0.04596	0.01858	0.01060	0.01210	0.00874	0.00433	0.00424	0.00088	0.00418	0.00347	0.00344	0.79854
19	0.00864	0.00701	0.03043	0.01002	0.01135	0.00666	0.02842	0.01077	0.01177	0.01561	0.02748	0.21840	0.05856	0.01825	0.09236	0.02369	0.02484	0.38594	0.00468	0.00512
20	0.00814	0.00544	0.00615	0.00619	0.00621	0.00543	0.00347	0.00817	0.00827	0.01103	0.01817	0.06209	0.02102	0.77620	0.02793	0.00535	0.00538	0.00844	0.00347	0.00345
21	0.05754	0.01043	0.12745	0.04200	0.01263	0.01950	0.00832	0.01221	0.01262	0.04798	0.16045	0.12176	0.23969	0.01207	0.03500	0.00214	0.02770	0.00900	0.03571	0.00582
22	0.02652	0.23337	0.20838	0.15134	0.10370	0.01596	0.01432	0.11020	0.03159	0.03928	0.01055	0.01246	0.00814	0.00549	0.00497	0.00162	0.00685	0.00428	0.00309	0.00789
23	0.04622	0.19565	0.01559	0.01026	0.01260	0.09855	0.00859	0.03212	0.03714	0.01612	0.09805	0.03415	0.10657	0.01239	0.08931	0.00255	0.13576	0.03853	0.00368	0.00617
24	0.00710	0.00568	0.00635	0.00626	0.00790	0.00493	0.00467	0.00892	0.01378	0.01764	0.29378	0.08307	0.49312	0.01348	0.00667	0.00187	0.00280	0.01149	0.00555	0.00493
25	0.00739	0.00540	0.00654	0.00706	0.00816	0.00482	0.00499	0.00877	0.01229	0.03435	0.13734	0.42412	0.28752	0.01540	0.00689	0.00207	0.00308	0.01356	0.00540	0.00485
26	0.27219	0.01191	0.01204	0.00954	0.01375	0.01225	0.00775	0.19775	0.09393	0.03897	0.01179	0.01247	0.00899	0.00555	0.00451	0.00146	0.00477	0.00404	0.00427	0.27210
27	0.01355	0.19690	0.41960	0.01548	0.09087	0.01479	0.01607	0.05343	0.01277	0.05347	0.01038	0.01185	0.00783	0.00527	0.00494	0.00158	0.00714	0.00405	0.00285	0.05718

[dist]
# distance from previous block
# <min> <max>
0	12

[block]
# block no. 8 follows, 42 sequences, length 8
# corresponding to MSA columns:
# 434-441
name=unknown_I
#
# <colnr> <probs for GDERKNQSTAVLIFYWHMCP>
#	G	D	E	R	K	N	Q	S	T	A	V	L	I	F	Y	W	H	M	C	P
0	0.12100	0.13570	0.18203	0.01309	0.03995	0.10167	0.01220	0.12443	0.05688	0.05736	0.01105	0.01238	0.00854	0.00700	0.02502	0.00188	0.07436	0.00426	0.00351	0.00770
1	0.77173	0.01109	0.00951	0.00970	0.07504	0.01269	0.00704	0.01660	0.00985	0.02467	0.00807	0.00955	0.00633	0.00521	0.00366	0.00174	0.00455	0.00321	0.00342	0.00633
2	0.01261	0.01360	0.02704	0.02028	0.02423	0.01407	0.50304	0.01634	0.01220	0.01690	0.01247	0.01974	0.01085	0.00705	0.00941	0.00210	0.18397	0.08408	0.00301	0.00701
3	0.56013	0.08021	0.01298	0.01093	0.07255	0.04771	0.03118	0.04041	0.01137	0.07509	0.00938	0.01058	0.00720	0.00535	0.00405	0.00168	0.00519	0.00358	0.00360	0.00683
4	0.00695	0.00549	0.00627	0.00654	0.00790	0.00481	0.00473	0.00849	0.01285	0.01635	0.18201	0.25373	0.43464	0.01466	0.00679	0.00198	0.00293	0.01268	0.00541	0.00481
5	0.00728	0.00515	0.00678	0.00792	0.00832	0.00490	0.00545	0.00832	0.01071	0.01423	0.02923	0.61852	0.03458	0.11478	0.00992	0.00271	0.00376	0.09797	0.00499	0.00450
6	0.04342	0.04976	0.01244	0.00951	0.01274	0.03652	0.00776	0.14913	0.06166	0.26833	0.01745	0.01741	0.01245	0.00677	0.00548	0.00161	0.03521	0.00517	0.23934	0.00785
7	0.01697	0.09148	0.10080	0.01263	0.01653	0.09807	0.01113	0.32667	0.08674	0.02410	0.01333	0.04514	0.01097	0.04610	0.00762	0.00192	0.07218	0.00531	0.00429	0.00804

[dist]
# distance from previous block
# <min> <max>
0	2

[block]
# block no. 9 follows, 42 sequences, length 6
# corresponding to MSA columns:
# 464-469
name=unknown_J
#
# <colnr> <probs for GDERKNQSTAVLIFYWHMCP>
#	G	D	E	R	K	N	Q	S	T	A	V	L	I	F	Y	W	H	M	C	P
0	0.01290	0.01723	0.26242	0.11854	0.02294	0.01167	0.12015	0.04613	0.04537	0.06187	0.01164	0.01361	0.00862	0.00524	0.00532	0.00157	0.00686	0.00464	0.00324	0.22002
1	0.04624	0.15381	0.23886	0.02042	0.26237	0.05802	0.04217	0.04713	0.01307	0.05228	0.01044	0.01237	0.00815	0.00528	0.00511	0.00163	0.00714	0.00436	0.00294	0.00822
2	0.01505	0.05247	0.09387	0.09216	0.05150	0.12496	0.16630	0.08906	0.01370	0.05248	0.01101	0.01462	0.00888	0.00685	0.00829	0.02037	0.14392	0.02404	0.00320	0.00727
3	0.00970	0.00532	0.00812	0.06081	0.00969	0.00557	0.00579	0.00802	0.00773	0.01034	0.01020	0.01735	0.00995	0.02035	0.07931	0.71551	0.00585	0.00498	0.00249	0.00290
4	0.08035	0.06017	0.13227	0.02894	0.04348	0.09029	0.01081	0.08597	0.18694	0.08742	0.08906	0.03477	0.03136	0.00719	0.00542	0.00174	0.00581	0.00573	0.00450	0.00779
5	0.06342	0.05072	0.04957	0.02412	0.43252	0.03759	0.01395	0.06889	0.09428	0.06051	0.01235	0.01415	0.00973	0.00553	0.00530	0.00165	0.00622	0.00485	0.00355	0.04109

[dist]
# distance from previous block
# <min> <max>
0	1

[block]
# block no. 10 follows, 42 sequences, length 7
# corresponding to MSA columns:
# 471-477
name=unknown_K
