[name]
unknown

[dist]
# distance from previous block
# <min> <max>
0	25

[block]
# block no. 0 follows, 50 sequences, length 25
# corresponding to MSA columns:
# 25-49
name=unknown_A
#
# <colnr> <probs for GDERKNQSTAVLIFYWHMCP>
#	G	D	E	R	K	N	Q	S	T	A	V	L	I	F	Y	W	H	M	C	P
0	0.04014	0.00881	0.01285	0.45501	0.02429	0.00998	0.01083	0.03989	0.08111	0.10623	0.01298	0.04957	0.01053	0.00616	0.00501	0.00163	0.00550	0.04899	0.00335	0.06716
1	0.01163	0.00940	0.01387	0.30003	0.17029	0.01035	0.01105	0.03090	0.15637	0.08745	0.01358	0.06809	0.01107	0.00734	0.03830	0.00187	0.00566	0.00533	0.00343	0.04401
2	0.08902	0.00748	0.01088	0.34902	0.03889	0.00846	0.00935	0.02422	0.01017	0.04973	0.01563	0.24058	0.01572	0.00981	0.03855	0.00202	0.00530	0.05151	0.00337	0.02027
3	0.01034	0.00886	0.01034	0.00738	0.01181	0.00664	0.00591	0.01255	0.01034	0.01624	0.00886	0.01034	0.00738	0.00369	0.00369	0.00074	0.00369	0.00295	0.00295	0.85530
4	0.01772	0.02228	0.01351	0.01232	0.01471	0.74191	0.00919	0.01895	0.01360	0.01205	0.00827	0.01051	0.00720	0.04950	0.02606	0.00164	0.00888	0.00348	0.00259	0.00560
5	0.00616	0.00504	0.00543	0.00538	0.00691	0.00431	0.00402	0.00765	0.01193	0.01491	0.21633	0.06777	0.60251	0.01216	0.00590	0.00167	0.00250	0.01029	0.00482	0.00431
6	0.00607	0.00434	0.00578	0.00694	0.00723	0.00405	0.00463	0.00694	0.00954	0.01272	0.02747	0.82157	0.03297	0.01562	0.00636	0.00202	0.00289	0.01417	0.00463	0.00405
7	0.00657	0.00501	0.00604	0.00592	0.00719	0.00447	0.00439	0.00841	0.01275	0.01711	0.46957	0.11496	0.29646	0.01152	0.00593	0.00165	0.00246	0.01001	0.00512	0.00447
8	0.01227	0.01046	0.01100	0.00992	0.01266	0.01208	0.00771	0.02587	0.75254	0.02076	0.02012	0.01860	0.01511	0.00672	0.00501	0.00167	0.00388	0.00559	0.04030	0.00775
9	0.86003	0.00964	0.00733	0.00655	0.00964	0.01118	0.00540	0.01465	0.00848	0.02236	0.00694	0.00810	0.00540	0.00463	0.00308	0.00154	0.00386	0.00270	0.00308	0.00540
10	0.01266	0.01084	0.01142	0.01020	0.01306	0.01252	0.00795	0.05677	0.75402	0.02128	0.01995	0.01833	0.01494	0.00673	0.00507	0.00168	0.00401	0.00559	0.00507	0.00791
11	0.01034	0.00886	0.01034	0.00738	0.01181	0.00664	0.00591	0.01255	0.01034	0.01624	0.00886	0.01034	0.00738	0.00369	0.00369	0.00074	0.00369	0.00295	0.00295	0.85530
12	0.86003	0.00964	0.00733	0.00655	0.00964	0.01118	0.00540	0.01465	0.00848	0.02236	0.00694	0.00810	0.00540	0.00463	0.00308	0.00154	0.00386	0.00270	0.00308	0.00540
13	0.01106	0.00930	0.01012	0.00918	0.01158	0.01047	0.00709	0.02222	0.59202	0.02064	0.21305	0.02326	0.02317	0.00762	0.00527	0.00166	0.00355	0.00648	0.00518	0.00709
14	0.86003	0.00964	0.00733	0.00655	0.00964	0.01118	0.00540	0.01465	0.00848	0.02236	0.00694	0.00810	0.00540	0.00463	0.00308	0.00154	0.00386	0.00270	0.00308	0.00540
15	0.01234	0.01184	0.02023	0.03059	0.79373	0.01184	0.01530	0.01530	0.01135	0.01628	0.00938	0.01234	0.00790	0.00444	0.00493	0.00148	0.00592	0.00444	0.00247	0.00790
16	0.01326	0.01113	0.01175	0.01032	0.01329	0.01280	0.00810	0.12499	0.68482	0.02224	0.01920	0.01773	0.01433	0.00666	0.00506	0.00167	0.00415	0.00548	0.00506	0.00797
17	0.01458	0.01151	0.07878	0.03580	0.01391	0.01114	0.00864	0.20599	0.28172	0.13103	0.03110	0.01624	0.01241	0.00620	0.00482	0.00154	0.00450	0.00499	0.11761	0.00750
18	0.00978	0.00751	0.00898	0.00893	0.01051	0.00818	0.00703	0.01593	0.29357	0.04165	0.04113	0.16614	0.02284	0.07114	0.00775	0.00217	0.03243	0.23393	0.00464	0.00575
19	0.01777	0.00872	0.01041	0.00829	0.01140	0.00854	0.00675	0.20430	0.01541	0.38668	0.01681	0.01621	0.01152	0.00602	0.00457	0.00142	0.00399	0.00478	0.24904	0.00738
20	0.01545	0.03224	0.11018	0.04804	0.05379	0.02743	0.25703	0.13428	0.01386	0.21782	0.01240	0.01345	0.00868	0.00522	0.00549	0.00159	0.02695	0.00490	0.00375	0.00746
21	0.01124	0.04519	0.09309	0.02398	0.01397	0.00825	0.12699	0.04415	0.01162	0.14520	0.02006	0.23738	0.05232	0.01064	0.03862	0.00204	0.00532	0.09992	0.00408	0.00594
22	0.00674	0.00487	0.00574	0.00615	0.00726	0.00429	0.00437	0.00789	0.01073	0.04784	0.06422	0.41117	0.37340	0.01367	0.00607	0.00183	0.00277	0.01195	0.00473	0.00434
23	0.02066	0.00829	0.01112	0.00871	0.01231	0.00727	0.00718	0.04171	0.01428	0.69631	0.04423	0.02002	0.04623	0.00680	0.00514	0.00157	0.00416	0.02995	0.00600	0.00806
24	0.03031	0.05519	0.57063	0.04744	0.07013	0.01167	0.01597	0.05255	0.01131	0.04175	0.02759	0.02540	0.00810	0.00512	0.00473	0.00156	0.00669	0.00408	0.00255	0.00721

[dist]
# distance from previous block
# <min> <max>
3	31

[block]
# block no. 1 follows, 50 sequences, length 10
# corresponding to MSA columns:
# 81-90
name=unknown_B
#
# <colnr> <probs for GDERKNQSTAVLIFYWHMCP>
#	G	D	E	R	K	N	Q	S	T	A	V	L	I	F	Y	W	H	M	C	P
0	0.00707	0.00493	0.00667	0.00753	0.00810	0.00487	0.00564	0.00821	0.00962	0.01277	0.02367	0.37118	0.02699	0.12230	0.06652	0.04410	0.00452	0.25715	0.00415	0.00403
1	0.01196	0.01406	0.14967	0.15364	0.17693	0.06794	0.08453	0.04594	0.09311	0.03982	0.06421	0.01448	0.01082	0.00557	0.00560	0.00160	0.04542	0.00481	0.00305	0.00684
2	0.01070	0.01051	0.01375	0.07872	0.01407	0.05824	0.01009	0.01216	0.00880	0.01291	0.06341	0.01361	0.00998	0.00951	0.04998	0.00227	0.57076	0.00469	0.04047	0.00534
3	0.00737	0.00513	0.00639	0.00622	0.00750	0.00461	0.00461	0.00922	0.01276	0.05496	0.46232	0.16214	0.21537	0.01141	0.00592	0.00167	0.00257	0.00998	0.00519	0.00467
4	0.08056	0.07765	0.01399	0.01123	0.01422	0.47716	0.00877	0.12247	0.05520	0.01639	0.00914	0.01010	0.00732	0.00519	0.00432	0.00131	0.00715	0.00346	0.02710	0.04727
5	0.00706	0.00527	0.00663	0.00617	0.00756	0.00473	0.00464	0.00927	0.01358	0.01899	0.66065	0.03732	0.13932	0.01019	0.00578	0.00154	0.00244	0.00892	0.00526	0.04467
6	0.64996	0.01101	0.00898	0.00777	0.01095	0.05026	0.00633	0.12665	0.05381	0.02311	0.00845	0.00928	0.00644	0.00497	0.00354	0.00153	0.00435	0.00315	0.00345	0.00600
7	0.01342	0.40705	0.26923	0.01189	0.06914	0.01493	0.01197	0.01648	0.01089	0.11885	0.00945	0.01030	0.00727	0.00468	0.00405	0.00132	0.00587	0.00343	0.00269	0.00709
8	0.00628	0.00456	0.00581	0.00654	0.00709	0.00422	0.00444	0.00735	0.01025	0.01366	0.14126	0.56945	0.11525	0.07001	0.00754	0.00211	0.00291	0.01255	0.00464	0.00409
9	0.01202	0.00624	0.00797	0.00688	0.00909	0.00549	0.00539	0.01397	0.01353	0.28391	0.35810	0.03277	0.20567	0.00937	0.00559	0.00159	0.00304	0.00799	0.00552	0.00588

[dist]
# distance from previous block
# <min> <max>
0	5

[block]
# block no. 2 follows, 50 sequences, length 19
# corresponding to MSA columns:
# 96-114
name=unknown_C
#
# <colnr> <probs for GDERKNQSTAVLIFYWHMCP>
#	G	D	E	R	K	N	Q	S	T	A	V	L	I	F	Y	W	H	M	C	P
0	0.01223	0.01136	0.06390	0.14263	0.47559	0.01089	0.01346	0.01504	0.01092	0.08615	0.01059	0.01428	0.00875	0.06707	0.00688	0.00180	0.03392	0.00466	0.00278	0.00711
1	0.01224	0.08034	0.38894	0.07879	0.02069	0.01262	0.11136	0.15286	0.01301	0.03907	0.01039	0.03874	0.00796	0.00528	0.00489	0.00156	0.00671	0.00448	0.00288	0.00718
2	0.01101	0.01284	0.12657	0.15667	0.14963	0.05455	0.04873	0.07106	0.01128	0.01524	0.01351	0.09094	0.06514	0.00708	0.00706	0.00171	0.14219	0.00568	0.00288	0.00624
3	0.17583	0.08427	0.09312	0.01717	0.24321	0.04216	0.07974	0.10986	0.01195	0.01836	0.00875	0.01078	0.00701	0.00504	0.00542	0.00154	0.07210	0.00396	0.00282	0.00693
4	0.01026	0.00563	0.00673	0.00660	0.00791	0.00551	0.00480	0.01272	0.06911	0.13553	0.02057	0.27741	0.01987	0.08700	0.02574	0.00204	0.00342	0.00810	0.28593	0.00513
5	0.00967	0.00837	0.01144	0.01032	0.01093	0.01070	0.00833	0.05973	0.00901	0.01308	0.01145	0.01940	0.01140	0.10733	0.25244	0.00419	0.37211	0.06231	0.00278	0.00501
6	0.09815	0.14285	0.28785	0.02190	0.01635	0.03803	0.01177	0.20905	0.01382	0.06567	0.01055	0.04381	0.00824	0.00551	0.00448	0.00148	0.00590	0.00414	0.00330	0.00716
7	0.61883	0.01285	0.15722	0.00835	0.01233	0.01130	0.00815	0.05410	0.00989	0.05682	0.00815	0.00915	0.00604	0.00479	0.00358	0.00155	0.00462	0.00308	0.00314	0.00607
8	0.00941	0.00808	0.01327	0.50876	0.09538	0.00962	0.01145	0.01145	0.00921	0.01214	0.00924	0.01444	0.00778	0.03912	0.04144	0.15642	0.03096	0.00455	0.00228	0.00500
9	0.01333	0.82783	0.02612	0.00853	0.01279	0.01972	0.00853	0.01493	0.01013	0.01173	0.00693	0.00800	0.00640	0.00426	0.00320	0.00107	0.00533	0.00267	0.00213	0.00640
10	0.01117	0.17600	0.58223	0.01256	0.01893	0.01264	0.01546	0.01583	0.01078	0.05616	0.03786	0.01136	0.00814	0.00492	0.00450	0.00148	0.00663	0.00376	0.00245	0.00714
11	0.01247	0.11791	0.53976	0.01263	0.01886	0.01240	0.01506	0.07377	0.03538	0.10086	0.01043	0.01127	0.00741	0.00499	0.00461	0.00151	0.00654	0.00382	0.00285	0.00747
12	0.00740	0.00552	0.00747	0.15914	0.01151	0.00593	0.00561	0.00832	0.00830	0.01102	0.01681	0.19847	0.01882	0.44836	0.06317	0.00381	0.00526	0.00810	0.00319	0.00380
13	0.01361	0.61002	0.05221	0.01075	0.01515	0.04995	0.12178	0.01574	0.01073	0.04823	0.00807	0.00933	0.00684	0.00439	0.00378	0.00120	0.00595	0.00330	0.00239	0.00655
14	0.01176	0.00766	0.00818	0.00739	0.00949	0.00827	0.00574	0.05704	0.29939	0.07367	0.04574	0.01881	0.01467	0.00635	0.00434	0.00142	0.00322	0.00519	0.40536	0.00631
15	0.00907	0.03749	0.01052	0.00941	0.02688	0.05818	0.03519	0.01027	0.00913	0.01230	0.07267	0.09950	0.01716	0.24292	0.13616	0.00363	0.16821	0.03366	0.00311	0.00455
16	0.00657	0.00508	0.00605	0.00592	0.00727	0.00455	0.00446	0.00841	0.01257	0.01666	0.41509	0.06431	0.35501	0.01227	0.02972	0.00184	0.00283	0.03190	0.00499	0.00447
17	0.00624	0.00459	0.00629	0.00712	0.00761	0.00427	0.02008	0.00729	0.00994	0.01328	0.07709	0.72949	0.05819	0.01494	0.00631	0.00198	0.00296	0.01355	0.00464	0.00415
18	0.01399	0.72948	0.02473	0.00895	0.01311	0.05515	0.00865	0.07296	0.01132	0.01324	0.00735	0.00834	0.00656	0.00443	0.00339	0.00111	0.00551	0.00283	0.00237	0.00653

[dist]
# distance from previous block
# <min> <max>
0	3

[block]
# block no. 3 follows, 50 sequences, length 13
# corresponding to MSA columns:
# 118-130
name=unknown_D
#
# <colnr> <probs for GDERKNQSTAVLIFYWHMCP>
#	G	D	E	R	K	N	Q	S	T	A	V	L	I	F	Y	W	H	M	C	P
0	0.01043	0.13095	0.69765	0.01346	0.02042	0.01264	0.01712	0.01567	0.01047	0.01525	0.00868	0.01019	0.00632	0.00467	0.00453	0.00151	0.00710	0.00355	0.00211	0.00724
1	0.01310	0.77386	0.07812	0.00891	0.01338	0.01917	0.00919	0.01498	0.01015	0.01200	0.00707	0.00817	0.00639	0.00430	0.00330	0.00110	0.00547	0.00273	0.00213	0.00646
2	0.01240	0.01154	0.01984	0.09497	0.67652	0.01166	0.04276	0.01540	0.01134	0.04154	0.00970	0.01261	0.00792	0.00453	0.00498	0.00150	0.00602	0.00451	0.00257	0.00767
3	0.00645	0.00466	0.00610	0.00660	0.00729	0.00431	0.00462	0.00791	0.01140	0.01559	0.32630	0.48450	0.06895	0.01338	0.00615	0.00183	0.00267	0.01201	0.00496	0.00431
4	0.00713	0.00462	0.00553	0.00598	0.00681	0.00434	0.00423	0.00869	0.01073	0.01564	0.15009	0.38659	0.10803	0.01164	0.00542	0.00167	0.00260	0.01025	0.24568	0.00434
5	0.01333	0.82783	0.02612	0.00853	0.01279	0.01972	0.00853	0.01493	0.01013	0.01173	0.00693	0.00800	0.00640	0.00426	0.00320	0.00107	0.00533	0.00267	0.00213	0.00640
6	0.01230	0.04729	0.30110	0.01099	0.01503	0.01000	0.01146	0.01608	0.05245	0.18381	0.01543	0.09210	0.03784	0.00898	0.05187	0.00205	0.09360	0.02733	0.00358	0.00672
7	0.00713	0.00509	0.00699	0.00815	0.00890	0.00496	0.00646	0.00876	0.01058	0.01390	0.02689	0.40983	0.03066	0.01462	0.00664	0.00217	0.00381	0.41551	0.00461	0.00434
8	0.01103	0.12024	0.66663	0.01326	0.02007	0.01233	0.01667	0.01612	0.01067	0.05549	0.00926	0.01055	0.00663	0.00475	0.00457	0.00152	0.00696	0.00363	0.00232	0.00731
9	0.01108	0.22190	0.11314	0.00854	0.01263	0.03185	0.00810	0.03191	0.03779	0.03419	0.05854	0.01666	0.11273	0.00577	0.00424	0.00118	0.00455	0.00449	0.00319	0.27751
10	0.00805	0.04522	0.01080	0.12206	0.04120	0.00720	0.06634	0.01019	0.01114	0.01440	0.09591	0.15390	0.19567	0.01072	0.00591	0.00183	0.00433	0.18620	0.00400	0.00493
11	0.00798	0.00531	0.00707	0.00770	0.00864	0.00510	0.00602	0.00957	0.01085	0.05437	0.09926	0.25846	0.05499	0.10779	0.00867	0.00239	0.00385	0.33294	0.00459	0.00446
12	0.09209	0.06106	0.13709	0.01232	0.05337	0.01166	0.08765	0.16125	0.06469	0.24962	0.01325	0.01324	0.00920	0.00542	0.00477	0.00153	0.00547	0.00446	0.00418	0.00766

[dist]
# distance from previous block
# <min> <max>
0	7

[block]
# block no. 4 follows, 50 sequences, length 10
# corresponding to MSA columns:
# 138-147
name=unknown_E
#
# <colnr> <probs for GDERKNQSTAVLIFYWHMCP>
#	G	D	E	R	K	N	Q	S	T	A	V	L	I	F	Y	W	H	M	C	P
0	0.08650	0.15433	0.26192	0.03368	0.05836	0.06734	0.03361	0.05172	0.01139	0.05532	0.01002	0.01126	0.02491	0.00483	0.00428	0.00136	0.00593	0.00368	0.00277	0.11679
1	0.64062	0.00951	0.00906	0.00873	0.06099	0.01060	0.03103	0.01499	0.03971	0.04877	0.04616	0.01224	0.04017	0.00532	0.00368	0.00156	0.00403	0.00372	0.00339	0.00573
2	0.79191	0.00955	0.00767	0.00674	0.00989	0.01087	0.00555	0.01544	0.00895	0.08538	0.00798	0.00882	0.00596	0.00475	0.00324	0.00154	0.00389	0.00289	0.00334	0.00565
3	0.00893	0.00774	0.01057	0.08778	0.14999	0.03969	0.04824	0.01105	0.01129	0.01533	0.13129	0.05988	0.21311	0.05938	0.00648	0.00175	0.00420	0.00724	0.12082	0.00523
4	0.00672	0.00502	0.00624	0.00606	0.00727	0.00454	0.00450	0.00870	0.01312	0.01794	0.56432	0.10764	0.20720	0.01119	0.00592	0.00163	0.00244	0.00979	0.00523	0.00454
5	0.00920	0.00547	0.00704	0.00652	0.00803	0.00498	0.00493	0.01127	0.01326	0.12961	0.50618	0.11061	0.09061	0.01004	0.00565	0.00159	0.00268	0.00878	0.05840	0.00514
6	0.01270	0.67667	0.17178	0.00960	0.01445	0.01819	0.01039	0.01509	0.01020	0.01249	0.00731	0.00847	0.00638	0.00435	0.00349	0.00116	0.00571	0.00286	0.00213	0.00658
7	0.00775	0.00572	0.00716	0.00694	0.00731	0.00638	0.00472	0.00898	0.04499	0.01089	0.01459	0.02680	0.01558	0.51334	0.23051	0.00532	0.06979	0.00644	0.00296	0.00382
8	0.01091	0.01091	0.01527	0.01309	0.01309	0.01527	0.01091	0.01200	0.00763	0.01200	0.00654	0.01091	0.00654	0.00872	0.01636	0.00218	0.81570	0.00436	0.00218	0.00545
9	0.01589	0.01047	0.01186	0.00975	0.01293	0.01119	0.00782	0.25904	0.27132	0.19368	0.12388	0.01873	0.01686	0.00686	0.00514	0.00158	0.00427	0.00561	0.00534	0.00776

[dist]
# distance from previous block
# <min> <max>
0	1

[block]
# block no. 5 follows, 50 sequences, length 18
# corresponding to MSA columns:
# 149-166
name=unknown_F
#
# <colnr> <probs for GDERKNQSTAVLIFYWHMCP>
#	G	D	E	R	K	N	Q	S	T	A	V	L	I	F	Y	W	H	M	C	P
0	0.01000	0.00540	0.00567	0.00537	0.00679	0.00547	0.00410	0.04734	0.03639	0.03978	0.07704	0.01970	0.01533	0.00620	0.00383	0.00124	0.00257	0.00502	0.69773	0.00503
1	0.01204	0.44946	0.36589	0.01112	0.01674	0.01600	0.01291	0.03910	0.01072	0.01413	0.00797	0.00923	0.00643	0.00453	0.00393	0.00131	0.00623	0.00317	0.00221	0.00689
2	0.00676	0.00477	0.00577	0.00618	0.00657	0.00462	0.00402	0.00740	0.00880	0.01160	0.04043	0.28583	0.10543	0.39190	0.04903	0.00355	0.00427	0.04562	0.00381	0.00364
3	0.00725	0.00483	0.00544	0.00544	0.00544	0.00483	0.00302	0.00725	0.00725	0.00966	0.01571	0.03262	0.01812	0.82483	0.02537	0.00483	0.00483	0.00725	0.00302	0.00302
4	0.01034	0.00886	0.01034	0.00738	0.01181	0.00664	0.00591	0.01255	0.01034	0.01624	0.00886	0.01034	0.00738	0.00369	0.00369	0.00074	0.00369	0.00295	0.00295	0.85530
5	0.01000	0.02578	0.79900	0.01421	0.02157	0.01158	0.01842	0.01579	0.01052	0.01579	0.00895	0.01052	0.00631	0.00474	0.00474	0.00158	0.00737	0.00368	0.00210	0.00737
6	0.00960	0.03326	0.01530	0.75077	0.03268	0.01153	0.01354	0.01276	0.00986	0.01267	0.00869	0.01302	0.00663	0.00514	0.00547	0.00167	0.04526	0.00437	0.00221	0.00556
7	0.00855	0.00439	0.00652	0.00652	0.00655	0.00442	0.00436	0.00661	0.00658	0.00881	0.00909	0.01594	0.00914	0.04641	0.05056	0.79190	0.00470	0.00447	0.00221	0.00228
8	0.00725	0.00483	0.00544	0.00544	0.00544	0.00483	0.00302	0.00725	0.00725	0.00966	0.01571	0.03262	0.01812	0.82483	0.02537	0.00483	0.00483	0.00725	0.00302	0.00302
9	0.01317	0.78987	0.06270	0.00880	0.01321	0.01934	0.00900	0.01497	0.01015	0.01192	0.00703	0.00812	0.00639	0.00429	0.00327	0.00109	0.00543	0.00271	0.00213	0.00644
10	0.00607	0.00434	0.00578	0.00694	0.00723	0.00405	0.00463	0.00694	0.00954	0.01272	0.02747	0.82157	0.03297	0.01562	0.00636	0.00202	0.00289	0.01417	0.00463	0.00405
11	0.00683	0.00509	0.00635	0.00604	0.00731	0.00461	0.00453	0.00897	0.01358	0.01873	0.64849	0.03930	0.19043	0.01066	0.00588	0.00159	0.00238	0.00930	0.00532	0.00461
12	0.00638	0.00466	0.00601	0.00663	0.00733	0.00429	0.00466	0.00773	0.01102	0.01483	0.23545	0.50489	0.11729	0.01378	0.00620	0.00187	0.00276	0.03510	0.00486	0.00426
13	0.00713	0.00507	0.00649	0.00613	0.00733	0.00468	0.00460	0.00943	0.01380	0.01964	0.71806	0.03669	0.07677	0.01006	0.00575	0.00155	0.00236	0.00884	0.05097	0.00468
14	0.00613	0.00438	0.00584	0.00690	0.00724	0.00409	0.00463	0.00709	0.00982	0.01317	0.07385	0.77394	0.03382	0.01529	0.00633	0.00200	0.00286	0.01386	0.00468	0.00409
15	0.00995	0.00950	0.01650	0.70397	0.03288	0.01137	0.09527	0.03607	0.01056	0.01364	0.00908	0.01327	0.00680	0.00493	0.00508	0.00166	0.00680	0.00459	0.00233	0.00575
16	0.01507	0.00867	0.01029	0.00868	0.01152	0.00885	0.00690	0.06527	0.27556	0.29280	0.16176	0.02108	0.01953	0.00708	0.00509	0.00157	0.00373	0.00591	0.06334	0.00732
17	0.04034	0.34636	0.09364	0.04412	0.06292	0.09429	0.01015	0.12639	0.08206	0.04177	0.00976	0.01063	0.00774	0.00498	0.00413	0.00133	0.00580	0.00360	0.00303	0.00695

[dist]
# distance from previous block
# <min> <max>
0	1

[block]
# block no. 6 follows, 50 sequences, length 71
# corresponding to MSA columns:
# 168-238
name=unknown_G
#
# <colnr> <probs for GDERKNQSTAVLIFYWHMCP>
#	G	D	E	R	K	N	Q	S	T	A	V	L	I	F	Y	W	H	M	C	P
0	0.01538	0.01696	0.01264	0.01144	0.01414	0.39235	0.00872	0.02333	0.41523	0.01670	0.01425	0.01399	0.01100	0.00598	0.00479	0.00150	0.00636	0.00447	0.00387	0.00688
1	0.01317	0.08202	0.25545	0.01130	0.01584	0.01267	0.01130	0.09955	0.34606	0.07875	0.01480	0.01444	0.01084	0.00581	0.00480	0.00157	0.00529	0.00463	0.00399	0.00771
2	0.00915	0.00744	0.00840	0.00782	0.00970	0.00789	0.00595	0.01630	0.34196	0.01923	0.33816	0.07200	0.11725	0.00929	0.00556	0.00166	0.00308	0.00802	0.00517	0.00597
3	0.00607	0.00434	0.00578	0.00694	0.00723	0.00405	0.00463	0.00694	0.00954	0.01272	0.02747	0.82157	0.03297	0.01562	0.00636	0.00202	0.00289	0.01417	0.00463	0.00405
4	0.00721	0.00497	0.00614	0.00614	0.00638	0.00521	0.00389	0.00770	0.00746	0.01018	0.01507	0.02908	0.01658	0.61105	0.23704	0.00570	0.00715	0.00673	0.00293	0.00341
5	0.01333	0.82783	0.02612	0.00853	0.01279	0.01972	0.00853	0.01493	0.01013	0.01173	0.00693	0.00800	0.00640	0.00426	0.00320	0.00107	0.00533	0.00267	0.00213	0.00640
6	0.00941	0.00886	0.01495	0.81285	0.03433	0.01107	0.01384	0.01274	0.00997	0.01274	0.00886	0.01329	0.00664	0.00498	0.00498	0.00166	0.00664	0.00443	0.00221	0.00554
7	0.00614	0.00438	0.00586	0.00701	0.00733	0.00410	0.00474	0.00705	0.00961	0.01280	0.02744	0.79613	0.03282	0.01555	0.00638	0.00203	0.00295	0.03897	0.00463	0.00407
8	0.01168	0.00994	0.01371	0.01235	0.06343	0.01055	0.12338	0.07166	0.34870	0.04077	0.14029	0.04990	0.01955	0.00745	0.00546	0.00169	0.00461	0.05339	0.00457	0.00693
9	0.02829	0.03411	0.10635	0.05383	0.18946	0.04462	0.07464	0.01955	0.03093	0.34702	0.01381	0.01406	0.00955	0.00530	0.00494	0.00153	0.00566	0.00462	0.00405	0.00771
10	0.00941	0.00886	0.01495	0.81285	0.03433	0.01107	0.01384	0.01274	0.00997	0.01274	0.00886	0.01329	0.00664	0.00498	0.00498	0.00166	0.00664	0.00443	0.00221	0.00554
11	0.75236	0.01108	0.00814	0.00727	0.01031	0.09383	0.00589	0.01543	0.00921	0.03976	0.00732	0.00840	0.00567	0.00472	0.00328	0.00152	0.00440	0.00281	0.00310	0.00551
12	0.00712	0.00534	0.00801	0.00801	0.00890	0.00623	0.00623	0.00890	0.00801	0.01157	0.01335	0.01958	0.01246	0.03738	0.80507	0.00801	0.01335	0.00534	0.00267	0.00445
13	0.05640	0.01401	0.01392	0.01144	0.03473	0.12020	0.00904	0.45608	0.04734	0.10098	0.01183	0.01201	0.00856	0.00577	0.00509	0.00146	0.02831	0.00424	0.00444	0.05415
14	0.01163	0.13016	0.47939	0.01224	0.01795	0.01210	0.02557	0.02581	0.05233	0.08199	0.01159	0.02659	0.02869	0.00543	0.00504	0.00152	0.03548	0.00418	0.00279	0.02953
15	0.01270	0.01156	0.01680	0.09599	0.47478	0.07475	0.01267	0.03515	0.01165	0.06486	0.01153	0.08849	0.01027	0.00584	0.00531	0.00153	0.02691	0.00525	0.00296	0.03100
16	0.01234	0.01184	0.02023	0.03059	0.79373	0.01184	0.01530	0.01530	0.01135	0.01628	0.00938	0.01234	0.00790	0.00444	0.00493	0.00148	0.00592	0.00444	0.00247	0.00790
17	0.00756	0.00627	0.00917	0.28445	0.01659	0.00674	0.00772	0.00988	0.01162	0.01551	0.30683	0.15081	0.12866	0.00955	0.00565	0.00169	0.00394	0.00842	0.00411	0.00483
18	0.04462	0.05837	0.10276	0.04181	0.01928	0.06559	0.26701	0.10191	0.09314	0.13737	0.01221	0.01325	0.00880	0.00513	0.00508	0.00156	0.00652	0.00482	0.00356	0.00720
19	0.01006	0.02537	0.77342	0.01443	0.02172	0.01161	0.04359	0.01579	0.01056	0.01579	0.00898	0.01062	0.00636	0.00472	0.00477	0.00158	0.00740	0.00376	0.00212	0.00735
20	0.01862	0.02376	0.01413	0.01284	0.01541	0.80482	0.00963	0.01990	0.01413	0.01220	0.00770	0.00899	0.00642	0.00514	0.00449	0.00128	0.00899	0.00321	0.00257	0.00578
21	0.00759	0.00524	0.00693	0.00718	0.00830	0.00491	0.00560	0.00957	0.01241	0.04372	0.37882	0.18867	0.08113	0.01214	0.00620	0.00185	0.00311	0.20691	0.00507	0.00465
22	0.01075	0.02232	0.58650	0.01540	0.02201	0.01195	0.17520	0.04241	0.03626	0.01653	0.00965	0.01144	0.00694	0.00473	0.00499	0.00160	0.00741	0.00423	0.00239	0.00729
23	0.01235	0.00600	0.00663	0.00589	0.00774	0.00589	0.00460	0.06730	0.01205	0.16151	0.01658	0.01783	0.01240	0.00589	0.00387	0.00125	0.00289	0.00470	0.63902	0.00561
24	0.01000	0.02578	0.79900	0.01421	0.02157	0.01158	0.01842	0.01579	0.01052	0.01579	0.00895	0.01052	0.00631	0.00474	0.00474	0.00158	0.00737	0.00368	0.00210	0.00737
25	0.00589	0.00505	0.00505	0.00505	0.00673	0.00421	0.00379	0.00715	0.01136	0.01347	0.05049	0.04797	0.79171	0.01262	0.00589	0.00168	0.00252	0.01052	0.00463	0.00421
26	0.00803	0.00574	0.00803	0.00918	0.01033	0.00574	0.00803	0.01033	0.01147	0.01492	0.02639	0.05622	0.02869	0.01377	0.00688	0.00229	0.00459	0.76018	0.00459	0.00459
27	0.05912	0.01507	0.12543	0.01912	0.02428	0.03330	0.61630	0.01597	0.01149	0.01620	0.00970	0.01266	0.00725	0.00432	0.00554	0.00165	0.00803	0.00535	0.00250	0.00671
28	0.00762	0.00561	0.00708	0.00658	0.00792	0.00537	0.00497	0.03028	0.05401	0.02019	0.71518	0.03584	0.06033	0.00996	0.00581	0.00157	0.00252	0.00875	0.00543	0.00496
29	0.00690	0.00499	0.00621	0.00605	0.00722	0.00456	0.00448	0.00894	0.01303	0.01819	0.55817	0.11390	0.16032	0.01085	0.00579	0.00161	0.00243	0.00951	0.05227	0.00456
30	0.00746	0.00545	0.02774	0.00758	0.00843	0.00472	0.02548	0.00863	0.00998	0.06537	0.04098	0.69010	0.03013	0.03410	0.00667	0.00203	0.00328	0.01279	0.00459	0.00449
31	0.01131	0.22274	0.39467	0.01466	0.02061	0.01389	0.22382	0.01562	0.01077	0.01482	0.00875	0.01069	0.00668	0.00447	0.00467	0.00148	0.00714	0.00403	0.00223	0.00695
32	0.01034	0.10920	0.71861	0.01362	0.02066	0.01242	0.01739	0.01570	0.01048	0.01536	0.00874	0.01026	0.00632	0.00469	0.00458	0.00153	0.00715	0.00358	0.00211	0.00727
33	0.02229	0.00860	0.01164	0.00892	0.01278	0.00750	0.00737	0.04049	0.01446	0.78071	0.01950	0.01686	0.01226	0.00617	0.00501	0.00154	0.00427	0.00500	0.00614	0.00848
34	0.03261	0.00976	0.01660	0.36635	0.18964	0.01101	0.10120	0.01318	0.01034	0.01423	0.01112	0.05501	0.00995	0.00627	0.00617	0.00173	0.07275	0.06344	0.00262	0.00602
35	0.01151	0.09540	0.61798	0.01350	0.02013	0.01233	0.04255	0.05902	0.01145	0.05733	0.00954	0.01082	0.00680	0.00482	0.00467	0.00153	0.00695	0.00378	0.00250	0.00738
36	0.04911	0.01395	0.01430	0.01114	0.01498	0.06922	0.00913	0.62436	0.02137	0.10423	0.01224	0.01211	0.00860	0.00589	0.00489	0.00149	0.00555	0.00439	0.00487	0.00818
37	0.00712	0.00533	0.00794	0.00794	0.00880	0.00619	0.00614	0.00885	0.00799	0.01152	0.01342	0.01995	0.01262	0.05943	0.78324	0.00792	0.01311	0.00539	0.00268	0.00441
38	0.01658	0.14392	0.09940	0.00908	0.01325	0.00979	0.00841	0.04501	0.01295	0.39000	0.07598	0.01534	0.01266	0.00568	0.00458	0.00136	0.00458	0.00451	0.00454	0.12239
39	0.01269	0.01193	0.13078	0.01178	0.08867	0.00900	0.03658	0.04161	0.07395	0.13872	0.04423	0.01434	0.01071	0.00518	0.00476	0.00128	0.01816	0.01748	0.00362	0.32453
40	0.01110	0.05003	0.56803	0.01307	0.01929	0.05130	0.04160	0.03580	0.01119	0.04271	0.01081	0.03099	0.02769	0.00520	0.00473	0.00151	0.00679	0.00415	0.00254	0.06146
41	0.00712	0.00529	0.00561	0.00540	0.00720	0.00446	0.00409	0.00850	0.01174	0.06871	0.09590	0.04511	0.68936	0.01202	0.00583	0.00167	0.00263	0.01004	0.00479	0.00454
42	0.00700	0.00509	0.00659	0.00621	0.00741	0.00468	0.00466	0.00930	0.01398	0.01968	0.75579	0.03774	0.08254	0.01031	0.00588	0.00157	0.00236	0.00909	0.00545	0.00468
43	0.01061	0.01104	0.02033	0.01556	0.01813	0.01211	0.36782	0.01339	0.01074	0.01530	0.15039	0.01687	0.01436	0.00687	0.00955	0.00184	0.29032	0.00592	0.00294	0.00591
44	0.01080	0.02326	0.68975	0.01341	0.02010	0.01098	0.01681	0.01606	0.01093	0.07479	0.04719	0.01229	0.00872	0.00517	0.00499	0.00158	0.01924	0.00405	0.00257	0.00729
45	0.00639	0.00461	0.00595	0.00657	0.00723	0.00425	0.00456	0.00773	0.01096	0.01491	0.24130	0.53133	0.09270	0.01370	0.00614	0.00186	0.00270	0.01229	0.02054	0.00425
46	0.01194	0.01207	0.06360	0.09838	0.03865	0.03918	0.14917	0.09625	0.12601	0.01770	0.01135	0.02385	0.00894	0.00562	0.01919	0.00150	0.02280	0.00452	0.00324	0.24604
47	0.01873	0.01526	0.01466	0.01156	0.01529	0.13252	0.00940	0.65162	0.02183	0.02834	0.01141	0.01164	0.00824	0.00585	0.00489	0.00146	0.00595	0.00430	0.01904	0.00801
48	0.03342	0.13614	0.14457	0.14389	0.01784	0.25921	0.02216	0.01533	0.01208	0.01444	0.14134	0.01466	0.01334	0.00575	0.00465	0.00142	0.00653	0.00443	0.00288	0.00591
49	0.01324	0.01200	0.05329	0.01048	0.01365	0.03331	0.00858	0.07856	0.64324	0.04786	0.01875	0.01739	0.01394	0.00654	0.00503	0.00166	0.00438	0.00537	0.00488	0.00787
50	0.00784	0.00725	0.06809	0.03642	0.01026	0.00577	0.03258	0.01013	0.01228	0.04362	0.38261	0.09186	0.18532	0.03195	0.02740	0.00187	0.00363	0.00857	0.00459	0.02794
51	0.01269	0.15837	0.47636	0.01221	0.01810	0.01196	0.03498	0.01685	0.01113	0.15504	0.01122	0.04058	0.00840	0.00529	0.00461	0.00150	0.00633	0.00419	0.00294	0.00726
52	0.01263	0.66585	0.15299	0.00933	0.01399	0.01784	0.00998	0.01495	0.01020	0.01264	0.00760	0.00879	0.00661	0.00440	0.00346	0.00115	0.00556	0.00290	0.03262	0.00649
53	0.00734	0.00523	0.00717	0.00823	0.00906	0.00513	0.00664	0.00910	0.01079	0.01420	0.05271	0.30057	0.03031	0.04349	0.00735	0.00227	0.00398	0.46750	0.00458	0.00436
54	0.01125	0.17753	0.53414	0.01374	0.02003	0.05355	0.09229	0.01585	0.01076	0.01485	0.00861	0.01026	0.00646	0.00461	0.00455	0.00148	0.00716	0.00369	0.00218	0.00704
55	0.03217	0.01427	0.08939	0.03273	0.01612	0.06990	0.03733	0.39263	0.06232	0.18281	0.01318	0.01304	0.00916	0.00577	0.00494	0.00152	0.00568	0.00451	0.00459	0.00795
56	0.01842	0.02211	0.01381	0.01246	0.01511	0.71168	0.00940	0.02056	0.06362	0.05433	0.00915	0.01003	0.00730	0.00530	0.00456	0.00132	0.00841	0.00346	0.00292	0.00606
57	0.03055	0.00529	0.00639	0.00612	0.00752	0.00482	0.00458	0.00956	0.01280	0.05520	0.46430	0.10463	0.22590	0.01079	0.00574	0.00162	0.00257	0.00935	0.02752	0.00472
58	0.04171	0.16441	0.37497	0.03342	0.01866	0.03350	0.09119	0.04365	0.03942	0.08471	0.01075	0.01185	0.02034	0.00498	0.00458	0.00149	0.00646	0.00403	0.00281	0.00707
59	0.00941	0.00886	0.01495	0.81285	0.03433	0.01107	0.01384	0.01274	0.00997	0.01274	0.00886	0.01329	0.00664	0.00498	0.00498	0.00166	0.00664	0.00443	0.00221	0.00554
60	0.00771	0.00526	0.00653	0.00615	0.00757	0.00475	0.00467	0.00981	0.01335	0.05925	0.54969	0.03816	0.20205	0.01041	0.00577	0.00159	0.00253	0.02398	0.03597	0.00479
61	0.01024	0.00846	0.05572	0.03152	0.14526	0.00740	0.05359	0.03272	0.01228	0.09428	0.22003	0.16131	0.05044	0.00893	0.00556	0.00166	0.00420	0.05015	0.04037	0.00588
62	0.04316	0.05061	0.05912	0.04234	0.01810	0.01074	0.27459	0.04613	0.08703	0.18995	0.01551	0.05096	0.02805	0.00629	0.00534	0.00166	0.00592	0.05368	0.00390	0.00692
63	0.00866	0.00433	0.00649	0.00649	0.00649	0.00433	0.00433	0.00649	0.00649	0.00866	0.00866	0.01515	0.00866	0.01732	0.01948	0.85498	0.00433	0.00433	0.00216	0.00216
64	0.03947	0.00667	0.00853	0.03061	0.01005	0.00697	0.00646	0.04912	0.01175	0.09910	0.16109	0.17712	0.10569	0.03263	0.02446	0.00204	0.08300	0.12028	0.01980	0.00517
65	0.03435	0.11071	0.14284	0.01556	0.10298	0.07515	0.21675	0.01776	0.07551	0.11954	0.01241	0.01358	0.02991	0.00511	0.00492	0.00152	0.00646	0.00470	0.00317	0.00707
66	0.01408	0.01184	0.01865	0.02854	0.01765	0.07274	0.26765	0.01647	0.01112	0.18877	0.01167	0.04223	0.00923	0.00704	0.02278	0.00189	0.24251	0.00530	0.00331	0.00652
67	0.03198	0.00451	0.00657	0.00655	0.00667	0.00459	0.00443	0.00680	0.00660	0.00914	0.00878	0.01512	0.00870	0.01769	0.04720	0.80118	0.00464	0.00432	0.00221	0.00234
68	0.00885	0.00772	0.01083	0.08997	0.11429	0.02969	0.04964	0.03830	0.02223	0.01579	0.14826	0.12810	0.17829	0.00998	0.00581	0.00176	0.00434	0.12677	0.00409	0.00532
69	0.01479	0.01243	0.07649	0.08311	0.09006	0.06419	0.16090	0.07382	0.05543	0.21603	0.03834	0.04221	0.01150	0.00597	0.00539	0.00160	0.01813	0.01855	0.00391	0.00715
70	0.01408	0.29516	0.14506	0.01300	0.01745	0.20599	0.15421	0.05904	0.02566	0.01453	0.00854	0.01006	0.00688	0.00468	0.00439	0.00135	0.00709	0.00371	0.00252	0.00660

[dist]
# distance from previous block
# <min> <max>
0	49

# created by:
# /home/berkeley/.conda/envs/busco_data_prod/bin/msa2prfl.pl pipeline/OGs_align_augustus/33634/163757.fs
