[name]
unknown

[dist]
# distance from previous block
# <min> <max>
0	190

[block]
# block no. 0 follows, 41 sequences, length 33
# corresponding to MSA columns:
# 206-238
name=unknown_A
#
# <colnr> <probs for GDERKNQSTAVLIFYWHMCP>
#	G	D	E	R	K	N	Q	S	T	A	V	L	I	F	Y	W	H	M	C	P
0	0.00910	0.00655	0.00905	0.01031	0.01165	0.00650	0.00898	0.01167	0.01316	0.01704	0.03162	0.06406	0.06807	0.01574	0.00785	0.00260	0.00515	0.69039	0.00527	0.00525
1	0.03791	0.01237	0.01310	0.01155	0.01494	0.01413	0.00906	0.07580	0.65031	0.06064	0.02221	0.02043	0.01649	0.00760	0.00575	0.00191	0.00465	0.00626	0.00581	0.00905
2	0.01672	0.01337	0.01430	0.01214	0.01577	0.01514	0.00972	0.28950	0.45279	0.02801	0.02014	0.02065	0.01539	0.00782	0.00588	0.00189	0.00521	0.04067	0.00576	0.00912
3	0.01108	0.00922	0.01014	0.00985	0.01199	0.01012	0.00735	0.02076	0.43359	0.01999	0.02936	0.28375	0.09550	0.01181	0.00641	0.00207	0.00397	0.01028	0.00560	0.00717
4	0.01116	0.07392	0.01819	0.72284	0.03741	0.01351	0.01539	0.01482	0.01145	0.01452	0.00999	0.01476	0.00760	0.00565	0.00555	0.00185	0.00750	0.00492	0.00253	0.00643
5	0.01317	0.01340	0.06648	0.17447	0.31778	0.01227	0.11298	0.01685	0.01261	0.04043	0.01097	0.01416	0.00866	0.00511	0.00555	0.00162	0.00692	0.00497	0.00299	0.15859
6	0.00937	0.00580	0.00667	0.00648	0.00675	0.00572	0.00377	0.00951	0.00881	0.05711	0.01830	0.03634	0.02039	0.75079	0.02769	0.00532	0.00550	0.00816	0.00369	0.00385
7	0.01206	0.01247	0.09109	0.28098	0.12422	0.01207	0.06395	0.01785	0.12852	0.01838	0.01383	0.01675	0.01062	0.00613	0.00577	0.00179	0.02396	0.00537	0.14693	0.00726
8	0.01024	0.00578	0.00677	0.00710	0.00841	0.00563	0.00551	0.01250	0.01222	0.05162	0.02486	0.14020	0.05466	0.03841	0.00639	0.00195	0.00353	0.16502	0.43387	0.00533
9	0.01511	0.43039	0.23534	0.01238	0.01798	0.09608	0.01313	0.05488	0.04699	0.01643	0.00969	0.01089	0.00790	0.00538	0.00452	0.00147	0.00714	0.00371	0.00281	0.00778
10	0.01529	0.80242	0.02997	0.00979	0.01468	0.02263	0.00979	0.01713	0.01162	0.01346	0.00795	0.00918	0.00734	0.00489	0.00367	0.00122	0.00612	0.00306	0.00245	0.00734
11	0.00713	0.00499	0.00658	0.00785	0.00823	0.00468	0.00525	0.00820	0.01100	0.01489	0.03096	0.76146	0.03682	0.01743	0.00716	0.00228	0.00329	0.01578	0.04134	0.00468
12	0.00775	0.00531	0.00641	0.00697	0.00711	0.00517	0.00425	0.00817	0.00943	0.01257	0.02373	0.35780	0.02800	0.46878	0.01989	0.00418	0.00460	0.01168	0.00425	0.00396
13	0.01219	0.01132	0.01843	0.41619	0.29728	0.01262	0.01533	0.04863	0.01285	0.01714	0.01439	0.01799	0.06886	0.00625	0.00578	0.00182	0.00688	0.00565	0.00302	0.00736
14	0.00832	0.00555	0.00624	0.00624	0.00624	0.00555	0.00347	0.00832	0.00832	0.01109	0.01802	0.03743	0.02080	0.79898	0.02911	0.00555	0.00555	0.00832	0.00347	0.00347
15	0.02137	0.02726	0.01621	0.01474	0.01768	0.77602	0.01105	0.02284	0.01621	0.01400	0.00884	0.01031	0.00737	0.00589	0.00516	0.00147	0.01031	0.00368	0.00295	0.00663
16	0.01970	0.04345	0.01767	0.01498	0.01815	0.57245	0.06403	0.05567	0.07534	0.01610	0.01035	0.01180	0.00839	0.00617	0.00591	0.00159	0.04369	0.00424	0.00327	0.00705
17	0.00824	0.00635	0.00758	0.00719	0.00884	0.00596	0.00542	0.01169	0.07465	0.02105	0.51642	0.04424	0.23682	0.01211	0.00668	0.00185	0.00290	0.01049	0.00600	0.00554
18	0.02137	0.02726	0.01621	0.01474	0.01768	0.77602	0.01105	0.02284	0.01621	0.01400	0.00884	0.01031	0.00737	0.00589	0.00516	0.00147	0.01031	0.00368	0.00295	0.00663
19	0.00697	0.00498	0.00664	0.00796	0.00830	0.00465	0.00531	0.00796	0.01095	0.01460	0.03153	0.79525	0.03783	0.01792	0.00730	0.00232	0.00332	0.01626	0.00531	0.00465
20	0.01529	0.80242	0.02997	0.00979	0.01468	0.02263	0.00979	0.01713	0.01162	0.01346	0.00795	0.00918	0.00734	0.00489	0.00367	0.00122	0.00612	0.00306	0.00245	0.00734
21	0.03423	0.00772	0.00888	0.00774	0.01007	0.03318	0.00593	0.01249	0.01499	0.04399	0.50631	0.03442	0.07603	0.00983	0.00607	0.00160	0.00340	0.00847	0.00550	0.16913
22	0.00697	0.00498	0.00664	0.00796	0.00830	0.00465	0.00531	0.00796	0.01095	0.01460	0.03153	0.79525	0.03783	0.01792	0.00730	0.00232	0.00332	0.01626	0.00531	0.00465
23	0.01423	0.01229	0.01293	0.01164	0.01487	0.01423	0.00905	0.03039	0.75297	0.02393	0.02328	0.02134	0.01746	0.00776	0.00582	0.00194	0.00453	0.00647	0.00582	0.00905
24	0.01147	0.02959	0.76934	0.01630	0.02476	0.01328	0.02113	0.01811	0.01208	0.01811	0.01026	0.01208	0.00725	0.00543	0.00543	0.00181	0.00845	0.00423	0.00242	0.00845
25	0.01423	0.01229	0.01293	0.01164	0.01487	0.01423	0.00905	0.03039	0.75297	0.02393	0.02328	0.02134	0.01746	0.00776	0.00582	0.00194	0.00453	0.00647	0.00582	0.00905
26	0.00818	0.00610	0.00905	0.00905	0.01002	0.00707	0.00697	0.01012	0.00915	0.01317	0.01546	0.02322	0.01462	0.08063	0.73902	0.00901	0.01483	0.00624	0.00308	0.00503
27	0.02117	0.02645	0.01673	0.01492	0.01802	0.72204	0.03090	0.05441	0.01661	0.01508	0.00913	0.01060	0.00751	0.00591	0.00523	0.00150	0.01012	0.00383	0.00307	0.00680
28	0.06993	0.00734	0.00909	0.00965	0.01129	0.00746	0.00803	0.06923	0.01383	0.01903	0.06454	0.15710	0.08566	0.01433	0.00719	0.00236	0.00471	0.42841	0.00524	0.00557
29	0.10311	0.01442	0.01797	0.01352	0.01825	0.01503	0.12302	0.43397	0.02061	0.04547	0.01247	0.01339	0.00911	0.00601	0.00544	0.00163	0.00629	0.00494	0.00474	0.13060
30	0.00832	0.00555	0.00624	0.00624	0.00624	0.00555	0.00347	0.00832	0.00832	0.01109	0.01802	0.03743	0.02080	0.79898	0.02911	0.00555	0.00555	0.00832	0.00347	0.00347
31	0.00817	0.00613	0.00919	0.00919	0.01021	0.00715	0.00715	0.01021	0.00919	0.01328	0.01532	0.02247	0.01430	0.04290	0.77631	0.00919	0.01532	0.00613	0.00306	0.00511
32	0.00757	0.00554	0.00778	0.00871	0.00934	0.00538	0.02152	0.00893	0.01106	0.01478	0.02898	0.58187	0.03380	0.04706	0.07819	0.00310	0.00489	0.11172	0.00498	0.00480

[dist]
# distance from previous block
# <min> <max>
0	1

[block]
# block no. 1 follows, 41 sequences, length 17
# corresponding to MSA columns:
# 240-256
name=unknown_B
#
# <colnr> <probs for GDERKNQSTAVLIFYWHMCP>
#	G	D	E	R	K	N	Q	S	T	A	V	L	I	F	Y	W	H	M	C	P
0	0.01460	0.09870	0.06452	0.03338	0.02421	0.01530	0.41075	0.09781	0.05102	0.04014	0.01266	0.01643	0.00996	0.00600	0.00688	0.00188	0.05244	0.03201	0.00345	0.00786
1	0.00817	0.00613	0.00919	0.00919	0.01021	0.00715	0.00715	0.01021	0.00919	0.01328	0.01532	0.02247	0.01430	0.04290	0.77631	0.00919	0.01532	0.00613	0.00306	0.00511
2	0.00776	0.00576	0.00830	0.00918	0.00996	0.00554	0.03251	0.00931	0.01147	0.01525	0.02983	0.56793	0.03465	0.01806	0.04102	0.00268	0.00451	0.17624	0.00512	0.00492
3	0.02054	0.01457	0.01585	0.01253	0.01680	0.01602	0.01023	0.51682	0.18168	0.10915	0.01670	0.01596	0.01185	0.00708	0.00575	0.00177	0.00577	0.00549	0.00588	0.00958
4	0.01396	0.01314	0.01761	0.15503	0.29433	0.05140	0.01347	0.02256	0.31557	0.01989	0.01568	0.01710	0.01216	0.00633	0.00571	0.00182	0.00619	0.00558	0.00401	0.00847
5	0.00990	0.00505	0.00754	0.00760	0.00767	0.00505	0.00518	0.00767	0.00774	0.01029	0.01095	0.01973	0.01108	0.01967	0.02164	0.79232	0.00498	0.04071	0.00262	0.00262
6	0.01186	0.01017	0.01186	0.00847	0.01356	0.00762	0.00678	0.01440	0.01186	0.01864	0.01017	0.01186	0.00847	0.00424	0.00424	0.00085	0.00424	0.00339	0.00339	0.83395
7	0.10413	0.30254	0.42234	0.01302	0.01966	0.01656	0.01545	0.01762	0.01166	0.01729	0.00919	0.01074	0.00716	0.00523	0.00460	0.00160	0.00718	0.00369	0.00255	0.00781
8	0.01104	0.00702	0.00947	0.00894	0.01050	0.00764	0.00692	0.06581	0.01151	0.08687	0.01716	0.05860	0.01543	0.06999	0.48796	0.00657	0.01122	0.00652	0.09504	0.00580
9	0.00858	0.00552	0.00614	0.00614	0.00629	0.00552	0.00352	0.00887	0.00872	0.01222	0.01809	0.03565	0.02012	0.71161	0.02634	0.00508	0.00523	0.00799	0.09469	0.00367
10	0.10127	0.01063	0.09559	0.01135	0.04029	0.00912	0.04575	0.01515	0.14153	0.01869	0.05961	0.35537	0.02546	0.01184	0.00632	0.00208	0.00471	0.03414	0.00471	0.00639
11	0.01229	0.00778	0.00961	0.00850	0.01069	0.00755	0.00656	0.09479	0.05363	0.13065	0.44925	0.09161	0.07209	0.01089	0.00649	0.00184	0.00355	0.00943	0.00620	0.00660
12	0.01717	0.01433	0.13722	0.01712	0.09046	0.01115	0.20846	0.02086	0.01382	0.29528	0.01578	0.01706	0.01114	0.00998	0.09094	0.00263	0.00805	0.00576	0.00438	0.00842
13	0.01263	0.02481	0.57500	0.01700	0.09205	0.01269	0.01860	0.04972	0.01321	0.05705	0.04893	0.02988	0.01082	0.00611	0.00559	0.00180	0.00763	0.00497	0.00309	0.00840
14	0.06492	0.31256	0.02107	0.01143	0.01542	0.01807	0.01010	0.23423	0.01628	0.11906	0.01151	0.01233	0.00890	0.00649	0.00661	0.00165	0.11284	0.00430	0.00409	0.00815
15	0.01405	0.01026	0.01201	0.00882	0.01356	0.00833	0.00709	0.07078	0.01350	0.10267	0.01233	0.01343	0.00958	0.00490	0.00450	0.00104	0.00436	0.00390	0.05548	0.62940
16	0.05985	0.12354	0.06465	0.01373	0.01723	0.47618	0.01136	0.08366	0.01546	0.01667	0.00911	0.01068	0.00751	0.00608	0.00590	0.00157	0.06285	0.00383	0.00309	0.00706

[dist]
# distance from previous block
# <min> <max>
1	4

[block]
# block no. 2 follows, 41 sequences, length 14
# corresponding to MSA columns:
# 261-265,296-304
name=unknown_C
#
# <colnr> <probs for GDERKNQSTAVLIFYWHMCP>
#	G	D	E	R	K	N	Q	S	T	A	V	L	I	F	Y	W	H	M	C	P
0	0.01538	0.03487	0.04662	0.16016	0.09012	0.04315	0.05380	0.18183	0.26849	0.02319	0.01546	0.01644	0.01161	0.00653	0.00572	0.00182	0.00641	0.00553	0.00442	0.00846
1	0.00756	0.00579	0.00708	0.00767	0.00895	0.00521	0.00573	0.00914	0.01236	0.01597	0.08187	0.35067	0.27393	0.01549	0.00706	0.00215	0.00351	0.13472	0.00528	0.03986
2	0.00958	0.00700	0.00949	0.01061	0.01207	0.00714	0.00921	0.01320	0.06699	0.01761	0.02978	0.06138	0.03179	0.01522	0.00775	0.00258	0.00521	0.67254	0.00531	0.00554
3	0.71956	0.01132	0.00941	0.00813	0.01181	0.01286	0.00670	0.07055	0.01147	0.08142	0.00947	0.01037	0.00704	0.00555	0.00386	0.00177	0.00459	0.00344	0.00396	0.00671
4	0.00817	0.00613	0.00919	0.00919	0.01021	0.00715	0.00715	0.01021	0.00919	0.01328	0.01532	0.02247	0.01430	0.04290	0.77631	0.00919	0.01532	0.00613	0.00306	0.00511
5	0.00991	0.00713	0.00806	0.00765	0.00979	0.00669	0.00604	0.06582	0.04333	0.06293	0.14766	0.04707	0.41114	0.01277	0.00666	0.00196	0.00361	0.10576	0.03022	0.00580
6	0.00861	0.00615	0.00850	0.00974	0.01081	0.00605	0.00807	0.01083	0.01275	0.01675	0.06381	0.24577	0.03510	0.01614	0.00770	0.00252	0.00466	0.51558	0.00532	0.00512
7	0.79206	0.01098	0.00869	0.00768	0.01127	0.01257	0.00632	0.01746	0.01012	0.06879	0.00881	0.00988	0.00666	0.00541	0.00367	0.00177	0.00445	0.00325	0.00375	0.00640
8	0.01416	0.01359	0.02322	0.03511	0.76330	0.01359	0.01755	0.01755	0.01302	0.01869	0.01076	0.01416	0.00906	0.00510	0.00566	0.00170	0.00680	0.00510	0.00283	0.00906
9	0.02314	0.01041	0.01318	0.01025	0.01435	0.00977	0.00841	0.15749	0.01797	0.54846	0.04979	0.01947	0.01496	0.00719	0.00566	0.00173	0.00488	0.00579	0.06788	0.00924
10	0.01204	0.02945	0.72650	0.01621	0.02435	0.05668	0.02056	0.01838	0.01231	0.01788	0.01018	0.01198	0.00725	0.00546	0.00542	0.00179	0.00856	0.00420	0.00245	0.00835
11	0.83938	0.01106	0.00841	0.00752	0.01106	0.01283	0.00619	0.01681	0.00973	0.02566	0.00796	0.00929	0.00619	0.00531	0.00354	0.00177	0.00442	0.00310	0.00354	0.00619
12	0.01405	0.06998	0.18789	0.04194	0.17212	0.01396	0.12293	0.11404	0.01480	0.04297	0.09281	0.01670	0.01349	0.00642	0.00650	0.00179	0.05032	0.00560	0.00359	0.00808
13	0.35760	0.10295	0.11410	0.01398	0.11954	0.10007	0.01101	0.01839	0.01182	0.06633	0.00964	0.01116	0.00752	0.00556	0.00487	0.00169	0.02937	0.00381	0.00329	0.00729

[dist]
# distance from previous block
# <min> <max>
0	18

[block]
# block no. 3 follows, 41 sequences, length 74
# corresponding to MSA columns:
# 323-353,386-428
name=unknown_D
#
# <colnr> <probs for GDERKNQSTAVLIFYWHMCP>
#	G	D	E	R	K	N	Q	S	T	A	V	L	I	F	Y	W	H	M	C	P
0	0.06967	0.11465	0.31841	0.01728	0.14805	0.05370	0.03115	0.01922	0.10325	0.01864	0.01218	0.03410	0.00973	0.00595	0.00522	0.00172	0.00702	0.00480	0.01717	0.00808
1	0.01262	0.06361	0.01272	0.01190	0.04492	0.25362	0.02997	0.01404	0.01284	0.01462	0.02126	0.43669	0.02402	0.01229	0.00630	0.00194	0.00608	0.01062	0.00419	0.00574
2	0.00994	0.00497	0.00745	0.00745	0.00745	0.00497	0.00497	0.00745	0.00745	0.00994	0.00994	0.01739	0.00994	0.01987	0.02235	0.83358	0.00497	0.00497	0.00248	0.00248
3	0.01251	0.01251	0.01752	0.01502	0.01502	0.01752	0.01251	0.01377	0.00876	0.01377	0.00751	0.01251	0.00751	0.01001	0.01877	0.00250	0.78851	0.00501	0.00250	0.00626
4	0.83938	0.01106	0.00841	0.00752	0.01106	0.01283	0.00619	0.01681	0.00973	0.02566	0.00796	0.00929	0.00619	0.00531	0.00354	0.00177	0.00442	0.00310	0.00354	0.00619
5	0.01251	0.01251	0.01752	0.01502	0.01502	0.01752	0.01251	0.01377	0.00876	0.01377	0.00751	0.01251	0.00751	0.01001	0.01877	0.00250	0.78851	0.00501	0.00250	0.00626
6	0.00810	0.00585	0.00765	0.00720	0.00855	0.00540	0.00540	0.01079	0.01619	0.02294	0.76028	0.04273	0.05397	0.01169	0.00675	0.00180	0.00270	0.01034	0.00630	0.00540
7	0.01600	0.01317	0.01393	0.01200	0.01555	0.01505	0.00948	0.19843	0.58205	0.02678	0.02103	0.01955	0.01564	0.00755	0.00580	0.00189	0.00494	0.00616	0.00580	0.00921
8	0.02464	0.00943	0.01273	0.00985	0.01406	0.00820	0.00811	0.02688	0.01607	0.71635	0.02230	0.01960	0.01419	0.00705	0.00563	0.00174	0.00472	0.00572	0.06330	0.00943
9	0.00802	0.00579	0.00758	0.00725	0.00853	0.00535	0.00539	0.01060	0.01583	0.02237	0.71054	0.09409	0.05287	0.01212	0.00678	0.00183	0.00274	0.01075	0.00623	0.00535
10	0.01423	0.01229	0.01293	0.01164	0.01487	0.01423	0.00905	0.03039	0.75297	0.02393	0.02328	0.02134	0.01746	0.00776	0.00582	0.00194	0.00453	0.00647	0.00582	0.00905
11	0.00810	0.00585	0.00765	0.00720	0.00855	0.00540	0.00540	0.01079	0.01619	0.02294	0.76028	0.04273	0.05397	0.01169	0.00675	0.00180	0.00270	0.01034	0.00630	0.00540
12	0.02513	0.01059	0.01380	0.01058	0.01503	0.00968	0.00874	0.12559	0.01781	0.66752	0.02136	0.01869	0.01355	0.00705	0.00575	0.00176	0.00506	0.00567	0.00689	0.00973
13	0.01229	0.01042	0.01209	0.00867	0.01374	0.00806	0.00695	0.04589	0.01251	0.01939	0.01032	0.01194	0.00853	0.00435	0.00430	0.00088	0.00432	0.00346	0.00349	0.79839
14	0.01250	0.02498	0.57956	0.07046	0.02406	0.01310	0.01870	0.06734	0.03830	0.04028	0.01229	0.01558	0.00927	0.00620	0.00562	0.00186	0.00785	0.04074	0.00304	0.00829
15	0.00825	0.00581	0.00757	0.00757	0.00803	0.00627	0.00512	0.00917	0.00871	0.01208	0.01681	0.03070	0.01787	0.45855	0.36554	0.00719	0.00995	0.00733	0.00328	0.00420
16	0.01080	0.01017	0.01716	0.78523	0.03940	0.01271	0.01589	0.01461	0.01144	0.01461	0.01017	0.01525	0.00762	0.00572	0.00572	0.00191	0.00762	0.00508	0.00254	0.00635
17	0.01080	0.01017	0.01716	0.78523	0.03940	0.01271	0.01589	0.01461	0.01144	0.01461	0.01017	0.01525	0.00762	0.00572	0.00572	0.00191	0.00762	0.00508	0.00254	0.00635
18	0.00792	0.00641	0.01008	0.08201	0.01316	0.00629	0.07324	0.00953	0.01123	0.01494	0.02772	0.65160	0.03236	0.01559	0.00710	0.00225	0.00429	0.01435	0.00483	0.00508
19	0.80150	0.01118	0.00909	0.00879	0.04560	0.01287	0.00672	0.01685	0.00989	0.02534	0.00809	0.00952	0.00633	0.00530	0.00364	0.00177	0.00453	0.00319	0.00351	0.00633
20	0.00720	0.00523	0.00709	0.03545	0.00942	0.00499	0.00569	0.00843	0.01140	0.01529	0.09063	0.70578	0.03809	0.01698	0.00720	0.00227	0.00342	0.01538	0.00529	0.00477
21	0.12209	0.00989	0.01270	0.00986	0.01418	0.00893	0.00814	0.02656	0.01558	0.67939	0.02084	0.01826	0.01322	0.00687	0.00549	0.00177	0.00481	0.00544	0.00666	0.00931
22	0.01432	0.01398	0.02122	0.17230	0.49138	0.06569	0.03780	0.04809	0.04545	0.01854	0.01120	0.01443	0.00905	0.00545	0.00568	0.00174	0.00716	0.00511	0.00304	0.00837
23	0.01434	0.01458	0.01705	0.01855	0.20199	0.17409	0.09027	0.01975	0.16484	0.01856	0.04154	0.09870	0.01586	0.00772	0.00587	0.00180	0.00660	0.02579	0.05463	0.00748
24	0.00705	0.00503	0.00673	0.00806	0.00842	0.00471	0.00545	0.00810	0.01103	0.01469	0.03148	0.76934	0.03766	0.01784	0.00732	0.00233	0.00339	0.04138	0.00531	0.00467
25	0.00922	0.00658	0.00922	0.01053	0.01185	0.00658	0.00922	0.01185	0.01317	0.01712	0.03029	0.06452	0.03292	0.01580	0.00790	0.00263	0.00527	0.72480	0.00527	0.00527
26	0.01653	0.49252	0.07899	0.01204	0.03873	0.08918	0.01106	0.09381	0.03595	0.04794	0.00994	0.01099	0.00823	0.00555	0.00476	0.00143	0.02768	0.00374	0.00314	0.00778
27	0.01372	0.13165	0.06637	0.01082	0.01385	0.03214	0.00940	0.17987	0.01429	0.05133	0.01416	0.04511	0.01249	0.05365	0.30322	0.00472	0.02686	0.00566	0.00379	0.00691
28	0.00714	0.00505	0.00659	0.00775	0.00804	0.00476	0.00508	0.00801	0.01062	0.01416	0.02983	0.70007	0.03569	0.11601	0.01004	0.00273	0.00360	0.01526	0.00508	0.00450
29	0.01147	0.02959	0.76934	0.01630	0.02476	0.01328	0.02113	0.01811	0.01208	0.01811	0.01026	0.01208	0.00725	0.00543	0.00543	0.00181	0.00845	0.00423	0.00242	0.00845
30	0.03892	0.08596	0.09788	0.06172	0.04356	0.30482	0.01186	0.08660	0.06723	0.03558	0.04386	0.03681	0.01140	0.00675	0.00594	0.00168	0.04361	0.00491	0.00358	0.00734
31	0.00945	0.00730	0.00888	0.00847	0.01015	0.00748	0.00640	0.01512	0.18815	0.02188	0.47248	0.11094	0.04195	0.01254	0.03268	0.00215	0.00368	0.02816	0.00595	0.00617
32	0.02004	0.01432	0.01541	0.01212	0.01624	0.01576	0.00991	0.56280	0.10679	0.06688	0.01567	0.01556	0.01126	0.00696	0.00557	0.00171	0.00569	0.00534	0.08271	0.00924
33	0.03374	0.01376	0.18631	0.01080	0.01484	0.00993	0.04043	0.12486	0.04188	0.04479	0.19014	0.03095	0.21519	0.00950	0.00614	0.00183	0.00509	0.00797	0.00485	0.00699
34	0.01360	0.04822	0.33956	0.04026	0.12776	0.08947	0.07766	0.05655	0.01308	0.01791	0.01040	0.01307	0.00813	0.00757	0.04208	0.00215	0.07713	0.00470	0.00279	0.00792
35	0.03969	0.00777	0.01006	0.00938	0.01125	0.00776	0.04710	0.05814	0.10079	0.05404	0.18795	0.33493	0.08277	0.01278	0.00664	0.00203	0.00394	0.01138	0.00549	0.00611
36	0.00838	0.00637	0.00930	0.00918	0.01006	0.00748	0.00705	0.01020	0.00909	0.01310	0.01521	0.02341	0.01459	0.11199	0.67176	0.00854	0.04991	0.00628	0.00308	0.00501
37	0.01864	0.34239	0.02238	0.01303	0.01686	0.44452	0.03441	0.02037	0.01425	0.01392	0.00857	0.01002	0.00740	0.00545	0.00460	0.00139	0.00858	0.00353	0.00274	0.00696
38	0.35821	0.00998	0.01074	0.00876	0.01261	0.01001	0.00720	0.02235	0.01335	0.41234	0.01631	0.01542	0.01093	0.00633	0.00473	0.00174	0.00454	0.00464	0.06185	0.00798
39	0.00884	0.00683	0.00930	0.00917	0.01006	0.02991	0.00697	0.01035	0.00919	0.01290	0.01474	0.02273	0.01414	0.10460	0.61268	0.06470	0.03885	0.00613	0.00304	0.00487
40	0.00831	0.00556	0.00632	0.00632	0.00634	0.00559	0.00356	0.00837	0.00834	0.01115	0.01795	0.03703	0.02062	0.77878	0.04908	0.00564	0.00581	0.00826	0.00346	0.00351
41	0.00810	0.00585	0.00765	0.00720	0.00855	0.00540	0.00540	0.01079	0.01619	0.02294	0.76028	0.04273	0.05397	0.01169	0.00675	0.00180	0.00270	0.01034	0.00630	0.00540
42	0.01529	0.80242	0.02997	0.00979	0.01468	0.02263	0.00979	0.01713	0.01162	0.01346	0.00795	0.00918	0.00734	0.00489	0.00367	0.00122	0.00612	0.00306	0.00245	0.00734
43	0.00697	0.00498	0.00664	0.00796	0.00830	0.00465	0.00531	0.00796	0.01095	0.01460	0.03153	0.79525	0.03783	0.01792	0.00730	0.00232	0.00332	0.01626	0.00531	0.00465
44	0.00832	0.00555	0.00624	0.00624	0.00624	0.00555	0.00347	0.00832	0.00832	0.01109	0.01802	0.03743	0.02080	0.79898	0.02911	0.00555	0.00555	0.00832	0.00347	0.00347
45	0.00810	0.00585	0.00765	0.00720	0.00855	0.00540	0.00540	0.01079	0.01619	0.02294	0.76028	0.04273	0.05397	0.01169	0.00675	0.00180	0.00270	0.01034	0.00630	0.00540
46	0.01080	0.01017	0.01716	0.78523	0.03940	0.01271	0.01589	0.01461	0.01144	0.01461	0.01017	0.01525	0.00762	0.00572	0.00572	0.00191	0.00762	0.00508	0.00254	0.00635
47	0.01337	0.00993	0.03860	0.01141	0.06371	0.00928	0.02891	0.16054	0.01792	0.10372	0.43415	0.03066	0.03492	0.00938	0.00632	0.00178	0.00432	0.00814	0.00580	0.00715
48	0.02188	0.01580	0.01703	0.01306	0.01763	0.01741	0.01079	0.71916	0.02653	0.06164	0.01404	0.01393	0.00988	0.00687	0.00572	0.00172	0.00624	0.00517	0.00577	0.00973
49	0.02137	0.02726	0.01621	0.01474	0.01768	0.77602	0.01105	0.02284	0.01621	0.01400	0.00884	0.01031	0.00737	0.00589	0.00516	0.00147	0.01031	0.00368	0.00295	0.00663
50	0.01806	0.01342	0.01559	0.01375	0.06161	0.06269	0.04035	0.21844	0.19634	0.14960	0.01728	0.01750	0.02838	0.00811	0.00770	0.05860	0.05340	0.00567	0.00508	0.00843
51	0.00804	0.00618	0.00856	0.03271	0.06113	0.00579	0.00657	0.00962	0.01187	0.01626	0.12580	0.56659	0.03521	0.01495	0.00687	0.00210	0.00366	0.01353	0.00507	0.05950
52	0.02566	0.00973	0.01327	0.01018	0.01460	0.00841	0.00841	0.02788	0.01637	0.76726	0.02257	0.01947	0.01416	0.00708	0.00575	0.00177	0.00487	0.00575	0.00708	0.00973
53	0.00750	0.00685	0.00885	0.00779	0.01015	0.00588	0.08490	0.00931	0.01309	0.01577	0.05288	0.05072	0.67888	0.01343	0.00676	0.00193	0.00363	0.01149	0.00505	0.00514
54	0.39670	0.03783	0.08340	0.03852	0.03553	0.04458	0.02199	0.15691	0.01446	0.07194	0.04167	0.01291	0.00970	0.00601	0.00466	0.00174	0.00567	0.00427	0.00407	0.00743
55	0.00922	0.00658	0.00922	0.01053	0.01185	0.00658	0.00922	0.01185	0.01317	0.01712	0.03029	0.06452	0.03292	0.01580	0.00790	0.00263	0.00527	0.72480	0.00527	0.00527
56	0.00817	0.00613	0.00919	0.00919	0.01021	0.00715	0.00715	0.01021	0.00919	0.01328	0.01532	0.02247	0.01430	0.04290	0.77631	0.00919	0.01532	0.00613	0.00306	0.00511
57	0.01287	0.02752	0.59864	0.01720	0.05783	0.09880	0.05063	0.01896	0.03260	0.01785	0.01053	0.01237	0.00768	0.00551	0.00548	0.00178	0.00853	0.00438	0.00261	0.00826
58	0.01524	0.01346	0.02059	0.14084	0.49781	0.05964	0.01572	0.01836	0.01314	0.09651	0.01165	0.01457	0.00921	0.00567	0.00625	0.00176	0.04282	0.00507	0.00323	0.00846
59	0.00819	0.00555	0.00646	0.00669	0.00685	0.00549	0.00405	0.00849	0.00901	0.01195	0.02110	0.12596	0.03806	0.64637	0.02488	0.00493	0.00522	0.05319	0.00382	0.00374
60	0.80511	0.01124	0.00946	0.00821	0.01184	0.01290	0.03675	0.01688	0.00989	0.02536	0.00811	0.00955	0.00630	0.00529	0.00367	0.00178	0.00464	0.00325	0.00351	0.00626
61	0.00817	0.00613	0.00919	0.00919	0.01021	0.00715	0.00715	0.01021	0.00919	0.01328	0.01532	0.02247	0.01430	0.04290	0.77631	0.00919	0.01532	0.00613	0.00306	0.00511
62	0.01813	0.08267	0.01668	0.03409	0.03841	0.01564	0.01009	0.50492	0.02269	0.03039	0.13251	0.01897	0.03425	0.00756	0.00573	0.00170	0.00568	0.00595	0.00534	0.00860
63	0.06612	0.00767	0.00973	0.01027	0.07754	0.00770	0.00699	0.01416	0.10359	0.02286	0.55318	0.03531	0.04229	0.01019	0.00632	0.00180	0.00340	0.00891	0.00574	0.00622
64	0.00818	0.00609	0.00899	0.00899	0.00994	0.00704	0.00690	0.01008	0.00913	0.01313	0.01551	0.02349	0.01474	0.09451	0.72531	0.00894	0.01465	0.00628	0.00309	0.00499
65	0.01080	0.01017	0.01716	0.78523	0.03940	0.01271	0.01589	0.01461	0.01144	0.01461	0.01017	0.01525	0.00762	0.00572	0.00572	0.00191	0.00762	0.00508	0.00254	0.00635
66	0.01172	0.01127	0.01917	0.55976	0.08508	0.01314	0.10456	0.01692	0.08922	0.01632	0.01175	0.01583	0.00888	0.00578	0.00585	0.00190	0.00749	0.00543	0.00295	0.00699
67	0.00810	0.00585	0.00765	0.00720	0.00855	0.00540	0.00540	0.01079	0.01619	0.02294	0.76028	0.04273	0.05397	0.01169	0.00675	0.00180	0.00270	0.01034	0.00630	0.00540
68	0.00724	0.00544	0.00675	0.00772	0.00848	0.00509	0.00529	0.00898	0.04334	0.01516	0.03602	0.62599	0.16970	0.01685	0.00714	0.00223	0.00329	0.01507	0.00533	0.00487
69	0.78883	0.01122	0.00931	0.00921	0.05715	0.01288	0.00689	0.01686	0.00994	0.02524	0.00814	0.00959	0.00637	0.00530	0.00367	0.00177	0.00457	0.00322	0.00350	0.00637
70	0.00817	0.00613	0.00919	0.00919	0.01021	0.00715	0.00715	0.01021	0.00919	0.01328	0.01532	0.02247	0.01430	0.04290	0.77631	0.00919	0.01532	0.00613	0.00306	0.00511
71	0.00817	0.00613	0.00919	0.00919	0.01021	0.00715	0.00715	0.01021	0.00919	0.01328	0.01532	0.02247	0.01430	0.04290	0.77631	0.00919	0.01532	0.00613	0.00306	0.00511
72	0.02149	0.01590	0.01702	0.01311	0.01764	0.01762	0.01081	0.72005	0.05149	0.03564	0.01406	0.01399	0.00999	0.00690	0.00573	0.00172	0.00623	0.00519	0.00573	0.00970
73	0.61823	0.06062	0.01154	0.02949	0.01325	0.02764	0.00753	0.13623	0.01282	0.02612	0.00898	0.01019	0.00690	0.00556	0.00399	0.00173	0.00502	0.00350	0.00379	0.00686

[dist]
# distance from previous block
# <min> <max>
0	3

[block]
# block no. 4 follows, 41 sequences, length 24
# corresponding to MSA columns:
# 432-450,467-471
name=unknown_E
#
# <colnr> <probs for GDERKNQSTAVLIFYWHMCP>
#	G	D	E	R	K	N	Q	S	T	A	V	L	I	F	Y	W	H	M	C	P
0	0.28536	0.06821	0.17186	0.01089	0.02927	0.01230	0.01046	0.03892	0.05522	0.04286	0.01178	0.01495	0.00961	0.00597	0.00465	0.00162	0.00552	0.04765	0.00359	0.16931
1	0.01147	0.02959	0.76934	0.01630	0.02476	0.01328	0.02113	0.01811	0.01208	0.01811	0.01026	0.01208	0.00725	0.00543	0.00543	0.00181	0.00845	0.00423	0.00242	0.00845
2	0.01529	0.80242	0.02997	0.00979	0.01468	0.02263	0.00979	0.01713	0.01162	0.01346	0.00795	0.00918	0.00734	0.00489	0.00367	0.00122	0.00612	0.00306	0.00245	0.00734
3	0.06692	0.00980	0.01303	0.01004	0.01442	0.00863	0.00829	0.02731	0.01603	0.72966	0.02183	0.01895	0.01376	0.00699	0.00564	0.00177	0.00484	0.00562	0.00690	0.00955
4	0.00832	0.00549	0.00687	0.00704	0.00723	0.00560	0.00442	0.00845	0.00868	0.01172	0.01836	0.12781	0.02068	0.49661	0.13668	0.10354	0.00665	0.00859	0.00352	0.00374
5	0.01529	0.80242	0.02997	0.00979	0.01468	0.02263	0.00979	0.01713	0.01162	0.01346	0.00795	0.00918	0.00734	0.00489	0.00367	0.00122	0.00612	0.00306	0.00245	0.00734
6	0.00922	0.00658	0.00922	0.01053	0.01185	0.00658	0.00922	0.01185	0.01317	0.01712	0.03029	0.06452	0.03292	0.01580	0.00790	0.00263	0.00527	0.72480	0.00527	0.00527
7	0.01080	0.01017	0.01716	0.78523	0.03940	0.01271	0.01589	0.01461	0.01144	0.01461	0.01017	0.01525	0.00762	0.00572	0.00572	0.00191	0.00762	0.00508	0.00254	0.00635
8	0.01416	0.01359	0.02322	0.03511	0.76330	0.01359	0.01755	0.01755	0.01302	0.01869	0.01076	0.01416	0.00906	0.00510	0.00566	0.00170	0.00680	0.00510	0.00283	0.00906
9	0.02484	0.01016	0.01400	0.01180	0.06061	0.00901	0.00904	0.04904	0.01649	0.69911	0.02157	0.01897	0.01371	0.00695	0.00575	0.00176	0.00503	0.00569	0.00678	0.00969
10	0.00723	0.00517	0.00694	0.00827	0.00872	0.00488	0.00577	0.00842	0.01121	0.01490	0.03138	0.70883	0.03725	0.01767	0.00737	0.00236	0.00355	0.10006	0.00530	0.00472
11	0.01237	0.06025	0.07249	0.06038	0.01623	0.00934	0.00873	0.01526	0.01197	0.03976	0.01040	0.01216	0.00842	0.00455	0.00444	0.00104	0.00492	0.00361	0.00331	0.64037
12	0.01080	0.01017	0.01716	0.78523	0.03940	0.01271	0.01589	0.01461	0.01144	0.01461	0.01017	0.01525	0.00762	0.00572	0.00572	0.00191	0.00762	0.00508	0.00254	0.00635
13	0.01529	0.80242	0.02997	0.00979	0.01468	0.02263	0.00979	0.01713	0.01162	0.01346	0.00795	0.00918	0.00734	0.00489	0.00367	0.00122	0.00612	0.00306	0.00245	0.00734
14	0.01134	0.01051	0.04219	0.12918	0.25406	0.00993	0.01154	0.01504	0.04241	0.01948	0.20941	0.02312	0.03822	0.00724	0.00571	0.00165	0.00517	0.00647	0.05469	0.10263
15	0.06484	0.25606	0.26432	0.01497	0.06054	0.10142	0.05202	0.01782	0.01206	0.01634	0.00910	0.01117	0.00742	0.00571	0.00615	0.00166	0.08424	0.00400	0.00261	0.00756
16	0.12005	0.01279	0.02047	0.13473	0.56678	0.01337	0.01586	0.01705	0.01238	0.01903	0.01032	0.01368	0.00849	0.00521	0.00540	0.00174	0.00660	0.00484	0.00288	0.00832
17	0.01225	0.01427	0.13510	0.09045	0.40473	0.01223	0.01528	0.01562	0.01211	0.01729	0.05047	0.03857	0.01284	0.08650	0.00891	0.00219	0.05463	0.00585	0.00303	0.00769
18	0.02074	0.01543	0.01663	0.01269	0.01731	0.01671	0.01046	0.67039	0.02537	0.03429	0.01337	0.01354	0.00960	0.00660	0.00557	0.00163	0.00609	0.00497	0.00549	0.09311
19	0.00858	0.00678	0.02913	0.00725	0.00899	0.00586	0.00573	0.01102	0.03373	0.03470	0.25453	0.04530	0.29474	0.09201	0.00886	0.00228	0.00357	0.08050	0.06115	0.00527
20	0.09155	0.00635	0.00683	0.00655	0.00841	0.00588	0.00497	0.01016	0.01402	0.01961	0.34628	0.04527	0.38928	0.01239	0.00643	0.00186	0.00297	0.01044	0.00554	0.00520
21	0.01148	0.00973	0.01143	0.00834	0.01305	0.00740	0.00664	0.01404	0.01230	0.01907	0.08605	0.01498	0.01308	0.00499	0.00449	0.00094	0.00408	0.00409	0.00368	0.75012
22	0.00777	0.00590	0.00839	0.01079	0.08479	0.00561	0.00667	0.00905	0.01123	0.01509	0.02939	0.69372	0.03477	0.01656	0.00715	0.00227	0.00373	0.03695	0.00506	0.00511
23	0.18495	0.08383	0.09002	0.01348	0.08113	0.01230	0.09302	0.04490	0.02972	0.02016	0.01126	0.05150	0.00959	0.00565	0.00482	0.00150	0.00573	0.00470	0.00338	0.24836

[dist]
# distance from previous block
# <min> <max>
8	72

# created by:
# /home/berkeley/.conda/envs/busco_data_prod/bin/msa2prfl.pl pipeline/OGs_align_augustus/33634/163707.fs
