[name]
unknown

[dist]
# distance from previous block
# <min> <max>
17	128

[block]
# block no. 0 follows, 38 sequences, length 17
# corresponding to MSA columns:
# 221-223,226-239
name=unknown_A
#
# <colnr> <probs for GDERKNQSTAVLIFYWHMCP>
#	G	D	E	R	K	N	Q	S	T	A	V	L	I	F	Y	W	H	M	C	P
0	0.10315	0.00847	0.01044	0.01114	0.06705	0.02119	0.00765	0.04430	0.01417	0.12740	0.14473	0.33474	0.03101	0.01282	0.00669	0.00212	0.00436	0.03634	0.00560	0.00661
1	0.07850	0.01197	0.07004	0.12372	0.01931	0.01077	0.03865	0.04947	0.03968	0.23969	0.03176	0.09655	0.04788	0.00832	0.00646	0.00190	0.03311	0.00690	0.00501	0.08031
2	0.12834	0.03968	0.01820	0.15361	0.16734	0.01295	0.08014	0.05432	0.05470	0.10059	0.01508	0.08847	0.01271	0.00720	0.00581	0.00189	0.00637	0.00636	0.00411	0.04213
3	0.01449	0.02056	0.35546	0.09134	0.17849	0.01305	0.01779	0.01925	0.01324	0.12053	0.01364	0.05227	0.01066	0.00679	0.00664	0.00195	0.04607	0.00561	0.00348	0.00869
4	0.01230	0.09087	0.52711	0.01731	0.07894	0.01394	0.04622	0.01805	0.01328	0.01927	0.09425	0.01640	0.01340	0.00636	0.00579	0.00185	0.00791	0.00524	0.00306	0.00845
5	0.01397	0.18503	0.43239	0.01437	0.02122	0.01468	0.04222	0.01881	0.01312	0.09005	0.01558	0.04323	0.05652	0.00681	0.00557	0.00180	0.00749	0.00541	0.00335	0.00837
6	0.01824	0.01716	0.13578	0.08367	0.07965	0.07045	0.09562	0.13773	0.02657	0.17677	0.01459	0.01630	0.01056	0.00657	0.00645	0.00185	0.03220	0.01568	0.00444	0.04971
7	0.01713	0.12475	0.11427	0.01180	0.01629	0.01230	0.04809	0.07460	0.06198	0.23514	0.13002	0.05529	0.05567	0.00839	0.00603	0.00184	0.00564	0.00701	0.00539	0.00838
8	0.00906	0.00611	0.00778	0.00819	0.00916	0.00592	0.00585	0.01035	0.01150	0.05362	0.03125	0.28275	0.14197	0.19203	0.12436	0.00420	0.00609	0.07988	0.00490	0.00506
9	0.01412	0.12679	0.22710	0.06783	0.10632	0.01487	0.18626	0.01855	0.01316	0.05490	0.01183	0.02876	0.00932	0.00583	0.00616	0.00179	0.02807	0.00535	0.00311	0.06989
10	0.07711	0.05177	0.32341	0.03202	0.09847	0.01340	0.08495	0.02031	0.01360	0.15697	0.03673	0.01549	0.01084	0.00628	0.00622	0.00189	0.03285	0.00521	0.00378	0.00869
11	0.02009	0.01211	0.02046	0.01534	0.02000	0.01120	0.24286	0.07643	0.01676	0.36755	0.07470	0.06066	0.01715	0.00762	0.00655	0.00194	0.00661	0.00729	0.00575	0.00892
12	0.01273	0.01062	0.01686	0.42879	0.15123	0.01167	0.01408	0.01619	0.01322	0.07321	0.07089	0.02076	0.05950	0.00696	0.00604	0.00187	0.00668	0.00615	0.00364	0.06891
13	0.04887	0.13910	0.16425	0.30725	0.10660	0.01547	0.01582	0.07175	0.01373	0.04699	0.01110	0.01404	0.00842	0.00588	0.00551	0.00182	0.00748	0.00478	0.00315	0.00798
14	0.01549	0.01790	0.24390	0.19162	0.06124	0.02648	0.04590	0.06433	0.07040	0.14298	0.01532	0.05208	0.01159	0.00694	0.00605	0.00194	0.00735	0.00590	0.00408	0.00851
15	0.07482	0.01549	0.08285	0.19733	0.03068	0.01480	0.40070	0.01786	0.01290	0.01856	0.01111	0.01520	0.00846	0.00579	0.00745	0.00205	0.06735	0.00606	0.00294	0.00760
16	0.01481	0.01178	0.01634	0.04391	0.16774	0.02235	0.05674	0.13592	0.10725	0.07146	0.02241	0.14314	0.05023	0.01011	0.00668	0.00208	0.00595	0.09803	0.00501	0.00805

[dist]
# distance from previous block
# <min> <max>
0	4

[block]
# block no. 1 follows, 38 sequences, length 10
# corresponding to MSA columns:
# 244-253
name=unknown_B
#
# <colnr> <probs for GDERKNQSTAVLIFYWHMCP>
#	G	D	E	R	K	N	Q	S	T	A	V	L	I	F	Y	W	H	M	C	P
0	0.01545	0.02106	0.34606	0.04501	0.24700	0.01330	0.06288	0.02043	0.01381	0.13810	0.01313	0.01495	0.00949	0.00585	0.00594	0.00187	0.00780	0.00518	0.00350	0.00919
1	0.01512	0.01060	0.01310	0.09080	0.05243	0.03576	0.00976	0.15971	0.05177	0.12577	0.02333	0.27683	0.02298	0.01176	0.00676	0.00213	0.00549	0.07295	0.00545	0.00749
2	0.01058	0.00675	0.00934	0.01078	0.05648	0.00632	0.00745	0.01227	0.01288	0.10541	0.03203	0.47629	0.07480	0.01603	0.00745	0.00237	0.00425	0.13696	0.00564	0.00595
3	0.04099	0.10451	0.21063	0.08151	0.02025	0.05560	0.04782	0.01957	0.01387	0.19158	0.01913	0.08685	0.06633	0.00795	0.00588	0.00188	0.00678	0.00656	0.00430	0.00802
4	0.01983	0.01343	0.07733	0.01281	0.04967	0.05364	0.01039	0.07613	0.12710	0.34067	0.05001	0.10594	0.01825	0.00870	0.00621	0.00193	0.00564	0.00726	0.00603	0.00901
5	0.00967	0.00959	0.10136	0.04824	0.03248	0.00721	0.00889	0.01232	0.01370	0.05363	0.20353	0.30270	0.09990	0.01363	0.00708	0.00216	0.00449	0.05798	0.00533	0.00610
6	0.01745	0.01340	0.02216	0.17248	0.25641	0.01370	0.13384	0.10554	0.01590	0.16779	0.01419	0.01640	0.01032	0.00608	0.00618	0.00189	0.00735	0.00579	0.00418	0.00896
7	0.08648	0.01703	0.19058	0.05857	0.21232	0.01290	0.14838	0.01774	0.01298	0.03624	0.01288	0.07026	0.01094	0.00639	0.00591	0.00185	0.00737	0.00599	0.00329	0.08192
8	0.07632	0.01474	0.09878	0.06575	0.08627	0.05843	0.06710	0.08655	0.05953	0.16535	0.08145	0.02033	0.01573	0.06800	0.00789	0.00218	0.00660	0.00614	0.00470	0.00818
9	0.16911	0.01563	0.15384	0.01321	0.05230	0.07926	0.03519	0.03483	0.04748	0.04624	0.01810	0.14660	0.04605	0.05405	0.00797	0.00224	0.04411	0.02264	0.00406	0.00707

[dist]
# distance from previous block
# <min> <max>
3	29

[block]
# block no. 2 follows, 38 sequences, length 9
# corresponding to MSA columns:
# 284-292
name=unknown_C
#
# <colnr> <probs for GDERKNQSTAVLIFYWHMCP>
#	G	D	E	R	K	N	Q	S	T	A	V	L	I	F	Y	W	H	M	C	P
0	0.08693	0.01605	0.12208	0.04156	0.07048	0.04415	0.05443	0.20273	0.04385	0.11896	0.06756	0.01741	0.01370	0.00687	0.00577	0.00181	0.00648	0.00561	0.04143	0.03214
1	0.07091	0.01291	0.02010	0.02404	0.35254	0.01332	0.06602	0.04001	0.01381	0.11670	0.01524	0.01872	0.04095	0.00708	0.00765	0.00193	0.10030	0.03102	0.00389	0.04286
2	0.15301	0.05846	0.06735	0.06332	0.01772	0.01337	0.03158	0.17723	0.05473	0.13729	0.01666	0.08416	0.01381	0.00794	0.00570	0.00188	0.00588	0.03629	0.00492	0.04868
3	0.01746	0.15534	0.01996	0.01449	0.06512	0.06221	0.07678	0.05642	0.25108	0.12793	0.01691	0.01686	0.01269	0.00657	0.00559	0.00172	0.00621	0.00546	0.00478	0.07642
4	0.01635	0.01037	0.01406	0.18041	0.04129	0.01033	0.01024	0.05935	0.07423	0.22399	0.10644	0.05844	0.01857	0.00777	0.00599	0.00177	0.00541	0.00662	0.00524	0.14314
5	0.11529	0.20032	0.25966	0.01477	0.02087	0.06884	0.10932	0.05207	0.01385	0.07627	0.01118	0.01266	0.00840	0.00572	0.00525	0.00174	0.00772	0.00450	0.00333	0.00826
6	0.01456	0.05160	0.06973	0.17847	0.26793	0.01331	0.01442	0.07667	0.04701	0.05425	0.01432	0.01847	0.01149	0.00657	0.00575	0.00183	0.00657	0.03561	0.10321	0.00825
7	0.01182	0.01100	0.01842	0.48185	0.22912	0.01258	0.01583	0.01535	0.01242	0.01653	0.01359	0.10924	0.01229	0.00740	0.00620	0.00200	0.00723	0.00678	0.00311	0.00723
8	0.00839	0.00570	0.00727	0.00830	0.00902	0.00547	0.00599	0.00990	0.01193	0.01642	0.03103	0.45245	0.06274	0.08960	0.00952	0.00268	0.00401	0.14986	0.10471	0.00499

[dist]
# distance from previous block
# <min> <max>
0	4

[block]
# block no. 3 follows, 38 sequences, length 17
# corresponding to MSA columns:
# 297-313
name=unknown_D
#
# <colnr> <probs for GDERKNQSTAVLIFYWHMCP>
#	G	D	E	R	K	N	Q	S	T	A	V	L	I	F	Y	W	H	M	C	P
0	0.01671	0.05464	0.12928	0.16799	0.09811	0.09133	0.15791	0.02097	0.03168	0.15286	0.01353	0.01560	0.00980	0.00601	0.00603	0.00187	0.00809	0.00548	0.00375	0.00837
1	0.01140	0.01054	0.00969	0.00938	0.01036	0.15578	0.00654	0.01244	0.01070	0.01305	0.01608	0.02838	0.01676	0.38051	0.27649	0.00630	0.01033	0.00700	0.00339	0.00489
2	0.00881	0.00706	0.01037	0.01389	0.15487	0.00675	0.00807	0.01037	0.01205	0.01625	0.03018	0.59835	0.06771	0.01602	0.00731	0.00229	0.00419	0.01458	0.00507	0.00581
3	0.01100	0.00890	0.01279	0.01240	0.01459	0.00916	0.08015	0.01672	0.15696	0.01974	0.06694	0.08686	0.03034	0.01369	0.00766	0.00249	0.00560	0.43198	0.00547	0.00655
4	0.02051	0.03666	0.09199	0.01934	0.21088	0.01222	0.05969	0.04681	0.04920	0.36378	0.01774	0.01755	0.01220	0.00653	0.00600	0.00185	0.00642	0.00571	0.00526	0.00967
5	0.01591	0.01635	0.03206	0.02309	0.02892	0.01589	0.58787	0.15941	0.01697	0.02294	0.01262	0.01588	0.00934	0.00549	0.00689	0.00198	0.00945	0.00677	0.00363	0.00853
6	0.01903	0.01418	0.01543	0.01261	0.01640	0.01558	0.01009	0.51982	0.09514	0.03222	0.01912	0.16689	0.01685	0.00960	0.00636	0.00195	0.00582	0.00785	0.00594	0.00911
7	0.01432	0.34672	0.30653	0.01331	0.01955	0.01829	0.01472	0.02116	0.15575	0.01820	0.01247	0.01334	0.00978	0.00596	0.00502	0.00167	0.00705	0.00439	0.00326	0.00852
8	0.00820	0.00591	0.00776	0.00778	0.00892	0.00547	0.00565	0.01057	0.01558	0.02182	0.56009	0.23930	0.05230	0.01402	0.00725	0.00204	0.00301	0.01251	0.00635	0.00547
9	0.00875	0.00583	0.00656	0.00656	0.00656	0.00583	0.00365	0.00875	0.00875	0.01166	0.01895	0.03937	0.02187	0.78858	0.03062	0.00583	0.00583	0.00875	0.00365	0.00365
10	0.02113	0.01325	0.01505	0.01224	0.01646	0.01414	0.00988	0.24109	0.29813	0.25946	0.02123	0.01942	0.01482	0.00765	0.00607	0.00191	0.00543	0.00615	0.00651	0.00996
11	0.01574	0.01437	0.02197	0.09208	0.02242	0.01706	0.17120	0.17978	0.01513	0.03758	0.01097	0.01458	0.00887	0.00805	0.01215	0.00223	0.33863	0.00573	0.00361	0.00785
12	0.00847	0.00571	0.00664	0.00692	0.00699	0.00565	0.00403	0.00868	0.00929	0.01239	0.02175	0.18612	0.02540	0.63702	0.02610	0.00516	0.00537	0.01039	0.00403	0.00389
13	0.00780	0.00564	0.00748	0.00878	0.00945	0.00532	0.00636	0.00923	0.01214	0.01596	0.03472	0.59017	0.08540	0.01815	0.00777	0.00248	0.00388	0.15868	0.00558	0.00503
14	0.01856	0.04893	0.09384	0.01284	0.01696	0.08676	0.01157	0.22236	0.01873	0.16529	0.01986	0.02955	0.01721	0.00950	0.00647	0.00204	0.00668	0.19913	0.00536	0.00837
15	0.41440	0.01424	0.09025	0.01049	0.01482	0.01384	0.00932	0.05261	0.22709	0.02559	0.01381	0.01421	0.01045	0.00636	0.00479	0.00185	0.00521	0.00454	0.00439	0.06173
16	0.40267	0.01448	0.01275	0.01058	0.01469	0.07680	0.00857	0.21485	0.06849	0.02811	0.01151	0.01232	0.00873	0.00616	0.00474	0.00174	0.00570	0.00419	0.00446	0.08848

[dist]
# distance from previous block
# <min> <max>
0	57

[block]
# block no. 4 follows, 38 sequences, length 18
# corresponding to MSA columns:
# 374-391
name=unknown_E
#
# <colnr> <probs for GDERKNQSTAVLIFYWHMCP>
#	G	D	E	R	K	N	Q	S	T	A	V	L	I	F	Y	W	H	M	C	P
0	0.15405	0.09514	0.01861	0.13749	0.18670	0.01514	0.01243	0.17161	0.01609	0.06359	0.03529	0.01473	0.01052	0.00618	0.00536	0.00176	0.00632	0.00493	0.00405	0.04000
1	0.07983	0.09475	0.01888	0.31519	0.09224	0.06062	0.05100	0.05860	0.02786	0.04749	0.06570	0.01786	0.03209	0.00666	0.00573	0.00185	0.00703	0.00561	0.00363	0.00741
2	0.24572	0.13767	0.01819	0.01709	0.20489	0.03709	0.01116	0.08007	0.09626	0.04911	0.04064	0.01468	0.01142	0.00623	0.00505	0.00176	0.00589	0.00479	0.00404	0.00825
3	0.05862	0.01227	0.01827	0.30358	0.25910	0.01364	0.01461	0.12267	0.01494	0.02146	0.01226	0.01577	0.00953	0.00607	0.00568	0.00183	0.00680	0.00528	0.08962	0.00800
4	0.28632	0.01060	0.01340	0.01584	0.17600	0.01116	0.02717	0.03879	0.01294	0.05083	0.01827	0.11572	0.01812	0.00976	0.00599	0.00213	0.00549	0.17002	0.00440	0.00707
5	0.09859	0.06359	0.01718	0.09477	0.08805	0.04903	0.01147	0.22379	0.20453	0.06582	0.01563	0.01612	0.01164	0.00684	0.00565	0.00185	0.00624	0.00537	0.00491	0.00894
6	0.06458	0.27217	0.36684	0.01736	0.13120	0.01715	0.01685	0.01854	0.01255	0.01806	0.00994	0.01187	0.00787	0.00547	0.00503	0.00169	0.00757	0.00411	0.00269	0.00846
7	0.01810	0.13551	0.13799	0.01523	0.02068	0.01501	0.16400	0.15223	0.03361	0.17850	0.01575	0.05979	0.01209	0.00695	0.00597	0.00184	0.00715	0.00613	0.00460	0.00886
8	0.01893	0.14265	0.24948	0.09306	0.02145	0.01333	0.01409	0.02282	0.01446	0.32805	0.01584	0.01584	0.01074	0.00638	0.00559	0.00180	0.00681	0.00502	0.00463	0.00904
9	0.01409	0.35570	0.36894	0.01629	0.09786	0.01822	0.01671	0.01854	0.01260	0.01701	0.00981	0.01162	0.00786	0.00543	0.00495	0.00163	0.00765	0.00401	0.00260	0.00846
10	0.02000	0.35700	0.02409	0.01225	0.01720	0.01703	0.08093	0.06699	0.05459	0.27083	0.01526	0.01500	0.01105	0.00622	0.00519	0.00163	0.00627	0.00490	0.00470	0.00888
11	0.01993	0.03273	0.08542	0.04267	0.04468	0.01254	0.18609	0.02332	0.01483	0.36721	0.01691	0.01740	0.01154	0.00687	0.00766	0.00198	0.08823	0.00597	0.00502	0.00901
12	0.02052	0.01564	0.14171	0.03109	0.01905	0.05897	0.06929	0.05230	0.07638	0.37727	0.01962	0.06081	0.01409	0.00754	0.00613	0.00191	0.00653	0.00636	0.00560	0.00919
13	0.00912	0.00606	0.00798	0.00884	0.00992	0.00565	0.00660	0.01077	0.01292	0.06242	0.07634	0.46469	0.10820	0.01691	0.00763	0.00241	0.00396	0.16842	0.00575	0.00543
14	0.01019	0.00778	0.01242	0.01165	0.01360	0.00731	0.11616	0.01249	0.01319	0.05960	0.03198	0.33141	0.10682	0.01505	0.00763	0.00240	0.00516	0.22396	0.00529	0.00590
15	0.01866	0.21577	0.16957	0.03484	0.14096	0.01506	0.01378	0.04655	0.01470	0.25216	0.01449	0.01489	0.01037	0.00612	0.00540	0.00171	0.00667	0.00485	0.00430	0.00912
16	0.01241	0.05320	0.11173	0.01173	0.01485	0.01096	0.01077	0.04637	0.17756	0.03926	0.02388	0.04082	0.02310	0.09335	0.00943	0.00267	0.00592	0.29988	0.00498	0.00711
17	0.01907	0.32041	0.19288	0.01219	0.01803	0.01637	0.01264	0.05860	0.01479	0.25913	0.01427	0.01415	0.01017	0.00614	0.00512	0.00164	0.00658	0.00454	0.00434	0.00894

[dist]
# distance from previous block
# <min> <max>
0	2

[block]
# block no. 5 follows, 38 sequences, length 15
# corresponding to MSA columns:
# 394-408
name=unknown_F
#
# <colnr> <probs for GDERKNQSTAVLIFYWHMCP>
#	G	D	E	R	K	N	Q	S	T	A	V	L	I	F	Y	W	H	M	C	P
0	0.06442	0.13665	0.14347	0.02253	0.26358	0.01561	0.11546	0.01893	0.03534	0.04514	0.03196	0.01477	0.01039	0.00600	0.00643	0.00183	0.05051	0.00521	0.00324	0.00852
1	0.01610	0.01077	0.01551	0.30366	0.06950	0.01173	0.01225	0.09893	0.05591	0.19201	0.01846	0.13638	0.01548	0.00856	0.00628	0.00201	0.00624	0.00742	0.00483	0.00797
2	0.01273	0.01229	0.04481	0.51686	0.08406	0.01360	0.05368	0.07839	0.04010	0.01884	0.05657	0.01770	0.01170	0.00647	0.00613	0.00196	0.00755	0.00580	0.00336	0.00738
3	0.01073	0.00706	0.00890	0.00838	0.00984	0.00706	0.00609	0.01404	0.08314	0.08306	0.31542	0.08178	0.03527	0.19027	0.10873	0.00381	0.00562	0.00941	0.00548	0.00590
4	0.01434	0.01118	0.01247	0.01112	0.01406	0.01249	0.00870	0.02594	0.47647	0.08701	0.12157	0.02801	0.09019	0.00942	0.00706	0.00204	0.04564	0.00773	0.00607	0.00851
5	0.01128	0.01048	0.01760	0.67522	0.07010	0.01290	0.01599	0.01511	0.01190	0.01544	0.01119	0.01665	0.00870	0.00938	0.07187	0.00266	0.00868	0.00544	0.00273	0.00669
6	0.00762	0.00577	0.00704	0.00744	0.00862	0.00519	0.00531	0.00936	0.01386	0.01830	0.25957	0.33977	0.25879	0.01576	0.00733	0.00215	0.00316	0.01387	0.00590	0.00519
7	0.01486	0.21424	0.06825	0.01206	0.01610	0.01586	0.02979	0.04516	0.34014	0.04867	0.01981	0.07744	0.01678	0.00835	0.00577	0.00189	0.00563	0.04588	0.00486	0.00846
8	0.01511	0.01326	0.02331	0.11815	0.23410	0.01359	0.21260	0.01996	0.07408	0.10052	0.05863	0.01838	0.01334	0.00654	0.00715	0.00196	0.05059	0.00637	0.00391	0.00846
9	0.01420	0.01623	0.03550	0.02535	0.03144	0.01521	0.72921	0.01927	0.01420	0.01927	0.01217	0.01623	0.00913	0.00507	0.00710	0.00203	0.01014	0.00710	0.00304	0.00811
10	0.01247	0.01069	0.01247	0.00891	0.01426	0.00802	0.00713	0.01515	0.01247	0.01960	0.01069	0.01247	0.00891	0.00446	0.00446	0.00089	0.00446	0.00356	0.00356	0.82536
11	0.04844	0.03820	0.01910	0.01757	0.14870	0.03210	0.05109	0.35135	0.04320	0.13849	0.04124	0.01648	0.01240	0.00687	0.00596	0.00181	0.00651	0.00566	0.00530	0.00953
12	0.01442	0.01253	0.01071	0.00976	0.01219	0.15668	0.00744	0.14081	0.05515	0.02178	0.02637	0.11544	0.15468	0.00990	0.00582	0.00178	0.00528	0.00800	0.22456	0.00671
13	0.00718	0.00582	0.00638	0.00683	0.00832	0.00502	0.00490	0.00855	0.01300	0.01596	0.05197	0.29245	0.51985	0.01640	0.00729	0.00216	0.00319	0.01412	0.00559	0.00502
14	0.01793	0.01336	0.05965	0.03489	0.19083	0.01239	0.07450	0.07300	0.12854	0.22468	0.07474	0.02009	0.01607	0.00709	0.00615	0.00188	0.00613	0.00631	0.02262	0.00917

[dist]
# distance from previous block
# <min> <max>
0	2

[block]
# block no. 6 follows, 38 sequences, length 98
# corresponding to MSA columns:
# 411-508
name=unknown_G
#
# <colnr> <probs for GDERKNQSTAVLIFYWHMCP>
#	G	D	E	R	K	N	Q	S	T	A	V	L	I	F	Y	W	H	M	C	P
0	0.47358	0.00967	0.00880	0.00782	0.01095	0.01054	0.00631	0.01789	0.01199	0.12312	0.04628	0.01611	0.01218	0.00785	0.03125	0.00204	0.00463	0.00461	0.18765	0.00673
1	0.01508	0.01394	0.01764	0.04130	0.19827	0.04219	0.04878	0.02722	0.47666	0.02284	0.01966	0.01966	0.01503	0.00718	0.00610	0.00196	0.00594	0.00631	0.00498	0.00928
2	0.00939	0.00671	0.00935	0.01073	0.01198	0.00666	0.00917	0.01194	0.01355	0.01766	0.03202	0.15981	0.03528	0.01690	0.00823	0.00273	0.00528	0.62161	0.00555	0.00546
3	0.01335	0.01291	0.02076	0.24310	0.32278	0.01528	0.01634	0.01636	0.01185	0.01684	0.01010	0.01470	0.00860	0.00712	0.01017	0.00211	0.24172	0.00533	0.00278	0.00781
4	0.01368	0.05609	0.01420	0.01035	0.04732	0.00926	0.00792	0.01633	0.01280	0.06433	0.01138	0.01291	0.00924	0.00472	0.00459	0.00101	0.00473	0.00378	0.00372	0.69163
5	0.00859	0.00645	0.00967	0.00967	0.01074	0.00752	0.00752	0.01074	0.00967	0.01396	0.01611	0.02363	0.01504	0.04512	0.76474	0.00967	0.01611	0.00645	0.00322	0.00537
6	0.01420	0.01623	0.03550	0.02535	0.03144	0.01521	0.72921	0.01927	0.01420	0.01927	0.01217	0.01623	0.00913	0.00507	0.00710	0.00203	0.01014	0.00710	0.00304	0.00811
7	0.00739	0.00535	0.00699	0.00818	0.00870	0.00495	0.00553	0.00859	0.01202	0.01598	0.08146	0.68983	0.08642	0.01819	0.00760	0.00238	0.00342	0.01641	0.00565	0.00495
8	0.01207	0.03112	0.75741	0.01715	0.02604	0.01397	0.02223	0.01905	0.01270	0.01905	0.01080	0.01270	0.00762	0.00572	0.00572	0.00191	0.00889	0.00445	0.00254	0.00889
9	0.83108	0.01163	0.00884	0.00791	0.01163	0.01350	0.00651	0.01768	0.01024	0.02699	0.00838	0.00977	0.00651	0.00558	0.00372	0.00186	0.00465	0.00326	0.00372	0.00651
10	0.00733	0.00524	0.00698	0.00838	0.00873	0.00489	0.00558	0.00838	0.01152	0.01536	0.03316	0.78466	0.03979	0.01885	0.00768	0.00244	0.00349	0.01710	0.00558	0.00489
11	0.02247	0.02867	0.01705	0.01550	0.01860	0.76443	0.01162	0.02402	0.01705	0.01472	0.00930	0.01085	0.00775	0.00620	0.00542	0.00155	0.01085	0.00387	0.00310	0.00697
12	0.01045	0.00522	0.00784	0.00784	0.00784	0.00522	0.00522	0.00784	0.00784	0.01045	0.01045	0.01829	0.01045	0.02090	0.02351	0.82497	0.00522	0.00522	0.00261	0.00261
13	0.00915	0.00654	0.00907	0.01046	0.01160	0.00646	0.00875	0.01152	0.01331	0.01739	0.03215	0.23271	0.03581	0.01713	0.00816	0.00269	0.00507	0.55108	0.00555	0.00539
14	0.00741	0.00611	0.00651	0.00641	0.00831	0.00521	0.00481	0.00922	0.01442	0.01794	0.20805	0.05512	0.60045	0.01461	0.00711	0.00200	0.00300	0.01231	0.00581	0.00521
15	0.01438	0.01458	0.02092	0.33469	0.37244	0.10554	0.01691	0.01788	0.01343	0.01731	0.01082	0.01486	0.00870	0.00573	0.00591	0.00185	0.00795	0.00517	0.00287	0.00806
16	0.00733	0.00524	0.00698	0.00838	0.00873	0.00489	0.00558	0.00838	0.01152	0.01536	0.03316	0.78466	0.03979	0.01885	0.00768	0.00244	0.00349	0.01710	0.00558	0.00489
17	0.01287	0.01273	0.01786	0.01540	0.01547	0.01773	0.01280	0.01424	0.00924	0.01444	0.00842	0.01383	0.00836	0.01275	0.06759	0.00308	0.72867	0.00534	0.00267	0.00650
18	0.01583	0.74332	0.07815	0.01073	0.01612	0.02317	0.01106	0.01808	0.01225	0.01447	0.00852	0.00985	0.00771	0.00518	0.00398	0.00133	0.00659	0.00330	0.00257	0.00780
19	0.01975	0.01903	0.01728	0.01436	0.01763	0.28311	0.05689	0.23384	0.01875	0.04995	0.01257	0.01425	0.00975	0.00712	0.00740	0.00179	0.10514	0.00500	0.09845	0.00794
20	0.79577	0.01157	0.00907	0.00803	0.01180	0.01329	0.00662	0.01819	0.01054	0.05896	0.00905	0.01024	0.00688	0.00567	0.00382	0.00186	0.00467	0.00338	0.00389	0.00668
21	0.00776	0.00612	0.00700	0.00678	0.00853	0.00536	0.00509	0.00990	0.01526	0.01991	0.38063	0.05186	0.42664	0.01387	0.00710	0.00197	0.00295	0.01185	0.00607	0.00536
22	0.02247	0.02867	0.01705	0.01550	0.01860	0.76443	0.01162	0.02402	0.01705	0.01472	0.00930	0.01085	0.00775	0.00620	0.00542	0.00155	0.01085	0.00387	0.00310	0.00697
23	0.83108	0.01163	0.00884	0.00791	0.01163	0.01350	0.00651	0.01768	0.01024	0.02699	0.00838	0.00977	0.00651	0.00558	0.00372	0.00186	0.00465	0.00326	0.00372	0.00651
24	0.00711	0.00609	0.00609	0.00609	0.00813	0.00508	0.00457	0.00863	0.01371	0.01625	0.06094	0.05789	0.74862	0.01524	0.00711	0.00203	0.00305	0.01270	0.00559	0.00508
25	0.00733	0.00524	0.00698	0.00838	0.00873	0.00489	0.00558	0.00838	0.01152	0.01536	0.03316	0.78466	0.03979	0.01885	0.00768	0.00244	0.00349	0.01710	0.00558	0.00489
26	0.02699	0.01024	0.01396	0.01070	0.01536	0.00884	0.00884	0.02932	0.01722	0.75522	0.02373	0.02048	0.01489	0.00745	0.00605	0.00186	0.00512	0.00605	0.00745	0.01024
27	0.01608	0.79220	0.03152	0.01029	0.01544	0.02380	0.01029	0.01801	0.01222	0.01415	0.00836	0.00965	0.00772	0.00515	0.00386	0.00129	0.00643	0.00322	0.00257	0.00772
28	0.01207	0.03112	0.75741	0.01715	0.02604	0.01397	0.02223	0.01905	0.01270	0.01905	0.01080	0.01270	0.00762	0.00572	0.00572	0.00191	0.00889	0.00445	0.00254	0.00889
29	0.00969	0.00692	0.00969	0.01108	0.01246	0.00692	0.00969	0.01246	0.01385	0.01800	0.03185	0.06786	0.03462	0.01662	0.00831	0.00277	0.00554	0.71057	0.00554	0.00554
30	0.83108	0.01163	0.00884	0.00791	0.01163	0.01350	0.00651	0.01768	0.01024	0.02699	0.00838	0.00977	0.00651	0.00558	0.00372	0.00186	0.00465	0.00326	0.00372	0.00651
31	0.00733	0.00524	0.00698	0.00838	0.00873	0.00489	0.00558	0.00838	0.01152	0.01536	0.03316	0.78466	0.03979	0.01885	0.00768	0.00244	0.00349	0.01710	0.00558	0.00489
32	0.83108	0.01163	0.00884	0.00791	0.01163	0.01350	0.00651	0.01768	0.01024	0.02699	0.00838	0.00977	0.00651	0.00558	0.00372	0.00186	0.00465	0.00326	0.00372	0.00651
33	0.01489	0.01429	0.02442	0.03692	0.75106	0.01429	0.01846	0.01846	0.01370	0.01965	0.01132	0.01489	0.00953	0.00536	0.00596	0.00179	0.00715	0.00536	0.00298	0.00953
34	0.01496	0.01292	0.01360	0.01224	0.01564	0.01496	0.00952	0.03197	0.74019	0.02516	0.02448	0.02244	0.01836	0.00816	0.00612	0.00204	0.00476	0.00680	0.00612	0.00952
35	0.00740	0.00529	0.00704	0.00833	0.00874	0.00493	0.00559	0.00855	0.01184	0.01586	0.07455	0.74181	0.04077	0.01847	0.00764	0.00241	0.00345	0.01674	0.00564	0.00493
36	0.01420	0.01623	0.03550	0.02535	0.03144	0.01521	0.72921	0.01927	0.01420	0.01927	0.01217	0.01623	0.00913	0.00507	0.00710	0.00203	0.01014	0.00710	0.00304	0.00811
37	0.02031	0.01558	0.01661	0.01332	0.01768	0.01746	0.01082	0.50473	0.25872	0.03379	0.01769	0.01703	0.01286	0.00753	0.00605	0.00188	0.00602	0.00586	0.00605	0.01000
38	0.00719	0.00610	0.00621	0.00618	0.00818	0.00511	0.00463	0.00879	0.01390	0.01671	0.10073	0.05714	0.70854	0.01507	0.00711	0.00202	0.00303	0.01259	0.00565	0.00511
39	0.02311	0.01647	0.01782	0.01366	0.01846	0.01809	0.01128	0.69036	0.02764	0.07946	0.01498	0.01479	0.01050	0.00723	0.00602	0.00181	0.00653	0.00545	0.00610	0.01023
40	0.00737	0.00526	0.00701	0.00835	0.00873	0.00491	0.00559	0.00847	0.01169	0.01564	0.05604	0.76097	0.04033	0.01864	0.00766	0.00243	0.00347	0.01690	0.00562	0.00491
41	0.00732	0.00526	0.00695	0.00830	0.00871	0.00489	0.00555	0.00838	0.01159	0.01539	0.03404	0.76148	0.06239	0.01873	0.00766	0.00243	0.00348	0.01696	0.00558	0.00489
42	0.07864	0.01033	0.01363	0.01052	0.01512	0.00914	0.00869	0.02857	0.01677	0.70845	0.02275	0.01979	0.01435	0.00733	0.00590	0.00186	0.00509	0.00587	0.00721	0.01000
43	0.00868	0.00639	0.00959	0.00959	0.01061	0.00742	0.00742	0.01061	0.00959	0.01381	0.01586	0.02339	0.01483	0.04404	0.73162	0.04611	0.01563	0.00639	0.00320	0.00525
44	0.00739	0.00529	0.00710	0.00843	0.00882	0.00500	0.00567	0.00848	0.01143	0.01529	0.03239	0.75065	0.03868	0.02002	0.04151	0.00277	0.00405	0.01663	0.00548	0.00491
45	0.04325	0.01099	0.01773	0.53302	0.12685	0.01309	0.01538	0.01597	0.01220	0.04662	0.01237	0.06020	0.01027	0.00697	0.00678	0.00203	0.05012	0.00597	0.00311	0.00708
46	0.01321	0.03033	0.67740	0.01690	0.02523	0.06238	0.02107	0.05063	0.01366	0.01960	0.01086	0.01266	0.00774	0.00581	0.00571	0.00188	0.00892	0.00445	0.00273	0.00883
47	0.02051	0.09002	0.07601	0.01229	0.01689	0.04120	0.01077	0.26123	0.10008	0.22266	0.03862	0.01823	0.01373	0.04210	0.00692	0.00198	0.00618	0.00570	0.00561	0.00926
48	0.01151	0.01084	0.01830	0.74392	0.07051	0.01340	0.01678	0.01550	0.01210	0.01555	0.01072	0.01599	0.00808	0.00599	0.00601	0.00200	0.00798	0.00535	0.00269	0.00680
49	0.62227	0.01321	0.01049	0.00914	0.01294	0.09178	0.00741	0.02014	0.01203	0.13776	0.01084	0.01153	0.00793	0.00594	0.00426	0.00183	0.00538	0.00375	0.00423	0.00714
50	0.00804	0.00615	0.00710	0.00712	0.00876	0.00550	0.00542	0.01009	0.01452	0.01899	0.27567	0.06737	0.38595	0.04339	0.00802	0.00219	0.00334	0.08235	0.03476	0.00528
51	0.04506	0.01813	0.20257	0.15388	0.21372	0.03858	0.01649	0.06572	0.11650	0.02061	0.01282	0.01519	0.00984	0.00633	0.00640	0.00192	0.03896	0.00521	0.00347	0.00860
52	0.83108	0.01163	0.00884	0.00791	0.01163	0.01350	0.00651	0.01768	0.01024	0.02699	0.00838	0.00977	0.00651	0.00558	0.00372	0.00186	0.00465	0.00326	0.00372	0.00651
53	0.01313	0.01142	0.01559	0.01115	0.01658	0.00900	0.10341	0.01611	0.01284	0.04099	0.01127	0.01321	0.00911	0.00462	0.00485	0.00107	0.00523	0.00411	0.00361	0.69269
54	0.01316	0.01316	0.01843	0.01579	0.01579	0.01843	0.01316	0.01448	0.00921	0.01448	0.00790	0.01316	0.00790	0.01053	0.01974	0.00263	0.77757	0.00526	0.00263	0.00658
55	0.00759	0.00600	0.00692	0.00752	0.00900	0.00533	0.00568	0.00919	0.01315	0.01630	0.04872	0.25463	0.44137	0.01643	0.00746	0.00226	0.00357	0.12820	0.00558	0.00510
56	0.00803	0.00606	0.00672	0.00655	0.00831	0.00534	0.00491	0.01014	0.01474	0.01962	0.29427	0.04969	0.43225	0.01336	0.00680	0.00192	0.00295	0.01132	0.09167	0.00534
57	0.00737	0.00610	0.00645	0.00636	0.00828	0.00519	0.00477	0.00913	0.01432	0.01769	0.18645	0.05553	0.62221	0.01470	0.00711	0.00201	0.00301	0.01236	0.00578	0.00519
58	0.00931	0.00628	0.00815	0.00760	0.00913	0.00579	0.00573	0.01213	0.01684	0.05081	0.68940	0.04305	0.05341	0.01189	0.00693	0.00187	0.00292	0.01047	0.04245	0.00584
59	0.01247	0.01069	0.01247	0.00891	0.01426	0.00802	0.00713	0.01515	0.01247	0.01960	0.01069	0.01247	0.00891	0.00446	0.00446	0.00089	0.00446	0.00356	0.00356	0.82536
60	0.01489	0.01429	0.02442	0.03692	0.75106	0.01429	0.01846	0.01846	0.01370	0.01965	0.01132	0.01489	0.00953	0.00536	0.00596	0.00179	0.00715	0.00536	0.00298	0.00953
61	0.02218	0.01638	0.01753	0.01350	0.01819	0.01806	0.01113	0.69928	0.02764	0.03696	0.01648	0.01635	0.04265	0.00757	0.00607	0.00182	0.00646	0.00574	0.00600	0.01000
62	0.01172	0.00952	0.01081	0.00989	0.01230	0.01030	0.00759	0.02161	0.37673	0.02464	0.38806	0.03375	0.03766	0.01024	0.00661	0.00197	0.00379	0.00885	0.00637	0.00759
63	0.00950	0.00710	0.00871	0.00834	0.00994	0.00706	0.00622	0.01438	0.13159	0.02316	0.51766	0.13085	0.04700	0.01224	0.00690	0.00196	0.00322	0.01079	0.03718	0.00619
64	0.69296	0.01411	0.01028	0.00915	0.01283	0.11448	0.00738	0.04464	0.01181	0.02574	0.00872	0.01009	0.00682	0.00573	0.00404	0.00182	0.00556	0.00342	0.00372	0.00671
65	0.02247	0.02867	0.01705	0.01550	0.01860	0.76443	0.01162	0.02402	0.01705	0.01472	0.00930	0.01085	0.00775	0.00620	0.00542	0.00155	0.01085	0.00387	0.00310	0.00697
66	0.01045	0.00522	0.00784	0.00784	0.00784	0.00522	0.00522	0.00784	0.00784	0.01045	0.01045	0.01829	0.01045	0.02090	0.02351	0.82497	0.00522	0.00522	0.00261	0.00261
67	0.00956	0.00776	0.01162	0.01113	0.01328	0.00734	0.09585	0.01225	0.01380	0.01785	0.03737	0.05662	0.23841	0.01438	0.00763	0.00240	0.00525	0.39007	0.04174	0.00572
68	0.01187	0.01121	0.01896	0.66768	0.14390	0.01350	0.01696	0.01582	0.01227	0.01599	0.01078	0.01587	0.00824	0.00592	0.00601	0.00197	0.00789	0.00535	0.00272	0.00709
69	0.01207	0.03112	0.75741	0.01715	0.02604	0.01397	0.02223	0.01905	0.01270	0.01905	0.01080	0.01270	0.00762	0.00572	0.00572	0.00191	0.00889	0.00445	0.00254	0.00889
70	0.00775	0.00556	0.00688	0.00775	0.00826	0.00523	0.00514	0.00867	0.01120	0.01466	0.03306	0.47761	0.12439	0.21053	0.01336	0.00325	0.00410	0.04288	0.00510	0.00463
71	0.12650	0.01392	0.01995	0.15776	0.42070	0.05639	0.01536	0.03601	0.01371	0.06731	0.01157	0.01451	0.00912	0.00573	0.00564	0.00183	0.00703	0.00503	0.00339	0.00854
72	0.01273	0.01211	0.02041	0.47424	0.30245	0.01389	0.01723	0.01648	0.01254	0.01692	0.01082	0.01551	0.00857	0.00594	0.00650	0.00195	0.03586	0.00535	0.00278	0.00773
73	0.01031	0.00527	0.00773	0.00773	0.00773	0.00527	0.00510	0.00791	0.00791	0.01055	0.01113	0.01998	0.01136	0.08240	0.02408	0.75935	0.00527	0.00551	0.00270	0.00270
74	0.01121	0.00561	0.00561	0.00561	0.00701	0.00561	0.00421	0.01402	0.01262	0.02243	0.01962	0.02243	0.01542	0.00701	0.00421	0.00140	0.00280	0.00561	0.82198	0.00561
75	0.01247	0.01069	0.01247	0.00891	0.01426	0.00802	0.00713	0.01515	0.01247	0.01960	0.01069	0.01247	0.00891	0.00446	0.00446	0.00089	0.00446	0.00356	0.00356	0.82536
76	0.04483	0.05875	0.01634	0.01296	0.03999	0.01554	0.01029	0.35262	0.12935	0.08667	0.07025	0.01973	0.01574	0.00793	0.00652	0.00187	0.03957	0.02647	0.03552	0.00904
77	0.00743	0.00600	0.00653	0.00685	0.00845	0.00523	0.00505	0.00888	0.01309	0.01597	0.05199	0.17200	0.54235	0.06070	0.00865	0.00237	0.00346	0.06453	0.00547	0.00500
78	0.01376	0.01393	0.01988	0.45803	0.25643	0.10268	0.01664	0.01734	0.01314	0.01661	0.01072	0.01507	0.00845	0.00584	0.00593	0.00188	0.00809	0.00518	0.00282	0.00759
79	0.02111	0.00981	0.01275	0.01005	0.01417	0.00864	0.00813	0.02461	0.06762	0.48294	0.14285	0.02362	0.02132	0.00790	0.00602	0.00175	0.00462	0.00657	0.00669	0.11883
80	0.00844	0.00620	0.00748	0.00737	0.00819	0.00605	0.00503	0.00979	0.01260	0.01704	0.27120	0.11899	0.14751	0.29990	0.01632	0.00345	0.03374	0.01079	0.00510	0.00479
81	0.01418	0.01357	0.02314	0.18487	0.60865	0.01411	0.01811	0.01784	0.01336	0.01879	0.01119	0.01512	0.00923	0.00549	0.00597	0.00183	0.00732	0.00536	0.00292	0.00896
82	0.00846	0.00588	0.00742	0.00813	0.00861	0.00573	0.00562	0.00954	0.01121	0.01494	0.07301	0.29005	0.03254	0.33162	0.01711	0.00385	0.00481	0.15205	0.00485	0.00456
83	0.12119	0.00848	0.01131	0.01102	0.01304	0.00870	0.05007	0.01308	0.01247	0.01865	0.02438	0.19917	0.02641	0.01345	0.00788	0.00236	0.05474	0.31980	0.00479	0.07902
84	0.80259	0.01158	0.00902	0.00801	0.01177	0.01333	0.00660	0.01810	0.01049	0.05279	0.00892	0.01015	0.00681	0.00565	0.00381	0.00186	0.00467	0.00336	0.00385	0.00665
85	0.01832	0.18820	0.01926	0.01244	0.01677	0.08983	0.01037	0.25093	0.23926	0.02548	0.01544	0.01535	0.01183	0.00679	0.00542	0.00168	0.00629	0.00509	0.00486	0.05636
86	0.01454	0.01411	0.02458	0.09955	0.64384	0.01427	0.06396	0.01825	0.01359	0.01926	0.01132	0.01507	0.00937	0.00540	0.00603	0.00182	0.00741	0.00547	0.00296	0.00919
87	0.01600	0.34911	0.28778	0.01359	0.01983	0.01764	0.04159	0.01988	0.01305	0.12055	0.01152	0.01266	0.00876	0.00589	0.00560	0.00167	0.03887	0.00428	0.00327	0.00846
88	0.01284	0.02843	0.63593	0.01804	0.02642	0.01397	0.11700	0.01942	0.01305	0.04310	0.01140	0.01343	0.00806	0.00569	0.00591	0.00192	0.00894	0.00486	0.00277	0.00883
89	0.01136	0.01069	0.01804	0.77412	0.04143	0.01337	0.01671	0.01537	0.01203	0.01537	0.01069	0.01604	0.00802	0.00601	0.00601	0.00200	0.00802	0.00535	0.00267	0.00668
90	0.02029	0.01489	0.01612	0.01439	0.06410	0.16129	0.05804	0.09586	0.08672	0.27065	0.02088	0.08525	0.04754	0.00828	0.00618	0.00188	0.00661	0.00690	0.00548	0.00864
91	0.01171	0.01185	0.08116	0.22213	0.12065	0.01124	0.03985	0.01560	0.03693	0.04392	0.19217	0.06525	0.05090	0.00885	0.00737	0.00200	0.05945	0.00764	0.00420	0.00712
92	0.01042	0.00943	0.01641	0.01345	0.01620	0.00894	0.23225	0.01387	0.04117	0.01893	0.15791	0.15479	0.10866	0.06245	0.00869	0.00236	0.00576	0.07373	0.03832	0.00624
93	0.01010	0.00850	0.01236	0.30587	0.03668	0.00939	0.01066	0.01398	0.05549	0.01862	0.18707	0.05495	0.12942	0.01038	0.00666	0.00206	0.00538	0.08541	0.03080	0.00624
94	0.01422	0.02086	0.31309	0.11119	0.15396	0.03319	0.01722	0.08705	0.13056	0.02135	0.01336	0.01516	0.01000	0.00620	0.00585	0.00188	0.00755	0.00515	0.00357	0.02860
95	0.01571	0.09179	0.26037	0.01498	0.03393	0.06392	0.04634	0.07944	0.25551	0.05400	0.01593	0.01620	0.01182	0.00666	0.00577	0.00186	0.00710	0.00536	0.00428	0.00901
96	0.05865	0.17337	0.03658	0.00978	0.01259	0.01160	0.03510	0.01476	0.06073	0.01999	0.29379	0.03246	0.09994	0.01045	0.00723	0.03102	0.03289	0.04775	0.00487	0.00645
97	0.01050	0.00720	0.01016	0.02672	0.09552	0.00684	0.00772	0.01246	0.01355	0.08486	0.17309	0.34399	0.07566	0.04815	0.00820	0.00234	0.00423	0.05720	0.00552	0.00610

[dist]
# distance from previous block
# <min> <max>
1	8

[block]
# block no. 7 follows, 38 sequences, length 97
# corresponding to MSA columns:
# 517-554,567-625
name=unknown_H
#
# <colnr> <probs for GDERKNQSTAVLIFYWHMCP>
#	G	D	E	R	K	N	Q	S	T	A	V	L	I	F	Y	W	H	M	C	P
0	0.22138	0.01157	0.03568	0.11834	0.03670	0.01217	0.12558	0.01674	0.06490	0.02029	0.05730	0.03425	0.01347	0.01340	0.13736	0.00328	0.03319	0.00589	0.00368	0.03483
1	0.03885	0.16196	0.02252	0.05447	0.29811	0.09652	0.03642	0.06315	0.07922	0.07380	0.01273	0.01448	0.01006	0.00595	0.00551	0.00172	0.00708	0.00498	0.00371	0.00876
2	0.00916	0.00573	0.00710	0.00710	0.00718	0.00581	0.00432	0.00867	0.00859	0.01153	0.01665	0.03302	0.01856	0.54503	0.08290	0.20761	0.00644	0.00771	0.00336	0.00352
3	0.01599	0.77446	0.04844	0.01045	0.01569	0.02357	0.01057	0.01804	0.01223	0.01427	0.00842	0.00972	0.00772	0.00516	0.00390	0.00130	0.00649	0.00325	0.00257	0.00775
4	0.01562	0.00773	0.01025	0.00872	0.01142	0.00688	0.00685	0.01820	0.01695	0.30747	0.43496	0.03605	0.07265	0.01055	0.00669	0.00189	0.00373	0.00909	0.00689	0.00742
5	0.00895	0.00550	0.00637	0.00700	0.00797	0.00523	0.00493	0.01082	0.01238	0.01867	0.05680	0.37636	0.09706	0.01341	0.00618	0.00196	0.00314	0.01174	0.34030	0.00523
6	0.00836	0.00608	0.00787	0.00756	0.00893	0.00559	0.00562	0.01101	0.01647	0.02311	0.66337	0.09998	0.08765	0.01292	0.00714	0.00194	0.00290	0.01142	0.00650	0.00559
7	0.01216	0.00946	0.01076	0.01056	0.01271	0.01033	0.00795	0.02156	0.38439	0.04683	0.02803	0.30525	0.02712	0.01259	0.00680	0.00222	0.00432	0.05688	0.02258	0.00750
8	0.02181	0.01632	0.01746	0.01363	0.01825	0.01816	0.01118	0.63702	0.12399	0.03620	0.01579	0.01552	0.01132	0.00735	0.00603	0.00184	0.00637	0.00560	0.00603	0.01014
9	0.00861	0.00639	0.00937	0.00937	0.01034	0.00736	0.00715	0.01055	0.00958	0.01375	0.01638	0.02514	0.01569	0.11609	0.69466	0.00930	0.01513	0.00667	0.00326	0.00521
10	0.01207	0.03112	0.75741	0.01715	0.02604	0.01397	0.02223	0.01905	0.01270	0.01905	0.01080	0.01270	0.00762	0.00572	0.00572	0.00191	0.00889	0.00445	0.00254	0.00889
11	0.28239	0.00871	0.00919	0.00819	0.01078	0.00900	0.00644	0.04049	0.01520	0.09168	0.41221	0.03003	0.03473	0.00946	0.00585	0.00188	0.00378	0.00773	0.00572	0.00653
12	0.01586	0.00776	0.01022	0.00895	0.01164	0.00688	0.00704	0.01815	0.01600	0.32140	0.26564	0.11641	0.11178	0.01154	0.00679	0.00200	0.00400	0.04386	0.00668	0.00739
13	0.00747	0.00598	0.00723	0.05386	0.01043	0.00549	0.00577	0.00893	0.01261	0.01579	0.04521	0.38682	0.38027	0.01632	0.00730	0.00222	0.00355	0.01426	0.00541	0.00509
14	0.01062	0.00968	0.01440	0.04269	0.32567	0.00928	0.01103	0.01308	0.01350	0.01764	0.03565	0.09201	0.34481	0.01104	0.00665	0.00197	0.00503	0.02385	0.00439	0.00702
15	0.01203	0.03015	0.72898	0.01671	0.02532	0.01365	0.02154	0.01886	0.01270	0.01918	0.01113	0.01307	0.00792	0.00576	0.00566	0.00189	0.00866	0.00449	0.03353	0.00877
16	0.01423	0.01336	0.02232	0.15733	0.57274	0.01386	0.01732	0.04265	0.01383	0.01939	0.01234	0.05082	0.01071	0.00616	0.00605	0.00185	0.00710	0.00591	0.00316	0.00886
17	0.17729	0.01188	0.01346	0.01074	0.01511	0.01197	0.00877	0.13156	0.11482	0.36591	0.01873	0.01731	0.01270	0.00697	0.00551	0.00182	0.00517	0.00537	0.00611	0.05878
18	0.03688	0.00991	0.01196	0.04475	0.05989	0.01008	0.00835	0.08748	0.14450	0.12058	0.11869	0.05821	0.15062	0.07066	0.00823	0.00222	0.00476	0.00828	0.00553	0.03843
19	0.00754	0.00535	0.00703	0.00830	0.00865	0.00504	0.00554	0.00855	0.01134	0.01510	0.03179	0.69057	0.03794	0.09067	0.00984	0.00277	0.00378	0.04000	0.00540	0.00479
20	0.05472	0.01335	0.02167	0.07649	0.17929	0.01372	0.21013	0.14506	0.04050	0.02297	0.01498	0.06422	0.01263	0.00704	0.00620	0.00192	0.00710	0.02620	0.07362	0.00818
21	0.01420	0.01359	0.02317	0.18098	0.61239	0.01411	0.01812	0.01786	0.01337	0.01882	0.01119	0.01511	0.00923	0.00549	0.00597	0.00183	0.00732	0.00536	0.00292	0.00897
22	0.00795	0.00628	0.00664	0.00666	0.00813	0.00570	0.00472	0.00959	0.03535	0.01532	0.04648	0.05201	0.48495	0.23399	0.01379	0.00314	0.00401	0.04540	0.00505	0.00484
23	0.04229	0.01552	0.02188	0.06865	0.41256	0.09781	0.06991	0.07083	0.01467	0.02010	0.01155	0.03082	0.00972	0.00609	0.00649	0.00180	0.04140	0.00542	0.00330	0.04918
24	0.01045	0.00522	0.00784	0.00784	0.00784	0.00522	0.00522	0.00784	0.00784	0.01045	0.01045	0.01829	0.01045	0.02090	0.02351	0.82497	0.00522	0.00522	0.00261	0.00261
25	0.01454	0.01574	0.08131	0.15085	0.37957	0.07397	0.05891	0.03717	0.01383	0.01904	0.01166	0.01515	0.00937	0.00586	0.00621	0.00182	0.02808	0.00528	0.06326	0.00837
26	0.00859	0.00645	0.00967	0.00967	0.01074	0.00752	0.00752	0.01074	0.00967	0.01396	0.01611	0.02363	0.01504	0.04512	0.76474	0.00967	0.01611	0.00645	0.00322	0.00537
27	0.00775	0.00561	0.00739	0.00857	0.00927	0.00526	0.00614	0.00920	0.01237	0.01637	0.07925	0.57631	0.09222	0.01784	0.00770	0.00243	0.00373	0.12190	0.00564	0.00505
28	0.00741	0.00565	0.00684	0.00766	0.00869	0.00508	0.00541	0.00878	0.01265	0.01619	0.07607	0.46315	0.28966	0.01717	0.00748	0.00229	0.00339	0.04577	0.00563	0.00502
29	0.00737	0.00615	0.00646	0.00651	0.00845	0.00523	0.00496	0.00907	0.01396	0.01694	0.10973	0.05755	0.65426	0.01510	0.00718	0.00207	0.00318	0.05502	0.00566	0.00515
30	0.01608	0.79220	0.03152	0.01029	0.01544	0.02380	0.01029	0.01801	0.01222	0.01415	0.00836	0.00965	0.00772	0.00515	0.00386	0.00129	0.00643	0.00322	0.00257	0.00772
31	0.01207	0.03112	0.75741	0.01715	0.02604	0.01397	0.02223	0.01905	0.01270	0.01905	0.01080	0.01270	0.00762	0.00572	0.00572	0.00191	0.00889	0.00445	0.00254	0.00889
32	0.02699	0.01024	0.01396	0.01070	0.01536	0.00884	0.00884	0.02932	0.01722	0.75522	0.02373	0.02048	0.01489	0.00745	0.00605	0.00186	0.00512	0.00605	0.00745	0.01024
33	0.01316	0.01316	0.01843	0.01579	0.01579	0.01843	0.01316	0.01448	0.00921	0.01448	0.00790	0.01316	0.00790	0.01053	0.01974	0.00263	0.77757	0.00526	0.00263	0.00658
34	0.01206	0.01107	0.01804	0.72787	0.04005	0.01369	0.01639	0.05891	0.01302	0.01674	0.01092	0.01594	0.00815	0.00609	0.00601	0.00199	0.00793	0.00535	0.00288	0.00690
35	0.00750	0.00611	0.00663	0.00650	0.00836	0.00524	0.00488	0.00938	0.01463	0.01842	0.25055	0.05432	0.55765	0.01442	0.00711	0.00199	0.00299	0.01219	0.00587	0.00524
36	0.01489	0.01429	0.02442	0.03692	0.75106	0.01429	0.01846	0.01846	0.01370	0.01965	0.01132	0.01489	0.00953	0.00536	0.00596	0.00179	0.00715	0.00536	0.00298	0.00953
37	0.02247	0.02867	0.01705	0.01550	0.01860	0.76443	0.01162	0.02402	0.01705	0.01472	0.00930	0.01085	0.00775	0.00620	0.00542	0.00155	0.01085	0.00387	0.00310	0.00697
38	0.01228	0.02702	0.59464	0.01654	0.02470	0.01319	0.07204	0.01849	0.01278	0.01915	0.01088	0.01293	0.00792	0.00548	0.00563	0.00176	0.00833	0.00451	0.00273	0.12900
39	0.01969	0.05974	0.01981	0.01860	0.11555	0.50181	0.05617	0.02224	0.04005	0.01596	0.01010	0.01223	0.00844	0.00638	0.00667	0.00170	0.06985	0.00444	0.00312	0.00747
40	0.02287	0.01685	0.01805	0.01384	0.01866	0.01866	0.01143	0.73100	0.02828	0.03791	0.01444	0.01444	0.01023	0.00722	0.00602	0.00181	0.00662	0.00542	0.00602	0.01023
41	0.01934	0.01472	0.02022	0.06921	0.31959	0.01549	0.01435	0.32032	0.02013	0.10612	0.01393	0.01537	0.01031	0.00641	0.00600	0.00182	0.00676	0.00546	0.00472	0.00973
42	0.00733	0.00524	0.00698	0.00838	0.00873	0.00489	0.00558	0.00838	0.01152	0.01536	0.03316	0.78466	0.03979	0.01885	0.00768	0.00244	0.00349	0.01710	0.00558	0.00489
43	0.02317	0.01636	0.01775	0.01361	0.01841	0.01793	0.01124	0.67935	0.02747	0.09071	0.01513	0.01489	0.01057	0.00724	0.00602	0.00181	0.00651	0.00546	0.00612	0.01023
44	0.01340	0.01300	0.02230	0.26615	0.24998	0.01394	0.15242	0.01933	0.11974	0.01918	0.04106	0.01776	0.01205	0.00619	0.00626	0.00194	0.00749	0.00611	0.00349	0.00820
45	0.01138	0.00873	0.06397	0.00870	0.01118	0.00699	0.00733	0.01489	0.04196	0.11708	0.51390	0.03861	0.08292	0.01103	0.00673	0.00189	0.00365	0.00957	0.03291	0.00660
46	0.00837	0.00608	0.00788	0.00756	0.00893	0.00559	0.00562	0.01101	0.01648	0.02313	0.66506	0.09995	0.08595	0.01291	0.00714	0.00194	0.00290	0.01142	0.00650	0.00559
47	0.01136	0.01069	0.01804	0.77412	0.04143	0.01337	0.01671	0.01537	0.01203	0.01537	0.01069	0.01604	0.00802	0.00601	0.00601	0.00200	0.00802	0.00535	0.00267	0.00668
48	0.01188	0.01991	0.35126	0.07227	0.07460	0.01248	0.06199	0.01869	0.12167	0.01912	0.01903	0.11164	0.06284	0.00827	0.00624	0.00201	0.00712	0.00719	0.00372	0.00808
