[name]
unknown

[dist]
# distance from previous block
# <min> <max>
13	473

[block]
# block no. 0 follows, 38 sequences, length 10
# corresponding to MSA columns:
# 739-747,751
name=unknown_A
#
# <colnr> <probs for GDERKNQSTAVLIFYWHMCP>
#	G	D	E	R	K	N	Q	S	T	A	V	L	I	F	Y	W	H	M	C	P
0	0.05844	0.00986	0.01135	0.00869	0.01319	0.00785	0.00685	0.01487	0.01258	0.05584	0.01698	0.09107	0.06480	0.00684	0.00500	0.00123	0.00430	0.00564	0.00411	0.60052
1	0.01182	0.01000	0.01178	0.00884	0.01355	0.00762	0.00693	0.01429	0.01235	0.01906	0.01355	0.11076	0.01284	0.00629	0.00487	0.00109	0.00433	0.00529	0.00382	0.72093
2	0.01471	0.06007	0.01357	0.04940	0.01507	0.00926	0.00794	0.01710	0.01278	0.15491	0.01409	0.01697	0.01142	0.06498	0.08062	0.00236	0.00613	0.00475	0.00415	0.43970
3	0.02268	0.01156	0.01435	0.01084	0.01569	0.01044	0.00890	0.15470	0.01809	0.44336	0.01883	0.01741	0.01257	0.00667	0.00565	0.00161	0.00523	0.00532	0.00623	0.20984
4	0.01816	0.15464	0.01687	0.01125	0.01499	0.05185	0.00934	0.20891	0.14239	0.11753	0.01766	0.02052	0.01408	0.05149	0.00695	0.00198	0.00581	0.04248	0.08466	0.00843
5	0.01924	0.01594	0.01647	0.01347	0.01680	0.08964	0.01093	0.39814	0.09583	0.02876	0.01425	0.01539	0.01086	0.00780	0.00828	0.00192	0.14537	0.00540	0.07674	0.00878
6	0.01412	0.22713	0.11869	0.20351	0.07232	0.03263	0.13494	0.04803	0.01345	0.01755	0.01095	0.02922	0.00894	0.00580	0.00553	0.00173	0.00777	0.00509	0.00296	0.03963
7	0.00865	0.00620	0.00844	0.00844	0.00909	0.00685	0.00599	0.00996	0.00930	0.01306	0.01723	0.02984	0.01774	0.33859	0.47496	0.00815	0.01206	0.00735	0.00339	0.00469
8	0.00929	0.00631	0.00785	0.00748	0.00910	0.00568	0.00556	0.01156	0.01555	0.06818	0.46247	0.11041	0.20493	0.03907	0.00787	0.00210	0.00319	0.01144	0.00626	0.00570
9	0.01314	0.00757	0.00866	0.00778	0.00970	0.00755	0.00582	0.06875	0.05699	0.10785	0.17670	0.02931	0.02513	0.14002	0.00974	0.00237	0.00399	0.00738	0.30514	0.00640

[dist]
# distance from previous block
# <min> <max>
0	1

[block]
# block no. 1 follows, 38 sequences, length 28
# corresponding to MSA columns:
# 753-780
name=unknown_B
#
# <colnr> <probs for GDERKNQSTAVLIFYWHMCP>
#	G	D	E	R	K	N	Q	S	T	A	V	L	I	F	Y	W	H	M	C	P
0	0.01174	0.01148	0.05569	0.01442	0.12299	0.05671	0.04414	0.07799	0.01574	0.02106	0.23713	0.17796	0.10588	0.01128	0.00676	0.00198	0.00517	0.00998	0.00509	0.00683
1	0.01591	0.72231	0.03188	0.01165	0.01688	0.02303	0.07505	0.01813	0.01240	0.01461	0.00871	0.01024	0.00785	0.00514	0.00415	0.00135	0.00677	0.00357	0.00262	0.00776
2	0.01488	0.33886	0.24681	0.01252	0.01820	0.03955	0.01339	0.06040	0.09233	0.01896	0.01224	0.01342	0.00968	0.00596	0.00487	0.00160	0.00681	0.00434	0.07697	0.00820
3	0.75709	0.01121	0.00892	0.00820	0.01171	0.01290	0.00680	0.01721	0.01056	0.02618	0.01049	0.01500	0.00905	0.00658	0.00414	0.00194	0.00473	0.06697	0.00389	0.00643
4	0.01843	0.01915	0.01314	0.01186	0.01456	0.40857	0.00901	0.08933	0.04139	0.01995	0.01383	0.01553	0.01096	0.00664	0.00509	0.00154	0.00750	0.00471	0.28190	0.00691
5	0.02129	0.00906	0.01134	0.00915	0.01269	0.00835	0.00741	0.06831	0.01633	0.45749	0.02173	0.02077	0.01478	0.00728	0.00541	0.00170	0.00442	0.00586	0.28800	0.00864
6	0.02325	0.02052	0.01714	0.01407	0.01820	0.30299	0.01117	0.36903	0.02254	0.12228	0.01368	0.01385	0.00989	0.00686	0.00579	0.00171	0.00804	0.00491	0.00509	0.00898
7	0.01223	0.01042	0.01230	0.00896	0.01403	0.00799	0.00715	0.01487	0.01230	0.01925	0.01103	0.01318	0.00930	0.00702	0.05242	0.00144	0.00519	0.00375	0.00354	0.77363
8	0.04534	0.04586	0.02010	0.56299	0.03608	0.07860	0.09486	0.01675	0.01264	0.01616	0.01055	0.01510	0.00805	0.00587	0.00590	0.00193	0.00830	0.00524	0.00279	0.00690
9	0.00823	0.00576	0.00688	0.00723	0.00759	0.00567	0.00454	0.00881	0.00997	0.01319	0.02606	0.22672	0.09126	0.46431	0.08347	0.00496	0.00584	0.01101	0.00427	0.00423
10	0.00809	0.00629	0.00752	0.00810	0.00971	0.00572	0.00647	0.01007	0.01374	0.01723	0.09025	0.13447	0.39262	0.01589	0.00757	0.00231	0.00392	0.24912	0.00563	0.00525
11	0.01136	0.01069	0.01804	0.77412	0.04143	0.01337	0.01671	0.01537	0.01203	0.01537	0.01069	0.01604	0.00802	0.00601	0.00601	0.00200	0.00802	0.00535	0.00267	0.00668
12	0.01676	0.01215	0.01388	0.01032	0.01527	0.01098	0.00837	0.21761	0.01739	0.09687	0.01343	0.01426	0.01016	0.00564	0.00504	0.00127	0.00505	0.00442	0.04168	0.47945
13	0.01631	0.01435	0.01431	0.01263	0.01616	0.06265	0.00987	0.10895	0.61566	0.02592	0.02241	0.02083	0.01679	0.00793	0.00607	0.00198	0.00535	0.00646	0.00592	0.00944
14	0.00913	0.00681	0.00857	0.00915	0.01029	0.00686	0.00680	0.01295	0.11220	0.01861	0.16516	0.35834	0.03794	0.06429	0.00892	0.00256	0.00408	0.14588	0.00572	0.00571
15	0.01598	0.01760	0.01495	0.09576	0.01829	0.33620	0.01098	0.05200	0.01396	0.01564	0.01177	0.01591	0.01026	0.01915	0.25133	0.00432	0.08109	0.00506	0.00319	0.00655
16	0.01468	0.01085	0.01459	0.07470	0.01632	0.01301	0.01052	0.01902	0.12417	0.14894	0.13072	0.06518	0.02022	0.01000	0.01144	0.00223	0.29394	0.00720	0.00482	0.00745
17	0.00843	0.00595	0.00751	0.00740	0.00831	0.00562	0.00512	0.01028	0.01412	0.01968	0.46229	0.13746	0.04528	0.22054	0.01345	0.00301	0.00372	0.01110	0.00569	0.00503
18	0.01247	0.01069	0.01247	0.00891	0.01426	0.00802	0.00713	0.01515	0.01247	0.01960	0.01069	0.01247	0.00891	0.00446	0.00446	0.00089	0.00446	0.00356	0.00356	0.82536
19	0.01475	0.01439	0.12185	0.03973	0.05179	0.01232	0.08937	0.13686	0.12552	0.08083	0.09716	0.09202	0.03433	0.00913	0.00653	0.00202	0.00618	0.05195	0.00507	0.00820
20	0.01823	0.27090	0.02108	0.01228	0.01669	0.05657	0.01049	0.25030	0.23748	0.02510	0.01522	0.01511	0.01174	0.00677	0.00531	0.00169	0.00621	0.00503	0.00477	0.00903
21	0.01510	0.01399	0.01918	0.22502	0.27284	0.10013	0.02627	0.04839	0.02476	0.06002	0.01236	0.01605	0.00992	0.01037	0.08866	0.00272	0.03752	0.00539	0.00336	0.00796
22	0.06239	0.19637	0.12346	0.01415	0.08333	0.01515	0.01206	0.05135	0.04824	0.11496	0.01299	0.01479	0.01025	0.01054	0.08857	0.00258	0.07053	0.00477	0.00377	0.05974
23	0.00903	0.00693	0.00845	0.00879	0.01018	0.00687	0.00654	0.01321	0.12502	0.01945	0.21445	0.31857	0.12404	0.01490	0.00729	0.00223	0.00369	0.08857	0.00592	0.00589
24	0.01028	0.00722	0.01043	0.05431	0.04770	0.00718	0.03242	0.04918	0.01227	0.04387	0.03597	0.44722	0.02801	0.05097	0.01072	0.12508	0.00474	0.01223	0.00478	0.00543
25	0.02820	0.05935	0.02053	0.22136	0.23220	0.12120	0.03574	0.01748	0.01297	0.01691	0.03769	0.01511	0.01021	0.00677	0.00815	0.00194	0.13841	0.00523	0.00298	0.00758
26	0.01634	0.05709	0.04033	0.02542	0.25041	0.03024	0.31856	0.05047	0.03607	0.09535	0.01326	0.01583	0.01003	0.00562	0.00633	0.00188	0.00819	0.00605	0.00366	0.00887
27	0.01640	0.00975	0.01091	0.00928	0.01226	0.01003	0.00736	0.15423	0.12530	0.16052	0.08189	0.02463	0.06439	0.00825	0.00559	0.00174	0.00426	0.00671	0.27861	0.00789

[dist]
# distance from previous block
# <min> <max>
0	10

[block]
# block no. 2 follows, 38 sequences, length 14
# corresponding to MSA columns:
# 791-804
name=unknown_C
#
# <colnr> <probs for GDERKNQSTAVLIFYWHMCP>
#	G	D	E	R	K	N	Q	S	T	A	V	L	I	F	Y	W	H	M	C	P
0	0.38637	0.08990	0.05241	0.01421	0.08467	0.05898	0.06526	0.01847	0.01176	0.05479	0.00975	0.01185	0.00779	0.00624	0.00654	0.00189	0.10412	0.00422	0.00343	0.00735
1	0.00860	0.10547	0.01005	0.00786	0.00947	0.00748	0.00593	0.01022	0.01321	0.01706	0.16937	0.35636	0.22748	0.01494	0.00694	0.00209	0.00363	0.01302	0.00539	0.00544
2	0.01305	0.07021	0.01362	0.00912	0.01390	0.00965	0.00744	0.05683	0.01323	0.02013	0.01167	0.01370	0.00970	0.00716	0.04765	0.00151	0.00528	0.00395	0.06097	0.61124
3	0.00983	0.00622	0.00828	0.00910	0.01021	0.00584	0.00683	0.01144	0.01269	0.08537	0.03305	0.45437	0.07743	0.04584	0.00852	0.00258	0.00424	0.19698	0.00567	0.00552
4	0.40262	0.01200	0.01225	0.00992	0.01417	0.01267	0.00819	0.14170	0.01581	0.29395	0.01499	0.01445	0.01019	0.00654	0.00496	0.00185	0.00515	0.00464	0.00546	0.00849
5	0.01403	0.00719	0.00937	0.00865	0.01088	0.00638	0.00653	0.01592	0.01482	0.26158	0.17612	0.27933	0.13827	0.01325	0.00694	0.00208	0.00383	0.01157	0.00641	0.00684
6	0.00902	0.00601	0.00762	0.00779	0.00894	0.00551	0.00551	0.01073	0.01380	0.06206	0.28686	0.32123	0.12762	0.08763	0.00946	0.00248	0.00352	0.01294	0.00588	0.00539
7	0.00970	0.00610	0.00687	0.00669	0.00838	0.00556	0.00501	0.01197	0.01424	0.05523	0.22002	0.09004	0.26182	0.01180	0.00619	0.00182	0.00305	0.01000	0.25990	0.00563
8	0.01471	0.01075	0.01125	0.00998	0.01284	0.01198	0.00780	0.12765	0.36209	0.02600	0.02118	0.02127	0.01606	0.00759	0.00539	0.00177	0.00430	0.00615	0.31310	0.00815
9	0.01247	0.01069	0.01247	0.00891	0.01426	0.00802	0.00713	0.01515	0.01247	0.01960	0.01069	0.01247	0.00891	0.00446	0.00446	0.00089	0.00446	0.00356	0.00356	0.82536
10	0.00808	0.00569	0.00746	0.00859	0.00909	0.00548	0.00607	0.00928	0.01148	0.01521	0.03025	0.49931	0.03540	0.16139	0.01207	0.00314	0.00435	0.15767	0.00521	0.00479
11	0.10530	0.01037	0.01346	0.01043	0.01499	0.00929	0.00862	0.02818	0.01654	0.68430	0.02224	0.01943	0.01408	0.00726	0.00582	0.00186	0.00507	0.00578	0.00708	0.00988
12	0.01286	0.17685	0.14442	0.01297	0.07232	0.01332	0.01111	0.05138	0.09887	0.01925	0.06282	0.13059	0.01825	0.05270	0.00705	0.00199	0.00574	0.00709	0.04292	0.05749
13	0.00996	0.00807	0.01046	0.03870	0.01232	0.00805	0.00741	0.01187	0.01216	0.01771	0.10641	0.32315	0.02695	0.01214	0.00826	0.00194	0.11352	0.01021	0.04843	0.21229

[dist]
# distance from previous block
# <min> <max>
1	69

[block]
# block no. 3 follows, 38 sequences, length 9
# corresponding to MSA columns:
# 874-882
name=unknown_D
#
# <colnr> <probs for GDERKNQSTAVLIFYWHMCP>
#	G	D	E	R	K	N	Q	S	T	A	V	L	I	F	Y	W	H	M	C	P
0	0.23711	0.33105	0.02031	0.01112	0.04791	0.03610	0.00930	0.07965	0.01380	0.06714	0.04271	0.01276	0.01037	0.00590	0.00446	0.00156	0.00576	0.00407	0.00375	0.05518
1	0.01234	0.01936	0.37244	0.01243	0.01846	0.01033	0.01397	0.01703	0.01299	0.05459	0.04843	0.05548	0.01333	0.00668	0.00540	0.00163	0.00628	0.00544	0.11984	0.19355
2	0.09377	0.01827	0.26798	0.07103	0.02134	0.04259	0.09250	0.06180	0.01372	0.04972	0.01625	0.14522	0.01499	0.00924	0.01928	0.00217	0.00739	0.04134	0.00383	0.00757
3	0.01399	0.04613	0.11289	0.34475	0.02900	0.01379	0.04340	0.10441	0.06018	0.04132	0.01237	0.01519	0.00925	0.00600	0.00572	0.00178	0.00719	0.00508	0.00355	0.12401
4	0.00824	0.00631	0.00766	0.00735	0.00905	0.00557	0.00545	0.01049	0.01518	0.02064	0.42813	0.13481	0.24109	0.01339	0.00700	0.00193	0.00307	0.01166	0.00602	0.05695
5	0.01415	0.01280	0.01470	0.01081	0.01600	0.06135	0.05306	0.07652	0.01423	0.02079	0.01101	0.01276	0.00896	0.00485	0.00482	0.00108	0.00543	0.00396	0.00371	0.64899
6	0.00846	0.00675	0.03594	0.00784	0.00913	0.00572	0.00592	0.01059	0.01389	0.01957	0.33438	0.26957	0.08322	0.07938	0.00896	0.00236	0.00353	0.01201	0.07745	0.00534
7	0.00917	0.08387	0.01022	0.00785	0.00986	0.00747	0.00617	0.01155	0.01522	0.02064	0.43513	0.09404	0.17158	0.01238	0.00674	0.00189	0.00347	0.04133	0.00577	0.04564
8	0.01760	0.41134	0.02568	0.11114	0.08207	0.01900	0.01231	0.01914	0.01415	0.05289	0.01366	0.01728	0.01194	0.01132	0.08186	0.00282	0.00837	0.00518	0.00404	0.07820

[dist]
# distance from previous block
# <min> <max>
0	31

[block]
# block no. 4 follows, 38 sequences, length 19
# corresponding to MSA columns:
# 914-920,961-972
name=unknown_E
#
# <colnr> <probs for GDERKNQSTAVLIFYWHMCP>
#	G	D	E	R	K	N	Q	S	T	A	V	L	I	F	Y	W	H	M	C	P
0	0.04271	0.07288	0.04634	0.01628	0.10748	0.08899	0.05118	0.19378	0.19878	0.02452	0.01800	0.02007	0.04473	0.00754	0.00595	0.00187	0.00663	0.03880	0.00472	0.00874
1	0.45161	0.01199	0.06110	0.00897	0.01315	0.01112	0.00781	0.01770	0.01186	0.10886	0.01493	0.05762	0.04960	0.00688	0.00466	0.00174	0.00481	0.00500	0.00425	0.14634
2	0.01175	0.00985	0.01169	0.00890	0.01346	0.00761	0.00707	0.01435	0.01284	0.01962	0.06798	0.06044	0.01557	0.00649	0.00504	0.00115	0.00434	0.04310	0.00401	0.67475
3	0.01133	0.00765	0.00965	0.00872	0.01128	0.00643	0.00646	0.01324	0.01307	0.10087	0.10291	0.36941	0.02890	0.01222	0.00639	0.00182	0.00391	0.01082	0.00526	0.26967
4	0.01136	0.01069	0.01804	0.77412	0.04143	0.01337	0.01671	0.01537	0.01203	0.01537	0.01069	0.01604	0.00802	0.00601	0.00601	0.00200	0.00802	0.00535	0.00267	0.00668
5	0.01121	0.00561	0.00561	0.00561	0.00701	0.00561	0.00421	0.01402	0.01262	0.02243	0.01962	0.02243	0.01542	0.00701	0.00421	0.00140	0.00280	0.00561	0.82198	0.00561
6	0.14721	0.04751	0.01795	0.05058	0.05951	0.01591	0.08915	0.12095	0.26051	0.02419	0.01530	0.01635	0.01176	0.00714	0.00716	0.00199	0.08824	0.00560	0.00452	0.00846
7	0.01345	0.05480	0.05880	0.50635	0.03333	0.01523	0.01555	0.11576	0.01406	0.01857	0.01080	0.01499	0.00828	0.00659	0.00732	0.00200	0.08847	0.00518	0.00312	0.00734
8	0.01121	0.00561	0.00561	0.00561	0.00701	0.00561	0.00421	0.01402	0.01262	0.02243	0.01962	0.02243	0.01542	0.00701	0.00421	0.00140	0.00280	0.00561	0.82198	0.00561
9	0.05319	0.01122	0.01753	0.22385	0.08140	0.01253	0.08175	0.05693	0.01300	0.12569	0.01294	0.01670	0.01007	0.01114	0.06499	0.09245	0.09813	0.00558	0.00370	0.00721
10	0.08688	0.01034	0.01358	0.01050	0.01508	0.00919	0.00867	0.02845	0.01670	0.70099	0.02259	0.01968	0.01427	0.00731	0.00588	0.00186	0.00508	0.00584	0.00717	0.00996
11	0.00859	0.00645	0.00967	0.00967	0.01074	0.00752	0.00752	0.01074	0.00967	0.01396	0.01611	0.02363	0.01504	0.04512	0.76474	0.00967	0.01611	0.00645	0.00322	0.00537
12	0.00935	0.00631	0.00833	0.00833	0.00974	0.00586	0.00637	0.01181	0.01554	0.05724	0.46537	0.17178	0.07045	0.01389	0.00732	0.00212	0.00346	0.11471	0.00630	0.00573
13	0.02251	0.02739	0.01716	0.01532	0.01860	0.68374	0.01160	0.10052	0.01826	0.01723	0.00986	0.01124	0.00802	0.00631	0.00549	0.00158	0.01039	0.00404	0.00342	0.00733
14	0.01573	0.01193	0.01343	0.01004	0.01483	0.01083	0.00812	0.21884	0.01712	0.04661	0.01301	0.01424	0.01009	0.00558	0.00492	0.00123	0.00493	0.00436	0.08401	0.49014
15	0.00896	0.00587	0.00736	0.00736	0.00758	0.00608	0.00465	0.00902	0.00880	0.01195	0.01717	0.03321	0.01887	0.53016	0.17638	0.12374	0.00780	0.00778	0.00341	0.00384
16	0.01312	0.00880	0.01006	0.00925	0.01127	0.00944	0.00688	0.02017	0.29446	0.07339	0.09933	0.02580	0.02083	0.09242	0.01152	0.14513	0.00447	0.00694	0.12998	0.00674
17	0.10097	0.08048	0.02041	0.11526	0.34813	0.06728	0.01437	0.04712	0.11104	0.02052	0.01242	0.01476	0.00996	0.00595	0.00554	0.00180	0.00685	0.00505	0.00353	0.00856
18	0.01024	0.04910	0.01060	0.00879	0.00999	0.00782	0.04587	0.01139	0.04560	0.01371	0.01895	0.03373	0.04430	0.39893	0.02153	0.15281	0.00576	0.06699	0.00371	0.04017

[dist]
# distance from previous block
# <min> <max>
0	22

[block]
# block no. 5 follows, 38 sequences, length 12
# corresponding to MSA columns:
# 995-1000,1002-1007
name=unknown_F
#
# <colnr> <probs for GDERKNQSTAVLIFYWHMCP>
#	G	D	E	R	K	N	Q	S	T	A	V	L	I	F	Y	W	H	M	C	P
0	0.01367	0.01431	0.12829	0.05403	0.08352	0.04878	0.01200	0.05428	0.07018	0.07666	0.25410	0.02501	0.02545	0.00887	0.00800	0.00197	0.10138	0.00711	0.00478	0.00762
1	0.01121	0.00561	0.00561	0.00561	0.00701	0.00561	0.00421	0.01402	0.01262	0.02243	0.01962	0.02243	0.01542	0.00701	0.00421	0.00140	0.00280	0.00561	0.82198	0.00561
2	0.02249	0.02806	0.01710	0.01541	0.01860	0.72585	0.01161	0.06060	0.01763	0.01592	0.00956	0.01103	0.00788	0.00625	0.00545	0.00156	0.01063	0.00395	0.00325	0.00714
3	0.00789	0.00590	0.00665	0.00698	0.00796	0.00543	0.00475	0.00887	0.01158	0.01459	0.03935	0.18273	0.32061	0.28765	0.01555	0.00349	0.00426	0.05629	0.00490	0.00457
4	0.01089	0.00571	0.00611	0.00611	0.00747	0.00584	0.00462	0.01361	0.01225	0.02138	0.01919	0.02258	0.01537	0.01173	0.09849	0.00243	0.00445	0.00571	0.72048	0.00558
5	0.41045	0.01288	0.01376	0.01165	0.01513	0.05420	0.08809	0.04440	0.10928	0.04854	0.01405	0.07263	0.01203	0.00751	0.00590	0.00199	0.04596	0.02007	0.00426	0.00723
6	0.01494	0.00937	0.01239	0.08711	0.05111	0.00965	0.00934	0.02056	0.18232	0.20258	0.02543	0.25036	0.02363	0.01144	0.00671	0.00215	0.00497	0.06244	0.00576	0.00775
7	0.01654	0.04979	0.05776	0.17538	0.02439	0.11617	0.08975	0.18593	0.04084	0.02130	0.01139	0.01423	0.00891	0.00709	0.00854	0.00198	0.15316	0.00525	0.00365	0.00794
8	0.12272	0.02656	0.01603	0.01456	0.01773	0.67134	0.01099	0.02324	0.01620	0.01624	0.00918	0.01072	0.00760	0.00612	0.00521	0.00159	0.01008	0.00380	0.00318	0.00692
9	0.01591	0.09360	0.28034	0.09262	0.02235	0.12936	0.01483	0.05480	0.01440	0.08477	0.01166	0.01323	0.00867	0.00580	0.00538	0.00164	0.00773	0.00439	0.00341	0.13510
10	0.05938	0.01386	0.01549	0.01339	0.01718	0.01399	0.04152	0.05894	0.36731	0.05749	0.07372	0.02851	0.08742	0.01032	0.00734	0.00244	0.00590	0.00788	0.00655	0.11138
11	0.04737	0.04837	0.01410	0.00997	0.01458	0.00997	0.04496	0.08032	0.01376	0.02058	0.01486	0.05032	0.04885	0.04259	0.00618	0.00145	0.00500	0.00520	0.00392	0.51765

[dist]
# distance from previous block
# <min> <max>
0	21

[block]
# block no. 6 follows, 38 sequences, length 20
# corresponding to MSA columns:
# 1029-1041,1043-1049
name=unknown_G
#
# <colnr> <probs for GDERKNQSTAVLIFYWHMCP>
#	G	D	E	R	K	N	Q	S	T	A	V	L	I	F	Y	W	H	M	C	P
0	0.01673	0.00930	0.01222	0.01004	0.01357	0.00838	0.00809	0.01904	0.01392	0.29293	0.04946	0.07553	0.01752	0.01324	0.10634	0.00275	0.04344	0.04681	0.00530	0.23539
1	0.09640	0.08730	0.46510	0.01421	0.02109	0.01401	0.01673	0.05910	0.01346	0.07009	0.01204	0.01368	0.00882	0.00771	0.04003	0.00218	0.00796	0.00453	0.03716	0.00842
2	0.00946	0.04623	0.05163	0.01140	0.01338	0.00796	0.09747	0.01175	0.01242	0.01678	0.02732	0.44729	0.03069	0.01484	0.00727	0.00232	0.00508	0.13866	0.04227	0.00579
3	0.01889	0.04960	0.01989	0.03810	0.09330	0.01507	0.10982	0.31083	0.05077	0.11403	0.01658	0.02029	0.01292	0.00744	0.00619	0.00190	0.00670	0.06362	0.03501	0.00907
4	0.01172	0.00942	0.01468	0.32339	0.10236	0.01077	0.01238	0.01472	0.01240	0.05234	0.05447	0.06726	0.01676	0.04462	0.07035	0.00284	0.04808	0.06592	0.05891	0.00659
5	0.83108	0.01163	0.00884	0.00791	0.01163	0.01350	0.00651	0.01768	0.01024	0.02699	0.00838	0.00977	0.00651	0.00558	0.00372	0.00186	0.00465	0.00326	0.00372	0.00651
6	0.01900	0.01493	0.01588	0.01306	0.01718	0.01685	0.01050	0.38890	0.37669	0.03167	0.01936	0.01836	0.01421	0.00768	0.00607	0.00192	0.00571	0.00609	0.00607	0.00988
7	0.00859	0.00623	0.00834	0.00803	0.00940	0.00598	0.00613	0.01134	0.01593	0.02250	0.61563	0.04356	0.05028	0.01666	0.10227	0.00292	0.00466	0.04980	0.00613	0.00563
8	0.01431	0.45689	0.35133	0.01331	0.02011	0.01947	0.01555	0.01847	0.01243	0.01631	0.00943	0.01099	0.00768	0.00540	0.00468	0.00156	0.00752	0.00376	0.00256	0.00824
9	0.00847	0.00624	0.00855	0.00851	0.00960	0.00669	0.00638	0.01009	0.01070	0.01471	0.08100	0.03214	0.13583	0.11397	0.46826	0.05067	0.01133	0.00797	0.00388	0.00502
10	0.01139	0.01013	0.06500	0.01189	0.05258	0.00832	0.06752	0.01418	0.01431	0.08361	0.22888	0.13631	0.13700	0.01093	0.00716	0.00192	0.03496	0.00957	0.00516	0.08919
11	0.01141	0.00679	0.00897	0.00806	0.00998	0.00617	0.00617	0.01417	0.01706	0.13864	0.63445	0.04110	0.05020	0.01154	0.00693	0.00189	0.00320	0.01012	0.00675	0.00639
12	0.24107	0.08171	0.09250	0.01067	0.01594	0.01234	0.04698	0.04480	0.01256	0.02183	0.01008	0.01177	0.00807	0.00510	0.00453	0.00140	0.00553	0.00380	0.00348	0.36584
13	0.27186	0.07448	0.06086	0.01259	0.06880	0.01269	0.04353	0.04812	0.01372	0.18739	0.02705	0.01427	0.01035	0.00596	0.00496	0.00168	0.00561	0.00456	0.00443	0.12708
14	0.05625	0.08676	0.08302	0.01154	0.04886	0.01070	0.00977	0.02068	0.01448	0.27713	0.07895	0.01783	0.01484	0.00646	0.00533	0.00153	0.00527	0.00518	0.00498	0.24043
15	0.00863	0.00632	0.00902	0.00902	0.00987	0.00717	0.00671	0.01032	0.00948	0.01348	0.01671	0.02693	0.01647	0.20100	0.61082	0.00886	0.01396	0.00693	0.00331	0.00501
16	0.01272	0.00896	0.01055	0.07329	0.01388	0.00955	0.00774	0.07055	0.17401	0.06706	0.13008	0.02947	0.12341	0.01189	0.06099	0.00241	0.00510	0.00767	0.17360	0.00710
17	0.01161	0.01115	0.06481	0.01017	0.01334	0.01027	0.00847	0.02047	0.31867	0.02266	0.23045	0.04754	0.11737	0.00993	0.00638	0.00190	0.00426	0.00844	0.00571	0.07640
18	0.01142	0.01241	0.08025	0.71043	0.04014	0.01342	0.01717	0.01568	0.01209	0.01568	0.01070	0.01576	0.00799	0.00599	0.00599	0.00200	0.00809	0.00527	0.00266	0.00687
19	0.08288	0.01644	0.15962	0.01242	0.01813	0.04567	0.06299	0.06016	0.05198	0.03578	0.01177	0.01329	0.00911	0.00534	0.00509	0.00142	0.00620	0.00431	0.00367	0.39373

[dist]
# distance from previous block
# <min> <max>
3	6

[block]
# block no. 7 follows, 38 sequences, length 23
# corresponding to MSA columns:
# 1057-1079
name=unknown_H
#
# <colnr> <probs for GDERKNQSTAVLIFYWHMCP>
#	G	D	E	R	K	N	Q	S	T	A	V	L	I	F	Y	W	H	M	C	P
0	0.01606	0.01290	0.02847	0.01020	0.01504	0.08438	0.00830	0.05422	0.01473	0.13598	0.05292	0.01544	0.01238	0.00569	0.00505	0.00123	0.00531	0.00450	0.00440	0.51282
1	0.00912	0.00817	0.00865	0.00827	0.00997	0.05148	0.00642	0.01104	0.01434	0.01813	0.22844	0.04811	0.41045	0.01358	0.00829	0.00207	0.07779	0.05472	0.00542	0.00552
2	0.01066	0.00868	0.01133	0.01047	0.01090	0.01048	0.00781	0.01248	0.06417	0.01509	0.08655	0.11300	0.02120	0.23072	0.01958	0.08929	0.26017	0.00824	0.00389	0.00528
3	0.00910	0.00608	0.00788	0.00805	0.00931	0.00563	0.00596	0.01128	0.01472	0.05345	0.37038	0.27425	0.08713	0.01437	0.00720	0.00211	0.00335	0.06362	0.04055	0.00559
4	0.00871	0.00600	0.00739	0.00739	0.00767	0.00628	0.00468	0.00928	0.00899	0.01228	0.01820	0.03518	0.02005	0.59056	0.22615	0.00685	0.00857	0.00813	0.00353	0.00410
5	0.15778	0.00842	0.00980	0.00840	0.01133	0.00810	0.00667	0.01902	0.01506	0.27827	0.22804	0.04085	0.03756	0.00878	0.00570	0.00181	0.00396	0.00719	0.13591	0.00737
6	0.00787	0.00579	0.00737	0.00768	0.00877	0.00529	0.00549	0.00983	0.01445	0.01966	0.37804	0.33296	0.14411	0.01523	0.00732	0.00212	0.00312	0.01353	0.00608	0.00529
7	0.01522	0.62814	0.18800	0.01177	0.01772	0.02168	0.01287	0.01824	0.01233	0.01521	0.00889	0.01031	0.00770	0.00527	0.00426	0.00142	0.00696	0.00348	0.00257	0.00797
8	0.00987	0.00801	0.06288	0.00871	0.01061	0.00653	0.00722	0.01259	0.01432	0.05751	0.33578	0.17191	0.03790	0.01561	0.08259	0.00275	0.00496	0.04183	0.10246	0.00595
9	0.01827	0.01421	0.01527	0.01257	0.01648	0.01588	0.01009	0.37908	0.31220	0.03143	0.09187	0.02070	0.01814	0.00811	0.00617	0.00191	0.00550	0.00652	0.00612	0.00949
10	0.01235	0.10266	0.06734	0.04265	0.04675	0.01016	0.00881	0.04702	0.01353	0.05072	0.07372	0.18234	0.02064	0.00934	0.00587	0.00174	0.01922	0.00787	0.18865	0.08864
11	0.07250	0.01079	0.01153	0.00935	0.01252	0.07398	0.03558	0.01469	0.01209	0.04869	0.05478	0.02272	0.01556	0.24667	0.01286	0.00268	0.00562	0.00582	0.00387	0.32767
12	0.01828	0.01497	0.09032	0.01545	0.09330	0.05525	0.01214	0.16159	0.01689	0.19741	0.06938	0.06582	0.01573	0.00852	0.00842	0.00200	0.13449	0.00648	0.00498	0.00857
13	0.01056	0.00737	0.00894	0.04276	0.01082	0.00772	0.00627	0.01391	0.09847	0.05125	0.15058	0.12666	0.06662	0.24185	0.01418	0.00314	0.03702	0.00940	0.08679	0.00568
14	0.01313	0.01421	0.12381	0.04906	0.05809	0.01150	0.23239	0.04716	0.04115	0.07354	0.08607	0.14205	0.06251	0.00902	0.00673	0.00203	0.00689	0.00865	0.00439	0.00762
15	0.09776	0.22825	0.07847	0.01255	0.01680	0.05117	0.03728	0.10640	0.16765	0.03566	0.01418	0.04659	0.01169	0.00718	0.00628	0.00181	0.06268	0.00530	0.00411	0.00820
16	0.39064	0.01096	0.01040	0.00960	0.01225	0.05377	0.00773	0.05967	0.01216	0.02235	0.05371	0.01958	0.01373	0.01764	0.21094	0.00404	0.03145	0.04909	0.00394	0.00636
17	0.10804	0.00695	0.00837	0.00835	0.01003	0.00665	0.00612	0.01311	0.01347	0.12405	0.18192	0.38429	0.07776	0.01405	0.00682	0.00215	0.00370	0.01231	0.00585	0.00602
18	0.01506	0.09483	0.10538	0.01083	0.01437	0.08569	0.00966	0.04499	0.01490	0.14807	0.15216	0.08883	0.03266	0.07738	0.00827	0.00219	0.00584	0.04673	0.00493	0.03724
19	0.09684	0.08866	0.06177	0.02290	0.05634	0.01155	0.05632	0.03282	0.08355	0.16777	0.02337	0.16991	0.08419	0.00963	0.00606	0.00196	0.00541	0.00823	0.00499	0.00772
20	0.05524	0.01200	0.01252	0.01056	0.01389	0.08547	0.00833	0.16748	0.01812	0.24579	0.11063	0.11331	0.10100	0.00994	0.00630	0.00191	0.00530	0.00815	0.00603	0.00802
21	0.09650	0.00949	0.04071	0.03897	0.01345	0.00867	0.00800	0.01873	0.07920	0.22103	0.25516	0.10812	0.05694	0.01023	0.00635	0.00196	0.00433	0.00869	0.00605	0.00740
22	0.01064	0.09227	0.07113	0.06152	0.05822	0.01065	0.12916	0.01353	0.01277	0.01718	0.09398	0.23499	0.06690	0.01437	0.08252	0.00279	0.00696	0.00972	0.00416	0.00652

[dist]
# distance from previous block
# <min> <max>
8	41

[block]
# block no. 8 follows, 38 sequences, length 13
# corresponding to MSA columns:
# 1145-1157
name=unknown_I
#
# <colnr> <probs for GDERKNQSTAVLIFYWHMCP>
#	G	D	E	R	K	N	Q	S	T	A	V	L	I	F	Y	W	H	M	C	P
0	0.01513	0.06224	0.10254	0.06360	0.02117	0.01269	0.19042	0.07148	0.05794	0.11612	0.08345	0.03401	0.01593	0.05363	0.00761	0.00206	0.00690	0.00653	0.00437	0.07216
1	0.01620	0.01731	0.04966	0.04694	0.01727	0.26483	0.05292	0.09519	0.01611	0.01977	0.11635	0.01826	0.01592	0.00814	0.00717	0.06949	0.00729	0.00551	0.05437	0.10128
2	0.06264	0.01074	0.04954	0.05411	0.09960	0.00925	0.05221	0.01509	0.01302	0.06321	0.12227	0.09411	0.02042	0.09301	0.00852	0.00212	0.00538	0.00716	0.00426	0.21333
3	0.08112	0.01105	0.01657	0.27991	0.11912	0.01219	0.04607	0.01765	0.04727	0.09192	0.01460	0.07632	0.01219	0.00734	0.00670	0.00193	0.05487	0.00622	0.04055	0.05640
4	0.01694	0.01089	0.01501	0.06126	0.14000	0.00951	0.01006	0.01975	0.01435	0.24075	0.05884	0.01745	0.01362	0.00607	0.00544	0.00146	0.00523	0.00516	0.00476	0.34344
5	0.01295	0.01219	0.01998	0.35740	0.29108	0.01354	0.04408	0.01816	0.09471	0.01816	0.01361	0.05347	0.01130	0.00660	0.00613	0.00195	0.00720	0.00615	0.00333	0.00799
6	0.00956	0.00642	0.00760	0.00714	0.00883	0.00574	0.00523	0.01145	0.01458	0.07965	0.32822	0.04678	0.29917	0.13074	0.01058	0.00254	0.00356	0.01082	0.00586	0.00553
7	0.71644	0.01143	0.00957	0.00831	0.01216	0.01283	0.00685	0.01934	0.01123	0.13081	0.01057	0.01130	0.00771	0.00585	0.00405	0.00186	0.00472	0.00366	0.00425	0.00705
8	0.00799	0.00603	0.00723	0.00760	0.00886	0.00551	0.00562	0.00969	0.01342	0.01741	0.18623	0.19648	0.28598	0.10265	0.01004	0.00262	0.00376	0.11224	0.00557	0.00507
9	0.01052	0.00627	0.00765	0.00744	0.00880	0.00593	0.00545	0.01262	0.01386	0.07755	0.27436	0.10001	0.06198	0.14558	0.01056	0.00257	0.00376	0.05355	0.18598	0.00557
10	0.01214	0.00861	0.00971	0.00913	0.01102	0.00915	0.00665	0.01902	0.27777	0.06362	0.08707	0.11184	0.05913	0.16846	0.01205	0.04202	0.00447	0.00873	0.07275	0.00668
11	0.00865	0.00596	0.00716	0.00697	0.00755	0.00577	0.00447	0.00981	0.01212	0.01673	0.31550	0.04163	0.03606	0.47278	0.02105	0.00423	0.00461	0.00962	0.00486	0.00447
12	0.08430	0.36594	0.02065	0.00989	0.01406	0.01734	0.00889	0.16120	0.01567	0.06602	0.01279	0.01386	0.01011	0.00611	0.00448	0.00150	0.00551	0.00432	0.16952	0.00785

[dist]
# distance from previous block
# <min> <max>
1	2

[block]
# block no. 9 follows, 38 sequences, length 8
# corresponding to MSA columns:
# 1160-1167
name=unknown_J
#
# <colnr> <probs for GDERKNQSTAVLIFYWHMCP>
#	G	D	E	R	K	N	Q	S	T	A	V	L	I	F	Y	W	H	M	C	P
0	0.32149	0.01119	0.01059	0.04900	0.01379	0.06624	0.00785	0.04445	0.02774	0.11740	0.07835	0.02485	0.08432	0.00844	0.00540	0.00192	0.00510	0.06435	0.05063	0.00690
1	0.00863	0.00652	0.00758	0.00766	0.00924	0.00615	0.00572	0.01187	0.07294	0.01966	0.24949	0.17991	0.26775	0.01392	0.00698	0.00206	0.00332	0.04866	0.06631	0.00564
2	0.01075	0.00959	0.01385	0.12594	0.01698	0.01209	0.01080	0.01290	0.01146	0.01637	0.12690	0.09778	0.02143	0.01601	0.11346	0.00336	0.30954	0.06090	0.00383	0.00605
3	0.00854	0.00616	0.00789	0.00812	0.00905	0.00613	0.00594	0.01016	0.01205	0.01626	0.16763	0.10039	0.10702	0.24082	0.15445	0.00465	0.00664	0.11842	0.00479	0.00490
4	0.01141	0.00804	0.01040	0.06652	0.01335	0.00745	0.00715	0.01345	0.01217	0.08713	0.07144	0.08265	0.07791	0.13203	0.15019	0.00371	0.00686	0.00750	0.00434	0.22630
5	0.09236	0.05272	0.01780	0.24726	0.02449	0.01414	0.08695	0.16362	0.06611	0.02203	0.01451	0.07801	0.01231	0.01052	0.06902	0.00259	0.00763	0.00638	0.00402	0.00755
6	0.01241	0.00905	0.01210	0.01280	0.08964	0.00925	0.00914	0.01615	0.07833	0.08786	0.12475	0.08044	0.08599	0.01128	0.00795	0.00209	0.07851	0.15719	0.05098	0.06411
7	0.06077	0.17985	0.02028	0.20373	0.08354	0.17048	0.01282	0.01969	0.08703	0.01689	0.01098	0.01356	0.00898	0.00644	0.00663	0.00180	0.08127	0.00462	0.00317	0.00747

[dist]
# distance from previous block
# <min> <max>
1	100

[block]
# block no. 10 follows, 38 sequences, length 9
# corresponding to MSA columns:
# 1268-1276
name=unknown_K
#
# <colnr> <probs for GDERKNQSTAVLIFYWHMCP>
#	G	D	E	R	K	N	Q	S	T	A	V	L	I	F	Y	W	H	M	C	P
0	0.01174	0.20847	0.06068	0.01056	0.06486	0.01138	0.00854	0.01409	0.01399	0.06486	0.13986	0.03546	0.31258	0.01044	0.00604	0.00179	0.00466	0.00856	0.00472	0.00672
1	0.12353	0.01295	0.01590	0.05951	0.01778	0.01467	0.05644	0.29065	0.04833	0.04303	0.01480	0.07066	0.01246	0.01267	0.10078	0.00295	0.08395	0.00626	0.00465	0.00802
2	0.11166	0.01134	0.08338	0.00999	0.01238	0.06258	0.00850	0.01443	0.05945	0.01868	0.10883	0.12087	0.06694	0.11554	0.05611	0.00308	0.00608	0.11953	0.00463	0.00601
3	0.01409	0.10810	0.06743	0.01045	0.01343	0.06136	0.00897	0.10209	0.01567	0.08078	0.15751	0.15315	0.05291	0.01020	0.00674	0.00188	0.04308	0.00834	0.07678	0.00705
4	0.00914	0.10301	0.01055	0.00790	0.00985	0.00782	0.00631	0.01143	0.01503	0.01998	0.39130	0.09678	0.20711	0.01290	0.00684	0.00196	0.00359	0.06706	0.00573	0.00572
5	0.01058	0.10313	0.01065	0.00846	0.01036	0.00829	0.00715	0.01318	0.01374	0.01964	0.13295	0.04288	0.07989	0.01157	0.00626	0.00199	0.00425	0.25751	0.25171	0.00582
6	0.01626	0.10800	0.01584	0.01031	0.01526	0.01222	0.00855	0.11112	0.09764	0.10920	0.01400	0.01446	0.01072	0.00567	0.00496	0.00130	0.00509	0.00442	0.00451	0.43049
7	0.01577	0.73319	0.08781	0.01082	0.01626	0.02304	0.01122	0.01809	0.01226	0.01453	0.00855	0.00989	0.00771	0.00519	0.00400	0.00133	0.00662	0.00331	0.00257	0.00781
8	0.01150	0.10411	0.01177	0.00846	0.01089	0.00910	0.00676	0.04419	0.05775	0.07487	0.40348	0.06225	0.14934	0.01128	0.00654	0.00186	0.00377	0.00960	0.00594	0.00655

[dist]
# distance from previous block
# <min> <max>
0	2

[block]
# block no. 11 follows, 38 sequences, length 19
# corresponding to MSA columns:
# 1279-1297
name=unknown_L
#
# <colnr> <probs for GDERKNQSTAVLIFYWHMCP>
#	G	D	E	R	K	N	Q	S	T	A	V	L	I	F	Y	W	H	M	C	P
0	0.06247	0.57246	0.16154	0.01165	0.01730	0.05682	0.01231	0.01847	0.01243	0.01581	0.00885	0.01027	0.00763	0.00533	0.00426	0.00144	0.00699	0.00347	0.00266	0.00783
1	0.01692	0.39814	0.19725	0.01367	0.04579	0.05590	0.01354	0.12285	0.01520	0.05441	0.01071	0.01183	0.00847	0.00575	0.00487	0.00157	0.00721	0.00407	0.00334	0.00851
2	0.07945	0.01067	0.01250	0.00920	0.01428	0.00862	0.00744	0.01828	0.01328	0.17249	0.01321	0.01392	0.00996	0.00516	0.00473	0.00117	0.00461	0.00405	0.00438	0.59259
3	0.01275	0.00702	0.00881	0.00795	0.00937	0.00670	0.00548	0.01385	0.01166	0.17378	0.09692	0.03348	0.02299	0.43820	0.09752	0.00481	0.00638	0.00800	0.00474	0.02959
4	0.02293	0.01046	0.01294	0.01020	0.01420	0.00994	0.00834	0.15294	0.01825	0.47150	0.02119	0.01980	0.01416	0.00731	0.00566	0.00175	0.00490	0.00584	0.17843	0.00926
5	0.14260	0.01044	0.01178	0.00900	0.01343	0.00911	0.00723	0.01606	0.01277	0.06914	0.08685	0.01593	0.01380	0.00588	0.00532	0.00128	0.03503	0.00450	0.00412	0.52573
6	0.00815	0.00584	0.00764	0.00865	0.00931	0.00565	0.00603	0.01017	0.05252	0.01662	0.09686	0.59595	0.03842	0.01763	0.00835	0.04260	0.00370	0.05521	0.00556	0.00514
7	0.07652	0.01102	0.01280	0.00954	0.01421	0.00952	0.00770	0.01528	0.01196	0.01965	0.01022	0.01233	0.00862	0.00517	0.00597	0.00115	0.08394	0.00371	0.00348	0.67720
8	0.01504	0.00846	0.01071	0.00922	0.01224	0.00730	0.00697	0.01734	0.03751	0.24386	0.02322	0.27334	0.02226	0.06812	0.00800	0.00211	0.00445	0.00931	0.00552	0.21503
9	0.01804	0.06047	0.07350	0.03467	0.03016	0.15281	0.09400	0.25992	0.01906	0.04067	0.07125	0.01662	0.01322	0.00892	0.04368	0.00220	0.04252	0.00563	0.00436	0.00829
10	0.01975	0.09233	0.15362	0.01442	0.01994	0.01511	0.08637	0.26255	0.01921	0.19852	0.01593	0.01765	0.01159	0.00700	0.00598	0.00185	0.00697	0.03681	0.00506	0.00932
11	0.01139	0.00560	0.00814	0.00792	0.00823	0.00551	0.00533	0.00931	0.00852	0.05925	0.01200	0.02012	0.01165	0.08152	0.02294	0.70553	0.00527	0.00556	0.00301	0.00319
12	0.06545	0.00886	0.00964	0.00923	0.01130	0.00939	0.00692	0.12453	0.13759	0.02239	0.02729	0.31301	0.08111	0.01229	0.00632	0.00205	0.00412	0.01055	0.13126	0.00672
13	0.00855	0.00600	0.00786	0.00815	0.00863	0.00610	0.00558	0.00938	0.01119	0.01531	0.14635	0.29457	0.04322	0.20344	0.07589	0.08950	0.03966	0.01136	0.00467	0.00460
14	0.01858	0.20594	0.01970	0.01151	0.01655	0.01666	0.00989	0.33389	0.01962	0.05737	0.01233	0.01299	0.00945	0.00598	0.00507	0.00143	0.00593	0.00440	0.00457	0.22812
15	0.00890	0.00659	0.00849	0.00840	0.00999	0.00600	0.00642	0.01123	0.01453	0.02018	0.36038	0.17242	0.06619	0.04986	0.00825	0.00224	0.00376	0.14077	0.00576	0.08966
16	0.11722	0.18467	0.09254	0.01220	0.01698	0.07101	0.04784	0.11614	0.01545	0.09717	0.05987	0.01486	0.01205	0.00638	0.00551	0.00164	0.02622	0.00478	0.00411	0.09334
17	0.08288	0.20195	0.01798	0.01094	0.01509	0.05019	0.00929	0.15988	0.07305	0.19466	0.10900	0.01867	0.01688	0.00732	0.00544	0.00171	0.00564	0.00559	0.00528	0.00854
18	0.01373	0.04625	0.09652	0.07597	0.11831	0.01224	0.11235	0.06351	0.01389	0.02015	0.01114	0.01364	0.00886	0.00512	0.00536	0.00144	0.00657	0.00464	0.00336	0.36694

[dist]
# distance from previous block
# <min> <max>
2	4

[block]
# block no. 12 follows, 38 sequences, length 8
# corresponding to MSA columns:
# 1302-1309
name=unknown_M
#
# <colnr> <probs for GDERKNQSTAVLIFYWHMCP>
#	G	D	E	R	K	N	Q	S	T	A	V	L	I	F	Y	W	H	M	C	P
0	0.01540	0.04058	0.07127	0.07580	0.36218	0.01343	0.08103	0.06533	0.01469	0.09021	0.01500	0.06412	0.01289	0.00711	0.00622	0.00191	0.00704	0.04322	0.00384	0.00873
1	0.00848	0.00713	0.05288	0.00806	0.00940	0.00565	0.00623	0.00919	0.01165	0.01520	0.08898	0.27028	0.23134	0.01707	0.01158	0.22203	0.00411	0.01143	0.00469	0.00464
2	0.13288	0.08543	0.01886	0.01556	0.07663	0.06110	0.09518	0.06546	0.23685	0.03632	0.01523	0.01708	0.01207	0.00717	0.00698	0.00195	0.08045	0.02218	0.00432	0.00829
3	0.02934	0.04322	0.27286	0.10251	0.04160	0.01201	0.05326	0.01875	0.07137	0.10095	0.01794	0.13137	0.01593	0.00871	0.00626	0.00204	0.00688	0.05299	0.00410	0.00792
4	0.00928	0.00588	0.00754	0.00788	0.00867	0.00559	0.00537	0.00999	0.01128	0.05967	0.06226	0.33385	0.11209	0.17444	0.06368	0.09595	0.00501	0.01191	0.00487	0.00480
5	0.01608	0.01110	0.01349	0.06275	0.01626	0.05533	0.04134	0.12510	0.07163	0.16270	0.08201	0.13872	0.02311	0.01049	0.00660	0.00206	0.00560	0.10441	0.04358	0.00764
6	0.01615	0.39016	0.13688	0.01550	0.08561	0.01982	0.05210	0.13077	0.01487	0.01944	0.01013	0.01194	0.00836	0.00594	0.00591	0.00164	0.05892	0.00429	0.00318	0.00840
7	0.06563	0.01213	0.12287	0.09698	0.03756	0.00998	0.01058	0.07778	0.02685	0.05636	0.15056	0.14201	0.08141	0.01308	0.06712	0.00261	0.00622	0.00859	0.00474	0.00693

[dist]
# distance from previous block
# <min> <max>
5	45

[block]
# block no. 13 follows, 38 sequences, length 11
# corresponding to MSA columns:
# 1359-1369
name=unknown_N
#
# <colnr> <probs for GDERKNQSTAVLIFYWHMCP>
#	G	D	E	R	K	N	Q	S	T	A	V	L	I	F	Y	W	H	M	C	P
0	0.18851	0.03217	0.10209	0.08681	0.02040	0.01322	0.11508	0.09100	0.01415	0.10602	0.01387	0.07434	0.01136	0.00714	0.00631	0.00191	0.04419	0.00589	0.00410	0.06142
1	0.03370	0.07397	0.03617	0.10632	0.05008	0.12192	0.01031	0.01875	0.08279	0.11089	0.01744	0.09899	0.01574	0.06745	0.08569	0.00296	0.00759	0.03040	0.00424	0.02461
2	0.09459	0.14780	0.01590	0.01080	0.01439	0.01446	0.00905	0.16226	0.17149	0.07031	0.14432	0.02487	0.02152	0.00856	0.00582	0.00187	0.00516	0.06336	0.00537	0.00811
3	0.16172	0.01384	0.01450	0.01300	0.07294	0.09155	0.02328	0.07781	0.10034	0.13318	0.01410	0.01462	0.01053	0.00603	0.00516	0.00158	0.00580	0.00465	0.00457	0.23081
4	0.01549	0.01212	0.01679	0.01786	0.17973	0.06521	0.06192	0.04312	0.04319	0.12985	0.06310	0.02128	0.01538	0.03943	0.10009	0.06743	0.07030	0.02593	0.00421	0.00754
5	0.01780	0.02245	0.20843	0.06608	0.07863	0.24859	0.01451	0.08935	0.01594	0.07915	0.01175	0.01329	0.00882	0.00601	0.00558	0.00167	0.00831	0.00453	0.00360	0.09551
6	0.01353	0.01333	0.06366	0.07625	0.02212	0.01317	0.23658	0.07410	0.01393	0.05486	0.01703	0.13605	0.01618	0.00960	0.00920	0.00223	0.14123	0.07560	0.00399	0.00732
7	0.02362	0.01635	0.01613	0.01277	0.01725	0.14971	0.01032	0.31895	0.02151	0.28068	0.01651	0.01576	0.01132	0.00695	0.00583	0.00173	0.00674	0.00525	0.00584	0.05677
8	0.01303	0.00695	0.00852	0.00778	0.00995	0.00644	0.00614	0.01575	0.01481	0.14729	0.23385	0.03282	0.02904	0.00948	0.00580	0.00174	0.00358	0.07960	0.31841	0.04901
9	0.34874	0.01292	0.01241	0.01033	0.01424	0.01438	0.00841	0.25862	0.10429	0.05494	0.01829	0.01818	0.08578	0.00750	0.00521	0.00188	0.00518	0.00548	0.00510	0.00811
10	0.62294	0.01058	0.00921	0.00850	0.01182	0.01183	0.00696	0.01743	0.01127	0.08437	0.01379	0.07154	0.01244	0.00781	0.00466	0.00200	0.00470	0.07720	0.00434	0.00660

[dist]
# distance from previous block
# <min> <max>
0	1

[block]
# block no. 14 follows, 38 sequences, length 10
# corresponding to MSA columns:
# 1371-1380
name=unknown_O
#
# <colnr> <probs for GDERKNQSTAVLIFYWHMCP>
#	G	D	E	R	K	N	Q	S	T	A	V	L	I	F	Y	W	H	M	C	P
0	0.08065	0.01033	0.01362	0.01052	0.01511	0.00915	0.00869	0.02854	0.01675	0.70663	0.02271	0.01976	0.01433	0.00732	0.00589	0.00186	0.00509	0.00586	0.00720	0.00999
1	0.00768	0.00570	0.00719	0.00794	0.00890	0.00521	0.00566	0.00929	0.01321	0.01748	0.18330	0.44674	0.18203	0.01667	0.00749	0.00227	0.00340	0.05892	0.00579	0.00513
2	0.01861	0.01119	0.05393	0.01320	0.08320	0.01007	0.00981	0.03962	0.14505	0.31891	0.01998	0.06624	0.01524	0.01039	0.00927	0.14957	0.00540	0.00655	0.00551	0.00827
3	0.01996	0.01220	0.01391	0.01119	0.01472	0.01277	0.00878	0.31452	0.08753	0.21941	0.01887	0.02252	0.01490	0.18739	0.01170	0.00277	0.00587	0.00648	0.00586	0.00865
4	0.01109	0.00640	0.00840	0.00824	0.00975	0.00586	0.00604	0.01316	0.01467	0.13384	0.31636	0.32255	0.04117	0.01372	0.00697	0.00207	0.00344	0.01218	0.05802	0.00608
5	0.06684	0.00916	0.01248	0.01029	0.01321	0.00896	0.03883	0.01931	0.01573	0.30927	0.29579	0.02949	0.05435	0.00961	0.00764	0.00196	0.07528	0.00790	0.00621	0.00768
6	0.09251	0.64347	0.06556	0.01059	0.01577	0.02209	0.01060	0.05211	0.01283	0.01674	0.00878	0.01005	0.00772	0.00532	0.00404	0.00140	0.00640	0.00339	0.00284	0.00779
7	0.02507	0.01163	0.01462	0.01139	0.01595	0.01113	0.00935	0.14907	0.09212	0.55935	0.02223	0.01965	0.01445	0.00748	0.00605	0.00187	0.00534	0.00602	0.00707	0.01016
8	0.00769	0.00527	0.00685	0.00812	0.00857	0.00495	0.00546	0.00889	0.01162	0.01601	0.03191	0.71469	0.03755	0.01776	0.00736	0.00235	0.00343	0.01605	0.08052	0.00495
9	0.04311	0.15573	0.04414	0.01496	0.09815	0.01489	0.04781	0.20392	0.01759	0.18066	0.01678	0.10642	0.01395	0.00786	0.00580	0.00181	0.00615	0.00652	0.00497	0.00880

[dist]
# distance from previous block
# <min> <max>
0	7

[block]
# block no. 15 follows, 38 sequences, length 29
# corresponding to MSA columns:
# 1388-1409,1411-1417
name=unknown_P
#
# <colnr> <probs for GDERKNQSTAVLIFYWHMCP>
#	G	D	E	R	K	N	Q	S	T	A	V	L	I	F	Y	W	H	M	C	P
0	0.04064	0.05941	0.09676	0.01095	0.01474	0.01037	0.04251	0.02972	0.09411	0.13685	0.23690	0.04100	0.03907	0.01097	0.05317	0.00230	0.00571	0.00737	0.00527	0.06217
1	0.06818	0.01397	0.01478	0.01197	0.01598	0.01546	0.00970	0.40993	0.18582	0.06581	0.01742	0.01723	0.01270	0.00732	0.00568	0.00182	0.00555	0.00565	0.10576	0.00928
2	0.83108	0.01163	0.00884	0.00791	0.01163	0.01350	0.00651	0.01768	0.01024	0.02699	0.00838	0.00977	0.00651	0.00558	0.00372	0.00186	0.00465	0.00326	0.00372	0.00651
3	0.83108	0.01163	0.00884	0.00791	0.01163	0.01350	0.00651	0.01768	0.01024	0.02699	0.00838	0.00977	0.00651	0.00558	0.00372	0.00186	0.00465	0.00326	0.00372	0.00651
4	0.01205	0.01147	0.01896	0.58678	0.13542	0.01407	0.01654	0.01569	0.01193	0.01585	0.01046	0.01555	0.00821	0.00644	0.00758	0.00205	0.09585	0.00534	0.00271	0.00706
5	0.24435	0.00832	0.00884	0.00789	0.01057	0.00828	0.00621	0.01543	0.01456	0.13576	0.30836	0.03345	0.15566	0.01016	0.00598	0.00190	0.00374	0.00829	0.00575	0.00651
6	0.01056	0.00803	0.00935	0.00869	0.01072	0.00833	0.00667	0.05569	0.15525	0.02179	0.26418	0.03618	0.16972	0.01604	0.11045	0.02053	0.00533	0.00901	0.06703	0.00645
