[name]
unknown

[dist]
# distance from previous block
# <min> <max>
5	1982

[block]
# block no. 0 follows, 46 sequences, length 44
# corresponding to MSA columns:
# 1999-2042
name=unknown_A
#
# <colnr> <probs for GDERKNQSTAVLIFYWHMCP>
#	G	D	E	R	K	N	Q	S	T	A	V	L	I	F	Y	W	H	M	C	P
0	0.01502	0.01454	0.13585	0.05035	0.27026	0.01265	0.03292	0.19645	0.06665	0.09601	0.04747	0.01490	0.01108	0.00579	0.00531	0.00163	0.00602	0.00500	0.00390	0.00821
1	0.00918	0.00459	0.00689	0.00689	0.00689	0.00459	0.00459	0.00689	0.00689	0.00918	0.00918	0.01607	0.00918	0.01837	0.02066	0.84619	0.00459	0.00459	0.00230	0.00230
2	0.01337	0.01439	0.01416	0.08523	0.14096	0.26282	0.01054	0.01589	0.05327	0.01449	0.01355	0.15758	0.01337	0.00818	0.00713	0.00175	0.12216	0.02190	0.02312	0.00616
3	0.00998	0.00859	0.01341	0.04481	0.33636	0.00853	0.01042	0.01237	0.01199	0.01654	0.14855	0.08865	0.06248	0.07876	0.00778	0.00209	0.00490	0.12376	0.00385	0.00620
4	0.01405	0.04841	0.08785	0.02427	0.40687	0.02616	0.15535	0.04472	0.02818	0.08288	0.01112	0.01340	0.00863	0.00504	0.00553	0.00162	0.01995	0.00490	0.00306	0.00802
5	0.01092	0.02572	0.69547	0.01440	0.02178	0.03629	0.01809	0.01658	0.01126	0.01666	0.00944	0.01109	0.00680	0.00494	0.00492	0.00159	0.00753	0.00382	0.00233	0.08037
6	0.85155	0.01022	0.00777	0.00695	0.01022	0.01186	0.00573	0.01554	0.00900	0.02372	0.00736	0.00859	0.00573	0.00491	0.00327	0.00164	0.00409	0.00286	0.00327	0.00573
7	0.04940	0.55215	0.21251	0.01045	0.01571	0.01781	0.01142	0.01649	0.01097	0.04922	0.00849	0.00958	0.00701	0.00475	0.00388	0.00131	0.00606	0.00321	0.00249	0.00709
8	0.01551	0.01226	0.10436	0.01371	0.12137	0.01052	0.02556	0.19022	0.01504	0.20155	0.01649	0.14353	0.01421	0.04726	0.00674	0.00186	0.01857	0.00657	0.00453	0.03016
9	0.00719	0.00520	0.00581	0.00582	0.00649	0.00488	0.00372	0.00790	0.00988	0.01281	0.11435	0.07511	0.24302	0.45535	0.01767	0.00363	0.00403	0.00924	0.00407	0.00382
10	0.15809	0.04168	0.07386	0.01052	0.02696	0.09885	0.00893	0.19403	0.03610	0.16678	0.07027	0.01697	0.06151	0.00664	0.00494	0.00159	0.00537	0.00505	0.00452	0.00734
11	0.02135	0.00905	0.01199	0.00916	0.01323	0.00776	0.00752	0.03913	0.01477	0.63874	0.04557	0.01768	0.01357	0.00633	0.00516	0.00152	0.00438	0.00516	0.00603	0.12189
12	0.85155	0.01022	0.00777	0.00695	0.01022	0.01186	0.00573	0.01554	0.00900	0.02372	0.00736	0.00859	0.00573	0.00491	0.00327	0.00164	0.00409	0.00286	0.00327	0.00573
13	0.01378	0.70759	0.04389	0.04568	0.01530	0.01978	0.03494	0.01621	0.03736	0.01307	0.00810	0.00938	0.00716	0.00466	0.00368	0.00122	0.00582	0.00316	0.00239	0.00683
14	0.00974	0.00734	0.00850	0.00745	0.00952	0.00713	0.00578	0.15466	0.01606	0.02180	0.43795	0.03599	0.20865	0.01031	0.00598	0.00165	0.00322	0.00879	0.00542	0.03406
15	0.00670	0.00517	0.00600	0.00618	0.00737	0.00460	0.00442	0.00814	0.01205	0.01559	0.22874	0.22661	0.36970	0.06514	0.00770	0.00206	0.00288	0.01145	0.00503	0.00447
16	0.01426	0.00622	0.00726	0.00635	0.00849	0.00583	0.00499	0.01659	0.01237	0.26274	0.01839	0.01916	0.01340	0.00628	0.00421	0.00136	0.00311	0.00505	0.57772	0.00622
17	0.01200	0.02203	0.50626	0.01519	0.02164	0.01261	0.12573	0.10733	0.04769	0.01914	0.03510	0.01414	0.00947	0.00559	0.00534	0.00170	0.00734	0.02097	0.00298	0.00773
18	0.00700	0.00539	0.00640	0.00615	0.00760	0.00478	0.00461	0.00905	0.01383	0.01851	0.49629	0.04392	0.33371	0.01181	0.00624	0.00171	0.00257	0.01018	0.00547	0.00478
19	0.01077	0.02621	0.72140	0.01569	0.02329	0.01237	0.08381	0.01676	0.01128	0.01676	0.00959	0.01143	0.00681	0.00497	0.00513	0.00168	0.00791	0.00411	0.00227	0.00775
20	0.01315	0.01136	0.01195	0.01076	0.01375	0.01315	0.00837	0.02809	0.77168	0.02211	0.02152	0.01972	0.01614	0.00717	0.00538	0.00179	0.00418	0.00598	0.00538	0.00837
21	0.01413	0.81739	0.02770	0.00905	0.01357	0.02092	0.00905	0.01583	0.01074	0.01244	0.00735	0.00848	0.00678	0.00452	0.00339	0.00113	0.00565	0.00283	0.00226	0.00678
22	0.01308	0.01256	0.02146	0.03245	0.78123	0.01256	0.01622	0.01622	0.01204	0.01727	0.00994	0.01308	0.00837	0.00471	0.00523	0.00157	0.00628	0.00471	0.00262	0.00837
23	0.02372	0.00900	0.01227	0.00941	0.01350	0.00777	0.00777	0.02576	0.01513	0.78489	0.02086	0.01799	0.01309	0.00654	0.00532	0.00164	0.00450	0.00532	0.00654	0.00900
24	0.01244	0.00968	0.01084	0.00936	0.01192	0.01049	0.00735	0.19964	0.26949	0.02446	0.33968	0.02637	0.02868	0.00851	0.00572	0.00169	0.00387	0.00720	0.00554	0.00709
25	0.00736	0.00547	0.00690	0.00674	0.00809	0.00501	0.00519	0.00963	0.01410	0.01930	0.55861	0.04386	0.18615	0.01171	0.00635	0.00177	0.00279	0.09054	0.00554	0.00488
26	0.01460	0.67448	0.07450	0.00979	0.01449	0.01985	0.00983	0.10233	0.01240	0.01512	0.00810	0.00914	0.00703	0.00477	0.00371	0.00122	0.00581	0.00312	0.00261	0.00710
27	0.00780	0.00515	0.00621	0.00621	0.00633	0.00527	0.00376	0.00784	0.00772	0.01042	0.01570	0.03124	0.01759	0.64694	0.12480	0.07720	0.00624	0.00716	0.00308	0.00332
28	0.01069	0.09634	0.66294	0.01392	0.02097	0.01253	0.01755	0.01617	0.01140	0.01668	0.06458	0.01296	0.00981	0.00539	0.00496	0.00162	0.00724	0.00422	0.00249	0.00752
29	0.01986	0.00851	0.01113	0.00899	0.01236	0.00781	0.00731	0.04027	0.06891	0.55440	0.04574	0.02044	0.01500	0.00755	0.00599	0.04000	0.00428	0.03487	0.07861	0.00800
30	0.01255	0.01432	0.07969	0.01827	0.02308	0.01322	0.48008	0.02030	0.24263	0.01849	0.01389	0.01569	0.01039	0.00532	0.00589	0.00178	0.00740	0.00599	0.00346	0.00755
31	0.01413	0.81739	0.02770	0.00905	0.01357	0.02092	0.00905	0.01583	0.01074	0.01244	0.00735	0.00848	0.00678	0.00452	0.00339	0.00113	0.00565	0.00283	0.00226	0.00678
32	0.08625	0.61570	0.13587	0.00980	0.01469	0.01878	0.01030	0.03194	0.01095	0.01449	0.00778	0.00897	0.00673	0.00467	0.00366	0.00126	0.00583	0.00303	0.00241	0.00689
33	0.52521	0.01074	0.00975	0.00827	0.01144	0.01214	0.00668	0.20062	0.01294	0.04134	0.01000	0.01238	0.00808	0.07125	0.03788	0.00218	0.00502	0.00389	0.00382	0.00637
34	0.00755	0.00562	0.00770	0.00750	0.00849	0.00596	0.00565	0.00944	0.01097	0.01547	0.29644	0.03040	0.06879	0.10161	0.37180	0.00517	0.02512	0.00756	0.00406	0.00468
35	0.00676	0.00494	0.00639	0.00722	0.00793	0.00458	0.00513	0.00810	0.01127	0.01497	0.14724	0.53885	0.12318	0.01514	0.00666	0.00206	0.00309	0.07699	0.00504	0.00447
36	0.15491	0.00919	0.01156	0.00902	0.01298	0.00842	0.00745	0.02414	0.01416	0.66427	0.01872	0.01650	0.01192	0.00628	0.00499	0.00164	0.00443	0.00493	0.00602	0.00848
37	0.01274	0.01210	0.02001	0.11660	0.63147	0.01252	0.01537	0.01695	0.07764	0.01727	0.01088	0.01377	0.00890	0.00499	0.00525	0.00161	0.00618	0.00482	0.00283	0.00809
38	0.00705	0.00629	0.00816	0.00743	0.00926	0.00569	0.07007	0.00863	0.01177	0.01453	0.06285	0.13501	0.57650	0.01276	0.00675	0.00185	0.03514	0.01089	0.00463	0.00474
39	0.00655	0.00465	0.00610	0.00722	0.00750	0.00437	0.00476	0.00739	0.00991	0.01321	0.02806	0.74356	0.03360	0.08562	0.00849	0.00240	0.00325	0.01439	0.00476	0.00420
40	0.01032	0.00803	0.03151	0.01340	0.19739	0.00726	0.00835	0.01303	0.01416	0.08546	0.50598	0.03047	0.03547	0.00880	0.00588	0.00164	0.00373	0.00787	0.00501	0.00623
41	0.01351	0.04787	0.07852	0.01264	0.01764	0.01055	0.19911	0.08080	0.01297	0.09439	0.01106	0.01255	0.00836	0.00464	0.00483	0.00128	0.00579	0.00432	0.00343	0.37575
42	0.05489	0.14161	0.19022	0.01082	0.01582	0.01137	0.03138	0.04220	0.01302	0.32152	0.01407	0.01447	0.00992	0.00566	0.00479	0.00150	0.00553	0.02000	0.00424	0.08698
43	0.80629	0.01047	0.00821	0.00724	0.01056	0.01211	0.00596	0.05626	0.00986	0.02424	0.00765	0.00881	0.00590	0.00499	0.00338	0.00163	0.00418	0.00297	0.00338	0.00590

[dist]
# distance from previous block
# <min> <max>
0	2

[block]
# block no. 1 follows, 46 sequences, length 14
# corresponding to MSA columns:
# 2045-2058
name=unknown_B
#
# <colnr> <probs for GDERKNQSTAVLIFYWHMCP>
#	G	D	E	R	K	N	Q	S	T	A	V	L	I	F	Y	W	H	M	C	P
0	0.09185	0.21640	0.47078	0.01241	0.01872	0.01400	0.01480	0.01708	0.01115	0.07382	0.00962	0.01078	0.00710	0.00500	0.00448	0.00154	0.00669	0.00365	0.00266	0.00745
1	0.00737	0.00602	0.00822	0.00738	0.00909	0.00540	0.06127	0.00954	0.01356	0.01812	0.43351	0.06874	0.30902	0.01146	0.00626	0.00173	0.00306	0.01008	0.00522	0.00493
2	0.01480	0.03718	0.13010	0.05992	0.19946	0.07503	0.05606	0.01790	0.01253	0.17564	0.01287	0.01407	0.02688	0.00529	0.00500	0.00147	0.00612	0.00455	0.00350	0.14163
3	0.00793	0.00531	0.00666	0.00633	0.00757	0.00498	0.00475	0.01042	0.01424	0.02092	0.63539	0.03577	0.04305	0.00993	0.00576	0.00158	0.00249	0.00869	0.16326	0.00498
4	0.85155	0.01022	0.00777	0.00695	0.01022	0.01186	0.00573	0.01554	0.00900	0.02372	0.00736	0.00859	0.00573	0.00491	0.00327	0.00164	0.00409	0.00286	0.00327	0.00573
5	0.01276	0.13897	0.22611	0.08859	0.08059	0.01317	0.06173	0.05133	0.10562	0.06611	0.06284	0.01556	0.01186	0.00596	0.00537	0.00163	0.02496	0.01607	0.00338	0.00739
6	0.01105	0.00869	0.01022	0.00761	0.01173	0.00669	0.00605	0.01330	0.01162	0.06507	0.07181	0.01730	0.08413	0.00549	0.00440	0.00100	0.00373	0.00451	0.00371	0.65188
7	0.00723	0.00555	0.00599	0.00588	0.00767	0.00474	0.00449	0.00878	0.01253	0.04742	0.13604	0.04857	0.62717	0.01286	0.00626	0.00179	0.00283	0.04439	0.00508	0.00473
8	0.07252	0.00598	0.00712	0.00721	0.00832	0.00592	0.00530	0.01117	0.01044	0.08748	0.05257	0.15520	0.02307	0.27353	0.01272	0.00298	0.00423	0.15939	0.09016	0.00470
9	0.00711	0.00539	0.00656	0.00627	0.00767	0.00483	0.00470	0.00927	0.01410	0.01914	0.56271	0.04288	0.26690	0.01158	0.00624	0.00170	0.00255	0.01004	0.00555	0.00483
10	0.01123	0.00917	0.01021	0.00964	0.01189	0.01013	0.00749	0.06335	0.43053	0.02027	0.08236	0.15512	0.05346	0.01001	0.00591	0.00190	0.00398	0.09116	0.00525	0.00693
11	0.00780	0.00580	0.00731	0.00696	0.00829	0.00554	0.00520	0.01109	0.07148	0.02053	0.64744	0.08648	0.07396	0.01099	0.00620	0.00171	0.00266	0.00969	0.00570	0.00518
12	0.01154	0.18160	0.46816	0.01287	0.01879	0.01284	0.03136	0.01596	0.01134	0.05027	0.01238	0.05175	0.01073	0.00648	0.00505	0.00166	0.00674	0.08046	0.00283	0.00719
13	0.01415	0.32462	0.32884	0.01217	0.01780	0.08945	0.01339	0.08166	0.01270	0.04687	0.00928	0.01040	0.00719	0.00505	0.00442	0.00143	0.00685	0.00358	0.00273	0.00741

[dist]
# distance from previous block
# <min> <max>
0	2

[block]
# block no. 2 follows, 46 sequences, length 25
# corresponding to MSA columns:
# 2061-2085
name=unknown_C
#
# <colnr> <probs for GDERKNQSTAVLIFYWHMCP>
#	G	D	E	R	K	N	Q	S	T	A	V	L	I	F	Y	W	H	M	C	P
0	0.04389	0.01664	0.29216	0.01418	0.06513	0.01069	0.09818	0.03666	0.02702	0.25549	0.01339	0.01384	0.00922	0.00539	0.00513	0.00159	0.00626	0.00462	0.00388	0.07664
1	0.05924	0.26013	0.14204	0.01105	0.03157	0.01460	0.01044	0.15288	0.06352	0.15090	0.01204	0.01247	0.00894	0.00607	0.00523	0.03773	0.00562	0.00410	0.00380	0.00762
2	0.01536	0.48789	0.10455	0.01061	0.01512	0.04391	0.01041	0.13732	0.01334	0.06334	0.00927	0.01021	0.00752	0.00526	0.00473	0.00136	0.04593	0.00351	0.00303	0.00731
3	0.00817	0.00572	0.00716	0.00685	0.00827	0.00531	0.00511	0.01083	0.04648	0.05381	0.52430	0.12815	0.14681	0.01148	0.00622	0.00174	0.00275	0.01007	0.00560	0.00516
4	0.11369	0.01064	0.06230	0.00951	0.01377	0.00893	0.00829	0.04817	0.03877	0.53803	0.01743	0.01581	0.01139	0.00606	0.00496	0.00157	0.00466	0.00478	0.00554	0.07569
5	0.02305	0.00945	0.01331	0.01013	0.01428	0.00834	0.04446	0.05076	0.01534	0.72173	0.02008	0.01763	0.01270	0.00644	0.00536	0.00164	0.00476	0.00534	0.00631	0.00891
6	0.00757	0.00507	0.00580	0.00592	0.00595	0.00505	0.00337	0.00766	0.00792	0.01056	0.01786	0.10932	0.02074	0.73742	0.02497	0.00484	0.00493	0.00839	0.00337	0.00331
7	0.04826	0.01049	0.01573	0.03440	0.29409	0.01009	0.02657	0.05660	0.01409	0.35321	0.06979	0.01698	0.01330	0.00604	0.00529	0.00162	0.00520	0.00529	0.00471	0.00826
8	0.04992	0.39499	0.03822	0.01077	0.01477	0.18347	0.00954	0.15674	0.06528	0.01762	0.00952	0.01031	0.00778	0.00526	0.00420	0.00134	0.00640	0.00355	0.00317	0.00714
9	0.00765	0.00524	0.00634	0.00633	0.00656	0.00541	0.00393	0.00812	0.00814	0.01108	0.04671	0.03213	0.01929	0.63291	0.17360	0.00564	0.00676	0.00737	0.00324	0.00357
10	0.01544	0.01264	0.05245	0.01218	0.04126	0.01259	0.05838	0.32930	0.15239	0.06671	0.13755	0.01851	0.01682	0.00687	0.00545	0.00162	0.00516	0.00576	0.00495	0.04398
11	0.02669	0.00714	0.02934	0.00772	0.00990	0.00609	0.00602	0.01362	0.02895	0.19462	0.21585	0.21481	0.09217	0.04953	0.00686	0.00188	0.00356	0.00907	0.00521	0.07095
12	0.10015	0.29225	0.23081	0.01111	0.01635	0.03397	0.03215	0.06721	0.01217	0.08254	0.00972	0.01069	0.00745	0.00497	0.00427	0.00140	0.00605	0.00360	0.00301	0.07012
13	0.17467	0.10437	0.09290	0.03707	0.01486	0.01172	0.00919	0.09810	0.04639	0.32408	0.02780	0.01421	0.01048	0.00589	0.00470	0.00159	0.00507	0.00445	0.00466	0.00780
14	0.12558	0.01066	0.01276	0.01022	0.01379	0.02839	0.05683	0.17228	0.05841	0.23998	0.07163	0.04023	0.03198	0.00703	0.00520	0.00163	0.00485	0.03515	0.00500	0.06839
15	0.08120	0.04717	0.04091	0.01003	0.01424	0.00986	0.05702	0.07722	0.05459	0.30470	0.05369	0.01557	0.01223	0.00579	0.00486	0.00144	0.00478	0.00475	0.00474	0.19524
16	0.04450	0.02569	0.09435	0.00970	0.01382	0.00960	0.00863	0.09777	0.09593	0.27695	0.06153	0.03349	0.04885	0.00665	0.00507	0.00152	0.00464	0.00538	0.00491	0.15103
17	0.06715	0.01131	0.07548	0.01064	0.01474	0.00957	0.07785	0.10851	0.03828	0.27919	0.08601	0.03600	0.03932	0.00662	0.00522	0.00156	0.00495	0.00560	0.00485	0.11715
18	0.05092	0.05695	0.07918	0.02405	0.01500	0.02487	0.00911	0.16270	0.07569	0.26469	0.01443	0.01404	0.01012	0.00569	0.00482	0.00145	0.00507	0.00444	0.00467	0.17212
19	0.01773	0.01018	0.04978	0.00933	0.01339	0.00848	0.00793	0.07809	0.05275	0.40018	0.09702	0.01804	0.01532	0.00635	0.00509	0.00146	0.00441	0.00520	0.00534	0.19395
20	0.05275	0.03745	0.04928	0.01042	0.03955	0.01019	0.00857	0.16499	0.01532	0.31638	0.03045	0.01451	0.01081	0.00569	0.00482	0.00140	0.00481	0.00449	0.00484	0.21328
21	0.01472	0.01103	0.07113	0.00955	0.01394	0.00874	0.02656	0.08452	0.05054	0.20647	0.07844	0.01578	0.01311	0.00562	0.00479	0.00128	0.00454	0.00463	0.00442	0.37020
22	0.01916	0.00932	0.01292	0.00992	0.01390	0.00823	0.05660	0.02239	0.07008	0.51016	0.07195	0.01834	0.01479	0.00636	0.00524	0.00153	0.00453	0.00540	0.00564	0.13354
23	0.01748	0.03430	0.05366	0.01036	0.01476	0.00943	0.05737	0.03973	0.10459	0.37056	0.01622	0.01544	0.01119	0.00568	0.00496	0.00144	0.00484	0.00475	0.00492	0.21831
24	0.01410	0.04589	0.10341	0.00987	0.03137	0.00889	0.00868	0.06108	0.02678	0.20005	0.03072	0.04400	0.06203	0.00652	0.00492	0.00138	0.00467	0.03586	0.00425	0.29552

[dist]
# distance from previous block
# <min> <max>
8	32

[block]
# block no. 3 follows, 46 sequences, length 30
# corresponding to MSA columns:
# 2118-2147
name=unknown_D
#
# <colnr> <probs for GDERKNQSTAVLIFYWHMCP>
#	G	D	E	R	K	N	Q	S	T	A	V	L	I	F	Y	W	H	M	C	P
0	0.01652	0.00958	0.01194	0.00965	0.01305	0.00932	0.02662	0.11159	0.15659	0.30458	0.14077	0.04902	0.01922	0.00737	0.00541	0.00160	0.00428	0.00621	0.00556	0.09112
1	0.03580	0.02095	0.01206	0.03690	0.01381	0.00881	0.00771	0.07377	0.07115	0.43111	0.04787	0.05303	0.01416	0.00667	0.00512	0.00153	0.00443	0.00547	0.00543	0.14423
2	0.06235	0.02607	0.01190	0.00908	0.01292	0.00957	0.00737	0.11757	0.10523	0.24938	0.08863	0.01690	0.01446	0.00614	0.00487	0.00140	0.00428	0.00494	0.00495	0.24199
3	0.01702	0.01002	0.03873	0.00921	0.01316	0.00858	0.00771	0.10797	0.04246	0.34403	0.12178	0.01842	0.01628	0.00643	0.00508	0.00143	0.00434	0.00527	0.00525	0.21683
4	0.01616	0.02665	0.01245	0.02434	0.04030	0.00952	0.00789	0.09554	0.13041	0.27064	0.09255	0.01772	0.01514	0.00628	0.00503	0.00144	0.00437	0.00517	0.00503	0.21338
5	0.04667	0.01023	0.03836	0.00925	0.01292	0.02859	0.00766	0.07618	0.09039	0.30348	0.09785	0.06163	0.01652	0.00694	0.00513	0.00151	0.00439	0.00571	0.00513	0.17144
6	0.01557	0.01002	0.01285	0.07571	0.03067	0.02072	0.03558	0.13778	0.07384	0.23114	0.08418	0.08284	0.01603	0.00711	0.00531	0.00156	0.00477	0.00605	0.00488	0.14339
7	0.07350	0.05060	0.01284	0.00978	0.01348	0.08922	0.00789	0.14765	0.14064	0.15294	0.04200	0.01594	0.03939	0.00616	0.00482	0.00144	0.00495	0.00477	0.00455	0.17746
8	0.01662	0.02598	0.03138	0.03701	0.01457	0.02413	0.00867	0.25906	0.13890	0.19763	0.01954	0.03629	0.07910	0.00901	0.04882	0.00201	0.00546	0.00579	0.00507	0.03496
9	0.43812	0.02897	0.01155	0.00910	0.01276	0.01313	0.00753	0.26094	0.01471	0.07545	0.01008	0.01075	0.00745	0.00554	0.00449	0.00158	0.02663	0.00371	0.00409	0.05343
10	0.47952	0.13533	0.12635	0.00910	0.01333	0.02919	0.00877	0.06876	0.01116	0.06442	0.00882	0.00979	0.00669	0.00507	0.00383	0.00156	0.00513	0.00329	0.00328	0.00661
11	0.01024	0.00964	0.01601	0.70789	0.07599	0.01177	0.01439	0.01363	0.01059	0.01382	0.00935	0.01385	0.00714	0.00533	0.00561	0.00174	0.03154	0.00464	0.00239	0.03445
12	0.00725	0.00537	0.00675	0.00645	0.00776	0.00488	0.00482	0.00951	0.01435	0.01984	0.63701	0.06153	0.17211	0.01139	0.00625	0.00170	0.00254	0.00997	0.00564	0.00488
13	0.00885	0.00561	0.00679	0.00644	0.00748	0.00525	0.00446	0.01011	0.01146	0.08217	0.27499	0.03767	0.12954	0.34751	0.01485	0.00315	0.00387	0.03063	0.00464	0.00452
14	0.02372	0.00900	0.01227	0.00941	0.01350	0.00777	0.00777	0.02576	0.01513	0.78489	0.02086	0.01799	0.01309	0.00654	0.00532	0.00164	0.00450	0.00532	0.00654	0.00900
15	0.02010	0.01481	0.01587	0.01216	0.01639	0.01639	0.01005	0.76360	0.02486	0.03332	0.01269	0.01269	0.00899	0.00635	0.00529	0.00159	0.00582	0.00476	0.00529	0.00899
16	0.01096	0.00940	0.01096	0.00783	0.01253	0.00705	0.00626	0.01331	0.01096	0.01723	0.00940	0.01096	0.00783	0.00392	0.00392	0.00078	0.00392	0.00313	0.00313	0.84653
17	0.00687	0.00516	0.00718	0.03868	0.04350	0.00495	0.00577	0.00800	0.01026	0.01368	0.02800	0.72977	0.04723	0.01554	0.00661	0.00210	0.00336	0.01410	0.00471	0.00454
18	0.02372	0.00900	0.01227	0.00941	0.01350	0.00777	0.00777	0.02576	0.01513	0.78489	0.02086	0.01799	0.01309	0.00654	0.00532	0.00164	0.00450	0.00532	0.00654	0.00900
19	0.01168	0.01111	0.01821	0.27376	0.37250	0.01275	0.01448	0.01440	0.01066	0.01495	0.00917	0.01321	0.00770	0.00619	0.00805	0.02787	0.15928	0.00469	0.00246	0.00689
20	0.01250	0.01161	0.01833	0.05221	0.53422	0.01212	0.01402	0.01742	0.13367	0.01763	0.01342	0.01861	0.01165	0.00622	0.00585	0.00172	0.03159	0.07609	0.00326	0.00787
21	0.00661	0.00596	0.03923	0.00677	0.00811	0.00476	0.00515	0.00805	0.01136	0.01454	0.09365	0.39040	0.35783	0.01427	0.00642	0.00193	0.00306	0.01247	0.00486	0.00457
22	0.02298	0.00919	0.01232	0.00956	0.01355	0.00816	0.00792	0.06370	0.01553	0.71781	0.02069	0.01923	0.01350	0.00683	0.00539	0.00166	0.00458	0.03213	0.00642	0.00885
23	0.05860	0.01068	0.01691	0.39796	0.21734	0.03239	0.05529	0.01545	0.01144	0.07995	0.01131	0.04954	0.00912	0.00569	0.00527	0.00170	0.00647	0.00517	0.00296	0.00676
24	0.04179	0.15141	0.51035	0.01383	0.02036	0.04190	0.05720	0.04121	0.01184	0.04953	0.00968	0.01110	0.00710	0.00503	0.00478	0.00158	0.00725	0.00390	0.00260	0.00757
25	0.01452	0.01121	0.03699	0.04134	0.05359	0.06495	0.00875	0.24178	0.03240	0.10595	0.01776	0.20032	0.01677	0.03750	0.00694	0.03142	0.00521	0.04374	0.02208	0.00678
26	0.73668	0.01140	0.00890	0.00827	0.03195	0.06751	0.00645	0.02854	0.00991	0.04033	0.00789	0.00906	0.00610	0.00500	0.00351	0.00161	0.00458	0.00304	0.00332	0.00596
27	0.01061	0.00641	0.00870	0.00798	0.00954	0.00646	0.00616	0.01254	0.01225	0.15919	0.28444	0.08148	0.07247	0.04184	0.20782	0.00358	0.05023	0.00791	0.00481	0.00558
28	0.04542	0.31471	0.04253	0.00970	0.01322	0.08571	0.02147	0.09247	0.04928	0.03293	0.13224	0.06287	0.01637	0.00680	0.00466	0.00143	0.00526	0.01491	0.00368	0.04434
29	0.00664	0.00564	0.03581	0.00742	0.00828	0.00469	0.00545	0.00788	0.01054	0.01383	0.03225	0.63270	0.15265	0.01555	0.00662	0.00208	0.00325	0.03946	0.00480	0.00447

[dist]
# distance from previous block
# <min> <max>
0	3

[block]
# block no. 4 follows, 46 sequences, length 22
# corresponding to MSA columns:
# 2151-2172
name=unknown_E
#
# <colnr> <probs for GDERKNQSTAVLIFYWHMCP>
#	G	D	E	R	K	N	Q	S	T	A	V	L	I	F	Y	W	H	M	C	P
0	0.10196	0.01112	0.01283	0.03683	0.01435	0.01203	0.00860	0.31738	0.03030	0.20674	0.01622	0.08607	0.02991	0.00840	0.02735	0.00190	0.05954	0.00580	0.00498	0.00769
1	0.15321	0.02462	0.01144	0.10894	0.02807	0.00902	0.02213	0.04744	0.02756	0.27061	0.11931	0.12152	0.01850	0.00789	0.00526	0.00171	0.00448	0.00662	0.00487	0.00681
2	0.04472	0.00559	0.00607	0.00598	0.00762	0.00499	0.00452	0.00872	0.01271	0.01674	0.26106	0.06642	0.49198	0.01237	0.00615	0.00177	0.00276	0.03006	0.00510	0.00468
3	0.05896	0.01421	0.01265	0.01055	0.01380	0.20854	0.00831	0.16502	0.09063	0.09128	0.10871	0.01594	0.01427	0.00641	0.00529	0.00146	0.02702	0.00484	0.00431	0.13780
4	0.80900	0.01046	0.00818	0.00722	0.01054	0.01209	0.00595	0.05382	0.00981	0.02421	0.00763	0.00880	0.00589	0.00498	0.00337	0.00163	0.00418	0.00296	0.00337	0.00589
5	0.01599	0.01266	0.01349	0.01127	0.01472	0.01429	0.00900	0.35079	0.41892	0.02676	0.01788	0.04200	0.01360	0.00711	0.00538	0.00171	0.00487	0.00573	0.00532	0.00851
6	0.85155	0.01022	0.00777	0.00695	0.01022	0.01186	0.00573	0.01554	0.00900	0.02372	0.00736	0.00859	0.00573	0.00491	0.00327	0.00164	0.00409	0.00286	0.00327	0.00573
7	0.01086	0.01040	0.06351	0.00828	0.01298	0.00729	0.00709	0.01326	0.01079	0.01683	0.00939	0.01121	0.00781	0.00464	0.00474	0.03889	0.00421	0.00325	0.00303	0.75152
8	0.23406	0.06241	0.04735	0.05979	0.01472	0.29601	0.00891	0.01651	0.01176	0.03607	0.01129	0.12331	0.01069	0.00698	0.00515	0.00162	0.03919	0.00508	0.00319	0.00592
9	0.81194	0.01044	0.00816	0.00720	0.01052	0.01208	0.00593	0.05118	0.00975	0.02418	0.00762	0.00878	0.00588	0.00498	0.00337	0.00163	0.00417	0.00295	0.00337	0.00588
10	0.00998	0.00940	0.01586	0.80150	0.03641	0.01175	0.01468	0.01351	0.01057	0.01351	0.00940	0.01409	0.00705	0.00529	0.00529	0.00176	0.00705	0.00470	0.00235	0.00587
11	0.00657	0.00537	0.00580	0.00569	0.00734	0.00460	0.00427	0.00821	0.01281	0.01609	0.24334	0.04790	0.58817	0.01271	0.00624	0.00175	0.00263	0.01074	0.00515	0.00460
12	0.00720	0.00571	0.00653	0.00659	0.00801	0.00530	0.00483	0.00990	0.07698	0.01658	0.23475	0.21030	0.36225	0.01288	0.00628	0.00183	0.00284	0.01114	0.00519	0.00490
13	0.01707	0.00998	0.01546	0.16413	0.25482	0.00986	0.01145	0.01963	0.01295	0.36520	0.01514	0.01657	0.01081	0.04576	0.00635	0.00181	0.00556	0.00513	0.00438	0.00793
14	0.02203	0.09701	0.01493	0.01005	0.01425	0.00980	0.04147	0.05499	0.01494	0.63591	0.01860	0.01658	0.01201	0.00622	0.00515	0.00159	0.00487	0.00506	0.00586	0.00867
15	0.01413	0.81739	0.02770	0.00905	0.01357	0.02092	0.00905	0.01583	0.01074	0.01244	0.00735	0.00848	0.00678	0.00452	0.00339	0.00113	0.00565	0.00283	0.00226	0.00678
16	0.00738	0.00540	0.00692	0.00654	0.00783	0.00494	0.00491	0.00978	0.01472	0.02062	0.71776	0.04044	0.11092	0.01102	0.00624	0.00167	0.00251	0.00969	0.00574	0.00494
17	0.01099	0.07452	0.36888	0.11410	0.08393	0.01202	0.03627	0.01556	0.04090	0.03435	0.01241	0.10929	0.01090	0.00671	0.00583	0.00173	0.04614	0.00557	0.00285	0.00705
18	0.01492	0.09598	0.37824	0.05284	0.01916	0.05076	0.01389	0.07031	0.01302	0.19252	0.01229	0.01347	0.00879	0.03416	0.00573	0.00172	0.00666	0.00433	0.00350	0.00772
19	0.01519	0.00713	0.00972	0.00835	0.01062	0.00681	0.00647	0.01685	0.01183	0.37649	0.05848	0.02288	0.01616	0.15839	0.24557	0.00431	0.00740	0.00606	0.00481	0.00648
20	0.00922	0.04327	0.03683	0.00837	0.01033	0.00714	0.02592	0.01266	0.10689	0.05574	0.14547	0.32879	0.10929	0.01170	0.00602	0.00183	0.00366	0.02481	0.00484	0.04722
21	0.01748	0.00991	0.01169	0.00896	0.01302	0.04510	0.00723	0.04145	0.02894	0.37898	0.06236	0.01618	0.01304	0.00578	0.00483	0.00131	0.00443	0.00467	0.00499	0.31964

[dist]
# distance from previous block
# <min> <max>
0	36

[block]
# block no. 5 follows, 46 sequences, length 57
# corresponding to MSA columns:
# 2209-2265
name=unknown_F
#
# <colnr> <probs for GDERKNQSTAVLIFYWHMCP>
#	G	D	E	R	K	N	Q	S	T	A	V	L	I	F	Y	W	H	M	C	P
0	0.12108	0.01037	0.01336	0.04083	0.01505	0.01028	0.07307	0.09556	0.11280	0.30040	0.01570	0.01607	0.01121	0.04392	0.00601	0.00174	0.00499	0.00498	0.00484	0.09771
1	0.01689	0.00970	0.01367	0.01068	0.01430	0.00908	0.09594	0.10664	0.05034	0.33731	0.10177	0.02201	0.02916	0.03520	0.00627	0.00174	0.00489	0.04431	0.00527	0.08483
2	0.15041	0.01085	0.04753	0.00859	0.01308	0.00908	0.00730	0.08065	0.02698	0.08348	0.01054	0.01149	0.00813	0.00462	0.00413	0.00113	0.00435	0.00350	0.00363	0.51053
3	0.11686	0.00912	0.00983	0.00856	0.01108	0.04544	0.03263	0.07807	0.11938	0.08023	0.22963	0.04145	0.17884	0.00900	0.00554	0.00169	0.00397	0.00750	0.00499	0.00621
4	0.01720	0.01183	0.04319	0.04048	0.01528	0.04764	0.03512	0.17184	0.11173	0.26623	0.10481	0.01819	0.01555	0.00684	0.00580	0.00164	0.03387	0.00553	0.00513	0.04211
5	0.28903	0.01227	0.04187	0.01029	0.01361	0.04906	0.03511	0.08399	0.17685	0.09072	0.01255	0.01331	0.00951	0.01726	0.00598	0.00173	0.07780	0.00435	0.00402	0.05069
6	0.32105	0.05856	0.03596	0.00946	0.01306	0.01141	0.03393	0.06034	0.04708	0.26710	0.01397	0.03108	0.02112	0.00619	0.00516	0.00167	0.04671	0.00453	0.00443	0.00721
7	0.25382	0.23412	0.01656	0.01004	0.01357	0.14913	0.03714	0.08748	0.01252	0.01860	0.04829	0.01116	0.00904	0.00543	0.00456	0.00144	0.03427	0.00368	0.00316	0.04600
8	0.01013	0.00663	0.00879	0.00818	0.00928	0.00727	0.00607	0.05306	0.00980	0.09057	0.01520	0.02403	0.01459	0.28263	0.38398	0.00602	0.04920	0.00618	0.00344	0.00495
9	0.01348	0.01065	0.01270	0.03478	0.01421	0.01189	0.04363	0.11132	0.40089	0.07240	0.07264	0.02132	0.03978	0.06579	0.00767	0.00201	0.04621	0.00622	0.00493	0.00749
10	0.01453	0.73968	0.05120	0.00935	0.01395	0.02005	0.00937	0.03870	0.01133	0.04013	0.00805	0.00902	0.00707	0.00466	0.00357	0.00118	0.00569	0.00301	0.00250	0.00696
11	0.00769	0.00567	0.00789	0.00780	0.00849	0.00636	0.00574	0.00911	0.00885	0.01254	0.07897	0.03653	0.01792	0.23128	0.49938	0.00680	0.03479	0.00660	0.00319	0.00439
12	0.01270	0.01082	0.01275	0.02399	0.01412	0.05925	0.04640	0.04082	0.01205	0.06938	0.03356	0.01253	0.00939	0.00479	0.00496	0.00108	0.04236	0.00381	0.00342	0.58184
13	0.00777	0.00626	0.00767	0.00771	0.00882	0.00644	0.00574	0.01053	0.08414	0.01611	0.18821	0.29569	0.21459	0.01298	0.00735	0.00195	0.07472	0.03338	0.00491	0.00502
14	0.02891	0.01410	0.01434	0.01137	0.01522	0.06621	0.00924	0.53175	0.09554	0.05514	0.01601	0.01572	0.05962	0.00673	0.00525	0.00158	0.00557	0.00514	0.00505	0.03753
15	0.01234	0.12640	0.17662	0.01073	0.01540	0.01105	0.04907	0.03653	0.03816	0.07903	0.02938	0.03763	0.03355	0.00673	0.02882	0.00157	0.03346	0.00460	0.00334	0.26558
16	0.01479	0.04420	0.24482	0.01500	0.09814	0.01203	0.07914	0.15616	0.04096	0.14633	0.01423	0.08560	0.01136	0.00654	0.00536	0.00168	0.00620	0.00563	0.00394	0.00789
17	0.05114	0.03522	0.01367	0.03984	0.01495	0.01094	0.00867	0.19962	0.04046	0.47929	0.01719	0.01582	0.01134	0.00643	0.00554	0.00164	0.02899	0.00500	0.00568	0.00858
18	0.01387	0.01155	0.02041	0.14099	0.04169	0.01157	0.31489	0.10418	0.03777	0.12534	0.04426	0.06182	0.03362	0.00637	0.00582	0.00175	0.00667	0.00641	0.00386	0.00716
19	0.04589	0.06713	0.18461	0.04231	0.02917	0.04822	0.09209	0.04892	0.05840	0.24111	0.03777	0.01509	0.01096	0.00706	0.03346	0.00188	0.01936	0.00489	0.00405	0.00765
20	0.00803	0.00581	0.00704	0.00713	0.00833	0.00564	0.00513	0.01061	0.07958	0.04427	0.15764	0.27713	0.19450	0.08848	0.07341	0.00273	0.00415	0.01063	0.00484	0.00493
21	0.03785	0.00919	0.01230	0.00945	0.01353	0.00810	0.00780	0.04779	0.01532	0.74919	0.02038	0.01767	0.01284	0.00651	0.00528	0.00163	0.00453	0.00526	0.00645	0.00894
22	0.04605	0.04294	0.04062	0.01260	0.01693	0.05172	0.16807	0.04814	0.01431	0.46671	0.01625	0.01561	0.01078	0.00590	0.00551	0.00164	0.01786	0.00516	0.00502	0.00818
23	0.02969	0.01175	0.03687	0.28146	0.07754	0.03545	0.26239	0.04325	0.01186	0.01593	0.01244	0.11752	0.01113	0.00655	0.00596	0.00179	0.02257	0.00646	0.00295	0.00642
24	0.00831	0.00553	0.00706	0.00767	0.00840	0.00532	0.00527	0.05745	0.01117	0.05464	0.02675	0.66242	0.03102	0.07222	0.00802	0.00230	0.00347	0.01333	0.00490	0.00477
25	0.01502	0.01070	0.03866	0.01027	0.01336	0.01100	0.00836	0.05177	0.41430	0.20372	0.07749	0.06006	0.01799	0.00774	0.00590	0.00177	0.03210	0.00638	0.00545	0.00797
26	0.01160	0.03734	0.05271	0.04825	0.03702	0.01287	0.43311	0.01556	0.03791	0.01613	0.05499	0.01570	0.01085	0.00835	0.06771	0.00234	0.12214	0.00587	0.00287	0.00666
27	0.01770	0.01381	0.02118	0.01562	0.02026	0.01408	0.29456	0.38090	0.01885	0.12887	0.01304	0.01400	0.00918	0.00566	0.00565	0.00167	0.00681	0.00540	0.00447	0.00829
28	0.01299	0.01176	0.01979	0.02927	0.67403	0.01172	0.01512	0.01602	0.01216	0.04451	0.01220	0.01808	0.01083	0.00580	0.00545	0.00166	0.00607	0.08151	0.00299	0.00803
29	0.00998	0.00974	0.01783	0.25480	0.02341	0.01031	0.25221	0.01346	0.04044	0.01515	0.03258	0.21491	0.01627	0.00843	0.00646	0.00190	0.03417	0.02866	0.00335	0.00593
30	0.01497	0.18400	0.19824	0.01244	0.01702	0.17580	0.03982	0.05556	0.17740	0.05694	0.01217	0.01267	0.00927	0.00559	0.00478	0.00152	0.00671	0.00423	0.00341	0.00746
31	0.00971	0.00590	0.00774	0.00700	0.00866	0.00536	0.00535	0.01211	0.01491	0.12738	0.65267	0.03681	0.06512	0.01029	0.00611	0.00166	0.00278	0.00901	0.00589	0.00553
32	0.01096	0.00940	0.01096	0.00783	0.01253	0.00705	0.00626	0.01331	0.01096	0.01723	0.00940	0.01096	0.00783	0.00392	0.00392	0.00078	0.00392	0.00313	0.00313	0.84653
33	0.01157	0.01157	0.01619	0.01388	0.01388	0.01619	0.01157	0.01272	0.00810	0.01272	0.00694	0.01157	0.00694	0.00925	0.01735	0.00231	0.80453	0.00463	0.00231	0.00578
34	0.00757	0.00561	0.00821	0.00821	0.00906	0.00645	0.00625	0.00926	0.00841	0.01206	0.01442	0.02221	0.01384	0.12057	0.71320	0.00814	0.01322	0.00588	0.00287	0.00456
35	0.00907	0.00790	0.01141	0.01054	0.01112	0.01024	0.00849	0.01068	0.00834	0.01244	0.01143	0.01728	0.01084	0.02814	0.49938	0.00615	0.31352	0.00527	0.00264	0.00512
36	0.00644	0.00460	0.00613	0.00736	0.00767	0.00429	0.00491	0.00736	0.01012	0.01350	0.02914	0.81076	0.03497	0.01656	0.00675	0.00215	0.00307	0.01503	0.00491	0.00429
37	0.01557	0.01263	0.01308	0.01117	0.01451	0.04095	0.00884	0.21665	0.52439	0.05404	0.01876	0.01750	0.01386	0.00688	0.00533	0.00172	0.00480	0.00555	0.00531	0.00847
38	0.00986	0.00675	0.00805	0.00749	0.00939	0.00658	0.00581	0.01415	0.14010	0.09130	0.35981	0.03712	0.18308	0.01041	0.00599	0.00174	0.00316	0.05863	0.03476	0.00581
39	0.01415	0.58911	0.11682	0.01035	0.01497	0.06979	0.01043	0.03868	0.04935	0.01409	0.00851	0.00962	0.00731	0.00493	0.00414	0.00128	0.02370	0.00325	0.00253	0.00699
40	0.00670	0.00497	0.00606	0.00660	0.00752	0.00450	0.00464	0.00809	0.01162	0.01540	0.18047	0.42754	0.24138	0.01424	0.00641	0.00192	0.00283	0.01258	0.03203	0.00450
41	0.03494	0.14610	0.04297	0.01093	0.03065	0.06412	0.03558	0.12610	0.23767	0.05572	0.02742	0.01661	0.01238	0.00633	0.00481	0.00155	0.00515	0.02526	0.10834	0.00737
42	0.00704	0.00502	0.00665	0.00743	0.00813	0.00472	0.00538	0.00859	0.01163	0.01583	0.21211	0.49205	0.04960	0.01463	0.00663	0.00204	0.00315	0.11270	0.02210	0.00456
43	0.13137	0.56551	0.03939	0.00919	0.01350	0.01831	0.00880	0.06535	0.05112	0.04289	0.00895	0.00974	0.00748	0.00491	0.00370	0.00129	0.00538	0.00323	0.00291	0.00696
44	0.01646	0.04388	0.06460	0.02202	0.40369	0.05299	0.01326	0.12428	0.01453	0.17429	0.01232	0.01355	0.00917	0.00536	0.00515	0.00156	0.00609	0.00465	0.00376	0.00838
45	0.01003	0.00554	0.00744	0.00774	0.00887	0.00504	0.00550	0.01126	0.01141	0.17147	0.06873	0.60635	0.03132	0.01420	0.00643	0.00202	0.00333	0.01274	0.00529	0.00529
46	0.00652	0.00470	0.00617	0.00721	0.00766	0.00436	0.00487	0.00759	0.01061	0.01416	0.09162	0.71203	0.07104	0.01594	0.00668	0.00209	0.00300	0.01440	0.00498	0.00436
47	0.01497	0.19682	0.13058	0.01499	0.15525	0.04551	0.03287	0.11818	0.01390	0.12336	0.03611	0.05531	0.02729	0.00619	0.00494	0.00153	0.00591	0.00506	0.00365	0.00758
48	0.01347	0.00700	0.00910	0.00835	0.01044	0.00652	0.00639	0.03914	0.05275	0.28454	0.13963	0.30957	0.03958	0.01126	0.00607	0.00186	0.00369	0.03856	0.00565	0.00642
49	0.00949	0.00873	0.01450	0.69089	0.03241	0.01071	0.01332	0.01265	0.01051	0.01351	0.01215	0.12506	0.01094	0.00686	0.00549	0.00182	0.00649	0.00614	0.00271	0.00565
50	0.01671	0.16218	0.19746	0.01399	0.11135	0.01331	0.01217	0.13503	0.03754	0.22995	0.01314	0.01329	0.00932	0.00558	0.00488	0.00154	0.00590	0.00439	0.00404	0.00822
51	0.01265	0.01249	0.08612	0.26128	0.05916	0.01229	0.09234	0.13904	0.14439	0.03246	0.01388	0.06788	0.01117	0.00644	0.00544	0.00174	0.00618	0.00573	0.02216	0.00717
52	0.00657	0.00467	0.00619	0.00735	0.00767	0.00439	0.00493	0.00749	0.01006	0.01340	0.02845	0.74684	0.03400	0.05795	0.00781	0.00231	0.00323	0.03759	0.00482	0.00426
53	0.01977	0.02462	0.01503	0.01354	0.01635	0.75020	0.01021	0.06202	0.01553	0.01406	0.00842	0.00971	0.00693	0.00550	0.00480	0.00137	0.00933	0.00348	0.00287	0.00629
54	0.13726	0.01075	0.04561	0.01233	0.10863	0.00966	0.00917	0.06904	0.01433	0.50410	0.01663	0.01545	0.01095	0.00601	0.00501	0.00163	0.00488	0.00480	0.00534	0.00841
55	0.32865	0.01217	0.04106	0.01261	0.09550	0.01278	0.04810	0.13887	0.13687	0.08208	0.01208	0.01274	0.00899	0.00573	0.00495	0.00168	0.02942	0.00433	0.00402	0.00737
56	0.00940	0.00913	0.03958	0.31782	0.07592	0.04558	0.01051	0.01227	0.03428	0.01464	0.05988	0.27088	0.03404	0.00967	0.00586	0.00187	0.00537	0.03409	0.00361	0.00560

[dist]
# distance from previous block
# <min> <max>
1	7

[block]
# block no. 6 follows, 46 sequences, length 29
# corresponding to MSA columns:
# 2273-2301
name=unknown_G
#
# <colnr> <probs for GDERKNQSTAVLIFYWHMCP>
#	G	D	E	R	K	N	Q	S	T	A	V	L	I	F	Y	W	H	M	C	P
0	0.03722	0.06824	0.31706	0.02502	0.01762	0.04263	0.04008	0.07039	0.01317	0.16217	0.04292	0.03362	0.03921	0.00643	0.00515	0.00163	0.00618	0.03061	0.00374	0.03692
1	0.17213	0.01264	0.02164	0.04063	0.09881	0.01292	0.35949	0.05971	0.03882	0.03586	0.01039	0.01295	0.00797	0.00511	0.00602	0.00171	0.05491	0.00506	0.00310	0.04014
2	0.00646	0.00490	0.00596	0.00668	0.00752	0.00440	0.00464	0.00763	0.01109	0.01433	0.09370	0.51579	0.26753	0.01514	0.00655	0.00200	0.00290	0.01341	0.00498	0.00440
3	0.21936	0.01349	0.01374	0.01081	0.01478	0.01503	0.00891	0.54764	0.04149	0.04725	0.01184	0.01202	0.00850	0.00603	0.00481	0.00161	0.00533	0.00435	0.00483	0.00819
4	0.00836	0.00563	0.00726	0.00706	0.00834	0.00524	0.00521	0.01082	0.03840	0.06502	0.50937	0.21275	0.07258	0.01184	0.00627	0.00178	0.00281	0.01049	0.00561	0.00516
5	0.04808	0.01735	0.01318	0.01196	0.01433	0.43509	0.03682	0.01816	0.08825	0.01424	0.01124	0.01384	0.00954	0.01515	0.22589	0.00343	0.01006	0.00438	0.00304	0.00598
6	0.01349	0.67289	0.16654	0.01015	0.01527	0.01934	0.01096	0.01600	0.01082	0.01323	0.00774	0.00897	0.00677	0.00461	0.00369	0.00123	0.00605	0.00302	0.00226	0.00697
7	0.00732	0.00499	0.00597	0.00640	0.00654	0.00489	0.00392	0.00769	0.00861	0.01147	0.02100	0.28193	0.02459	0.53436	0.01985	0.00409	0.00446	0.03450	0.00380	0.00360
8	0.00665	0.00504	0.00595	0.00649	0.00739	0.00456	0.00452	0.00776	0.01089	0.01390	0.07622	0.36751	0.30960	0.10877	0.00893	0.00235	0.00321	0.04123	0.00475	0.00429
9	0.00677	0.00519	0.00620	0.00635	0.00756	0.00462	0.00461	0.00845	0.01269	0.01674	0.32574	0.23449	0.31512	0.01318	0.00637	0.00183	0.00270	0.01150	0.00526	0.00462
10	0.01148	0.01077	0.01816	0.33329	0.42302	0.01169	0.01497	0.01471	0.01147	0.01567	0.01125	0.01741	0.00971	0.00577	0.00543	0.00172	0.00646	0.06722	0.00270	0.00709
11	0.02341	0.00949	0.01257	0.00964	0.01374	0.00850	0.00796	0.08802	0.01595	0.72148	0.02017	0.01755	0.01274	0.00653	0.00531	0.00163	0.00461	0.00527	0.00644	0.00900
12	0.02294	0.00967	0.01261	0.00973	0.01379	0.00884	0.00802	0.09866	0.04658	0.67999	0.02008	0.01754	0.01281	0.00655	0.00532	0.00164	0.00462	0.00529	0.00637	0.00897
13	0.05258	0.01095	0.01329	0.01022	0.01433	0.01075	0.00844	0.26769	0.01810	0.51045	0.01769	0.01591	0.01147	0.00642	0.00523	0.00162	0.00492	0.00504	0.00601	0.00888
14	0.01131	0.00847	0.01017	0.07657	0.04562	0.03883	0.00752	0.15451	0.01376	0.06991	0.02425	0.40517	0.08892	0.01176	0.00606	0.00189	0.00438	0.01030	0.00469	0.00591
15	0.02195	0.01018	0.01280	0.00999	0.01398	0.00974	0.00820	0.14249	0.10219	0.58004	0.01964	0.01735	0.01278	0.00658	0.00532	0.00165	0.00467	0.00530	0.00621	0.00892
16	0.01069	0.00755	0.00971	0.01006	0.01185	0.00782	0.00863	0.08863	0.08135	0.04835	0.02560	0.04972	0.02632	0.01279	0.00685	0.00226	0.00489	0.57616	0.00502	0.00576
17	0.01301	0.01183	0.04438	0.17655	0.37994	0.01176	0.07556	0.04862	0.01269	0.07647	0.06957	0.01566	0.01156	0.00559	0.00567	0.00166	0.02352	0.00523	0.00321	0.00752
18	0.01658	0.01086	0.01600	0.04478	0.32776	0.01082	0.01150	0.04857	0.12174	0.27629	0.04894	0.01685	0.01286	0.00602	0.00533	0.00163	0.00523	0.00531	0.00456	0.00838
19	0.00748	0.00539	0.00691	0.00653	0.00780	0.00496	0.00489	0.00991	0.01468	0.02077	0.71468	0.03953	0.08970	0.01081	0.00616	0.00166	0.00250	0.00951	0.03117	0.00496
20	0.01096	0.00940	0.01096	0.00783	0.01253	0.00705	0.00626	0.01331	0.01096	0.01723	0.00940	0.01096	0.00783	0.00392	0.00392	0.00078	0.00392	0.00313	0.00313	0.84653
21	0.01783	0.21475	0.16224	0.01118	0.01611	0.01438	0.01095	0.23599	0.01612	0.23091	0.01300	0.01281	0.00914	0.00570	0.00478	0.00150	0.00579	0.00427	0.00431	0.00822
22	0.01625	0.00734	0.00988	0.00814	0.01092	0.00649	0.00649	0.01850	0.01505	0.43367	0.36927	0.02788	0.03001	0.00850	0.00574	0.00165	0.00358	0.00727	0.00621	0.00715
23	0.01975	0.02520	0.01498	0.01362	0.01634	0.79299	0.01021	0.02111	0.01498	0.01294	0.00817	0.00953	0.00681	0.00545	0.00477	0.00136	0.00953	0.00340	0.00272	0.00613
24	0.05313	0.01065	0.01298	0.01002	0.01405	0.01038	0.00826	0.24110	0.01765	0.51826	0.01788	0.01613	0.01162	0.00642	0.00519	0.00161	0.00482	0.00505	0.02602	0.00878
25	0.02078	0.01278	0.01444	0.01111	0.01520	0.01350	0.00917	0.52397	0.02156	0.25007	0.01521	0.01447	0.01033	0.00640	0.00524	0.00159	0.00532	0.00493	0.03508	0.00885
26	0.00918	0.00459	0.00689	0.00689	0.00689	0.00459	0.00459	0.00689	0.00689	0.00918	0.00918	0.01607	0.00918	0.01837	0.02066	0.84619	0.00459	0.00459	0.00230	0.00230
27	0.03992	0.00767	0.01069	0.01365	0.17144	0.02436	0.00879	0.01117	0.01126	0.01541	0.02371	0.29544	0.05552	0.01239	0.00679	0.00207	0.03227	0.24774	0.00422	0.00549
28	0.37625	0.27357	0.11649	0.00969	0.04137	0.01450	0.00902	0.01565	0.01010	0.01843	0.00788	0.00923	0.00645	0.00472	0.00366	0.00141	0.00515	0.00308	0.00277	0.07057

[dist]
# distance from previous block
# <min> <max>
0	2

[block]
# block no. 7 follows, 46 sequences, length 17
# corresponding to MSA columns:
# 2304-2320
name=unknown_H
#
# <colnr> <probs for GDERKNQSTAVLIFYWHMCP>
#	G	D	E	R	K	N	Q	S	T	A	V	L	I	F	Y	W	H	M	C	P
0	0.11125	0.08920	0.01535	0.01129	0.01477	0.07274	0.00931	0.36695	0.14856	0.02518	0.01232	0.01273	0.00932	0.00633	0.00584	0.00163	0.07057	0.00447	0.00436	0.00784
1	0.04913	0.00659	0.00765	0.00695	0.00830	0.00653	0.00487	0.04360	0.04566	0.10859	0.20737	0.03172	0.05772	0.37542	0.01532	0.00324	0.00423	0.00759	0.00452	0.00499
2	0.00692	0.00535	0.00631	0.00614	0.00757	0.00474	0.00458	0.00886	0.01352	0.01795	0.44034	0.07889	0.35550	0.01215	0.00626	0.00174	0.00260	0.01048	0.00540	0.00474
3	0.00998	0.00940	0.01586	0.80150	0.03641	0.01175	0.01468	0.01351	0.01057	0.01351	0.00940	0.01409	0.00705	0.00529	0.00529	0.00176	0.00705	0.00470	0.00235	0.00587
4	0.01218	0.01217	0.03914	0.03725	0.02144	0.01149	0.43922	0.07667	0.04429	0.03868	0.15922	0.02112	0.01746	0.00645	0.00610	0.00176	0.00689	0.03783	0.00377	0.00685
5	0.00758	0.00554	0.00788	0.00788	0.00861	0.00627	0.00584	0.00905	0.00831	0.01182	0.01472	0.02388	0.01457	0.21383	0.62093	0.00774	0.01213	0.00612	0.00292	0.00438
6	0.01436	0.19828	0.09093	0.07262	0.02999	0.10563	0.05910	0.09453	0.01235	0.04708	0.00905	0.01136	0.00743	0.00625	0.00802	0.00168	0.21749	0.00416	0.00286	0.00684
7	0.01492	0.22028	0.06898	0.10140	0.04845	0.17957	0.03035	0.11617	0.05664	0.03162	0.01041	0.01223	0.00838	0.00813	0.06881	0.00203	0.00749	0.00411	0.00310	0.00694
8	0.00826	0.00590	0.00709	0.00671	0.00801	0.00577	0.00494	0.01163	0.08710	0.01961	0.50667	0.03536	0.07001	0.10015	0.00820	0.00202	0.00296	0.00857	0.09597	0.00509
9	0.01553	0.49865	0.02278	0.01085	0.01442	0.21745	0.00965	0.04592	0.01209	0.01341	0.00772	0.00924	0.00689	0.00533	0.00529	0.00133	0.09111	0.00324	0.00250	0.00660
10	0.00701	0.00544	0.00641	0.00632	0.00781	0.00484	0.00484	0.00898	0.01342	0.01764	0.38967	0.04628	0.37722	0.01228	0.00633	0.00178	0.00277	0.07087	0.00533	0.00474
11	0.02010	0.02308	0.01483	0.01316	0.01612	0.66949	0.01000	0.07849	0.01575	0.07730	0.00955	0.01046	0.00749	0.00561	0.00485	0.00140	0.00884	0.00366	0.00323	0.00658
