[name]
unknown

[dist]
# distance from previous block
# <min> <max>
0	292

[block]
# block no. 0 follows, 46 sequences, length 31
# corresponding to MSA columns:
# 305-335
name=unknown_A
#
# <colnr> <probs for GDERKNQSTAVLIFYWHMCP>
#	G	D	E	R	K	N	Q	S	T	A	V	L	I	F	Y	W	H	M	C	P
0	0.12892	0.00707	0.00919	0.07938	0.01319	0.00746	0.00864	0.01235	0.01168	0.04364	0.02317	0.04690	0.02424	0.01212	0.00648	0.00223	0.00494	0.54869	0.00448	0.00522
1	0.00651	0.00465	0.00621	0.00744	0.00778	0.00435	0.00503	0.00748	0.01019	0.01357	0.02910	0.78568	0.03481	0.01650	0.00677	0.00216	0.00313	0.03942	0.00491	0.00431
2	0.01256	0.10073	0.38117	0.01594	0.02207	0.01282	0.24723	0.01719	0.01184	0.08422	0.01131	0.03915	0.00863	0.00532	0.00532	0.00167	0.00748	0.00502	0.00284	0.00748
3	0.00755	0.00566	0.00850	0.00850	0.00944	0.00661	0.00661	0.00944	0.00850	0.01227	0.01416	0.02077	0.01322	0.03965	0.79326	0.00850	0.01416	0.00566	0.00283	0.00472
4	0.01413	0.81739	0.02770	0.00905	0.01357	0.02092	0.00905	0.01583	0.01074	0.01244	0.00735	0.00848	0.00678	0.00452	0.00339	0.00113	0.00565	0.00283	0.00226	0.00678
5	0.01816	0.24987	0.01859	0.01232	0.01556	0.57402	0.00988	0.01961	0.01378	0.01280	0.00794	0.00923	0.00680	0.00519	0.00438	0.00130	0.00843	0.00324	0.00259	0.00631
6	0.01946	0.01501	0.01547	0.01211	0.01616	0.05424	0.00991	0.66139	0.09114	0.03132	0.01326	0.01317	0.00952	0.00638	0.00527	0.00159	0.00585	0.00480	0.00517	0.00879
7	0.06437	0.00906	0.01205	0.00929	0.01333	0.00797	0.00767	0.02526	0.01483	0.74752	0.02019	0.01753	0.01272	0.00646	0.00522	0.00164	0.00448	0.00520	0.00638	0.00884
8	0.00918	0.00544	0.00640	0.00615	0.00651	0.00533	0.00368	0.00925	0.00831	0.07873	0.01664	0.03217	0.01816	0.70182	0.02468	0.04808	0.00504	0.00732	0.00345	0.00367
9	0.00809	0.00656	0.00853	0.00857	0.00952	0.04680	0.00653	0.00980	0.00895	0.01235	0.01526	0.09054	0.01501	0.06169	0.65755	0.00746	0.01264	0.00644	0.00302	0.00470
10	0.00759	0.00552	0.00775	0.00775	0.00844	0.00620	0.00568	0.00896	0.00828	0.01172	0.01484	0.02453	0.01485	0.25043	0.58471	0.00758	0.01170	0.00621	0.00293	0.00431
11	0.00769	0.00513	0.00577	0.00577	0.00577	0.00513	0.00320	0.00769	0.00769	0.01025	0.01666	0.03460	0.01922	0.81421	0.02691	0.00513	0.00513	0.00769	0.00320	0.00320
12	0.20860	0.01044	0.01116	0.00926	0.01250	0.01110	0.00745	0.26224	0.04274	0.18979	0.01599	0.11884	0.01308	0.00742	0.00493	0.00167	0.00452	0.00585	0.05506	0.00736
13	0.00679	0.00511	0.00634	0.00699	0.00796	0.00466	0.00512	0.00824	0.01159	0.01507	0.13855	0.39335	0.24895	0.01462	0.00660	0.00201	0.00310	0.10538	0.00503	0.00451
14	0.01805	0.01285	0.01413	0.01143	0.01514	0.01408	0.00938	0.48832	0.16779	0.09679	0.01649	0.01868	0.01264	0.00725	0.00549	0.00171	0.00530	0.07059	0.00538	0.00851
15	0.00944	0.00684	0.00850	0.00875	0.01003	0.00702	0.00678	0.10094	0.06615	0.01713	0.05346	0.30360	0.03955	0.05379	0.00835	0.04569	0.00419	0.23980	0.00479	0.00520
16	0.15615	0.00610	0.00621	0.00639	0.00788	0.00604	0.00467	0.02532	0.01089	0.01671	0.03054	0.28738	0.25643	0.03410	0.00609	0.00189	0.00316	0.00988	0.11940	0.00475
17	0.09998	0.01054	0.01140	0.00947	0.01250	0.01131	0.00750	0.27727	0.14267	0.11652	0.09033	0.03515	0.06420	0.07888	0.00719	0.00197	0.00459	0.00614	0.00509	0.00730
18	0.00797	0.00580	0.00686	0.00716	0.00803	0.00564	0.00495	0.07450	0.01128	0.01473	0.02907	0.40693	0.15835	0.19508	0.01110	0.00272	0.00377	0.03699	0.00456	0.00451
19	0.00898	0.00596	0.00883	0.00858	0.00980	0.00671	0.00671	0.01088	0.00908	0.08062	0.01475	0.02052	0.01320	0.03672	0.72355	0.00789	0.01331	0.00563	0.00316	0.00510
20	0.00937	0.00562	0.00738	0.00744	0.00874	0.00512	0.00550	0.01103	0.01252	0.12846	0.24643	0.36903	0.09282	0.01308	0.00639	0.00192	0.00319	0.05532	0.00541	0.00523
21	0.00707	0.00527	0.00657	0.00650	0.00771	0.00477	0.00478	0.00908	0.01361	0.01859	0.51417	0.16323	0.19469	0.01223	0.00632	0.00176	0.00262	0.01074	0.00549	0.00477
22	0.01096	0.00940	0.01096	0.00783	0.01253	0.00705	0.00626	0.01331	0.01096	0.01723	0.00940	0.01096	0.00783	0.00392	0.00392	0.00078	0.00392	0.00313	0.00313	0.84653
23	0.06302	0.00950	0.01071	0.00940	0.01188	0.01008	0.00752	0.29701	0.04375	0.03533	0.18905	0.13480	0.04429	0.00990	0.00586	0.00180	0.00432	0.09999	0.00519	0.00661
24	0.01158	0.00912	0.01037	0.00959	0.01165	0.01040	0.00728	0.02100	0.50563	0.01796	0.01779	0.01899	0.01418	0.01349	0.09873	0.20029	0.00542	0.00562	0.00437	0.00653
25	0.00748	0.00534	0.00715	0.00724	0.00787	0.00570	0.00513	0.00846	0.00859	0.01177	0.01909	0.09053	0.07941	0.26777	0.39577	0.04882	0.00912	0.00742	0.00325	0.00409
26	0.06866	0.00734	0.00870	0.00828	0.00983	0.00782	0.00620	0.12860	0.05662	0.03413	0.04607	0.25436	0.03767	0.03364	0.14809	0.08841	0.00579	0.00829	0.03612	0.00537
27	0.01252	0.00927	0.01000	0.00853	0.01110	0.00957	0.00664	0.28874	0.06297	0.04595	0.05575	0.07733	0.28700	0.08114	0.00767	0.00202	0.00422	0.00816	0.00501	0.00641
28	0.00763	0.00509	0.00652	0.00707	0.00793	0.00465	0.00492	0.00887	0.01130	0.06081	0.13708	0.53013	0.13672	0.03636	0.00707	0.00208	0.00307	0.01295	0.00509	0.00467
29	0.03882	0.01092	0.01663	0.32464	0.22731	0.03001	0.04957	0.07048	0.04103	0.04357	0.01171	0.04160	0.00976	0.05391	0.00659	0.00190	0.00636	0.00529	0.00309	0.00682
30	0.01216	0.01040	0.01657	0.32613	0.18351	0.01156	0.06408	0.03661	0.11545	0.06687	0.01258	0.01556	0.00971	0.00895	0.08497	0.00239	0.00714	0.00512	0.00324	0.00699

[dist]
# distance from previous block
# <min> <max>
0	1

[block]
# block no. 1 follows, 46 sequences, length 7
# corresponding to MSA columns:
# 337-343
name=unknown_B
#
# <colnr> <probs for GDERKNQSTAVLIFYWHMCP>
#	G	D	E	R	K	N	Q	S	T	A	V	L	I	F	Y	W	H	M	C	P
0	0.00752	0.00580	0.00682	0.00684	0.00811	0.00554	0.00495	0.01047	0.09056	0.01702	0.29060	0.21609	0.23336	0.06287	0.00757	0.00204	0.00301	0.01074	0.00516	0.00493
1	0.00848	0.00638	0.00880	0.03841	0.05814	0.00666	0.00659	0.05357	0.01099	0.01505	0.11356	0.20649	0.06801	0.08340	0.24120	0.04986	0.00701	0.00858	0.00392	0.00491
2	0.03513	0.01215	0.01436	0.19425	0.14084	0.14462	0.01103	0.01593	0.04897	0.06001	0.01122	0.01440	0.00917	0.01190	0.15137	0.00288	0.05941	0.00461	0.00301	0.05475
3	0.17014	0.00907	0.01181	0.01057	0.06169	0.00890	0.05413	0.06026	0.01353	0.27848	0.13212	0.02174	0.08568	0.00903	0.04794	0.00203	0.00495	0.00603	0.00492	0.00700
4	0.00748	0.00540	0.00678	0.00703	0.00778	0.00529	0.00492	0.00933	0.04101	0.01528	0.23481	0.25061	0.06319	0.21198	0.06041	0.00313	0.00423	0.05225	0.00463	0.00445
5	0.00945	0.00710	0.00869	0.00933	0.07990	0.00713	0.00593	0.08353	0.04089	0.01551	0.08509	0.03386	0.15608	0.34077	0.01517	0.03833	0.00457	0.04977	0.00401	0.00488
6	0.14782	0.00860	0.01011	0.00915	0.04913	0.00803	0.00669	0.05844	0.01242	0.14054	0.10446	0.14204	0.01793	0.02931	0.00552	0.00158	0.00400	0.00636	0.00439	0.23350

[dist]
# distance from previous block
# <min> <max>
8	29

[block]
# block no. 2 follows, 46 sequences, length 15
# corresponding to MSA columns:
# 373-387
name=unknown_C
#
# <colnr> <probs for GDERKNQSTAVLIFYWHMCP>
#	G	D	E	R	K	N	Q	S	T	A	V	L	I	F	Y	W	H	M	C	P
0	0.01247	0.00948	0.00991	0.00896	0.01146	0.01069	0.00696	0.06287	0.48713	0.02195	0.01967	0.01934	0.01492	0.00680	0.00483	0.00160	0.00372	0.00557	0.27437	0.00730
1	0.08727	0.16025	0.16937	0.01275	0.04050	0.01536	0.05231	0.27236	0.10087	0.02285	0.01144	0.01217	0.00859	0.00557	0.00478	0.00156	0.00603	0.00430	0.00376	0.00789
2	0.01465	0.06933	0.05686	0.12889	0.17774	0.00991	0.01071	0.01723	0.01262	0.25742	0.07238	0.11874	0.01594	0.00735	0.00539	0.00167	0.00518	0.00640	0.00430	0.00729
3	0.01060	0.02735	0.78682	0.01507	0.02288	0.01228	0.01953	0.01674	0.01116	0.01674	0.00949	0.01116	0.00670	0.00502	0.00502	0.00167	0.00781	0.00391	0.00223	0.00781
4	0.01146	0.01090	0.05269	0.05555	0.43735	0.01012	0.04916	0.01418	0.01157	0.04823	0.01557	0.22856	0.01560	0.00801	0.00569	0.00175	0.00557	0.00756	0.00337	0.00711
5	0.01405	0.04354	0.07761	0.24665	0.23159	0.01203	0.04863	0.04439	0.06486	0.14625	0.01242	0.01438	0.00913	0.00542	0.00523	0.00165	0.00626	0.00483	0.00345	0.00761
6	0.01308	0.01256	0.02146	0.03245	0.78123	0.01256	0.01622	0.01622	0.01204	0.01727	0.00994	0.01308	0.00837	0.00471	0.00523	0.00157	0.00628	0.00471	0.00262	0.00837
7	0.01430	0.00722	0.00931	0.00828	0.01067	0.00666	0.00660	0.05667	0.01413	0.30601	0.15903	0.13366	0.08304	0.01014	0.00590	0.00180	0.00382	0.10313	0.05308	0.00656
8	0.01395	0.05808	0.17113	0.12037	0.28665	0.01239	0.01416	0.04420	0.08723	0.12206	0.01236	0.01389	0.00921	0.00538	0.00513	0.00162	0.00618	0.00466	0.00339	0.00796
9	0.01219	0.04040	0.06308	0.10786	0.14781	0.01210	0.31556	0.04852	0.03109	0.03728	0.01332	0.08149	0.01166	0.00637	0.00582	0.00177	0.00703	0.04646	0.00318	0.00702
10	0.00666	0.00500	0.00622	0.00705	0.00789	0.00456	0.00506	0.00792	0.01107	0.01429	0.06837	0.49395	0.23313	0.01525	0.00665	0.00206	0.00313	0.09235	0.00494	0.00443
11	0.01353	0.01218	0.03408	0.05474	0.40885	0.01170	0.17985	0.04060	0.01278	0.09268	0.02926	0.04008	0.03358	0.00567	0.00556	0.00166	0.00644	0.00571	0.00329	0.00776
12	0.01545	0.01424	0.16485	0.05510	0.21459	0.01103	0.12747	0.04127	0.01309	0.24054	0.01386	0.04186	0.01025	0.00575	0.00543	0.00167	0.00637	0.00532	0.00384	0.00802
13	0.01225	0.13026	0.38210	0.14092	0.05547	0.07645	0.01521	0.06238	0.01216	0.01624	0.01012	0.04483	0.00818	0.00558	0.00492	0.00160	0.00714	0.00440	0.00261	0.00717
14	0.01491	0.01197	0.01883	0.05267	0.37428	0.01235	0.08069	0.09458	0.07255	0.12847	0.03333	0.01504	0.01067	0.00574	0.00604	0.00167	0.04922	0.00516	0.00373	0.00808

[dist]
# distance from previous block
# <min> <max>
2	4

[block]
# block no. 3 follows, 46 sequences, length 30
# corresponding to MSA columns:
# 392-421
name=unknown_D
#
# <colnr> <probs for GDERKNQSTAVLIFYWHMCP>
#	G	D	E	R	K	N	Q	S	T	A	V	L	I	F	Y	W	H	M	C	P
0	0.01456	0.01294	0.01575	0.20553	0.15684	0.09417	0.01185	0.18819	0.10154	0.04312	0.01270	0.05317	0.01030	0.00647	0.00595	0.00169	0.04890	0.00525	0.00371	0.00736
1	0.01328	0.01367	0.01300	0.03202	0.11984	0.25759	0.02998	0.01673	0.10226	0.03795	0.13521	0.16886	0.02045	0.00850	0.00558	0.00167	0.00590	0.00723	0.00402	0.00628
2	0.00708	0.00531	0.00652	0.00691	0.00784	0.00499	0.00486	0.00914	0.04930	0.01594	0.23248	0.39445	0.16436	0.05638	0.00753	0.00210	0.00301	0.01207	0.00508	0.00465
3	0.03633	0.00851	0.00989	0.01117	0.11198	0.05273	0.00696	0.01304	0.12012	0.01421	0.01806	0.08752	0.04930	0.30458	0.01472	0.05639	0.02919	0.04651	0.00362	0.00514
4	0.01810	0.05039	0.01622	0.06344	0.06739	0.18366	0.01060	0.41518	0.08110	0.02481	0.01182	0.01252	0.00884	0.00597	0.00510	0.00155	0.00659	0.00448	0.00425	0.00799
5	0.01096	0.00872	0.01296	0.14305	0.09740	0.00886	0.06870	0.01470	0.10768	0.05071	0.03390	0.10013	0.04266	0.00848	0.00691	0.08769	0.00496	0.02164	0.06734	0.10256
6	0.23604	0.01127	0.01150	0.03545	0.03586	0.05285	0.00788	0.21649	0.01475	0.06889	0.04555	0.06336	0.01252	0.02933	0.00538	0.00167	0.00494	0.03518	0.00419	0.10692
7	0.00759	0.00509	0.00579	0.00589	0.00591	0.00506	0.00333	0.00766	0.00787	0.01050	0.01760	0.09345	0.02041	0.75373	0.02538	0.00490	0.00497	0.00824	0.00333	0.00329
8	0.00733	0.00549	0.00737	0.00824	0.04912	0.00517	0.00553	0.00915	0.01238	0.01707	0.34640	0.32128	0.10538	0.01418	0.04528	0.00218	0.00350	0.01119	0.01891	0.00485
9	0.04168	0.00691	0.00791	0.00774	0.00939	0.00705	0.00574	0.01389	0.18938	0.05043	0.16376	0.24634	0.16336	0.03041	0.02963	0.00212	0.00363	0.00992	0.00509	0.00565
10	0.01811	0.02233	0.01576	0.04904	0.09498	0.62884	0.01111	0.01973	0.01404	0.01339	0.00832	0.01022	0.00699	0.00562	0.00567	0.00146	0.06172	0.00367	0.00267	0.00632
11	0.00900	0.00539	0.00704	0.00731	0.00829	0.00495	0.00512	0.01026	0.01143	0.11665	0.15019	0.48611	0.05917	0.08318	0.00820	0.00225	0.00333	0.01208	0.00513	0.00494
12	0.15906	0.00712	0.00817	0.00750	0.00960	0.00695	0.00572	0.03776	0.01260	0.18417	0.18083	0.21794	0.09634	0.03486	0.00624	0.00189	0.00355	0.00874	0.00512	0.00584
13	0.00768	0.00589	0.00677	0.00679	0.00805	0.00561	0.00486	0.03858	0.06014	0.01624	0.18426	0.24041	0.27659	0.10345	0.00862	0.00222	0.00324	0.01088	0.00494	0.00480
14	0.00897	0.00714	0.00833	0.00864	0.00996	0.00763	0.00621	0.01517	0.29689	0.01674	0.02627	0.51290	0.02788	0.01303	0.00623	0.00201	0.00349	0.01162	0.00509	0.00583
15	0.04380	0.00665	0.00832	0.00748	0.00953	0.00619	0.00575	0.01446	0.04951	0.20904	0.36205	0.12182	0.10282	0.01020	0.00588	0.00172	0.00321	0.00880	0.01673	0.00604
16	0.05157	0.00747	0.00918	0.00789	0.01046	0.00689	0.00616	0.01654	0.06312	0.28110	0.18927	0.05852	0.10800	0.07063	0.00723	0.00193	0.00379	0.03531	0.00538	0.05957
17	0.13080	0.00657	0.00760	0.00768	0.00919	0.00668	0.00581	0.01251	0.06911	0.06936	0.15383	0.29317	0.02829	0.03423	0.00643	0.00200	0.00354	0.09788	0.04998	0.00532
18	0.01099	0.00744	0.00917	0.00856	0.00983	0.00817	0.00627	0.06183	0.24750	0.01500	0.01364	0.01735	0.01165	0.01571	0.07348	0.46470	0.00527	0.00512	0.00349	0.00481
19	0.07405	0.00630	0.00797	0.00764	0.00933	0.00629	0.00589	0.01229	0.01120	0.14475	0.09163	0.16250	0.11605	0.01916	0.23287	0.00373	0.00651	0.03036	0.04604	0.00545
20	0.19378	0.00650	0.00698	0.00688	0.00862	0.00645	0.00514	0.01173	0.01127	0.09416	0.10502	0.28732	0.14281	0.01101	0.00545	0.00180	0.00326	0.00934	0.07726	0.00523
21	0.00883	0.00533	0.00670	0.00693	0.00756	0.00506	0.00457	0.00957	0.00986	0.09248	0.05212	0.36479	0.02670	0.34380	0.01489	0.00331	0.00408	0.02462	0.00441	0.00437
22	0.00730	0.00529	0.00669	0.00669	0.00763	0.00517	0.00479	0.00888	0.01128	0.01551	0.27238	0.12369	0.14556	0.15998	0.16580	0.00369	0.00536	0.00918	0.03067	0.00446
23	0.00907	0.00693	0.01072	0.15700	0.01479	0.00758	0.05601	0.01087	0.04501	0.01315	0.06491	0.03985	0.01574	0.12607	0.14421	0.19697	0.01769	0.05577	0.00315	0.00453
24	0.00750	0.00519	0.00694	0.00798	0.00873	0.00491	0.00596	0.00891	0.01095	0.03580	0.02989	0.53489	0.07283	0.01556	0.00684	0.00219	0.00360	0.22179	0.00494	0.00460
25	0.01064	0.00646	0.00783	0.00741	0.00922	0.00605	0.00560	0.05624	0.02936	0.14674	0.12041	0.24561	0.22093	0.01275	0.03231	0.00204	0.00369	0.02103	0.05007	0.00564
26	0.01059	0.00781	0.00948	0.06193	0.01195	0.03347	0.00716	0.11877	0.01305	0.05511	0.09602	0.16670	0.06202	0.09168	0.12829	0.00321	0.00607	0.10680	0.00441	0.00548
27	0.01361	0.01060	0.01260	0.07111	0.03619	0.05625	0.04047	0.23118	0.07005	0.07199	0.01904	0.27415	0.01864	0.01904	0.00609	0.00186	0.00514	0.03060	0.00466	0.00673
28	0.00741	0.00545	0.00702	0.00732	0.00834	0.00518	0.00542	0.00982	0.04502	0.01769	0.37519	0.30759	0.07740	0.01315	0.00649	0.00192	0.00301	0.08638	0.00534	0.00485
29	0.09154	0.01195	0.03340	0.01755	0.25784	0.01228	0.03593	0.15487	0.16354	0.06207	0.01409	0.01531	0.02877	0.00686	0.00632	0.06569	0.00539	0.00501	0.00394	0.00766

[dist]
# distance from previous block
# <min> <max>
0	3

[block]
# block no. 4 follows, 46 sequences, length 45
# corresponding to MSA columns:
# 425-469
name=unknown_E
#
# <colnr> <probs for GDERKNQSTAVLIFYWHMCP>
#	G	D	E	R	K	N	Q	S	T	A	V	L	I	F	Y	W	H	M	C	P
0	0.18308	0.01381	0.09362	0.01074	0.01503	0.01309	0.00959	0.37646	0.01817	0.16757	0.03948	0.01363	0.01029	0.00612	0.00490	0.00162	0.00533	0.00457	0.00482	0.00809
1	0.04022	0.06725	0.60201	0.01515	0.02216	0.01268	0.11393	0.01645	0.01125	0.01672	0.01053	0.01230	0.02572	0.00512	0.00506	0.00166	0.00758	0.00429	0.00239	0.00751
2	0.00652	0.00526	0.00580	0.00589	0.00736	0.00454	0.00433	0.00803	0.01236	0.01554	0.19296	0.15276	0.53351	0.01332	0.00631	0.00181	0.00269	0.01137	0.00509	0.00454
3	0.01665	0.01402	0.01829	0.02092	0.32620	0.16484	0.09030	0.01928	0.01341	0.20113	0.01326	0.01617	0.01034	0.00580	0.00538	0.00161	0.00669	0.04424	0.00371	0.00777
4	0.06392	0.01400	0.01783	0.01362	0.01785	0.01514	0.15307	0.48341	0.11927	0.02819	0.01317	0.01368	0.00956	0.00601	0.00537	0.00165	0.00610	0.00510	0.00469	0.00837
5	0.00769	0.00513	0.00577	0.00577	0.00577	0.00513	0.00320	0.00769	0.00769	0.01025	0.01666	0.03460	0.01922	0.81421	0.02691	0.00513	0.00513	0.00769	0.00320	0.00320
6	0.01444	0.77455	0.02701	0.00929	0.01372	0.06267	0.00911	0.01612	0.01097	0.01246	0.00739	0.00854	0.00679	0.00457	0.00347	0.00114	0.00586	0.00286	0.00229	0.00675
7	0.01096	0.00940	0.01096	0.00783	0.01253	0.00705	0.00626	0.01331	0.01096	0.01723	0.00940	0.01096	0.00783	0.00392	0.00392	0.00078	0.00392	0.00313	0.00313	0.84653
8	0.00780	0.00525	0.00679	0.00679	0.00711	0.00556	0.00448	0.00819	0.00787	0.01081	0.01505	0.02805	0.01617	0.47288	0.28194	0.09388	0.00808	0.00669	0.00298	0.00361
9	0.01787	0.01360	0.15283	0.01198	0.05208	0.04318	0.01051	0.08889	0.07573	0.36899	0.03796	0.05916	0.01338	0.00688	0.00558	0.00168	0.02096	0.00558	0.00501	0.00815
10	0.00646	0.00536	0.00565	0.00558	0.00727	0.00455	0.00419	0.00800	0.01256	0.01549	0.18005	0.04889	0.65183	0.01294	0.00625	0.00176	0.00265	0.01088	0.00507	0.00455
11	0.00644	0.00460	0.00613	0.00736	0.00767	0.00429	0.00491	0.00736	0.01012	0.01350	0.02914	0.81076	0.03497	0.01656	0.00675	0.00215	0.00307	0.01503	0.00491	0.00429
12	0.52184	0.08487	0.20722	0.00951	0.01405	0.03392	0.00974	0.03572	0.01027	0.02094	0.00806	0.00936	0.00618	0.00496	0.00382	0.00159	0.00536	0.00319	0.00296	0.00644
13	0.00651	0.00521	0.00582	0.00600	0.00739	0.00452	0.00437	0.00798	0.01219	0.01538	0.18035	0.20310	0.49546	0.01356	0.00635	0.00184	0.00272	0.01165	0.00507	0.00452
14	0.01802	0.32178	0.01899	0.00996	0.01419	0.01522	0.00879	0.19397	0.07114	0.23258	0.01345	0.01301	0.00977	0.00569	0.00453	0.00142	0.00521	0.00421	0.00441	0.03368
15	0.01526	0.01107	0.01472	0.07206	0.01666	0.01158	0.08721	0.21038	0.11879	0.14515	0.08804	0.01865	0.04525	0.00687	0.00603	0.00164	0.04541	0.00574	0.00472	0.07478
16	0.60034	0.05391	0.01083	0.00855	0.01199	0.09069	0.02033	0.07790	0.01135	0.06089	0.00861	0.00959	0.00657	0.00513	0.00375	0.00158	0.00496	0.00325	0.00348	0.00628
17	0.02057	0.00976	0.01229	0.00967	0.01339	0.00931	0.00789	0.15084	0.06868	0.51884	0.10352	0.01959	0.01667	0.00703	0.00542	0.00164	0.00448	0.00574	0.00617	0.00851
18	0.01440	0.24438	0.17939	0.01148	0.01618	0.01587	0.01126	0.18112	0.23511	0.02066	0.01307	0.01322	0.00996	0.00579	0.00472	0.00154	0.00571	0.00439	0.00382	0.00794
19	0.01411	0.15038	0.23455	0.01430	0.11788	0.04629	0.01248	0.05333	0.09807	0.12228	0.01375	0.07601	0.01122	0.00634	0.00500	0.00160	0.00599	0.00516	0.00361	0.00765
20	0.01303	0.01181	0.01954	0.25624	0.44653	0.02578	0.05336	0.03739	0.01221	0.05804	0.01046	0.01363	0.00821	0.00503	0.00530	0.00164	0.00659	0.00480	0.00283	0.00759
21	0.03292	0.07557	0.37133	0.01318	0.01882	0.01183	0.09165	0.03464	0.07211	0.13885	0.05785	0.01565	0.03033	0.00591	0.00517	0.00165	0.00640	0.00496	0.00357	0.00763
22	0.00643	0.00536	0.00561	0.00555	0.00725	0.00454	0.00416	0.00795	0.01249	0.01532	0.16220	0.04917	0.66979	0.01300	0.00625	0.00177	0.00265	0.01092	0.00505	0.00454
23	0.01261	0.01207	0.02060	0.15088	0.66654	0.01244	0.01599	0.01581	0.01181	0.01669	0.00986	0.01324	0.00817	0.00480	0.00524	0.00160	0.00640	0.00471	0.00258	0.00799
24	0.01268	0.01165	0.01888	0.30686	0.43599	0.01266	0.01504	0.09097	0.01281	0.01754	0.01003	0.01341	0.00796	0.00508	0.00526	0.00164	0.00651	0.00471	0.00279	0.00754
25	0.02297	0.00949	0.01344	0.01022	0.01438	0.00838	0.04974	0.05097	0.01532	0.71606	0.02001	0.01760	0.01266	0.00642	0.00537	0.00164	0.00479	0.00535	0.00628	0.00889
26	0.00755	0.00566	0.00850	0.00850	0.00944	0.00661	0.00661	0.00944	0.00850	0.01227	0.01416	0.02077	0.01322	0.03965	0.79326	0.00850	0.01416	0.00566	0.00283	0.00472
27	0.01032	0.00980	0.01620	0.67655	0.07560	0.01225	0.01444	0.01358	0.01039	0.01364	0.00917	0.01377	0.00711	0.00567	0.00654	0.00181	0.09009	0.00469	0.00236	0.00600
28	0.05911	0.03027	0.01622	0.07719	0.34936	0.05558	0.01179	0.06989	0.05265	0.08317	0.09226	0.05254	0.01439	0.00638	0.00525	0.00162	0.00555	0.00559	0.00373	0.00744
29	0.00845	0.00658	0.00988	0.01210	0.10910	0.00645	0.02676	0.01048	0.01142	0.01519	0.02566	0.32469	0.02869	0.01379	0.00681	0.00220	0.00450	0.36756	0.00454	0.00517
30	0.02006	0.01589	0.01577	0.01232	0.01639	0.09730	0.01007	0.68625	0.02383	0.03119	0.01222	0.01236	0.00876	0.00625	0.00523	0.00156	0.00620	0.00462	0.00502	0.00869
31	0.00644	0.00460	0.00613	0.00736	0.00767	0.00429	0.00491	0.00736	0.01012	0.01350	0.02914	0.81076	0.03497	0.01656	0.00675	0.00215	0.00307	0.01503	0.00491	0.00429
32	0.01061	0.01089	0.05456	0.02127	0.36088	0.00988	0.13049	0.01341	0.01166	0.01615	0.03689	0.21531	0.06812	0.00838	0.00585	0.00177	0.00563	0.00804	0.00341	0.00678
33	0.00770	0.00552	0.00807	0.00807	0.00883	0.00628	0.00607	0.00904	0.00828	0.01180	0.01402	0.02187	0.01353	0.12143	0.64700	0.07711	0.01240	0.00579	0.00283	0.00436
34	0.01157	0.01157	0.01619	0.01388	0.01388	0.01619	0.01157	0.01272	0.00810	0.01272	0.00694	0.01157	0.00694	0.00925	0.01735	0.00231	0.80453	0.00463	0.00231	0.00578
35	0.01096	0.00940	0.01096	0.00783	0.01253	0.00705	0.00626	0.01331	0.01096	0.01723	0.00940	0.01096	0.00783	0.00392	0.00392	0.00078	0.00392	0.00313	0.00313	0.84653
36	0.01413	0.81739	0.02770	0.00905	0.01357	0.02092	0.00905	0.01583	0.01074	0.01244	0.00735	0.00848	0.00678	0.00452	0.00339	0.00113	0.00565	0.00283	0.00226	0.00678
37	0.01276	0.01223	0.02087	0.11257	0.70363	0.01248	0.01606	0.01594	0.01188	0.01688	0.00989	0.01319	0.00824	0.00477	0.00524	0.00159	0.00636	0.00471	0.00259	0.00811
38	0.01899	0.02406	0.01667	0.01452	0.01752	0.71176	0.08854	0.02067	0.01472	0.01335	0.00843	0.01003	0.00694	0.00534	0.00492	0.00141	0.00947	0.00370	0.00272	0.00623
39	0.00966	0.00860	0.01222	0.00965	0.01307	0.00723	0.11393	0.01192	0.01122	0.01602	0.02010	0.14639	0.12631	0.00802	0.00542	0.00140	0.01683	0.04511	0.00369	0.41322
40	0.65123	0.14118	0.01154	0.00782	0.01124	0.07500	0.00661	0.01603	0.00975	0.02105	0.00742	0.00865	0.00598	0.00489	0.00341	0.00153	0.00477	0.00290	0.00307	0.00593
41	0.01671	0.35685	0.02106	0.01358	0.09487	0.34463	0.01034	0.05853	0.01342	0.01428	0.00825	0.00963	0.00708	0.00503	0.00426	0.00130	0.00736	0.00337	0.00266	0.00679
42	0.01587	0.01091	0.01548	0.10694	0.12370	0.01044	0.06188	0.13384	0.01438	0.21212	0.01295	0.01389	0.00933	0.00526	0.00499	0.00142	0.00540	0.00455	0.00413	0.23252
43	0.05788	0.00803	0.02867	0.00847	0.01095	0.00745	0.02560	0.05397	0.05483	0.19228	0.37365	0.04741	0.04819	0.01050	0.04651	0.00203	0.00421	0.00755	0.00543	0.00639
44	0.02262	0.09338	0.01397	0.00944	0.01358	0.00938	0.00797	0.04492	0.01494	0.68385	0.01923	0.01686	0.01232	0.00633	0.00512	0.00158	0.00465	0.00504	0.00606	0.00877

[dist]
# distance from previous block
# <min> <max>
0	5

[block]
# block no. 5 follows, 46 sequences, length 122
# corresponding to MSA columns:
# 475-560,563-577,583-603
name=unknown_F
#
# <colnr> <probs for GDERKNQSTAVLIFYWHMCP>
#	G	D	E	R	K	N	Q	S	T	A	V	L	I	F	Y	W	H	M	C	P
0	0.01223	0.03508	0.63661	0.01489	0.02207	0.01198	0.07190	0.01774	0.01169	0.10117	0.01080	0.01210	0.00750	0.00514	0.00512	0.00167	0.00750	0.00422	0.00274	0.00788
1	0.03216	0.08130	0.08217	0.01424	0.01897	0.01211	0.25345	0.06505	0.07911	0.28465	0.01483	0.01509	0.01028	0.00559	0.00540	0.00165	0.00634	0.00527	0.00434	0.00799
2	0.01146	0.01007	0.01552	0.02135	0.40038	0.01032	0.01239	0.01595	0.11560	0.01741	0.01799	0.03068	0.01734	0.00859	0.00600	0.00191	0.00549	0.27063	0.00380	0.00712
3	0.00758	0.00508	0.00580	0.00590	0.00593	0.00505	0.00335	0.00766	0.00790	0.01053	0.01773	0.10135	0.02057	0.74561	0.02517	0.00487	0.00495	0.00832	0.00335	0.00330
4	0.00848	0.00779	0.07516	0.00967	0.01146	0.00641	0.00886	0.01119	0.01239	0.01649	0.11952	0.06530	0.04879	0.01332	0.00694	0.00225	0.00475	0.56135	0.00476	0.00512
5	0.00875	0.00705	0.01071	0.01439	0.20307	0.00692	0.00885	0.01069	0.01123	0.01515	0.02396	0.38085	0.02690	0.01299	0.00654	0.00209	0.00442	0.23562	0.00432	0.00549
6	0.00719	0.00539	0.00667	0.00635	0.00772	0.00487	0.00476	0.00942	0.01428	0.01958	0.60896	0.04215	0.22037	0.01141	0.00624	0.00169	0.00254	0.00993	0.00561	0.00487
7	0.02121	0.01013	0.01471	0.06489	0.03494	0.00948	0.07353	0.09618	0.01547	0.57472	0.01815	0.01677	0.01173	0.00622	0.00539	0.00165	0.00522	0.00528	0.00571	0.00861
8	0.01366	0.01365	0.02090	0.03083	0.71545	0.07968	0.01571	0.01664	0.01229	0.01690	0.00979	0.01278	0.00824	0.00477	0.00519	0.00155	0.00656	0.00460	0.00263	0.00818
9	0.02372	0.00900	0.01227	0.00941	0.01350	0.00777	0.00777	0.02576	0.01513	0.78489	0.02086	0.01799	0.01309	0.00654	0.00532	0.00164	0.00450	0.00532	0.00654	0.00900
10	0.00835	0.00693	0.00902	0.00890	0.00993	0.05336	0.00691	0.01019	0.00887	0.01232	0.01367	0.01994	0.01272	0.03707	0.73243	0.00796	0.02829	0.00551	0.00282	0.00482
11	0.01165	0.02465	0.62738	0.01571	0.02291	0.01277	0.11023	0.08100	0.01250	0.01819	0.00991	0.01167	0.00706	0.00507	0.00520	0.00168	0.00778	0.00427	0.00255	0.00783
12	0.02158	0.00942	0.01209	0.00941	0.01330	0.00861	0.00773	0.11131	0.03074	0.61508	0.02272	0.02023	0.07854	0.00712	0.00539	0.00165	0.00449	0.00577	0.00623	0.00859
13	0.00644	0.00460	0.00613	0.00736	0.00767	0.00429	0.00491	0.00736	0.01012	0.01350	0.02914	0.81076	0.03497	0.01656	0.00675	0.00215	0.00307	0.01503	0.00491	0.00429
14	0.01300	0.01120	0.01182	0.01065	0.01359	0.01293	0.00828	0.02760	0.75124	0.02209	0.04196	0.02026	0.01705	0.00727	0.00540	0.00179	0.00414	0.00607	0.00539	0.00828
15	0.01430	0.79361	0.02732	0.00918	0.01365	0.04410	0.00908	0.01599	0.01087	0.01245	0.00737	0.00851	0.00679	0.00455	0.00343	0.00114	0.00577	0.00284	0.00228	0.00676
16	0.01164	0.06121	0.47086	0.01296	0.01949	0.01119	0.05183	0.01628	0.01136	0.05618	0.01000	0.01148	0.00739	0.00476	0.00473	0.00142	0.00658	0.00384	0.00271	0.22408
17	0.00977	0.01159	0.17950	0.00942	0.01257	0.00839	0.00896	0.01569	0.17573	0.03960	0.41615	0.02870	0.04487	0.00870	0.00576	0.00169	0.00408	0.00747	0.00494	0.00642
18	0.02341	0.00950	0.01258	0.00964	0.01375	0.00852	0.00797	0.08954	0.01597	0.71993	0.02015	0.01754	0.01273	0.00653	0.00531	0.00163	0.00461	0.00527	0.00643	0.00900
19	0.01209	0.01135	0.01917	0.10184	0.60633	0.01165	0.01487	0.01512	0.01160	0.01641	0.01115	0.01615	0.00976	0.00826	0.07312	0.00223	0.00696	0.04157	0.00272	0.00765
20	0.01556	0.07677	0.27747	0.08805	0.12207	0.01202	0.01381	0.08159	0.01344	0.22931	0.01278	0.01350	0.00891	0.00550	0.00506	0.00161	0.00629	0.00447	0.00374	0.00806
21	0.01891	0.02384	0.01506	0.08138	0.01807	0.72580	0.01060	0.02046	0.01460	0.01299	0.00828	0.00993	0.00683	0.00543	0.00481	0.00140	0.00932	0.00352	0.00269	0.00611
22	0.00830	0.00515	0.00764	0.00764	0.00811	0.00562	0.00553	0.00820	0.00773	0.01078	0.01203	0.01930	0.01168	0.06713	0.40656	0.38779	0.00939	0.00528	0.00261	0.00355
23	0.01015	0.02180	0.56298	0.05339	0.02151	0.01111	0.06725	0.01529	0.01129	0.01626	0.01371	0.05811	0.03746	0.00671	0.00545	0.00178	0.00717	0.06872	0.00273	0.00712
24	0.01268	0.01290	0.08054	0.02582	0.54143	0.01180	0.01459	0.07954	0.01295	0.01824	0.01286	0.06926	0.01182	0.00645	0.00549	0.00169	0.00604	0.06492	0.00315	0.00783
25	0.00819	0.00605	0.00776	0.00760	0.00828	0.00673	0.00536	0.01034	0.07377	0.01223	0.01573	0.02660	0.01599	0.37986	0.36748	0.00628	0.02759	0.00657	0.00320	0.00439
26	0.85155	0.01022	0.00777	0.00695	0.01022	0.01186	0.00573	0.01554	0.00900	0.02372	0.00736	0.00859	0.00573	0.00491	0.00327	0.00164	0.00409	0.00286	0.00327	0.00573
27	0.01978	0.02430	0.01506	0.01349	0.01635	0.72620	0.01020	0.08497	0.01583	0.01469	0.00856	0.00981	0.00700	0.00553	0.00481	0.00138	0.00921	0.00352	0.00294	0.00637
28	0.01096	0.00940	0.01096	0.00783	0.01253	0.00705	0.00626	0.01331	0.01096	0.01723	0.00940	0.01096	0.00783	0.00392	0.00392	0.00078	0.00392	0.00313	0.00313	0.84653
29	0.01413	0.81739	0.02770	0.00905	0.01357	0.02092	0.00905	0.01583	0.01074	0.01244	0.00735	0.00848	0.00678	0.00452	0.00339	0.00113	0.00565	0.00283	0.00226	0.00678
30	0.85155	0.01022	0.00777	0.00695	0.01022	0.01186	0.00573	0.01554	0.00900	0.02372	0.00736	0.00859	0.00573	0.00491	0.00327	0.00164	0.00409	0.00286	0.00327	0.00573
31	0.01265	0.01170	0.01911	0.28754	0.46671	0.01262	0.01518	0.07960	0.01265	0.01739	0.01000	0.01339	0.00798	0.00504	0.00526	0.00164	0.00650	0.00471	0.00276	0.00759
32	0.01253	0.01411	0.03036	0.02316	0.09244	0.01330	0.69789	0.01687	0.01244	0.01696	0.01063	0.01416	0.00805	0.00448	0.00615	0.00176	0.00869	0.00611	0.00267	0.00724
33	0.01944	0.01181	0.01371	0.01074	0.01471	0.01206	0.00890	0.40836	0.01960	0.26156	0.01624	0.01821	0.01200	0.00691	0.00535	0.00161	0.00517	0.06851	0.00546	0.07966
34	0.00700	0.00500	0.00678	0.00800	0.00855	0.00478	0.00588	0.00833	0.01067	0.01412	0.02883	0.60832	0.03374	0.01603	0.00690	0.00222	0.00355	0.21195	0.00490	0.00445
35	0.01240	0.02134	0.46541	0.01697	0.02363	0.01224	0.26645	0.01761	0.01195	0.08529	0.01090	0.01281	0.00771	0.00497	0.00545	0.00171	0.00788	0.00481	0.00276	0.00769
36	0.00705	0.00513	0.00663	0.00679	0.00777	0.00472	0.00489	0.00893	0.01314	0.01813	0.47568	0.29789	0.09774	0.01292	0.00641	0.00183	0.00270	0.01150	0.00545	0.00472
37	0.02010	0.01481	0.01587	0.01216	0.01639	0.01639	0.01005	0.76360	0.02486	0.03332	0.01269	0.01269	0.00899	0.00635	0.00529	0.00159	0.00582	0.00476	0.00529	0.00899
38	0.00635	0.00536	0.00550	0.00547	0.00721	0.00451	0.00410	0.00779	0.01230	0.01488	0.11590	0.04990	0.71637	0.01317	0.00625	0.00177	0.00266	0.01102	0.00499	0.00451
39	0.78135	0.01012	0.00815	0.00716	0.01050	0.01151	0.00590	0.01641	0.00952	0.08827	0.00851	0.00939	0.00635	0.00505	0.00344	0.00164	0.00412	0.00307	0.00355	0.00600
40	0.00644	0.00460	0.00613	0.00736	0.00767	0.00429	0.00491	0.00736	0.01012	0.01350	0.02914	0.81076	0.03497	0.01656	0.00675	0.00215	0.00307	0.01503	0.00491	0.00429
41	0.01096	0.00940	0.01096	0.00783	0.01253	0.00705	0.00626	0.01331	0.01096	0.01723	0.00940	0.01096	0.00783	0.00392	0.00392	0.00078	0.00392	0.00313	0.00313	0.84653
42	0.01487	0.01262	0.03359	0.01111	0.01447	0.03677	0.00896	0.14126	0.57563	0.06098	0.01939	0.01801	0.01435	0.00690	0.00533	0.00174	0.00471	0.00562	0.00526	0.00841
43	0.00914	0.00543	0.00638	0.00613	0.00649	0.00533	0.00366	0.00920	0.00829	0.07682	0.01665	0.03226	0.01820	0.70555	0.02474	0.04625	0.00505	0.00733	0.00345	0.00366
44	0.00644	0.00460	0.00613	0.00736	0.00767	0.00429	0.00491	0.00736	0.01012	0.01350	0.02914	0.81076	0.03497	0.01656	0.00675	0.00215	0.00307	0.01503	0.00491	0.00429
45	0.00644	0.00460	0.00613	0.00736	0.00767	0.00429	0.00491	0.00736	0.01012	0.01350	0.02914	0.81076	0.03497	0.01656	0.00675	0.00215	0.00307	0.01503	0.00491	0.00429
46	0.01453	0.53922	0.15031	0.01094	0.01585	0.08306	0.03346	0.04518	0.01190	0.04077	0.00854	0.00967	0.00711	0.00482	0.00400	0.00129	0.00640	0.00331	0.00257	0.00707
47	0.04449	0.01308	0.07763	0.01824	0.29181	0.04221	0.01163	0.03524	0.14584	0.07412	0.01251	0.01369	0.00969	0.00521	0.00488	0.00145	0.00545	0.00446	0.00355	0.18481
48	0.01634	0.23266	0.14927	0.01439	0.10493	0.10665	0.06185	0.04978	0.01313	0.18547	0.01153	0.01225	0.00852	0.00526	0.00473	0.00147	0.00652	0.00415	0.00345	0.00766
49	0.01574	0.01835	0.01286	0.01187	0.01380	0.51068	0.00894	0.01680	0.01246	0.01238	0.00942	0.01260	0.00836	0.01390	0.16516	0.09515	0.04938	0.00405	0.00268	0.00541
50	0.01121	0.01116	0.01757	0.25970	0.05029	0.01444	0.07725	0.01346	0.00939	0.01350	0.00814	0.01264	0.00712	0.00744	0.01220	0.00207	0.45925	0.00479	0.00237	0.00602
51	0.01609	0.01833	0.01378	0.01243	0.01494	0.46367	0.03909	0.07237	0.06552	0.01532	0.01272	0.06622	0.01160	0.01086	0.09767	0.00237	0.00873	0.04876	0.00337	0.00617
52	0.01093	0.00673	0.00825	0.00787	0.00962	0.00648	0.00585	0.03992	0.10155	0.15072	0.11771	0.31128	0.14393	0.01225	0.00670	0.03543	0.00348	0.01025	0.00527	0.00579
53	0.00687	0.00538	0.00622	0.00601	0.00752	0.00473	0.00451	0.00880	0.01353	0.01779	0.42132	0.04510	0.40913	0.01208	0.00624	0.00172	0.00258	0.01035	0.00537	0.00473
54	0.00644	0.00460	0.00613	0.00736	0.00767	0.00429	0.00491	0.00736	0.01012	0.01350	0.02914	0.81076	0.03497	0.01656	0.00675	0.00215	0.00307	0.01503	0.00491	0.00429
55	0.00859	0.00632	0.00739	0.00738	0.00857	0.00637	0.00536	0.04109	0.10533	0.01659	0.15369	0.19298	0.11248	0.18103	0.01052	0.00257	0.00374	0.07722	0.04781	0.00497
56	0.00906	0.00655	0.00774	0.00749	0.00910	0.00637	0.00560	0.05935	0.08887	0.05366	0.24273	0.24514	0.20137	0.01215	0.00621	0.00184	0.00320	0.02281	0.00531	0.00546
57	0.00755	0.00566	0.00850	0.00850	0.00944	0.00661	0.00661	0.00944	0.00850	0.01227	0.01416	0.02077	0.01322	0.03965	0.79326	0.00850	0.01416	0.00566	0.00283	0.00472
58	0.00644	0.00460	0.00613	0.00736	0.00767	0.00429	0.00491	0.00736	0.01012	0.01350	0.02914	0.81076	0.03497	0.01656	0.00675	0.00215	0.00307	0.01503	0.00491	0.00429
59	0.04998	0.00540	0.00592	0.00613	0.00737	0.00493	0.00435	0.00823	0.01127	0.01493	0.12534	0.23510	0.38603	0.10094	0.00848	0.00222	0.00309	0.01113	0.00474	0.00441
60	0.04064	0.00635	0.00738	0.00688	0.00872	0.00591	0.00531	0.03975	0.01320	0.10506	0.23629	0.03944	0.28646	0.07400	0.00762	0.00202	0.00338	0.07219	0.03410	0.00529
61	0.00734	0.00524	0.00716	0.00839	0.00909	0.00507	0.00647	0.00891	0.01101	0.01450	0.02864	0.48633	0.03300	0.01572	0.00699	0.00227	0.00384	0.33060	0.00489	0.00454
62	0.00748	0.00540	0.00707	0.00665	0.00790	0.00499	0.00499	0.00998	0.01496	0.02120	0.77844	0.03949	0.04988	0.01081	0.00624	0.00166	0.00249	0.00956	0.00582	0.00499
63	0.13480	0.00613	0.00695	0.00653	0.00815	0.00596	0.00498	0.01051	0.01369	0.02070	0.56952	0.03628	0.13623	0.01025	0.00579	0.00167	0.00276	0.00875	0.00532	0.00503
64	0.01510	0.00704	0.00926	0.00792	0.01050	0.00618	0.00621	0.01701	0.01402	0.39163	0.21491	0.13262	0.12547	0.00983	0.00586	0.00173	0.00357	0.00842	0.00593	0.00678
65	0.00636	0.00530	0.00554	0.00560	0.00724	0.00449	0.00416	0.00776	0.01214	0.01476	0.10778	0.10506	0.66884	0.01342	0.00628	0.00180	0.00269	0.01131	0.00498	0.00449
66	0.01096	0.00940	0.01096	0.00783	0.01253	0.00705	0.00626	0.01331	0.01096	0.01723	0.00940	0.01096	0.00783	0.00392	0.00392	0.00078	0.00392	0.00313	0.00313	0.84653
67	0.01469	0.01029	0.01157	0.00963	0.01222	0.01102	0.00748	0.38010	0.04654	0.06334	0.10375	0.09324	0.01833	0.13963	0.03068	0.02376	0.00514	0.00682	0.00490	0.00686
68	0.05984	0.00637	0.00730	0.00664	0.00860	0.00610	0.00513	0.01420	0.04296	0.15560	0.21181	0.05519	0.11345	0.00857	0.00507	0.00155	0.00304	0.00717	0.27565	0.00577
69	0.00745	0.00540	0.00702	0.00661	0.00788	0.00497	0.00496	0.00991	0.01488	0.02100	0.75729	0.03982	0.07116	0.01088	0.00624	0.00167	0.00250	0.00961	0.00579	0.00497
70	0.08863	0.00744	0.00990	0.00840	0.01087	0.00712	0.00659	0.01745	0.01144	0.39820	0.01563	0.01712	0.01146	0.01462	0.13185	0.22141	0.00599	0.00497	0.00458	0.00631
71	0.01036	0.00725	0.00970	0.12992	0.03096	0.00769	0.00774	0.03377	0.10395	0.07767	0.02194	0.23279	0.04963	0.04158	0.03708	0.03141	0.00478	0.09498	0.06113	0.00565
72	0.00862	0.00496	0.00745	0.00745	0.00777	0.00529	0.00529	0.00777	0.00745	0.01026	0.01091	0.01770	0.01058	0.02575	0.28885	0.55541	0.00791	0.00496	0.00248	0.00314
73	0.00755	0.00566	0.00850	0.00850	0.00944	0.00661	0.00661	0.00944	0.00850	0.01227	0.01416	0.02077	0.01322	0.03965	0.79326	0.00850	0.01416	0.00566	0.00283	0.00472
74	0.02002	0.01447	0.01616	0.01241	0.01660	0.04469	0.04836	0.60359	0.03230	0.11723	0.01346	0.01335	0.00942	0.00625	0.00532	0.00160	0.00595	0.00486	0.00520	0.00878
75	0.01375	0.15380	0.10090	0.05371	0.08620	0.16743	0.01212	0.04200	0.01130	0.01431	0.00831	0.01115	0.00724	0.00735	0.02979	0.00190	0.26561	0.00405	0.00252	0.00656
76	0.02010	0.01481	0.01587	0.01216	0.01639	0.01639	0.01005	0.76360	0.02486	0.03332	0.01269	0.01269	0.00899	0.00635	0.00529	0.00159	0.00582	0.00476	0.00529	0.00899
77	0.01552	0.01336	0.01972	0.06359	0.40425	0.01402	0.06425	0.29738	0.01682	0.02309	0.01100	0.01307	0.00851	0.00534	0.00532	0.00160	0.00632	0.00483	0.00361	0.00839
78	0.01283	0.01275	0.02320	0.02965	0.59856	0.01256	0.17623	0.01623	0.01214	0.01716	0.01059	0.01459	0.00889	0.00492	0.00551	0.00164	0.00681	0.02503	0.00269	0.00801
79	0.00759	0.00552	0.00778	0.00778	0.00848	0.00622	0.00572	0.00898	0.00829	0.01174	0.01481	0.02438	0.01478	0.24180	0.59325	0.00762	0.01180	0.00619	0.00293	0.00432
80	0.85155	0.01022	0.00777	0.00695	0.01022	0.01186	0.00573	0.01554	0.00900	0.02372	0.00736	0.00859	0.00573	0.00491	0.00327	0.00164	0.00409	0.00286	0.00327	0.00573
81	0.01209	0.35914	0.46802	0.01254	0.01897	0.01591	0.01513	0.01636	0.01099	0.01493	0.00859	0.01004	0.00673	0.00481	0.00434	0.00145	0.00691	0.00345	0.00224	0.00738
82	0.01632	0.01517	0.01737	0.02039	0.32295	0.15925	0.01244	0.26632	0.01688	0.02171	0.01193	0.01591	0.01000	0.00616	0.00533	0.00160	0.00662	0.06205	0.00370	0.00789
83	0.07369	0.17237	0.01411	0.01041	0.01271	0.22192	0.00869	0.01475	0.01208	0.01462	0.01632	0.09498	0.01704	0.00939	0.00590	0.00180	0.03785	0.25218	0.00356	0.00564
84	0.00684	0.00538	0.00618	0.00598	0.00751	0.00472	0.00448	0.00874	0.01345	0.01761	0.40250	0.04540	0.42806	0.01215	0.00624	0.00173	0.00259	0.01039	0.00535	0.00472
85	0.00826	0.00590	0.00822	0.00944	0.01054	0.00586	0.00806	0.01050	0.01191	0.01553	0.02813	0.15408	0.03100	0.01485	0.00723	0.00240	0.00464	0.65378	0.00487	0.00480
86	0.00887	0.00774	0.00957	0.00930	0.01033	0.07489	0.00725	0.01067	0.00903	0.01236	0.01316	0.01918	0.01224	0.03465	0.67298	0.00746	0.06720	0.00540	0.00279	0.00491
87	0.01354	0.56160	0.08680	0.06670	0.13031	0.03555	0.01137	0.01592	0.01105	0.01359	0.00806	0.00979	0.00703	0.00466	0.00396	0.00129	0.00610	0.00333	0.00233	0.00703
88	0.01560	0.01257	0.01333	0.01125	0.01468	0.01429	0.00896	0.28745	0.50834	0.02606	0.01841	0.01724	0.01362	0.00688	0.00535	0.00172	0.00476	0.00555	0.00535	0.00859
89	0.00780	0.00550	0.00826	0.00826	0.00906	0.00631	0.00631	0.00906	0.00826	0.01181	0.01342	0.02007	0.01262	0.03648	0.67814	0.13331	0.01273	0.00550	0.00275	0.00436
90	0.35813	0.01376	0.01189	0.00991	0.01346	0.13276	0.00800	0.23595	0.04205	0.11115	0.01107	0.01139	0.00804	0.00567	0.00439	0.00158	0.00548	0.00389	0.00422	0.00720
91	0.00865	0.05976	0.00777	0.00663	0.00696	0.00588	0.00437	0.00786	0.00779	0.01026	0.01403	0.10115	0.01559	0.33729	0.02064	0.36784	0.00473	0.00674	0.00292	0.00316
92	0.00743	0.00535	0.00718	0.00732	0.00790	0.00576	0.00516	0.00854	0.00853	0.01179	0.01814	0.11525	0.04589	0.30105	0.41390	0.00638	0.00940	0.00761	0.00327	0.00414
93	0.01570	0.01733	0.01362	0.01218	0.01425	0.42337	0.02818	0.01714	0.01284	0.06533	0.01471	0.07908	0.07623	0.00909	0.03864	0.00194	0.14567	0.00551	0.00328	0.00594
94	0.01177	0.01006	0.01257	0.01104	0.01179	0.05487	0.00874	0.04240	0.00960	0.06521	0.01124	0.01790	0.01084	0.16989	0.14374	0.00374	0.39074	0.00537	0.00300	0.00547
95	0.01725	0.00904	0.01103	0.00946	0.01241	0.02945	0.00756	0.07419	0.10928	0.39173	0.06076	0.14402	0.01972	0.00902	0.00574	0.00179	0.00440	0.06980	0.00577	0.00756
96	0.00691	0.00500	0.00664	0.00777	0.00840	0.00472	0.00569	0.00822	0.01074	0.01409	0.03061	0.58098	0.08696	0.01588	0.00684	0.00219	0.00346	0.18555	0.00490	0.00444
97	0.07055	0.13445	0.01711	0.01172	0.01568	0.14155	0.03539	0.38279	0.04745	0.07616	0.01166	0.01198	0.00862	0.00582	0.00484	0.00150	0.00624	0.00427	0.00430	0.00791
98	0.04426	0.08199	0.47957	0.01527	0.02168	0.08039	0.13968	0.04672	0.01214	0.01705	0.00946	0.01130	0.00699	0.00498	0.00503	0.00162	0.00776	0.00416	0.00251	0.00745
99	0.04444	0.01349	0.01668	0.01505	0.08124	0.10872	0.06531	0.08840	0.04230	0.09680	0.01022	0.01264	0.00829	0.00726	0.01059	0.00191	0.36179	0.00468	0.00330	0.00689
100	0.01707	0.01146	0.01281	0.01046	0.01394	0.01229	0.00842	0.30389	0.24658	0.17410	0.08442	0.01966	0.04606	0.00730	0.00544	0.00167	0.00466	0.00590	0.00559	0.00828
101	0.01115	0.03929	0.06186	0.03954	0.03633	0.04302	0.00979	0.01533	0.14274	0.01569	0.04826	0.12014	0.03210	0.00868	0.00936	0.00186	0.27184	0.00631	0.00350	0.08321
102	0.01080	0.00700	0.00891	0.03515	0.01100	0.00624	0.00624	0.01320	0.04028	0.13911	0.16281	0.22235	0.08274	0.01017	0.00572	0.00165	0.00361	0.04525	0.00489	0.18289
103	0.01197	0.01234	0.08437	0.33241	0.36711	0.01184	0.01524	0.01545	0.01146	0.04399	0.01007	0.01342	0.00786	0.00500	0.00519	0.00163	0.00657	0.00460	0.00264	0.03684
104	0.07132	0.00945	0.01237	0.01113	0.01345	0.04787	0.09925	0.08619	0.07171	0.03307	0.04920	0.05237	0.01982	0.01250	0.06020	0.04912	0.00604	0.28483	0.00425	0.00585
105	0.00708	0.00512	0.00682	0.00790	0.00861	0.00486	0.00592	0.00854	0.01105	0.01453	0.05894	0.50645	0.08603	0.01554	0.00686	0.00219	0.00355	0.23058	0.00493	0.00450
106	0.01141	0.00938	0.01101	0.00789	0.01256	0.00707	0.00632	0.01375	0.01111	0.04422	0.00980	0.01121	0.00802	0.00401	0.00396	0.00081	0.00394	0.00321	0.00325	0.81708
107	0.01125	0.02650	0.73469	0.01487	0.02244	0.01256	0.01889	0.06724	0.01209	0.01786	0.00970	0.01126	0.00685	0.00511	0.00504	0.00167	0.00768	0.00396	0.00244	0.00789
