[name]
unknown

[dist]
# distance from previous block
# <min> <max>
0	355

[block]
# block no. 0 follows, 37 sequences, length 41
# corresponding to MSA columns:
# 382-422
name=unknown_A
#
# <colnr> <probs for GDERKNQSTAVLIFYWHMCP>
#	G	D	E	R	K	N	Q	S	T	A	V	L	I	F	Y	W	H	M	C	P
0	0.01350	0.01222	0.06992	0.07603	0.15743	0.01101	0.09401	0.05788	0.03079	0.08012	0.02138	0.20321	0.02110	0.01077	0.00696	0.00219	0.00644	0.11277	0.00462	0.00765
1	0.01286	0.01112	0.01588	0.20572	0.19770	0.03432	0.01242	0.04421	0.01406	0.04545	0.05012	0.12628	0.08194	0.00904	0.00635	0.00191	0.00612	0.02455	0.00413	0.09582
2	0.01559	0.01296	0.01991	0.22655	0.26983	0.02720	0.05302	0.08900	0.03230	0.08662	0.01418	0.03811	0.01156	0.05192	0.00763	0.00214	0.00722	0.00611	0.00387	0.02429
3	0.01458	0.01228	0.01886	0.03542	0.14139	0.01239	0.14096	0.08426	0.13944	0.06144	0.03735	0.11267	0.01902	0.00917	0.00672	0.00206	0.00639	0.08497	0.00483	0.05580
4	0.01635	0.05731	0.01891	0.07990	0.22140	0.04582	0.01306	0.14789	0.24418	0.02444	0.05559	0.01878	0.01496	0.00715	0.00605	0.00189	0.00636	0.00605	0.00474	0.00917
5	0.01378	0.06568	0.01765	0.06018	0.15520	0.03725	0.01123	0.01647	0.01258	0.01843	0.01039	0.01322	0.00887	0.00577	0.00708	0.00144	0.11303	0.00431	0.00324	0.42422
6	0.05925	0.04628	0.27046	0.01579	0.08790	0.01195	0.04007	0.01943	0.01392	0.16821	0.01995	0.05512	0.06151	0.00851	0.00651	0.00203	0.02220	0.07817	0.00437	0.00837
7	0.01673	0.15981	0.18259	0.01652	0.02241	0.04016	0.20987	0.07186	0.01490	0.11687	0.01287	0.01477	0.00958	0.00669	0.00686	0.04615	0.00798	0.00533	0.00371	0.03435
8	0.01446	0.01212	0.04369	0.08907	0.17735	0.01121	0.01195	0.01915	0.09476	0.09808	0.03114	0.06261	0.01499	0.00755	0.00635	0.00176	0.02855	0.04538	0.00435	0.22549
9	0.01556	0.01434	0.13690	0.03984	0.06858	0.01137	0.04062	0.07254	0.11895	0.15793	0.04105	0.11192	0.07820	0.00906	0.00636	0.00196	0.00589	0.00779	0.00515	0.05600
10	0.06019	0.01370	0.14142	0.05654	0.05842	0.01040	0.13438	0.01634	0.01397	0.09605	0.08953	0.11582	0.14787	0.00976	0.00662	0.00204	0.00622	0.00878	0.00458	0.00736
11	0.01132	0.00962	0.05429	0.03967	0.06710	0.02228	0.00957	0.05151	0.01358	0.05579	0.02647	0.27636	0.05306	0.05446	0.07619	0.00319	0.00640	0.15781	0.00495	0.00637
12	0.06365	0.07915	0.20158	0.01880	0.13272	0.01428	0.12151	0.02127	0.09585	0.11041	0.01532	0.05704	0.01216	0.00693	0.00627	0.00194	0.02225	0.00609	0.00401	0.00877
13	0.00959	0.00668	0.00854	0.00861	0.00966	0.00695	0.00614	0.01220	0.06373	0.03923	0.08437	0.19889	0.05249	0.19408	0.23567	0.00528	0.00793	0.01008	0.03443	0.00545
14	0.01308	0.06808	0.01956	0.62042	0.08654	0.01417	0.01618	0.01688	0.01268	0.05875	0.01152	0.01603	0.00865	0.00610	0.00596	0.00196	0.00781	0.00532	0.00302	0.00729
15	0.01508	0.01272	0.01976	0.23059	0.26457	0.01395	0.03857	0.08578	0.04055	0.07065	0.02871	0.01942	0.02547	0.02407	0.00782	0.00209	0.06325	0.02475	0.00385	0.00835
16	0.01372	0.08216	0.06477	0.18451	0.18783	0.01461	0.11514	0.04728	0.08819	0.01955	0.04063	0.07294	0.01394	0.00728	0.00647	0.00196	0.02050	0.00668	0.00369	0.00815
17	0.00795	0.00622	0.00725	0.00736	0.00901	0.00552	0.00559	0.01001	0.01484	0.01917	0.27392	0.11961	0.39701	0.01501	0.00739	0.00213	0.00331	0.07729	0.00602	0.00539
18	0.07641	0.02231	0.32847	0.01864	0.02494	0.05478	0.24441	0.01882	0.01346	0.01980	0.05369	0.01569	0.01111	0.00637	0.00722	0.00201	0.06489	0.00571	0.00312	0.00814
19	0.01629	0.01250	0.09141	0.02739	0.03535	0.02128	0.09741	0.02088	0.09086	0.23209	0.02319	0.17755	0.03292	0.00978	0.00652	0.00205	0.00584	0.02348	0.06507	0.00813
20	0.06477	0.00714	0.00748	0.00684	0.00896	0.00716	0.00531	0.04585	0.01392	0.11358	0.01955	0.02144	0.01484	0.00711	0.00456	0.00153	0.00342	0.00560	0.63440	0.00654
21	0.01787	0.00810	0.01042	0.05081	0.01319	0.00764	0.00751	0.02059	0.01505	0.32608	0.05121	0.02665	0.01846	0.00835	0.00565	0.00180	0.00438	0.06829	0.33021	0.00773
22	0.07388	0.01296	0.02132	0.31814	0.09618	0.02968	0.16634	0.03741	0.01421	0.15032	0.01354	0.01646	0.00974	0.00612	0.00618	0.00197	0.00780	0.00577	0.00387	0.00811
23	0.06502	0.13873	0.06227	0.05416	0.01968	0.04378	0.08131	0.16307	0.11639	0.09032	0.01589	0.01674	0.03509	0.00718	0.00678	0.00189	0.06297	0.00557	0.00452	0.00864
24	0.08490	0.10455	0.01923	0.01504	0.03994	0.38453	0.04968	0.10322	0.03664	0.08952	0.01192	0.01291	0.00918	0.00635	0.00547	0.00168	0.00870	0.00451	0.00398	0.00804
25	0.01815	0.54569	0.02733	0.01190	0.01661	0.17358	0.01080	0.07202	0.04401	0.01675	0.00982	0.01095	0.00849	0.00573	0.00451	0.00143	0.00741	0.00372	0.00313	0.00796
26	0.01625	0.00793	0.01035	0.00921	0.01186	0.00695	0.00696	0.01801	0.01445	0.32370	0.05771	0.28404	0.08752	0.05757	0.00822	0.00229	0.00438	0.01076	0.00628	0.05558
27	0.01720	0.03931	0.01529	0.09973	0.06674	0.01109	0.01025	0.07243	0.03117	0.22238	0.07206	0.04135	0.01656	0.02203	0.00696	0.00183	0.03727	0.02927	0.00510	0.18200
28	0.05865	0.01632	0.13706	0.10366	0.09411	0.03712	0.06581	0.09653	0.13393	0.11849	0.01681	0.04277	0.01307	0.00738	0.00616	0.00199	0.00697	0.02977	0.00459	0.00879
29	0.02617	0.01013	0.01379	0.01067	0.01518	0.00878	0.00878	0.02857	0.01751	0.70094	0.07366	0.02255	0.01808	0.00792	0.00623	0.00190	0.00505	0.00649	0.00752	0.01010
30	0.00894	0.00595	0.00773	0.00857	0.00952	0.00550	0.00611	0.01037	0.01276	0.05928	0.07501	0.52703	0.11572	0.04023	0.00837	0.00251	0.00383	0.08139	0.00579	0.00538
31	0.01831	0.03932	0.22978	0.01596	0.07356	0.01219	0.07998	0.02360	0.07458	0.28288	0.01811	0.04349	0.01304	0.00706	0.00607	0.00192	0.00680	0.00608	0.03802	0.00926
32	0.01195	0.00766	0.01005	0.01035	0.05350	0.00722	0.00718	0.03843	0.03853	0.12489	0.29174	0.24089	0.10684	0.01320	0.00710	0.00208	0.00387	0.01163	0.00621	0.00667
33	0.00879	0.00635	0.00878	0.00875	0.00953	0.00702	0.00634	0.01034	0.00996	0.01405	0.05661	0.03012	0.01973	0.27037	0.49651	0.00821	0.01246	0.00752	0.00360	0.00494
34	0.08983	0.04660	0.25381	0.14711	0.04352	0.01392	0.03789	0.01946	0.01300	0.13772	0.01326	0.01664	0.01004	0.00707	0.00751	0.00204	0.09874	0.02995	0.00368	0.00820
35	0.03891	0.10204	0.19714	0.04946	0.06934	0.01538	0.19068	0.08093	0.04418	0.08937	0.01330	0.01540	0.00991	0.00757	0.03468	0.00220	0.02154	0.00555	0.00373	0.00870
36	0.01382	0.00771	0.01035	0.01025	0.01240	0.00729	0.00837	0.01673	0.04087	0.20022	0.10892	0.17085	0.05068	0.01415	0.00753	0.00239	0.00479	0.29955	0.00627	0.00686
37	0.01247	0.01173	0.01943	0.07937	0.34923	0.01195	0.08137	0.01603	0.03995	0.01871	0.04490	0.14910	0.08877	0.00932	0.00721	0.00204	0.03804	0.00859	0.00394	0.00786
38	0.01827	0.09296	0.13099	0.13793	0.02312	0.02846	0.07199	0.08743	0.06517	0.22556	0.04606	0.01784	0.01309	0.00684	0.00600	0.00188	0.00697	0.00574	0.00481	0.00887
39	0.01470	0.18059	0.20544	0.11723	0.14785	0.05199	0.12933	0.01900	0.01349	0.03532	0.01137	0.01472	0.00905	0.00582	0.00577	0.00182	0.00826	0.01692	0.00296	0.00837
40	0.29089	0.10107	0.04663	0.01397	0.09283	0.10115	0.01054	0.10679	0.01465	0.06356	0.01251	0.06854	0.01076	0.00717	0.00564	0.00185	0.03440	0.00520	0.00405	0.00781

[dist]
# distance from previous block
# <min> <max>
0	70

[block]
# block no. 1 follows, 37 sequences, length 19
# corresponding to MSA columns:
# 493-511
name=unknown_B
#
# <colnr> <probs for GDERKNQSTAVLIFYWHMCP>
#	G	D	E	R	K	N	Q	S	T	A	V	L	I	F	Y	W	H	M	C	P
0	0.00843	0.00650	0.00807	0.00856	0.03389	0.00601	0.00591	0.01087	0.03482	0.01978	0.32959	0.20321	0.23883	0.04748	0.00831	0.00226	0.00342	0.01252	0.00595	0.00559
1	0.02762	0.11235	0.01989	0.10662	0.15145	0.04306	0.04209	0.06120	0.01376	0.05600	0.03402	0.01632	0.01131	0.03687	0.03655	0.00223	0.10540	0.00528	0.00356	0.11439
2	0.03116	0.00682	0.00821	0.00828	0.01012	0.00611	0.00632	0.01087	0.01378	0.01875	0.16699	0.23704	0.21809	0.01460	0.00717	0.00213	0.00380	0.12477	0.00558	0.09942
3	0.11362	0.09336	0.19471	0.01499	0.02055	0.08535	0.11623	0.04340	0.07541	0.11837	0.01349	0.01457	0.00991	0.00627	0.00598	0.00184	0.02685	0.00504	0.00398	0.03609
4	0.01935	0.01175	0.01406	0.01066	0.01551	0.01059	0.00865	0.14714	0.05082	0.26289	0.04722	0.01757	0.01378	0.00654	0.00554	0.00149	0.00509	0.00525	0.00561	0.34049
5	0.01132	0.01250	0.08808	0.01687	0.06894	0.01167	0.18090	0.01470	0.01147	0.01643	0.01379	0.01957	0.01208	0.02626	0.38694	0.00600	0.08616	0.00633	0.00310	0.00688
6	0.08886	0.00906	0.00975	0.00907	0.01155	0.00922	0.00696	0.12003	0.08736	0.05341	0.06836	0.20319	0.25908	0.01302	0.00675	0.00211	0.00420	0.02553	0.00575	0.00675
7	0.00927	0.00695	0.01032	0.00964	0.01084	0.00736	0.05436	0.01120	0.01089	0.01558	0.08734	0.05768	0.02161	0.21481	0.38728	0.00682	0.01086	0.00795	0.05398	0.00526
8	0.01554	0.01639	0.02065	0.12881	0.02393	0.18622	0.19680	0.06871	0.08397	0.01879	0.01363	0.01717	0.01095	0.01397	0.15343	0.00345	0.01058	0.00592	0.00360	0.00751
9	0.01427	0.01143	0.01136	0.01062	0.01300	0.12265	0.00846	0.06030	0.06680	0.09068	0.24795	0.03957	0.06207	0.01141	0.00689	0.00206	0.00536	0.16831	0.03990	0.00691
10	0.00959	0.00621	0.00783	0.00807	0.00945	0.00558	0.00580	0.01129	0.01400	0.08823	0.19649	0.39099	0.19180	0.01580	0.00740	0.00222	0.00347	0.01396	0.00610	0.00571
11	0.00765	0.00579	0.00681	0.00753	0.00850	0.00524	0.00519	0.00881	0.01226	0.01557	0.04218	0.39547	0.29594	0.11701	0.01065	0.00279	0.00377	0.03851	0.00543	0.00490
12	0.02326	0.02447	0.01692	0.01476	0.01837	0.53491	0.01134	0.11515	0.04548	0.11932	0.01272	0.01329	0.00960	0.00669	0.00571	0.00167	0.00946	0.00456	0.00425	0.00807
13	0.00757	0.00563	0.00706	0.00794	0.00879	0.00512	0.00548	0.00898	0.01292	0.01700	0.13401	0.53523	0.18683	0.01754	0.00762	0.00233	0.00337	0.01564	0.00582	0.00512
14	0.01064	0.00572	0.00588	0.00602	0.00741	0.00558	0.00445	0.01320	0.01284	0.02154	0.02529	0.09776	0.08781	0.00907	0.00490	0.00159	0.00294	0.00750	0.66428	0.00558
15	0.18558	0.10895	0.04169	0.01130	0.01579	0.01505	0.00975	0.20766	0.08595	0.19213	0.05573	0.01693	0.01369	0.00712	0.00544	0.00183	0.00565	0.00534	0.00547	0.00896
16	0.23541	0.11701	0.02172	0.03513	0.16796	0.01585	0.14444	0.05685	0.08180	0.05048	0.01237	0.01423	0.00961	0.00589	0.00540	0.00185	0.00674	0.00508	0.00382	0.00836
17	0.04754	0.00961	0.01224	0.08273	0.01567	0.00965	0.00856	0.08603	0.06155	0.26753	0.12733	0.12582	0.02420	0.08295	0.00880	0.00238	0.00510	0.00844	0.00601	0.00785
18	0.03258	0.10761	0.27605	0.01346	0.01904	0.02977	0.01392	0.11571	0.11647	0.07246	0.01637	0.08888	0.01368	0.02716	0.00646	0.00199	0.00682	0.00624	0.00431	0.03101

[dist]
# distance from previous block
# <min> <max>
15	131

[block]
# block no. 2 follows, 37 sequences, length 20
# corresponding to MSA columns:
# 722-730,741-751
name=unknown_C
#
# <colnr> <probs for GDERKNQSTAVLIFYWHMCP>
#	G	D	E	R	K	N	Q	S	T	A	V	L	I	F	Y	W	H	M	C	P
0	0.16021	0.01633	0.05079	0.02189	0.25954	0.10547	0.06705	0.06005	0.01452	0.09778	0.01196	0.01415	0.00928	0.00641	0.00698	0.00191	0.07830	0.00506	0.00378	0.00854
1	0.01226	0.00967	0.01182	0.01146	0.03880	0.04276	0.02469	0.03598	0.06272	0.06770	0.07699	0.13122	0.10052	0.15452	0.03794	0.00316	0.10064	0.06600	0.00485	0.00631
2	0.06612	0.05188	0.07010	0.04672	0.04257	0.01305	0.05732	0.17968	0.01688	0.06327	0.05177	0.01556	0.01201	0.00611	0.00544	0.00154	0.00605	0.00500	0.00437	0.28456
3	0.01056	0.00679	0.00854	0.00849	0.01004	0.00631	0.00619	0.04642	0.01496	0.09403	0.22776	0.36862	0.13745	0.01512	0.00732	0.00219	0.00363	0.01335	0.00618	0.00603
4	0.13174	0.25869	0.04325	0.01140	0.01537	0.11670	0.00984	0.03962	0.20002	0.01980	0.01457	0.01540	0.02877	0.00766	0.00629	0.05805	0.00637	0.00479	0.00395	0.00773
5	0.01228	0.03166	0.75316	0.01745	0.02649	0.01422	0.02262	0.01939	0.01292	0.01939	0.01099	0.01292	0.00775	0.00582	0.00582	0.00194	0.00905	0.00452	0.00258	0.00905
6	0.07368	0.01270	0.01424	0.01129	0.01573	0.03293	0.02937	0.14601	0.15038	0.15952	0.02034	0.01983	0.06804	0.00727	0.00569	0.00168	0.00536	0.00583	0.00542	0.21471
7	0.07778	0.01000	0.01120	0.00975	0.01292	0.01019	0.00777	0.08774	0.16396	0.17777	0.11300	0.03228	0.15704	0.01004	0.00631	0.00198	0.00445	0.04145	0.05642	0.00794
8	0.00901	0.00663	0.00944	0.00937	0.01040	0.00749	0.00708	0.01130	0.03194	0.01489	0.06671	0.02702	0.01890	0.12031	0.58346	0.03636	0.01363	0.00709	0.00363	0.00533
9	0.01960	0.01493	0.01609	0.01298	0.01713	0.01659	0.01050	0.46744	0.21378	0.03367	0.09495	0.02014	0.01763	0.00815	0.00627	0.00191	0.00583	0.00647	0.00622	0.00973
10	0.02369	0.00952	0.01279	0.01038	0.01438	0.00842	0.00860	0.02617	0.01662	0.58759	0.02467	0.02670	0.01756	0.00862	0.00623	0.00195	0.00501	0.08806	0.09369	0.00936
11	0.00808	0.00585	0.00760	0.00877	0.00952	0.00553	0.00638	0.00952	0.01230	0.01608	0.03547	0.49138	0.11324	0.07087	0.00950	0.00275	0.00414	0.17241	0.00554	0.00506
12	0.00865	0.00640	0.00759	0.00754	0.00931	0.00569	0.00579	0.01081	0.01516	0.04197	0.29882	0.09072	0.36649	0.01453	0.00736	0.00211	0.00338	0.08599	0.00611	0.00558
13	0.01346	0.01282	0.02179	0.38285	0.41464	0.01410	0.01794	0.01730	0.01314	0.01794	0.01122	0.01570	0.00897	0.00577	0.00609	0.00192	0.00769	0.00545	0.00288	0.00833
14	0.00978	0.00619	0.00792	0.00825	0.00955	0.00559	0.00589	0.01142	0.01378	0.09575	0.17447	0.44314	0.15290	0.01607	0.00743	0.00225	0.00353	0.01427	0.00609	0.00574
15	0.01303	0.00708	0.00812	0.00773	0.00943	0.00715	0.00584	0.05825	0.01394	0.09845	0.02266	0.18593	0.02042	0.00992	0.00589	0.00177	0.02980	0.00826	0.47995	0.00636
16	0.02298	0.01380	0.01564	0.01220	0.01663	0.01448	0.01001	0.41830	0.05067	0.24857	0.01845	0.01768	0.01269	0.00743	0.00594	0.00182	0.00580	0.00578	0.09124	0.00989
17	0.01359	0.01359	0.03628	0.19045	0.38233	0.05532	0.03741	0.01734	0.03071	0.01862	0.04944	0.09833	0.01502	0.00752	0.00632	0.00195	0.00715	0.00698	0.00350	0.00816
18	0.10659	0.05104	0.01725	0.01293	0.01694	0.07077	0.08980	0.12254	0.01703	0.25982	0.07620	0.01869	0.01509	0.00745	0.00675	0.00188	0.05491	0.00591	0.03985	0.00857
19	0.27585	0.06855	0.01911	0.05600	0.13384	0.05858	0.09700	0.03498	0.01241	0.02088	0.01054	0.03806	0.00911	0.00692	0.00765	0.00200	0.13255	0.00512	0.00335	0.00748

[dist]
# distance from previous block
# <min> <max>
0	1

[block]
# block no. 3 follows, 37 sequences, length 13
# corresponding to MSA columns:
# 753-765
name=unknown_D
#
# <colnr> <probs for GDERKNQSTAVLIFYWHMCP>
#	G	D	E	R	K	N	Q	S	T	A	V	L	I	F	Y	W	H	M	C	P
0	0.01675	0.39012	0.06523	0.07390	0.02052	0.08953	0.10056	0.01954	0.01360	0.08278	0.01236	0.01480	0.02352	0.00627	0.00565	0.00167	0.03224	0.01976	0.00331	0.00791
1	0.01052	0.00897	0.03705	0.00892	0.01101	0.00825	0.00666	0.01464	0.13411	0.01699	0.04851	0.08365	0.05301	0.30456	0.09137	0.00413	0.00628	0.00817	0.00438	0.13881
2	0.09724	0.20046	0.18015	0.01426	0.05823	0.01523	0.05227	0.05338	0.03064	0.10750	0.01508	0.01887	0.02655	0.00698	0.00550	0.00180	0.00673	0.06055	0.00397	0.04459
3	0.01673	0.05460	0.13691	0.21104	0.10979	0.04088	0.01462	0.04260	0.05562	0.18419	0.01610	0.04490	0.01236	0.00720	0.00607	0.00194	0.00710	0.02447	0.00433	0.00856
4	0.10589	0.00900	0.01084	0.00888	0.01242	0.00840	0.00719	0.02343	0.01523	0.43400	0.02113	0.02035	0.01444	0.00723	0.00529	0.00174	0.00438	0.00571	0.27600	0.00846
5	0.01252	0.05906	0.32389	0.05255	0.03725	0.02968	0.01506	0.01639	0.01274	0.04798	0.07391	0.09231	0.01666	0.00982	0.00895	0.06734	0.07997	0.03293	0.00359	0.00738
6	0.08671	0.07922	0.10211	0.03925	0.12353	0.05094	0.03759	0.02266	0.10196	0.19610	0.04744	0.02031	0.01468	0.00731	0.00590	0.00191	0.00646	0.04241	0.00478	0.00873
7	0.00956	0.00638	0.00834	0.00873	0.00984	0.00615	0.00633	0.01111	0.01291	0.07517	0.11206	0.43301	0.12633	0.03523	0.05310	0.00286	0.03169	0.03994	0.00566	0.00561
8	0.00763	0.00563	0.00702	0.00788	0.00866	0.00515	0.00538	0.00892	0.01260	0.01656	0.11522	0.51816	0.17881	0.06128	0.00896	0.00254	0.00353	0.01536	0.00568	0.00503
9	0.01819	0.15723	0.10591	0.09147	0.01979	0.01414	0.02996	0.05826	0.11388	0.24071	0.03923	0.01985	0.05033	0.00734	0.00582	0.00184	0.00621	0.00593	0.00507	0.00886
10	0.01400	0.10813	0.43696	0.06273	0.13689	0.01571	0.05084	0.06918	0.01418	0.02010	0.01112	0.01341	0.00834	0.00579	0.00575	0.00186	0.00834	0.00477	0.00294	0.00895
11	0.01602	0.00785	0.01073	0.01022	0.01264	0.00718	0.00821	0.01818	0.01490	0.30365	0.05689	0.24664	0.02972	0.01373	0.00733	0.00233	0.00479	0.21522	0.00645	0.00732
12	0.01223	0.02739	0.60251	0.07753	0.05371	0.01380	0.02072	0.01911	0.04274	0.01920	0.01261	0.04875	0.00981	0.00654	0.00596	0.00197	0.00848	0.00532	0.00290	0.00873

[dist]
# distance from previous block
# <min> <max>
0	1

[block]
# block no. 4 follows, 37 sequences, length 22
# corresponding to MSA columns:
# 771-792
name=unknown_E
#
# <colnr> <probs for GDERKNQSTAVLIFYWHMCP>
#	G	D	E	R	K	N	Q	S	T	A	V	L	I	F	Y	W	H	M	C	P
0	0.01820	0.13582	0.12497	0.04554	0.01871	0.01387	0.04486	0.07326	0.11674	0.23371	0.09550	0.02009	0.01710	0.00740	0.00593	0.00185	0.00615	0.00608	0.00528	0.00896
1	0.08104	0.03242	0.05424	0.06461	0.08129	0.06076	0.17229	0.02100	0.01460	0.20282	0.06219	0.01786	0.01341	0.00680	0.00697	0.00192	0.05506	0.00596	0.00445	0.04033
2	0.11513	0.03283	0.02398	0.04469	0.17193	0.08950	0.23390	0.09447	0.06268	0.02214	0.01220	0.01484	0.00953	0.00609	0.00665	0.00193	0.03977	0.00565	0.00366	0.00844
3	0.00906	0.00598	0.00738	0.00733	0.00861	0.00561	0.00538	0.01161	0.01529	0.02248	0.44228	0.15971	0.06455	0.01243	0.00664	0.00190	0.00299	0.01091	0.19424	0.00561
4	0.04778	0.01398	0.08423	0.14523	0.28387	0.04242	0.01463	0.03314	0.01403	0.08858	0.03734	0.12037	0.01574	0.00820	0.00627	0.00198	0.00675	0.02328	0.00400	0.00817
5	0.04048	0.01113	0.01386	0.01297	0.11072	0.00950	0.00882	0.03602	0.04339	0.02109	0.06114	0.04656	0.01400	0.00605	0.00513	0.00127	0.00483	0.00510	0.00402	0.54393
6	0.01412	0.01349	0.02299	0.24736	0.54493	0.01427	0.01827	0.01789	0.01345	0.01875	0.01133	0.01549	0.00926	0.00564	0.00608	0.00188	0.00753	0.00545	0.00294	0.00887
7	0.00948	0.00851	0.00842	0.00938	0.01018	0.10474	0.00645	0.01064	0.01256	0.01558	0.03174	0.64823	0.06637	0.01732	0.00749	0.00235	0.00452	0.01543	0.00535	0.00526
8	0.01156	0.01088	0.01836	0.77016	0.04216	0.01360	0.01700	0.01564	0.01224	0.01564	0.01088	0.01632	0.00816	0.00612	0.00612	0.00204	0.00816	0.00544	0.00272	0.00680
9	0.01399	0.01077	0.01228	0.01164	0.01433	0.01184	0.00922	0.07841	0.37727	0.05494	0.02712	0.15155	0.02494	0.01180	0.00695	0.00228	0.00498	0.16148	0.00606	0.00815
10	0.00880	0.00613	0.00780	0.00784	0.00824	0.00650	0.00515	0.00960	0.00932	0.01281	0.01876	0.05935	0.02044	0.50093	0.28527	0.00718	0.00951	0.00837	0.00363	0.00437
11	0.09336	0.01371	0.01513	0.01201	0.01615	0.01459	0.00971	0.41926	0.02230	0.18733	0.01774	0.06758	0.01386	0.05967	0.00770	0.00217	0.00597	0.00646	0.00604	0.00928
12	0.01652	0.11532	0.01687	0.01070	0.01594	0.01331	0.00894	0.21366	0.01726	0.04415	0.01199	0.01309	0.00944	0.00549	0.00494	0.00124	0.00543	0.00417	0.00429	0.46725
13	0.00773	0.00565	0.00729	0.00830	0.00906	0.00522	0.00581	0.00919	0.01286	0.01706	0.13072	0.55915	0.12499	0.01774	0.00770	0.00238	0.00353	0.05468	0.00582	0.00514
14	0.00743	0.00543	0.00700	0.00825	0.00881	0.00499	0.00556	0.00855	0.01198	0.01573	0.03705	0.69622	0.12300	0.01875	0.00775	0.00244	0.00350	0.01688	0.00568	0.00499
15	0.01418	0.01191	0.05955	0.06915	0.07187	0.01113	0.09492	0.09193	0.01602	0.10215	0.16556	0.05790	0.08638	0.00924	0.00738	0.00198	0.05412	0.00798	0.05907	0.00760
16	0.11041	0.01281	0.11064	0.01118	0.01546	0.01010	0.01003	0.07350	0.01571	0.36517	0.02199	0.17896	0.01823	0.00957	0.00619	0.00202	0.00543	0.00795	0.00598	0.00866
17	0.01002	0.00802	0.01203	0.04394	0.10894	0.00904	0.00916	0.01215	0.01058	0.01524	0.01655	0.07006	0.01615	0.11349	0.43161	0.00683	0.05770	0.00718	0.03538	0.00594
18	0.01941	0.01061	0.01208	0.00992	0.01336	0.01084	0.00798	0.19832	0.08313	0.23984	0.02032	0.02021	0.01448	0.00742	0.00546	0.00172	0.00469	0.00590	0.30567	0.00862
19	0.06303	0.14053	0.25220	0.04498	0.02164	0.01616	0.06316	0.15198	0.06403	0.07151	0.01303	0.01415	0.00960	0.00620	0.00557	0.00179	0.00730	0.00489	0.00398	0.04427
20	0.01634	0.03746	0.12091	0.04334	0.01832	0.01202	0.06667	0.07939	0.14196	0.18461	0.08095	0.05502	0.07979	0.00955	0.02394	0.00216	0.00620	0.00741	0.00541	0.00855
21	0.49385	0.04460	0.03231	0.01263	0.08960	0.03410	0.03982	0.01795	0.01178	0.04837	0.01152	0.06487	0.00997	0.00656	0.00469	0.00184	0.00552	0.00485	0.00383	0.06133

[dist]
# distance from previous block
# <min> <max>
3	28

[block]
# block no. 5 follows, 37 sequences, length 11
# corresponding to MSA columns:
# 821-831
name=unknown_F
#
# <colnr> <probs for GDERKNQSTAVLIFYWHMCP>
#	G	D	E	R	K	N	Q	S	T	A	V	L	I	F	Y	W	H	M	C	P
0	0.04232	0.14080	0.06396	0.02195	0.25682	0.09254	0.10784	0.01816	0.01375	0.01851	0.05644	0.01632	0.01238	0.00944	0.07184	0.00243	0.00839	0.00543	0.00326	0.03740
1	0.06166	0.00901	0.01105	0.00904	0.01249	0.00839	0.00729	0.05034	0.01609	0.41280	0.06282	0.02210	0.01715	0.00761	0.00550	0.00174	0.00436	0.00612	0.26598	0.00846
2	0.00886	0.00618	0.00785	0.00849	0.00920	0.00607	0.00585	0.01075	0.06843	0.01601	0.07641	0.41671	0.06908	0.09749	0.01249	0.12582	0.00418	0.04002	0.00513	0.00495
3	0.03779	0.01107	0.03307	0.09547	0.08851	0.07478	0.00980	0.03973	0.01258	0.13285	0.01517	0.04136	0.03407	0.01298	0.01310	0.32546	0.00632	0.00589	0.00386	0.00613
4	0.00871	0.00634	0.00787	0.00793	0.00932	0.00596	0.00590	0.01161	0.04259	0.02131	0.40321	0.19080	0.14098	0.01400	0.00720	0.00208	0.00328	0.05205	0.05317	0.00567
5	0.01208	0.00909	0.01494	0.09762	0.01704	0.01023	0.09711	0.01318	0.01043	0.05497	0.01276	0.01918	0.01139	0.03833	0.18643	0.25881	0.12177	0.00598	0.00316	0.00550
6	0.01601	0.07697	0.27203	0.06193	0.15419	0.01350	0.04147	0.04699	0.01445	0.14748	0.01464	0.03916	0.01109	0.00656	0.00582	0.00185	0.00722	0.00554	0.05424	0.00888
7	0.01350	0.01515	0.10729	0.29720	0.31522	0.01426	0.03758	0.01910	0.08439	0.01889	0.01257	0.01611	0.00979	0.00601	0.00610	0.00194	0.00765	0.00553	0.00318	0.00853
8	0.00880	0.00608	0.00766	0.00844	0.00956	0.00567	0.00629	0.01051	0.01304	0.03744	0.07326	0.36657	0.17278	0.04605	0.00846	0.00250	0.00396	0.15663	0.05098	0.00533
9	0.01319	0.01185	0.05809	0.15550	0.12731	0.01178	0.03405	0.08044	0.01474	0.06209	0.10933	0.12356	0.04048	0.01110	0.03634	0.00239	0.07299	0.02290	0.00442	0.00744
10	0.06603	0.08744	0.10423	0.08725	0.11639	0.01471	0.05376	0.14147	0.01575	0.07765	0.01679	0.07299	0.05366	0.00795	0.00688	0.00195	0.05619	0.00647	0.00417	0.00829

[dist]
# distance from previous block
# <min> <max>
0	39

[block]
# block no. 6 follows, 37 sequences, length 20
# corresponding to MSA columns:
# 871-890
name=unknown_G
#
# <colnr> <probs for GDERKNQSTAVLIFYWHMCP>
#	G	D	E	R	K	N	Q	S	T	A	V	L	I	F	Y	W	H	M	C	P
0	0.01279	0.03318	0.01807	0.03450	0.09115	0.02556	0.09091	0.01562	0.03438	0.01744	0.01631	0.07021	0.06052	0.01007	0.02764	0.00230	0.29287	0.00681	0.08023	0.05946
1	0.37761	0.09332	0.10597	0.01344	0.07873	0.05834	0.02665	0.07866	0.01385	0.05451	0.04041	0.01327	0.01005	0.00616	0.00486	0.00182	0.00627	0.00439	0.00388	0.00782
2	0.00769	0.00580	0.00716	0.00807	0.00909	0.00528	0.00580	0.00916	0.01289	0.01660	0.07680	0.46146	0.24797	0.01754	0.00768	0.00237	0.00359	0.08417	0.00573	0.00514
3	0.04673	0.14041	0.34185	0.01648	0.07392	0.01490	0.06415	0.02087	0.06019	0.10705	0.04675	0.01582	0.01185	0.00633	0.00569	0.00184	0.00744	0.00518	0.00373	0.00882
4	0.01145	0.00728	0.00916	0.00845	0.01068	0.00633	0.00627	0.01358	0.01397	0.10315	0.18926	0.29951	0.03288	0.01224	0.00649	0.00187	0.00372	0.01079	0.08232	0.17062
5	0.09265	0.01289	0.01450	0.11825	0.01949	0.01478	0.01068	0.12649	0.40487	0.05402	0.02026	0.02157	0.01551	0.00798	0.00607	0.00205	0.00562	0.03787	0.00552	0.00894
6	0.01248	0.03024	0.68562	0.01823	0.02701	0.01434	0.08872	0.01941	0.01307	0.01941	0.01112	0.01326	0.00790	0.00575	0.00595	0.00195	0.00917	0.00478	0.00263	0.00897
7	0.03833	0.10472	0.13158	0.09541	0.06508	0.02301	0.01258	0.03134	0.05499	0.10769	0.01653	0.01815	0.05702	0.00833	0.02917	0.00206	0.07890	0.00547	0.03234	0.08730
8	0.03752	0.14909	0.61828	0.01608	0.02437	0.01576	0.02024	0.01918	0.01277	0.01885	0.01052	0.01235	0.00774	0.00572	0.00546	0.00184	0.00853	0.00429	0.00263	0.00879
9	0.00948	0.00739	0.01091	0.01178	0.06065	0.00839	0.00840	0.01149	0.01038	0.01474	0.01775	0.05774	0.01768	0.11355	0.51074	0.00771	0.05443	0.05761	0.00354	0.00563
10	0.01361	0.00829	0.01075	0.06081	0.01366	0.00818	0.00789	0.06197	0.05162	0.15779	0.28814	0.13006	0.05573	0.01165	0.00687	0.00205	0.00431	0.06005	0.03948	0.00706
11	0.02227	0.01003	0.01332	0.01096	0.01454	0.00945	0.00887	0.08414	0.01670	0.48900	0.02320	0.09471	0.01789	0.01039	0.00829	0.06132	0.03501	0.05443	0.00660	0.00887
12	0.00911	0.00678	0.00831	0.00902	0.01004	0.00669	0.00631	0.06206	0.06215	0.01803	0.03390	0.61950	0.09011	0.01731	0.00754	0.00238	0.00384	0.01549	0.00575	0.00570
13	0.00806	0.00581	0.00752	0.00845	0.00919	0.00546	0.00601	0.00955	0.01270	0.01690	0.12856	0.46456	0.09284	0.08779	0.00992	0.00274	0.00393	0.10932	0.00564	0.00507
14	0.03146	0.07675	0.04755	0.30147	0.10208	0.06605	0.16048	0.05326	0.03469	0.01849	0.01139	0.01510	0.00886	0.00610	0.00667	0.00195	0.04121	0.00550	0.00313	0.00782
15	0.14681	0.00811	0.00921	0.00804	0.01073	0.00790	0.00634	0.01826	0.01497	0.21869	0.22476	0.02672	0.02603	0.00855	0.00554	0.00177	0.00380	0.00696	0.23968	0.00713
16	0.01642	0.00809	0.00969	0.03756	0.01194	0.00792	0.00679	0.07559	0.01529	0.22340	0.02164	0.09277	0.01716	0.00837	0.00535	0.00171	0.00408	0.00690	0.42199	0.00735
17	0.09235	0.01173	0.01361	0.01276	0.06695	0.01269	0.00937	0.16698	0.16480	0.08525	0.18583	0.02628	0.06951	0.00913	0.00693	0.00197	0.04243	0.00737	0.00576	0.00828
18	0.07979	0.06775	0.01692	0.04979	0.13584	0.01245	0.03825	0.09034	0.05267	0.13560	0.10173	0.03876	0.03394	0.00786	0.00596	0.00182	0.00567	0.03488	0.00494	0.08503
19	0.01384	0.01088	0.07701	0.04061	0.03444	0.00954	0.00947	0.01932	0.16762	0.14790	0.09981	0.17070	0.04541	0.01361	0.05054	0.06179	0.00565	0.00898	0.00543	0.00744

[dist]
# distance from previous block
# <min> <max>
2	109

[block]
# block no. 7 follows, 37 sequences, length 31
# corresponding to MSA columns:
# 1000-1018,1020-1031
name=unknown_H
#
# <colnr> <probs for GDERKNQSTAVLIFYWHMCP>
#	G	D	E	R	K	N	Q	S	T	A	V	L	I	F	Y	W	H	M	C	P
0	0.02015	0.03806	0.03790	0.01129	0.01527	0.01157	0.00947	0.15651	0.06788	0.32347	0.13134	0.03858	0.02079	0.01016	0.04006	0.00224	0.02412	0.00687	0.00631	0.02797
1	0.07821	0.13869	0.14036	0.03231	0.04815	0.01352	0.05210	0.07502	0.03346	0.11605	0.01796	0.13450	0.03410	0.00840	0.00581	0.00187	0.00620	0.00702	0.02271	0.03354
2	0.07513	0.03286	0.01393	0.06805	0.01613	0.04835	0.06687	0.01523	0.01408	0.03799	0.18750	0.05171	0.02570	0.00975	0.00713	0.00195	0.04960	0.12139	0.04083	0.11579
3	0.07588	0.00723	0.00863	0.00845	0.00976	0.00717	0.00618	0.01325	0.01191	0.10543	0.07543	0.04258	0.02582	0.39169	0.01886	0.00410	0.00546	0.17193	0.00486	0.00536
4	0.01311	0.06738	0.13256	0.01226	0.01554	0.10154	0.02971	0.01602	0.01226	0.07339	0.01561	0.06107	0.01390	0.02629	0.37480	0.00574	0.01214	0.00627	0.00357	0.00684
5	0.01732	0.07118	0.01851	0.17821	0.18017	0.03111	0.01308	0.07545	0.01508	0.19420	0.01559	0.01889	0.01198	0.01152	0.09776	0.00285	0.00802	0.02623	0.00437	0.00847
6	0.00995	0.00689	0.00832	0.00796	0.00958	0.00651	0.00581	0.01312	0.07026	0.06523	0.35245	0.12783	0.17407	0.10271	0.00992	0.00249	0.00365	0.01126	0.00608	0.00592
7	0.00755	0.00540	0.00719	0.00846	0.00890	0.00503	0.00569	0.00876	0.01215	0.01631	0.08854	0.72411	0.04182	0.01866	0.00777	0.00244	0.00350	0.01691	0.00576	0.00503
8	0.08620	0.22039	0.05382	0.01293	0.01746	0.19178	0.02882	0.11032	0.05987	0.13245	0.01309	0.01355	0.00988	0.00643	0.00545	0.00169	0.01860	0.00456	0.00426	0.00844
9	0.01258	0.23780	0.13925	0.13628	0.02028	0.01468	0.03079	0.01703	0.06878	0.01765	0.04037	0.04065	0.11579	0.00811	0.00565	0.00181	0.00628	0.02557	0.05330	0.00733
10	0.00816	0.00577	0.00731	0.00789	0.00837	0.00566	0.00521	0.00916	0.01111	0.01495	0.08309	0.36279	0.06424	0.27557	0.09845	0.00438	0.00569	0.01270	0.00484	0.00468
11	0.07797	0.00890	0.01143	0.00993	0.01292	0.00845	0.04413	0.05378	0.01568	0.21285	0.11614	0.06098	0.16264	0.01108	0.00661	0.00205	0.00467	0.10849	0.06403	0.00726
12	0.01540	0.38618	0.35562	0.01365	0.02056	0.01851	0.01583	0.01971	0.01306	0.07465	0.01086	0.01209	0.00838	0.00568	0.00495	0.00164	0.00757	0.00406	0.00299	0.00859
13	0.01515	0.36992	0.21610	0.03384	0.01900	0.01753	0.02965	0.01940	0.04975	0.07776	0.04747	0.05381	0.01305	0.00682	0.00522	0.00169	0.00681	0.00527	0.00357	0.00821
14	0.00827	0.00616	0.00687	0.00669	0.00845	0.00546	0.00502	0.01048	0.01506	0.02025	0.30732	0.04962	0.40216	0.01337	0.00687	0.00194	0.00299	0.01135	0.10622	0.00546
15	0.00934	0.00811	0.04988	0.00952	0.01083	0.00717	0.00729	0.01042	0.01089	0.01519	0.02293	0.39748	0.02607	0.07711	0.05386	0.11143	0.06573	0.01144	0.00437	0.09091
16	0.01313	0.01309	0.12025	0.01422	0.01847	0.00993	0.20021	0.01706	0.01574	0.11931	0.30363	0.03091	0.07868	0.00916	0.00688	0.00197	0.00606	0.00860	0.00523	0.00747
17	0.01269	0.01088	0.01269	0.00907	0.01451	0.00816	0.00725	0.01541	0.01269	0.01995	0.01088	0.01269	0.00907	0.00453	0.00453	0.00091	0.00453	0.00363	0.00363	0.82229
18	0.16389	0.03734	0.11493	0.01379	0.01890	0.01607	0.07342	0.32188	0.07201	0.05427	0.01402	0.01478	0.01020	0.00667	0.00563	0.00187	0.00664	0.00521	0.03942	0.00905
19	0.01278	0.01707	0.23215	0.15703	0.11680	0.02880	0.01522	0.03918	0.03435	0.04043	0.01634	0.14739	0.01512	0.00847	0.00623	0.00196	0.00699	0.02487	0.00374	0.07507
20	0.12428	0.03645	0.16373	0.03457	0.04191	0.04587	0.01275	0.20356	0.03285	0.19949	0.01493	0.01509	0.01040	0.00663	0.00564	0.00184	0.00671	0.00503	0.00499	0.03330
21	0.03842	0.01156	0.01324	0.01168	0.01516	0.01240	0.00931	0.05764	0.39453	0.20881	0.02509	0.06807	0.01995	0.00946	0.00645	0.00211	0.00502	0.07549	0.00642	0.00917
22	0.01273	0.00833	0.01221	0.06893	0.01415	0.00867	0.06310	0.06251	0.07269	0.04083	0.01537	0.02035	0.04253	0.01538	0.01624	0.46566	0.00577	0.00599	0.04347	0.00507
23	0.05946	0.14032	0.28972	0.05328	0.03312	0.02993	0.05172	0.04895	0.03080	0.06192	0.05363	0.03249	0.01230	0.00651	0.00556	0.00177	0.00721	0.00523	0.00362	0.07246
24	0.01653	0.00909	0.01218	0.01014	0.01321	0.02868	0.04693	0.01919	0.01685	0.30268	0.32402	0.03544	0.09639	0.01043	0.00680	0.00195	0.00452	0.03066	0.00663	0.00768
25	0.00788	0.00575	0.00671	0.00733	0.00837	0.00522	0.00507	0.00925	0.01260	0.01664	0.07724	0.38195	0.27118	0.08092	0.00927	0.00252	0.00351	0.01396	0.06961	0.00503
26	0.01351	0.01206	0.05271	0.15315	0.28345	0.01148	0.03038	0.01738	0.03784	0.08172	0.11266	0.05870	0.07252	0.00844	0.00648	0.00197	0.00624	0.02698	0.00431	0.00802
27	0.05836	0.17141	0.21582	0.13692	0.02318	0.11317	0.01458	0.07030	0.01471	0.09005	0.01225	0.03174	0.00949	0.00641	0.00546	0.00178	0.00778	0.00483	0.00356	0.00820
28	0.01015	0.00547	0.00796	0.00804	0.00814	0.00554	0.00538	0.00832	0.00841	0.01130	0.01314	0.06308	0.01369	0.09158	0.08170	0.63948	0.00615	0.00640	0.00297	0.00310
29	0.00909	0.00596	0.00684	0.00684	0.00704	0.00605	0.00406	0.00948	0.00928	0.01291	0.01912	0.03746	0.02120	0.66656	0.08537	0.00588	0.00650	0.00847	0.06787	0.00400
30	0.05260	0.01650	0.13218	0.08299	0.10966	0.06148	0.06725	0.07627	0.10422	0.14471	0.03655	0.04289	0.01397	0.00737	0.00617	0.00196	0.00702	0.02284	0.00463	0.00875

[dist]
# distance from previous block
# <min> <max>
11	71

[block]
# block no. 8 follows, 37 sequences, length 7
# corresponding to MSA columns:
# 1119-1125
name=unknown_I
#
# <colnr> <probs for GDERKNQSTAVLIFYWHMCP>
#	G	D	E	R	K	N	Q	S	T	A	V	L	I	F	Y	W	H	M	C	P
0	0.34198	0.13595	0.07353	0.01099	0.01533	0.05650	0.00981	0.16290	0.03664	0.02542	0.01245	0.07088	0.01071	0.00711	0.00492	0.00183	0.00602	0.00508	0.00417	0.00777
1	0.05750	0.10920	0.15413	0.01579	0.12909	0.01340	0.01282	0.04168	0.08201	0.12785	0.01752	0.01953	0.04999	0.00702	0.00564	0.00176	0.00621	0.03359	0.00432	0.11099
2	0.01502	0.09286	0.07331	0.01366	0.04493	0.16414	0.05585	0.04070	0.03977	0.07629	0.02053	0.29465	0.02101	0.01097	0.00645	0.00200	0.00667	0.00945	0.00453	0.00719
3	0.40309	0.07378	0.04507	0.01339	0.10462	0.01392	0.03700	0.01893	0.10021	0.02333	0.01626	0.04698	0.06682	0.00722	0.00502	0.00191	0.00543	0.00552	0.00404	0.00746
4	0.01274	0.07536	0.10007	0.01035	0.01367	0.01062	0.00921	0.11591	0.05431	0.05995	0.22280	0.14871	0.11918	0.01133	0.00662	0.00198	0.00482	0.00962	0.00554	0.00723
5	0.33511	0.00966	0.00877	0.00782	0.01077	0.01052	0.00622	0.06201	0.06340	0.02568	0.01495	0.01665	0.01161	0.00651	0.00435	0.00165	0.00408	0.00472	0.34257	0.05296
6	0.07470	0.01333	0.07101	0.01098	0.01494	0.01254	0.00950	0.29598	0.01935	0.10698	0.01759	0.07570	0.01398	0.00790	0.00557	0.00177	0.00536	0.00625	0.20026	0.03630

[dist]
# distance from previous block
# <min> <max>
0	5

[block]
# block no. 9 follows, 37 sequences, length 22
# corresponding to MSA columns:
# 1131-1152
name=unknown_J
#
# <colnr> <probs for GDERKNQSTAVLIFYWHMCP>
#	G	D	E	R	K	N	Q	S	T	A	V	L	I	F	Y	W	H	M	C	P
0	0.08242	0.00724	0.00856	0.00834	0.01014	0.00698	0.00617	0.01324	0.05564	0.05781	0.30211	0.26351	0.09773	0.01339	0.00689	0.00207	0.00356	0.01170	0.00597	0.03652
1	0.01683	0.01548	0.04006	0.01628	0.12230	0.10349	0.01144	0.05346	0.41658	0.06512	0.01999	0.01957	0.01507	0.00743	0.00600	0.00192	0.00606	0.00611	0.04759	0.00922
2	0.63947	0.01415	0.01242	0.01148	0.05079	0.09132	0.04894	0.03452	0.01195	0.02559	0.00913	0.01080	0.00715	0.00574	0.00433	0.00187	0.00588	0.00376	0.00370	0.00701
3	0.05136	0.14198	0.05534	0.01311	0.05425	0.07838	0.01057	0.10400	0.10603	0.09919	0.01526	0.01755	0.01223	0.04969	0.07933	0.00276	0.04605	0.00538	0.04946	0.00809
4	0.01486	0.01507	0.02570	0.08169	0.12381	0.05560	0.34147	0.05587	0.09849	0.02116	0.05193	0.01848	0.01316	0.00629	0.00657	0.00195	0.00820	0.00666	0.04474	0.00829
5	0.00746	0.00533	0.00710	0.00852	0.00888	0.00497	0.00568	0.00852	0.01172	0.01563	0.03374	0.78088	0.04049	0.01918	0.00781	0.00249	0.00355	0.01740	0.00568	0.00497
6	0.01385	0.01582	0.10466	0.09728	0.28274	0.01377	0.25155	0.01822	0.01397	0.03419	0.04077	0.03988	0.03169	0.00642	0.00655	0.00196	0.00814	0.00670	0.00335	0.00849
7	0.01945	0.01512	0.01748	0.01310	0.01823	0.01536	0.04706	0.46395	0.02293	0.03168	0.01336	0.01415	0.00993	0.00634	0.00568	0.00155	0.00622	0.00500	0.00517	0.26821
8	0.00802	0.00600	0.00746	0.00771	0.00899	0.00544	0.00563	0.01005	0.01478	0.01982	0.34875	0.26141	0.21747	0.01531	0.00744	0.00215	0.00323	0.03880	0.00614	0.00539
9	0.01299	0.09310	0.41454	0.01637	0.05962	0.01415	0.05385	0.01962	0.08937	0.01948	0.01362	0.05788	0.01111	0.00660	0.00575	0.00182	0.00756	0.00549	0.00331	0.09374
10	0.00753	0.00552	0.00708	0.00815	0.00882	0.00506	0.00556	0.00881	0.01248	0.01649	0.09686	0.62576	0.13310	0.01814	0.00769	0.00238	0.00344	0.01629	0.00577	0.00506
11	0.02048	0.01571	0.02916	0.02895	0.01866	0.01669	0.02566	0.51863	0.08986	0.04818	0.05193	0.01700	0.01342	0.00739	0.00608	0.00180	0.00631	0.00580	0.00581	0.07247
12	0.01700	0.21249	0.17931	0.02532	0.03963	0.01598	0.01289	0.11693	0.08437	0.11221	0.03117	0.01518	0.01149	0.00635	0.00537	0.00166	0.00653	0.00487	0.00427	0.09700
13	0.10298	0.13238	0.28041	0.05198	0.02117	0.05726	0.05385	0.04675	0.01436	0.10603	0.06613	0.01583	0.01242	0.00648	0.00556	0.00182	0.00737	0.00509	0.00381	0.00832
14	0.01688	0.03578	0.13584	0.01670	0.13383	0.01254	0.03731	0.12271	0.05262	0.16425	0.03556	0.11567	0.01633	0.00845	0.00647	0.00195	0.02110	0.00721	0.05004	0.00876
15	0.01357	0.01349	0.18023	0.03667	0.01641	0.00949	0.05924	0.02668	0.03994	0.10449	0.01560	0.02213	0.01323	0.06684	0.01322	0.24677	0.00646	0.04489	0.06424	0.00641
16	0.01703	0.15224	0.08301	0.02994	0.07254	0.06229	0.09367	0.04009	0.08125	0.15809	0.01693	0.06124	0.01414	0.06505	0.00781	0.00216	0.00693	0.02286	0.00443	0.00828
17	0.01849	0.07392	0.26674	0.01475	0.04663	0.04047	0.04428	0.02328	0.05214	0.28289	0.01851	0.04254	0.03335	0.00723	0.00599	0.00189	0.00698	0.00593	0.00483	0.00916
18	0.00823	0.00588	0.00798	0.00940	0.01009	0.00563	0.00702	0.00985	0.01248	0.01649	0.03331	0.55373	0.03881	0.01845	0.00802	0.00259	0.00422	0.23697	0.00567	0.00518
19	0.01014	0.00737	0.01063	0.13046	0.05575	0.00742	0.00872	0.01232	0.01336	0.06335	0.11693	0.36050	0.08641	0.01433	0.00729	0.00227	0.00467	0.07673	0.00531	0.00604
20	0.01906	0.01758	0.19484	0.09044	0.07006	0.05037	0.01411	0.07652	0.10012	0.26378	0.03063	0.01783	0.01277	0.00696	0.00606	0.00192	0.00689	0.00566	0.00508	0.00934
21	0.01275	0.01137	0.01905	0.02503	0.36763	0.01129	0.06768	0.01614	0.01404	0.01922	0.02085	0.03916	0.02099	0.01051	0.00721	0.00228	0.00677	0.31606	0.00419	0.00779

[dist]
# distance from previous block
# <min> <max>
2	53

[block]
# block no. 10 follows, 37 sequences, length 16
# corresponding to MSA columns:
# 1208-1223
name=unknown_K
#
# <colnr> <probs for GDERKNQSTAVLIFYWHMCP>
#	G	D	E	R	K	N	Q	S	T	A	V	L	I	F	Y	W	H	M	C	P
0	0.04537	0.17432	0.21555	0.05675	0.06467	0.07438	0.15348	0.04331	0.01392	0.01894	0.01070	0.01309	0.00838	0.00554	0.00555	0.00171	0.00818	0.00477	0.00302	0.07838
1	0.01470	0.06755	0.13797	0.06284	0.29804	0.01517	0.07771	0.01821	0.01282	0.05611	0.01133	0.01478	0.00921	0.00715	0.00906	0.03702	0.13348	0.00533	0.00309	0.00844
2	0.01184	0.01117	0.01887	0.71291	0.09722	0.01367	0.01714	0.01589	0.01237	0.01598	0.01093	0.01623	0.00828	0.00607	0.00612	0.00202	0.00809	0.00544	0.00274	0.00703
3	0.01183	0.01206	0.07603	0.01638	0.14158	0.01079	0.07519	0.01770	0.16004	0.01957	0.07532	0.09616	0.08994	0.10210	0.00970	0.00256	0.00589	0.06513	0.00468	0.00736
4	0.03353	0.06293	0.18090	0.13832	0.05702	0.04941	0.14522	0.04649	0.02983	0.14534	0.02994	0.02898	0.01140	0.00649	0.00611	0.00192	0.00786	0.00580	0.00398	0.00852
5	0.01472	0.01641	0.12009	0.08054	0.11215	0.01439	0.29313	0.07934	0.01479	0.05152	0.01341	0.01797	0.01060	0.00930	0.06314	0.00262	0.04574	0.02830	0.00352	0.00833
6	0.01048	0.00537	0.00786	0.00786	0.00786	0.00537	0.00518	0.00805	0.00805	0.01074	0.01138	0.02045	0.01163	0.08699	0.02455	0.75167	0.00537	0.00562	0.00275	0.00275
7	0.03445	0.17308	0.02115	0.04477	0.12242	0.08013	0.07992	0.05162	0.06824	0.14539	0.01667	0.10617	0.01429	0.00777	0.00588	0.00184	0.00673	0.00665	0.00444	0.00837
8	0.01682	0.08072	0.17438	0.08702	0.07735	0.10206	0.01384	0.04350	0.04139	0.14701	0.01498	0.04901	0.01180	0.00886	0.03881	0.00222	0.04421	0.00565	0.03208	0.00831
9	0.00890	0.00593	0.00668	0.00668	0.00668	0.00593	0.00371	0.00890	0.00890	0.01187	0.01929	0.04006	0.02225	0.78487	0.03116	0.00593	0.00593	0.00890	0.00371	0.00371
10	0.01454	0.01708	0.11335	0.02872	0.39599	0.04636	0.15874	0.01898	0.03279	0.01952	0.02851	0.03918	0.01146	0.00635	0.00693	0.00194	0.04133	0.00615	0.00323	0.00886
11	0.08100	0.07625	0.09123	0.03207	0.05419	0.08086	0.10079	0.06581	0.11506	0.12924	0.03691	0.01661	0.01231	0.00704	0.00708	0.00194	0.07308	0.00559	0.00442	0.00855
12	0.01016	0.00656	0.00953	0.05683	0.05214	0.00691	0.00675	0.00980	0.00914	0.01240	0.01401	0.02501	0.01436	0.23135	0.14558	0.36822	0.00760	0.00651	0.00307	0.00406
13	0.00804	0.00603	0.00755	0.00860	0.00945	0.00575	0.00602	0.01028	0.05701	0.01652	0.03704	0.59323	0.13661	0.01786	0.00767	0.00242	0.00369	0.05517	0.00571	0.00533
14	0.05226	0.16146	0.30702	0.05295	0.03533	0.01429	0.01457	0.04801	0.03271	0.04685	0.06120	0.08339	0.04943	0.00793	0.00576	0.00187	0.00681	0.00638	0.00377	0.00800
15	0.05660	0.06548	0.21383	0.22813	0.11712	0.01427	0.07753	0.01932	0.04222	0.07460	0.02632	0.01573	0.01014	0.00612	0.00590	0.00192	0.00773	0.00533	0.00339	0.00830

[dist]
# distance from previous block
# <min> <max>
0	16

[block]
# block no. 11 follows, 37 sequences, length 21
# corresponding to MSA columns:
# 1240-1260
name=unknown_L
#
# <colnr> <probs for GDERKNQSTAVLIFYWHMCP>
#	G	D	E	R	K	N	Q	S	T	A	V	L	I	F	Y	W	H	M	C	P
0	0.40874	0.01272	0.03329	0.07263	0.05403	0.01326	0.03543	0.04788	0.04122	0.06224	0.01112	0.01286	0.00853	0.00600	0.00538	0.00180	0.03759	0.00428	0.00393	0.12707
1	0.01374	0.01359	0.05919	0.07249	0.09985	0.04137	0.01066	0.04119	0.04230	0.02024	0.01159	0.01367	0.00937	0.00516	0.00507	0.00126	0.00575	0.00423	0.00360	0.52570
2	0.00879	0.00603	0.00743	0.00751	0.00786	0.00621	0.00479	0.00930	0.00944	0.01274	0.02091	0.07418	0.05273	0.51740	0.19174	0.03814	0.00800	0.00885	0.00376	0.00419
3	0.05919	0.65905	0.05591	0.01076	0.01592	0.02260	0.01065	0.01946	0.06878	0.01615	0.00988	0.01096	0.00863	0.00552	0.00417	0.00142	0.00641	0.00361	0.00296	0.00798
