[name]
unknown

[dist]
# distance from previous block
# <min> <max>
0	729

[block]
# block no. 0 follows, 45 sequences, length 10
# corresponding to MSA columns:
# 745-754
name=unknown_A
#
# <colnr> <probs for GDERKNQSTAVLIFYWHMCP>
#	G	D	E	R	K	N	Q	S	T	A	V	L	I	F	Y	W	H	M	C	P
0	0.01589	0.24382	0.03583	0.01272	0.11282	0.01321	0.00969	0.09409	0.03348	0.18874	0.01436	0.04907	0.01188	0.00647	0.00487	0.00149	0.00526	0.05326	0.00409	0.08898
1	0.10650	0.09225	0.04864	0.07187	0.01564	0.01277	0.00915	0.14601	0.19928	0.15342	0.03690	0.03378	0.01268	0.00655	0.00498	0.00165	0.00499	0.00516	0.03001	0.00774
2	0.09729	0.05852	0.06427	0.25481	0.07513	0.04252	0.01146	0.06816	0.10981	0.04376	0.01356	0.04687	0.01149	0.02608	0.00574	0.00183	0.00597	0.05242	0.00353	0.00678
3	0.14428	0.01316	0.12250	0.01575	0.19011	0.01102	0.03693	0.03278	0.09715	0.08654	0.01332	0.03024	0.01083	0.00600	0.00499	0.00160	0.00545	0.04651	0.00368	0.12715
4	0.00938	0.03876	0.00930	0.00814	0.00965	0.00685	0.03168	0.04167	0.01187	0.05911	0.13960	0.13241	0.12123	0.15958	0.11252	0.00337	0.00553	0.08981	0.00446	0.00508
5	0.12604	0.04747	0.06310	0.17157	0.06107	0.01055	0.05311	0.01514	0.09786	0.02964	0.10391	0.04433	0.07970	0.04090	0.00626	0.00190	0.00525	0.03217	0.00377	0.00625
6	0.01427	0.59301	0.06999	0.01073	0.01531	0.04948	0.07796	0.01656	0.01142	0.03772	0.00893	0.01030	0.00759	0.00481	0.00394	0.00127	0.00611	0.00347	0.05021	0.00692
7	0.00657	0.00489	0.00612	0.00699	0.00769	0.00444	0.00480	0.00770	0.01101	0.01438	0.08312	0.59684	0.19439	0.01575	0.00671	0.00207	0.00299	0.01406	0.00504	0.00444
8	0.08249	0.09024	0.01580	0.03514	0.09179	0.09300	0.03242	0.16161	0.21562	0.06464	0.02771	0.04143	0.01205	0.00646	0.00508	0.00164	0.00564	0.00519	0.00430	0.00775
9	0.06268	0.38692	0.19410	0.01071	0.01583	0.01634	0.01118	0.11308	0.01307	0.04100	0.03629	0.01134	0.00890	0.00522	0.00425	0.00138	0.00592	0.00371	0.00306	0.05502

[dist]
# distance from previous block
# <min> <max>
0	1

[block]
# block no. 1 follows, 45 sequences, length 18
# corresponding to MSA columns:
# 756-773
name=unknown_B
#
# <colnr> <probs for GDERKNQSTAVLIFYWHMCP>
#	G	D	E	R	K	N	Q	S	T	A	V	L	I	F	Y	W	H	M	C	P
0	0.01116	0.00905	0.01470	0.01517	0.14870	0.00929	0.11636	0.01379	0.03762	0.08686	0.06480	0.26595	0.03515	0.01157	0.04580	0.00226	0.09251	0.00886	0.00408	0.00633
1	0.00679	0.00525	0.00609	0.00630	0.00748	0.00470	0.00449	0.00819	0.01193	0.01536	0.19043	0.22926	0.37344	0.07770	0.02603	0.00230	0.00324	0.01154	0.00499	0.00450
2	0.01627	0.18623	0.06413	0.01133	0.04787	0.09462	0.00949	0.17510	0.01539	0.12229	0.05989	0.01407	0.01147	0.00579	0.00471	0.00139	0.00564	0.00440	0.03903	0.11090
3	0.01242	0.01105	0.01653	0.06530	0.39921	0.01092	0.01213	0.08352	0.03761	0.01855	0.02548	0.09585	0.03579	0.00651	0.00531	0.00155	0.00540	0.00591	0.00343	0.14754
4	0.05522	0.06648	0.04145	0.01265	0.08746	0.01218	0.03027	0.20972	0.06041	0.17555	0.01333	0.01357	0.00967	0.00556	0.00487	0.00144	0.00524	0.00446	0.00443	0.18604
5	0.12748	0.17310	0.13452	0.01224	0.04190	0.12714	0.06410	0.03009	0.01228	0.09283	0.01048	0.01239	0.00827	0.00527	0.00455	0.00145	0.00635	0.02190	0.00320	0.11047
6	0.01231	0.00701	0.00755	0.00653	0.00876	0.00682	0.00510	0.10048	0.01314	0.07276	0.01624	0.01797	0.01247	0.00602	0.00408	0.00126	0.00322	0.00478	0.58413	0.10936
7	0.00960	0.10655	0.01183	0.00910	0.01062	0.00965	0.00734	0.06117	0.00996	0.01383	0.01315	0.01928	0.01231	0.07763	0.54954	0.00666	0.05810	0.00539	0.00296	0.00532
8	0.06943	0.00718	0.00767	0.00674	0.00889	0.00730	0.00530	0.10673	0.01357	0.12434	0.05089	0.01905	0.01425	0.00646	0.00426	0.00140	0.00331	0.00511	0.53200	0.00612
9	0.00739	0.00582	0.00816	0.07222	0.06839	0.00567	0.00654	0.00886	0.01103	0.01462	0.07993	0.53912	0.12360	0.01420	0.00652	0.00203	0.00360	0.01277	0.00466	0.00487
10	0.02055	0.02355	0.01487	0.01330	0.01624	0.69327	0.01007	0.02202	0.01523	0.10801	0.00989	0.01074	0.00770	0.00567	0.00491	0.00142	0.00905	0.00370	0.00324	0.00658
11	0.01294	0.06779	0.50263	0.01339	0.01977	0.01151	0.04662	0.01772	0.01229	0.14572	0.05431	0.01577	0.04392	0.00599	0.00523	0.00167	0.00677	0.00487	0.00334	0.00774
12	0.01604	0.31127	0.01993	0.06491	0.05256	0.07083	0.03166	0.09332	0.01335	0.14735	0.01197	0.04553	0.00975	0.00614	0.00549	0.00151	0.05987	0.00457	0.02671	0.00725
13	0.01401	0.04714	0.10873	0.02695	0.03331	0.01090	0.00959	0.14555	0.04966	0.08057	0.01149	0.01247	0.00876	0.00513	0.00495	0.00126	0.02708	0.00398	0.00374	0.39472
14	0.17563	0.03616	0.01599	0.06540	0.07655	0.11284	0.08168	0.21262	0.01530	0.04162	0.01028	0.01176	0.00784	0.00531	0.00477	0.00151	0.00620	0.00418	0.00366	0.11071
15	0.01355	0.01055	0.01281	0.01367	0.14740	0.07407	0.00881	0.10614	0.01237	0.10397	0.01376	0.02044	0.01257	0.23149	0.12147	0.00362	0.07772	0.00571	0.00363	0.00628
16	0.09031	0.01393	0.15931	0.01037	0.01531	0.02474	0.03138	0.02950	0.12595	0.03547	0.01155	0.01254	0.00893	0.00493	0.00449	0.00128	0.00509	0.00391	0.00345	0.40755
17	0.00846	0.00599	0.00791	0.00809	0.00855	0.00643	0.00599	0.00904	0.00927	0.01243	0.02014	0.10488	0.05358	0.26555	0.05575	0.14072	0.08363	0.18594	0.00364	0.00400

[dist]
# distance from previous block
# <min> <max>
0	7

[block]
# block no. 2 follows, 45 sequences, length 6
# corresponding to MSA columns:
# 781-786
name=unknown_C
#
# <colnr> <probs for GDERKNQSTAVLIFYWHMCP>
#	G	D	E	R	K	N	Q	S	T	A	V	L	I	F	Y	W	H	M	C	P
0	0.06694	0.01367	0.16100	0.21656	0.02132	0.02636	0.02712	0.03193	0.11763	0.04934	0.02903	0.01435	0.00990	0.00550	0.00492	0.00155	0.00582	0.00452	0.02628	0.16625
1	0.11688	0.01989	0.01256	0.01150	0.01381	0.54761	0.00847	0.01817	0.01308	0.01393	0.00984	0.01440	0.00918	0.15869	0.00893	0.00214	0.00817	0.00422	0.00292	0.00561
2	0.00994	0.00690	0.00916	0.00900	0.00993	0.00748	0.00672	0.01172	0.04181	0.10608	0.05506	0.46283	0.06268	0.01341	0.00862	0.00210	0.15511	0.01129	0.00474	0.00542
3	0.00874	0.00638	0.00752	0.00694	0.00813	0.00601	0.00462	0.03820	0.00953	0.01329	0.01696	0.13819	0.01872	0.45645	0.07598	0.00405	0.00539	0.00771	0.00354	0.16365
4	0.01124	0.16477	0.10703	0.01056	0.01404	0.06878	0.08261	0.01442	0.04432	0.03304	0.07493	0.02871	0.18749	0.00861	0.00549	0.00168	0.00540	0.09226	0.03846	0.00615
5	0.55185	0.01257	0.05180	0.01105	0.01511	0.01289	0.15012	0.10302	0.01180	0.02356	0.00886	0.01043	0.00669	0.00507	0.00422	0.00169	0.00548	0.00384	0.00339	0.00658

[dist]
# distance from previous block
# <min> <max>
0	2

[block]
# block no. 3 follows, 45 sequences, length 34
# corresponding to MSA columns:
# 789-822
name=unknown_D
#
# <colnr> <probs for GDERKNQSTAVLIFYWHMCP>
#	G	D	E	R	K	N	Q	S	T	A	V	L	I	F	Y	W	H	M	C	P
0	0.01214	0.01061	0.01412	0.38510	0.02487	0.01259	0.01155	0.08050	0.31808	0.01889	0.01557	0.04732	0.01215	0.00667	0.00546	0.00180	0.00572	0.00571	0.00397	0.00718
1	0.08296	0.00568	0.00685	0.00767	0.00845	0.00564	0.00531	0.04454	0.01090	0.01561	0.02679	0.69765	0.03156	0.01525	0.00646	0.00211	0.00334	0.01365	0.00485	0.00472
2	0.19310	0.00923	0.04887	0.01033	0.01294	0.00862	0.12245	0.01352	0.04090	0.05170	0.14034	0.22599	0.02313	0.01087	0.03663	0.00213	0.00501	0.03412	0.00430	0.00581
3	0.00750	0.00481	0.00598	0.00679	0.00741	0.00457	0.00467	0.00895	0.01087	0.01587	0.07924	0.55258	0.03103	0.01371	0.00602	0.00191	0.00292	0.01225	0.21834	0.00457
4	0.01304	0.01280	0.04037	0.11798	0.38438	0.01306	0.12554	0.08374	0.02915	0.01845	0.04393	0.01471	0.01021	0.00562	0.00639	0.00172	0.06290	0.00523	0.00305	0.00772
5	0.02041	0.01504	0.01611	0.01235	0.01665	0.01665	0.01020	0.75997	0.02524	0.03383	0.01289	0.01289	0.00913	0.00644	0.00537	0.00161	0.00591	0.00483	0.00537	0.00913
6	0.01467	0.61129	0.15031	0.01022	0.01532	0.01857	0.01081	0.01716	0.01139	0.08449	0.00909	0.00995	0.00747	0.00487	0.00390	0.00129	0.00599	0.00328	0.00269	0.00727
7	0.02018	0.16772	0.04697	0.00981	0.01404	0.01152	0.00867	0.07532	0.05957	0.47204	0.01733	0.01589	0.01168	0.00619	0.00494	0.00155	0.00493	0.00483	0.03838	0.00845
8	0.01486	0.74366	0.02697	0.00960	0.01403	0.09032	0.00929	0.01656	0.01129	0.01267	0.00754	0.00871	0.00689	0.00468	0.00357	0.00117	0.00609	0.00292	0.00234	0.00683
9	0.01131	0.13564	0.63954	0.01439	0.02145	0.01388	0.01794	0.01666	0.01111	0.01618	0.00920	0.01098	0.00682	0.00525	0.00552	0.00166	0.04864	0.00385	0.00227	0.00768
10	0.01233	0.01688	0.16777	0.02130	0.02718	0.01337	0.62469	0.01716	0.01243	0.01716	0.01064	0.01391	0.00790	0.00463	0.00611	0.00179	0.00885	0.00591	0.00263	0.00737
11	0.00667	0.00483	0.00633	0.00747	0.00797	0.00450	0.00516	0.00774	0.01057	0.01393	0.03149	0.69707	0.09436	0.01643	0.00685	0.00217	0.00321	0.06387	0.00498	0.00441
12	0.00686	0.00531	0.00633	0.00701	0.00818	0.00479	0.00527	0.00828	0.01157	0.01452	0.04063	0.32084	0.37110	0.01497	0.00673	0.00207	0.00329	0.15274	0.00498	0.00455
13	0.00678	0.00517	0.00627	0.00690	0.00794	0.00466	0.00502	0.00817	0.01167	0.01500	0.11291	0.38984	0.30100	0.01489	0.00667	0.00203	0.00309	0.08239	0.00507	0.00455
14	0.01203	0.01220	0.01645	0.01393	0.01496	0.06822	0.07790	0.01469	0.06791	0.01400	0.00951	0.01362	0.00863	0.01227	0.10834	0.00295	0.51859	0.00499	0.00272	0.00609
15	0.00682	0.00514	0.00600	0.00638	0.00729	0.00466	0.00437	0.00794	0.01115	0.01438	0.12890	0.31037	0.29580	0.15383	0.01019	0.00252	0.00327	0.01188	0.00480	0.00431
16	0.06123	0.01630	0.29839	0.01130	0.01652	0.01032	0.01189	0.05970	0.06816	0.17830	0.09331	0.01634	0.01367	0.00612	0.00509	0.00157	0.00556	0.00491	0.00414	0.11720
17	0.00781	0.00520	0.00585	0.00585	0.00585	0.00520	0.00325	0.00781	0.00781	0.01041	0.01691	0.03513	0.01952	0.81135	0.02732	0.00520	0.00520	0.00781	0.00325	0.00325
18	0.01381	0.01415	0.02067	0.10245	0.18562	0.12326	0.23003	0.08376	0.05049	0.01834	0.06557	0.01708	0.01223	0.00594	0.00571	0.00170	0.00724	0.03137	0.00335	0.00723
19	0.08703	0.17550	0.48624	0.01419	0.02080	0.01423	0.09791	0.01673	0.01120	0.01682	0.00916	0.01092	0.00688	0.00493	0.00476	0.00160	0.00730	0.00392	0.00242	0.00747
20	0.01728	0.01021	0.01233	0.01076	0.04986	0.01026	0.00800	0.13779	0.18216	0.29117	0.01805	0.01961	0.01366	0.12706	0.00859	0.00216	0.00485	0.00564	0.00524	0.06532
21	0.00761	0.00547	0.00708	0.00669	0.00787	0.00507	0.00494	0.00997	0.01467	0.02074	0.72141	0.03975	0.04845	0.06759	0.00782	0.00194	0.00272	0.00957	0.00572	0.00494
22	0.01235	0.01165	0.01936	0.15509	0.53455	0.01246	0.01511	0.01537	0.01160	0.01650	0.01069	0.01544	0.00921	0.00575	0.00647	0.00172	0.07781	0.03489	0.02638	0.00761
23	0.00830	0.00543	0.00681	0.00703	0.00824	0.00487	0.00505	0.00978	0.01225	0.08459	0.19445	0.39494	0.21035	0.01389	0.00649	0.00194	0.00303	0.01226	0.00533	0.00498
24	0.01221	0.01093	0.01514	0.13097	0.06004	0.01393	0.01114	0.08213	0.04716	0.02943	0.01025	0.01545	0.00931	0.09310	0.02634	0.00252	0.41558	0.00515	0.00298	0.00623
25	0.17159	0.01330	0.01368	0.01079	0.01453	0.01477	0.00877	0.55561	0.02071	0.02993	0.01225	0.01412	0.00945	0.07852	0.00697	0.00194	0.00552	0.00475	0.00480	0.00799
26	0.00641	0.00517	0.00571	0.00615	0.00744	0.00447	0.00440	0.00762	0.01155	0.01422	0.04570	0.31638	0.51657	0.01472	0.00652	0.00194	0.00286	0.01271	0.00498	0.00447
27	0.01654	0.04725	0.08644	0.03165	0.16304	0.32021	0.04130	0.07229	0.06758	0.04636	0.01057	0.01215	0.00834	0.00570	0.00573	0.00158	0.04846	0.00429	0.00318	0.00733
28	0.00690	0.00514	0.00598	0.00632	0.00722	0.00467	0.00431	0.00788	0.01094	0.01404	0.11222	0.27843	0.30685	0.16950	0.01096	0.02488	0.00336	0.01151	0.00467	0.00423
29	0.08548	0.01053	0.08044	0.01171	0.09592	0.00952	0.02447	0.07455	0.12523	0.02139	0.30295	0.02510	0.02601	0.04307	0.00645	0.00183	0.00436	0.00678	0.03765	0.00656
30	0.12198	0.01139	0.10902	0.00978	0.01410	0.00878	0.00895	0.02260	0.01408	0.53866	0.07137	0.01777	0.01420	0.00655	0.00517	0.00167	0.00480	0.00522	0.00563	0.00829
31	0.01029	0.00829	0.00992	0.00808	0.01132	0.00697	0.00631	0.04089	0.01118	0.01651	0.01424	0.06873	0.01405	0.11123	0.05773	0.00216	0.00493	0.08715	0.00356	0.50648
32	0.07600	0.05699	0.07159	0.05010	0.03864	0.20689	0.03792	0.05350	0.03350	0.17893	0.02145	0.02416	0.00968	0.00578	0.00508	0.00150	0.01870	0.00441	0.00384	0.10136
33	0.26072	0.26698	0.01704	0.01006	0.01371	0.15728	0.02171	0.07787	0.07091	0.01875	0.00992	0.01188	0.00830	0.00557	0.00416	0.00149	0.00592	0.02776	0.00327	0.00670

[dist]
# distance from previous block
# <min> <max>
0	6

[block]
# block no. 4 follows, 45 sequences, length 12
# corresponding to MSA columns:
# 829-840
name=unknown_E
#
# <colnr> <probs for GDERKNQSTAVLIFYWHMCP>
#	G	D	E	R	K	N	Q	S	T	A	V	L	I	F	Y	W	H	M	C	P
0	0.01337	0.01505	0.19929	0.04611	0.01674	0.03404	0.02360	0.09772	0.21443	0.07562	0.01693	0.05891	0.03782	0.00725	0.00624	0.00176	0.06411	0.00575	0.05774	0.00751
1	0.04969	0.01172	0.01327	0.07534	0.01603	0.13049	0.03578	0.02288	0.01440	0.49808	0.01713	0.01624	0.01137	0.00621	0.00517	0.00161	0.00560	0.00497	0.05603	0.00798
2	0.01113	0.00954	0.01113	0.00795	0.01272	0.00716	0.00636	0.01352	0.01113	0.01749	0.00954	0.01113	0.00795	0.00398	0.00398	0.00080	0.00398	0.00318	0.00318	0.84417
3	0.01285	0.01177	0.08196	0.27663	0.12118	0.01151	0.01225	0.10870	0.09740	0.06790	0.05420	0.04437	0.01268	0.00645	0.00536	0.00170	0.00581	0.00554	0.05453	0.00718
4	0.01062	0.04502	0.03987	0.07967	0.08577	0.01026	0.00905	0.03455	0.20854	0.01885	0.20619	0.08976	0.05817	0.00955	0.02255	0.00193	0.03932	0.01922	0.00453	0.00658
5	0.00713	0.00558	0.00648	0.00641	0.00786	0.00504	0.00474	0.00940	0.03922	0.01761	0.35058	0.13248	0.36271	0.01266	0.00637	0.00180	0.00274	0.01092	0.00539	0.00487
6	0.01247	0.01199	0.02011	0.02780	0.57881	0.01256	0.04407	0.01525	0.01153	0.01657	0.01140	0.08178	0.01063	0.00643	0.00715	0.00176	0.11341	0.00574	0.00282	0.00774
7	0.00682	0.00497	0.00645	0.00730	0.00797	0.00460	0.00513	0.00816	0.01141	0.01522	0.15528	0.55995	0.11174	0.01541	0.00675	0.00208	0.00309	0.05800	0.00513	0.00453
8	0.00794	0.00566	0.00690	0.00677	0.00700	0.00605	0.00435	0.00839	0.00812	0.01104	0.01716	0.03192	0.04256	0.60522	0.16179	0.00555	0.04926	0.00739	0.00319	0.00371
9	0.01023	0.00662	0.00836	0.03818	0.01032	0.00642	0.00601	0.01376	0.09215	0.11579	0.39306	0.12394	0.10294	0.01057	0.00605	0.00176	0.00323	0.00922	0.03556	0.00584
10	0.02005	0.02558	0.01521	0.01383	0.01659	0.78980	0.01037	0.02143	0.01521	0.01314	0.00830	0.00968	0.00691	0.00553	0.00484	0.00138	0.00968	0.00346	0.00277	0.00622
11	0.01069	0.01035	0.01842	0.59197	0.09560	0.01197	0.11889	0.01432	0.01120	0.01462	0.01060	0.01629	0.00845	0.00562	0.00559	0.00181	0.00726	0.03749	0.00257	0.00631

[dist]
# distance from previous block
# <min> <max>
0	1

[block]
# block no. 5 follows, 45 sequences, length 7
# corresponding to MSA columns:
# 842-848
name=unknown_F
#
# <colnr> <probs for GDERKNQSTAVLIFYWHMCP>
#	G	D	E	R	K	N	Q	S	T	A	V	L	I	F	Y	W	H	M	C	P
0	0.01949	0.02027	0.07738	0.01318	0.01715	0.32541	0.01104	0.40505	0.02011	0.02421	0.01079	0.01148	0.00806	0.00597	0.00514	0.00153	0.00758	0.00421	0.00408	0.00787
1	0.00732	0.00533	0.00688	0.00768	0.00853	0.00504	0.00577	0.00885	0.01148	0.01510	0.11528	0.35454	0.13049	0.07609	0.00845	0.00239	0.00367	0.21762	0.00494	0.00454
2	0.54906	0.06849	0.01040	0.00804	0.01126	0.01222	0.00661	0.11055	0.01172	0.05410	0.01135	0.10446	0.01014	0.00661	0.00410	0.00168	0.00439	0.00472	0.00384	0.00628
3	0.00763	0.00523	0.00581	0.00581	0.00602	0.00512	0.00335	0.00779	0.00833	0.01089	0.02136	0.03709	0.10924	0.71669	0.02483	0.00480	0.00491	0.00822	0.00346	0.00340
4	0.01648	0.17351	0.20491	0.01202	0.01721	0.01540	0.01197	0.31959	0.05226	0.07862	0.01193	0.01233	0.00872	0.00572	0.00488	0.00153	0.00612	0.00428	0.00403	0.03848
5	0.01435	0.81458	0.02813	0.00918	0.01378	0.02124	0.00918	0.01607	0.01091	0.01263	0.00746	0.00861	0.00689	0.00459	0.00344	0.00115	0.00574	0.00287	0.00230	0.00689
6	0.05580	0.00684	0.00829	0.00734	0.00942	0.00656	0.00566	0.01544	0.06252	0.20398	0.23310	0.02640	0.07480	0.00954	0.00704	0.09425	0.00346	0.00678	0.15681	0.00597

[dist]
# distance from previous block
# <min> <max>
0	1

[block]
# block no. 6 follows, 45 sequences, length 15
# corresponding to MSA columns:
# 850-864
name=unknown_G
#
# <colnr> <probs for GDERKNQSTAVLIFYWHMCP>
#	G	D	E	R	K	N	Q	S	T	A	V	L	I	F	Y	W	H	M	C	P
0	0.01503	0.72295	0.02671	0.00961	0.01411	0.05442	0.00931	0.06955	0.01212	0.01417	0.00789	0.00896	0.00705	0.00477	0.00364	0.00119	0.00592	0.00304	0.00254	0.00702
1	0.09820	0.00626	0.00701	0.00688	0.00849	0.00609	0.00520	0.01083	0.05497	0.01881	0.33822	0.13384	0.23394	0.01169	0.00607	0.00182	0.00302	0.03834	0.00521	0.00510
2	0.01159	0.09104	0.44256	0.01223	0.01848	0.01146	0.01416	0.01642	0.03365	0.04686	0.05284	0.01317	0.01005	0.00525	0.00478	0.00144	0.00629	0.00412	0.00295	0.20066
3	0.01325	0.00898	0.01070	0.00791	0.01219	0.00705	0.00634	0.01560	0.01188	0.15013	0.01242	0.01332	0.00950	0.00468	0.00420	0.00099	0.00392	0.00376	0.09409	0.60908
4	0.01536	0.01163	0.04517	0.01071	0.01412	0.01195	0.00883	0.10378	0.45329	0.15639	0.07079	0.02105	0.01735	0.00744	0.00554	0.00177	0.00454	0.02641	0.00554	0.00832
5	0.01323	0.03740	0.07704	0.01892	0.02389	0.01264	0.53692	0.01774	0.04630	0.08100	0.01247	0.01615	0.00963	0.06261	0.00755	0.00201	0.00801	0.00609	0.00316	0.00721
6	0.01199	0.01408	0.17290	0.01394	0.06914	0.01141	0.10003	0.02036	0.30623	0.04706	0.09871	0.06038	0.03507	0.00734	0.00566	0.00178	0.00546	0.00654	0.00434	0.00758
7	0.00691	0.00513	0.00632	0.00709	0.00788	0.00474	0.00505	0.00809	0.01091	0.01406	0.05294	0.42593	0.21979	0.09582	0.00885	0.00242	0.00344	0.10542	0.00483	0.00438
8	0.01194	0.09981	0.40742	0.01290	0.01838	0.01294	0.02746	0.04492	0.13438	0.03614	0.09361	0.01583	0.01332	0.00629	0.00571	0.00169	0.04133	0.00495	0.00340	0.00758
9	0.00744	0.04953	0.00768	0.00740	0.00809	0.00554	0.00522	0.00849	0.01081	0.01449	0.14224	0.52485	0.03368	0.06980	0.00873	0.04551	0.00346	0.03787	0.00472	0.00445
10	0.05778	0.01454	0.10858	0.01452	0.11483	0.04213	0.02184	0.12729	0.35342	0.06425	0.01613	0.01594	0.01198	0.00631	0.00526	0.00171	0.00549	0.00518	0.00451	0.00831
11	0.12991	0.09042	0.21640	0.01350	0.06671	0.01194	0.09044	0.03350	0.02675	0.18034	0.01273	0.04048	0.00959	0.00570	0.00492	0.00161	0.00603	0.00473	0.00368	0.05062
12	0.06044	0.19065	0.36714	0.01270	0.03920	0.01374	0.01378	0.05404	0.03394	0.10810	0.01093	0.01180	0.00803	0.00523	0.00465	0.00152	0.00640	0.00393	0.00315	0.05062
13	0.01488	0.50348	0.11855	0.01190	0.01685	0.06679	0.10236	0.01750	0.01182	0.07776	0.00934	0.01053	0.00757	0.00488	0.00425	0.00135	0.00657	0.00368	0.00274	0.00720
14	0.03197	0.05099	0.02974	0.00762	0.00882	0.00618	0.00577	0.00951	0.01098	0.03253	0.11850	0.42634	0.08018	0.07981	0.04222	0.00254	0.00410	0.04277	0.00463	0.00480

[dist]
# distance from previous block
# <min> <max>
0	6

[block]
# block no. 7 follows, 45 sequences, length 17
# corresponding to MSA columns:
# 871-887
name=unknown_H
#
# <colnr> <probs for GDERKNQSTAVLIFYWHMCP>
#	G	D	E	R	K	N	Q	S	T	A	V	L	I	F	Y	W	H	M	C	P
0	0.01211	0.11365	0.08317	0.10805	0.05997	0.05876	0.00978	0.01490	0.01242	0.06319	0.14586	0.01920	0.01655	0.00639	0.00498	0.00142	0.00527	0.04072	0.00361	0.22000
1	0.00982	0.00776	0.00909	0.00989	0.08320	0.03191	0.00664	0.04139	0.09340	0.01807	0.18047	0.05518	0.14866	0.10868	0.00843	0.00216	0.00401	0.06717	0.10846	0.00561
2	0.01180	0.10553	0.28749	0.01397	0.07017	0.01243	0.06387	0.05171	0.12464	0.01805	0.04270	0.09025	0.01307	0.00664	0.00522	0.00164	0.00607	0.00567	0.00341	0.06570
3	0.00662	0.00473	0.00630	0.00742	0.00780	0.00441	0.00499	0.00767	0.01064	0.01428	0.08423	0.75157	0.03661	0.01639	0.00681	0.00214	0.00307	0.01485	0.00505	0.00441
4	0.01195	0.01164	0.02075	0.32701	0.31382	0.01244	0.14930	0.03254	0.01189	0.01615	0.01029	0.01455	0.00826	0.02934	0.00618	0.00182	0.00712	0.00515	0.00264	0.00714
5	0.01089	0.00620	0.00808	0.00778	0.00898	0.00609	0.00577	0.01217	0.01059	0.15168	0.05801	0.03555	0.02143	0.35405	0.12587	0.00431	0.00620	0.15710	0.00429	0.00497
6	0.01190	0.00781	0.01073	0.00894	0.01128	0.00749	0.05815	0.10542	0.01628	0.13203	0.51984	0.03183	0.03722	0.00935	0.00608	0.00168	0.00369	0.00825	0.00573	0.00630
7	0.01368	0.01357	0.02062	0.02777	0.56405	0.06666	0.06121	0.01825	0.10560	0.01770	0.01139	0.01390	0.00930	0.00525	0.00569	0.00164	0.02758	0.00494	0.00301	0.00820
8	0.00806	0.00517	0.00637	0.00637	0.00648	0.00527	0.00389	0.00786	0.00775	0.01044	0.01526	0.03016	0.01699	0.58214	0.11131	0.15703	0.00613	0.00701	0.00304	0.00326
9	0.01340	0.01517	0.02618	0.11633	0.02663	0.11829	0.51374	0.01812	0.06497	0.01658	0.01111	0.01419	0.00843	0.00496	0.00595	0.00175	0.00857	0.00573	0.00287	0.00703
10	0.01177	0.01198	0.01537	0.47260	0.02782	0.14494	0.05015	0.02814	0.01155	0.01408	0.01035	0.01466	0.00830	0.01082	0.12743	0.00277	0.00870	0.00478	0.01787	0.00593
11	0.00948	0.00674	0.00826	0.00757	0.00934	0.00664	0.00578	0.01413	0.14601	0.06485	0.56585	0.03592	0.07781	0.01021	0.00613	0.00172	0.00296	0.00891	0.00583	0.00587
12	0.01593	0.10045	0.01805	0.03362	0.19426	0.18043	0.02358	0.14806	0.15561	0.01949	0.01195	0.01317	0.00946	0.00592	0.00569	0.00159	0.04680	0.00457	0.00361	0.00775
13	0.04880	0.01408	0.01568	0.01251	0.01603	0.11230	0.10126	0.37511	0.03196	0.04746	0.03654	0.06991	0.03609	0.00775	0.00630	0.04424	0.00619	0.00587	0.00449	0.00745
14	0.00670	0.00509	0.00618	0.00667	0.00766	0.00456	0.00471	0.00811	0.01194	0.01560	0.19452	0.40564	0.27406	0.01456	0.00658	0.00196	0.00287	0.01284	0.00518	0.00456
15	0.01632	0.01205	0.01310	0.01109	0.01455	0.01344	0.00882	0.19841	0.50246	0.11874	0.01968	0.01815	0.01432	0.00701	0.00543	0.00175	0.00467	0.00570	0.00559	0.00872
16	0.00681	0.00523	0.00615	0.00648	0.00762	0.00468	0.00466	0.00824	0.01202	0.01550	0.18812	0.27316	0.34546	0.05630	0.00764	0.00210	0.00301	0.03720	0.00508	0.00453

[dist]
# distance from previous block
# <min> <max>
2	10

[block]
# block no. 8 follows, 45 sequences, length 32
# corresponding to MSA columns:
# 902-933
name=unknown_I
#
# <colnr> <probs for GDERKNQSTAVLIFYWHMCP>
#	G	D	E	R	K	N	Q	S	T	A	V	L	I	F	Y	W	H	M	C	P
0	0.05735	0.13547	0.57560	0.01355	0.02047	0.01331	0.01665	0.01752	0.01147	0.07683	0.01012	0.01136	0.00727	0.00514	0.00480	0.00162	0.00716	0.00387	0.00267	0.00777
1	0.01305	0.22591	0.35523	0.01229	0.01772	0.05779	0.01353	0.07570	0.04070	0.03977	0.01206	0.09096	0.01044	0.00640	0.00488	0.00158	0.00659	0.00498	0.00307	0.00736
2	0.01913	0.10345	0.01637	0.01315	0.01617	0.64226	0.01015	0.04886	0.05560	0.01436	0.00911	0.01025	0.00750	0.00557	0.00475	0.00139	0.00885	0.00359	0.00296	0.00652
3	0.11847	0.01638	0.04448	0.01339	0.01595	0.26916	0.10384	0.01711	0.01176	0.05812	0.00997	0.03121	0.00865	0.04193	0.02364	0.00205	0.19998	0.00469	0.00300	0.00624
4	0.76530	0.01212	0.08556	0.00788	0.01167	0.01208	0.00722	0.01590	0.00936	0.02337	0.00769	0.00898	0.00591	0.00499	0.00350	0.00166	0.00453	0.00301	0.00322	0.00603
5	0.29654	0.17670	0.01419	0.00865	0.01261	0.01204	0.00747	0.02061	0.01237	0.37005	0.01377	0.01309	0.00947	0.00567	0.00430	0.00155	0.00467	0.00404	0.00464	0.00756
6	0.01266	0.32899	0.45246	0.01279	0.01925	0.01606	0.01523	0.05655	0.01192	0.01623	0.00898	0.01037	0.00696	0.00498	0.00448	0.00148	0.00698	0.00359	0.00244	0.00760
7	0.00966	0.02872	0.13511	0.00991	0.01291	0.00856	0.05349	0.05724	0.05200	0.01842	0.19590	0.03250	0.17527	0.01137	0.05020	0.00218	0.02056	0.08107	0.03894	0.00600
8	0.01501	0.01149	0.01240	0.01054	0.01371	0.01281	0.00836	0.23437	0.41208	0.05383	0.09446	0.01993	0.01749	0.00733	0.00543	0.00171	0.00447	0.00600	0.05041	0.00817
9	0.01664	0.00992	0.04374	0.00989	0.01295	0.00933	0.02508	0.09829	0.03704	0.33526	0.12549	0.02273	0.06662	0.04284	0.00771	0.00189	0.08430	0.00632	0.03654	0.00742
10	0.00661	0.00509	0.00605	0.00657	0.00761	0.00453	0.00464	0.00794	0.01175	0.01513	0.14528	0.40132	0.32877	0.01472	0.00658	0.00197	0.00288	0.01292	0.00512	0.00453
11	0.20271	0.01359	0.01406	0.01114	0.01497	0.01529	0.00918	0.51619	0.05192	0.04697	0.01200	0.01234	0.00870	0.00629	0.00546	0.00166	0.04002	0.00447	0.00482	0.00823
12	0.16881	0.01263	0.01353	0.04379	0.01553	0.03068	0.00911	0.40257	0.01899	0.16625	0.01406	0.01579	0.01038	0.00662	0.00511	0.00168	0.00543	0.04594	0.00503	0.00810
13	0.00671	0.00505	0.00623	0.00690	0.00779	0.00457	0.00488	0.00803	0.01156	0.01508	0.13883	0.46807	0.24035	0.01506	0.00666	0.00202	0.00299	0.03957	0.00511	0.00452
14	0.01265	0.01250	0.04131	0.22400	0.46885	0.01282	0.05696	0.04667	0.02642	0.01722	0.01027	0.01364	0.00824	0.00512	0.00560	0.00168	0.02069	0.00487	0.00274	0.00775
15	0.00706	0.00509	0.00594	0.00634	0.00690	0.00477	0.00409	0.00777	0.00992	0.01288	0.06234	0.29497	0.19270	0.33764	0.01501	0.00330	0.00385	0.01113	0.00432	0.00398
16	0.00965	0.00846	0.00783	0.00762	0.00817	0.11911	0.00502	0.01013	0.00933	0.01144	0.01752	0.06378	0.04853	0.54716	0.04681	0.00430	0.04025	0.02759	0.00332	0.00399
17	0.84927	0.01038	0.00789	0.00706	0.01038	0.01204	0.00581	0.01578	0.00914	0.02408	0.00747	0.00872	0.00581	0.00498	0.00332	0.00166	0.00415	0.00291	0.00332	0.00581
18	0.01132	0.01525	0.23928	0.07827	0.16642	0.01101	0.07213	0.03319	0.08340	0.03093	0.15486	0.03220	0.01752	0.00678	0.00562	0.00173	0.00606	0.02315	0.00361	0.00727
19	0.02472	0.01013	0.01251	0.04562	0.01460	0.00928	0.03895	0.09324	0.10397	0.07507	0.08888	0.01604	0.01368	0.00562	0.00479	0.00125	0.00447	0.00471	0.00415	0.42831
20	0.00791	0.00636	0.00790	0.07013	0.01087	0.00598	0.00589	0.01055	0.05322	0.01706	0.25130	0.20108	0.22501	0.01155	0.00609	0.00175	0.00331	0.01007	0.00489	0.08906
21	0.10004	0.03064	0.10124	0.01356	0.01812	0.01088	0.22163	0.01950	0.01286	0.29685	0.01623	0.01663	0.05095	0.00610	0.00593	0.00171	0.04074	0.00544	0.00427	0.02666
22	0.42821	0.01112	0.01058	0.00970	0.04366	0.02927	0.00742	0.09523	0.15260	0.09961	0.01472	0.01473	0.05051	0.00619	0.00442	0.00168	0.00453	0.00448	0.00431	0.00703
23	0.01190	0.01000	0.01094	0.00992	0.01258	0.01113	0.00772	0.02349	0.55538	0.02182	0.17607	0.02549	0.02370	0.00823	0.00567	0.00178	0.00392	0.03707	0.00545	0.03773
24	0.01803	0.09986	0.01681	0.01523	0.10491	0.58172	0.01068	0.01972	0.01444	0.01405	0.04977	0.01164	0.00946	0.00565	0.00484	0.00140	0.00852	0.00389	0.00288	0.00649
25	0.00893	0.00659	0.00874	0.00944	0.01086	0.00670	0.00800	0.01269	0.08855	0.01767	0.15991	0.05287	0.03294	0.01339	0.00703	0.00227	0.00445	0.53850	0.00517	0.00532
26	0.09573	0.06155	0.01544	0.01379	0.10460	0.24589	0.00990	0.13935	0.01570	0.22840	0.01265	0.01282	0.00910	0.00579	0.00492	0.00153	0.00656	0.00428	0.00426	0.00775
27	0.01292	0.31316	0.36211	0.05617	0.06236	0.07773	0.01473	0.01681	0.01150	0.01495	0.00875	0.01048	0.00696	0.00495	0.00450	0.00147	0.00714	0.00361	0.00235	0.00734
28	0.00706	0.00500	0.00597	0.00653	0.00689	0.00474	0.00413	0.00765	0.00945	0.01238	0.02718	0.38221	0.11972	0.35838	0.01560	0.00344	0.00397	0.01157	0.00424	0.00390
29	0.01363	0.01324	0.02155	0.07206	0.63530	0.04090	0.05756	0.04888	0.01284	0.01786	0.01017	0.01326	0.00838	0.00490	0.00536	0.00161	0.00667	0.00482	0.00277	0.00824
30	0.09820	0.01240	0.01839	0.02482	0.50984	0.01278	0.01349	0.14111	0.01435	0.04305	0.05187	0.01435	0.01075	0.00547	0.00518	0.00161	0.00582	0.00489	0.00347	0.00817
31	0.13138	0.00892	0.01280	0.03239	0.03545	0.00895	0.14206	0.04996	0.04155	0.05394	0.23384	0.02504	0.08619	0.00773	0.00542	0.00166	0.00451	0.00686	0.10525	0.00614

[dist]
# distance from previous block
# <min> <max>
0	210

# created by:
# /home/berkeley/.conda/envs/busco_data_prod/bin/msa2prfl.pl pipeline/OGs_align_augustus/33634/164343.fs
