[name]
unknown

[dist]
# distance from previous block
# <min> <max>
0	152

[block]
# block no. 0 follows, 44 sequences, length 60
# corresponding to MSA columns:
# 193-252
name=unknown_A
#
# <colnr> <probs for GDERKNQSTAVLIFYWHMCP>
#	G	D	E	R	K	N	Q	S	T	A	V	L	I	F	Y	W	H	M	C	P
0	0.04516	0.15704	0.35764	0.14376	0.07822	0.01422	0.05417	0.01712	0.05283	0.01659	0.01008	0.01222	0.00767	0.00520	0.00496	0.00165	0.00713	0.00423	0.00260	0.00750
1	0.07792	0.01153	0.01597	0.11425	0.01700	0.01575	0.01186	0.01345	0.00875	0.01412	0.00752	0.01202	0.00707	0.00866	0.01514	0.00226	0.63364	0.00464	0.00247	0.00597
2	0.00716	0.00545	0.00734	0.00825	0.00853	0.00563	0.00573	0.00813	0.01023	0.01384	0.02781	0.72745	0.03324	0.01634	0.00803	0.00223	0.08079	0.01445	0.00480	0.00458
3	0.02284	0.00958	0.01261	0.00976	0.01378	0.00867	0.00803	0.09657	0.01657	0.64878	0.07700	0.01969	0.01593	0.00706	0.00555	0.00168	0.00462	0.00576	0.00657	0.00897
4	0.01099	0.01067	0.01886	0.61135	0.13127	0.01241	0.09769	0.01468	0.01131	0.01482	0.00991	0.01442	0.00756	0.00528	0.00555	0.00179	0.00738	0.00502	0.00250	0.00653
5	0.00660	0.00553	0.00575	0.00569	0.00746	0.00467	0.00427	0.00814	0.01281	0.01563	0.14606	0.05098	0.68079	0.01347	0.00644	0.00182	0.00274	0.01130	0.00518	0.00467
6	0.01090	0.01034	0.01442	0.01264	0.01279	0.01406	0.01030	0.01209	0.00837	0.01280	0.00928	0.01571	0.00939	0.09236	0.13755	0.00365	0.60001	0.00524	0.00256	0.00553
7	0.84691	0.01054	0.00801	0.00717	0.01054	0.01223	0.00590	0.01603	0.00928	0.02446	0.00759	0.00886	0.00590	0.00506	0.00337	0.00169	0.00422	0.00295	0.00337	0.00590
8	0.01356	0.01171	0.01233	0.01109	0.01418	0.01356	0.00863	0.02897	0.76455	0.02281	0.02219	0.02034	0.01664	0.00740	0.00555	0.00185	0.00431	0.00616	0.00555	0.00863
9	0.01093	0.02820	0.78016	0.01554	0.02360	0.01266	0.02014	0.01727	0.01151	0.01727	0.00978	0.01151	0.00691	0.00518	0.00518	0.00173	0.00806	0.00403	0.00230	0.00806
10	0.01255	0.05637	0.61611	0.01531	0.02266	0.01265	0.07676	0.01815	0.01200	0.09138	0.01094	0.01234	0.00766	0.00527	0.00524	0.00171	0.00772	0.00432	0.00277	0.00808
11	0.01458	0.81168	0.02857	0.00933	0.01399	0.02157	0.00933	0.01632	0.01108	0.01283	0.00758	0.00875	0.00700	0.00466	0.00350	0.00117	0.00583	0.00292	0.00233	0.00700
12	0.01150	0.01092	0.01853	0.50775	0.31567	0.01243	0.01574	0.01499	0.01147	0.01539	0.00990	0.01414	0.00778	0.00523	0.00543	0.00174	0.00697	0.00485	0.00253	0.00703
13	0.00826	0.00648	0.00886	0.08437	0.01148	0.00672	0.00663	0.01079	0.01434	0.02017	0.61438	0.03625	0.06593	0.01054	0.00724	0.00178	0.06613	0.00902	0.00534	0.00528
14	0.02037	0.02598	0.01545	0.01404	0.01685	0.78652	0.01053	0.02177	0.01545	0.01334	0.00843	0.00983	0.00702	0.00562	0.00492	0.00140	0.00983	0.00351	0.00281	0.00632
15	0.01016	0.00508	0.00508	0.00508	0.00635	0.00508	0.00381	0.01270	0.01143	0.02033	0.01778	0.02033	0.01397	0.00635	0.00381	0.00127	0.00254	0.00508	0.83867	0.00508
16	0.01148	0.00985	0.01139	0.00831	0.01302	0.00777	0.00663	0.01494	0.07102	0.01816	0.01068	0.01202	0.00875	0.00430	0.00416	0.00089	0.00406	0.00346	0.00341	0.77568
17	0.00793	0.00529	0.00595	0.00595	0.00595	0.00529	0.00330	0.00793	0.00793	0.01057	0.01718	0.03568	0.01982	0.80840	0.02775	0.00529	0.00529	0.00793	0.00330	0.00330
18	0.00781	0.00576	0.00837	0.00837	0.00921	0.00660	0.00632	0.00948	0.00865	0.01236	0.01496	0.02341	0.01449	0.14814	0.68073	0.00828	0.01330	0.00613	0.00297	0.00465
19	0.00763	0.00529	0.00624	0.00640	0.00668	0.00527	0.00394	0.00805	0.00869	0.01154	0.02160	0.13450	0.08095	0.56832	0.09790	0.00496	0.00573	0.00898	0.00363	0.00370
20	0.01349	0.01295	0.02213	0.03346	0.77440	0.01295	0.01673	0.01673	0.01241	0.01781	0.01025	0.01349	0.00864	0.00486	0.00540	0.00162	0.00648	0.00486	0.00270	0.00864
21	0.00675	0.00559	0.00595	0.00601	0.00775	0.00479	0.00461	0.00834	0.01273	0.01555	0.12305	0.05204	0.64310	0.01365	0.00653	0.00188	0.00292	0.06892	0.00515	0.00469
22	0.84691	0.01054	0.00801	0.00717	0.01054	0.01223	0.00590	0.01603	0.00928	0.02446	0.00759	0.00886	0.00590	0.00506	0.00337	0.00169	0.00422	0.00295	0.00337	0.00590
23	0.02239	0.00946	0.01239	0.00963	0.01355	0.00858	0.00790	0.09613	0.01646	0.62570	0.08005	0.01983	0.01610	0.00707	0.00551	0.00167	0.00455	0.00576	0.02841	0.00884
24	0.01016	0.00508	0.00508	0.00508	0.00635	0.00508	0.00381	0.01270	0.01143	0.02033	0.01778	0.02033	0.01397	0.00635	0.00381	0.00127	0.00254	0.00508	0.83867	0.00508
25	0.01030	0.00969	0.01635	0.79530	0.03755	0.01211	0.01514	0.01393	0.01090	0.01393	0.00969	0.01453	0.00727	0.00545	0.00545	0.00182	0.00727	0.00484	0.00242	0.00606
26	0.01193	0.01193	0.01670	0.01431	0.01431	0.01670	0.01193	0.01312	0.00835	0.01312	0.00716	0.01193	0.00716	0.00954	0.01789	0.00239	0.79843	0.00477	0.00239	0.00596
27	0.76542	0.01082	0.00872	0.00761	0.01108	0.01242	0.00627	0.06646	0.01058	0.04856	0.00840	0.00944	0.00637	0.00521	0.00358	0.00168	0.00435	0.00316	0.00362	0.00624
28	0.01423	0.73712	0.10009	0.00992	0.01491	0.02072	0.01036	0.01641	0.01112	0.01325	0.00779	0.00901	0.00699	0.00471	0.00366	0.00122	0.00604	0.00302	0.00233	0.00710
29	0.01082	0.01016	0.01677	0.66953	0.11696	0.01228	0.01496	0.01505	0.05177	0.01483	0.01043	0.01473	0.00792	0.00549	0.00545	0.00180	0.00702	0.00492	0.00262	0.00648
30	0.01016	0.00508	0.00508	0.00508	0.00635	0.00508	0.00381	0.01270	0.01143	0.02033	0.01778	0.02033	0.01397	0.00635	0.00381	0.00127	0.00254	0.00508	0.83867	0.00508
31	0.10034	0.07768	0.01621	0.01166	0.01585	0.01657	0.00971	0.57070	0.07837	0.03082	0.01280	0.01288	0.00932	0.00631	0.00510	0.00162	0.00569	0.00465	0.00501	0.00871
32	0.01030	0.00969	0.01635	0.79530	0.03755	0.01211	0.01514	0.01393	0.01090	0.01393	0.00969	0.01453	0.00727	0.00545	0.00545	0.00182	0.00727	0.00484	0.00242	0.00606
33	0.01385	0.00947	0.01480	0.01541	0.16917	0.00901	0.10055	0.06546	0.01353	0.19307	0.02277	0.24456	0.08502	0.00966	0.00609	0.00185	0.00508	0.00883	0.00471	0.00711
34	0.01193	0.01193	0.01670	0.01431	0.01431	0.01670	0.01193	0.01312	0.00835	0.01312	0.00716	0.01193	0.00716	0.00954	0.01789	0.00239	0.79843	0.00477	0.00239	0.00596
35	0.01689	0.01991	0.01556	0.01385	0.01575	0.45476	0.01081	0.01959	0.08620	0.01419	0.00935	0.01156	0.00801	0.00710	0.00930	0.00177	0.27186	0.00419	0.00294	0.00643
36	0.01160	0.01067	0.01749	0.20014	0.42119	0.01102	0.01377	0.01475	0.01247	0.01747	0.12452	0.01959	0.01559	0.00629	0.00558	0.00167	0.00588	0.03468	0.00325	0.05238
37	0.01130	0.00969	0.01130	0.00807	0.01292	0.00727	0.00646	0.01373	0.01130	0.01776	0.00969	0.01130	0.00807	0.00404	0.00404	0.00081	0.00404	0.00323	0.00323	0.84173
38	0.01703	0.00861	0.01104	0.00879	0.01224	0.00762	0.00706	0.04889	0.04178	0.38357	0.23350	0.02357	0.02340	0.00758	0.00552	0.00156	0.00399	0.00637	0.00587	0.14200
39	0.00791	0.00531	0.00608	0.00604	0.00616	0.00527	0.00348	0.00816	0.00866	0.01167	0.09081	0.03617	0.02291	0.73058	0.02567	0.00494	0.00502	0.00812	0.00357	0.00348
40	0.02072	0.01527	0.01636	0.01254	0.01691	0.01691	0.01036	0.75622	0.02563	0.03436	0.01309	0.01309	0.00927	0.00654	0.00545	0.00164	0.00600	0.00491	0.00545	0.00927
41	0.01276	0.01443	0.05120	0.02043	0.02574	0.01322	0.60141	0.01829	0.08608	0.01800	0.01198	0.01489	0.00903	0.00484	0.00612	0.00176	0.00828	0.00609	0.00305	0.07239
42	0.01338	0.01135	0.01194	0.01077	0.01375	0.01310	0.00837	0.02809	0.72387	0.02267	0.02195	0.02034	0.01650	0.00734	0.00545	0.00182	0.00422	0.00611	0.05055	0.00844
43	0.00686	0.00533	0.00627	0.00666	0.00789	0.00474	0.00486	0.00838	0.01234	0.01582	0.17257	0.28735	0.37256	0.01443	0.00666	0.00197	0.00298	0.05244	0.00523	0.00467
44	0.00678	0.00498	0.00640	0.00748	0.00810	0.00460	0.00522	0.00792	0.01090	0.01423	0.03364	0.63564	0.14358	0.01644	0.00693	0.00218	0.00325	0.07217	0.00506	0.00450
45	0.00694	0.00531	0.00637	0.00660	0.00779	0.00474	0.00476	0.00860	0.01287	0.01693	0.29320	0.27215	0.30633	0.01387	0.00659	0.00191	0.00282	0.01213	0.00538	0.00474
46	0.01425	0.01302	0.02093	0.10065	0.40825	0.01325	0.10882	0.15162	0.01465	0.02041	0.01077	0.01350	0.00853	0.00513	0.00544	0.00161	0.00662	0.00494	0.00323	0.07439
47	0.07920	0.01370	0.01702	0.01437	0.01538	0.10777	0.06705	0.01471	0.00961	0.01437	0.00763	0.01164	0.00713	0.00835	0.01434	0.00217	0.58232	0.00460	0.00254	0.00611
48	0.00843	0.00595	0.00797	0.00895	0.01010	0.00584	0.00749	0.01062	0.01223	0.01624	0.06422	0.12724	0.07732	0.04610	0.00796	0.00245	0.00447	0.52152	0.05003	0.00488
49	0.00791	0.00573	0.00849	0.00849	0.00935	0.00659	0.00648	0.00945	0.00860	0.01232	0.01438	0.02185	0.01367	0.08081	0.69221	0.06687	0.01341	0.00588	0.00290	0.00461
50	0.01400	0.01256	0.02208	0.16092	0.05307	0.03585	0.31217	0.01732	0.01225	0.12071	0.01152	0.01439	0.00862	0.00567	0.00730	0.00178	0.10780	0.00540	0.00323	0.07337
51	0.01859	0.02303	0.01571	0.01410	0.01632	0.62484	0.01083	0.01995	0.01396	0.01330	0.00816	0.01027	0.00705	0.00644	0.00764	0.00161	0.17545	0.00378	0.00272	0.00625
52	0.01158	0.01028	0.01181	0.00956	0.05220	0.03846	0.00708	0.01402	0.01175	0.01781	0.05082	0.01295	0.01040	0.00453	0.00427	0.00092	0.00432	0.00368	0.00334	0.72020
53	0.01067	0.00825	0.03000	0.01243	0.14199	0.00757	0.00808	0.01337	0.05086	0.09976	0.11170	0.22606	0.16054	0.01169	0.02683	0.00202	0.02459	0.00942	0.00470	0.03948
54	0.01668	0.01092	0.01501	0.11428	0.01827	0.01127	0.08210	0.24927	0.01712	0.20957	0.04505	0.09374	0.03815	0.00807	0.00587	0.00180	0.00561	0.04446	0.00506	0.00770
55	0.05777	0.01365	0.12199	0.01338	0.01793	0.04106	0.19044	0.01883	0.06356	0.18577	0.05396	0.06813	0.01367	0.00650	0.00551	0.00166	0.00610	0.00596	0.00417	0.10996
56	0.05646	0.00879	0.04943	0.01005	0.07126	0.00751	0.00742	0.03260	0.04300	0.12765	0.14021	0.14709	0.19435	0.01009	0.00583	0.00174	0.00395	0.00862	0.00492	0.06904
57	0.01016	0.01035	0.14869	0.00891	0.01179	0.00708	0.00826	0.04177	0.01281	0.10060	0.09015	0.19160	0.23774	0.04184	0.00705	0.00203	0.00436	0.05415	0.00476	0.00592
58	0.04798	0.01207	0.05227	0.01155	0.05502	0.08508	0.00901	0.06230	0.07292	0.36633	0.01876	0.11916	0.01474	0.00768	0.00547	0.00170	0.00524	0.00633	0.00527	0.04112
59	0.05097	0.01437	0.11835	0.05606	0.07358	0.05296	0.17090	0.04720	0.01411	0.32412	0.01476	0.01519	0.01004	0.00574	0.00552	0.00171	0.00664	0.00519	0.00440	0.00820

[dist]
# distance from previous block
# <min> <max>
2	32

[block]
# block no. 1 follows, 44 sequences, length 23
# corresponding to MSA columns:
# 285-307
name=unknown_B
#
# <colnr> <probs for GDERKNQSTAVLIFYWHMCP>
#	G	D	E	R	K	N	Q	S	T	A	V	L	I	F	Y	W	H	M	C	P
0	0.01457	0.08576	0.13607	0.07168	0.09520	0.01440	0.12025	0.12620	0.11029	0.07387	0.01246	0.01405	0.00940	0.00606	0.00662	0.00175	0.08485	0.00500	0.00362	0.00791
1	0.01010	0.00893	0.09358	0.00843	0.01068	0.00691	0.00712	0.01234	0.03260	0.10526	0.08114	0.21113	0.17265	0.12775	0.00978	0.00237	0.03925	0.00941	0.00457	0.04600
2	0.01439	0.51169	0.05486	0.01159	0.06792	0.05204	0.01000	0.06925	0.04829	0.01620	0.06666	0.01258	0.01111	0.00548	0.00424	0.00133	0.00579	0.00395	0.00305	0.02961
3	0.01311	0.01729	0.19323	0.11531	0.10259	0.10708	0.16332	0.06897	0.01328	0.01752	0.01190	0.04780	0.01004	0.00612	0.00560	0.00171	0.00752	0.04061	0.00303	0.05397
4	0.05382	0.04746	0.07020	0.12861	0.19329	0.01066	0.07917	0.01519	0.01177	0.09531	0.03807	0.07795	0.04982	0.06408	0.03932	0.00227	0.00632	0.00635	0.00352	0.00682
5	0.01341	0.01517	0.17410	0.01913	0.21137	0.01218	0.12592	0.08679	0.05897	0.06955	0.08310	0.04842	0.01410	0.00657	0.00615	0.00176	0.03580	0.00594	0.00371	0.00783
6	0.05134	0.00853	0.04214	0.17815	0.01630	0.00817	0.00839	0.01502	0.04575	0.16152	0.20595	0.06411	0.05645	0.10473	0.00840	0.00220	0.00472	0.00733	0.00466	0.00615
7	0.01296	0.24955	0.08491	0.04012	0.01925	0.02939	0.23241	0.07119	0.01247	0.01628	0.01179	0.08519	0.01077	0.02981	0.02972	0.00197	0.04660	0.00575	0.00300	0.00686
8	0.01209	0.15387	0.53253	0.01480	0.05728	0.04791	0.01682	0.01703	0.01164	0.01643	0.00938	0.01107	0.00709	0.00502	0.00482	0.00155	0.00741	0.00381	0.00241	0.06704
9	0.01466	0.31000	0.23243	0.01234	0.01733	0.07033	0.04829	0.01783	0.01215	0.11054	0.04167	0.01265	0.00969	0.00574	0.00559	0.00154	0.06254	0.00418	0.00309	0.00740
10	0.00786	0.00526	0.00596	0.00603	0.00604	0.00524	0.00339	0.00791	0.00805	0.01074	0.01782	0.07396	0.02063	0.76901	0.02671	0.00513	0.00518	0.00830	0.00339	0.00336
11	0.01021	0.16141	0.34162	0.01094	0.01529	0.01126	0.01190	0.01339	0.01045	0.01440	0.01441	0.14818	0.01466	0.18714	0.01023	0.00250	0.00622	0.00661	0.00299	0.00620
12	0.01497	0.40198	0.11259	0.01150	0.04865	0.01546	0.03999	0.01797	0.03480	0.14901	0.07114	0.01527	0.03336	0.00593	0.00462	0.00145	0.00567	0.00460	0.00359	0.00745
13	0.00863	0.00624	0.00721	0.00694	0.00716	0.00673	0.00433	0.00980	0.06135	0.01163	0.01678	0.03280	0.01864	0.69162	0.02544	0.00482	0.06505	0.00757	0.00339	0.00388
14	0.00783	0.00566	0.00783	0.00783	0.00848	0.00631	0.00565	0.00914	0.00849	0.01197	0.01545	0.02613	0.01567	0.29445	0.53603	0.00761	0.01152	0.00653	0.00305	0.00435
15	0.01071	0.02659	0.72527	0.01492	0.02250	0.01213	0.01908	0.01677	0.01179	0.01759	0.06388	0.01358	0.01007	0.00560	0.00527	0.00173	0.00767	0.00444	0.00256	0.00785
16	0.01314	0.33656	0.42236	0.01291	0.01927	0.04725	0.01510	0.04694	0.01207	0.01605	0.00899	0.01042	0.00704	0.00505	0.00452	0.00149	0.00717	0.00360	0.00246	0.00762
17	0.00749	0.00557	0.00700	0.00727	0.00849	0.00515	0.00557	0.00946	0.01320	0.01762	0.33017	0.16100	0.20437	0.03968	0.00743	0.00209	0.00328	0.15496	0.00537	0.00483
18	0.00816	0.00575	0.00756	0.00746	0.00782	0.00632	0.00511	0.00878	0.00820	0.01139	0.01522	0.02792	0.01620	0.42869	0.31250	0.06546	0.04368	0.00678	0.00305	0.00394
19	0.01014	0.12288	0.38478	0.01220	0.01713	0.01111	0.03331	0.01409	0.01149	0.01595	0.03917	0.18789	0.03890	0.00891	0.00564	0.00183	0.00617	0.06841	0.00333	0.00668
20	0.01061	0.02643	0.72178	0.01494	0.02241	0.01204	0.01901	0.01654	0.01143	0.01701	0.01131	0.07135	0.00911	0.00608	0.00531	0.00176	0.00769	0.00489	0.00251	0.00778
21	0.00871	0.00568	0.00725	0.00761	0.00855	0.00536	0.00532	0.03960	0.01201	0.06948	0.13383	0.51527	0.06670	0.07757	0.00834	0.00231	0.00345	0.01279	0.00519	0.00499
22	0.05086	0.01173	0.01257	0.01009	0.01353	0.01272	0.00820	0.42414	0.07266	0.09390	0.01543	0.01574	0.01121	0.00651	0.00496	0.00157	0.00482	0.00501	0.21632	0.00803

[dist]
# distance from previous block
# <min> <max>
0	1

[block]
# block no. 2 follows, 44 sequences, length 66
# corresponding to MSA columns:
# 309-374
name=unknown_C
#
# <colnr> <probs for GDERKNQSTAVLIFYWHMCP>
#	G	D	E	R	K	N	Q	S	T	A	V	L	I	F	Y	W	H	M	C	P
0	0.03316	0.01301	0.02152	0.03185	0.72038	0.01313	0.01618	0.05215	0.01297	0.01876	0.01033	0.01337	0.00860	0.00494	0.00535	0.00162	0.00640	0.00482	0.00285	0.00860
1	0.00874	0.00560	0.00691	0.00677	0.00724	0.00578	0.00438	0.00938	0.00859	0.04753	0.01678	0.03100	0.01787	0.56314	0.20841	0.00584	0.00741	0.00723	0.02738	0.00401
2	0.84691	0.01054	0.00801	0.00717	0.01054	0.01223	0.00590	0.01603	0.00928	0.02446	0.00759	0.00886	0.00590	0.00506	0.00337	0.00169	0.00422	0.00295	0.00337	0.00590
3	0.01161	0.01641	0.25590	0.18575	0.28851	0.01199	0.01612	0.03299	0.01202	0.01695	0.01252	0.04235	0.03900	0.00588	0.00540	0.00170	0.00680	0.00519	0.00277	0.03013
4	0.00701	0.00531	0.00646	0.00667	0.00783	0.00477	0.00481	0.00873	0.01303	0.01732	0.33238	0.27048	0.26795	0.01372	0.00659	0.00190	0.00281	0.01203	0.00544	0.00477
5	0.01195	0.16065	0.58428	0.01486	0.02207	0.01437	0.06357	0.03771	0.01191	0.01700	0.00958	0.01128	0.00707	0.00509	0.00498	0.00164	0.00769	0.00401	0.00242	0.00787
6	0.05996	0.09075	0.58462	0.01380	0.02070	0.01310	0.01693	0.01787	0.05812	0.03239	0.01073	0.01210	0.00782	0.00534	0.00492	0.00167	0.00717	0.00407	0.03014	0.00780
7	0.00709	0.00521	0.00674	0.00770	0.00849	0.00485	0.00564	0.00851	0.01146	0.01501	0.08153	0.50075	0.14684	0.01582	0.00696	0.00218	0.00342	0.15209	0.00511	0.00461
8	0.01524	0.01684	0.01561	0.01352	0.01570	0.34596	0.08334	0.01718	0.01342	0.04026	0.11630	0.01953	0.01552	0.00794	0.00832	0.00180	0.17923	0.06464	0.00346	0.00617
9	0.00720	0.00555	0.00657	0.00631	0.00783	0.00492	0.00474	0.00929	0.01421	0.01896	0.47994	0.04550	0.34483	0.01223	0.00644	0.00177	0.00265	0.01053	0.00562	0.00492
10	0.01117	0.00545	0.00583	0.00557	0.00708	0.00532	0.00423	0.01368	0.01202	0.08196	0.06439	0.02143	0.01624	0.00668	0.00411	0.00133	0.00271	0.00541	0.71995	0.00543
11	0.01415	0.68347	0.10297	0.01006	0.01497	0.02018	0.01037	0.01720	0.05785	0.01389	0.00871	0.00974	0.00759	0.00489	0.00379	0.00126	0.00596	0.00323	0.00253	0.00720
12	0.02037	0.02598	0.01545	0.01404	0.01685	0.78652	0.01053	0.02177	0.01545	0.01334	0.00843	0.00983	0.00702	0.00562	0.00492	0.00140	0.00983	0.00351	0.00281	0.00632
13	0.00691	0.00501	0.00656	0.00756	0.00816	0.00466	0.00530	0.00818	0.01127	0.01498	0.10732	0.60859	0.09415	0.01606	0.00691	0.00216	0.00322	0.07327	0.00515	0.00456
14	0.69951	0.00995	0.00800	0.00704	0.01034	0.01115	0.00575	0.01552	0.00965	0.02352	0.00873	0.01015	0.00685	0.00510	0.00347	0.00158	0.00404	0.00318	0.08277	0.07370
15	0.01412	0.71375	0.12251	0.01010	0.01519	0.02046	0.01068	0.01644	0.01113	0.01338	0.00785	0.00909	0.00698	0.00473	0.00371	0.00124	0.00611	0.00305	0.00233	0.00713
16	0.01193	0.01193	0.01670	0.01431	0.01431	0.01670	0.01193	0.01312	0.00835	0.01312	0.00716	0.01193	0.00716	0.00954	0.01789	0.00239	0.79843	0.00477	0.00239	0.00596
17	0.00782	0.00558	0.00768	0.00894	0.00977	0.00544	0.00711	0.00962	0.01160	0.01523	0.02940	0.39673	0.03349	0.01597	0.00727	0.00238	0.00418	0.41201	0.00504	0.00475
18	0.00742	0.00550	0.00694	0.00686	0.00813	0.00502	0.00513	0.00959	0.01419	0.01943	0.52460	0.13233	0.17547	0.01249	0.00655	0.00183	0.00279	0.04511	0.00568	0.00496
19	0.84691	0.01054	0.00801	0.00717	0.01054	0.01223	0.00590	0.01603	0.00928	0.02446	0.00759	0.00886	0.00590	0.00506	0.00337	0.00169	0.00422	0.00295	0.00337	0.00590
20	0.01821	0.02239	0.01577	0.01411	0.01620	0.58970	0.01089	0.01956	0.01363	0.01329	0.00810	0.01037	0.00706	0.00662	0.00823	0.00166	0.21144	0.00383	0.00270	0.00623
21	0.00767	0.00556	0.00725	0.00693	0.00819	0.00513	0.00520	0.01016	0.01512	0.02127	0.70942	0.06667	0.06982	0.01151	0.00648	0.00175	0.00266	0.02819	0.00592	0.00510
22	0.00792	0.00575	0.00863	0.00863	0.00952	0.00665	0.00665	0.00952	0.00863	0.01240	0.01419	0.02102	0.01329	0.03911	0.72463	0.07638	0.01380	0.00575	0.00288	0.00466
23	0.01497	0.00705	0.00907	0.00772	0.01028	0.00628	0.00608	0.01717	0.01453	0.34182	0.25929	0.05251	0.10638	0.00912	0.00571	0.00167	0.00348	0.00773	0.11233	0.00681
24	0.01305	0.01250	0.02133	0.13830	0.67299	0.01284	0.01651	0.01635	0.01221	0.01728	0.01018	0.01364	0.00845	0.00494	0.00540	0.00165	0.00659	0.00486	0.00266	0.00828
25	0.00792	0.00549	0.00689	0.00693	0.00727	0.00577	0.00455	0.00859	0.00836	0.01141	0.01688	0.03251	0.01846	0.55161	0.24985	0.00620	0.00801	0.03621	0.00326	0.00383
26	0.01475	0.08557	0.25281	0.01127	0.01561	0.08600	0.01129	0.04907	0.01258	0.18119	0.01422	0.03950	0.01183	0.15096	0.03789	0.00254	0.00681	0.00532	0.00373	0.00704
27	0.01452	0.70679	0.02691	0.07340	0.01605	0.05952	0.00986	0.01641	0.01128	0.01294	0.00779	0.00927	0.00702	0.00478	0.00373	0.00123	0.00615	0.00310	0.00236	0.00689
28	0.01093	0.02820	0.78016	0.01554	0.02360	0.01266	0.02014	0.01727	0.01151	0.01727	0.00978	0.01151	0.00691	0.00518	0.00518	0.00173	0.00806	0.00403	0.00230	0.00806
29	0.01093	0.02820	0.78016	0.01554	0.02360	0.01266	0.02014	0.01727	0.01151	0.01727	0.00978	0.01151	0.00691	0.00518	0.00518	0.00173	0.00806	0.00403	0.00230	0.00806
30	0.01286	0.35502	0.08944	0.01218	0.01573	0.01659	0.10219	0.01534	0.01075	0.01481	0.00940	0.01194	0.00807	0.00605	0.00741	0.00160	0.19095	0.00416	0.10886	0.00665
31	0.02393	0.00952	0.01272	0.00982	0.01400	0.00844	0.00809	0.04358	0.04610	0.73041	0.02134	0.01850	0.01352	0.00677	0.00548	0.00169	0.00466	0.00550	0.00667	0.00925
32	0.01944	0.15465	0.05318	0.01081	0.01502	0.02738	0.03648	0.14932	0.01582	0.37059	0.01705	0.07906	0.01280	0.00700	0.00525	0.00163	0.00540	0.00566	0.00516	0.00829
33	0.01781	0.21816	0.13693	0.01477	0.14956	0.01332	0.01182	0.04111	0.01353	0.31032	0.01392	0.01392	0.00984	0.00563	0.00491	0.00155	0.00583	0.00448	0.00418	0.00839
34	0.02035	0.00822	0.01060	0.00846	0.01185	0.00737	0.00688	0.03784	0.01464	0.54908	0.02028	0.01894	0.01354	0.00663	0.00501	0.00157	0.00408	0.00536	0.24122	0.00809
35	0.00908	0.00839	0.01489	0.07807	0.03296	0.00846	0.20125	0.01131	0.01109	0.01495	0.02161	0.44883	0.02402	0.01210	0.00732	0.00209	0.05187	0.03215	0.00403	0.00552
36	0.01419	0.01506	0.09942	0.02446	0.39502	0.05313	0.12261	0.01948	0.11826	0.06533	0.01260	0.01455	0.00974	0.00537	0.00553	0.00169	0.00679	0.00515	0.00332	0.00831
37	0.14967	0.05534	0.01307	0.01045	0.04085	0.01109	0.00821	0.13805	0.01513	0.29279	0.10672	0.05472	0.01631	0.00745	0.00598	0.00172	0.05383	0.00578	0.00517	0.00766
38	0.00757	0.00585	0.00693	0.00782	0.00846	0.03352	0.00551	0.00875	0.01101	0.01431	0.06444	0.52998	0.07930	0.08834	0.00880	0.00246	0.00378	0.10381	0.00486	0.00451
39	0.01381	0.01316	0.01381	0.01344	0.08321	0.18315	0.03874	0.14494	0.01372	0.01721	0.01262	0.01802	0.01132	0.07182	0.25641	0.02062	0.03877	0.02557	0.00337	0.00630
40	0.70706	0.01284	0.08038	0.00836	0.01214	0.04297	0.00751	0.01682	0.03625	0.02329	0.00834	0.00955	0.00642	0.00518	0.00368	0.00169	0.00480	0.00319	0.00333	0.00622
41	0.01049	0.00989	0.01671	0.74805	0.08324	0.01216	0.01524	0.01410	0.01099	0.01417	0.00972	0.01447	0.00735	0.00541	0.00545	0.00180	0.00722	0.00485	0.00244	0.00622
42	0.00793	0.00540	0.00684	0.00687	0.00716	0.00568	0.00445	0.00840	0.00820	0.01122	0.01640	0.05265	0.01795	0.52191	0.24749	0.04923	0.00790	0.00737	0.00319	0.00374
43	0.00780	0.00578	0.00843	0.00843	0.00929	0.00663	0.00640	0.00952	0.00866	0.01241	0.01491	0.02311	0.01436	0.13188	0.69682	0.00835	0.01350	0.00609	0.00297	0.00468
44	0.24283	0.21502	0.01639	0.00955	0.01371	0.01289	0.04297	0.02068	0.01261	0.34371	0.01371	0.01325	0.00954	0.00566	0.00445	0.00156	0.00504	0.00419	0.00452	0.00770
45	0.74335	0.01178	0.00955	0.00830	0.01174	0.06043	0.03260	0.03706	0.01024	0.02380	0.00792	0.00924	0.00615	0.00512	0.00363	0.00167	0.00479	0.00316	0.00338	0.00607
46	0.01066	0.00998	0.01681	0.62370	0.15461	0.01192	0.01488	0.01412	0.01101	0.01448	0.01009	0.01479	0.00788	0.00755	0.05390	0.00222	0.00759	0.00491	0.00250	0.00640
47	0.01065	0.00932	0.01251	0.15600	0.09484	0.00852	0.00890	0.01369	0.03917	0.01692	0.04195	0.07535	0.05933	0.00634	0.00495	0.00132	0.00470	0.00547	0.00346	0.42661
48	0.00771	0.00543	0.00690	0.00760	0.00864	0.00499	0.00566	0.00921	0.01186	0.04202	0.09532	0.41110	0.19870	0.01514	0.00686	0.00213	0.00342	0.14733	0.00519	0.00480
49	0.01144	0.13953	0.10433	0.01061	0.01409	0.01062	0.08444	0.07378	0.01397	0.05485	0.18606	0.05786	0.13537	0.00911	0.00581	0.00174	0.00505	0.07056	0.00438	0.00642
50	0.06342	0.00635	0.00741	0.00677	0.00869	0.00602	0.00519	0.01405	0.01305	0.14755	0.22906	0.09179	0.04210	0.00869	0.00512	0.00157	0.00310	0.00732	0.30721	0.02552
51	0.08269	0.02517	0.65256	0.01436	0.02171	0.01225	0.01795	0.01792	0.01165	0.07967	0.01055	0.01186	0.00736	0.00530	0.00505	0.00172	0.00745	0.00406	0.00275	0.00797
52	0.00838	0.00601	0.00772	0.00868	0.07144	0.00615	0.00494	0.00893	0.00843	0.01148	0.01622	0.03176	0.01799	0.63046	0.13468	0.00547	0.00672	0.00737	0.00320	0.00398
53	0.01865	0.01405	0.01561	0.07832	0.01802	0.01568	0.01038	0.59926	0.08391	0.03110	0.04929	0.01510	0.01169	0.00674	0.00551	0.00167	0.00581	0.00524	0.00523	0.00875
54	0.01299	0.00994	0.01160	0.00847	0.01311	0.00801	0.00682	0.07488	0.01288	0.08326	0.01277	0.01369	0.03888	0.00486	0.00437	0.00099	0.00420	0.00388	0.00378	0.67062
55	0.01049	0.00619	0.00818	0.00733	0.00910	0.00562	0.00562	0.01299	0.01546	0.14721	0.64722	0.03705	0.04515	0.01042	0.00627	0.00171	0.00291	0.00913	0.00613	0.00583
56	0.01509	0.01206	0.01268	0.01114	0.01439	0.03153	0.00873	0.07370	0.63775	0.08714	0.02124	0.01949	0.01569	0.00725	0.00552	0.00181	0.00458	0.00597	0.00558	0.00867
57	0.01512	0.69067	0.05464	0.01011	0.01468	0.11104	0.00987	0.01700	0.01161	0.01305	0.00776	0.00897	0.00700	0.00480	0.00373	0.00121	0.00638	0.00303	0.00239	0.00696
58	0.00782	0.00524	0.00598	0.00609	0.00611	0.00521	0.00345	0.00790	0.00814	0.01085	0.01827	0.10069	0.02119	0.74152	0.02599	0.00503	0.00511	0.00857	0.00345	0.00340
59	0.07948	0.00994	0.01491	0.57122	0.03057	0.01191	0.01320	0.07867	0.01234	0.04188	0.01182	0.01805	0.00957	0.00637	0.00546	0.00184	0.00663	0.06666	0.00312	0.00634
60	0.01097	0.08916	0.61808	0.08057	0.02326	0.01295	0.01813	0.01645	0.01137	0.01646	0.01055	0.04894	0.00832	0.00572	0.00515	0.00171	0.00758	0.00455	0.00244	0.00763
61	0.02253	0.00980	0.01271	0.00985	0.01384	0.00900	0.00810	0.12636	0.01698	0.61112	0.08373	0.01967	0.01612	0.00709	0.00556	0.00168	0.00465	0.00577	0.00651	0.00893
62	0.01038	0.00969	0.01593	0.72876	0.03547	0.01170	0.01441	0.01391	0.01094	0.01425	0.00969	0.01426	0.00734	0.00533	0.00533	0.00173	0.00699	0.00471	0.00249	0.07669
63	0.01137	0.00544	0.00572	0.00547	0.00699	0.00533	0.00417	0.01388	0.01179	0.08438	0.01810	0.02018	0.01393	0.00639	0.00395	0.00131	0.00272	0.00512	0.76835	0.00544
64	0.01057	0.00986	0.01601	0.72902	0.03557	0.01223	0.01459	0.01520	0.07460	0.01468	0.01075	0.01503	0.00806	0.00562	0.00546	0.00182	0.00702	0.00496	0.00269	0.00627
65	0.01405	0.14484	0.02867	0.01891	0.02373	0.01481	0.50885	0.01769	0.01244	0.08065	0.01103	0.01383	0.00841	0.00519	0.00680	0.00176	0.07235	0.00564	0.00299	0.00734

[dist]
# distance from previous block
# <min> <max>
0	1

[block]
# block no. 3 follows, 44 sequences, length 24
# corresponding to MSA columns:
# 376-393,397-402
name=unknown_D
#
# <colnr> <probs for GDERKNQSTAVLIFYWHMCP>
#	G	D	E	R	K	N	Q	S	T	A	V	L	I	F	Y	W	H	M	C	P
0	0.00873	0.08659	0.00989	0.00777	0.00876	0.00798	0.00578	0.01001	0.00980	0.01351	0.14315	0.02811	0.02130	0.30945	0.25905	0.00520	0.04989	0.00693	0.00350	0.00462
1	0.01426	0.53457	0.06377	0.01021	0.01462	0.01882	0.00974	0.03783	0.21500	0.01628	0.01178	0.01213	0.00965	0.00548	0.00419	0.00139	0.00554	0.00390	0.00328	0.00755
2	0.09708	0.07276	0.42315	0.11473	0.02182	0.01235	0.01529	0.01823	0.01187	0.14664	0.01140	0.01265	0.00798	0.00544	0.00497	0.00169	0.00684	0.00420	0.00318	0.00772
3	0.27796	0.03449	0.05595	0.19040	0.04211	0.03793	0.00955	0.05416	0.01202	0.07716	0.01777	0.01887	0.13749	0.00685	0.00487	0.00172	0.00533	0.00528	0.00368	0.00641
4	0.12902	0.01220	0.11250	0.01147	0.01497	0.01072	0.09910	0.01895	0.23874	0.05855	0.05888	0.15131	0.01779	0.00822	0.00553	0.00184	0.00505	0.00719	0.03092	0.00704
5	0.01016	0.00508	0.00508	0.00508	0.00635	0.00508	0.00381	0.01270	0.01143	0.02033	0.01778	0.02033	0.01397	0.00635	0.00381	0.00127	0.00254	0.00508	0.83867	0.00508
6	0.07164	0.11720	0.01415	0.02370	0.03109	0.16549	0.00842	0.05399	0.14161	0.15399	0.02118	0.02054	0.13999	0.00738	0.00514	0.00162	0.00557	0.00568	0.00445	0.00720
7	0.00990	0.00903	0.01493	0.55439	0.10519	0.01068	0.01326	0.01297	0.01089	0.01427	0.01340	0.14909	0.01255	0.00875	0.03620	0.00214	0.00678	0.00670	0.00292	0.00599
8	0.57513	0.01151	0.01208	0.01271	0.14168	0.01275	0.02995	0.09058	0.01173	0.04536	0.00909	0.01051	0.00699	0.00521	0.00407	0.00167	0.00494	0.00364	0.00354	0.00684
9	0.53312	0.00973	0.00969	0.14127	0.01504	0.01094	0.00742	0.01453	0.00955	0.02047	0.00836	0.01085	0.00672	0.00641	0.00559	0.08568	0.00477	0.00348	0.00310	0.09330
10	0.01140	0.00854	0.01037	0.00952	0.01111	0.08498	0.03688	0.01309	0.01043	0.11224	0.01574	0.05323	0.01455	0.14419	0.43166	0.00605	0.01077	0.00628	0.00354	0.00544
11	0.00987	0.00593	0.00728	0.13968	0.01189	0.00629	0.00591	0.01260	0.01186	0.01944	0.11446	0.02199	0.01771	0.00682	0.00443	0.00142	0.00335	0.00566	0.58815	0.00526
12	0.01733	0.02066	0.01366	0.01244	0.01502	0.55310	0.00937	0.02075	0.11289	0.01602	0.13998	0.01645	0.01583	0.00679	0.00526	0.00152	0.00788	0.00494	0.00371	0.00642
13	0.00802	0.00577	0.00736	0.10891	0.01039	0.00603	0.00514	0.00865	0.00874	0.01158	0.01839	0.16372	0.02095	0.56939	0.02131	0.00431	0.00518	0.00881	0.00349	0.00385
14	0.00934	0.11054	0.01020	0.00841	0.00997	0.00766	0.00707	0.01152	0.01213	0.01673	0.09874	0.15977	0.02797	0.01215	0.00618	0.00200	0.00417	0.33371	0.14653	0.00521
15	0.01321	0.01220	0.01660	0.11561	0.01778	0.01614	0.01208	0.13958	0.01162	0.01684	0.00849	0.01246	0.00753	0.00850	0.01416	0.00218	0.56076	0.00480	0.00291	0.00654
16	0.01025	0.00639	0.00784	0.00741	0.00931	0.00584	0.00582	0.03356	0.01406	0.12539	0.26545	0.08272	0.25347	0.01181	0.00634	0.00186	0.00337	0.10438	0.03911	0.00563
17	0.01538	0.01357	0.01749	0.08179	0.39958	0.14291	0.01315	0.01810	0.01317	0.11576	0.01285	0.01661	0.01045	0.00592	0.00534	0.00163	0.00653	0.04362	0.05845	0.00770
18	0.01247	0.00963	0.03164	0.12062	0.04028	0.00943	0.00910	0.01769	0.17541	0.11635	0.01872	0.15325	0.01690	0.00852	0.00594	0.00174	0.02577	0.05868	0.00445	0.16340
19	0.01057	0.01006	0.11024	0.14239	0.01623	0.00780	0.00916	0.01367	0.01348	0.09465	0.32950	0.02770	0.08035	0.00833	0.00573	0.00164	0.00447	0.00716	0.00460	0.10227
20	0.15824	0.09162	0.01408	0.00953	0.01388	0.01234	0.00797	0.22362	0.01556	0.13201	0.01176	0.01217	0.00871	0.00536	0.00447	0.00135	0.00488	0.00394	0.00429	0.26422
21	0.01073	0.01009	0.04484	0.30774	0.04278	0.02314	0.05059	0.03239	0.01160	0.03694	0.01578	0.15205	0.03153	0.00888	0.02103	0.00195	0.04384	0.04993	0.00341	0.10075
22	0.04873	0.03152	0.03263	0.08927	0.03973	0.01047	0.02166	0.18975	0.01534	0.16945	0.01766	0.16167	0.01556	0.00836	0.00551	0.00174	0.00503	0.03212	0.06128	0.04254
23	0.11655	0.00605	0.00691	0.00739	0.00859	0.00597	0.00552	0.00969	0.01121	0.01625	0.09905	0.28426	0.15616	0.09833	0.00867	0.00242	0.00374	0.14382	0.00473	0.00470

[dist]
# distance from previous block
# <min> <max>
2	11

[block]
# block no. 4 follows, 44 sequences, length 6
# corresponding to MSA columns:
# 414-419
name=unknown_E
#
# <colnr> <probs for GDERKNQSTAVLIFYWHMCP>
#	G	D	E	R	K	N	Q	S	T	A	V	L	I	F	Y	W	H	M	C	P
0	0.05904	0.09084	0.24286	0.04686	0.01713	0.01321	0.01204	0.18593	0.04478	0.02115	0.01200	0.01383	0.00922	0.00843	0.06181	0.00213	0.03591	0.00449	0.11098	0.00736
1	0.00715	0.00507	0.00664	0.00753	0.00802	0.00481	0.00521	0.00833	0.01093	0.01469	0.11886	0.53883	0.03538	0.11806	0.00963	0.00258	0.00355	0.08535	0.00495	0.00443
2	0.01230	0.07875	0.41575	0.10402	0.05268	0.01232	0.05603	0.01698	0.01177	0.06799	0.01048	0.01235	0.00769	0.00509	0.00504	0.00158	0.00705	0.00420	0.00278	0.11517
3	0.07492	0.04629	0.15189	0.16489	0.20500	0.01228	0.06770	0.05008	0.01282	0.09037	0.06237	0.01520	0.01116	0.00569	0.00530	0.00169	0.00645	0.00500	0.00335	0.00754
4	0.15632	0.14436	0.22324	0.04400	0.03368	0.01283	0.03382	0.01519	0.03447	0.01737	0.04427	0.05804	0.06229	0.00726	0.00585	0.00175	0.05984	0.03556	0.00321	0.00664
5	0.08221	0.00841	0.01145	0.11023	0.01496	0.00855	0.03310	0.04659	0.01244	0.28052	0.03517	0.04581	0.01418	0.11694	0.09800	0.02459	0.00620	0.00597	0.03805	0.00663

[dist]
# distance from previous block
# <min> <max>
0	426

# created by:
# /home/berkeley/.conda/envs/busco_data_prod/bin/msa2prfl.pl pipeline/OGs_align_augustus/33634/164446.fs
