[name]
unknown

[dist]
# distance from previous block
# <min> <max>
0	74

[block]
# block no. 0 follows, 44 sequences, length 14
# corresponding to MSA columns:
# 74-87
name=unknown_A
#
# <colnr> <probs for GDERKNQSTAVLIFYWHMCP>
#	G	D	E	R	K	N	Q	S	T	A	V	L	I	F	Y	W	H	M	C	P
0	0.01500	0.08181	0.13572	0.08102	0.18338	0.01390	0.12955	0.12321	0.02899	0.10164	0.01176	0.01363	0.00878	0.00560	0.00595	0.00170	0.04195	0.00491	0.00347	0.00805
1	0.04071	0.16391	0.01776	0.01206	0.01512	0.16009	0.01007	0.23872	0.01562	0.02022	0.00966	0.01140	0.00792	0.00653	0.00763	0.00163	0.18519	0.00412	0.02544	0.04618
2	0.00702	0.00530	0.00633	0.00654	0.00763	0.00478	0.00463	0.00854	0.01243	0.01638	0.26918	0.25368	0.27948	0.08279	0.00843	0.00220	0.00303	0.01178	0.00520	0.00461
3	0.00721	0.00538	0.00675	0.00732	0.00820	0.00506	0.00514	0.00931	0.04821	0.01638	0.21365	0.48750	0.13005	0.01476	0.00670	0.00203	0.00302	0.01318	0.00531	0.00483
4	0.05890	0.01458	0.01543	0.01210	0.01625	0.01624	0.00992	0.62544	0.12212	0.03237	0.01403	0.01384	0.01008	0.00659	0.00537	0.00167	0.00569	0.00498	0.00537	0.00903
5	0.00923	0.00678	0.00801	0.00742	0.00927	0.00659	0.00565	0.01370	0.14209	0.05690	0.44731	0.03882	0.20537	0.01089	0.00624	0.00176	0.00301	0.00939	0.00575	0.00581
6	0.01454	0.03227	0.19373	0.09449	0.10308	0.01264	0.08518	0.08128	0.11157	0.13326	0.03858	0.01561	0.01120	0.00613	0.00604	0.00175	0.04156	0.00521	0.00388	0.00800
7	0.01305	0.07390	0.03024	0.02097	0.02622	0.01435	0.63673	0.01834	0.07549	0.01756	0.01170	0.01473	0.00888	0.00483	0.00614	0.00179	0.00853	0.00615	0.00296	0.00743
8	0.00722	0.00517	0.00597	0.00635	0.00684	0.00488	0.00401	0.00780	0.00966	0.01248	0.02928	0.27113	0.18736	0.39812	0.01688	0.00362	0.00410	0.01098	0.00421	0.00392
9	0.17448	0.19625	0.01600	0.01031	0.01378	0.03430	0.00867	0.12483	0.26873	0.02151	0.01350	0.01381	0.01056	0.00709	0.02464	0.00182	0.04359	0.00448	0.00409	0.00754
10	0.01401	0.01043	0.04950	0.09937	0.12042	0.00955	0.01016	0.05408	0.07602	0.17369	0.07030	0.07971	0.01698	0.00771	0.00560	0.00169	0.00507	0.06715	0.00453	0.12404
11	0.03380	0.05134	0.30409	0.01371	0.06100	0.01203	0.02754	0.10743	0.04223	0.21671	0.01358	0.01384	0.00944	0.00570	0.00515	0.00162	0.00627	0.00456	0.00407	0.06590
12	0.30766	0.01500	0.04985	0.01029	0.01380	0.16733	0.00851	0.18159	0.01475	0.09556	0.01123	0.01329	0.00882	0.07274	0.00647	0.00192	0.00606	0.00421	0.00399	0.00695
13	0.01106	0.00644	0.00813	0.00777	0.00942	0.00595	0.00572	0.04894	0.01335	0.16572	0.17866	0.33014	0.12681	0.04668	0.00731	0.00207	0.00351	0.01106	0.00552	0.00573

[dist]
# distance from previous block
# <min> <max>
0	1

[block]
# block no. 1 follows, 44 sequences, length 16
# corresponding to MSA columns:
# 89-104
name=unknown_B
#
# <colnr> <probs for GDERKNQSTAVLIFYWHMCP>
#	G	D	E	R	K	N	Q	S	T	A	V	L	I	F	Y	W	H	M	C	P
0	0.04511	0.03705	0.16279	0.10901	0.07472	0.07121	0.18315	0.06320	0.01323	0.10811	0.01246	0.01443	0.02764	0.00579	0.00613	0.00174	0.04834	0.00508	0.00332	0.00749
1	0.00853	0.00732	0.03312	0.17649	0.03737	0.00730	0.00820	0.04310	0.01104	0.01474	0.02203	0.45762	0.02472	0.07365	0.04666	0.00263	0.00514	0.01105	0.00413	0.00516
2	0.00745	0.00552	0.00712	0.00742	0.00852	0.00497	0.00530	0.00909	0.01217	0.01678	0.25435	0.45210	0.06230	0.01393	0.00654	0.00193	0.00311	0.03630	0.00518	0.07991
3	0.00721	0.00511	0.00628	0.00680	0.00724	0.00489	0.00441	0.00801	0.01001	0.01331	0.08089	0.37573	0.09664	0.30254	0.04299	0.00349	0.00427	0.01165	0.00442	0.00411
4	0.01590	0.06908	0.07555	0.10461	0.02081	0.01203	0.19571	0.06711	0.07541	0.22714	0.05422	0.03159	0.01290	0.00626	0.00563	0.00173	0.00634	0.00579	0.00436	0.00782
5	0.00956	0.00771	0.02951	0.05632	0.01162	0.00756	0.00704	0.03683	0.06265	0.05319	0.37473	0.10234	0.13762	0.01082	0.00712	0.00184	0.06347	0.00914	0.00518	0.00575
6	0.02353	0.01028	0.01321	0.01018	0.01438	0.00956	0.00839	0.13873	0.04138	0.63947	0.02024	0.01777	0.01295	0.00674	0.00548	0.00168	0.00484	0.00542	0.00651	0.00926
7	0.04404	0.30906	0.11937	0.11622	0.03320	0.04159	0.12601	0.01691	0.03471	0.05205	0.01103	0.05298	0.00932	0.00570	0.00483	0.00156	0.00667	0.00478	0.00292	0.00705
8	0.03184	0.09105	0.33042	0.16251	0.08534	0.01357	0.07083	0.04202	0.01201	0.05575	0.01023	0.01260	0.00763	0.00545	0.00580	0.00172	0.04649	0.00444	0.00276	0.00753
9	0.00881	0.00600	0.00810	0.00919	0.01037	0.00598	0.00783	0.01121	0.01224	0.01667	0.02746	0.11206	0.02939	0.01404	0.00699	0.00232	0.00455	0.58461	0.11721	0.00498
10	0.08706	0.01138	0.01846	0.34770	0.39954	0.01254	0.01510	0.01550	0.01150	0.01680	0.00978	0.01351	0.00782	0.00512	0.00524	0.00171	0.00660	0.00468	0.00264	0.00732
11	0.07779	0.13089	0.19266	0.03182	0.03954	0.02476	0.05740	0.07040	0.12609	0.13421	0.01450	0.01500	0.02912	0.00683	0.02435	0.00183	0.00628	0.00481	0.00390	0.00783
12	0.01006	0.00667	0.00965	0.00924	0.01103	0.00614	0.06279	0.01199	0.01245	0.11818	0.06950	0.28155	0.16160	0.01336	0.00674	0.00210	0.00418	0.19210	0.00515	0.00552
13	0.00820	0.00617	0.00821	0.00803	0.03673	0.00568	0.00576	0.01076	0.01466	0.02093	0.64685	0.03650	0.04464	0.01192	0.04665	0.00201	0.00345	0.00897	0.00551	0.06840
14	0.01389	0.01250	0.08653	0.31084	0.30756	0.01180	0.01501	0.01737	0.01230	0.14203	0.01186	0.01454	0.00878	0.00542	0.00541	0.00171	0.00661	0.00488	0.00323	0.00773
15	0.01545	0.15814	0.05738	0.10710	0.04055	0.03203	0.01028	0.16568	0.14037	0.10554	0.03460	0.04129	0.01235	0.00654	0.00508	0.00161	0.00554	0.00522	0.04754	0.00772

[dist]
# distance from previous block
# <min> <max>
1	19

[block]
# block no. 2 follows, 44 sequences, length 38
# corresponding to MSA columns:
# 124-161
name=unknown_C
#
# <colnr> <probs for GDERKNQSTAVLIFYWHMCP>
#	G	D	E	R	K	N	Q	S	T	A	V	L	I	F	Y	W	H	M	C	P
0	0.01018	0.00804	0.01122	0.29308	0.01985	0.00893	0.00928	0.02953	0.10559	0.03812	0.05832	0.22656	0.03401	0.00930	0.00573	0.00182	0.00484	0.00819	0.07671	0.04069
1	0.00770	0.00521	0.00723	0.00798	0.00864	0.00486	0.02549	0.00886	0.01076	0.04518	0.02861	0.71506	0.03336	0.01582	0.00674	0.00214	0.00336	0.01436	0.04391	0.00473
2	0.01340	0.05430	0.02179	0.17482	0.36102	0.02631	0.13128	0.03576	0.04283	0.03954	0.01087	0.01393	0.00863	0.00531	0.00595	0.00171	0.03683	0.00505	0.00293	0.00774
3	0.50656	0.01100	0.01141	0.02793	0.01258	0.01371	0.00829	0.01488	0.00903	0.01997	0.00754	0.01015	0.00644	0.00665	0.00865	0.00192	0.28951	0.00366	0.00299	0.02712
4	0.01254	0.01196	0.01988	0.23915	0.50246	0.01295	0.01572	0.01624	0.04092	0.01669	0.01039	0.01396	0.00849	0.00537	0.00610	0.00172	0.05004	0.00490	0.00272	0.00779
5	0.00708	0.00529	0.00659	0.00681	0.00790	0.00479	0.00490	0.00886	0.01313	0.01768	0.37057	0.29558	0.20347	0.01369	0.00661	0.00191	0.00281	0.01208	0.00549	0.00479
6	0.00689	0.00492	0.00661	0.00788	0.00830	0.00464	0.00550	0.00802	0.01068	0.01420	0.02991	0.71798	0.03551	0.01684	0.00703	0.00225	0.00338	0.09989	0.00506	0.00450
7	0.19673	0.00979	0.01183	0.00928	0.01333	0.00926	0.00767	0.05383	0.01468	0.59012	0.01825	0.01630	0.01173	0.00639	0.00504	0.00168	0.00461	0.00493	0.00599	0.00857
8	0.01815	0.02029	0.01439	0.01286	0.01581	0.47238	0.00980	0.11195	0.19506	0.01818	0.01328	0.04978	0.01094	0.00669	0.00523	0.00158	0.00774	0.00487	0.00389	0.00714
9	0.00744	0.00548	0.00696	0.00675	0.00802	0.00500	0.00500	0.00969	0.01453	0.02012	0.60177	0.11899	0.14581	0.01210	0.00648	0.00178	0.00266	0.01064	0.00578	0.00500
10	0.00793	0.00529	0.00595	0.00595	0.00595	0.00529	0.00330	0.00793	0.00793	0.01057	0.01718	0.03568	0.01982	0.80840	0.02775	0.00529	0.00529	0.00793	0.00330	0.00330
11	0.00789	0.00565	0.00770	0.00792	0.00857	0.00612	0.00580	0.00921	0.00903	0.01247	0.01798	0.07180	0.01899	0.29126	0.40045	0.00651	0.00976	0.09512	0.00341	0.00434
12	0.01093	0.02820	0.78016	0.01554	0.02360	0.01266	0.02014	0.01727	0.01151	0.01727	0.00978	0.01151	0.00691	0.00518	0.00518	0.00173	0.00806	0.00403	0.00230	0.00806
13	0.01610	0.01033	0.01196	0.00899	0.01347	0.04071	0.00723	0.01892	0.04421	0.26750	0.01404	0.01400	0.01017	0.00513	0.00461	0.00116	0.00449	0.00410	0.00446	0.49842
14	0.02072	0.01527	0.01636	0.01254	0.01691	0.01691	0.01036	0.75622	0.02563	0.03436	0.01309	0.01309	0.00927	0.00654	0.00545	0.00164	0.00600	0.00491	0.00545	0.00927
15	0.01356	0.01171	0.01233	0.01109	0.01418	0.01356	0.00863	0.02897	0.76455	0.02281	0.02219	0.02034	0.01664	0.00740	0.00555	0.00185	0.00431	0.00616	0.00555	0.00863
16	0.01030	0.00969	0.01635	0.79530	0.03755	0.01211	0.01514	0.01393	0.01090	0.01393	0.00969	0.01453	0.00727	0.00545	0.00545	0.00182	0.00727	0.00484	0.00242	0.00606
17	0.01356	0.01171	0.01233	0.01109	0.01418	0.01356	0.00863	0.02897	0.76455	0.02281	0.02219	0.02034	0.01664	0.00740	0.00555	0.00185	0.00431	0.00616	0.00555	0.00863
18	0.02059	0.01432	0.01515	0.01182	0.01592	0.05082	0.00968	0.55751	0.04664	0.14438	0.01463	0.01430	0.01024	0.00655	0.00537	0.00162	0.00577	0.00498	0.04074	0.00894
19	0.04505	0.00768	0.00784	0.00691	0.00899	0.00813	0.00543	0.18705	0.01468	0.02377	0.01629	0.01819	0.01256	0.00635	0.00418	0.00137	0.00342	0.00496	0.61107	0.00609
20	0.02072	0.01527	0.01636	0.01254	0.01691	0.01691	0.01036	0.75622	0.02563	0.03436	0.01309	0.01309	0.00927	0.00654	0.00545	0.00164	0.00600	0.00491	0.00545	0.00927
21	0.00787	0.00526	0.00596	0.00602	0.00603	0.00525	0.00338	0.00791	0.00803	0.01071	0.01772	0.06818	0.02051	0.77496	0.02687	0.00516	0.00520	0.00825	0.00338	0.00335
22	0.01418	0.01477	0.02927	0.02118	0.02630	0.05367	0.63395	0.01831	0.01310	0.07924	0.01164	0.01469	0.00860	0.00496	0.00660	0.00182	0.03107	0.00616	0.00308	0.00742
23	0.02312	0.01002	0.01294	0.01007	0.01420	0.00929	0.00827	0.08932	0.08635	0.64394	0.02085	0.01825	0.01343	0.00679	0.00549	0.00170	0.00473	0.00550	0.00652	0.00922
24	0.02446	0.00928	0.01265	0.00970	0.01392	0.00801	0.00801	0.02657	0.01560	0.77817	0.02151	0.01856	0.01350	0.00675	0.00548	0.00169	0.00464	0.00548	0.00675	0.00928
25	0.00846	0.00609	0.00819	0.00914	0.01034	0.00599	0.00773	0.01067	0.01233	0.01606	0.07667	0.05731	0.09029	0.08139	0.00907	0.00264	0.00471	0.57313	0.00494	0.00485
26	0.00971	0.00727	0.01066	0.01150	0.07811	0.00707	0.05309	0.06327	0.01270	0.04862	0.08369	0.44605	0.02973	0.01335	0.00665	0.00207	0.00427	0.10167	0.00488	0.00565
27	0.01030	0.00969	0.01635	0.79530	0.03755	0.01211	0.01514	0.01393	0.01090	0.01393	0.00969	0.01453	0.00727	0.00545	0.00545	0.00182	0.00727	0.00484	0.00242	0.00606
28	0.00672	0.00480	0.00641	0.00768	0.00803	0.00449	0.00519	0.00772	0.01051	0.01400	0.03001	0.77879	0.03589	0.01701	0.00698	0.00222	0.00323	0.04082	0.00506	0.00445
29	0.84691	0.01054	0.00801	0.00717	0.01054	0.01223	0.00590	0.01603	0.00928	0.02446	0.00759	0.00886	0.00590	0.00506	0.00337	0.00169	0.00422	0.00295	0.00337	0.00590
30	0.84691	0.01054	0.00801	0.00717	0.01054	0.01223	0.00590	0.01603	0.00928	0.02446	0.00759	0.00886	0.00590	0.00506	0.00337	0.00169	0.00422	0.00295	0.00337	0.00590
31	0.05572	0.03384	0.01486	0.12008	0.12669	0.03331	0.03157	0.11555	0.19329	0.06863	0.03127	0.11016	0.01495	0.00763	0.00555	0.00178	0.00544	0.01780	0.00437	0.00750
32	0.00847	0.00651	0.00757	0.00719	0.00839	0.03579	0.00526	0.01094	0.03578	0.01909	0.51877	0.03638	0.05527	0.12508	0.06697	0.00272	0.00418	0.00882	0.03182	0.00500
33	0.00725	0.00550	0.00664	0.00654	0.00790	0.00495	0.00486	0.00923	0.01376	0.01842	0.43585	0.10536	0.28574	0.03427	0.00709	0.00192	0.00282	0.03153	0.00552	0.00486
34	0.01345	0.01078	0.01146	0.00984	0.01178	0.07823	0.00788	0.11052	0.05215	0.03642	0.01329	0.01555	0.01066	0.00700	0.00786	0.00161	0.20692	0.00475	0.31370	0.07614
35	0.00759	0.00557	0.00711	0.00673	0.00807	0.00509	0.00504	0.01004	0.01513	0.02115	0.70000	0.04190	0.12341	0.01141	0.00643	0.00173	0.00259	0.01002	0.00591	0.00509
36	0.01820	0.23013	0.04047	0.01290	0.01664	0.41790	0.04904	0.05473	0.04080	0.05716	0.00980	0.01085	0.00788	0.00547	0.00471	0.00142	0.00804	0.00379	0.00310	0.00698
37	0.22141	0.02136	0.48274	0.01292	0.01934	0.01204	0.03393	0.01745	0.01126	0.07151	0.01007	0.01140	0.00719	0.00520	0.00473	0.00168	0.00672	0.00389	0.00293	0.04224

[dist]
# distance from previous block
# <min> <max>
3	8

[block]
# block no. 3 follows, 44 sequences, length 36
# corresponding to MSA columns:
# 170-205
name=unknown_D
#
# <colnr> <probs for GDERKNQSTAVLIFYWHMCP>
#	G	D	E	R	K	N	Q	S	T	A	V	L	I	F	Y	W	H	M	C	P
0	0.01750	0.01167	0.01269	0.01027	0.01366	0.04964	0.00827	0.32257	0.05512	0.18954	0.16698	0.02296	0.07869	0.00806	0.00571	0.00168	0.00489	0.00651	0.00568	0.00792
1	0.01397	0.01313	0.02377	0.02989	0.57138	0.01286	0.17542	0.01743	0.01269	0.05984	0.01104	0.01404	0.00883	0.00491	0.00563	0.00167	0.00696	0.00523	0.00294	0.00839
2	0.01349	0.01295	0.02213	0.03346	0.77440	0.01295	0.01673	0.01673	0.01241	0.01781	0.01025	0.01349	0.00864	0.00486	0.00540	0.00162	0.00648	0.00486	0.00270	0.00864
3	0.80116	0.01068	0.00879	0.00861	0.05247	0.01227	0.00650	0.01606	0.00945	0.02410	0.00774	0.00911	0.00605	0.00505	0.00348	0.00168	0.00434	0.00306	0.00334	0.00605
4	0.01093	0.02820	0.78016	0.01554	0.02360	0.01266	0.02014	0.01727	0.01151	0.01727	0.00978	0.01151	0.00691	0.00518	0.00518	0.00173	0.00806	0.00403	0.00230	0.00806
5	0.01529	0.01249	0.01322	0.01132	0.01472	0.01421	0.00897	0.22505	0.54285	0.02570	0.02069	0.01931	0.03659	0.00735	0.00555	0.00179	0.00473	0.00598	0.00551	0.00869
6	0.00671	0.00480	0.00639	0.00754	0.00792	0.00448	0.00507	0.00777	0.01077	0.01445	0.07962	0.75375	0.03709	0.01668	0.00692	0.00218	0.00312	0.01512	0.00512	0.00448
7	0.09540	0.04478	0.23641	0.01403	0.01893	0.01453	0.10099	0.24526	0.01546	0.03629	0.01075	0.01250	0.00806	0.00709	0.03058	0.00197	0.09099	0.00460	0.00354	0.00781
8	0.01458	0.81168	0.02857	0.00933	0.01399	0.02157	0.00933	0.01632	0.01108	0.01283	0.00758	0.00875	0.00700	0.00466	0.00350	0.00117	0.00583	0.00292	0.00233	0.00700
9	0.01356	0.01171	0.01233	0.01109	0.01418	0.01356	0.00863	0.02897	0.76455	0.02281	0.02219	0.02034	0.01664	0.00740	0.00555	0.00185	0.00431	0.00616	0.00555	0.00863
10	0.00759	0.00573	0.00659	0.00662	0.00829	0.00505	0.00515	0.00940	0.01314	0.03931	0.20487	0.06798	0.47230	0.01327	0.00658	0.00191	0.00310	0.11288	0.00531	0.00491
11	0.01161	0.01053	0.01811	0.52316	0.18981	0.01199	0.06174	0.01511	0.01159	0.04429	0.01115	0.01646	0.00887	0.00573	0.00559	0.00180	0.00703	0.03589	0.00278	0.00676
12	0.01140	0.00650	0.00665	0.00620	0.00788	0.00678	0.00476	0.08511	0.06286	0.02184	0.01763	0.01963	0.01370	0.00644	0.00408	0.00134	0.00299	0.00514	0.70336	0.00572
13	0.00693	0.00499	0.00663	0.00780	0.00832	0.00469	0.00549	0.00814	0.01092	0.01447	0.05176	0.66304	0.06275	0.01654	0.00700	0.00222	0.00336	0.10534	0.00508	0.00453
14	0.01319	0.02174	0.50605	0.01464	0.02118	0.01151	0.09502	0.03180	0.01250	0.13463	0.01294	0.04677	0.00961	0.00593	0.00539	0.00173	0.00720	0.00505	0.03519	0.00793
15	0.01161	0.00680	0.00662	0.00616	0.00781	0.02900	0.00472	0.09436	0.01310	0.02166	0.01700	0.01923	0.01326	0.00635	0.00402	0.00131	0.00313	0.00502	0.72326	0.00558
16	0.00779	0.00584	0.00876	0.00876	0.00974	0.00681	0.00681	0.00974	0.00876	0.01266	0.01460	0.02142	0.01363	0.04089	0.78680	0.00876	0.01460	0.00584	0.00292	0.00487
17	0.03315	0.00946	0.01108	0.00919	0.01233	0.00958	0.00736	0.12974	0.15598	0.28910	0.11353	0.02098	0.01815	0.00729	0.00528	0.00164	0.00415	0.00596	0.14821	0.00786
18	0.01458	0.81168	0.02857	0.00933	0.01399	0.02157	0.00933	0.01632	0.01108	0.01283	0.00758	0.00875	0.00700	0.00466	0.00350	0.00117	0.00583	0.00292	0.00233	0.00700
19	0.01084	0.00623	0.00811	0.00735	0.00915	0.00562	0.00558	0.01305	0.01468	0.16953	0.49512	0.09564	0.09688	0.02923	0.00677	0.00184	0.00310	0.00951	0.00594	0.00582
20	0.00930	0.00752	0.00853	0.00824	0.01009	0.00779	0.00623	0.01568	0.26536	0.01932	0.23502	0.15352	0.18248	0.01147	0.00626	0.00189	0.00337	0.03635	0.00548	0.00609
21	0.00973	0.00602	0.00793	0.00720	0.00884	0.00549	0.00549	0.01224	0.01545	0.11263	0.68151	0.03806	0.04689	0.01062	0.00632	0.00171	0.00282	0.00933	0.00609	0.00564
22	0.00679	0.00485	0.00649	0.00775	0.00813	0.00455	0.00531	0.00784	0.01058	0.01408	0.02997	0.75514	0.03574	0.01694	0.00700	0.00223	0.00329	0.06379	0.00506	0.00447
23	0.01030	0.00969	0.01635	0.79530	0.03755	0.01211	0.01514	0.01393	0.01090	0.01393	0.00969	0.01453	0.00727	0.00545	0.00545	0.00182	0.00727	0.00484	0.00242	0.00606
24	0.01193	0.01193	0.01670	0.01431	0.01431	0.01670	0.01193	0.01312	0.00835	0.01312	0.00716	0.01193	0.00716	0.00954	0.01789	0.00239	0.79843	0.00477	0.00239	0.00596
25	0.01156	0.00984	0.01144	0.00820	0.01303	0.00753	0.00657	0.03397	0.01170	0.01822	0.00978	0.01135	0.00811	0.00411	0.00408	0.00083	0.00409	0.00328	0.00329	0.81904
26	0.01069	0.04274	0.13294	0.03282	0.03577	0.00892	0.03751	0.01537	0.10657	0.07186	0.32845	0.05079	0.08537	0.00895	0.00590	0.00174	0.00446	0.00777	0.00485	0.00655
27	0.01320	0.01219	0.01999	0.02262	0.34313	0.01244	0.15521	0.04065	0.15509	0.04068	0.04717	0.04389	0.03503	0.00645	0.00608	0.00176	0.02655	0.00618	0.00373	0.00795
28	0.84691	0.01054	0.00801	0.00717	0.01054	0.01223	0.00590	0.01603	0.00928	0.02446	0.00759	0.00886	0.00590	0.00506	0.00337	0.00169	0.00422	0.00295	0.00337	0.00590
29	0.02148	0.01305	0.01486	0.01151	0.01574	0.01374	0.00947	0.46625	0.07172	0.27961	0.01648	0.01538	0.01116	0.00667	0.00547	0.00167	0.00544	0.00518	0.00589	0.00923
30	0.01887	0.00804	0.01086	0.00875	0.01199	0.00706	0.00706	0.02114	0.01555	0.52588	0.27170	0.02595	0.02615	0.00821	0.00580	0.00170	0.00395	0.00694	0.00650	0.00790
31	0.09058	0.03278	0.06085	0.06300	0.05902	0.00893	0.04995	0.01664	0.01270	0.22581	0.09664	0.16423	0.01901	0.00831	0.00553	0.00172	0.00485	0.00722	0.00464	0.06759
32	0.01301	0.06562	0.11869	0.05697	0.09026	0.01065	0.07043	0.01785	0.11590	0.13647	0.11918	0.04522	0.08797	0.00773	0.00568	0.00174	0.00535	0.01959	0.00440	0.00728
33	0.01966	0.00854	0.01133	0.00910	0.01253	0.00769	0.00736	0.02277	0.06564	0.54397	0.20372	0.02406	0.02292	0.00786	0.00572	0.00170	0.00412	0.00659	0.00649	0.00823
34	0.02013	0.00905	0.01171	0.00928	0.01286	0.00826	0.00755	0.09930	0.01647	0.52457	0.15928	0.02369	0.05708	0.00787	0.00570	0.00169	0.00431	0.00652	0.00639	0.00829
35	0.06375	0.01363	0.12209	0.01335	0.05854	0.05615	0.08921	0.07934	0.06433	0.17046	0.04005	0.12073	0.03256	0.00796	0.00596	0.00180	0.02414	0.02410	0.00443	0.00741

[dist]
# distance from previous block
# <min> <max>
0	6

[block]
# block no. 4 follows, 44 sequences, length 33
# corresponding to MSA columns:
# 212-244
name=unknown_E
#
# <colnr> <probs for GDERKNQSTAVLIFYWHMCP>
#	G	D	E	R	K	N	Q	S	T	A	V	L	I	F	Y	W	H	M	C	P
0	0.08066	0.00890	0.01097	0.00912	0.01233	0.00859	0.00734	0.04797	0.09942	0.40627	0.12388	0.02425	0.04099	0.03613	0.02685	0.00205	0.00458	0.03607	0.00587	0.00776
1	0.01618	0.01089	0.01209	0.01022	0.01344	0.01176	0.00812	0.19403	0.32268	0.15566	0.04306	0.04669	0.03747	0.00761	0.00545	0.00173	0.00446	0.00623	0.08404	0.00819
2	0.02647	0.01199	0.07534	0.17027	0.12179	0.02751	0.04230	0.04293	0.11909	0.05266	0.06279	0.07387	0.01428	0.00774	0.02419	0.00188	0.03305	0.00598	0.00374	0.08213
3	0.01312	0.01253	0.02132	0.07718	0.70675	0.01265	0.01627	0.01636	0.01242	0.01771	0.03460	0.01443	0.00993	0.00509	0.00543	0.00163	0.00640	0.00502	0.00279	0.00837
4	0.01177	0.00968	0.01135	0.00813	0.01296	0.00729	0.00651	0.01418	0.01146	0.04464	0.01011	0.01156	0.00827	0.00413	0.00409	0.00084	0.00406	0.00331	0.00335	0.81231
5	0.00767	0.00563	0.00721	0.00707	0.00827	0.00528	0.00520	0.01033	0.03919	0.02021	0.58794	0.17254	0.07857	0.01216	0.00649	0.00181	0.00274	0.01078	0.00578	0.00511
6	0.00659	0.00496	0.00611	0.00703	0.00776	0.00448	0.00481	0.00765	0.01098	0.01414	0.03690	0.60007	0.23641	0.01619	0.00682	0.00211	0.00305	0.01441	0.00506	0.00448
7	0.02037	0.02598	0.01545	0.01404	0.01685	0.78652	0.01053	0.02177	0.01545	0.01334	0.00843	0.00983	0.00702	0.00562	0.00492	0.00140	0.00983	0.00351	0.00281	0.00632
8	0.02446	0.00928	0.01265	0.00970	0.01392	0.00801	0.00801	0.02657	0.01560	0.77817	0.02151	0.01856	0.01350	0.00675	0.00548	0.00169	0.00464	0.00548	0.00675	0.00928
9	0.84691	0.01054	0.00801	0.00717	0.01054	0.01223	0.00590	0.01603	0.00928	0.02446	0.00759	0.00886	0.00590	0.00506	0.00337	0.00169	0.00422	0.00295	0.00337	0.00590
10	0.01458	0.81168	0.02857	0.00933	0.01399	0.02157	0.00933	0.01632	0.01108	0.01283	0.00758	0.00875	0.00700	0.00466	0.00350	0.00117	0.00583	0.00292	0.00233	0.00700
11	0.84691	0.01054	0.00801	0.00717	0.01054	0.01223	0.00590	0.01603	0.00928	0.02446	0.00759	0.00886	0.00590	0.00506	0.00337	0.00169	0.00422	0.00295	0.00337	0.00590
12	0.00997	0.00715	0.00861	0.00787	0.00978	0.00713	0.00602	0.01524	0.17905	0.06992	0.50808	0.03569	0.09334	0.01024	0.00618	0.00175	0.00310	0.00889	0.00588	0.00613
13	0.80135	0.01139	0.00842	0.00755	0.01089	0.05491	0.00616	0.01634	0.00962	0.02385	0.00764	0.00891	0.00597	0.00509	0.00346	0.00167	0.00453	0.00298	0.00334	0.00593
14	0.01093	0.02820	0.78016	0.01554	0.02360	0.01266	0.02014	0.01727	0.01151	0.01727	0.00978	0.01151	0.00691	0.00518	0.00518	0.00173	0.00806	0.00403	0.00230	0.00806
15	0.01193	0.01193	0.01670	0.01431	0.01431	0.01670	0.01193	0.01312	0.00835	0.01312	0.00716	0.01193	0.00716	0.00954	0.01789	0.00239	0.79843	0.00477	0.00239	0.00596
16	0.01130	0.00969	0.01130	0.00807	0.01292	0.00727	0.00646	0.01373	0.01130	0.01776	0.00969	0.01130	0.00807	0.00404	0.00404	0.00081	0.00404	0.00323	0.00323	0.84173
17	0.01407	0.01197	0.01262	0.01120	0.01437	0.01380	0.00875	0.08091	0.71177	0.02363	0.02154	0.01982	0.01612	0.00734	0.00554	0.00183	0.00443	0.00607	0.00554	0.00868
18	0.01287	0.01471	0.03217	0.02298	0.02849	0.01379	0.75460	0.01746	0.01287	0.01746	0.01103	0.01471	0.00827	0.00460	0.00643	0.00184	0.00919	0.00643	0.00276	0.00735
19	0.02424	0.00962	0.01287	0.00986	0.01409	0.00853	0.00815	0.06877	0.01618	0.73515	0.02102	0.01824	0.01325	0.00674	0.00548	0.00168	0.00472	0.00545	0.00667	0.00928
20	0.00682	0.00490	0.00651	0.00773	0.00818	0.00459	0.00535	0.00792	0.01069	0.01415	0.03083	0.71468	0.06137	0.01679	0.00699	0.00223	0.00331	0.07742	0.00506	0.00449
21	0.00664	0.00474	0.00633	0.00759	0.00791	0.00443	0.00506	0.00759	0.01044	0.01392	0.03005	0.80485	0.03606	0.01708	0.00696	0.00221	0.00316	0.01550	0.00506	0.00443
22	0.01458	0.81168	0.02857	0.00933	0.01399	0.02157	0.00933	0.01632	0.01108	0.01283	0.00758	0.00875	0.00700	0.00466	0.00350	0.00117	0.00583	0.00292	0.00233	0.00700
23	0.00787	0.00574	0.00718	0.00773	0.00862	0.00560	0.00548	0.03745	0.04944	0.01647	0.13694	0.50998	0.07540	0.03136	0.02249	0.00226	0.00353	0.03448	0.02704	0.00495
24	0.00777	0.00557	0.00756	0.00763	0.00820	0.00610	0.00539	0.00893	0.00855	0.01194	0.01646	0.07210	0.01726	0.32825	0.45614	0.00708	0.01044	0.00718	0.00319	0.00425
25	0.01382	0.01184	0.01247	0.01115	0.01428	0.01368	0.00869	0.05527	0.73782	0.02322	0.02186	0.02008	0.01638	0.00737	0.00554	0.00184	0.00438	0.00612	0.00554	0.00865
26	0.00674	0.00554	0.00597	0.00615	0.00780	0.00477	0.00468	0.00826	0.01248	0.01523	0.09256	0.10405	0.61344	0.01399	0.00658	0.00192	0.00298	0.07708	0.00511	0.00466
27	0.00951	0.00781	0.04856	0.02625	0.07310	0.00733	0.02752	0.01169	0.01093	0.04605	0.13469	0.02471	0.04059	0.02315	0.34121	0.06989	0.00892	0.03134	0.05128	0.00546
28	0.01570	0.26520	0.02121	0.06707	0.06173	0.09068	0.08771	0.18353	0.05469	0.03719	0.01195	0.05801	0.01010	0.00615	0.00498	0.00154	0.00648	0.00499	0.00358	0.00750
29	0.01095	0.02656	0.71931	0.01539	0.04059	0.01225	0.01916	0.01700	0.01153	0.01745	0.01024	0.01204	0.00734	0.00524	0.00511	0.00170	0.00772	0.00411	0.04842	0.00791
30	0.00982	0.00618	0.00851	0.03323	0.01010	0.00587	0.03120	0.01123	0.01144	0.11208	0.12034	0.30336	0.05023	0.19977	0.01154	0.00279	0.00422	0.05819	0.00482	0.00507
31	0.46238	0.03112	0.04059	0.01426	0.19349	0.01253	0.00947	0.07305	0.01181	0.06450	0.00983	0.01129	0.00756	0.00526	0.00421	0.00164	0.00504	0.00380	0.03109	0.00707
32	0.16850	0.11965	0.08983	0.05053	0.01416	0.08485	0.00901	0.03399	0.04691	0.04149	0.01726	0.16115	0.06599	0.00931	0.02426	0.00192	0.02919	0.02206	0.00371	0.00623

[dist]
# distance from previous block
# <min> <max>
0	22

[block]
# block no. 5 follows, 44 sequences, length 27
# corresponding to MSA columns:
# 267-293
name=unknown_F
#
# <colnr> <probs for GDERKNQSTAVLIFYWHMCP>
#	G	D	E	R	K	N	Q	S	T	A	V	L	I	F	Y	W	H	M	C	P
0	0.04995	0.15105	0.09235	0.10463	0.18125	0.01380	0.04467	0.08012	0.06908	0.07785	0.01263	0.01593	0.01017	0.00594	0.00512	0.00164	0.00614	0.04517	0.00350	0.02901
1	0.48319	0.03219	0.05370	0.00983	0.03215	0.07891	0.00817	0.01644	0.01042	0.04726	0.00854	0.01012	0.00679	0.00548	0.00521	0.00162	0.08173	0.00340	0.00323	0.10163
2	0.01115	0.01015	0.01655	0.02420	0.50006	0.01001	0.01270	0.01368	0.01195	0.01660	0.01888	0.20782	0.06501	0.00891	0.00596	0.00182	0.00537	0.04846	0.00354	0.00717
3	0.00976	0.00790	0.00896	0.00829	0.01033	0.00827	0.00633	0.01705	0.29975	0.02124	0.38843	0.03459	0.13710	0.01009	0.00610	0.00178	0.00326	0.00868	0.00570	0.00639
4	0.00729	0.00556	0.00669	0.00641	0.00788	0.00496	0.00481	0.00946	0.01442	0.01945	0.52976	0.04469	0.29470	0.01204	0.00643	0.00176	0.00264	0.01042	0.00568	0.00496
5	0.01320	0.00936	0.01067	0.00947	0.01212	0.01006	0.00737	0.02262	0.41829	0.12512	0.24585	0.02619	0.02654	0.00840	0.00575	0.00177	0.00379	0.00715	0.02870	0.00758
6	0.00804	0.00574	0.00771	0.00875	0.00965	0.00562	0.00700	0.00985	0.01159	0.01519	0.04891	0.24623	0.05632	0.10037	0.00948	0.00269	0.00444	0.43287	0.00487	0.00468
7	0.00722	0.00523	0.00682	0.00710	0.00801	0.00483	0.00507	0.00908	0.01325	0.01829	0.43638	0.35436	0.07663	0.01369	0.00665	0.00192	0.00282	0.01224	0.00557	0.00483
8	0.84691	0.01054	0.00801	0.00717	0.01054	0.01223	0.00590	0.01603	0.00928	0.02446	0.00759	0.00886	0.00590	0.00506	0.00337	0.00169	0.00422	0.00295	0.00337	0.00590
9	0.01458	0.81168	0.02857	0.00933	0.01399	0.02157	0.00933	0.01632	0.01108	0.01283	0.00758	0.00875	0.00700	0.00466	0.00350	0.00117	0.00583	0.00292	0.00233	0.00700
10	0.00664	0.00474	0.00633	0.00759	0.00791	0.00443	0.00506	0.00759	0.01044	0.01392	0.03005	0.80485	0.03606	0.01708	0.00696	0.00221	0.00316	0.01550	0.00506	0.00443
11	0.01349	0.01295	0.02213	0.03346	0.77440	0.01295	0.01673	0.01673	0.01241	0.01781	0.01025	0.01349	0.00864	0.00486	0.00540	0.00162	0.00648	0.00486	0.00270	0.00864
12	0.01409	0.01565	0.01441	0.01287	0.01402	0.29012	0.01013	0.01539	0.01092	0.01297	0.00934	0.01407	0.00886	0.06352	0.12622	0.00315	0.35115	0.00468	0.00267	0.00576
13	0.84691	0.01054	0.00801	0.00717	0.01054	0.01223	0.00590	0.01603	0.00928	0.02446	0.00759	0.00886	0.00590	0.00506	0.00337	0.00169	0.00422	0.00295	0.00337	0.00590
14	0.01030	0.00969	0.01635	0.79530	0.03755	0.01211	0.01514	0.01393	0.01090	0.01393	0.00969	0.01453	0.00727	0.00545	0.00545	0.00182	0.00727	0.00484	0.00242	0.00606
15	0.01356	0.01171	0.01233	0.01109	0.01418	0.01356	0.00863	0.02897	0.76455	0.02281	0.02219	0.02034	0.01664	0.00740	0.00555	0.00185	0.00431	0.00616	0.00555	0.00863
16	0.00892	0.00602	0.00779	0.00718	0.00871	0.00562	0.00544	0.01193	0.04305	0.06635	0.69982	0.03867	0.04793	0.01075	0.00634	0.00172	0.00276	0.00947	0.00603	0.00552
17	0.01193	0.01193	0.01670	0.01431	0.01431	0.01670	0.01193	0.01312	0.00835	0.01312	0.00716	0.01193	0.00716	0.00954	0.01789	0.00239	0.79843	0.00477	0.00239	0.00596
18	0.02072	0.01527	0.01636	0.01254	0.01691	0.01691	0.01036	0.75622	0.02563	0.03436	0.01309	0.01309	0.00927	0.00654	0.00545	0.00164	0.00600	0.00491	0.00545	0.00927
19	0.00672	0.00478	0.00630	0.00749	0.00779	0.00448	0.00496	0.00761	0.01029	0.01372	0.02929	0.75964	0.03510	0.06359	0.00818	0.00239	0.00329	0.01505	0.00496	0.00436
20	0.02235	0.01097	0.01353	0.01044	0.01454	0.01067	0.00860	0.25642	0.01877	0.50101	0.06043	0.01806	0.01426	0.00693	0.00553	0.00167	0.00495	0.00554	0.00630	0.00905
21	0.01229	0.01162	0.01942	0.16148	0.52822	0.01233	0.01521	0.01531	0.01179	0.01657	0.01174	0.05922	0.01066	0.00631	0.00637	0.00177	0.05673	0.03245	0.00285	0.00765
22	0.00672	0.00478	0.00630	0.00749	0.00778	0.00448	0.00495	0.00761	0.01028	0.01370	0.02923	0.75594	0.03503	0.06740	0.00828	0.00241	0.00330	0.01502	0.00495	0.00436
23	0.00668	0.00480	0.00627	0.00743	0.00781	0.00447	0.00495	0.00761	0.01045	0.01384	0.03085	0.74034	0.07217	0.04471	0.00766	0.00230	0.00322	0.01503	0.00500	0.00440
24	0.02243	0.01004	0.01267	0.00982	0.01379	0.00944	0.00808	0.16467	0.01714	0.56653	0.01956	0.01767	0.01273	0.00667	0.00532	0.00164	0.00471	0.00534	0.08286	0.00889
25	0.01067	0.00939	0.01387	0.16438	0.06005	0.03139	0.06515	0.01386	0.05651	0.03604	0.03434	0.13641	0.03315	0.01197	0.05756	0.00249	0.11708	0.13593	0.00377	0.00599
26	0.01119	0.00774	0.00918	0.00830	0.00969	0.00831	0.00601	0.17733	0.01254	0.03645	0.01635	0.06323	0.01632	0.35083	0.21516	0.00501	0.00764	0.00694	0.02646	0.00530

[dist]
# distance from previous block
# <min> <max>
0	7

[block]
# block no. 6 follows, 44 sequences, length 10
# corresponding to MSA columns:
# 301-310
name=unknown_G
#
# <colnr> <probs for GDERKNQSTAVLIFYWHMCP>
#	G	D	E	R	K	N	Q	S	T	A	V	L	I	F	Y	W	H	M	C	P
0	0.33126	0.08893	0.05190	0.01281	0.08916	0.14750	0.03730	0.03670	0.03489	0.06112	0.00962	0.01098	0.00753	0.00542	0.00481	0.00160	0.03376	0.00377	0.00330	0.02764
1	0.00931	0.00612	0.00768	0.00745	0.00894	0.00577	0.00556	0.01221	0.06019	0.07477	0.36760	0.21625	0.06776	0.01168	0.00621	0.00181	0.00309	0.03307	0.06774	0.02680
2	0.01248	0.01138	0.05590	0.13450	0.15632	0.01142	0.01105	0.04219	0.27236	0.05598	0.11427	0.02190	0.06205	0.00731	0.00564	0.00176	0.00512	0.00632	0.00445	0.00757
3	0.00685	0.00494	0.00616	0.00704	0.00749	0.00460	0.00464	0.00768	0.01024	0.01342	0.03088	0.57525	0.12417	0.15720	0.01059	0.00271	0.00349	0.01366	0.00475	0.00425
4	0.01460	0.01673	0.01538	0.23832	0.03889	0.35350	0.03914	0.01685	0.01315	0.01435	0.05835	0.04092	0.04208	0.00686	0.00635	0.00168	0.06849	0.00523	0.00302	0.00610
5	0.00781	0.00574	0.00824	0.00824	0.00903	0.00653	0.00616	0.00940	0.00861	0.01227	0.01508	0.02406	0.01478	0.18325	0.64601	0.00812	0.01287	0.00623	0.00299	0.00458
6	0.00846	0.00542	0.00661	0.00632	0.00760	0.00512	0.00474	0.01102	0.01421	0.02139	0.54166	0.03450	0.04001	0.00968	0.00563	0.00158	0.00256	0.00840	0.25993	0.00512
7	0.02172	0.01287	0.01477	0.01142	0.01566	0.01344	0.00940	0.44763	0.06149	0.30862	0.01669	0.01550	0.01123	0.00667	0.00547	0.00167	0.00541	0.00519	0.00594	0.00924
8	0.01130	0.00969	0.01130	0.00807	0.01292	0.00727	0.00646	0.01373	0.01130	0.01776	0.00969	0.01130	0.00807	0.00404	0.00404	0.00081	0.00404	0.00323	0.00323	0.84173
9	0.01455	0.08542	0.30336	0.01462	0.06407	0.01227	0.09287	0.06588	0.01324	0.14557	0.01192	0.01299	0.00859	0.00524	0.00509	0.00154	0.00661	0.00443	0.00346	0.12828

[dist]
# distance from previous block
# <min> <max>
0	8

[block]
# block no. 7 follows, 44 sequences, length 16
# corresponding to MSA columns:
# 319-334
name=unknown_H
#
# <colnr> <probs for GDERKNQSTAVLIFYWHMCP>
#	G	D	E	R	K	N	Q	S	T	A	V	L	I	F	Y	W	H	M	C	P
0	0.23741	0.01181	0.01207	0.00978	0.01337	0.01284	0.00798	0.35927	0.03403	0.08867	0.07717	0.01830	0.08044	0.00720	0.00507	0.00168	0.00482	0.00545	0.00502	0.00762
1	0.00664	0.00474	0.00633	0.00759	0.00791	0.00443	0.00506	0.00759	0.01044	0.01392	0.03005	0.80485	0.03606	0.01708	0.00696	0.00221	0.00316	0.01550	0.00506	0.00443
2	0.04420	0.01704	0.24795	0.09783	0.24006	0.01267	0.09114	0.08398	0.01338	0.04691	0.04498	0.01433	0.01000	0.00550	0.00542	0.00170	0.00694	0.00495	0.00313	0.00790
3	0.00844	0.00611	0.00834	0.00942	0.01067	0.00600	0.00807	0.01079	0.01256	0.01632	0.06442	0.09791	0.09038	0.01489	0.00737	0.00241	0.00464	0.61124	0.00507	0.00496
4	0.01130	0.00969	0.01130	0.00807	0.01292	0.00727	0.00646	0.01373	0.01130	0.01776	0.00969	0.01130	0.00807	0.00404	0.00404	0.00081	0.00404	0.00323	0.00323	0.84173
5	0.04343	0.11057	0.20990	0.20127	0.05991	0.01345	0.08968	0.07899	0.01291	0.07635	0.01075	0.01290	0.00795	0.00529	0.00511	0.00163	0.00689	0.00449	0.00309	0.04544
6	0.01214	0.10066	0.04090	0.01001	0.01236	0.05038	0.00842	0.10156	0.03263	0.05787	0.01354	0.01747	0.01162	0.02465	0.42129	0.00539	0.04012	0.00514	0.02765	0.00621
7	0.00735	0.00553	0.00656	0.00630	0.00779	0.00495	0.00473	0.00949	0.01418	0.01922	0.48191	0.04415	0.31062	0.01191	0.00633	0.00174	0.00264	0.01026	0.03937	0.00495
8	0.01006	0.00915	0.01533	0.07596	0.13961	0.00922	0.14710	0.01356	0.05347	0.01704	0.15234	0.05918	0.08521	0.03963	0.10360	0.00281	0.00666	0.04994	0.00391	0.00620
9	0.01395	0.34173	0.29077	0.03485	0.04575	0.01581	0.01355	0.01745	0.01167	0.09757	0.01048	0.01246	0.00829	0.00556	0.00518	0.00154	0.04258	0.02039	0.00288	0.00756
10	0.02699	0.14417	0.26598	0.01079	0.01491	0.01121	0.01132	0.02972	0.01142	0.04396	0.10365	0.01868	0.01500	0.05836	0.20690	0.00363	0.00832	0.00528	0.00322	0.00649
11	0.00765	0.00519	0.00651	0.00679	0.00774	0.00485	0.00486	0.00956	0.01282	0.01837	0.34689	0.32026	0.07184	0.01270	0.00621	0.00183	0.00279	0.01126	0.13703	0.00485
12	0.04844	0.11356	0.07186	0.01440	0.10949	0.09403	0.04236	0.12813	0.05330	0.25015	0.01406	0.01409	0.01000	0.00588	0.00511	0.00159	0.00616	0.00468	0.00443	0.00828
13	0.07967	0.04413	0.06719	0.05116	0.09926	0.11780	0.04456	0.10174	0.01508	0.30464	0.01422	0.01431	0.00985	0.00590	0.00519	0.00163	0.00627	0.00472	0.00453	0.00815
14	0.11188	0.01067	0.01440	0.13656	0.02917	0.07665	0.12028	0.01478	0.01173	0.07156	0.08970	0.05992	0.02721	0.04070	0.09173	0.00267	0.05478	0.00618	0.02336	0.00607
15	0.56551	0.05256	0.04502	0.00823	0.01184	0.03463	0.00710	0.04904	0.03540	0.02296	0.04788	0.01158	0.00917	0.00548	0.00388	0.00159	0.00459	0.00362	0.02042	0.05951

[dist]
# distance from previous block
# <min> <max>
2	9

[block]
# block no. 8 follows, 44 sequences, length 8
# corresponding to MSA columns:
# 344-351
name=unknown_I
#
# <colnr> <probs for GDERKNQSTAVLIFYWHMCP>
#	G	D	E	R	K	N	Q	S	T	A	V	L	I	F	Y	W	H	M	C	P
0	0.01310	0.01854	0.27881	0.02905	0.09665	0.09140	0.07357	0.01838	0.09946	0.05688	0.05250	0.01613	0.03587	0.00653	0.00675	0.00178	0.08857	0.00521	0.00333	0.00750
1	0.01262	0.05899	0.31390	0.01275	0.01780	0.01201	0.05843	0.11952	0.08221	0.05424	0.05155	0.06908	0.05385	0.00904	0.04782	0.00212	0.00672	0.00603	0.00380	0.00750
2	0.01147	0.00923	0.06257	0.00898	0.01128	0.00850	0.00737	0.06107	0.15818	0.08863	0.11162	0.05276	0.06906	0.15582	0.10165	0.00325	0.00573	0.03934	0.02725	0.00623
3	0.06207	0.09870	0.15245	0.01154	0.01550	0.01385	0.01075	0.11695	0.26960	0.05343	0.01601	0.07713	0.01308	0.00734	0.00602	0.00177	0.05601	0.00570	0.00430	0.00781
4	0.01569	0.36295	0.03578	0.01067	0.01416	0.12701	0.00938	0.06902	0.03806	0.09558	0.01252	0.09825	0.01136	0.00701	0.00569	0.00154	0.06976	0.00507	0.00349	0.00701
5	0.00867	0.03163	0.00786	0.00771	0.00884	0.00584	0.00556	0.01049	0.03879	0.05589	0.06258	0.47840	0.07083	0.06287	0.00774	0.00221	0.00357	0.05695	0.03894	0.03463
6	0.06045	0.29958	0.09438	0.07162	0.03657	0.03986	0.01038	0.03836	0.07928	0.13729	0.01349	0.01426	0.03237	0.00743	0.04121	0.00185	0.00622	0.00439	0.00360	0.00739
7	0.01603	0.16607	0.18541	0.01267	0.05710	0.01397	0.01173	0.18094	0.06352	0.13980	0.05422	0.01469	0.01166	0.00603	0.00502	0.00156	0.00585	0.00470	0.00417	0.04485

[dist]
# distance from previous block
# <min> <max>
0	1

[block]
# block no. 9 follows, 44 sequences, length 12
# corresponding to MSA columns:
# 353-364
name=unknown_J
#
# <colnr> <probs for GDERKNQSTAVLIFYWHMCP>
#	G	D	E	R	K	N	Q	S	T	A	V	L	I	F	Y	W	H	M	C	P
0	0.01365	0.00687	0.00911	0.00785	0.01018	0.00613	0.00613	0.01595	0.01520	0.29329	0.44705	0.05972	0.06648	0.00988	0.00611	0.00173	0.00334	0.00855	0.00620	0.00658
1	0.00840	0.00605	0.00714	0.00728	0.00862	0.00578	0.00541	0.06864	0.01322	0.01789	0.15867	0.29962	0.21301	0.01323	0.00635	0.00192	0.00326	0.06222	0.08818	0.00508
2	0.08388	0.01421	0.05500	0.07432	0.14008	0.14577	0.04253	0.03413	0.03013	0.24005	0.04074	0.01503	0.01104	0.00599	0.00546	0.00164	0.02130	0.00484	0.00416	0.02969
3	0.21396	0.11444	0.16154	0.03307	0.01773	0.05030	0.11765	0.04585	0.07798	0.07200	0.03865	0.01336	0.00989	0.00560	0.00482	0.00165	0.00625	0.00451	0.00350	0.00725
4	0.01854	0.01078	0.01249	0.01027	0.01378	0.01120	0.00834	0.21041	0.19724	0.28656	0.01949	0.01994	0.01412	0.00722	0.00541	0.00171	0.00470	0.04213	0.09721	0.00845
5	0.01452	0.68438	0.02771	0.01072	0.01513	0.04791	0.06179	0.01642	0.01121	0.01319	0.00783	0.00938	0.00710	0.00496	0.00454	0.00129	0.04933	0.00328	0.00238	0.00694
6	0.00885	0.00581	0.00744	0.00695	0.00847	0.00532	0.00530	0.01129	0.01494	0.07089	0.60883	0.03996	0.10655	0.01098	0.00629	0.00173	0.00279	0.03052	0.04173	0.00537
7	0.00663	0.00481	0.00626	0.00743	0.00786	0.00444	0.00499	0.00761	0.01060	0.01398	0.03206	0.74478	0.09483	0.01682	0.00692	0.00218	0.00313	0.01518	0.00506	0.00444
8	0.00779	0.00584	0.00876	0.00876	0.00974	0.00681	0.00681	0.00974	0.00876	0.01266	0.01460	0.02142	0.01363	0.04089	0.78680	0.00876	0.01460	0.00584	0.00292	0.00487
9	0.00788	0.00604	0.00836	0.00765	0.00919	0.00556	0.04091	0.01042	0.01485	0.02063	0.62347	0.04175	0.12348	0.01131	0.00649	0.00177	0.00303	0.04633	0.00570	0.00519
10	0.01356	0.01171	0.01233	0.01109	0.01418	0.01356	0.00863	0.02897	0.76455	0.02281	0.02219	0.02034	0.01664	0.00740	0.00555	0.00185	0.00431	0.00616	0.00555	0.00863
11	0.01030	0.00969	0.01635	0.79530	0.03755	0.01211	0.01514	0.01393	0.01090	0.01393	0.00969	0.01453	0.00727	0.00545	0.00545	0.00182	0.00727	0.00484	0.00242	0.00606

[dist]
# distance from previous block
# <min> <max>
0	14

[block]
# block no. 10 follows, 44 sequences, length 10
# corresponding to MSA columns:
# 379-388
name=unknown_K
#
# <colnr> <probs for GDERKNQSTAVLIFYWHMCP>
#	G	D	E	R	K	N	Q	S	T	A	V	L	I	F	Y	W	H	M	C	P
0	0.01093	0.02820	0.78016	0.01554	0.02360	0.01266	0.02014	0.01727	0.01151	0.01727	0.00978	0.01151	0.00691	0.00518	0.00518	0.00173	0.00806	0.00403	0.00230	0.00806
1	0.01030	0.00969	0.01635	0.79530	0.03755	0.01211	0.01514	0.01393	0.01090	0.01393	0.00969	0.01453	0.00727	0.00545	0.00545	0.00182	0.00727	0.00484	0.00242	0.00606
2	0.00793	0.00529	0.00595	0.00595	0.00595	0.00529	0.00330	0.00793	0.00793	0.01057	0.01718	0.03568	0.01982	0.80840	0.02775	0.00529	0.00529	0.00793	0.00330	0.00330
3	0.01578	0.10483	0.36960	0.01243	0.01833	0.05359	0.01374	0.01980	0.01302	0.24370	0.03781	0.01417	0.01039	0.00576	0.00506	0.00160	0.00654	0.00447	0.00382	0.04557
4	0.01707	0.07132	0.01574	0.04767	0.04792	0.07301	0.00996	0.35765	0.20769	0.02591	0.01464	0.01486	0.01095	0.00642	0.00520	0.00162	0.00573	0.00498	0.05335	0.00831
5	0.01180	0.05088	0.30849	0.05719	0.01889	0.01037	0.07652	0.01579	0.01229	0.09069	0.08474	0.06159	0.05537	0.00681	0.00539	0.00163	0.00609	0.00586	0.00355	0.11607
6	0.01565	0.15832	0.34105	0.01201	0.01774	0.01243	0.01326	0.02003	0.04187	0.25052	0.05467	0.01511	0.01173	0.00598	0.00506	0.00162	0.00618	0.00468	0.00400	0.00811
7	0.01409	0.31217	0.36030	0.01208	0.01802	0.01492	0.01378	0.01791	0.01191	0.12763	0.01151	0.04309	0.00907	0.00569	0.00468	0.00153	0.00654	0.00429	0.00308	0.00770
8	0.00873	0.00600	0.00882	0.00865	0.00975	0.00679	0.00668	0.01058	0.00910	0.05549	0.01514	0.02207	0.01398	0.08288	0.69953	0.00817	0.01351	0.00594	0.00316	0.00503
9	0.01540	0.16960	0.29412	0.01258	0.01777	0.17756	0.01306	0.03729	0.03258	0.11352	0.01299	0.03560	0.03290	0.00608	0.00495	0.00157	0.00713	0.00453	0.00331	0.00748

[dist]
# distance from previous block
# <min> <max>
0	2

[block]
# block no. 11 follows, 44 sequences, length 13
# corresponding to MSA columns:
# 391-403
name=unknown_L
#
# <colnr> <probs for GDERKNQSTAVLIFYWHMCP>
#	G	D	E	R	K	N	Q	S	T	A	V	L	I	F	Y	W	H	M	C	P
0	0.01402	0.01429	0.04787	0.06884	0.56444	0.08647	0.04228	0.01717	0.01265	0.04097	0.01097	0.03544	0.00925	0.00536	0.00543	0.00164	0.00684	0.00507	0.00288	0.00812
1	0.43672	0.33095	0.01649	0.00827	0.01204	0.01575	0.00741	0.04562	0.01072	0.01966	0.00898	0.05049	0.00805	0.00559	0.00369	0.00150	0.00488	0.00367	0.00313	0.00640
2	0.01748	0.01218	0.01332	0.01058	0.01416	0.01306	0.00861	0.48612	0.04600	0.08658	0.09033	0.02064	0.08795	0.00771	0.00554	0.00165	0.00498	0.00611	0.05886	0.00814
3	0.00785	0.00561	0.00761	0.00761	0.00818	0.00619	0.00537	0.00899	0.00842	0.01180	0.01566	0.02726	0.01617	0.35557	0.47558	0.00734	0.01078	0.00670	0.00308	0.00423
4	0.00845	0.00683	0.00899	0.14232	0.03687	0.00702	0.00710	0.01115	0.03364	0.01771	0.27665	0.03578	0.26557	0.01024	0.00636	0.00176	0.03006	0.00867	0.07949	0.00535
5	0.00711	0.00555	0.00644	0.00622	0.00777	0.00489	0.00467	0.00911	0.01400	0.01845	0.42941	0.04633	0.39568	0.01242	0.00644	0.00177	0.00266	0.01065	0.00555	0.00489
6	0.05002	0.34989	0.01929	0.01048	0.01421	0.09402	0.00900	0.02238	0.34051	0.01773	0.01405	0.01392	0.01117	0.00597	0.00453	0.00151	0.00550	0.00439	0.00383	0.00760
