[name]
unknown

[dist]
# distance from previous block
# <min> <max>
0	17

[block]
# block no. 0 follows, 40 sequences, length 22
# corresponding to MSA columns:
# 17-38
name=unknown_A
#
# <colnr> <probs for GDERKNQSTAVLIFYWHMCP>
#	G	D	E	R	K	N	Q	S	T	A	V	L	I	F	Y	W	H	M	C	P
0	0.01228	0.01355	0.08845	0.01414	0.01740	0.07955	0.15986	0.04310	0.05128	0.01971	0.19263	0.03241	0.02528	0.00972	0.00755	0.00206	0.05702	0.16275	0.00448	0.00676
1	0.01374	0.01327	0.02142	0.07816	0.49967	0.01481	0.01618	0.01699	0.03132	0.01757	0.01037	0.01422	0.00893	0.00659	0.00923	0.00196	0.20922	0.00519	0.00285	0.00829
2	0.01894	0.01451	0.01551	0.01264	0.01671	0.01627	0.01020	0.41914	0.33526	0.04972	0.01833	0.01741	0.01336	0.00737	0.00586	0.00184	0.00559	0.00582	0.00589	0.00960
3	0.00874	0.00687	0.01018	0.00993	0.01087	0.00831	0.00781	0.01074	0.00930	0.01355	0.01479	0.02185	0.01386	0.04032	0.69838	0.00868	0.09135	0.00612	0.00306	0.00531
4	0.00760	0.00588	0.00887	0.00936	0.01013	0.00549	0.06186	0.00891	0.01133	0.01514	0.03049	0.73204	0.03618	0.01719	0.00738	0.00233	0.00387	0.01579	0.00521	0.00496
5	0.01123	0.01059	0.01789	0.72746	0.09231	0.01299	0.01627	0.01508	0.01175	0.01516	0.01038	0.01542	0.00786	0.00577	0.00581	0.00192	0.00769	0.00517	0.00261	0.00666
6	0.00831	0.00623	0.00935	0.00935	0.01038	0.00727	0.00727	0.01038	0.00935	0.01350	0.01558	0.02285	0.01454	0.04361	0.77259	0.00935	0.01558	0.00623	0.00312	0.00519
7	0.01384	0.02098	0.41451	0.01478	0.05682	0.01219	0.01566	0.07331	0.07713	0.10272	0.09146	0.01926	0.04757	0.00706	0.00582	0.00184	0.00676	0.00577	0.00408	0.00844
8	0.01159	0.00834	0.01201	0.18779	0.01783	0.00882	0.04494	0.01425	0.01209	0.06638	0.03184	0.14876	0.01650	0.00850	0.00642	0.00176	0.05914	0.00721	0.24208	0.09376
9	0.01866	0.11207	0.22868	0.01320	0.01878	0.01376	0.04016	0.11360	0.06404	0.27436	0.01570	0.01546	0.01084	0.00647	0.00590	0.00178	0.02771	0.00507	0.00475	0.00902
10	0.01758	0.25809	0.03540	0.03543	0.01542	0.01578	0.00964	0.19971	0.03268	0.13166	0.01397	0.01475	0.01055	0.00646	0.00554	0.00159	0.04442	0.00469	0.13856	0.00807
11	0.01947	0.01280	0.01466	0.04349	0.01679	0.01380	0.00980	0.27858	0.25324	0.20425	0.05607	0.01935	0.01562	0.00752	0.00591	0.00184	0.00535	0.00607	0.00607	0.00931
12	0.00889	0.00605	0.00699	0.00705	0.00734	0.00608	0.00433	0.03869	0.00979	0.01304	0.02042	0.13252	0.02339	0.63122	0.02489	0.00494	0.00537	0.04107	0.00393	0.00402
13	0.79042	0.01153	0.00905	0.00797	0.01163	0.01333	0.00657	0.05817	0.01089	0.02669	0.00843	0.00970	0.00650	0.00549	0.00372	0.00180	0.00461	0.00327	0.00372	0.00650
14	0.00850	0.00637	0.00797	0.00800	0.00927	0.00620	0.00582	0.01214	0.09347	0.02056	0.43060	0.27344	0.06840	0.01351	0.00693	0.00201	0.00315	0.01201	0.00601	0.00563
15	0.00887	0.00643	0.00707	0.00680	0.00876	0.00578	0.00513	0.01153	0.05566	0.05899	0.17809	0.07892	0.46766	0.01304	0.00660	0.00191	0.00312	0.01101	0.05908	0.00556
16	0.01861	0.00987	0.01219	0.01013	0.01330	0.01003	0.00811	0.05674	0.16408	0.35002	0.10213	0.02272	0.01912	0.02769	0.00723	0.00193	0.05509	0.00645	0.09615	0.00839
17	0.02210	0.05870	0.01781	0.01292	0.01758	0.01745	0.01077	0.63623	0.02553	0.10081	0.01445	0.01423	0.01016	0.00689	0.00571	0.00172	0.00626	0.00517	0.00576	0.00976
18	0.01454	0.01110	0.01298	0.01041	0.01387	0.03042	0.00833	0.11905	0.03477	0.09877	0.07228	0.07901	0.03553	0.00789	0.00726	0.00158	0.11002	0.00609	0.00454	0.32155
19	0.09774	0.04864	0.19756	0.04640	0.06036	0.14137	0.04885	0.06938	0.07043	0.09397	0.01245	0.01357	0.00922	0.00590	0.00531	0.00170	0.00726	0.00459	0.00374	0.06156
20	0.25582	0.01173	0.01192	0.00979	0.01349	0.01266	0.00797	0.25148	0.05902	0.14329	0.01729	0.01724	0.05163	0.00701	0.00503	0.00175	0.00488	0.00521	0.10479	0.00800
21	0.01850	0.02008	0.01529	0.07841	0.01859	0.40649	0.01064	0.09449	0.13044	0.03785	0.01447	0.01530	0.04158	0.00665	0.00547	0.00162	0.00802	0.00485	0.00394	0.06732

[dist]
# distance from previous block
# <min> <max>
15	42

[block]
# block no. 1 follows, 40 sequences, length 17
# corresponding to MSA columns:
# 87-103
name=unknown_B
#
# <colnr> <probs for GDERKNQSTAVLIFYWHMCP>
#	G	D	E	R	K	N	Q	S	T	A	V	L	I	F	Y	W	H	M	C	P
0	0.01587	0.24756	0.08743	0.04517	0.01909	0.14409	0.09100	0.08069	0.01375	0.03329	0.01012	0.01257	0.00840	0.00831	0.04954	0.00213	0.11599	0.00450	0.00306	0.00743
1	0.01088	0.00636	0.00794	0.00738	0.00919	0.00577	0.00559	0.01321	0.01499	0.12915	0.38819	0.10793	0.14053	0.01152	0.00640	0.00183	0.00315	0.00997	0.11405	0.00597
2	0.01469	0.01029	0.01298	0.01123	0.01402	0.05767	0.07765	0.07880	0.06658	0.17624	0.07398	0.21099	0.09380	0.01125	0.00661	0.00202	0.00519	0.06338	0.00552	0.00711
3	0.11214	0.00733	0.00949	0.00855	0.01060	0.00706	0.05038	0.01297	0.01422	0.07400	0.35636	0.13635	0.10001	0.01120	0.00632	0.00190	0.00369	0.02033	0.05120	0.00589
4	0.01007	0.00626	0.00868	0.00844	0.00879	0.00686	0.00593	0.00997	0.05458	0.01189	0.01265	0.02098	0.01249	0.12160	0.13156	0.50027	0.05658	0.00576	0.00295	0.00371
5	0.01986	0.17357	0.01925	0.01404	0.01719	0.57236	0.01110	0.02142	0.01502	0.01411	0.00871	0.01044	0.00750	0.00612	0.00600	0.00153	0.06834	0.00373	0.00287	0.00685
6	0.00787	0.00601	0.00728	0.00764	0.00884	0.00566	0.00547	0.01054	0.06467	0.01802	0.23579	0.36598	0.20472	0.01497	0.00704	0.00210	0.00319	0.01322	0.00571	0.00529
7	0.01237	0.01152	0.01917	0.57448	0.16492	0.01346	0.04383	0.05976	0.01295	0.01706	0.01072	0.01522	0.00818	0.00574	0.00584	0.00189	0.00760	0.00524	0.00285	0.00721
8	0.01379	0.01267	0.01874	0.04740	0.07216	0.01354	0.18634	0.06861	0.35943	0.02189	0.01968	0.10632	0.01643	0.00800	0.00629	0.00198	0.00613	0.00753	0.00478	0.00830
9	0.55989	0.01331	0.01063	0.00929	0.01288	0.09708	0.00749	0.06998	0.06828	0.07026	0.01093	0.01170	0.00823	0.00590	0.00426	0.00177	0.00529	0.00383	0.02198	0.00702
10	0.01605	0.01704	0.13231	0.01398	0.06316	0.13689	0.01159	0.17435	0.11609	0.06649	0.01945	0.12289	0.05603	0.00870	0.00600	0.00186	0.00650	0.01797	0.00465	0.00799
11	0.01191	0.00969	0.01484	0.01605	0.18586	0.00876	0.07659	0.01440	0.01287	0.07078	0.06682	0.20567	0.06741	0.02499	0.00656	0.00182	0.00508	0.00858	0.00431	0.18699
12	0.01053	0.02428	0.01226	0.01144	0.05966	0.00923	0.05202	0.01597	0.16332	0.02162	0.41811	0.05032	0.03679	0.04767	0.00813	0.00207	0.03567	0.00883	0.00547	0.00658
13	0.01351	0.00986	0.01534	0.29216	0.07614	0.01076	0.05575	0.01704	0.05962	0.13479	0.01836	0.05709	0.06836	0.00856	0.00765	0.05989	0.03596	0.00655	0.04568	0.00693
14	0.03632	0.08880	0.06347	0.12120	0.27230	0.01274	0.01298	0.06130	0.02607	0.03375	0.08643	0.05592	0.01620	0.06317	0.00743	0.00206	0.00618	0.02245	0.00368	0.00754
15	0.00777	0.00592	0.00773	0.00938	0.06139	0.00554	0.00582	0.00889	0.01128	0.01476	0.03349	0.48578	0.16771	0.13382	0.01054	0.00274	0.00389	0.01371	0.00494	0.00490
16	0.11308	0.01051	0.02977	0.13316	0.11050	0.01081	0.01003	0.09061	0.01366	0.14193	0.02580	0.07295	0.01412	0.11197	0.00900	0.00234	0.02339	0.00634	0.06287	0.00715

[dist]
# distance from previous block
# <min> <max>
1	15

[block]
# block no. 2 follows, 40 sequences, length 11
# corresponding to MSA columns:
# 136-146
name=unknown_C
#
# <colnr> <probs for GDERKNQSTAVLIFYWHMCP>
#	G	D	E	R	K	N	Q	S	T	A	V	L	I	F	Y	W	H	M	C	P
0	0.16184	0.07203	0.01425	0.01129	0.01461	0.20595	0.02760	0.05181	0.15315	0.08576	0.05654	0.01755	0.01384	0.00695	0.00517	0.00171	0.00622	0.02412	0.06218	0.00742
1	0.15934	0.04769	0.06791	0.03695	0.04617	0.06776	0.01066	0.25215	0.04532	0.16801	0.01387	0.01421	0.00990	0.00677	0.00574	0.02322	0.00619	0.00478	0.00483	0.00851
2	0.37724	0.13179	0.01477	0.05329	0.01526	0.05201	0.00865	0.10948	0.01401	0.15745	0.01168	0.01225	0.00853	0.00591	0.00451	0.00170	0.00556	0.00403	0.00427	0.00760
3	0.01340	0.01999	0.31407	0.01857	0.02495	0.01309	0.32105	0.01916	0.04509	0.07136	0.06968	0.01704	0.01256	0.00597	0.00623	0.00189	0.00823	0.00606	0.00344	0.00816
4	0.00939	0.00614	0.00767	0.00723	0.00887	0.00556	0.00544	0.01178	0.01537	0.07559	0.49878	0.08486	0.16901	0.01209	0.00665	0.00185	0.00297	0.01052	0.05455	0.00566
5	0.01652	0.01314	0.01413	0.01266	0.01576	0.01411	0.00961	0.14871	0.43179	0.02728	0.11956	0.10124	0.02514	0.01076	0.00717	0.00238	0.00537	0.00852	0.00662	0.00953
6	0.01548	0.00799	0.01021	0.06933	0.01308	0.00806	0.00727	0.05265	0.03340	0.24107	0.03587	0.02189	0.01526	0.05846	0.11244	0.00293	0.00595	0.00596	0.27568	0.00701
7	0.00830	0.00565	0.00711	0.00755	0.00855	0.00516	0.00527	0.00973	0.01266	0.05259	0.18406	0.42488	0.15910	0.07074	0.00871	0.00239	0.00341	0.01350	0.00556	0.00508
8	0.01820	0.13273	0.01461	0.03212	0.01365	0.01115	0.00827	0.03267	0.04000	0.33049	0.03040	0.05790	0.01463	0.00762	0.00628	0.00172	0.06454	0.00590	0.16925	0.00789
9	0.07345	0.00765	0.00953	0.08530	0.01343	0.00811	0.00758	0.01453	0.13206	0.05364	0.05370	0.41315	0.02870	0.01341	0.00667	0.00219	0.00428	0.06135	0.00519	0.00607
10	0.17039	0.01292	0.01395	0.01139	0.01495	0.01447	0.00929	0.33677	0.08689	0.09227	0.07114	0.01694	0.01385	0.00916	0.04342	0.00221	0.06094	0.00547	0.00522	0.00835

[dist]
# distance from previous block
# <min> <max>
2	15

[block]
# block no. 3 follows, 40 sequences, length 12
# corresponding to MSA columns:
# 162-173
name=unknown_D
#
# <colnr> <probs for GDERKNQSTAVLIFYWHMCP>
#	G	D	E	R	K	N	Q	S	T	A	V	L	I	F	Y	W	H	M	C	P
0	0.43339	0.12745	0.04645	0.01291	0.10634	0.04263	0.03567	0.01809	0.05847	0.02183	0.01185	0.01317	0.03936	0.00587	0.00443	0.00172	0.00557	0.00420	0.00348	0.00712
1	0.03874	0.08359	0.02727	0.07823	0.06673	0.11368	0.01012	0.03465	0.04106	0.16873	0.04318	0.08175	0.01485	0.04238	0.03549	0.00225	0.07294	0.00624	0.03084	0.00729
2	0.01223	0.11054	0.03603	0.08201	0.06985	0.02659	0.00946	0.09011	0.07709	0.01754	0.01917	0.03755	0.08286	0.14973	0.11626	0.00352	0.01990	0.02915	0.00386	0.00656
3	0.00797	0.00578	0.00750	0.00744	0.00858	0.00541	0.00542	0.01017	0.01462	0.02037	0.51939	0.18093	0.08342	0.04965	0.04477	0.00246	0.00362	0.01142	0.00588	0.00522
4	0.02515	0.00969	0.01320	0.01019	0.01452	0.00839	0.00839	0.02743	0.01663	0.72457	0.06140	0.02103	0.01652	0.00744	0.00590	0.00180	0.00483	0.00609	0.00716	0.00967
5	0.01757	0.01016	0.01178	0.00984	0.01309	0.01045	0.00785	0.14133	0.18210	0.23863	0.11681	0.02271	0.01980	0.00785	0.00565	0.00175	0.00439	0.00644	0.16350	0.00831
6	0.78154	0.01115	0.00888	0.00783	0.01149	0.01274	0.00645	0.01786	0.01036	0.07627	0.00911	0.01015	0.00685	0.00552	0.00375	0.00180	0.00453	0.00333	0.00384	0.00654
7	0.00927	0.05967	0.01031	0.00892	0.00995	0.00775	0.00686	0.01012	0.00904	0.01261	0.01362	0.02056	0.01288	0.03478	0.52156	0.22670	0.01215	0.00571	0.00292	0.00464
8	0.12991	0.01471	0.01481	0.01281	0.04640	0.08013	0.00989	0.35705	0.09120	0.04894	0.07018	0.01746	0.03701	0.00743	0.00608	0.00180	0.03508	0.00558	0.00511	0.00842
9	0.01804	0.24980	0.01945	0.01167	0.01581	0.08301	0.00987	0.15557	0.25542	0.10030	0.01587	0.01540	0.01199	0.00661	0.00518	0.00165	0.00596	0.00497	0.00475	0.00867
10	0.83671	0.01125	0.00855	0.00765	0.01125	0.01305	0.00630	0.01709	0.00990	0.02609	0.00810	0.00945	0.00630	0.00540	0.00360	0.00180	0.00450	0.00315	0.00360	0.00630
11	0.01505	0.00913	0.01088	0.00942	0.01217	0.00906	0.00739	0.14849	0.06632	0.19424	0.12801	0.10021	0.14527	0.04988	0.04168	0.00243	0.00494	0.03227	0.00587	0.00729

[dist]
# distance from previous block
# <min> <max>
7	40

[block]
# block no. 4 follows, 40 sequences, length 10
# corresponding to MSA columns:
# 218-227
name=unknown_E
#
# <colnr> <probs for GDERKNQSTAVLIFYWHMCP>
#	G	D	E	R	K	N	Q	S	T	A	V	L	I	F	Y	W	H	M	C	P
0	0.01063	0.07470	0.13282	0.01004	0.01314	0.00879	0.00920	0.01371	0.03698	0.05420	0.08710	0.26633	0.04074	0.03702	0.00708	0.00207	0.00490	0.09173	0.00461	0.09420
1	0.05992	0.01350	0.16824	0.01184	0.05973	0.00955	0.01039	0.01684	0.08457	0.07602	0.12434	0.07725	0.08400	0.00822	0.00569	0.00169	0.00504	0.00690	0.00447	0.17180
2	0.00888	0.00644	0.00797	0.00800	0.00931	0.00635	0.00590	0.01273	0.09902	0.02080	0.39138	0.24423	0.04220	0.01287	0.00672	0.00198	0.00321	0.03381	0.07250	0.00570
3	0.01316	0.01019	0.01250	0.05463	0.06929	0.01107	0.00922	0.02244	0.36787	0.07731	0.16198	0.07963	0.02569	0.00946	0.00630	0.00198	0.00458	0.04919	0.00563	0.00787
4	0.00734	0.00517	0.00667	0.00778	0.00805	0.00489	0.00505	0.00816	0.01064	0.01419	0.02953	0.65356	0.03528	0.16083	0.01149	0.00296	0.00379	0.01505	0.00505	0.00450
5	0.01626	0.28654	0.08452	0.01649	0.09605	0.20985	0.09448	0.01963	0.04984	0.01587	0.00997	0.01192	0.00832	0.00573	0.00581	0.00160	0.05234	0.00429	0.00288	0.00762
6	0.83671	0.01125	0.00855	0.00765	0.01125	0.01305	0.00630	0.01709	0.00990	0.02609	0.00810	0.00945	0.00630	0.00540	0.00360	0.00180	0.00450	0.00315	0.00360	0.00630
7	0.01272	0.01272	0.01781	0.01527	0.01527	0.01781	0.01272	0.01399	0.00891	0.01399	0.00763	0.01272	0.00763	0.01018	0.01908	0.00254	0.78499	0.00509	0.00254	0.00636
8	0.01469	0.01393	0.06249	0.18870	0.35725	0.04972	0.01521	0.04522	0.05052	0.07778	0.05734	0.01685	0.01232	0.00614	0.00581	0.00179	0.00682	0.00550	0.00361	0.00832
9	0.26235	0.01442	0.01542	0.05578	0.07183	0.08072	0.04537	0.23909	0.01707	0.10023	0.01203	0.01304	0.00880	0.00606	0.00511	0.00174	0.00626	0.00456	0.00444	0.03570

[dist]
# distance from previous block
# <min> <max>
1	2

[block]
# block no. 5 follows, 40 sequences, length 8
# corresponding to MSA columns:
# 230,231,239-244
name=unknown_F
#
# <colnr> <probs for GDERKNQSTAVLIFYWHMCP>
#	G	D	E	R	K	N	Q	S	T	A	V	L	I	F	Y	W	H	M	C	P
0	0.00827	0.00638	0.00773	0.00708	0.00900	0.00557	0.00536	0.01067	0.01518	0.02091	0.50010	0.04344	0.23092	0.01184	0.00660	0.00176	0.00296	0.01024	0.00584	0.09014
1	0.01485	0.01973	0.29915	0.06139	0.02166	0.01445	0.04941	0.14764	0.24254	0.04655	0.01558	0.01607	0.01133	0.00655	0.00579	0.00188	0.00687	0.00539	0.00429	0.00888
2	0.02031	0.01044	0.01246	0.01006	0.01372	0.01039	0.00814	0.16235	0.10763	0.36312	0.04949	0.02019	0.01563	0.00735	0.00555	0.00173	0.00467	0.00592	0.16205	0.00879
3	0.00862	0.00558	0.00727	0.00812	0.00892	0.00515	0.00564	0.00979	0.01169	0.06934	0.03288	0.60558	0.09461	0.05403	0.00835	0.00246	0.00365	0.04779	0.00544	0.00509
4	0.01776	0.01065	0.01378	0.14647	0.04276	0.01119	0.00997	0.11568	0.14033	0.26186	0.07841	0.02052	0.01637	0.00732	0.00577	0.00181	0.00525	0.00609	0.07964	0.00839
5	0.00846	0.00574	0.00758	0.00769	0.00809	0.00609	0.00518	0.00903	0.00891	0.01225	0.01762	0.09234	0.01906	0.38191	0.29412	0.09145	0.00896	0.00797	0.00343	0.00412
6	0.14021	0.09593	0.01772	0.13833	0.11437	0.12913	0.07058	0.03873	0.01277	0.01835	0.01102	0.01460	0.00917	0.04359	0.00673	0.00189	0.03748	0.00475	0.08776	0.00690
7	0.07699	0.09016	0.08719	0.04734	0.10856	0.01271	0.01120	0.09636	0.05492	0.19645	0.01460	0.03185	0.01091	0.00621	0.00524	0.00162	0.00575	0.00498	0.00448	0.13249

[dist]
# distance from previous block
# <min> <max>
2	5

[block]
# block no. 6 follows, 40 sequences, length 33
# corresponding to MSA columns:
# 250-282
name=unknown_G
#
# <colnr> <probs for GDERKNQSTAVLIFYWHMCP>
#	G	D	E	R	K	N	Q	S	T	A	V	L	I	F	Y	W	H	M	C	P
0	0.05831	0.04482	0.01517	0.01254	0.05620	0.07389	0.00960	0.14579	0.07877	0.38809	0.01875	0.04375	0.01326	0.00722	0.00566	0.00177	0.00570	0.00574	0.00586	0.00910
1	0.01045	0.02696	0.12278	0.12782	0.04765	0.00995	0.01079	0.01584	0.15377	0.01776	0.06704	0.27771	0.02341	0.01133	0.00698	0.03075	0.00529	0.02265	0.00444	0.00664
2	0.00709	0.00506	0.00675	0.00810	0.00843	0.00472	0.00540	0.00810	0.01113	0.01484	0.03205	0.79184	0.03846	0.01822	0.00742	0.00236	0.00337	0.01653	0.00540	0.00472
3	0.02192	0.00932	0.01222	0.00967	0.01349	0.00835	0.00787	0.06356	0.01684	0.55574	0.12147	0.02414	0.04862	0.00808	0.00593	0.00178	0.00454	0.00667	0.05092	0.00887
4	0.02211	0.01629	0.01745	0.01338	0.01803	0.01803	0.01105	0.73997	0.02734	0.03665	0.01396	0.01396	0.00989	0.00698	0.00582	0.00175	0.00640	0.00524	0.00582	0.00989
5	0.83671	0.01125	0.00855	0.00765	0.01125	0.01305	0.00630	0.01709	0.00990	0.02609	0.00810	0.00945	0.00630	0.00540	0.00360	0.00180	0.00450	0.00315	0.00360	0.00630
6	0.32888	0.01386	0.01377	0.01097	0.01522	0.01537	0.00906	0.40883	0.01989	0.09314	0.01250	0.01275	0.00891	0.00640	0.00499	0.00177	0.00556	0.00450	0.00510	0.00854
7	0.01672	0.01289	0.01692	0.34923	0.02716	0.06505	0.04215	0.19473	0.01693	0.13612	0.05413	0.01699	0.01191	0.00662	0.00588	0.00183	0.00698	0.00555	0.00434	0.00785
8	0.01581	0.69129	0.02822	0.01040	0.01501	0.09290	0.00995	0.01765	0.01215	0.01373	0.00850	0.01004	0.00778	0.00678	0.03797	0.00163	0.00704	0.00331	0.00256	0.00729
9	0.32697	0.01144	0.01077	0.00972	0.01297	0.01319	0.00768	0.02423	0.40764	0.02478	0.01736	0.01703	0.01316	0.00685	0.00488	0.00186	0.00441	0.00518	0.07209	0.00779
10	0.08354	0.44580	0.02266	0.01043	0.01488	0.01875	0.00945	0.07346	0.16050	0.09015	0.01305	0.01314	0.01026	0.00595	0.00451	0.00152	0.00565	0.00422	0.00395	0.00812
11	0.00794	0.00590	0.00704	0.00675	0.00831	0.00530	0.00506	0.01027	0.01519	0.02078	0.49090	0.04628	0.27907	0.01252	0.00671	0.00185	0.00281	0.01080	0.05123	0.00530
12	0.00748	0.00591	0.00673	0.00653	0.00823	0.00517	0.00489	0.00952	0.01468	0.01910	0.36984	0.05038	0.44395	0.01346	0.00687	0.00190	0.00286	0.01149	0.00585	0.00517
13	0.00774	0.00568	0.00726	0.00738	0.00852	0.00520	0.00534	0.00984	0.01455	0.02000	0.46720	0.26256	0.12903	0.01405	0.00702	0.00200	0.00295	0.01246	0.00600	0.00520
14	0.01010	0.00505	0.00758	0.00758	0.00758	0.00505	0.00505	0.00758	0.00758	0.01010	0.01010	0.01768	0.01010	0.02020	0.02273	0.83081	0.00505	0.00505	0.00253	0.00253
15	0.01555	0.79913	0.03047	0.00995	0.01493	0.02301	0.00995	0.01741	0.01182	0.01368	0.00808	0.00933	0.00746	0.00498	0.00373	0.00124	0.00622	0.00311	0.00249	0.00746
16	0.00918	0.00584	0.00743	0.00770	0.00892	0.00537	0.00560	0.01100	0.01337	0.07353	0.22699	0.36455	0.11566	0.01432	0.00685	0.00207	0.00330	0.04029	0.07263	0.00541
17	0.00826	0.00625	0.00768	0.00746	0.00893	0.00588	0.00554	0.01147	0.06318	0.02103	0.49902	0.13712	0.17057	0.01290	0.00687	0.00193	0.00298	0.01131	0.00607	0.00554
18	0.05715	0.01387	0.01532	0.01194	0.01637	0.04628	0.00979	0.37046	0.04179	0.33026	0.01742	0.01621	0.01169	0.00699	0.00572	0.00177	0.00586	0.00537	0.00617	0.00959
19	0.01259	0.02360	0.43617	0.02015	0.02752	0.01405	0.34431	0.01851	0.01293	0.01851	0.01103	0.01381	0.00802	0.00524	0.00613	0.00190	0.00914	0.00545	0.00267	0.00826
20	0.01628	0.01287	0.01442	0.08332	0.01788	0.01460	0.01013	0.20831	0.43631	0.05656	0.05140	0.02002	0.01629	0.00761	0.00592	0.00190	0.00528	0.00624	0.00566	0.00899
21	0.83671	0.01125	0.00855	0.00765	0.01125	0.01305	0.00630	0.01709	0.00990	0.02609	0.00810	0.00945	0.00630	0.00540	0.00360	0.00180	0.00450	0.00315	0.00360	0.00630
22	0.00788	0.00681	0.03775	0.09449	0.01263	0.00611	0.00720	0.00973	0.01219	0.01640	0.14807	0.52299	0.06543	0.01516	0.00705	0.00219	0.00395	0.01363	0.00513	0.00520
23	0.00975	0.00597	0.00730	0.00713	0.00784	0.00615	0.00478	0.01081	0.00971	0.05379	0.01801	0.03077	0.01818	0.44476	0.20340	0.00564	0.00753	0.00729	0.13662	0.00457
24	0.01126	0.01062	0.01794	0.72104	0.09850	0.01299	0.01629	0.01510	0.01176	0.01519	0.01038	0.01541	0.00787	0.00576	0.00581	0.00192	0.00768	0.00517	0.00261	0.00668
25	0.00709	0.00506	0.00675	0.00810	0.00843	0.00472	0.00540	0.00810	0.01113	0.01484	0.03205	0.79184	0.03846	0.01822	0.00742	0.00236	0.00337	0.01653	0.00540	0.00472
26	0.01170	0.01089	0.01794	0.30633	0.27646	0.01183	0.04492	0.01564	0.05278	0.01698	0.01663	0.13185	0.04557	0.00789	0.00613	0.00193	0.00653	0.00731	0.00342	0.00728
27	0.83671	0.01125	0.00855	0.00765	0.01125	0.01305	0.00630	0.01709	0.00990	0.02609	0.00810	0.00945	0.00630	0.00540	0.00360	0.00180	0.00450	0.00315	0.00360	0.00630
28	0.01349	0.01301	0.01778	0.01511	0.01549	0.01783	0.01259	0.07298	0.01040	0.01584	0.00815	0.01282	0.00782	0.00992	0.01801	0.00248	0.72172	0.00510	0.00281	0.00665
29	0.08095	0.01284	0.01992	0.15607	0.45559	0.01372	0.01533	0.07721	0.01387	0.02037	0.04380	0.01537	0.01075	0.00593	0.00611	0.00180	0.03356	0.00525	0.00328	0.00830
30	0.10506	0.44013	0.02300	0.04183	0.01608	0.03690	0.02662	0.04021	0.07281	0.13027	0.01197	0.01249	0.00934	0.00571	0.00447	0.00151	0.00597	0.00406	0.00372	0.00787
31	0.21757	0.04374	0.06185	0.01071	0.01512	0.01081	0.04787	0.03574	0.01425	0.36089	0.04726	0.01855	0.01352	0.00687	0.00532	0.00178	0.00531	0.03388	0.00531	0.04365
32	0.00959	0.00623	0.00779	0.00722	0.00894	0.00563	0.00548	0.01208	0.01570	0.08208	0.53919	0.04247	0.16825	0.01171	0.00663	0.00182	0.00296	0.01016	0.05031	0.00574

[dist]
# distance from previous block
# <min> <max>
0	1

[block]
# block no. 7 follows, 40 sequences, length 8
# corresponding to MSA columns:
# 284-291
name=unknown_H
#
# <colnr> <probs for GDERKNQSTAVLIFYWHMCP>
#	G	D	E	R	K	N	Q	S	T	A	V	L	I	F	Y	W	H	M	C	P
0	0.01688	0.01239	0.01354	0.01172	0.01531	0.01382	0.00925	0.08641	0.57763	0.14070	0.02279	0.02079	0.01661	0.00771	0.00590	0.00193	0.00480	0.00636	0.00611	0.00937
1	0.08932	0.18688	0.10881	0.01258	0.01765	0.05680	0.07173	0.10916	0.01554	0.25597	0.01414	0.01416	0.00996	0.00607	0.00520	0.00167	0.00651	0.00473	0.00454	0.00856
2	0.00731	0.00535	0.00687	0.00766	0.00842	0.00491	0.00530	0.00876	0.01255	0.01680	0.19369	0.54076	0.12733	0.01642	0.00723	0.00220	0.00319	0.01471	0.00562	0.00491
3	0.08538	0.01327	0.10383	0.09313	0.07377	0.01216	0.01172	0.12146	0.03199	0.15898	0.09148	0.05095	0.01640	0.00803	0.00704	0.00193	0.07579	0.03015	0.00466	0.00788
4	0.00854	0.00552	0.00652	0.00663	0.00666	0.00549	0.00386	0.00832	0.00857	0.01142	0.01845	0.09622	0.02122	0.64070	0.02700	0.10374	0.00539	0.00870	0.00356	0.00350
5	0.00876	0.00651	0.00803	0.00807	0.00934	0.00640	0.00580	0.01187	0.10015	0.01770	0.21188	0.26889	0.11055	0.05506	0.05179	0.06781	0.00427	0.01110	0.00521	0.03082
6	0.13835	0.07731	0.10925	0.01427	0.12071	0.03531	0.01106	0.05929	0.08251	0.10008	0.05077	0.04357	0.01301	0.00653	0.00518	0.00165	0.00568	0.00521	0.00415	0.11610
7	0.06329	0.15016	0.10446	0.01412	0.10568	0.11144	0.01111	0.06183	0.01364	0.04722	0.01312	0.10829	0.01205	0.00695	0.00514	0.00156	0.00630	0.00554	0.00358	0.15453

[dist]
# distance from previous block
# <min> <max>
1	22

[block]
# block no. 8 follows, 40 sequences, length 28
# corresponding to MSA columns:
# 323-350
name=unknown_I
#
# <colnr> <probs for GDERKNQSTAVLIFYWHMCP>
#	G	D	E	R	K	N	Q	S	T	A	V	L	I	F	Y	W	H	M	C	P
0	0.08345	0.00819	0.01055	0.02442	0.02291	0.00857	0.03520	0.04671	0.09686	0.05918	0.05291	0.29215	0.02555	0.04106	0.09126	0.00306	0.00579	0.08101	0.00496	0.00621
1	0.00767	0.00529	0.00698	0.00801	0.00860	0.00489	0.00545	0.00888	0.01180	0.03498	0.09487	0.68287	0.06341	0.01727	0.00731	0.00229	0.00335	0.01560	0.00553	0.00493
2	0.01228	0.00668	0.00878	0.00820	0.01010	0.00599	0.00615	0.01431	0.01475	0.20567	0.31516	0.25341	0.08977	0.01273	0.00677	0.00198	0.00349	0.01120	0.00624	0.00633
3	0.02160	0.01507	0.01645	0.01283	0.01729	0.01648	0.01053	0.56734	0.11784	0.11930	0.01624	0.01562	0.01141	0.00712	0.00583	0.00178	0.00600	0.00548	0.00599	0.00980
4	0.01882	0.01184	0.01344	0.01094	0.01460	0.01250	0.00882	0.27518	0.17537	0.20114	0.10459	0.02106	0.01826	0.00778	0.00581	0.00178	0.00493	0.00629	0.07799	0.00885
5	0.11651	0.01570	0.01642	0.01272	0.01725	0.01746	0.01050	0.65619	0.02532	0.03543	0.01328	0.01344	0.00947	0.00680	0.00556	0.00175	0.00618	0.00499	0.00556	0.00947
6	0.01289	0.01200	0.02013	0.02990	0.60055	0.01198	0.01528	0.01586	0.01273	0.01807	0.01484	0.15255	0.01458	0.00881	0.03231	0.00210	0.00658	0.00723	0.00333	0.00828
7	0.11071	0.70782	0.02793	0.00968	0.01450	0.02186	0.00953	0.01738	0.01159	0.01512	0.00809	0.00934	0.00733	0.00502	0.00372	0.00131	0.00602	0.00311	0.00262	0.00733
8	0.28426	0.01207	0.01180	0.01050	0.01393	0.01384	0.00837	0.07375	0.41652	0.03893	0.01817	0.01880	0.01401	0.00731	0.00523	0.00192	0.00473	0.03256	0.00515	0.00816
9	0.00851	0.00890	0.09562	0.00959	0.01111	0.00709	0.00778	0.01148	0.07439	0.01590	0.02738	0.57645	0.03125	0.04694	0.00840	0.00241	0.03279	0.01351	0.00492	0.00557
10	0.00825	0.00628	0.00770	0.00796	0.00927	0.00601	0.00589	0.01139	0.07682	0.01889	0.28213	0.28141	0.17173	0.01438	0.00705	0.00210	0.00334	0.06817	0.00578	0.00545
11	0.01400	0.01341	0.02289	0.12214	0.67599	0.01371	0.01765	0.01750	0.01305	0.01852	0.01087	0.01452	0.00904	0.00525	0.00576	0.00175	0.00701	0.00518	0.00284	0.00889
12	0.00899	0.00635	0.00781	0.00734	0.00904	0.00583	0.00554	0.01191	0.04355	0.05666	0.52080	0.06501	0.20466	0.01231	0.00679	0.00188	0.00298	0.01070	0.00617	0.00569
13	0.01010	0.00505	0.00758	0.00758	0.00758	0.00505	0.00505	0.00758	0.00758	0.01010	0.01010	0.01768	0.01010	0.02020	0.02273	0.83081	0.00505	0.00505	0.00253	0.00253
14	0.01597	0.69981	0.05823	0.01051	0.01560	0.02220	0.01050	0.08121	0.01320	0.01589	0.00870	0.00985	0.00767	0.00517	0.00399	0.00131	0.00633	0.00334	0.00278	0.00772
15	0.00870	0.00555	0.00725	0.00810	0.00893	0.00507	0.00558	0.00986	0.01179	0.07916	0.03364	0.66065	0.09980	0.01696	0.00724	0.00228	0.00347	0.01524	0.00555	0.00518
16	0.01540	0.25753	0.32021	0.01563	0.07718	0.08107	0.04437	0.01946	0.01306	0.08933	0.01092	0.01227	0.00829	0.00551	0.00506	0.00162	0.00761	0.00421	0.00303	0.00824
17	0.26651	0.01250	0.03450	0.01060	0.01433	0.01349	0.00869	0.05392	0.39197	0.10721	0.01807	0.01717	0.01327	0.00695	0.00519	0.00189	0.00480	0.00533	0.00525	0.00840
18	0.01346	0.01491	0.03144	0.11322	0.09407	0.01442	0.59273	0.01812	0.01344	0.01822	0.01153	0.01555	0.00873	0.00503	0.00665	0.00194	0.00932	0.00652	0.00289	0.00780
19	0.01411	0.07813	0.01533	0.01184	0.01334	0.01399	0.00985	0.03623	0.03335	0.10306	0.01279	0.01601	0.01065	0.01158	0.07933	0.00270	0.37798	0.00521	0.14773	0.00678
20	0.01084	0.00542	0.00542	0.00542	0.00678	0.00542	0.00407	0.01355	0.01220	0.02168	0.01897	0.02168	0.01491	0.00678	0.00407	0.00136	0.00271	0.00542	0.82791	0.00542
21	0.00806	0.00603	0.00750	0.00732	0.00872	0.00558	0.00542	0.01081	0.03868	0.02102	0.52585	0.13828	0.16901	0.01303	0.00690	0.00192	0.00292	0.01144	0.00609	0.00541
22	0.01396	0.11469	0.03383	0.02267	0.02844	0.01576	0.64620	0.01847	0.01348	0.01800	0.01130	0.01488	0.00865	0.00491	0.00647	0.00187	0.00935	0.00639	0.00288	0.00780
23	0.01446	0.01249	0.01315	0.01183	0.01512	0.01446	0.00920	0.03090	0.74885	0.02433	0.02367	0.02170	0.01775	0.00789	0.00592	0.00197	0.00460	0.00657	0.00592	0.00920
24	0.00858	0.00563	0.00642	0.00668	0.00793	0.00537	0.00490	0.01049	0.01216	0.01766	0.07172	0.17540	0.22188	0.04490	0.07449	0.00264	0.00422	0.03118	0.28269	0.00506
25	0.01211	0.00779	0.00959	0.00835	0.01070	0.00737	0.00649	0.07657	0.04576	0.12327	0.47342	0.03671	0.10419	0.01062	0.00649	0.00180	0.00351	0.00915	0.00623	0.03988
26	0.55463	0.03980	0.04843	0.00923	0.01283	0.09104	0.00779	0.06935	0.01189	0.02357	0.00961	0.01247	0.00805	0.07338	0.00626	0.00208	0.00561	0.00387	0.00360	0.00652
27	0.17910	0.01269	0.01556	0.01354	0.01442	0.04178	0.01124	0.01485	0.00954	0.01658	0.00870	0.01411	0.00840	0.00931	0.01505	0.00236	0.57021	0.03336	0.00289	0.00632

[dist]
# distance from previous block
# <min> <max>
0	6

[block]
# block no. 9 follows, 40 sequences, length 7
# corresponding to MSA columns:
# 357-363
name=unknown_J
#
# <colnr> <probs for GDERKNQSTAVLIFYWHMCP>
#	G	D	E	R	K	N	Q	S	T	A	V	L	I	F	Y	W	H	M	C	P
0	0.00811	0.00587	0.00694	0.00668	0.00822	0.00530	0.00501	0.01046	0.01502	0.02083	0.46370	0.04485	0.26348	0.01219	0.00656	0.00182	0.00280	0.01049	0.09637	0.00530
1	0.07896	0.00622	0.00850	0.09259	0.01159	0.00653	0.00638	0.00931	0.00913	0.01304	0.01664	0.12776	0.06873	0.01670	0.01595	0.49303	0.00491	0.00704	0.00324	0.00376
2	0.14952	0.01259	0.01335	0.01062	0.01452	0.01354	0.00870	0.38519	0.02025	0.15219	0.01537	0.01552	0.01092	0.00673	0.00517	0.00170	0.00523	0.00504	0.14528	0.00856
3	0.05712	0.00745	0.00905	0.00887	0.01067	0.00725	0.00667	0.07930	0.01380	0.13296	0.04703	0.37415	0.08986	0.04955	0.00783	0.00232	0.00420	0.08026	0.00555	0.00612
4	0.08450	0.29495	0.01904	0.01011	0.01440	0.01503	0.00888	0.06163	0.08775	0.27373	0.06271	0.01657	0.01391	0.00661	0.00497	0.00162	0.00528	0.00498	0.00496	0.00838
5	0.04034	0.00686	0.00839	0.05046	0.01100	0.00691	0.00639	0.01288	0.08545	0.02058	0.34406	0.16565	0.10294	0.01200	0.00650	0.00194	0.00349	0.03709	0.07133	0.00574
6	0.08431	0.09931	0.01488	0.01118	0.01399	0.13616	0.04373	0.07056	0.03587	0.10128	0.02026	0.15174	0.08526	0.04092	0.00765	0.00202	0.06218	0.00749	0.00438	0.00682

[dist]
# distance from previous block
# <min> <max>
0	66

[block]
# block no. 10 follows, 40 sequences, length 10
# corresponding to MSA columns:
# 430-439
name=unknown_K
#
# <colnr> <probs for GDERKNQSTAVLIFYWHMCP>
#	G	D	E	R	K	N	Q	S	T	A	V	L	I	F	Y	W	H	M	C	P
0	0.36669	0.01232	0.05352	0.20736	0.09097	0.01331	0.01125	0.01767	0.07792	0.02125	0.01071	0.01319	0.00832	0.00600	0.00551	0.00187	0.04731	0.00438	0.02344	0.00699
1	0.01223	0.15968	0.01556	0.11161	0.01632	0.04982	0.00976	0.01622	0.10136	0.01659	0.01757	0.05206	0.03863	0.01218	0.08010	0.00262	0.09334	0.09937	0.08848	0.00650
2	0.11978	0.01102	0.01583	0.57452	0.06454	0.04259	0.01406	0.01554	0.01169	0.01686	0.01050	0.01481	0.00801	0.00579	0.00540	0.00186	0.00712	0.00486	0.04870	0.00651
3	0.00785	0.00599	0.00821	0.10922	0.01253	0.00601	0.00674	0.00937	0.01158	0.01523	0.07089	0.48892	0.10074	0.07730	0.00891	0.00251	0.00414	0.04399	0.00494	0.00494
4	0.00863	0.00604	0.00736	0.00756	0.00888	0.00555	0.00543	0.01079	0.04109	0.05721	0.20932	0.33457	0.22549	0.03509	0.00758	0.00217	0.00330	0.01285	0.00570	0.00537
5	0.01472	0.01184	0.01299	0.01156	0.01471	0.01354	0.00906	0.08082	0.56728	0.05511	0.02186	0.02119	0.01660	0.01248	0.10640	0.00291	0.00619	0.00640	0.00560	0.00876
6	0.75786	0.01111	0.00903	0.00791	0.01160	0.01261	0.00652	0.01819	0.01055	0.09780	0.00954	0.01045	0.00709	0.00557	0.00382	0.00180	0.00454	0.00341	0.00395	0.00665
7	0.08443	0.01185	0.01398	0.01088	0.01516	0.01185	0.00896	0.26439	0.01954	0.41633	0.03832	0.01778	0.01339	0.00710	0.00563	0.00176	0.00525	0.00555	0.03852	0.00933
8	0.12671	0.01316	0.01413	0.01131	0.01523	0.01428	0.00922	0.41013	0.07694	0.10959	0.12265	0.01885	0.01702	0.00758	0.00569	0.00179	0.00533	0.00590	0.00577	0.00873
9	0.01543	0.64913	0.12593	0.01114	0.01646	0.06955	0.01154	0.01791	0.01217	0.01434	0.00845	0.00979	0.00745	0.00511	0.00406	0.00134	0.00680	0.00331	0.00252	0.00757

[dist]
# distance from previous block
# <min> <max>
0	2

[block]
# block no. 11 follows, 40 sequences, length 8
# corresponding to MSA columns:
# 442-449
name=unknown_L
#
# <colnr> <probs for GDERKNQSTAVLIFYWHMCP>
#	G	D	E	R	K	N	Q	S	T	A	V	L	I	F	Y	W	H	M	C	P
0	0.00795	0.00548	0.00712	0.00798	0.00878	0.00504	0.00558	0.00932	0.01224	0.04223	0.11786	0.57867	0.10859	0.01668	0.00727	0.00225	0.00339	0.04295	0.00558	0.00504
1	0.01147	0.01098	0.01902	0.66544	0.10884	0.01311	0.05856	0.01537	0.01191	0.01548	0.01048	0.01541	0.00796	0.00570	0.00587	0.00192	0.00779	0.00527	0.00263	0.00681
2	0.06874	0.00691	0.00838	0.00810	0.00969	0.00684	0.00617	0.03772	0.04634	0.02247	0.49515	0.14031	0.04444	0.01223	0.00671	0.00196	0.00335	0.06280	0.00595	0.00575
3	0.00960	0.00529	0.00753	0.00753	0.00764	0.00539	0.00499	0.00804	0.00793	0.01068	0.01223	0.02207	0.01265	0.16926	0.10270	0.58862	0.00627	0.00582	0.00278	0.00299
4	0.09383	0.07804	0.01645	0.05627	0.01741	0.08131	0.01014	0.27688	0.01893	0.25050	0.01487	0.01471	0.01035	0.00668	0.00577	0.00174	0.02718	0.00493	0.00525	0.00881
5	0.00865	0.00660	0.00823	0.00791	0.00919	0.00662	0.00591	0.01105	0.05405	0.01879	0.35367	0.11714	0.20663	0.01366	0.00928	0.08190	0.05967	0.01041	0.00539	0.00526
6	0.12753	0.04574	0.06475	0.09823	0.02067	0.05633	0.16194	0.11266	0.03731	0.04205	0.06565	0.01715	0.01268	0.04022	0.03297	0.00226	0.04511	0.00565	0.00380	0.00731
7	0.05896	0.07990	0.20458	0.09318	0.10732	0.01418	0.03465	0.08658	0.04794	0.06166	0.01165	0.01359	0.00887	0.00600	0.00629	0.00174	0.06297	0.00466	0.00345	0.09182

[dist]
# distance from previous block
# <min> <max>
0	37

[block]
# block no. 12 follows, 40 sequences, length 12
# corresponding to MSA columns:
# 491-502
name=unknown_M
#
# <colnr> <probs for GDERKNQSTAVLIFYWHMCP>
#	G	D	E	R	K	N	Q	S	T	A	V	L	I	F	Y	W	H	M	C	P
0	0.17225	0.26007	0.17286	0.01312	0.05785	0.01591	0.04520	0.05870	0.01292	0.06148	0.01098	0.01352	0.00890	0.00578	0.00474	0.00163	0.00640	0.02981	0.00334	0.04453
1	0.08735	0.15991	0.19348	0.01319	0.04379	0.06851	0.01244	0.05889	0.05072	0.04977	0.03317	0.04138	0.01094	0.00673	0.00645	0.00172	0.08482	0.00484	0.00348	0.06841
2	0.01044	0.00769	0.00958	0.04820	0.01173	0.00797	0.00702	0.04016	0.08907	0.03573	0.17188	0.05483	0.16756	0.04765	0.01062	0.12358	0.04702	0.05838	0.02130	0.02959
3	0.01005	0.00616	0.00799	0.05117	0.01058	0.00599	0.00608	0.01214	0.01298	0.08350	0.17838	0.27640	0.07132	0.01424	0.05379	0.00238	0.00422	0.01052	0.17649	0.00562
4	0.06549	0.04912	0.09342	0.06692	0.14146	0.01377	0.07477	0.10516	0.07392	0.06258	0.06200	0.06026	0.01417	0.00745	0.00710	0.00190	0.08239	0.00615	0.00403	0.00794
5	0.00966	0.04516	0.00941	0.00854	0.00977	0.00697	0.00629	0.01114	0.01089	0.06952	0.05055	0.29965	0.02495	0.11960	0.26259	0.00491	0.00794	0.01010	0.00439	0.02798
6	0.00894	0.00801	0.05218	0.08774	0.01434	0.00739	0.00933	0.01132	0.01225	0.01632	0.04744	0.31555	0.03080	0.01487	0.00784	0.00241	0.03521	0.30774	0.00485	0.00546
7	0.83671	0.01125	0.00855	0.00765	0.01125	0.01305	0.00630	0.01709	0.00990	0.02609	0.00810	0.00945	0.00630	0.00540	0.00360	0.00180	0.00450	0.00315	0.00360	0.00630
8	0.06832	0.01235	0.01330	0.01104	0.01438	0.01359	0.00887	0.36558	0.12057	0.06037	0.01751	0.05215	0.01427	0.04674	0.00705	0.00200	0.01934	0.03566	0.10868	0.00823
9	0.00729	0.00571	0.00660	0.00679	0.00821	0.00502	0.00494	0.00899	0.01361	0.01754	0.23869	0.22651	0.39981	0.01479	0.00700	0.00202	0.00299	0.01281	0.00567	0.00502
10	0.01290	0.05999	0.05233	0.02809	0.01607	0.01127	0.09214	0.03480	0.17338	0.07316	0.01738	0.08477	0.01489	0.01594	0.18481	0.00352	0.00805	0.00657	0.00422	0.10571
11	0.01221	0.00967	0.01512	0.51601	0.03054	0.01117	0.01323	0.01612	0.04360	0.08910	0.04873	0.06299	0.01429	0.00757	0.00603	0.00195	0.00658	0.05043	0.00371	0.04094

[dist]
# distance from previous block
# <min> <max>
3	20

[block]
# block no. 13 follows, 40 sequences, length 6
# corresponding to MSA columns:
# 523-528
name=unknown_N
#
# <colnr> <probs for GDERKNQSTAVLIFYWHMCP>
#	G	D	E	R	K	N	Q	S	T	A	V	L	I	F	Y	W	H	M	C	P
0	0.18955	0.27504	0.25785	0.01163	0.01740	0.01582	0.01266	0.01922	0.01224	0.12431	0.01095	0.01178	0.00817	0.00556	0.00458	0.00163	0.00643	0.00389	0.00338	0.00792
1	0.01361	0.01120	0.01862	0.49655	0.22704	0.01266	0.01573	0.01719	0.01263	0.10154	0.01194	0.01570	0.00890	0.00581	0.00580	0.00187	0.00721	0.00525	0.00319	0.00758
2	0.07499	0.00863	0.00998	0.00857	0.01146	0.00843	0.00677	0.06771	0.07407	0.25185	0.11676	0.06113	0.10186	0.00895	0.00566	0.00177	0.00399	0.00737	0.16267	0.00739
3	0.10380	0.06698	0.01540	0.01181	0.01504	0.01148	0.09259	0.07846	0.05935	0.17280	0.07221	0.11241	0.01992	0.00944	0.00671	0.00199	0.04163	0.09548	0.00508	0.00742
4	0.06661	0.01450	0.13079	0.12487	0.02001	0.04266	0.06447	0.12004	0.04903	0.05488	0.06690	0.04178	0.06707	0.00771	0.00647	0.00187	0.04788	0.00628	0.05881	0.00736
5	0.00749	0.00563	0.00694	0.00722	0.00839	0.00508	0.00518	0.00931	0.01380	0.01845	0.32813	0.30468	0.22888	0.01480	0.00706	0.00205	0.00301	0.01304	0.00580	0.00508

[dist]
# distance from previous block
# <min> <max>
2	11

[block]
# block no. 14 follows, 40 sequences, length 7
# corresponding to MSA columns:
# 540-546
name=unknown_O
#
# <colnr> <probs for GDERKNQSTAVLIFYWHMCP>
#	G	D	E	R	K	N	Q	S	T	A	V	L	I	F	Y	W	H	M	C	P
0	0.14281	0.13050	0.05583	0.07712	0.08399	0.11320	0.05515	0.08833	0.03071	0.10055	0.01169	0.01333	0.00896	0.00705	0.02707	0.00193	0.03570	0.00457	0.00372	0.00777
1	0.64457	0.01200	0.04259	0.00852	0.01221	0.01276	0.00731	0.08120	0.01222	0.02642	0.08363	0.01338	0.01153	0.00620	0.00421	0.00180	0.00467	0.00412	0.00403	0.00664
2	0.01449	0.14106	0.06171	0.09764	0.06034	0.04715	0.02790	0.08912	0.16627	0.05442	0.01625	0.08647	0.01418	0.06838	0.00742	0.00207	0.00611	0.00632	0.00417	0.02853
3	0.00854	0.00635	0.00855	0.00920	0.00994	0.00674	0.00679	0.01079	0.06149	0.01522	0.02584	0.43201	0.02894	0.02148	0.14454	0.05476	0.04477	0.09419	0.00471	0.00513
4	0.01020	0.00627	0.00777	0.00746	0.00904	0.00565	0.00543	0.01194	0.01380	0.12148	0.26848	0.19016	0.20301	0.10140	0.00939	0.00239	0.00355	0.01123	0.00576	0.00560
5	0.55580	0.01078	0.01026	0.00858	0.01249	0.01149	0.00708	0.02099	0.01223	0.28159	0.01324	0.01303	0.00910	0.00602	0.00438	0.00180	0.00465	0.00408	0.00485	0.00754
6	0.07434	0.00669	0.00816	0.00766	0.00946	0.00658	0.00595	0.01329	0.01421	0.08778	0.37009	0.03445	0.06223	0.01410	0.09383	0.00266	0.00468	0.04267	0.13530	0.00587

[dist]
# distance from previous block
# <min> <max>
1	4

[block]
# block no. 15 follows, 40 sequences, length 34
# corresponding to MSA columns:
# 551-584
name=unknown_P
#
# <colnr> <probs for GDERKNQSTAVLIFYWHMCP>
#	G	D	E	R	K	N	Q	S	T	A	V	L	I	F	Y	W	H	M	C	P
0	0.09558	0.01394	0.01385	0.05316	0.01646	0.16070	0.00935	0.07489	0.04987	0.38940	0.05165	0.01757	0.01366	0.00696	0.00557	0.00175	0.00614	0.00536	0.00560	0.00853
1	0.56901	0.01197	0.01090	0.00909	0.01301	0.01329	0.00750	0.15053	0.01407	0.13642	0.01135	0.01179	0.00814	0.00595	0.00433	0.00179	0.00491	0.00393	0.00453	0.00748
2	0.01442	0.01358	0.02266	0.11219	0.64815	0.01393	0.01734	0.05298	0.01377	0.01943	0.01102	0.01449	0.00909	0.00534	0.00577	0.00175	0.00697	0.00518	0.00299	0.00896
3	0.01692	0.04322	0.04934	0.01168	0.01549	0.03743	0.00972	0.14561	0.36660	0.13045	0.09251	0.02102	0.01842	0.00775	0.00586	0.00185	0.00520	0.00631	0.00575	0.00888
4	0.00848	0.00589	0.00720	0.00717	0.00849	0.00533	0.00515	0.01025	0.01374	0.05301	0.31519	0.20856	0.22863	0.08550	0.00902	0.00233	0.00330	0.01188	0.00570	0.00520
5	0.01191	0.11082	0.55063	0.01541	0.02235	0.01410	0.04392	0.01732	0.01210	0.01747	0.01200	0.04968	0.01006	0.00675	0.00628	0.00188	0.04847	0.03812	0.00275	0.00800
6	0.00753	0.00561	0.00701	0.00731	0.00842	0.00509	0.00523	0.00937	0.01383	0.01862	0.34536	0.32287	0.19277	0.01481	0.00707	0.00205	0.00302	0.01310	0.00582	0.00509
7	0.00840	0.00598	0.00849	0.00855	0.00928	0.00668	0.00627	0.00970	0.00912	0.01287	0.01649	0.05877	0.01664	0.19679	0.53625	0.06245	0.01230	0.00706	0.00326	0.00465
8	0.05734	0.01069	0.01712	0.30877	0.12717	0.01150	0.07781	0.01771	0.01290	0.15655	0.01554	0.04190	0.03497	0.00672	0.00607	0.00187	0.02444	0.00595	0.05756	0.00742
9	0.00884	0.00608	0.00761	0.00763	0.00908	0.00554	0.00576	0.01087	0.01420	0.05933	0.32446	0.16807	0.21121	0.04350	0.00789	0.00219	0.00342	0.09314	0.00582	0.00538
10	0.01098	0.01034	0.01744	0.78165	0.04005	0.01292	0.01615	0.01486	0.01163	0.01486	0.01034	0.01550	0.00775	0.00581	0.00581	0.00194	0.00775	0.00517	0.00258	0.00646
11	0.05451	0.03954	0.03905	0.01223	0.01691	0.01584	0.01031	0.48032	0.09050	0.04148	0.01391	0.01409	0.01019	0.00650	0.00543	0.00163	0.00588	0.00492	0.00519	0.13157
12	0.04698	0.02945	0.11060	0.01200	0.06835	0.00939	0.00976	0.01912	0.05192	0.25794	0.10964	0.05637	0.01888	0.05737	0.03537	0.04743	0.00561	0.00656	0.00499	0.04227
13	0.04240	0.25248	0.14666	0.01365	0.05601	0.05094	0.03575	0.05538	0.01390	0.18255	0.02920	0.01392	0.01028	0.00628	0.00612	0.00168	0.06611	0.00460	0.00387	0.00822
14	0.01206	0.13946	0.59934	0.01545	0.02303	0.01448	0.04135	0.01777	0.01220	0.01756	0.01120	0.05022	0.00895	0.00605	0.00540	0.00178	0.00803	0.00481	0.00262	0.00822
15	0.01611	0.01118	0.01506	0.01204	0.01570	0.01117	0.10841	0.19555	0.08576	0.16427	0.08673	0.04125	0.16251	0.00930	0.00639	0.00190	0.00536	0.03776	0.00563	0.00794
16	0.01413	0.01289	0.05352	0.06331	0.38344	0.03251	0.03961	0.01832	0.07147	0.08729	0.04983	0.11667	0.01599	0.00763	0.00606	0.00186	0.00622	0.00704	0.00397	0.00824
17	0.01351	0.01303	0.02255	0.22228	0.54555	0.01363	0.05042	0.01713	0.01286	0.01794	0.01083	0.01473	0.00883	0.00533	0.00582	0.00179	0.00725	0.00526	0.00281	0.00846
18	0.01392	0.01333	0.02275	0.13947	0.65929	0.01369	0.01761	0.01743	0.01302	0.01842	0.01085	0.01455	0.00901	0.00527	0.00576	0.00176	0.00703	0.00518	0.00284	0.00883
19	0.01298	0.01008	0.01655	0.24908	0.14528	0.01071	0.06588	0.01624	0.01332	0.10543	0.05807	0.03071	0.01830	0.00896	0.00679	0.00209	0.02142	0.19690	0.00415	0.00707
20	0.01410	0.01454	0.02863	0.06046	0.29232	0.01428	0.40363	0.01824	0.01335	0.03610	0.01152	0.01520	0.00901	0.00529	0.00685	0.00189	0.03724	0.00609	0.00299	0.00827
