[name]
unknown

[dist]
# distance from previous block
# <min> <max>
0	627

[block]
# block no. 0 follows, 45 sequences, length 8
# corresponding to MSA columns:
# 719-726
name=unknown_A
#
# <colnr> <probs for GDERKNQSTAVLIFYWHMCP>
#	G	D	E	R	K	N	Q	S	T	A	V	L	I	F	Y	W	H	M	C	P
0	0.05731	0.00935	0.01215	0.00988	0.01345	0.00876	0.03253	0.07432	0.06352	0.40918	0.04317	0.05542	0.01628	0.00778	0.00553	0.00171	0.00464	0.08870	0.00560	0.08071
1	0.01808	0.08603	0.01609	0.01139	0.01557	0.05228	0.03170	0.36624	0.10790	0.11801	0.01376	0.01367	0.01001	0.00599	0.00504	0.00149	0.00557	0.00464	0.00478	0.11174
2	0.00777	0.00536	0.00665	0.00665	0.00692	0.00564	0.00424	0.00832	0.00804	0.01100	0.01619	0.03110	0.01777	0.59039	0.24590	0.00618	0.00783	0.00722	0.00314	0.00369
3	0.01355	0.11664	0.13902	0.01249	0.03499	0.05512	0.08757	0.09447	0.09618	0.05246	0.07830	0.01542	0.01275	0.00674	0.02664	0.00167	0.00614	0.00487	0.00370	0.14129
4	0.01187	0.00833	0.00981	0.00887	0.01136	0.00830	0.00682	0.01810	0.26018	0.11785	0.12959	0.18022	0.04907	0.00971	0.00577	0.00175	0.00377	0.03922	0.00525	0.11415
5	0.01138	0.08109	0.07705	0.00867	0.01369	0.00882	0.00773	0.01403	0.01113	0.01703	0.00937	0.01093	0.00776	0.00412	0.00402	0.00090	0.00446	0.00322	0.00303	0.70156
6	0.10580	0.03792	0.04844	0.14179	0.04929	0.04860	0.05101	0.12076	0.02900	0.04677	0.13326	0.01974	0.01620	0.10387	0.00814	0.00210	0.02137	0.00570	0.00384	0.00640
7	0.00831	0.00598	0.00738	0.00704	0.00848	0.00579	0.00538	0.01184	0.07733	0.02082	0.56277	0.03816	0.07760	0.01055	0.00607	0.00171	0.00282	0.04971	0.08698	0.00531

[dist]
# distance from previous block
# <min> <max>
3	5

[block]
# block no. 1 follows, 45 sequences, length 7
# corresponding to MSA columns:
# 732-738
name=unknown_B
#
# <colnr> <probs for GDERKNQSTAVLIFYWHMCP>
#	G	D	E	R	K	N	Q	S	T	A	V	L	I	F	Y	W	H	M	C	P
0	0.15951	0.18352	0.05905	0.04100	0.05645	0.11608	0.00966	0.01782	0.08970	0.06632	0.03067	0.01358	0.00996	0.04455	0.00674	0.00177	0.07933	0.00427	0.00331	0.00672
1	0.59221	0.01154	0.01011	0.00858	0.01210	0.01320	0.00703	0.18725	0.07386	0.02619	0.00987	0.01058	0.00742	0.00550	0.00396	0.00166	0.00456	0.00360	0.00396	0.00679
2	0.00932	0.00466	0.00699	0.00699	0.00699	0.00466	0.00466	0.00699	0.00699	0.00932	0.00932	0.01632	0.00932	0.01865	0.02098	0.84382	0.00466	0.00466	0.00233	0.00233
3	0.84927	0.01038	0.00789	0.00706	0.01038	0.01204	0.00581	0.01578	0.00914	0.02408	0.00747	0.00872	0.00581	0.00498	0.00332	0.00166	0.00415	0.00291	0.00332	0.00581
4	0.01113	0.00954	0.01113	0.00795	0.01272	0.00716	0.00636	0.01352	0.01113	0.01749	0.00954	0.01113	0.00795	0.00398	0.00398	0.00080	0.00398	0.00318	0.00318	0.84417
5	0.01288	0.04832	0.01267	0.01115	0.04142	0.07433	0.00839	0.02273	0.46293	0.01980	0.05520	0.06675	0.01729	0.00758	0.00535	0.00168	0.00468	0.02947	0.00474	0.09267
6	0.01569	0.08498	0.08798	0.04098	0.03668	0.03288	0.03008	0.15575	0.12954	0.14837	0.05630	0.01562	0.01247	0.00606	0.00506	0.00151	0.00539	0.00490	0.00443	0.12533

[dist]
# distance from previous block
# <min> <max>
0	13

[block]
# block no. 2 follows, 45 sequences, length 30
# corresponding to MSA columns:
# 752-781
name=unknown_C
#
# <colnr> <probs for GDERKNQSTAVLIFYWHMCP>
#	G	D	E	R	K	N	Q	S	T	A	V	L	I	F	Y	W	H	M	C	P
0	0.01109	0.06937	0.01070	0.00918	0.01088	0.07098	0.00687	0.14758	0.05338	0.01771	0.02277	0.49773	0.02526	0.01261	0.00609	0.00192	0.00440	0.01100	0.00470	0.00579
1	0.01164	0.10050	0.01281	0.00823	0.01250	0.03026	0.00675	0.04504	0.01220	0.01773	0.07475	0.01494	0.04272	0.00516	0.00429	0.00100	0.00424	0.00410	0.00346	0.58767
2	0.05814	0.01633	0.25931	0.01537	0.13347	0.01118	0.04937	0.06701	0.04506	0.13676	0.04195	0.01428	0.01048	0.00552	0.00508	0.00156	0.00603	0.00464	0.00368	0.11478
3	0.01239	0.01341	0.02757	0.11181	0.17105	0.01306	0.51982	0.01649	0.01232	0.01680	0.01091	0.02881	0.00860	0.00489	0.00604	0.00177	0.00822	0.00603	0.00271	0.00728
4	0.00779	0.00525	0.00608	0.00608	0.00616	0.00533	0.00353	0.00795	0.00787	0.01057	0.01671	0.03399	0.01902	0.74881	0.08918	0.00548	0.00595	0.00764	0.00322	0.00338
5	0.01112	0.12022	0.01234	0.06886	0.05274	0.00890	0.00763	0.04539	0.01232	0.09858	0.09973	0.34033	0.02469	0.01085	0.00580	0.00179	0.00426	0.02860	0.00451	0.04135
6	0.01593	0.21907	0.10452	0.04442	0.04990	0.25862	0.01083	0.06753	0.04422	0.05740	0.01058	0.01296	0.00880	0.06588	0.00634	0.00172	0.00716	0.00411	0.00310	0.00690
7	0.00692	0.00517	0.00645	0.00690	0.00789	0.00470	0.00497	0.00852	0.01234	0.01642	0.26615	0.36346	0.20856	0.01418	0.00660	0.00196	0.00293	0.04598	0.00527	0.00464
8	0.01113	0.00954	0.01113	0.00795	0.01272	0.00716	0.00636	0.01352	0.01113	0.01749	0.00954	0.01113	0.00795	0.00398	0.00398	0.00080	0.00398	0.00318	0.00318	0.84417
9	0.00769	0.00568	0.00825	0.00825	0.00907	0.00650	0.00624	0.00934	0.00851	0.01218	0.01473	0.02301	0.01426	0.14608	0.68540	0.00816	0.01312	0.00603	0.00293	0.00458
10	0.02216	0.01021	0.01276	0.00987	0.01383	0.00973	0.00812	0.19742	0.01737	0.54887	0.01896	0.01714	0.01235	0.00657	0.00527	0.00162	0.00473	0.00524	0.06897	0.00882
11	0.04819	0.00991	0.01163	0.00872	0.01282	0.00867	0.00703	0.01416	0.04140	0.01747	0.00967	0.01145	0.00810	0.00477	0.00555	0.00105	0.09394	0.00346	0.00319	0.67885
12	0.00781	0.00520	0.00585	0.00585	0.00585	0.00520	0.00325	0.00781	0.00781	0.01041	0.01691	0.03513	0.01952	0.81135	0.02732	0.00520	0.00520	0.00781	0.00325	0.00325
13	0.37893	0.01541	0.01195	0.01021	0.01364	0.23064	0.00813	0.16021	0.01451	0.09613	0.01006	0.01071	0.00748	0.00558	0.00434	0.00157	0.00608	0.00367	0.00388	0.00688
14	0.01217	0.01153	0.01932	0.25186	0.50817	0.01209	0.01532	0.01542	0.01174	0.01641	0.01024	0.01433	0.00849	0.00509	0.00529	0.00162	0.00644	0.01822	0.00265	0.05359
15	0.28540	0.01313	0.01222	0.01026	0.01373	0.06560	0.00825	0.30062	0.15827	0.02629	0.01325	0.04753	0.01043	0.00652	0.00476	0.00168	0.00516	0.00481	0.00454	0.00754
16	0.01395	0.72584	0.11333	0.00987	0.01484	0.02025	0.01039	0.01618	0.01096	0.01312	0.00771	0.00892	0.00688	0.00465	0.00363	0.00121	0.00599	0.00299	0.00229	0.00701
17	0.01134	0.01077	0.01827	0.50665	0.31940	0.01224	0.01550	0.01477	0.01130	0.01517	0.00975	0.01392	0.00767	0.00514	0.00535	0.00171	0.00686	0.00478	0.00249	0.00693
18	0.00683	0.00482	0.00623	0.00715	0.00770	0.00448	0.00488	0.00805	0.01099	0.01496	0.11434	0.63971	0.07526	0.01543	0.00660	0.00206	0.00300	0.01389	0.04914	0.00448
19	0.75499	0.01051	0.00837	0.00749	0.01078	0.01219	0.00612	0.01722	0.09474	0.02390	0.00910	0.01000	0.00701	0.00524	0.00356	0.00168	0.00416	0.00326	0.00356	0.00612
20	0.01211	0.01156	0.01967	0.31816	0.50183	0.01245	0.01589	0.01545	0.01167	0.01611	0.00989	0.01367	0.00800	0.00500	0.00533	0.00167	0.00667	0.00478	0.00256	0.00756
21	0.01843	0.00829	0.01080	0.00881	0.01198	0.00759	0.00716	0.07210	0.01552	0.46849	0.17682	0.02479	0.02170	0.00793	0.00556	0.00167	0.00409	0.04501	0.07554	0.00773
22	0.02408	0.00914	0.01246	0.00955	0.01370	0.00789	0.00789	0.02616	0.01536	0.78158	0.02118	0.01827	0.01329	0.00664	0.00540	0.00166	0.00457	0.00540	0.00664	0.00914
23	0.01368	0.66679	0.17002	0.01033	0.01555	0.01959	0.01118	0.01625	0.01099	0.01345	0.00787	0.00912	0.00687	0.00469	0.00376	0.00125	0.00615	0.00308	0.00229	0.00708
24	0.00769	0.00520	0.00603	0.00608	0.00624	0.00513	0.00359	0.00804	0.00882	0.01191	0.10337	0.09368	0.02423	0.66145	0.02342	0.00458	0.00475	0.00858	0.00368	0.00354
25	0.01289	0.01043	0.01133	0.00991	0.01270	0.01154	0.00777	0.15285	0.42171	0.02381	0.19406	0.02513	0.06592	0.00833	0.00569	0.00175	0.00406	0.00698	0.00552	0.00760
26	0.05325	0.01293	0.01679	0.01288	0.01705	0.04542	0.13550	0.29139	0.05274	0.25391	0.02857	0.01616	0.01145	0.00636	0.00549	0.00168	0.00597	0.01898	0.00512	0.00838
27	0.08331	0.01546	0.01565	0.01262	0.01637	0.17087	0.09320	0.27494	0.14256	0.02342	0.01436	0.01482	0.04184	0.00624	0.00519	0.00159	0.00637	0.00496	0.00426	0.05198
28	0.04745	0.00970	0.01133	0.01053	0.04290	0.07557	0.00788	0.07761	0.01287	0.22723	0.04261	0.09108	0.01485	0.01680	0.20668	0.04785	0.03999	0.00615	0.00437	0.00654
29	0.01535	0.01227	0.01512	0.07792	0.10242	0.12561	0.07192	0.09077	0.02534	0.16354	0.03118	0.01715	0.01164	0.06172	0.13197	0.00298	0.02693	0.00531	0.00387	0.00698

[dist]
# distance from previous block
# <min> <max>
9	18

[block]
# block no. 3 follows, 45 sequences, length 9
# corresponding to MSA columns:
# 802-810
name=unknown_D
#
# <colnr> <probs for GDERKNQSTAVLIFYWHMCP>
#	G	D	E	R	K	N	Q	S	T	A	V	L	I	F	Y	W	H	M	C	P
0	0.01658	0.15836	0.08971	0.07771	0.01837	0.03592	0.10182	0.15620	0.01476	0.19830	0.01318	0.01504	0.00987	0.06285	0.00667	0.00184	0.00630	0.00488	0.00403	0.00762
1	0.21058	0.01393	0.15036	0.01475	0.16207	0.04029	0.03801	0.07160	0.01240	0.05343	0.07496	0.04126	0.01304	0.07322	0.00680	0.00196	0.00571	0.00523	0.00353	0.00685
2	0.11031	0.01302	0.06772	0.11326	0.08840	0.10296	0.01029	0.13391	0.01490	0.07709	0.17283	0.01969	0.01773	0.00700	0.00531	0.00166	0.00566	0.02722	0.00416	0.00687
3	0.01713	0.11703	0.09952	0.07389	0.07594	0.49851	0.01205	0.01937	0.01372	0.01387	0.00857	0.01035	0.00704	0.00531	0.00478	0.00144	0.00859	0.00364	0.00262	0.00664
4	0.01468	0.07076	0.26605	0.16518	0.02238	0.01194	0.06988	0.04670	0.03775	0.20463	0.03002	0.01465	0.00995	0.00571	0.00525	0.00168	0.00657	0.00481	0.00370	0.00772
5	0.01523	0.17244	0.34036	0.01286	0.01843	0.13428	0.01376	0.08090	0.04779	0.09904	0.01108	0.01183	0.00816	0.00545	0.00482	0.00154	0.00709	0.00400	0.00322	0.00772
6	0.01008	0.10132	0.00927	0.00696	0.00801	0.00723	0.00479	0.01068	0.00946	0.09384	0.01871	0.18025	0.02046	0.47545	0.01817	0.00376	0.00479	0.00841	0.00384	0.00453
7	0.01248	0.01218	0.02329	0.11318	0.14431	0.01210	0.37766	0.01709	0.06610	0.04756	0.01393	0.02046	0.01166	0.00621	0.00609	0.00185	0.00738	0.09601	0.00329	0.00717
8	0.01030	0.00744	0.01190	0.16254	0.01629	0.00819	0.06456	0.01252	0.00996	0.09513	0.01420	0.02061	0.01250	0.11698	0.40628	0.00564	0.01046	0.00581	0.00322	0.00549

[dist]
# distance from previous block
# <min> <max>
2	9

[block]
# block no. 4 follows, 45 sequences, length 15
# corresponding to MSA columns:
# 820-827,830-836
name=unknown_E
#
# <colnr> <probs for GDERKNQSTAVLIFYWHMCP>
#	G	D	E	R	K	N	Q	S	T	A	V	L	I	F	Y	W	H	M	C	P
0	0.01431	0.09901	0.49058	0.01373	0.02005	0.13410	0.01578	0.01882	0.01243	0.11699	0.01075	0.01174	0.00768	0.00532	0.00494	0.00159	0.00756	0.00397	0.00293	0.00773
1	0.13950	0.51984	0.04406	0.00949	0.01378	0.05242	0.00899	0.10084	0.01252	0.01696	0.00971	0.01064	0.03197	0.00521	0.00385	0.00133	0.00566	0.00343	0.00291	0.00691
2	0.09958	0.08417	0.18503	0.01382	0.10719	0.01158	0.03362	0.06463	0.01334	0.26236	0.01444	0.04589	0.01087	0.00626	0.00508	0.00166	0.00575	0.02261	0.00419	0.00792
3	0.01658	0.19423	0.07828	0.01128	0.01557	0.01581	0.01010	0.27820	0.22682	0.07795	0.01449	0.01417	0.01076	0.00617	0.00494	0.00158	0.00547	0.00471	0.00455	0.00836
4	0.00781	0.00520	0.00585	0.00585	0.00585	0.00520	0.00325	0.00781	0.00781	0.01041	0.01691	0.03513	0.01952	0.81135	0.02732	0.00520	0.00520	0.00781	0.00325	0.00325
5	0.01231	0.01360	0.06478	0.14930	0.18584	0.01318	0.33096	0.01739	0.08724	0.01701	0.01133	0.01446	0.00876	0.00525	0.00634	0.00178	0.04467	0.00552	0.00288	0.00740
6	0.00764	0.00565	0.00730	0.00830	0.00906	0.00562	0.00606	0.01030	0.08619	0.01504	0.02858	0.58066	0.03268	0.01547	0.00683	0.00220	0.00359	0.15892	0.00502	0.00489
7	0.00760	0.00549	0.00718	0.00675	0.00802	0.00506	0.00506	0.01013	0.01519	0.02153	0.77503	0.04010	0.05065	0.01097	0.00633	0.00169	0.00253	0.00971	0.00591	0.00506
8	0.01388	0.71163	0.12697	0.00998	0.01501	0.02009	0.01058	0.01619	0.01096	0.01320	0.00775	0.00897	0.00688	0.00466	0.00366	0.00122	0.00603	0.00301	0.00229	0.00703
9	0.01396	0.11685	0.01450	0.01079	0.01412	0.01461	0.00870	0.07675	0.61845	0.02194	0.01935	0.01805	0.01465	0.00687	0.00519	0.00172	0.00456	0.00557	0.00504	0.00833
10	0.03187	0.01249	0.06608	0.01234	0.07626	0.01159	0.00962	0.21470	0.13502	0.19893	0.01544	0.01602	0.01135	0.04746	0.00628	0.00174	0.00519	0.00500	0.00482	0.11780
11	0.01311	0.11735	0.02205	0.10609	0.60408	0.01378	0.01536	0.01615	0.01190	0.01651	0.00970	0.01278	0.00816	0.00482	0.00507	0.00156	0.00637	0.00453	0.00258	0.00804
12	0.16545	0.04652	0.04252	0.01352	0.12579	0.01118	0.04780	0.06410	0.09768	0.22649	0.01596	0.09348	0.01278	0.00689	0.00512	0.00170	0.00506	0.00577	0.00454	0.00766
13	0.08130	0.01129	0.01656	0.01771	0.23773	0.01132	0.10132	0.01959	0.18616	0.10424	0.04633	0.01697	0.03070	0.00593	0.00525	0.00161	0.00535	0.00538	0.00405	0.09121
14	0.08137	0.01086	0.01565	0.30553	0.12091	0.01211	0.04622	0.05727	0.15792	0.11839	0.01357	0.01528	0.00994	0.00581	0.00526	0.00173	0.00594	0.00503	0.00381	0.00740

[dist]
# distance from previous block
# <min> <max>
0	10

[block]
# block no. 5 follows, 45 sequences, length 15
# corresponding to MSA columns:
# 847-861
name=unknown_F
#
# <colnr> <probs for GDERKNQSTAVLIFYWHMCP>
#	G	D	E	R	K	N	Q	S	T	A	V	L	I	F	Y	W	H	M	C	P
0	0.22263	0.01100	0.01623	0.29911	0.02407	0.01219	0.14234	0.06180	0.04764	0.09669	0.01122	0.01353	0.00817	0.00541	0.00503	0.00174	0.00626	0.00471	0.00344	0.00678
1	0.01101	0.00810	0.00917	0.06093	0.01152	0.05252	0.00626	0.05200	0.01151	0.08760	0.03597	0.24036	0.03381	0.21867	0.01130	0.00259	0.00471	0.00844	0.00416	0.12935
2	0.12976	0.01097	0.01727	0.37402	0.33599	0.01228	0.01427	0.01513	0.01112	0.01674	0.00948	0.01310	0.00752	0.00507	0.00506	0.00169	0.00641	0.00451	0.00263	0.00698
3	0.06245	0.01151	0.01375	0.22176	0.11885	0.09681	0.01016	0.01459	0.01128	0.01593	0.00984	0.01356	0.00834	0.05881	0.00614	0.00158	0.00586	0.00414	0.00287	0.31176
4	0.01281	0.01213	0.01483	0.28572	0.10195	0.08753	0.01140	0.05690	0.16277	0.01761	0.01210	0.01418	0.00937	0.00548	0.00505	0.00153	0.00604	0.00459	0.00338	0.17466
5	0.01223	0.01107	0.01252	0.01084	0.01230	0.19037	0.11805	0.01196	0.00982	0.01147	0.00984	0.01579	0.00929	0.06865	0.01545	0.46237	0.00653	0.00485	0.00255	0.00404
6	0.09392	0.01635	0.02037	0.07323	0.07380	0.24144	0.25387	0.01806	0.01263	0.05483	0.00980	0.01236	0.00767	0.00551	0.00650	0.00170	0.08352	0.00474	0.00292	0.00677
7	0.01353	0.01315	0.02128	0.14707	0.02368	0.04342	0.30390	0.13661	0.07346	0.01928	0.01203	0.01565	0.00945	0.00583	0.00642	0.00174	0.05366	0.03095	0.00339	0.06549
8	0.14645	0.01352	0.01774	0.11130	0.02031	0.14073	0.22036	0.01885	0.05325	0.14449	0.01300	0.05397	0.01014	0.00599	0.00532	0.00171	0.00685	0.00541	0.00369	0.00693
9	0.20465	0.01120	0.01415	0.51416	0.02820	0.06778	0.01221	0.05845	0.01153	0.01724	0.00917	0.01261	0.00694	0.00535	0.00486	0.00172	0.00657	0.00425	0.00280	0.00613
10	0.09272	0.00818	0.00928	0.12935	0.01339	0.04741	0.00688	0.05538	0.01115	0.06984	0.01957	0.18660	0.06847	0.22888	0.02764	0.00289	0.00521	0.00803	0.00393	0.00518
11	0.25724	0.01111	0.01406	0.31560	0.06711	0.06691	0.05596	0.01525	0.01073	0.04268	0.00934	0.01243	0.00725	0.00597	0.00568	0.05244	0.00617	0.00418	0.00289	0.03699
12	0.22755	0.01123	0.01454	0.15659	0.01866	0.06660	0.12022	0.01674	0.01125	0.14749	0.01176	0.01537	0.00933	0.09360	0.00809	0.00212	0.05409	0.00487	0.00352	0.00637
13	0.19037	0.06434	0.01250	0.18509	0.03872	0.08358	0.00883	0.01560	0.01183	0.11762	0.05282	0.06417	0.08892	0.00712	0.00494	0.00164	0.00528	0.00566	0.00379	0.03717
14	0.39178	0.01360	0.01307	0.07005	0.07704	0.17291	0.05893	0.01729	0.01138	0.06893	0.00951	0.01139	0.00742	0.00712	0.04748	0.00200	0.00662	0.00386	0.00324	0.00638

[dist]
# distance from previous block
# <min> <max>
33	62

[block]
# block no. 6 follows, 45 sequences, length 31
# corresponding to MSA columns:
# 930-960
name=unknown_G
#
# <colnr> <probs for GDERKNQSTAVLIFYWHMCP>
#	G	D	E	R	K	N	Q	S	T	A	V	L	I	F	Y	W	H	M	C	P
0	0.19859	0.04960	0.19604	0.11457	0.01937	0.16746	0.06234	0.01682	0.02783	0.01743	0.05025	0.01293	0.00949	0.00654	0.02802	0.00183	0.00715	0.00426	0.00293	0.00654
1	0.07935	0.12679	0.06393	0.06292	0.01749	0.18997	0.14332	0.01589	0.01276	0.01645	0.12951	0.04529	0.02928	0.00649	0.00514	0.00156	0.00661	0.00550	0.00331	0.03844
2	0.01094	0.01023	0.01589	0.31273	0.12910	0.01137	0.06783	0.01555	0.11217	0.01613	0.03114	0.04912	0.06005	0.00675	0.00632	0.00174	0.06087	0.00588	0.00326	0.07291
3	0.01042	0.00961	0.06125	0.01231	0.12108	0.00812	0.05124	0.03562	0.05368	0.05376	0.25949	0.02973	0.17696	0.00869	0.00577	0.00163	0.00426	0.00763	0.00458	0.08416
4	0.01390	0.58561	0.10392	0.01002	0.01442	0.06799	0.00999	0.01629	0.04113	0.01325	0.00846	0.01003	0.00745	0.00593	0.00518	0.06795	0.00608	0.00329	0.00245	0.00666
5	0.01008	0.00926	0.01486	0.65915	0.03232	0.01133	0.01344	0.01439	0.07084	0.01472	0.04221	0.06132	0.01125	0.00640	0.00550	0.00181	0.00651	0.00567	0.00292	0.00604
6	0.05821	0.01109	0.04834	0.01490	0.06621	0.01006	0.25110	0.01743	0.06240	0.16144	0.10394	0.06481	0.04629	0.00753	0.00592	0.00180	0.00587	0.05123	0.00435	0.00707
7	0.02091	0.00966	0.01243	0.00940	0.01370	0.00838	0.00772	0.07788	0.01515	0.55516	0.01796	0.01627	0.01179	0.00603	0.00508	0.00146	0.00453	0.00486	0.00577	0.19584
8	0.01973	0.01470	0.01573	0.01221	0.01639	0.01633	0.01004	0.68978	0.09653	0.03274	0.01375	0.01357	0.00983	0.00652	0.00538	0.00163	0.00575	0.00495	0.00538	0.00907
9	0.00760	0.00549	0.00718	0.00675	0.00802	0.00506	0.00506	0.01013	0.01519	0.02153	0.77503	0.04010	0.05065	0.01097	0.00633	0.00169	0.00253	0.00971	0.00591	0.00506
10	0.01564	0.01230	0.01828	0.06925	0.22461	0.08589	0.14256	0.01876	0.03018	0.20547	0.01533	0.05128	0.01250	0.00668	0.00571	0.00174	0.00647	0.06576	0.00399	0.00759
11	0.00733	0.00548	0.00680	0.00647	0.00785	0.00495	0.00485	0.00961	0.01456	0.02001	0.61959	0.04259	0.20704	0.01154	0.00633	0.00172	0.00257	0.01006	0.00571	0.00495
12	0.08709	0.13016	0.15569	0.04162	0.06423	0.01383	0.25068	0.08582	0.01293	0.04781	0.01135	0.05432	0.00924	0.00563	0.00525	0.00166	0.00696	0.00528	0.00313	0.00731
13	0.07102	0.01201	0.01317	0.01045	0.01443	0.08158	0.04092	0.08314	0.15797	0.23212	0.01521	0.01481	0.01091	0.00578	0.00491	0.00145	0.00511	0.00463	0.00471	0.21564
14	0.03199	0.32928	0.09360	0.01095	0.01551	0.03428	0.01028	0.22788	0.09863	0.08119	0.01188	0.01212	0.00904	0.00565	0.00455	0.00146	0.00580	0.00409	0.00388	0.00794
15	0.00932	0.00466	0.00699	0.00699	0.00699	0.00466	0.00466	0.00699	0.00699	0.00932	0.00932	0.01632	0.00932	0.01865	0.02098	0.84382	0.00466	0.00466	0.00233	0.00233
16	0.01302	0.03276	0.09467	0.07212	0.20252	0.12190	0.07381	0.03047	0.14405	0.01818	0.12681	0.01783	0.01566	0.00633	0.00545	0.00165	0.00631	0.00556	0.00363	0.00730
17	0.00932	0.00609	0.00821	0.00920	0.05975	0.00568	0.00637	0.01114	0.01234	0.09008	0.16679	0.31670	0.11041	0.01279	0.00637	0.00195	0.00353	0.10803	0.04992	0.00535
18	0.00731	0.00562	0.00718	0.00772	0.04163	0.00512	0.00530	0.00923	0.01328	0.01791	0.40079	0.20290	0.23099	0.01260	0.00640	0.00182	0.00287	0.01107	0.00534	0.00493
19	0.01165	0.22753	0.48595	0.01381	0.02031	0.01438	0.07423	0.01638	0.01155	0.01615	0.05308	0.01253	0.00944	0.00526	0.00484	0.00157	0.00715	0.00420	0.00252	0.00745
20	0.01213	0.14302	0.34797	0.01747	0.02383	0.01429	0.33203	0.01694	0.01184	0.01641	0.00982	0.01225	0.00738	0.00478	0.00537	0.00166	0.00807	0.00480	0.00246	0.00748
21	0.00811	0.00574	0.00662	0.00669	0.00717	0.00579	0.00429	0.00975	0.06910	0.01285	0.06901	0.11034	0.04776	0.54883	0.02047	0.00415	0.00466	0.05072	0.00392	0.00403
22	0.01231	0.36548	0.45930	0.01268	0.01917	0.01623	0.01526	0.01660	0.01115	0.01512	0.00870	0.01016	0.00684	0.00488	0.00439	0.00146	0.00699	0.00350	0.00228	0.00748
23	0.00713	0.00522	0.00688	0.00777	0.00853	0.00478	0.00549	0.00834	0.01057	0.01426	0.02787	0.66449	0.03283	0.01559	0.00668	0.00210	0.00338	0.09237	0.00484	0.07089
24	0.04399	0.01226	0.01791	0.01441	0.06126	0.04773	0.19437	0.10374	0.02965	0.23216	0.01397	0.01529	0.01014	0.00566	0.00554	0.00156	0.01936	0.01947	0.00430	0.14725
25	0.01358	0.01375	0.02823	0.02298	0.14347	0.01305	0.56878	0.01804	0.03478	0.07054	0.01178	0.01472	0.00880	0.00479	0.00609	0.00177	0.00818	0.00602	0.00306	0.00760
26	0.00658	0.00470	0.00627	0.00745	0.00779	0.00439	0.00499	0.00758	0.01047	0.01401	0.05857	0.77800	0.03609	0.01659	0.00683	0.00216	0.00309	0.01504	0.00502	0.00439
27	0.06763	0.01094	0.01144	0.01012	0.01308	0.03680	0.00800	0.09828	0.40526	0.08246	0.06959	0.03925	0.05109	0.00803	0.00550	0.00178	0.00445	0.04876	0.00525	0.02230
28	0.01373	0.01281	0.02112	0.06110	0.68879	0.01303	0.01592	0.07522	0.01319	0.01868	0.01030	0.01329	0.00850	0.00494	0.00532	0.00160	0.00637	0.00479	0.00286	0.00845
29	0.05703	0.00745	0.00865	0.01016	0.06986	0.06169	0.00659	0.01035	0.01081	0.03689	0.02440	0.59762	0.02821	0.01388	0.00664	0.00204	0.02583	0.01231	0.00452	0.00508
30	0.01232	0.01372	0.08340	0.01876	0.09016	0.01249	0.37864	0.08194	0.03552	0.01814	0.01526	0.07372	0.05493	0.00683	0.00682	0.00184	0.05823	0.02684	0.00332	0.00710

[dist]
# distance from previous block
# <min> <max>
0	16

[block]
# block no. 7 follows, 45 sequences, length 23
# corresponding to MSA columns:
# 977-999
name=unknown_H
#
# <colnr> <probs for GDERKNQSTAVLIFYWHMCP>
#	G	D	E	R	K	N	Q	S	T	A	V	L	I	F	Y	W	H	M	C	P
0	0.01994	0.07783	0.03660	0.01001	0.01396	0.01029	0.00852	0.02502	0.18102	0.49882	0.02009	0.01916	0.01388	0.00686	0.00531	0.00168	0.00471	0.03185	0.00583	0.00862
1	0.01796	0.02164	0.09902	0.03853	0.06047	0.47309	0.03373	0.04328	0.07171	0.07462	0.01081	0.01189	0.00831	0.00565	0.00506	0.00152	0.00829	0.00410	0.00327	0.00704
2	0.00863	0.00644	0.00760	0.00739	0.03107	0.00565	0.00541	0.01091	0.03592	0.06281	0.21978	0.06501	0.39361	0.01136	0.00606	0.00171	0.00313	0.03128	0.00509	0.08115
3	0.01125	0.00972	0.01171	0.00931	0.05435	0.00746	0.00691	0.01368	0.01119	0.01749	0.00957	0.01125	0.00798	0.00402	0.00405	0.00084	0.00411	0.00327	0.00315	0.79870
4	0.01424	0.06167	0.10216	0.04038	0.18804	0.07393	0.01145	0.08007	0.09511	0.09150	0.11075	0.01698	0.01478	0.00621	0.00520	0.00155	0.00569	0.00518	0.00396	0.07117
5	0.03468	0.00996	0.03405	0.00941	0.01303	0.00906	0.00783	0.13478	0.05469	0.36320	0.17268	0.02107	0.01970	0.00724	0.00540	0.00159	0.00436	0.00596	0.01773	0.07359
6	0.01199	0.10495	0.47834	0.01395	0.02022	0.01352	0.05738	0.05292	0.13166	0.01836	0.03825	0.01367	0.01004	0.00563	0.00511	0.00166	0.00690	0.00456	0.00307	0.00783
7	0.01423	0.78768	0.05396	0.00939	0.01410	0.02094	0.00955	0.01611	0.01092	0.01278	0.00754	0.00870	0.00689	0.00461	0.00350	0.00117	0.00582	0.00291	0.00230	0.00692
8	0.00668	0.00491	0.00627	0.00707	0.00775	0.00450	0.00487	0.00792	0.01133	0.01505	0.15029	0.57976	0.14301	0.01544	0.00670	0.00205	0.00297	0.01383	0.00513	0.00450
9	0.01220	0.01047	0.01643	0.08536	0.34060	0.01076	0.04946	0.07542	0.05601	0.04110	0.01656	0.18274	0.01608	0.00831	0.00584	0.00182	0.00559	0.05428	0.00377	0.00721
10	0.01129	0.00711	0.03520	0.00819	0.00937	0.00682	0.00613	0.01291	0.14899	0.07476	0.01279	0.01741	0.01110	0.03276	0.01643	0.57151	0.00470	0.00503	0.00328	0.00424
11	0.01338	0.00751	0.00747	0.00681	0.00869	0.06935	0.00521	0.01557	0.01216	0.16918	0.01761	0.03549	0.01375	0.03646	0.02990	0.00174	0.00398	0.00529	0.53461	0.00584
12	0.84927	0.01038	0.00789	0.00706	0.01038	0.01204	0.00581	0.01578	0.00914	0.02408	0.00747	0.00872	0.00581	0.00498	0.00332	0.00166	0.00415	0.00291	0.00332	0.00581
13	0.01360	0.01542	0.21932	0.01262	0.03667	0.01241	0.02307	0.17930	0.06838	0.06732	0.01297	0.01736	0.01090	0.15733	0.01124	0.00244	0.12356	0.00529	0.00367	0.00714
14	0.00708	0.00508	0.00662	0.00767	0.00813	0.00484	0.00519	0.03692	0.01086	0.01449	0.02893	0.77674	0.03447	0.01641	0.00679	0.00216	0.00322	0.01485	0.00500	0.00455
15	0.02999	0.24809	0.04362	0.21981	0.01919	0.01355	0.01044	0.01463	0.01077	0.08299	0.01244	0.10811	0.01140	0.00883	0.04613	0.00203	0.09057	0.00550	0.01562	0.00631
16	0.01257	0.01708	0.25825	0.08832	0.13508	0.01251	0.12020	0.09947	0.07748	0.01910	0.01176	0.03319	0.00917	0.00553	0.00534	0.00164	0.00680	0.00499	0.00316	0.07836
17	0.00873	0.00641	0.00878	0.00847	0.00954	0.00727	0.00642	0.07022	0.00984	0.01386	0.01468	0.02275	0.01408	0.16514	0.60011	0.00749	0.01217	0.00602	0.00314	0.00489
18	0.01638	0.46041	0.04901	0.01120	0.01520	0.25437	0.01007	0.07806	0.01332	0.01466	0.00822	0.00946	0.00708	0.00518	0.00447	0.00131	0.02873	0.00330	0.00269	0.00688
19	0.01425	0.38511	0.21092	0.01108	0.01610	0.03023	0.01157	0.03213	0.10635	0.08894	0.01146	0.01217	0.00893	0.00653	0.03154	0.00169	0.00636	0.00393	0.00318	0.00752
20	0.01955	0.01241	0.01395	0.01181	0.04221	0.10307	0.03436	0.15242	0.10312	0.35322	0.07031	0.01841	0.01470	0.00684	0.00546	0.00166	0.00545	0.01732	0.00547	0.00828
21	0.00765	0.00553	0.00765	0.00774	0.00845	0.00602	0.00566	0.00909	0.00919	0.01288	0.07827	0.08186	0.02004	0.22736	0.45788	0.00657	0.01006	0.03025	0.00343	0.00441
22	0.01482	0.67893	0.09430	0.00976	0.01462	0.01937	0.01003	0.01698	0.01131	0.07546	0.00877	0.00964	0.00740	0.00480	0.00375	0.00124	0.00584	0.00317	0.00265	0.00716

[dist]
# distance from previous block
# <min> <max>
0	1

[block]
# block no. 8 follows, 45 sequences, length 12
# corresponding to MSA columns:
# 1001-1012
name=unknown_I
#
# <colnr> <probs for GDERKNQSTAVLIFYWHMCP>
#	G	D	E	R	K	N	Q	S	T	A	V	L	I	F	Y	W	H	M	C	P
0	0.01134	0.01071	0.01785	0.50640	0.28598	0.01227	0.01516	0.01528	0.04369	0.01538	0.01026	0.01421	0.00801	0.00525	0.00535	0.00172	0.00677	0.00483	0.00261	0.00693
1	0.00728	0.00534	0.00630	0.00638	0.00770	0.00483	0.00476	0.00917	0.01297	0.01756	0.31153	0.15049	0.29959	0.01246	0.00622	0.00180	0.00279	0.04549	0.08258	0.00477
2	0.01629	0.01276	0.01324	0.01126	0.01469	0.04732	0.00893	0.20168	0.49100	0.09342	0.01907	0.01772	0.01397	0.00695	0.00541	0.00174	0.00491	0.00560	0.00543	0.00861
3	0.01756	0.01254	0.01451	0.01320	0.08394	0.01361	0.00973	0.33098	0.26000	0.13268	0.01722	0.04227	0.01285	0.00693	0.00545	0.00170	0.00514	0.00565	0.00532	0.00871
4	0.01088	0.01029	0.01743	0.61889	0.21076	0.01212	0.01528	0.01436	0.01108	0.01461	0.00967	0.01407	0.00747	0.00523	0.00535	0.00174	0.00697	0.00477	0.00245	0.00656
5	0.01503	0.01389	0.08342	0.01178	0.01512	0.06423	0.04520	0.24416	0.17588	0.05720	0.03888	0.04505	0.01374	0.09990	0.00864	0.00214	0.04796	0.00587	0.00447	0.00746
6	0.01656	0.07050	0.10476	0.01111	0.01562	0.15731	0.02605	0.06654	0.05208	0.18501	0.01259	0.01291	0.00922	0.00536	0.00476	0.00135	0.00601	0.00411	0.00394	0.23422
7	0.01254	0.01090	0.01619	0.15073	0.30523	0.03453	0.03759	0.01649	0.08210	0.07185	0.04028	0.04646	0.08091	0.00662	0.00545	0.00164	0.00564	0.00596	0.00359	0.06531
8	0.01337	0.00977	0.01369	0.27097	0.06724	0.00971	0.01022	0.04856	0.03896	0.14334	0.05049	0.01533	0.01109	0.00550	0.00498	0.00143	0.00529	0.00467	0.00377	0.27162
9	0.00683	0.00495	0.00645	0.00715	0.00782	0.00457	0.00495	0.00824	0.01178	0.01596	0.24160	0.54540	0.08444	0.01497	0.00667	0.00202	0.00293	0.01345	0.00524	0.00457
10	0.06739	0.08462	0.01945	0.13421	0.21129	0.01406	0.10418	0.05261	0.11070	0.03439	0.01124	0.01365	0.00892	0.00584	0.00668	0.00174	0.10362	0.00485	0.00318	0.00737
11	0.08685	0.00955	0.01465	0.61745	0.03115	0.01155	0.01304	0.01518	0.04901	0.05606	0.03774	0.01522	0.00937	0.00569	0.00522	0.00177	0.00644	0.00488	0.00298	0.00621

[dist]
# distance from previous block
# <min> <max>
0	2

[block]
# block no. 9 follows, 45 sequences, length 20
# corresponding to MSA columns:
# 1015,1017-1035
name=unknown_J
#
# <colnr> <probs for GDERKNQSTAVLIFYWHMCP>
#	G	D	E	R	K	N	Q	S	T	A	V	L	I	F	Y	W	H	M	C	P
0	0.01458	0.27629	0.01942	0.12588	0.10769	0.24335	0.01077	0.01696	0.02786	0.01440	0.06505	0.01395	0.03130	0.00576	0.00468	0.00143	0.00684	0.00433	0.00289	0.00659
1	0.00999	0.00895	0.01427	0.28725	0.23705	0.00958	0.01162	0.01297	0.01256	0.01710	0.23197	0.02455	0.08526	0.00750	0.00571	0.00171	0.00524	0.00674	0.00369	0.00631
2	0.05476	0.15664	0.35306	0.01231	0.01728	0.01220	0.07974	0.01450	0.01065	0.01535	0.01234	0.09629	0.01165	0.12134	0.00818	0.00216	0.00657	0.00564	0.00279	0.00654
3	0.00971	0.00792	0.00869	0.00789	0.00861	0.04627	0.00538	0.02897	0.02764	0.01238	0.01447	0.02756	0.01579	0.54847	0.02175	0.00406	0.11908	0.00664	0.00320	0.07551
4	0.00927	0.00800	0.00920	0.00855	0.01021	0.07682	0.00654	0.01120	0.01056	0.01455	0.13258	0.02240	0.01823	0.07006	0.44203	0.00558	0.01010	0.00591	0.00341	0.12479
5	0.01189	0.00757	0.00974	0.00855	0.01069	0.00763	0.00657	0.05694	0.05080	0.14092	0.01558	0.02114	0.01360	0.15713	0.33890	0.00508	0.00878	0.00566	0.00388	0.11895
6	0.00811	0.00603	0.00762	0.00713	0.00855	0.00581	0.00537	0.01178	0.08288	0.02161	0.70733	0.03829	0.04757	0.01064	0.00625	0.00170	0.00269	0.00938	0.00587	0.00537
7	0.01399	0.01264	0.01248	0.01083	0.01415	0.07863	0.00845	0.06633	0.55484	0.02158	0.01844	0.01748	0.01397	0.00661	0.00519	0.00163	0.00476	0.00537	0.00490	0.12772
8	0.01335	0.01153	0.01214	0.01092	0.01396	0.01335	0.00850	0.02852	0.76817	0.02245	0.02185	0.02003	0.01639	0.00728	0.00546	0.00182	0.00425	0.00607	0.00546	0.00850
9	0.01226	0.01091	0.01250	0.01354	0.12216	0.04357	0.00934	0.02193	0.44358	0.01966	0.02355	0.02777	0.08537	0.00859	0.00580	0.00187	0.00475	0.12053	0.00483	0.00749
10	0.01318	0.53233	0.15242	0.00989	0.01455	0.01689	0.01035	0.01580	0.01178	0.04654	0.11806	0.01397	0.01339	0.00568	0.00422	0.00134	0.00560	0.00414	0.00299	0.00690
11	0.01435	0.81458	0.02813	0.00918	0.01378	0.02124	0.00918	0.01607	0.01091	0.01263	0.00746	0.00861	0.00689	0.00459	0.00344	0.00115	0.00574	0.00287	0.00230	0.00689
12	0.01145	0.00983	0.01127	0.00838	0.01290	0.00804	0.00667	0.01566	0.11928	0.01820	0.01130	0.01240	0.00916	0.00445	0.00419	0.00094	0.00401	0.00359	0.00351	0.72478
13	0.15693	0.00825	0.00808	0.00742	0.00939	0.07307	0.00569	0.01269	0.01382	0.06212	0.45418	0.03210	0.11739	0.00951	0.00563	0.00167	0.00356	0.00793	0.00513	0.00546
14	0.00668	0.00532	0.00605	0.00655	0.00788	0.00469	0.00489	0.00806	0.01171	0.01447	0.04430	0.26260	0.47855	0.01464	0.00662	0.00200	0.00310	0.10238	0.00498	0.00453
15	0.01085	0.02397	0.60632	0.12784	0.02563	0.01249	0.08552	0.01655	0.01137	0.01655	0.00973	0.01204	0.00697	0.00509	0.00525	0.00172	0.00792	0.00429	0.00232	0.00759
16	0.04690	0.13184	0.23278	0.11886	0.18240	0.07353	0.01437	0.05400	0.01256	0.06961	0.01018	0.01207	0.00775	0.00520	0.00489	0.00158	0.00684	0.00415	0.00290	0.00758
17	0.00691	0.00496	0.00674	0.00759	0.00802	0.00497	0.00522	0.00798	0.00968	0.01313	0.02501	0.56078	0.02907	0.09222	0.18677	0.00391	0.00586	0.01244	0.00435	0.00436
18	0.02071	0.00857	0.01158	0.00952	0.01306	0.00766	0.00793	0.02322	0.03505	0.60646	0.02237	0.02577	0.01647	0.00809	0.00571	0.00180	0.00457	0.13445	0.02873	0.00827
19	0.01443	0.03673	0.04235	0.01225	0.01589	0.01032	0.16763	0.02028	0.19075	0.20838	0.13364	0.02389	0.05359	0.00753	0.00581	0.00176	0.00523	0.03709	0.00498	0.00747

[dist]
# distance from previous block
# <min> <max>
4	12

[block]
# block no. 10 follows, 45 sequences, length 28
# corresponding to MSA columns:
# 1050-1077
name=unknown_K
#
# <colnr> <probs for GDERKNQSTAVLIFYWHMCP>
#	G	D	E	R	K	N	Q	S	T	A	V	L	I	F	Y	W	H	M	C	P
0	0.01499	0.01498	0.01654	0.03610	0.01763	0.19264	0.15073	0.05876	0.31950	0.04389	0.06515	0.01733	0.01416	0.00648	0.00553	0.00169	0.00648	0.00563	0.00429	0.00749
1	0.00747	0.00543	0.00703	0.00674	0.00797	0.00499	0.00501	0.00984	0.01473	0.02067	0.69101	0.09095	0.08507	0.01148	0.00637	0.00173	0.00258	0.01015	0.00580	0.00499
2	0.00778	0.00533	0.00647	0.00647	0.00668	0.00554	0.00402	0.00820	0.00799	0.01086	0.01635	0.03201	0.01816	0.64013	0.19670	0.00596	0.00724	0.00735	0.00317	0.00359
3	0.10297	0.00889	0.01142	0.00898	0.01278	0.00799	0.00737	0.02346	0.01464	0.63131	0.07109	0.01991	0.04065	0.00700	0.00529	0.00167	0.00433	0.00564	0.00621	0.00839
4	0.01335	0.01153	0.01214	0.01092	0.01396	0.01335	0.00850	0.02852	0.76817	0.02245	0.02185	0.02003	0.01639	0.00728	0.00546	0.00182	0.00425	0.00607	0.00546	0.00850
5	0.01435	0.81458	0.02813	0.00918	0.01378	0.02124	0.00918	0.01607	0.01091	0.01263	0.00746	0.00861	0.00689	0.00459	0.00344	0.00115	0.00574	0.00287	0.00230	0.00689
6	0.05613	0.01135	0.06289	0.01011	0.01435	0.04686	0.00874	0.02504	0.05885	0.61863	0.01927	0.01711	0.01243	0.00646	0.00527	0.00166	0.00500	0.00515	0.00596	0.00874
7	0.00809	0.00572	0.00635	0.00612	0.00796	0.00489	0.00461	0.00965	0.01279	0.08308	0.14914	0.09665	0.56003	0.01283	0.00629	0.00181	0.00288	0.01084	0.00526	0.00500
8	0.00680	0.00487	0.00634	0.00727	0.00775	0.00455	0.00494	0.00790	0.01079	0.01444	0.11201	0.61739	0.06619	0.07148	0.00822	0.00233	0.00323	0.03416	0.00496	0.00438
9	0.02245	0.01175	0.01408	0.01079	0.01501	0.01177	0.00891	0.35146	0.01974	0.45010	0.01750	0.01588	0.01144	0.00656	0.00539	0.00164	0.00516	0.00515	0.00608	0.00913
10	0.01132	0.01129	0.01679	0.01420	0.01471	0.01501	0.07695	0.01276	0.00881	0.01337	0.00958	0.08972	0.00992	0.00969	0.01557	0.00228	0.65366	0.00587	0.00264	0.00585
11	0.00654	0.00467	0.00623	0.00747	0.00779	0.00436	0.00498	0.00747	0.01028	0.01370	0.02959	0.80785	0.03550	0.01682	0.00685	0.00218	0.00311	0.01526	0.00498	0.00436
12	0.00865	0.00618	0.00865	0.00989	0.01112	0.00618	0.00865	0.01112	0.01236	0.01606	0.02842	0.06055	0.03089	0.01483	0.00741	0.00247	0.00494	0.74174	0.00494	0.00494
13	0.01915	0.00974	0.01201	0.00979	0.01334	0.00960	0.00789	0.06434	0.22744	0.44912	0.09946	0.02075	0.01783	0.00726	0.00551	0.00171	0.00434	0.00601	0.00617	0.00853
14	0.01624	0.00879	0.00988	0.00814	0.01093	0.00895	0.00654	0.22559	0.01615	0.20319	0.01708	0.01760	0.01235	0.00640	0.00459	0.00145	0.00394	0.00505	0.41002	0.00713
15	0.12852	0.01104	0.01317	0.01037	0.01442	0.01093	0.07358	0.06656	0.24508	0.04889	0.01380	0.01421	0.01054	0.00543	0.00469	0.00140	0.00468	0.00450	0.00413	0.31407
16	0.01014	0.00954	0.01610	0.79845	0.03697	0.01193	0.01491	0.01371	0.01073	0.01371	0.00954	0.01431	0.00716	0.00537	0.00537	0.00179	0.00716	0.00477	0.00239	0.00596
17	0.02045	0.01438	0.01563	0.01205	0.01628	0.01574	0.00993	0.66608	0.05398	0.09934	0.01398	0.01365	0.00978	0.00649	0.00538	0.00162	0.00572	0.00493	0.00549	0.00910
18	0.00891	0.00693	0.00955	0.00989	0.07672	0.00708	0.00684	0.01126	0.01395	0.03866	0.55617	0.03466	0.08603	0.01030	0.00751	0.00176	0.09437	0.00869	0.00518	0.00553
19	0.00827	0.00635	0.00922	0.07899	0.06110	0.00704	0.00694	0.00979	0.00882	0.01228	0.01480	0.04109	0.01495	0.27941	0.41049	0.00634	0.01006	0.00646	0.00298	0.00464
20	0.01219	0.01017	0.01170	0.00845	0.01317	0.00824	0.00680	0.09894	0.01275	0.01936	0.00992	0.01133	0.00809	0.00426	0.00413	0.00089	0.00420	0.00337	0.00343	0.74861
21	0.00913	0.00479	0.00718	0.00718	0.00729	0.00490	0.00490	0.00729	0.00718	0.00968	0.00990	0.01686	0.00979	0.02112	0.10899	0.74824	0.00577	0.00479	0.00239	0.00261
22	0.01387	0.72245	0.02675	0.09951	0.01643	0.02017	0.00984	0.01580	0.01089	0.01275	0.00770	0.00926	0.00692	0.00468	0.00366	0.00122	0.00590	0.00309	0.00231	0.00678
23	0.00713	0.00794	0.09491	0.00701	0.00928	0.00554	0.00616	0.00926	0.01259	0.01619	0.19766	0.10696	0.47533	0.01234	0.00624	0.00180	0.00331	0.01047	0.00487	0.00502
24	0.00807	0.00651	0.00993	0.00861	0.01035	0.00609	0.09131	0.01068	0.01417	0.01978	0.57137	0.05094	0.09601	0.01245	0.05768	0.00217	0.00408	0.00928	0.00526	0.00524
25	0.01066	0.00616	0.00766	0.00689	0.00866	0.00554	0.00514	0.01246	0.01346	0.17061	0.35266	0.03744	0.19410	0.13370	0.00937	0.00225	0.00339	0.00890	0.00545	0.00549
26	0.01244	0.01258	0.02344	0.01755	0.02162	0.01275	0.46198	0.01875	0.17159	0.01833	0.01367	0.01609	0.01045	0.00564	0.00664	0.00179	0.06230	0.00601	0.09922	0.00715
27	0.01125	0.01256	0.10542	0.33125	0.33070	0.01172	0.01523	0.01488	0.01179	0.01632	0.07730	0.01583	0.01149	0.00560	0.00540	0.00169	0.00652	0.00512	0.00279	0.00713

[dist]
# distance from previous block
# <min> <max>
4	37

[block]
# block no. 11 follows, 45 sequences, length 7
# corresponding to MSA columns:
# 1116-1122
name=unknown_L
#
# <colnr> <probs for GDERKNQSTAVLIFYWHMCP>
#	G	D	E	R	K	N	Q	S	T	A	V	L	I	F	Y	W	H	M	C	P
0	0.00681	0.00510	0.00635	0.00697	0.00789	0.00464	0.00498	0.00824	0.01181	0.01552	0.17734	0.43239	0.22107	0.01480	0.00666	0.00201	0.00301	0.05467	0.00516	0.00457
1	0.00752	0.00515	0.00598	0.00615	0.00638	0.00503	0.00369	0.00790	0.00892	0.01188	0.07127	0.15737	0.06447	0.59113	0.02160	0.00432	0.00457	0.00929	0.00379	0.00361
2	0.00727	0.00514	0.00602	0.00642	0.00685	0.00491	0.00411	0.00785	0.00939	0.01222	0.02682	0.25270	0.14289	0.43001	0.01746	0.00371	0.00422	0.04410	0.00408	0.00384
3	0.01330	0.68684	0.02505	0.00910	0.01312	0.01895	0.00879	0.01505	0.01055	0.01260	0.00855	0.01058	0.00792	0.01023	0.12768	0.00233	0.00710	0.00333	0.00239	0.00656
4	0.01668	0.01162	0.01885	0.02559	0.53749	0.01122	0.01377	0.01952	0.01321	0.25787	0.01358	0.01485	0.01001	0.00537	0.00534	0.00162	0.00581	0.00498	0.00391	0.00870
5	0.01014	0.00954	0.01610	0.79845	0.03697	0.01193	0.01491	0.01371	0.01073	0.01371	0.00954	0.01431	0.00716	0.00537	0.00537	0.00179	0.00716	0.00477	0.00239	0.00596
6	0.01430	0.47031	0.23655	0.01138	0.01686	0.01808	0.01231	0.13284	0.01327	0.01717	0.00892	0.01004	0.00721	0.00502	0.00421	0.00137	0.00638	0.00348	0.00277	0.00753

[dist]
# distance from previous block
# <min> <max>
0	4

[block]
# block no. 12 follows, 45 sequences, length 18
# corresponding to MSA columns:
# 1127-1144
name=unknown_M
#
# <colnr> <probs for GDERKNQSTAVLIFYWHMCP>
#	G	D	E	R	K	N	Q	S	T	A	V	L	I	F	Y	W	H	M	C	P
0	0.04779	0.01296	0.01426	0.01109	0.01494	0.01393	0.00902	0.53967	0.02140	0.15978	0.01450	0.01572	0.01069	0.08048	0.00733	0.00195	0.00555	0.00514	0.00532	0.00848
1	0.15852	0.01449	0.07740	0.01286	0.01697	0.11179	0.14655	0.05325	0.13603	0.15596	0.01414	0.01563	0.01054	0.00603	0.00517	0.00169	0.00625	0.02962	0.00414	0.02295
2	0.00724	0.00500	0.00603	0.00653	0.00674	0.00484	0.00403	0.00773	0.00912	0.01215	0.04257	0.35198	0.04632	0.44500	0.01786	0.00379	0.00422	0.01100	0.00407	0.00379
3	0.01365	0.60864	0.15444	0.01240	0.08566	0.01899	0.01164	0.01627	0.01110	0.01381	0.00807	0.00950	0.00702	0.00470	0.00389	0.00128	0.00617	0.00323	0.00232	0.00721
4	0.00787	0.00583	0.00764	0.00829	0.00911	0.00605	0.00612	0.01049	0.07979	0.01435	0.02439	0.37718	0.02696	0.09313	0.17006	0.00380	0.00604	0.13367	0.00443	0.00483
5	0.00723	0.00677	0.06894	0.00820	0.00930	0.00528	0.00647	0.00887	0.01101	0.01493	0.10860	0.56770	0.03393	0.03965	0.00734	0.00221	0.00367	0.08036	0.00481	0.00474
6	0.01485	0.01221	0.01300	0.01103	0.01450	0.01364	0.00873	0.20168	0.53031	0.02477	0.01872	0.01761	0.01398	0.00682	0.00532	0.00169	0.00462	0.00554	0.00526	0.07572
7	0.00833	0.00565	0.00741	0.00688	0.00827	0.00519	0.00519	0.01084	0.01520	0.05514	0.74170	0.03913	0.04900	0.01078	0.00629	0.00169	0.00262	0.00952	0.00594	0.00524
8	0.01863	0.02155	0.01573	0.01370	0.01640	0.54669	0.03630	0.12604	0.01557	0.01609	0.00896	0.01075	0.00738	0.00649	0.00682	0.03239	0.08700	0.00392	0.00308	0.00650
9	0.01077	0.02777	0.78354	0.01530	0.02323	0.01247	0.01983	0.01700	0.01133	0.01700	0.00963	0.01133	0.00680	0.00510	0.00510	0.00170	0.00793	0.00397	0.00227	0.00793
10	0.01524	0.01549	0.01300	0.01174	0.01470	0.23210	0.00902	0.02653	0.55604	0.01983	0.01803	0.01711	0.01372	0.00679	0.00529	0.00170	0.00578	0.00533	0.00470	0.00786
11	0.02198	0.01008	0.01287	0.01015	0.01408	0.00952	0.00843	0.17437	0.01711	0.56206	0.02012	0.02088	0.01398	0.00732	0.00557	0.00172	0.00487	0.06987	0.00624	0.00877
12	0.01458	0.01133	0.01190	0.01031	0.01268	0.08817	0.00804	0.20487	0.09359	0.09894	0.03963	0.09576	0.05222	0.07641	0.09250	0.00278	0.06830	0.00667	0.00454	0.00678
13	0.01318	0.27253	0.32346	0.01515	0.08034	0.08433	0.07975	0.01748	0.03807	0.01553	0.00940	0.01106	0.00743	0.00498	0.00469	0.00150	0.00724	0.00392	0.00250	0.00746
14	0.01169	0.00949	0.01159	0.07782	0.01492	0.00813	0.00761	0.03767	0.05160	0.04579	0.01245	0.01674	0.01067	0.00544	0.00459	0.00115	0.00444	0.07155	0.00359	0.59307
15	0.01127	0.00997	0.01293	0.00924	0.01407	0.00772	0.07232	0.01384	0.01127	0.01747	0.00966	0.01142	0.00797	0.00402	0.00418	0.00088	0.00442	0.00346	0.00314	0.77076
16	0.01481	0.01565	0.07653	0.01339	0.06823	0.18396	0.06233	0.08455	0.13504	0.05365	0.03144	0.01556	0.04429	0.00596	0.00510	0.00147	0.00623	0.00485	0.00380	0.17317
17	0.01428	0.07085	0.07141	0.01280	0.01704	0.02630	0.19214	0.08485	0.01389	0.15167	0.07962	0.08895	0.01506	0.00674	0.00545	0.00157	0.00582	0.00620	0.00413	0.13122

[dist]
# distance from previous block
# <min> <max>
0	23

[block]
# block no. 13 follows, 45 sequences, length 27
# corresponding to MSA columns:
# 1168-1194
name=unknown_N
#
# <colnr> <probs for GDERKNQSTAVLIFYWHMCP>
#	G	D	E	R	K	N	Q	S	T	A	V	L	I	F	Y	W	H	M	C	P
